season,season_type,player_id,player_name,player_display_name,position,position_group,headshot_url,games,recent_team,completions,attempts,passing_yards,passing_tds,interceptions,sacks,sack_yards,sack_fumbles,sack_fumbles_lost,passing_air_yards,passing_yards_after_catch,passing_first_downs,passing_epa,passing_2pt_conversions,pacr,dakota,carries,rushing_yards,rushing_tds,rushing_fumbles,rushing_fumbles_lost,rushing_first_downs,rushing_epa,rushing_2pt_conversions,receptions,targets,receiving_yards,receiving_tds,receiving_fumbles,receiving_fumbles_lost,receiving_air_yards,receiving_yards_after_catch,receiving_first_downs,receiving_epa,receiving_2pt_conversions,racr,target_share,air_yards_share,wopr,special_teams_tds,fantasy_points,fantasy_points_ppr
1999,REG,00-0000003,,Abdul-Karim al-Jabbar,RB,RB,,13,CLE,0,0,0,0,0,0,0,0,0,0,0,0,,0,,,142,443,1,0,0,20,-18.8188039558209,0,17,22,84,1,0,0,0,0,5,1.05747716315091,0,0.0,0.054590570719603,,,0,64.7,81.7
1999,REG,00-0000007,,Rabih Abdullah,RB,RB,,4,TB,0,0,0,0,0,0,0,0,0,0,0,0,,0,,,5,12,0,0,0,1,-2.23102492745966,0,2,3,11,0,0,0,0,0,0,-2.08956361014862,0,0.0,0.0483870967741936,,,0,2.3,4.3
1999,REG,00-0000104,,Troy Aikman,QB,QB,,14,DAL,258,430,2920,17,11,19,130,5,1,0,0,124,36.2447143153628,0,0.0,0.0831820458749884,21,10,1,2,0,3,-8.84687305099214,0,0,0,0,0,0,0,0,0,0,,0,,,,,0,167.8,167.8
1999,REG,00-0000145,,Derrick Alexander,WR,WR,,16,KC,0,0,0,0,0,0,0,0,0,0,0,0,,0,,,2,82,1,0,0,1,5.45365648996085,0,54,103,832,2,0,0,0,0,31,22.7266490032293,0,0.0,0.218220338983051,,,0,109.4,163.4
1999,REG,00-0000166,,Stephen Alexander,TE,TE,,15,WAS,0,0,0,0,0,0,0,0,0,0,0,0,,0,,,0,0,0,0,0,0,,0,28,46,318,3,0,0,0,0,18,16.4150067238824,0,0.0,0.0964360587002096,,,0,49.8,77.8
1999,REG,00-0000172,,Brian Alford,WR,WR,,2,NYG,0,0,0,0,0,0,0,0,0,0,0,0,,0,,,0,0,0,0,0,0,,0,1,5,7,1,0,0,0,0,1,0.457722238381393,0,0.0,0.0609756097560976,,,0,6.7,7.7
1999,REG,00-0000210,,James Allen,RB,RB,,8,CHI,0,0,0,0,0,0,0,0,0,0,0,0,,0,,,32,119,0,0,0,6,-3.60430468190205,0,9,11,91,0,0,0,0,4,4,4.49714952800423,0,0.0,0.0774647887323944,,,0,21.0,30.0
1999,REG,00-0000232,,Terry Allen,RB,RB,,16,NE,0,0,0,0,0,0,0,0,0,0,0,0,,0,,,251,887,8,7,3,43,-49.6670045157697,0,14,19,125,1,1,1,0,0,6,0.743250488885678,0,0.0,0.0455635491606715,,,0,147.2,161.2
1999,REG,00-0000242,,John Allred,TE,TE,,11,CHI,0,0,0,0,0,0,0,0,0,0,0,0,,0,,,0,0,0,0,0,0,,0,12,16,94,1,0,0,0,10,5,0.0447527602173941,0,0.0,0.0342612419700214,,,0,15.4,27.4
1999,REG,00-0000251,,Mike Alstott,FB,RB,,16,TB,0,0,0,0,0,0,0,0,0,0,0,0,,0,,,239,956,7,5,5,47,-35.3656563355471,0,27,34,239,2,0,0,0,0,11,4.16876951326213,0,0.0,0.083743842364532,,,0,163.5,190.5
1999,REG,00-0000279,,Kimble Anders,RB,RB,,2,KC,0,0,0,0,0,0,0,0,0,0,0,0,,0,,,31,179,0,1,0,6,-0.0692548654683951,0,2,5,14,0,0,0,0,0,1,-0.305657182470895,0,0.0,0.121951219512195,,,0,19.3,21.3
1999,REG,00-0000316,,Jamal Anderson,RB,RB,,2,ATL,0,0,0,0,0,0,0,0,0,0,0,0,,0,,,19,59,0,0,0,1,-5.73720879445318,0,2,2,34,0,0,0,0,0,1,-0.24745716463076,0,0.0,0.0645161290322581,,,0,9.3,11.3
1999,REG,00-0000339,,Richie Anderson,FB,RB,,16,NYJ,0,0,0,0,0,0,0,0,0,0,0,0,,0,,,16,84,0,0,0,4,-0.252021657419391,0,29,44,302,3,0,0,0,0,14,6.75056845891346,0,0.0,0.0964912280701754,,,0,56.6,85.6
1999,REG,00-0000387,,Reidel Anthony,WR,WR,,13,TB,0,0,0,0,0,0,0,0,0,0,0,0,,0,,,1,2,0,0,0,0,-1.01640213304199,0,30,60,296,1,1,0,0,0,18,-4.79841153507742,0,0.0,0.164835164835165,,,0,35.8,65.8
1999,REG,00-0000422,,Justin Armour,WR,WR,,14,BAL,0,0,0,0,0,0,0,0,0,0,0,0,,0,,,0,0,0,0,0,0,,0,33,78,462,4,0,0,0,0,25,0.44529916312792,0,0.0,0.173719376391982,,,0,70.2,103.2
1999,REG,00-0000541,,John Avery,RB,RB,,5,DEN,0,0,0,0,0,0,0,0,0,0,0,0,,0,,,5,21,0,0,0,2,-0.430737315618899,0,4,9,24,0,0,0,0,0,1,-3.95302864754684,0,0.0,0.0833333333333333,,,0,4.5,8.5
1999,REG,00-0000552,,Obafemi Ayanbadejo,RB,RB,,1,BAL,0,0,0,0,0,0,0,0,0,0,0,0,,0,,,0,0,0,0,0,0,,0,1,1,2,0,0,0,0,0,0,-0.853837734088302,0,0.0,0.03125,,,0,0.2,1.2
1999,REG,00-0000627,,Eugene Baker,WR,WR,,3,ATL,0,0,0,0,0,0,0,0,0,0,0,0,,0,,,0,0,0,0,0,0,,0,7,14,118,0,0,0,0,0,5,3.61642285235592,0,0.0,0.141414141414141,,,0,11.8,18.8
1999,REG,00-0000721,,Tavian Banks,RB,RB,,8,JAX,0,0,0,0,0,0,0,0,0,0,0,0,,0,,,23,82,0,0,0,3,-6.10047791973921,0,14,19,137,0,0,0,0,0,6,4.68049517346543,0,0.0,0.0867579908675799,,,0,21.9,35.9
1999,REG,00-0000722,,Tony Banks,QB,QB,,11,BAL,167,318,2093,16,8,33,190,9,5,0,0,92,-31.0896711154298,0,0.0,0.0414052929121577,24,93,0,2,1,8,-5.02259737126769,0,0,0,0,0,0,0,0,0,0,,0,,,,,0,129.02,129.02
1999,REG,00-0000745,,Tiki Barber,RB,RB,,16,NYG,0,0,0,0,0,0,0,0,0,0,0,0,,0,,,60,253,0,1,0,11,-1.38937925243117,0,66,91,609,2,1,0,0,0,32,6.41545421960218,0,0.0,0.155555555555556,,,1,104.2,170.2
1999,REG,00-0000754,,Bryan Barker,P,SPEC,,1,JAX,0,0,0,0,0,0,0,0,0,0,0,0,,0,,,1,6,0,0,0,0,-2.51320685763494,0,0,0,0,0,0,0,0,0,0,,0,,,,,0,0.6,0.6
1999,REG,00-0000765,,Reggie Barlow,WR,WR,,11,JAX,0,0,0,0,0,0,0,0,0,0,0,0,,0,,,0,0,0,0,0,0,,0,16,28,202,0,1,1,0,0,10,-6.11775062926418,0,0.0,0.0769230769230769,,,1,24.2,40.2
1999,REG,00-0000811,,Tommy Barnhardt,P,SPEC,,1,NO,0,0,0,0,0,0,0,0,0,0,0,0,,0,,,1,4,0,1,0,0,-1.77879499585833,0,0,0,0,0,0,0,0,0,0,,0,,,,,0,0.4,0.4
1999,REG,00-0000849,,Mike Bartrum,LS,SPEC,,1,NE,0,0,0,0,0,0,0,0,0,0,0,0,,0,,,0,0,0,0,0,0,,0,1,1,1,1,0,0,0,0,1,1.81739354779711,0,0.0,0.0384615384615385,,,0,6.1,7.1
1999,REG,00-0000856,,Michael Basnight,RB,RB,,12,CIN,0,0,0,0,0,0,0,0,0,0,0,0,,0,,,61,305,0,1,0,12,-12.8668957910309,0,16,19,172,0,0,0,0,0,4,6.27252072351985,0,0.0,0.0671378091872792,,,0,47.7,63.7
1999,REG,00-0000865,,Charlie Batch,QB,QB,,11,DET,149,267,1908,13,7,36,186,4,1,0,0,88,-18.4136848721601,1,0.0,0.0472498600440526,28,87,2,0,0,8,7.50772977602901,0,0,0,0,0,0,0,0,0,0,,0,,,,,0,135.02,135.02
1999,REG,00-0000869,,D'Wayne Bates,WR,WR,,4,CHI,0,0,0,0,0,0,0,0,0,0,0,0,,0,,,0,0,0,0,0,0,,0,2,7,19,0,0,0,0,0,1,-1.03186944150366,0,0.0,0.0395480225988701,,,0,1.9,3.9
1999,REG,00-0000871,,Mario Bates,RB,RB,,10,ARI,0,0,0,0,0,0,0,0,0,0,0,0,,0,,,72,202,9,0,0,23,2.72620871234648,0,5,7,34,0,0,0,0,0,2,-0.809647201152984,0,0.0,0.0482758620689655,,,0,77.6,82.6
1999,REG,00-0000872,,Michael Bates,WR,WR,,5,CAR,0,0,0,0,0,0,0,0,0,0,0,0,,0,,,3,12,0,0,0,1,-0.405698451620992,0,1,1,2,0,0,0,0,0,0,-0.386554871220142,0,0.0,0.0333333333333333,,,2,13.4,14.4
1999,REG,00-0000883,,Marco Battaglia,TE,TE,,11,CIN,0,0,0,0,0,0,0,0,0,0,0,0,,0,,,0,0,0,0,0,0,,0,14,27,153,0,0,0,0,0,6,-0.286812040751101,0,0.0,0.0741758241758242,,,0,15.3,29.3
1999,REG,00-0000911,,Fred Baxter,TE,TE,,10,NYJ,0,0,0,0,0,0,0,0,0,0,0,0,,0,,,0,0,0,0,0,0,,0,8,17,66,2,0,0,0,0,5,-0.0661893543948211,0,0.0,0.0566666666666667,,,0,18.6,26.6
1999,REG,00-0000942,,Fred Beasley,RB,RB,,13,SF,0,0,0,0,0,0,0,0,0,0,0,0,,0,,,58,276,4,2,2,18,-1.46671296710649,0,32,51,282,0,0,0,0,29,16,3.92402183111877,0,0.0,0.114349775784753,,,0,75.8,107.8
1999,REG,00-0000969,,Brett Bech,WR,WR,,6,NO,0,0,0,0,0,0,0,0,0,0,0,0,,0,,,0,0,0,0,0,0,,0,4,8,65,1,0,0,0,8,4,6.302335154498,1,0.0,0.0394088669950739,,,0,14.5,18.5
1999,REG,00-0001101,,Darren Bennett,P,SPEC,,1,LAC,0,0,0,0,0,0,0,0,0,0,0,0,,0,,,1,0,0,0,0,0,-4.25353454449214,0,0,0,0,0,0,0,0,0,0,,0,,,,,0,0.0,0.0
1999,REG,00-0001102,,Donnell Bennett,FB,RB,,13,KC,0,0,0,0,0,0,0,0,0,0,0,0,,0,,,159,625,8,1,1,38,-3.34926618020032,0,10,12,41,0,0,0,0,0,2,-0.860401264944812,0,0.0,0.0745341614906832,,,0,112.6,122.6
1999,REG,00-0001103,,Edgar Bennett,RB,RB,,12,CHI,0,0,0,0,0,0,0,0,0,0,0,0,,0,,,6,28,0,0,0,1,0.056101136491634,0,14,21,116,0,1,1,0,36,5,-0.449086637352593,0,0.0,0.0442105263157895,,,0,12.4,26.4
1999,REG,00-0001112,,Sean Bennett,RB,RB,,8,NYG,0,0,0,0,0,0,0,0,0,0,0,0,,0,,,29,126,1,0,0,5,-5.06397295398397,0,4,8,27,0,0,0,0,0,1,-1.98198761924868,0,0.0,0.0601503759398496,,,0,21.3,25.3
1999,REG,00-0001215,,Jerome Bettis,RB,RB,,16,PIT,1,1,21,1,0,0,0,0,0,0,0,1,2.98806506954134,0,0.0,,296,1082,7,2,1,64,-18.1234247241971,0,21,28,110,0,0,0,0,21,2,-3.44116118969396,0,0.0,0.0637813211845103,,,0,164.04,185.04
1999,REG,00-0001218,,Steve Beuerlein,QB,QB,,16,CAR,340,565,4413,36,14,49,274,8,4,0,0,206,85.1015774592842,0,0.0,0.111188385904292,24,105,1,3,3,5,-13.3405706321672,0,0,0,0,0,0,0,0,0,0,,0,,,,,0,295.02,295.02
1999,REG,00-0001224,,Tim Biakabutuka,RB,RB,,11,CAR,0,0,0,0,0,0,0,0,0,0,0,0,,0,,,138,718,6,2,1,27,-3.28826859768014,0,23,29,189,0,1,0,0,3,9,4.89246175132575,0,0.0,0.0753246753246753,,,0,124.7,147.7
1999,REG,00-0001233,,Eric Bieniemy,RB,RB,,5,PHI,0,0,0,0,0,0,0,0,0,0,0,0,,0,,,12,75,1,0,0,4,6.11609616258647,0,2,2,28,0,0,0,0,0,1,2.27431540330872,0,0.0,0.032258064516129,,,0,16.3,18.3
1999,REG,00-0001281,,Eric Bjornson,TE,TE,,9,DAL,0,0,0,0,0,0,0,0,0,0,0,0,,0,,,1,20,1,0,0,1,4.85085382574471,0,10,18,131,0,0,0,0,0,6,6.26802434440469,0,0.0,0.0640569395017794,,,0,21.1,31.1
1999,REG,00-0001317,,Will Blackwell,WR,WR,,10,PIT,0,0,0,0,0,0,0,0,0,0,0,0,,0,,,0,0,0,0,0,0,,0,20,36,186,0,1,0,0,0,11,-9.38967393005807,0,0.0,0.116129032258065,,,0,18.6,38.6
1999,REG,00-0001335,,Jeff Blake,QB,QB,,14,CIN,211,383,2630,15,12,30,168,6,4,0,0,123,-18.4419654657403,2,0.0,0.0596357798372999,59,315,2,4,1,23,13.8554248937624,0,0,0,0,0,0,0,0,0,0,,0,,,,,0,178.7,178.7
1999,REG,00-0001361,,Drew Bledsoe,QB,QB,,16,NE,303,533,3969,19,21,55,342,6,2,0,0,183,-26.0752126612214,0,0.0,0.0415487556262504,42,101,0,0,0,11,-1.08839711654866,0,0,0,0,0,0,0,0,0,0,,0,,,,,0,198.86,198.86
1999,REG,00-0001397,,Orlando Bobo,G,OL,,1,CLE,0,0,0,0,0,0,0,0,0,0,0,0,,0,,,0,0,0,0,0,0,,0,1,1,3,0,0,0,0,0,0,-0.309316847007722,0,0.0,0.0384615384615385,,,0,0.3,1.3
1999,REG,00-0001471,,Steve Bono,QB,QB,,1,CAR,0,1,0,0,0,0,0,0,0,0,0,0,-0.875718868803233,0,,,2,-2,0,0,0,0,0.0,0,0,0,0,0,0,0,0,0,0,,0,,,,,0,-0.2,-0.2
1999,REG,00-0001477,,Marty Booker,WR,WR,,8,CHI,0,0,0,0,0,0,0,0,0,0,0,0,,0,,,1,8,0,0,0,0,0.456417934969068,0,19,33,219,3,0,0,0,150,9,5.58419443212379,0,0.0,0.0985074626865672,,,0,40.7,59.7
1999,REG,00-0001525,,James Bostic,RB,RB,,5,PHI,0,0,0,0,0,0,0,0,0,0,0,0,,0,,,5,19,0,2,1,0,-3.83301195618697,0,5,7,8,0,0,0,0,0,2,-4.26168520841748,0,0.0,0.12280701754386,,,0,0.7,5.7
1999,REG,00-0001532,,David Boston,WR,WR,,15,ARI,0,0,0,0,0,0,0,0,0,0,0,0,,0,,,5,0,0,0,0,0,-2.57101092318771,0,40,81,473,2,1,0,0,0,21,1.17245852511712,0,0.0,0.158512720156556,,,0,59.3,99.3
1999,REG,00-0001582,,Fabien Bownes,WR,WR,,4,SEA,0,0,0,0,0,0,0,0,0,0,0,0,,0,,,1,-14,0,0,0,0,-2.47063598642126,0,4,6,68,1,0,0,0,0,2,4.3596981686157,0,0.0,0.0625,,,0,11.4,15.4
1999,REG,00-0001627,,Corey Bradford,WR,WR,,16,GB,0,0,0,0,0,0,0,0,0,0,0,0,,0,,,0,0,0,0,0,0,,0,36,89,623,5,1,0,0,0,24,-0.693934613349669,1,0.0,0.153448275862069,,,0,94.3,130.3
1999,REG,00-0001661,,Kyle Brady,TE,TE,,13,JAX,0,0,0,0,0,0,0,0,0,0,0,0,,0,,,0,0,0,0,0,0,,0,32,51,346,1,0,0,0,0,15,5.48289168711164,1,0.0,0.119158878504673,,,0,42.6,74.6
1999,REG,00-0001719,,Chris Brazzell,WR,WR,,4,DAL,0,0,0,0,0,0,0,0,0,0,0,0,,0,,,0,0,0,0,0,0,,0,5,11,114,0,0,0,0,0,4,0.774354143307393,0,0.0,0.0797101449275362,,,0,11.4,16.4
1999,REG,00-0001766,,Jeremy Brigham,TE,TE,,9,LV,0,0,0,0,0,0,0,0,0,0,0,0,,0,,,0,0,0,0,0,0,,0,8,16,108,0,0,0,0,0,4,1.76709295920199,0,0.0,0.0524590163934426,,,0,10.8,18.8
1999,REG,00-0001783,,Vincent Brisby,WR,WR,,11,NE,0,0,0,0,0,0,0,0,0,0,0,0,,0,,,0,0,0,0,0,0,,0,18,33,266,0,0,0,0,0,13,7.14739760540995,0,0.0,0.0962099125364431,,,0,26.6,44.6
1999,REG,00-0001785,,Bubby Brister,QB,QB,,2,DEN,12,20,87,0,3,0,0,0,0,0,0,7,-7.39093096472789,0,0.0,0.0252493974161249,2,17,0,0,0,1,-0.744824297609739,0,0,0,0,0,0,0,0,0,0,,0,,,,,0,-0.82,-0.82
1999,REG,00-0001842,,Macey Brooks,WR,WR,,9,CHI,0,0,0,0,0,0,0,0,0,0,0,0,,0,,,1,7,0,0,0,0,0.315061480272561,0,14,27,160,0,0,0,0,0,10,-9.57551480776291,0,0.0,0.0723860589812333,,,0,16.7,30.7
1999,REG,00-0001862,,Luther Broughton,TE,TE,,16,PHI,0,0,0,0,0,0,0,0,0,0,0,0,,0,,,0,0,0,0,0,0,,0,26,45,295,4,0,0,0,15,18,15.4066816790171,0,0.0,0.0993377483443709,,,0,53.5,79.5
1999,REG,00-0001907,,Dave Brown,QB,QB,,8,ARI,84,168,944,2,5,18,130,4,1,0,0,39,-40.5486288032029,0,0.0,0.0246152818230044,13,49,0,0,0,5,4.32738966331817,0,0,0,0,0,0,0,0,0,0,,0,,,,,0,38.66,38.66
1999,REG,00-0001919,,Derek Brown,TE,TE,,1,ARI,0,0,0,0,0,0,0,0,0,0,0,0,,0,,,0,0,0,0,0,0,,0,0,1,0,0,0,0,0,0,0,-0.836657946929336,0,,0.037037037037037,,,0,0.0,0.0
1999,REG,00-0001938,,Gary Brown,RB,RB,,3,NYG,0,0,0,0,0,0,0,0,0,0,0,0,,0,,,53,170,0,1,0,10,-10.2167549220612,0,2,2,2,0,0,0,0,0,0,-0.992232035379857,0,0.0,0.0263157894736842,,,0,17.2,19.2
1999,REG,00-0002005,,Na Brown,WR,WR,,8,PHI,0,0,0,0,0,0,0,0,0,0,0,0,,0,,,0,0,0,0,0,0,,0,18,36,188,1,0,0,0,3,9,-1.98942034002723,0,0.0,0.148148148148148,,,0,24.8,42.8
1999,REG,00-0002027,,Reggie Brown,FB,RB,,14,SEA,0,0,0,0,0,0,0,0,0,0,0,0,,0,,,14,38,0,1,1,1,-10.4784593844088,0,33,46,225,1,0,0,0,0,10,-0.511640411303792,0,0.0,0.105504587155963,,,0,30.3,63.3
1999,REG,00-0002058,,Tim Brown,WR,WR,,16,LV,0,0,0,0,0,0,0,0,0,0,0,0,,0,,,1,4,0,0,0,0,-0.108288102317601,0,89,143,1335,6,0,0,0,13,64,61.6550377583064,0,0.0,0.283730158730159,,,0,169.9,258.9
1999,REG,00-0002068,,Troy Brown,WR,WR,,12,NE,0,1,0,0,0,0,0,0,0,0,0,0,-0.36758647300303,0,,,0,0,0,0,0,0,,0,36,56,471,1,0,0,0,0,23,14.0384382440887,0,0.0,0.141414141414141,,,0,53.1,89.1
1999,REG,00-0002099,,Isaac Bruce,WR,WR,,15,LA,0,0,0,0,0,0,0,0,0,0,0,0,,0,,,4,28,0,0,0,3,3.24250882677734,0,68,107,1026,11,0,0,0,31,49,58.771727891498,1,0.0,0.226215644820296,,,0,173.4,241.4
1999,REG,00-0002102,,Mark Bruener,TE,TE,,13,PIT,0,0,0,0,0,0,0,0,0,0,0,0,,0,,,0,0,0,0,0,0,,0,18,34,176,0,0,0,0,2,6,-9.28450526401866,0,0.0,0.0788863109048724,,,0,17.6,35.6
1999,REG,00-0002110,,Mark Brunell,QB,QB,,15,JAX,259,438,3060,14,8,29,174,3,1,0,0,154,59.1648940755143,2,0.0,0.105857471547453,44,186,1,3,0,17,12.7994720277784,1,0,0,0,0,0,0,0,0,0,,0,,,,,0,191.0,191.0
1999,REG,00-0002380,,Steve Bush,RB,RB,,1,CIN,0,0,0,0,0,0,0,0,0,0,0,0,,0,,,0,0,0,0,0,0,,0,1,1,4,0,0,0,0,0,0,-0.105564543278888,0,0.0,0.0256410256410256,,,0,0.4,1.4
1999,REG,00-0002459,,Kenny Bynum,RB,RB,,14,LAC,0,0,0,0,0,0,0,0,0,0,0,0,,0,,,92,287,1,1,1,18,-20.5465073183506,0,16,23,209,2,2,0,0,0,6,7.55904814880341,0,0.0,0.0633608815426997,,,0,65.6,81.6
1999,REG,00-0002469,,Isaac Byrd,WR,WR,,11,TEN,0,0,0,0,0,0,0,0,0,0,0,0,,0,,,0,0,0,0,0,0,,0,14,25,261,2,1,1,0,0,8,5.18956011312548,0,0.0,0.0733137829912024,,,0,36.1,50.1
1999,REG,00-0002544,,Chris Calloway,WR,WR,,11,ATL,0,0,0,0,0,0,0,0,0,0,0,0,,0,,,0,0,0,0,0,0,,0,22,43,314,1,0,0,0,11,18,7.34687388909515,0,0.0,0.13030303030303,,,0,37.4,59.4
1999,REG,00-0002565,,Dan Campbell,TE,TE,,1,NYG,0,0,0,0,0,0,0,0,0,0,0,0,,0,,,0,0,0,0,0,0,,0,0,1,0,0,0,0,0,0,0,-0.421457342687063,0,,0.027027027027027,,,0,0.0,0.0
1999,REG,00-0002586,,Mark Campbell,TE,TE,,9,CLE,0,0,0,0,0,0,0,0,0,0,0,0,,0,,,0,0,0,0,0,0,,0,9,15,131,0,0,0,0,0,9,9.56967821030412,0,0.0,0.0541516245487365,,,0,13.1,22.1
1999,REG,00-0002701,,Rae Carruth,WR,WR,,5,CAR,0,0,0,0,0,0,0,0,0,0,0,0,,0,,,1,4,0,0,0,1,0.202718513552099,0,13,25,184,0,0,0,0,0,8,2.3201500698342,0,0.0,0.158227848101266,,,0,18.8,31.8
1999,REG,00-0002709,,Dwayne Carswell,G,OL,,13,DEN,0,0,0,0,0,0,0,0,0,0,0,0,,0,,,0,0,0,0,0,0,,0,24,38,201,2,0,0,0,0,12,8.85397173109232,0,0.0,0.0885780885780886,,,0,32.1,56.1
1999,REG,00-0002713,,Tony Carter,RB,RB,,11,NE,0,0,0,0,0,0,0,0,0,0,0,0,,0,,,6,26,0,0,0,2,0.561149019107688,0,19,30,104,0,0,0,0,0,4,-8.97738418867812,0,0.0,0.0854700854700855,,,0,13.0,32.0
1999,REG,00-0002721,,Cris Carter,WR,WR,,15,MIN,0,0,0,0,0,0,0,0,0,0,0,0,,0,,,0,0,0,0,0,0,,0,87,132,1194,12,0,0,0,80,64,64.7931998335862,0,0.0,0.280254777070064,,,0,191.4,278.4
1999,REG,00-0002743,,Ki-Jana Carter,RB,RB,,3,CIN,0,0,0,0,0,0,0,0,0,0,0,0,,0,,,6,15,1,0,0,1,0.0453843513387255,0,3,6,24,0,0,0,0,0,1,-1.97877457700088,0,0.0,0.0571428571428571,,,0,9.9,12.9
1999,REG,00-0002787,,Stoney Case,QB,QB,,10,BAL,76,168,975,3,8,17,116,1,1,0,0,41,-49.0547555155721,0,0.0,0.0291061280175231,35,140,2,1,1,10,-2.59106952440351,0,0,0,0,0,0,0,0,0,0,,0,,,,,0,57.0,57.0
1999,REG,00-0002846,,Larry Centers,FB,RB,,16,WAS,0,0,0,0,0,0,0,0,0,0,0,0,,0,,,13,51,0,0,0,3,-1.12017144080754,0,69,90,544,3,2,0,0,0,31,21.3046297508646,0,0.0,0.174081237911025,,,0,77.5,146.5
1999,REG,00-0002861,,Byron Chamberlain,TE,TE,,14,DEN,0,0,0,0,0,0,0,0,0,0,0,0,,0,,,0,0,0,0,0,0,,0,32,57,488,2,0,0,0,0,18,18.4599972313627,0,0.0,0.119246861924686,,,0,60.8,92.8
1999,REG,00-0002873,,Robert Chancey,RB,RB,,1,DAL,0,0,0,0,0,0,0,0,0,0,0,0,,0,,,14,57,0,0,0,3,-1.01312830823008,0,0,0,0,0,0,0,0,0,0,,0,,,,,0,5.7,5.7
1999,REG,00-0002876,,Chris Chandler,QB,QB,,12,ATL,173,304,2335,16,11,32,230,2,2,0,0,113,-5.57408144364646,0,0.0,0.0642221298203649,15,46,1,5,0,5,-6.56851827038918,0,0,0,0,0,0,0,0,0,0,,0,,,,,0,142.0,142.0
1999,REG,00-0002942,,Darrin Chiaverini,WR,WR,,13,CLE,0,0,0,0,0,0,0,0,0,0,0,0,,0,,,0,0,0,0,0,0,,0,42,74,453,4,0,0,0,7,24,16.2523853058456,0,0.0,0.191709844559585,,,0,69.3,111.3
1999,REG,00-0002958,,Mark Chmura,TE,TE,,2,GB,0,0,0,0,0,0,0,0,0,0,0,0,,0,,,0,0,0,0,0,0,,0,5,9,55,0,0,0,0,0,3,-1.14565561409108,0,0.0,0.108433734939759,,,0,5.5,10.5
1999,REG,00-0002962,,Wayne Chrebet,WR,WR,,11,NYJ,0,0,0,0,0,0,0,0,0,0,0,0,,0,,,0,0,0,0,0,0,,0,47,79,622,3,0,0,0,0,26,20.681513279472,0,0.0,0.257328990228013,,,0,80.2,127.2
1999,REG,00-0002970,,Bob Christian,FB,RB,,16,ATL,0,0,0,0,0,0,0,0,0,0,0,0,,0,,,38,174,5,0,0,15,13.1983969362918,0,40,62,354,2,1,1,0,0,17,-3.28800881208797,0,0.0,0.135076252723312,,,0,92.8,132.8
1999,REG,00-0002985,,Pete Chryplewicz,TE,TE,,1,DET,0,0,0,0,0,0,0,0,0,0,0,0,,0,,,0,0,0,0,0,0,,0,2,2,18,0,0,0,0,0,0,0.220367437927052,0,0.0,0.0571428571428571,,,0,1.8,3.8
1999,REG,00-0003035,,Desmond Clark,TE,TE,,1,DEN,0,0,0,0,0,0,0,0,0,0,0,0,,0,,,0,0,0,0,0,0,,0,1,1,5,0,0,0,0,0,0,-0.0523479067778681,0,0.0,0.0344827586206897,,,0,0.5,1.5
1999,REG,00-0003039,,Greg Clark,TE,TE,,11,SF,0,0,0,0,0,0,0,0,0,0,0,0,,0,,,0,0,0,0,0,0,,0,33,54,329,0,1,0,0,7,23,-2.60626083541459,0,0.0,0.141361256544503,,,0,32.9,65.9
1999,REG,00-0003103,,Cameron Cleeland,TE,TE,,11,NO,0,0,0,0,0,0,0,0,0,0,0,0,,0,,,0,0,0,0,0,0,,0,26,47,325,1,1,0,0,15,16,10.0631622188201,1,0.0,0.121447028423773,,,0,40.5,66.5
1999,REG,00-0003128,,Tony Cline,TE,TE,,3,SF,0,0,0,0,0,0,0,0,0,0,0,0,,0,,,0,0,0,0,0,0,,0,4,5,45,0,0,0,0,0,2,0.721559523986552,0,0.0,0.05,,,0,4.5,8.5
1999,REG,00-0003136,,Mike Cloud,RB,RB,,8,KC,0,0,0,0,0,0,0,0,0,0,0,0,,0,,,35,128,0,0,0,7,-2.159326778783,0,3,3,25,0,0,0,0,0,1,1.15775118733291,0,0.0,0.0476190476190476,,,0,15.3,18.3
1999,REG,00-0003142,,Ben Coates,TE,TE,,15,NE,0,0,0,0,0,0,0,0,0,0,0,0,,0,,,0,0,0,0,0,0,,0,32,63,370,2,0,0,0,0,20,-15.3739248814112,0,0.0,0.128309572301426,,,0,49.0,81.0
1999,REG,00-0003175,,Mac Cody,WR,WR,,6,ARI,0,0,0,0,0,0,0,0,0,0,0,0,,0,,,0,0,0,0,0,0,,0,6,11,60,1,0,0,0,0,4,0.659354530391283,0,0.0,0.0472103004291846,,,0,12.0,18.0
1999,REG,00-0003266,,Bobby Collins,TE,TE,,9,BUF,0,0,0,0,0,0,0,0,0,0,0,0,,0,,,0,0,0,0,0,0,,0,9,19,124,2,0,0,0,0,8,2.52396947832312,0,0.0,0.0714285714285714,,,0,24.4,33.4
1999,REG,00-0003271,,Cecil Collins,RB,RB,,8,MIA,0,0,0,0,0,0,0,0,0,0,0,0,,0,,,131,414,2,2,1,20,-32.5161869741568,0,6,8,32,0,0,0,0,0,0,-0.779647319810465,0,0.0,0.0465116279069768,,,0,54.6,60.6
1999,REG,00-0003292,,Kerry Collins,QB,QB,,10,NYG,190,328,2318,8,10,16,112,5,3,0,0,116,-7.13681243280921,0,0.0,0.0519016031716862,19,36,2,6,3,6,-14.8485850747675,1,0,0,0,0,0,0,0,0,0,,0,,,,,0,110.32,110.32
1999,REG,00-0003310,,Ryan Collins,TE,TE,,4,BAL,0,0,0,0,0,0,0,0,0,0,0,0,,0,,,0,0,0,0,0,0,,0,4,9,62,0,0,0,0,0,2,-0.461858128837775,0,0.0,0.0737704918032787,,,0,6.2,10.2
1999,REG,00-0003344,,Greg Comella,RB,RB,,4,NYG,0,0,0,0,0,0,0,0,0,0,0,0,,0,,,1,0,0,0,0,0,-0.396635977202095,0,8,10,39,0,0,0,0,0,2,0.154199145326857,0,0.0,0.0598802395209581,,,0,3.9,11.9
1999,REG,00-0003378,,Albert Connell,WR,WR,,15,WAS,0,0,0,0,0,0,0,0,0,0,0,0,,0,,,1,8,0,0,0,1,0.646357990102843,0,61,120,1121,7,1,1,0,0,41,35.4335398150099,0,0.0,0.241448692152918,,,0,152.9,213.9
1999,REG,00-0003395,,Brett Conway,K,SPEC,,1,WAS,0,1,0,0,0,0,0,0,0,0,0,0,-1.3680409649387,0,,,0,0,0,0,0,0,,0,0,0,0,0,0,0,0,0,0,,0,,,,,0,0.0,0.0
1999,REG,00-0003396,,Curtis Conway,WR,WR,,9,CHI,0,0,0,0,0,0,0,0,0,0,0,0,,0,,,1,-2,0,0,0,0,-0.717840055236593,0,42,77,412,4,2,1,0,3,23,0.510318939164857,0,0.0,0.215686274509804,,,0,63.0,105.0
1999,REG,00-0003400,,Ernie Conwell,TE,TE,,2,LA,0,0,0,0,0,0,0,0,0,0,0,0,,0,,,0,0,0,0,0,0,,0,1,3,11,0,0,0,0,0,1,-0.285708017763682,0,0.0,0.0384615384615385,,,0,1.1,2.1
1999,REG,00-0003441,,Andre Cooper,WR,WR,,7,DEN,0,0,0,0,0,0,0,0,0,0,0,0,,0,,,0,0,0,0,0,0,,0,9,17,98,0,0,0,0,0,3,-3.33909218582037,0,0.0,0.0794392523364486,,,0,9.8,18.8
1999,REG,00-0003535,,Tim Couch,QB,QB,,15,CLE,219,391,2409,15,12,56,359,7,5,0,0,105,-70.1721013482093,0,0.0,0.0249021358350673,38,256,1,7,1,15,4.66031645520707,1,0,0,0,0,0,0,0,0,0,,0,,,,,0,153.96,153.96
1999,REG,00-0003557,,Scott Covington,QB,QB,,3,CIN,4,5,23,0,0,0,0,0,0,0,0,1,-0.892127092170995,0,0.0,0.0247641511945497,2,-4,0,0,0,0,0.0,0,0,0,0,0,0,0,0,0,0,,0,,,,,0,0.52,0.52
1999,REG,00-0003597,,Jason Craft,CB,DB,,1,JAX,0,0,0,0,0,0,0,0,0,0,0,0,,0,,,0,0,0,0,0,0,,0,0,0,0,0,0,0,0,0,0,,0,,,,,1,6.0,6.0
1999,REG,00-0003610,,Aaron Craver,FB,RB,,11,NO,0,0,0,0,0,0,0,0,0,0,0,0,,0,,,16,37,0,1,1,2,-9.03228702722117,0,19,42,154,0,0,0,0,12,6,-27.2216527453296,0,0.0,0.137254901960784,,,0,17.1,36.1
1999,REG,00-0003619,,Keith Crawford,DB,DB,,1,GB,0,0,0,0,0,0,0,0,0,0,0,0,,0,,,0,0,0,0,0,0,,0,1,1,14,0,0,0,0,0,0,0.344626090023667,0,0.0,0.0285714285714286,,,0,1.4,2.4
1999,REG,00-0003663,,Zack Crockett,RB,RB,,11,LV,0,0,0,0,0,0,0,0,0,0,0,0,,0,,,45,91,4,0,0,17,-6.86155959523837,0,8,12,56,1,0,0,0,0,2,-2.00767020028199,0,0.0,0.055045871559633,,,0,44.7,52.7
1999,REG,00-0003681,,Howard Cross,TE,TE,,13,NYG,0,0,0,0,0,0,0,0,0,0,0,0,,0,,,0,0,0,0,0,0,,0,9,18,55,0,0,0,0,0,2,-2.53944148757728,0,0.0,0.038135593220339,,,0,5.5,14.5
1999,REG,00-0003700,,Germane Crowell,WR,WR,,16,DET,0,0,0,0,0,0,0,0,0,0,0,0,,0,,,5,38,0,0,0,2,2.51349903497612,0,81,147,1338,7,1,1,0,12,55,40.7977240849975,1,0.0,0.272727272727273,,,0,179.6,260.6
1999,REG,00-0003715,,Carlester Crumpler,TE,TE,,3,MIN,0,0,0,0,0,0,0,0,0,0,0,0,,0,,,0,0,0,0,0,0,,0,2,4,35,1,0,0,0,0,1,2.71081379195675,0,0.0,0.037037037037037,,,0,9.5,11.5
1999,REG,00-0003739,,Daunte Culpepper,QB,QB,,1,MIN,0,0,0,0,0,0,0,0,0,0,0,0,,0,,,3,6,0,1,0,1,0.597449690219946,0,0,0,0,0,0,0,0,0,0,,0,,,,,0,0.6,0.6
1999,REG,00-0003761,,Randall Cunningham,QB,QB,,6,MIN,122,195,1436,8,9,15,101,1,1,0,0,69,1.86650461920403,0,0.0,0.0788382534002569,8,58,0,1,1,5,0.165061440551654,0,0,0,0,0,0,0,0,0,0,,0,,,,,0,73.24,73.24
1999,REG,00-0003803,,Matt Cushing,TE,TE,,3,PIT,0,0,0,0,0,0,0,0,0,0,0,0,,0,,,0,0,0,0,0,0,,0,2,6,29,0,0,0,0,0,1,-5.58717967008124,0,0.0,0.058252427184466,,,0,2.9,4.9
1999,REG,00-0003944,,Billy Davis,WR,WR,,7,BAL,0,0,0,0,0,0,0,0,0,0,0,0,,0,,,0,0,0,0,0,0,,0,6,15,121,0,0,0,0,0,4,6.2478335740839,0,0.0,0.0669642857142857,,,0,12.1,18.1
1999,REG,00-0004004,,John Davis,TE,TE,,2,TB,0,0,0,0,0,0,0,0,0,0,0,0,,0,,,0,0,0,0,0,0,,0,2,2,7,1,0,0,0,0,1,1.66705250949599,0,0.0,0.0392156862745098,,,0,6.7,8.7
1999,REG,00-0004052,,Stephen Davis,RB,RB,,14,WAS,0,0,0,0,0,0,0,0,0,0,0,0,,0,,,282,1366,17,3,1,82,51.1765612984408,1,22,27,111,0,1,0,0,0,5,-1.37267231545411,0,0.0,0.074585635359116,,,0,249.7,271.7
1999,REG,00-0004054,,Terrell Davis,RB,RB,,4,DEN,0,0,0,0,0,0,0,0,0,0,0,0,,0,,,67,211,2,1,1,11,-14.250094367557,0,3,3,26,0,0,0,0,0,2,3.06355582445394,0,0.0,0.0441176470588235,,,0,33.7,36.7
1999,REG,00-0004060,,Troy Davis,RB,RB,,6,NO,0,0,0,0,0,0,0,0,0,0,0,0,,0,,,20,32,0,0,0,2,-4.53878455873928,0,5,13,49,0,0,0,0,18,2,-4.96148428122979,0,0.0,0.0849673202614379,,,0,8.1,13.1
1999,REG,00-0004063,,Tyrone Davis,TE,TE,,15,GB,0,0,0,0,0,0,0,0,0,0,0,0,,0,,,0,0,0,0,0,0,,0,20,45,204,2,0,0,0,0,11,-6.72265671398702,0,0.0,0.0824175824175824,,,0,32.4,52.4
1999,REG,00-0004071,,Zola Davis,WR,WR,,4,CLE,0,0,0,0,0,0,0,0,0,0,0,0,,0,,,0,0,0,0,0,0,,0,2,8,38,0,0,0,0,0,2,0.758071120391833,0,0.0,0.0575539568345324,,,0,3.8,5.8
1999,REG,00-0004077,,Sean Dawkins,WR,WR,,16,SEA,0,0,0,0,0,0,0,0,0,0,0,0,,0,,,0,0,0,0,0,0,,0,58,114,992,7,1,1,0,0,51,35.8192695459805,0,0.0,0.228915662650602,,,0,139.2,197.2
1999,REG,00-0004079,,Lawrence Dawsey,WR,WR,,8,NO,0,0,0,0,0,0,0,0,0,0,0,0,,0,,,0,0,0,0,0,0,,0,16,33,196,1,0,0,0,0,8,-3.57939738442834,0,0.0,0.118705035971223,,,0,25.6,41.6
1999,REG,00-0004091,P.Dawson,Phil Dawson,K,SPEC,"https://static.www.nfl.com/image/private/f_auto,q_auto/league/dypn7kf7fsaz30ey0ayc",1,CLE,0,0,0,0,0,0,0,0,0,0,0,0,,0,,,1,4,1,0,0,1,4.09166820941027,0,0,0,0,0,0,0,0,0,0,,0,,,,,0,6.4,6.4
1999,REG,00-0004161,,Jake Delhomme,QB,QB,,2,NO,42,76,521,3,5,5,34,1,1,0,0,24,-15.6144144801249,0,0.0,0.0373202648717477,11,72,2,0,0,6,10.8095236092922,0,0,0,0,0,0,0,0,0,0,,0,,,,,0,40.04,40.04
1999,REG,00-0004172,,Greg DeLong,TE,TE,,10,BAL,0,0,0,0,0,0,0,0,0,0,0,0,,0,,,0,0,0,0,0,0,,0,12,20,47,1,0,0,0,0,2,-1.07306885144768,0,0.0,0.0591715976331361,,,0,10.7,22.7
1999,REG,00-0004200,,Autry Denson,RB,RB,,3,MIA,0,0,0,0,0,0,0,0,0,0,0,0,,0,,,28,98,0,0,0,6,-4.53732040908653,0,4,5,28,0,0,0,0,0,1,2.85912386584096,0,0.0,0.0602409638554217,,,0,12.6,16.6
1999,REG,00-0004229,,Koy Detmer,QB,QB,,1,PHI,10,28,181,3,2,0,0,0,0,0,0,7,-3.04654052696294,0,0.0,0.0248401416084164,2,-2,0,0,0,0,-0.139455916709267,0,0,0,0,0,0,0,0,0,0,,0,,,,,0,15.04,15.04
1999,REG,00-0004230,,Ty Detmer,QB,QB,,5,CLE,47,91,548,4,2,4,26,0,0,0,0,27,-2.99898474063957,0,0.0,0.0592696912140508,6,38,1,0,0,4,3.29576238285517,0,0,0,0,0,0,0,0,0,0,,0,,,,,0,43.72,43.72
1999,REG,00-0004293,,Trent Dilfer,QB,QB,,10,TB,145,242,1610,11,10,26,189,5,4,0,0,78,-34.9442471159509,0,0.0,0.0324761781928454,34,143,0,1,1,13,6.048480507161,0,0,0,0,0,0,0,0,0,0,,0,,,,,0,92.7,92.7
1999,REG,00-0004294,,Ken Dilger,TE,TE,,15,IND,0,0,0,0,0,0,0,0,0,0,0,0,,0,,,0,0,0,0,0,0,,0,40,51,479,2,1,0,0,0,28,25.1919000541181,0,0.0,0.101391650099404,,,0,59.9,99.9
1999,REG,00-0004304,,Corey Dillon,RB,RB,,15,CIN,0,0,0,0,0,0,0,0,0,0,0,0,,0,,,258,1172,5,3,2,59,-14.3637345214783,0,28,46,260,1,0,0,0,0,12,2.89614116901066,0,0.0,0.0918163672654691,,,0,175.2,203.2
1999,REG,00-0004386,,Chris Doering,WR,WR,,3,DEN,0,0,0,0,0,0,0,0,0,0,0,0,,0,,,0,0,0,0,0,0,,0,3,5,22,0,0,0,0,0,2,2.56178187229671,0,0.0,0.0526315789473684,,,0,2.2,5.2
1999,REG,00-0004463,,Dameane Douglas,WR,WR,,8,PHI,0,0,0,0,0,0,0,0,0,0,0,0,,0,,,0,0,0,0,0,0,,0,8,16,79,1,0,0,0,0,2,0.308959457615856,0,0.0,0.0661157024793388,,,0,13.9,21.9
1999,REG,00-0004519,,Tyronne Drakeford,CB,DB,,1,NO,0,0,0,0,0,0,0,0,0,0,0,0,,0,,,0,0,0,0,0,0,,0,0,0,0,0,0,0,0,0,0,,0,,,,,1,6.0,6.0
1999,REG,00-0004524,,Troy Drayton,TE,TE,,12,MIA,0,0,0,0,0,0,0,0,0,0,0,0,,0,,,0,0,0,0,0,0,,0,32,50,299,1,0,0,0,0,14,8.08321890739496,0,0.0,0.121951219512195,,,0,35.9,67.9
1999,REG,00-0004541,,Donald Driver,WR,WR,,4,GB,0,0,0,0,0,0,0,0,0,0,0,0,,0,,,0,0,0,0,0,0,,0,3,7,31,1,0,0,0,0,2,0.456754381011706,0,0.0,0.0443037974683544,,,0,9.1,12.1
1999,REG,00-0004574,,Rickey Dudley,TE,TE,,16,LV,0,0,0,0,0,0,0,0,0,0,0,0,,0,,,0,0,0,0,0,0,,0,39,59,555,9,0,0,0,0,36,43.6653448615732,0,0.0,0.117063492063492,,,0,109.5,148.5
1999,REG,00-0004634,,David Dunn,WR,WR,,2,CLE,0,0,0,0,0,0,0,0,0,0,0,0,,0,,,0,0,0,0,0,0,,0,1,2,4,0,0,0,0,0,1,-0.448215264361352,0,0.0,0.0327868852459016,,,0,0.4,1.4
1999,REG,00-0004640,,Warrick Dunn,RB,RB,,15,TB,0,0,0,0,0,0,0,0,0,0,0,0,,0,,,194,614,0,3,2,29,-49.3159095238434,0,63,81,521,2,0,0,0,0,28,13.4635877975843,0,0.0,0.2025,,,0,121.5,184.5
1999,REG,00-0004673,,Tim Dwight,WR,WR,,10,ATL,0,0,0,0,0,0,0,0,0,0,0,0,,0,,,5,28,1,0,0,1,1.26074700814206,0,32,49,669,7,0,0,0,0,27,42.8386590438527,0,0.0,0.169550173010381,,,1,123.7,155.7
1999,REG,00-0004694,,Kevin Dyson,WR,WR,,16,TEN,0,0,0,0,0,0,0,0,0,0,0,0,,0,,,1,3,0,0,0,0,0.0375769148985543,0,54,103,658,4,0,0,0,0,34,3.96376456131264,0,0.0,0.201171875,,,0,90.1,144.1
1999,REG,00-0004705,,Quinn Early,WR,WR,,9,NYJ,0,0,0,0,0,0,0,0,0,0,0,0,,0,,,0,0,0,0,0,0,,0,6,17,83,0,0,0,0,0,4,-2.42903265795227,0,0.0,0.0634328358208955,,,0,8.3,14.3
1999,REG,00-0004768,,Marc Edwards,FB,RB,,14,CLE,0,0,0,0,0,0,0,0,0,0,0,0,,0,,,6,35,0,1,1,1,-3.31323809496826,0,27,40,212,2,0,0,0,19,8,4.31454733072314,0,0.0,0.0959232613908873,,,0,34.7,61.7
1999,REG,00-0004780,,Troy Edwards,WR,WR,,16,PIT,0,0,0,0,0,0,0,0,0,0,0,0,,0,,,0,0,0,0,0,0,,0,61,116,714,5,1,0,0,6,42,7.88536953541422,0,0.0,0.223076923076923,,,0,101.4,162.4
1999,REG,00-0004824,,Keith Elias,RB,RB,,2,IND,0,0,0,0,0,0,0,0,0,0,0,0,,0,,,13,28,0,0,0,1,-2.99533096700907,0,4,5,16,0,0,0,0,0,0,-3.06276307650842,0,0.0,0.0769230769230769,,,0,4.4,8.4
1999,REG,00-0004871,,Jerry Ellison,RB,RB,,2,NE,0,0,0,0,0,0,0,0,0,0,0,0,,0,,,2,10,0,0,0,1,1.06340363400523,0,4,4,50,0,0,0,0,0,2,3.19243446283508,0,0.0,0.0909090909090909,,,0,6.0,10.0
1999,REG,00-0004888,,Bert Emanuel,WR,WR,,11,TB,0,0,0,0,0,0,0,0,0,0,0,0,,0,,,0,0,0,0,0,0,,0,22,51,238,1,0,0,0,0,10,-8.94562241494697,0,0.0,0.182795698924731,,,0,29.8,51.8
1999,REG,00-0004915,,Bobby Engram,WR,WR,,16,CHI,0,0,0,0,0,0,0,0,0,0,0,0,,0,,,2,11,0,0,0,2,1.82141146244248,0,87,145,934,4,2,0,0,76,46,15.5928221473156,0,0.0,0.218045112781955,,,0,118.5,205.5
1999,REG,00-0004916,,Curtis Enis,RB,RB,,15,CHI,0,0,0,0,0,0,0,0,0,0,0,0,,0,,,282,888,3,3,3,53,-57.4970755685524,0,45,68,340,2,1,1,0,33,15,-8.76622497930104,0,0.0,0.114671163575042,,,0,144.8,189.8
1999,REG,00-0004972,,Chuck Evans,RB,RB,,15,BAL,0,0,0,0,0,0,0,0,0,0,0,0,,0,,,34,125,0,0,0,5,-2.34458572755246,1,28,42,208,1,0,0,0,0,11,-2.82103540734138,0,0.0,0.0862422997946612,,,0,41.3,69.3
1999,REG,00-0005060,,Chad Fann,TE,TE,,7,SF,0,0,0,0,0,0,0,0,0,0,0,0,,0,,,0,0,0,0,0,0,,0,2,8,8,0,1,1,0,0,0,-7.85790695424657,0,0.0,0.0317460317460317,,,0,-1.2,0.8
1999,REG,00-0005091,,Kevin Faulk,RB,RB,,11,NE,0,0,0,0,0,0,0,0,0,0,0,0,,0,,,66,227,1,3,2,7,-19.2137214798713,0,12,19,98,1,0,0,0,0,3,0.896399714110885,0,0.0,0.0629139072847682,,,0,40.5,52.5
1999,REG,00-0005092,,Marshall Faulk,RB,RB,,15,LA,0,1,0,0,0,0,0,0,0,0,0,0,-1.92197350761853,0,,,228,1267,7,2,2,60,13.6545637178457,1,80,94,976,5,0,0,0,41,37,48.7619559772225,0,0.0,0.198731501057082,,,0,294.3,374.3
1999,REG,00-0005101,,Christian Fauria,TE,TE,,15,SEA,0,0,0,0,0,0,0,0,0,0,0,0,,0,,,0,0,0,0,0,0,,0,34,50,368,0,1,0,0,0,19,4.74486334034009,0,0.0,0.106837606837607,,,0,36.8,70.8
1999,REG,00-0005106,,Brett Favre,QB,QB,,16,GB,338,589,4068,22,23,34,210,8,3,0,0,193,19.1107108560622,1,0.0,0.0775468195324801,26,131,0,1,1,11,0.941683593835355,0,0,0,0,0,0,0,0,0,0,,0,,,,,0,211.82,211.82
1999,REG,00-0005110,,Jermaine Fazande,RB,RB,,7,LAC,0,0,0,0,0,0,0,0,0,0,0,0,,0,,,88,356,2,2,2,16,-10.9058937897881,0,0,0,0,0,0,0,0,0,0,,0,,,,,0,43.6,43.6
1999,REG,00-0005113,,Jeff Feagles,P,SPEC,,2,SEA,0,0,0,0,0,0,0,0,0,0,0,0,,0,,,2,0,0,1,1,0,-2.13315920776222,0,0,0,0,0,0,0,0,0,0,,0,,,,,0,-2.0,-2.0
1999,REG,00-0005180,,Jay Fiedler,QB,QB,,7,JAX,61,94,656,2,2,7,47,1,0,0,0,40,13.9685216153974,1,0.0,0.0782319052776361,12,20,0,0,0,2,-4.90541766257957,0,0,0,0,0,0,0,0,0,0,,0,,,,,0,34.24,34.24
1999,REG,00-0005231,,Brian Finneran,WR,WR,,2,PHI,0,0,0,0,0,0,0,0,0,0,0,0,,0,,,0,0,0,0,0,0,,0,2,4,21,0,0,0,0,0,1,-4.12437843054067,0,0.0,0.0634920634920635,,,0,2.1,4.1
1999,REG,00-0005324,,Terrell Fletcher,RB,RB,,15,LAC,0,0,0,0,0,0,0,0,0,0,0,0,,0,,,48,126,0,1,0,4,-10.4833430392772,0,45,65,360,0,0,0,0,0,18,-2.80962386429829,0,0.0,0.140692640692641,,,0,48.6,93.6
1999,REG,00-0005348,,Chris Floyd,FB,RB,,6,NE,0,0,0,0,0,0,0,0,0,0,0,0,,0,,,6,12,0,0,0,0,-2.57880454079714,0,2,5,16,0,0,0,0,0,1,-1.10420705867,0,0.0,0.036231884057971,,,0,2.8,4.8
1999,REG,00-0005361,,William Floyd,FB,RB,,15,CAR,0,0,0,0,0,0,0,0,0,0,0,0,,0,,,35,78,3,1,1,7,-9.67091153733655,0,21,32,179,0,0,0,0,9,8,1.16506989916789,0,0.0,0.0643863179074447,,,0,41.7,62.7
1999,REG,00-0005363,,Doug Flutie,QB,QB,,15,BUF,261,471,3145,18,14,25,168,4,4,0,0,154,11.4750764230353,0,0.0,0.0815680753723782,87,462,1,2,0,30,5.12476584881178,0,0,0,0,0,0,0,0,0,0,,0,,,,,0,214.0,214.0
1999,REG,00-0005379,,Glenn Foley,QB,QB,,1,SEA,18,30,283,2,0,6,34,0,0,0,0,13,10.5874432765995,0,0.0,0.0953530664349689,3,-1,0,1,1,0,-5.4111474257661,0,0,0,0,0,0,0,0,0,0,,0,,,,,0,17.22,17.22
1999,REG,00-0005532,,,,,,3,NO,0,0,0,0,0,0,0,0,0,0,0,0,,0,,,1,0,0,0,0,0,-1.07764639798552,0,2,4,13,0,0,0,0,0,1,0.386476411367767,0,0.0,0.0333333333333333,,,0,1.3,3.3
1999,REG,00-0005562,,Antonio Freeman,WR,WR,,16,GB,0,0,0,0,0,0,0,0,0,0,0,0,,0,,,1,-2,0,0,0,0,-0.706282375904266,0,74,132,1074,6,1,0,0,-1,51,38.9420582154332,0,0.0,0.227586206896552,,,0,143.2,217.2
1999,REG,00-0005589,,Gus Frerotte,QB,QB,,9,DET,174,287,2111,9,7,27,198,3,0,0,0,90,17.3469473678308,1,0.0,0.0687470481896161,15,33,0,0,0,2,-5.52438631332008,0,0,0,0,0,0,0,0,0,0,,0,,,,,0,111.74,111.74
1999,REG,00-0005600,,John Friesz,QB,QB,,1,NE,0,0,0,0,0,0,0,0,0,0,0,0,,0,,,2,-2,0,0,0,0,-1.09768059564522,0,0,0,0,0,0,0,0,0,0,,0,,,,,0,-0.2,-0.2
1999,REG,00-0005616,,Irving Fryar,WR,WR,,14,WAS,0,0,0,0,0,0,0,0,0,0,0,0,,0,,,0,0,0,0,0,0,,0,26,46,254,2,0,0,0,0,16,1.06274008573137,0,0.0,0.104072398190045,,,0,37.4,63.4
1999,REG,00-0005620,,Chris Fuamatu-Ma'afala,RB,RB,,1,PIT,0,0,0,0,0,0,0,0,0,0,0,0,,0,,,1,4,0,0,0,0,-0.330659885541536,0,0,0,0,0,0,0,0,0,0,,0,,,,,0,0.4,0.4
1999,REG,00-0005668,,Oronde Gadsden,WR,WR,,15,MIA,0,0,0,0,0,0,0,0,0,0,0,0,,0,,,0,0,0,0,0,0,,0,47,88,784,6,0,0,0,0,36,25.1416970440469,0,0.0,0.162962962962963,,,0,114.4,161.4
1999,REG,00-0005720,,Joey Galloway,WR,WR,,8,SEA,0,0,0,0,0,0,0,0,0,0,0,0,,0,,,1,-1,0,0,0,0,-0.849810430430807,0,22,52,335,1,0,0,0,0,17,-3.70390629441473,0,0.0,0.183745583038869,,,0,39.4,61.4
1999,REG,00-0005741,,Rich Gannon,QB,QB,,16,LV,302,512,3819,24,13,49,241,6,4,0,0,194,71.467633941514,1,0.0,0.107584638220231,45,272,2,2,0,13,13.4734569240481,0,1,1,-3,0,0,0,0,0,0,-0.860717886826024,0,0.0,0.0277777777777778,,,0,255.66,256.66
1999,REG,00-0005755,,Jeff Garcia,QB,QB,,13,SF,222,369,2516,11,11,15,104,4,2,0,0,132,26.1853129021286,1,0.0,0.0906183339180869,44,229,2,1,0,13,14.525679181713,0,0,0,0,0,0,0,0,0,0,,0,,,,,0,155.54,155.54
1999,REG,00-0005779,,Charlie Garner,RB,RB,,16,SF,0,0,0,0,0,1,8,1,1,0,0,0,-3.56684294930892,0,,,237,1200,4,3,1,51,-0.311134235962527,0,55,75,532,2,0,0,0,15,22,14.9985403081919,0,0.0,0.147058823529412,,,0,205.2,260.2
1999,REG,00-0005794,,Jason Garrett,QB,QB,,5,DAL,32,64,314,3,1,5,21,0,0,0,0,13,-14.2020106074504,0,0.0,0.0239816269532788,6,12,0,0,0,1,-0.930191359482706,0,0,0,0,0,0,0,0,0,0,,0,,,,,0,23.76,23.76
1999,REG,00-0005816,,Olandis Gary,RB,RB,,12,DEN,0,0,0,0,0,0,0,0,0,0,0,0,,0,,,275,1159,7,2,2,60,-13.4741037232301,1,21,29,159,0,0,0,0,0,5,-5.30843135093429,0,0.0,0.0865671641791045,,,0,171.8,192.8
1999,REG,00-0005822,,Sam Gash,FB,RB,,13,BUF,0,0,0,0,0,0,0,0,0,0,0,0,,0,,,0,0,0,0,0,0,,0,19,28,156,2,0,0,0,11,9,4.68273939582286,0,0.0,0.0689655172413793,,,0,27.6,46.6
1999,REG,00-0005883,,Eddie George,RB,RB,,16,TEN,0,0,0,0,0,0,0,0,0,0,0,0,,0,,,316,1277,9,5,4,66,-25.2368864185038,0,46,63,454,4,0,0,0,34,21,18.3741686135879,0,0.0,0.128571428571429,,,0,243.1,289.1
1999,REG,00-0005885,,Jeff George,QB,QB,,12,MIN,188,318,2769,22,12,27,223,7,4,0,0,118,50.731480637004,0,0.0,0.123386108192845,16,41,0,1,1,2,-7.082626997121,0,0,0,0,0,0,0,0,0,0,,0,,,,,0,168.86,168.86
1999,REG,00-0005902,,Joe Germaine,QB,QB,,2,LA,9,16,136,1,2,3,23,1,1,0,0,6,-6.76023782376433,0,0.0,0.0249644019040106,3,0,0,0,0,0,-0.243548650760204,0,0,0,0,0,0,0,0,0,0,,0,,,,,0,3.44,3.44
1999,REG,00-0005903,,Jammi German,WR,WR,,7,ATL,0,0,0,0,0,0,0,0,0,0,0,0,,0,,,0,0,0,0,0,0,,0,12,20,219,3,0,0,0,0,9,15.0262014700714,0,0.0,0.0930232558139535,,,0,39.9,51.9
1999,REG,00-0006043,,Terry Glenn,WR,WR,,14,NE,0,0,0,0,0,0,0,0,0,0,0,0,,0,,,0,0,0,0,0,0,,0,68,114,1135,4,2,2,0,0,48,46.1701177519318,0,0.0,0.242553191489362,,,0,133.5,201.5
1999,REG,00-0006047,,Andrew Glover,TE,TE,,14,MIN,0,0,0,0,0,0,0,0,0,0,0,0,,0,,,0,0,0,0,0,0,,0,28,49,327,1,0,0,0,1,14,-5.92107976177127,0,0.0,0.108888888888889,,,0,38.7,66.7
1999,REG,00-0006100,,Pete Gonzalez,QB,QB,,1,PIT,1,1,8,0,0,0,0,0,0,0,0,0,0.0483683052007109,0,0.0,,2,-3,0,0,0,0,-2.79481592809316,0,0,0,0,0,0,0,0,0,0,,0,,,,,0,0.02,0.02
1999,REG,00-0006101,,Tony Gonzalez,TE,TE,,15,KC,0,0,0,0,0,0,0,0,0,0,0,0,,0,,,0,0,0,0,0,0,,0,76,108,849,11,2,1,0,0,47,42.2937037248996,0,0.0,0.250580046403712,,,0,148.9,224.9
1999,REG,00-0006133,,Hunter Goodwin,TE,TE,,6,MIA,0,0,0,0,0,0,0,0,0,0,0,0,,0,,,0,0,0,0,0,0,,0,8,9,55,0,1,1,0,0,3,-2.48231209232472,0,0.0,0.0424528301886792,,,0,3.5,11.5
1999,REG,00-0006155,,Lennox Gordon,RB,RB,,3,BUF,0,0,0,0,0,0,0,0,0,0,0,0,,0,,,10,35,0,0,0,1,-4.56649124767793,0,0,0,0,0,0,0,0,0,0,,0,,,,,0,3.5,3.5
1999,REG,00-0006210,,Jeff Graham,WR,WR,,16,LAC,0,0,0,0,0,0,0,0,0,0,0,0,,0,,,0,0,0,0,0,0,,0,54,111,882,2,0,0,0,0,38,28.8810723222553,0,0.0,0.202185792349727,,,0,100.2,154.2
1999,REG,00-0006212,,Kent Graham,QB,QB,,9,NYG,160,270,1697,9,8,25,169,3,0,0,0,81,-6.16338209388659,0,0.0,0.0462186279501569,31,111,1,1,0,11,-4.22813574942058,0,1,1,-1,0,0,0,0,0,0,-1.18760740431026,0,0.0,0.025,,,0,104.88,105.88
1999,REG,00-0006299,,Tony Graziani,QB,QB,,11,ATL,61,115,753,2,3,12,78,3,3,0,0,37,-17.5952113787742,0,0.0,0.0243169771465285,9,11,0,1,0,1,-5.76990013523027,0,0,0,0,0,0,0,0,0,0,,0,,,,,0,27.22,27.22
1999,REG,00-0006300,,Elvis Grbac,QB,QB,,16,KC,293,494,3360,22,13,26,170,6,2,0,0,162,46.7946094188035,0,0.0,0.0682782410314325,19,10,0,1,1,0,-12.2381427615729,0,0,0,0,0,0,0,0,0,0,,0,,,,,0,191.4,191.4
1999,REG,00-0006305,,Ahman Green,RB,RB,,8,SEA,0,0,0,0,0,0,0,0,0,0,0,0,,0,,,26,120,0,0,0,12,1.22989492432991,0,0,2,0,0,0,0,0,0,0,-0.506750331027433,0,,0.0666666666666667,,,0,12.0,12.0
1999,REG,00-0006322,,E.G. Green,WR,WR,,11,IND,0,0,0,0,0,0,0,0,0,0,0,0,,0,,,0,0,0,0,0,0,,0,21,44,287,0,0,0,0,0,16,4.09276660854224,0,0.0,0.116094986807388,,,0,28.7,49.7
1999,REG,00-0006324,,Eric Green,TE,TE,,7,NYJ,0,0,0,0,0,0,0,0,0,0,0,0,,0,,,0,0,0,0,0,0,,0,7,10,37,2,0,0,0,0,3,3.34928465203848,0,0.0,0.0442477876106195,,,0,15.7,22.7
1999,REG,00-0006331,,Jacquez Green,WR,WR,,16,TB,0,0,0,0,0,0,0,0,0,0,0,0,,0,,,3,8,0,0,0,1,0.0785958028864116,0,56,100,791,3,0,0,0,0,32,19.0246905273324,0,0.0,0.23094688221709,,,0,97.9,153.9
1999,REG,00-0006359,,Yatil Green,WR,WR,,8,MIA,0,0,0,0,0,0,0,0,0,0,0,0,,0,,,0,0,0,0,0,0,,0,18,40,234,0,0,0,0,0,16,8.94378522039438,0,0.0,0.130293159609121,,,0,23.4,41.4
1999,REG,00-0006380,,Scott Greene,RB,RB,,1,IND,0,0,0,0,0,0,0,0,0,0,0,0,,0,,,0,0,0,0,0,0,,0,1,1,4,0,0,0,0,0,0,-0.14667266048491,0,0.0,0.0344827586206897,,,0,0.4,1.4
1999,REG,00-0006410,,Chris Greisen,QB,QB,,1,ARI,1,6,4,0,0,0,0,0,0,0,0,0,-3.66389517328935,0,0.0,0.0459377191896495,0,0,0,0,0,0,,0,0,0,0,0,0,0,0,0,0,,0,,,,,0,0.16,0.16
1999,REG,00-0006423,,Brian Griese,QB,QB,,14,DEN,258,442,3006,14,14,27,176,6,3,0,0,136,6.04961966924925,0,0.0,0.0581942838851915,44,117,2,10,2,15,-15.4008761684074,0,0,0,0,0,0,0,0,0,0,,0,,,,,0,161.94,161.94
1999,REG,00-0006431,,Damon Griffin,WR,WR,,6,CIN,0,0,0,0,0,0,0,0,0,0,0,0,,0,,,0,0,0,0,0,0,,0,11,20,100,0,0,0,0,0,6,1.4793877095799,0,0.0,0.0961538461538462,,,0,10.0,21.0
1999,REG,00-0006456,,Howard Griffith,RB,RB,,16,DEN,0,0,0,0,0,0,0,0,0,0,0,0,,0,,,17,66,1,0,0,6,0.981995564477984,0,25,38,184,1,0,0,0,0,11,2.88655330322217,0,0.0,0.0721062618595826,,,0,37.0,62.0
1999,REG,00-0006482,,Clif Groce,FB,RB,,14,CIN,0,0,0,0,0,0,0,0,0,0,0,0,,0,,,8,22,1,0,0,2,1.28203898353968,0,25,40,154,0,0,0,0,0,6,-7.069419312452,0,0.0,0.0863930885529158,,,0,23.6,48.6
1999,REG,00-0006627,,Az-Zahir Hakim,WR,WR,,13,LA,0,0,0,0,0,0,0,0,0,0,0,0,,0,,,4,44,0,0,0,1,-0.0771625258494169,0,30,49,611,8,0,0,0,22,23,52.7235407324683,0,0.0,0.116945107398568,,,1,119.5,149.5
1999,REG,00-0006666,,Lamont Hall,TE,TE,,3,GB,0,0,0,0,0,0,0,0,0,0,0,0,,0,,,0,0,0,0,0,0,,0,3,3,33,0,0,0,0,0,2,2.0998568686191,0,0.0,0.0306122448979592,,,0,3.3,6.3
1999,REG,00-0006692,,Ty Hallock,LB,LB,,5,CHI,0,0,0,0,0,0,0,0,0,0,0,0,,0,,,0,0,0,0,0,0,,0,6,8,22,0,0,0,0,1,1,-1.81562532146927,0,0.0,0.0380952380952381,,,0,2.2,8.2
1999,REG,00-0006803,,Byron Hanspard,RB,RB,,12,ATL,0,0,0,0,0,0,0,0,0,0,0,0,,0,,,136,383,1,1,1,20,-39.3788068495339,0,7,15,64,0,0,0,0,0,3,-3.06930209964048,0,0.0,0.0678733031674208,,,0,48.7,55.7
1999,REG,00-0006804,,Patrick Hape,TE,TE,,5,TB,0,0,0,0,0,0,0,0,0,0,0,0,,0,,,0,0,0,0,0,0,,0,5,6,12,1,0,0,0,0,3,2.55496194411535,0,0.0,0.0382165605095541,,,0,7.2,12.2
1999,REG,00-0006808,,Jim Harbaugh,QB,QB,,14,LAC,245,426,2654,10,14,36,203,8,1,0,0,127,-29.4283974707785,1,0.0,0.0300056322449439,32,118,0,4,2,8,-14.9418437772764,0,0,0,0,0,0,0,0,0,0,,0,,,,,0,125.96,125.96
1999,REG,00-0006848,,Terry Hardy,TE,TE,,14,ARI,0,0,0,0,0,0,0,0,0,0,0,0,,0,,,0,0,0,0,0,0,,0,30,45,222,0,1,0,0,0,12,2.42879433953203,0,0.0,0.09375,,,0,22.2,52.2
1999,REG,00-0006877,,Alvin Harper,WR,WR,,2,DAL,0,0,0,0,0,0,0,0,0,0,0,0,,0,,,0,0,0,0,0,0,,0,0,2,0,0,0,0,0,0,0,-1.2910082336748,0,,0.0350877192982456,,,0,0.0,0.0
1999,REG,00-0006949,,Jackie Harris,TE,TE,,9,TEN,0,0,0,0,0,0,0,0,0,0,0,0,,0,,,0,0,0,0,0,0,,0,26,34,297,1,0,0,0,0,10,12.9430815940265,1,0.0,0.114093959731544,,,0,37.7,63.7
1999,REG,00-0006977,,Mark Harris,WR,WR,,10,SF,0,0,0,0,0,0,0,0,0,0,0,0,,0,,,0,0,0,0,0,0,,0,6,14,66,0,0,0,0,0,2,-3.70755716323038,0,0.0,0.0419161676646707,,,0,6.6,12.6
1999,REG,00-0006994,,Ronnie Harris,WR,WR,,5,ATL,0,0,0,0,0,0,0,0,0,0,0,0,,0,,,0,0,0,0,0,0,,0,10,19,164,0,1,1,0,0,6,-2.0741370636861,0,0.0,0.106145251396648,,,0,14.4,24.4
1999,REG,00-0007024,,Marvin Harrison,WR,WR,,16,IND,0,0,0,0,0,0,0,0,0,0,0,0,,0,,,1,4,0,0,0,0,0.047850192990154,0,114,192,1635,12,2,1,0,0,78,67.6711462635381,1,0.0,0.360225140712946,,,0,235.9,349.9
1999,REG,00-0007091,,Matt Hasselbeck,QB,QB,"https://static.www.nfl.com/image/private/f_auto,q_auto/league/t1nf9avoy2kauqwrvzza",5,GB,3,10,41,1,0,1,9,0,0,0,0,2,-3.06032466757832,0,0.0,0.0309565619746918,6,15,0,1,0,1,-2.22986240303726,0,0,0,0,0,0,0,0,0,0,,0,,,,,0,7.14,7.14
1999,REG,00-0007093,,Andre Hastings,WR,WR,,15,NO,0,0,0,0,0,0,0,0,0,0,0,0,,0,,,1,4,0,0,0,0,-0.776776717181074,0,40,64,564,1,0,0,0,14,25,6.38923368955556,0,0.0,0.128,,,0,62.8,102.8
1999,REG,00-0007103,,Matt Hatchette,WR,WR,,9,MIN,0,0,0,0,0,0,0,0,0,0,0,0,,0,,,0,0,0,0,0,0,,0,9,19,180,2,0,0,0,0,7,4.51301049299497,0,0.0,0.0669014084507042,,,0,30.0,39.0
1999,REG,00-0007120,,Courtney Hawkins,WR,WR,,11,PIT,0,0,0,0,0,0,0,0,0,0,0,0,,0,,,0,0,0,0,0,0,,0,30,55,285,0,0,0,0,1,19,-4.0010129369009,0,0.0,0.163204747774481,,,0,28.5,58.5
1999,REG,00-0007144,,Donald Hayes,WR,WR,,12,CAR,0,0,0,0,0,0,0,0,0,0,0,0,,0,,,0,0,0,0,0,0,,0,11,29,270,2,0,0,0,0,10,13.6228071717196,0,0.0,0.0672853828306265,,,0,39.0,50.0
1999,REG,00-0007254,,William Henderson,FB,RB,,14,GB,0,0,0,0,0,0,0,0,0,0,0,0,,0,,,7,29,2,0,0,2,1.77097216880065,0,30,39,203,1,1,1,0,0,11,-0.749304400981415,0,0.0,0.0760233918128655,,,0,39.2,69.2
1999,REG,00-0007308,,Craig Hentrich,P,SPEC,,2,TEN,0,0,0,0,0,0,0,0,0,0,0,0,,0,,,2,1,0,0,0,0,-3.96366371004842,0,0,0,0,0,0,0,0,0,0,,0,,,,,0,0.1,0.1
1999,REG,00-0007357,,Chris Hetherington,FB,RB,,1,CAR,0,0,0,0,0,0,0,0,0,0,0,0,,0,,,2,7,0,0,0,0,-0.83632812590804,0,0,0,0,0,0,0,0,0,0,,0,,,,,0,0.7,0.7
1999,REG,00-0007387,,Robert Hicks,T,OL,,2,BUF,0,0,0,0,0,0,0,0,0,0,0,0,,0,,,1,-2,0,0,0,0,-0.551381926430622,0,1,1,-6,0,0,0,0,0,0,-1.70625562942587,0,0.0,0.0256410256410256,,,0,-0.8,0.2
1999,REG,00-0007389,,Skip Hicks,RB,RB,,9,WAS,0,0,0,0,0,0,0,0,0,0,0,0,,0,,,76,238,3,1,0,12,-14.6791038515955,0,8,10,72,0,0,0,0,0,4,3.65070032572839,0,0.0,0.0735294117647059,,,0,49.0,57.0
1999,REG,00-0007436,,Greg Hill,RB,RB,,14,DET,0,0,0,0,0,0,0,0,0,0,0,0,,0,,,143,501,2,1,1,19,-30.583650065877,0,13,23,77,0,0,0,0,8,1,-11.3827340950269,0,0.0,0.0705521472392638,,,0,67.8,80.8
1999,REG,00-0007468,,Ike Hilliard,WR,WR,,16,NYG,0,0,0,0,0,0,0,0,0,0,0,0,,0,,,3,16,0,0,0,1,-0.649407795164734,0,72,121,996,3,0,0,0,0,50,23.042719826071,0,0.0,0.206837606837607,,,0,119.2,191.2
1999,REG,00-0007520,,Leroy Hoard,RB,RB,,15,MIN,0,0,0,0,0,0,0,0,0,0,0,0,,0,,,138,555,10,3,3,39,-15.7681980239074,0,17,20,166,0,1,0,0,0,8,5.81276058931793,0,0.0,0.0668896321070234,,,0,126.1,143.1
1999,REG,00-0007530,,Billy Joe Hobert,QB,QB,,9,NO,84,157,965,6,5,11,79,1,0,0,0,43,-1.91435975804622,0,0.0,0.0535734815078229,12,47,1,1,1,5,1.14279411180178,0,0,0,0,0,0,0,0,0,0,,0,,,,,0,61.3,61.3
1999,REG,00-0007546,,James Hodgins,RB,RB,,7,LA,0,0,0,0,0,0,0,0,0,0,0,0,,0,,,6,10,1,0,0,1,-1.95794135054038,0,6,6,35,0,0,0,0,0,1,1.67348858353216,0,0.0,0.0434782608695652,,,0,10.5,16.5
1999,REG,00-0007579,,Robert Holcombe,FB,RB,,13,LA,0,0,0,0,0,0,0,0,0,0,0,0,,0,,,74,293,4,2,2,16,-9.64235819096211,0,13,24,133,1,2,1,0,0,8,-8.38003347505583,0,0.0,0.0761904761904762,,,0,66.6,79.6
1999,REG,00-0007661,,Priest Holmes,RB,RB,,7,BAL,0,0,0,0,0,0,0,0,0,0,0,0,,0,,,77,454,1,0,0,19,10.7656992929697,0,10,13,67,0,0,0,0,0,4,0.292164221813437,0,0.0,0.0955882352941176,,,0,58.1,68.1
1999,REG,00-0007681,,Torry Holt,WR,WR,,15,LA,0,0,0,0,0,0,0,0,0,0,0,0,,0,,,3,25,0,1,0,2,2.26275452040136,0,48,90,744,5,3,2,0,35,30,25.3598038640726,0,0.0,0.190274841437632,,,0,102.9,150.9
1999,REG,00-0007744,,Joe Horn,WR,WR,,15,KC,0,0,0,0,0,0,0,0,0,0,0,0,,0,,,2,15,0,0,0,0,1.00335189478938,0,35,59,586,6,0,0,0,0,28,32.0950537731571,0,0.0,0.12967032967033,,,0,96.1,131.1
1999,REG,00-0007749,,Tony Horne,WR,WR,,3,LA,0,0,0,0,0,0,0,0,0,0,0,0,,0,,,0,0,0,0,0,0,,0,0,1,0,0,0,0,0,0,0,-0.625970259774476,0,,0.025,,,2,12.0,12.0
1999,REG,00-0007795,,Chris Howard,RB,RB,,6,JAX,0,0,0,0,0,0,0,0,0,0,0,0,,0,,,13,55,0,0,0,3,-0.970231751649358,0,1,4,8,0,0,0,0,0,0,-1.68501781160012,0,0.0,0.0430107526881721,,,0,6.3,7.3
1999,REG,00-0007798,,Desmond Howard,WR,WR,,2,DET,0,0,0,0,0,0,0,0,0,0,0,0,,0,,,0,0,0,0,0,0,,0,0,1,0,0,0,0,0,0,0,-0.515936093754135,0,,0.04,,,1,6.0,6.0
1999,REG,00-0007832,,Bobby Hoying,QB,QB,,2,LV,2,5,10,0,0,0,0,0,0,0,0,1,-2.51750183664262,0,0.0,0.0469434325766186,2,-3,0,0,0,0,-1.89776654972229,0,0,0,0,0,0,0,0,0,0,,0,,,,,0,0.1,0.1
1999,REG,00-0007835,,Damon Huard,QB,QB,,9,MIA,124,214,1280,8,4,28,185,2,1,0,0,68,-17.5519536486982,0,0.0,0.0449820057390321,28,124,0,1,1,9,5.0560275916904,0,1,1,0,0,0,0,0,0,0,-0.579033317742869,0,,0.032258064516129,,,0,83.6,84.6
1999,REG,00-0007924,,James Hundon,WR,WR,,1,CIN,0,0,0,0,0,0,0,0,0,0,0,0,,0,,,0,0,0,0,0,0,,0,1,2,5,0,0,0,0,0,1,-3.54492764594033,0,0.0,0.0909090909090909,,,0,0.5,1.5
1999,REG,00-0007969,,Richard Huntley,RB,RB,,16,PIT,0,0,0,0,0,0,0,0,0,0,0,0,,0,,,92,571,5,3,2,28,13.6547305438606,0,26,38,235,3,0,0,0,36,13,9.45208075010839,0,0.0,0.0730769230769231,,,0,124.6,150.6
1999,REG,00-0008044,,Michael Irvin,WR,WR,,4,DAL,0,0,0,0,0,0,0,0,0,0,0,0,,0,,,0,0,0,0,0,0,,0,10,19,167,3,0,0,0,0,8,12.870329372401,0,0.0,0.152,,,0,34.7,44.7
1999,REG,00-0008046,,Sedrick Irvin,RB,RB,,13,DET,0,0,0,0,0,0,0,0,0,0,0,0,,0,,,36,133,4,2,1,10,-4.82219655436347,0,24,31,227,0,0,0,0,36,10,6.206977879854,0,0.0,0.0824468085106383,,,0,58.0,82.0
1999,REG,00-0008059,,Qadry Ismail,WR,WR,,15,BAL,0,0,0,0,0,0,0,0,0,0,0,0,,0,,,1,4,0,0,0,1,0.72800655302126,0,64,133,1059,6,1,0,0,0,45,35.5634912053617,0,0.0,0.273100616016427,,,0,142.3,206.3
1999,REG,00-0008060,,Raghib Ismail,WR,WR,,16,DAL,0,0,0,0,0,0,0,0,0,0,0,0,,0,,,13,110,1,0,0,7,4.10208377125673,0,79,130,1090,6,1,1,0,0,40,26.1412943495412,0,0.0,0.264765784114053,,,0,160.0,239.0
1999,REG,00-0008156,,Lenzie Jackson,WR,WR,,2,JAX,0,0,0,0,0,0,0,0,0,0,0,0,,0,,,0,0,0,0,0,0,,0,0,2,0,0,0,0,0,0,0,-2.18324019641421,0,,0.03125,,,0,0.0,0.0
1999,REG,00-0008190,,Sheldon Jackson,TE,TE,,5,BUF,0,0,0,0,0,0,0,0,0,0,0,0,,0,,,0,0,0,0,0,0,,0,4,8,34,0,0,0,0,6,1,-1.07902096543694,0,0.0,0.046242774566474,,,0,3.4,7.4
1999,REG,00-0008196,,Terry Jackson,RB,RB,,4,SF,0,0,0,0,0,0,0,0,0,0,0,0,,0,,,15,75,0,1,1,3,-2.91162631093175,0,3,3,6,0,0,0,0,0,1,-0.204765507252887,0,0.0,0.0461538461538462,,,0,6.1,9.1
1999,REG,00-0008210,,Willie Jackson,WR,WR,,15,CIN,0,0,0,0,0,0,0,0,0,0,0,0,,0,,,0,0,0,0,0,0,,0,31,63,369,2,0,0,0,0,22,-9.2833201957876,1,0.0,0.125748502994012,,,0,50.9,81.9
1999,REG,00-0008224,,Mitch Jacoby,TE,TE,,1,KC,0,0,0,0,0,0,0,0,0,0,0,0,,0,,,0,0,0,0,0,0,,0,1,1,6,0,0,0,0,0,0,0.159429579623975,0,0.0,0.0666666666666667,,,0,0.6,1.6
1999,REG,00-0008229,,Nate Jacquet,WR,WR,,5,MIA,0,0,0,0,0,0,0,0,0,0,0,0,,0,,,1,4,0,0,0,0,-0.0193400023272261,0,1,5,18,0,0,0,0,0,1,-5.85690429579699,0,0.0,0.0316455696202532,,,0,2.2,3.2
1999,REG,00-0008241,,Edgerrin James,RB,RB,,16,IND,0,0,0,0,0,0,0,0,0,0,0,0,,0,,,360,1474,13,6,3,77,-25.5647493911808,0,61,85,579,4,2,1,0,0,23,6.19777056194744,0,0.0,0.159474671669794,,,0,299.3,360.3
1999,REG,00-0008300,,Patrick Jeffers,WR,WR,,14,CAR,0,0,0,0,0,0,0,0,0,0,0,0,,0,,,2,16,0,0,0,1,-0.226146969478577,0,63,100,1082,12,0,0,0,19,43,60.6926789806192,0,0.0,0.198807157057654,,,0,181.8,244.8
1999,REG,00-0008313,,Shawn Jefferson,WR,WR,,16,NE,0,0,0,0,0,0,0,0,0,0,0,0,,0,,,0,0,0,0,0,0,,0,40,76,698,6,0,0,0,0,33,31.5960744829793,0,0.0,0.147286821705426,,,0,105.8,145.8
1999,REG,00-0008329,,Dietrich Jells,WR,WR,,14,PHI,0,0,0,0,0,0,0,0,0,0,0,0,,0,,,0,0,0,0,0,0,,0,10,28,180,2,0,0,0,27,7,5.54282583619352,0,0.0,0.0703517587939699,,,0,30.0,40.0
1999,REG,00-0008346,,James Jenkins,TE,TE,,3,WAS,0,0,0,0,0,0,0,0,0,0,0,0,,0,,,0,0,0,0,0,0,,0,1,4,30,0,0,0,0,0,1,0.201472946737733,0,0.0,0.0373831775700935,,,0,3.0,4.0
1999,REG,00-0008391,,Travis Jervey,RB,RB,,2,SF,0,0,0,0,0,0,0,0,0,0,0,0,,0,,,6,49,1,0,0,2,1.18985891278135,0,1,1,2,0,0,0,0,0,0,-1.27402862720191,0,0.0,0.03125,,,0,11.1,12.1
1999,REG,00-0008400,,James Jett,WR,WR,,16,LV,0,0,0,0,0,0,0,0,0,0,0,0,,0,,,0,0,0,0,0,0,,0,39,79,552,2,0,0,0,11,32,22.922760767273,1,0.0,0.156746031746032,,,0,69.2,108.2
1999,REG,00-0008401,,John Jett,P,SPEC,,2,DET,0,0,0,0,0,0,0,0,0,0,0,0,,0,,,2,-8,0,1,1,0,-3.22797286626883,0,0,0,0,0,0,0,0,0,0,,0,,,,,0,-2.8,-2.8
1999,REG,00-0008430,,Anthony Johnson,RB,RB,,12,CAR,0,0,0,0,0,0,0,0,0,0,0,0,,0,,,24,70,0,1,1,5,-9.05802029289111,0,13,18,103,0,0,0,0,-3,4,1.75809702818039,0,0.0,0.0520231213872832,,,0,15.3,28.3
1999,REG,00-0008442,,Brad Johnson,QB,QB,,16,WAS,313,515,3988,24,13,28,176,10,5,0,0,176,63.1759622515867,1,0.0,0.10358007334702,26,31,2,2,1,3,-7.01687366264258,0,0,0,0,0,0,0,0,0,0,,0,,,,,0,234.62,234.62
1999,REG,00-0008454,,Charles Johnson,WR,WR,,11,PHI,0,0,0,0,0,0,0,0,0,0,0,0,,0,,,0,0,0,0,0,0,,0,33,71,400,1,1,0,0,8,19,-1.48158601585829,0,0.0,0.228295819935691,,,0,46.0,79.0
1999,REG,00-0008529,,J.J. Johnson,RB,RB,,13,MIA,0,0,0,0,0,0,0,0,0,0,0,0,,0,,,163,554,4,2,1,26,-24.6079355243807,0,15,23,100,0,0,0,0,0,2,-5.04555241058744,0,0.0,0.0647887323943662,,,0,87.4,102.4
1999,REG,00-0008560,,Kevin Johnson,WR,WR,,16,CLE,0,1,0,0,0,0,0,0,0,0,0,0,-0.439676149981096,0,,,1,-6,0,0,0,0,-1.10516377235763,0,65,134,983,8,0,0,0,9,39,16.7232307822103,0,0.0,0.286324786324786,,,0,145.7,210.7
1999,REG,00-0008561,,Keyshawn Johnson,WR,WR,,16,NYJ,0,1,0,0,0,1,9,0,0,0,0,0,-1.66069774166681,0,,,5,6,0,0,0,1,-2.35837963194354,0,88,146,1166,8,0,0,0,0,57,59.0947802650016,0,0.0,0.320175438596491,,,0,165.2,253.2
1999,REG,00-0008566,,Lee Johnson,P,SPEC,,2,NE,0,0,0,0,0,0,0,0,0,0,0,0,,0,,,2,13,0,0,0,1,1.0875389482535,0,0,0,0,0,0,0,0,0,0,,0,,,,,0,1.3,1.3
1999,REG,00-0008568,,Leon Johnson,RB,RB,,1,NYJ,0,0,0,0,0,0,0,0,0,0,0,0,,0,,,1,2,0,0,0,1,2.69499668455683,0,0,0,0,0,0,0,0,0,0,,0,,,,,0,0.2,0.2
1999,REG,00-0008570,,LeShon Johnson,RB,RB,,8,NYG,0,0,0,0,0,0,0,0,0,0,0,0,,0,,,60,143,2,2,2,8,-19.8278394722729,0,12,15,86,1,0,0,0,0,4,2.59229980828241,0,0.0,0.0684931506849315,,,0,36.9,48.9
1999,REG,00-0008572,,Lonnie Johnson,TE,TE,,8,KC,0,0,0,0,0,0,0,0,0,0,0,0,,0,,,0,0,0,0,0,0,,0,10,20,98,1,0,0,0,0,8,0.811836047796533,0,0.0,0.0778210116731518,,,0,15.8,25.8
1999,REG,00-0008575,,Malcolm Johnson,WR,WR,,3,PIT,0,0,0,0,0,0,0,0,0,0,0,0,,0,,,0,0,0,0,0,0,,0,2,9,23,0,0,0,0,0,2,-1.28205204763799,0,0.0,0.0731707317073171,,,0,2.3,4.3
1999,REG,00-0008598,,Pat Johnson,WR,WR,,10,BAL,0,0,0,0,0,0,0,0,0,0,0,0,,0,,,1,12,0,0,0,1,0.695303232176229,0,27,56,504,3,1,1,0,0,18,4.14732659508507,0,0.0,0.171779141104294,,,0,67.6,94.6
1999,REG,00-0008612,,Rob Johnson,QB,QB,,2,BUF,25,34,298,2,0,1,9,0,0,0,0,16,17.7970755868591,0,0.0,0.247766009514865,8,61,0,0,0,3,0.72477285633795,0,0,0,0,0,0,0,0,0,0,,0,,,,,0,26.02,26.02
1999,REG,00-0008660,,Daryl Johnston,RB,RB,,1,DAL,0,0,0,0,0,0,0,0,0,0,0,0,,0,,,0,0,0,0,0,0,,0,1,2,4,0,0,0,0,0,0,-0.462667817948386,0,0.0,0.0416666666666667,,,0,0.4,1.4
1999,REG,00-0008704,,Charlie Jones,WR,WR,,6,LAC,0,0,0,0,0,0,0,0,0,0,0,0,,0,,,1,-8,0,0,0,0,-1.42593609623145,0,10,18,90,1,0,0,0,0,3,-3.3578179503219,0,0.0,0.0895522388059701,,,0,14.2,24.2
1999,REG,00-0008723,,Damon Jones,TE,TE,,14,JAX,0,0,0,0,0,0,0,0,0,0,0,0,,0,,,0,0,0,0,0,0,,0,19,34,221,4,0,0,0,0,15,13.2310878446805,0,0.0,0.0728051391862955,,,0,46.1,65.1
1999,REG,00-0008749,,Freddie Jones,TE,TE,,16,LAC,0,0,0,0,0,0,0,0,0,0,0,0,,0,,,0,0,0,0,0,0,,0,54,88,630,2,0,0,0,0,36,11.8705379588064,0,0.0,0.160291438979964,,,0,75.0,129.0
1999,REG,00-0008751,,George Jones,RB,RB,,3,CLE,0,0,0,0,0,0,0,0,0,0,0,0,,0,,,8,15,0,0,0,0,-4.93307377619203,0,0,0,0,0,0,0,0,0,0,,0,,,,,0,1.5,1.5
1999,REG,00-0008761,,Henry Jones,DB,DB,,1,BUF,0,0,0,0,0,0,0,0,0,0,0,0,,0,,,0,0,0,0,0,0,,0,0,0,0,0,0,0,0,0,0,,0,,,,,1,6.0,6.0
1999,REG,00-0008763,,Isaac Jones,WR,WR,,1,IND,0,0,0,0,0,0,0,0,0,0,0,0,,0,,,0,0,0,0,0,0,,0,1,3,8,0,0,0,0,0,1,-1.37313125957735,0,0.0,0.1,,,0,0.8,1.8
1999,REG,00-0008903,,Andrew Jordan,TE,TE,,5,MIN,0,0,0,0,0,0,0,0,0,0,0,0,,0,,,0,0,0,0,0,0,,0,5,7,40,1,0,0,0,9,2,2.85506044217618,0,0.0,0.0482758620689655,,,0,10.0,15.0
1999,REG,00-0008907,,Charles Jordan,WR,WR,,4,GB,0,0,0,0,0,0,0,0,0,0,0,0,,0,,,0,0,0,0,0,0,,0,3,10,60,0,0,0,0,0,2,-3.63733952515759,0,0.0,0.0694444444444445,,,0,6.0,9.0
1999,REG,00-0008921,,Randy Jordan,RB,RB,,7,LV,0,0,0,0,0,0,0,0,0,0,0,0,,0,,,9,32,2,1,1,5,0.92503518977901,0,7,15,70,0,0,0,0,0,2,-3.82875952793984,0,0.0,0.0625,,,0,20.2,27.2
1999,REG,00-0008962,,Joe Jurevicius,WR,WR,,13,NYG,0,0,0,0,0,0,0,0,0,0,0,0,,0,,,0,0,0,0,0,0,,0,18,38,318,1,1,1,0,0,12,1.32125128955181,0,0.0,0.079664570230608,,,0,35.8,53.8
1999,REG,00-0008970,,Paul Justin,QB,QB,,6,LA,9,14,91,0,0,1,3,0,0,0,0,5,2.1459093710361,0,0.0,0.0532809814090271,5,-1,0,0,0,0,-6.51542645430891,0,0,0,0,0,0,0,0,0,0,,0,,,,,0,3.54,3.54
1999,REG,00-0009007,,Danny Kanell,QB,QB,,3,ATL,41,82,574,4,4,5,37,0,0,0,0,28,4.84467599261021,0,0.0,0.0880137552872483,0,0,0,0,0,0,,0,0,0,0,0,0,0,0,0,0,,0,,,,,0,30.96,30.96
1999,REG,00-0009038,,Napoleon Kaufman,RB,RB,,16,LV,0,0,0,0,0,0,0,0,0,0,0,0,,0,,,138,714,2,1,1,32,-2.68166826253268,0,18,25,181,1,0,0,0,1,7,6.94634318552818,0,0.0,0.06426735218509,,,0,105.5,123.5
1999,REG,00-0009119,,Reggie Kelly,TE,TE,,6,ATL,0,0,0,0,0,0,0,0,0,0,0,0,,0,,,0,0,0,0,0,0,,0,8,13,146,0,0,0,0,0,5,7.45289751939708,0,0.0,0.0802469135802469,,,0,14.6,22.6
1999,REG,00-0009163,,Eddie Kennison,WR,WR,,16,NO,0,0,0,0,0,0,0,0,0,0,0,0,,0,,,3,20,0,1,0,1,0.0682753259316087,0,60,125,830,4,0,0,0,5,34,7.61335059375889,1,0.0,0.236742424242424,,,0,111.0,171.0
1999,REG,00-0009165,,Joey Kent,WR,WR,,3,TEN,0,0,0,0,0,0,0,0,0,0,0,0,,0,,,0,0,0,0,0,0,,0,3,6,42,0,0,0,0,0,2,0.981679370161146,0,0.0,0.075,,,0,4.2,7.2
1999,REG,00-0009237,,Brian Kinchen,TE,TE,,8,CAR,0,0,0,0,0,0,0,0,0,0,0,0,,0,,,0,0,0,0,0,0,,0,5,10,45,2,0,0,0,0,4,0.574946815206204,0,0.0,0.03584229390681,,,0,16.5,21.5
1999,REG,00-0009266,,Shaun King,QB,QB,,6,TB,88,145,807,7,4,11,78,4,3,0,0,40,-13.6617191881488,0,0.0,0.0269969967356237,18,38,0,0,0,5,-10.2474150515474,0,0,0,0,0,0,0,0,0,0,,0,,,,,0,50.08,50.08
1999,REG,00-0009288,,Terry Kirby,RB,RB,,16,CLE,1,1,2,0,0,0,0,0,0,0,0,0,-0.321659135399386,0,0.0,,130,452,6,3,1,26,-13.1471566495311,0,57,76,527,3,1,0,0,0,18,7.1949047903991,0,0.0,0.162393162393162,,,0,149.98,206.98
1999,REG,00-0009298,,Levon Kirkland,MLB,LB,,1,PIT,0,0,0,0,0,0,0,0,0,0,0,0,,0,,,0,0,0,0,0,0,,0,0,1,0,0,0,0,0,0,0,-0.28578552370891,0,,0.0384615384615385,,,0,0.0,0.0
1999,REG,00-0009311,,Jon Kitna,QB,QB,,15,SEA,267,487,3328,23,16,31,191,7,4,0,0,166,6.87381224213438,0,0.0,0.0515537245211354,34,53,0,7,1,3,-16.6158079332412,0,0,0,0,0,0,0,0,0,0,,0,,,,,0,188.42,188.42
1999,REG,00-0009323,,Jimmy Kleinsasser,TE,TE,,6,MIN,0,0,0,0,0,0,0,0,0,0,0,0,,0,,,0,0,0,0,0,0,,0,6,10,13,0,2,2,0,0,2,-13.6466660450678,0,0.0,0.0416666666666667,,,0,-2.7,3.3
1999,REG,00-0009417,,Rob Konrad,FB,RB,,15,MIA,0,0,0,0,0,0,0,0,0,0,0,0,,0,,,9,16,0,0,0,4,-1.49586076910599,0,32,64,235,1,2,1,0,0,13,-29.7537612007819,0,0.0,0.11873840445269,,,0,29.1,61.1
1999,REG,00-0009443,,Brian Kozlowski,TE,TE,,10,ATL,0,0,0,0,0,0,0,0,0,0,0,0,,0,,,0,0,0,0,0,0,,0,11,16,122,2,1,0,0,0,8,5.9282815009145,0,0.0,0.0573476702508961,,,0,24.2,35.2
1999,REG,00-0009451,,Erik Kramer,QB,QB,,6,LAC,77,140,769,2,10,7,62,1,1,0,0,38,-31.4368967016019,0,0.0,0.0267619865505998,5,1,0,2,0,0,-6.25650325039169,0,0,0,0,0,0,0,0,0,0,,0,,,,,0,16.86,16.86
1999,REG,00-0009550,,David LaFleur,TE,TE,,16,DAL,0,0,0,0,0,0,0,0,0,0,0,0,,0,,,0,0,0,0,0,0,,0,34,52,316,7,0,0,0,0,17,17.0539399394183,0,0.0,0.105906313645621,,,0,73.6,107.6
1999,REG,00-0009599,,Fred Lane,RB,RB,,15,CAR,0,0,0,0,0,0,0,0,0,0,0,0,,0,,,113,450,1,1,1,27,-21.163777012098,0,22,29,160,0,0,0,0,0,5,2.81935298687313,0,0.0,0.0682352941176471,,,0,65.0,87.0
1999,REG,00-0009738,,Amp Lee,RB,RB,,5,LA,0,0,0,0,0,0,0,0,0,0,0,0,,0,,,3,3,0,0,0,0,-2.20580070902361,0,3,4,22,1,0,0,0,0,1,2.11859932850348,0,0.0,0.0273972602739726,,,0,8.5,11.5
1999,REG,00-0009819,,Tim Lester,RB,RB,,4,DAL,0,0,0,0,0,0,0,0,0,0,0,0,,0,,,0,0,0,0,0,0,,0,2,4,9,0,0,0,0,0,0,-1.12600529612973,0,0.0,0.0333333333333333,,,0,0.9,2.9
1999,REG,00-0009829,,Dorsey Levens,RB,RB,,14,GB,0,0,0,0,0,0,0,0,0,0,0,0,,0,,,276,1019,9,4,4,56,-42.053091691038,0,69,90,564,1,0,0,0,0,26,7.10690486143314,0,0.0,0.173410404624277,,,0,210.3,279.3
1999,REG,00-0009842,,Chad Lewis,TE,TE,,6,PHI,0,0,0,0,0,0,0,0,0,0,0,0,,0,,,0,0,0,0,0,0,,0,7,16,76,3,0,0,0,0,6,-1.21278105815873,0,0.0,0.0903954802259887,,,0,25.6,32.6
1999,REG,00-0009849,,Darryll Lewis,CB,DB,,1,LAC,0,0,0,0,0,0,0,0,0,0,0,0,,0,,,0,0,0,0,0,0,,0,0,0,0,0,0,0,0,0,0,,0,,,,,1,6.0,6.0
1999,REG,00-0009868,,Jeff Lewis,QB,QB,,2,CAR,2,3,11,0,0,1,6,0,0,0,0,0,-2.18507098220289,0,0.0,,4,1,0,0,0,0,-1.14619838655926,0,0,0,0,0,0,0,0,0,0,,0,,,,,0,0.54,0.54
1999,REG,00-0009869,,Jermaine Lewis,WR,WR,,11,BAL,0,0,0,0,0,0,0,0,0,0,0,0,,0,,,5,11,0,0,0,1,-0.641408207069617,0,25,54,281,2,0,0,0,0,13,-0.48342663472445,0,0.0,0.163636363636364,,,0,41.2,66.2
1999,REG,00-0009960,,Jonathan Linton,FB,RB,,16,BUF,0,0,0,0,0,0,0,0,0,0,0,0,,0,,,205,695,5,4,3,44,-39.0171156896238,1,28,38,223,0,0,0,0,32,7,0.919878622266099,0,0.0,0.091566265060241,,,0,117.8,145.8
1999,REG,00-0010007,,Kevin Lockett,WR,WR,,16,KC,0,0,0,0,0,0,0,0,0,0,0,0,,0,,,0,0,0,0,0,0,,0,34,56,426,2,0,0,0,0,26,17.7968379311673,0,0.0,0.11864406779661,,,0,54.6,88.6
1999,REG,00-0010092,,Kamil Loud,WR,WR,,3,BUF,0,0,0,0,0,0,0,0,0,0,0,0,,0,,,0,0,0,0,0,0,,0,6,9,66,0,0,0,0,0,4,1.79074821271934,0,0.0,0.0775862068965517,,,0,6.6,12.6
1999,REG,00-0010107,,Derek Loville,RB,RB,,9,DEN,0,0,0,0,0,0,0,0,0,0,0,0,,0,,,40,203,1,1,0,9,-1.77517832830199,0,11,16,50,0,0,0,0,0,4,-5.61771837325068,0,0.0,0.0579710144927536,,,0,31.3,42.3
1999,REG,00-0010137,,Ray Lucas,QB,QB,,9,NYJ,160,268,1669,14,6,11,69,1,0,0,0,82,27.71015772826,0,0.0,0.0748188589887242,41,144,1,7,2,8,-13.0227990425845,0,0,0,0,0,0,0,0,0,0,,0,,,,,0,127.16,127.16
1999,REG,00-0010146,,Mike Lucky,TE,TE,,4,DAL,0,0,0,0,0,0,0,0,0,0,0,0,,0,,,0,0,0,0,0,0,,0,5,5,25,0,0,0,0,0,2,0.989612040486833,0,0.0,0.0454545454545455,,,0,2.5,7.5
1999,REG,00-0010194,,Anthony Lynn,RB,RB,,2,DEN,0,0,0,0,0,0,0,0,0,0,0,0,,0,,,2,2,0,0,0,0,-0.647525945445523,0,0,0,0,0,0,0,0,0,0,,0,,,,,0,0.2,0.2
1999,REG,00-0010202,,Mitch Lyons,TE,TE,,7,PIT,0,0,0,0,0,0,0,0,0,0,0,0,,0,,,0,0,0,0,0,0,,0,8,13,81,0,0,0,0,12,4,2.49267053010408,0,0.0,0.0546218487394958,,,0,8.1,16.1
1999,REG,00-0010240,,Stacey Mack,RB,RB,,2,JAX,0,0,0,0,0,0,0,0,0,0,0,0,,0,,,6,37,0,0,0,1,0.956164400966372,0,0,0,0,0,0,0,0,0,0,,0,,,,,0,3.7,3.7
1999,REG,00-0010243,,Tremain Mack,FS,DB,,1,CIN,0,0,0,0,0,0,0,0,0,0,0,0,,0,,,0,0,0,0,0,0,,0,0,0,0,0,0,0,0,0,0,,0,,,,,1,6.0,6.0
1999,REG,00-0010292,,Joel Makovicka,FB,RB,,12,ARI,0,0,0,0,0,0,0,0,0,0,0,0,,0,,,8,7,0,1,1,0,-8.33202780189458,0,10,19,70,1,0,0,0,0,4,-1.50818852015977,0,0.0,0.052924791086351,,,0,11.7,21.7
1999,REG,00-0010333,,Kris Mangum,TE,TE,,2,CAR,0,0,0,0,0,0,0,0,0,0,0,0,,0,,,0,0,0,0,0,0,,0,1,2,6,0,0,0,0,0,1,0.298463676590472,0,0.0,0.0273972602739726,,,0,0.6,1.6
1999,REG,00-0010346,,Peyton Manning,QB,QB,"https://static.www.nfl.com/image/private/f_auto,q_auto/league/xpcd6auodk3w0vda6jal",16,IND,326,527,4047,26,15,14,116,1,1,0,0,194,115.76011144999,1,0.0,0.138332447283884,33,62,2,5,2,8,-3.65556787379461,0,0,0,0,0,0,0,0,0,0,,0,,,,,0,250.08,250.08
1999,REG,00-0010379,,Dan Marino,QB,QB,,11,MIA,199,361,2378,12,17,9,66,4,3,0,0,118,-27.3842008135872,0,0.0,0.0547524259906459,6,-6,0,1,0,0,-3.17121090582805,0,0,0,0,0,0,0,0,0,0,,0,,,,,0,102.52,102.52
1999,REG,00-0010436,,Cecil Martin,RB,RB,,8,PHI,0,0,0,0,0,0,0,0,0,0,0,0,,0,,,3,3,0,0,0,1,-1.20097613590769,0,11,16,22,0,0,0,0,3,1,-6.70043086091092,0,0.0,0.0680851063829787,,,0,2.5,13.5
1999,REG,00-0010442,,Curtis Martin,RB,RB,,16,NYJ,0,0,0,0,0,0,0,0,0,0,0,0,,0,,,365,1453,5,1,0,84,-24.6397980031861,0,45,61,259,0,1,0,0,0,9,-10.6817788365493,0,0.0,0.133771929824561,,,0,201.2,246.2
1999,REG,00-0010477,,Tony Martin,WR,WR,,15,MIA,0,0,0,0,0,0,0,0,0,0,0,0,,0,,,1,-6,0,0,0,0,-1.25005874119233,0,66,116,1012,5,0,0,0,0,50,35.538456681402,0,0.0,0.227450980392157,,,0,130.6,196.6
1999,REG,00-0010500,,Derrick Mason,WR,WR,,6,TEN,0,0,0,0,0,0,0,0,0,0,0,0,,0,,,0,0,0,0,0,0,,0,8,18,89,0,0,0,0,2,5,0.770759639961098,0,0.0,0.0909090909090909,,,1,14.9,22.9
1999,REG,00-0010539,,Terance Mathis,WR,WR,,16,ATL,0,0,0,0,0,0,0,0,0,0,0,0,,0,,,1,0,0,0,0,0,-0.427812770707533,0,81,153,1016,6,0,0,0,0,57,25.1651200593188,0,0.0,0.31875,,,0,137.6,218.6
1999,REG,00-0010560,,Shane Matthews,QB,QB,,8,CHI,164,271,1621,10,6,13,79,4,3,0,0,84,-12.4067845842648,0,0.0,0.0494266682872732,14,31,0,3,0,2,-5.88313338293059,0,0,0,0,0,0,0,0,0,0,,0,,,,,0,89.94,89.94
1999,REG,00-0010598,,Alonzo Mayes,TE,TE,,9,CHI,0,0,0,0,0,0,0,0,0,0,0,0,,0,,,0,0,0,0,0,0,,0,8,15,82,1,0,0,0,6,5,1.52480956615182,0,0.0,0.0401069518716578,,,0,14.2,22.2
1999,REG,00-0010599,,Derrick Mayes,WR,WR,,16,SEA,0,0,0,0,0,0,0,0,0,0,0,0,,0,,,0,0,0,0,0,0,,0,62,103,829,10,1,0,0,0,43,54.1453475932677,0,0.0,0.206827309236948,,,0,142.9,204.9
1999,REG,00-0010650,,Ed McCaffrey,WR,WR,,15,DEN,0,0,0,0,0,0,0,0,0,0,0,0,,0,,,0,0,0,0,0,0,,0,70,122,1001,7,0,0,0,0,44,25.9158474558783,0,0.0,0.241584158415842,,,0,142.1,212.1
1999,REG,00-0010668,,Keenan McCardell,WR,WR,,16,JAX,0,0,0,0,0,0,0,0,0,0,0,0,,0,,,0,0,0,0,0,0,,0,78,147,891,5,1,0,0,0,50,22.3270983639458,1,0.0,0.281070745697897,,,0,121.1,199.1
1999,REG,00-0010747,,Fred McCrary,RB,RB,,15,LAC,0,0,0,0,0,0,0,0,0,0,0,0,,0,,,0,0,0,0,0,0,,0,37,50,201,1,0,0,0,0,7,-5.79781123053146,0,0.0,0.0970873786407767,,,0,26.1,63.1
1999,REG,00-0010762,,Andy McCullough,WR,WR,,2,ARI,0,0,0,0,0,0,0,0,0,0,0,0,,0,,,0,0,0,0,0,0,,0,3,6,45,0,0,0,0,0,2,-2.99197740317322,0,0.0,0.0895522388059701,,,0,4.5,7.5
1999,REG,00-0010796,,Darnell McDonald,WR,WR,,7,TB,0,0,0,0,0,0,0,0,0,0,0,0,,0,,,0,0,0,0,0,0,,0,9,15,96,1,0,0,0,1,4,1.96268024151208,0,0.0,0.0691244239631337,,,0,15.6,24.6
1999,REG,00-0010824,,O.J. McDuffie,WR,WR,,12,MIA,0,0,0,0,0,0,0,0,0,0,0,0,,0,,,0,0,0,0,0,0,,0,42,78,503,2,1,1,0,0,30,2.4202905671474,0,0.0,0.199488491048593,,,0,60.3,102.3
1999,REG,00-0010843,,Wane McGarity,WR,WR,,5,DAL,0,0,0,0,0,0,0,0,0,0,0,0,,0,,,0,0,0,0,0,0,,0,7,19,70,0,0,0,0,0,2,-5.01526489258703,0,0.0,0.123376623376623,,,0,7.0,14.0
1999,REG,00-0010859,,Tony McGee,TE,TE,,16,CIN,0,0,0,0,0,0,0,0,0,0,0,0,,0,,,0,0,0,0,0,0,,0,26,49,344,2,0,0,0,0,17,7.60208921854863,0,0.0,0.0936902485659656,,,0,46.4,72.4
1999,REG,00-0010892,,Travis McGriff,WR,WR,,5,DEN,0,0,0,0,0,0,0,0,0,0,0,0,,0,,,0,0,0,0,0,0,,0,3,7,37,0,0,0,0,0,2,1.67143445558628,0,0.0,0.0374331550802139,,,0,3.7,6.7
1999,REG,00-0010942,,Kevin McKenzie,WR,WR,,1,MIA,0,0,0,0,0,0,0,0,0,0,0,0,,0,,,0,0,0,0,0,0,,0,2,3,18,0,1,1,0,0,0,-7.71342738135718,0,0.0,0.0612244897959184,,,0,-0.2,1.8
1999,REG,00-0010951,,Dennis McKinley,RB,RB,,2,ARI,0,0,0,0,0,0,0,0,0,0,0,0,,0,,,0,0,0,0,0,0,,0,1,2,4,0,0,0,0,0,0,-0.973023143364117,0,0.0,0.0263157894736842,,,0,0.4,1.4
1999,REG,00-0010994,,Kevin McLeod,RB,RB,,2,TB,0,0,0,0,0,0,0,0,0,0,0,0,,0,,,0,0,0,0,0,0,,0,2,3,5,1,0,0,0,0,1,0.0449042461405043,0,0.0,0.0491803278688525,,,0,6.5,8.5
1999,REG,00-0011022,,Donovan McNabb,QB,QB,,11,PHI,105,213,934,8,6,28,204,6,4,0,0,54,-81.3063395385089,1,0.0,0.0253592431628418,45,309,0,2,2,16,5.27056841021243,1,1,1,-6,0,0,0,0,0,0,-1.0454274925869,0,0.0,0.032258064516129,,,0,79.66,80.66
1999,REG,00-0011024,,Steve McNair,QB,QB,,11,TEN,185,329,2152,12,8,16,74,2,1,0,0,99,9.28402293921994,1,0.0,0.0847390252392106,71,328,8,1,0,33,17.3480811705224,0,0,0,0,0,0,0,0,0,0,,0,,,,,0,198.88,198.88
1999,REG,00-0011044,,Cade McNown,QB,QB,,15,CHI,126,230,1452,8,8,18,94,3,2,0,0,64,-20.3350293375667,0,0.0,0.0254848033755739,31,150,0,3,1,10,-2.46197781583615,1,0,0,0,0,0,0,0,0,0,,0,,,,,0,85.08,85.08
1999,REG,00-0011068,,Johnny McWilliams,TE,TE,,11,ARI,0,0,0,0,0,0,0,0,0,0,0,0,,0,,,0,0,0,0,0,0,,0,11,20,71,1,1,0,0,0,2,-1.80803426913917,0,0.0,0.0544959128065395,,,0,13.1,24.1
1999,REG,00-0011081,,Natrone Means,RB,RB,,7,LAC,0,0,0,0,0,0,0,0,0,0,0,0,,0,,,111,273,4,0,0,16,-21.6234311359478,0,9,13,51,1,0,0,0,0,2,1.36365980707342,0,0.0,0.0783132530120482,,,0,62.4,71.4
1999,REG,00-0011151,,Eric Metcalf,WR,WR,,10,CAR,0,0,0,0,0,0,0,0,0,0,0,0,,0,,,2,20,0,0,0,1,1.81251992587931,0,11,22,133,0,0,0,0,13,6,-3.85430962016108,0,0.0,0.0645161290322581,,,0,15.3,26.3
1999,REG,00-0011187,,Terry Mickens,WR,WR,,14,LV,0,0,0,0,0,0,0,0,0,0,0,0,,0,,,0,0,0,0,0,0,,0,20,40,261,0,1,1,0,2,13,-5.71964545866923,0,0.0,0.0884955752212389,,,0,24.1,44.1
1999,REG,00-0011213,,Glyn Milburn,WR,WR,,14,CHI,0,0,0,0,0,0,0,0,0,0,0,0,,0,,,16,102,1,0,0,5,2.26077380339848,0,20,30,151,0,1,0,0,2,7,-0.617878878721967,0,0.0,0.0632911392405063,,,0,31.3,51.3
1999,REG,00-0011224,,Itula Mili,TE,TE,,7,SEA,0,0,0,0,0,0,0,0,0,0,0,0,,0,,,0,0,0,0,0,0,,0,5,10,28,1,1,1,0,0,1,-7.27149488707073,0,0.0,0.0458715596330275,,,0,6.8,11.8
1999,REG,00-0011236,,Billy Miller,TE,TE,,6,DEN,0,0,0,0,0,0,0,0,0,0,0,0,,0,,,0,0,0,0,0,0,,0,5,10,59,0,0,0,0,0,3,0.986967827972863,0,0.0,0.0505050505050505,,,0,5.9,10.9
1999,REG,00-0011244,,Chris Miller,QB,QB,,3,DEN,45,80,512,2,1,7,51,1,0,0,0,22,-5.88715638645664,0,0.0,0.0394130944607216,8,40,0,1,0,3,1.90537656639935,0,0,0,0,0,0,0,0,0,0,,0,,,,,0,30.48,30.48
1999,REG,00-0011276,,Jim Miller,QB,QB,,5,CHI,109,172,1233,7,6,7,43,2,1,0,0,53,22.3458405689882,0,0.0,0.0772002488048587,3,9,0,2,0,1,-2.11259594466537,0,0,0,0,0,0,0,0,0,0,,0,,,,,0,64.22,64.22
1999,REG,00-0011279,,Josh Miller,P,SPEC,,2,PIT,0,0,0,0,0,0,0,0,0,0,0,0,,0,,,2,-9,0,1,0,0,-3.10462172405565,0,0,0,0,0,0,0,0,0,0,,0,,,,,0,-0.9,-0.9
1999,REG,00-0011328,,Ernie Mills,WR,WR,,11,DAL,0,0,0,0,0,0,0,0,0,0,0,0,,0,,,1,-1,0,0,0,0,-0.810797337908298,0,29,51,317,0,0,0,0,0,14,3.60682178152647,0,0.0,0.157407407407407,,,0,31.6,60.6
1999,REG,00-0011333,,John Henry Mills,RB,RB,,2,MIN,0,0,0,0,0,0,0,0,0,0,0,0,,0,,,0,0,0,0,0,0,,0,3,3,30,0,0,0,0,17,3,4.15591240790673,0,0.0,0.0434782608695652,,,0,3.0,6.0
1999,REG,00-0011341,,Brian Milne,RB,RB,,1,CIN,0,0,0,0,0,0,0,0,0,0,0,0,,0,,,3,30,0,0,0,1,1.05899903201498,0,0,0,0,0,0,0,0,0,0,,1,,,,,0,5.0,5.0
1999,REG,00-0011378,,Rick Mirer,QB,QB,,7,NYJ,92,173,1042,5,9,22,102,1,1,0,0,47,-21.0546557147278,0,0.0,0.0282343169307404,21,89,1,2,0,4,-5.67814660459354,0,0,0,0,0,0,0,0,0,0,,0,,,,,0,56.58,56.58
1999,REG,00-0011392,,Basil Mitchell,RB,RB,,5,GB,0,0,0,0,0,0,0,0,0,0,0,0,,0,,,27,108,0,1,0,6,-0.195318371930625,0,6,9,48,0,0,0,0,0,1,0.212906800326891,0,0.0,0.0947368421052632,,,1,21.6,27.6
1999,REG,00-0011399,,Brian Mitchell,RB,RB,,16,WAS,0,0,0,0,0,0,0,0,0,0,0,0,,0,,,40,220,1,0,0,12,-4.51984607640402,0,31,40,305,0,1,0,0,0,12,2.31514182506425,0,0.0,0.0873362445414847,,,0,58.5,89.5
1999,REG,00-0011425,,Pete Mitchell,TE,TE,,15,NYG,0,0,0,0,0,0,0,0,0,0,0,0,,0,,,0,0,0,0,0,0,,0,58,90,520,3,1,1,0,0,34,23.6692096227046,0,0.0,0.166666666666667,,,0,68.0,126.0
1999,REG,00-0011434,,Scott Mitchell,QB,QB,,1,BAL,7,16,48,0,2,1,5,0,0,0,0,2,-6.24089450406342,0,0.0,0.0309575570800017,1,1,0,0,0,0,-1.24591396283358,0,0,0,0,0,0,0,0,0,0,,0,,,,,0,-1.98,-1.98
1999,REG,00-0011463,,Chris Mohr,P,SPEC,,1,BUF,0,0,0,0,0,0,0,0,0,0,0,0,,0,,,1,0,0,0,0,0,-3.42744247999508,0,0,0,0,0,0,0,0,0,0,,0,,,,,0,0.0,0.0
1999,REG,00-0011488,,Rod Monroe,TE,TE,,1,ATL,0,0,0,0,0,0,0,0,0,0,0,0,,0,,,0,0,0,0,0,0,,0,1,1,8,0,0,0,0,0,0,0.662847620435059,0,0.0,0.037037037037037,,,0,0.8,1.8
1999,REG,00-0011506,,Joe Montgomery,RB,RB,,6,NYG,0,0,0,0,0,0,0,0,0,0,0,0,,0,,,115,348,3,2,2,22,-23.5645642666786,1,0,1,0,0,0,0,0,0,0,-0.378218286205083,0,,0.0238095238095238,,,0,50.8,50.8
1999,REG,00-0011524,,Warren Moon,QB,QB,,1,KC,1,3,20,0,0,0,0,0,0,0,0,1,-0.141042910894612,0,0.0,,0,0,0,0,0,0,,0,0,0,0,0,0,0,0,0,0,,0,,,,,0,0.8,0.8
1999,REG,00-0011551,,Dave Moore,TE,TE,,16,TB,0,0,0,0,0,0,0,0,0,0,0,0,,0,,,0,0,0,0,0,0,,0,23,37,276,5,0,0,0,0,12,13.7133306592029,0,0.0,0.0854503464203233,,,0,57.6,80.6
1999,REG,00-0011568,,Herman Moore,WR,WR,,6,DET,0,0,0,0,0,0,0,0,0,0,0,0,,0,,,0,0,0,0,0,0,,0,16,31,197,2,0,0,0,8,10,6.45144474560985,0,0.0,0.128099173553719,,,0,31.7,47.7
1999,REG,00-0011601,,Rob Moore,WR,WR,,13,ARI,0,0,0,0,0,0,0,0,0,0,0,0,,0,,,0,0,0,0,0,0,,0,37,96,621,5,0,0,0,0,26,-3.36240773808475,0,0.0,0.216704288939052,,,0,92.1,129.1
1999,REG,00-0011640,,Moses Moreno,QB,QB,,1,LAC,5,7,78,0,0,1,3,0,0,0,0,2,1.47374619250576,0,0.0,0.112791103865446,0,0,0,0,0,0,,0,0,0,0,0,0,0,0,0,0,,0,,,,,0,3.12,3.12
1999,REG,00-0011675,,Bam Morris,RB,RB,,12,KC,0,0,0,0,0,0,0,0,0,0,0,0,,0,,,120,414,3,2,1,16,-19.0327355107775,0,7,11,37,0,1,0,0,0,0,-3.42175646529049,0,0.0,0.0628571428571429,,,0,61.1,68.1
1999,REG,00-0011718,,Harold Morrow,FB,RB,,1,MIN,0,0,0,0,0,0,0,0,0,0,0,0,,0,,,2,1,0,0,0,0,-0.60286357847508,0,0,0,0,0,0,0,0,0,0,,0,,,,,0,0.1,0.1
1999,REG,00-0011727,,Johnnie Morton,WR,WR,,16,DET,0,0,0,0,0,0,0,0,0,0,0,0,,0,,,0,0,0,0,0,0,,0,79,131,1084,5,0,0,0,42,51,36.6967317853552,0,0.0,0.2430426716141,,,0,138.4,217.4
1999,REG,00-0011754,,Randy Moss,WR,WR,,16,MIN,1,1,27,1,0,0,0,0,0,0,0,1,3.3389932269929,0,0.0,,4,43,0,0,0,3,2.76023159595206,0,79,135,1392,11,1,1,0,50,50,44.7647813260775,0,0.0,0.27,,,1,218.58,297.58
1999,REG,00-0011770,,Eric Moulds,WR,WR,,14,BUF,0,0,0,0,0,0,0,0,0,0,0,0,,0,,,1,1,0,0,0,0,-0.57961624849122,0,65,113,994,7,1,1,0,42,44,57.7806776118522,0,0.0,0.274271844660194,,,0,139.5,204.5
1999,REG,00-0011795,,Muhsin Muhammad,WR,WR,,15,CAR,0,0,0,0,0,0,0,0,0,0,0,0,,0,,,0,0,0,0,0,0,,0,95,154,1249,8,1,1,0,29,61,39.161903609492,0,0.0,0.289473684210526,,,0,170.9,265.9
1999,REG,00-0011854,,Yo Murphy,WR,WR,,3,TB,0,0,0,0,0,0,0,0,0,0,0,0,,0,,,0,0,0,0,0,0,,0,4,8,28,0,0,0,0,0,1,-6.01991610535343,0,0.0,0.0842105263157895,,,0,2.8,6.8
1999,REG,00-0011869,,Adrian Murrell,RB,RB,,16,ARI,0,0,0,0,0,0,0,0,0,0,0,0,,0,,,192,554,0,2,1,25,-46.978247276335,0,48,70,328,0,2,1,0,0,12,-20.680668403432,0,0.0,0.130353817504656,,,0,84.2,132.2
1999,REG,00-0011932,,Marcus Nash,WR,WR,,2,BAL,0,0,0,0,0,0,0,0,0,0,0,0,,0,,,0,0,0,0,0,0,,0,0,3,0,0,0,0,0,0,0,-2.25358648959082,0,,0.0545454545454545,,,0,0.0,0.0
1999,REG,00-0011958,,Lorenzo Neal,FB,RB,,9,TEN,0,0,0,0,0,0,0,0,0,0,0,0,,0,,,2,1,1,0,0,1,1.29244276497047,0,7,11,27,2,0,0,0,9,3,-0.0977553545380943,0,0.0,0.0460251046025105,,,0,20.8,27.8
1999,REG,00-0012261,,Neil O'Donnell,QB,QB,,8,TEN,114,192,1374,10,4,9,63,2,2,0,0,64,15.9469523621001,0,0.0,0.0767647652593238,19,1,0,3,0,0,-6.66163221656461,0,0,0,0,0,0,0,0,0,0,,0,,,,,0,83.06,83.06
1999,REG,00-0012317,,A.J. Ofodile,TE,TE,,5,BAL,0,0,0,0,0,0,0,0,0,0,0,0,,0,,,0,0,0,0,0,0,,0,4,9,25,0,0,0,0,0,0,-8.09852140420117,0,0.0,0.0463917525773196,,,0,2.5,6.5
1999,REG,00-0012321,,Jeff Ogden,WR,WR,,13,DAL,0,0,0,0,0,0,0,0,0,0,0,0,,0,,,0,0,0,0,0,0,,0,12,27,144,0,0,0,0,0,9,-4.60096552723553,0,0.0,0.0685279187817259,,,0,14.4,26.4
1999,REG,00-0012368,,Winslow Oliver,RB,RB,,8,ATL,0,0,0,0,0,0,0,0,0,0,0,0,,0,,,8,32,0,1,1,1,-6.1671933819307,0,8,13,74,0,0,0,0,0,5,-7.44664335134439,0,0.0,0.1,,,1,14.6,22.6
1999,REG,00-0012370,,Brock Olivo,RB,RB,,2,DET,0,0,0,0,0,0,0,0,0,0,0,0,,0,,,1,1,0,0,0,1,0.559570958372206,0,4,8,24,0,0,0,0,0,1,-2.64861461141845,0,0.0,0.105263157894737,,,0,2.5,6.5
1999,REG,00-0012478,,Terrell Owens,WR,WR,,14,SF,0,0,0,0,0,0,0,0,0,0,0,0,,0,,,0,0,0,0,0,0,,0,59,95,747,4,1,1,0,0,36,13.2045142808576,0,0.0,0.205183585313175,,,0,96.7,155.7
1999,REG,00-0012480,,Ken Oxendine,RB,RB,,12,ATL,0,0,0,0,0,0,0,0,0,0,0,0,,0,,,138,442,1,5,4,22,-31.894423698308,0,17,22,172,1,0,0,0,0,8,9.19358143827412,0,0.0,0.0670731707317073,,,0,65.4,82.4
1999,REG,00-0012515,,David Palmer,RB,RB,,6,MIN,0,0,0,0,0,0,0,0,0,0,0,0,,0,,,3,12,0,0,0,0,-0.220188058854546,0,4,7,25,0,0,0,0,0,3,-0.244004833512008,0,0.0,0.0445859872611465,,,0,3.7,7.7
1999,REG,00-0012556,,De'Mond Parker,RB,RB,,5,GB,0,0,0,0,0,0,0,0,0,0,0,0,,0,,,36,184,2,0,0,11,4.46574310428696,0,4,5,15,0,0,0,0,0,0,-2.27270045876503,0,0.0,0.0520833333333333,,,0,31.9,35.9
1999,REG,00-0012603,,Bernie Parmalee,RB,RB,,14,NYJ,0,0,0,0,0,0,0,0,0,0,0,0,,0,,,27,133,0,0,0,7,-2.54216221679037,0,13,17,97,0,0,0,0,0,4,-1.82268831651071,0,0.0,0.0598591549295775,,,0,23.0,36.0
1999,REG,00-0012637,,Jerome Pathon,WR,WR,,7,IND,0,0,0,0,0,0,0,0,0,0,0,0,,0,,,0,0,0,0,0,0,,0,14,32,163,0,0,0,0,0,7,-7.3391974792878,0,0.0,0.131147540983607,,,0,16.3,30.3
1999,REG,00-0012642,,David Patten,WR,WR,,13,NYG,0,0,0,0,0,0,0,0,0,0,0,0,,0,,,1,27,0,0,0,1,1.9834792673937,0,9,28,115,0,0,0,0,0,6,-10.1503493429982,0,0.0,0.0651162790697674,,,0,14.2,23.2
1999,REG,00-0012726,,Doug Pederson,QB,QB,,10,PHI,118,226,1257,7,9,20,109,6,5,0,0,61,-53.7868429853152,0,0.0,0.0251076833890204,19,31,0,1,1,3,-12.5722643402842,0,0,0,0,0,0,0,0,0,0,,0,,,,,0,51.38,51.38
1999,REG,00-0012732,,Rodney Peete,QB,QB,,2,WAS,8,17,107,2,1,2,9,0,0,0,0,6,-3.25202271783065,0,0.0,0.0402902100221119,2,-1,0,0,0,0,-1.1960719722556,0,0,0,0,0,0,0,0,0,0,,0,,,,,0,10.18,10.18
1999,REG,00-0012764,,Chris Penn,WR,WR,,13,LAC,0,0,0,0,0,0,0,0,0,0,0,0,,0,,,0,0,0,0,0,0,,0,17,38,257,1,1,1,0,0,14,4.91516314029357,0,0.0,0.0805084745762712,,,0,29.7,46.7
1999,REG,00-0012809,,Ed Perry,LS,SPEC,,1,MIA,0,0,0,0,0,0,0,0,0,0,0,0,,0,,,0,0,0,0,0,0,,0,3,4,8,1,0,0,0,0,1,-0.107986872666515,0,0.0,0.0769230769230769,,,0,6.8,9.8
1999,REG,00-0012832,,Wilmont Perry,RB,RB,,5,NO,0,0,0,0,0,0,0,0,0,0,0,0,,0,,,48,180,0,0,0,8,-5.80952941690278,0,4,9,26,0,0,0,0,0,1,-3.25372967065778,0,0.0,0.0588235294117647,,,0,20.6,24.6
1999,REG,00-0012931,,Lawrence Phillips,RB,RB,,8,SF,0,0,0,0,0,0,0,0,0,0,0,0,,0,,,30,144,2,0,0,8,-0.78156200271193,0,15,20,152,0,1,0,0,0,5,5.01020802353742,0,0.0,0.072463768115942,,,0,41.6,56.6
1999,REG,00-0012946,,Dino Philyaw,RB,RB,,3,NO,0,0,0,0,0,0,0,0,0,0,0,0,,0,,,4,16,0,0,0,1,-0.508434182644123,0,2,5,23,0,0,0,0,0,1,0.811196312948596,0,0.0,0.108695652173913,,,0,3.9,5.9
1999,REG,00-0012953,,Carl Pickens,WR,WR,,16,CIN,1,1,6,0,0,0,0,0,0,0,0,1,1.24674361234065,0,0.0,,0,0,0,0,0,0,,0,57,107,737,6,1,1,0,0,32,2.59184329710637,0,0.0,0.204588910133843,,,0,107.94,164.94
1999,REG,00-0012971,,Aaron Pierce,TE,TE,,8,BAL,0,0,0,0,0,0,0,0,0,0,0,0,,0,,,0,0,0,0,0,0,,0,10,17,99,0,1,1,0,0,4,1.65327632395941,0,0.0,0.06640625,,,0,7.9,17.9
1999,REG,00-0013013,,Michael Pittman,RB,RB,"https://static.www.nfl.com/image/private/f_auto,q_auto/league/xt52pieoe86wnuy0imar",10,ARI,1,1,26,0,0,0,0,0,0,0,0,1,1.89052732277196,0,0.0,,63,287,2,2,1,11,-11.3702424189447,0,16,27,196,0,0,0,0,0,8,5.57094230314882,0,0.0,0.0813253012048193,,,0,59.34,75.34
1999,REG,00-0013028,,Scott Player,P,SPEC,,1,ARI,0,0,0,0,0,0,0,0,0,0,0,0,,0,,,1,-18,0,0,0,0,-1.10600580973551,0,0,0,0,0,0,0,0,0,0,,0,,,,,0,-1.8,-1.8
1999,REG,00-0013042,,Jake Plummer,QB,QB,,12,ARI,200,379,2104,9,23,27,152,3,0,0,0,109,-64.721973629015,0,0.0,0.0262490309136349,38,114,2,4,1,12,-11.3632360436676,0,0,0,0,0,0,0,0,0,0,,0,,,,,0,95.56,95.56
1999,REG,00-0013080,,Marcus Pollard,TE,TE,,15,IND,0,0,0,0,0,0,0,0,0,0,0,0,,0,,,0,0,0,0,0,0,,0,33,46,361,4,2,2,0,0,18,9.03222315674298,0,0.0,0.0918163672654691,,,0,56.1,89.1
1999,REG,00-0013097,,Keith Poole,WR,WR,,15,NO,0,0,0,0,0,0,0,0,0,0,0,0,,0,,,1,14,0,0,0,1,0.918904900550842,0,40,82,777,6,0,0,0,28,34,27.3404782683086,0,0.0,0.165322580645161,,,0,115.1,155.1
1999,REG,00-0013108,,Daniel Pope,P,SPEC,,1,KC,0,0,0,0,0,0,0,0,0,0,0,0,,0,,,1,0,0,1,0,0,-3.0936212404049,0,0,0,0,0,0,0,0,0,0,,0,,,,,0,0.0,0.0
1999,REG,00-0013173,,Marvin Powell,RB,RB,,2,NO,0,0,0,0,0,0,0,0,0,0,0,0,,0,,,1,1,0,0,0,0,-0.284480067901313,0,0,1,0,0,0,0,0,0,0,-0.552022403280716,0,,0.0357142857142857,,,0,0.1,0.1
1999,REG,00-0013176,,Ronnie Powell,WR,WR,,2,CLE,0,0,0,0,0,0,0,0,0,0,0,0,,0,,,1,-14,0,0,0,0,-2.39389155013487,0,1,1,45,0,0,0,0,0,1,3.49384537094738,0,0.0,0.0263157894736842,,,0,3.1,4.1
1999,REG,00-0013232,,Peerless Price,WR,WR,,15,BUF,0,0,0,0,0,0,0,0,0,0,0,0,,0,,,1,-7,0,0,0,0,-1.11829541181214,0,31,68,393,3,0,0,0,8,19,1.2944655756407,0,0.0,0.142557651991614,,,0,56.6,87.6
1999,REG,00-0013258,,Mike Pritchard,WR,WR,,13,SEA,0,0,0,0,0,0,0,0,0,0,0,0,,0,,,0,0,0,0,0,0,,0,26,48,375,2,0,0,0,0,19,16.9718175685644,0,0.0,0.116788321167883,,,0,49.5,75.5
1999,REG,00-0013262,,Stanley Pritchett,RB,RB,,14,MIA,0,0,0,0,0,0,0,0,0,0,0,0,,0,,,47,158,1,0,0,11,-7.03734434759594,0,42,57,307,4,0,0,0,0,18,4.60567593110886,0,0.0,0.112648221343874,,,0,76.5,118.5
1999,REG,00-0013268,,Ricky Proehl,WR,WR,,13,LA,0,0,0,0,0,0,0,0,0,0,0,0,,0,,,0,0,0,0,0,0,,0,31,44,325,0,0,0,0,1,22,20.768005212351,0,0.0,0.103286384976526,,,0,32.5,63.5
1999,REG,00-0013298,,Alfred Pupunu,TE,TE,,3,LAC,0,0,0,0,0,0,0,0,0,0,0,0,,0,,,0,0,0,0,0,0,,0,4,5,17,0,0,0,0,0,0,-4.65494793630205,0,0.0,0.0510204081632653,,,0,1.7,5.7
1999,REG,00-0013308,,Lovett Purnell,TE,TE,,1,BAL,0,0,0,0,0,0,0,0,0,0,0,0,,0,,,0,0,0,0,0,0,,0,2,3,10,0,0,0,0,0,0,-0.533485071617179,0,0.0,0.0967741935483871,,,0,1.0,3.0
1999,REG,00-0013422,,Walter Rasby,TE,TE,,4,DET,0,0,0,0,0,0,0,0,0,0,0,0,,0,,,0,0,0,0,0,0,,0,3,5,19,1,0,0,0,0,2,-0.63971525937086,0,0.0,0.0352112676056338,,,0,7.9,10.9
1999,REG,00-0013499,,Andre Reed,WR,WR,,16,BUF,0,0,0,0,0,0,0,0,0,0,0,0,,0,,,0,0,0,0,0,0,,0,52,93,536,1,0,0,0,12,31,-2.55886331489904,0,0.0,0.186372745490982,,,0,59.6,111.6
1999,REG,00-0013512,,Jake Reed,WR,WR,,15,MIN,0,0,0,0,0,0,0,0,0,0,0,0,,0,,,0,0,0,0,0,0,,0,43,76,625,2,0,0,0,0,26,24.4199347227325,0,0.0,0.158333333333333,,,0,74.5,117.5
1999,REG,00-0013523,,Robert Reed,WR,WR,,1,LAC,0,0,0,0,0,1,11,0,0,0,0,0,-1.40716885961592,0,,,0,0,0,0,0,0,,0,1,1,1,0,1,1,0,0,0,-3.48494489840232,0,0.0,0.05,,,0,-1.9,-0.9
1999,REG,00-0013622,,Errict Rhett,RB,RB,,14,BAL,0,0,0,0,0,0,0,0,0,0,0,0,,0,,,233,810,5,0,0,36,-41.9677550695622,0,24,32,169,2,0,0,0,0,7,-5.76133608346572,0,0.0,0.0829015544041451,,,0,139.9,163.9
1999,REG,00-0013639,,Jerry Rice,WR,WR,,16,SF,0,1,0,0,0,0,0,0,0,0,0,0,-0.668821464641951,0,,,2,13,0,0,0,1,0.0255412156693637,0,67,124,830,5,0,0,0,22,41,24.3880954706839,0,0.0,0.228782287822878,,,0,114.3,181.3
1999,REG,00-0013694,,Tony Richardson,FB,RB,,16,KC,0,0,0,0,0,0,0,0,0,0,0,0,,0,,,83,382,1,1,1,28,-5.25816461989804,0,23,28,112,0,0,0,0,0,3,-4.49410864565289,0,0.0,0.0674698795180723,,,0,53.4,76.4
1999,REG,00-0013712,,Mikhael Ricks,TE,TE,,16,LAC,0,1,0,0,0,0,0,0,0,0,0,0,-0.347083701344673,0,,,2,11,0,0,0,0,0.348681854200549,0,40,74,429,0,0,0,0,0,24,11.2567939269728,1,0.0,0.134790528233151,,,0,46.0,86.0
1999,REG,00-0013728,,Jay Riemersma,TE,TE,,14,BUF,0,0,0,0,0,0,0,0,0,0,0,0,,0,,,0,0,0,0,0,0,,0,37,65,496,4,0,0,0,25,25,10.9369192741711,0,0.0,0.143805309734513,,,0,73.6,110.6
1999,REG,00-0013770,,Andre Rison,WR,WR,,15,KC,0,0,0,0,0,0,0,0,0,0,0,0,,0,,,0,0,0,0,0,0,,0,21,45,218,0,0,0,0,0,11,-2.93880006232349,0,0.0,0.0984682713347921,,,0,21.8,42.8
1999,REG,00-0013773,,Jon Ritchie,FB,RB,,16,LV,0,0,0,0,0,0,0,0,0,0,0,0,,0,,,5,12,0,0,0,4,-0.534667847328819,0,45,61,408,1,0,0,0,14,23,18.001049831917,0,0.0,0.121031746031746,,,0,48.0,93.0
1999,REG,00-0013785,,Ron Rivers,RB,RB,,7,DET,0,0,0,0,0,0,0,0,0,0,0,0,,0,,,82,295,0,0,0,15,-12.6389283875469,0,22,24,173,1,0,0,0,0,8,6.10610065498633,0,0.0,0.126984126984127,,,0,52.8,74.8
1999,REG,00-0013792,,Michael Roan,TE,TE,,9,TEN,0,0,0,0,0,0,0,0,0,0,0,0,,0,,,0,0,0,0,0,0,,0,9,20,93,3,0,0,0,0,6,-0.363156849910527,0,0.0,0.0675675675675676,,,0,27.3,36.3
1999,REG,00-0013850,,Damien Robinson,FS,DB,,1,TB,0,0,0,0,0,0,0,0,0,0,0,0,,0,,,0,0,0,0,0,0,,0,1,1,17,0,0,0,0,0,1,3.46853672235739,0,0.0,0.032258064516129,,,0,1.7,2.7
1999,REG,00-0013872,,Jeff Robinson,LS,SPEC,,7,LA,0,0,0,0,0,0,0,0,0,0,0,0,,0,,,0,0,0,0,0,0,,0,6,11,76,2,0,0,0,0,4,-1.04584002011688,0,0.0,0.0460251046025105,,,0,19.6,25.6
1999,REG,00-0013888,,Marcus Robinson,WR,WR,,16,CHI,0,0,0,0,0,0,0,0,0,0,0,0,,0,,,0,0,0,0,0,0,,0,83,148,1389,9,0,0,0,185,55,62.5543633489118,0,0.0,0.222556390977444,,,0,192.9,275.9
1999,REG,00-0013958,,Charlie Rogers,RB,RB,,1,SEA,0,0,0,0,0,0,0,0,0,0,0,0,,0,,,0,0,0,0,0,0,,0,0,0,0,0,0,0,0,0,0,,0,,,,,1,6.0,6.0
1999,REG,00-0014071,,Allen Rossum,DB,DB,,1,PHI,0,0,0,0,0,0,0,0,0,0,0,0,,0,,,0,0,0,0,0,0,,0,0,0,0,0,0,0,0,0,0,,0,,,,,1,6.0,6.0
1999,REG,00-0014083,,Tom Rouen,P,SPEC,,1,DEN,0,0,0,0,0,0,0,0,0,0,0,0,,0,,,1,0,0,1,0,0,-0.913258016982581,0,0,0,0,0,0,0,0,0,0,,0,,,,,0,0.0,0.0
1999,REG,00-0014115,,Mark Royals,P,SPEC,,2,TB,1,2,17,0,0,0,0,0,0,0,0,1,1.24652979103848,0,0.0,,0,0,0,0,0,0,,0,0,0,0,0,0,0,0,0,0,,0,,,,,0,0.68,0.68
1999,REG,00-0014211,,Rod Rutledge,TE,TE,,9,NE,0,0,0,0,0,0,0,0,0,0,0,0,,0,,,0,0,0,0,0,0,,0,7,12,66,0,1,0,0,0,3,1.34078680293169,0,0.0,0.0390879478827362,,,0,6.6,13.6
1999,REG,00-0014256,,Rashaan Salaam,RB,RB,,1,CLE,0,0,0,0,0,0,0,0,0,0,0,0,,0,,,1,2,0,0,0,0,-0.109884355770191,0,0,0,0,0,0,0,0,0,0,,0,,,,,0,0.2,0.2
1999,REG,00-0014319,,Chris Sanders,WR,WR,,15,TEN,0,0,0,0,0,0,0,0,0,0,0,0,,0,,,0,0,0,0,0,0,,0,19,47,314,1,0,0,0,4,10,-1.65064660925418,0,0.0,0.0965092402464066,,,0,37.4,56.4
1999,REG,00-0014324,,Deion Sanders,CB,DB,,5,DAL,0,1,0,0,0,0,0,0,0,0,0,0,-0.399638631846756,0,,,0,0,0,0,0,0,,0,4,9,24,0,0,0,0,0,1,-6.5282222820744,0,0.0,0.0857142857142857,,,1,8.4,12.4
1999,REG,00-0014328,,Frank Sanders,WR,WR,,16,ARI,0,1,0,0,0,0,0,0,0,0,0,0,-1.06277849967591,0,,,0,0,0,0,0,0,,0,79,152,954,1,2,2,0,0,56,3.23935859837896,0,0.0,0.283054003724395,,,0,97.4,176.4
1999,REG,00-0014350,,O.J. Santiago,TE,TE,,10,ATL,0,0,0,0,0,0,0,0,0,0,0,0,,0,,,0,0,0,0,0,0,,0,15,30,174,0,0,0,0,0,8,1.3780266566306,0,0.0,0.0898203592814371,,,0,17.4,32.4
1999,REG,00-0014377,,Todd Sauerbrun,P,SPEC,,1,CHI,0,0,0,0,0,0,0,0,0,0,0,0,,0,,,1,-2,0,1,1,0,-7.29931263963226,0,0,0,0,0,0,0,0,0,0,,0,,,,,0,-2.2,-2.2
1999,REG,00-0014450,,Cory Schlesinger,RB,RB,,16,DET,0,0,0,0,0,0,0,0,0,0,0,0,,0,,,42,121,0,3,1,9,-17.9355693936814,0,21,34,151,1,1,0,0,0,6,-2.19805538101355,0,0.0,0.0693877551020408,,,0,31.2,52.2
1999,REG,00-0014489,,Bill Schroeder,WR,WR,,16,GB,0,0,0,0,0,0,0,0,0,0,0,0,,0,,,0,0,0,0,0,0,,0,74,123,1051,5,3,1,0,0,52,42.7729756078975,0,0.0,0.212068965517241,,,0,133.1,207.1
1999,REG,00-0014544,,Darnay Scott,WR,WR,,16,CIN,0,0,0,0,0,0,0,0,0,0,0,0,,0,,,0,0,0,0,0,0,,0,67,121,1012,6,0,0,0,0,45,41.9181343619641,0,0.0,0.231357552581262,,,0,137.2,204.2
1999,REG,00-0014619,,Junior Seau,LB,LB,,4,LAC,0,0,0,0,0,0,0,0,0,0,0,0,,0,,,0,0,0,0,0,0,,0,2,4,8,0,0,0,0,0,0,-0.539707406773232,0,0.0,0.0273972602739726,,,0,0.8,2.8
1999,REG,00-0014655,,Mike Sellers,TE,TE,,8,WAS,0,0,0,0,0,0,0,0,0,0,0,0,,0,,,0,0,0,0,0,0,,0,7,12,105,2,1,0,0,0,4,2.4646521161194,0,0.0,0.0422535211267606,,,0,22.5,29.5
1999,REG,00-0014722,,Shannon Sharpe,TE,TE,,5,DEN,0,0,0,0,0,0,0,0,0,0,0,0,,0,,,0,0,0,0,0,0,,0,23,37,224,0,0,0,0,9,9,-9.04796909337165,0,0.0,0.234177215189873,,,0,22.4,45.4
1999,REG,00-0014729,,Bobby Shaw,WR,WR,,9,PIT,0,0,0,0,0,0,0,0,0,0,0,0,,0,,,0,0,0,0,0,0,,0,27,42,376,3,0,0,0,0,17,21.5064072806791,0,0.0,0.13166144200627,,,0,55.6,82.6
1999,REG,00-0014733,,Harold Shaw,FB,RB,,2,NE,0,0,0,0,0,0,0,0,0,0,0,0,,0,,,9,23,0,0,0,2,-2.56184249627404,0,2,3,31,0,0,0,0,0,1,1.43346370081417,0,0.0,0.15,,,0,5.4,7.4
1999,REG,00-0014742,,Sedrick Shaw,RB,RB,,3,CIN,0,0,0,0,0,0,0,0,0,0,0,0,,0,,,7,22,1,0,0,3,1.57375532959122,0,3,3,4,0,1,0,0,0,0,-1.78088706429116,0,0.0,0.0652173913043478,,,0,8.6,11.6
1999,REG,00-0014753,,Kenny Shedd,WR,WR,,2,LV,0,0,0,0,0,0,0,0,0,0,0,0,,0,,,0,0,0,0,0,0,,0,0,2,0,0,0,0,0,0,0,-1.27487431769259,0,,0.0285714285714286,,,1,6.0,6.0
1999,REG,00-0014759,,Rashaan Shehee,RB,RB,,8,KC,0,0,0,0,0,0,0,0,0,0,0,0,,0,,,65,238,1,0,0,11,-14.4111814543816,0,18,21,136,0,1,1,0,0,5,-3.68437330332488,0,0.0,0.105,,,0,41.4,59.4
1999,REG,00-0014775,,Daimon Shelton,FB,RB,,10,JAX,0,0,0,0,0,0,0,0,0,0,0,0,,0,,,1,2,0,0,0,0,-0.272924412740394,0,12,15,87,0,0,0,0,0,4,2.61118548165541,0,0.0,0.0479233226837061,,,0,8.9,20.9
1999,REG,00-0014790,,Leslie Shepherd,WR,WR,,9,CLE,0,0,0,0,0,0,0,0,0,0,0,0,,0,,,1,5,0,0,0,1,1.11997627560049,0,23,57,274,0,0,0,0,0,13,-15.0155014714258,0,0.0,0.241525423728814,,,0,27.9,50.9
1999,REG,00-0014809,,Paul Shields,RB,RB,,6,IND,0,0,0,0,0,0,0,0,0,0,0,0,,0,,,0,0,0,0,0,0,,0,4,8,37,0,0,0,0,0,2,-0.563337037106976,0,0.0,0.0421052631578947,,,0,3.7,7.7
1999,REG,00-0014918,,Tony Simmons,WR,WR,,10,NE,0,0,0,0,0,0,0,0,0,0,0,0,,0,,,0,0,0,0,0,0,,0,19,33,276,2,0,0,0,0,10,3.98378069724317,0,0.0,0.0988023952095808,,,0,39.6,58.6
1999,REG,00-0015048,,David Sloan,TE,TE,,16,DET,0,0,0,0,0,0,0,0,0,0,0,0,,0,,,0,0,0,0,0,0,,0,47,76,591,4,0,0,0,35,27,23.7755594031985,0,0.0,0.14100185528757,,,0,83.1,130.1
1999,REG,00-0015053,,Scott Slutzker,TE,TE,,7,NO,0,0,0,0,0,0,0,0,0,0,0,0,,0,,,0,0,0,0,0,0,,0,11,18,164,1,1,0,0,22,7,2.08837077371163,0,0.0,0.0833333333333333,,,0,22.4,33.4
1999,REG,00-0015063,,Torrance Small,WR,WR,,15,PHI,0,2,0,0,0,0,0,0,0,0,0,0,-0.642124126548879,0,,,0,0,0,0,0,0,,0,48,98,636,4,0,0,0,2,29,-10.6839640029357,0,0.0,0.230588235294118,,,0,87.6,135.6
1999,REG,00-0015082,,Akili Smith,QB,QB,,7,CIN,79,150,793,2,6,19,110,2,0,0,0,34,-40.4730523009773,0,0.0,0.0247700778660681,18,105,1,2,0,6,2.24910931664635,0,1,1,6,0,0,0,0,0,1,1.24674361234065,0,0.0,0.0294117647058824,,,0,44.82,45.82
1999,REG,00-0015091,,Antowain Smith,RB,RB,,14,BUF,0,0,0,0,0,0,0,0,0,0,0,0,,0,,,164,602,6,4,2,27,-19.2572764086434,0,2,2,32,0,0,0,0,0,2,3.06948262464721,0,0.0,0.0350877192982456,,,0,95.4,97.4
1999,REG,00-0015152,,Detron Smith,RB,RB,,2,DEN,0,0,0,0,0,0,0,0,0,0,0,0,,0,,,1,7,0,0,0,0,0.178926044027321,0,4,5,23,0,0,0,0,0,2,3.11304020544048,0,0.0,0.0746268656716418,,,0,3.0,7.0
1999,REG,00-0015161,,Ed Smith,TE,TE,,2,PHI,0,0,0,0,0,0,0,0,0,0,0,0,,0,,,0,0,0,0,0,0,,0,0,2,0,0,0,0,0,0,0,-1.8601005780899,0,,0.0408163265306122,,,0,0.0,0.0
1999,REG,00-0015165,,Emmitt Smith,RB,RB,,15,DAL,0,0,0,0,0,0,0,0,0,0,0,0,,0,,,326,1392,11,4,2,84,-7.59833493760437,0,27,32,119,2,1,1,0,0,4,-6.39347937982529,0,0.0,0.0835509138381201,,,0,223.1,250.1
1999,REG,00-0015195,,Irv Smith,TE,TE,,11,CLE,0,0,0,0,0,0,0,0,0,0,0,0,,0,,,0,0,0,0,0,0,,0,24,42,222,1,0,0,0,0,13,4.40772397600813,0,0.0,0.118980169971671,,,0,28.2,52.2
1999,REG,00-0015218,,Jimmy Smith,WR,WR,,16,JAX,0,0,0,0,0,0,0,0,0,0,0,0,,0,,,0,0,0,0,0,0,,0,116,176,1636,6,1,1,0,0,86,97.148753816878,1,0.0,0.336520076481836,,,0,199.6,315.6
1999,REG,00-0015242,,Lamar Smith,RB,RB,,13,NO,0,1,0,0,0,0,0,0,0,0,0,0,-1.33689948404208,0,,,60,205,0,1,0,13,-12.3737386940331,0,20,30,151,1,0,0,0,20,9,-4.36824749765388,0,0.0,0.0882352941176471,,,0,41.6,61.6
1999,REG,00-0015286,,Robert Smith,RB,RB,,13,MIN,0,0,0,0,0,0,0,0,0,0,0,0,,0,,,220,1010,2,1,1,40,-9.36162021607743,0,24,30,166,0,0,0,0,0,6,-0.385118061036337,0,0.0,0.0854700854700855,,,0,127.6,151.6
1999,REG,00-0015290,,Rod Smith,WR,WR,,15,DEN,0,1,0,0,0,0,0,0,0,0,0,0,-0.68262296449393,0,,,0,0,0,0,0,0,,0,77,134,1004,4,1,1,0,0,47,24.7514511634531,0,0.0,0.269076305220884,,,0,122.4,199.4
1999,REG,00-0015331,,Troy Smith,WR,WR,,1,PHI,0,0,0,0,0,0,0,0,0,0,0,0,,0,,,0,0,0,0,0,0,,0,1,1,14,0,0,0,0,0,1,2.22085157339461,0,0.0,0.0384615384615385,,,0,1.4,2.4
1999,REG,00-0015420,,Jerald Sowell,FB,RB,,2,NYJ,0,1,0,0,0,0,0,0,0,0,0,0,-0.401073181070387,0,,,3,5,0,0,0,1,-2.67814346862724,0,0,0,0,0,0,0,0,0,0,,0,,,,,0,0.5,0.5
1999,REG,00-0015452,,Blake Spence,TE,TE,,4,NYJ,0,0,0,0,0,0,0,0,0,0,0,0,,0,,,0,0,0,0,0,0,,0,3,6,15,1,0,0,0,0,1,0.0736958561475598,0,0.0,0.0495867768595041,,,0,7.5,10.5
1999,REG,00-0015507,,Brian Stablein,WR,WR,,11,DET,0,0,0,0,0,0,0,0,0,0,0,0,,0,,,0,0,0,0,0,0,,0,10,25,115,1,0,0,0,0,7,-10.9252808608511,1,0.0,0.0702247191011236,,,0,19.5,29.5
1999,REG,00-0015523,,Duce Staley,RB,RB,,16,PHI,0,0,0,0,0,1,8,0,0,0,0,0,-1.83546337287407,0,,,324,1257,4,5,4,49,-42.7592152548605,0,41,65,294,2,0,0,0,44,19,-1.08268024657558,0,0.0,0.150115473441109,,,0,183.1,224.1
1999,REG,00-0015550,,Chad Stanley,P,SPEC,,1,SF,0,0,0,0,0,0,0,0,0,0,0,0,,0,,,1,0,0,0,0,0,-3.1725380012067,0,0,0,0,0,0,0,0,0,0,,0,,,,,0,0.0,0.0
1999,REG,00-0015627,,Steve Stenstrom,QB,QB,,6,SF,54,99,536,0,3,10,66,2,0,0,0,22,-37.3363568039288,0,0.0,0.0305580801532328,3,15,0,1,0,0,-0.907399684772827,0,1,1,9,0,0,0,0,0,0,-1.13106884801527,0,0.0,0.03125,,,0,17.84,18.84
1999,REG,00-0015655,,Tremayne Stephens,RB,RB,,9,LAC,0,0,0,0,0,0,0,0,0,0,0,0,,0,,,24,61,3,1,1,6,0.84994070767425,0,18,23,133,1,0,0,0,0,6,3.26119714173321,0,0.0,0.0855018587360595,,,0,41.4,59.4
1999,REG,00-0015698,,James Stewart,RB,RB,,14,JAX,0,0,0,0,0,0,0,0,0,0,0,0,,0,,,245,917,13,4,3,51,-12.794405632046,0,21,27,108,0,0,0,0,8,4,-3.45590020909334,0,0.0,0.0818181818181818,,,0,174.5,195.5
1999,REG,00-0015700,,Kordell Stewart,QB,QB,,15,PIT,159,272,1422,6,10,22,131,3,0,0,0,79,-58.6471104279901,0,0.0,0.0239598444232125,55,256,2,1,1,11,-2.07023938563785,0,9,16,113,1,0,0,0,0,6,5.19891130791272,0,0.0,0.110344827586207,,,0,113.78,122.78
1999,REG,00-0015723,,Bryan Still,WR,WR,,5,ATL,0,0,0,0,0,0,0,0,0,0,0,0,,0,,,0,0,0,0,0,0,,0,10,25,110,0,0,0,0,0,7,-7.67354599471944,0,0.0,0.172413793103448,,,0,11.0,21.0
1999,REG,00-0015751,,J.J. Stokes,WR,WR,,16,SF,0,0,0,0,0,0,0,0,0,0,0,0,,0,,,0,0,0,0,0,0,,0,34,77,429,3,1,0,0,30,20,-24.1386388805742,1,0.0,0.142066420664207,,,0,62.9,96.9
1999,REG,00-0015754,,Brandon Stokley,WR,WR,,1,BAL,0,0,0,0,0,0,0,0,0,0,0,0,,0,,,0,0,0,0,0,0,,0,0,3,0,0,0,0,0,0,0,-3.50390138296643,0,,0.0612244897959184,,,0,0.0,0.0
1999,REG,00-0015759,,Dwight Stone,WR,WR,,5,NYJ,0,0,0,0,0,0,0,0,0,0,0,0,,0,,,2,27,0,0,0,1,0.753218783996999,0,0,5,0,0,0,0,0,0,0,-2.98221206619209,0,,0.054945054945055,,,0,2.7,2.7
1999,REG,00-0015811,,Tai Streets,WR,WR,,1,SF,0,0,0,0,0,0,0,0,0,0,0,0,,0,,,0,0,0,0,0,0,,0,2,3,25,0,0,0,0,0,2,3.77151831198717,0,0.0,0.09375,,,0,2.5,4.5
1999,REG,00-0015830,,Mack Strong,FB,RB,,4,SEA,0,0,0,0,0,0,0,0,0,0,0,0,,0,,,1,0,0,0,0,0,-0.551313157891855,0,1,3,5,0,0,0,0,0,0,-1.65852656995412,0,0.0,0.0285714285714286,,,0,0.5,1.5
1999,REG,00-0015962,,Jim Sweeney,C,OL,,1,PIT,0,0,0,0,0,0,0,0,0,0,0,0,,0,,,0,0,0,0,0,0,,0,0,1,0,0,0,0,0,0,0,-0.319883604417555,0,,0.0263157894736842,,,0,0.0,0.0
1999,REG,00-0016061,,Robert Tate,DB,DB,,4,MIN,0,0,0,0,0,0,0,0,0,0,0,0,,0,,,1,4,0,0,0,0,-0.0516206379979849,0,1,2,3,0,0,0,0,0,0,-0.806408175529214,0,0.0,0.0303030303030303,,,1,6.7,7.7
1999,REG,00-0016098,,Fred Taylor,RB,RB,,10,JAX,0,0,0,0,0,0,0,0,0,0,0,0,,0,,,159,732,6,0,0,39,-7.2961651875049,0,10,15,83,0,0,0,0,0,4,-2.96044530649686,0,0.0,0.054945054945055,,,0,117.5,127.5
1999,REG,00-0016193,,Vinny Testaverde,QB,QB,,1,NYJ,10,15,96,1,1,0,0,0,0,0,0,6,4.69997742178384,0,0.0,0.16039410357441,0,0,0,0,0,0,,0,0,0,0,0,0,0,0,0,0,,0,,,,,0,5.84,5.84
1999,REG,00-0016214,,Yancey Thigpen,WR,WR,,10,TEN,0,0,0,0,0,0,0,0,0,0,0,0,,0,,,0,0,0,0,0,0,,0,38,68,648,4,1,1,0,0,30,29.0877719648217,0,0.0,0.206686930091185,,,0,86.8,124.8
1999,REG,00-0016232,,Chris Thomas,WR,WR,,1,LA,0,0,0,0,0,0,0,0,0,0,0,0,,0,,,0,0,0,0,0,0,,0,1,1,6,0,0,0,0,0,0,0.306056426547002,0,0.0,0.027027027027027,,,0,0.6,1.6
1999,REG,00-0016296,,Mark Thomas,TE,TE,,1,NYG,0,0,0,0,0,0,0,0,0,0,0,0,,0,,,0,0,0,0,0,0,,0,0,1,0,0,0,0,0,0,0,-1.40536380012054,0,,0.0222222222222222,,,0,0.0,0.0
1999,REG,00-0016316,,Robert Thomas,FB,RB,,10,DAL,0,0,0,0,0,0,0,0,0,0,0,0,,0,,,8,35,0,0,0,3,0.241548080754001,0,9,19,58,0,0,0,0,0,1,-6.53427000726697,0,0.0,0.0631229235880399,,,0,9.3,18.3
1999,REG,00-0016321,,Rodney Thomas,RB,RB,,14,TEN,0,0,0,0,0,0,0,0,0,0,0,0,,0,,,43,164,1,0,0,8,-4.45910493185511,0,8,10,67,0,0,0,0,0,3,0.116345073038246,0,0.0,0.0380228136882129,,,0,29.1,37.1
1999,REG,00-0016331,,Thurman Thomas,RB,RB,,4,BUF,0,0,0,0,0,0,0,0,0,0,0,0,,0,,,36,152,0,0,0,10,-5.08201366596972,0,3,5,37,1,0,0,0,0,2,3.93396859860513,0,0.0,0.036231884057971,,,0,24.9,27.9
1999,REG,00-0016347,,Jeff Thomason,TE,TE,,10,GB,0,0,0,0,0,0,0,0,0,0,0,0,,0,,,0,0,0,0,0,0,,0,14,20,140,2,0,0,0,0,10,6.80101752484916,0,0.0,0.051948051948052,,,0,26.0,40.0
1999,REG,00-0016440,,James Thrash,WR,WR,,5,WAS,0,0,0,0,0,0,0,0,0,0,0,0,,0,,,1,37,0,0,0,1,2.28819922090042,0,3,8,44,0,0,0,0,0,3,-1.00257448260259,0,0.0,0.0487804878048781,,,1,14.1,17.1
1999,REG,00-0016479,,Pat Tillman,SS,DB,,1,ARI,0,0,0,0,0,0,0,0,0,0,0,0,,0,,,1,4,0,0,0,1,2.38242483604699,0,0,0,0,0,0,0,0,0,0,,0,,,,,0,0.4,0.4
1999,REG,00-0016534,,Billy Joe Tolliver,QB,QB,,10,NO,137,261,1897,7,13,19,152,0,0,0,0,83,-20.23742993473,3,0.0,0.0321681683213497,24,135,3,3,1,12,4.48135101608932,0,0,0,0,0,0,0,0,0,0,,0,,,,,0,113.38,113.38
1999,REG,00-0016538,,Mike Tomczak,QB,QB,,9,PIT,137,255,1596,12,8,15,104,2,1,0,0,76,-2.75216779893889,1,0.0,0.0535846345503543,16,19,0,1,1,3,-6.50294779823162,0,0,0,0,0,0,0,0,0,0,,0,,,,,0,95.74,95.74
1999,REG,00-0016550,,Amani Toomer,WR,WR,,16,NYG,0,0,0,0,0,0,0,0,0,0,0,0,,0,,,1,4,0,0,0,0,0.0021540571469813,0,79,135,1183,6,0,0,0,0,51,59.8677410559612,0,0.0,0.230769230769231,,,0,154.7,233.7
1999,REG,00-0016654,,Jason Tucker,WR,WR,,14,DAL,0,0,0,0,0,0,0,0,0,0,0,0,,0,,,1,8,0,0,0,0,-0.36691275780322,0,22,45,422,2,0,0,0,0,19,17.5303744881168,0,0.0,0.106132075471698,,,0,55.0,77.0
1999,REG,00-0016660,,Ryan Tucker,G,OL,,1,LA,0,0,0,0,0,0,0,0,0,0,0,0,,0,,,0,0,0,0,0,0,,0,1,1,2,1,0,0,0,0,1,1.96104644995648,0,0.0,0.0232558139534884,,,0,6.2,7.2
1999,REG,00-0016677,,Jerame Tuman,TE,TE,,1,PIT,0,0,0,0,0,0,0,0,0,0,0,0,,0,,,0,0,0,0,0,0,,0,0,1,0,0,0,0,0,0,0,-0.47251861076802,0,,0.03125,,,0,0.0,0.0
1999,REG,00-0016683,,Tom Tupa,P,SPEC,,2,NYJ,6,11,165,2,0,3,30,1,1,0,0,4,0.123592112329789,0,0.0,0.0474983375120161,2,8,0,0,0,0,-2.5204293562565,0,0,0,0,0,0,0,0,0,0,,0,,,,,0,13.4,13.4
1999,REG,00-0016723,,Kevin Turner,FB,RB,,7,PHI,0,0,0,0,0,0,0,0,0,0,0,0,,0,,,6,15,0,0,0,1,-0.351757437980268,0,9,14,46,0,1,0,0,0,3,-1.53226162990959,0,0.0,0.0853658536585366,,,0,6.1,15.1
1999,REG,00-0016811,,Iheanyi Uwaezuoke,WR,WR,,2,DET,0,0,0,0,0,0,0,0,0,0,0,0,,0,,,0,0,0,0,0,0,,0,1,2,5,0,0,0,0,0,0,-0.613795092329383,0,0.0,0.0289855072463768,,,0,0.5,1.5
1999,REG,00-0016821,,Alex Van Dyke,WR,WR,,1,PHI,0,0,0,0,0,0,0,0,0,0,0,0,,0,,,0,0,0,0,0,0,,0,0,2,0,0,0,0,0,0,0,-2.29528578883037,0,,0.1,,,0,0.0,0.0
1999,REG,00-0016837,,Tamarick Vanover,WR,WR,,2,KC,0,0,0,0,0,0,0,0,0,0,0,0,,0,,,0,0,0,0,0,0,,0,0,0,0,0,0,0,0,0,0,,0,,,,,2,12.0,12.0
1999,REG,00-0016838,,Alex Van Pelt,QB,QB,,1,BUF,1,1,9,0,0,0,0,0,0,0,0,1,-0.153715878492221,0,0.0,,1,-1,0,0,0,0,0.0,0,0,0,0,0,0,0,0,0,0,,0,,,,,0,0.26,0.26
1999,REG,00-0016842,,Tommy Vardell,FB,RB,,5,SF,0,0,0,0,0,0,0,0,0,0,0,0,,0,,,6,6,1,0,0,2,-1.273344980611,0,7,11,36,0,0,0,0,0,1,-3.57453299540794,0,0.0,0.0683229813664596,,,0,10.2,17.2
1999,REG,00-0017027,,Derrick Walker,TE,TE,,6,LV,0,0,0,0,0,0,0,0,0,0,0,0,,0,,,0,0,0,0,0,0,,0,7,9,71,1,1,1,0,9,4,-2.77377897244878,0,0.0,0.0517241379310345,,,0,11.1,18.1
1999,REG,00-0017109,,Wesley Walls,TE,TE,,16,CAR,0,0,0,0,0,0,0,0,0,0,0,0,,0,,,0,0,0,0,0,0,,0,63,108,822,12,1,1,0,28,47,42.8279354698515,0,0.0,0.193202146690519,,,0,152.2,215.2
1999,REG,00-0017110,,Chris Walsh,WR,WR,,3,MIN,0,0,0,0,0,0,0,0,0,0,0,0,,0,,,0,0,0,0,0,0,,0,2,3,24,1,0,0,0,0,1,3.62150613439735,0,0.0,0.0285714285714286,,,0,8.4,10.4
1999,REG,00-0017121,,Steve Walsh,QB,QB,,2,IND,7,13,47,0,2,0,0,0,0,0,0,2,-12.5659465556382,0,0.0,0.0519846518102735,0,0,0,0,0,0,,0,0,0,0,0,0,0,0,0,0,,0,,,,,0,-2.12,-2.12
1999,REG,00-0017160,,Dedric Ward,WR,WR,,16,NYJ,0,0,0,0,0,0,0,0,0,0,0,0,,0,,,0,0,0,0,0,0,,0,22,54,325,3,0,0,0,0,16,-0.769109499841176,0,0.0,0.118421052631579,,,0,50.5,72.5
1999,REG,00-0017162,,Hines Ward,WR,WR,,16,PIT,0,0,0,0,0,0,0,0,0,0,0,0,,0,,,2,-2,0,0,0,0,-1.30796550260857,0,60,100,596,7,1,0,0,32,30,20.1197551761221,1,0.0,0.192307692307692,,,0,103.4,163.4
1999,REG,00-0017200,,Kurt Warner,QB,QB,,15,LA,293,450,3956,38,11,26,176,6,2,0,0,179,161.957521898648,1,0.0,0.170445390027412,21,89,1,2,2,5,-4.03286206540896,0,0,0,0,0,0,0,0,0,0,,0,,,,,0,297.14,297.14
1999,REG,00-0017209,,Chris Warren,RB,RB,,15,DAL,0,0,0,0,0,0,0,0,0,0,0,0,,0,,,98,399,2,4,3,26,-17.6693357433218,0,34,46,224,0,0,0,0,0,10,2.04183873902463,0,0.0,0.101545253863135,,,0,68.3,102.3
1999,REG,00-0017218,,Lamont Warren,RB,RB,,16,NE,0,0,0,0,0,1,7,0,0,0,0,0,-2.04928841278888,0,,,35,120,0,0,0,5,-4.49004587432361,0,29,48,262,1,0,0,0,0,15,-5.15454519249118,0,0.0,0.0930232558139535,,,0,44.2,73.2
1999,REG,00-0017299,,Chris Watson,DB,DB,,1,DEN,0,0,0,0,0,0,0,0,0,0,0,0,,0,,,0,0,0,0,0,0,,0,0,0,0,0,0,0,0,0,0,,0,,,,,1,6.0,6.0
1999,REG,00-0017301,,Edwin Watson,RB,RB,,2,PHI,0,0,0,0,0,0,0,0,0,0,0,0,,0,,,4,17,0,0,0,0,-1.01552381459624,0,0,0,0,0,0,0,0,0,0,,0,,,,,0,1.7,1.7
1999,REG,00-0017303,,Justin Watson,RB,RB,,6,LA,0,0,0,0,0,0,0,0,0,0,0,0,,0,,,46,174,0,2,1,8,-11.0045975145185,0,0,5,0,0,0,0,0,0,0,-2.65785576396251,0,,0.0446428571428571,,,0,15.4,15.4
1999,REG,00-0017322,,Ricky Watters,RB,RB,,16,SEA,0,0,0,0,0,0,0,0,0,0,0,0,,0,,,323,1198,5,3,3,49,-53.9894785633576,0,39,61,380,2,1,1,0,0,17,-2.65948100989815,0,0.0,0.122489959839357,,,0,191.8,230.8
1999,REG,00-0017337,,Charles Way,FB,RB,,11,NYG,0,0,0,0,0,0,0,0,0,0,0,0,,0,,,49,141,2,0,0,10,-6.83068318822188,0,11,20,59,0,0,0,0,0,2,-14.9474824921926,0,0.0,0.066006600660066,,,0,32.0,43.0
1999,REG,00-0017356,,Jed Weaver,TE,TE,,13,PHI,0,0,0,0,0,0,0,0,0,0,0,0,,0,,,0,0,0,0,0,0,,0,11,28,91,0,0,0,0,11,4,-6.98838914094276,1,0.0,0.0750670241286863,,,0,11.1,22.1
1999,REG,00-0017415,,Casey Weldon,QB,QB,,2,WAS,0,0,0,0,0,0,0,0,0,0,0,0,,0,,,5,-4,0,1,0,0,-1.42583565437235,0,0,0,0,0,0,0,0,0,0,,0,,,,,0,-0.4,-0.4
1999,REG,00-0017421,,Dean Wells,LB,LB,,1,PHI,0,0,0,0,0,0,0,0,0,0,0,0,,0,,,0,0,0,0,0,0,,0,0,1,0,0,0,0,0,0,0,-0.427045403979719,0,,0.0344827586206897,,,0,0.0,0.0
1999,REG,00-0017470,,Michael Westbrook,WR,WR,,16,WAS,0,0,0,0,0,0,0,0,0,0,0,0,,0,,,6,26,0,0,0,2,-1.19540148845408,0,65,114,1191,9,2,1,0,0,47,52.5687458757187,1,0.0,0.220502901353965,,,0,175.7,240.7
1999,REG,00-0017480,,Ryan Wetnight,TE,TE,,16,CHI,0,0,0,0,0,0,0,0,0,0,0,0,,0,,,0,0,0,0,0,0,,0,38,59,277,1,0,0,0,2,15,3.02148776927133,0,0.0,0.0887218045112782,,,0,33.7,71.7
1999,REG,00-0017486,,Tyrone Wheatley,RB,RB,,16,LV,0,0,0,0,0,0,0,0,0,0,0,0,,0,,,238,929,8,3,3,38,-18.4261557904945,0,21,38,196,3,0,0,0,22,7,-4.67608995014591,0,0.0,0.0846325167037862,,,0,172.5,193.5
1999,REG,00-0017611,,Alvis Whitted,WR,WR,,5,JAX,0,0,0,0,0,0,0,0,0,0,0,0,,0,,,1,9,0,0,0,0,0.76072782126721,0,0,4,0,0,0,0,0,0,0,-4.25957047060365,0,,0.0307692307692308,,,1,6.9,6.9
1999,REG,00-0017637,,Zach Wiegert,T,OL,,1,JAX,0,0,0,0,0,0,0,0,0,0,0,0,,0,,,0,0,0,0,0,0,,0,1,1,-3,0,0,0,0,0,0,-1.11254578828812,0,0.0,0.032258064516129,,,0,-0.3,0.7
1999,REG,00-0017662,,Josh Wilcox,TE,TE,,4,NO,0,0,0,0,0,0,0,0,0,0,0,0,,0,,,0,0,0,0,0,0,,0,6,7,61,0,0,0,0,0,3,2.82680568099022,0,0.0,0.0614035087719298,,,0,6.1,12.1
1999,REG,00-0017697,,Terrence Wilkins,WR,WR,,14,IND,0,0,0,0,0,0,0,0,0,0,0,0,,0,,,1,2,0,0,0,0,-0.313249122118577,0,40,66,525,4,1,1,0,0,23,14.5445191686877,0,0.0,0.139830508474576,,,2,86.7,126.7
1999,REG,00-0017829,,Jermaine Williams,RB,RB,,2,LV,0,0,0,0,0,0,0,0,0,0,0,0,,0,,,0,0,0,0,0,0,,0,1,2,20,0,0,0,0,0,0,1.0793776231003,0,0.0,0.024390243902439,,,0,2.0,3.0
1999,REG,00-0017847,,Karl Williams,WR,WR,,10,TB,0,0,0,0,0,0,0,0,0,0,0,0,,0,,,0,0,0,0,0,0,,0,20,32,167,0,0,0,0,0,9,-1.17767870551996,0,0.0,0.111111111111111,,,0,16.7,36.7
1999,REG,00-0017860,,Kevin R. Williams,WR,WR,,13,BUF,0,0,0,0,0,0,0,0,0,0,0,0,,0,,,1,13,0,0,0,1,0.971376857487485,0,30,50,367,0,0,0,0,25,19,9.60675699156151,0,0.0,0.116009280742459,,,0,38.0,68.0
1999,REG,00-0017892,,Moe Williams,RB,RB,,7,MIN,0,0,0,0,0,0,0,0,0,0,0,0,,0,,,24,69,1,0,0,6,-3.8576034118887,0,1,3,12,0,0,0,0,0,1,0.757492384174839,0,0.0,0.0491803278688525,,,1,20.1,21.1
1999,REG,00-0017896,,Nicolas Luchey,RB,RB,,7,CIN,0,0,0,0,0,0,0,0,0,0,0,0,,0,,,10,30,0,0,0,2,-2.56113431043923,0,10,12,96,0,0,0,0,0,5,2.18644363980275,0,0.0,0.0594059405940594,,,0,12.6,22.6
1999,REG,00-0017915,,Ricky Williams,RB,RB,,12,NO,0,1,0,0,0,0,0,0,0,0,0,0,-0.343731299508363,0,,,248,868,2,6,3,44,-56.9346534260258,0,28,40,172,0,0,0,0,0,8,-7.38926842848164,0,0.0,0.12779552715655,,,0,110.0,138.0
1999,REG,00-0017922,,Rodney A. Williams,WR,WR,,1,LV,0,0,0,0,0,0,0,0,0,0,0,0,,0,,,0,0,0,0,0,0,,0,0,1,0,0,0,0,0,0,0,-1.14251206023619,0,,0.03125,,,0,0.0,0.0
1999,REG,00-0017924,,Roland Williams,TE,TE,,12,LA,0,0,0,0,0,0,0,0,0,0,0,0,,0,,,0,0,0,0,0,0,,0,23,33,216,5,0,0,0,12,13,9.20185025558469,0,0.0,0.082089552238806,,,0,51.6,74.6
1999,REG,00-0018141,,Jon Witman,FB,RB,,13,PIT,0,0,0,0,0,0,0,0,0,0,0,0,,0,,,6,18,0,0,0,1,-0.283259577292483,0,12,22,106,0,0,0,0,0,2,-10.117877776036,0,0.0,0.0506912442396313,,,0,12.4,24.4
1999,REG,00-0018227,,Charles Woodson,FS,DB,"https://static.www.nfl.com/image/private/f_auto,q_auto/league/gohbupnj3mhletq96zzu",1,LV,0,0,0,0,0,0,0,0,0,0,0,0,,0,,,0,0,0,0,0,0,,0,1,1,19,0,0,0,0,0,1,1.666839862708,0,0.0,0.0434782608695652,,,0,1.9,2.9
1999,REG,00-0018333,,Danny Wuerffel,QB,QB,,4,NO,20,46,187,0,3,5,32,0,0,0,0,9,-28.2257137486961,0,0.0,0.0308642944239152,2,29,1,0,0,1,1.71934689240879,0,0,0,0,0,0,0,0,0,0,,0,,,,,0,10.38,10.38
1999,REG,00-0018343,,Frank Wycheck,TE,TE,,16,TEN,1,1,61,1,0,0,0,0,0,0,0,1,5.55303599708714,0,0.0,,0,0,0,0,0,0,,0,68,107,637,2,0,0,0,5,32,10.1076762483405,0,0.0,0.208984375,,,0,82.14,150.14
1999,REG,00-0018382,,Craig Yeast,WR,WR,,6,CIN,0,0,0,0,0,0,0,0,0,0,0,0,,0,,,2,-16,0,1,0,0,-2.78517711558379,0,3,8,20,0,0,0,0,0,1,-2.16730022412958,0,0.0,0.0579710144927536,,,2,12.4,15.4
1999,REG,00-0018441,,Steve Young,QB,QB,,3,SF,45,83,446,3,4,8,63,1,1,0,0,17,-22.8052118209406,0,0.0,0.0240354264788526,10,50,0,1,0,3,-1.5412782561034,0,0,0,0,0,0,0,0,0,0,,0,,,,,0,24.84,24.84
1999,REG,00-0018483,,Eric Zeier,QB,QB,,2,TB,32,54,270,0,1,5,36,1,1,0,0,12,-17.1875654988333,0,0.0,0.0253303096986462,3,7,0,0,0,1,0.375863259192556,0,0,0,0,0,0,0,0,0,0,,0,,,,,0,7.5,7.5
1999,REG,00-0018501,,Amos Zereoue,RB,RB,,2,PIT,0,0,0,0,0,0,0,0,0,0,0,0,,0,,,16,42,0,0,0,3,-2.18205756060942,0,2,2,17,0,0,0,0,0,1,1.68997938721441,0,0.0,0.0285714285714286,,,0,5.9,7.9
1999,REG,00-0018518,,Scott Zolak,QB,QB,,1,MIA,0,4,0,0,0,0,0,0,0,0,0,0,-3.56726503139362,0,,,2,-2,0,0,0,0,0.0,0,0,0,0,0,0,0,0,0,0,,0,,,,,0,-0.2,-0.2
1999,REG,00-0018608,,Reggie Davis,TE,TE,,7,LAC,0,0,0,0,0,0,0,0,0,0,0,0,,0,,,0,0,0,0,0,0,,0,12,19,137,1,0,0,0,0,7,6.90305506950714,0,0.0,0.0722433460076046,,,0,19.7,31.7
1999,POST,00-0000104,,Troy Aikman,QB,QB,,1,DAL,22,36,286,0,0,1,8,0,0,0,0,12,3.7505773206842,0,0.0,0.0712956476292341,0,0,0,0,0,0,,0,0,0,0,0,0,0,0,0,0,,0,,,,,0,11.44,11.44
1999,POST,00-0000166,,Stephen Alexander,TE,TE,,2,WAS,0,0,0,0,0,0,0,0,0,0,0,0,,0,,,0,0,0,0,0,0,,0,2,8,16,0,0,0,0,0,1,-1.39828573317296,0,0.0,0.137931034482759,,,0,1.6,3.6
1999,POST,00-0000251,,Mike Alstott,FB,RB,,2,TB,0,0,0,0,0,0,0,0,0,0,0,0,,0,,,27,63,1,0,0,5,-5.57222038327018,0,4,4,26,0,0,0,0,0,0,1.48946564469952,0,0.0,0.0714285714285714,,,0,14.9,18.9
1999,POST,00-0001661,,Kyle Brady,TE,TE,,2,JAX,0,0,0,0,0,0,0,0,0,0,0,0,,0,,,0,0,0,0,0,0,,0,5,7,44,1,2,2,0,0,3,-1.88345798570663,0,0.0,0.12280701754386,,,0,6.4,11.4
1999,POST,00-0001719,,Chris Brazzell,WR,WR,,1,DAL,0,0,0,0,0,0,0,0,0,0,0,0,,0,,,0,0,0,0,0,0,,0,2,7,12,0,0,0,0,0,0,-2.39816931035602,0,0.0,0.194444444444444,,,0,1.2,3.2
1999,POST,00-0002027,,Reggie Brown,FB,RB,,1,SEA,0,0,0,0,0,0,0,0,0,0,0,0,,0,,,0,0,0,0,0,0,,0,2,3,18,0,0,0,0,0,1,-0.912361656781286,0,0.0,0.107142857142857,,,0,1.8,3.8
1999,POST,00-0002099,,Isaac Bruce,WR,WR,,3,LA,0,0,0,0,0,0,0,0,0,0,0,0,,0,,,0,0,0,0,0,0,,0,13,25,317,2,0,0,0,0,9,15.5636327910981,0,0.0,0.213675213675214,,,0,43.7,56.7
1999,POST,00-0002110,,Mark Brunell,QB,QB,,2,JAX,24,47,331,3,2,5,24,2,1,0,0,16,2.15940629789574,0,0.0,0.0429332651276646,2,5,0,0,0,0,0.108281965338392,0,0,0,0,0,0,0,0,0,0,,0,,,,,0,19.74,19.74
1999,POST,00-0002469,,Isaac Byrd,WR,WR,,2,TEN,0,0,0,0,0,0,0,0,0,0,0,0,,0,,,0,0,0,0,0,0,,0,4,5,40,0,0,0,0,0,3,4.46974468592089,0,0.0,0.087719298245614,,,0,4.0,8.0
1999,POST,00-0002721,,Cris Carter,WR,WR,,2,MIN,0,0,0,0,0,0,0,0,0,0,0,0,,0,,,0,0,0,0,0,0,,0,8,22,111,2,0,0,0,0,6,4.8369709115359,0,0.0,0.301369863013699,,,0,23.1,31.1
1999,POST,00-0002846,,Larry Centers,FB,RB,,2,WAS,0,0,0,0,0,0,0,0,0,0,0,0,,0,,,2,10,0,0,0,0,0.0191737580462359,0,9,10,56,0,0,0,0,0,3,1.4739134873962,0,0.0,0.172413793103448,,,0,6.6,15.6
1999,POST,00-0003266,,Bobby Collins,TE,TE,,1,BUF,0,0,0,0,0,0,0,0,0,0,0,0,,0,,,0,0,0,0,0,0,,0,1,2,1,0,0,0,0,0,0,-0.932809444726445,0,0.0,0.0909090909090909,,,0,0.1,1.1
1999,POST,00-0003378,,Albert Connell,WR,WR,,2,WAS,0,0,0,0,0,0,0,0,0,0,0,0,,0,,,0,0,0,0,0,0,,0,6,11,94,1,0,0,0,0,4,3.37104320315,0,0.0,0.189655172413793,,,0,15.4,21.4
1999,POST,00-0003400,,Ernie Conwell,TE,TE,,2,LA,0,0,0,0,0,0,0,0,0,0,0,0,,0,,,0,0,0,0,0,0,,0,2,2,14,0,0,0,0,0,1,-0.223218316212296,0,0.0,0.0232558139534884,,,0,1.4,3.4
1999,POST,00-0003700,,Germane Crowell,WR,WR,,1,DET,0,0,0,0,0,0,0,0,0,0,0,0,,0,,,0,0,0,0,0,0,,0,5,11,41,0,0,0,0,0,2,-5.63128791289637,0,0.0,0.282051282051282,,,0,4.1,9.1
1999,POST,00-0003715,,Carlester Crumpler,TE,TE,,1,MIN,0,0,0,0,0,0,0,0,0,0,0,0,,0,,,0,0,0,0,0,0,,0,0,1,0,0,0,0,0,0,0,-0.930558832595125,0,,0.0204081632653061,,,0,0.0,0.0
1999,POST,00-0003761,,Randall Cunningham,QB,QB,,1,MIN,0,0,0,0,0,0,0,0,0,0,0,0,,0,,,3,-4,0,0,0,0,-1.30396031949203,0,0,0,0,0,0,0,0,0,0,,0,,,,,0,-0.4,-0.4
1999,POST,00-0004004,,John Davis,TE,TE,,1,TB,0,0,0,0,0,0,0,0,0,0,0,0,,0,,,0,0,0,0,0,0,,0,1,1,1,1,0,0,0,0,1,1.71665630897041,0,0.0,0.032258064516129,,,0,6.1,7.1
1999,POST,00-0004052,,Stephen Davis,RB,RB,,2,WAS,0,0,0,0,0,0,0,0,0,0,0,0,,0,,,31,154,2,2,0,5,0.735926147386581,0,3,3,26,0,0,0,0,0,2,0.981442768825218,0,0.0,0.0967741935483871,,,0,30.0,33.0
1999,POST,00-0004077,,Sean Dawkins,WR,WR,,1,SEA,0,0,0,0,0,0,0,0,0,0,0,0,,0,,,0,0,0,0,0,0,,0,3,8,35,1,0,0,0,0,3,-0.333472758356947,0,0.0,0.285714285714286,,,0,9.5,12.5
1999,POST,00-0004200,,Autry Denson,RB,RB,,2,MIA,0,0,0,0,0,0,0,0,0,0,0,0,,0,,,13,29,0,1,1,2,-9.49919911409961,0,0,0,0,0,0,0,0,0,0,,0,,,,,0,0.9,0.9
1999,POST,00-0004294,,Ken Dilger,TE,TE,,1,IND,0,0,0,0,0,0,0,0,0,0,0,0,,0,,,0,0,0,0,0,0,,0,2,3,12,0,0,0,0,0,0,-0.172950169496525,0,0.0,0.0731707317073171,,,0,1.2,3.2
1999,POST,00-0004524,,Troy Drayton,TE,TE,,1,MIA,0,0,0,0,0,0,0,0,0,0,0,0,,0,,,0,0,0,0,0,0,,0,1,1,2,0,0,0,0,0,0,-0.994312304537743,0,0.0,0.0263157894736842,,,0,0.2,1.2
1999,POST,00-0004640,,Warrick Dunn,RB,RB,,2,TB,0,0,0,0,0,0,0,0,0,0,0,0,,0,,,20,53,0,0,0,2,-5.68725990480743,0,8,12,69,0,0,0,0,0,4,-0.812195447797421,0,0.0,0.214285714285714,,,0,12.2,20.2
1999,POST,00-0004694,,Kevin Dyson,WR,WR,,4,TEN,0,0,0,0,0,0,0,0,0,0,0,0,,0,,,0,0,0,0,0,0,,0,8,18,82,0,0,0,0,0,6,-6.52374987583607,0,0.0,0.174757281553398,,,1,14.2,22.2
1999,POST,00-0004888,,Bert Emanuel,WR,WR,,2,TB,0,0,0,0,0,0,0,0,0,0,0,0,,0,,,0,0,0,0,0,0,,0,3,5,69,0,0,0,0,0,2,3.63638009969145,0,0.0,0.0892857142857143,,,0,6.9,9.9
1999,POST,00-0005092,,Marshall Faulk,RB,RB,,3,LA,0,0,0,0,0,0,0,0,0,0,0,0,,0,,,38,82,1,0,0,5,-12.6185532515474,0,12,15,143,1,0,0,0,0,5,1.44052472471958,0,0.0,0.128205128205128,,,0,34.5,46.5
1999,POST,00-0005101,,Christian Fauria,TE,TE,,1,SEA,0,0,0,0,0,0,0,0,0,0,0,0,,0,,,0,0,0,0,0,0,,0,3,4,31,0,0,0,0,0,1,2.8883217619732,0,0.0,0.142857142857143,,,0,3.1,6.1
1999,POST,00-0005180,,Jay Fiedler,QB,QB,,1,JAX,6,10,155,2,1,0,0,0,0,0,0,5,4.96120928008899,0,0.0,0.209807604843345,0,0,0,0,0,0,,0,0,0,0,0,0,0,0,0,0,,0,,,,,0,12.2,12.2
1999,POST,00-0005589,,Gus Frerotte,QB,QB,,1,DET,21,45,251,1,1,4,30,1,0,0,0,12,-11.2783881818177,0,0.0,0.0288278207020828,2,16,0,0,0,0,0.355976692051627,0,0,0,0,0,0,0,0,0,0,,0,,,,,0,13.64,13.64
1999,POST,00-0005616,,Irving Fryar,WR,WR,,2,WAS,0,0,0,0,0,0,0,0,0,0,0,0,,0,,,0,0,0,0,0,0,,0,4,7,44,0,0,0,0,0,2,-0.0725980938295834,0,0.0,0.120689655172414,,,0,4.4,8.4
1999,POST,00-0005668,,Oronde Gadsden,WR,WR,,2,MIA,0,0,0,0,0,0,0,0,0,0,0,0,,0,,,0,0,0,0,0,0,,0,8,15,87,2,0,0,0,0,6,2.74460404453566,0,0.0,0.223880597014925,,,0,20.7,28.7
1999,POST,00-0005720,,Joey Galloway,WR,WR,,1,SEA,0,0,0,0,0,0,0,0,0,0,0,0,,0,,,0,0,0,0,0,0,,0,1,7,22,0,0,0,0,0,1,-2.2007074416033,0,0.0,0.25,,,0,2.2,3.2
1999,POST,00-0005822,,Sam Gash,FB,RB,,1,BUF,0,0,0,0,0,0,0,0,0,0,0,0,,0,,,0,0,0,0,0,0,,0,1,3,6,0,0,0,0,0,0,-1.20290600729641,0,0.0,0.136363636363636,,,0,0.6,1.6
1999,POST,00-0005883,,Eddie George,RB,RB,,4,TEN,0,0,0,0,0,0,0,0,0,0,0,0,,0,,,108,449,3,2,2,17,-10.9264243549466,0,9,15,57,0,0,0,0,0,1,-7.65993943145293,0,0.0,0.145631067961165,,,0,64.6,73.6
1999,POST,00-0005885,,Jeff George,QB,QB,,2,MIN,41,75,635,7,1,7,48,0,0,0,0,29,27.0334785144019,0,0.0,0.142564430676266,3,7,0,1,1,0,-5.40589189117444,0,0,0,0,0,0,0,0,0,0,,0,,,,,0,50.1,50.1
1999,POST,00-0006047,,Andrew Glover,TE,TE,,2,MIN,0,0,0,0,0,0,0,0,0,0,0,0,,0,,,0,0,0,0,0,0,,0,1,4,12,0,0,0,0,0,1,-0.281327962991782,0,0.0,0.0547945205479452,,,0,1.2,2.2
1999,POST,00-0006133,,Hunter Goodwin,TE,TE,,2,MIA,0,0,0,0,0,0,0,0,0,0,0,0,,0,,,0,0,0,0,0,0,,0,1,3,6,0,0,0,0,0,0,-1.40747990785167,0,0.0,0.0447761194029851,,,0,0.6,1.6
1999,POST,00-0006322,,E.G. Green,WR,WR,,1,IND,0,0,0,0,0,0,0,0,0,0,0,0,,0,,,0,0,0,0,0,0,,0,1,1,33,0,0,0,0,0,1,1.94344739126973,0,0.0,0.024390243902439,,,0,3.3,4.3
1999,POST,00-0006331,,Jacquez Green,WR,WR,,2,TB,0,0,0,0,0,0,0,0,0,0,0,0,,0,,,0,0,0,0,0,0,,0,5,15,52,0,0,0,0,0,2,-10.2916126017302,0,0.0,0.267857142857143,,,0,5.2,10.2
1999,POST,00-0006627,,Az-Zahir Hakim,WR,WR,,3,LA,0,0,0,0,0,0,0,0,0,0,0,0,,0,,,2,10,0,0,0,0,0.147098682937212,0,8,17,93,0,0,0,0,0,8,2.29594907502554,0,0.0,0.145299145299145,,,0,10.3,18.3
1999,POST,00-0006949,,Jackie Harris,TE,TE,,3,TEN,0,0,0,0,0,0,0,0,0,0,0,0,,0,,,0,0,0,0,0,0,,0,14,17,117,0,1,0,0,0,7,5.00237924435635,0,0.0,0.215189873417722,,,0,11.7,25.7
1999,POST,00-0007024,,Marvin Harrison,WR,WR,,1,IND,0,0,0,0,0,0,0,0,0,0,0,0,,0,,,0,0,0,0,0,0,,0,5,18,65,0,0,0,0,0,5,0.367293970322277,0,0.0,0.439024390243902,,,0,6.5,11.5
1999,POST,00-0007103,,Matt Hatchette,WR,WR,,1,MIN,0,0,0,0,0,0,0,0,0,0,0,0,,0,,,0,0,0,0,0,0,,0,0,1,0,0,0,0,0,0,0,-0.762053975136951,0,,0.0204081632653061,,,0,0.0,0.0
1999,POST,00-0007389,,Skip Hicks,RB,RB,,2,WAS,0,0,0,0,0,0,0,0,0,0,0,0,,0,,,24,46,0,0,0,3,-5.45118799497141,0,4,4,44,0,0,0,0,0,3,2.98646029451629,0,0.0,0.0689655172413793,,,0,9.0,13.0
1999,POST,00-0007520,,Leroy Hoard,RB,RB,,2,MIN,0,0,0,0,0,0,0,0,0,0,0,0,,0,,,12,52,1,0,0,5,3.86253536097692,1,2,3,15,0,0,0,0,0,1,-0.699693491216749,0,0.0,0.125,,,0,14.7,16.7
1999,POST,00-0007579,,Robert Holcombe,FB,RB,,3,LA,0,0,0,0,0,0,0,0,0,0,0,0,,0,,,3,15,0,0,0,1,0.0230479931924492,0,4,6,18,0,0,0,0,0,1,-1.67362096474972,0,0.0,0.0512820512820513,,,0,3.3,7.3
1999,POST,00-0007681,,Torry Holt,WR,WR,,3,LA,0,0,0,0,0,0,0,0,0,0,0,0,,0,,,0,0,0,0,0,0,,0,20,27,242,1,0,0,0,0,12,14.2139880268951,0,0.0,0.230769230769231,,,0,30.2,50.2
1999,POST,00-0007737,,Mike Horan,P,SPEC,,1,LA,0,0,0,0,0,0,0,0,0,0,0,0,,0,,,1,0,0,1,0,0,-3.33605873177294,0,0,0,0,0,0,0,0,0,0,,0,,,,,0,0.0,0.0
1999,POST,00-0007749,,Tony Horne,WR,WR,,1,LA,0,0,0,0,0,0,0,0,0,0,0,0,,0,,,0,0,0,0,0,0,,0,0,0,0,0,0,0,0,0,0,,0,,,,,1,6.0,6.0
1999,POST,00-0007795,,Chris Howard,RB,RB,,1,JAX,0,0,0,0,0,0,0,0,0,0,0,0,,0,,,15,54,1,0,0,3,-2.48840868996922,0,0,0,0,0,0,0,0,0,0,,0,,,,,0,11.4,11.4
1999,POST,00-0007835,,Damon Huard,QB,QB,,1,MIA,5,16,46,0,0,3,17,1,0,0,0,2,-11.5431835370837,0,0.0,0.04001004212346,0,0,0,0,0,0,,0,0,0,0,0,0,0,0,0,0,,0,,,,,0,1.84,1.84
1999,POST,00-0007993,,Tom Hutton,P,SPEC,,1,MIA,0,0,0,0,0,0,0,0,0,0,0,0,,0,,,1,-8,0,1,1,0,-2.01116181886755,0,0,0,0,0,0,0,0,0,0,,0,,,,,0,-2.8,-2.8
1999,POST,00-0008046,,Sedrick Irvin,RB,RB,,1,DET,0,0,0,0,0,0,0,0,0,0,0,0,,0,,,0,0,0,0,0,0,,0,2,2,27,0,0,0,0,0,1,2.25792569038458,0,0.0,0.0512820512820513,,,0,2.7,4.7
1999,POST,00-0008060,,Raghib Ismail,WR,WR,,1,DAL,0,0,0,0,0,0,0,0,0,0,0,0,,0,,,0,0,0,0,0,0,,0,8,11,163,0,0,0,0,0,7,8.73646072120755,0,0.0,0.305555555555556,,,0,16.3,24.3
1999,POST,00-0008241,,Edgerrin James,RB,RB,,1,IND,0,0,0,0,0,0,0,0,0,0,0,0,,0,,,20,56,0,0,0,2,-8.3360560729634,0,1,4,8,0,0,0,0,0,0,-2.78132807057209,0,0.0,0.0975609756097561,,,0,6.4,7.4
1999,POST,00-0008442,,Brad Johnson,QB,QB,,2,WAS,33,60,307,1,2,4,36,1,1,0,0,17,-11.1575653443043,0,0.0,0.0245177558907109,1,0,0,0,0,0,-2.49766774388263,0,0,0,0,0,0,0,0,0,0,,0,,,,,0,10.28,10.28
1999,POST,00-0008529,,J.J. Johnson,RB,RB,,2,MIA,0,0,0,0,0,0,0,0,0,0,0,0,,0,,,34,99,1,0,0,5,-6.8022527792491,0,4,6,14,0,1,1,0,0,1,-4.37672888359521,0,0.0,0.0895522388059701,,,0,15.3,19.3
1999,POST,00-0008612,,Rob Johnson,QB,QB,,1,BUF,10,22,131,0,0,6,34,2,1,0,0,6,-11.2020722050653,0,0.0,0.0287203609613472,3,9,0,0,0,1,0.74711996136466,0,0,0,0,0,0,0,0,0,0,,0,,,,,0,4.14,4.14
1999,POST,00-0008723,,Damon Jones,TE,TE,,1,JAX,0,0,0,0,0,0,0,0,0,0,0,0,,0,,,0,0,0,0,0,0,,0,1,2,7,0,0,0,0,0,0,-4.82343920448329,0,0.0,0.0526315789473684,,,0,0.7,1.7
1999,POST,00-0008903,,Andrew Jordan,TE,TE,,1,MIN,0,0,0,0,0,0,0,0,0,0,0,0,,0,,,0,0,0,0,0,0,,0,0,1,0,0,0,0,0,0,0,-0.698526756837964,0,,0.0204081632653061,,,0,0.0,0.0
1999,POST,00-0009266,,Shaun King,QB,QB,,2,TB,27,60,288,1,3,7,51,3,0,0,0,13,-18.9572615828258,0,0.0,0.0276316030627048,3,5,0,0,0,0,-2.32217486505397,0,0,0,0,0,0,0,0,0,0,,0,,,,,0,10.02,10.02
1999,POST,00-0009311,,Jon Kitna,QB,QB,,1,SEA,13,29,148,1,2,6,32,0,0,0,0,9,-6.87223979068222,0,0.0,0.0239391587850826,1,1,0,0,0,0,-0.384854704141617,0,0,0,0,0,0,0,0,0,0,,0,,,,,0,6.02,6.02
1999,POST,00-0009323,,Jimmy Kleinsasser,TE,TE,,1,MIN,0,0,0,0,0,0,0,0,0,0,0,0,,0,,,0,0,0,0,0,0,,0,1,1,7,0,0,0,0,0,0,0.0811437903903425,0,0.0,0.0416666666666667,,,0,0.7,1.7
1999,POST,00-0009417,,Rob Konrad,FB,RB,,2,MIA,0,0,0,0,0,0,0,0,0,0,0,0,,0,,,0,0,0,0,0,0,,0,4,5,37,0,0,0,0,0,1,-0.82740346408904,0,0.0,0.0746268656716418,,,0,3.7,7.7
1999,POST,00-0009550,,David LaFleur,TE,TE,,1,DAL,0,0,0,0,0,0,0,0,0,0,0,0,,0,,,0,0,0,0,0,0,,0,3,4,22,0,0,0,0,0,1,-1.3677459827396,0,0.0,0.111111111111111,,,0,2.2,5.2
1999,POST,00-0009738,,Amp Lee,RB,RB,,1,LA,0,0,0,0,0,0,0,0,0,0,0,0,,0,,,1,1,0,0,0,0,-0.570545784197748,0,0,0,0,0,0,0,0,0,0,,0,,,,,0,0.1,0.1
1999,POST,00-0009960,,Jonathan Linton,FB,RB,,1,BUF,0,0,0,0,0,0,0,0,0,0,0,0,,0,,,5,25,0,0,0,2,0.858286594389938,0,0,0,0,0,0,0,0,0,0,,0,,,,,0,2.5,2.5
1999,POST,00-0010346,,Peyton Manning,QB,QB,"https://static.www.nfl.com/image/private/f_auto,q_auto/league/xpcd6auodk3w0vda6jal",1,IND,19,42,227,0,0,0,0,0,0,0,0,13,0.35002239238774,0,0.0,0.0590165399801261,3,22,1,0,0,1,0.624280723975971,0,0,0,0,0,0,0,0,0,0,,0,,,,,0,17.28,17.28
1999,POST,00-0010379,,Dan Marino,QB,QB,,2,MIA,28,55,291,2,2,3,19,1,1,0,0,14,-10.4098695883183,0,0.0,0.0244759524041286,2,-1,0,1,1,0,-6.76591396535514,0,0,0,0,0,0,0,0,0,0,,0,,,,,0,11.54,11.54
1999,POST,00-0010477,,Tony Martin,WR,WR,,2,MIA,0,0,0,0,0,0,0,0,0,0,0,0,,0,,,0,0,0,0,0,0,,0,5,17,70,0,0,0,0,0,3,-5.49343102511896,0,0.0,0.253731343283582,,,0,7.0,12.0
1999,POST,00-0010500,,Derrick Mason,WR,WR,,2,TEN,0,0,0,0,0,0,0,0,0,0,0,0,,0,,,0,0,0,0,0,0,,0,2,6,18,0,0,0,0,0,1,-1.26433392059569,0,0.0,0.105263157894737,,,1,7.8,9.8
1999,POST,00-0010668,,Keenan McCardell,WR,WR,,2,JAX,0,0,0,0,0,0,0,0,0,0,0,0,,0,,,0,0,0,0,0,0,,0,9,15,102,0,0,0,0,4,6,-1.80371782573638,0,0.0,0.263157894736842,,,0,10.2,19.2
1999,POST,00-0010796,,Darnell McDonald,WR,WR,,2,TB,0,0,0,0,0,0,0,0,0,0,0,0,,0,,,0,0,0,0,0,0,,0,0,6,0,0,0,0,0,0,0,-5.14165258433786,0,,0.107142857142857,,,0,0.0,0.0
1999,POST,00-0010824,,O.J. McDuffie,WR,WR,,2,MIA,0,0,0,0,0,0,0,0,0,0,0,0,,0,,,0,0,0,0,0,0,,0,7,16,101,0,0,0,0,0,5,4.901393275999,0,0.0,0.238805970149254,,,0,10.1,17.1
1999,POST,00-0011024,,Steve McNair,QB,QB,,4,TEN,61,106,499,1,2,5,27,1,0,0,0,29,-11.5083532466259,0,0.0,0.0748267099610703,29,197,3,1,1,15,13.9579926264046,0,0,0,0,0,0,0,0,0,0,,0,,,,,0,55.66,55.66
1999,POST,00-0011266,,Fred Miller,T,OL,,1,LA,0,0,0,0,0,0,0,0,0,0,0,0,,0,,,0,0,0,0,0,0,,0,1,1,-1,0,0,0,0,0,0,-0.777610725257546,0,0.0,0.0232558139534884,,,0,-0.1,0.9
1999,POST,00-0011399,,Brian Mitchell,RB,RB,,2,WAS,0,0,0,0,0,0,0,0,0,0,0,0,,0,,,8,56,0,0,0,4,3.56310203027743,0,2,2,1,0,0,0,0,0,0,-1.53163291641977,0,0.0,0.0645161290322581,,,1,11.7,13.7
1999,POST,00-0011551,,Dave Moore,TE,TE,,2,TB,0,0,0,0,0,0,0,0,0,0,0,0,,0,,,0,0,0,0,0,0,,0,3,8,40,0,0,0,0,0,2,-0.117853044299409,0,0.0,0.142857142857143,,,0,4.0,7.0
1999,POST,00-0011568,,Herman Moore,WR,WR,,1,DET,0,0,0,0,0,0,0,0,0,0,0,0,,0,,,0,0,0,0,0,0,,0,3,3,69,0,0,0,0,0,2,0.397903305245563,0,0.0,0.0769230769230769,,,0,6.9,9.9
1999,POST,00-0011727,,Johnnie Morton,WR,WR,,1,DET,0,0,0,0,0,0,0,0,0,0,0,0,,0,,,0,0,0,0,0,0,,0,2,10,29,0,0,0,0,0,1,-0.539899805968162,0,0.0,0.256410256410256,,,0,2.9,4.9
1999,POST,00-0011754,,Randy Moss,WR,WR,,2,MIN,0,0,0,0,0,0,0,0,0,0,0,0,,0,,,0,0,0,0,0,0,,0,14,20,315,3,0,0,0,0,12,22.2423374659265,0,0.0,0.273972602739726,,,0,49.5,63.5
1999,POST,00-0011770,,Eric Moulds,WR,WR,,1,BUF,0,0,0,0,0,0,0,0,0,0,0,0,,0,,,0,0,0,0,0,0,,0,3,7,62,0,0,0,0,0,3,3.29020753776422,0,0.0,0.318181818181818,,,0,6.2,9.2
1999,POST,00-0011958,,Lorenzo Neal,FB,RB,,1,TEN,0,0,0,0,0,0,0,0,0,0,0,0,,0,,,0,0,0,0,0,0,,0,1,1,1,0,0,0,0,0,0,-0.46776972245425,0,0.0,0.0454545454545455,,,0,0.1,1.1
1999,POST,00-0012321,,Jeff Ogden,WR,WR,,1,DAL,0,0,0,0,0,0,0,0,0,0,0,0,,0,,,0,0,0,0,0,0,,0,1,2,4,0,0,0,0,0,0,-1.58720875158906,0,0.0,0.0555555555555556,,,0,0.4,1.4
1999,POST,00-0012637,,Jerome Pathon,WR,WR,,1,IND,0,0,0,0,0,0,0,0,0,0,0,0,,0,,,0,0,0,0,0,0,,0,5,8,44,0,0,0,0,0,3,-0.254278404638171,0,0.0,0.195121951219512,,,0,4.4,9.4
1999,POST,00-0012809,,Ed Perry,LS,SPEC,,1,MIA,0,0,0,0,0,0,0,0,0,0,0,0,,0,,,0,0,0,0,0,0,,0,1,1,3,0,0,0,0,0,0,-0.286495081963949,0,0.0,0.0344827586206897,,,0,0.3,1.3
1999,POST,00-0013080,,Marcus Pollard,TE,TE,,1,IND,0,0,0,0,0,0,0,0,0,0,0,0,,0,,,0,0,0,0,0,0,,0,1,1,10,0,0,0,0,0,1,0.182544711104129,0,0.0,0.024390243902439,,,0,1.0,2.0
1999,POST,00-0013232,,Peerless Price,WR,WR,,1,BUF,0,0,0,0,0,0,0,0,0,0,0,0,,0,,,0,0,0,0,0,0,,0,5,7,62,0,0,0,0,0,3,0.782523457325035,0,0.0,0.318181818181818,,,0,6.2,11.2
1999,POST,00-0013258,,Mike Pritchard,WR,WR,,1,SEA,0,0,0,0,0,0,0,0,0,0,0,0,,0,,,0,0,0,0,0,0,,0,3,4,34,0,0,0,0,0,3,2.54861090704799,0,0.0,0.142857142857143,,,0,3.4,6.4
1999,POST,00-0013262,,Stanley Pritchett,RB,RB,,2,MIA,0,0,0,0,0,0,0,0,0,0,0,0,,0,,,4,14,0,0,0,0,-0.739880049281055,0,2,3,17,0,0,0,0,0,0,0.201144743186887,0,0.0,0.0447761194029851,,,0,3.1,5.1
1999,POST,00-0013268,,Ricky Proehl,WR,WR,,3,LA,0,0,0,0,0,0,0,0,0,0,0,0,,0,,,0,0,0,0,0,0,,0,8,14,121,1,0,0,0,0,7,10.4491541141175,0,0.0,0.11965811965812,,,0,18.1,26.1
1999,POST,00-0013499,,Andre Reed,WR,WR,,1,BUF,0,0,0,0,0,0,0,0,0,0,0,0,,0,,,0,0,0,0,0,0,,0,0,1,0,0,0,0,0,0,0,-0.457292242441326,0,,0.0454545454545455,,,0,0.0,0.0
1999,POST,00-0013512,,Jake Reed,WR,WR,,2,MIN,0,0,0,0,0,0,0,0,0,0,0,0,,0,,,0,0,0,0,0,0,,0,5,9,85,1,0,0,0,0,5,6.43408757604771,0,0.0,0.123287671232877,,,0,14.5,19.5
1999,POST,00-0013643,,Ron Rice,SS,DB,,1,DET,0,0,0,0,0,0,0,0,0,0,0,0,,0,,,0,0,0,0,0,0,,0,0,0,0,0,0,0,0,0,0,,0,,,,,1,6.0,6.0
1999,POST,00-0013728,,Jay Riemersma,TE,TE,,1,BUF,0,0,0,0,0,0,0,0,0,0,0,0,,0,,,0,0,0,0,0,0,,0,0,1,0,0,0,0,0,0,0,-0.463508586632088,0,,0.0454545454545455,,,0,0.0,0.0
1999,POST,00-0013785,,Ron Rivers,RB,RB,,1,DET,0,0,0,0,0,0,0,0,0,0,0,0,,0,,,1,6,0,0,0,0,0.461972491350025,0,4,4,24,1,0,0,0,0,2,4.28016931359889,0,0.0,0.102564102564103,,,0,9.0,13.0
1999,POST,00-0013872,,Jeff Robinson,LS,SPEC,,2,LA,0,0,0,0,0,0,0,0,0,0,0,0,,0,,,0,0,0,0,0,0,,0,2,2,24,1,0,0,0,0,2,2.71420600428246,0,0.0,0.027027027027027,,,0,8.4,10.4
1999,POST,00-0013958,,Charlie Rogers,RB,RB,,1,SEA,0,0,0,0,0,0,0,0,0,0,0,0,,0,,,0,0,0,0,0,0,,0,0,0,0,0,0,0,0,0,0,,0,,,,,1,6.0,6.0
1999,POST,00-0014319,,Chris Sanders,WR,WR,,4,TEN,0,0,0,0,0,0,0,0,0,0,0,0,,0,,,0,0,0,0,0,0,,0,3,7,49,0,0,0,0,0,3,1.21536134963389,0,0.0,0.0679611650485437,,,0,4.9,7.9
1999,POST,00-0014450,,Cory Schlesinger,RB,RB,,1,DET,0,0,0,0,0,0,0,0,0,0,0,0,,0,,,7,23,0,0,0,1,-3.0121256718412,0,0,0,0,0,0,0,0,0,0,,0,,,,,0,2.3,2.3
1999,POST,00-0014775,,Daimon Shelton,FB,RB,,1,JAX,0,0,0,0,0,0,0,0,0,0,0,0,,0,,,0,0,0,0,0,0,,0,1,2,12,0,0,0,0,0,1,0.104178897163365,0,0.0,0.105263157894737,,,0,1.2,2.2
1999,POST,00-0015048,,David Sloan,TE,TE,,1,DET,0,0,0,0,0,0,0,0,0,0,0,0,,0,,,0,0,0,0,0,0,,0,1,5,24,0,0,0,0,0,1,-0.912650388141628,0,0.0,0.128205128205128,,,0,2.4,3.4
1999,POST,00-0015091,,Antowain Smith,RB,RB,,1,BUF,0,0,0,0,0,0,0,0,0,0,0,0,,0,,,14,79,2,0,0,3,4.90229249472031,0,0,0,0,0,0,0,0,0,0,,0,,,,,0,19.9,19.9
1999,POST,00-0015165,,Emmitt Smith,RB,RB,,1,DAL,0,0,0,0,0,0,0,0,0,0,0,0,,0,,,15,99,1,0,0,3,1.90742789639626,0,1,2,14,0,0,0,0,0,1,0.340484246029519,0,0.0,0.0555555555555556,,,0,17.3,18.3
1999,POST,00-0015218,,Jimmy Smith,WR,WR,,2,JAX,0,0,0,0,0,0,0,0,0,0,0,0,,0,,,0,0,0,0,0,0,,0,10,24,228,2,0,0,0,0,8,3.11790711842071,0,0.0,0.421052631578947,,,0,34.8,44.8
1999,POST,00-0015286,,Robert Smith,RB,RB,,2,MIN,0,0,0,0,0,0,0,0,0,0,0,0,,0,,,48,204,0,0,0,10,-7.0385979024577,0,10,11,90,1,0,0,0,0,4,6.94190904352581,0,0.0,0.150684931506849,,,0,35.4,45.4
1999,POST,00-0015507,,Brian Stablein,WR,WR,,1,DET,0,0,0,0,0,0,0,0,0,0,0,0,,0,,,0,0,0,0,0,0,,0,3,3,32,0,0,0,0,0,2,0.413813910738099,0,0.0,0.0769230769230769,,,0,3.2,6.2
1999,POST,00-0015698,,James Stewart,RB,RB,,2,JAX,0,0,0,0,0,0,0,0,0,0,0,0,,0,,,14,97,2,0,0,4,6.0199508612277,0,0,0,0,0,0,0,0,0,0,,0,,,,,0,21.7,21.7
1999,POST,00-0016098,,Fred Taylor,RB,RB,,2,JAX,0,0,0,0,0,0,0,0,0,0,0,0,,0,,,37,245,1,0,0,8,6.63857161003398,0,3,4,55,1,0,0,0,0,2,7.03715645999182,0,0.0,0.0701754385964912,,,0,42.0,45.0
1999,POST,00-0016214,,Yancey Thigpen,WR,WR,,3,TEN,0,0,0,0,0,0,0,0,0,0,0,0,,0,,,0,0,0,0,0,0,,0,6,15,43,1,0,0,0,0,2,-3.30700194195129,0,0.0,0.220588235294118,,,0,10.3,16.3
1999,POST,00-0016316,,Robert Thomas,FB,RB,,1,DAL,0,0,0,0,0,0,0,0,0,0,0,0,,0,,,0,0,0,0,0,0,,0,2,2,0,0,1,1,0,0,0,-4.34276294684969,0,,0.0555555555555556,,,0,-2.0,0.0
1999,POST,00-0016321,,Rodney Thomas,RB,RB,,1,TEN,0,0,0,0,0,0,0,0,0,0,0,0,,0,,,4,14,0,0,0,2,-0.295377162168734,0,0,0,0,0,0,0,0,0,0,,0,,,,,0,1.4,1.4
1999,POST,00-0016331,,Thurman Thomas,RB,RB,,1,BUF,0,0,0,0,0,0,0,0,0,0,0,0,,0,,,5,10,0,0,0,0,-1.63707843003795,0,0,0,0,0,0,0,0,0,0,,0,,,,,0,1.0,1.0
1999,POST,00-0016440,,James Thrash,WR,WR,,1,WAS,0,0,0,0,0,0,0,0,0,0,0,0,,0,,,1,1,0,0,0,0,-0.913490316830575,0,0,0,0,0,0,0,0,0,0,,0,,,,,0,0.1,0.1
1999,POST,00-0016654,,Jason Tucker,WR,WR,,1,DAL,0,0,0,0,0,0,0,0,0,0,0,0,,0,,,0,0,0,0,0,0,,0,4,5,67,0,1,1,0,0,3,-0.556718406049789,0,0.0,0.138888888888889,,,0,4.7,8.7
1999,POST,00-0016660,,Ryan Tucker,G,OL,,1,LA,0,0,0,0,0,0,0,0,0,0,0,0,,0,,,0,0,0,0,0,0,,0,1,1,1,1,0,0,0,0,1,0.701630967785604,0,0.0,0.032258064516129,,,0,6.1,7.1
1999,POST,00-0016811,,Iheanyi Uwaezuoke,WR,WR,,1,DET,0,0,0,0,0,0,0,0,0,0,0,0,,0,,,0,0,0,0,0,0,,0,1,1,5,0,0,0,0,0,1,0.637263951881323,0,0.0,0.0256410256410256,,,0,0.5,1.5
1999,POST,00-0017200,,Kurt Warner,QB,QB,,3,LA,75,119,1023,8,4,3,24,0,0,0,0,49,44.7387116993158,0,0.0,0.14982765476344,6,3,0,3,1,1,-6.83461847868386,0,0,0,0,0,0,0,0,0,0,,0,,,,,0,63.22,63.22
1999,POST,00-0017209,,Chris Warren,RB,RB,,1,DAL,0,0,0,0,0,0,0,0,0,0,0,0,,0,,,1,12,0,0,0,1,1.20369631634094,0,1,3,4,0,0,0,0,0,0,-2.10071092017461,0,0.0,0.0833333333333333,,,0,1.6,2.6
1999,POST,00-0017322,,Ricky Watters,RB,RB,,1,SEA,0,0,0,0,0,0,0,0,0,0,0,0,,0,,,19,40,0,0,0,0,-6.05522910497847,0,1,2,8,0,0,0,0,0,0,-0.136032284935936,0,0.0,0.0714285714285714,,,0,4.8,5.8
1999,POST,00-0017470,,Michael Westbrook,WR,WR,,2,WAS,0,0,0,0,0,0,0,0,0,0,0,0,,0,,,1,0,0,0,0,0,-0.622752861003391,0,3,13,26,0,0,0,0,0,2,-4.45973681155266,0,0.0,0.224137931034483,,,0,2.6,5.6
1999,POST,00-0017611,,Alvis Whitted,WR,WR,,2,JAX,0,0,0,0,0,0,0,0,0,0,0,0,,0,,,0,0,0,0,0,0,,0,1,3,38,1,0,0,0,0,1,3.10336645529605,0,0.0,0.0526315789473684,,,0,9.8,10.8
1999,POST,00-0017697,,Terrence Wilkins,WR,WR,,1,IND,0,0,0,0,0,0,0,0,0,0,0,0,,0,,,0,0,0,0,0,0,,0,4,6,55,0,1,0,0,0,3,1.25365930469707,0,0.0,0.146341463414634,,,0,5.5,9.5
1999,POST,00-0017847,,Karl Williams,WR,WR,,2,TB,0,0,0,0,0,0,0,0,0,0,0,0,,0,,,0,0,0,0,0,0,,0,3,5,31,0,0,0,0,0,2,-0.304138552815779,0,0.0,0.0892857142857143,,,0,3.1,6.1
1999,POST,00-0017860,,Kevin R. Williams,WR,WR,,1,BUF,0,0,0,0,0,0,0,0,0,0,0,0,,0,,,0,0,0,0,0,0,,0,0,1,0,0,0,0,0,0,0,-1.28393172612414,0,,0.0454545454545455,,,0,0.0,0.0
1999,POST,00-0017924,,Roland Williams,TE,TE,,3,LA,0,0,0,0,0,0,0,0,0,0,0,0,,0,,,0,0,0,0,0,0,,0,4,7,51,1,0,0,0,0,3,2.5009917273419,0,0.0,0.0598290598290598,,,0,11.1,15.1
1999,POST,00-0018343,,Frank Wycheck,TE,TE,,4,TEN,0,0,0,0,0,0,0,0,0,0,0,0,,0,,,0,0,0,0,0,0,,0,14,19,92,0,1,1,0,0,6,-1.07495084563745,0,0.0,0.184466019417476,,,0,7.2,21.2
1999,REG+POST,00-0000003,,Abdul-Karim al-Jabbar,RB,RB,,13,CLE,0,0,0,0,0,0,0,0,0,0,0,0,,0,,,142,443,1,0,0,20,-18.8188039558209,0,17,22,84,1,0,0,0,0,5,1.05747716315091,0,0.0,0.054590570719603,,,0,64.7,81.7
1999,REG+POST,00-0000007,,Rabih Abdullah,RB,RB,,4,TB,0,0,0,0,0,0,0,0,0,0,0,0,,0,,,5,12,0,0,0,1,-2.23102492745966,0,2,3,11,0,0,0,0,0,0,-2.08956361014862,0,0.0,0.0483870967741936,,,0,2.3,4.3
1999,REG+POST,00-0000104,,Troy Aikman,QB,QB,,15,DAL,280,466,3206,17,11,20,138,5,1,0,0,136,39.995291636047,0,0.0,0.0822739789766118,21,10,1,2,0,3,-8.84687305099214,0,0,0,0,0,0,0,0,0,0,,0,,,,,0,179.24,179.24
1999,REG+POST,00-0000145,,Derrick Alexander,WR,WR,,16,KC,0,0,0,0,0,0,0,0,0,0,0,0,,0,,,2,82,1,0,0,1,5.45365648996085,0,54,103,832,2,0,0,0,0,31,22.7266490032293,0,0.0,0.218220338983051,,,0,109.4,163.4
1999,REG+POST,00-0000166,,Stephen Alexander,TE,TE,,17,WAS,0,0,0,0,0,0,0,0,0,0,0,0,,0,,,0,0,0,0,0,0,,0,30,54,334,3,0,0,0,0,19,15.0167209907095,0,0.0,0.100934579439252,,,0,51.4,81.4
1999,REG+POST,00-0000172,,Brian Alford,WR,WR,,2,NYG,0,0,0,0,0,0,0,0,0,0,0,0,,0,,,0,0,0,0,0,0,,0,1,5,7,1,0,0,0,0,1,0.457722238381393,0,0.0,0.0609756097560976,,,0,6.7,7.7
1999,REG+POST,00-0000210,,James Allen,RB,RB,,8,CHI,0,0,0,0,0,0,0,0,0,0,0,0,,0,,,32,119,0,0,0,6,-3.60430468190205,0,9,11,91,0,0,0,0,4,4,4.49714952800423,0,0.0,0.0774647887323944,,,0,21.0,30.0
1999,REG+POST,00-0000232,,Terry Allen,RB,RB,,16,NE,0,0,0,0,0,0,0,0,0,0,0,0,,0,,,251,887,8,7,3,43,-49.6670045157697,0,14,19,125,1,1,1,0,0,6,0.743250488885678,0,0.0,0.0455635491606715,,,0,147.2,161.2
1999,REG+POST,00-0000242,,John Allred,TE,TE,,11,CHI,0,0,0,0,0,0,0,0,0,0,0,0,,0,,,0,0,0,0,0,0,,0,12,16,94,1,0,0,0,10,5,0.0447527602173941,0,0.0,0.0342612419700214,,,0,15.4,27.4
1999,REG+POST,00-0000251,,Mike Alstott,FB,RB,,18,TB,0,0,0,0,0,0,0,0,0,0,0,0,,0,,,266,1019,8,5,5,52,-40.9378767188173,0,31,38,265,2,0,0,0,0,11,5.65823515796165,0,0.0,0.0822510822510823,,,0,178.4,209.4
1999,REG+POST,00-0000279,,Kimble Anders,RB,RB,,2,KC,0,0,0,0,0,0,0,0,0,0,0,0,,0,,,31,179,0,1,0,6,-0.0692548654683951,0,2,5,14,0,0,0,0,0,1,-0.305657182470895,0,0.0,0.121951219512195,,,0,19.3,21.3
1999,REG+POST,00-0000316,,Jamal Anderson,RB,RB,,2,ATL,0,0,0,0,0,0,0,0,0,0,0,0,,0,,,19,59,0,0,0,1,-5.73720879445318,0,2,2,34,0,0,0,0,0,1,-0.24745716463076,0,0.0,0.0645161290322581,,,0,9.3,11.3
1999,REG+POST,00-0000339,,Richie Anderson,FB,RB,,16,NYJ,0,0,0,0,0,0,0,0,0,0,0,0,,0,,,16,84,0,0,0,4,-0.252021657419391,0,29,44,302,3,0,0,0,0,14,6.75056845891346,0,0.0,0.0964912280701754,,,0,56.6,85.6
1999,REG+POST,00-0000387,,Reidel Anthony,WR,WR,,13,TB,0,0,0,0,0,0,0,0,0,0,0,0,,0,,,1,2,0,0,0,0,-1.01640213304199,0,30,60,296,1,1,0,0,0,18,-4.79841153507742,0,0.0,0.164835164835165,,,0,35.8,65.8
1999,REG+POST,00-0000422,,Justin Armour,WR,WR,,14,BAL,0,0,0,0,0,0,0,0,0,0,0,0,,0,,,0,0,0,0,0,0,,0,33,78,462,4,0,0,0,0,25,0.44529916312792,0,0.0,0.173719376391982,,,0,70.2,103.2
1999,REG+POST,00-0000541,,John Avery,RB,RB,,5,DEN,0,0,0,0,0,0,0,0,0,0,0,0,,0,,,5,21,0,0,0,2,-0.430737315618899,0,4,9,24,0,0,0,0,0,1,-3.95302864754684,0,0.0,0.0833333333333333,,,0,4.5,8.5
1999,REG+POST,00-0000552,,Obafemi Ayanbadejo,RB,RB,,1,BAL,0,0,0,0,0,0,0,0,0,0,0,0,,0,,,0,0,0,0,0,0,,0,1,1,2,0,0,0,0,0,0,-0.853837734088302,0,0.0,0.03125,,,0,0.2,1.2
1999,REG+POST,00-0000627,,Eugene Baker,WR,WR,,3,ATL,0,0,0,0,0,0,0,0,0,0,0,0,,0,,,0,0,0,0,0,0,,0,7,14,118,0,0,0,0,0,5,3.61642285235592,0,0.0,0.141414141414141,,,0,11.8,18.8
1999,REG+POST,00-0000721,,Tavian Banks,RB,RB,,8,JAX,0,0,0,0,0,0,0,0,0,0,0,0,,0,,,23,82,0,0,0,3,-6.10047791973921,0,14,19,137,0,0,0,0,0,6,4.68049517346543,0,0.0,0.0867579908675799,,,0,21.9,35.9
1999,REG+POST,00-0000722,,Tony Banks,QB,QB,,11,BAL,167,318,2093,16,8,33,190,9,5,0,0,92,-31.0896711154298,0,0.0,0.0414052929121577,24,93,0,2,1,8,-5.02259737126769,0,0,0,0,0,0,0,0,0,0,,0,,,,,0,129.02,129.02
1999,REG+POST,00-0000745,,Tiki Barber,RB,RB,,16,NYG,0,0,0,0,0,0,0,0,0,0,0,0,,0,,,60,253,0,1,0,11,-1.38937925243117,0,66,91,609,2,1,0,0,0,32,6.41545421960218,0,0.0,0.155555555555556,,,1,104.2,170.2
1999,REG+POST,00-0000754,,Bryan Barker,P,SPEC,,1,JAX,0,0,0,0,0,0,0,0,0,0,0,0,,0,,,1,6,0,0,0,0,-2.51320685763494,0,0,0,0,0,0,0,0,0,0,,0,,,,,0,0.6,0.6
1999,REG+POST,00-0000765,,Reggie Barlow,WR,WR,,11,JAX,0,0,0,0,0,0,0,0,0,0,0,0,,0,,,0,0,0,0,0,0,,0,16,28,202,0,1,1,0,0,10,-6.11775062926418,0,0.0,0.0769230769230769,,,1,24.2,40.2
1999,REG+POST,00-0000811,,Tommy Barnhardt,P,SPEC,,1,NO,0,0,0,0,0,0,0,0,0,0,0,0,,0,,,1,4,0,1,0,0,-1.77879499585833,0,0,0,0,0,0,0,0,0,0,,0,,,,,0,0.4,0.4
1999,REG+POST,00-0000849,,Mike Bartrum,LS,SPEC,,1,NE,0,0,0,0,0,0,0,0,0,0,0,0,,0,,,0,0,0,0,0,0,,0,1,1,1,1,0,0,0,0,1,1.81739354779711,0,0.0,0.0384615384615385,,,0,6.1,7.1
1999,REG+POST,00-0000856,,Michael Basnight,RB,RB,,12,CIN,0,0,0,0,0,0,0,0,0,0,0,0,,0,,,61,305,0,1,0,12,-12.8668957910309,0,16,19,172,0,0,0,0,0,4,6.27252072351985,0,0.0,0.0671378091872792,,,0,47.7,63.7
1999,REG+POST,00-0000865,,Charlie Batch,QB,QB,,11,DET,149,267,1908,13,7,36,186,4,1,0,0,88,-18.4136848721601,1,0.0,0.0472498600440526,28,87,2,0,0,8,7.50772977602901,0,0,0,0,0,0,0,0,0,0,,0,,,,,0,135.02,135.02
1999,REG+POST,00-0000869,,D'Wayne Bates,WR,WR,,4,CHI,0,0,0,0,0,0,0,0,0,0,0,0,,0,,,0,0,0,0,0,0,,0,2,7,19,0,0,0,0,0,1,-1.03186944150366,0,0.0,0.0395480225988701,,,0,1.9,3.9
1999,REG+POST,00-0000871,,Mario Bates,RB,RB,,10,ARI,0,0,0,0,0,0,0,0,0,0,0,0,,0,,,72,202,9,0,0,23,2.72620871234648,0,5,7,34,0,0,0,0,0,2,-0.809647201152984,0,0.0,0.0482758620689655,,,0,77.6,82.6
1999,REG+POST,00-0000872,,Michael Bates,WR,WR,,5,CAR,0,0,0,0,0,0,0,0,0,0,0,0,,0,,,3,12,0,0,0,1,-0.405698451620992,0,1,1,2,0,0,0,0,0,0,-0.386554871220142,0,0.0,0.0333333333333333,,,2,13.4,14.4
1999,REG+POST,00-0000883,,Marco Battaglia,TE,TE,,11,CIN,0,0,0,0,0,0,0,0,0,0,0,0,,0,,,0,0,0,0,0,0,,0,14,27,153,0,0,0,0,0,6,-0.286812040751101,0,0.0,0.0741758241758242,,,0,15.3,29.3
1999,REG+POST,00-0000911,,Fred Baxter,TE,TE,,10,NYJ,0,0,0,0,0,0,0,0,0,0,0,0,,0,,,0,0,0,0,0,0,,0,8,17,66,2,0,0,0,0,5,-0.0661893543948211,0,0.0,0.0566666666666667,,,0,18.6,26.6
1999,REG+POST,00-0000942,,Fred Beasley,RB,RB,,13,SF,0,0,0,0,0,0,0,0,0,0,0,0,,0,,,58,276,4,2,2,18,-1.46671296710649,0,32,51,282,0,0,0,0,29,16,3.92402183111877,0,0.0,0.114349775784753,,,0,75.8,107.8
1999,REG+POST,00-0000969,,Brett Bech,WR,WR,,6,NO,0,0,0,0,0,0,0,0,0,0,0,0,,0,,,0,0,0,0,0,0,,0,4,8,65,1,0,0,0,8,4,6.302335154498,1,0.0,0.0394088669950739,,,0,14.5,18.5
1999,REG+POST,00-0001101,,Darren Bennett,P,SPEC,,1,LAC,0,0,0,0,0,0,0,0,0,0,0,0,,0,,,1,0,0,0,0,0,-4.25353454449214,0,0,0,0,0,0,0,0,0,0,,0,,,,,0,0.0,0.0
1999,REG+POST,00-0001102,,Donnell Bennett,FB,RB,,13,KC,0,0,0,0,0,0,0,0,0,0,0,0,,0,,,159,625,8,1,1,38,-3.34926618020032,0,10,12,41,0,0,0,0,0,2,-0.860401264944812,0,0.0,0.0745341614906832,,,0,112.6,122.6
1999,REG+POST,00-0001103,,Edgar Bennett,RB,RB,,12,CHI,0,0,0,0,0,0,0,0,0,0,0,0,,0,,,6,28,0,0,0,1,0.056101136491634,0,14,21,116,0,1,1,0,36,5,-0.449086637352593,0,0.0,0.0442105263157895,,,0,12.4,26.4
1999,REG+POST,00-0001112,,Sean Bennett,RB,RB,,8,NYG,0,0,0,0,0,0,0,0,0,0,0,0,,0,,,29,126,1,0,0,5,-5.06397295398397,0,4,8,27,0,0,0,0,0,1,-1.98198761924868,0,0.0,0.0601503759398496,,,0,21.3,25.3
1999,REG+POST,00-0001215,,Jerome Bettis,RB,RB,,16,PIT,1,1,21,1,0,0,0,0,0,0,0,1,2.98806506954134,0,0.0,,296,1082,7,2,1,64,-18.1234247241971,0,21,28,110,0,0,0,0,21,2,-3.44116118969396,0,0.0,0.0637813211845103,,,0,164.04,185.04
1999,REG+POST,00-0001218,,Steve Beuerlein,QB,QB,,16,CAR,340,565,4413,36,14,49,274,8,4,0,0,206,85.1015774592842,0,0.0,0.111188385904292,24,105,1,3,3,5,-13.3405706321672,0,0,0,0,0,0,0,0,0,0,,0,,,,,0,295.02,295.02
1999,REG+POST,00-0001224,,Tim Biakabutuka,RB,RB,,11,CAR,0,0,0,0,0,0,0,0,0,0,0,0,,0,,,138,718,6,2,1,27,-3.28826859768014,0,23,29,189,0,1,0,0,3,9,4.89246175132575,0,0.0,0.0753246753246753,,,0,124.7,147.7
1999,REG+POST,00-0001233,,Eric Bieniemy,RB,RB,,5,PHI,0,0,0,0,0,0,0,0,0,0,0,0,,0,,,12,75,1,0,0,4,6.11609616258647,0,2,2,28,0,0,0,0,0,1,2.27431540330872,0,0.0,0.032258064516129,,,0,16.3,18.3
1999,REG+POST,00-0001281,,Eric Bjornson,TE,TE,,9,DAL,0,0,0,0,0,0,0,0,0,0,0,0,,0,,,1,20,1,0,0,1,4.85085382574471,0,10,18,131,0,0,0,0,0,6,6.26802434440469,0,0.0,0.0640569395017794,,,0,21.1,31.1
1999,REG+POST,00-0001317,,Will Blackwell,WR,WR,,10,PIT,0,0,0,0,0,0,0,0,0,0,0,0,,0,,,0,0,0,0,0,0,,0,20,36,186,0,1,0,0,0,11,-9.38967393005807,0,0.0,0.116129032258065,,,0,18.6,38.6
1999,REG+POST,00-0001335,,Jeff Blake,QB,QB,,14,CIN,211,383,2630,15,12,30,168,6,4,0,0,123,-18.4419654657403,2,0.0,0.0596357798372999,59,315,2,4,1,23,13.8554248937624,0,0,0,0,0,0,0,0,0,0,,0,,,,,0,178.7,178.7
1999,REG+POST,00-0001361,,Drew Bledsoe,QB,QB,,16,NE,303,533,3969,19,21,55,342,6,2,0,0,183,-26.0752126612214,0,0.0,0.0415487556262504,42,101,0,0,0,11,-1.08839711654866,0,0,0,0,0,0,0,0,0,0,,0,,,,,0,198.86,198.86
1999,REG+POST,00-0001397,,Orlando Bobo,G,OL,,1,CLE,0,0,0,0,0,0,0,0,0,0,0,0,,0,,,0,0,0,0,0,0,,0,1,1,3,0,0,0,0,0,0,-0.309316847007722,0,0.0,0.0384615384615385,,,0,0.3,1.3
1999,REG+POST,00-0001471,,Steve Bono,QB,QB,,1,CAR,0,1,0,0,0,0,0,0,0,0,0,0,-0.875718868803233,0,,,2,-2,0,0,0,0,0.0,0,0,0,0,0,0,0,0,0,0,,0,,,,,0,-0.2,-0.2
1999,REG+POST,00-0001477,,Marty Booker,WR,WR,,8,CHI,0,0,0,0,0,0,0,0,0,0,0,0,,0,,,1,8,0,0,0,0,0.456417934969068,0,19,33,219,3,0,0,0,150,9,5.58419443212379,0,0.0,0.0985074626865672,,,0,40.7,59.7
1999,REG+POST,00-0001525,,James Bostic,RB,RB,,5,PHI,0,0,0,0,0,0,0,0,0,0,0,0,,0,,,5,19,0,2,1,0,-3.83301195618697,0,5,7,8,0,0,0,0,0,2,-4.26168520841748,0,0.0,0.12280701754386,,,0,0.7,5.7
1999,REG+POST,00-0001532,,David Boston,WR,WR,,15,ARI,0,0,0,0,0,0,0,0,0,0,0,0,,0,,,5,0,0,0,0,0,-2.57101092318771,0,40,81,473,2,1,0,0,0,21,1.17245852511712,0,0.0,0.158512720156556,,,0,59.3,99.3
1999,REG+POST,00-0001582,,Fabien Bownes,WR,WR,,4,SEA,0,0,0,0,0,0,0,0,0,0,0,0,,0,,,1,-14,0,0,0,0,-2.47063598642126,0,4,6,68,1,0,0,0,0,2,4.3596981686157,0,0.0,0.0625,,,0,11.4,15.4
1999,REG+POST,00-0001627,,Corey Bradford,WR,WR,,16,GB,0,0,0,0,0,0,0,0,0,0,0,0,,0,,,0,0,0,0,0,0,,0,36,89,623,5,1,0,0,0,24,-0.693934613349669,1,0.0,0.153448275862069,,,0,94.3,130.3
1999,REG+POST,00-0001661,,Kyle Brady,TE,TE,,15,JAX,0,0,0,0,0,0,0,0,0,0,0,0,,0,,,0,0,0,0,0,0,,0,37,58,390,2,2,2,0,0,18,3.59943370140502,1,0.0,0.119587628865979,,,0,49.0,86.0
1999,REG+POST,00-0001719,,Chris Brazzell,WR,WR,,5,DAL,0,0,0,0,0,0,0,0,0,0,0,0,,0,,,0,0,0,0,0,0,,0,7,18,126,0,0,0,0,0,4,-1.62381516704863,0,0.0,0.103448275862069,,,0,12.6,19.6
1999,REG+POST,00-0001766,,Jeremy Brigham,TE,TE,,9,LV,0,0,0,0,0,0,0,0,0,0,0,0,,0,,,0,0,0,0,0,0,,0,8,16,108,0,0,0,0,0,4,1.76709295920199,0,0.0,0.0524590163934426,,,0,10.8,18.8
1999,REG+POST,00-0001783,,Vincent Brisby,WR,WR,,11,NE,0,0,0,0,0,0,0,0,0,0,0,0,,0,,,0,0,0,0,0,0,,0,18,33,266,0,0,0,0,0,13,7.14739760540995,0,0.0,0.0962099125364431,,,0,26.6,44.6
1999,REG+POST,00-0001785,,Bubby Brister,QB,QB,,2,DEN,12,20,87,0,3,0,0,0,0,0,0,7,-7.39093096472789,0,0.0,0.0252493974161249,2,17,0,0,0,1,-0.744824297609739,0,0,0,0,0,0,0,0,0,0,,0,,,,,0,-0.82,-0.82
1999,REG+POST,00-0001842,,Macey Brooks,WR,WR,,9,CHI,0,0,0,0,0,0,0,0,0,0,0,0,,0,,,1,7,0,0,0,0,0.315061480272561,0,14,27,160,0,0,0,0,0,10,-9.57551480776291,0,0.0,0.0723860589812333,,,0,16.7,30.7
1999,REG+POST,00-0001862,,Luther Broughton,TE,TE,,16,PHI,0,0,0,0,0,0,0,0,0,0,0,0,,0,,,0,0,0,0,0,0,,0,26,45,295,4,0,0,0,15,18,15.4066816790171,0,0.0,0.0993377483443709,,,0,53.5,79.5
1999,REG+POST,00-0001907,,Dave Brown,QB,QB,,8,ARI,84,168,944,2,5,18,130,4,1,0,0,39,-40.5486288032029,0,0.0,0.0246152818230044,13,49,0,0,0,5,4.32738966331817,0,0,0,0,0,0,0,0,0,0,,0,,,,,0,38.66,38.66
1999,REG+POST,00-0001919,,Derek Brown,TE,TE,,1,ARI,0,0,0,0,0,0,0,0,0,0,0,0,,0,,,0,0,0,0,0,0,,0,0,1,0,0,0,0,0,0,0,-0.836657946929336,0,,0.037037037037037,,,0,0.0,0.0
1999,REG+POST,00-0001938,,Gary Brown,RB,RB,,3,NYG,0,0,0,0,0,0,0,0,0,0,0,0,,0,,,53,170,0,1,0,10,-10.2167549220612,0,2,2,2,0,0,0,0,0,0,-0.992232035379857,0,0.0,0.0263157894736842,,,0,17.2,19.2
1999,REG+POST,00-0002005,,Na Brown,WR,WR,,8,PHI,0,0,0,0,0,0,0,0,0,0,0,0,,0,,,0,0,0,0,0,0,,0,18,36,188,1,0,0,0,3,9,-1.98942034002723,0,0.0,0.148148148148148,,,0,24.8,42.8
1999,REG+POST,00-0002027,,Reggie Brown,FB,RB,,15,SEA,0,0,0,0,0,0,0,0,0,0,0,0,,0,,,14,38,0,1,1,1,-10.4784593844088,0,35,49,243,1,0,0,0,0,11,-1.42400206808508,0,0.0,0.105603448275862,,,0,32.1,67.1
1999,REG+POST,00-0002058,,Tim Brown,WR,WR,,16,LV,0,0,0,0,0,0,0,0,0,0,0,0,,0,,,1,4,0,0,0,0,-0.108288102317601,0,89,143,1335,6,0,0,0,13,64,61.6550377583064,0,0.0,0.283730158730159,,,0,169.9,258.9
1999,REG+POST,00-0002068,,Troy Brown,WR,WR,,12,NE,0,1,0,0,0,0,0,0,0,0,0,0,-0.36758647300303,0,,,0,0,0,0,0,0,,0,36,56,471,1,0,0,0,0,23,14.0384382440887,0,0.0,0.141414141414141,,,0,53.1,89.1
1999,REG+POST,00-0002099,,Isaac Bruce,WR,WR,,18,LA,0,0,0,0,0,0,0,0,0,0,0,0,,0,,,4,28,0,0,0,3,3.24250882677734,0,81,132,1343,13,0,0,0,31,58,74.335360682596,1,0.0,0.223728813559322,,,0,217.1,298.1
1999,REG+POST,00-0002102,,Mark Bruener,TE,TE,,13,PIT,0,0,0,0,0,0,0,0,0,0,0,0,,0,,,0,0,0,0,0,0,,0,18,34,176,0,0,0,0,2,6,-9.28450526401866,0,0.0,0.0788863109048724,,,0,17.6,35.6
1999,REG+POST,00-0002110,,Mark Brunell,QB,QB,,17,JAX,283,485,3391,17,10,34,198,5,2,0,0,170,61.32430037341,2,0.0,0.0990772948301266,46,191,1,3,0,17,12.9077539931168,1,0,0,0,0,0,0,0,0,0,,0,,,,,0,210.74,210.74
1999,REG+POST,00-0002380,,Steve Bush,RB,RB,,1,CIN,0,0,0,0,0,0,0,0,0,0,0,0,,0,,,0,0,0,0,0,0,,0,1,1,4,0,0,0,0,0,0,-0.105564543278888,0,0.0,0.0256410256410256,,,0,0.4,1.4
1999,REG+POST,00-0002459,,Kenny Bynum,RB,RB,,14,LAC,0,0,0,0,0,0,0,0,0,0,0,0,,0,,,92,287,1,1,1,18,-20.5465073183506,0,16,23,209,2,2,0,0,0,6,7.55904814880341,0,0.0,0.0633608815426997,,,0,65.6,81.6
1999,REG+POST,00-0002469,,Isaac Byrd,WR,WR,,13,TEN,0,0,0,0,0,0,0,0,0,0,0,0,,0,,,0,0,0,0,0,0,,0,18,30,301,2,1,1,0,0,11,9.65930479904637,0,0.0,0.0753768844221106,,,0,40.1,58.1
1999,REG+POST,00-0002544,,Chris Calloway,WR,WR,,11,ATL,0,0,0,0,0,0,0,0,0,0,0,0,,0,,,0,0,0,0,0,0,,0,22,43,314,1,0,0,0,11,18,7.34687388909515,0,0.0,0.13030303030303,,,0,37.4,59.4
1999,REG+POST,00-0002565,,Dan Campbell,TE,TE,,1,NYG,0,0,0,0,0,0,0,0,0,0,0,0,,0,,,0,0,0,0,0,0,,0,0,1,0,0,0,0,0,0,0,-0.421457342687063,0,,0.027027027027027,,,0,0.0,0.0
1999,REG+POST,00-0002586,,Mark Campbell,TE,TE,,9,CLE,0,0,0,0,0,0,0,0,0,0,0,0,,0,,,0,0,0,0,0,0,,0,9,15,131,0,0,0,0,0,9,9.56967821030412,0,0.0,0.0541516245487365,,,0,13.1,22.1
1999,REG+POST,00-0002701,,Rae Carruth,WR,WR,,5,CAR,0,0,0,0,0,0,0,0,0,0,0,0,,0,,,1,4,0,0,0,1,0.202718513552099,0,13,25,184,0,0,0,0,0,8,2.3201500698342,0,0.0,0.158227848101266,,,0,18.8,31.8
1999,REG+POST,00-0002709,,Dwayne Carswell,G,OL,,13,DEN,0,0,0,0,0,0,0,0,0,0,0,0,,0,,,0,0,0,0,0,0,,0,24,38,201,2,0,0,0,0,12,8.85397173109232,0,0.0,0.0885780885780886,,,0,32.1,56.1
1999,REG+POST,00-0002713,,Tony Carter,RB,RB,,11,NE,0,0,0,0,0,0,0,0,0,0,0,0,,0,,,6,26,0,0,0,2,0.561149019107688,0,19,30,104,0,0,0,0,0,4,-8.97738418867812,0,0.0,0.0854700854700855,,,0,13.0,32.0
1999,REG+POST,00-0002721,,Cris Carter,WR,WR,,17,MIN,0,0,0,0,0,0,0,0,0,0,0,0,,0,,,0,0,0,0,0,0,,0,95,154,1305,14,0,0,0,80,70,69.6301707451221,0,0.0,0.283088235294118,,,0,214.5,309.5
1999,REG+POST,00-0002743,,Ki-Jana Carter,RB,RB,,3,CIN,0,0,0,0,0,0,0,0,0,0,0,0,,0,,,6,15,1,0,0,1,0.0453843513387255,0,3,6,24,0,0,0,0,0,1,-1.97877457700088,0,0.0,0.0571428571428571,,,0,9.9,12.9
1999,REG+POST,00-0002787,,Stoney Case,QB,QB,,10,BAL,76,168,975,3,8,17,116,1,1,0,0,41,-49.0547555155721,0,0.0,0.0291061280175231,35,140,2,1,1,10,-2.59106952440351,0,0,0,0,0,0,0,0,0,0,,0,,,,,0,57.0,57.0
1999,REG+POST,00-0002846,,Larry Centers,FB,RB,,18,WAS,0,0,0,0,0,0,0,0,0,0,0,0,,0,,,15,61,0,0,0,3,-1.10099768276131,0,78,100,600,3,2,0,0,0,34,22.7785432382608,0,0.0,0.173913043478261,,,0,84.1,162.1
1999,REG+POST,00-0002861,,Byron Chamberlain,TE,TE,,14,DEN,0,0,0,0,0,0,0,0,0,0,0,0,,0,,,0,0,0,0,0,0,,0,32,57,488,2,0,0,0,0,18,18.4599972313627,0,0.0,0.119246861924686,,,0,60.8,92.8
1999,REG+POST,00-0002873,,Robert Chancey,RB,RB,,1,DAL,0,0,0,0,0,0,0,0,0,0,0,0,,0,,,14,57,0,0,0,3,-1.01312830823008,0,0,0,0,0,0,0,0,0,0,,0,,,,,0,5.7,5.7
1999,REG+POST,00-0002876,,Chris Chandler,QB,QB,,12,ATL,173,304,2335,16,11,32,230,2,2,0,0,113,-5.57408144364646,0,0.0,0.0642221298203649,15,46,1,5,0,5,-6.56851827038918,0,0,0,0,0,0,0,0,0,0,,0,,,,,0,142.0,142.0
1999,REG+POST,00-0002942,,Darrin Chiaverini,WR,WR,,13,CLE,0,0,0,0,0,0,0,0,0,0,0,0,,0,,,0,0,0,0,0,0,,0,42,74,453,4,0,0,0,7,24,16.2523853058456,0,0.0,0.191709844559585,,,0,69.3,111.3
1999,REG+POST,00-0002958,,Mark Chmura,TE,TE,,2,GB,0,0,0,0,0,0,0,0,0,0,0,0,,0,,,0,0,0,0,0,0,,0,5,9,55,0,0,0,0,0,3,-1.14565561409108,0,0.0,0.108433734939759,,,0,5.5,10.5
1999,REG+POST,00-0002962,,Wayne Chrebet,WR,WR,,11,NYJ,0,0,0,0,0,0,0,0,0,0,0,0,,0,,,0,0,0,0,0,0,,0,47,79,622,3,0,0,0,0,26,20.681513279472,0,0.0,0.257328990228013,,,0,80.2,127.2
1999,REG+POST,00-0002970,,Bob Christian,FB,RB,,16,ATL,0,0,0,0,0,0,0,0,0,0,0,0,,0,,,38,174,5,0,0,15,13.1983969362918,0,40,62,354,2,1,1,0,0,17,-3.28800881208797,0,0.0,0.135076252723312,,,0,92.8,132.8
1999,REG+POST,00-0002985,,Pete Chryplewicz,TE,TE,,1,DET,0,0,0,0,0,0,0,0,0,0,0,0,,0,,,0,0,0,0,0,0,,0,2,2,18,0,0,0,0,0,0,0.220367437927052,0,0.0,0.0571428571428571,,,0,1.8,3.8
1999,REG+POST,00-0003035,,Desmond Clark,TE,TE,,1,DEN,0,0,0,0,0,0,0,0,0,0,0,0,,0,,,0,0,0,0,0,0,,0,1,1,5,0,0,0,0,0,0,-0.0523479067778681,0,0.0,0.0344827586206897,,,0,0.5,1.5
1999,REG+POST,00-0003039,,Greg Clark,TE,TE,,11,SF,0,0,0,0,0,0,0,0,0,0,0,0,,0,,,0,0,0,0,0,0,,0,33,54,329,0,1,0,0,7,23,-2.60626083541459,0,0.0,0.141361256544503,,,0,32.9,65.9
1999,REG+POST,00-0003103,,Cameron Cleeland,TE,TE,,11,NO,0,0,0,0,0,0,0,0,0,0,0,0,,0,,,0,0,0,0,0,0,,0,26,47,325,1,1,0,0,15,16,10.0631622188201,1,0.0,0.121447028423773,,,0,40.5,66.5
1999,REG+POST,00-0003128,,Tony Cline,TE,TE,,3,SF,0,0,0,0,0,0,0,0,0,0,0,0,,0,,,0,0,0,0,0,0,,0,4,5,45,0,0,0,0,0,2,0.721559523986552,0,0.0,0.05,,,0,4.5,8.5
1999,REG+POST,00-0003136,,Mike Cloud,RB,RB,,8,KC,0,0,0,0,0,0,0,0,0,0,0,0,,0,,,35,128,0,0,0,7,-2.159326778783,0,3,3,25,0,0,0,0,0,1,1.15775118733291,0,0.0,0.0476190476190476,,,0,15.3,18.3
1999,REG+POST,00-0003142,,Ben Coates,TE,TE,,15,NE,0,0,0,0,0,0,0,0,0,0,0,0,,0,,,0,0,0,0,0,0,,0,32,63,370,2,0,0,0,0,20,-15.3739248814112,0,0.0,0.128309572301426,,,0,49.0,81.0
1999,REG+POST,00-0003175,,Mac Cody,WR,WR,,6,ARI,0,0,0,0,0,0,0,0,0,0,0,0,,0,,,0,0,0,0,0,0,,0,6,11,60,1,0,0,0,0,4,0.659354530391283,0,0.0,0.0472103004291846,,,0,12.0,18.0
1999,REG+POST,00-0003266,,Bobby Collins,TE,TE,,10,BUF,0,0,0,0,0,0,0,0,0,0,0,0,,0,,,0,0,0,0,0,0,,0,10,21,125,2,0,0,0,0,8,1.59116003359668,0,0.0,0.0729166666666667,,,0,24.5,34.5
1999,REG+POST,00-0003271,,Cecil Collins,RB,RB,,8,MIA,0,0,0,0,0,0,0,0,0,0,0,0,,0,,,131,414,2,2,1,20,-32.5161869741568,0,6,8,32,0,0,0,0,0,0,-0.779647319810465,0,0.0,0.0465116279069768,,,0,54.6,60.6
1999,REG+POST,00-0003292,,Kerry Collins,QB,QB,,10,NYG,190,328,2318,8,10,16,112,5,3,0,0,116,-7.13681243280921,0,0.0,0.0519016031716862,19,36,2,6,3,6,-14.8485850747675,1,0,0,0,0,0,0,0,0,0,,0,,,,,0,110.32,110.32
1999,REG+POST,00-0003310,,Ryan Collins,TE,TE,,4,BAL,0,0,0,0,0,0,0,0,0,0,0,0,,0,,,0,0,0,0,0,0,,0,4,9,62,0,0,0,0,0,2,-0.461858128837775,0,0.0,0.0737704918032787,,,0,6.2,10.2
1999,REG+POST,00-0003344,,Greg Comella,RB,RB,,4,NYG,0,0,0,0,0,0,0,0,0,0,0,0,,0,,,1,0,0,0,0,0,-0.396635977202095,0,8,10,39,0,0,0,0,0,2,0.154199145326857,0,0.0,0.0598802395209581,,,0,3.9,11.9
1999,REG+POST,00-0003378,,Albert Connell,WR,WR,,17,WAS,0,0,0,0,0,0,0,0,0,0,0,0,,0,,,1,8,0,0,0,1,0.646357990102843,0,67,131,1215,8,1,1,0,0,45,38.8045830181599,0,0.0,0.236036036036036,,,0,168.3,235.3
1999,REG+POST,00-0003395,,Brett Conway,K,SPEC,,1,WAS,0,1,0,0,0,0,0,0,0,0,0,0,-1.3680409649387,0,,,0,0,0,0,0,0,,0,0,0,0,0,0,0,0,0,0,,0,,,,,0,0.0,0.0
1999,REG+POST,00-0003396,,Curtis Conway,WR,WR,,9,CHI,0,0,0,0,0,0,0,0,0,0,0,0,,0,,,1,-2,0,0,0,0,-0.717840055236593,0,42,77,412,4,2,1,0,3,23,0.510318939164857,0,0.0,0.215686274509804,,,0,63.0,105.0
1999,REG+POST,00-0003400,,Ernie Conwell,TE,TE,,4,LA,0,0,0,0,0,0,0,0,0,0,0,0,,0,,,0,0,0,0,0,0,,0,3,5,25,0,0,0,0,0,2,-0.508926333975978,0,0.0,0.0304878048780488,,,0,2.5,5.5
1999,REG+POST,00-0003441,,Andre Cooper,WR,WR,,7,DEN,0,0,0,0,0,0,0,0,0,0,0,0,,0,,,0,0,0,0,0,0,,0,9,17,98,0,0,0,0,0,3,-3.33909218582037,0,0.0,0.0794392523364486,,,0,9.8,18.8
1999,REG+POST,00-0003535,,Tim Couch,QB,QB,,15,CLE,219,391,2409,15,12,56,359,7,5,0,0,105,-70.1721013482093,0,0.0,0.0249021358350673,38,256,1,7,1,15,4.66031645520707,1,0,0,0,0,0,0,0,0,0,,0,,,,,0,153.96,153.96
1999,REG+POST,00-0003557,,Scott Covington,QB,QB,,3,CIN,4,5,23,0,0,0,0,0,0,0,0,1,-0.892127092170995,0,0.0,0.0247641511945497,2,-4,0,0,0,0,0.0,0,0,0,0,0,0,0,0,0,0,,0,,,,,0,0.52,0.52
1999,REG+POST,00-0003597,,Jason Craft,CB,DB,,1,JAX,0,0,0,0,0,0,0,0,0,0,0,0,,0,,,0,0,0,0,0,0,,0,0,0,0,0,0,0,0,0,0,,0,,,,,1,6.0,6.0
1999,REG+POST,00-0003610,,Aaron Craver,FB,RB,,11,NO,0,0,0,0,0,0,0,0,0,0,0,0,,0,,,16,37,0,1,1,2,-9.03228702722117,0,19,42,154,0,0,0,0,12,6,-27.2216527453296,0,0.0,0.137254901960784,,,0,17.1,36.1
1999,REG+POST,00-0003619,,Keith Crawford,DB,DB,,1,GB,0,0,0,0,0,0,0,0,0,0,0,0,,0,,,0,0,0,0,0,0,,0,1,1,14,0,0,0,0,0,0,0.344626090023667,0,0.0,0.0285714285714286,,,0,1.4,2.4
1999,REG+POST,00-0003663,,Zack Crockett,RB,RB,,11,LV,0,0,0,0,0,0,0,0,0,0,0,0,,0,,,45,91,4,0,0,17,-6.86155959523837,0,8,12,56,1,0,0,0,0,2,-2.00767020028199,0,0.0,0.055045871559633,,,0,44.7,52.7
1999,REG+POST,00-0003681,,Howard Cross,TE,TE,,13,NYG,0,0,0,0,0,0,0,0,0,0,0,0,,0,,,0,0,0,0,0,0,,0,9,18,55,0,0,0,0,0,2,-2.53944148757728,0,0.0,0.038135593220339,,,0,5.5,14.5
1999,REG+POST,00-0003700,,Germane Crowell,WR,WR,,17,DET,0,0,0,0,0,0,0,0,0,0,0,0,,0,,,5,38,0,0,0,2,2.51349903497612,0,86,158,1379,7,1,1,0,12,57,35.1664361721012,1,0.0,0.273356401384083,,,0,183.7,269.7
1999,REG+POST,00-0003715,,Carlester Crumpler,TE,TE,,4,MIN,0,0,0,0,0,0,0,0,0,0,0,0,,0,,,0,0,0,0,0,0,,0,2,5,35,1,0,0,0,0,1,1.78025495936163,0,0.0,0.0318471337579618,,,0,9.5,11.5
1999,REG+POST,00-0003739,,Daunte Culpepper,QB,QB,,1,MIN,0,0,0,0,0,0,0,0,0,0,0,0,,0,,,3,6,0,1,0,1,0.597449690219946,0,0,0,0,0,0,0,0,0,0,,0,,,,,0,0.6,0.6
1999,REG+POST,00-0003761,,Randall Cunningham,QB,QB,,7,MIN,122,195,1436,8,9,15,101,1,1,0,0,69,1.86650461920403,0,0.0,0.0763958933381505,11,54,0,1,1,5,-1.13889887894038,0,0,0,0,0,0,0,0,0,0,,0,,,,,0,72.84,72.84
1999,REG+POST,00-0003803,,Matt Cushing,TE,TE,,3,PIT,0,0,0,0,0,0,0,0,0,0,0,0,,0,,,0,0,0,0,0,0,,0,2,6,29,0,0,0,0,0,1,-5.58717967008124,0,0.0,0.058252427184466,,,0,2.9,4.9
1999,REG+POST,00-0003944,,Billy Davis,WR,WR,,7,BAL,0,0,0,0,0,0,0,0,0,0,0,0,,0,,,0,0,0,0,0,0,,0,6,15,121,0,0,0,0,0,4,6.2478335740839,0,0.0,0.0669642857142857,,,0,12.1,18.1
1999,REG+POST,00-0004004,,John Davis,TE,TE,,3,TB,0,0,0,0,0,0,0,0,0,0,0,0,,0,,,0,0,0,0,0,0,,0,3,3,8,2,0,0,0,0,2,3.3837088184664,0,0.0,0.0365853658536585,,,0,12.8,15.8
1999,REG+POST,00-0004052,,Stephen Davis,RB,RB,,16,WAS,0,0,0,0,0,0,0,0,0,0,0,0,,0,,,313,1520,19,5,1,87,51.9124874458274,1,25,30,137,0,1,0,0,0,7,-0.391229546628892,0,0.0,0.0763358778625954,,,0,279.7,304.7
1999,REG+POST,00-0004054,,Terrell Davis,RB,RB,,4,DEN,0,0,0,0,0,0,0,0,0,0,0,0,,0,,,67,211,2,1,1,11,-14.250094367557,0,3,3,26,0,0,0,0,0,2,3.06355582445394,0,0.0,0.0441176470588235,,,0,33.7,36.7
1999,REG+POST,00-0004060,,Troy Davis,RB,RB,,6,NO,0,0,0,0,0,0,0,0,0,0,0,0,,0,,,20,32,0,0,0,2,-4.53878455873928,0,5,13,49,0,0,0,0,18,2,-4.96148428122979,0,0.0,0.0849673202614379,,,0,8.1,13.1
1999,REG+POST,00-0004063,,Tyrone Davis,TE,TE,,15,GB,0,0,0,0,0,0,0,0,0,0,0,0,,0,,,0,0,0,0,0,0,,0,20,45,204,2,0,0,0,0,11,-6.72265671398702,0,0.0,0.0824175824175824,,,0,32.4,52.4
1999,REG+POST,00-0004071,,Zola Davis,WR,WR,,4,CLE,0,0,0,0,0,0,0,0,0,0,0,0,,0,,,0,0,0,0,0,0,,0,2,8,38,0,0,0,0,0,2,0.758071120391833,0,0.0,0.0575539568345324,,,0,3.8,5.8
1999,REG+POST,00-0004077,,Sean Dawkins,WR,WR,,17,SEA,0,0,0,0,0,0,0,0,0,0,0,0,,0,,,0,0,0,0,0,0,,0,61,122,1027,8,1,1,0,0,54,35.4857967876236,0,0.0,0.231939163498099,,,0,148.7,209.7
1999,REG+POST,00-0004079,,Lawrence Dawsey,WR,WR,,8,NO,0,0,0,0,0,0,0,0,0,0,0,0,,0,,,0,0,0,0,0,0,,0,16,33,196,1,0,0,0,0,8,-3.57939738442834,0,0.0,0.118705035971223,,,0,25.6,41.6
1999,REG+POST,00-0004091,P.Dawson,Phil Dawson,K,SPEC,"https://static.www.nfl.com/image/private/f_auto,q_auto/league/dypn7kf7fsaz30ey0ayc",1,CLE,0,0,0,0,0,0,0,0,0,0,0,0,,0,,,1,4,1,0,0,1,4.09166820941027,0,0,0,0,0,0,0,0,0,0,,0,,,,,0,6.4,6.4
1999,REG+POST,00-0004161,,Jake Delhomme,QB,QB,,2,NO,42,76,521,3,5,5,34,1,1,0,0,24,-15.6144144801249,0,0.0,0.0373202648717477,11,72,2,0,0,6,10.8095236092922,0,0,0,0,0,0,0,0,0,0,,0,,,,,0,40.04,40.04
1999,REG+POST,00-0004172,,Greg DeLong,TE,TE,,10,BAL,0,0,0,0,0,0,0,0,0,0,0,0,,0,,,0,0,0,0,0,0,,0,12,20,47,1,0,0,0,0,2,-1.07306885144768,0,0.0,0.0591715976331361,,,0,10.7,22.7
1999,REG+POST,00-0004200,,Autry Denson,RB,RB,,5,MIA,0,0,0,0,0,0,0,0,0,0,0,0,,0,,,41,127,0,1,1,8,-14.0365195231861,0,4,5,28,0,0,0,0,0,1,2.85912386584096,0,0.0,0.0602409638554217,,,0,13.5,17.5
1999,REG+POST,00-0004229,,Koy Detmer,QB,QB,,1,PHI,10,28,181,3,2,0,0,0,0,0,0,7,-3.04654052696294,0,0.0,0.0248401416084164,2,-2,0,0,0,0,-0.139455916709267,0,0,0,0,0,0,0,0,0,0,,0,,,,,0,15.04,15.04
1999,REG+POST,00-0004230,,Ty Detmer,QB,QB,,5,CLE,47,91,548,4,2,4,26,0,0,0,0,27,-2.99898474063957,0,0.0,0.0592696912140508,6,38,1,0,0,4,3.29576238285517,0,0,0,0,0,0,0,0,0,0,,0,,,,,0,43.72,43.72
1999,REG+POST,00-0004293,,Trent Dilfer,QB,QB,,10,TB,145,242,1610,11,10,26,189,5,4,0,0,78,-34.9442471159509,0,0.0,0.0324761781928454,34,143,0,1,1,13,6.048480507161,0,0,0,0,0,0,0,0,0,0,,0,,,,,0,92.7,92.7
1999,REG+POST,00-0004294,,Ken Dilger,TE,TE,,16,IND,0,0,0,0,0,0,0,0,0,0,0,0,,0,,,0,0,0,0,0,0,,0,42,54,491,2,1,0,0,0,28,25.0189498846216,0,0.0,0.0992647058823529,,,0,61.1,103.1
1999,REG+POST,00-0004304,,Corey Dillon,RB,RB,,15,CIN,0,0,0,0,0,0,0,0,0,0,0,0,,0,,,258,1172,5,3,2,59,-14.3637345214783,0,28,46,260,1,0,0,0,0,12,2.89614116901066,0,0.0,0.0918163672654691,,,0,175.2,203.2
1999,REG+POST,00-0004386,,Chris Doering,WR,WR,,3,DEN,0,0,0,0,0,0,0,0,0,0,0,0,,0,,,0,0,0,0,0,0,,0,3,5,22,0,0,0,0,0,2,2.56178187229671,0,0.0,0.0526315789473684,,,0,2.2,5.2
1999,REG+POST,00-0004463,,Dameane Douglas,WR,WR,,8,PHI,0,0,0,0,0,0,0,0,0,0,0,0,,0,,,0,0,0,0,0,0,,0,8,16,79,1,0,0,0,0,2,0.308959457615856,0,0.0,0.0661157024793388,,,0,13.9,21.9
1999,REG+POST,00-0004519,,Tyronne Drakeford,CB,DB,,1,NO,0,0,0,0,0,0,0,0,0,0,0,0,,0,,,0,0,0,0,0,0,,0,0,0,0,0,0,0,0,0,0,,0,,,,,1,6.0,6.0
1999,REG+POST,00-0004524,,Troy Drayton,TE,TE,,13,MIA,0,0,0,0,0,0,0,0,0,0,0,0,,0,,,0,0,0,0,0,0,,0,33,51,301,1,0,0,0,0,14,7.08890660285722,0,0.0,0.113839285714286,,,0,36.1,69.1
1999,REG+POST,00-0004541,,Donald Driver,WR,WR,,4,GB,0,0,0,0,0,0,0,0,0,0,0,0,,0,,,0,0,0,0,0,0,,0,3,7,31,1,0,0,0,0,2,0.456754381011706,0,0.0,0.0443037974683544,,,0,9.1,12.1
1999,REG+POST,00-0004574,,Rickey Dudley,TE,TE,,16,LV,0,0,0,0,0,0,0,0,0,0,0,0,,0,,,0,0,0,0,0,0,,0,39,59,555,9,0,0,0,0,36,43.6653448615732,0,0.0,0.117063492063492,,,0,109.5,148.5
1999,REG+POST,00-0004634,,David Dunn,WR,WR,,2,CLE,0,0,0,0,0,0,0,0,0,0,0,0,,0,,,0,0,0,0,0,0,,0,1,2,4,0,0,0,0,0,1,-0.448215264361352,0,0.0,0.0327868852459016,,,0,0.4,1.4
1999,REG+POST,00-0004640,,Warrick Dunn,RB,RB,,17,TB,0,0,0,0,0,0,0,0,0,0,0,0,,0,,,214,667,0,3,2,31,-55.0031694286508,0,71,93,590,2,0,0,0,0,32,12.6513923497869,0,0.0,0.203947368421053,,,0,133.7,204.7
1999,REG+POST,00-0004673,,Tim Dwight,WR,WR,,10,ATL,0,0,0,0,0,0,0,0,0,0,0,0,,0,,,5,28,1,0,0,1,1.26074700814206,0,32,49,669,7,0,0,0,0,27,42.8386590438527,0,0.0,0.169550173010381,,,1,123.7,155.7
1999,REG+POST,00-0004694,,Kevin Dyson,WR,WR,,20,TEN,0,0,0,0,0,0,0,0,0,0,0,0,,0,,,1,3,0,0,0,0,0.0375769148985543,0,62,121,740,4,0,0,0,0,40,-2.55998531452344,0,0.0,0.196747967479675,,,1,104.3,166.3
1999,REG+POST,00-0004705,,Quinn Early,WR,WR,,9,NYJ,0,0,0,0,0,0,0,0,0,0,0,0,,0,,,0,0,0,0,0,0,,0,6,17,83,0,0,0,0,0,4,-2.42903265795227,0,0.0,0.0634328358208955,,,0,8.3,14.3
1999,REG+POST,00-0004768,,Marc Edwards,FB,RB,,14,CLE,0,0,0,0,0,0,0,0,0,0,0,0,,0,,,6,35,0,1,1,1,-3.31323809496826,0,27,40,212,2,0,0,0,19,8,4.31454733072314,0,0.0,0.0959232613908873,,,0,34.7,61.7
1999,REG+POST,00-0004780,,Troy Edwards,WR,WR,,16,PIT,0,0,0,0,0,0,0,0,0,0,0,0,,0,,,0,0,0,0,0,0,,0,61,116,714,5,1,0,0,6,42,7.88536953541422,0,0.0,0.223076923076923,,,0,101.4,162.4
1999,REG+POST,00-0004824,,Keith Elias,RB,RB,,2,IND,0,0,0,0,0,0,0,0,0,0,0,0,,0,,,13,28,0,0,0,1,-2.99533096700907,0,4,5,16,0,0,0,0,0,0,-3.06276307650842,0,0.0,0.0769230769230769,,,0,4.4,8.4
1999,REG+POST,00-0004871,,Jerry Ellison,RB,RB,,2,NE,0,0,0,0,0,0,0,0,0,0,0,0,,0,,,2,10,0,0,0,1,1.06340363400523,0,4,4,50,0,0,0,0,0,2,3.19243446283508,0,0.0,0.0909090909090909,,,0,6.0,10.0
1999,REG+POST,00-0004888,,Bert Emanuel,WR,WR,,13,TB,0,0,0,0,0,0,0,0,0,0,0,0,,0,,,0,0,0,0,0,0,,0,25,56,307,1,0,0,0,0,12,-5.30924231525552,0,0.0,0.167164179104478,,,0,36.7,61.7
1999,REG+POST,00-0004915,,Bobby Engram,WR,WR,,16,CHI,0,0,0,0,0,0,0,0,0,0,0,0,,0,,,2,11,0,0,0,2,1.82141146244248,0,87,145,934,4,2,0,0,76,46,15.5928221473156,0,0.0,0.218045112781955,,,0,118.5,205.5
1999,REG+POST,00-0004916,,Curtis Enis,RB,RB,,15,CHI,0,0,0,0,0,0,0,0,0,0,0,0,,0,,,282,888,3,3,3,53,-57.4970755685524,0,45,68,340,2,1,1,0,33,15,-8.76622497930104,0,0.0,0.114671163575042,,,0,144.8,189.8
1999,REG+POST,00-0004972,,Chuck Evans,RB,RB,,15,BAL,0,0,0,0,0,0,0,0,0,0,0,0,,0,,,34,125,0,0,0,5,-2.34458572755246,1,28,42,208,1,0,0,0,0,11,-2.82103540734138,0,0.0,0.0862422997946612,,,0,41.3,69.3
1999,REG+POST,00-0005060,,Chad Fann,TE,TE,,7,SF,0,0,0,0,0,0,0,0,0,0,0,0,,0,,,0,0,0,0,0,0,,0,2,8,8,0,1,1,0,0,0,-7.85790695424657,0,0.0,0.0317460317460317,,,0,-1.2,0.8
1999,REG+POST,00-0005091,,Kevin Faulk,RB,RB,,11,NE,0,0,0,0,0,0,0,0,0,0,0,0,,0,,,66,227,1,3,2,7,-19.2137214798713,0,12,19,98,1,0,0,0,0,3,0.896399714110885,0,0.0,0.0629139072847682,,,0,40.5,52.5
1999,REG+POST,00-0005092,,Marshall Faulk,RB,RB,,18,LA,0,1,0,0,0,0,0,0,0,0,0,0,-1.92197350761853,0,,,266,1349,8,2,2,65,1.03601046629833,1,92,109,1119,6,0,0,0,41,42,50.2024807019421,0,0.0,0.184745762711864,,,0,328.8,420.8
1999,REG+POST,00-0005101,,Christian Fauria,TE,TE,,16,SEA,0,0,0,0,0,0,0,0,0,0,0,0,,0,,,0,0,0,0,0,0,,0,37,54,399,0,1,0,0,0,20,7.63318510231329,0,0.0,0.108870967741935,,,0,39.9,76.9
1999,REG+POST,00-0005106,,Brett Favre,QB,QB,,16,GB,338,589,4068,22,23,34,210,8,3,0,0,193,19.1107108560622,1,0.0,0.0775468195324801,26,131,0,1,1,11,0.941683593835355,0,0,0,0,0,0,0,0,0,0,,0,,,,,0,211.82,211.82
1999,REG+POST,00-0005110,,Jermaine Fazande,RB,RB,,7,LAC,0,0,0,0,0,0,0,0,0,0,0,0,,0,,,88,356,2,2,2,16,-10.9058937897881,0,0,0,0,0,0,0,0,0,0,,0,,,,,0,43.6,43.6
1999,REG+POST,00-0005113,,Jeff Feagles,P,SPEC,,2,SEA,0,0,0,0,0,0,0,0,0,0,0,0,,0,,,2,0,0,1,1,0,-2.13315920776222,0,0,0,0,0,0,0,0,0,0,,0,,,,,0,-2.0,-2.0
1999,REG+POST,00-0005180,,Jay Fiedler,QB,QB,,8,JAX,67,104,811,4,3,7,47,1,0,0,0,45,18.9297308954864,1,0.0,0.0910903387459055,12,20,0,0,0,2,-4.90541766257957,0,0,0,0,0,0,0,0,0,0,,0,,,,,0,46.44,46.44
1999,REG+POST,00-0005231,,Brian Finneran,WR,WR,,2,PHI,0,0,0,0,0,0,0,0,0,0,0,0,,0,,,0,0,0,0,0,0,,0,2,4,21,0,0,0,0,0,1,-4.12437843054067,0,0.0,0.0634920634920635,,,0,2.1,4.1
1999,REG+POST,00-0005324,,Terrell Fletcher,RB,RB,,15,LAC,0,0,0,0,0,0,0,0,0,0,0,0,,0,,,48,126,0,1,0,4,-10.4833430392772,0,45,65,360,0,0,0,0,0,18,-2.80962386429829,0,0.0,0.140692640692641,,,0,48.6,93.6
1999,REG+POST,00-0005348,,Chris Floyd,FB,RB,,6,NE,0,0,0,0,0,0,0,0,0,0,0,0,,0,,,6,12,0,0,0,0,-2.57880454079714,0,2,5,16,0,0,0,0,0,1,-1.10420705867,0,0.0,0.036231884057971,,,0,2.8,4.8
1999,REG+POST,00-0005361,,William Floyd,FB,RB,,15,CAR,0,0,0,0,0,0,0,0,0,0,0,0,,0,,,35,78,3,1,1,7,-9.67091153733655,0,21,32,179,0,0,0,0,9,8,1.16506989916789,0,0.0,0.0643863179074447,,,0,41.7,62.7
1999,REG+POST,00-0005363,,Doug Flutie,QB,QB,,15,BUF,261,471,3145,18,14,25,168,4,4,0,0,154,11.4750764230353,0,0.0,0.0815680753723782,87,462,1,2,0,30,5.12476584881178,0,0,0,0,0,0,0,0,0,0,,0,,,,,0,214.0,214.0
1999,REG+POST,00-0005379,,Glenn Foley,QB,QB,,1,SEA,18,30,283,2,0,6,34,0,0,0,0,13,10.5874432765995,0,0.0,0.0953530664349689,3,-1,0,1,1,0,-5.4111474257661,0,0,0,0,0,0,0,0,0,0,,0,,,,,0,17.22,17.22
1999,REG+POST,00-0005532,,,,,,3,NO,0,0,0,0,0,0,0,0,0,0,0,0,,0,,,1,0,0,0,0,0,-1.07764639798552,0,2,4,13,0,0,0,0,0,1,0.386476411367767,0,0.0,0.0333333333333333,,,0,1.3,3.3
1999,REG+POST,00-0005562,,Antonio Freeman,WR,WR,,16,GB,0,0,0,0,0,0,0,0,0,0,0,0,,0,,,1,-2,0,0,0,0,-0.706282375904266,0,74,132,1074,6,1,0,0,-1,51,38.9420582154332,0,0.0,0.227586206896552,,,0,143.2,217.2
1999,REG+POST,00-0005589,,Gus Frerotte,QB,QB,,10,DET,195,332,2362,10,8,31,228,4,0,0,0,102,6.06855918601311,1,0.0,0.0517483550501411,17,49,0,0,0,2,-5.16840962126845,0,0,0,0,0,0,0,0,0,0,,0,,,,,0,125.38,125.38
1999,REG+POST,00-0005600,,John Friesz,QB,QB,,1,NE,0,0,0,0,0,0,0,0,0,0,0,0,,0,,,2,-2,0,0,0,0,-1.09768059564522,0,0,0,0,0,0,0,0,0,0,,0,,,,,0,-0.2,-0.2
1999,REG+POST,00-0005616,,Irving Fryar,WR,WR,,16,WAS,0,0,0,0,0,0,0,0,0,0,0,0,,0,,,0,0,0,0,0,0,,0,30,53,298,2,0,0,0,0,18,0.990141991901783,0,0.0,0.106,,,0,41.8,71.8
1999,REG+POST,00-0005620,,Chris Fuamatu-Ma'afala,RB,RB,,1,PIT,0,0,0,0,0,0,0,0,0,0,0,0,,0,,,1,4,0,0,0,0,-0.330659885541536,0,0,0,0,0,0,0,0,0,0,,0,,,,,0,0.4,0.4
1999,REG+POST,00-0005668,,Oronde Gadsden,WR,WR,,17,MIA,0,0,0,0,0,0,0,0,0,0,0,0,,0,,,0,0,0,0,0,0,,0,55,103,871,8,0,0,0,0,42,27.8863010885826,0,0.0,0.169686985172982,,,0,135.1,190.1
1999,REG+POST,00-0005720,,Joey Galloway,WR,WR,,9,SEA,0,0,0,0,0,0,0,0,0,0,0,0,,0,,,1,-1,0,0,0,0,-0.849810430430807,0,23,59,357,1,0,0,0,0,18,-5.90461373601803,0,0.0,0.189710610932476,,,0,41.6,64.6
1999,REG+POST,00-0005741,,Rich Gannon,QB,QB,,16,LV,302,512,3819,24,13,49,241,6,4,0,0,194,71.467633941514,1,0.0,0.107584638220231,45,272,2,2,0,13,13.4734569240481,0,1,1,-3,0,0,0,0,0,0,-0.860717886826024,0,0.0,0.0277777777777778,,,0,255.66,256.66
1999,REG+POST,00-0005755,,Jeff Garcia,QB,QB,,13,SF,222,369,2516,11,11,15,104,4,2,0,0,132,26.1853129021286,1,0.0,0.0906183339180869,44,229,2,1,0,13,14.525679181713,0,0,0,0,0,0,0,0,0,0,,0,,,,,0,155.54,155.54
1999,REG+POST,00-0005779,,Charlie Garner,RB,RB,,16,SF,0,0,0,0,0,1,8,1,1,0,0,0,-3.56684294930892,0,,,237,1200,4,3,1,51,-0.311134235962527,0,55,75,532,2,0,0,0,15,22,14.9985403081919,0,0.0,0.147058823529412,,,0,205.2,260.2
1999,REG+POST,00-0005794,,Jason Garrett,QB,QB,,5,DAL,32,64,314,3,1,5,21,0,0,0,0,13,-14.2020106074504,0,0.0,0.0239816269532788,6,12,0,0,0,1,-0.930191359482706,0,0,0,0,0,0,0,0,0,0,,0,,,,,0,23.76,23.76
1999,REG+POST,00-0005816,,Olandis Gary,RB,RB,,12,DEN,0,0,0,0,0,0,0,0,0,0,0,0,,0,,,275,1159,7,2,2,60,-13.4741037232301,1,21,29,159,0,0,0,0,0,5,-5.30843135093429,0,0.0,0.0865671641791045,,,0,171.8,192.8
1999,REG+POST,00-0005822,,Sam Gash,FB,RB,,14,BUF,0,0,0,0,0,0,0,0,0,0,0,0,,0,,,0,0,0,0,0,0,,0,20,31,162,2,0,0,0,11,9,3.47983338852646,0,0.0,0.0724299065420561,,,0,28.2,48.2
1999,REG+POST,00-0005883,,Eddie George,RB,RB,,20,TEN,0,0,0,0,0,0,0,0,0,0,0,0,,0,,,424,1726,12,7,6,83,-36.1633107734503,0,55,78,511,4,0,0,0,34,22,10.714229182135,0,0.0,0.131534569983137,,,0,307.7,362.7
1999,REG+POST,00-0005885,,Jeff George,QB,QB,,14,MIN,229,393,3404,29,13,34,271,7,4,0,0,147,77.7649591514059,0,0.0,0.126831507314541,19,48,0,2,2,2,-12.4885188882954,0,0,0,0,0,0,0,0,0,0,,0,,,,,0,218.96,218.96
1999,REG+POST,00-0005902,,Joe Germaine,QB,QB,,2,LA,9,16,136,1,2,3,23,1,1,0,0,6,-6.76023782376433,0,0.0,0.0249644019040106,3,0,0,0,0,0,-0.243548650760204,0,0,0,0,0,0,0,0,0,0,,0,,,,,0,3.44,3.44
1999,REG+POST,00-0005903,,Jammi German,WR,WR,,7,ATL,0,0,0,0,0,0,0,0,0,0,0,0,,0,,,0,0,0,0,0,0,,0,12,20,219,3,0,0,0,0,9,15.0262014700714,0,0.0,0.0930232558139535,,,0,39.9,51.9
1999,REG+POST,00-0006043,,Terry Glenn,WR,WR,,14,NE,0,0,0,0,0,0,0,0,0,0,0,0,,0,,,0,0,0,0,0,0,,0,68,114,1135,4,2,2,0,0,48,46.1701177519318,0,0.0,0.242553191489362,,,0,133.5,201.5
1999,REG+POST,00-0006047,,Andrew Glover,TE,TE,,16,MIN,0,0,0,0,0,0,0,0,0,0,0,0,,0,,,0,0,0,0,0,0,,0,29,53,339,1,0,0,0,1,15,-6.20240772476306,0,0.0,0.101338432122371,,,0,39.9,68.9
1999,REG+POST,00-0006100,,Pete Gonzalez,QB,QB,,1,PIT,1,1,8,0,0,0,0,0,0,0,0,0,0.0483683052007109,0,0.0,,2,-3,0,0,0,0,-2.79481592809316,0,0,0,0,0,0,0,0,0,0,,0,,,,,0,0.02,0.02
1999,REG+POST,00-0006101,,Tony Gonzalez,TE,TE,,15,KC,0,0,0,0,0,0,0,0,0,0,0,0,,0,,,0,0,0,0,0,0,,0,76,108,849,11,2,1,0,0,47,42.2937037248996,0,0.0,0.250580046403712,,,0,148.9,224.9
1999,REG+POST,00-0006133,,Hunter Goodwin,TE,TE,,8,MIA,0,0,0,0,0,0,0,0,0,0,0,0,,0,,,0,0,0,0,0,0,,0,9,12,61,0,1,1,0,0,3,-3.88979200017639,0,0.0,0.0430107526881721,,,0,4.1,13.1
1999,REG+POST,00-0006155,,Lennox Gordon,RB,RB,,3,BUF,0,0,0,0,0,0,0,0,0,0,0,0,,0,,,10,35,0,0,0,1,-4.56649124767793,0,0,0,0,0,0,0,0,0,0,,0,,,,,0,3.5,3.5
1999,REG+POST,00-0006210,,Jeff Graham,WR,WR,,16,LAC,0,0,0,0,0,0,0,0,0,0,0,0,,0,,,0,0,0,0,0,0,,0,54,111,882,2,0,0,0,0,38,28.8810723222553,0,0.0,0.202185792349727,,,0,100.2,154.2
1999,REG+POST,00-0006212,,Kent Graham,QB,QB,,9,NYG,160,270,1697,9,8,25,169,3,0,0,0,81,-6.16338209388659,0,0.0,0.0462186279501569,31,111,1,1,0,11,-4.22813574942058,0,1,1,-1,0,0,0,0,0,0,-1.18760740431026,0,0.0,0.025,,,0,104.88,105.88
1999,REG+POST,00-0006299,,Tony Graziani,QB,QB,,11,ATL,61,115,753,2,3,12,78,3,3,0,0,37,-17.5952113787742,0,0.0,0.0243169771465285,9,11,0,1,0,1,-5.76990013523027,0,0,0,0,0,0,0,0,0,0,,0,,,,,0,27.22,27.22
1999,REG+POST,00-0006300,,Elvis Grbac,QB,QB,,16,KC,293,494,3360,22,13,26,170,6,2,0,0,162,46.7946094188035,0,0.0,0.0682782410314325,19,10,0,1,1,0,-12.2381427615729,0,0,0,0,0,0,0,0,0,0,,0,,,,,0,191.4,191.4
1999,REG+POST,00-0006305,,Ahman Green,RB,RB,,8,SEA,0,0,0,0,0,0,0,0,0,0,0,0,,0,,,26,120,0,0,0,12,1.22989492432991,0,0,2,0,0,0,0,0,0,0,-0.506750331027433,0,,0.0666666666666667,,,0,12.0,12.0
1999,REG+POST,00-0006322,,E.G. Green,WR,WR,,12,IND,0,0,0,0,0,0,0,0,0,0,0,0,,0,,,0,0,0,0,0,0,,0,22,45,320,0,0,0,0,0,17,6.03621399981197,0,0.0,0.107142857142857,,,0,32.0,54.0
1999,REG+POST,00-0006324,,Eric Green,TE,TE,,7,NYJ,0,0,0,0,0,0,0,0,0,0,0,0,,0,,,0,0,0,0,0,0,,0,7,10,37,2,0,0,0,0,3,3.34928465203848,0,0.0,0.0442477876106195,,,0,15.7,22.7
1999,REG+POST,00-0006331,,Jacquez Green,WR,WR,,18,TB,0,0,0,0,0,0,0,0,0,0,0,0,,0,,,3,8,0,0,0,1,0.0785958028864116,0,61,115,843,3,0,0,0,0,34,8.73307792560219,0,0.0,0.235173824130879,,,0,103.1,164.1
1999,REG+POST,00-0006359,,Yatil Green,WR,WR,,8,MIA,0,0,0,0,0,0,0,0,0,0,0,0,,0,,,0,0,0,0,0,0,,0,18,40,234,0,0,0,0,0,16,8.94378522039438,0,0.0,0.130293159609121,,,0,23.4,41.4
1999,REG+POST,00-0006380,,Scott Greene,RB,RB,,1,IND,0,0,0,0,0,0,0,0,0,0,0,0,,0,,,0,0,0,0,0,0,,0,1,1,4,0,0,0,0,0,0,-0.14667266048491,0,0.0,0.0344827586206897,,,0,0.4,1.4
1999,REG+POST,00-0006410,,Chris Greisen,QB,QB,,1,ARI,1,6,4,0,0,0,0,0,0,0,0,0,-3.66389517328935,0,0.0,0.0459377191896495,0,0,0,0,0,0,,0,0,0,0,0,0,0,0,0,0,,0,,,,,0,0.16,0.16
1999,REG+POST,00-0006423,,Brian Griese,QB,QB,,14,DEN,258,442,3006,14,14,27,176,6,3,0,0,136,6.04961966924925,0,0.0,0.0581942838851915,44,117,2,10,2,15,-15.4008761684074,0,0,0,0,0,0,0,0,0,0,,0,,,,,0,161.94,161.94
1999,REG+POST,00-0006431,,Damon Griffin,WR,WR,,6,CIN,0,0,0,0,0,0,0,0,0,0,0,0,,0,,,0,0,0,0,0,0,,0,11,20,100,0,0,0,0,0,6,1.4793877095799,0,0.0,0.0961538461538462,,,0,10.0,21.0
1999,REG+POST,00-0006456,,Howard Griffith,RB,RB,,16,DEN,0,0,0,0,0,0,0,0,0,0,0,0,,0,,,17,66,1,0,0,6,0.981995564477984,0,25,38,184,1,0,0,0,0,11,2.88655330322217,0,0.0,0.0721062618595826,,,0,37.0,62.0
1999,REG+POST,00-0006482,,Clif Groce,FB,RB,,14,CIN,0,0,0,0,0,0,0,0,0,0,0,0,,0,,,8,22,1,0,0,2,1.28203898353968,0,25,40,154,0,0,0,0,0,6,-7.069419312452,0,0.0,0.0863930885529158,,,0,23.6,48.6
1999,REG+POST,00-0006627,,Az-Zahir Hakim,WR,WR,,16,LA,0,0,0,0,0,0,0,0,0,0,0,0,,0,,,6,54,0,0,0,1,0.0699361570877954,0,38,66,704,8,0,0,0,22,31,55.0194898074938,0,0.0,0.123134328358209,,,1,129.8,167.8
1999,REG+POST,00-0006666,,Lamont Hall,TE,TE,,3,GB,0,0,0,0,0,0,0,0,0,0,0,0,,0,,,0,0,0,0,0,0,,0,3,3,33,0,0,0,0,0,2,2.0998568686191,0,0.0,0.0306122448979592,,,0,3.3,6.3
1999,REG+POST,00-0006692,,Ty Hallock,LB,LB,,5,CHI,0,0,0,0,0,0,0,0,0,0,0,0,,0,,,0,0,0,0,0,0,,0,6,8,22,0,0,0,0,1,1,-1.81562532146927,0,0.0,0.0380952380952381,,,0,2.2,8.2
1999,REG+POST,00-0006803,,Byron Hanspard,RB,RB,,12,ATL,0,0,0,0,0,0,0,0,0,0,0,0,,0,,,136,383,1,1,1,20,-39.3788068495339,0,7,15,64,0,0,0,0,0,3,-3.06930209964048,0,0.0,0.0678733031674208,,,0,48.7,55.7
1999,REG+POST,00-0006804,,Patrick Hape,TE,TE,,5,TB,0,0,0,0,0,0,0,0,0,0,0,0,,0,,,0,0,0,0,0,0,,0,5,6,12,1,0,0,0,0,3,2.55496194411535,0,0.0,0.0382165605095541,,,0,7.2,12.2
1999,REG+POST,00-0006808,,Jim Harbaugh,QB,QB,,14,LAC,245,426,2654,10,14,36,203,8,1,0,0,127,-29.4283974707785,1,0.0,0.0300056322449439,32,118,0,4,2,8,-14.9418437772764,0,0,0,0,0,0,0,0,0,0,,0,,,,,0,125.96,125.96
1999,REG+POST,00-0006848,,Terry Hardy,TE,TE,,14,ARI,0,0,0,0,0,0,0,0,0,0,0,0,,0,,,0,0,0,0,0,0,,0,30,45,222,0,1,0,0,0,12,2.42879433953203,0,0.0,0.09375,,,0,22.2,52.2
1999,REG+POST,00-0006877,,Alvin Harper,WR,WR,,2,DAL,0,0,0,0,0,0,0,0,0,0,0,0,,0,,,0,0,0,0,0,0,,0,0,2,0,0,0,0,0,0,0,-1.2910082336748,0,,0.0350877192982456,,,0,0.0,0.0
1999,REG+POST,00-0006949,,Jackie Harris,TE,TE,,12,TEN,0,0,0,0,0,0,0,0,0,0,0,0,,0,,,0,0,0,0,0,0,,0,40,51,414,1,1,0,0,0,17,17.9454608383829,1,0.0,0.135278514588859,,,0,49.4,89.4
1999,REG+POST,00-0006977,,Mark Harris,WR,WR,,10,SF,0,0,0,0,0,0,0,0,0,0,0,0,,0,,,0,0,0,0,0,0,,0,6,14,66,0,0,0,0,0,2,-3.70755716323038,0,0.0,0.0419161676646707,,,0,6.6,12.6
1999,REG+POST,00-0006994,,Ronnie Harris,WR,WR,,5,ATL,0,0,0,0,0,0,0,0,0,0,0,0,,0,,,0,0,0,0,0,0,,0,10,19,164,0,1,1,0,0,6,-2.0741370636861,0,0.0,0.106145251396648,,,0,14.4,24.4
1999,REG+POST,00-0007024,,Marvin Harrison,WR,WR,,17,IND,0,0,0,0,0,0,0,0,0,0,0,0,,0,,,1,4,0,0,0,0,0.047850192990154,0,119,210,1700,12,2,1,0,0,83,68.0384402338604,1,0.0,0.365853658536585,,,0,242.4,361.4
1999,REG+POST,00-0007091,,Matt Hasselbeck,QB,QB,"https://static.www.nfl.com/image/private/f_auto,q_auto/league/t1nf9avoy2kauqwrvzza",5,GB,3,10,41,1,0,1,9,0,0,0,0,2,-3.06032466757832,0,0.0,0.0309565619746918,6,15,0,1,0,1,-2.22986240303726,0,0,0,0,0,0,0,0,0,0,,0,,,,,0,7.14,7.14
1999,REG+POST,00-0007093,,Andre Hastings,WR,WR,,15,NO,0,0,0,0,0,0,0,0,0,0,0,0,,0,,,1,4,0,0,0,0,-0.776776717181074,0,40,64,564,1,0,0,0,14,25,6.38923368955556,0,0.0,0.128,,,0,62.8,102.8
1999,REG+POST,00-0007103,,Matt Hatchette,WR,WR,,10,MIN,0,0,0,0,0,0,0,0,0,0,0,0,,0,,,0,0,0,0,0,0,,0,9,20,180,2,0,0,0,0,7,3.75095651785802,0,0.0,0.0600600600600601,,,0,30.0,39.0
1999,REG+POST,00-0007120,,Courtney Hawkins,WR,WR,,11,PIT,0,0,0,0,0,0,0,0,0,0,0,0,,0,,,0,0,0,0,0,0,,0,30,55,285,0,0,0,0,1,19,-4.0010129369009,0,0.0,0.163204747774481,,,0,28.5,58.5
1999,REG+POST,00-0007144,,Donald Hayes,WR,WR,,12,CAR,0,0,0,0,0,0,0,0,0,0,0,0,,0,,,0,0,0,0,0,0,,0,11,29,270,2,0,0,0,0,10,13.6228071717196,0,0.0,0.0672853828306265,,,0,39.0,50.0
1999,REG+POST,00-0007254,,William Henderson,FB,RB,,14,GB,0,0,0,0,0,0,0,0,0,0,0,0,,0,,,7,29,2,0,0,2,1.77097216880065,0,30,39,203,1,1,1,0,0,11,-0.749304400981415,0,0.0,0.0760233918128655,,,0,39.2,69.2
1999,REG+POST,00-0007308,,Craig Hentrich,P,SPEC,,2,TEN,0,0,0,0,0,0,0,0,0,0,0,0,,0,,,2,1,0,0,0,0,-3.96366371004842,0,0,0,0,0,0,0,0,0,0,,0,,,,,0,0.1,0.1
1999,REG+POST,00-0007357,,Chris Hetherington,FB,RB,,1,CAR,0,0,0,0,0,0,0,0,0,0,0,0,,0,,,2,7,0,0,0,0,-0.83632812590804,0,0,0,0,0,0,0,0,0,0,,0,,,,,0,0.7,0.7
1999,REG+POST,00-0007387,,Robert Hicks,T,OL,,2,BUF,0,0,0,0,0,0,0,0,0,0,0,0,,0,,,1,-2,0,0,0,0,-0.551381926430622,0,1,1,-6,0,0,0,0,0,0,-1.70625562942587,0,0.0,0.0256410256410256,,,0,-0.8,0.2
1999,REG+POST,00-0007389,,Skip Hicks,RB,RB,,11,WAS,0,0,0,0,0,0,0,0,0,0,0,0,,0,,,100,284,3,1,0,15,-20.1302918465669,0,12,14,116,0,0,0,0,0,7,6.63716062024469,0,0.0,0.0721649484536082,,,0,58.0,70.0
1999,REG+POST,00-0007436,,Greg Hill,RB,RB,,14,DET,0,0,0,0,0,0,0,0,0,0,0,0,,0,,,143,501,2,1,1,19,-30.583650065877,0,13,23,77,0,0,0,0,8,1,-11.3827340950269,0,0.0,0.0705521472392638,,,0,67.8,80.8
1999,REG+POST,00-0007468,,Ike Hilliard,WR,WR,,16,NYG,0,0,0,0,0,0,0,0,0,0,0,0,,0,,,3,16,0,0,0,1,-0.649407795164734,0,72,121,996,3,0,0,0,0,50,23.042719826071,0,0.0,0.206837606837607,,,0,119.2,191.2
1999,REG+POST,00-0007520,,Leroy Hoard,RB,RB,,17,MIN,0,0,0,0,0,0,0,0,0,0,0,0,,0,,,150,607,11,3,3,44,-11.9056626629305,1,19,23,181,0,1,0,0,0,9,5.11306709810118,0,0.0,0.0712074303405573,,,0,140.8,159.8
1999,REG+POST,00-0007530,,Billy Joe Hobert,QB,QB,,9,NO,84,157,965,6,5,11,79,1,0,0,0,43,-1.91435975804622,0,0.0,0.0535734815078229,12,47,1,1,1,5,1.14279411180178,0,0,0,0,0,0,0,0,0,0,,0,,,,,0,61.3,61.3
1999,REG+POST,00-0007546,,James Hodgins,RB,RB,,7,LA,0,0,0,0,0,0,0,0,0,0,0,0,,0,,,6,10,1,0,0,1,-1.95794135054038,0,6,6,35,0,0,0,0,0,1,1.67348858353216,0,0.0,0.0434782608695652,,,0,10.5,16.5
1999,REG+POST,00-0007579,,Robert Holcombe,FB,RB,,16,LA,0,0,0,0,0,0,0,0,0,0,0,0,,0,,,77,308,4,2,2,17,-9.61931019776966,0,17,30,151,1,2,1,0,0,9,-10.0536544398055,0,0.0,0.0694444444444445,,,0,69.9,86.9
1999,REG+POST,00-0007661,,Priest Holmes,RB,RB,,7,BAL,0,0,0,0,0,0,0,0,0,0,0,0,,0,,,77,454,1,0,0,19,10.7656992929697,0,10,13,67,0,0,0,0,0,4,0.292164221813437,0,0.0,0.0955882352941176,,,0,58.1,68.1
1999,REG+POST,00-0007681,,Torry Holt,WR,WR,,18,LA,0,0,0,0,0,0,0,0,0,0,0,0,,0,,,3,25,0,1,0,2,2.26275452040136,0,68,117,986,6,3,2,0,35,42,39.5737918909677,0,0.0,0.198305084745763,,,0,133.1,201.1
1999,REG+POST,00-0007737,,Mike Horan,P,SPEC,,1,LA,0,0,0,0,0,0,0,0,0,0,0,0,,0,,,1,0,0,1,0,0,-3.33605873177294,0,0,0,0,0,0,0,0,0,0,,0,,,,,0,0.0,0.0
1999,REG+POST,00-0007744,,Joe Horn,WR,WR,,15,KC,0,0,0,0,0,0,0,0,0,0,0,0,,0,,,2,15,0,0,0,0,1.00335189478938,0,35,59,586,6,0,0,0,0,28,32.0950537731571,0,0.0,0.12967032967033,,,0,96.1,131.1
1999,REG+POST,00-0007749,,Tony Horne,WR,WR,,4,LA,0,0,0,0,0,0,0,0,0,0,0,0,,0,,,0,0,0,0,0,0,,0,0,1,0,0,0,0,0,0,0,-0.625970259774476,0,,0.025,,,3,18.0,18.0
1999,REG+POST,00-0007795,,Chris Howard,RB,RB,,7,JAX,0,0,0,0,0,0,0,0,0,0,0,0,,0,,,28,109,1,0,0,6,-3.45864044161858,0,1,4,8,0,0,0,0,0,0,-1.68501781160012,0,0.0,0.0430107526881721,,,0,17.7,18.7
1999,REG+POST,00-0007798,,Desmond Howard,WR,WR,,2,DET,0,0,0,0,0,0,0,0,0,0,0,0,,0,,,0,0,0,0,0,0,,0,0,1,0,0,0,0,0,0,0,-0.515936093754135,0,,0.04,,,1,6.0,6.0
1999,REG+POST,00-0007832,,Bobby Hoying,QB,QB,,2,LV,2,5,10,0,0,0,0,0,0,0,0,1,-2.51750183664262,0,0.0,0.0469434325766186,2,-3,0,0,0,0,-1.89776654972229,0,0,0,0,0,0,0,0,0,0,,0,,,,,0,0.1,0.1
1999,REG+POST,00-0007835,,Damon Huard,QB,QB,,10,MIA,129,230,1326,8,4,31,202,3,1,0,0,70,-29.0951371857819,0,0.0,0.0348677495173436,28,124,0,1,1,9,5.0560275916904,0,1,1,0,0,0,0,0,0,0,-0.579033317742869,0,,0.032258064516129,,,0,85.44,86.44
1999,REG+POST,00-0007924,,James Hundon,WR,WR,,1,CIN,0,0,0,0,0,0,0,0,0,0,0,0,,0,,,0,0,0,0,0,0,,0,1,2,5,0,0,0,0,0,1,-3.54492764594033,0,0.0,0.0909090909090909,,,0,0.5,1.5
1999,REG+POST,00-0007969,,Richard Huntley,RB,RB,,16,PIT,0,0,0,0,0,0,0,0,0,0,0,0,,0,,,92,571,5,3,2,28,13.6547305438606,0,26,38,235,3,0,0,0,36,13,9.45208075010839,0,0.0,0.0730769230769231,,,0,124.6,150.6
1999,REG+POST,00-0007993,,Tom Hutton,P,SPEC,,1,MIA,0,0,0,0,0,0,0,0,0,0,0,0,,0,,,1,-8,0,1,1,0,-2.01116181886755,0,0,0,0,0,0,0,0,0,0,,0,,,,,0,-2.8,-2.8
1999,REG+POST,00-0008044,,Michael Irvin,WR,WR,,4,DAL,0,0,0,0,0,0,0,0,0,0,0,0,,0,,,0,0,0,0,0,0,,0,10,19,167,3,0,0,0,0,8,12.870329372401,0,0.0,0.152,,,0,34.7,44.7
1999,REG+POST,00-0008046,,Sedrick Irvin,RB,RB,,14,DET,0,0,0,0,0,0,0,0,0,0,0,0,,0,,,36,133,4,2,1,10,-4.82219655436347,0,26,33,254,0,0,0,0,36,11,8.46490357023858,0,0.0,0.0795180722891566,,,0,60.7,86.7
1999,REG+POST,00-0008059,,Qadry Ismail,WR,WR,,15,BAL,0,0,0,0,0,0,0,0,0,0,0,0,,0,,,1,4,0,0,0,1,0.72800655302126,0,64,133,1059,6,1,0,0,0,45,35.5634912053617,0,0.0,0.273100616016427,,,0,142.3,206.3
1999,REG+POST,00-0008060,,Raghib Ismail,WR,WR,,17,DAL,0,0,0,0,0,0,0,0,0,0,0,0,,0,,,13,110,1,0,0,7,4.10208377125673,0,87,141,1253,6,1,1,0,0,47,34.8777550707488,0,0.0,0.267552182163188,,,0,176.3,263.3
1999,REG+POST,00-0008156,,Lenzie Jackson,WR,WR,,2,JAX,0,0,0,0,0,0,0,0,0,0,0,0,,0,,,0,0,0,0,0,0,,0,0,2,0,0,0,0,0,0,0,-2.18324019641421,0,,0.03125,,,0,0.0,0.0
1999,REG+POST,00-0008190,,Sheldon Jackson,TE,TE,,5,BUF,0,0,0,0,0,0,0,0,0,0,0,0,,0,,,0,0,0,0,0,0,,0,4,8,34,0,0,0,0,6,1,-1.07902096543694,0,0.0,0.046242774566474,,,0,3.4,7.4
1999,REG+POST,00-0008196,,Terry Jackson,RB,RB,,4,SF,0,0,0,0,0,0,0,0,0,0,0,0,,0,,,15,75,0,1,1,3,-2.91162631093175,0,3,3,6,0,0,0,0,0,1,-0.204765507252887,0,0.0,0.0461538461538462,,,0,6.1,9.1
1999,REG+POST,00-0008210,,Willie Jackson,WR,WR,,15,CIN,0,0,0,0,0,0,0,0,0,0,0,0,,0,,,0,0,0,0,0,0,,0,31,63,369,2,0,0,0,0,22,-9.2833201957876,1,0.0,0.125748502994012,,,0,50.9,81.9
1999,REG+POST,00-0008224,,Mitch Jacoby,TE,TE,,1,KC,0,0,0,0,0,0,0,0,0,0,0,0,,0,,,0,0,0,0,0,0,,0,1,1,6,0,0,0,0,0,0,0.159429579623975,0,0.0,0.0666666666666667,,,0,0.6,1.6
1999,REG+POST,00-0008229,,Nate Jacquet,WR,WR,,5,MIA,0,0,0,0,0,0,0,0,0,0,0,0,,0,,,1,4,0,0,0,0,-0.0193400023272261,0,1,5,18,0,0,0,0,0,1,-5.85690429579699,0,0.0,0.0316455696202532,,,0,2.2,3.2
1999,REG+POST,00-0008241,,Edgerrin James,RB,RB,,17,IND,0,0,0,0,0,0,0,0,0,0,0,0,,0,,,380,1530,13,6,3,79,-33.9008054641442,0,62,89,587,4,2,1,0,0,23,3.41644249137535,0,0.0,0.155052264808362,,,0,305.7,367.7
1999,REG+POST,00-0008300,,Patrick Jeffers,WR,WR,,14,CAR,0,0,0,0,0,0,0,0,0,0,0,0,,0,,,2,16,0,0,0,1,-0.226146969478577,0,63,100,1082,12,0,0,0,19,43,60.6926789806192,0,0.0,0.198807157057654,,,0,181.8,244.8
1999,REG+POST,00-0008313,,Shawn Jefferson,WR,WR,,16,NE,0,0,0,0,0,0,0,0,0,0,0,0,,0,,,0,0,0,0,0,0,,0,40,76,698,6,0,0,0,0,33,31.5960744829793,0,0.0,0.147286821705426,,,0,105.8,145.8
1999,REG+POST,00-0008329,,Dietrich Jells,WR,WR,,14,PHI,0,0,0,0,0,0,0,0,0,0,0,0,,0,,,0,0,0,0,0,0,,0,10,28,180,2,0,0,0,27,7,5.54282583619352,0,0.0,0.0703517587939699,,,0,30.0,40.0
1999,REG+POST,00-0008346,,James Jenkins,TE,TE,,3,WAS,0,0,0,0,0,0,0,0,0,0,0,0,,0,,,0,0,0,0,0,0,,0,1,4,30,0,0,0,0,0,1,0.201472946737733,0,0.0,0.0373831775700935,,,0,3.0,4.0
1999,REG+POST,00-0008391,,Travis Jervey,RB,RB,,2,SF,0,0,0,0,0,0,0,0,0,0,0,0,,0,,,6,49,1,0,0,2,1.18985891278135,0,1,1,2,0,0,0,0,0,0,-1.27402862720191,0,0.0,0.03125,,,0,11.1,12.1
1999,REG+POST,00-0008400,,James Jett,WR,WR,,16,LV,0,0,0,0,0,0,0,0,0,0,0,0,,0,,,0,0,0,0,0,0,,0,39,79,552,2,0,0,0,11,32,22.922760767273,1,0.0,0.156746031746032,,,0,69.2,108.2
1999,REG+POST,00-0008401,,John Jett,P,SPEC,,2,DET,0,0,0,0,0,0,0,0,0,0,0,0,,0,,,2,-8,0,1,1,0,-3.22797286626883,0,0,0,0,0,0,0,0,0,0,,0,,,,,0,-2.8,-2.8
1999,REG+POST,00-0008430,,Anthony Johnson,RB,RB,,12,CAR,0,0,0,0,0,0,0,0,0,0,0,0,,0,,,24,70,0,1,1,5,-9.05802029289111,0,13,18,103,0,0,0,0,-3,4,1.75809702818039,0,0.0,0.0520231213872832,,,0,15.3,28.3
1999,REG+POST,00-0008442,,Brad Johnson,QB,QB,,18,WAS,346,575,4295,25,15,32,212,11,6,0,0,193,52.0183969072824,1,0.0,0.0907304461695792,27,31,2,2,1,3,-9.51454140652521,0,0,0,0,0,0,0,0,0,0,,0,,,,,0,244.9,244.9
1999,REG+POST,00-0008454,,Charles Johnson,WR,WR,,11,PHI,0,0,0,0,0,0,0,0,0,0,0,0,,0,,,0,0,0,0,0,0,,0,33,71,400,1,1,0,0,8,19,-1.48158601585829,0,0.0,0.228295819935691,,,0,46.0,79.0
1999,REG+POST,00-0008529,,J.J. Johnson,RB,RB,,15,MIA,0,0,0,0,0,0,0,0,0,0,0,0,,0,,,197,653,5,2,1,31,-31.4101883036298,0,19,29,114,0,1,1,0,0,3,-9.42228129418265,0,0.0,0.0687203791469194,,,0,102.7,121.7
1999,REG+POST,00-0008560,,Kevin Johnson,WR,WR,,16,CLE,0,1,0,0,0,0,0,0,0,0,0,0,-0.439676149981096,0,,,1,-6,0,0,0,0,-1.10516377235763,0,65,134,983,8,0,0,0,9,39,16.7232307822103,0,0.0,0.286324786324786,,,0,145.7,210.7
1999,REG+POST,00-0008561,,Keyshawn Johnson,WR,WR,,16,NYJ,0,1,0,0,0,1,9,0,0,0,0,0,-1.66069774166681,0,,,5,6,0,0,0,1,-2.35837963194354,0,88,146,1166,8,0,0,0,0,57,59.0947802650016,0,0.0,0.320175438596491,,,0,165.2,253.2
1999,REG+POST,00-0008566,,Lee Johnson,P,SPEC,,2,NE,0,0,0,0,0,0,0,0,0,0,0,0,,0,,,2,13,0,0,0,1,1.0875389482535,0,0,0,0,0,0,0,0,0,0,,0,,,,,0,1.3,1.3
1999,REG+POST,00-0008568,,Leon Johnson,RB,RB,,1,NYJ,0,0,0,0,0,0,0,0,0,0,0,0,,0,,,1,2,0,0,0,1,2.69499668455683,0,0,0,0,0,0,0,0,0,0,,0,,,,,0,0.2,0.2
1999,REG+POST,00-0008570,,LeShon Johnson,RB,RB,,8,NYG,0,0,0,0,0,0,0,0,0,0,0,0,,0,,,60,143,2,2,2,8,-19.8278394722729,0,12,15,86,1,0,0,0,0,4,2.59229980828241,0,0.0,0.0684931506849315,,,0,36.9,48.9
1999,REG+POST,00-0008572,,Lonnie Johnson,TE,TE,,8,KC,0,0,0,0,0,0,0,0,0,0,0,0,,0,,,0,0,0,0,0,0,,0,10,20,98,1,0,0,0,0,8,0.811836047796533,0,0.0,0.0778210116731518,,,0,15.8,25.8
1999,REG+POST,00-0008575,,Malcolm Johnson,WR,WR,,3,PIT,0,0,0,0,0,0,0,0,0,0,0,0,,0,,,0,0,0,0,0,0,,0,2,9,23,0,0,0,0,0,2,-1.28205204763799,0,0.0,0.0731707317073171,,,0,2.3,4.3
1999,REG+POST,00-0008598,,Pat Johnson,WR,WR,,10,BAL,0,0,0,0,0,0,0,0,0,0,0,0,,0,,,1,12,0,0,0,1,0.695303232176229,0,27,56,504,3,1,1,0,0,18,4.14732659508507,0,0.0,0.171779141104294,,,0,67.6,94.6
1999,REG+POST,00-0008612,,Rob Johnson,QB,QB,,3,BUF,35,56,429,2,0,7,43,2,1,0,0,22,6.59500338179382,0,0.0,0.123887213684857,11,70,0,0,0,4,1.47189281770261,0,0,0,0,0,0,0,0,0,0,,0,,,,,0,30.16,30.16
1999,REG+POST,00-0008660,,Daryl Johnston,RB,RB,,1,DAL,0,0,0,0,0,0,0,0,0,0,0,0,,0,,,0,0,0,0,0,0,,0,1,2,4,0,0,0,0,0,0,-0.462667817948386,0,0.0,0.0416666666666667,,,0,0.4,1.4
1999,REG+POST,00-0008704,,Charlie Jones,WR,WR,,6,LAC,0,0,0,0,0,0,0,0,0,0,0,0,,0,,,1,-8,0,0,0,0,-1.42593609623145,0,10,18,90,1,0,0,0,0,3,-3.3578179503219,0,0.0,0.0895522388059701,,,0,14.2,24.2
1999,REG+POST,00-0008723,,Damon Jones,TE,TE,,15,JAX,0,0,0,0,0,0,0,0,0,0,0,0,,0,,,0,0,0,0,0,0,,0,20,36,228,4,0,0,0,0,15,8.40764864019724,0,0.0,0.0712871287128713,,,0,46.8,66.8
1999,REG+POST,00-0008749,,Freddie Jones,TE,TE,,16,LAC,0,0,0,0,0,0,0,0,0,0,0,0,,0,,,0,0,0,0,0,0,,0,54,88,630,2,0,0,0,0,36,11.8705379588064,0,0.0,0.160291438979964,,,0,75.0,129.0
1999,REG+POST,00-0008751,,George Jones,RB,RB,,3,CLE,0,0,0,0,0,0,0,0,0,0,0,0,,0,,,8,15,0,0,0,0,-4.93307377619203,0,0,0,0,0,0,0,0,0,0,,0,,,,,0,1.5,1.5
1999,REG+POST,00-0008761,,Henry Jones,DB,DB,,1,BUF,0,0,0,0,0,0,0,0,0,0,0,0,,0,,,0,0,0,0,0,0,,0,0,0,0,0,0,0,0,0,0,,0,,,,,1,6.0,6.0
1999,REG+POST,00-0008763,,Isaac Jones,WR,WR,,1,IND,0,0,0,0,0,0,0,0,0,0,0,0,,0,,,0,0,0,0,0,0,,0,1,3,8,0,0,0,0,0,1,-1.37313125957735,0,0.0,0.1,,,0,0.8,1.8
1999,REG+POST,00-0008903,,Andrew Jordan,TE,TE,,6,MIN,0,0,0,0,0,0,0,0,0,0,0,0,,0,,,0,0,0,0,0,0,,0,5,8,40,1,0,0,0,9,2,2.15653368533822,0,0.0,0.0412371134020619,,,0,10.0,15.0
1999,REG+POST,00-0008907,,Charles Jordan,WR,WR,,4,GB,0,0,0,0,0,0,0,0,0,0,0,0,,0,,,0,0,0,0,0,0,,0,3,10,60,0,0,0,0,0,2,-3.63733952515759,0,0.0,0.0694444444444445,,,0,6.0,9.0
1999,REG+POST,00-0008921,,Randy Jordan,RB,RB,,7,LV,0,0,0,0,0,0,0,0,0,0,0,0,,0,,,9,32,2,1,1,5,0.92503518977901,0,7,15,70,0,0,0,0,0,2,-3.82875952793984,0,0.0,0.0625,,,0,20.2,27.2
1999,REG+POST,00-0008962,,Joe Jurevicius,WR,WR,,13,NYG,0,0,0,0,0,0,0,0,0,0,0,0,,0,,,0,0,0,0,0,0,,0,18,38,318,1,1,1,0,0,12,1.32125128955181,0,0.0,0.079664570230608,,,0,35.8,53.8
1999,REG+POST,00-0008970,,Paul Justin,QB,QB,,6,LA,9,14,91,0,0,1,3,0,0,0,0,5,2.1459093710361,0,0.0,0.0532809814090271,5,-1,0,0,0,0,-6.51542645430891,0,0,0,0,0,0,0,0,0,0,,0,,,,,0,3.54,3.54
1999,REG+POST,00-0009007,,Danny Kanell,QB,QB,,3,ATL,41,82,574,4,4,5,37,0,0,0,0,28,4.84467599261021,0,0.0,0.0880137552872483,0,0,0,0,0,0,,0,0,0,0,0,0,0,0,0,0,,0,,,,,0,30.96,30.96
1999,REG+POST,00-0009038,,Napoleon Kaufman,RB,RB,,16,LV,0,0,0,0,0,0,0,0,0,0,0,0,,0,,,138,714,2,1,1,32,-2.68166826253268,0,18,25,181,1,0,0,0,1,7,6.94634318552818,0,0.0,0.06426735218509,,,0,105.5,123.5
1999,REG+POST,00-0009119,,Reggie Kelly,TE,TE,,6,ATL,0,0,0,0,0,0,0,0,0,0,0,0,,0,,,0,0,0,0,0,0,,0,8,13,146,0,0,0,0,0,5,7.45289751939708,0,0.0,0.0802469135802469,,,0,14.6,22.6
1999,REG+POST,00-0009163,,Eddie Kennison,WR,WR,,16,NO,0,0,0,0,0,0,0,0,0,0,0,0,,0,,,3,20,0,1,0,1,0.0682753259316087,0,60,125,830,4,0,0,0,5,34,7.61335059375889,1,0.0,0.236742424242424,,,0,111.0,171.0
1999,REG+POST,00-0009165,,Joey Kent,WR,WR,,3,TEN,0,0,0,0,0,0,0,0,0,0,0,0,,0,,,0,0,0,0,0,0,,0,3,6,42,0,0,0,0,0,2,0.981679370161146,0,0.0,0.075,,,0,4.2,7.2
1999,REG+POST,00-0009237,,Brian Kinchen,TE,TE,,8,CAR,0,0,0,0,0,0,0,0,0,0,0,0,,0,,,0,0,0,0,0,0,,0,5,10,45,2,0,0,0,0,4,0.574946815206204,0,0.0,0.03584229390681,,,0,16.5,21.5
1999,REG+POST,00-0009266,,Shaun King,QB,QB,,8,TB,115,205,1095,8,7,18,129,7,3,0,0,53,-32.6189807709746,0,0.0,0.0240453280998774,21,43,0,0,0,5,-12.5695899166013,0,0,0,0,0,0,0,0,0,0,,0,,,,,0,60.1,60.1
1999,REG+POST,00-0009288,,Terry Kirby,RB,RB,,16,CLE,1,1,2,0,0,0,0,0,0,0,0,0,-0.321659135399386,0,0.0,,130,452,6,3,1,26,-13.1471566495311,0,57,76,527,3,1,0,0,0,18,7.1949047903991,0,0.0,0.162393162393162,,,0,149.98,206.98
1999,REG+POST,00-0009298,,Levon Kirkland,MLB,LB,,1,PIT,0,0,0,0,0,0,0,0,0,0,0,0,,0,,,0,0,0,0,0,0,,0,0,1,0,0,0,0,0,0,0,-0.28578552370891,0,,0.0384615384615385,,,0,0.0,0.0
1999,REG+POST,00-0009311,,Jon Kitna,QB,QB,,16,SEA,280,516,3476,24,18,37,223,7,4,0,0,175,0.0015724514521677,0,0.0,0.048327247965604,35,54,0,7,1,3,-17.0006626373829,0,0,0,0,0,0,0,0,0,0,,0,,,,,0,194.44,194.44
1999,REG+POST,00-0009323,,Jimmy Kleinsasser,TE,TE,,7,MIN,0,0,0,0,0,0,0,0,0,0,0,0,,0,,,0,0,0,0,0,0,,0,7,11,20,0,2,2,0,0,2,-13.5655222546775,0,0.0,0.0416666666666667,,,0,-2.0,5.0
1999,REG+POST,00-0009417,,Rob Konrad,FB,RB,,17,MIA,0,0,0,0,0,0,0,0,0,0,0,0,,0,,,9,16,0,0,0,4,-1.49586076910599,0,36,69,272,1,2,1,0,0,14,-30.5811646648709,0,0.0,0.113861386138614,,,0,32.8,68.8
1999,REG+POST,00-0009443,,Brian Kozlowski,TE,TE,,10,ATL,0,0,0,0,0,0,0,0,0,0,0,0,,0,,,0,0,0,0,0,0,,0,11,16,122,2,1,0,0,0,8,5.9282815009145,0,0.0,0.0573476702508961,,,0,24.2,35.2
1999,REG+POST,00-0009451,,Erik Kramer,QB,QB,,6,LAC,77,140,769,2,10,7,62,1,1,0,0,38,-31.4368967016019,0,0.0,0.0267619865505998,5,1,0,2,0,0,-6.25650325039169,0,0,0,0,0,0,0,0,0,0,,0,,,,,0,16.86,16.86
1999,REG+POST,00-0009550,,David LaFleur,TE,TE,,17,DAL,0,0,0,0,0,0,0,0,0,0,0,0,,0,,,0,0,0,0,0,0,,0,37,56,338,7,0,0,0,0,18,15.6861939566787,0,0.0,0.106261859582543,,,0,75.8,112.8
1999,REG+POST,00-0009599,,Fred Lane,RB,RB,,15,CAR,0,0,0,0,0,0,0,0,0,0,0,0,,0,,,113,450,1,1,1,27,-21.163777012098,0,22,29,160,0,0,0,0,0,5,2.81935298687313,0,0.0,0.0682352941176471,,,0,65.0,87.0
1999,REG+POST,00-0009738,,Amp Lee,RB,RB,,6,LA,0,0,0,0,0,0,0,0,0,0,0,0,,0,,,4,4,0,0,0,0,-2.77634649322135,0,3,4,22,1,0,0,0,0,1,2.11859932850348,0,0.0,0.0273972602739726,,,0,8.6,11.6
1999,REG+POST,00-0009819,,Tim Lester,RB,RB,,4,DAL,0,0,0,0,0,0,0,0,0,0,0,0,,0,,,0,0,0,0,0,0,,0,2,4,9,0,0,0,0,0,0,-1.12600529612973,0,0.0,0.0333333333333333,,,0,0.9,2.9
1999,REG+POST,00-0009829,,Dorsey Levens,RB,RB,,14,GB,0,0,0,0,0,0,0,0,0,0,0,0,,0,,,276,1019,9,4,4,56,-42.053091691038,0,69,90,564,1,0,0,0,0,26,7.10690486143314,0,0.0,0.173410404624277,,,0,210.3,279.3
1999,REG+POST,00-0009842,,Chad Lewis,TE,TE,,6,PHI,0,0,0,0,0,0,0,0,0,0,0,0,,0,,,0,0,0,0,0,0,,0,7,16,76,3,0,0,0,0,6,-1.21278105815873,0,0.0,0.0903954802259887,,,0,25.6,32.6
1999,REG+POST,00-0009849,,Darryll Lewis,CB,DB,,1,LAC,0,0,0,0,0,0,0,0,0,0,0,0,,0,,,0,0,0,0,0,0,,0,0,0,0,0,0,0,0,0,0,,0,,,,,1,6.0,6.0
1999,REG+POST,00-0009868,,Jeff Lewis,QB,QB,,2,CAR,2,3,11,0,0,1,6,0,0,0,0,0,-2.18507098220289,0,0.0,,4,1,0,0,0,0,-1.14619838655926,0,0,0,0,0,0,0,0,0,0,,0,,,,,0,0.54,0.54
1999,REG+POST,00-0009869,,Jermaine Lewis,WR,WR,,11,BAL,0,0,0,0,0,0,0,0,0,0,0,0,,0,,,5,11,0,0,0,1,-0.641408207069617,0,25,54,281,2,0,0,0,0,13,-0.48342663472445,0,0.0,0.163636363636364,,,0,41.2,66.2
1999,REG+POST,00-0009960,,Jonathan Linton,FB,RB,,17,BUF,0,0,0,0,0,0,0,0,0,0,0,0,,0,,,210,720,5,4,3,46,-38.1588290952338,1,28,38,223,0,0,0,0,32,7,0.919878622266099,0,0.0,0.091566265060241,,,0,120.3,148.3
1999,REG+POST,00-0010007,,Kevin Lockett,WR,WR,,16,KC,0,0,0,0,0,0,0,0,0,0,0,0,,0,,,0,0,0,0,0,0,,0,34,56,426,2,0,0,0,0,26,17.7968379311673,0,0.0,0.11864406779661,,,0,54.6,88.6
1999,REG+POST,00-0010092,,Kamil Loud,WR,WR,,3,BUF,0,0,0,0,0,0,0,0,0,0,0,0,,0,,,0,0,0,0,0,0,,0,6,9,66,0,0,0,0,0,4,1.79074821271934,0,0.0,0.0775862068965517,,,0,6.6,12.6
1999,REG+POST,00-0010107,,Derek Loville,RB,RB,,9,DEN,0,0,0,0,0,0,0,0,0,0,0,0,,0,,,40,203,1,1,0,9,-1.77517832830199,0,11,16,50,0,0,0,0,0,4,-5.61771837325068,0,0.0,0.0579710144927536,,,0,31.3,42.3
1999,REG+POST,00-0010137,,Ray Lucas,QB,QB,,9,NYJ,160,268,1669,14,6,11,69,1,0,0,0,82,27.71015772826,0,0.0,0.0748188589887242,41,144,1,7,2,8,-13.0227990425845,0,0,0,0,0,0,0,0,0,0,,0,,,,,0,127.16,127.16
1999,REG+POST,00-0010146,,Mike Lucky,TE,TE,,4,DAL,0,0,0,0,0,0,0,0,0,0,0,0,,0,,,0,0,0,0,0,0,,0,5,5,25,0,0,0,0,0,2,0.989612040486833,0,0.0,0.0454545454545455,,,0,2.5,7.5
1999,REG+POST,00-0010194,,Anthony Lynn,RB,RB,,2,DEN,0,0,0,0,0,0,0,0,0,0,0,0,,0,,,2,2,0,0,0,0,-0.647525945445523,0,0,0,0,0,0,0,0,0,0,,0,,,,,0,0.2,0.2
1999,REG+POST,00-0010202,,Mitch Lyons,TE,TE,,7,PIT,0,0,0,0,0,0,0,0,0,0,0,0,,0,,,0,0,0,0,0,0,,0,8,13,81,0,0,0,0,12,4,2.49267053010408,0,0.0,0.0546218487394958,,,0,8.1,16.1
1999,REG+POST,00-0010240,,Stacey Mack,RB,RB,,2,JAX,0,0,0,0,0,0,0,0,0,0,0,0,,0,,,6,37,0,0,0,1,0.956164400966372,0,0,0,0,0,0,0,0,0,0,,0,,,,,0,3.7,3.7
1999,REG+POST,00-0010243,,Tremain Mack,FS,DB,,1,CIN,0,0,0,0,0,0,0,0,0,0,0,0,,0,,,0,0,0,0,0,0,,0,0,0,0,0,0,0,0,0,0,,0,,,,,1,6.0,6.0
1999,REG+POST,00-0010292,,Joel Makovicka,FB,RB,,12,ARI,0,0,0,0,0,0,0,0,0,0,0,0,,0,,,8,7,0,1,1,0,-8.33202780189458,0,10,19,70,1,0,0,0,0,4,-1.50818852015977,0,0.0,0.052924791086351,,,0,11.7,21.7
1999,REG+POST,00-0010333,,Kris Mangum,TE,TE,,2,CAR,0,0,0,0,0,0,0,0,0,0,0,0,,0,,,0,0,0,0,0,0,,0,1,2,6,0,0,0,0,0,1,0.298463676590472,0,0.0,0.0273972602739726,,,0,0.6,1.6
1999,REG+POST,00-0010346,,Peyton Manning,QB,QB,"https://static.www.nfl.com/image/private/f_auto,q_auto/league/xpcd6auodk3w0vda6jal",17,IND,345,569,4274,26,15,14,116,1,1,0,0,207,116.110133842378,1,0.0,0.13237395334206,36,84,3,5,2,9,-3.03128714981863,0,0,0,0,0,0,0,0,0,0,,0,,,,,0,267.36,267.36
1999,REG+POST,00-0010379,,Dan Marino,QB,QB,,13,MIA,227,416,2669,14,19,12,85,5,4,0,0,132,-37.7940704019056,0,0.0,0.0451489819689381,8,-7,0,2,1,0,-9.93712487118319,0,0,0,0,0,0,0,0,0,0,,0,,,,,0,114.06,114.06
1999,REG+POST,00-0010436,,Cecil Martin,RB,RB,,8,PHI,0,0,0,0,0,0,0,0,0,0,0,0,,0,,,3,3,0,0,0,1,-1.20097613590769,0,11,16,22,0,0,0,0,3,1,-6.70043086091092,0,0.0,0.0680851063829787,,,0,2.5,13.5
1999,REG+POST,00-0010442,,Curtis Martin,RB,RB,,16,NYJ,0,0,0,0,0,0,0,0,0,0,0,0,,0,,,365,1453,5,1,0,84,-24.6397980031861,0,45,61,259,0,1,0,0,0,9,-10.6817788365493,0,0.0,0.133771929824561,,,0,201.2,246.2
1999,REG+POST,00-0010477,,Tony Martin,WR,WR,,17,MIA,0,0,0,0,0,0,0,0,0,0,0,0,,0,,,1,-6,0,0,0,0,-1.25005874119233,0,71,133,1082,5,0,0,0,0,53,30.045025656283,0,0.0,0.23050259965338,,,0,137.6,208.6
1999,REG+POST,00-0010500,,Derrick Mason,WR,WR,,8,TEN,0,0,0,0,0,0,0,0,0,0,0,0,,0,,,0,0,0,0,0,0,,0,10,24,107,0,0,0,0,2,6,-0.493574280634587,0,0.0,0.0941176470588235,,,2,22.7,32.7
1999,REG+POST,00-0010539,,Terance Mathis,WR,WR,,16,ATL,0,0,0,0,0,0,0,0,0,0,0,0,,0,,,1,0,0,0,0,0,-0.427812770707533,0,81,153,1016,6,0,0,0,0,57,25.1651200593188,0,0.0,0.31875,,,0,137.6,218.6
1999,REG+POST,00-0010560,,Shane Matthews,QB,QB,,8,CHI,164,271,1621,10,6,13,79,4,3,0,0,84,-12.4067845842648,0,0.0,0.0494266682872732,14,31,0,3,0,2,-5.88313338293059,0,0,0,0,0,0,0,0,0,0,,0,,,,,0,89.94,89.94
1999,REG+POST,00-0010598,,Alonzo Mayes,TE,TE,,9,CHI,0,0,0,0,0,0,0,0,0,0,0,0,,0,,,0,0,0,0,0,0,,0,8,15,82,1,0,0,0,6,5,1.52480956615182,0,0.0,0.0401069518716578,,,0,14.2,22.2
1999,REG+POST,00-0010599,,Derrick Mayes,WR,WR,,16,SEA,0,0,0,0,0,0,0,0,0,0,0,0,,0,,,0,0,0,0,0,0,,0,62,103,829,10,1,0,0,0,43,54.1453475932677,0,0.0,0.206827309236948,,,0,142.9,204.9
1999,REG+POST,00-0010650,,Ed McCaffrey,WR,WR,,15,DEN,0,0,0,0,0,0,0,0,0,0,0,0,,0,,,0,0,0,0,0,0,,0,70,122,1001,7,0,0,0,0,44,25.9158474558783,0,0.0,0.241584158415842,,,0,142.1,212.1
1999,REG+POST,00-0010668,,Keenan McCardell,WR,WR,,18,JAX,0,0,0,0,0,0,0,0,0,0,0,0,,0,,,0,0,0,0,0,0,,0,87,162,993,5,1,0,0,4,56,20.5233805382095,1,0.0,0.279310344827586,,,0,131.3,218.3
1999,REG+POST,00-0010747,,Fred McCrary,RB,RB,,15,LAC,0,0,0,0,0,0,0,0,0,0,0,0,,0,,,0,0,0,0,0,0,,0,37,50,201,1,0,0,0,0,7,-5.79781123053146,0,0.0,0.0970873786407767,,,0,26.1,63.1
1999,REG+POST,00-0010762,,Andy McCullough,WR,WR,,2,ARI,0,0,0,0,0,0,0,0,0,0,0,0,,0,,,0,0,0,0,0,0,,0,3,6,45,0,0,0,0,0,2,-2.99197740317322,0,0.0,0.0895522388059701,,,0,4.5,7.5
1999,REG+POST,00-0010796,,Darnell McDonald,WR,WR,,9,TB,0,0,0,0,0,0,0,0,0,0,0,0,,0,,,0,0,0,0,0,0,,0,9,21,96,1,0,0,0,1,4,-3.17897234282578,0,0.0,0.0769230769230769,,,0,15.6,24.6
1999,REG+POST,00-0010824,,O.J. McDuffie,WR,WR,,14,MIA,0,0,0,0,0,0,0,0,0,0,0,0,,0,,,0,0,0,0,0,0,,0,49,94,604,2,1,1,0,0,35,7.3216838431464,0,0.0,0.205240174672489,,,0,70.4,119.4
1999,REG+POST,00-0010843,,Wane McGarity,WR,WR,,5,DAL,0,0,0,0,0,0,0,0,0,0,0,0,,0,,,0,0,0,0,0,0,,0,7,19,70,0,0,0,0,0,2,-5.01526489258703,0,0.0,0.123376623376623,,,0,7.0,14.0
1999,REG+POST,00-0010859,,Tony McGee,TE,TE,,16,CIN,0,0,0,0,0,0,0,0,0,0,0,0,,0,,,0,0,0,0,0,0,,0,26,49,344,2,0,0,0,0,17,7.60208921854863,0,0.0,0.0936902485659656,,,0,46.4,72.4
1999,REG+POST,00-0010892,,Travis McGriff,WR,WR,,5,DEN,0,0,0,0,0,0,0,0,0,0,0,0,,0,,,0,0,0,0,0,0,,0,3,7,37,0,0,0,0,0,2,1.67143445558628,0,0.0,0.0374331550802139,,,0,3.7,6.7
1999,REG+POST,00-0010942,,Kevin McKenzie,WR,WR,,1,MIA,0,0,0,0,0,0,0,0,0,0,0,0,,0,,,0,0,0,0,0,0,,0,2,3,18,0,1,1,0,0,0,-7.71342738135718,0,0.0,0.0612244897959184,,,0,-0.2,1.8
1999,REG+POST,00-0010951,,Dennis McKinley,RB,RB,,2,ARI,0,0,0,0,0,0,0,0,0,0,0,0,,0,,,0,0,0,0,0,0,,0,1,2,4,0,0,0,0,0,0,-0.973023143364117,0,0.0,0.0263157894736842,,,0,0.4,1.4
1999,REG+POST,00-0010994,,Kevin McLeod,RB,RB,,2,TB,0,0,0,0,0,0,0,0,0,0,0,0,,0,,,0,0,0,0,0,0,,0,2,3,5,1,0,0,0,0,1,0.0449042461405043,0,0.0,0.0491803278688525,,,0,6.5,8.5
1999,REG+POST,00-0011022,,Donovan McNabb,QB,QB,,11,PHI,105,213,934,8,6,28,204,6,4,0,0,54,-81.3063395385089,1,0.0,0.0253592431628418,45,309,0,2,2,16,5.27056841021243,1,1,1,-6,0,0,0,0,0,0,-1.0454274925869,0,0.0,0.032258064516129,,,0,79.66,80.66
1999,REG+POST,00-0011024,,Steve McNair,QB,QB,,15,TEN,246,435,2651,13,10,21,101,3,1,0,0,128,-2.22433030740593,1,0.0,0.0822107999064248,100,525,11,2,1,48,31.306073796927,0,0,0,0,0,0,0,0,0,0,,0,,,,,0,254.54,254.54
1999,REG+POST,00-0011044,,Cade McNown,QB,QB,,15,CHI,126,230,1452,8,8,18,94,3,2,0,0,64,-20.3350293375667,0,0.0,0.0254848033755739,31,150,0,3,1,10,-2.46197781583615,1,0,0,0,0,0,0,0,0,0,,0,,,,,0,85.08,85.08
1999,REG+POST,00-0011068,,Johnny McWilliams,TE,TE,,11,ARI,0,0,0,0,0,0,0,0,0,0,0,0,,0,,,0,0,0,0,0,0,,0,11,20,71,1,1,0,0,0,2,-1.80803426913917,0,0.0,0.0544959128065395,,,0,13.1,24.1
1999,REG+POST,00-0011081,,Natrone Means,RB,RB,,7,LAC,0,0,0,0,0,0,0,0,0,0,0,0,,0,,,111,273,4,0,0,16,-21.6234311359478,0,9,13,51,1,0,0,0,0,2,1.36365980707342,0,0.0,0.0783132530120482,,,0,62.4,71.4
1999,REG+POST,00-0011151,,Eric Metcalf,WR,WR,,10,CAR,0,0,0,0,0,0,0,0,0,0,0,0,,0,,,2,20,0,0,0,1,1.81251992587931,0,11,22,133,0,0,0,0,13,6,-3.85430962016108,0,0.0,0.0645161290322581,,,0,15.3,26.3
1999,REG+POST,00-0011187,,Terry Mickens,WR,WR,,14,LV,0,0,0,0,0,0,0,0,0,0,0,0,,0,,,0,0,0,0,0,0,,0,20,40,261,0,1,1,0,2,13,-5.71964545866923,0,0.0,0.0884955752212389,,,0,24.1,44.1
1999,REG+POST,00-0011213,,Glyn Milburn,WR,WR,,14,CHI,0,0,0,0,0,0,0,0,0,0,0,0,,0,,,16,102,1,0,0,5,2.26077380339848,0,20,30,151,0,1,0,0,2,7,-0.617878878721967,0,0.0,0.0632911392405063,,,0,31.3,51.3
1999,REG+POST,00-0011224,,Itula Mili,TE,TE,,7,SEA,0,0,0,0,0,0,0,0,0,0,0,0,,0,,,0,0,0,0,0,0,,0,5,10,28,1,1,1,0,0,1,-7.27149488707073,0,0.0,0.0458715596330275,,,0,6.8,11.8
1999,REG+POST,00-0011236,,Billy Miller,TE,TE,,6,DEN,0,0,0,0,0,0,0,0,0,0,0,0,,0,,,0,0,0,0,0,0,,0,5,10,59,0,0,0,0,0,3,0.986967827972863,0,0.0,0.0505050505050505,,,0,5.9,10.9
1999,REG+POST,00-0011244,,Chris Miller,QB,QB,,3,DEN,45,80,512,2,1,7,51,1,0,0,0,22,-5.88715638645664,0,0.0,0.0394130944607216,8,40,0,1,0,3,1.90537656639935,0,0,0,0,0,0,0,0,0,0,,0,,,,,0,30.48,30.48
1999,REG+POST,00-0011266,,Fred Miller,T,OL,,1,LA,0,0,0,0,0,0,0,0,0,0,0,0,,0,,,0,0,0,0,0,0,,0,1,1,-1,0,0,0,0,0,0,-0.777610725257546,0,0.0,0.0232558139534884,,,0,-0.1,0.9
1999,REG+POST,00-0011276,,Jim Miller,QB,QB,,5,CHI,109,172,1233,7,6,7,43,2,1,0,0,53,22.3458405689882,0,0.0,0.0772002488048587,3,9,0,2,0,1,-2.11259594466537,0,0,0,0,0,0,0,0,0,0,,0,,,,,0,64.22,64.22
1999,REG+POST,00-0011279,,Josh Miller,P,SPEC,,2,PIT,0,0,0,0,0,0,0,0,0,0,0,0,,0,,,2,-9,0,1,0,0,-3.10462172405565,0,0,0,0,0,0,0,0,0,0,,0,,,,,0,-0.9,-0.9
1999,REG+POST,00-0011328,,Ernie Mills,WR,WR,,11,DAL,0,0,0,0,0,0,0,0,0,0,0,0,,0,,,1,-1,0,0,0,0,-0.810797337908298,0,29,51,317,0,0,0,0,0,14,3.60682178152647,0,0.0,0.157407407407407,,,0,31.6,60.6
1999,REG+POST,00-0011333,,John Henry Mills,RB,RB,,2,MIN,0,0,0,0,0,0,0,0,0,0,0,0,,0,,,0,0,0,0,0,0,,0,3,3,30,0,0,0,0,17,3,4.15591240790673,0,0.0,0.0434782608695652,,,0,3.0,6.0
1999,REG+POST,00-0011341,,Brian Milne,RB,RB,,1,CIN,0,0,0,0,0,0,0,0,0,0,0,0,,0,,,3,30,0,0,0,1,1.05899903201498,0,0,0,0,0,0,0,0,0,0,,1,,,,,0,5.0,5.0
1999,REG+POST,00-0011378,,Rick Mirer,QB,QB,,7,NYJ,92,173,1042,5,9,22,102,1,1,0,0,47,-21.0546557147278,0,0.0,0.0282343169307404,21,89,1,2,0,4,-5.67814660459354,0,0,0,0,0,0,0,0,0,0,,0,,,,,0,56.58,56.58
1999,REG+POST,00-0011392,,Basil Mitchell,RB,RB,,5,GB,0,0,0,0,0,0,0,0,0,0,0,0,,0,,,27,108,0,1,0,6,-0.195318371930625,0,6,9,48,0,0,0,0,0,1,0.212906800326891,0,0.0,0.0947368421052632,,,1,21.6,27.6
1999,REG+POST,00-0011399,,Brian Mitchell,RB,RB,,18,WAS,0,0,0,0,0,0,0,0,0,0,0,0,,0,,,48,276,1,0,0,16,-0.956744046126588,0,33,42,306,0,1,0,0,0,12,0.783508908644485,0,0.0,0.0858895705521472,,,1,70.2,103.2
1999,REG+POST,00-0011425,,Pete Mitchell,TE,TE,,15,NYG,0,0,0,0,0,0,0,0,0,0,0,0,,0,,,0,0,0,0,0,0,,0,58,90,520,3,1,1,0,0,34,23.6692096227046,0,0.0,0.166666666666667,,,0,68.0,126.0
1999,REG+POST,00-0011434,,Scott Mitchell,QB,QB,,1,BAL,7,16,48,0,2,1,5,0,0,0,0,2,-6.24089450406342,0,0.0,0.0309575570800017,1,1,0,0,0,0,-1.24591396283358,0,0,0,0,0,0,0,0,0,0,,0,,,,,0,-1.98,-1.98
1999,REG+POST,00-0011463,,Chris Mohr,P,SPEC,,1,BUF,0,0,0,0,0,0,0,0,0,0,0,0,,0,,,1,0,0,0,0,0,-3.42744247999508,0,0,0,0,0,0,0,0,0,0,,0,,,,,0,0.0,0.0
1999,REG+POST,00-0011488,,Rod Monroe,TE,TE,,1,ATL,0,0,0,0,0,0,0,0,0,0,0,0,,0,,,0,0,0,0,0,0,,0,1,1,8,0,0,0,0,0,0,0.662847620435059,0,0.0,0.037037037037037,,,0,0.8,1.8
1999,REG+POST,00-0011506,,Joe Montgomery,RB,RB,,6,NYG,0,0,0,0,0,0,0,0,0,0,0,0,,0,,,115,348,3,2,2,22,-23.5645642666786,1,0,1,0,0,0,0,0,0,0,-0.378218286205083,0,,0.0238095238095238,,,0,50.8,50.8
1999,REG+POST,00-0011524,,Warren Moon,QB,QB,,1,KC,1,3,20,0,0,0,0,0,0,0,0,1,-0.141042910894612,0,0.0,,0,0,0,0,0,0,,0,0,0,0,0,0,0,0,0,0,,0,,,,,0,0.8,0.8
1999,REG+POST,00-0011551,,Dave Moore,TE,TE,,18,TB,0,0,0,0,0,0,0,0,0,0,0,0,,0,,,0,0,0,0,0,0,,0,26,45,316,5,0,0,0,0,14,13.5954776149035,0,0.0,0.0920245398773006,,,0,61.6,87.6
1999,REG+POST,00-0011568,,Herman Moore,WR,WR,,7,DET,0,0,0,0,0,0,0,0,0,0,0,0,,0,,,0,0,0,0,0,0,,0,19,34,266,2,0,0,0,8,12,6.84934805085542,0,0.0,0.120996441281139,,,0,38.6,57.6
1999,REG+POST,00-0011601,,Rob Moore,WR,WR,,13,ARI,0,0,0,0,0,0,0,0,0,0,0,0,,0,,,0,0,0,0,0,0,,0,37,96,621,5,0,0,0,0,26,-3.36240773808475,0,0.0,0.216704288939052,,,0,92.1,129.1
1999,REG+POST,00-0011640,,Moses Moreno,QB,QB,,1,LAC,5,7,78,0,0,1,3,0,0,0,0,2,1.47374619250576,0,0.0,0.112791103865446,0,0,0,0,0,0,,0,0,0,0,0,0,0,0,0,0,,0,,,,,0,3.12,3.12
1999,REG+POST,00-0011675,,Bam Morris,RB,RB,,12,KC,0,0,0,0,0,0,0,0,0,0,0,0,,0,,,120,414,3,2,1,16,-19.0327355107775,0,7,11,37,0,1,0,0,0,0,-3.42175646529049,0,0.0,0.0628571428571429,,,0,61.1,68.1
1999,REG+POST,00-0011718,,Harold Morrow,FB,RB,,1,MIN,0,0,0,0,0,0,0,0,0,0,0,0,,0,,,2,1,0,0,0,0,-0.60286357847508,0,0,0,0,0,0,0,0,0,0,,0,,,,,0,0.1,0.1
1999,REG+POST,00-0011727,,Johnnie Morton,WR,WR,,17,DET,0,0,0,0,0,0,0,0,0,0,0,0,,0,,,0,0,0,0,0,0,,0,81,141,1113,5,0,0,0,42,52,36.156831979387,0,0.0,0.243944636678201,,,0,141.3,222.3
1999,REG+POST,00-0011754,,Randy Moss,WR,WR,,18,MIN,1,1,27,1,0,0,0,0,0,0,0,1,3.3389932269929,0,0.0,,4,43,0,0,0,3,2.76023159595206,0,93,155,1707,14,1,1,0,50,62,67.007118792004,0,0.0,0.270506108202443,,,1,268.08,361.08
1999,REG+POST,00-0011770,,Eric Moulds,WR,WR,,15,BUF,0,0,0,0,0,0,0,0,0,0,0,0,,0,,,1,1,0,0,0,0,-0.57961624849122,0,68,120,1056,7,1,1,0,42,47,61.0708851496165,0,0.0,0.276497695852535,,,0,145.7,213.7
1999,REG+POST,00-0011795,,Muhsin Muhammad,WR,WR,,15,CAR,0,0,0,0,0,0,0,0,0,0,0,0,,0,,,0,0,0,0,0,0,,0,95,154,1249,8,1,1,0,29,61,39.161903609492,0,0.0,0.289473684210526,,,0,170.9,265.9
1999,REG+POST,00-0011854,,Yo Murphy,WR,WR,,3,TB,0,0,0,0,0,0,0,0,0,0,0,0,,0,,,0,0,0,0,0,0,,0,4,8,28,0,0,0,0,0,1,-6.01991610535343,0,0.0,0.0842105263157895,,,0,2.8,6.8
1999,REG+POST,00-0011869,,Adrian Murrell,RB,RB,,16,ARI,0,0,0,0,0,0,0,0,0,0,0,0,,0,,,192,554,0,2,1,25,-46.978247276335,0,48,70,328,0,2,1,0,0,12,-20.680668403432,0,0.0,0.130353817504656,,,0,84.2,132.2
1999,REG+POST,00-0011932,,Marcus Nash,WR,WR,,2,BAL,0,0,0,0,0,0,0,0,0,0,0,0,,0,,,0,0,0,0,0,0,,0,0,3,0,0,0,0,0,0,0,-2.25358648959082,0,,0.0545454545454545,,,0,0.0,0.0
1999,REG+POST,00-0011958,,Lorenzo Neal,FB,RB,,10,TEN,0,0,0,0,0,0,0,0,0,0,0,0,,0,,,2,1,1,0,0,1,1.29244276497047,0,8,12,28,2,0,0,0,9,3,-0.565525076992344,0,0.0,0.0459770114942529,,,0,20.9,28.9
1999,REG+POST,00-0012261,,Neil O'Donnell,QB,QB,,8,TEN,114,192,1374,10,4,9,63,2,2,0,0,64,15.9469523621001,0,0.0,0.0767647652593238,19,1,0,3,0,0,-6.66163221656461,0,0,0,0,0,0,0,0,0,0,,0,,,,,0,83.06,83.06
1999,REG+POST,00-0012317,,A.J. Ofodile,TE,TE,,5,BAL,0,0,0,0,0,0,0,0,0,0,0,0,,0,,,0,0,0,0,0,0,,0,4,9,25,0,0,0,0,0,0,-8.09852140420117,0,0.0,0.0463917525773196,,,0,2.5,6.5
1999,REG+POST,00-0012321,,Jeff Ogden,WR,WR,,14,DAL,0,0,0,0,0,0,0,0,0,0,0,0,,0,,,0,0,0,0,0,0,,0,13,29,148,0,0,0,0,0,9,-6.18817427882459,0,0.0,0.0674418604651163,,,0,14.8,27.8
1999,REG+POST,00-0012368,,Winslow Oliver,RB,RB,,8,ATL,0,0,0,0,0,0,0,0,0,0,0,0,,0,,,8,32,0,1,1,1,-6.1671933819307,0,8,13,74,0,0,0,0,0,5,-7.44664335134439,0,0.0,0.1,,,1,14.6,22.6
1999,REG+POST,00-0012370,,Brock Olivo,RB,RB,,2,DET,0,0,0,0,0,0,0,0,0,0,0,0,,0,,,1,1,0,0,0,1,0.559570958372206,0,4,8,24,0,0,0,0,0,1,-2.64861461141845,0,0.0,0.105263157894737,,,0,2.5,6.5
1999,REG+POST,00-0012478,,Terrell Owens,WR,WR,,14,SF,0,0,0,0,0,0,0,0,0,0,0,0,,0,,,0,0,0,0,0,0,,0,59,95,747,4,1,1,0,0,36,13.2045142808576,0,0.0,0.205183585313175,,,0,96.7,155.7
1999,REG+POST,00-0012480,,Ken Oxendine,RB,RB,,12,ATL,0,0,0,0,0,0,0,0,0,0,0,0,,0,,,138,442,1,5,4,22,-31.894423698308,0,17,22,172,1,0,0,0,0,8,9.19358143827412,0,0.0,0.0670731707317073,,,0,65.4,82.4
1999,REG+POST,00-0012515,,David Palmer,RB,RB,,6,MIN,0,0,0,0,0,0,0,0,0,0,0,0,,0,,,3,12,0,0,0,0,-0.220188058854546,0,4,7,25,0,0,0,0,0,3,-0.244004833512008,0,0.0,0.0445859872611465,,,0,3.7,7.7
1999,REG+POST,00-0012556,,De'Mond Parker,RB,RB,,5,GB,0,0,0,0,0,0,0,0,0,0,0,0,,0,,,36,184,2,0,0,11,4.46574310428696,0,4,5,15,0,0,0,0,0,0,-2.27270045876503,0,0.0,0.0520833333333333,,,0,31.9,35.9
1999,REG+POST,00-0012603,,Bernie Parmalee,RB,RB,,14,NYJ,0,0,0,0,0,0,0,0,0,0,0,0,,0,,,27,133,0,0,0,7,-2.54216221679037,0,13,17,97,0,0,0,0,0,4,-1.82268831651071,0,0.0,0.0598591549295775,,,0,23.0,36.0
1999,REG+POST,00-0012637,,Jerome Pathon,WR,WR,,8,IND,0,0,0,0,0,0,0,0,0,0,0,0,,0,,,0,0,0,0,0,0,,0,19,40,207,0,0,0,0,0,10,-7.59347588392597,0,0.0,0.140350877192982,,,0,20.7,39.7
1999,REG+POST,00-0012642,,David Patten,WR,WR,,13,NYG,0,0,0,0,0,0,0,0,0,0,0,0,,0,,,1,27,0,0,0,1,1.9834792673937,0,9,28,115,0,0,0,0,0,6,-10.1503493429982,0,0.0,0.0651162790697674,,,0,14.2,23.2
1999,REG+POST,00-0012726,,Doug Pederson,QB,QB,,10,PHI,118,226,1257,7,9,20,109,6,5,0,0,61,-53.7868429853152,0,0.0,0.0251076833890204,19,31,0,1,1,3,-12.5722643402842,0,0,0,0,0,0,0,0,0,0,,0,,,,,0,51.38,51.38
1999,REG+POST,00-0012732,,Rodney Peete,QB,QB,,2,WAS,8,17,107,2,1,2,9,0,0,0,0,6,-3.25202271783065,0,0.0,0.0402902100221119,2,-1,0,0,0,0,-1.1960719722556,0,0,0,0,0,0,0,0,0,0,,0,,,,,0,10.18,10.18
1999,REG+POST,00-0012764,,Chris Penn,WR,WR,,13,LAC,0,0,0,0,0,0,0,0,0,0,0,0,,0,,,0,0,0,0,0,0,,0,17,38,257,1,1,1,0,0,14,4.91516314029357,0,0.0,0.0805084745762712,,,0,29.7,46.7
1999,REG+POST,00-0012809,,Ed Perry,LS,SPEC,,2,MIA,0,0,0,0,0,0,0,0,0,0,0,0,,0,,,0,0,0,0,0,0,,0,4,5,11,1,0,0,0,0,1,-0.394481954630464,0,0.0,0.0617283950617284,,,0,7.1,11.1
1999,REG+POST,00-0012832,,Wilmont Perry,RB,RB,,5,NO,0,0,0,0,0,0,0,0,0,0,0,0,,0,,,48,180,0,0,0,8,-5.80952941690278,0,4,9,26,0,0,0,0,0,1,-3.25372967065778,0,0.0,0.0588235294117647,,,0,20.6,24.6
1999,REG+POST,00-0012931,,Lawrence Phillips,RB,RB,,8,SF,0,0,0,0,0,0,0,0,0,0,0,0,,0,,,30,144,2,0,0,8,-0.78156200271193,0,15,20,152,0,1,0,0,0,5,5.01020802353742,0,0.0,0.072463768115942,,,0,41.6,56.6
1999,REG+POST,00-0012946,,Dino Philyaw,RB,RB,,3,NO,0,0,0,0,0,0,0,0,0,0,0,0,,0,,,4,16,0,0,0,1,-0.508434182644123,0,2,5,23,0,0,0,0,0,1,0.811196312948596,0,0.0,0.108695652173913,,,0,3.9,5.9
1999,REG+POST,00-0012953,,Carl Pickens,WR,WR,,16,CIN,1,1,6,0,0,0,0,0,0,0,0,1,1.24674361234065,0,0.0,,0,0,0,0,0,0,,0,57,107,737,6,1,1,0,0,32,2.59184329710637,0,0.0,0.204588910133843,,,0,107.94,164.94
1999,REG+POST,00-0012971,,Aaron Pierce,TE,TE,,8,BAL,0,0,0,0,0,0,0,0,0,0,0,0,,0,,,0,0,0,0,0,0,,0,10,17,99,0,1,1,0,0,4,1.65327632395941,0,0.0,0.06640625,,,0,7.9,17.9
1999,REG+POST,00-0013013,,Michael Pittman,RB,RB,"https://static.www.nfl.com/image/private/f_auto,q_auto/league/xt52pieoe86wnuy0imar",10,ARI,1,1,26,0,0,0,0,0,0,0,0,1,1.89052732277196,0,0.0,,63,287,2,2,1,11,-11.3702424189447,0,16,27,196,0,0,0,0,0,8,5.57094230314882,0,0.0,0.0813253012048193,,,0,59.34,75.34
1999,REG+POST,00-0013028,,Scott Player,P,SPEC,,1,ARI,0,0,0,0,0,0,0,0,0,0,0,0,,0,,,1,-18,0,0,0,0,-1.10600580973551,0,0,0,0,0,0,0,0,0,0,,0,,,,,0,-1.8,-1.8
1999,REG+POST,00-0013042,,Jake Plummer,QB,QB,,12,ARI,200,379,2104,9,23,27,152,3,0,0,0,109,-64.721973629015,0,0.0,0.0262490309136349,38,114,2,4,1,12,-11.3632360436676,0,0,0,0,0,0,0,0,0,0,,0,,,,,0,95.56,95.56
1999,REG+POST,00-0013080,,Marcus Pollard,TE,TE,,16,IND,0,0,0,0,0,0,0,0,0,0,0,0,,0,,,0,0,0,0,0,0,,0,34,47,371,4,2,2,0,0,19,9.21476786784711,0,0.0,0.0867158671586716,,,0,57.1,91.1
1999,REG+POST,00-0013097,,Keith Poole,WR,WR,,15,NO,0,0,0,0,0,0,0,0,0,0,0,0,,0,,,1,14,0,0,0,1,0.918904900550842,0,40,82,777,6,0,0,0,28,34,27.3404782683086,0,0.0,0.165322580645161,,,0,115.1,155.1
1999,REG+POST,00-0013108,,Daniel Pope,P,SPEC,,1,KC,0,0,0,0,0,0,0,0,0,0,0,0,,0,,,1,0,0,1,0,0,-3.0936212404049,0,0,0,0,0,0,0,0,0,0,,0,,,,,0,0.0,0.0
1999,REG+POST,00-0013173,,Marvin Powell,RB,RB,,2,NO,0,0,0,0,0,0,0,0,0,0,0,0,,0,,,1,1,0,0,0,0,-0.284480067901313,0,0,1,0,0,0,0,0,0,0,-0.552022403280716,0,,0.0357142857142857,,,0,0.1,0.1
1999,REG+POST,00-0013176,,Ronnie Powell,WR,WR,,2,CLE,0,0,0,0,0,0,0,0,0,0,0,0,,0,,,1,-14,0,0,0,0,-2.39389155013487,0,1,1,45,0,0,0,0,0,1,3.49384537094738,0,0.0,0.0263157894736842,,,0,3.1,4.1
1999,REG+POST,00-0013232,,Peerless Price,WR,WR,,16,BUF,0,0,0,0,0,0,0,0,0,0,0,0,,0,,,1,-7,0,0,0,0,-1.11829541181214,0,36,75,455,3,0,0,0,8,22,2.07698903296573,0,0.0,0.150300601202405,,,0,62.8,98.8
1999,REG+POST,00-0013258,,Mike Pritchard,WR,WR,,14,SEA,0,0,0,0,0,0,0,0,0,0,0,0,,0,,,0,0,0,0,0,0,,0,29,52,409,2,0,0,0,0,22,19.5204284756124,0,0.0,0.118451025056948,,,0,52.9,81.9
1999,REG+POST,00-0013262,,Stanley Pritchett,RB,RB,,16,MIA,0,0,0,0,0,0,0,0,0,0,0,0,,0,,,51,172,1,0,0,11,-7.77722439687699,0,44,60,324,4,0,0,0,0,18,4.80682067429575,0,0.0,0.104712041884817,,,0,79.6,123.6
1999,REG+POST,00-0013268,,Ricky Proehl,WR,WR,,16,LA,0,0,0,0,0,0,0,0,0,0,0,0,,0,,,0,0,0,0,0,0,,0,39,58,446,1,0,0,0,1,29,31.2171593264685,0,0.0,0.106813996316759,,,0,50.6,89.6
1999,REG+POST,00-0013298,,Alfred Pupunu,TE,TE,,3,LAC,0,0,0,0,0,0,0,0,0,0,0,0,,0,,,0,0,0,0,0,0,,0,4,5,17,0,0,0,0,0,0,-4.65494793630205,0,0.0,0.0510204081632653,,,0,1.7,5.7
1999,REG+POST,00-0013308,,Lovett Purnell,TE,TE,,1,BAL,0,0,0,0,0,0,0,0,0,0,0,0,,0,,,0,0,0,0,0,0,,0,2,3,10,0,0,0,0,0,0,-0.533485071617179,0,0.0,0.0967741935483871,,,0,1.0,3.0
1999,REG+POST,00-0013422,,Walter Rasby,TE,TE,,4,DET,0,0,0,0,0,0,0,0,0,0,0,0,,0,,,0,0,0,0,0,0,,0,3,5,19,1,0,0,0,0,2,-0.63971525937086,0,0.0,0.0352112676056338,,,0,7.9,10.9
1999,REG+POST,00-0013499,,Andre Reed,WR,WR,,17,BUF,0,0,0,0,0,0,0,0,0,0,0,0,,0,,,0,0,0,0,0,0,,0,52,94,536,1,0,0,0,12,31,-3.01615555734036,0,0.0,0.18042226487524,,,0,59.6,111.6
1999,REG+POST,00-0013512,,Jake Reed,WR,WR,,17,MIN,0,0,0,0,0,0,0,0,0,0,0,0,,0,,,0,0,0,0,0,0,,0,48,85,710,3,0,0,0,0,31,30.8540222987802,0,0.0,0.15370705244123,,,0,89.0,137.0
1999,REG+POST,00-0013523,,Robert Reed,WR,WR,,1,LAC,0,0,0,0,0,1,11,0,0,0,0,0,-1.40716885961592,0,,,0,0,0,0,0,0,,0,1,1,1,0,1,1,0,0,0,-3.48494489840232,0,0.0,0.05,,,0,-1.9,-0.9
1999,REG+POST,00-0013622,,Errict Rhett,RB,RB,,14,BAL,0,0,0,0,0,0,0,0,0,0,0,0,,0,,,233,810,5,0,0,36,-41.9677550695622,0,24,32,169,2,0,0,0,0,7,-5.76133608346572,0,0.0,0.0829015544041451,,,0,139.9,163.9
1999,REG+POST,00-0013639,,Jerry Rice,WR,WR,,16,SF,0,1,0,0,0,0,0,0,0,0,0,0,-0.668821464641951,0,,,2,13,0,0,0,1,0.0255412156693637,0,67,124,830,5,0,0,0,22,41,24.3880954706839,0,0.0,0.228782287822878,,,0,114.3,181.3
1999,REG+POST,00-0013643,,Ron Rice,SS,DB,,1,DET,0,0,0,0,0,0,0,0,0,0,0,0,,0,,,0,0,0,0,0,0,,0,0,0,0,0,0,0,0,0,0,,0,,,,,1,6.0,6.0
1999,REG+POST,00-0013694,,Tony Richardson,FB,RB,,16,KC,0,0,0,0,0,0,0,0,0,0,0,0,,0,,,83,382,1,1,1,28,-5.25816461989804,0,23,28,112,0,0,0,0,0,3,-4.49410864565289,0,0.0,0.0674698795180723,,,0,53.4,76.4
1999,REG+POST,00-0013712,,Mikhael Ricks,TE,TE,,16,LAC,0,1,0,0,0,0,0,0,0,0,0,0,-0.347083701344673,0,,,2,11,0,0,0,0,0.348681854200549,0,40,74,429,0,0,0,0,0,24,11.2567939269728,1,0.0,0.134790528233151,,,0,46.0,86.0
1999,REG+POST,00-0013728,,Jay Riemersma,TE,TE,,15,BUF,0,0,0,0,0,0,0,0,0,0,0,0,,0,,,0,0,0,0,0,0,,0,37,66,496,4,0,0,0,25,25,10.473410687539,0,0.0,0.139240506329114,,,0,73.6,110.6
1999,REG+POST,00-0013770,,Andre Rison,WR,WR,,15,KC,0,0,0,0,0,0,0,0,0,0,0,0,,0,,,0,0,0,0,0,0,,0,21,45,218,0,0,0,0,0,11,-2.93880006232349,0,0.0,0.0984682713347921,,,0,21.8,42.8
1999,REG+POST,00-0013773,,Jon Ritchie,FB,RB,,16,LV,0,0,0,0,0,0,0,0,0,0,0,0,,0,,,5,12,0,0,0,4,-0.534667847328819,0,45,61,408,1,0,0,0,14,23,18.001049831917,0,0.0,0.121031746031746,,,0,48.0,93.0
1999,REG+POST,00-0013785,,Ron Rivers,RB,RB,,8,DET,0,0,0,0,0,0,0,0,0,0,0,0,,0,,,83,301,0,0,0,15,-12.1769558961969,0,26,28,197,2,0,0,0,0,10,10.3862699685852,0,0.0,0.12280701754386,,,0,61.8,87.8
1999,REG+POST,00-0013792,,Michael Roan,TE,TE,,9,TEN,0,0,0,0,0,0,0,0,0,0,0,0,,0,,,0,0,0,0,0,0,,0,9,20,93,3,0,0,0,0,6,-0.363156849910527,0,0.0,0.0675675675675676,,,0,27.3,36.3
1999,REG+POST,00-0013850,,Damien Robinson,FS,DB,,1,TB,0,0,0,0,0,0,0,0,0,0,0,0,,0,,,0,0,0,0,0,0,,0,1,1,17,0,0,0,0,0,1,3.46853672235739,0,0.0,0.032258064516129,,,0,1.7,2.7
1999,REG+POST,00-0013872,,Jeff Robinson,LS,SPEC,,9,LA,0,0,0,0,0,0,0,0,0,0,0,0,,0,,,0,0,0,0,0,0,,0,8,13,100,3,0,0,0,0,6,1.66836598416558,0,0.0,0.0415335463258786,,,0,28.0,36.0
1999,REG+POST,00-0013888,,Marcus Robinson,WR,WR,,16,CHI,0,0,0,0,0,0,0,0,0,0,0,0,,0,,,0,0,0,0,0,0,,0,83,148,1389,9,0,0,0,185,55,62.5543633489118,0,0.0,0.222556390977444,,,0,192.9,275.9
1999,REG+POST,00-0013958,,Charlie Rogers,RB,RB,,2,SEA,0,0,0,0,0,0,0,0,0,0,0,0,,0,,,0,0,0,0,0,0,,0,0,0,0,0,0,0,0,0,0,,0,,,,,2,12.0,12.0
1999,REG+POST,00-0014071,,Allen Rossum,DB,DB,,1,PHI,0,0,0,0,0,0,0,0,0,0,0,0,,0,,,0,0,0,0,0,0,,0,0,0,0,0,0,0,0,0,0,,0,,,,,1,6.0,6.0
1999,REG+POST,00-0014083,,Tom Rouen,P,SPEC,,1,DEN,0,0,0,0,0,0,0,0,0,0,0,0,,0,,,1,0,0,1,0,0,-0.913258016982581,0,0,0,0,0,0,0,0,0,0,,0,,,,,0,0.0,0.0
1999,REG+POST,00-0014115,,Mark Royals,P,SPEC,,2,TB,1,2,17,0,0,0,0,0,0,0,0,1,1.24652979103848,0,0.0,,0,0,0,0,0,0,,0,0,0,0,0,0,0,0,0,0,,0,,,,,0,0.68,0.68
1999,REG+POST,00-0014211,,Rod Rutledge,TE,TE,,9,NE,0,0,0,0,0,0,0,0,0,0,0,0,,0,,,0,0,0,0,0,0,,0,7,12,66,0,1,0,0,0,3,1.34078680293169,0,0.0,0.0390879478827362,,,0,6.6,13.6
1999,REG+POST,00-0014256,,Rashaan Salaam,RB,RB,,1,CLE,0,0,0,0,0,0,0,0,0,0,0,0,,0,,,1,2,0,0,0,0,-0.109884355770191,0,0,0,0,0,0,0,0,0,0,,0,,,,,0,0.2,0.2
1999,REG+POST,00-0014319,,Chris Sanders,WR,WR,,19,TEN,0,0,0,0,0,0,0,0,0,0,0,0,,0,,,0,0,0,0,0,0,,0,22,54,363,1,0,0,0,4,13,-0.435285259620287,0,0.0,0.0915254237288136,,,0,42.3,64.3
1999,REG+POST,00-0014324,,Deion Sanders,CB,DB,,5,DAL,0,1,0,0,0,0,0,0,0,0,0,0,-0.399638631846756,0,,,0,0,0,0,0,0,,0,4,9,24,0,0,0,0,0,1,-6.5282222820744,0,0.0,0.0857142857142857,,,1,8.4,12.4
1999,REG+POST,00-0014328,,Frank Sanders,WR,WR,,16,ARI,0,1,0,0,0,0,0,0,0,0,0,0,-1.06277849967591,0,,,0,0,0,0,0,0,,0,79,152,954,1,2,2,0,0,56,3.23935859837896,0,0.0,0.283054003724395,,,0,97.4,176.4
1999,REG+POST,00-0014350,,O.J. Santiago,TE,TE,,10,ATL,0,0,0,0,0,0,0,0,0,0,0,0,,0,,,0,0,0,0,0,0,,0,15,30,174,0,0,0,0,0,8,1.3780266566306,0,0.0,0.0898203592814371,,,0,17.4,32.4
1999,REG+POST,00-0014377,,Todd Sauerbrun,P,SPEC,,1,CHI,0,0,0,0,0,0,0,0,0,0,0,0,,0,,,1,-2,0,1,1,0,-7.29931263963226,0,0,0,0,0,0,0,0,0,0,,0,,,,,0,-2.2,-2.2
1999,REG+POST,00-0014450,,Cory Schlesinger,RB,RB,,17,DET,0,0,0,0,0,0,0,0,0,0,0,0,,0,,,49,144,0,3,1,10,-20.9476950655226,0,21,34,151,1,1,0,0,0,6,-2.19805538101355,0,0.0,0.0693877551020408,,,0,33.5,54.5
1999,REG+POST,00-0014489,,Bill Schroeder,WR,WR,,16,GB,0,0,0,0,0,0,0,0,0,0,0,0,,0,,,0,0,0,0,0,0,,0,74,123,1051,5,3,1,0,0,52,42.7729756078975,0,0.0,0.212068965517241,,,0,133.1,207.1
1999,REG+POST,00-0014544,,Darnay Scott,WR,WR,,16,CIN,0,0,0,0,0,0,0,0,0,0,0,0,,0,,,0,0,0,0,0,0,,0,67,121,1012,6,0,0,0,0,45,41.9181343619641,0,0.0,0.231357552581262,,,0,137.2,204.2
1999,REG+POST,00-0014619,,Junior Seau,LB,LB,,4,LAC,0,0,0,0,0,0,0,0,0,0,0,0,,0,,,0,0,0,0,0,0,,0,2,4,8,0,0,0,0,0,0,-0.539707406773232,0,0.0,0.0273972602739726,,,0,0.8,2.8
1999,REG+POST,00-0014655,,Mike Sellers,TE,TE,,8,WAS,0,0,0,0,0,0,0,0,0,0,0,0,,0,,,0,0,0,0,0,0,,0,7,12,105,2,1,0,0,0,4,2.4646521161194,0,0.0,0.0422535211267606,,,0,22.5,29.5
1999,REG+POST,00-0014722,,Shannon Sharpe,TE,TE,,5,DEN,0,0,0,0,0,0,0,0,0,0,0,0,,0,,,0,0,0,0,0,0,,0,23,37,224,0,0,0,0,9,9,-9.04796909337165,0,0.0,0.234177215189873,,,0,22.4,45.4
1999,REG+POST,00-0014729,,Bobby Shaw,WR,WR,,9,PIT,0,0,0,0,0,0,0,0,0,0,0,0,,0,,,0,0,0,0,0,0,,0,27,42,376,3,0,0,0,0,17,21.5064072806791,0,0.0,0.13166144200627,,,0,55.6,82.6
1999,REG+POST,00-0014733,,Harold Shaw,FB,RB,,2,NE,0,0,0,0,0,0,0,0,0,0,0,0,,0,,,9,23,0,0,0,2,-2.56184249627404,0,2,3,31,0,0,0,0,0,1,1.43346370081417,0,0.0,0.15,,,0,5.4,7.4
1999,REG+POST,00-0014742,,Sedrick Shaw,RB,RB,,3,CIN,0,0,0,0,0,0,0,0,0,0,0,0,,0,,,7,22,1,0,0,3,1.57375532959122,0,3,3,4,0,1,0,0,0,0,-1.78088706429116,0,0.0,0.0652173913043478,,,0,8.6,11.6
1999,REG+POST,00-0014753,,Kenny Shedd,WR,WR,,2,LV,0,0,0,0,0,0,0,0,0,0,0,0,,0,,,0,0,0,0,0,0,,0,0,2,0,0,0,0,0,0,0,-1.27487431769259,0,,0.0285714285714286,,,1,6.0,6.0
1999,REG+POST,00-0014759,,Rashaan Shehee,RB,RB,,8,KC,0,0,0,0,0,0,0,0,0,0,0,0,,0,,,65,238,1,0,0,11,-14.4111814543816,0,18,21,136,0,1,1,0,0,5,-3.68437330332488,0,0.0,0.105,,,0,41.4,59.4
1999,REG+POST,00-0014775,,Daimon Shelton,FB,RB,,11,JAX,0,0,0,0,0,0,0,0,0,0,0,0,,0,,,1,2,0,0,0,0,-0.272924412740394,0,13,17,99,0,0,0,0,0,5,2.71536437881878,0,0.0,0.0512048192771084,,,0,10.1,23.1
1999,REG+POST,00-0014790,,Leslie Shepherd,WR,WR,,9,CLE,0,0,0,0,0,0,0,0,0,0,0,0,,0,,,1,5,0,0,0,1,1.11997627560049,0,23,57,274,0,0,0,0,0,13,-15.0155014714258,0,0.0,0.241525423728814,,,0,27.9,50.9
1999,REG+POST,00-0014809,,Paul Shields,RB,RB,,6,IND,0,0,0,0,0,0,0,0,0,0,0,0,,0,,,0,0,0,0,0,0,,0,4,8,37,0,0,0,0,0,2,-0.563337037106976,0,0.0,0.0421052631578947,,,0,3.7,7.7
1999,REG+POST,00-0014918,,Tony Simmons,WR,WR,,10,NE,0,0,0,0,0,0,0,0,0,0,0,0,,0,,,0,0,0,0,0,0,,0,19,33,276,2,0,0,0,0,10,3.98378069724317,0,0.0,0.0988023952095808,,,0,39.6,58.6
1999,REG+POST,00-0015048,,David Sloan,TE,TE,,17,DET,0,0,0,0,0,0,0,0,0,0,0,0,,0,,,0,0,0,0,0,0,,0,48,81,615,4,0,0,0,35,28,22.8629090150568,0,0.0,0.140138408304498,,,0,85.5,133.5
1999,REG+POST,00-0015053,,Scott Slutzker,TE,TE,,7,NO,0,0,0,0,0,0,0,0,0,0,0,0,,0,,,0,0,0,0,0,0,,0,11,18,164,1,1,0,0,22,7,2.08837077371163,0,0.0,0.0833333333333333,,,0,22.4,33.4
1999,REG+POST,00-0015063,,Torrance Small,WR,WR,,15,PHI,0,2,0,0,0,0,0,0,0,0,0,0,-0.642124126548879,0,,,0,0,0,0,0,0,,0,48,98,636,4,0,0,0,2,29,-10.6839640029357,0,0.0,0.230588235294118,,,0,87.6,135.6
1999,REG+POST,00-0015082,,Akili Smith,QB,QB,,7,CIN,79,150,793,2,6,19,110,2,0,0,0,34,-40.4730523009773,0,0.0,0.0247700778660681,18,105,1,2,0,6,2.24910931664635,0,1,1,6,0,0,0,0,0,1,1.24674361234065,0,0.0,0.0294117647058824,,,0,44.82,45.82
1999,REG+POST,00-0015091,,Antowain Smith,RB,RB,,15,BUF,0,0,0,0,0,0,0,0,0,0,0,0,,0,,,178,681,8,4,2,30,-14.3549839139231,0,2,2,32,0,0,0,0,0,2,3.06948262464721,0,0.0,0.0350877192982456,,,0,115.3,117.3
1999,REG+POST,00-0015152,,Detron Smith,RB,RB,,2,DEN,0,0,0,0,0,0,0,0,0,0,0,0,,0,,,1,7,0,0,0,0,0.178926044027321,0,4,5,23,0,0,0,0,0,2,3.11304020544048,0,0.0,0.0746268656716418,,,0,3.0,7.0
1999,REG+POST,00-0015161,,Ed Smith,TE,TE,,2,PHI,0,0,0,0,0,0,0,0,0,0,0,0,,0,,,0,0,0,0,0,0,,0,0,2,0,0,0,0,0,0,0,-1.8601005780899,0,,0.0408163265306122,,,0,0.0,0.0
1999,REG+POST,00-0015165,,Emmitt Smith,RB,RB,,16,DAL,0,0,0,0,0,0,0,0,0,0,0,0,,0,,,341,1491,12,4,2,87,-5.69090704120811,0,28,34,133,2,1,1,0,0,5,-6.05299513379578,0,0.0,0.081145584725537,,,0,240.4,268.4
1999,REG+POST,00-0015195,,Irv Smith,TE,TE,,11,CLE,0,0,0,0,0,0,0,0,0,0,0,0,,0,,,0,0,0,0,0,0,,0,24,42,222,1,0,0,0,0,13,4.40772397600813,0,0.0,0.118980169971671,,,0,28.2,52.2
1999,REG+POST,00-0015218,,Jimmy Smith,WR,WR,,18,JAX,0,0,0,0,0,0,0,0,0,0,0,0,,0,,,0,0,0,0,0,0,,0,126,200,1864,8,1,1,0,0,94,100.266660935299,1,0.0,0.344827586206897,,,0,234.4,360.4
1999,REG+POST,00-0015242,,Lamar Smith,RB,RB,,13,NO,0,1,0,0,0,0,0,0,0,0,0,0,-1.33689948404208,0,,,60,205,0,1,0,13,-12.3737386940331,0,20,30,151,1,0,0,0,20,9,-4.36824749765388,0,0.0,0.0882352941176471,,,0,41.6,61.6
1999,REG+POST,00-0015286,,Robert Smith,RB,RB,,15,MIN,0,0,0,0,0,0,0,0,0,0,0,0,,0,,,268,1214,2,1,1,50,-16.4002181185351,0,34,41,256,1,0,0,0,0,10,6.55679098248947,0,0.0,0.0966981132075472,,,0,163.0,197.0
1999,REG+POST,00-0015290,,Rod Smith,WR,WR,,15,DEN,0,1,0,0,0,0,0,0,0,0,0,0,-0.68262296449393,0,,,0,0,0,0,0,0,,0,77,134,1004,4,1,1,0,0,47,24.7514511634531,0,0.0,0.269076305220884,,,0,122.4,199.4
1999,REG+POST,00-0015331,,Troy Smith,WR,WR,,1,PHI,0,0,0,0,0,0,0,0,0,0,0,0,,0,,,0,0,0,0,0,0,,0,1,1,14,0,0,0,0,0,1,2.22085157339461,0,0.0,0.0384615384615385,,,0,1.4,2.4
1999,REG+POST,00-0015420,,Jerald Sowell,FB,RB,,2,NYJ,0,1,0,0,0,0,0,0,0,0,0,0,-0.401073181070387,0,,,3,5,0,0,0,1,-2.67814346862724,0,0,0,0,0,0,0,0,0,0,,0,,,,,0,0.5,0.5
1999,REG+POST,00-0015452,,Blake Spence,TE,TE,,4,NYJ,0,0,0,0,0,0,0,0,0,0,0,0,,0,,,0,0,0,0,0,0,,0,3,6,15,1,0,0,0,0,1,0.0736958561475598,0,0.0,0.0495867768595041,,,0,7.5,10.5
1999,REG+POST,00-0015507,,Brian Stablein,WR,WR,,12,DET,0,0,0,0,0,0,0,0,0,0,0,0,,0,,,0,0,0,0,0,0,,0,13,28,147,1,0,0,0,0,9,-10.511466950113,1,0.0,0.0708860759493671,,,0,22.7,35.7
1999,REG+POST,00-0015523,,Duce Staley,RB,RB,,16,PHI,0,0,0,0,0,1,8,0,0,0,0,0,-1.83546337287407,0,,,324,1257,4,5,4,49,-42.7592152548605,0,41,65,294,2,0,0,0,44,19,-1.08268024657558,0,0.0,0.150115473441109,,,0,183.1,224.1
1999,REG+POST,00-0015550,,Chad Stanley,P,SPEC,,1,SF,0,0,0,0,0,0,0,0,0,0,0,0,,0,,,1,0,0,0,0,0,-3.1725380012067,0,0,0,0,0,0,0,0,0,0,,0,,,,,0,0.0,0.0
1999,REG+POST,00-0015627,,Steve Stenstrom,QB,QB,,6,SF,54,99,536,0,3,10,66,2,0,0,0,22,-37.3363568039288,0,0.0,0.0305580801532328,3,15,0,1,0,0,-0.907399684772827,0,1,1,9,0,0,0,0,0,0,-1.13106884801527,0,0.0,0.03125,,,0,17.84,18.84
1999,REG+POST,00-0015655,,Tremayne Stephens,RB,RB,,9,LAC,0,0,0,0,0,0,0,0,0,0,0,0,,0,,,24,61,3,1,1,6,0.84994070767425,0,18,23,133,1,0,0,0,0,6,3.26119714173321,0,0.0,0.0855018587360595,,,0,41.4,59.4
1999,REG+POST,00-0015698,,James Stewart,RB,RB,,16,JAX,0,0,0,0,0,0,0,0,0,0,0,0,,0,,,259,1014,15,4,3,55,-6.77445477081832,0,21,27,108,0,0,0,0,8,4,-3.45590020909334,0,0.0,0.0818181818181818,,,0,196.2,217.2
1999,REG+POST,00-0015700,,Kordell Stewart,QB,QB,,15,PIT,159,272,1422,6,10,22,131,3,0,0,0,79,-58.6471104279901,0,0.0,0.0239598444232125,55,256,2,1,1,11,-2.07023938563785,0,9,16,113,1,0,0,0,0,6,5.19891130791272,0,0.0,0.110344827586207,,,0,113.78,122.78
1999,REG+POST,00-0015723,,Bryan Still,WR,WR,,5,ATL,0,0,0,0,0,0,0,0,0,0,0,0,,0,,,0,0,0,0,0,0,,0,10,25,110,0,0,0,0,0,7,-7.67354599471944,0,0.0,0.172413793103448,,,0,11.0,21.0
1999,REG+POST,00-0015751,,J.J. Stokes,WR,WR,,16,SF,0,0,0,0,0,0,0,0,0,0,0,0,,0,,,0,0,0,0,0,0,,0,34,77,429,3,1,0,0,30,20,-24.1386388805742,1,0.0,0.142066420664207,,,0,62.9,96.9
1999,REG+POST,00-0015754,,Brandon Stokley,WR,WR,,1,BAL,0,0,0,0,0,0,0,0,0,0,0,0,,0,,,0,0,0,0,0,0,,0,0,3,0,0,0,0,0,0,0,-3.50390138296643,0,,0.0612244897959184,,,0,0.0,0.0
1999,REG+POST,00-0015759,,Dwight Stone,WR,WR,,5,NYJ,0,0,0,0,0,0,0,0,0,0,0,0,,0,,,2,27,0,0,0,1,0.753218783996999,0,0,5,0,0,0,0,0,0,0,-2.98221206619209,0,,0.054945054945055,,,0,2.7,2.7
1999,REG+POST,00-0015811,,Tai Streets,WR,WR,,1,SF,0,0,0,0,0,0,0,0,0,0,0,0,,0,,,0,0,0,0,0,0,,0,2,3,25,0,0,0,0,0,2,3.77151831198717,0,0.0,0.09375,,,0,2.5,4.5
1999,REG+POST,00-0015830,,Mack Strong,FB,RB,,4,SEA,0,0,0,0,0,0,0,0,0,0,0,0,,0,,,1,0,0,0,0,0,-0.551313157891855,0,1,3,5,0,0,0,0,0,0,-1.65852656995412,0,0.0,0.0285714285714286,,,0,0.5,1.5
1999,REG+POST,00-0015962,,Jim Sweeney,C,OL,,1,PIT,0,0,0,0,0,0,0,0,0,0,0,0,,0,,,0,0,0,0,0,0,,0,0,1,0,0,0,0,0,0,0,-0.319883604417555,0,,0.0263157894736842,,,0,0.0,0.0
1999,REG+POST,00-0016061,,Robert Tate,DB,DB,,4,MIN,0,0,0,0,0,0,0,0,0,0,0,0,,0,,,1,4,0,0,0,0,-0.0516206379979849,0,1,2,3,0,0,0,0,0,0,-0.806408175529214,0,0.0,0.0303030303030303,,,1,6.7,7.7
1999,REG+POST,00-0016098,,Fred Taylor,RB,RB,,12,JAX,0,0,0,0,0,0,0,0,0,0,0,0,,0,,,196,977,7,0,0,47,-0.657593577470919,0,13,19,138,1,0,0,0,0,6,4.07671115349496,0,0.0,0.0575757575757576,,,0,159.5,172.5
1999,REG+POST,00-0016193,,Vinny Testaverde,QB,QB,,1,NYJ,10,15,96,1,1,0,0,0,0,0,0,6,4.69997742178384,0,0.0,0.16039410357441,0,0,0,0,0,0,,0,0,0,0,0,0,0,0,0,0,,0,,,,,0,5.84,5.84
1999,REG+POST,00-0016214,,Yancey Thigpen,WR,WR,,13,TEN,0,0,0,0,0,0,0,0,0,0,0,0,,0,,,0,0,0,0,0,0,,0,44,83,691,5,1,1,0,0,32,25.7807700228704,0,0.0,0.209068010075567,,,0,97.1,141.1
1999,REG+POST,00-0016232,,Chris Thomas,WR,WR,,1,LA,0,0,0,0,0,0,0,0,0,0,0,0,,0,,,0,0,0,0,0,0,,0,1,1,6,0,0,0,0,0,0,0.306056426547002,0,0.0,0.027027027027027,,,0,0.6,1.6
1999,REG+POST,00-0016296,,Mark Thomas,TE,TE,,1,NYG,0,0,0,0,0,0,0,0,0,0,0,0,,0,,,0,0,0,0,0,0,,0,0,1,0,0,0,0,0,0,0,-1.40536380012054,0,,0.0222222222222222,,,0,0.0,0.0
1999,REG+POST,00-0016316,,Robert Thomas,FB,RB,,11,DAL,0,0,0,0,0,0,0,0,0,0,0,0,,0,,,8,35,0,0,0,3,0.241548080754001,0,11,21,58,0,1,1,0,0,1,-10.8770329541167,0,0.0,0.0623145400593472,,,0,7.3,18.3
1999,REG+POST,00-0016321,,Rodney Thomas,RB,RB,,15,TEN,0,0,0,0,0,0,0,0,0,0,0,0,,0,,,47,178,1,0,0,10,-4.75448209402384,0,8,10,67,0,0,0,0,0,3,0.116345073038246,0,0.0,0.0380228136882129,,,0,30.5,38.5
1999,REG+POST,00-0016331,,Thurman Thomas,RB,RB,,5,BUF,0,0,0,0,0,0,0,0,0,0,0,0,,0,,,41,162,0,0,0,10,-6.71909209600767,0,3,5,37,1,0,0,0,0,2,3.93396859860513,0,0.0,0.036231884057971,,,0,25.9,28.9
1999,REG+POST,00-0016347,,Jeff Thomason,TE,TE,,10,GB,0,0,0,0,0,0,0,0,0,0,0,0,,0,,,0,0,0,0,0,0,,0,14,20,140,2,0,0,0,0,10,6.80101752484916,0,0.0,0.051948051948052,,,0,26.0,40.0
1999,REG+POST,00-0016440,,James Thrash,WR,WR,,6,WAS,0,0,0,0,0,0,0,0,0,0,0,0,,0,,,2,38,0,0,0,1,1.37470890406985,0,3,8,44,0,0,0,0,0,3,-1.00257448260259,0,0.0,0.0487804878048781,,,1,14.2,17.2
1999,REG+POST,00-0016479,,Pat Tillman,SS,DB,,1,ARI,0,0,0,0,0,0,0,0,0,0,0,0,,0,,,1,4,0,0,0,1,2.38242483604699,0,0,0,0,0,0,0,0,0,0,,0,,,,,0,0.4,0.4
1999,REG+POST,00-0016534,,Billy Joe Tolliver,QB,QB,,10,NO,137,261,1897,7,13,19,152,0,0,0,0,83,-20.23742993473,3,0.0,0.0321681683213497,24,135,3,3,1,12,4.48135101608932,0,0,0,0,0,0,0,0,0,0,,0,,,,,0,113.38,113.38
1999,REG+POST,00-0016538,,Mike Tomczak,QB,QB,,9,PIT,137,255,1596,12,8,15,104,2,1,0,0,76,-2.75216779893889,1,0.0,0.0535846345503543,16,19,0,1,1,3,-6.50294779823162,0,0,0,0,0,0,0,0,0,0,,0,,,,,0,95.74,95.74
1999,REG+POST,00-0016550,,Amani Toomer,WR,WR,,16,NYG,0,0,0,0,0,0,0,0,0,0,0,0,,0,,,1,4,0,0,0,0,0.0021540571469813,0,79,135,1183,6,0,0,0,0,51,59.8677410559612,0,0.0,0.230769230769231,,,0,154.7,233.7
1999,REG+POST,00-0016654,,Jason Tucker,WR,WR,,15,DAL,0,0,0,0,0,0,0,0,0,0,0,0,,0,,,1,8,0,0,0,0,-0.36691275780322,0,26,50,489,2,1,1,0,0,22,16.973656082067,0,0.0,0.108695652173913,,,0,59.7,85.7
1999,REG+POST,00-0016660,,Ryan Tucker,G,OL,,2,LA,0,0,0,0,0,0,0,0,0,0,0,0,,0,,,0,0,0,0,0,0,,0,2,2,3,2,0,0,0,0,2,2.66267741774209,0,0.0,0.027027027027027,,,0,12.3,14.3
1999,REG+POST,00-0016677,,Jerame Tuman,TE,TE,,1,PIT,0,0,0,0,0,0,0,0,0,0,0,0,,0,,,0,0,0,0,0,0,,0,0,1,0,0,0,0,0,0,0,-0.47251861076802,0,,0.03125,,,0,0.0,0.0
1999,REG+POST,00-0016683,,Tom Tupa,P,SPEC,,2,NYJ,6,11,165,2,0,3,30,1,1,0,0,4,0.123592112329789,0,0.0,0.0474983375120161,2,8,0,0,0,0,-2.5204293562565,0,0,0,0,0,0,0,0,0,0,,0,,,,,0,13.4,13.4
1999,REG+POST,00-0016723,,Kevin Turner,FB,RB,,7,PHI,0,0,0,0,0,0,0,0,0,0,0,0,,0,,,6,15,0,0,0,1,-0.351757437980268,0,9,14,46,0,1,0,0,0,3,-1.53226162990959,0,0.0,0.0853658536585366,,,0,6.1,15.1
1999,REG+POST,00-0016811,,Iheanyi Uwaezuoke,WR,WR,,3,DET,0,0,0,0,0,0,0,0,0,0,0,0,,0,,,0,0,0,0,0,0,,0,2,3,10,0,0,0,0,0,1,0.0234688595519401,0,0.0,0.0277777777777778,,,0,1.0,3.0
1999,REG+POST,00-0016821,,Alex Van Dyke,WR,WR,,1,PHI,0,0,0,0,0,0,0,0,0,0,0,0,,0,,,0,0,0,0,0,0,,0,0,2,0,0,0,0,0,0,0,-2.29528578883037,0,,0.1,,,0,0.0,0.0
1999,REG+POST,00-0016837,,Tamarick Vanover,WR,WR,,2,KC,0,0,0,0,0,0,0,0,0,0,0,0,,0,,,0,0,0,0,0,0,,0,0,0,0,0,0,0,0,0,0,,0,,,,,2,12.0,12.0
1999,REG+POST,00-0016838,,Alex Van Pelt,QB,QB,,1,BUF,1,1,9,0,0,0,0,0,0,0,0,1,-0.153715878492221,0,0.0,,1,-1,0,0,0,0,0.0,0,0,0,0,0,0,0,0,0,0,,0,,,,,0,0.26,0.26
1999,REG+POST,00-0016842,,Tommy Vardell,FB,RB,,5,SF,0,0,0,0,0,0,0,0,0,0,0,0,,0,,,6,6,1,0,0,2,-1.273344980611,0,7,11,36,0,0,0,0,0,1,-3.57453299540794,0,0.0,0.0683229813664596,,,0,10.2,17.2
1999,REG+POST,00-0017027,,Derrick Walker,TE,TE,,6,LV,0,0,0,0,0,0,0,0,0,0,0,0,,0,,,0,0,0,0,0,0,,0,7,9,71,1,1,1,0,9,4,-2.77377897244878,0,0.0,0.0517241379310345,,,0,11.1,18.1
1999,REG+POST,00-0017109,,Wesley Walls,TE,TE,,16,CAR,0,0,0,0,0,0,0,0,0,0,0,0,,0,,,0,0,0,0,0,0,,0,63,108,822,12,1,1,0,28,47,42.8279354698515,0,0.0,0.193202146690519,,,0,152.2,215.2
1999,REG+POST,00-0017110,,Chris Walsh,WR,WR,,3,MIN,0,0,0,0,0,0,0,0,0,0,0,0,,0,,,0,0,0,0,0,0,,0,2,3,24,1,0,0,0,0,1,3.62150613439735,0,0.0,0.0285714285714286,,,0,8.4,10.4
1999,REG+POST,00-0017121,,Steve Walsh,QB,QB,,2,IND,7,13,47,0,2,0,0,0,0,0,0,2,-12.5659465556382,0,0.0,0.0519846518102735,0,0,0,0,0,0,,0,0,0,0,0,0,0,0,0,0,,0,,,,,0,-2.12,-2.12
1999,REG+POST,00-0017160,,Dedric Ward,WR,WR,,16,NYJ,0,0,0,0,0,0,0,0,0,0,0,0,,0,,,0,0,0,0,0,0,,0,22,54,325,3,0,0,0,0,16,-0.769109499841176,0,0.0,0.118421052631579,,,0,50.5,72.5
1999,REG+POST,00-0017162,,Hines Ward,WR,WR,,16,PIT,0,0,0,0,0,0,0,0,0,0,0,0,,0,,,2,-2,0,0,0,0,-1.30796550260857,0,60,100,596,7,1,0,0,32,30,20.1197551761221,1,0.0,0.192307692307692,,,0,103.4,163.4
1999,REG+POST,00-0017200,,Kurt Warner,QB,QB,,18,LA,368,569,4979,46,15,29,200,6,2,0,0,228,206.696233597964,1,0.0,0.166522364771468,27,92,1,5,3,6,-10.8674805440928,0,0,0,0,0,0,0,0,0,0,,0,,,,,0,360.36,360.36
1999,REG+POST,00-0017209,,Chris Warren,RB,RB,,16,DAL,0,0,0,0,0,0,0,0,0,0,0,0,,0,,,99,411,2,4,3,27,-16.4656394269809,0,35,49,228,0,0,0,0,0,10,-0.0588721811499751,0,0.0,0.100204498977505,,,0,69.9,104.9
1999,REG+POST,00-0017218,,Lamont Warren,RB,RB,,16,NE,0,0,0,0,0,1,7,0,0,0,0,0,-2.04928841278888,0,,,35,120,0,0,0,5,-4.49004587432361,0,29,48,262,1,0,0,0,0,15,-5.15454519249118,0,0.0,0.0930232558139535,,,0,44.2,73.2
1999,REG+POST,00-0017299,,Chris Watson,DB,DB,,1,DEN,0,0,0,0,0,0,0,0,0,0,0,0,,0,,,0,0,0,0,0,0,,0,0,0,0,0,0,0,0,0,0,,0,,,,,1,6.0,6.0
1999,REG+POST,00-0017301,,Edwin Watson,RB,RB,,2,PHI,0,0,0,0,0,0,0,0,0,0,0,0,,0,,,4,17,0,0,0,0,-1.01552381459624,0,0,0,0,0,0,0,0,0,0,,0,,,,,0,1.7,1.7
1999,REG+POST,00-0017303,,Justin Watson,RB,RB,,6,LA,0,0,0,0,0,0,0,0,0,0,0,0,,0,,,46,174,0,2,1,8,-11.0045975145185,0,0,5,0,0,0,0,0,0,0,-2.65785576396251,0,,0.0446428571428571,,,0,15.4,15.4
1999,REG+POST,00-0017322,,Ricky Watters,RB,RB,,17,SEA,0,0,0,0,0,0,0,0,0,0,0,0,,0,,,342,1238,5,3,3,49,-60.044707668336,0,40,63,388,2,1,1,0,0,17,-2.79551329483409,0,0.0,0.119771863117871,,,0,196.6,236.6
1999,REG+POST,00-0017337,,Charles Way,FB,RB,,11,NYG,0,0,0,0,0,0,0,0,0,0,0,0,,0,,,49,141,2,0,0,10,-6.83068318822188,0,11,20,59,0,0,0,0,0,2,-14.9474824921926,0,0.0,0.066006600660066,,,0,32.0,43.0
1999,REG+POST,00-0017356,,Jed Weaver,TE,TE,,13,PHI,0,0,0,0,0,0,0,0,0,0,0,0,,0,,,0,0,0,0,0,0,,0,11,28,91,0,0,0,0,11,4,-6.98838914094276,1,0.0,0.0750670241286863,,,0,11.1,22.1
1999,REG+POST,00-0017415,,Casey Weldon,QB,QB,,2,WAS,0,0,0,0,0,0,0,0,0,0,0,0,,0,,,5,-4,0,1,0,0,-1.42583565437235,0,0,0,0,0,0,0,0,0,0,,0,,,,,0,-0.4,-0.4
1999,REG+POST,00-0017421,,Dean Wells,LB,LB,,1,PHI,0,0,0,0,0,0,0,0,0,0,0,0,,0,,,0,0,0,0,0,0,,0,0,1,0,0,0,0,0,0,0,-0.427045403979719,0,,0.0344827586206897,,,0,0.0,0.0
1999,REG+POST,00-0017470,,Michael Westbrook,WR,WR,,18,WAS,0,0,0,0,0,0,0,0,0,0,0,0,,0,,,7,26,0,0,0,2,-1.81815434945747,0,68,127,1217,9,2,1,0,0,49,48.109009064166,1,0.0,0.220869565217391,,,0,178.3,246.3
1999,REG+POST,00-0017480,,Ryan Wetnight,TE,TE,,16,CHI,0,0,0,0,0,0,0,0,0,0,0,0,,0,,,0,0,0,0,0,0,,0,38,59,277,1,0,0,0,2,15,3.02148776927133,0,0.0,0.0887218045112782,,,0,33.7,71.7
1999,REG+POST,00-0017486,,Tyrone Wheatley,RB,RB,,16,LV,0,0,0,0,0,0,0,0,0,0,0,0,,0,,,238,929,8,3,3,38,-18.4261557904945,0,21,38,196,3,0,0,0,22,7,-4.67608995014591,0,0.0,0.0846325167037862,,,0,172.5,193.5
1999,REG+POST,00-0017611,,Alvis Whitted,WR,WR,,7,JAX,0,0,0,0,0,0,0,0,0,0,0,0,,0,,,1,9,0,0,0,0,0.76072782126721,0,1,7,38,1,0,0,0,0,1,-1.15620401530759,0,0.0,0.0374331550802139,,,1,16.7,17.7
1999,REG+POST,00-0017637,,Zach Wiegert,T,OL,,1,JAX,0,0,0,0,0,0,0,0,0,0,0,0,,0,,,0,0,0,0,0,0,,0,1,1,-3,0,0,0,0,0,0,-1.11254578828812,0,0.0,0.032258064516129,,,0,-0.3,0.7
1999,REG+POST,00-0017662,,Josh Wilcox,TE,TE,,4,NO,0,0,0,0,0,0,0,0,0,0,0,0,,0,,,0,0,0,0,0,0,,0,6,7,61,0,0,0,0,0,3,2.82680568099022,0,0.0,0.0614035087719298,,,0,6.1,12.1
1999,REG+POST,00-0017697,,Terrence Wilkins,WR,WR,,15,IND,0,0,0,0,0,0,0,0,0,0,0,0,,0,,,1,2,0,0,0,0,-0.313249122118577,0,44,72,580,4,2,1,0,0,26,15.7981784733848,0,0.0,0.140350877192982,,,2,92.2,136.2
1999,REG+POST,00-0017829,,Jermaine Williams,RB,RB,,2,LV,0,0,0,0,0,0,0,0,0,0,0,0,,0,,,0,0,0,0,0,0,,0,1,2,20,0,0,0,0,0,0,1.0793776231003,0,0.0,0.024390243902439,,,0,2.0,3.0
1999,REG+POST,00-0017847,,Karl Williams,WR,WR,,12,TB,0,0,0,0,0,0,0,0,0,0,0,0,,0,,,0,0,0,0,0,0,,0,23,37,198,0,0,0,0,0,11,-1.48181725833574,0,0.0,0.107558139534884,,,0,19.8,42.8
1999,REG+POST,00-0017860,,Kevin R. Williams,WR,WR,,14,BUF,0,0,0,0,0,0,0,0,0,0,0,0,,0,,,1,13,0,0,0,1,0.971376857487485,0,30,51,367,0,0,0,0,25,19,8.32282526543737,0,0.0,0.112582781456954,,,0,38.0,68.0
1999,REG+POST,00-0017892,,Moe Williams,RB,RB,,7,MIN,0,0,0,0,0,0,0,0,0,0,0,0,,0,,,24,69,1,0,0,6,-3.8576034118887,0,1,3,12,0,0,0,0,0,1,0.757492384174839,0,0.0,0.0491803278688525,,,1,20.1,21.1
1999,REG+POST,00-0017896,,Nicolas Luchey,RB,RB,,7,CIN,0,0,0,0,0,0,0,0,0,0,0,0,,0,,,10,30,0,0,0,2,-2.56113431043923,0,10,12,96,0,0,0,0,0,5,2.18644363980275,0,0.0,0.0594059405940594,,,0,12.6,22.6
1999,REG+POST,00-0017915,,Ricky Williams,RB,RB,,12,NO,0,1,0,0,0,0,0,0,0,0,0,0,-0.343731299508363,0,,,248,868,2,6,3,44,-56.9346534260258,0,28,40,172,0,0,0,0,0,8,-7.38926842848164,0,0.0,0.12779552715655,,,0,110.0,138.0
1999,REG+POST,00-0017922,,Rodney A. Williams,WR,WR,,1,LV,0,0,0,0,0,0,0,0,0,0,0,0,,0,,,0,0,0,0,0,0,,0,0,1,0,0,0,0,0,0,0,-1.14251206023619,0,,0.03125,,,0,0.0,0.0
1999,REG+POST,00-0017924,,Roland Williams,TE,TE,,15,LA,0,0,0,0,0,0,0,0,0,0,0,0,,0,,,0,0,0,0,0,0,,0,27,40,267,6,0,0,0,12,16,11.7028419829266,0,0.0,0.0770712909441233,,,0,62.7,89.7
1999,REG+POST,00-0018141,,Jon Witman,FB,RB,,13,PIT,0,0,0,0,0,0,0,0,0,0,0,0,,0,,,6,18,0,0,0,1,-0.283259577292483,0,12,22,106,0,0,0,0,0,2,-10.117877776036,0,0.0,0.0506912442396313,,,0,12.4,24.4
1999,REG+POST,00-0018227,,Charles Woodson,FS,DB,"https://static.www.nfl.com/image/private/f_auto,q_auto/league/gohbupnj3mhletq96zzu",1,LV,0,0,0,0,0,0,0,0,0,0,0,0,,0,,,0,0,0,0,0,0,,0,1,1,19,0,0,0,0,0,1,1.666839862708,0,0.0,0.0434782608695652,,,0,1.9,2.9
1999,REG+POST,00-0018333,,Danny Wuerffel,QB,QB,,4,NO,20,46,187,0,3,5,32,0,0,0,0,9,-28.2257137486961,0,0.0,0.0308642944239152,2,29,1,0,0,1,1.71934689240879,0,0,0,0,0,0,0,0,0,0,,0,,,,,0,10.38,10.38
1999,REG+POST,00-0018343,,Frank Wycheck,TE,TE,,20,TEN,1,1,61,1,0,0,0,0,0,0,0,1,5.55303599708714,0,0.0,,0,0,0,0,0,0,,0,82,126,729,2,1,1,0,5,38,9.03272540270301,0,0.0,0.204878048780488,,,0,89.34,171.34
1999,REG+POST,00-0018382,,Craig Yeast,WR,WR,,6,CIN,0,0,0,0,0,0,0,0,0,0,0,0,,0,,,2,-16,0,1,0,0,-2.78517711558379,0,3,8,20,0,0,0,0,0,1,-2.16730022412958,0,0.0,0.0579710144927536,,,2,12.4,15.4
1999,REG+POST,00-0018441,,Steve Young,QB,QB,,3,SF,45,83,446,3,4,8,63,1,1,0,0,17,-22.8052118209406,0,0.0,0.0240354264788526,10,50,0,1,0,3,-1.5412782561034,0,0,0,0,0,0,0,0,0,0,,0,,,,,0,24.84,24.84
1999,REG+POST,00-0018483,,Eric Zeier,QB,QB,,2,TB,32,54,270,0,1,5,36,1,1,0,0,12,-17.1875654988333,0,0.0,0.0253303096986462,3,7,0,0,0,1,0.375863259192556,0,0,0,0,0,0,0,0,0,0,,0,,,,,0,7.5,7.5
1999,REG+POST,00-0018501,,Amos Zereoue,RB,RB,,2,PIT,0,0,0,0,0,0,0,0,0,0,0,0,,0,,,16,42,0,0,0,3,-2.18205756060942,0,2,2,17,0,0,0,0,0,1,1.68997938721441,0,0.0,0.0285714285714286,,,0,5.9,7.9
1999,REG+POST,00-0018518,,Scott Zolak,QB,QB,,1,MIA,0,4,0,0,0,0,0,0,0,0,0,0,-3.56726503139362,0,,,2,-2,0,0,0,0,0.0,0,0,0,0,0,0,0,0,0,0,,0,,,,,0,-0.2,-0.2
1999,REG+POST,00-0018608,,Reggie Davis,TE,TE,,7,LAC,0,0,0,0,0,0,0,0,0,0,0,0,,0,,,0,0,0,0,0,0,,0,12,19,137,1,0,0,0,0,7,6.90305506950714,0,0.0,0.0722433460076046,,,0,19.7,31.7
2000,REG,00-0000003,,Abdul-Karim al-Jabbar,RB,RB,,1,IND,0,0,0,0,0,0,0,0,0,0,0,0,,0,,,1,-2,0,0,0,0,-0.549943910969887,0,0,0,0,0,0,0,0,0,0,,0,,,,,0,-0.2,-0.2
2000,REG,00-0000007,,Rabih Abdullah,RB,RB,,4,TB,0,0,0,0,0,0,0,0,0,0,0,0,,0,,,16,70,0,0,0,5,-2.82850585272779,0,2,2,14,0,0,0,0,0,1,0.297373496170621,0,0.0,0.0555555555555556,,,0,8.4,10.4
2000,REG,00-0000017,,Donnie Abraham,CB,DB,,1,TB,0,0,0,0,0,0,0,0,0,0,0,0,,0,,,0,0,0,0,0,0,,0,0,0,0,0,0,0,0,0,0,,0,,,,,1,6.0,6.0
2000,REG,00-0000098,,Louie Aguiar,P,SPEC,,1,CHI,1,1,13,0,0,0,0,0,0,0,0,1,2.74000324599911,0,0.0,,0,0,0,0,0,0,,0,0,0,0,0,0,0,0,0,0,,0,,,,,0,0.52,0.52
2000,REG,00-0000104,,Troy Aikman,QB,QB,,11,DAL,153,259,1616,7,14,13,91,2,2,0,0,81,-29.0879239994763,1,0.0,0.0287414885030673,10,13,0,0,0,5,-2.11886818316998,0,0,0,0,0,0,0,0,0,0,,0,,,,,0,63.94,63.94
2000,REG,00-0000108,,David Akers,K,SPEC,,1,PHI,0,0,0,0,0,0,0,0,0,0,0,0,,0,,,1,15,0,0,0,1,2.94720780628268,0,0,0,0,0,0,0,0,0,0,,0,,,,,0,1.5,1.5
2000,REG,00-0000145,,Derrick Alexander,WR,WR,,15,KC,0,0,0,0,0,0,0,0,0,0,0,0,,0,,,3,45,0,0,0,2,1.51860568189295,0,72,134,1265,9,0,0,0,0,51,36.4690966730591,0,0.0,0.250936329588015,,,0,185.0,257.0
2000,REG,00-0000166,,Stephen Alexander,TE,TE,,16,WAS,0,0,0,0,0,0,0,0,0,0,0,0,,0,,,0,0,0,0,0,0,,0,46,70,500,2,1,0,0,0,33,17.2620995469485,0,0.0,0.129390018484288,,,0,62.0,108.0
2000,REG,00-0000210,,James Allen,RB,RB,,16,CHI,0,0,0,0,0,0,0,0,0,0,0,0,,0,,,286,1106,2,5,4,56,-40.359270081941,0,39,60,291,1,0,0,0,0,17,-11.5845546006635,0,0.0,0.115606936416185,,,0,149.7,188.7
2000,REG,00-0000232,,Terry Allen,RB,RB,,4,NO,0,0,0,0,0,0,0,0,0,0,0,0,,0,,,46,179,2,0,0,9,-3.2511650038642,1,1,1,7,0,0,0,0,0,0,0.0353298336267471,0,0.0,0.0285714285714286,,,0,32.6,33.6
2000,REG,00-0000242,,John Allred,TE,TE,,5,CHI,0,0,0,0,0,0,0,0,0,0,0,0,,0,,,0,0,0,0,0,0,,0,9,15,109,1,0,0,0,0,5,3.99362852430204,0,0.0,0.0903614457831325,,,0,16.9,25.9
2000,REG,00-0000251,,Mike Alstott,FB,RB,,13,TB,0,1,0,0,0,0,0,0,0,0,0,0,-2.63308209856041,0,,,131,465,5,3,2,37,-15.66809283112,0,12,18,92,0,0,0,0,0,3,0.0598033166024834,0,0.0,0.0575079872204473,,,0,81.7,93.7
2000,REG,00-0000279,,Kimble Anders,RB,RB,,11,KC,0,0,0,0,0,0,0,0,0,0,0,0,,0,,,75,329,2,1,1,14,-10.427899975407,0,15,19,76,0,0,0,0,0,0,-1.72018344281241,0,0.0,0.0557184750733138,,,0,50.5,65.5
2000,REG,00-0000316,,Jamal Anderson,RB,RB,,16,ATL,0,0,0,0,0,0,0,0,0,0,0,0,,0,,,280,1013,6,6,4,53,-47.4677698211375,1,41,56,375,0,0,0,0,0,14,-7.1375472207791,0,0.0,0.121475054229935,,,0,168.8,209.8
2000,REG,00-0000339,,Richie Anderson,FB,RB,,16,NYJ,0,0,0,0,0,0,0,0,0,0,0,0,,0,,,27,63,0,0,0,8,-6.78462179562285,0,87,122,831,2,2,2,0,0,35,11.8931314334051,0,0.0,0.198373983739837,,,0,97.4,184.4
2000,REG,00-0000387,,Reidel Anthony,WR,WR,,15,TB,0,0,0,0,0,0,0,0,0,0,0,0,,0,,,0,0,0,0,0,0,,0,15,33,232,4,0,0,0,0,13,9.82212025276695,0,0.0,0.0818858560794045,,,0,47.2,62.2
2000,REG,00-0000534,,Darnell Autry,RB,RB,,11,PHI,0,0,0,0,0,0,0,0,0,0,0,0,,0,,,110,324,3,2,1,16,-17.1637573599411,0,24,37,275,1,0,0,0,0,12,8.91714439581847,0,0.0,0.103932584269663,,,0,81.9,105.9
2000,REG,00-0000552,,Obafemi Ayanbadejo,RB,RB,,8,BAL,0,0,0,0,0,0,0,0,0,0,0,0,,0,,,15,37,1,0,0,4,-1.04262893972918,0,21,27,128,1,0,0,0,0,7,-0.620103236015099,0,0.0,0.115384615384615,,,0,28.5,49.5
2000,REG,00-0000585,,Champ Bailey,CB,DB,,4,WAS,0,0,0,0,0,0,0,0,0,0,0,0,,0,,,1,7,1,0,0,1,3.05246470251586,0,3,5,78,0,0,0,0,0,3,6.00581389086437,0,0.0,0.0384615384615385,,,0,14.5,17.5
2000,REG,00-0000598,,Karsten Bailey,WR,WR,,6,SEA,0,0,0,0,0,0,0,0,0,0,0,0,,0,,,0,0,0,0,0,0,,0,6,14,62,1,0,0,0,0,5,6.18244432317442,0,0.0,0.0721649484536082,,,0,12.2,18.2
2000,REG,00-0000722,,Tony Banks,QB,QB,,11,BAL,148,272,1538,8,8,20,152,4,0,0,0,82,-16.3243404790827,1,0.0,0.0323384381428409,19,57,0,1,0,3,-10.9616696222856,0,0,0,0,0,0,0,0,0,0,,0,,,,,0,85.22,85.22
2000,REG,00-0000745,,Tiki Barber,RB,RB,,16,NYG,0,0,0,0,0,0,0,0,0,0,0,0,,0,,,212,1007,8,5,3,38,-20.3704494329492,0,69,92,701,1,1,0,0,0,29,18.8441884183317,0,0.0,0.181102362204724,,,0,218.8,287.8
2000,REG,00-0000765,,Reggie Barlow,WR,WR,,2,JAX,0,0,0,0,0,0,0,0,0,0,0,0,,0,,,0,0,0,0,0,0,,0,1,4,28,0,0,0,0,0,1,0.273643613185096,0,0.0,0.0487804878048781,,,0,2.8,3.8
2000,REG,00-0000781,,Marlon Barnes,RB,RB,,6,CHI,0,0,0,0,0,0,0,0,0,0,0,0,,0,,,15,81,0,1,1,4,-2.47792021743953,0,1,3,7,0,0,0,0,0,0,-1.80437445919961,0,0.0,0.0483870967741936,,,0,6.8,7.8
2000,REG,00-0000865,,Charlie Batch,QB,QB,,15,DET,219,407,2469,13,14,38,226,5,3,0,0,116,-68.7672472912142,0,0.0,0.0246813350030632,44,199,2,1,0,12,0.500173915090272,0,0,0,0,0,0,0,0,0,0,,0,,,,,0,148.66,148.66
2000,REG,00-0000869,,D'Wayne Bates,WR,WR,,5,CHI,0,0,0,0,0,0,0,0,0,0,0,0,,0,,,1,-2,0,0,0,0,-0.956278136116453,0,4,7,42,0,0,0,0,0,2,-0.727651022258215,0,0.0,0.0593220338983051,,,0,4.0,8.0
2000,REG,00-0000871,,Mario Bates,RB,RB,,12,DET,0,0,0,0,0,0,0,0,0,0,0,0,,0,,,31,127,2,0,0,12,3.44786829012446,0,15,20,109,0,0,0,0,0,5,-7.32262069228423,0,0.0,0.0628930817610063,,,0,35.6,50.6
2000,REG,00-0000872,,Michael Bates,WR,WR,,7,CAR,0,0,0,0,0,0,0,0,0,0,0,0,,0,,,5,13,0,0,0,0,-2.13674490300946,0,4,7,31,0,0,0,0,0,1,-0.39895254059229,0,0.0,0.0341463414634146,,,1,10.4,14.4
2000,REG,00-0000883,,Marco Battaglia,TE,TE,,14,CIN,0,0,0,0,0,0,0,0,0,0,0,0,,0,,,0,0,0,0,0,0,,0,13,36,105,0,0,0,0,0,3,-8.12001468941987,0,0.0,0.0927835051546392,,,0,10.5,23.5
2000,REG,00-0000911,,Fred Baxter,TE,TE,,4,NYJ,0,0,0,0,0,0,0,0,0,0,0,0,,0,,,0,0,0,0,0,0,,0,4,9,22,2,0,0,0,0,2,1.5750056161196,0,0.0,0.0542168674698795,,,0,14.2,18.2
2000,REG,00-0000942,,Fred Beasley,RB,RB,,15,SF,0,0,0,0,0,0,0,0,0,0,0,0,,0,,,49,144,3,0,0,14,0.745841257361462,0,31,51,233,3,0,0,0,0,11,-7.05988516498036,0,0.0,0.101391650099404,,,0,73.7,104.7
2000,REG,00-0001098,,Brandon Bennett,RB,RB,,15,CIN,0,0,0,0,0,0,0,0,0,0,0,0,,0,,,89,322,3,1,1,17,-19.2435706923392,0,19,29,168,0,1,0,0,0,5,-2.89263969880994,0,0.0,0.0976430976430976,,,0,65.0,84.0
2000,REG,00-0001102,,Donnell Bennett,FB,RB,,6,KC,0,0,0,0,0,0,0,0,0,0,0,0,,0,,,27,24,1,0,0,7,-8.31735531571255,0,2,2,17,0,0,0,0,0,1,0.261518967803568,0,0.0,0.0540540540540541,,,0,10.1,12.1
2000,REG,00-0001157,,Mitch Berger,P,SPEC,,1,MIN,0,1,0,0,1,0,0,0,0,0,0,0,-1.97506395308301,0,,,0,0,0,0,0,0,,0,0,0,0,0,0,0,0,0,0,,0,,,,,0,-2.0,-2.0
2000,REG,00-0001215,,Jerome Bettis,RB,RB,,16,PIT,0,2,0,0,1,0,0,0,0,0,0,0,-3.80639190698275,0,,,352,1302,8,1,0,70,-8.3550100603681,0,13,19,97,0,0,0,0,0,4,3.50383735337527,0,0.0,0.063758389261745,,,0,185.9,198.9
2000,REG,00-0001218,,Steve Beuerlein,QB,QB,,16,CAR,318,524,3691,19,18,60,326,8,7,0,0,194,5.23954911910445,0,0.0,0.0660238946711482,41,97,1,1,1,10,-10.8140088673661,1,0,0,0,0,0,0,0,0,0,,0,,,,,0,189.34,189.34
2000,REG,00-0001224,,Tim Biakabutuka,RB,RB,,12,CAR,0,0,0,0,0,0,0,0,0,0,0,0,,0,,,171,635,2,1,1,29,-18.4115524841473,0,34,57,341,2,3,2,0,0,15,2.16007746407341,0,0.0,0.139024390243902,,,0,115.6,149.6
2000,REG,00-0001272,,Michael Bishop,QB,QB,,7,NE,3,9,80,1,1,0,0,0,0,0,0,3,5.51100670313463,0,0.0,0.125037322881603,7,-1,0,0,0,3,-2.05422160089412,0,0,0,0,0,0,0,0,0,0,,0,,,,,0,5.1,5.1
2000,REG,00-0001281,,Eric Bjornson,TE,TE,,8,NE,0,0,0,0,0,0,0,0,0,0,0,0,,0,,,0,0,0,0,0,0,,0,19,32,149,2,0,0,0,0,10,-0.642655047262807,0,0.0,0.118959107806691,,,0,26.9,45.9
2000,REG,00-0001317,,Will Blackwell,WR,WR,,2,PIT,0,0,0,0,0,0,0,0,0,0,0,0,,0,,,0,0,0,0,0,0,,0,2,3,23,0,0,0,0,0,1,0.648373178206384,0,0.0,0.0882352941176471,,,1,8.3,10.3
2000,REG,00-0001335,,Jeff Blake,QB,QB,,11,NO,180,296,2004,13,8,24,150,3,1,0,0,100,13.067337674299,0,0.0,0.0701304110725221,54,215,1,4,2,17,3.85461306947944,0,0,0,0,0,0,0,0,0,0,,0,,,,,0,137.66,137.66
2000,REG,00-0001361,,Drew Bledsoe,QB,QB,,16,NE,309,527,3247,17,13,45,264,3,2,0,0,162,-10.4578099130434,0,0.0,0.0537889595679809,47,158,2,6,2,14,-6.61280781210781,0,0,0,0,0,0,0,0,0,0,,0,,,,,0,191.68,191.68
2000,REG,00-0001477,,Marty Booker,WR,WR,,15,CHI,0,0,0,0,0,0,0,0,0,0,0,0,,0,,,2,-1,0,0,0,0,-1.12576287146658,0,45,72,464,2,2,1,0,0,27,2.51871142433583,0,0.0,0.148760330578512,,,0,56.3,101.3
2000,REG,00-0001532,,David Boston,WR,WR,,16,ARI,0,0,0,0,0,0,0,0,0,0,0,0,,0,,,3,9,0,1,1,1,-4.90546270180494,0,69,129,1072,6,1,0,0,0,46,36.7970481319274,0,0.0,0.241121495327103,,,0,142.1,211.1
2000,REG,00-0001627,,Corey Bradford,WR,WR,,2,GB,0,0,0,0,0,0,0,0,0,0,0,0,,0,,,0,0,0,0,0,0,,0,0,3,0,0,0,0,0,0,0,-1.85936473874873,0,,0.0441176470588235,,,0,0.0,0.0
2000,REG,00-0001661,,Kyle Brady,TE,TE,,16,JAX,0,0,0,0,0,0,0,0,0,0,0,0,,0,,,0,0,0,0,0,0,,0,64,94,729,3,0,0,0,0,39,31.8927258758922,1,0.0,0.176691729323308,,,0,92.9,156.9
2000,REG,00-0001719,,Chris Brazzell,WR,WR,,3,DAL,0,0,0,0,0,0,0,0,0,0,0,0,,0,,,0,0,0,0,0,0,,0,2,4,12,0,0,0,0,0,0,-1.32899385830387,0,0.0,0.0388349514563107,,,0,1.2,3.2
2000,REG,00-0001766,,Jeremy Brigham,TE,TE,,11,LV,0,0,0,0,0,0,0,0,0,0,0,0,,0,,,0,0,0,0,0,0,,0,13,18,107,2,0,0,0,0,8,8.12185032801438,0,0.0,0.0542168674698795,,,0,22.7,35.7
2000,REG,00-0001783,,Vincent Brisby,WR,WR,,3,NYJ,0,0,0,0,0,0,0,0,0,0,0,0,,0,,,0,0,0,0,0,0,,0,4,9,60,0,0,0,0,0,3,2.99586323666154,0,0.0,0.0849056603773585,,,0,6.0,10.0
2000,REG,00-0001785,,Bubby Brister,QB,QB,,2,MIN,10,20,82,0,1,1,6,1,0,0,0,3,-12.8224637617219,0,0.0,0.0401690681210853,5,20,0,0,0,2,-0.617221613647416,0,0,0,0,0,0,0,0,0,0,,0,,,,,0,3.28,3.28
2000,REG,00-0001823,,Aaron Brooks,QB,QB,,8,NO,111,192,1494,9,6,15,94,2,0,0,0,65,23.1586117545278,0,0.0,0.0762085104331881,41,170,2,2,1,14,-0.974008640011514,0,0,0,0,0,0,0,0,0,0,,0,,,,,0,110.76,110.76
2000,REG,00-0001842,,Macey Brooks,WR,WR,,15,CHI,0,0,0,0,0,0,0,0,0,0,0,0,,0,,,0,0,0,0,0,0,,0,26,50,216,0,0,0,0,0,8,-13.0272519068151,0,0.0,0.100200400801603,,,0,21.6,47.6
2000,REG,00-0001848,,Robert Brooks,WR,WR,,2,DEN,0,0,0,0,0,0,0,0,0,0,0,0,,0,,,0,0,0,0,0,0,,0,3,4,51,0,0,0,0,0,3,2.17836248222739,0,0.0,0.0625,,,0,5.1,8.1
2000,REG,00-0001862,,Luther Broughton,TE,TE,,9,PHI,0,0,0,0,0,0,0,0,0,0,0,0,,0,,,0,0,0,0,0,0,,0,12,18,104,0,1,0,0,0,8,-0.753817093095928,0,0.0,0.0606060606060606,,,0,10.4,22.4
2000,REG,00-0001907,,Dave Brown,QB,QB,,4,ARI,40,68,467,2,3,9,48,1,1,0,0,20,-14.6877307247066,0,0.0,0.0267261425644169,1,0,0,1,1,0,-4.36151273548603,0,0,0,0,0,0,0,0,0,0,,0,,,,,0,16.68,16.68
2000,REG,00-0002005,,Na Brown,WR,WR,,12,PHI,0,0,0,0,0,0,0,0,0,0,0,0,,0,,,0,0,0,0,0,0,,0,9,19,80,1,0,0,0,0,6,0.480181938289387,0,0.0,0.0458937198067633,,,0,14.0,23.0
2000,REG,00-0002027,,Reggie Brown,FB,RB,,3,SEA,0,0,0,0,0,0,0,0,0,0,0,0,,0,,,3,6,0,0,0,1,-0.183643226278946,0,2,4,9,0,0,0,0,0,1,-1.23972633600351,0,0.0,0.0571428571428571,,,0,1.5,3.5
2000,REG,00-0002058,,Tim Brown,WR,WR,,16,LV,0,0,0,0,0,0,0,0,0,0,0,0,,0,,,3,12,0,0,0,0,-0.282318145269528,0,73,130,1089,11,0,0,0,0,56,61.454280901369,0,0.0,0.284463894967177,,,0,176.1,249.1
2000,REG,00-0002068,,Troy Brown,WR,WR,,16,NE,0,0,0,0,0,0,0,0,0,0,0,0,,0,,,6,46,0,0,0,2,-2.01673743606079,0,83,118,944,4,1,1,0,0,45,35.0738187149547,0,0.0,0.215328467153285,,,1,127.0,210.0
2000,REG,00-0002099,,Isaac Bruce,WR,WR,,16,LA,0,0,0,0,0,0,0,0,0,0,0,0,,0,,,1,11,0,0,0,1,1.01769302110188,0,85,133,1434,9,1,1,0,0,63,54.6101036477475,0,0.0,0.231304347826087,,,0,196.5,281.5
2000,REG,00-0002102,,Mark Bruener,TE,TE,,16,PIT,0,0,0,0,0,0,0,0,0,0,0,0,,0,,,0,0,0,0,0,0,,0,17,34,192,3,0,0,0,0,11,4.34591928799637,0,0.0,0.07981220657277,,,0,37.2,54.2
2000,REG,00-0002110,,Mark Brunell,QB,QB,,16,JAX,311,512,3640,20,14,53,284,2,2,0,0,177,36.6006992222641,1,0.0,0.0680978329900166,46,214,2,5,1,11,-8.22755185276646,0,0,0,0,0,0,0,0,0,0,,0,,,,,0,227.0,227.0
2000,REG,00-0002159,,Shawn Bryson,RB,RB,,15,BUF,0,0,0,0,0,0,0,0,0,0,0,0,,0,,,154,589,0,0,0,30,-25.8560330060137,1,30,43,222,2,1,0,0,0,8,-3.23334442017448,0,0.0,0.093681917211329,,,0,95.1,125.1
2000,REG,00-0002380,,Steve Bush,RB,RB,,3,CIN,0,0,0,0,0,0,0,0,0,0,0,0,,0,,,0,0,0,0,0,0,,0,3,5,39,0,0,0,0,0,3,2.88364405278116,0,0.0,0.0531914893617021,,,0,3.9,6.9
2000,REG,00-0002459,,Kenny Bynum,RB,RB,,1,LAC,0,0,0,0,0,0,0,0,0,0,0,0,,0,,,3,9,0,0,0,0,-0.827488769777119,0,0,0,0,0,0,0,0,0,0,,0,,,,,0,0.9,0.9
2000,REG,00-0002469,,Isaac Byrd,WR,WR,,13,CAR,0,0,0,0,0,0,0,0,0,0,0,0,,0,,,0,0,0,0,0,0,,0,22,44,241,2,0,0,0,0,14,-4.17829540796827,0,0.0,0.0960698689956332,,,0,36.1,58.1
2000,REG,00-0002544,,Chris Calloway,WR,WR,,7,NE,0,0,0,0,0,0,0,0,0,0,0,0,,0,,,0,0,0,0,0,0,,0,5,10,95,0,0,0,0,0,5,4.29025251331041,0,0.0,0.0425531914893617,,,0,9.5,14.5
2000,REG,00-0002565,,Dan Campbell,TE,TE,,11,NYG,0,0,0,0,0,0,0,0,0,0,0,0,,0,,,0,0,0,0,0,0,,0,8,13,46,3,1,1,0,0,5,-4.26598430622835,0,0.0,0.0366197183098592,,,0,20.6,28.6
2000,REG,00-0002586,,Mark Campbell,TE,TE,,9,CLE,0,0,0,0,0,0,0,0,0,0,0,0,,0,,,0,0,0,0,0,0,,0,12,16,80,1,0,0,0,0,2,1.42965718614869,0,0.0,0.0653061224489796,,,0,14.0,26.0
2000,REG,00-0002709,,Dwayne Carswell,G,OL,,16,DEN,0,0,0,0,0,0,0,0,0,0,0,0,,0,,,0,0,0,0,0,0,,0,49,64,495,3,0,0,0,0,27,24.8495977125793,0,0.0,0.117863720073665,,,0,67.5,116.5
2000,REG,00-0002713,,Tony Carter,RB,RB,,15,NE,0,0,0,0,0,0,0,0,0,0,0,0,,0,,,37,90,2,0,0,10,-6.72478493090285,0,9,15,73,0,0,0,0,0,3,-3.3732696228024,0,0.0,0.0553505535055351,,,0,28.3,37.3
2000,REG,00-0002721,,Cris Carter,WR,WR,,16,MIN,0,0,0,0,0,0,0,0,0,0,0,0,,0,,,0,0,0,0,0,0,,0,96,158,1274,9,3,1,0,21,74,42.5251155832635,0,0.0,0.329853862212944,,,0,179.4,275.4
2000,REG,00-0002787,,Stoney Case,QB,QB,,5,DET,55,89,498,1,3,12,75,1,1,0,0,25,-28.8264776587489,1,0.0,0.023953162716389,16,117,1,0,0,6,8.41583523311419,0,0,0,0,0,0,0,0,0,0,,0,,,,,0,35.62,35.62
2000,REG,00-0002846,,Larry Centers,FB,RB,,15,WAS,0,0,0,0,0,0,0,0,0,0,0,0,,0,,,19,103,0,0,0,4,-3.61966908990871,0,81,94,600,3,1,0,0,0,27,3.24524207438103,0,0.0,0.179732313575526,,,0,88.3,169.3
2000,REG,00-0002861,,Byron Chamberlain,TE,TE,,9,DEN,0,0,0,0,0,0,0,0,0,0,0,0,,0,,,0,0,0,0,0,0,,0,21,31,245,1,0,0,0,0,11,-3.62406727812874,0,0.0,0.0909090909090909,,,0,30.5,51.5
2000,REG,00-0002873,,Robert Chancey,RB,RB,,2,LAC,0,1,0,0,0,0,0,0,0,0,0,0,-2.69206095952541,0,,,38,133,2,0,0,8,-2.80694803873045,0,1,2,6,0,0,0,0,0,0,-0.274918559589423,0,0.0,0.0298507462686567,,,0,25.9,26.9
2000,REG,00-0002876,,Chris Chandler,QB,QB,,14,ATL,190,328,2227,10,12,40,251,3,0,0,0,105,-59.8622536899859,0,0.0,0.0249090755553943,21,60,0,4,1,4,-6.73781181924278,0,1,1,-4,0,0,0,0,0,0,-1.10665597044863,0,0.0,0.0333333333333333,,,0,108.68,109.68
2000,REG,00-0002942,,Darrin Chiaverini,WR,WR,,6,CLE,0,0,0,0,0,0,0,0,0,0,0,0,,0,,,0,0,0,0,0,0,,0,9,22,74,1,1,1,0,0,4,-16.9725857205125,0,0.0,0.116402116402116,,,0,11.4,20.4
2000,REG,00-0002962,,Wayne Chrebet,WR,WR,,16,NYJ,0,0,0,0,0,0,0,0,0,0,0,0,,0,,,3,-3,0,0,0,1,-2.11356322834035,0,69,142,937,8,0,0,0,0,50,1.39682908497293,0,0.0,0.230894308943089,,,0,141.4,210.4
2000,REG,00-0002970,,Bob Christian,FB,RB,,16,ATL,0,0,0,0,0,0,0,0,0,0,0,0,,0,,,9,19,0,0,0,1,-3.34188049247622,0,43,62,313,0,0,0,0,0,12,-5.89114334486811,0,0.0,0.125760649087221,,,0,33.2,76.2
2000,REG,00-0003035,,Desmond Clark,TE,TE,,13,DEN,0,0,0,0,0,0,0,0,0,0,0,0,,0,,,0,0,0,0,0,0,,0,26,37,331,3,0,0,0,0,17,22.9036442256551,0,0.0,0.0840909090909091,,,0,51.1,77.1
2000,REG,00-0003039,,Greg Clark,TE,TE,,15,SF,0,0,0,0,0,0,0,0,0,0,0,0,,0,,,0,0,0,0,0,0,,0,36,49,328,2,1,0,0,0,17,10.3073429810869,0,0.0,0.0942307692307692,,,0,44.8,80.8
2000,REG,00-0003136,,Mike Cloud,RB,RB,,6,KC,0,0,0,0,0,0,0,0,0,0,0,0,,0,,,22,63,1,0,0,3,-4.39226195286028,0,2,2,16,0,0,0,0,0,1,0.761628650710918,0,0.0,0.0350877192982456,,,1,19.9,21.9
2000,REG,00-0003140,,Dexter Coakley,LB,LB,,1,DAL,0,0,0,0,0,0,0,0,0,0,0,0,,0,,,1,26,0,0,0,1,3.97008308081422,0,0,0,0,0,0,0,0,0,0,,0,,,,,0,2.6,2.6
2000,REG,00-0003142,,Ben Coates,TE,TE,,12,BAL,0,0,0,0,0,0,0,0,0,0,0,0,,0,,,0,0,0,0,0,0,,0,9,18,84,0,0,0,0,0,3,-10.6336028373473,1,0.0,0.0542168674698795,,,0,10.4,19.4
2000,REG,00-0003175,,Mac Cody,WR,WR,,10,ARI,0,0,0,0,0,0,0,0,0,0,0,0,,0,,,0,0,0,0,0,0,,0,17,27,212,0,0,0,0,0,12,11.6230580951865,0,0.0,0.076056338028169,,,0,21.2,38.2
2000,REG,00-0003231,,Marcus Coleman,DB,DB,,3,NYJ,0,0,0,0,0,0,0,0,0,0,0,0,,0,,,0,0,0,0,0,0,,0,1,2,45,1,0,0,0,0,1,5.38118409642357,1,0.0,0.037037037037037,,,0,12.5,13.5
2000,REG,00-0003266,,Bobby Collins,TE,TE,,3,BUF,0,0,0,0,0,0,0,0,0,0,0,0,,0,,,0,0,0,0,0,0,,0,5,6,49,0,0,0,0,0,2,1.09728629968595,0,0.0,0.0535714285714286,,,0,4.9,9.9
2000,REG,00-0003292,,Kerry Collins,QB,QB,,16,NYG,309,523,3576,22,12,28,243,5,1,0,0,194,84.7385984475298,0,0.0,0.0952133415503827,41,65,1,2,1,5,-9.84155478491448,0,0,0,0,0,0,0,0,0,0,,0,,,,,0,215.54,215.54
2000,REG,00-0003344,,Greg Comella,RB,RB,,16,NYG,0,0,0,0,0,0,0,0,0,0,0,0,,0,,,10,45,0,0,0,2,-1.87968945835019,0,36,51,274,0,1,1,0,0,13,-3.08769887650851,0,0.0,0.114606741573034,,,0,29.9,65.9
2000,REG,00-0003378,,Albert Connell,WR,WR,,16,WAS,0,0,0,0,0,0,0,0,0,0,0,0,,0,,,0,0,0,0,0,0,,0,38,100,756,3,0,0,0,0,28,1.73845365801941,0,0.0,0.184842883548983,,,0,93.6,131.6
2000,REG,00-0003396,,Curtis Conway,WR,WR,,13,LAC,0,0,0,0,0,0,0,0,0,0,0,0,,0,,,3,31,0,0,0,3,3.3580552918138,0,50,96,687,5,0,0,0,0,31,24.5282095409256,0,0.0,0.217687074829932,,,0,101.8,151.8
2000,REG,00-0003400,,Ernie Conwell,TE,TE,,8,LA,0,0,0,0,0,0,0,0,0,0,0,0,,0,,,2,23,0,0,0,1,2.40464051190065,0,5,9,40,0,0,0,0,0,3,-3.82746701268479,0,0.0,0.0337078651685393,,,0,6.3,11.3
2000,REG,00-0003535,,Tim Couch,QB,QB,,7,CLE,137,211,1484,7,9,10,78,1,0,0,0,59,0.168185423497595,0,0.0,0.0507062326311239,12,45,0,1,0,3,1.60468652177951,0,0,0,0,0,0,0,0,0,0,,0,,,,,0,73.86,73.86
2000,REG,00-0003600,,Dameyune Craig,QB,QB,,3,CAR,0,0,0,0,0,0,0,0,0,0,0,0,,0,,,2,4,0,0,0,1,0.160458097001538,0,1,2,0,0,0,0,0,0,0,-1.48043854162097,0,,0.0303030303030303,,,0,0.4,1.4
2000,REG,00-0003663,,Zack Crockett,RB,RB,,11,LV,0,0,0,0,0,0,0,0,0,0,0,0,,0,,,43,130,7,0,0,11,4.93767153741693,0,10,15,62,0,0,0,0,0,3,-0.825860158152612,0,0.0,0.122950819672131,,,0,61.2,71.2
2000,REG,00-0003681,,Howard Cross,TE,TE,,7,NYG,0,0,0,0,0,0,0,0,0,0,0,0,,0,,,0,0,0,0,0,0,,0,4,7,30,0,0,0,0,0,2,2.01089229690842,0,0.0,0.0303030303030303,,,0,3.0,7.0
2000,REG,00-0003700,,Germane Crowell,WR,WR,,9,DET,0,0,0,0,0,0,0,0,0,0,0,0,,0,,,1,12,0,0,0,1,0.695673222420737,0,34,72,430,3,0,0,0,0,16,-13.4397691239156,0,0.0,0.260869565217391,,,0,62.2,96.2
2000,REG,00-0003739,,Daunte Culpepper,QB,QB,,16,MIN,295,469,3924,33,14,34,181,5,4,0,0,189,105.963760192331,2,0.0,0.123592815132485,86,442,7,6,2,36,18.5337177502348,0,0,0,0,0,0,0,0,0,0,,0,,,,,0,339.16,339.16
2000,REG,00-0003761,,Randall Cunningham,QB,QB,,6,DAL,73,124,840,6,4,8,45,3,1,0,0,35,5.9399845869701,1,0.0,0.102297904671607,23,89,1,1,0,9,13.1581905702333,0,0,0,0,0,0,0,0,0,0,,0,,,,,0,64.5,64.5
2000,REG,00-0003803,,Matt Cushing,TE,TE,,4,PIT,0,0,0,0,0,0,0,0,0,0,0,0,,0,,,0,0,0,0,0,0,,0,4,5,17,0,0,0,0,0,0,-0.717694164952263,0,0.0,0.0485436893203884,,,0,1.7,5.7
2000,REG,00-0003944,,Billy Davis,WR,WR,,2,BAL,0,0,0,0,0,0,0,0,0,0,0,0,,0,,,0,0,0,0,0,0,,0,3,4,62,0,0,0,0,0,3,1.98317567381309,0,0.0,0.0634920634920635,,,0,6.2,9.2
2000,REG,00-0004004,,John Davis,TE,TE,,11,MIN,0,0,0,0,0,0,0,0,0,0,0,0,,0,,,0,0,0,0,0,0,,0,17,29,202,1,0,0,0,0,10,4.79458050429821,0,0.0,0.0852941176470588,,,0,26.2,43.2
2000,REG,00-0004052,,Stephen Davis,RB,RB,,15,WAS,0,0,0,0,0,0,0,0,0,0,0,0,,0,,,324,1292,11,3,3,70,-31.1451367966895,0,33,49,313,0,1,1,0,0,12,1.46479812456528,0,0.0,0.106521739130435,,,0,218.5,251.5
2000,REG,00-0004054,,Terrell Davis,RB,RB,,5,DEN,0,0,0,0,0,0,0,0,0,0,0,0,,0,,,75,275,2,1,0,14,-1.18047587074792,0,2,2,4,0,0,0,0,0,0,-0.699559844564647,0,0.0,0.0606060606060606,,,0,39.9,41.9
2000,REG,00-0004055,,Thabiti Davis,WR,WR,,3,NYG,0,0,0,0,0,0,0,0,0,0,0,0,,0,,,0,0,0,0,0,0,,0,2,5,40,0,0,0,0,0,2,2.49531162541825,0,0.0,0.0458715596330275,,,0,4.0,6.0
2000,REG,00-0004063,,Tyrone Davis,TE,TE,,12,GB,0,0,0,0,0,0,0,0,0,0,0,0,,0,,,0,0,0,0,0,0,,0,19,40,177,2,2,2,0,0,10,-7.40618268899665,1,0.0,0.0898876404494382,,,0,27.7,46.7
2000,REG,00-0004077,,Sean Dawkins,WR,WR,,16,SEA,0,0,0,0,0,0,0,0,0,0,0,0,,0,,,0,0,0,0,0,0,,0,61,100,690,5,0,0,0,0,41,27.2779474265097,0,0.0,0.203665987780041,,,0,99.0,160.0
2000,REG,00-0004172,,Greg DeLong,TE,TE,,1,JAX,0,0,0,0,0,0,0,0,0,0,0,0,,0,,,0,0,0,0,0,0,,0,0,1,0,0,0,0,0,0,0,-0.429949866142124,0,,0.0277777777777778,,,0,0.0,0.0
2000,REG,00-0004200,,Autry Denson,RB,RB,,8,MIA,0,0,0,0,0,0,0,0,0,0,0,0,,0,,,30,103,0,0,0,5,-5.41692430212133,0,13,22,102,0,1,0,0,0,6,1.34858371355052,0,0.0,0.114583333333333,,,0,20.5,33.5
2000,REG,00-0004229,,Koy Detmer,QB,QB,,2,PHI,0,1,0,0,1,0,0,0,0,0,0,0,-5.2887667225441,0,,,1,8,0,0,0,0,0.454546179273166,0,0,0,0,0,0,0,0,0,0,,0,,,,,0,-1.2,-1.2
2000,REG,00-0004293,,Trent Dilfer,QB,QB,,9,BAL,133,225,1493,12,11,23,135,6,1,0,0,69,-16.2728680174745,0,0.0,0.0286161017898412,20,75,0,2,1,4,-8.07036188838538,0,1,1,-1,0,0,0,0,0,0,-0.640742479939945,0,0.0,0.04,,,0,89.12,90.12
2000,REG,00-0004294,,Ken Dilger,TE,TE,,15,IND,0,0,0,0,0,0,0,0,0,0,0,0,,0,,,0,0,0,0,0,0,,0,47,72,538,3,1,1,0,0,27,16.6643064813267,0,0.0,0.138996138996139,,,0,69.8,116.8
2000,REG,00-0004304,,Corey Dillon,RB,RB,,16,CIN,0,0,0,0,0,0,0,0,0,0,0,0,,0,,,302,1360,7,4,3,64,-22.7485695900754,0,18,26,158,0,0,0,0,0,5,3.00870206102263,0,0.0,0.0787878787878788,,,0,187.8,205.8
2000,REG,00-0004463,,Dameane Douglas,WR,WR,,2,PHI,0,0,0,0,0,0,0,0,0,0,0,0,,0,,,0,0,0,0,0,0,,0,1,4,9,0,0,0,0,0,0,-6.09948894788977,0,0.0,0.0655737704918033,,,0,0.9,1.9
2000,REG,00-0004508,,Scott Dragos,RB,RB,,5,CHI,0,0,0,0,0,0,0,0,0,0,0,0,,0,,,0,0,0,0,0,0,,0,4,6,28,0,0,0,0,0,1,0.368380504311062,0,0.0,0.0410958904109589,,,0,2.8,6.8
2000,REG,00-0004524,,Troy Drayton,TE,TE,,7,KC,0,0,0,0,0,0,0,0,0,0,0,0,,0,,,0,0,0,0,0,0,,0,7,8,68,1,0,0,0,0,4,5.65848944603931,0,0.0,0.0311284046692607,,,0,12.8,19.8
2000,REG,00-0004541,,Donald Driver,WR,WR,,15,GB,0,0,0,0,0,0,0,0,0,0,0,0,,0,,,1,4,0,0,0,0,-0.108388659544289,0,21,49,322,1,0,0,0,0,16,10.0578172554344,1,0.0,0.0878136200716846,,,0,40.6,61.6
2000,REG,00-0004574,,Rickey Dudley,TE,TE,,15,LV,0,0,0,0,0,0,0,0,0,0,0,0,,0,,,1,-7,0,0,0,0,-1.34211240150034,0,29,49,350,4,1,0,0,0,18,10.9680632830001,0,0.0,0.115566037735849,,,0,58.3,87.3
2000,REG,00-0004595,,Chad Dukes,RB,RB,,1,JAX,0,0,0,0,0,0,0,0,0,0,0,0,,0,,,2,2,0,0,0,0,-3.40897991950624,0,0,0,0,0,0,0,0,0,0,,0,,,,,0,0.2,0.2
2000,REG,00-0004633,,Damon Dunn,WR,WR,,1,CLE,0,0,0,0,0,0,0,0,0,0,0,0,,0,,,0,0,0,0,0,0,,0,1,1,6,0,0,0,0,0,1,1.28855803352781,0,0.0,0.0277777777777778,,,0,0.6,1.6
2000,REG,00-0004634,,David Dunn,WR,WR,,6,LV,0,0,0,0,0,0,0,0,0,0,0,0,,0,,,0,0,0,0,0,0,,0,4,8,33,0,0,0,0,0,3,-1.03565414436425,0,0.0,0.0427807486631016,,,1,9.3,13.3
2000,REG,00-0004637,,Jason Dunn,TE,TE,,2,KC,0,0,0,0,0,0,0,0,0,0,0,0,,0,,,0,0,0,0,0,0,,0,2,2,26,0,0,0,0,0,1,1.39561698795296,0,0.0,0.0222222222222222,,,0,2.6,4.6
2000,REG,00-0004640,,Warrick Dunn,RB,RB,,16,TB,0,0,0,0,0,0,0,0,0,0,0,0,,0,,,242,1097,8,1,1,40,-3.95237083701837,0,44,67,422,1,0,0,0,34,23,8.48235852768206,0,0.0,0.160287081339713,,,0,203.9,247.9
2000,REG,00-0004673,,Tim Dwight,WR,WR,,13,ATL,0,0,0,0,0,0,0,0,0,0,0,0,,0,,,4,3,0,0,0,0,-2.66886945569422,0,25,52,402,3,1,1,0,0,19,13.0981608523641,0,0.0,0.129675810473815,,,1,62.5,87.5
2000,REG,00-0004694,,Kevin Dyson,WR,WR,,2,TEN,0,0,0,0,0,0,0,0,0,0,0,0,,0,,,0,0,0,0,0,0,,0,6,11,104,1,0,0,0,0,5,8.49362107232446,0,0.0,0.174603174603175,,,0,16.4,22.4
2000,REG,00-0004768,,Marc Edwards,FB,RB,,13,CLE,0,0,0,0,0,0,0,0,0,0,0,0,,0,,,2,9,0,1,1,0,-5.19246977264993,0,16,22,128,2,1,0,0,0,5,3.26562994945562,0,0.0,0.0568475452196382,,,0,23.7,39.7
2000,REG,00-0004780,,Troy Edwards,WR,WR,,14,PIT,0,0,0,0,0,0,0,0,0,0,0,0,,0,,,2,-11,0,0,0,0,-2.86698161112145,0,18,44,215,0,0,0,0,0,11,-2.58855524618411,0,0.0,0.115485564304462,,,0,20.4,38.4
2000,REG,00-0004836,,Jumbo Elliott,T,OL,,1,NYJ,0,0,0,0,0,0,0,0,0,0,0,0,,0,,,0,0,0,0,0,0,,0,1,1,3,1,0,0,0,0,1,1.93498246889794,0,0.0,0.0175438596491228,,,0,6.3,7.3
2000,REG,00-0004888,,Bert Emanuel,WR,WR,,8,MIA,0,0,0,0,0,0,0,0,0,0,0,0,,0,,,3,-2,0,1,1,0,-6.9405708006816,0,6,18,97,1,0,0,0,0,4,3.22203293876373,0,0.0,0.0869565217391304,,,0,13.5,19.5
2000,REG,00-0004915,,Bobby Engram,WR,WR,,3,CHI,0,0,0,0,0,0,0,0,0,0,0,0,,0,,,1,1,0,0,0,0,-0.439572932198644,0,16,23,109,0,0,0,0,0,6,-0.423212969319919,0,0.0,0.225490196078431,,,0,11.0,27.0
2000,REG,00-0004916,,Curtis Enis,RB,RB,,11,CHI,0,0,0,0,0,0,0,0,0,0,0,0,,0,,,36,84,1,0,0,4,-7.79032948013628,0,8,11,68,0,0,0,0,0,5,3.0832314931904,0,0.0,0.0488888888888889,,,0,21.2,29.2
2000,REG,00-0004978,,Doug Evans,DB,DB,,1,CAR,0,0,0,0,0,0,0,0,0,0,0,0,,0,,,0,0,0,0,0,0,,0,0,0,0,0,0,0,0,0,0,,0,,,,,1,6.0,6.0
2000,REG,00-0005091,,Kevin Faulk,RB,RB,,15,NE,0,0,0,0,0,0,0,0,0,0,0,0,,0,,,164,570,4,4,2,32,-28.8207350161152,1,51,68,465,1,2,2,0,0,18,-6.90401011205922,0,0.0,0.1419624217119,,,0,127.5,178.5
2000,REG,00-0005092,,Marshall Faulk,RB,RB,,14,LA,0,0,0,0,0,0,0,0,0,0,0,0,,0,,,249,1341,18,0,0,78,43.8278252042258,2,79,111,804,8,0,0,0,0,40,29.6208839834183,0,0.0,0.226993865030675,,,0,374.5,453.5
2000,REG,00-0005101,,Christian Fauria,TE,TE,,13,SEA,0,0,0,0,0,0,0,0,0,0,0,0,,0,,,0,0,0,0,0,0,,0,28,39,237,2,1,0,0,0,13,5.12539284184725,0,0.0,0.0962962962962963,,,0,35.7,63.7
2000,REG,00-0005106,,Brett Favre,QB,QB,,16,GB,334,575,3764,20,16,33,236,6,5,0,0,191,22.8929818494125,2,0.0,0.0666805690634708,27,108,0,3,0,7,-3.86467826033546,0,0,0,0,0,0,0,0,0,0,,0,,,,,0,203.36,203.36
2000,REG,00-0005110,,Jermaine Fazande,RB,RB,,11,LAC,0,0,0,0,0,0,0,0,0,0,0,0,,0,,,119,368,2,1,1,21,-18.7738801518176,0,16,18,104,0,0,0,0,0,2,-2.29515199204221,0,0.0,0.0743801652892562,,,0,57.2,73.2
2000,REG,00-0005113,,Jeff Feagles,P,SPEC,,1,SEA,0,1,0,0,0,0,0,0,0,0,0,0,-2.42876496037934,0,,,0,0,0,0,0,0,,0,0,0,0,0,0,0,0,0,0,,0,,,,,0,0.0,0.0
2000,REG,00-0005180,,Jay Fiedler,QB,QB,,14,MIA,188,330,2248,13,13,22,121,0,0,0,0,101,38.4163382396163,0,0.0,0.0926251847293637,46,206,1,2,2,17,-0.0800684584057074,0,0,0,0,0,0,0,0,0,0,,0,,,,,0,138.52,138.52
2000,REG,00-0005229,,Jim Finn,FB,RB,,6,IND,0,0,0,0,0,0,0,0,0,0,0,0,,0,,,1,1,0,1,1,0,-4.84215426014271,0,4,6,13,1,0,0,0,0,1,-0.69828396855155,0,0.0,0.0289855072463768,,,0,5.4,9.4
2000,REG,00-0005231,,Brian Finneran,WR,WR,,6,ATL,0,0,0,0,0,0,0,0,0,0,0,0,,0,,,0,0,0,0,0,0,,0,7,14,60,0,0,0,0,0,3,-9.67036619356751,0,0.0,0.0760869565217391,,,0,6.0,13.0
2000,REG,00-0005322,,London Fletcher,ILB,LB,,1,LA,0,0,0,0,0,0,0,0,0,0,0,0,,0,,,0,0,0,0,0,0,,0,0,0,0,0,0,0,0,0,0,,1,,,,,0,2.0,2.0
2000,REG,00-0005324,,Terrell Fletcher,RB,RB,,15,LAC,0,0,0,0,0,0,0,0,0,0,0,0,,0,,,113,371,3,2,2,19,-21.4803926997702,0,39,61,260,1,0,0,0,0,13,-2.25909702908261,0,0.0,0.116858237547893,,,0,83.1,122.1
2000,REG,00-0005348,,Chris Floyd,FB,RB,,2,NE,0,0,0,0,0,0,0,0,0,0,0,0,,0,,,2,-1,0,0,0,0,-1.20579091616673,0,1,2,21,0,0,0,0,0,1,2.13910898612812,0,0.0,0.0303030303030303,,,0,2.0,3.0
2000,REG,00-0005361,,William Floyd,FB,RB,,10,CAR,0,0,0,0,0,0,0,0,0,0,0,0,,0,,,16,33,1,0,0,2,-3.60108716355171,0,17,27,114,1,0,0,0,0,8,-2.48530604609004,0,0.0,0.0810810810810811,,,0,26.7,43.7
2000,REG,00-0005363,,Doug Flutie,QB,QB,,10,BUF,129,225,1656,8,2,9,64,2,0,0,0,69,28.3506446825218,0,0.0,0.0871275756348564,35,159,1,3,2,10,-2.73251393410608,0,0,0,0,0,0,0,0,0,0,,0,,,,,0,112.14,112.14
2000,REG,00-0005562,,Antonio Freeman,WR,WR,,15,GB,0,0,0,0,0,0,0,0,0,0,0,0,,0,,,2,5,0,0,0,1,0.484229294175748,0,61,119,894,9,1,1,0,0,46,23.5601640376193,0,0.0,0.216363636363636,,,0,141.9,202.9
2000,REG,00-0005589,,Gus Frerotte,QB,QB,,9,DEN,137,230,1766,9,8,11,74,5,3,0,0,86,6.52222595520746,0,0.0,0.0804306177479275,22,64,1,0,0,6,-0.126382428134093,0,0,0,0,0,0,0,0,0,0,,0,,,,,0,97.04,97.04
2000,REG,00-0005600,,John Friesz,QB,QB,,1,NE,11,21,66,0,1,3,16,0,0,0,0,4,-15.4546133853302,0,0.0,0.033053685407906,0,0,0,0,0,0,,0,0,0,0,0,0,0,0,0,0,,0,,,,,0,0.64,0.64
2000,REG,00-0005616,,Irving Fryar,WR,WR,,14,WAS,0,0,0,0,0,0,0,0,0,0,0,0,,0,,,2,16,0,0,0,1,0.653719293304845,0,41,75,548,5,0,0,0,0,29,24.2952313232789,0,0.0,0.152749490835031,,,0,86.4,127.4
2000,REG,00-0005620,,Chris Fuamatu-Ma'afala,RB,RB,,6,PIT,0,0,0,0,0,0,0,0,0,0,0,0,,0,,,20,144,1,0,0,6,4.21883194566217,0,11,16,107,0,0,0,0,0,6,5.01888912398135,0,0.0,0.118518518518519,,,0,31.1,42.1
2000,REG,00-0005668,,Oronde Gadsden,WR,WR,,15,MIA,0,0,0,0,0,0,0,0,0,0,0,0,,0,,,0,0,0,0,0,0,,0,53,88,753,6,0,0,0,0,35,43.9073844286599,0,0.0,0.226221079691517,,,0,111.3,164.3
2000,REG,00-0005720,,Joey Galloway,WR,WR,,1,DAL,0,0,0,0,0,0,0,0,0,0,0,0,,0,,,0,0,0,0,0,0,,0,4,12,62,1,0,0,0,0,4,3.54234399937732,0,0.0,0.4,,,0,12.2,16.2
2000,REG,00-0005741,,Rich Gannon,QB,QB,,16,LV,278,465,3343,28,11,27,120,6,3,0,0,172,96.7231713262913,0,0.0,0.12431150201877,84,475,4,3,2,30,19.9590479958129,1,0,0,0,0,0,0,0,0,0,,0,,,,,0,287.22,287.22
2000,REG,00-0005755,,Jeff Garcia,QB,QB,,16,SF,349,550,4238,31,9,23,153,4,1,0,0,203,134.47117808848,1,0.0,0.127435378447518,71,403,4,2,0,23,9.8884073583904,0,0,0,0,0,0,0,0,0,0,,0,,,,,0,339.82,339.82
2000,REG,00-0005779,,Charlie Garner,RB,RB,,16,SF,0,0,0,0,0,0,0,0,0,0,0,0,,0,,,252,1115,7,4,3,53,-15.415283430076,0,67,92,642,3,0,0,0,0,28,21.3082128134989,0,0.0,0.163992869875223,,,0,229.7,296.7
2000,REG,00-0005794,,Jason Garrett,QB,QB,,2,NYG,0,0,0,0,0,0,0,0,0,0,0,0,,0,,,4,-4,0,0,0,0,-1.52813108218834,0,0,0,0,0,0,0,0,0,0,,0,,,,,0,-0.4,-0.4
2000,REG,00-0005816,,Olandis Gary,RB,RB,,1,DEN,0,0,0,0,0,0,0,0,0,0,0,0,,0,,,13,80,0,0,0,5,1.2409482957155,0,3,4,10,0,0,0,0,0,0,-1.100169699049,0,0.0,0.142857142857143,,,0,9.0,12.0
2000,REG,00-0005822,,Sam Gash,FB,RB,,5,BAL,0,0,0,0,0,0,0,0,0,0,0,0,,0,,,2,2,0,0,0,0,-0.674246609094553,0,6,11,30,1,0,0,0,0,1,-5.93446682603099,0,0.0,0.0780141843971631,,,0,9.2,15.2
2000,REG,00-0005854,,Cory Geason,TE,TE,,4,PIT,0,0,0,0,0,0,0,0,0,0,0,0,,0,,,0,0,0,0,0,0,,0,3,4,66,0,0,0,0,0,2,3.39616002124967,0,0.0,0.0336134453781513,,,0,6.6,9.6
2000,REG,00-0005860,,Chris Gedney,TE,TE,,9,ARI,0,0,0,0,0,0,0,0,0,0,0,0,,0,,,0,0,0,0,0,0,,0,10,16,75,0,0,0,0,0,5,-5.36980304023018,0,0.0,0.0557491289198606,,,0,7.5,17.5
2000,REG,00-0005883,,Eddie George,RB,RB,,16,TEN,0,0,0,0,0,0,0,0,0,0,0,0,,0,,,398,1455,14,5,3,76,-30.4740486899747,0,48,63,429,2,0,0,0,0,21,12.0061164250248,0,0.0,0.147196261682243,,,0,278.4,326.4
2000,REG,00-0005885,,Jeff George,QB,QB,,6,WAS,113,192,1389,7,6,11,85,2,0,0,0,65,28.134116135275,0,0.0,0.107142553646128,6,22,0,0,0,1,-3.25763261248358,0,0,0,0,0,0,0,0,0,0,,0,,,,,0,73.76,73.76
2000,REG,00-0005903,,Jammi German,WR,WR,,4,ATL,0,0,0,0,0,0,0,0,0,0,0,0,,0,,,0,0,0,0,0,0,,0,1,4,10,0,0,0,0,0,0,-3.19710097527912,0,0.0,0.0287769784172662,,,0,1.0,2.0
2000,REG,00-0006043,,Terry Glenn,WR,WR,,16,NE,0,0,0,0,0,0,0,0,0,0,0,0,,0,,,4,39,0,0,0,1,0.888771942816675,0,77,162,922,6,0,0,0,0,55,17.1920710410573,0,0.0,0.295620437956204,,,0,132.1,209.1
2000,REG,00-0006047,,Andrew Glover,TE,TE,,14,NO,0,0,0,0,0,0,0,0,0,0,0,0,,0,,,0,0,0,0,0,0,,0,20,39,276,4,0,0,0,0,11,5.48210491541093,0,0.0,0.0928571428571429,,,0,51.6,71.6
2000,REG,00-0006101,,Tony Gonzalez,TE,TE,,15,KC,0,0,0,0,0,0,0,0,0,0,0,0,,0,,,0,0,0,0,0,0,,0,89,142,1160,9,0,0,0,0,65,50.1203042387559,0,0.0,0.265917602996255,,,0,170.0,259.0
2000,REG,00-0006133,,Hunter Goodwin,TE,TE,,7,MIA,0,0,0,0,0,0,0,0,0,0,0,0,,0,,,0,0,0,0,0,0,,0,5,12,32,1,0,0,0,0,1,-1.09042000794348,0,0.0,0.0625,,,0,9.2,14.2
2000,REG,00-0006155,,Lennox Gordon,RB,RB,,2,IND,0,0,0,0,0,0,0,0,0,0,0,0,,0,,,3,7,0,0,0,0,-0.0587207077769563,0,0,0,0,0,0,0,0,0,0,,0,,,,,0,0.7,0.7
2000,REG,00-0006181,,Toby Gowin,P,SPEC,,1,NO,0,0,0,0,0,0,0,0,0,0,0,0,,0,,,1,5,0,0,0,1,2.33418643521145,0,0,0,0,0,0,0,0,0,0,,0,,,,,0,0.5,0.5
2000,REG,00-0006210,,Jeff Graham,WR,WR,,13,LAC,0,0,0,0,0,0,0,0,0,0,0,0,,0,,,0,0,0,0,0,0,,0,55,113,907,4,0,0,0,0,37,19.0405073903337,0,0.0,0.244588744588745,,,0,114.7,169.7
2000,REG,00-0006212,,Kent Graham,QB,QB,,8,PIT,66,148,878,1,1,13,70,1,1,0,0,37,-34.8588977556456,0,0.0,0.0255797887743383,8,7,0,0,0,0,-9.02983765868151,0,0,0,0,0,0,0,0,0,0,,0,,,,,0,35.82,35.82
2000,REG,00-0006300,,Elvis Grbac,QB,QB,,14,KC,303,509,3848,22,13,27,210,5,2,0,0,181,56.6027222902474,0,0.0,0.101775534457677,28,112,1,2,1,6,-2.36296704789856,0,0,0,0,0,0,0,0,0,0,,0,,,,,0,227.12,227.12
2000,REG,00-0006305,,Ahman Green,RB,RB,,16,GB,0,1,0,0,0,0,0,0,0,0,0,0,-0.662081322981976,0,,,262,1170,10,3,2,61,7.27616492712462,0,72,98,542,3,3,2,0,0,28,-1.77678640356577,0,0.0,0.165820642978003,,,0,241.2,313.2
2000,REG,00-0006322,,E.G. Green,WR,WR,,5,IND,0,0,0,0,0,0,0,0,0,0,0,0,,0,,,0,0,0,0,0,0,,0,18,26,201,1,0,0,0,0,12,13.0125191274257,0,0.0,0.134020618556701,,,0,26.1,44.1
2000,REG,00-0006331,,Jacquez Green,WR,WR,,16,TB,0,0,0,0,0,0,0,0,0,0,0,0,,0,,,5,13,0,0,0,0,-1.63132997445682,0,49,101,726,1,0,0,0,0,32,16.5978325740959,0,0.0,0.241626794258373,,,0,79.9,128.9
2000,REG,00-0006355,,Trent Green,QB,QB,,8,LA,142,236,2007,16,5,24,145,3,2,0,0,91,51.645357447682,0,0.0,0.115522973879497,20,69,1,0,0,6,-2.87398281734204,0,0,0,0,0,0,0,0,0,0,,0,,,,,0,143.18,143.18
2000,REG,00-0006410,,Chris Greisen,QB,QB,,2,ARI,6,10,65,1,0,3,24,1,1,0,0,4,-3.65024207741953,0,0.0,0.0294431496225135,1,1,0,0,0,0,-0.282853866461664,0,0,0,0,0,0,0,0,0,0,,0,,,,,0,4.7,4.7
2000,REG,00-0006423,,Brian Griese,QB,QB,,10,DEN,210,330,2606,19,4,17,139,3,2,0,0,133,83.1720081214762,1,0.0,0.123023290399432,27,95,1,2,1,7,-6.4207870656988,0,0,0,0,0,0,0,0,0,0,,0,,,,,0,183.74,183.74
2000,REG,00-0006431,,Damon Griffin,WR,WR,,5,CIN,0,0,0,0,0,0,0,0,0,0,0,0,,0,,,0,0,0,0,0,0,,0,2,9,25,0,0,0,0,0,1,-10.1881968398229,0,0.0,0.0552147239263804,,,0,2.5,4.5
2000,REG,00-0006456,,Howard Griffith,RB,RB,,13,DEN,0,0,0,0,0,0,0,0,0,0,0,0,,0,,,5,4,0,0,0,2,-3.59369210859401,0,16,31,101,2,0,0,0,0,7,-6.44528346982166,0,0.0,0.0757946210268949,,,0,22.5,38.5
2000,REG,00-0006458,,Rich Griffith,TE,TE,,3,JAX,0,0,0,0,0,0,0,0,0,0,0,0,,0,,,0,0,0,0,0,0,,0,0,3,0,0,0,0,0,0,0,-1.56021653255448,0,,0.032967032967033,,,0,0.0,0.0
2000,REG,00-0006482,,Clif Groce,FB,RB,,6,CIN,0,0,0,0,0,0,0,0,0,0,0,0,,0,,,3,4,0,0,0,1,-1.69542164565064,0,11,13,45,0,0,0,0,0,2,-2.30443907662993,0,0.0,0.0677083333333333,,,0,4.9,15.9
2000,REG,00-0006627,,Az-Zahir Hakim,WR,WR,,15,LA,0,0,0,0,0,0,0,0,0,0,0,0,,0,,,5,19,0,1,1,0,-6.29119439277565,0,53,80,734,4,2,1,0,3,33,31.5976396387085,0,0.0,0.145985401459854,,,1,101.3,154.3
2000,REG,00-0006666,,Lamont Hall,TE,TE,,6,NO,0,0,0,0,0,0,0,0,0,0,0,0,,0,,,0,0,0,0,0,0,,0,5,7,33,1,0,0,0,0,4,3.10685673466651,0,0.0,0.04,,,0,9.3,14.3
2000,REG,00-0006777,,Karl Hankton,WR,WR,,5,CAR,0,0,0,0,0,0,0,0,0,0,0,0,,0,,,0,0,0,0,0,0,,0,4,8,38,0,0,0,0,0,2,2.68804249743995,0,0.0,0.0441988950276243,,,0,3.8,7.8
2000,REG,00-0006804,,Patrick Hape,TE,TE,,9,TB,0,0,0,0,0,0,0,0,0,0,0,0,,0,,,0,0,0,0,0,0,,0,6,13,39,0,0,0,0,0,1,-3.62817493663169,0,0.0,0.048689138576779,,,0,3.9,9.9
2000,REG,00-0006808,,Jim Harbaugh,QB,QB,,7,LAC,121,199,1389,8,10,13,94,1,0,0,0,65,8.72572424103667,0,0.0,0.0536698795588336,14,21,0,3,2,1,-15.0657730389503,0,0,0,0,0,0,0,0,0,0,,0,,,,,0,65.66,65.66
2000,REG,00-0006848,,Terry Hardy,TE,TE,,16,ARI,0,0,0,0,0,0,0,0,0,0,0,0,,0,,,0,0,0,0,0,0,,0,27,45,160,1,2,1,0,0,10,-23.856497740831,0,0.0,0.0841121495327103,,,0,20.0,47.0
2000,REG,00-0006949,,Jackie Harris,TE,TE,,16,DAL,0,0,0,0,0,0,0,0,0,0,0,0,,0,,,0,0,0,0,0,0,,0,38,55,302,5,0,0,0,0,17,-3.22671392981813,1,0.0,0.128504672897196,,,0,62.2,100.2
2000,REG,00-0006989,,Raymont Harris,RB,RB,,3,NE,0,0,0,0,0,0,0,0,0,0,0,0,,0,,,13,36,0,0,0,1,-3.77918644517195,0,3,3,4,0,0,0,0,0,0,-0.927894813386956,0,0.0,0.0365853658536585,,,0,4.0,7.0
2000,REG,00-0007024,,Marvin Harrison,WR,WR,,16,IND,0,0,0,0,0,0,0,0,0,0,0,0,,0,,,0,0,0,0,0,0,,0,101,168,1408,14,2,1,0,0,69,63.7197154830487,0,0.0,0.303249097472924,,,0,222.8,323.8
2000,REG,00-0007059,,Mark Hartsell,QB,QB,,1,CHI,0,1,0,0,0,0,0,0,0,0,0,0,-1.27332962938817,0,,,0,0,0,0,0,0,,0,0,0,0,0,0,0,0,0,0,,0,,,,,0,0.0,0.0
2000,REG,00-0007091,,Matt Hasselbeck,QB,QB,"https://static.www.nfl.com/image/private/f_auto,q_auto/league/t1nf9avoy2kauqwrvzza",4,GB,10,19,104,1,0,1,2,0,0,0,0,4,-0.740077982445254,0,0.0,0.0240449105494039,4,-5,0,0,0,0,-2.21177425805945,0,0,0,0,0,0,0,0,0,0,,0,,,,,0,7.66,7.66
2000,REG,00-0007103,,Matt Hatchette,WR,WR,,13,MIN,0,0,0,0,0,0,0,0,0,0,0,0,,0,,,0,0,0,0,0,0,,0,16,33,190,2,0,0,0,0,9,-0.299395971167388,0,0.0,0.083756345177665,,,0,31.0,47.0
2000,REG,00-0007120,,Courtney Hawkins,WR,WR,,9,PIT,0,0,0,0,0,0,0,0,0,0,0,0,,0,,,0,0,0,0,0,0,,0,19,42,238,1,0,0,0,0,10,-8.52421680200081,0,0.0,0.178723404255319,,,0,29.8,48.8
2000,REG,00-0007144,,Donald Hayes,WR,WR,,15,CAR,0,0,0,0,0,0,0,0,0,0,0,0,,0,,,0,0,0,0,0,0,,0,64,110,909,3,1,1,0,0,46,35.7305420976625,0,0.0,0.215264187866928,,,0,106.9,170.9
2000,REG,00-0007213,,Steve Heiden,TE,TE,"https://static.www.nfl.com/image/private/f_auto,q_auto/league/gbtrxatwcauhazpjejcr",7,LAC,0,0,0,0,0,0,0,0,0,0,0,0,,0,,,0,0,0,0,0,0,,0,6,12,32,1,0,0,0,0,2,-3.48618274633373,0,0.0,0.051063829787234,,,0,9.2,15.2
2000,REG,00-0007254,,William Henderson,FB,RB,,16,GB,0,0,0,0,0,0,0,0,0,0,0,0,,0,,,2,16,0,0,0,0,0.570023678883445,0,34,44,229,1,1,1,0,0,9,1.47581221685487,0,0.0,0.0744500846023689,,,0,28.5,62.5
2000,REG,00-0007357,,Chris Hetherington,FB,RB,,11,CAR,0,0,0,0,0,0,0,0,0,0,0,0,,0,,,22,54,2,0,0,4,-3.48695819113235,0,14,21,116,1,0,0,0,0,9,-5.17765373186558,0,0.0,0.0954545454545455,,,0,35.0,49.0
2000,REG,00-0007389,,Skip Hicks,RB,RB,,6,WAS,0,0,0,0,0,0,0,0,0,0,0,0,,0,,,29,78,1,1,0,6,-4.09034809545847,0,5,5,43,0,0,0,0,0,1,1.03042757837102,0,0.0,0.040650406504065,,,0,18.1,23.1
2000,REG,00-0007468,,Ike Hilliard,WR,WR,,14,NYG,0,0,0,0,0,0,0,0,0,0,0,0,,0,,,3,19,0,0,0,1,0.548441417515278,0,55,105,787,8,0,0,0,0,44,26.8849924476231,0,0.0,0.233333333333333,,,0,128.6,183.6
2000,REG,00-0007546,,James Hodgins,RB,RB,,3,LA,0,0,0,0,0,0,0,0,0,0,0,0,,0,,,1,3,0,0,0,0,-0.864690278191119,0,2,2,5,0,0,0,0,0,0,-0.501161696389318,0,0.0,0.0232558139534884,,,0,0.8,2.8
2000,REG,00-0007579,,Robert Holcombe,FB,RB,,13,LA,0,0,0,0,0,0,0,0,0,0,0,0,,0,,,21,70,3,0,0,8,2.24115268010064,0,8,11,90,1,0,0,0,11,6,4.76355016033631,0,0.0,0.0332326283987915,,,0,40.0,48.0
2000,REG,00-0007661,,Priest Holmes,RB,RB,,16,BAL,0,0,0,0,0,0,0,0,0,0,0,0,,0,,,137,588,2,1,1,38,-0.193308039742988,0,32,46,221,0,1,0,0,0,11,0.893308139325819,0,0.0,0.111922141119221,,,0,90.9,122.9
2000,REG,00-0007681,,Torry Holt,WR,WR,,16,LA,0,0,0,0,0,0,0,0,0,0,0,0,,0,,,2,7,0,0,0,0,0.958028573018964,0,80,137,1596,6,2,2,0,0,58,59.3616820505687,0,0.0,0.238260869565217,,,0,192.3,272.3
2000,REG,00-0007744,,Joe Horn,WR,WR,,16,NO,0,0,0,0,0,0,0,0,0,0,0,0,,0,,,5,11,0,0,0,1,-0.919769336702302,0,94,150,1340,8,1,0,0,0,63,59.144847230673,0,0.0,0.315789473684211,,,0,183.1,277.1
2000,REG,00-0007749,,Tony Horne,WR,WR,,6,LA,0,0,0,0,0,0,0,0,0,0,0,0,,0,,,2,6,0,0,0,1,-0.310319129843265,0,4,7,32,2,0,0,0,0,2,4.57621088461019,0,0.0,0.0357142857142857,,,1,21.8,25.8
2000,REG,00-0007795,,Chris Howard,RB,RB,,2,JAX,0,0,0,0,0,0,0,0,0,0,0,0,,0,,,21,52,1,2,1,4,-3.85574707016349,0,3,5,26,0,0,0,0,0,2,1.17867906578994,0,0.0,0.0632911392405063,,,0,11.8,14.8
2000,REG,00-0007798,,Desmond Howard,WR,WR,,3,DET,0,0,0,0,0,0,0,0,0,0,0,0,,0,,,0,0,0,0,0,0,,0,2,2,14,0,0,0,0,0,0,-0.555711361928843,0,0.0,0.0294117647058824,,,1,7.4,9.4
2000,REG,00-0007832,,Bobby Hoying,QB,QB,,1,LV,0,2,0,0,0,0,0,0,0,0,0,0,-1.7873982868623,0,,,2,-3,0,0,0,0,-3.96386425627861,0,0,0,0,0,0,0,0,0,0,,0,,,,,0,-0.3,-0.3
2000,REG,00-0007834,,Brock Huard,QB,QB,,5,SEA,48,86,508,3,2,13,72,2,0,0,0,26,-19.1467131181013,0,0.0,0.0247195136683789,5,29,0,0,0,2,2.5222682581516,0,0,0,0,0,0,0,0,0,0,,0,,,,,0,31.22,31.22
2000,REG,00-0007835,,Damon Huard,QB,QB,,3,MIA,37,61,301,1,3,4,22,0,0,0,0,14,-17.5972745089751,0,0.0,0.0283276271069698,0,0,0,0,0,0,,0,0,0,0,0,0,0,0,0,0,,0,,,,,0,10.04,10.04
2000,REG,00-0007969,,Richard Huntley,RB,RB,,13,PIT,0,0,0,0,0,0,0,0,0,0,0,0,,0,,,46,215,3,1,1,13,-5.42829536059658,1,10,19,91,0,0,0,0,0,4,-4.59092027011759,0,0.0,0.0693430656934307,,,0,48.6,58.6
2000,REG,00-0008046,,Sedrick Irvin,RB,RB,,5,DET,0,0,0,0,0,0,0,0,0,0,0,0,,0,,,9,49,0,1,1,1,-7.06430830600922,0,8,12,90,0,0,0,0,0,4,5.15899570778853,0,0.0,0.0821917808219178,,,0,11.9,19.9
2000,REG,00-0008059,,Qadry Ismail,WR,WR,,14,BAL,0,0,0,0,0,0,0,0,0,0,0,0,,0,,,0,0,0,0,0,0,,0,49,95,655,5,0,0,0,0,38,19.7716395626524,0,0.0,0.227272727272727,,,0,95.5,144.5
2000,REG,00-0008060,,Raghib Ismail,WR,WR,,8,DAL,0,0,0,0,0,0,0,0,0,0,0,0,,0,,,8,73,0,1,1,3,-2.42470964626409,0,25,43,350,1,0,0,0,0,18,14.8060111410517,1,0.0,0.202830188679245,,,0,48.3,73.3
2000,REG,00-0008109,,Chris Jackson,WR,WR,,1,TEN,0,0,0,0,0,0,0,0,0,0,0,0,,0,,,0,0,0,0,0,0,,0,0,1,0,0,0,0,0,0,0,-0.642247053328902,0,,0.0333333333333333,,,0,0.0,0.0
2000,REG,00-0008156,,Lenzie Jackson,WR,WR,,1,CLE,0,0,0,0,0,0,0,0,0,0,0,0,,0,,,0,0,0,0,0,0,,0,1,3,5,0,0,0,0,0,0,-1.5380756305116,0,0.0,0.136363636363636,,,0,0.5,1.5
2000,REG,00-0008190,,Sheldon Jackson,TE,TE,,5,BUF,0,0,0,0,0,0,0,0,0,0,0,0,,0,,,0,0,0,0,0,0,,0,5,8,36,1,0,0,0,0,3,1.62767363805324,0,0.0,0.0467836257309942,,,0,9.6,14.6
2000,REG,00-0008196,,Terry Jackson,RB,RB,,7,SF,0,0,0,0,0,0,0,0,0,0,0,0,,0,,,5,6,1,0,0,2,-0.297258002043236,1,5,5,48,1,0,0,0,0,4,7.37443410622655,0,0.0,0.0454545454545455,,,0,19.4,24.4
2000,REG,00-0008210,,Willie Jackson,WR,WR,,14,NO,0,0,0,0,0,0,0,0,0,0,0,0,,0,,,0,0,0,0,0,0,,0,36,79,504,6,2,1,0,0,27,-3.24330999847624,0,0.0,0.184579439252336,,,0,84.4,120.4
2000,REG,00-0008229,,Nate Jacquet,WR,WR,,3,LAC,0,0,0,0,0,0,0,0,0,0,0,0,,0,,,0,0,0,0,0,0,,0,1,3,25,0,0,0,0,0,0,-0.387398315710016,0,0.0,0.0265486725663717,,,0,2.5,3.5
2000,REG,00-0008241,,Edgerrin James,RB,RB,,16,IND,0,0,0,0,0,0,0,0,0,0,0,0,,0,,,383,1690,13,5,5,99,-7.02881247423015,1,61,85,581,5,0,0,0,0,23,18.6285727975963,0,0.0,0.153429602888087,,,0,327.1,388.1
2000,REG,00-0008313,,Shawn Jefferson,WR,WR,,15,ATL,0,0,0,0,0,0,0,0,0,0,0,0,,0,,,1,1,0,0,0,0,-0.470304488088004,0,60,103,822,2,1,0,0,0,40,7.34801576508595,0,0.0,0.217758985200846,,,0,94.3,154.3
2000,REG,00-0008346,,James Jenkins,TE,TE,,1,WAS,0,0,0,0,0,0,0,0,0,0,0,0,,0,,,0,0,0,0,0,0,,0,0,1,0,0,0,0,0,0,0,-0.986068921978585,0,,0.0303030303030303,,,0,0.0,0.0
2000,REG,00-0008357,,MarTay Jenkins,WR,WR,,16,ARI,0,0,0,0,0,0,0,0,0,0,0,0,,0,,,1,-4,0,0,0,0,-1.04018923360854,0,16,38,212,0,0,0,0,0,10,-8.68520465196343,0,0.0,0.0710280373831776,,,1,26.8,42.8
2000,REG,00-0008391,,Travis Jervey,RB,RB,,1,SF,0,0,0,0,0,0,0,0,0,0,0,0,,0,,,1,0,0,0,0,0,-0.315104748355225,0,0,0,0,0,0,0,0,0,0,,0,,,,,0,0.0,0.0
2000,REG,00-0008400,,James Jett,WR,WR,,15,LV,0,0,0,0,0,0,0,0,0,0,0,0,,0,,,0,0,0,0,0,0,,0,20,39,356,2,0,0,0,0,16,21.0188781853708,0,0.0,0.0917647058823529,,,0,47.6,67.6
2000,REG,00-0008401,,John Jett,P,SPEC,,1,DET,0,0,0,0,0,0,0,0,0,0,0,0,,0,,,1,0,0,1,0,0,-3.30069197178818,0,0,0,0,0,0,0,0,0,0,,0,,,,,0,0.0,0.0
2000,REG,00-0008430,,Anthony Johnson,RB,RB,,11,JAX,0,0,0,0,0,0,0,0,0,0,0,0,,0,,,27,104,1,0,0,5,2.46245074499166,0,12,16,153,0,0,0,0,0,6,8.65275570980157,0,0.0,0.0498442367601246,,,0,31.7,43.7
2000,REG,00-0008442,,Brad Johnson,QB,QB,,12,WAS,226,359,2489,11,15,20,150,4,3,0,0,119,9.48168340036444,0,0.0,0.0658024253944422,22,58,1,1,0,6,-3.71060497444705,0,0,0,0,0,0,0,0,0,0,,0,,,,,0,119.36,119.36
2000,REG,00-0008454,,Charles Johnson,WR,WR,,16,PHI,0,0,0,0,0,0,0,0,0,0,0,0,,0,,,5,18,0,0,0,1,-0.583026687148958,0,54,98,608,7,0,0,0,0,32,27.8698800188254,0,0.0,0.174067495559503,,,0,104.6,158.6
2000,REG,00-0008529,,J.J. Johnson,RB,RB,,8,MIA,0,0,0,0,0,0,0,0,0,0,0,0,,0,,,48,163,1,0,0,5,-3.33827207533697,0,9,11,55,0,0,0,0,0,2,-4.76845769834472,0,0.0,0.0866141732283465,,,0,27.8,36.8
2000,REG,00-0008560,,Kevin Johnson,WR,WR,,16,CLE,1,3,23,0,1,0,0,0,0,0,0,1,-2.65880421642214,0,0.0,,0,0,0,0,0,0,,0,57,98,669,0,0,0,0,0,25,-8.37975361277398,0,0.0,0.209850107066381,,,0,65.82,122.82
2000,REG,00-0008561,,Keyshawn Johnson,WR,WR,,16,TB,0,0,0,0,0,0,0,0,0,0,0,0,,0,,,2,5,0,0,0,0,-1.39912569336593,0,69,120,842,8,2,2,0,0,48,22.0705608621414,0,0.0,0.287081339712919,,,0,128.7,197.7
2000,REG,00-0008566,,Lee Johnson,P,SPEC,,3,NE,1,1,18,0,0,0,0,0,0,0,0,1,3.21449055429548,0,0.0,,2,-1,0,1,0,0,-2.27523634361569,0,0,0,0,0,0,0,0,0,0,,0,,,,,0,0.62,0.62
2000,REG,00-0008575,,Malcolm Johnson,WR,WR,,4,PIT,0,0,0,0,0,0,0,0,0,0,0,0,,0,,,0,0,0,0,0,0,,0,0,8,0,0,0,0,0,0,0,-7.00109581384009,0,,0.0689655172413793,,,0,0.0,0.0
2000,REG,00-0008598,,Pat Johnson,WR,WR,,11,BAL,0,0,0,0,0,0,0,0,0,0,0,0,,0,,,1,19,0,0,0,1,1.12781578890281,0,12,37,156,2,0,0,0,0,8,-13.2166686610669,0,0.0,0.112121212121212,,,0,29.5,41.5
2000,REG,00-0008612,,Rob Johnson,QB,QB,,11,BUF,161,274,1911,12,6,44,252,2,1,0,0,93,-21.5790648754207,0,0.0,0.0441412542562547,37,260,1,1,1,12,3.59328070924284,0,1,1,-6,0,0,0,0,0,0,-2.12779244082049,0,0.0,0.03125,,,0,139.84,140.84
2000,REG,00-0008723,,Damon Jones,TE,TE,,1,JAX,0,0,0,0,0,0,0,0,0,0,0,0,,0,,,0,0,0,0,0,0,,0,1,1,12,0,0,0,0,0,1,0.831749715376645,0,0.0,0.0303030303030303,,,0,1.2,2.2
2000,REG,00-0008749,,Freddie Jones,TE,TE,,15,LAC,0,0,0,0,0,0,0,0,0,0,0,0,,0,,,0,0,0,0,0,0,,0,63,119,673,5,3,2,0,0,32,-24.4541669883327,0,0.0,0.227969348659004,,,0,93.3,156.3
2000,REG,00-0008763,,Isaac Jones,WR,WR,,1,IND,0,0,0,0,0,0,0,0,0,0,0,0,,0,,,0,0,0,0,0,0,,0,0,1,0,0,0,0,0,0,0,-0.297348173276987,0,,0.0212765957446809,,,0,0.0,0.0
2000,REG,00-0008841,,Reggie Jones,WR,WR,,8,LAC,0,0,0,0,0,0,0,0,0,0,0,0,,0,,,0,0,0,0,0,0,,0,20,36,232,0,0,0,0,0,12,-11.7756388762255,0,0.0,0.124137931034483,,,0,23.2,43.2
2000,REG,00-0008903,,Andrew Jordan,TE,TE,,5,MIN,0,0,0,0,0,0,0,0,0,0,0,0,,0,,,0,0,0,0,0,0,,0,8,15,63,0,0,0,0,0,2,-6.692170729395,0,0.0,0.100671140939597,,,0,6.3,14.3
2000,REG,00-0008921,,Randy Jordan,RB,RB,,15,LV,0,0,0,0,0,0,0,0,0,0,0,0,,0,,,46,213,3,0,0,10,1.56940520589706,0,26,31,291,1,1,0,0,0,15,18.695621169092,0,0.0,0.0729411764705882,,,1,80.4,106.4
2000,REG,00-0008962,,Joe Jurevicius,WR,WR,,12,NYG,0,0,0,0,0,0,0,0,0,0,0,0,,0,,,0,0,0,0,0,0,,0,24,48,272,1,1,1,0,0,17,6.96561178123647,0,0.0,0.125,,,0,31.2,55.2
2000,REG,00-0009007,,Danny Kanell,QB,QB,,5,ATL,55,114,506,2,5,8,60,1,0,0,0,28,-32.8593896059923,0,0.0,0.0259165534103829,1,0,0,1,0,0,-0.959989852271974,0,0,0,0,0,0,0,0,0,0,,0,,,,,0,18.24,18.24
2000,REG,00-0009038,,Napoleon Kaufman,RB,RB,,14,LV,0,0,0,0,0,0,0,0,0,0,0,0,,0,,,92,495,0,1,1,21,0.635764378734166,0,13,24,127,1,0,0,0,0,8,3.79654021050103,0,0.0,0.079734219269103,,,0,66.2,79.2
2000,REG,00-0009119,,Reggie Kelly,TE,TE,,15,ATL,0,0,0,0,0,0,0,0,0,0,0,0,,0,,,0,0,0,0,0,0,,0,31,50,340,2,1,1,0,0,14,3.57225461242757,0,0.0,0.108225108225108,,,0,44.0,75.0
2000,REG,00-0009163,,Eddie Kennison,WR,WR,,16,CHI,0,0,0,0,0,0,0,0,0,0,0,0,,0,,,3,72,0,1,0,2,5.14117490471108,0,55,94,549,2,0,0,0,0,29,1.62574881612328,0,0.0,0.18111753371869,,,0,74.1,129.1
2000,REG,00-0009237,,Brian Kinchen,TE,TE,,1,CAR,0,0,0,0,0,0,0,0,0,0,0,0,,0,,,0,0,0,0,0,0,,0,1,1,7,0,0,0,0,0,0,0.0352535746060312,0,0.0,0.032258064516129,,,0,0.7,1.7
2000,REG,00-0009266,,Shaun King,QB,QB,,16,TB,228,421,2689,18,13,37,240,2,1,0,0,139,-1.54468820313454,0,0.0,0.0680032634742446,72,338,5,2,0,23,17.3444008317538,1,0,0,0,0,0,0,0,0,0,,0,,,,,0,217.36,217.36
2000,REG,00-0009288,,Terry Kirby,RB,RB,,1,LV,0,0,0,0,0,0,0,0,0,0,0,0,,0,,,11,51,0,0,0,2,-2.49049267545342,0,3,4,19,0,0,0,0,0,1,0.19574224203825,0,0.0,0.129032258064516,,,0,7.0,10.0
2000,REG,00-0009311,,Jon Kitna,QB,QB,,15,SEA,256,412,2643,18,19,32,156,6,4,0,0,141,5.33472624881627,0,0.0,0.0514801215216487,47,119,1,10,3,14,-11.5719109752389,0,0,0,0,0,0,0,0,0,0,,0,,,,,0,143.62,143.62
2000,REG,00-0009323,,Jimmy Kleinsasser,TE,TE,,11,MIN,0,0,0,0,0,0,0,0,0,0,0,0,,0,,,12,43,0,0,0,2,-1.73139354825253,0,10,14,98,0,0,0,0,0,4,-2.20756274362793,0,0.0,0.0606060606060606,,,0,14.1,24.1
2000,REG,00-0009417,,Rob Konrad,FB,RB,,12,MIA,0,0,0,0,0,0,0,0,0,0,0,0,,0,,,15,39,0,0,0,1,-3.25079365127021,0,14,24,83,0,0,0,0,0,2,-3.68343540135538,0,0.0,0.075,,,0,12.2,26.2
2000,REG,00-0009443,,Brian Kozlowski,TE,TE,,13,ATL,0,0,0,0,0,0,0,0,0,0,0,0,,0,,,0,0,0,0,0,0,,0,15,25,151,2,0,0,0,0,10,4.49448606632751,0,0.0,0.0641025641025641,,,0,27.1,42.1
2000,REG,00-0009550,,David LaFleur,TE,TE,,10,DAL,0,0,0,0,0,0,0,0,0,0,0,0,,0,,,0,0,0,0,0,0,,0,12,21,109,1,0,0,0,0,7,-2.40959322062277,0,0.0,0.0755395683453237,,,0,16.9,28.9
2000,REG,00-0009715,,Ryan Leaf,QB,QB,,10,LAC,151,305,1779,11,17,30,146,4,3,0,0,77,-64.113085718588,0,0.0,0.0242986928572952,28,54,0,7,2,6,-22.2242030072084,0,0,0,0,0,0,0,0,0,0,,0,,,,,0,76.56,76.56
2000,REG,00-0009738,,Amp Lee,RB,RB,,3,PHI,0,0,0,0,0,0,0,0,0,0,0,0,,0,,,1,2,0,0,0,0,-0.426178860245273,0,1,3,20,0,0,0,0,0,1,-0.338499062694609,0,0.0,0.0285714285714286,,,0,2.2,3.2
2000,REG,00-0009829,,Dorsey Levens,RB,RB,,5,GB,0,0,0,0,0,0,0,0,0,0,0,0,,0,,,76,217,3,0,0,13,-10.1726735924503,0,16,21,146,0,0,0,0,0,9,5.89375654287869,0,0.0,0.12280701754386,,,0,54.3,70.3
2000,REG,00-0009842,,Chad Lewis,TE,TE,,16,PHI,0,0,0,0,0,0,0,0,0,0,0,0,,0,,,0,0,0,0,0,0,,0,69,110,735,3,0,0,0,0,35,14.5818783518096,0,0.0,0.19538188277087,,,0,91.5,160.5
2000,REG,00-0009868,,Jeff Lewis,QB,QB,,5,CAR,16,32,120,0,1,7,51,1,0,0,0,6,-22.530224290269,0,0.0,0.0294632926137544,7,31,0,0,0,3,1.6350446192082,0,0,0,0,0,0,0,0,0,0,,0,,,,,0,5.9,5.9
2000,REG,00-0009869,,Jermaine Lewis,WR,WR,,11,BAL,1,1,3,0,0,0,0,0,0,0,0,1,0.752430797787383,0,0.0,,3,38,0,0,0,2,2.80404917628039,0,18,34,152,1,0,0,0,0,10,-1.91390923574739,0,0.0,0.100591715976331,,,2,37.12,55.12
2000,REG,00-0009886,,Mo Lewis,OLB,LB,,1,NYJ,0,0,0,0,0,0,0,0,0,0,0,0,,0,,,1,3,0,0,0,1,1.64639964076923,0,0,0,0,0,0,0,0,0,0,,0,,,,,0,0.3,0.3
2000,REG,00-0009960,,Jonathan Linton,FB,RB,,5,BUF,0,0,0,0,0,0,0,0,0,0,0,0,,0,,,31,101,0,3,1,5,-3.91195216908818,0,2,3,7,1,0,0,0,0,1,2.37441014964134,0,0.0,0.0288461538461538,,,0,14.8,16.8
2000,REG,00-0010007,,Kevin Lockett,WR,WR,,14,KC,0,0,0,0,0,0,0,0,0,0,0,0,,0,,,0,0,0,0,0,0,,0,32,53,414,2,1,0,0,0,24,16.4831703156496,0,0.0,0.104536489151874,,,0,53.4,85.4
2000,REG,00-0010137,,Ray Lucas,QB,QB,,6,NYJ,21,39,206,0,2,6,24,2,1,0,0,10,-19.8064964620686,0,0.0,0.0358616605625723,6,42,0,0,0,2,1.56823250350739,0,0,0,0,0,0,0,0,0,0,,0,,,,,0,6.44,6.44
2000,REG,00-0010174,,Keith Lyle,FS,DB,,2,LA,0,0,0,0,0,0,0,0,0,0,0,0,,1,,,1,4,0,0,0,1,1.96927114145365,0,0,0,0,0,0,0,0,0,0,,0,,,,,0,2.4,2.4
2000,REG,00-0010240,,Stacey Mack,RB,RB,,3,JAX,0,0,0,0,0,0,0,0,0,0,0,0,,0,,,54,145,1,2,1,10,-14.495230056782,0,0,0,0,0,0,0,0,0,0,,0,,,,,0,18.5,18.5
2000,REG,00-0010292,,Joel Makovicka,FB,RB,,7,ARI,0,0,0,0,0,0,0,0,0,0,0,0,,0,,,3,8,0,0,0,0,-1.04284075030591,0,6,9,18,0,0,0,0,0,3,-7.21004561305745,0,0.0,0.0436893203883495,,,0,2.6,8.6
2000,REG,00-0010333,,Kris Mangum,TE,TE,,12,CAR,0,0,0,0,0,0,0,0,0,0,0,0,,0,,,0,0,0,0,0,0,,0,19,31,215,1,0,0,0,0,13,7.58623512520037,0,0.0,0.0734597156398104,,,0,27.5,46.5
2000,REG,00-0010346,,Peyton Manning,QB,QB,"https://static.www.nfl.com/image/private/f_auto,q_auto/league/xpcd6auodk3w0vda6jal",16,IND,353,564,4388,33,14,20,131,4,1,0,0,211,140.927868724233,1,0.0,0.137460107333475,35,103,1,1,1,9,-2.6476018675894,0,0,0,0,0,0,0,0,0,0,,0,,,,,0,293.82,293.82
2000,REG,00-0010436,,Cecil Martin,RB,RB,,16,PHI,0,0,0,0,0,0,0,0,0,0,0,0,,0,,,13,77,0,1,1,2,-3.59545208318744,0,31,39,219,0,0,0,0,0,13,3.857146582924,0,0.0,0.0692717584369449,,,0,27.6,58.6
2000,REG,00-0010442,,Curtis Martin,RB,RB,,16,NYJ,1,1,18,1,0,0,0,0,0,0,0,1,3.33488662756281,0,0.0,,309,1156,9,2,2,59,-32.8118393388619,0,69,96,512,2,0,0,0,0,24,-11.715772365925,0,0.0,0.15609756097561,,,0,233.52,302.52
2000,REG,00-0010455,,Jamie Martin,QB,QB,,5,JAX,22,33,307,2,1,0,0,0,0,0,0,16,18.838014984678,0,0.0,0.169145992026325,7,-6,0,0,0,0,-5.18855611252366,0,0,0,0,0,0,0,0,0,0,,0,,,,,0,17.68,17.68
2000,REG,00-0010477,,Tony Martin,WR,WR,,9,MIA,0,0,0,0,0,0,0,0,0,0,0,0,,0,,,0,0,0,0,0,0,,0,24,57,371,0,0,0,0,0,17,-0.452721696463414,0,0.0,0.226190476190476,,,0,37.1,61.1
2000,REG,00-0010500,,Derrick Mason,WR,WR,,14,TEN,0,0,0,0,0,0,0,0,0,0,0,0,,0,,,1,1,0,0,0,0,-0.68424398242496,0,62,87,861,5,0,0,0,0,44,53.1835342789817,0,0.0,0.2265625,,,1,122.2,184.2
2000,REG,00-0010539,,Terance Mathis,WR,WR,,16,ATL,0,0,0,0,0,0,0,0,0,0,0,0,,0,,,1,-5,0,0,0,0,-0.957466706633568,0,56,124,665,5,1,1,0,0,42,-11.0609151186739,0,0.0,0.251521298174442,,,0,94.0,150.0
2000,REG,00-0010550,,Bruce Matthews,G,OL,,1,TEN,0,0,0,0,0,0,0,0,0,0,0,0,,0,,,0,0,0,0,0,0,,0,0,1,0,0,0,0,0,0,0,-6.544145563239,0,,0.032258064516129,,,0,0.0,0.0
2000,REG,00-0010560,,Shane Matthews,QB,QB,,6,CHI,101,176,949,3,6,5,24,1,1,0,0,53,-35.4483816018693,0,0.0,0.0240673068762498,10,35,0,1,0,3,3.58185062592383,0,0,0,0,0,0,0,0,0,0,,0,,,,,0,39.46,39.46
2000,REG,00-0010598,,Alonzo Mayes,TE,TE,,5,CHI,0,0,0,0,0,0,0,0,0,0,0,0,,0,,,0,0,0,0,0,0,,0,4,9,40,0,0,0,0,0,1,-2.3168997578905,0,0.0,0.0573248407643312,,,0,4.0,8.0
2000,REG,00-0010599,,Derrick Mayes,WR,WR,,11,SEA,0,0,0,0,0,0,0,0,0,0,0,0,,0,,,0,0,0,0,0,0,,0,28,46,263,1,0,0,0,0,15,0.545624293474248,0,0.0,0.131805157593123,,,0,32.3,60.3
2000,REG,00-0010632,,Fred McAfee,RB,RB,,2,NO,0,0,0,0,0,0,0,0,0,0,0,0,,0,,,2,37,0,0,0,1,1.35824050998781,0,0,0,0,0,0,0,0,0,0,,0,,,,,0,3.7,3.7
2000,REG,00-0010650,,Ed McCaffrey,WR,WR,,16,DEN,0,0,0,0,0,0,0,0,0,0,0,0,,0,,,0,0,0,0,0,0,,0,99,147,1311,9,0,0,0,0,68,56.029585599846,1,0.0,0.270718232044199,,,0,187.1,286.1
2000,REG,00-0010668,,Keenan McCardell,WR,WR,,16,JAX,0,0,0,0,0,0,0,0,0,0,0,0,,0,,,0,0,0,0,0,0,,0,94,140,1207,5,3,3,0,0,58,34.507530550275,0,0.0,0.263157894736842,,,0,144.7,238.7
2000,REG,00-0010747,,Fred McCrary,RB,RB,,12,LAC,0,0,0,0,0,0,0,0,0,0,0,0,,0,,,7,8,0,1,1,1,-5.27472450956702,0,17,25,122,2,0,0,0,0,8,-0.0549458264140412,0,0.0,0.0639386189258312,,,0,23.0,40.0
2000,REG,00-0010786,,Jeremy McDaniel,WR,WR,,15,BUF,0,0,0,0,0,0,0,0,0,0,0,0,,0,,,0,0,0,0,0,0,,0,40,64,649,2,0,0,0,0,29,37.3270143463784,0,0.0,0.129554655870445,,,0,76.9,116.9
2000,REG,00-0010790,,Randall McDaniel,G,OL,,1,TB,0,0,0,0,0,0,0,0,0,0,0,0,,0,,,0,0,0,0,0,0,,0,1,2,2,1,0,0,0,0,1,1.28725276049227,0,0.0,0.0666666666666667,,,0,6.2,7.2
2000,REG,00-0010824,,O.J. McDuffie,WR,WR,,9,MIA,0,0,0,0,0,0,0,0,0,0,0,0,,0,,,1,-3,0,0,0,0,-0.718394564522896,0,14,25,143,0,0,0,0,0,9,2.82090221828056,0,0.0,0.103305785123967,,,0,14.0,28.0
2000,REG,00-0010843,,Wane McGarity,WR,WR,,13,DAL,0,0,0,0,0,0,0,0,0,0,0,0,,0,,,6,49,1,0,0,2,3.48541136080166,0,25,49,250,0,0,0,0,0,12,-13.1193559520177,0,0.0,0.146706586826347,,,2,47.9,72.9
2000,REG,00-0010859,,Tony McGee,TE,TE,,12,CIN,0,0,0,0,0,0,0,0,0,0,0,0,,0,,,0,0,0,0,0,0,,0,26,49,309,1,0,0,0,0,13,-4.22494235259892,0,0.0,0.147147147147147,,,0,36.9,62.9
2000,REG,00-0010892,,Travis McGriff,WR,WR,,6,DEN,0,0,0,0,0,0,0,0,0,0,0,0,,0,,,0,0,0,0,0,0,,0,2,8,51,1,0,0,0,0,1,1.33899008376091,0,0.0,0.0343347639484979,,,0,11.1,13.1
2000,REG,00-0010951,,Dennis McKinley,RB,RB,,2,ARI,0,0,0,0,0,0,0,0,0,0,0,0,,0,,,0,0,0,0,0,0,,0,2,4,13,0,0,0,0,0,0,-0.47529873700114,0,0.0,0.0597014925373134,,,0,1.3,3.3
2000,REG,00-0010974,,James McKnight,WR,WR,,16,DAL,0,0,0,0,0,0,0,0,0,0,0,0,,0,,,0,0,0,0,0,0,,0,50,104,888,2,1,1,0,0,37,21.3860052194058,0,0.0,0.242990654205607,,,0,98.8,148.8
2000,REG,00-0011022,,Donovan McNabb,QB,QB,,16,PHI,327,563,3320,21,11,45,265,4,2,0,0,179,6.61593477947082,1,0.0,0.0712985088973105,83,623,6,2,1,31,40.7905073398779,0,2,4,5,0,0,0,0,0,0,-2.26786145998631,0,0.0,0.0289855072463768,,,0,289.6,291.6
2000,REG,00-0011024,,Steve McNair,QB,QB,,16,TEN,242,389,2757,15,13,23,136,5,3,0,0,137,14.5233624304705,0,0.0,0.0702705026529017,72,403,0,7,3,23,-4.22594064825381,0,0,0,0,0,0,0,0,0,0,,0,,,,,0,172.58,172.58
2000,REG,00-0011044,,Cade McNown,QB,QB,,10,CHI,153,277,1635,8,8,27,169,3,1,0,0,66,-50.3202521397129,0,0.0,0.0246770480679992,48,319,3,4,2,18,7.93056440275044,0,0,0,0,0,0,0,0,0,0,,0,,,,,0,125.3,125.3
2000,REG,00-0011068,,Johnny McWilliams,TE,TE,,9,MIN,0,0,0,0,0,0,0,0,0,0,0,0,,0,,,0,0,0,0,0,0,,0,21,28,176,3,0,0,0,0,8,8.63891348233678,0,0.0,0.106870229007634,,,0,35.6,56.6
2000,REG,00-0011213,,Glyn Milburn,WR,WR,,3,CHI,0,0,0,0,0,0,0,0,0,0,0,0,,0,,,1,6,0,0,0,0,-0.311082012718543,0,1,3,8,0,0,0,0,0,0,-1.74148806894664,0,0.0,0.0280373831775701,,,0,1.4,2.4
2000,REG,00-0011224,,Itula Mili,TE,TE,,15,SEA,0,0,0,0,0,0,0,0,0,0,0,0,,0,,,0,0,0,0,0,0,,0,28,47,288,3,1,0,0,0,18,11.2435129247296,0,0.0,0.0993657505285412,,,0,46.8,74.8
2000,REG,00-0011236,,Billy Miller,TE,TE,,4,DEN,0,0,0,0,0,0,0,0,0,0,0,0,,0,,,0,0,0,0,0,0,,0,1,4,7,0,0,0,0,0,0,-1.47214531176724,0,0.0,0.0333333333333333,,,0,0.7,1.7
2000,REG,00-0011241,,Bubba Miller,C,OL,,1,PHI,0,0,0,0,0,0,0,0,0,0,0,0,,0,,,0,0,0,0,0,0,,0,1,1,9,0,0,0,0,0,1,0.276931704953313,0,0.0,0.0303030303030303,,,0,0.9,1.9
2000,REG,00-0011276,,Jim Miller,QB,QB,,3,CHI,46,80,376,1,0,2,7,1,0,0,0,22,0.920734478350438,0,0.0,0.0294833250596876,7,5,0,0,0,1,-2.32003832791618,0,0,0,0,0,0,0,0,0,0,,0,,,,,0,19.54,19.54
2000,REG,00-0011279,,Josh Miller,P,SPEC,,1,PIT,0,0,0,0,0,0,0,0,0,0,0,0,,0,,,1,0,0,1,0,0,-3.62020258419216,0,0,0,0,0,0,0,0,0,0,,0,,,,,0,0.0,0.0
2000,REG,00-0011341,,Brian Milne,RB,RB,,3,NO,0,0,0,0,0,0,0,0,0,0,0,0,,0,,,2,1,0,0,0,0,-1.04933281755075,0,5,5,33,1,0,0,0,0,1,1.04271203756798,0,0.0,0.054945054945055,,,0,9.4,14.4
2000,REG,00-0011378,,Rick Mirer,QB,QB,,1,SF,10,20,126,1,0,1,6,0,0,0,0,6,3.39856268127915,1,0.0,0.145806517385118,2,5,0,0,0,1,0.117223034554627,0,0,0,0,0,0,0,0,0,0,,0,,,,,0,11.54,11.54
2000,REG,00-0011392,,Basil Mitchell,RB,RB,,1,GB,0,0,0,0,0,0,0,0,0,0,0,0,,0,,,2,8,0,1,0,0,-0.279709646216361,0,0,2,0,0,0,0,0,0,0,-1.04652530135724,0,,0.0588235294117647,,,0,0.8,0.8
2000,REG,00-0011399,,Brian Mitchell,RB,RB,,14,PHI,1,4,21,0,0,0,0,0,0,0,0,1,-0.116163708502427,0,0.0,,25,187,2,0,0,9,10.730105104578,0,13,21,89,1,0,0,0,0,5,0.107846889460683,0,0.0,0.0623145400593472,,,2,58.44,71.44
2000,REG,00-0011425,,Pete Mitchell,TE,TE,,13,NYG,0,0,0,0,0,0,0,0,0,0,0,0,,0,,,0,0,0,0,0,0,,0,25,37,245,1,1,0,0,0,17,12.224014356631,0,0.0,0.0854503464203233,,,0,30.5,55.5
2000,REG,00-0011434,,Scott Mitchell,QB,QB,,8,CIN,89,186,966,3,8,16,82,3,2,0,0,51,-42.6170058396412,0,0.0,0.0242209845294401,8,44,1,1,0,4,7.20822589861928,0,0,0,0,0,0,0,0,0,0,,0,,,,,0,41.04,41.04
2000,REG,00-0011439,,Tywan Mitchell,TE,TE,,6,ARI,0,0,0,0,0,0,0,0,0,0,0,0,,0,,,0,0,0,0,0,0,,0,5,11,80,0,0,0,0,0,4,1.08357539062854,0,0.0,0.0572916666666667,,,0,8.0,13.0
2000,REG,00-0011463,,Chris Mohr,P,SPEC,,1,BUF,1,1,44,0,0,0,0,0,0,0,0,1,4.89278943534009,0,0.0,,0,0,0,0,0,0,,0,0,0,0,0,0,0,0,0,0,,0,,,,,0,1.76,1.76
2000,REG,00-0011506,,Joe Montgomery,RB,RB,,1,NYG,0,0,0,0,0,0,0,0,0,0,0,0,,0,,,1,4,1,0,0,1,2.06327869137749,0,0,0,0,0,0,0,0,0,0,,0,,,,,0,6.4,6.4
2000,REG,00-0011524,,Warren Moon,QB,QB,,2,KC,15,34,208,1,1,5,46,0,0,0,0,9,-5.81229721581193,0,0.0,0.0239912083043351,2,2,0,1,0,0,-1.70085031593341,0,0,0,0,0,0,0,0,0,0,,0,,,,,0,10.52,10.52
2000,REG,00-0011551,,Dave Moore,TE,TE,,15,TB,0,0,0,0,0,0,0,0,0,0,0,0,,0,,,0,0,0,0,0,0,,0,29,54,288,3,0,0,0,0,17,-2.39110892798651,0,0.0,0.133663366336634,,,0,46.8,75.8
2000,REG,00-0011568,,Herman Moore,WR,WR,,14,DET,0,0,0,0,0,0,0,0,0,0,0,0,,0,,,0,0,0,0,0,0,,0,40,80,434,3,0,0,0,0,24,-4.78026791844191,0,0.0,0.180995475113122,,,0,61.4,101.4
2000,REG,00-0011573,,Jerald Moore,RB,RB,,5,NO,0,0,0,0,0,0,0,0,0,0,0,0,,0,,,36,159,1,0,0,7,1.82107051415369,0,0,0,0,0,0,0,0,0,0,,0,,,,,0,21.9,21.9
2000,REG,00-0011640,,Moses Moreno,QB,QB,,5,LAC,13,28,98,0,2,3,29,2,1,0,0,4,-14.5217852126296,0,0.0,0.0351195063762827,1,0,0,0,0,0,-4.34258490416687,0,0,0,0,0,0,0,0,0,0,,0,,,,,0,-2.08,-2.08
2000,REG,00-0011718,,Harold Morrow,FB,RB,,1,MIN,0,0,0,0,0,0,0,0,0,0,0,0,,0,,,0,0,0,0,0,0,,0,1,1,2,0,0,0,0,0,0,-0.399471659911796,0,0.0,0.0344827586206897,,,0,0.2,1.2
2000,REG,00-0011727,,Johnnie Morton,WR,WR,,16,DET,0,0,0,0,0,0,0,0,0,0,0,0,,0,,,4,25,0,0,0,1,-0.822547781397589,0,60,114,765,3,1,1,0,0,39,10.9391486525924,1,0.0,0.235537190082645,,,0,97.0,157.0
2000,REG,00-0011754,,Randy Moss,WR,WR,,16,MIN,0,0,0,0,0,0,0,0,0,0,0,0,,0,,,3,5,0,0,0,0,-1.29277523560449,0,76,126,1428,15,2,0,0,0,56,80.1234267233773,1,0.0,0.263048016701461,,,0,235.3,311.3
2000,REG,00-0011770,,Eric Moulds,WR,WR,,15,BUF,0,0,0,0,0,0,0,0,0,0,0,0,,0,,,2,24,0,0,0,1,1.58472879248438,0,90,156,1275,5,1,0,0,0,61,37.721646311028,0,0.0,0.315789473684211,,,0,159.9,249.9
2000,REG,00-0011795,,Muhsin Muhammad,WR,WR,,16,CAR,0,0,0,0,0,0,0,0,0,0,0,0,,0,,,2,12,0,0,0,1,1.06551847961964,0,102,156,1183,6,1,0,0,0,62,33.0709563721715,0,0.0,0.285714285714286,,,0,155.5,257.5
2000,REG,00-0011869,,Adrian Murrell,RB,RB,,10,WAS,0,0,0,0,0,0,0,0,0,0,0,0,,0,,,19,40,0,0,0,2,-11.3307976166568,0,16,22,93,0,0,0,0,0,1,-3.57780107145663,0,0.0,0.0944206008583691,,,0,13.3,29.3
2000,REG,00-0011958,,Lorenzo Neal,FB,RB,,9,TEN,0,0,0,0,0,0,0,0,0,0,0,0,,0,,,1,-2,0,0,0,0,-0.809863047208637,0,8,12,25,2,0,0,0,0,3,-1.03485733619493,0,0.0,0.0504201680672269,,,0,14.3,22.3
2000,REG,00-0012261,,Neil O'Donnell,QB,QB,,6,TEN,35,62,521,2,3,3,23,0,0,0,0,24,13.0309871812537,0,0.0,0.0924103826624166,9,-2,0,0,0,0,-3.51867183618015,0,0,0,0,0,0,0,0,0,0,,0,,,,,0,22.64,22.64
2000,REG,00-0012321,,Jeff Ogden,WR,WR,,4,MIA,0,0,0,0,0,0,0,0,0,0,0,0,,0,,,0,0,0,0,0,0,,0,2,3,24,0,0,0,0,0,2,4.6322742663906,0,0.0,0.032967032967033,,,1,8.4,10.4
2000,REG,00-0012370,,Brock Olivo,RB,RB,,3,DET,0,0,0,0,0,0,0,0,0,0,0,0,,0,,,0,0,0,0,0,0,,0,3,4,50,0,0,0,0,0,3,-0.582767286454327,0,0.0,0.0350877192982456,,,0,5.0,8.0
2000,REG,00-0012478,,Terrell Owens,WR,WR,,14,SF,0,0,0,0,0,0,0,0,0,0,0,0,,0,,,2,6,0,1,1,0,-4.5503376305569,0,95,143,1436,13,2,0,0,0,64,78.7198087593607,1,0.0,0.286573146292585,,,0,222.2,317.2
2000,REG,00-0012515,,David Palmer,RB,RB,,1,MIN,0,0,0,0,0,0,0,0,0,0,0,0,,0,,,0,0,0,0,0,0,,0,1,1,-2,0,0,0,0,0,0,-1.00306476466358,0,0.0,0.027027027027027,,,0,-0.2,0.8
2000,REG,00-0012556,,De'Mond Parker,RB,RB,,8,GB,0,0,0,0,0,0,0,0,0,0,0,0,,0,,,18,85,0,0,0,4,-1.26147968006524,0,9,12,50,0,0,0,0,0,3,-0.981364686100278,0,0.0,0.0576923076923077,,,0,13.5,22.5
2000,REG,00-0012569,,Larry Parker,WR,WR,,2,KC,0,0,0,0,0,0,0,0,0,0,0,0,,0,,,1,-7,0,0,0,0,-1.22125873353798,0,2,3,33,0,0,0,0,0,1,2.29230664164061,0,0.0,0.0638297872340426,,,0,2.6,4.6
2000,REG,00-0012603,,Bernie Parmalee,RB,RB,,4,NYJ,0,0,0,0,0,0,0,0,0,0,0,0,,0,,,25,84,2,0,0,7,2.6583045401494,0,9,13,66,0,0,0,0,0,2,1.17381124122322,0,0.0,0.123809523809524,,,0,27.0,36.0
2000,REG,00-0012637,,Jerome Pathon,WR,WR,,16,IND,0,0,0,0,0,0,0,0,0,0,0,0,,0,,,1,3,0,0,0,0,-0.202900839969516,0,49,87,639,3,0,0,0,0,33,16.4961775019023,0,0.0,0.157039711191336,,,0,82.2,131.2
2000,REG,00-0012642,,David Patten,WR,WR,,12,CLE,0,0,0,0,0,0,0,0,0,0,0,0,,0,,,0,0,0,0,0,0,,0,37,71,541,1,2,1,0,0,19,12.2229494013009,0,0.0,0.198879551820728,,,0,58.1,95.1
2000,REG,00-0012726,,Doug Pederson,QB,QB,,10,CLE,117,210,1047,2,8,16,111,3,0,0,0,45,-53.2155681518014,0,0.0,0.0264283389956684,17,60,0,1,0,3,-6.14930701639969,0,0,0,0,0,0,0,0,0,0,,0,,,,,0,39.88,39.88
2000,REG,00-0012809,,Ed Perry,LS,SPEC,,1,MIA,0,0,0,0,0,0,0,0,0,0,0,0,,0,,,0,0,0,0,0,0,,0,0,2,0,0,0,0,0,0,0,-5.48380147374701,0,,0.0833333333333333,,,0,0.0,0.0
2000,REG,00-0012953,,Carl Pickens,WR,WR,,8,TEN,0,0,0,0,0,0,0,0,0,0,0,0,,0,,,0,0,0,0,0,0,,0,10,28,242,0,0,0,0,0,9,0.158748972230029,0,0.0,0.117647058823529,,,0,24.2,34.2
2000,REG,00-0013013,,Michael Pittman,RB,RB,"https://static.www.nfl.com/image/private/f_auto,q_auto/league/xt52pieoe86wnuy0imar",16,ARI,0,0,0,0,0,0,0,0,0,0,0,0,,0,,,180,699,4,3,1,35,-23.5213791536498,0,72,90,576,2,2,2,0,0,17,-3.17444556697145,0,0.0,0.182186234817814,,,0,157.5,229.5
2000,REG,00-0013028,,Scott Player,P,SPEC,,1,ARI,0,0,0,0,0,0,0,0,0,0,0,0,,0,,,1,-11,0,0,0,0,-3.48646562930662,0,0,0,0,0,0,0,0,0,0,,0,,,,,0,-1.1,-1.1
2000,REG,00-0013042,,Jake Plummer,QB,QB,,14,ARI,266,469,2852,12,20,22,151,4,2,0,0,130,-42.2654575601764,0,0.0,0.0419457529145129,37,183,0,4,2,12,-4.8853296862358,0,0,0,0,0,0,0,0,0,0,,0,,,,,0,132.38,132.38
2000,REG,00-0013080,,Marcus Pollard,TE,TE,,14,IND,0,0,0,0,0,0,0,0,0,0,0,0,,0,,,0,0,0,0,0,0,,0,30,42,439,3,0,0,0,0,18,26.3052326854086,1,0.0,0.0848484848484849,,,0,63.9,93.9
2000,REG,00-0013097,,Keith Poole,WR,WR,,14,NO,0,0,0,0,0,0,0,0,0,0,0,0,,0,,,0,0,0,0,0,0,,0,21,36,293,1,1,0,0,0,12,4.63613496531515,0,0.0,0.0886699507389163,,,0,35.3,56.3
2000,REG,00-0013108,,Daniel Pope,P,SPEC,,2,CIN,0,0,0,0,0,0,0,0,0,0,0,0,,0,,,2,22,0,1,0,1,0.756902280612849,0,0,0,0,0,0,0,0,0,0,,0,,,,,0,2.2,2.2
2000,REG,00-0013122,,Daryl Porter,DB,DB,,1,BUF,0,0,0,0,0,0,0,0,0,0,0,0,,0,,,0,0,0,0,0,0,,0,1,1,44,0,0,0,0,0,1,4.89278943534009,0,0.0,0.0285714285714286,,,0,4.4,5.4
2000,REG,00-0013232,,Peerless Price,WR,WR,,15,BUF,0,0,0,0,0,0,0,0,0,0,0,0,,0,,,2,32,0,0,0,1,2.28748272638768,0,49,99,690,3,3,3,0,0,31,-4.60997130080181,0,0.0,0.200404858299595,,,0,84.2,133.2
2000,REG,00-0013262,,Stanley Pritchett,RB,RB,,13,PHI,0,0,0,0,0,0,0,0,0,0,0,0,,0,,,57,219,1,1,1,10,-11.3340897798832,0,24,29,182,0,0,0,0,0,14,7.66369522949602,0,0.0,0.0730478589420655,,,0,44.1,68.1
2000,REG,00-0013268,,Ricky Proehl,WR,WR,,12,LA,0,0,0,0,0,0,0,0,0,0,0,0,,0,,,0,0,0,0,0,0,,0,31,39,441,4,0,0,0,0,26,37.5694330929546,0,0.0,0.0864745011086474,,,0,68.1,99.1
2000,REG,00-0013298,,Alfred Pupunu,TE,TE,,2,DET,0,0,0,0,0,0,0,0,0,0,0,0,,0,,,0,0,0,0,0,0,,0,3,3,32,0,0,0,0,0,1,2.33021586487303,0,0.0,0.0476190476190476,,,0,3.2,6.2
2000,REG,00-0013338,,Jonathan Quinn,QB,QB,,1,JAX,0,0,0,0,0,0,0,0,0,0,0,0,,0,,,2,-2,0,0,0,0,-0.380231625284068,0,0,0,0,0,0,0,0,0,0,,0,,,,,0,-0.2,-0.2
2000,REG,00-0013422,,Walter Rasby,TE,TE,,9,DET,0,0,0,0,0,0,0,0,0,0,0,0,,0,,,0,0,0,0,0,0,,0,10,15,78,1,0,0,0,0,6,0.766163234657142,0,0.0,0.0547445255474453,,,0,13.8,23.8
2000,REG,00-0013499,,Andre Reed,WR,WR,,8,WAS,0,0,0,0,0,0,0,0,0,0,0,0,,0,,,0,0,0,0,0,0,,0,10,18,103,1,0,0,0,0,8,0.80011141298752,0,0.0,0.0692307692307692,,,0,16.3,26.3
2000,REG,00-0013512,,Jake Reed,WR,WR,,7,NO,0,0,0,0,0,0,0,0,0,0,0,0,,0,,,0,0,0,0,0,0,,0,16,31,206,0,0,0,0,0,12,-0.701429682963242,0,0.0,0.14622641509434,,,0,20.6,36.6
2000,REG,00-0013622,,Errict Rhett,RB,RB,,5,CLE,0,0,0,0,0,0,0,0,0,0,0,0,,0,,,71,258,0,0,0,10,-16.322556536116,0,14,19,78,0,0,0,0,0,1,-5.1360669862479,0,0.0,0.125,,,0,33.6,47.6
2000,REG,00-0013639,,Jerry Rice,WR,WR,,16,SF,0,1,0,0,0,0,0,0,0,0,0,0,-0.428424923913553,0,,,1,-2,0,1,0,0,-1.22525932616554,0,74,121,799,7,2,2,0,0,48,24.2077175116068,0,0.0,0.215686274509804,,,0,117.7,191.7
2000,REG,00-0013643,,Ron Rice,SS,DB,,1,DET,0,0,0,0,0,0,0,0,0,0,0,0,,0,,,0,0,0,0,0,0,,0,0,1,0,0,0,0,0,0,0,-0.747105378657579,0,,0.0285714285714286,,,0,0.0,0.0
2000,REG,00-0013694,,Tony Richardson,FB,RB,,15,KC,0,0,0,0,0,0,0,0,0,0,0,0,,0,,,140,646,3,1,1,33,-8.54201563403744,0,54,69,446,2,1,1,0,6,17,3.89692048546554,0,0.0,0.129213483146067,,,0,135.2,189.2
2000,REG,00-0013712,,Mikhael Ricks,TE,TE,,2,LAC,0,0,0,0,0,0,0,0,0,0,0,0,,0,,,0,0,0,0,0,0,,0,3,6,35,0,0,0,0,0,2,-8.8858284358593,0,0.0,0.075,,,0,3.5,6.5
2000,REG,00-0013728,,Jay Riemersma,TE,TE,,12,BUF,0,0,0,0,0,0,0,0,0,0,0,0,,0,,,0,0,0,0,0,0,,0,30,59,364,5,1,1,0,0,18,3.57118090808632,0,0.0,0.157754010695187,,,0,64.4,94.4
2000,REG,00-0013770,,Andre Rison,WR,WR,,16,LV,0,0,0,0,0,0,0,0,0,0,0,0,,0,,,0,0,0,0,0,0,,0,39,68,566,6,0,0,0,0,27,28.1894343544644,0,0.0,0.148796498905908,,,0,92.6,131.6
2000,REG,00-0013773,,Jon Ritchie,FB,RB,,11,LV,0,0,0,0,0,0,0,0,0,0,0,0,,0,,,0,0,0,0,0,0,,0,26,33,173,0,0,0,0,0,9,3.27697491949126,0,0.0,0.101226993865031,,,0,17.3,43.3
2000,REG,00-0013785,,Ron Rivers,RB,RB,,2,ATL,0,0,0,0,0,0,0,0,0,0,0,0,,0,,,8,27,0,0,0,1,-1.53356943465769,0,0,1,0,0,0,0,0,0,0,-0.776567714288831,0,,0.037037037037037,,,0,2.7,2.7
2000,REG,00-0013792,,Michael Roan,TE,TE,,1,TEN,0,0,0,0,0,0,0,0,0,0,0,0,,0,,,0,0,0,0,0,0,,0,3,3,12,0,0,0,0,0,0,-0.247238318668678,0,0.0,0.103448275862069,,,0,1.2,4.2
2000,REG,00-0013850,,Damien Robinson,FS,DB,,1,TB,0,0,0,0,0,0,0,0,0,0,0,0,,0,,,0,0,0,0,0,0,,0,1,1,36,0,0,0,0,0,1,4.90823164698668,0,0.0,0.04,,,0,3.6,4.6
2000,REG,00-0013872,,Jeff Robinson,LS,SPEC,,5,LA,0,0,0,0,0,0,0,0,0,0,0,0,,0,,,0,0,0,0,0,0,,0,5,6,52,0,0,0,0,0,3,5.04691503453068,0,0.0,0.0363636363636364,,,0,5.2,10.2
2000,REG,00-0013888,,Marcus Robinson,WR,WR,,11,CHI,0,0,0,0,0,0,0,0,0,0,0,0,,0,,,1,9,0,0,0,0,0.960681133437902,0,54,100,732,5,1,1,0,0,26,14.9173242471297,0,0.0,0.280112044817927,,,0,102.1,156.1
2000,REG,00-0013958,,Charlie Rogers,RB,RB,,2,SEA,0,0,0,0,0,0,0,0,0,0,0,0,,0,,,0,0,0,0,0,0,,0,0,1,0,0,0,0,0,0,0,-0.670486721675843,0,,0.0416666666666667,,,1,6.0,6.0
2000,REG,00-0014071,,Allen Rossum,DB,DB,,2,GB,0,0,0,0,0,0,0,0,0,0,0,0,,0,,,1,16,0,0,0,1,1.5767226042226,0,0,0,0,0,0,0,0,0,0,,0,,,,,1,7.6,7.6
2000,REG,00-0014083,,Tom Rouen,P,SPEC,,1,DEN,0,0,0,0,0,0,0,0,0,0,0,0,,0,,,1,-11,0,0,0,0,-2.6499724489986,0,0,0,0,0,0,0,0,0,0,,0,,,,,0,-1.1,-1.1
2000,REG,00-0014115,,Mark Royals,P,SPEC,,1,TB,1,1,36,0,0,0,0,0,0,0,0,1,4.90823164698668,0,0.0,,0,0,0,0,0,0,,0,0,0,0,0,0,0,0,0,0,,0,,,,,0,1.44,1.44
2000,REG,00-0014211,,Rod Rutledge,TE,TE,,9,NE,0,0,0,0,0,0,0,0,0,0,0,0,,0,,,0,0,0,0,0,0,,0,15,20,103,1,0,0,0,0,3,0.54404692544584,0,0.0,0.062111801242236,,,0,16.3,31.3
2000,REG,00-0014265,,Tarek Saleh,LB,LB,,2,CLE,0,0,0,0,0,0,0,0,0,0,0,0,,0,,,0,0,0,0,0,0,,0,1,2,22,0,0,0,0,0,1,1.25947705813451,0,0.0,0.0266666666666667,,,0,2.2,3.2
2000,REG,00-0014319,,Chris Sanders,WR,WR,,15,TEN,0,0,0,0,0,0,0,0,0,0,0,0,,0,,,0,0,0,0,0,0,,0,32,60,527,0,1,0,0,0,23,11.1288638017546,0,0.0,0.145278450363196,,,0,52.7,84.7
2000,REG,00-0014324,,Deion Sanders,CB,DB,,2,WAS,0,0,0,0,0,0,0,0,0,0,0,0,,0,,,0,0,0,0,0,0,,0,0,2,0,0,0,0,0,0,0,-1.97139883926138,0,,0.0277777777777778,,,0,0.0,0.0
2000,REG,00-0014328,,Frank Sanders,WR,WR,,16,ARI,0,0,0,0,0,0,0,0,0,0,0,0,,0,,,0,0,0,0,0,0,,0,54,116,749,6,0,0,0,0,37,8.71003150068979,0,0.0,0.216822429906542,,,0,110.9,164.9
2000,REG,00-0014450,,Cory Schlesinger,RB,RB,,14,DET,0,0,0,0,0,0,0,0,0,0,0,0,,0,,,1,3,0,0,0,1,-0.0620858795009553,0,12,18,73,0,0,0,0,0,2,-2.26393055240624,0,0.0,0.0424528301886792,,,0,7.6,19.6
2000,REG,00-0014489,,Bill Schroeder,WR,WR,,16,GB,0,0,0,0,0,0,0,0,0,0,0,0,,0,,,2,11,0,0,0,1,-0.30670388834551,0,65,118,999,4,1,1,0,0,51,41.6402052169225,0,0.0,0.199661590524535,,,0,123.0,188.0
2000,REG,00-0014637,,Jason Sehorn,DB,DB,,1,NYG,0,0,0,0,0,0,0,0,0,0,0,0,,0,,,0,0,0,0,0,0,,0,0,0,0,0,0,0,0,0,0,,0,,,,,1,6.0,6.0
2000,REG,00-0014655,,Mike Sellers,TE,TE,,8,WAS,0,0,0,0,0,0,0,0,0,0,0,0,,0,,,1,2,0,0,0,1,0.124282080098055,0,8,11,78,2,0,0,0,0,6,7.57210249360651,0,0.0,0.0424710424710425,,,0,20.0,28.0
2000,REG,00-0014722,,Shannon Sharpe,TE,TE,,16,BAL,0,0,0,0,0,0,0,0,0,0,0,0,,0,,,0,0,0,0,0,0,,0,67,105,810,5,0,0,0,0,36,32.1085357850882,0,0.0,0.216049382716049,,,0,111.0,178.0
2000,REG,00-0014729,,Bobby Shaw,WR,WR,,15,PIT,0,0,0,0,0,0,0,0,0,0,0,0,,0,,,0,0,0,0,0,0,,0,39,68,639,4,2,2,0,0,30,26.8093871827599,0,0.0,0.165853658536585,,,0,83.9,122.9
2000,REG,00-0014733,,Harold Shaw,FB,RB,,5,NE,0,0,0,0,0,0,0,0,0,0,0,0,,0,,,9,12,0,0,0,1,-3.26307787408587,0,2,4,11,0,0,0,0,0,0,-1.15859153488418,0,0.0,0.0336134453781513,,,0,2.3,4.3
2000,REG,00-0014775,,Daimon Shelton,FB,RB,,8,JAX,0,0,0,0,0,0,0,0,0,0,0,0,,0,,,2,3,0,0,0,0,-0.653669062245172,0,4,10,48,0,0,0,0,0,3,-1.89233542990405,0,0.0,0.0367647058823529,,,0,5.1,9.1
2000,REG,00-0014790,,Leslie Shepherd,WR,WR,,12,MIA,0,0,0,0,0,0,0,0,0,0,0,0,,0,,,4,3,0,0,0,1,-2.18775159551296,0,33,55,425,3,0,0,0,0,15,14.2492358931895,0,0.0,0.189655172413793,,,0,60.8,93.8
2000,REG,00-0014918,,Tony Simmons,WR,WR,,12,NE,0,0,0,0,0,0,0,0,0,0,0,0,,0,,,0,0,0,0,0,0,,0,14,30,231,1,0,0,0,0,11,9.11821840633512,0,0.0,0.0710900473933649,,,0,29.1,43.1
2000,REG,00-0014977,,Kaseem Sinceno,TE,TE,,11,CHI,0,0,0,0,0,0,0,0,0,0,0,0,,0,,,0,0,0,0,0,0,,0,23,40,206,0,0,0,0,0,12,-2.84167717920851,0,0.0,0.110497237569061,,,0,20.6,43.6
2000,REG,00-0015048,,David Sloan,TE,TE,,14,DET,0,0,0,0,0,0,0,0,0,0,0,0,,0,,,0,0,0,0,0,0,,0,32,60,379,2,0,0,0,0,19,-3.92562514105923,0,0.0,0.139211136890951,,,0,49.9,81.9
2000,REG,00-0015063,,Torrance Small,WR,WR,,14,PHI,0,1,0,0,1,0,0,0,0,0,0,0,-1.33150307601318,0,,,1,1,0,0,0,0,-0.629850005261594,0,40,92,569,3,0,0,0,0,27,7.03231628171787,1,0.0,0.18436873747495,,,0,75.0,115.0
2000,REG,00-0015082,,Akili Smith,QB,QB,,11,CIN,117,262,1246,3,6,35,186,10,6,0,0,58,-94.4604443583665,0,0.0,0.0264858985734758,38,197,0,5,2,14,3.16667138579068,0,0,0,0,0,0,0,0,0,0,,0,,,,,0,53.54,53.54
2000,REG,00-0015091,,Antowain Smith,RB,RB,,10,BUF,0,0,0,0,0,0,0,0,0,0,0,0,,0,,,101,354,4,1,0,19,-28.3573683156335,0,3,5,20,0,0,0,0,0,1,-0.621540188020092,0,0.0,0.0396825396825397,,,0,61.4,64.4
2000,REG,00-0015152,,Detron Smith,RB,RB,,2,DEN,0,0,0,0,0,0,0,0,0,0,0,0,,0,,,0,0,0,0,0,0,,0,1,3,1,1,0,0,0,0,1,-0.518776053097099,0,0.0,0.0405405405405405,,,0,6.1,7.1
2000,REG,00-0015165,,Emmitt Smith,RB,RB,,16,DAL,0,0,0,0,0,0,0,0,0,0,0,0,,0,,,292,1197,9,6,5,65,-20.5593775006906,0,11,14,79,0,0,0,0,0,2,-2.94878062122734,0,0.0,0.0469798657718121,,,0,171.6,182.6
2000,REG,00-0015194,,Hunter Smith,P,SPEC,,1,IND,0,0,0,0,0,0,0,0,0,0,0,0,,0,,,1,11,0,0,0,1,2.19100647582673,0,0,0,0,0,0,0,0,0,0,,0,,,,,0,1.1,1.1
2000,REG,00-0015218,,Jimmy Smith,WR,WR,,15,JAX,0,0,0,0,0,0,0,0,0,0,0,0,,0,,,0,0,0,0,0,0,,0,91,145,1213,8,1,0,0,0,60,57.4486947503319,0,0.0,0.284872298624754,,,0,169.3,260.3
2000,REG,00-0015242,,Lamar Smith,RB,RB,,14,MIA,0,1,0,0,0,0,0,0,0,0,0,0,-1.29755124635994,0,,,281,1063,14,3,2,59,-26.294881357441,0,27,34,180,2,0,0,0,0,8,-3.4585542070382,0,0.0,0.101796407185629,,,0,216.3,243.3
2000,REG,00-0015286,,Robert Smith,RB,RB,,16,MIN,0,0,0,0,0,0,0,0,0,0,0,0,,0,,,293,1505,7,4,1,63,17.8485988745565,0,36,44,348,3,0,0,0,0,15,14.3435192257073,0,0.0,0.0918580375782881,,,0,243.3,279.3
2000,REG,00-0015290,,Rod Smith,WR,WR,,16,DEN,0,0,0,0,0,0,0,0,0,0,0,0,,0,,,6,99,1,0,0,3,7.22669983690139,0,98,171,1578,8,1,1,0,0,75,60.0362688803458,0,0.0,0.314917127071823,,,0,219.7,317.7
2000,REG,00-0015420,,Jerald Sowell,FB,RB,,6,NYJ,0,0,0,0,0,0,0,0,0,0,0,0,,0,,,2,0,0,0,0,0,-1.93332159827696,0,6,7,84,0,0,0,0,0,2,3.29509760503424,0,0.0,0.0303030303030303,,,0,8.4,14.4
2000,REG,00-0015441,,Marcus Spears,T,OL,,2,KC,0,0,0,0,0,0,0,0,0,0,0,0,,0,,,0,0,0,0,0,0,,0,0,2,0,0,0,0,0,0,0,-2.46075404592645,0,,0.0246913580246914,,,0,0.0,0.0
2000,REG,00-0015507,,Brian Stablein,WR,WR,,8,DET,0,0,0,0,0,0,0,0,0,0,0,0,,0,,,0,0,0,0,0,0,,0,7,11,48,0,1,0,0,0,2,-4.79512747437165,0,0.0,0.0454545454545455,,,0,4.8,11.8
2000,REG,00-0015523,,Duce Staley,RB,RB,,5,PHI,0,0,0,0,0,0,0,0,0,0,0,0,,0,,,77,331,1,1,1,14,-9.69753849145491,0,25,33,201,0,2,1,0,0,12,4.3883301079294,0,0.0,0.197604790419162,,,0,55.2,80.2
2000,REG,00-0015601,,Aaron Stecker,RB,RB,,5,TB,0,0,0,0,0,0,0,0,0,0,0,0,,0,,,12,31,0,0,0,3,-4.57147031987552,0,1,1,15,0,0,0,0,0,0,0.792554138926789,0,0.0,0.0434782608695652,,,0,4.6,5.6
2000,REG,00-0015698,,James Stewart,RB,RB,,16,DET,0,0,0,0,0,0,0,0,0,0,0,0,,0,,,335,1172,10,4,2,66,-37.2983771385261,3,31,46,290,1,0,0,0,0,14,7.15466446154874,0,0.0,0.108747044917258,,,0,214.2,245.2
2000,REG,00-0015700,,Kordell Stewart,QB,QB,,15,PIT,150,286,1827,11,8,28,135,2,1,0,0,90,7.0366332798707,0,0.0,0.0772023678200667,76,426,7,6,2,28,11.7705474972733,0,0,0,0,0,0,0,0,0,0,,0,,,,,0,179.68,179.68
2000,REG,00-0015751,,J.J. Stokes,WR,WR,,15,SF,0,0,0,0,0,0,0,0,0,0,0,0,,0,,,1,6,0,0,0,0,0.253466838388704,0,30,53,524,3,0,0,0,0,26,33.168604438613,1,0.0,0.100378787878788,,,0,73.0,103.0
2000,REG,00-0015754,,Brandon Stokley,WR,WR,,6,BAL,0,0,0,0,0,0,0,0,0,0,0,0,,0,,,1,6,0,0,0,1,1.17513929994311,0,11,17,184,2,0,0,0,0,10,16.5837964499895,0,0.0,0.105590062111801,,,0,31.0,42.0
2000,REG,00-0015759,,Dwight Stone,WR,WR,,3,NYJ,0,0,0,0,0,0,0,0,0,0,0,0,,0,,,2,-1,0,0,0,0,0.0338944212417118,0,0,1,0,0,0,0,0,0,0,-0.462573806522414,0,,0.0232558139534884,,,0,-0.1,-0.1
2000,REG,00-0015811,,Tai Streets,WR,WR,,13,SF,0,0,0,0,0,0,0,0,0,0,0,0,,0,,,0,0,0,0,0,0,,0,19,41,287,0,1,1,0,0,10,-4.10112902401204,0,0.0,0.0921348314606742,,,0,26.7,45.7
2000,REG,00-0015830,,Mack Strong,FB,RB,,15,SEA,0,0,0,0,0,0,0,0,0,0,0,0,,0,,,3,9,0,0,0,1,-0.0974213359877467,0,23,30,141,1,0,0,0,0,7,3.63990361372725,0,0.0,0.0642398286937902,,,0,21.0,44.0
2000,REG,00-0015920,,Jason Suttle,DB,DB,,1,DEN,0,0,0,0,0,0,0,0,0,0,0,0,,0,,,0,0,0,0,0,0,,0,0,0,0,0,0,0,0,0,0,,0,,,,,1,6.0,6.0
2000,REG,00-0015970,,Justin Swift,WR,WR,,2,SF,0,0,0,0,0,0,0,0,0,0,0,0,,0,,,0,0,0,0,0,0,,0,1,3,8,0,0,0,0,0,0,-1.69532559311483,0,0.0,0.0379746835443038,,,0,0.8,1.8
2000,REG,00-0016098,,Fred Taylor,RB,RB,,13,JAX,0,0,0,0,0,0,0,0,0,0,0,0,,0,,,286,1363,12,2,1,72,10.4157085736865,0,36,53,240,2,2,1,0,0,11,-4.98378430900295,0,0.0,0.125592417061611,,,0,240.3,276.3
2000,REG,00-0016178,,Daryl Terrell,T,OL,,1,NO,0,0,0,0,0,0,0,0,0,0,0,0,,0,,,0,0,0,0,0,0,,0,0,1,0,0,0,0,0,0,0,-0.409045751905069,0,,0.0285714285714286,,,0,0.0,0.0
2000,REG,00-0016193,,Vinny Testaverde,QB,QB,,16,NYJ,325,581,3692,21,23,12,63,2,2,0,0,177,9.60083461816262,2,0.0,0.0545404830220805,25,32,0,4,2,3,-21.7213421823108,0,0,0,0,0,0,0,0,0,0,,0,,,,,0,184.88,184.88
2000,REG,00-0016214,,Yancey Thigpen,WR,WR,,11,TEN,0,0,0,0,0,0,0,0,0,0,0,0,,0,,,0,0,0,0,0,0,,0,15,26,289,2,0,0,0,0,10,10.2754679650459,0,0.0,0.0849673202614379,,,0,40.9,55.9
2000,REG,00-0016232,,Chris Thomas,WR,WR,,1,LA,0,0,0,0,0,0,0,0,0,0,0,0,,0,,,0,0,0,0,0,0,,0,0,1,0,0,0,0,0,0,0,-0.702903088764288,0,,0.0256410256410256,,,0,0.0,0.0
2000,REG,00-0016316,,Robert Thomas,FB,RB,,14,DAL,0,0,0,0,0,0,0,0,0,0,0,0,,0,,,15,51,0,2,1,6,-2.88637422496686,0,22,30,111,2,0,0,0,0,4,-1.16861634183442,0,0.0,0.079155672823219,,,0,26.2,48.2
2000,REG,00-0016321,,Rodney Thomas,RB,RB,,13,TEN,0,0,0,0,0,0,0,0,0,0,0,0,,0,,,61,175,0,0,0,6,-18.5057149737304,0,8,11,35,1,1,1,0,0,2,-3.35783618214755,0,0.0,0.0493273542600897,,,0,25.0,33.0
2000,REG,00-0016331,,Thurman Thomas,RB,RB,,8,MIA,0,0,0,0,0,1,2,0,0,0,0,0,-0.258674808574142,0,,,21,112,0,1,1,6,-4.96612428990181,0,13,21,91,1,0,0,0,0,5,-2.40550865829936,0,0.0,0.110526315789474,,,0,24.3,37.3
2000,REG,00-0016347,,Jeff Thomason,TE,TE,,8,PHI,0,0,0,0,0,0,0,0,0,0,0,0,,0,,,0,0,0,0,0,0,,0,10,14,46,5,0,0,0,0,6,7.37723982046009,0,0.0,0.0484429065743945,,,0,34.6,44.6
2000,REG,00-0016440,,James Thrash,WR,WR,,15,WAS,0,0,0,0,0,0,0,0,0,0,0,0,,0,,,10,82,0,0,0,4,3.02446786232758,0,50,74,653,2,0,0,0,0,29,29.6565455797965,0,0.0,0.146245059288538,,,0,85.5,135.5
2000,REG,00-0016550,,Amani Toomer,WR,WR,,16,NYG,0,0,0,0,0,0,0,0,0,0,0,0,,0,,,5,91,1,0,0,5,7.14162752148695,0,77,123,1078,7,1,1,0,0,59,68.8789059596293,0,0.0,0.242125984251968,,,0,162.9,239.9
2000,REG,00-0016654,,Jason Tucker,WR,WR,,11,DAL,0,0,0,0,0,0,0,0,0,0,0,0,,0,,,4,42,1,0,0,2,3.87330220045988,0,13,27,126,0,0,0,0,0,8,-4.38255139378846,0,0.0,0.0879478827361564,,,0,22.8,35.8
2000,REG,00-0016677,,Jerame Tuman,TE,TE,,2,PIT,0,0,0,0,0,0,0,0,0,0,0,0,,0,,,0,0,0,0,0,0,,0,0,2,0,0,0,0,0,0,0,-1.05721715762047,0,,0.04,,,0,0.0,0.0
2000,REG,00-0016691,,Kyle Turley,T,OL,,1,NO,0,0,0,0,0,0,0,0,0,0,0,0,,0,,,0,0,0,0,0,0,,0,1,1,16,0,0,0,0,0,0,0.155658960458823,0,0.0,0.0227272727272727,,,0,1.6,2.6
2000,REG,00-0016811,,Iheanyi Uwaezuoke,WR,WR,,5,CAR,0,0,0,0,0,0,0,0,0,0,0,0,,0,,,0,0,0,0,0,0,,0,4,8,46,0,0,0,0,0,2,1.46519332996104,0,0.0,0.0547945205479452,,,1,10.6,14.6
2000,REG,00-0016821,,Alex Van Dyke,WR,WR,,2,PHI,0,0,0,0,0,0,0,0,0,0,0,0,,0,,,0,0,0,0,0,0,,0,1,6,8,0,0,0,0,0,1,-6.72020573547343,0,0.0,0.101694915254237,,,0,0.8,1.8
2000,REG,00-0016838,,Alex Van Pelt,QB,QB,,1,BUF,4,8,67,0,0,0,0,0,0,0,0,2,2.00012908165809,0,0.0,0.138053735843338,0,0,0,0,0,0,,0,0,0,0,0,0,0,0,0,0,,0,,,,,0,2.68,2.68
2000,REG,00-0016916,,Chris Villarrial,G,OL,,1,CHI,0,0,0,0,0,0,0,0,0,0,0,0,,0,,,0,0,0,0,0,0,,0,0,1,0,0,0,0,0,0,0,-0.32994514668826,0,,0.0256410256410256,,,0,0.0,0.0
2000,REG,00-0017109,,Wesley Walls,TE,TE,,8,CAR,0,0,0,0,0,0,0,0,0,0,0,0,,0,,,0,0,0,0,0,0,,0,30,48,415,2,0,0,0,0,20,23.7788627560196,0,0.0,0.17910447761194,,,0,53.5,83.5
2000,REG,00-0017110,,Chris Walsh,WR,WR,,12,MIN,0,0,0,0,0,0,0,0,0,0,0,0,,0,,,0,0,0,0,0,0,,0,18,22,191,0,0,0,0,0,13,18.656465535576,0,0.0,0.0614525139664804,,,0,19.1,37.1
2000,REG,00-0017127,,Ken Walter,P,SPEC,,1,CAR,0,0,0,0,0,0,0,0,0,0,0,0,,0,,,1,0,0,1,0,0,-0.208801700733602,0,0,0,0,0,0,0,0,0,0,,0,,,,,0,0.0,0.0
2000,REG,00-0017160,,Dedric Ward,WR,WR,,16,NYJ,0,0,0,0,0,0,0,0,0,0,0,0,,0,,,4,23,0,0,0,0,-1.28015503372468,0,54,119,801,3,0,0,0,0,39,3.21124800747225,0,0.0,0.19349593495935,,,0,100.4,154.4
2000,REG,00-0017162,,Hines Ward,WR,WR,,16,PIT,0,0,0,0,0,0,0,0,0,0,0,0,,0,,,4,53,0,0,0,3,3.90345551283099,0,48,83,672,4,1,0,0,0,31,21.6954154711638,0,0.0,0.194835680751174,,,0,96.5,144.5
2000,REG,00-0017200,,Kurt Warner,QB,QB,,11,LA,232,344,3383,21,18,20,115,2,0,0,0,150,102.274959018872,1,0.0,0.149380806255849,18,17,0,2,1,3,-14.5793330154032,0,0,0,0,0,0,0,0,0,0,,0,,,,,0,185.02,185.02
2000,REG,00-0017209,,Chris Warren,RB,RB,,13,PHI,0,0,0,0,0,0,0,0,0,0,0,0,,0,,,72,287,2,3,2,18,-13.8310175280399,0,31,42,297,1,0,0,0,0,12,-12.825222511499,0,0.0,0.117647058823529,,,0,72.4,103.4
2000,REG,00-0017303,,Justin Watson,RB,RB,,9,LA,0,0,0,0,0,0,0,0,0,0,0,0,,0,,,53,242,4,0,0,12,2.45799374458488,0,10,11,56,0,0,0,0,0,1,-2.9516067453369,0,0.0,0.064327485380117,,,0,53.8,63.8
2000,REG,00-0017322,,Ricky Watters,RB,RB,,16,SEA,0,0,0,0,0,0,0,0,0,0,0,0,,0,,,275,1223,7,5,2,60,-6.85894801234134,0,62,90,608,2,0,0,0,0,28,6.54982170298349,0,0.0,0.183299389002037,,,0,233.1,295.1
2000,REG,00-0017356,,Jed Weaver,TE,TE,,7,MIA,0,0,0,0,0,0,0,0,0,0,0,0,,0,,,0,0,0,0,0,0,,0,10,15,179,0,1,1,0,0,8,2.73897203797242,0,0.0,0.0753768844221106,,,0,15.9,25.9
2000,REG,00-0017428,,Mike Wells,DT,DL,,1,CHI,0,0,0,0,0,0,0,0,0,0,0,0,,0,,,0,0,0,0,0,0,,0,1,1,13,0,0,0,0,0,1,2.74000324599911,0,0.0,0.0285714285714286,,,0,1.3,2.3
2000,REG,00-0017470,,Michael Westbrook,WR,WR,,2,WAS,0,0,0,0,0,0,0,0,0,0,0,0,,0,,,0,0,0,0,0,0,,0,9,13,103,0,0,0,0,0,7,3.56420546921436,0,0.0,0.185714285714286,,,0,10.3,19.3
2000,REG,00-0017480,,Ryan Wetnight,TE,TE,,4,GB,0,0,0,0,0,0,0,0,0,0,0,0,,0,,,0,0,0,0,0,0,,0,3,9,20,0,0,0,0,0,0,-4.96929306944367,0,0.0,0.0576923076923077,,,0,2.0,5.0
2000,REG,00-0017486,,Tyrone Wheatley,RB,RB,,14,LV,0,0,0,0,0,0,0,0,0,0,0,0,,0,,,229,1033,9,4,3,50,-18.5886191413641,0,20,34,156,1,0,0,0,0,7,-5.37323538972861,0,0.0,0.101796407185629,,,0,172.9,192.9
2000,REG,00-0017611,,Alvis Whitted,WR,WR,,10,JAX,0,0,0,0,0,0,0,0,0,0,0,0,,0,,,0,0,0,0,0,0,,0,13,26,137,3,1,1,0,0,7,0.708152739156503,0,0.0,0.0785498489425982,,,0,29.7,42.7
2000,REG,00-0017644,,Jermaine Wiggins,TE,TE,,8,NE,0,0,0,0,0,0,0,0,0,0,0,0,,0,,,0,0,0,0,0,0,,0,18,28,207,2,1,1,0,0,12,7.35287615684768,0,0.0,0.0945945945945946,,,0,30.7,48.7
2000,REG,00-0017697,,Terrence Wilkins,WR,WR,,13,IND,0,0,0,0,0,0,0,0,0,0,0,0,,0,,,2,6,0,0,0,0,-0.698597939452156,0,43,67,569,3,1,1,0,0,28,21.7450527568483,0,0.0,0.148888888888889,,,0,73.5,116.5
2000,REG,00-0017829,,Jermaine Williams,RB,RB,,1,JAX,0,0,0,0,0,0,0,0,0,0,0,0,,0,,,2,8,0,0,0,1,1.25764639489353,0,0,0,0,0,0,0,0,0,0,,0,,,,,0,0.8,0.8
2000,REG,00-0017847,,Karl Williams,WR,WR,,3,TB,0,0,0,0,0,0,0,0,0,0,0,0,,0,,,0,0,0,0,0,0,,0,2,3,35,0,0,0,0,0,1,1.37782040121965,0,0.0,0.0666666666666667,,,1,9.5,11.5
2000,REG,00-0017861,,Kevin Williams,DB,DB,,1,NYJ,0,0,0,0,0,0,0,0,0,0,0,0,,0,,,0,0,0,0,0,0,,0,0,0,0,0,0,0,0,0,0,,0,,,,,1,6.0,6.0
2000,REG,00-0017892,,Moe Williams,RB,RB,,13,MIN,0,0,0,0,0,0,0,0,0,0,0,0,,0,,,23,67,0,0,0,4,-7.04737936750911,0,4,7,31,0,0,0,0,0,1,-0.666810039550453,1,0.0,0.0402298850574713,,,0,11.8,15.8
2000,REG,00-0017896,,Nicolas Luchey,RB,RB,,9,CIN,0,0,0,0,0,0,0,0,0,0,0,0,,0,,,10,54,0,1,0,4,0.231157675938448,0,7,19,84,0,0,0,0,0,4,-2.39542272678227,0,0.0,0.0917874396135266,,,0,13.8,20.8
2000,REG,00-0017915,,Ricky Williams,RB,RB,,10,NO,1,1,34,0,0,0,0,0,0,0,0,1,3.7601284495322,0,0.0,,246,985,8,6,3,56,-19.9397248912105,0,43,54,403,1,0,0,0,0,18,17.3793812984937,0,0.0,0.18815331010453,,,0,188.16,231.16
2000,REG,00-0017924,,Roland Williams,TE,TE,,13,LA,0,0,0,0,0,0,0,0,0,0,0,0,,0,,,0,0,0,0,0,0,,0,11,25,102,3,0,0,0,0,6,-1.12922135618282,1,0.0,0.0509164969450102,,,0,30.2,41.2
2000,REG,00-0018056,,Robert Wilson,WR,WR,,6,NO,0,0,0,0,0,0,0,0,0,0,0,0,,0,,,0,0,0,0,0,0,,0,11,19,154,0,0,0,0,0,8,7.48726300193803,0,0.0,0.0969387755102041,,,0,15.4,26.4
2000,REG,00-0018141,,Jon Witman,FB,RB,,5,PIT,0,0,0,0,0,0,0,0,0,0,0,0,,0,,,3,5,0,0,0,0,-4.3403336124029,0,5,7,33,0,0,0,0,0,2,-1.28391914436756,0,0.0,0.0507246376811594,,,0,3.8,8.8
2000,REG,00-0018227,,Charles Woodson,FS,DB,"https://static.www.nfl.com/image/private/f_auto,q_auto/league/gohbupnj3mhletq96zzu",2,LV,0,0,0,0,0,0,0,0,0,0,0,0,,0,,,0,0,0,0,0,0,,0,1,2,8,0,0,0,0,0,1,0.509935696376488,0,0.0,0.0307692307692308,,,0,0.8,1.8
2000,REG,00-0018272,,Anthony Wright,QB,QB,,4,DAL,22,53,237,0,3,12,92,2,2,0,0,10,-45.3881806400798,0,0.0,0.0350737345709505,11,36,0,1,0,1,-4.57666796070407,0,0,0,0,0,0,0,0,0,0,,0,,,,,0,3.08,3.08
2000,REG,00-0018333,,Danny Wuerffel,QB,QB,,1,GB,0,0,0,0,0,0,0,0,0,0,0,0,,0,,,2,-2,0,0,0,0,-0.108794480649522,0,0,0,0,0,0,0,0,0,0,,0,,,,,0,-0.2,-0.2
2000,REG,00-0018343,,Frank Wycheck,TE,TE,,16,TEN,2,2,53,1,0,0,0,0,0,0,0,2,5.74346719722962,0,0.0,,0,0,0,0,0,0,,0,68,107,610,4,2,2,0,0,36,-0.868003825932232,0,0.0,0.239373601789709,,,0,87.12,155.12
2000,REG,00-0018382,,Craig Yeast,WR,WR,,14,CIN,0,0,0,0,0,0,0,0,0,0,0,0,,0,,,1,15,0,0,0,1,1.04315627552569,0,24,51,301,0,0,0,0,0,19,6.48042638054745,0,0.0,0.132124352331606,,,0,31.6,55.6
2000,REG,00-0018483,,Eric Zeier,QB,QB,,3,TB,3,3,19,0,0,0,0,0,0,0,0,1,1.80597236036556,0,0.0,,2,-2,0,0,0,0,-0.85776874050498,0,0,0,0,0,0,0,0,0,0,,0,,,,,0,0.56,0.56
2000,REG,00-0018501,,Amos Zereoue,RB,RB,,2,PIT,0,0,0,0,0,0,0,0,0,0,0,0,,0,,,6,14,0,0,0,1,0.18344322574821,0,0,0,0,0,0,0,0,0,0,,0,,,,,0,1.4,1.4
2000,REG,00-0018568,,Clarence Williams,RB,RB,,1,ARI,0,0,0,0,0,0,0,0,0,0,0,0,,0,,,0,0,0,0,0,0,,0,1,2,5,0,0,0,0,0,0,-1.63951778551564,0,0.0,0.0454545454545455,,,0,0.5,1.5
2000,REG,00-0018608,,Reggie Davis,TE,TE,,1,LAC,0,0,0,0,0,0,0,0,0,0,0,0,,0,,,0,0,0,0,0,0,,0,1,1,8,0,0,0,0,0,0,0.293562829494476,0,0.0,0.0238095238095238,,,0,0.8,1.8
2000,REG,00-0018949,,Tim Seder,K,SPEC,,1,DAL,0,0,0,0,0,0,0,0,0,0,0,0,,0,,,1,1,1,0,0,1,3.14984013489448,0,0,0,0,0,0,0,0,0,0,,0,,,,,0,6.1,6.1
2000,REG,00-0018958,,Laveranues Coles,WR,WR,,10,NYJ,0,0,0,0,0,0,0,0,0,0,0,0,,0,,,2,15,0,0,0,0,0.770411099889316,0,21,41,348,1,0,0,0,0,15,10.1335504563758,1,0.0,0.101234567901235,,,0,44.3,65.3
2000,REG,00-0018964,,Darrick Vaughn,DB,DB,,3,ATL,0,0,0,0,0,0,0,0,0,0,0,0,,0,,,0,0,0,0,0,0,,0,0,0,0,0,0,0,0,0,0,,0,,,,,3,18.0,18.0
2000,REG,00-0018971,,Shyrone Stith,RB,RB,,7,JAX,0,0,0,0,0,0,0,0,0,0,0,0,,0,,,20,55,1,0,0,3,-2.13260779279517,0,0,0,0,0,0,0,0,0,0,,0,,,,,0,11.5,11.5
2000,REG,00-0018977,,Maurice Smith,RB,RB,,5,ATL,0,0,0,0,0,0,0,0,0,0,0,0,,0,,,18,53,0,0,0,4,-5.48393323723533,0,1,1,5,0,0,0,0,0,0,-0.703265269636177,0,0.0,0.0285714285714286,,,0,5.8,6.8
2000,REG,00-0019021,,Bashir Yamini,WR,WR,,1,TEN,0,0,0,0,0,0,0,0,0,0,0,0,,0,,,0,0,0,0,0,0,,0,0,1,0,0,0,0,0,0,0,-0.786680251127109,0,,0.0285714285714286,,,0,0.0,0.0
2000,REG,00-0019025,,Ronney Jenkins,RB,RB,,5,LAC,0,0,0,0,0,0,0,0,0,0,0,0,,0,,,8,6,0,0,0,0,-1.06395493837772,0,1,2,1,0,0,0,0,0,0,-1.6334947211123,0,0.0,0.08,,,1,6.7,7.7
2000,REG,00-0019027,,Bobby Brown,WR,WR,"https://static.www.nfl.com/image/private/f_auto,q_auto/league/jy01cqstalf2vdtn9e64",3,CLE,0,0,0,0,0,0,0,0,0,0,0,0,,0,,,0,0,0,0,0,0,,0,2,7,14,0,0,0,0,0,1,-7.29407559899846,0,0.0,0.0648148148148148,,,0,1.4,3.4
2000,REG,00-0019028,,Herbert Goodman,RB,RB,,3,GB,0,0,0,0,0,0,0,0,0,0,0,0,,0,,,3,-2,0,1,1,0,-5.68348155607237,0,1,1,0,0,0,0,0,0,0,-0.833019874058664,0,,0.024390243902439,,,0,-2.2,-1.2
2000,REG,00-0019057,,Jamel White,RB,RB,,10,CLE,0,0,0,0,0,0,0,0,0,0,0,0,,0,,,46,141,0,0,0,6,-11.3724244092867,0,13,19,100,0,0,0,0,0,3,-2.12624497449724,0,0.0,0.121019108280255,,,0,24.1,37.1
2000,REG,00-0019087,,Doug Johnson,QB,QB,,4,ATL,36,67,406,2,3,13,75,3,3,0,0,21,-33.3990665824361,0,0.0,0.0281005112783109,3,11,0,0,0,1,0.0455101897241548,0,0,0,0,0,0,0,0,0,0,,0,,,,,0,13.34,13.34
2000,REG,00-0019093,,Casey Crawford,TE,TE,,6,CAR,0,0,0,0,0,0,0,0,0,0,0,0,,0,,,0,0,0,0,0,0,,0,4,8,47,1,0,0,0,0,3,-2.04369041934842,0,0.0,0.0406091370558376,,,0,10.7,14.7
2000,REG,00-0019100,,Brad Hoover,FB,RB,,11,CAR,0,0,0,0,0,0,0,0,0,0,0,0,,0,,,88,287,1,0,0,12,-9.48732275743669,0,14,18,108,0,1,1,0,0,5,-6.85307529408601,0,0.0,0.0845070422535211,,,0,43.5,57.5
2000,REG,00-0019109,,Scottie Montgomery,WR,WR,,1,DEN,0,0,0,0,0,0,0,0,0,0,0,0,,0,,,0,0,0,0,0,0,,0,1,1,10,0,0,0,0,0,1,1.7630961376708,0,0.0,0.0333333333333333,,,0,1.0,2.0
2000,REG,00-0019127,,Todd Yoder,TE,TE,,3,TB,0,0,0,0,0,0,0,0,0,0,0,0,,0,,,0,0,0,0,0,0,,0,1,3,1,0,0,0,0,0,0,-3.78702519851504,0,0.0,0.0288461538461538,,,0,0.1,1.1
2000,REG,00-0019135,,Dan Kreider,FB,RB,,6,PIT,0,0,0,0,0,0,0,0,0,0,0,0,,0,,,2,24,0,0,0,1,0.839289578725584,0,5,8,42,0,0,0,0,0,2,0.84872459404869,0,0.0,0.0588235294117647,,,0,6.6,11.6
2000,REG,00-0019192,,Travis Brown,QB,QB,,1,SEA,0,1,0,0,0,0,0,0,0,0,0,0,-1.5103542751167,0,,,0,0,0,0,0,0,,0,0,0,0,0,0,0,0,0,0,,0,,,,,0,0.0,0.0
2000,REG,00-0019206,,Shockmain Davis,WR,WR,,5,NE,0,0,0,0,0,0,0,0,0,0,0,0,,0,,,0,0,0,0,0,0,,0,2,11,12,0,0,0,0,0,1,-6.1766059382644,0,0.0,0.064327485380117,,,0,1.2,3.2
2000,REG,00-0019207,,Chris Eitzmann,TE,TE,,1,NE,0,0,0,0,0,0,0,0,0,0,0,0,,0,,,0,0,0,0,0,0,,0,0,1,0,0,0,0,0,0,0,-0.805216760607436,0,,0.037037037037037,,,0,0.0,0.0
2000,REG,00-0019231,,Larry Foster,WR,WR,,9,DET,0,0,0,0,0,0,0,0,0,0,0,0,,0,,,2,31,0,1,1,1,-3.04106243583374,0,17,26,175,1,1,1,0,14,5,-4.20508349344943,0,0.0,0.0942028985507246,,,0,22.6,39.6
2000,REG,00-0019238,,Jonas Lewis,RB,RB,,1,SF,0,0,0,0,0,0,0,0,0,0,0,0,,0,,,1,6,0,0,0,1,0.367566912726034,0,0,0,0,0,0,0,0,0,0,,0,,,,,0,0.6,0.6
2000,REG,00-0019255,,Curtis Jackson,WR,WR,,3,NE,0,0,0,0,0,0,0,0,0,0,0,0,,0,,,0,0,0,0,0,0,,0,5,12,44,0,0,0,0,0,2,-2.42187988257501,0,0.0,0.104347826086957,,,0,4.4,9.4
2000,REG,00-0019278,,Kevin Thompson,QB,QB,,1,CLE,1,1,8,0,0,0,0,0,0,0,0,0,-0.142309429123998,0,0.0,,1,0,0,1,0,0,-0.399422891903669,0,0,0,0,0,0,0,0,0,0,,0,,,,,0,0.32,0.32
2000,REG,00-0019290,,Zeron Flemister,TE,TE,,2,WAS,0,0,0,0,0,0,0,0,0,0,0,0,,0,,,0,0,0,0,0,0,,0,1,2,8,0,0,0,0,0,0,-0.161107263062149,0,0.0,0.0303030303030303,,,0,0.8,1.8
2000,REG,00-0019338,,Damon Hodge,WR,WR,,3,DAL,0,0,0,0,0,0,0,0,0,0,0,0,,0,,,0,0,0,0,0,0,,0,4,10,60,0,0,0,0,0,3,-2.04748966911575,0,0.0,0.105263157894737,,,0,6.0,10.0
2000,REG,00-0019350,,Kwame Cavil,WR,WR,,4,BUF,0,0,0,0,0,0,0,0,0,0,0,0,,0,,,0,0,0,0,0,0,,0,4,8,66,0,0,0,0,0,3,0.718980066623772,0,0.0,0.0533333333333333,,,0,6.6,10.6
2000,REG,00-0019382,,KaRon Coleman,RB,RB,,7,DEN,0,0,0,0,0,0,0,0,0,0,0,0,,0,,,53,182,1,2,1,10,-0.202047133585438,0,1,3,5,0,0,0,0,0,0,-4.84965398150962,0,0.0,0.037037037037037,,,0,22.7,23.7
2000,REG,00-0019435,,Mike Leach,LS,SPEC,"https://static.www.nfl.com/image/private/f_auto,q_auto/league/ilrirkvxmxbeedplpjhm",1,TEN,0,0,0,0,0,0,0,0,0,0,0,0,,0,,,0,0,0,0,0,0,,0,0,1,0,0,0,0,0,0,0,-0.325210926355794,0,,0.0285714285714286,,,0,0.0,0.0
2000,REG,00-0019442,,Clint Stoerner,QB,QB,,1,DAL,2,4,24,1,0,2,21,0,0,0,0,1,3.77522097289329,0,0.0,,0,0,0,0,0,0,,0,0,0,0,0,0,0,0,0,0,,0,,,,,0,4.96,4.96
2000,REG,00-0019455,,Peter Warrick,WR,WR,,16,CIN,0,0,0,0,0,0,0,0,0,0,0,0,,0,,,15,145,2,0,0,6,7.70673308236292,0,50,124,585,4,0,0,0,0,33,-8.40950737205625,0,0.0,0.287037037037037,,,1,115.0,165.0
2000,REG,00-0019457,,Anthony Becht,TE,TE,,10,NYJ,0,0,0,0,0,0,0,0,0,0,0,0,,0,,,0,0,0,0,0,0,,0,16,30,144,2,0,0,0,0,9,-3.35797592249323,0,0.0,0.077720207253886,,,0,26.4,42.4
2000,REG,00-0019461,,JaJuan Dawson,WR,WR,,2,CLE,0,0,0,0,0,0,0,0,0,0,0,0,,0,,,0,0,0,0,0,0,,0,9,14,97,1,0,0,0,0,6,6.20269759045914,0,0.0,0.25,,,0,15.7,24.7
2000,REG,00-0019464,,Dustin Lyman,TE,TE,,3,CHI,0,0,0,0,0,0,0,0,0,0,0,0,,0,,,0,0,0,0,0,0,,0,1,3,4,0,0,0,0,0,0,-1.19361358083552,0,0.0,0.032258064516129,,,0,0.4,1.4
2000,REG,00-0019466,,Curtis Keaton,RB,RB,,3,CIN,0,0,0,0,0,0,0,0,0,0,0,0,,0,,,6,24,0,0,0,1,0.422677782829851,0,0,0,0,0,0,0,0,0,0,,0,,,,,0,2.4,2.4
2000,REG,00-0019471,,Frank Moreau,RB,RB,,9,KC,0,0,0,0,0,0,0,0,0,0,0,0,,0,,,49,121,3,2,1,12,-9.03494994844874,0,0,0,0,0,0,0,0,0,0,,0,,,,,0,28.1,28.1
2000,REG,00-0019473,,Deon Dyer,RB,RB,,1,MIA,0,0,0,0,0,0,0,0,0,0,0,0,,0,,,0,0,0,0,0,0,,0,2,2,14,0,0,0,0,0,1,0.45431254117284,0,0.0,0.0434782608695652,,,0,1.4,3.4
2000,REG,00-0019481,,Windrell Hayes,WR,WR,,7,NYJ,0,0,0,0,0,0,0,0,0,0,0,0,,0,,,1,2,0,0,0,0,-0.405548659153283,0,6,19,126,0,0,0,0,0,6,-0.0522792049387051,0,0.0,0.076,,,0,12.8,18.8
2000,REG,00-0019484,,Sammy Morris,RB,RB,,11,BUF,0,0,0,0,0,0,0,0,0,0,0,0,,0,,,86,319,4,0,0,27,-4.78219993042876,0,35,41,262,1,0,0,0,0,7,3.8763820483335,0,0.0,0.122754491017964,,,0,88.1,123.1
2000,REG,00-0019486,,Jay Tant,TE,TE,,1,ARI,0,0,0,0,0,0,0,0,0,0,0,0,,0,,,0,0,0,0,0,0,,0,1,2,4,0,0,0,0,0,1,0.47491073096171,0,0.0,0.0465116279069768,,,0,0.4,1.4
2000,REG,00-0019491,,James Williams,WR,WR,,7,SEA,0,0,0,0,0,0,0,0,0,0,0,0,,0,,,1,-5,0,0,0,0,-0.928939444478601,0,8,16,99,0,0,0,0,0,6,-2.24997146194063,0,0.0,0.0747663551401869,,,0,9.4,17.4
2000,REG,00-0019505,,Charles Lee,WR,WR,,9,GB,0,0,0,0,0,0,0,0,0,0,0,0,,0,,,0,0,0,0,0,0,,0,9,20,126,0,0,0,0,0,7,-0.434803173058221,0,0.0,0.0561797752808989,,,0,12.6,21.6
2000,REG,00-0019516,,Troy Hambrick,RB,RB,,1,DAL,0,0,0,0,0,0,0,0,0,0,0,0,,0,,,6,28,0,0,0,2,-0.49830440140795,0,0,0,0,0,0,0,0,0,0,,0,,,,,0,2.8,2.8
2000,REG,00-0019533,,Patrick Pass,RB,RB,,4,NE,0,0,0,0,0,0,0,0,0,0,0,0,,0,,,18,58,0,0,0,2,-1.90374856459675,0,4,8,17,0,0,0,0,0,0,-2.48717235750519,0,0.0,0.0689655172413793,,,0,7.5,11.5
2000,REG,00-0019543,,Danny Farmer,WR,WR,,9,CIN,0,0,0,0,0,0,0,0,0,0,0,0,,0,,,0,0,0,0,0,0,,0,19,33,268,0,1,1,0,0,13,3.42899477935801,0,0.0,0.14410480349345,,,0,24.8,43.8
2000,REG,00-0019552,,Troy Walters,WR,WR,,2,MIN,0,0,0,0,0,0,0,0,0,0,0,0,,0,,,1,3,0,0,0,0,-0.526364046381787,0,1,1,5,0,0,0,0,0,0,-0.663240193389356,0,0.0,0.0526315789473684,,,0,0.8,1.8
2000,REG,00-0019553,,Spergon Wynn,QB,QB,,7,CLE,21,53,150,0,1,13,89,2,2,0,0,5,-51.5542468557833,0,0.0,0.0482625678167702,3,15,0,0,0,0,-0.0732435390818864,0,0,0,0,0,0,0,0,0,0,,0,,,,,0,1.5,1.5
2000,REG,00-0019559,,Chad Pennington,QB,QB,,1,NYJ,2,5,67,1,0,1,4,0,0,0,0,2,7.07823493971955,0,0.0,0.293751224725134,1,0,0,0,0,0,-1.13097213744186,0,0,0,0,0,0,0,0,0,0,,0,,,,,0,6.68,6.68
2000,REG,00-0019564,,Aaron Shea,TE,TE,,14,CLE,0,0,0,0,0,0,0,0,0,0,0,0,,0,,,0,0,0,0,0,0,,0,30,50,302,2,1,1,0,0,10,-10.2431419370425,0,0.0,0.117647058823529,,,0,40.2,70.2
2000,REG,00-0019576,,Mike Green,RB,RB,,1,TEN,0,0,0,0,0,0,0,0,0,0,0,0,,0,,,0,0,0,0,0,0,,0,0,1,0,0,0,0,0,0,0,-1.7078244893346,0,,0.0263157894736842,,,0,0.0,0.0
2000,REG,00-0019579,,Joe Hamilton,QB,QB,,1,TB,0,0,0,0,0,1,1,1,1,0,0,0,-2.54414761322551,0,,,1,-2,0,0,0,0,-0.480560638534371,0,0,0,0,0,0,0,0,0,0,,0,,,,,0,-2.2,-2.2
2000,REG,00-0019587,,Terrelle Smith,FB,RB,,12,NO,0,0,0,0,0,0,0,0,0,0,0,0,,0,,,29,131,0,1,0,5,-1.51964665009291,0,12,18,65,0,0,0,0,0,1,-1.53032711480314,0,0.0,0.0753138075313808,,,0,19.6,31.6
2000,REG,00-0019590,,Chad Morton,RB,RB,,14,NO,0,0,0,0,0,0,0,0,0,0,0,0,,0,,,32,105,0,0,0,6,-3.63467683267663,0,27,34,202,0,0,0,0,0,9,-0.93025638009831,0,0.0,0.0941828254847645,,,0,30.7,57.7
2000,REG,00-0019594,,Mike Anderson,RB,RB,,14,DEN,0,0,0,0,0,0,0,0,0,0,0,0,,0,,,295,1491,15,4,3,77,17.3913065037783,1,23,32,169,0,0,0,0,0,8,6.69176918524317,0,0.0,0.0812182741116751,,,0,252.0,275.0
2000,REG,00-0019596,T.Brady,Tom Brady,QB,QB,"https://static.www.nfl.com/image/private/f_auto,q_auto/league/q7dpdlxyu5rs05rgh1le",1,NE,1,3,6,0,0,0,0,0,0,0,0,0,-1.3424759330228,0,0.0,,0,0,0,0,0,0,,0,0,0,0,0,0,0,0,0,0,,0,,,,,0,0.24,0.24
2000,REG,00-0019604,,R.Jay Soward,WR,WR,,10,JAX,0,0,0,0,0,0,0,0,0,0,0,0,,0,,,3,28,0,0,0,1,0.888493968988769,0,14,34,154,1,0,0,0,0,5,-11.5337385947748,0,0.0,0.0971428571428571,,,0,24.2,38.2
2000,REG,00-0019606,,Todd Pinkston,WR,WR,,15,PHI,0,0,0,0,0,0,0,0,0,0,0,0,,0,,,0,0,0,0,0,0,,0,10,33,181,0,0,0,0,0,7,-2.06217756355832,0,0.0,0.0625,,,0,18.1,28.1
2000,REG,00-0019609,,Travis Prentice,RB,RB,,15,CLE,0,0,0,0,0,0,0,0,0,0,0,0,,0,,,171,496,7,1,1,29,-29.615564506876,0,37,43,191,1,1,0,0,0,7,-11.5597230944287,0,0.0,0.0977272727272727,,,0,114.7,151.7
2000,REG,00-0019614,,Michael Wiley,RB,RB,,8,DAL,0,0,0,0,0,0,0,0,0,0,0,0,,0,,,24,88,0,1,0,5,-4.28917849826258,0,14,18,72,1,2,2,0,0,3,-4.92498872216228,0,0.0,0.0849056603773585,,,0,18.0,32.0
2000,REG,00-0019622,,Todd Husak,QB,QB,,1,WAS,2,2,-2,0,0,0,0,0,0,0,0,0,-1.38389413850382,0,0.0,,1,-1,0,0,0,0,-0.514442959800363,0,0,0,0,0,0,0,0,0,0,,0,,,,,0,-0.18,-0.18
2000,REG,00-0019623,,Tim Rattay,QB,QB,,1,SF,1,1,-4,0,0,0,0,0,0,0,0,0,-1.4946456841426,0,0.0,,2,-1,0,0,0,0,-3.88836311700288,0,0,0,0,0,0,0,0,0,0,,0,,,,,0,-0.26,-0.26
2000,REG,00-0019641,,Thomas Jones,RB,RB,,14,ARI,0,0,0,0,0,0,0,0,0,0,0,0,,0,,,112,373,2,3,2,23,-24.3928857379981,0,32,46,208,0,1,1,0,0,9,-9.55073914885334,0,0.0,0.1,,,0,64.1,96.1
2000,REG,00-0019642,,Plaxico Burress,WR,WR,,11,PIT,0,0,0,0,0,0,0,0,0,0,0,0,,0,,,0,0,0,0,0,0,,0,22,64,273,0,1,1,0,0,13,-18.2078338969784,0,0.0,0.217687074829932,,,0,25.3,47.3
2000,REG,00-0019643,,Ron Dayne,RB,RB,,16,NYG,0,0,0,0,0,0,0,0,0,0,0,0,,0,,,226,758,5,1,1,47,-31.6179802990861,0,3,3,11,0,0,0,0,0,1,-1.796006045629,0,0.0,0.0340909090909091,,,0,104.9,107.9
2000,REG,00-0019644,,Bubba Franks,TE,TE,,15,GB,0,0,0,0,0,0,0,0,0,0,0,0,,0,,,0,0,0,0,0,0,,0,34,55,363,1,1,0,0,0,16,-6.85257858016183,0,0.0,0.0992779783393502,,,0,42.3,76.3
2000,REG,00-0019645,,Deltha O'Neal,DB,DB,,1,DEN,0,0,0,0,0,0,0,0,0,0,0,0,,0,,,0,0,0,0,0,0,,0,0,0,0,0,0,0,0,0,0,,0,,,,,1,6.0,6.0
2000,REG,00-0019647,,Shaun Alexander,RB,RB,,16,SEA,0,0,0,0,0,0,0,0,0,0,0,0,,0,,,64,313,2,2,2,20,-4.69190093909856,0,5,11,41,0,0,0,0,0,2,-6.31514838017756,0,0.0,0.0582010582010582,,,0,43.4,48.4
2000,REG,00-0019649,,Trung Canidate,RB,RB,,2,LA,0,0,0,0,0,0,0,0,0,0,0,0,,0,,,3,6,0,0,0,0,-0.84523770067608,0,1,3,4,0,0,0,0,0,0,-11.5835820950451,0,0.0,0.0326086956521739,,,0,1.0,2.0
2000,REG,00-0019650,,Dennis Northcutt,WR,WR,,15,CLE,0,0,0,0,0,0,0,0,0,0,0,0,,0,,,9,33,0,0,0,1,0.356782169372309,0,38,80,405,0,0,0,0,11,25,-12.6875829458429,0,0.0,0.183066361556064,,,0,43.8,81.8
2000,REG,00-0019652,,Ian Gold,OLB,LB,,1,DEN,0,0,0,0,0,0,0,0,0,0,0,0,,0,,,0,0,0,0,0,0,,0,0,0,0,0,0,0,0,0,0,,0,,,,,1,6.0,6.0
2000,REG,00-0019659,,Erron Kinney,TE,TE,,13,TEN,0,0,0,0,0,0,0,0,0,0,0,0,,0,,,0,0,0,0,0,0,,0,19,34,197,1,1,1,0,0,10,-16.3556617045017,0,0.0,0.0923913043478261,,,0,23.7,42.7
2000,REG,00-0019660,,Dez White,WR,WR,,9,CHI,0,0,0,0,0,0,0,0,0,0,0,0,,0,,,0,0,0,0,0,0,,0,10,21,87,1,1,1,0,0,2,-22.2972920824251,0,0.0,0.0719178082191781,,,0,12.7,22.7
2000,REG,00-0019662,,Ron Dixon,WR,WR,,11,NYG,0,0,0,0,0,0,0,0,0,0,0,0,,0,,,2,13,0,0,0,1,0.0802166829048072,0,6,24,92,1,0,0,0,0,5,-5.84194558750217,0,0.0,0.0701754385964912,,,0,16.5,22.5
2000,REG,00-0019663,,Darrell Jackson,WR,WR,,16,SEA,0,0,0,0,0,0,0,0,0,0,0,0,,0,,,1,-1,0,0,0,0,-0.622674675425515,0,53,93,713,6,2,2,0,0,31,5.07350158355895,0,0.0,0.189409368635438,,,0,103.2,156.2
2000,REG,00-0019670,,Trevor Gaylor,WR,WR,,9,LAC,0,0,0,0,0,0,0,0,0,0,0,0,,0,,,0,0,0,0,0,0,,0,12,28,174,1,0,0,0,0,7,1.92638670699671,0,0.0,0.0877742946708464,,,0,23.4,35.4
2000,REG,00-0019673,,Paul Smith,RB,RB,,8,SF,0,0,0,0,0,0,0,0,0,0,0,0,,0,,,18,72,0,0,0,3,-4.26826576484018,0,2,3,55,0,0,0,0,0,1,2.87401773961028,0,0.0,0.0454545454545455,,,0,12.7,14.7
2000,REG,00-0019676,,Neil Rackers,K,SPEC,,1,CIN,0,0,0,0,0,0,0,0,0,0,0,0,,0,,,1,-5,0,0,0,0,-3.09461198595818,0,0,0,0,0,0,0,0,0,0,,0,,,,,0,-0.5,-0.5
2000,REG,00-0019682,,Jarious Jackson,QB,QB,,2,DEN,0,1,0,0,0,1,5,0,0,0,0,0,-2.79921891912818,0,,,1,-1,0,0,0,0,-2.06538363470463,0,0,0,0,0,0,0,0,0,0,,0,,,,,0,-0.1,-0.1
2000,REG,00-0019693,,Jamal Lewis,RB,RB,,16,BAL,0,0,0,0,0,0,0,0,0,0,0,0,,0,,,307,1338,6,4,0,61,-1.7465022962022,1,27,36,296,0,2,2,0,0,9,-0.318880058164967,0,0.0,0.0916030534351145,,,0,197.4,224.4
2000,REG,00-0019694,,Corey Simon,DT,DL,,1,PHI,0,0,0,0,0,0,0,0,0,0,0,0,,0,,,0,0,0,0,0,0,,0,0,1,0,0,0,0,0,0,0,-0.651041748584248,0,,0.0333333333333333,,,0,0.0,0.0
2000,REG,00-0019703,,Jerry Porter,WR,WR,,2,LV,0,0,0,0,0,0,0,0,0,0,0,0,,0,,,0,0,0,0,0,0,,0,1,2,6,0,0,0,0,0,0,-0.0214493288658559,0,0.0,0.0273972602739726,,,0,0.6,1.6
2000,REG,00-0019708,,Ron Dugans,WR,WR,,8,CIN,0,0,0,0,0,0,0,0,0,0,0,0,,0,,,0,0,0,0,0,0,,0,14,38,125,1,0,0,0,0,8,-13.7750142366276,0,0.0,0.152,,,0,18.5,32.5
2000,REG,00-0019709,,Chris Redman,QB,QB,,1,BAL,2,3,19,0,0,0,0,0,0,0,0,1,-2.0725614428291,0,0.0,,0,0,0,0,0,0,,0,0,0,0,0,0,0,0,0,0,,0,,,,,0,0.76,0.76
2000,REG,00-0019710,,Hank Poteat,FS,DB,,1,PIT,0,0,0,0,0,0,0,0,0,0,0,0,,0,,,0,0,0,0,0,0,,0,0,0,0,0,0,0,0,0,0,,0,,,,,1,6.0,6.0
2000,REG,00-0019721,,Travis Taylor,WR,WR,,9,BAL,0,0,0,0,0,0,0,0,0,0,0,0,,0,,,1,-1,0,0,0,0,-1.05603256565519,0,28,55,276,3,1,1,0,0,17,-4.88831914258832,0,0.0,0.183333333333333,,,0,43.5,71.5
2000,REG,00-0019722,,J.R. Redmond,RB,RB,,11,NE,0,0,0,0,0,0,0,0,0,0,0,0,,0,,,124,406,1,1,0,14,-18.8739340203465,0,20,29,126,2,1,0,0,0,5,-6.61040972685848,0,0.0,0.0863095238095238,,,0,71.2,91.2
2000,REG,00-0019726,,Sylvester Morris,WR,WR,,14,KC,1,1,31,0,0,0,0,0,0,0,0,1,2.02102083584759,0,0.0,,0,0,0,0,0,0,,0,42,98,566,0,3,3,0,0,26,-8.55478614299292,0,0.0,0.196,,,0,51.84,93.84
2000,POST,00-0000232,,Terry Allen,RB,RB,,2,NO,0,0,0,0,0,0,0,0,0,0,0,0,,0,,,17,22,0,0,0,0,-7.93631281889975,0,1,1,6,0,0,0,0,0,0,0.10227338434197,0,0.0,0.0357142857142857,,,0,2.8,3.8
2000,POST,00-0000251,,Mike Alstott,FB,RB,,1,TB,0,0,0,0,0,0,0,0,0,0,0,0,,0,,,7,42,0,0,0,2,0.950181272288319,0,2,2,14,0,0,0,0,0,0,0.905818470520899,0,0.0,0.0666666666666667,,,0,5.6,7.6
2000,POST,00-0000387,,Reidel Anthony,WR,WR,,1,TB,0,0,0,0,0,0,0,0,0,0,0,0,,0,,,0,0,0,0,0,0,,0,1,3,6,0,0,0,0,0,0,-1.87433605687693,0,0.0,0.1,,,0,0.6,1.6
2000,POST,00-0000722,,Tony Banks,QB,QB,,3,BAL,0,3,0,0,0,0,0,0,0,0,0,0,-2.77281483216211,0,,,1,-1,0,0,0,0,-0.746673129033297,0,0,0,0,0,0,0,0,0,0,,0,,,,,0,-0.1,-0.1
2000,POST,00-0000745,,Tiki Barber,RB,RB,,3,NYG,0,0,0,0,0,0,0,0,0,0,0,0,,0,,,37,153,0,1,1,9,-8.94547451098963,0,12,19,60,0,1,0,0,0,2,-6.88478298601694,0,0.0,0.197916666666667,,,0,19.3,31.3
2000,POST,00-0001766,,Jeremy Brigham,TE,TE,,2,LV,0,0,0,0,0,0,0,0,0,0,0,0,,0,,,0,0,0,0,0,0,,0,2,5,24,0,0,0,0,0,1,1.27310150500853,0,0.0,0.0925925925925926,,,0,2.4,4.4
2000,POST,00-0001823,,Aaron Brooks,QB,QB,,2,NO,44,75,544,5,3,4,24,0,0,0,0,27,9.9143776362597,0,0.0,0.11079787525635,15,55,0,2,0,4,-1.86923168066605,0,0,0,0,0,0,0,0,0,0,,0,,,,,0,41.26,41.26
2000,POST,00-0001862,,Luther Broughton,TE,TE,,1,PHI,0,0,0,0,0,0,0,0,0,0,0,0,,0,,,0,0,0,0,0,0,,0,1,1,13,0,0,0,0,0,0,-0.322968085063621,0,0.0,0.025,,,0,1.3,2.3
2000,POST,00-0002005,,Na Brown,WR,WR,,2,PHI,0,0,0,0,0,0,0,0,0,0,0,0,,0,,,0,0,0,0,0,0,,0,2,9,9,1,0,0,0,0,1,-5.58667588519165,0,0.0,0.125,,,0,6.9,8.9
2000,POST,00-0002058,,Tim Brown,WR,WR,,2,LV,0,0,0,0,0,0,0,0,0,0,0,0,,0,,,0,0,0,0,0,0,,0,7,12,75,0,0,0,0,0,4,1.18300444073975,0,0.0,0.222222222222222,,,0,7.5,14.5
2000,POST,00-0002099,,Isaac Bruce,WR,WR,,1,LA,0,0,0,0,0,0,0,0,0,0,0,0,,0,,,0,0,0,0,0,0,,0,7,11,127,1,0,0,0,0,6,3.44047943208307,0,0.0,0.289473684210526,,,0,18.7,25.7
2000,POST,00-0002709,,Dwayne Carswell,G,OL,,1,DEN,0,0,0,0,0,0,0,0,0,0,0,0,,0,,,0,0,0,0,0,0,,0,2,5,8,0,0,0,0,0,0,-1.24495598580688,0,0.0,0.131578947368421,,,0,0.8,2.8
2000,POST,00-0002721,,Cris Carter,WR,WR,,2,MIN,0,0,0,0,0,0,0,0,0,0,0,0,,0,,,0,0,0,0,0,0,,0,11,20,144,1,0,0,0,0,9,4.22187065110265,0,0.0,0.357142857142857,,,0,20.4,31.4
2000,POST,00-0002861,,Byron Chamberlain,TE,TE,,1,DEN,0,0,0,0,0,0,0,0,0,0,0,0,,0,,,0,0,0,0,0,0,,0,0,1,0,0,0,0,0,0,0,-0.409883316140622,0,,0.0263157894736842,,,0,0.0,0.0
2000,POST,00-0003035,,Desmond Clark,TE,TE,,1,DEN,0,0,0,0,0,0,0,0,0,0,0,0,,0,,,0,0,0,0,0,0,,0,1,3,5,0,0,0,0,0,0,-1.23674716200912,0,0.0,0.0789473684210526,,,0,0.5,1.5
2000,POST,00-0003142,,Ben Coates,TE,TE,,2,BAL,0,0,0,0,0,0,0,0,0,0,0,0,,0,,,0,0,0,0,0,0,,0,4,4,54,0,0,0,0,0,3,4.79595655261073,0,0.0,0.0930232558139535,,,0,5.4,9.4
2000,POST,00-0003292,,Kerry Collins,QB,QB,,3,NYG,54,96,618,5,6,5,26,1,0,0,0,30,-7.1167846774385,0,0.0,0.0410672546753766,11,29,0,0,0,1,-1.17023008182878,0,0,0,0,0,0,0,0,0,0,,0,,,,,0,35.62,35.62
2000,POST,00-0003344,,Greg Comella,RB,RB,,3,NYG,0,0,0,0,0,0,0,0,0,0,0,0,,0,,,1,2,0,0,0,0,-0.407811876852065,0,6,7,41,1,0,0,0,0,2,2.52748726622667,0,0.0,0.0729166666666667,,,0,10.3,16.3
2000,POST,00-0003663,,Zack Crockett,RB,RB,,2,LV,0,0,0,0,0,0,0,0,0,0,0,0,,0,,,1,3,0,0,0,1,0.114462113473564,0,3,4,18,0,0,0,0,0,0,-0.351138516096398,0,0.0,0.0740740740740741,,,0,2.1,5.1
2000,POST,00-0003681,,Howard Cross,TE,TE,,1,NYG,0,0,0,0,0,0,0,0,0,0,0,0,,0,,,0,0,0,0,0,0,,0,1,1,7,0,0,0,0,0,0,0.27572427643463,0,0.0,0.0256410256410256,,,0,0.7,1.7
2000,POST,00-0003739,,Daunte Culpepper,QB,QB,,2,MIN,29,58,367,3,3,4,18,1,1,0,0,17,-7.05518954644185,0,0.0,0.0292218276910473,6,61,0,1,0,2,3.41711806651438,0,0,0,0,0,0,0,0,0,0,,0,,,,,0,24.78,24.78
2000,POST,00-0004004,,John Davis,TE,TE,,1,MIN,0,0,0,0,0,0,0,0,0,0,0,0,,0,,,0,0,0,0,0,0,,0,0,1,0,0,0,0,0,0,0,-1.28737034043297,0,,0.04,,,0,0.0,0.0
2000,POST,00-0004200,,Autry Denson,RB,RB,,2,MIA,0,0,0,0,0,0,0,0,0,0,0,0,,0,,,3,12,0,0,0,0,-0.53504875919316,0,8,12,60,0,0,0,0,0,3,-0.434780649491586,0,0.0,0.169014084507042,,,0,7.2,15.2
2000,POST,00-0004293,,Trent Dilfer,QB,QB,,4,BAL,35,72,590,3,1,10,82,1,0,0,0,22,-4.38678697497706,0,0.0,0.0259564146808438,13,7,0,2,0,1,-4.85432418261189,0,0,0,0,0,0,0,0,0,0,,0,,,,,0,34.3,34.3
2000,POST,00-0004294,,Ken Dilger,TE,TE,,1,IND,0,0,0,0,0,0,0,0,0,0,0,0,,0,,,0,0,0,0,0,0,,0,3,4,16,0,0,0,0,0,1,-0.578148363623768,1,0.0,0.125,,,0,3.6,6.6
2000,POST,00-0004574,,Rickey Dudley,TE,TE,,2,LV,0,0,0,0,0,0,0,0,0,0,0,0,,0,,,0,0,0,0,0,0,,0,1,5,7,0,0,0,0,0,0,-1.71200174535625,0,0.0,0.0925925925925926,,,0,0.7,1.7
2000,POST,00-0004640,,Warrick Dunn,RB,RB,,1,TB,0,0,0,0,0,0,0,0,0,0,0,0,,0,,,8,1,0,0,0,0,-4.00610754539761,0,5,8,28,0,0,0,0,0,2,-2.93169080227381,0,0.0,0.266666666666667,,,0,2.9,7.9
2000,POST,00-0005092,,Marshall Faulk,RB,RB,,1,LA,0,0,0,0,0,0,0,0,0,0,0,0,,0,,,14,24,0,0,0,0,-4.6853563124314,0,6,7,74,0,0,0,0,0,3,3.09963563783094,1,0.0,0.184210526315789,,,0,11.8,17.8
2000,POST,00-0005180,,Jay Fiedler,QB,QB,,2,MIA,37,71,361,1,6,4,21,0,0,0,0,18,-26.4371056444507,0,0.0,0.024481425159036,10,55,0,0,0,5,5.17931792797754,0,0,0,0,0,0,0,0,0,0,,0,,,,,0,11.94,11.94
2000,POST,00-0005589,,Gus Frerotte,QB,QB,,1,DEN,13,28,124,0,1,4,34,0,0,0,0,6,-7.52435790776508,0,0.0,0.0268785941381971,1,-1,0,0,0,0,-0.0357489758462179,0,0,0,0,0,0,0,0,0,0,,0,,,,,0,2.86,2.86
2000,POST,00-0005668,,Oronde Gadsden,WR,WR,,2,MIA,0,0,0,0,0,0,0,0,0,0,0,0,,0,,,0,0,0,0,0,0,,0,5,10,71,0,0,0,0,0,3,2.66895588854095,0,0.0,0.140845070422535,,,0,7.1,12.1
2000,POST,00-0005741,,Rich Gannon,QB,QB,,2,LV,22,38,208,1,2,7,36,2,2,0,0,9,-20.0473886465379,0,0.0,0.0270106547530056,6,33,0,0,0,4,3.6113543047104,0,0,0,0,0,0,0,0,0,0,,0,,,,,0,7.62,7.62
2000,POST,00-0005794,,Jason Garrett,QB,QB,,1,NYG,1,1,4,0,0,0,0,0,0,0,0,1,0.918478230363689,0,0.0,,3,-3,0,0,0,0,-3.6113363946788,0,0,0,0,0,0,0,0,0,0,,0,,,,,0,-0.14,-0.14
2000,POST,00-0005822,,Sam Gash,FB,RB,,3,BAL,0,0,0,0,0,0,0,0,0,0,0,0,,0,,,1,0,0,0,0,0,-0.684782584896311,0,1,3,7,0,0,0,0,0,0,-1.18924241373315,0,0.0,0.0612244897959184,,,0,0.7,1.7
2000,POST,00-0005883,,Eddie George,RB,RB,,1,TEN,0,0,0,0,0,0,0,0,0,0,0,0,,0,,,27,91,1,0,0,7,-1.25222483367249,0,8,10,52,0,0,0,0,0,1,-7.30861045216443,0,0.0,0.227272727272727,,,0,20.3,28.3
2000,POST,00-0006047,,Andrew Glover,TE,TE,,2,NO,0,0,0,0,0,0,0,0,0,0,0,0,,0,,,0,0,0,0,0,0,,0,2,6,21,0,0,0,0,0,1,-1.94606191886123,0,0.0,0.08,,,0,2.1,4.1
2000,POST,00-0006331,,Jacquez Green,WR,WR,,1,TB,0,0,0,0,0,0,0,0,0,0,0,0,,0,,,0,0,0,0,0,0,,0,0,2,0,0,0,0,0,0,0,-1.52836258336902,0,,0.0666666666666667,,,0,0.0,0.0
2000,POST,00-0006456,,Howard Griffith,RB,RB,,1,DEN,0,0,0,0,0,0,0,0,0,0,0,0,,0,,,0,0,0,0,0,0,,0,1,3,16,0,0,0,0,0,0,0.794093935110141,0,0.0,0.0789473684210526,,,0,1.6,2.6
2000,POST,00-0006627,,Az-Zahir Hakim,WR,WR,,1,LA,0,0,0,0,0,0,0,0,0,0,0,0,,0,,,0,0,0,0,0,0,,0,2,4,42,0,0,0,0,0,1,2.65584265242796,0,0.0,0.105263157894737,,,0,4.2,6.2
2000,POST,00-0006804,,Patrick Hape,TE,TE,,1,TB,0,0,0,0,0,0,0,0,0,0,0,0,,0,,,0,0,0,0,0,0,,0,1,2,5,0,0,0,0,0,1,-0.103892738930881,0,0.0,0.0666666666666667,,,0,0.5,1.5
2000,POST,00-0007024,,Marvin Harrison,WR,WR,,1,IND,0,0,0,0,0,0,0,0,0,0,0,0,,0,,,0,0,0,0,0,0,,0,5,11,63,0,0,0,0,0,2,-2.02464378976689,0,0.0,0.34375,,,0,6.3,11.3
2000,POST,00-0007103,,Matt Hatchette,WR,WR,,2,MIN,0,0,0,0,0,0,0,0,0,0,0,0,,0,,,0,0,0,0,0,0,,0,1,4,2,0,0,0,0,0,0,-1.94271540397313,0,0.0,0.0714285714285714,,,0,0.2,1.2
2000,POST,00-0007468,,Ike Hilliard,WR,WR,,3,NYG,0,0,0,0,0,0,0,0,0,0,0,0,,0,,,1,-1,0,0,0,0,-1.53490708279423,0,16,28,220,2,0,0,0,0,12,13.6124121699198,0,0.0,0.291666666666667,,,0,33.9,49.9
2000,POST,00-0007661,,Priest Holmes,RB,RB,,3,BAL,0,0,0,0,0,0,0,0,0,0,0,0,,0,,,18,45,0,0,0,2,-6.27925133741592,0,1,1,4,0,0,0,0,0,0,0.0150183639489114,0,0.0,0.0384615384615385,,,0,4.9,5.9
2000,POST,00-0007681,,Torry Holt,WR,WR,,1,LA,0,0,0,0,0,0,0,0,0,0,0,0,,0,,,0,0,0,0,0,0,,0,2,6,26,0,0,0,0,0,1,-0.201835171785206,0,0.0,0.157894736842105,,,0,2.6,4.6
2000,POST,00-0007744,,Joe Horn,WR,WR,,1,NO,0,0,0,0,0,0,0,0,0,0,0,0,,0,,,0,0,0,0,0,0,,0,0,1,0,0,0,0,0,0,0,-1.45608165115118,0,,0.0357142857142857,,,0,0.0,0.0
2000,POST,00-0007832,,Bobby Hoying,QB,QB,,2,LV,8,16,107,0,2,0,0,0,0,0,0,5,-2.77603426994756,0,0.0,0.0307523652045282,5,11,0,0,0,0,-2.68360045424197,0,0,0,0,0,0,0,0,0,0,,0,,,,,0,1.38,1.38
2000,POST,00-0008059,,Qadry Ismail,WR,WR,,4,BAL,0,0,0,0,0,0,0,0,0,0,0,0,,0,,,1,-4,0,0,0,0,1.05497278412804,0,9,18,150,0,0,0,0,0,7,4.33027127030073,0,0.0,0.24,,,0,14.6,23.6
2000,POST,00-0008210,,Willie Jackson,WR,WR,,2,NO,0,0,0,0,0,0,0,0,0,0,0,0,,0,,,1,-3,0,0,0,0,-1.27555420383578,0,14,22,251,3,0,0,0,0,11,16.8439414152526,0,0.0,0.293333333333333,,,0,42.8,56.8
2000,POST,00-0008241,,Edgerrin James,RB,RB,,1,IND,0,0,0,0,0,0,0,0,0,0,0,0,,0,,,21,107,0,0,0,6,1.42059956456069,0,3,4,33,0,0,0,0,0,2,1.9996967107753,0,0.0,0.125,,,0,14.0,17.0
2000,POST,00-0008400,,James Jett,WR,WR,,2,LV,0,0,0,0,0,0,0,0,0,0,0,0,,0,,,1,-4,0,0,0,0,-1.15174623415805,0,5,8,29,1,0,0,0,0,2,-3.7401600034209,0,0.0,0.148148148148148,,,0,8.5,13.5
2000,POST,00-0008454,,Charles Johnson,WR,WR,,2,PHI,0,0,0,0,0,0,0,0,0,0,0,0,,0,,,0,0,0,0,0,0,,0,9,15,93,0,0,0,0,0,5,1.40531118033687,0,0.0,0.208333333333333,,,0,9.3,18.3
2000,POST,00-0008529,,J.J. Johnson,RB,RB,,2,MIA,0,0,0,0,0,0,0,0,0,0,0,0,,0,,,3,12,0,0,0,0,-0.736344759119675,0,3,3,25,0,0,0,0,0,0,1.27660818223376,0,0.0,0.0422535211267606,,,0,3.7,6.7
2000,POST,00-0008561,,Keyshawn Johnson,WR,WR,,1,TB,0,0,0,0,0,0,0,0,0,0,0,0,,0,,,0,0,0,0,0,0,,0,5,9,86,0,0,0,0,0,3,4.0561227251892,0,0.0,0.3,,,0,8.6,13.6
2000,POST,00-0008598,,Pat Johnson,WR,WR,,3,BAL,0,0,0,0,0,0,0,0,0,0,0,0,,0,,,0,0,0,0,0,0,,0,1,7,8,0,0,0,0,0,1,-4.84461605339311,0,0.0,0.116666666666667,,,0,0.8,1.8
2000,POST,00-0008903,,Andrew Jordan,TE,TE,,2,MIN,0,0,0,0,0,0,0,0,0,0,0,0,,0,,,0,0,0,0,0,0,,0,2,2,10,0,0,0,0,0,0,0.581836131867021,0,0.0,0.0357142857142857,,,0,1.0,3.0
2000,POST,00-0008921,,Randy Jordan,RB,RB,,2,LV,0,0,0,0,0,0,0,0,0,0,0,0,,0,,,6,17,0,0,0,1,-1.30656035122229,0,2,5,14,0,0,0,0,0,0,-3.80120289171507,0,0.0,0.0925925925925926,,,0,3.1,5.1
2000,POST,00-0008962,,Joe Jurevicius,WR,WR,,2,NYG,0,0,0,0,0,0,0,0,0,0,0,0,,0,,,0,0,0,0,0,0,,0,2,7,15,1,0,0,0,0,1,-1.0642313308781,0,0.0,0.0897435897435897,,,0,7.5,9.5
2000,POST,00-0009038,,Napoleon Kaufman,RB,RB,,1,LV,0,0,0,0,0,0,0,0,0,0,0,0,,0,,,1,4,0,0,0,0,0.0579925539204851,0,0,0,0,0,0,0,0,0,0,,0,,,,,0,0.4,0.4
2000,POST,00-0009266,,Shaun King,QB,QB,,1,TB,16,30,151,0,0,4,22,1,1,0,0,6,-9.15049517713487,0,0.0,0.0301965757423071,4,7,0,0,0,0,-1.02167900063796,0,0,0,0,0,0,0,0,0,0,,0,,,,,0,4.74,4.74
2000,POST,00-0009288,,Terry Kirby,RB,RB,,2,LV,0,0,0,0,0,0,0,0,0,0,0,0,,0,,,11,37,0,0,0,2,-1.87852629285771,0,4,5,76,0,0,0,0,0,4,5.0220916167123,0,0.0,0.0925925925925926,,,0,11.3,15.3
2000,POST,00-0009323,,Jimmy Kleinsasser,TE,TE,,1,MIN,0,0,0,0,0,0,0,0,0,0,0,0,,0,,,0,0,0,0,0,0,,0,2,2,18,0,0,0,0,0,1,0.973640711978078,0,0.0,0.0645161290322581,,,0,1.8,3.8
2000,POST,00-0009417,,Rob Konrad,FB,RB,,1,MIA,0,0,0,0,0,0,0,0,0,0,0,0,,0,,,0,0,0,0,0,0,,0,0,2,0,0,0,0,0,0,0,-0.814819897292182,0,,0.0588235294117647,,,0,0.0,0.0
2000,POST,00-0009842,,Chad Lewis,TE,TE,,2,PHI,0,0,0,0,0,0,0,0,0,0,0,0,,0,,,0,0,0,0,0,0,,0,6,10,51,0,0,0,0,0,0,-6.16951160229651,0,0.0,0.138888888888889,,,0,5.1,11.1
2000,POST,00-0009869,,Jermaine Lewis,WR,WR,,3,BAL,0,0,0,0,0,0,0,0,0,0,0,0,,0,,,3,7,0,0,0,1,-1.74451012481058,0,1,2,6,0,0,0,0,0,0,-2.18129149592621,0,0.0,0.0487804878048781,,,1,7.3,8.3
2000,POST,00-0010346,,Peyton Manning,QB,QB,"https://static.www.nfl.com/image/private/f_auto,q_auto/league/xpcd6auodk3w0vda6jal",1,IND,17,32,194,1,0,0,0,0,0,0,0,8,0.729653419175315,1,0.0,0.0343135586293561,1,-2,0,0,0,0,-1.19797698548064,0,0,0,0,0,0,0,0,0,0,,0,,,,,0,13.56,13.56
2000,POST,00-0010436,,Cecil Martin,RB,RB,,2,PHI,0,0,0,0,0,0,0,0,0,0,0,0,,0,,,0,0,0,0,0,0,,0,3,3,12,0,0,0,0,0,1,0.461672576144338,0,0.0,0.0416666666666667,,,0,1.2,4.2
2000,POST,00-0010477,,Tony Martin,WR,WR,,2,MIA,0,0,0,0,0,0,0,0,0,0,0,0,,0,,,1,6,0,0,0,0,0.1995515874587,0,4,10,48,0,0,0,0,0,3,-0.259386787656695,0,0.0,0.140845070422535,,,0,5.4,9.4
2000,POST,00-0010500,,Derrick Mason,WR,WR,,1,TEN,0,0,0,0,0,0,0,0,0,0,0,0,,0,,,0,0,0,0,0,0,,0,7,15,88,0,0,0,0,0,6,0.408777416741941,0,0.0,0.340909090909091,,,0,8.8,15.8
2000,POST,00-0010650,,Ed McCaffrey,WR,WR,,1,DEN,0,0,0,0,0,0,0,0,0,0,0,0,,0,,,0,0,0,0,0,0,,0,8,15,75,0,0,0,0,0,5,-3.90860331931617,0,0.0,0.394736842105263,,,0,7.5,15.5
2000,POST,00-0010824,,O.J. McDuffie,WR,WR,,2,MIA,0,0,0,0,0,0,0,0,0,0,0,0,,0,,,0,0,0,0,0,0,,0,7,19,100,0,0,0,0,0,6,-14.0855167526315,0,0.0,0.267605633802817,,,0,10.0,17.0
2000,POST,00-0010892,,Travis McGriff,WR,WR,,1,DEN,0,0,0,0,0,0,0,0,0,0,0,0,,0,,,0,0,0,0,0,0,,0,1,1,6,0,0,0,0,0,0,-0.322567032766528,0,0.0,0.0263157894736842,,,0,0.6,1.6
2000,POST,00-0011022,,Donovan McNabb,QB,QB,,2,PHI,43,73,335,3,2,8,51,1,1,0,0,17,-26.981088534866,0,0.0,0.0244044041293403,13,49,1,1,0,6,6.0166435338906,0,0,0,0,0,0,0,0,0,0,,0,,,,,0,30.3,30.3
2000,POST,00-0011024,,Steve McNair,QB,QB,,1,TEN,23,45,163,0,1,1,4,0,0,0,0,8,-18.1557021428102,0,0.0,0.0266435982688348,5,31,0,0,0,3,1.32999382197954,0,1,1,-10,0,0,0,0,0,0,-1.70268788887188,0,0.0,0.0227272727272727,,,0,6.62,7.62
2000,POST,00-0011068,,Johnny McWilliams,TE,TE,,2,MIN,0,0,0,0,0,0,0,0,0,0,0,0,,0,,,0,0,0,0,0,0,,0,2,3,14,0,0,0,0,0,1,0.099279960966669,0,0.0,0.0535714285714286,,,0,1.4,3.4
2000,POST,00-0011390,,Anthony Mitchell,DB,DB,,1,BAL,0,0,0,0,0,0,0,0,0,0,0,0,,0,,,0,0,0,0,0,0,,0,0,0,0,0,0,0,0,0,0,,0,,,,,1,6.0,6.0
2000,POST,00-0011399,,Brian Mitchell,RB,RB,,2,PHI,0,0,0,0,0,0,0,0,0,0,0,0,,0,,,6,27,0,0,0,1,-0.51961891783867,0,8,9,64,0,0,0,0,0,4,0.966829234152101,0,0.0,0.125,,,0,9.1,17.1
2000,POST,00-0011425,,Pete Mitchell,TE,TE,,3,NYG,0,0,0,0,0,0,0,0,0,0,0,0,,0,,,0,0,0,0,0,0,,0,3,7,54,0,0,0,0,0,3,-0.315443087776657,0,0.0,0.0729166666666667,,,0,5.4,8.4
2000,POST,00-0011506,,Joe Montgomery,RB,RB,,2,NYG,0,0,0,0,0,0,0,0,0,0,0,0,,0,,,18,48,0,0,0,3,0.188289550598711,0,0,0,0,0,0,0,0,0,0,,0,,,,,0,4.8,4.8
2000,POST,00-0011551,,Dave Moore,TE,TE,,1,TB,0,0,0,0,0,0,0,0,0,0,0,0,,0,,,0,0,0,0,0,0,,0,2,4,12,0,0,0,0,0,0,-0.610892585653346,0,0.0,0.133333333333333,,,0,1.2,3.2
2000,POST,00-0011573,,Jerald Moore,RB,RB,,1,NO,0,0,0,0,0,0,0,0,0,0,0,0,,0,,,3,1,0,0,0,0,-1.73894605273381,0,0,0,0,0,0,0,0,0,0,,0,,,,,0,0.1,0.1
2000,POST,00-0011718,,Harold Morrow,FB,RB,,1,MIN,0,0,0,0,0,0,0,0,0,0,0,0,,0,,,3,2,0,0,0,0,-1.63012624828843,0,0,0,0,0,0,0,0,0,0,,0,,,,,0,0.2,0.2
2000,POST,00-0011754,,Randy Moss,WR,WR,,2,MIN,0,0,0,0,0,0,0,0,0,0,0,0,,0,,,0,0,0,0,0,0,,0,3,13,126,2,0,0,0,0,2,1.70161367068604,0,0.0,0.232142857142857,,,0,24.6,27.6
2000,POST,00-0012261,,Neil O'Donnell,QB,QB,,1,TEN,1,1,19,0,0,0,0,0,0,0,0,1,2.42847899440676,0,0.0,,0,0,0,0,0,0,,0,0,0,0,0,0,0,0,0,0,,0,,,,,0,0.76,0.76
2000,POST,00-0012321,,Jeff Ogden,WR,WR,,1,MIA,0,0,0,0,0,0,0,0,0,0,0,0,,0,,,0,0,0,0,0,0,,0,1,2,6,0,0,0,0,0,1,1.33296519657597,0,0.0,0.0588235294117647,,,0,0.6,1.6
2000,POST,00-0012637,,Jerome Pathon,WR,WR,,1,IND,0,0,0,0,0,0,0,0,0,0,0,0,,0,,,0,0,0,0,0,0,,0,5,7,69,1,0,0,0,0,2,4.43070236108549,0,0.0,0.21875,,,0,12.9,17.9
2000,POST,00-0012953,,Carl Pickens,WR,WR,,1,TEN,0,0,0,0,0,0,0,0,0,0,0,0,,0,,,0,0,0,0,0,0,,0,0,1,0,0,0,0,0,0,0,-1.47049797262298,0,,0.0227272727272727,,,0,0.0,0.0
2000,POST,00-0013080,,Marcus Pollard,TE,TE,,1,IND,0,0,0,0,0,0,0,0,0,0,0,0,,0,,,0,0,0,0,0,0,,0,1,4,13,0,0,0,0,0,1,-0.900326213333756,0,0.0,0.125,,,0,1.3,2.3
2000,POST,00-0013097,,Keith Poole,WR,WR,,1,NO,0,0,0,0,0,0,0,0,0,0,0,0,,0,,,0,0,0,0,0,0,,0,2,3,12,0,0,0,0,0,0,-1.33383693150245,0,0.0,0.0638297872340426,,,0,1.2,3.2
2000,POST,00-0013262,,Stanley Pritchett,RB,RB,,1,PHI,0,0,0,0,0,0,0,0,0,0,0,0,,0,,,0,0,0,0,0,0,,0,2,2,-1,0,0,0,0,0,0,-2.6786327525042,0,0.0,0.0625,,,0,-0.1,1.9
2000,POST,00-0013268,,Ricky Proehl,WR,WR,,1,LA,0,0,0,0,0,0,0,0,0,0,0,0,,0,,,0,0,0,0,0,0,,0,3,7,46,1,0,0,0,0,2,-0.759897101495881,0,0.0,0.184210526315789,,,0,10.6,13.6
2000,POST,00-0013512,,Jake Reed,WR,WR,,2,NO,0,0,0,0,0,0,0,0,0,0,0,0,,0,,,0,0,0,0,0,0,,0,5,14,56,0,0,0,0,0,4,-3.48459783563158,0,0.0,0.186666666666667,,,0,5.6,10.6
2000,POST,00-0013770,,Andre Rison,WR,WR,,2,LV,0,0,0,0,0,0,0,0,0,0,0,0,,0,,,0,0,0,0,0,0,,0,3,7,44,0,0,0,0,0,2,-3.7660882488708,0,0.0,0.12962962962963,,,0,4.4,7.4
2000,POST,00-0013773,,Jon Ritchie,FB,RB,,1,LV,0,0,0,0,0,0,0,0,0,0,0,0,,0,,,0,0,0,0,0,0,,0,1,1,5,0,0,0,0,0,0,-0.715431695338339,0,0.0,0.0277777777777778,,,0,0.5,1.5
2000,POST,00-0014319,,Chris Sanders,WR,WR,,1,TEN,0,0,0,0,0,0,0,0,0,0,0,0,,0,,,0,0,0,0,0,0,,0,0,3,0,0,0,0,0,0,0,-1.23566063214093,0,,0.0681818181818182,,,0,0.0,0.0
2000,POST,00-0014722,,Shannon Sharpe,TE,TE,,4,BAL,0,0,0,0,0,0,0,0,0,0,0,0,,0,,,0,0,0,0,0,0,,0,6,20,230,2,0,0,0,0,5,6.85715060849907,0,0.0,0.266666666666667,,,0,35.0,41.0
2000,POST,00-0014790,,Leslie Shepherd,WR,WR,,1,MIA,0,0,0,0,0,0,0,0,0,0,0,0,,0,,,0,0,0,0,0,0,,0,4,8,20,0,0,0,0,0,1,-14.677769097616,0,0.0,0.216216216216216,,,0,2.0,6.0
2000,POST,00-0015063,,Torrance Small,WR,WR,,2,PHI,0,0,0,0,0,0,0,0,0,0,0,0,,0,,,0,0,0,0,0,0,,0,7,15,69,1,1,1,0,0,3,-6.88768116625115,0,0.0,0.208333333333333,,,0,10.9,17.9
2000,POST,00-0015194,,Hunter Smith,P,SPEC,,1,IND,0,0,0,0,0,0,0,0,0,0,0,0,,0,,,1,-6,0,0,0,0,-3.02452595648356,0,0,0,0,0,0,0,0,0,0,,0,,,,,0,-0.6,-0.6
2000,POST,00-0015242,,Lamar Smith,RB,RB,,2,MIA,0,0,0,0,0,0,0,0,0,0,0,0,,0,,,47,200,2,1,1,11,-5.17534636772677,0,4,4,22,0,0,0,0,0,0,-0.318275864352472,0,0.0,0.0563380281690141,,,0,32.2,36.2
2000,POST,00-0015286,,Robert Smith,RB,RB,,2,MIN,0,0,0,0,0,0,0,0,0,0,0,0,,0,,,31,112,1,0,0,6,-2.46792153466959,0,4,7,23,0,0,0,0,0,2,-0.652136427583173,0,0.0,0.125,,,0,19.5,23.5
2000,POST,00-0015290,,Rod Smith,WR,WR,,1,DEN,0,0,0,0,0,0,0,0,0,0,0,0,,0,,,2,3,0,0,0,0,-1.17590316897258,0,3,8,58,0,0,0,0,0,3,1.49048702034634,0,0.0,0.210526315789474,,,0,6.1,9.1
2000,POST,00-0015754,,Brandon Stokley,WR,WR,,3,BAL,0,0,0,0,0,0,0,0,0,0,0,0,,0,,,0,0,0,0,0,0,,0,7,12,91,1,0,0,0,0,5,3.36810842866561,0,0.0,0.2,,,0,15.1,22.1
2000,POST,00-0016214,,Yancey Thigpen,WR,WR,,1,TEN,0,0,0,0,0,0,0,0,0,0,0,0,,0,,,0,0,0,0,0,0,,0,3,7,25,0,0,0,0,0,1,-2.07118851173436,0,0.0,0.159090909090909,,,0,2.5,5.5
2000,POST,00-0016321,,Rodney Thomas,RB,RB,,1,TEN,0,0,0,0,0,0,0,0,0,0,0,0,,0,,,1,4,0,0,0,1,0.659891321731266,0,0,0,0,0,0,0,0,0,0,,0,,,,,0,0.4,0.4
2000,POST,00-0016347,,Jeff Thomason,TE,TE,,2,PHI,0,0,0,0,0,0,0,0,0,0,0,0,,0,,,0,0,0,0,0,0,,0,1,3,2,1,0,0,0,0,1,0.599744300357997,0,0.0,0.0416666666666667,,,0,6.2,7.2
2000,POST,00-0016550,,Amani Toomer,WR,WR,,3,NYG,0,0,0,0,0,0,0,0,0,0,0,0,,0,,,1,6,0,0,0,1,1.68040961539373,0,10,16,135,1,0,0,0,0,8,-6.52483485639095,0,0.0,0.166666666666667,,,0,20.1,30.1
2000,POST,00-0017110,,Chris Walsh,WR,WR,,1,MIN,0,0,0,0,0,0,0,0,0,0,0,0,,0,,,0,0,0,0,0,0,,0,3,3,23,0,0,0,0,0,1,1.34976902906783,0,0.0,0.12,,,0,2.3,5.3
2000,POST,00-0017200,,Kurt Warner,QB,QB,,1,LA,23,39,340,2,3,2,15,1,1,0,0,15,3.31548063000082,1,0.0,0.155971467246172,1,5,1,0,0,1,2.36892459238879,0,0,0,0,0,0,0,0,0,0,,0,,,,,0,22.1,22.1
2000,POST,00-0017209,,Chris Warren,RB,RB,,2,PHI,0,0,0,0,0,0,0,0,0,0,0,0,,0,,,28,96,0,0,0,4,-0.362299177621026,0,3,3,18,0,0,0,0,0,1,-0.0454716114327312,0,0.0,0.0416666666666667,,,0,11.4,14.4
2000,POST,00-0017303,,Justin Watson,RB,RB,,1,LA,0,0,0,0,0,0,0,0,0,0,0,0,,0,,,1,5,0,0,0,0,-0.0934080104343593,0,0,0,0,0,0,0,0,0,0,,0,,,,,0,0.5,0.5
2000,POST,00-0017356,,Jed Weaver,TE,TE,,1,MIA,0,0,0,0,0,0,0,0,0,0,0,0,,0,,,0,0,0,0,0,0,,0,1,1,9,1,0,0,0,0,1,3.67677641863702,0,0.0,0.0294117647058824,,,0,6.9,7.9
2000,POST,00-0017486,,Tyrone Wheatley,RB,RB,,2,LV,0,0,0,0,0,0,0,0,0,0,0,0,,0,,,31,63,1,0,0,4,-7.93826786795525,0,1,1,4,0,0,0,0,0,0,-0.126025806646794,0,0.0,0.0277777777777778,,,0,12.7,13.7
2000,POST,00-0017697,,Terrence Wilkins,WR,WR,,1,IND,0,0,0,0,0,0,0,0,0,0,0,0,,0,,,0,0,0,0,0,0,,0,0,2,0,0,0,0,0,0,0,-2.19762728596106,0,,0.0625,,,0,0.0,0.0
2000,POST,00-0017915,,Ricky Williams,RB,RB,,1,NO,0,0,0,0,0,0,0,0,0,0,0,0,,0,,,6,14,0,0,0,0,-3.11113252793439,0,1,2,2,0,0,0,0,0,0,-0.917678299359977,0,0.0,0.0425531914893617,,,0,1.6,2.6
2000,POST,00-0017924,,Roland Williams,TE,TE,,1,LA,0,0,0,0,0,0,0,0,0,0,0,0,,0,,,0,0,0,0,0,0,,0,3,3,25,0,0,0,0,0,2,2.93126437463798,0,0.0,0.0789473684210526,,,0,2.5,5.5
2000,POST,00-0018056,,Robert Wilson,WR,WR,,2,NO,0,0,0,0,0,0,0,0,0,0,0,0,,0,,,0,0,0,0,0,0,,0,4,7,55,1,0,0,0,0,3,4.22799308188939,0,0.0,0.0933333333333333,,,0,11.5,15.5
2000,POST,00-0018343,,Frank Wycheck,TE,TE,,1,TEN,0,0,0,0,0,0,0,0,0,0,0,0,,0,,,0,0,0,0,0,0,,0,4,5,18,0,0,0,0,0,1,-0.739713663351722,0,0.0,0.113636363636364,,,0,1.8,5.8
2000,POST,00-0019552,,Troy Walters,WR,WR,,1,MIN,0,0,0,0,0,0,0,0,0,0,0,0,,0,,,0,0,0,0,0,0,,0,1,1,7,0,0,0,0,0,1,1.01726944360416,0,0.0,0.032258064516129,,,0,0.7,1.7
2000,POST,00-0019590,,Chad Morton,RB,RB,,2,NO,0,0,0,0,0,0,0,0,0,0,0,0,,0,,,7,30,0,0,0,1,-0.369779795990326,0,14,18,139,0,0,0,0,0,7,1.91825541225262,0,0.0,0.24,,,0,16.9,30.9
2000,POST,00-0019594,,Mike Anderson,RB,RB,,1,DEN,0,0,0,0,0,0,0,0,0,0,0,0,,0,,,15,40,0,0,0,1,-6.0239689632612,0,2,2,10,0,0,0,0,0,0,0.104350949521177,0,0.0,0.0526315789473684,,,0,5.0,7.0
2000,POST,00-0019598,,Dave Stachelski,TE,TE,,1,NO,0,0,0,0,0,0,0,0,0,0,0,0,,0,,,0,0,0,0,0,0,,0,1,1,2,1,0,0,0,0,1,0.911421827971935,0,0.0,0.0212765957446809,,,0,6.2,7.2
2000,POST,00-0019606,,Todd Pinkston,WR,WR,,2,PHI,0,0,0,0,0,0,0,0,0,0,0,0,,0,,,0,0,0,0,0,0,,0,1,2,5,0,0,0,0,0,1,-0.334574477165006,0,0.0,0.0277777777777778,,,0,0.5,1.5
2000,POST,00-0019643,,Ron Dayne,RB,RB,,2,NYG,0,0,0,0,0,0,0,0,0,0,0,0,,0,,,27,82,0,1,1,5,-9.01189627397653,0,2,3,12,0,0,0,0,0,0,-5.07677059713751,0,0.0,0.0526315789473684,,,0,7.4,9.4
2000,POST,00-0019659,,Erron Kinney,TE,TE,,1,TEN,0,0,0,0,0,0,0,0,0,0,0,0,,0,,,0,0,0,0,0,0,,0,1,2,9,0,0,0,0,0,0,0.141601899580564,0,0.0,0.0454545454545455,,,0,0.9,1.9
2000,POST,00-0019662,,Ron Dixon,WR,WR,,3,NYG,0,0,0,0,0,0,0,0,0,0,0,0,,0,,,0,0,0,0,0,0,,0,3,8,78,0,0,0,0,0,3,3.46965890051797,0,0.0,0.0833333333333333,,,2,19.8,22.8
2000,POST,00-0019682,,Jarious Jackson,QB,QB,,1,DEN,5,10,54,0,0,1,9,0,0,0,0,2,-3.10841562127462,0,0.0,0.0295255825888875,0,0,0,0,0,0,,0,0,0,0,0,0,0,0,0,0,,0,,,,,0,2.16,2.16
2000,POST,00-0019693,,Jamal Lewis,RB,RB,,4,BAL,0,0,0,0,0,0,0,0,0,0,0,0,,0,,,102,335,4,1,1,15,-15.8309530698141,0,5,8,40,0,0,0,0,0,1,-1.4093704369152,0,0.0,0.137931034482759,,,0,59.5,64.5
2000,POST,00-0019703,,Jerry Porter,WR,WR,,1,LV,0,0,0,0,0,0,0,0,0,0,0,0,,0,,,0,0,0,0,0,0,,0,1,1,19,0,0,0,0,0,1,-0.0459064662572928,0,0.0,0.0277777777777778,,,0,1.9,2.9
2000,REG+POST,00-0000003,,Abdul-Karim al-Jabbar,RB,RB,,1,IND,0,0,0,0,0,0,0,0,0,0,0,0,,0,,,1,-2,0,0,0,0,-0.549943910969887,0,0,0,0,0,0,0,0,0,0,,0,,,,,0,-0.2,-0.2
2000,REG+POST,00-0000007,,Rabih Abdullah,RB,RB,,4,TB,0,0,0,0,0,0,0,0,0,0,0,0,,0,,,16,70,0,0,0,5,-2.82850585272779,0,2,2,14,0,0,0,0,0,1,0.297373496170621,0,0.0,0.0555555555555556,,,0,8.4,10.4
2000,REG+POST,00-0000017,,Donnie Abraham,CB,DB,,1,TB,0,0,0,0,0,0,0,0,0,0,0,0,,0,,,0,0,0,0,0,0,,0,0,0,0,0,0,0,0,0,0,,0,,,,,1,6.0,6.0
2000,REG+POST,00-0000098,,Louie Aguiar,P,SPEC,,1,CHI,1,1,13,0,0,0,0,0,0,0,0,1,2.74000324599911,0,0.0,,0,0,0,0,0,0,,0,0,0,0,0,0,0,0,0,0,,0,,,,,0,0.52,0.52
2000,REG+POST,00-0000104,,Troy Aikman,QB,QB,,11,DAL,153,259,1616,7,14,13,91,2,2,0,0,81,-29.0879239994763,1,0.0,0.0287414885030673,10,13,0,0,0,5,-2.11886818316998,0,0,0,0,0,0,0,0,0,0,,0,,,,,0,63.94,63.94
2000,REG+POST,00-0000108,,David Akers,K,SPEC,,1,PHI,0,0,0,0,0,0,0,0,0,0,0,0,,0,,,1,15,0,0,0,1,2.94720780628268,0,0,0,0,0,0,0,0,0,0,,0,,,,,0,1.5,1.5
2000,REG+POST,00-0000145,,Derrick Alexander,WR,WR,,15,KC,0,0,0,0,0,0,0,0,0,0,0,0,,0,,,3,45,0,0,0,2,1.51860568189295,0,72,134,1265,9,0,0,0,0,51,36.4690966730591,0,0.0,0.250936329588015,,,0,185.0,257.0
2000,REG+POST,00-0000166,,Stephen Alexander,TE,TE,,16,WAS,0,0,0,0,0,0,0,0,0,0,0,0,,0,,,0,0,0,0,0,0,,0,46,70,500,2,1,0,0,0,33,17.2620995469485,0,0.0,0.129390018484288,,,0,62.0,108.0
2000,REG+POST,00-0000210,,James Allen,RB,RB,,16,CHI,0,0,0,0,0,0,0,0,0,0,0,0,,0,,,286,1106,2,5,4,56,-40.359270081941,0,39,60,291,1,0,0,0,0,17,-11.5845546006635,0,0.0,0.115606936416185,,,0,149.7,188.7
2000,REG+POST,00-0000232,,Terry Allen,RB,RB,,6,NO,0,0,0,0,0,0,0,0,0,0,0,0,,0,,,63,201,2,0,0,9,-11.187477822764,1,2,2,13,0,0,0,0,0,0,0.137603217968717,0,0.0,0.0317460317460317,,,0,35.4,37.4
2000,REG+POST,00-0000242,,John Allred,TE,TE,,5,CHI,0,0,0,0,0,0,0,0,0,0,0,0,,0,,,0,0,0,0,0,0,,0,9,15,109,1,0,0,0,0,5,3.99362852430204,0,0.0,0.0903614457831325,,,0,16.9,25.9
2000,REG+POST,00-0000251,,Mike Alstott,FB,RB,,14,TB,0,1,0,0,0,0,0,0,0,0,0,0,-2.63308209856041,0,,,138,507,5,3,2,39,-14.7179115588317,0,14,20,106,0,0,0,0,0,3,0.965621787123382,0,0.0,0.0583090379008746,,,0,87.3,101.3
2000,REG+POST,00-0000279,,Kimble Anders,RB,RB,,11,KC,0,0,0,0,0,0,0,0,0,0,0,0,,0,,,75,329,2,1,1,14,-10.427899975407,0,15,19,76,0,0,0,0,0,0,-1.72018344281241,0,0.0,0.0557184750733138,,,0,50.5,65.5
2000,REG+POST,00-0000316,,Jamal Anderson,RB,RB,,16,ATL,0,0,0,0,0,0,0,0,0,0,0,0,,0,,,280,1013,6,6,4,53,-47.4677698211375,1,41,56,375,0,0,0,0,0,14,-7.1375472207791,0,0.0,0.121475054229935,,,0,168.8,209.8
2000,REG+POST,00-0000339,,Richie Anderson,FB,RB,,16,NYJ,0,0,0,0,0,0,0,0,0,0,0,0,,0,,,27,63,0,0,0,8,-6.78462179562285,0,87,122,831,2,2,2,0,0,35,11.8931314334051,0,0.0,0.198373983739837,,,0,97.4,184.4
2000,REG+POST,00-0000387,,Reidel Anthony,WR,WR,,16,TB,0,0,0,0,0,0,0,0,0,0,0,0,,0,,,0,0,0,0,0,0,,0,16,36,238,4,0,0,0,0,13,7.94778419589002,0,0.0,0.0831408775981524,,,0,47.8,63.8
2000,REG+POST,00-0000534,,Darnell Autry,RB,RB,,11,PHI,0,0,0,0,0,0,0,0,0,0,0,0,,0,,,110,324,3,2,1,16,-17.1637573599411,0,24,37,275,1,0,0,0,0,12,8.91714439581847,0,0.0,0.103932584269663,,,0,81.9,105.9
2000,REG+POST,00-0000552,,Obafemi Ayanbadejo,RB,RB,,8,BAL,0,0,0,0,0,0,0,0,0,0,0,0,,0,,,15,37,1,0,0,4,-1.04262893972918,0,21,27,128,1,0,0,0,0,7,-0.620103236015099,0,0.0,0.115384615384615,,,0,28.5,49.5
2000,REG+POST,00-0000585,,Champ Bailey,CB,DB,,4,WAS,0,0,0,0,0,0,0,0,0,0,0,0,,0,,,1,7,1,0,0,1,3.05246470251586,0,3,5,78,0,0,0,0,0,3,6.00581389086437,0,0.0,0.0384615384615385,,,0,14.5,17.5
2000,REG+POST,00-0000598,,Karsten Bailey,WR,WR,,6,SEA,0,0,0,0,0,0,0,0,0,0,0,0,,0,,,0,0,0,0,0,0,,0,6,14,62,1,0,0,0,0,5,6.18244432317442,0,0.0,0.0721649484536082,,,0,12.2,18.2
2000,REG+POST,00-0000722,,Tony Banks,QB,QB,,14,BAL,148,275,1538,8,8,20,152,4,0,0,0,82,-19.0971553112448,1,0.0,0.030364704141545,20,56,0,1,0,3,-11.7083427513189,0,0,0,0,0,0,0,0,0,0,,0,,,,,0,85.12,85.12
2000,REG+POST,00-0000745,,Tiki Barber,RB,RB,,19,NYG,0,0,0,0,0,0,0,0,0,0,0,0,,0,,,249,1160,8,6,4,47,-29.3159239439389,0,81,111,761,1,2,0,0,0,31,11.9594054323148,0,0.0,0.183774834437086,,,0,238.1,319.1
2000,REG+POST,00-0000765,,Reggie Barlow,WR,WR,,2,JAX,0,0,0,0,0,0,0,0,0,0,0,0,,0,,,0,0,0,0,0,0,,0,1,4,28,0,0,0,0,0,1,0.273643613185096,0,0.0,0.0487804878048781,,,0,2.8,3.8
2000,REG+POST,00-0000781,,Marlon Barnes,RB,RB,,6,CHI,0,0,0,0,0,0,0,0,0,0,0,0,,0,,,15,81,0,1,1,4,-2.47792021743953,0,1,3,7,0,0,0,0,0,0,-1.80437445919961,0,0.0,0.0483870967741936,,,0,6.8,7.8
2000,REG+POST,00-0000865,,Charlie Batch,QB,QB,,15,DET,219,407,2469,13,14,38,226,5,3,0,0,116,-68.7672472912142,0,0.0,0.0246813350030632,44,199,2,1,0,12,0.500173915090272,0,0,0,0,0,0,0,0,0,0,,0,,,,,0,148.66,148.66
2000,REG+POST,00-0000869,,D'Wayne Bates,WR,WR,,5,CHI,0,0,0,0,0,0,0,0,0,0,0,0,,0,,,1,-2,0,0,0,0,-0.956278136116453,0,4,7,42,0,0,0,0,0,2,-0.727651022258215,0,0.0,0.0593220338983051,,,0,4.0,8.0
2000,REG+POST,00-0000871,,Mario Bates,RB,RB,,12,DET,0,0,0,0,0,0,0,0,0,0,0,0,,0,,,31,127,2,0,0,12,3.44786829012446,0,15,20,109,0,0,0,0,0,5,-7.32262069228423,0,0.0,0.0628930817610063,,,0,35.6,50.6
2000,REG+POST,00-0000872,,Michael Bates,WR,WR,,7,CAR,0,0,0,0,0,0,0,0,0,0,0,0,,0,,,5,13,0,0,0,0,-2.13674490300946,0,4,7,31,0,0,0,0,0,1,-0.39895254059229,0,0.0,0.0341463414634146,,,1,10.4,14.4
2000,REG+POST,00-0000883,,Marco Battaglia,TE,TE,,14,CIN,0,0,0,0,0,0,0,0,0,0,0,0,,0,,,0,0,0,0,0,0,,0,13,36,105,0,0,0,0,0,3,-8.12001468941987,0,0.0,0.0927835051546392,,,0,10.5,23.5
2000,REG+POST,00-0000911,,Fred Baxter,TE,TE,,4,NYJ,0,0,0,0,0,0,0,0,0,0,0,0,,0,,,0,0,0,0,0,0,,0,4,9,22,2,0,0,0,0,2,1.5750056161196,0,0.0,0.0542168674698795,,,0,14.2,18.2
2000,REG+POST,00-0000942,,Fred Beasley,RB,RB,,15,SF,0,0,0,0,0,0,0,0,0,0,0,0,,0,,,49,144,3,0,0,14,0.745841257361462,0,31,51,233,3,0,0,0,0,11,-7.05988516498036,0,0.0,0.101391650099404,,,0,73.7,104.7
2000,REG+POST,00-0001098,,Brandon Bennett,RB,RB,,15,CIN,0,0,0,0,0,0,0,0,0,0,0,0,,0,,,89,322,3,1,1,17,-19.2435706923392,0,19,29,168,0,1,0,0,0,5,-2.89263969880994,0,0.0,0.0976430976430976,,,0,65.0,84.0
2000,REG+POST,00-0001102,,Donnell Bennett,FB,RB,,6,KC,0,0,0,0,0,0,0,0,0,0,0,0,,0,,,27,24,1,0,0,7,-8.31735531571255,0,2,2,17,0,0,0,0,0,1,0.261518967803568,0,0.0,0.0540540540540541,,,0,10.1,12.1
2000,REG+POST,00-0001157,,Mitch Berger,P,SPEC,,1,MIN,0,1,0,0,1,0,0,0,0,0,0,0,-1.97506395308301,0,,,0,0,0,0,0,0,,0,0,0,0,0,0,0,0,0,0,,0,,,,,0,-2.0,-2.0
2000,REG+POST,00-0001215,,Jerome Bettis,RB,RB,,16,PIT,0,2,0,0,1,0,0,0,0,0,0,0,-3.80639190698275,0,,,352,1302,8,1,0,70,-8.3550100603681,0,13,19,97,0,0,0,0,0,4,3.50383735337527,0,0.0,0.063758389261745,,,0,185.9,198.9
2000,REG+POST,00-0001218,,Steve Beuerlein,QB,QB,,16,CAR,318,524,3691,19,18,60,326,8,7,0,0,194,5.23954911910445,0,0.0,0.0660238946711482,41,97,1,1,1,10,-10.8140088673661,1,0,0,0,0,0,0,0,0,0,,0,,,,,0,189.34,189.34
2000,REG+POST,00-0001224,,Tim Biakabutuka,RB,RB,,12,CAR,0,0,0,0,0,0,0,0,0,0,0,0,,0,,,171,635,2,1,1,29,-18.4115524841473,0,34,57,341,2,3,2,0,0,15,2.16007746407341,0,0.0,0.139024390243902,,,0,115.6,149.6
2000,REG+POST,00-0001272,,Michael Bishop,QB,QB,,7,NE,3,9,80,1,1,0,0,0,0,0,0,3,5.51100670313463,0,0.0,0.125037322881603,7,-1,0,0,0,3,-2.05422160089412,0,0,0,0,0,0,0,0,0,0,,0,,,,,0,5.1,5.1
2000,REG+POST,00-0001281,,Eric Bjornson,TE,TE,,8,NE,0,0,0,0,0,0,0,0,0,0,0,0,,0,,,0,0,0,0,0,0,,0,19,32,149,2,0,0,0,0,10,-0.642655047262807,0,0.0,0.118959107806691,,,0,26.9,45.9
2000,REG+POST,00-0001317,,Will Blackwell,WR,WR,,2,PIT,0,0,0,0,0,0,0,0,0,0,0,0,,0,,,0,0,0,0,0,0,,0,2,3,23,0,0,0,0,0,1,0.648373178206384,0,0.0,0.0882352941176471,,,1,8.3,10.3
2000,REG+POST,00-0001335,,Jeff Blake,QB,QB,,11,NO,180,296,2004,13,8,24,150,3,1,0,0,100,13.067337674299,0,0.0,0.0701304110725221,54,215,1,4,2,17,3.85461306947944,0,0,0,0,0,0,0,0,0,0,,0,,,,,0,137.66,137.66
2000,REG+POST,00-0001361,,Drew Bledsoe,QB,QB,,16,NE,309,527,3247,17,13,45,264,3,2,0,0,162,-10.4578099130434,0,0.0,0.0537889595679809,47,158,2,6,2,14,-6.61280781210781,0,0,0,0,0,0,0,0,0,0,,0,,,,,0,191.68,191.68
2000,REG+POST,00-0001477,,Marty Booker,WR,WR,,15,CHI,0,0,0,0,0,0,0,0,0,0,0,0,,0,,,2,-1,0,0,0,0,-1.12576287146658,0,45,72,464,2,2,1,0,0,27,2.51871142433583,0,0.0,0.148760330578512,,,0,56.3,101.3
2000,REG+POST,00-0001532,,David Boston,WR,WR,,16,ARI,0,0,0,0,0,0,0,0,0,0,0,0,,0,,,3,9,0,1,1,1,-4.90546270180494,0,69,129,1072,6,1,0,0,0,46,36.7970481319274,0,0.0,0.241121495327103,,,0,142.1,211.1
2000,REG+POST,00-0001627,,Corey Bradford,WR,WR,,2,GB,0,0,0,0,0,0,0,0,0,0,0,0,,0,,,0,0,0,0,0,0,,0,0,3,0,0,0,0,0,0,0,-1.85936473874873,0,,0.0441176470588235,,,0,0.0,0.0
2000,REG+POST,00-0001661,,Kyle Brady,TE,TE,,16,JAX,0,0,0,0,0,0,0,0,0,0,0,0,,0,,,0,0,0,0,0,0,,0,64,94,729,3,0,0,0,0,39,31.8927258758922,1,0.0,0.176691729323308,,,0,92.9,156.9
2000,REG+POST,00-0001719,,Chris Brazzell,WR,WR,,3,DAL,0,0,0,0,0,0,0,0,0,0,0,0,,0,,,0,0,0,0,0,0,,0,2,4,12,0,0,0,0,0,0,-1.32899385830387,0,0.0,0.0388349514563107,,,0,1.2,3.2
2000,REG+POST,00-0001766,,Jeremy Brigham,TE,TE,,13,LV,0,0,0,0,0,0,0,0,0,0,0,0,,0,,,0,0,0,0,0,0,,0,15,23,131,2,0,0,0,0,9,9.39495183302291,0,0.0,0.0595854922279793,,,0,25.1,40.1
2000,REG+POST,00-0001783,,Vincent Brisby,WR,WR,,3,NYJ,0,0,0,0,0,0,0,0,0,0,0,0,,0,,,0,0,0,0,0,0,,0,4,9,60,0,0,0,0,0,3,2.99586323666154,0,0.0,0.0849056603773585,,,0,6.0,10.0
2000,REG+POST,00-0001785,,Bubby Brister,QB,QB,,2,MIN,10,20,82,0,1,1,6,1,0,0,0,3,-12.8224637617219,0,0.0,0.0401690681210853,5,20,0,0,0,2,-0.617221613647416,0,0,0,0,0,0,0,0,0,0,,0,,,,,0,3.28,3.28
2000,REG+POST,00-0001823,,Aaron Brooks,QB,QB,,10,NO,155,267,2038,14,9,19,118,2,0,0,0,92,33.0729893907875,0,0.0,0.0856608759210733,56,225,2,4,1,18,-2.84324032067756,0,0,0,0,0,0,0,0,0,0,,0,,,,,0,152.02,152.02
2000,REG+POST,00-0001842,,Macey Brooks,WR,WR,,15,CHI,0,0,0,0,0,0,0,0,0,0,0,0,,0,,,0,0,0,0,0,0,,0,26,50,216,0,0,0,0,0,8,-13.0272519068151,0,0.0,0.100200400801603,,,0,21.6,47.6
2000,REG+POST,00-0001848,,Robert Brooks,WR,WR,,2,DEN,0,0,0,0,0,0,0,0,0,0,0,0,,0,,,0,0,0,0,0,0,,0,3,4,51,0,0,0,0,0,3,2.17836248222739,0,0.0,0.0625,,,0,5.1,8.1
2000,REG+POST,00-0001862,,Luther Broughton,TE,TE,,10,PHI,0,0,0,0,0,0,0,0,0,0,0,0,,0,,,0,0,0,0,0,0,,0,13,19,117,0,1,0,0,0,8,-1.07678517815955,0,0.0,0.056379821958457,,,0,11.7,24.7
2000,REG+POST,00-0001907,,Dave Brown,QB,QB,,4,ARI,40,68,467,2,3,9,48,1,1,0,0,20,-14.6877307247066,0,0.0,0.0267261425644169,1,0,0,1,1,0,-4.36151273548603,0,0,0,0,0,0,0,0,0,0,,0,,,,,0,16.68,16.68
2000,REG+POST,00-0002005,,Na Brown,WR,WR,,14,PHI,0,0,0,0,0,0,0,0,0,0,0,0,,0,,,0,0,0,0,0,0,,0,11,28,89,2,0,0,0,0,7,-5.10649394690227,0,0.0,0.0576131687242798,,,0,20.9,31.9
2000,REG+POST,00-0002027,,Reggie Brown,FB,RB,,3,SEA,0,0,0,0,0,0,0,0,0,0,0,0,,0,,,3,6,0,0,0,1,-0.183643226278946,0,2,4,9,0,0,0,0,0,1,-1.23972633600351,0,0.0,0.0571428571428571,,,0,1.5,3.5
2000,REG+POST,00-0002058,,Tim Brown,WR,WR,,18,LV,0,0,0,0,0,0,0,0,0,0,0,0,,0,,,3,12,0,0,0,0,-0.282318145269528,0,80,142,1164,11,0,0,0,0,60,62.6372853421087,0,0.0,0.277886497064579,,,0,183.6,263.6
2000,REG+POST,00-0002068,,Troy Brown,WR,WR,,16,NE,0,0,0,0,0,0,0,0,0,0,0,0,,0,,,6,46,0,0,0,2,-2.01673743606079,0,83,118,944,4,1,1,0,0,45,35.0738187149547,0,0.0,0.215328467153285,,,1,127.0,210.0
2000,REG+POST,00-0002099,,Isaac Bruce,WR,WR,,17,LA,0,0,0,0,0,0,0,0,0,0,0,0,,0,,,1,11,0,0,0,1,1.01769302110188,0,92,144,1561,10,1,1,0,0,69,58.0505830798306,0,0.0,0.234910277324633,,,0,215.2,307.2
2000,REG+POST,00-0002102,,Mark Bruener,TE,TE,,16,PIT,0,0,0,0,0,0,0,0,0,0,0,0,,0,,,0,0,0,0,0,0,,0,17,34,192,3,0,0,0,0,11,4.34591928799637,0,0.0,0.07981220657277,,,0,37.2,54.2
2000,REG+POST,00-0002110,,Mark Brunell,QB,QB,,16,JAX,311,512,3640,20,14,53,284,2,2,0,0,177,36.6006992222641,1,0.0,0.0680978329900166,46,214,2,5,1,11,-8.22755185276646,0,0,0,0,0,0,0,0,0,0,,0,,,,,0,227.0,227.0
2000,REG+POST,00-0002159,,Shawn Bryson,RB,RB,,15,BUF,0,0,0,0,0,0,0,0,0,0,0,0,,0,,,154,589,0,0,0,30,-25.8560330060137,1,30,43,222,2,1,0,0,0,8,-3.23334442017448,0,0.0,0.093681917211329,,,0,95.1,125.1
2000,REG+POST,00-0002380,,Steve Bush,RB,RB,,3,CIN,0,0,0,0,0,0,0,0,0,0,0,0,,0,,,0,0,0,0,0,0,,0,3,5,39,0,0,0,0,0,3,2.88364405278116,0,0.0,0.0531914893617021,,,0,3.9,6.9
2000,REG+POST,00-0002459,,Kenny Bynum,RB,RB,,1,LAC,0,0,0,0,0,0,0,0,0,0,0,0,,0,,,3,9,0,0,0,0,-0.827488769777119,0,0,0,0,0,0,0,0,0,0,,0,,,,,0,0.9,0.9
2000,REG+POST,00-0002469,,Isaac Byrd,WR,WR,,13,CAR,0,0,0,0,0,0,0,0,0,0,0,0,,0,,,0,0,0,0,0,0,,0,22,44,241,2,0,0,0,0,14,-4.17829540796827,0,0.0,0.0960698689956332,,,0,36.1,58.1
2000,REG+POST,00-0002544,,Chris Calloway,WR,WR,,7,NE,0,0,0,0,0,0,0,0,0,0,0,0,,0,,,0,0,0,0,0,0,,0,5,10,95,0,0,0,0,0,5,4.29025251331041,0,0.0,0.0425531914893617,,,0,9.5,14.5
2000,REG+POST,00-0002565,,Dan Campbell,TE,TE,,11,NYG,0,0,0,0,0,0,0,0,0,0,0,0,,0,,,0,0,0,0,0,0,,0,8,13,46,3,1,1,0,0,5,-4.26598430622835,0,0.0,0.0366197183098592,,,0,20.6,28.6
2000,REG+POST,00-0002586,,Mark Campbell,TE,TE,,9,CLE,0,0,0,0,0,0,0,0,0,0,0,0,,0,,,0,0,0,0,0,0,,0,12,16,80,1,0,0,0,0,2,1.42965718614869,0,0.0,0.0653061224489796,,,0,14.0,26.0
2000,REG+POST,00-0002709,,Dwayne Carswell,G,OL,,17,DEN,0,0,0,0,0,0,0,0,0,0,0,0,,0,,,0,0,0,0,0,0,,0,51,69,503,3,0,0,0,0,27,23.6046417267725,0,0.0,0.118760757314974,,,0,68.3,119.3
2000,REG+POST,00-0002713,,Tony Carter,RB,RB,,15,NE,0,0,0,0,0,0,0,0,0,0,0,0,,0,,,37,90,2,0,0,10,-6.72478493090285,0,9,15,73,0,0,0,0,0,3,-3.3732696228024,0,0.0,0.0553505535055351,,,0,28.3,37.3
2000,REG+POST,00-0002721,,Cris Carter,WR,WR,,18,MIN,0,0,0,0,0,0,0,0,0,0,0,0,,0,,,0,0,0,0,0,0,,0,107,178,1418,10,3,1,0,21,83,46.7469862343661,0,0.0,0.332710280373832,,,0,199.8,306.8
2000,REG+POST,00-0002787,,Stoney Case,QB,QB,,5,DET,55,89,498,1,3,12,75,1,1,0,0,25,-28.8264776587489,1,0.0,0.023953162716389,16,117,1,0,0,6,8.41583523311419,0,0,0,0,0,0,0,0,0,0,,0,,,,,0,35.62,35.62
2000,REG+POST,00-0002846,,Larry Centers,FB,RB,,15,WAS,0,0,0,0,0,0,0,0,0,0,0,0,,0,,,19,103,0,0,0,4,-3.61966908990871,0,81,94,600,3,1,0,0,0,27,3.24524207438103,0,0.0,0.179732313575526,,,0,88.3,169.3
2000,REG+POST,00-0002861,,Byron Chamberlain,TE,TE,,10,DEN,0,0,0,0,0,0,0,0,0,0,0,0,,0,,,0,0,0,0,0,0,,0,21,32,245,1,0,0,0,0,11,-4.03395059426936,0,0.0,0.0844327176781003,,,0,30.5,51.5
2000,REG+POST,00-0002873,,Robert Chancey,RB,RB,,2,LAC,0,1,0,0,0,0,0,0,0,0,0,0,-2.69206095952541,0,,,38,133,2,0,0,8,-2.80694803873045,0,1,2,6,0,0,0,0,0,0,-0.274918559589423,0,0.0,0.0298507462686567,,,0,25.9,26.9
2000,REG+POST,00-0002876,,Chris Chandler,QB,QB,,14,ATL,190,328,2227,10,12,40,251,3,0,0,0,105,-59.8622536899859,0,0.0,0.0249090755553943,21,60,0,4,1,4,-6.73781181924278,0,1,1,-4,0,0,0,0,0,0,-1.10665597044863,0,0.0,0.0333333333333333,,,0,108.68,109.68
2000,REG+POST,00-0002942,,Darrin Chiaverini,WR,WR,,6,CLE,0,0,0,0,0,0,0,0,0,0,0,0,,0,,,0,0,0,0,0,0,,0,9,22,74,1,1,1,0,0,4,-16.9725857205125,0,0.0,0.116402116402116,,,0,11.4,20.4
2000,REG+POST,00-0002962,,Wayne Chrebet,WR,WR,,16,NYJ,0,0,0,0,0,0,0,0,0,0,0,0,,0,,,3,-3,0,0,0,1,-2.11356322834035,0,69,142,937,8,0,0,0,0,50,1.39682908497293,0,0.0,0.230894308943089,,,0,141.4,210.4
2000,REG+POST,00-0002970,,Bob Christian,FB,RB,,16,ATL,0,0,0,0,0,0,0,0,0,0,0,0,,0,,,9,19,0,0,0,1,-3.34188049247622,0,43,62,313,0,0,0,0,0,12,-5.89114334486811,0,0.0,0.125760649087221,,,0,33.2,76.2
2000,REG+POST,00-0003035,,Desmond Clark,TE,TE,,14,DEN,0,0,0,0,0,0,0,0,0,0,0,0,,0,,,0,0,0,0,0,0,,0,27,40,336,3,0,0,0,0,17,21.6668970636459,0,0.0,0.0836820083682008,,,0,51.6,78.6
2000,REG+POST,00-0003039,,Greg Clark,TE,TE,,15,SF,0,0,0,0,0,0,0,0,0,0,0,0,,0,,,0,0,0,0,0,0,,0,36,49,328,2,1,0,0,0,17,10.3073429810869,0,0.0,0.0942307692307692,,,0,44.8,80.8
2000,REG+POST,00-0003136,,Mike Cloud,RB,RB,,6,KC,0,0,0,0,0,0,0,0,0,0,0,0,,0,,,22,63,1,0,0,3,-4.39226195286028,0,2,2,16,0,0,0,0,0,1,0.761628650710918,0,0.0,0.0350877192982456,,,1,19.9,21.9
2000,REG+POST,00-0003140,,Dexter Coakley,LB,LB,,1,DAL,0,0,0,0,0,0,0,0,0,0,0,0,,0,,,1,26,0,0,0,1,3.97008308081422,0,0,0,0,0,0,0,0,0,0,,0,,,,,0,2.6,2.6
2000,REG+POST,00-0003142,,Ben Coates,TE,TE,,14,BAL,0,0,0,0,0,0,0,0,0,0,0,0,,0,,,0,0,0,0,0,0,,0,13,22,138,0,0,0,0,0,6,-5.83764628473654,1,0.0,0.0586666666666667,,,0,15.8,28.8
2000,REG+POST,00-0003175,,Mac Cody,WR,WR,,10,ARI,0,0,0,0,0,0,0,0,0,0,0,0,,0,,,0,0,0,0,0,0,,0,17,27,212,0,0,0,0,0,12,11.6230580951865,0,0.0,0.076056338028169,,,0,21.2,38.2
2000,REG+POST,00-0003231,,Marcus Coleman,DB,DB,,3,NYJ,0,0,0,0,0,0,0,0,0,0,0,0,,0,,,0,0,0,0,0,0,,0,1,2,45,1,0,0,0,0,1,5.38118409642357,1,0.0,0.037037037037037,,,0,12.5,13.5
2000,REG+POST,00-0003266,,Bobby Collins,TE,TE,,3,BUF,0,0,0,0,0,0,0,0,0,0,0,0,,0,,,0,0,0,0,0,0,,0,5,6,49,0,0,0,0,0,2,1.09728629968595,0,0.0,0.0535714285714286,,,0,4.9,9.9
2000,REG+POST,00-0003292,,Kerry Collins,QB,QB,,19,NYG,363,619,4194,27,18,33,269,6,1,0,0,224,77.6218137700913,0,0.0,0.0863140792522843,52,94,1,2,1,6,-11.0117848667433,0,0,0,0,0,0,0,0,0,0,,0,,,,,0,251.16,251.16
2000,REG+POST,00-0003344,,Greg Comella,RB,RB,,19,NYG,0,0,0,0,0,0,0,0,0,0,0,0,,0,,,11,47,0,0,0,2,-2.28750133520225,0,42,58,315,1,1,1,0,0,15,-0.56021161028184,0,0.0,0.10720887245841,,,0,40.2,82.2
2000,REG+POST,00-0003378,,Albert Connell,WR,WR,,16,WAS,0,0,0,0,0,0,0,0,0,0,0,0,,0,,,0,0,0,0,0,0,,0,38,100,756,3,0,0,0,0,28,1.73845365801941,0,0.0,0.184842883548983,,,0,93.6,131.6
2000,REG+POST,00-0003396,,Curtis Conway,WR,WR,,13,LAC,0,0,0,0,0,0,0,0,0,0,0,0,,0,,,3,31,0,0,0,3,3.3580552918138,0,50,96,687,5,0,0,0,0,31,24.5282095409256,0,0.0,0.217687074829932,,,0,101.8,151.8
2000,REG+POST,00-0003400,,Ernie Conwell,TE,TE,,8,LA,0,0,0,0,0,0,0,0,0,0,0,0,,0,,,2,23,0,0,0,1,2.40464051190065,0,5,9,40,0,0,0,0,0,3,-3.82746701268479,0,0.0,0.0337078651685393,,,0,6.3,11.3
2000,REG+POST,00-0003535,,Tim Couch,QB,QB,,7,CLE,137,211,1484,7,9,10,78,1,0,0,0,59,0.168185423497595,0,0.0,0.0507062326311239,12,45,0,1,0,3,1.60468652177951,0,0,0,0,0,0,0,0,0,0,,0,,,,,0,73.86,73.86
2000,REG+POST,00-0003600,,Dameyune Craig,QB,QB,,3,CAR,0,0,0,0,0,0,0,0,0,0,0,0,,0,,,2,4,0,0,0,1,0.160458097001538,0,1,2,0,0,0,0,0,0,0,-1.48043854162097,0,,0.0303030303030303,,,0,0.4,1.4
2000,REG+POST,00-0003663,,Zack Crockett,RB,RB,,13,LV,0,0,0,0,0,0,0,0,0,0,0,0,,0,,,44,133,7,0,0,12,5.05213365089049,0,13,19,80,0,0,0,0,0,3,-1.17699867424901,0,0.0,0.107954545454545,,,0,63.3,76.3
2000,REG+POST,00-0003681,,Howard Cross,TE,TE,,8,NYG,0,0,0,0,0,0,0,0,0,0,0,0,,0,,,0,0,0,0,0,0,,0,5,8,37,0,0,0,0,0,2,2.28661657334305,0,0.0,0.0296296296296296,,,0,3.7,8.7
2000,REG+POST,00-0003700,,Germane Crowell,WR,WR,,9,DET,0,0,0,0,0,0,0,0,0,0,0,0,,0,,,1,12,0,0,0,1,0.695673222420737,0,34,72,430,3,0,0,0,0,16,-13.4397691239156,0,0.0,0.260869565217391,,,0,62.2,96.2
2000,REG+POST,00-0003739,,Daunte Culpepper,QB,QB,,18,MIN,324,527,4291,36,17,38,199,6,5,0,0,206,98.9085706458889,2,0.0,0.112912964177458,92,503,7,7,2,38,21.9508358167491,0,0,0,0,0,0,0,0,0,0,,0,,,,,0,363.94,363.94
2000,REG+POST,00-0003761,,Randall Cunningham,QB,QB,,6,DAL,73,124,840,6,4,8,45,3,1,0,0,35,5.9399845869701,1,0.0,0.102297904671607,23,89,1,1,0,9,13.1581905702333,0,0,0,0,0,0,0,0,0,0,,0,,,,,0,64.5,64.5
2000,REG+POST,00-0003803,,Matt Cushing,TE,TE,,4,PIT,0,0,0,0,0,0,0,0,0,0,0,0,,0,,,0,0,0,0,0,0,,0,4,5,17,0,0,0,0,0,0,-0.717694164952263,0,0.0,0.0485436893203884,,,0,1.7,5.7
2000,REG+POST,00-0003944,,Billy Davis,WR,WR,,2,BAL,0,0,0,0,0,0,0,0,0,0,0,0,,0,,,0,0,0,0,0,0,,0,3,4,62,0,0,0,0,0,3,1.98317567381309,0,0.0,0.0634920634920635,,,0,6.2,9.2
2000,REG+POST,00-0004004,,John Davis,TE,TE,,12,MIN,0,0,0,0,0,0,0,0,0,0,0,0,,0,,,0,0,0,0,0,0,,0,17,30,202,1,0,0,0,0,10,3.50721016386524,0,0.0,0.0821917808219178,,,0,26.2,43.2
2000,REG+POST,00-0004052,,Stephen Davis,RB,RB,,15,WAS,0,0,0,0,0,0,0,0,0,0,0,0,,0,,,324,1292,11,3,3,70,-31.1451367966895,0,33,49,313,0,1,1,0,0,12,1.46479812456528,0,0.0,0.106521739130435,,,0,218.5,251.5
2000,REG+POST,00-0004054,,Terrell Davis,RB,RB,,5,DEN,0,0,0,0,0,0,0,0,0,0,0,0,,0,,,75,275,2,1,0,14,-1.18047587074792,0,2,2,4,0,0,0,0,0,0,-0.699559844564647,0,0.0,0.0606060606060606,,,0,39.9,41.9
2000,REG+POST,00-0004055,,Thabiti Davis,WR,WR,,3,NYG,0,0,0,0,0,0,0,0,0,0,0,0,,0,,,0,0,0,0,0,0,,0,2,5,40,0,0,0,0,0,2,2.49531162541825,0,0.0,0.0458715596330275,,,0,4.0,6.0
2000,REG+POST,00-0004063,,Tyrone Davis,TE,TE,,12,GB,0,0,0,0,0,0,0,0,0,0,0,0,,0,,,0,0,0,0,0,0,,0,19,40,177,2,2,2,0,0,10,-7.40618268899665,1,0.0,0.0898876404494382,,,0,27.7,46.7
2000,REG+POST,00-0004077,,Sean Dawkins,WR,WR,,16,SEA,0,0,0,0,0,0,0,0,0,0,0,0,,0,,,0,0,0,0,0,0,,0,61,100,690,5,0,0,0,0,41,27.2779474265097,0,0.0,0.203665987780041,,,0,99.0,160.0
2000,REG+POST,00-0004172,,Greg DeLong,TE,TE,,1,JAX,0,0,0,0,0,0,0,0,0,0,0,0,,0,,,0,0,0,0,0,0,,0,0,1,0,0,0,0,0,0,0,-0.429949866142124,0,,0.0277777777777778,,,0,0.0,0.0
2000,REG+POST,00-0004200,,Autry Denson,RB,RB,,10,MIA,0,0,0,0,0,0,0,0,0,0,0,0,,0,,,33,115,0,0,0,5,-5.95197306131449,0,21,34,162,0,1,0,0,0,9,0.913803064058932,0,0.0,0.129277566539924,,,0,27.7,48.7
2000,REG+POST,00-0004229,,Koy Detmer,QB,QB,,2,PHI,0,1,0,0,1,0,0,0,0,0,0,0,-5.2887667225441,0,,,1,8,0,0,0,0,0.454546179273166,0,0,0,0,0,0,0,0,0,0,,0,,,,,0,-1.2,-1.2
2000,REG+POST,00-0004293,,Trent Dilfer,QB,QB,,13,BAL,168,297,2083,15,12,33,217,7,1,0,0,91,-20.6596549924516,0,0.0,0.0277767385477022,33,82,0,4,1,5,-12.9246860709973,0,1,1,-1,0,0,0,0,0,0,-0.640742479939945,0,0.0,0.04,,,0,123.42,124.42
2000,REG+POST,00-0004294,,Ken Dilger,TE,TE,,16,IND,0,0,0,0,0,0,0,0,0,0,0,0,,0,,,0,0,0,0,0,0,,0,50,76,554,3,1,1,0,0,28,16.0861581177029,1,0.0,0.138181818181818,,,0,73.4,123.4
2000,REG+POST,00-0004304,,Corey Dillon,RB,RB,,16,CIN,0,0,0,0,0,0,0,0,0,0,0,0,,0,,,302,1360,7,4,3,64,-22.7485695900754,0,18,26,158,0,0,0,0,0,5,3.00870206102263,0,0.0,0.0787878787878788,,,0,187.8,205.8
2000,REG+POST,00-0004463,,Dameane Douglas,WR,WR,,2,PHI,0,0,0,0,0,0,0,0,0,0,0,0,,0,,,0,0,0,0,0,0,,0,1,4,9,0,0,0,0,0,0,-6.09948894788977,0,0.0,0.0655737704918033,,,0,0.9,1.9
2000,REG+POST,00-0004508,,Scott Dragos,RB,RB,,5,CHI,0,0,0,0,0,0,0,0,0,0,0,0,,0,,,0,0,0,0,0,0,,0,4,6,28,0,0,0,0,0,1,0.368380504311062,0,0.0,0.0410958904109589,,,0,2.8,6.8
2000,REG+POST,00-0004524,,Troy Drayton,TE,TE,,7,KC,0,0,0,0,0,0,0,0,0,0,0,0,,0,,,0,0,0,0,0,0,,0,7,8,68,1,0,0,0,0,4,5.65848944603931,0,0.0,0.0311284046692607,,,0,12.8,19.8
2000,REG+POST,00-0004541,,Donald Driver,WR,WR,,15,GB,0,0,0,0,0,0,0,0,0,0,0,0,,0,,,1,4,0,0,0,0,-0.108388659544289,0,21,49,322,1,0,0,0,0,16,10.0578172554344,1,0.0,0.0878136200716846,,,0,40.6,61.6
2000,REG+POST,00-0004574,,Rickey Dudley,TE,TE,,17,LV,0,0,0,0,0,0,0,0,0,0,0,0,,0,,,1,-7,0,0,0,0,-1.34211240150034,0,30,54,357,4,1,0,0,0,18,9.25606153764389,0,0.0,0.112970711297071,,,0,59.0,89.0
2000,REG+POST,00-0004595,,Chad Dukes,RB,RB,,1,JAX,0,0,0,0,0,0,0,0,0,0,0,0,,0,,,2,2,0,0,0,0,-3.40897991950624,0,0,0,0,0,0,0,0,0,0,,0,,,,,0,0.2,0.2
2000,REG+POST,00-0004633,,Damon Dunn,WR,WR,,1,CLE,0,0,0,0,0,0,0,0,0,0,0,0,,0,,,0,0,0,0,0,0,,0,1,1,6,0,0,0,0,0,1,1.28855803352781,0,0.0,0.0277777777777778,,,0,0.6,1.6
2000,REG+POST,00-0004634,,David Dunn,WR,WR,,6,LV,0,0,0,0,0,0,0,0,0,0,0,0,,0,,,0,0,0,0,0,0,,0,4,8,33,0,0,0,0,0,3,-1.03565414436425,0,0.0,0.0427807486631016,,,1,9.3,13.3
2000,REG+POST,00-0004637,,Jason Dunn,TE,TE,,2,KC,0,0,0,0,0,0,0,0,0,0,0,0,,0,,,0,0,0,0,0,0,,0,2,2,26,0,0,0,0,0,1,1.39561698795296,0,0.0,0.0222222222222222,,,0,2.6,4.6
2000,REG+POST,00-0004640,,Warrick Dunn,RB,RB,,17,TB,0,0,0,0,0,0,0,0,0,0,0,0,,0,,,250,1098,8,1,1,40,-7.95847838241598,0,49,75,450,1,0,0,0,34,25,5.55066772540826,0,0.0,0.167410714285714,,,0,206.8,255.8
2000,REG+POST,00-0004673,,Tim Dwight,WR,WR,,13,ATL,0,0,0,0,0,0,0,0,0,0,0,0,,0,,,4,3,0,0,0,0,-2.66886945569422,0,25,52,402,3,1,1,0,0,19,13.0981608523641,0,0.0,0.129675810473815,,,1,62.5,87.5
2000,REG+POST,00-0004694,,Kevin Dyson,WR,WR,,2,TEN,0,0,0,0,0,0,0,0,0,0,0,0,,0,,,0,0,0,0,0,0,,0,6,11,104,1,0,0,0,0,5,8.49362107232446,0,0.0,0.174603174603175,,,0,16.4,22.4
2000,REG+POST,00-0004768,,Marc Edwards,FB,RB,,13,CLE,0,0,0,0,0,0,0,0,0,0,0,0,,0,,,2,9,0,1,1,0,-5.19246977264993,0,16,22,128,2,1,0,0,0,5,3.26562994945562,0,0.0,0.0568475452196382,,,0,23.7,39.7
2000,REG+POST,00-0004780,,Troy Edwards,WR,WR,,14,PIT,0,0,0,0,0,0,0,0,0,0,0,0,,0,,,2,-11,0,0,0,0,-2.86698161112145,0,18,44,215,0,0,0,0,0,11,-2.58855524618411,0,0.0,0.115485564304462,,,0,20.4,38.4
2000,REG+POST,00-0004836,,Jumbo Elliott,T,OL,,1,NYJ,0,0,0,0,0,0,0,0,0,0,0,0,,0,,,0,0,0,0,0,0,,0,1,1,3,1,0,0,0,0,1,1.93498246889794,0,0.0,0.0175438596491228,,,0,6.3,7.3
2000,REG+POST,00-0004888,,Bert Emanuel,WR,WR,,8,MIA,0,0,0,0,0,0,0,0,0,0,0,0,,0,,,3,-2,0,1,1,0,-6.9405708006816,0,6,18,97,1,0,0,0,0,4,3.22203293876373,0,0.0,0.0869565217391304,,,0,13.5,19.5
2000,REG+POST,00-0004915,,Bobby Engram,WR,WR,,3,CHI,0,0,0,0,0,0,0,0,0,0,0,0,,0,,,1,1,0,0,0,0,-0.439572932198644,0,16,23,109,0,0,0,0,0,6,-0.423212969319919,0,0.0,0.225490196078431,,,0,11.0,27.0
2000,REG+POST,00-0004916,,Curtis Enis,RB,RB,,11,CHI,0,0,0,0,0,0,0,0,0,0,0,0,,0,,,36,84,1,0,0,4,-7.79032948013628,0,8,11,68,0,0,0,0,0,5,3.0832314931904,0,0.0,0.0488888888888889,,,0,21.2,29.2
2000,REG+POST,00-0004978,,Doug Evans,DB,DB,,1,CAR,0,0,0,0,0,0,0,0,0,0,0,0,,0,,,0,0,0,0,0,0,,0,0,0,0,0,0,0,0,0,0,,0,,,,,1,6.0,6.0
2000,REG+POST,00-0005091,,Kevin Faulk,RB,RB,,15,NE,0,0,0,0,0,0,0,0,0,0,0,0,,0,,,164,570,4,4,2,32,-28.8207350161152,1,51,68,465,1,2,2,0,0,18,-6.90401011205922,0,0.0,0.1419624217119,,,0,127.5,178.5
2000,REG+POST,00-0005092,,Marshall Faulk,RB,RB,,15,LA,0,0,0,0,0,0,0,0,0,0,0,0,,0,,,263,1365,18,0,0,78,39.1424688917944,2,85,118,878,8,0,0,0,0,43,32.7205196212492,1,0.0,0.223908918406072,,,0,386.3,471.3
2000,REG+POST,00-0005101,,Christian Fauria,TE,TE,,13,SEA,0,0,0,0,0,0,0,0,0,0,0,0,,0,,,0,0,0,0,0,0,,0,28,39,237,2,1,0,0,0,13,5.12539284184725,0,0.0,0.0962962962962963,,,0,35.7,63.7
2000,REG+POST,00-0005106,,Brett Favre,QB,QB,,16,GB,334,575,3764,20,16,33,236,6,5,0,0,191,22.8929818494125,2,0.0,0.0666805690634708,27,108,0,3,0,7,-3.86467826033546,0,0,0,0,0,0,0,0,0,0,,0,,,,,0,203.36,203.36
2000,REG+POST,00-0005110,,Jermaine Fazande,RB,RB,,11,LAC,0,0,0,0,0,0,0,0,0,0,0,0,,0,,,119,368,2,1,1,21,-18.7738801518176,0,16,18,104,0,0,0,0,0,2,-2.29515199204221,0,0.0,0.0743801652892562,,,0,57.2,73.2
2000,REG+POST,00-0005113,,Jeff Feagles,P,SPEC,,1,SEA,0,1,0,0,0,0,0,0,0,0,0,0,-2.42876496037934,0,,,0,0,0,0,0,0,,0,0,0,0,0,0,0,0,0,0,,0,,,,,0,0.0,0.0
2000,REG+POST,00-0005180,,Jay Fiedler,QB,QB,,16,MIA,225,401,2609,14,19,26,142,0,0,0,0,119,11.9792325951656,0,0.0,0.0731617625348791,56,261,1,2,2,22,5.09924946957183,0,0,0,0,0,0,0,0,0,0,,0,,,,,0,150.46,150.46
2000,REG+POST,00-0005229,,Jim Finn,FB,RB,,6,IND,0,0,0,0,0,0,0,0,0,0,0,0,,0,,,1,1,0,1,1,0,-4.84215426014271,0,4,6,13,1,0,0,0,0,1,-0.69828396855155,0,0.0,0.0289855072463768,,,0,5.4,9.4
2000,REG+POST,00-0005231,,Brian Finneran,WR,WR,,6,ATL,0,0,0,0,0,0,0,0,0,0,0,0,,0,,,0,0,0,0,0,0,,0,7,14,60,0,0,0,0,0,3,-9.67036619356751,0,0.0,0.0760869565217391,,,0,6.0,13.0
2000,REG+POST,00-0005322,,London Fletcher,ILB,LB,,1,LA,0,0,0,0,0,0,0,0,0,0,0,0,,0,,,0,0,0,0,0,0,,0,0,0,0,0,0,0,0,0,0,,1,,,,,0,2.0,2.0
2000,REG+POST,00-0005324,,Terrell Fletcher,RB,RB,,15,LAC,0,0,0,0,0,0,0,0,0,0,0,0,,0,,,113,371,3,2,2,19,-21.4803926997702,0,39,61,260,1,0,0,0,0,13,-2.25909702908261,0,0.0,0.116858237547893,,,0,83.1,122.1
2000,REG+POST,00-0005348,,Chris Floyd,FB,RB,,2,NE,0,0,0,0,0,0,0,0,0,0,0,0,,0,,,2,-1,0,0,0,0,-1.20579091616673,0,1,2,21,0,0,0,0,0,1,2.13910898612812,0,0.0,0.0303030303030303,,,0,2.0,3.0
2000,REG+POST,00-0005361,,William Floyd,FB,RB,,10,CAR,0,0,0,0,0,0,0,0,0,0,0,0,,0,,,16,33,1,0,0,2,-3.60108716355171,0,17,27,114,1,0,0,0,0,8,-2.48530604609004,0,0.0,0.0810810810810811,,,0,26.7,43.7
2000,REG+POST,00-0005363,,Doug Flutie,QB,QB,,10,BUF,129,225,1656,8,2,9,64,2,0,0,0,69,28.3506446825218,0,0.0,0.0871275756348564,35,159,1,3,2,10,-2.73251393410608,0,0,0,0,0,0,0,0,0,0,,0,,,,,0,112.14,112.14
2000,REG+POST,00-0005562,,Antonio Freeman,WR,WR,,15,GB,0,0,0,0,0,0,0,0,0,0,0,0,,0,,,2,5,0,0,0,1,0.484229294175748,0,61,119,894,9,1,1,0,0,46,23.5601640376193,0,0.0,0.216363636363636,,,0,141.9,202.9
2000,REG+POST,00-0005589,,Gus Frerotte,QB,QB,,10,DEN,150,258,1890,9,9,15,108,5,3,0,0,92,-1.00213195255762,0,0.0,0.0677416926543134,23,63,1,0,0,6,-0.162131403980311,0,0,0,0,0,0,0,0,0,0,,0,,,,,0,99.9,99.9
2000,REG+POST,00-0005600,,John Friesz,QB,QB,,1,NE,11,21,66,0,1,3,16,0,0,0,0,4,-15.4546133853302,0,0.0,0.033053685407906,0,0,0,0,0,0,,0,0,0,0,0,0,0,0,0,0,,0,,,,,0,0.64,0.64
2000,REG+POST,00-0005616,,Irving Fryar,WR,WR,,14,WAS,0,0,0,0,0,0,0,0,0,0,0,0,,0,,,2,16,0,0,0,1,0.653719293304845,0,41,75,548,5,0,0,0,0,29,24.2952313232789,0,0.0,0.152749490835031,,,0,86.4,127.4
2000,REG+POST,00-0005620,,Chris Fuamatu-Ma'afala,RB,RB,,6,PIT,0,0,0,0,0,0,0,0,0,0,0,0,,0,,,20,144,1,0,0,6,4.21883194566217,0,11,16,107,0,0,0,0,0,6,5.01888912398135,0,0.0,0.118518518518519,,,0,31.1,42.1
2000,REG+POST,00-0005668,,Oronde Gadsden,WR,WR,,17,MIA,0,0,0,0,0,0,0,0,0,0,0,0,,0,,,0,0,0,0,0,0,,0,58,98,824,6,0,0,0,0,38,46.5763403172009,0,0.0,0.21304347826087,,,0,118.4,176.4
2000,REG+POST,00-0005720,,Joey Galloway,WR,WR,,1,DAL,0,0,0,0,0,0,0,0,0,0,0,0,,0,,,0,0,0,0,0,0,,0,4,12,62,1,0,0,0,0,4,3.54234399937732,0,0.0,0.4,,,0,12.2,16.2
2000,REG+POST,00-0005741,,Rich Gannon,QB,QB,,18,LV,300,503,3551,29,13,34,156,8,5,0,0,181,76.6757826797534,0,0.0,0.109947853560699,90,508,4,3,2,34,23.5704023005233,1,0,0,0,0,0,0,0,0,0,,0,,,,,0,294.84,294.84
2000,REG+POST,00-0005755,,Jeff Garcia,QB,QB,,16,SF,349,550,4238,31,9,23,153,4,1,0,0,203,134.47117808848,1,0.0,0.127435378447518,71,403,4,2,0,23,9.8884073583904,0,0,0,0,0,0,0,0,0,0,,0,,,,,0,339.82,339.82
2000,REG+POST,00-0005779,,Charlie Garner,RB,RB,,16,SF,0,0,0,0,0,0,0,0,0,0,0,0,,0,,,252,1115,7,4,3,53,-15.415283430076,0,67,92,642,3,0,0,0,0,28,21.3082128134989,0,0.0,0.163992869875223,,,0,229.7,296.7
2000,REG+POST,00-0005794,,Jason Garrett,QB,QB,,3,NYG,1,1,4,0,0,0,0,0,0,0,0,1,0.918478230363689,0,0.0,,7,-7,0,0,0,0,-5.13946747686714,0,0,0,0,0,0,0,0,0,0,,0,,,,,0,-0.54,-0.54
2000,REG+POST,00-0005816,,Olandis Gary,RB,RB,,1,DEN,0,0,0,0,0,0,0,0,0,0,0,0,,0,,,13,80,0,0,0,5,1.2409482957155,0,3,4,10,0,0,0,0,0,0,-1.100169699049,0,0.0,0.142857142857143,,,0,9.0,12.0
2000,REG+POST,00-0005822,,Sam Gash,FB,RB,,8,BAL,0,0,0,0,0,0,0,0,0,0,0,0,,0,,,3,2,0,0,0,0,-1.35902919399086,0,7,14,37,1,0,0,0,0,1,-7.12370923976414,0,0.0,0.0736842105263158,,,0,9.9,16.9
2000,REG+POST,00-0005854,,Cory Geason,TE,TE,,4,PIT,0,0,0,0,0,0,0,0,0,0,0,0,,0,,,0,0,0,0,0,0,,0,3,4,66,0,0,0,0,0,2,3.39616002124967,0,0.0,0.0336134453781513,,,0,6.6,9.6
2000,REG+POST,00-0005860,,Chris Gedney,TE,TE,,9,ARI,0,0,0,0,0,0,0,0,0,0,0,0,,0,,,0,0,0,0,0,0,,0,10,16,75,0,0,0,0,0,5,-5.36980304023018,0,0.0,0.0557491289198606,,,0,7.5,17.5
2000,REG+POST,00-0005883,,Eddie George,RB,RB,,17,TEN,0,0,0,0,0,0,0,0,0,0,0,0,,0,,,425,1546,15,5,3,83,-31.7262735236472,0,56,73,481,2,0,0,0,0,22,4.6975059728604,0,0.0,0.154661016949153,,,0,298.7,354.7
2000,REG+POST,00-0005885,,Jeff George,QB,QB,,6,WAS,113,192,1389,7,6,11,85,2,0,0,0,65,28.134116135275,0,0.0,0.107142553646128,6,22,0,0,0,1,-3.25763261248358,0,0,0,0,0,0,0,0,0,0,,0,,,,,0,73.76,73.76
2000,REG+POST,00-0005903,,Jammi German,WR,WR,,4,ATL,0,0,0,0,0,0,0,0,0,0,0,0,,0,,,0,0,0,0,0,0,,0,1,4,10,0,0,0,0,0,0,-3.19710097527912,0,0.0,0.0287769784172662,,,0,1.0,2.0
2000,REG+POST,00-0006043,,Terry Glenn,WR,WR,,16,NE,0,0,0,0,0,0,0,0,0,0,0,0,,0,,,4,39,0,0,0,1,0.888771942816675,0,77,162,922,6,0,0,0,0,55,17.1920710410573,0,0.0,0.295620437956204,,,0,132.1,209.1
2000,REG+POST,00-0006047,,Andrew Glover,TE,TE,,16,NO,0,0,0,0,0,0,0,0,0,0,0,0,,0,,,0,0,0,0,0,0,,0,22,45,297,4,0,0,0,0,12,3.5360429965497,0,0.0,0.0909090909090909,,,0,53.7,75.7
2000,REG+POST,00-0006101,,Tony Gonzalez,TE,TE,,15,KC,0,0,0,0,0,0,0,0,0,0,0,0,,0,,,0,0,0,0,0,0,,0,89,142,1160,9,0,0,0,0,65,50.1203042387559,0,0.0,0.265917602996255,,,0,170.0,259.0
2000,REG+POST,00-0006133,,Hunter Goodwin,TE,TE,,7,MIA,0,0,0,0,0,0,0,0,0,0,0,0,,0,,,0,0,0,0,0,0,,0,5,12,32,1,0,0,0,0,1,-1.09042000794348,0,0.0,0.0625,,,0,9.2,14.2
2000,REG+POST,00-0006155,,Lennox Gordon,RB,RB,,2,IND,0,0,0,0,0,0,0,0,0,0,0,0,,0,,,3,7,0,0,0,0,-0.0587207077769563,0,0,0,0,0,0,0,0,0,0,,0,,,,,0,0.7,0.7
2000,REG+POST,00-0006181,,Toby Gowin,P,SPEC,,1,NO,0,0,0,0,0,0,0,0,0,0,0,0,,0,,,1,5,0,0,0,1,2.33418643521145,0,0,0,0,0,0,0,0,0,0,,0,,,,,0,0.5,0.5
2000,REG+POST,00-0006210,,Jeff Graham,WR,WR,,13,LAC,0,0,0,0,0,0,0,0,0,0,0,0,,0,,,0,0,0,0,0,0,,0,55,113,907,4,0,0,0,0,37,19.0405073903337,0,0.0,0.244588744588745,,,0,114.7,169.7
2000,REG+POST,00-0006212,,Kent Graham,QB,QB,,8,PIT,66,148,878,1,1,13,70,1,1,0,0,37,-34.8588977556456,0,0.0,0.0255797887743383,8,7,0,0,0,0,-9.02983765868151,0,0,0,0,0,0,0,0,0,0,,0,,,,,0,35.82,35.82
2000,REG+POST,00-0006300,,Elvis Grbac,QB,QB,,14,KC,303,509,3848,22,13,27,210,5,2,0,0,181,56.6027222902474,0,0.0,0.101775534457677,28,112,1,2,1,6,-2.36296704789856,0,0,0,0,0,0,0,0,0,0,,0,,,,,0,227.12,227.12
2000,REG+POST,00-0006305,,Ahman Green,RB,RB,,16,GB,0,1,0,0,0,0,0,0,0,0,0,0,-0.662081322981976,0,,,262,1170,10,3,2,61,7.27616492712462,0,72,98,542,3,3,2,0,0,28,-1.77678640356577,0,0.0,0.165820642978003,,,0,241.2,313.2
2000,REG+POST,00-0006322,,E.G. Green,WR,WR,,5,IND,0,0,0,0,0,0,0,0,0,0,0,0,,0,,,0,0,0,0,0,0,,0,18,26,201,1,0,0,0,0,12,13.0125191274257,0,0.0,0.134020618556701,,,0,26.1,44.1
2000,REG+POST,00-0006331,,Jacquez Green,WR,WR,,17,TB,0,0,0,0,0,0,0,0,0,0,0,0,,0,,,5,13,0,0,0,0,-1.63132997445682,0,49,103,726,1,0,0,0,0,32,15.0694699907268,0,0.0,0.229910714285714,,,0,79.9,128.9
2000,REG+POST,00-0006355,,Trent Green,QB,QB,,8,LA,142,236,2007,16,5,24,145,3,2,0,0,91,51.645357447682,0,0.0,0.115522973879497,20,69,1,0,0,6,-2.87398281734204,0,0,0,0,0,0,0,0,0,0,,0,,,,,0,143.18,143.18
2000,REG+POST,00-0006410,,Chris Greisen,QB,QB,,2,ARI,6,10,65,1,0,3,24,1,1,0,0,4,-3.65024207741953,0,0.0,0.0294431496225135,1,1,0,0,0,0,-0.282853866461664,0,0,0,0,0,0,0,0,0,0,,0,,,,,0,4.7,4.7
2000,REG+POST,00-0006423,,Brian Griese,QB,QB,,10,DEN,210,330,2606,19,4,17,139,3,2,0,0,133,83.1720081214762,1,0.0,0.123023290399432,27,95,1,2,1,7,-6.4207870656988,0,0,0,0,0,0,0,0,0,0,,0,,,,,0,183.74,183.74
2000,REG+POST,00-0006431,,Damon Griffin,WR,WR,,5,CIN,0,0,0,0,0,0,0,0,0,0,0,0,,0,,,0,0,0,0,0,0,,0,2,9,25,0,0,0,0,0,1,-10.1881968398229,0,0.0,0.0552147239263804,,,0,2.5,4.5
2000,REG+POST,00-0006456,,Howard Griffith,RB,RB,,14,DEN,0,0,0,0,0,0,0,0,0,0,0,0,,0,,,5,4,0,0,0,2,-3.59369210859401,0,17,34,117,2,0,0,0,0,7,-5.65118953471152,0,0.0,0.0760626398210291,,,0,24.1,41.1
2000,REG+POST,00-0006458,,Rich Griffith,TE,TE,,3,JAX,0,0,0,0,0,0,0,0,0,0,0,0,,0,,,0,0,0,0,0,0,,0,0,3,0,0,0,0,0,0,0,-1.56021653255448,0,,0.032967032967033,,,0,0.0,0.0
2000,REG+POST,00-0006482,,Clif Groce,FB,RB,,6,CIN,0,0,0,0,0,0,0,0,0,0,0,0,,0,,,3,4,0,0,0,1,-1.69542164565064,0,11,13,45,0,0,0,0,0,2,-2.30443907662993,0,0.0,0.0677083333333333,,,0,4.9,15.9
2000,REG+POST,00-0006627,,Az-Zahir Hakim,WR,WR,,16,LA,0,0,0,0,0,0,0,0,0,0,0,0,,0,,,5,19,0,1,1,0,-6.29119439277565,0,55,84,776,4,2,1,0,3,34,34.2534822911365,0,0.0,0.143344709897611,,,1,105.5,160.5
2000,REG+POST,00-0006666,,Lamont Hall,TE,TE,,6,NO,0,0,0,0,0,0,0,0,0,0,0,0,,0,,,0,0,0,0,0,0,,0,5,7,33,1,0,0,0,0,4,3.10685673466651,0,0.0,0.04,,,0,9.3,14.3
2000,REG+POST,00-0006777,,Karl Hankton,WR,WR,,5,CAR,0,0,0,0,0,0,0,0,0,0,0,0,,0,,,0,0,0,0,0,0,,0,4,8,38,0,0,0,0,0,2,2.68804249743995,0,0.0,0.0441988950276243,,,0,3.8,7.8
2000,REG+POST,00-0006804,,Patrick Hape,TE,TE,,10,TB,0,0,0,0,0,0,0,0,0,0,0,0,,0,,,0,0,0,0,0,0,,0,7,15,44,0,0,0,0,0,2,-3.73206767556258,0,0.0,0.0505050505050505,,,0,4.4,11.4
2000,REG+POST,00-0006808,,Jim Harbaugh,QB,QB,,7,LAC,121,199,1389,8,10,13,94,1,0,0,0,65,8.72572424103667,0,0.0,0.0536698795588336,14,21,0,3,2,1,-15.0657730389503,0,0,0,0,0,0,0,0,0,0,,0,,,,,0,65.66,65.66
2000,REG+POST,00-0006848,,Terry Hardy,TE,TE,,16,ARI,0,0,0,0,0,0,0,0,0,0,0,0,,0,,,0,0,0,0,0,0,,0,27,45,160,1,2,1,0,0,10,-23.856497740831,0,0.0,0.0841121495327103,,,0,20.0,47.0
2000,REG+POST,00-0006949,,Jackie Harris,TE,TE,,16,DAL,0,0,0,0,0,0,0,0,0,0,0,0,,0,,,0,0,0,0,0,0,,0,38,55,302,5,0,0,0,0,17,-3.22671392981813,1,0.0,0.128504672897196,,,0,62.2,100.2
2000,REG+POST,00-0006989,,Raymont Harris,RB,RB,,3,NE,0,0,0,0,0,0,0,0,0,0,0,0,,0,,,13,36,0,0,0,1,-3.77918644517195,0,3,3,4,0,0,0,0,0,0,-0.927894813386956,0,0.0,0.0365853658536585,,,0,4.0,7.0
2000,REG+POST,00-0007024,,Marvin Harrison,WR,WR,,17,IND,0,0,0,0,0,0,0,0,0,0,0,0,,0,,,0,0,0,0,0,0,,0,106,179,1471,14,2,1,0,0,71,61.6950716932818,0,0.0,0.305460750853242,,,0,229.1,335.1
2000,REG+POST,00-0007059,,Mark Hartsell,QB,QB,,1,CHI,0,1,0,0,0,0,0,0,0,0,0,0,-1.27332962938817,0,,,0,0,0,0,0,0,,0,0,0,0,0,0,0,0,0,0,,0,,,,,0,0.0,0.0
2000,REG+POST,00-0007091,,Matt Hasselbeck,QB,QB,"https://static.www.nfl.com/image/private/f_auto,q_auto/league/t1nf9avoy2kauqwrvzza",4,GB,10,19,104,1,0,1,2,0,0,0,0,4,-0.740077982445254,0,0.0,0.0240449105494039,4,-5,0,0,0,0,-2.21177425805945,0,0,0,0,0,0,0,0,0,0,,0,,,,,0,7.66,7.66
2000,REG+POST,00-0007103,,Matt Hatchette,WR,WR,,15,MIN,0,0,0,0,0,0,0,0,0,0,0,0,,0,,,0,0,0,0,0,0,,0,17,37,192,2,0,0,0,0,9,-2.24211137514051,0,0.0,0.0822222222222222,,,0,31.2,48.2
2000,REG+POST,00-0007120,,Courtney Hawkins,WR,WR,,9,PIT,0,0,0,0,0,0,0,0,0,0,0,0,,0,,,0,0,0,0,0,0,,0,19,42,238,1,0,0,0,0,10,-8.52421680200081,0,0.0,0.178723404255319,,,0,29.8,48.8
2000,REG+POST,00-0007144,,Donald Hayes,WR,WR,,15,CAR,0,0,0,0,0,0,0,0,0,0,0,0,,0,,,0,0,0,0,0,0,,0,64,110,909,3,1,1,0,0,46,35.7305420976625,0,0.0,0.215264187866928,,,0,106.9,170.9
2000,REG+POST,00-0007213,,Steve Heiden,TE,TE,"https://static.www.nfl.com/image/private/f_auto,q_auto/league/gbtrxatwcauhazpjejcr",7,LAC,0,0,0,0,0,0,0,0,0,0,0,0,,0,,,0,0,0,0,0,0,,0,6,12,32,1,0,0,0,0,2,-3.48618274633373,0,0.0,0.051063829787234,,,0,9.2,15.2
2000,REG+POST,00-0007254,,William Henderson,FB,RB,,16,GB,0,0,0,0,0,0,0,0,0,0,0,0,,0,,,2,16,0,0,0,0,0.570023678883445,0,34,44,229,1,1,1,0,0,9,1.47581221685487,0,0.0,0.0744500846023689,,,0,28.5,62.5
2000,REG+POST,00-0007357,,Chris Hetherington,FB,RB,,11,CAR,0,0,0,0,0,0,0,0,0,0,0,0,,0,,,22,54,2,0,0,4,-3.48695819113235,0,14,21,116,1,0,0,0,0,9,-5.17765373186558,0,0.0,0.0954545454545455,,,0,35.0,49.0
2000,REG+POST,00-0007389,,Skip Hicks,RB,RB,,6,WAS,0,0,0,0,0,0,0,0,0,0,0,0,,0,,,29,78,1,1,0,6,-4.09034809545847,0,5,5,43,0,0,0,0,0,1,1.03042757837102,0,0.0,0.040650406504065,,,0,18.1,23.1
2000,REG+POST,00-0007468,,Ike Hilliard,WR,WR,,17,NYG,0,0,0,0,0,0,0,0,0,0,0,0,,0,,,4,18,0,0,0,1,-0.986465665278956,0,71,133,1007,10,0,0,0,0,56,40.4974046175428,0,0.0,0.243589743589744,,,0,162.5,233.5
2000,REG+POST,00-0007546,,James Hodgins,RB,RB,,3,LA,0,0,0,0,0,0,0,0,0,0,0,0,,0,,,1,3,0,0,0,0,-0.864690278191119,0,2,2,5,0,0,0,0,0,0,-0.501161696389318,0,0.0,0.0232558139534884,,,0,0.8,2.8
2000,REG+POST,00-0007579,,Robert Holcombe,FB,RB,,13,LA,0,0,0,0,0,0,0,0,0,0,0,0,,0,,,21,70,3,0,0,8,2.24115268010064,0,8,11,90,1,0,0,0,11,6,4.76355016033631,0,0.0,0.0332326283987915,,,0,40.0,48.0
2000,REG+POST,00-0007661,,Priest Holmes,RB,RB,,19,BAL,0,0,0,0,0,0,0,0,0,0,0,0,,0,,,155,633,2,1,1,40,-6.4725593771589,0,33,47,225,0,1,0,0,0,11,0.90832650327473,0,0.0,0.107551487414188,,,0,95.8,128.8
2000,REG+POST,00-0007681,,Torry Holt,WR,WR,,17,LA,0,0,0,0,0,0,0,0,0,0,0,0,,0,,,2,7,0,0,0,0,0.958028573018964,0,82,143,1622,6,2,2,0,0,59,59.1598468787834,0,0.0,0.233278955954323,,,0,194.9,276.9
2000,REG+POST,00-0007744,,Joe Horn,WR,WR,,17,NO,0,0,0,0,0,0,0,0,0,0,0,0,,0,,,5,11,0,0,0,1,-0.919769336702302,0,94,151,1340,8,1,0,0,0,63,57.6887655795218,0,0.0,0.300198807157058,,,0,183.1,277.1
2000,REG+POST,00-0007749,,Tony Horne,WR,WR,,6,LA,0,0,0,0,0,0,0,0,0,0,0,0,,0,,,2,6,0,0,0,1,-0.310319129843265,0,4,7,32,2,0,0,0,0,2,4.57621088461019,0,0.0,0.0357142857142857,,,1,21.8,25.8
2000,REG+POST,00-0007795,,Chris Howard,RB,RB,,2,JAX,0,0,0,0,0,0,0,0,0,0,0,0,,0,,,21,52,1,2,1,4,-3.85574707016349,0,3,5,26,0,0,0,0,0,2,1.17867906578994,0,0.0,0.0632911392405063,,,0,11.8,14.8
2000,REG+POST,00-0007798,,Desmond Howard,WR,WR,,3,DET,0,0,0,0,0,0,0,0,0,0,0,0,,0,,,0,0,0,0,0,0,,0,2,2,14,0,0,0,0,0,0,-0.555711361928843,0,0.0,0.0294117647058824,,,1,7.4,9.4
2000,REG+POST,00-0007832,,Bobby Hoying,QB,QB,,3,LV,8,18,107,0,2,0,0,0,0,0,0,5,-4.56343255680986,0,0.0,0.0394548221298112,7,8,0,0,0,0,-6.64746471052058,0,0,0,0,0,0,0,0,0,0,,0,,,,,0,1.08,1.08
2000,REG+POST,00-0007834,,Brock Huard,QB,QB,,5,SEA,48,86,508,3,2,13,72,2,0,0,0,26,-19.1467131181013,0,0.0,0.0247195136683789,5,29,0,0,0,2,2.5222682581516,0,0,0,0,0,0,0,0,0,0,,0,,,,,0,31.22,31.22
2000,REG+POST,00-0007835,,Damon Huard,QB,QB,,3,MIA,37,61,301,1,3,4,22,0,0,0,0,14,-17.5972745089751,0,0.0,0.0283276271069698,0,0,0,0,0,0,,0,0,0,0,0,0,0,0,0,0,,0,,,,,0,10.04,10.04
2000,REG+POST,00-0007969,,Richard Huntley,RB,RB,,13,PIT,0,0,0,0,0,0,0,0,0,0,0,0,,0,,,46,215,3,1,1,13,-5.42829536059658,1,10,19,91,0,0,0,0,0,4,-4.59092027011759,0,0.0,0.0693430656934307,,,0,48.6,58.6
2000,REG+POST,00-0008046,,Sedrick Irvin,RB,RB,,5,DET,0,0,0,0,0,0,0,0,0,0,0,0,,0,,,9,49,0,1,1,1,-7.06430830600922,0,8,12,90,0,0,0,0,0,4,5.15899570778853,0,0.0,0.0821917808219178,,,0,11.9,19.9
2000,REG+POST,00-0008059,,Qadry Ismail,WR,WR,,18,BAL,0,0,0,0,0,0,0,0,0,0,0,0,,0,,,1,-4,0,0,0,0,1.05497278412804,0,58,113,805,5,0,0,0,0,45,24.1019108329531,0,0.0,0.22920892494929,,,0,110.1,168.1
2000,REG+POST,00-0008060,,Raghib Ismail,WR,WR,,8,DAL,0,0,0,0,0,0,0,0,0,0,0,0,,0,,,8,73,0,1,1,3,-2.42470964626409,0,25,43,350,1,0,0,0,0,18,14.8060111410517,1,0.0,0.202830188679245,,,0,48.3,73.3
2000,REG+POST,00-0008109,,Chris Jackson,WR,WR,,1,TEN,0,0,0,0,0,0,0,0,0,0,0,0,,0,,,0,0,0,0,0,0,,0,0,1,0,0,0,0,0,0,0,-0.642247053328902,0,,0.0333333333333333,,,0,0.0,0.0
2000,REG+POST,00-0008156,,Lenzie Jackson,WR,WR,,1,CLE,0,0,0,0,0,0,0,0,0,0,0,0,,0,,,0,0,0,0,0,0,,0,1,3,5,0,0,0,0,0,0,-1.5380756305116,0,0.0,0.136363636363636,,,0,0.5,1.5
2000,REG+POST,00-0008190,,Sheldon Jackson,TE,TE,,5,BUF,0,0,0,0,0,0,0,0,0,0,0,0,,0,,,0,0,0,0,0,0,,0,5,8,36,1,0,0,0,0,3,1.62767363805324,0,0.0,0.0467836257309942,,,0,9.6,14.6
2000,REG+POST,00-0008196,,Terry Jackson,RB,RB,,7,SF,0,0,0,0,0,0,0,0,0,0,0,0,,0,,,5,6,1,0,0,2,-0.297258002043236,1,5,5,48,1,0,0,0,0,4,7.37443410622655,0,0.0,0.0454545454545455,,,0,19.4,24.4
2000,REG+POST,00-0008210,,Willie Jackson,WR,WR,,16,NO,0,0,0,0,0,0,0,0,0,0,0,0,,0,,,1,-3,0,0,0,0,-1.27555420383578,0,50,101,755,9,2,1,0,0,38,13.6006314167764,0,0.0,0.200795228628231,,,0,127.2,177.2
2000,REG+POST,00-0008229,,Nate Jacquet,WR,WR,,3,LAC,0,0,0,0,0,0,0,0,0,0,0,0,,0,,,0,0,0,0,0,0,,0,1,3,25,0,0,0,0,0,0,-0.387398315710016,0,0.0,0.0265486725663717,,,0,2.5,3.5
2000,REG+POST,00-0008241,,Edgerrin James,RB,RB,,17,IND,0,0,0,0,0,0,0,0,0,0,0,0,,0,,,404,1797,13,5,5,105,-5.60821290966946,1,64,89,614,5,0,0,0,0,25,20.6282695083716,0,0.0,0.151877133105802,,,0,341.1,405.1
2000,REG+POST,00-0008313,,Shawn Jefferson,WR,WR,,15,ATL,0,0,0,0,0,0,0,0,0,0,0,0,,0,,,1,1,0,0,0,0,-0.470304488088004,0,60,103,822,2,1,0,0,0,40,7.34801576508595,0,0.0,0.217758985200846,,,0,94.3,154.3
2000,REG+POST,00-0008346,,James Jenkins,TE,TE,,1,WAS,0,0,0,0,0,0,0,0,0,0,0,0,,0,,,0,0,0,0,0,0,,0,0,1,0,0,0,0,0,0,0,-0.986068921978585,0,,0.0303030303030303,,,0,0.0,0.0
2000,REG+POST,00-0008357,,MarTay Jenkins,WR,WR,,16,ARI,0,0,0,0,0,0,0,0,0,0,0,0,,0,,,1,-4,0,0,0,0,-1.04018923360854,0,16,38,212,0,0,0,0,0,10,-8.68520465196343,0,0.0,0.0710280373831776,,,1,26.8,42.8
2000,REG+POST,00-0008391,,Travis Jervey,RB,RB,,1,SF,0,0,0,0,0,0,0,0,0,0,0,0,,0,,,1,0,0,0,0,0,-0.315104748355225,0,0,0,0,0,0,0,0,0,0,,0,,,,,0,0.0,0.0
2000,REG+POST,00-0008400,,James Jett,WR,WR,,17,LV,0,0,0,0,0,0,0,0,0,0,0,0,,0,,,1,-4,0,0,0,0,-1.15174623415805,0,25,47,385,3,0,0,0,0,18,17.2787181819499,0,0.0,0.0981210855949896,,,0,56.1,81.1
2000,REG+POST,00-0008401,,John Jett,P,SPEC,,1,DET,0,0,0,0,0,0,0,0,0,0,0,0,,0,,,1,0,0,1,0,0,-3.30069197178818,0,0,0,0,0,0,0,0,0,0,,0,,,,,0,0.0,0.0
2000,REG+POST,00-0008430,,Anthony Johnson,RB,RB,,11,JAX,0,0,0,0,0,0,0,0,0,0,0,0,,0,,,27,104,1,0,0,5,2.46245074499166,0,12,16,153,0,0,0,0,0,6,8.65275570980157,0,0.0,0.0498442367601246,,,0,31.7,43.7
2000,REG+POST,00-0008442,,Brad Johnson,QB,QB,,12,WAS,226,359,2489,11,15,20,150,4,3,0,0,119,9.48168340036444,0,0.0,0.0658024253944422,22,58,1,1,0,6,-3.71060497444705,0,0,0,0,0,0,0,0,0,0,,0,,,,,0,119.36,119.36
2000,REG+POST,00-0008454,,Charles Johnson,WR,WR,,18,PHI,0,0,0,0,0,0,0,0,0,0,0,0,,0,,,5,18,0,0,0,1,-0.583026687148958,0,63,113,701,7,0,0,0,0,37,29.2751911991622,0,0.0,0.177952755905512,,,0,113.9,176.9
2000,REG+POST,00-0008529,,J.J. Johnson,RB,RB,,10,MIA,0,0,0,0,0,0,0,0,0,0,0,0,,0,,,51,175,1,0,0,5,-4.07461683445665,0,12,14,80,0,0,0,0,0,2,-3.49184951611096,0,0.0,0.0707070707070707,,,0,31.5,43.5
2000,REG+POST,00-0008560,,Kevin Johnson,WR,WR,,16,CLE,1,3,23,0,1,0,0,0,0,0,0,1,-2.65880421642214,0,0.0,,0,0,0,0,0,0,,0,57,98,669,0,0,0,0,0,25,-8.37975361277398,0,0.0,0.209850107066381,,,0,65.82,122.82
2000,REG+POST,00-0008561,,Keyshawn Johnson,WR,WR,,17,TB,0,0,0,0,0,0,0,0,0,0,0,0,,0,,,2,5,0,0,0,0,-1.39912569336593,0,74,129,928,8,2,2,0,0,51,26.1266835873306,0,0.0,0.287946428571429,,,0,137.3,211.3
2000,REG+POST,00-0008566,,Lee Johnson,P,SPEC,,3,NE,1,1,18,0,0,0,0,0,0,0,0,1,3.21449055429548,0,0.0,,2,-1,0,1,0,0,-2.27523634361569,0,0,0,0,0,0,0,0,0,0,,0,,,,,0,0.62,0.62
2000,REG+POST,00-0008575,,Malcolm Johnson,WR,WR,,4,PIT,0,0,0,0,0,0,0,0,0,0,0,0,,0,,,0,0,0,0,0,0,,0,0,8,0,0,0,0,0,0,0,-7.00109581384009,0,,0.0689655172413793,,,0,0.0,0.0
2000,REG+POST,00-0008598,,Pat Johnson,WR,WR,,14,BAL,0,0,0,0,0,0,0,0,0,0,0,0,,0,,,1,19,0,0,0,1,1.12781578890281,0,13,44,164,2,0,0,0,0,9,-18.06128471446,0,0.0,0.112820512820513,,,0,30.3,43.3
2000,REG+POST,00-0008612,,Rob Johnson,QB,QB,,11,BUF,161,274,1911,12,6,44,252,2,1,0,0,93,-21.5790648754207,0,0.0,0.0441412542562547,37,260,1,1,1,12,3.59328070924284,0,1,1,-6,0,0,0,0,0,0,-2.12779244082049,0,0.0,0.03125,,,0,139.84,140.84
2000,REG+POST,00-0008723,,Damon Jones,TE,TE,,1,JAX,0,0,0,0,0,0,0,0,0,0,0,0,,0,,,0,0,0,0,0,0,,0,1,1,12,0,0,0,0,0,1,0.831749715376645,0,0.0,0.0303030303030303,,,0,1.2,2.2
2000,REG+POST,00-0008749,,Freddie Jones,TE,TE,,15,LAC,0,0,0,0,0,0,0,0,0,0,0,0,,0,,,0,0,0,0,0,0,,0,63,119,673,5,3,2,0,0,32,-24.4541669883327,0,0.0,0.227969348659004,,,0,93.3,156.3
2000,REG+POST,00-0008763,,Isaac Jones,WR,WR,,1,IND,0,0,0,0,0,0,0,0,0,0,0,0,,0,,,0,0,0,0,0,0,,0,0,1,0,0,0,0,0,0,0,-0.297348173276987,0,,0.0212765957446809,,,0,0.0,0.0
2000,REG+POST,00-0008841,,Reggie Jones,WR,WR,,8,LAC,0,0,0,0,0,0,0,0,0,0,0,0,,0,,,0,0,0,0,0,0,,0,20,36,232,0,0,0,0,0,12,-11.7756388762255,0,0.0,0.124137931034483,,,0,23.2,43.2
2000,REG+POST,00-0008903,,Andrew Jordan,TE,TE,,7,MIN,0,0,0,0,0,0,0,0,0,0,0,0,,0,,,0,0,0,0,0,0,,0,10,17,73,0,0,0,0,0,2,-6.11033459752798,0,0.0,0.0829268292682927,,,0,7.3,17.3
2000,REG+POST,00-0008921,,Randy Jordan,RB,RB,,17,LV,0,0,0,0,0,0,0,0,0,0,0,0,,0,,,52,230,3,0,0,11,0.262844854674768,0,28,36,305,1,1,0,0,0,15,14.8944182773769,0,0.0,0.0751565762004175,,,1,83.5,111.5
2000,REG+POST,00-0008962,,Joe Jurevicius,WR,WR,,14,NYG,0,0,0,0,0,0,0,0,0,0,0,0,,0,,,0,0,0,0,0,0,,0,26,55,287,2,1,1,0,0,18,5.90138045035837,0,0.0,0.119047619047619,,,0,38.7,64.7
2000,REG+POST,00-0009007,,Danny Kanell,QB,QB,,5,ATL,55,114,506,2,5,8,60,1,0,0,0,28,-32.8593896059923,0,0.0,0.0259165534103829,1,0,0,1,0,0,-0.959989852271974,0,0,0,0,0,0,0,0,0,0,,0,,,,,0,18.24,18.24
2000,REG+POST,00-0009038,,Napoleon Kaufman,RB,RB,,15,LV,0,0,0,0,0,0,0,0,0,0,0,0,,0,,,93,499,0,1,1,21,0.693756932654651,0,13,24,127,1,0,0,0,0,8,3.79654021050103,0,0.0,0.079734219269103,,,0,66.6,79.6
2000,REG+POST,00-0009119,,Reggie Kelly,TE,TE,,15,ATL,0,0,0,0,0,0,0,0,0,0,0,0,,0,,,0,0,0,0,0,0,,0,31,50,340,2,1,1,0,0,14,3.57225461242757,0,0.0,0.108225108225108,,,0,44.0,75.0
2000,REG+POST,00-0009163,,Eddie Kennison,WR,WR,,16,CHI,0,0,0,0,0,0,0,0,0,0,0,0,,0,,,3,72,0,1,0,2,5.14117490471108,0,55,94,549,2,0,0,0,0,29,1.62574881612328,0,0.0,0.18111753371869,,,0,74.1,129.1
2000,REG+POST,00-0009237,,Brian Kinchen,TE,TE,,1,CAR,0,0,0,0,0,0,0,0,0,0,0,0,,0,,,0,0,0,0,0,0,,0,1,1,7,0,0,0,0,0,0,0.0352535746060312,0,0.0,0.032258064516129,,,0,0.7,1.7
2000,REG+POST,00-0009266,,Shaun King,QB,QB,,17,TB,244,451,2840,18,13,41,262,3,2,0,0,145,-10.6951833802694,0,0.0,0.0587406050646012,76,345,5,2,0,23,16.3227218311159,1,0,0,0,0,0,0,0,0,0,,0,,,,,0,222.1,222.1
2000,REG+POST,00-0009288,,Terry Kirby,RB,RB,,3,LV,0,0,0,0,0,0,0,0,0,0,0,0,,0,,,22,88,0,0,0,4,-4.36901896831114,0,7,9,95,0,0,0,0,0,5,5.21783385875055,0,0.0,0.105882352941176,,,0,18.3,25.3
2000,REG+POST,00-0009311,,Jon Kitna,QB,QB,,15,SEA,256,412,2643,18,19,32,156,6,4,0,0,141,5.33472624881627,0,0.0,0.0514801215216487,47,119,1,10,3,14,-11.5719109752389,0,0,0,0,0,0,0,0,0,0,,0,,,,,0,143.62,143.62
2000,REG+POST,00-0009323,,Jimmy Kleinsasser,TE,TE,,12,MIN,0,0,0,0,0,0,0,0,0,0,0,0,,0,,,12,43,0,0,0,2,-1.73139354825253,0,12,16,116,0,0,0,0,0,5,-1.23392203164985,0,0.0,0.0610687022900763,,,0,15.9,27.9
2000,REG+POST,00-0009417,,Rob Konrad,FB,RB,,13,MIA,0,0,0,0,0,0,0,0,0,0,0,0,,0,,,15,39,0,0,0,1,-3.25079365127021,0,14,26,83,0,0,0,0,0,2,-4.49825529864756,0,0.0,0.0734463276836158,,,0,12.2,26.2
2000,REG+POST,00-0009443,,Brian Kozlowski,TE,TE,,13,ATL,0,0,0,0,0,0,0,0,0,0,0,0,,0,,,0,0,0,0,0,0,,0,15,25,151,2,0,0,0,0,10,4.49448606632751,0,0.0,0.0641025641025641,,,0,27.1,42.1
2000,REG+POST,00-0009550,,David LaFleur,TE,TE,,10,DAL,0,0,0,0,0,0,0,0,0,0,0,0,,0,,,0,0,0,0,0,0,,0,12,21,109,1,0,0,0,0,7,-2.40959322062277,0,0.0,0.0755395683453237,,,0,16.9,28.9
2000,REG+POST,00-0009715,,Ryan Leaf,QB,QB,,10,LAC,151,305,1779,11,17,30,146,4,3,0,0,77,-64.113085718588,0,0.0,0.0242986928572952,28,54,0,7,2,6,-22.2242030072084,0,0,0,0,0,0,0,0,0,0,,0,,,,,0,76.56,76.56
2000,REG+POST,00-0009738,,Amp Lee,RB,RB,,3,PHI,0,0,0,0,0,0,0,0,0,0,0,0,,0,,,1,2,0,0,0,0,-0.426178860245273,0,1,3,20,0,0,0,0,0,1,-0.338499062694609,0,0.0,0.0285714285714286,,,0,2.2,3.2
2000,REG+POST,00-0009829,,Dorsey Levens,RB,RB,,5,GB,0,0,0,0,0,0,0,0,0,0,0,0,,0,,,76,217,3,0,0,13,-10.1726735924503,0,16,21,146,0,0,0,0,0,9,5.89375654287869,0,0.0,0.12280701754386,,,0,54.3,70.3
2000,REG+POST,00-0009842,,Chad Lewis,TE,TE,,18,PHI,0,0,0,0,0,0,0,0,0,0,0,0,,0,,,0,0,0,0,0,0,,0,75,120,786,3,0,0,0,0,35,8.41236674951313,0,0.0,0.188976377952756,,,0,96.6,171.6
2000,REG+POST,00-0009868,,Jeff Lewis,QB,QB,,5,CAR,16,32,120,0,1,7,51,1,0,0,0,6,-22.530224290269,0,0.0,0.0294632926137544,7,31,0,0,0,3,1.6350446192082,0,0,0,0,0,0,0,0,0,0,,0,,,,,0,5.9,5.9
2000,REG+POST,00-0009869,,Jermaine Lewis,WR,WR,,14,BAL,1,1,3,0,0,0,0,0,0,0,0,1,0.752430797787383,0,0.0,,6,45,0,0,0,3,1.05953905146981,0,19,36,158,1,0,0,0,0,10,-4.0952007316736,0,0.0,0.0949868073878628,,,3,44.42,63.42
2000,REG+POST,00-0009886,,Mo Lewis,OLB,LB,,1,NYJ,0,0,0,0,0,0,0,0,0,0,0,0,,0,,,1,3,0,0,0,1,1.64639964076923,0,0,0,0,0,0,0,0,0,0,,0,,,,,0,0.3,0.3
2000,REG+POST,00-0009960,,Jonathan Linton,FB,RB,,5,BUF,0,0,0,0,0,0,0,0,0,0,0,0,,0,,,31,101,0,3,1,5,-3.91195216908818,0,2,3,7,1,0,0,0,0,1,2.37441014964134,0,0.0,0.0288461538461538,,,0,14.8,16.8
2000,REG+POST,00-0010007,,Kevin Lockett,WR,WR,,14,KC,0,0,0,0,0,0,0,0,0,0,0,0,,0,,,0,0,0,0,0,0,,0,32,53,414,2,1,0,0,0,24,16.4831703156496,0,0.0,0.104536489151874,,,0,53.4,85.4
2000,REG+POST,00-0010137,,Ray Lucas,QB,QB,,6,NYJ,21,39,206,0,2,6,24,2,1,0,0,10,-19.8064964620686,0,0.0,0.0358616605625723,6,42,0,0,0,2,1.56823250350739,0,0,0,0,0,0,0,0,0,0,,0,,,,,0,6.44,6.44
2000,REG+POST,00-0010174,,Keith Lyle,FS,DB,,2,LA,0,0,0,0,0,0,0,0,0,0,0,0,,1,,,1,4,0,0,0,1,1.96927114145365,0,0,0,0,0,0,0,0,0,0,,0,,,,,0,2.4,2.4
2000,REG+POST,00-0010240,,Stacey Mack,RB,RB,,3,JAX,0,0,0,0,0,0,0,0,0,0,0,0,,0,,,54,145,1,2,1,10,-14.495230056782,0,0,0,0,0,0,0,0,0,0,,0,,,,,0,18.5,18.5
2000,REG+POST,00-0010292,,Joel Makovicka,FB,RB,,7,ARI,0,0,0,0,0,0,0,0,0,0,0,0,,0,,,3,8,0,0,0,0,-1.04284075030591,0,6,9,18,0,0,0,0,0,3,-7.21004561305745,0,0.0,0.0436893203883495,,,0,2.6,8.6
2000,REG+POST,00-0010333,,Kris Mangum,TE,TE,,12,CAR,0,0,0,0,0,0,0,0,0,0,0,0,,0,,,0,0,0,0,0,0,,0,19,31,215,1,0,0,0,0,13,7.58623512520037,0,0.0,0.0734597156398104,,,0,27.5,46.5
2000,REG+POST,00-0010346,,Peyton Manning,QB,QB,"https://static.www.nfl.com/image/private/f_auto,q_auto/league/xpcd6auodk3w0vda6jal",17,IND,370,596,4582,34,14,20,131,4,1,0,0,219,141.657522143408,2,0.0,0.132160240158709,36,101,1,1,1,9,-3.84557885307004,0,0,0,0,0,0,0,0,0,0,,0,,,,,0,307.38,307.38
2000,REG+POST,00-0010436,,Cecil Martin,RB,RB,,18,PHI,0,0,0,0,0,0,0,0,0,0,0,0,,0,,,13,77,0,1,1,2,-3.59545208318744,0,34,42,231,0,0,0,0,0,14,4.31881915906834,0,0.0,0.0661417322834646,,,0,28.8,62.8
2000,REG+POST,00-0010442,,Curtis Martin,RB,RB,,16,NYJ,1,1,18,1,0,0,0,0,0,0,0,1,3.33488662756281,0,0.0,,309,1156,9,2,2,59,-32.8118393388619,0,69,96,512,2,0,0,0,0,24,-11.715772365925,0,0.0,0.15609756097561,,,0,233.52,302.52
2000,REG+POST,00-0010455,,Jamie Martin,QB,QB,,5,JAX,22,33,307,2,1,0,0,0,0,0,0,16,18.838014984678,0,0.0,0.169145992026325,7,-6,0,0,0,0,-5.18855611252366,0,0,0,0,0,0,0,0,0,0,,0,,,,,0,17.68,17.68
2000,REG+POST,00-0010477,,Tony Martin,WR,WR,,11,MIA,0,0,0,0,0,0,0,0,0,0,0,0,,0,,,1,6,0,0,0,0,0.1995515874587,0,28,67,419,0,0,0,0,0,20,-0.712108484120108,0,0.0,0.207430340557276,,,0,42.5,70.5
2000,REG+POST,00-0010500,,Derrick Mason,WR,WR,,15,TEN,0,0,0,0,0,0,0,0,0,0,0,0,,0,,,1,1,0,0,0,0,-0.68424398242496,0,69,102,949,5,0,0,0,0,50,53.5923116957236,0,0.0,0.238317757009346,,,1,131.0,200.0
2000,REG+POST,00-0010539,,Terance Mathis,WR,WR,,16,ATL,0,0,0,0,0,0,0,0,0,0,0,0,,0,,,1,-5,0,0,0,0,-0.957466706633568,0,56,124,665,5,1,1,0,0,42,-11.0609151186739,0,0.0,0.251521298174442,,,0,94.0,150.0
2000,REG+POST,00-0010550,,Bruce Matthews,G,OL,,1,TEN,0,0,0,0,0,0,0,0,0,0,0,0,,0,,,0,0,0,0,0,0,,0,0,1,0,0,0,0,0,0,0,-6.544145563239,0,,0.032258064516129,,,0,0.0,0.0
2000,REG+POST,00-0010560,,Shane Matthews,QB,QB,,6,CHI,101,176,949,3,6,5,24,1,1,0,0,53,-35.4483816018693,0,0.0,0.0240673068762498,10,35,0,1,0,3,3.58185062592383,0,0,0,0,0,0,0,0,0,0,,0,,,,,0,39.46,39.46
2000,REG+POST,00-0010598,,Alonzo Mayes,TE,TE,,5,CHI,0,0,0,0,0,0,0,0,0,0,0,0,,0,,,0,0,0,0,0,0,,0,4,9,40,0,0,0,0,0,1,-2.3168997578905,0,0.0,0.0573248407643312,,,0,4.0,8.0
2000,REG+POST,00-0010599,,Derrick Mayes,WR,WR,,11,SEA,0,0,0,0,0,0,0,0,0,0,0,0,,0,,,0,0,0,0,0,0,,0,28,46,263,1,0,0,0,0,15,0.545624293474248,0,0.0,0.131805157593123,,,0,32.3,60.3
2000,REG+POST,00-0010632,,Fred McAfee,RB,RB,,2,NO,0,0,0,0,0,0,0,0,0,0,0,0,,0,,,2,37,0,0,0,1,1.35824050998781,0,0,0,0,0,0,0,0,0,0,,0,,,,,0,3.7,3.7
2000,REG+POST,00-0010650,,Ed McCaffrey,WR,WR,,17,DEN,0,0,0,0,0,0,0,0,0,0,0,0,,0,,,0,0,0,0,0,0,,0,107,162,1386,9,0,0,0,0,73,52.1209822805298,1,0.0,0.278829604130809,,,0,194.6,301.6
2000,REG+POST,00-0010668,,Keenan McCardell,WR,WR,,16,JAX,0,0,0,0,0,0,0,0,0,0,0,0,,0,,,0,0,0,0,0,0,,0,94,140,1207,5,3,3,0,0,58,34.507530550275,0,0.0,0.263157894736842,,,0,144.7,238.7
2000,REG+POST,00-0010747,,Fred McCrary,RB,RB,,12,LAC,0,0,0,0,0,0,0,0,0,0,0,0,,0,,,7,8,0,1,1,1,-5.27472450956702,0,17,25,122,2,0,0,0,0,8,-0.0549458264140412,0,0.0,0.0639386189258312,,,0,23.0,40.0
2000,REG+POST,00-0010786,,Jeremy McDaniel,WR,WR,,15,BUF,0,0,0,0,0,0,0,0,0,0,0,0,,0,,,0,0,0,0,0,0,,0,40,64,649,2,0,0,0,0,29,37.3270143463784,0,0.0,0.129554655870445,,,0,76.9,116.9
2000,REG+POST,00-0010790,,Randall McDaniel,G,OL,,1,TB,0,0,0,0,0,0,0,0,0,0,0,0,,0,,,0,0,0,0,0,0,,0,1,2,2,1,0,0,0,0,1,1.28725276049227,0,0.0,0.0666666666666667,,,0,6.2,7.2
2000,REG+POST,00-0010824,,O.J. McDuffie,WR,WR,,11,MIA,0,0,0,0,0,0,0,0,0,0,0,0,,0,,,1,-3,0,0,0,0,-0.718394564522896,0,21,44,243,0,0,0,0,0,15,-11.264614534351,0,0.0,0.140575079872204,,,0,24.0,45.0
2000,REG+POST,00-0010843,,Wane McGarity,WR,WR,,13,DAL,0,0,0,0,0,0,0,0,0,0,0,0,,0,,,6,49,1,0,0,2,3.48541136080166,0,25,49,250,0,0,0,0,0,12,-13.1193559520177,0,0.0,0.146706586826347,,,2,47.9,72.9
2000,REG+POST,00-0010859,,Tony McGee,TE,TE,,12,CIN,0,0,0,0,0,0,0,0,0,0,0,0,,0,,,0,0,0,0,0,0,,0,26,49,309,1,0,0,0,0,13,-4.22494235259892,0,0.0,0.147147147147147,,,0,36.9,62.9
2000,REG+POST,00-0010892,,Travis McGriff,WR,WR,,7,DEN,0,0,0,0,0,0,0,0,0,0,0,0,,0,,,0,0,0,0,0,0,,0,3,9,57,1,0,0,0,0,1,1.01642305099438,0,0.0,0.033210332103321,,,0,11.7,14.7
2000,REG+POST,00-0010951,,Dennis McKinley,RB,RB,,2,ARI,0,0,0,0,0,0,0,0,0,0,0,0,,0,,,0,0,0,0,0,0,,0,2,4,13,0,0,0,0,0,0,-0.47529873700114,0,0.0,0.0597014925373134,,,0,1.3,3.3
2000,REG+POST,00-0010974,,James McKnight,WR,WR,,16,DAL,0,0,0,0,0,0,0,0,0,0,0,0,,0,,,0,0,0,0,0,0,,0,50,104,888,2,1,1,0,0,37,21.3860052194058,0,0.0,0.242990654205607,,,0,98.8,148.8
2000,REG+POST,00-0011022,,Donovan McNabb,QB,QB,,18,PHI,370,636,3655,24,13,53,316,5,3,0,0,196,-20.3651537553951,1,0.0,0.0607713170216277,96,672,7,3,1,37,46.8071508737685,0,2,4,5,0,0,0,0,0,0,-2.26786145998631,0,0.0,0.0289855072463768,,,0,319.9,321.9
2000,REG+POST,00-0011024,,Steve McNair,QB,QB,,17,TEN,265,434,2920,15,14,24,140,5,3,0,0,145,-3.6323397123397,0,0.0,0.0597473601506506,77,434,0,7,3,26,-2.89594682627427,0,1,1,-10,0,0,0,0,0,0,-1.70268788887188,0,0.0,0.0227272727272727,,,0,179.2,180.2
2000,REG+POST,00-0011044,,Cade McNown,QB,QB,,10,CHI,153,277,1635,8,8,27,169,3,1,0,0,66,-50.3202521397129,0,0.0,0.0246770480679992,48,319,3,4,2,18,7.93056440275044,0,0,0,0,0,0,0,0,0,0,,0,,,,,0,125.3,125.3
2000,REG+POST,00-0011068,,Johnny McWilliams,TE,TE,,11,MIN,0,0,0,0,0,0,0,0,0,0,0,0,,0,,,0,0,0,0,0,0,,0,23,31,190,3,0,0,0,0,9,8.73819344330345,0,0.0,0.0974842767295597,,,0,37.0,60.0
2000,REG+POST,00-0011213,,Glyn Milburn,WR,WR,,3,CHI,0,0,0,0,0,0,0,0,0,0,0,0,,0,,,1,6,0,0,0,0,-0.311082012718543,0,1,3,8,0,0,0,0,0,0,-1.74148806894664,0,0.0,0.0280373831775701,,,0,1.4,2.4
2000,REG+POST,00-0011224,,Itula Mili,TE,TE,,15,SEA,0,0,0,0,0,0,0,0,0,0,0,0,,0,,,0,0,0,0,0,0,,0,28,47,288,3,1,0,0,0,18,11.2435129247296,0,0.0,0.0993657505285412,,,0,46.8,74.8
2000,REG+POST,00-0011236,,Billy Miller,TE,TE,,4,DEN,0,0,0,0,0,0,0,0,0,0,0,0,,0,,,0,0,0,0,0,0,,0,1,4,7,0,0,0,0,0,0,-1.47214531176724,0,0.0,0.0333333333333333,,,0,0.7,1.7
2000,REG+POST,00-0011241,,Bubba Miller,C,OL,,1,PHI,0,0,0,0,0,0,0,0,0,0,0,0,,0,,,0,0,0,0,0,0,,0,1,1,9,0,0,0,0,0,1,0.276931704953313,0,0.0,0.0303030303030303,,,0,0.9,1.9
2000,REG+POST,00-0011276,,Jim Miller,QB,QB,,3,CHI,46,80,376,1,0,2,7,1,0,0,0,22,0.920734478350438,0,0.0,0.0294833250596876,7,5,0,0,0,1,-2.32003832791618,0,0,0,0,0,0,0,0,0,0,,0,,,,,0,19.54,19.54
2000,REG+POST,00-0011279,,Josh Miller,P,SPEC,,1,PIT,0,0,0,0,0,0,0,0,0,0,0,0,,0,,,1,0,0,1,0,0,-3.62020258419216,0,0,0,0,0,0,0,0,0,0,,0,,,,,0,0.0,0.0
2000,REG+POST,00-0011341,,Brian Milne,RB,RB,,3,NO,0,0,0,0,0,0,0,0,0,0,0,0,,0,,,2,1,0,0,0,0,-1.04933281755075,0,5,5,33,1,0,0,0,0,1,1.04271203756798,0,0.0,0.054945054945055,,,0,9.4,14.4
2000,REG+POST,00-0011378,,Rick Mirer,QB,QB,,1,SF,10,20,126,1,0,1,6,0,0,0,0,6,3.39856268127915,1,0.0,0.145806517385118,2,5,0,0,0,1,0.117223034554627,0,0,0,0,0,0,0,0,0,0,,0,,,,,0,11.54,11.54
2000,REG+POST,00-0011390,,Anthony Mitchell,DB,DB,,1,BAL,0,0,0,0,0,0,0,0,0,0,0,0,,0,,,0,0,0,0,0,0,,0,0,0,0,0,0,0,0,0,0,,0,,,,,1,6.0,6.0
2000,REG+POST,00-0011392,,Basil Mitchell,RB,RB,,1,GB,0,0,0,0,0,0,0,0,0,0,0,0,,0,,,2,8,0,1,0,0,-0.279709646216361,0,0,2,0,0,0,0,0,0,0,-1.04652530135724,0,,0.0588235294117647,,,0,0.8,0.8
2000,REG+POST,00-0011399,,Brian Mitchell,RB,RB,,16,PHI,1,4,21,0,0,0,0,0,0,0,0,1,-0.116163708502427,0,0.0,,31,214,2,0,0,10,10.2104861867393,0,21,30,153,1,0,0,0,0,9,1.07467612361278,0,0.0,0.0733496332518338,,,2,67.54,88.54
2000,REG+POST,00-0011425,,Pete Mitchell,TE,TE,,16,NYG,0,0,0,0,0,0,0,0,0,0,0,0,,0,,,0,0,0,0,0,0,,0,28,44,299,1,1,0,0,0,20,11.9085712688544,0,0.0,0.0831758034026465,,,0,35.9,63.9
2000,REG+POST,00-0011434,,Scott Mitchell,QB,QB,,8,CIN,89,186,966,3,8,16,82,3,2,0,0,51,-42.6170058396412,0,0.0,0.0242209845294401,8,44,1,1,0,4,7.20822589861928,0,0,0,0,0,0,0,0,0,0,,0,,,,,0,41.04,41.04
2000,REG+POST,00-0011439,,Tywan Mitchell,TE,TE,,6,ARI,0,0,0,0,0,0,0,0,0,0,0,0,,0,,,0,0,0,0,0,0,,0,5,11,80,0,0,0,0,0,4,1.08357539062854,0,0.0,0.0572916666666667,,,0,8.0,13.0
2000,REG+POST,00-0011463,,Chris Mohr,P,SPEC,,1,BUF,1,1,44,0,0,0,0,0,0,0,0,1,4.89278943534009,0,0.0,,0,0,0,0,0,0,,0,0,0,0,0,0,0,0,0,0,,0,,,,,0,1.76,1.76
2000,REG+POST,00-0011506,,Joe Montgomery,RB,RB,,3,NYG,0,0,0,0,0,0,0,0,0,0,0,0,,0,,,19,52,1,0,0,4,2.2515682419762,0,0,0,0,0,0,0,0,0,0,,0,,,,,0,11.2,11.2
2000,REG+POST,00-0011524,,Warren Moon,QB,QB,,2,KC,15,34,208,1,1,5,46,0,0,0,0,9,-5.81229721581193,0,0.0,0.0239912083043351,2,2,0,1,0,0,-1.70085031593341,0,0,0,0,0,0,0,0,0,0,,0,,,,,0,10.52,10.52
2000,REG+POST,00-0011551,,Dave Moore,TE,TE,,16,TB,0,0,0,0,0,0,0,0,0,0,0,0,,0,,,0,0,0,0,0,0,,0,31,58,300,3,0,0,0,0,17,-3.00200151363985,0,0.0,0.133640552995392,,,0,48.0,79.0
2000,REG+POST,00-0011568,,Herman Moore,WR,WR,,14,DET,0,0,0,0,0,0,0,0,0,0,0,0,,0,,,0,0,0,0,0,0,,0,40,80,434,3,0,0,0,0,24,-4.78026791844191,0,0.0,0.180995475113122,,,0,61.4,101.4
2000,REG+POST,00-0011573,,Jerald Moore,RB,RB,,6,NO,0,0,0,0,0,0,0,0,0,0,0,0,,0,,,39,160,1,0,0,7,0.0821244614198804,0,0,0,0,0,0,0,0,0,0,,0,,,,,0,22.0,22.0
2000,REG+POST,00-0011640,,Moses Moreno,QB,QB,,5,LAC,13,28,98,0,2,3,29,2,1,0,0,4,-14.5217852126296,0,0.0,0.0351195063762827,1,0,0,0,0,0,-4.34258490416687,0,0,0,0,0,0,0,0,0,0,,0,,,,,0,-2.08,-2.08
2000,REG+POST,00-0011718,,Harold Morrow,FB,RB,,2,MIN,0,0,0,0,0,0,0,0,0,0,0,0,,0,,,3,2,0,0,0,0,-1.63012624828843,0,1,1,2,0,0,0,0,0,0,-0.399471659911796,0,0.0,0.0344827586206897,,,0,0.4,1.4
2000,REG+POST,00-0011727,,Johnnie Morton,WR,WR,,16,DET,0,0,0,0,0,0,0,0,0,0,0,0,,0,,,4,25,0,0,0,1,-0.822547781397589,0,60,114,765,3,1,1,0,0,39,10.9391486525924,1,0.0,0.235537190082645,,,0,97.0,157.0
2000,REG+POST,00-0011754,,Randy Moss,WR,WR,,18,MIN,0,0,0,0,0,0,0,0,0,0,0,0,,0,,,3,5,0,0,0,0,-1.29277523560449,0,79,139,1554,17,2,0,0,0,58,81.8250403940633,1,0.0,0.25981308411215,,,0,259.9,338.9
2000,REG+POST,00-0011770,,Eric Moulds,WR,WR,,15,BUF,0,0,0,0,0,0,0,0,0,0,0,0,,0,,,2,24,0,0,0,1,1.58472879248438,0,90,156,1275,5,1,0,0,0,61,37.721646311028,0,0.0,0.315789473684211,,,0,159.9,249.9
2000,REG+POST,00-0011795,,Muhsin Muhammad,WR,WR,,16,CAR,0,0,0,0,0,0,0,0,0,0,0,0,,0,,,2,12,0,0,0,1,1.06551847961964,0,102,156,1183,6,1,0,0,0,62,33.0709563721715,0,0.0,0.285714285714286,,,0,155.5,257.5
2000,REG+POST,00-0011869,,Adrian Murrell,RB,RB,,10,WAS,0,0,0,0,0,0,0,0,0,0,0,0,,0,,,19,40,0,0,0,2,-11.3307976166568,0,16,22,93,0,0,0,0,0,1,-3.57780107145663,0,0.0,0.0944206008583691,,,0,13.3,29.3
2000,REG+POST,00-0011958,,Lorenzo Neal,FB,RB,,9,TEN,0,0,0,0,0,0,0,0,0,0,0,0,,0,,,1,-2,0,0,0,0,-0.809863047208637,0,8,12,25,2,0,0,0,0,3,-1.03485733619493,0,0.0,0.0504201680672269,,,0,14.3,22.3
2000,REG+POST,00-0012261,,Neil O'Donnell,QB,QB,,7,TEN,36,63,540,2,3,3,23,0,0,0,0,25,15.4594661756605,0,0.0,0.103421364183768,9,-2,0,0,0,0,-3.51867183618015,0,0,0,0,0,0,0,0,0,0,,0,,,,,0,23.4,23.4
2000,REG+POST,00-0012321,,Jeff Ogden,WR,WR,,5,MIA,0,0,0,0,0,0,0,0,0,0,0,0,,0,,,0,0,0,0,0,0,,0,3,5,30,0,0,0,0,0,3,5.96523946296657,0,0.0,0.04,,,1,9.0,12.0
2000,REG+POST,00-0012370,,Brock Olivo,RB,RB,,3,DET,0,0,0,0,0,0,0,0,0,0,0,0,,0,,,0,0,0,0,0,0,,0,3,4,50,0,0,0,0,0,3,-0.582767286454327,0,0.0,0.0350877192982456,,,0,5.0,8.0
2000,REG+POST,00-0012478,,Terrell Owens,WR,WR,,14,SF,0,0,0,0,0,0,0,0,0,0,0,0,,0,,,2,6,0,1,1,0,-4.5503376305569,0,95,143,1436,13,2,0,0,0,64,78.7198087593607,1,0.0,0.286573146292585,,,0,222.2,317.2
2000,REG+POST,00-0012515,,David Palmer,RB,RB,,1,MIN,0,0,0,0,0,0,0,0,0,0,0,0,,0,,,0,0,0,0,0,0,,0,1,1,-2,0,0,0,0,0,0,-1.00306476466358,0,0.0,0.027027027027027,,,0,-0.2,0.8
2000,REG+POST,00-0012556,,De'Mond Parker,RB,RB,,8,GB,0,0,0,0,0,0,0,0,0,0,0,0,,0,,,18,85,0,0,0,4,-1.26147968006524,0,9,12,50,0,0,0,0,0,3,-0.981364686100278,0,0.0,0.0576923076923077,,,0,13.5,22.5
2000,REG+POST,00-0012569,,Larry Parker,WR,WR,,2,KC,0,0,0,0,0,0,0,0,0,0,0,0,,0,,,1,-7,0,0,0,0,-1.22125873353798,0,2,3,33,0,0,0,0,0,1,2.29230664164061,0,0.0,0.0638297872340426,,,0,2.6,4.6
2000,REG+POST,00-0012603,,Bernie Parmalee,RB,RB,,4,NYJ,0,0,0,0,0,0,0,0,0,0,0,0,,0,,,25,84,2,0,0,7,2.6583045401494,0,9,13,66,0,0,0,0,0,2,1.17381124122322,0,0.0,0.123809523809524,,,0,27.0,36.0
2000,REG+POST,00-0012637,,Jerome Pathon,WR,WR,,17,IND,0,0,0,0,0,0,0,0,0,0,0,0,,0,,,1,3,0,0,0,0,-0.202900839969516,0,54,94,708,4,0,0,0,0,35,20.9268798629878,0,0.0,0.160409556313993,,,0,95.1,149.1
2000,REG+POST,00-0012642,,David Patten,WR,WR,,12,CLE,0,0,0,0,0,0,0,0,0,0,0,0,,0,,,0,0,0,0,0,0,,0,37,71,541,1,2,1,0,0,19,12.2229494013009,0,0.0,0.198879551820728,,,0,58.1,95.1
2000,REG+POST,00-0012726,,Doug Pederson,QB,QB,,10,CLE,117,210,1047,2,8,16,111,3,0,0,0,45,-53.2155681518014,0,0.0,0.0264283389956684,17,60,0,1,0,3,-6.14930701639969,0,0,0,0,0,0,0,0,0,0,,0,,,,,0,39.88,39.88
2000,REG+POST,00-0012809,,Ed Perry,LS,SPEC,,1,MIA,0,0,0,0,0,0,0,0,0,0,0,0,,0,,,0,0,0,0,0,0,,0,0,2,0,0,0,0,0,0,0,-5.48380147374701,0,,0.0833333333333333,,,0,0.0,0.0
2000,REG+POST,00-0012953,,Carl Pickens,WR,WR,,9,TEN,0,0,0,0,0,0,0,0,0,0,0,0,,0,,,0,0,0,0,0,0,,0,10,29,242,0,0,0,0,0,9,-1.31174900039295,0,0.0,0.102836879432624,,,0,24.2,34.2
2000,REG+POST,00-0013013,,Michael Pittman,RB,RB,"https://static.www.nfl.com/image/private/f_auto,q_auto/league/xt52pieoe86wnuy0imar",16,ARI,0,0,0,0,0,0,0,0,0,0,0,0,,0,,,180,699,4,3,1,35,-23.5213791536498,0,72,90,576,2,2,2,0,0,17,-3.17444556697145,0,0.0,0.182186234817814,,,0,157.5,229.5
2000,REG+POST,00-0013028,,Scott Player,P,SPEC,,1,ARI,0,0,0,0,0,0,0,0,0,0,0,0,,0,,,1,-11,0,0,0,0,-3.48646562930662,0,0,0,0,0,0,0,0,0,0,,0,,,,,0,-1.1,-1.1
2000,REG+POST,00-0013042,,Jake Plummer,QB,QB,,14,ARI,266,469,2852,12,20,22,151,4,2,0,0,130,-42.2654575601764,0,0.0,0.0419457529145129,37,183,0,4,2,12,-4.8853296862358,0,0,0,0,0,0,0,0,0,0,,0,,,,,0,132.38,132.38
2000,REG+POST,00-0013080,,Marcus Pollard,TE,TE,,15,IND,0,0,0,0,0,0,0,0,0,0,0,0,,0,,,0,0,0,0,0,0,,0,31,46,452,3,0,0,0,0,19,25.4049064720748,1,0.0,0.0872865275142315,,,0,65.2,96.2
2000,REG+POST,00-0013097,,Keith Poole,WR,WR,,15,NO,0,0,0,0,0,0,0,0,0,0,0,0,,0,,,0,0,0,0,0,0,,0,23,39,305,1,1,0,0,0,12,3.30229803381271,0,0.0,0.0860927152317881,,,0,36.5,59.5
2000,REG+POST,00-0013108,,Daniel Pope,P,SPEC,,2,CIN,0,0,0,0,0,0,0,0,0,0,0,0,,0,,,2,22,0,1,0,1,0.756902280612849,0,0,0,0,0,0,0,0,0,0,,0,,,,,0,2.2,2.2
2000,REG+POST,00-0013122,,Daryl Porter,DB,DB,,1,BUF,0,0,0,0,0,0,0,0,0,0,0,0,,0,,,0,0,0,0,0,0,,0,1,1,44,0,0,0,0,0,1,4.89278943534009,0,0.0,0.0285714285714286,,,0,4.4,5.4
2000,REG+POST,00-0013232,,Peerless Price,WR,WR,,15,BUF,0,0,0,0,0,0,0,0,0,0,0,0,,0,,,2,32,0,0,0,1,2.28748272638768,0,49,99,690,3,3,3,0,0,31,-4.60997130080181,0,0.0,0.200404858299595,,,0,84.2,133.2
2000,REG+POST,00-0013262,,Stanley Pritchett,RB,RB,,14,PHI,0,0,0,0,0,0,0,0,0,0,0,0,,0,,,57,219,1,1,1,10,-11.3340897798832,0,26,31,181,0,0,0,0,0,14,4.98506247699182,0,0.0,0.0722610722610723,,,0,44.0,70.0
2000,REG+POST,00-0013268,,Ricky Proehl,WR,WR,,13,LA,0,0,0,0,0,0,0,0,0,0,0,0,,0,,,0,0,0,0,0,0,,0,34,46,487,5,0,0,0,0,28,36.8095359914587,0,0.0,0.0940695296523517,,,0,78.7,112.7
2000,REG+POST,00-0013298,,Alfred Pupunu,TE,TE,,2,DET,0,0,0,0,0,0,0,0,0,0,0,0,,0,,,0,0,0,0,0,0,,0,3,3,32,0,0,0,0,0,1,2.33021586487303,0,0.0,0.0476190476190476,,,0,3.2,6.2
2000,REG+POST,00-0013338,,Jonathan Quinn,QB,QB,,1,JAX,0,0,0,0,0,0,0,0,0,0,0,0,,0,,,2,-2,0,0,0,0,-0.380231625284068,0,0,0,0,0,0,0,0,0,0,,0,,,,,0,-0.2,-0.2
2000,REG+POST,00-0013422,,Walter Rasby,TE,TE,,9,DET,0,0,0,0,0,0,0,0,0,0,0,0,,0,,,0,0,0,0,0,0,,0,10,15,78,1,0,0,0,0,6,0.766163234657142,0,0.0,0.0547445255474453,,,0,13.8,23.8
2000,REG+POST,00-0013499,,Andre Reed,WR,WR,,8,WAS,0,0,0,0,0,0,0,0,0,0,0,0,,0,,,0,0,0,0,0,0,,0,10,18,103,1,0,0,0,0,8,0.80011141298752,0,0.0,0.0692307692307692,,,0,16.3,26.3
2000,REG+POST,00-0013512,,Jake Reed,WR,WR,,9,NO,0,0,0,0,0,0,0,0,0,0,0,0,,0,,,0,0,0,0,0,0,,0,21,45,262,0,0,0,0,0,16,-4.18602751859482,0,0.0,0.156794425087108,,,0,26.2,47.2
2000,REG+POST,00-0013622,,Errict Rhett,RB,RB,,5,CLE,0,0,0,0,0,0,0,0,0,0,0,0,,0,,,71,258,0,0,0,10,-16.322556536116,0,14,19,78,0,0,0,0,0,1,-5.1360669862479,0,0.0,0.125,,,0,33.6,47.6
2000,REG+POST,00-0013639,,Jerry Rice,WR,WR,,16,SF,0,1,0,0,0,0,0,0,0,0,0,0,-0.428424923913553,0,,,1,-2,0,1,0,0,-1.22525932616554,0,74,121,799,7,2,2,0,0,48,24.2077175116068,0,0.0,0.215686274509804,,,0,117.7,191.7
2000,REG+POST,00-0013643,,Ron Rice,SS,DB,,1,DET,0,0,0,0,0,0,0,0,0,0,0,0,,0,,,0,0,0,0,0,0,,0,0,1,0,0,0,0,0,0,0,-0.747105378657579,0,,0.0285714285714286,,,0,0.0,0.0
2000,REG+POST,00-0013694,,Tony Richardson,FB,RB,,15,KC,0,0,0,0,0,0,0,0,0,0,0,0,,0,,,140,646,3,1,1,33,-8.54201563403744,0,54,69,446,2,1,1,0,6,17,3.89692048546554,0,0.0,0.129213483146067,,,0,135.2,189.2
2000,REG+POST,00-0013712,,Mikhael Ricks,TE,TE,,2,LAC,0,0,0,0,0,0,0,0,0,0,0,0,,0,,,0,0,0,0,0,0,,0,3,6,35,0,0,0,0,0,2,-8.8858284358593,0,0.0,0.075,,,0,3.5,6.5
2000,REG+POST,00-0013728,,Jay Riemersma,TE,TE,,12,BUF,0,0,0,0,0,0,0,0,0,0,0,0,,0,,,0,0,0,0,0,0,,0,30,59,364,5,1,1,0,0,18,3.57118090808632,0,0.0,0.157754010695187,,,0,64.4,94.4
2000,REG+POST,00-0013770,,Andre Rison,WR,WR,,18,LV,0,0,0,0,0,0,0,0,0,0,0,0,,0,,,0,0,0,0,0,0,,0,42,75,610,6,0,0,0,0,29,24.4233461055936,0,0.0,0.146771037181996,,,0,97.0,139.0
2000,REG+POST,00-0013773,,Jon Ritchie,FB,RB,,12,LV,0,0,0,0,0,0,0,0,0,0,0,0,,0,,,0,0,0,0,0,0,,0,27,34,178,0,0,0,0,0,9,2.56154322415292,0,0.0,0.0939226519337017,,,0,17.8,44.8
2000,REG+POST,00-0013785,,Ron Rivers,RB,RB,,2,ATL,0,0,0,0,0,0,0,0,0,0,0,0,,0,,,8,27,0,0,0,1,-1.53356943465769,0,0,1,0,0,0,0,0,0,0,-0.776567714288831,0,,0.037037037037037,,,0,2.7,2.7
2000,REG+POST,00-0013792,,Michael Roan,TE,TE,,1,TEN,0,0,0,0,0,0,0,0,0,0,0,0,,0,,,0,0,0,0,0,0,,0,3,3,12,0,0,0,0,0,0,-0.247238318668678,0,0.0,0.103448275862069,,,0,1.2,4.2
2000,REG+POST,00-0013850,,Damien Robinson,FS,DB,,1,TB,0,0,0,0,0,0,0,0,0,0,0,0,,0,,,0,0,0,0,0,0,,0,1,1,36,0,0,0,0,0,1,4.90823164698668,0,0.0,0.04,,,0,3.6,4.6
2000,REG+POST,00-0013872,,Jeff Robinson,LS,SPEC,,5,LA,0,0,0,0,0,0,0,0,0,0,0,0,,0,,,0,0,0,0,0,0,,0,5,6,52,0,0,0,0,0,3,5.04691503453068,0,0.0,0.0363636363636364,,,0,5.2,10.2
2000,REG+POST,00-0013888,,Marcus Robinson,WR,WR,,11,CHI,0,0,0,0,0,0,0,0,0,0,0,0,,0,,,1,9,0,0,0,0,0.960681133437902,0,54,100,732,5,1,1,0,0,26,14.9173242471297,0,0.0,0.280112044817927,,,0,102.1,156.1
2000,REG+POST,00-0013958,,Charlie Rogers,RB,RB,,2,SEA,0,0,0,0,0,0,0,0,0,0,0,0,,0,,,0,0,0,0,0,0,,0,0,1,0,0,0,0,0,0,0,-0.670486721675843,0,,0.0416666666666667,,,1,6.0,6.0
2000,REG+POST,00-0014071,,Allen Rossum,DB,DB,,2,GB,0,0,0,0,0,0,0,0,0,0,0,0,,0,,,1,16,0,0,0,1,1.5767226042226,0,0,0,0,0,0,0,0,0,0,,0,,,,,1,7.6,7.6
2000,REG+POST,00-0014083,,Tom Rouen,P,SPEC,,1,DEN,0,0,0,0,0,0,0,0,0,0,0,0,,0,,,1,-11,0,0,0,0,-2.6499724489986,0,0,0,0,0,0,0,0,0,0,,0,,,,,0,-1.1,-1.1
2000,REG+POST,00-0014115,,Mark Royals,P,SPEC,,1,TB,1,1,36,0,0,0,0,0,0,0,0,1,4.90823164698668,0,0.0,,0,0,0,0,0,0,,0,0,0,0,0,0,0,0,0,0,,0,,,,,0,1.44,1.44
2000,REG+POST,00-0014211,,Rod Rutledge,TE,TE,,9,NE,0,0,0,0,0,0,0,0,0,0,0,0,,0,,,0,0,0,0,0,0,,0,15,20,103,1,0,0,0,0,3,0.54404692544584,0,0.0,0.062111801242236,,,0,16.3,31.3
2000,REG+POST,00-0014265,,Tarek Saleh,LB,LB,,2,CLE,0,0,0,0,0,0,0,0,0,0,0,0,,0,,,0,0,0,0,0,0,,0,1,2,22,0,0,0,0,0,1,1.25947705813451,0,0.0,0.0266666666666667,,,0,2.2,3.2
2000,REG+POST,00-0014319,,Chris Sanders,WR,WR,,16,TEN,0,0,0,0,0,0,0,0,0,0,0,0,,0,,,0,0,0,0,0,0,,0,32,63,527,0,1,0,0,0,23,9.89320316961363,0,0.0,0.137855579868709,,,0,52.7,84.7
2000,REG+POST,00-0014324,,Deion Sanders,CB,DB,,2,WAS,0,0,0,0,0,0,0,0,0,0,0,0,,0,,,0,0,0,0,0,0,,0,0,2,0,0,0,0,0,0,0,-1.97139883926138,0,,0.0277777777777778,,,0,0.0,0.0
2000,REG+POST,00-0014328,,Frank Sanders,WR,WR,,16,ARI,0,0,0,0,0,0,0,0,0,0,0,0,,0,,,0,0,0,0,0,0,,0,54,116,749,6,0,0,0,0,37,8.71003150068979,0,0.0,0.216822429906542,,,0,110.9,164.9
2000,REG+POST,00-0014450,,Cory Schlesinger,RB,RB,,14,DET,0,0,0,0,0,0,0,0,0,0,0,0,,0,,,1,3,0,0,0,1,-0.0620858795009553,0,12,18,73,0,0,0,0,0,2,-2.26393055240624,0,0.0,0.0424528301886792,,,0,7.6,19.6
2000,REG+POST,00-0014489,,Bill Schroeder,WR,WR,,16,GB,0,0,0,0,0,0,0,0,0,0,0,0,,0,,,2,11,0,0,0,1,-0.30670388834551,0,65,118,999,4,1,1,0,0,51,41.6402052169225,0,0.0,0.199661590524535,,,0,123.0,188.0
2000,REG+POST,00-0014637,,Jason Sehorn,DB,DB,,1,NYG,0,0,0,0,0,0,0,0,0,0,0,0,,0,,,0,0,0,0,0,0,,0,0,0,0,0,0,0,0,0,0,,0,,,,,1,6.0,6.0
2000,REG+POST,00-0014655,,Mike Sellers,TE,TE,,8,WAS,0,0,0,0,0,0,0,0,0,0,0,0,,0,,,1,2,0,0,0,1,0.124282080098055,0,8,11,78,2,0,0,0,0,6,7.57210249360651,0,0.0,0.0424710424710425,,,0,20.0,28.0
2000,REG+POST,00-0014722,,Shannon Sharpe,TE,TE,,20,BAL,0,0,0,0,0,0,0,0,0,0,0,0,,0,,,0,0,0,0,0,0,,0,73,125,1040,7,0,0,0,0,41,38.9656863935873,0,0.0,0.222816399286988,,,0,146.0,219.0
2000,REG+POST,00-0014729,,Bobby Shaw,WR,WR,,15,PIT,0,0,0,0,0,0,0,0,0,0,0,0,,0,,,0,0,0,0,0,0,,0,39,68,639,4,2,2,0,0,30,26.8093871827599,0,0.0,0.165853658536585,,,0,83.9,122.9
2000,REG+POST,00-0014733,,Harold Shaw,FB,RB,,5,NE,0,0,0,0,0,0,0,0,0,0,0,0,,0,,,9,12,0,0,0,1,-3.26307787408587,0,2,4,11,0,0,0,0,0,0,-1.15859153488418,0,0.0,0.0336134453781513,,,0,2.3,4.3
2000,REG+POST,00-0014775,,Daimon Shelton,FB,RB,,8,JAX,0,0,0,0,0,0,0,0,0,0,0,0,,0,,,2,3,0,0,0,0,-0.653669062245172,0,4,10,48,0,0,0,0,0,3,-1.89233542990405,0,0.0,0.0367647058823529,,,0,5.1,9.1
2000,REG+POST,00-0014790,,Leslie Shepherd,WR,WR,,13,MIA,0,0,0,0,0,0,0,0,0,0,0,0,,0,,,4,3,0,0,0,1,-2.18775159551296,0,37,63,445,3,0,0,0,0,16,-0.428533204426483,0,0.0,0.192660550458716,,,0,62.8,99.8
2000,REG+POST,00-0014918,,Tony Simmons,WR,WR,,12,NE,0,0,0,0,0,0,0,0,0,0,0,0,,0,,,0,0,0,0,0,0,,0,14,30,231,1,0,0,0,0,11,9.11821840633512,0,0.0,0.0710900473933649,,,0,29.1,43.1
2000,REG+POST,00-0014977,,Kaseem Sinceno,TE,TE,,11,CHI,0,0,0,0,0,0,0,0,0,0,0,0,,0,,,0,0,0,0,0,0,,0,23,40,206,0,0,0,0,0,12,-2.84167717920851,0,0.0,0.110497237569061,,,0,20.6,43.6
2000,REG+POST,00-0015048,,David Sloan,TE,TE,,14,DET,0,0,0,0,0,0,0,0,0,0,0,0,,0,,,0,0,0,0,0,0,,0,32,60,379,2,0,0,0,0,19,-3.92562514105923,0,0.0,0.139211136890951,,,0,49.9,81.9
2000,REG+POST,00-0015063,,Torrance Small,WR,WR,,16,PHI,0,1,0,0,1,0,0,0,0,0,0,0,-1.33150307601318,0,,,1,1,0,0,0,0,-0.629850005261594,0,47,107,638,4,1,1,0,0,30,0.144635115466722,1,0.0,0.18739054290718,,,0,85.9,132.9
2000,REG+POST,00-0015082,,Akili Smith,QB,QB,,11,CIN,117,262,1246,3,6,35,186,10,6,0,0,58,-94.4604443583665,0,0.0,0.0264858985734758,38,197,0,5,2,14,3.16667138579068,0,0,0,0,0,0,0,0,0,0,,0,,,,,0,53.54,53.54
2000,REG+POST,00-0015091,,Antowain Smith,RB,RB,,10,BUF,0,0,0,0,0,0,0,0,0,0,0,0,,0,,,101,354,4,1,0,19,-28.3573683156335,0,3,5,20,0,0,0,0,0,1,-0.621540188020092,0,0.0,0.0396825396825397,,,0,61.4,64.4
2000,REG+POST,00-0015152,,Detron Smith,RB,RB,,2,DEN,0,0,0,0,0,0,0,0,0,0,0,0,,0,,,0,0,0,0,0,0,,0,1,3,1,1,0,0,0,0,1,-0.518776053097099,0,0.0,0.0405405405405405,,,0,6.1,7.1
2000,REG+POST,00-0015165,,Emmitt Smith,RB,RB,,16,DAL,0,0,0,0,0,0,0,0,0,0,0,0,,0,,,292,1197,9,6,5,65,-20.5593775006906,0,11,14,79,0,0,0,0,0,2,-2.94878062122734,0,0.0,0.0469798657718121,,,0,171.6,182.6
2000,REG+POST,00-0015194,,Hunter Smith,P,SPEC,,2,IND,0,0,0,0,0,0,0,0,0,0,0,0,,0,,,2,5,0,0,0,1,-0.833519480656833,0,0,0,0,0,0,0,0,0,0,,0,,,,,0,0.5,0.5
2000,REG+POST,00-0015218,,Jimmy Smith,WR,WR,,15,JAX,0,0,0,0,0,0,0,0,0,0,0,0,,0,,,0,0,0,0,0,0,,0,91,145,1213,8,1,0,0,0,60,57.4486947503319,0,0.0,0.284872298624754,,,0,169.3,260.3
2000,REG+POST,00-0015242,,Lamar Smith,RB,RB,,16,MIA,0,1,0,0,0,0,0,0,0,0,0,0,-1.29755124635994,0,,,328,1263,16,4,3,70,-31.4702277251677,0,31,38,202,2,0,0,0,0,8,-3.77683007139067,0,0.0,0.0938271604938272,,,0,248.5,279.5
2000,REG+POST,00-0015286,,Robert Smith,RB,RB,,18,MIN,0,0,0,0,0,0,0,0,0,0,0,0,,0,,,324,1617,8,4,1,69,15.3806773398869,0,40,51,371,3,0,0,0,0,17,13.6913827981241,0,0.0,0.0953271028037383,,,0,262.8,302.8
2000,REG+POST,00-0015290,,Rod Smith,WR,WR,,17,DEN,0,0,0,0,0,0,0,0,0,0,0,0,,0,,,8,102,1,0,0,3,6.05079666792881,0,101,179,1636,8,1,1,0,0,78,61.5267559006921,0,0.0,0.308089500860585,,,0,225.8,326.8
2000,REG+POST,00-0015420,,Jerald Sowell,FB,RB,,6,NYJ,0,0,0,0,0,0,0,0,0,0,0,0,,0,,,2,0,0,0,0,0,-1.93332159827696,0,6,7,84,0,0,0,0,0,2,3.29509760503424,0,0.0,0.0303030303030303,,,0,8.4,14.4
2000,REG+POST,00-0015441,,Marcus Spears,T,OL,,2,KC,0,0,0,0,0,0,0,0,0,0,0,0,,0,,,0,0,0,0,0,0,,0,0,2,0,0,0,0,0,0,0,-2.46075404592645,0,,0.0246913580246914,,,0,0.0,0.0
2000,REG+POST,00-0015507,,Brian Stablein,WR,WR,,8,DET,0,0,0,0,0,0,0,0,0,0,0,0,,0,,,0,0,0,0,0,0,,0,7,11,48,0,1,0,0,0,2,-4.79512747437165,0,0.0,0.0454545454545455,,,0,4.8,11.8
2000,REG+POST,00-0015523,,Duce Staley,RB,RB,,5,PHI,0,0,0,0,0,0,0,0,0,0,0,0,,0,,,77,331,1,1,1,14,-9.69753849145491,0,25,33,201,0,2,1,0,0,12,4.3883301079294,0,0.0,0.197604790419162,,,0,55.2,80.2
2000,REG+POST,00-0015601,,Aaron Stecker,RB,RB,,5,TB,0,0,0,0,0,0,0,0,0,0,0,0,,0,,,12,31,0,0,0,3,-4.57147031987552,0,1,1,15,0,0,0,0,0,0,0.792554138926789,0,0.0,0.0434782608695652,,,0,4.6,5.6
2000,REG+POST,00-0015698,,James Stewart,RB,RB,,16,DET,0,0,0,0,0,0,0,0,0,0,0,0,,0,,,335,1172,10,4,2,66,-37.2983771385261,3,31,46,290,1,0,0,0,0,14,7.15466446154874,0,0.0,0.108747044917258,,,0,214.2,245.2
2000,REG+POST,00-0015700,,Kordell Stewart,QB,QB,,15,PIT,150,286,1827,11,8,28,135,2,1,0,0,90,7.0366332798707,0,0.0,0.0772023678200667,76,426,7,6,2,28,11.7705474972733,0,0,0,0,0,0,0,0,0,0,,0,,,,,0,179.68,179.68
2000,REG+POST,00-0015751,,J.J. Stokes,WR,WR,,15,SF,0,0,0,0,0,0,0,0,0,0,0,0,,0,,,1,6,0,0,0,0,0.253466838388704,0,30,53,524,3,0,0,0,0,26,33.168604438613,1,0.0,0.100378787878788,,,0,73.0,103.0
2000,REG+POST,00-0015754,,Brandon Stokley,WR,WR,,9,BAL,0,0,0,0,0,0,0,0,0,0,0,0,,0,,,1,6,0,0,0,1,1.17513929994311,0,18,29,275,3,0,0,0,0,15,19.9519048786551,0,0.0,0.131221719457014,,,0,46.1,64.1
2000,REG+POST,00-0015759,,Dwight Stone,WR,WR,,3,NYJ,0,0,0,0,0,0,0,0,0,0,0,0,,0,,,2,-1,0,0,0,0,0.0338944212417118,0,0,1,0,0,0,0,0,0,0,-0.462573806522414,0,,0.0232558139534884,,,0,-0.1,-0.1
2000,REG+POST,00-0015811,,Tai Streets,WR,WR,,13,SF,0,0,0,0,0,0,0,0,0,0,0,0,,0,,,0,0,0,0,0,0,,0,19,41,287,0,1,1,0,0,10,-4.10112902401204,0,0.0,0.0921348314606742,,,0,26.7,45.7
2000,REG+POST,00-0015830,,Mack Strong,FB,RB,,15,SEA,0,0,0,0,0,0,0,0,0,0,0,0,,0,,,3,9,0,0,0,1,-0.0974213359877467,0,23,30,141,1,0,0,0,0,7,3.63990361372725,0,0.0,0.0642398286937902,,,0,21.0,44.0
2000,REG+POST,00-0015920,,Jason Suttle,DB,DB,,1,DEN,0,0,0,0,0,0,0,0,0,0,0,0,,0,,,0,0,0,0,0,0,,0,0,0,0,0,0,0,0,0,0,,0,,,,,1,6.0,6.0
2000,REG+POST,00-0015970,,Justin Swift,WR,WR,,2,SF,0,0,0,0,0,0,0,0,0,0,0,0,,0,,,0,0,0,0,0,0,,0,1,3,8,0,0,0,0,0,0,-1.69532559311483,0,0.0,0.0379746835443038,,,0,0.8,1.8
2000,REG+POST,00-0016098,,Fred Taylor,RB,RB,,13,JAX,0,0,0,0,0,0,0,0,0,0,0,0,,0,,,286,1363,12,2,1,72,10.4157085736865,0,36,53,240,2,2,1,0,0,11,-4.98378430900295,0,0.0,0.125592417061611,,,0,240.3,276.3
2000,REG+POST,00-0016178,,Daryl Terrell,T,OL,,1,NO,0,0,0,0,0,0,0,0,0,0,0,0,,0,,,0,0,0,0,0,0,,0,0,1,0,0,0,0,0,0,0,-0.409045751905069,0,,0.0285714285714286,,,0,0.0,0.0
2000,REG+POST,00-0016193,,Vinny Testaverde,QB,QB,,16,NYJ,325,581,3692,21,23,12,63,2,2,0,0,177,9.60083461816262,2,0.0,0.0545404830220805,25,32,0,4,2,3,-21.7213421823108,0,0,0,0,0,0,0,0,0,0,,0,,,,,0,184.88,184.88
2000,REG+POST,00-0016214,,Yancey Thigpen,WR,WR,,12,TEN,0,0,0,0,0,0,0,0,0,0,0,0,,0,,,0,0,0,0,0,0,,0,18,33,314,2,0,0,0,0,11,8.20427945331154,0,0.0,0.0942857142857143,,,0,43.4,61.4
2000,REG+POST,00-0016232,,Chris Thomas,WR,WR,,1,LA,0,0,0,0,0,0,0,0,0,0,0,0,,0,,,0,0,0,0,0,0,,0,0,1,0,0,0,0,0,0,0,-0.702903088764288,0,,0.0256410256410256,,,0,0.0,0.0
2000,REG+POST,00-0016316,,Robert Thomas,FB,RB,,14,DAL,0,0,0,0,0,0,0,0,0,0,0,0,,0,,,15,51,0,2,1,6,-2.88637422496686,0,22,30,111,2,0,0,0,0,4,-1.16861634183442,0,0.0,0.079155672823219,,,0,26.2,48.2
2000,REG+POST,00-0016321,,Rodney Thomas,RB,RB,,14,TEN,0,0,0,0,0,0,0,0,0,0,0,0,,0,,,62,179,0,0,0,7,-17.8458236519992,0,8,11,35,1,1,1,0,0,2,-3.35783618214755,0,0.0,0.0493273542600897,,,0,25.4,33.4
2000,REG+POST,00-0016331,,Thurman Thomas,RB,RB,,8,MIA,0,0,0,0,0,1,2,0,0,0,0,0,-0.258674808574142,0,,,21,112,0,1,1,6,-4.96612428990181,0,13,21,91,1,0,0,0,0,5,-2.40550865829936,0,0.0,0.110526315789474,,,0,24.3,37.3
2000,REG+POST,00-0016347,,Jeff Thomason,TE,TE,,10,PHI,0,0,0,0,0,0,0,0,0,0,0,0,,0,,,0,0,0,0,0,0,,0,11,17,48,6,0,0,0,0,7,7.97698412081809,0,0.0,0.0470914127423823,,,0,40.8,51.8
2000,REG+POST,00-0016440,,James Thrash,WR,WR,,15,WAS,0,0,0,0,0,0,0,0,0,0,0,0,,0,,,10,82,0,0,0,4,3.02446786232758,0,50,74,653,2,0,0,0,0,29,29.6565455797965,0,0.0,0.146245059288538,,,0,85.5,135.5
2000,REG+POST,00-0016550,,Amani Toomer,WR,WR,,19,NYG,0,0,0,0,0,0,0,0,0,0,0,0,,0,,,6,97,1,0,0,6,8.82203713688068,0,87,139,1213,8,1,1,0,0,67,62.3540711032384,0,0.0,0.230132450331126,,,0,183.0,270.0
2000,REG+POST,00-0016654,,Jason Tucker,WR,WR,,11,DAL,0,0,0,0,0,0,0,0,0,0,0,0,,0,,,4,42,1,0,0,2,3.87330220045988,0,13,27,126,0,0,0,0,0,8,-4.38255139378846,0,0.0,0.0879478827361564,,,0,22.8,35.8
2000,REG+POST,00-0016677,,Jerame Tuman,TE,TE,,2,PIT,0,0,0,0,0,0,0,0,0,0,0,0,,0,,,0,0,0,0,0,0,,0,0,2,0,0,0,0,0,0,0,-1.05721715762047,0,,0.04,,,0,0.0,0.0
2000,REG+POST,00-0016691,,Kyle Turley,T,OL,,1,NO,0,0,0,0,0,0,0,0,0,0,0,0,,0,,,0,0,0,0,0,0,,0,1,1,16,0,0,0,0,0,0,0.155658960458823,0,0.0,0.0227272727272727,,,0,1.6,2.6
2000,REG+POST,00-0016811,,Iheanyi Uwaezuoke,WR,WR,,5,CAR,0,0,0,0,0,0,0,0,0,0,0,0,,0,,,0,0,0,0,0,0,,0,4,8,46,0,0,0,0,0,2,1.46519332996104,0,0.0,0.0547945205479452,,,1,10.6,14.6
2000,REG+POST,00-0016821,,Alex Van Dyke,WR,WR,,2,PHI,0,0,0,0,0,0,0,0,0,0,0,0,,0,,,0,0,0,0,0,0,,0,1,6,8,0,0,0,0,0,1,-6.72020573547343,0,0.0,0.101694915254237,,,0,0.8,1.8
2000,REG+POST,00-0016838,,Alex Van Pelt,QB,QB,,1,BUF,4,8,67,0,0,0,0,0,0,0,0,2,2.00012908165809,0,0.0,0.138053735843338,0,0,0,0,0,0,,0,0,0,0,0,0,0,0,0,0,,0,,,,,0,2.68,2.68
2000,REG+POST,00-0016916,,Chris Villarrial,G,OL,,1,CHI,0,0,0,0,0,0,0,0,0,0,0,0,,0,,,0,0,0,0,0,0,,0,0,1,0,0,0,0,0,0,0,-0.32994514668826,0,,0.0256410256410256,,,0,0.0,0.0
2000,REG+POST,00-0017109,,Wesley Walls,TE,TE,,8,CAR,0,0,0,0,0,0,0,0,0,0,0,0,,0,,,0,0,0,0,0,0,,0,30,48,415,2,0,0,0,0,20,23.7788627560196,0,0.0,0.17910447761194,,,0,53.5,83.5
2000,REG+POST,00-0017110,,Chris Walsh,WR,WR,,13,MIN,0,0,0,0,0,0,0,0,0,0,0,0,,0,,,0,0,0,0,0,0,,0,21,25,214,0,0,0,0,0,14,20.0062345646438,0,0.0,0.0652741514360313,,,0,21.4,42.4
2000,REG+POST,00-0017127,,Ken Walter,P,SPEC,,1,CAR,0,0,0,0,0,0,0,0,0,0,0,0,,0,,,1,0,0,1,0,0,-0.208801700733602,0,0,0,0,0,0,0,0,0,0,,0,,,,,0,0.0,0.0
2000,REG+POST,00-0017160,,Dedric Ward,WR,WR,,16,NYJ,0,0,0,0,0,0,0,0,0,0,0,0,,0,,,4,23,0,0,0,0,-1.28015503372468,0,54,119,801,3,0,0,0,0,39,3.21124800747225,0,0.0,0.19349593495935,,,0,100.4,154.4
2000,REG+POST,00-0017162,,Hines Ward,WR,WR,,16,PIT,0,0,0,0,0,0,0,0,0,0,0,0,,0,,,4,53,0,0,0,3,3.90345551283099,0,48,83,672,4,1,0,0,0,31,21.6954154711638,0,0.0,0.194835680751174,,,0,96.5,144.5
2000,REG+POST,00-0017200,,Kurt Warner,QB,QB,,12,LA,255,383,3723,23,21,22,130,3,1,0,0,165,105.590439648873,2,0.0,0.150035252321482,19,22,1,2,1,4,-12.2104084230144,0,0,0,0,0,0,0,0,0,0,,0,,,,,0,207.12,207.12
2000,REG+POST,00-0017209,,Chris Warren,RB,RB,,15,PHI,0,0,0,0,0,0,0,0,0,0,0,0,,0,,,100,383,2,3,2,22,-14.1933167056609,0,34,45,315,1,0,0,0,0,13,-12.8706941229317,0,0.0,0.104895104895105,,,0,83.8,117.8
2000,REG+POST,00-0017303,,Justin Watson,RB,RB,,10,LA,0,0,0,0,0,0,0,0,0,0,0,0,,0,,,54,247,4,0,0,12,2.36458573415052,0,10,11,56,0,0,0,0,0,1,-2.9516067453369,0,0.0,0.064327485380117,,,0,54.3,64.3
2000,REG+POST,00-0017322,,Ricky Watters,RB,RB,,16,SEA,0,0,0,0,0,0,0,0,0,0,0,0,,0,,,275,1223,7,5,2,60,-6.85894801234134,0,62,90,608,2,0,0,0,0,28,6.54982170298349,0,0.0,0.183299389002037,,,0,233.1,295.1
2000,REG+POST,00-0017356,,Jed Weaver,TE,TE,,8,MIA,0,0,0,0,0,0,0,0,0,0,0,0,,0,,,0,0,0,0,0,0,,0,11,16,188,1,1,1,0,0,9,6.41574845660944,0,0.0,0.0686695278969957,,,0,22.8,33.8
2000,REG+POST,00-0017428,,Mike Wells,DT,DL,,1,CHI,0,0,0,0,0,0,0,0,0,0,0,0,,0,,,0,0,0,0,0,0,,0,1,1,13,0,0,0,0,0,1,2.74000324599911,0,0.0,0.0285714285714286,,,0,1.3,2.3
2000,REG+POST,00-0017470,,Michael Westbrook,WR,WR,,2,WAS,0,0,0,0,0,0,0,0,0,0,0,0,,0,,,0,0,0,0,0,0,,0,9,13,103,0,0,0,0,0,7,3.56420546921436,0,0.0,0.185714285714286,,,0,10.3,19.3
2000,REG+POST,00-0017480,,Ryan Wetnight,TE,TE,,4,GB,0,0,0,0,0,0,0,0,0,0,0,0,,0,,,0,0,0,0,0,0,,0,3,9,20,0,0,0,0,0,0,-4.96929306944367,0,0.0,0.0576923076923077,,,0,2.0,5.0
2000,REG+POST,00-0017486,,Tyrone Wheatley,RB,RB,,16,LV,0,0,0,0,0,0,0,0,0,0,0,0,,0,,,260,1096,10,4,3,54,-26.5268870093194,0,21,35,160,1,0,0,0,0,7,-5.4992611963754,0,0.0,0.0945945945945946,,,0,185.6,206.6
2000,REG+POST,00-0017611,,Alvis Whitted,WR,WR,,10,JAX,0,0,0,0,0,0,0,0,0,0,0,0,,0,,,0,0,0,0,0,0,,0,13,26,137,3,1,1,0,0,7,0.708152739156503,0,0.0,0.0785498489425982,,,0,29.7,42.7
2000,REG+POST,00-0017644,,Jermaine Wiggins,TE,TE,,8,NE,0,0,0,0,0,0,0,0,0,0,0,0,,0,,,0,0,0,0,0,0,,0,18,28,207,2,1,1,0,0,12,7.35287615684768,0,0.0,0.0945945945945946,,,0,30.7,48.7
2000,REG+POST,00-0017697,,Terrence Wilkins,WR,WR,,14,IND,0,0,0,0,0,0,0,0,0,0,0,0,,0,,,2,6,0,0,0,0,-0.698597939452156,0,43,69,569,3,1,1,0,0,28,19.5474254708872,0,0.0,0.143153526970954,,,0,73.5,116.5
2000,REG+POST,00-0017829,,Jermaine Williams,RB,RB,,1,JAX,0,0,0,0,0,0,0,0,0,0,0,0,,0,,,2,8,0,0,0,1,1.25764639489353,0,0,0,0,0,0,0,0,0,0,,0,,,,,0,0.8,0.8
2000,REG+POST,00-0017847,,Karl Williams,WR,WR,,3,TB,0,0,0,0,0,0,0,0,0,0,0,0,,0,,,0,0,0,0,0,0,,0,2,3,35,0,0,0,0,0,1,1.37782040121965,0,0.0,0.0666666666666667,,,1,9.5,11.5
2000,REG+POST,00-0017861,,Kevin Williams,DB,DB,,1,NYJ,0,0,0,0,0,0,0,0,0,0,0,0,,0,,,0,0,0,0,0,0,,0,0,0,0,0,0,0,0,0,0,,0,,,,,1,6.0,6.0
2000,REG+POST,00-0017892,,Moe Williams,RB,RB,,13,MIN,0,0,0,0,0,0,0,0,0,0,0,0,,0,,,23,67,0,0,0,4,-7.04737936750911,0,4,7,31,0,0,0,0,0,1,-0.666810039550453,1,0.0,0.0402298850574713,,,0,11.8,15.8
2000,REG+POST,00-0017896,,Nicolas Luchey,RB,RB,,9,CIN,0,0,0,0,0,0,0,0,0,0,0,0,,0,,,10,54,0,1,0,4,0.231157675938448,0,7,19,84,0,0,0,0,0,4,-2.39542272678227,0,0.0,0.0917874396135266,,,0,13.8,20.8
2000,REG+POST,00-0017915,,Ricky Williams,RB,RB,,11,NO,1,1,34,0,0,0,0,0,0,0,0,1,3.7601284495322,0,0.0,,252,999,8,6,3,56,-23.0508574191449,0,44,56,405,1,0,0,0,0,18,16.4617029991337,0,0.0,0.167664670658683,,,0,189.76,233.76
2000,REG+POST,00-0017924,,Roland Williams,TE,TE,,14,LA,0,0,0,0,0,0,0,0,0,0,0,0,,0,,,0,0,0,0,0,0,,0,14,28,127,3,0,0,0,0,8,1.80204301845515,1,0.0,0.0529300567107751,,,0,32.7,46.7
2000,REG+POST,00-0018056,,Robert Wilson,WR,WR,,8,NO,0,0,0,0,0,0,0,0,0,0,0,0,,0,,,0,0,0,0,0,0,,0,15,26,209,1,0,0,0,0,11,11.7152560838274,0,0.0,0.0959409594095941,,,0,26.9,41.9
2000,REG+POST,00-0018141,,Jon Witman,FB,RB,,5,PIT,0,0,0,0,0,0,0,0,0,0,0,0,,0,,,3,5,0,0,0,0,-4.3403336124029,0,5,7,33,0,0,0,0,0,2,-1.28391914436756,0,0.0,0.0507246376811594,,,0,3.8,8.8
2000,REG+POST,00-0018227,,Charles Woodson,FS,DB,"https://static.www.nfl.com/image/private/f_auto,q_auto/league/gohbupnj3mhletq96zzu",2,LV,0,0,0,0,0,0,0,0,0,0,0,0,,0,,,0,0,0,0,0,0,,0,1,2,8,0,0,0,0,0,1,0.509935696376488,0,0.0,0.0307692307692308,,,0,0.8,1.8
2000,REG+POST,00-0018272,,Anthony Wright,QB,QB,,4,DAL,22,53,237,0,3,12,92,2,2,0,0,10,-45.3881806400798,0,0.0,0.0350737345709505,11,36,0,1,0,1,-4.57666796070407,0,0,0,0,0,0,0,0,0,0,,0,,,,,0,3.08,3.08
2000,REG+POST,00-0018333,,Danny Wuerffel,QB,QB,,1,GB,0,0,0,0,0,0,0,0,0,0,0,0,,0,,,2,-2,0,0,0,0,-0.108794480649522,0,0,0,0,0,0,0,0,0,0,,0,,,,,0,-0.2,-0.2
2000,REG+POST,00-0018343,,Frank Wycheck,TE,TE,,17,TEN,2,2,53,1,0,0,0,0,0,0,0,2,5.74346719722962,0,0.0,,0,0,0,0,0,0,,0,72,112,628,4,2,2,0,0,37,-1.60771748928395,0,0.0,0.228105906313646,,,0,88.92,160.92
2000,REG+POST,00-0018382,,Craig Yeast,WR,WR,,14,CIN,0,0,0,0,0,0,0,0,0,0,0,0,,0,,,1,15,0,0,0,1,1.04315627552569,0,24,51,301,0,0,0,0,0,19,6.48042638054745,0,0.0,0.132124352331606,,,0,31.6,55.6
2000,REG+POST,00-0018483,,Eric Zeier,QB,QB,,3,TB,3,3,19,0,0,0,0,0,0,0,0,1,1.80597236036556,0,0.0,,2,-2,0,0,0,0,-0.85776874050498,0,0,0,0,0,0,0,0,0,0,,0,,,,,0,0.56,0.56
2000,REG+POST,00-0018501,,Amos Zereoue,RB,RB,,2,PIT,0,0,0,0,0,0,0,0,0,0,0,0,,0,,,6,14,0,0,0,1,0.18344322574821,0,0,0,0,0,0,0,0,0,0,,0,,,,,0,1.4,1.4
2000,REG+POST,00-0018568,,Clarence Williams,RB,RB,,1,ARI,0,0,0,0,0,0,0,0,0,0,0,0,,0,,,0,0,0,0,0,0,,0,1,2,5,0,0,0,0,0,0,-1.63951778551564,0,0.0,0.0454545454545455,,,0,0.5,1.5
2000,REG+POST,00-0018608,,Reggie Davis,TE,TE,,1,LAC,0,0,0,0,0,0,0,0,0,0,0,0,,0,,,0,0,0,0,0,0,,0,1,1,8,0,0,0,0,0,0,0.293562829494476,0,0.0,0.0238095238095238,,,0,0.8,1.8
2000,REG+POST,00-0018949,,Tim Seder,K,SPEC,,1,DAL,0,0,0,0,0,0,0,0,0,0,0,0,,0,,,1,1,1,0,0,1,3.14984013489448,0,0,0,0,0,0,0,0,0,0,,0,,,,,0,6.1,6.1
2000,REG+POST,00-0018958,,Laveranues Coles,WR,WR,,10,NYJ,0,0,0,0,0,0,0,0,0,0,0,0,,0,,,2,15,0,0,0,0,0.770411099889316,0,21,41,348,1,0,0,0,0,15,10.1335504563758,1,0.0,0.101234567901235,,,0,44.3,65.3
2000,REG+POST,00-0018964,,Darrick Vaughn,DB,DB,,3,ATL,0,0,0,0,0,0,0,0,0,0,0,0,,0,,,0,0,0,0,0,0,,0,0,0,0,0,0,0,0,0,0,,0,,,,,3,18.0,18.0
2000,REG+POST,00-0018971,,Shyrone Stith,RB,RB,,7,JAX,0,0,0,0,0,0,0,0,0,0,0,0,,0,,,20,55,1,0,0,3,-2.13260779279517,0,0,0,0,0,0,0,0,0,0,,0,,,,,0,11.5,11.5
2000,REG+POST,00-0018977,,Maurice Smith,RB,RB,,5,ATL,0,0,0,0,0,0,0,0,0,0,0,0,,0,,,18,53,0,0,0,4,-5.48393323723533,0,1,1,5,0,0,0,0,0,0,-0.703265269636177,0,0.0,0.0285714285714286,,,0,5.8,6.8
2000,REG+POST,00-0019021,,Bashir Yamini,WR,WR,,1,TEN,0,0,0,0,0,0,0,0,0,0,0,0,,0,,,0,0,0,0,0,0,,0,0,1,0,0,0,0,0,0,0,-0.786680251127109,0,,0.0285714285714286,,,0,0.0,0.0
2000,REG+POST,00-0019025,,Ronney Jenkins,RB,RB,,5,LAC,0,0,0,0,0,0,0,0,0,0,0,0,,0,,,8,6,0,0,0,0,-1.06395493837772,0,1,2,1,0,0,0,0,0,0,-1.6334947211123,0,0.0,0.08,,,1,6.7,7.7
2000,REG+POST,00-0019027,,Bobby Brown,WR,WR,"https://static.www.nfl.com/image/private/f_auto,q_auto/league/jy01cqstalf2vdtn9e64",3,CLE,0,0,0,0,0,0,0,0,0,0,0,0,,0,,,0,0,0,0,0,0,,0,2,7,14,0,0,0,0,0,1,-7.29407559899846,0,0.0,0.0648148148148148,,,0,1.4,3.4
2000,REG+POST,00-0019028,,Herbert Goodman,RB,RB,,3,GB,0,0,0,0,0,0,0,0,0,0,0,0,,0,,,3,-2,0,1,1,0,-5.68348155607237,0,1,1,0,0,0,0,0,0,0,-0.833019874058664,0,,0.024390243902439,,,0,-2.2,-1.2
2000,REG+POST,00-0019057,,Jamel White,RB,RB,,10,CLE,0,0,0,0,0,0,0,0,0,0,0,0,,0,,,46,141,0,0,0,6,-11.3724244092867,0,13,19,100,0,0,0,0,0,3,-2.12624497449724,0,0.0,0.121019108280255,,,0,24.1,37.1
2000,REG+POST,00-0019087,,Doug Johnson,QB,QB,,4,ATL,36,67,406,2,3,13,75,3,3,0,0,21,-33.3990665824361,0,0.0,0.0281005112783109,3,11,0,0,0,1,0.0455101897241548,0,0,0,0,0,0,0,0,0,0,,0,,,,,0,13.34,13.34
2000,REG+POST,00-0019093,,Casey Crawford,TE,TE,,6,CAR,0,0,0,0,0,0,0,0,0,0,0,0,,0,,,0,0,0,0,0,0,,0,4,8,47,1,0,0,0,0,3,-2.04369041934842,0,0.0,0.0406091370558376,,,0,10.7,14.7
2000,REG+POST,00-0019100,,Brad Hoover,FB,RB,,11,CAR,0,0,0,0,0,0,0,0,0,0,0,0,,0,,,88,287,1,0,0,12,-9.48732275743669,0,14,18,108,0,1,1,0,0,5,-6.85307529408601,0,0.0,0.0845070422535211,,,0,43.5,57.5
2000,REG+POST,00-0019109,,Scottie Montgomery,WR,WR,,1,DEN,0,0,0,0,0,0,0,0,0,0,0,0,,0,,,0,0,0,0,0,0,,0,1,1,10,0,0,0,0,0,1,1.7630961376708,0,0.0,0.0333333333333333,,,0,1.0,2.0
2000,REG+POST,00-0019127,,Todd Yoder,TE,TE,,3,TB,0,0,0,0,0,0,0,0,0,0,0,0,,0,,,0,0,0,0,0,0,,0,1,3,1,0,0,0,0,0,0,-3.78702519851504,0,0.0,0.0288461538461538,,,0,0.1,1.1
2000,REG+POST,00-0019135,,Dan Kreider,FB,RB,,6,PIT,0,0,0,0,0,0,0,0,0,0,0,0,,0,,,2,24,0,0,0,1,0.839289578725584,0,5,8,42,0,0,0,0,0,2,0.84872459404869,0,0.0,0.0588235294117647,,,0,6.6,11.6
2000,REG+POST,00-0019192,,Travis Brown,QB,QB,,1,SEA,0,1,0,0,0,0,0,0,0,0,0,0,-1.5103542751167,0,,,0,0,0,0,0,0,,0,0,0,0,0,0,0,0,0,0,,0,,,,,0,0.0,0.0
2000,REG+POST,00-0019206,,Shockmain Davis,WR,WR,,5,NE,0,0,0,0,0,0,0,0,0,0,0,0,,0,,,0,0,0,0,0,0,,0,2,11,12,0,0,0,0,0,1,-6.1766059382644,0,0.0,0.064327485380117,,,0,1.2,3.2
2000,REG+POST,00-0019207,,Chris Eitzmann,TE,TE,,1,NE,0,0,0,0,0,0,0,0,0,0,0,0,,0,,,0,0,0,0,0,0,,0,0,1,0,0,0,0,0,0,0,-0.805216760607436,0,,0.037037037037037,,,0,0.0,0.0
2000,REG+POST,00-0019231,,Larry Foster,WR,WR,,9,DET,0,0,0,0,0,0,0,0,0,0,0,0,,0,,,2,31,0,1,1,1,-3.04106243583374,0,17,26,175,1,1,1,0,14,5,-4.20508349344943,0,0.0,0.0942028985507246,,,0,22.6,39.6
2000,REG+POST,00-0019238,,Jonas Lewis,RB,RB,,1,SF,0,0,0,0,0,0,0,0,0,0,0,0,,0,,,1,6,0,0,0,1,0.367566912726034,0,0,0,0,0,0,0,0,0,0,,0,,,,,0,0.6,0.6
2000,REG+POST,00-0019255,,Curtis Jackson,WR,WR,,3,NE,0,0,0,0,0,0,0,0,0,0,0,0,,0,,,0,0,0,0,0,0,,0,5,12,44,0,0,0,0,0,2,-2.42187988257501,0,0.0,0.104347826086957,,,0,4.4,9.4
2000,REG+POST,00-0019278,,Kevin Thompson,QB,QB,,1,CLE,1,1,8,0,0,0,0,0,0,0,0,0,-0.142309429123998,0,0.0,,1,0,0,1,0,0,-0.399422891903669,0,0,0,0,0,0,0,0,0,0,,0,,,,,0,0.32,0.32
2000,REG+POST,00-0019290,,Zeron Flemister,TE,TE,,2,WAS,0,0,0,0,0,0,0,0,0,0,0,0,,0,,,0,0,0,0,0,0,,0,1,2,8,0,0,0,0,0,0,-0.161107263062149,0,0.0,0.0303030303030303,,,0,0.8,1.8
2000,REG+POST,00-0019338,,Damon Hodge,WR,WR,,3,DAL,0,0,0,0,0,0,0,0,0,0,0,0,,0,,,0,0,0,0,0,0,,0,4,10,60,0,0,0,0,0,3,-2.04748966911575,0,0.0,0.105263157894737,,,0,6.0,10.0
2000,REG+POST,00-0019350,,Kwame Cavil,WR,WR,,4,BUF,0,0,0,0,0,0,0,0,0,0,0,0,,0,,,0,0,0,0,0,0,,0,4,8,66,0,0,0,0,0,3,0.718980066623772,0,0.0,0.0533333333333333,,,0,6.6,10.6
2000,REG+POST,00-0019382,,KaRon Coleman,RB,RB,,7,DEN,0,0,0,0,0,0,0,0,0,0,0,0,,0,,,53,182,1,2,1,10,-0.202047133585438,0,1,3,5,0,0,0,0,0,0,-4.84965398150962,0,0.0,0.037037037037037,,,0,22.7,23.7
2000,REG+POST,00-0019435,,Mike Leach,LS,SPEC,"https://static.www.nfl.com/image/private/f_auto,q_auto/league/ilrirkvxmxbeedplpjhm",1,TEN,0,0,0,0,0,0,0,0,0,0,0,0,,0,,,0,0,0,0,0,0,,0,0,1,0,0,0,0,0,0,0,-0.325210926355794,0,,0.0285714285714286,,,0,0.0,0.0
2000,REG+POST,00-0019442,,Clint Stoerner,QB,QB,,1,DAL,2,4,24,1,0,2,21,0,0,0,0,1,3.77522097289329,0,0.0,,0,0,0,0,0,0,,0,0,0,0,0,0,0,0,0,0,,0,,,,,0,4.96,4.96
2000,REG+POST,00-0019455,,Peter Warrick,WR,WR,,16,CIN,0,0,0,0,0,0,0,0,0,0,0,0,,0,,,15,145,2,0,0,6,7.70673308236292,0,50,124,585,4,0,0,0,0,33,-8.40950737205625,0,0.0,0.287037037037037,,,1,115.0,165.0
2000,REG+POST,00-0019457,,Anthony Becht,TE,TE,,10,NYJ,0,0,0,0,0,0,0,0,0,0,0,0,,0,,,0,0,0,0,0,0,,0,16,30,144,2,0,0,0,0,9,-3.35797592249323,0,0.0,0.077720207253886,,,0,26.4,42.4
2000,REG+POST,00-0019461,,JaJuan Dawson,WR,WR,,2,CLE,0,0,0,0,0,0,0,0,0,0,0,0,,0,,,0,0,0,0,0,0,,0,9,14,97,1,0,0,0,0,6,6.20269759045914,0,0.0,0.25,,,0,15.7,24.7
2000,REG+POST,00-0019464,,Dustin Lyman,TE,TE,,3,CHI,0,0,0,0,0,0,0,0,0,0,0,0,,0,,,0,0,0,0,0,0,,0,1,3,4,0,0,0,0,0,0,-1.19361358083552,0,0.0,0.032258064516129,,,0,0.4,1.4
2000,REG+POST,00-0019466,,Curtis Keaton,RB,RB,,3,CIN,0,0,0,0,0,0,0,0,0,0,0,0,,0,,,6,24,0,0,0,1,0.422677782829851,0,0,0,0,0,0,0,0,0,0,,0,,,,,0,2.4,2.4
2000,REG+POST,00-0019471,,Frank Moreau,RB,RB,,9,KC,0,0,0,0,0,0,0,0,0,0,0,0,,0,,,49,121,3,2,1,12,-9.03494994844874,0,0,0,0,0,0,0,0,0,0,,0,,,,,0,28.1,28.1
2000,REG+POST,00-0019473,,Deon Dyer,RB,RB,,1,MIA,0,0,0,0,0,0,0,0,0,0,0,0,,0,,,0,0,0,0,0,0,,0,2,2,14,0,0,0,0,0,1,0.45431254117284,0,0.0,0.0434782608695652,,,0,1.4,3.4
2000,REG+POST,00-0019481,,Windrell Hayes,WR,WR,,7,NYJ,0,0,0,0,0,0,0,0,0,0,0,0,,0,,,1,2,0,0,0,0,-0.405548659153283,0,6,19,126,0,0,0,0,0,6,-0.0522792049387051,0,0.0,0.076,,,0,12.8,18.8
2000,REG+POST,00-0019484,,Sammy Morris,RB,RB,,11,BUF,0,0,0,0,0,0,0,0,0,0,0,0,,0,,,86,319,4,0,0,27,-4.78219993042876,0,35,41,262,1,0,0,0,0,7,3.8763820483335,0,0.0,0.122754491017964,,,0,88.1,123.1
2000,REG+POST,00-0019486,,Jay Tant,TE,TE,,1,ARI,0,0,0,0,0,0,0,0,0,0,0,0,,0,,,0,0,0,0,0,0,,0,1,2,4,0,0,0,0,0,1,0.47491073096171,0,0.0,0.0465116279069768,,,0,0.4,1.4
2000,REG+POST,00-0019491,,James Williams,WR,WR,,7,SEA,0,0,0,0,0,0,0,0,0,0,0,0,,0,,,1,-5,0,0,0,0,-0.928939444478601,0,8,16,99,0,0,0,0,0,6,-2.24997146194063,0,0.0,0.0747663551401869,,,0,9.4,17.4
2000,REG+POST,00-0019505,,Charles Lee,WR,WR,,9,GB,0,0,0,0,0,0,0,0,0,0,0,0,,0,,,0,0,0,0,0,0,,0,9,20,126,0,0,0,0,0,7,-0.434803173058221,0,0.0,0.0561797752808989,,,0,12.6,21.6
2000,REG+POST,00-0019516,,Troy Hambrick,RB,RB,,1,DAL,0,0,0,0,0,0,0,0,0,0,0,0,,0,,,6,28,0,0,0,2,-0.49830440140795,0,0,0,0,0,0,0,0,0,0,,0,,,,,0,2.8,2.8
2000,REG+POST,00-0019533,,Patrick Pass,RB,RB,,4,NE,0,0,0,0,0,0,0,0,0,0,0,0,,0,,,18,58,0,0,0,2,-1.90374856459675,0,4,8,17,0,0,0,0,0,0,-2.48717235750519,0,0.0,0.0689655172413793,,,0,7.5,11.5
2000,REG+POST,00-0019543,,Danny Farmer,WR,WR,,9,CIN,0,0,0,0,0,0,0,0,0,0,0,0,,0,,,0,0,0,0,0,0,,0,19,33,268,0,1,1,0,0,13,3.42899477935801,0,0.0,0.14410480349345,,,0,24.8,43.8
2000,REG+POST,00-0019552,,Troy Walters,WR,WR,,3,MIN,0,0,0,0,0,0,0,0,0,0,0,0,,0,,,1,3,0,0,0,0,-0.526364046381787,0,2,2,12,0,0,0,0,0,1,0.354029250214808,0,0.0,0.04,,,0,1.5,3.5
2000,REG+POST,00-0019553,,Spergon Wynn,QB,QB,,7,CLE,21,53,150,0,1,13,89,2,2,0,0,5,-51.5542468557833,0,0.0,0.0482625678167702,3,15,0,0,0,0,-0.0732435390818864,0,0,0,0,0,0,0,0,0,0,,0,,,,,0,1.5,1.5
2000,REG+POST,00-0019559,,Chad Pennington,QB,QB,,1,NYJ,2,5,67,1,0,1,4,0,0,0,0,2,7.07823493971955,0,0.0,0.293751224725134,1,0,0,0,0,0,-1.13097213744186,0,0,0,0,0,0,0,0,0,0,,0,,,,,0,6.68,6.68
2000,REG+POST,00-0019564,,Aaron Shea,TE,TE,,14,CLE,0,0,0,0,0,0,0,0,0,0,0,0,,0,,,0,0,0,0,0,0,,0,30,50,302,2,1,1,0,0,10,-10.2431419370425,0,0.0,0.117647058823529,,,0,40.2,70.2
2000,REG+POST,00-0019576,,Mike Green,RB,RB,,1,TEN,0,0,0,0,0,0,0,0,0,0,0,0,,0,,,0,0,0,0,0,0,,0,0,1,0,0,0,0,0,0,0,-1.7078244893346,0,,0.0263157894736842,,,0,0.0,0.0
2000,REG+POST,00-0019579,,Joe Hamilton,QB,QB,,1,TB,0,0,0,0,0,1,1,1,1,0,0,0,-2.54414761322551,0,,,1,-2,0,0,0,0,-0.480560638534371,0,0,0,0,0,0,0,0,0,0,,0,,,,,0,-2.2,-2.2
2000,REG+POST,00-0019587,,Terrelle Smith,FB,RB,,12,NO,0,0,0,0,0,0,0,0,0,0,0,0,,0,,,29,131,0,1,0,5,-1.51964665009291,0,12,18,65,0,0,0,0,0,1,-1.53032711480314,0,0.0,0.0753138075313808,,,0,19.6,31.6
2000,REG+POST,00-0019590,,Chad Morton,RB,RB,,16,NO,0,0,0,0,0,0,0,0,0,0,0,0,,0,,,39,135,0,0,0,7,-4.00445662866696,0,41,52,341,0,0,0,0,0,16,0.98799903215431,0,0.0,0.119266055045872,,,0,47.6,88.6
2000,REG+POST,00-0019594,,Mike Anderson,RB,RB,,15,DEN,0,0,0,0,0,0,0,0,0,0,0,0,,0,,,310,1531,15,4,3,78,11.3673375405171,1,25,34,179,0,0,0,0,0,8,6.79612013476435,0,0.0,0.0787037037037037,,,0,257.0,282.0
2000,REG+POST,00-0019596,T.Brady,Tom Brady,QB,QB,"https://static.www.nfl.com/image/private/f_auto,q_auto/league/q7dpdlxyu5rs05rgh1le",1,NE,1,3,6,0,0,0,0,0,0,0,0,0,-1.3424759330228,0,0.0,,0,0,0,0,0,0,,0,0,0,0,0,0,0,0,0,0,,0,,,,,0,0.24,0.24
2000,REG+POST,00-0019598,,Dave Stachelski,TE,TE,,1,NO,0,0,0,0,0,0,0,0,0,0,0,0,,0,,,0,0,0,0,0,0,,0,1,1,2,1,0,0,0,0,1,0.911421827971935,0,0.0,0.0212765957446809,,,0,6.2,7.2
2000,REG+POST,00-0019604,,R.Jay Soward,WR,WR,,10,JAX,0,0,0,0,0,0,0,0,0,0,0,0,,0,,,3,28,0,0,0,1,0.888493968988769,0,14,34,154,1,0,0,0,0,5,-11.5337385947748,0,0.0,0.0971428571428571,,,0,24.2,38.2
2000,REG+POST,00-0019606,,Todd Pinkston,WR,WR,,17,PHI,0,0,0,0,0,0,0,0,0,0,0,0,,0,,,0,0,0,0,0,0,,0,11,35,186,0,0,0,0,0,8,-2.39675204072332,0,0.0,0.0583333333333333,,,0,18.6,29.6
2000,REG+POST,00-0019609,,Travis Prentice,RB,RB,,15,CLE,0,0,0,0,0,0,0,0,0,0,0,0,,0,,,171,496,7,1,1,29,-29.615564506876,0,37,43,191,1,1,0,0,0,7,-11.5597230944287,0,0.0,0.0977272727272727,,,0,114.7,151.7
2000,REG+POST,00-0019614,,Michael Wiley,RB,RB,,8,DAL,0,0,0,0,0,0,0,0,0,0,0,0,,0,,,24,88,0,1,0,5,-4.28917849826258,0,14,18,72,1,2,2,0,0,3,-4.92498872216228,0,0.0,0.0849056603773585,,,0,18.0,32.0
2000,REG+POST,00-0019622,,Todd Husak,QB,QB,,1,WAS,2,2,-2,0,0,0,0,0,0,0,0,0,-1.38389413850382,0,0.0,,1,-1,0,0,0,0,-0.514442959800363,0,0,0,0,0,0,0,0,0,0,,0,,,,,0,-0.18,-0.18
2000,REG+POST,00-0019623,,Tim Rattay,QB,QB,,1,SF,1,1,-4,0,0,0,0,0,0,0,0,0,-1.4946456841426,0,0.0,,2,-1,0,0,0,0,-3.88836311700288,0,0,0,0,0,0,0,0,0,0,,0,,,,,0,-0.26,-0.26
2000,REG+POST,00-0019641,,Thomas Jones,RB,RB,,14,ARI,0,0,0,0,0,0,0,0,0,0,0,0,,0,,,112,373,2,3,2,23,-24.3928857379981,0,32,46,208,0,1,1,0,0,9,-9.55073914885334,0,0.0,0.1,,,0,64.1,96.1
2000,REG+POST,00-0019642,,Plaxico Burress,WR,WR,,11,PIT,0,0,0,0,0,0,0,0,0,0,0,0,,0,,,0,0,0,0,0,0,,0,22,64,273,0,1,1,0,0,13,-18.2078338969784,0,0.0,0.217687074829932,,,0,25.3,47.3
2000,REG+POST,00-0019643,,Ron Dayne,RB,RB,,18,NYG,0,0,0,0,0,0,0,0,0,0,0,0,,0,,,253,840,5,2,2,52,-40.6298765730626,0,5,6,23,0,0,0,0,0,1,-6.87277664276651,0,0.0,0.0413793103448276,,,0,112.3,117.3
2000,REG+POST,00-0019644,,Bubba Franks,TE,TE,,15,GB,0,0,0,0,0,0,0,0,0,0,0,0,,0,,,0,0,0,0,0,0,,0,34,55,363,1,1,0,0,0,16,-6.85257858016183,0,0.0,0.0992779783393502,,,0,42.3,76.3
2000,REG+POST,00-0019645,,Deltha O'Neal,DB,DB,,1,DEN,0,0,0,0,0,0,0,0,0,0,0,0,,0,,,0,0,0,0,0,0,,0,0,0,0,0,0,0,0,0,0,,0,,,,,1,6.0,6.0
2000,REG+POST,00-0019647,,Shaun Alexander,RB,RB,,16,SEA,0,0,0,0,0,0,0,0,0,0,0,0,,0,,,64,313,2,2,2,20,-4.69190093909856,0,5,11,41,0,0,0,0,0,2,-6.31514838017756,0,0.0,0.0582010582010582,,,0,43.4,48.4
2000,REG+POST,00-0019649,,Trung Canidate,RB,RB,,2,LA,0,0,0,0,0,0,0,0,0,0,0,0,,0,,,3,6,0,0,0,0,-0.84523770067608,0,1,3,4,0,0,0,0,0,0,-11.5835820950451,0,0.0,0.0326086956521739,,,0,1.0,2.0
2000,REG+POST,00-0019650,,Dennis Northcutt,WR,WR,,15,CLE,0,0,0,0,0,0,0,0,0,0,0,0,,0,,,9,33,0,0,0,1,0.356782169372309,0,38,80,405,0,0,0,0,11,25,-12.6875829458429,0,0.0,0.183066361556064,,,0,43.8,81.8
2000,REG+POST,00-0019652,,Ian Gold,OLB,LB,,1,DEN,0,0,0,0,0,0,0,0,0,0,0,0,,0,,,0,0,0,0,0,0,,0,0,0,0,0,0,0,0,0,0,,0,,,,,1,6.0,6.0
2000,REG+POST,00-0019659,,Erron Kinney,TE,TE,,14,TEN,0,0,0,0,0,0,0,0,0,0,0,0,,0,,,0,0,0,0,0,0,,0,20,36,206,1,1,1,0,0,10,-16.2140598049211,0,0.0,0.087378640776699,,,0,24.6,44.6
2000,REG+POST,00-0019660,,Dez White,WR,WR,,9,CHI,0,0,0,0,0,0,0,0,0,0,0,0,,0,,,0,0,0,0,0,0,,0,10,21,87,1,1,1,0,0,2,-22.2972920824251,0,0.0,0.0719178082191781,,,0,12.7,22.7
2000,REG+POST,00-0019662,,Ron Dixon,WR,WR,,14,NYG,0,0,0,0,0,0,0,0,0,0,0,0,,0,,,2,13,0,0,0,1,0.0802166829048072,0,9,32,170,1,0,0,0,0,8,-2.3722866869842,0,0.0,0.0730593607305936,,,2,36.3,45.3
2000,REG+POST,00-0019663,,Darrell Jackson,WR,WR,,16,SEA,0,0,0,0,0,0,0,0,0,0,0,0,,0,,,1,-1,0,0,0,0,-0.622674675425515,0,53,93,713,6,2,2,0,0,31,5.07350158355895,0,0.0,0.189409368635438,,,0,103.2,156.2
2000,REG+POST,00-0019670,,Trevor Gaylor,WR,WR,,9,LAC,0,0,0,0,0,0,0,0,0,0,0,0,,0,,,0,0,0,0,0,0,,0,12,28,174,1,0,0,0,0,7,1.92638670699671,0,0.0,0.0877742946708464,,,0,23.4,35.4
2000,REG+POST,00-0019673,,Paul Smith,RB,RB,,8,SF,0,0,0,0,0,0,0,0,0,0,0,0,,0,,,18,72,0,0,0,3,-4.26826576484018,0,2,3,55,0,0,0,0,0,1,2.87401773961028,0,0.0,0.0454545454545455,,,0,12.7,14.7
2000,REG+POST,00-0019676,,Neil Rackers,K,SPEC,,1,CIN,0,0,0,0,0,0,0,0,0,0,0,0,,0,,,1,-5,0,0,0,0,-3.09461198595818,0,0,0,0,0,0,0,0,0,0,,0,,,,,0,-0.5,-0.5
2000,REG+POST,00-0019682,,Jarious Jackson,QB,QB,,3,DEN,5,11,54,0,0,2,14,0,0,0,0,2,-5.9076345404028,0,0.0,0.0438792152938924,1,-1,0,0,0,0,-2.06538363470463,0,0,0,0,0,0,0,0,0,0,,0,,,,,0,2.06,2.06
2000,REG+POST,00-0019693,,Jamal Lewis,RB,RB,,20,BAL,0,0,0,0,0,0,0,0,0,0,0,0,,0,,,409,1673,10,5,1,76,-17.5774553660163,1,32,44,336,0,2,2,0,0,10,-1.72825049508016,0,0.0,0.0975609756097561,,,0,256.9,288.9
2000,REG+POST,00-0019694,,Corey Simon,DT,DL,,1,PHI,0,0,0,0,0,0,0,0,0,0,0,0,,0,,,0,0,0,0,0,0,,0,0,1,0,0,0,0,0,0,0,-0.651041748584248,0,,0.0333333333333333,,,0,0.0,0.0
2000,REG+POST,00-0019703,,Jerry Porter,WR,WR,,3,LV,0,0,0,0,0,0,0,0,0,0,0,0,,0,,,0,0,0,0,0,0,,0,2,3,25,0,0,0,0,0,1,-0.0673557951231487,0,0.0,0.0275229357798165,,,0,2.5,4.5
2000,REG+POST,00-0019708,,Ron Dugans,WR,WR,,8,CIN,0,0,0,0,0,0,0,0,0,0,0,0,,0,,,0,0,0,0,0,0,,0,14,38,125,1,0,0,0,0,8,-13.7750142366276,0,0.0,0.152,,,0,18.5,32.5
2000,REG+POST,00-0019709,,Chris Redman,QB,QB,,1,BAL,2,3,19,0,0,0,0,0,0,0,0,1,-2.0725614428291,0,0.0,,0,0,0,0,0,0,,0,0,0,0,0,0,0,0,0,0,,0,,,,,0,0.76,0.76
2000,REG+POST,00-0019710,,Hank Poteat,FS,DB,,1,PIT,0,0,0,0,0,0,0,0,0,0,0,0,,0,,,0,0,0,0,0,0,,0,0,0,0,0,0,0,0,0,0,,0,,,,,1,6.0,6.0
2000,REG+POST,00-0019721,,Travis Taylor,WR,WR,,9,BAL,0,0,0,0,0,0,0,0,0,0,0,0,,0,,,1,-1,0,0,0,0,-1.05603256565519,0,28,55,276,3,1,1,0,0,17,-4.88831914258832,0,0.0,0.183333333333333,,,0,43.5,71.5
2000,REG+POST,00-0019722,,J.R. Redmond,RB,RB,,11,NE,0,0,0,0,0,0,0,0,0,0,0,0,,0,,,124,406,1,1,0,14,-18.8739340203465,0,20,29,126,2,1,0,0,0,5,-6.61040972685848,0,0.0,0.0863095238095238,,,0,71.2,91.2
2000,REG+POST,00-0019726,,Sylvester Morris,WR,WR,,14,KC,1,1,31,0,0,0,0,0,0,0,0,1,2.02102083584759,0,0.0,,0,0,0,0,0,0,,0,42,98,566,0,3,3,0,0,26,-8.55478614299292,0,0.0,0.196,,,0,51.84,93.84
2001,REG,00-0000007,,Rabih Abdullah,RB,RB,,2,TB,0,0,0,0,0,0,0,0,0,0,0,0,,0,,,11,40,0,0,0,1,-0.837385120335966,0,2,2,26,0,0,0,0,0,2,2.19201069039991,0,0.0,0.0645161290322581,,,0,6.6,8.6
2001,REG,00-0000145,,Derrick Alexander,WR,WR,,13,KC,0,0,0,0,0,0,0,0,0,0,0,0,,0,,,2,16,0,0,0,1,0.731802382040769,0,27,68,470,3,0,0,0,0,22,2.14973424011376,0,0.0,0.164251207729469,,,0,66.6,93.6
2001,REG,00-0000166,,Stephen Alexander,TE,TE,,4,WAS,0,0,0,0,0,0,0,0,0,0,0,0,,0,,,0,0,0,0,0,0,,0,9,23,85,0,0,0,0,0,3,-5.64839141269202,0,0.0,0.205357142857143,,,0,8.5,17.5
2001,REG,00-0000210,,James Allen,RB,RB,,16,CHI,0,0,0,0,0,0,0,0,0,0,0,0,,0,,,135,469,1,1,0,26,-12.3134329654661,0,30,42,203,1,0,0,0,7,9,-1.91543041143751,0,0.0,0.0954545454545455,,,0,79.2,109.2
2001,REG,00-0000232,,Terry Allen,RB,RB,,11,BAL,0,0,0,0,0,0,0,0,0,0,0,0,,0,,,168,658,3,1,1,32,-17.9683090191982,0,17,20,68,0,0,0,0,0,1,-3.4285033569322,0,0.0,0.0714285714285714,,,0,88.6,105.6
2001,REG,00-0000251,,Mike Alstott,FB,RB,,16,TB,0,0,0,0,0,0,0,0,0,0,0,0,,0,,,165,680,10,0,0,40,7.85004250431666,0,35,50,231,1,2,2,0,0,9,-5.75398925879857,2,0.0,0.0907441016333938,,,0,157.1,192.1
2001,REG,00-0000316,,Jamal Anderson,RB,RB,,3,ATL,0,0,0,0,0,0,0,0,0,0,0,0,,0,,,55,190,1,1,1,8,-10.3180419075105,0,3,4,111,1,0,0,0,0,1,7.39287645998411,0,0.0,0.0625,,,0,40.1,43.1
2001,REG,00-0000339,,Richie Anderson,FB,RB,,16,NYJ,0,0,0,0,0,0,0,0,0,0,0,0,,0,,,26,102,0,0,0,4,-0.756233622494619,0,40,57,252,2,1,1,0,0,12,-13.2461071133304,0,0.0,0.125827814569536,,,0,45.4,85.4
2001,REG,00-0000387,,Reidel Anthony,WR,WR,,10,TB,0,0,0,0,0,0,0,0,0,0,0,0,,0,,,3,22,0,0,0,1,0.609103790600784,0,13,34,162,0,0,0,0,0,8,-1.27023390014016,0,0.0,0.113333333333333,,,0,18.4,31.4
2001,REG,00-0000552,,Obafemi Ayanbadejo,RB,RB,,14,BAL,0,0,0,0,0,0,0,0,0,0,0,0,,0,,,46,173,1,1,1,11,-5.7889442455941,0,24,33,121,1,0,0,0,0,7,-6.88002594714871,0,0.0,0.0789473684210526,,,0,39.4,63.4
2001,REG,00-0000722,,Tony Banks,QB,QB,,15,WAS,198,370,2386,10,10,29,173,2,2,0,0,106,-38.9006018493247,1,0.0,0.0278842714559453,47,152,2,8,2,7,-9.99859339661542,0,0,0,0,0,0,0,0,0,0,,0,,,,,0,136.64,136.64
2001,REG,00-0000727,,Brad Banta,TE,TE,,1,DET,0,0,0,0,0,0,0,0,0,0,0,0,,0,,,0,0,0,0,0,0,,0,0,1,0,0,0,0,0,0,0,-5.19425076595508,0,,0.025,,,0,0.0,0.0
2001,REG,00-0000745,,Tiki Barber,RB,RB,,14,NYG,0,0,0,0,0,0,0,0,0,0,0,0,,0,,,166,865,4,3,1,40,8.25984092860017,1,72,98,577,0,2,0,0,0,29,9.1372579886577,0,0.0,0.198380566801619,,,0,168.2,240.2
2001,REG,00-0000849,,Mike Bartrum,LS,SPEC,,2,PHI,0,0,0,0,0,0,0,0,0,0,0,0,,0,,,0,0,0,0,0,0,,0,1,2,4,1,0,0,0,0,1,1.28378168342169,0,0.0,0.0363636363636364,,,0,6.4,7.4
2001,REG,00-0000865,,Charlie Batch,QB,QB,,10,DET,198,341,2392,12,12,33,176,5,3,0,0,107,-16.084049925135,1,0.0,0.0569348760054364,12,45,0,1,1,5,-3.99295604294621,0,0,0,0,0,0,0,0,0,0,,0,,,,,0,118.18,118.18
2001,REG,00-0000869,,D'Wayne Bates,WR,WR,,4,CHI,0,0,0,0,0,0,0,0,0,0,0,0,,0,,,0,0,0,0,0,0,,0,9,14,160,1,0,0,0,0,6,7.90609311810992,0,0.0,0.0897435897435897,,,0,22.0,31.0
2001,REG,00-0000883,,Marco Battaglia,TE,TE,,7,WAS,0,0,0,0,0,0,0,0,0,0,0,0,,0,,,0,0,0,0,0,0,,0,14,24,127,0,1,0,0,0,8,1.18962629087036,0,0.0,0.0967741935483871,,,0,12.7,26.7
2001,REG,00-0000911,,Fred Baxter,TE,TE,,13,CHI,0,0,0,0,0,0,0,0,0,0,0,0,,0,,,0,0,0,0,0,0,,0,22,44,148,2,0,0,0,0,10,-19.5202340358581,0,0.0,0.0977777777777778,,,0,26.8,48.8
2001,REG,00-0000942,,Fred Beasley,RB,RB,,14,SF,0,0,0,0,0,0,0,0,0,0,0,0,,0,,,23,73,1,0,0,8,0.898297807871131,0,16,28,99,0,1,1,0,0,6,-4.91243229061365,0,0.0,0.0790960451977401,,,0,21.2,37.2
2001,REG,00-0001098,,Brandon Bennett,RB,RB,,15,CIN,0,0,0,0,0,0,0,0,0,0,0,0,,0,,,50,232,0,1,0,15,0.609994063212071,0,20,26,150,0,0,0,0,0,8,2.44249555486022,0,0.0,0.0559139784946237,,,0,38.2,58.2
2001,REG,00-0001102,,Donnell Bennett,FB,RB,,14,WAS,0,0,0,0,0,0,0,0,0,0,0,0,,0,,,10,39,0,1,0,2,-1.49705049378099,0,15,25,112,0,0,0,0,0,4,-4.71813000605972,1,0.0,0.0811688311688312,,,0,17.1,32.1
2001,REG,00-0001157,,Mitch Berger,P,SPEC,,1,MIN,0,1,0,0,0,0,0,0,0,0,0,0,-2.39802458370104,0,,,0,0,0,0,0,0,,0,0,0,0,0,0,0,0,0,0,,0,,,,,0,0.0,0.0
2001,REG,00-0001215,,Jerome Bettis,RB,RB,,11,PIT,1,2,32,1,0,0,0,0,0,0,0,1,3.92456180020236,0,0.0,,225,1072,4,3,0,46,-5.57735079709324,0,8,10,48,0,0,0,0,0,2,1.02306172944373,0,0.0,0.0411522633744856,,,0,141.28,149.28
2001,REG,00-0001224,,Tim Biakabutuka,RB,RB,,5,CAR,0,0,0,0,0,0,0,0,0,0,0,0,,0,,,53,230,1,1,1,9,-6.13059186327155,0,12,17,121,0,2,0,0,0,3,-5.04143492970616,0,0.0,0.0955056179775281,,,0,39.1,51.1
2001,REG,00-0001317,,Will Blackwell,WR,WR,,1,PIT,0,0,0,0,0,0,0,0,0,0,0,0,,0,,,0,0,0,0,0,0,,0,1,1,8,0,0,0,0,0,0,0.555341570521705,0,0.0,0.0285714285714286,,,0,0.8,1.8
2001,REG,00-0001335,,Jeff Blake,QB,QB,,1,NO,0,1,0,0,0,0,0,0,0,0,0,0,-0.483373706229031,0,,,1,-1,0,0,0,0,-0.0389493770780973,0,0,0,0,0,0,0,0,0,0,,0,,,,,0,-0.1,-0.1
2001,REG,00-0001361,,Drew Bledsoe,QB,QB,,2,NE,40,66,400,2,2,5,21,0,0,0,0,18,-3.83935994579224,0,0.0,0.038343156019966,5,18,0,1,0,1,-2.98495639348403,0,0,0,0,0,0,0,0,0,0,,0,,,,,0,21.8,21.8
2001,REG,00-0001477,,Marty Booker,WR,WR,,16,CHI,1,2,34,1,0,0,0,0,0,0,0,1,4.04906399932224,0,0.0,,4,8,0,0,0,1,-3.20451741258148,0,100,157,1071,8,2,1,0,0,56,32.3248302696236,0,0.0,0.30019120458891,,,0,159.26,259.26
2001,REG,00-0001532,,David Boston,WR,WR,,16,ARI,0,0,0,0,0,0,0,0,0,0,0,0,,0,,,5,35,0,0,0,3,1.1799029384274,0,98,175,1598,8,1,1,0,0,72,65.6958189226314,0,0.0,0.341130604288499,,,0,209.3,307.3
2001,REG,00-0001545,,Todd Bouman,QB,QB,,5,MIN,51,89,795,8,4,4,27,0,0,0,0,32,15.0420073887721,0,0.0,0.117878746689835,9,61,0,1,0,4,3.11145205705543,0,0,0,0,0,0,0,0,0,0,,0,,,,,0,61.9,61.9
2001,REG,00-0001627,,Corey Bradford,WR,WR,,16,GB,0,0,0,0,0,0,0,0,0,0,0,0,,0,,,0,0,0,0,0,0,,0,31,58,526,2,1,0,0,0,24,19.9381715671577,0,0.0,0.115308151093439,,,0,64.6,95.6
2001,REG,00-0001661,,Kyle Brady,TE,TE,,15,JAX,0,0,0,0,0,0,0,0,0,0,0,0,,0,,,0,0,0,0,0,0,,0,36,63,386,2,0,0,0,0,20,-9.19937331292856,0,0.0,0.127272727272727,,,0,50.6,86.6
2001,REG,00-0001766,,Jeremy Brigham,TE,TE,,11,LV,0,0,0,0,0,0,0,0,0,0,0,0,,0,,,0,0,0,0,0,0,,0,12,17,85,1,0,0,0,0,7,-3.44708431246883,0,0.0,0.0448548812664908,,,0,14.5,26.5
2001,REG,00-0001823,,Aaron Brooks,QB,QB,,16,NO,312,558,3832,26,22,50,330,4,0,0,0,183,10.5799587522062,1,0.0,0.0484128762986922,80,358,1,9,2,24,-13.9490669006604,0,0,1,0,0,0,0,0,0,0,-0.40846578287892,0,,0.0357142857142857,,,0,253.08,253.08
2001,REG,00-0001862,,Luther Broughton,TE,TE,,3,CAR,0,0,0,0,0,0,0,0,0,0,0,0,,0,,,0,0,0,0,0,0,,0,2,4,22,0,0,0,0,0,1,0.163497097208165,0,0.0,0.0268456375838926,,,0,2.2,4.2
2001,REG,00-0001980,,Kris Brown,K,SPEC,,1,PIT,0,0,0,0,0,0,0,0,0,0,0,0,,0,,,1,6,0,0,0,1,1.32618868094869,0,0,0,0,0,0,0,0,0,0,,0,,,,,0,0.6,0.6
2001,REG,00-0001981,,Lance Brown,DB,DB,,1,BUF,0,0,0,0,0,0,0,0,0,0,0,0,,0,,,0,0,0,0,0,0,,0,0,1,0,0,0,0,0,0,0,-0.660845086094923,0,,0.0357142857142857,,,0,0.0,0.0
2001,REG,00-0002005,,Na Brown,WR,WR,,8,PHI,0,0,0,0,0,0,0,0,0,0,0,0,,0,,,0,0,0,0,0,0,,0,7,17,95,0,0,0,0,0,6,-2.36645426320682,0,0.0,0.0677290836653386,,,0,9.5,16.5
2001,REG,00-0002058,,Tim Brown,WR,WR,,16,LV,0,0,0,0,0,0,0,0,0,0,0,0,,0,,,4,39,0,0,0,2,2.47005915135378,0,91,140,1165,9,0,0,0,0,61,72.048801539056,0,0.0,0.260223048327138,,,1,180.4,271.4
2001,REG,00-0002068,,Troy Brown,WR,WR,,16,NE,0,0,0,0,0,0,0,0,0,0,0,0,,0,,,11,91,0,1,0,4,4.17876232031267,0,101,142,1199,5,0,0,0,0,59,54.2464170332077,0,0.0,0.298947368421053,,,2,171.0,272.0
2001,REG,00-0002099,,Isaac Bruce,WR,WR,,16,LA,0,0,0,0,0,0,0,0,0,0,0,0,,0,,,4,23,0,1,1,1,-3.29025591805112,0,64,103,1106,6,3,1,0,0,49,54.2311506430503,0,0.0,0.188990825688073,,,0,144.9,208.9
2001,REG,00-0002102,,Mark Bruener,TE,TE,,8,PIT,0,0,0,0,0,0,0,0,0,0,0,0,,0,,,0,0,0,0,0,0,,0,12,19,98,0,0,0,0,0,5,2.11586648522643,0,0.0,0.0848214285714286,,,0,9.8,21.8
2001,REG,00-0002110,,Mark Brunell,QB,QB,,15,JAX,289,473,3309,10,13,57,387,7,3,0,0,164,-126.476167561342,1,0.0,0.0283677830419066,39,224,1,1,0,12,-7.48044391236702,0,0,0,0,0,0,0,0,0,0,,0,,,,,0,170.76,170.76
2001,REG,00-0002159,,Shawn Bryson,RB,RB,,8,BUF,0,0,0,0,0,0,0,0,0,0,0,0,,0,,,80,341,2,0,0,9,-9.32802321558366,0,9,11,59,0,0,0,0,0,3,-0.0169160352088511,0,0.0,0.0523809523809524,,,0,52.0,61.0
2001,REG,00-0002185,,Terrell Buckley,DB,DB,,2,NE,0,0,0,0,0,0,0,0,0,0,0,0,,0,,,0,0,0,0,0,0,,0,0,2,0,0,0,0,0,0,0,-2.44106821902096,0,,0.0392156862745098,,,0,0.0,0.0
2001,REG,00-0002380,,Steve Bush,RB,RB,,5,ARI,0,0,0,0,0,0,0,0,0,0,0,0,,0,,,0,0,0,0,0,0,,0,8,12,80,0,0,0,0,0,7,0.127190816470864,0,0.0,0.072289156626506,,,0,8.0,16.0
2001,REG,00-0002469,,Isaac Byrd,WR,WR,,15,CAR,0,0,0,0,0,0,0,0,0,0,0,0,,0,,,1,-2,0,0,0,0,-1.34819780988619,0,37,71,492,1,0,0,0,0,26,7.2627276480435,0,0.0,0.133208255159475,,,0,55.0,92.0
2001,REG,00-0002565,,Dan Campbell,TE,TE,,12,NYG,0,0,0,0,0,0,0,0,0,0,0,0,,0,,,0,0,0,0,0,0,,0,13,25,148,1,0,0,0,0,9,-3.07809667955959,0,0.0,0.0595238095238095,,,0,20.8,33.8
2001,REG,00-0002587,,Matt Campbell,G,OL,,1,WAS,0,0,0,0,0,0,0,0,0,0,0,0,,0,,,0,0,0,0,0,0,,0,0,1,0,0,0,0,0,0,0,-0.529408054659143,0,,0.0666666666666667,,,0,0.0,0.0
2001,REG,00-0002655,,John Carney,K,SPEC,,1,NO,0,0,0,0,0,0,0,0,0,0,0,0,,0,,,1,-1,0,0,0,0,-1.75681809987873,0,0,0,0,0,0,0,0,0,0,,0,,,,,0,-0.1,-0.1
2001,REG,00-0002709,,Dwayne Carswell,G,OL,,16,DEN,0,0,0,0,0,0,0,0,0,0,0,0,,0,,,0,0,0,0,0,0,,0,34,56,299,4,0,0,0,0,18,-4.66606883643544,1,0.0,0.112676056338028,,,0,55.9,89.9
2001,REG,00-0002713,,Tony Carter,RB,RB,,9,DEN,0,0,0,0,0,0,0,0,0,0,0,0,,0,,,1,4,0,0,0,1,0.318918852135539,0,11,16,83,0,1,1,0,0,5,-9.44009275006829,0,0.0,0.054421768707483,,,0,6.7,17.7
2001,REG,00-0002721,,Cris Carter,WR,WR,,16,MIN,0,0,0,0,0,0,0,0,0,0,0,0,,0,,,1,4,0,0,0,0,0.0216584637528285,0,73,130,871,6,2,2,0,0,42,-1.72439900938444,0,0.0,0.240295748613678,,,0,119.5,192.5
2001,REG,00-0002743,,Ki-Jana Carter,RB,RB,,13,WAS,0,0,0,0,0,0,0,0,0,0,0,0,,0,,,63,308,3,0,0,18,6.51622191463645,0,13,21,83,0,0,0,0,0,3,-9.80359592539826,0,0.0,0.0813953488372093,,,0,57.1,70.1
2001,REG,00-0002846,,Larry Centers,FB,RB,,16,BUF,0,0,0,0,0,0,0,0,0,0,0,0,,0,,,34,160,2,0,0,7,3.4144199147413,0,80,105,620,2,2,1,0,0,34,-0.174966622503721,0,0.0,0.196998123827392,,,0,100.0,180.0
2001,REG,00-0002861,,Byron Chamberlain,TE,TE,,16,MIN,0,0,0,0,0,0,0,0,0,0,0,0,,0,,,0,0,0,0,0,0,,0,57,80,666,3,1,1,0,18,29,23.6756966964116,0,0.0,0.147874306839187,,,0,82.6,139.6
2001,REG,00-0002876,,Chris Chandler,QB,QB,,14,ATL,223,365,2847,16,14,41,261,4,1,0,0,127,18.65115637733,1,0.0,0.0714804656147538,25,84,0,4,0,5,-3.97785596685892,0,0,0,0,0,0,0,0,0,0,,0,,,,,0,158.28,158.28
2001,REG,00-0002942,,Darrin Chiaverini,WR,WR,,12,DAL,0,0,0,0,0,0,0,0,0,0,0,0,,0,,,1,3,0,0,0,0,-0.523592885350809,0,10,32,107,2,0,0,0,0,7,-16.6931414802531,0,0.0,0.102564102564103,,,0,23.0,33.0
2001,REG,00-0002962,,Wayne Chrebet,WR,WR,,15,NYJ,0,0,0,0,0,0,0,0,0,0,0,0,,0,,,0,0,0,0,0,0,,0,56,92,750,1,0,0,0,0,44,41.2903237282188,0,0.0,0.218527315914489,,,0,81.0,137.0
2001,REG,00-0002970,,Bob Christian,FB,RB,,16,ATL,0,0,0,0,0,0,0,0,0,0,0,0,,0,,,44,284,2,0,0,16,16.0958331129307,0,45,60,392,2,0,0,0,0,19,10.8480992962124,0,0.0,0.129310344827586,,,0,91.6,136.6
2001,REG,00-0003035,,Desmond Clark,TE,TE,,14,DEN,0,0,0,0,0,0,0,0,0,0,0,0,,0,,,0,0,0,0,0,0,,0,51,77,566,6,3,2,0,0,31,16.0279737499849,0,0.0,0.172645739910314,,,0,88.6,139.6
2001,REG,00-0003103,,Cameron Cleeland,TE,TE,,8,NO,0,0,0,0,0,0,0,0,0,0,0,0,,0,,,0,0,0,0,0,0,,0,13,22,138,4,1,1,0,0,7,0.804487119374056,0,0.0,0.0780141843971631,,,0,35.8,48.8
2001,REG,00-0003136,,Mike Cloud,RB,RB,,3,KC,0,0,0,0,0,0,0,0,0,0,0,0,,0,,,7,54,1,0,0,3,3.97524153557606,0,0,0,0,0,0,0,0,0,0,,0,,,,,0,11.4,11.4
2001,REG,00-0003220,,Fred Coleman,WR,WR,,2,NE,0,0,0,0,0,0,0,0,0,0,0,0,,0,,,0,0,0,0,0,0,,0,2,4,50,0,0,0,0,0,1,2.83310658301343,0,0.0,0.0701754385964912,,,0,5.0,7.0
2001,REG,00-0003266,,Bobby Collins,TE,TE,,1,GB,0,0,0,0,0,0,0,0,0,0,0,0,,0,,,0,0,0,0,0,0,,0,1,1,3,0,0,0,0,0,0,-0.315589348785579,0,0.0,0.0263157894736842,,,0,0.3,1.3
2001,REG,00-0003292,,Kerry Collins,QB,QB,,16,NYG,327,568,3764,19,16,36,206,10,4,0,0,189,-3.16951095539202,0,0.0,0.0393794014362396,39,73,0,13,2,9,-18.7725045584084,0,1,1,-2,0,0,0,0,0,0,-1.234288536245,0,0.0,0.0303030303030303,,,0,189.66,190.66
2001,REG,00-0003315,,Todd Collins,QB,QB,,1,KC,3,4,40,0,0,0,0,0,0,0,0,1,1.63629530544858,0,0.0,,2,6,0,0,0,1,1.05572211893741,0,0,0,0,0,0,0,0,0,0,,0,,,,,0,2.2,2.2
2001,REG,00-0003344,,Greg Comella,RB,RB,,14,NYG,0,0,0,0,0,0,0,0,0,0,0,0,,0,,,4,15,0,0,0,0,-1.80293703969801,0,39,55,253,1,2,0,0,0,11,-2.44817021387115,0,0.0,0.111561866125761,,,0,32.8,71.8
2001,REG,00-0003378,,Albert Connell,WR,WR,,11,NO,0,0,0,0,0,0,0,0,0,0,0,0,,0,,,1,6,0,0,0,0,0.114575681160204,0,12,28,191,2,0,0,0,0,7,1.81465940514434,0,0.0,0.0790960451977401,,,0,31.7,43.7
2001,REG,00-0003396,,Curtis Conway,WR,WR,,16,LAC,0,0,0,0,0,0,0,0,0,0,0,0,,0,,,7,116,1,0,0,3,7.68819910276216,0,71,126,1125,6,1,1,0,0,52,44.2205286684838,0,0.0,0.233333333333333,,,0,164.1,235.1
2001,REG,00-0003400,,Ernie Conwell,TE,TE,,16,LA,0,0,0,0,0,0,0,0,0,0,0,0,,0,,,7,28,1,0,0,3,0.748130136136658,0,38,52,431,4,2,2,0,0,20,8.54968067253165,0,0.0,0.0954128440366972,,,0,71.9,109.9
2001,REG,00-0003535,,Tim Couch,QB,QB,,16,CLE,272,454,3040,17,21,51,353,4,1,0,0,134,-59.112349512067,0,0.0,0.0262644924614796,38,128,0,5,1,7,-9.99654438951651,0,1,1,-10,0,0,0,0,0,0,-1.65509938285686,0,0.0,0.0333333333333333,,,0,155.4,156.4
2001,REG,00-0003572,,Bryan Cox,LB,LB,,1,NE,0,0,0,0,0,0,0,0,0,0,0,0,,0,,,0,0,0,0,0,0,,0,1,1,7,0,0,0,0,0,1,0.78083301888546,0,0.0,0.0185185185185185,,,0,0.7,1.7
2001,REG,00-0003600,,Dameyune Craig,QB,QB,,2,CAR,4,8,34,0,0,2,15,0,0,0,0,2,-4.62157277861843,0,0.0,0.037327603602998,3,20,0,1,0,1,-1.07944278430659,0,0,0,0,0,0,0,0,0,0,,0,,,,,0,3.36,3.36
2001,REG,00-0003663,,Zack Crockett,RB,RB,,14,LV,0,0,0,0,0,0,0,0,0,0,0,0,,0,,,57,145,6,1,1,26,3.42293148797748,0,2,3,10,0,0,0,0,0,0,-0.340954248094931,0,0.0,0.0461538461538462,,,0,49.5,51.5
2001,REG,00-0003681,,Howard Cross,TE,TE,,3,NYG,0,0,0,0,0,0,0,0,0,0,0,0,,0,,,0,0,0,0,0,0,,0,1,3,5,0,0,0,0,0,0,-1.29203038449405,0,0.0,0.0428571428571429,,,0,0.5,1.5
2001,REG,00-0003700,,Germane Crowell,WR,WR,,5,DET,0,0,0,0,0,0,0,0,0,0,0,0,,0,,,1,6,0,0,0,0,0.176685729180463,0,22,38,289,2,1,0,0,0,14,-13.8291908349012,0,0.0,0.198952879581152,,,0,41.5,63.5
2001,REG,00-0003739,,Daunte Culpepper,QB,QB,,11,MIN,235,366,2612,14,13,33,186,9,5,0,0,126,3.62909720501739,1,0.0,0.0667905145787435,71,416,5,7,1,31,11.6433933092353,2,1,1,0,0,0,0,0,0,0,-0.50609500228893,0,,0.0416666666666667,,,0,200.08,201.08
2001,REG,00-0003761,,Randall Cunningham,QB,QB,,5,BAL,54,89,573,3,2,12,66,0,0,0,0,31,3.4788391319149,1,0.0,0.0679837780942225,14,40,1,4,0,3,0.481464616896119,0,0,0,0,0,0,0,0,0,0,,0,,,,,0,42.92,42.92
2001,REG,00-0003803,,Matt Cushing,TE,TE,,4,PIT,0,0,0,0,0,0,0,0,0,0,0,0,,0,,,0,0,0,0,0,0,,0,5,6,24,1,0,0,0,0,2,1.9314704441349,0,0.0,0.0517241379310345,,,0,8.4,13.4
2001,REG,00-0004004,,John Davis,TE,TE,,10,CHI,0,0,0,0,0,0,0,0,0,0,0,0,,0,,,0,0,0,0,0,0,,0,11,17,68,0,0,0,0,0,4,2.71562251260175,0,0.0,0.0537974683544304,,,0,6.8,17.8
2001,REG,00-0004052,,Stephen Davis,RB,RB,,16,WAS,0,0,0,0,0,0,0,0,0,0,0,0,,0,,,356,1432,5,6,3,74,-29.11539852634,1,28,37,205,0,0,0,0,0,8,-0.0347665489460933,0,0.0,0.0922693266832918,,,0,189.7,217.7
2001,REG,00-0004054,,Terrell Davis,RB,RB,,8,DEN,0,0,0,0,0,0,0,0,0,0,0,0,,0,,,167,701,0,2,0,39,-7.33418667224779,0,12,21,69,0,0,0,0,0,2,-14.4711926858381,0,0.0,0.0817120622568093,,,0,77.0,89.0
2001,REG,00-0004055,,Thabiti Davis,WR,WR,,5,NYG,0,0,0,0,0,0,0,0,0,0,0,0,,0,,,0,0,0,0,0,0,,0,3,8,34,0,0,0,0,0,2,0.646902547741775,0,0.0,0.0449438202247191,,,0,3.4,6.4
2001,REG,00-0004063,,Tyrone Davis,TE,TE,,2,GB,0,0,0,0,0,0,0,0,0,0,0,0,,0,,,0,0,0,0,0,0,,0,3,5,14,0,0,0,0,0,0,-1.33174427680206,0,0.0,0.087719298245614,,,0,1.4,4.4
2001,REG,00-0004077,,Sean Dawkins,WR,WR,,14,JAX,0,0,0,0,0,0,0,0,0,0,0,0,,0,,,0,0,0,0,0,0,,0,20,49,234,0,1,0,0,0,11,-9.86441853927681,0,0.0,0.106521739130435,,,0,23.4,43.4
2001,REG,00-0004112,,James Dearth,TE,TE,,4,NYJ,0,0,0,0,0,0,0,0,0,0,0,0,,0,,,0,0,0,0,0,0,,0,3,4,10,1,0,0,0,0,2,3.68400090077193,0,0.0,0.0363636363636364,,,0,7.0,10.0
2001,REG,00-0004200,,Autry Denson,RB,RB,,1,CHI,0,0,0,0,0,0,0,0,0,0,0,0,,0,,,1,4,0,0,0,0,-0.109789464855567,0,0,0,0,0,0,0,0,0,0,,0,,,,,0,0.4,0.4
2001,REG,00-0004229,,Koy Detmer,QB,QB,,5,PHI,5,14,51,0,1,1,9,0,0,0,0,2,-8.55615391816912,0,0.0,0.043382836426299,8,6,0,0,0,1,-3.75458560869447,0,0,0,0,0,0,0,0,0,0,,0,,,,,0,0.64,0.64
2001,REG,00-0004230,,Ty Detmer,QB,QB,,4,DET,92,151,906,3,10,12,75,3,1,0,0,43,-35.7250844856182,0,0.0,0.023936417863662,9,26,0,0,0,4,-1.20787497196579,0,0,0,0,0,0,0,0,0,0,,0,,,,,0,28.84,28.84
2001,REG,00-0004293,,Trent Dilfer,QB,QB,,6,SEA,73,122,1014,7,4,10,72,2,0,0,0,43,21.750209586555,1,0.0,0.0998511155334796,11,17,0,1,0,3,-1.93151667085476,0,1,1,-5,0,0,0,0,0,0,-1.04732543183491,0,0.0,0.0344827586206897,,,0,63.76,64.76
2001,REG,00-0004294,,Ken Dilger,TE,TE,,16,IND,1,1,39,1,0,0,0,0,0,0,0,1,5.4900574022904,0,0.0,,0,0,0,0,0,0,,0,32,54,343,1,2,2,0,0,16,-8.58472422756238,1,0.0,0.0994475138121547,,,0,43.86,75.86
2001,REG,00-0004304,,Corey Dillon,RB,RB,,16,CIN,0,1,0,0,1,0,0,0,0,0,0,0,-4.66813702398213,0,,,340,1315,10,5,3,69,-33.9163413177925,0,34,61,228,3,0,0,0,0,13,-4.56580308497238,0,0.0,0.116858237547893,,,0,224.3,258.3
2001,REG,00-0004463,,Dameane Douglas,WR,WR,,1,PHI,0,0,0,0,0,0,0,0,0,0,0,0,,0,,,0,0,0,0,0,0,,0,5,8,77,2,0,0,0,0,4,7.42777990826289,0,0.0,0.296296296296296,,,0,19.7,24.7
2001,REG,00-0004541,,Donald Driver,WR,WR,,10,GB,0,0,0,0,0,0,0,0,0,0,0,0,,0,,,3,38,1,0,0,1,3.65262600424467,0,13,19,167,1,0,0,0,0,9,8.88794071944334,0,0.0,0.0711610486891386,,,0,32.5,45.5
2001,REG,00-0004574,,Rickey Dudley,TE,TE,,4,CLE,0,0,0,0,0,0,0,0,0,0,0,0,,0,,,0,0,0,0,0,0,,0,9,16,115,0,0,0,0,0,4,2.95080806693295,0,0.0,0.142857142857143,,,0,11.5,20.5
2001,REG,00-0004634,,David Dunn,WR,WR,,1,LV,0,0,0,0,0,0,0,0,0,0,0,0,,0,,,0,0,0,0,0,0,,0,1,1,8,0,0,0,0,0,0,0.332972540345509,0,0.0,0.024390243902439,,,0,0.8,1.8
2001,REG,00-0004637,,Jason Dunn,TE,TE,,7,KC,0,0,0,0,0,0,0,0,0,0,0,0,,0,,,0,0,0,0,0,0,,0,4,13,54,1,0,0,0,0,3,-5.03057269087964,0,0.0,0.0577777777777778,,,0,11.4,15.4
2001,REG,00-0004640,,Warrick Dunn,RB,RB,,13,TB,0,0,0,0,0,0,0,0,0,0,0,0,,0,,,158,447,3,2,2,20,-42.265067605005,0,68,97,557,3,0,0,0,0,29,2.1714921206283,0,0.0,0.195564516129032,,,0,132.4,200.4
2001,REG,00-0004673,,Tim Dwight,WR,WR,,10,LAC,0,0,0,0,0,0,0,0,0,0,0,0,,0,,,2,24,1,0,0,1,2.78432268300094,0,25,50,406,0,0,0,0,0,22,2.21847648514504,0,0.0,0.153846153846154,,,1,55.0,80.0
2001,REG,00-0004694,,Kevin Dyson,WR,WR,,16,TEN,0,0,0,0,0,0,0,0,0,0,0,0,,0,,,0,0,0,0,0,0,,0,54,112,825,7,0,0,0,0,37,24.9177959755005,1,0.0,0.221343873517787,,,0,126.5,180.5
2001,REG,00-0004768,,Marc Edwards,FB,RB,,16,NE,0,0,0,0,0,0,0,0,0,0,0,0,,0,,,51,141,1,2,2,15,-10.5849937822204,0,25,39,166,2,1,1,0,0,10,-5.40355375375029,0,0.0,0.0821052631578947,,,0,42.7,67.7
2001,REG,00-0004780,,Troy Edwards,WR,WR,,15,PIT,0,0,0,0,0,0,0,0,0,0,0,0,,0,,,5,28,1,0,0,1,1.80465390293878,0,19,35,283,0,1,1,0,0,12,0.805299401321803,0,0.0,0.086848635235732,,,1,41.1,60.1
2001,REG,00-0004888,,Bert Emanuel,WR,WR,,8,DET,0,0,0,0,0,0,0,0,0,0,0,0,,0,,,0,0,0,0,0,0,,0,21,45,246,0,0,0,0,0,14,-6.2776376028008,0,0.0,0.144694533762058,,,0,24.6,45.6
2001,REG,00-0004915,,Bobby Engram,WR,WR,,16,SEA,0,0,0,0,0,0,0,0,0,0,0,0,,0,,,0,0,0,0,0,0,,0,29,51,400,0,0,0,0,0,24,18.5815830791114,0,0.0,0.113082039911308,,,0,40.0,69.0
2001,REG,00-0005091,,Kevin Faulk,RB,RB,,15,NE,1,1,23,0,0,0,0,0,0,0,0,1,1.76915976172313,0,0.0,,41,169,1,0,0,9,-0.603094816579931,0,30,36,189,2,1,1,0,0,9,3.42169020681258,0,0.0,0.111111111111111,,,0,52.72,82.72
2001,REG,00-0005092,,Marshall Faulk,RB,RB,,14,LA,0,1,0,0,0,0,0,0,0,0,0,0,-0.36587227624841,0,,,260,1382,12,2,2,70,21.4528633347664,1,83,104,765,9,1,1,0,0,40,35.0354889274547,0,0.0,0.221276595744681,,,0,336.7,419.7
2001,REG,00-0005101,,Christian Fauria,TE,TE,,15,SEA,0,0,0,0,0,0,0,0,0,0,0,0,,0,,,0,0,0,0,0,0,,0,21,40,188,1,1,1,0,0,11,1.92738238200065,1,0.0,0.0934579439252336,,,0,24.8,45.8
2001,REG,00-0005106,,Brett Favre,QB,QB,,16,GB,314,510,3921,32,15,21,146,7,2,0,0,187,85.9278215787942,1,0.0,0.107275927622932,38,56,1,8,2,5,-26.5344805619825,0,0,0,0,0,0,0,0,0,0,,0,,,,,0,260.44,260.44
2001,REG,00-0005113,,Jeff Feagles,P,SPEC,,2,SEA,0,2,0,0,0,0,0,2,0,0,0,0,-3.02060226211324,0,,,0,0,0,0,0,0,,0,0,0,0,0,0,0,0,0,0,,0,,,,,0,0.0,0.0
2001,REG,00-0005180,,Jay Fiedler,QB,QB,,16,MIA,272,449,3248,20,19,27,178,3,3,0,0,152,36.2916640112096,0,0.0,0.101598818883291,73,321,4,3,1,26,30.20509579184,0,0,0,0,0,0,0,0,0,0,,0,,,,,0,220.02,220.02
2001,REG,00-0005229,,Jim Finn,FB,RB,,1,IND,0,0,0,0,0,0,0,0,0,0,0,0,,0,,,0,0,0,0,0,0,,0,0,1,0,0,0,0,0,0,0,-0.438883226830512,0,,0.0204081632653061,,,0,0.0,0.0
2001,REG,00-0005231,,Brian Finneran,WR,WR,,12,ATL,0,0,0,0,0,0,0,0,0,0,0,0,,0,,,0,0,0,0,0,0,,0,23,41,491,3,0,0,0,0,18,28.166957577805,0,0.0,0.1025,,,0,67.1,90.1
2001,REG,00-0005324,,Terrell Fletcher,RB,RB,,12,LAC,0,0,0,0,0,0,0,0,0,0,0,0,,0,,,29,107,0,0,0,7,-1.51847279135287,0,23,29,184,0,1,1,0,0,8,6.16094432873175,0,0.0,0.0833333333333333,,,0,27.1,50.1
2001,REG,00-0005363,,Doug Flutie,QB,QB,,16,LAC,294,521,3464,15,18,25,168,2,0,0,0,166,35.7141858975664,0,0.0,0.0694121404885287,52,192,1,4,2,12,-6.8993816263219,0,0,0,0,0,0,0,0,0,0,,0,,,,,0,183.76,183.76
2001,REG,00-0005562,,Antonio Freeman,WR,WR,,16,GB,0,0,0,0,0,0,0,0,0,0,0,0,,0,,,1,-5,0,0,0,0,-2.15368540037889,0,52,108,818,6,0,0,0,0,40,20.2440488545104,1,0.0,0.214711729622266,,,0,119.3,171.3
2001,REG,00-0005589,,Gus Frerotte,QB,QB,,4,DEN,30,48,308,3,0,3,21,2,1,0,0,19,11.7325623591659,0,0.0,0.117799650766068,10,9,1,0,0,2,-2.79065225599334,0,0,0,0,0,0,0,0,0,0,,0,,,,,0,29.22,29.22
2001,REG,00-0005609,,Scott Frost,DB,DB,,1,CLE,0,0,0,0,0,0,0,0,0,0,0,0,,0,,,1,1,0,0,0,0,-0.0554070037323982,0,0,2,0,0,0,0,0,0,0,-2.06554665305885,0,,0.0540540540540541,,,0,0.1,0.1
2001,REG,00-0005620,,Chris Fuamatu-Ma'afala,RB,RB,,13,PIT,0,0,0,0,0,0,0,0,0,0,0,0,,0,,,120,453,3,0,0,27,-6.60475940973844,0,16,20,127,1,0,0,0,0,3,-0.938059792666878,0,0.0,0.072992700729927,,,0,82.0,98.0
2001,REG,00-0005668,,Oronde Gadsden,WR,WR,,14,MIA,0,0,0,0,0,0,0,0,0,0,0,0,,0,,,0,0,0,0,0,0,,0,55,93,674,3,1,1,0,0,34,11.4895702869136,0,0.0,0.234256926952141,,,0,83.4,138.4
2001,REG,00-0005720,,Joey Galloway,WR,WR,,16,DAL,1,1,-1,0,0,0,0,0,0,0,0,0,-1.271701478865,0,0.0,,3,32,0,0,0,2,0.973019906879284,0,52,112,699,3,1,0,0,0,33,-9.45782936666672,0,0.0,0.281407035175879,,,0,91.06,143.06
2001,REG,00-0005732,,Kendall Gammon,LS,SPEC,,1,KC,0,0,0,0,0,0,0,0,0,0,0,0,,0,,,0,0,0,0,0,0,,0,0,1,0,0,0,0,0,0,0,-4.13096808234695,0,,0.0384615384615385,,,0,0.0,0.0
2001,REG,00-0005741,,Rich Gannon,QB,QB,,16,LV,361,549,3828,27,9,27,155,9,4,0,0,194,98.2486207914552,0,0.0,0.104493857658353,63,231,2,3,3,17,-2.67707363657465,1,0,0,0,0,0,0,0,0,0,,0,,,,,0,266.22,266.22
2001,REG,00-0005755,,Jeff Garcia,QB,QB,,16,SF,316,504,3538,32,12,26,114,3,1,0,0,183,88.0033994968827,1,0.0,0.108711556606006,72,254,5,6,2,20,-6.44656619151377,0,0,0,0,0,0,0,0,0,0,,0,,,,,0,296.92,296.92
2001,REG,00-0005779,,Charlie Garner,RB,RB,,16,LV,0,0,0,0,0,0,0,0,0,0,0,0,,0,,,211,839,1,2,2,31,-21.0721481981292,0,72,91,578,2,0,0,0,0,28,14.3654999627926,0,0.0,0.169144981412639,,,0,155.7,227.7
2001,REG,00-0005816,,Olandis Gary,RB,RB,,8,DEN,0,0,0,0,0,0,0,0,0,0,0,0,,0,,,57,228,1,0,0,12,3.19621611351613,0,4,5,29,0,0,0,0,0,1,1.08401445119132,0,0.0,0.0495049504950495,,,0,31.7,35.7
2001,REG,00-0005822,,Sam Gash,FB,RB,,10,BAL,0,0,0,0,0,0,0,0,0,0,0,0,,0,,,2,-1,0,0,0,0,-1.393956599175,0,9,14,80,1,0,0,0,0,3,-3.20849831664236,0,0.0,0.042042042042042,,,0,13.9,22.9
2001,REG,00-0005883,,Eddie George,RB,RB,,16,TEN,0,0,0,0,0,0,0,0,0,0,0,0,,0,,,315,939,5,8,6,38,-72.9460927252873,0,37,50,279,0,0,0,0,11,11,0.192483669060695,0,0.0,0.102669404517454,,,0,139.8,176.8
2001,REG,00-0005885,,Jeff George,QB,QB,,2,WAS,23,42,168,0,3,6,38,0,0,0,0,6,-23.5799788046861,0,0.0,0.0419402399898416,4,0,0,2,1,1,-3.66794281013426,0,0,0,0,0,0,0,0,0,0,,0,,,,,0,-1.28,-1.28
2001,REG,00-0005903,,Jammi German,WR,WR,,4,CLE,0,0,0,0,0,0,0,0,0,0,0,0,,0,,,0,0,0,0,0,0,,0,7,9,65,0,0,0,0,0,4,2.72209951351397,0,0.0,0.0731707317073171,,,0,6.5,13.5
2001,REG,00-0005932,,Damon Gibson,WR,WR,,3,JAX,0,0,0,0,0,0,0,0,0,0,0,0,,0,,,2,19,0,0,0,1,0.907124890829436,0,2,3,13,0,0,0,0,0,0,-0.819922436028719,0,0.0,0.0333333333333333,,,0,3.2,5.2
2001,REG,00-0006043,,Terry Glenn,WR,WR,,3,NE,0,0,0,0,0,0,0,0,0,0,0,0,,0,,,0,0,0,0,0,0,,0,14,24,204,1,0,0,0,0,11,3.54091910957682,0,0.0,0.208695652173913,,,0,26.4,40.4
2001,REG,00-0006101,,Tony Gonzalez,TE,TE,,16,KC,1,1,40,0,0,0,0,0,0,0,0,1,2.65599418559577,0,0.0,,1,9,0,0,0,0,0.83168496703729,0,73,118,917,6,0,0,0,0,49,32.7363146943542,1,0.0,0.229126213592233,,,0,132.2,205.2
2001,REG,00-0006133,,Hunter Goodwin,TE,TE,,6,MIA,0,0,0,0,0,0,0,0,0,0,0,0,,0,,,0,0,0,0,0,0,,0,4,10,27,0,0,0,0,0,0,-1.50660833669826,0,0.0,0.0564971751412429,,,0,2.7,6.7
2001,REG,00-0006208,,Jay Graham,RB,RB,,4,SEA,0,0,0,0,0,0,0,0,0,0,0,0,,0,,,12,43,0,0,0,4,-1.53947786963545,0,1,1,6,0,0,0,0,0,0,0.246053284732625,0,0.0,0.0434782608695652,,,0,4.9,5.9
2001,REG,00-0006210,,Jeff Graham,WR,WR,,14,LAC,0,0,0,0,0,0,0,0,0,0,0,0,,0,,,0,0,0,0,0,0,,0,52,110,811,5,1,1,0,0,41,30.9195577649736,0,0.0,0.238611713665944,,,0,109.1,161.1
2001,REG,00-0006212,,Kent Graham,QB,QB,,2,WAS,13,19,131,2,0,2,16,0,0,0,0,9,7.11895736301085,0,0.0,0.0868167520024898,7,-7,0,2,0,0,-5.01150199717356,0,0,0,0,0,0,0,0,0,0,,0,,,,,0,12.54,12.54
2001,REG,00-0006223,,Martin Gramatica,K,SPEC,,1,TB,0,1,0,0,0,0,0,0,0,0,0,0,-2.84100969042629,0,,,0,0,0,0,0,0,,0,0,0,0,0,0,0,0,0,0,,0,,,,,0,0.0,0.0
2001,REG,00-0006300,,Elvis Grbac,QB,QB,,14,BAL,265,467,3033,15,18,28,215,6,4,0,0,149,-36.5161650051201,0,0.0,0.0400012382035678,21,18,1,3,1,2,-17.0104191333376,0,0,0,0,0,0,0,0,0,0,,0,,,,,0,143.12,143.12
2001,REG,00-0006305,,Ahman Green,RB,RB,,16,GB,0,0,0,0,0,0,0,0,0,0,0,0,,0,,,304,1387,9,5,4,57,-15.6986462926703,0,62,82,594,2,0,0,0,0,24,10.2022932074877,0,0.0,0.163021868787276,,,0,256.1,318.1
2001,REG,00-0006331,,Jacquez Green,WR,WR,,12,TB,0,0,0,0,0,0,0,0,0,0,0,0,,0,,,0,0,0,0,0,0,,0,36,59,402,1,0,0,0,0,25,10.399642976375,0,0.0,0.136574074074074,,,0,46.2,82.2
2001,REG,00-0006355,,Trent Green,QB,QB,,16,KC,296,523,3783,17,24,39,198,6,0,0,0,176,-7.79657193524726,2,0.0,0.0441379292687981,35,158,0,5,3,8,-11.0409550307936,1,1,1,1,0,0,0,0,0,0,-1.20427344320342,0,0.0,0.0277777777777778,,,0,187.22,188.22
2001,REG,00-0006423,,Brian Griese,QB,QB,,15,DEN,275,451,2827,23,19,38,241,4,0,0,0,150,-18.203275171379,2,0.0,0.0436581328030788,50,173,1,3,1,15,-8.78416389006057,0,1,1,-6,0,0,0,0,0,0,-1.40126125421375,0,0.0,0.0384615384615385,,,0,191.78,192.78
2001,REG,00-0006516,,Mike Gruttadauria,C,OL,,1,ARI,0,0,0,0,0,0,0,0,0,0,0,0,,0,,,1,1,0,1,0,0,-0.378322221455164,0,0,0,0,0,0,0,0,0,0,,0,,,,,0,0.1,0.1
2001,REG,00-0006627,,Az-Zahir Hakim,WR,WR,,15,LA,1,1,51,1,0,0,0,0,0,0,0,1,4.19937861361541,0,0.0,,11,50,0,2,0,2,4.30456514725571,0,39,53,374,3,2,1,0,0,21,13.0228493493286,0,0.0,0.10515873015873,,,0,64.44,103.44
2001,REG,00-0006666,,Lamont Hall,TE,TE,,2,NO,0,0,0,0,0,0,0,0,0,0,0,0,,0,,,0,0,0,0,0,0,,0,2,2,15,0,1,1,0,0,1,-3.02006048022304,0,0.0,0.0357142857142857,,,0,-0.5,1.5
2001,REG,00-0006799,,Chris Hanson,P,SPEC,,2,JAX,0,0,0,0,0,0,0,0,0,0,0,0,,0,,,2,0,0,1,0,0,-8.83648590743542,0,0,0,0,0,0,0,0,0,0,,0,,,,,0,0.0,0.0
2001,REG,00-0006804,,Patrick Hape,TE,TE,,11,DEN,0,0,0,0,0,0,0,0,0,0,0,0,,0,,,2,0,0,0,0,0,-4.19119522743858,0,15,19,96,3,0,0,0,0,7,2.09113813005388,0,0.0,0.0555555555555556,,,0,27.6,42.6
2001,REG,00-0006848,,Terry Hardy,TE,TE,,7,ARI,0,0,0,0,0,0,0,0,0,0,0,0,,0,,,0,0,0,0,0,0,,0,11,22,79,2,1,0,0,0,6,-2.24935660383198,0,0.0,0.0960698689956332,,,0,19.9,30.9
2001,REG,00-0006930,,Derrick Harris,RB,RB,,2,LAC,0,0,0,0,0,0,0,0,0,0,0,0,,0,,,0,0,0,0,0,0,,0,1,3,7,0,0,0,0,0,0,-0.678611536393873,0,0.0,0.0428571428571429,,,0,0.7,1.7
2001,REG,00-0006949,,Jackie Harris,TE,TE,,12,DAL,0,0,0,0,0,0,0,0,0,0,0,0,,0,,,0,0,0,0,0,0,,0,15,25,141,2,0,0,0,0,7,5.54953108380957,0,0.0,0.0874125874125874,,,0,26.1,41.1
2001,REG,00-0007024,,Marvin Harrison,WR,WR,,16,IND,0,0,0,0,0,0,0,0,0,0,0,0,,0,,,1,3,0,0,0,0,-0.364265620242804,0,109,164,1524,15,0,0,0,0,75,64.8013938670447,0,0.0,0.302025782688766,,,0,242.7,351.7
2001,REG,00-0007091,,Matt Hasselbeck,QB,QB,"https://static.www.nfl.com/image/private/f_auto,q_auto/league/t1nf9avoy2kauqwrvzza",13,SEA,176,321,2023,7,8,38,251,3,2,0,0,92,-22.6932245733148,0,0.0,0.0402417580281387,40,141,0,3,0,13,3.08973406757314,0,0,0,0,0,0,0,0,0,0,,0,,,,,0,103.02,103.02
2001,REG,00-0007103,,Matt Hatchette,WR,WR,,6,NYJ,0,0,0,0,0,0,0,0,0,0,0,0,,0,,,0,0,0,0,0,0,,0,2,15,44,0,0,0,0,0,2,-7.85605125932489,0,0.0,0.0903614457831325,,,0,4.4,6.4
2001,REG,00-0007143,,Chris Hayes,DB,DB,,1,NYJ,0,0,0,0,0,0,0,0,0,0,0,0,,0,,,0,0,0,0,0,0,,0,0,0,0,0,0,0,0,0,0,,0,,,,,1,6.0,6.0
2001,REG,00-0007144,,Donald Hayes,WR,WR,,16,CAR,0,0,0,0,0,0,0,0,0,0,0,0,,0,,,0,0,0,0,0,0,,0,52,105,597,2,1,0,0,0,33,-13.2360949002784,0,0.0,0.184859154929577,,,0,71.7,123.7
2001,REG,00-0007180,,Garrison Hearst,RB,RB,,16,SF,0,0,0,0,0,0,0,0,0,0,0,0,,0,,,252,1206,4,0,0,53,17.3569445467572,0,41,55,347,1,1,1,0,0,15,0.475441549401958,0,0.0,0.110441767068273,,,0,183.3,224.3
2001,REG,00-0007213,,Steve Heiden,TE,TE,"https://static.www.nfl.com/image/private/f_auto,q_auto/league/gbtrxatwcauhazpjejcr",9,LAC,0,0,0,0,0,0,0,0,0,0,0,0,,0,,,0,0,0,0,0,0,,0,8,13,55,1,0,0,0,0,4,2.6937851528055,0,0.0,0.0437710437710438,,,0,11.5,19.5
2001,REG,00-0007254,,William Henderson,FB,RB,,13,GB,0,0,0,0,0,0,0,0,0,0,0,0,,0,,,6,11,0,0,0,2,-0.103601993187832,0,21,28,193,0,0,0,0,0,8,2.599998665845,0,0.0,0.0721649484536082,,,0,20.4,41.4
2001,REG,00-0007308,,Craig Hentrich,P,SPEC,,2,TEN,0,2,0,0,1,0,0,0,0,0,0,0,-2.68094815649965,0,,,0,0,0,0,0,0,,0,0,0,0,0,0,0,0,0,0,,0,,,,,0,-2.0,-2.0
2001,REG,00-0007357,,Chris Hetherington,FB,RB,,8,CAR,0,0,0,0,0,0,0,0,0,0,0,0,,0,,,5,12,0,0,0,1,0.0941567831905559,0,23,35,124,0,0,0,0,0,1,-19.2407134474488,0,0.0,0.130111524163569,,,0,13.6,36.6
2001,REG,00-0007389,,Skip Hicks,RB,RB,,9,TEN,0,0,0,0,0,0,0,0,0,0,0,0,,0,,,56,341,1,0,0,11,2.86379228935105,0,5,6,22,0,0,0,0,0,1,-1.16628675101648,0,0.0,0.0631578947368421,,,0,42.3,47.3
2001,REG,00-0007468,,Ike Hilliard,WR,WR,,14,NYG,0,0,0,0,0,0,0,0,0,0,0,0,,0,,,1,21,0,0,0,1,2.0091943728039,0,52,88,659,6,0,0,0,0,35,34.490370658713,0,0.0,0.179226069246436,,,0,104.0,156.0
2001,REG,00-0007546,,James Hodgins,RB,RB,,7,LA,0,0,0,0,0,0,0,0,0,0,0,0,,0,,,2,5,0,0,0,0,-0.515684546029661,0,4,7,24,1,0,0,0,0,2,-3.10629326512571,0,0.0,0.04,,,0,8.9,12.9
2001,REG,00-0007576,,Kelly Holcomb,QB,QB,,1,CLE,7,12,114,1,0,0,0,0,0,0,0,5,7.52892150275875,0,0.0,0.193931294773691,1,0,0,0,0,0,-2.72640904755099,0,0,0,0,0,0,0,0,0,0,,0,,,,,0,8.56,8.56
2001,REG,00-0007579,,Robert Holcombe,FB,RB,,5,LA,0,0,0,0,0,0,0,0,0,0,0,0,,0,,,13,42,1,1,1,5,-4.35387257614639,0,1,1,14,0,0,0,0,0,1,0.803790400736034,0,0.0,0.0208333333333333,,,0,9.6,10.6
2001,REG,00-0007661,,Priest Holmes,RB,RB,,16,KC,0,0,0,0,0,0,0,0,0,0,0,0,,0,,,327,1555,8,2,1,80,17.9125769850162,0,62,75,614,2,2,1,0,0,21,11.397718930725,0,0.0,0.145631067961165,,,0,272.9,334.9
2001,REG,00-0007681,,Torry Holt,WR,WR,,16,LA,0,0,0,0,0,0,0,0,0,0,0,0,,0,,,2,0,0,0,0,0,-1.49210112751462,0,81,133,1363,7,2,0,0,0,58,64.4939720566228,0,0.0,0.244036697247706,,,0,178.3,259.3
2001,REG,00-0007744,,Joe Horn,WR,WR,,16,NO,0,1,0,0,0,0,0,0,0,0,0,0,-0.490485729184002,0,,,1,4,0,0,0,0,0.0879263438982889,0,83,156,1265,9,1,1,0,0,59,42.4205763724836,0,0.0,0.287292817679558,,,0,178.9,261.9
2001,REG,00-0007798,,Desmond Howard,WR,WR,,9,DET,0,0,0,0,0,0,0,0,0,0,0,0,,0,,,5,25,0,0,0,1,-0.248417815600988,0,10,14,133,1,0,0,0,0,5,9.69116930037853,0,0.0,0.0468227424749164,,,0,21.8,31.8
2001,REG,00-0007834,,Brock Huard,QB,QB,,1,SEA,9,17,127,1,0,1,5,0,0,0,0,6,4.38615458382992,0,0.0,0.139468633029941,1,11,0,0,0,1,0.43556790339062,0,0,0,0,0,0,0,0,0,0,,0,,,,,0,10.18,10.18
2001,REG,00-0007969,,Richard Huntley,RB,RB,,13,CAR,0,1,0,0,0,1,0,1,1,0,0,0,-4.34294413856696,0,,,165,665,2,2,1,29,-26.1651591767212,0,21,32,101,1,0,0,0,0,3,-7.13920645794783,0,0.0,0.0784313725490196,,,0,90.6,111.6
2001,REG,00-0008059,,Qadry Ismail,WR,WR,,16,BAL,0,0,0,0,0,0,0,0,0,0,0,0,,0,,,0,0,0,0,0,0,,0,74,134,1059,7,1,1,0,0,50,30.7561764567916,1,0.0,0.24860853432282,,,0,147.9,221.9
2001,REG,00-0008060,,Raghib Ismail,WR,WR,,14,DAL,0,0,0,0,0,0,0,0,0,0,0,0,,0,,,8,31,0,0,0,2,-3.1159779560985,0,53,93,834,2,0,0,0,0,30,20.8517063754186,0,0.0,0.271929824561404,,,0,98.5,151.5
2001,REG,00-0008178,,Raymond Jackson,DB,DB,,1,CLE,0,0,0,0,0,0,0,0,0,0,0,0,,0,,,0,0,0,0,0,0,,0,0,1,0,0,0,0,0,0,0,-0.624439597595483,0,,0.0384615384615385,,,0,0.0,0.0
2001,REG,00-0008190,,Sheldon Jackson,TE,TE,,5,BUF,0,0,0,0,0,0,0,0,0,0,0,0,,0,,,0,0,0,0,0,0,,0,1,5,1,1,0,0,0,0,1,-3.13542709205705,0,0.0,0.0289017341040462,,,0,6.1,7.1
2001,REG,00-0008196,,Terry Jackson,RB,RB,,12,SF,0,0,0,0,0,0,0,0,0,0,0,0,,0,,,22,138,1,1,1,9,2.07030798058258,0,12,14,91,2,0,0,0,0,5,9.13059977944772,0,0.0,0.0522388059701493,,,0,38.9,50.9
2001,REG,00-0008210,,Willie Jackson,WR,WR,,16,NO,0,0,0,0,0,0,0,0,0,0,0,0,,0,,,0,0,0,0,0,0,,0,81,135,1046,5,0,0,0,0,54,33.72551385215,1,0.0,0.248618784530387,,,0,136.6,217.6
2001,REG,00-0008241,,Edgerrin James,RB,RB,,6,IND,0,0,0,0,0,0,0,0,0,0,0,0,,0,,,151,662,3,2,1,40,0.484943455558344,0,24,29,193,0,1,1,0,0,9,1.23346232576296,1,0.0,0.140776699029126,,,0,101.5,125.5
2001,REG,00-0008300,,Patrick Jeffers,WR,WR,,8,CAR,0,0,0,0,0,0,0,0,0,0,0,0,,0,,,0,0,0,0,0,0,,0,14,33,127,0,0,0,0,0,7,-12.9402975734466,0,0.0,0.108552631578947,,,0,12.7,26.7
2001,REG,00-0008313,,Shawn Jefferson,WR,WR,,14,ATL,0,0,0,0,0,0,0,0,0,0,0,0,,0,,,0,0,0,0,0,0,,0,37,65,539,2,0,0,0,0,27,15.8110228656899,1,0.0,0.152941176470588,,,0,67.9,104.9
2001,REG,00-0008357,,MarTay Jenkins,WR,WR,,13,ARI,0,0,0,0,0,0,0,0,0,0,0,0,,0,,,3,4,0,0,0,1,-0.757911367400084,0,32,54,518,3,0,0,0,0,25,24.9090804432472,0,0.0,0.123569794050343,,,0,70.2,102.2
2001,REG,00-0008391,,Travis Jervey,RB,RB,,1,ATL,0,0,0,0,0,0,0,0,0,0,0,0,,0,,,3,6,0,0,0,0,-1.3916937460308,0,0,0,0,0,0,0,0,0,0,,0,,,,,0,0.6,0.6
2001,REG,00-0008400,,James Jett,WR,WR,,2,LV,0,0,0,0,0,0,0,0,0,0,0,0,,0,,,0,0,0,0,0,0,,0,2,3,19,0,0,0,0,0,0,-1.58111040113727,0,0.0,0.0379746835443038,,,0,1.9,3.9
2001,REG,00-0008401,,John Jett,P,SPEC,,1,DET,0,0,0,0,0,0,0,0,0,0,0,0,,0,,,1,0,0,0,0,0,-2.9512163347099,0,0,0,0,0,0,0,0,0,0,,0,,,,,0,0.0,0.0
2001,REG,00-0008442,,Brad Johnson,QB,QB,,16,TB,340,559,3406,13,11,44,269,3,2,0,0,179,9.69782874897532,2,0.0,0.0655492804070873,39,120,3,1,0,19,13.3426349300207,0,0,0,0,0,0,0,0,0,0,,0,,,,,0,196.24,196.24
2001,REG,00-0008454,,Charles Johnson,WR,WR,,11,NE,0,0,0,0,0,0,0,0,0,0,0,0,,0,,,0,0,0,0,0,0,,0,14,25,111,1,0,0,0,0,6,-2.34585092139378,0,0.0,0.0793650793650794,,,0,17.1,31.1
2001,REG,00-0008529,,J.J. Johnson,RB,RB,,4,MIA,0,0,0,0,0,0,0,0,0,0,0,0,,0,,,5,22,0,0,0,0,-1.59388107253916,0,4,6,21,0,0,0,0,0,2,-2.93682247563265,0,0.0,0.0594059405940594,,,0,4.3,8.3
2001,REG,00-0008560,,Kevin Johnson,WR,WR,,16,CLE,0,0,0,0,0,0,0,0,0,0,0,0,,0,,,0,0,0,0,0,0,,0,84,129,1097,9,2,0,0,0,54,49.1406307269223,0,0.0,0.281045751633987,,,0,163.7,247.7
2001,REG,00-0008561,,Keyshawn Johnson,WR,WR,,15,TB,0,0,0,0,0,0,0,0,0,0,0,0,,0,,,0,0,0,0,0,0,,0,106,180,1266,1,2,1,0,0,67,32.2807384602291,0,0.0,0.326678765880218,,,0,130.6,236.6
2001,REG,00-0008566,,Lee Johnson,P,SPEC,,1,NE,0,0,0,0,0,0,0,0,0,0,0,0,,0,,,1,-19,0,1,1,0,-5.86971118533984,0,0,0,0,0,0,0,0,0,0,,0,,,,,0,-3.9,-3.9
2001,REG,00-0008568,,Leon Johnson,RB,RB,,8,CHI,1,1,18,0,0,0,0,0,0,0,0,1,1.00347307487391,0,0.0,,20,99,4,0,0,10,2.15916250477312,0,1,2,0,0,0,0,0,0,0,-1.23037573159672,0,,0.0666666666666667,,,0,34.62,35.62
2001,REG,00-0008598,,Pat Johnson,WR,WR,,3,BAL,0,0,0,0,0,0,0,0,0,0,0,0,,0,,,0,0,0,0,0,0,,0,5,12,57,1,0,0,0,0,4,-2.68161806065473,0,0.0,0.1,,,0,11.7,16.7
2001,REG,00-0008612,,Rob Johnson,QB,QB,,8,BUF,134,216,1465,5,7,31,196,5,4,0,0,70,-36.7242270728569,0,0.0,0.0264441240507158,36,241,1,1,0,12,8.96079523192052,0,0,0,0,0,0,0,0,0,0,,0,,,,,0,86.7,86.7
2001,REG,00-0008723,,Damon Jones,TE,TE,,6,JAX,0,0,0,0,0,0,0,0,0,0,0,0,,0,,,0,0,0,0,0,0,,0,8,13,140,1,1,1,0,0,7,-12.2718479215982,0,0.0,0.0698924731182796,,,0,18.0,26.0
2001,REG,00-0008749,,Freddie Jones,TE,TE,,14,LAC,0,0,0,0,0,0,0,0,0,0,0,0,,0,,,0,0,0,0,0,0,,0,35,60,388,4,0,0,0,0,23,8.87710555467668,0,0.0,0.127659574468085,,,0,62.8,97.8
2001,REG,00-0008841,,Reggie Jones,WR,WR,,4,LAC,0,0,0,0,0,0,0,0,0,0,0,0,,0,,,0,0,0,0,0,0,,0,5,9,29,0,0,0,0,0,0,-3.33499116331376,0,0.0,0.0638297872340426,,,0,2.9,7.9
2001,REG,00-0008903,,Andrew Jordan,TE,TE,,6,MIN,0,0,0,0,0,0,0,0,0,0,0,0,,0,,,0,0,0,0,0,0,,0,3,7,11,1,0,0,0,0,1,-1.45121078746161,0,0.0,0.0325581395348837,,,0,7.1,10.1
2001,REG,00-0008921,,Randy Jordan,RB,RB,,12,LV,0,0,0,0,0,0,0,0,0,0,0,0,,0,,,13,59,0,0,0,1,-1.58971120341448,0,9,15,63,0,0,0,0,0,1,-4.702868439832,0,0.0,0.0443786982248521,,,0,12.2,21.2
2001,REG,00-0008941,,Kerry Joseph,DB,DB,,1,SEA,0,0,0,0,0,0,0,0,0,0,0,0,,0,,,0,0,0,0,0,0,,0,0,1,0,0,0,0,0,0,0,-1.75364067405462,0,,0.0384615384615385,,,0,0.0,0.0
2001,REG,00-0008962,,Joe Jurevicius,WR,WR,,14,NYG,0,0,0,0,0,0,0,0,0,0,0,0,,0,,,0,0,0,0,0,0,,0,51,92,706,3,0,0,0,0,36,22.5091276628346,0,0.0,0.18436873747495,,,0,88.6,139.6
2001,REG,00-0009119,,Reggie Kelly,TE,TE,,13,ATL,0,0,0,0,0,0,0,0,0,0,0,0,,0,,,0,0,0,0,0,0,,0,16,29,142,0,0,0,0,0,5,-3.18063936871476,0,0.0,0.0785907859078591,,,0,14.2,30.2
2001,REG,00-0009163,,Eddie Kennison,WR,WR,,12,KC,0,0,0,0,0,0,0,0,0,0,0,0,,0,,,5,22,0,0,0,2,-1.56723007548135,0,31,50,491,1,1,0,0,0,17,20.2034854232029,1,0.0,0.132978723404255,,,0,59.3,90.3
2001,REG,00-0009266,,Shaun King,QB,QB,,3,TB,21,31,210,0,1,3,29,0,0,0,0,10,-1.94603994483616,0,0.0,0.0253969765026052,5,-12,0,0,0,0,-7.35942296043504,1,0,0,0,0,0,0,0,0,0,,0,,,,,0,7.2,7.2
2001,REG,00-0009288,,Terry Kirby,RB,RB,,8,LV,0,0,0,0,0,0,0,0,0,0,0,0,,0,,,10,49,0,0,0,4,0.678112827881705,0,9,9,62,0,0,0,0,0,1,1.01553229173298,0,0.0,0.037037037037037,,,1,17.1,26.1
2001,REG,00-0009311,,Jon Kitna,QB,QB,,16,CIN,313,581,3216,12,22,25,185,7,2,0,0,171,-35.7605821497298,1,0.0,0.0316601705524618,27,73,1,6,2,6,-8.63459459095611,0,0,0,0,0,0,0,0,0,0,,0,,,,,0,139.94,139.94
2001,REG,00-0009323,,Jimmy Kleinsasser,TE,TE,,11,MIN,0,0,0,0,0,0,0,0,0,0,0,0,,0,,,23,72,1,1,1,6,-5.07421092240838,0,24,28,184,0,1,1,0,0,8,0.738101663650014,0,0.0,0.0897435897435897,,,0,27.6,51.6
2001,REG,00-0009417,,Rob Konrad,FB,RB,,7,MIA,0,0,0,0,0,0,0,0,0,0,0,0,,0,,,5,22,1,0,0,2,3.5067857101094,0,5,13,52,1,0,0,0,0,3,-12.9705726872198,0,0.0,0.0640394088669951,,,0,19.4,24.4
2001,REG,00-0009443,,Brian Kozlowski,TE,TE,,9,ATL,0,0,0,0,0,0,0,0,0,0,0,0,,0,,,0,0,0,0,0,0,,0,15,22,270,1,0,0,0,0,11,17.8666541682906,0,0.0,0.0833333333333333,,,0,33.0,48.0
2001,REG,00-0009715,,Ryan Leaf,QB,QB,,4,DAL,45,88,494,1,3,12,82,2,1,0,0,24,-30.3631644519105,0,0.0,0.0264482716877588,4,-7,0,2,1,0,-7.22095735514271,0,0,0,0,0,0,0,0,0,0,,0,,,,,0,13.06,13.06
2001,REG,00-0009829,,Dorsey Levens,RB,RB,,15,GB,0,0,0,0,0,0,0,0,0,0,0,0,,0,,,44,165,0,0,0,6,-10.1780503167608,0,24,35,159,1,0,0,0,0,7,-6.64802801464891,0,0.0,0.0799086757990868,,,0,38.4,62.4
2001,REG,00-0009842,,Chad Lewis,TE,TE,,15,PHI,0,0,0,0,0,0,0,0,0,0,0,0,,0,,,0,0,0,0,0,0,,0,41,68,422,6,1,1,0,0,20,3.97961049904531,0,0.0,0.140786749482402,,,0,76.2,117.2
2001,REG,00-0009869,,Jermaine Lewis,WR,WR,,8,BAL,0,0,0,0,0,0,0,0,0,0,0,0,,0,,,9,33,0,1,1,1,-4.2725417734473,0,4,5,32,0,0,0,0,0,3,2.07155163702555,0,0.0,0.0264550264550265,,,0,4.5,8.5
2001,REG,00-0010007,,Kevin Lockett,WR,WR,,14,WAS,1,1,31,1,0,0,0,0,0,0,0,1,3.17686730623245,0,0.0,,0,0,0,0,0,0,,0,22,41,293,0,1,1,0,0,16,-1.22989438369405,0,0.0,0.108753315649867,,,0,32.54,54.54
2001,REG,00-0010137,,Ray Lucas,QB,QB,,7,MIA,2,3,45,0,0,0,0,0,0,0,0,2,2.94380410050508,0,0.0,,8,6,1,0,0,4,-1.61525184281975,0,0,0,0,0,0,0,0,0,0,,0,,,,,0,8.4,8.4
2001,REG,00-0010146,,Mike Lucky,TE,TE,,10,DAL,0,0,0,0,0,0,0,0,0,0,0,0,,0,,,0,0,0,0,0,0,,0,13,21,96,1,0,0,0,0,7,-6.1117708220263,0,0.0,0.0836653386454183,,,0,15.6,28.6
2001,REG,00-0010206,,Matt Lytle,QB,QB,,3,CAR,17,30,133,1,3,3,24,0,0,0,0,5,-19.9556118580267,0,0.0,0.0409059149651159,2,8,0,0,0,0,-0.195138842798769,0,0,0,0,0,0,0,0,0,0,,0,,,,,0,4.12,4.12
2001,REG,00-0010240,,Stacey Mack,RB,RB,,16,JAX,0,0,0,0,0,0,0,0,0,0,0,0,,0,,,213,877,9,2,1,48,-93.8626575660368,0,23,34,165,1,1,0,0,0,6,-16.462598587602,0,0.0,0.0760626398210291,,,0,162.2,185.2
2001,REG,00-0010261,,Tommy Maddox,QB,QB,,3,PIT,7,9,154,1,1,1,4,0,0,0,0,4,5.61323367332807,0,0.0,0.136942044591529,6,9,1,1,0,1,-0.547051870205905,0,0,0,0,0,0,0,0,0,0,,0,,,,,0,15.06,15.06
2001,REG,00-0010292,,Joel Makovicka,FB,RB,,14,ARI,0,0,0,0,0,0,0,0,0,0,0,0,,0,,,1,19,0,0,0,1,1.55152455368079,0,16,28,95,1,1,1,0,0,4,-5.35141837043921,0,0.0,0.0677966101694915,,,0,15.4,31.4
2001,REG,00-0010333,,Kris Mangum,TE,TE,,9,CAR,0,0,0,0,0,0,0,0,0,0,0,0,,0,,,0,0,0,0,0,0,,0,15,27,89,2,0,0,0,0,8,0.170353952387813,0,0.0,0.0828220858895705,,,0,20.9,35.9
2001,REG,00-0010346,,Peyton Manning,QB,QB,"https://static.www.nfl.com/image/private/f_auto,q_auto/league/xpcd6auodk3w0vda6jal",16,IND,343,547,4131,26,23,29,232,4,2,0,0,201,23.4818851535418,2,0.0,0.0829065912709811,35,157,4,3,1,9,3.62179865661837,0,0,0,0,0,0,0,0,0,0,,0,,,,,0,260.94,260.94
2001,REG,00-0010373,,Olindo Mare,K,SPEC,,1,MIA,0,0,0,0,0,0,0,0,0,0,0,0,,0,,,1,-5,0,0,0,0,-3.00390238955151,0,0,0,0,0,0,0,0,0,0,,0,,,,,0,-0.5,-0.5
2001,REG,00-0010436,,Cecil Martin,RB,RB,,15,PHI,0,0,0,0,0,0,0,0,0,0,0,0,,0,,,9,27,0,0,0,0,-2.52801568392897,0,24,34,124,2,0,0,0,0,6,-4.53286012315998,0,0.0,0.0743982494529541,,,0,27.1,51.1
2001,REG,00-0010442,,Curtis Martin,RB,RB,,16,NYJ,1,1,18,1,0,0,0,0,0,0,0,1,2.92219523410313,0,0.0,,333,1513,10,2,2,78,-14.0355270211792,0,53,63,320,0,0,0,0,0,13,-5.03937975686379,0,0.0,0.147540983606557,,,0,244.02,297.02
2001,REG,00-0010455,,Jamie Martin,QB,QB,,3,LA,3,3,22,0,0,2,7,0,0,0,0,2,0.403028697241098,0,0.0,,8,-9,0,0,0,0,-4.16010225057835,0,0,0,0,0,0,0,0,0,0,,0,,,,,0,-0.0200000000000001,-0.0200000000000001
2001,REG,00-0010477,,Tony Martin,WR,WR,,11,ATL,0,0,0,0,0,0,0,0,0,0,0,0,,0,,,0,0,0,0,0,0,,0,37,77,548,3,0,0,0,0,29,6.62659508306914,0,0.0,0.229166666666667,,,0,72.8,109.8
2001,REG,00-0010500,,Derrick Mason,WR,WR,,15,TEN,0,0,0,0,0,0,0,0,0,0,0,0,,0,,,0,0,0,0,0,0,,0,73,113,1128,9,0,0,0,0,50,50.7175526030285,1,0.0,0.235416666666667,,,1,174.8,247.8
2001,REG,00-0010539,,Terance Mathis,WR,WR,,16,ATL,0,0,0,0,0,0,0,0,0,0,0,0,,0,,,0,0,0,0,0,0,,0,51,105,564,2,0,0,0,0,34,-6.07647870761338,0,0.0,0.21875,,,0,68.4,119.4
2001,REG,00-0010560,,Shane Matthews,QB,QB,,4,CHI,84,129,694,5,6,6,48,3,1,0,0,44,-10.2026795812304,0,0.0,0.0538055692549951,4,5,0,1,0,1,-0.580913721350953,0,0,0,0,0,0,0,0,0,0,,0,,,,,0,34.26,34.26
2001,REG,00-0010609,,Brad Maynard,P,SPEC,,1,CHI,1,1,27,1,0,0,0,0,0,0,0,1,5.42316303250846,0,0.0,,1,-10,0,0,0,0,-1.36996015044861,0,0,0,0,0,0,0,0,0,0,,0,,,,,0,4.08,4.08
2001,REG,00-0010632,,Fred McAfee,RB,RB,,1,NO,0,0,0,0,0,0,0,0,0,0,0,0,,0,,,1,2,0,0,0,0,-0.426861321553588,0,0,0,0,0,0,0,0,0,0,,0,,,,,0,0.2,0.2
2001,REG,00-0010650,,Ed McCaffrey,WR,WR,,1,DEN,0,0,0,0,0,0,0,0,0,0,0,0,,0,,,0,0,0,0,0,0,,0,6,7,94,1,0,0,0,0,3,6.64487014300296,0,0.0,0.241379310344828,,,0,15.4,21.4
2001,REG,00-0010668,,Keenan McCardell,WR,WR,,16,JAX,0,0,0,0,0,0,0,0,0,0,0,0,,0,,,0,0,0,0,0,0,,0,93,145,1110,6,1,1,0,0,58,11.4616010623611,1,0.0,0.275142314990512,,,0,147.0,240.0
2001,REG,00-0010747,,Fred McCrary,RB,RB,,12,LAC,0,0,0,0,0,0,0,0,0,0,0,0,,0,,,2,3,0,0,0,1,-0.207176227471791,0,13,23,71,0,0,0,0,0,2,-3.53737507888582,0,0.0,0.0539906103286385,,,0,7.4,20.4
2001,REG,00-0010786,,Jeremy McDaniel,WR,WR,,5,BUF,0,0,0,0,0,0,0,0,0,0,0,0,,0,,,0,0,0,0,0,0,,0,11,14,129,0,0,0,0,0,8,4.72379843337694,0,0.0,0.0875,,,0,12.9,23.9
2001,REG,00-0010843,,Wane McGarity,WR,WR,,4,NO,0,0,0,0,0,0,0,0,0,0,0,0,,0,,,0,0,0,0,0,0,,0,7,12,43,1,0,0,0,0,3,0.778144564450486,0,0.0,0.102564102564103,,,0,10.3,17.3
2001,REG,00-0010844,,Scott McGarrahan,DB,DB,,1,MIA,0,0,0,0,0,0,0,0,0,0,0,0,,0,,,0,0,0,0,0,0,,0,0,1,0,0,0,0,0,0,0,-0.728795953560621,0,,0.05,,,0,0.0,0.0
2001,REG,00-0010859,,Tony McGee,TE,TE,,11,CIN,0,0,0,0,0,0,0,0,0,0,0,0,,0,,,0,0,0,0,0,0,,0,14,30,148,1,0,0,0,0,7,0.196976715487877,0,0.0,0.0779220779220779,,,0,20.8,34.8
2001,REG,00-0010892,,Travis McGriff,WR,WR,,2,DEN,0,0,0,0,0,0,0,0,0,0,0,0,,0,,,0,0,0,0,0,0,,0,0,4,0,0,0,0,0,0,0,-2.80943513114004,0,,0.0784313725490196,,,0,0.0,0.0
2001,REG,00-0010951,,Dennis McKinley,RB,RB,,2,ARI,0,0,0,0,0,0,0,0,0,0,0,0,,0,,,1,1,0,0,0,0,-0.378896401030943,0,1,1,10,0,0,0,0,0,1,0.988906686368864,0,0.0,0.0222222222222222,,,0,1.1,2.1
2001,REG,00-0010966,,Steve McKinney,G,OL,,1,IND,0,0,0,0,0,0,0,0,0,0,0,0,,0,,,0,0,0,0,0,0,,0,1,1,5,0,0,0,0,0,0,-0.516661638626829,0,0.0,0.0294117647058824,,,0,0.5,1.5
2001,REG,00-0010974,,James McKnight,WR,WR,,16,MIA,0,0,0,0,0,0,0,0,0,0,0,0,,0,,,6,39,0,0,0,3,1.86822585767368,1,55,90,684,3,3,3,0,0,31,5.04349934938231,0,0.0,0.2,,,0,86.3,141.3
2001,REG,00-0011022,,Donovan McNabb,QB,QB,,15,PHI,285,493,3233,25,12,39,273,6,2,0,0,136,0.15984404760041,0,0.0,0.0603525398264189,82,482,2,2,1,27,7.74209753841864,0,0,0,0,0,0,0,0,0,0,,0,,,,,0,259.52,259.52
2001,REG,00-0011024,,Steve McNair,QB,QB,,15,TEN,264,431,3350,21,12,37,251,1,1,0,0,159,65.5961583806934,3,0.0,0.106141960423557,75,414,5,4,2,31,9.53440394115844,0,0,0,0,0,0,0,0,0,0,,0,,,,,0,265.4,265.4
2001,REG,00-0011151,,Eric Metcalf,WR,WR,,5,WAS,0,0,0,0,0,1,2,0,0,0,0,0,-0.73170028347522,0,,,0,0,0,0,0,0,,0,4,5,19,0,0,0,0,0,0,-0.871332810788559,0,0.0,0.0515463917525773,,,1,7.9,11.9
2001,REG,00-0011213,,Glyn Milburn,WR,WR,,4,CHI,0,0,0,0,0,0,0,0,0,0,0,0,,0,,,3,3,0,0,0,0,-1.65653595258482,0,3,4,9,0,0,0,0,0,0,-3.08201603924225,0,0.0,0.0384615384615385,,,0,1.2,4.2
2001,REG,00-0011224,,Itula Mili,TE,TE,,8,SEA,0,0,0,0,0,0,0,0,0,0,0,0,,0,,,0,0,0,0,0,0,,0,8,12,98,2,0,0,0,0,5,4.55908364651259,0,0.0,0.0524017467248908,,,0,21.8,29.8
2001,REG,00-0011276,,Jim Miller,QB,QB,,14,CHI,228,395,2299,13,10,11,72,3,1,0,0,106,-19.6777482965609,0,0.0,0.0292948058746364,29,-19,0,4,2,5,-24.8755322264226,0,0,0,0,0,0,0,0,0,0,,0,,,,,0,116.06,116.06
2001,REG,00-0011390,,Anthony Mitchell,DB,DB,,1,BAL,0,0,0,0,0,0,0,0,0,0,0,0,,0,,,0,0,0,0,0,0,,0,1,1,-11,0,0,0,0,0,0,-2.71351402212167,0,0.0,0.0357142857142857,,,0,-1.1,-0.1
2001,REG,00-0011399,,Brian Mitchell,RB,RB,,5,PHI,0,0,0,0,0,0,0,0,0,0,0,0,,0,,,7,9,0,0,0,1,-3.87083582347259,0,6,8,122,0,0,0,0,0,3,4.95795381651971,0,0.0,0.0655737704918033,,,1,19.1,25.1
2001,REG,00-0011407,,Donald Mitchell,DB,DB,,2,TEN,0,0,0,0,0,0,0,0,0,0,0,0,,0,,,0,0,0,0,0,0,,0,0,0,0,0,0,0,0,0,0,,0,,,,,2,12.0,12.0
2001,REG,00-0011425,,Pete Mitchell,TE,TE,,3,DET,0,0,0,0,0,0,0,0,0,0,0,0,,0,,,0,0,0,0,0,0,,0,5,5,29,0,0,0,0,0,1,0.13583639881108,0,0.0,0.0442477876106195,,,0,2.9,7.9
2001,REG,00-0011434,,Scott Mitchell,QB,QB,,1,CIN,4,12,38,0,3,2,15,0,0,0,0,2,-17.8073811211507,0,0.0,0.0769885363078474,0,0,0,0,0,0,,0,0,0,0,0,0,0,0,0,0,,0,,,,,0,-4.48,-4.48
2001,REG,00-0011439,,Tywan Mitchell,TE,TE,,13,ARI,0,0,0,0,0,0,0,0,0,0,0,0,,0,,,0,0,0,0,0,0,,0,25,40,196,2,0,0,0,0,11,4.20158389882246,0,0.0,0.0943396226415094,,,0,31.6,56.6
2001,REG,00-0011463,,Chris Mohr,P,SPEC,,2,ATL,2,2,40,0,0,0,0,0,0,0,0,1,2.94681022805162,0,0.0,,0,0,0,0,0,0,,0,0,0,0,0,0,0,0,0,0,,0,,,,,0,1.6,1.6
2001,REG,00-0011488,,Rod Monroe,TE,TE,,1,CLE,0,0,0,0,0,0,0,0,0,0,0,0,,0,,,0,0,0,0,0,0,,0,0,1,0,0,0,0,0,0,0,-0.721219864673913,0,,0.0333333333333333,,,0,0.0,0.0
2001,REG,00-0011551,,Dave Moore,TE,TE,,14,TB,0,0,0,0,0,0,0,0,0,0,0,0,,0,,,0,0,0,0,0,0,,0,35,53,285,4,0,0,0,0,18,15.9043107531321,0,0.0,0.102316602316602,,,0,52.5,87.5
2001,REG,00-0011568,,Herman Moore,WR,WR,,2,DET,0,0,0,0,0,0,0,0,0,0,0,0,,0,,,0,0,0,0,0,0,,0,4,8,76,0,0,0,0,0,3,0.686632447017473,0,0.0,0.10958904109589,,,0,7.6,11.6
2001,REG,00-0011626,,Brian Moorman,P,SPEC,,2,BUF,0,1,0,0,0,0,0,0,0,0,0,0,-0.660845086094923,0,,,1,0,0,0,0,0,-1.38494193961378,0,0,0,0,0,0,0,0,0,0,,0,,,,,0,0.0,0.0
2001,REG,00-0011718,,Harold Morrow,FB,RB,,12,MIN,0,0,0,0,0,0,0,0,0,0,0,0,,0,,,12,67,0,0,0,4,0.971288777247537,0,13,18,142,0,1,0,0,0,7,5.90070330910385,0,0.0,0.058252427184466,,,0,20.9,33.9
2001,REG,00-0011727,,Johnnie Morton,WR,WR,,16,DET,0,0,0,0,0,0,0,0,0,0,0,0,,0,,,1,6,0,0,0,0,0.115985202835873,0,77,144,1154,4,1,1,0,0,58,43.6347200891213,0,0.0,0.245733788395904,,,0,138.0,215.0
2001,REG,00-0011754,,Randy Moss,WR,WR,,16,MIN,1,1,29,0,0,0,0,0,0,0,0,1,1.9833537741797,0,0.0,,3,38,0,0,0,2,4.04044084789348,0,82,153,1233,10,0,0,0,4,60,47.6220028104137,0,0.0,0.282809611829945,,,0,188.26,270.26
2001,REG,00-0011770,,Eric Moulds,WR,WR,,16,BUF,0,0,0,0,0,0,0,0,0,0,0,0,,0,,,3,3,0,0,0,0,-1.28219554206589,0,67,135,904,5,1,1,0,0,42,-0.372145436346795,1,0.0,0.25328330206379,,,0,120.7,187.7
2001,REG,00-0011795,,Muhsin Muhammad,WR,WR,,11,CAR,0,0,0,0,0,0,0,0,0,0,0,0,,0,,,0,0,0,0,0,0,,0,50,93,585,1,2,1,0,0,26,1.31218254866113,0,0.0,0.252032520325203,,,0,62.5,112.5
2001,REG,00-0011958,,Lorenzo Neal,FB,RB,,16,CIN,0,0,0,0,0,0,0,0,0,0,0,0,,0,,,5,10,0,0,0,0,-3.31884567299858,0,19,27,101,1,0,0,0,0,4,-2.07037797300895,0,0.0,0.0507518796992481,,,0,17.1,36.1
2001,REG,00-0012261,,Neil O'Donnell,QB,QB,,5,TEN,42,76,496,2,2,6,58,1,0,0,0,19,-9.19493263055337,0,0.0,0.0245274194396828,6,28,0,0,0,2,-1.227568934788,0,0,0,0,0,0,0,0,0,0,,0,,,,,0,26.64,26.64
2001,REG,00-0012321,,Jeff Ogden,WR,WR,,4,MIA,0,0,0,0,0,0,0,0,0,0,0,0,,0,,,0,0,0,0,0,0,,0,6,8,73,1,0,0,0,0,5,3.73850367957493,0,0.0,0.0677966101694915,,,0,13.3,19.3
2001,REG,00-0012370,,Brock Olivo,RB,RB,,2,DET,0,0,0,0,0,0,0,0,0,0,0,0,,0,,,1,6,0,0,0,1,0.946144608897157,0,0,1,0,0,0,0,0,0,0,-0.70046729571186,0,,0.0256410256410256,,,0,0.6,0.6
2001,REG,00-0012478,,Terrell Owens,WR,WR,,16,SF,0,0,0,0,0,0,0,0,0,0,0,0,,0,,,4,21,0,0,0,1,-0.595886383729521,0,93,155,1412,16,0,0,0,0,70,66.4572339363379,0,0.0,0.311244979919679,,,0,239.3,332.3
2001,REG,00-0012569,,Larry Parker,WR,WR,,9,KC,0,0,0,0,0,0,0,0,0,0,0,0,,0,,,3,6,0,0,0,0,-0.723295292817056,0,15,39,199,2,0,0,0,0,10,-8.42489751188958,0,0.0,0.148854961832061,,,0,32.5,47.5
2001,REG,00-0012637,,Jerome Pathon,WR,WR,,4,IND,0,0,0,0,0,0,0,0,0,0,0,0,,0,,,1,-8,0,0,0,0,-1.31397008267231,0,24,32,330,2,0,0,0,0,11,12.3112367720983,0,0.0,0.238805970149254,,,0,44.2,68.2
2001,REG,00-0012642,,David Patten,WR,WR,,15,NE,1,2,60,1,1,0,0,0,0,0,0,1,2.92261498677544,0,0.0,,5,67,1,0,0,3,5.21733726694947,0,51,93,749,4,1,0,0,0,34,11.5229881754022,0,0.0,0.203947368421053,,,0,116.0,167.0
2001,REG,00-0012726,,Doug Pederson,QB,QB,,1,GB,0,0,0,0,0,0,0,0,0,0,0,0,,0,,,1,-1,0,0,0,0,-0.121851408533985,0,0,0,0,0,0,0,0,0,0,,0,,,,,0,-0.1,-0.1
2001,REG,00-0013013,,Michael Pittman,RB,RB,"https://static.www.nfl.com/image/private/f_auto,q_auto/league/xt52pieoe86wnuy0imar",15,ARI,0,0,0,0,0,0,0,0,0,0,0,0,,0,,,241,846,5,5,2,42,-42.5218106112185,0,42,66,264,0,0,0,0,0,10,-15.2850312785854,0,0.0,0.145054945054945,,,0,137.0,179.0
2001,REG,00-0013028,,Scott Player,P,SPEC,,1,ARI,0,0,0,0,0,0,0,0,0,0,0,0,,0,,,1,0,0,0,0,0,-5.82500896038255,0,0,0,0,0,0,0,0,0,0,,0,,,,,0,0.0,0.0
2001,REG,00-0013042,,Jake Plummer,QB,QB,,16,ARI,304,525,3653,18,14,29,204,2,1,0,0,177,40.2031320331563,0,0.0,0.0734450037939513,35,163,0,6,2,8,-7.41588816990472,1,0,0,0,0,0,0,0,0,0,,0,,,,,0,202.42,202.42
2001,REG,00-0013080,,Marcus Pollard,TE,TE,,16,IND,0,0,0,0,0,0,0,0,0,0,0,0,,0,,,0,0,0,0,0,0,,0,47,73,739,8,0,0,0,0,34,18.4349694819672,0,0.0,0.134438305709024,,,0,121.9,168.9
2001,REG,00-0013097,,Keith Poole,WR,WR,,4,DEN,0,0,0,0,0,0,0,0,0,0,0,0,,0,,,0,0,0,0,0,0,,0,5,10,38,0,0,0,0,0,2,-0.0660991034484058,0,0.0,0.0862068965517242,,,0,3.8,8.8
2001,REG,00-0013232,,Peerless Price,WR,WR,,16,BUF,0,0,0,0,0,0,0,0,0,0,0,0,,0,,,6,97,0,0,0,3,4.7933417763561,0,55,111,895,7,1,0,0,0,37,27.9692800039552,0,0.0,0.208255159474672,,,0,141.2,196.2
2001,REG,00-0013262,,Stanley Pritchett,RB,RB,,1,CHI,0,0,0,0,0,0,0,0,0,0,0,0,,0,,,0,0,0,0,0,0,,0,0,1,0,0,0,0,0,0,0,-0.71439836663194,0,,0.0344827586206897,,,0,0.0,0.0
2001,REG,00-0013268,,Ricky Proehl,WR,WR,,14,LA,0,0,0,0,0,0,0,0,0,0,0,0,,0,,,1,5,0,0,0,1,0.464253685204312,0,40,55,563,5,0,0,0,0,31,22.7239061548445,1,0.0,0.116772823779193,,,0,88.8,128.8
2001,REG,00-0013338,,Jonathan Quinn,QB,QB,,4,JAX,32,61,361,0,1,6,43,3,3,0,0,17,-33.5061205348601,0,0.0,0.0279952237291575,8,42,0,1,0,2,0.0772024663162412,0,0,0,0,0,0,0,0,0,0,,0,,,,,0,10.64,10.64
2001,REG,00-0013422,,Walter Rasby,TE,TE,,12,WAS,0,0,0,0,0,0,0,0,0,0,0,0,,0,,,0,0,0,0,0,0,,0,10,27,128,2,0,0,0,0,7,-0.451785584620666,0,0.0,0.0830769230769231,,,0,24.8,34.8
2001,REG,00-0013467,,Jamie Reader,RB,RB,,4,PHI,0,0,0,0,0,0,0,0,0,0,0,0,,0,,,0,0,0,0,0,0,,0,2,5,14,0,0,0,0,0,1,-1.43268194864504,0,0.0,0.0357142857142857,,,0,1.4,3.4
2001,REG,00-0013512,,Jake Reed,WR,WR,,16,MIN,0,0,0,0,0,0,0,0,0,0,0,0,,0,,,0,0,0,0,0,0,,0,27,53,309,1,0,0,0,0,15,-5.48543553119731,1,0.0,0.0979667282809612,,,0,38.9,65.9
2001,REG,00-0013639,,Jerry Rice,WR,WR,,16,LV,0,0,0,0,0,0,0,0,0,0,0,0,,0,,,0,0,0,0,0,0,,0,83,125,1139,9,1,0,0,0,62,79.6850271853586,0,0.0,0.232342007434944,,,0,167.9,250.9
2001,REG,00-0013682,,Kyle Richardson,P,SPEC,,2,BAL,1,1,-11,0,0,0,0,1,0,0,0,0,-2.71351402212167,0,0.0,,1,0,0,0,0,0,-3.70025987841655,0,0,0,0,0,0,0,0,0,0,,0,,,,,0,-0.44,-0.44
2001,REG,00-0013694,,Tony Richardson,FB,RB,,14,KC,0,0,0,0,0,0,0,0,0,0,0,0,,0,,,66,191,7,0,0,24,4.21738097588424,0,30,40,265,0,0,0,0,0,12,4.59651437889214,0,0.0,0.0943396226415094,,,0,87.6,117.6
2001,REG,00-0013712,,Mikhael Ricks,TE,TE,,11,KC,0,0,0,0,0,0,0,0,0,0,0,0,,0,,,0,0,0,0,0,0,,0,18,30,252,1,0,0,0,0,12,4.70422506275637,0,0.0,0.0847457627118644,,,0,31.2,49.2
2001,REG,00-0013728,,Jay Riemersma,TE,TE,,16,BUF,0,0,0,0,0,0,0,0,0,0,0,0,,0,,,0,0,0,0,0,0,,0,53,78,590,3,0,0,0,0,33,12.9002918477927,0,0.0,0.146341463414634,,,0,77.0,130.0
2001,REG,00-0013773,,Jon Ritchie,FB,RB,,12,LV,0,0,0,0,0,0,0,0,0,0,0,0,,0,,,0,0,0,0,0,0,,0,19,27,154,2,0,0,0,0,5,2.77903760684421,0,0.0,0.0623556581986143,,,0,27.4,46.4
2001,REG,00-0013872,,Jeff Robinson,LS,SPEC,,9,LA,0,0,0,0,0,0,0,0,0,0,0,0,,0,,,0,0,0,0,0,0,,0,11,13,108,1,0,0,0,0,6,6.68169465981191,0,0.0,0.0408805031446541,,,0,16.8,27.8
2001,REG,00-0013888,,Marcus Robinson,WR,WR,,5,CHI,0,0,0,0,0,0,0,0,0,0,0,0,,0,,,0,0,0,0,0,0,,0,23,42,269,2,0,0,0,0,11,-3.68389658411238,0,0.0,0.270967741935484,,,0,38.9,61.9
2001,REG,00-0013958,,Charlie Rogers,RB,RB,,1,SEA,0,0,0,0,0,0,0,0,0,0,0,0,,0,,,0,0,0,0,0,0,,0,1,1,7,0,0,0,0,0,0,-0.114259539637715,0,0.0,0.0454545454545455,,,0,0.7,1.7
2001,REG,00-0014071,,Allen Rossum,DB,DB,,1,GB,0,0,0,0,0,0,0,0,0,0,0,0,,0,,,0,0,0,0,0,0,,0,0,0,0,0,0,0,0,0,0,,0,,,,,1,6.0,6.0
2001,REG,00-0014115,,Mark Royals,P,SPEC,,1,TB,1,1,5,0,0,0,0,0,0,0,0,0,-2.07284872536547,0,0.0,,0,0,0,0,0,0,,0,0,0,0,0,0,0,0,0,0,,0,,,,,0,0.2,0.2
2001,REG,00-0014211,,Rod Rutledge,TE,TE,,6,NE,0,0,0,0,0,0,0,0,0,0,0,0,,0,,,0,0,0,0,0,0,,0,5,8,35,0,0,0,0,0,0,-0.333450020989403,0,0.0,0.0423280423280423,,,0,3.5,8.5
2001,REG,00-0014234,,Mark Rypien,QB,QB,,1,IND,5,9,57,0,0,1,6,0,0,0,0,4,-0.351479650358669,0,0.0,0.0348559013717604,0,0,0,0,0,0,,0,0,0,0,0,0,0,0,0,0,,0,,,,,0,2.28,2.28
2001,REG,00-0014319,,Chris Sanders,WR,WR,,4,TEN,0,0,0,0,0,0,0,0,0,0,0,0,,0,,,0,0,0,0,0,0,,0,5,18,74,0,0,0,0,0,3,-3.06263318427933,0,0.0,0.134328358208955,,,0,7.4,12.4
2001,REG,00-0014328,,Frank Sanders,WR,WR,,15,ARI,0,1,0,0,0,0,0,0,0,0,0,0,-0.405529100447893,0,,,0,0,0,0,0,0,,0,41,76,618,2,1,1,0,0,32,16.6076281578495,0,0.0,0.159329140461216,,,0,71.8,112.8
2001,REG,00-0014350,,O.J. Santiago,TE,TE,,11,CLE,0,0,0,0,0,0,0,0,0,0,0,0,,0,,,0,0,0,0,0,0,,0,17,27,153,2,0,0,0,0,7,-2.47402138180481,0,0.0,0.0870967741935484,,,0,27.3,44.3
2001,REG,00-0014377,,Todd Sauerbrun,P,SPEC,,1,CAR,0,0,0,0,0,0,0,0,0,0,0,0,,0,,,1,0,0,0,0,0,-8.43306526483502,0,0,0,0,0,0,0,0,0,0,,0,,,,,0,0.0,0.0
2001,REG,00-0014450,,Cory Schlesinger,RB,RB,,16,DET,0,0,0,0,0,0,0,0,0,0,0,0,,0,,,47,154,3,0,0,16,4.43599402817199,0,60,85,466,0,1,1,0,0,15,-6.06830120422096,0,0.0,0.145051194539249,,,0,78.0,138.0
2001,REG,00-0014489,,Bill Schroeder,WR,WR,,14,GB,0,0,0,0,0,0,0,0,0,0,0,0,,0,,,1,6,0,0,0,0,0.0570939718745649,0,53,93,918,9,1,0,0,0,42,52.6533404847141,0,0.0,0.210407239819005,,,0,146.4,199.4
2001,REG,00-0014544,,Darnay Scott,WR,WR,,16,CIN,0,0,0,0,0,0,0,0,0,0,0,0,,0,,,0,0,0,0,0,0,,0,57,103,819,2,0,0,0,0,40,25.1921792277418,0,0.0,0.175170068027211,,,0,93.9,150.9
2001,REG,00-0014655,,Mike Sellers,TE,TE,,7,CLE,0,0,0,0,0,0,0,0,0,0,0,0,,0,,,0,0,0,0,0,0,,0,7,13,73,2,0,0,0,0,6,2.89114336058265,0,0.0,0.0695187165775401,,,0,19.3,26.3
2001,REG,00-0014722,,Shannon Sharpe,TE,TE,,16,BAL,0,0,0,0,0,0,0,0,0,0,0,0,,0,,,0,0,0,0,0,0,,0,73,114,811,2,1,1,0,0,43,10.229011483081,0,0.0,0.211502782931354,,,0,91.1,164.1
2001,REG,00-0014729,,Bobby Shaw,WR,WR,,14,PIT,0,0,0,0,0,0,0,0,0,0,0,0,,0,,,0,0,0,0,0,0,,0,24,44,409,2,0,0,0,0,19,20.7788585236127,0,0.0,0.110831234256927,,,0,52.9,76.9
2001,REG,00-0014775,,Daimon Shelton,FB,RB,,12,CHI,0,0,0,0,0,0,0,0,0,0,0,0,,0,,,0,0,0,0,0,0,,0,12,18,76,1,2,1,0,0,3,-6.07856020247531,0,0.0,0.046875,,,0,11.6,23.6
2001,REG,00-0014918,,Tony Simmons,WR,WR,,3,IND,0,0,0,0,0,0,0,0,0,0,0,0,,0,,,0,0,0,0,0,0,,0,2,6,17,0,0,0,0,0,1,-3.45550799271148,0,0.0,0.055045871559633,,,0,1.7,3.7
2001,REG,00-0015048,,David Sloan,TE,TE,,14,DET,0,0,0,0,0,0,0,0,0,0,0,0,,0,,,0,0,0,0,0,0,,0,37,69,409,7,0,0,0,0,24,14.9054271800656,0,0.0,0.131679389312977,,,0,82.9,119.9
2001,REG,00-0015063,,Torrance Small,WR,WR,,2,NE,0,0,0,0,0,0,0,0,0,0,0,0,,0,,,0,0,0,0,0,0,,0,4,7,29,0,0,0,0,0,3,-0.933684670428377,0,0.0,0.148936170212766,,,0,2.9,6.9
2001,REG,00-0015082,,Akili Smith,QB,QB,,2,CIN,5,8,37,0,0,1,3,0,0,0,0,3,2.34477583042462,0,0.0,0.0846222671825968,6,20,0,0,0,1,-1.00478509903769,0,0,0,0,0,0,0,0,0,0,,0,,,,,0,3.48,3.48
2001,REG,00-0015091,,Antowain Smith,RB,RB,,16,NE,0,0,0,0,0,0,0,0,0,0,0,0,,0,,,287,1157,12,4,4,58,-12.3298762374241,0,19,28,192,1,0,0,0,0,6,4.61900674266508,0,0.0,0.0760869565217391,,,0,204.9,223.9
2001,REG,00-0015165,,Emmitt Smith,RB,RB,,14,DAL,0,0,0,0,0,0,0,0,0,0,0,0,,0,,,261,1021,3,1,1,47,-32.8819481611588,0,17,21,116,0,0,0,0,0,6,0.0231493831140939,0,0.0,0.0792452830188679,,,0,129.7,146.7
2001,REG,00-0015218,,Jimmy Smith,WR,WR,,16,JAX,0,0,0,0,0,0,0,0,0,0,0,0,,0,,,1,-3,0,0,0,0,-0.816353206057102,0,112,176,1373,8,1,0,0,0,68,-16.5771165582178,0,0.0,0.333965844402277,,,0,185.0,297.0
2001,REG,00-0015242,,Lamar Smith,RB,RB,,16,MIA,0,0,0,0,0,0,0,0,0,0,0,0,,0,,,313,968,6,4,3,47,-65.1228921062389,0,30,35,234,2,2,2,0,0,8,5.33646348416281,0,0.0,0.0895140664961637,,,0,158.2,188.2
2001,REG,00-0015290,,Rod Smith,WR,WR,,15,DEN,0,0,0,0,0,0,0,0,0,0,0,0,,0,,,3,27,0,0,0,2,2.14234085771022,0,113,172,1343,11,1,0,0,0,75,60.236754062508,1,0.0,0.370689655172414,,,0,205.0,318.0
2001,REG,00-0015420,,Jerald Sowell,FB,RB,,4,NYJ,0,0,0,0,0,0,0,0,0,0,0,0,,0,,,4,9,0,0,0,0,-1.68806734349346,0,1,1,19,0,0,0,0,0,1,1.0003730794997,0,0.0,0.0384615384615385,,,0,2.8,3.8
2001,REG,00-0015523,,Duce Staley,RB,RB,,13,PHI,0,0,0,0,0,0,0,0,0,0,0,0,,0,,,166,604,2,2,1,29,-22.0423771681963,0,63,91,626,2,1,0,0,0,19,9.86114801784315,0,0.0,0.22979797979798,,,0,145.0,208.0
2001,REG,00-0015601,,Aaron Stecker,RB,RB,,7,TB,0,0,0,0,0,0,0,0,0,0,0,0,,0,,,24,72,1,0,0,3,-4.1204530018731,0,10,13,101,1,0,0,0,0,6,1.69693612382036,0,0.0,0.0634146341463415,,,0,29.3,39.3
2001,REG,00-0015698,,James Stewart,RB,RB,,11,DET,0,0,0,0,0,0,0,0,0,0,0,0,,0,,,143,685,1,0,0,23,-21.1351074251967,0,23,26,242,1,0,0,0,0,9,10.1669369590982,0,0.0,0.0973782771535581,,,0,104.7,127.7
2001,REG,00-0015700,,Kordell Stewart,QB,QB,,16,PIT,266,442,3109,14,11,29,175,3,0,0,0,145,57.6211565566235,0,0.0,0.094222321346224,96,537,5,8,2,33,11.3679790909026,0,0,0,0,0,0,0,0,0,0,,0,,,,,0,238.06,238.06
2001,REG,00-0015751,,J.J. Stokes,WR,WR,,16,SF,0,0,0,0,0,0,0,0,0,0,0,0,,0,,,0,0,0,0,0,0,,0,54,90,585,7,0,0,0,0,33,29.4659096797876,0,0.0,0.180722891566265,,,0,100.5,154.5
2001,REG,00-0015754,,Brandon Stokley,WR,WR,,15,BAL,0,0,0,0,0,0,0,0,0,0,0,0,,0,,,1,1,0,1,0,0,-1.16013952127673,0,24,46,344,2,0,0,0,0,16,8.04083397327946,0,0.0,0.0905511811023622,,,0,46.5,70.5
2001,REG,00-0015811,,Tai Streets,WR,WR,,16,SF,0,0,0,0,0,0,0,0,0,0,0,0,,0,,,0,0,0,0,0,0,,0,28,52,345,1,0,0,0,0,20,1.23354101465247,0,0.0,0.104417670682731,,,0,40.5,68.5
2001,REG,00-0015830,,Mack Strong,FB,RB,,14,SEA,0,0,0,0,0,0,0,0,0,0,0,0,,0,,,17,55,0,0,0,10,0.272586872102693,0,17,29,141,0,0,0,0,0,3,-1.86880855675554,0,0.0,0.0767195767195767,,,0,19.6,36.6
2001,REG,00-0015842,,Dan Stryzinski,P,SPEC,,1,KC,0,0,0,0,0,0,0,0,0,0,0,0,,0,,,1,-10,0,0,0,0,2.47242735442705,0,0,0,0,0,0,0,0,0,0,,0,,,,,0,-1.0,-1.0
2001,REG,00-0015959,,Kevin Swayne,WR,WR,,13,NYJ,0,0,0,0,0,0,0,0,0,0,0,0,,0,,,0,0,0,0,0,0,,0,13,36,203,0,0,0,0,0,12,-3.46069113261832,0,0.0,0.0949868073878628,,,0,20.3,33.3
2001,REG,00-0015970,,Justin Swift,WR,WR,,9,SF,0,0,0,0,0,0,0,0,0,0,0,0,,0,,,0,0,0,0,0,0,,0,11,11,66,1,0,0,0,0,3,3.25539007567568,0,0.0,0.0384615384615385,,,0,12.6,23.6
2001,REG,00-0015980,,Reggie Swinton,WR,WR,,7,DAL,0,0,0,0,0,0,0,0,0,0,0,0,,0,,,1,-4,0,0,0,0,-1.00284633308183,0,7,16,117,1,0,0,0,0,5,-1.60546947739519,0,0.0,0.0869565217391304,,,1,23.3,30.3
2001,REG,00-0016098,,Fred Taylor,RB,RB,,2,JAX,0,0,0,0,0,0,0,0,0,0,0,0,,0,,,30,116,0,1,1,6,-10.2720786675927,0,2,3,13,0,0,0,0,0,1,0.626101811940316,0,0.0,0.0566037735849057,,,0,10.9,12.9
2001,REG,00-0016193,,Vinny Testaverde,QB,QB,,16,NYJ,260,441,2752,15,14,18,122,5,0,0,0,144,7.21315836406594,0,0.0,0.0397420764981867,31,25,0,6,2,2,-35.1708037061908,0,0,0,0,0,0,0,0,0,0,,0,,,,,0,140.58,140.58
2001,REG,00-0016232,,Chris Thomas,WR,WR,,8,KC,0,0,0,0,0,0,0,0,0,0,0,0,,0,,,0,0,0,0,0,0,,0,19,38,247,1,0,0,0,0,14,-1.61254428182201,0,0.0,0.139705882352941,,,0,30.7,49.7
2001,REG,00-0016316,,Robert Thomas,FB,RB,,5,DAL,0,0,0,0,0,0,0,0,0,0,0,0,,0,,,6,40,0,0,0,2,1.42491945670918,0,5,10,19,1,0,0,0,0,2,-0.187708135228604,0,0.0,0.121951219512195,,,0,11.9,16.9
2001,REG,00-0016321,,Rodney Thomas,RB,RB,,8,ATL,0,0,0,0,0,0,0,0,0,0,0,0,,0,,,37,126,0,0,0,5,-7.05199959536549,0,2,3,26,0,0,0,0,0,1,1.09137296513654,0,0.0,0.0454545454545455,,,0,15.2,17.2
2001,REG,00-0016347,,Jeff Thomason,TE,TE,,8,PHI,0,0,0,0,0,0,0,0,0,0,0,0,,0,,,0,0,0,0,0,0,,0,5,9,33,0,0,0,0,0,1,-3.99633532372536,0,0.0,0.0347490347490348,,,0,3.3,8.3
2001,REG,00-0016373,,Derrius Thompson,WR,WR,,4,WAS,0,0,0,0,0,0,0,0,0,0,0,0,,0,,,0,0,0,0,0,0,,0,3,6,52,1,0,0,0,0,2,2.58594612457091,0,0.0,0.0594059405940594,,,0,11.2,14.2
2001,REG,00-0016440,,James Thrash,WR,WR,,15,PHI,0,0,0,0,0,0,0,0,0,0,0,0,,0,,,6,57,0,0,0,3,2.44335400150158,0,63,108,833,8,1,1,0,0,35,30.2963510860018,0,0.0,0.22360248447205,,,0,135.0,198.0
2001,REG,00-0016550,,Amani Toomer,WR,WR,,16,NYG,0,0,0,0,0,0,0,0,0,0,0,0,,0,,,3,8,0,0,0,0,-0.712905996129848,0,72,141,1054,5,1,0,0,0,55,17.5839344346969,0,0.0,0.254054054054054,,,0,136.2,208.2
2001,REG,00-0016677,,Jerame Tuman,TE,TE,,10,PIT,0,0,0,0,0,0,0,0,0,0,0,0,,0,,,0,0,0,0,0,0,,0,7,19,96,1,0,0,0,0,3,1.09211784112253,0,0.0,0.0673758865248227,,,0,15.6,22.6
2001,REG,00-0016683,,Tom Tupa,P,SPEC,,1,NYJ,1,1,9,0,0,0,0,0,0,0,0,1,2.94040986243635,0,0.0,,0,0,0,0,0,0,,0,0,0,0,0,0,0,0,0,0,,0,,,,,0,0.36,0.36
2001,REG,00-0016838,,Alex Van Pelt,QB,QB,,12,BUF,178,307,2056,12,11,14,73,5,1,0,0,99,19.1475443455464,1,0.0,0.0760895266128633,12,33,0,0,0,6,-1.19067367669778,0,0,0,0,0,0,0,0,0,0,,0,,,,,0,111.54,111.54
2001,REG,00-0017109,,Wesley Walls,TE,TE,,14,CAR,0,0,0,0,0,0,0,0,0,0,0,0,,0,,,0,0,0,0,0,0,,0,43,73,452,5,0,0,0,0,20,1.13667126214847,0,0.0,0.154989384288747,,,0,75.2,118.2
2001,REG,00-0017110,,Chris Walsh,WR,WR,,8,MIN,0,0,0,0,0,0,0,0,0,0,0,0,,0,,,0,0,0,0,0,0,,0,9,14,67,0,0,0,0,0,4,-12.9372947168304,0,0.0,0.0505415162454874,,,0,6.7,15.7
2001,REG,00-0017160,,Dedric Ward,WR,WR,,13,MIA,0,0,0,0,0,0,0,0,0,0,0,0,,0,,,2,21,0,1,0,1,1.20746693818364,0,21,40,209,0,0,0,0,0,14,1.12859624987225,0,0.0,0.106382978723404,,,0,23.0,44.0
2001,REG,00-0017162,,Hines Ward,WR,WR,,16,PIT,0,1,0,0,0,1,3,0,0,0,0,0,-0.52824232313571,0,,,10,83,0,0,0,4,4.52410055027576,0,94,145,1003,4,1,0,0,0,52,27.6728164348019,0,0.0,0.325112107623318,,,0,132.6,226.6
2001,REG,00-0017200,,Kurt Warner,QB,QB,,16,LA,375,546,4830,36,22,38,233,7,3,0,0,233,152.676967651878,1,0.0,0.13523371544087,28,60,0,3,1,3,-16.8422675402359,0,0,0,0,0,0,0,0,0,0,,0,,,,,0,293.2,293.2
2001,REG,00-0017218,,Lamont Warren,RB,RB,,16,DET,0,2,0,0,1,0,0,0,0,0,0,0,-4.7830893349601,0,,,61,191,3,0,0,11,-7.7102552147211,0,40,60,336,1,1,0,0,0,15,-3.68799017515062,1,0.0,0.102389078498294,,,0,76.7,116.7
2001,REG,00-0017239,,Damon Washington,RB,RB,,3,NYG,0,0,0,0,0,0,0,0,0,0,0,0,,0,,,28,89,0,1,1,5,-4.98223948891973,0,4,6,25,0,0,0,0,0,1,-3.64682729914784,0,0.0,0.0759493670886076,,,0,9.4,13.4
2001,REG,00-0017303,,Justin Watson,RB,RB,,1,LA,0,0,0,0,0,0,0,0,0,0,0,0,,0,,,1,0,0,0,0,0,-0.484721699496731,0,0,0,0,0,0,0,0,0,0,,0,,,,,0,0.0,0.0
2001,REG,00-0017322,,Ricky Watters,RB,RB,,5,SEA,0,0,0,0,0,0,0,0,0,0,0,0,,0,,,72,318,1,1,0,14,-8.50566179794259,0,11,22,107,0,0,0,0,0,4,-4.8912369137397,0,0.0,0.133333333333333,,,0,48.5,59.5
2001,REG,00-0017356,,Jed Weaver,TE,TE,,14,MIA,0,0,0,0,0,0,0,0,0,0,0,0,,0,,,0,0,0,0,0,0,,0,18,25,215,2,1,1,0,0,10,11.101807858809,0,0.0,0.0621890547263682,,,0,31.5,49.5
2001,REG,00-0017470,,Michael Westbrook,WR,WR,,16,WAS,0,0,0,0,0,0,0,0,0,0,0,0,,0,,,2,8,0,0,0,1,0.304669881472364,0,57,91,664,4,0,0,0,0,32,4.53863746896197,0,0.0,0.225247524752475,,,0,91.2,148.2
2001,REG,00-0017486,,Tyrone Wheatley,RB,RB,,11,LV,0,0,0,0,0,0,0,0,0,0,0,0,,0,,,88,276,5,2,1,21,-6.39663985591665,0,12,16,61,1,1,0,0,0,4,0.596732725767652,0,0.0,0.0586080586080586,,,0,67.7,79.7
2001,REG,00-0017611,,Alvis Whitted,WR,WR,,7,JAX,0,0,0,0,0,0,0,0,0,0,0,0,,0,,,1,4,0,0,0,0,0.0833622543141246,0,2,7,17,0,0,0,0,0,1,-1.17052094337514,0,0.0,0.0328638497652582,,,0,2.1,4.1
2001,REG,00-0017644,,Jermaine Wiggins,TE,TE,,11,NE,0,0,0,0,0,0,0,0,0,0,0,0,,0,,,0,0,0,0,0,0,,0,14,21,133,4,0,0,0,0,10,10.8452423622805,0,0.0,0.065015479876161,,,0,37.3,51.3
2001,REG,00-0017697,,Terrence Wilkins,WR,WR,,10,IND,0,0,0,0,0,0,0,0,0,0,0,0,,0,,,0,0,0,0,0,0,,0,34,56,332,0,0,0,0,0,18,4.19093518434575,0,0.0,0.16,,,1,39.2,73.2
2001,REG,00-0017829,,Jermaine Williams,RB,RB,,2,KC,0,0,0,0,0,0,0,0,0,0,0,0,,0,,,0,0,0,0,0,0,,0,2,3,11,0,0,0,0,0,0,-0.231961125740781,0,0.0,0.0441176470588235,,,0,1.1,3.1
2001,REG,00-0017847,,Karl Williams,WR,WR,,13,TB,0,0,0,0,0,0,0,0,0,0,0,0,,0,,,0,0,0,0,0,0,,0,24,41,314,1,0,0,0,0,15,3.8901646490964,0,0.0,0.0877944325481799,,,1,43.4,67.4
2001,REG,00-0017892,,Moe Williams,RB,RB,,13,BAL,0,0,0,0,0,0,0,0,0,0,0,0,,0,,,65,291,0,1,1,9,-10.6700401823053,0,23,35,210,0,0,0,0,0,13,0.546114111087865,0,0.0,0.0980392156862745,,,0,48.1,71.1
2001,REG,00-0017896,,Nicolas Luchey,RB,RB,,1,CIN,0,0,0,0,0,0,0,0,0,0,0,0,,0,,,0,0,0,0,0,0,,0,0,1,0,0,0,0,0,0,0,-0.35078731860267,0,,0.0333333333333333,,,0,0.0,0.0
2001,REG,00-0017915,,Ricky Williams,RB,RB,,16,NO,0,0,0,0,0,0,0,0,0,0,0,0,,0,,,313,1245,6,6,4,58,-49.0113738603032,0,60,88,511,1,2,2,0,0,19,-4.81160674840932,0,0.0,0.162062615101289,,,0,205.6,265.6
2001,REG,00-0017923,,Rodney Williams,P,SPEC,,2,NYG,0,0,0,0,0,0,0,0,0,0,0,0,,0,,,2,16,0,0,0,0,-3.10248081327882,0,0,0,0,0,0,0,0,0,0,,0,,,,,0,1.6,1.6
2001,REG,00-0017924,,Roland Williams,TE,TE,,16,LV,0,0,0,0,0,0,0,0,0,0,0,0,,0,,,0,0,0,0,0,0,,0,33,53,298,3,0,0,0,0,12,-3.89773958325224,0,0.0,0.0985130111524164,,,0,47.8,80.8
2001,REG,00-0018056,,Robert Wilson,WR,WR,,12,NO,0,0,0,0,0,0,0,0,0,0,0,0,,0,,,0,0,0,0,0,0,,0,21,38,277,0,0,0,0,0,14,2.07139043597475,0,0.0,0.0931372549019608,,,0,27.7,48.7
2001,REG,00-0018141,,Jon Witman,FB,RB,,9,PIT,0,0,0,0,0,0,0,0,0,0,0,0,,0,,,5,24,0,0,0,1,-1.10375081223901,0,6,8,32,0,0,0,0,0,0,-0.775591232348234,0,0.0,0.0353982300884956,,,0,5.6,11.6
2001,REG,00-0018272,,Anthony Wright,QB,QB,,4,DAL,48,98,529,5,5,5,30,2,1,0,0,23,-23.5718029020955,0,0.0,0.0253034634019926,17,57,0,2,1,5,-7.76524163292133,0,0,0,0,0,0,0,0,0,0,,0,,,,,0,32.86,32.86
2001,REG,00-0018343,,Frank Wycheck,TE,TE,,16,TEN,1,1,21,0,0,0,0,0,0,0,0,1,1.17345592705533,0,0.0,,1,1,0,0,0,0,-0.496134864166379,0,60,84,672,4,0,0,0,0,36,22.808736888074,0,0.0,0.16600790513834,,,0,92.14,152.14
2001,REG,00-0018501,,Amos Zereoue,RB,RB,,13,PIT,0,0,0,0,0,0,0,0,0,0,0,0,,0,,,85,441,1,3,2,25,-3.42741679507416,0,13,14,154,1,0,0,0,0,4,10.7235200170277,0,0.0,0.0498220640569395,,,0,67.5,80.5
2001,REG,00-0018949,,Tim Seder,K,SPEC,,1,DAL,0,0,0,0,0,0,0,0,0,0,0,0,,0,,,1,8,1,0,0,1,4.13270490517607,0,0,0,0,0,0,0,0,0,0,,0,,,,,0,6.8,6.8
2001,REG,00-0018958,,Laveranues Coles,WR,WR,,16,NYJ,0,0,0,0,0,0,0,0,0,0,0,0,,0,,,10,108,0,1,0,7,6.11942472256487,0,59,103,868,7,0,0,0,0,42,36.137762900213,0,0.0,0.227373068432671,,,0,139.6,198.6
2001,REG,00-0018964,,Darrick Vaughn,DB,DB,,1,ATL,0,0,0,0,0,0,0,0,0,0,0,0,,0,,,0,0,0,0,0,0,,0,0,0,0,0,0,0,0,0,0,,0,,,,,1,6.0,6.0
2001,REG,00-0018976,,J.J. Huggins,TE,TE,,7,DAL,0,0,0,0,0,0,0,0,0,0,0,0,,0,,,0,0,0,0,0,0,,0,8,12,36,0,0,0,0,0,1,-1.60835874453187,0,0.0,0.0612244897959184,,,0,3.6,11.6
2001,REG,00-0018977,,Maurice Smith,RB,RB,,14,ATL,0,0,0,0,0,0,0,0,0,0,0,0,,0,,,237,760,5,1,1,34,-56.1253394147815,0,19,27,230,1,0,0,0,0,7,8.0162838116382,0,0.0,0.063231850117096,,,0,133.0,152.0
2001,REG,00-0018997,,Kirk McMullen,TE,TE,,4,CIN,0,0,0,0,0,0,0,0,0,0,0,0,,0,,,0,0,0,0,0,0,,0,2,6,15,0,0,0,0,0,2,-12.2525919527492,0,0.0,0.0346820809248555,,,0,1.5,3.5
2001,REG,00-0019008,,John Waerig,TE,TE,,1,DET,0,0,0,0,0,0,0,0,0,0,0,0,,0,,,0,0,0,0,0,0,,0,1,1,6,0,0,0,0,0,0,0.310887612169608,0,0.0,0.027027027027027,,,0,0.6,1.6
2001,REG,00-0019019,,Micah Knorr,P,SPEC,,2,DAL,0,1,0,0,0,0,0,0,0,0,0,0,-2.88468383159488,0,,,1,0,0,0,0,0,-5.35711739677936,0,0,0,0,0,0,0,0,0,0,,0,,,,,0,0.0,0.0
2001,REG,00-0019025,,Ronney Jenkins,RB,RB,,3,LAC,0,0,0,0,0,0,0,0,0,0,0,0,,0,,,1,-1,0,0,0,0,-0.853390275267884,0,0,0,0,0,0,0,0,0,0,,0,,,,,2,11.9,11.9
2001,REG,00-0019028,,Herbert Goodman,RB,RB,,1,GB,0,0,0,0,0,0,0,0,0,0,0,0,,0,,,1,-1,0,0,0,0,-1.04811398448732,0,0,0,0,0,0,0,0,0,0,,0,,,,,0,-0.1,-0.1
2001,REG,00-0019038,,Chris Coleman,WR,WR,,3,TEN,0,0,0,0,0,0,0,0,0,0,0,0,,0,,,0,0,0,0,0,0,,0,1,4,19,0,0,0,0,0,1,-1.46293284161948,0,0.0,0.0377358490566038,,,0,1.9,2.9
2001,REG,00-0019041,,Billy Volek,QB,QB,,1,TEN,0,3,0,0,0,0,0,0,0,0,0,0,-3.50839722415549,0,,,0,0,0,0,0,0,,0,0,0,0,0,0,0,0,0,0,,0,,,,,0,0.0,0.0
2001,REG,00-0019052,,John Baker,P,SPEC,,1,LA,0,0,0,0,0,0,0,0,0,0,0,0,,0,,,1,0,0,1,1,0,-3.10579873260576,0,0,0,0,0,0,0,0,0,0,,0,,,,,0,-2.0,-2.0
2001,REG,00-0019054,,Trevor Insley,WR,WR,,7,IND,0,0,0,0,0,0,0,0,0,0,0,0,,0,,,0,0,0,0,0,0,,0,14,21,165,1,0,0,0,0,10,-0.809433783190175,0,0.0,0.08300395256917,,,0,22.5,36.5
2001,REG,00-0019057,,Jamel White,RB,RB,,16,CLE,0,0,0,0,0,0,0,0,0,0,0,0,,0,,,126,443,5,1,0,27,-7.18333548783541,1,44,60,418,1,0,0,0,0,18,-22.2385687940078,0,0.0,0.130718954248366,,,0,124.1,168.1
2001,REG,00-0019062,,Jake Moreland,TE,TE,,3,CLE,0,0,0,0,0,0,0,0,0,0,0,0,,0,,,0,0,0,0,0,0,,0,3,4,15,0,0,0,0,0,2,-0.0964981796569191,0,0.0,0.0470588235294118,,,0,1.5,4.5
2001,REG,00-0019087,,Doug Johnson,QB,QB,,3,ATL,3,5,23,1,0,2,13,2,1,0,0,3,-1.92868905520299,0,0.0,0.0363101204223342,5,12,0,0,0,2,0.411892525444273,0,0,0,0,0,0,0,0,0,0,,0,,,,,0,4.12,4.12
2001,REG,00-0019093,,Casey Crawford,TE,TE,,1,CAR,0,0,0,0,0,0,0,0,0,0,0,0,,0,,,0,0,0,0,0,0,,0,1,2,10,0,0,0,0,0,1,0.267583685810678,0,0.0,0.0392156862745098,,,0,1.0,2.0
2001,REG,00-0019100,,Brad Hoover,FB,RB,,12,CAR,0,0,0,0,0,0,0,0,0,0,0,0,,0,,,17,71,0,1,1,5,-2.63428840786219,0,26,47,185,0,0,0,0,0,6,-10.723435810142,0,0.0,0.116915422885572,,,0,23.6,49.6
2001,REG,00-0019109,,Scottie Montgomery,WR,WR,,8,DEN,0,0,0,0,0,0,0,0,0,0,0,0,,0,,,1,5,0,0,0,0,-0.819320107810199,0,11,22,99,0,0,0,0,0,5,-3.36916912826239,0,0.0,0.0866141732283465,,,0,10.4,21.4
2001,REG,00-0019127,,Todd Yoder,TE,TE,,5,TB,0,0,0,0,0,0,0,0,0,0,0,0,,0,,,0,0,0,0,0,0,,0,4,7,48,0,0,0,0,0,1,0.738624966703355,0,0.0,0.0391061452513967,,,1,10.8,14.8
2001,REG,00-0019135,,Dan Kreider,FB,RB,,7,PIT,0,0,0,0,0,0,0,0,0,0,0,0,,0,,,7,29,1,0,0,4,5.16306550163426,0,2,4,5,0,0,0,0,0,0,-1.30844870593864,0,0.0,0.0327868852459016,,,0,9.4,11.4
2001,REG,00-0019146,,Derek Rackley,LS,SPEC,,1,ATL,0,0,0,0,0,0,0,0,0,0,0,0,,0,,,0,0,0,0,0,0,,0,1,1,1,1,0,0,0,0,1,0.953734995680861,0,0.0,0.032258064516129,,,0,6.1,7.1
2001,REG,00-0019164,,Pat Batteaux,WR,WR,,3,LAC,0,0,0,0,0,0,0,0,0,0,0,0,,0,,,0,0,0,0,0,0,,0,3,8,25,0,0,0,0,0,1,-4.54874635994202,0,0.0,0.0761904761904762,,,0,2.5,5.5
2001,REG,00-0019172,,Bryan Johnson,FB,RB,,6,WAS,0,0,0,0,0,0,0,0,0,0,0,0,,0,,,0,0,0,0,0,0,,0,9,11,129,0,0,0,0,0,5,8.42743617086671,0,0.0,0.0654761904761905,,,0,12.9,21.9
2001,REG,00-0019192,,Travis Brown,QB,QB,,1,BUF,15,33,201,1,2,1,2,1,0,0,0,11,-9.85456660564523,0,0.0,0.0240690920373859,1,10,0,0,0,1,0.0100751799764112,0,0,0,0,0,0,0,0,0,0,,0,,,,,0,9.04,9.04
2001,REG,00-0019231,,Larry Foster,WR,WR,,13,DET,0,0,0,0,0,0,0,0,0,0,0,0,,0,,,2,6,0,0,0,0,-0.347464439691976,0,22,47,283,0,0,0,0,0,16,-8.46171692887393,0,0.0,0.0977130977130977,,,0,28.9,50.9
2001,REG,00-0019255,,Curtis Jackson,WR,WR,,2,NE,0,0,0,0,0,0,0,0,0,0,0,0,,0,,,0,0,0,0,0,0,,0,2,2,16,0,0,0,0,0,1,1.53721193247475,0,0.0,0.0294117647058824,,,0,1.6,3.6
2001,REG,00-0019268,,Kevin McDougal,RB,RB,,5,IND,0,0,0,0,0,0,0,0,0,0,0,0,,0,,,17,48,0,0,0,4,-3.78529465582687,1,1,2,10,0,0,0,0,0,0,-0.737513151369058,0,0.0,0.0294117647058824,,,0,7.8,8.8
2001,REG,00-0019276,,Shaun O'Hara,C,OL,,1,CLE,0,0,0,0,0,0,0,0,0,0,0,0,,0,,,0,0,0,0,0,0,,0,1,1,2,1,0,0,0,0,1,2.36497767834226,0,0.0,0.0526315789473684,,,0,6.2,7.2
2001,REG,00-0019290,,Zeron Flemister,TE,TE,,11,WAS,0,0,0,0,0,0,0,0,0,0,0,0,,0,,,0,0,0,0,0,0,,0,18,29,196,2,0,0,0,0,13,14.5097842163442,0,0.0,0.101754385964912,,,0,31.6,49.6
2001,REG,00-0019353,,Phillip Crosby,FB,RB,,2,BUF,0,0,0,0,0,0,0,0,0,0,0,0,,0,,,0,0,0,0,0,0,,0,2,2,16,0,0,0,0,0,0,1.0783614104148,0,0.0,0.037037037037037,,,0,1.6,3.6
2001,REG,00-0019382,,KaRon Coleman,RB,RB,,3,DEN,0,0,0,0,0,0,0,0,0,0,0,0,,0,,,4,17,0,0,0,0,-1.36033430905081,0,6,11,45,0,0,0,0,0,2,-1.48442083792179,0,0.0,0.11,,,0,6.2,12.2
2001,REG,00-0019404,,John Jones,TE,TE,,1,BAL,0,0,0,0,0,0,0,0,0,0,0,0,,0,,,0,0,0,0,0,0,,0,2,3,13,0,0,0,0,0,1,0.952629147679545,0,0.0,0.115384615384615,,,0,1.3,3.3
2001,REG,00-0019423,,Jason Brookins,RB,RB,,11,BAL,0,0,0,0,0,0,0,0,0,0,0,0,,0,,,151,551,5,3,0,31,-17.7608502270254,0,6,9,45,0,0,0,0,0,2,-1.74038276018109,0,0.0,0.0737704918032787,,,0,89.6,95.6
2001,REG,00-0019442,,Clint Stoerner,QB,QB,,4,DAL,26,49,314,3,5,5,22,0,0,0,0,17,-6.43090896049042,0,0.0,0.0260711389763589,9,27,1,1,1,3,-3.11843872699232,0,0,0,0,0,0,0,0,0,0,,0,,,,,0,21.26,21.26
2001,REG,00-0019453,,Rod Smart,RB,RB,,1,PHI,0,0,0,0,0,0,0,0,0,0,0,0,,0,,,2,6,0,0,0,0,-0.385198683652561,0,0,0,0,0,0,0,0,0,0,,0,,,,,0,0.6,0.6
2001,REG,00-0019455,,Peter Warrick,WR,WR,,16,CIN,0,0,0,0,0,0,0,0,0,0,0,0,,0,,,8,14,0,0,0,2,-0.591136859846301,0,70,137,667,1,1,1,0,0,34,-19.0490567379967,0,0.0,0.232993197278912,,,0,72.1,142.1
2001,REG,00-0019456,,Brian Urlacher,MLB,LB,,1,CHI,0,0,0,0,0,0,0,0,0,0,0,0,,0,,,0,0,0,0,0,0,,0,1,1,27,1,0,0,0,0,1,5.42316303250846,0,0.0,0.04,,,0,8.7,9.7
2001,REG,00-0019457,,Anthony Becht,TE,TE,,16,NYJ,0,0,0,0,0,0,0,0,0,0,0,0,,0,,,0,0,0,0,0,0,,0,36,53,321,5,0,0,0,0,19,10.7294335333431,0,0.0,0.116997792494481,,,0,62.1,98.1
2001,REG,00-0019461,,JaJuan Dawson,WR,WR,,11,CLE,0,0,0,0,0,0,0,0,0,0,0,0,,0,,,0,0,0,0,0,0,,0,22,34,281,1,0,0,0,0,11,11.0862057566421,0,0.0,0.105263157894737,,,0,34.1,56.1
2001,REG,00-0019466,,Curtis Keaton,RB,RB,,4,CIN,0,0,0,0,0,0,0,0,0,0,0,0,,0,,,5,48,0,0,0,3,1.90770111663733,0,1,1,9,0,0,0,0,0,0,0.581614085007459,0,0.0,0.0434782608695652,,,0,5.7,6.7
2001,REG,00-0019468,,Gari Scott,WR,WR,,1,PHI,0,0,0,0,0,0,0,0,0,0,0,0,,0,,,0,0,0,0,0,0,,0,2,4,26,0,0,0,0,0,1,2.3136198295417,0,0.0,0.148148148148148,,,0,2.6,4.6
2001,REG,00-0019471,,Frank Moreau,RB,RB,,3,JAX,0,0,0,0,0,0,0,0,0,0,0,0,,0,,,8,27,1,1,0,3,0.0285553603025619,0,0,0,0,0,0,0,0,0,0,,0,,,,,0,8.7,8.7
2001,REG,00-0019473,,Deon Dyer,RB,RB,,1,MIA,0,0,0,0,0,0,0,0,0,0,0,0,,0,,,0,0,0,0,0,0,,0,0,2,0,0,0,0,0,0,0,-1.53338992875069,0,,0.0952380952380952,,,0,0.0,0.0
2001,REG,00-0019474,,Isaiah Kacyvenski,LB,LB,,1,SEA,0,0,0,0,0,0,0,0,0,0,0,0,,0,,,0,0,0,0,0,0,,0,0,1,0,0,0,0,0,0,0,-1.26696158805862,0,,0.0256410256410256,,,0,0.0,0.0
2001,REG,00-0019481,,Windrell Hayes,WR,WR,,1,NYJ,0,0,0,0,0,0,0,0,0,0,0,0,,0,,,0,0,0,0,0,0,,0,0,2,0,0,0,0,0,0,0,-1.75531185697764,0,,0.0625,,,0,0.0,0.0
2001,REG,00-0019484,,Sammy Morris,RB,RB,,12,BUF,0,0,0,0,0,0,0,0,0,0,0,0,,0,,,20,72,0,1,1,2,-5.61088311992353,0,7,9,36,0,0,0,0,0,3,1.24602492235135,0,0.0,0.0432692307692308,,,0,8.8,15.8
2001,REG,00-0019487,,Frank Murphy,WR,WR,,5,TB,0,0,0,0,0,0,0,0,0,0,0,0,,0,,,0,0,0,0,0,0,,0,8,17,71,1,0,0,0,0,4,0.709709054361273,0,0.0,0.0909090909090909,,,0,13.1,21.1
2001,REG,00-0019491,,James Williams,WR,WR,,5,SEA,0,0,0,0,0,0,0,0,0,0,0,0,,0,,,0,0,0,0,0,0,,0,12,17,212,1,0,0,0,0,6,13.0318054060627,0,0.0,0.114864864864865,,,0,27.2,39.2
2001,REG,00-0019505,,Charles Lee,WR,WR,,2,GB,0,0,0,0,0,0,0,0,0,0,0,0,,0,,,0,0,0,0,0,0,,0,3,4,32,1,0,0,0,0,2,4.00919964787317,0,0.0,0.0655737704918033,,,0,9.2,12.2
2001,REG,00-0019510,,Ahmad Merritt,WR,WR,,2,CHI,0,0,0,0,0,0,0,0,0,0,0,0,,0,,,0,0,0,0,0,0,,0,2,6,20,0,0,0,0,0,1,-4.14106149075087,0,0.0,0.101694915254237,,,0,2.0,4.0
2001,REG,00-0019516,,Troy Hambrick,RB,RB,,16,DAL,0,0,0,0,0,0,0,0,0,0,0,0,,0,,,113,579,2,1,1,27,-1.70941212928442,0,4,12,62,0,0,0,0,0,3,-6.38391010061605,0,0.0,0.0731707317073171,,,0,74.1,78.1
2001,REG,00-0019533,,Patrick Pass,RB,RB,,8,NE,0,0,0,0,0,0,0,0,0,0,0,0,,0,,,1,7,0,0,0,0,0.873783341604487,0,6,10,66,1,0,0,0,0,3,1.35347537021153,0,0.0,0.037593984962406,,,0,13.3,19.3
2001,REG,00-0019534,,Rondell Mealey,RB,RB,,2,GB,0,0,0,0,0,0,0,0,0,0,0,0,,0,,,11,37,0,0,0,1,-0.598040507291444,0,2,2,31,0,0,0,0,0,2,1.82830318884226,0,0.0,0.0526315789473684,,,1,12.8,14.8
2001,REG,00-0019539,,Dante Hall,WR,WR,,2,KC,0,0,0,0,0,0,0,0,0,0,0,0,,0,,,2,10,0,0,0,1,0.18700245115906,0,0,0,0,0,0,0,0,0,0,,0,,,,,0,1.0,1.0
2001,REG,00-0019543,,Danny Farmer,WR,WR,,8,CIN,0,0,0,0,0,0,0,0,0,0,0,0,,0,,,0,0,0,0,0,0,,0,15,23,228,1,1,0,0,0,12,12.4221900374022,0,0.0,0.0666666666666667,,,0,28.8,43.8
2001,REG,00-0019547,,Avion Black,WR,WR,,9,BUF,0,0,0,0,0,0,0,0,0,0,0,0,,0,,,0,0,0,0,0,0,,0,8,14,90,0,0,0,0,0,5,-3.91320336473083,0,0.0,0.0459016393442623,,,0,9.0,17.0
2001,REG,00-0019553,,Spergon Wynn,QB,QB,,3,MIN,48,98,418,1,6,10,65,2,2,0,0,20,-45.9749918854817,0,0.0,0.0307526460133334,8,61,0,1,0,5,2.98025273787789,0,0,0,0,0,0,0,0,0,0,,0,,,,,0,10.82,10.82
2001,REG,00-0019558,,Mondriel Fulcher,TE,TE,,1,LV,0,0,0,0,0,0,0,0,0,0,0,0,,0,,,0,0,0,0,0,0,,0,0,1,0,0,0,0,0,0,0,-0.465519442455843,0,,0.024390243902439,,,0,0.0,0.0
2001,REG,00-0019559,,Chad Pennington,QB,QB,,2,NYJ,10,20,92,1,0,1,8,0,0,0,0,5,-2.75072794925654,0,0.0,0.0241429038125249,1,11,0,0,0,0,0.0028201867826283,0,0,0,0,0,0,0,0,0,0,,0,,,,,0,8.78,8.78
2001,REG,00-0019564,,Aaron Shea,TE,TE,,9,CLE,0,0,0,0,0,0,0,0,0,0,0,0,,0,,,0,0,0,0,0,0,,0,14,20,86,0,0,0,0,0,4,-5.25261531007709,0,0.0,0.0803212851405623,,,0,8.6,22.6
2001,REG,00-0019576,,Mike Green,RB,RB,,8,TEN,0,2,0,0,2,0,0,0,0,0,0,0,-5.91696891142055,0,,,15,71,1,1,0,5,1.87074947106885,0,12,13,64,1,0,0,0,0,2,0.873346694919457,0,0.0,0.0637254901960784,,,0,21.5,33.5
2001,REG,00-0019587,,Terrelle Smith,FB,RB,,9,NO,0,0,0,0,0,0,0,0,0,0,0,0,,0,,,5,8,0,1,0,1,-1.05539651756408,0,4,8,30,2,0,0,0,0,3,2.42444822064135,0,0.0,0.032520325203252,,,0,15.8,19.8
2001,REG,00-0019594,,Mike Anderson,RB,RB,,16,DEN,0,0,0,0,0,0,0,0,0,0,0,0,,0,,,175,678,4,1,1,32,-12.0463227183526,1,8,12,46,0,0,0,0,0,4,-1.65048670768738,0,0.0,0.0606060606060606,,,0,96.4,104.4
2001,REG,00-0019596,T.Brady,Tom Brady,QB,QB,"https://static.www.nfl.com/image/private/f_auto,q_auto/league/q7dpdlxyu5rs05rgh1le",15,NE,264,413,2843,18,12,41,216,9,2,0,0,143,14.0484720819296,0,0.0,0.062350435162862,36,43,0,3,1,7,-16.4681582465028,0,1,1,23,0,0,0,0,0,1,1.76915976172313,0,0.0,0.0526315789473684,,,0,162.32,163.32
2001,REG,00-0019598,,Dave Stachelski,TE,TE,,1,NO,0,0,0,0,0,0,0,0,0,0,0,0,,0,,,0,0,0,0,0,0,,0,1,1,5,0,0,0,0,0,0,0.206749733071774,0,0.0,0.0344827586206897,,,0,0.5,1.5
2001,REG,00-0019606,,Todd Pinkston,WR,WR,,15,PHI,0,0,0,0,0,0,0,0,0,0,0,0,,0,,,1,5,0,0,0,0,0.234277012292296,0,42,84,586,4,0,0,0,0,23,3.48777749258499,0,0.0,0.173913043478261,,,0,83.1,125.1
2001,REG,00-0019609,,Travis Prentice,RB,RB,,10,MIN,0,0,0,0,0,0,0,0,0,0,0,0,,0,,,14,13,2,0,0,3,-6.99891913039028,0,1,1,10,0,0,0,0,0,0,0.359861558652483,0,0.0,0.0227272727272727,,,0,14.3,15.3
2001,REG,00-0019610,,Reuben Droughns,RB,RB,,4,DET,0,0,0,0,0,0,0,0,0,0,0,0,,0,,,30,72,0,0,0,3,-8.98263318190584,0,4,5,21,1,0,0,0,0,1,3.62065340008121,0,0.0,0.0420168067226891,,,0,15.3,19.3
2001,REG,00-0019614,,Michael Wiley,RB,RB,,15,DAL,0,0,0,0,0,0,0,0,0,0,0,0,,0,,,34,247,0,0,0,12,14.2956850669429,0,16,27,99,1,0,0,0,0,4,-10.6912838584684,0,0.0,0.0794117647058824,,,0,40.6,56.6
2001,REG,00-0019623,,Tim Rattay,QB,QB,,2,SF,2,2,21,0,0,0,0,0,0,0,0,1,2.10614632372744,0,0.0,,5,-3,0,1,0,1,-4.38355097384192,0,0,0,0,0,0,0,0,0,0,,0,,,,,0,0.54,0.54
2001,REG,00-0019633,,Tee Martin,QB,QB,,1,PIT,0,0,0,0,0,0,0,0,0,0,0,0,,0,,,1,8,0,0,0,0,0.349350672098808,0,0,0,0,0,0,0,0,0,0,,0,,,,,0,0.8,0.8
2001,REG,00-0019641,,Thomas Jones,RB,RB,,16,ARI,0,0,0,0,0,0,0,0,0,0,0,0,,0,,,112,380,5,2,1,22,-9.53643239052947,0,21,24,151,0,0,0,0,0,6,3.65556369387876,0,0.0,0.0666666666666667,,,0,81.1,102.1
2001,REG,00-0019642,,Plaxico Burress,WR,WR,,16,PIT,0,0,0,0,0,0,0,0,0,0,0,0,,0,,,0,0,0,0,0,0,,0,66,120,1008,6,1,0,0,0,48,46.4217579827779,0,0.0,0.269058295964126,,,0,136.8,202.8
2001,REG,00-0019643,,Ron Dayne,RB,RB,,16,NYG,0,0,0,0,0,0,0,0,0,0,0,0,,0,,,180,690,7,2,1,38,-23.2578738021249,1,8,11,67,0,0,0,0,0,1,1.77025862969458,0,0.0,0.0472103004291846,,,0,117.7,125.7
2001,REG,00-0019644,,Bubba Franks,TE,TE,,15,GB,0,0,0,0,0,0,0,0,0,0,0,0,,0,,,0,0,0,0,0,0,,0,36,48,322,9,0,0,0,0,22,14.2509085407272,0,0.0,0.10126582278481,,,0,86.2,122.2
2001,REG,00-0019645,,Deltha O'Neal,DB,DB,,1,DEN,0,0,0,0,0,0,0,0,0,0,0,0,,0,,,0,0,0,0,0,0,,0,0,0,0,0,0,0,0,0,0,,0,,,,,1,6.0,6.0
2001,REG,00-0019647,,Shaun Alexander,RB,RB,,16,SEA,0,0,0,0,0,0,0,0,0,0,0,0,,0,,,309,1318,14,4,4,61,-19.5105770440967,0,44,59,343,2,0,0,0,0,15,4.71263269509252,0,0.0,0.14713216957606,,,0,254.1,298.1
2001,REG,00-0019649,,Trung Canidate,RB,RB,,13,LA,0,0,0,0,0,0,0,0,0,0,0,0,,0,,,78,441,6,1,1,19,9.86923656598083,0,17,23,154,0,1,1,0,0,7,-14.0063597134153,0,0.0,0.125,,,0,91.5,108.5
2001,REG,00-0019650,,Dennis Northcutt,WR,WR,,8,CLE,0,0,0,0,0,0,0,0,0,0,0,0,,0,,,3,26,0,0,0,1,2.77259201690322,0,18,35,211,0,1,1,0,0,7,-8.35753442695816,0,0.0,0.152173913043478,,,0,21.7,39.7
2001,REG,00-0019659,,Erron Kinney,TE,TE,,11,TEN,0,0,0,0,0,0,0,0,0,0,0,0,,0,,,0,0,0,0,0,0,,0,25,42,263,1,0,0,0,0,15,0.581518076063165,0,0.0,0.120343839541547,,,0,32.3,57.3
2001,REG,00-0019660,,Dez White,WR,WR,,14,CHI,0,0,0,0,0,0,0,0,0,0,0,0,,0,,,0,0,0,0,0,0,,0,45,82,428,0,0,0,0,0,23,-10.0662921544495,0,0.0,0.176724137931034,,,0,42.8,87.8
2001,REG,00-0019661,,Chris Cole,WR,WR,,6,DEN,0,0,0,0,0,0,0,0,0,0,0,0,,0,,,0,0,0,0,0,0,,0,9,19,128,0,1,1,0,0,6,1.12666742212605,0,0.0,0.0979381443298969,,,0,10.8,19.8
2001,REG,00-0019662,,Ron Dixon,WR,WR,,9,NYG,0,0,0,0,0,0,0,0,0,0,0,0,,0,,,1,0,0,0,0,0,-0.566008681431413,0,8,19,165,1,0,0,0,13,7,0.971307643892942,0,0.0,0.0599369085173502,,,0,22.5,30.5
2001,REG,00-0019663,,Darrell Jackson,WR,WR,,16,SEA,0,0,0,0,0,0,0,0,0,0,0,0,,0,,,1,9,0,0,0,0,0.651244716020301,0,70,131,1081,8,0,0,0,0,44,37.7535152060114,0,0.0,0.290465631929047,,,0,157.0,227.0
2001,REG,00-0019670,,Trevor Gaylor,WR,WR,,5,LAC,0,0,0,0,0,0,0,0,0,0,0,0,,0,,,0,0,0,0,0,0,,0,14,34,217,0,0,0,0,0,12,-0.555648014595006,0,0.0,0.183783783783784,,,0,21.7,35.7
2001,REG,00-0019673,,Paul Smith,RB,RB,,1,SF,0,0,0,0,0,0,0,0,0,0,0,0,,0,,,4,27,1,1,0,1,3.34730676421896,0,0,0,0,0,0,0,0,0,0,,0,,,,,0,8.7,8.7
2001,REG,00-0019681,,Brad St. Louis,LS,SPEC,,1,CIN,0,0,0,0,0,0,0,0,0,0,0,0,,0,,,0,0,0,0,0,0,,0,0,3,0,0,0,0,0,0,0,-2.14852762814098,0,,0.0833333333333333,,,0,0.0,0.0
2001,REG,00-0019682,,Jarious Jackson,QB,QB,,1,DEN,7,12,73,0,0,1,6,0,0,0,0,5,1.57041005657532,0,0.0,0.0484486368124816,5,7,0,2,0,1,-0.740151552017778,0,0,0,0,0,0,0,0,0,0,,0,,,,,0,3.62,3.62
2001,REG,00-0019703,,Jerry Porter,WR,WR,,14,LV,0,0,0,0,0,0,0,0,0,0,0,0,,0,,,2,13,0,0,0,0,0.610704964550678,0,19,37,220,0,0,0,0,0,14,-0.353533151621966,0,0.0,0.0806100217864924,,,0,23.3,42.3
2001,REG,00-0019708,,Ron Dugans,WR,WR,,15,CIN,0,0,0,0,0,0,0,0,0,0,0,0,,0,,,0,0,0,0,0,0,,0,28,45,251,2,0,0,0,0,13,5.81098894110976,1,0.0,0.0812274368231047,,,0,39.1,67.1
2001,REG,00-0019712,,Doug Chapman,RB,RB,,13,MIN,0,0,0,0,0,0,0,0,0,0,0,0,,0,,,63,195,0,1,0,10,-12.2800814655493,0,16,18,135,1,0,0,0,9,4,2.02793134187911,0,0.0,0.0451127819548872,,,0,39.0,55.0
2001,REG,00-0019714,S.Lechler,Shane Lechler,P,SPEC,"https://static.www.nfl.com/image/private/f_auto,q_auto/league/we3oe5jqnrb4ag3d4pqu",1,LV,0,0,0,0,0,0,0,0,0,0,0,0,,0,,,1,2,0,1,0,0,-1.38277281075716,0,0,0,0,0,0,0,0,0,0,,0,,,,,0,0.2,0.2
2001,REG,00-0019721,,Travis Taylor,WR,WR,,15,BAL,0,0,0,0,0,0,0,0,0,0,0,0,,0,,,5,46,0,0,0,3,2.59641664108494,0,42,90,560,3,0,0,0,0,27,-3.65153904638227,0,0.0,0.176470588235294,,,0,78.6,120.6
2001,REG,00-0019722,,J.R. Redmond,RB,RB,,10,NE,0,0,0,0,0,0,0,0,0,0,0,0,,0,,,35,119,0,0,0,4,-7.52774759780588,0,13,21,132,0,0,0,0,0,6,-1.98248438131108,0,0.0,0.0843373493975904,,,0,25.1,38.1
2001,REG,00-0019770,,Jay Feely,K,SPEC,,1,ATL,0,0,0,0,0,0,0,0,0,0,0,0,,0,,,0,0,0,0,0,0,,0,1,1,-2,0,0,0,0,0,0,-2.51711071142927,0,0.0,0.0476190476190476,,,0,-0.2,0.8
2001,REG,00-0019794,,Aveion Cason,RB,RB,,5,DET,0,0,0,0,0,0,0,0,0,0,0,0,,0,,,11,31,0,1,1,1,-12.8833402338205,0,4,4,32,0,0,0,0,0,0,1.93151618004777,0,0.0,0.102564102564103,,,0,4.3,8.3
2001,REG,00-0019826,,R.J. Bowers,RB,RB,,2,PIT,0,0,0,0,0,0,0,0,0,0,0,0,,0,,,18,84,1,0,0,5,2.11482257084572,0,1,1,0,0,0,0,0,0,0,-0.790794018423185,0,,0.0416666666666667,,,0,14.4,15.4
2001,REG,00-0019831,,Nick Goings,RB,RB,,8,CAR,0,0,0,0,0,0,0,0,0,0,0,0,,0,,,66,197,0,1,0,10,-19.0417951326526,0,8,9,39,0,0,0,0,0,1,-2.39187653415138,0,0.0,0.0386266094420601,,,0,23.6,31.6
2001,REG,00-0019862,,Wes Ours,RB,RB,,1,TEN,0,0,0,0,0,0,0,0,0,0,0,0,,0,,,0,0,0,0,0,0,,0,1,1,3,0,0,0,0,0,0,-0.204595737624913,0,0.0,0.0294117647058824,,,0,0.3,1.3
2001,REG,00-0019863,,Dominic Rhodes,RB,RB,,13,IND,0,0,0,0,0,0,0,0,0,0,0,0,,0,,,233,1104,9,5,5,57,-20.1061880129445,0,34,55,224,0,1,1,0,0,13,-19.0875372394267,0,0.0,0.144736842105263,,,1,180.8,214.8
2001,REG,00-0019889,,Elvis Joseph,RB,RB,,12,JAX,0,0,0,0,0,0,0,0,0,0,0,0,,0,,,68,294,0,1,1,13,-5.26105213194387,0,18,24,183,2,0,0,0,0,8,-12.3677014593444,0,0.0,0.0720720720720721,,,1,63.7,81.7
2001,REG,00-0019913,,Ryan Prince,TE,TE,,1,JAX,0,0,0,0,0,0,0,0,0,0,0,0,,0,,,0,0,0,0,0,0,,0,0,1,0,0,0,0,0,0,0,-1.51715556198464,0,,0.0416666666666667,,,0,0.0,0.0
2001,REG,00-0019916,,Patrick Washington,FB,RB,,7,JAX,0,0,0,0,0,0,0,0,0,0,0,0,,0,,,0,0,0,0,0,0,,0,5,9,36,0,0,0,0,0,1,-0.470286121126264,0,0.0,0.0382978723404255,,,0,3.6,8.6
2001,REG,00-0019921,,Jason Baker,P,SPEC,,1,SF,0,0,0,0,0,0,0,0,0,0,0,0,,0,,,1,0,0,0,0,0,-0.703099901555106,0,0,0,0,0,0,0,0,0,0,,0,,,,,0,0.0,0.0
2001,REG,00-0019976,,Drew Bennett,WR,WR,,12,TEN,0,0,0,0,0,0,0,0,0,0,0,0,,0,,,0,0,0,0,0,0,,0,24,46,329,1,0,0,0,0,17,15.7822588853718,1,0.0,0.126721763085399,,,0,40.9,64.9
2001,REG,00-0020018,,Arnold Jackson,WR,WR,,9,ARI,0,0,0,0,0,0,0,0,0,0,0,0,,0,,,0,0,0,0,0,0,,0,9,15,44,0,0,0,0,0,3,-4.88245207734872,0,0.0,0.0528169014084507,,,0,4.4,13.4
2001,REG,00-0020050,,Matt Dominguez,TE,TE,,4,DEN,0,0,0,0,0,0,0,0,0,0,0,0,,0,,,0,0,0,0,0,0,,0,3,5,26,0,0,0,0,0,2,0.307652550754661,0,0.0,0.0403225806451613,,,0,2.6,5.6
2001,REG,00-0020090,,Brian Natkin,TE,TE,,2,TEN,0,0,0,0,0,0,0,0,0,0,0,0,,0,,,0,0,0,0,0,0,,0,2,3,42,0,0,0,0,0,2,2.39213926834054,0,0.0,0.0416666666666667,,,0,4.2,6.2
2001,REG,00-0020094,,Stephen Trejo,RB,RB,,5,DET,0,0,0,0,0,0,0,0,0,0,0,0,,0,,,0,0,0,0,0,0,,0,5,10,61,0,0,0,0,0,4,0.975081217591651,0,0.0,0.0568181818181818,,,0,6.1,11.1
2001,REG,00-0020112,,Tony Taylor,RB,RB,,1,DAL,0,0,0,0,0,0,0,0,0,0,0,0,,0,,,1,0,0,0,0,0,-0.395516580087133,0,0,0,0,0,0,0,0,0,0,,0,,,,,0,0.0,0.0
2001,REG,00-0020171,,Boo Williams,WR,WR,,10,NO,0,0,0,0,0,0,0,0,0,0,0,0,,0,,,0,0,0,0,0,0,,0,20,42,202,3,0,0,0,0,12,-3.19873554426908,0,0.0,0.130841121495327,,,0,38.2,58.2
2001,REG,00-0020181,,Terry Witherspoon,RB,RB,,1,DAL,0,0,0,0,0,0,0,0,0,0,0,0,,0,,,0,0,0,0,0,0,,0,1,1,9,0,0,0,0,0,0,0.169385990709998,0,0.0,0.0384615384615385,,,0,0.9,1.9
2001,REG,00-0020187,,Marcellus Rivers,TE,TE,,5,NYG,0,0,0,0,0,0,0,0,0,0,0,0,,0,,,0,0,0,0,0,0,,0,3,5,11,2,0,0,0,0,2,-0.0671729432069697,0,0.0,0.0290697674418605,,,0,13.1,16.1
2001,REG,00-0020226,,Nate Turner,WR,WR,,1,LAC,0,0,0,0,0,0,0,0,0,0,0,0,,0,,,0,0,0,0,0,0,,0,0,1,0,0,0,0,0,0,0,-0.599416329641827,0,,0.0188679245283019,,,0,0.0,0.0
2001,REG,00-0020245,,Mike Vick,QB,QB,"https://static.www.nfl.com/image/private/f_auto,q_auto/league/hrg4riwhpjbijfovsjrk",8,ATL,50,113,785,2,3,21,113,5,4,0,0,34,-44.9538732979145,0,0.0,0.0317503817794617,31,289,1,1,1,15,25.9882275517973,0,0,0,0,0,0,0,0,0,0,,0,,,,,0,58.3,58.3
2001,REG,00-0020256,,Kevin Kasper,WR,WR,,8,DEN,0,0,0,0,0,0,0,0,0,0,0,0,,0,,,3,19,0,0,0,1,-0.674797955307849,0,8,12,84,0,0,0,0,0,5,6.88105612044456,0,0.0,0.048,,,0,10.3,18.3
2001,REG,00-0020268,,Tony Stewart,TE,TE,,3,PHI,0,0,0,0,0,0,0,0,0,0,0,0,,0,,,0,0,0,0,0,0,,0,5,8,52,1,0,0,0,0,5,0.301680896489415,0,0.0,0.0824742268041237,,,0,11.2,16.2
2001,REG,00-0020270,,Correll Buckhalter,RB,RB,,14,PHI,0,0,0,0,0,0,0,0,0,0,0,0,,0,,,129,586,2,2,2,28,-10.1262273989597,0,13,21,130,0,0,0,0,0,5,4.53455222738377,0,0.0,0.0886075949367089,,,0,79.6,92.6
2001,REG,00-0020272,,Snoop Minnis,WR,WR,,13,KC,0,0,0,0,0,0,0,0,0,0,0,0,,0,,,0,0,0,0,0,0,,0,33,67,511,1,0,0,0,0,24,9.13852636137703,0,0.0,0.157647058823529,,,0,57.1,90.1
2001,REG,00-0020273,,Vinny Sutherland,WR,WR,,2,SF,0,0,0,0,0,0,0,0,0,0,0,0,,0,,,1,16,0,0,0,1,1.02016366343014,0,1,1,5,0,0,0,0,0,0,-0.734961538109928,0,0.0,0.0294117647058824,,,0,2.1,3.1
2001,REG,00-0020285,,Alge Crumpler,TE,TE,,15,ATL,0,0,0,0,0,0,0,0,0,0,0,0,,0,,,0,0,0,0,0,0,,0,25,41,330,3,1,1,0,0,10,4.18215474515455,0,0.0,0.0915178571428571,,,0,49.0,74.0
2001,REG,00-0020305,,A.J. Feeley,QB,QB,,1,PHI,10,14,143,2,1,0,0,0,0,0,0,8,10.1072957536983,0,0.0,0.280122069672721,0,0,0,0,0,0,,0,0,0,0,0,0,0,0,0,0,,0,,,,,0,11.72,11.72
2001,REG,00-0020308,,Mike McMahon,QB,QB,,7,DET,53,115,671,3,1,21,122,3,3,0,0,34,-18.3650578153709,0,0.0,0.0360712268295212,27,145,1,2,1,9,3.25796277547488,1,0,0,0,0,0,0,0,0,0,,0,,,,,0,51.34,51.34
2001,REG,00-0020320,,Reggie Germany,WR,WR,,9,BUF,0,0,0,0,0,0,0,0,0,0,0,0,,0,,,0,0,0,0,0,0,,0,12,21,203,0,0,0,0,0,8,7.44144763238728,0,0.0,0.0719178082191781,,,0,20.3,32.3
2001,REG,00-0020332,,David Martin,TE,TE,,10,GB,0,0,0,0,0,0,0,0,0,0,0,0,,0,,,0,0,0,0,0,0,,0,13,20,144,1,0,0,0,0,7,1.43257001443999,0,0.0,0.0619195046439629,,,0,20.4,33.4
2001,REG,00-0020337,,Steve Smith,WR,WR,"https://static.www.nfl.com/image/private/f_auto,q_auto/league/k23e0b8cto93he9rt0zc",11,CAR,0,0,0,0,0,0,0,0,0,0,0,0,,0,,,4,43,0,0,0,2,2.11239704140462,0,10,20,154,0,0,0,0,0,8,-5.59749976900554,0,0.0,0.0588235294117647,,,3,37.7,47.7
2001,REG,00-0020340,,Quentin McCord,WR,WR,,3,ATL,0,0,0,0,0,0,0,0,0,0,0,0,,0,,,2,11,0,0,0,0,-0.453080737148412,0,3,4,53,0,0,0,0,0,2,2.23399614961818,0,0.0,0.0588235294117647,,,0,6.4,9.4
2001,REG,00-0020342,,Brandon Manumaleuna,TE,TE,,1,LA,0,0,0,0,0,0,0,0,0,0,0,0,,0,,,0,0,0,0,0,0,,0,1,1,1,1,0,0,0,0,1,3.04185511800461,0,0.0,0.0263157894736842,,,0,6.1,7.1
2001,REG,00-0020343,,Jonathan Carter,WR,WR,,2,NYG,0,0,0,0,0,0,0,0,0,0,0,0,,0,,,0,0,0,0,0,0,,0,0,3,0,0,0,0,0,0,0,-1.51995185186388,0,,0.03125,,,0,0.0,0.0
2001,REG,00-0020361,,Alex Bannister,WR,WR,,5,SEA,0,0,0,0,0,0,0,0,0,0,0,0,,0,,,0,0,0,0,0,0,,0,4,7,50,0,0,0,0,0,3,1.46218647722868,0,0.0,0.0542635658914729,,,1,11.0,15.0
2001,REG,00-0020370,,Scotty Anderson,WR,WR,,8,DET,0,0,0,0,0,0,0,0,0,0,0,0,,0,,,0,0,0,0,0,0,,0,12,34,211,1,0,0,0,0,7,6.34631843030043,0,0.0,0.121428571428571,,,0,27.1,39.1
2001,REG,00-0020381,,Justin McCareins,WR,WR,,2,TEN,0,0,0,0,0,0,0,0,0,0,0,0,,0,,,0,0,0,0,0,0,,0,3,3,88,0,0,0,0,0,3,9.75492349686101,0,0.0,0.0483870967741936,,,0,8.8,11.8
2001,REG,00-0020387,,Milton Wynn,WR,WR,,1,TB,0,0,0,0,0,0,0,0,0,0,0,0,,0,,,0,0,0,0,0,0,,0,4,6,69,0,0,0,0,0,3,0.207502180419397,0,0.0,0.193548387096774,,,0,6.9,10.9
2001,REG,00-0020391,,Jameel Cook,RB,RB,,10,TB,0,0,0,0,0,0,0,0,0,0,0,0,,0,,,2,2,0,0,0,0,-0.86236449261196,0,17,23,89,0,0,0,0,0,2,-2.69667122187093,0,0.0,0.0764119601328904,,,0,9.1,26.1
2001,REG,00-0020397,,Chad Johnson,WR,WR,,11,CIN,0,0,0,0,0,0,0,0,0,0,0,0,,0,,,0,0,0,0,0,0,,0,28,60,329,1,0,0,0,0,22,-5.30913856088169,0,0.0,0.149253731343284,,,0,38.9,66.9
2001,REG,00-0020401,,Jason Glenn,LB,LB,,1,NYJ,0,0,0,0,0,0,0,0,0,0,0,0,,0,,,0,0,0,0,0,0,,0,0,0,0,0,0,0,0,0,0,,0,,,,,1,6.0,6.0
2001,REG,00-0020403,,Anthony Thomas,RB,RB,,14,CHI,0,0,0,0,0,0,0,0,0,0,0,0,,0,,,278,1183,7,0,0,57,-3.52869773564586,1,22,30,178,0,0,0,0,0,9,7.96975941647543,0,0.0,0.0862068965517242,,,0,180.1,202.1
2001,REG,00-0020404,,Quincy Carter,QB,QB,,8,DAL,90,176,1072,5,7,12,56,2,0,0,0,46,-20.6988226411189,0,0.0,0.0266970883333192,45,150,1,3,1,13,-5.29041970015759,0,0,0,0,0,0,0,0,0,0,,0,,,,,0,67.88,67.88
2001,REG,00-0020405,,Marques Tuiasosopo,QB,QB,,1,LV,3,4,34,0,0,0,0,0,0,0,0,1,1.30384259839775,0,0.0,,1,1,0,0,0,0,-1.09672165010124,0,0,0,0,0,0,0,0,0,0,,0,,,,,0,1.46,1.46
2001,REG,00-0020415,,Andre King,WR,WR,,4,CLE,0,0,0,0,0,0,0,0,0,0,0,0,,0,,,0,0,0,0,0,0,,0,11,17,149,0,1,1,0,0,4,1.77614282417926,0,0.0,0.147826086956522,,,0,12.9,23.9
2001,REG,00-0020417,,Benjamin Gay,RB,RB,,6,CLE,0,0,0,0,0,0,0,0,0,0,0,0,,0,,,51,172,1,3,2,12,-10.7100663374877,0,4,7,11,0,0,0,0,0,0,-7.35190027620411,0,0.0,0.0813953488372093,,,0,20.3,24.3
2001,REG,00-0020425,,Ken-Yon Rambo,WR,WR,,5,DAL,0,0,0,0,0,0,0,0,0,0,0,0,,0,,,0,0,0,0,0,0,,0,3,6,28,0,0,0,0,0,2,0.90530991012929,0,0.0,0.0434782608695652,,,0,2.8,5.8
2001,REG,00-0020427,,Quincy Morgan,WR,WR,,16,CLE,0,0,0,0,0,0,0,0,0,0,0,0,,0,,,2,27,0,0,0,1,1.54288457107032,0,30,72,432,2,1,0,0,0,16,-10.9348526129689,0,0.0,0.156862745098039,,,0,57.9,87.9
2001,REG,00-0020430,,James Jackson,RB,RB,,11,CLE,0,0,0,0,0,0,0,0,0,0,0,0,,0,,,195,554,2,1,1,30,-35.8339988341322,0,7,10,56,0,0,0,0,0,1,2.29002952639712,0,0.0,0.0537634408602151,,,0,71.0,78.0
2001,REG,00-0020434,,Chris Weinke,QB,QB,,15,CAR,293,540,2931,11,19,26,177,6,1,0,0,137,-95.811400160162,0,0.0,0.0246784807290359,37,128,6,5,2,11,-6.33665467729356,0,0,0,0,0,0,0,0,0,0,,0,,,,,0,166.04,166.04
2001,REG,00-0020438,,T.J. Houshmandzadeh,WR,WR,,7,CIN,0,0,0,0,0,0,0,0,0,0,0,0,,0,,,0,0,0,0,0,0,,0,21,42,228,0,0,0,0,0,14,1.03451885544358,0,0.0,0.143344709897611,,,0,22.8,43.8
2001,REG,00-0020446,,Chris Chambers,WR,WR,,16,MIA,0,0,0,0,0,0,0,0,0,0,0,0,,0,,,1,-11,0,0,0,0,-1.46768952114508,0,48,90,883,7,0,0,0,0,35,36.5998480274446,0,0.0,0.2,,,0,129.2,177.2
2001,REG,00-0020448,,Travis Minor,RB,RB,,15,MIA,0,0,0,0,0,0,0,0,0,0,0,0,,0,,,59,281,2,0,0,12,3.13196610322401,0,29,37,263,1,0,0,0,0,12,4.1249814729138,0,0.0,0.103932584269663,,,0,72.4,101.4
2001,REG,00-0020455,,Eric Johnson,TE,TE,,16,SF,0,0,0,0,0,0,0,0,0,0,0,0,,0,,,0,0,0,0,0,0,,0,40,64,362,3,1,1,0,0,22,9.54691526165698,1,0.0,0.1285140562249,,,0,54.2,94.2
2001,REG,00-0020462,,LaMont Jordan,RB,RB,,13,NYJ,0,1,0,0,0,0,0,0,0,0,0,0,-0.823362143244594,0,,,39,292,1,0,0,14,15.2976721442236,0,7,10,44,1,0,0,0,0,2,0.786471392726526,0,0.0,0.078125,,,0,45.6,52.6
2001,REG,00-0020471,,Travis Henry,RB,RB,,13,BUF,0,0,0,0,0,0,0,0,0,0,0,0,,0,,,213,729,4,5,2,34,-33.3881709503767,0,22,27,179,0,0,0,0,0,6,-0.278549342868838,0,0.0,0.0663390663390663,,,0,110.8,132.8
2001,REG,00-0020474,,Kevan Barlow,RB,RB,,15,SF,0,0,0,0,0,0,0,0,0,0,0,0,,0,,,125,512,4,1,0,27,-0.2885481758276,0,22,28,247,1,0,0,0,0,10,12.9681602162891,0,0.0,0.0673076923076923,,,0,105.9,127.9
2001,REG,00-0020476,,Shad Meier,TE,TE,,4,TEN,0,0,0,0,0,0,0,0,0,0,0,0,,0,,,0,0,0,0,0,0,,0,3,5,31,0,0,0,0,0,1,-2.24062608598615,0,0.0,0.0367647058823529,,,0,3.1,6.1
2001,REG,00-0020485,,Eddie Berlin,WR,WR,,4,TEN,0,0,0,0,0,0,0,0,0,0,0,0,,0,,,0,0,0,0,0,0,,0,2,6,28,0,0,0,0,0,0,-1.66624598001363,0,0.0,0.0392156862745098,,,0,2.8,4.8
2001,REG,00-0020490,,Koren Robinson,WR,WR,,16,SEA,0,0,0,0,0,0,0,0,0,0,0,0,,0,,,4,13,0,0,0,0,-1.15744019113481,0,39,78,536,1,2,0,0,0,26,19.865781284981,0,0.0,0.172949002217295,,,0,60.9,99.9
2001,REG,00-0020494,,Santana Moss,WR,WR,,5,NYJ,0,0,0,0,0,0,0,0,0,0,0,0,,0,,,1,-6,0,0,0,0,-0.787437374660345,0,2,17,40,0,0,0,0,0,2,-12.2840706851707,0,0.0,0.103658536585366,,,0,3.4,5.4
2001,REG,00-0020495,,Nate Clements,SS,DB,,1,BUF,0,0,0,0,0,0,0,0,0,0,0,0,,0,,,0,0,0,0,0,0,,0,0,0,0,0,0,0,0,0,0,,0,,,,,1,6.0,6.0
2001,REG,00-0020497,,Freddie Mitchell,WR,WR,,13,PHI,0,1,0,0,0,0,0,0,0,0,0,0,-0.435856552561745,0,,,2,-4,0,0,0,1,-1.14573334821034,0,21,43,283,1,0,0,0,0,16,8.74071484797715,0,0.0,0.1075,,,0,33.9,54.9
2001,REG,00-0020498,,Reggie Wayne,WR,WR,,11,IND,0,0,0,0,0,0,0,0,0,0,0,0,,0,,,0,0,0,0,0,0,,0,27,49,345,0,0,0,0,0,19,5.05945302155452,0,0.0,0.133879781420765,,,0,34.5,61.5
2001,REG,00-0020507,,Heath Evans,FB,RB,,1,SEA,0,0,0,0,0,0,0,0,0,0,0,0,,0,,,2,11,0,0,0,1,-0.864779000170529,0,0,0,0,0,0,0,0,0,0,,0,,,,,0,1.1,1.1
2001,REG,00-0020513,,David Terrell,WR,WR,,16,CHI,0,0,0,0,0,0,0,0,0,0,0,0,,0,,,0,0,0,0,0,0,,0,34,63,415,4,0,0,0,0,20,9.4541205922331,0,0.0,0.120458891013384,,,0,65.5,99.5
2001,REG,00-0020514,,Michael Bennett,RB,RB,,13,MIN,0,0,0,0,0,0,0,0,0,0,0,0,,0,,,172,682,2,0,0,23,-12.9965099278622,0,29,38,226,1,0,0,0,0,9,4.71173056151019,0,0.0,0.0835164835164835,,,0,108.8,137.8
2001,REG,00-0020516,,Todd Heap,TE,TE,,10,BAL,0,0,0,0,0,0,0,0,0,0,0,0,,0,,,0,0,0,0,0,0,,0,16,23,206,1,1,1,0,0,10,7.95582141943672,0,0.0,0.0633608815426997,,,0,24.6,40.6
2001,REG,00-0020525,,Rod Gardner,WR,WR,,16,WAS,0,0,0,0,0,0,0,0,0,0,0,0,,0,,,1,16,0,0,0,1,1.12525348272175,0,46,101,741,4,1,1,0,0,28,-2.19133814430807,0,0.0,0.241050119331742,,,0,97.7,143.7
2001,REG,00-0020527,,Deuce McAllister,RB,RB,,13,NO,1,2,12,1,0,0,0,0,0,0,0,1,2.09732132102363,0,0.0,,16,91,1,0,0,4,3.64227348077111,0,15,20,166,1,0,0,0,0,8,2.7564075414557,0,0.0,0.0754716981132076,,,0,42.18,57.18
2001,REG,00-0020531,D.Brees,Drew Brees,QB,QB,"https://static.www.nfl.com/image/private/f_auto,q_auto/league/i20xlpzdmn7xubotijjd",1,LAC,15,27,221,1,0,2,12,2,0,0,0,11,10.5661014514754,0,0.0,0.166188166714395,2,18,0,0,0,1,-0.636526759131812,0,0,0,0,0,0,0,0,0,0,,0,,,,,0,14.64,14.64
2001,REG,00-0020536,,LaDainian Tomlinson,RB,RB,,16,LAC,0,0,0,0,0,0,0,0,0,0,0,0,,0,,,339,1236,10,5,4,67,-48.2756277620194,0,59,74,367,0,3,1,0,0,12,-16.524853896388,0,0.0,0.137037037037037,,,0,210.3,269.3
2001,POST,00-0000210,,James Allen,RB,RB,,1,CHI,0,0,0,0,0,0,0,0,0,0,0,0,,0,,,2,7,0,0,0,1,-0.610908762138783,0,1,3,9,0,0,0,0,0,0,-4.27044052217389,0,0.0,0.136363636363636,,,0,1.6,2.6
2001,POST,00-0000232,,Terry Allen,RB,RB,,2,BAL,0,0,0,0,0,0,0,0,0,0,0,0,,0,,,29,120,1,0,0,4,-0.300015625707745,0,3,3,11,0,1,1,0,0,0,-3.77823349868413,0,0.0,0.0810810810810811,,,0,17.1,20.1
2001,POST,00-0000251,,Mike Alstott,FB,RB,,1,TB,0,0,0,0,0,0,0,0,0,0,0,0,,0,,,12,32,0,0,0,1,-3.32757530477829,0,5,6,32,0,0,0,0,0,1,3.31225530462073,0,0.0,0.166666666666667,,,0,6.4,11.4
2001,POST,00-0000339,,Richie Anderson,FB,RB,,1,NYJ,0,0,0,0,0,0,0,0,0,0,0,0,,0,,,0,0,0,0,0,0,,0,6,6,33,1,1,1,0,0,1,-0.516820596200345,0,0.0,0.153846153846154,,,0,7.3,13.3
2001,POST,00-0000552,,Obafemi Ayanbadejo,RB,RB,,1,BAL,0,0,0,0,0,0,0,0,0,0,0,0,,0,,,2,8,0,0,0,0,-0.0517618285957724,0,1,2,7,0,0,0,0,0,0,-0.909745285171084,0,0.0,0.111111111111111,,,0,1.5,2.5
2001,POST,00-0000911,,Fred Baxter,TE,TE,,1,CHI,0,0,0,0,0,0,0,0,0,0,0,0,,0,,,0,0,0,0,0,0,,0,1,4,3,0,0,0,0,0,0,-3.76135655667167,0,0.0,0.181818181818182,,,0,0.3,1.3
2001,POST,00-0001215,,Jerome Bettis,RB,RB,,1,PIT,0,0,0,0,0,0,0,0,0,0,0,0,,0,,,9,8,1,0,0,1,-3.22918266552733,0,2,2,23,0,0,0,0,0,2,1.63887324789539,0,0.0,0.0476190476190476,,,0,9.1,11.1
2001,POST,00-0001361,,Drew Bledsoe,QB,QB,,1,NE,10,21,102,1,0,2,11,0,0,0,0,7,-0.0393409569178125,0,0.0,0.03016980553937,4,1,0,0,0,0,-1.55928415531525,0,0,0,0,0,0,0,0,0,0,,0,,,,,0,8.18,8.18
2001,POST,00-0001477,,Marty Booker,WR,WR,,1,CHI,0,0,0,0,0,0,0,0,0,0,0,0,,0,,,0,0,0,0,0,0,,0,2,4,18,0,0,0,0,0,0,-2.35851522884332,0,0.0,0.181818181818182,,,0,1.8,3.8
2001,POST,00-0001627,,Corey Bradford,WR,WR,,2,GB,0,0,0,0,0,0,0,0,0,0,0,0,,0,,,0,0,0,0,0,0,,0,7,11,135,0,0,0,0,0,6,6.40449486335274,0,0.0,0.150684931506849,,,0,13.5,20.5
2001,POST,00-0001766,,Jeremy Brigham,TE,TE,,1,LV,0,0,0,0,0,0,0,0,0,0,0,0,,0,,,0,0,0,0,0,0,,0,1,1,10,0,0,0,0,0,1,1.14974843664095,0,0.0,0.032258064516129,,,0,1.0,2.0
2001,POST,00-0002005,,Na Brown,WR,WR,,1,PHI,0,0,0,0,0,0,0,0,0,0,0,0,,0,,,0,0,0,0,0,0,,0,0,1,0,0,0,0,0,0,0,-0.835552246309817,0,,0.0333333333333333,,,0,0.0,0.0
2001,POST,00-0002058,,Tim Brown,WR,WR,,2,LV,0,0,0,0,0,0,0,0,0,0,0,0,,0,,,1,6,0,0,0,1,0.677944152383134,0,8,16,55,1,0,0,0,0,3,-2.96799498635709,0,0.0,0.266666666666667,,,0,12.1,20.1
2001,POST,00-0002068,,Troy Brown,WR,WR,,3,NE,0,0,0,0,0,0,0,0,0,0,0,0,,0,,,1,-9,0,0,0,0,-1.34469665470533,0,18,24,253,0,0,0,0,0,10,3.9412628042046,0,0.0,0.212389380530973,,,1,30.4,48.4
2001,POST,00-0002099,,Isaac Bruce,WR,WR,,3,LA,0,0,0,0,0,0,0,0,0,0,0,0,,0,,,0,0,0,0,0,0,,0,14,24,159,1,0,0,0,0,11,-3.83412208704976,0,0.0,0.226415094339623,,,0,21.9,35.9
2001,POST,00-0002962,,Wayne Chrebet,WR,WR,,1,NYJ,0,0,0,0,0,0,0,0,0,0,0,0,,0,,,0,0,0,0,0,0,,0,4,7,52,2,0,0,0,0,4,7.52012489456683,0,0.0,0.17948717948718,,,0,17.2,21.2
2001,POST,00-0003220,,Fred Coleman,WR,WR,,2,NE,0,0,0,0,0,0,0,0,0,0,0,0,,0,,,0,0,0,0,0,0,,0,0,3,0,0,0,0,0,0,0,-2.79289762670998,0,,0.0333333333333333,,,0,0.0,0.0
2001,POST,00-0003400,,Ernie Conwell,TE,TE,,3,LA,0,0,0,0,0,0,0,0,0,0,0,0,,0,,,1,0,0,0,0,0,-1.70612733089365,0,5,8,41,0,0,0,0,0,1,-0.837041238215177,0,0.0,0.0754716981132076,,,0,4.1,9.1
2001,POST,00-0003663,,Zack Crockett,RB,RB,,2,LV,0,0,0,0,0,0,0,0,0,0,0,0,,0,,,5,8,1,0,0,3,0.389079782471526,0,0,0,0,0,0,0,0,0,0,,0,,,,,0,6.8,6.8
2001,POST,00-0003803,,Matt Cushing,TE,TE,,2,PIT,0,0,0,0,0,0,0,0,0,0,0,0,,0,,,0,0,0,0,0,0,,0,1,2,10,0,0,0,0,0,1,-4.38365337718278,0,0.0,0.03125,,,0,1.0,2.0
2001,POST,00-0004063,,Tyrone Davis,TE,TE,,1,GB,0,0,0,0,0,0,0,0,0,0,0,0,,0,,,0,0,0,0,0,0,,0,1,2,8,0,0,0,0,0,0,-2.19375788373873,0,0.0,0.0689655172413793,,,0,0.8,1.8
2001,POST,00-0004541,,Donald Driver,WR,WR,,2,GB,0,0,0,0,0,0,0,0,0,0,0,0,,0,,,2,25,0,0,0,1,1.67827777320053,0,2,2,26,0,0,0,0,0,2,3.54347651702119,0,0.0,0.0689655172413793,,,0,5.1,7.1
2001,POST,00-0004640,,Warrick Dunn,RB,RB,,1,TB,0,0,0,0,0,0,0,0,0,0,0,0,,0,,,11,29,0,0,0,1,-3.7584546651924,0,8,12,37,0,0,0,0,0,2,-5.07959322021551,0,0.0,0.333333333333333,,,0,6.6,14.6
2001,POST,00-0004768,,Marc Edwards,FB,RB,,3,NE,0,0,0,0,0,0,0,0,0,0,0,0,,0,,,3,8,0,0,0,1,0.13019929244183,0,9,10,62,0,0,0,0,0,2,4.02633457339834,0,0.0,0.0884955752212389,,,0,7.0,16.0
2001,POST,00-0004780,,Troy Edwards,WR,WR,,2,PIT,0,0,0,0,0,0,0,0,0,0,0,0,,0,,,1,23,0,1,0,1,3.10016700043343,0,3,5,22,0,0,0,0,0,1,-0.55169867963351,0,0.0,0.078125,,,0,4.5,7.5
2001,POST,00-0005091,,Kevin Faulk,RB,RB,,2,NE,0,0,0,0,0,1,4,0,0,0,0,0,-1.00730945344549,0,,,3,14,0,0,0,1,-0.703802749374456,0,4,6,21,0,0,0,0,0,0,-1.79404528357554,0,0.0,0.0810810810810811,,,0,3.5,7.5
2001,POST,00-0005092,,Marshall Faulk,RB,RB,,3,LA,0,0,0,0,0,0,0,0,0,0,0,0,,0,,,64,317,3,0,0,18,7.64274939871393,0,14,18,114,0,0,0,0,0,4,0.348504955706211,0,0.0,0.169811320754717,,,0,61.1,75.1
2001,POST,00-0005106,,Brett Favre,QB,QB,,2,GB,48,73,550,4,7,3,23,0,0,0,0,27,-14.2700128958988,0,0.0,0.0262492589158306,7,6,0,0,0,1,-4.22381668444723,0,0,0,0,0,0,0,0,0,0,,0,,,,,0,24.6,24.6
2001,POST,00-0005180,,Jay Fiedler,QB,QB,,1,MIA,15,28,122,0,1,3,17,1,1,0,0,6,-11.6749997914303,0,0.0,0.0318939358917415,3,16,0,0,0,0,-1.86496122865489,0,0,0,0,0,0,0,0,0,0,,0,,,,,0,2.48,2.48
2001,POST,00-0005562,,Antonio Freeman,WR,WR,,2,GB,0,0,0,0,0,0,0,0,0,0,0,0,,0,,,0,0,0,0,0,0,,0,13,19,148,3,1,1,0,0,8,-6.51758147022539,0,0.0,0.26027397260274,,,0,30.8,43.8
2001,POST,00-0005620,,Chris Fuamatu-Ma'afala,RB,RB,,2,PIT,0,0,0,0,0,0,0,0,0,0,0,0,,0,,,12,30,0,0,0,2,-2.74198852419448,0,0,1,0,0,0,0,0,0,0,-1.05548951402307,0,,0.0238095238095238,,,0,3.0,3.0
2001,POST,00-0005668,,Oronde Gadsden,WR,WR,,1,MIA,0,0,0,0,0,0,0,0,0,0,0,0,,0,,,0,0,0,0,0,0,,0,1,4,9,0,0,0,0,0,0,-2.21842267474858,0,0.0,0.142857142857143,,,0,0.9,1.9
2001,POST,00-0005741,,Rich Gannon,QB,QB,,2,LV,40,60,453,3,0,2,13,0,0,0,0,25,14.1202786797931,0,0.0,0.119900242471767,6,11,0,0,0,0,-0.334596376807895,0,0,0,0,0,0,0,0,0,0,,0,,,,,0,31.22,31.22
2001,POST,00-0005755,,Jeff Garcia,QB,QB,,1,SF,22,32,233,1,1,2,14,0,0,0,0,13,5.61258559718662,1,0.0,0.106221458112226,2,3,0,1,0,1,0.399627286416944,0,0,0,0,0,0,0,0,0,0,,0,,,,,0,13.62,13.62
2001,POST,00-0005779,,Charlie Garner,RB,RB,,2,LV,0,0,0,0,0,0,0,0,0,0,0,0,,0,,,32,222,1,0,0,7,6.84124313521897,1,7,8,59,0,0,0,0,0,3,1.77123925276101,0,0.0,0.133333333333333,,,0,36.1,43.1
2001,POST,00-0005822,,Sam Gash,FB,RB,,1,BAL,0,0,0,0,0,0,0,0,0,0,0,0,,0,,,0,0,0,0,0,0,,0,1,1,13,0,0,0,0,0,1,1.65841050737072,0,0.0,0.0555555555555556,,,0,1.3,2.3
2001,POST,00-0006300,,Elvis Grbac,QB,QB,,2,BAL,30,55,286,1,3,4,37,0,0,0,0,13,-11.9825926038509,0,0.0,0.0239625141637257,2,3,0,0,0,1,0.121908911212813,0,0,0,0,0,0,0,0,0,0,,0,,,,,0,9.74,9.74
2001,POST,00-0006305,,Ahman Green,RB,RB,,2,GB,0,0,0,0,0,0,0,0,0,0,0,0,,0,,,37,180,1,1,1,9,-5.13175438100006,0,10,16,67,0,0,0,0,0,1,-12.0568390572444,0,0.0,0.219178082191781,,,0,28.7,38.7
2001,POST,00-0006331,,Jacquez Green,WR,WR,,1,TB,0,0,0,0,0,0,0,0,0,0,0,0,,0,,,0,0,0,0,0,0,,0,2,6,15,0,0,0,0,0,1,-11.2249069784884,0,0.0,0.166666666666667,,,0,1.5,3.5
2001,POST,00-0006627,,Az-Zahir Hakim,WR,WR,,3,LA,0,0,0,0,0,0,0,0,0,0,0,0,,0,,,2,14,0,0,0,1,2.02564978098962,0,11,16,149,0,0,0,0,0,7,8.22756342044034,0,0.0,0.150943396226415,,,0,16.3,27.3
2001,POST,00-0007180,,Garrison Hearst,RB,RB,,1,SF,0,0,0,0,0,0,0,0,0,0,0,0,,0,,,13,42,1,0,0,4,0.485630893497728,0,2,3,26,0,0,0,0,0,1,-0.485993063775823,0,0.0,0.09375,,,0,12.8,14.8
2001,POST,00-0007254,,William Henderson,FB,RB,,1,GB,0,0,0,0,0,0,0,0,0,0,0,0,,0,,,1,7,0,0,0,1,0.909866567293648,0,4,4,22,0,0,0,0,0,2,1.13668992836028,0,0.0,0.137931034482759,,,0,2.9,6.9
2001,POST,00-0007546,,James Hodgins,RB,RB,,2,LA,0,0,0,0,0,0,0,0,0,0,0,0,,0,,,1,3,0,0,0,1,0.113695379695855,0,2,2,12,1,0,0,0,0,1,2.40193626133259,0,0.0,0.0273972602739726,,,0,7.5,9.5
2001,POST,00-0007681,,Torry Holt,WR,WR,,3,LA,0,0,0,0,0,0,0,0,0,0,0,0,,0,,,0,0,0,0,0,0,,0,15,28,191,1,0,0,0,0,8,-1.65223173645791,0,0.0,0.264150943396226,,,0,25.1,40.1
2001,POST,00-0008059,,Qadry Ismail,WR,WR,,2,BAL,0,0,0,0,0,0,0,0,0,0,0,0,,0,,,0,0,0,0,0,0,,0,2,8,24,0,0,0,0,0,1,-2.64485883334419,0,0.0,0.145454545454545,,,0,2.4,4.4
2001,POST,00-0008196,,Terry Jackson,RB,RB,,1,SF,0,0,0,0,0,0,0,0,0,0,0,0,,0,,,0,0,0,0,0,0,,0,1,1,19,0,0,0,0,0,1,1.33025740116136,0,0.0,0.03125,,,0,1.9,2.9
2001,POST,00-0008400,,James Jett,WR,WR,,2,LV,0,0,0,0,0,0,0,0,0,0,0,0,,0,,,0,0,0,0,0,0,,0,4,5,31,1,0,0,0,0,2,2.88937263505068,0,0.0,0.0833333333333333,,,0,9.1,13.1
2001,POST,00-0008442,,Brad Johnson,QB,QB,,1,TB,22,36,202,0,4,1,7,1,0,0,0,11,-12.547411808211,0,0.0,0.0250769747279919,1,2,0,0,0,1,0.67165030806791,0,0,0,0,0,0,0,0,0,0,,0,,,,,0,0.28,0.28
2001,POST,00-0008454,,Charles Johnson,WR,WR,,1,NE,0,0,0,0,0,0,0,0,0,0,0,0,,0,,,0,0,0,0,0,0,,0,2,3,22,0,0,0,0,0,2,1.12319820036646,0,0.0,0.0769230769230769,,,0,2.2,4.2
2001,POST,00-0008561,,Keyshawn Johnson,WR,WR,,1,TB,0,0,0,0,0,0,0,0,0,0,0,0,,0,,,0,0,0,0,0,0,,0,3,5,75,0,0,0,0,0,3,2.86749651614809,0,0.0,0.138888888888889,,,0,7.5,10.5
2001,POST,00-0008568,,Leon Johnson,RB,RB,,1,CHI,0,0,0,0,0,0,0,0,0,0,0,0,,0,,,3,7,0,0,0,3,1.76674224634189,0,0,0,0,0,0,0,0,0,0,,0,,,,,0,0.7,0.7
2001,POST,00-0008921,,Randy Jordan,RB,RB,,2,LV,0,0,0,0,0,0,0,0,0,0,0,0,,0,,,0,0,0,0,0,0,,0,2,3,13,0,0,0,0,0,0,-2.74414400085676,0,0.0,0.05,,,0,1.3,3.3
2001,POST,00-0009288,,Terry Kirby,RB,RB,,2,LV,0,0,0,0,0,0,0,0,0,0,0,0,,0,,,2,3,0,0,0,0,-0.733945805812255,0,0,0,0,0,0,0,0,0,0,,0,,,,,0,0.3,0.3
2001,POST,00-0009584,,Sean Landeta,P,SPEC,,1,PHI,0,0,0,0,0,0,0,0,0,0,0,0,,0,,,1,-20,0,0,0,0,-1.87462713813875,0,0,0,0,0,0,0,0,0,0,,0,,,,,0,-2.0,-2.0
2001,POST,00-0009829,,Dorsey Levens,RB,RB,,2,GB,0,0,0,0,0,0,0,0,0,0,0,0,,0,,,2,7,0,0,0,0,-0.124836009345017,0,3,3,34,0,0,0,0,0,2,3.53407922200859,0,0.0,0.0410958904109589,,,0,4.1,7.1
2001,POST,00-0009842,,Chad Lewis,TE,TE,,3,PHI,0,0,0,0,0,0,0,0,0,0,0,0,,0,,,0,0,0,0,0,0,,0,12,20,145,1,0,0,0,0,9,6.94175756531532,0,0.0,0.21505376344086,,,0,20.5,32.5
2001,POST,00-0009869,,Jermaine Lewis,WR,WR,,2,BAL,0,0,0,0,0,0,0,0,0,0,0,0,,0,,,2,4,0,0,0,1,0.186453857459128,0,0,0,0,0,0,0,0,0,0,,0,,,,,1,6.4,6.4
2001,POST,00-0010137,,Ray Lucas,QB,QB,,1,MIA,0,0,0,0,0,0,0,0,0,0,0,0,,0,,,1,10,0,0,0,1,1.04503031843342,0,0,0,0,0,0,0,0,0,0,,0,,,,,0,1.0,1.0
2001,POST,00-0010436,,Cecil Martin,RB,RB,,2,PHI,0,0,0,0,0,0,0,0,0,0,0,0,,0,,,0,0,0,0,0,0,,0,3,9,18,1,0,0,0,0,1,-0.183575675706379,0,0.0,0.130434782608696,,,0,7.8,10.8
2001,POST,00-0010442,,Curtis Martin,RB,RB,,1,NYJ,0,0,0,0,0,0,0,0,0,0,0,0,,0,,,16,106,0,0,0,6,4.56163661193568,0,6,7,34,0,1,1,0,-2,1,-1.95988804925457,0,0.0,0.17948717948718,,,0,12.0,18.0
2001,POST,00-0010560,,Shane Matthews,QB,QB,,1,CHI,8,17,66,0,2,1,9,0,0,0,0,2,-9.68103703879751,0,0.0,0.0375272461874794,1,-1,0,0,0,0,0.0025305835006292,0,0,0,0,0,0,0,0,0,0,,0,,,,,0,-1.46,-1.46
2001,POST,00-0010974,,James McKnight,WR,WR,,1,MIA,0,0,0,0,0,0,0,0,0,0,0,0,,0,,,0,0,0,0,0,0,,0,4,7,26,0,1,0,0,0,2,-2.60560674703447,0,0.0,0.25,,,0,2.6,6.6
2001,POST,00-0011022,,Donovan McNabb,QB,QB,,3,PHI,60,95,627,5,3,8,46,2,1,0,0,30,6.32421695383015,0,0.0,0.115775893551647,16,120,2,0,0,8,12.6164367098245,0,0,0,0,0,0,0,0,0,0,,0,,,,,0,61.08,61.08
2001,POST,00-0011276,,Jim Miller,QB,QB,,1,CHI,3,5,23,0,1,1,7,0,0,0,0,0,-6.04825972055551,0,0.0,0.0658181344250312,0,0,0,0,0,0,,0,0,0,0,0,0,0,0,0,0,,0,,,,,0,-1.08,-1.08
2001,POST,00-0011551,,Dave Moore,TE,TE,,1,TB,0,0,0,0,0,0,0,0,0,0,0,0,,0,,,0,0,0,0,0,0,,0,1,2,13,0,0,0,0,0,1,0.855579202529043,0,0.0,0.0555555555555556,,,0,1.3,2.3
2001,POST,00-0011854,,Yo Murphy,WR,WR,,1,LA,0,0,0,0,0,0,0,0,0,0,0,0,,0,,,0,0,0,0,0,0,,0,1,1,11,0,0,0,0,0,1,0.390278828388546,0,0.0,0.0232558139534884,,,0,1.1,2.1
2001,POST,00-0012478,,Terrell Owens,WR,WR,,1,SF,0,0,0,0,0,0,0,0,0,0,0,0,,0,,,0,0,0,0,0,0,,0,4,9,40,0,0,0,0,0,2,-2.98420730058569,0,0.0,0.28125,,,0,4.0,8.0
2001,POST,00-0012642,,David Patten,WR,WR,,3,NE,0,0,0,0,0,0,0,0,0,0,0,0,,0,,,1,22,0,0,0,1,1.45528636267409,0,13,31,154,2,0,0,0,0,12,4.85097194706091,0,0.0,0.274336283185841,,,0,29.6,42.6
2001,POST,00-0012726,,Doug Pederson,QB,QB,,1,GB,0,0,0,0,0,0,0,0,0,0,0,0,,0,,,1,-1,0,0,0,0,-0.414671337639447,0,0,0,0,0,0,0,0,0,0,,0,,,,,0,-0.1,-0.1
2001,POST,00-0013268,,Ricky Proehl,WR,WR,,1,LA,0,0,0,0,0,0,0,0,0,0,0,0,,0,,,0,0,0,0,0,0,,0,3,5,71,1,1,1,0,0,2,0.682825293945026,0,0.0,0.116279069767442,,,0,11.1,14.1
2001,POST,00-0013467,,Jamie Reader,RB,RB,,1,PHI,0,0,0,0,0,0,0,0,0,0,0,0,,0,,,1,-1,0,0,0,0,-0.732240726007149,0,0,0,0,0,0,0,0,0,0,,0,,,,,0,-0.1,-0.1
2001,POST,00-0013639,,Jerry Rice,WR,WR,,2,LV,0,0,0,0,0,0,0,0,0,0,0,0,,0,,,0,0,0,0,0,0,,0,13,19,231,1,0,0,0,0,12,14.561883866649,0,0.0,0.316666666666667,,,0,29.1,42.1
2001,POST,00-0013773,,Jon Ritchie,FB,RB,,2,LV,0,0,0,0,0,0,0,0,0,0,0,0,,0,,,0,0,0,0,0,0,,0,1,3,11,0,0,0,0,0,1,-0.050207263615448,0,0.0,0.05,,,0,1.1,2.1
2001,POST,00-0013872,,Jeff Robinson,LS,SPEC,,2,LA,0,0,0,0,0,0,0,0,0,0,0,0,,0,,,0,0,0,0,0,0,,0,3,4,45,0,0,0,0,0,2,0.356194972759113,0,0.0,0.0547945205479452,,,0,4.5,7.5
2001,POST,00-0014211,,Rod Rutledge,TE,TE,,1,NE,0,0,0,0,0,0,0,0,0,0,0,0,,0,,,0,0,0,0,0,0,,0,0,1,0,0,0,0,0,0,0,-1.25450143077708,0,,0.0196078431372549,,,0,0.0,0.0
2001,POST,00-0014489,,Bill Schroeder,WR,WR,,2,GB,0,0,0,0,0,0,0,0,0,0,0,0,,0,,,0,0,0,0,0,0,,0,5,10,70,0,0,0,0,0,4,-2.97637198143639,0,0.0,0.136986301369863,,,0,7.0,12.0
2001,POST,00-0014722,,Shannon Sharpe,TE,TE,,2,BAL,0,0,0,0,0,0,0,0,0,0,0,0,,0,,,0,0,0,0,0,0,,0,9,12,79,0,0,0,0,0,4,0.0088765703258104,0,0.0,0.218181818181818,,,0,7.9,16.9
2001,POST,00-0014729,,Bobby Shaw,WR,WR,,2,PIT,0,0,0,0,0,0,0,0,0,0,0,0,,0,,,0,0,0,0,0,0,,0,2,4,23,0,0,0,0,0,2,1.76829396735411,0,0.0,0.0625,,,0,2.3,4.3
2001,POST,00-0015091,,Antowain Smith,RB,RB,,3,NE,0,0,0,0,0,0,0,0,0,0,0,0,,0,,,53,204,0,0,0,9,-3.66294475196628,0,1,2,4,0,0,0,0,0,0,-0.655112932436168,0,0.0,0.027027027027027,,,0,20.8,21.8
2001,POST,00-0015242,,Lamar Smith,RB,RB,,1,MIA,0,0,0,0,0,0,0,0,0,0,0,0,,0,,,6,6,0,0,0,0,-3.57420893677045,0,1,2,6,0,0,0,0,0,0,-0.514136800076813,0,0.0,0.0714285714285714,,,0,1.2,2.2
2001,POST,00-0015420,,Jerald Sowell,FB,RB,,1,NYJ,0,0,0,0,0,0,0,0,0,0,0,0,,0,,,0,0,0,0,0,0,,0,1,1,6,0,0,0,0,0,0,-0.147961769485846,0,0.0,0.0256410256410256,,,0,0.6,1.6
2001,POST,00-0015523,,Duce Staley,RB,RB,,3,PHI,0,0,0,0,0,0,0,0,0,0,0,0,,0,,,44,139,1,0,0,7,-5.1630372373038,0,17,19,139,2,0,0,0,0,4,7.49114217938403,0,0.0,0.204301075268817,,,0,45.8,62.8
2001,POST,00-0015700,,Kordell Stewart,QB,QB,,2,PIT,36,64,409,1,4,5,18,0,0,0,0,22,-2.81349594744899,0,0.0,0.0254542059600993,18,71,0,2,1,4,-6.90664266847307,0,0,0,0,0,0,0,0,0,0,,0,,,,,0,17.46,17.46
2001,POST,00-0015751,,J.J. Stokes,WR,WR,,1,SF,0,0,0,0,0,0,0,0,0,0,0,0,,0,,,0,0,0,0,0,0,,0,4,6,52,0,0,0,0,0,3,2.64261152473046,0,0.0,0.1875,,,0,5.2,9.2
2001,POST,00-0015754,,Brandon Stokley,WR,WR,,2,BAL,0,0,0,0,0,0,0,0,0,0,0,0,,0,,,0,0,0,0,0,0,,0,2,7,38,0,0,0,0,0,2,-0.0711035216227174,0,0.0,0.127272727272727,,,0,3.8,5.8
2001,POST,00-0015811,,Tai Streets,WR,WR,,1,SF,0,0,0,0,0,0,0,0,0,0,0,0,,0,,,1,9,0,0,0,0,0.980691342614591,0,4,4,50,1,0,0,0,0,4,7.34222145372769,1,0.0,0.125,,,0,13.9,17.9
2001,POST,00-0015959,,Kevin Swayne,WR,WR,,1,NYJ,0,0,0,0,0,0,0,0,0,0,0,0,,0,,,0,0,0,0,0,0,,0,0,2,0,0,0,0,0,0,0,-1.09575541908271,0,,0.0512820512820513,,,0,0.0,0.0
2001,POST,00-0016193,,Vinny Testaverde,QB,QB,,1,NYJ,26,40,268,3,0,1,3,0,0,0,0,11,9.59820854516599,0,0.0,0.147662228314169,1,1,0,0,0,0,-0.3718879702501,0,0,0,0,0,0,0,0,0,0,,0,,,,,0,22.82,22.82
2001,POST,00-0016347,,Jeff Thomason,TE,TE,,1,PHI,0,0,0,0,0,0,0,0,0,0,0,0,,0,,,0,0,0,0,0,0,,0,2,3,39,0,0,0,0,0,2,4.85297040513251,0,0.0,0.0769230769230769,,,0,3.9,5.9
2001,POST,00-0016440,,James Thrash,WR,WR,,3,PHI,0,0,0,0,0,0,0,0,0,0,0,0,,0,,,2,-3,0,0,0,1,-0.379285583738238,0,11,16,151,0,0,0,0,2,8,0.952433680490788,0,0.0,0.172043010752688,,,0,14.8,25.8
2001,POST,00-0016677,,Jerame Tuman,TE,TE,,1,PIT,0,0,0,0,0,0,0,0,0,0,0,0,,0,,,0,0,0,0,0,0,,0,1,2,3,0,0,0,0,0,0,-0.713245101156645,0,0.0,0.0476190476190476,,,0,0.3,1.3
2001,POST,00-0017160,,Dedric Ward,WR,WR,,1,MIA,0,0,0,0,0,0,0,0,0,0,0,0,,0,,,0,0,0,0,0,0,,0,5,10,55,0,0,0,0,0,3,-1.30251305550337,0,0.0,0.357142857142857,,,0,5.5,10.5
2001,POST,00-0017162,,Hines Ward,WR,WR,,2,PIT,0,0,0,0,0,0,0,0,0,0,0,0,,0,,,2,4,0,0,0,0,-1.33003560360521,0,9,17,101,0,0,0,0,0,3,-0.172562530613504,0,0.0,0.265625,,,0,10.5,19.5
2001,POST,00-0017200,,Kurt Warner,QB,QB,,3,LA,68,107,793,4,3,6,45,2,0,0,0,37,-0.0114347728907132,0,0.0,0.0516229788919421,9,8,1,0,0,1,-3.2741821014788,0,0,0,0,0,0,0,0,0,0,,0,,,,,0,48.52,48.52
2001,POST,00-0017356,,Jed Weaver,TE,TE,,1,MIA,0,0,0,0,0,0,0,0,0,0,0,0,,0,,,0,0,0,0,0,0,,0,2,2,22,0,0,0,0,0,1,1.20136119588278,0,0.0,0.0714285714285714,,,0,2.2,4.2
2001,POST,00-0017486,,Tyrone Wheatley,RB,RB,,2,LV,0,0,0,0,0,0,0,0,0,0,0,0,,0,,,15,42,0,0,0,1,-2.00571100442903,0,0,0,0,0,0,0,0,0,0,,0,,,,,0,4.2,4.2
2001,POST,00-0017644,,Jermaine Wiggins,TE,TE,,3,NE,0,0,0,0,0,0,0,0,0,0,0,0,,0,,,0,0,0,0,0,0,,0,14,21,89,0,0,0,0,0,6,-0.110509520862252,0,0.0,0.185840707964602,,,0,8.9,22.9
2001,POST,00-0017847,,Karl Williams,WR,WR,,1,TB,0,0,0,0,0,0,0,0,0,0,0,0,,0,,,0,0,0,0,0,0,,0,2,4,25,0,0,0,0,0,2,-1.75829716218868,0,0.0,0.111111111111111,,,0,2.5,4.5
2001,POST,00-0017892,,Moe Williams,RB,RB,,2,BAL,0,0,0,0,0,0,0,0,0,0,0,0,,0,,,9,29,0,0,0,1,-1.02140308739164,0,4,4,24,0,0,0,0,0,1,0.672901029931381,0,0.0,0.108108108108108,,,0,5.3,9.3
2001,POST,00-0017924,,Roland Williams,TE,TE,,1,LV,0,0,0,0,0,0,0,0,0,0,0,0,,0,,,0,0,0,0,0,0,,0,1,2,7,0,0,0,0,0,1,-0.905757086584345,0,0.0,0.0689655172413793,,,0,0.7,1.7
2001,POST,00-0018141,,Jon Witman,FB,RB,,1,PIT,0,0,0,0,0,0,0,0,0,0,0,0,,0,,,1,2,0,0,0,0,-0.515740009606816,0,0,0,0,0,0,0,0,0,0,,0,,,,,0,0.2,0.2
2001,POST,00-0018501,,Amos Zereoue,RB,RB,,2,PIT,0,0,0,0,0,0,0,0,0,0,0,0,,0,,,28,74,3,1,0,7,0.663778668851592,0,6,8,63,0,0,0,0,0,3,1.72266889445018,0,0.0,0.125,,,0,31.7,37.7
2001,POST,00-0018958,,Laveranues Coles,WR,WR,,1,NYJ,0,0,0,0,0,0,0,0,0,0,0,0,,0,,,1,7,0,0,0,0,0.288961031707004,0,8,13,123,0,0,0,0,0,4,4.0806190133444,0,0.0,0.333333333333333,,,0,13.0,21.0
2001,POST,00-0019127,,Todd Yoder,TE,TE,,1,TB,0,0,0,0,0,0,0,0,0,0,0,0,,0,,,0,0,0,0,0,0,,0,1,1,5,0,0,0,0,0,1,0.487892443081364,0,0.0,0.0277777777777778,,,0,0.5,1.5
2001,POST,00-0019135,,Dan Kreider,FB,RB,,2,PIT,0,0,0,0,0,0,0,0,0,0,0,0,,0,,,0,0,0,0,0,0,,0,2,3,13,0,0,0,0,0,0,-0.813390562077984,0,0.0,0.046875,,,0,1.3,3.3
2001,POST,00-0019423,,Jason Brookins,RB,RB,,2,BAL,0,0,0,0,0,0,0,0,0,0,0,0,,0,,,14,71,0,0,0,4,1.1901633356465,0,1,1,3,0,0,0,0,0,0,0.0242907888023183,0,0.0,0.0555555555555556,,,0,7.4,8.4
2001,POST,00-0019457,,Anthony Becht,TE,TE,,1,NYJ,0,0,0,0,0,0,0,0,0,0,0,0,,0,,,0,0,0,0,0,0,,0,0,1,0,0,0,0,0,0,0,-0.491477904724889,0,,0.0256410256410256,,,0,0.0,0.0
2001,POST,00-0019510,,Ahmad Merritt,WR,WR,,1,CHI,0,0,0,0,0,0,0,0,0,0,0,0,,0,,,1,47,1,0,0,1,4.70772707555443,0,0,0,0,0,0,0,0,0,0,,0,,,,,0,10.7,10.7
2001,POST,00-0019533,,Patrick Pass,RB,RB,,1,NE,0,0,0,0,0,0,0,0,0,0,0,0,,0,,,0,0,0,0,0,0,,0,0,1,0,0,0,0,0,0,0,-1.36239440040663,0,,0.0434782608695652,,,0,0.0,0.0
2001,POST,00-0019592,,Antwan Harris,DB,DB,,1,NE,0,0,0,0,0,0,0,0,0,0,0,0,,0,,,0,0,0,0,0,0,,0,0,0,0,0,0,0,0,0,0,,0,,,,,1,6.0,6.0
2001,POST,00-0019596,T.Brady,Tom Brady,QB,QB,"https://static.www.nfl.com/image/private/f_auto,q_auto/league/q7dpdlxyu5rs05rgh1le",3,NE,60,97,572,1,1,5,36,1,0,0,0,29,-4.45041636892423,0,0.0,0.030804899916966,8,22,1,0,0,3,-1.82361230495275,0,0,0,0,0,0,0,0,0,0,,0,,,,,0,33.08,33.08
2001,POST,00-0019606,,Todd Pinkston,WR,WR,,3,PHI,0,0,0,0,0,0,0,0,0,0,0,0,,0,,,0,0,0,0,0,0,,0,8,13,93,1,0,0,0,0,4,3.93055612383092,0,0.0,0.139784946236559,,,0,15.3,23.3
2001,POST,00-0019642,,Plaxico Burress,WR,WR,,2,PIT,0,0,0,0,0,0,0,0,0,0,0,0,,0,,,0,0,0,0,0,0,,0,10,20,151,1,0,0,0,0,10,4.85460848382122,0,0.0,0.3125,,,0,21.1,31.1
2001,POST,00-0019644,,Bubba Franks,TE,TE,,2,GB,0,0,0,0,0,0,0,0,0,0,0,0,,0,,,0,0,0,0,0,0,,0,3,6,40,1,0,0,0,0,2,-3.97289324493613,0,0.0,0.0821917808219178,,,0,10.0,13.0
2001,POST,00-0019660,,Dez White,WR,WR,,1,CHI,0,0,0,0,0,0,0,0,0,0,0,0,,0,,,1,15,0,0,0,1,0.952018797164783,0,4,7,30,0,0,0,0,0,1,-3.78526089066872,0,0.0,0.318181818181818,,,0,4.5,8.5
2001,POST,00-0019703,,Jerry Porter,WR,WR,,2,LV,0,0,0,0,0,0,0,0,0,0,0,0,,0,,,0,0,0,0,0,0,,0,3,3,36,0,0,0,0,0,2,2.94300607364858,0,0.0,0.05,,,0,3.6,6.6
2001,POST,00-0019709,,Chris Redman,QB,QB,,1,BAL,0,0,0,0,0,0,0,0,0,0,0,0,,0,,,2,-2,0,0,0,0,-1.77450188348303,0,0,0,0,0,0,0,0,0,0,,0,,,,,0,-0.2,-0.2
2001,POST,00-0019721,,Travis Taylor,WR,WR,,2,BAL,0,0,0,0,0,0,0,0,0,0,0,0,,0,,,1,15,0,0,0,1,1.38738825160544,0,6,13,76,1,0,0,0,0,3,-4.52716948342277,0,0.0,0.236363636363636,,,0,15.1,21.1
2001,POST,00-0019722,,J.R. Redmond,RB,RB,,3,NE,0,0,0,0,0,0,0,0,0,0,0,0,,0,,,7,6,0,0,0,0,-4.72499844536651,0,9,11,69,0,0,0,0,0,4,-0.661172979802359,0,0.0,0.0973451327433628,,,0,7.5,16.5
2001,POST,00-0020270,,Correll Buckhalter,RB,RB,,3,PHI,0,0,0,0,0,0,0,0,0,0,0,0,,0,,,18,110,1,0,0,3,1.59840862668352,0,4,5,26,0,0,0,0,0,1,1.1440271291649,0,0.0,0.0537634408602151,,,0,19.6,23.6
2001,POST,00-0020273,,Vinny Sutherland,WR,WR,,1,SF,0,0,0,0,0,0,0,0,0,0,0,0,,0,,,0,0,0,0,0,0,,0,1,1,8,0,0,0,0,0,1,0.886881033540703,0,0.0,0.03125,,,0,0.8,1.8
2001,POST,00-0020403,,Anthony Thomas,RB,RB,,1,CHI,0,0,0,0,0,0,0,0,0,0,0,0,,0,,,15,36,0,0,0,0,-4.6416950894054,0,1,1,11,0,0,0,0,0,0,0.196131972130388,0,0.0,0.0454545454545455,,,0,4.7,5.7
2001,POST,00-0020448,,Travis Minor,RB,RB,,1,MIA,0,0,0,0,0,0,0,0,0,0,0,0,,0,,,5,14,0,1,1,0,-4.07620412000688,0,2,3,4,0,0,0,0,0,0,-0.324788017198443,0,0.0,0.107142857142857,,,0,-0.2,1.8
2001,POST,00-0020455,,Eric Johnson,TE,TE,,1,SF,0,0,0,0,0,0,0,0,0,0,0,0,,0,,,0,0,0,0,0,0,,0,4,5,36,0,0,0,0,0,1,0.984579531999771,0,0.0,0.15625,,,0,3.6,7.6
2001,POST,00-0020462,,LaMont Jordan,RB,RB,,1,NYJ,0,0,0,0,0,0,0,0,0,0,0,0,,0,,,5,31,0,0,0,2,3.6621264773421,0,0,0,0,0,0,0,0,0,0,,0,,,,,0,3.1,3.1
2001,POST,00-0020474,,Kevan Barlow,RB,RB,,1,SF,0,0,0,0,0,0,0,0,0,0,0,0,,0,,,5,17,0,0,0,0,-0.937497450155206,0,2,3,2,0,0,0,0,0,0,-1.39111608918756,0,0.0,0.09375,,,0,1.9,3.9
2001,POST,00-0020494,,Santana Moss,WR,WR,,1,NYJ,0,0,0,0,0,0,0,0,0,0,0,0,,0,,,0,0,0,0,0,0,,0,1,2,20,0,0,0,0,0,1,-2.29505654185778,0,0.0,0.0512820512820513,,,0,2.0,3.0
2001,POST,00-0020497,,Freddie Mitchell,WR,WR,,3,PHI,0,0,0,0,0,0,0,0,0,0,0,0,,0,,,0,0,0,0,0,0,,0,3,7,16,0,0,0,0,0,1,-2.41822944556697,0,0.0,0.0752688172043011,,,0,1.6,4.6
2001,POST,00-0020513,,David Terrell,WR,WR,,1,CHI,0,0,0,0,0,0,0,0,0,0,0,0,,0,,,0,0,0,0,0,0,,0,2,3,18,0,0,0,0,0,1,1.01518636348192,0,0.0,0.136363636363636,,,0,1.8,3.8
2001,POST,00-0020516,,Todd Heap,TE,TE,,2,BAL,0,0,0,0,0,0,0,0,0,0,0,0,,0,,,0,0,0,0,0,0,,0,1,4,11,0,0,0,0,0,1,0.484101908458358,0,0.0,0.0727272727272727,,,0,1.1,2.1
2001,REG+POST,00-0000007,,Rabih Abdullah,RB,RB,,2,TB,0,0,0,0,0,0,0,0,0,0,0,0,,0,,,11,40,0,0,0,1,-0.837385120335966,0,2,2,26,0,0,0,0,0,2,2.19201069039991,0,0.0,0.0645161290322581,,,0,6.6,8.6
2001,REG+POST,00-0000145,,Derrick Alexander,WR,WR,,13,KC,0,0,0,0,0,0,0,0,0,0,0,0,,0,,,2,16,0,0,0,1,0.731802382040769,0,27,68,470,3,0,0,0,0,22,2.14973424011376,0,0.0,0.164251207729469,,,0,66.6,93.6
2001,REG+POST,00-0000166,,Stephen Alexander,TE,TE,,4,WAS,0,0,0,0,0,0,0,0,0,0,0,0,,0,,,0,0,0,0,0,0,,0,9,23,85,0,0,0,0,0,3,-5.64839141269202,0,0.0,0.205357142857143,,,0,8.5,17.5
2001,REG+POST,00-0000210,,James Allen,RB,RB,,17,CHI,0,0,0,0,0,0,0,0,0,0,0,0,,0,,,137,476,1,1,0,27,-12.9243417276049,0,31,45,212,1,0,0,0,7,9,-6.1858709336114,0,0.0,0.0974025974025974,,,0,80.8,111.8
2001,REG+POST,00-0000232,,Terry Allen,RB,RB,,13,BAL,0,0,0,0,0,0,0,0,0,0,0,0,,0,,,197,778,4,1,1,36,-18.268324644906,0,20,23,79,0,1,1,0,0,1,-7.20673685561633,0,0.0,0.0725552050473186,,,0,105.7,125.7
2001,REG+POST,00-0000251,,Mike Alstott,FB,RB,,17,TB,0,0,0,0,0,0,0,0,0,0,0,0,,0,,,177,712,10,0,0,41,4.52246719953837,0,40,56,263,1,2,2,0,0,10,-2.44173395417784,2,0.0,0.0954003407155026,,,0,163.5,203.5
2001,REG+POST,00-0000316,,Jamal Anderson,RB,RB,,3,ATL,0,0,0,0,0,0,0,0,0,0,0,0,,0,,,55,190,1,1,1,8,-10.3180419075105,0,3,4,111,1,0,0,0,0,1,7.39287645998411,0,0.0,0.0625,,,0,40.1,43.1
2001,REG+POST,00-0000339,,Richie Anderson,FB,RB,,17,NYJ,0,0,0,0,0,0,0,0,0,0,0,0,,0,,,26,102,0,0,0,4,-0.756233622494619,0,46,63,285,3,2,2,0,0,13,-13.7629277095307,0,0.0,0.128048780487805,,,0,52.7,98.7
2001,REG+POST,00-0000387,,Reidel Anthony,WR,WR,,10,TB,0,0,0,0,0,0,0,0,0,0,0,0,,0,,,3,22,0,0,0,1,0.609103790600784,0,13,34,162,0,0,0,0,0,8,-1.27023390014016,0,0.0,0.113333333333333,,,0,18.4,31.4
2001,REG+POST,00-0000552,,Obafemi Ayanbadejo,RB,RB,,15,BAL,0,0,0,0,0,0,0,0,0,0,0,0,,0,,,48,181,1,1,1,11,-5.84070607418987,0,25,35,128,1,0,0,0,0,7,-7.78977123231979,0,0.0,0.0802752293577982,,,0,40.9,65.9
2001,REG+POST,00-0000722,,Tony Banks,QB,QB,,15,WAS,198,370,2386,10,10,29,173,2,2,0,0,106,-38.9006018493247,1,0.0,0.0278842714559453,47,152,2,8,2,7,-9.99859339661542,0,0,0,0,0,0,0,0,0,0,,0,,,,,0,136.64,136.64
2001,REG+POST,00-0000727,,Brad Banta,TE,TE,,1,DET,0,0,0,0,0,0,0,0,0,0,0,0,,0,,,0,0,0,0,0,0,,0,0,1,0,0,0,0,0,0,0,-5.19425076595508,0,,0.025,,,0,0.0,0.0
2001,REG+POST,00-0000745,,Tiki Barber,RB,RB,,14,NYG,0,0,0,0,0,0,0,0,0,0,0,0,,0,,,166,865,4,3,1,40,8.25984092860017,1,72,98,577,0,2,0,0,0,29,9.1372579886577,0,0.0,0.198380566801619,,,0,168.2,240.2
2001,REG+POST,00-0000849,,Mike Bartrum,LS,SPEC,,2,PHI,0,0,0,0,0,0,0,0,0,0,0,0,,0,,,0,0,0,0,0,0,,0,1,2,4,1,0,0,0,0,1,1.28378168342169,0,0.0,0.0363636363636364,,,0,6.4,7.4
2001,REG+POST,00-0000865,,Charlie Batch,QB,QB,,10,DET,198,341,2392,12,12,33,176,5,3,0,0,107,-16.084049925135,1,0.0,0.0569348760054364,12,45,0,1,1,5,-3.99295604294621,0,0,0,0,0,0,0,0,0,0,,0,,,,,0,118.18,118.18
2001,REG+POST,00-0000869,,D'Wayne Bates,WR,WR,,4,CHI,0,0,0,0,0,0,0,0,0,0,0,0,,0,,,0,0,0,0,0,0,,0,9,14,160,1,0,0,0,0,6,7.90609311810992,0,0.0,0.0897435897435897,,,0,22.0,31.0
2001,REG+POST,00-0000883,,Marco Battaglia,TE,TE,,7,WAS,0,0,0,0,0,0,0,0,0,0,0,0,,0,,,0,0,0,0,0,0,,0,14,24,127,0,1,0,0,0,8,1.18962629087036,0,0.0,0.0967741935483871,,,0,12.7,26.7
2001,REG+POST,00-0000911,,Fred Baxter,TE,TE,,14,CHI,0,0,0,0,0,0,0,0,0,0,0,0,,0,,,0,0,0,0,0,0,,0,23,48,151,2,0,0,0,0,10,-23.2815905925298,0,0.0,0.101694915254237,,,0,27.1,50.1
2001,REG+POST,00-0000942,,Fred Beasley,RB,RB,,14,SF,0,0,0,0,0,0,0,0,0,0,0,0,,0,,,23,73,1,0,0,8,0.898297807871131,0,16,28,99,0,1,1,0,0,6,-4.91243229061365,0,0.0,0.0790960451977401,,,0,21.2,37.2
2001,REG+POST,00-0001098,,Brandon Bennett,RB,RB,,15,CIN,0,0,0,0,0,0,0,0,0,0,0,0,,0,,,50,232,0,1,0,15,0.609994063212071,0,20,26,150,0,0,0,0,0,8,2.44249555486022,0,0.0,0.0559139784946237,,,0,38.2,58.2
2001,REG+POST,00-0001102,,Donnell Bennett,FB,RB,,14,WAS,0,0,0,0,0,0,0,0,0,0,0,0,,0,,,10,39,0,1,0,2,-1.49705049378099,0,15,25,112,0,0,0,0,0,4,-4.71813000605972,1,0.0,0.0811688311688312,,,0,17.1,32.1
2001,REG+POST,00-0001157,,Mitch Berger,P,SPEC,,1,MIN,0,1,0,0,0,0,0,0,0,0,0,0,-2.39802458370104,0,,,0,0,0,0,0,0,,0,0,0,0,0,0,0,0,0,0,,0,,,,,0,0.0,0.0
2001,REG+POST,00-0001215,,Jerome Bettis,RB,RB,,12,PIT,1,2,32,1,0,0,0,0,0,0,0,1,3.92456180020236,0,0.0,,234,1080,5,3,0,47,-8.80653346262057,0,10,12,71,0,0,0,0,0,4,2.66193497733912,0,0.0,0.0421052631578947,,,0,150.38,160.38
2001,REG+POST,00-0001224,,Tim Biakabutuka,RB,RB,,5,CAR,0,0,0,0,0,0,0,0,0,0,0,0,,0,,,53,230,1,1,1,9,-6.13059186327155,0,12,17,121,0,2,0,0,0,3,-5.04143492970616,0,0.0,0.0955056179775281,,,0,39.1,51.1
2001,REG+POST,00-0001317,,Will Blackwell,WR,WR,,1,PIT,0,0,0,0,0,0,0,0,0,0,0,0,,0,,,0,0,0,0,0,0,,0,1,1,8,0,0,0,0,0,0,0.555341570521705,0,0.0,0.0285714285714286,,,0,0.8,1.8
2001,REG+POST,00-0001335,,Jeff Blake,QB,QB,,1,NO,0,1,0,0,0,0,0,0,0,0,0,0,-0.483373706229031,0,,,1,-1,0,0,0,0,-0.0389493770780973,0,0,0,0,0,0,0,0,0,0,,0,,,,,0,-0.1,-0.1
2001,REG+POST,00-0001361,,Drew Bledsoe,QB,QB,,3,NE,50,87,502,3,2,7,32,0,0,0,0,25,-3.87870090271005,0,0.0,0.0358287864154048,9,19,0,1,0,1,-4.54424054879928,0,0,0,0,0,0,0,0,0,0,,0,,,,,0,29.98,29.98
2001,REG+POST,00-0001477,,Marty Booker,WR,WR,,17,CHI,1,2,34,1,0,0,0,0,0,0,0,1,4.04906399932224,0,0.0,,4,8,0,0,0,1,-3.20451741258148,0,102,161,1089,8,2,1,0,0,56,29.9663150407802,0,0.0,0.295412844036697,,,0,161.06,263.06
2001,REG+POST,00-0001532,,David Boston,WR,WR,,16,ARI,0,0,0,0,0,0,0,0,0,0,0,0,,0,,,5,35,0,0,0,3,1.1799029384274,0,98,175,1598,8,1,1,0,0,72,65.6958189226314,0,0.0,0.341130604288499,,,0,209.3,307.3
2001,REG+POST,00-0001545,,Todd Bouman,QB,QB,,5,MIN,51,89,795,8,4,4,27,0,0,0,0,32,15.0420073887721,0,0.0,0.117878746689835,9,61,0,1,0,4,3.11145205705543,0,0,0,0,0,0,0,0,0,0,,0,,,,,0,61.9,61.9
2001,REG+POST,00-0001627,,Corey Bradford,WR,WR,,18,GB,0,0,0,0,0,0,0,0,0,0,0,0,,0,,,0,0,0,0,0,0,,0,38,69,661,2,1,0,0,0,30,26.3426664305105,0,0.0,0.119791666666667,,,0,78.1,116.1
2001,REG+POST,00-0001661,,Kyle Brady,TE,TE,,15,JAX,0,0,0,0,0,0,0,0,0,0,0,0,,0,,,0,0,0,0,0,0,,0,36,63,386,2,0,0,0,0,20,-9.19937331292856,0,0.0,0.127272727272727,,,0,50.6,86.6
2001,REG+POST,00-0001766,,Jeremy Brigham,TE,TE,,12,LV,0,0,0,0,0,0,0,0,0,0,0,0,,0,,,0,0,0,0,0,0,,0,13,18,95,1,0,0,0,0,8,-2.29733587582788,0,0.0,0.0439024390243902,,,0,15.5,28.5
2001,REG+POST,00-0001823,,Aaron Brooks,QB,QB,,16,NO,312,558,3832,26,22,50,330,4,0,0,0,183,10.5799587522062,1,0.0,0.0484128762986922,80,358,1,9,2,24,-13.9490669006604,0,0,1,0,0,0,0,0,0,0,-0.40846578287892,0,,0.0357142857142857,,,0,253.08,253.08
2001,REG+POST,00-0001862,,Luther Broughton,TE,TE,,3,CAR,0,0,0,0,0,0,0,0,0,0,0,0,,0,,,0,0,0,0,0,0,,0,2,4,22,0,0,0,0,0,1,0.163497097208165,0,0.0,0.0268456375838926,,,0,2.2,4.2
2001,REG+POST,00-0001980,,Kris Brown,K,SPEC,,1,PIT,0,0,0,0,0,0,0,0,0,0,0,0,,0,,,1,6,0,0,0,1,1.32618868094869,0,0,0,0,0,0,0,0,0,0,,0,,,,,0,0.6,0.6
2001,REG+POST,00-0001981,,Lance Brown,DB,DB,,1,BUF,0,0,0,0,0,0,0,0,0,0,0,0,,0,,,0,0,0,0,0,0,,0,0,1,0,0,0,0,0,0,0,-0.660845086094923,0,,0.0357142857142857,,,0,0.0,0.0
2001,REG+POST,00-0002005,,Na Brown,WR,WR,,9,PHI,0,0,0,0,0,0,0,0,0,0,0,0,,0,,,0,0,0,0,0,0,,0,7,18,95,0,0,0,0,0,6,-3.20200650951664,0,0.0,0.0640569395017794,,,0,9.5,16.5
2001,REG+POST,00-0002058,,Tim Brown,WR,WR,,18,LV,0,0,0,0,0,0,0,0,0,0,0,0,,0,,,5,45,0,0,0,3,3.14800330373691,0,99,156,1220,10,0,0,0,0,64,69.0808065526989,0,0.0,0.260869565217391,,,1,192.5,291.5
2001,REG+POST,00-0002068,,Troy Brown,WR,WR,,19,NE,0,0,0,0,0,0,0,0,0,0,0,0,,0,,,12,82,0,1,0,4,2.83406566560734,0,119,166,1452,5,0,0,0,0,69,58.1876798374123,0,0.0,0.282312925170068,,,3,201.4,320.4
2001,REG+POST,00-0002099,,Isaac Bruce,WR,WR,,19,LA,0,0,0,0,0,0,0,0,0,0,0,0,,0,,,4,23,0,1,1,1,-3.29025591805112,0,78,127,1265,7,3,1,0,0,60,50.3970285560005,0,0.0,0.195084485407066,,,0,166.8,244.8
2001,REG+POST,00-0002102,,Mark Bruener,TE,TE,,8,PIT,0,0,0,0,0,0,0,0,0,0,0,0,,0,,,0,0,0,0,0,0,,0,12,19,98,0,0,0,0,0,5,2.11586648522643,0,0.0,0.0848214285714286,,,0,9.8,21.8
2001,REG+POST,00-0002110,,Mark Brunell,QB,QB,,15,JAX,289,473,3309,10,13,57,387,7,3,0,0,164,-126.476167561342,1,0.0,0.0283677830419066,39,224,1,1,0,12,-7.48044391236702,0,0,0,0,0,0,0,0,0,0,,0,,,,,0,170.76,170.76
2001,REG+POST,00-0002159,,Shawn Bryson,RB,RB,,8,BUF,0,0,0,0,0,0,0,0,0,0,0,0,,0,,,80,341,2,0,0,9,-9.32802321558366,0,9,11,59,0,0,0,0,0,3,-0.0169160352088511,0,0.0,0.0523809523809524,,,0,52.0,61.0
2001,REG+POST,00-0002185,,Terrell Buckley,DB,DB,,2,NE,0,0,0,0,0,0,0,0,0,0,0,0,,0,,,0,0,0,0,0,0,,0,0,2,0,0,0,0,0,0,0,-2.44106821902096,0,,0.0392156862745098,,,0,0.0,0.0
2001,REG+POST,00-0002380,,Steve Bush,RB,RB,,5,ARI,0,0,0,0,0,0,0,0,0,0,0,0,,0,,,0,0,0,0,0,0,,0,8,12,80,0,0,0,0,0,7,0.127190816470864,0,0.0,0.072289156626506,,,0,8.0,16.0
2001,REG+POST,00-0002469,,Isaac Byrd,WR,WR,,15,CAR,0,0,0,0,0,0,0,0,0,0,0,0,,0,,,1,-2,0,0,0,0,-1.34819780988619,0,37,71,492,1,0,0,0,0,26,7.2627276480435,0,0.0,0.133208255159475,,,0,55.0,92.0
2001,REG+POST,00-0002565,,Dan Campbell,TE,TE,,12,NYG,0,0,0,0,0,0,0,0,0,0,0,0,,0,,,0,0,0,0,0,0,,0,13,25,148,1,0,0,0,0,9,-3.07809667955959,0,0.0,0.0595238095238095,,,0,20.8,33.8
2001,REG+POST,00-0002587,,Matt Campbell,G,OL,,1,WAS,0,0,0,0,0,0,0,0,0,0,0,0,,0,,,0,0,0,0,0,0,,0,0,1,0,0,0,0,0,0,0,-0.529408054659143,0,,0.0666666666666667,,,0,0.0,0.0
2001,REG+POST,00-0002655,,John Carney,K,SPEC,,1,NO,0,0,0,0,0,0,0,0,0,0,0,0,,0,,,1,-1,0,0,0,0,-1.75681809987873,0,0,0,0,0,0,0,0,0,0,,0,,,,,0,-0.1,-0.1
2001,REG+POST,00-0002709,,Dwayne Carswell,G,OL,,16,DEN,0,0,0,0,0,0,0,0,0,0,0,0,,0,,,0,0,0,0,0,0,,0,34,56,299,4,0,0,0,0,18,-4.66606883643544,1,0.0,0.112676056338028,,,0,55.9,89.9
2001,REG+POST,00-0002713,,Tony Carter,RB,RB,,9,DEN,0,0,0,0,0,0,0,0,0,0,0,0,,0,,,1,4,0,0,0,1,0.318918852135539,0,11,16,83,0,1,1,0,0,5,-9.44009275006829,0,0.0,0.054421768707483,,,0,6.7,17.7
2001,REG+POST,00-0002721,,Cris Carter,WR,WR,,16,MIN,0,0,0,0,0,0,0,0,0,0,0,0,,0,,,1,4,0,0,0,0,0.0216584637528285,0,73,130,871,6,2,2,0,0,42,-1.72439900938444,0,0.0,0.240295748613678,,,0,119.5,192.5
2001,REG+POST,00-0002743,,Ki-Jana Carter,RB,RB,,13,WAS,0,0,0,0,0,0,0,0,0,0,0,0,,0,,,63,308,3,0,0,18,6.51622191463645,0,13,21,83,0,0,0,0,0,3,-9.80359592539826,0,0.0,0.0813953488372093,,,0,57.1,70.1
2001,REG+POST,00-0002846,,Larry Centers,FB,RB,,16,BUF,0,0,0,0,0,0,0,0,0,0,0,0,,0,,,34,160,2,0,0,7,3.4144199147413,0,80,105,620,2,2,1,0,0,34,-0.174966622503721,0,0.0,0.196998123827392,,,0,100.0,180.0
2001,REG+POST,00-0002861,,Byron Chamberlain,TE,TE,,16,MIN,0,0,0,0,0,0,0,0,0,0,0,0,,0,,,0,0,0,0,0,0,,0,57,80,666,3,1,1,0,18,29,23.6756966964116,0,0.0,0.147874306839187,,,0,82.6,139.6
2001,REG+POST,00-0002876,,Chris Chandler,QB,QB,,14,ATL,223,365,2847,16,14,41,261,4,1,0,0,127,18.65115637733,1,0.0,0.0714804656147538,25,84,0,4,0,5,-3.97785596685892,0,0,0,0,0,0,0,0,0,0,,0,,,,,0,158.28,158.28
2001,REG+POST,00-0002942,,Darrin Chiaverini,WR,WR,,12,DAL,0,0,0,0,0,0,0,0,0,0,0,0,,0,,,1,3,0,0,0,0,-0.523592885350809,0,10,32,107,2,0,0,0,0,7,-16.6931414802531,0,0.0,0.102564102564103,,,0,23.0,33.0
2001,REG+POST,00-0002962,,Wayne Chrebet,WR,WR,,16,NYJ,0,0,0,0,0,0,0,0,0,0,0,0,,0,,,0,0,0,0,0,0,,0,60,99,802,3,0,0,0,0,48,48.8104486227857,0,0.0,0.215217391304348,,,0,98.2,158.2
2001,REG+POST,00-0002970,,Bob Christian,FB,RB,,16,ATL,0,0,0,0,0,0,0,0,0,0,0,0,,0,,,44,284,2,0,0,16,16.0958331129307,0,45,60,392,2,0,0,0,0,19,10.8480992962124,0,0.0,0.129310344827586,,,0,91.6,136.6
2001,REG+POST,00-0003035,,Desmond Clark,TE,TE,,14,DEN,0,0,0,0,0,0,0,0,0,0,0,0,,0,,,0,0,0,0,0,0,,0,51,77,566,6,3,2,0,0,31,16.0279737499849,0,0.0,0.172645739910314,,,0,88.6,139.6
2001,REG+POST,00-0003103,,Cameron Cleeland,TE,TE,,8,NO,0,0,0,0,0,0,0,0,0,0,0,0,,0,,,0,0,0,0,0,0,,0,13,22,138,4,1,1,0,0,7,0.804487119374056,0,0.0,0.0780141843971631,,,0,35.8,48.8
2001,REG+POST,00-0003136,,Mike Cloud,RB,RB,,3,KC,0,0,0,0,0,0,0,0,0,0,0,0,,0,,,7,54,1,0,0,3,3.97524153557606,0,0,0,0,0,0,0,0,0,0,,0,,,,,0,11.4,11.4
2001,REG+POST,00-0003220,,Fred Coleman,WR,WR,,4,NE,0,0,0,0,0,0,0,0,0,0,0,0,,0,,,0,0,0,0,0,0,,0,2,7,50,0,0,0,0,0,1,0.0402089563034522,0,0.0,0.0476190476190476,,,0,5.0,7.0
2001,REG+POST,00-0003266,,Bobby Collins,TE,TE,,1,GB,0,0,0,0,0,0,0,0,0,0,0,0,,0,,,0,0,0,0,0,0,,0,1,1,3,0,0,0,0,0,0,-0.315589348785579,0,0.0,0.0263157894736842,,,0,0.3,1.3
2001,REG+POST,00-0003292,,Kerry Collins,QB,QB,,16,NYG,327,568,3764,19,16,36,206,10,4,0,0,189,-3.16951095539202,0,0.0,0.0393794014362396,39,73,0,13,2,9,-18.7725045584084,0,1,1,-2,0,0,0,0,0,0,-1.234288536245,0,0.0,0.0303030303030303,,,0,189.66,190.66
2001,REG+POST,00-0003315,,Todd Collins,QB,QB,,1,KC,3,4,40,0,0,0,0,0,0,0,0,1,1.63629530544858,0,0.0,,2,6,0,0,0,1,1.05572211893741,0,0,0,0,0,0,0,0,0,0,,0,,,,,0,2.2,2.2
2001,REG+POST,00-0003344,,Greg Comella,RB,RB,,14,NYG,0,0,0,0,0,0,0,0,0,0,0,0,,0,,,4,15,0,0,0,0,-1.80293703969801,0,39,55,253,1,2,0,0,0,11,-2.44817021387115,0,0.0,0.111561866125761,,,0,32.8,71.8
2001,REG+POST,00-0003378,,Albert Connell,WR,WR,,11,NO,0,0,0,0,0,0,0,0,0,0,0,0,,0,,,1,6,0,0,0,0,0.114575681160204,0,12,28,191,2,0,0,0,0,7,1.81465940514434,0,0.0,0.0790960451977401,,,0,31.7,43.7
2001,REG+POST,00-0003396,,Curtis Conway,WR,WR,,16,LAC,0,0,0,0,0,0,0,0,0,0,0,0,,0,,,7,116,1,0,0,3,7.68819910276216,0,71,126,1125,6,1,1,0,0,52,44.2205286684838,0,0.0,0.233333333333333,,,0,164.1,235.1
2001,REG+POST,00-0003400,,Ernie Conwell,TE,TE,,19,LA,0,0,0,0,0,0,0,0,0,0,0,0,,0,,,8,28,1,0,0,3,-0.957997194756993,0,43,60,472,4,2,2,0,0,21,7.71263943431648,0,0.0,0.0921658986175115,,,0,76.0,119.0
2001,REG+POST,00-0003535,,Tim Couch,QB,QB,,16,CLE,272,454,3040,17,21,51,353,4,1,0,0,134,-59.112349512067,0,0.0,0.0262644924614796,38,128,0,5,1,7,-9.99654438951651,0,1,1,-10,0,0,0,0,0,0,-1.65509938285686,0,0.0,0.0333333333333333,,,0,155.4,156.4
2001,REG+POST,00-0003572,,Bryan Cox,LB,LB,,1,NE,0,0,0,0,0,0,0,0,0,0,0,0,,0,,,0,0,0,0,0,0,,0,1,1,7,0,0,0,0,0,1,0.78083301888546,0,0.0,0.0185185185185185,,,0,0.7,1.7
2001,REG+POST,00-0003600,,Dameyune Craig,QB,QB,,2,CAR,4,8,34,0,0,2,15,0,0,0,0,2,-4.62157277861843,0,0.0,0.037327603602998,3,20,0,1,0,1,-1.07944278430659,0,0,0,0,0,0,0,0,0,0,,0,,,,,0,3.36,3.36
2001,REG+POST,00-0003663,,Zack Crockett,RB,RB,,16,LV,0,0,0,0,0,0,0,0,0,0,0,0,,0,,,62,153,7,1,1,29,3.812011270449,0,2,3,10,0,0,0,0,0,0,-0.340954248094931,0,0.0,0.0461538461538462,,,0,56.3,58.3
2001,REG+POST,00-0003681,,Howard Cross,TE,TE,,3,NYG,0,0,0,0,0,0,0,0,0,0,0,0,,0,,,0,0,0,0,0,0,,0,1,3,5,0,0,0,0,0,0,-1.29203038449405,0,0.0,0.0428571428571429,,,0,0.5,1.5
2001,REG+POST,00-0003700,,Germane Crowell,WR,WR,,5,DET,0,0,0,0,0,0,0,0,0,0,0,0,,0,,,1,6,0,0,0,0,0.176685729180463,0,22,38,289,2,1,0,0,0,14,-13.8291908349012,0,0.0,0.198952879581152,,,0,41.5,63.5
2001,REG+POST,00-0003739,,Daunte Culpepper,QB,QB,,11,MIN,235,366,2612,14,13,33,186,9,5,0,0,126,3.62909720501739,1,0.0,0.0667905145787435,71,416,5,7,1,31,11.6433933092353,2,1,1,0,0,0,0,0,0,0,-0.50609500228893,0,,0.0416666666666667,,,0,200.08,201.08
2001,REG+POST,00-0003761,,Randall Cunningham,QB,QB,,5,BAL,54,89,573,3,2,12,66,0,0,0,0,31,3.4788391319149,1,0.0,0.0679837780942225,14,40,1,4,0,3,0.481464616896119,0,0,0,0,0,0,0,0,0,0,,0,,,,,0,42.92,42.92
2001,REG+POST,00-0003803,,Matt Cushing,TE,TE,,6,PIT,0,0,0,0,0,0,0,0,0,0,0,0,,0,,,0,0,0,0,0,0,,0,6,8,34,1,0,0,0,0,3,-2.45218293304788,0,0.0,0.0444444444444444,,,0,9.4,15.4
2001,REG+POST,00-0004004,,John Davis,TE,TE,,10,CHI,0,0,0,0,0,0,0,0,0,0,0,0,,0,,,0,0,0,0,0,0,,0,11,17,68,0,0,0,0,0,4,2.71562251260175,0,0.0,0.0537974683544304,,,0,6.8,17.8
2001,REG+POST,00-0004052,,Stephen Davis,RB,RB,,16,WAS,0,0,0,0,0,0,0,0,0,0,0,0,,0,,,356,1432,5,6,3,74,-29.11539852634,1,28,37,205,0,0,0,0,0,8,-0.0347665489460933,0,0.0,0.0922693266832918,,,0,189.7,217.7
2001,REG+POST,00-0004054,,Terrell Davis,RB,RB,,8,DEN,0,0,0,0,0,0,0,0,0,0,0,0,,0,,,167,701,0,2,0,39,-7.33418667224779,0,12,21,69,0,0,0,0,0,2,-14.4711926858381,0,0.0,0.0817120622568093,,,0,77.0,89.0
2001,REG+POST,00-0004055,,Thabiti Davis,WR,WR,,5,NYG,0,0,0,0,0,0,0,0,0,0,0,0,,0,,,0,0,0,0,0,0,,0,3,8,34,0,0,0,0,0,2,0.646902547741775,0,0.0,0.0449438202247191,,,0,3.4,6.4
2001,REG+POST,00-0004063,,Tyrone Davis,TE,TE,,3,GB,0,0,0,0,0,0,0,0,0,0,0,0,,0,,,0,0,0,0,0,0,,0,4,7,22,0,0,0,0,0,0,-3.52550216054078,0,0.0,0.0813953488372093,,,0,2.2,6.2
2001,REG+POST,00-0004077,,Sean Dawkins,WR,WR,,14,JAX,0,0,0,0,0,0,0,0,0,0,0,0,,0,,,0,0,0,0,0,0,,0,20,49,234,0,1,0,0,0,11,-9.86441853927681,0,0.0,0.106521739130435,,,0,23.4,43.4
2001,REG+POST,00-0004112,,James Dearth,TE,TE,,4,NYJ,0,0,0,0,0,0,0,0,0,0,0,0,,0,,,0,0,0,0,0,0,,0,3,4,10,1,0,0,0,0,2,3.68400090077193,0,0.0,0.0363636363636364,,,0,7.0,10.0
2001,REG+POST,00-0004200,,Autry Denson,RB,RB,,1,CHI,0,0,0,0,0,0,0,0,0,0,0,0,,0,,,1,4,0,0,0,0,-0.109789464855567,0,0,0,0,0,0,0,0,0,0,,0,,,,,0,0.4,0.4
2001,REG+POST,00-0004229,,Koy Detmer,QB,QB,,5,PHI,5,14,51,0,1,1,9,0,0,0,0,2,-8.55615391816912,0,0.0,0.043382836426299,8,6,0,0,0,1,-3.75458560869447,0,0,0,0,0,0,0,0,0,0,,0,,,,,0,0.64,0.64
2001,REG+POST,00-0004230,,Ty Detmer,QB,QB,,4,DET,92,151,906,3,10,12,75,3,1,0,0,43,-35.7250844856182,0,0.0,0.023936417863662,9,26,0,0,0,4,-1.20787497196579,0,0,0,0,0,0,0,0,0,0,,0,,,,,0,28.84,28.84
2001,REG+POST,00-0004293,,Trent Dilfer,QB,QB,,6,SEA,73,122,1014,7,4,10,72,2,0,0,0,43,21.750209586555,1,0.0,0.0998511155334796,11,17,0,1,0,3,-1.93151667085476,0,1,1,-5,0,0,0,0,0,0,-1.04732543183491,0,0.0,0.0344827586206897,,,0,63.76,64.76
2001,REG+POST,00-0004294,,Ken Dilger,TE,TE,,16,IND,1,1,39,1,0,0,0,0,0,0,0,1,5.4900574022904,0,0.0,,0,0,0,0,0,0,,0,32,54,343,1,2,2,0,0,16,-8.58472422756238,1,0.0,0.0994475138121547,,,0,43.86,75.86
2001,REG+POST,00-0004304,,Corey Dillon,RB,RB,,16,CIN,0,1,0,0,1,0,0,0,0,0,0,0,-4.66813702398213,0,,,340,1315,10,5,3,69,-33.9163413177925,0,34,61,228,3,0,0,0,0,13,-4.56580308497238,0,0.0,0.116858237547893,,,0,224.3,258.3
2001,REG+POST,00-0004463,,Dameane Douglas,WR,WR,,1,PHI,0,0,0,0,0,0,0,0,0,0,0,0,,0,,,0,0,0,0,0,0,,0,5,8,77,2,0,0,0,0,4,7.42777990826289,0,0.0,0.296296296296296,,,0,19.7,24.7
2001,REG+POST,00-0004541,,Donald Driver,WR,WR,,12,GB,0,0,0,0,0,0,0,0,0,0,0,0,,0,,,5,63,1,0,0,2,5.3309037774452,0,15,21,193,1,0,0,0,0,11,12.4314172364645,0,0.0,0.070945945945946,,,0,37.6,52.6
2001,REG+POST,00-0004574,,Rickey Dudley,TE,TE,,4,CLE,0,0,0,0,0,0,0,0,0,0,0,0,,0,,,0,0,0,0,0,0,,0,9,16,115,0,0,0,0,0,4,2.95080806693295,0,0.0,0.142857142857143,,,0,11.5,20.5
2001,REG+POST,00-0004634,,David Dunn,WR,WR,,1,LV,0,0,0,0,0,0,0,0,0,0,0,0,,0,,,0,0,0,0,0,0,,0,1,1,8,0,0,0,0,0,0,0.332972540345509,0,0.0,0.024390243902439,,,0,0.8,1.8
2001,REG+POST,00-0004637,,Jason Dunn,TE,TE,,7,KC,0,0,0,0,0,0,0,0,0,0,0,0,,0,,,0,0,0,0,0,0,,0,4,13,54,1,0,0,0,0,3,-5.03057269087964,0,0.0,0.0577777777777778,,,0,11.4,15.4
2001,REG+POST,00-0004640,,Warrick Dunn,RB,RB,,14,TB,0,0,0,0,0,0,0,0,0,0,0,0,,0,,,169,476,3,2,2,21,-46.0235222701974,0,76,109,594,3,0,0,0,0,31,-2.90810109958721,0,0.0,0.204887218045113,,,0,139.0,215.0
2001,REG+POST,00-0004673,,Tim Dwight,WR,WR,,10,LAC,0,0,0,0,0,0,0,0,0,0,0,0,,0,,,2,24,1,0,0,1,2.78432268300094,0,25,50,406,0,0,0,0,0,22,2.21847648514504,0,0.0,0.153846153846154,,,1,55.0,80.0
2001,REG+POST,00-0004694,,Kevin Dyson,WR,WR,,16,TEN,0,0,0,0,0,0,0,0,0,0,0,0,,0,,,0,0,0,0,0,0,,0,54,112,825,7,0,0,0,0,37,24.9177959755005,1,0.0,0.221343873517787,,,0,126.5,180.5
2001,REG+POST,00-0004768,,Marc Edwards,FB,RB,,19,NE,0,0,0,0,0,0,0,0,0,0,0,0,,0,,,54,149,1,2,2,16,-10.4547944897786,0,34,49,228,2,1,1,0,0,12,-1.37721918035195,0,0.0,0.0833333333333333,,,0,49.7,83.7
2001,REG+POST,00-0004780,,Troy Edwards,WR,WR,,17,PIT,0,0,0,0,0,0,0,0,0,0,0,0,,0,,,6,51,1,1,0,2,4.90482090337221,0,22,40,305,0,1,1,0,0,13,0.253600721688293,0,0.0,0.0856531049250535,,,1,45.6,67.6
2001,REG+POST,00-0004888,,Bert Emanuel,WR,WR,,8,DET,0,0,0,0,0,0,0,0,0,0,0,0,,0,,,0,0,0,0,0,0,,0,21,45,246,0,0,0,0,0,14,-6.2776376028008,0,0.0,0.144694533762058,,,0,24.6,45.6
2001,REG+POST,00-0004915,,Bobby Engram,WR,WR,,16,SEA,0,0,0,0,0,0,0,0,0,0,0,0,,0,,,0,0,0,0,0,0,,0,29,51,400,0,0,0,0,0,24,18.5815830791114,0,0.0,0.113082039911308,,,0,40.0,69.0
2001,REG+POST,00-0005091,,Kevin Faulk,RB,RB,,17,NE,1,1,23,0,0,1,4,0,0,0,0,1,0.761850308277644,0,0.0,,44,183,1,0,0,10,-1.30689756595439,0,34,42,210,2,1,1,0,0,9,1.62764492323703,0,0.0,0.105527638190955,,,0,56.22,90.22
2001,REG+POST,00-0005092,,Marshall Faulk,RB,RB,,17,LA,0,1,0,0,0,0,0,0,0,0,0,0,-0.36587227624841,0,,,324,1699,15,2,2,88,29.0956127334804,1,97,122,879,9,1,1,0,0,44,35.3839938831609,0,0.0,0.211805555555556,,,0,397.8,494.8
2001,REG+POST,00-0005101,,Christian Fauria,TE,TE,,15,SEA,0,0,0,0,0,0,0,0,0,0,0,0,,0,,,0,0,0,0,0,0,,0,21,40,188,1,1,1,0,0,11,1.92738238200065,1,0.0,0.0934579439252336,,,0,24.8,45.8
2001,REG+POST,00-0005106,,Brett Favre,QB,QB,,18,GB,362,583,4471,36,22,24,169,7,2,0,0,214,71.6578086828954,1,0.0,0.0954038741049984,45,62,1,8,2,6,-30.7582972464297,0,0,0,0,0,0,0,0,0,0,,0,,,,,0,285.04,285.04
2001,REG+POST,00-0005113,,Jeff Feagles,P,SPEC,,2,SEA,0,2,0,0,0,0,0,2,0,0,0,0,-3.02060226211324,0,,,0,0,0,0,0,0,,0,0,0,0,0,0,0,0,0,0,,0,,,,,0,0.0,0.0
2001,REG+POST,00-0005180,,Jay Fiedler,QB,QB,,17,MIA,287,477,3370,20,20,30,195,4,4,0,0,158,24.6166642197793,0,0.0,0.0906933751749353,76,337,4,3,1,26,28.3401345631851,0,0,0,0,0,0,0,0,0,0,,0,,,,,0,222.5,222.5
2001,REG+POST,00-0005229,,Jim Finn,FB,RB,,1,IND,0,0,0,0,0,0,0,0,0,0,0,0,,0,,,0,0,0,0,0,0,,0,0,1,0,0,0,0,0,0,0,-0.438883226830512,0,,0.0204081632653061,,,0,0.0,0.0
2001,REG+POST,00-0005231,,Brian Finneran,WR,WR,,12,ATL,0,0,0,0,0,0,0,0,0,0,0,0,,0,,,0,0,0,0,0,0,,0,23,41,491,3,0,0,0,0,18,28.166957577805,0,0.0,0.1025,,,0,67.1,90.1
2001,REG+POST,00-0005324,,Terrell Fletcher,RB,RB,,12,LAC,0,0,0,0,0,0,0,0,0,0,0,0,,0,,,29,107,0,0,0,7,-1.51847279135287,0,23,29,184,0,1,1,0,0,8,6.16094432873175,0,0.0,0.0833333333333333,,,0,27.1,50.1
2001,REG+POST,00-0005363,,Doug Flutie,QB,QB,,16,LAC,294,521,3464,15,18,25,168,2,0,0,0,166,35.7141858975664,0,0.0,0.0694121404885287,52,192,1,4,2,12,-6.8993816263219,0,0,0,0,0,0,0,0,0,0,,0,,,,,0,183.76,183.76
2001,REG+POST,00-0005562,,Antonio Freeman,WR,WR,,18,GB,0,0,0,0,0,0,0,0,0,0,0,0,,0,,,1,-5,0,0,0,0,-2.15368540037889,0,65,127,966,9,1,1,0,0,48,13.726467384285,1,0.0,0.220486111111111,,,0,150.1,215.1
2001,REG+POST,00-0005589,,Gus Frerotte,QB,QB,,4,DEN,30,48,308,3,0,3,21,2,1,0,0,19,11.7325623591659,0,0.0,0.117799650766068,10,9,1,0,0,2,-2.79065225599334,0,0,0,0,0,0,0,0,0,0,,0,,,,,0,29.22,29.22
2001,REG+POST,00-0005609,,Scott Frost,DB,DB,,1,CLE,0,0,0,0,0,0,0,0,0,0,0,0,,0,,,1,1,0,0,0,0,-0.0554070037323982,0,0,2,0,0,0,0,0,0,0,-2.06554665305885,0,,0.0540540540540541,,,0,0.1,0.1
2001,REG+POST,00-0005620,,Chris Fuamatu-Ma'afala,RB,RB,,15,PIT,0,0,0,0,0,0,0,0,0,0,0,0,,0,,,132,483,3,0,0,29,-9.34674793393292,0,16,21,127,1,0,0,0,0,3,-1.99354930668994,0,0.0,0.0664556962025316,,,0,85.0,101.0
2001,REG+POST,00-0005668,,Oronde Gadsden,WR,WR,,15,MIA,0,0,0,0,0,0,0,0,0,0,0,0,,0,,,0,0,0,0,0,0,,0,56,97,683,3,1,1,0,0,34,9.27114761216497,0,0.0,0.228235294117647,,,0,84.3,140.3
2001,REG+POST,00-0005720,,Joey Galloway,WR,WR,,16,DAL,1,1,-1,0,0,0,0,0,0,0,0,0,-1.271701478865,0,0.0,,3,32,0,0,0,2,0.973019906879284,0,52,112,699,3,1,0,0,0,33,-9.45782936666672,0,0.0,0.281407035175879,,,0,91.06,143.06
2001,REG+POST,00-0005732,,Kendall Gammon,LS,SPEC,,1,KC,0,0,0,0,0,0,0,0,0,0,0,0,,0,,,0,0,0,0,0,0,,0,0,1,0,0,0,0,0,0,0,-4.13096808234695,0,,0.0384615384615385,,,0,0.0,0.0
2001,REG+POST,00-0005741,,Rich Gannon,QB,QB,,18,LV,401,609,4281,30,9,29,168,9,4,0,0,219,112.368899471248,0,0.0,0.105920665287031,69,242,2,3,3,17,-3.01167001338254,1,0,0,0,0,0,0,0,0,0,,0,,,,,0,297.44,297.44
2001,REG+POST,00-0005755,,Jeff Garcia,QB,QB,,17,SF,338,536,3771,33,13,28,128,3,1,0,0,196,93.6159850940693,2,0.0,0.108575401146196,74,257,5,7,2,21,-6.04693890509683,0,0,0,0,0,0,0,0,0,0,,0,,,,,0,310.54,310.54
2001,REG+POST,00-0005779,,Charlie Garner,RB,RB,,18,LV,0,0,0,0,0,0,0,0,0,0,0,0,,0,,,243,1061,2,2,2,38,-14.2309050629102,1,79,99,637,2,0,0,0,0,31,16.1367392155536,0,0.0,0.165551839464883,,,0,191.8,270.8
2001,REG+POST,00-0005816,,Olandis Gary,RB,RB,,8,DEN,0,0,0,0,0,0,0,0,0,0,0,0,,0,,,57,228,1,0,0,12,3.19621611351613,0,4,5,29,0,0,0,0,0,1,1.08401445119132,0,0.0,0.0495049504950495,,,0,31.7,35.7
2001,REG+POST,00-0005822,,Sam Gash,FB,RB,,11,BAL,0,0,0,0,0,0,0,0,0,0,0,0,,0,,,2,-1,0,0,0,0,-1.393956599175,0,10,15,93,1,0,0,0,0,4,-1.55008780927164,0,0.0,0.0427350427350427,,,0,15.2,25.2
2001,REG+POST,00-0005883,,Eddie George,RB,RB,,16,TEN,0,0,0,0,0,0,0,0,0,0,0,0,,0,,,315,939,5,8,6,38,-72.9460927252873,0,37,50,279,0,0,0,0,11,11,0.192483669060695,0,0.0,0.102669404517454,,,0,139.8,176.8
2001,REG+POST,00-0005885,,Jeff George,QB,QB,,2,WAS,23,42,168,0,3,6,38,0,0,0,0,6,-23.5799788046861,0,0.0,0.0419402399898416,4,0,0,2,1,1,-3.66794281013426,0,0,0,0,0,0,0,0,0,0,,0,,,,,0,-1.28,-1.28
2001,REG+POST,00-0005903,,Jammi German,WR,WR,,4,CLE,0,0,0,0,0,0,0,0,0,0,0,0,,0,,,0,0,0,0,0,0,,0,7,9,65,0,0,0,0,0,4,2.72209951351397,0,0.0,0.0731707317073171,,,0,6.5,13.5
2001,REG+POST,00-0005932,,Damon Gibson,WR,WR,,3,JAX,0,0,0,0,0,0,0,0,0,0,0,0,,0,,,2,19,0,0,0,1,0.907124890829436,0,2,3,13,0,0,0,0,0,0,-0.819922436028719,0,0.0,0.0333333333333333,,,0,3.2,5.2
2001,REG+POST,00-0006043,,Terry Glenn,WR,WR,,3,NE,0,0,0,0,0,0,0,0,0,0,0,0,,0,,,0,0,0,0,0,0,,0,14,24,204,1,0,0,0,0,11,3.54091910957682,0,0.0,0.208695652173913,,,0,26.4,40.4
2001,REG+POST,00-0006101,,Tony Gonzalez,TE,TE,,16,KC,1,1,40,0,0,0,0,0,0,0,0,1,2.65599418559577,0,0.0,,1,9,0,0,0,0,0.83168496703729,0,73,118,917,6,0,0,0,0,49,32.7363146943542,1,0.0,0.229126213592233,,,0,132.2,205.2
2001,REG+POST,00-0006133,,Hunter Goodwin,TE,TE,,6,MIA,0,0,0,0,0,0,0,0,0,0,0,0,,0,,,0,0,0,0,0,0,,0,4,10,27,0,0,0,0,0,0,-1.50660833669826,0,0.0,0.0564971751412429,,,0,2.7,6.7
2001,REG+POST,00-0006208,,Jay Graham,RB,RB,,4,SEA,0,0,0,0,0,0,0,0,0,0,0,0,,0,,,12,43,0,0,0,4,-1.53947786963545,0,1,1,6,0,0,0,0,0,0,0.246053284732625,0,0.0,0.0434782608695652,,,0,4.9,5.9
2001,REG+POST,00-0006210,,Jeff Graham,WR,WR,,14,LAC,0,0,0,0,0,0,0,0,0,0,0,0,,0,,,0,0,0,0,0,0,,0,52,110,811,5,1,1,0,0,41,30.9195577649736,0,0.0,0.238611713665944,,,0,109.1,161.1
2001,REG+POST,00-0006212,,Kent Graham,QB,QB,,2,WAS,13,19,131,2,0,2,16,0,0,0,0,9,7.11895736301085,0,0.0,0.0868167520024898,7,-7,0,2,0,0,-5.01150199717356,0,0,0,0,0,0,0,0,0,0,,0,,,,,0,12.54,12.54
2001,REG+POST,00-0006223,,Martin Gramatica,K,SPEC,,1,TB,0,1,0,0,0,0,0,0,0,0,0,0,-2.84100969042629,0,,,0,0,0,0,0,0,,0,0,0,0,0,0,0,0,0,0,,0,,,,,0,0.0,0.0
2001,REG+POST,00-0006300,,Elvis Grbac,QB,QB,,16,BAL,295,522,3319,16,21,32,252,6,4,0,0,162,-48.498757608971,0,0.0,0.0363097678988219,23,21,1,3,1,3,-16.8885102221248,0,0,0,0,0,0,0,0,0,0,,0,,,,,0,152.86,152.86
2001,REG+POST,00-0006305,,Ahman Green,RB,RB,,18,GB,0,0,0,0,0,0,0,0,0,0,0,0,,0,,,341,1567,10,6,5,66,-20.8304006736703,0,72,98,661,2,0,0,0,0,25,-1.85454584975665,0,0.0,0.170138888888889,,,0,284.8,356.8
2001,REG+POST,00-0006331,,Jacquez Green,WR,WR,,13,TB,0,0,0,0,0,0,0,0,0,0,0,0,,0,,,0,0,0,0,0,0,,0,38,65,417,1,0,0,0,0,26,-0.825264002113402,0,0.0,0.138888888888889,,,0,47.7,85.7
2001,REG+POST,00-0006355,,Trent Green,QB,QB,,16,KC,296,523,3783,17,24,39,198,6,0,0,0,176,-7.79657193524726,2,0.0,0.0441379292687981,35,158,0,5,3,8,-11.0409550307936,1,1,1,1,0,0,0,0,0,0,-1.20427344320342,0,0.0,0.0277777777777778,,,0,187.22,188.22
2001,REG+POST,00-0006423,,Brian Griese,QB,QB,,15,DEN,275,451,2827,23,19,38,241,4,0,0,0,150,-18.203275171379,2,0.0,0.0436581328030788,50,173,1,3,1,15,-8.78416389006057,0,1,1,-6,0,0,0,0,0,0,-1.40126125421375,0,0.0,0.0384615384615385,,,0,191.78,192.78
2001,REG+POST,00-0006516,,Mike Gruttadauria,C,OL,,1,ARI,0,0,0,0,0,0,0,0,0,0,0,0,,0,,,1,1,0,1,0,0,-0.378322221455164,0,0,0,0,0,0,0,0,0,0,,0,,,,,0,0.1,0.1
2001,REG+POST,00-0006627,,Az-Zahir Hakim,WR,WR,,18,LA,1,1,51,1,0,0,0,0,0,0,0,1,4.19937861361541,0,0.0,,13,64,0,2,0,3,6.33021492824533,0,50,69,523,3,2,1,0,0,28,21.250412769769,0,0.0,0.113114754098361,,,0,80.74,130.74
2001,REG+POST,00-0006666,,Lamont Hall,TE,TE,,2,NO,0,0,0,0,0,0,0,0,0,0,0,0,,0,,,0,0,0,0,0,0,,0,2,2,15,0,1,1,0,0,1,-3.02006048022304,0,0.0,0.0357142857142857,,,0,-0.5,1.5
2001,REG+POST,00-0006799,,Chris Hanson,P,SPEC,,2,JAX,0,0,0,0,0,0,0,0,0,0,0,0,,0,,,2,0,0,1,0,0,-8.83648590743542,0,0,0,0,0,0,0,0,0,0,,0,,,,,0,0.0,0.0
2001,REG+POST,00-0006804,,Patrick Hape,TE,TE,,11,DEN,0,0,0,0,0,0,0,0,0,0,0,0,,0,,,2,0,0,0,0,0,-4.19119522743858,0,15,19,96,3,0,0,0,0,7,2.09113813005388,0,0.0,0.0555555555555556,,,0,27.6,42.6
2001,REG+POST,00-0006848,,Terry Hardy,TE,TE,,7,ARI,0,0,0,0,0,0,0,0,0,0,0,0,,0,,,0,0,0,0,0,0,,0,11,22,79,2,1,0,0,0,6,-2.24935660383198,0,0.0,0.0960698689956332,,,0,19.9,30.9
2001,REG+POST,00-0006930,,Derrick Harris,RB,RB,,2,LAC,0,0,0,0,0,0,0,0,0,0,0,0,,0,,,0,0,0,0,0,0,,0,1,3,7,0,0,0,0,0,0,-0.678611536393873,0,0.0,0.0428571428571429,,,0,0.7,1.7
2001,REG+POST,00-0006949,,Jackie Harris,TE,TE,,12,DAL,0,0,0,0,0,0,0,0,0,0,0,0,,0,,,0,0,0,0,0,0,,0,15,25,141,2,0,0,0,0,7,5.54953108380957,0,0.0,0.0874125874125874,,,0,26.1,41.1
2001,REG+POST,00-0007024,,Marvin Harrison,WR,WR,,16,IND,0,0,0,0,0,0,0,0,0,0,0,0,,0,,,1,3,0,0,0,0,-0.364265620242804,0,109,164,1524,15,0,0,0,0,75,64.8013938670447,0,0.0,0.302025782688766,,,0,242.7,351.7
2001,REG+POST,00-0007091,,Matt Hasselbeck,QB,QB,"https://static.www.nfl.com/image/private/f_auto,q_auto/league/t1nf9avoy2kauqwrvzza",13,SEA,176,321,2023,7,8,38,251,3,2,0,0,92,-22.6932245733148,0,0.0,0.0402417580281387,40,141,0,3,0,13,3.08973406757314,0,0,0,0,0,0,0,0,0,0,,0,,,,,0,103.02,103.02
2001,REG+POST,00-0007103,,Matt Hatchette,WR,WR,,6,NYJ,0,0,0,0,0,0,0,0,0,0,0,0,,0,,,0,0,0,0,0,0,,0,2,15,44,0,0,0,0,0,2,-7.85605125932489,0,0.0,0.0903614457831325,,,0,4.4,6.4
2001,REG+POST,00-0007143,,Chris Hayes,DB,DB,,1,NYJ,0,0,0,0,0,0,0,0,0,0,0,0,,0,,,0,0,0,0,0,0,,0,0,0,0,0,0,0,0,0,0,,0,,,,,1,6.0,6.0
2001,REG+POST,00-0007144,,Donald Hayes,WR,WR,,16,CAR,0,0,0,0,0,0,0,0,0,0,0,0,,0,,,0,0,0,0,0,0,,0,52,105,597,2,1,0,0,0,33,-13.2360949002784,0,0.0,0.184859154929577,,,0,71.7,123.7
2001,REG+POST,00-0007180,,Garrison Hearst,RB,RB,,17,SF,0,0,0,0,0,0,0,0,0,0,0,0,,0,,,265,1248,5,0,0,57,17.8425754402549,0,43,58,373,1,1,1,0,0,16,-0.0105515143738646,0,0.0,0.109433962264151,,,0,196.1,239.1
2001,REG+POST,00-0007213,,Steve Heiden,TE,TE,"https://static.www.nfl.com/image/private/f_auto,q_auto/league/gbtrxatwcauhazpjejcr",9,LAC,0,0,0,0,0,0,0,0,0,0,0,0,,0,,,0,0,0,0,0,0,,0,8,13,55,1,0,0,0,0,4,2.6937851528055,0,0.0,0.0437710437710438,,,0,11.5,19.5
2001,REG+POST,00-0007254,,William Henderson,FB,RB,,14,GB,0,0,0,0,0,0,0,0,0,0,0,0,,0,,,7,18,0,0,0,3,0.806264574105816,0,25,32,215,0,0,0,0,0,10,3.73668859420529,0,0.0,0.0767386091127098,,,0,23.3,48.3
2001,REG+POST,00-0007308,,Craig Hentrich,P,SPEC,,2,TEN,0,2,0,0,1,0,0,0,0,0,0,0,-2.68094815649965,0,,,0,0,0,0,0,0,,0,0,0,0,0,0,0,0,0,0,,0,,,,,0,-2.0,-2.0
2001,REG+POST,00-0007357,,Chris Hetherington,FB,RB,,8,CAR,0,0,0,0,0,0,0,0,0,0,0,0,,0,,,5,12,0,0,0,1,0.0941567831905559,0,23,35,124,0,0,0,0,0,1,-19.2407134474488,0,0.0,0.130111524163569,,,0,13.6,36.6
2001,REG+POST,00-0007389,,Skip Hicks,RB,RB,,9,TEN,0,0,0,0,0,0,0,0,0,0,0,0,,0,,,56,341,1,0,0,11,2.86379228935105,0,5,6,22,0,0,0,0,0,1,-1.16628675101648,0,0.0,0.0631578947368421,,,0,42.3,47.3
2001,REG+POST,00-0007468,,Ike Hilliard,WR,WR,,14,NYG,0,0,0,0,0,0,0,0,0,0,0,0,,0,,,1,21,0,0,0,1,2.0091943728039,0,52,88,659,6,0,0,0,0,35,34.490370658713,0,0.0,0.179226069246436,,,0,104.0,156.0
2001,REG+POST,00-0007546,,James Hodgins,RB,RB,,9,LA,0,0,0,0,0,0,0,0,0,0,0,0,,0,,,3,8,0,0,0,1,-0.401989166333806,0,6,9,36,2,0,0,0,0,3,-0.70435700379312,0,0.0,0.0362903225806452,,,0,16.4,22.4
2001,REG+POST,00-0007576,,Kelly Holcomb,QB,QB,,1,CLE,7,12,114,1,0,0,0,0,0,0,0,5,7.52892150275875,0,0.0,0.193931294773691,1,0,0,0,0,0,-2.72640904755099,0,0,0,0,0,0,0,0,0,0,,0,,,,,0,8.56,8.56
2001,REG+POST,00-0007579,,Robert Holcombe,FB,RB,,5,LA,0,0,0,0,0,0,0,0,0,0,0,0,,0,,,13,42,1,1,1,5,-4.35387257614639,0,1,1,14,0,0,0,0,0,1,0.803790400736034,0,0.0,0.0208333333333333,,,0,9.6,10.6
2001,REG+POST,00-0007661,,Priest Holmes,RB,RB,,16,KC,0,0,0,0,0,0,0,0,0,0,0,0,,0,,,327,1555,8,2,1,80,17.9125769850162,0,62,75,614,2,2,1,0,0,21,11.397718930725,0,0.0,0.145631067961165,,,0,272.9,334.9
2001,REG+POST,00-0007681,,Torry Holt,WR,WR,,19,LA,0,0,0,0,0,0,0,0,0,0,0,0,,0,,,2,0,0,0,0,0,-1.49210112751462,0,96,161,1554,8,2,0,0,0,66,62.8417403201649,0,0.0,0.247311827956989,,,0,203.4,299.4
2001,REG+POST,00-0007744,,Joe Horn,WR,WR,,16,NO,0,1,0,0,0,0,0,0,0,0,0,0,-0.490485729184002,0,,,1,4,0,0,0,0,0.0879263438982889,0,83,156,1265,9,1,1,0,0,59,42.4205763724836,0,0.0,0.287292817679558,,,0,178.9,261.9
2001,REG+POST,00-0007798,,Desmond Howard,WR,WR,,9,DET,0,0,0,0,0,0,0,0,0,0,0,0,,0,,,5,25,0,0,0,1,-0.248417815600988,0,10,14,133,1,0,0,0,0,5,9.69116930037853,0,0.0,0.0468227424749164,,,0,21.8,31.8
2001,REG+POST,00-0007834,,Brock Huard,QB,QB,,1,SEA,9,17,127,1,0,1,5,0,0,0,0,6,4.38615458382992,0,0.0,0.139468633029941,1,11,0,0,0,1,0.43556790339062,0,0,0,0,0,0,0,0,0,0,,0,,,,,0,10.18,10.18
2001,REG+POST,00-0007969,,Richard Huntley,RB,RB,,13,CAR,0,1,0,0,0,1,0,1,1,0,0,0,-4.34294413856696,0,,,165,665,2,2,1,29,-26.1651591767212,0,21,32,101,1,0,0,0,0,3,-7.13920645794783,0,0.0,0.0784313725490196,,,0,90.6,111.6
2001,REG+POST,00-0008059,,Qadry Ismail,WR,WR,,18,BAL,0,0,0,0,0,0,0,0,0,0,0,0,,0,,,0,0,0,0,0,0,,0,76,142,1083,7,1,1,0,0,51,28.1113176234474,1,0.0,0.239057239057239,,,0,150.3,226.3
2001,REG+POST,00-0008060,,Raghib Ismail,WR,WR,,14,DAL,0,0,0,0,0,0,0,0,0,0,0,0,,0,,,8,31,0,0,0,2,-3.1159779560985,0,53,93,834,2,0,0,0,0,30,20.8517063754186,0,0.0,0.271929824561404,,,0,98.5,151.5
2001,REG+POST,00-0008178,,Raymond Jackson,DB,DB,,1,CLE,0,0,0,0,0,0,0,0,0,0,0,0,,0,,,0,0,0,0,0,0,,0,0,1,0,0,0,0,0,0,0,-0.624439597595483,0,,0.0384615384615385,,,0,0.0,0.0
2001,REG+POST,00-0008190,,Sheldon Jackson,TE,TE,,5,BUF,0,0,0,0,0,0,0,0,0,0,0,0,,0,,,0,0,0,0,0,0,,0,1,5,1,1,0,0,0,0,1,-3.13542709205705,0,0.0,0.0289017341040462,,,0,6.1,7.1
2001,REG+POST,00-0008196,,Terry Jackson,RB,RB,,13,SF,0,0,0,0,0,0,0,0,0,0,0,0,,0,,,22,138,1,1,1,9,2.07030798058258,0,13,15,110,2,0,0,0,0,6,10.4608571806091,0,0.0,0.05,,,0,40.8,53.8
2001,REG+POST,00-0008210,,Willie Jackson,WR,WR,,16,NO,0,0,0,0,0,0,0,0,0,0,0,0,,0,,,0,0,0,0,0,0,,0,81,135,1046,5,0,0,0,0,54,33.72551385215,1,0.0,0.248618784530387,,,0,136.6,217.6
2001,REG+POST,00-0008241,,Edgerrin James,RB,RB,,6,IND,0,0,0,0,0,0,0,0,0,0,0,0,,0,,,151,662,3,2,1,40,0.484943455558344,0,24,29,193,0,1,1,0,0,9,1.23346232576296,1,0.0,0.140776699029126,,,0,101.5,125.5
2001,REG+POST,00-0008300,,Patrick Jeffers,WR,WR,,8,CAR,0,0,0,0,0,0,0,0,0,0,0,0,,0,,,0,0,0,0,0,0,,0,14,33,127,0,0,0,0,0,7,-12.9402975734466,0,0.0,0.108552631578947,,,0,12.7,26.7
2001,REG+POST,00-0008313,,Shawn Jefferson,WR,WR,,14,ATL,0,0,0,0,0,0,0,0,0,0,0,0,,0,,,0,0,0,0,0,0,,0,37,65,539,2,0,0,0,0,27,15.8110228656899,1,0.0,0.152941176470588,,,0,67.9,104.9
2001,REG+POST,00-0008357,,MarTay Jenkins,WR,WR,,13,ARI,0,0,0,0,0,0,0,0,0,0,0,0,,0,,,3,4,0,0,0,1,-0.757911367400084,0,32,54,518,3,0,0,0,0,25,24.9090804432472,0,0.0,0.123569794050343,,,0,70.2,102.2
2001,REG+POST,00-0008391,,Travis Jervey,RB,RB,,1,ATL,0,0,0,0,0,0,0,0,0,0,0,0,,0,,,3,6,0,0,0,0,-1.3916937460308,0,0,0,0,0,0,0,0,0,0,,0,,,,,0,0.6,0.6
2001,REG+POST,00-0008400,,James Jett,WR,WR,,4,LV,0,0,0,0,0,0,0,0,0,0,0,0,,0,,,0,0,0,0,0,0,,0,6,8,50,1,0,0,0,0,2,1.30826223391341,0,0.0,0.0575539568345324,,,0,11.0,17.0
2001,REG+POST,00-0008401,,John Jett,P,SPEC,,1,DET,0,0,0,0,0,0,0,0,0,0,0,0,,0,,,1,0,0,0,0,0,-2.9512163347099,0,0,0,0,0,0,0,0,0,0,,0,,,,,0,0.0,0.0
2001,REG+POST,00-0008442,,Brad Johnson,QB,QB,,17,TB,362,595,3608,13,15,45,276,4,2,0,0,190,-2.84958305923567,2,0.0,0.0604459976945236,40,122,3,1,0,20,14.0142852380887,0,0,0,0,0,0,0,0,0,0,,0,,,,,0,196.52,196.52
2001,REG+POST,00-0008454,,Charles Johnson,WR,WR,,12,NE,0,0,0,0,0,0,0,0,0,0,0,0,,0,,,0,0,0,0,0,0,,0,16,28,133,1,0,0,0,0,8,-1.22265272102732,0,0.0,0.0790960451977401,,,0,19.3,35.3
2001,REG+POST,00-0008529,,J.J. Johnson,RB,RB,,4,MIA,0,0,0,0,0,0,0,0,0,0,0,0,,0,,,5,22,0,0,0,0,-1.59388107253916,0,4,6,21,0,0,0,0,0,2,-2.93682247563265,0,0.0,0.0594059405940594,,,0,4.3,8.3
2001,REG+POST,00-0008560,,Kevin Johnson,WR,WR,,16,CLE,0,0,0,0,0,0,0,0,0,0,0,0,,0,,,0,0,0,0,0,0,,0,84,129,1097,9,2,0,0,0,54,49.1406307269223,0,0.0,0.281045751633987,,,0,163.7,247.7
2001,REG+POST,00-0008561,,Keyshawn Johnson,WR,WR,,16,TB,0,0,0,0,0,0,0,0,0,0,0,0,,0,,,0,0,0,0,0,0,,0,109,185,1341,1,2,1,0,0,70,35.1482349763772,0,0.0,0.315161839863714,,,0,138.1,247.1
2001,REG+POST,00-0008566,,Lee Johnson,P,SPEC,,1,NE,0,0,0,0,0,0,0,0,0,0,0,0,,0,,,1,-19,0,1,1,0,-5.86971118533984,0,0,0,0,0,0,0,0,0,0,,0,,,,,0,-3.9,-3.9
2001,REG+POST,00-0008568,,Leon Johnson,RB,RB,,9,CHI,1,1,18,0,0,0,0,0,0,0,0,1,1.00347307487391,0,0.0,,23,106,4,0,0,13,3.92590475111501,0,1,2,0,0,0,0,0,0,0,-1.23037573159672,0,,0.0666666666666667,,,0,35.32,36.32
2001,REG+POST,00-0008598,,Pat Johnson,WR,WR,,3,BAL,0,0,0,0,0,0,0,0,0,0,0,0,,0,,,0,0,0,0,0,0,,0,5,12,57,1,0,0,0,0,4,-2.68161806065473,0,0.0,0.1,,,0,11.7,16.7
2001,REG+POST,00-0008612,,Rob Johnson,QB,QB,,8,BUF,134,216,1465,5,7,31,196,5,4,0,0,70,-36.7242270728569,0,0.0,0.0264441240507158,36,241,1,1,0,12,8.96079523192052,0,0,0,0,0,0,0,0,0,0,,0,,,,,0,86.7,86.7
2001,REG+POST,00-0008723,,Damon Jones,TE,TE,,6,JAX,0,0,0,0,0,0,0,0,0,0,0,0,,0,,,0,0,0,0,0,0,,0,8,13,140,1,1,1,0,0,7,-12.2718479215982,0,0.0,0.0698924731182796,,,0,18.0,26.0
2001,REG+POST,00-0008749,,Freddie Jones,TE,TE,,14,LAC,0,0,0,0,0,0,0,0,0,0,0,0,,0,,,0,0,0,0,0,0,,0,35,60,388,4,0,0,0,0,23,8.87710555467668,0,0.0,0.127659574468085,,,0,62.8,97.8
2001,REG+POST,00-0008841,,Reggie Jones,WR,WR,,4,LAC,0,0,0,0,0,0,0,0,0,0,0,0,,0,,,0,0,0,0,0,0,,0,5,9,29,0,0,0,0,0,0,-3.33499116331376,0,0.0,0.0638297872340426,,,0,2.9,7.9
2001,REG+POST,00-0008903,,Andrew Jordan,TE,TE,,6,MIN,0,0,0,0,0,0,0,0,0,0,0,0,,0,,,0,0,0,0,0,0,,0,3,7,11,1,0,0,0,0,1,-1.45121078746161,0,0.0,0.0325581395348837,,,0,7.1,10.1
2001,REG+POST,00-0008921,,Randy Jordan,RB,RB,,14,LV,0,0,0,0,0,0,0,0,0,0,0,0,,0,,,13,59,0,0,0,1,-1.58971120341448,0,11,18,76,0,0,0,0,0,1,-7.44701244068876,0,0.0,0.0452261306532663,,,0,13.5,24.5
2001,REG+POST,00-0008941,,Kerry Joseph,DB,DB,,1,SEA,0,0,0,0,0,0,0,0,0,0,0,0,,0,,,0,0,0,0,0,0,,0,0,1,0,0,0,0,0,0,0,-1.75364067405462,0,,0.0384615384615385,,,0,0.0,0.0
2001,REG+POST,00-0008962,,Joe Jurevicius,WR,WR,,14,NYG,0,0,0,0,0,0,0,0,0,0,0,0,,0,,,0,0,0,0,0,0,,0,51,92,706,3,0,0,0,0,36,22.5091276628346,0,0.0,0.18436873747495,,,0,88.6,139.6
2001,REG+POST,00-0009119,,Reggie Kelly,TE,TE,,13,ATL,0,0,0,0,0,0,0,0,0,0,0,0,,0,,,0,0,0,0,0,0,,0,16,29,142,0,0,0,0,0,5,-3.18063936871476,0,0.0,0.0785907859078591,,,0,14.2,30.2
2001,REG+POST,00-0009163,,Eddie Kennison,WR,WR,,12,KC,0,0,0,0,0,0,0,0,0,0,0,0,,0,,,5,22,0,0,0,2,-1.56723007548135,0,31,50,491,1,1,0,0,0,17,20.2034854232029,1,0.0,0.132978723404255,,,0,59.3,90.3
2001,REG+POST,00-0009266,,Shaun King,QB,QB,,3,TB,21,31,210,0,1,3,29,0,0,0,0,10,-1.94603994483616,0,0.0,0.0253969765026052,5,-12,0,0,0,0,-7.35942296043504,1,0,0,0,0,0,0,0,0,0,,0,,,,,0,7.2,7.2
2001,REG+POST,00-0009288,,Terry Kirby,RB,RB,,10,LV,0,0,0,0,0,0,0,0,0,0,0,0,,0,,,12,52,0,0,0,4,-0.0558329779305495,0,9,9,62,0,0,0,0,0,1,1.01553229173298,0,0.0,0.037037037037037,,,1,17.4,26.4
2001,REG+POST,00-0009311,,Jon Kitna,QB,QB,,16,CIN,313,581,3216,12,22,25,185,7,2,0,0,171,-35.7605821497298,1,0.0,0.0316601705524618,27,73,1,6,2,6,-8.63459459095611,0,0,0,0,0,0,0,0,0,0,,0,,,,,0,139.94,139.94
2001,REG+POST,00-0009323,,Jimmy Kleinsasser,TE,TE,,11,MIN,0,0,0,0,0,0,0,0,0,0,0,0,,0,,,23,72,1,1,1,6,-5.07421092240838,0,24,28,184,0,1,1,0,0,8,0.738101663650014,0,0.0,0.0897435897435897,,,0,27.6,51.6
2001,REG+POST,00-0009417,,Rob Konrad,FB,RB,,7,MIA,0,0,0,0,0,0,0,0,0,0,0,0,,0,,,5,22,1,0,0,2,3.5067857101094,0,5,13,52,1,0,0,0,0,3,-12.9705726872198,0,0.0,0.0640394088669951,,,0,19.4,24.4
2001,REG+POST,00-0009443,,Brian Kozlowski,TE,TE,,9,ATL,0,0,0,0,0,0,0,0,0,0,0,0,,0,,,0,0,0,0,0,0,,0,15,22,270,1,0,0,0,0,11,17.8666541682906,0,0.0,0.0833333333333333,,,0,33.0,48.0
2001,REG+POST,00-0009584,,Sean Landeta,P,SPEC,,1,PHI,0,0,0,0,0,0,0,0,0,0,0,0,,0,,,1,-20,0,0,0,0,-1.87462713813875,0,0,0,0,0,0,0,0,0,0,,0,,,,,0,-2.0,-2.0
2001,REG+POST,00-0009715,,Ryan Leaf,QB,QB,,4,DAL,45,88,494,1,3,12,82,2,1,0,0,24,-30.3631644519105,0,0.0,0.0264482716877588,4,-7,0,2,1,0,-7.22095735514271,0,0,0,0,0,0,0,0,0,0,,0,,,,,0,13.06,13.06
2001,REG+POST,00-0009829,,Dorsey Levens,RB,RB,,17,GB,0,0,0,0,0,0,0,0,0,0,0,0,,0,,,46,172,0,0,0,6,-10.3028863261058,0,27,38,193,1,0,0,0,0,9,-3.11394879264032,0,0.0,0.0743639921722114,,,0,42.5,69.5
2001,REG+POST,00-0009842,,Chad Lewis,TE,TE,,18,PHI,0,0,0,0,0,0,0,0,0,0,0,0,,0,,,0,0,0,0,0,0,,0,53,88,567,7,1,1,0,0,29,10.9213680643606,0,0.0,0.152777777777778,,,0,96.7,149.7
2001,REG+POST,00-0009869,,Jermaine Lewis,WR,WR,,10,BAL,0,0,0,0,0,0,0,0,0,0,0,0,,0,,,11,37,0,1,1,2,-4.08608791598817,0,4,5,32,0,0,0,0,0,3,2.07155163702555,0,0.0,0.0264550264550265,,,1,10.9,14.9
2001,REG+POST,00-0010007,,Kevin Lockett,WR,WR,,14,WAS,1,1,31,1,0,0,0,0,0,0,0,1,3.17686730623245,0,0.0,,0,0,0,0,0,0,,0,22,41,293,0,1,1,0,0,16,-1.22989438369405,0,0.0,0.108753315649867,,,0,32.54,54.54
2001,REG+POST,00-0010137,,Ray Lucas,QB,QB,,8,MIA,2,3,45,0,0,0,0,0,0,0,0,2,2.94380410050508,0,0.0,,9,16,1,0,0,5,-0.57022152438633,0,0,0,0,0,0,0,0,0,0,,0,,,,,0,9.4,9.4
2001,REG+POST,00-0010146,,Mike Lucky,TE,TE,,10,DAL,0,0,0,0,0,0,0,0,0,0,0,0,,0,,,0,0,0,0,0,0,,0,13,21,96,1,0,0,0,0,7,-6.1117708220263,0,0.0,0.0836653386454183,,,0,15.6,28.6
2001,REG+POST,00-0010206,,Matt Lytle,QB,QB,,3,CAR,17,30,133,1,3,3,24,0,0,0,0,5,-19.9556118580267,0,0.0,0.0409059149651159,2,8,0,0,0,0,-0.195138842798769,0,0,0,0,0,0,0,0,0,0,,0,,,,,0,4.12,4.12
2001,REG+POST,00-0010240,,Stacey Mack,RB,RB,,16,JAX,0,0,0,0,0,0,0,0,0,0,0,0,,0,,,213,877,9,2,1,48,-93.8626575660368,0,23,34,165,1,1,0,0,0,6,-16.462598587602,0,0.0,0.0760626398210291,,,0,162.2,185.2
2001,REG+POST,00-0010261,,Tommy Maddox,QB,QB,,3,PIT,7,9,154,1,1,1,4,0,0,0,0,4,5.61323367332807,0,0.0,0.136942044591529,6,9,1,1,0,1,-0.547051870205905,0,0,0,0,0,0,0,0,0,0,,0,,,,,0,15.06,15.06
2001,REG+POST,00-0010292,,Joel Makovicka,FB,RB,,14,ARI,0,0,0,0,0,0,0,0,0,0,0,0,,0,,,1,19,0,0,0,1,1.55152455368079,0,16,28,95,1,1,1,0,0,4,-5.35141837043921,0,0.0,0.0677966101694915,,,0,15.4,31.4
2001,REG+POST,00-0010333,,Kris Mangum,TE,TE,,9,CAR,0,0,0,0,0,0,0,0,0,0,0,0,,0,,,0,0,0,0,0,0,,0,15,27,89,2,0,0,0,0,8,0.170353952387813,0,0.0,0.0828220858895705,,,0,20.9,35.9
2001,REG+POST,00-0010346,,Peyton Manning,QB,QB,"https://static.www.nfl.com/image/private/f_auto,q_auto/league/xpcd6auodk3w0vda6jal",16,IND,343,547,4131,26,23,29,232,4,2,0,0,201,23.4818851535418,2,0.0,0.0829065912709811,35,157,4,3,1,9,3.62179865661837,0,0,0,0,0,0,0,0,0,0,,0,,,,,0,260.94,260.94
2001,REG+POST,00-0010373,,Olindo Mare,K,SPEC,,1,MIA,0,0,0,0,0,0,0,0,0,0,0,0,,0,,,1,-5,0,0,0,0,-3.00390238955151,0,0,0,0,0,0,0,0,0,0,,0,,,,,0,-0.5,-0.5
2001,REG+POST,00-0010436,,Cecil Martin,RB,RB,,17,PHI,0,0,0,0,0,0,0,0,0,0,0,0,,0,,,9,27,0,0,0,0,-2.52801568392897,0,27,43,142,3,0,0,0,0,7,-4.71643579886636,0,0.0,0.0817490494296578,,,0,34.9,61.9
2001,REG+POST,00-0010442,,Curtis Martin,RB,RB,,17,NYJ,1,1,18,1,0,0,0,0,0,0,0,1,2.92219523410313,0,0.0,,349,1619,10,2,2,84,-9.47389040924353,0,59,70,354,0,1,1,0,-2,14,-6.99926780611836,0,0.0,0.150214592274678,,,0,256.02,315.02
2001,REG+POST,00-0010455,,Jamie Martin,QB,QB,,3,LA,3,3,22,0,0,2,7,0,0,0,0,2,0.403028697241098,0,0.0,,8,-9,0,0,0,0,-4.16010225057835,0,0,0,0,0,0,0,0,0,0,,0,,,,,0,-0.0200000000000001,-0.0200000000000001
2001,REG+POST,00-0010477,,Tony Martin,WR,WR,,11,ATL,0,0,0,0,0,0,0,0,0,0,0,0,,0,,,0,0,0,0,0,0,,0,37,77,548,3,0,0,0,0,29,6.62659508306914,0,0.0,0.229166666666667,,,0,72.8,109.8
2001,REG+POST,00-0010500,,Derrick Mason,WR,WR,,15,TEN,0,0,0,0,0,0,0,0,0,0,0,0,,0,,,0,0,0,0,0,0,,0,73,113,1128,9,0,0,0,0,50,50.7175526030285,1,0.0,0.235416666666667,,,1,174.8,247.8
2001,REG+POST,00-0010539,,Terance Mathis,WR,WR,,16,ATL,0,0,0,0,0,0,0,0,0,0,0,0,,0,,,0,0,0,0,0,0,,0,51,105,564,2,0,0,0,0,34,-6.07647870761338,0,0.0,0.21875,,,0,68.4,119.4
2001,REG+POST,00-0010560,,Shane Matthews,QB,QB,,5,CHI,92,146,760,5,8,7,57,3,1,0,0,46,-19.8837166200279,0,0.0,0.036004099890525,5,4,0,1,0,1,-0.578383137850324,0,0,0,0,0,0,0,0,0,0,,0,,,,,0,32.8,32.8
2001,REG+POST,00-0010609,,Brad Maynard,P,SPEC,,1,CHI,1,1,27,1,0,0,0,0,0,0,0,1,5.42316303250846,0,0.0,,1,-10,0,0,0,0,-1.36996015044861,0,0,0,0,0,0,0,0,0,0,,0,,,,,0,4.08,4.08
2001,REG+POST,00-0010632,,Fred McAfee,RB,RB,,1,NO,0,0,0,0,0,0,0,0,0,0,0,0,,0,,,1,2,0,0,0,0,-0.426861321553588,0,0,0,0,0,0,0,0,0,0,,0,,,,,0,0.2,0.2
2001,REG+POST,00-0010650,,Ed McCaffrey,WR,WR,,1,DEN,0,0,0,0,0,0,0,0,0,0,0,0,,0,,,0,0,0,0,0,0,,0,6,7,94,1,0,0,0,0,3,6.64487014300296,0,0.0,0.241379310344828,,,0,15.4,21.4
2001,REG+POST,00-0010668,,Keenan McCardell,WR,WR,,16,JAX,0,0,0,0,0,0,0,0,0,0,0,0,,0,,,0,0,0,0,0,0,,0,93,145,1110,6,1,1,0,0,58,11.4616010623611,1,0.0,0.275142314990512,,,0,147.0,240.0
2001,REG+POST,00-0010747,,Fred McCrary,RB,RB,,12,LAC,0,0,0,0,0,0,0,0,0,0,0,0,,0,,,2,3,0,0,0,1,-0.207176227471791,0,13,23,71,0,0,0,0,0,2,-3.53737507888582,0,0.0,0.0539906103286385,,,0,7.4,20.4
2001,REG+POST,00-0010786,,Jeremy McDaniel,WR,WR,,5,BUF,0,0,0,0,0,0,0,0,0,0,0,0,,0,,,0,0,0,0,0,0,,0,11,14,129,0,0,0,0,0,8,4.72379843337694,0,0.0,0.0875,,,0,12.9,23.9
2001,REG+POST,00-0010843,,Wane McGarity,WR,WR,,4,NO,0,0,0,0,0,0,0,0,0,0,0,0,,0,,,0,0,0,0,0,0,,0,7,12,43,1,0,0,0,0,3,0.778144564450486,0,0.0,0.102564102564103,,,0,10.3,17.3
2001,REG+POST,00-0010844,,Scott McGarrahan,DB,DB,,1,MIA,0,0,0,0,0,0,0,0,0,0,0,0,,0,,,0,0,0,0,0,0,,0,0,1,0,0,0,0,0,0,0,-0.728795953560621,0,,0.05,,,0,0.0,0.0
2001,REG+POST,00-0010859,,Tony McGee,TE,TE,,11,CIN,0,0,0,0,0,0,0,0,0,0,0,0,,0,,,0,0,0,0,0,0,,0,14,30,148,1,0,0,0,0,7,0.196976715487877,0,0.0,0.0779220779220779,,,0,20.8,34.8
2001,REG+POST,00-0010892,,Travis McGriff,WR,WR,,2,DEN,0,0,0,0,0,0,0,0,0,0,0,0,,0,,,0,0,0,0,0,0,,0,0,4,0,0,0,0,0,0,0,-2.80943513114004,0,,0.0784313725490196,,,0,0.0,0.0
2001,REG+POST,00-0010951,,Dennis McKinley,RB,RB,,2,ARI,0,0,0,0,0,0,0,0,0,0,0,0,,0,,,1,1,0,0,0,0,-0.378896401030943,0,1,1,10,0,0,0,0,0,1,0.988906686368864,0,0.0,0.0222222222222222,,,0,1.1,2.1
2001,REG+POST,00-0010966,,Steve McKinney,G,OL,,1,IND,0,0,0,0,0,0,0,0,0,0,0,0,,0,,,0,0,0,0,0,0,,0,1,1,5,0,0,0,0,0,0,-0.516661638626829,0,0.0,0.0294117647058824,,,0,0.5,1.5
2001,REG+POST,00-0010974,,James McKnight,WR,WR,,17,MIA,0,0,0,0,0,0,0,0,0,0,0,0,,0,,,6,39,0,0,0,3,1.86822585767368,1,59,97,710,3,4,3,0,0,33,2.43789260234784,0,0.0,0.202928870292887,,,0,88.9,147.9
2001,REG+POST,00-0011022,,Donovan McNabb,QB,QB,,18,PHI,345,588,3860,30,15,47,319,8,3,0,0,166,6.48406100143056,0,0.0,0.0690558198186626,98,602,4,2,1,35,20.3585342482431,0,0,0,0,0,0,0,0,0,0,,0,,,,,0,320.6,320.6
2001,REG+POST,00-0011024,,Steve McNair,QB,QB,,15,TEN,264,431,3350,21,12,37,251,1,1,0,0,159,65.5961583806934,3,0.0,0.106141960423557,75,414,5,4,2,31,9.53440394115844,0,0,0,0,0,0,0,0,0,0,,0,,,,,0,265.4,265.4
2001,REG+POST,00-0011151,,Eric Metcalf,WR,WR,,5,WAS,0,0,0,0,0,1,2,0,0,0,0,0,-0.73170028347522,0,,,0,0,0,0,0,0,,0,4,5,19,0,0,0,0,0,0,-0.871332810788559,0,0.0,0.0515463917525773,,,1,7.9,11.9
2001,REG+POST,00-0011213,,Glyn Milburn,WR,WR,,4,CHI,0,0,0,0,0,0,0,0,0,0,0,0,,0,,,3,3,0,0,0,0,-1.65653595258482,0,3,4,9,0,0,0,0,0,0,-3.08201603924225,0,0.0,0.0384615384615385,,,0,1.2,4.2
2001,REG+POST,00-0011224,,Itula Mili,TE,TE,,8,SEA,0,0,0,0,0,0,0,0,0,0,0,0,,0,,,0,0,0,0,0,0,,0,8,12,98,2,0,0,0,0,5,4.55908364651259,0,0.0,0.0524017467248908,,,0,21.8,29.8
2001,REG+POST,00-0011276,,Jim Miller,QB,QB,,15,CHI,231,400,2322,13,11,12,79,3,1,0,0,106,-25.7260080171164,0,0.0,0.0274755692874737,29,-19,0,4,2,5,-24.8755322264226,0,0,0,0,0,0,0,0,0,0,,0,,,,,0,114.98,114.98
2001,REG+POST,00-0011390,,Anthony Mitchell,DB,DB,,1,BAL,0,0,0,0,0,0,0,0,0,0,0,0,,0,,,0,0,0,0,0,0,,0,1,1,-11,0,0,0,0,0,0,-2.71351402212167,0,0.0,0.0357142857142857,,,0,-1.1,-0.1
2001,REG+POST,00-0011399,,Brian Mitchell,RB,RB,,5,PHI,0,0,0,0,0,0,0,0,0,0,0,0,,0,,,7,9,0,0,0,1,-3.87083582347259,0,6,8,122,0,0,0,0,0,3,4.95795381651971,0,0.0,0.0655737704918033,,,1,19.1,25.1
2001,REG+POST,00-0011407,,Donald Mitchell,DB,DB,,2,TEN,0,0,0,0,0,0,0,0,0,0,0,0,,0,,,0,0,0,0,0,0,,0,0,0,0,0,0,0,0,0,0,,0,,,,,2,12.0,12.0
2001,REG+POST,00-0011425,,Pete Mitchell,TE,TE,,3,DET,0,0,0,0,0,0,0,0,0,0,0,0,,0,,,0,0,0,0,0,0,,0,5,5,29,0,0,0,0,0,1,0.13583639881108,0,0.0,0.0442477876106195,,,0,2.9,7.9
2001,REG+POST,00-0011434,,Scott Mitchell,QB,QB,,1,CIN,4,12,38,0,3,2,15,0,0,0,0,2,-17.8073811211507,0,0.0,0.0769885363078474,0,0,0,0,0,0,,0,0,0,0,0,0,0,0,0,0,,0,,,,,0,-4.48,-4.48
2001,REG+POST,00-0011439,,Tywan Mitchell,TE,TE,,13,ARI,0,0,0,0,0,0,0,0,0,0,0,0,,0,,,0,0,0,0,0,0,,0,25,40,196,2,0,0,0,0,11,4.20158389882246,0,0.0,0.0943396226415094,,,0,31.6,56.6
2001,REG+POST,00-0011463,,Chris Mohr,P,SPEC,,2,ATL,2,2,40,0,0,0,0,0,0,0,0,1,2.94681022805162,0,0.0,,0,0,0,0,0,0,,0,0,0,0,0,0,0,0,0,0,,0,,,,,0,1.6,1.6
2001,REG+POST,00-0011488,,Rod Monroe,TE,TE,,1,CLE,0,0,0,0,0,0,0,0,0,0,0,0,,0,,,0,0,0,0,0,0,,0,0,1,0,0,0,0,0,0,0,-0.721219864673913,0,,0.0333333333333333,,,0,0.0,0.0
2001,REG+POST,00-0011551,,Dave Moore,TE,TE,,15,TB,0,0,0,0,0,0,0,0,0,0,0,0,,0,,,0,0,0,0,0,0,,0,36,55,298,4,0,0,0,0,19,16.7598899556611,0,0.0,0.0992779783393502,,,0,53.8,89.8
2001,REG+POST,00-0011568,,Herman Moore,WR,WR,,2,DET,0,0,0,0,0,0,0,0,0,0,0,0,,0,,,0,0,0,0,0,0,,0,4,8,76,0,0,0,0,0,3,0.686632447017473,0,0.0,0.10958904109589,,,0,7.6,11.6
2001,REG+POST,00-0011626,,Brian Moorman,P,SPEC,,2,BUF,0,1,0,0,0,0,0,0,0,0,0,0,-0.660845086094923,0,,,1,0,0,0,0,0,-1.38494193961378,0,0,0,0,0,0,0,0,0,0,,0,,,,,0,0.0,0.0
2001,REG+POST,00-0011718,,Harold Morrow,FB,RB,,12,MIN,0,0,0,0,0,0,0,0,0,0,0,0,,0,,,12,67,0,0,0,4,0.971288777247537,0,13,18,142,0,1,0,0,0,7,5.90070330910385,0,0.0,0.058252427184466,,,0,20.9,33.9
2001,REG+POST,00-0011727,,Johnnie Morton,WR,WR,,16,DET,0,0,0,0,0,0,0,0,0,0,0,0,,0,,,1,6,0,0,0,0,0.115985202835873,0,77,144,1154,4,1,1,0,0,58,43.6347200891213,0,0.0,0.245733788395904,,,0,138.0,215.0
2001,REG+POST,00-0011754,,Randy Moss,WR,WR,,16,MIN,1,1,29,0,0,0,0,0,0,0,0,1,1.9833537741797,0,0.0,,3,38,0,0,0,2,4.04044084789348,0,82,153,1233,10,0,0,0,4,60,47.6220028104137,0,0.0,0.282809611829945,,,0,188.26,270.26
2001,REG+POST,00-0011770,,Eric Moulds,WR,WR,,16,BUF,0,0,0,0,0,0,0,0,0,0,0,0,,0,,,3,3,0,0,0,0,-1.28219554206589,0,67,135,904,5,1,1,0,0,42,-0.372145436346795,1,0.0,0.25328330206379,,,0,120.7,187.7
2001,REG+POST,00-0011795,,Muhsin Muhammad,WR,WR,,11,CAR,0,0,0,0,0,0,0,0,0,0,0,0,,0,,,0,0,0,0,0,0,,0,50,93,585,1,2,1,0,0,26,1.31218254866113,0,0.0,0.252032520325203,,,0,62.5,112.5
2001,REG+POST,00-0011854,,Yo Murphy,WR,WR,,1,LA,0,0,0,0,0,0,0,0,0,0,0,0,,0,,,0,0,0,0,0,0,,0,1,1,11,0,0,0,0,0,1,0.390278828388546,0,0.0,0.0232558139534884,,,0,1.1,2.1
2001,REG+POST,00-0011958,,Lorenzo Neal,FB,RB,,16,CIN,0,0,0,0,0,0,0,0,0,0,0,0,,0,,,5,10,0,0,0,0,-3.31884567299858,0,19,27,101,1,0,0,0,0,4,-2.07037797300895,0,0.0,0.0507518796992481,,,0,17.1,36.1
2001,REG+POST,00-0012261,,Neil O'Donnell,QB,QB,,5,TEN,42,76,496,2,2,6,58,1,0,0,0,19,-9.19493263055337,0,0.0,0.0245274194396828,6,28,0,0,0,2,-1.227568934788,0,0,0,0,0,0,0,0,0,0,,0,,,,,0,26.64,26.64
2001,REG+POST,00-0012321,,Jeff Ogden,WR,WR,,4,MIA,0,0,0,0,0,0,0,0,0,0,0,0,,0,,,0,0,0,0,0,0,,0,6,8,73,1,0,0,0,0,5,3.73850367957493,0,0.0,0.0677966101694915,,,0,13.3,19.3
2001,REG+POST,00-0012370,,Brock Olivo,RB,RB,,2,DET,0,0,0,0,0,0,0,0,0,0,0,0,,0,,,1,6,0,0,0,1,0.946144608897157,0,0,1,0,0,0,0,0,0,0,-0.70046729571186,0,,0.0256410256410256,,,0,0.6,0.6
2001,REG+POST,00-0012478,,Terrell Owens,WR,WR,,17,SF,0,0,0,0,0,0,0,0,0,0,0,0,,0,,,4,21,0,0,0,1,-0.595886383729521,0,97,164,1452,16,0,0,0,0,72,63.4730266357522,0,0.0,0.309433962264151,,,0,243.3,340.3
2001,REG+POST,00-0012569,,Larry Parker,WR,WR,,9,KC,0,0,0,0,0,0,0,0,0,0,0,0,,0,,,3,6,0,0,0,0,-0.723295292817056,0,15,39,199,2,0,0,0,0,10,-8.42489751188958,0,0.0,0.148854961832061,,,0,32.5,47.5
2001,REG+POST,00-0012637,,Jerome Pathon,WR,WR,,4,IND,0,0,0,0,0,0,0,0,0,0,0,0,,0,,,1,-8,0,0,0,0,-1.31397008267231,0,24,32,330,2,0,0,0,0,11,12.3112367720983,0,0.0,0.238805970149254,,,0,44.2,68.2
2001,REG+POST,00-0012642,,David Patten,WR,WR,,18,NE,1,2,60,1,1,0,0,0,0,0,0,1,2.92261498677544,0,0.0,,6,89,1,0,0,4,6.67262362962356,0,64,124,903,6,1,0,0,0,46,16.3739601224631,0,0.0,0.21792618629174,,,0,145.6,209.6
2001,REG+POST,00-0012726,,Doug Pederson,QB,QB,,2,GB,0,0,0,0,0,0,0,0,0,0,0,0,,0,,,2,-2,0,0,0,0,-0.536522746173432,0,0,0,0,0,0,0,0,0,0,,0,,,,,0,-0.2,-0.2
2001,REG+POST,00-0013013,,Michael Pittman,RB,RB,"https://static.www.nfl.com/image/private/f_auto,q_auto/league/xt52pieoe86wnuy0imar",15,ARI,0,0,0,0,0,0,0,0,0,0,0,0,,0,,,241,846,5,5,2,42,-42.5218106112185,0,42,66,264,0,0,0,0,0,10,-15.2850312785854,0,0.0,0.145054945054945,,,0,137.0,179.0
2001,REG+POST,00-0013028,,Scott Player,P,SPEC,,1,ARI,0,0,0,0,0,0,0,0,0,0,0,0,,0,,,1,0,0,0,0,0,-5.82500896038255,0,0,0,0,0,0,0,0,0,0,,0,,,,,0,0.0,0.0
2001,REG+POST,00-0013042,,Jake Plummer,QB,QB,,16,ARI,304,525,3653,18,14,29,204,2,1,0,0,177,40.2031320331563,0,0.0,0.0734450037939513,35,163,0,6,2,8,-7.41588816990472,1,0,0,0,0,0,0,0,0,0,,0,,,,,0,202.42,202.42
2001,REG+POST,00-0013080,,Marcus Pollard,TE,TE,,16,IND,0,0,0,0,0,0,0,0,0,0,0,0,,0,,,0,0,0,0,0,0,,0,47,73,739,8,0,0,0,0,34,18.4349694819672,0,0.0,0.134438305709024,,,0,121.9,168.9
2001,REG+POST,00-0013097,,Keith Poole,WR,WR,,4,DEN,0,0,0,0,0,0,0,0,0,0,0,0,,0,,,0,0,0,0,0,0,,0,5,10,38,0,0,0,0,0,2,-0.0660991034484058,0,0.0,0.0862068965517242,,,0,3.8,8.8
2001,REG+POST,00-0013232,,Peerless Price,WR,WR,,16,BUF,0,0,0,0,0,0,0,0,0,0,0,0,,0,,,6,97,0,0,0,3,4.7933417763561,0,55,111,895,7,1,0,0,0,37,27.9692800039552,0,0.0,0.208255159474672,,,0,141.2,196.2
2001,REG+POST,00-0013262,,Stanley Pritchett,RB,RB,,1,CHI,0,0,0,0,0,0,0,0,0,0,0,0,,0,,,0,0,0,0,0,0,,0,0,1,0,0,0,0,0,0,0,-0.71439836663194,0,,0.0344827586206897,,,0,0.0,0.0
2001,REG+POST,00-0013268,,Ricky Proehl,WR,WR,,15,LA,0,0,0,0,0,0,0,0,0,0,0,0,,0,,,1,5,0,0,0,1,0.464253685204312,0,43,60,634,6,1,1,0,0,33,23.4067314487895,1,0.0,0.116731517509728,,,0,99.9,142.9
2001,REG+POST,00-0013338,,Jonathan Quinn,QB,QB,,4,JAX,32,61,361,0,1,6,43,3,3,0,0,17,-33.5061205348601,0,0.0,0.0279952237291575,8,42,0,1,0,2,0.0772024663162412,0,0,0,0,0,0,0,0,0,0,,0,,,,,0,10.64,10.64
2001,REG+POST,00-0013422,,Walter Rasby,TE,TE,,12,WAS,0,0,0,0,0,0,0,0,0,0,0,0,,0,,,0,0,0,0,0,0,,0,10,27,128,2,0,0,0,0,7,-0.451785584620666,0,0.0,0.0830769230769231,,,0,24.8,34.8
2001,REG+POST,00-0013467,,Jamie Reader,RB,RB,,5,PHI,0,0,0,0,0,0,0,0,0,0,0,0,,0,,,1,-1,0,0,0,0,-0.732240726007149,0,2,5,14,0,0,0,0,0,1,-1.43268194864504,0,0.0,0.0357142857142857,,,0,1.3,3.3
2001,REG+POST,00-0013512,,Jake Reed,WR,WR,,16,MIN,0,0,0,0,0,0,0,0,0,0,0,0,,0,,,0,0,0,0,0,0,,0,27,53,309,1,0,0,0,0,15,-5.48543553119731,1,0.0,0.0979667282809612,,,0,38.9,65.9
2001,REG+POST,00-0013639,,Jerry Rice,WR,WR,,18,LV,0,0,0,0,0,0,0,0,0,0,0,0,,0,,,0,0,0,0,0,0,,0,96,144,1370,10,1,0,0,0,74,94.2469110520077,0,0.0,0.240802675585284,,,0,197.0,293.0
2001,REG+POST,00-0013682,,Kyle Richardson,P,SPEC,,2,BAL,1,1,-11,0,0,0,0,1,0,0,0,0,-2.71351402212167,0,0.0,,1,0,0,0,0,0,-3.70025987841655,0,0,0,0,0,0,0,0,0,0,,0,,,,,0,-0.44,-0.44
2001,REG+POST,00-0013694,,Tony Richardson,FB,RB,,14,KC,0,0,0,0,0,0,0,0,0,0,0,0,,0,,,66,191,7,0,0,24,4.21738097588424,0,30,40,265,0,0,0,0,0,12,4.59651437889214,0,0.0,0.0943396226415094,,,0,87.6,117.6
2001,REG+POST,00-0013712,,Mikhael Ricks,TE,TE,,11,KC,0,0,0,0,0,0,0,0,0,0,0,0,,0,,,0,0,0,0,0,0,,0,18,30,252,1,0,0,0,0,12,4.70422506275637,0,0.0,0.0847457627118644,,,0,31.2,49.2
2001,REG+POST,00-0013728,,Jay Riemersma,TE,TE,,16,BUF,0,0,0,0,0,0,0,0,0,0,0,0,,0,,,0,0,0,0,0,0,,0,53,78,590,3,0,0,0,0,33,12.9002918477927,0,0.0,0.146341463414634,,,0,77.0,130.0
2001,REG+POST,00-0013773,,Jon Ritchie,FB,RB,,14,LV,0,0,0,0,0,0,0,0,0,0,0,0,,0,,,0,0,0,0,0,0,,0,20,30,165,2,0,0,0,0,6,2.72883034322877,0,0.0,0.0608519269776876,,,0,28.5,48.5
2001,REG+POST,00-0013872,,Jeff Robinson,LS,SPEC,,11,LA,0,0,0,0,0,0,0,0,0,0,0,0,,0,,,0,0,0,0,0,0,,0,14,17,153,1,0,0,0,0,8,7.03788963257102,0,0.0,0.0434782608695652,,,0,21.3,35.3
2001,REG+POST,00-0013888,,Marcus Robinson,WR,WR,,5,CHI,0,0,0,0,0,0,0,0,0,0,0,0,,0,,,0,0,0,0,0,0,,0,23,42,269,2,0,0,0,0,11,-3.68389658411238,0,0.0,0.270967741935484,,,0,38.9,61.9
2001,REG+POST,00-0013958,,Charlie Rogers,RB,RB,,1,SEA,0,0,0,0,0,0,0,0,0,0,0,0,,0,,,0,0,0,0,0,0,,0,1,1,7,0,0,0,0,0,0,-0.114259539637715,0,0.0,0.0454545454545455,,,0,0.7,1.7
2001,REG+POST,00-0014071,,Allen Rossum,DB,DB,,1,GB,0,0,0,0,0,0,0,0,0,0,0,0,,0,,,0,0,0,0,0,0,,0,0,0,0,0,0,0,0,0,0,,0,,,,,1,6.0,6.0
2001,REG+POST,00-0014115,,Mark Royals,P,SPEC,,1,TB,1,1,5,0,0,0,0,0,0,0,0,0,-2.07284872536547,0,0.0,,0,0,0,0,0,0,,0,0,0,0,0,0,0,0,0,0,,0,,,,,0,0.2,0.2
2001,REG+POST,00-0014211,,Rod Rutledge,TE,TE,,7,NE,0,0,0,0,0,0,0,0,0,0,0,0,,0,,,0,0,0,0,0,0,,0,5,9,35,0,0,0,0,0,0,-1.58795145176648,0,0.0,0.0375,,,0,3.5,8.5
2001,REG+POST,00-0014234,,Mark Rypien,QB,QB,,1,IND,5,9,57,0,0,1,6,0,0,0,0,4,-0.351479650358669,0,0.0,0.0348559013717604,0,0,0,0,0,0,,0,0,0,0,0,0,0,0,0,0,,0,,,,,0,2.28,2.28
2001,REG+POST,00-0014319,,Chris Sanders,WR,WR,,4,TEN,0,0,0,0,0,0,0,0,0,0,0,0,,0,,,0,0,0,0,0,0,,0,5,18,74,0,0,0,0,0,3,-3.06263318427933,0,0.0,0.134328358208955,,,0,7.4,12.4
2001,REG+POST,00-0014328,,Frank Sanders,WR,WR,,15,ARI,0,1,0,0,0,0,0,0,0,0,0,0,-0.405529100447893,0,,,0,0,0,0,0,0,,0,41,76,618,2,1,1,0,0,32,16.6076281578495,0,0.0,0.159329140461216,,,0,71.8,112.8
2001,REG+POST,00-0014350,,O.J. Santiago,TE,TE,,11,CLE,0,0,0,0,0,0,0,0,0,0,0,0,,0,,,0,0,0,0,0,0,,0,17,27,153,2,0,0,0,0,7,-2.47402138180481,0,0.0,0.0870967741935484,,,0,27.3,44.3
2001,REG+POST,00-0014377,,Todd Sauerbrun,P,SPEC,,1,CAR,0,0,0,0,0,0,0,0,0,0,0,0,,0,,,1,0,0,0,0,0,-8.43306526483502,0,0,0,0,0,0,0,0,0,0,,0,,,,,0,0.0,0.0
2001,REG+POST,00-0014450,,Cory Schlesinger,RB,RB,,16,DET,0,0,0,0,0,0,0,0,0,0,0,0,,0,,,47,154,3,0,0,16,4.43599402817199,0,60,85,466,0,1,1,0,0,15,-6.06830120422096,0,0.0,0.145051194539249,,,0,78.0,138.0
2001,REG+POST,00-0014489,,Bill Schroeder,WR,WR,,16,GB,0,0,0,0,0,0,0,0,0,0,0,0,,0,,,1,6,0,0,0,0,0.0570939718745649,0,58,103,988,9,1,0,0,0,46,49.6769685032778,0,0.0,0.2,,,0,153.4,211.4
2001,REG+POST,00-0014544,,Darnay Scott,WR,WR,,16,CIN,0,0,0,0,0,0,0,0,0,0,0,0,,0,,,0,0,0,0,0,0,,0,57,103,819,2,0,0,0,0,40,25.1921792277418,0,0.0,0.175170068027211,,,0,93.9,150.9
2001,REG+POST,00-0014655,,Mike Sellers,TE,TE,,7,CLE,0,0,0,0,0,0,0,0,0,0,0,0,,0,,,0,0,0,0,0,0,,0,7,13,73,2,0,0,0,0,6,2.89114336058265,0,0.0,0.0695187165775401,,,0,19.3,26.3
2001,REG+POST,00-0014722,,Shannon Sharpe,TE,TE,,18,BAL,0,0,0,0,0,0,0,0,0,0,0,0,,0,,,0,0,0,0,0,0,,0,82,126,890,2,1,1,0,0,47,10.2378880534068,0,0.0,0.212121212121212,,,0,99.0,181.0
2001,REG+POST,00-0014729,,Bobby Shaw,WR,WR,,16,PIT,0,0,0,0,0,0,0,0,0,0,0,0,,0,,,0,0,0,0,0,0,,0,26,48,432,2,0,0,0,0,21,22.5471524909668,0,0.0,0.10412147505423,,,0,55.2,81.2
2001,REG+POST,00-0014775,,Daimon Shelton,FB,RB,,12,CHI,0,0,0,0,0,0,0,0,0,0,0,0,,0,,,0,0,0,0,0,0,,0,12,18,76,1,2,1,0,0,3,-6.07856020247531,0,0.0,0.046875,,,0,11.6,23.6
2001,REG+POST,00-0014918,,Tony Simmons,WR,WR,,3,IND,0,0,0,0,0,0,0,0,0,0,0,0,,0,,,0,0,0,0,0,0,,0,2,6,17,0,0,0,0,0,1,-3.45550799271148,0,0.0,0.055045871559633,,,0,1.7,3.7
2001,REG+POST,00-0015048,,David Sloan,TE,TE,,14,DET,0,0,0,0,0,0,0,0,0,0,0,0,,0,,,0,0,0,0,0,0,,0,37,69,409,7,0,0,0,0,24,14.9054271800656,0,0.0,0.131679389312977,,,0,82.9,119.9
2001,REG+POST,00-0015063,,Torrance Small,WR,WR,,2,NE,0,0,0,0,0,0,0,0,0,0,0,0,,0,,,0,0,0,0,0,0,,0,4,7,29,0,0,0,0,0,3,-0.933684670428377,0,0.0,0.148936170212766,,,0,2.9,6.9
2001,REG+POST,00-0015082,,Akili Smith,QB,QB,,2,CIN,5,8,37,0,0,1,3,0,0,0,0,3,2.34477583042462,0,0.0,0.0846222671825968,6,20,0,0,0,1,-1.00478509903769,0,0,0,0,0,0,0,0,0,0,,0,,,,,0,3.48,3.48
2001,REG+POST,00-0015091,,Antowain Smith,RB,RB,,19,NE,0,0,0,0,0,0,0,0,0,0,0,0,,0,,,340,1361,12,4,4,67,-15.9928209893904,0,20,30,196,1,0,0,0,0,6,3.96389381022891,0,0.0,0.0678733031674208,,,0,225.7,245.7
2001,REG+POST,00-0015165,,Emmitt Smith,RB,RB,,14,DAL,0,0,0,0,0,0,0,0,0,0,0,0,,0,,,261,1021,3,1,1,47,-32.8819481611588,0,17,21,116,0,0,0,0,0,6,0.0231493831140939,0,0.0,0.0792452830188679,,,0,129.7,146.7
2001,REG+POST,00-0015218,,Jimmy Smith,WR,WR,,16,JAX,0,0,0,0,0,0,0,0,0,0,0,0,,0,,,1,-3,0,0,0,0,-0.816353206057102,0,112,176,1373,8,1,0,0,0,68,-16.5771165582178,0,0.0,0.333965844402277,,,0,185.0,297.0
2001,REG+POST,00-0015242,,Lamar Smith,RB,RB,,17,MIA,0,0,0,0,0,0,0,0,0,0,0,0,,0,,,319,974,6,4,3,47,-68.6971010430094,0,31,37,240,2,2,2,0,0,8,4.822326684086,0,0.0,0.0883054892601432,,,0,159.4,190.4
2001,REG+POST,00-0015290,,Rod Smith,WR,WR,,15,DEN,0,0,0,0,0,0,0,0,0,0,0,0,,0,,,3,27,0,0,0,2,2.14234085771022,0,113,172,1343,11,1,0,0,0,75,60.236754062508,1,0.0,0.370689655172414,,,0,205.0,318.0
2001,REG+POST,00-0015420,,Jerald Sowell,FB,RB,,5,NYJ,0,0,0,0,0,0,0,0,0,0,0,0,,0,,,4,9,0,0,0,0,-1.68806734349346,0,2,2,25,0,0,0,0,0,1,0.852411310013849,0,0.0,0.0307692307692308,,,0,3.4,5.4
2001,REG+POST,00-0015523,,Duce Staley,RB,RB,,16,PHI,0,0,0,0,0,0,0,0,0,0,0,0,,0,,,210,743,3,2,1,36,-27.2054144055001,0,80,110,765,4,1,0,0,0,23,17.3522901972272,0,0.0,0.224948875255624,,,0,190.8,270.8
2001,REG+POST,00-0015601,,Aaron Stecker,RB,RB,,7,TB,0,0,0,0,0,0,0,0,0,0,0,0,,0,,,24,72,1,0,0,3,-4.1204530018731,0,10,13,101,1,0,0,0,0,6,1.69693612382036,0,0.0,0.0634146341463415,,,0,29.3,39.3
2001,REG+POST,00-0015698,,James Stewart,RB,RB,,11,DET,0,0,0,0,0,0,0,0,0,0,0,0,,0,,,143,685,1,0,0,23,-21.1351074251967,0,23,26,242,1,0,0,0,0,9,10.1669369590982,0,0.0,0.0973782771535581,,,0,104.7,127.7
2001,REG+POST,00-0015700,,Kordell Stewart,QB,QB,,18,PIT,302,506,3518,15,15,34,193,3,0,0,0,167,54.8076606091745,0,0.0,0.0823592283765131,114,608,5,10,3,37,4.46133642242957,0,0,0,0,0,0,0,0,0,0,,0,,,,,0,255.52,255.52
2001,REG+POST,00-0015751,,J.J. Stokes,WR,WR,,17,SF,0,0,0,0,0,0,0,0,0,0,0,0,,0,,,0,0,0,0,0,0,,0,58,96,637,7,0,0,0,0,36,32.108521204518,0,0.0,0.181132075471698,,,0,105.7,163.7
2001,REG+POST,00-0015754,,Brandon Stokley,WR,WR,,17,BAL,0,0,0,0,0,0,0,0,0,0,0,0,,0,,,1,1,0,1,0,0,-1.16013952127673,0,26,53,382,2,0,0,0,0,18,7.96973045165674,0,0.0,0.0941385435168739,,,0,50.3,76.3
2001,REG+POST,00-0015811,,Tai Streets,WR,WR,,17,SF,0,0,0,0,0,0,0,0,0,0,0,0,,0,,,1,9,0,0,0,0,0.980691342614591,0,32,56,395,2,0,0,0,0,24,8.57576246838016,1,0.0,0.105660377358491,,,0,54.4,86.4
2001,REG+POST,00-0015830,,Mack Strong,FB,RB,,14,SEA,0,0,0,0,0,0,0,0,0,0,0,0,,0,,,17,55,0,0,0,10,0.272586872102693,0,17,29,141,0,0,0,0,0,3,-1.86880855675554,0,0.0,0.0767195767195767,,,0,19.6,36.6
2001,REG+POST,00-0015842,,Dan Stryzinski,P,SPEC,,1,KC,0,0,0,0,0,0,0,0,0,0,0,0,,0,,,1,-10,0,0,0,0,2.47242735442705,0,0,0,0,0,0,0,0,0,0,,0,,,,,0,-1.0,-1.0
2001,REG+POST,00-0015959,,Kevin Swayne,WR,WR,,14,NYJ,0,0,0,0,0,0,0,0,0,0,0,0,,0,,,0,0,0,0,0,0,,0,13,38,203,0,0,0,0,0,12,-4.55644655170103,0,0.0,0.0909090909090909,,,0,20.3,33.3
2001,REG+POST,00-0015970,,Justin Swift,WR,WR,,9,SF,0,0,0,0,0,0,0,0,0,0,0,0,,0,,,0,0,0,0,0,0,,0,11,11,66,1,0,0,0,0,3,3.25539007567568,0,0.0,0.0384615384615385,,,0,12.6,23.6
2001,REG+POST,00-0015980,,Reggie Swinton,WR,WR,,7,DAL,0,0,0,0,0,0,0,0,0,0,0,0,,0,,,1,-4,0,0,0,0,-1.00284633308183,0,7,16,117,1,0,0,0,0,5,-1.60546947739519,0,0.0,0.0869565217391304,,,1,23.3,30.3
2001,REG+POST,00-0016098,,Fred Taylor,RB,RB,,2,JAX,0,0,0,0,0,0,0,0,0,0,0,0,,0,,,30,116,0,1,1,6,-10.2720786675927,0,2,3,13,0,0,0,0,0,1,0.626101811940316,0,0.0,0.0566037735849057,,,0,10.9,12.9
2001,REG+POST,00-0016193,,Vinny Testaverde,QB,QB,,17,NYJ,286,481,3020,18,14,19,125,5,0,0,0,155,16.8113669092319,0,0.0,0.0471103431723781,32,26,0,6,2,2,-35.5426916764409,0,0,0,0,0,0,0,0,0,0,,0,,,,,0,163.4,163.4
2001,REG+POST,00-0016232,,Chris Thomas,WR,WR,,8,KC,0,0,0,0,0,0,0,0,0,0,0,0,,0,,,0,0,0,0,0,0,,0,19,38,247,1,0,0,0,0,14,-1.61254428182201,0,0.0,0.139705882352941,,,0,30.7,49.7
2001,REG+POST,00-0016316,,Robert Thomas,FB,RB,,5,DAL,0,0,0,0,0,0,0,0,0,0,0,0,,0,,,6,40,0,0,0,2,1.42491945670918,0,5,10,19,1,0,0,0,0,2,-0.187708135228604,0,0.0,0.121951219512195,,,0,11.9,16.9
2001,REG+POST,00-0016321,,Rodney Thomas,RB,RB,,8,ATL,0,0,0,0,0,0,0,0,0,0,0,0,,0,,,37,126,0,0,0,5,-7.05199959536549,0,2,3,26,0,0,0,0,0,1,1.09137296513654,0,0.0,0.0454545454545455,,,0,15.2,17.2
2001,REG+POST,00-0016347,,Jeff Thomason,TE,TE,,9,PHI,0,0,0,0,0,0,0,0,0,0,0,0,,0,,,0,0,0,0,0,0,,0,7,12,72,0,0,0,0,0,3,0.856635081407148,0,0.0,0.0402684563758389,,,0,7.2,14.2
2001,REG+POST,00-0016373,,Derrius Thompson,WR,WR,,4,WAS,0,0,0,0,0,0,0,0,0,0,0,0,,0,,,0,0,0,0,0,0,,0,3,6,52,1,0,0,0,0,2,2.58594612457091,0,0.0,0.0594059405940594,,,0,11.2,14.2
2001,REG+POST,00-0016440,,James Thrash,WR,WR,,18,PHI,0,0,0,0,0,0,0,0,0,0,0,0,,0,,,8,54,0,0,0,4,2.06406841776334,0,74,124,984,8,1,1,0,2,43,31.2487847664926,0,0.0,0.215277777777778,,,0,149.8,223.8
2001,REG+POST,00-0016550,,Amani Toomer,WR,WR,,16,NYG,0,0,0,0,0,0,0,0,0,0,0,0,,0,,,3,8,0,0,0,0,-0.712905996129848,0,72,141,1054,5,1,0,0,0,55,17.5839344346969,0,0.0,0.254054054054054,,,0,136.2,208.2
2001,REG+POST,00-0016677,,Jerame Tuman,TE,TE,,11,PIT,0,0,0,0,0,0,0,0,0,0,0,0,,0,,,0,0,0,0,0,0,,0,8,21,99,1,0,0,0,0,3,0.378872739965885,0,0.0,0.0648148148148148,,,0,15.9,23.9
2001,REG+POST,00-0016683,,Tom Tupa,P,SPEC,,1,NYJ,1,1,9,0,0,0,0,0,0,0,0,1,2.94040986243635,0,0.0,,0,0,0,0,0,0,,0,0,0,0,0,0,0,0,0,0,,0,,,,,0,0.36,0.36
2001,REG+POST,00-0016838,,Alex Van Pelt,QB,QB,,12,BUF,178,307,2056,12,11,14,73,5,1,0,0,99,19.1475443455464,1,0.0,0.0760895266128633,12,33,0,0,0,6,-1.19067367669778,0,0,0,0,0,0,0,0,0,0,,0,,,,,0,111.54,111.54
2001,REG+POST,00-0017109,,Wesley Walls,TE,TE,,14,CAR,0,0,0,0,0,0,0,0,0,0,0,0,,0,,,0,0,0,0,0,0,,0,43,73,452,5,0,0,0,0,20,1.13667126214847,0,0.0,0.154989384288747,,,0,75.2,118.2
2001,REG+POST,00-0017110,,Chris Walsh,WR,WR,,8,MIN,0,0,0,0,0,0,0,0,0,0,0,0,,0,,,0,0,0,0,0,0,,0,9,14,67,0,0,0,0,0,4,-12.9372947168304,0,0.0,0.0505415162454874,,,0,6.7,15.7
2001,REG+POST,00-0017160,,Dedric Ward,WR,WR,,14,MIA,0,0,0,0,0,0,0,0,0,0,0,0,,0,,,2,21,0,1,0,1,1.20746693818364,0,26,50,264,0,0,0,0,0,17,-0.173916805631115,0,0.0,0.123762376237624,,,0,28.5,54.5
2001,REG+POST,00-0017162,,Hines Ward,WR,WR,,18,PIT,0,1,0,0,0,1,3,0,0,0,0,0,-0.52824232313571,0,,,12,87,0,0,0,4,3.19406494667055,0,103,162,1104,4,1,0,0,0,55,27.5002539041884,0,0.0,0.317647058823529,,,0,143.1,246.1
2001,REG+POST,00-0017200,,Kurt Warner,QB,QB,,19,LA,443,653,5623,40,25,44,278,9,3,0,0,270,152.665532878987,1,0.0,0.121034493297535,37,68,1,3,1,4,-20.1164496417147,0,0,0,0,0,0,0,0,0,0,,0,,,,,0,341.72,341.72
2001,REG+POST,00-0017218,,Lamont Warren,RB,RB,,16,DET,0,2,0,0,1,0,0,0,0,0,0,0,-4.7830893349601,0,,,61,191,3,0,0,11,-7.7102552147211,0,40,60,336,1,1,0,0,0,15,-3.68799017515062,1,0.0,0.102389078498294,,,0,76.7,116.7
2001,REG+POST,00-0017239,,Damon Washington,RB,RB,,3,NYG,0,0,0,0,0,0,0,0,0,0,0,0,,0,,,28,89,0,1,1,5,-4.98223948891973,0,4,6,25,0,0,0,0,0,1,-3.64682729914784,0,0.0,0.0759493670886076,,,0,9.4,13.4
2001,REG+POST,00-0017303,,Justin Watson,RB,RB,,1,LA,0,0,0,0,0,0,0,0,0,0,0,0,,0,,,1,0,0,0,0,0,-0.484721699496731,0,0,0,0,0,0,0,0,0,0,,0,,,,,0,0.0,0.0
2001,REG+POST,00-0017322,,Ricky Watters,RB,RB,,5,SEA,0,0,0,0,0,0,0,0,0,0,0,0,,0,,,72,318,1,1,0,14,-8.50566179794259,0,11,22,107,0,0,0,0,0,4,-4.8912369137397,0,0.0,0.133333333333333,,,0,48.5,59.5
2001,REG+POST,00-0017356,,Jed Weaver,TE,TE,,15,MIA,0,0,0,0,0,0,0,0,0,0,0,0,,0,,,0,0,0,0,0,0,,0,20,27,237,2,1,1,0,0,11,12.3031690546918,0,0.0,0.0627906976744186,,,0,33.7,53.7
2001,REG+POST,00-0017470,,Michael Westbrook,WR,WR,,16,WAS,0,0,0,0,0,0,0,0,0,0,0,0,,0,,,2,8,0,0,0,1,0.304669881472364,0,57,91,664,4,0,0,0,0,32,4.53863746896197,0,0.0,0.225247524752475,,,0,91.2,148.2
2001,REG+POST,00-0017486,,Tyrone Wheatley,RB,RB,,13,LV,0,0,0,0,0,0,0,0,0,0,0,0,,0,,,103,318,5,2,1,22,-8.40235086034568,0,12,16,61,1,1,0,0,0,4,0.596732725767652,0,0.0,0.0586080586080586,,,0,71.9,83.9
2001,REG+POST,00-0017611,,Alvis Whitted,WR,WR,,7,JAX,0,0,0,0,0,0,0,0,0,0,0,0,,0,,,1,4,0,0,0,0,0.0833622543141246,0,2,7,17,0,0,0,0,0,1,-1.17052094337514,0,0.0,0.0328638497652582,,,0,2.1,4.1
2001,REG+POST,00-0017644,,Jermaine Wiggins,TE,TE,,14,NE,0,0,0,0,0,0,0,0,0,0,0,0,,0,,,0,0,0,0,0,0,,0,28,42,222,4,0,0,0,0,16,10.7347328414183,0,0.0,0.0963302752293578,,,0,46.2,74.2
2001,REG+POST,00-0017697,,Terrence Wilkins,WR,WR,,10,IND,0,0,0,0,0,0,0,0,0,0,0,0,,0,,,0,0,0,0,0,0,,0,34,56,332,0,0,0,0,0,18,4.19093518434575,0,0.0,0.16,,,1,39.2,73.2
2001,REG+POST,00-0017829,,Jermaine Williams,RB,RB,,2,KC,0,0,0,0,0,0,0,0,0,0,0,0,,0,,,0,0,0,0,0,0,,0,2,3,11,0,0,0,0,0,0,-0.231961125740781,0,0.0,0.0441176470588235,,,0,1.1,3.1
2001,REG+POST,00-0017847,,Karl Williams,WR,WR,,14,TB,0,0,0,0,0,0,0,0,0,0,0,0,,0,,,0,0,0,0,0,0,,0,26,45,339,1,0,0,0,0,17,2.13186748690772,0,0.0,0.0894632206759443,,,1,45.9,71.9
2001,REG+POST,00-0017892,,Moe Williams,RB,RB,,15,BAL,0,0,0,0,0,0,0,0,0,0,0,0,,0,,,74,320,0,1,1,10,-11.6914432696969,0,27,39,234,0,0,0,0,0,14,1.21901514101925,0,0.0,0.0989847715736041,,,0,53.4,80.4
2001,REG+POST,00-0017896,,Nicolas Luchey,RB,RB,,1,CIN,0,0,0,0,0,0,0,0,0,0,0,0,,0,,,0,0,0,0,0,0,,0,0,1,0,0,0,0,0,0,0,-0.35078731860267,0,,0.0333333333333333,,,0,0.0,0.0
2001,REG+POST,00-0017915,,Ricky Williams,RB,RB,,16,NO,0,0,0,0,0,0,0,0,0,0,0,0,,0,,,313,1245,6,6,4,58,-49.0113738603032,0,60,88,511,1,2,2,0,0,19,-4.81160674840932,0,0.0,0.162062615101289,,,0,205.6,265.6
2001,REG+POST,00-0017923,,Rodney Williams,P,SPEC,,2,NYG,0,0,0,0,0,0,0,0,0,0,0,0,,0,,,2,16,0,0,0,0,-3.10248081327882,0,0,0,0,0,0,0,0,0,0,,0,,,,,0,1.6,1.6
2001,REG+POST,00-0017924,,Roland Williams,TE,TE,,17,LV,0,0,0,0,0,0,0,0,0,0,0,0,,0,,,0,0,0,0,0,0,,0,34,55,305,3,0,0,0,0,13,-4.80349666983658,0,0.0,0.0970017636684303,,,0,48.5,82.5
2001,REG+POST,00-0018056,,Robert Wilson,WR,WR,,12,NO,0,0,0,0,0,0,0,0,0,0,0,0,,0,,,0,0,0,0,0,0,,0,21,38,277,0,0,0,0,0,14,2.07139043597475,0,0.0,0.0931372549019608,,,0,27.7,48.7
2001,REG+POST,00-0018141,,Jon Witman,FB,RB,,10,PIT,0,0,0,0,0,0,0,0,0,0,0,0,,0,,,6,26,0,0,0,1,-1.61949082184583,0,6,8,32,0,0,0,0,0,0,-0.775591232348234,0,0.0,0.0353982300884956,,,0,5.8,11.8
2001,REG+POST,00-0018272,,Anthony Wright,QB,QB,,4,DAL,48,98,529,5,5,5,30,2,1,0,0,23,-23.5718029020955,0,0.0,0.0253034634019926,17,57,0,2,1,5,-7.76524163292133,0,0,0,0,0,0,0,0,0,0,,0,,,,,0,32.86,32.86
2001,REG+POST,00-0018343,,Frank Wycheck,TE,TE,,16,TEN,1,1,21,0,0,0,0,0,0,0,0,1,1.17345592705533,0,0.0,,1,1,0,0,0,0,-0.496134864166379,0,60,84,672,4,0,0,0,0,36,22.808736888074,0,0.0,0.16600790513834,,,0,92.14,152.14
2001,REG+POST,00-0018501,,Amos Zereoue,RB,RB,,15,PIT,0,0,0,0,0,0,0,0,0,0,0,0,,0,,,113,515,4,4,2,32,-2.76363812622257,0,19,22,217,1,0,0,0,0,7,12.4461889114779,0,0.0,0.063768115942029,,,0,99.2,118.2
2001,REG+POST,00-0018949,,Tim Seder,K,SPEC,,1,DAL,0,0,0,0,0,0,0,0,0,0,0,0,,0,,,1,8,1,0,0,1,4.13270490517607,0,0,0,0,0,0,0,0,0,0,,0,,,,,0,6.8,6.8
2001,REG+POST,00-0018958,,Laveranues Coles,WR,WR,,17,NYJ,0,0,0,0,0,0,0,0,0,0,0,0,,0,,,11,115,0,1,0,7,6.40838575427188,0,67,116,991,7,0,0,0,0,46,40.2183819135574,0,0.0,0.235772357723577,,,0,152.6,219.6
2001,REG+POST,00-0018964,,Darrick Vaughn,DB,DB,,1,ATL,0,0,0,0,0,0,0,0,0,0,0,0,,0,,,0,0,0,0,0,0,,0,0,0,0,0,0,0,0,0,0,,0,,,,,1,6.0,6.0
2001,REG+POST,00-0018976,,J.J. Huggins,TE,TE,,7,DAL,0,0,0,0,0,0,0,0,0,0,0,0,,0,,,0,0,0,0,0,0,,0,8,12,36,0,0,0,0,0,1,-1.60835874453187,0,0.0,0.0612244897959184,,,0,3.6,11.6
2001,REG+POST,00-0018977,,Maurice Smith,RB,RB,,14,ATL,0,0,0,0,0,0,0,0,0,0,0,0,,0,,,237,760,5,1,1,34,-56.1253394147815,0,19,27,230,1,0,0,0,0,7,8.0162838116382,0,0.0,0.063231850117096,,,0,133.0,152.0
2001,REG+POST,00-0018997,,Kirk McMullen,TE,TE,,4,CIN,0,0,0,0,0,0,0,0,0,0,0,0,,0,,,0,0,0,0,0,0,,0,2,6,15,0,0,0,0,0,2,-12.2525919527492,0,0.0,0.0346820809248555,,,0,1.5,3.5
2001,REG+POST,00-0019008,,John Waerig,TE,TE,,1,DET,0,0,0,0,0,0,0,0,0,0,0,0,,0,,,0,0,0,0,0,0,,0,1,1,6,0,0,0,0,0,0,0.310887612169608,0,0.0,0.027027027027027,,,0,0.6,1.6
2001,REG+POST,00-0019019,,Micah Knorr,P,SPEC,,2,DAL,0,1,0,0,0,0,0,0,0,0,0,0,-2.88468383159488,0,,,1,0,0,0,0,0,-5.35711739677936,0,0,0,0,0,0,0,0,0,0,,0,,,,,0,0.0,0.0
2001,REG+POST,00-0019025,,Ronney Jenkins,RB,RB,,3,LAC,0,0,0,0,0,0,0,0,0,0,0,0,,0,,,1,-1,0,0,0,0,-0.853390275267884,0,0,0,0,0,0,0,0,0,0,,0,,,,,2,11.9,11.9
2001,REG+POST,00-0019028,,Herbert Goodman,RB,RB,,1,GB,0,0,0,0,0,0,0,0,0,0,0,0,,0,,,1,-1,0,0,0,0,-1.04811398448732,0,0,0,0,0,0,0,0,0,0,,0,,,,,0,-0.1,-0.1
2001,REG+POST,00-0019038,,Chris Coleman,WR,WR,,3,TEN,0,0,0,0,0,0,0,0,0,0,0,0,,0,,,0,0,0,0,0,0,,0,1,4,19,0,0,0,0,0,1,-1.46293284161948,0,0.0,0.0377358490566038,,,0,1.9,2.9
2001,REG+POST,00-0019041,,Billy Volek,QB,QB,,1,TEN,0,3,0,0,0,0,0,0,0,0,0,0,-3.50839722415549,0,,,0,0,0,0,0,0,,0,0,0,0,0,0,0,0,0,0,,0,,,,,0,0.0,0.0
2001,REG+POST,00-0019052,,John Baker,P,SPEC,,1,LA,0,0,0,0,0,0,0,0,0,0,0,0,,0,,,1,0,0,1,1,0,-3.10579873260576,0,0,0,0,0,0,0,0,0,0,,0,,,,,0,-2.0,-2.0
2001,REG+POST,00-0019054,,Trevor Insley,WR,WR,,7,IND,0,0,0,0,0,0,0,0,0,0,0,0,,0,,,0,0,0,0,0,0,,0,14,21,165,1,0,0,0,0,10,-0.809433783190175,0,0.0,0.08300395256917,,,0,22.5,36.5
2001,REG+POST,00-0019057,,Jamel White,RB,RB,,16,CLE,0,0,0,0,0,0,0,0,0,0,0,0,,0,,,126,443,5,1,0,27,-7.18333548783541,1,44,60,418,1,0,0,0,0,18,-22.2385687940078,0,0.0,0.130718954248366,,,0,124.1,168.1
2001,REG+POST,00-0019062,,Jake Moreland,TE,TE,,3,CLE,0,0,0,0,0,0,0,0,0,0,0,0,,0,,,0,0,0,0,0,0,,0,3,4,15,0,0,0,0,0,2,-0.0964981796569191,0,0.0,0.0470588235294118,,,0,1.5,4.5
2001,REG+POST,00-0019087,,Doug Johnson,QB,QB,,3,ATL,3,5,23,1,0,2,13,2,1,0,0,3,-1.92868905520299,0,0.0,0.0363101204223342,5,12,0,0,0,2,0.411892525444273,0,0,0,0,0,0,0,0,0,0,,0,,,,,0,4.12,4.12
2001,REG+POST,00-0019093,,Casey Crawford,TE,TE,,1,CAR,0,0,0,0,0,0,0,0,0,0,0,0,,0,,,0,0,0,0,0,0,,0,1,2,10,0,0,0,0,0,1,0.267583685810678,0,0.0,0.0392156862745098,,,0,1.0,2.0
2001,REG+POST,00-0019100,,Brad Hoover,FB,RB,,12,CAR,0,0,0,0,0,0,0,0,0,0,0,0,,0,,,17,71,0,1,1,5,-2.63428840786219,0,26,47,185,0,0,0,0,0,6,-10.723435810142,0,0.0,0.116915422885572,,,0,23.6,49.6
2001,REG+POST,00-0019109,,Scottie Montgomery,WR,WR,,8,DEN,0,0,0,0,0,0,0,0,0,0,0,0,,0,,,1,5,0,0,0,0,-0.819320107810199,0,11,22,99,0,0,0,0,0,5,-3.36916912826239,0,0.0,0.0866141732283465,,,0,10.4,21.4
2001,REG+POST,00-0019127,,Todd Yoder,TE,TE,,6,TB,0,0,0,0,0,0,0,0,0,0,0,0,,0,,,0,0,0,0,0,0,,0,5,8,53,0,0,0,0,0,2,1.22651740978472,0,0.0,0.0372093023255814,,,1,11.3,16.3
2001,REG+POST,00-0019135,,Dan Kreider,FB,RB,,9,PIT,0,0,0,0,0,0,0,0,0,0,0,0,,0,,,7,29,1,0,0,4,5.16306550163426,0,4,7,18,0,0,0,0,0,0,-2.12183926801663,0,0.0,0.0376344086021505,,,0,10.7,14.7
2001,REG+POST,00-0019146,,Derek Rackley,LS,SPEC,,1,ATL,0,0,0,0,0,0,0,0,0,0,0,0,,0,,,0,0,0,0,0,0,,0,1,1,1,1,0,0,0,0,1,0.953734995680861,0,0.0,0.032258064516129,,,0,6.1,7.1
2001,REG+POST,00-0019164,,Pat Batteaux,WR,WR,,3,LAC,0,0,0,0,0,0,0,0,0,0,0,0,,0,,,0,0,0,0,0,0,,0,3,8,25,0,0,0,0,0,1,-4.54874635994202,0,0.0,0.0761904761904762,,,0,2.5,5.5
2001,REG+POST,00-0019172,,Bryan Johnson,FB,RB,,6,WAS,0,0,0,0,0,0,0,0,0,0,0,0,,0,,,0,0,0,0,0,0,,0,9,11,129,0,0,0,0,0,5,8.42743617086671,0,0.0,0.0654761904761905,,,0,12.9,21.9
2001,REG+POST,00-0019192,,Travis Brown,QB,QB,,1,BUF,15,33,201,1,2,1,2,1,0,0,0,11,-9.85456660564523,0,0.0,0.0240690920373859,1,10,0,0,0,1,0.0100751799764112,0,0,0,0,0,0,0,0,0,0,,0,,,,,0,9.04,9.04
2001,REG+POST,00-0019231,,Larry Foster,WR,WR,,13,DET,0,0,0,0,0,0,0,0,0,0,0,0,,0,,,2,6,0,0,0,0,-0.347464439691976,0,22,47,283,0,0,0,0,0,16,-8.46171692887393,0,0.0,0.0977130977130977,,,0,28.9,50.9
2001,REG+POST,00-0019255,,Curtis Jackson,WR,WR,,2,NE,0,0,0,0,0,0,0,0,0,0,0,0,,0,,,0,0,0,0,0,0,,0,2,2,16,0,0,0,0,0,1,1.53721193247475,0,0.0,0.0294117647058824,,,0,1.6,3.6
2001,REG+POST,00-0019268,,Kevin McDougal,RB,RB,,5,IND,0,0,0,0,0,0,0,0,0,0,0,0,,0,,,17,48,0,0,0,4,-3.78529465582687,1,1,2,10,0,0,0,0,0,0,-0.737513151369058,0,0.0,0.0294117647058824,,,0,7.8,8.8
2001,REG+POST,00-0019276,,Shaun O'Hara,C,OL,,1,CLE,0,0,0,0,0,0,0,0,0,0,0,0,,0,,,0,0,0,0,0,0,,0,1,1,2,1,0,0,0,0,1,2.36497767834226,0,0.0,0.0526315789473684,,,0,6.2,7.2
2001,REG+POST,00-0019290,,Zeron Flemister,TE,TE,,11,WAS,0,0,0,0,0,0,0,0,0,0,0,0,,0,,,0,0,0,0,0,0,,0,18,29,196,2,0,0,0,0,13,14.5097842163442,0,0.0,0.101754385964912,,,0,31.6,49.6
2001,REG+POST,00-0019353,,Phillip Crosby,FB,RB,,2,BUF,0,0,0,0,0,0,0,0,0,0,0,0,,0,,,0,0,0,0,0,0,,0,2,2,16,0,0,0,0,0,0,1.0783614104148,0,0.0,0.037037037037037,,,0,1.6,3.6
2001,REG+POST,00-0019382,,KaRon Coleman,RB,RB,,3,DEN,0,0,0,0,0,0,0,0,0,0,0,0,,0,,,4,17,0,0,0,0,-1.36033430905081,0,6,11,45,0,0,0,0,0,2,-1.48442083792179,0,0.0,0.11,,,0,6.2,12.2
2001,REG+POST,00-0019404,,John Jones,TE,TE,,1,BAL,0,0,0,0,0,0,0,0,0,0,0,0,,0,,,0,0,0,0,0,0,,0,2,3,13,0,0,0,0,0,1,0.952629147679545,0,0.0,0.115384615384615,,,0,1.3,3.3
2001,REG+POST,00-0019423,,Jason Brookins,RB,RB,,13,BAL,0,0,0,0,0,0,0,0,0,0,0,0,,0,,,165,622,5,3,0,35,-16.5706868913789,0,7,10,48,0,0,0,0,0,2,-1.71609197137877,0,0.0,0.0714285714285714,,,0,97.0,104.0
2001,REG+POST,00-0019442,,Clint Stoerner,QB,QB,,4,DAL,26,49,314,3,5,5,22,0,0,0,0,17,-6.43090896049042,0,0.0,0.0260711389763589,9,27,1,1,1,3,-3.11843872699232,0,0,0,0,0,0,0,0,0,0,,0,,,,,0,21.26,21.26
2001,REG+POST,00-0019453,,Rod Smart,RB,RB,,1,PHI,0,0,0,0,0,0,0,0,0,0,0,0,,0,,,2,6,0,0,0,0,-0.385198683652561,0,0,0,0,0,0,0,0,0,0,,0,,,,,0,0.6,0.6
2001,REG+POST,00-0019455,,Peter Warrick,WR,WR,,16,CIN,0,0,0,0,0,0,0,0,0,0,0,0,,0,,,8,14,0,0,0,2,-0.591136859846301,0,70,137,667,1,1,1,0,0,34,-19.0490567379967,0,0.0,0.232993197278912,,,0,72.1,142.1
2001,REG+POST,00-0019456,,Brian Urlacher,MLB,LB,,1,CHI,0,0,0,0,0,0,0,0,0,0,0,0,,0,,,0,0,0,0,0,0,,0,1,1,27,1,0,0,0,0,1,5.42316303250846,0,0.0,0.04,,,0,8.7,9.7
2001,REG+POST,00-0019457,,Anthony Becht,TE,TE,,17,NYJ,0,0,0,0,0,0,0,0,0,0,0,0,,0,,,0,0,0,0,0,0,,0,36,54,321,5,0,0,0,0,19,10.2379556286182,0,0.0,0.109756097560976,,,0,62.1,98.1
2001,REG+POST,00-0019461,,JaJuan Dawson,WR,WR,,11,CLE,0,0,0,0,0,0,0,0,0,0,0,0,,0,,,0,0,0,0,0,0,,0,22,34,281,1,0,0,0,0,11,11.0862057566421,0,0.0,0.105263157894737,,,0,34.1,56.1
2001,REG+POST,00-0019466,,Curtis Keaton,RB,RB,,4,CIN,0,0,0,0,0,0,0,0,0,0,0,0,,0,,,5,48,0,0,0,3,1.90770111663733,0,1,1,9,0,0,0,0,0,0,0.581614085007459,0,0.0,0.0434782608695652,,,0,5.7,6.7
2001,REG+POST,00-0019468,,Gari Scott,WR,WR,,1,PHI,0,0,0,0,0,0,0,0,0,0,0,0,,0,,,0,0,0,0,0,0,,0,2,4,26,0,0,0,0,0,1,2.3136198295417,0,0.0,0.148148148148148,,,0,2.6,4.6
2001,REG+POST,00-0019471,,Frank Moreau,RB,RB,,3,JAX,0,0,0,0,0,0,0,0,0,0,0,0,,0,,,8,27,1,1,0,3,0.0285553603025619,0,0,0,0,0,0,0,0,0,0,,0,,,,,0,8.7,8.7
2001,REG+POST,00-0019473,,Deon Dyer,RB,RB,,1,MIA,0,0,0,0,0,0,0,0,0,0,0,0,,0,,,0,0,0,0,0,0,,0,0,2,0,0,0,0,0,0,0,-1.53338992875069,0,,0.0952380952380952,,,0,0.0,0.0
2001,REG+POST,00-0019474,,Isaiah Kacyvenski,LB,LB,,1,SEA,0,0,0,0,0,0,0,0,0,0,0,0,,0,,,0,0,0,0,0,0,,0,0,1,0,0,0,0,0,0,0,-1.26696158805862,0,,0.0256410256410256,,,0,0.0,0.0
2001,REG+POST,00-0019481,,Windrell Hayes,WR,WR,,1,NYJ,0,0,0,0,0,0,0,0,0,0,0,0,,0,,,0,0,0,0,0,0,,0,0,2,0,0,0,0,0,0,0,-1.75531185697764,0,,0.0625,,,0,0.0,0.0
2001,REG+POST,00-0019484,,Sammy Morris,RB,RB,,12,BUF,0,0,0,0,0,0,0,0,0,0,0,0,,0,,,20,72,0,1,1,2,-5.61088311992353,0,7,9,36,0,0,0,0,0,3,1.24602492235135,0,0.0,0.0432692307692308,,,0,8.8,15.8
2001,REG+POST,00-0019487,,Frank Murphy,WR,WR,,5,TB,0,0,0,0,0,0,0,0,0,0,0,0,,0,,,0,0,0,0,0,0,,0,8,17,71,1,0,0,0,0,4,0.709709054361273,0,0.0,0.0909090909090909,,,0,13.1,21.1
2001,REG+POST,00-0019491,,James Williams,WR,WR,,5,SEA,0,0,0,0,0,0,0,0,0,0,0,0,,0,,,0,0,0,0,0,0,,0,12,17,212,1,0,0,0,0,6,13.0318054060627,0,0.0,0.114864864864865,,,0,27.2,39.2
2001,REG+POST,00-0019505,,Charles Lee,WR,WR,,2,GB,0,0,0,0,0,0,0,0,0,0,0,0,,0,,,0,0,0,0,0,0,,0,3,4,32,1,0,0,0,0,2,4.00919964787317,0,0.0,0.0655737704918033,,,0,9.2,12.2
2001,REG+POST,00-0019510,,Ahmad Merritt,WR,WR,,3,CHI,0,0,0,0,0,0,0,0,0,0,0,0,,0,,,1,47,1,0,0,1,4.70772707555443,0,2,6,20,0,0,0,0,0,1,-4.14106149075087,0,0.0,0.101694915254237,,,0,12.7,14.7
2001,REG+POST,00-0019516,,Troy Hambrick,RB,RB,,16,DAL,0,0,0,0,0,0,0,0,0,0,0,0,,0,,,113,579,2,1,1,27,-1.70941212928442,0,4,12,62,0,0,0,0,0,3,-6.38391010061605,0,0.0,0.0731707317073171,,,0,74.1,78.1
2001,REG+POST,00-0019533,,Patrick Pass,RB,RB,,9,NE,0,0,0,0,0,0,0,0,0,0,0,0,,0,,,1,7,0,0,0,0,0.873783341604487,0,6,11,66,1,0,0,0,0,3,-0.0089190301951021,0,0.0,0.0380622837370242,,,0,13.3,19.3
2001,REG+POST,00-0019534,,Rondell Mealey,RB,RB,,2,GB,0,0,0,0,0,0,0,0,0,0,0,0,,0,,,11,37,0,0,0,1,-0.598040507291444,0,2,2,31,0,0,0,0,0,2,1.82830318884226,0,0.0,0.0526315789473684,,,1,12.8,14.8
2001,REG+POST,00-0019539,,Dante Hall,WR,WR,,2,KC,0,0,0,0,0,0,0,0,0,0,0,0,,0,,,2,10,0,0,0,1,0.18700245115906,0,0,0,0,0,0,0,0,0,0,,0,,,,,0,1.0,1.0
2001,REG+POST,00-0019543,,Danny Farmer,WR,WR,,8,CIN,0,0,0,0,0,0,0,0,0,0,0,0,,0,,,0,0,0,0,0,0,,0,15,23,228,1,1,0,0,0,12,12.4221900374022,0,0.0,0.0666666666666667,,,0,28.8,43.8
2001,REG+POST,00-0019547,,Avion Black,WR,WR,,9,BUF,0,0,0,0,0,0,0,0,0,0,0,0,,0,,,0,0,0,0,0,0,,0,8,14,90,0,0,0,0,0,5,-3.91320336473083,0,0.0,0.0459016393442623,,,0,9.0,17.0
2001,REG+POST,00-0019553,,Spergon Wynn,QB,QB,,3,MIN,48,98,418,1,6,10,65,2,2,0,0,20,-45.9749918854817,0,0.0,0.0307526460133334,8,61,0,1,0,5,2.98025273787789,0,0,0,0,0,0,0,0,0,0,,0,,,,,0,10.82,10.82
2001,REG+POST,00-0019558,,Mondriel Fulcher,TE,TE,,1,LV,0,0,0,0,0,0,0,0,0,0,0,0,,0,,,0,0,0,0,0,0,,0,0,1,0,0,0,0,0,0,0,-0.465519442455843,0,,0.024390243902439,,,0,0.0,0.0
2001,REG+POST,00-0019559,,Chad Pennington,QB,QB,,2,NYJ,10,20,92,1,0,1,8,0,0,0,0,5,-2.75072794925654,0,0.0,0.0241429038125249,1,11,0,0,0,0,0.0028201867826283,0,0,0,0,0,0,0,0,0,0,,0,,,,,0,8.78,8.78
2001,REG+POST,00-0019564,,Aaron Shea,TE,TE,,9,CLE,0,0,0,0,0,0,0,0,0,0,0,0,,0,,,0,0,0,0,0,0,,0,14,20,86,0,0,0,0,0,4,-5.25261531007709,0,0.0,0.0803212851405623,,,0,8.6,22.6
2001,REG+POST,00-0019576,,Mike Green,RB,RB,,8,TEN,0,2,0,0,2,0,0,0,0,0,0,0,-5.91696891142055,0,,,15,71,1,1,0,5,1.87074947106885,0,12,13,64,1,0,0,0,0,2,0.873346694919457,0,0.0,0.0637254901960784,,,0,21.5,33.5
2001,REG+POST,00-0019587,,Terrelle Smith,FB,RB,,9,NO,0,0,0,0,0,0,0,0,0,0,0,0,,0,,,5,8,0,1,0,1,-1.05539651756408,0,4,8,30,2,0,0,0,0,3,2.42444822064135,0,0.0,0.032520325203252,,,0,15.8,19.8
2001,REG+POST,00-0019592,,Antwan Harris,DB,DB,,1,NE,0,0,0,0,0,0,0,0,0,0,0,0,,0,,,0,0,0,0,0,0,,0,0,0,0,0,0,0,0,0,0,,0,,,,,1,6.0,6.0
2001,REG+POST,00-0019594,,Mike Anderson,RB,RB,,16,DEN,0,0,0,0,0,0,0,0,0,0,0,0,,0,,,175,678,4,1,1,32,-12.0463227183526,1,8,12,46,0,0,0,0,0,4,-1.65048670768738,0,0.0,0.0606060606060606,,,0,96.4,104.4
2001,REG+POST,00-0019596,T.Brady,Tom Brady,QB,QB,"https://static.www.nfl.com/image/private/f_auto,q_auto/league/q7dpdlxyu5rs05rgh1le",18,NE,324,510,3415,19,13,46,252,10,2,0,0,172,9.5980557130054,0,0.0,0.0555936741509993,44,65,1,3,1,10,-18.2917705514555,0,1,1,23,0,0,0,0,0,1,1.76915976172313,0,0.0,0.0526315789473684,,,0,195.4,196.4
2001,REG+POST,00-0019598,,Dave Stachelski,TE,TE,,1,NO,0,0,0,0,0,0,0,0,0,0,0,0,,0,,,0,0,0,0,0,0,,0,1,1,5,0,0,0,0,0,0,0.206749733071774,0,0.0,0.0344827586206897,,,0,0.5,1.5
2001,REG+POST,00-0019606,,Todd Pinkston,WR,WR,,18,PHI,0,0,0,0,0,0,0,0,0,0,0,0,,0,,,1,5,0,0,0,0,0.234277012292296,0,50,97,679,5,0,0,0,0,27,7.41833361641591,0,0.0,0.168402777777778,,,0,98.4,148.4
2001,REG+POST,00-0019609,,Travis Prentice,RB,RB,,10,MIN,0,0,0,0,0,0,0,0,0,0,0,0,,0,,,14,13,2,0,0,3,-6.99891913039028,0,1,1,10,0,0,0,0,0,0,0.359861558652483,0,0.0,0.0227272727272727,,,0,14.3,15.3
2001,REG+POST,00-0019610,,Reuben Droughns,RB,RB,,4,DET,0,0,0,0,0,0,0,0,0,0,0,0,,0,,,30,72,0,0,0,3,-8.98263318190584,0,4,5,21,1,0,0,0,0,1,3.62065340008121,0,0.0,0.0420168067226891,,,0,15.3,19.3
2001,REG+POST,00-0019614,,Michael Wiley,RB,RB,,15,DAL,0,0,0,0,0,0,0,0,0,0,0,0,,0,,,34,247,0,0,0,12,14.2956850669429,0,16,27,99,1,0,0,0,0,4,-10.6912838584684,0,0.0,0.0794117647058824,,,0,40.6,56.6
2001,REG+POST,00-0019623,,Tim Rattay,QB,QB,,2,SF,2,2,21,0,0,0,0,0,0,0,0,1,2.10614632372744,0,0.0,,5,-3,0,1,0,1,-4.38355097384192,0,0,0,0,0,0,0,0,0,0,,0,,,,,0,0.54,0.54
2001,REG+POST,00-0019633,,Tee Martin,QB,QB,,1,PIT,0,0,0,0,0,0,0,0,0,0,0,0,,0,,,1,8,0,0,0,0,0.349350672098808,0,0,0,0,0,0,0,0,0,0,,0,,,,,0,0.8,0.8
2001,REG+POST,00-0019641,,Thomas Jones,RB,RB,,16,ARI,0,0,0,0,0,0,0,0,0,0,0,0,,0,,,112,380,5,2,1,22,-9.53643239052947,0,21,24,151,0,0,0,0,0,6,3.65556369387876,0,0.0,0.0666666666666667,,,0,81.1,102.1
2001,REG+POST,00-0019642,,Plaxico Burress,WR,WR,,18,PIT,0,0,0,0,0,0,0,0,0,0,0,0,,0,,,0,0,0,0,0,0,,0,76,140,1159,7,1,0,0,0,58,51.2763664665991,0,0.0,0.274509803921569,,,0,157.9,233.9
2001,REG+POST,00-0019643,,Ron Dayne,RB,RB,,16,NYG,0,0,0,0,0,0,0,0,0,0,0,0,,0,,,180,690,7,2,1,38,-23.2578738021249,1,8,11,67,0,0,0,0,0,1,1.77025862969458,0,0.0,0.0472103004291846,,,0,117.7,125.7
2001,REG+POST,00-0019644,,Bubba Franks,TE,TE,,17,GB,0,0,0,0,0,0,0,0,0,0,0,0,,0,,,0,0,0,0,0,0,,0,39,54,362,10,0,0,0,0,24,10.2780152957911,0,0.0,0.0987202925045704,,,0,96.2,135.2
2001,REG+POST,00-0019645,,Deltha O'Neal,DB,DB,,1,DEN,0,0,0,0,0,0,0,0,0,0,0,0,,0,,,0,0,0,0,0,0,,0,0,0,0,0,0,0,0,0,0,,0,,,,,1,6.0,6.0
2001,REG+POST,00-0019647,,Shaun Alexander,RB,RB,,16,SEA,0,0,0,0,0,0,0,0,0,0,0,0,,0,,,309,1318,14,4,4,61,-19.5105770440967,0,44,59,343,2,0,0,0,0,15,4.71263269509252,0,0.0,0.14713216957606,,,0,254.1,298.1
2001,REG+POST,00-0019649,,Trung Canidate,RB,RB,,13,LA,0,0,0,0,0,0,0,0,0,0,0,0,,0,,,78,441,6,1,1,19,9.86923656598083,0,17,23,154,0,1,1,0,0,7,-14.0063597134153,0,0.0,0.125,,,0,91.5,108.5
2001,REG+POST,00-0019650,,Dennis Northcutt,WR,WR,,8,CLE,0,0,0,0,0,0,0,0,0,0,0,0,,0,,,3,26,0,0,0,1,2.77259201690322,0,18,35,211,0,1,1,0,0,7,-8.35753442695816,0,0.0,0.152173913043478,,,0,21.7,39.7
2001,REG+POST,00-0019659,,Erron Kinney,TE,TE,,11,TEN,0,0,0,0,0,0,0,0,0,0,0,0,,0,,,0,0,0,0,0,0,,0,25,42,263,1,0,0,0,0,15,0.581518076063165,0,0.0,0.120343839541547,,,0,32.3,57.3
2001,REG+POST,00-0019660,,Dez White,WR,WR,,15,CHI,0,0,0,0,0,0,0,0,0,0,0,0,,0,,,1,15,0,0,0,1,0.952018797164783,0,49,89,458,0,0,0,0,0,24,-13.8515530451182,0,0.0,0.183127572016461,,,0,47.3,96.3
2001,REG+POST,00-0019661,,Chris Cole,WR,WR,,6,DEN,0,0,0,0,0,0,0,0,0,0,0,0,,0,,,0,0,0,0,0,0,,0,9,19,128,0,1,1,0,0,6,1.12666742212605,0,0.0,0.0979381443298969,,,0,10.8,19.8
2001,REG+POST,00-0019662,,Ron Dixon,WR,WR,,9,NYG,0,0,0,0,0,0,0,0,0,0,0,0,,0,,,1,0,0,0,0,0,-0.566008681431413,0,8,19,165,1,0,0,0,13,7,0.971307643892942,0,0.0,0.0599369085173502,,,0,22.5,30.5
2001,REG+POST,00-0019663,,Darrell Jackson,WR,WR,,16,SEA,0,0,0,0,0,0,0,0,0,0,0,0,,0,,,1,9,0,0,0,0,0.651244716020301,0,70,131,1081,8,0,0,0,0,44,37.7535152060114,0,0.0,0.290465631929047,,,0,157.0,227.0
2001,REG+POST,00-0019670,,Trevor Gaylor,WR,WR,,5,LAC,0,0,0,0,0,0,0,0,0,0,0,0,,0,,,0,0,0,0,0,0,,0,14,34,217,0,0,0,0,0,12,-0.555648014595006,0,0.0,0.183783783783784,,,0,21.7,35.7
2001,REG+POST,00-0019673,,Paul Smith,RB,RB,,1,SF,0,0,0,0,0,0,0,0,0,0,0,0,,0,,,4,27,1,1,0,1,3.34730676421896,0,0,0,0,0,0,0,0,0,0,,0,,,,,0,8.7,8.7
2001,REG+POST,00-0019681,,Brad St. Louis,LS,SPEC,,1,CIN,0,0,0,0,0,0,0,0,0,0,0,0,,0,,,0,0,0,0,0,0,,0,0,3,0,0,0,0,0,0,0,-2.14852762814098,0,,0.0833333333333333,,,0,0.0,0.0
2001,REG+POST,00-0019682,,Jarious Jackson,QB,QB,,1,DEN,7,12,73,0,0,1,6,0,0,0,0,5,1.57041005657532,0,0.0,0.0484486368124816,5,7,0,2,0,1,-0.740151552017778,0,0,0,0,0,0,0,0,0,0,,0,,,,,0,3.62,3.62
2001,REG+POST,00-0019703,,Jerry Porter,WR,WR,,16,LV,0,0,0,0,0,0,0,0,0,0,0,0,,0,,,2,13,0,0,0,0,0.610704964550678,0,22,40,256,0,0,0,0,0,16,2.58947292202661,0,0.0,0.0770712909441233,,,0,26.9,48.9
2001,REG+POST,00-0019708,,Ron Dugans,WR,WR,,15,CIN,0,0,0,0,0,0,0,0,0,0,0,0,,0,,,0,0,0,0,0,0,,0,28,45,251,2,0,0,0,0,13,5.81098894110976,1,0.0,0.0812274368231047,,,0,39.1,67.1
2001,REG+POST,00-0019709,,Chris Redman,QB,QB,,1,BAL,0,0,0,0,0,0,0,0,0,0,0,0,,0,,,2,-2,0,0,0,0,-1.77450188348303,0,0,0,0,0,0,0,0,0,0,,0,,,,,0,-0.2,-0.2
2001,REG+POST,00-0019712,,Doug Chapman,RB,RB,,13,MIN,0,0,0,0,0,0,0,0,0,0,0,0,,0,,,63,195,0,1,0,10,-12.2800814655493,0,16,18,135,1,0,0,0,9,4,2.02793134187911,0,0.0,0.0451127819548872,,,0,39.0,55.0
2001,REG+POST,00-0019714,S.Lechler,Shane Lechler,P,SPEC,"https://static.www.nfl.com/image/private/f_auto,q_auto/league/we3oe5jqnrb4ag3d4pqu",1,LV,0,0,0,0,0,0,0,0,0,0,0,0,,0,,,1,2,0,1,0,0,-1.38277281075716,0,0,0,0,0,0,0,0,0,0,,0,,,,,0,0.2,0.2
2001,REG+POST,00-0019721,,Travis Taylor,WR,WR,,17,BAL,0,0,0,0,0,0,0,0,0,0,0,0,,0,,,6,61,0,0,0,4,3.98380489269039,0,48,103,636,4,0,0,0,0,30,-8.17870852980504,0,0.0,0.182300884955752,,,0,93.7,141.7
2001,REG+POST,00-0019722,,J.R. Redmond,RB,RB,,13,NE,0,0,0,0,0,0,0,0,0,0,0,0,,0,,,42,125,0,0,0,4,-12.2527460431724,0,22,32,201,0,0,0,0,0,10,-2.64365736111344,0,0.0,0.0883977900552486,,,0,32.6,54.6
2001,REG+POST,00-0019770,,Jay Feely,K,SPEC,,1,ATL,0,0,0,0,0,0,0,0,0,0,0,0,,0,,,0,0,0,0,0,0,,0,1,1,-2,0,0,0,0,0,0,-2.51711071142927,0,0.0,0.0476190476190476,,,0,-0.2,0.8
2001,REG+POST,00-0019794,,Aveion Cason,RB,RB,,5,DET,0,0,0,0,0,0,0,0,0,0,0,0,,0,,,11,31,0,1,1,1,-12.8833402338205,0,4,4,32,0,0,0,0,0,0,1.93151618004777,0,0.0,0.102564102564103,,,0,4.3,8.3
2001,REG+POST,00-0019826,,R.J. Bowers,RB,RB,,2,PIT,0,0,0,0,0,0,0,0,0,0,0,0,,0,,,18,84,1,0,0,5,2.11482257084572,0,1,1,0,0,0,0,0,0,0,-0.790794018423185,0,,0.0416666666666667,,,0,14.4,15.4
2001,REG+POST,00-0019831,,Nick Goings,RB,RB,,8,CAR,0,0,0,0,0,0,0,0,0,0,0,0,,0,,,66,197,0,1,0,10,-19.0417951326526,0,8,9,39,0,0,0,0,0,1,-2.39187653415138,0,0.0,0.0386266094420601,,,0,23.6,31.6
2001,REG+POST,00-0019862,,Wes Ours,RB,RB,,1,TEN,0,0,0,0,0,0,0,0,0,0,0,0,,0,,,0,0,0,0,0,0,,0,1,1,3,0,0,0,0,0,0,-0.204595737624913,0,0.0,0.0294117647058824,,,0,0.3,1.3
2001,REG+POST,00-0019863,,Dominic Rhodes,RB,RB,,13,IND,0,0,0,0,0,0,0,0,0,0,0,0,,0,,,233,1104,9,5,5,57,-20.1061880129445,0,34,55,224,0,1,1,0,0,13,-19.0875372394267,0,0.0,0.144736842105263,,,1,180.8,214.8
2001,REG+POST,00-0019889,,Elvis Joseph,RB,RB,,12,JAX,0,0,0,0,0,0,0,0,0,0,0,0,,0,,,68,294,0,1,1,13,-5.26105213194387,0,18,24,183,2,0,0,0,0,8,-12.3677014593444,0,0.0,0.0720720720720721,,,1,63.7,81.7
2001,REG+POST,00-0019913,,Ryan Prince,TE,TE,,1,JAX,0,0,0,0,0,0,0,0,0,0,0,0,,0,,,0,0,0,0,0,0,,0,0,1,0,0,0,0,0,0,0,-1.51715556198464,0,,0.0416666666666667,,,0,0.0,0.0
2001,REG+POST,00-0019916,,Patrick Washington,FB,RB,,7,JAX,0,0,0,0,0,0,0,0,0,0,0,0,,0,,,0,0,0,0,0,0,,0,5,9,36,0,0,0,0,0,1,-0.470286121126264,0,0.0,0.0382978723404255,,,0,3.6,8.6
2001,REG+POST,00-0019921,,Jason Baker,P,SPEC,,1,SF,0,0,0,0,0,0,0,0,0,0,0,0,,0,,,1,0,0,0,0,0,-0.703099901555106,0,0,0,0,0,0,0,0,0,0,,0,,,,,0,0.0,0.0
2001,REG+POST,00-0019976,,Drew Bennett,WR,WR,,12,TEN,0,0,0,0,0,0,0,0,0,0,0,0,,0,,,0,0,0,0,0,0,,0,24,46,329,1,0,0,0,0,17,15.7822588853718,1,0.0,0.126721763085399,,,0,40.9,64.9
2001,REG+POST,00-0020018,,Arnold Jackson,WR,WR,,9,ARI,0,0,0,0,0,0,0,0,0,0,0,0,,0,,,0,0,0,0,0,0,,0,9,15,44,0,0,0,0,0,3,-4.88245207734872,0,0.0,0.0528169014084507,,,0,4.4,13.4
2001,REG+POST,00-0020050,,Matt Dominguez,TE,TE,,4,DEN,0,0,0,0,0,0,0,0,0,0,0,0,,0,,,0,0,0,0,0,0,,0,3,5,26,0,0,0,0,0,2,0.307652550754661,0,0.0,0.0403225806451613,,,0,2.6,5.6
2001,REG+POST,00-0020090,,Brian Natkin,TE,TE,,2,TEN,0,0,0,0,0,0,0,0,0,0,0,0,,0,,,0,0,0,0,0,0,,0,2,3,42,0,0,0,0,0,2,2.39213926834054,0,0.0,0.0416666666666667,,,0,4.2,6.2
2001,REG+POST,00-0020094,,Stephen Trejo,RB,RB,,5,DET,0,0,0,0,0,0,0,0,0,0,0,0,,0,,,0,0,0,0,0,0,,0,5,10,61,0,0,0,0,0,4,0.975081217591651,0,0.0,0.0568181818181818,,,0,6.1,11.1
2001,REG+POST,00-0020112,,Tony Taylor,RB,RB,,1,DAL,0,0,0,0,0,0,0,0,0,0,0,0,,0,,,1,0,0,0,0,0,-0.395516580087133,0,0,0,0,0,0,0,0,0,0,,0,,,,,0,0.0,0.0
2001,REG+POST,00-0020171,,Boo Williams,WR,WR,,10,NO,0,0,0,0,0,0,0,0,0,0,0,0,,0,,,0,0,0,0,0,0,,0,20,42,202,3,0,0,0,0,12,-3.19873554426908,0,0.0,0.130841121495327,,,0,38.2,58.2
2001,REG+POST,00-0020181,,Terry Witherspoon,RB,RB,,1,DAL,0,0,0,0,0,0,0,0,0,0,0,0,,0,,,0,0,0,0,0,0,,0,1,1,9,0,0,0,0,0,0,0.169385990709998,0,0.0,0.0384615384615385,,,0,0.9,1.9
2001,REG+POST,00-0020187,,Marcellus Rivers,TE,TE,,5,NYG,0,0,0,0,0,0,0,0,0,0,0,0,,0,,,0,0,0,0,0,0,,0,3,5,11,2,0,0,0,0,2,-0.0671729432069697,0,0.0,0.0290697674418605,,,0,13.1,16.1
2001,REG+POST,00-0020226,,Nate Turner,WR,WR,,1,LAC,0,0,0,0,0,0,0,0,0,0,0,0,,0,,,0,0,0,0,0,0,,0,0,1,0,0,0,0,0,0,0,-0.599416329641827,0,,0.0188679245283019,,,0,0.0,0.0
2001,REG+POST,00-0020245,,Mike Vick,QB,QB,"https://static.www.nfl.com/image/private/f_auto,q_auto/league/hrg4riwhpjbijfovsjrk",8,ATL,50,113,785,2,3,21,113,5,4,0,0,34,-44.9538732979145,0,0.0,0.0317503817794617,31,289,1,1,1,15,25.9882275517973,0,0,0,0,0,0,0,0,0,0,,0,,,,,0,58.3,58.3
2001,REG+POST,00-0020256,,Kevin Kasper,WR,WR,,8,DEN,0,0,0,0,0,0,0,0,0,0,0,0,,0,,,3,19,0,0,0,1,-0.674797955307849,0,8,12,84,0,0,0,0,0,5,6.88105612044456,0,0.0,0.048,,,0,10.3,18.3
2001,REG+POST,00-0020268,,Tony Stewart,TE,TE,,3,PHI,0,0,0,0,0,0,0,0,0,0,0,0,,0,,,0,0,0,0,0,0,,0,5,8,52,1,0,0,0,0,5,0.301680896489415,0,0.0,0.0824742268041237,,,0,11.2,16.2
2001,REG+POST,00-0020270,,Correll Buckhalter,RB,RB,,17,PHI,0,0,0,0,0,0,0,0,0,0,0,0,,0,,,147,696,3,2,2,31,-8.52781877227617,0,17,26,156,0,0,0,0,0,6,5.67857935654866,0,0.0,0.0787878787878788,,,0,99.2,116.2
2001,REG+POST,00-0020272,,Snoop Minnis,WR,WR,,13,KC,0,0,0,0,0,0,0,0,0,0,0,0,,0,,,0,0,0,0,0,0,,0,33,67,511,1,0,0,0,0,24,9.13852636137703,0,0.0,0.157647058823529,,,0,57.1,90.1
2001,REG+POST,00-0020273,,Vinny Sutherland,WR,WR,,3,SF,0,0,0,0,0,0,0,0,0,0,0,0,,0,,,1,16,0,0,0,1,1.02016366343014,0,2,2,13,0,0,0,0,0,1,0.151919495430775,0,0.0,0.0303030303030303,,,0,2.9,4.9
2001,REG+POST,00-0020285,,Alge Crumpler,TE,TE,,15,ATL,0,0,0,0,0,0,0,0,0,0,0,0,,0,,,0,0,0,0,0,0,,0,25,41,330,3,1,1,0,0,10,4.18215474515455,0,0.0,0.0915178571428571,,,0,49.0,74.0
2001,REG+POST,00-0020305,,A.J. Feeley,QB,QB,,1,PHI,10,14,143,2,1,0,0,0,0,0,0,8,10.1072957536983,0,0.0,0.280122069672721,0,0,0,0,0,0,,0,0,0,0,0,0,0,0,0,0,,0,,,,,0,11.72,11.72
2001,REG+POST,00-0020308,,Mike McMahon,QB,QB,,7,DET,53,115,671,3,1,21,122,3,3,0,0,34,-18.3650578153709,0,0.0,0.0360712268295212,27,145,1,2,1,9,3.25796277547488,1,0,0,0,0,0,0,0,0,0,,0,,,,,0,51.34,51.34
2001,REG+POST,00-0020320,,Reggie Germany,WR,WR,,9,BUF,0,0,0,0,0,0,0,0,0,0,0,0,,0,,,0,0,0,0,0,0,,0,12,21,203,0,0,0,0,0,8,7.44144763238728,0,0.0,0.0719178082191781,,,0,20.3,32.3
2001,REG+POST,00-0020332,,David Martin,TE,TE,,10,GB,0,0,0,0,0,0,0,0,0,0,0,0,,0,,,0,0,0,0,0,0,,0,13,20,144,1,0,0,0,0,7,1.43257001443999,0,0.0,0.0619195046439629,,,0,20.4,33.4
2001,REG+POST,00-0020337,,Steve Smith,WR,WR,"https://static.www.nfl.com/image/private/f_auto,q_auto/league/k23e0b8cto93he9rt0zc",11,CAR,0,0,0,0,0,0,0,0,0,0,0,0,,0,,,4,43,0,0,0,2,2.11239704140462,0,10,20,154,0,0,0,0,0,8,-5.59749976900554,0,0.0,0.0588235294117647,,,3,37.7,47.7
2001,REG+POST,00-0020340,,Quentin McCord,WR,WR,,3,ATL,0,0,0,0,0,0,0,0,0,0,0,0,,0,,,2,11,0,0,0,0,-0.453080737148412,0,3,4,53,0,0,0,0,0,2,2.23399614961818,0,0.0,0.0588235294117647,,,0,6.4,9.4
2001,REG+POST,00-0020342,,Brandon Manumaleuna,TE,TE,,1,LA,0,0,0,0,0,0,0,0,0,0,0,0,,0,,,0,0,0,0,0,0,,0,1,1,1,1,0,0,0,0,1,3.04185511800461,0,0.0,0.0263157894736842,,,0,6.1,7.1
2001,REG+POST,00-0020343,,Jonathan Carter,WR,WR,,2,NYG,0,0,0,0,0,0,0,0,0,0,0,0,,0,,,0,0,0,0,0,0,,0,0,3,0,0,0,0,0,0,0,-1.51995185186388,0,,0.03125,,,0,0.0,0.0
2001,REG+POST,00-0020361,,Alex Bannister,WR,WR,,5,SEA,0,0,0,0,0,0,0,0,0,0,0,0,,0,,,0,0,0,0,0,0,,0,4,7,50,0,0,0,0,0,3,1.46218647722868,0,0.0,0.0542635658914729,,,1,11.0,15.0
2001,REG+POST,00-0020370,,Scotty Anderson,WR,WR,,8,DET,0,0,0,0,0,0,0,0,0,0,0,0,,0,,,0,0,0,0,0,0,,0,12,34,211,1,0,0,0,0,7,6.34631843030043,0,0.0,0.121428571428571,,,0,27.1,39.1
2001,REG+POST,00-0020381,,Justin McCareins,WR,WR,,2,TEN,0,0,0,0,0,0,0,0,0,0,0,0,,0,,,0,0,0,0,0,0,,0,3,3,88,0,0,0,0,0,3,9.75492349686101,0,0.0,0.0483870967741936,,,0,8.8,11.8
2001,REG+POST,00-0020387,,Milton Wynn,WR,WR,,1,TB,0,0,0,0,0,0,0,0,0,0,0,0,,0,,,0,0,0,0,0,0,,0,4,6,69,0,0,0,0,0,3,0.207502180419397,0,0.0,0.193548387096774,,,0,6.9,10.9
2001,REG+POST,00-0020391,,Jameel Cook,RB,RB,,10,TB,0,0,0,0,0,0,0,0,0,0,0,0,,0,,,2,2,0,0,0,0,-0.86236449261196,0,17,23,89,0,0,0,0,0,2,-2.69667122187093,0,0.0,0.0764119601328904,,,0,9.1,26.1
2001,REG+POST,00-0020397,,Chad Johnson,WR,WR,,11,CIN,0,0,0,0,0,0,0,0,0,0,0,0,,0,,,0,0,0,0,0,0,,0,28,60,329,1,0,0,0,0,22,-5.30913856088169,0,0.0,0.149253731343284,,,0,38.9,66.9
2001,REG+POST,00-0020401,,Jason Glenn,LB,LB,,1,NYJ,0,0,0,0,0,0,0,0,0,0,0,0,,0,,,0,0,0,0,0,0,,0,0,0,0,0,0,0,0,0,0,,0,,,,,1,6.0,6.0
2001,REG+POST,00-0020403,,Anthony Thomas,RB,RB,,15,CHI,0,0,0,0,0,0,0,0,0,0,0,0,,0,,,293,1219,7,0,0,57,-8.17039282505126,1,23,31,189,0,0,0,0,0,9,8.16589138860581,0,0.0,0.0837837837837838,,,0,184.8,207.8
2001,REG+POST,00-0020404,,Quincy Carter,QB,QB,,8,DAL,90,176,1072,5,7,12,56,2,0,0,0,46,-20.6988226411189,0,0.0,0.0266970883333192,45,150,1,3,1,13,-5.29041970015759,0,0,0,0,0,0,0,0,0,0,,0,,,,,0,67.88,67.88
2001,REG+POST,00-0020405,,Marques Tuiasosopo,QB,QB,,1,LV,3,4,34,0,0,0,0,0,0,0,0,1,1.30384259839775,0,0.0,,1,1,0,0,0,0,-1.09672165010124,0,0,0,0,0,0,0,0,0,0,,0,,,,,0,1.46,1.46
2001,REG+POST,00-0020415,,Andre King,WR,WR,,4,CLE,0,0,0,0,0,0,0,0,0,0,0,0,,0,,,0,0,0,0,0,0,,0,11,17,149,0,1,1,0,0,4,1.77614282417926,0,0.0,0.147826086956522,,,0,12.9,23.9
2001,REG+POST,00-0020417,,Benjamin Gay,RB,RB,,6,CLE,0,0,0,0,0,0,0,0,0,0,0,0,,0,,,51,172,1,3,2,12,-10.7100663374877,0,4,7,11,0,0,0,0,0,0,-7.35190027620411,0,0.0,0.0813953488372093,,,0,20.3,24.3
2001,REG+POST,00-0020425,,Ken-Yon Rambo,WR,WR,,5,DAL,0,0,0,0,0,0,0,0,0,0,0,0,,0,,,0,0,0,0,0,0,,0,3,6,28,0,0,0,0,0,2,0.90530991012929,0,0.0,0.0434782608695652,,,0,2.8,5.8
2001,REG+POST,00-0020427,,Quincy Morgan,WR,WR,,16,CLE,0,0,0,0,0,0,0,0,0,0,0,0,,0,,,2,27,0,0,0,1,1.54288457107032,0,30,72,432,2,1,0,0,0,16,-10.9348526129689,0,0.0,0.156862745098039,,,0,57.9,87.9
2001,REG+POST,00-0020430,,James Jackson,RB,RB,,11,CLE,0,0,0,0,0,0,0,0,0,0,0,0,,0,,,195,554,2,1,1,30,-35.8339988341322,0,7,10,56,0,0,0,0,0,1,2.29002952639712,0,0.0,0.0537634408602151,,,0,71.0,78.0
2001,REG+POST,00-0020434,,Chris Weinke,QB,QB,,15,CAR,293,540,2931,11,19,26,177,6,1,0,0,137,-95.811400160162,0,0.0,0.0246784807290359,37,128,6,5,2,11,-6.33665467729356,0,0,0,0,0,0,0,0,0,0,,0,,,,,0,166.04,166.04
2001,REG+POST,00-0020438,,T.J. Houshmandzadeh,WR,WR,,7,CIN,0,0,0,0,0,0,0,0,0,0,0,0,,0,,,0,0,0,0,0,0,,0,21,42,228,0,0,0,0,0,14,1.03451885544358,0,0.0,0.143344709897611,,,0,22.8,43.8
2001,REG+POST,00-0020446,,Chris Chambers,WR,WR,,16,MIA,0,0,0,0,0,0,0,0,0,0,0,0,,0,,,1,-11,0,0,0,0,-1.46768952114508,0,48,90,883,7,0,0,0,0,35,36.5998480274446,0,0.0,0.2,,,0,129.2,177.2
2001,REG+POST,00-0020448,,Travis Minor,RB,RB,,16,MIA,0,0,0,0,0,0,0,0,0,0,0,0,,0,,,64,295,2,1,1,12,-0.944238016782873,0,31,40,267,1,0,0,0,0,12,3.80019345571536,0,0.0,0.104166666666667,,,0,72.2,103.2
2001,REG+POST,00-0020455,,Eric Johnson,TE,TE,,17,SF,0,0,0,0,0,0,0,0,0,0,0,0,,0,,,0,0,0,0,0,0,,0,44,69,398,3,1,1,0,0,23,10.5314947936567,1,0.0,0.130188679245283,,,0,57.8,101.8
2001,REG+POST,00-0020462,,LaMont Jordan,RB,RB,,14,NYJ,0,1,0,0,0,0,0,0,0,0,0,0,-0.823362143244594,0,,,44,323,1,0,0,16,18.9597986215657,0,7,10,44,1,0,0,0,0,2,0.786471392726526,0,0.0,0.078125,,,0,48.7,55.7
2001,REG+POST,00-0020471,,Travis Henry,RB,RB,,13,BUF,0,0,0,0,0,0,0,0,0,0,0,0,,0,,,213,729,4,5,2,34,-33.3881709503767,0,22,27,179,0,0,0,0,0,6,-0.278549342868838,0,0.0,0.0663390663390663,,,0,110.8,132.8
2001,REG+POST,00-0020474,,Kevan Barlow,RB,RB,,16,SF,0,0,0,0,0,0,0,0,0,0,0,0,,0,,,130,529,4,1,0,27,-1.22604562598281,0,24,31,249,1,0,0,0,0,10,11.5770441271015,0,0.0,0.0691964285714286,,,0,107.8,131.8
2001,REG+POST,00-0020476,,Shad Meier,TE,TE,,4,TEN,0,0,0,0,0,0,0,0,0,0,0,0,,0,,,0,0,0,0,0,0,,0,3,5,31,0,0,0,0,0,1,-2.24062608598615,0,0.0,0.0367647058823529,,,0,3.1,6.1
2001,REG+POST,00-0020485,,Eddie Berlin,WR,WR,,4,TEN,0,0,0,0,0,0,0,0,0,0,0,0,,0,,,0,0,0,0,0,0,,0,2,6,28,0,0,0,0,0,0,-1.66624598001363,0,0.0,0.0392156862745098,,,0,2.8,4.8
2001,REG+POST,00-0020490,,Koren Robinson,WR,WR,,16,SEA,0,0,0,0,0,0,0,0,0,0,0,0,,0,,,4,13,0,0,0,0,-1.15744019113481,0,39,78,536,1,2,0,0,0,26,19.865781284981,0,0.0,0.172949002217295,,,0,60.9,99.9
2001,REG+POST,00-0020494,,Santana Moss,WR,WR,,6,NYJ,0,0,0,0,0,0,0,0,0,0,0,0,,0,,,1,-6,0,0,0,0,-0.787437374660345,0,3,19,60,0,0,0,0,0,3,-14.5791272270284,0,0.0,0.0935960591133005,,,0,5.4,8.4
2001,REG+POST,00-0020495,,Nate Clements,SS,DB,,1,BUF,0,0,0,0,0,0,0,0,0,0,0,0,,0,,,0,0,0,0,0,0,,0,0,0,0,0,0,0,0,0,0,,0,,,,,1,6.0,6.0
2001,REG+POST,00-0020497,,Freddie Mitchell,WR,WR,,16,PHI,0,1,0,0,0,0,0,0,0,0,0,0,-0.435856552561745,0,,,2,-4,0,0,0,1,-1.14573334821034,0,24,50,299,1,0,0,0,0,17,6.32248540241018,0,0.0,0.101419878296146,,,0,35.5,59.5
2001,REG+POST,00-0020498,,Reggie Wayne,WR,WR,,11,IND,0,0,0,0,0,0,0,0,0,0,0,0,,0,,,0,0,0,0,0,0,,0,27,49,345,0,0,0,0,0,19,5.05945302155452,0,0.0,0.133879781420765,,,0,34.5,61.5
2001,REG+POST,00-0020507,,Heath Evans,FB,RB,,1,SEA,0,0,0,0,0,0,0,0,0,0,0,0,,0,,,2,11,0,0,0,1,-0.864779000170529,0,0,0,0,0,0,0,0,0,0,,0,,,,,0,1.1,1.1
2001,REG+POST,00-0020513,,David Terrell,WR,WR,,17,CHI,0,0,0,0,0,0,0,0,0,0,0,0,,0,,,0,0,0,0,0,0,,0,36,66,433,4,0,0,0,0,21,10.469306955715,0,0.0,0.121100917431193,,,0,67.3,103.3
2001,REG+POST,00-0020514,,Michael Bennett,RB,RB,,13,MIN,0,0,0,0,0,0,0,0,0,0,0,0,,0,,,172,682,2,0,0,23,-12.9965099278622,0,29,38,226,1,0,0,0,0,9,4.71173056151019,0,0.0,0.0835164835164835,,,0,108.8,137.8
2001,REG+POST,00-0020516,,Todd Heap,TE,TE,,12,BAL,0,0,0,0,0,0,0,0,0,0,0,0,,0,,,0,0,0,0,0,0,,0,17,27,217,1,1,1,0,0,11,8.43992332789507,0,0.0,0.0645933014354067,,,0,25.7,42.7
2001,REG+POST,00-0020525,,Rod Gardner,WR,WR,,16,WAS,0,0,0,0,0,0,0,0,0,0,0,0,,0,,,1,16,0,0,0,1,1.12525348272175,0,46,101,741,4,1,1,0,0,28,-2.19133814430807,0,0.0,0.241050119331742,,,0,97.7,143.7
2001,REG+POST,00-0020527,,Deuce McAllister,RB,RB,,13,NO,1,2,12,1,0,0,0,0,0,0,0,1,2.09732132102363,0,0.0,,16,91,1,0,0,4,3.64227348077111,0,15,20,166,1,0,0,0,0,8,2.7564075414557,0,0.0,0.0754716981132076,,,0,42.18,57.18
2001,REG+POST,00-0020531,D.Brees,Drew Brees,QB,QB,"https://static.www.nfl.com/image/private/f_auto,q_auto/league/i20xlpzdmn7xubotijjd",1,LAC,15,27,221,1,0,2,12,2,0,0,0,11,10.5661014514754,0,0.0,0.166188166714395,2,18,0,0,0,1,-0.636526759131812,0,0,0,0,0,0,0,0,0,0,,0,,,,,0,14.64,14.64
2001,REG+POST,00-0020536,,LaDainian Tomlinson,RB,RB,,16,LAC,0,0,0,0,0,0,0,0,0,0,0,0,,0,,,339,1236,10,5,4,67,-48.2756277620194,0,59,74,367,0,3,1,0,0,12,-16.524853896388,0,0.0,0.137037037037037,,,0,210.3,269.3
2002,REG,00-0000108,,David Akers,K,SPEC,,1,PHI,0,0,0,0,0,0,0,0,0,0,0,0,,0,,,1,10,0,0,0,1,2.61475074623013,0,0,0,0,0,0,0,0,0,0,,0,,,,,0,1.0,1.0
2002,REG,00-0000145,,Derrick Alexander,WR,WR,,8,MIN,0,0,0,0,0,0,0,0,0,0,0,0,,0,,,0,0,0,0,0,0,,0,14,39,134,1,0,0,0,0,7,-12.9407311832183,0,0.0,0.137323943661972,,,0,19.4,33.4
2002,REG,00-0000166,,Stephen Alexander,TE,TE,,14,LAC,0,0,0,0,0,0,0,0,0,0,0,0,,0,,,0,0,0,0,0,0,,0,45,76,510,1,1,0,0,0,25,-8.73970969743413,0,0.0,0.166301969365427,,,0,57.0,102.0
2002,REG,00-0000210,,James Allen,RB,RB,,16,HOU,1,2,5,1,0,0,0,0,0,0,0,1,1.21995836787391,0,0.0,,155,519,0,1,1,20,-35.2735511169942,0,47,57,302,0,0,0,0,0,11,-7.47220492832529,1,0.0,0.135714285714286,,,0,86.3,133.3
2002,REG,00-0000242,,John Allred,TE,TE,,1,PIT,0,0,0,0,0,0,0,0,0,0,0,0,,0,,,0,0,0,0,0,0,,0,0,1,0,0,0,0,0,0,0,-0.497706723748706,0,,0.0232558139534884,,,0,0.0,0.0
2002,REG,00-0000251,,Mike Alstott,FB,RB,,16,TB,0,0,0,0,0,0,0,0,0,0,0,0,,0,,,146,548,5,2,1,37,-16.4128529428483,0,35,48,242,2,2,1,0,0,11,-3.95450787829698,0,0.0,0.0926640926640927,,,0,117.0,152.0
2002,REG,00-0000339,,Richie Anderson,FB,RB,,16,NYJ,0,1,0,0,0,0,0,0,0,0,0,0,-0.38253058900591,0,,,5,27,0,0,0,1,0.0910389208002016,0,45,56,257,1,0,0,0,0,9,-11.7604516166515,0,0.0,0.116666666666667,,,0,34.4,79.4
2002,REG,00-0000585,,Champ Bailey,CB,DB,,1,WAS,0,0,0,0,0,0,0,0,0,0,0,0,,0,,,1,4,0,1,1,0,-3.9446562344674,0,0,0,0,0,0,0,0,0,0,,0,,,,,0,-1.6,-1.6
2002,REG,00-0000598,,Karsten Bailey,WR,WR,,2,GB,0,0,0,0,0,0,0,0,0,0,0,0,,0,,,0,0,0,0,0,0,,0,3,6,26,0,0,0,0,0,2,-3.55573814400929,0,0.0,0.0759493670886076,,,0,2.6,5.6
2002,REG,00-0000745,,Tiki Barber,RB,RB,,16,NYG,0,0,0,0,0,0,0,0,0,0,0,0,,0,,,304,1387,11,5,5,67,-36.8674074837167,0,69,95,597,0,4,1,0,0,23,-3.90352847913243,0,0.0,0.175600739371534,,,0,252.4,321.4
2002,REG,00-0000765,,Reggie Barlow,WR,WR,,2,TB,0,0,0,0,0,0,0,0,0,0,0,0,,0,,,0,0,0,0,0,0,,0,3,5,23,0,0,0,0,0,2,0.845924770226702,0,0.0,0.0793650793650794,,,0,2.3,5.3
2002,REG,00-0000849,,Mike Bartrum,LS,SPEC,,2,PHI,0,0,0,0,0,0,0,0,0,0,0,0,,0,,,0,0,0,0,0,0,,0,1,2,8,0,0,0,0,0,0,-0.018094536033459,0,0.0,0.0266666666666667,,,0,0.8,1.8
2002,REG,00-0000869,,D'Wayne Bates,WR,WR,,14,MIN,0,0,0,0,0,0,0,0,0,0,0,0,,0,,,0,0,0,0,0,0,,0,50,80,689,4,1,0,0,0,34,43.6537728605081,0,0.0,0.163265306122449,,,0,92.9,142.9
2002,REG,00-0000883,,Marco Battaglia,TE,TE,,1,TB,0,0,0,0,0,0,0,0,0,0,0,0,,0,,,0,0,0,0,0,0,,0,0,1,0,0,0,0,0,0,0,-1.41073889377028,0,,0.032258064516129,,,0,0.0,0.0
2002,REG,00-0000911,,Fred Baxter,TE,TE,,5,CHI,0,0,0,0,0,0,0,0,0,0,0,0,,0,,,0,0,0,0,0,0,,0,5,8,51,0,0,0,0,0,3,1.76288548886077,0,0.0,0.0516129032258065,,,0,5.1,10.1
2002,REG,00-0000942,,Fred Beasley,RB,RB,,15,SF,0,0,0,0,0,0,0,0,0,0,0,0,,0,,,26,75,0,0,0,15,5.89749503739432,0,22,32,152,1,0,0,0,0,8,5.63554626912239,0,0.0,0.060377358490566,,,0,28.7,50.7
2002,REG,00-0001098,,Brandon Bennett,RB,RB,,10,CIN,0,0,0,0,0,0,0,0,0,0,0,0,,0,,,33,155,0,0,0,10,-1.67251995654078,0,18,25,109,0,1,0,0,0,3,-11.0096202843176,0,0.0,0.0739644970414201,,,1,32.4,50.4
2002,REG,00-0001112,,Sean Bennett,RB,RB,,5,NYG,0,0,0,0,0,0,0,0,0,0,0,0,,0,,,0,0,0,0,0,0,,0,5,6,37,0,0,0,0,0,2,1.92909487197176,0,0.0,0.0352941176470588,,,0,3.7,8.7
2002,REG,00-0001215,,Jerome Bettis,RB,RB,,12,PIT,0,0,0,0,0,0,0,0,0,0,0,0,,0,,,187,666,9,1,1,42,-4.58753221225172,0,7,9,57,0,0,0,0,0,3,2.78003198374063,0,0.0,0.036144578313253,,,0,124.3,131.3
2002,REG,00-0001218,,Steve Beuerlein,QB,QB,,5,DEN,68,117,925,6,5,12,78,3,1,0,0,43,4.45946441837255,0,0.0,0.0676473049100358,5,9,1,1,0,1,-0.0607943327631801,0,0,0,0,0,0,0,0,0,0,,0,,,,,0,55.9,55.9
2002,REG,00-0001335,,Jeff Blake,QB,QB,,10,BAL,165,295,2084,13,11,30,203,5,3,0,0,96,-9.41125286429057,1,0.0,0.0437183825541435,39,106,1,3,1,9,-4.87099969678093,0,0,0,0,0,0,0,0,0,0,,0,,,,,0,123.96,123.96
2002,REG,00-0001361,,Drew Bledsoe,QB,QB,,16,BUF,375,610,4359,24,15,54,369,9,4,0,0,218,58.7083653462451,0,0.0,0.0927820751000163,27,67,2,2,0,10,5.04334867183934,0,0,0,0,0,0,0,0,0,0,,0,,,,,0,251.06,251.06
2002,REG,00-0001388,,Dre' Bly,DB,DB,,1,LA,0,0,0,0,0,0,0,0,0,0,0,0,,0,,,0,0,0,0,0,0,,0,0,0,0,0,0,0,0,0,0,,0,,,,,1,6.0,6.0
2002,REG,00-0001477,,Marty Booker,WR,WR,,16,CHI,1,5,44,1,0,0,0,0,0,0,0,1,1.91251869223197,0,0.0,0.181352906755943,0,0,0,0,0,0,,0,97,167,1189,6,0,0,0,14,54,17.8046183492785,0,0.0,0.313320825515947,,,0,160.66,257.66
2002,REG,00-0001532,,David Boston,WR,WR,,8,ARI,0,0,0,0,0,0,0,0,0,0,0,0,,0,,,2,29,0,0,0,1,2.50402008905076,0,32,75,512,1,0,0,0,0,28,6.16273826238975,0,0.0,0.280898876404494,,,0,60.1,92.1
2002,REG,00-0001545,,Todd Bouman,QB,QB,,1,MIN,3,6,85,0,0,2,22,2,1,0,0,2,-2.5102824595524,0,0.0,0.0249927220846943,1,9,0,0,0,1,0.728836842172314,0,0,0,0,0,0,0,0,0,0,,0,,,,,0,2.3,2.3
2002,REG,00-0001627,,Corey Bradford,WR,WR,,16,HOU,0,0,0,0,0,0,0,0,0,0,0,0,,0,,,2,-11,0,0,0,0,-2.02579657477327,0,45,106,697,6,0,0,0,0,24,-14.9153677827118,0,0.0,0.252380952380952,,,0,104.6,149.6
2002,REG,00-0001661,,Kyle Brady,TE,TE,,16,JAX,0,0,0,0,0,0,0,0,0,0,0,0,,0,,,0,0,0,0,0,0,,0,43,67,461,4,0,0,0,0,26,-33.2610079857407,0,0.0,0.153669724770642,,,0,70.1,113.1
2002,REG,00-0001823,,Aaron Brooks,QB,QB,,16,NO,283,528,3572,27,15,36,236,8,5,0,0,165,9.16176872390001,2,0.0,0.0698195695969193,62,253,2,3,0,21,-1.18128980709719,2,0,0,0,0,0,0,0,0,0,,0,,,,,0,256.18,256.18
2002,REG,00-0001940,,Gilbert Brown,NT,DL,,1,GB,0,0,0,0,0,0,0,0,0,0,0,0,,0,,,0,0,0,0,0,0,,0,0,1,0,0,0,0,0,0,0,-0.255011079716496,0,,0.0232558139534884,,,0,0.0,0.0
2002,REG,00-0002041,,Ruben Brown,G,OL,,1,BUF,0,0,0,0,0,0,0,0,0,0,0,0,,0,,,0,0,0,0,0,0,,0,1,1,-6,0,0,0,0,0,0,-0.981421675300226,0,0.0,0.02,,,0,-0.6,0.4
2002,REG,00-0002058,,Tim Brown,WR,WR,,16,LV,0,0,0,0,0,0,0,0,0,0,0,0,,0,,,6,19,0,0,0,0,-1.08202469465323,0,81,127,930,2,0,0,0,0,48,38.072873110511,0,0.0,0.208538587848933,,,0,106.9,187.9
2002,REG,00-0002068,,Troy Brown,WR,WR,,14,NE,0,0,0,0,0,0,0,0,0,0,0,0,,0,,,3,14,0,0,0,1,-1.47508588660952,0,97,141,890,3,2,1,0,0,48,20.9054711527617,1,0.0,0.274853801169591,,,0,108.4,205.4
2002,REG,00-0002099,,Isaac Bruce,WR,WR,,16,LA,0,0,0,0,0,0,0,0,0,0,0,0,,0,,,3,18,0,0,0,2,0.656233991024334,0,79,130,1075,7,2,2,0,0,50,17.0479192807976,0,0.0,0.210355987055016,,,0,147.3,226.3
2002,REG,00-0002102,,Mark Bruener,TE,TE,,10,PIT,0,0,0,0,0,0,0,0,0,0,0,0,,0,,,0,0,0,0,0,0,,0,13,18,66,1,0,0,0,0,4,0.274022402038099,0,0.0,0.0517241379310345,,,0,12.6,25.6
2002,REG,00-0002110,,Mark Brunell,QB,QB,,15,JAX,245,415,2788,10,7,34,210,3,1,0,0,140,-87.1821295789815,2,0.0,0.028080480583687,43,207,0,2,1,11,-0.604571174189914,0,0,0,0,0,0,0,0,0,0,,0,,,,,0,158.22,158.22
2002,REG,00-0002159,,Shawn Bryson,RB,RB,,2,BUF,0,0,0,0,0,0,0,0,0,0,0,0,,0,,,13,35,0,1,0,2,-3.96715637538,0,1,3,9,0,0,0,0,0,1,-0.815728255081922,0,0.0,0.0833333333333333,,,0,4.4,5.4
2002,REG,00-0002380,,Steve Bush,RB,RB,,12,ARI,0,0,0,0,0,0,0,0,0,0,0,0,,0,,,0,0,0,0,0,0,,0,19,27,121,1,0,0,0,0,5,1.29742815362988,0,0.0,0.0692307692307692,,,0,18.1,37.1
2002,REG,00-0002469,,Isaac Byrd,WR,WR,,10,CAR,0,0,0,0,0,0,0,0,0,0,0,0,,0,,,1,0,0,0,0,0,-0.439926635473967,0,14,31,164,1,0,0,0,0,8,-5.40216500737006,0,0.0,0.104026845637584,,,0,22.4,36.4
2002,REG,00-0002565,,Dan Campbell,TE,TE,,14,NYG,0,0,0,0,0,0,0,0,0,0,0,0,,0,,,0,0,0,0,0,0,,0,22,31,175,1,0,0,0,0,10,6.85155960705015,0,0.0,0.0658174097664544,,,0,23.5,45.5
2002,REG,00-0002586,,Mark Campbell,TE,TE,,15,CLE,0,0,0,0,0,0,0,0,0,0,0,0,,0,,,0,0,0,0,0,0,,0,25,46,179,3,0,0,0,0,9,-12.4223542809633,0,0.0,0.08984375,,,0,35.9,60.9
2002,REG,00-0002709,,Dwayne Carswell,G,OL,,10,DEN,0,0,0,0,0,0,0,0,0,0,0,0,,0,,,0,0,0,0,0,0,,0,21,29,189,1,0,0,0,0,9,5.81327166691635,0,0.0,0.0826210826210826,,,0,24.9,45.9
2002,REG,00-0002713,,Tony Carter,RB,RB,,1,GB,0,0,0,0,0,0,0,0,0,0,0,0,,0,,,0,0,0,0,0,0,,0,0,1,0,0,0,0,0,0,0,-0.427139482926577,0,,0.03125,,,0,0.0,0.0
2002,REG,00-0002721,,Cris Carter,WR,WR,,5,MIA,0,0,0,0,0,0,0,0,0,0,0,0,,0,,,0,0,0,0,0,0,,0,8,17,66,1,1,1,0,0,5,-6.66784297385392,0,0.0,0.116438356164384,,,0,10.6,18.6
2002,REG,00-0002846,,Larry Centers,FB,RB,,16,BUF,0,0,0,0,0,0,0,0,0,0,0,0,,0,,,11,56,2,0,0,6,3.86956909692738,0,43,63,388,0,0,0,0,0,19,6.08871618481888,0,0.0,0.110915492957746,,,0,56.4,99.4
2002,REG,00-0002861,,Byron Chamberlain,TE,TE,,13,MIN,0,0,0,0,0,0,0,0,0,0,0,0,,0,,,0,0,0,0,0,0,,0,34,50,389,0,0,0,0,0,15,18.1170795370708,0,0.0,0.113122171945701,,,0,38.9,72.9
2002,REG,00-0002876,,Chris Chandler,QB,QB,,8,CHI,103,161,1023,4,4,23,144,2,2,0,0,43,-34.0411379573235,0,0.0,0.0239377506587927,10,32,0,1,1,4,0.111080871603917,0,0,0,0,0,0,0,0,0,0,,0,,,,,0,46.12,46.12
2002,REG,00-0002942,,Darrin Chiaverini,WR,WR,,1,ATL,0,0,0,0,0,0,0,0,0,0,0,0,,0,,,0,0,0,0,0,0,,0,0,1,0,0,0,0,0,0,0,-0.0683593207795639,0,,0.037037037037037,,,0,0.0,0.0
2002,REG,00-0002962,,Wayne Chrebet,WR,WR,,15,NYJ,0,1,0,0,0,0,0,0,0,0,0,0,-0.685914136469364,0,,,0,0,0,0,0,0,,0,51,80,691,9,2,2,0,0,38,31.7735208033377,0,0.0,0.177383592017738,,,0,119.1,170.1
2002,REG,00-0002970,,Bob Christian,FB,RB,,15,ATL,0,0,0,0,0,0,0,0,0,0,0,0,,0,,,31,119,3,0,0,8,2.01365146168973,0,13,24,174,0,1,1,0,0,7,-5.51823449606947,0,0.0,0.0695652173913044,,,0,45.3,58.3
2002,REG,00-0003035,,Desmond Clark,TE,TE,,2,MIA,0,0,0,0,0,0,0,0,0,0,0,0,,0,,,0,0,0,0,0,0,,0,2,3,42,0,0,0,0,0,2,3.08273096993798,0,0.0,0.0410958904109589,,,0,4.2,6.2
2002,REG,00-0003103,,Cameron Cleeland,TE,TE,,8,NE,0,0,0,0,0,0,0,0,0,0,0,0,,0,,,0,0,0,0,0,0,,0,16,21,112,1,0,0,0,0,7,2.32174203533214,0,0.0,0.0704697986577181,,,0,17.2,33.2
2002,REG,00-0003136,,Mike Cloud,RB,RB,,12,KC,0,0,0,0,0,0,0,0,0,0,0,0,,0,,,49,115,2,0,0,9,-10.310706547733,0,6,9,48,0,0,0,0,0,1,-1.40997370058903,0,0.0,0.0523255813953488,,,0,28.3,34.3
2002,REG,00-0003292,,Kerry Collins,QB,QB,,16,NYG,335,545,4073,19,14,24,152,2,0,0,0,193,112.327506649356,1,0.0,0.0999673587219644,44,-3,0,6,1,0,-31.6283176999327,0,0,0,0,0,0,0,0,0,0,,0,,,,,0,210.62,210.62
2002,REG,00-0003315,,Todd Collins,QB,QB,,2,KC,5,6,73,1,0,0,0,0,0,0,0,3,6.11886648694053,0,0.0,0.305040799223977,1,7,0,0,0,0,-0.465738791506738,0,0,0,0,0,0,0,0,0,0,,0,,,,,0,7.62,7.62
2002,REG,00-0003344,,Greg Comella,RB,RB,,7,TEN,0,0,0,0,0,0,0,0,0,0,0,0,,0,,,1,0,0,0,0,0,-0.395131005730946,0,10,15,70,0,1,1,0,0,4,-1.78796418051934,0,0.0,0.0666666666666667,,,0,5.0,15.0
2002,REG,00-0003396,,Curtis Conway,WR,WR,,12,LAC,0,0,0,0,0,0,0,0,0,0,0,0,,0,,,7,53,2,0,0,3,6.31438742257888,0,57,94,852,5,2,2,0,0,42,21.3682562504376,0,0.0,0.25,,,0,128.5,185.5
2002,REG,00-0003400,,Ernie Conwell,TE,TE,,16,LA,0,0,0,0,0,0,0,0,0,0,0,0,,0,,,6,30,1,0,0,2,2.12707410077564,0,34,48,419,2,0,0,0,0,17,18.7426712379424,0,0.0,0.0804020100502513,,,0,62.9,96.9
2002,REG,00-0003535,,Tim Couch,QB,QB,,14,CLE,273,443,2842,18,18,30,213,4,1,0,0,128,1.48075340129736,1,0.0,0.0597851960534373,23,77,0,2,1,9,-0.804772865376435,0,0,0,0,0,0,0,0,0,0,,0,,,,,0,155.38,155.38
2002,REG,00-0003557,,Scott Covington,QB,QB,,1,LA,2,5,7,0,0,2,16,0,0,0,0,0,-2.82621925650165,0,0.0,0.0355869632934334,0,0,0,0,0,0,,0,0,0,0,0,0,0,0,0,0,,0,,,,,0,0.28,0.28
2002,REG,00-0003663,,Zack Crockett,RB,RB,,12,LV,0,0,0,0,0,0,0,0,0,0,0,0,,0,,,40,118,8,0,0,23,16.6744721836585,0,0,0,0,0,0,0,0,0,0,,0,,,,,0,59.8,59.8
2002,REG,00-0003700,,Germane Crowell,WR,WR,,9,DET,0,0,0,0,0,0,0,0,0,0,0,0,,0,,,0,0,0,0,0,0,,0,22,47,201,1,0,0,0,0,11,-15.6884623043031,0,0.0,0.15112540192926,,,0,26.1,48.1
2002,REG,00-0003739,,Daunte Culpepper,QB,QB,,16,MIN,333,549,3853,18,23,47,244,14,6,0,0,188,28.6188959292407,0,0.0,0.0757421466351694,106,609,10,9,3,46,29.9827594821609,1,0,0,0,0,0,0,0,0,0,,0,,,,,0,285.02,285.02
2002,REG,00-0003803,,Matt Cushing,TE,TE,,1,PIT,0,0,0,0,0,0,0,0,0,0,0,0,,0,,,0,0,0,0,0,0,,0,1,1,4,0,0,0,0,0,0,-0.0556147107854486,0,0.0,0.0434782608695652,,,0,0.4,1.4
2002,REG,00-0004004,,John Davis,TE,TE,,10,CHI,0,0,0,0,0,0,0,0,0,0,0,0,,0,,,0,0,0,0,0,0,,0,20,33,193,3,0,0,0,0,12,7.55308625376818,0,0.0,0.094017094017094,,,0,37.3,57.3
2002,REG,00-0004052,,Stephen Davis,RB,RB,,12,WAS,0,0,0,0,0,0,0,0,0,0,0,0,,0,,,207,820,7,4,4,47,-12.7611474629865,0,23,33,142,1,0,0,0,0,4,-0.700865564926062,0,0.0,0.101226993865031,,,0,136.2,159.2
2002,REG,00-0004063,,Tyrone Davis,TE,TE,,7,GB,0,0,0,0,0,0,0,0,0,0,0,0,,0,,,0,0,0,0,0,0,,0,9,11,107,1,0,0,0,0,7,7.96687774262403,0,0.0,0.0431372549019608,,,0,16.7,25.7
2002,REG,00-0004073,,Brian Dawkins,SS,DB,,1,PHI,0,0,0,0,0,0,0,0,0,0,0,0,,0,,,0,0,0,0,0,0,,0,1,1,57,1,0,0,0,0,1,7.1586328917183,0,0.0,0.0227272727272727,,,0,11.7,12.7
2002,REG,00-0004112,,James Dearth,TE,TE,,1,NYJ,0,0,0,0,0,0,0,0,0,0,0,0,,0,,,0,0,0,0,0,0,,0,0,1,0,0,0,0,0,0,0,-0.954470016935375,0,,0.0333333333333333,,,0,0.0,0.0
2002,REG,00-0004161,,Jake Delhomme,QB,QB,,3,NO,8,10,113,0,0,0,0,0,0,0,0,4,6.42401348846323,0,0.0,0.198977140044984,4,-2,0,0,0,1,-0.699995439150371,0,0,0,0,0,0,0,0,0,0,,0,,,,,0,4.32,4.32
2002,REG,00-0004200,,Autry Denson,RB,RB,,1,IND,0,0,0,0,0,0,0,0,0,0,0,0,,0,,,2,2,0,0,0,0,-2.19527296652086,0,0,0,0,0,0,0,0,0,0,,0,,,,,0,0.2,0.2
2002,REG,00-0004229,,Koy Detmer,QB,QB,,2,PHI,19,28,224,2,0,1,8,0,0,0,0,10,12.9999467467524,0,0.0,0.197398683559547,2,4,1,1,0,1,0.567151762952562,0,0,0,0,0,0,0,0,0,0,,0,,,,,0,23.36,23.36
2002,REG,00-0004293,,Trent Dilfer,QB,QB,,6,SEA,94,168,1182,4,6,7,36,1,1,0,0,51,-2.89944515600337,0,0.0,0.0545215557040335,10,27,0,1,0,4,0.306890415289143,0,0,0,0,0,0,0,0,0,0,,0,,,,,0,51.98,51.98
2002,REG,00-0004294,,Ken Dilger,TE,TE,,14,TB,0,0,0,0,0,0,0,0,0,0,0,0,,0,,,0,0,0,0,0,0,,0,34,48,329,2,1,0,0,0,14,17.9698279111763,0,0.0,0.0985626283367557,,,0,44.9,78.9
2002,REG,00-0004304,,Corey Dillon,RB,RB,,16,CIN,0,0,0,0,0,0,0,0,0,0,0,0,,0,,,314,1311,7,5,2,69,-8.42069515606995,0,43,61,298,0,0,0,0,0,18,-21.4398141239269,0,0.0,0.122,,,0,198.9,241.9
2002,REG,00-0004386,,Chris Doering,WR,WR,,14,WAS,0,1,0,0,0,0,0,0,0,0,0,0,-1.56597694370943,0,,,0,0,0,0,0,0,,0,18,42,192,2,1,0,0,0,12,0.90041084000334,1,0.0,0.0865979381443299,,,0,33.2,51.2
2002,REG,00-0004541,,Donald Driver,WR,WR,,16,GB,0,0,0,0,0,0,0,0,0,0,0,0,,0,,,8,70,0,0,0,4,3.26889078825479,0,70,113,1064,9,1,1,0,0,47,40.6539313401566,0,0.0,0.197898423817863,,,0,165.4,235.4
2002,REG,00-0004574,,Rickey Dudley,TE,TE,,13,TB,0,0,0,0,0,0,0,0,0,0,0,0,,0,,,0,0,0,0,0,0,,0,16,26,192,3,0,0,0,0,9,9.49299443361815,0,0.0,0.0610328638497653,,,0,37.2,53.2
2002,REG,00-0004637,,Jason Dunn,TE,TE,,3,KC,0,0,0,0,0,0,0,0,0,0,0,0,,0,,,0,0,0,0,0,0,,0,2,3,16,0,0,0,0,0,1,-4.58919147806591,0,0.0,0.0333333333333333,,,0,1.6,3.6
2002,REG,00-0004640,,Warrick Dunn,RB,RB,,15,ATL,0,0,0,0,0,0,0,0,0,0,0,0,,0,,,230,927,7,3,2,39,-20.3013131772535,0,50,65,377,2,1,1,0,0,15,3.66942336329561,0,0.0,0.151515151515152,,,0,178.4,228.4
2002,REG,00-0004673,,Tim Dwight,WR,WR,,16,LAC,0,0,0,0,0,0,0,0,0,0,0,0,,0,,,12,108,1,1,0,5,4.11284190719016,0,50,93,623,2,0,0,0,0,33,7.82884764267554,0,0.0,0.17816091954023,,,0,91.1,141.1
2002,REG,00-0004694,,Kevin Dyson,WR,WR,,11,TEN,0,0,0,0,0,0,0,0,0,0,0,0,,0,,,2,-4,0,0,0,0,-0.933666836703196,0,41,69,460,4,1,1,0,0,26,4.42281649768654,0,0.0,0.19060773480663,,,0,67.6,108.6
2002,REG,00-0004768,,Marc Edwards,FB,RB,,15,NE,0,0,0,0,0,0,0,0,0,0,0,0,,0,,,31,96,0,0,0,11,-1.53371189400787,0,23,32,196,0,1,0,0,0,10,3.2748762436747,0,0.0,0.0572450805008945,,,0,29.2,52.2
2002,REG,00-0004774,,Robert Edwards,RB,RB,,11,MIA,0,0,0,0,0,0,0,0,0,0,0,0,,0,,,20,107,1,0,0,7,0.524135441066178,0,18,23,126,1,0,0,0,0,10,-2.88813547526798,0,0.0,0.0725552050473186,,,0,35.3,53.3
2002,REG,00-0004780,,Troy Edwards,WR,WR,,9,LA,0,0,0,0,0,0,0,0,0,0,0,0,,0,,,3,21,0,0,0,1,0.214900695951656,0,18,24,157,2,1,1,0,0,8,-7.91764847072773,0,0.0,0.0781758957654723,,,0,27.8,45.8
2002,REG,00-0004915,,Bobby Engram,WR,WR,,15,SEA,0,0,0,0,0,0,0,0,0,0,0,0,,0,,,0,0,0,0,0,0,,0,50,72,619,0,1,1,0,0,43,45.2504159882264,0,0.0,0.131627056672761,,,1,65.9,115.9
2002,REG,00-0005091,,Kevin Faulk,RB,RB,,15,NE,0,1,0,0,0,0,0,0,0,0,0,0,-0.443457577843219,0,,,52,271,2,0,0,8,5.03030588031126,0,37,53,379,3,1,1,0,0,14,7.45943391630821,0,0.0,0.0968921389396709,,,2,105.0,142.0
2002,REG,00-0005092,,Marshall Faulk,RB,RB,,14,LA,0,0,0,0,0,0,0,0,0,0,0,0,,0,,,212,953,8,2,2,51,-5.85334975049862,0,80,102,537,2,2,1,0,0,23,-5.55080755050889,0,0.0,0.190654205607477,,,0,203.0,283.0
2002,REG,00-0005101,,Christian Fauria,TE,TE,,15,NE,0,0,0,0,0,0,0,0,0,0,0,0,,0,,,0,0,0,0,0,0,,0,27,40,253,7,0,0,0,0,16,15.8118182113103,1,0.0,0.0720720720720721,,,0,69.3,96.3
2002,REG,00-0005106,,Brett Favre,QB,QB,,16,GB,341,551,3658,27,16,26,188,6,3,0,0,189,42.1874906718098,0,0.0,0.0895738156924249,25,73,0,4,1,6,-3.34303636467478,0,0,0,0,0,0,0,0,0,0,,0,,,,,0,221.62,221.62
2002,REG,00-0005113,,Jeff Feagles,P,SPEC,,2,SEA,0,0,0,0,0,0,0,0,0,0,0,0,,0,,,2,-23,0,1,1,0,-6.1165975095937,0,0,0,0,0,0,0,0,0,0,,0,,,,,0,-4.3,-4.3
2002,REG,00-0005180,,Jay Fiedler,QB,QB,,11,MIA,179,292,2024,14,9,13,89,2,1,0,0,108,38.4095271526514,0,0.0,0.108911232577442,28,99,3,1,0,12,9.89417110185605,0,0,0,0,0,0,0,0,0,0,,0,,,,,0,144.86,144.86
2002,REG,00-0005229,,Jim Finn,FB,RB,,5,IND,0,0,0,0,0,0,0,0,0,0,0,0,,0,,,5,8,0,0,0,0,-1.85608032747405,0,6,9,31,0,2,1,0,0,1,-5.57825327781029,0,0.0,0.0483870967741936,,,0,1.9,7.9
2002,REG,00-0005231,,Brian Finneran,WR,WR,,16,ATL,0,0,0,0,0,0,0,0,0,0,0,0,,0,,,0,0,0,0,0,0,,0,56,101,838,6,1,1,0,0,41,33.5066964879784,0,0.0,0.222958057395143,,,0,117.8,173.8
2002,REG,00-0005324,,Terrell Fletcher,RB,RB,,7,LAC,0,0,0,0,0,0,0,0,0,0,0,0,,0,,,26,128,1,0,0,8,4.60042880015681,0,10,17,62,0,0,0,0,0,2,-1.85789193894016,0,0.0,0.150442477876106,,,0,25.0,35.0
2002,REG,00-0005363,,Doug Flutie,QB,QB,,1,LAC,3,11,64,0,0,0,0,0,0,0,0,2,-0.71777415027463,0,0.0,0.0282051427815491,1,6,0,0,0,0,-0.112084484600928,0,0,0,0,0,0,0,0,0,0,,0,,,,,0,3.16,3.16
2002,REG,00-0005562,,Antonio Freeman,WR,WR,,15,PHI,0,0,0,0,0,0,0,0,0,0,0,0,,0,,,0,0,0,0,0,0,,0,46,80,600,4,0,0,0,0,28,24.0238890551294,0,0.0,0.155642023346304,,,0,84.0,130.0
2002,REG,00-0005589,,Gus Frerotte,QB,QB,,3,CIN,44,85,437,1,5,10,74,2,0,0,0,24,-32.2034155729793,0,0.0,0.026437000919111,4,22,0,0,0,0,2.66283641906921,0,0,0,0,0,0,0,0,0,0,,0,,,,,0,13.68,13.68
2002,REG,00-0005620,,Chris Fuamatu-Ma'afala,RB,RB,,6,PIT,0,0,0,0,0,0,0,0,0,0,0,0,,0,,,23,115,0,0,0,5,3.61662799509941,0,2,3,12,0,0,0,0,0,0,-3.67302158073289,0,0.0,0.0333333333333333,,,0,12.7,14.7
2002,REG,00-0005668,,Oronde Gadsden,WR,WR,,6,MIA,0,0,0,0,0,0,0,0,0,0,0,0,,0,,,0,0,0,0,0,0,,0,16,29,228,0,0,0,0,0,14,10.8575908630035,0,0.0,0.171597633136095,,,0,22.8,38.8
2002,REG,00-0005720,,Joey Galloway,WR,WR,,16,DAL,0,0,0,0,0,0,0,0,0,0,0,0,,0,,,4,31,0,0,0,2,0.712707510218024,0,61,120,908,6,1,1,0,0,33,15.5999369127796,0,0.0,0.268456375838926,,,0,127.9,188.9
2002,REG,00-0005741,,Rich Gannon,QB,QB,,16,LV,418,618,4689,26,10,36,214,7,3,0,0,226,131.591517739739,2,0.0,0.12850598140787,50,156,3,2,0,10,2.15109515196853,0,0,0,0,0,0,0,0,0,0,,0,,,,,0,303.16,303.16
2002,REG,00-0005755,,Jeff Garcia,QB,QB,,16,SF,328,528,3344,21,10,17,93,0,0,0,0,171,79.5378598127123,1,0.0,0.10738174812463,73,353,3,2,2,30,10.2944645884237,1,0,0,0,0,0,0,0,0,0,,0,,,,,0,251.06,251.06
2002,REG,00-0005779,,Charlie Garner,RB,RB,,16,LV,0,0,0,0,0,0,0,0,0,0,0,0,,0,,,182,962,7,0,0,47,24.0343875163021,0,91,111,941,4,0,0,0,0,44,53.4647644724563,0,0.0,0.18655462184874,,,0,256.3,347.3
2002,REG,00-0005816,,Olandis Gary,RB,RB,,9,DEN,0,0,0,0,0,0,0,0,0,0,0,0,,0,,,37,147,1,0,0,7,-4.76087006919092,0,18,20,148,0,0,0,0,0,5,5.69617088218778,0,0.0,0.0772200772200772,,,0,35.5,53.5
2002,REG,00-0005883,,Eddie George,RB,RB,,16,TEN,0,0,0,0,0,0,0,0,0,0,0,0,,0,,,343,1165,12,1,1,61,-26.2602396498619,1,36,46,255,2,0,0,0,0,11,8.95333448835299,0,0.0,0.0929292929292929,,,0,226.0,262.0
2002,REG,00-0006043,,Terry Glenn,WR,WR,,15,GB,0,0,0,0,0,0,0,0,0,0,0,0,,0,,,0,0,0,0,0,0,,0,56,106,817,2,1,1,0,0,43,2.93506511635661,0,0.0,0.196660482374768,,,0,91.7,147.7
2002,REG,00-0006101,,Tony Gonzalez,TE,TE,,16,KC,0,0,0,0,0,0,0,0,0,0,0,0,,0,,,0,0,0,0,0,0,,0,63,99,773,7,0,0,0,0,39,27.1734200994297,0,0.0,0.21244635193133,,,0,119.3,182.3
2002,REG,00-0006133,,Hunter Goodwin,TE,TE,,4,MIN,0,0,0,0,0,0,0,0,0,0,0,0,,0,,,0,0,0,0,0,0,,0,4,6,20,1,0,0,0,0,2,0.409868586983066,0,0.0,0.0413793103448276,,,0,8.0,12.0
2002,REG,00-0006208,,Jay Graham,RB,RB,,1,GB,0,0,0,0,0,0,0,0,0,0,0,0,,0,,,1,3,0,0,0,0,-0.226920300454367,0,2,2,6,0,0,0,0,0,0,-0.630774213233963,0,0.0,0.0625,,,0,0.9,2.9
2002,REG,00-0006305,,Ahman Green,RB,RB,,14,GB,0,0,0,0,0,0,0,0,0,0,0,0,,0,,,286,1240,7,3,2,54,-19.1519349973733,0,57,74,393,2,1,1,0,0,19,5.7067835058414,0,0.0,0.150406504065041,,,0,211.3,268.3
2002,REG,00-0006331,,Jacquez Green,WR,WR,,10,DET,0,0,0,0,0,0,0,0,0,0,0,0,,0,,,2,9,0,0,0,0,0.0533996836165898,0,5,21,94,0,0,0,0,0,4,-7.74721013134695,0,0.0,0.0632530120481928,,,1,16.3,21.3
2002,REG,00-0006355,,Trent Green,QB,QB,,16,KC,287,470,3690,26,13,26,141,0,0,0,0,176,92.6605232189973,0,0.0,0.12407808107811,31,225,1,1,0,11,14.4344285804773,1,0,0,0,0,0,0,0,0,0,,0,,,,,0,256.1,256.1
2002,REG,00-0006423,,Brian Griese,QB,QB,,13,DEN,291,436,3214,15,15,34,237,1,0,0,0,156,34.7831639504742,0,0.0,0.0815163225610826,37,107,1,1,0,11,-5.2723205359561,0,0,0,0,0,0,0,0,0,0,,0,,,,,0,175.26,175.26
2002,REG,00-0006627,,Az-Zahir Hakim,WR,WR,,10,DET,0,0,0,0,0,0,0,0,0,0,0,0,,0,,,4,3,0,0,0,0,-2.04618288122583,0,37,82,541,3,0,0,0,0,25,-6.58547073127837,0,0.0,0.234285714285714,,,1,78.4,115.4
2002,REG,00-0006666,,Lamont Hall,TE,TE,,3,NO,0,0,0,0,0,0,0,0,0,0,0,0,,0,,,0,0,0,0,0,0,,0,2,3,6,0,0,0,0,0,0,-2.26834700419568,0,0.0,0.0303030303030303,,,0,0.6,2.6
2002,REG,00-0006777,,Karl Hankton,WR,WR,,9,CAR,0,0,0,0,0,0,0,0,0,0,0,0,,0,,,2,-4,0,0,0,0,-3.41223238524981,0,9,17,146,0,0,0,0,0,7,4.94924920838093,0,0.0,0.0720338983050848,,,0,14.2,23.2
2002,REG,00-0006804,,Patrick Hape,TE,TE,,7,DEN,0,0,0,0,0,0,0,0,0,0,0,0,,0,,,0,0,0,0,0,0,,0,6,14,26,2,0,0,0,0,3,-11.5156286505517,0,0.0,0.0546875,,,0,14.6,20.6
2002,REG,00-0007024,,Marvin Harrison,WR,WR,,16,IND,0,0,0,0,0,0,0,0,0,0,0,0,,0,,,2,10,0,0,0,0,0.277173021459021,0,143,205,1722,11,0,0,0,0,92,89.073996742299,1,0.0,0.348639455782313,,,0,241.2,384.2
2002,REG,00-0007091,,Matt Hasselbeck,QB,QB,"https://static.www.nfl.com/image/private/f_auto,q_auto/league/t1nf9avoy2kauqwrvzza",13,SEA,267,419,3075,15,10,26,143,4,4,0,0,157,59.8573828711351,0,0.0,0.105747453475877,40,202,1,1,0,16,4.47715580362093,1,0,0,0,0,0,0,0,0,0,,0,,,,,0,183.2,183.2
2002,REG,00-0007144,,Donald Hayes,WR,WR,,11,NE,0,0,0,0,0,0,0,0,0,0,0,0,,0,,,0,0,0,0,0,0,,0,12,31,133,2,0,0,0,0,5,-13.907381764946,0,0.0,0.0763546798029557,,,0,25.3,37.3
2002,REG,00-0007180,,Garrison Hearst,RB,RB,,16,SF,0,0,0,0,0,0,0,0,0,0,0,0,,0,,,215,972,8,3,2,53,2.98404466252418,0,48,69,317,1,1,1,0,0,14,-11.1476815917646,1,0.0,0.123877917414722,,,0,178.9,226.9
2002,REG,00-0007213,,Steve Heiden,TE,TE,"https://static.www.nfl.com/image/private/f_auto,q_auto/league/gbtrxatwcauhazpjejcr",11,CLE,0,0,0,0,0,0,0,0,0,0,0,0,,0,,,0,0,0,0,0,0,,0,17,19,105,1,0,0,0,0,8,8.21830055076862,0,0.0,0.0545977011494253,,,0,16.5,33.5
2002,REG,00-0007254,,William Henderson,FB,RB,,14,GB,0,0,0,0,0,0,0,0,0,0,0,0,,0,,,7,27,1,0,0,2,3.09240005392348,0,26,32,168,3,0,0,0,0,12,9.77477605842628,0,0.0,0.0650406504065041,,,0,43.5,69.5
2002,REG,00-0007308,,Craig Hentrich,P,SPEC,,2,TEN,1,1,17,0,0,0,0,0,0,0,0,1,3.2023763009347,0,0.0,,1,5,0,0,0,1,1.49112819257425,0,0,0,0,0,0,0,0,0,0,,0,,,,,0,1.18,1.18
2002,REG,00-0007357,,Chris Hetherington,FB,RB,,1,LA,0,0,0,0,0,0,0,0,0,0,0,0,,0,,,1,0,0,0,0,0,-0.477028676308692,0,1,2,2,0,0,0,0,0,0,-3.84179628815036,0,0.0,0.0526315789473684,,,0,0.2,1.2
2002,REG,00-0007447,,Madre Hill,RB,RB,,1,LV,0,0,0,0,0,0,0,0,0,0,0,0,,0,,,0,0,0,0,0,0,,0,0,1,0,0,0,0,0,0,0,-1.38318262070859,0,,0.02,,,0,0.0,0.0
2002,REG,00-0007468,,Ike Hilliard,WR,WR,,7,NYG,0,0,0,0,0,0,0,0,0,0,0,0,,0,,,1,7,0,0,0,0,0.363946424447931,0,27,47,386,2,0,0,0,0,21,24.2130854611035,0,0.0,0.201716738197425,,,0,51.3,78.3
2002,REG,00-0007546,,James Hodgins,RB,RB,,7,LA,0,0,0,0,0,0,0,0,0,0,0,0,,0,,,3,7,0,0,0,1,-0.46098601561971,0,9,10,47,0,0,0,0,0,1,-1.35503870388493,0,0.0,0.0404858299595142,,,0,5.4,14.4
2002,REG,00-0007576,,Kelly Holcomb,QB,QB,,4,CLE,64,106,790,8,4,5,40,1,1,0,0,42,12.6458822011988,0,0.0,0.115691310811805,8,9,0,0,0,2,3.41348041873425,0,0,0,0,0,0,0,0,0,0,,0,,,,,0,54.5,54.5
2002,REG,00-0007579,,Robert Holcombe,FB,RB,,8,TEN,0,0,0,0,0,0,0,0,0,0,0,0,,0,,,47,242,0,0,0,14,-4.65313082706962,0,10,11,91,0,1,1,0,0,3,2.73514430451905,0,0.0,0.0582010582010582,,,0,31.3,41.3
2002,REG,00-0007661,,Priest Holmes,RB,RB,,14,KC,0,1,0,0,0,0,0,0,0,0,0,0,-0.474323820439167,0,,,313,1615,21,1,1,100,46.9751294829945,0,70,81,672,3,0,0,0,0,30,24.2278331949769,0,0.0,0.203517587939698,,,0,370.7,440.7
2002,REG,00-0007681,,Torry Holt,WR,WR,,16,LA,0,0,0,0,0,0,0,0,0,0,0,0,,0,,,2,18,0,0,0,1,0.936568573815748,0,91,160,1302,4,1,1,0,0,69,50.7564140104702,0,0.0,0.258899676375405,,,0,154.0,245.0
2002,REG,00-0007744,,Joe Horn,WR,WR,,16,NO,0,0,0,0,0,0,0,0,0,0,0,0,,0,,,1,2,0,0,0,0,-0.380844614934176,0,88,149,1312,7,1,0,0,0,65,65.5620742372236,1,0.0,0.286538461538462,,,0,175.4,263.4
2002,REG,00-0007835,,Damon Huard,QB,QB,,1,NE,0,0,0,0,0,0,0,0,0,0,0,0,,0,,,1,4,0,0,0,1,2.07869621715508,0,0,0,0,0,0,0,0,0,0,,0,,,,,0,0.4,0.4
2002,REG,00-0007969,,Richard Huntley,RB,RB,,1,DET,0,0,0,0,0,0,0,0,0,0,0,0,,0,,,3,4,0,0,0,0,-1.76706138812006,0,0,0,0,0,0,0,0,0,0,,0,,,,,0,0.4,0.4
2002,REG,00-0008059,,Qadry Ismail,WR,WR,,14,IND,0,0,0,0,0,0,0,0,0,0,0,0,,0,,,0,0,0,0,0,0,,0,44,84,462,3,0,0,0,0,23,-9.28834772325072,0,0.0,0.160919540229885,,,0,64.2,108.2
2002,REG,00-0008210,,Willie Jackson,WR,WR,,11,WAS,0,0,0,0,0,0,0,0,0,0,0,0,,0,,,0,0,0,0,0,0,,0,25,53,257,1,1,1,0,0,14,-2.49841548109499,0,0.0,0.162079510703364,,,0,29.7,54.7
2002,REG,00-0008241,,Edgerrin James,RB,RB,,14,IND,0,0,0,0,0,0,0,0,0,0,0,0,,0,,,277,989,2,2,1,56,-32.770725257543,1,61,80,354,1,2,0,0,0,17,-15.3956059076953,0,0.0,0.155339805825243,,,0,152.3,213.3
2002,REG,00-0008313,,Shawn Jefferson,WR,WR,,13,ATL,0,0,0,0,0,0,0,0,0,0,0,0,,0,,,0,0,0,0,0,0,,0,27,49,394,1,0,0,0,0,18,13.9207808559586,0,0.0,0.136490250696379,,,0,45.4,72.4
2002,REG,00-0008357,,MarTay Jenkins,WR,WR,,7,ARI,0,0,0,0,0,0,0,0,0,0,0,0,,0,,,3,6,0,0,0,1,-0.585315031232312,0,21,43,250,1,0,0,0,0,13,10.1600007134919,0,0.0,0.179916317991632,,,1,37.6,58.6
2002,REG,00-0008391,,Travis Jervey,RB,RB,,2,ATL,0,0,0,0,0,0,0,0,0,0,0,0,,0,,,10,17,0,1,0,1,-3.93844403082724,0,0,0,0,0,0,0,0,0,0,,0,,,,,0,1.7,1.7
2002,REG,00-0008401,,John Jett,P,SPEC,,1,DET,0,0,0,0,0,0,0,0,0,0,0,0,,0,,,1,0,0,1,0,0,-3.64482740778476,0,0,0,0,0,0,0,0,0,0,,0,,,,,0,0.0,0.0
2002,REG,00-0008442,,Brad Johnson,QB,QB,,13,TB,281,451,3049,22,6,21,121,8,2,0,0,142,50.8878684078543,2,0.0,0.0939225839431715,13,30,0,0,0,4,-1.52904118079713,0,0,0,0,0,0,0,0,0,0,,0,,,,,0,200.96,200.96
2002,REG,00-0008454,,Charles Johnson,WR,WR,,4,BUF,0,0,0,0,0,0,0,0,0,0,0,0,,0,,,0,0,0,0,0,0,,0,3,5,39,0,0,0,0,0,2,2.13549715248519,0,0.0,0.0342465753424658,,,0,3.9,6.9
2002,REG,00-0008560,,Kevin Johnson,WR,WR,,16,CLE,1,2,33,1,0,0,0,0,0,0,0,1,2.75633398187347,0,0.0,,0,0,0,0,0,0,,0,67,120,703,4,0,0,0,0,38,-0.39233686965403,0,0.0,0.22140221402214,,,0,99.62,166.62
2002,REG,00-0008561,,Keyshawn Johnson,WR,WR,,16,TB,0,0,0,0,0,0,0,0,0,0,0,0,,0,,,0,0,0,0,0,0,,0,76,142,1088,5,0,0,0,0,53,7.09242982466327,2,0.0,0.258652094717669,,,0,142.8,218.8
2002,REG,00-0008568,,Leon Johnson,RB,RB,,15,CHI,1,1,27,0,0,1,0,0,0,0,0,1,1.06008192442823,0,0.0,,103,329,1,1,1,24,-16.0779387249387,0,16,26,125,0,0,0,0,0,6,-3.35864037883133,0,0.0,0.0984848484848485,,,0,50.48,66.48
2002,REG,00-0008598,,Pat Johnson,WR,WR,,8,JAX,0,0,0,0,0,1,7,0,0,0,0,0,-0.848840090824524,0,,,1,-9,0,0,0,0,-1.38958153408021,0,9,24,187,2,0,0,0,0,7,-10.9067363459035,0,0.0,0.112676056338028,,,0,29.8,38.8
2002,REG,00-0008612,,Rob Johnson,QB,QB,,6,TB,57,88,536,1,2,19,94,2,2,0,0,26,-22.8969268336085,0,0.0,0.0249036810935359,14,73,0,0,0,4,2.17124840174802,0,0,0,0,0,0,0,0,0,0,,0,,,,,0,24.74,24.74
2002,REG,00-0008749,,Freddie Jones,TE,TE,,15,ARI,0,0,0,0,0,0,0,0,0,0,0,0,,0,,,0,0,0,0,0,0,,0,44,81,358,1,0,0,0,0,14,-22.2459267999912,0,0.0,0.161354581673307,,,0,41.8,85.8
2002,REG,00-0008921,,Randy Jordan,RB,RB,,3,LV,0,0,0,0,0,0,0,0,0,0,0,0,,0,,,3,14,1,0,0,1,-0.621710674546193,0,2,4,19,0,0,0,0,0,1,-1.91061893769074,0,0.0,0.0421052631578947,,,0,9.3,11.3
2002,REG,00-0008962,,Joe Jurevicius,WR,WR,,13,TB,0,0,0,0,0,0,0,0,0,0,0,0,,0,,,0,0,0,0,0,0,,0,37,52,423,4,1,0,0,0,24,30.9492584752498,0,0.0,0.113289760348584,,,0,66.3,103.3
2002,REG,00-0009119,,Reggie Kelly,TE,TE,,13,ATL,0,0,0,0,0,0,0,0,0,0,0,0,,0,,,0,0,0,0,0,0,,0,14,20,162,0,0,0,0,0,7,6.5514413866913,0,0.0,0.0563380281690141,,,0,16.2,30.2
2002,REG,00-0009163,,Eddie Kennison,WR,WR,,16,KC,0,0,0,0,0,0,0,0,0,0,0,0,,0,,,7,58,0,0,0,2,1.46643068767396,0,53,92,906,2,0,0,0,0,44,45.0942573159866,0,0.0,0.197424892703863,,,0,108.4,161.4
2002,REG,00-0009266,,Shaun King,QB,QB,,3,TB,10,27,80,0,1,1,5,0,0,0,0,4,-16.5883228525711,0,0.0,0.035500600727512,4,25,0,0,0,1,0.856043916312046,0,0,0,0,0,0,0,0,0,0,,0,,,,,0,3.7,3.7
2002,REG,00-0009288,,Terry Kirby,RB,RB,,6,LV,0,1,0,0,0,0,0,0,0,0,0,0,-0.479704247205518,0,,,16,51,0,1,1,5,-10.9435811134754,0,17,22,115,1,1,1,0,0,3,-9.78413783222344,0,0.0,0.118279569892473,,,2,30.6,47.6
2002,REG,00-0009311,,Jon Kitna,QB,QB,,13,CIN,294,473,3178,16,16,24,159,9,5,0,0,156,-16.6555482010261,0,0.0,0.0506066082110389,24,57,4,1,1,9,1.85478004504694,0,0,0,0,0,0,0,0,0,0,,0,,,,,0,176.82,176.82
2002,REG,00-0009323,,Jimmy Kleinsasser,TE,TE,,14,MIN,0,0,0,0,0,0,0,0,0,0,0,0,,0,,,6,17,0,0,0,1,-0.580382145009935,0,37,50,393,1,0,0,0,0,22,18.338730105905,0,0.0,0.107991360691145,,,0,47.0,84.0
2002,REG,00-0009417,,Rob Konrad,FB,RB,,14,MIA,0,0,0,0,0,0,0,0,0,0,0,0,,0,,,3,2,0,1,1,0,-5.69274501065956,0,34,45,233,3,1,0,0,0,12,14.43082759768,0,0.0,0.115089514066496,,,0,39.5,73.5
2002,REG,00-0009443,,Brian Kozlowski,TE,TE,,6,ATL,0,0,0,0,0,0,0,0,0,0,0,0,,0,,,0,0,0,0,0,0,,0,6,9,59,0,0,0,0,0,4,1.07502225739881,0,0.0,0.0535714285714286,,,0,5.9,11.9
2002,REG,00-0009584,,Sean Landeta,P,SPEC,,1,PHI,0,0,0,0,0,0,0,0,0,0,0,0,,0,,,1,0,0,1,0,0,-1.98224918497726,0,0,0,0,0,0,0,0,0,0,,0,,,,,0,0.0,0.0
2002,REG,00-0009829,,Dorsey Levens,RB,RB,,16,PHI,0,2,0,0,0,0,0,0,0,0,0,0,-4.81717790686525,0,,,75,411,1,1,1,13,0.0678059649496623,0,19,28,124,1,0,0,0,0,6,1.27177472003132,0,0.0,0.0629213483146067,,,0,63.5,82.5
2002,REG,00-0009842,,Chad Lewis,TE,TE,,15,PHI,0,0,0,0,0,0,0,0,0,0,0,0,,0,,,0,0,0,0,0,0,,0,42,67,398,3,2,2,0,0,22,-5.14026569332867,2,0.0,0.130097087378641,,,0,57.8,99.8
2002,REG,00-0009869,,Jermaine Lewis,WR,WR,,4,HOU,0,0,0,0,0,0,0,0,0,0,0,0,,0,,,3,8,0,0,0,0,-0.716487877885811,0,2,8,41,0,0,0,0,0,2,-5.63750857807463,0,0.0,0.125,,,0,4.9,6.9
2002,REG,00-0010007,,Kevin Lockett,WR,WR,,12,JAX,1,1,14,1,0,0,0,0,0,0,0,1,2.35717068018857,0,0.0,,0,0,0,0,0,0,,0,16,42,205,4,1,1,0,0,10,0.820817917202044,0,0.0,0.115384615384615,,,0,47.06,63.06
2002,REG,00-0010137,,Ray Lucas,QB,QB,,7,MIA,92,160,1045,4,6,12,90,4,1,0,0,47,-14.1567088161936,0,0.0,0.043632074038659,36,126,2,4,3,15,-8.08288504646546,0,0,0,0,0,0,0,0,0,0,,0,,,,,0,62.4,62.4
2002,REG,00-0010146,,Mike Lucky,TE,TE,,3,DAL,0,0,0,0,0,0,0,0,0,0,0,0,,0,,,0,0,0,0,0,0,,0,1,3,22,0,0,0,0,0,1,1.07127402955666,0,0.0,0.0375,,,0,2.2,3.2
2002,REG,00-0010173,,Todd Lyght,CB,DB,,1,DET,0,0,0,0,0,0,0,0,0,0,0,0,,0,,,0,0,0,0,0,0,,0,0,0,0,0,0,0,0,0,0,,0,,,,,1,6.0,6.0
2002,REG,00-0010240,,Stacey Mack,RB,RB,,15,JAX,0,0,0,0,0,0,0,0,0,0,0,0,,0,,,98,436,9,0,0,38,-67.9911508869033,0,11,13,79,0,0,0,0,0,5,2.08132813320289,0,0.0,0.0838709677419355,,,0,105.5,116.5
2002,REG,00-0010261,,Tommy Maddox,QB,QB,,12,PIT,234,377,2836,20,16,26,148,5,1,0,0,137,26.1034988001212,3,0.0,0.0831098615494706,19,43,0,3,2,4,-15.9807623762754,0,0,1,0,0,0,0,0,0,0,-3.14720869378652,0,,0.0416666666666667,,,0,165.74,165.74
2002,REG,00-0010292,,Joel Makovicka,FB,RB,,9,ARI,0,0,0,0,0,0,0,0,0,0,0,0,,0,,,5,54,0,0,0,2,1.2403463984374,0,15,19,81,3,0,0,0,0,6,5.74884447932709,0,0.0,0.063973063973064,,,0,31.5,46.5
2002,REG,00-0010333,,Kris Mangum,TE,TE,,15,CAR,0,0,0,0,0,0,0,0,0,0,0,0,,0,,,0,0,0,0,0,0,,0,16,29,159,0,0,0,0,0,7,-4.94593256717781,0,0.0,0.0671296296296296,,,0,15.9,31.9
2002,REG,00-0010341,,Patrick Mannelly,LS,SPEC,,1,CHI,0,0,0,0,0,0,0,0,0,0,0,0,,0,,,0,0,0,0,0,0,,0,0,1,0,0,0,0,0,0,0,-2.50735604460351,0,,0.0204081632653061,,,0,0.0,0.0
2002,REG,00-0010346,,Peyton Manning,QB,QB,"https://static.www.nfl.com/image/private/f_auto,q_auto/league/xpcd6auodk3w0vda6jal",16,IND,392,591,4200,27,19,23,145,5,2,0,0,213,71.864211723902,2,0.0,0.105347189513273,38,148,2,1,0,11,5.43071064389103,0,0,0,0,0,0,0,0,0,0,,0,,,,,0,264.8,264.8
2002,REG,00-0010436,,Cecil Martin,RB,RB,,13,PHI,0,0,0,0,0,0,0,0,0,0,0,0,,0,,,1,-4,0,0,0,0,-1.72231865744106,0,15,22,126,0,1,1,0,0,3,-5.67458736767474,0,0.0,0.0554156171284635,,,0,10.2,25.2
2002,REG,00-0010442,,Curtis Martin,RB,RB,,16,NYJ,0,0,0,0,0,1,4,0,0,0,0,0,-1.08187320013531,0,,,261,1094,7,0,0,54,-6.24756555047153,1,49,56,362,0,0,0,0,0,17,7.62635740543261,0,0.0,0.116666666666667,,,0,189.6,238.6
2002,REG,00-0010455,,Jamie Martin,QB,QB,,5,LA,124,195,1216,7,10,10,77,2,2,0,0,67,-13.1528002221307,0,0.0,0.0383440214511433,5,6,0,0,0,0,-4.77184994413983,0,0,0,0,0,0,0,0,0,0,,0,,,,,0,53.24,53.24
2002,REG,00-0010500,,Derrick Mason,WR,WR,,14,TEN,0,0,0,0,0,0,0,0,0,0,0,0,,0,,,0,0,0,0,0,0,,0,79,125,1012,5,1,1,0,0,56,47.6174024253311,0,0.0,0.296208530805687,,,0,129.2,208.2
2002,REG,00-0010539,,Terance Mathis,WR,WR,,11,PIT,0,0,0,0,0,0,0,0,0,0,0,0,,0,,,0,0,0,0,0,0,,0,23,40,218,2,0,0,0,0,14,-0.407131159053325,0,0.0,0.0950118764845606,,,0,33.8,56.8
2002,REG,00-0010560,,Shane Matthews,QB,QB,,7,WAS,124,237,1251,11,6,9,54,1,0,0,0,64,-14.6998793561141,0,0.0,0.0401043870222884,12,31,0,0,0,2,-1.23881205980433,0,1,1,-13,0,0,0,0,0,0,-1.48859665426426,0,0.0,0.0285714285714286,,,0,83.84,84.84
2002,REG,00-0010609,,Brad Maynard,P,SPEC,,2,CHI,1,1,12,1,0,0,0,0,0,0,0,1,4.19728399941232,0,0.0,,1,20,0,0,0,1,4.14375015208498,0,0,0,0,0,0,0,0,0,0,,0,,,,,0,6.48,6.48
2002,REG,00-0010632,,Fred McAfee,RB,RB,,1,NO,0,0,0,0,0,0,0,0,0,0,0,0,,0,,,1,11,0,0,0,1,3.12668898911215,0,0,0,0,0,0,0,0,0,0,,0,,,,,0,1.1,1.1
2002,REG,00-0010634,,Chris McAlister,DB,DB,,1,BAL,0,0,0,0,0,0,0,0,0,0,0,0,,0,,,0,0,0,0,0,0,,0,0,0,0,0,0,0,0,0,0,,0,,,,,1,6.0,6.0
2002,REG,00-0010650,,Ed McCaffrey,WR,WR,,16,DEN,0,0,0,0,0,0,0,0,0,0,0,0,,0,,,2,22,0,1,1,0,-3.64711513952352,0,69,103,903,2,0,0,0,0,44,41.8332769334336,0,0.0,0.190388170055453,,,0,102.5,171.5
2002,REG,00-0010668,,Keenan McCardell,WR,WR,,14,TB,0,0,0,0,0,0,0,0,0,0,0,0,,0,,,1,3,0,0,0,0,-0.0794069685507566,0,61,101,670,6,1,1,0,0,30,17.2392216162927,0,0.0,0.207818930041152,,,0,101.3,162.3
2002,REG,00-0010747,,Fred McCrary,RB,RB,,13,LAC,0,0,0,0,0,0,0,0,0,0,0,0,,0,,,2,1,0,0,0,0,-2.4718512877007,0,22,31,96,3,1,1,0,0,5,-5.41401885272353,0,0.0,0.0688888888888889,,,0,25.7,47.7
2002,REG,00-0010859,,Tony McGee,TE,TE,,12,DAL,0,0,0,0,0,0,0,0,0,0,0,0,,0,,,0,0,0,0,0,0,,0,23,30,294,1,0,0,0,0,15,8.54719742992893,0,0.0,0.0920245398773006,,,0,35.4,58.4
2002,REG,00-0010951,,Dennis McKinley,RB,RB,,1,ARI,0,0,0,0,0,0,0,0,0,0,0,0,,0,,,0,0,0,0,0,0,,0,0,1,0,0,0,0,0,0,0,-0.47694544121623,0,,0.0222222222222222,,,0,0.0,0.0
2002,REG,00-0010974,,James McKnight,WR,WR,,14,MIA,0,0,0,0,0,0,0,0,0,0,0,0,,0,,,7,58,0,0,0,3,2.60271619120613,0,29,46,528,2,2,2,0,0,18,22.7279268489694,0,0.0,0.124324324324324,,,0,66.6,95.6
2002,REG,00-0011022,,Donovan McNabb,QB,QB,,10,PHI,211,361,2289,17,6,28,166,5,4,0,0,108,2.75879703534346,2,0.0,0.0804048599680311,63,460,6,1,1,34,25.878281103176,0,0,1,0,0,0,0,0,0,0,-2.9968852205202,0,,0.0208333333333333,,,0,223.56,223.56
2002,REG,00-0011024,,Steve McNair,QB,QB,,16,TEN,301,492,3387,22,15,21,121,6,1,0,0,178,72.4561550614252,0,0.0,0.113662643497323,82,440,3,3,1,29,10.258222463937,1,0,0,0,0,0,0,0,0,0,,0,,,,,0,253.48,253.48
2002,REG,00-0011151,,Eric Metcalf,WR,WR,,1,GB,0,0,0,0,0,0,0,0,0,0,0,0,,0,,,2,7,0,0,0,1,-0.486169376876205,0,0,0,0,0,0,0,0,0,0,,0,,,,,0,0.7,0.7
2002,REG,00-0011224,,Itula Mili,TE,TE,,15,SEA,0,0,0,0,0,0,0,0,0,0,0,0,,0,,,0,0,0,0,0,0,,0,43,64,508,2,1,0,0,0,23,7.17565606713327,0,0.0,0.116363636363636,,,0,62.8,105.8
2002,REG,00-0011236,,Billy Miller,TE,TE,,14,HOU,0,0,0,0,0,0,0,0,0,0,0,0,,0,,,0,0,0,0,0,0,,0,51,80,613,3,0,0,0,0,33,30.7963410482964,0,0.0,0.211640211640212,,,0,79.3,130.3
2002,REG,00-0011276,,Jim Miller,QB,QB,,10,CHI,180,314,1944,13,9,16,101,2,0,0,0,98,-9.75631142468877,0,0.0,0.0447849751326638,13,11,0,4,2,3,-18.1323244959349,0,0,0,0,0,0,0,0,0,0,,0,,,,,0,108.86,108.86
2002,REG,00-0011399,,Brian Mitchell,RB,RB,,2,PHI,1,1,57,1,0,0,0,0,0,0,0,1,7.1586328917183,0,0.0,,0,0,0,0,0,0,,0,0,0,0,0,0,0,0,0,0,,0,,,,,1,12.28,12.28
2002,REG,00-0011425,,Pete Mitchell,TE,TE,,13,JAX,0,0,0,0,0,0,0,0,0,0,0,0,,0,,,0,0,0,0,0,0,,0,25,36,246,2,0,0,0,0,14,-1.80657366268316,0,0.0,0.0925449871465296,,,0,36.6,61.6
2002,REG,00-0011463,,Chris Mohr,P,SPEC,,1,ATL,0,1,0,0,1,0,0,0,0,0,0,0,-1.22333876625635,0,,,0,0,0,0,0,0,,0,0,0,0,0,0,0,0,0,0,,0,,,,,0,-2.0,-2.0
2002,REG,00-0011506,,Joe Montgomery,RB,RB,,1,CAR,0,0,0,0,0,0,0,0,0,0,0,0,,0,,,7,20,0,0,0,0,-3.66850062919548,0,0,0,0,0,0,0,0,0,0,,0,,,,,0,2.0,2.0
2002,REG,00-0011551,,Dave Moore,TE,TE,,10,BUF,0,0,0,0,0,0,0,0,0,0,0,0,,0,,,0,0,0,0,0,0,,0,16,24,141,2,0,0,0,0,8,-2.04911238147179,0,0.0,0.0623376623376623,,,0,26.1,42.1
2002,REG,00-0011568,,Herman Moore,WR,WR,,1,NYG,0,0,0,0,0,0,0,0,0,0,0,0,,0,,,0,0,0,0,0,0,,0,0,3,0,0,0,0,0,0,0,-2.47982476366451,0,,0.075,,,0,0.0,0.0
2002,REG,00-0011626,,Brian Moorman,P,SPEC,,1,BUF,0,0,0,0,0,0,0,0,0,0,0,0,,0,,,1,-6,0,0,0,0,-2.75072786828969,0,0,0,0,0,0,0,0,0,0,,0,,,,,0,-0.6,-0.6
2002,REG,00-0011727,,Johnnie Morton,WR,WR,,14,KC,0,0,0,0,0,0,0,0,0,0,0,0,,0,,,10,124,0,0,0,5,7.19655081006931,0,29,64,397,1,0,0,0,0,25,10.4995130296874,0,0.0,0.175824175824176,,,0,58.1,87.1
2002,REG,00-0011754,,Randy Moss,WR,WR,,16,MIN,1,3,13,1,0,0,0,0,0,0,0,1,2.4605972697027,0,0.0,,6,51,0,0,0,3,2.58165659132646,0,106,184,1347,7,1,1,0,0,66,30.2695836647374,0,0.0,0.337614678899083,,,0,184.32,290.32
2002,REG,00-0011770,,Eric Moulds,WR,WR,,16,BUF,0,0,0,0,0,0,0,0,0,0,0,0,,0,,,1,7,0,0,0,0,0.415469257859513,0,100,180,1292,10,1,0,0,0,64,42.4441348914796,0,0.0,0.299003322259136,,,0,189.9,289.9
2002,REG,00-0011795,,Muhsin Muhammad,WR,WR,,14,CAR,0,0,0,0,0,0,0,0,0,0,0,0,,0,,,3,40,0,0,0,2,3.03038852347527,0,63,108,823,3,0,0,0,0,40,22.2225937123506,0,0.0,0.275510204081633,,,0,104.3,167.3
2002,REG,00-0011854,,Yo Murphy,WR,WR,,4,LA,0,0,0,0,0,0,0,0,0,0,0,0,,0,,,0,0,0,0,0,0,,0,5,6,23,0,0,0,0,0,0,0.767180986816787,0,0.0,0.0377358490566038,,,0,2.3,7.3
2002,REG,00-0011958,,Lorenzo Neal,FB,RB,,15,CIN,0,0,0,0,0,0,0,0,0,0,0,0,,0,,,9,31,0,0,0,3,-0.647469244664535,0,21,29,133,1,0,0,0,0,7,2.91162345494377,0,0.0,0.061965811965812,,,0,22.4,43.4
2002,REG,00-0012261,,Neil O'Donnell,QB,QB,,2,TEN,3,5,24,0,0,0,0,0,0,0,0,2,1.14123269998987,0,0.0,0.0713748563699618,3,-3,0,0,0,0,-0.548225739505142,0,0,0,0,0,0,0,0,0,0,,0,,,,,0,0.66,0.66
2002,REG,00-0012478,,Terrell Owens,WR,WR,,14,SF,0,0,0,0,0,0,0,0,0,0,0,0,,0,,,7,79,1,0,0,3,5.59948889058433,0,100,159,1300,13,0,0,0,0,61,76.7543462322544,0,0.0,0.321212121212121,,,0,221.9,321.9
2002,REG,00-0012637,,Jerome Pathon,WR,WR,,14,NO,0,0,0,0,0,0,0,0,0,0,0,0,,0,,,0,0,0,0,0,0,,0,43,80,523,4,0,0,0,0,25,8.96789405795261,0,0.0,0.176600441501104,,,0,76.3,119.3
2002,REG,00-0012642,,David Patten,WR,WR,,16,NE,0,1,0,0,0,0,0,0,0,0,0,0,-0.462884091306478,0,,,2,6,0,0,0,0,-0.421316551393829,0,61,120,824,5,0,0,0,0,39,7.97564531228852,0,0.0,0.203389830508475,,,0,113.0,174.0
2002,REG,00-0012726,,Doug Pederson,QB,QB,,4,GB,19,28,134,1,0,1,8,0,0,0,0,7,-1.57057698947855,0,0.0,0.0307228790945399,1,-1,0,0,0,0,0.0,0,0,0,0,0,0,0,0,0,0,,0,,,,,0,9.26,9.26
2002,REG,00-0012732,,Rodney Peete,QB,QB,,14,CAR,223,381,2630,15,14,31,192,8,6,0,0,114,-28.858475699947,0,0.0,0.0366089609524309,22,14,0,2,1,3,-22.6652739932917,0,0,0,0,0,0,0,0,0,0,,0,,,,,0,124.6,124.6
2002,REG,00-0012809,,Ed Perry,LS,SPEC,,1,MIA,0,0,0,0,0,0,0,0,0,0,0,0,,0,,,0,0,0,0,0,0,,0,0,1,0,0,0,0,0,0,0,-11.6983195594512,0,,0.025,,,0,0.0,0.0
2002,REG,00-0013013,,Michael Pittman,RB,RB,"https://static.www.nfl.com/image/private/f_auto,q_auto/league/xt52pieoe86wnuy0imar",16,TB,0,0,0,0,0,0,0,0,0,0,0,0,,0,,,204,718,1,3,2,36,-31.7645811400143,0,59,86,477,0,0,0,0,0,18,-1.77320746026668,0,0.0,0.156648451730419,,,0,121.5,180.5
2002,REG,00-0013028,,Scott Player,P,SPEC,,1,ARI,0,0,0,0,0,0,0,0,0,0,0,0,,0,,,1,0,0,1,0,0,-3.79698322195327,0,0,0,0,0,0,0,0,0,0,,0,,,,,0,0.0,0.0
2002,REG,00-0013042,,Jake Plummer,QB,QB,,16,ARI,284,530,2972,18,20,36,248,6,2,0,0,145,-56.0086246991642,1,0.0,0.0343029333932852,46,283,2,7,4,21,3.79846369643929,0,1,1,2,0,0,0,0,0,0,-0.382321472046897,0,0.0,0.032258064516129,,,0,181.38,182.38
2002,REG,00-0013080,,Marcus Pollard,TE,TE,,15,IND,0,0,0,0,0,0,0,0,0,0,0,0,,0,,,0,0,0,0,0,0,,0,43,69,478,6,1,0,0,0,21,-0.625939099452936,1,0.0,0.126838235294118,,,0,85.8,128.8
2002,REG,00-0013232,,Peerless Price,WR,WR,,16,BUF,0,0,0,0,0,0,0,0,0,0,0,0,,0,,,3,-13,0,0,0,0,-3.87010521919001,0,94,148,1252,9,2,1,0,0,57,46.8555113919983,0,0.0,0.245847176079734,,,0,175.9,269.9
2002,REG,00-0013262,,Stanley Pritchett,RB,RB,,12,CHI,0,0,0,0,0,0,0,0,0,0,0,0,,0,,,1,2,0,0,0,0,0.085096339462325,0,19,27,165,1,0,0,0,0,10,4.34859793662326,0,0.0,0.0731707317073171,,,0,22.7,41.7
2002,REG,00-0013268,,Ricky Proehl,WR,WR,,15,LA,0,1,0,0,0,1,1,0,0,0,0,0,-1.11833579151426,0,,,0,0,0,0,0,0,,0,43,70,466,4,0,0,0,0,29,24.0556122431391,0,0.0,0.117252931323283,,,0,70.6,113.6
2002,REG,00-0013338,,Jonathan Quinn,QB,QB,,1,KC,0,0,0,0,0,0,0,0,0,0,0,0,,0,,,1,-1,0,0,0,0,-0.4051813884289,0,0,0,0,0,0,0,0,0,0,,0,,,,,0,-0.1,-0.1
2002,REG,00-0013422,,Walter Rasby,TE,TE,,9,WAS,0,0,0,0,0,0,0,0,0,0,0,0,,0,,,0,0,0,0,0,0,,0,9,13,85,0,0,0,0,0,3,0.296870762191247,0,0.0,0.0422077922077922,,,0,8.5,17.5
2002,REG,00-0013512,,Jake Reed,WR,WR,,12,NO,0,0,0,0,0,0,0,0,0,0,0,0,,0,,,0,0,0,0,0,0,,0,21,47,360,3,1,1,0,0,16,15.0936309247306,0,0.0,0.120204603580563,,,0,52.0,73.0
2002,REG,00-0013639,,Jerry Rice,WR,WR,,16,LV,0,0,0,0,0,0,0,0,0,0,0,0,,0,,,3,20,0,0,0,1,0.835861656581983,0,92,150,1211,7,1,1,0,0,59,53.3167684311863,0,0.0,0.246305418719212,,,0,163.1,255.1
2002,REG,00-0013682,,Kyle Richardson,P,SPEC,,1,MIN,0,0,0,0,0,0,0,0,0,0,0,0,,0,,,1,0,0,0,0,0,-4.23813267052174,0,0,0,0,0,0,0,0,0,0,,0,,,,,0,0.0,0.0
2002,REG,00-0013694,,Tony Richardson,FB,RB,,13,KC,0,0,0,0,0,0,0,0,0,0,0,0,,0,,,22,81,2,1,0,6,-0.159796590101905,0,18,23,125,1,0,0,0,0,6,5.1538144213846,0,0.0,0.0716510903426791,,,0,38.6,56.6
2002,REG,00-0013712,,Mikhael Ricks,TE,TE,,14,DET,0,0,0,0,0,0,0,0,0,0,0,0,,0,,,0,0,0,0,0,0,,0,27,68,339,3,0,0,0,0,16,-7.33996471696116,0,0.0,0.138211382113821,,,0,51.9,78.9
2002,REG,00-0013728,,Jay Riemersma,TE,TE,,16,BUF,0,0,0,0,0,0,0,0,0,0,0,0,,0,,,0,0,0,0,0,0,,0,32,48,350,0,0,0,0,0,26,10.4156116391052,0,0.0,0.079734219269103,,,0,35.0,67.0
2002,REG,00-0013773,,Jon Ritchie,FB,RB,,12,LV,0,0,0,0,0,0,0,0,0,0,0,0,,0,,,0,0,0,0,0,0,,0,10,21,66,1,1,0,0,0,2,-7.4812619628909,0,0.0,0.0431211498973306,,,0,12.6,22.6
2002,REG,00-0013888,,Marcus Robinson,WR,WR,,15,CHI,0,0,0,0,0,0,0,0,0,0,0,0,,0,,,0,0,0,0,0,0,,0,21,53,244,3,0,0,0,0,9,-9.21484765908127,0,0.0,0.104743083003953,,,0,42.4,63.4
2002,REG,00-0013958,,Charlie Rogers,RB,RB,,1,BUF,0,0,0,0,0,0,0,0,0,0,0,0,,0,,,0,0,0,0,0,0,,0,0,0,0,0,0,0,0,0,0,,0,,,,,1,6.0,6.0
2002,REG,00-0014071,,Allen Rossum,DB,DB,,1,ATL,0,0,0,0,0,0,0,0,0,0,0,0,,0,,,0,0,0,0,0,0,,0,0,0,0,0,0,0,0,0,0,,0,,,,,1,6.0,6.0
2002,REG,00-0014083,,Tom Rouen,P,SPEC,,2,NYG,0,0,0,0,0,0,0,0,0,0,0,0,,0,,,2,0,0,2,0,0,-7.71999715443235,0,0,0,0,0,0,0,0,0,0,,0,,,,,0,0.0,0.0
2002,REG,00-0014211,,Rod Rutledge,TE,TE,,2,HOU,0,0,0,0,0,0,0,0,0,0,0,0,,0,,,0,0,0,0,0,0,,0,0,3,0,0,0,0,0,0,0,-5.19833115959097,0,,0.0652173913043478,,,0,0.0,0.0
2002,REG,00-0014328,,Frank Sanders,WR,WR,,11,ARI,0,0,0,0,0,0,0,0,0,0,0,0,,0,,,3,2,0,0,0,0,-1.13678208051715,0,34,58,400,2,0,0,0,0,21,7.3591150865848,1,0.0,0.160220994475138,,,0,54.2,88.2
2002,REG,00-0014384,,Cory Sauter,QB,QB,,1,CHI,6,9,59,0,0,0,0,0,0,0,0,3,-1.27338309481274,0,0.0,0.0294327957850262,2,8,0,0,0,0,-0.448470914852805,0,0,0,0,0,0,0,0,0,0,,0,,,,,0,3.16,3.16
2002,REG,00-0014450,,Cory Schlesinger,RB,RB,,15,DET,0,0,0,0,0,0,0,0,0,0,0,0,,0,,,49,139,2,2,2,6,-17.1626095304132,0,35,54,263,0,0,0,0,0,13,-5.50899371268106,0,0.0,0.104651162790698,,,0,48.2,83.2
2002,REG,00-0014489,,Bill Schroeder,WR,WR,,14,DET,0,0,0,0,0,0,0,0,0,0,0,0,,0,,,0,0,0,0,0,0,,0,36,77,595,5,0,0,0,0,27,9.90593065316047,1,0.0,0.155241935483871,,,0,91.5,127.5
2002,REG,00-0014544,,Darnay Scott,WR,WR,,14,DAL,0,0,0,0,0,0,0,0,0,0,0,0,,0,,,1,14,0,0,0,1,1.52357126632705,0,22,35,218,1,0,0,0,0,12,-3.63359530534303,0,0.0,0.0935828877005348,,,0,29.2,51.2
2002,REG,00-0014722,,Shannon Sharpe,TE,TE,,13,DEN,0,0,0,0,0,0,0,0,0,0,0,0,,0,,,0,0,0,0,0,0,,0,61,88,686,3,0,0,0,0,32,28.7058381562727,0,0.0,0.195991091314031,,,0,86.6,147.6
2002,REG,00-0014729,,Bobby Shaw,WR,WR,,16,JAX,0,0,0,0,0,0,0,0,0,0,0,0,,0,,,0,0,0,0,0,0,,0,44,74,525,1,0,0,0,0,32,6.52113840710686,0,0.0,0.179176755447942,,,1,64.5,108.5
2002,REG,00-0014775,,Daimon Shelton,FB,RB,,5,CHI,0,0,0,0,0,0,0,0,0,0,0,0,,0,,,0,0,0,0,0,0,,0,7,9,34,0,0,0,0,0,4,-0.164084509888198,0,0.0,0.0542168674698795,,,0,3.4,10.4
2002,REG,00-0015048,,David Sloan,TE,TE,,12,NO,0,0,0,0,0,0,0,0,0,0,0,0,,0,,,0,0,0,0,0,0,,0,12,25,127,0,0,0,0,0,6,1.9117575470591,0,0.0,0.0647668393782383,,,0,12.7,24.7
2002,REG,00-0015082,,Akili Smith,QB,QB,,1,CIN,12,33,117,0,1,3,23,1,1,0,0,6,-27.1836730863433,0,0.0,0.0446198651269128,4,5,0,0,0,1,-0.37350758240791,0,0,0,0,0,0,0,0,0,0,,0,,,,,0,1.18,1.18
2002,REG,00-0015091,,Antowain Smith,RB,RB,,16,NE,0,0,0,0,0,0,0,0,0,0,0,0,,0,,,252,982,6,2,1,56,-13.7916812089989,1,31,42,243,2,0,0,0,0,11,8.69871143338969,0,0.0,0.0779220779220779,,,0,170.5,201.5
2002,REG,00-0015152,,Detron Smith,RB,RB,,1,IND,0,0,0,0,0,0,0,0,0,0,0,0,,0,,,0,0,0,0,0,0,,0,1,1,14,0,0,0,0,0,1,0.910887003410608,0,0.0,0.0294117647058824,,,0,1.4,2.4
2002,REG,00-0015165,,Emmitt Smith,RB,RB,,16,DAL,0,0,0,0,0,0,0,0,0,0,0,0,,0,,,254,975,5,2,1,48,-34.0587227103749,0,16,24,89,0,1,0,0,0,4,-14.8113773265504,0,0.0,0.0616966580976864,,,0,134.4,150.4
2002,REG,00-0015218,,Jimmy Smith,WR,WR,,16,JAX,0,0,0,0,0,0,0,0,0,0,0,0,,0,,,1,2,0,0,0,0,-0.497906947508454,0,80,137,1027,7,0,0,0,0,53,9.88160620063535,1,0.0,0.314220183486239,,,0,146.9,226.9
2002,REG,00-0015242,,Lamar Smith,RB,RB,,11,CAR,0,0,0,0,0,0,0,0,0,0,0,0,,0,,,209,737,7,1,1,32,-29.6381618319923,0,20,26,167,0,1,1,0,0,8,-2.87095773925859,0,0.0,0.0915492957746479,,,0,128.4,148.4
2002,REG,00-0015290,,Rod Smith,WR,WR,,16,DEN,0,1,0,0,0,0,0,0,0,0,0,0,-0.482535136397928,0,,,6,9,0,0,0,0,-2.56135182484286,0,89,147,1027,5,1,1,0,0,52,12.950600163783,0,0.0,0.271719038817006,,,0,131.6,220.6
2002,REG,00-0015420,,Jerald Sowell,FB,RB,,8,NYJ,0,0,0,0,0,0,0,0,0,0,0,0,,0,,,1,0,0,0,0,0,-1.61597861954942,0,9,13,85,1,0,0,0,0,7,0.652243555381271,0,0.0,0.0490566037735849,,,0,14.5,23.5
2002,REG,00-0015523,,Duce Staley,RB,RB,,16,PHI,0,0,0,0,0,0,0,0,0,0,0,0,,0,,,269,1029,5,3,0,56,-24.0253307321742,1,51,69,541,3,0,0,0,0,20,17.3314074937731,0,0.0,0.128014842300557,,,0,207.0,258.0
2002,REG,00-0015550,,Chad Stanley,P,SPEC,,1,HOU,0,0,0,0,0,0,0,0,0,0,0,0,,0,,,1,6,0,1,0,0,-1.57053027069196,0,0,0,0,0,0,0,0,0,0,,0,,,,,0,0.6,0.6
2002,REG,00-0015601,,Aaron Stecker,RB,RB,,12,TB,0,0,0,0,0,0,0,0,0,0,0,0,,0,,,28,174,0,1,1,8,0.979192124301335,0,13,16,69,0,0,0,0,0,2,-1.7804425706272,0,0.0,0.0692640692640693,,,0,22.3,35.3
2002,REG,00-0015698,,James Stewart,RB,RB,,14,DET,0,1,0,0,0,0,0,0,0,0,0,0,-0.900614528916776,0,,,231,1021,4,0,0,46,-15.3669989607294,0,46,70,333,2,0,0,0,0,13,-15.7672716860927,0,0.0,0.139720558882236,,,0,171.4,217.4
2002,REG,00-0015700,,Kordell Stewart,QB,QB,,7,PIT,109,166,1155,6,6,7,46,1,1,0,0,60,16.1780446420064,1,0.0,0.0922511167159,43,191,2,3,1,13,0.672065262580457,0,0,1,0,0,0,0,0,0,0,-0.719389594625682,0,,0.0256410256410256,,,0,87.3,87.3
2002,REG,00-0015751,,J.J. Stokes,WR,WR,,12,SF,0,0,0,0,0,0,0,0,0,0,0,0,,0,,,0,0,0,0,0,0,,0,32,55,332,1,0,0,0,0,17,1.82895095036646,0,0.0,0.129107981220657,,,0,39.2,71.2
2002,REG,00-0015754,,Brandon Stokley,WR,WR,,8,BAL,0,0,0,0,0,0,0,0,0,0,0,0,,0,,,6,31,0,1,1,1,-2.20948317670263,0,24,52,357,2,0,0,0,0,16,2.68148206763911,0,0.0,0.206349206349206,,,0,48.8,72.8
2002,REG,00-0015811,,Tai Streets,WR,WR,,15,SF,0,0,0,0,0,0,0,0,0,0,0,0,,0,,,0,0,0,0,0,0,,0,72,109,756,5,1,0,0,0,46,29.1326165189958,0,0.0,0.205273069679849,,,0,105.6,177.6
2002,REG,00-0015830,,Mack Strong,FB,RB,,14,SEA,0,0,0,0,0,0,0,0,0,0,0,0,,0,,,23,94,0,0,0,10,7.44491733994801,0,22,32,120,2,0,0,0,0,4,-10.2760480676441,0,0.0,0.0649087221095335,,,0,33.4,55.4
2002,REG,00-0015959,,Kevin Swayne,WR,WR,,6,NYJ,0,0,0,0,0,0,0,0,0,0,0,0,,0,,,0,0,0,0,0,0,,0,5,12,78,0,1,0,0,0,3,-2.90307534758314,0,0.0,0.0621761658031088,,,0,7.8,12.8
2002,REG,00-0015970,,Justin Swift,WR,WR,,8,SF,0,0,0,0,0,0,0,0,0,0,0,0,,0,,,0,0,0,0,0,0,,0,10,15,63,0,0,0,0,0,4,0.901003295287558,0,0.0,0.0480769230769231,,,0,6.3,16.3
2002,REG,00-0015980,,Reggie Swinton,WR,WR,,4,DAL,0,0,0,0,0,0,0,0,0,0,0,0,,0,,,1,23,0,0,0,1,1.52620723901782,0,7,10,63,0,0,0,0,0,4,5.79516574670561,0,0.0,0.0900900900900901,,,1,14.6,21.6
2002,REG,00-0016021,,John Tait,T,OL,,1,KC,0,0,0,0,0,0,0,0,0,0,0,0,,0,,,1,28,0,0,0,1,2.5525289731325,0,0,0,0,0,0,0,0,0,0,,0,,,,,0,2.8,2.8
2002,REG,00-0016098,,Fred Taylor,RB,RB,,16,JAX,0,0,0,0,0,0,0,0,0,0,0,0,,0,,,287,1314,8,2,2,47,-87.9663221241783,1,49,57,408,0,1,0,0,0,15,3.19603334577527,1,0.0,0.138014527845036,,,0,220.2,269.2
2002,REG,00-0016193,,Vinny Testaverde,QB,QB,,5,NYJ,54,83,499,3,3,9,62,2,2,0,0,23,-31.6174975633794,1,0.0,0.0240600690392596,2,23,0,0,0,1,-0.155611668946221,0,0,0,0,0,0,0,0,0,0,,0,,,,,0,26.26,26.26
2002,REG,00-0016316,,Robert Thomas,FB,RB,,13,DAL,0,0,0,0,0,0,0,0,0,0,0,0,,0,,,10,31,0,0,0,2,-1.25750118651195,0,12,16,80,0,0,0,0,0,4,0.190825826022774,0,0.0,0.0551724137931035,,,0,11.1,23.1
2002,REG,00-0016347,,Jeff Thomason,TE,TE,,7,PHI,0,0,0,0,0,0,0,0,0,0,0,0,,0,,,0,0,0,0,0,0,,0,10,12,128,2,0,0,0,0,8,15.9891507319408,0,0.0,0.0476190476190476,,,0,24.8,34.8
2002,REG,00-0016373,,Derrius Thompson,WR,WR,,15,WAS,0,0,0,0,0,0,0,0,0,0,0,0,,0,,,10,77,0,0,0,4,4.75062618753873,0,53,93,773,4,2,2,0,0,35,26.8188381029265,0,0.0,0.183070866141732,,,0,105.0,158.0
2002,REG,00-0016440,,James Thrash,WR,WR,,16,PHI,0,0,0,0,0,0,0,0,0,0,0,0,,0,,,18,126,2,0,0,8,4.93114705150947,0,52,107,635,6,1,1,0,0,26,1.51382371277975,0,0.0,0.198515769944341,,,0,122.1,174.1
2002,REG,00-0016550,,Amani Toomer,WR,WR,,16,NYG,0,0,0,0,0,0,0,0,0,0,0,0,,0,,,1,2,0,0,0,0,-0.435044365003705,0,82,134,1343,8,0,0,0,0,59,88.1041670592222,0,0.0,0.247689463955638,,,0,182.5,264.5
2002,REG,00-0016677,,Jerame Tuman,TE,TE,,9,PIT,0,0,0,0,0,0,0,0,0,0,0,0,,0,,,0,0,0,0,0,0,,0,4,14,63,1,0,0,0,0,3,-5.08581590850372,0,0.0,0.043613707165109,,,0,12.3,16.3
2002,REG,00-0016683,,Tom Tupa,P,SPEC,,2,TB,0,1,0,0,1,0,0,0,0,0,0,0,-5.35417031752877,0,,,1,-9,0,0,0,0,-2.8827003070619,0,0,0,0,0,0,0,0,0,0,,0,,,,,0,-2.9,-2.9
2002,REG,00-0016689,,Matt Turk,P,SPEC,,2,NYJ,0,1,0,0,1,0,0,1,0,0,0,0,-2.31285408977419,0,,,1,14,0,0,0,1,3.25680079637095,0,0,0,0,0,0,0,0,0,0,,0,,,,,0,-0.6,-0.6
2002,REG,00-0016837,,Tamarick Vanover,WR,WR,,2,LAC,0,0,0,0,0,0,0,0,0,0,0,0,,0,,,0,0,0,0,0,0,,0,0,2,0,0,0,0,0,0,0,-1.27826376981102,0,,0.0408163265306122,,,0,0.0,0.0
2002,REG,00-0016838,,Alex Van Pelt,QB,QB,,1,BUF,2,2,5,0,0,0,0,0,0,0,0,0,-0.197209577047033,0,0.0,,0,0,0,0,0,0,,0,0,0,0,0,0,0,0,0,0,,0,,,,,0,0.2,0.2
2002,REG,00-0016960,,Mike Vrabel,OLB,LB,,1,NE,0,0,0,0,0,0,0,0,0,0,0,0,,0,,,0,0,0,0,0,0,,0,1,1,1,1,0,0,0,0,1,1.47354166232981,0,0.0,0.0204081632653061,,,0,6.1,7.1
2002,REG,00-0016990,,Mike Wahle,OG,OL,,1,GB,0,0,0,0,0,0,0,0,0,0,0,0,,0,,,0,0,0,0,0,0,,0,1,1,7,0,0,0,0,0,0,0.41187841608189,0,0.0,0.025,,,0,0.7,1.7
2002,REG,00-0017109,,Wesley Walls,TE,TE,,12,CAR,0,0,0,0,0,0,0,0,0,0,0,0,,0,,,0,0,0,0,0,0,,0,19,36,241,4,0,0,0,0,12,4.49956629800269,0,0.0,0.108108108108108,,,0,48.1,67.1
2002,REG,00-0017110,,Chris Walsh,WR,WR,,11,MIN,0,0,0,0,0,0,0,0,0,0,0,0,,0,,,0,0,0,0,0,0,,0,14,19,172,1,0,0,0,0,7,2.66350902468633,0,0.0,0.0485933503836317,,,0,23.2,37.2
2002,REG,00-0017160,,Dedric Ward,WR,WR,,15,MIA,0,0,0,0,0,0,0,0,0,0,0,0,,0,,,0,0,0,0,0,0,,0,19,39,172,0,0,0,0,0,11,-2.46208419458498,0,0.0,0.0948905109489051,,,0,17.2,36.2
2002,REG,00-0017162,,Hines Ward,WR,WR,,16,PIT,0,0,0,0,0,0,0,0,0,0,0,0,,0,,,12,142,0,0,0,6,7.82030235079583,0,112,161,1329,12,1,1,0,0,66,60.4614999494966,3,0.0,0.295412844036697,,,0,223.1,335.1
2002,REG,00-0017200,,Kurt Warner,QB,QB,,7,LA,144,220,1431,3,11,21,130,7,2,0,0,66,-26.0009595603993,0,0.0,0.0262890201558635,8,33,0,1,0,2,-14.5295842140913,0,0,0,0,0,0,0,0,0,0,,0,,,,,0,46.54,46.54
2002,REG,00-0017218,,Lamont Warren,RB,RB,,2,DET,0,0,0,0,0,0,0,0,0,0,0,0,,0,,,6,8,0,0,0,1,-1.96012467279797,0,4,12,56,2,0,0,0,0,2,0.32594827353023,0,0.0,0.169014084507042,,,0,18.4,22.4
2002,REG,00-0017356,,Jed Weaver,TE,TE,,6,MIA,0,0,0,0,0,0,0,0,0,0,0,0,,0,,,0,0,0,0,0,0,,0,6,9,75,3,0,0,0,0,6,9.35242874978576,0,0.0,0.0580645161290323,,,0,25.5,31.5
2002,REG,00-0017399,,Todd Weiner,T,OL,,1,ATL,0,0,0,0,0,0,0,0,0,0,0,0,,0,,,0,0,0,0,0,0,,0,1,1,0,0,0,0,0,0,0,1.69664417929016,0,,0.037037037037037,,,0,0.0,1.0
2002,REG,00-0017470,,Michael Westbrook,WR,WR,,8,CIN,0,0,0,0,0,0,0,0,0,0,0,0,,0,,,1,1,0,0,0,0,-0.614774467423558,0,8,26,94,2,0,0,0,0,4,-7.6479277718463,0,0.0,0.0893470790378007,,,0,21.5,29.5
2002,REG,00-0017486,,Tyrone Wheatley,RB,RB,,14,LV,0,0,0,0,0,0,0,0,0,0,0,0,,0,,,108,419,2,1,0,26,-2.74635070029702,0,12,20,71,0,0,0,0,0,1,-6.16140824864397,0,0.0,0.0881057268722467,,,0,61.0,73.0
2002,REG,00-0017644,,Jermaine Wiggins,TE,TE,,7,CAR,0,0,0,0,0,0,0,0,0,0,0,0,,0,,,0,0,0,0,0,0,,0,10,15,62,1,1,1,0,0,3,-17.1361277313845,0,0.0,0.0612244897959184,,,0,10.2,20.2
2002,REG,00-0017697,,Terrence Wilkins,WR,WR,,6,LA,0,0,0,0,0,0,0,0,0,0,0,0,,0,,,6,56,0,0,0,2,3.57403283356689,0,5,6,31,0,0,0,0,0,2,1.27352884609718,0,0.0,0.0263157894736842,,,0,8.7,13.7
2002,REG,00-0017847,,Karl Williams,WR,WR,,8,TB,0,0,0,0,0,0,0,0,0,0,0,0,,0,,,3,-5,0,0,0,0,-2.48968872847036,0,7,11,77,1,0,0,0,0,4,5.86859645559868,0,0.0,0.0533980582524272,,,1,19.2,26.2
2002,REG,00-0017861,,Kevin Williams,DB,DB,,1,HOU,0,0,0,0,0,0,0,0,0,0,0,0,,0,,,0,0,0,0,0,0,,0,0,0,0,0,0,0,0,0,0,,0,,,,,1,6.0,6.0
2002,REG,00-0017892,,Moe Williams,RB,RB,,16,MIN,0,0,0,0,0,0,0,0,0,0,0,0,,0,,,84,414,11,0,0,35,24.7901388484449,0,27,41,251,0,1,0,0,26,11,5.09263052591572,0,0.0,0.0893246187363835,,,0,132.5,159.5
2002,REG,00-0017896,,Nicolas Luchey,RB,RB,,6,CIN,0,0,0,0,0,0,0,0,0,0,0,0,,0,,,12,59,2,0,0,6,6.78559998964192,0,7,8,46,0,0,0,0,0,2,0.539123850234319,0,0.0,0.0357142857142857,,,0,22.5,29.5
2002,REG,00-0017915,,Ricky Williams,RB,RB,,16,MIA,0,0,0,0,0,0,0,0,0,0,0,0,,0,,,383,1853,16,7,5,89,-12.8855939065209,0,47,59,363,1,0,0,0,0,14,8.3800839479054,0,0.0,0.141148325358852,,,0,313.6,360.6
2002,REG,00-0017924,,Roland Williams,TE,TE,,13,LV,0,0,0,0,0,0,0,0,0,0,0,0,,0,,,0,0,0,0,0,0,,0,27,40,213,0,1,0,0,0,12,4.65744600541549,0,0.0,0.0743494423791822,,,0,21.3,48.3
2002,REG,00-0018333,,Danny Wuerffel,QB,QB,,6,WAS,58,92,719,3,6,11,83,2,1,0,0,33,-6.51765826065551,0,0.0,0.0328111118911082,10,76,0,0,0,4,3.28672747126718,0,0,0,0,0,0,0,0,0,0,,0,,,,,0,34.36,34.36
2002,REG,00-0018343,,Frank Wycheck,TE,TE,,14,TEN,1,2,13,0,0,0,0,0,0,0,0,1,0.387887717457488,0,0.0,,0,0,0,0,0,0,,0,40,66,346,2,1,1,0,0,22,-7.5100755344473,0,0.0,0.150684931506849,,,0,45.12,85.12
2002,REG,00-0018501,,Amos Zereoue,RB,RB,,16,PIT,0,0,0,0,0,0,0,0,0,0,0,0,,0,,,193,762,4,1,1,35,-23.6687150090593,0,42,53,341,0,1,1,0,0,14,-3.7377347002841,0,0.0,0.106425702811245,,,0,130.3,172.3
2002,REG,00-0018588,,Alan Ricard,RB,RB,,12,BAL,0,0,0,0,0,0,0,0,0,0,0,0,,0,,,14,58,2,0,0,4,3.13640126312384,0,10,14,60,0,0,0,0,0,3,-3.29011935309973,0,0.0,0.0542635658914729,,,0,23.8,33.8
2002,REG,00-0018958,,Laveranues Coles,WR,WR,,16,NYJ,0,0,0,0,0,0,0,0,0,0,0,0,,0,,,6,39,0,0,0,2,1.2546184908133,0,89,134,1264,5,1,0,0,0,67,77.9279627540673,1,0.0,0.279166666666667,,,0,162.3,251.3
2002,REG,00-0018981,,Marcus Knight,WR,WR,,4,LV,0,0,0,0,0,0,0,0,0,0,0,0,,0,,,0,0,0,0,0,0,,0,3,5,26,0,0,0,0,0,0,-0.119885440186618,0,0.0,0.0252525252525253,,,0,2.6,5.6
2002,REG,00-0019019,,Micah Knorr,P,SPEC,,1,DAL,0,0,0,0,0,0,0,0,0,0,0,0,,0,,,1,-10,0,0,0,0,-3.35655980941374,0,0,0,0,0,0,0,0,0,0,,0,,,,,0,-1.0,-1.0
2002,REG,00-0019035,,Leonard Stephens,TE,TE,,4,WAS,0,0,0,0,0,0,0,0,0,0,0,0,,0,,,0,0,0,0,0,0,,0,1,4,13,0,0,0,0,0,1,-1.24014437163714,0,0.0,0.0287769784172662,,,0,1.3,2.3
2002,REG,00-0019057,,Jamel White,RB,RB,,14,CLE,0,0,0,0,0,0,0,0,0,0,0,0,,0,,,106,470,3,0,0,21,4.41031339635743,0,63,86,452,0,0,0,0,0,15,-6.12020278635524,0,0.0,0.176954732510288,,,0,110.2,173.2
2002,REG,00-0019065,,Joe Dean Davenport,TE,TE,,9,IND,0,0,0,0,0,0,0,0,0,0,0,0,,0,,,0,0,0,0,0,0,,0,8,15,70,0,0,0,0,0,2,-4.68285648658639,0,0.0,0.0458715596330275,,,0,7.0,15.0
2002,REG,00-0019087,,Doug Johnson,QB,QB,,6,ATL,37,57,448,2,3,3,11,2,0,0,0,24,9.95069134588569,0,0.0,0.127370839845663,8,16,1,1,0,2,3.93117246622623,0,0,0,0,0,0,0,0,0,0,,0,,,,,0,27.52,27.52
2002,REG,00-0019100,,Brad Hoover,FB,RB,,15,CAR,0,0,0,0,0,0,0,0,0,0,0,0,,0,,,31,129,0,0,0,7,-3.42971301225928,0,17,30,187,2,1,1,0,0,7,-0.423740691912262,0,0.0,0.078125,,,0,41.6,58.6
2002,REG,00-0019109,,Scottie Montgomery,WR,WR,,8,DEN,0,0,0,0,0,0,0,0,0,0,0,0,,0,,,4,27,0,0,0,1,-0.124007387203164,0,4,6,51,1,0,0,0,0,4,4.51285050000297,0,0.0,0.031413612565445,,,0,13.8,17.8
2002,REG,00-0019127,,Todd Yoder,TE,TE,,3,TB,0,0,0,0,0,0,0,0,0,0,0,0,,0,,,0,0,0,0,0,0,,0,2,5,26,0,0,0,0,0,2,0.354503435082734,0,0.0,0.0446428571428571,,,0,2.6,4.6
2002,REG,00-0019135,,Dan Kreider,FB,RB,,13,PIT,0,0,0,0,0,0,0,0,0,0,0,0,,0,,,6,16,0,0,0,2,-0.614665690169204,0,18,25,122,1,1,0,0,0,10,5.26337717688875,1,0.0,0.0585480093676815,,,0,21.8,39.8
2002,REG,00-0019172,,Bryan Johnson,FB,RB,,9,WAS,0,0,0,0,0,0,0,0,0,0,0,0,,0,,,1,0,0,0,0,0,-0.51069658016786,0,15,19,114,0,0,0,0,0,4,2.22992861806415,0,0.0,0.0622950819672131,,,0,11.4,26.4
2002,REG,00-0019231,,Larry Foster,WR,WR,,12,DET,0,0,0,0,0,0,0,0,0,0,0,0,,0,,,0,0,0,0,0,0,,0,14,30,152,0,0,0,0,0,10,-6.39820404234342,0,0.0,0.0712589073634204,,,0,15.2,29.2
2002,REG,00-0019250,,Trent Gamble,DB,DB,,1,MIA,0,0,0,0,0,0,0,0,0,0,0,0,,0,,,0,0,0,0,0,0,,0,0,0,0,0,0,0,0,0,0,,0,,,,,1,6.0,6.0
2002,REG,00-0019290,,Zeron Flemister,TE,TE,,11,WAS,0,0,0,0,0,0,0,0,0,0,0,0,,0,,,0,0,0,0,0,0,,0,10,26,146,2,1,0,0,0,9,-4.22258982414389,0,0.0,0.0668380462724936,,,0,26.6,36.6
2002,REG,00-0019302,,Bryan Gilmore,WR,WR,,3,ARI,0,0,0,0,0,0,0,0,0,0,0,0,,0,,,0,0,0,0,0,0,,0,1,4,14,0,0,0,0,0,1,-0.149424169299891,0,0.0,0.0392156862745098,,,0,1.4,2.4
2002,REG,00-0019353,,Phillip Crosby,FB,RB,,5,BUF,0,0,0,0,0,0,0,0,0,0,0,0,,0,,,0,0,0,0,0,0,,0,4,8,33,0,0,0,0,0,2,0.0734099981491454,0,0.0,0.0418848167539267,,,0,3.3,7.3
2002,REG,00-0019404,,John Jones,TE,TE,,6,BAL,0,0,0,0,0,0,0,0,0,0,0,0,,0,,,0,0,0,0,0,0,,0,6,11,47,1,0,0,0,0,3,2.67441752151353,0,0.0,0.0582010582010582,,,0,10.7,16.7
2002,REG,00-0019453,,Rod Smart,RB,RB,,1,CAR,0,0,0,0,0,0,0,0,0,0,0,0,,0,,,1,2,0,0,0,1,1.52661870478187,0,0,0,0,0,0,0,0,0,0,,0,,,,,0,0.2,0.2
2002,REG,00-0019454,,Robert Baker,WR,WR,,2,MIA,0,0,0,0,0,0,0,0,0,0,0,0,,0,,,0,0,0,0,0,0,,0,1,4,17,0,0,0,0,0,1,-1.25047561165411,0,0.0,0.0727272727272727,,,0,1.7,2.7
2002,REG,00-0019455,,Peter Warrick,WR,WR,,15,CIN,0,0,0,0,0,0,0,0,0,0,0,0,,0,,,8,22,0,1,0,1,-2.54308972743939,0,53,81,606,6,0,0,0,0,26,13.0647686391306,0,0.0,0.152830188679245,,,0,98.8,151.8
2002,REG,00-0019456,,Brian Urlacher,MLB,LB,,1,CHI,0,1,0,0,0,0,0,0,0,0,0,0,-2.50735604460351,0,,,0,0,0,0,0,0,,0,0,0,0,0,0,0,0,0,0,,0,,,,,0,0.0,0.0
2002,REG,00-0019457,,Anthony Becht,TE,TE,,14,NYJ,0,0,0,0,0,0,0,0,0,0,0,0,,0,,,0,0,0,0,0,0,,0,28,44,243,5,0,0,0,0,19,8.05194853790889,1,0.0,0.104761904761905,,,0,56.3,84.3
2002,REG,00-0019461,,JaJuan Dawson,WR,WR,,13,HOU,0,0,0,0,0,0,0,0,0,0,0,0,,0,,,0,0,0,0,0,0,,0,21,39,286,0,1,0,0,0,16,5.73579266585602,0,0.0,0.106267029972752,,,0,28.6,49.6
2002,REG,00-0019464,,Dustin Lyman,TE,TE,,5,CHI,0,0,0,0,0,0,0,0,0,0,0,0,,0,,,0,0,0,0,0,0,,0,14,20,121,2,0,0,0,0,6,5.98702172815683,0,0.0,0.099009900990099,,,0,24.1,38.1
2002,REG,00-0019466,,Curtis Keaton,RB,RB,,3,NO,0,0,0,0,0,0,0,0,0,0,0,0,,0,,,12,19,0,1,0,0,-5.16869411338121,0,0,0,0,0,0,0,0,0,0,,0,,,,,0,1.9,1.9
2002,REG,00-0019484,,Sammy Morris,RB,RB,,5,BUF,0,0,0,0,0,0,0,0,0,0,0,0,,0,,,2,5,0,0,0,0,-0.579954429995269,0,3,4,48,0,0,0,0,0,3,3.65538605529582,0,0.0,0.036036036036036,,,0,5.3,8.3
2002,REG,00-0019491,,James Williams,WR,WR,,8,SEA,0,0,0,0,0,0,0,0,0,0,0,0,,0,,,0,0,0,0,0,0,,0,9,20,99,0,0,0,0,0,5,-2.4166623976087,0,0.0,0.0647249190938511,,,0,9.9,18.9
2002,REG,00-0019510,,Ahmad Merritt,WR,WR,,10,CHI,0,0,0,0,0,0,0,0,0,0,0,0,,0,,,1,5,0,0,0,0,0.0066212643869221,0,14,26,100,0,1,1,0,0,5,-20.5726469171987,0,0.0,0.0778443113772455,,,0,8.5,22.5
2002,REG,00-0019516,,Troy Hambrick,RB,RB,,16,DAL,0,0,0,0,0,0,0,0,0,0,0,0,,0,,,79,317,1,1,0,16,-15.4326914003243,0,21,24,99,0,1,1,0,0,1,-7.33961141022155,0,0.0,0.0655737704918033,,,0,45.6,66.6
2002,REG,00-0019518,,Jason Starkey,C,OL,,1,ARI,0,0,0,0,0,0,0,0,0,0,0,0,,0,,,0,0,0,0,0,0,,0,1,1,7,0,0,0,0,0,0,0.390830473508686,0,0.0,0.037037037037037,,,0,0.7,1.7
2002,REG,00-0019533,,Patrick Pass,RB,RB,,1,NE,0,0,0,0,0,0,0,0,0,0,0,0,,0,,,4,27,0,0,0,1,2.03938898636261,0,0,0,0,0,0,0,0,0,0,,0,,,,,0,2.7,2.7
2002,REG,00-0019534,,Rondell Mealey,RB,RB,,3,GB,0,0,0,0,0,0,0,0,0,0,0,0,,0,,,11,36,1,0,0,3,-0.398229128768435,0,7,9,45,0,0,0,0,0,2,1.89866971940501,0,0.0,0.0737704918032787,,,0,14.1,21.1
2002,REG,00-0019539,,Dante Hall,WR,WR,,15,KC,0,0,0,0,0,0,0,0,0,0,0,0,,0,,,11,54,0,0,0,4,1.72489498935418,0,20,35,322,3,0,0,0,0,11,15.5470117561038,0,0.0,0.0864197530864198,,,3,73.6,93.6
2002,REG,00-0019543,,Danny Farmer,WR,WR,,6,CIN,0,0,0,0,0,0,0,0,0,0,0,0,,0,,,0,0,0,0,0,0,,0,9,15,115,0,0,0,0,0,4,-5.59033208159963,0,0.0,0.076530612244898,,,0,11.5,20.5
2002,REG,00-0019547,,Avion Black,WR,WR,,6,HOU,0,0,0,0,0,0,0,0,0,0,0,0,,0,,,0,0,0,0,0,0,,0,6,12,52,0,0,0,0,0,2,-4.46803791151615,0,0.0,0.0851063829787234,,,1,11.2,17.2
2002,REG,00-0019552,,Troy Walters,WR,WR,,10,IND,0,0,0,0,0,0,0,0,0,0,0,0,,0,,,2,33,0,0,0,2,1.88413212262094,0,18,25,207,0,1,1,0,0,13,10.0676314183175,0,0.0,0.0750750750750751,,,0,22.0,40.0
2002,REG,00-0019558,,Mondriel Fulcher,TE,TE,,1,LV,0,0,0,0,0,0,0,0,0,0,0,0,,0,,,0,0,0,0,0,0,,0,0,1,0,0,0,0,0,0,0,-0.446621252223849,0,,0.0357142857142857,,,0,0.0,0.0
2002,REG,00-0019559,,Chad Pennington,QB,QB,,15,NYJ,275,399,3120,22,6,22,135,1,1,0,0,167,117.217647424211,1,0.0,0.143363474694243,29,49,2,1,0,7,-1.68007845972897,0,0,0,0,0,0,0,0,0,0,,0,,,,,0,217.7,217.7
2002,REG,00-0019564,,Aaron Shea,TE,TE,,5,CLE,0,0,0,0,0,0,0,0,0,0,0,0,,0,,,0,0,0,0,0,0,,0,7,8,49,0,0,0,0,0,1,1.43292843509698,0,0.0,0.0377358490566038,,,0,4.9,11.9
2002,REG,00-0019569,,James Whalen,TE,TE,,12,DAL,0,0,0,0,0,0,0,0,0,0,0,0,,0,,,0,0,0,0,0,0,,0,17,29,152,0,0,0,0,0,7,-0.163819921956689,0,0.0,0.0850439882697947,,,0,15.2,32.2
2002,REG,00-0019576,,Mike Green,RB,RB,,10,TEN,0,0,0,0,0,0,0,0,0,0,0,0,,0,,,21,71,0,0,0,3,-2.70122603001073,0,7,10,57,1,0,0,0,0,4,4.17360820475733,0,0.0,0.0558659217877095,,,0,18.8,25.8
2002,REG,00-0019587,,Terrelle Smith,FB,RB,,8,NO,0,0,0,0,0,0,0,0,0,0,0,0,,0,,,5,11,0,0,0,0,-1.8470629635267,0,9,13,30,0,1,1,0,0,1,-6.85471303840757,0,0.0,0.0472727272727273,,,0,2.1,11.1
2002,REG,00-0019590,,Chad Morton,RB,RB,,4,NYJ,0,0,0,0,0,0,0,0,0,0,0,0,,0,,,4,8,0,0,0,0,-2.33174727880396,0,3,5,19,0,0,0,0,0,0,-1.70196092450866,0,0.0,0.0495049504950495,,,2,14.7,17.7
2002,REG,00-0019594,,Mike Anderson,RB,RB,,15,DEN,0,0,0,0,0,0,0,0,0,0,0,0,,0,,,84,386,2,2,1,24,2.55304163631249,0,18,24,167,2,0,0,0,0,7,1.62694599796584,0,0.0,0.0672268907563025,,,0,77.3,95.3
2002,REG,00-0019596,T.Brady,Tom Brady,QB,QB,"https://static.www.nfl.com/image/private/f_auto,q_auto/league/q7dpdlxyu5rs05rgh1le",16,NE,373,601,3764,28,14,31,190,5,3,0,0,184,13.0395376833523,2,0.0,0.0629124589892044,42,110,1,6,2,20,-9.99651651910188,0,0,0,0,0,0,0,0,0,0,,0,,,,,0,245.56,245.56
2002,REG,00-0019599,,Marc Bulger,QB,QB,,7,LA,138,214,1826,14,6,12,102,1,1,0,0,86,60.4302055034972,0,0.0,0.124559786058026,12,-13,1,1,1,1,-12.9289252596791,0,1,1,3,0,0,0,0,0,0,-0.44111951906234,0,0.0,0.027027027027027,,,0,118.04,119.04
2002,REG,00-0019600,,Michael L. Lewis,WR,WR,,9,NO,0,0,0,0,0,0,0,0,0,0,0,0,,0,,,1,15,0,0,0,1,1.76914000604302,0,8,19,200,0,1,1,0,0,4,-2.98690430879775,0,0.0,0.0695970695970696,,,3,37.5,45.5
2002,REG,00-0019606,,Todd Pinkston,WR,WR,,15,PHI,0,0,0,0,0,0,0,0,0,0,0,0,,0,,,1,-15,0,1,0,0,-1.90547005506232,0,60,113,798,7,1,0,0,0,40,28.9817780143588,0,0.0,0.219844357976654,,,0,120.3,180.3
2002,REG,00-0019610,,Reuben Droughns,RB,RB,,7,DEN,0,0,0,0,0,0,0,0,0,0,0,0,,0,,,4,11,1,0,0,1,1.30114663345739,0,5,7,53,1,0,0,0,0,2,3.10764606488991,0,0.0,0.0421686746987952,,,0,18.4,23.4
2002,REG,00-0019614,,Michael Wiley,RB,RB,,16,DAL,0,0,0,0,0,1,4,0,0,0,0,0,-1.20283010153798,0,,,22,168,1,0,0,7,3.79495744212794,0,13,29,144,0,0,0,0,0,7,-4.82290680618746,0,0.0,0.0751295336787565,,,0,37.2,50.2
2002,REG,00-0019623,,Tim Rattay,QB,QB,,4,SF,26,43,232,2,0,5,26,2,0,0,0,11,-3.19220189933268,0,0.0,0.0283947323921882,5,0,0,0,0,0,-3.61946965951938,0,0,0,0,0,0,0,0,0,0,,0,,,,,0,17.28,17.28
2002,REG,00-0019625,,Drew Haddad,WR,WR,,1,IND,0,0,0,0,0,0,0,0,0,0,0,0,,0,,,0,0,0,0,0,0,,0,1,1,11,0,0,0,0,0,1,0.53280654642731,0,0.0,0.02,,,0,1.1,2.1
2002,REG,00-0019641,,Thomas Jones,RB,RB,,9,ARI,0,0,0,0,0,0,0,0,0,0,0,0,,0,,,138,511,2,3,2,21,-15.3847404149822,0,20,30,113,0,0,0,0,0,4,-8.91041205381295,0,0.0,0.102389078498294,,,0,70.4,90.4
2002,REG,00-0019642,,Plaxico Burress,WR,WR,,16,PIT,0,0,0,0,0,0,0,0,0,0,0,0,,0,,,0,0,0,0,0,0,,0,78,144,1325,7,2,1,0,0,64,28.3164663315564,1,0.0,0.264220183486239,,,0,174.5,252.5
2002,REG,00-0019643,,Ron Dayne,RB,RB,,16,NYG,0,0,0,0,0,0,0,0,0,0,0,0,,0,,,125,428,3,1,1,26,-17.1347172835261,0,11,12,49,0,0,0,0,0,1,-2.48712686018553,0,0.0,0.0390879478827362,,,0,63.7,74.7
2002,REG,00-0019644,,Bubba Franks,TE,TE,,16,GB,1,1,31,1,0,0,0,0,0,0,0,1,3.92756299162284,0,0.0,,0,0,0,0,0,0,,0,54,71,442,7,0,0,0,0,28,23.0387969404977,0,0.0,0.124343257443082,,,0,91.44,145.44
2002,REG,00-0019647,,Shaun Alexander,RB,RB,,16,SEA,0,0,0,0,0,0,0,0,0,0,0,0,,0,,,295,1175,16,2,1,61,-16.2956888076753,0,59,78,460,2,1,0,0,0,19,5.10192351111693,0,0.0,0.134948096885813,,,0,269.5,328.5
2002,REG,00-0019649,,Trung Canidate,RB,RB,,6,LA,0,0,0,0,0,0,0,0,0,0,0,0,,0,,,17,48,0,1,1,2,-7.18624050443759,0,4,6,31,0,0,0,0,0,2,-5.30251467114431,0,0.0,0.0384615384615385,,,0,5.9,9.9
2002,REG,00-0019650,,Dennis Northcutt,WR,WR,,12,CLE,0,0,0,0,0,0,0,0,0,0,0,0,,0,,,8,104,1,0,0,4,7.82628547528293,0,38,49,601,5,0,0,0,10,31,52.5950917841624,1,0.0,0.126943005181347,,,2,120.5,158.5
2002,REG,00-0019659,,Erron Kinney,TE,TE,,9,TEN,0,0,0,0,0,0,0,0,0,0,0,0,,0,,,0,0,0,0,0,0,,0,13,19,173,0,0,0,0,0,10,6.89671023184201,0,0.0,0.0650684931506849,,,0,17.3,30.3
2002,REG,00-0019660,,Dez White,WR,WR,,16,CHI,0,0,0,0,0,0,0,0,0,0,0,0,,0,,,3,11,0,0,0,1,-0.487387284054421,0,51,94,656,4,1,1,0,0,28,3.65223692557493,0,0.0,0.176360225140713,,,0,88.7,139.7
2002,REG,00-0019662,,Ron Dixon,WR,WR,,10,NYG,0,0,0,0,0,0,0,0,0,0,0,0,,0,,,0,0,0,0,0,0,,0,22,36,377,2,1,1,0,5,19,18.1014799498056,0,0.0,0.109422492401216,,,0,47.7,69.7
2002,REG,00-0019663,,Darrell Jackson,WR,WR,,13,SEA,0,0,0,0,0,0,0,0,0,0,0,0,,0,,,3,3,0,0,0,0,-1.56971639918629,0,62,112,877,4,2,2,0,0,37,10.5365931295436,0,0.0,0.239316239316239,,,0,108.0,170.0
2002,REG,00-0019670,,Trevor Gaylor,WR,WR,,11,ATL,0,0,0,0,0,0,0,0,0,0,0,0,,0,,,0,0,0,0,0,0,,0,25,54,385,3,0,0,0,0,21,13.4026133321505,0,0.0,0.16875,,,0,56.5,81.5
2002,REG,00-0019673,,Paul Smith,RB,RB,,4,SF,0,0,0,0,0,0,0,0,0,0,0,0,,0,,,18,90,0,0,0,6,0.689140683272854,0,5,8,33,0,0,0,0,0,1,-0.386643765465124,0,0.0,0.0571428571428571,,,0,12.3,17.3
2002,REG,00-0019693,,Jamal Lewis,RB,RB,,16,BAL,0,0,0,0,0,0,0,0,0,0,0,0,,0,,,308,1327,6,7,6,64,-28.2378252179976,0,47,60,442,1,1,1,0,0,14,10.7332453483283,0,0.0,0.127388535031847,,,0,204.9,251.9
2002,REG,00-0019703,,Jerry Porter,WR,WR,,16,LV,0,0,0,0,0,0,0,0,0,0,0,0,,0,,,4,6,0,0,0,0,-2.27225445234217,0,51,70,688,9,0,0,0,0,36,42.4019299658539,2,0.0,0.114942528735632,,,0,127.4,178.4
2002,REG,00-0019708,,Ron Dugans,WR,WR,,15,CIN,0,0,0,0,0,0,0,0,0,0,0,0,,0,,,0,0,0,0,0,0,,0,47,73,421,0,0,0,0,0,23,-12.6061889813514,0,0.0,0.13394495412844,,,0,42.1,89.1
2002,REG,00-0019709,,Chris Redman,QB,QB,,6,BAL,97,182,1034,7,3,11,68,4,2,0,0,49,-19.8369735151044,0,0.0,0.0347908043604439,10,8,0,1,0,2,-3.42516808584332,0,0,0,0,0,0,0,0,0,0,,0,,,,,0,60.16,60.16
2002,REG,00-0019712,,Doug Chapman,RB,RB,,5,MIN,0,0,0,0,0,0,0,0,0,0,0,0,,0,,,12,89,0,1,0,4,3.10637551906984,0,0,1,0,0,0,0,0,0,0,-0.899784483481199,0,,0.0357142857142857,,,0,8.9,8.9
2002,REG,00-0019721,,Travis Taylor,WR,WR,,16,BAL,0,0,0,0,0,0,0,0,0,0,0,0,,0,,,11,105,0,0,0,4,3.00883741906612,0,61,118,869,6,0,0,0,0,40,28.7193543208947,0,0.0,0.250530785562633,,,0,133.4,194.4
2002,REG,00-0019722,,J.R. Redmond,RB,RB,,3,NE,0,0,0,0,0,0,0,0,0,0,0,0,,0,,,4,2,0,0,0,0,-1.31115203502122,0,2,3,5,0,0,0,0,0,0,-1.66571571718669,0,0.0,0.0326086956521739,,,0,0.7,2.7
2002,REG,00-0019725,,Rafael Cooper,RB,RB,,4,DET,0,0,0,0,0,0,0,0,0,0,0,0,,0,,,12,57,0,0,0,4,-1.14936704561114,0,1,3,4,0,0,0,0,0,0,-9.01644666079665,0,0.0,0.0769230769230769,,,0,6.1,7.1
2002,REG,00-0019764,,Henry Burris,QB,QB,,6,CHI,18,51,207,3,5,4,20,3,2,0,0,9,-37.0426854238978,0,0.0,0.0330884082437854,15,104,0,1,0,8,4.4273003328708,0,0,0,0,0,0,0,0,0,0,,0,,,,,0,16.68,16.68
2002,REG,00-0019794,,Aveion Cason,RB,RB,,10,DET,0,0,0,0,0,0,0,0,0,0,0,0,,0,,,26,107,0,0,0,3,-0.806150544882441,0,19,32,288,2,0,0,0,0,8,5.15083246963332,0,0.0,0.0972644376899696,,,0,51.5,70.5
2002,REG,00-0019808,,Kenny Watson,RB,RB,,15,WAS,0,0,0,0,0,0,0,0,0,0,0,0,,0,,,116,534,1,0,0,32,6.70191097408357,0,32,43,253,1,0,0,0,0,6,-7.36794769263975,0,0.0,0.0940919037199125,,,0,90.7,122.7
2002,REG,00-0019826,,R.J. Bowers,RB,RB,,1,CLE,0,0,0,0,0,0,0,0,0,0,0,0,,0,,,0,0,0,0,0,0,,0,0,1,0,0,0,0,0,0,0,-0.976640965964179,0,,0.025,,,0,0.0,0.0
2002,REG,00-0019831,,Nick Goings,RB,RB,,13,CAR,0,0,0,0,0,0,0,0,0,0,0,0,,0,,,50,188,0,2,1,10,-16.9918948264365,1,18,29,91,0,0,0,0,0,3,-12.693690843549,0,0.0,0.100346020761246,,,0,27.9,45.9
2002,REG,00-0019889,,Elvis Joseph,RB,RB,,1,JAX,0,0,0,0,0,0,0,0,0,0,0,0,,0,,,0,0,0,0,0,0,,0,0,1,0,0,0,0,0,0,0,-0.345016781589948,0,,0.032258064516129,,,0,0.0,0.0
2002,REG,00-0019916,,Patrick Washington,FB,RB,,3,JAX,0,0,0,0,0,0,0,0,0,0,0,0,,0,,,0,0,0,0,0,0,,0,1,3,5,0,0,0,0,0,0,-1.44924687757157,0,0.0,0.05,,,0,0.5,1.5
2002,REG,00-0019976,,Drew Bennett,WR,WR,,15,TEN,0,0,0,0,0,0,0,0,0,0,0,0,,0,,,0,0,0,0,0,0,,0,33,64,478,2,0,0,0,0,25,19.3579267760891,0,0.0,0.135593220338983,,,0,59.8,92.8
2002,REG,00-0020018,,Arnold Jackson,WR,WR,,4,ARI,0,0,0,0,0,0,0,0,0,0,0,0,,0,,,0,0,0,0,0,0,,0,5,9,42,1,0,0,0,0,2,1.47696640712093,0,0.0,0.0661764705882353,,,0,10.2,15.2
2002,REG,00-0020021,,Nate Poole,WR,WR,,4,ARI,0,0,0,0,0,0,0,0,0,0,0,0,,0,,,0,0,0,0,0,0,,0,13,22,108,1,0,0,0,0,7,3.77229114758666,0,0.0,0.161764705882353,,,0,16.8,29.8
2002,REG,00-0020022,,Marcel Shipp,RB,RB,,14,ARI,0,0,0,0,0,0,0,0,0,0,0,0,,0,,,188,834,6,3,3,43,-16.4278367167089,0,38,49,413,3,1,1,0,0,13,11.6726746737013,0,0.0,0.11264367816092,,,0,170.7,208.7
2002,REG,00-0020062,,James Jordan,WR,WR,,2,SF,0,0,0,0,0,0,0,0,0,0,0,0,,0,,,0,0,0,0,0,0,,0,0,2,0,0,0,0,0,0,0,-2.44370363204507,0,,0.02,,,0,0.0,0.0
2002,REG,00-0020094,,Stephen Trejo,RB,RB,,2,DET,0,0,0,0,0,0,0,0,0,0,0,0,,0,,,1,0,0,0,0,0,-0.416559275705367,0,2,4,13,0,0,0,0,0,0,-0.844172792858444,0,0.0,0.0930232558139535,,,0,1.3,3.3
2002,REG,00-0020126,,Tory Woodbury,QB,QB,,1,NYJ,0,0,0,0,0,0,0,0,0,0,0,0,,0,,,0,0,0,0,0,0,,0,1,1,13,0,0,0,0,0,1,1.73818891355768,0,0.0,0.0263157894736842,,,0,1.3,2.3
2002,REG,00-0020159,,Derek Dorris,WR,WR,,2,NYG,0,0,0,0,0,0,0,0,0,0,0,0,,0,,,0,0,0,0,0,0,,0,0,2,0,0,0,0,0,0,0,-2.31730892942869,0,,0.0266666666666667,,,0,0.0,0.0
2002,REG,00-0020171,,Boo Williams,WR,WR,,12,NO,0,0,0,0,0,0,0,0,0,0,0,0,,0,,,0,0,0,0,0,0,,0,13,31,143,2,0,0,0,0,9,-5.34784828501656,1,0.0,0.0763546798029557,,,0,28.3,41.3
2002,REG,00-0020173,,James Fenderson,RB,RB,,7,NO,0,0,0,0,0,0,0,0,0,0,0,0,,0,,,13,65,1,0,0,2,-0.984365910865159,0,6,10,38,0,1,1,0,0,2,-4.19444191019284,0,0.0,0.105263157894737,,,0,14.3,20.3
2002,REG,00-0020187,,Marcellus Rivers,TE,TE,,3,NYG,0,0,0,0,0,0,0,0,0,0,0,0,,0,,,0,0,0,0,0,0,,0,2,2,25,1,0,0,0,0,1,3.41791914723581,1,0.0,0.0338983050847458,,,0,10.5,12.5
2002,REG,00-0020214,,Matt Allen,P,SPEC,,3,NYG,0,0,0,0,0,0,0,0,0,0,0,0,,0,,,3,23,0,1,0,1,-0.0592477398458868,0,0,0,0,0,0,0,0,0,0,,0,,,,,0,2.3,2.3
2002,REG,00-0020245,,Mike Vick,QB,QB,"https://static.www.nfl.com/image/private/f_auto,q_auto/league/hrg4riwhpjbijfovsjrk",15,ATL,231,421,2936,16,8,33,206,4,2,0,0,139,33.6157131600627,0,0.0,0.0977824153939014,113,777,8,5,4,45,23.5008844549672,0,0,0,0,0,0,0,0,0,0,,0,,,,,0,279.14,279.14
2002,REG,00-0020256,,Kevin Kasper,WR,WR,,4,ARI,0,0,0,0,0,0,0,0,0,0,0,0,,0,,,3,19,0,0,0,1,1.23607778653968,0,15,24,180,3,0,0,0,0,11,10.1180002256879,0,0.0,0.192,,,0,37.9,52.9
2002,REG,00-0020268,,Tony Stewart,TE,TE,,1,CIN,0,0,0,0,0,0,0,0,0,0,0,0,,0,,,0,0,0,0,0,0,,0,1,1,6,0,0,0,0,0,0,0.0728958363179117,0,0.0,0.024390243902439,,,0,0.6,1.6
2002,REG,00-0020272,,Snoop Minnis,WR,WR,,1,KC,0,0,0,0,0,0,0,0,0,0,0,0,,0,,,0,0,0,0,0,0,,0,1,4,4,0,0,0,0,0,0,-2.46455872157821,0,0.0,0.102564102564103,,,0,0.4,1.4
2002,REG,00-0020274,,Billy Baber,TE,TE,,3,KC,0,0,0,0,0,0,0,0,0,0,0,0,,0,,,0,0,0,0,0,0,,0,2,3,10,1,0,0,0,0,1,1.12958252156386,0,0.0,0.0340909090909091,,,0,7.0,9.0
2002,REG,00-0020285,,Alge Crumpler,TE,TE,,16,ATL,0,0,0,0,0,0,0,0,0,0,0,0,,0,,,0,0,0,0,0,0,,0,36,58,455,5,0,0,0,0,26,29.9009703214031,0,0.0,0.1280353200883,,,0,75.5,111.5
2002,REG,00-0020305,,A.J. Feeley,QB,QB,,6,PHI,86,154,1011,6,5,7,48,0,0,0,0,44,4.21871804644519,0,0.0,0.0427294451244645,12,6,0,2,1,0,-10.6890064360341,0,0,0,0,0,0,0,0,0,0,,0,,,,,0,53.04,53.04
2002,REG,00-0020308,,Mike McMahon,QB,QB,,8,DET,62,147,874,7,9,12,99,3,1,0,0,40,-31.437048470849,1,0.0,0.0282695370315848,14,96,3,1,0,7,8.10448735384853,0,1,1,7,0,0,0,0,0,1,0.960067509906366,0,0.0,0.0232558139534884,,,0,73.26,74.26
2002,REG,00-0020315,,Derrick Blaylock,RB,RB,,7,KC,0,0,0,0,0,0,0,0,0,0,0,0,,0,,,16,72,0,0,0,2,-2.40698294650065,0,5,10,47,0,0,0,0,0,2,-3.46324593003374,0,0.0,0.0826446280991736,,,0,11.9,16.9
2002,REG,00-0020327,,Jimmy Williams,DB,DB,,1,SF,0,0,0,0,0,0,0,0,0,0,0,0,,0,,,0,0,0,0,0,0,,0,0,0,0,0,0,0,0,0,0,,0,,,,,1,6.0,6.0
2002,REG,00-0020332,,David Martin,TE,TE,,6,GB,0,0,0,0,0,0,0,0,0,0,0,0,,0,,,0,0,0,0,0,0,,0,8,11,33,1,0,0,0,0,3,1.66539720432503,0,0.0,0.0502283105022831,,,0,9.3,17.3
2002,REG,00-0020337,,Steve Smith,WR,WR,"https://static.www.nfl.com/image/private/f_auto,q_auto/league/k23e0b8cto93he9rt0zc",15,CAR,0,0,0,0,0,0,0,0,0,0,0,0,,0,,,1,-4,0,0,0,0,-1.31207953300327,0,54,97,872,3,1,0,0,5,33,23.8137172866095,0,0.0,0.228235294117647,,,2,116.8,170.8
2002,REG,00-0020340,,Quentin McCord,WR,WR,,5,ATL,0,0,0,0,0,0,0,0,0,0,0,0,,0,,,0,0,0,0,0,0,,0,11,19,253,1,0,0,0,0,10,16.804728462211,0,0.0,0.115151515151515,,,0,31.3,42.3
2002,REG,00-0020342,,Brandon Manumaleuna,TE,TE,,8,LA,0,0,0,0,0,0,0,0,0,0,0,0,,0,,,0,0,0,0,0,0,,0,8,14,106,1,0,0,0,0,5,0.7901759512024,0,0.0,0.0434782608695652,,,0,16.6,24.6
2002,REG,00-0020345,,Mike Roberg,TE,TE,,3,IND,0,0,0,0,0,0,0,0,0,0,0,0,,0,,,0,0,0,0,0,0,,0,2,4,17,1,0,0,0,0,2,2.2351930293953,0,0.0,0.0303030303030303,,,0,7.7,9.7
2002,REG,00-0020361,,Alex Bannister,WR,WR,,1,SEA,0,0,0,0,0,0,0,0,0,0,0,0,,0,,,0,0,0,0,0,0,,0,0,1,0,0,0,0,0,0,0,-0.0461510226682753,0,,0.032258064516129,,,0,0.0,0.0
2002,REG,00-0020370,,Scotty Anderson,WR,WR,,15,DET,0,0,0,0,0,0,0,0,0,0,0,0,,0,,,0,0,0,0,0,0,,0,25,56,322,1,1,0,0,0,20,2.51614905327505,0,0.0,0.107074569789675,,,0,38.2,63.2
2002,REG,00-0020373,,Jabari Holloway,TE,TE,,6,HOU,0,0,0,0,0,0,0,0,0,0,0,0,,0,,,0,0,0,0,0,0,,0,7,10,73,0,0,0,0,0,2,3.13717587919278,0,0.0,0.0564971751412429,,,0,7.3,14.3
2002,REG,00-0020376,,Dee Brown,RB,RB,,12,CAR,0,1,0,0,1,0,0,0,0,0,0,0,-2.36876926966943,0,,,102,360,4,4,3,20,-20.1318666637987,0,17,33,86,1,0,0,0,0,5,-6.65632019943861,0,0.0,0.111111111111111,,,0,66.6,83.6
2002,REG,00-0020381,,Justin McCareins,WR,WR,,14,TEN,0,0,0,0,0,0,0,0,0,0,0,0,,0,,,2,18,0,0,0,1,0.664272135589272,0,19,48,301,2,0,0,0,0,12,-10.8577791757425,0,0.0,0.105960264900662,,,0,43.9,62.9
2002,REG,00-0020387,,Milton Wynn,WR,WR,,1,BAL,0,0,0,0,0,0,0,0,0,0,0,0,,0,,,0,0,0,0,0,0,,0,0,1,0,0,0,0,0,0,0,-0.810441985260695,0,,0.0384615384615385,,,0,0.0,0.0
2002,REG,00-0020391,,Jameel Cook,RB,RB,,5,TB,0,0,0,0,0,0,0,0,0,0,0,0,,0,,,0,0,0,0,0,0,,0,4,6,43,0,0,0,0,0,3,2.48461420903914,0,0.0,0.0359281437125749,,,0,4.3,8.3
2002,REG,00-0020397,,Chad Johnson,WR,WR,,16,CIN,0,0,0,0,0,0,0,0,0,0,0,0,,0,,,0,0,0,0,0,0,,0,69,137,1166,5,0,0,0,0,58,39.0506136874605,0,0.0,0.239929947460595,,,0,146.6,215.6
2002,REG,00-0020403,,Anthony Thomas,RB,RB,,12,CHI,0,0,0,0,0,0,0,0,0,0,0,0,,0,,,214,721,6,5,3,34,-36.9299519735737,0,24,41,163,0,0,0,0,0,4,-10.8588654107007,0,0.0,0.0976190476190476,,,0,118.4,142.4
2002,REG,00-0020404,,Quincy Carter,QB,QB,,7,DAL,125,221,1465,7,8,19,130,3,2,0,0,66,-10.824405551989,0,0.0,0.0340619999043973,27,91,0,2,1,6,-10.2310579482656,0,0,0,0,0,0,0,0,0,0,,0,,,,,0,73.7,73.7
2002,REG,00-0020405,,Marques Tuiasosopo,QB,QB,,1,LV,0,0,0,0,0,0,0,0,0,0,0,0,,0,,,2,-3,0,0,0,0,-2.11528978595743,0,0,0,0,0,0,0,0,0,0,,0,,,,,0,-0.3,-0.3
2002,REG,00-0020407,,Rudi Johnson,RB,RB,,4,CIN,0,0,0,0,0,0,0,0,0,0,0,0,,0,,,17,67,0,0,0,6,1.66513047454646,0,6,10,34,0,0,0,0,0,2,-2.16082473006099,0,0.0,0.0833333333333333,,,0,10.1,16.1
2002,REG,00-0020415,,Andre King,WR,WR,,3,CLE,0,0,0,0,0,0,0,0,0,0,0,0,,0,,,0,0,0,0,0,0,,0,5,6,41,0,0,0,0,0,2,-0.089054953312548,0,0.0,0.0576923076923077,,,0,4.1,9.1
2002,REG,00-0020425,,Ken-Yon Rambo,WR,WR,,13,DAL,0,0,0,0,0,0,0,0,0,0,0,0,,0,,,0,0,0,0,0,0,,0,14,33,211,0,0,0,0,0,9,-1.88534242666089,0,0.0,0.0901639344262295,,,0,21.1,35.1
2002,REG,00-0020427,,Quincy Morgan,WR,WR,,16,CLE,0,0,0,0,0,0,0,0,0,0,0,0,,0,,,3,7,0,0,0,1,-1.37453730450943,1,56,97,964,7,2,2,0,0,34,27.2468156262482,0,0.0,0.178966789667897,,,0,137.1,193.1
2002,REG,00-0020428,,Robert Ferguson,WR,WR,,11,GB,0,0,0,0,0,0,0,0,0,0,0,0,,0,,,0,0,0,0,0,0,,0,22,52,293,3,0,0,0,0,15,8.17843240270003,0,0.0,0.126520681265207,,,0,47.3,69.3
2002,REG,00-0020430,,James Jackson,RB,RB,,6,CLE,0,0,0,0,0,0,0,0,0,0,0,0,,0,,,12,54,0,0,0,2,-0.290907866321504,0,3,5,10,0,0,0,0,0,0,-3.59763491037302,0,0.0,0.0373134328358209,,,0,6.4,9.4
2002,REG,00-0020434,,Chris Weinke,QB,QB,,6,CAR,17,38,180,0,3,6,35,0,0,0,0,10,-24.5885087063037,0,0.0,0.0396221697785907,5,9,0,0,0,1,0.0144238184439018,0,0,0,0,0,0,0,0,0,0,,0,,,,,0,2.1,2.1
2002,REG,00-0020438,,T.J. Houshmandzadeh,WR,WR,,15,CIN,0,0,0,0,0,0,0,0,0,0,0,0,,0,,,0,0,0,0,0,0,,0,41,69,492,1,0,0,0,0,26,-0.16214159317677,0,0.0,0.125912408759124,,,0,55.2,96.2
2002,REG,00-0020446,,Chris Chambers,WR,WR,,15,MIA,0,0,0,0,0,0,0,0,0,0,0,0,,0,,,6,78,0,0,0,3,4.41965118737426,0,52,100,734,3,1,0,0,0,38,18.5874358336584,0,0.0,0.24390243902439,,,0,99.2,151.2
2002,REG,00-0020448,,Travis Minor,RB,RB,,10,MIA,0,0,0,0,0,0,0,0,0,0,0,0,,0,,,44,180,2,0,0,10,0.257542797159184,0,0,0,0,0,0,0,0,0,0,,0,,,,,0,30.0,30.0
2002,REG,00-0020452,,Cedrick Wilson,WR,WR,"https://static.www.nfl.com/image/private/f_auto,q_auto/league/r1vaoqltojlmfodlskwx",9,SF,0,0,0,0,0,0,0,0,0,0,0,0,,0,,,0,0,0,0,0,0,,0,15,22,166,1,0,0,0,0,12,15.1377611727089,0,0.0,0.0666666666666667,,,0,22.6,37.6
2002,REG,00-0020455,,Eric Johnson,TE,TE,,12,SF,0,0,0,0,0,0,0,0,0,0,0,0,,0,,,0,0,0,0,0,0,,0,36,65,321,0,0,0,0,0,12,-2.00373914476197,0,0.0,0.155502392344498,,,0,32.1,68.1
2002,REG,00-0020462,,LaMont Jordan,RB,RB,,13,NYJ,0,0,0,0,0,0,0,0,0,0,0,0,,0,,,84,316,3,4,1,17,-18.1966699359706,0,17,23,160,0,0,0,0,0,8,5.74036809712473,0,0.0,0.068452380952381,,,0,63.6,80.6
2002,REG,00-0020464,,Darnerien McCants,WR,WR,,8,WAS,0,0,0,0,0,0,0,0,0,0,0,0,,0,,,1,9,0,0,0,0,0.661976382369176,0,21,41,256,2,1,1,0,0,16,7.59749411255059,0,0.0,0.143356643356643,,,0,36.5,57.5
2002,REG,00-0020471,,Travis Henry,RB,RB,,16,BUF,0,0,0,0,0,0,0,0,0,0,0,0,,0,,,325,1438,13,11,8,72,-32.4369596538884,0,43,59,309,1,0,0,0,0,13,5.18864482915923,0,0.0,0.106690777576854,,,0,242.7,285.7
2002,REG,00-0020474,,Kevan Barlow,RB,RB,,14,SF,0,0,0,0,0,0,0,0,0,0,0,0,,0,,,145,675,4,1,1,34,2.12172995033325,0,14,21,136,1,1,0,0,0,7,3.07529659901907,0,0.0,0.0551181102362205,,,0,109.1,123.1
2002,REG,00-0020476,,Shad Meier,TE,TE,,2,TEN,0,0,0,0,0,0,0,0,0,0,0,0,,0,,,0,0,0,0,0,0,,0,1,4,17,1,0,0,0,0,1,0.472037903149612,0,0.0,0.0740740740740741,,,0,7.7,8.7
2002,REG,00-0020479,,George Layne,RB,RB,,2,ATL,0,0,0,0,0,0,0,0,0,0,0,0,,0,,,1,5,0,0,0,1,1.01790449529653,0,2,2,11,0,1,1,0,0,0,-3.35117398231523,0,0.0,0.0526315789473684,,,0,-0.4,1.6
2002,REG,00-0020480,,Sage Rosenfels,QB,QB,,2,MIA,0,3,0,0,0,0,0,0,0,0,0,0,-1.53456105099758,0,,,2,-9,0,0,0,0,-4.48757200996624,0,0,0,0,0,0,0,0,0,0,,0,,,,,0,-0.9,-0.9
2002,REG,00-0020482,,John Howell,DB,DB,,1,TB,0,0,0,0,0,0,0,0,0,0,0,0,,0,,,0,0,0,0,0,0,,0,0,1,0,0,0,0,0,0,0,-5.35417031752877,0,,0.0204081632653061,,,0,0.0,0.0
2002,REG,00-0020483,,Jesse Palmer,QB,QB,,1,NYG,3,4,30,0,0,0,0,0,0,0,0,2,3.48785892350134,0,0.0,,1,-3,0,0,0,0,-0.0408280349802226,0,0,0,0,0,0,0,0,0,0,,0,,,,,0,0.9,0.9
2002,REG,00-0020484,,Cedric James,WR,WR,,2,MIN,0,0,0,0,0,0,0,0,0,0,0,0,,0,,,0,0,0,0,0,0,,0,1,2,29,0,0,0,0,0,1,1.96565655438462,0,0.0,0.0392156862745098,,,0,2.9,3.9
2002,REG,00-0020485,,Eddie Berlin,WR,WR,,1,TEN,0,0,0,0,0,0,0,0,0,0,0,0,,0,,,0,0,0,0,0,0,,0,1,1,14,0,0,0,0,0,1,0.9894030438154,0,0.0,0.0238095238095238,,,0,1.4,2.4
2002,REG,00-0020490,,Koren Robinson,WR,WR,,16,SEA,0,0,0,0,0,0,0,0,0,0,0,0,,0,,,8,56,0,0,0,3,1.67202171729878,0,78,141,1240,5,2,0,0,0,58,45.2092070665149,0,0.0,0.243944636678201,,,0,159.6,237.6
2002,REG,00-0020494,,Santana Moss,WR,WR,,15,NYJ,0,0,0,0,0,0,0,0,0,0,0,0,,0,,,7,48,0,0,0,3,1.45357270375825,0,30,52,433,4,0,0,0,0,20,12.4639581988959,0,0.0,0.1256038647343,,,2,84.1,114.1
2002,REG,00-0020497,,Freddie Mitchell,WR,WR,,10,PHI,0,1,0,0,0,0,0,0,0,0,0,0,-0.347116444609128,0,,,0,0,0,0,0,0,,0,12,24,105,0,1,0,0,0,6,-3.71092493576332,0,0.0,0.0827586206896552,,,0,10.5,22.5
2002,REG,00-0020498,,Reggie Wayne,WR,WR,,15,IND,0,0,0,0,0,0,0,0,0,0,0,0,,0,,,0,0,0,0,0,0,,0,49,72,716,4,2,1,0,0,35,32.907664738186,0,0.0,0.129963898916968,,,0,93.6,142.6
2002,REG,00-0020507,,Heath Evans,FB,RB,,8,SEA,0,0,0,0,0,0,0,0,0,0,0,0,,0,,,17,53,0,1,1,4,-8.66139730106806,0,8,12,41,0,0,0,0,0,3,-0.532742854557,0,0.0,0.0459770114942529,,,0,7.4,15.4
2002,REG,00-0020513,,David Terrell,WR,WR,,5,CHI,0,0,0,0,0,0,0,0,0,0,0,0,,0,,,0,0,0,0,0,0,,0,9,10,127,3,0,0,0,0,7,14.7643799102238,0,0.0,0.0574712643678161,,,0,30.7,39.7
2002,REG,00-0020514,,Michael Bennett,RB,RB,,16,MIN,0,0,0,0,0,0,0,0,0,0,0,0,,0,,,255,1296,5,3,2,47,-0.717705322254915,0,37,41,351,1,1,1,0,0,16,14.7267088677618,0,0.0,0.0946882217090069,,,0,194.7,231.7
2002,REG,00-0020516,,Todd Heap,TE,TE,,16,BAL,0,1,0,0,0,0,0,0,0,0,0,0,-0.550762817729265,0,,,4,38,0,0,0,2,1.89608741307165,0,68,122,836,6,0,0,0,0,44,14.0460058696427,1,0.0,0.259023354564756,,,0,125.4,193.4
2002,REG,00-0020520,,Anthony Bright,WR,WR,,1,CAR,0,0,0,0,0,0,0,0,0,0,0,0,,0,,,0,0,0,0,0,0,,0,0,3,0,0,0,0,0,0,0,-0.943489294848405,0,,0.0909090909090909,,,0,0.0,0.0
2002,REG,00-0020525,,Rod Gardner,WR,WR,,16,WAS,0,1,0,0,0,0,0,0,0,0,0,0,-0.696719232713804,0,,,1,1,0,0,0,0,-0.375872584525496,0,71,141,1006,8,1,0,0,0,51,24.7055375127268,0,0.0,0.258241758241758,,,0,148.7,219.7
2002,REG,00-0020527,,Deuce McAllister,RB,RB,,15,NO,0,0,0,0,0,1,8,0,0,0,0,0,-1.81195411796216,0,,,325,1388,13,4,3,65,-11.1218060205049,0,47,74,352,3,0,0,0,0,15,-7.8692079637575,0,0.0,0.153846153846154,,,0,264.0,311.0
2002,REG,00-0020531,D.Brees,Drew Brees,QB,QB,"https://static.www.nfl.com/image/private/f_auto,q_auto/league/i20xlpzdmn7xubotijjd",16,LAC,320,526,3284,17,16,24,180,2,0,0,0,163,6.13557835290877,1,0.0,0.0638748822480399,38,130,1,0,0,10,5.95529616918532,0,0,0,0,0,0,0,0,0,0,,0,,,,,0,188.36,188.36
2002,REG,00-0020536,,LaDainian Tomlinson,RB,RB,,16,LAC,0,0,0,0,0,0,0,0,0,0,0,0,,0,,,372,1683,14,2,0,90,-1.24230867223481,0,79,101,489,1,1,1,0,0,20,-0.404226455777068,0,0.0,0.193486590038314,,,0,305.2,384.2
2002,REG,00-0020542,,Micah Ross,WR,WR,,3,JAX,0,0,0,0,0,0,0,0,0,0,0,0,,0,,,0,0,0,0,0,0,,0,0,5,0,0,0,0,0,0,0,-4.38462386664469,0,,0.0515463917525773,,,0,0.0,0.0
2002,REG,00-0020562,,Chad Hutchinson,QB,QB,,9,DAL,127,250,1555,7,8,34,265,12,8,0,0,63,-94.5604004071082,0,0.0,0.0285138421348843,18,74,0,0,0,3,-4.27092147944495,0,0,0,0,0,0,0,0,0,0,,0,,,,,0,65.6,65.6
2002,REG,00-0020564,,Delvin Joyce,RB,RB,,3,NYG,0,0,0,0,0,0,0,0,0,0,0,0,,0,,,2,2,0,0,0,0,-1.30606332235038,0,1,2,5,0,0,0,0,0,0,-0.28364823688753,0,0.0,0.0277777777777778,,,0,0.7,1.7
2002,REG,00-0020583,,Marc Boerigter,WR,WR,,11,KC,0,0,0,0,0,0,0,0,0,0,0,0,,0,,,0,0,0,0,0,0,,0,20,38,420,8,0,0,0,0,17,25.898077753487,0,0.0,0.121019108280255,,,0,90.0,110.0
2002,REG,00-0020608,,David Carr,QB,QB,,16,HOU,233,444,2592,9,15,76,411,8,3,0,0,117,-134.565270500282,2,0.0,0.0248723996181806,59,282,3,13,3,16,-8.95042870971525,0,0,0,0,0,0,0,0,0,0,,0,,,,,0,147.88,147.88
2002,REG,00-0020676,,Nick Davis,WR,WR,,1,MIN,0,0,0,0,0,0,0,0,0,0,0,0,,0,,,1,11,0,0,0,1,1.20073011401109,0,0,0,0,0,0,0,0,0,0,,0,,,,,0,1.1,1.1
2002,REG,00-0020692,,Eddie Drummond,WR,WR,,3,DET,0,0,0,0,0,0,0,0,0,0,0,0,,0,,,4,38,0,0,0,2,3.1310370657593,0,2,3,-3,0,0,0,0,0,0,-1.54680926632136,0,0.0,0.0252100840336134,,,1,9.5,11.5
2002,REG,00-0020700,,James Mungro,RB,RB,,9,IND,0,0,0,0,0,0,0,0,0,0,0,0,,0,,,97,336,8,2,2,22,-18.5102215423312,0,13,16,81,0,1,0,0,0,4,-0.925310522136632,0,0.0,0.0780487804878049,,,0,85.7,98.7
2002,REG,00-0020739,,Ricky Williams,RB,RB,,3,IND,0,0,0,0,0,0,0,0,0,0,0,0,,0,,,11,35,0,0,0,2,-1.8091659367783,0,1,2,20,1,0,0,0,0,1,2.96658907434903,0,0.0,0.0303030303030303,,,0,11.5,12.5
2002,REG,00-0020754,,Kelly Campbell,WR,WR,,6,MIN,0,0,0,0,0,0,0,0,0,0,0,0,,0,,,1,11,0,0,0,1,0.825709441676736,0,13,32,176,3,1,0,0,0,10,5.97594349481581,0,0.0,0.15609756097561,,,0,36.7,49.7
2002,REG,00-0020780,,Frisman Jackson,WR,WR,,1,CLE,0,1,0,0,0,0,0,0,0,0,0,0,-0.478748233057559,0,,,0,0,0,0,0,0,,0,1,1,6,0,0,0,0,0,1,1.20437196420971,0,0.0,0.0294117647058824,,,0,0.6,1.6
2002,REG,00-0020805,,Jason McKie,RB,RB,,1,DAL,0,0,0,0,0,0,0,0,0,0,0,0,,0,,,0,0,0,0,0,0,,0,1,1,7,0,0,0,0,0,0,0.149835070711561,0,0.0,0.05,,,0,0.7,1.7
2002,REG,00-0020820,,Jesse Chatman,RB,RB,,4,LAC,0,0,0,0,0,0,0,0,0,0,0,0,,0,,,6,19,0,0,0,1,-3.47185419616289,0,3,3,44,0,0,0,0,0,2,2.24407410161803,0,0.0,0.04,,,0,6.3,9.3
2002,REG,00-0020828,,Josh Norman,TE,TE,,9,LAC,0,0,0,0,0,0,0,0,0,0,0,0,,0,,,0,0,0,0,0,0,,0,16,25,201,1,0,0,0,0,10,8.22756158252014,0,0.0,0.0791139240506329,,,0,26.1,42.1
2002,REG,00-0020849,,Charles Stackhouse,RB,RB,,13,NYG,0,0,0,0,0,0,0,0,0,0,0,0,,0,,,0,0,0,0,0,0,,0,13,18,88,3,1,0,0,0,5,-1.85092342847233,0,0.0,0.0413793103448276,,,0,26.8,39.8
2002,REG,00-0020904,,Eric Parker,WR,WR,,6,LAC,0,0,0,0,0,0,0,0,0,0,0,0,,0,,,0,0,0,0,0,0,,0,17,30,268,1,0,0,0,0,13,13.4099876878026,0,0.0,0.122950819672131,,,0,32.8,49.8
2002,REG,00-0020917,,Joe Burns,RB,RB,,2,BUF,0,0,0,0,0,0,0,0,0,0,0,0,,0,,,5,7,0,0,0,0,-3.07938240788644,0,0,0,0,0,0,0,0,0,0,,0,,,,,0,0.7,0.7
2002,REG,00-0020964,,Tony Fisher,RB,RB,,10,GB,0,0,0,0,0,0,0,0,0,0,0,0,,0,,,70,283,2,1,0,15,-1.87406195678861,0,18,22,70,0,1,1,0,0,3,-6.61710301689262,0,0.0,0.0823970037453183,,,0,45.3,63.3
2002,REG,00-0020973,,Woody Dantzler,RB,RB,,1,DAL,0,0,0,0,0,0,0,0,0,0,0,0,,0,,,0,0,0,0,0,0,,0,0,0,0,0,0,0,0,0,0,,0,,,,,1,6.0,6.0
2002,REG,00-0020984,,Randy Hymes,WR,WR,,4,BAL,0,0,0,0,0,0,0,0,0,0,0,0,,0,,,0,0,0,0,0,0,,0,6,13,123,0,0,0,0,0,5,1.61198478157166,0,0.0,0.10655737704918,,,0,12.3,18.3
2002,REG,00-0021031,,John Simon,RB,RB,,9,TEN,0,0,0,0,0,0,0,0,0,0,0,0,,0,,,9,18,1,0,0,3,-0.983824556868058,0,16,17,167,3,0,0,0,0,7,14.3867407289217,0,0.0,0.0651340996168582,,,0,42.5,58.5
2002,REG,00-0021048,,Damien Anderson,RB,RB,,4,ARI,0,0,0,0,0,0,0,0,0,0,0,0,,0,,,24,65,0,0,0,3,-5.86607530922629,0,3,7,36,0,0,0,0,0,3,0.59134520724183,0,0.0,0.0588235294117647,,,0,10.1,13.1
2002,REG,00-0021063,,Jake Soliday,WR,WR,,3,ARI,0,0,0,0,0,0,0,0,0,0,0,0,,0,,,0,0,0,0,0,0,,0,4,8,39,0,0,0,0,0,2,1.2087886800291,0,0.0,0.0898876404494382,,,0,3.9,7.9
2002,REG,00-0021084,,Matt Schobel,TE,TE,,14,CIN,0,0,0,0,0,0,0,0,0,0,0,0,,0,,,0,0,0,0,0,0,,0,27,36,212,2,0,0,0,0,13,10.7165961971623,0,0.0,0.0724346076458753,,,0,33.2,60.2
2002,REG,00-0021087,,Omar Easy,RB,RB,,2,KC,0,0,0,0,0,0,0,0,0,0,0,0,,0,,,0,0,0,0,0,0,,0,3,5,23,1,0,0,0,0,2,0.508693029696588,0,0.0,0.0735294117647059,,,0,8.3,11.3
2002,REG,00-0021090,,Chris Luzar,TE,TE,,2,JAX,0,0,0,0,0,0,0,0,0,0,0,0,,0,,,0,0,0,0,0,0,,0,1,2,5,0,0,0,0,0,0,-0.535660934285261,0,0.0,0.0476190476190476,,,0,0.5,1.5
2002,REG,00-0021093,,Herb Haygood,WR,WR,,1,DEN,0,0,0,0,0,0,0,0,0,0,0,0,,0,,,0,0,0,0,0,0,,0,0,1,0,0,0,0,0,0,0,-1.23995053977706,0,,0.0256410256410256,,,0,0.0,0.0
2002,REG,00-0021094,,Jason McAddley,WR,WR,,9,ARI,0,0,0,0,0,0,0,0,0,0,0,0,,0,,,0,0,0,0,0,0,,0,25,69,362,1,0,0,0,0,18,-8.14476042346866,0,0.0,0.238754325259516,,,0,42.2,67.2
2002,REG,00-0021100,,Jeb Putzier,TE,TE,,1,DEN,0,0,0,0,0,0,0,0,0,0,0,0,,0,,,0,0,0,0,0,0,,0,0,1,0,0,0,0,0,0,0,-0.424711132305674,0,,0.0344827586206897,,,0,0.0,0.0
2002,REG,00-0021121,,Atnaf Harris,WR,WR,,1,HOU,0,0,0,0,0,0,0,0,0,0,0,0,,0,,,0,0,0,0,0,0,,0,1,2,8,0,0,0,0,0,0,-1.12597803259268,0,0.0,0.0526315789473684,,,0,0.8,1.8
2002,REG,00-0021141,,Joey Harrington,QB,QB,,14,DET,215,429,2294,12,16,8,75,1,1,0,0,110,-86.7795410867642,0,0.0,0.0239489209476109,7,4,0,1,0,0,-8.77101740959915,0,0,0,0,0,0,0,0,0,0,,0,,,,,0,106.16,106.16
2002,REG,00-0021144,,John Henderson,NT,DL,,1,JAX,0,0,0,0,0,0,0,0,0,0,0,0,,0,,,0,0,0,0,0,0,,0,0,1,0,0,0,0,0,0,0,-0.513649026630446,0,,0.0277777777777778,,,0,0.0,0.0
2002,REG,00-0021147,,Donte' Stallworth,WR,WR,,13,NO,0,0,0,0,0,0,0,0,0,0,0,0,,0,,,2,2,0,0,0,0,-0.793053019908257,0,42,69,594,8,0,0,0,0,26,30.7301234334444,0,0.0,0.156818181818182,,,0,107.6,149.6
2002,REG,00-0021148,,Jeremy Shockey,TE,TE,,15,NYG,0,0,0,0,0,0,0,0,0,0,0,0,,0,,,0,0,0,0,0,0,,0,74,127,894,2,3,2,0,0,49,2.27001520254915,0,0.0,0.249019607843137,,,0,97.4,171.4
2002,REG,00-0021150,,William Green,RB,RB,,16,CLE,0,0,0,0,0,0,0,0,0,0,0,0,,0,,,243,887,6,3,1,38,-31.032130701645,0,16,27,113,0,1,1,0,0,5,-8.31979080074234,0,0.0,0.0671641791044776,,,0,132.0,148.0
2002,REG,00-0021151,,Phillip Buchanon,DB,DB,,1,LV,0,0,0,0,0,0,0,0,0,0,0,0,,0,,,0,0,0,0,0,0,,0,0,0,0,0,0,0,0,0,0,,0,,,,,1,6.0,6.0
2002,REG,00-0021152,,Ashley Lelie,WR,WR,,15,DEN,0,0,0,0,0,0,0,0,0,0,0,0,,0,,,4,40,0,0,0,1,2.35504101839615,0,35,53,525,2,0,0,0,0,24,25.8416110203445,0,0.0,0.102912621359223,,,0,68.5,103.5
2002,REG,00-0021153,,Javon Walker,WR,WR,,14,GB,0,0,0,0,0,0,0,0,0,0,0,0,,0,,,1,11,0,0,0,1,0.631315330509096,0,23,50,319,1,1,1,0,0,14,-8.959452473622,0,0.0,0.0988142292490119,,,0,37.0,60.0
2002,REG,00-0021154,,Daniel Graham,TE,TE,,10,NE,0,0,0,0,0,0,0,0,0,0,0,0,,0,,,0,0,0,0,0,0,,0,15,23,150,1,0,0,0,0,7,4.99193252553232,0,0.0,0.0605263157894737,,,0,21.0,36.0
2002,REG,00-0021159,,Jerramy Stevens,TE,TE,,11,SEA,0,0,0,0,0,0,0,0,0,0,0,0,,0,,,0,0,0,0,0,0,,0,26,42,252,3,1,0,0,0,14,6.32035874519202,0,0.0,0.101449275362319,,,0,43.2,69.2
2002,REG,00-0021163,,Jabar Gaffney,WR,WR,,16,HOU,1,1,39,1,0,0,0,0,0,0,0,1,4.70969465980306,0,0.0,,0,0,0,0,0,0,,0,41,81,483,1,0,0,0,0,27,-5.84744306385983,1,0.0,0.192857142857143,,,0,61.86,102.86
2002,REG,00-0021166,,Josh Reed,WR,WR,,16,BUF,0,0,0,0,0,0,0,0,0,0,0,0,,0,,,0,0,0,0,0,0,,0,37,59,509,2,1,1,0,0,23,27.7407820207337,0,0.0,0.0980066445182724,,,0,60.9,97.9
2002,REG,00-0021174,,Tim Carter,WR,WR,,4,NYG,0,0,0,0,0,0,0,0,0,0,0,0,,0,,,3,28,0,0,0,1,2.85555577173363,0,2,3,37,0,0,0,0,0,2,3.19465156400111,0,0.0,0.0337078651685393,,,0,6.5,8.5
2002,REG,00-0021175,,Andre Davis,WR,WR,,16,CLE,0,0,0,0,0,0,0,0,0,0,0,0,,0,,,3,7,0,0,0,0,-0.656843786593527,0,37,72,420,6,0,0,0,0,25,4.377393649144,0,0.0,0.132841328413284,,,1,84.7,121.7
2002,REG,00-0021176,,Reche Caldwell,WR,WR,,12,LAC,1,1,20,0,0,0,0,0,0,0,0,1,1.22793028177693,0,0.0,,2,9,0,0,0,0,-0.511814626166597,0,22,43,208,3,1,1,0,0,14,-0.371089358191776,1,0.0,0.101654846335697,,,0,40.5,62.5
2002,REG,00-0021179,,Clinton Portis,RB,RB,,16,DEN,0,0,0,0,0,0,0,0,0,0,0,0,,0,,,273,1508,15,5,3,79,43.2061189706677,0,33,48,364,2,0,0,0,0,17,3.0834654691511,0,0.0,0.101479915433404,,,0,283.2,316.2
2002,REG,00-0021182,,Maurice Morris,RB,RB,,6,SEA,0,0,0,0,0,0,0,0,0,0,0,0,,0,,,32,153,0,0,0,6,-0.582447580294684,0,3,3,25,0,1,1,0,0,1,-6.04409432801185,0,0.0,0.0280373831775701,,,1,21.8,24.8
2002,REG,00-0021183,,Doug Jolley,TE,TE,,13,LV,0,0,0,0,0,0,0,0,0,0,0,0,,0,,,0,0,0,0,0,0,,0,32,37,409,2,0,0,0,0,20,26.9347596344305,0,0.0,0.0741482965931864,,,0,52.9,84.9
2002,REG,00-0021184,,Ladell Betts,RB,RB,,10,WAS,0,0,0,0,0,0,0,0,0,0,0,0,,0,,,65,307,1,1,0,13,-9.53274776558692,0,12,17,154,0,0,0,0,0,5,3.99071133468533,0,0.0,0.0594405594405594,,,0,52.1,64.1
2002,REG,00-0021190,,Antwaan Randle El,RB,RB,,16,PIT,7,8,45,0,0,1,10,0,0,0,0,3,-2.10742105304962,1,0.0,0.0969960714923394,19,134,0,0,0,10,5.69165822229115,0,47,65,489,2,1,1,0,0,22,8.00708028099563,0,0.0,0.119266055045872,,,1,82.1,129.1
2002,REG,00-0021191,,Antonio Bryant,WR,WR,,16,DAL,0,0,0,0,0,0,0,0,0,0,0,0,,0,,,6,40,0,1,1,1,-4.26012068311684,0,44,93,733,6,2,1,0,0,32,8.95063552132044,0,0.0,0.208053691275168,,,0,109.3,153.3
2002,REG,00-0021192,,Deion Branch,WR,WR,,13,NE,0,0,0,0,0,0,0,0,0,0,0,0,,0,,,2,0,0,0,0,1,-0.61360419401899,0,43,68,489,2,0,0,0,0,22,10.7515918720964,0,0.0,0.141666666666667,,,0,60.9,103.9
2002,REG,00-0021206,J.McCown,Josh McCown,QB,QB,"https://static.www.nfl.com/image/private/f_auto,q_auto/league/qcauc37wqjdaxdbq1evu",2,ARI,7,18,66,0,2,5,50,1,1,0,0,3,-21.584006430523,0,0.0,0.0391197962829512,1,20,0,0,0,1,1.33988864591811,0,0,0,0,0,0,0,0,0,0,,0,,,,,0,-1.36,-1.36
2002,REG,00-0021209,,Lamar Gordon,RB,RB,,11,LA,0,0,0,0,0,0,0,0,0,0,0,0,,0,,,65,228,1,2,2,11,-20.2128975524683,0,30,38,278,2,0,0,0,0,13,10.1450758591154,0,0.0,0.0920096852300242,,,0,64.6,94.6
2002,REG,00-0021213,,Chris Baker,TE,TE,,2,NYJ,0,0,0,0,0,0,0,0,0,0,0,0,,0,,,0,0,0,0,0,0,,0,2,3,14,0,0,0,0,0,1,-0.572126690822188,0,0.0,0.0422535211267606,,,0,1.4,3.4
2002,REG,00-0021216,,Brian Westbrook,RB,RB,,14,PHI,1,1,25,1,0,0,0,0,0,0,0,1,3.20135468349326,0,0.0,,46,193,0,1,1,11,-4.44004636989602,0,9,13,86,0,1,1,0,0,4,-2.89481328628644,0,0.0,0.0436241610738255,,,0,28.9,37.9
2002,REG,00-0021223,,Jonathan Wells,RB,RB,,16,HOU,0,0,0,0,0,0,0,0,0,0,0,0,,0,,,197,529,3,3,1,21,-56.1275248624259,0,9,12,48,0,0,0,0,0,0,-0.137762327678502,0,0.0,0.05,,,0,73.7,82.7
2002,REG,00-0021227,,Justin Peelle,TE,TE,,6,LAC,0,0,0,0,0,0,0,0,0,0,0,0,,0,,,0,0,0,0,0,0,,0,3,7,15,0,0,0,0,0,0,-3.5618787772255,0,0.0,0.0334928229665072,,,0,1.5,4.5
2002,REG,00-0021231,,David Garrard,QB,QB,,4,JAX,23,46,231,0,2,7,40,0,0,0,0,16,-17.6101412964638,0,0.0,0.0261261883152212,25,139,2,1,1,9,5.43024133724786,0,0,0,0,0,0,0,0,0,0,,0,,,,,0,29.14,29.14
2002,REG,00-0021235,,Dave Zastudil,P,SPEC,,2,BAL,0,1,0,0,0,0,0,0,0,0,0,0,-2.57511973381043,0,,,1,-12,0,0,0,0,-0.770471443654969,0,0,0,0,0,0,0,0,0,0,,0,,,,,0,-1.2,-1.2
2002,REG,00-0021236,,Randy McMichael,TE,TE,,16,MIA,0,0,0,0,0,0,0,0,0,0,0,0,,0,,,1,8,0,0,0,0,0.120397256861907,0,39,68,485,4,1,1,0,0,24,-1.19266489583695,0,0.0,0.153498871331828,,,0,71.3,110.3
2002,REG,00-0021238,,Rohan Davey,QB,QB,,2,NE,1,2,3,0,0,0,0,0,0,0,0,0,-0.857351742568426,0,0.0,,2,-4,0,0,0,0,0.0,0,0,0,0,0,0,0,0,0,0,,0,,,,,0,-0.28,-0.28
2002,REG,00-0021241,,Darnell Sanders,TE,TE,,5,CLE,0,0,0,0,0,0,0,0,0,0,0,0,,0,,,0,0,0,0,0,0,,0,3,5,23,1,0,0,0,0,2,0.405158862300487,0,0.0,0.0326797385620915,,,0,8.3,11.3
2002,REG,00-0021242,,Ron Johnson,WR,WR,,12,BAL,0,0,0,0,0,0,0,0,0,0,0,0,,0,,,0,0,0,0,0,0,,0,10,26,114,1,0,0,0,0,7,-5.83024359967776,0,0.0,0.0744985673352436,,,1,23.4,33.4
2002,REG,00-0021252,,Najeh Davenport,RB,RB,,6,GB,0,0,0,0,0,0,0,0,0,0,0,0,,0,,,39,184,1,1,1,8,-6.15671681658243,0,5,9,33,0,0,0,0,0,2,-6.89059610757977,0,0.0,0.0803571428571429,,,0,25.7,30.7
2002,REG,00-0021253,,Jarrod Baxter,RB,RB,,13,HOU,0,0,0,0,0,0,0,0,0,0,0,0,,0,,,7,14,0,0,0,2,-3.37097062601242,0,5,10,33,1,0,0,0,0,2,-1.76499791187234,0,0.0,0.0467289719626168,,,0,10.7,15.7
2002,REG,00-0021254,,Randy Fasani,QB,QB,,4,CAR,15,44,171,0,4,7,60,2,0,0,0,9,-27.9372690982755,0,0.0,0.0353238617464652,18,95,0,0,0,6,0.126975985322616,0,0,0,0,0,0,0,0,0,0,,0,,,,,0,8.34,8.34
2002,REG,00-0021255,,John Owens,TE,TE,,8,DET,0,0,0,0,0,0,0,0,0,0,0,0,,0,,,0,0,0,0,0,0,,0,5,15,49,0,0,0,0,0,3,-5.33347512369309,0,0.0,0.0528169014084507,,,0,4.9,9.9
2002,REG,00-0021268,,Terry Jones,TE,TE,,10,BAL,0,0,0,0,0,0,0,0,0,0,0,0,,0,,,0,0,0,0,0,0,,0,11,21,106,1,0,0,0,0,5,-2.51516503036002,0,0.0,0.0714285714285714,,,0,16.6,27.6
2002,REG,00-0021279,,Verron Haynes,FB,RB,,6,PIT,0,0,0,0,0,0,0,0,0,0,0,0,,0,,,10,51,0,0,0,2,1.62095591472462,0,3,7,10,0,0,0,0,0,0,-7.22919867824194,0,0.0,0.0503597122302158,,,0,6.1,9.1
2002,REG,00-0021282,,Ryan Hannam,TE,TE,,1,SEA,0,0,0,0,0,0,0,0,0,0,0,0,,0,,,0,0,0,0,0,0,,0,1,1,16,1,0,0,0,0,1,2.5352990658721,0,0.0,0.032258064516129,,,0,7.6,8.6
2002,REG,00-0021303,,Lamont Brightful,CB,DB,,1,BAL,0,0,0,0,0,0,0,0,0,0,0,0,,0,,,0,0,0,0,0,0,,0,0,0,0,0,0,0,0,0,0,,0,,,,,1,6.0,6.0
2002,REG,00-0021304,,John Gilmore,TE,TE,,5,CHI,0,0,0,0,0,0,0,0,0,0,0,0,,0,,,0,0,0,0,0,0,,0,10,14,130,0,0,0,0,0,7,3.75340438217972,0,0.0,0.0927152317880795,,,0,13.0,23.0
2002,REG,00-0021306,,Adrian Peterson,RB,RB,,4,CHI,0,0,0,0,0,0,0,0,0,0,0,0,,0,,,19,101,1,0,0,4,2.56346797847073,0,3,4,18,0,0,0,0,0,1,-0.240655589674134,0,0.0,0.0353982300884956,,,0,17.9,20.9
2002,REG,00-0021309,,Lee Mays,WR,WR,,1,PIT,0,0,0,0,0,0,0,0,0,0,0,0,,0,,,0,0,0,0,0,0,,0,0,2,0,0,0,0,0,0,0,-1.2820545816212,0,,0.0588235294117647,,,0,0.0,0.0
2002,REG,00-0021313,,Javin Hunter,WR,WR,,7,BAL,0,0,0,0,0,0,0,0,0,0,0,0,,0,,,1,9,0,1,0,0,0.868125366047025,0,5,11,35,0,1,0,0,0,0,-6.41216517449357,0,0.0,0.0518867924528302,,,0,4.4,9.4
2002,REG,00-0021314,,Chester Taylor,RB,RB,,15,BAL,0,0,0,0,0,0,0,0,0,0,0,0,,0,,,33,122,0,0,0,4,-0.588580041949172,1,14,22,129,2,0,0,0,0,8,3.78263747452689,0,0.0,0.0645161290322581,,,0,39.1,53.1
2002,REG,00-0021330,,Daryl Jones,WR,WR,,9,NYG,0,0,0,0,0,0,0,0,0,0,0,0,,0,,,1,4,0,0,0,0,0.0788949588313699,0,8,23,90,0,0,0,0,0,3,-8.28780577906613,0,0.0,0.073482428115016,,,0,9.4,17.4
2002,REG,00-0021345,,Chris Massey,LS,SPEC,,1,LA,0,0,0,0,0,0,0,0,0,0,0,0,,0,,,0,0,0,0,0,0,,0,0,1,0,0,0,0,0,0,0,-0.430795340857003,0,,0.0263157894736842,,,0,0.0,0.0
2002,REG,00-0021352,,Matt Murphy,TE,TE,,2,DET,0,0,0,0,0,0,0,0,0,0,0,0,,0,,,0,0,0,0,0,0,,0,1,4,8,0,0,0,0,0,1,-2.55710204388015,0,0.0,0.0597014925373134,,,0,0.8,1.8
2002,REG,00-0021353,,David Givens,WR,WR,,8,NE,0,0,0,0,0,0,0,0,0,0,0,0,,0,,,0,0,0,0,0,0,,0,9,15,92,1,1,0,0,0,4,2.6502502704658,0,0.0,0.0510204081632653,,,0,15.2,24.2
2002,REG,00-0021357,,Rock Cartwright,RB,RB,,7,WAS,0,0,0,0,0,0,0,0,0,0,0,0,,0,,,3,22,0,0,0,2,0.651969207043294,0,11,13,121,1,0,0,0,0,5,5.19090961420443,0,0.0,0.0726256983240224,,,0,20.3,31.3
2002,REG,00-0021376,,T.J. Duckett,RB,RB,,12,ATL,0,0,0,0,0,0,0,0,0,0,0,0,,0,,,130,507,4,0,0,28,-9.03375886141712,0,9,11,61,0,0,0,0,0,3,0.781505816965364,0,0.0,0.0597826086956522,,,0,80.8,89.8
2002,REG,00-0021377,,Ed Reed,FS,DB,,1,BAL,0,0,0,0,0,0,0,0,0,0,0,0,,0,,,0,0,0,0,0,0,,0,0,0,0,0,0,0,0,0,0,,0,,,,,1,6.0,6.0
2002,REG,00-0021379,,Patrick Ramsey,QB,QB,,9,WAS,117,227,1539,9,8,18,132,5,3,0,0,67,1.02258219818879,1,0.0,0.0502328619256452,13,-1,1,3,2,3,-17.3185004925472,0,0,0,0,0,0,0,0,0,0,,0,,,,,0,79.46,79.46
2002,REG,00-0021386,,Travis Stephens,RB,RB,,1,TB,0,0,0,0,0,0,0,0,0,0,0,0,,0,,,0,0,0,0,0,0,,0,1,1,6,0,0,0,0,0,0,0.269182030577213,0,0.0,0.0204081632653061,,,0,0.6,1.6
2002,POST,00-0000251,,Mike Alstott,FB,RB,,3,TB,0,0,0,0,0,0,0,0,0,0,0,0,,0,,,44,100,4,0,0,13,-1.18125454053845,0,8,14,70,0,0,0,0,0,4,0.298865092656342,0,0.0,0.142857142857143,,,0,41.0,49.0
2002,POST,00-0000339,,Richie Anderson,FB,RB,,2,NYJ,0,0,0,0,0,0,0,0,0,0,0,0,,0,,,3,14,0,0,0,0,0.0901545849628747,0,4,4,86,1,0,0,0,0,3,7.67657984234393,0,0.0,0.0555555555555556,,,0,16.0,20.0
2002,POST,00-0000598,,Karsten Bailey,WR,WR,,1,GB,0,0,0,0,0,0,0,0,0,0,0,0,,0,,,0,0,0,0,0,0,,0,1,3,11,0,0,0,0,0,0,-2.93603456194978,0,0.0,0.0714285714285714,,,0,1.1,2.1
2002,POST,00-0000745,,Tiki Barber,RB,RB,,1,NYG,0,0,0,0,0,0,0,0,0,0,0,0,,0,,,26,115,1,0,0,9,3.85674232784283,0,5,5,62,0,0,0,0,0,2,4.62151274865028,0,0.0,0.113636363636364,,,0,23.7,28.7
2002,POST,00-0000942,,Fred Beasley,RB,RB,,2,SF,0,0,0,0,0,0,0,0,0,0,0,0,,0,,,3,3,0,0,0,0,-3.88074987544678,0,4,4,23,0,0,0,0,0,1,-0.381182727403939,0,0.0,0.0476190476190476,,,0,2.6,6.6
2002,POST,00-0001215,,Jerome Bettis,RB,RB,,2,PIT,0,0,0,0,0,0,0,0,0,0,0,0,,0,,,4,4,0,0,0,0,-3.2546056570136,0,0,0,0,0,0,0,0,0,0,,0,,,,,0,0.4,0.4
2002,POST,00-0002058,,Tim Brown,WR,WR,,3,LV,0,0,0,0,0,0,0,0,0,0,0,0,,0,,,0,0,0,0,0,0,,0,13,21,134,0,1,1,0,0,7,-3.03220898717619,0,0.0,0.182608695652174,,,0,11.4,24.4
2002,POST,00-0002565,,Dan Campbell,TE,TE,,1,NYG,0,0,0,0,0,0,0,0,0,0,0,0,,0,,,0,0,0,0,0,0,,0,2,3,13,0,0,0,0,0,1,0.0205909386277199,0,0.0,0.0681818181818182,,,0,1.3,3.3
2002,POST,00-0002586,,Mark Campbell,TE,TE,,1,CLE,0,0,0,0,0,0,0,0,0,0,0,0,,0,,,0,0,0,0,0,0,,0,3,4,31,0,0,0,0,0,1,1.26984586764593,0,0.0,0.0952380952380952,,,0,3.1,6.1
2002,POST,00-0002962,,Wayne Chrebet,WR,WR,,2,NYJ,0,0,0,0,0,0,0,0,0,0,0,0,,0,,,0,0,0,0,0,0,,0,3,13,51,0,0,0,0,0,3,-6.02736237585625,0,0.0,0.180555555555556,,,0,5.1,8.1
2002,POST,00-0003292,,Kerry Collins,QB,QB,,1,NYG,29,43,342,4,1,2,15,0,0,0,0,16,18.8233296155556,0,0.0,0.183036731501067,0,0,0,0,0,0,,0,0,0,0,0,0,0,0,0,0,,0,,,,,0,27.68,27.68
2002,POST,00-0003663,,Zack Crockett,RB,RB,,3,LV,0,0,0,0,0,0,0,0,0,0,0,0,,0,,,5,20,2,0,0,2,3.52042157767573,0,0,0,0,0,0,0,0,0,0,,0,,,,,0,14.0,14.0
2002,POST,00-0004063,,Tyrone Davis,TE,TE,,1,GB,0,0,0,0,0,0,0,0,0,0,0,0,,0,,,0,0,0,0,0,0,,0,0,2,0,0,0,0,0,0,0,-2.4529484701925,0,,0.0476190476190476,,,0,0.0,0.0
2002,POST,00-0004294,,Ken Dilger,TE,TE,,3,TB,0,0,0,0,0,0,0,0,0,0,0,0,,0,,,0,0,0,0,0,0,,0,7,10,88,0,0,0,0,0,5,7.37287197750993,0,0.0,0.102040816326531,,,0,8.8,15.8
2002,POST,00-0004541,,Donald Driver,WR,WR,,1,GB,0,0,0,0,0,0,0,0,0,0,0,0,,0,,,0,0,0,0,0,0,,0,3,4,64,1,0,0,0,0,3,6.69960370485205,0,0.0,0.0952380952380952,,,0,12.4,15.4
2002,POST,00-0004574,,Rickey Dudley,TE,TE,,3,TB,0,0,0,0,0,0,0,0,0,0,0,0,,0,,,0,0,0,0,0,0,,0,2,5,19,1,0,0,0,0,1,1.16828031995101,0,0.0,0.0510204081632653,,,0,7.9,9.9
2002,POST,00-0004640,,Warrick Dunn,RB,RB,,2,ATL,0,0,0,0,0,0,0,0,0,0,0,0,,0,,,29,109,0,0,0,5,-5.78398047620431,0,10,12,96,0,0,0,0,0,5,4.84645727934549,0,0.0,0.2,,,0,20.5,30.5
2002,POST,00-0005106,,Brett Favre,QB,QB,,1,GB,20,42,247,1,2,2,14,1,1,0,0,12,-5.29945610630043,0,0.0,0.0257956385009144,2,-1,0,0,0,0,-4.7994174331543,0,0,0,0,0,0,0,0,0,0,,0,,,,,0,7.78,7.78
2002,POST,00-0005231,,Brian Finneran,WR,WR,,2,ATL,0,0,0,0,0,0,0,0,0,0,0,0,,0,,,0,0,0,0,0,0,,0,9,17,107,0,0,0,0,0,4,-0.918035416121473,0,0.0,0.283333333333333,,,0,10.7,19.7
2002,POST,00-0005562,,Antonio Freeman,WR,WR,,2,PHI,0,0,0,0,0,0,0,0,0,0,0,0,,0,,,0,0,0,0,0,0,,0,6,10,75,0,0,0,0,0,3,-9.19772656116726,0,0.0,0.126582278481013,,,0,7.5,13.5
2002,POST,00-0005620,,Chris Fuamatu-Ma'afala,RB,RB,,2,PIT,0,0,0,0,0,0,0,0,0,0,0,0,,0,,,2,4,1,0,0,1,1.59153187792981,0,3,6,25,0,0,0,0,0,2,-1.57582219794858,0,0.0,0.0681818181818182,,,0,8.9,11.9
2002,POST,00-0005741,,Rich Gannon,QB,QB,,3,LV,73,115,841,7,6,7,33,1,0,0,0,37,-0.9512286777009,0,0.0,0.0733993483490989,13,41,1,2,0,3,1.76302966050791,0,0,0,0,0,0,0,0,0,0,,0,,,,,0,59.74,59.74
2002,POST,00-0005755,,Jeff Garcia,QB,QB,,2,SF,49,85,524,3,4,4,27,3,1,0,0,26,-6.704479290065,2,0.0,0.0419097566275188,7,60,1,0,0,4,5.16306704393355,0,0,0,0,0,0,0,0,0,0,,0,,,,,0,38.96,38.96
2002,POST,00-0005779,,Charlie Garner,RB,RB,,3,LV,0,0,0,0,0,0,0,0,0,0,0,0,,0,,,35,139,0,1,0,9,-0.0354173658997752,0,17,29,132,1,0,0,0,0,3,0.585632358957901,0,0.0,0.252173913043478,,,0,33.1,50.1
2002,POST,00-0005883,,Eddie George,RB,RB,,2,TEN,0,0,0,0,0,0,0,0,0,0,0,0,,0,,,30,100,1,2,2,6,-10.8867023576749,0,1,4,9,0,0,0,0,0,0,-0.961528427200392,0,0.0,0.0506329113924051,,,0,12.9,13.9
2002,POST,00-0006043,,Terry Glenn,WR,WR,,1,GB,0,0,0,0,0,0,0,0,0,0,0,0,,0,,,0,0,0,0,0,0,,0,1,2,11,0,0,0,0,0,1,-1.29494834010256,0,0.0,0.0476190476190476,,,0,1.1,2.1
2002,POST,00-0006305,,Ahman Green,RB,RB,,1,GB,0,0,0,0,0,0,0,0,0,0,0,0,,0,,,11,34,0,0,0,3,-3.6190228118212,0,1,2,3,0,0,0,0,0,0,-0.965672454913147,0,0.0,0.0476190476190476,,,0,3.7,4.7
2002,POST,00-0007024,,Marvin Harrison,WR,WR,,1,IND,0,0,0,0,0,0,0,0,0,0,0,0,,0,,,0,0,0,0,0,0,,0,4,8,47,0,0,0,0,0,3,3.15773535810877,0,0.0,0.266666666666667,,,0,4.7,8.7
2002,POST,00-0007180,,Garrison Hearst,RB,RB,,2,SF,0,0,0,0,0,0,0,0,0,0,0,0,,0,,,16,70,0,0,0,2,-1.34654521761695,0,5,8,32,0,0,0,0,0,1,-0.546120754268486,0,0.0,0.0952380952380952,,,0,10.2,15.2
2002,POST,00-0007254,,William Henderson,FB,RB,,1,GB,0,0,0,0,0,0,0,0,0,0,0,0,,0,,,0,0,0,0,0,0,,0,1,2,6,0,0,0,0,0,0,-0.256583478534594,0,0.0,0.0476190476190476,,,0,0.6,1.6
2002,POST,00-0007308,,Craig Hentrich,P,SPEC,,1,TEN,0,0,0,0,0,0,0,0,0,0,0,0,,0,,,1,-6,0,0,0,0,-2.50206742546288,0,0,0,0,0,0,0,0,0,0,,0,,,,,0,-0.6,-0.6
2002,POST,00-0007576,,Kelly Holcomb,QB,QB,,1,CLE,26,43,429,3,1,1,5,0,0,0,0,18,23.9946610223908,0,0.0,0.235724184644133,2,3,0,0,0,0,-0.439223049383145,0,0,0,0,0,0,0,0,0,0,,0,,,,,0,27.46,27.46
2002,POST,00-0007579,,Robert Holcombe,FB,RB,,2,TEN,0,0,0,0,0,0,0,0,0,0,0,0,,0,,,20,41,0,1,1,3,-7.64726316608721,0,6,11,35,0,0,0,0,0,2,-1.65741376029493,0,0.0,0.139240506329114,,,0,5.6,11.6
2002,POST,00-0008241,,Edgerrin James,RB,RB,,1,IND,0,0,0,0,0,0,0,0,0,0,0,0,,0,,,9,14,0,0,0,0,-3.83579321519937,0,2,3,9,0,0,0,0,0,0,-0.458155198861856,0,0.0,0.1,,,0,2.3,4.3
2002,POST,00-0008313,,Shawn Jefferson,WR,WR,,2,ATL,0,0,0,0,0,0,0,0,0,0,0,0,,0,,,0,0,0,0,0,0,,0,1,4,10,1,0,0,0,0,1,-7.34378238394857,0,0.0,0.0666666666666667,,,0,7.0,8.0
2002,POST,00-0008442,,Brad Johnson,QB,QB,,3,TB,53,98,670,5,3,1,9,1,0,0,0,33,22.0651401437416,0,0.0,0.143229091199679,8,13,0,0,0,1,0.89935576095013,0,0,0,0,0,0,0,0,0,0,,0,,,,,0,42.1,42.1
2002,POST,00-0008560,,Kevin Johnson,WR,WR,,1,CLE,0,0,0,0,0,1,15,0,0,0,0,0,-2.44960146246012,0,,,0,0,0,0,0,0,,0,4,12,140,0,0,0,0,0,3,2.94523916667094,0,0.0,0.285714285714286,,,0,14.0,18.0
2002,POST,00-0008561,,Keyshawn Johnson,WR,WR,,3,TB,0,0,0,0,0,0,0,0,0,0,0,0,,0,,,0,0,0,0,0,0,,0,14,31,194,1,0,0,0,0,11,-0.948195389503334,0,0.0,0.316326530612245,,,0,25.4,39.4
2002,POST,00-0008612,,Rob Johnson,QB,QB,,1,TB,1,1,21,0,0,0,0,0,0,0,0,1,1.24365436920198,0,0.0,,1,7,0,0,0,0,-1.02492567237608,0,0,0,0,0,0,0,0,0,0,,0,,,,,0,1.54,1.54
2002,POST,00-0008962,,Joe Jurevicius,WR,WR,,3,TB,0,0,0,0,0,0,0,0,0,0,0,0,,0,,,0,0,0,0,0,0,,0,8,12,197,1,0,0,0,0,8,19.1592593643582,0,0.0,0.122448979591837,,,0,25.7,33.7
2002,POST,00-0009119,,Reggie Kelly,TE,TE,,2,ATL,0,0,0,0,0,0,0,0,0,0,0,0,,0,,,0,0,0,0,0,0,,0,4,5,33,0,0,0,0,0,1,1.41813943872694,0,0.0,0.0833333333333333,,,0,3.3,7.3
2002,POST,00-0009443,,Brian Kozlowski,TE,TE,,1,ATL,0,0,0,0,0,0,0,0,0,0,0,0,,0,,,0,0,0,0,0,0,,0,0,1,0,0,0,0,0,0,0,-0.465440200408921,0,,0.0277777777777778,,,0,0.0,0.0
2002,POST,00-0009829,,Dorsey Levens,RB,RB,,2,PHI,0,0,0,0,0,0,0,0,0,0,0,0,,0,,,4,0,0,0,0,0,-3.64227564143948,0,1,4,17,0,0,0,0,0,1,-0.697712711407803,0,0.0,0.0506329113924051,,,0,1.7,2.7
2002,POST,00-0009842,,Chad Lewis,TE,TE,,2,PHI,0,0,0,0,0,0,0,0,0,0,0,0,,0,,,0,0,0,0,0,0,,0,8,11,87,0,0,0,0,0,7,3.05696688056923,0,0.0,0.139240506329114,,,0,8.7,16.7
2002,POST,00-0010261,,Tommy Maddox,QB,QB,,2,PIT,51,89,633,5,3,4,33,0,0,0,0,36,9.89187843313512,0,0.0,0.100279219583593,2,7,0,0,0,0,0.0749457459314726,0,0,0,0,0,0,0,0,0,0,,0,,,,,0,40.02,40.02
2002,POST,00-0010346,,Peyton Manning,QB,QB,"https://static.www.nfl.com/image/private/f_auto,q_auto/league/xpcd6auodk3w0vda6jal",1,IND,14,31,137,0,2,1,13,0,0,0,0,8,-8.80395531869239,0,0.0,0.0288747333309578,1,2,0,0,0,0,-0.340021533891559,0,0,0,0,0,0,0,0,0,0,,0,,,,,0,1.68,1.68
2002,POST,00-0010436,,Cecil Martin,RB,RB,,2,PHI,0,0,0,0,0,0,0,0,0,0,0,0,,0,,,0,0,0,0,0,0,,0,3,3,22,0,0,0,0,0,1,0.488735296064988,0,0.0,0.0379746835443038,,,0,2.2,5.2
2002,POST,00-0010442,,Curtis Martin,RB,RB,,2,NYJ,0,0,0,0,0,0,0,0,0,0,0,0,,0,,,31,141,0,0,0,6,-1.45667444100026,0,5,6,43,0,0,0,0,0,3,3.21295305996318,0,0.0,0.0833333333333333,,,0,18.4,23.4
2002,POST,00-0010500,,Derrick Mason,WR,WR,,2,TEN,0,0,0,0,0,0,0,0,0,0,0,0,,0,,,2,20,0,0,0,1,0.429442788270535,0,10,16,88,0,0,0,0,0,5,-1.26235856409824,0,0.0,0.20253164556962,,,0,10.8,20.8
2002,POST,00-0010539,,Terance Mathis,WR,WR,,2,PIT,0,0,0,0,0,0,0,0,0,0,0,0,,0,,,0,0,0,0,0,0,,0,6,12,80,0,0,0,0,0,5,4.51323225745,0,0.0,0.136363636363636,,,0,8.0,14.0
2002,POST,00-0010668,,Keenan McCardell,WR,WR,,3,TB,0,0,0,0,0,0,0,0,0,0,0,0,,0,,,0,0,0,0,0,0,,0,7,13,50,2,0,0,0,0,3,-0.184346897417586,0,0.0,0.13265306122449,,,0,17.0,24.0
2002,POST,00-0011022,,Donovan McNabb,QB,QB,,2,PHI,46,79,490,1,1,4,31,3,2,0,0,25,-20.6572295785795,0,0.0,0.0240811876798609,7,41,0,0,0,2,0.613467830540881,0,0,0,0,0,0,0,0,0,0,,0,,,,,0,21.7,21.7
2002,POST,00-0011024,,Steve McNair,QB,QB,,2,TEN,48,80,532,3,2,3,27,0,0,0,0,29,11.3861722003996,0,0.0,0.160812129376644,13,82,3,0,0,10,14.7932243411778,0,0,0,0,0,0,0,0,0,0,,0,,,,,0,55.48,55.48
2002,POST,00-0012261,,Neil O'Donnell,QB,QB,,1,TEN,0,1,0,0,0,0,0,0,0,0,0,0,-0.410731443669647,0,,,0,0,0,0,0,0,,0,0,0,0,0,0,0,0,0,0,,0,,,,,0,0.0,0.0
2002,POST,00-0012478,,Terrell Owens,WR,WR,,2,SF,1,1,25,0,0,0,0,0,0,0,0,1,1.71405742532806,0,0.0,,0,0,0,0,0,0,,0,13,21,212,2,0,0,0,0,11,4.78169555258721,2,0.0,0.25,,,0,38.2,51.2
2002,POST,00-0013013,,Michael Pittman,RB,RB,"https://static.www.nfl.com/image/private/f_auto,q_auto/league/xt52pieoe86wnuy0imar",3,TB,0,0,0,0,0,0,0,0,0,0,0,0,,0,,,54,182,0,1,1,6,-11.5785680961853,0,6,11,63,0,0,0,0,0,1,-1.40854032737796,0,0.0,0.112244897959184,,,0,22.5,28.5
2002,POST,00-0013080,,Marcus Pollard,TE,TE,,1,IND,0,0,0,0,0,0,0,0,0,0,0,0,,0,,,0,0,0,0,0,0,,0,1,5,16,0,0,0,0,0,1,-5.35935189953307,0,0.0,0.166666666666667,,,0,1.6,2.6
2002,POST,00-0013639,,Jerry Rice,WR,WR,,3,LV,0,0,0,0,0,0,0,0,0,0,0,0,,0,,,0,0,0,0,0,0,,0,14,20,203,2,1,0,0,0,11,6.08040239152615,0,0.0,0.173913043478261,,,0,32.3,46.3
2002,POST,00-0013773,,Jon Ritchie,FB,RB,,3,LV,0,0,0,0,0,0,0,0,0,0,0,0,,0,,,0,0,0,0,0,0,,0,3,4,35,0,0,0,0,0,2,1.64247794623952,0,0.0,0.0347826086956522,,,0,3.5,6.5
2002,POST,00-0015420,,Jerald Sowell,FB,RB,,2,NYJ,0,0,0,0,0,0,0,0,0,0,0,0,,0,,,1,2,0,0,0,0,0.0889786985935643,0,2,3,3,1,0,0,0,0,1,0.970757022849284,0,0.0,0.0416666666666667,,,0,6.5,8.5
2002,POST,00-0015523,,Duce Staley,RB,RB,,2,PHI,0,0,0,0,0,0,0,0,0,0,0,0,,0,,,31,121,1,1,0,4,-1.61657544085756,0,11,16,65,0,0,0,0,0,3,-1.13190423464403,0,0.0,0.20253164556962,,,0,24.6,35.6
2002,POST,00-0015601,,Aaron Stecker,RB,RB,,3,TB,0,0,0,0,0,0,0,0,0,0,0,0,,0,,,4,18,0,0,0,0,-0.107200265745632,0,1,1,3,0,0,0,0,0,1,-0.0451838974840939,0,0.0,0.0303030303030303,,,0,2.1,3.1
2002,POST,00-0015751,,J.J. Stokes,WR,WR,,2,SF,0,0,0,0,0,0,0,0,0,0,0,0,,0,,,0,0,0,0,0,0,,0,5,13,34,0,0,0,0,0,2,-5.7761947885922,0,0.0,0.154761904761905,,,0,3.4,8.4
2002,POST,00-0015811,,Tai Streets,WR,WR,,2,SF,0,0,0,0,0,0,0,0,0,0,0,0,,0,,,0,0,0,0,0,0,,0,10,18,120,1,0,0,0,0,7,5.86807765654521,0,0.0,0.214285714285714,,,0,18.0,28.0
2002,POST,00-0015959,,Kevin Swayne,WR,WR,,1,NYJ,0,0,0,0,0,0,0,0,0,0,0,0,,0,,,0,0,0,0,0,0,,0,1,4,12,0,0,0,0,0,1,-3.6776748020784,0,0.0,0.0851063829787234,,,0,1.2,2.2
2002,POST,00-0016193,,Vinny Testaverde,QB,QB,,1,NYJ,0,0,0,0,0,0,0,0,0,0,0,0,,0,,,2,-2,0,0,0,0,0.0,0,0,0,0,0,0,0,0,0,0,,0,,,,,0,-0.2,-0.2
2002,POST,00-0016440,,James Thrash,WR,WR,,2,PHI,0,0,0,0,0,0,0,0,0,0,0,0,,0,,,2,4,0,0,0,1,-0.362078058533371,0,6,8,100,1,0,0,0,0,4,7.94184214540292,0,0.0,0.10126582278481,,,0,16.4,22.4
2002,POST,00-0016550,,Amani Toomer,WR,WR,,1,NYG,0,0,0,0,0,0,0,0,0,0,0,0,,0,,,0,0,0,0,0,0,,0,8,11,136,3,1,0,0,0,6,17.8855137237115,0,0.0,0.25,,,0,31.6,39.6
2002,POST,00-0016677,,Jerame Tuman,TE,TE,,2,PIT,0,0,0,0,0,0,0,0,0,0,0,0,,0,,,0,0,0,0,0,0,,0,3,5,18,1,0,0,0,0,2,1.00543215614744,1,0.0,0.0568181818181818,,,0,9.8,12.8
2002,POST,00-0016683,,Tom Tupa,P,SPEC,,1,TB,0,0,0,0,0,0,0,0,0,0,0,0,,0,,,1,0,0,1,0,0,-3.05197390454123,0,0,0,0,0,0,0,0,0,0,,0,,,,,0,0.0,0.0
2002,POST,00-0016782,,Artie Ulmer,LB,LB,,1,ATL,0,0,0,0,0,0,0,0,0,0,0,0,,0,,,0,0,0,0,0,0,,0,0,0,0,0,0,0,0,0,0,,0,,,,,1,6.0,6.0
2002,POST,00-0017162,,Hines Ward,WR,WR,,2,PIT,0,0,0,0,0,0,0,0,0,0,0,0,,1,,,3,5,0,0,0,1,-0.0179092774633318,0,18,27,186,3,0,0,0,0,11,4.0141903507465,0,0.0,0.306818181818182,,,0,39.1,57.1
2002,POST,00-0017486,,Tyrone Wheatley,RB,RB,,3,LV,0,0,0,0,0,0,0,0,0,0,0,0,,0,,,5,35,0,0,0,1,0.687818005797453,0,1,1,7,0,0,0,0,0,1,0.317295712418854,0,0.0,0.0227272727272727,,,0,4.2,5.2
2002,POST,00-0017847,,Karl Williams,WR,WR,,1,TB,0,0,0,0,0,0,0,0,0,0,0,0,,0,,,0,0,0,0,0,0,,0,1,1,7,0,0,0,0,0,0,0.224657217040658,0,0.0,0.0303030303030303,,,0,0.7,1.7
2002,POST,00-0018343,,Frank Wycheck,TE,TE,,2,TEN,0,0,0,0,0,0,0,0,0,0,0,0,,0,,,0,0,0,0,0,0,,0,14,20,164,1,0,0,0,0,9,10.0278092427179,0,0.0,0.253164556962025,,,0,22.4,36.4
2002,POST,00-0018501,,Amos Zereoue,RB,RB,,2,PIT,0,0,0,0,0,0,0,0,0,0,0,0,,0,,,27,122,1,0,0,4,-0.218177476373967,0,2,3,10,0,0,0,0,0,0,-0.319057015236467,0,0.0,0.0731707317073171,,,0,19.2,21.2
2002,POST,00-0018958,,Laveranues Coles,WR,WR,,2,NYJ,0,0,0,0,0,0,0,0,0,0,0,0,,0,,,1,-1,0,0,0,0,-0.960530957207084,0,8,14,66,0,0,0,0,0,6,2.62067036904904,0,0.0,0.194444444444444,,,0,6.5,14.5
2002,POST,00-0018981,,Marcus Knight,WR,WR,,2,LV,0,0,0,0,0,0,0,0,0,0,0,0,,0,,,0,0,0,0,0,0,,0,0,4,0,0,0,0,0,0,0,-16.2522722777212,0,,0.0540540540540541,,,0,0.0,0.0
2002,POST,00-0018982,,Eric Johnson,LB,LB,,1,LV,0,0,0,0,0,0,0,0,0,0,0,0,,0,,,0,0,0,0,0,0,,0,0,0,0,0,0,0,0,0,0,,0,,,,,1,6.0,6.0
2002,POST,00-0019057,,Jamel White,RB,RB,,1,CLE,0,0,0,0,0,0,0,0,0,0,0,0,,0,,,0,0,0,0,0,0,,0,5,6,45,0,0,0,0,0,3,3.64785010391482,0,0.0,0.142857142857143,,,0,4.5,9.5
2002,POST,00-0019087,,Doug Johnson,QB,QB,,1,ATL,1,1,14,0,0,0,0,0,0,0,0,0,0.941174432635307,0,0.0,,0,0,0,0,0,0,,0,0,0,0,0,0,0,0,0,0,,0,,,,,0,0.56,0.56
2002,POST,00-0019135,,Dan Kreider,FB,RB,,1,PIT,0,0,0,0,0,0,0,0,0,0,0,0,,0,,,0,0,0,0,0,0,,0,2,2,14,0,0,0,0,0,0,-0.652632390998914,0,0.0,0.0487804878048781,,,0,1.4,3.4
2002,POST,00-0019457,,Anthony Becht,TE,TE,,2,NYJ,0,0,0,0,0,0,0,0,0,0,0,0,,0,,,0,0,0,0,0,0,,0,4,7,22,0,0,0,0,0,0,0.835565394547302,0,0.0,0.0972222222222222,,,0,2.2,6.2
2002,POST,00-0019552,,Troy Walters,WR,WR,,1,IND,0,0,0,0,0,0,0,0,0,0,0,0,,0,,,0,0,0,0,0,0,,0,1,4,17,0,0,0,0,0,1,-4.29177785501815,0,0.0,0.133333333333333,,,0,1.7,2.7
2002,POST,00-0019559,,Chad Pennington,QB,QB,,2,NYJ,40,72,405,4,2,6,22,1,1,0,0,26,4.43483341966977,0,0.0,0.0513845755227086,3,6,0,1,1,1,-4.46235783095472,0,0,0,0,0,0,0,0,0,0,,0,,,,,0,24.8,24.8
2002,POST,00-0019590,,Chad Morton,RB,RB,,1,NYJ,0,0,0,0,0,0,0,0,0,0,0,0,,0,,,1,3,0,0,0,0,-0.160947424126789,0,0,0,0,0,0,0,0,0,0,,0,,,,,0,0.3,0.3
2002,POST,00-0019606,,Todd Pinkston,WR,WR,,2,PHI,0,0,0,0,0,0,0,0,0,0,0,0,,0,,,0,0,0,0,0,0,,0,8,18,99,0,0,0,0,0,5,-5.96375028543579,0,0.0,0.227848101265823,,,0,9.9,17.9
2002,POST,00-0019642,,Plaxico Burress,WR,WR,,2,PIT,0,0,0,0,0,0,0,0,0,0,0,0,,0,,,0,0,0,0,0,0,,0,8,17,162,1,0,0,0,0,8,3.20792128385637,1,0.0,0.193181818181818,,,0,24.2,32.2
2002,POST,00-0019643,,Ron Dayne,RB,RB,,1,NYG,0,0,0,0,0,0,0,0,0,0,0,0,,0,,,3,4,0,0,0,0,-1.15589635423385,0,0,1,0,0,0,0,0,0,0,-4.13952045096085,0,,0.0227272727272727,,,0,0.4,0.4
2002,POST,00-0019644,,Bubba Franks,TE,TE,,1,GB,0,0,0,0,0,0,0,0,0,0,0,0,,0,,,0,0,0,0,0,0,,0,2,5,20,0,0,0,0,0,1,-0.57390400453005,0,0.0,0.119047619047619,,,0,2.0,4.0
2002,POST,00-0019650,,Dennis Northcutt,WR,WR,,1,CLE,0,0,0,0,0,0,0,0,0,0,0,0,,0,,,1,5,0,0,0,0,0.493507538281847,0,6,8,92,2,0,0,0,0,6,10.223946549464,0,0.0,0.19047619047619,,,0,21.7,27.7
2002,POST,00-0019659,,Erron Kinney,TE,TE,,2,TEN,0,0,0,0,0,0,0,0,0,0,0,0,,0,,,0,0,0,0,0,0,,0,4,6,35,1,0,0,0,0,3,1.37718367180787,0,0.0,0.0759493670886076,,,0,9.5,13.5
2002,POST,00-0019662,,Ron Dixon,WR,WR,,1,NYG,0,0,0,0,0,0,0,0,0,0,0,0,,0,,,0,0,0,0,0,0,,0,5,6,52,0,0,0,0,0,4,2.90169629111188,0,0.0,0.136363636363636,,,0,5.2,10.2
2002,POST,00-0019670,,Trevor Gaylor,WR,WR,,2,ATL,0,0,0,0,0,0,0,0,0,0,0,0,,0,,,0,0,0,0,0,0,,0,4,5,35,0,1,0,0,0,3,1.18962376538548,0,0.0,0.0833333333333333,,,0,3.5,7.5
2002,POST,00-0019703,,Jerry Porter,WR,WR,,3,LV,0,0,0,0,0,0,0,0,0,0,0,0,,0,,,0,0,0,0,0,0,,0,14,22,237,3,0,0,0,0,9,9.83449502278522,0,0.0,0.191304347826087,,,0,41.7,55.7
2002,POST,00-0019976,,Drew Bennett,WR,WR,,2,TEN,0,0,0,0,0,0,0,0,0,0,0,0,,0,,,0,0,0,0,0,0,,0,10,14,143,1,0,0,0,0,7,9.81035745248664,0,0.0,0.177215189873418,,,0,20.3,30.3
2002,POST,00-0020002,,Tam Hopkins,T,OL,,1,NYG,0,0,0,0,0,0,0,0,0,0,0,0,,0,,,0,0,0,0,0,0,,0,0,1,0,0,0,0,0,0,0,-2.12308522197418,0,,0.0227272727272727,,,0,0.0,0.0
2002,POST,00-0020214,,Matt Allen,P,SPEC,,1,NYG,0,1,0,0,0,0,0,0,0,0,0,0,-2.12308522197418,0,,,0,0,0,0,0,0,,0,0,0,0,0,0,0,0,0,0,,0,,,,,0,0.0,0.0
2002,POST,00-0020245,,Mike Vick,QB,QB,"https://static.www.nfl.com/image/private/f_auto,q_auto/league/hrg4riwhpjbijfovsjrk",2,ATL,35,63,391,1,2,3,27,0,0,0,0,21,-2.30896050003563,0,0.0,0.0542110232075713,16,94,0,1,0,6,4.02441651744107,0,0,0,0,0,0,0,0,0,0,,0,,,,,0,25.04,25.04
2002,POST,00-0020285,,Alge Crumpler,TE,TE,,2,ATL,0,0,0,0,0,0,0,0,0,0,0,0,,0,,,0,0,0,0,0,0,,0,5,9,75,0,0,0,0,4,4,4.7663188075022,0,0.0,0.15,,,0,7.5,12.5
2002,POST,00-0020332,,David Martin,TE,TE,,1,GB,0,0,0,0,0,0,0,0,0,0,0,0,,0,,,0,0,0,0,0,0,,0,0,1,0,0,0,0,0,0,0,-0.72183426306583,0,,0.0238095238095238,,,0,0.0,0.0
2002,POST,00-0020340,,Quentin McCord,WR,WR,,2,ATL,0,0,0,0,0,0,0,0,0,0,0,0,,0,,,4,32,0,0,0,1,1.66914882976562,0,2,5,31,0,0,0,0,0,2,2.25698177389172,0,0.0,0.0833333333333333,,,0,6.3,8.3
2002,POST,00-0020381,,Justin McCareins,WR,WR,,2,TEN,0,0,0,0,0,0,0,0,0,0,0,0,,0,,,0,0,0,0,0,0,,0,2,4,53,0,0,0,0,0,2,2.86049697402632,0,0.0,0.0506329113924051,,,0,5.3,7.3
2002,POST,00-0020415,,Andre King,WR,WR,,1,CLE,0,0,0,0,0,0,0,0,0,0,0,0,,0,,,0,0,0,0,0,0,,0,1,1,16,0,0,0,0,0,1,-0.41278463776689,0,0.0,0.0238095238095238,,,0,1.6,2.6
2002,POST,00-0020427,,Quincy Morgan,WR,WR,,1,CLE,0,0,0,0,0,0,0,0,0,0,0,0,,0,,,0,0,0,0,0,0,,0,2,4,30,0,0,0,0,0,2,2.02676745294593,0,0.0,0.0952380952380952,,,0,3.0,5.0
2002,POST,00-0020428,,Robert Ferguson,WR,WR,,1,GB,0,0,0,0,0,0,0,0,0,0,0,0,,0,,,0,0,0,0,0,0,,0,3,9,17,0,0,0,0,0,1,-3.85529382765239,0,0.0,0.214285714285714,,,0,1.7,4.7
2002,POST,00-0020452,,Cedrick Wilson,WR,WR,"https://static.www.nfl.com/image/private/f_auto,q_auto/league/r1vaoqltojlmfodlskwx",2,SF,0,0,0,0,0,0,0,0,0,0,0,0,,0,,,0,0,0,0,0,0,,0,2,2,40,0,0,0,0,0,2,2.72125465871068,0,0.0,0.0238095238095238,,,0,4.0,6.0
2002,POST,00-0020455,,Eric Johnson,TE,TE,,2,SF,0,0,0,0,0,0,0,0,0,0,0,0,,0,,,0,0,0,0,0,0,,0,10,16,85,0,0,0,0,0,2,-1.22558893804671,0,0.0,0.19047619047619,,,0,8.5,18.5
2002,POST,00-0020462,,LaMont Jordan,RB,RB,,2,NYJ,0,0,0,0,0,0,0,0,0,0,0,0,,0,,,22,105,2,0,0,9,6.7725883932435,0,1,1,9,0,0,0,0,0,1,0.902405375847593,0,0.0,0.04,,,0,23.4,24.4
2002,POST,00-0020474,,Kevan Barlow,RB,RB,,2,SF,0,0,0,0,0,0,0,0,0,0,0,0,,0,,,7,19,1,0,0,2,0.117017298878636,0,1,2,3,0,0,0,0,0,1,0.938964839675464,0,0.0,0.0238095238095238,,,0,8.2,9.2
2002,POST,00-0020479,,George Layne,RB,RB,,1,ATL,0,0,0,0,0,0,0,0,0,0,0,0,,0,,,0,0,0,0,0,0,,0,0,1,0,0,0,0,0,0,0,-0.707474243594334,0,,0.0416666666666667,,,0,0.0,0.0
2002,POST,00-0020485,,Eddie Berlin,WR,WR,,1,TEN,0,0,0,0,0,0,0,0,0,0,0,0,,0,,,0,0,0,0,0,0,,0,1,3,5,0,0,0,0,0,1,-1.09403018723242,0,0.0,0.0833333333333333,,,0,0.5,1.5
2002,POST,00-0020494,,Santana Moss,WR,WR,,2,NYJ,0,0,0,0,0,0,0,0,0,0,0,0,,0,,,2,32,0,1,0,1,1.38541392353363,0,9,17,87,1,0,0,0,0,5,0.607451067946386,0,0.0,0.236111111111111,,,0,17.9,26.9
2002,POST,00-0020497,,Freddie Mitchell,WR,WR,,1,PHI,0,0,0,0,0,0,0,0,0,0,0,0,,0,,,0,0,0,0,0,0,,0,0,1,0,0,0,0,0,0,0,-0.672928901389241,0,,0.0204081632653061,,,0,0.0,0.0
2002,POST,00-0020498,,Reggie Wayne,WR,WR,,1,IND,0,0,0,0,0,0,0,0,0,0,0,0,,0,,,0,0,0,0,0,0,,0,3,6,17,0,0,0,0,0,1,-1.68092940282077,0,0.0,0.2,,,0,1.7,4.7
2002,POST,00-0020700,,James Mungro,RB,RB,,1,IND,0,0,0,0,0,0,0,0,0,0,0,0,,0,,,4,36,0,0,0,2,2.3726243635756,0,3,4,31,0,0,0,0,0,2,0.0641526920662727,0,0.0,0.133333333333333,,,0,6.7,9.7
2002,POST,00-0020849,,Charles Stackhouse,RB,RB,,1,NYG,0,0,0,0,0,0,0,0,0,0,0,0,,0,,,0,0,0,0,0,0,,0,2,2,11,0,0,0,0,0,0,0.322884802008048,0,0.0,0.0454545454545455,,,0,1.1,3.1
2002,POST,00-0020964,,Tony Fisher,RB,RB,,1,GB,0,0,0,0,0,0,0,0,0,0,0,0,,0,,,6,23,0,0,0,1,0.337580076069571,0,3,3,11,0,0,0,0,0,1,-0.427631003665738,0,0.0,0.0714285714285714,,,0,3.4,6.4
2002,POST,00-0021031,,John Simon,RB,RB,,1,TEN,0,0,0,0,0,0,0,0,0,0,0,0,,0,,,0,0,0,0,0,0,,0,0,1,0,0,0,0,0,0,0,-1.17695964174345,0,,0.0232558139534884,,,0,0.0,0.0
2002,POST,00-0021148,,Jeremy Shockey,TE,TE,,1,NYG,0,0,0,0,0,0,0,0,0,0,0,0,,0,,,0,0,0,0,0,0,,0,7,14,68,1,0,0,0,0,3,0.243524483612132,0,0.0,0.318181818181818,,,0,12.8,19.8
2002,POST,00-0021150,,William Green,RB,RB,,1,CLE,0,0,0,0,0,0,0,0,0,0,0,0,,0,,,25,30,1,0,0,2,-13.3466455963207,0,2,2,8,0,0,0,0,0,0,0.179917059373111,0,0.0,0.0476190476190476,,,0,9.8,11.8
2002,POST,00-0021153,,Javon Walker,WR,WR,,1,GB,0,0,0,0,0,0,0,0,0,0,0,0,,0,,,0,0,0,0,0,0,,0,5,9,104,0,0,0,0,0,5,6.34928705906258,0,0.0,0.214285714285714,,,0,10.4,15.4
2002,POST,00-0021175,,Andre Davis,WR,WR,,1,CLE,0,0,0,0,0,0,0,0,0,0,0,0,,0,,,0,0,0,0,0,0,,0,2,4,65,1,0,0,0,0,2,5.97213861817727,0,0.0,0.0952380952380952,,,0,12.5,14.5
2002,POST,00-0021183,,Doug Jolley,TE,TE,,3,LV,0,0,0,0,0,0,0,0,0,0,0,0,,0,,,0,0,0,0,0,0,,0,11,14,93,1,0,0,0,0,4,3.50283200576087,0,0.0,0.121739130434783,,,0,15.3,26.3
2002,POST,00-0021190,,Antwaan Randle El,RB,RB,,2,PIT,0,1,0,0,0,0,0,0,0,0,0,0,-1.20785687537864,1,,,2,14,0,0,0,1,0.397898882161826,0,9,16,138,0,0,0,0,0,8,4.6712661323254,0,0.0,0.181818181818182,,,1,23.2,32.2
2002,POST,00-0021213,,Chris Baker,TE,TE,,2,NYJ,0,0,0,0,0,0,0,0,0,0,0,0,,0,,,0,0,0,0,0,0,,0,3,3,26,1,0,0,0,0,3,3.82513056567404,0,0.0,0.0416666666666667,,,0,8.6,11.6
2002,POST,00-0021216,,Brian Westbrook,RB,RB,,2,PHI,0,0,0,0,0,0,0,0,0,0,0,0,,0,,,3,5,0,0,0,1,-0.496113937231712,0,3,8,25,0,0,0,0,0,1,-2.23654401837848,0,0.0,0.10126582278481,,,0,3.0,6.0
2002,POST,00-0021241,,Darnell Sanders,TE,TE,,1,CLE,0,0,0,0,0,0,0,0,0,0,0,0,,0,,,0,0,0,0,0,0,,0,1,1,2,0,0,0,0,0,0,-0.513309335394297,0,0.0,0.0238095238095238,,,0,0.2,1.2
2002,POST,00-0021330,,Daryl Jones,WR,WR,,1,NYG,0,0,0,0,0,0,0,0,0,0,0,0,,0,,,0,0,0,0,0,0,,0,0,1,0,0,0,0,0,0,0,-0.692790439818054,0,,0.0227272727272727,,,0,0.0,0.0
2002,POST,00-0021376,,T.J. Duckett,RB,RB,,2,ATL,0,0,0,0,0,0,0,0,0,0,0,0,,0,,,19,50,1,1,0,5,-2.05137910397025,0,1,1,18,0,0,0,0,0,1,2.00140921073034,0,0.0,0.0277777777777778,,,0,12.8,13.8
2002,REG+POST,00-0000108,,David Akers,K,SPEC,,1,PHI,0,0,0,0,0,0,0,0,0,0,0,0,,0,,,1,10,0,0,0,1,2.61475074623013,0,0,0,0,0,0,0,0,0,0,,0,,,,,0,1.0,1.0
2002,REG+POST,00-0000145,,Derrick Alexander,WR,WR,,8,MIN,0,0,0,0,0,0,0,0,0,0,0,0,,0,,,0,0,0,0,0,0,,0,14,39,134,1,0,0,0,0,7,-12.9407311832183,0,0.0,0.137323943661972,,,0,19.4,33.4
2002,REG+POST,00-0000166,,Stephen Alexander,TE,TE,,14,LAC,0,0,0,0,0,0,0,0,0,0,0,0,,0,,,0,0,0,0,0,0,,0,45,76,510,1,1,0,0,0,25,-8.73970969743413,0,0.0,0.166301969365427,,,0,57.0,102.0
2002,REG+POST,00-0000210,,James Allen,RB,RB,,16,HOU,1,2,5,1,0,0,0,0,0,0,0,1,1.21995836787391,0,0.0,,155,519,0,1,1,20,-35.2735511169942,0,47,57,302,0,0,0,0,0,11,-7.47220492832529,1,0.0,0.135714285714286,,,0,86.3,133.3
2002,REG+POST,00-0000242,,John Allred,TE,TE,,1,PIT,0,0,0,0,0,0,0,0,0,0,0,0,,0,,,0,0,0,0,0,0,,0,0,1,0,0,0,0,0,0,0,-0.497706723748706,0,,0.0232558139534884,,,0,0.0,0.0
2002,REG+POST,00-0000251,,Mike Alstott,FB,RB,,19,TB,0,0,0,0,0,0,0,0,0,0,0,0,,0,,,190,648,9,2,1,50,-17.5941074833868,0,43,62,312,2,2,1,0,0,15,-3.65564278564064,0,0.0,0.100649350649351,,,0,158.0,201.0
2002,REG+POST,00-0000339,,Richie Anderson,FB,RB,,18,NYJ,0,1,0,0,0,0,0,0,0,0,0,0,-0.38253058900591,0,,,8,41,0,0,0,1,0.181193505763076,0,49,60,343,2,0,0,0,0,12,-4.08387177430755,0,0.0,0.108695652173913,,,0,50.4,99.4
2002,REG+POST,00-0000585,,Champ Bailey,CB,DB,,1,WAS,0,0,0,0,0,0,0,0,0,0,0,0,,0,,,1,4,0,1,1,0,-3.9446562344674,0,0,0,0,0,0,0,0,0,0,,0,,,,,0,-1.6,-1.6
2002,REG+POST,00-0000598,,Karsten Bailey,WR,WR,,3,GB,0,0,0,0,0,0,0,0,0,0,0,0,,0,,,0,0,0,0,0,0,,0,4,9,37,0,0,0,0,0,2,-6.49177270595907,0,0.0,0.0743801652892562,,,0,3.7,7.7
2002,REG+POST,00-0000745,,Tiki Barber,RB,RB,,17,NYG,0,0,0,0,0,0,0,0,0,0,0,0,,0,,,330,1502,12,5,5,76,-33.0106651558739,0,74,100,659,0,4,1,0,0,25,0.717984269517842,0,0.0,0.170940170940171,,,0,276.1,350.1
2002,REG+POST,00-0000765,,Reggie Barlow,WR,WR,,2,TB,0,0,0,0,0,0,0,0,0,0,0,0,,0,,,0,0,0,0,0,0,,0,3,5,23,0,0,0,0,0,2,0.845924770226702,0,0.0,0.0793650793650794,,,0,2.3,5.3
2002,REG+POST,00-0000849,,Mike Bartrum,LS,SPEC,,2,PHI,0,0,0,0,0,0,0,0,0,0,0,0,,0,,,0,0,0,0,0,0,,0,1,2,8,0,0,0,0,0,0,-0.018094536033459,0,0.0,0.0266666666666667,,,0,0.8,1.8
2002,REG+POST,00-0000869,,D'Wayne Bates,WR,WR,,14,MIN,0,0,0,0,0,0,0,0,0,0,0,0,,0,,,0,0,0,0,0,0,,0,50,80,689,4,1,0,0,0,34,43.6537728605081,0,0.0,0.163265306122449,,,0,92.9,142.9
2002,REG+POST,00-0000883,,Marco Battaglia,TE,TE,,1,TB,0,0,0,0,0,0,0,0,0,0,0,0,,0,,,0,0,0,0,0,0,,0,0,1,0,0,0,0,0,0,0,-1.41073889377028,0,,0.032258064516129,,,0,0.0,0.0
2002,REG+POST,00-0000911,,Fred Baxter,TE,TE,,5,CHI,0,0,0,0,0,0,0,0,0,0,0,0,,0,,,0,0,0,0,0,0,,0,5,8,51,0,0,0,0,0,3,1.76288548886077,0,0.0,0.0516129032258065,,,0,5.1,10.1
2002,REG+POST,00-0000942,,Fred Beasley,RB,RB,,17,SF,0,0,0,0,0,0,0,0,0,0,0,0,,0,,,29,78,0,0,0,15,2.01674516194754,0,26,36,175,1,0,0,0,0,9,5.25436354171846,0,0.0,0.0586319218241042,,,0,31.3,57.3
2002,REG+POST,00-0001098,,Brandon Bennett,RB,RB,,10,CIN,0,0,0,0,0,0,0,0,0,0,0,0,,0,,,33,155,0,0,0,10,-1.67251995654078,0,18,25,109,0,1,0,0,0,3,-11.0096202843176,0,0.0,0.0739644970414201,,,1,32.4,50.4
2002,REG+POST,00-0001112,,Sean Bennett,RB,RB,,5,NYG,0,0,0,0,0,0,0,0,0,0,0,0,,0,,,0,0,0,0,0,0,,0,5,6,37,0,0,0,0,0,2,1.92909487197176,0,0.0,0.0352941176470588,,,0,3.7,8.7
2002,REG+POST,00-0001215,,Jerome Bettis,RB,RB,,14,PIT,0,0,0,0,0,0,0,0,0,0,0,0,,0,,,191,670,9,1,1,42,-7.84213786926532,0,7,9,57,0,0,0,0,0,3,2.78003198374063,0,0.0,0.036144578313253,,,0,124.7,131.7
2002,REG+POST,00-0001218,,Steve Beuerlein,QB,QB,,5,DEN,68,117,925,6,5,12,78,3,1,0,0,43,4.45946441837255,0,0.0,0.0676473049100358,5,9,1,1,0,1,-0.0607943327631801,0,0,0,0,0,0,0,0,0,0,,0,,,,,0,55.9,55.9
2002,REG+POST,00-0001335,,Jeff Blake,QB,QB,,10,BAL,165,295,2084,13,11,30,203,5,3,0,0,96,-9.41125286429057,1,0.0,0.0437183825541435,39,106,1,3,1,9,-4.87099969678093,0,0,0,0,0,0,0,0,0,0,,0,,,,,0,123.96,123.96
2002,REG+POST,00-0001361,,Drew Bledsoe,QB,QB,,16,BUF,375,610,4359,24,15,54,369,9,4,0,0,218,58.7083653462451,0,0.0,0.0927820751000163,27,67,2,2,0,10,5.04334867183934,0,0,0,0,0,0,0,0,0,0,,0,,,,,0,251.06,251.06
2002,REG+POST,00-0001388,,Dre' Bly,DB,DB,,1,LA,0,0,0,0,0,0,0,0,0,0,0,0,,0,,,0,0,0,0,0,0,,0,0,0,0,0,0,0,0,0,0,,0,,,,,1,6.0,6.0
2002,REG+POST,00-0001477,,Marty Booker,WR,WR,,16,CHI,1,5,44,1,0,0,0,0,0,0,0,1,1.91251869223197,0,0.0,0.181352906755943,0,0,0,0,0,0,,0,97,167,1189,6,0,0,0,14,54,17.8046183492785,0,0.0,0.313320825515947,,,0,160.66,257.66
2002,REG+POST,00-0001532,,David Boston,WR,WR,,8,ARI,0,0,0,0,0,0,0,0,0,0,0,0,,0,,,2,29,0,0,0,1,2.50402008905076,0,32,75,512,1,0,0,0,0,28,6.16273826238975,0,0.0,0.280898876404494,,,0,60.1,92.1
2002,REG+POST,00-0001545,,Todd Bouman,QB,QB,,1,MIN,3,6,85,0,0,2,22,2,1,0,0,2,-2.5102824595524,0,0.0,0.0249927220846943,1,9,0,0,0,1,0.728836842172314,0,0,0,0,0,0,0,0,0,0,,0,,,,,0,2.3,2.3
2002,REG+POST,00-0001627,,Corey Bradford,WR,WR,,16,HOU,0,0,0,0,0,0,0,0,0,0,0,0,,0,,,2,-11,0,0,0,0,-2.02579657477327,0,45,106,697,6,0,0,0,0,24,-14.9153677827118,0,0.0,0.252380952380952,,,0,104.6,149.6
2002,REG+POST,00-0001661,,Kyle Brady,TE,TE,,16,JAX,0,0,0,0,0,0,0,0,0,0,0,0,,0,,,0,0,0,0,0,0,,0,43,67,461,4,0,0,0,0,26,-33.2610079857407,0,0.0,0.153669724770642,,,0,70.1,113.1
2002,REG+POST,00-0001823,,Aaron Brooks,QB,QB,,16,NO,283,528,3572,27,15,36,236,8,5,0,0,165,9.16176872390001,2,0.0,0.0698195695969193,62,253,2,3,0,21,-1.18128980709719,2,0,0,0,0,0,0,0,0,0,,0,,,,,0,256.18,256.18
2002,REG+POST,00-0001940,,Gilbert Brown,NT,DL,,1,GB,0,0,0,0,0,0,0,0,0,0,0,0,,0,,,0,0,0,0,0,0,,0,0,1,0,0,0,0,0,0,0,-0.255011079716496,0,,0.0232558139534884,,,0,0.0,0.0
2002,REG+POST,00-0002041,,Ruben Brown,G,OL,,1,BUF,0,0,0,0,0,0,0,0,0,0,0,0,,0,,,0,0,0,0,0,0,,0,1,1,-6,0,0,0,0,0,0,-0.981421675300226,0,0.0,0.02,,,0,-0.6,0.4
2002,REG+POST,00-0002058,,Tim Brown,WR,WR,,19,LV,0,0,0,0,0,0,0,0,0,0,0,0,,0,,,6,19,0,0,0,0,-1.08202469465323,0,94,148,1064,2,1,1,0,0,55,35.0406641233348,0,0.0,0.204419889502762,,,0,118.3,212.3
2002,REG+POST,00-0002068,,Troy Brown,WR,WR,,14,NE,0,0,0,0,0,0,0,0,0,0,0,0,,0,,,3,14,0,0,0,1,-1.47508588660952,0,97,141,890,3,2,1,0,0,48,20.9054711527617,1,0.0,0.274853801169591,,,0,108.4,205.4
2002,REG+POST,00-0002099,,Isaac Bruce,WR,WR,,16,LA,0,0,0,0,0,0,0,0,0,0,0,0,,0,,,3,18,0,0,0,2,0.656233991024334,0,79,130,1075,7,2,2,0,0,50,17.0479192807976,0,0.0,0.210355987055016,,,0,147.3,226.3
2002,REG+POST,00-0002102,,Mark Bruener,TE,TE,,10,PIT,0,0,0,0,0,0,0,0,0,0,0,0,,0,,,0,0,0,0,0,0,,0,13,18,66,1,0,0,0,0,4,0.274022402038099,0,0.0,0.0517241379310345,,,0,12.6,25.6
2002,REG+POST,00-0002110,,Mark Brunell,QB,QB,,15,JAX,245,415,2788,10,7,34,210,3,1,0,0,140,-87.1821295789815,2,0.0,0.028080480583687,43,207,0,2,1,11,-0.604571174189914,0,0,0,0,0,0,0,0,0,0,,0,,,,,0,158.22,158.22
2002,REG+POST,00-0002159,,Shawn Bryson,RB,RB,,2,BUF,0,0,0,0,0,0,0,0,0,0,0,0,,0,,,13,35,0,1,0,2,-3.96715637538,0,1,3,9,0,0,0,0,0,1,-0.815728255081922,0,0.0,0.0833333333333333,,,0,4.4,5.4
2002,REG+POST,00-0002380,,Steve Bush,RB,RB,,12,ARI,0,0,0,0,0,0,0,0,0,0,0,0,,0,,,0,0,0,0,0,0,,0,19,27,121,1,0,0,0,0,5,1.29742815362988,0,0.0,0.0692307692307692,,,0,18.1,37.1
2002,REG+POST,00-0002469,,Isaac Byrd,WR,WR,,10,CAR,0,0,0,0,0,0,0,0,0,0,0,0,,0,,,1,0,0,0,0,0,-0.439926635473967,0,14,31,164,1,0,0,0,0,8,-5.40216500737006,0,0.0,0.104026845637584,,,0,22.4,36.4
2002,REG+POST,00-0002565,,Dan Campbell,TE,TE,,15,NYG,0,0,0,0,0,0,0,0,0,0,0,0,,0,,,0,0,0,0,0,0,,0,24,34,188,1,0,0,0,0,11,6.87215054567787,0,0.0,0.0660194174757282,,,0,24.8,48.8
2002,REG+POST,00-0002586,,Mark Campbell,TE,TE,,16,CLE,0,0,0,0,0,0,0,0,0,0,0,0,,0,,,0,0,0,0,0,0,,0,28,50,210,3,0,0,0,0,10,-11.1525084133174,0,0.0,0.0902527075812274,,,0,39.0,67.0
2002,REG+POST,00-0002709,,Dwayne Carswell,G,OL,,10,DEN,0,0,0,0,0,0,0,0,0,0,0,0,,0,,,0,0,0,0,0,0,,0,21,29,189,1,0,0,0,0,9,5.81327166691635,0,0.0,0.0826210826210826,,,0,24.9,45.9
2002,REG+POST,00-0002713,,Tony Carter,RB,RB,,1,GB,0,0,0,0,0,0,0,0,0,0,0,0,,0,,,0,0,0,0,0,0,,0,0,1,0,0,0,0,0,0,0,-0.427139482926577,0,,0.03125,,,0,0.0,0.0
2002,REG+POST,00-0002721,,Cris Carter,WR,WR,,5,MIA,0,0,0,0,0,0,0,0,0,0,0,0,,0,,,0,0,0,0,0,0,,0,8,17,66,1,1,1,0,0,5,-6.66784297385392,0,0.0,0.116438356164384,,,0,10.6,18.6
2002,REG+POST,00-0002846,,Larry Centers,FB,RB,,16,BUF,0,0,0,0,0,0,0,0,0,0,0,0,,0,,,11,56,2,0,0,6,3.86956909692738,0,43,63,388,0,0,0,0,0,19,6.08871618481888,0,0.0,0.110915492957746,,,0,56.4,99.4
2002,REG+POST,00-0002861,,Byron Chamberlain,TE,TE,,13,MIN,0,0,0,0,0,0,0,0,0,0,0,0,,0,,,0,0,0,0,0,0,,0,34,50,389,0,0,0,0,0,15,18.1170795370708,0,0.0,0.113122171945701,,,0,38.9,72.9
2002,REG+POST,00-0002876,,Chris Chandler,QB,QB,,8,CHI,103,161,1023,4,4,23,144,2,2,0,0,43,-34.0411379573235,0,0.0,0.0239377506587927,10,32,0,1,1,4,0.111080871603917,0,0,0,0,0,0,0,0,0,0,,0,,,,,0,46.12,46.12
2002,REG+POST,00-0002942,,Darrin Chiaverini,WR,WR,,1,ATL,0,0,0,0,0,0,0,0,0,0,0,0,,0,,,0,0,0,0,0,0,,0,0,1,0,0,0,0,0,0,0,-0.0683593207795639,0,,0.037037037037037,,,0,0.0,0.0
2002,REG+POST,00-0002962,,Wayne Chrebet,WR,WR,,17,NYJ,0,1,0,0,0,0,0,0,0,0,0,0,-0.685914136469364,0,,,0,0,0,0,0,0,,0,54,93,742,9,2,2,0,0,41,25.7461584274815,0,0.0,0.177820267686424,,,0,124.2,178.2
2002,REG+POST,00-0002970,,Bob Christian,FB,RB,,15,ATL,0,0,0,0,0,0,0,0,0,0,0,0,,0,,,31,119,3,0,0,8,2.01365146168973,0,13,24,174,0,1,1,0,0,7,-5.51823449606947,0,0.0,0.0695652173913044,,,0,45.3,58.3
2002,REG+POST,00-0003035,,Desmond Clark,TE,TE,,2,MIA,0,0,0,0,0,0,0,0,0,0,0,0,,0,,,0,0,0,0,0,0,,0,2,3,42,0,0,0,0,0,2,3.08273096993798,0,0.0,0.0410958904109589,,,0,4.2,6.2
2002,REG+POST,00-0003103,,Cameron Cleeland,TE,TE,,8,NE,0,0,0,0,0,0,0,0,0,0,0,0,,0,,,0,0,0,0,0,0,,0,16,21,112,1,0,0,0,0,7,2.32174203533214,0,0.0,0.0704697986577181,,,0,17.2,33.2
2002,REG+POST,00-0003136,,Mike Cloud,RB,RB,,12,KC,0,0,0,0,0,0,0,0,0,0,0,0,,0,,,49,115,2,0,0,9,-10.310706547733,0,6,9,48,0,0,0,0,0,1,-1.40997370058903,0,0.0,0.0523255813953488,,,0,28.3,34.3
2002,REG+POST,00-0003292,,Kerry Collins,QB,QB,,17,NYG,364,588,4415,23,15,26,167,2,0,0,0,209,131.150836264911,1,0.0,0.105859385168615,44,-3,0,6,1,0,-31.6283176999327,0,0,0,0,0,0,0,0,0,0,,0,,,,,0,238.3,238.3
2002,REG+POST,00-0003315,,Todd Collins,QB,QB,,2,KC,5,6,73,1,0,0,0,0,0,0,0,3,6.11886648694053,0,0.0,0.305040799223977,1,7,0,0,0,0,-0.465738791506738,0,0,0,0,0,0,0,0,0,0,,0,,,,,0,7.62,7.62
2002,REG+POST,00-0003344,,Greg Comella,RB,RB,,7,TEN,0,0,0,0,0,0,0,0,0,0,0,0,,0,,,1,0,0,0,0,0,-0.395131005730946,0,10,15,70,0,1,1,0,0,4,-1.78796418051934,0,0.0,0.0666666666666667,,,0,5.0,15.0
2002,REG+POST,00-0003396,,Curtis Conway,WR,WR,,12,LAC,0,0,0,0,0,0,0,0,0,0,0,0,,0,,,7,53,2,0,0,3,6.31438742257888,0,57,94,852,5,2,2,0,0,42,21.3682562504376,0,0.0,0.25,,,0,128.5,185.5
2002,REG+POST,00-0003400,,Ernie Conwell,TE,TE,,16,LA,0,0,0,0,0,0,0,0,0,0,0,0,,0,,,6,30,1,0,0,2,2.12707410077564,0,34,48,419,2,0,0,0,0,17,18.7426712379424,0,0.0,0.0804020100502513,,,0,62.9,96.9
2002,REG+POST,00-0003535,,Tim Couch,QB,QB,,14,CLE,273,443,2842,18,18,30,213,4,1,0,0,128,1.48075340129736,1,0.0,0.0597851960534373,23,77,0,2,1,9,-0.804772865376435,0,0,0,0,0,0,0,0,0,0,,0,,,,,0,155.38,155.38
2002,REG+POST,00-0003557,,Scott Covington,QB,QB,,1,LA,2,5,7,0,0,2,16,0,0,0,0,0,-2.82621925650165,0,0.0,0.0355869632934334,0,0,0,0,0,0,,0,0,0,0,0,0,0,0,0,0,,0,,,,,0,0.28,0.28
2002,REG+POST,00-0003663,,Zack Crockett,RB,RB,,15,LV,0,0,0,0,0,0,0,0,0,0,0,0,,0,,,45,138,10,0,0,25,20.1948937613342,0,0,0,0,0,0,0,0,0,0,,0,,,,,0,73.8,73.8
2002,REG+POST,00-0003700,,Germane Crowell,WR,WR,,9,DET,0,0,0,0,0,0,0,0,0,0,0,0,,0,,,0,0,0,0,0,0,,0,22,47,201,1,0,0,0,0,11,-15.6884623043031,0,0.0,0.15112540192926,,,0,26.1,48.1
2002,REG+POST,00-0003739,,Daunte Culpepper,QB,QB,,16,MIN,333,549,3853,18,23,47,244,14,6,0,0,188,28.6188959292407,0,0.0,0.0757421466351694,106,609,10,9,3,46,29.9827594821609,1,0,0,0,0,0,0,0,0,0,,0,,,,,0,285.02,285.02
2002,REG+POST,00-0003803,,Matt Cushing,TE,TE,,1,PIT,0,0,0,0,0,0,0,0,0,0,0,0,,0,,,0,0,0,0,0,0,,0,1,1,4,0,0,0,0,0,0,-0.0556147107854486,0,0.0,0.0434782608695652,,,0,0.4,1.4
2002,REG+POST,00-0004004,,John Davis,TE,TE,,10,CHI,0,0,0,0,0,0,0,0,0,0,0,0,,0,,,0,0,0,0,0,0,,0,20,33,193,3,0,0,0,0,12,7.55308625376818,0,0.0,0.094017094017094,,,0,37.3,57.3
2002,REG+POST,00-0004052,,Stephen Davis,RB,RB,,12,WAS,0,0,0,0,0,0,0,0,0,0,0,0,,0,,,207,820,7,4,4,47,-12.7611474629865,0,23,33,142,1,0,0,0,0,4,-0.700865564926062,0,0.0,0.101226993865031,,,0,136.2,159.2
2002,REG+POST,00-0004063,,Tyrone Davis,TE,TE,,8,GB,0,0,0,0,0,0,0,0,0,0,0,0,,0,,,0,0,0,0,0,0,,0,9,13,107,1,0,0,0,0,7,5.51392927243153,0,0.0,0.0437710437710438,,,0,16.7,25.7
2002,REG+POST,00-0004073,,Brian Dawkins,SS,DB,,1,PHI,0,0,0,0,0,0,0,0,0,0,0,0,,0,,,0,0,0,0,0,0,,0,1,1,57,1,0,0,0,0,1,7.1586328917183,0,0.0,0.0227272727272727,,,0,11.7,12.7
2002,REG+POST,00-0004112,,James Dearth,TE,TE,,1,NYJ,0,0,0,0,0,0,0,0,0,0,0,0,,0,,,0,0,0,0,0,0,,0,0,1,0,0,0,0,0,0,0,-0.954470016935375,0,,0.0333333333333333,,,0,0.0,0.0
2002,REG+POST,00-0004161,,Jake Delhomme,QB,QB,,3,NO,8,10,113,0,0,0,0,0,0,0,0,4,6.42401348846323,0,0.0,0.198977140044984,4,-2,0,0,0,1,-0.699995439150371,0,0,0,0,0,0,0,0,0,0,,0,,,,,0,4.32,4.32
2002,REG+POST,00-0004200,,Autry Denson,RB,RB,,1,IND,0,0,0,0,0,0,0,0,0,0,0,0,,0,,,2,2,0,0,0,0,-2.19527296652086,0,0,0,0,0,0,0,0,0,0,,0,,,,,0,0.2,0.2
2002,REG+POST,00-0004229,,Koy Detmer,QB,QB,,2,PHI,19,28,224,2,0,1,8,0,0,0,0,10,12.9999467467524,0,0.0,0.197398683559547,2,4,1,1,0,1,0.567151762952562,0,0,0,0,0,0,0,0,0,0,,0,,,,,0,23.36,23.36
2002,REG+POST,00-0004293,,Trent Dilfer,QB,QB,,6,SEA,94,168,1182,4,6,7,36,1,1,0,0,51,-2.89944515600337,0,0.0,0.0545215557040335,10,27,0,1,0,4,0.306890415289143,0,0,0,0,0,0,0,0,0,0,,0,,,,,0,51.98,51.98
2002,REG+POST,00-0004294,,Ken Dilger,TE,TE,,17,TB,0,0,0,0,0,0,0,0,0,0,0,0,,0,,,0,0,0,0,0,0,,0,41,58,417,2,1,0,0,0,19,25.3426998886862,0,0.0,0.0991452991452991,,,0,53.7,94.7
2002,REG+POST,00-0004304,,Corey Dillon,RB,RB,,16,CIN,0,0,0,0,0,0,0,0,0,0,0,0,,0,,,314,1311,7,5,2,69,-8.42069515606995,0,43,61,298,0,0,0,0,0,18,-21.4398141239269,0,0.0,0.122,,,0,198.9,241.9
2002,REG+POST,00-0004386,,Chris Doering,WR,WR,,14,WAS,0,1,0,0,0,0,0,0,0,0,0,0,-1.56597694370943,0,,,0,0,0,0,0,0,,0,18,42,192,2,1,0,0,0,12,0.90041084000334,1,0.0,0.0865979381443299,,,0,33.2,51.2
2002,REG+POST,00-0004541,,Donald Driver,WR,WR,,17,GB,0,0,0,0,0,0,0,0,0,0,0,0,,0,,,8,70,0,0,0,4,3.26889078825479,0,73,117,1128,10,1,1,0,0,50,47.3535350450087,0,0.0,0.190864600326264,,,0,177.8,250.8
2002,REG+POST,00-0004574,,Rickey Dudley,TE,TE,,16,TB,0,0,0,0,0,0,0,0,0,0,0,0,,0,,,0,0,0,0,0,0,,0,18,31,211,4,0,0,0,0,10,10.6612747535692,0,0.0,0.0591603053435115,,,0,45.1,63.1
2002,REG+POST,00-0004637,,Jason Dunn,TE,TE,,3,KC,0,0,0,0,0,0,0,0,0,0,0,0,,0,,,0,0,0,0,0,0,,0,2,3,16,0,0,0,0,0,1,-4.58919147806591,0,0.0,0.0333333333333333,,,0,1.6,3.6
2002,REG+POST,00-0004640,,Warrick Dunn,RB,RB,,17,ATL,0,0,0,0,0,0,0,0,0,0,0,0,,0,,,259,1036,7,3,2,44,-26.0852936534578,0,60,77,473,2,1,1,0,0,20,8.5158806426411,0,0.0,0.157464212678937,,,0,198.9,258.9
2002,REG+POST,00-0004673,,Tim Dwight,WR,WR,,16,LAC,0,0,0,0,0,0,0,0,0,0,0,0,,0,,,12,108,1,1,0,5,4.11284190719016,0,50,93,623,2,0,0,0,0,33,7.82884764267554,0,0.0,0.17816091954023,,,0,91.1,141.1
2002,REG+POST,00-0004694,,Kevin Dyson,WR,WR,,11,TEN,0,0,0,0,0,0,0,0,0,0,0,0,,0,,,2,-4,0,0,0,0,-0.933666836703196,0,41,69,460,4,1,1,0,0,26,4.42281649768654,0,0.0,0.19060773480663,,,0,67.6,108.6
2002,REG+POST,00-0004768,,Marc Edwards,FB,RB,,15,NE,0,0,0,0,0,0,0,0,0,0,0,0,,0,,,31,96,0,0,0,11,-1.53371189400787,0,23,32,196,0,1,0,0,0,10,3.2748762436747,0,0.0,0.0572450805008945,,,0,29.2,52.2
2002,REG+POST,00-0004774,,Robert Edwards,RB,RB,,11,MIA,0,0,0,0,0,0,0,0,0,0,0,0,,0,,,20,107,1,0,0,7,0.524135441066178,0,18,23,126,1,0,0,0,0,10,-2.88813547526798,0,0.0,0.0725552050473186,,,0,35.3,53.3
2002,REG+POST,00-0004780,,Troy Edwards,WR,WR,,9,LA,0,0,0,0,0,0,0,0,0,0,0,0,,0,,,3,21,0,0,0,1,0.214900695951656,0,18,24,157,2,1,1,0,0,8,-7.91764847072773,0,0.0,0.0781758957654723,,,0,27.8,45.8
2002,REG+POST,00-0004915,,Bobby Engram,WR,WR,,15,SEA,0,0,0,0,0,0,0,0,0,0,0,0,,0,,,0,0,0,0,0,0,,0,50,72,619,0,1,1,0,0,43,45.2504159882264,0,0.0,0.131627056672761,,,1,65.9,115.9
2002,REG+POST,00-0005091,,Kevin Faulk,RB,RB,,15,NE,0,1,0,0,0,0,0,0,0,0,0,0,-0.443457577843219,0,,,52,271,2,0,0,8,5.03030588031126,0,37,53,379,3,1,1,0,0,14,7.45943391630821,0,0.0,0.0968921389396709,,,2,105.0,142.0
2002,REG+POST,00-0005092,,Marshall Faulk,RB,RB,,14,LA,0,0,0,0,0,0,0,0,0,0,0,0,,0,,,212,953,8,2,2,51,-5.85334975049862,0,80,102,537,2,2,1,0,0,23,-5.55080755050889,0,0.0,0.190654205607477,,,0,203.0,283.0
2002,REG+POST,00-0005101,,Christian Fauria,TE,TE,,15,NE,0,0,0,0,0,0,0,0,0,0,0,0,,0,,,0,0,0,0,0,0,,0,27,40,253,7,0,0,0,0,16,15.8118182113103,1,0.0,0.0720720720720721,,,0,69.3,96.3
2002,REG+POST,00-0005106,,Brett Favre,QB,QB,,17,GB,361,593,3905,28,18,28,202,7,4,0,0,201,36.8880345655093,0,0.0,0.0840030304406253,27,72,0,4,1,6,-8.14245379782908,0,0,0,0,0,0,0,0,0,0,,0,,,,,0,229.4,229.4
2002,REG+POST,00-0005113,,Jeff Feagles,P,SPEC,,2,SEA,0,0,0,0,0,0,0,0,0,0,0,0,,0,,,2,-23,0,1,1,0,-6.1165975095937,0,0,0,0,0,0,0,0,0,0,,0,,,,,0,-4.3,-4.3
2002,REG+POST,00-0005180,,Jay Fiedler,QB,QB,,11,MIA,179,292,2024,14,9,13,89,2,1,0,0,108,38.4095271526514,0,0.0,0.108911232577442,28,99,3,1,0,12,9.89417110185605,0,0,0,0,0,0,0,0,0,0,,0,,,,,0,144.86,144.86
2002,REG+POST,00-0005229,,Jim Finn,FB,RB,,5,IND,0,0,0,0,0,0,0,0,0,0,0,0,,0,,,5,8,0,0,0,0,-1.85608032747405,0,6,9,31,0,2,1,0,0,1,-5.57825327781029,0,0.0,0.0483870967741936,,,0,1.9,7.9
2002,REG+POST,00-0005231,,Brian Finneran,WR,WR,,18,ATL,0,0,0,0,0,0,0,0,0,0,0,0,,0,,,0,0,0,0,0,0,,0,65,118,945,6,1,1,0,0,45,32.588661071857,0,0.0,0.230019493177388,,,0,128.5,193.5
2002,REG+POST,00-0005324,,Terrell Fletcher,RB,RB,,7,LAC,0,0,0,0,0,0,0,0,0,0,0,0,,0,,,26,128,1,0,0,8,4.60042880015681,0,10,17,62,0,0,0,0,0,2,-1.85789193894016,0,0.0,0.150442477876106,,,0,25.0,35.0
2002,REG+POST,00-0005363,,Doug Flutie,QB,QB,,1,LAC,3,11,64,0,0,0,0,0,0,0,0,2,-0.71777415027463,0,0.0,0.0282051427815491,1,6,0,0,0,0,-0.112084484600928,0,0,0,0,0,0,0,0,0,0,,0,,,,,0,3.16,3.16
2002,REG+POST,00-0005562,,Antonio Freeman,WR,WR,,17,PHI,0,0,0,0,0,0,0,0,0,0,0,0,,0,,,0,0,0,0,0,0,,0,52,90,675,4,0,0,0,0,31,14.8261624939621,0,0.0,0.15177065767285,,,0,91.5,143.5
2002,REG+POST,00-0005589,,Gus Frerotte,QB,QB,,3,CIN,44,85,437,1,5,10,74,2,0,0,0,24,-32.2034155729793,0,0.0,0.026437000919111,4,22,0,0,0,0,2.66283641906921,0,0,0,0,0,0,0,0,0,0,,0,,,,,0,13.68,13.68
2002,REG+POST,00-0005620,,Chris Fuamatu-Ma'afala,RB,RB,,8,PIT,0,0,0,0,0,0,0,0,0,0,0,0,,0,,,25,119,1,0,0,6,5.20815987302922,0,5,9,37,0,0,0,0,0,2,-5.24884377868148,0,0.0,0.050561797752809,,,0,21.6,26.6
2002,REG+POST,00-0005668,,Oronde Gadsden,WR,WR,,6,MIA,0,0,0,0,0,0,0,0,0,0,0,0,,0,,,0,0,0,0,0,0,,0,16,29,228,0,0,0,0,0,14,10.8575908630035,0,0.0,0.171597633136095,,,0,22.8,38.8
2002,REG+POST,00-0005720,,Joey Galloway,WR,WR,,16,DAL,0,0,0,0,0,0,0,0,0,0,0,0,,0,,,4,31,0,0,0,2,0.712707510218024,0,61,120,908,6,1,1,0,0,33,15.5999369127796,0,0.0,0.268456375838926,,,0,127.9,188.9
2002,REG+POST,00-0005741,,Rich Gannon,QB,QB,,19,LV,491,733,5530,33,16,43,247,8,3,0,0,263,130.640289062038,2,0.0,0.119473530586501,63,197,4,4,0,13,3.91412481247644,0,0,0,0,0,0,0,0,0,0,,0,,,,,0,362.9,362.9
2002,REG+POST,00-0005755,,Jeff Garcia,QB,QB,,18,SF,377,613,3868,24,14,21,120,3,1,0,0,197,72.8333805226473,3,0.0,0.0983554361537455,80,413,4,2,2,34,15.4575316323572,1,0,0,0,0,0,0,0,0,0,,0,,,,,0,290.02,290.02
2002,REG+POST,00-0005779,,Charlie Garner,RB,RB,,19,LV,0,0,0,0,0,0,0,0,0,0,0,0,,0,,,217,1101,7,1,0,56,23.9989701504024,0,108,140,1073,5,0,0,0,0,47,54.0503968314142,0,0.0,0.197183098591549,,,0,289.4,397.4
2002,REG+POST,00-0005816,,Olandis Gary,RB,RB,,9,DEN,0,0,0,0,0,0,0,0,0,0,0,0,,0,,,37,147,1,0,0,7,-4.76087006919092,0,18,20,148,0,0,0,0,0,5,5.69617088218778,0,0.0,0.0772200772200772,,,0,35.5,53.5
2002,REG+POST,00-0005883,,Eddie George,RB,RB,,18,TEN,0,0,0,0,0,0,0,0,0,0,0,0,,0,,,373,1265,13,3,3,67,-37.1469420075369,1,37,50,264,2,0,0,0,0,11,7.9918060611526,0,0.0,0.0871080139372822,,,0,238.9,275.9
2002,REG+POST,00-0006043,,Terry Glenn,WR,WR,,16,GB,0,0,0,0,0,0,0,0,0,0,0,0,,0,,,0,0,0,0,0,0,,0,57,108,828,2,1,1,0,0,44,1.64011677625404,0,0.0,0.185886402753873,,,0,92.8,149.8
2002,REG+POST,00-0006101,,Tony Gonzalez,TE,TE,,16,KC,0,0,0,0,0,0,0,0,0,0,0,0,,0,,,0,0,0,0,0,0,,0,63,99,773,7,0,0,0,0,39,27.1734200994297,0,0.0,0.21244635193133,,,0,119.3,182.3
2002,REG+POST,00-0006133,,Hunter Goodwin,TE,TE,,4,MIN,0,0,0,0,0,0,0,0,0,0,0,0,,0,,,0,0,0,0,0,0,,0,4,6,20,1,0,0,0,0,2,0.409868586983066,0,0.0,0.0413793103448276,,,0,8.0,12.0
2002,REG+POST,00-0006208,,Jay Graham,RB,RB,,1,GB,0,0,0,0,0,0,0,0,0,0,0,0,,0,,,1,3,0,0,0,0,-0.226920300454367,0,2,2,6,0,0,0,0,0,0,-0.630774213233963,0,0.0,0.0625,,,0,0.9,2.9
2002,REG+POST,00-0006305,,Ahman Green,RB,RB,,15,GB,0,0,0,0,0,0,0,0,0,0,0,0,,0,,,297,1274,7,3,2,57,-22.7709578091945,0,58,76,396,2,1,1,0,0,19,4.74111105092825,0,0.0,0.142322097378277,,,0,215.0,273.0
2002,REG+POST,00-0006331,,Jacquez Green,WR,WR,,10,DET,0,0,0,0,0,0,0,0,0,0,0,0,,0,,,2,9,0,0,0,0,0.0533996836165898,0,5,21,94,0,0,0,0,0,4,-7.74721013134695,0,0.0,0.0632530120481928,,,1,16.3,21.3
2002,REG+POST,00-0006355,,Trent Green,QB,QB,,16,KC,287,470,3690,26,13,26,141,0,0,0,0,176,92.6605232189973,0,0.0,0.12407808107811,31,225,1,1,0,11,14.4344285804773,1,0,0,0,0,0,0,0,0,0,,0,,,,,0,256.1,256.1
2002,REG+POST,00-0006423,,Brian Griese,QB,QB,,13,DEN,291,436,3214,15,15,34,237,1,0,0,0,156,34.7831639504742,0,0.0,0.0815163225610826,37,107,1,1,0,11,-5.2723205359561,0,0,0,0,0,0,0,0,0,0,,0,,,,,0,175.26,175.26
2002,REG+POST,00-0006627,,Az-Zahir Hakim,WR,WR,,10,DET,0,0,0,0,0,0,0,0,0,0,0,0,,0,,,4,3,0,0,0,0,-2.04618288122583,0,37,82,541,3,0,0,0,0,25,-6.58547073127837,0,0.0,0.234285714285714,,,1,78.4,115.4
2002,REG+POST,00-0006666,,Lamont Hall,TE,TE,,3,NO,0,0,0,0,0,0,0,0,0,0,0,0,,0,,,0,0,0,0,0,0,,0,2,3,6,0,0,0,0,0,0,-2.26834700419568,0,0.0,0.0303030303030303,,,0,0.6,2.6
2002,REG+POST,00-0006777,,Karl Hankton,WR,WR,,9,CAR,0,0,0,0,0,0,0,0,0,0,0,0,,0,,,2,-4,0,0,0,0,-3.41223238524981,0,9,17,146,0,0,0,0,0,7,4.94924920838093,0,0.0,0.0720338983050848,,,0,14.2,23.2
2002,REG+POST,00-0006804,,Patrick Hape,TE,TE,,7,DEN,0,0,0,0,0,0,0,0,0,0,0,0,,0,,,0,0,0,0,0,0,,0,6,14,26,2,0,0,0,0,3,-11.5156286505517,0,0.0,0.0546875,,,0,14.6,20.6
2002,REG+POST,00-0007024,,Marvin Harrison,WR,WR,,17,IND,0,0,0,0,0,0,0,0,0,0,0,0,,0,,,2,10,0,0,0,0,0.277173021459021,0,147,213,1769,11,0,0,0,0,95,92.2317321004078,1,0.0,0.344660194174757,,,0,245.9,392.9
2002,REG+POST,00-0007091,,Matt Hasselbeck,QB,QB,"https://static.www.nfl.com/image/private/f_auto,q_auto/league/t1nf9avoy2kauqwrvzza",13,SEA,267,419,3075,15,10,26,143,4,4,0,0,157,59.8573828711351,0,0.0,0.105747453475877,40,202,1,1,0,16,4.47715580362093,1,0,0,0,0,0,0,0,0,0,,0,,,,,0,183.2,183.2
2002,REG+POST,00-0007144,,Donald Hayes,WR,WR,,11,NE,0,0,0,0,0,0,0,0,0,0,0,0,,0,,,0,0,0,0,0,0,,0,12,31,133,2,0,0,0,0,5,-13.907381764946,0,0.0,0.0763546798029557,,,0,25.3,37.3
2002,REG+POST,00-0007180,,Garrison Hearst,RB,RB,,18,SF,0,0,0,0,0,0,0,0,0,0,0,0,,0,,,231,1042,8,3,2,55,1.63749944490723,0,53,77,349,1,1,1,0,0,15,-11.6938023460331,1,0.0,0.1201248049922,,,0,189.1,242.1
2002,REG+POST,00-0007213,,Steve Heiden,TE,TE,"https://static.www.nfl.com/image/private/f_auto,q_auto/league/gbtrxatwcauhazpjejcr",11,CLE,0,0,0,0,0,0,0,0,0,0,0,0,,0,,,0,0,0,0,0,0,,0,17,19,105,1,0,0,0,0,8,8.21830055076862,0,0.0,0.0545977011494253,,,0,16.5,33.5
2002,REG+POST,00-0007254,,William Henderson,FB,RB,,15,GB,0,0,0,0,0,0,0,0,0,0,0,0,,0,,,7,27,1,0,0,2,3.09240005392348,0,27,34,174,3,0,0,0,0,12,9.51819257989169,0,0.0,0.0636704119850187,,,0,44.1,71.1
2002,REG+POST,00-0007308,,Craig Hentrich,P,SPEC,,3,TEN,1,1,17,0,0,0,0,0,0,0,0,1,3.2023763009347,0,0.0,,2,-1,0,0,0,1,-1.01093923288863,0,0,0,0,0,0,0,0,0,0,,0,,,,,0,0.58,0.58
2002,REG+POST,00-0007357,,Chris Hetherington,FB,RB,,1,LA,0,0,0,0,0,0,0,0,0,0,0,0,,0,,,1,0,0,0,0,0,-0.477028676308692,0,1,2,2,0,0,0,0,0,0,-3.84179628815036,0,0.0,0.0526315789473684,,,0,0.2,1.2
2002,REG+POST,00-0007447,,Madre Hill,RB,RB,,1,LV,0,0,0,0,0,0,0,0,0,0,0,0,,0,,,0,0,0,0,0,0,,0,0,1,0,0,0,0,0,0,0,-1.38318262070859,0,,0.02,,,0,0.0,0.0
2002,REG+POST,00-0007468,,Ike Hilliard,WR,WR,,7,NYG,0,0,0,0,0,0,0,0,0,0,0,0,,0,,,1,7,0,0,0,0,0.363946424447931,0,27,47,386,2,0,0,0,0,21,24.2130854611035,0,0.0,0.201716738197425,,,0,51.3,78.3
2002,REG+POST,00-0007546,,James Hodgins,RB,RB,,7,LA,0,0,0,0,0,0,0,0,0,0,0,0,,0,,,3,7,0,0,0,1,-0.46098601561971,0,9,10,47,0,0,0,0,0,1,-1.35503870388493,0,0.0,0.0404858299595142,,,0,5.4,14.4
2002,REG+POST,00-0007576,,Kelly Holcomb,QB,QB,,5,CLE,90,149,1219,11,5,6,45,1,1,0,0,60,36.6405432235896,0,0.0,0.154074230752493,10,12,0,0,0,2,2.97425736935111,0,0,0,0,0,0,0,0,0,0,,0,,,,,0,81.96,81.96
2002,REG+POST,00-0007579,,Robert Holcombe,FB,RB,,10,TEN,0,0,0,0,0,0,0,0,0,0,0,0,,0,,,67,283,0,1,1,17,-12.3003939931568,0,16,22,126,0,1,1,0,0,5,1.07773054422412,0,0.0,0.082089552238806,,,0,36.9,52.9
2002,REG+POST,00-0007661,,Priest Holmes,RB,RB,,14,KC,0,1,0,0,0,0,0,0,0,0,0,0,-0.474323820439167,0,,,313,1615,21,1,1,100,46.9751294829945,0,70,81,672,3,0,0,0,0,30,24.2278331949769,0,0.0,0.203517587939698,,,0,370.7,440.7
2002,REG+POST,00-0007681,,Torry Holt,WR,WR,,16,LA,0,0,0,0,0,0,0,0,0,0,0,0,,0,,,2,18,0,0,0,1,0.936568573815748,0,91,160,1302,4,1,1,0,0,69,50.7564140104702,0,0.0,0.258899676375405,,,0,154.0,245.0
2002,REG+POST,00-0007744,,Joe Horn,WR,WR,,16,NO,0,0,0,0,0,0,0,0,0,0,0,0,,0,,,1,2,0,0,0,0,-0.380844614934176,0,88,149,1312,7,1,0,0,0,65,65.5620742372236,1,0.0,0.286538461538462,,,0,175.4,263.4
2002,REG+POST,00-0007835,,Damon Huard,QB,QB,,1,NE,0,0,0,0,0,0,0,0,0,0,0,0,,0,,,1,4,0,0,0,1,2.07869621715508,0,0,0,0,0,0,0,0,0,0,,0,,,,,0,0.4,0.4
2002,REG+POST,00-0007969,,Richard Huntley,RB,RB,,1,DET,0,0,0,0,0,0,0,0,0,0,0,0,,0,,,3,4,0,0,0,0,-1.76706138812006,0,0,0,0,0,0,0,0,0,0,,0,,,,,0,0.4,0.4
2002,REG+POST,00-0008059,,Qadry Ismail,WR,WR,,14,IND,0,0,0,0,0,0,0,0,0,0,0,0,,0,,,0,0,0,0,0,0,,0,44,84,462,3,0,0,0,0,23,-9.28834772325072,0,0.0,0.160919540229885,,,0,64.2,108.2
2002,REG+POST,00-0008210,,Willie Jackson,WR,WR,,11,WAS,0,0,0,0,0,0,0,0,0,0,0,0,,0,,,0,0,0,0,0,0,,0,25,53,257,1,1,1,0,0,14,-2.49841548109499,0,0.0,0.162079510703364,,,0,29.7,54.7
2002,REG+POST,00-0008241,,Edgerrin James,RB,RB,,15,IND,0,0,0,0,0,0,0,0,0,0,0,0,,0,,,286,1003,2,2,1,56,-36.6065184727424,1,63,83,363,1,2,0,0,0,17,-15.8537611065571,0,0.0,0.152293577981651,,,0,154.6,217.6
2002,REG+POST,00-0008313,,Shawn Jefferson,WR,WR,,15,ATL,0,0,0,0,0,0,0,0,0,0,0,0,,0,,,0,0,0,0,0,0,,0,28,53,404,2,0,0,0,0,19,6.57699847201002,0,0.0,0.126491646778043,,,0,52.4,80.4
2002,REG+POST,00-0008357,,MarTay Jenkins,WR,WR,,7,ARI,0,0,0,0,0,0,0,0,0,0,0,0,,0,,,3,6,0,0,0,1,-0.585315031232312,0,21,43,250,1,0,0,0,0,13,10.1600007134919,0,0.0,0.179916317991632,,,1,37.6,58.6
2002,REG+POST,00-0008391,,Travis Jervey,RB,RB,,2,ATL,0,0,0,0,0,0,0,0,0,0,0,0,,0,,,10,17,0,1,0,1,-3.93844403082724,0,0,0,0,0,0,0,0,0,0,,0,,,,,0,1.7,1.7
2002,REG+POST,00-0008401,,John Jett,P,SPEC,,1,DET,0,0,0,0,0,0,0,0,0,0,0,0,,0,,,1,0,0,1,0,0,-3.64482740778476,0,0,0,0,0,0,0,0,0,0,,0,,,,,0,0.0,0.0
2002,REG+POST,00-0008442,,Brad Johnson,QB,QB,,16,TB,334,549,3719,27,9,22,130,9,2,0,0,175,72.9530085515959,2,0.0,0.102591854818016,21,43,0,0,0,5,-0.629685419847001,0,0,0,0,0,0,0,0,0,0,,0,,,,,0,243.06,243.06
2002,REG+POST,00-0008454,,Charles Johnson,WR,WR,,4,BUF,0,0,0,0,0,0,0,0,0,0,0,0,,0,,,0,0,0,0,0,0,,0,3,5,39,0,0,0,0,0,2,2.13549715248519,0,0.0,0.0342465753424658,,,0,3.9,6.9
2002,REG+POST,00-0008560,,Kevin Johnson,WR,WR,,17,CLE,1,2,33,1,0,1,15,0,0,0,0,1,0.306732519413345,0,0.0,,0,0,0,0,0,0,,0,71,132,843,4,0,0,0,0,41,2.55290229701691,0,0.0,0.226027397260274,,,0,113.62,184.62
2002,REG+POST,00-0008561,,Keyshawn Johnson,WR,WR,,19,TB,0,0,0,0,0,0,0,0,0,0,0,0,,0,,,0,0,0,0,0,0,,0,90,173,1282,6,0,0,0,0,64,6.14423443515994,2,0.0,0.267387944358578,,,0,168.2,258.2
2002,REG+POST,00-0008568,,Leon Johnson,RB,RB,,15,CHI,1,1,27,0,0,1,0,0,0,0,0,1,1.06008192442823,0,0.0,,103,329,1,1,1,24,-16.0779387249387,0,16,26,125,0,0,0,0,0,6,-3.35864037883133,0,0.0,0.0984848484848485,,,0,50.48,66.48
2002,REG+POST,00-0008598,,Pat Johnson,WR,WR,,8,JAX,0,0,0,0,0,1,7,0,0,0,0,0,-0.848840090824524,0,,,1,-9,0,0,0,0,-1.38958153408021,0,9,24,187,2,0,0,0,0,7,-10.9067363459035,0,0.0,0.112676056338028,,,0,29.8,38.8
2002,REG+POST,00-0008612,,Rob Johnson,QB,QB,,7,TB,58,89,557,1,2,19,94,2,2,0,0,27,-21.6532724644065,0,0.0,0.0251198819717103,15,80,0,0,0,4,1.14632272937194,0,0,0,0,0,0,0,0,0,0,,0,,,,,0,26.28,26.28
2002,REG+POST,00-0008749,,Freddie Jones,TE,TE,,15,ARI,0,0,0,0,0,0,0,0,0,0,0,0,,0,,,0,0,0,0,0,0,,0,44,81,358,1,0,0,0,0,14,-22.2459267999912,0,0.0,0.161354581673307,,,0,41.8,85.8
2002,REG+POST,00-0008921,,Randy Jordan,RB,RB,,3,LV,0,0,0,0,0,0,0,0,0,0,0,0,,0,,,3,14,1,0,0,1,-0.621710674546193,0,2,4,19,0,0,0,0,0,1,-1.91061893769074,0,0.0,0.0421052631578947,,,0,9.3,11.3
2002,REG+POST,00-0008962,,Joe Jurevicius,WR,WR,,16,TB,0,0,0,0,0,0,0,0,0,0,0,0,,0,,,0,0,0,0,0,0,,0,45,64,620,5,1,0,0,0,32,50.1085178396079,0,0.0,0.114901256732496,,,0,92.0,137.0
2002,REG+POST,00-0009119,,Reggie Kelly,TE,TE,,15,ATL,0,0,0,0,0,0,0,0,0,0,0,0,,0,,,0,0,0,0,0,0,,0,18,25,195,0,0,0,0,0,8,7.96958082541823,0,0.0,0.0602409638554217,,,0,19.5,37.5
2002,REG+POST,00-0009163,,Eddie Kennison,WR,WR,,16,KC,0,0,0,0,0,0,0,0,0,0,0,0,,0,,,7,58,0,0,0,2,1.46643068767396,0,53,92,906,2,0,0,0,0,44,45.0942573159866,0,0.0,0.197424892703863,,,0,108.4,161.4
2002,REG+POST,00-0009266,,Shaun King,QB,QB,,3,TB,10,27,80,0,1,1,5,0,0,0,0,4,-16.5883228525711,0,0.0,0.035500600727512,4,25,0,0,0,1,0.856043916312046,0,0,0,0,0,0,0,0,0,0,,0,,,,,0,3.7,3.7
2002,REG+POST,00-0009288,,Terry Kirby,RB,RB,,6,LV,0,1,0,0,0,0,0,0,0,0,0,0,-0.479704247205518,0,,,16,51,0,1,1,5,-10.9435811134754,0,17,22,115,1,1,1,0,0,3,-9.78413783222344,0,0.0,0.118279569892473,,,2,30.6,47.6
2002,REG+POST,00-0009311,,Jon Kitna,QB,QB,,13,CIN,294,473,3178,16,16,24,159,9,5,0,0,156,-16.6555482010261,0,0.0,0.0506066082110389,24,57,4,1,1,9,1.85478004504694,0,0,0,0,0,0,0,0,0,0,,0,,,,,0,176.82,176.82
2002,REG+POST,00-0009323,,Jimmy Kleinsasser,TE,TE,,14,MIN,0,0,0,0,0,0,0,0,0,0,0,0,,0,,,6,17,0,0,0,1,-0.580382145009935,0,37,50,393,1,0,0,0,0,22,18.338730105905,0,0.0,0.107991360691145,,,0,47.0,84.0
2002,REG+POST,00-0009417,,Rob Konrad,FB,RB,,14,MIA,0,0,0,0,0,0,0,0,0,0,0,0,,0,,,3,2,0,1,1,0,-5.69274501065956,0,34,45,233,3,1,0,0,0,12,14.43082759768,0,0.0,0.115089514066496,,,0,39.5,73.5
2002,REG+POST,00-0009443,,Brian Kozlowski,TE,TE,,7,ATL,0,0,0,0,0,0,0,0,0,0,0,0,,0,,,0,0,0,0,0,0,,0,6,10,59,0,0,0,0,0,4,0.609582056989893,0,0.0,0.0490196078431373,,,0,5.9,11.9
2002,REG+POST,00-0009584,,Sean Landeta,P,SPEC,,1,PHI,0,0,0,0,0,0,0,0,0,0,0,0,,0,,,1,0,0,1,0,0,-1.98224918497726,0,0,0,0,0,0,0,0,0,0,,0,,,,,0,0.0,0.0
2002,REG+POST,00-0009829,,Dorsey Levens,RB,RB,,18,PHI,0,2,0,0,0,0,0,0,0,0,0,0,-4.81717790686525,0,,,79,411,1,1,1,13,-3.57446967648982,0,20,32,141,1,0,0,0,0,7,0.574062008623518,0,0.0,0.0610687022900763,,,0,65.2,85.2
2002,REG+POST,00-0009842,,Chad Lewis,TE,TE,,17,PHI,0,0,0,0,0,0,0,0,0,0,0,0,,0,,,0,0,0,0,0,0,,0,50,78,485,3,2,2,0,0,29,-2.08329881275943,2,0.0,0.131313131313131,,,0,66.5,116.5
2002,REG+POST,00-0009869,,Jermaine Lewis,WR,WR,,4,HOU,0,0,0,0,0,0,0,0,0,0,0,0,,0,,,3,8,0,0,0,0,-0.716487877885811,0,2,8,41,0,0,0,0,0,2,-5.63750857807463,0,0.0,0.125,,,0,4.9,6.9
2002,REG+POST,00-0010007,,Kevin Lockett,WR,WR,,12,JAX,1,1,14,1,0,0,0,0,0,0,0,1,2.35717068018857,0,0.0,,0,0,0,0,0,0,,0,16,42,205,4,1,1,0,0,10,0.820817917202044,0,0.0,0.115384615384615,,,0,47.06,63.06
2002,REG+POST,00-0010137,,Ray Lucas,QB,QB,,7,MIA,92,160,1045,4,6,12,90,4,1,0,0,47,-14.1567088161936,0,0.0,0.043632074038659,36,126,2,4,3,15,-8.08288504646546,0,0,0,0,0,0,0,0,0,0,,0,,,,,0,62.4,62.4
2002,REG+POST,00-0010146,,Mike Lucky,TE,TE,,3,DAL,0,0,0,0,0,0,0,0,0,0,0,0,,0,,,0,0,0,0,0,0,,0,1,3,22,0,0,0,0,0,1,1.07127402955666,0,0.0,0.0375,,,0,2.2,3.2
2002,REG+POST,00-0010173,,Todd Lyght,CB,DB,,1,DET,0,0,0,0,0,0,0,0,0,0,0,0,,0,,,0,0,0,0,0,0,,0,0,0,0,0,0,0,0,0,0,,0,,,,,1,6.0,6.0
2002,REG+POST,00-0010240,,Stacey Mack,RB,RB,,15,JAX,0,0,0,0,0,0,0,0,0,0,0,0,,0,,,98,436,9,0,0,38,-67.9911508869033,0,11,13,79,0,0,0,0,0,5,2.08132813320289,0,0.0,0.0838709677419355,,,0,105.5,116.5
2002,REG+POST,00-0010261,,Tommy Maddox,QB,QB,,14,PIT,285,466,3469,25,19,30,181,5,1,0,0,173,35.9953772332564,3,0.0,0.0863671759627684,21,50,0,3,2,4,-15.9058166303439,0,0,1,0,0,0,0,0,0,0,-3.14720869378652,0,,0.0416666666666667,,,0,205.76,205.76
2002,REG+POST,00-0010292,,Joel Makovicka,FB,RB,,9,ARI,0,0,0,0,0,0,0,0,0,0,0,0,,0,,,5,54,0,0,0,2,1.2403463984374,0,15,19,81,3,0,0,0,0,6,5.74884447932709,0,0.0,0.063973063973064,,,0,31.5,46.5
2002,REG+POST,00-0010333,,Kris Mangum,TE,TE,,15,CAR,0,0,0,0,0,0,0,0,0,0,0,0,,0,,,0,0,0,0,0,0,,0,16,29,159,0,0,0,0,0,7,-4.94593256717781,0,0.0,0.0671296296296296,,,0,15.9,31.9
2002,REG+POST,00-0010341,,Patrick Mannelly,LS,SPEC,,1,CHI,0,0,0,0,0,0,0,0,0,0,0,0,,0,,,0,0,0,0,0,0,,0,0,1,0,0,0,0,0,0,0,-2.50735604460351,0,,0.0204081632653061,,,0,0.0,0.0
2002,REG+POST,00-0010346,,Peyton Manning,QB,QB,"https://static.www.nfl.com/image/private/f_auto,q_auto/league/xpcd6auodk3w0vda6jal",17,IND,406,622,4337,27,21,24,158,5,2,0,0,221,63.0602564052096,2,0.0,0.0975113777921607,39,150,2,1,0,11,5.09068910999947,0,0,0,0,0,0,0,0,0,0,,0,,,,,0,266.48,266.48
2002,REG+POST,00-0010436,,Cecil Martin,RB,RB,,15,PHI,0,0,0,0,0,0,0,0,0,0,0,0,,0,,,1,-4,0,0,0,0,-1.72231865744106,0,18,25,148,0,1,1,0,0,4,-5.18585207160975,0,0.0,0.0525210084033613,,,0,12.4,30.4
2002,REG+POST,00-0010442,,Curtis Martin,RB,RB,,18,NYJ,0,0,0,0,0,1,4,0,0,0,0,0,-1.08187320013531,0,,,292,1235,7,0,0,60,-7.7042399914718,1,54,62,405,0,0,0,0,0,20,10.8393104653958,0,0.0,0.11231884057971,,,0,208.0,262.0
2002,REG+POST,00-0010455,,Jamie Martin,QB,QB,,5,LA,124,195,1216,7,10,10,77,2,2,0,0,67,-13.1528002221307,0,0.0,0.0383440214511433,5,6,0,0,0,0,-4.77184994413983,0,0,0,0,0,0,0,0,0,0,,0,,,,,0,53.24,53.24
2002,REG+POST,00-0010500,,Derrick Mason,WR,WR,,16,TEN,0,0,0,0,0,0,0,0,0,0,0,0,,0,,,2,20,0,0,0,1,0.429442788270535,0,89,141,1100,5,1,1,0,0,61,46.3550438612328,0,0.0,0.281437125748503,,,0,140.0,229.0
2002,REG+POST,00-0010539,,Terance Mathis,WR,WR,,13,PIT,0,0,0,0,0,0,0,0,0,0,0,0,,0,,,0,0,0,0,0,0,,0,29,52,298,2,0,0,0,0,19,4.10610109839667,0,0.0,0.102161100196464,,,0,41.8,70.8
2002,REG+POST,00-0010560,,Shane Matthews,QB,QB,,7,WAS,124,237,1251,11,6,9,54,1,0,0,0,64,-14.6998793561141,0,0.0,0.0401043870222884,12,31,0,0,0,2,-1.23881205980433,0,1,1,-13,0,0,0,0,0,0,-1.48859665426426,0,0.0,0.0285714285714286,,,0,83.84,84.84
2002,REG+POST,00-0010609,,Brad Maynard,P,SPEC,,2,CHI,1,1,12,1,0,0,0,0,0,0,0,1,4.19728399941232,0,0.0,,1,20,0,0,0,1,4.14375015208498,0,0,0,0,0,0,0,0,0,0,,0,,,,,0,6.48,6.48
2002,REG+POST,00-0010632,,Fred McAfee,RB,RB,,1,NO,0,0,0,0,0,0,0,0,0,0,0,0,,0,,,1,11,0,0,0,1,3.12668898911215,0,0,0,0,0,0,0,0,0,0,,0,,,,,0,1.1,1.1
2002,REG+POST,00-0010634,,Chris McAlister,DB,DB,,1,BAL,0,0,0,0,0,0,0,0,0,0,0,0,,0,,,0,0,0,0,0,0,,0,0,0,0,0,0,0,0,0,0,,0,,,,,1,6.0,6.0
2002,REG+POST,00-0010650,,Ed McCaffrey,WR,WR,,16,DEN,0,0,0,0,0,0,0,0,0,0,0,0,,0,,,2,22,0,1,1,0,-3.64711513952352,0,69,103,903,2,0,0,0,0,44,41.8332769334336,0,0.0,0.190388170055453,,,0,102.5,171.5
2002,REG+POST,00-0010668,,Keenan McCardell,WR,WR,,17,TB,0,0,0,0,0,0,0,0,0,0,0,0,,0,,,1,3,0,0,0,0,-0.0794069685507566,0,68,114,720,8,1,1,0,0,33,17.0548747188751,0,0.0,0.195205479452055,,,0,118.3,186.3
2002,REG+POST,00-0010747,,Fred McCrary,RB,RB,,13,LAC,0,0,0,0,0,0,0,0,0,0,0,0,,0,,,2,1,0,0,0,0,-2.4718512877007,0,22,31,96,3,1,1,0,0,5,-5.41401885272353,0,0.0,0.0688888888888889,,,0,25.7,47.7
2002,REG+POST,00-0010859,,Tony McGee,TE,TE,,12,DAL,0,0,0,0,0,0,0,0,0,0,0,0,,0,,,0,0,0,0,0,0,,0,23,30,294,1,0,0,0,0,15,8.54719742992893,0,0.0,0.0920245398773006,,,0,35.4,58.4
2002,REG+POST,00-0010951,,Dennis McKinley,RB,RB,,1,ARI,0,0,0,0,0,0,0,0,0,0,0,0,,0,,,0,0,0,0,0,0,,0,0,1,0,0,0,0,0,0,0,-0.47694544121623,0,,0.0222222222222222,,,0,0.0,0.0
2002,REG+POST,00-0010974,,James McKnight,WR,WR,,14,MIA,0,0,0,0,0,0,0,0,0,0,0,0,,0,,,7,58,0,0,0,3,2.60271619120613,0,29,46,528,2,2,2,0,0,18,22.7279268489694,0,0.0,0.124324324324324,,,0,66.6,95.6
2002,REG+POST,00-0011022,,Donovan McNabb,QB,QB,,12,PHI,257,440,2779,18,7,32,197,8,6,0,0,133,-17.8984325432361,2,0.0,0.0648685893217834,70,501,6,1,1,36,26.4917489337169,0,0,1,0,0,0,0,0,0,0,-2.9968852205202,0,,0.0208333333333333,,,0,245.26,245.26
2002,REG+POST,00-0011024,,Steve McNair,QB,QB,,18,TEN,349,572,3919,25,17,24,148,6,1,0,0,207,83.8423272618247,0,0.0,0.120747134842751,95,522,6,3,1,39,25.0514468051149,1,0,0,0,0,0,0,0,0,0,,0,,,,,0,308.96,308.96
2002,REG+POST,00-0011151,,Eric Metcalf,WR,WR,,1,GB,0,0,0,0,0,0,0,0,0,0,0,0,,0,,,2,7,0,0,0,1,-0.486169376876205,0,0,0,0,0,0,0,0,0,0,,0,,,,,0,0.7,0.7
2002,REG+POST,00-0011224,,Itula Mili,TE,TE,,15,SEA,0,0,0,0,0,0,0,0,0,0,0,0,,0,,,0,0,0,0,0,0,,0,43,64,508,2,1,0,0,0,23,7.17565606713327,0,0.0,0.116363636363636,,,0,62.8,105.8
2002,REG+POST,00-0011236,,Billy Miller,TE,TE,,14,HOU,0,0,0,0,0,0,0,0,0,0,0,0,,0,,,0,0,0,0,0,0,,0,51,80,613,3,0,0,0,0,33,30.7963410482964,0,0.0,0.211640211640212,,,0,79.3,130.3
2002,REG+POST,00-0011276,,Jim Miller,QB,QB,,10,CHI,180,314,1944,13,9,16,101,2,0,0,0,98,-9.75631142468877,0,0.0,0.0447849751326638,13,11,0,4,2,3,-18.1323244959349,0,0,0,0,0,0,0,0,0,0,,0,,,,,0,108.86,108.86
2002,REG+POST,00-0011399,,Brian Mitchell,RB,RB,,2,PHI,1,1,57,1,0,0,0,0,0,0,0,1,7.1586328917183,0,0.0,,0,0,0,0,0,0,,0,0,0,0,0,0,0,0,0,0,,0,,,,,1,12.28,12.28
2002,REG+POST,00-0011425,,Pete Mitchell,TE,TE,,13,JAX,0,0,0,0,0,0,0,0,0,0,0,0,,0,,,0,0,0,0,0,0,,0,25,36,246,2,0,0,0,0,14,-1.80657366268316,0,0.0,0.0925449871465296,,,0,36.6,61.6
2002,REG+POST,00-0011463,,Chris Mohr,P,SPEC,,1,ATL,0,1,0,0,1,0,0,0,0,0,0,0,-1.22333876625635,0,,,0,0,0,0,0,0,,0,0,0,0,0,0,0,0,0,0,,0,,,,,0,-2.0,-2.0
2002,REG+POST,00-0011506,,Joe Montgomery,RB,RB,,1,CAR,0,0,0,0,0,0,0,0,0,0,0,0,,0,,,7,20,0,0,0,0,-3.66850062919548,0,0,0,0,0,0,0,0,0,0,,0,,,,,0,2.0,2.0
2002,REG+POST,00-0011551,,Dave Moore,TE,TE,,10,BUF,0,0,0,0,0,0,0,0,0,0,0,0,,0,,,0,0,0,0,0,0,,0,16,24,141,2,0,0,0,0,8,-2.04911238147179,0,0.0,0.0623376623376623,,,0,26.1,42.1
2002,REG+POST,00-0011568,,Herman Moore,WR,WR,,1,NYG,0,0,0,0,0,0,0,0,0,0,0,0,,0,,,0,0,0,0,0,0,,0,0,3,0,0,0,0,0,0,0,-2.47982476366451,0,,0.075,,,0,0.0,0.0
2002,REG+POST,00-0011626,,Brian Moorman,P,SPEC,,1,BUF,0,0,0,0,0,0,0,0,0,0,0,0,,0,,,1,-6,0,0,0,0,-2.75072786828969,0,0,0,0,0,0,0,0,0,0,,0,,,,,0,-0.6,-0.6
2002,REG+POST,00-0011727,,Johnnie Morton,WR,WR,,14,KC,0,0,0,0,0,0,0,0,0,0,0,0,,0,,,10,124,0,0,0,5,7.19655081006931,0,29,64,397,1,0,0,0,0,25,10.4995130296874,0,0.0,0.175824175824176,,,0,58.1,87.1
2002,REG+POST,00-0011754,,Randy Moss,WR,WR,,16,MIN,1,3,13,1,0,0,0,0,0,0,0,1,2.4605972697027,0,0.0,,6,51,0,0,0,3,2.58165659132646,0,106,184,1347,7,1,1,0,0,66,30.2695836647374,0,0.0,0.337614678899083,,,0,184.32,290.32
2002,REG+POST,00-0011770,,Eric Moulds,WR,WR,,16,BUF,0,0,0,0,0,0,0,0,0,0,0,0,,0,,,1,7,0,0,0,0,0.415469257859513,0,100,180,1292,10,1,0,0,0,64,42.4441348914796,0,0.0,0.299003322259136,,,0,189.9,289.9
2002,REG+POST,00-0011795,,Muhsin Muhammad,WR,WR,,14,CAR,0,0,0,0,0,0,0,0,0,0,0,0,,0,,,3,40,0,0,0,2,3.03038852347527,0,63,108,823,3,0,0,0,0,40,22.2225937123506,0,0.0,0.275510204081633,,,0,104.3,167.3
2002,REG+POST,00-0011854,,Yo Murphy,WR,WR,,4,LA,0,0,0,0,0,0,0,0,0,0,0,0,,0,,,0,0,0,0,0,0,,0,5,6,23,0,0,0,0,0,0,0.767180986816787,0,0.0,0.0377358490566038,,,0,2.3,7.3
2002,REG+POST,00-0011958,,Lorenzo Neal,FB,RB,,15,CIN,0,0,0,0,0,0,0,0,0,0,0,0,,0,,,9,31,0,0,0,3,-0.647469244664535,0,21,29,133,1,0,0,0,0,7,2.91162345494377,0,0.0,0.061965811965812,,,0,22.4,43.4
2002,REG+POST,00-0012261,,Neil O'Donnell,QB,QB,,3,TEN,3,6,24,0,0,0,0,0,0,0,0,2,0.730501256320222,0,0.0,0.0518241917474465,3,-3,0,0,0,0,-0.548225739505142,0,0,0,0,0,0,0,0,0,0,,0,,,,,0,0.66,0.66
2002,REG+POST,00-0012478,,Terrell Owens,WR,WR,,16,SF,1,1,25,0,0,0,0,0,0,0,0,1,1.71405742532806,0,0.0,,7,79,1,0,0,3,5.59948889058433,0,113,180,1512,15,0,0,0,0,72,81.5360417848416,2,0.0,0.310880829015544,,,0,260.1,373.1
2002,REG+POST,00-0012637,,Jerome Pathon,WR,WR,,14,NO,0,0,0,0,0,0,0,0,0,0,0,0,,0,,,0,0,0,0,0,0,,0,43,80,523,4,0,0,0,0,25,8.96789405795261,0,0.0,0.176600441501104,,,0,76.3,119.3
2002,REG+POST,00-0012642,,David Patten,WR,WR,,16,NE,0,1,0,0,0,0,0,0,0,0,0,0,-0.462884091306478,0,,,2,6,0,0,0,0,-0.421316551393829,0,61,120,824,5,0,0,0,0,39,7.97564531228852,0,0.0,0.203389830508475,,,0,113.0,174.0
2002,REG+POST,00-0012726,,Doug Pederson,QB,QB,,4,GB,19,28,134,1,0,1,8,0,0,0,0,7,-1.57057698947855,0,0.0,0.0307228790945399,1,-1,0,0,0,0,0.0,0,0,0,0,0,0,0,0,0,0,,0,,,,,0,9.26,9.26
2002,REG+POST,00-0012732,,Rodney Peete,QB,QB,,14,CAR,223,381,2630,15,14,31,192,8,6,0,0,114,-28.858475699947,0,0.0,0.0366089609524309,22,14,0,2,1,3,-22.6652739932917,0,0,0,0,0,0,0,0,0,0,,0,,,,,0,124.6,124.6
2002,REG+POST,00-0012809,,Ed Perry,LS,SPEC,,1,MIA,0,0,0,0,0,0,0,0,0,0,0,0,,0,,,0,0,0,0,0,0,,0,0,1,0,0,0,0,0,0,0,-11.6983195594512,0,,0.025,,,0,0.0,0.0
2002,REG+POST,00-0013013,,Michael Pittman,RB,RB,"https://static.www.nfl.com/image/private/f_auto,q_auto/league/xt52pieoe86wnuy0imar",19,TB,0,0,0,0,0,0,0,0,0,0,0,0,,0,,,258,900,1,4,3,42,-43.3431492361997,0,65,97,540,0,0,0,0,0,19,-3.18174778764464,0,0.0,0.149922720247295,,,0,144.0,209.0
2002,REG+POST,00-0013028,,Scott Player,P,SPEC,,1,ARI,0,0,0,0,0,0,0,0,0,0,0,0,,0,,,1,0,0,1,0,0,-3.79698322195327,0,0,0,0,0,0,0,0,0,0,,0,,,,,0,0.0,0.0
2002,REG+POST,00-0013042,,Jake Plummer,QB,QB,,16,ARI,284,530,2972,18,20,36,248,6,2,0,0,145,-56.0086246991642,1,0.0,0.0343029333932852,46,283,2,7,4,21,3.79846369643929,0,1,1,2,0,0,0,0,0,0,-0.382321472046897,0,0.0,0.032258064516129,,,0,181.38,182.38
2002,REG+POST,00-0013080,,Marcus Pollard,TE,TE,,16,IND,0,0,0,0,0,0,0,0,0,0,0,0,,0,,,0,0,0,0,0,0,,0,44,74,494,6,1,0,0,0,22,-5.985290998986,1,0.0,0.128919860627178,,,0,87.4,131.4
2002,REG+POST,00-0013232,,Peerless Price,WR,WR,,16,BUF,0,0,0,0,0,0,0,0,0,0,0,0,,0,,,3,-13,0,0,0,0,-3.87010521919001,0,94,148,1252,9,2,1,0,0,57,46.8555113919983,0,0.0,0.245847176079734,,,0,175.9,269.9
2002,REG+POST,00-0013262,,Stanley Pritchett,RB,RB,,12,CHI,0,0,0,0,0,0,0,0,0,0,0,0,,0,,,1,2,0,0,0,0,0.085096339462325,0,19,27,165,1,0,0,0,0,10,4.34859793662326,0,0.0,0.0731707317073171,,,0,22.7,41.7
2002,REG+POST,00-0013268,,Ricky Proehl,WR,WR,,15,LA,0,1,0,0,0,1,1,0,0,0,0,0,-1.11833579151426,0,,,0,0,0,0,0,0,,0,43,70,466,4,0,0,0,0,29,24.0556122431391,0,0.0,0.117252931323283,,,0,70.6,113.6
2002,REG+POST,00-0013338,,Jonathan Quinn,QB,QB,,1,KC,0,0,0,0,0,0,0,0,0,0,0,0,,0,,,1,-1,0,0,0,0,-0.4051813884289,0,0,0,0,0,0,0,0,0,0,,0,,,,,0,-0.1,-0.1
2002,REG+POST,00-0013422,,Walter Rasby,TE,TE,,9,WAS,0,0,0,0,0,0,0,0,0,0,0,0,,0,,,0,0,0,0,0,0,,0,9,13,85,0,0,0,0,0,3,0.296870762191247,0,0.0,0.0422077922077922,,,0,8.5,17.5
2002,REG+POST,00-0013512,,Jake Reed,WR,WR,,12,NO,0,0,0,0,0,0,0,0,0,0,0,0,,0,,,0,0,0,0,0,0,,0,21,47,360,3,1,1,0,0,16,15.0936309247306,0,0.0,0.120204603580563,,,0,52.0,73.0
2002,REG+POST,00-0013639,,Jerry Rice,WR,WR,,19,LV,0,0,0,0,0,0,0,0,0,0,0,0,,0,,,3,20,0,0,0,1,0.835861656581983,0,106,170,1414,9,2,1,0,0,70,59.3971708227125,0,0.0,0.234806629834254,,,0,195.4,301.4
2002,REG+POST,00-0013682,,Kyle Richardson,P,SPEC,,1,MIN,0,0,0,0,0,0,0,0,0,0,0,0,,0,,,1,0,0,0,0,0,-4.23813267052174,0,0,0,0,0,0,0,0,0,0,,0,,,,,0,0.0,0.0
2002,REG+POST,00-0013694,,Tony Richardson,FB,RB,,13,KC,0,0,0,0,0,0,0,0,0,0,0,0,,0,,,22,81,2,1,0,6,-0.159796590101905,0,18,23,125,1,0,0,0,0,6,5.1538144213846,0,0.0,0.0716510903426791,,,0,38.6,56.6
2002,REG+POST,00-0013712,,Mikhael Ricks,TE,TE,,14,DET,0,0,0,0,0,0,0,0,0,0,0,0,,0,,,0,0,0,0,0,0,,0,27,68,339,3,0,0,0,0,16,-7.33996471696116,0,0.0,0.138211382113821,,,0,51.9,78.9
2002,REG+POST,00-0013728,,Jay Riemersma,TE,TE,,16,BUF,0,0,0,0,0,0,0,0,0,0,0,0,,0,,,0,0,0,0,0,0,,0,32,48,350,0,0,0,0,0,26,10.4156116391052,0,0.0,0.079734219269103,,,0,35.0,67.0
2002,REG+POST,00-0013773,,Jon Ritchie,FB,RB,,15,LV,0,0,0,0,0,0,0,0,0,0,0,0,,0,,,0,0,0,0,0,0,,0,13,25,101,1,1,0,0,0,4,-5.83878401665138,0,0.0,0.0415282392026578,,,0,16.1,29.1
2002,REG+POST,00-0013888,,Marcus Robinson,WR,WR,,15,CHI,0,0,0,0,0,0,0,0,0,0,0,0,,0,,,0,0,0,0,0,0,,0,21,53,244,3,0,0,0,0,9,-9.21484765908127,0,0.0,0.104743083003953,,,0,42.4,63.4
2002,REG+POST,00-0013958,,Charlie Rogers,RB,RB,,1,BUF,0,0,0,0,0,0,0,0,0,0,0,0,,0,,,0,0,0,0,0,0,,0,0,0,0,0,0,0,0,0,0,,0,,,,,1,6.0,6.0
2002,REG+POST,00-0014071,,Allen Rossum,DB,DB,,1,ATL,0,0,0,0,0,0,0,0,0,0,0,0,,0,,,0,0,0,0,0,0,,0,0,0,0,0,0,0,0,0,0,,0,,,,,1,6.0,6.0
2002,REG+POST,00-0014083,,Tom Rouen,P,SPEC,,2,NYG,0,0,0,0,0,0,0,0,0,0,0,0,,0,,,2,0,0,2,0,0,-7.71999715443235,0,0,0,0,0,0,0,0,0,0,,0,,,,,0,0.0,0.0
2002,REG+POST,00-0014211,,Rod Rutledge,TE,TE,,2,HOU,0,0,0,0,0,0,0,0,0,0,0,0,,0,,,0,0,0,0,0,0,,0,0,3,0,0,0,0,0,0,0,-5.19833115959097,0,,0.0652173913043478,,,0,0.0,0.0
2002,REG+POST,00-0014328,,Frank Sanders,WR,WR,,11,ARI,0,0,0,0,0,0,0,0,0,0,0,0,,0,,,3,2,0,0,0,0,-1.13678208051715,0,34,58,400,2,0,0,0,0,21,7.3591150865848,1,0.0,0.160220994475138,,,0,54.2,88.2
2002,REG+POST,00-0014384,,Cory Sauter,QB,QB,,1,CHI,6,9,59,0,0,0,0,0,0,0,0,3,-1.27338309481274,0,0.0,0.0294327957850262,2,8,0,0,0,0,-0.448470914852805,0,0,0,0,0,0,0,0,0,0,,0,,,,,0,3.16,3.16
2002,REG+POST,00-0014450,,Cory Schlesinger,RB,RB,,15,DET,0,0,0,0,0,0,0,0,0,0,0,0,,0,,,49,139,2,2,2,6,-17.1626095304132,0,35,54,263,0,0,0,0,0,13,-5.50899371268106,0,0.0,0.104651162790698,,,0,48.2,83.2
2002,REG+POST,00-0014489,,Bill Schroeder,WR,WR,,14,DET,0,0,0,0,0,0,0,0,0,0,0,0,,0,,,0,0,0,0,0,0,,0,36,77,595,5,0,0,0,0,27,9.90593065316047,1,0.0,0.155241935483871,,,0,91.5,127.5
2002,REG+POST,00-0014544,,Darnay Scott,WR,WR,,14,DAL,0,0,0,0,0,0,0,0,0,0,0,0,,0,,,1,14,0,0,0,1,1.52357126632705,0,22,35,218,1,0,0,0,0,12,-3.63359530534303,0,0.0,0.0935828877005348,,,0,29.2,51.2
2002,REG+POST,00-0014722,,Shannon Sharpe,TE,TE,,13,DEN,0,0,0,0,0,0,0,0,0,0,0,0,,0,,,0,0,0,0,0,0,,0,61,88,686,3,0,0,0,0,32,28.7058381562727,0,0.0,0.195991091314031,,,0,86.6,147.6
2002,REG+POST,00-0014729,,Bobby Shaw,WR,WR,,16,JAX,0,0,0,0,0,0,0,0,0,0,0,0,,0,,,0,0,0,0,0,0,,0,44,74,525,1,0,0,0,0,32,6.52113840710686,0,0.0,0.179176755447942,,,1,64.5,108.5
2002,REG+POST,00-0014775,,Daimon Shelton,FB,RB,,5,CHI,0,0,0,0,0,0,0,0,0,0,0,0,,0,,,0,0,0,0,0,0,,0,7,9,34,0,0,0,0,0,4,-0.164084509888198,0,0.0,0.0542168674698795,,,0,3.4,10.4
2002,REG+POST,00-0015048,,David Sloan,TE,TE,,12,NO,0,0,0,0,0,0,0,0,0,0,0,0,,0,,,0,0,0,0,0,0,,0,12,25,127,0,0,0,0,0,6,1.9117575470591,0,0.0,0.0647668393782383,,,0,12.7,24.7
2002,REG+POST,00-0015082,,Akili Smith,QB,QB,,1,CIN,12,33,117,0,1,3,23,1,1,0,0,6,-27.1836730863433,0,0.0,0.0446198651269128,4,5,0,0,0,1,-0.37350758240791,0,0,0,0,0,0,0,0,0,0,,0,,,,,0,1.18,1.18
2002,REG+POST,00-0015091,,Antowain Smith,RB,RB,,16,NE,0,0,0,0,0,0,0,0,0,0,0,0,,0,,,252,982,6,2,1,56,-13.7916812089989,1,31,42,243,2,0,0,0,0,11,8.69871143338969,0,0.0,0.0779220779220779,,,0,170.5,201.5
2002,REG+POST,00-0015152,,Detron Smith,RB,RB,,1,IND,0,0,0,0,0,0,0,0,0,0,0,0,,0,,,0,0,0,0,0,0,,0,1,1,14,0,0,0,0,0,1,0.910887003410608,0,0.0,0.0294117647058824,,,0,1.4,2.4
2002,REG+POST,00-0015165,,Emmitt Smith,RB,RB,,16,DAL,0,0,0,0,0,0,0,0,0,0,0,0,,0,,,254,975,5,2,1,48,-34.0587227103749,0,16,24,89,0,1,0,0,0,4,-14.8113773265504,0,0.0,0.0616966580976864,,,0,134.4,150.4
2002,REG+POST,00-0015218,,Jimmy Smith,WR,WR,,16,JAX,0,0,0,0,0,0,0,0,0,0,0,0,,0,,,1,2,0,0,0,0,-0.497906947508454,0,80,137,1027,7,0,0,0,0,53,9.88160620063535,1,0.0,0.314220183486239,,,0,146.9,226.9
2002,REG+POST,00-0015242,,Lamar Smith,RB,RB,,11,CAR,0,0,0,0,0,0,0,0,0,0,0,0,,0,,,209,737,7,1,1,32,-29.6381618319923,0,20,26,167,0,1,1,0,0,8,-2.87095773925859,0,0.0,0.0915492957746479,,,0,128.4,148.4
2002,REG+POST,00-0015290,,Rod Smith,WR,WR,,16,DEN,0,1,0,0,0,0,0,0,0,0,0,0,-0.482535136397928,0,,,6,9,0,0,0,0,-2.56135182484286,0,89,147,1027,5,1,1,0,0,52,12.950600163783,0,0.0,0.271719038817006,,,0,131.6,220.6
2002,REG+POST,00-0015420,,Jerald Sowell,FB,RB,,10,NYJ,0,0,0,0,0,0,0,0,0,0,0,0,,0,,,2,2,0,0,0,0,-1.52699992095586,0,11,16,88,2,0,0,0,0,8,1.62300057823056,0,0.0,0.0474777448071217,,,0,21.0,32.0
2002,REG+POST,00-0015523,,Duce Staley,RB,RB,,18,PHI,0,0,0,0,0,0,0,0,0,0,0,0,,0,,,300,1150,6,4,0,60,-25.6419061730318,1,62,85,606,3,0,0,0,0,23,16.1995032591291,0,0.0,0.137540453074434,,,0,231.6,293.6
2002,REG+POST,00-0015550,,Chad Stanley,P,SPEC,,1,HOU,0,0,0,0,0,0,0,0,0,0,0,0,,0,,,1,6,0,1,0,0,-1.57053027069196,0,0,0,0,0,0,0,0,0,0,,0,,,,,0,0.6,0.6
2002,REG+POST,00-0015601,,Aaron Stecker,RB,RB,,15,TB,0,0,0,0,0,0,0,0,0,0,0,0,,0,,,32,192,0,1,1,8,0.871991858555703,0,14,17,72,0,0,0,0,0,3,-1.8256264681113,0,0.0,0.0643939393939394,,,0,24.4,38.4
2002,REG+POST,00-0015698,,James Stewart,RB,RB,,14,DET,0,1,0,0,0,0,0,0,0,0,0,0,-0.900614528916776,0,,,231,1021,4,0,0,46,-15.3669989607294,0,46,70,333,2,0,0,0,0,13,-15.7672716860927,0,0.0,0.139720558882236,,,0,171.4,217.4
2002,REG+POST,00-0015700,,Kordell Stewart,QB,QB,,7,PIT,109,166,1155,6,6,7,46,1,1,0,0,60,16.1780446420064,1,0.0,0.0922511167159,43,191,2,3,1,13,0.672065262580457,0,0,1,0,0,0,0,0,0,0,-0.719389594625682,0,,0.0256410256410256,,,0,87.3,87.3
2002,REG+POST,00-0015751,,J.J. Stokes,WR,WR,,14,SF,0,0,0,0,0,0,0,0,0,0,0,0,,0,,,0,0,0,0,0,0,,0,37,68,366,1,0,0,0,0,19,-3.94724383822575,0,0.0,0.133333333333333,,,0,42.6,79.6
2002,REG+POST,00-0015754,,Brandon Stokley,WR,WR,,8,BAL,0,0,0,0,0,0,0,0,0,0,0,0,,0,,,6,31,0,1,1,1,-2.20948317670263,0,24,52,357,2,0,0,0,0,16,2.68148206763911,0,0.0,0.206349206349206,,,0,48.8,72.8
2002,REG+POST,00-0015811,,Tai Streets,WR,WR,,17,SF,0,0,0,0,0,0,0,0,0,0,0,0,,0,,,0,0,0,0,0,0,,0,82,127,876,6,1,0,0,0,53,35.000694175541,0,0.0,0.20650406504065,,,0,123.6,205.6
2002,REG+POST,00-0015830,,Mack Strong,FB,RB,,14,SEA,0,0,0,0,0,0,0,0,0,0,0,0,,0,,,23,94,0,0,0,10,7.44491733994801,0,22,32,120,2,0,0,0,0,4,-10.2760480676441,0,0.0,0.0649087221095335,,,0,33.4,55.4
2002,REG+POST,00-0015959,,Kevin Swayne,WR,WR,,7,NYJ,0,0,0,0,0,0,0,0,0,0,0,0,,0,,,0,0,0,0,0,0,,0,6,16,90,0,1,0,0,0,4,-6.58075014966154,0,0.0,0.0666666666666667,,,0,9.0,15.0
2002,REG+POST,00-0015970,,Justin Swift,WR,WR,,8,SF,0,0,0,0,0,0,0,0,0,0,0,0,,0,,,0,0,0,0,0,0,,0,10,15,63,0,0,0,0,0,4,0.901003295287558,0,0.0,0.0480769230769231,,,0,6.3,16.3
2002,REG+POST,00-0015980,,Reggie Swinton,WR,WR,,4,DAL,0,0,0,0,0,0,0,0,0,0,0,0,,0,,,1,23,0,0,0,1,1.52620723901782,0,7,10,63,0,0,0,0,0,4,5.79516574670561,0,0.0,0.0900900900900901,,,1,14.6,21.6
2002,REG+POST,00-0016021,,John Tait,T,OL,,1,KC,0,0,0,0,0,0,0,0,0,0,0,0,,0,,,1,28,0,0,0,1,2.5525289731325,0,0,0,0,0,0,0,0,0,0,,0,,,,,0,2.8,2.8
2002,REG+POST,00-0016098,,Fred Taylor,RB,RB,,16,JAX,0,0,0,0,0,0,0,0,0,0,0,0,,0,,,287,1314,8,2,2,47,-87.9663221241783,1,49,57,408,0,1,0,0,0,15,3.19603334577527,1,0.0,0.138014527845036,,,0,220.2,269.2
2002,REG+POST,00-0016193,,Vinny Testaverde,QB,QB,,6,NYJ,54,83,499,3,3,9,62,2,2,0,0,23,-31.6174975633794,1,0.0,0.0240600690392596,4,21,0,0,0,1,-0.155611668946221,0,0,0,0,0,0,0,0,0,0,,0,,,,,0,26.06,26.06
2002,REG+POST,00-0016316,,Robert Thomas,FB,RB,,13,DAL,0,0,0,0,0,0,0,0,0,0,0,0,,0,,,10,31,0,0,0,2,-1.25750118651195,0,12,16,80,0,0,0,0,0,4,0.190825826022774,0,0.0,0.0551724137931035,,,0,11.1,23.1
2002,REG+POST,00-0016347,,Jeff Thomason,TE,TE,,7,PHI,0,0,0,0,0,0,0,0,0,0,0,0,,0,,,0,0,0,0,0,0,,0,10,12,128,2,0,0,0,0,8,15.9891507319408,0,0.0,0.0476190476190476,,,0,24.8,34.8
2002,REG+POST,00-0016373,,Derrius Thompson,WR,WR,,15,WAS,0,0,0,0,0,0,0,0,0,0,0,0,,0,,,10,77,0,0,0,4,4.75062618753873,0,53,93,773,4,2,2,0,0,35,26.8188381029265,0,0.0,0.183070866141732,,,0,105.0,158.0
2002,REG+POST,00-0016440,,James Thrash,WR,WR,,18,PHI,0,0,0,0,0,0,0,0,0,0,0,0,,0,,,20,130,2,0,0,9,4.5690689929761,0,58,115,735,7,1,1,0,0,30,9.45566585818267,0,0.0,0.186084142394822,,,0,138.5,196.5
2002,REG+POST,00-0016550,,Amani Toomer,WR,WR,,17,NYG,0,0,0,0,0,0,0,0,0,0,0,0,,0,,,1,2,0,0,0,0,-0.435044365003705,0,90,145,1479,11,1,0,0,0,65,105.989680782934,0,0.0,0.247863247863248,,,0,214.1,304.1
2002,REG+POST,00-0016677,,Jerame Tuman,TE,TE,,11,PIT,0,0,0,0,0,0,0,0,0,0,0,0,,0,,,0,0,0,0,0,0,,0,7,19,81,2,0,0,0,0,5,-4.08038375235628,1,0.0,0.0464547677261614,,,0,22.1,29.1
2002,REG+POST,00-0016683,,Tom Tupa,P,SPEC,,3,TB,0,1,0,0,1,0,0,0,0,0,0,0,-5.35417031752877,0,,,2,-9,0,1,0,0,-5.93467421160312,0,0,0,0,0,0,0,0,0,0,,0,,,,,0,-2.9,-2.9
2002,REG+POST,00-0016689,,Matt Turk,P,SPEC,,2,NYJ,0,1,0,0,1,0,0,1,0,0,0,0,-2.31285408977419,0,,,1,14,0,0,0,1,3.25680079637095,0,0,0,0,0,0,0,0,0,0,,0,,,,,0,-0.6,-0.6
2002,REG+POST,00-0016782,,Artie Ulmer,LB,LB,,1,ATL,0,0,0,0,0,0,0,0,0,0,0,0,,0,,,0,0,0,0,0,0,,0,0,0,0,0,0,0,0,0,0,,0,,,,,1,6.0,6.0
2002,REG+POST,00-0016837,,Tamarick Vanover,WR,WR,,2,LAC,0,0,0,0,0,0,0,0,0,0,0,0,,0,,,0,0,0,0,0,0,,0,0,2,0,0,0,0,0,0,0,-1.27826376981102,0,,0.0408163265306122,,,0,0.0,0.0
2002,REG+POST,00-0016838,,Alex Van Pelt,QB,QB,,1,BUF,2,2,5,0,0,0,0,0,0,0,0,0,-0.197209577047033,0,0.0,,0,0,0,0,0,0,,0,0,0,0,0,0,0,0,0,0,,0,,,,,0,0.2,0.2
2002,REG+POST,00-0016960,,Mike Vrabel,OLB,LB,,1,NE,0,0,0,0,0,0,0,0,0,0,0,0,,0,,,0,0,0,0,0,0,,0,1,1,1,1,0,0,0,0,1,1.47354166232981,0,0.0,0.0204081632653061,,,0,6.1,7.1
2002,REG+POST,00-0016990,,Mike Wahle,OG,OL,,1,GB,0,0,0,0,0,0,0,0,0,0,0,0,,0,,,0,0,0,0,0,0,,0,1,1,7,0,0,0,0,0,0,0.41187841608189,0,0.0,0.025,,,0,0.7,1.7
2002,REG+POST,00-0017109,,Wesley Walls,TE,TE,,12,CAR,0,0,0,0,0,0,0,0,0,0,0,0,,0,,,0,0,0,0,0,0,,0,19,36,241,4,0,0,0,0,12,4.49956629800269,0,0.0,0.108108108108108,,,0,48.1,67.1
2002,REG+POST,00-0017110,,Chris Walsh,WR,WR,,11,MIN,0,0,0,0,0,0,0,0,0,0,0,0,,0,,,0,0,0,0,0,0,,0,14,19,172,1,0,0,0,0,7,2.66350902468633,0,0.0,0.0485933503836317,,,0,23.2,37.2
2002,REG+POST,00-0017160,,Dedric Ward,WR,WR,,15,MIA,0,0,0,0,0,0,0,0,0,0,0,0,,0,,,0,0,0,0,0,0,,0,19,39,172,0,0,0,0,0,11,-2.46208419458498,0,0.0,0.0948905109489051,,,0,17.2,36.2
2002,REG+POST,00-0017162,,Hines Ward,WR,WR,,18,PIT,0,0,0,0,0,0,0,0,0,0,0,0,,1,,,15,147,0,0,0,7,7.8023930733325,0,130,188,1515,15,1,1,0,0,77,64.4756903002431,3,0.0,0.296998420221169,,,0,262.2,392.2
2002,REG+POST,00-0017200,,Kurt Warner,QB,QB,,7,LA,144,220,1431,3,11,21,130,7,2,0,0,66,-26.0009595603993,0,0.0,0.0262890201558635,8,33,0,1,0,2,-14.5295842140913,0,0,0,0,0,0,0,0,0,0,,0,,,,,0,46.54,46.54
2002,REG+POST,00-0017218,,Lamont Warren,RB,RB,,2,DET,0,0,0,0,0,0,0,0,0,0,0,0,,0,,,6,8,0,0,0,1,-1.96012467279797,0,4,12,56,2,0,0,0,0,2,0.32594827353023,0,0.0,0.169014084507042,,,0,18.4,22.4
2002,REG+POST,00-0017356,,Jed Weaver,TE,TE,,6,MIA,0,0,0,0,0,0,0,0,0,0,0,0,,0,,,0,0,0,0,0,0,,0,6,9,75,3,0,0,0,0,6,9.35242874978576,0,0.0,0.0580645161290323,,,0,25.5,31.5
2002,REG+POST,00-0017399,,Todd Weiner,T,OL,,1,ATL,0,0,0,0,0,0,0,0,0,0,0,0,,0,,,0,0,0,0,0,0,,0,1,1,0,0,0,0,0,0,0,1.69664417929016,0,,0.037037037037037,,,0,0.0,1.0
2002,REG+POST,00-0017470,,Michael Westbrook,WR,WR,,8,CIN,0,0,0,0,0,0,0,0,0,0,0,0,,0,,,1,1,0,0,0,0,-0.614774467423558,0,8,26,94,2,0,0,0,0,4,-7.6479277718463,0,0.0,0.0893470790378007,,,0,21.5,29.5
2002,REG+POST,00-0017486,,Tyrone Wheatley,RB,RB,,17,LV,0,0,0,0,0,0,0,0,0,0,0,0,,0,,,113,454,2,1,0,27,-2.05853269449956,0,13,21,78,0,0,0,0,0,2,-5.84411253622511,0,0.0,0.0774907749077491,,,0,65.2,78.2
2002,REG+POST,00-0017644,,Jermaine Wiggins,TE,TE,,7,CAR,0,0,0,0,0,0,0,0,0,0,0,0,,0,,,0,0,0,0,0,0,,0,10,15,62,1,1,1,0,0,3,-17.1361277313845,0,0.0,0.0612244897959184,,,0,10.2,20.2
2002,REG+POST,00-0017697,,Terrence Wilkins,WR,WR,,6,LA,0,0,0,0,0,0,0,0,0,0,0,0,,0,,,6,56,0,0,0,2,3.57403283356689,0,5,6,31,0,0,0,0,0,2,1.27352884609718,0,0.0,0.0263157894736842,,,0,8.7,13.7
2002,REG+POST,00-0017847,,Karl Williams,WR,WR,,9,TB,0,0,0,0,0,0,0,0,0,0,0,0,,0,,,3,-5,0,0,0,0,-2.48968872847036,0,8,12,84,1,0,0,0,0,4,6.09325367263933,0,0.0,0.0502092050209205,,,1,19.9,27.9
2002,REG+POST,00-0017861,,Kevin Williams,DB,DB,,1,HOU,0,0,0,0,0,0,0,0,0,0,0,0,,0,,,0,0,0,0,0,0,,0,0,0,0,0,0,0,0,0,0,,0,,,,,1,6.0,6.0
2002,REG+POST,00-0017892,,Moe Williams,RB,RB,,16,MIN,0,0,0,0,0,0,0,0,0,0,0,0,,0,,,84,414,11,0,0,35,24.7901388484449,0,27,41,251,0,1,0,0,26,11,5.09263052591572,0,0.0,0.0893246187363835,,,0,132.5,159.5
2002,REG+POST,00-0017896,,Nicolas Luchey,RB,RB,,6,CIN,0,0,0,0,0,0,0,0,0,0,0,0,,0,,,12,59,2,0,0,6,6.78559998964192,0,7,8,46,0,0,0,0,0,2,0.539123850234319,0,0.0,0.0357142857142857,,,0,22.5,29.5
2002,REG+POST,00-0017915,,Ricky Williams,RB,RB,,16,MIA,0,0,0,0,0,0,0,0,0,0,0,0,,0,,,383,1853,16,7,5,89,-12.8855939065209,0,47,59,363,1,0,0,0,0,14,8.3800839479054,0,0.0,0.141148325358852,,,0,313.6,360.6
2002,REG+POST,00-0017924,,Roland Williams,TE,TE,,13,LV,0,0,0,0,0,0,0,0,0,0,0,0,,0,,,0,0,0,0,0,0,,0,27,40,213,0,1,0,0,0,12,4.65744600541549,0,0.0,0.0743494423791822,,,0,21.3,48.3
2002,REG+POST,00-0018333,,Danny Wuerffel,QB,QB,,6,WAS,58,92,719,3,6,11,83,2,1,0,0,33,-6.51765826065551,0,0.0,0.0328111118911082,10,76,0,0,0,4,3.28672747126718,0,0,0,0,0,0,0,0,0,0,,0,,,,,0,34.36,34.36
2002,REG+POST,00-0018343,,Frank Wycheck,TE,TE,,16,TEN,1,2,13,0,0,0,0,0,0,0,0,1,0.387887717457488,0,0.0,,0,0,0,0,0,0,,0,54,86,510,3,1,1,0,0,31,2.51773370827062,0,0.0,0.166344294003868,,,0,67.52,121.52
2002,REG+POST,00-0018501,,Amos Zereoue,RB,RB,,18,PIT,0,0,0,0,0,0,0,0,0,0,0,0,,0,,,220,884,5,1,1,39,-23.8868924854332,0,44,56,351,0,1,1,0,0,14,-4.05679171552057,0,0.0,0.103896103896104,,,0,149.5,193.5
2002,REG+POST,00-0018588,,Alan Ricard,RB,RB,,12,BAL,0,0,0,0,0,0,0,0,0,0,0,0,,0,,,14,58,2,0,0,4,3.13640126312384,0,10,14,60,0,0,0,0,0,3,-3.29011935309973,0,0.0,0.0542635658914729,,,0,23.8,33.8
2002,REG+POST,00-0018958,,Laveranues Coles,WR,WR,,18,NYJ,0,0,0,0,0,0,0,0,0,0,0,0,,0,,,7,38,0,0,0,2,0.294087533606216,0,97,148,1330,5,1,0,0,0,73,80.5486331231163,1,0.0,0.268115942028986,,,0,168.8,265.8
2002,REG+POST,00-0018981,,Marcus Knight,WR,WR,,6,LV,0,0,0,0,0,0,0,0,0,0,0,0,,0,,,0,0,0,0,0,0,,0,3,9,26,0,0,0,0,0,0,-16.3721577179078,0,0.0,0.0330882352941177,,,0,2.6,5.6
2002,REG+POST,00-0018982,,Eric Johnson,LB,LB,,1,LV,0,0,0,0,0,0,0,0,0,0,0,0,,0,,,0,0,0,0,0,0,,0,0,0,0,0,0,0,0,0,0,,0,,,,,1,6.0,6.0
2002,REG+POST,00-0019019,,Micah Knorr,P,SPEC,,1,DAL,0,0,0,0,0,0,0,0,0,0,0,0,,0,,,1,-10,0,0,0,0,-3.35655980941374,0,0,0,0,0,0,0,0,0,0,,0,,,,,0,-1.0,-1.0
2002,REG+POST,00-0019035,,Leonard Stephens,TE,TE,,4,WAS,0,0,0,0,0,0,0,0,0,0,0,0,,0,,,0,0,0,0,0,0,,0,1,4,13,0,0,0,0,0,1,-1.24014437163714,0,0.0,0.0287769784172662,,,0,1.3,2.3
2002,REG+POST,00-0019057,,Jamel White,RB,RB,,15,CLE,0,0,0,0,0,0,0,0,0,0,0,0,,0,,,106,470,3,0,0,21,4.41031339635743,0,68,92,497,0,0,0,0,0,18,-2.47235268244042,0,0.0,0.174242424242424,,,0,114.7,182.7
2002,REG+POST,00-0019065,,Joe Dean Davenport,TE,TE,,9,IND,0,0,0,0,0,0,0,0,0,0,0,0,,0,,,0,0,0,0,0,0,,0,8,15,70,0,0,0,0,0,2,-4.68285648658639,0,0.0,0.0458715596330275,,,0,7.0,15.0
2002,REG+POST,00-0019087,,Doug Johnson,QB,QB,,7,ATL,38,58,462,2,3,3,11,2,0,0,0,24,10.891865778521,0,0.0,0.131502941256199,8,16,1,1,0,2,3.93117246622623,0,0,0,0,0,0,0,0,0,0,,0,,,,,0,28.08,28.08
2002,REG+POST,00-0019100,,Brad Hoover,FB,RB,,15,CAR,0,0,0,0,0,0,0,0,0,0,0,0,,0,,,31,129,0,0,0,7,-3.42971301225928,0,17,30,187,2,1,1,0,0,7,-0.423740691912262,0,0.0,0.078125,,,0,41.6,58.6
2002,REG+POST,00-0019109,,Scottie Montgomery,WR,WR,,8,DEN,0,0,0,0,0,0,0,0,0,0,0,0,,0,,,4,27,0,0,0,1,-0.124007387203164,0,4,6,51,1,0,0,0,0,4,4.51285050000297,0,0.0,0.031413612565445,,,0,13.8,17.8
2002,REG+POST,00-0019127,,Todd Yoder,TE,TE,,3,TB,0,0,0,0,0,0,0,0,0,0,0,0,,0,,,0,0,0,0,0,0,,0,2,5,26,0,0,0,0,0,2,0.354503435082734,0,0.0,0.0446428571428571,,,0,2.6,4.6
2002,REG+POST,00-0019135,,Dan Kreider,FB,RB,,14,PIT,0,0,0,0,0,0,0,0,0,0,0,0,,0,,,6,16,0,0,0,2,-0.614665690169204,0,20,27,136,1,1,0,0,0,10,4.61074478588984,1,0.0,0.0576923076923077,,,0,23.2,43.2
2002,REG+POST,00-0019172,,Bryan Johnson,FB,RB,,9,WAS,0,0,0,0,0,0,0,0,0,0,0,0,,0,,,1,0,0,0,0,0,-0.51069658016786,0,15,19,114,0,0,0,0,0,4,2.22992861806415,0,0.0,0.0622950819672131,,,0,11.4,26.4
2002,REG+POST,00-0019231,,Larry Foster,WR,WR,,12,DET,0,0,0,0,0,0,0,0,0,0,0,0,,0,,,0,0,0,0,0,0,,0,14,30,152,0,0,0,0,0,10,-6.39820404234342,0,0.0,0.0712589073634204,,,0,15.2,29.2
2002,REG+POST,00-0019250,,Trent Gamble,DB,DB,,1,MIA,0,0,0,0,0,0,0,0,0,0,0,0,,0,,,0,0,0,0,0,0,,0,0,0,0,0,0,0,0,0,0,,0,,,,,1,6.0,6.0
2002,REG+POST,00-0019290,,Zeron Flemister,TE,TE,,11,WAS,0,0,0,0,0,0,0,0,0,0,0,0,,0,,,0,0,0,0,0,0,,0,10,26,146,2,1,0,0,0,9,-4.22258982414389,0,0.0,0.0668380462724936,,,0,26.6,36.6
2002,REG+POST,00-0019302,,Bryan Gilmore,WR,WR,,3,ARI,0,0,0,0,0,0,0,0,0,0,0,0,,0,,,0,0,0,0,0,0,,0,1,4,14,0,0,0,0,0,1,-0.149424169299891,0,0.0,0.0392156862745098,,,0,1.4,2.4
2002,REG+POST,00-0019353,,Phillip Crosby,FB,RB,,5,BUF,0,0,0,0,0,0,0,0,0,0,0,0,,0,,,0,0,0,0,0,0,,0,4,8,33,0,0,0,0,0,2,0.0734099981491454,0,0.0,0.0418848167539267,,,0,3.3,7.3
2002,REG+POST,00-0019404,,John Jones,TE,TE,,6,BAL,0,0,0,0,0,0,0,0,0,0,0,0,,0,,,0,0,0,0,0,0,,0,6,11,47,1,0,0,0,0,3,2.67441752151353,0,0.0,0.0582010582010582,,,0,10.7,16.7
2002,REG+POST,00-0019453,,Rod Smart,RB,RB,,1,CAR,0,0,0,0,0,0,0,0,0,0,0,0,,0,,,1,2,0,0,0,1,1.52661870478187,0,0,0,0,0,0,0,0,0,0,,0,,,,,0,0.2,0.2
2002,REG+POST,00-0019454,,Robert Baker,WR,WR,,2,MIA,0,0,0,0,0,0,0,0,0,0,0,0,,0,,,0,0,0,0,0,0,,0,1,4,17,0,0,0,0,0,1,-1.25047561165411,0,0.0,0.0727272727272727,,,0,1.7,2.7
2002,REG+POST,00-0019455,,Peter Warrick,WR,WR,,15,CIN,0,0,0,0,0,0,0,0,0,0,0,0,,0,,,8,22,0,1,0,1,-2.54308972743939,0,53,81,606,6,0,0,0,0,26,13.0647686391306,0,0.0,0.152830188679245,,,0,98.8,151.8
2002,REG+POST,00-0019456,,Brian Urlacher,MLB,LB,,1,CHI,0,1,0,0,0,0,0,0,0,0,0,0,-2.50735604460351,0,,,0,0,0,0,0,0,,0,0,0,0,0,0,0,0,0,0,,0,,,,,0,0.0,0.0
2002,REG+POST,00-0019457,,Anthony Becht,TE,TE,,16,NYJ,0,0,0,0,0,0,0,0,0,0,0,0,,0,,,0,0,0,0,0,0,,0,32,51,265,5,0,0,0,0,19,8.88751393245619,1,0.0,0.103658536585366,,,0,58.5,90.5
2002,REG+POST,00-0019461,,JaJuan Dawson,WR,WR,,13,HOU,0,0,0,0,0,0,0,0,0,0,0,0,,0,,,0,0,0,0,0,0,,0,21,39,286,0,1,0,0,0,16,5.73579266585602,0,0.0,0.106267029972752,,,0,28.6,49.6
2002,REG+POST,00-0019464,,Dustin Lyman,TE,TE,,5,CHI,0,0,0,0,0,0,0,0,0,0,0,0,,0,,,0,0,0,0,0,0,,0,14,20,121,2,0,0,0,0,6,5.98702172815683,0,0.0,0.099009900990099,,,0,24.1,38.1
2002,REG+POST,00-0019466,,Curtis Keaton,RB,RB,,3,NO,0,0,0,0,0,0,0,0,0,0,0,0,,0,,,12,19,0,1,0,0,-5.16869411338121,0,0,0,0,0,0,0,0,0,0,,0,,,,,0,1.9,1.9
2002,REG+POST,00-0019484,,Sammy Morris,RB,RB,,5,BUF,0,0,0,0,0,0,0,0,0,0,0,0,,0,,,2,5,0,0,0,0,-0.579954429995269,0,3,4,48,0,0,0,0,0,3,3.65538605529582,0,0.0,0.036036036036036,,,0,5.3,8.3
2002,REG+POST,00-0019491,,James Williams,WR,WR,,8,SEA,0,0,0,0,0,0,0,0,0,0,0,0,,0,,,0,0,0,0,0,0,,0,9,20,99,0,0,0,0,0,5,-2.4166623976087,0,0.0,0.0647249190938511,,,0,9.9,18.9
2002,REG+POST,00-0019510,,Ahmad Merritt,WR,WR,,10,CHI,0,0,0,0,0,0,0,0,0,0,0,0,,0,,,1,5,0,0,0,0,0.0066212643869221,0,14,26,100,0,1,1,0,0,5,-20.5726469171987,0,0.0,0.0778443113772455,,,0,8.5,22.5
2002,REG+POST,00-0019516,,Troy Hambrick,RB,RB,,16,DAL,0,0,0,0,0,0,0,0,0,0,0,0,,0,,,79,317,1,1,0,16,-15.4326914003243,0,21,24,99,0,1,1,0,0,1,-7.33961141022155,0,0.0,0.0655737704918033,,,0,45.6,66.6
2002,REG+POST,00-0019518,,Jason Starkey,C,OL,,1,ARI,0,0,0,0,0,0,0,0,0,0,0,0,,0,,,0,0,0,0,0,0,,0,1,1,7,0,0,0,0,0,0,0.390830473508686,0,0.0,0.037037037037037,,,0,0.7,1.7
2002,REG+POST,00-0019533,,Patrick Pass,RB,RB,,1,NE,0,0,0,0,0,0,0,0,0,0,0,0,,0,,,4,27,0,0,0,1,2.03938898636261,0,0,0,0,0,0,0,0,0,0,,0,,,,,0,2.7,2.7
2002,REG+POST,00-0019534,,Rondell Mealey,RB,RB,,3,GB,0,0,0,0,0,0,0,0,0,0,0,0,,0,,,11,36,1,0,0,3,-0.398229128768435,0,7,9,45,0,0,0,0,0,2,1.89866971940501,0,0.0,0.0737704918032787,,,0,14.1,21.1
2002,REG+POST,00-0019539,,Dante Hall,WR,WR,,15,KC,0,0,0,0,0,0,0,0,0,0,0,0,,0,,,11,54,0,0,0,4,1.72489498935418,0,20,35,322,3,0,0,0,0,11,15.5470117561038,0,0.0,0.0864197530864198,,,3,73.6,93.6
2002,REG+POST,00-0019543,,Danny Farmer,WR,WR,,6,CIN,0,0,0,0,0,0,0,0,0,0,0,0,,0,,,0,0,0,0,0,0,,0,9,15,115,0,0,0,0,0,4,-5.59033208159963,0,0.0,0.076530612244898,,,0,11.5,20.5
2002,REG+POST,00-0019547,,Avion Black,WR,WR,,6,HOU,0,0,0,0,0,0,0,0,0,0,0,0,,0,,,0,0,0,0,0,0,,0,6,12,52,0,0,0,0,0,2,-4.46803791151615,0,0.0,0.0851063829787234,,,1,11.2,17.2
2002,REG+POST,00-0019552,,Troy Walters,WR,WR,,11,IND,0,0,0,0,0,0,0,0,0,0,0,0,,0,,,2,33,0,0,0,2,1.88413212262094,0,19,29,224,0,1,1,0,0,14,5.77585356329937,0,0.0,0.0798898071625344,,,0,23.7,42.7
2002,REG+POST,00-0019558,,Mondriel Fulcher,TE,TE,,1,LV,0,0,0,0,0,0,0,0,0,0,0,0,,0,,,0,0,0,0,0,0,,0,0,1,0,0,0,0,0,0,0,-0.446621252223849,0,,0.0357142857142857,,,0,0.0,0.0
2002,REG+POST,00-0019559,,Chad Pennington,QB,QB,,17,NYJ,315,471,3525,26,8,28,157,2,2,0,0,193,121.652480843881,1,0.0,0.129262146246896,32,55,2,2,1,8,-6.14243629068369,0,0,0,0,0,0,0,0,0,0,,0,,,,,0,242.5,242.5
2002,REG+POST,00-0019564,,Aaron Shea,TE,TE,,5,CLE,0,0,0,0,0,0,0,0,0,0,0,0,,0,,,0,0,0,0,0,0,,0,7,8,49,0,0,0,0,0,1,1.43292843509698,0,0.0,0.0377358490566038,,,0,4.9,11.9
2002,REG+POST,00-0019569,,James Whalen,TE,TE,,12,DAL,0,0,0,0,0,0,0,0,0,0,0,0,,0,,,0,0,0,0,0,0,,0,17,29,152,0,0,0,0,0,7,-0.163819921956689,0,0.0,0.0850439882697947,,,0,15.2,32.2
2002,REG+POST,00-0019576,,Mike Green,RB,RB,,10,TEN,0,0,0,0,0,0,0,0,0,0,0,0,,0,,,21,71,0,0,0,3,-2.70122603001073,0,7,10,57,1,0,0,0,0,4,4.17360820475733,0,0.0,0.0558659217877095,,,0,18.8,25.8
2002,REG+POST,00-0019587,,Terrelle Smith,FB,RB,,8,NO,0,0,0,0,0,0,0,0,0,0,0,0,,0,,,5,11,0,0,0,0,-1.8470629635267,0,9,13,30,0,1,1,0,0,1,-6.85471303840757,0,0.0,0.0472727272727273,,,0,2.1,11.1
2002,REG+POST,00-0019590,,Chad Morton,RB,RB,,5,NYJ,0,0,0,0,0,0,0,0,0,0,0,0,,0,,,5,11,0,0,0,0,-2.49269470293075,0,3,5,19,0,0,0,0,0,0,-1.70196092450866,0,0.0,0.0495049504950495,,,2,15.0,18.0
2002,REG+POST,00-0019594,,Mike Anderson,RB,RB,,15,DEN,0,0,0,0,0,0,0,0,0,0,0,0,,0,,,84,386,2,2,1,24,2.55304163631249,0,18,24,167,2,0,0,0,0,7,1.62694599796584,0,0.0,0.0672268907563025,,,0,77.3,95.3
2002,REG+POST,00-0019596,T.Brady,Tom Brady,QB,QB,"https://static.www.nfl.com/image/private/f_auto,q_auto/league/q7dpdlxyu5rs05rgh1le",16,NE,373,601,3764,28,14,31,190,5,3,0,0,184,13.0395376833523,2,0.0,0.0629124589892044,42,110,1,6,2,20,-9.99651651910188,0,0,0,0,0,0,0,0,0,0,,0,,,,,0,245.56,245.56
2002,REG+POST,00-0019599,,Marc Bulger,QB,QB,,7,LA,138,214,1826,14,6,12,102,1,1,0,0,86,60.4302055034972,0,0.0,0.124559786058026,12,-13,1,1,1,1,-12.9289252596791,0,1,1,3,0,0,0,0,0,0,-0.44111951906234,0,0.0,0.027027027027027,,,0,118.04,119.04
2002,REG+POST,00-0019600,,Michael L. Lewis,WR,WR,,9,NO,0,0,0,0,0,0,0,0,0,0,0,0,,0,,,1,15,0,0,0,1,1.76914000604302,0,8,19,200,0,1,1,0,0,4,-2.98690430879775,0,0.0,0.0695970695970696,,,3,37.5,45.5
2002,REG+POST,00-0019606,,Todd Pinkston,WR,WR,,17,PHI,0,0,0,0,0,0,0,0,0,0,0,0,,0,,,1,-15,0,1,0,0,-1.90547005506232,0,68,131,897,7,1,0,0,0,45,23.018027728923,0,0.0,0.220910623946037,,,0,130.2,198.2
2002,REG+POST,00-0019610,,Reuben Droughns,RB,RB,,7,DEN,0,0,0,0,0,0,0,0,0,0,0,0,,0,,,4,11,1,0,0,1,1.30114663345739,0,5,7,53,1,0,0,0,0,2,3.10764606488991,0,0.0,0.0421686746987952,,,0,18.4,23.4
2002,REG+POST,00-0019614,,Michael Wiley,RB,RB,,16,DAL,0,0,0,0,0,1,4,0,0,0,0,0,-1.20283010153798,0,,,22,168,1,0,0,7,3.79495744212794,0,13,29,144,0,0,0,0,0,7,-4.82290680618746,0,0.0,0.0751295336787565,,,0,37.2,50.2
2002,REG+POST,00-0019623,,Tim Rattay,QB,QB,,4,SF,26,43,232,2,0,5,26,2,0,0,0,11,-3.19220189933268,0,0.0,0.0283947323921882,5,0,0,0,0,0,-3.61946965951938,0,0,0,0,0,0,0,0,0,0,,0,,,,,0,17.28,17.28
2002,REG+POST,00-0019625,,Drew Haddad,WR,WR,,1,IND,0,0,0,0,0,0,0,0,0,0,0,0,,0,,,0,0,0,0,0,0,,0,1,1,11,0,0,0,0,0,1,0.53280654642731,0,0.0,0.02,,,0,1.1,2.1
2002,REG+POST,00-0019641,,Thomas Jones,RB,RB,,9,ARI,0,0,0,0,0,0,0,0,0,0,0,0,,0,,,138,511,2,3,2,21,-15.3847404149822,0,20,30,113,0,0,0,0,0,4,-8.91041205381295,0,0.0,0.102389078498294,,,0,70.4,90.4
2002,REG+POST,00-0019642,,Plaxico Burress,WR,WR,,18,PIT,0,0,0,0,0,0,0,0,0,0,0,0,,0,,,0,0,0,0,0,0,,0,86,161,1487,8,2,1,0,0,72,31.5243876154128,2,0.0,0.25434439178515,,,0,198.7,284.7
2002,REG+POST,00-0019643,,Ron Dayne,RB,RB,,17,NYG,0,0,0,0,0,0,0,0,0,0,0,0,,0,,,128,432,3,1,1,26,-18.2906136377599,0,11,13,49,0,0,0,0,0,1,-6.62664731114637,0,0.0,0.037037037037037,,,0,64.1,75.1
2002,REG+POST,00-0019644,,Bubba Franks,TE,TE,,17,GB,1,1,31,1,0,0,0,0,0,0,0,1,3.92756299162284,0,0.0,,0,0,0,0,0,0,,0,56,76,462,7,0,0,0,0,29,22.4648929359677,0,0.0,0.123980424143556,,,0,93.44,149.44
2002,REG+POST,00-0019647,,Shaun Alexander,RB,RB,,16,SEA,0,0,0,0,0,0,0,0,0,0,0,0,,0,,,295,1175,16,2,1,61,-16.2956888076753,0,59,78,460,2,1,0,0,0,19,5.10192351111693,0,0.0,0.134948096885813,,,0,269.5,328.5
2002,REG+POST,00-0019649,,Trung Canidate,RB,RB,,6,LA,0,0,0,0,0,0,0,0,0,0,0,0,,0,,,17,48,0,1,1,2,-7.18624050443759,0,4,6,31,0,0,0,0,0,2,-5.30251467114431,0,0.0,0.0384615384615385,,,0,5.9,9.9
2002,REG+POST,00-0019650,,Dennis Northcutt,WR,WR,,13,CLE,0,0,0,0,0,0,0,0,0,0,0,0,,0,,,9,109,1,0,0,4,8.31979301356478,0,44,57,693,7,0,0,0,10,37,62.8190383336264,1,0.0,0.133177570093458,,,2,142.2,186.2
2002,REG+POST,00-0019659,,Erron Kinney,TE,TE,,11,TEN,0,0,0,0,0,0,0,0,0,0,0,0,,0,,,0,0,0,0,0,0,,0,17,25,208,1,0,0,0,0,13,8.27389390364988,0,0.0,0.0673854447439353,,,0,26.8,43.8
2002,REG+POST,00-0019660,,Dez White,WR,WR,,16,CHI,0,0,0,0,0,0,0,0,0,0,0,0,,0,,,3,11,0,0,0,1,-0.487387284054421,0,51,94,656,4,1,1,0,0,28,3.65223692557493,0,0.0,0.176360225140713,,,0,88.7,139.7
2002,REG+POST,00-0019662,,Ron Dixon,WR,WR,,11,NYG,0,0,0,0,0,0,0,0,0,0,0,0,,0,,,0,0,0,0,0,0,,0,27,42,429,2,1,1,0,5,23,21.0031762409175,0,0.0,0.11260053619303,,,0,52.9,79.9
2002,REG+POST,00-0019663,,Darrell Jackson,WR,WR,,13,SEA,0,0,0,0,0,0,0,0,0,0,0,0,,0,,,3,3,0,0,0,0,-1.56971639918629,0,62,112,877,4,2,2,0,0,37,10.5365931295436,0,0.0,0.239316239316239,,,0,108.0,170.0
2002,REG+POST,00-0019670,,Trevor Gaylor,WR,WR,,13,ATL,0,0,0,0,0,0,0,0,0,0,0,0,,0,,,0,0,0,0,0,0,,0,29,59,420,3,1,0,0,0,24,14.592237097536,0,0.0,0.155263157894737,,,0,60.0,89.0
2002,REG+POST,00-0019673,,Paul Smith,RB,RB,,4,SF,0,0,0,0,0,0,0,0,0,0,0,0,,0,,,18,90,0,0,0,6,0.689140683272854,0,5,8,33,0,0,0,0,0,1,-0.386643765465124,0,0.0,0.0571428571428571,,,0,12.3,17.3
2002,REG+POST,00-0019693,,Jamal Lewis,RB,RB,,16,BAL,0,0,0,0,0,0,0,0,0,0,0,0,,0,,,308,1327,6,7,6,64,-28.2378252179976,0,47,60,442,1,1,1,0,0,14,10.7332453483283,0,0.0,0.127388535031847,,,0,204.9,251.9
2002,REG+POST,00-0019703,,Jerry Porter,WR,WR,,19,LV,0,0,0,0,0,0,0,0,0,0,0,0,,0,,,4,6,0,0,0,0,-2.27225445234217,0,65,92,925,12,0,0,0,0,45,52.2364249886392,2,0.0,0.12707182320442,,,0,169.1,234.1
2002,REG+POST,00-0019708,,Ron Dugans,WR,WR,,15,CIN,0,0,0,0,0,0,0,0,0,0,0,0,,0,,,0,0,0,0,0,0,,0,47,73,421,0,0,0,0,0,23,-12.6061889813514,0,0.0,0.13394495412844,,,0,42.1,89.1
2002,REG+POST,00-0019709,,Chris Redman,QB,QB,,6,BAL,97,182,1034,7,3,11,68,4,2,0,0,49,-19.8369735151044,0,0.0,0.0347908043604439,10,8,0,1,0,2,-3.42516808584332,0,0,0,0,0,0,0,0,0,0,,0,,,,,0,60.16,60.16
2002,REG+POST,00-0019712,,Doug Chapman,RB,RB,,5,MIN,0,0,0,0,0,0,0,0,0,0,0,0,,0,,,12,89,0,1,0,4,3.10637551906984,0,0,1,0,0,0,0,0,0,0,-0.899784483481199,0,,0.0357142857142857,,,0,8.9,8.9
2002,REG+POST,00-0019721,,Travis Taylor,WR,WR,,16,BAL,0,0,0,0,0,0,0,0,0,0,0,0,,0,,,11,105,0,0,0,4,3.00883741906612,0,61,118,869,6,0,0,0,0,40,28.7193543208947,0,0.0,0.250530785562633,,,0,133.4,194.4
2002,REG+POST,00-0019722,,J.R. Redmond,RB,RB,,3,NE,0,0,0,0,0,0,0,0,0,0,0,0,,0,,,4,2,0,0,0,0,-1.31115203502122,0,2,3,5,0,0,0,0,0,0,-1.66571571718669,0,0.0,0.0326086956521739,,,0,0.7,2.7
2002,REG+POST,00-0019725,,Rafael Cooper,RB,RB,,4,DET,0,0,0,0,0,0,0,0,0,0,0,0,,0,,,12,57,0,0,0,4,-1.14936704561114,0,1,3,4,0,0,0,0,0,0,-9.01644666079665,0,0.0,0.0769230769230769,,,0,6.1,7.1
2002,REG+POST,00-0019764,,Henry Burris,QB,QB,,6,CHI,18,51,207,3,5,4,20,3,2,0,0,9,-37.0426854238978,0,0.0,0.0330884082437854,15,104,0,1,0,8,4.4273003328708,0,0,0,0,0,0,0,0,0,0,,0,,,,,0,16.68,16.68
2002,REG+POST,00-0019794,,Aveion Cason,RB,RB,,10,DET,0,0,0,0,0,0,0,0,0,0,0,0,,0,,,26,107,0,0,0,3,-0.806150544882441,0,19,32,288,2,0,0,0,0,8,5.15083246963332,0,0.0,0.0972644376899696,,,0,51.5,70.5
2002,REG+POST,00-0019808,,Kenny Watson,RB,RB,,15,WAS,0,0,0,0,0,0,0,0,0,0,0,0,,0,,,116,534,1,0,0,32,6.70191097408357,0,32,43,253,1,0,0,0,0,6,-7.36794769263975,0,0.0,0.0940919037199125,,,0,90.7,122.7
2002,REG+POST,00-0019826,,R.J. Bowers,RB,RB,,1,CLE,0,0,0,0,0,0,0,0,0,0,0,0,,0,,,0,0,0,0,0,0,,0,0,1,0,0,0,0,0,0,0,-0.976640965964179,0,,0.025,,,0,0.0,0.0
2002,REG+POST,00-0019831,,Nick Goings,RB,RB,,13,CAR,0,0,0,0,0,0,0,0,0,0,0,0,,0,,,50,188,0,2,1,10,-16.9918948264365,1,18,29,91,0,0,0,0,0,3,-12.693690843549,0,0.0,0.100346020761246,,,0,27.9,45.9
2002,REG+POST,00-0019889,,Elvis Joseph,RB,RB,,1,JAX,0,0,0,0,0,0,0,0,0,0,0,0,,0,,,0,0,0,0,0,0,,0,0,1,0,0,0,0,0,0,0,-0.345016781589948,0,,0.032258064516129,,,0,0.0,0.0
2002,REG+POST,00-0019916,,Patrick Washington,FB,RB,,3,JAX,0,0,0,0,0,0,0,0,0,0,0,0,,0,,,0,0,0,0,0,0,,0,1,3,5,0,0,0,0,0,0,-1.44924687757157,0,0.0,0.05,,,0,0.5,1.5
2002,REG+POST,00-0019976,,Drew Bennett,WR,WR,,17,TEN,0,0,0,0,0,0,0,0,0,0,0,0,,0,,,0,0,0,0,0,0,,0,43,78,621,3,0,0,0,0,32,29.1682842285758,0,0.0,0.141560798548094,,,0,80.1,123.1
2002,REG+POST,00-0020002,,Tam Hopkins,T,OL,,1,NYG,0,0,0,0,0,0,0,0,0,0,0,0,,0,,,0,0,0,0,0,0,,0,0,1,0,0,0,0,0,0,0,-2.12308522197418,0,,0.0227272727272727,,,0,0.0,0.0
2002,REG+POST,00-0020018,,Arnold Jackson,WR,WR,,4,ARI,0,0,0,0,0,0,0,0,0,0,0,0,,0,,,0,0,0,0,0,0,,0,5,9,42,1,0,0,0,0,2,1.47696640712093,0,0.0,0.0661764705882353,,,0,10.2,15.2
2002,REG+POST,00-0020021,,Nate Poole,WR,WR,,4,ARI,0,0,0,0,0,0,0,0,0,0,0,0,,0,,,0,0,0,0,0,0,,0,13,22,108,1,0,0,0,0,7,3.77229114758666,0,0.0,0.161764705882353,,,0,16.8,29.8
2002,REG+POST,00-0020022,,Marcel Shipp,RB,RB,,14,ARI,0,0,0,0,0,0,0,0,0,0,0,0,,0,,,188,834,6,3,3,43,-16.4278367167089,0,38,49,413,3,1,1,0,0,13,11.6726746737013,0,0.0,0.11264367816092,,,0,170.7,208.7
2002,REG+POST,00-0020062,,James Jordan,WR,WR,,2,SF,0,0,0,0,0,0,0,0,0,0,0,0,,0,,,0,0,0,0,0,0,,0,0,2,0,0,0,0,0,0,0,-2.44370363204507,0,,0.02,,,0,0.0,0.0
2002,REG+POST,00-0020094,,Stephen Trejo,RB,RB,,2,DET,0,0,0,0,0,0,0,0,0,0,0,0,,0,,,1,0,0,0,0,0,-0.416559275705367,0,2,4,13,0,0,0,0,0,0,-0.844172792858444,0,0.0,0.0930232558139535,,,0,1.3,3.3
2002,REG+POST,00-0020126,,Tory Woodbury,QB,QB,,1,NYJ,0,0,0,0,0,0,0,0,0,0,0,0,,0,,,0,0,0,0,0,0,,0,1,1,13,0,0,0,0,0,1,1.73818891355768,0,0.0,0.0263157894736842,,,0,1.3,2.3
2002,REG+POST,00-0020159,,Derek Dorris,WR,WR,,2,NYG,0,0,0,0,0,0,0,0,0,0,0,0,,0,,,0,0,0,0,0,0,,0,0,2,0,0,0,0,0,0,0,-2.31730892942869,0,,0.0266666666666667,,,0,0.0,0.0
2002,REG+POST,00-0020171,,Boo Williams,WR,WR,,12,NO,0,0,0,0,0,0,0,0,0,0,0,0,,0,,,0,0,0,0,0,0,,0,13,31,143,2,0,0,0,0,9,-5.34784828501656,1,0.0,0.0763546798029557,,,0,28.3,41.3
2002,REG+POST,00-0020173,,James Fenderson,RB,RB,,7,NO,0,0,0,0,0,0,0,0,0,0,0,0,,0,,,13,65,1,0,0,2,-0.984365910865159,0,6,10,38,0,1,1,0,0,2,-4.19444191019284,0,0.0,0.105263157894737,,,0,14.3,20.3
2002,REG+POST,00-0020187,,Marcellus Rivers,TE,TE,,3,NYG,0,0,0,0,0,0,0,0,0,0,0,0,,0,,,0,0,0,0,0,0,,0,2,2,25,1,0,0,0,0,1,3.41791914723581,1,0.0,0.0338983050847458,,,0,10.5,12.5
2002,REG+POST,00-0020214,,Matt Allen,P,SPEC,,4,NYG,0,1,0,0,0,0,0,0,0,0,0,0,-2.12308522197418,0,,,3,23,0,1,0,1,-0.0592477398458868,0,0,0,0,0,0,0,0,0,0,,0,,,,,0,2.3,2.3
2002,REG+POST,00-0020245,,Mike Vick,QB,QB,"https://static.www.nfl.com/image/private/f_auto,q_auto/league/hrg4riwhpjbijfovsjrk",17,ATL,266,484,3327,17,10,36,233,4,2,0,0,160,31.306752660027,0,0.0,0.0923372226608276,129,871,8,6,4,51,27.5253009724083,0,0,0,0,0,0,0,0,0,0,,0,,,,,0,304.18,304.18
2002,REG+POST,00-0020256,,Kevin Kasper,WR,WR,,4,ARI,0,0,0,0,0,0,0,0,0,0,0,0,,0,,,3,19,0,0,0,1,1.23607778653968,0,15,24,180,3,0,0,0,0,11,10.1180002256879,0,0.0,0.192,,,0,37.9,52.9
2002,REG+POST,00-0020268,,Tony Stewart,TE,TE,,1,CIN,0,0,0,0,0,0,0,0,0,0,0,0,,0,,,0,0,0,0,0,0,,0,1,1,6,0,0,0,0,0,0,0.0728958363179117,0,0.0,0.024390243902439,,,0,0.6,1.6
2002,REG+POST,00-0020272,,Snoop Minnis,WR,WR,,1,KC,0,0,0,0,0,0,0,0,0,0,0,0,,0,,,0,0,0,0,0,0,,0,1,4,4,0,0,0,0,0,0,-2.46455872157821,0,0.0,0.102564102564103,,,0,0.4,1.4
2002,REG+POST,00-0020274,,Billy Baber,TE,TE,,3,KC,0,0,0,0,0,0,0,0,0,0,0,0,,0,,,0,0,0,0,0,0,,0,2,3,10,1,0,0,0,0,1,1.12958252156386,0,0.0,0.0340909090909091,,,0,7.0,9.0
2002,REG+POST,00-0020285,,Alge Crumpler,TE,TE,,18,ATL,0,0,0,0,0,0,0,0,0,0,0,0,,0,,,0,0,0,0,0,0,,0,41,67,530,5,0,0,0,4,30,34.6672891289053,0,0.0,0.130604288499025,,,0,83.0,124.0
2002,REG+POST,00-0020305,,A.J. Feeley,QB,QB,,6,PHI,86,154,1011,6,5,7,48,0,0,0,0,44,4.21871804644519,0,0.0,0.0427294451244645,12,6,0,2,1,0,-10.6890064360341,0,0,0,0,0,0,0,0,0,0,,0,,,,,0,53.04,53.04
2002,REG+POST,00-0020308,,Mike McMahon,QB,QB,,8,DET,62,147,874,7,9,12,99,3,1,0,0,40,-31.437048470849,1,0.0,0.0282695370315848,14,96,3,1,0,7,8.10448735384853,0,1,1,7,0,0,0,0,0,1,0.960067509906366,0,0.0,0.0232558139534884,,,0,73.26,74.26
2002,REG+POST,00-0020315,,Derrick Blaylock,RB,RB,,7,KC,0,0,0,0,0,0,0,0,0,0,0,0,,0,,,16,72,0,0,0,2,-2.40698294650065,0,5,10,47,0,0,0,0,0,2,-3.46324593003374,0,0.0,0.0826446280991736,,,0,11.9,16.9
2002,REG+POST,00-0020327,,Jimmy Williams,DB,DB,,1,SF,0,0,0,0,0,0,0,0,0,0,0,0,,0,,,0,0,0,0,0,0,,0,0,0,0,0,0,0,0,0,0,,0,,,,,1,6.0,6.0
2002,REG+POST,00-0020332,,David Martin,TE,TE,,7,GB,0,0,0,0,0,0,0,0,0,0,0,0,,0,,,0,0,0,0,0,0,,0,8,12,33,1,0,0,0,0,3,0.9435629412592,0,0.0,0.0459770114942529,,,0,9.3,17.3
2002,REG+POST,00-0020337,,Steve Smith,WR,WR,"https://static.www.nfl.com/image/private/f_auto,q_auto/league/k23e0b8cto93he9rt0zc",15,CAR,0,0,0,0,0,0,0,0,0,0,0,0,,0,,,1,-4,0,0,0,0,-1.31207953300327,0,54,97,872,3,1,0,0,5,33,23.8137172866095,0,0.0,0.228235294117647,,,2,116.8,170.8
2002,REG+POST,00-0020340,,Quentin McCord,WR,WR,,7,ATL,0,0,0,0,0,0,0,0,0,0,0,0,,0,,,4,32,0,0,0,1,1.66914882976562,0,13,24,284,1,0,0,0,0,12,19.0617102361027,0,0.0,0.106666666666667,,,0,37.6,50.6
2002,REG+POST,00-0020342,,Brandon Manumaleuna,TE,TE,,8,LA,0,0,0,0,0,0,0,0,0,0,0,0,,0,,,0,0,0,0,0,0,,0,8,14,106,1,0,0,0,0,5,0.7901759512024,0,0.0,0.0434782608695652,,,0,16.6,24.6
2002,REG+POST,00-0020345,,Mike Roberg,TE,TE,,3,IND,0,0,0,0,0,0,0,0,0,0,0,0,,0,,,0,0,0,0,0,0,,0,2,4,17,1,0,0,0,0,2,2.2351930293953,0,0.0,0.0303030303030303,,,0,7.7,9.7
2002,REG+POST,00-0020361,,Alex Bannister,WR,WR,,1,SEA,0,0,0,0,0,0,0,0,0,0,0,0,,0,,,0,0,0,0,0,0,,0,0,1,0,0,0,0,0,0,0,-0.0461510226682753,0,,0.032258064516129,,,0,0.0,0.0
2002,REG+POST,00-0020370,,Scotty Anderson,WR,WR,,15,DET,0,0,0,0,0,0,0,0,0,0,0,0,,0,,,0,0,0,0,0,0,,0,25,56,322,1,1,0,0,0,20,2.51614905327505,0,0.0,0.107074569789675,,,0,38.2,63.2
2002,REG+POST,00-0020373,,Jabari Holloway,TE,TE,,6,HOU,0,0,0,0,0,0,0,0,0,0,0,0,,0,,,0,0,0,0,0,0,,0,7,10,73,0,0,0,0,0,2,3.13717587919278,0,0.0,0.0564971751412429,,,0,7.3,14.3
2002,REG+POST,00-0020376,,Dee Brown,RB,RB,,12,CAR,0,1,0,0,1,0,0,0,0,0,0,0,-2.36876926966943,0,,,102,360,4,4,3,20,-20.1318666637987,0,17,33,86,1,0,0,0,0,5,-6.65632019943861,0,0.0,0.111111111111111,,,0,66.6,83.6
2002,REG+POST,00-0020381,,Justin McCareins,WR,WR,,16,TEN,0,0,0,0,0,0,0,0,0,0,0,0,,0,,,2,18,0,0,0,1,0.664272135589272,0,21,52,354,2,0,0,0,0,14,-7.99728220171618,0,0.0,0.0977443609022556,,,0,49.2,70.2
2002,REG+POST,00-0020387,,Milton Wynn,WR,WR,,1,BAL,0,0,0,0,0,0,0,0,0,0,0,0,,0,,,0,0,0,0,0,0,,0,0,1,0,0,0,0,0,0,0,-0.810441985260695,0,,0.0384615384615385,,,0,0.0,0.0
2002,REG+POST,00-0020391,,Jameel Cook,RB,RB,,5,TB,0,0,0,0,0,0,0,0,0,0,0,0,,0,,,0,0,0,0,0,0,,0,4,6,43,0,0,0,0,0,3,2.48461420903914,0,0.0,0.0359281437125749,,,0,4.3,8.3
2002,REG+POST,00-0020397,,Chad Johnson,WR,WR,,16,CIN,0,0,0,0,0,0,0,0,0,0,0,0,,0,,,0,0,0,0,0,0,,0,69,137,1166,5,0,0,0,0,58,39.0506136874605,0,0.0,0.239929947460595,,,0,146.6,215.6
2002,REG+POST,00-0020403,,Anthony Thomas,RB,RB,,12,CHI,0,0,0,0,0,0,0,0,0,0,0,0,,0,,,214,721,6,5,3,34,-36.9299519735737,0,24,41,163,0,0,0,0,0,4,-10.8588654107007,0,0.0,0.0976190476190476,,,0,118.4,142.4
2002,REG+POST,00-0020404,,Quincy Carter,QB,QB,,7,DAL,125,221,1465,7,8,19,130,3,2,0,0,66,-10.824405551989,0,0.0,0.0340619999043973,27,91,0,2,1,6,-10.2310579482656,0,0,0,0,0,0,0,0,0,0,,0,,,,,0,73.7,73.7
2002,REG+POST,00-0020405,,Marques Tuiasosopo,QB,QB,,1,LV,0,0,0,0,0,0,0,0,0,0,0,0,,0,,,2,-3,0,0,0,0,-2.11528978595743,0,0,0,0,0,0,0,0,0,0,,0,,,,,0,-0.3,-0.3
2002,REG+POST,00-0020407,,Rudi Johnson,RB,RB,,4,CIN,0,0,0,0,0,0,0,0,0,0,0,0,,0,,,17,67,0,0,0,6,1.66513047454646,0,6,10,34,0,0,0,0,0,2,-2.16082473006099,0,0.0,0.0833333333333333,,,0,10.1,16.1
2002,REG+POST,00-0020415,,Andre King,WR,WR,,4,CLE,0,0,0,0,0,0,0,0,0,0,0,0,,0,,,0,0,0,0,0,0,,0,6,7,57,0,0,0,0,0,3,-0.501839591079438,0,0.0,0.0479452054794521,,,0,5.7,11.7
2002,REG+POST,00-0020425,,Ken-Yon Rambo,WR,WR,,13,DAL,0,0,0,0,0,0,0,0,0,0,0,0,,0,,,0,0,0,0,0,0,,0,14,33,211,0,0,0,0,0,9,-1.88534242666089,0,0.0,0.0901639344262295,,,0,21.1,35.1
2002,REG+POST,00-0020427,,Quincy Morgan,WR,WR,,17,CLE,0,0,0,0,0,0,0,0,0,0,0,0,,0,,,3,7,0,0,0,1,-1.37453730450943,1,58,101,994,7,2,2,0,0,36,29.2735830791941,0,0.0,0.172945205479452,,,0,140.1,198.1
2002,REG+POST,00-0020428,,Robert Ferguson,WR,WR,,12,GB,0,0,0,0,0,0,0,0,0,0,0,0,,0,,,0,0,0,0,0,0,,0,25,61,310,3,0,0,0,0,16,4.32313857504765,0,0.0,0.134657836644592,,,0,49.0,74.0
2002,REG+POST,00-0020430,,James Jackson,RB,RB,,6,CLE,0,0,0,0,0,0,0,0,0,0,0,0,,0,,,12,54,0,0,0,2,-0.290907866321504,0,3,5,10,0,0,0,0,0,0,-3.59763491037302,0,0.0,0.0373134328358209,,,0,6.4,9.4
2002,REG+POST,00-0020434,,Chris Weinke,QB,QB,,6,CAR,17,38,180,0,3,6,35,0,0,0,0,10,-24.5885087063037,0,0.0,0.0396221697785907,5,9,0,0,0,1,0.0144238184439018,0,0,0,0,0,0,0,0,0,0,,0,,,,,0,2.1,2.1
2002,REG+POST,00-0020438,,T.J. Houshmandzadeh,WR,WR,,15,CIN,0,0,0,0,0,0,0,0,0,0,0,0,,0,,,0,0,0,0,0,0,,0,41,69,492,1,0,0,0,0,26,-0.16214159317677,0,0.0,0.125912408759124,,,0,55.2,96.2
2002,REG+POST,00-0020446,,Chris Chambers,WR,WR,,15,MIA,0,0,0,0,0,0,0,0,0,0,0,0,,0,,,6,78,0,0,0,3,4.41965118737426,0,52,100,734,3,1,0,0,0,38,18.5874358336584,0,0.0,0.24390243902439,,,0,99.2,151.2
2002,REG+POST,00-0020448,,Travis Minor,RB,RB,,10,MIA,0,0,0,0,0,0,0,0,0,0,0,0,,0,,,44,180,2,0,0,10,0.257542797159184,0,0,0,0,0,0,0,0,0,0,,0,,,,,0,30.0,30.0
2002,REG+POST,00-0020452,,Cedrick Wilson,WR,WR,"https://static.www.nfl.com/image/private/f_auto,q_auto/league/r1vaoqltojlmfodlskwx",11,SF,0,0,0,0,0,0,0,0,0,0,0,0,,0,,,0,0,0,0,0,0,,0,17,24,206,1,0,0,0,0,14,17.8590158314196,0,0.0,0.0579710144927536,,,0,26.6,43.6
2002,REG+POST,00-0020455,,Eric Johnson,TE,TE,,14,SF,0,0,0,0,0,0,0,0,0,0,0,0,,0,,,0,0,0,0,0,0,,0,46,81,406,0,0,0,0,0,14,-3.22932808280869,0,0.0,0.161354581673307,,,0,40.6,86.6
2002,REG+POST,00-0020462,,LaMont Jordan,RB,RB,,15,NYJ,0,0,0,0,0,0,0,0,0,0,0,0,,0,,,106,421,5,4,1,26,-11.4240815427271,0,18,24,169,0,0,0,0,0,9,6.64277347297232,0,0.0,0.0664819944598338,,,0,87.0,105.0
2002,REG+POST,00-0020464,,Darnerien McCants,WR,WR,,8,WAS,0,0,0,0,0,0,0,0,0,0,0,0,,0,,,1,9,0,0,0,0,0.661976382369176,0,21,41,256,2,1,1,0,0,16,7.59749411255059,0,0.0,0.143356643356643,,,0,36.5,57.5
2002,REG+POST,00-0020471,,Travis Henry,RB,RB,,16,BUF,0,0,0,0,0,0,0,0,0,0,0,0,,0,,,325,1438,13,11,8,72,-32.4369596538884,0,43,59,309,1,0,0,0,0,13,5.18864482915923,0,0.0,0.106690777576854,,,0,242.7,285.7
2002,REG+POST,00-0020474,,Kevan Barlow,RB,RB,,16,SF,0,0,0,0,0,0,0,0,0,0,0,0,,0,,,152,694,5,1,1,36,2.23874724921188,0,15,23,139,1,1,0,0,0,8,4.01426143869453,0,0.0,0.0494623655913979,,,0,117.3,132.3
2002,REG+POST,00-0020476,,Shad Meier,TE,TE,,2,TEN,0,0,0,0,0,0,0,0,0,0,0,0,,0,,,0,0,0,0,0,0,,0,1,4,17,1,0,0,0,0,1,0.472037903149612,0,0.0,0.0740740740740741,,,0,7.7,8.7
2002,REG+POST,00-0020479,,George Layne,RB,RB,,3,ATL,0,0,0,0,0,0,0,0,0,0,0,0,,0,,,1,5,0,0,0,1,1.01790449529653,0,2,3,11,0,1,1,0,0,0,-4.05864822590956,0,0.0,0.0483870967741936,,,0,-0.4,1.6
2002,REG+POST,00-0020480,,Sage Rosenfels,QB,QB,,2,MIA,0,3,0,0,0,0,0,0,0,0,0,0,-1.53456105099758,0,,,2,-9,0,0,0,0,-4.48757200996624,0,0,0,0,0,0,0,0,0,0,,0,,,,,0,-0.9,-0.9
2002,REG+POST,00-0020482,,John Howell,DB,DB,,1,TB,0,0,0,0,0,0,0,0,0,0,0,0,,0,,,0,0,0,0,0,0,,0,0,1,0,0,0,0,0,0,0,-5.35417031752877,0,,0.0204081632653061,,,0,0.0,0.0
2002,REG+POST,00-0020483,,Jesse Palmer,QB,QB,,1,NYG,3,4,30,0,0,0,0,0,0,0,0,2,3.48785892350134,0,0.0,,1,-3,0,0,0,0,-0.0408280349802226,0,0,0,0,0,0,0,0,0,0,,0,,,,,0,0.9,0.9
2002,REG+POST,00-0020484,,Cedric James,WR,WR,,2,MIN,0,0,0,0,0,0,0,0,0,0,0,0,,0,,,0,0,0,0,0,0,,0,1,2,29,0,0,0,0,0,1,1.96565655438462,0,0.0,0.0392156862745098,,,0,2.9,3.9
2002,REG+POST,00-0020485,,Eddie Berlin,WR,WR,,2,TEN,0,0,0,0,0,0,0,0,0,0,0,0,,0,,,0,0,0,0,0,0,,0,2,4,19,0,0,0,0,0,2,-0.104627143417019,0,0.0,0.0512820512820513,,,0,1.9,3.9
2002,REG+POST,00-0020490,,Koren Robinson,WR,WR,,16,SEA,0,0,0,0,0,0,0,0,0,0,0,0,,0,,,8,56,0,0,0,3,1.67202171729878,0,78,141,1240,5,2,0,0,0,58,45.2092070665149,0,0.0,0.243944636678201,,,0,159.6,237.6
2002,REG+POST,00-0020494,,Santana Moss,WR,WR,,17,NYJ,0,0,0,0,0,0,0,0,0,0,0,0,,0,,,9,80,0,1,0,4,2.83898662729189,0,39,69,520,5,0,0,0,0,25,13.0714092668422,0,0.0,0.141975308641975,,,2,102.0,141.0
2002,REG+POST,00-0020497,,Freddie Mitchell,WR,WR,,11,PHI,0,1,0,0,0,0,0,0,0,0,0,0,-0.347116444609128,0,,,0,0,0,0,0,0,,0,12,25,105,0,1,0,0,0,6,-4.38385383715256,0,0.0,0.0737463126843658,,,0,10.5,22.5
2002,REG+POST,00-0020498,,Reggie Wayne,WR,WR,,16,IND,0,0,0,0,0,0,0,0,0,0,0,0,,0,,,0,0,0,0,0,0,,0,52,78,733,4,2,1,0,0,36,31.2267353353653,0,0.0,0.133561643835616,,,0,95.3,147.3
2002,REG+POST,00-0020507,,Heath Evans,FB,RB,,8,SEA,0,0,0,0,0,0,0,0,0,0,0,0,,0,,,17,53,0,1,1,4,-8.66139730106806,0,8,12,41,0,0,0,0,0,3,-0.532742854557,0,0.0,0.0459770114942529,,,0,7.4,15.4
2002,REG+POST,00-0020513,,David Terrell,WR,WR,,5,CHI,0,0,0,0,0,0,0,0,0,0,0,0,,0,,,0,0,0,0,0,0,,0,9,10,127,3,0,0,0,0,7,14.7643799102238,0,0.0,0.0574712643678161,,,0,30.7,39.7
2002,REG+POST,00-0020514,,Michael Bennett,RB,RB,,16,MIN,0,0,0,0,0,0,0,0,0,0,0,0,,0,,,255,1296,5,3,2,47,-0.717705322254915,0,37,41,351,1,1,1,0,0,16,14.7267088677618,0,0.0,0.0946882217090069,,,0,194.7,231.7
2002,REG+POST,00-0020516,,Todd Heap,TE,TE,,16,BAL,0,1,0,0,0,0,0,0,0,0,0,0,-0.550762817729265,0,,,4,38,0,0,0,2,1.89608741307165,0,68,122,836,6,0,0,0,0,44,14.0460058696427,1,0.0,0.259023354564756,,,0,125.4,193.4
2002,REG+POST,00-0020520,,Anthony Bright,WR,WR,,1,CAR,0,0,0,0,0,0,0,0,0,0,0,0,,0,,,0,0,0,0,0,0,,0,0,3,0,0,0,0,0,0,0,-0.943489294848405,0,,0.0909090909090909,,,0,0.0,0.0
2002,REG+POST,00-0020525,,Rod Gardner,WR,WR,,16,WAS,0,1,0,0,0,0,0,0,0,0,0,0,-0.696719232713804,0,,,1,1,0,0,0,0,-0.375872584525496,0,71,141,1006,8,1,0,0,0,51,24.7055375127268,0,0.0,0.258241758241758,,,0,148.7,219.7
2002,REG+POST,00-0020527,,Deuce McAllister,RB,RB,,15,NO,0,0,0,0,0,1,8,0,0,0,0,0,-1.81195411796216,0,,,325,1388,13,4,3,65,-11.1218060205049,0,47,74,352,3,0,0,0,0,15,-7.8692079637575,0,0.0,0.153846153846154,,,0,264.0,311.0
2002,REG+POST,00-0020531,D.Brees,Drew Brees,QB,QB,"https://static.www.nfl.com/image/private/f_auto,q_auto/league/i20xlpzdmn7xubotijjd",16,LAC,320,526,3284,17,16,24,180,2,0,0,0,163,6.13557835290877,1,0.0,0.0638748822480399,38,130,1,0,0,10,5.95529616918532,0,0,0,0,0,0,0,0,0,0,,0,,,,,0,188.36,188.36
2002,REG+POST,00-0020536,,LaDainian Tomlinson,RB,RB,,16,LAC,0,0,0,0,0,0,0,0,0,0,0,0,,0,,,372,1683,14,2,0,90,-1.24230867223481,0,79,101,489,1,1,1,0,0,20,-0.404226455777068,0,0.0,0.193486590038314,,,0,305.2,384.2
2002,REG+POST,00-0020542,,Micah Ross,WR,WR,,3,JAX,0,0,0,0,0,0,0,0,0,0,0,0,,0,,,0,0,0,0,0,0,,0,0,5,0,0,0,0,0,0,0,-4.38462386664469,0,,0.0515463917525773,,,0,0.0,0.0
2002,REG+POST,00-0020562,,Chad Hutchinson,QB,QB,,9,DAL,127,250,1555,7,8,34,265,12,8,0,0,63,-94.5604004071082,0,0.0,0.0285138421348843,18,74,0,0,0,3,-4.27092147944495,0,0,0,0,0,0,0,0,0,0,,0,,,,,0,65.6,65.6
2002,REG+POST,00-0020564,,Delvin Joyce,RB,RB,,3,NYG,0,0,0,0,0,0,0,0,0,0,0,0,,0,,,2,2,0,0,0,0,-1.30606332235038,0,1,2,5,0,0,0,0,0,0,-0.28364823688753,0,0.0,0.0277777777777778,,,0,0.7,1.7
2002,REG+POST,00-0020583,,Marc Boerigter,WR,WR,,11,KC,0,0,0,0,0,0,0,0,0,0,0,0,,0,,,0,0,0,0,0,0,,0,20,38,420,8,0,0,0,0,17,25.898077753487,0,0.0,0.121019108280255,,,0,90.0,110.0
2002,REG+POST,00-0020608,,David Carr,QB,QB,,16,HOU,233,444,2592,9,15,76,411,8,3,0,0,117,-134.565270500282,2,0.0,0.0248723996181806,59,282,3,13,3,16,-8.95042870971525,0,0,0,0,0,0,0,0,0,0,,0,,,,,0,147.88,147.88
2002,REG+POST,00-0020676,,Nick Davis,WR,WR,,1,MIN,0,0,0,0,0,0,0,0,0,0,0,0,,0,,,1,11,0,0,0,1,1.20073011401109,0,0,0,0,0,0,0,0,0,0,,0,,,,,0,1.1,1.1
2002,REG+POST,00-0020692,,Eddie Drummond,WR,WR,,3,DET,0,0,0,0,0,0,0,0,0,0,0,0,,0,,,4,38,0,0,0,2,3.1310370657593,0,2,3,-3,0,0,0,0,0,0,-1.54680926632136,0,0.0,0.0252100840336134,,,1,9.5,11.5
2002,REG+POST,00-0020700,,James Mungro,RB,RB,,10,IND,0,0,0,0,0,0,0,0,0,0,0,0,,0,,,101,372,8,2,2,24,-16.1375971787556,0,16,20,112,0,1,0,0,0,6,-0.86115783007036,0,0.0,0.0851063829787234,,,0,92.4,108.4
2002,REG+POST,00-0020739,,Ricky Williams,RB,RB,,3,IND,0,0,0,0,0,0,0,0,0,0,0,0,,0,,,11,35,0,0,0,2,-1.8091659367783,0,1,2,20,1,0,0,0,0,1,2.96658907434903,0,0.0,0.0303030303030303,,,0,11.5,12.5
2002,REG+POST,00-0020754,,Kelly Campbell,WR,WR,,6,MIN,0,0,0,0,0,0,0,0,0,0,0,0,,0,,,1,11,0,0,0,1,0.825709441676736,0,13,32,176,3,1,0,0,0,10,5.97594349481581,0,0.0,0.15609756097561,,,0,36.7,49.7
2002,REG+POST,00-0020780,,Frisman Jackson,WR,WR,,1,CLE,0,1,0,0,0,0,0,0,0,0,0,0,-0.478748233057559,0,,,0,0,0,0,0,0,,0,1,1,6,0,0,0,0,0,1,1.20437196420971,0,0.0,0.0294117647058824,,,0,0.6,1.6
2002,REG+POST,00-0020805,,Jason McKie,RB,RB,,1,DAL,0,0,0,0,0,0,0,0,0,0,0,0,,0,,,0,0,0,0,0,0,,0,1,1,7,0,0,0,0,0,0,0.149835070711561,0,0.0,0.05,,,0,0.7,1.7
2002,REG+POST,00-0020820,,Jesse Chatman,RB,RB,,4,LAC,0,0,0,0,0,0,0,0,0,0,0,0,,0,,,6,19,0,0,0,1,-3.47185419616289,0,3,3,44,0,0,0,0,0,2,2.24407410161803,0,0.0,0.04,,,0,6.3,9.3
2002,REG+POST,00-0020828,,Josh Norman,TE,TE,,9,LAC,0,0,0,0,0,0,0,0,0,0,0,0,,0,,,0,0,0,0,0,0,,0,16,25,201,1,0,0,0,0,10,8.22756158252014,0,0.0,0.0791139240506329,,,0,26.1,42.1
2002,REG+POST,00-0020849,,Charles Stackhouse,RB,RB,,14,NYG,0,0,0,0,0,0,0,0,0,0,0,0,,0,,,0,0,0,0,0,0,,0,15,20,99,3,1,0,0,0,5,-1.52803862646429,0,0.0,0.0417536534446764,,,0,27.9,42.9
2002,REG+POST,00-0020904,,Eric Parker,WR,WR,,6,LAC,0,0,0,0,0,0,0,0,0,0,0,0,,0,,,0,0,0,0,0,0,,0,17,30,268,1,0,0,0,0,13,13.4099876878026,0,0.0,0.122950819672131,,,0,32.8,49.8
2002,REG+POST,00-0020917,,Joe Burns,RB,RB,,2,BUF,0,0,0,0,0,0,0,0,0,0,0,0,,0,,,5,7,0,0,0,0,-3.07938240788644,0,0,0,0,0,0,0,0,0,0,,0,,,,,0,0.7,0.7
2002,REG+POST,00-0020964,,Tony Fisher,RB,RB,,11,GB,0,0,0,0,0,0,0,0,0,0,0,0,,0,,,76,306,2,1,0,16,-1.53648188071904,0,21,25,81,0,1,1,0,0,4,-7.04473402055836,0,0.0,0.0809061488673139,,,0,48.7,69.7
2002,REG+POST,00-0020973,,Woody Dantzler,RB,RB,,1,DAL,0,0,0,0,0,0,0,0,0,0,0,0,,0,,,0,0,0,0,0,0,,0,0,0,0,0,0,0,0,0,0,,0,,,,,1,6.0,6.0
2002,REG+POST,00-0020984,,Randy Hymes,WR,WR,,4,BAL,0,0,0,0,0,0,0,0,0,0,0,0,,0,,,0,0,0,0,0,0,,0,6,13,123,0,0,0,0,0,5,1.61198478157166,0,0.0,0.10655737704918,,,0,12.3,18.3
2002,REG+POST,00-0021031,,John Simon,RB,RB,,10,TEN,0,0,0,0,0,0,0,0,0,0,0,0,,0,,,9,18,1,0,0,3,-0.983824556868058,0,16,18,167,3,0,0,0,0,7,13.2097810871783,0,0.0,0.0592105263157895,,,0,42.5,58.5
2002,REG+POST,00-0021048,,Damien Anderson,RB,RB,,4,ARI,0,0,0,0,0,0,0,0,0,0,0,0,,0,,,24,65,0,0,0,3,-5.86607530922629,0,3,7,36,0,0,0,0,0,3,0.59134520724183,0,0.0,0.0588235294117647,,,0,10.1,13.1
2002,REG+POST,00-0021063,,Jake Soliday,WR,WR,,3,ARI,0,0,0,0,0,0,0,0,0,0,0,0,,0,,,0,0,0,0,0,0,,0,4,8,39,0,0,0,0,0,2,1.2087886800291,0,0.0,0.0898876404494382,,,0,3.9,7.9
2002,REG+POST,00-0021084,,Matt Schobel,TE,TE,,14,CIN,0,0,0,0,0,0,0,0,0,0,0,0,,0,,,0,0,0,0,0,0,,0,27,36,212,2,0,0,0,0,13,10.7165961971623,0,0.0,0.0724346076458753,,,0,33.2,60.2
2002,REG+POST,00-0021087,,Omar Easy,RB,RB,,2,KC,0,0,0,0,0,0,0,0,0,0,0,0,,0,,,0,0,0,0,0,0,,0,3,5,23,1,0,0,0,0,2,0.508693029696588,0,0.0,0.0735294117647059,,,0,8.3,11.3
2002,REG+POST,00-0021090,,Chris Luzar,TE,TE,,2,JAX,0,0,0,0,0,0,0,0,0,0,0,0,,0,,,0,0,0,0,0,0,,0,1,2,5,0,0,0,0,0,0,-0.535660934285261,0,0.0,0.0476190476190476,,,0,0.5,1.5
2002,REG+POST,00-0021093,,Herb Haygood,WR,WR,,1,DEN,0,0,0,0,0,0,0,0,0,0,0,0,,0,,,0,0,0,0,0,0,,0,0,1,0,0,0,0,0,0,0,-1.23995053977706,0,,0.0256410256410256,,,0,0.0,0.0
2002,REG+POST,00-0021094,,Jason McAddley,WR,WR,,9,ARI,0,0,0,0,0,0,0,0,0,0,0,0,,0,,,0,0,0,0,0,0,,0,25,69,362,1,0,0,0,0,18,-8.14476042346866,0,0.0,0.238754325259516,,,0,42.2,67.2
2002,REG+POST,00-0021100,,Jeb Putzier,TE,TE,,1,DEN,0,0,0,0,0,0,0,0,0,0,0,0,,0,,,0,0,0,0,0,0,,0,0,1,0,0,0,0,0,0,0,-0.424711132305674,0,,0.0344827586206897,,,0,0.0,0.0
2002,REG+POST,00-0021121,,Atnaf Harris,WR,WR,,1,HOU,0,0,0,0,0,0,0,0,0,0,0,0,,0,,,0,0,0,0,0,0,,0,1,2,8,0,0,0,0,0,0,-1.12597803259268,0,0.0,0.0526315789473684,,,0,0.8,1.8
2002,REG+POST,00-0021141,,Joey Harrington,QB,QB,,14,DET,215,429,2294,12,16,8,75,1,1,0,0,110,-86.7795410867642,0,0.0,0.0239489209476109,7,4,0,1,0,0,-8.77101740959915,0,0,0,0,0,0,0,0,0,0,,0,,,,,0,106.16,106.16
2002,REG+POST,00-0021144,,John Henderson,NT,DL,,1,JAX,0,0,0,0,0,0,0,0,0,0,0,0,,0,,,0,0,0,0,0,0,,0,0,1,0,0,0,0,0,0,0,-0.513649026630446,0,,0.0277777777777778,,,0,0.0,0.0
2002,REG+POST,00-0021147,,Donte' Stallworth,WR,WR,,13,NO,0,0,0,0,0,0,0,0,0,0,0,0,,0,,,2,2,0,0,0,0,-0.793053019908257,0,42,69,594,8,0,0,0,0,26,30.7301234334444,0,0.0,0.156818181818182,,,0,107.6,149.6
2002,REG+POST,00-0021148,,Jeremy Shockey,TE,TE,,16,NYG,0,0,0,0,0,0,0,0,0,0,0,0,,0,,,0,0,0,0,0,0,,0,81,141,962,3,3,2,0,0,52,2.51353968616128,0,0.0,0.254512635379061,,,0,110.2,191.2
2002,REG+POST,00-0021150,,William Green,RB,RB,,17,CLE,0,0,0,0,0,0,0,0,0,0,0,0,,0,,,268,917,7,3,1,40,-44.3787762979657,0,18,29,121,0,1,1,0,0,5,-8.13987374136923,0,0.0,0.0653153153153153,,,0,141.8,159.8
2002,REG+POST,00-0021151,,Phillip Buchanon,DB,DB,,1,LV,0,0,0,0,0,0,0,0,0,0,0,0,,0,,,0,0,0,0,0,0,,0,0,0,0,0,0,0,0,0,0,,0,,,,,1,6.0,6.0
2002,REG+POST,00-0021152,,Ashley Lelie,WR,WR,,15,DEN,0,0,0,0,0,0,0,0,0,0,0,0,,0,,,4,40,0,0,0,1,2.35504101839615,0,35,53,525,2,0,0,0,0,24,25.8416110203445,0,0.0,0.102912621359223,,,0,68.5,103.5
2002,REG+POST,00-0021153,,Javon Walker,WR,WR,,15,GB,0,0,0,0,0,0,0,0,0,0,0,0,,0,,,1,11,0,0,0,1,0.631315330509096,0,28,59,423,1,1,1,0,0,19,-2.61016541455942,0,0.0,0.107664233576642,,,0,47.4,75.4
2002,REG+POST,00-0021154,,Daniel Graham,TE,TE,,10,NE,0,0,0,0,0,0,0,0,0,0,0,0,,0,,,0,0,0,0,0,0,,0,15,23,150,1,0,0,0,0,7,4.99193252553232,0,0.0,0.0605263157894737,,,0,21.0,36.0
2002,REG+POST,00-0021159,,Jerramy Stevens,TE,TE,,11,SEA,0,0,0,0,0,0,0,0,0,0,0,0,,0,,,0,0,0,0,0,0,,0,26,42,252,3,1,0,0,0,14,6.32035874519202,0,0.0,0.101449275362319,,,0,43.2,69.2
2002,REG+POST,00-0021163,,Jabar Gaffney,WR,WR,,16,HOU,1,1,39,1,0,0,0,0,0,0,0,1,4.70969465980306,0,0.0,,0,0,0,0,0,0,,0,41,81,483,1,0,0,0,0,27,-5.84744306385983,1,0.0,0.192857142857143,,,0,61.86,102.86
2002,REG+POST,00-0021166,,Josh Reed,WR,WR,,16,BUF,0,0,0,0,0,0,0,0,0,0,0,0,,0,,,0,0,0,0,0,0,,0,37,59,509,2,1,1,0,0,23,27.7407820207337,0,0.0,0.0980066445182724,,,0,60.9,97.9
2002,REG+POST,00-0021174,,Tim Carter,WR,WR,,4,NYG,0,0,0,0,0,0,0,0,0,0,0,0,,0,,,3,28,0,0,0,1,2.85555577173363,0,2,3,37,0,0,0,0,0,2,3.19465156400111,0,0.0,0.0337078651685393,,,0,6.5,8.5
2002,REG+POST,00-0021175,,Andre Davis,WR,WR,,17,CLE,0,0,0,0,0,0,0,0,0,0,0,0,,0,,,3,7,0,0,0,0,-0.656843786593527,0,39,76,485,7,0,0,0,0,27,10.3495322673213,0,0.0,0.13013698630137,,,1,97.2,136.2
2002,REG+POST,00-0021176,,Reche Caldwell,WR,WR,,12,LAC,1,1,20,0,0,0,0,0,0,0,0,1,1.22793028177693,0,0.0,,2,9,0,0,0,0,-0.511814626166597,0,22,43,208,3,1,1,0,0,14,-0.371089358191776,1,0.0,0.101654846335697,,,0,40.5,62.5
2002,REG+POST,00-0021179,,Clinton Portis,RB,RB,,16,DEN,0,0,0,0,0,0,0,0,0,0,0,0,,0,,,273,1508,15,5,3,79,43.2061189706677,0,33,48,364,2,0,0,0,0,17,3.0834654691511,0,0.0,0.101479915433404,,,0,283.2,316.2
2002,REG+POST,00-0021182,,Maurice Morris,RB,RB,,6,SEA,0,0,0,0,0,0,0,0,0,0,0,0,,0,,,32,153,0,0,0,6,-0.582447580294684,0,3,3,25,0,1,1,0,0,1,-6.04409432801185,0,0.0,0.0280373831775701,,,1,21.8,24.8
2002,REG+POST,00-0021183,,Doug Jolley,TE,TE,,16,LV,0,0,0,0,0,0,0,0,0,0,0,0,,0,,,0,0,0,0,0,0,,0,43,51,502,3,0,0,0,0,24,30.4375916401914,0,0.0,0.0830618892508143,,,0,68.2,111.2
2002,REG+POST,00-0021184,,Ladell Betts,RB,RB,,10,WAS,0,0,0,0,0,0,0,0,0,0,0,0,,0,,,65,307,1,1,0,13,-9.53274776558692,0,12,17,154,0,0,0,0,0,5,3.99071133468533,0,0.0,0.0594405594405594,,,0,52.1,64.1
2002,REG+POST,00-0021190,,Antwaan Randle El,RB,RB,,18,PIT,7,9,45,0,0,1,10,0,0,0,0,3,-3.31527792842826,2,0.0,0.0828895320829724,21,148,0,0,0,11,6.08955710445298,0,56,81,627,2,1,1,0,0,30,12.678346413321,0,0.0,0.127962085308057,,,2,105.3,161.3
2002,REG+POST,00-0021191,,Antonio Bryant,WR,WR,,16,DAL,0,0,0,0,0,0,0,0,0,0,0,0,,0,,,6,40,0,1,1,1,-4.26012068311684,0,44,93,733,6,2,1,0,0,32,8.95063552132044,0,0.0,0.208053691275168,,,0,109.3,153.3
2002,REG+POST,00-0021192,,Deion Branch,WR,WR,,13,NE,0,0,0,0,0,0,0,0,0,0,0,0,,0,,,2,0,0,0,0,1,-0.61360419401899,0,43,68,489,2,0,0,0,0,22,10.7515918720964,0,0.0,0.141666666666667,,,0,60.9,103.9
2002,REG+POST,00-0021206,J.McCown,Josh McCown,QB,QB,"https://static.www.nfl.com/image/private/f_auto,q_auto/league/qcauc37wqjdaxdbq1evu",2,ARI,7,18,66,0,2,5,50,1,1,0,0,3,-21.584006430523,0,0.0,0.0391197962829512,1,20,0,0,0,1,1.33988864591811,0,0,0,0,0,0,0,0,0,0,,0,,,,,0,-1.36,-1.36
2002,REG+POST,00-0021209,,Lamar Gordon,RB,RB,,11,LA,0,0,0,0,0,0,0,0,0,0,0,0,,0,,,65,228,1,2,2,11,-20.2128975524683,0,30,38,278,2,0,0,0,0,13,10.1450758591154,0,0.0,0.0920096852300242,,,0,64.6,94.6
2002,REG+POST,00-0021213,,Chris Baker,TE,TE,,4,NYJ,0,0,0,0,0,0,0,0,0,0,0,0,,0,,,0,0,0,0,0,0,,0,5,6,40,1,0,0,0,0,4,3.25300387485186,0,0.0,0.041958041958042,,,0,10.0,15.0
2002,REG+POST,00-0021216,,Brian Westbrook,RB,RB,,16,PHI,1,1,25,1,0,0,0,0,0,0,0,1,3.20135468349326,0,0.0,,49,198,0,1,1,12,-4.93616030712773,0,12,21,111,0,1,1,0,0,5,-5.13135730466492,0,0.0,0.0557029177718833,,,0,31.9,43.9
2002,REG+POST,00-0021223,,Jonathan Wells,RB,RB,,16,HOU,0,0,0,0,0,0,0,0,0,0,0,0,,0,,,197,529,3,3,1,21,-56.1275248624259,0,9,12,48,0,0,0,0,0,0,-0.137762327678502,0,0.0,0.05,,,0,73.7,82.7
2002,REG+POST,00-0021227,,Justin Peelle,TE,TE,,6,LAC,0,0,0,0,0,0,0,0,0,0,0,0,,0,,,0,0,0,0,0,0,,0,3,7,15,0,0,0,0,0,0,-3.5618787772255,0,0.0,0.0334928229665072,,,0,1.5,4.5
2002,REG+POST,00-0021231,,David Garrard,QB,QB,,4,JAX,23,46,231,0,2,7,40,0,0,0,0,16,-17.6101412964638,0,0.0,0.0261261883152212,25,139,2,1,1,9,5.43024133724786,0,0,0,0,0,0,0,0,0,0,,0,,,,,0,29.14,29.14
2002,REG+POST,00-0021235,,Dave Zastudil,P,SPEC,,2,BAL,0,1,0,0,0,0,0,0,0,0,0,0,-2.57511973381043,0,,,1,-12,0,0,0,0,-0.770471443654969,0,0,0,0,0,0,0,0,0,0,,0,,,,,0,-1.2,-1.2
2002,REG+POST,00-0021236,,Randy McMichael,TE,TE,,16,MIA,0,0,0,0,0,0,0,0,0,0,0,0,,0,,,1,8,0,0,0,0,0.120397256861907,0,39,68,485,4,1,1,0,0,24,-1.19266489583695,0,0.0,0.153498871331828,,,0,71.3,110.3
2002,REG+POST,00-0021238,,Rohan Davey,QB,QB,,2,NE,1,2,3,0,0,0,0,0,0,0,0,0,-0.857351742568426,0,0.0,,2,-4,0,0,0,0,0.0,0,0,0,0,0,0,0,0,0,0,,0,,,,,0,-0.28,-0.28
2002,REG+POST,00-0021241,,Darnell Sanders,TE,TE,,6,CLE,0,0,0,0,0,0,0,0,0,0,0,0,,0,,,0,0,0,0,0,0,,0,4,6,25,1,0,0,0,0,2,-0.10815047309381,0,0.0,0.0307692307692308,,,0,8.5,12.5
2002,REG+POST,00-0021242,,Ron Johnson,WR,WR,,12,BAL,0,0,0,0,0,0,0,0,0,0,0,0,,0,,,0,0,0,0,0,0,,0,10,26,114,1,0,0,0,0,7,-5.83024359967776,0,0.0,0.0744985673352436,,,1,23.4,33.4
2002,REG+POST,00-0021252,,Najeh Davenport,RB,RB,,6,GB,0,0,0,0,0,0,0,0,0,0,0,0,,0,,,39,184,1,1,1,8,-6.15671681658243,0,5,9,33,0,0,0,0,0,2,-6.89059610757977,0,0.0,0.0803571428571429,,,0,25.7,30.7
2002,REG+POST,00-0021253,,Jarrod Baxter,RB,RB,,13,HOU,0,0,0,0,0,0,0,0,0,0,0,0,,0,,,7,14,0,0,0,2,-3.37097062601242,0,5,10,33,1,0,0,0,0,2,-1.76499791187234,0,0.0,0.0467289719626168,,,0,10.7,15.7
2002,REG+POST,00-0021254,,Randy Fasani,QB,QB,,4,CAR,15,44,171,0,4,7,60,2,0,0,0,9,-27.9372690982755,0,0.0,0.0353238617464652,18,95,0,0,0,6,0.126975985322616,0,0,0,0,0,0,0,0,0,0,,0,,,,,0,8.34,8.34
2002,REG+POST,00-0021255,,John Owens,TE,TE,,8,DET,0,0,0,0,0,0,0,0,0,0,0,0,,0,,,0,0,0,0,0,0,,0,5,15,49,0,0,0,0,0,3,-5.33347512369309,0,0.0,0.0528169014084507,,,0,4.9,9.9
2002,REG+POST,00-0021268,,Terry Jones,TE,TE,,10,BAL,0,0,0,0,0,0,0,0,0,0,0,0,,0,,,0,0,0,0,0,0,,0,11,21,106,1,0,0,0,0,5,-2.51516503036002,0,0.0,0.0714285714285714,,,0,16.6,27.6
2002,REG+POST,00-0021279,,Verron Haynes,FB,RB,,6,PIT,0,0,0,0,0,0,0,0,0,0,0,0,,0,,,10,51,0,0,0,2,1.62095591472462,0,3,7,10,0,0,0,0,0,0,-7.22919867824194,0,0.0,0.0503597122302158,,,0,6.1,9.1
2002,REG+POST,00-0021282,,Ryan Hannam,TE,TE,,1,SEA,0,0,0,0,0,0,0,0,0,0,0,0,,0,,,0,0,0,0,0,0,,0,1,1,16,1,0,0,0,0,1,2.5352990658721,0,0.0,0.032258064516129,,,0,7.6,8.6
2002,REG+POST,00-0021303,,Lamont Brightful,CB,DB,,1,BAL,0,0,0,0,0,0,0,0,0,0,0,0,,0,,,0,0,0,0,0,0,,0,0,0,0,0,0,0,0,0,0,,0,,,,,1,6.0,6.0
2002,REG+POST,00-0021304,,John Gilmore,TE,TE,,5,CHI,0,0,0,0,0,0,0,0,0,0,0,0,,0,,,0,0,0,0,0,0,,0,10,14,130,0,0,0,0,0,7,3.75340438217972,0,0.0,0.0927152317880795,,,0,13.0,23.0
2002,REG+POST,00-0021306,,Adrian Peterson,RB,RB,,4,CHI,0,0,0,0,0,0,0,0,0,0,0,0,,0,,,19,101,1,0,0,4,2.56346797847073,0,3,4,18,0,0,0,0,0,1,-0.240655589674134,0,0.0,0.0353982300884956,,,0,17.9,20.9
2002,REG+POST,00-0021309,,Lee Mays,WR,WR,,1,PIT,0,0,0,0,0,0,0,0,0,0,0,0,,0,,,0,0,0,0,0,0,,0,0,2,0,0,0,0,0,0,0,-1.2820545816212,0,,0.0588235294117647,,,0,0.0,0.0
2002,REG+POST,00-0021313,,Javin Hunter,WR,WR,,7,BAL,0,0,0,0,0,0,0,0,0,0,0,0,,0,,,1,9,0,1,0,0,0.868125366047025,0,5,11,35,0,1,0,0,0,0,-6.41216517449357,0,0.0,0.0518867924528302,,,0,4.4,9.4
2002,REG+POST,00-0021314,,Chester Taylor,RB,RB,,15,BAL,0,0,0,0,0,0,0,0,0,0,0,0,,0,,,33,122,0,0,0,4,-0.588580041949172,1,14,22,129,2,0,0,0,0,8,3.78263747452689,0,0.0,0.0645161290322581,,,0,39.1,53.1
2002,REG+POST,00-0021330,,Daryl Jones,WR,WR,,10,NYG,0,0,0,0,0,0,0,0,0,0,0,0,,0,,,1,4,0,0,0,0,0.0788949588313699,0,8,24,90,0,0,0,0,0,3,-8.98059621888418,0,0.0,0.0672268907563025,,,0,9.4,17.4
2002,REG+POST,00-0021345,,Chris Massey,LS,SPEC,,1,LA,0,0,0,0,0,0,0,0,0,0,0,0,,0,,,0,0,0,0,0,0,,0,0,1,0,0,0,0,0,0,0,-0.430795340857003,0,,0.0263157894736842,,,0,0.0,0.0
2002,REG+POST,00-0021352,,Matt Murphy,TE,TE,,2,DET,0,0,0,0,0,0,0,0,0,0,0,0,,0,,,0,0,0,0,0,0,,0,1,4,8,0,0,0,0,0,1,-2.55710204388015,0,0.0,0.0597014925373134,,,0,0.8,1.8
2002,REG+POST,00-0021353,,David Givens,WR,WR,,8,NE,0,0,0,0,0,0,0,0,0,0,0,0,,0,,,0,0,0,0,0,0,,0,9,15,92,1,1,0,0,0,4,2.6502502704658,0,0.0,0.0510204081632653,,,0,15.2,24.2
2002,REG+POST,00-0021357,,Rock Cartwright,RB,RB,,7,WAS,0,0,0,0,0,0,0,0,0,0,0,0,,0,,,3,22,0,0,0,2,0.651969207043294,0,11,13,121,1,0,0,0,0,5,5.19090961420443,0,0.0,0.0726256983240224,,,0,20.3,31.3
2002,REG+POST,00-0021376,,T.J. Duckett,RB,RB,,14,ATL,0,0,0,0,0,0,0,0,0,0,0,0,,0,,,149,557,5,1,0,33,-11.0851379653874,0,10,12,79,0,0,0,0,0,4,2.78291502769571,0,0.0,0.0545454545454545,,,0,93.6,103.6
2002,REG+POST,00-0021377,,Ed Reed,FS,DB,,1,BAL,0,0,0,0,0,0,0,0,0,0,0,0,,0,,,0,0,0,0,0,0,,0,0,0,0,0,0,0,0,0,0,,0,,,,,1,6.0,6.0
2002,REG+POST,00-0021379,,Patrick Ramsey,QB,QB,,9,WAS,117,227,1539,9,8,18,132,5,3,0,0,67,1.02258219818879,1,0.0,0.0502328619256452,13,-1,1,3,2,3,-17.3185004925472,0,0,0,0,0,0,0,0,0,0,,0,,,,,0,79.46,79.46
2002,REG+POST,00-0021386,,Travis Stephens,RB,RB,,1,TB,0,0,0,0,0,0,0,0,0,0,0,0,,0,,,0,0,0,0,0,0,,0,1,1,6,0,0,0,0,0,0,0.269182030577213,0,0.0,0.0204081632653061,,,0,0.6,1.6
2003,REG,00-0000007,,Rabih Abdullah,RB,RB,,12,CHI,0,0,0,0,0,0,0,0,0,0,0,0,,0,,,18,37,0,0,0,4,-4.76404613861755,0,8,8,55,0,0,0,0,0,3,-0.458144592948607,0,0.0,0.0898876404494382,,,0,9.2,17.2
2003,REG,00-0000166,,Stephen Alexander,TE,TE,,1,LAC,0,0,0,0,0,0,0,0,0,0,0,0,,0,,,0,0,0,0,0,0,,0,0,0,0,0,0,0,0,0,0,,1,,,,,0,2.0,2.0
2003,REG,00-0000251,,Mike Alstott,FB,RB,,4,TB,0,0,0,0,0,0,0,0,0,0,0,0,,0,,,27,77,2,0,0,10,-0.638902091421187,0,10,10,83,0,0,0,0,0,3,2.92672842968022,0,0.0,0.114942528735632,,,0,28.0,38.0
2003,REG,00-0000339,,Richie Anderson,FB,RB,,15,DAL,0,1,0,0,0,0,0,0,0,0,0,0,-0.407888658635784,0,,,70,306,1,0,0,16,-1.13482653317624,0,69,69,493,4,1,0,0,0,21,15.4342722064232,0,0.0,0.263358778625954,,,0,109.9,178.9
2003,REG,00-0000374,,Joe Andruzzi,G,OL,,1,NE,0,0,0,0,0,0,0,0,0,0,0,0,,0,,,0,0,0,0,0,0,,0,1,1,0,0,1,0,0,0,0,-0.273931308300234,0,,0.0384615384615385,,,0,0.0,1.0
2003,REG,00-0000541,,John Avery,RB,RB,,3,MIN,0,0,0,0,0,0,0,0,0,0,0,0,,0,,,1,0,0,0,0,0,-0.511456609005109,0,2,2,24,1,0,0,0,0,2,3.72221954877023,0,0.0,0.0571428571428571,,,0,8.4,10.4
2003,REG,00-0000552,,Obafemi Ayanbadejo,RB,RB,,4,MIA,0,0,0,0,0,0,0,0,0,0,0,0,,0,,,1,-2,0,0,0,0,-1.45599803561345,0,12,12,53,0,1,0,0,0,4,2.45941899143161,0,0.0,0.210526315789474,,,0,5.1,17.1
2003,REG,00-0000559,,Jerry Azumah,CB,DB,,2,CHI,0,0,0,0,0,0,0,0,0,0,0,0,,0,,,0,0,0,0,0,0,,0,0,0,0,0,0,0,0,0,0,,0,,,,,2,12.0,12.0
2003,REG,00-0000722,,Tony Banks,QB,QB,,6,HOU,61,102,693,5,3,13,57,1,0,0,0,34,3.53490738496448,0,0.0,0.0680937906828281,6,27,0,0,0,2,3.67105207167333,0,0,0,0,0,0,0,0,0,0,,0,,,,,0,44.42,44.42
2003,REG,00-0000745,,Tiki Barber,RB,RB,,16,NYG,0,0,0,0,0,0,0,0,0,0,0,0,,0,,,278,1215,2,6,5,66,-36.5686147790161,1,69,69,461,1,3,1,0,0,26,18.7257045352068,0,0.0,0.200581395348837,,,0,175.6,244.6
2003,REG,00-0000754,,Bryan Barker,P,SPEC,,1,WAS,1,1,3,0,0,0,0,0,0,0,0,1,2.29185488808434,0,0.0,,0,0,0,0,0,0,,0,0,0,0,0,0,0,0,0,0,,0,,,,,0,0.12,0.12
2003,REG,00-0000765,,Reggie Barlow,WR,WR,,2,TB,0,0,0,0,0,0,0,0,0,0,0,0,,0,,,0,0,0,0,0,0,,0,3,3,27,1,1,1,0,0,1,-0.192461424099747,0,0.0,0.0625,,,0,6.7,9.7
2003,REG,00-0000865,,Charlie Batch,QB,QB,,2,PIT,4,8,47,0,0,1,2,1,1,0,0,2,-4.5622104840586,0,0.0,0.0344599074075414,1,11,0,0,0,1,0.750044139102101,0,0,0,0,0,0,0,0,0,0,,0,,,,,0,0.98,0.98
2003,REG,00-0000869,,D'Wayne Bates,WR,WR,,8,MIN,0,0,0,0,0,0,0,0,0,0,0,0,,0,,,0,0,0,0,0,0,,0,15,15,151,1,0,0,0,0,11,15.3590742163989,0,0.0,0.0862068965517242,,,0,21.1,36.1
2003,REG,00-0000942,,Fred Beasley,RB,RB,,14,SF,0,0,0,0,0,0,0,0,0,0,0,0,,0,,,17,24,0,0,0,4,-9.27887297040434,0,19,19,184,1,0,0,0,0,6,10.5971502971165,0,0.0,0.0871559633027523,,,0,26.8,45.8
2003,REG,00-0001098,,Brandon Bennett,RB,RB,,14,CIN,0,0,0,0,0,0,0,0,0,0,0,0,,0,,,56,173,0,1,1,11,-14.8080683780736,0,25,25,176,1,0,0,0,0,7,5.99773581585305,0,0.0,0.099601593625498,,,0,38.9,63.9
2003,REG,00-0001101,,Darren Bennett,P,SPEC,,1,LAC,0,1,0,0,0,0,0,0,0,0,0,0,-3.2695158260176,0,,,0,0,0,0,0,0,,0,0,0,0,0,0,0,0,0,0,,0,,,,,0,0.0,0.0
2003,REG,00-0001157,,Mitch Berger,P,SPEC,,1,NO,0,1,0,0,0,0,0,0,0,0,0,0,-2.40234131412581,0,,,0,0,0,0,0,0,,0,0,0,0,0,0,0,0,0,0,,0,,,,,0,0.0,0.0
2003,REG,00-0001215,,Jerome Bettis,RB,RB,,16,PIT,0,0,0,0,0,0,0,0,0,0,0,0,,0,,,246,811,7,4,4,43,-31.5557093371246,1,13,13,86,0,1,0,0,0,4,5.46842167142313,0,0.0,0.0909090909090909,,,0,125.7,138.7
2003,REG,00-0001218,,Steve Beuerlein,QB,QB,,4,DEN,33,63,389,2,5,9,60,3,0,0,0,18,-22.9121227393894,0,0.0,0.0242428251491349,5,13,0,0,0,1,0.520327957463451,0,0,0,0,0,0,0,0,0,0,,0,,,,,0,14.86,14.86
2003,REG,00-0001335,,Jeff Blake,QB,QB,,13,ARI,208,368,2252,13,15,19,132,4,3,0,0,96,-74.0249289031697,0,0.0,0.025817794660804,30,177,2,4,1,12,3.72639029192568,1,0,0,0,0,0,0,0,0,0,,0,,,,,0,135.78,135.78
2003,REG,00-0001361,,Drew Bledsoe,QB,QB,,16,BUF,274,471,2860,11,12,49,371,10,8,0,0,142,-64.0501087589494,0,0.0,0.0257028007407484,23,29,2,4,1,5,-17.3386659829121,0,0,0,0,0,0,0,0,0,0,,0,,,,,0,131.3,131.3
2003,REG,00-0001477,,Marty Booker,WR,WR,,13,CHI,0,0,0,0,0,0,0,0,0,0,0,0,,0,,,3,-7,0,1,0,0,-2.13844635843998,0,52,52,715,4,0,0,0,0,31,50.9276842243853,0,0.0,0.246445497630332,,,0,94.8,146.8
2003,REG,00-0001532,,David Boston,WR,WR,,14,LAC,0,0,0,0,0,0,0,0,0,0,0,0,,0,,,3,18,0,0,0,2,0.338048260721907,0,70,70,880,7,2,2,0,0,42,69.2097837663605,1,0.0,0.274509803921569,,,0,129.8,199.8
2003,REG,00-0001545,,Todd Bouman,QB,QB,,3,NO,7,13,81,1,0,1,7,0,0,0,0,4,2.85815492447,1,0.0,0.0349000901069258,4,1,0,1,1,1,-3.41763105860446,0,0,0,0,0,0,0,0,0,0,,0,,,,,0,7.34,7.34
2003,REG,00-0001611,,Brant Boyer,OLB,LB,,2,CLE,0,1,0,0,0,0,0,0,0,0,0,0,-2.25590078136884,0,,,1,7,0,0,0,1,2.42923848237842,0,0,0,0,0,0,0,0,0,0,,0,,,,,0,0.7,0.7
2003,REG,00-0001627,,Corey Bradford,WR,WR,,14,HOU,0,0,0,0,0,0,0,0,0,0,0,0,,0,,,0,0,0,0,0,0,,0,24,24,460,4,0,0,0,0,16,43.4643053887994,0,0.0,0.106666666666667,,,0,70.0,94.0
2003,REG,00-0001661,,Kyle Brady,TE,TE,,14,JAX,0,0,0,0,0,0,0,0,0,0,0,0,,0,,,0,0,0,0,0,0,,0,29,29,281,1,2,1,0,0,16,17.4402605139767,0,0.0,0.107407407407407,,,0,32.1,61.1
2003,REG,00-0001823,,Aaron Brooks,QB,QB,,16,NO,306,518,3546,24,8,36,203,9,7,0,0,172,18.9899279175673,0,0.0,0.0720385730229643,52,183,2,5,4,20,-9.9861398768802,0,0,0,0,0,0,0,0,0,0,,0,,,,,0,230.14,230.14
2003,REG,00-0002058,,Tim Brown,WR,WR,,16,LV,0,0,0,0,0,0,0,0,0,0,0,0,,0,,,1,4,0,0,0,0,-0.0800882945768535,0,51,51,563,2,0,0,0,0,28,41.2539152031929,0,0.0,0.184115523465704,,,0,68.7,119.7
2003,REG,00-0002068,,Troy Brown,WR,WR,,12,NE,0,0,0,0,0,0,0,0,0,0,0,0,,0,,,6,27,0,0,0,2,-0.8165809760103,0,40,40,472,4,0,0,0,0,18,38.5038385364283,0,0.0,0.186915887850467,,,0,73.9,113.9
2003,REG,00-0002099,,Isaac Bruce,WR,WR,,14,LA,2,2,66,0,0,0,0,0,0,0,0,2,3.95107201219071,0,0.0,,2,17,0,0,0,1,-0.0552304397537036,0,69,69,981,5,0,0,0,0,49,83.5137210474932,0,0.0,0.208459214501511,,,0,132.44,201.44
2003,REG,00-0002102,,Mark Bruener,TE,TE,,2,PIT,0,0,0,0,0,0,0,0,0,0,0,0,,0,,,0,0,0,0,0,0,,0,2,2,1,1,0,0,0,0,1,0.807966213847976,0,0.0,0.0526315789473684,,,0,6.1,8.1
2003,REG,00-0002110,,Mark Brunell,QB,QB,,3,JAX,54,82,484,2,0,9,46,0,0,0,0,22,-7.40173353920167,0,0.0,0.0303004182861151,8,19,1,1,0,3,-4.42222257936373,0,0,0,0,0,0,0,0,0,0,,0,,,,,0,35.26,35.26
2003,REG,00-0002159,,Shawn Bryson,RB,RB,,16,DET,0,0,0,0,0,0,0,0,0,0,0,0,,0,,,158,606,3,2,0,31,-15.5496186166651,0,54,54,340,0,0,0,0,0,10,-1.59815333517552,0,0.0,0.173076923076923,,,0,112.6,166.6
2003,REG,00-0002380,,Steve Bush,RB,RB,,6,ARI,0,0,0,0,0,0,0,0,0,0,0,0,,0,,,0,0,0,0,0,0,,0,11,11,71,1,0,0,0,0,4,5.56780063634506,0,0.0,0.092436974789916,,,0,13.1,24.1
2003,REG,00-0002565,,Dan Campbell,TE,TE,,11,DAL,0,0,0,0,0,0,0,0,0,0,0,0,,0,,,0,0,0,0,0,0,,0,20,20,195,1,0,0,0,0,8,10.4113227240159,0,0.0,0.0956937799043062,,,0,25.5,45.5
2003,REG,00-0002586,,Mark Campbell,TE,TE,,13,BUF,0,0,0,0,0,0,0,0,0,0,0,0,,0,,,0,0,0,0,0,0,,0,34,34,339,1,0,0,0,0,11,19.6143508582848,0,0.0,0.137096774193548,,,0,39.9,73.9
2003,REG,00-0002655,,John Carney,K,SPEC,,1,NO,0,0,0,0,0,0,0,0,0,0,0,0,,0,,,1,3,0,0,0,0,-2.01114454632625,0,0,0,0,0,0,0,0,0,0,,0,,,,,0,0.3,0.3
2003,REG,00-0002709,,Dwayne Carswell,G,OL,,6,DEN,0,0,0,0,0,0,0,0,0,0,0,0,,0,,,0,0,0,0,0,0,,0,6,6,53,1,0,0,0,0,3,5.7208332301816,0,0.0,0.0576923076923077,,,0,11.3,17.3
2003,REG,00-0002743,,Ki-Jana Carter,RB,RB,,6,NO,0,0,0,0,0,0,0,0,0,0,0,0,,0,,,19,72,1,0,0,4,1.0699938479811,0,1,1,11,0,0,0,0,0,1,0.666509934235364,0,0.0,0.0476190476190476,,,0,14.3,15.3
2003,REG,00-0002846,,Larry Centers,FB,RB,,9,NE,0,0,0,0,0,0,0,0,0,0,0,0,,0,,,21,82,0,0,0,2,-4.99346686998615,0,19,19,106,1,0,0,0,0,9,7.51913221774157,0,0.0,0.134751773049645,,,0,24.8,43.8
2003,REG,00-0002861,,Byron Chamberlain,TE,TE,,2,WAS,0,0,0,0,0,0,0,0,0,0,0,0,,0,,,0,0,0,0,0,0,,0,4,4,29,0,0,0,0,0,1,1.33192565984791,0,0.0,0.0851063829787234,,,0,2.9,6.9
2003,REG,00-0002876,,Chris Chandler,QB,QB,,8,CHI,107,192,1050,3,7,14,101,2,0,0,0,51,-23.802394648696,0,0.0,0.0277518999663847,14,35,0,2,0,4,2.37711528749787,1,0,0,0,0,0,0,0,0,0,,0,,,,,0,45.5,45.5
2003,REG,00-0002962,,Wayne Chrebet,WR,WR,,7,NYJ,0,0,0,0,0,0,0,0,0,0,0,0,,0,,,0,0,0,0,0,0,,0,27,27,289,1,0,0,0,0,15,18.1533611408461,0,0.0,0.181208053691275,,,0,34.9,61.9
2003,REG,00-0003035,,Desmond Clark,TE,TE,,15,CHI,0,0,0,0,0,0,0,0,0,0,0,0,,0,,,0,0,0,0,0,0,,0,44,44,433,2,2,2,0,0,23,22.188311380912,0,0.0,0.175298804780877,,,0,51.3,95.3
2003,REG,00-0003103,,Cameron Cleeland,TE,TE,,10,LA,0,0,0,0,0,0,0,0,0,0,0,0,,0,,,2,-5,0,1,0,0,-2.72796688333619,0,10,10,145,0,0,0,0,0,6,9.25587146298494,0,0.0,0.0523560209424084,,,0,14.0,24.0
2003,REG,00-0003136,,Mike Cloud,RB,RB,,5,NE,0,0,0,0,0,0,0,0,0,0,0,0,,0,,,27,118,5,0,0,12,2.83874181043939,0,1,1,8,0,0,0,0,0,0,0.235879134619609,0,0.0,0.0344827586206897,,,0,42.6,43.6
2003,REG,00-0003231,,Marcus Coleman,DB,DB,,1,HOU,0,0,0,0,0,0,0,0,0,0,0,0,,0,,,0,0,0,0,0,0,,0,1,1,6,0,0,0,0,0,0,0.338003987369703,0,0.0,0.0588235294117647,,,0,0.6,1.6
2003,REG,00-0003292,,Kerry Collins,QB,QB,,13,NYG,284,500,3110,13,16,28,164,10,4,0,0,159,-21.5428047310837,0,0.0,0.0412083394543659,17,49,0,2,1,3,-7.92537145440597,1,0,0,0,0,0,0,0,0,0,,0,,,,,0,141.3,141.3
2003,REG,00-0003315,,Todd Collins,QB,QB,,5,KC,9,12,74,0,0,0,0,0,0,0,0,3,0.197759078786476,0,0.0,0.0270027490384427,8,-7,0,0,0,0,-4.84745513740927,0,0,0,0,0,0,0,0,0,0,,0,,,,,0,2.26,2.26
2003,REG,00-0003396,,Curtis Conway,WR,WR,,16,NYJ,0,0,0,0,0,0,0,0,0,0,0,0,,0,,,0,0,0,0,0,0,,0,46,46,640,2,0,0,0,0,33,46.8360612059888,0,0.0,0.147435897435897,,,0,76.0,122.0
2003,REG,00-0003400,,Ernie Conwell,TE,TE,,8,NO,0,0,0,0,0,0,0,0,0,0,0,0,,0,,,0,0,0,0,0,0,,0,26,26,290,2,1,0,0,0,15,19.4520406581578,0,0.0,0.165605095541401,,,0,41.0,67.0
2003,REG,00-0003535,,Tim Couch,QB,QB,,10,CLE,120,203,1319,7,6,19,116,4,3,0,0,59,-40.888475604817,0,0.0,0.031231222721934,11,39,1,1,0,4,3.84156088158488,0,1,1,-3,0,0,0,0,0,0,-2.62130852042498,0,0.0,0.0625,,,0,72.36,73.36
2003,REG,00-0003663,,Zack Crockett,RB,RB,,14,LV,0,0,0,0,0,0,0,0,0,0,0,0,,0,,,48,145,7,1,1,19,4.83685037042596,0,7,7,53,0,0,0,0,0,2,0.837321651342791,0,0.0,0.0555555555555556,,,0,59.8,66.8
2003,REG,00-0003739,,Daunte Culpepper,QB,QB,,14,MIN,295,454,3479,25,11,38,196,11,3,0,0,169,60.6838925276739,1,0.0,0.10255582253504,72,422,4,5,3,28,14.8932664166787,0,0,0,0,0,0,0,0,0,0,,0,,,,,0,273.36,273.36
2003,REG,00-0004052,,Stephen Davis,RB,RB,,14,CAR,0,0,0,0,0,0,0,0,0,0,0,0,,0,,,318,1444,8,3,3,69,-11.658407287158,0,14,14,159,0,0,0,0,0,8,11.7864757040807,0,0.0,0.1,,,0,202.3,216.3
2003,REG,00-0004091,P.Dawson,Phil Dawson,K,SPEC,"https://static.www.nfl.com/image/private/f_auto,q_auto/league/dypn7kf7fsaz30ey0ayc",1,CLE,0,0,0,0,0,0,0,0,0,0,0,0,,0,,,1,14,0,0,0,1,3.21018483076477,0,0,0,0,0,0,0,0,0,0,,0,,,,,0,1.4,1.4
2003,REG,00-0004161,,Jake Delhomme,QB,QB,,16,CAR,266,449,3219,19,16,23,172,7,4,0,0,146,18.0451304038847,0,0.0,0.0587802709662779,42,43,1,8,2,10,-24.5785210305893,0,0,0,0,0,0,0,0,0,0,,0,,,,,0,171.06,171.06
2003,REG,00-0004229,,Koy Detmer,QB,QB,,3,PHI,3,5,32,0,0,0,0,0,0,0,0,3,-3.56920258055339,0,0.0,0.0511000664586219,0,0,0,0,0,0,,0,0,0,0,0,0,0,0,0,0,,0,,,,,0,1.28,1.28
2003,REG,00-0004293,,Trent Dilfer,QB,QB,,5,SEA,4,8,31,1,1,1,8,1,0,0,0,3,-4.11767121608136,0,0.0,0.042809600955485,2,-1,0,1,1,0,-3.85256186668994,0,0,0,0,0,0,0,0,0,0,,0,,,,,0,1.14,1.14
2003,REG,00-0004294,,Ken Dilger,TE,TE,,13,TB,0,0,0,0,0,0,0,0,0,0,0,0,,0,,,0,0,0,0,0,0,,0,22,22,244,1,1,0,0,0,10,14.1474485172217,0,0.0,0.0718954248366013,,,0,30.4,52.4
2003,REG,00-0004304,,Corey Dillon,RB,RB,,13,CIN,0,0,0,0,0,0,0,0,0,0,0,0,,0,,,138,541,2,0,0,24,-9.09780258793035,0,11,11,71,0,0,0,0,0,4,2.7745083841146,0,0.0,0.0662650602409639,,,0,73.2,84.2
2003,REG,00-0004386,,Chris Doering,WR,WR,,8,PIT,0,0,0,0,0,0,0,0,0,0,0,0,,0,,,0,0,0,0,0,0,,0,18,18,240,1,0,0,0,0,15,23.7665759499068,0,0.0,0.101123595505618,,,0,30.0,48.0
2003,REG,00-0004541,,Donald Driver,WR,WR,,15,GB,0,0,0,0,0,0,0,0,0,0,0,0,,0,,,5,51,0,0,0,1,2.28975207154872,0,52,52,621,2,0,0,0,0,30,55.0936762109834,0,0.0,0.176271186440678,,,0,79.2,131.2
2003,REG,00-0004574,,Rickey Dudley,TE,TE,,5,TB,0,0,0,0,0,0,0,0,0,0,0,0,,0,,,0,0,0,0,0,0,,0,7,7,42,1,0,0,0,0,3,4.12776469922392,0,0.0,0.0598290598290598,,,0,10.2,17.2
2003,REG,00-0004637,,Jason Dunn,TE,TE,,4,KC,0,0,0,0,0,0,0,0,0,0,0,0,,0,,,0,0,0,0,0,0,,0,5,5,35,3,0,0,0,0,5,8.28847458679229,0,0.0,0.0602409638554217,,,0,21.5,26.5
2003,REG,00-0004640,,Warrick Dunn,RB,RB,,11,ATL,0,0,0,0,0,1,3,0,0,0,0,0,-1.08386570378207,0,,,125,672,3,1,0,27,8.59310326372056,0,37,37,336,2,1,1,0,0,14,6.66552934573251,0,0.0,0.224242424242424,,,0,128.8,165.8
2003,REG,00-0004673,,Tim Dwight,WR,WR,,8,LAC,0,0,0,0,0,0,0,0,0,0,0,0,,0,,,9,88,0,0,0,3,4.49923206410223,0,14,14,193,0,0,0,0,0,12,18.2098175736632,0,0.0,0.103703703703704,,,0,28.1,42.1
2003,REG,00-0004694,,Kevin Dyson,WR,WR,,1,CAR,0,0,0,0,0,0,0,0,0,0,0,0,,0,,,0,0,0,0,0,0,,0,2,2,15,0,0,0,0,0,1,2.12401918845717,0,0.0,0.0689655172413793,,,0,1.5,3.5
2003,REG,00-0004768,,Marc Edwards,FB,RB,,14,JAX,0,0,0,0,0,0,0,0,0,0,0,0,,0,,,7,13,1,0,0,4,-1.73405193464714,0,31,31,226,0,0,0,0,0,12,10.126025501578,0,0.0,0.133620689655172,,,0,29.9,60.9
2003,REG,00-0004780,,Troy Edwards,WR,WR,,12,JAX,0,0,0,0,0,0,0,0,0,0,0,0,,0,,,3,-9,0,0,0,0,-2.27542462281417,0,35,36,487,3,0,0,0,0,22,33.7994398381995,0,0.0,0.161434977578475,,,0,65.8,100.8
2003,REG,00-0004915,,Bobby Engram,WR,WR,,15,SEA,0,0,0,0,0,0,0,0,0,0,0,0,,0,,,0,0,0,0,0,0,,0,52,52,640,6,0,0,0,9,34,66.971396854613,0,0.0,0.175675675675676,,,1,106.0,158.0
2003,REG,00-0005091,,Kevin Faulk,RB,RB,,15,NE,0,1,0,0,0,0,0,0,0,0,0,0,-0.419496321876068,0,,,178,638,0,3,3,28,-33.428609878622,0,48,48,440,0,1,1,0,6,20,23.3633965516813,0,0.0,0.179775280898876,,,0,99.8,147.8
2003,REG,00-0005092,,Marshall Faulk,RB,RB,,11,LA,0,0,0,0,0,0,0,0,0,0,0,0,,0,,,209,818,10,0,0,49,-13.1485013630133,0,45,45,290,1,0,0,0,0,11,5.24848316528757,0,0.0,0.176470588235294,,,0,176.8,221.8
2003,REG,00-0005101,,Christian Fauria,TE,TE,,13,NE,0,0,0,0,0,0,0,0,0,0,0,0,,0,,,0,0,0,0,0,0,,0,28,28,285,2,0,0,0,0,14,22.3502335950616,0,0.0,0.106870229007634,,,0,40.5,68.5
2003,REG,00-0005106,,Brett Favre,QB,QB,,16,GB,308,472,3361,32,21,19,139,4,2,0,0,166,56.6126633684866,2,0.0,0.0981081734552903,18,15,0,1,0,3,-6.33504584454931,0,0,0,0,0,0,0,0,0,0,,0,,,,,0,221.94,221.94
2003,REG,00-0005180,,Jay Fiedler,QB,QB,,12,MIA,179,314,2138,12,13,20,133,5,4,0,0,107,-10.7912049453979,0,0.0,0.0657340528888619,33,95,3,2,0,14,9.60093893259666,0,0,0,0,0,0,0,0,0,0,,0,,,,,0,127.02,127.02
2003,REG,00-0005229,,Jim Finn,FB,RB,,7,NYG,0,0,0,0,0,0,0,0,0,0,0,0,,0,,,0,0,0,0,0,0,,0,13,13,88,0,0,0,0,0,4,3.43487057450693,0,0.0,0.0787878787878788,,,0,8.8,21.8
2003,REG,00-0005231,,Brian Finneran,WR,WR,,11,ATL,0,0,0,0,0,0,0,0,0,0,0,0,,0,,,0,0,0,0,0,0,,0,26,26,368,2,0,0,0,0,21,36.2350112369168,0,0.0,0.192592592592593,,,0,48.8,74.8
2003,REG,00-0005363,,Doug Flutie,QB,QB,,7,LAC,91,167,1097,9,4,8,27,1,1,0,0,50,8.51842097423981,1,0.0,0.0689294558810934,33,168,2,6,4,12,0.150283310969826,0,0,0,0,0,0,0,0,0,0,,0,,,,,0,92.68,92.68
2003,REG,00-0005562,,Antonio Freeman,WR,WR,,10,GB,0,0,0,0,0,0,0,0,0,0,0,0,,0,,,0,0,0,0,0,0,,0,14,14,141,0,0,0,0,0,9,13.2791786190355,0,0.0,0.0721649484536082,,,0,14.1,28.1
2003,REG,00-0005589,,Gus Frerotte,QB,QB,,5,MIN,38,65,690,7,2,5,22,0,0,0,0,25,26.9479952968411,1,0.0,0.142162183773184,12,-2,0,2,0,0,-3.37720722134691,0,0,0,0,0,0,0,0,0,0,,0,,,,,0,53.4,53.4
2003,REG,00-0005620,,Chris Fuamatu-Ma'afala,RB,RB,,9,JAX,0,0,0,0,0,0,0,0,0,0,0,0,,0,,,35,144,1,0,0,12,3.40570428238385,0,1,1,2,0,0,0,0,0,0,-0.259355755057186,0,0.0,0.0416666666666667,,,0,20.6,21.6
2003,REG,00-0005668,,Oronde Gadsden,WR,WR,,3,MIA,0,0,0,0,0,0,0,0,0,0,0,0,,0,,,0,0,0,0,0,0,,0,4,4,48,0,0,0,0,0,4,7.23894599382766,0,0.0,0.0851063829787234,,,0,4.8,8.8
2003,REG,00-0005720,,Joey Galloway,WR,WR,,13,DAL,0,0,0,0,0,0,0,0,0,0,0,0,,0,,,4,22,0,0,0,0,0.704396237852052,0,34,34,672,2,0,0,0,0,27,55.5103598397109,0,0.0,0.147826086956522,,,0,81.4,115.4
2003,REG,00-0005741,,Rich Gannon,QB,QB,,7,LV,124,224,1270,6,4,17,90,2,0,0,0,53,-25.6172922974147,0,0.0,0.0261470873725638,6,18,0,0,0,1,-0.0602835949975997,0,0,0,0,0,0,0,0,0,0,,0,,,,,0,68.6,68.6
2003,REG,00-0005755,,Jeff Garcia,QB,QB,,13,SF,225,392,2704,18,13,22,107,4,2,0,0,131,20.4538841497778,1,0.0,0.0998581429898329,54,325,7,4,1,24,21.5831004343963,0,1,1,6,0,0,0,0,0,0,0.267113374196924,0,0.0,0.0476190476190476,,,0,225.26,226.26
2003,REG,00-0005779,,Charlie Garner,RB,RB,,14,LV,0,0,0,0,0,0,0,0,0,0,0,0,,0,,,120,553,3,1,0,27,-0.0810267942776459,0,48,48,386,1,0,0,0,0,15,12.2112258469898,0,0.0,0.205128205128205,,,0,117.9,165.9
2003,REG,00-0005816,,Olandis Gary,RB,RB,,13,DET,0,0,0,0,0,0,0,0,0,0,0,0,,0,,,113,384,2,1,0,19,-20.6496179563983,0,13,13,69,0,0,0,0,0,3,4.26358233008068,0,0.0,0.0670103092783505,,,0,57.3,70.3
2003,REG,00-0005822,,Sam Gash,FB,RB,,9,BUF,0,0,0,0,0,0,0,0,0,0,0,0,,0,,,1,3,0,0,0,0,-0.065319164423272,0,11,11,83,0,1,0,0,0,5,5.65588900819421,0,0.0,0.0691823899371069,,,0,8.6,19.6
2003,REG,00-0005883,,Eddie George,RB,RB,,16,TEN,0,0,0,0,0,0,0,0,0,0,0,0,,0,,,312,1031,5,0,0,52,-43.5205793925795,0,22,22,163,0,1,0,0,0,7,7.27312553604282,0,0.0,0.0823970037453183,,,0,149.4,171.4
2003,REG,00-0006043,,Terry Glenn,WR,WR,,13,DAL,0,1,0,0,0,0,0,0,0,0,0,0,-0.414870762964711,0,,,3,55,0,0,0,1,2.64424047543434,0,52,52,754,5,2,0,0,0,37,63.2215931212995,0,0.0,0.205533596837945,,,0,110.9,162.9
2003,REG,00-0006101,,Tony Gonzalez,TE,TE,,16,KC,0,0,0,0,0,0,0,0,0,0,0,0,,0,,,0,0,0,0,0,0,,0,71,71,915,10,0,0,0,0,48,76.8550998824036,0,0.0,0.209439528023599,,,0,151.5,222.5
2003,REG,00-0006133,,Hunter Goodwin,TE,TE,,5,MIN,0,0,0,0,0,0,0,0,0,0,0,0,,0,,,0,0,0,0,0,0,,0,4,4,26,0,0,0,0,0,1,0.184256610666582,1,0.0,0.051948051948052,,,0,4.6,8.6
2003,REG,00-0006305,,Ahman Green,RB,RB,,16,GB,0,0,0,0,0,0,0,0,0,0,0,0,,0,,,355,1883,15,7,5,96,19.3859346063554,0,50,50,367,5,0,0,0,0,19,22.958126734232,0,0.0,0.175438596491228,,,0,335.0,385.0
2003,REG,00-0006355,,Trent Green,QB,QB,,16,KC,330,523,4039,24,12,20,130,4,1,0,0,198,99.9569382577568,0,0.0,0.113228567450656,26,83,2,1,0,8,-0.0345478514722468,0,0,0,0,0,0,0,0,0,0,,0,,,,,0,251.86,251.86
2003,REG,00-0006423,,Brian Griese,QB,QB,,5,MIA,74,130,813,5,6,12,83,4,4,0,0,36,-41.8244177062222,0,0.0,0.0272501966747781,5,15,0,0,0,0,-0.915000400447752,0,0,0,0,0,0,0,0,0,0,,0,,,,,0,34.02,34.02
2003,REG,00-0006627,,Az-Zahir Hakim,WR,WR,,13,DET,1,1,21,0,0,0,0,0,0,0,0,1,1.47482860583114,0,0.0,,3,51,0,0,0,1,3.84418503346387,0,49,49,449,4,2,1,0,0,27,36.43750507505,1,0.0,0.196,,,0,74.84,123.84
2003,REG,00-0006777,,Karl Hankton,WR,WR,,2,CAR,0,0,0,0,0,0,0,0,0,0,0,0,,0,,,0,0,0,0,0,0,,0,2,2,27,0,0,0,0,0,2,2.57660061423667,0,0.0,0.0606060606060606,,,0,2.7,4.7
2003,REG,00-0006804,,Patrick Hape,TE,TE,,2,DEN,0,0,0,0,0,0,0,0,0,0,0,0,,0,,,0,0,0,0,0,0,,0,3,3,30,0,0,0,0,0,2,2.0011168908095,0,0.0,0.0731707317073171,,,0,3.0,6.0
2003,REG,00-0007024,,Marvin Harrison,WR,WR,,15,IND,0,0,0,0,0,0,0,0,0,0,0,0,,0,,,1,3,0,0,0,0,-0.277064732508734,0,94,94,1272,10,2,2,0,0,60,99.4433088974267,0,0.0,0.265536723163842,,,0,183.5,277.5
2003,REG,00-0007091,,Matt Hasselbeck,QB,QB,"https://static.www.nfl.com/image/private/f_auto,q_auto/league/t1nf9avoy2kauqwrvzza",16,SEA,313,513,3844,26,15,42,246,2,1,0,0,187,76.8782022817515,0,0.0,0.110247481459842,36,125,2,2,0,10,-2.47453789250577,0,0,0,0,0,0,0,0,0,0,,0,,,,,0,250.26,250.26
2003,REG,00-0007103,,Matt Hatchette,WR,WR,,6,JAX,0,0,0,0,0,0,0,0,0,0,0,0,,0,,,0,0,0,0,0,0,,0,15,15,203,2,0,0,0,0,10,21.2486096708312,0,0.0,0.1171875,,,0,32.3,47.3
2003,REG,00-0007180,,Garrison Hearst,RB,RB,,12,SF,0,0,0,0,0,0,0,0,0,0,0,0,,0,,,178,768,3,2,2,38,-14.5749260785513,0,25,25,211,1,0,0,0,0,7,13.4088475395866,0,0.0,0.115740740740741,,,0,117.9,142.9
2003,REG,00-0007213,,Steve Heiden,TE,TE,"https://static.www.nfl.com/image/private/f_auto,q_auto/league/gbtrxatwcauhazpjejcr",7,CLE,0,0,0,0,0,0,0,0,0,0,0,0,,0,,,0,0,0,0,0,0,,0,18,18,134,0,0,0,0,0,4,5.68181970424485,0,0.0,0.119205298013245,,,0,13.4,31.4
2003,REG,00-0007254,,William Henderson,FB,RB,,11,GB,0,0,0,0,0,0,0,0,0,0,0,0,,0,,,0,0,0,0,0,0,,0,24,24,214,3,0,0,0,0,14,15.0996171770967,0,0.0,0.106194690265487,,,0,39.4,63.4
2003,REG,00-0007308,,Craig Hentrich,P,SPEC,,5,TEN,2,5,25,0,0,0,0,0,0,0,0,2,-1.01136225444498,0,0.0,0.0256732119134431,0,0,0,0,0,0,,0,0,0,0,0,0,0,0,0,0,,0,,,,,0,1.0,1.0
2003,REG,00-0007357,,Chris Hetherington,FB,RB,,2,LV,0,0,0,0,0,0,0,0,0,0,0,0,,0,,,0,0,0,0,0,0,,0,2,2,23,0,0,0,0,0,1,1.02461323747411,0,0.0,0.0645161290322581,,,0,2.3,4.3
2003,REG,00-0007468,,Ike Hilliard,WR,WR,,13,NYG,0,0,0,0,0,0,0,0,0,0,0,0,,0,,,2,19,0,0,0,1,1.15619273739867,0,60,60,608,6,2,2,0,0,38,49.1191603799234,0,0.0,0.204778156996587,,,0,94.7,154.7
2003,REG,00-0007546,,James Hodgins,RB,RB,,9,ARI,0,0,0,0,0,0,0,0,0,0,0,0,,0,,,2,6,0,0,0,1,-0.143786637054291,0,14,14,58,2,1,0,0,0,2,2.76874952562503,0,0.0,0.0858895705521472,,,0,18.4,32.4
2003,REG,00-0007576,,Kelly Holcomb,QB,QB,,10,CLE,193,302,1797,10,12,21,166,4,2,0,0,94,-21.0509824953532,0,0.0,0.0407327070249852,8,7,0,1,0,0,-7.09891822544159,0,0,0,0,0,0,0,0,0,0,,0,,,,,0,84.58,84.58
2003,REG,00-0007579,,Robert Holcombe,FB,RB,,15,TEN,0,0,0,0,0,0,0,0,0,0,0,0,,0,,,63,201,1,2,1,11,-18.2203328393301,1,19,19,140,1,0,0,0,19,5,1.89800923451548,0,0.0,0.087962962962963,,,0,46.1,65.1
2003,REG,00-0007661,,Priest Holmes,RB,RB,,16,KC,0,1,0,0,0,0,0,0,0,0,0,0,-1.21116994069266,0,,,320,1420,27,1,1,88,39.5742183208522,0,74,74,690,0,0,0,0,0,36,33.6592082584102,0,0.0,0.218289085545723,,,0,371.0,445.0
2003,REG,00-0007681,,Torry Holt,WR,WR,,16,LA,0,0,0,0,0,0,0,0,0,0,0,0,,0,,,1,5,0,0,0,0,0.0639176475815475,0,117,117,1696,12,1,0,0,0,84,160.58839957169,0,0.0,0.310344827586207,,,0,242.1,359.1
2003,REG,00-0007744,,Joe Horn,WR,WR,,15,NO,1,1,14,0,0,0,0,0,0,0,0,1,0.892313482356258,0,0.0,,2,15,0,0,0,1,0.482740672305226,0,78,78,973,10,2,0,0,0,52,93.32910595875,0,0.0,0.260869565217391,,,0,159.36,237.36
2003,REG,00-0007834,,Brock Huard,QB,QB,,2,IND,2,3,22,0,0,1,3,0,0,0,0,2,0.932064698426984,0,0.0,,2,9,0,1,0,0,-0.852893452625722,0,0,0,0,0,0,0,0,0,0,,0,,,,,0,1.78,1.78
2003,REG,00-0007835,,Damon Huard,QB,QB,,1,NE,0,1,0,0,0,0,0,0,0,0,0,0,-1.39903314202093,0,,,1,-1,0,0,0,0,0.0,0,0,0,0,0,0,0,0,0,0,,0,,,,,0,-0.1,-0.1
2003,REG,00-0008241,,Edgerrin James,RB,RB,,13,IND,0,0,0,0,0,0,0,0,0,0,0,0,,0,,,309,1257,11,5,3,83,-8.57008310005767,0,51,51,292,0,0,0,0,0,8,6.06185466307444,0,0.0,0.175257731958763,,,0,214.9,265.9
2003,REG,00-0008313,,Shawn Jefferson,WR,WR,,5,DET,0,0,0,0,0,0,0,0,0,0,0,0,,0,,,1,3,0,0,0,0,-0.206597039476037,0,6,6,46,0,0,0,0,0,2,-1.067556013586,0,0.0,0.0545454545454545,,,0,4.9,10.9
2003,REG,00-0008442,,Brad Johnson,QB,QB,,16,TB,354,570,3821,26,21,20,111,5,1,0,0,184,42.2970271299384,1,0.0,0.0745967866720969,25,33,0,1,1,4,-7.18102204613388,0,0,0,0,0,0,0,0,0,0,,0,,,,,0,216.14,216.14
2003,REG,00-0008560,,Kevin Johnson,WR,WR,,15,JAX,0,1,0,0,0,0,0,0,0,0,0,0,-0.381832993822172,0,,,0,0,0,0,0,0,,0,58,58,634,3,0,0,0,0,32,58.2998979068652,0,0.0,0.2,,,0,81.4,139.4
2003,REG,00-0008561,,Keyshawn Johnson,WR,WR,,10,TB,0,0,0,0,0,0,0,0,0,0,0,0,,0,,,0,0,0,0,0,0,,0,45,45,601,3,0,0,0,0,33,54.7455323303106,0,0.0,0.194805194805195,,,0,78.1,123.1
2003,REG,00-0008568,,Leon Johnson,RB,RB,,3,LAC,0,0,0,0,0,0,0,0,0,0,0,0,,0,,,4,26,0,0,0,1,0.353238154551946,0,0,0,0,0,0,0,0,0,0,,0,,,,,0,2.6,2.6
2003,REG,00-0008598,,Pat Johnson,WR,WR,,8,WAS,0,0,0,0,0,0,0,0,0,0,0,0,,0,,,0,0,0,0,0,0,,0,15,15,170,1,0,0,0,0,11,21.0966305684706,0,0.0,0.104895104895105,,,0,23.0,38.0
2003,REG,00-0008612,,Rob Johnson,QB,QB,,3,LV,11,20,93,0,1,4,21,0,0,0,0,5,-11.4344064138131,0,0.0,0.0332594772575345,3,21,0,0,0,1,0.611129315919243,0,0,0,0,0,0,0,0,0,0,,0,,,,,0,3.82,3.82
2003,REG,00-0008749,,Freddie Jones,TE,TE,,15,ARI,0,0,0,0,0,0,0,0,0,0,0,0,,0,,,0,0,0,0,0,0,,0,55,55,517,3,0,0,0,0,19,33.8021717348985,0,0.0,0.189655172413793,,,0,69.7,124.7
2003,REG,00-0008962,,Joe Jurevicius,WR,WR,,4,TB,0,0,0,0,0,0,0,0,0,0,0,0,,0,,,0,0,0,0,0,0,,0,12,12,118,2,0,0,0,0,9,11.6357945743366,0,0.0,0.12,,,0,23.8,35.8
2003,REG,00-0009007,,Danny Kanell,QB,QB,,5,DEN,53,103,442,2,5,2,24,2,0,0,0,26,-31.8419512546767,0,0.0,0.0267144691615884,6,5,0,1,0,1,-1.77602118207142,0,0,0,0,0,0,0,0,0,0,,0,,,,,0,16.18,16.18
2003,REG,00-0009119,,Reggie Kelly,TE,TE,,9,CIN,0,0,0,0,0,0,0,0,0,0,0,0,,0,,,0,0,0,0,0,0,,0,13,13,81,1,0,0,0,0,3,2.91939713525648,0,0.0,0.0706521739130435,,,0,14.1,27.1
2003,REG,00-0009163,,Eddie Kennison,WR,WR,,16,KC,0,0,0,0,0,0,0,0,0,0,0,0,,0,,,2,9,0,0,0,0,-0.16404794214759,0,56,56,854,5,1,1,0,0,43,76.8337282200228,0,0.0,0.165191740412979,,,0,114.3,170.3
2003,REG,00-0009266,,Shaun King,QB,QB,,3,TB,15,22,130,1,1,3,25,0,0,0,0,6,-3.30804323725686,0,0.0,0.0332705817871655,4,20,0,0,0,3,1.80362504004734,0,0,0,0,0,0,0,0,0,0,,0,,,,,0,9.2,9.2
2003,REG,00-0009311,,Jon Kitna,QB,QB,,16,CIN,325,521,3605,26,15,37,253,7,4,0,0,181,48.4729626270606,0,0.0,0.0948553117747469,38,117,0,2,0,7,-2.20040001673624,0,0,0,0,0,0,0,0,0,0,,0,,,,,0,221.9,221.9
2003,REG,00-0009323,,Jimmy Kleinsasser,TE,TE,,14,MIN,0,0,0,0,0,0,0,0,0,0,0,0,,0,,,2,15,0,0,0,1,1.34793084673584,0,46,46,401,4,0,0,0,0,23,41.187145395597,0,0.0,0.151315789473684,,,0,65.6,111.6
2003,REG,00-0009417,,Rob Konrad,FB,RB,,9,MIA,0,0,0,0,0,0,0,0,0,0,0,0,,0,,,4,17,0,0,0,1,-0.0545179670443758,0,16,16,166,0,0,0,0,0,9,13.9092360425566,0,0.0,0.129032258064516,,,0,18.3,34.3
2003,REG,00-0009443,,Brian Kozlowski,TE,TE,,9,ATL,0,0,0,0,0,0,0,0,0,0,0,0,,0,,,0,0,0,0,0,0,,0,10,10,87,0,0,0,0,0,7,8.77541705805925,0,0.0,0.0714285714285714,,,0,8.7,18.7
2003,REG,00-0009472,,Olin Kreutz,C,OL,,1,CHI,0,0,0,0,0,0,0,0,0,0,0,0,,0,,,0,0,0,0,0,0,,0,1,1,-8,0,0,0,0,0,0,-1.46121348557062,0,0.0,0.0769230769230769,,,0,-0.8,0.2
2003,REG,00-0009829,,Dorsey Levens,RB,RB,,11,NYG,0,0,0,0,0,0,0,0,0,0,0,0,,0,,,68,197,3,0,0,14,-8.09767019259743,0,5,5,39,0,0,0,0,0,2,3.05841401650105,0,0.0,0.0625,,,0,41.6,46.6
2003,REG,00-0009842,,Chad Lewis,TE,TE,,14,PHI,0,0,0,0,0,0,0,0,0,0,0,0,,0,,,0,0,0,0,0,0,,0,23,23,293,1,0,0,0,0,17,22.2688629214536,0,0.0,0.0934959349593496,,,0,35.3,58.3
2003,REG,00-0009869,,Jermaine Lewis,WR,WR,,2,JAX,0,0,0,0,0,0,0,0,0,0,0,0,,0,,,1,6,0,0,0,1,0.616702225408517,0,4,4,100,1,0,0,0,0,3,7.06731137752649,0,0.0,0.0816326530612245,,,0,16.6,20.6
2003,REG,00-0010007,,Kevin Lockett,WR,WR,,3,NYJ,0,0,0,0,0,0,0,0,0,0,0,0,,0,,,0,0,0,0,0,0,,0,5,5,76,0,0,0,0,0,5,10.0004914922756,0,0.0,0.0819672131147541,,,0,7.6,12.6
2003,REG,00-0010240,,Stacey Mack,RB,RB,,8,HOU,0,1,0,0,1,0,0,0,0,0,0,0,-4.32260735688033,0,,,93,253,4,1,1,15,-18.9682730545252,0,9,9,55,0,1,1,0,0,3,-2.97806494007818,0,0.0,0.108433734939759,,,0,48.8,57.8
2003,REG,00-0010261,,Tommy Maddox,QB,QB,,16,PIT,298,519,3414,18,17,41,242,4,2,0,0,171,-24.3792046982228,0,0.0,0.0485880122821719,13,12,0,1,0,0,-13.4789728857801,0,0,0,0,0,0,0,0,0,0,,0,,,,,0,171.76,171.76
2003,REG,00-0010333,,Kris Mangum,TE,TE,,10,CAR,0,0,0,0,0,0,0,0,0,0,0,0,,0,,,0,0,0,0,0,0,,0,17,17,199,0,0,0,0,0,12,13.2557219114096,0,0.0,0.101190476190476,,,0,19.9,36.9
2003,REG,00-0010346,,Peyton Manning,QB,QB,"https://static.www.nfl.com/image/private/f_auto,q_auto/league/xpcd6auodk3w0vda6jal",16,IND,379,566,4267,29,10,19,110,2,1,0,0,210,136.266243563198,1,0.0,0.129612094677863,27,29,0,4,0,3,-11.7020523693606,0,1,1,-2,0,0,0,0,0,0,-0.431028496590443,0,0.0,0.0454545454545455,,,0,269.38,270.38
2003,REG,00-0010442,,Curtis Martin,RB,RB,,16,NYJ,0,0,0,0,0,0,0,0,0,0,0,0,,0,,,323,1308,2,2,2,53,-28.9817344800685,0,42,42,262,0,0,0,0,0,9,-1.46116733347299,0,0.0,0.150537634408602,,,0,165.0,207.0
2003,REG,00-0010500,,Derrick Mason,WR,WR,,16,TEN,0,0,0,0,0,0,0,0,0,0,0,0,,0,,,3,11,0,0,0,1,1.46807945892215,0,95,95,1303,8,0,0,0,0,68,113.379274143535,0,0.0,0.301587301587302,,,0,179.4,274.4
2003,REG,00-0010609,,Brad Maynard,P,SPEC,,1,CHI,0,0,0,0,0,0,0,0,0,0,0,0,,0,,,1,0,0,1,1,0,-3.63882827339694,0,0,0,0,0,0,0,0,0,0,,0,,,,,0,-2.0,-2.0
2003,REG,00-0010632,,Fred McAfee,RB,RB,,1,NO,0,0,0,0,0,0,0,0,0,0,0,0,,0,,,1,13,0,0,0,1,3.21078192116693,0,0,0,0,0,0,0,0,0,0,,0,,,,,0,1.3,1.3
2003,REG,00-0010650,,Ed McCaffrey,WR,WR,,9,DEN,0,0,0,0,0,0,0,0,0,0,0,0,,0,,,0,0,0,0,0,0,,0,19,19,195,0,0,0,0,0,12,20.9615842428899,0,0.0,0.125,,,0,19.5,38.5
2003,REG,00-0010668,,Keenan McCardell,WR,WR,,16,TB,0,0,0,0,0,0,0,0,0,0,0,0,,0,,,0,0,0,0,0,0,,0,84,84,1179,8,1,1,0,-1,53,108.619217349642,0,0.0,0.227642276422764,,,0,163.9,247.9
2003,REG,00-0010747,,Fred McCrary,RB,RB,,3,NE,0,0,0,0,0,0,0,0,0,0,0,0,,0,,,3,3,0,0,0,1,-2.11816570709925,0,2,2,12,0,0,0,0,0,1,0.710797514999285,0,0.0,0.04,,,0,1.5,3.5
2003,REG,00-0010844,,Scott McGarrahan,DB,DB,,1,TEN,0,0,0,0,0,0,0,0,0,0,0,0,,0,,,0,0,0,0,0,0,,0,1,1,10,0,0,0,0,0,1,2.71073981025256,0,0.0,0.0454545454545455,,,0,1.0,2.0
2003,REG,00-0010974,,James McKnight,WR,WR,,12,MIA,0,0,0,0,0,0,0,0,0,0,0,0,,0,,,2,75,1,0,0,1,6.35504525853321,0,23,23,285,2,1,0,0,0,11,24.858980212477,0,0.0,0.123655913978495,,,0,54.0,77.0
2003,REG,00-0011022,,Donovan McNabb,QB,QB,,16,PHI,276,479,3223,16,11,43,257,6,3,0,0,152,1.00022516785718,0,0.0,0.0768351350415446,70,359,3,2,0,26,13.0765642203287,0,1,1,-7,0,0,0,0,0,0,-0.814070303575136,0,0.0,0.0416666666666667,,,0,218.12,219.12
2003,REG,00-0011024,,Steve McNair,QB,QB,,14,TEN,250,400,3246,24,7,20,112,8,4,0,0,164,104.226442678269,1,0.0,0.14350039127567,37,138,4,4,2,9,-0.437463546968139,1,1,1,4,0,0,0,0,0,0,-0.0795536823570728,0,0.0,0.0769230769230769,,,0,242.04,243.04
2003,REG,00-0011053,,R.W. McQuarters,CB,DB,,1,CHI,0,0,0,0,0,0,0,0,0,0,0,0,,0,,,0,0,0,0,0,0,,0,0,0,0,0,0,0,0,0,0,,0,,,,,1,6.0,6.0
2003,REG,00-0011224,,Itula Mili,TE,TE,,16,SEA,0,0,0,0,0,0,0,0,0,0,0,0,,0,,,0,0,0,0,0,0,,0,46,46,492,4,0,0,0,0,28,41.4544964218512,0,0.0,0.145110410094637,,,0,73.2,119.2
2003,REG,00-0011236,,Billy Miller,TE,TE,,15,HOU,0,0,0,0,0,0,0,0,0,0,0,0,,0,,,0,0,0,0,0,0,,0,40,40,355,3,0,0,0,0,18,25.8583901916281,0,0.0,0.170212765957447,,,0,53.5,93.5
2003,REG,00-0011279,,Josh Miller,P,SPEC,,1,PIT,1,1,81,1,0,0,0,0,0,0,0,1,8.92813385510817,0,0.0,,0,0,0,0,0,0,,0,0,0,0,0,0,0,0,0,0,,0,,,,,0,7.24,7.24
2003,REG,00-0011378,,Rick Mirer,QB,QB,,9,LV,116,221,1267,3,5,22,122,3,1,0,0,64,-37.4328048763927,0,0.0,0.0242428051021001,20,83,1,1,1,5,-0.5788162034587,0,0,0,0,0,0,0,0,0,0,,0,,,,,0,62.98,62.98
2003,REG,00-0011399,,Brian Mitchell,RB,RB,,4,NYG,0,0,0,0,0,0,0,0,0,0,0,0,,0,,,4,20,1,0,0,2,1.3265243472415,0,4,4,38,0,0,0,0,0,1,0.155963000440633,0,0.0,0.0677966101694915,,,0,11.8,15.8
2003,REG,00-0011463,,Chris Mohr,P,SPEC,,1,ATL,0,1,0,0,0,0,0,0,0,0,0,0,-2.09655296429992,0,,,0,0,0,0,0,0,,0,0,0,0,0,0,0,0,0,0,,0,,,,,0,0.0,0.0
2003,REG,00-0011551,,Dave Moore,TE,TE,,5,BUF,0,0,0,0,0,0,0,0,0,0,0,0,,0,,,0,0,0,0,0,0,,0,7,7,82,2,1,0,0,0,4,9.90452990919584,0,0.0,0.0666666666666667,,,0,20.2,27.2
2003,REG,00-0011626,,Brian Moorman,P,SPEC,,1,BUF,0,0,0,0,0,0,0,0,0,0,0,0,,0,,,1,21,0,1,0,1,4.34856210462749,0,0,0,0,0,0,0,0,0,0,,0,,,,,0,2.1,2.1
2003,REG,00-0011727,,Johnnie Morton,WR,WR,,15,KC,0,0,0,0,0,0,0,0,0,0,0,0,,0,,,8,94,0,0,0,3,3.13154514558846,0,50,50,740,4,0,0,0,0,36,69.2806591837143,0,0.0,0.158227848101266,,,0,107.4,157.4
2003,REG,00-0011754,,Randy Moss,WR,WR,,16,MIN,0,1,0,0,0,0,0,0,0,0,0,0,-0.414680850226432,0,,,6,18,0,0,0,1,-0.0975284775486216,0,111,111,1632,17,1,1,0,0,74,144.000806142892,0,0.0,0.333333333333333,,,0,265.0,376.0
2003,REG,00-0011770,,Eric Moulds,WR,WR,,13,BUF,0,0,0,0,0,0,0,0,0,0,0,0,,0,,,0,0,0,0,0,0,,0,64,64,780,1,0,0,0,0,35,61.666546226712,0,0.0,0.272340425531915,,,0,84.0,148.0
2003,REG,00-0011795,,Muhsin Muhammad,WR,WR,,15,CAR,0,0,0,0,0,0,0,0,0,0,0,0,,0,,,2,-2,0,0,0,0,-2.38496330752969,0,54,54,837,3,3,1,0,0,37,69.4349774168327,0,0.0,0.209302325581395,,,0,99.5,153.5
2003,REG,00-0011869,,Adrian Murrell,RB,RB,,3,DAL,0,0,0,0,0,0,0,0,0,0,0,0,,0,,,28,107,0,0,0,5,-0.0582369056646712,0,4,4,32,0,0,0,0,0,2,2.12371471710503,0,0.0,0.108108108108108,,,0,13.9,17.9
2003,REG,00-0011958,,Lorenzo Neal,FB,RB,,13,LAC,0,0,0,0,0,0,0,0,0,0,0,0,,0,,,18,40,1,0,0,7,2.18609223241219,0,16,16,62,0,0,0,0,0,2,-0.960933888098225,0,0.0,0.0751173708920188,,,0,16.2,32.2
2003,REG,00-0012261,,Neil O'Donnell,QB,QB,,1,TEN,18,27,232,2,1,0,0,0,0,0,0,13,6.29342623766773,0,0.0,0.131603141130623,1,-1,0,0,0,0,0.0,0,0,0,0,0,0,0,0,0,0,,0,,,,,0,15.18,15.18
2003,REG,00-0012322,,Jonathan Ogden,T,OL,,1,BAL,0,0,0,0,0,0,0,0,0,0,0,0,,0,,,0,0,0,0,0,0,,0,1,1,1,1,0,0,0,0,1,1.28236867947271,0,0.0,0.0588235294117647,,,0,6.1,7.1
2003,REG,00-0012478,,Terrell Owens,WR,WR,,15,SF,0,0,0,0,0,0,0,0,0,0,0,0,,0,,,3,-2,0,0,0,0,-3.32646495563677,0,80,80,1102,9,0,0,0,0,55,94.4614708289555,0,0.0,0.288808664259928,,,0,164.0,244.0
2003,REG,00-0012637,,Jerome Pathon,WR,WR,,16,NO,0,0,0,0,0,0,0,0,0,0,0,0,,0,,,0,0,0,0,0,0,,0,44,44,578,4,1,1,0,21,28,49.2728977041881,0,0.0,0.140127388535032,,,0,79.8,123.8
2003,REG,00-0012642,,David Patten,WR,WR,,5,NE,0,0,0,0,0,0,0,0,0,0,0,0,,0,,,1,4,0,0,0,0,-0.0616734153591096,0,9,9,140,0,0,0,0,0,6,9.33123083214741,0,0.0,0.103448275862069,,,0,14.4,23.4
2003,REG,00-0012726,,Doug Pederson,QB,QB,,4,GB,2,2,16,0,0,0,0,0,0,0,0,0,-2.10208555590361,0,0.0,,8,-7,0,0,0,0,0.110850438592024,0,0,0,0,0,0,0,0,0,0,,0,,,,,0,-0.06,-0.06
2003,REG,00-0012732,,Rodney Peete,QB,QB,,1,CAR,4,10,19,0,0,3,20,0,0,0,0,0,-11.9382193851634,0,0.0,0.0613297803679645,0,0,0,0,0,0,,0,0,0,0,0,0,0,0,0,0,,0,,,,,0,0.76,0.76
2003,REG,00-0013013,,Michael Pittman,RB,RB,"https://static.www.nfl.com/image/private/f_auto,q_auto/league/xt52pieoe86wnuy0imar",16,TB,0,0,0,0,0,0,0,0,0,0,0,0,,0,,,187,751,0,2,0,37,-20.4397159275864,0,75,75,591,2,2,1,0,-5,21,22.8536061342872,0,0.0,0.203252032520325,,,0,144.2,219.2
2003,REG,00-0013042,,Jake Plummer,QB,QB,,11,DEN,189,302,2183,15,7,14,73,3,1,0,0,114,45.5030937778582,0,0.0,0.122891107767212,37,205,3,1,1,16,14.8014107719064,0,0,0,0,0,0,0,0,0,0,,0,,,,,0,167.82,167.82
2003,REG,00-0013080,,Marcus Pollard,TE,TE,,13,IND,0,0,0,0,0,0,0,0,0,0,0,0,,0,,,0,0,0,0,0,0,,0,40,40,541,3,1,0,0,0,25,46.2472758074582,0,0.0,0.130293159609121,,,0,72.1,112.1
2003,REG,00-0013232,,Peerless Price,WR,WR,,16,ATL,0,0,0,0,0,0,0,0,0,0,0,0,,0,,,2,3,0,0,0,0,-0.527909035794437,0,64,64,838,3,0,0,0,0,40,63.550987006747,0,0.0,0.278260869565217,,,0,102.1,166.1
2003,REG,00-0013262,,Stanley Pritchett,RB,RB,,14,CHI,0,0,0,0,0,0,0,0,0,0,0,0,,0,,,21,93,2,0,0,7,3.17483795475112,0,18,18,83,0,0,0,0,0,5,4.93945512499888,0,0.0,0.105263157894737,,,0,29.6,47.6
2003,REG,00-0013268,,Ricky Proehl,WR,WR,,12,CAR,0,0,0,0,0,0,0,0,0,0,0,0,,0,,,0,0,0,0,0,0,,0,27,27,389,4,0,0,0,0,15,39.4462014731792,0,0.0,0.127358490566038,,,0,62.9,89.9
2003,REG,00-0013422,,Walter Rasby,TE,TE,,5,NO,0,0,0,0,0,0,0,0,0,0,0,0,,0,,,0,0,0,0,0,0,,0,6,6,55,0,0,0,0,0,3,4.77068842074368,0,0.0,0.0594059405940594,,,0,5.5,11.5
2003,REG,00-0013639,,Jerry Rice,WR,WR,,16,LV,0,1,0,0,0,0,0,0,0,0,0,0,-0.406588605139405,0,,,0,0,0,0,0,0,,0,63,63,861,2,2,1,0,0,43,64.0328699682723,0,0.0,0.227436823104693,,,0,96.1,159.1
2003,REG,00-0013694,,Tony Richardson,FB,RB,,10,KC,0,0,0,0,0,0,0,0,0,0,0,0,,0,,,24,59,0,0,0,4,-4.69003892020457,0,12,12,76,0,0,0,0,0,3,2.61315330001526,0,0.0,0.0875912408759124,,,0,13.5,25.5
2003,REG,00-0013712,,Mikhael Ricks,TE,TE,,13,DET,0,0,0,0,0,0,0,0,0,0,0,0,,0,,,0,0,0,0,0,0,,0,37,37,434,2,0,0,0,0,24,37.3112191292748,0,0.0,0.133093525179856,,,0,55.4,92.4
2003,REG,00-0013728,,Jay Riemersma,TE,TE,,6,PIT,0,0,0,0,0,0,0,0,0,0,0,0,,0,,,0,0,0,0,0,0,,0,10,10,138,1,0,0,0,0,7,11.0907448455109,0,0.0,0.0806451612903226,,,0,19.8,29.8
2003,REG,00-0013773,,Jon Ritchie,FB,RB,,11,PHI,0,0,0,0,0,0,0,0,0,0,0,0,,0,,,1,1,0,0,0,0,-0.264691078104079,0,17,17,86,3,0,0,0,0,8,8.03643298629322,0,0.0,0.0988372093023256,,,0,26.7,43.7
2003,REG,00-0013872,,Jeff Robinson,LS,SPEC,,2,DAL,0,0,0,0,0,0,0,0,0,0,0,0,,0,,,0,0,0,0,0,0,,0,2,2,8,2,0,0,0,0,2,3.05358456159593,0,0.0,0.0454545454545455,,,0,12.8,14.8
2003,REG,00-0013888,,Marcus Robinson,WR,WR,,13,BAL,0,0,0,0,0,0,0,0,0,0,0,0,,0,,,0,0,0,0,0,0,,0,31,31,451,6,0,0,0,0,23,47.849168911222,0,0.0,0.177142857142857,,,0,81.1,112.1
2003,REG,00-0014071,,Allen Rossum,DB,DB,,1,ATL,0,0,0,0,0,0,0,0,0,0,0,0,,0,,,0,0,0,0,0,0,,0,0,0,0,0,0,0,0,0,0,,0,,,,,1,6.0,6.0
2003,REG,00-0014115,,Mark Royals,P,SPEC,,1,JAX,0,1,0,0,1,0,0,0,0,0,0,0,-3.22048020060174,0,,,0,0,0,0,0,0,,0,0,0,0,0,0,0,0,0,0,,0,,,,,0,-2.0,-2.0
2003,REG,00-0014328,,Frank Sanders,WR,WR,,8,BAL,0,0,0,0,0,0,0,0,0,0,0,0,,0,,,0,0,0,0,0,0,,0,14,14,170,0,0,0,0,0,10,17.3813877257635,0,0.0,0.130841121495327,,,0,17.0,31.0
2003,REG,00-0014350,,O.J. Santiago,TE,TE,,4,LV,0,0,0,0,0,0,0,0,0,0,0,0,,0,,,0,0,0,0,0,0,,0,5,5,69,0,0,0,0,0,2,5.19521325011738,0,0.0,0.121951219512195,,,0,6.9,11.9
2003,REG,00-0014358,,Warren Sapp,DT,DL,,4,TB,0,0,0,0,0,0,0,0,0,0,0,0,,0,,,0,0,0,0,0,0,,0,4,4,39,2,0,0,0,0,4,7.76767773291795,0,0.0,0.0459770114942529,,,0,15.9,19.9
2003,REG,00-0014377,,Todd Sauerbrun,P,SPEC,,1,CAR,0,1,0,0,0,0,0,0,0,0,0,0,-1.84751861100085,0,,,0,0,0,0,0,0,,0,0,0,0,0,0,0,0,0,0,,0,,,,,0,0.0,0.0
2003,REG,00-0014450,,Cory Schlesinger,RB,RB,,16,DET,0,0,0,0,0,0,0,0,0,0,0,0,,0,,,9,16,0,0,0,5,1.44128108327277,0,34,34,247,2,0,0,0,0,11,11.5624107519689,0,0.0,0.108974358974359,,,0,38.3,72.3
2003,REG,00-0014489,,Bill Schroeder,WR,WR,,14,DET,0,1,0,0,0,0,0,0,0,0,0,0,-0.434659628430381,0,,,0,0,0,0,0,0,,0,36,36,397,2,0,0,0,0,24,36.7133935664598,0,0.0,0.123711340206186,,,0,51.7,87.7
2003,REG,00-0014722,,Shannon Sharpe,TE,TE,,15,DEN,0,0,0,0,0,0,0,0,0,0,0,0,,0,,,0,0,0,0,0,0,,0,62,62,770,8,0,0,0,0,42,69.535664736802,0,0.0,0.232209737827715,,,0,125.0,187.0
2003,REG,00-0014729,,Bobby Shaw,WR,WR,,15,BUF,0,0,0,0,0,0,0,0,0,0,0,0,,0,,,0,0,0,0,0,0,,0,56,56,732,4,1,1,0,0,37,63.006913999503,0,0.0,0.207407407407407,,,0,95.2,151.2
2003,REG,00-0014902,,Jason Simmons,DB,DB,,1,HOU,0,0,0,0,0,0,0,0,0,0,0,0,,0,,,1,7,0,0,0,1,3.16205596365035,0,0,0,0,0,0,0,0,0,0,,0,,,,,0,0.7,0.7
2003,REG,00-0015091,,Antowain Smith,RB,RB,,13,NE,0,0,0,0,0,0,0,0,0,0,0,0,,0,,,182,642,3,0,0,31,-24.4475645152682,0,14,14,92,0,1,1,0,0,5,-3.08810882941942,0,0.0,0.0869565217391304,,,0,89.4,103.4
2003,REG,00-0015165,,Emmitt Smith,RB,RB,,10,ARI,0,0,0,0,0,0,0,0,0,0,0,0,,0,,,90,256,2,2,0,15,-14.1664873279515,0,14,14,107,0,0,0,0,0,4,2.76204615156166,0,0.0,0.110236220472441,,,0,48.3,62.3
2003,REG,00-0015194,,Hunter Smith,P,SPEC,,1,IND,0,0,0,0,0,0,0,0,0,0,0,0,,0,,,1,21,1,0,0,1,4.44081091706175,0,0,0,0,0,0,0,0,0,0,,0,,,,,0,8.1,8.1
2003,REG,00-0015218,,Jimmy Smith,WR,WR,,12,JAX,0,0,0,0,0,0,0,0,0,0,0,0,,0,,,0,0,0,0,0,0,,0,54,55,805,4,1,0,0,0,38,62.5171110474039,0,0.0,0.247747747747748,,,0,104.5,158.5
2003,REG,00-0015242,,Lamar Smith,RB,RB,,4,NO,0,0,0,0,0,0,0,0,0,0,0,0,,0,,,11,61,0,0,0,4,0.0324299995554611,0,1,1,2,0,0,0,0,0,0,0.879621751839295,0,0.0,0.0357142857142857,,,0,6.3,7.3
2003,REG,00-0015290,,Rod Smith,WR,WR,,15,DEN,1,1,72,0,0,0,0,0,0,0,0,1,5.01674337114673,0,0.0,,10,98,0,0,0,4,4.68485078722006,0,74,74,846,3,0,0,0,0,48,61.7011010572063,0,0.0,0.277153558052434,,,1,121.28,195.28
2003,REG,00-0015420,,Jerald Sowell,FB,RB,,16,NYJ,0,0,0,0,0,0,0,0,0,0,0,0,,0,,,1,2,0,0,0,0,-0.390141959069297,0,47,47,436,1,0,0,0,0,27,30.863171697536,0,0.0,0.150641025641026,,,0,49.8,96.8
2003,REG,00-0015523,,Duce Staley,RB,RB,,16,PHI,0,0,0,0,0,0,0,0,0,0,0,0,,0,,,97,457,5,1,1,22,1.31951039581184,0,36,36,382,2,1,1,0,0,19,24.17727875742,0,0.0,0.155844155844156,,,0,121.9,157.9
2003,REG,00-0015550,,Chad Stanley,P,SPEC,,1,HOU,0,0,0,0,0,0,0,0,0,0,0,0,,0,,,1,12,0,0,0,1,3.11003148264717,0,0,0,0,0,0,0,0,0,0,,0,,,,,0,1.2,1.2
2003,REG,00-0015601,,Aaron Stecker,RB,RB,,12,TB,0,0,0,0,0,0,0,0,0,0,0,0,,0,,,37,125,0,0,0,6,-14.2438057056861,0,9,9,48,1,0,0,0,0,2,1.31321769801434,0,0.0,0.0526315789473684,,,0,23.3,32.3
2003,REG,00-0015700,,Kordell Stewart,QB,QB,,9,CHI,126,251,1418,7,12,25,146,4,3,0,0,69,-73.5239176412126,0,0.0,0.0240481447704421,59,290,3,3,0,24,15.6804969867226,1,0,0,0,0,0,0,0,0,0,,0,,,,,0,103.72,103.72
2003,REG,00-0015751,,J.J. Stokes,WR,WR,,7,NE,0,0,0,0,0,0,0,0,0,0,0,0,,0,,,0,0,0,0,0,0,,0,15,15,154,0,0,0,0,0,6,11.6231890745694,0,0.0,0.0925925925925926,,,0,15.4,30.4
2003,REG,00-0015754,,Brandon Stokley,WR,WR,,5,IND,0,0,0,0,0,0,0,0,0,0,0,0,,0,,,0,0,0,0,0,0,,0,22,22,211,3,0,0,0,0,11,18.7572892169119,0,0.0,0.201834862385321,,,0,39.1,61.1
2003,REG,00-0015811,,Tai Streets,WR,WR,,14,SF,0,0,0,0,0,0,0,0,0,0,0,0,,0,,,0,0,0,0,0,0,,0,47,47,595,7,0,0,0,0,30,59.5226605445197,0,0.0,0.18007662835249,,,0,101.5,148.5
2003,REG,00-0015830,,Mack Strong,FB,RB,,16,SEA,0,0,0,0,0,0,0,0,0,0,0,0,,0,,,37,174,1,1,1,19,5.5756358607905,0,29,29,216,0,0,0,0,0,9,14.0761704508914,0,0.0,0.111538461538462,,,0,43.0,72.0
2003,REG,00-0015842,,Dan Stryzinski,P,SPEC,,1,NYJ,0,1,0,0,0,0,0,0,0,0,0,0,-3.14456634619273,0,,,0,0,0,0,0,0,,0,0,0,0,0,0,0,0,0,0,,0,,,,,0,0.0,0.0
2003,REG,00-0015959,,Kevin Swayne,WR,WR,,2,NYJ,0,0,0,0,0,0,0,0,0,0,0,0,,0,,,0,0,0,0,0,0,,0,2,2,29,1,0,0,0,0,1,2.4863478631014,0,0.0,0.0606060606060606,,,0,8.9,10.9
2003,REG,00-0015980,,Reggie Swinton,WR,WR,,6,DET,0,0,0,0,0,0,0,0,0,0,0,0,,0,,,3,11,0,0,0,0,-0.474218670045957,0,9,9,100,0,0,0,0,0,7,10.546845446981,0,0.0,0.116883116883117,,,2,23.1,32.1
2003,REG,00-0016098,,Fred Taylor,RB,RB,,16,JAX,0,0,0,0,0,0,0,0,0,0,0,0,,0,,,345,1572,6,5,3,77,-12.0582461973187,0,48,48,370,1,1,1,0,0,16,8.20485913206769,0,0.0,0.197530864197531,,,0,228.2,276.2
2003,REG,00-0016193,,Vinny Testaverde,QB,QB,,7,NYJ,123,198,1385,7,2,6,48,0,0,0,0,65,2.78442598805652,0,0.0,0.0557761542718171,6,13,0,1,0,1,-0.0459075927501544,0,0,0,0,0,0,0,0,0,0,,0,,,,,0,80.7,80.7
2003,REG,00-0016263,,Fred Thomas,CB,DB,,1,NO,0,0,0,0,0,0,0,0,0,0,0,0,,0,,,0,0,0,0,0,0,,0,0,0,0,0,0,0,0,0,0,,0,,,,,1,6.0,6.0
2003,REG,00-0016373,,Derrius Thompson,WR,WR,,13,MIA,0,0,0,0,0,0,0,0,0,0,0,0,,0,,,0,0,0,0,0,0,,0,26,26,359,0,0,0,0,0,19,27.1993309601094,0,0.0,0.12093023255814,,,0,35.9,61.9
2003,REG,00-0016440,,James Thrash,WR,WR,,16,PHI,0,0,0,0,0,0,0,0,0,0,0,0,,0,,,5,53,0,0,0,2,0.942527435281984,0,49,49,558,1,0,0,0,0,24,43.424915965795,0,0.0,0.180811808118081,,,0,67.1,116.1
2003,REG,00-0016485,,Adam Timmerman,G,OL,,1,LA,0,0,0,0,0,0,0,0,0,0,0,0,,0,,,0,0,0,0,0,0,,0,1,1,-7,0,0,0,0,0,0,-1.52276294305921,0,0.0,0.0344827586206897,,,0,-0.7,0.3
2003,REG,00-0016550,,Amani Toomer,WR,WR,,16,NYG,0,0,0,0,0,0,0,0,0,0,0,0,,0,,,1,5,0,0,0,0,0.0181824862957001,0,63,63,1057,5,0,0,0,0,48,91.8535529894804,0,0.0,0.183139534883721,,,0,136.2,199.2
2003,REG,00-0016677,,Jerame Tuman,TE,TE,,9,PIT,0,0,0,0,0,0,0,0,0,0,0,0,,0,,,0,0,0,0,0,0,,0,12,12,113,0,0,0,0,0,4,7.37188701354899,0,0.0,0.0714285714285714,,,0,11.3,23.3
2003,REG,00-0016689,,Matt Turk,P,SPEC,,3,MIA,0,0,0,0,0,0,0,0,0,0,0,0,,0,,,3,30,0,0,0,1,2.34599188365974,0,0,0,0,0,0,0,0,0,0,,0,,,,,0,3.0,3.0
2003,REG,00-0016838,,Alex Van Pelt,QB,QB,,5,BUF,5,12,49,0,3,1,7,0,0,0,0,1,-11.6700800586347,0,0.0,0.0617023636984246,4,-6,0,0,0,0,-5.22128330654232,0,0,0,0,0,0,0,0,0,0,,0,,,,,0,-4.64,-4.64
2003,REG,00-0017109,,Wesley Walls,TE,TE,,10,GB,0,0,0,0,0,0,0,0,0,0,0,0,,0,,,0,0,0,0,0,0,,0,20,20,222,1,0,0,0,0,9,12.7869081824319,0,0.0,0.103092783505155,,,0,28.2,48.2
2003,REG,00-0017127,,Ken Walter,P,SPEC,,2,NE,0,0,0,0,0,0,0,0,0,0,0,0,,0,,,2,0,0,0,0,0,-4.06584447459318,0,0,0,0,0,0,0,0,0,0,,0,,,,,0,0.0,0.0
2003,REG,00-0017160,,Dedric Ward,WR,WR,,4,NE,0,0,0,0,0,0,0,0,0,0,0,0,,0,,,0,0,0,0,0,0,,0,7,7,106,1,0,0,0,0,4,10.582670890959,0,0.0,0.0752688172043011,,,0,16.6,23.6
2003,REG,00-0017162,,Hines Ward,WR,WR,,16,PIT,0,0,0,0,0,0,0,0,0,0,0,0,,0,,,11,61,0,0,0,3,1.82862094807206,0,95,95,1163,10,0,0,0,0,59,108.890111167011,0,0.0,0.310457516339869,,,0,182.4,277.4
2003,REG,00-0017200,,Kurt Warner,QB,QB,,2,LA,38,65,365,1,1,6,38,5,3,0,0,15,-25.1968210405436,0,0.0,0.032461502468315,1,0,0,1,0,0,-1.69036997284275,0,0,0,0,0,0,0,0,0,0,,0,,,,,0,10.6,10.6
2003,REG,00-0017356,,Jed Weaver,TE,TE,,15,SF,0,0,0,0,0,0,0,0,0,0,0,0,,0,,,0,0,0,0,0,0,,0,35,35,437,1,1,0,0,0,20,34.6294436865191,0,0.0,0.125,,,0,49.7,84.7
2003,REG,00-0017486,,Tyrone Wheatley,RB,RB,,15,LV,0,0,0,0,0,0,0,0,0,0,0,0,,0,,,159,678,4,2,2,31,-7.25673088146141,0,12,12,120,0,0,0,0,0,5,4.78116786429707,0,0.0,0.0740740740740741,,,0,99.8,111.8
2003,REG,00-0017611,,Alvis Whitted,WR,WR,,8,LV,0,0,0,0,0,0,0,0,0,0,0,0,,0,,,6,37,0,0,0,2,0.811781775788404,0,7,7,106,1,0,0,0,0,3,8.20957769762026,0,0.0,0.0813953488372093,,,0,20.3,27.3
2003,REG,00-0017644,,Jermaine Wiggins,TE,TE,,6,CAR,0,0,0,0,0,0,0,0,0,0,0,0,,0,,,0,0,0,0,0,0,,0,8,8,80,1,0,0,0,0,4,7.94178696948802,0,0.0,0.0727272727272727,,,0,14.0,22.0
2003,REG,00-0017693,,Jeff Wilkins,K,SPEC,,1,LA,0,0,0,0,0,0,0,0,0,0,0,0,,0,,,1,7,0,0,0,1,2.15264590492006,0,0,0,0,0,0,0,0,0,0,,0,,,,,0,0.7,0.7
2003,REG,00-0017847,,Karl Williams,WR,WR,,6,TB,0,0,0,0,0,0,0,0,0,0,0,0,,0,,,1,2,0,0,0,0,-0.439074657391757,0,7,7,114,0,0,0,0,0,5,7.60227963398211,1,0.0,0.0469798657718121,,,0,13.6,20.6
2003,REG,00-0017892,,Moe Williams,RB,RB,,16,MIN,0,0,0,0,0,0,0,0,0,0,0,0,,0,,,174,745,5,2,1,43,-8.66127095807033,0,65,65,644,3,0,0,0,28,35,47.0336323824118,0,0.0,0.20440251572327,,,0,184.9,249.9
2003,REG,00-0017896,,Nicolas Luchey,RB,RB,,2,GB,0,0,0,0,0,0,0,0,0,0,0,0,,0,,,1,3,0,0,0,0,-0.293690139893442,0,1,1,12,0,0,0,0,0,1,0.894014640478417,0,0.0,0.0454545454545455,,,0,1.5,2.5
2003,REG,00-0017915,,Ricky Williams,RB,RB,,16,MIA,0,0,0,0,0,0,0,0,0,0,0,0,,0,,,392,1372,9,4,4,68,-58.5444987779004,0,50,50,351,1,3,1,0,0,11,4.55941099939527,0,0.0,0.205761316872428,,,0,222.3,272.3
2003,REG,00-0018272,,Anthony Wright,QB,QB,,7,BAL,94,178,1199,9,8,19,127,2,0,0,0,55,-12.1916141770366,0,0.0,0.0261073719512166,27,75,0,5,2,5,-13.6627963017859,0,0,0,0,0,0,0,0,0,0,,0,,,,,0,71.46,71.46
2003,REG,00-0018343,,Frank Wycheck,TE,TE,,9,TEN,0,0,0,0,0,0,0,0,0,0,0,0,,0,,,0,0,0,0,0,0,,0,17,17,165,2,0,0,0,0,13,17.077584538485,0,0.0,0.0909090909090909,,,0,28.5,45.5
2003,REG,00-0018501,,Amos Zereoue,RB,RB,,16,PIT,0,0,0,0,0,0,0,0,0,0,0,0,,0,,,132,433,2,0,0,22,-25.9367002169733,0,40,40,310,0,0,0,0,0,13,8.10116942062886,0,0.0,0.140350877192982,,,0,86.3,126.3
2003,REG,00-0018578,,Ryan Neufeld,TE,TE,,3,BUF,0,0,0,0,0,0,0,0,0,0,0,0,,0,,,1,14,0,0,0,1,2.90127104520798,0,3,3,41,0,0,0,0,0,2,3.27145916223526,0,0.0,0.0461538461538462,,,0,5.5,8.5
2003,REG,00-0018588,,Alan Ricard,RB,RB,,14,BAL,0,0,0,0,0,0,0,0,0,0,0,0,,0,,,19,79,0,0,0,5,0.0923577211506199,0,9,9,62,0,0,0,0,0,4,-0.557138708187267,0,0.0,0.0782608695652174,,,0,14.1,23.1
2003,REG,00-0018958,,Laveranues Coles,WR,WR,,16,WAS,0,0,0,0,0,0,0,0,0,0,0,0,,0,,,10,39,0,0,0,3,-1.34872672928032,0,82,82,1204,6,0,0,0,0,54,95.4809555411958,0,0.0,0.296028880866426,,,0,160.3,242.3
2003,REG,00-0019019,,Micah Knorr,P,SPEC,,1,DEN,0,1,0,0,0,0,0,1,0,0,0,0,-2.55689757381333,0,,,0,0,0,0,0,0,,0,0,0,0,0,0,0,0,0,0,,0,,,,,0,0.0,0.0
2003,REG,00-0019041,,Billy Volek,QB,QB,,6,TEN,44,69,545,4,1,6,45,1,1,0,0,31,6.32400816255602,0,0.0,0.11009629574556,11,4,1,0,0,1,-7.39115323614858,0,0,0,0,0,0,0,0,0,0,,0,,,,,0,40.2,40.2
2003,REG,00-0019057,,Jamel White,RB,RB,,16,CLE,0,0,0,0,0,0,0,0,0,0,0,0,,0,,,70,266,1,1,1,15,-15.9481749746483,0,46,46,303,1,0,0,0,0,12,7.81076613777571,0,0.0,0.166666666666667,,,0,66.9,112.9
2003,REG,00-0019065,,Joe Dean Davenport,TE,TE,,3,IND,0,0,0,0,0,0,0,0,0,0,0,0,,0,,,0,0,0,0,0,0,,0,3,3,23,0,0,0,0,0,2,2.11870040544765,0,0.0,0.038961038961039,,,0,2.3,5.3
2003,REG,00-0019084,,Bill Lafleur,P,SPEC,,1,SF,0,0,0,0,0,0,0,0,0,0,0,0,,0,,,1,0,0,1,0,0,-3.74767462810269,0,0,0,0,0,0,0,0,0,0,,0,,,,,0,0.0,0.0
2003,REG,00-0019087,,Doug Johnson,QB,QB,,10,ATL,136,243,1655,8,12,19,121,3,0,0,0,72,-51.2582682585469,0,0.0,0.0240803998433419,14,21,1,0,0,2,-0.435710214223946,0,0,0,0,0,0,0,0,0,0,,0,,,,,0,82.3,82.3
2003,REG,00-0019100,,Brad Hoover,FB,RB,,12,CAR,0,0,0,0,0,0,0,0,0,0,0,0,,0,,,6,21,0,0,0,2,-1.1002252069884,0,12,12,72,1,0,0,0,0,3,4.06730695429724,0,0.0,0.0727272727272727,,,0,15.3,27.3
2003,REG,00-0019127,,Todd Yoder,TE,TE,,4,TB,0,0,0,0,0,0,0,0,0,0,0,0,,0,,,0,0,0,0,0,0,,0,7,7,68,2,0,0,0,0,6,11.437281082035,0,0.0,0.0648148148148148,,,0,18.8,25.8
2003,REG,00-0019135,,Dan Kreider,FB,RB,,10,PIT,0,0,0,0,0,0,0,0,0,0,0,0,,0,,,7,29,1,0,0,1,1.81932709488319,0,9,9,107,0,0,0,0,0,5,7.18731689243577,0,0.0,0.0652173913043478,,,0,19.6,28.6
2003,REG,00-0019172,,Bryan Johnson,FB,RB,,9,WAS,0,0,0,0,0,0,0,0,0,0,0,0,,0,,,2,5,0,0,0,0,-0.888351538684219,0,9,9,71,0,0,0,0,0,3,2.89536427467829,0,0.0,0.0616438356164384,,,0,7.6,16.6
2003,REG,00-0019192,,Travis Brown,QB,QB,,2,BUF,14,18,160,0,1,1,7,0,0,0,0,7,2.52244810282718,0,0.0,0.126136263105616,1,5,0,0,0,0,0.0235638697631657,0,0,0,0,0,0,0,0,0,0,,0,,,,,0,4.9,4.9
2003,REG,00-0019231,,Larry Foster,WR,WR,,1,ARI,0,0,0,0,0,0,0,0,0,0,0,0,,0,,,0,0,0,0,0,0,,0,1,1,7,0,0,0,0,0,0,0.344077090267092,0,0.0,0.0357142857142857,,,0,0.7,1.7
2003,REG,00-0019242,,Dane Looker,WR,WR,,16,LA,1,1,11,0,0,0,0,0,0,0,0,1,3.05239102337509,0,0.0,,0,0,0,0,0,0,,0,47,47,495,3,1,1,0,0,27,43.3527966543573,0,0.0,0.124668435013263,,,0,65.94,112.94
2003,REG,00-0019281,,Mike Furrey,WR,WR,,9,LA,0,0,0,0,0,0,0,0,0,0,0,0,,0,,,3,5,0,0,0,1,1.98057566175703,0,20,20,189,0,1,0,0,0,12,17.2257510513089,0,0.0,0.0952380952380952,,,0,19.4,39.4
2003,REG,00-0019290,,Zeron Flemister,TE,TE,,6,WAS,0,0,0,0,0,0,0,0,0,0,0,0,,0,,,0,0,0,0,0,0,,0,9,9,89,0,1,1,0,0,5,3.01766294788104,0,0.0,0.0927835051546392,,,0,6.9,15.9
2003,REG,00-0019302,,Bryan Gilmore,WR,WR,,10,ARI,0,0,0,0,0,0,0,0,0,0,0,0,,0,,,1,0,0,0,0,0,-0.661102097947151,0,17,17,213,2,0,0,0,0,12,17.8350516115897,0,0.0,0.092896174863388,,,0,33.3,50.3
2003,REG,00-0019453,,Rod Smart,RB,RB,,7,CAR,0,0,0,0,0,0,0,0,0,0,0,0,,0,,,20,49,0,0,0,3,-5.22578074827518,0,3,3,11,0,0,0,0,0,1,-0.818532414792571,0,0.0,0.0384615384615385,,,1,12.0,15.0
2003,REG,00-0019455,,Peter Warrick,WR,WR,,15,CIN,0,0,0,0,0,0,0,0,0,0,0,0,,0,,,17,143,0,0,0,6,7.08859608473722,0,80,80,833,7,0,0,0,0,48,79.8558051709842,0,0.0,0.258899676375405,,,1,145.6,225.6
2003,REG,00-0019457,,Anthony Becht,TE,TE,,15,NYJ,0,0,0,0,0,0,0,0,0,0,0,0,,0,,,0,0,0,0,0,0,,0,40,40,356,4,1,0,0,0,26,24.3440332304454,1,0.0,0.136054421768708,,,0,61.6,101.6
2003,REG,00-0019464,,Dustin Lyman,TE,TE,,5,CHI,0,0,0,0,0,0,0,0,0,0,0,0,,0,,,0,0,0,0,0,0,,0,11,11,80,0,0,0,0,0,4,3.53609309549211,0,0.0,0.118279569892473,,,0,8.0,19.0
2003,REG,00-0019484,,Sammy Morris,RB,RB,,9,BUF,0,0,0,0,0,0,0,0,0,0,0,0,,0,,,19,70,1,0,0,7,-0.0584178323042579,0,14,14,100,0,0,0,0,0,4,2.75400893029831,0,0.0,0.0972222222222222,,,0,23.0,37.0
2003,REG,00-0019505,,Charles Lee,WR,WR,,6,TB,0,0,0,0,0,0,0,0,0,0,0,0,,0,,,2,14,0,0,0,1,1.68154927855358,0,33,33,432,2,0,0,0,0,18,35.7087777424978,0,0.0,0.239130434782609,,,0,56.6,89.6
2003,REG,00-0019510,,Ahmad Merritt,WR,WR,,3,CHI,0,0,0,0,0,0,0,0,0,0,0,0,,0,,,0,0,0,0,0,0,,0,3,3,50,0,0,0,0,0,2,3.0435393305961,0,0.0,0.06,,,0,5.0,8.0
2003,REG,00-0019516,,Troy Hambrick,RB,RB,,16,DAL,0,0,0,0,0,0,0,0,0,0,0,0,,0,,,275,972,5,4,3,57,-36.4776949135152,0,17,17,99,0,0,0,0,0,2,2.68967903731391,0,0.0,0.080952380952381,,,0,131.1,148.1
2003,REG,00-0019533,,Patrick Pass,RB,RB,,4,NE,0,0,0,0,0,0,0,0,0,0,0,0,,0,,,6,27,0,0,0,2,-0.0363050282467157,0,4,4,21,0,0,0,0,0,1,-0.11688530491665,0,0.0,0.0571428571428571,,,0,4.8,8.8
2003,REG,00-0019539,,Dante Hall,WR,WR,,15,KC,0,0,0,0,0,0,0,0,0,0,0,0,,0,,,17,66,0,1,1,5,-4.61282237805426,0,40,40,423,1,0,0,0,0,16,26.9287798614532,0,0.0,0.128617363344051,,,4,76.9,116.9
2003,REG,00-0019552,,Troy Walters,WR,WR,,12,IND,0,0,0,0,0,0,0,0,0,0,0,0,,0,,,1,6,0,0,0,0,0.165376380551606,0,36,36,456,3,0,0,0,0,25,40.9734934637094,0,0.0,0.121621621621622,,,0,64.2,100.2
2003,REG,00-0019559,,Chad Pennington,QB,QB,,10,NYJ,189,297,2139,13,12,25,160,5,1,0,0,116,22.5838098381872,1,0.0,0.0756792275682865,21,42,2,3,1,6,-4.89053022332482,0,0,0,0,0,0,0,0,0,0,,0,,,,,0,127.76,127.76
2003,REG,00-0019564,,Aaron Shea,TE,TE,,2,CLE,0,0,0,0,0,0,0,0,0,0,0,0,,0,,,0,0,0,0,0,0,,0,2,2,9,0,0,0,0,0,0,0.937749448872637,0,0.0,0.0444444444444444,,,0,0.9,2.9
2003,REG,00-0019587,,Terrelle Smith,FB,RB,,5,NO,0,0,0,0,0,0,0,0,0,0,0,0,,0,,,0,0,0,0,0,0,,0,6,6,28,0,0,0,0,0,0,-0.883894828904886,0,0.0,0.0652173913043478,,,0,2.8,8.8
2003,REG,00-0019590,,Chad Morton,RB,RB,,13,WAS,0,0,0,0,0,0,0,0,0,0,0,0,,0,,,47,213,0,0,0,8,-2.07065272174077,0,16,16,190,1,0,0,0,0,8,15.5816621747148,0,0.0,0.0888888888888889,,,1,52.3,68.3
2003,REG,00-0019594,,Mike Anderson,RB,RB,,10,DEN,0,0,0,0,0,0,0,0,0,0,0,0,,0,,,70,257,3,2,0,15,-3.80994879049831,0,12,12,53,2,0,0,0,0,3,1.04147761806962,0,0.0,0.0805369127516778,,,0,61.0,73.0
2003,REG,00-0019596,T.Brady,Tom Brady,QB,QB,"https://static.www.nfl.com/image/private/f_auto,q_auto/league/q7dpdlxyu5rs05rgh1le",16,NE,317,528,3620,23,12,32,219,9,3,0,0,175,35.2840949998218,0,0.0,0.0722711959981855,42,63,1,4,2,11,-10.7337685093092,0,0,0,0,0,0,0,0,0,0,,0,,,,,0,215.1,215.1
2003,REG,00-0019599,,Marc Bulger,QB,QB,,15,LA,336,532,3845,22,22,37,288,7,6,0,0,193,34.9373443060663,0,0.0,0.0845565027688082,29,75,4,1,0,7,-3.10541275053007,0,0,0,0,0,0,0,0,0,0,,0,,,,,0,217.3,217.3
2003,REG,00-0019600,,Michael L. Lewis,WR,WR,,6,NO,0,0,0,0,0,0,0,0,0,0,0,0,,0,,,1,2,0,1,1,0,-4.43226936261635,0,12,12,226,1,0,0,0,7,10,20.3431904620375,0,0.0,0.127659574468085,,,0,26.8,38.8
2003,REG,00-0019606,,Todd Pinkston,WR,WR,,15,PHI,0,0,0,0,0,0,0,0,0,0,0,0,,0,,,1,-11,0,0,0,0,-2.02389902016148,0,36,36,575,2,1,0,0,0,22,42.459489594084,0,0.0,0.133828996282528,,,0,68.4,104.4
2003,REG,00-0019610,,Reuben Droughns,RB,RB,,7,DEN,0,0,0,0,0,0,0,0,0,0,0,0,,0,,,6,14,0,0,0,1,-1.61353578211856,0,9,9,87,2,0,0,0,0,7,10.3709317322355,0,0.0,0.109756097560976,,,0,22.1,31.1
2003,REG,00-0019623,,Tim Rattay,QB,QB,,8,SF,73,118,856,7,2,7,54,0,0,0,0,41,20.0743167032087,0,0.0,0.107330464523053,8,0,0,0,0,1,-2.81867533241166,0,0,0,0,0,0,0,0,0,0,,0,,,,,0,58.24,58.24
2003,REG,00-0019632,,Cooper Carlisle,G,OL,,1,DEN,0,0,0,0,0,0,0,0,0,0,0,0,,0,,,0,0,0,0,0,0,,0,1,1,6,1,0,0,0,0,1,2.15989467891632,0,0.0,0.0625,,,0,6.6,7.6
2003,REG,00-0019633,,Tee Martin,QB,QB,,2,LV,6,16,69,0,1,1,5,2,1,0,0,5,-11.5636883769766,0,0.0,0.0417350106714521,5,28,0,1,0,0,-0.0223984385374933,0,0,0,0,0,0,0,0,0,0,,0,,,,,0,1.56,1.56
2003,REG,00-0019641,,Thomas Jones,RB,RB,,15,TB,0,0,0,0,0,0,0,0,0,0,0,0,,0,,,137,627,3,3,1,25,-13.0847978575436,0,24,24,180,0,1,1,0,0,9,5.55508859024849,0,0.0,0.0845070422535211,,,0,94.7,118.7
2003,REG,00-0019642,,Plaxico Burress,WR,WR,,16,PIT,0,0,0,0,0,0,0,0,0,0,0,0,,0,,,1,-7,0,0,0,0,-1.56611255812459,0,60,60,860,4,1,0,0,0,40,73.5485576028524,0,0.0,0.196078431372549,,,0,109.3,169.3
2003,REG,00-0019644,,Bubba Franks,TE,TE,,13,GB,0,0,0,0,0,0,0,0,0,0,0,0,,0,,,0,0,0,0,0,0,,0,30,30,241,4,0,0,0,0,13,17.6299682188861,2,0.0,0.1171875,,,0,52.1,82.1
2003,REG,00-0019645,,Deltha O'Neal,DB,DB,,3,DEN,0,0,0,0,0,0,0,0,0,0,0,0,,0,,,1,0,0,0,0,0,-0.970115419011563,0,2,2,4,0,0,0,0,0,0,-1.35431044781581,0,0.0,0.0666666666666667,,,1,6.4,8.4
2003,REG,00-0019647,,Shaun Alexander,RB,RB,,16,SEA,0,0,0,0,0,0,0,0,0,0,0,0,,0,,,326,1435,14,4,3,79,-6.80383584327159,0,42,42,295,2,0,0,0,0,16,20.1573550500034,0,0.0,0.140939597315436,,,0,263.0,305.0
2003,REG,00-0019649,,Trung Canidate,RB,RB,,11,WAS,0,0,0,0,0,0,0,0,0,0,0,0,,0,,,142,597,1,1,0,27,-1.84911504763295,0,10,10,71,1,0,0,0,0,4,2.54830245225457,0,0.0,0.0833333333333333,,,0,78.8,88.8
2003,REG,00-0019650,,Dennis Northcutt,WR,WR,,15,CLE,0,1,0,0,0,0,0,0,0,0,0,0,-0.584624461480416,0,,,12,83,0,0,0,4,2.68950358778238,0,62,62,729,2,0,0,0,8,43,61.9790040697315,0,0.0,0.215277777777778,,,0,93.2,155.2
2003,REG,00-0019659,,Erron Kinney,TE,TE,,16,TEN,0,0,0,0,0,0,0,0,0,0,0,0,,0,,,0,0,0,0,0,0,,0,41,41,393,3,0,0,0,0,22,33.3787892848017,0,0.0,0.13015873015873,,,0,57.3,98.3
2003,REG,00-0019660,,Dez White,WR,WR,,15,CHI,0,0,0,0,0,0,0,0,0,0,0,0,,0,,,2,13,0,0,0,1,2.57885270379484,0,49,49,583,3,0,0,0,0,30,47.2551180750874,0,0.0,0.192913385826772,,,0,77.6,126.6
2003,REG,00-0019661,,Chris Cole,WR,WR,,5,DEN,0,0,0,0,0,0,0,0,0,0,0,0,,0,,,2,8,0,0,0,1,-0.308000127028208,0,3,3,36,0,0,0,0,0,2,4.15410709672142,0,0.0,0.046875,,,0,4.4,7.4
2003,REG,00-0019663,,Darrell Jackson,WR,WR,,15,SEA,0,0,0,0,0,0,0,0,0,0,0,0,,0,,,0,0,0,0,0,0,,0,68,68,1137,9,1,1,0,0,54,103.034065867475,0,0.0,0.228187919463087,,,0,165.7,233.7
2003,REG,00-0019666,,John St. Clair,T,OL,,1,LA,0,0,0,0,0,0,0,0,0,0,0,0,,0,,,0,0,0,0,0,0,,0,1,1,18,0,0,0,0,0,1,1.70911056490149,0,0.0,0.0454545454545455,,,0,1.8,2.8
2003,REG,00-0019673,,Paul Smith,RB,RB,,1,DET,0,0,0,0,0,0,0,0,0,0,0,0,,0,,,2,5,0,0,0,0,-1.64514891128056,0,5,5,45,0,0,0,0,0,3,0.334842777218211,0,0.0,0.192307692307692,,,0,5.0,10.0
2003,REG,00-0019682,,Jarious Jackson,QB,QB,,1,DEN,4,9,41,0,1,0,0,0,0,0,0,3,-5.10569058021065,0,0.0,0.0334646311001245,1,9,0,0,0,0,0.39914290048182,0,0,0,0,0,0,0,0,0,0,,0,,,,,0,0.54,0.54
2003,REG,00-0019693,,Jamal Lewis,RB,RB,,16,BAL,0,0,0,0,0,0,0,0,0,0,0,0,,0,,,388,2063,14,9,7,84,-3.57246563635615,0,26,26,205,0,0,0,0,0,10,10.8469736667953,0,0.0,0.169934640522876,,,0,296.8,322.8
2003,REG,00-0019703,,Jerry Porter,WR,WR,,9,LV,0,0,0,0,0,0,0,0,0,0,0,0,,0,,,1,10,0,0,0,0,-4.79463487863541e-05,0,28,28,361,1,1,1,0,0,21,34.0968500422605,0,0.0,0.17948717948718,,,0,41.1,69.1
2003,REG,00-0019709,,Chris Redman,QB,QB,,2,BAL,7,13,58,0,2,6,45,2,2,0,0,4,-19.9107748155575,0,0.0,0.0634473912823961,2,4,0,1,0,0,-1.15789350727573,0,0,0,0,0,0,0,0,0,0,,0,,,,,0,-5.28,-5.28
2003,REG,00-0019712,,Doug Chapman,RB,RB,,3,MIN,0,0,0,0,0,0,0,0,0,0,0,0,,0,,,15,33,0,0,0,1,-5.4022015905939,0,1,1,8,0,0,0,0,0,1,1.63515431154519,0,0.0,0.0666666666666667,,,0,4.1,5.1
2003,REG,00-0019721,,Travis Taylor,WR,WR,,16,BAL,0,0,0,0,0,0,0,0,0,0,0,0,,0,,,11,62,0,0,0,2,0.333085355930962,0,39,39,632,3,0,0,0,0,23,59.5948923258111,0,0.0,0.190243902439024,,,0,87.4,126.4
2003,REG,00-0019722,,J.R. Redmond,RB,RB,,1,LV,0,0,0,0,0,0,0,0,0,0,0,0,,0,,,9,30,0,0,0,2,-1.35499841661658,0,1,1,6,0,0,0,0,0,0,0.0913293198682368,0,0.0,0.166666666666667,,,0,3.6,4.6
2003,REG,00-0019794,,Aveion Cason,RB,RB,,10,DAL,1,1,37,0,0,0,0,0,0,0,0,1,2.68054946238408,0,0.0,,40,220,2,1,1,7,-2.799660908082,0,17,17,142,0,0,0,0,0,3,-2.78703925505893,0,0.0,0.104938271604938,,,0,47.68,64.68
2003,REG,00-0019816,,Tim Hasselbeck,QB,QB,,7,WAS,95,177,1012,5,7,9,44,1,1,0,0,53,-25.2283263957314,0,0.0,0.0243902146856936,15,41,0,2,1,2,-9.28900370997144,0,0,0,0,0,0,0,0,0,0,,0,,,,,0,46.58,46.58
2003,REG,00-0019826,,R.J. Bowers,RB,RB,,1,CLE,0,0,0,0,0,0,0,0,0,0,0,0,,0,,,0,0,0,0,0,0,,0,1,1,2,1,0,0,0,0,1,1.73573302134173,0,0.0,0.0526315789473684,,,0,6.2,7.2
2003,REG,00-0019831,,Nick Goings,RB,RB,,9,CAR,0,0,0,0,0,0,0,0,0,0,0,0,,0,,,10,69,0,0,0,4,1.40952894068323,0,12,12,97,1,0,0,0,0,6,8.75065483612707,0,0.0,0.0839160839160839,,,0,22.6,34.6
2003,REG,00-0019863,,Dominic Rhodes,RB,RB,,10,IND,0,0,0,0,0,0,0,0,0,0,0,0,,0,,,37,157,0,0,0,6,-3.32993017887929,0,6,6,62,1,0,0,0,0,3,5.41700932290405,0,0.0,0.0535714285714286,,,0,27.9,33.9
2003,REG,00-0019905,,Jimmy Farris,WR,WR,,5,ATL,0,0,0,0,0,0,0,0,0,0,0,0,,0,,,0,0,0,0,0,0,,0,6,6,100,2,0,0,0,0,4,7.23820793685871,0,0.0,0.0681818181818182,,,0,22.0,28.0
2003,REG,00-0019919,,Randal Williams,TE,TE,,1,DAL,0,0,0,0,0,0,0,0,0,0,0,0,,0,,,0,0,0,0,0,0,,0,0,0,0,0,0,0,0,0,0,,0,,,,,1,6.0,6.0
2003,REG,00-0019975,,Jimmy Redmond,WR,WR,,3,JAX,0,0,0,0,0,0,0,0,0,0,0,0,,0,,,0,0,0,0,0,0,,0,3,3,67,0,0,0,0,0,3,8.77065440444858,0,0.0,0.05,,,0,6.7,9.7
2003,REG,00-0019976,,Drew Bennett,WR,WR,,9,TEN,1,1,14,0,0,0,0,0,0,0,0,1,2.12577859399607,0,0.0,,0,0,0,0,0,0,,0,32,32,504,4,0,0,0,0,27,47.9151892925479,0,0.0,0.182857142857143,,,0,74.96,106.96
2003,REG,00-0020005,,Ifeanyi Ohalete,SS,DB,,1,WAS,0,0,0,0,0,0,0,0,0,0,0,0,,0,,,0,0,0,0,0,0,,0,1,1,3,0,0,0,0,0,1,2.29185488808434,0,0.0,0.142857142857143,,,0,0.3,1.3
2003,REG,00-0020021,,Nate Poole,WR,WR,,6,ARI,0,0,0,0,0,0,0,0,0,0,0,0,,0,,,0,0,0,0,0,0,,0,13,13,177,1,0,0,0,0,11,21.7390480863105,0,0.0,0.114035087719298,,,0,23.7,36.7
2003,REG,00-0020022,,Marcel Shipp,RB,RB,,16,ARI,0,0,0,0,0,0,0,0,0,0,0,0,,0,,,228,830,0,3,3,37,-46.7880468142423,0,30,30,184,0,0,0,0,0,6,1.5124730564421,0,0.0,0.12,,,0,95.4,125.4
2003,REG,00-0020030,,Dondre Gilliam,WR,WR,,2,LAC,0,0,0,0,0,0,0,0,0,0,0,0,,0,,,0,0,0,0,0,0,,0,6,6,95,0,0,0,0,0,5,9.20812118134927,0,0.0,0.13953488372093,,,0,9.5,15.5
2003,REG,00-0020058,,David Allen,RB,RB,,4,JAX,0,0,0,0,0,0,0,0,0,0,0,0,,0,,,4,8,0,0,0,1,-1.05852546187816,0,6,6,60,1,0,0,0,0,3,5.31696544392617,0,0.0,0.0689655172413793,,,0,12.8,18.8
2003,REG,00-0020094,,Stephen Trejo,RB,RB,,1,DET,0,0,0,0,0,0,0,0,0,0,0,0,,0,,,0,0,0,0,0,0,,0,1,1,2,0,0,0,0,0,1,0.463740861043334,0,0.0,0.142857142857143,,,0,0.2,1.2
2003,REG,00-0020171,,Boo Williams,WR,WR,,13,NO,0,0,0,0,0,0,0,0,0,0,0,0,,0,,,0,0,0,0,0,0,,0,41,41,436,5,0,0,0,0,25,38.3124529390911,0,0.0,0.166666666666667,,,0,73.6,114.6
2003,REG,00-0020173,,James Fenderson,RB,RB,,2,NO,0,0,0,0,0,0,0,0,0,0,0,0,,0,,,4,14,0,0,0,0,-1.64518267568201,0,1,1,5,0,0,0,0,0,0,-0.0752922436222434,1,0.0,0.0476190476190476,,,0,3.9,4.9
2003,REG,00-0020187,,Marcellus Rivers,TE,TE,,6,NYG,0,0,0,0,0,0,0,0,0,0,0,0,,0,,,0,0,0,0,0,0,,0,17,17,155,0,0,0,0,0,9,11.5891321134404,0,0.0,0.118055555555556,,,0,15.5,32.5
2003,REG,00-0020245,,Mike Vick,QB,QB,"https://static.www.nfl.com/image/private/f_auto,q_auto/league/hrg4riwhpjbijfovsjrk",5,ATL,50,100,585,4,3,9,64,3,1,0,0,32,-13.3213015189779,0,0.0,0.0632466765279251,40,255,1,1,0,14,18.7092040426072,0,0,0,0,0,0,0,0,0,0,,0,,,,,0,62.9,62.9
2003,REG,00-0020256,,Kevin Kasper,WR,WR,,2,ARI,0,0,0,0,0,0,0,0,0,0,0,0,,0,,,1,-4,0,0,0,0,-1.06262708397117,0,1,1,23,0,0,0,0,0,1,1.42313363251742,0,0.0,0.0357142857142857,,,0,1.9,2.9
2003,REG,00-0020267,,Nick Harris,P,SPEC,"https://static.www.nfl.com/image/private/f_auto,q_auto/league/ko6iq143yffkkrsidnyh",1,DET,0,1,0,0,0,0,0,0,0,0,0,0,-2.9101038868539,0,,,0,0,0,0,0,0,,0,0,0,0,0,0,0,0,0,0,,0,,,,,0,0.0,0.0
2003,REG,00-0020268,,Tony Stewart,TE,TE,,10,CIN,0,0,0,0,0,0,0,0,0,0,0,0,,0,,,0,0,0,0,0,0,,0,21,21,212,0,0,0,0,0,12,16.6943107098252,0,0.0,0.103448275862069,,,0,21.2,42.2
2003,REG,00-0020270,,Correll Buckhalter,RB,RB,,15,PHI,0,0,0,0,0,0,0,0,0,0,0,0,,0,,,126,542,8,3,2,28,-2.39168368708426,0,10,10,133,1,0,0,0,0,6,8.23943977378076,0,0.0,0.0740740740740741,,,0,117.5,127.5
2003,REG,00-0020274,,Billy Baber,TE,TE,,1,KC,0,0,0,0,0,0,0,0,0,0,0,0,,0,,,0,0,0,0,0,0,,0,1,1,20,0,0,0,0,0,1,1.7366000401089,0,0.0,0.0454545454545455,,,0,2.0,3.0
2003,REG,00-0020285,,Alge Crumpler,TE,TE,,16,ATL,0,0,0,0,0,0,0,0,0,0,0,0,,0,,,0,0,0,0,0,0,,0,44,44,552,3,1,1,0,0,26,40.1120658824177,0,0.0,0.191304347826087,,,0,71.2,115.2
2003,REG,00-0020308,,Mike McMahon,QB,QB,,3,DET,9,31,87,0,2,2,9,0,0,0,0,4,-19.3648206394864,0,0.0,0.0399119522655702,5,32,0,1,1,1,-2.74479605461238,0,0,0,0,0,0,0,0,0,0,,0,,,,,0,0.68,0.68
2003,REG,00-0020315,,Derrick Blaylock,RB,RB,,9,KC,0,0,0,0,0,0,0,0,0,0,0,0,,0,,,22,112,2,0,0,7,0.543053349159891,0,15,15,181,1,1,0,0,0,5,9.84483503663048,0,0.0,0.0857142857142857,,,0,47.3,62.3
2003,REG,00-0020332,,David Martin,TE,TE,,8,GB,0,0,0,0,0,0,0,0,0,0,0,0,,0,,,0,0,0,0,0,0,,0,13,13,79,2,0,0,0,0,7,7.66885431692936,0,0.0,0.0817610062893082,,,0,19.9,32.9
2003,REG,00-0020337,,Steve Smith,WR,WR,"https://static.www.nfl.com/image/private/f_auto,q_auto/league/k23e0b8cto93he9rt0zc",16,CAR,0,0,0,0,0,0,0,0,0,0,0,0,,0,,,11,42,0,0,0,4,-1.25512464885833,0,88,88,1110,7,2,0,0,32,48,79.8432712099776,0,0.0,0.325925925925926,,,1,163.2,251.2
2003,REG,00-0020340,,Quentin McCord,WR,WR,,5,ATL,0,0,0,0,0,0,0,0,0,0,0,0,,0,,,2,2,0,0,0,0,-0.949935822398402,0,9,9,121,0,0,0,0,0,6,7.61949120502686,0,0.0,0.115384615384615,,,0,12.3,21.3
2003,REG,00-0020342,,Brandon Manumaleuna,TE,TE,,13,LA,0,0,0,0,0,0,0,0,0,0,0,0,,0,,,4,15,0,0,0,0,0.0974763029953465,0,29,29,238,2,0,0,0,0,9,17.4515203947667,0,0.0,0.0935483870967742,,,0,37.3,66.3
2003,REG,00-0020343,,Jonathan Carter,WR,WR,,3,NYJ,0,0,0,0,0,0,0,0,0,0,0,0,,0,,,0,0,0,0,0,0,,0,4,4,93,1,0,0,0,0,3,7.56288670795038,0,0.0,0.0740740740740741,,,1,21.3,25.3
2003,REG,00-0020360,,Orlando Huff,LB,LB,,1,SEA,0,0,0,0,0,0,0,0,0,0,0,0,,0,,,0,0,0,0,0,0,,0,0,0,0,0,0,0,0,0,0,,0,,,,,1,6.0,6.0
2003,REG,00-0020361,,Alex Bannister,WR,WR,,2,SEA,0,0,0,0,0,0,0,0,0,0,0,0,,0,,,0,0,0,0,0,0,,0,3,3,61,1,0,0,0,0,3,6.93596575950505,0,0.0,0.06,,,0,12.1,15.1
2003,REG,00-0020370,,Scotty Anderson,WR,WR,,7,DET,0,0,0,0,0,0,0,0,0,0,0,0,,0,,,0,0,0,0,0,0,,0,17,17,325,2,0,0,0,0,12,33.3658346596058,1,0.0,0.124087591240876,,,0,46.5,63.5
2003,REG,00-0020373,,Jabari Holloway,TE,TE,,6,HOU,0,0,0,0,0,0,0,0,0,0,0,0,,0,,,0,0,0,0,0,0,,0,8,8,84,0,0,0,0,0,2,5.0594606945524,0,0.0,0.0714285714285714,,,0,8.4,16.4
2003,REG,00-0020381,,Justin McCareins,WR,WR,,16,TEN,0,0,0,0,0,0,0,0,0,0,0,0,,0,,,1,13,0,0,0,1,0.812157328939065,0,47,47,813,7,0,0,0,0,40,83.1662700767047,0,0.0,0.149206349206349,,,1,130.6,177.6
2003,REG,00-0020391,,Jameel Cook,RB,RB,,10,TB,0,0,0,0,0,0,0,0,0,0,0,0,,0,,,1,-1,0,0,0,0,-0.658932785503566,0,20,20,120,1,0,0,0,0,8,3.13158789538494,0,0.0,0.0896860986547085,,,0,17.9,37.9
2003,REG,00-0020397,,Chad Johnson,WR,WR,,16,CIN,0,0,0,0,0,0,0,0,0,0,0,0,,0,,,0,0,0,0,0,0,,0,90,90,1355,10,0,0,0,0,66,135.908240330435,0,0.0,0.276923076923077,,,0,195.5,285.5
2003,REG,00-0020403,,Anthony Thomas,RB,RB,,13,CHI,0,0,0,0,0,0,0,0,0,0,0,0,,0,,,244,1024,6,1,0,47,-4.4421124151875,0,9,9,36,0,0,0,0,0,1,-0.754345162480604,0,0.0,0.102272727272727,,,0,142.0,151.0
2003,REG,00-0020404,,Quincy Carter,QB,QB,,16,DAL,292,506,3302,17,21,37,185,7,2,0,0,148,-49.6352710181218,0,0.0,0.0289385747849278,68,257,2,3,1,24,-4.54676170907434,0,0,0,0,0,0,0,0,0,0,,0,,,,,0,189.78,189.78
2003,REG,00-0020405,,Marques Tuiasosopo,QB,QB,,4,LV,25,45,324,0,3,2,14,0,0,0,0,14,-3.0282009923274,0,0.0,0.0268005211171778,6,22,0,1,0,0,-1.60807968436207,0,0,0,0,0,0,0,0,0,0,,0,,,,,0,9.16,9.16
2003,REG,00-0020407,,Rudi Johnson,RB,RB,,13,CIN,0,0,0,0,0,0,0,0,0,0,0,0,,0,,,214,967,9,0,0,48,3.78944165319524,0,21,21,146,0,0,0,0,0,8,6.29694193415344,0,0.0,0.092511013215859,,,0,165.3,186.3
2003,REG,00-0020415,,Andre King,WR,WR,,6,CLE,0,0,0,0,0,0,0,0,0,0,0,0,,0,,,0,0,0,0,0,0,,0,9,9,88,0,0,0,0,0,5,8.14406225032872,0,0.0,0.0652173913043478,,,1,14.8,23.8
2003,REG,00-0020427,,Quincy Morgan,WR,WR,,16,CLE,0,0,0,0,0,0,0,0,0,0,0,0,,0,,,3,-4,0,0,0,0,-3.37721781253423,0,38,38,516,3,0,0,0,0,22,39.8289404475363,0,0.0,0.121405750798722,,,0,69.2,107.2
2003,REG,00-0020428,,Robert Ferguson,WR,WR,,13,GB,0,0,0,0,0,0,0,0,0,0,0,0,,0,,,1,-8,0,0,0,0,-1.72338021837641,0,38,38,520,4,0,0,0,0,25,50.8365004788205,0,0.0,0.147859922178988,,,0,75.2,113.2
2003,REG,00-0020430,,James Jackson,RB,RB,,10,CLE,0,0,0,0,0,0,0,0,0,0,0,0,,0,,,102,382,3,3,3,22,-15.9760468597404,0,14,14,114,0,0,0,0,0,4,4.54843241570052,0,0.0,0.0848484848484849,,,0,61.6,75.6
2003,REG,00-0020446,,Chris Chambers,WR,WR,,16,MIA,0,0,0,0,0,0,0,0,0,0,0,0,,0,,,4,30,0,0,0,1,1.89147857145872,0,64,65,963,11,1,1,0,0,50,90.3864953067096,0,0.0,0.251937984496124,,,0,163.3,227.3
2003,REG,00-0020448,,Travis Minor,RB,RB,,12,MIA,0,0,0,0,0,0,0,0,0,0,0,0,,0,,,41,193,1,0,0,13,-0.0693705251615029,0,4,4,13,0,0,0,0,0,1,-1.25887593359221,0,0.0,0.0851063829787234,,,0,26.6,30.6
2003,REG,00-0020452,,Cedrick Wilson,WR,WR,"https://static.www.nfl.com/image/private/f_auto,q_auto/league/r1vaoqltojlmfodlskwx",14,SF,1,1,6,0,0,0,0,0,0,0,0,0,0.267113374196924,0,0.0,,1,-4,0,0,0,0,-1.32790787471458,0,35,35,396,2,1,0,0,0,24,30.2850700420487,0,0.0,0.130111524163569,,,1,57.44,92.44
2003,REG,00-0020462,,LaMont Jordan,RB,RB,,12,NYJ,0,0,0,0,0,0,0,0,0,0,0,0,,0,,,46,190,4,0,0,14,1.81044355676794,0,11,11,101,0,0,0,0,0,5,0.285632223589346,0,0.0,0.0894308943089431,,,0,53.1,64.1
2003,REG,00-0020464,,Darnerien McCants,WR,WR,,13,WAS,0,0,0,0,0,0,0,0,0,0,0,0,,0,,,0,0,0,0,0,0,,0,27,27,360,6,0,0,0,0,22,42.3336190675618,2,0.0,0.115384615384615,,,0,76.0,103.0
2003,REG,00-0020471,,Travis Henry,RB,RB,,15,BUF,0,1,0,0,1,0,0,0,0,0,0,0,-4.01895253453404,0,,,332,1353,10,8,4,76,-18.0134590274931,0,28,28,158,1,0,0,0,0,9,7.72437883281816,0,0.0,0.117154811715481,,,0,207.1,235.1
2003,REG,00-0020474,,Kevan Barlow,RB,RB,,16,SF,0,0,0,0,0,0,0,0,0,0,0,0,,0,,,201,1024,6,4,3,44,-6.13320435487549,0,35,35,307,1,1,1,0,0,14,15.2575849010163,0,0.0,0.166666666666667,,,0,167.1,202.1
2003,REG,00-0020476,,Shad Meier,TE,TE,,6,TEN,0,0,0,0,0,0,0,0,0,0,0,0,,0,,,0,0,0,0,0,0,,0,13,13,159,0,1,1,0,0,7,6.53160205103736,0,0.0,0.099236641221374,,,0,13.9,26.9
2003,REG,00-0020479,,George Layne,RB,RB,,1,ATL,0,0,0,0,0,0,0,0,0,0,0,0,,0,,,1,15,0,0,0,1,1.03450462734327,0,1,1,3,0,0,0,0,0,0,-1.12088304013014,0,0.0,0.111111111111111,,,0,1.8,2.8
2003,REG,00-0020480,,Sage Rosenfels,QB,QB,,2,MIA,4,6,50,1,0,0,0,0,0,0,0,2,3.8492743303068,0,0.0,0.201232629018757,1,-1,0,0,0,0,0.090926081436919,0,0,0,0,0,0,0,0,0,0,,0,,,,,0,5.9,5.9
2003,REG,00-0020483,,Jesse Palmer,QB,QB,,5,NYG,60,116,532,3,4,16,95,2,1,0,0,25,-47.5248341780745,0,0.0,0.0297235929513481,4,23,0,0,0,2,-0.148174640198704,0,0,0,0,0,0,0,0,0,0,,0,,,,,0,25.58,25.58
2003,REG,00-0020485,,Eddie Berlin,WR,WR,,1,TEN,0,0,0,0,0,0,0,0,0,0,0,0,,0,,,0,0,0,0,0,0,,0,1,1,50,1,0,0,0,0,1,7.4584682751447,0,0.0,0.0769230769230769,,,0,11.0,12.0
2003,REG,00-0020490,,Koren Robinson,WR,WR,,15,SEA,0,0,0,0,0,0,0,0,0,0,0,0,,0,,,4,15,0,0,0,2,-0.170931542757899,0,65,65,896,4,1,1,0,0,39,72.7522892744045,0,0.0,0.211726384364821,,,0,113.1,178.1
2003,REG,00-0020494,,Santana Moss,WR,WR,,16,NYJ,0,0,0,0,0,0,0,0,0,0,0,0,,0,,,10,67,0,0,0,3,2.61260091891745,0,74,74,1105,10,2,2,0,0,49,91.3138083032979,0,0.0,0.237179487179487,,,0,173.2,247.2
2003,REG,00-0020497,,Freddie Mitchell,WR,WR,,15,PHI,1,1,25,1,0,0,0,0,0,0,0,1,3.12192379205953,0,0.0,,0,0,0,0,0,0,,0,35,35,498,2,0,0,0,0,23,39.5783417128953,0,0.0,0.129151291512915,,,0,66.8,101.8
2003,REG,00-0020498,,Reggie Wayne,WR,WR,,15,IND,0,0,0,0,0,0,0,0,0,0,0,0,,0,,,0,0,0,0,0,0,,0,68,68,838,7,0,0,0,0,49,79.5750041665742,0,0.0,0.184281842818428,,,0,125.8,193.8
2003,REG,00-0020507,,Heath Evans,FB,RB,,5,SEA,0,0,0,0,0,0,0,0,0,0,0,0,,0,,,7,24,0,0,0,1,-0.681074627675116,0,2,2,34,0,0,0,0,0,2,2.70604782749433,0,0.0,0.0606060606060606,,,0,5.8,7.8
2003,REG,00-0020508,,Moran Norris,RB,RB,,4,HOU,0,0,0,0,0,0,0,0,0,0,0,0,,0,,,0,0,0,0,0,0,,0,7,7,40,0,0,0,0,0,1,0.114972011186183,0,0.0,0.109375,,,0,4.0,11.0
2003,REG,00-0020513,,David Terrell,WR,WR,,15,CHI,0,0,0,0,0,0,0,0,0,0,0,0,,0,,,1,4,0,0,0,0,-0.0013365366030484,0,43,43,361,1,1,0,0,0,19,28.5928239817149,0,0.0,0.166666666666667,,,0,42.5,85.5
2003,REG,00-0020514,,Michael Bennett,RB,RB,,8,MIN,0,0,0,0,0,0,0,0,0,0,0,0,,0,,,90,447,1,2,1,17,0.187192451965529,0,12,12,132,0,0,0,0,0,4,11.2920163097442,0,0.0,0.0895522388059701,,,0,61.9,73.9
2003,REG,00-0020516,,Todd Heap,TE,TE,,16,BAL,0,0,0,0,0,0,0,0,0,0,0,0,,0,,,3,21,0,0,0,0,0.983534892555326,0,57,57,693,3,1,0,0,0,32,51.4427393357883,4,0.0,0.262672811059908,,,0,97.4,154.4
2003,REG,00-0020525,,Rod Gardner,WR,WR,,16,WAS,2,3,46,2,0,0,0,0,0,0,0,2,6.73308309988352,0,0.0,,0,0,0,0,0,0,,0,59,59,600,5,1,0,0,0,30,49.6605320369708,0,0.0,0.207746478873239,,,0,99.84,158.84
2003,REG,00-0020527,,Deuce McAllister,RB,RB,,16,NO,0,2,0,0,0,0,0,0,0,0,0,0,-1.50506199430674,0,,,351,1641,8,6,4,69,-22.5461417416297,0,69,69,516,0,0,0,0,5,22,24.2204824026959,0,0.0,0.219745222929936,,,0,255.7,324.7
2003,REG,00-0020531,D.Brees,Drew Brees,QB,QB,"https://static.www.nfl.com/image/private/f_auto,q_auto/league/i20xlpzdmn7xubotijjd",11,LAC,205,356,2108,11,15,21,178,4,3,0,0,95,-59.7861841871802,1,0.0,0.0257962272037401,21,84,0,1,0,7,0.878279827476632,0,1,1,21,1,0,0,0,0,1,3.68936233746354,0,0.0,0.0454545454545455,,,0,110.82,111.82
2003,REG,00-0020536,,LaDainian Tomlinson,RB,RB,,16,LAC,1,1,21,1,0,0,0,0,0,0,0,1,3.68936233746354,0,0.0,,313,1645,13,2,0,81,22.6917728832298,0,100,100,725,4,0,0,0,0,26,20.8774011713134,0,0.0,0.336700336700337,,,0,343.84,443.84
2003,REG,00-0020550,,Darnell Dinkins,TE,TE,,1,NYG,0,0,0,0,0,0,0,0,0,0,0,0,,0,,,0,0,0,0,0,0,,0,2,2,16,0,0,0,0,0,1,1.15852278959937,0,0.0,0.111111111111111,,,0,1.6,3.6
2003,REG,00-0020562,,Chad Hutchinson,QB,QB,,1,DAL,1,2,8,0,0,0,0,0,0,0,0,0,-1.51262829080224,0,0.0,,2,-3,0,0,0,0,0.0,0,0,0,0,0,0,0,0,0,0,,0,,,,,0,0.02,0.02
2003,REG,00-0020564,,Delvin Joyce,RB,RB,,6,NYG,0,0,0,0,0,0,0,0,0,0,0,0,,0,,,11,39,0,1,1,1,-4.70881454646587,0,3,3,7,0,0,0,0,0,0,-0.989584895665757,0,0.0,0.0416666666666667,,,0,2.6,5.6
2003,REG,00-0020583,,Marc Boerigter,WR,WR,,9,KC,0,0,0,0,0,0,0,0,0,0,0,0,,0,,,0,0,0,0,0,0,,0,11,11,158,0,0,0,0,0,8,13.9560852155328,0,0.0,0.0506912442396313,,,0,15.8,26.8
2003,REG,00-0020587,,Jamal Robertson,RB,RB,,6,SF,0,0,0,0,0,0,0,0,0,0,0,0,,0,,,32,136,0,0,0,7,-7.85610320890555,0,0,0,0,0,0,0,0,0,0,,0,,,,,0,13.6,13.6
2003,REG,00-0020608,,David Carr,QB,QB,,12,HOU,167,295,2013,9,13,15,90,2,0,0,0,86,-26.9065661087266,0,0.0,0.0425764000819757,27,151,2,2,0,11,14.4360795435496,0,0,0,0,0,0,0,0,0,0,,0,,,,,0,117.62,117.62
2003,REG,00-0020692,,Eddie Drummond,WR,WR,,2,DET,0,0,0,0,0,0,0,0,0,0,0,0,,0,,,1,1,0,0,0,0,-0.576655725133605,0,0,0,0,0,0,0,0,0,0,,0,,,,,1,6.1,6.1
2003,REG,00-0020700,,James Mungro,RB,RB,,4,IND,0,0,0,0,0,0,0,0,0,0,0,0,,0,,,24,60,2,0,0,5,-3.29696225107182,0,1,1,-4,0,0,0,0,0,0,-0.89781403564848,1,0.0,0.0434782608695652,,,0,19.6,20.6
2003,REG,00-0020735,,Derrick Lewis,WR,WR,,1,NO,0,0,0,0,0,0,0,0,0,0,0,0,,0,,,0,0,0,0,0,0,,0,1,1,7,0,0,0,0,0,1,1.37066164752468,0,0.0,0.0714285714285714,,,0,0.7,1.7
2003,REG,00-0020739,,Ricky Williams,RB,RB,,8,IND,0,0,0,0,0,0,0,0,0,0,0,0,,0,,,48,155,2,1,1,6,-6.7344449897646,0,22,22,157,1,1,1,0,0,9,6.00082977217447,0,0.0,0.138364779874214,,,0,45.2,67.2
2003,REG,00-0020754,,Kelly Campbell,WR,WR,,14,MIN,0,0,0,0,0,0,0,0,0,0,0,0,,0,,,10,71,0,1,0,4,3.28744538570754,0,25,25,522,4,1,1,0,3,16,41.4907288893592,0,0.0,0.0850340136054422,,,0,81.3,106.3
2003,REG,00-0020780,,Frisman Jackson,WR,WR,,2,CLE,0,1,0,0,0,0,0,0,0,0,0,0,-0.0341215294320136,0,,,0,0,0,0,0,0,,0,2,2,29,0,0,0,0,0,1,4.12618794711307,0,0.0,0.117647058823529,,,0,2.9,4.9
2003,REG,00-0020786,,Ken Simonton,RB,RB,,1,BUF,0,0,0,0,0,0,0,0,0,0,0,0,,0,,,2,4,0,0,0,0,-0.252326992340386,0,0,0,0,0,0,0,0,0,0,,0,,,,,0,0.4,0.4
2003,REG,00-0020794,,Edell Shepherd,WR,WR,,1,TB,0,0,0,0,0,0,0,0,0,0,0,0,,0,,,0,0,0,0,0,0,,0,4,4,38,0,0,0,0,0,2,3.01667668984737,0,0.0,0.166666666666667,,,0,3.8,7.8
2003,REG,00-0020820,,Jesse Chatman,RB,RB,,6,LAC,0,0,0,0,0,0,0,0,0,0,0,0,,0,,,8,17,0,0,0,0,-3.59465861250646,0,5,5,54,0,0,0,0,0,1,3.67926250622259,0,0.0,0.142857142857143,,,0,7.1,12.1
2003,REG,00-0020828,,Josh Norman,TE,TE,,3,LAC,0,0,0,0,0,0,0,0,0,0,0,0,,0,,,0,0,0,0,0,0,,0,6,6,72,1,0,0,0,0,3,6.44982345134486,0,0.0,0.136363636363636,,,0,13.2,19.2
2003,REG,00-0020849,,Charles Stackhouse,RB,RB,,4,MIN,0,0,0,0,0,0,0,0,0,0,0,0,,0,,,1,0,0,0,0,0,-1.64517105324194,0,6,6,30,0,0,0,0,0,1,0.349260229617357,0,0.0,0.0769230769230769,,,0,3.0,9.0
2003,REG,00-0020904,,Eric Parker,WR,WR,,7,LAC,0,0,0,0,0,0,0,0,0,0,0,0,,0,,,3,21,0,0,0,2,0.374425931368023,0,18,18,244,3,0,0,0,0,14,23.9818074356881,0,0.0,0.128571428571429,,,0,44.5,62.5
2003,REG,00-0020917,,Joe Burns,RB,RB,,10,BUF,0,0,0,0,0,0,0,0,0,0,0,0,,0,,,39,113,0,1,0,3,-7.74282544001471,0,7,7,62,0,0,0,0,0,3,2.00181986744354,0,0.0,0.0853658536585366,,,0,17.5,24.5
2003,REG,00-0020961,,Marcus Wilkins,LB,LB,,1,GB,0,0,0,0,0,0,0,0,0,0,0,0,,0,,,0,0,0,0,0,0,,0,0,0,0,0,0,0,0,0,0,,0,,,,,1,6.0,6.0
2003,REG,00-0020964,,Tony Fisher,RB,RB,,13,GB,0,0,0,0,0,0,0,0,0,0,0,0,,0,,,40,200,1,0,0,9,-0.619439225946969,0,21,21,206,2,0,0,0,0,10,18.0064751480633,0,0.0,0.107142857142857,,,0,58.6,79.6
2003,REG,00-0020973,,Woody Dantzler,RB,RB,,5,ATL,0,1,0,0,0,1,5,0,0,0,0,0,-1.63074740511365,0,,,8,21,1,0,0,2,-0.533429452509154,0,0,0,0,0,0,0,0,0,0,,0,,,,,0,8.1,8.1
2003,REG,00-0021028,,Clarence Coleman,WR,WR,,3,BUF,0,0,0,0,0,0,0,0,0,0,0,0,,0,,,0,0,0,0,0,0,,0,8,8,69,0,0,0,0,0,5,8.54697202023817,0,0.0,0.121212121212121,,,0,6.9,14.9
2003,REG,00-0021031,,John Simon,RB,RB,,3,WAS,0,0,0,0,0,0,0,0,0,0,0,0,,0,,,3,9,0,1,0,0,-0.12180828070268,0,3,3,21,0,0,0,0,0,1,0.839628749992698,0,0.0,0.0789473684210526,,,0,3.0,6.0
2003,REG,00-0021048,,Damien Anderson,RB,RB,,11,ARI,0,0,0,0,0,0,0,0,0,0,0,0,,0,,,18,68,0,0,0,5,-2.89449860155582,0,6,6,36,0,0,0,0,0,3,1.94139607157558,0,0.0,0.072289156626506,,,0,10.4,16.4
2003,REG,00-0021084,,Matt Schobel,TE,TE,,11,CIN,0,0,0,0,0,0,0,0,0,0,0,0,,0,,,0,0,0,0,0,0,,0,24,24,332,2,1,0,0,0,12,24.2854435045378,0,0.0,0.110599078341014,,,0,45.2,69.2
2003,REG,00-0021087,,Omar Easy,RB,RB,,3,KC,0,0,0,0,0,0,0,0,0,0,0,0,,0,,,0,0,0,0,0,0,,0,3,3,19,0,0,0,0,0,0,0.94833197304979,0,0.0,0.0461538461538462,,,0,1.9,4.9
2003,REG,00-0021090,,Chris Luzar,TE,TE,,3,JAX,0,0,0,0,0,0,0,0,0,0,0,0,,0,,,0,0,0,0,0,0,,0,3,3,30,0,0,0,0,0,1,1.6509528583847,0,0.0,0.05,,,0,3.0,6.0
2003,REG,00-0021094,,Jason McAddley,WR,WR,,2,ARI,0,0,0,0,0,0,0,0,0,0,0,0,,0,,,0,0,0,0,0,0,,0,4,4,53,0,0,0,0,0,3,5.52450078190304,0,0.0,0.0888888888888889,,,0,5.3,9.3
2003,REG,00-0021098,,Josh Scobey,RB,RB,,2,ARI,0,0,0,0,0,0,0,0,0,0,0,0,,0,,,0,0,0,0,0,0,,0,1,1,9,0,0,0,0,0,0,0.612055723904632,0,0.0,0.05,,,1,6.9,7.9
2003,REG,00-0021100,,Jeb Putzier,TE,TE,,1,DEN,0,0,0,0,0,0,0,0,0,0,0,0,,0,,,0,0,0,0,0,0,,0,4,4,34,0,0,0,0,0,3,2.20765028498136,0,0.0,0.307692307692308,,,0,3.4,7.4
2003,REG,00-0021102,,Kendall Newson,WR,WR,,1,MIA,0,0,0,0,0,0,0,0,0,0,0,0,,0,,,0,0,0,0,0,0,,0,2,2,55,0,0,0,0,0,2,3.78599131689407,0,0.0,0.105263157894737,,,0,5.5,7.5
2003,REG,00-0021141,,Joey Harrington,QB,QB,,16,DET,309,554,2880,17,22,11,67,3,0,0,0,147,-92.4059508600959,2,0.0,0.0253230007835591,28,98,0,3,0,7,-4.58260525227524,0,1,1,8,0,0,0,0,0,0,0.555063189007342,0,0.0,0.0384615384615385,,,0,153.8,154.8
2003,REG,00-0021147,,Donte' Stallworth,WR,WR,,11,NO,0,0,0,0,0,0,0,0,0,0,0,0,,0,,,1,3,0,0,0,0,-0.219150693621486,0,25,25,485,3,1,1,0,0,18,42.5615727919358,0,0.0,0.112612612612613,,,0,64.8,89.8
2003,REG,00-0021148,,Jeremy Shockey,TE,TE,,9,NYG,0,0,0,0,0,0,0,0,0,0,0,0,,0,,,0,0,0,0,0,0,,0,49,49,562,2,1,1,0,0,30,36.7098297312098,0,0.0,0.221719457013575,,,0,66.2,115.2
2003,REG,00-0021150,,William Green,RB,RB,,7,CLE,0,0,0,0,0,0,0,0,0,0,0,0,,0,,,142,559,1,5,2,30,-23.8444399362714,0,10,10,50,0,0,0,0,0,2,2.17684206587728,0,0.0,0.0833333333333333,,,0,62.9,72.9
2003,REG,00-0021151,,Phillip Buchanon,DB,DB,,2,LV,0,0,0,0,0,0,0,0,0,0,0,0,,0,,,0,0,0,0,0,0,,0,0,0,0,0,0,0,0,0,0,,0,,,,,2,12.0,12.0
2003,REG,00-0021152,,Ashley Lelie,WR,WR,,16,DEN,0,0,0,0,0,0,0,0,0,0,0,0,,0,,,8,43,0,0,0,2,-0.628311462110815,0,37,37,628,2,0,0,0,0,25,55.3489243093354,0,0.0,0.143968871595331,,,0,79.1,116.1
2003,REG,00-0021153,,Javon Walker,WR,WR,,16,GB,0,0,0,0,0,0,0,0,0,0,0,0,,0,,,2,1,0,0,0,0,-0.851854313164949,0,41,41,716,9,1,1,0,0,27,61.8926523110713,0,0.0,0.132258064516129,,,0,123.7,164.7
2003,REG,00-0021154,,Daniel Graham,TE,TE,,13,NE,0,0,0,0,0,0,0,0,0,0,0,0,,0,,,0,0,0,0,0,0,,0,38,38,409,4,0,0,0,0,21,28.1725123217912,0,0.0,0.141263940520446,,,0,64.9,102.9
2003,REG,00-0021159,,Jerramy Stevens,TE,TE,,5,SEA,0,0,0,0,0,0,0,0,0,0,0,0,,0,,,0,0,0,0,0,0,,0,6,6,72,0,0,0,0,0,3,4.40537744399626,0,0.0,0.0560747663551402,,,0,7.2,13.2
2003,REG,00-0021163,,Jabar Gaffney,WR,WR,,13,HOU,0,1,0,0,0,0,0,0,0,0,0,0,-0.427726272377186,0,,,1,13,0,0,0,1,1.43924409372266,0,34,34,402,2,0,0,0,0,21,36.0961623405456,0,0.0,0.178010471204188,,,0,53.5,87.5
2003,REG,00-0021164,,DeShaun Foster,RB,RB,,14,CAR,0,0,0,0,0,0,0,0,0,0,0,0,,0,,,113,429,0,2,1,22,-18.8500135872071,0,26,26,207,2,2,2,0,0,7,-6.7455366414797,0,0.0,0.13903743315508,,,0,69.6,95.6
2003,REG,00-0021166,,Josh Reed,WR,WR,,14,BUF,0,0,0,0,0,0,0,0,0,0,0,0,,0,,,3,38,0,0,0,2,2.58498421963304,0,58,58,588,2,1,1,0,0,33,42.0858693599585,0,0.0,0.222222222222222,,,0,72.6,130.6
2003,REG,00-0021174,,Tim Carter,WR,WR,,10,NYG,0,0,0,0,0,0,0,0,0,0,0,0,,0,,,0,0,0,0,0,0,,0,26,26,309,0,0,0,0,0,12,24.7258642950292,0,0.0,0.109704641350211,,,0,30.9,56.9
2003,REG,00-0021175,,Andre Davis,WR,WR,,16,CLE,0,0,0,0,0,0,0,0,0,0,0,0,,0,,,5,28,0,0,0,1,-1.36791690834798,0,40,40,576,5,0,0,0,0,31,51.9243243283717,0,0.0,0.12779552715655,,,0,90.4,130.4
2003,REG,00-0021176,,Reche Caldwell,WR,WR,,6,LAC,0,0,0,0,0,0,0,0,0,0,0,0,,0,,,5,39,0,0,0,2,-0.0804535599891096,0,8,8,80,0,0,0,0,0,4,5.77725686132908,0,0.0,0.105263157894737,,,0,11.9,19.9
2003,REG,00-0021179,,Clinton Portis,RB,RB,,13,DEN,0,0,0,0,0,0,0,0,0,0,0,0,,0,,,290,1591,14,3,1,76,36.0014524594893,1,38,38,314,0,0,0,0,0,10,7.36369365785504,0,0.0,0.179245283018868,,,0,274.5,312.5
2003,REG,00-0021182,,Maurice Morris,RB,RB,,13,SEA,0,0,0,0,0,0,0,0,0,0,0,0,,0,,,38,239,0,1,0,10,2.6257383602153,0,4,4,32,1,0,0,0,0,2,3.12585562304594,0,0.0,0.0975609756097561,,,0,33.1,37.1
2003,REG,00-0021183,,Doug Jolley,TE,TE,,11,LV,0,0,0,0,0,0,0,0,0,0,0,0,,0,,,0,0,0,0,0,0,,0,31,31,258,1,0,0,0,0,11,14.8493877500878,0,0.0,0.160621761658031,,,0,31.8,62.8
2003,REG,00-0021184,,Ladell Betts,RB,RB,,9,WAS,0,0,0,0,0,0,0,0,0,0,0,0,,0,,,77,255,2,0,0,15,-4.9572288009298,0,15,15,167,0,0,0,0,0,8,7.76685134202099,0,0.0,0.109489051094891,,,0,54.2,69.2
2003,REG,00-0021190,,Antwaan Randle El,RB,RB,,16,PIT,3,4,6,0,0,1,10,0,0,0,0,0,-3.37113434751518,0,0.0,,14,85,0,2,0,4,-2.45351105323061,0,37,37,364,1,0,0,0,0,21,28.0836724395215,0,0.0,0.131205673758865,,,2,63.14,100.14
2003,REG,00-0021191,,Antonio Bryant,WR,WR,,14,DAL,0,0,0,0,0,0,0,0,0,0,0,0,,0,,,2,0,0,0,0,0,-1.4715120177716,0,39,39,550,2,0,0,0,0,27,50.9585086593944,0,0.0,0.147727272727273,,,0,67.0,106.0
2003,REG,00-0021192,,Deion Branch,WR,WR,,15,NE,0,0,0,0,0,0,0,0,0,0,0,0,,0,,,1,11,0,0,0,1,0.977177883964032,0,57,57,803,3,0,0,0,0,40,75.0601331563633,0,0.0,0.182692307692308,,,0,99.4,156.4
2003,REG,00-0021206,J.McCown,Josh McCown,QB,QB,"https://static.www.nfl.com/image/private/f_auto,q_auto/league/qcauc37wqjdaxdbq1evu",7,ARI,95,165,1018,5,6,24,173,7,1,0,0,51,-16.0092184232073,0,0.0,0.0375445439826947,29,164,1,3,1,8,-7.6724094748497,0,0,0,0,0,0,0,0,0,0,,0,,,,,0,67.12,67.12
2003,REG,00-0021209,,Lamar Gordon,RB,RB,,9,LA,0,0,0,0,0,0,0,0,0,0,0,0,,0,,,71,298,1,1,0,21,-0.52834491583053,0,8,8,59,0,0,0,0,0,2,2.31228022172581,0,0.0,0.108108108108108,,,0,41.7,49.7
2003,REG,00-0021212,,Cliff Russell,WR,WR,,1,WAS,0,0,0,0,0,0,0,0,0,0,0,0,,0,,,0,0,0,0,0,0,,0,2,2,10,0,0,0,0,0,0,-0.905309620546177,0,0.0,0.0909090909090909,,,0,1.0,3.0
2003,REG,00-0021213,,Chris Baker,TE,TE,,10,NYJ,0,0,0,0,0,0,0,0,0,0,0,0,,0,,,0,0,0,0,0,0,,0,14,14,137,0,0,0,0,0,8,12.0908816185256,0,0.0,0.0696517412935323,,,0,13.7,27.7
2003,REG,00-0021216,,Brian Westbrook,RB,RB,,15,PHI,0,0,0,0,0,0,0,0,0,0,0,0,,0,,,116,605,7,0,0,27,15.7062804728704,0,38,38,340,4,0,0,0,0,17,24.0434262819889,0,0.0,0.177570093457944,,,2,172.5,210.5
2003,REG,00-0021219,,Chris Hope,DB,DB,,1,PIT,0,0,0,0,0,0,0,0,0,0,0,0,,0,,,0,0,0,0,0,0,,0,1,1,81,1,0,0,0,0,1,8.92813385510817,0,0.0,0.0666666666666667,,,0,14.1,15.1
2003,REG,00-0021223,,Jonathan Wells,RB,RB,,3,HOU,0,0,0,0,0,0,0,0,0,0,0,0,,0,,,5,14,0,0,0,1,-3.26637773661059,0,2,2,17,0,0,0,0,0,1,0.953771247877739,0,0.0,0.0571428571428571,,,0,3.1,5.1
2003,REG,00-0021227,,Justin Peelle,TE,TE,,7,LAC,0,0,0,0,0,0,0,0,0,0,0,0,,0,,,0,0,0,0,0,0,,0,16,16,133,1,0,0,0,0,6,9.42216192558408,0,0.0,0.103225806451613,,,0,19.3,35.3
2003,REG,00-0021231,,David Garrard,QB,QB,,1,JAX,9,12,86,1,0,0,0,0,0,0,0,5,6.55294881481677,0,0.0,0.228948856675406,0,0,0,0,0,0,,0,0,0,0,0,0,0,0,0,0,,0,,,,,0,7.44,7.44
2003,REG,00-0021236,,Randy McMichael,TE,TE,,15,MIA,0,0,0,0,0,0,0,0,0,0,0,0,,0,,,0,0,0,0,0,0,,0,49,49,598,2,0,0,0,0,29,44.2014377521094,0,0.0,0.2,,,0,71.8,120.8
2003,REG,00-0021238,,Rohan Davey,QB,QB,,1,NE,3,6,31,0,0,0,0,0,0,0,0,2,-0.545943465956952,0,0.0,0.164800396527986,0,0,0,0,0,0,,0,0,0,0,0,0,0,0,0,0,,0,,,,,0,1.24,1.24
2003,REG,00-0021241,,Darnell Sanders,TE,TE,,8,CLE,0,0,0,0,0,0,0,0,0,0,0,0,,0,,,0,0,0,0,0,0,,0,15,15,95,1,1,1,0,0,1,1.45164299459429,0,0.0,0.104166666666667,,,0,13.5,28.5
2003,REG,00-0021242,,Ron Johnson,WR,WR,,1,BAL,0,0,0,0,0,0,0,0,0,0,0,0,,0,,,0,0,0,0,0,0,,0,1,1,12,0,0,0,0,0,1,2.29828057065606,0,0.0,0.0454545454545455,,,0,1.2,2.2
2003,REG,00-0021252,,Najeh Davenport,RB,RB,,14,GB,0,0,0,0,0,0,0,0,0,0,0,0,,0,,,77,420,2,4,1,18,1.39255718482309,0,6,6,38,0,0,0,0,0,2,1.06815186364111,0,0.0,0.0535714285714286,,,0,55.8,61.8
2003,REG,00-0021268,,Terry Jones,TE,TE,,12,BAL,0,0,0,0,0,0,0,0,0,0,0,0,,0,,,0,0,0,0,0,0,,0,19,19,159,3,0,0,0,0,10,14.0437648557711,0,0.0,0.11875,,,0,33.9,52.9
2003,REG,00-0021271,,Kurt Kittner,QB,QB,,6,ATL,44,114,391,2,6,5,30,0,0,0,0,23,-54.8910128831012,0,0.0,0.0325533664991383,8,13,0,0,0,2,0.926993570639752,0,0,0,0,0,0,0,0,0,0,,0,,,,,0,12.94,12.94
2003,REG,00-0021273,,Robert Royal,TE,TE,,3,WAS,0,0,0,0,0,0,0,0,0,0,0,0,,0,,,0,0,0,0,0,0,,0,5,5,48,0,1,0,0,0,3,4.80301527207485,0,0.0,0.0746268656716418,,,0,4.8,9.8
2003,REG,00-0021279,,Verron Haynes,FB,RB,,8,PIT,0,0,0,0,0,0,0,0,0,0,0,0,,0,,,20,63,0,1,1,3,-9.86184069523006,0,7,7,57,0,1,1,0,0,2,-2.52469053602545,0,0.0,0.07,,,0,8.0,15.0
2003,REG,00-0021287,,Keith Heinrich,TE,TE,,4,CLE,0,0,0,0,0,0,0,0,0,0,0,0,,0,,,0,0,0,0,0,0,,0,8,8,64,2,0,0,0,0,5,7.97637611371255,0,0.0,0.114285714285714,,,0,18.4,26.4
2003,REG,00-0021306,,Adrian Peterson,RB,RB,,3,CHI,0,0,0,0,0,0,0,0,0,0,0,0,,0,,,22,70,0,0,0,3,-2.78894479200244,0,1,1,5,0,0,0,0,0,0,0.0414838574361056,0,0.0,0.0526315789473684,,,0,7.5,8.5
2003,REG,00-0021309,,Lee Mays,WR,WR,,2,PIT,0,0,0,0,0,0,0,0,0,0,0,0,,0,,,0,0,0,0,0,0,,0,2,2,17,0,0,0,0,0,1,1.4813686599955,0,0.0,0.0425531914893617,,,0,1.7,3.7
2003,REG,00-0021314,,Chester Taylor,RB,RB,,16,BAL,0,0,0,0,0,0,0,0,0,0,0,0,,0,,,63,276,2,1,1,12,-5.96399951759488,0,20,20,132,0,0,0,0,0,7,6.19043891061931,0,0.0,0.142857142857143,,,0,50.8,70.8
2003,REG,00-0021337,,Ronald Curry,WR,WR,,3,LV,0,0,0,0,0,0,0,0,0,0,0,0,,0,,,1,0,0,1,0,0,-1.56469237525016,0,5,5,31,0,0,0,0,0,1,2.43803501536604,0,0.0,0.0909090909090909,,,0,3.1,8.1
2003,REG,00-0021345,,Chris Massey,LS,SPEC,,1,LA,0,0,0,0,0,0,0,0,0,0,0,0,,0,,,1,-1,0,0,0,0,0.38623433560133,0,0,0,0,0,0,0,0,0,0,,0,,,,,0,-0.1,-0.1
2003,REG,00-0021353,,David Givens,WR,WR,,10,NE,0,1,0,0,1,0,0,0,0,0,0,0,-4.00646940269507,0,,,0,0,0,0,0,0,,0,34,34,510,6,0,0,0,0,24,54.3167256876477,0,0.0,0.177083333333333,,,0,85.0,119.0
2003,REG,00-0021357,,Rock Cartwright,RB,RB,,15,WAS,0,0,0,0,0,0,0,0,0,0,0,0,,0,,,107,411,4,1,1,36,2.23473647006904,0,18,18,176,0,0,0,0,0,5,8.95570589850364,0,0.0,0.103448275862069,,,0,80.7,98.7
2003,REG,00-0021371,,Darian Barnes,FB,RB,,1,TB,0,0,0,0,0,0,0,0,0,0,0,0,,0,,,0,0,0,0,0,0,,0,1,1,6,0,0,0,0,0,1,1.37477586406749,0,0.0,0.037037037037037,,,0,0.6,1.6
2003,REG,00-0021376,,T.J. Duckett,RB,RB,,16,ATL,0,1,0,0,0,0,0,0,0,0,0,0,-0.514727006666362,0,,,197,779,11,3,2,39,-10.3299339675868,0,11,11,94,0,0,0,0,0,2,2.77970819367329,0,0.0,0.0827067669172932,,,0,149.3,160.3
2003,REG,00-0021377,,Ed Reed,FS,DB,,2,BAL,0,0,0,0,0,0,0,0,0,0,0,0,,0,,,0,0,0,0,0,0,,0,0,0,0,0,0,0,0,0,0,,0,,,,,2,12.0,12.0
2003,REG,00-0021379,,Patrick Ramsey,QB,QB,,11,WAS,180,338,2169,14,9,30,206,5,4,0,0,99,-25.3875960657194,2,0.0,0.0324079666075217,15,62,1,2,1,3,-5.15420634897681,0,0,0,0,0,0,0,0,0,0,,0,,,,,0,130.96,130.96
2003,REG,00-0021387,,Jamar Martin,RB,RB,,4,DAL,0,0,0,0,0,0,0,0,0,0,0,0,,0,,,4,7,0,0,0,2,-0.149094692082144,0,2,2,9,0,0,0,0,0,1,0.268140946049243,0,0.0,0.0454545454545455,,,0,1.6,3.6
2003,REG,00-0021403,,Chad Mustard,TE,TE,,2,CLE,0,0,0,0,0,0,0,0,0,0,0,0,,0,,,0,0,0,0,0,0,,0,4,4,29,0,0,0,0,0,2,2.27234327647602,0,0.0,0.0740740740740741,,,0,2.9,6.9
2003,REG,00-0021406,,Derick Armstrong,WR,WR,,5,HOU,0,0,0,0,0,0,0,0,0,0,0,0,,0,,,0,0,0,0,0,0,,0,7,7,75,1,0,0,0,0,4,7.5917835488217,0,0.0,0.0921052631578947,,,0,13.5,20.5
2003,REG,00-0021425,,Antonio Brown,WR,WR,,1,BUF,0,0,0,0,0,0,0,0,0,0,0,0,,0,,,1,17,0,0,0,1,2.00194691121578,0,0,0,0,0,0,0,0,0,0,,0,,,,,0,1.7,1.7
2003,REG,00-0021437,,Terrence Edwards,WR,WR,,1,ATL,0,0,0,0,0,0,0,0,0,0,0,0,,0,,,0,0,0,0,0,0,,0,1,1,10,0,0,0,0,0,1,1.10190124833025,0,0.0,0.05,,,0,1.0,2.0
2003,REG,00-0021460,,Cortez Hankton,WR,WR,,10,JAX,0,0,0,0,0,0,0,0,0,0,0,0,,0,,,0,0,0,0,0,0,,0,17,17,166,0,0,0,0,0,8,5.51147661227297,0,0.0,0.0890052356020942,,,0,16.6,33.6
2003,REG,00-0021508,,Greg Lewis,WR,WR,,6,PHI,0,0,0,0,0,0,0,0,0,0,0,0,,0,,,0,0,0,0,0,0,,0,6,6,95,0,0,0,0,0,5,10.339174205641,0,0.0,0.05,,,0,9.5,15.5
2003,REG,00-0021509,,Reno Mahe,RB,RB,,1,PHI,0,0,0,0,0,0,0,0,0,0,0,0,,0,,,0,0,0,0,0,0,,0,1,1,5,0,0,0,0,0,0,-0.0963421080959961,0,0.0,0.0666666666666667,,,0,0.5,1.5
2003,REG,00-0021525,,Casey Fitzsimmons,TE,TE,,10,DET,0,0,0,0,0,0,0,0,0,0,0,0,,0,,,0,0,0,0,0,0,,0,23,23,160,2,0,0,0,0,10,14.3109130007215,0,0.0,0.100877192982456,,,0,28.0,51.0
2003,REG,00-0021528,,Avon Cobourne,RB,RB,,5,DET,0,0,0,0,0,0,0,0,0,0,0,0,,0,,,10,27,0,0,0,1,-6.54514088042197,0,4,4,30,0,0,0,0,0,0,-0.257009307621047,0,0.0,0.0597014925373134,,,0,5.7,9.7
2003,REG,00-0021547,A.Gates,Antonio Gates,TE,TE,"https://static.www.nfl.com/image/private/f_auto,q_auto/league/kndulvysinvn4tpvt0bc",9,LAC,0,0,0,0,0,0,0,0,0,0,0,0,,0,,,0,0,0,0,0,0,,0,24,24,389,2,1,1,0,0,19,30.3852429236576,0,0.0,0.134078212290503,,,0,48.9,72.9
2003,REG,00-0021570,,Kassim Osgood,WR,WR,,7,LAC,0,0,0,0,0,0,0,0,0,0,0,0,,0,,,0,0,0,0,0,0,,0,13,13,278,2,0,0,0,0,11,26.4067666433111,0,0.0,0.0921985815602837,,,0,39.8,52.8
2003,REG,00-0021581,,Sultan McCullough,RB,RB,,1,WAS,0,0,0,0,0,0,0,0,0,0,0,0,,0,,,1,9,0,0,0,0,-0.241615297971293,0,3,3,13,0,0,0,0,0,0,-1.32481035974342,0,0.0,0.166666666666667,,,0,2.2,5.2
2003,REG,00-0021586,,Kevin Ware,TE,TE,,2,WAS,0,0,0,0,0,0,0,0,0,0,0,0,,0,,,0,0,0,0,0,0,,0,3,3,17,0,0,0,0,0,0,0.552360071102157,0,0.0,0.0789473684210526,,,0,1.7,4.7
2003,REG,00-0021747,,Kerry Carter,RB,RB,,1,SEA,0,0,0,0,0,0,0,0,0,0,0,0,,0,,,3,-2,0,0,0,0,-1.16019812785089,0,0,0,0,0,0,0,0,0,0,,0,,,,,0,-0.2,-0.2
2003,REG,00-0021750,,Arlen Harris,RB,RB,,8,LA,0,0,0,0,0,0,0,0,0,0,0,0,,0,,,85,255,4,1,0,16,-8.64232889375617,0,15,15,102,0,0,0,0,0,5,-0.195051319606137,0,0.0,0.0810810810810811,,,0,59.7,74.7
2003,REG,00-0021756,,Will Heller,TE,TE,,2,TB,0,0,0,0,0,0,0,0,0,0,0,0,,0,,,0,0,0,0,0,0,,0,2,2,15,1,0,0,0,0,2,3.3724590636557,0,0.0,0.0425531914893617,,,0,7.5,9.5
2003,REG,00-0021780,,Aaron Moorehead,WR,WR,,2,IND,0,0,0,0,0,0,0,0,0,0,0,0,,0,,,0,0,0,0,0,0,,0,7,7,101,0,1,0,0,0,4,9.24818664189661,0,0.0,0.132075471698113,,,0,10.1,17.1
2003,REG,00-0021845,,Cecil Sapp,RB,RB,,1,DEN,0,0,0,0,0,0,0,0,0,0,0,0,,0,,,12,31,0,0,0,1,-4.55990754801314,0,0,0,0,0,0,0,0,0,0,,0,,,,,0,3.1,3.1
2003,REG,00-0021915,,Sam Aiken,WR,WR,,3,BUF,0,0,0,0,0,0,0,0,0,0,0,0,,0,,,0,0,0,0,0,0,,0,3,3,35,0,0,0,0,0,2,2.02954077807954,0,0.0,0.0535714285714286,,,0,3.5,6.5
2003,REG,00-0021918,,Carson Dach,C,OL,,1,NYG,0,0,0,0,0,0,0,0,0,0,0,0,,0,,,1,0,0,1,0,0,-0.854766307398677,0,0,0,0,0,0,0,0,0,0,,0,,,,,0,0.0,0.0
2003,REG,00-0021921,,Adrian Madise,WR,WR,,3,DEN,0,0,0,0,0,0,0,0,0,0,0,0,,0,,,1,10,0,0,0,1,-0.717586593469605,0,2,2,10,0,0,0,0,0,0,-0.785297270163912,0,0.0,0.0588235294117647,,,0,2.0,4.0
2003,REG,00-0021923,,Willie Ponder,WR,WR,,4,NYG,0,0,0,0,0,0,0,0,0,0,0,0,,0,,,0,0,0,0,0,0,,0,7,7,35,0,0,0,0,0,1,-0.698216950055212,0,0.0,0.0921052631578947,,,0,3.5,10.5
2003,REG,00-0021927,,David Tyree,WR,WR,,6,NYG,0,0,0,0,0,0,0,0,0,0,0,0,,0,,,1,-9,0,0,0,0,-3.29048623377457,0,16,16,211,0,0,0,0,0,8,16.7378303420264,0,0.0,0.150943396226415,,,0,20.2,36.2
2003,REG,00-0021929,,Donald Lee,TE,TE,,4,MIA,0,0,0,0,0,0,0,0,0,0,0,0,,0,,,0,0,0,0,0,0,,0,7,7,110,1,0,0,0,0,5,9.1688721118262,0,0.0,0.0933333333333333,,,0,17.0,24.0
2003,REG,00-0021931,,Kevin Walter,WR,WR,,3,CIN,0,0,0,0,0,0,0,0,0,0,0,0,,0,,,0,0,0,0,0,0,,0,3,3,18,0,0,0,0,0,1,-0.780304285988677,0,0.0,0.0517241379310345,,,0,1.8,4.8
2003,REG,00-0021938,,Brock Forsey,RB,RB,,4,CHI,0,0,0,0,0,0,0,0,0,0,0,0,,0,,,50,191,2,0,0,12,1.53235284431139,0,3,3,37,0,0,0,0,0,3,3.52115263487212,0,0.0,0.0714285714285714,,,0,34.8,37.8
2003,REG,00-0021955,,Dan Klecko,RB,RB,,2,NE,0,0,0,0,0,0,0,0,0,0,0,0,,0,,,2,5,0,0,0,1,-0.615541464299895,0,0,0,0,0,0,0,0,0,0,,0,,,,,0,0.5,0.5
2003,REG,00-0021969,,Brad Pyatt,WR,WR,,1,IND,0,0,0,0,0,0,0,0,0,0,0,0,,0,,,0,0,0,0,0,0,,0,1,1,2,0,0,0,0,0,0,-0.405565285123885,0,0.0,0.0454545454545455,,,0,0.2,1.2
2003,REG,00-0021973,,David Kircus,WR,WR,,3,DET,0,0,0,0,0,0,0,0,0,0,0,0,,0,,,0,0,0,0,0,0,,0,3,3,53,0,0,0,0,0,3,4.96765178604983,0,0.0,0.0508474576271187,,,0,5.3,8.3
2003,REG,00-0021976,,Larry Johnson,RB,RB,,5,KC,0,0,0,0,0,0,0,0,0,0,0,0,,0,,,20,85,1,0,0,5,0.323619136644993,0,1,1,2,0,0,0,0,0,0,-0.524906965438277,0,0.0,0.04,,,0,14.7,15.7
2003,REG,00-0021979,,Domanick Williams,RB,RB,,14,HOU,0,0,0,0,0,0,0,0,0,0,0,0,,0,,,238,1031,8,2,2,47,-17.5349820995847,0,47,47,351,0,2,1,0,0,15,7.82983402893064,0,0.0,0.239795918367347,,,0,180.2,227.2
2003,REG,00-0021980,,George Wrighster,TE,TE,,8,JAX,0,0,0,0,0,0,0,0,0,0,0,0,,0,,,0,0,0,0,0,0,,0,13,13,150,2,0,0,0,0,9,14.3149596829899,0,0.0,0.0928571428571429,,,0,27.0,40.0
2003,REG,00-0021981,,Shaun McDonald,WR,WR,,4,LA,0,0,0,0,0,0,0,0,0,0,0,0,,0,,,2,7,0,0,0,1,0.400049136369489,0,10,10,62,0,1,0,0,0,4,2.28491281805327,0,0.0,0.0970873786407767,,,0,6.9,16.9
2003,REG,00-0021982,,Justin Gage,WR,WR,,8,CHI,0,0,0,0,0,0,0,0,0,0,0,0,,0,,,0,0,0,0,0,0,,0,17,17,338,2,1,1,0,0,14,27.7116904906151,0,0.0,0.115646258503401,,,0,43.8,60.8
2003,REG,00-0021993,,Bethel Johnson,WR,WR,,8,NE,0,0,0,0,0,0,0,0,0,0,0,0,,0,,,1,-12,0,0,0,0,-1.53167156991549,0,16,16,209,2,0,0,0,0,12,14.3868098527018,0,0.0,0.0963855421686747,,,1,37.7,53.7
2003,REG,00-0021999,,Nate Burleson,WR,WR,,13,MIN,0,0,0,0,0,0,0,0,0,0,0,0,,0,,,0,0,0,0,0,0,,0,29,29,455,2,1,1,0,0,17,33.9935311681475,0,0.0,0.10431654676259,,,0,55.5,84.5
2003,REG,00-0022001,,Kevin Curtis,WR,WR,,1,LA,0,0,0,0,0,0,0,0,0,0,0,0,,0,,,0,0,0,0,0,0,,0,4,4,13,0,0,0,0,0,1,-2.04258775094058,0,0.0,0.153846153846154,,,0,1.3,5.3
2003,REG,00-0022003,,B.J. Askew,FB,RB,,1,NYJ,0,0,0,0,0,0,0,0,0,0,0,0,,0,,,2,9,0,0,0,1,0.995845448691398,0,0,0,0,0,0,0,0,0,0,,0,,,,,0,0.9,0.9
2003,REG,00-0022006,,Artose Pinner,RB,RB,,3,DET,0,0,0,0,0,0,0,0,0,0,0,0,,0,,,39,99,0,0,0,3,-10.9251231047092,0,5,5,40,0,0,0,0,0,2,1.45187156018801,0,0.0,0.0943396226415094,,,0,13.9,18.9
2003,REG,00-0022011,,Justin Griffith,RB,RB,,14,ATL,0,0,0,0,0,0,0,0,0,0,0,0,,0,,,38,168,0,0,0,12,2.44359884603182,0,21,21,122,2,0,0,0,0,6,7.02815679756516,0,0.0,0.145833333333333,,,0,41.0,62.0
2003,REG,00-0022024,,Zuriel Smith,WR,WR,,2,DAL,0,0,0,0,0,0,0,0,0,0,0,0,,0,,,0,0,0,0,0,0,,0,3,3,46,0,0,0,0,0,1,1.08969428273849,0,0.0,0.0857142857142857,,,0,4.6,7.6
2003,REG,00-0022032,,Keenan Howry,WR,WR,,1,MIN,0,0,0,0,0,0,0,0,0,0,0,0,,0,,,0,0,0,0,0,0,,0,2,2,15,0,0,0,0,0,1,0.57891783292871,0,0.0,0.111111111111111,,,0,1.5,3.5
2003,REG,00-0022036,,Spencer Nead,TE,TE,,1,LA,0,0,0,0,0,0,0,0,0,0,0,0,,0,,,0,0,0,0,0,0,,0,1,1,6,0,0,0,0,0,0,-0.226796785369515,0,0.0,0.0384615384615385,,,0,0.6,1.6
2003,REG,00-0022044,,Andre Johnson,WR,WR,,16,HOU,0,0,0,0,0,0,0,0,0,0,0,0,,0,,,5,-10,0,0,0,1,-1.76264619076392,0,66,66,976,4,0,0,0,0,45,87.6174415946007,0,0.0,0.266129032258065,,,0,120.6,186.6
2003,REG,00-0022051,,Teyo Johnson,TE,TE,,9,LV,0,0,0,0,0,0,0,0,0,0,0,0,,0,,,0,0,0,0,0,0,,0,14,14,128,1,0,0,0,0,6,8.71872675546911,0,0.0,0.0875,,,0,18.8,32.8
2003,REG,00-0022054,,Visanthe Shiancoe,TE,TE,,5,NYG,0,0,0,0,0,0,0,0,0,0,0,0,,0,,,0,0,0,0,0,0,,0,10,10,56,2,0,0,0,0,4,4.78261604026193,0,0.0,0.0884955752212389,,,0,17.6,27.6
2003,REG,00-0022057,,LaBrandon Toefield,RB,RB,,15,JAX,1,2,32,0,0,0,0,0,0,0,0,1,1.75255829008529,0,0.0,,53,212,2,0,0,10,-0.293470628772489,0,14,14,105,1,0,0,0,0,6,7.15621945948806,0,0.0,0.0790960451977401,,,0,50.98,64.98
2003,REG,00-0022060,,Aaron Walker,TE,TE,,8,SF,0,0,0,0,0,0,0,0,0,0,0,0,,0,,,0,0,0,0,0,0,,0,8,8,116,1,0,0,0,0,7,11.44072071556,0,0.0,0.0506329113924051,,,0,17.6,25.6
2003,REG,00-0022064,,Arnaz Battle,WR,WR,,2,SF,0,0,0,0,0,0,0,0,0,0,0,0,,0,,,2,14,0,0,0,0,0.921365770860575,0,0,0,0,0,0,0,0,0,0,,0,,,,,0,1.4,1.4
2003,REG,00-0022072,,Charles Rogers,WR,WR,,5,DET,0,0,0,0,0,0,0,0,0,0,0,0,,0,,,2,17,0,0,0,1,0.760815082350746,0,22,22,243,3,0,0,0,0,13,23.8772466790558,0,0.0,0.215686274509804,,,0,44.0,66.0
2003,REG,00-0022084,,Anquan Boldin,WR,WR,"https://static.www.nfl.com/image/private/f_auto,q_auto/league/ajabgwxbliupgkwjbnut",16,ARI,0,1,0,0,1,0,0,0,0,0,0,0,-3.18117116764188,0,,,5,40,0,0,0,2,1.30136599589605,0,101,101,1377,8,2,2,0,0,62,121.219924249598,0,0.0,0.333333333333333,,,0,183.7,284.7
2003,REG,00-0022087,,Tyrone Calico,WR,WR,,8,TEN,0,0,0,0,0,0,0,0,0,0,0,0,,0,,,1,5,0,0,0,0,0.0723838533740491,0,18,18,297,4,0,0,0,0,15,34.1248041906802,1,0.0,0.116883116883117,,,0,56.2,74.2
2003,REG,00-0022091,,Dave Ragone,QB,QB,,2,HOU,20,40,135,0,1,8,39,2,0,0,0,7,-21.4072032366149,0,0.0,0.0335693424472796,6,51,0,2,1,2,1.31049466441618,0,1,1,-5,0,0,0,0,0,0,-0.120213010406587,0,0.0,0.0909090909090909,,,0,6.0,7.0
2003,REG,00-0022092,,Chris Brown,RB,RB,,11,TEN,0,0,0,0,0,0,0,0,0,0,0,0,,0,,,56,221,0,1,0,9,-11.0620402790955,0,8,8,61,0,0,0,0,0,5,2.66543203342007,0,0.0,0.0720720720720721,,,0,28.2,36.2
2003,REG,00-0022093,,Justin Fargas,RB,RB,,9,LV,0,0,0,0,0,0,0,0,0,0,0,0,,0,,,40,203,0,1,1,10,-5.23781740901177,0,2,2,2,0,0,0,0,0,0,-1.11672099749558,0,0.0,0.04,,,0,18.5,20.5
2003,REG,00-0022095,,Quentin Griffin,RB,RB,,9,DEN,0,0,0,0,0,0,0,0,0,0,0,0,,0,,,94,345,0,3,1,14,-6.16115196827008,0,8,8,61,0,0,0,0,0,4,3.97858433134388,0,0.0,0.0898876404494382,,,0,38.6,46.6
2003,REG,00-0022097,,Brandon Lloyd,WR,WR,,8,SF,0,0,0,0,0,0,0,0,0,0,0,0,,0,,,0,0,0,0,0,0,,0,14,14,212,2,0,0,0,0,9,20.0081959107206,1,0.0,0.0903225806451613,,,0,35.2,49.2
2003,REG,00-0022102,,Doug Gabriel,WR,WR,,2,LV,0,0,0,0,0,0,0,0,0,0,0,0,,0,,,0,0,0,0,0,0,,0,1,1,17,0,0,0,0,0,1,1.44336122757522,0,0.0,0.0588235294117647,,,1,7.7,8.7
2003,REG,00-0022105,,Eddie Johnson,P,SPEC,,2,MIN,0,0,0,0,0,0,0,0,0,0,0,0,,0,,,2,15,0,2,0,1,0.916583110112697,0,0,0,0,0,0,0,0,0,0,,0,,,,,0,1.5,1.5
2003,REG,00-0022111,,Talman Gardner,WR,WR,,2,NO,0,0,0,0,0,0,0,0,0,0,0,0,,0,,,0,0,0,0,0,0,,0,3,3,29,0,0,0,0,0,2,1.2191525780363,0,0.0,0.0666666666666667,,,0,2.9,5.9
2003,REG,00-0022112,,Gibran Hamdan,QB,QB,,1,WAS,1,2,7,0,0,1,2,0,0,0,0,0,-0.179251214605756,0,0.0,,0,0,0,0,0,0,,0,0,0,0,0,0,0,0,0,0,,0,,,,,0,0.28,0.28
2003,REG,00-0022116,,Tony Hollings,RB,RB,,9,HOU,0,0,0,0,0,0,0,0,0,0,0,0,,0,,,38,102,0,1,1,4,-12.9660343722499,0,2,2,25,0,1,1,0,0,1,-1.30960037844488,0,0.0,0.0555555555555556,,,0,8.7,10.7
2003,REG,00-0022121,,Rex Grossman,QB,QB,,3,CHI,38,72,437,2,1,4,41,1,0,0,0,23,-5.56740937883655,0,0.0,0.0277887663172338,3,-1,0,2,0,0,-2.3863288735738,0,0,0,0,0,0,0,0,0,0,,0,,,,,0,23.38,23.38
2003,REG,00-0022124,,Taylor Jacobs,WR,WR,,3,WAS,0,0,0,0,0,0,0,0,0,0,0,0,,0,,,0,0,0,0,0,0,,0,3,3,37,1,0,0,0,0,1,3.01024395199784,0,0.0,0.0461538461538462,,,0,9.7,12.7
2003,REG,00-0022126,,L.J. Smith,TE,TE,,12,PHI,0,0,0,0,0,0,0,0,0,0,0,0,,0,,,0,0,0,0,0,0,,0,27,27,320,1,1,0,0,0,15,26.7734625184676,0,0.0,0.129186602870813,,,0,38.0,65.0
2003,REG,00-0022127,J.Witten,Jason Witten,TE,TE,"https://static.www.nfl.com/image/private/f_auto,q_auto/league/r7uafhtwuexuaty0nhsc",11,DAL,0,0,0,0,0,0,0,0,0,0,0,0,,0,,,0,0,0,0,0,0,,0,35,35,347,1,0,0,0,0,18,29.0130006887484,0,0.0,0.157657657657658,,,0,40.7,75.7
2003,REG,00-0022129,,Mike Seidman,TE,TE,,4,CAR,0,0,0,0,0,0,0,0,0,0,0,0,,0,,,0,0,0,0,0,0,,0,5,5,35,0,0,0,0,0,2,1.18626029358711,0,0.0,0.0684931506849315,,,0,3.5,8.5
2003,REG,00-0022130,,Musa Smith,RB,RB,,2,BAL,0,0,0,0,0,0,0,0,0,0,0,0,,0,,,9,31,2,1,0,2,5.07777323262417,0,0,0,0,0,0,0,0,0,0,,0,,,,,0,15.1,15.1
2003,REG,00-0022135,,Billy McMullen,WR,WR,,1,PHI,0,0,0,0,0,0,0,0,0,0,0,0,,0,,,0,0,0,0,0,0,,0,1,1,2,0,0,0,0,0,0,-0.445285700727254,0,0.0,0.0625,,,0,0.2,1.2
2003,REG,00-0022138,,Onterrio Smith,RB,RB,,10,MIN,0,0,0,0,0,0,0,0,0,0,0,0,,0,,,107,579,5,1,0,28,11.6684486869761,0,15,15,129,0,0,0,0,0,8,6.98869957239367,1,0.0,0.103448275862069,,,0,102.8,117.8
2003,REG,00-0022141,,Jeremi Johnson,FB,RB,,14,CIN,0,0,0,0,0,0,0,0,0,0,0,0,,0,,,15,41,1,0,0,5,-0.701318019605952,0,15,15,82,1,0,0,0,0,4,3.56841431651264,0,0.0,0.072463768115942,,,0,24.3,39.3
2003,REG,00-0022144,,Bobby Wade,WR,WR,,8,CHI,0,0,0,0,0,0,0,0,0,0,0,0,,0,,,5,14,0,0,0,2,1.52960283309221,0,12,12,137,0,0,0,0,0,8,9.79116787860403,0,0.0,0.101694915254237,,,0,15.1,27.1
2003,REG,00-0022156,,Bryant Johnson,WR,WR,,13,ARI,0,0,0,0,0,0,0,0,0,0,0,0,,0,,,0,0,0,0,0,0,,0,35,35,438,1,1,1,0,0,20,27.8496304834061,0,0.0,0.14,,,0,47.8,82.8
2003,REG,00-0022157,,Jeff Faine,C,OL,,1,CLE,0,0,0,0,0,0,0,0,0,0,0,0,,0,,,1,0,0,1,0,0,-1.37944944947958,0,0,0,0,0,0,0,0,0,0,,0,,,,,0,0.0,0.0
2003,REG,00-0022164,,Kyle Boller,QB,QB,,10,BAL,116,224,1260,7,9,17,92,5,3,0,0,62,-40.0914224937238,4,0.0,0.0242949306964207,30,52,0,4,2,5,-16.208637233037,0,0,0,0,0,0,0,0,0,0,,0,,,,,0,63.6,63.6
2003,REG,00-0022165,,Dallas Clark,TE,TE,,10,IND,0,0,0,0,0,0,0,0,0,0,0,0,,0,,,0,0,0,0,0,0,,0,29,29,340,1,0,0,0,0,16,20.1681050724139,0,0.0,0.116,,,0,40.0,69.0
2003,REG,00-0022171,,Kelley Washington,WR,WR,,10,CIN,0,0,0,0,0,0,0,0,0,0,0,0,,0,,,1,5,0,0,0,0,0.167582123773173,0,22,22,299,4,0,0,0,0,16,36.584286246507,0,0.0,0.103286384976526,,,0,54.4,76.4
2003,REG,00-0022174,,Erik Bickerstaff,RB,RB,,4,DAL,0,0,0,0,0,0,0,0,0,0,0,0,,0,,,19,56,1,0,0,3,-2.97221110918326,0,0,0,0,0,0,0,0,0,0,,0,,,,,0,11.6,11.6
2003,REG,00-0022177,,Byron Leftwich,QB,QB,,15,JAX,239,419,2819,14,17,18,86,8,3,0,0,135,-15.0655982844814,0,0.0,0.0522129827866263,25,108,2,2,2,10,-5.33337206632995,0,0,0,0,0,0,0,0,0,0,,0,,,,,0,147.56,147.56
2003,REG,00-0022180,,Lee Suggs,RB,RB,,4,CLE,0,0,0,0,0,0,0,0,0,0,0,0,,0,,,56,289,2,2,1,13,3.58182263024022,0,2,2,0,0,0,0,0,0,0,-0.903571534028742,0,,0.117647058823529,,,0,38.9,40.9
2003,POST,00-0000339,,Richie Anderson,FB,RB,,1,DAL,0,0,0,0,0,0,0,0,0,0,0,0,,0,,,6,18,0,1,1,1,-4.97174328914844,0,7,7,20,0,0,0,0,0,1,-0.841279230138753,0,0.0,0.333333333333333,,,0,1.8,8.8
2003,POST,00-0002068,,Troy Brown,WR,WR,,3,NE,0,0,0,0,0,0,0,0,0,0,0,0,,0,,,1,-10,0,0,0,0,-3.41560125385877,0,17,17,175,0,0,0,0,0,12,17.6853436294477,0,0.0,0.226666666666667,,,0,16.5,33.5
2003,POST,00-0002099,,Isaac Bruce,WR,WR,,1,LA,0,0,0,0,0,0,0,0,0,0,0,0,,0,,,0,0,0,0,0,0,,0,7,7,116,0,0,0,0,0,6,7.1036743845325,0,0.0,0.259259259259259,,,0,11.6,18.6
2003,POST,00-0002709,,Dwayne Carswell,G,OL,,1,DEN,0,0,0,0,0,0,0,0,0,0,0,0,,0,,,0,0,0,0,0,0,,0,2,2,12,0,0,0,0,0,2,1.44773517560679,0,0.0,0.0869565217391304,,,0,1.2,3.2
2003,POST,00-0002846,,Larry Centers,FB,RB,,2,NE,0,0,0,0,0,0,0,0,0,0,0,0,,0,,,2,0,0,0,0,0,-2.81346655881498,0,2,2,32,0,0,0,0,0,1,1.0202278138604,0,0.0,0.0465116279069768,,,0,3.2,5.2
2003,POST,00-0003103,,Cameron Cleeland,TE,TE,,1,LA,0,0,0,0,0,0,0,0,0,0,0,0,,0,,,0,0,0,0,0,0,,0,1,1,28,0,0,0,0,0,1,1.58555227878969,0,0.0,0.037037037037037,,,0,2.8,3.8
2003,POST,00-0004052,,Stephen Davis,RB,RB,,4,CAR,0,0,0,0,0,0,0,0,0,0,0,0,,0,,,64,315,1,0,0,11,-4.70151064197579,0,2,2,23,0,0,0,0,0,1,0.440134096425027,0,0.0,0.0740740740740741,,,0,39.8,41.8
2003,POST,00-0004161,,Jake Delhomme,QB,QB,,4,CAR,59,102,987,6,1,8,49,1,1,0,0,38,29.3464433986647,0,0.0,0.156570138146696,10,-1,0,1,0,3,0.574456686386839,0,0,0,0,0,0,0,0,0,0,,0,,,,,0,59.38,59.38
2003,POST,00-0004229,,Koy Detmer,QB,QB,,1,PHI,7,14,88,0,1,1,8,0,0,0,0,3,-3.48672283050837,0,0.0,0.0258927482062457,0,0,0,0,0,0,,0,0,0,0,0,0,0,0,0,0,,0,,,,,0,1.52,1.52
2003,POST,00-0004541,,Donald Driver,WR,WR,,2,GB,0,0,0,0,0,0,0,0,0,0,0,0,,0,,,0,0,0,0,0,0,,0,8,8,91,0,0,0,0,0,4,6.85740642494056,0,0.0,0.195121951219512,,,0,9.1,17.1
2003,POST,00-0004915,,Bobby Engram,WR,WR,,1,SEA,0,0,0,0,0,0,0,0,0,0,0,0,,0,,,0,0,0,0,0,0,,0,4,4,83,0,0,0,0,0,3,6.82646035990911,0,0.0,0.16,,,0,8.3,12.3
2003,POST,00-0005091,,Kevin Faulk,RB,RB,,3,NE,0,0,0,0,0,0,0,0,0,0,0,0,,0,,,14,72,0,0,0,3,-1.17129846115131,1,8,8,58,0,0,0,0,0,2,1.82409111678135,0,0.0,0.106666666666667,,,0,15.0,23.0
2003,POST,00-0005092,,Marshall Faulk,RB,RB,,1,LA,0,0,0,0,0,0,0,0,0,0,0,0,,0,,,19,53,1,0,0,3,-3.36735467981813,0,9,9,78,0,0,0,0,0,4,6.31191861903062,0,0.0,0.333333333333333,,,0,19.1,28.1
2003,POST,00-0005101,,Christian Fauria,TE,TE,,2,NE,0,0,0,0,0,0,0,0,0,0,0,0,,0,,,0,0,0,0,0,0,,0,4,4,50,0,0,0,0,0,4,5.61634543305263,0,0.0,0.0930232558139535,,,0,5.0,9.0
2003,POST,00-0005106,,Brett Favre,QB,QB,,2,GB,41,66,499,3,1,1,9,0,0,0,0,21,8.84579382674579,0,0.0,0.087002667158161,2,2,0,0,0,0,-0.921869820624124,0,0,0,0,0,0,0,0,0,0,,0,,,,,0,30.16,30.16
2003,POST,00-0005720,,Joey Galloway,WR,WR,,1,DAL,0,0,0,0,0,0,0,0,0,0,0,0,,0,,,0,0,0,0,0,0,,0,4,4,59,0,0,0,0,0,2,4.25255296379328,0,0.0,0.19047619047619,,,0,5.9,9.9
2003,POST,00-0005883,,Eddie George,RB,RB,,2,TEN,0,0,0,0,0,0,0,0,0,0,0,0,,0,,,41,136,0,0,0,4,-3.97971584717714,0,4,4,16,0,0,0,0,0,1,0.183065449469723,0,0.0,0.125,,,0,15.2,19.2
2003,POST,00-0006043,,Terry Glenn,WR,WR,,1,DAL,0,0,0,0,0,0,0,0,0,0,0,0,,0,,,0,0,0,0,0,0,,0,4,4,38,0,0,0,0,0,2,2.02546768879984,0,0.0,0.19047619047619,,,0,3.8,7.8
2003,POST,00-0006101,,Tony Gonzalez,TE,TE,,1,KC,0,0,0,0,0,0,0,0,0,0,0,0,,0,,,0,0,0,0,0,0,,0,4,4,55,0,0,0,0,0,2,3.16776700376067,0,0.0,0.222222222222222,,,0,5.5,9.5
2003,POST,00-0006305,,Ahman Green,RB,RB,,2,GB,0,0,0,0,0,0,0,0,0,0,0,0,,0,,,48,222,2,0,0,13,5.85075120873396,0,8,8,60,0,0,0,0,0,3,3.13576367712813,0,0.0,0.195121951219512,,,0,40.2,48.2
2003,POST,00-0006355,,Trent Green,QB,QB,,1,KC,18,30,212,1,0,0,0,0,0,0,0,13,15.5604324825167,0,0.0,0.217985416593047,3,18,0,0,0,1,2.88199622440152,0,0,0,0,0,0,0,0,0,0,,0,,,,,0,14.28,14.28
2003,POST,00-0007024,,Marvin Harrison,WR,WR,,3,IND,0,0,0,0,0,0,0,0,0,0,0,0,,0,,,0,0,0,0,0,0,,0,16,16,250,2,1,1,0,0,11,18.5878790059941,0,0.0,0.225352112676056,,,0,35.0,51.0
2003,POST,00-0007091,,Matt Hasselbeck,QB,QB,"https://static.www.nfl.com/image/private/f_auto,q_auto/league/t1nf9avoy2kauqwrvzza",1,SEA,25,45,305,0,1,2,14,1,0,0,0,16,2.38020140920641,0,0.0,0.102080622781596,0,0,0,0,0,0,,0,0,0,0,0,0,0,0,0,0,,0,,,,,0,10.2,10.2
2003,POST,00-0007254,,William Henderson,FB,RB,,2,GB,0,0,0,0,0,0,0,0,0,0,0,0,,0,,,0,0,0,0,0,0,,0,4,4,42,0,0,0,0,0,1,1.71517317433609,0,0.0,0.0975609756097561,,,0,4.2,8.2
2003,POST,00-0007661,,Priest Holmes,RB,RB,,1,KC,0,0,0,0,0,0,0,0,0,0,0,0,,0,,,24,176,2,1,1,9,4.25807665956604,0,5,5,32,0,0,0,0,0,2,0.67622713156743,0,0.0,0.277777777777778,,,0,30.8,35.8
2003,POST,00-0007681,,Torry Holt,WR,WR,,1,LA,0,0,0,0,0,0,0,0,0,0,0,0,,0,,,0,0,0,0,0,0,,0,2,2,21,0,0,0,0,0,1,2.30110747995786,0,0.0,0.0740740740740741,,,0,2.1,4.1
2003,POST,00-0007834,,Brock Huard,QB,QB,,1,IND,4,5,17,0,0,0,0,0,0,0,0,1,-2.32976660254644,0,0.0,0.0386990255546873,0,0,0,0,0,0,,0,0,0,0,0,0,0,0,0,0,,0,,,,,0,0.68,0.68
2003,POST,00-0008241,,Edgerrin James,RB,RB,,3,IND,0,0,0,0,0,0,0,0,0,0,0,0,,0,,,62,281,3,1,1,22,11.3694078739482,0,8,8,66,0,0,0,0,0,3,3.61037253082031,0,0.0,0.112676056338028,,,0,50.7,58.7
2003,POST,00-0009163,,Eddie Kennison,WR,WR,,1,KC,0,0,0,0,0,0,0,0,0,0,0,0,,0,,,0,0,0,0,0,0,,0,3,3,50,0,0,0,0,0,3,9.94922900202801,0,0.0,0.166666666666667,,,0,5.0,8.0
2003,POST,00-0009842,,Chad Lewis,TE,TE,,2,PHI,0,0,0,0,0,0,0,0,0,0,0,0,,0,,,0,0,0,0,0,0,,0,8,8,106,0,0,0,0,0,4,7.62979043117957,0,0.0,0.210526315789474,,,0,10.6,18.6
2003,POST,00-0010333,,Kris Mangum,TE,TE,,2,CAR,0,0,0,0,0,0,0,0,0,0,0,0,,0,,,0,0,0,0,0,0,,0,2,2,2,0,0,0,0,0,0,-1.04193037253572,0,0.0,0.0588235294117647,,,0,0.2,2.2
2003,POST,00-0010346,,Peyton Manning,QB,QB,"https://static.www.nfl.com/image/private/f_auto,q_auto/league/xpcd6auodk3w0vda6jal",3,IND,67,103,918,9,4,5,41,0,0,0,0,46,43.3005226943223,0,0.0,0.181682507023534,4,3,0,1,0,0,-1.31828062864952,0,0,0,0,0,0,0,0,0,0,,0,,,,,0,65.02,65.02
2003,POST,00-0010500,,Derrick Mason,WR,WR,,2,TEN,0,0,0,0,0,0,0,0,0,0,0,0,,0,,,0,0,0,0,0,0,,0,10,10,118,1,0,0,0,0,7,11.9377425765269,0,0.0,0.3125,,,0,17.8,27.8
2003,POST,00-0011022,,Donovan McNabb,QB,QB,,2,PHI,31,61,348,2,3,12,77,2,1,0,0,17,-21.1857929231322,0,0.0,0.0252029235164272,13,117,0,0,0,6,5.27801786224394,0,0,0,0,0,0,0,0,0,0,,0,,,,,0,25.62,25.62
2003,POST,00-0011024,,Steve McNair,QB,QB,,2,TEN,32,49,369,2,4,3,10,0,0,0,0,17,-5.40549615800784,0,0.0,0.0639869812543108,6,27,0,0,0,4,4.04308478004532,0,0,0,0,0,0,0,0,0,0,,0,,,,,0,17.46,17.46
2003,POST,00-0011224,,Itula Mili,TE,TE,,1,SEA,0,0,0,0,0,0,0,0,0,0,0,0,,0,,,0,0,0,0,0,0,,0,6,6,62,0,0,0,0,0,4,4.94306362443604,0,0.0,0.24,,,0,6.2,12.2
2003,POST,00-0011727,,Johnnie Morton,WR,WR,,1,KC,0,0,0,0,0,0,0,0,0,0,0,0,,0,,,1,5,0,0,0,0,0.0078804565127939,0,1,1,14,0,0,0,0,0,1,2.27565865573706,0,0.0,0.0555555555555556,,,0,1.9,2.9
2003,POST,00-0011795,,Muhsin Muhammad,WR,WR,,4,CAR,0,0,0,0,0,0,0,0,0,0,0,0,,0,,,3,14,0,0,0,0,-0.548617263382766,0,15,15,352,2,1,0,0,0,13,28.2307823485171,0,0.0,0.254237288135593,,,0,48.6,63.6
2003,POST,00-0013042,,Jake Plummer,QB,QB,,1,DEN,23,30,181,1,2,2,5,1,1,0,0,9,-6.05163940902954,0,0.0,0.0321898737085548,3,18,0,0,0,2,5.42654442973435,0,0,0,0,0,0,0,0,0,0,,0,,,,,0,7.04,7.04
2003,POST,00-0013080,,Marcus Pollard,TE,TE,,3,IND,0,0,0,0,0,0,0,0,0,0,0,0,,0,,,0,0,0,0,0,0,,0,10,10,156,1,1,0,0,0,9,13.9482044368051,0,0.0,0.140845070422535,,,0,21.6,31.6
2003,POST,00-0013268,,Ricky Proehl,WR,WR,,2,CAR,0,0,0,0,0,0,0,0,0,0,0,0,,0,,,0,0,0,0,0,0,,0,5,5,78,1,0,0,0,0,4,8.08627882925794,0,0.0,0.147058823529412,,,0,13.8,18.8
2003,POST,00-0013694,,Tony Richardson,FB,RB,,1,KC,0,0,0,0,0,0,0,0,0,0,0,0,,0,,,0,0,0,0,0,0,,0,1,1,10,0,0,0,0,0,1,1.51330964453518,0,0.0,0.0555555555555556,,,0,1.0,2.0
2003,POST,00-0013773,,Jon Ritchie,FB,RB,,1,PHI,0,0,0,0,0,0,0,0,0,0,0,0,,0,,,0,0,0,0,0,0,,0,1,1,1,0,0,0,0,0,0,-0.404511877568439,0,0.0,0.0588235294117647,,,0,0.1,1.1
2003,POST,00-0013888,,Marcus Robinson,WR,WR,,1,BAL,0,0,0,0,0,0,0,0,0,0,0,0,,0,,,0,0,0,0,0,0,,0,1,1,13,0,0,0,0,0,1,0.921051617246121,0,0.0,0.05,,,0,1.3,2.3
2003,POST,00-0014722,,Shannon Sharpe,TE,TE,,1,DEN,0,0,0,0,0,0,0,0,0,0,0,0,,0,,,0,0,0,0,0,0,,0,5,5,31,0,0,0,0,0,0,-1.17930527089629,0,0.0,0.217391304347826,,,0,3.1,8.1
2003,POST,00-0015091,,Antowain Smith,RB,RB,,3,NE,0,0,0,0,0,0,0,0,0,0,0,0,,0,,,64,252,2,0,0,11,-4.26677485951223,0,2,2,9,0,0,0,0,0,0,-0.144115744391456,0,0.0,0.0465116279069768,,,0,38.1,40.1
2003,POST,00-0015194,,Hunter Smith,P,SPEC,,1,IND,0,0,0,0,0,0,0,0,0,0,0,0,,0,,,1,0,0,0,0,0,-1.08608161984012,0,0,0,0,0,0,0,0,0,0,,0,,,,,0,0.0,0.0
2003,POST,00-0015290,,Rod Smith,WR,WR,,1,DEN,0,0,0,0,0,0,0,0,0,0,0,0,,0,,,0,0,0,0,0,0,,0,5,5,66,1,0,0,0,0,3,6.54451911707161,0,0.0,0.217391304347826,,,0,12.6,17.6
2003,POST,00-0015523,,Duce Staley,RB,RB,,2,PHI,0,0,0,0,0,0,0,0,0,0,0,0,,0,,,18,124,0,0,0,5,6.53390722969198,0,7,7,59,1,1,0,0,0,3,3.44861214619596,0,0.0,0.184210526315789,,,0,24.3,31.3
2003,POST,00-0015754,,Brandon Stokley,WR,WR,,3,IND,0,0,0,0,0,0,0,0,0,0,0,0,,0,,,0,0,0,0,0,0,,0,11,11,223,3,0,0,0,0,9,22.6926725110388,0,0.0,0.154929577464789,,,0,40.3,51.3
2003,POST,00-0016440,,James Thrash,WR,WR,,2,PHI,0,0,0,0,0,0,0,0,0,0,0,0,,0,,,0,0,0,0,0,0,,0,2,2,18,0,0,0,0,0,1,2.02649043709971,0,0.0,0.0526315789473684,,,0,1.8,3.8
2003,POST,00-0016960,,Mike Vrabel,OLB,LB,,1,NE,0,0,0,0,0,0,0,0,0,0,0,0,,0,,,0,0,0,0,0,0,,0,1,1,1,1,0,0,0,0,1,0.916230744391214,0,0.0,0.03125,,,0,6.1,7.1
2003,POST,00-0017109,,Wesley Walls,TE,TE,,2,GB,0,0,0,0,0,0,0,0,0,0,0,0,,0,,,0,0,0,0,0,0,,0,2,2,12,0,0,0,0,0,1,1.56154983327724,0,0.0,0.0487804878048781,,,0,1.2,3.2
2003,POST,00-0017160,,Dedric Ward,WR,WR,,1,NE,0,0,0,0,0,0,0,0,0,0,0,0,,0,,,0,0,0,0,0,0,,0,1,1,22,0,0,0,0,0,1,1.83427722915076,0,0.0,0.0476190476190476,,,0,2.2,3.2
2003,POST,00-0017644,,Jermaine Wiggins,TE,TE,,3,CAR,0,0,0,0,0,0,0,0,0,0,0,0,,0,,,0,0,0,0,0,0,,0,5,5,43,0,0,0,0,0,2,2.72102811174317,0,0.0,0.1,,,0,4.3,9.3
2003,POST,00-0018272,,Anthony Wright,QB,QB,,1,BAL,20,37,214,1,2,2,13,0,0,0,0,11,-5.44529295020374,0,0.0,0.0242918307684545,2,19,0,0,0,1,0.500697027309798,0,0,0,0,0,0,0,0,0,0,,0,,,,,0,10.46,10.46
2003,POST,00-0018343,,Frank Wycheck,TE,TE,,2,TEN,0,0,0,0,0,0,0,0,0,0,0,0,,0,,,1,-10,0,0,0,0,-1.49786256905645,0,4,4,26,0,0,0,0,0,1,0.433869758853689,0,0.0,0.125,,,0,1.6,5.6
2003,POST,00-0019065,,Joe Dean Davenport,TE,TE,,2,IND,0,0,0,0,0,0,0,0,0,0,0,0,,0,,,0,0,0,0,0,0,,0,2,2,18,0,0,0,0,0,1,1.66644249338424,0,0.0,0.0416666666666667,,,0,1.8,3.8
2003,POST,00-0019100,,Brad Hoover,FB,RB,,3,CAR,0,0,0,0,0,0,0,0,0,0,0,0,,0,,,4,12,1,0,0,1,-0.236352211330086,0,5,5,35,0,0,0,0,0,1,0.712835110687204,0,0.0,0.116279069767442,,,0,10.7,15.7
2003,POST,00-0019134,,Joey Goodspeed,RB,RB,,1,LA,0,0,0,0,0,0,0,0,0,0,0,0,,0,,,0,0,0,0,0,0,,0,1,1,9,0,0,0,0,0,1,0.463813313515857,0,0.0,0.037037037037037,,,0,0.9,1.9
2003,POST,00-0019242,,Dane Looker,WR,WR,,1,LA,0,0,0,0,0,0,0,0,0,0,0,0,,0,,,0,0,0,0,0,0,,0,2,2,31,0,0,0,0,0,1,1.26622020348441,1,0.0,0.0740740740740741,,,0,5.1,7.1
2003,POST,00-0019281,,Mike Furrey,WR,WR,,1,LA,0,0,0,0,0,0,0,0,0,0,0,0,,0,,,0,0,0,0,0,0,,0,4,4,30,0,0,0,0,0,2,1.79093944962369,0,0.0,0.148148148148148,,,0,3.0,7.0
2003,POST,00-0019453,,Rod Smart,RB,RB,,1,CAR,0,0,0,0,0,0,0,0,0,0,0,0,,0,,,1,5,0,0,0,0,0.293959481525235,0,0,0,0,0,0,0,0,0,0,,0,,,,,0,0.5,0.5
2003,POST,00-0019516,,Troy Hambrick,RB,RB,,1,DAL,0,0,0,0,0,0,0,0,0,0,0,0,,0,,,8,29,0,0,0,1,-1.32621000398649,0,1,1,3,0,0,0,0,0,0,-0.20978554780595,0,0.0,0.0476190476190476,,,0,3.2,4.2
2003,POST,00-0019539,,Dante Hall,WR,WR,,1,KC,0,0,0,0,0,0,0,0,0,0,0,0,,0,,,0,0,0,0,0,0,,0,2,2,19,1,0,0,0,0,2,4.99148460710421,0,0.0,0.111111111111111,,,1,13.9,15.9
2003,POST,00-0019552,,Troy Walters,WR,WR,,2,IND,0,0,0,0,0,0,0,0,0,0,0,0,,0,,,0,0,0,0,0,0,,0,6,6,31,0,0,0,0,0,2,0.377704515878577,0,0.0,0.122448979591837,,,0,3.1,9.1
2003,POST,00-0019596,T.Brady,Tom Brady,QB,QB,"https://static.www.nfl.com/image/private/f_auto,q_auto/league/q7dpdlxyu5rs05rgh1le",3,NE,75,126,792,5,2,0,0,0,0,0,0,44,24.7027972455906,0,0.0,0.126422578318136,12,18,0,0,0,5,3.17695156112644,0,0,0,0,0,0,0,0,0,0,,0,,,,,0,49.48,49.48
2003,POST,00-0019599,,Marc Bulger,QB,QB,,1,LA,27,46,332,0,3,2,16,0,0,0,0,17,-0.0833586288929462,1,0.0,0.0420056098044172,4,11,0,0,0,1,-3.21648481227689,0,0,0,0,0,0,0,0,0,0,,0,,,,,0,10.38,10.38
2003,POST,00-0019606,,Todd Pinkston,WR,WR,,1,PHI,0,0,0,0,0,0,0,0,0,0,0,0,,0,,,0,0,0,0,0,0,,0,7,7,95,1,0,0,0,0,5,7.56296505162027,0,0.0,0.333333333333333,,,0,15.5,22.5
2003,POST,00-0019610,,Reuben Droughns,RB,RB,,1,DEN,0,0,0,0,0,0,0,0,0,0,0,0,,0,,,0,0,0,0,0,0,,0,5,5,19,0,0,0,0,0,1,0.356957236072049,0,0.0,0.217391304347826,,,0,1.9,6.9
2003,POST,00-0019644,,Bubba Franks,TE,TE,,2,GB,0,0,0,0,0,0,0,0,0,0,0,0,,0,,,0,0,0,0,0,0,,0,3,3,39,1,0,0,0,0,2,4.41816348186694,0,0.0,0.0731707317073171,,,0,9.9,12.9
2003,POST,00-0019647,,Shaun Alexander,RB,RB,,1,SEA,0,0,0,0,0,0,0,0,0,0,0,0,,0,,,20,45,3,0,0,4,0.566101781412726,0,1,1,1,0,0,0,0,0,0,-0.117027163389139,0,0.0,0.04,,,0,22.6,23.6
2003,POST,00-0019659,,Erron Kinney,TE,TE,,2,TEN,0,0,0,0,0,0,0,0,0,0,0,0,,0,,,0,0,0,0,0,0,,0,3,3,17,0,0,0,0,0,0,0.896515882341191,0,0.0,0.09375,,,0,1.7,4.7
2003,POST,00-0019663,,Darrell Jackson,WR,WR,,1,SEA,0,0,0,0,0,0,0,0,0,0,0,0,,0,,,0,0,0,0,0,0,,0,5,5,58,0,0,0,0,0,5,5.62132870935602,0,0.0,0.2,,,0,5.8,10.8
2003,POST,00-0019693,,Jamal Lewis,RB,RB,,1,BAL,0,0,0,0,0,0,0,0,0,0,0,0,,0,,,14,35,0,0,0,0,-6.44836552412016,0,2,2,4,0,0,0,0,0,0,-0.904337175190449,0,0.0,0.1,,,0,3.9,5.9
2003,POST,00-0019721,,Travis Taylor,WR,WR,,1,BAL,0,0,0,0,0,0,0,0,0,0,0,0,,0,,,0,0,0,0,0,0,,0,7,7,82,0,0,0,0,0,5,6.58413973334245,0,0.0,0.35,,,0,8.2,15.2
2003,POST,00-0019831,,Nick Goings,RB,RB,,2,CAR,0,0,0,0,0,0,0,0,0,0,0,0,,0,,,6,22,0,0,0,1,-1.03780974436453,0,2,2,15,0,0,0,0,0,1,1.23060234636068,0,0.0,0.08,,,0,3.7,5.7
2003,POST,00-0019863,,Dominic Rhodes,RB,RB,,3,IND,0,0,0,0,0,0,0,0,0,0,0,0,,0,,,12,42,0,0,0,2,-1.99964641575934,0,2,2,17,0,0,0,0,0,1,1.58517097769072,0,0.0,0.0869565217391304,,,0,5.9,7.9
2003,POST,00-0019976,,Drew Bennett,WR,WR,,2,TEN,0,0,0,0,0,0,0,0,0,0,0,0,,0,,,0,0,0,0,0,0,,0,4,4,65,0,0,0,0,0,3,3.68099617271218,0,0.0,0.125,,,0,6.5,10.5
2003,POST,00-0020270,,Correll Buckhalter,RB,RB,,2,PHI,0,0,0,0,0,0,0,0,0,0,0,0,,0,,,20,60,0,0,0,3,-3.68603571044514,0,3,3,31,0,0,0,0,0,1,1.30977805948351,0,0.0,0.0789473684210526,,,0,9.1,12.1
2003,POST,00-0020315,,Derrick Blaylock,RB,RB,,1,KC,0,0,0,0,0,0,0,0,0,0,0,0,,0,,,2,-3,0,0,0,0,-1.84812783909729,0,1,1,11,0,0,0,0,0,1,1.00250316259917,0,0.0,0.0555555555555556,,,0,0.8,1.8
2003,POST,00-0020332,,David Martin,TE,TE,,1,GB,0,0,0,0,0,0,0,0,0,0,0,0,,0,,,0,0,0,0,0,0,,0,1,1,2,0,0,0,0,0,0,-0.336763229221106,0,0.0,0.0384615384615385,,,0,0.2,1.2
2003,POST,00-0020337,,Steve Smith,WR,WR,"https://static.www.nfl.com/image/private/f_auto,q_auto/league/k23e0b8cto93he9rt0zc",4,CAR,0,1,0,0,0,0,0,0,0,0,0,0,-0.446158172562718,0,,,1,7,0,0,0,0,0.327999308356084,0,18,18,404,3,0,0,0,0,15,39.9430585542577,0,0.0,0.305084745762712,,,0,59.1,77.1
2003,POST,00-0020342,,Brandon Manumaleuna,TE,TE,,1,LA,0,0,0,0,0,0,0,0,0,0,0,0,,0,,,0,0,0,0,0,0,,0,1,1,19,0,0,0,0,0,1,0.704552967916243,0,0.0,0.037037037037037,,,0,1.9,2.9
2003,POST,00-0020361,,Alex Bannister,WR,WR,,1,SEA,0,0,0,0,0,0,0,0,0,0,0,0,,0,,,0,0,0,0,0,0,,0,1,1,8,0,0,0,0,0,0,0.0114707760512829,0,0.0,0.04,,,0,0.8,1.8
2003,POST,00-0020381,,Justin McCareins,WR,WR,,2,TEN,0,0,0,0,0,0,0,0,0,0,0,0,,0,,,0,0,0,0,0,0,,0,4,4,83,1,0,0,0,0,3,8.32959635963198,0,0.0,0.125,,,0,14.3,18.3
2003,POST,00-0020404,,Quincy Carter,QB,QB,,1,DAL,21,36,154,0,1,3,22,0,0,0,0,7,-13.5579263719847,0,0.0,0.0260309021358596,4,25,1,0,0,1,3.16514141826206,0,0,0,0,0,0,0,0,0,0,,0,,,,,0,12.66,12.66
2003,POST,00-0020428,,Robert Ferguson,WR,WR,,2,GB,0,0,0,0,0,0,0,0,0,0,0,0,,0,,,0,0,0,0,0,0,,0,5,5,73,2,0,0,0,0,3,6.70021043211455,0,0.0,0.121951219512195,,,0,19.3,24.3
2003,POST,00-0020466,,Steve Hutchinson,G,OL,,1,SEA,0,0,0,0,0,0,0,0,0,0,0,0,,0,,,0,0,0,0,0,0,,0,1,1,5,0,0,0,0,0,0,0.118224595440552,0,0.0,0.04,,,0,0.5,1.5
2003,POST,00-0020490,,Koren Robinson,WR,WR,,1,SEA,0,0,0,0,0,0,0,0,0,0,0,0,,0,,,0,0,0,0,0,0,,0,7,7,88,0,0,0,0,0,4,6.06282141199336,0,0.0,0.28,,,0,8.8,15.8
2003,POST,00-0020497,,Freddie Mitchell,WR,WR,,2,PHI,0,0,0,0,0,0,0,0,0,0,0,0,,0,,,0,0,0,0,0,0,,0,6,6,75,0,0,0,0,0,4,4.67567152693378,0,0.0,0.157894736842105,,,0,7.5,13.5
2003,POST,00-0020498,,Reggie Wayne,WR,WR,,3,IND,0,0,0,0,0,0,0,0,0,0,0,0,,0,,,0,0,0,0,0,0,,0,15,15,172,2,0,0,0,0,10,17.1454180065775,0,0.0,0.211267605633803,,,0,29.2,44.2
2003,POST,00-0020516,,Todd Heap,TE,TE,,1,BAL,0,0,0,0,0,0,0,0,0,0,0,0,,0,,,0,0,0,0,0,0,,0,6,6,80,1,0,0,0,0,3,6.76322147802812,0,0.0,0.3,,,0,14.0,20.0
2003,POST,00-0020583,,Marc Boerigter,WR,WR,,1,KC,0,0,0,0,0,0,0,0,0,0,0,0,,0,,,0,0,0,0,0,0,,0,1,1,21,0,0,0,0,0,1,1.20242599584162,0,0.0,0.0555555555555556,,,0,2.1,3.1
2003,POST,00-0020739,,Ricky Williams,RB,RB,,1,IND,0,0,0,0,0,0,0,0,0,0,0,0,,0,,,1,-1,0,0,0,0,-0.878992219048087,0,0,0,0,0,0,0,0,0,0,,0,,,,,0,-0.1,-0.1
2003,POST,00-0020964,,Tony Fisher,RB,RB,,2,GB,0,0,0,0,0,0,0,0,0,0,0,0,,0,,,2,9,0,0,0,1,1.00431974371895,0,4,4,25,0,0,0,0,0,1,0.795944782748329,0,0.0,0.0975609756097561,,,0,3.4,7.4
2003,POST,00-0021006,,Charlie Adams,WR,WR,,1,DEN,0,0,0,0,0,0,0,0,0,0,0,0,,0,,,0,0,0,0,0,0,,0,2,2,18,0,0,0,0,0,1,1.39046447759029,0,0.0,0.0869565217391304,,,0,1.8,3.8
2003,POST,00-0021152,,Ashley Lelie,WR,WR,,1,DEN,0,0,0,0,0,0,0,0,0,0,0,0,,0,,,0,0,0,0,0,0,,0,1,1,7,0,0,0,0,0,1,1.49230428109877,0,0.0,0.0434782608695652,,,0,0.7,1.7
2003,POST,00-0021153,,Javon Walker,WR,WR,,2,GB,0,0,0,0,0,0,0,0,0,0,0,0,,0,,,1,-8,0,0,0,0,-2.0540932349395,0,6,6,155,0,0,0,0,0,6,11.2642988504958,0,0.0,0.146341463414634,,,0,14.7,20.7
2003,POST,00-0021154,,Daniel Graham,TE,TE,,2,NE,0,0,0,0,0,0,0,0,0,0,0,0,,0,,,0,0,0,0,0,0,,0,5,5,45,0,1,1,0,0,2,-0.665148502099328,0,0.0,0.0943396226415094,,,0,2.5,7.5
2003,POST,00-0021164,,DeShaun Foster,RB,RB,,4,CAR,0,0,0,0,0,0,0,0,0,0,0,0,,0,,,42,196,2,1,0,11,4.95623362705834,0,5,5,35,0,0,0,0,0,1,1.08713565778453,0,0.0,0.0847457627118644,,,0,35.1,40.1
2003,POST,00-0021179,,Clinton Portis,RB,RB,,1,DEN,0,0,0,0,0,0,0,0,0,0,0,0,,0,,,17,68,0,1,0,4,-1.22921865008539,0,1,1,10,0,0,0,0,0,0,0.817679058527574,0,0.0,0.0434782608695652,,,0,7.8,8.8
2003,POST,00-0021182,,Maurice Morris,RB,RB,,1,SEA,0,0,0,0,0,0,0,0,0,0,0,0,,0,,,1,4,0,0,0,0,0.0531880124472082,0,0,0,0,0,0,0,0,0,0,,0,,,,,0,0.4,0.4
2003,POST,00-0021191,,Antonio Bryant,WR,WR,,1,DAL,0,0,0,0,0,0,0,0,0,0,0,0,,0,,,0,0,0,0,0,0,,0,1,1,4,0,0,0,0,0,0,-1.00865984568372,0,0.0,0.0476190476190476,,,0,0.4,1.4
2003,POST,00-0021192,,Deion Branch,WR,WR,,3,NE,0,0,0,0,0,0,0,0,0,0,0,0,,0,,,0,0,0,0,0,0,,0,15,15,176,1,0,0,0,0,10,13.1866624524923,0,0.0,0.2,,,0,23.6,38.6
2003,POST,00-0021252,,Najeh Davenport,RB,RB,,2,GB,0,0,0,0,0,0,0,0,0,0,0,0,,0,,,16,63,0,0,0,3,-1.24803681578487,0,0,0,0,0,0,0,0,0,0,,0,,,,,0,6.3,6.3
2003,POST,00-0021268,,Terry Jones,TE,TE,,1,BAL,0,0,0,0,0,0,0,0,0,0,0,0,,0,,,0,0,0,0,0,0,,0,2,2,16,0,0,0,0,0,1,0.964010005525779,0,0.0,0.1,,,0,1.6,3.6
2003,POST,00-0021314,,Chester Taylor,RB,RB,,1,BAL,0,0,0,0,0,0,0,0,0,0,0,0,,0,,,0,0,0,0,0,0,,0,2,2,19,0,0,0,0,0,1,-0.497029280115385,0,0.0,0.1,,,0,1.9,3.9
2003,POST,00-0021353,,David Givens,WR,WR,,3,NE,0,0,0,0,0,0,0,0,0,0,0,0,,0,,,0,0,0,0,0,0,,0,17,17,163,2,0,0,0,0,9,14.631959014514,0,0.0,0.226666666666667,,,0,28.3,45.3
2003,POST,00-0021509,,Reno Mahe,RB,RB,,1,PHI,0,0,0,0,0,0,0,0,0,0,0,0,,0,,,0,0,0,0,0,0,,0,1,1,8,0,0,0,0,0,1,1.06557222199626,0,0.0,0.0476190476190476,,,0,0.8,1.8
2003,POST,00-0021777,,Tom Lopienski,RB,RB,,1,IND,0,0,0,0,0,0,0,0,0,0,0,0,,0,,,0,0,0,0,0,0,,0,1,1,2,1,0,0,0,0,1,1.33866504527396,0,0.0,0.0454545454545455,,,0,6.2,7.2
2003,POST,00-0021993,,Bethel Johnson,WR,WR,,2,NE,0,0,0,0,0,0,0,0,0,0,0,0,,0,,,1,3,0,0,0,0,-0.277683612657711,0,3,3,61,1,1,1,0,0,2,4.59957620577188,0,0.0,0.0697674418604651,,,0,10.4,13.4
2003,POST,00-0022087,,Tyrone Calico,WR,WR,,2,TEN,0,0,0,0,0,0,0,0,0,0,0,0,,0,,,0,0,0,0,0,0,,0,2,2,42,0,0,0,0,0,2,4.02824541321024,0,0.0,0.0625,,,0,4.2,6.2
2003,POST,00-0022092,,Chris Brown,RB,RB,,2,TEN,0,0,0,0,0,0,0,0,0,0,0,0,,0,,,18,96,2,0,0,6,6.59445101986181,0,1,1,2,0,0,0,0,0,0,-0.235685956198722,0,0.0,0.0714285714285714,,,0,21.8,22.8
2003,POST,00-0022095,,Quentin Griffin,RB,RB,,1,DEN,0,0,0,0,0,0,0,0,0,0,0,0,,0,,,6,60,0,0,0,4,-0.372800451237708,0,2,2,18,0,0,0,0,0,1,0.978212356567383,0,0.0,0.0869565217391304,,,0,7.8,9.8
2003,POST,00-0022126,,L.J. Smith,TE,TE,,2,PHI,0,0,0,0,0,0,0,0,0,0,0,0,,0,,,0,0,0,0,0,0,,0,3,3,43,0,0,0,0,0,1,3.97428564121947,0,0.0,0.0789473684210526,,,0,4.3,7.3
2003,POST,00-0022127,J.Witten,Jason Witten,TE,TE,"https://static.www.nfl.com/image/private/f_auto,q_auto/league/r7uafhtwuexuaty0nhsc",1,DAL,0,0,0,0,0,0,0,0,0,0,0,0,,0,,,0,0,0,0,0,0,,0,4,4,30,0,0,0,0,0,2,3.19989465526305,0,0.0,0.19047619047619,,,0,3.0,7.0
2003,REG+POST,00-0000007,,Rabih Abdullah,RB,RB,,12,CHI,0,0,0,0,0,0,0,0,0,0,0,0,,0,,,18,37,0,0,0,4,-4.76404613861755,0,8,8,55,0,0,0,0,0,3,-0.458144592948607,0,0.0,0.0898876404494382,,,0,9.2,17.2
2003,REG+POST,00-0000166,,Stephen Alexander,TE,TE,,1,LAC,0,0,0,0,0,0,0,0,0,0,0,0,,0,,,0,0,0,0,0,0,,0,0,0,0,0,0,0,0,0,0,,1,,,,,0,2.0,2.0
2003,REG+POST,00-0000251,,Mike Alstott,FB,RB,,4,TB,0,0,0,0,0,0,0,0,0,0,0,0,,0,,,27,77,2,0,0,10,-0.638902091421187,0,10,10,83,0,0,0,0,0,3,2.92672842968022,0,0.0,0.114942528735632,,,0,28.0,38.0
2003,REG+POST,00-0000339,,Richie Anderson,FB,RB,,16,DAL,0,1,0,0,0,0,0,0,0,0,0,0,-0.407888658635784,0,,,76,324,1,1,1,17,-6.10656982232467,0,76,76,513,4,1,0,0,0,22,14.5929929762845,0,0.0,0.268551236749117,,,0,111.7,187.7
2003,REG+POST,00-0000374,,Joe Andruzzi,G,OL,,1,NE,0,0,0,0,0,0,0,0,0,0,0,0,,0,,,0,0,0,0,0,0,,0,1,1,0,0,1,0,0,0,0,-0.273931308300234,0,,0.0384615384615385,,,0,0.0,1.0
2003,REG+POST,00-0000541,,John Avery,RB,RB,,3,MIN,0,0,0,0,0,0,0,0,0,0,0,0,,0,,,1,0,0,0,0,0,-0.511456609005109,0,2,2,24,1,0,0,0,0,2,3.72221954877023,0,0.0,0.0571428571428571,,,0,8.4,10.4
2003,REG+POST,00-0000552,,Obafemi Ayanbadejo,RB,RB,,4,MIA,0,0,0,0,0,0,0,0,0,0,0,0,,0,,,1,-2,0,0,0,0,-1.45599803561345,0,12,12,53,0,1,0,0,0,4,2.45941899143161,0,0.0,0.210526315789474,,,0,5.1,17.1
2003,REG+POST,00-0000559,,Jerry Azumah,CB,DB,,2,CHI,0,0,0,0,0,0,0,0,0,0,0,0,,0,,,0,0,0,0,0,0,,0,0,0,0,0,0,0,0,0,0,,0,,,,,2,12.0,12.0
2003,REG+POST,00-0000722,,Tony Banks,QB,QB,,6,HOU,61,102,693,5,3,13,57,1,0,0,0,34,3.53490738496448,0,0.0,0.0680937906828281,6,27,0,0,0,2,3.67105207167333,0,0,0,0,0,0,0,0,0,0,,0,,,,,0,44.42,44.42
2003,REG+POST,00-0000745,,Tiki Barber,RB,RB,,16,NYG,0,0,0,0,0,0,0,0,0,0,0,0,,0,,,278,1215,2,6,5,66,-36.5686147790161,1,69,69,461,1,3,1,0,0,26,18.7257045352068,0,0.0,0.200581395348837,,,0,175.6,244.6
2003,REG+POST,00-0000754,,Bryan Barker,P,SPEC,,1,WAS,1,1,3,0,0,0,0,0,0,0,0,1,2.29185488808434,0,0.0,,0,0,0,0,0,0,,0,0,0,0,0,0,0,0,0,0,,0,,,,,0,0.12,0.12
2003,REG+POST,00-0000765,,Reggie Barlow,WR,WR,,2,TB,0,0,0,0,0,0,0,0,0,0,0,0,,0,,,0,0,0,0,0,0,,0,3,3,27,1,1,1,0,0,1,-0.192461424099747,0,0.0,0.0625,,,0,6.7,9.7
2003,REG+POST,00-0000865,,Charlie Batch,QB,QB,,2,PIT,4,8,47,0,0,1,2,1,1,0,0,2,-4.5622104840586,0,0.0,0.0344599074075414,1,11,0,0,0,1,0.750044139102101,0,0,0,0,0,0,0,0,0,0,,0,,,,,0,0.98,0.98
2003,REG+POST,00-0000869,,D'Wayne Bates,WR,WR,,8,MIN,0,0,0,0,0,0,0,0,0,0,0,0,,0,,,0,0,0,0,0,0,,0,15,15,151,1,0,0,0,0,11,15.3590742163989,0,0.0,0.0862068965517242,,,0,21.1,36.1
2003,REG+POST,00-0000942,,Fred Beasley,RB,RB,,14,SF,0,0,0,0,0,0,0,0,0,0,0,0,,0,,,17,24,0,0,0,4,-9.27887297040434,0,19,19,184,1,0,0,0,0,6,10.5971502971165,0,0.0,0.0871559633027523,,,0,26.8,45.8
2003,REG+POST,00-0001098,,Brandon Bennett,RB,RB,,14,CIN,0,0,0,0,0,0,0,0,0,0,0,0,,0,,,56,173,0,1,1,11,-14.8080683780736,0,25,25,176,1,0,0,0,0,7,5.99773581585305,0,0.0,0.099601593625498,,,0,38.9,63.9
2003,REG+POST,00-0001101,,Darren Bennett,P,SPEC,,1,LAC,0,1,0,0,0,0,0,0,0,0,0,0,-3.2695158260176,0,,,0,0,0,0,0,0,,0,0,0,0,0,0,0,0,0,0,,0,,,,,0,0.0,0.0
2003,REG+POST,00-0001157,,Mitch Berger,P,SPEC,,1,NO,0,1,0,0,0,0,0,0,0,0,0,0,-2.40234131412581,0,,,0,0,0,0,0,0,,0,0,0,0,0,0,0,0,0,0,,0,,,,,0,0.0,0.0
2003,REG+POST,00-0001215,,Jerome Bettis,RB,RB,,16,PIT,0,0,0,0,0,0,0,0,0,0,0,0,,0,,,246,811,7,4,4,43,-31.5557093371246,1,13,13,86,0,1,0,0,0,4,5.46842167142313,0,0.0,0.0909090909090909,,,0,125.7,138.7
2003,REG+POST,00-0001218,,Steve Beuerlein,QB,QB,,4,DEN,33,63,389,2,5,9,60,3,0,0,0,18,-22.9121227393894,0,0.0,0.0242428251491349,5,13,0,0,0,1,0.520327957463451,0,0,0,0,0,0,0,0,0,0,,0,,,,,0,14.86,14.86
2003,REG+POST,00-0001335,,Jeff Blake,QB,QB,,13,ARI,208,368,2252,13,15,19,132,4,3,0,0,96,-74.0249289031697,0,0.0,0.025817794660804,30,177,2,4,1,12,3.72639029192568,1,0,0,0,0,0,0,0,0,0,,0,,,,,0,135.78,135.78
2003,REG+POST,00-0001361,,Drew Bledsoe,QB,QB,,16,BUF,274,471,2860,11,12,49,371,10,8,0,0,142,-64.0501087589494,0,0.0,0.0257028007407484,23,29,2,4,1,5,-17.3386659829121,0,0,0,0,0,0,0,0,0,0,,0,,,,,0,131.3,131.3
2003,REG+POST,00-0001477,,Marty Booker,WR,WR,,13,CHI,0,0,0,0,0,0,0,0,0,0,0,0,,0,,,3,-7,0,1,0,0,-2.13844635843998,0,52,52,715,4,0,0,0,0,31,50.9276842243853,0,0.0,0.246445497630332,,,0,94.8,146.8
2003,REG+POST,00-0001532,,David Boston,WR,WR,,14,LAC,0,0,0,0,0,0,0,0,0,0,0,0,,0,,,3,18,0,0,0,2,0.338048260721907,0,70,70,880,7,2,2,0,0,42,69.2097837663605,1,0.0,0.274509803921569,,,0,129.8,199.8
2003,REG+POST,00-0001545,,Todd Bouman,QB,QB,,3,NO,7,13,81,1,0,1,7,0,0,0,0,4,2.85815492447,1,0.0,0.0349000901069258,4,1,0,1,1,1,-3.41763105860446,0,0,0,0,0,0,0,0,0,0,,0,,,,,0,7.34,7.34
2003,REG+POST,00-0001611,,Brant Boyer,OLB,LB,,2,CLE,0,1,0,0,0,0,0,0,0,0,0,0,-2.25590078136884,0,,,1,7,0,0,0,1,2.42923848237842,0,0,0,0,0,0,0,0,0,0,,0,,,,,0,0.7,0.7
2003,REG+POST,00-0001627,,Corey Bradford,WR,WR,,14,HOU,0,0,0,0,0,0,0,0,0,0,0,0,,0,,,0,0,0,0,0,0,,0,24,24,460,4,0,0,0,0,16,43.4643053887994,0,0.0,0.106666666666667,,,0,70.0,94.0
2003,REG+POST,00-0001661,,Kyle Brady,TE,TE,,14,JAX,0,0,0,0,0,0,0,0,0,0,0,0,,0,,,0,0,0,0,0,0,,0,29,29,281,1,2,1,0,0,16,17.4402605139767,0,0.0,0.107407407407407,,,0,32.1,61.1
2003,REG+POST,00-0001823,,Aaron Brooks,QB,QB,,16,NO,306,518,3546,24,8,36,203,9,7,0,0,172,18.9899279175673,0,0.0,0.0720385730229643,52,183,2,5,4,20,-9.9861398768802,0,0,0,0,0,0,0,0,0,0,,0,,,,,0,230.14,230.14
2003,REG+POST,00-0002058,,Tim Brown,WR,WR,,16,LV,0,0,0,0,0,0,0,0,0,0,0,0,,0,,,1,4,0,0,0,0,-0.0800882945768535,0,51,51,563,2,0,0,0,0,28,41.2539152031929,0,0.0,0.184115523465704,,,0,68.7,119.7
2003,REG+POST,00-0002068,,Troy Brown,WR,WR,,15,NE,0,0,0,0,0,0,0,0,0,0,0,0,,0,,,7,17,0,0,0,2,-4.23218222986907,0,57,57,647,4,0,0,0,0,30,56.189182165876,0,0.0,0.197231833910035,,,0,90.4,147.4
2003,REG+POST,00-0002099,,Isaac Bruce,WR,WR,,15,LA,2,2,66,0,0,0,0,0,0,0,0,2,3.95107201219071,0,0.0,,2,17,0,0,0,1,-0.0552304397537036,0,76,76,1097,5,0,0,0,0,55,90.6173954320257,0,0.0,0.212290502793296,,,0,144.04,220.04
2003,REG+POST,00-0002102,,Mark Bruener,TE,TE,,2,PIT,0,0,0,0,0,0,0,0,0,0,0,0,,0,,,0,0,0,0,0,0,,0,2,2,1,1,0,0,0,0,1,0.807966213847976,0,0.0,0.0526315789473684,,,0,6.1,8.1
2003,REG+POST,00-0002110,,Mark Brunell,QB,QB,,3,JAX,54,82,484,2,0,9,46,0,0,0,0,22,-7.40173353920167,0,0.0,0.0303004182861151,8,19,1,1,0,3,-4.42222257936373,0,0,0,0,0,0,0,0,0,0,,0,,,,,0,35.26,35.26
2003,REG+POST,00-0002159,,Shawn Bryson,RB,RB,,16,DET,0,0,0,0,0,0,0,0,0,0,0,0,,0,,,158,606,3,2,0,31,-15.5496186166651,0,54,54,340,0,0,0,0,0,10,-1.59815333517552,0,0.0,0.173076923076923,,,0,112.6,166.6
2003,REG+POST,00-0002380,,Steve Bush,RB,RB,,6,ARI,0,0,0,0,0,0,0,0,0,0,0,0,,0,,,0,0,0,0,0,0,,0,11,11,71,1,0,0,0,0,4,5.56780063634506,0,0.0,0.092436974789916,,,0,13.1,24.1
2003,REG+POST,00-0002565,,Dan Campbell,TE,TE,,11,DAL,0,0,0,0,0,0,0,0,0,0,0,0,,0,,,0,0,0,0,0,0,,0,20,20,195,1,0,0,0,0,8,10.4113227240159,0,0.0,0.0956937799043062,,,0,25.5,45.5
2003,REG+POST,00-0002586,,Mark Campbell,TE,TE,,13,BUF,0,0,0,0,0,0,0,0,0,0,0,0,,0,,,0,0,0,0,0,0,,0,34,34,339,1,0,0,0,0,11,19.6143508582848,0,0.0,0.137096774193548,,,0,39.9,73.9
2003,REG+POST,00-0002655,,John Carney,K,SPEC,,1,NO,0,0,0,0,0,0,0,0,0,0,0,0,,0,,,1,3,0,0,0,0,-2.01114454632625,0,0,0,0,0,0,0,0,0,0,,0,,,,,0,0.3,0.3
2003,REG+POST,00-0002709,,Dwayne Carswell,G,OL,,7,DEN,0,0,0,0,0,0,0,0,0,0,0,0,,0,,,0,0,0,0,0,0,,0,8,8,65,1,0,0,0,0,5,7.16856840578839,0,0.0,0.062992125984252,,,0,12.5,20.5
2003,REG+POST,00-0002743,,Ki-Jana Carter,RB,RB,,6,NO,0,0,0,0,0,0,0,0,0,0,0,0,,0,,,19,72,1,0,0,4,1.0699938479811,0,1,1,11,0,0,0,0,0,1,0.666509934235364,0,0.0,0.0476190476190476,,,0,14.3,15.3
2003,REG+POST,00-0002846,,Larry Centers,FB,RB,,11,NE,0,0,0,0,0,0,0,0,0,0,0,0,,0,,,23,82,0,0,0,2,-7.80693342880113,0,21,21,138,1,0,0,0,0,10,8.53936003160197,0,0.0,0.114130434782609,,,0,28.0,49.0
2003,REG+POST,00-0002861,,Byron Chamberlain,TE,TE,,2,WAS,0,0,0,0,0,0,0,0,0,0,0,0,,0,,,0,0,0,0,0,0,,0,4,4,29,0,0,0,0,0,1,1.33192565984791,0,0.0,0.0851063829787234,,,0,2.9,6.9
2003,REG+POST,00-0002876,,Chris Chandler,QB,QB,,8,CHI,107,192,1050,3,7,14,101,2,0,0,0,51,-23.802394648696,0,0.0,0.0277518999663847,14,35,0,2,0,4,2.37711528749787,1,0,0,0,0,0,0,0,0,0,,0,,,,,0,45.5,45.5
2003,REG+POST,00-0002962,,Wayne Chrebet,WR,WR,,7,NYJ,0,0,0,0,0,0,0,0,0,0,0,0,,0,,,0,0,0,0,0,0,,0,27,27,289,1,0,0,0,0,15,18.1533611408461,0,0.0,0.181208053691275,,,0,34.9,61.9
2003,REG+POST,00-0003035,,Desmond Clark,TE,TE,,15,CHI,0,0,0,0,0,0,0,0,0,0,0,0,,0,,,0,0,0,0,0,0,,0,44,44,433,2,2,2,0,0,23,22.188311380912,0,0.0,0.175298804780877,,,0,51.3,95.3
2003,REG+POST,00-0003103,,Cameron Cleeland,TE,TE,,11,LA,0,0,0,0,0,0,0,0,0,0,0,0,,0,,,2,-5,0,1,0,0,-2.72796688333619,0,11,11,173,0,0,0,0,0,7,10.8414237417746,0,0.0,0.0504587155963303,,,0,16.8,27.8
2003,REG+POST,00-0003136,,Mike Cloud,RB,RB,,5,NE,0,0,0,0,0,0,0,0,0,0,0,0,,0,,,27,118,5,0,0,12,2.83874181043939,0,1,1,8,0,0,0,0,0,0,0.235879134619609,0,0.0,0.0344827586206897,,,0,42.6,43.6
2003,REG+POST,00-0003231,,Marcus Coleman,DB,DB,,1,HOU,0,0,0,0,0,0,0,0,0,0,0,0,,0,,,0,0,0,0,0,0,,0,1,1,6,0,0,0,0,0,0,0.338003987369703,0,0.0,0.0588235294117647,,,0,0.6,1.6
2003,REG+POST,00-0003292,,Kerry Collins,QB,QB,,13,NYG,284,500,3110,13,16,28,164,10,4,0,0,159,-21.5428047310837,0,0.0,0.0412083394543659,17,49,0,2,1,3,-7.92537145440597,1,0,0,0,0,0,0,0,0,0,,0,,,,,0,141.3,141.3
2003,REG+POST,00-0003315,,Todd Collins,QB,QB,,5,KC,9,12,74,0,0,0,0,0,0,0,0,3,0.197759078786476,0,0.0,0.0270027490384427,8,-7,0,0,0,0,-4.84745513740927,0,0,0,0,0,0,0,0,0,0,,0,,,,,0,2.26,2.26
2003,REG+POST,00-0003396,,Curtis Conway,WR,WR,,16,NYJ,0,0,0,0,0,0,0,0,0,0,0,0,,0,,,0,0,0,0,0,0,,0,46,46,640,2,0,0,0,0,33,46.8360612059888,0,0.0,0.147435897435897,,,0,76.0,122.0
2003,REG+POST,00-0003400,,Ernie Conwell,TE,TE,,8,NO,0,0,0,0,0,0,0,0,0,0,0,0,,0,,,0,0,0,0,0,0,,0,26,26,290,2,1,0,0,0,15,19.4520406581578,0,0.0,0.165605095541401,,,0,41.0,67.0
2003,REG+POST,00-0003535,,Tim Couch,QB,QB,,10,CLE,120,203,1319,7,6,19,116,4,3,0,0,59,-40.888475604817,0,0.0,0.031231222721934,11,39,1,1,0,4,3.84156088158488,0,1,1,-3,0,0,0,0,0,0,-2.62130852042498,0,0.0,0.0625,,,0,72.36,73.36
2003,REG+POST,00-0003663,,Zack Crockett,RB,RB,,14,LV,0,0,0,0,0,0,0,0,0,0,0,0,,0,,,48,145,7,1,1,19,4.83685037042596,0,7,7,53,0,0,0,0,0,2,0.837321651342791,0,0.0,0.0555555555555556,,,0,59.8,66.8
2003,REG+POST,00-0003739,,Daunte Culpepper,QB,QB,,14,MIN,295,454,3479,25,11,38,196,11,3,0,0,169,60.6838925276739,1,0.0,0.10255582253504,72,422,4,5,3,28,14.8932664166787,0,0,0,0,0,0,0,0,0,0,,0,,,,,0,273.36,273.36
2003,REG+POST,00-0004052,,Stephen Davis,RB,RB,,18,CAR,0,0,0,0,0,0,0,0,0,0,0,0,,0,,,382,1759,9,3,3,80,-16.3599179291338,0,16,16,182,0,0,0,0,0,9,12.2266098005057,0,0.0,0.0958083832335329,,,0,242.1,258.1
2003,REG+POST,00-0004091,P.Dawson,Phil Dawson,K,SPEC,"https://static.www.nfl.com/image/private/f_auto,q_auto/league/dypn7kf7fsaz30ey0ayc",1,CLE,0,0,0,0,0,0,0,0,0,0,0,0,,0,,,1,14,0,0,0,1,3.21018483076477,0,0,0,0,0,0,0,0,0,0,,0,,,,,0,1.4,1.4
2003,REG+POST,00-0004161,,Jake Delhomme,QB,QB,,20,CAR,325,551,4206,25,17,31,221,8,5,0,0,184,47.3915738025494,0,0.0,0.0767342641402234,52,42,1,9,2,13,-24.0040643442024,0,0,0,0,0,0,0,0,0,0,,0,,,,,0,230.44,230.44
2003,REG+POST,00-0004229,,Koy Detmer,QB,QB,,4,PHI,10,19,120,0,1,1,8,0,0,0,0,6,-7.05592541106176,0,0.0,0.0312735351788223,0,0,0,0,0,0,,0,0,0,0,0,0,0,0,0,0,,0,,,,,0,2.8,2.8
2003,REG+POST,00-0004293,,Trent Dilfer,QB,QB,,5,SEA,4,8,31,1,1,1,8,1,0,0,0,3,-4.11767121608136,0,0.0,0.042809600955485,2,-1,0,1,1,0,-3.85256186668994,0,0,0,0,0,0,0,0,0,0,,0,,,,,0,1.14,1.14
2003,REG+POST,00-0004294,,Ken Dilger,TE,TE,,13,TB,0,0,0,0,0,0,0,0,0,0,0,0,,0,,,0,0,0,0,0,0,,0,22,22,244,1,1,0,0,0,10,14.1474485172217,0,0.0,0.0718954248366013,,,0,30.4,52.4
2003,REG+POST,00-0004304,,Corey Dillon,RB,RB,,13,CIN,0,0,0,0,0,0,0,0,0,0,0,0,,0,,,138,541,2,0,0,24,-9.09780258793035,0,11,11,71,0,0,0,0,0,4,2.7745083841146,0,0.0,0.0662650602409639,,,0,73.2,84.2
2003,REG+POST,00-0004386,,Chris Doering,WR,WR,,8,PIT,0,0,0,0,0,0,0,0,0,0,0,0,,0,,,0,0,0,0,0,0,,0,18,18,240,1,0,0,0,0,15,23.7665759499068,0,0.0,0.101123595505618,,,0,30.0,48.0
2003,REG+POST,00-0004541,,Donald Driver,WR,WR,,17,GB,0,0,0,0,0,0,0,0,0,0,0,0,,0,,,5,51,0,0,0,1,2.28975207154872,0,60,60,712,2,0,0,0,0,34,61.9510826359239,0,0.0,0.178571428571429,,,0,88.3,148.3
2003,REG+POST,00-0004574,,Rickey Dudley,TE,TE,,5,TB,0,0,0,0,0,0,0,0,0,0,0,0,,0,,,0,0,0,0,0,0,,0,7,7,42,1,0,0,0,0,3,4.12776469922392,0,0.0,0.0598290598290598,,,0,10.2,17.2
2003,REG+POST,00-0004637,,Jason Dunn,TE,TE,,4,KC,0,0,0,0,0,0,0,0,0,0,0,0,,0,,,0,0,0,0,0,0,,0,5,5,35,3,0,0,0,0,5,8.28847458679229,0,0.0,0.0602409638554217,,,0,21.5,26.5
2003,REG+POST,00-0004640,,Warrick Dunn,RB,RB,,11,ATL,0,0,0,0,0,1,3,0,0,0,0,0,-1.08386570378207,0,,,125,672,3,1,0,27,8.59310326372056,0,37,37,336,2,1,1,0,0,14,6.66552934573251,0,0.0,0.224242424242424,,,0,128.8,165.8
2003,REG+POST,00-0004673,,Tim Dwight,WR,WR,,8,LAC,0,0,0,0,0,0,0,0,0,0,0,0,,0,,,9,88,0,0,0,3,4.49923206410223,0,14,14,193,0,0,0,0,0,12,18.2098175736632,0,0.0,0.103703703703704,,,0,28.1,42.1
2003,REG+POST,00-0004694,,Kevin Dyson,WR,WR,,1,CAR,0,0,0,0,0,0,0,0,0,0,0,0,,0,,,0,0,0,0,0,0,,0,2,2,15,0,0,0,0,0,1,2.12401918845717,0,0.0,0.0689655172413793,,,0,1.5,3.5
2003,REG+POST,00-0004768,,Marc Edwards,FB,RB,,14,JAX,0,0,0,0,0,0,0,0,0,0,0,0,,0,,,7,13,1,0,0,4,-1.73405193464714,0,31,31,226,0,0,0,0,0,12,10.126025501578,0,0.0,0.133620689655172,,,0,29.9,60.9
2003,REG+POST,00-0004780,,Troy Edwards,WR,WR,,12,JAX,0,0,0,0,0,0,0,0,0,0,0,0,,0,,,3,-9,0,0,0,0,-2.27542462281417,0,35,36,487,3,0,0,0,0,22,33.7994398381995,0,0.0,0.161434977578475,,,0,65.8,100.8
2003,REG+POST,00-0004915,,Bobby Engram,WR,WR,,16,SEA,0,0,0,0,0,0,0,0,0,0,0,0,,0,,,0,0,0,0,0,0,,0,56,56,723,6,0,0,0,9,37,73.7978572145221,0,0.0,0.174454828660436,,,1,114.3,170.3
2003,REG+POST,00-0005091,,Kevin Faulk,RB,RB,,18,NE,0,1,0,0,0,0,0,0,0,0,0,0,-0.419496321876068,0,,,192,710,0,3,3,31,-34.5999083397733,1,56,56,498,0,1,1,0,6,22,25.1874876684626,0,0.0,0.16374269005848,,,0,114.8,170.8
2003,REG+POST,00-0005092,,Marshall Faulk,RB,RB,,12,LA,0,0,0,0,0,0,0,0,0,0,0,0,,0,,,228,871,11,0,0,52,-16.5158560428315,0,54,54,368,1,0,0,0,0,15,11.5604017843182,0,0.0,0.191489361702128,,,0,195.9,249.9
2003,REG+POST,00-0005101,,Christian Fauria,TE,TE,,15,NE,0,0,0,0,0,0,0,0,0,0,0,0,,0,,,0,0,0,0,0,0,,0,32,32,335,2,0,0,0,0,18,27.9665790281142,0,0.0,0.104918032786885,,,0,45.5,77.5
2003,REG+POST,00-0005106,,Brett Favre,QB,QB,,18,GB,349,538,3860,35,22,20,148,4,2,0,0,187,65.4584571952324,2,0.0,0.096836044306849,20,17,0,1,0,3,-7.25691566517344,0,0,0,0,0,0,0,0,0,0,,0,,,,,0,252.1,252.1
2003,REG+POST,00-0005180,,Jay Fiedler,QB,QB,,12,MIA,179,314,2138,12,13,20,133,5,4,0,0,107,-10.7912049453979,0,0.0,0.0657340528888619,33,95,3,2,0,14,9.60093893259666,0,0,0,0,0,0,0,0,0,0,,0,,,,,0,127.02,127.02
2003,REG+POST,00-0005229,,Jim Finn,FB,RB,,7,NYG,0,0,0,0,0,0,0,0,0,0,0,0,,0,,,0,0,0,0,0,0,,0,13,13,88,0,0,0,0,0,4,3.43487057450693,0,0.0,0.0787878787878788,,,0,8.8,21.8
2003,REG+POST,00-0005231,,Brian Finneran,WR,WR,,11,ATL,0,0,0,0,0,0,0,0,0,0,0,0,,0,,,0,0,0,0,0,0,,0,26,26,368,2,0,0,0,0,21,36.2350112369168,0,0.0,0.192592592592593,,,0,48.8,74.8
2003,REG+POST,00-0005363,,Doug Flutie,QB,QB,,7,LAC,91,167,1097,9,4,8,27,1,1,0,0,50,8.51842097423981,1,0.0,0.0689294558810934,33,168,2,6,4,12,0.150283310969826,0,0,0,0,0,0,0,0,0,0,,0,,,,,0,92.68,92.68
2003,REG+POST,00-0005562,,Antonio Freeman,WR,WR,,10,GB,0,0,0,0,0,0,0,0,0,0,0,0,,0,,,0,0,0,0,0,0,,0,14,14,141,0,0,0,0,0,9,13.2791786190355,0,0.0,0.0721649484536082,,,0,14.1,28.1
2003,REG+POST,00-0005589,,Gus Frerotte,QB,QB,,5,MIN,38,65,690,7,2,5,22,0,0,0,0,25,26.9479952968411,1,0.0,0.142162183773184,12,-2,0,2,0,0,-3.37720722134691,0,0,0,0,0,0,0,0,0,0,,0,,,,,0,53.4,53.4
2003,REG+POST,00-0005620,,Chris Fuamatu-Ma'afala,RB,RB,,9,JAX,0,0,0,0,0,0,0,0,0,0,0,0,,0,,,35,144,1,0,0,12,3.40570428238385,0,1,1,2,0,0,0,0,0,0,-0.259355755057186,0,0.0,0.0416666666666667,,,0,20.6,21.6
2003,REG+POST,00-0005668,,Oronde Gadsden,WR,WR,,3,MIA,0,0,0,0,0,0,0,0,0,0,0,0,,0,,,0,0,0,0,0,0,,0,4,4,48,0,0,0,0,0,4,7.23894599382766,0,0.0,0.0851063829787234,,,0,4.8,8.8
2003,REG+POST,00-0005720,,Joey Galloway,WR,WR,,14,DAL,0,0,0,0,0,0,0,0,0,0,0,0,,0,,,4,22,0,0,0,0,0.704396237852052,0,38,38,731,2,0,0,0,0,29,59.7629128035042,0,0.0,0.151394422310757,,,0,87.3,125.3
2003,REG+POST,00-0005741,,Rich Gannon,QB,QB,,7,LV,124,224,1270,6,4,17,90,2,0,0,0,53,-25.6172922974147,0,0.0,0.0261470873725638,6,18,0,0,0,1,-0.0602835949975997,0,0,0,0,0,0,0,0,0,0,,0,,,,,0,68.6,68.6
2003,REG+POST,00-0005755,,Jeff Garcia,QB,QB,,13,SF,225,392,2704,18,13,22,107,4,2,0,0,131,20.4538841497778,1,0.0,0.0998581429898329,54,325,7,4,1,24,21.5831004343963,0,1,1,6,0,0,0,0,0,0,0.267113374196924,0,0.0,0.0476190476190476,,,0,225.26,226.26
2003,REG+POST,00-0005779,,Charlie Garner,RB,RB,,14,LV,0,0,0,0,0,0,0,0,0,0,0,0,,0,,,120,553,3,1,0,27,-0.0810267942776459,0,48,48,386,1,0,0,0,0,15,12.2112258469898,0,0.0,0.205128205128205,,,0,117.9,165.9
2003,REG+POST,00-0005816,,Olandis Gary,RB,RB,,13,DET,0,0,0,0,0,0,0,0,0,0,0,0,,0,,,113,384,2,1,0,19,-20.6496179563983,0,13,13,69,0,0,0,0,0,3,4.26358233008068,0,0.0,0.0670103092783505,,,0,57.3,70.3
2003,REG+POST,00-0005822,,Sam Gash,FB,RB,,9,BUF,0,0,0,0,0,0,0,0,0,0,0,0,,0,,,1,3,0,0,0,0,-0.065319164423272,0,11,11,83,0,1,0,0,0,5,5.65588900819421,0,0.0,0.0691823899371069,,,0,8.6,19.6
2003,REG+POST,00-0005883,,Eddie George,RB,RB,,18,TEN,0,0,0,0,0,0,0,0,0,0,0,0,,0,,,353,1167,5,0,0,56,-47.5002952397566,0,26,26,179,0,1,0,0,0,8,7.45619098551254,0,0.0,0.0869565217391304,,,0,164.6,190.6
2003,REG+POST,00-0006043,,Terry Glenn,WR,WR,,14,DAL,0,1,0,0,0,0,0,0,0,0,0,0,-0.414870762964711,0,,,3,55,0,0,0,1,2.64424047543434,0,56,56,792,5,2,0,0,0,39,65.2470608100994,0,0.0,0.204379562043796,,,0,114.7,170.7
2003,REG+POST,00-0006101,,Tony Gonzalez,TE,TE,,17,KC,0,0,0,0,0,0,0,0,0,0,0,0,,0,,,0,0,0,0,0,0,,0,75,75,970,10,0,0,0,0,50,80.0228668861643,0,0.0,0.210084033613445,,,0,157.0,232.0
2003,REG+POST,00-0006133,,Hunter Goodwin,TE,TE,,5,MIN,0,0,0,0,0,0,0,0,0,0,0,0,,0,,,0,0,0,0,0,0,,0,4,4,26,0,0,0,0,0,1,0.184256610666582,1,0.0,0.051948051948052,,,0,4.6,8.6
2003,REG+POST,00-0006305,,Ahman Green,RB,RB,,18,GB,0,0,0,0,0,0,0,0,0,0,0,0,,0,,,403,2105,17,7,5,109,25.2366858150894,0,58,58,427,5,0,0,0,0,22,26.0938904113601,0,0.0,0.177914110429448,,,0,375.2,433.2
2003,REG+POST,00-0006355,,Trent Green,QB,QB,,17,KC,348,553,4251,25,12,20,130,4,1,0,0,211,115.517370740273,0,0.0,0.120011344893406,29,101,2,1,0,9,2.84744837292927,0,0,0,0,0,0,0,0,0,0,,0,,,,,0,266.14,266.14
2003,REG+POST,00-0006423,,Brian Griese,QB,QB,,5,MIA,74,130,813,5,6,12,83,4,4,0,0,36,-41.8244177062222,0,0.0,0.0272501966747781,5,15,0,0,0,0,-0.915000400447752,0,0,0,0,0,0,0,0,0,0,,0,,,,,0,34.02,34.02
2003,REG+POST,00-0006627,,Az-Zahir Hakim,WR,WR,,13,DET,1,1,21,0,0,0,0,0,0,0,0,1,1.47482860583114,0,0.0,,3,51,0,0,0,1,3.84418503346387,0,49,49,449,4,2,1,0,0,27,36.43750507505,1,0.0,0.196,,,0,74.84,123.84
2003,REG+POST,00-0006777,,Karl Hankton,WR,WR,,2,CAR,0,0,0,0,0,0,0,0,0,0,0,0,,0,,,0,0,0,0,0,0,,0,2,2,27,0,0,0,0,0,2,2.57660061423667,0,0.0,0.0606060606060606,,,0,2.7,4.7
2003,REG+POST,00-0006804,,Patrick Hape,TE,TE,,2,DEN,0,0,0,0,0,0,0,0,0,0,0,0,,0,,,0,0,0,0,0,0,,0,3,3,30,0,0,0,0,0,2,2.0011168908095,0,0.0,0.0731707317073171,,,0,3.0,6.0
2003,REG+POST,00-0007024,,Marvin Harrison,WR,WR,,18,IND,0,0,0,0,0,0,0,0,0,0,0,0,,0,,,1,3,0,0,0,0,-0.277064732508734,0,110,110,1522,12,3,3,0,0,71,118.031187903421,0,0.0,0.258823529411765,,,0,218.5,328.5
2003,REG+POST,00-0007091,,Matt Hasselbeck,QB,QB,"https://static.www.nfl.com/image/private/f_auto,q_auto/league/t1nf9avoy2kauqwrvzza",17,SEA,338,558,4149,26,16,44,260,3,1,0,0,203,79.2584036909579,0,0.0,0.109633809266027,36,125,2,2,0,10,-2.47453789250577,0,0,0,0,0,0,0,0,0,0,,0,,,,,0,260.46,260.46
2003,REG+POST,00-0007103,,Matt Hatchette,WR,WR,,6,JAX,0,0,0,0,0,0,0,0,0,0,0,0,,0,,,0,0,0,0,0,0,,0,15,15,203,2,0,0,0,0,10,21.2486096708312,0,0.0,0.1171875,,,0,32.3,47.3
2003,REG+POST,00-0007180,,Garrison Hearst,RB,RB,,12,SF,0,0,0,0,0,0,0,0,0,0,0,0,,0,,,178,768,3,2,2,38,-14.5749260785513,0,25,25,211,1,0,0,0,0,7,13.4088475395866,0,0.0,0.115740740740741,,,0,117.9,142.9
2003,REG+POST,00-0007213,,Steve Heiden,TE,TE,"https://static.www.nfl.com/image/private/f_auto,q_auto/league/gbtrxatwcauhazpjejcr",7,CLE,0,0,0,0,0,0,0,0,0,0,0,0,,0,,,0,0,0,0,0,0,,0,18,18,134,0,0,0,0,0,4,5.68181970424485,0,0.0,0.119205298013245,,,0,13.4,31.4
2003,REG+POST,00-0007254,,William Henderson,FB,RB,,13,GB,0,0,0,0,0,0,0,0,0,0,0,0,,0,,,0,0,0,0,0,0,,0,28,28,256,3,0,0,0,0,15,16.8147903514328,0,0.0,0.104868913857678,,,0,43.6,71.6
2003,REG+POST,00-0007308,,Craig Hentrich,P,SPEC,,5,TEN,2,5,25,0,0,0,0,0,0,0,0,2,-1.01136225444498,0,0.0,0.0256732119134431,0,0,0,0,0,0,,0,0,0,0,0,0,0,0,0,0,,0,,,,,0,1.0,1.0
2003,REG+POST,00-0007357,,Chris Hetherington,FB,RB,,2,LV,0,0,0,0,0,0,0,0,0,0,0,0,,0,,,0,0,0,0,0,0,,0,2,2,23,0,0,0,0,0,1,1.02461323747411,0,0.0,0.0645161290322581,,,0,2.3,4.3
2003,REG+POST,00-0007468,,Ike Hilliard,WR,WR,,13,NYG,0,0,0,0,0,0,0,0,0,0,0,0,,0,,,2,19,0,0,0,1,1.15619273739867,0,60,60,608,6,2,2,0,0,38,49.1191603799234,0,0.0,0.204778156996587,,,0,94.7,154.7
2003,REG+POST,00-0007546,,James Hodgins,RB,RB,,9,ARI,0,0,0,0,0,0,0,0,0,0,0,0,,0,,,2,6,0,0,0,1,-0.143786637054291,0,14,14,58,2,1,0,0,0,2,2.76874952562503,0,0.0,0.0858895705521472,,,0,18.4,32.4
2003,REG+POST,00-0007576,,Kelly Holcomb,QB,QB,,10,CLE,193,302,1797,10,12,21,166,4,2,0,0,94,-21.0509824953532,0,0.0,0.0407327070249852,8,7,0,1,0,0,-7.09891822544159,0,0,0,0,0,0,0,0,0,0,,0,,,,,0,84.58,84.58
2003,REG+POST,00-0007579,,Robert Holcombe,FB,RB,,15,TEN,0,0,0,0,0,0,0,0,0,0,0,0,,0,,,63,201,1,2,1,11,-18.2203328393301,1,19,19,140,1,0,0,0,19,5,1.89800923451548,0,0.0,0.087962962962963,,,0,46.1,65.1
2003,REG+POST,00-0007661,,Priest Holmes,RB,RB,,17,KC,0,1,0,0,0,0,0,0,0,0,0,0,-1.21116994069266,0,,,344,1596,29,2,2,97,43.8322949804182,0,79,79,722,0,0,0,0,0,38,34.3354353899776,0,0.0,0.221288515406162,,,0,401.8,480.8
2003,REG+POST,00-0007681,,Torry Holt,WR,WR,,17,LA,0,0,0,0,0,0,0,0,0,0,0,0,,0,,,1,5,0,0,0,0,0.0639176475815475,0,119,119,1717,12,1,0,0,0,85,162.889507051648,0,0.0,0.294554455445545,,,0,244.2,363.2
2003,REG+POST,00-0007744,,Joe Horn,WR,WR,,15,NO,1,1,14,0,0,0,0,0,0,0,0,1,0.892313482356258,0,0.0,,2,15,0,0,0,1,0.482740672305226,0,78,78,973,10,2,0,0,0,52,93.32910595875,0,0.0,0.260869565217391,,,0,159.36,237.36
2003,REG+POST,00-0007834,,Brock Huard,QB,QB,,3,IND,6,8,39,0,0,1,3,0,0,0,0,3,-1.39770190411946,0,0.0,0.0257713041299392,2,9,0,1,0,0,-0.852893452625722,0,0,0,0,0,0,0,0,0,0,,0,,,,,0,2.46,2.46
2003,REG+POST,00-0007835,,Damon Huard,QB,QB,,1,NE,0,1,0,0,0,0,0,0,0,0,0,0,-1.39903314202093,0,,,1,-1,0,0,0,0,0.0,0,0,0,0,0,0,0,0,0,0,,0,,,,,0,-0.1,-0.1
2003,REG+POST,00-0008241,,Edgerrin James,RB,RB,,16,IND,0,0,0,0,0,0,0,0,0,0,0,0,,0,,,371,1538,14,6,4,105,2.79932477389054,0,59,59,358,0,0,0,0,0,11,9.67222719389475,0,0.0,0.162983425414365,,,0,265.6,324.6
2003,REG+POST,00-0008313,,Shawn Jefferson,WR,WR,,5,DET,0,0,0,0,0,0,0,0,0,0,0,0,,0,,,1,3,0,0,0,0,-0.206597039476037,0,6,6,46,0,0,0,0,0,2,-1.067556013586,0,0.0,0.0545454545454545,,,0,4.9,10.9
2003,REG+POST,00-0008442,,Brad Johnson,QB,QB,,16,TB,354,570,3821,26,21,20,111,5,1,0,0,184,42.2970271299384,1,0.0,0.0745967866720969,25,33,0,1,1,4,-7.18102204613388,0,0,0,0,0,0,0,0,0,0,,0,,,,,0,216.14,216.14
2003,REG+POST,00-0008560,,Kevin Johnson,WR,WR,,15,JAX,0,1,0,0,0,0,0,0,0,0,0,0,-0.381832993822172,0,,,0,0,0,0,0,0,,0,58,58,634,3,0,0,0,0,32,58.2998979068652,0,0.0,0.2,,,0,81.4,139.4
2003,REG+POST,00-0008561,,Keyshawn Johnson,WR,WR,,10,TB,0,0,0,0,0,0,0,0,0,0,0,0,,0,,,0,0,0,0,0,0,,0,45,45,601,3,0,0,0,0,33,54.7455323303106,0,0.0,0.194805194805195,,,0,78.1,123.1
2003,REG+POST,00-0008568,,Leon Johnson,RB,RB,,3,LAC,0,0,0,0,0,0,0,0,0,0,0,0,,0,,,4,26,0,0,0,1,0.353238154551946,0,0,0,0,0,0,0,0,0,0,,0,,,,,0,2.6,2.6
2003,REG+POST,00-0008598,,Pat Johnson,WR,WR,,8,WAS,0,0,0,0,0,0,0,0,0,0,0,0,,0,,,0,0,0,0,0,0,,0,15,15,170,1,0,0,0,0,11,21.0966305684706,0,0.0,0.104895104895105,,,0,23.0,38.0
2003,REG+POST,00-0008612,,Rob Johnson,QB,QB,,3,LV,11,20,93,0,1,4,21,0,0,0,0,5,-11.4344064138131,0,0.0,0.0332594772575345,3,21,0,0,0,1,0.611129315919243,0,0,0,0,0,0,0,0,0,0,,0,,,,,0,3.82,3.82
2003,REG+POST,00-0008749,,Freddie Jones,TE,TE,,15,ARI,0,0,0,0,0,0,0,0,0,0,0,0,,0,,,0,0,0,0,0,0,,0,55,55,517,3,0,0,0,0,19,33.8021717348985,0,0.0,0.189655172413793,,,0,69.7,124.7
2003,REG+POST,00-0008962,,Joe Jurevicius,WR,WR,,4,TB,0,0,0,0,0,0,0,0,0,0,0,0,,0,,,0,0,0,0,0,0,,0,12,12,118,2,0,0,0,0,9,11.6357945743366,0,0.0,0.12,,,0,23.8,35.8
2003,REG+POST,00-0009007,,Danny Kanell,QB,QB,,5,DEN,53,103,442,2,5,2,24,2,0,0,0,26,-31.8419512546767,0,0.0,0.0267144691615884,6,5,0,1,0,1,-1.77602118207142,0,0,0,0,0,0,0,0,0,0,,0,,,,,0,16.18,16.18
2003,REG+POST,00-0009119,,Reggie Kelly,TE,TE,,9,CIN,0,0,0,0,0,0,0,0,0,0,0,0,,0,,,0,0,0,0,0,0,,0,13,13,81,1,0,0,0,0,3,2.91939713525648,0,0.0,0.0706521739130435,,,0,14.1,27.1
2003,REG+POST,00-0009163,,Eddie Kennison,WR,WR,,17,KC,0,0,0,0,0,0,0,0,0,0,0,0,,0,,,2,9,0,0,0,0,-0.16404794214759,0,59,59,904,5,1,1,0,0,46,86.7829572220508,0,0.0,0.165266106442577,,,0,119.3,178.3
2003,REG+POST,00-0009266,,Shaun King,QB,QB,,3,TB,15,22,130,1,1,3,25,0,0,0,0,6,-3.30804323725686,0,0.0,0.0332705817871655,4,20,0,0,0,3,1.80362504004734,0,0,0,0,0,0,0,0,0,0,,0,,,,,0,9.2,9.2
2003,REG+POST,00-0009311,,Jon Kitna,QB,QB,,16,CIN,325,521,3605,26,15,37,253,7,4,0,0,181,48.4729626270606,0,0.0,0.0948553117747469,38,117,0,2,0,7,-2.20040001673624,0,0,0,0,0,0,0,0,0,0,,0,,,,,0,221.9,221.9
2003,REG+POST,00-0009323,,Jimmy Kleinsasser,TE,TE,,14,MIN,0,0,0,0,0,0,0,0,0,0,0,0,,0,,,2,15,0,0,0,1,1.34793084673584,0,46,46,401,4,0,0,0,0,23,41.187145395597,0,0.0,0.151315789473684,,,0,65.6,111.6
2003,REG+POST,00-0009417,,Rob Konrad,FB,RB,,9,MIA,0,0,0,0,0,0,0,0,0,0,0,0,,0,,,4,17,0,0,0,1,-0.0545179670443758,0,16,16,166,0,0,0,0,0,9,13.9092360425566,0,0.0,0.129032258064516,,,0,18.3,34.3
2003,REG+POST,00-0009443,,Brian Kozlowski,TE,TE,,9,ATL,0,0,0,0,0,0,0,0,0,0,0,0,,0,,,0,0,0,0,0,0,,0,10,10,87,0,0,0,0,0,7,8.77541705805925,0,0.0,0.0714285714285714,,,0,8.7,18.7
2003,REG+POST,00-0009472,,Olin Kreutz,C,OL,,1,CHI,0,0,0,0,0,0,0,0,0,0,0,0,,0,,,0,0,0,0,0,0,,0,1,1,-8,0,0,0,0,0,0,-1.46121348557062,0,0.0,0.0769230769230769,,,0,-0.8,0.2
2003,REG+POST,00-0009829,,Dorsey Levens,RB,RB,,11,NYG,0,0,0,0,0,0,0,0,0,0,0,0,,0,,,68,197,3,0,0,14,-8.09767019259743,0,5,5,39,0,0,0,0,0,2,3.05841401650105,0,0.0,0.0625,,,0,41.6,46.6
2003,REG+POST,00-0009842,,Chad Lewis,TE,TE,,16,PHI,0,0,0,0,0,0,0,0,0,0,0,0,,0,,,0,0,0,0,0,0,,0,31,31,399,1,0,0,0,0,21,29.8986533526331,0,0.0,0.109154929577465,,,0,45.9,76.9
2003,REG+POST,00-0009869,,Jermaine Lewis,WR,WR,,2,JAX,0,0,0,0,0,0,0,0,0,0,0,0,,0,,,1,6,0,0,0,1,0.616702225408517,0,4,4,100,1,0,0,0,0,3,7.06731137752649,0,0.0,0.0816326530612245,,,0,16.6,20.6
2003,REG+POST,00-0010007,,Kevin Lockett,WR,WR,,3,NYJ,0,0,0,0,0,0,0,0,0,0,0,0,,0,,,0,0,0,0,0,0,,0,5,5,76,0,0,0,0,0,5,10.0004914922756,0,0.0,0.0819672131147541,,,0,7.6,12.6
2003,REG+POST,00-0010240,,Stacey Mack,RB,RB,,8,HOU,0,1,0,0,1,0,0,0,0,0,0,0,-4.32260735688033,0,,,93,253,4,1,1,15,-18.9682730545252,0,9,9,55,0,1,1,0,0,3,-2.97806494007818,0,0.0,0.108433734939759,,,0,48.8,57.8
2003,REG+POST,00-0010261,,Tommy Maddox,QB,QB,,16,PIT,298,519,3414,18,17,41,242,4,2,0,0,171,-24.3792046982228,0,0.0,0.0485880122821719,13,12,0,1,0,0,-13.4789728857801,0,0,0,0,0,0,0,0,0,0,,0,,,,,0,171.76,171.76
2003,REG+POST,00-0010333,,Kris Mangum,TE,TE,,12,CAR,0,0,0,0,0,0,0,0,0,0,0,0,,0,,,0,0,0,0,0,0,,0,19,19,201,0,0,0,0,0,12,12.2137915388739,0,0.0,0.0940594059405941,,,0,20.1,39.1
2003,REG+POST,00-0010346,,Peyton Manning,QB,QB,"https://static.www.nfl.com/image/private/f_auto,q_auto/league/xpcd6auodk3w0vda6jal",19,IND,446,669,5185,38,14,24,151,2,1,0,0,256,179.56676625752,1,0.0,0.138479445953171,31,32,0,5,0,3,-13.0203329980101,0,1,1,-2,0,0,0,0,0,0,-0.431028496590443,0,0.0,0.0454545454545455,,,0,334.4,335.4
2003,REG+POST,00-0010442,,Curtis Martin,RB,RB,,16,NYJ,0,0,0,0,0,0,0,0,0,0,0,0,,0,,,323,1308,2,2,2,53,-28.9817344800685,0,42,42,262,0,0,0,0,0,9,-1.46116733347299,0,0.0,0.150537634408602,,,0,165.0,207.0
2003,REG+POST,00-0010500,,Derrick Mason,WR,WR,,18,TEN,0,0,0,0,0,0,0,0,0,0,0,0,,0,,,3,11,0,0,0,1,1.46807945892215,0,105,105,1421,9,0,0,0,0,75,125.317016720062,0,0.0,0.302593659942363,,,0,197.2,302.2
2003,REG+POST,00-0010609,,Brad Maynard,P,SPEC,,1,CHI,0,0,0,0,0,0,0,0,0,0,0,0,,0,,,1,0,0,1,1,0,-3.63882827339694,0,0,0,0,0,0,0,0,0,0,,0,,,,,0,-2.0,-2.0
2003,REG+POST,00-0010632,,Fred McAfee,RB,RB,,1,NO,0,0,0,0,0,0,0,0,0,0,0,0,,0,,,1,13,0,0,0,1,3.21078192116693,0,0,0,0,0,0,0,0,0,0,,0,,,,,0,1.3,1.3
2003,REG+POST,00-0010650,,Ed McCaffrey,WR,WR,,9,DEN,0,0,0,0,0,0,0,0,0,0,0,0,,0,,,0,0,0,0,0,0,,0,19,19,195,0,0,0,0,0,12,20.9615842428899,0,0.0,0.125,,,0,19.5,38.5
2003,REG+POST,00-0010668,,Keenan McCardell,WR,WR,,16,TB,0,0,0,0,0,0,0,0,0,0,0,0,,0,,,0,0,0,0,0,0,,0,84,84,1179,8,1,1,0,-1,53,108.619217349642,0,0.0,0.227642276422764,,,0,163.9,247.9
2003,REG+POST,00-0010747,,Fred McCrary,RB,RB,,3,NE,0,0,0,0,0,0,0,0,0,0,0,0,,0,,,3,3,0,0,0,1,-2.11816570709925,0,2,2,12,0,0,0,0,0,1,0.710797514999285,0,0.0,0.04,,,0,1.5,3.5
2003,REG+POST,00-0010844,,Scott McGarrahan,DB,DB,,1,TEN,0,0,0,0,0,0,0,0,0,0,0,0,,0,,,0,0,0,0,0,0,,0,1,1,10,0,0,0,0,0,1,2.71073981025256,0,0.0,0.0454545454545455,,,0,1.0,2.0
2003,REG+POST,00-0010974,,James McKnight,WR,WR,,12,MIA,0,0,0,0,0,0,0,0,0,0,0,0,,0,,,2,75,1,0,0,1,6.35504525853321,0,23,23,285,2,1,0,0,0,11,24.858980212477,0,0.0,0.123655913978495,,,0,54.0,77.0
2003,REG+POST,00-0011022,,Donovan McNabb,QB,QB,,18,PHI,307,540,3571,18,14,55,334,8,4,0,0,169,-20.185567755275,0,0.0,0.0642958267516249,83,476,3,2,0,32,18.3545820825727,0,1,1,-7,0,0,0,0,0,0,-0.814070303575136,0,0.0,0.0416666666666667,,,0,243.74,244.74
2003,REG+POST,00-0011024,,Steve McNair,QB,QB,,16,TEN,282,449,3615,26,11,23,122,8,4,0,0,181,98.8209465202612,1,0.0,0.134645939853831,43,165,4,4,2,13,3.60562123307718,1,1,1,4,0,0,0,0,0,0,-0.0795536823570728,0,0.0,0.0769230769230769,,,0,259.5,260.5
2003,REG+POST,00-0011053,,R.W. McQuarters,CB,DB,,1,CHI,0,0,0,0,0,0,0,0,0,0,0,0,,0,,,0,0,0,0,0,0,,0,0,0,0,0,0,0,0,0,0,,0,,,,,1,6.0,6.0
2003,REG+POST,00-0011224,,Itula Mili,TE,TE,,17,SEA,0,0,0,0,0,0,0,0,0,0,0,0,,0,,,0,0,0,0,0,0,,0,52,52,554,4,0,0,0,0,32,46.3975600462873,0,0.0,0.152046783625731,,,0,79.4,131.4
2003,REG+POST,00-0011236,,Billy Miller,TE,TE,,15,HOU,0,0,0,0,0,0,0,0,0,0,0,0,,0,,,0,0,0,0,0,0,,0,40,40,355,3,0,0,0,0,18,25.8583901916281,0,0.0,0.170212765957447,,,0,53.5,93.5
2003,REG+POST,00-0011279,,Josh Miller,P,SPEC,,1,PIT,1,1,81,1,0,0,0,0,0,0,0,1,8.92813385510817,0,0.0,,0,0,0,0,0,0,,0,0,0,0,0,0,0,0,0,0,,0,,,,,0,7.24,7.24
2003,REG+POST,00-0011378,,Rick Mirer,QB,QB,,9,LV,116,221,1267,3,5,22,122,3,1,0,0,64,-37.4328048763927,0,0.0,0.0242428051021001,20,83,1,1,1,5,-0.5788162034587,0,0,0,0,0,0,0,0,0,0,,0,,,,,0,62.98,62.98
2003,REG+POST,00-0011399,,Brian Mitchell,RB,RB,,4,NYG,0,0,0,0,0,0,0,0,0,0,0,0,,0,,,4,20,1,0,0,2,1.3265243472415,0,4,4,38,0,0,0,0,0,1,0.155963000440633,0,0.0,0.0677966101694915,,,0,11.8,15.8
2003,REG+POST,00-0011463,,Chris Mohr,P,SPEC,,1,ATL,0,1,0,0,0,0,0,0,0,0,0,0,-2.09655296429992,0,,,0,0,0,0,0,0,,0,0,0,0,0,0,0,0,0,0,,0,,,,,0,0.0,0.0
2003,REG+POST,00-0011551,,Dave Moore,TE,TE,,5,BUF,0,0,0,0,0,0,0,0,0,0,0,0,,0,,,0,0,0,0,0,0,,0,7,7,82,2,1,0,0,0,4,9.90452990919584,0,0.0,0.0666666666666667,,,0,20.2,27.2
2003,REG+POST,00-0011626,,Brian Moorman,P,SPEC,,1,BUF,0,0,0,0,0,0,0,0,0,0,0,0,,0,,,1,21,0,1,0,1,4.34856210462749,0,0,0,0,0,0,0,0,0,0,,0,,,,,0,2.1,2.1
2003,REG+POST,00-0011727,,Johnnie Morton,WR,WR,,16,KC,0,0,0,0,0,0,0,0,0,0,0,0,,0,,,9,99,0,0,0,3,3.13942560210126,0,51,51,754,4,0,0,0,0,37,71.5563178394514,0,0.0,0.152694610778443,,,0,109.3,160.3
2003,REG+POST,00-0011754,,Randy Moss,WR,WR,,16,MIN,0,1,0,0,0,0,0,0,0,0,0,0,-0.414680850226432,0,,,6,18,0,0,0,1,-0.0975284775486216,0,111,111,1632,17,1,1,0,0,74,144.000806142892,0,0.0,0.333333333333333,,,0,265.0,376.0
2003,REG+POST,00-0011770,,Eric Moulds,WR,WR,,13,BUF,0,0,0,0,0,0,0,0,0,0,0,0,,0,,,0,0,0,0,0,0,,0,64,64,780,1,0,0,0,0,35,61.666546226712,0,0.0,0.272340425531915,,,0,84.0,148.0
2003,REG+POST,00-0011795,,Muhsin Muhammad,WR,WR,,19,CAR,0,0,0,0,0,0,0,0,0,0,0,0,,0,,,5,12,0,0,0,0,-2.93358057091245,0,69,69,1189,5,4,1,0,0,50,97.6657597653498,0,0.0,0.217665615141956,,,0,148.1,217.1
2003,REG+POST,00-0011869,,Adrian Murrell,RB,RB,,3,DAL,0,0,0,0,0,0,0,0,0,0,0,0,,0,,,28,107,0,0,0,5,-0.0582369056646712,0,4,4,32,0,0,0,0,0,2,2.12371471710503,0,0.0,0.108108108108108,,,0,13.9,17.9
2003,REG+POST,00-0011958,,Lorenzo Neal,FB,RB,,13,LAC,0,0,0,0,0,0,0,0,0,0,0,0,,0,,,18,40,1,0,0,7,2.18609223241219,0,16,16,62,0,0,0,0,0,2,-0.960933888098225,0,0.0,0.0751173708920188,,,0,16.2,32.2
2003,REG+POST,00-0012261,,Neil O'Donnell,QB,QB,,1,TEN,18,27,232,2,1,0,0,0,0,0,0,13,6.29342623766773,0,0.0,0.131603141130623,1,-1,0,0,0,0,0.0,0,0,0,0,0,0,0,0,0,0,,0,,,,,0,15.18,15.18
2003,REG+POST,00-0012322,,Jonathan Ogden,T,OL,,1,BAL,0,0,0,0,0,0,0,0,0,0,0,0,,0,,,0,0,0,0,0,0,,0,1,1,1,1,0,0,0,0,1,1.28236867947271,0,0.0,0.0588235294117647,,,0,6.1,7.1
2003,REG+POST,00-0012478,,Terrell Owens,WR,WR,,15,SF,0,0,0,0,0,0,0,0,0,0,0,0,,0,,,3,-2,0,0,0,0,-3.32646495563677,0,80,80,1102,9,0,0,0,0,55,94.4614708289555,0,0.0,0.288808664259928,,,0,164.0,244.0
2003,REG+POST,00-0012637,,Jerome Pathon,WR,WR,,16,NO,0,0,0,0,0,0,0,0,0,0,0,0,,0,,,0,0,0,0,0,0,,0,44,44,578,4,1,1,0,21,28,49.2728977041881,0,0.0,0.140127388535032,,,0,79.8,123.8
2003,REG+POST,00-0012642,,David Patten,WR,WR,,5,NE,0,0,0,0,0,0,0,0,0,0,0,0,,0,,,1,4,0,0,0,0,-0.0616734153591096,0,9,9,140,0,0,0,0,0,6,9.33123083214741,0,0.0,0.103448275862069,,,0,14.4,23.4
2003,REG+POST,00-0012726,,Doug Pederson,QB,QB,,4,GB,2,2,16,0,0,0,0,0,0,0,0,0,-2.10208555590361,0,0.0,,8,-7,0,0,0,0,0.110850438592024,0,0,0,0,0,0,0,0,0,0,,0,,,,,0,-0.06,-0.06
2003,REG+POST,00-0012732,,Rodney Peete,QB,QB,,1,CAR,4,10,19,0,0,3,20,0,0,0,0,0,-11.9382193851634,0,0.0,0.0613297803679645,0,0,0,0,0,0,,0,0,0,0,0,0,0,0,0,0,,0,,,,,0,0.76,0.76
2003,REG+POST,00-0013013,,Michael Pittman,RB,RB,"https://static.www.nfl.com/image/private/f_auto,q_auto/league/xt52pieoe86wnuy0imar",16,TB,0,0,0,0,0,0,0,0,0,0,0,0,,0,,,187,751,0,2,0,37,-20.4397159275864,0,75,75,591,2,2,1,0,-5,21,22.8536061342872,0,0.0,0.203252032520325,,,0,144.2,219.2
2003,REG+POST,00-0013042,,Jake Plummer,QB,QB,,12,DEN,212,332,2364,16,9,16,78,4,2,0,0,123,39.4514543688287,0,0.0,0.113489079497181,40,223,3,1,1,18,20.2279552016407,0,0,0,0,0,0,0,0,0,0,,0,,,,,0,174.86,174.86
2003,REG+POST,00-0013080,,Marcus Pollard,TE,TE,,16,IND,0,0,0,0,0,0,0,0,0,0,0,0,,0,,,0,0,0,0,0,0,,0,50,50,697,4,2,0,0,0,34,60.1954802442633,0,0.0,0.132275132275132,,,0,93.7,143.7
2003,REG+POST,00-0013232,,Peerless Price,WR,WR,,16,ATL,0,0,0,0,0,0,0,0,0,0,0,0,,0,,,2,3,0,0,0,0,-0.527909035794437,0,64,64,838,3,0,0,0,0,40,63.550987006747,0,0.0,0.278260869565217,,,0,102.1,166.1
2003,REG+POST,00-0013262,,Stanley Pritchett,RB,RB,,14,CHI,0,0,0,0,0,0,0,0,0,0,0,0,,0,,,21,93,2,0,0,7,3.17483795475112,0,18,18,83,0,0,0,0,0,5,4.93945512499888,0,0.0,0.105263157894737,,,0,29.6,47.6
2003,REG+POST,00-0013268,,Ricky Proehl,WR,WR,,14,CAR,0,0,0,0,0,0,0,0,0,0,0,0,,0,,,0,0,0,0,0,0,,0,32,32,467,5,0,0,0,0,19,47.5324803024371,0,0.0,0.130081300813008,,,0,76.7,108.7
2003,REG+POST,00-0013422,,Walter Rasby,TE,TE,,5,NO,0,0,0,0,0,0,0,0,0,0,0,0,,0,,,0,0,0,0,0,0,,0,6,6,55,0,0,0,0,0,3,4.77068842074368,0,0.0,0.0594059405940594,,,0,5.5,11.5
2003,REG+POST,00-0013639,,Jerry Rice,WR,WR,,16,LV,0,1,0,0,0,0,0,0,0,0,0,0,-0.406588605139405,0,,,0,0,0,0,0,0,,0,63,63,861,2,2,1,0,0,43,64.0328699682723,0,0.0,0.227436823104693,,,0,96.1,159.1
2003,REG+POST,00-0013694,,Tony Richardson,FB,RB,,11,KC,0,0,0,0,0,0,0,0,0,0,0,0,,0,,,24,59,0,0,0,4,-4.69003892020457,0,13,13,86,0,0,0,0,0,4,4.12646294455044,0,0.0,0.0838709677419355,,,0,14.5,27.5
2003,REG+POST,00-0013712,,Mikhael Ricks,TE,TE,,13,DET,0,0,0,0,0,0,0,0,0,0,0,0,,0,,,0,0,0,0,0,0,,0,37,37,434,2,0,0,0,0,24,37.3112191292748,0,0.0,0.133093525179856,,,0,55.4,92.4
2003,REG+POST,00-0013728,,Jay Riemersma,TE,TE,,6,PIT,0,0,0,0,0,0,0,0,0,0,0,0,,0,,,0,0,0,0,0,0,,0,10,10,138,1,0,0,0,0,7,11.0907448455109,0,0.0,0.0806451612903226,,,0,19.8,29.8
2003,REG+POST,00-0013773,,Jon Ritchie,FB,RB,,12,PHI,0,0,0,0,0,0,0,0,0,0,0,0,,0,,,1,1,0,0,0,0,-0.264691078104079,0,18,18,87,3,0,0,0,0,8,7.63192110872478,0,0.0,0.0952380952380952,,,0,26.8,44.8
2003,REG+POST,00-0013872,,Jeff Robinson,LS,SPEC,,2,DAL,0,0,0,0,0,0,0,0,0,0,0,0,,0,,,0,0,0,0,0,0,,0,2,2,8,2,0,0,0,0,2,3.05358456159593,0,0.0,0.0454545454545455,,,0,12.8,14.8
2003,REG+POST,00-0013888,,Marcus Robinson,WR,WR,,14,BAL,0,0,0,0,0,0,0,0,0,0,0,0,,0,,,0,0,0,0,0,0,,0,32,32,464,6,0,0,0,0,24,48.7702205284682,0,0.0,0.164102564102564,,,0,82.4,114.4
2003,REG+POST,00-0014071,,Allen Rossum,DB,DB,,1,ATL,0,0,0,0,0,0,0,0,0,0,0,0,,0,,,0,0,0,0,0,0,,0,0,0,0,0,0,0,0,0,0,,0,,,,,1,6.0,6.0
2003,REG+POST,00-0014115,,Mark Royals,P,SPEC,,1,JAX,0,1,0,0,1,0,0,0,0,0,0,0,-3.22048020060174,0,,,0,0,0,0,0,0,,0,0,0,0,0,0,0,0,0,0,,0,,,,,0,-2.0,-2.0
2003,REG+POST,00-0014328,,Frank Sanders,WR,WR,,8,BAL,0,0,0,0,0,0,0,0,0,0,0,0,,0,,,0,0,0,0,0,0,,0,14,14,170,0,0,0,0,0,10,17.3813877257635,0,0.0,0.130841121495327,,,0,17.0,31.0
2003,REG+POST,00-0014350,,O.J. Santiago,TE,TE,,4,LV,0,0,0,0,0,0,0,0,0,0,0,0,,0,,,0,0,0,0,0,0,,0,5,5,69,0,0,0,0,0,2,5.19521325011738,0,0.0,0.121951219512195,,,0,6.9,11.9
2003,REG+POST,00-0014358,,Warren Sapp,DT,DL,,4,TB,0,0,0,0,0,0,0,0,0,0,0,0,,0,,,0,0,0,0,0,0,,0,4,4,39,2,0,0,0,0,4,7.76767773291795,0,0.0,0.0459770114942529,,,0,15.9,19.9
2003,REG+POST,00-0014377,,Todd Sauerbrun,P,SPEC,,1,CAR,0,1,0,0,0,0,0,0,0,0,0,0,-1.84751861100085,0,,,0,0,0,0,0,0,,0,0,0,0,0,0,0,0,0,0,,0,,,,,0,0.0,0.0
2003,REG+POST,00-0014450,,Cory Schlesinger,RB,RB,,16,DET,0,0,0,0,0,0,0,0,0,0,0,0,,0,,,9,16,0,0,0,5,1.44128108327277,0,34,34,247,2,0,0,0,0,11,11.5624107519689,0,0.0,0.108974358974359,,,0,38.3,72.3
2003,REG+POST,00-0014489,,Bill Schroeder,WR,WR,,14,DET,0,1,0,0,0,0,0,0,0,0,0,0,-0.434659628430381,0,,,0,0,0,0,0,0,,0,36,36,397,2,0,0,0,0,24,36.7133935664598,0,0.0,0.123711340206186,,,0,51.7,87.7
2003,REG+POST,00-0014722,,Shannon Sharpe,TE,TE,,16,DEN,0,0,0,0,0,0,0,0,0,0,0,0,,0,,,0,0,0,0,0,0,,0,67,67,801,8,0,0,0,0,42,68.3563594659057,0,0.0,0.231034482758621,,,0,128.1,195.1
2003,REG+POST,00-0014729,,Bobby Shaw,WR,WR,,15,BUF,0,0,0,0,0,0,0,0,0,0,0,0,,0,,,0,0,0,0,0,0,,0,56,56,732,4,1,1,0,0,37,63.006913999503,0,0.0,0.207407407407407,,,0,95.2,151.2
2003,REG+POST,00-0014902,,Jason Simmons,DB,DB,,1,HOU,0,0,0,0,0,0,0,0,0,0,0,0,,0,,,1,7,0,0,0,1,3.16205596365035,0,0,0,0,0,0,0,0,0,0,,0,,,,,0,0.7,0.7
2003,REG+POST,00-0015091,,Antowain Smith,RB,RB,,16,NE,0,0,0,0,0,0,0,0,0,0,0,0,,0,,,246,894,5,0,0,42,-28.7143393747805,0,16,16,101,0,1,1,0,0,5,-3.23222457381088,0,0.0,0.0784313725490196,,,0,127.5,143.5
2003,REG+POST,00-0015165,,Emmitt Smith,RB,RB,,10,ARI,0,0,0,0,0,0,0,0,0,0,0,0,,0,,,90,256,2,2,0,15,-14.1664873279515,0,14,14,107,0,0,0,0,0,4,2.76204615156166,0,0.0,0.110236220472441,,,0,48.3,62.3
2003,REG+POST,00-0015194,,Hunter Smith,P,SPEC,,2,IND,0,0,0,0,0,0,0,0,0,0,0,0,,0,,,2,21,1,0,0,1,3.35472929722164,0,0,0,0,0,0,0,0,0,0,,0,,,,,0,8.1,8.1
2003,REG+POST,00-0015218,,Jimmy Smith,WR,WR,,12,JAX,0,0,0,0,0,0,0,0,0,0,0,0,,0,,,0,0,0,0,0,0,,0,54,55,805,4,1,0,0,0,38,62.5171110474039,0,0.0,0.247747747747748,,,0,104.5,158.5
2003,REG+POST,00-0015242,,Lamar Smith,RB,RB,,4,NO,0,0,0,0,0,0,0,0,0,0,0,0,,0,,,11,61,0,0,0,4,0.0324299995554611,0,1,1,2,0,0,0,0,0,0,0.879621751839295,0,0.0,0.0357142857142857,,,0,6.3,7.3
2003,REG+POST,00-0015290,,Rod Smith,WR,WR,,16,DEN,1,1,72,0,0,0,0,0,0,0,0,1,5.01674337114673,0,0.0,,10,98,0,0,0,4,4.68485078722006,0,79,79,912,4,0,0,0,0,51,68.2456201742779,0,0.0,0.272413793103448,,,1,133.88,212.88
2003,REG+POST,00-0015420,,Jerald Sowell,FB,RB,,16,NYJ,0,0,0,0,0,0,0,0,0,0,0,0,,0,,,1,2,0,0,0,0,-0.390141959069297,0,47,47,436,1,0,0,0,0,27,30.863171697536,0,0.0,0.150641025641026,,,0,49.8,96.8
2003,REG+POST,00-0015523,,Duce Staley,RB,RB,,18,PHI,0,0,0,0,0,0,0,0,0,0,0,0,,0,,,115,581,5,1,1,27,7.85341762550381,0,43,43,441,3,2,1,0,0,22,27.6258909036159,0,0.0,0.159851301115242,,,0,146.2,189.2
2003,REG+POST,00-0015550,,Chad Stanley,P,SPEC,,1,HOU,0,0,0,0,0,0,0,0,0,0,0,0,,0,,,1,12,0,0,0,1,3.11003148264717,0,0,0,0,0,0,0,0,0,0,,0,,,,,0,1.2,1.2
2003,REG+POST,00-0015601,,Aaron Stecker,RB,RB,,12,TB,0,0,0,0,0,0,0,0,0,0,0,0,,0,,,37,125,0,0,0,6,-14.2438057056861,0,9,9,48,1,0,0,0,0,2,1.31321769801434,0,0.0,0.0526315789473684,,,0,23.3,32.3
2003,REG+POST,00-0015700,,Kordell Stewart,QB,QB,,9,CHI,126,251,1418,7,12,25,146,4,3,0,0,69,-73.5239176412126,0,0.0,0.0240481447704421,59,290,3,3,0,24,15.6804969867226,1,0,0,0,0,0,0,0,0,0,,0,,,,,0,103.72,103.72
2003,REG+POST,00-0015751,,J.J. Stokes,WR,WR,,7,NE,0,0,0,0,0,0,0,0,0,0,0,0,,0,,,0,0,0,0,0,0,,0,15,15,154,0,0,0,0,0,6,11.6231890745694,0,0.0,0.0925925925925926,,,0,15.4,30.4
2003,REG+POST,00-0015754,,Brandon Stokley,WR,WR,,8,IND,0,0,0,0,0,0,0,0,0,0,0,0,,0,,,0,0,0,0,0,0,,0,33,33,434,6,0,0,0,0,20,41.4499617279507,0,0.0,0.183333333333333,,,0,79.4,112.4
2003,REG+POST,00-0015811,,Tai Streets,WR,WR,,14,SF,0,0,0,0,0,0,0,0,0,0,0,0,,0,,,0,0,0,0,0,0,,0,47,47,595,7,0,0,0,0,30,59.5226605445197,0,0.0,0.18007662835249,,,0,101.5,148.5
2003,REG+POST,00-0015830,,Mack Strong,FB,RB,,16,SEA,0,0,0,0,0,0,0,0,0,0,0,0,,0,,,37,174,1,1,1,19,5.5756358607905,0,29,29,216,0,0,0,0,0,9,14.0761704508914,0,0.0,0.111538461538462,,,0,43.0,72.0
2003,REG+POST,00-0015842,,Dan Stryzinski,P,SPEC,,1,NYJ,0,1,0,0,0,0,0,0,0,0,0,0,-3.14456634619273,0,,,0,0,0,0,0,0,,0,0,0,0,0,0,0,0,0,0,,0,,,,,0,0.0,0.0
2003,REG+POST,00-0015959,,Kevin Swayne,WR,WR,,2,NYJ,0,0,0,0,0,0,0,0,0,0,0,0,,0,,,0,0,0,0,0,0,,0,2,2,29,1,0,0,0,0,1,2.4863478631014,0,0.0,0.0606060606060606,,,0,8.9,10.9
2003,REG+POST,00-0015980,,Reggie Swinton,WR,WR,,6,DET,0,0,0,0,0,0,0,0,0,0,0,0,,0,,,3,11,0,0,0,0,-0.474218670045957,0,9,9,100,0,0,0,0,0,7,10.546845446981,0,0.0,0.116883116883117,,,2,23.1,32.1
2003,REG+POST,00-0016098,,Fred Taylor,RB,RB,,16,JAX,0,0,0,0,0,0,0,0,0,0,0,0,,0,,,345,1572,6,5,3,77,-12.0582461973187,0,48,48,370,1,1,1,0,0,16,8.20485913206769,0,0.0,0.197530864197531,,,0,228.2,276.2
2003,REG+POST,00-0016193,,Vinny Testaverde,QB,QB,,7,NYJ,123,198,1385,7,2,6,48,0,0,0,0,65,2.78442598805652,0,0.0,0.0557761542718171,6,13,0,1,0,1,-0.0459075927501544,0,0,0,0,0,0,0,0,0,0,,0,,,,,0,80.7,80.7
2003,REG+POST,00-0016263,,Fred Thomas,CB,DB,,1,NO,0,0,0,0,0,0,0,0,0,0,0,0,,0,,,0,0,0,0,0,0,,0,0,0,0,0,0,0,0,0,0,,0,,,,,1,6.0,6.0
2003,REG+POST,00-0016373,,Derrius Thompson,WR,WR,,13,MIA,0,0,0,0,0,0,0,0,0,0,0,0,,0,,,0,0,0,0,0,0,,0,26,26,359,0,0,0,0,0,19,27.1993309601094,0,0.0,0.12093023255814,,,0,35.9,61.9
2003,REG+POST,00-0016440,,James Thrash,WR,WR,,18,PHI,0,0,0,0,0,0,0,0,0,0,0,0,,0,,,5,53,0,0,0,2,0.942527435281984,0,51,51,576,1,0,0,0,0,25,45.4514064028947,0,0.0,0.16504854368932,,,0,68.9,119.9
2003,REG+POST,00-0016485,,Adam Timmerman,G,OL,,1,LA,0,0,0,0,0,0,0,0,0,0,0,0,,0,,,0,0,0,0,0,0,,0,1,1,-7,0,0,0,0,0,0,-1.52276294305921,0,0.0,0.0344827586206897,,,0,-0.7,0.3
2003,REG+POST,00-0016550,,Amani Toomer,WR,WR,,16,NYG,0,0,0,0,0,0,0,0,0,0,0,0,,0,,,1,5,0,0,0,0,0.0181824862957001,0,63,63,1057,5,0,0,0,0,48,91.8535529894804,0,0.0,0.183139534883721,,,0,136.2,199.2
2003,REG+POST,00-0016677,,Jerame Tuman,TE,TE,,9,PIT,0,0,0,0,0,0,0,0,0,0,0,0,,0,,,0,0,0,0,0,0,,0,12,12,113,0,0,0,0,0,4,7.37188701354899,0,0.0,0.0714285714285714,,,0,11.3,23.3
2003,REG+POST,00-0016689,,Matt Turk,P,SPEC,,3,MIA,0,0,0,0,0,0,0,0,0,0,0,0,,0,,,3,30,0,0,0,1,2.34599188365974,0,0,0,0,0,0,0,0,0,0,,0,,,,,0,3.0,3.0
2003,REG+POST,00-0016838,,Alex Van Pelt,QB,QB,,5,BUF,5,12,49,0,3,1,7,0,0,0,0,1,-11.6700800586347,0,0.0,0.0617023636984246,4,-6,0,0,0,0,-5.22128330654232,0,0,0,0,0,0,0,0,0,0,,0,,,,,0,-4.64,-4.64
2003,REG+POST,00-0016960,,Mike Vrabel,OLB,LB,,1,NE,0,0,0,0,0,0,0,0,0,0,0,0,,0,,,0,0,0,0,0,0,,0,1,1,1,1,0,0,0,0,1,0.916230744391214,0,0.0,0.03125,,,0,6.1,7.1
2003,REG+POST,00-0017109,,Wesley Walls,TE,TE,,12,GB,0,0,0,0,0,0,0,0,0,0,0,0,,0,,,0,0,0,0,0,0,,0,22,22,234,1,0,0,0,0,10,14.3484580157092,0,0.0,0.0936170212765957,,,0,29.4,51.4
2003,REG+POST,00-0017127,,Ken Walter,P,SPEC,,2,NE,0,0,0,0,0,0,0,0,0,0,0,0,,0,,,2,0,0,0,0,0,-4.06584447459318,0,0,0,0,0,0,0,0,0,0,,0,,,,,0,0.0,0.0
2003,REG+POST,00-0017160,,Dedric Ward,WR,WR,,5,NE,0,0,0,0,0,0,0,0,0,0,0,0,,0,,,0,0,0,0,0,0,,0,8,8,128,1,0,0,0,0,5,12.4169481201097,0,0.0,0.0701754385964912,,,0,18.8,26.8
2003,REG+POST,00-0017162,,Hines Ward,WR,WR,,16,PIT,0,0,0,0,0,0,0,0,0,0,0,0,,0,,,11,61,0,0,0,3,1.82862094807206,0,95,95,1163,10,0,0,0,0,59,108.890111167011,0,0.0,0.310457516339869,,,0,182.4,277.4
2003,REG+POST,00-0017200,,Kurt Warner,QB,QB,,2,LA,38,65,365,1,1,6,38,5,3,0,0,15,-25.1968210405436,0,0.0,0.032461502468315,1,0,0,1,0,0,-1.69036997284275,0,0,0,0,0,0,0,0,0,0,,0,,,,,0,10.6,10.6
2003,REG+POST,00-0017356,,Jed Weaver,TE,TE,,15,SF,0,0,0,0,0,0,0,0,0,0,0,0,,0,,,0,0,0,0,0,0,,0,35,35,437,1,1,0,0,0,20,34.6294436865191,0,0.0,0.125,,,0,49.7,84.7
2003,REG+POST,00-0017486,,Tyrone Wheatley,RB,RB,,15,LV,0,0,0,0,0,0,0,0,0,0,0,0,,0,,,159,678,4,2,2,31,-7.25673088146141,0,12,12,120,0,0,0,0,0,5,4.78116786429707,0,0.0,0.0740740740740741,,,0,99.8,111.8
2003,REG+POST,00-0017611,,Alvis Whitted,WR,WR,,8,LV,0,0,0,0,0,0,0,0,0,0,0,0,,0,,,6,37,0,0,0,2,0.811781775788404,0,7,7,106,1,0,0,0,0,3,8.20957769762026,0,0.0,0.0813953488372093,,,0,20.3,27.3
2003,REG+POST,00-0017644,,Jermaine Wiggins,TE,TE,,9,CAR,0,0,0,0,0,0,0,0,0,0,0,0,,0,,,0,0,0,0,0,0,,0,13,13,123,1,0,0,0,0,6,10.6628150812312,0,0.0,0.08125,,,0,18.3,31.3
2003,REG+POST,00-0017693,,Jeff Wilkins,K,SPEC,,1,LA,0,0,0,0,0,0,0,0,0,0,0,0,,0,,,1,7,0,0,0,1,2.15264590492006,0,0,0,0,0,0,0,0,0,0,,0,,,,,0,0.7,0.7
2003,REG+POST,00-0017847,,Karl Williams,WR,WR,,6,TB,0,0,0,0,0,0,0,0,0,0,0,0,,0,,,1,2,0,0,0,0,-0.439074657391757,0,7,7,114,0,0,0,0,0,5,7.60227963398211,1,0.0,0.0469798657718121,,,0,13.6,20.6
2003,REG+POST,00-0017892,,Moe Williams,RB,RB,,16,MIN,0,0,0,0,0,0,0,0,0,0,0,0,,0,,,174,745,5,2,1,43,-8.66127095807033,0,65,65,644,3,0,0,0,28,35,47.0336323824118,0,0.0,0.20440251572327,,,0,184.9,249.9
2003,REG+POST,00-0017896,,Nicolas Luchey,RB,RB,,2,GB,0,0,0,0,0,0,0,0,0,0,0,0,,0,,,1,3,0,0,0,0,-0.293690139893442,0,1,1,12,0,0,0,0,0,1,0.894014640478417,0,0.0,0.0454545454545455,,,0,1.5,2.5
2003,REG+POST,00-0017915,,Ricky Williams,RB,RB,,16,MIA,0,0,0,0,0,0,0,0,0,0,0,0,,0,,,392,1372,9,4,4,68,-58.5444987779004,0,50,50,351,1,3,1,0,0,11,4.55941099939527,0,0.0,0.205761316872428,,,0,222.3,272.3
2003,REG+POST,00-0018272,,Anthony Wright,QB,QB,,8,BAL,114,215,1413,10,10,21,140,2,0,0,0,66,-17.6369071272404,0,0.0,0.0257108669247644,29,94,0,5,2,6,-13.1620992744761,0,0,0,0,0,0,0,0,0,0,,0,,,,,0,81.92,81.92
2003,REG+POST,00-0018343,,Frank Wycheck,TE,TE,,11,TEN,0,0,0,0,0,0,0,0,0,0,0,0,,0,,,1,-10,0,0,0,0,-1.49786256905645,0,21,21,191,2,0,0,0,0,14,17.5114542973387,0,0.0,0.0958904109589041,,,0,30.1,51.1
2003,REG+POST,00-0018501,,Amos Zereoue,RB,RB,,16,PIT,0,0,0,0,0,0,0,0,0,0,0,0,,0,,,132,433,2,0,0,22,-25.9367002169733,0,40,40,310,0,0,0,0,0,13,8.10116942062886,0,0.0,0.140350877192982,,,0,86.3,126.3
2003,REG+POST,00-0018578,,Ryan Neufeld,TE,TE,,3,BUF,0,0,0,0,0,0,0,0,0,0,0,0,,0,,,1,14,0,0,0,1,2.90127104520798,0,3,3,41,0,0,0,0,0,2,3.27145916223526,0,0.0,0.0461538461538462,,,0,5.5,8.5
2003,REG+POST,00-0018588,,Alan Ricard,RB,RB,,14,BAL,0,0,0,0,0,0,0,0,0,0,0,0,,0,,,19,79,0,0,0,5,0.0923577211506199,0,9,9,62,0,0,0,0,0,4,-0.557138708187267,0,0.0,0.0782608695652174,,,0,14.1,23.1
2003,REG+POST,00-0018958,,Laveranues Coles,WR,WR,,16,WAS,0,0,0,0,0,0,0,0,0,0,0,0,,0,,,10,39,0,0,0,3,-1.34872672928032,0,82,82,1204,6,0,0,0,0,54,95.4809555411958,0,0.0,0.296028880866426,,,0,160.3,242.3
2003,REG+POST,00-0019019,,Micah Knorr,P,SPEC,,1,DEN,0,1,0,0,0,0,0,1,0,0,0,0,-2.55689757381333,0,,,0,0,0,0,0,0,,0,0,0,0,0,0,0,0,0,0,,0,,,,,0,0.0,0.0
2003,REG+POST,00-0019041,,Billy Volek,QB,QB,,6,TEN,44,69,545,4,1,6,45,1,1,0,0,31,6.32400816255602,0,0.0,0.11009629574556,11,4,1,0,0,1,-7.39115323614858,0,0,0,0,0,0,0,0,0,0,,0,,,,,0,40.2,40.2
2003,REG+POST,00-0019057,,Jamel White,RB,RB,,16,CLE,0,0,0,0,0,0,0,0,0,0,0,0,,0,,,70,266,1,1,1,15,-15.9481749746483,0,46,46,303,1,0,0,0,0,12,7.81076613777571,0,0.0,0.166666666666667,,,0,66.9,112.9
2003,REG+POST,00-0019065,,Joe Dean Davenport,TE,TE,,5,IND,0,0,0,0,0,0,0,0,0,0,0,0,,0,,,0,0,0,0,0,0,,0,5,5,41,0,0,0,0,0,3,3.78514289883189,0,0.0,0.04,,,0,4.1,9.1
2003,REG+POST,00-0019084,,Bill Lafleur,P,SPEC,,1,SF,0,0,0,0,0,0,0,0,0,0,0,0,,0,,,1,0,0,1,0,0,-3.74767462810269,0,0,0,0,0,0,0,0,0,0,,0,,,,,0,0.0,0.0
2003,REG+POST,00-0019087,,Doug Johnson,QB,QB,,10,ATL,136,243,1655,8,12,19,121,3,0,0,0,72,-51.2582682585469,0,0.0,0.0240803998433419,14,21,1,0,0,2,-0.435710214223946,0,0,0,0,0,0,0,0,0,0,,0,,,,,0,82.3,82.3
2003,REG+POST,00-0019100,,Brad Hoover,FB,RB,,15,CAR,0,0,0,0,0,0,0,0,0,0,0,0,,0,,,10,33,1,0,0,3,-1.33657741831848,0,17,17,107,1,0,0,0,0,4,4.78014206498444,0,0.0,0.0817307692307692,,,0,26.0,43.0
2003,REG+POST,00-0019127,,Todd Yoder,TE,TE,,4,TB,0,0,0,0,0,0,0,0,0,0,0,0,,0,,,0,0,0,0,0,0,,0,7,7,68,2,0,0,0,0,6,11.437281082035,0,0.0,0.0648148148148148,,,0,18.8,25.8
2003,REG+POST,00-0019134,,Joey Goodspeed,RB,RB,,1,LA,0,0,0,0,0,0,0,0,0,0,0,0,,0,,,0,0,0,0,0,0,,0,1,1,9,0,0,0,0,0,1,0.463813313515857,0,0.0,0.037037037037037,,,0,0.9,1.9
2003,REG+POST,00-0019135,,Dan Kreider,FB,RB,,10,PIT,0,0,0,0,0,0,0,0,0,0,0,0,,0,,,7,29,1,0,0,1,1.81932709488319,0,9,9,107,0,0,0,0,0,5,7.18731689243577,0,0.0,0.0652173913043478,,,0,19.6,28.6
2003,REG+POST,00-0019172,,Bryan Johnson,FB,RB,,9,WAS,0,0,0,0,0,0,0,0,0,0,0,0,,0,,,2,5,0,0,0,0,-0.888351538684219,0,9,9,71,0,0,0,0,0,3,2.89536427467829,0,0.0,0.0616438356164384,,,0,7.6,16.6
2003,REG+POST,00-0019192,,Travis Brown,QB,QB,,2,BUF,14,18,160,0,1,1,7,0,0,0,0,7,2.52244810282718,0,0.0,0.126136263105616,1,5,0,0,0,0,0.0235638697631657,0,0,0,0,0,0,0,0,0,0,,0,,,,,0,4.9,4.9
2003,REG+POST,00-0019231,,Larry Foster,WR,WR,,1,ARI,0,0,0,0,0,0,0,0,0,0,0,0,,0,,,0,0,0,0,0,0,,0,1,1,7,0,0,0,0,0,0,0.344077090267092,0,0.0,0.0357142857142857,,,0,0.7,1.7
2003,REG+POST,00-0019242,,Dane Looker,WR,WR,,17,LA,1,1,11,0,0,0,0,0,0,0,0,1,3.05239102337509,0,0.0,,0,0,0,0,0,0,,0,49,49,526,3,1,1,0,0,28,44.6190168578417,1,0.0,0.121287128712871,,,0,71.04,120.04
2003,REG+POST,00-0019281,,Mike Furrey,WR,WR,,10,LA,0,0,0,0,0,0,0,0,0,0,0,0,,0,,,3,5,0,0,0,1,1.98057566175703,0,24,24,219,0,1,0,0,0,14,19.0166905009326,0,0.0,0.10126582278481,,,0,22.4,46.4
2003,REG+POST,00-0019290,,Zeron Flemister,TE,TE,,6,WAS,0,0,0,0,0,0,0,0,0,0,0,0,,0,,,0,0,0,0,0,0,,0,9,9,89,0,1,1,0,0,5,3.01766294788104,0,0.0,0.0927835051546392,,,0,6.9,15.9
2003,REG+POST,00-0019302,,Bryan Gilmore,WR,WR,,10,ARI,0,0,0,0,0,0,0,0,0,0,0,0,,0,,,1,0,0,0,0,0,-0.661102097947151,0,17,17,213,2,0,0,0,0,12,17.8350516115897,0,0.0,0.092896174863388,,,0,33.3,50.3
2003,REG+POST,00-0019453,,Rod Smart,RB,RB,,8,CAR,0,0,0,0,0,0,0,0,0,0,0,0,,0,,,21,54,0,0,0,3,-4.93182126674995,0,3,3,11,0,0,0,0,0,1,-0.818532414792571,0,0.0,0.0384615384615385,,,1,12.5,15.5
2003,REG+POST,00-0019455,,Peter Warrick,WR,WR,,15,CIN,0,0,0,0,0,0,0,0,0,0,0,0,,0,,,17,143,0,0,0,6,7.08859608473722,0,80,80,833,7,0,0,0,0,48,79.8558051709842,0,0.0,0.258899676375405,,,1,145.6,225.6
2003,REG+POST,00-0019457,,Anthony Becht,TE,TE,,15,NYJ,0,0,0,0,0,0,0,0,0,0,0,0,,0,,,0,0,0,0,0,0,,0,40,40,356,4,1,0,0,0,26,24.3440332304454,1,0.0,0.136054421768708,,,0,61.6,101.6
2003,REG+POST,00-0019464,,Dustin Lyman,TE,TE,,5,CHI,0,0,0,0,0,0,0,0,0,0,0,0,,0,,,0,0,0,0,0,0,,0,11,11,80,0,0,0,0,0,4,3.53609309549211,0,0.0,0.118279569892473,,,0,8.0,19.0
2003,REG+POST,00-0019484,,Sammy Morris,RB,RB,,9,BUF,0,0,0,0,0,0,0,0,0,0,0,0,,0,,,19,70,1,0,0,7,-0.0584178323042579,0,14,14,100,0,0,0,0,0,4,2.75400893029831,0,0.0,0.0972222222222222,,,0,23.0,37.0
2003,REG+POST,00-0019505,,Charles Lee,WR,WR,,6,TB,0,0,0,0,0,0,0,0,0,0,0,0,,0,,,2,14,0,0,0,1,1.68154927855358,0,33,33,432,2,0,0,0,0,18,35.7087777424978,0,0.0,0.239130434782609,,,0,56.6,89.6
2003,REG+POST,00-0019510,,Ahmad Merritt,WR,WR,,3,CHI,0,0,0,0,0,0,0,0,0,0,0,0,,0,,,0,0,0,0,0,0,,0,3,3,50,0,0,0,0,0,2,3.0435393305961,0,0.0,0.06,,,0,5.0,8.0
2003,REG+POST,00-0019516,,Troy Hambrick,RB,RB,,17,DAL,0,0,0,0,0,0,0,0,0,0,0,0,,0,,,283,1001,5,4,3,58,-37.8039049175017,0,18,18,102,0,0,0,0,0,2,2.47989348950796,0,0.0,0.0779220779220779,,,0,134.3,152.3
2003,REG+POST,00-0019533,,Patrick Pass,RB,RB,,4,NE,0,0,0,0,0,0,0,0,0,0,0,0,,0,,,6,27,0,0,0,2,-0.0363050282467157,0,4,4,21,0,0,0,0,0,1,-0.11688530491665,0,0.0,0.0571428571428571,,,0,4.8,8.8
2003,REG+POST,00-0019539,,Dante Hall,WR,WR,,16,KC,0,0,0,0,0,0,0,0,0,0,0,0,,0,,,17,66,0,1,1,5,-4.61282237805426,0,42,42,442,2,0,0,0,0,18,31.9202644685574,0,0.0,0.127659574468085,,,5,90.8,132.8
2003,REG+POST,00-0019552,,Troy Walters,WR,WR,,14,IND,0,0,0,0,0,0,0,0,0,0,0,0,,0,,,1,6,0,0,0,0,0.165376380551606,0,42,42,487,3,0,0,0,0,27,41.351197979588,0,0.0,0.121739130434783,,,0,67.3,109.3
2003,REG+POST,00-0019559,,Chad Pennington,QB,QB,,10,NYJ,189,297,2139,13,12,25,160,5,1,0,0,116,22.5838098381872,1,0.0,0.0756792275682865,21,42,2,3,1,6,-4.89053022332482,0,0,0,0,0,0,0,0,0,0,,0,,,,,0,127.76,127.76
2003,REG+POST,00-0019564,,Aaron Shea,TE,TE,,2,CLE,0,0,0,0,0,0,0,0,0,0,0,0,,0,,,0,0,0,0,0,0,,0,2,2,9,0,0,0,0,0,0,0.937749448872637,0,0.0,0.0444444444444444,,,0,0.9,2.9
2003,REG+POST,00-0019587,,Terrelle Smith,FB,RB,,5,NO,0,0,0,0,0,0,0,0,0,0,0,0,,0,,,0,0,0,0,0,0,,0,6,6,28,0,0,0,0,0,0,-0.883894828904886,0,0.0,0.0652173913043478,,,0,2.8,8.8
2003,REG+POST,00-0019590,,Chad Morton,RB,RB,,13,WAS,0,0,0,0,0,0,0,0,0,0,0,0,,0,,,47,213,0,0,0,8,-2.07065272174077,0,16,16,190,1,0,0,0,0,8,15.5816621747148,0,0.0,0.0888888888888889,,,1,52.3,68.3
2003,REG+POST,00-0019594,,Mike Anderson,RB,RB,,10,DEN,0,0,0,0,0,0,0,0,0,0,0,0,,0,,,70,257,3,2,0,15,-3.80994879049831,0,12,12,53,2,0,0,0,0,3,1.04147761806962,0,0.0,0.0805369127516778,,,0,61.0,73.0
2003,REG+POST,00-0019596,T.Brady,Tom Brady,QB,QB,"https://static.www.nfl.com/image/private/f_auto,q_auto/league/q7dpdlxyu5rs05rgh1le",19,NE,392,654,4412,28,14,32,219,9,3,0,0,219,59.9868922454124,0,0.0,0.0820591421674697,54,81,1,4,2,16,-7.5568169481828,0,0,0,0,0,0,0,0,0,0,,0,,,,,0,264.58,264.58
2003,REG+POST,00-0019599,,Marc Bulger,QB,QB,,16,LA,363,578,4177,22,25,39,304,7,6,0,0,210,34.8539856771734,1,0.0,0.0808620150718275,33,86,4,1,0,8,-6.32189756280696,0,0,0,0,0,0,0,0,0,0,,0,,,,,0,227.68,227.68
2003,REG+POST,00-0019600,,Michael L. Lewis,WR,WR,,6,NO,0,0,0,0,0,0,0,0,0,0,0,0,,0,,,1,2,0,1,1,0,-4.43226936261635,0,12,12,226,1,0,0,0,7,10,20.3431904620375,0,0.0,0.127659574468085,,,0,26.8,38.8
2003,REG+POST,00-0019606,,Todd Pinkston,WR,WR,,16,PHI,0,0,0,0,0,0,0,0,0,0,0,0,,0,,,1,-11,0,0,0,0,-2.02389902016148,0,43,43,670,3,1,0,0,0,27,50.0224546457043,0,0.0,0.148275862068966,,,0,83.9,126.9
2003,REG+POST,00-0019610,,Reuben Droughns,RB,RB,,8,DEN,0,0,0,0,0,0,0,0,0,0,0,0,,0,,,6,14,0,0,0,1,-1.61353578211856,0,14,14,106,2,0,0,0,0,8,10.7278889683075,0,0.0,0.133333333333333,,,0,24.0,38.0
2003,REG+POST,00-0019623,,Tim Rattay,QB,QB,,8,SF,73,118,856,7,2,7,54,0,0,0,0,41,20.0743167032087,0,0.0,0.107330464523053,8,0,0,0,0,1,-2.81867533241166,0,0,0,0,0,0,0,0,0,0,,0,,,,,0,58.24,58.24
2003,REG+POST,00-0019632,,Cooper Carlisle,G,OL,,1,DEN,0,0,0,0,0,0,0,0,0,0,0,0,,0,,,0,0,0,0,0,0,,0,1,1,6,1,0,0,0,0,1,2.15989467891632,0,0.0,0.0625,,,0,6.6,7.6
2003,REG+POST,00-0019633,,Tee Martin,QB,QB,,2,LV,6,16,69,0,1,1,5,2,1,0,0,5,-11.5636883769766,0,0.0,0.0417350106714521,5,28,0,1,0,0,-0.0223984385374933,0,0,0,0,0,0,0,0,0,0,,0,,,,,0,1.56,1.56
2003,REG+POST,00-0019641,,Thomas Jones,RB,RB,,15,TB,0,0,0,0,0,0,0,0,0,0,0,0,,0,,,137,627,3,3,1,25,-13.0847978575436,0,24,24,180,0,1,1,0,0,9,5.55508859024849,0,0.0,0.0845070422535211,,,0,94.7,118.7
2003,REG+POST,00-0019642,,Plaxico Burress,WR,WR,,16,PIT,0,0,0,0,0,0,0,0,0,0,0,0,,0,,,1,-7,0,0,0,0,-1.56611255812459,0,60,60,860,4,1,0,0,0,40,73.5485576028524,0,0.0,0.196078431372549,,,0,109.3,169.3
2003,REG+POST,00-0019644,,Bubba Franks,TE,TE,,15,GB,0,0,0,0,0,0,0,0,0,0,0,0,,0,,,0,0,0,0,0,0,,0,33,33,280,5,0,0,0,0,15,22.0481317007531,2,0.0,0.111111111111111,,,0,62.0,95.0
2003,REG+POST,00-0019645,,Deltha O'Neal,DB,DB,,3,DEN,0,0,0,0,0,0,0,0,0,0,0,0,,0,,,1,0,0,0,0,0,-0.970115419011563,0,2,2,4,0,0,0,0,0,0,-1.35431044781581,0,0.0,0.0666666666666667,,,1,6.4,8.4
2003,REG+POST,00-0019647,,Shaun Alexander,RB,RB,,17,SEA,0,0,0,0,0,0,0,0,0,0,0,0,,0,,,346,1480,17,4,3,83,-6.23773406185886,0,43,43,296,2,0,0,0,0,16,20.0403278866143,0,0.0,0.13312693498452,,,0,285.6,328.6
2003,REG+POST,00-0019649,,Trung Canidate,RB,RB,,11,WAS,0,0,0,0,0,0,0,0,0,0,0,0,,0,,,142,597,1,1,0,27,-1.84911504763295,0,10,10,71,1,0,0,0,0,4,2.54830245225457,0,0.0,0.0833333333333333,,,0,78.8,88.8
2003,REG+POST,00-0019650,,Dennis Northcutt,WR,WR,,15,CLE,0,1,0,0,0,0,0,0,0,0,0,0,-0.584624461480416,0,,,12,83,0,0,0,4,2.68950358778238,0,62,62,729,2,0,0,0,8,43,61.9790040697315,0,0.0,0.215277777777778,,,0,93.2,155.2
2003,REG+POST,00-0019659,,Erron Kinney,TE,TE,,18,TEN,0,0,0,0,0,0,0,0,0,0,0,0,,0,,,0,0,0,0,0,0,,0,44,44,410,3,0,0,0,0,22,34.2753051671428,0,0.0,0.126801152737752,,,0,59.0,103.0
2003,REG+POST,00-0019660,,Dez White,WR,WR,,15,CHI,0,0,0,0,0,0,0,0,0,0,0,0,,0,,,2,13,0,0,0,1,2.57885270379484,0,49,49,583,3,0,0,0,0,30,47.2551180750874,0,0.0,0.192913385826772,,,0,77.6,126.6
2003,REG+POST,00-0019661,,Chris Cole,WR,WR,,5,DEN,0,0,0,0,0,0,0,0,0,0,0,0,,0,,,2,8,0,0,0,1,-0.308000127028208,0,3,3,36,0,0,0,0,0,2,4.15410709672142,0,0.0,0.046875,,,0,4.4,7.4
2003,REG+POST,00-0019663,,Darrell Jackson,WR,WR,,16,SEA,0,0,0,0,0,0,0,0,0,0,0,0,,0,,,0,0,0,0,0,0,,0,73,73,1195,9,1,1,0,0,59,108.655394576831,0,0.0,0.226006191950464,,,0,171.5,244.5
2003,REG+POST,00-0019666,,John St. Clair,T,OL,,1,LA,0,0,0,0,0,0,0,0,0,0,0,0,,0,,,0,0,0,0,0,0,,0,1,1,18,0,0,0,0,0,1,1.70911056490149,0,0.0,0.0454545454545455,,,0,1.8,2.8
2003,REG+POST,00-0019673,,Paul Smith,RB,RB,,1,DET,0,0,0,0,0,0,0,0,0,0,0,0,,0,,,2,5,0,0,0,0,-1.64514891128056,0,5,5,45,0,0,0,0,0,3,0.334842777218211,0,0.0,0.192307692307692,,,0,5.0,10.0
2003,REG+POST,00-0019682,,Jarious Jackson,QB,QB,,1,DEN,4,9,41,0,1,0,0,0,0,0,0,3,-5.10569058021065,0,0.0,0.0334646311001245,1,9,0,0,0,0,0.39914290048182,0,0,0,0,0,0,0,0,0,0,,0,,,,,0,0.54,0.54
2003,REG+POST,00-0019693,,Jamal Lewis,RB,RB,,17,BAL,0,0,0,0,0,0,0,0,0,0,0,0,,0,,,402,2098,14,9,7,84,-10.0208311604763,0,28,28,209,0,0,0,0,0,10,9.9426364916048,0,0.0,0.161849710982659,,,0,300.7,328.7
2003,REG+POST,00-0019703,,Jerry Porter,WR,WR,,9,LV,0,0,0,0,0,0,0,0,0,0,0,0,,0,,,1,10,0,0,0,0,-4.79463487863541e-05,0,28,28,361,1,1,1,0,0,21,34.0968500422605,0,0.0,0.17948717948718,,,0,41.1,69.1
2003,REG+POST,00-0019709,,Chris Redman,QB,QB,,2,BAL,7,13,58,0,2,6,45,2,2,0,0,4,-19.9107748155575,0,0.0,0.0634473912823961,2,4,0,1,0,0,-1.15789350727573,0,0,0,0,0,0,0,0,0,0,,0,,,,,0,-5.28,-5.28
2003,REG+POST,00-0019712,,Doug Chapman,RB,RB,,3,MIN,0,0,0,0,0,0,0,0,0,0,0,0,,0,,,15,33,0,0,0,1,-5.4022015905939,0,1,1,8,0,0,0,0,0,1,1.63515431154519,0,0.0,0.0666666666666667,,,0,4.1,5.1
2003,REG+POST,00-0019721,,Travis Taylor,WR,WR,,17,BAL,0,0,0,0,0,0,0,0,0,0,0,0,,0,,,11,62,0,0,0,2,0.333085355930962,0,46,46,714,3,0,0,0,0,28,66.1790320591535,0,0.0,0.204444444444444,,,0,95.6,141.6
2003,REG+POST,00-0019722,,J.R. Redmond,RB,RB,,1,LV,0,0,0,0,0,0,0,0,0,0,0,0,,0,,,9,30,0,0,0,2,-1.35499841661658,0,1,1,6,0,0,0,0,0,0,0.0913293198682368,0,0.0,0.166666666666667,,,0,3.6,4.6
2003,REG+POST,00-0019794,,Aveion Cason,RB,RB,,10,DAL,1,1,37,0,0,0,0,0,0,0,0,1,2.68054946238408,0,0.0,,40,220,2,1,1,7,-2.799660908082,0,17,17,142,0,0,0,0,0,3,-2.78703925505893,0,0.0,0.104938271604938,,,0,47.68,64.68
2003,REG+POST,00-0019816,,Tim Hasselbeck,QB,QB,,7,WAS,95,177,1012,5,7,9,44,1,1,0,0,53,-25.2283263957314,0,0.0,0.0243902146856936,15,41,0,2,1,2,-9.28900370997144,0,0,0,0,0,0,0,0,0,0,,0,,,,,0,46.58,46.58
2003,REG+POST,00-0019826,,R.J. Bowers,RB,RB,,1,CLE,0,0,0,0,0,0,0,0,0,0,0,0,,0,,,0,0,0,0,0,0,,0,1,1,2,1,0,0,0,0,1,1.73573302134173,0,0.0,0.0526315789473684,,,0,6.2,7.2
2003,REG+POST,00-0019831,,Nick Goings,RB,RB,,11,CAR,0,0,0,0,0,0,0,0,0,0,0,0,,0,,,16,91,0,0,0,5,0.371719196318696,0,14,14,112,1,0,0,0,0,7,9.98125718248775,0,0.0,0.0833333333333333,,,0,26.3,40.3
2003,REG+POST,00-0019863,,Dominic Rhodes,RB,RB,,13,IND,0,0,0,0,0,0,0,0,0,0,0,0,,0,,,49,199,0,0,0,8,-5.32957659463864,0,8,8,79,1,0,0,0,0,4,7.00218030059477,0,0.0,0.0592592592592593,,,0,33.8,41.8
2003,REG+POST,00-0019905,,Jimmy Farris,WR,WR,,5,ATL,0,0,0,0,0,0,0,0,0,0,0,0,,0,,,0,0,0,0,0,0,,0,6,6,100,2,0,0,0,0,4,7.23820793685871,0,0.0,0.0681818181818182,,,0,22.0,28.0
2003,REG+POST,00-0019919,,Randal Williams,TE,TE,,1,DAL,0,0,0,0,0,0,0,0,0,0,0,0,,0,,,0,0,0,0,0,0,,0,0,0,0,0,0,0,0,0,0,,0,,,,,1,6.0,6.0
2003,REG+POST,00-0019975,,Jimmy Redmond,WR,WR,,3,JAX,0,0,0,0,0,0,0,0,0,0,0,0,,0,,,0,0,0,0,0,0,,0,3,3,67,0,0,0,0,0,3,8.77065440444858,0,0.0,0.05,,,0,6.7,9.7
2003,REG+POST,00-0019976,,Drew Bennett,WR,WR,,11,TEN,1,1,14,0,0,0,0,0,0,0,0,1,2.12577859399607,0,0.0,,0,0,0,0,0,0,,0,36,36,569,4,0,0,0,0,30,51.5961854652601,0,0.0,0.173913043478261,,,0,81.46,117.46
2003,REG+POST,00-0020005,,Ifeanyi Ohalete,SS,DB,,1,WAS,0,0,0,0,0,0,0,0,0,0,0,0,,0,,,0,0,0,0,0,0,,0,1,1,3,0,0,0,0,0,1,2.29185488808434,0,0.0,0.142857142857143,,,0,0.3,1.3
2003,REG+POST,00-0020021,,Nate Poole,WR,WR,,6,ARI,0,0,0,0,0,0,0,0,0,0,0,0,,0,,,0,0,0,0,0,0,,0,13,13,177,1,0,0,0,0,11,21.7390480863105,0,0.0,0.114035087719298,,,0,23.7,36.7
2003,REG+POST,00-0020022,,Marcel Shipp,RB,RB,,16,ARI,0,0,0,0,0,0,0,0,0,0,0,0,,0,,,228,830,0,3,3,37,-46.7880468142423,0,30,30,184,0,0,0,0,0,6,1.5124730564421,0,0.0,0.12,,,0,95.4,125.4
2003,REG+POST,00-0020030,,Dondre Gilliam,WR,WR,,2,LAC,0,0,0,0,0,0,0,0,0,0,0,0,,0,,,0,0,0,0,0,0,,0,6,6,95,0,0,0,0,0,5,9.20812118134927,0,0.0,0.13953488372093,,,0,9.5,15.5
2003,REG+POST,00-0020058,,David Allen,RB,RB,,4,JAX,0,0,0,0,0,0,0,0,0,0,0,0,,0,,,4,8,0,0,0,1,-1.05852546187816,0,6,6,60,1,0,0,0,0,3,5.31696544392617,0,0.0,0.0689655172413793,,,0,12.8,18.8
2003,REG+POST,00-0020094,,Stephen Trejo,RB,RB,,1,DET,0,0,0,0,0,0,0,0,0,0,0,0,,0,,,0,0,0,0,0,0,,0,1,1,2,0,0,0,0,0,1,0.463740861043334,0,0.0,0.142857142857143,,,0,0.2,1.2
2003,REG+POST,00-0020171,,Boo Williams,WR,WR,,13,NO,0,0,0,0,0,0,0,0,0,0,0,0,,0,,,0,0,0,0,0,0,,0,41,41,436,5,0,0,0,0,25,38.3124529390911,0,0.0,0.166666666666667,,,0,73.6,114.6
2003,REG+POST,00-0020173,,James Fenderson,RB,RB,,2,NO,0,0,0,0,0,0,0,0,0,0,0,0,,0,,,4,14,0,0,0,0,-1.64518267568201,0,1,1,5,0,0,0,0,0,0,-0.0752922436222434,1,0.0,0.0476190476190476,,,0,3.9,4.9
2003,REG+POST,00-0020187,,Marcellus Rivers,TE,TE,,6,NYG,0,0,0,0,0,0,0,0,0,0,0,0,,0,,,0,0,0,0,0,0,,0,17,17,155,0,0,0,0,0,9,11.5891321134404,0,0.0,0.118055555555556,,,0,15.5,32.5
2003,REG+POST,00-0020245,,Mike Vick,QB,QB,"https://static.www.nfl.com/image/private/f_auto,q_auto/league/hrg4riwhpjbijfovsjrk",5,ATL,50,100,585,4,3,9,64,3,1,0,0,32,-13.3213015189779,0,0.0,0.0632466765279251,40,255,1,1,0,14,18.7092040426072,0,0,0,0,0,0,0,0,0,0,,0,,,,,0,62.9,62.9
2003,REG+POST,00-0020256,,Kevin Kasper,WR,WR,,2,ARI,0,0,0,0,0,0,0,0,0,0,0,0,,0,,,1,-4,0,0,0,0,-1.06262708397117,0,1,1,23,0,0,0,0,0,1,1.42313363251742,0,0.0,0.0357142857142857,,,0,1.9,2.9
2003,REG+POST,00-0020267,,Nick Harris,P,SPEC,"https://static.www.nfl.com/image/private/f_auto,q_auto/league/ko6iq143yffkkrsidnyh",1,DET,0,1,0,0,0,0,0,0,0,0,0,0,-2.9101038868539,0,,,0,0,0,0,0,0,,0,0,0,0,0,0,0,0,0,0,,0,,,,,0,0.0,0.0
2003,REG+POST,00-0020268,,Tony Stewart,TE,TE,,10,CIN,0,0,0,0,0,0,0,0,0,0,0,0,,0,,,0,0,0,0,0,0,,0,21,21,212,0,0,0,0,0,12,16.6943107098252,0,0.0,0.103448275862069,,,0,21.2,42.2
2003,REG+POST,00-0020270,,Correll Buckhalter,RB,RB,,17,PHI,0,0,0,0,0,0,0,0,0,0,0,0,,0,,,146,602,8,3,2,31,-6.0777193975294,0,13,13,164,1,0,0,0,0,7,9.54921783326427,0,0.0,0.0751445086705202,,,0,126.6,139.6
2003,REG+POST,00-0020274,,Billy Baber,TE,TE,,1,KC,0,0,0,0,0,0,0,0,0,0,0,0,,0,,,0,0,0,0,0,0,,0,1,1,20,0,0,0,0,0,1,1.7366000401089,0,0.0,0.0454545454545455,,,0,2.0,3.0
2003,REG+POST,00-0020285,,Alge Crumpler,TE,TE,,16,ATL,0,0,0,0,0,0,0,0,0,0,0,0,,0,,,0,0,0,0,0,0,,0,44,44,552,3,1,1,0,0,26,40.1120658824177,0,0.0,0.191304347826087,,,0,71.2,115.2
2003,REG+POST,00-0020308,,Mike McMahon,QB,QB,,3,DET,9,31,87,0,2,2,9,0,0,0,0,4,-19.3648206394864,0,0.0,0.0399119522655702,5,32,0,1,1,1,-2.74479605461238,0,0,0,0,0,0,0,0,0,0,,0,,,,,0,0.68,0.68
2003,REG+POST,00-0020315,,Derrick Blaylock,RB,RB,,10,KC,0,0,0,0,0,0,0,0,0,0,0,0,,0,,,24,109,2,0,0,7,-1.3050744899374,0,16,16,192,1,1,0,0,0,6,10.8473381992296,0,0.0,0.0829015544041451,,,0,48.1,64.1
2003,REG+POST,00-0020332,,David Martin,TE,TE,,9,GB,0,0,0,0,0,0,0,0,0,0,0,0,,0,,,0,0,0,0,0,0,,0,14,14,81,2,0,0,0,0,7,7.33209108770825,0,0.0,0.0756756756756757,,,0,20.1,34.1
2003,REG+POST,00-0020337,,Steve Smith,WR,WR,"https://static.www.nfl.com/image/private/f_auto,q_auto/league/k23e0b8cto93he9rt0zc",20,CAR,0,1,0,0,0,0,0,0,0,0,0,0,-0.446158172562718,0,,,12,49,0,0,0,4,-0.927125340502243,0,106,106,1514,10,2,0,0,32,63,119.786329764235,0,0.0,0.322188449848024,,,1,222.3,328.3
2003,REG+POST,00-0020340,,Quentin McCord,WR,WR,,5,ATL,0,0,0,0,0,0,0,0,0,0,0,0,,0,,,2,2,0,0,0,0,-0.949935822398402,0,9,9,121,0,0,0,0,0,6,7.61949120502686,0,0.0,0.115384615384615,,,0,12.3,21.3
2003,REG+POST,00-0020342,,Brandon Manumaleuna,TE,TE,,14,LA,0,0,0,0,0,0,0,0,0,0,0,0,,0,,,4,15,0,0,0,0,0.0974763029953465,0,30,30,257,2,0,0,0,0,10,18.1560733626829,0,0.0,0.0890207715133531,,,0,39.2,69.2
2003,REG+POST,00-0020343,,Jonathan Carter,WR,WR,,3,NYJ,0,0,0,0,0,0,0,0,0,0,0,0,,0,,,0,0,0,0,0,0,,0,4,4,93,1,0,0,0,0,3,7.56288670795038,0,0.0,0.0740740740740741,,,1,21.3,25.3
2003,REG+POST,00-0020360,,Orlando Huff,LB,LB,,1,SEA,0,0,0,0,0,0,0,0,0,0,0,0,,0,,,0,0,0,0,0,0,,0,0,0,0,0,0,0,0,0,0,,0,,,,,1,6.0,6.0
2003,REG+POST,00-0020361,,Alex Bannister,WR,WR,,3,SEA,0,0,0,0,0,0,0,0,0,0,0,0,,0,,,0,0,0,0,0,0,,0,4,4,69,1,0,0,0,0,3,6.94743653555634,0,0.0,0.0533333333333333,,,0,12.9,16.9
2003,REG+POST,00-0020370,,Scotty Anderson,WR,WR,,7,DET,0,0,0,0,0,0,0,0,0,0,0,0,,0,,,0,0,0,0,0,0,,0,17,17,325,2,0,0,0,0,12,33.3658346596058,1,0.0,0.124087591240876,,,0,46.5,63.5
2003,REG+POST,00-0020373,,Jabari Holloway,TE,TE,,6,HOU,0,0,0,0,0,0,0,0,0,0,0,0,,0,,,0,0,0,0,0,0,,0,8,8,84,0,0,0,0,0,2,5.0594606945524,0,0.0,0.0714285714285714,,,0,8.4,16.4
2003,REG+POST,00-0020381,,Justin McCareins,WR,WR,,18,TEN,0,0,0,0,0,0,0,0,0,0,0,0,,0,,,1,13,0,0,0,1,0.812157328939065,0,51,51,896,8,0,0,0,0,43,91.4958664363367,0,0.0,0.146974063400576,,,1,144.9,195.9
2003,REG+POST,00-0020391,,Jameel Cook,RB,RB,,10,TB,0,0,0,0,0,0,0,0,0,0,0,0,,0,,,1,-1,0,0,0,0,-0.658932785503566,0,20,20,120,1,0,0,0,0,8,3.13158789538494,0,0.0,0.0896860986547085,,,0,17.9,37.9
2003,REG+POST,00-0020397,,Chad Johnson,WR,WR,,16,CIN,0,0,0,0,0,0,0,0,0,0,0,0,,0,,,0,0,0,0,0,0,,0,90,90,1355,10,0,0,0,0,66,135.908240330435,0,0.0,0.276923076923077,,,0,195.5,285.5
2003,REG+POST,00-0020403,,Anthony Thomas,RB,RB,,13,CHI,0,0,0,0,0,0,0,0,0,0,0,0,,0,,,244,1024,6,1,0,47,-4.4421124151875,0,9,9,36,0,0,0,0,0,1,-0.754345162480604,0,0.0,0.102272727272727,,,0,142.0,151.0
2003,REG+POST,00-0020404,,Quincy Carter,QB,QB,,17,DAL,313,542,3456,17,22,40,207,7,2,0,0,155,-63.1931973901065,0,0.0,0.0275315168363608,72,282,3,3,1,25,-1.38162029081228,0,0,0,0,0,0,0,0,0,0,,0,,,,,0,202.44,202.44
2003,REG+POST,00-0020405,,Marques Tuiasosopo,QB,QB,,4,LV,25,45,324,0,3,2,14,0,0,0,0,14,-3.0282009923274,0,0.0,0.0268005211171778,6,22,0,1,0,0,-1.60807968436207,0,0,0,0,0,0,0,0,0,0,,0,,,,,0,9.16,9.16
2003,REG+POST,00-0020407,,Rudi Johnson,RB,RB,,13,CIN,0,0,0,0,0,0,0,0,0,0,0,0,,0,,,214,967,9,0,0,48,3.78944165319524,0,21,21,146,0,0,0,0,0,8,6.29694193415344,0,0.0,0.092511013215859,,,0,165.3,186.3
2003,REG+POST,00-0020415,,Andre King,WR,WR,,6,CLE,0,0,0,0,0,0,0,0,0,0,0,0,,0,,,0,0,0,0,0,0,,0,9,9,88,0,0,0,0,0,5,8.14406225032872,0,0.0,0.0652173913043478,,,1,14.8,23.8
2003,REG+POST,00-0020427,,Quincy Morgan,WR,WR,,16,CLE,0,0,0,0,0,0,0,0,0,0,0,0,,0,,,3,-4,0,0,0,0,-3.37721781253423,0,38,38,516,3,0,0,0,0,22,39.8289404475363,0,0.0,0.121405750798722,,,0,69.2,107.2
2003,REG+POST,00-0020428,,Robert Ferguson,WR,WR,,15,GB,0,0,0,0,0,0,0,0,0,0,0,0,,0,,,1,-8,0,0,0,0,-1.72338021837641,0,43,43,593,6,0,0,0,0,28,57.536710910935,0,0.0,0.144295302013423,,,0,94.5,137.5
2003,REG+POST,00-0020430,,James Jackson,RB,RB,,10,CLE,0,0,0,0,0,0,0,0,0,0,0,0,,0,,,102,382,3,3,3,22,-15.9760468597404,0,14,14,114,0,0,0,0,0,4,4.54843241570052,0,0.0,0.0848484848484849,,,0,61.6,75.6
2003,REG+POST,00-0020446,,Chris Chambers,WR,WR,,16,MIA,0,0,0,0,0,0,0,0,0,0,0,0,,0,,,4,30,0,0,0,1,1.89147857145872,0,64,65,963,11,1,1,0,0,50,90.3864953067096,0,0.0,0.251937984496124,,,0,163.3,227.3
2003,REG+POST,00-0020448,,Travis Minor,RB,RB,,12,MIA,0,0,0,0,0,0,0,0,0,0,0,0,,0,,,41,193,1,0,0,13,-0.0693705251615029,0,4,4,13,0,0,0,0,0,1,-1.25887593359221,0,0.0,0.0851063829787234,,,0,26.6,30.6
2003,REG+POST,00-0020452,,Cedrick Wilson,WR,WR,"https://static.www.nfl.com/image/private/f_auto,q_auto/league/r1vaoqltojlmfodlskwx",14,SF,1,1,6,0,0,0,0,0,0,0,0,0,0.267113374196924,0,0.0,,1,-4,0,0,0,0,-1.32790787471458,0,35,35,396,2,1,0,0,0,24,30.2850700420487,0,0.0,0.130111524163569,,,1,57.44,92.44
2003,REG+POST,00-0020462,,LaMont Jordan,RB,RB,,12,NYJ,0,0,0,0,0,0,0,0,0,0,0,0,,0,,,46,190,4,0,0,14,1.81044355676794,0,11,11,101,0,0,0,0,0,5,0.285632223589346,0,0.0,0.0894308943089431,,,0,53.1,64.1
2003,REG+POST,00-0020464,,Darnerien McCants,WR,WR,,13,WAS,0,0,0,0,0,0,0,0,0,0,0,0,,0,,,0,0,0,0,0,0,,0,27,27,360,6,0,0,0,0,22,42.3336190675618,2,0.0,0.115384615384615,,,0,76.0,103.0
2003,REG+POST,00-0020466,,Steve Hutchinson,G,OL,,1,SEA,0,0,0,0,0,0,0,0,0,0,0,0,,0,,,0,0,0,0,0,0,,0,1,1,5,0,0,0,0,0,0,0.118224595440552,0,0.0,0.04,,,0,0.5,1.5
2003,REG+POST,00-0020471,,Travis Henry,RB,RB,,15,BUF,0,1,0,0,1,0,0,0,0,0,0,0,-4.01895253453404,0,,,332,1353,10,8,4,76,-18.0134590274931,0,28,28,158,1,0,0,0,0,9,7.72437883281816,0,0.0,0.117154811715481,,,0,207.1,235.1
2003,REG+POST,00-0020474,,Kevan Barlow,RB,RB,,16,SF,0,0,0,0,0,0,0,0,0,0,0,0,,0,,,201,1024,6,4,3,44,-6.13320435487549,0,35,35,307,1,1,1,0,0,14,15.2575849010163,0,0.0,0.166666666666667,,,0,167.1,202.1
2003,REG+POST,00-0020476,,Shad Meier,TE,TE,,6,TEN,0,0,0,0,0,0,0,0,0,0,0,0,,0,,,0,0,0,0,0,0,,0,13,13,159,0,1,1,0,0,7,6.53160205103736,0,0.0,0.099236641221374,,,0,13.9,26.9
2003,REG+POST,00-0020479,,George Layne,RB,RB,,1,ATL,0,0,0,0,0,0,0,0,0,0,0,0,,0,,,1,15,0,0,0,1,1.03450462734327,0,1,1,3,0,0,0,0,0,0,-1.12088304013014,0,0.0,0.111111111111111,,,0,1.8,2.8
2003,REG+POST,00-0020480,,Sage Rosenfels,QB,QB,,2,MIA,4,6,50,1,0,0,0,0,0,0,0,2,3.8492743303068,0,0.0,0.201232629018757,1,-1,0,0,0,0,0.090926081436919,0,0,0,0,0,0,0,0,0,0,,0,,,,,0,5.9,5.9
2003,REG+POST,00-0020483,,Jesse Palmer,QB,QB,,5,NYG,60,116,532,3,4,16,95,2,1,0,0,25,-47.5248341780745,0,0.0,0.0297235929513481,4,23,0,0,0,2,-0.148174640198704,0,0,0,0,0,0,0,0,0,0,,0,,,,,0,25.58,25.58
2003,REG+POST,00-0020485,,Eddie Berlin,WR,WR,,1,TEN,0,0,0,0,0,0,0,0,0,0,0,0,,0,,,0,0,0,0,0,0,,0,1,1,50,1,0,0,0,0,1,7.4584682751447,0,0.0,0.0769230769230769,,,0,11.0,12.0
2003,REG+POST,00-0020490,,Koren Robinson,WR,WR,,16,SEA,0,0,0,0,0,0,0,0,0,0,0,0,,0,,,4,15,0,0,0,2,-0.170931542757899,0,72,72,984,4,1,1,0,0,43,78.8151106863978,0,0.0,0.216867469879518,,,0,121.9,193.9
2003,REG+POST,00-0020494,,Santana Moss,WR,WR,,16,NYJ,0,0,0,0,0,0,0,0,0,0,0,0,,0,,,10,67,0,0,0,3,2.61260091891745,0,74,74,1105,10,2,2,0,0,49,91.3138083032979,0,0.0,0.237179487179487,,,0,173.2,247.2
2003,REG+POST,00-0020497,,Freddie Mitchell,WR,WR,,17,PHI,1,1,25,1,0,0,0,0,0,0,0,1,3.12192379205953,0,0.0,,0,0,0,0,0,0,,0,41,41,573,2,0,0,0,0,27,44.2540132398291,0,0.0,0.132686084142395,,,0,74.3,115.3
2003,REG+POST,00-0020498,,Reggie Wayne,WR,WR,,18,IND,0,0,0,0,0,0,0,0,0,0,0,0,,0,,,0,0,0,0,0,0,,0,83,83,1010,9,0,0,0,0,59,96.7204221731517,0,0.0,0.188636363636364,,,0,155.0,238.0
2003,REG+POST,00-0020507,,Heath Evans,FB,RB,,5,SEA,0,0,0,0,0,0,0,0,0,0,0,0,,0,,,7,24,0,0,0,1,-0.681074627675116,0,2,2,34,0,0,0,0,0,2,2.70604782749433,0,0.0,0.0606060606060606,,,0,5.8,7.8
2003,REG+POST,00-0020508,,Moran Norris,RB,RB,,4,HOU,0,0,0,0,0,0,0,0,0,0,0,0,,0,,,0,0,0,0,0,0,,0,7,7,40,0,0,0,0,0,1,0.114972011186183,0,0.0,0.109375,,,0,4.0,11.0
2003,REG+POST,00-0020513,,David Terrell,WR,WR,,15,CHI,0,0,0,0,0,0,0,0,0,0,0,0,,0,,,1,4,0,0,0,0,-0.0013365366030484,0,43,43,361,1,1,0,0,0,19,28.5928239817149,0,0.0,0.166666666666667,,,0,42.5,85.5
2003,REG+POST,00-0020514,,Michael Bennett,RB,RB,,8,MIN,0,0,0,0,0,0,0,0,0,0,0,0,,0,,,90,447,1,2,1,17,0.187192451965529,0,12,12,132,0,0,0,0,0,4,11.2920163097442,0,0.0,0.0895522388059701,,,0,61.9,73.9
2003,REG+POST,00-0020516,,Todd Heap,TE,TE,,17,BAL,0,0,0,0,0,0,0,0,0,0,0,0,,0,,,3,21,0,0,0,0,0.983534892555326,0,63,63,773,4,1,0,0,0,35,58.2059608138165,4,0.0,0.265822784810127,,,0,111.4,174.4
2003,REG+POST,00-0020525,,Rod Gardner,WR,WR,,16,WAS,2,3,46,2,0,0,0,0,0,0,0,2,6.73308309988352,0,0.0,,0,0,0,0,0,0,,0,59,59,600,5,1,0,0,0,30,49.6605320369708,0,0.0,0.207746478873239,,,0,99.84,158.84
2003,REG+POST,00-0020527,,Deuce McAllister,RB,RB,,16,NO,0,2,0,0,0,0,0,0,0,0,0,0,-1.50506199430674,0,,,351,1641,8,6,4,69,-22.5461417416297,0,69,69,516,0,0,0,0,5,22,24.2204824026959,0,0.0,0.219745222929936,,,0,255.7,324.7
2003,REG+POST,00-0020531,D.Brees,Drew Brees,QB,QB,"https://static.www.nfl.com/image/private/f_auto,q_auto/league/i20xlpzdmn7xubotijjd",11,LAC,205,356,2108,11,15,21,178,4,3,0,0,95,-59.7861841871802,1,0.0,0.0257962272037401,21,84,0,1,0,7,0.878279827476632,0,1,1,21,1,0,0,0,0,1,3.68936233746354,0,0.0,0.0454545454545455,,,0,110.82,111.82
2003,REG+POST,00-0020536,,LaDainian Tomlinson,RB,RB,,16,LAC,1,1,21,1,0,0,0,0,0,0,0,1,3.68936233746354,0,0.0,,313,1645,13,2,0,81,22.6917728832298,0,100,100,725,4,0,0,0,0,26,20.8774011713134,0,0.0,0.336700336700337,,,0,343.84,443.84
2003,REG+POST,00-0020550,,Darnell Dinkins,TE,TE,,1,NYG,0,0,0,0,0,0,0,0,0,0,0,0,,0,,,0,0,0,0,0,0,,0,2,2,16,0,0,0,0,0,1,1.15852278959937,0,0.0,0.111111111111111,,,0,1.6,3.6
2003,REG+POST,00-0020562,,Chad Hutchinson,QB,QB,,1,DAL,1,2,8,0,0,0,0,0,0,0,0,0,-1.51262829080224,0,0.0,,2,-3,0,0,0,0,0.0,0,0,0,0,0,0,0,0,0,0,,0,,,,,0,0.02,0.02
2003,REG+POST,00-0020564,,Delvin Joyce,RB,RB,,6,NYG,0,0,0,0,0,0,0,0,0,0,0,0,,0,,,11,39,0,1,1,1,-4.70881454646587,0,3,3,7,0,0,0,0,0,0,-0.989584895665757,0,0.0,0.0416666666666667,,,0,2.6,5.6
2003,REG+POST,00-0020583,,Marc Boerigter,WR,WR,,10,KC,0,0,0,0,0,0,0,0,0,0,0,0,,0,,,0,0,0,0,0,0,,0,12,12,179,0,0,0,0,0,9,15.1585112113745,0,0.0,0.051063829787234,,,0,17.9,29.9
2003,REG+POST,00-0020587,,Jamal Robertson,RB,RB,,6,SF,0,0,0,0,0,0,0,0,0,0,0,0,,0,,,32,136,0,0,0,7,-7.85610320890555,0,0,0,0,0,0,0,0,0,0,,0,,,,,0,13.6,13.6
2003,REG+POST,00-0020608,,David Carr,QB,QB,,12,HOU,167,295,2013,9,13,15,90,2,0,0,0,86,-26.9065661087266,0,0.0,0.0425764000819757,27,151,2,2,0,11,14.4360795435496,0,0,0,0,0,0,0,0,0,0,,0,,,,,0,117.62,117.62
2003,REG+POST,00-0020692,,Eddie Drummond,WR,WR,,2,DET,0,0,0,0,0,0,0,0,0,0,0,0,,0,,,1,1,0,0,0,0,-0.576655725133605,0,0,0,0,0,0,0,0,0,0,,0,,,,,1,6.1,6.1
2003,REG+POST,00-0020700,,James Mungro,RB,RB,,4,IND,0,0,0,0,0,0,0,0,0,0,0,0,,0,,,24,60,2,0,0,5,-3.29696225107182,0,1,1,-4,0,0,0,0,0,0,-0.89781403564848,1,0.0,0.0434782608695652,,,0,19.6,20.6
2003,REG+POST,00-0020735,,Derrick Lewis,WR,WR,,1,NO,0,0,0,0,0,0,0,0,0,0,0,0,,0,,,0,0,0,0,0,0,,0,1,1,7,0,0,0,0,0,1,1.37066164752468,0,0.0,0.0714285714285714,,,0,0.7,1.7
2003,REG+POST,00-0020739,,Ricky Williams,RB,RB,,9,IND,0,0,0,0,0,0,0,0,0,0,0,0,,0,,,49,154,2,1,1,6,-7.61343720881268,0,22,22,157,1,1,1,0,0,9,6.00082977217447,0,0.0,0.138364779874214,,,0,45.1,67.1
2003,REG+POST,00-0020754,,Kelly Campbell,WR,WR,,14,MIN,0,0,0,0,0,0,0,0,0,0,0,0,,0,,,10,71,0,1,0,4,3.28744538570754,0,25,25,522,4,1,1,0,3,16,41.4907288893592,0,0.0,0.0850340136054422,,,0,81.3,106.3
2003,REG+POST,00-0020780,,Frisman Jackson,WR,WR,,2,CLE,0,1,0,0,0,0,0,0,0,0,0,0,-0.0341215294320136,0,,,0,0,0,0,0,0,,0,2,2,29,0,0,0,0,0,1,4.12618794711307,0,0.0,0.117647058823529,,,0,2.9,4.9
2003,REG+POST,00-0020786,,Ken Simonton,RB,RB,,1,BUF,0,0,0,0,0,0,0,0,0,0,0,0,,0,,,2,4,0,0,0,0,-0.252326992340386,0,0,0,0,0,0,0,0,0,0,,0,,,,,0,0.4,0.4
2003,REG+POST,00-0020794,,Edell Shepherd,WR,WR,,1,TB,0,0,0,0,0,0,0,0,0,0,0,0,,0,,,0,0,0,0,0,0,,0,4,4,38,0,0,0,0,0,2,3.01667668984737,0,0.0,0.166666666666667,,,0,3.8,7.8
2003,REG+POST,00-0020820,,Jesse Chatman,RB,RB,,6,LAC,0,0,0,0,0,0,0,0,0,0,0,0,,0,,,8,17,0,0,0,0,-3.59465861250646,0,5,5,54,0,0,0,0,0,1,3.67926250622259,0,0.0,0.142857142857143,,,0,7.1,12.1
2003,REG+POST,00-0020828,,Josh Norman,TE,TE,,3,LAC,0,0,0,0,0,0,0,0,0,0,0,0,,0,,,0,0,0,0,0,0,,0,6,6,72,1,0,0,0,0,3,6.44982345134486,0,0.0,0.136363636363636,,,0,13.2,19.2
2003,REG+POST,00-0020849,,Charles Stackhouse,RB,RB,,4,MIN,0,0,0,0,0,0,0,0,0,0,0,0,,0,,,1,0,0,0,0,0,-1.64517105324194,0,6,6,30,0,0,0,0,0,1,0.349260229617357,0,0.0,0.0769230769230769,,,0,3.0,9.0
2003,REG+POST,00-0020904,,Eric Parker,WR,WR,,7,LAC,0,0,0,0,0,0,0,0,0,0,0,0,,0,,,3,21,0,0,0,2,0.374425931368023,0,18,18,244,3,0,0,0,0,14,23.9818074356881,0,0.0,0.128571428571429,,,0,44.5,62.5
2003,REG+POST,00-0020917,,Joe Burns,RB,RB,,10,BUF,0,0,0,0,0,0,0,0,0,0,0,0,,0,,,39,113,0,1,0,3,-7.74282544001471,0,7,7,62,0,0,0,0,0,3,2.00181986744354,0,0.0,0.0853658536585366,,,0,17.5,24.5
2003,REG+POST,00-0020961,,Marcus Wilkins,LB,LB,,1,GB,0,0,0,0,0,0,0,0,0,0,0,0,,0,,,0,0,0,0,0,0,,0,0,0,0,0,0,0,0,0,0,,0,,,,,1,6.0,6.0
2003,REG+POST,00-0020964,,Tony Fisher,RB,RB,,15,GB,0,0,0,0,0,0,0,0,0,0,0,0,,0,,,42,209,1,0,0,10,0.384880517771983,0,25,25,231,2,0,0,0,0,11,18.8024199308116,0,0.0,0.105485232067511,,,0,62.0,87.0
2003,REG+POST,00-0020973,,Woody Dantzler,RB,RB,,5,ATL,0,1,0,0,0,1,5,0,0,0,0,0,-1.63074740511365,0,,,8,21,1,0,0,2,-0.533429452509154,0,0,0,0,0,0,0,0,0,0,,0,,,,,0,8.1,8.1
2003,REG+POST,00-0021006,,Charlie Adams,WR,WR,,1,DEN,0,0,0,0,0,0,0,0,0,0,0,0,,0,,,0,0,0,0,0,0,,0,2,2,18,0,0,0,0,0,1,1.39046447759029,0,0.0,0.0869565217391304,,,0,1.8,3.8
2003,REG+POST,00-0021028,,Clarence Coleman,WR,WR,,3,BUF,0,0,0,0,0,0,0,0,0,0,0,0,,0,,,0,0,0,0,0,0,,0,8,8,69,0,0,0,0,0,5,8.54697202023817,0,0.0,0.121212121212121,,,0,6.9,14.9
2003,REG+POST,00-0021031,,John Simon,RB,RB,,3,WAS,0,0,0,0,0,0,0,0,0,0,0,0,,0,,,3,9,0,1,0,0,-0.12180828070268,0,3,3,21,0,0,0,0,0,1,0.839628749992698,0,0.0,0.0789473684210526,,,0,3.0,6.0
2003,REG+POST,00-0021048,,Damien Anderson,RB,RB,,11,ARI,0,0,0,0,0,0,0,0,0,0,0,0,,0,,,18,68,0,0,0,5,-2.89449860155582,0,6,6,36,0,0,0,0,0,3,1.94139607157558,0,0.0,0.072289156626506,,,0,10.4,16.4
2003,REG+POST,00-0021084,,Matt Schobel,TE,TE,,11,CIN,0,0,0,0,0,0,0,0,0,0,0,0,,0,,,0,0,0,0,0,0,,0,24,24,332,2,1,0,0,0,12,24.2854435045378,0,0.0,0.110599078341014,,,0,45.2,69.2
2003,REG+POST,00-0021087,,Omar Easy,RB,RB,,3,KC,0,0,0,0,0,0,0,0,0,0,0,0,,0,,,0,0,0,0,0,0,,0,3,3,19,0,0,0,0,0,0,0.94833197304979,0,0.0,0.0461538461538462,,,0,1.9,4.9
2003,REG+POST,00-0021090,,Chris Luzar,TE,TE,,3,JAX,0,0,0,0,0,0,0,0,0,0,0,0,,0,,,0,0,0,0,0,0,,0,3,3,30,0,0,0,0,0,1,1.6509528583847,0,0.0,0.05,,,0,3.0,6.0
2003,REG+POST,00-0021094,,Jason McAddley,WR,WR,,2,ARI,0,0,0,0,0,0,0,0,0,0,0,0,,0,,,0,0,0,0,0,0,,0,4,4,53,0,0,0,0,0,3,5.52450078190304,0,0.0,0.0888888888888889,,,0,5.3,9.3
2003,REG+POST,00-0021098,,Josh Scobey,RB,RB,,2,ARI,0,0,0,0,0,0,0,0,0,0,0,0,,0,,,0,0,0,0,0,0,,0,1,1,9,0,0,0,0,0,0,0.612055723904632,0,0.0,0.05,,,1,6.9,7.9
2003,REG+POST,00-0021100,,Jeb Putzier,TE,TE,,1,DEN,0,0,0,0,0,0,0,0,0,0,0,0,,0,,,0,0,0,0,0,0,,0,4,4,34,0,0,0,0,0,3,2.20765028498136,0,0.0,0.307692307692308,,,0,3.4,7.4
2003,REG+POST,00-0021102,,Kendall Newson,WR,WR,,1,MIA,0,0,0,0,0,0,0,0,0,0,0,0,,0,,,0,0,0,0,0,0,,0,2,2,55,0,0,0,0,0,2,3.78599131689407,0,0.0,0.105263157894737,,,0,5.5,7.5
2003,REG+POST,00-0021141,,Joey Harrington,QB,QB,,16,DET,309,554,2880,17,22,11,67,3,0,0,0,147,-92.4059508600959,2,0.0,0.0253230007835591,28,98,0,3,0,7,-4.58260525227524,0,1,1,8,0,0,0,0,0,0,0.555063189007342,0,0.0,0.0384615384615385,,,0,153.8,154.8
2003,REG+POST,00-0021147,,Donte' Stallworth,WR,WR,,11,NO,0,0,0,0,0,0,0,0,0,0,0,0,,0,,,1,3,0,0,0,0,-0.219150693621486,0,25,25,485,3,1,1,0,0,18,42.5615727919358,0,0.0,0.112612612612613,,,0,64.8,89.8
2003,REG+POST,00-0021148,,Jeremy Shockey,TE,TE,,9,NYG,0,0,0,0,0,0,0,0,0,0,0,0,,0,,,0,0,0,0,0,0,,0,49,49,562,2,1,1,0,0,30,36.7098297312098,0,0.0,0.221719457013575,,,0,66.2,115.2
2003,REG+POST,00-0021150,,William Green,RB,RB,,7,CLE,0,0,0,0,0,0,0,0,0,0,0,0,,0,,,142,559,1,5,2,30,-23.8444399362714,0,10,10,50,0,0,0,0,0,2,2.17684206587728,0,0.0,0.0833333333333333,,,0,62.9,72.9
2003,REG+POST,00-0021151,,Phillip Buchanon,DB,DB,,2,LV,0,0,0,0,0,0,0,0,0,0,0,0,,0,,,0,0,0,0,0,0,,0,0,0,0,0,0,0,0,0,0,,0,,,,,2,12.0,12.0
2003,REG+POST,00-0021152,,Ashley Lelie,WR,WR,,17,DEN,0,0,0,0,0,0,0,0,0,0,0,0,,0,,,8,43,0,0,0,2,-0.628311462110815,0,38,38,635,2,0,0,0,0,26,56.8412285904342,0,0.0,0.135714285714286,,,0,79.8,117.8
2003,REG+POST,00-0021153,,Javon Walker,WR,WR,,18,GB,0,0,0,0,0,0,0,0,0,0,0,0,,0,,,3,-7,0,0,0,0,-2.90594754810445,0,47,47,871,9,1,1,0,0,33,73.1569511615671,0,0.0,0.133903133903134,,,0,138.4,185.4
2003,REG+POST,00-0021154,,Daniel Graham,TE,TE,,15,NE,0,0,0,0,0,0,0,0,0,0,0,0,,0,,,0,0,0,0,0,0,,0,43,43,454,4,1,1,0,0,23,27.5073638196918,0,0.0,0.133540372670807,,,0,67.4,110.4
2003,REG+POST,00-0021159,,Jerramy Stevens,TE,TE,,5,SEA,0,0,0,0,0,0,0,0,0,0,0,0,,0,,,0,0,0,0,0,0,,0,6,6,72,0,0,0,0,0,3,4.40537744399626,0,0.0,0.0560747663551402,,,0,7.2,13.2
2003,REG+POST,00-0021163,,Jabar Gaffney,WR,WR,,13,HOU,0,1,0,0,0,0,0,0,0,0,0,0,-0.427726272377186,0,,,1,13,0,0,0,1,1.43924409372266,0,34,34,402,2,0,0,0,0,21,36.0961623405456,0,0.0,0.178010471204188,,,0,53.5,87.5
2003,REG+POST,00-0021164,,DeShaun Foster,RB,RB,,18,CAR,0,0,0,0,0,0,0,0,0,0,0,0,,0,,,155,625,2,3,1,33,-13.8937799601488,0,31,31,242,2,2,2,0,0,8,-5.65840098369517,0,0.0,0.126016260162602,,,0,104.7,135.7
2003,REG+POST,00-0021166,,Josh Reed,WR,WR,,14,BUF,0,0,0,0,0,0,0,0,0,0,0,0,,0,,,3,38,0,0,0,2,2.58498421963304,0,58,58,588,2,1,1,0,0,33,42.0858693599585,0,0.0,0.222222222222222,,,0,72.6,130.6
2003,REG+POST,00-0021174,,Tim Carter,WR,WR,,10,NYG,0,0,0,0,0,0,0,0,0,0,0,0,,0,,,0,0,0,0,0,0,,0,26,26,309,0,0,0,0,0,12,24.7258642950292,0,0.0,0.109704641350211,,,0,30.9,56.9
2003,REG+POST,00-0021175,,Andre Davis,WR,WR,,16,CLE,0,0,0,0,0,0,0,0,0,0,0,0,,0,,,5,28,0,0,0,1,-1.36791690834798,0,40,40,576,5,0,0,0,0,31,51.9243243283717,0,0.0,0.12779552715655,,,0,90.4,130.4
2003,REG+POST,00-0021176,,Reche Caldwell,WR,WR,,6,LAC,0,0,0,0,0,0,0,0,0,0,0,0,,0,,,5,39,0,0,0,2,-0.0804535599891096,0,8,8,80,0,0,0,0,0,4,5.77725686132908,0,0.0,0.105263157894737,,,0,11.9,19.9
2003,REG+POST,00-0021179,,Clinton Portis,RB,RB,,14,DEN,0,0,0,0,0,0,0,0,0,0,0,0,,0,,,307,1659,14,4,1,80,34.7722338094039,1,39,39,324,0,0,0,0,0,10,8.18137271638261,0,0.0,0.165957446808511,,,0,282.3,321.3
2003,REG+POST,00-0021182,,Maurice Morris,RB,RB,,14,SEA,0,0,0,0,0,0,0,0,0,0,0,0,,0,,,39,243,0,1,0,10,2.67892637266251,0,4,4,32,1,0,0,0,0,2,3.12585562304594,0,0.0,0.0975609756097561,,,0,33.5,37.5
2003,REG+POST,00-0021183,,Doug Jolley,TE,TE,,11,LV,0,0,0,0,0,0,0,0,0,0,0,0,,0,,,0,0,0,0,0,0,,0,31,31,258,1,0,0,0,0,11,14.8493877500878,0,0.0,0.160621761658031,,,0,31.8,62.8
2003,REG+POST,00-0021184,,Ladell Betts,RB,RB,,9,WAS,0,0,0,0,0,0,0,0,0,0,0,0,,0,,,77,255,2,0,0,15,-4.9572288009298,0,15,15,167,0,0,0,0,0,8,7.76685134202099,0,0.0,0.109489051094891,,,0,54.2,69.2
2003,REG+POST,00-0021190,,Antwaan Randle El,RB,RB,,16,PIT,3,4,6,0,0,1,10,0,0,0,0,0,-3.37113434751518,0,0.0,,14,85,0,2,0,4,-2.45351105323061,0,37,37,364,1,0,0,0,0,21,28.0836724395215,0,0.0,0.131205673758865,,,2,63.14,100.14
2003,REG+POST,00-0021191,,Antonio Bryant,WR,WR,,15,DAL,0,0,0,0,0,0,0,0,0,0,0,0,,0,,,2,0,0,0,0,0,-1.4715120177716,0,40,40,554,2,0,0,0,0,27,49.9498488137107,0,0.0,0.140350877192982,,,0,67.4,107.4
2003,REG+POST,00-0021192,,Deion Branch,WR,WR,,18,NE,0,0,0,0,0,0,0,0,0,0,0,0,,0,,,1,11,0,0,0,1,0.977177883964032,0,72,72,979,4,0,0,0,0,50,88.2467956088555,0,0.0,0.186046511627907,,,0,123.0,195.0
2003,REG+POST,00-0021206,J.McCown,Josh McCown,QB,QB,"https://static.www.nfl.com/image/private/f_auto,q_auto/league/qcauc37wqjdaxdbq1evu",7,ARI,95,165,1018,5,6,24,173,7,1,0,0,51,-16.0092184232073,0,0.0,0.0375445439826947,29,164,1,3,1,8,-7.6724094748497,0,0,0,0,0,0,0,0,0,0,,0,,,,,0,67.12,67.12
2003,REG+POST,00-0021209,,Lamar Gordon,RB,RB,,9,LA,0,0,0,0,0,0,0,0,0,0,0,0,,0,,,71,298,1,1,0,21,-0.52834491583053,0,8,8,59,0,0,0,0,0,2,2.31228022172581,0,0.0,0.108108108108108,,,0,41.7,49.7
2003,REG+POST,00-0021212,,Cliff Russell,WR,WR,,1,WAS,0,0,0,0,0,0,0,0,0,0,0,0,,0,,,0,0,0,0,0,0,,0,2,2,10,0,0,0,0,0,0,-0.905309620546177,0,0.0,0.0909090909090909,,,0,1.0,3.0
2003,REG+POST,00-0021213,,Chris Baker,TE,TE,,10,NYJ,0,0,0,0,0,0,0,0,0,0,0,0,,0,,,0,0,0,0,0,0,,0,14,14,137,0,0,0,0,0,8,12.0908816185256,0,0.0,0.0696517412935323,,,0,13.7,27.7
2003,REG+POST,00-0021216,,Brian Westbrook,RB,RB,,15,PHI,0,0,0,0,0,0,0,0,0,0,0,0,,0,,,116,605,7,0,0,27,15.7062804728704,0,38,38,340,4,0,0,0,0,17,24.0434262819889,0,0.0,0.177570093457944,,,2,172.5,210.5
2003,REG+POST,00-0021219,,Chris Hope,DB,DB,,1,PIT,0,0,0,0,0,0,0,0,0,0,0,0,,0,,,0,0,0,0,0,0,,0,1,1,81,1,0,0,0,0,1,8.92813385510817,0,0.0,0.0666666666666667,,,0,14.1,15.1
2003,REG+POST,00-0021223,,Jonathan Wells,RB,RB,,3,HOU,0,0,0,0,0,0,0,0,0,0,0,0,,0,,,5,14,0,0,0,1,-3.26637773661059,0,2,2,17,0,0,0,0,0,1,0.953771247877739,0,0.0,0.0571428571428571,,,0,3.1,5.1
2003,REG+POST,00-0021227,,Justin Peelle,TE,TE,,7,LAC,0,0,0,0,0,0,0,0,0,0,0,0,,0,,,0,0,0,0,0,0,,0,16,16,133,1,0,0,0,0,6,9.42216192558408,0,0.0,0.103225806451613,,,0,19.3,35.3
2003,REG+POST,00-0021231,,David Garrard,QB,QB,,1,JAX,9,12,86,1,0,0,0,0,0,0,0,5,6.55294881481677,0,0.0,0.228948856675406,0,0,0,0,0,0,,0,0,0,0,0,0,0,0,0,0,,0,,,,,0,7.44,7.44
2003,REG+POST,00-0021236,,Randy McMichael,TE,TE,,15,MIA,0,0,0,0,0,0,0,0,0,0,0,0,,0,,,0,0,0,0,0,0,,0,49,49,598,2,0,0,0,0,29,44.2014377521094,0,0.0,0.2,,,0,71.8,120.8
2003,REG+POST,00-0021238,,Rohan Davey,QB,QB,,1,NE,3,6,31,0,0,0,0,0,0,0,0,2,-0.545943465956952,0,0.0,0.164800396527986,0,0,0,0,0,0,,0,0,0,0,0,0,0,0,0,0,,0,,,,,0,1.24,1.24
2003,REG+POST,00-0021241,,Darnell Sanders,TE,TE,,8,CLE,0,0,0,0,0,0,0,0,0,0,0,0,,0,,,0,0,0,0,0,0,,0,15,15,95,1,1,1,0,0,1,1.45164299459429,0,0.0,0.104166666666667,,,0,13.5,28.5
2003,REG+POST,00-0021242,,Ron Johnson,WR,WR,,1,BAL,0,0,0,0,0,0,0,0,0,0,0,0,,0,,,0,0,0,0,0,0,,0,1,1,12,0,0,0,0,0,1,2.29828057065606,0,0.0,0.0454545454545455,,,0,1.2,2.2
2003,REG+POST,00-0021252,,Najeh Davenport,RB,RB,,16,GB,0,0,0,0,0,0,0,0,0,0,0,0,,0,,,93,483,2,4,1,21,0.144520369038219,0,6,6,38,0,0,0,0,0,2,1.06815186364111,0,0.0,0.0535714285714286,,,0,62.1,68.1
2003,REG+POST,00-0021268,,Terry Jones,TE,TE,,13,BAL,0,0,0,0,0,0,0,0,0,0,0,0,,0,,,0,0,0,0,0,0,,0,21,21,175,3,0,0,0,0,11,15.0077748612969,0,0.0,0.116666666666667,,,0,35.5,56.5
2003,REG+POST,00-0021271,,Kurt Kittner,QB,QB,,6,ATL,44,114,391,2,6,5,30,0,0,0,0,23,-54.8910128831012,0,0.0,0.0325533664991383,8,13,0,0,0,2,0.926993570639752,0,0,0,0,0,0,0,0,0,0,,0,,,,,0,12.94,12.94
2003,REG+POST,00-0021273,,Robert Royal,TE,TE,,3,WAS,0,0,0,0,0,0,0,0,0,0,0,0,,0,,,0,0,0,0,0,0,,0,5,5,48,0,1,0,0,0,3,4.80301527207485,0,0.0,0.0746268656716418,,,0,4.8,9.8
2003,REG+POST,00-0021279,,Verron Haynes,FB,RB,,8,PIT,0,0,0,0,0,0,0,0,0,0,0,0,,0,,,20,63,0,1,1,3,-9.86184069523006,0,7,7,57,0,1,1,0,0,2,-2.52469053602545,0,0.0,0.07,,,0,8.0,15.0
2003,REG+POST,00-0021287,,Keith Heinrich,TE,TE,,4,CLE,0,0,0,0,0,0,0,0,0,0,0,0,,0,,,0,0,0,0,0,0,,0,8,8,64,2,0,0,0,0,5,7.97637611371255,0,0.0,0.114285714285714,,,0,18.4,26.4
2003,REG+POST,00-0021306,,Adrian Peterson,RB,RB,,3,CHI,0,0,0,0,0,0,0,0,0,0,0,0,,0,,,22,70,0,0,0,3,-2.78894479200244,0,1,1,5,0,0,0,0,0,0,0.0414838574361056,0,0.0,0.0526315789473684,,,0,7.5,8.5
2003,REG+POST,00-0021309,,Lee Mays,WR,WR,,2,PIT,0,0,0,0,0,0,0,0,0,0,0,0,,0,,,0,0,0,0,0,0,,0,2,2,17,0,0,0,0,0,1,1.4813686599955,0,0.0,0.0425531914893617,,,0,1.7,3.7
2003,REG+POST,00-0021314,,Chester Taylor,RB,RB,,17,BAL,0,0,0,0,0,0,0,0,0,0,0,0,,0,,,63,276,2,1,1,12,-5.96399951759488,0,22,22,151,0,0,0,0,0,8,5.69340963050392,0,0.0,0.1375,,,0,52.7,74.7
2003,REG+POST,00-0021337,,Ronald Curry,WR,WR,,3,LV,0,0,0,0,0,0,0,0,0,0,0,0,,0,,,1,0,0,1,0,0,-1.56469237525016,0,5,5,31,0,0,0,0,0,1,2.43803501536604,0,0.0,0.0909090909090909,,,0,3.1,8.1
2003,REG+POST,00-0021345,,Chris Massey,LS,SPEC,,1,LA,0,0,0,0,0,0,0,0,0,0,0,0,,0,,,1,-1,0,0,0,0,0.38623433560133,0,0,0,0,0,0,0,0,0,0,,0,,,,,0,-0.1,-0.1
2003,REG+POST,00-0021353,,David Givens,WR,WR,,13,NE,0,1,0,0,1,0,0,0,0,0,0,0,-4.00646940269507,0,,,0,0,0,0,0,0,,0,51,51,673,8,0,0,0,0,33,68.9486847021617,0,0.0,0.191011235955056,,,0,113.3,164.3
2003,REG+POST,00-0021357,,Rock Cartwright,RB,RB,,15,WAS,0,0,0,0,0,0,0,0,0,0,0,0,,0,,,107,411,4,1,1,36,2.23473647006904,0,18,18,176,0,0,0,0,0,5,8.95570589850364,0,0.0,0.103448275862069,,,0,80.7,98.7
2003,REG+POST,00-0021371,,Darian Barnes,FB,RB,,1,TB,0,0,0,0,0,0,0,0,0,0,0,0,,0,,,0,0,0,0,0,0,,0,1,1,6,0,0,0,0,0,1,1.37477586406749,0,0.0,0.037037037037037,,,0,0.6,1.6
2003,REG+POST,00-0021376,,T.J. Duckett,RB,RB,,16,ATL,0,1,0,0,0,0,0,0,0,0,0,0,-0.514727006666362,0,,,197,779,11,3,2,39,-10.3299339675868,0,11,11,94,0,0,0,0,0,2,2.77970819367329,0,0.0,0.0827067669172932,,,0,149.3,160.3
2003,REG+POST,00-0021377,,Ed Reed,FS,DB,,2,BAL,0,0,0,0,0,0,0,0,0,0,0,0,,0,,,0,0,0,0,0,0,,0,0,0,0,0,0,0,0,0,0,,0,,,,,2,12.0,12.0
2003,REG+POST,00-0021379,,Patrick Ramsey,QB,QB,,11,WAS,180,338,2169,14,9,30,206,5,4,0,0,99,-25.3875960657194,2,0.0,0.0324079666075217,15,62,1,2,1,3,-5.15420634897681,0,0,0,0,0,0,0,0,0,0,,0,,,,,0,130.96,130.96
2003,REG+POST,00-0021387,,Jamar Martin,RB,RB,,4,DAL,0,0,0,0,0,0,0,0,0,0,0,0,,0,,,4,7,0,0,0,2,-0.149094692082144,0,2,2,9,0,0,0,0,0,1,0.268140946049243,0,0.0,0.0454545454545455,,,0,1.6,3.6
2003,REG+POST,00-0021403,,Chad Mustard,TE,TE,,2,CLE,0,0,0,0,0,0,0,0,0,0,0,0,,0,,,0,0,0,0,0,0,,0,4,4,29,0,0,0,0,0,2,2.27234327647602,0,0.0,0.0740740740740741,,,0,2.9,6.9
2003,REG+POST,00-0021406,,Derick Armstrong,WR,WR,,5,HOU,0,0,0,0,0,0,0,0,0,0,0,0,,0,,,0,0,0,0,0,0,,0,7,7,75,1,0,0,0,0,4,7.5917835488217,0,0.0,0.0921052631578947,,,0,13.5,20.5
2003,REG+POST,00-0021425,,Antonio Brown,WR,WR,,1,BUF,0,0,0,0,0,0,0,0,0,0,0,0,,0,,,1,17,0,0,0,1,2.00194691121578,0,0,0,0,0,0,0,0,0,0,,0,,,,,0,1.7,1.7
2003,REG+POST,00-0021437,,Terrence Edwards,WR,WR,,1,ATL,0,0,0,0,0,0,0,0,0,0,0,0,,0,,,0,0,0,0,0,0,,0,1,1,10,0,0,0,0,0,1,1.10190124833025,0,0.0,0.05,,,0,1.0,2.0
2003,REG+POST,00-0021460,,Cortez Hankton,WR,WR,,10,JAX,0,0,0,0,0,0,0,0,0,0,0,0,,0,,,0,0,0,0,0,0,,0,17,17,166,0,0,0,0,0,8,5.51147661227297,0,0.0,0.0890052356020942,,,0,16.6,33.6
2003,REG+POST,00-0021508,,Greg Lewis,WR,WR,,6,PHI,0,0,0,0,0,0,0,0,0,0,0,0,,0,,,0,0,0,0,0,0,,0,6,6,95,0,0,0,0,0,5,10.339174205641,0,0.0,0.05,,,0,9.5,15.5
2003,REG+POST,00-0021509,,Reno Mahe,RB,RB,,2,PHI,0,0,0,0,0,0,0,0,0,0,0,0,,0,,,0,0,0,0,0,0,,0,2,2,13,0,0,0,0,0,1,0.969230113900267,0,0.0,0.0555555555555556,,,0,1.3,3.3
2003,REG+POST,00-0021525,,Casey Fitzsimmons,TE,TE,,10,DET,0,0,0,0,0,0,0,0,0,0,0,0,,0,,,0,0,0,0,0,0,,0,23,23,160,2,0,0,0,0,10,14.3109130007215,0,0.0,0.100877192982456,,,0,28.0,51.0
2003,REG+POST,00-0021528,,Avon Cobourne,RB,RB,,5,DET,0,0,0,0,0,0,0,0,0,0,0,0,,0,,,10,27,0,0,0,1,-6.54514088042197,0,4,4,30,0,0,0,0,0,0,-0.257009307621047,0,0.0,0.0597014925373134,,,0,5.7,9.7
2003,REG+POST,00-0021547,A.Gates,Antonio Gates,TE,TE,"https://static.www.nfl.com/image/private/f_auto,q_auto/league/kndulvysinvn4tpvt0bc",9,LAC,0,0,0,0,0,0,0,0,0,0,0,0,,0,,,0,0,0,0,0,0,,0,24,24,389,2,1,1,0,0,19,30.3852429236576,0,0.0,0.134078212290503,,,0,48.9,72.9
2003,REG+POST,00-0021570,,Kassim Osgood,WR,WR,,7,LAC,0,0,0,0,0,0,0,0,0,0,0,0,,0,,,0,0,0,0,0,0,,0,13,13,278,2,0,0,0,0,11,26.4067666433111,0,0.0,0.0921985815602837,,,0,39.8,52.8
2003,REG+POST,00-0021581,,Sultan McCullough,RB,RB,,1,WAS,0,0,0,0,0,0,0,0,0,0,0,0,,0,,,1,9,0,0,0,0,-0.241615297971293,0,3,3,13,0,0,0,0,0,0,-1.32481035974342,0,0.0,0.166666666666667,,,0,2.2,5.2
2003,REG+POST,00-0021586,,Kevin Ware,TE,TE,,2,WAS,0,0,0,0,0,0,0,0,0,0,0,0,,0,,,0,0,0,0,0,0,,0,3,3,17,0,0,0,0,0,0,0.552360071102157,0,0.0,0.0789473684210526,,,0,1.7,4.7
2003,REG+POST,00-0021747,,Kerry Carter,RB,RB,,1,SEA,0,0,0,0,0,0,0,0,0,0,0,0,,0,,,3,-2,0,0,0,0,-1.16019812785089,0,0,0,0,0,0,0,0,0,0,,0,,,,,0,-0.2,-0.2
2003,REG+POST,00-0021750,,Arlen Harris,RB,RB,,8,LA,0,0,0,0,0,0,0,0,0,0,0,0,,0,,,85,255,4,1,0,16,-8.64232889375617,0,15,15,102,0,0,0,0,0,5,-0.195051319606137,0,0.0,0.0810810810810811,,,0,59.7,74.7
2003,REG+POST,00-0021756,,Will Heller,TE,TE,,2,TB,0,0,0,0,0,0,0,0,0,0,0,0,,0,,,0,0,0,0,0,0,,0,2,2,15,1,0,0,0,0,2,3.3724590636557,0,0.0,0.0425531914893617,,,0,7.5,9.5
2003,REG+POST,00-0021777,,Tom Lopienski,RB,RB,,1,IND,0,0,0,0,0,0,0,0,0,0,0,0,,0,,,0,0,0,0,0,0,,0,1,1,2,1,0,0,0,0,1,1.33866504527396,0,0.0,0.0454545454545455,,,0,6.2,7.2
2003,REG+POST,00-0021780,,Aaron Moorehead,WR,WR,,2,IND,0,0,0,0,0,0,0,0,0,0,0,0,,0,,,0,0,0,0,0,0,,0,7,7,101,0,1,0,0,0,4,9.24818664189661,0,0.0,0.132075471698113,,,0,10.1,17.1
2003,REG+POST,00-0021845,,Cecil Sapp,RB,RB,,1,DEN,0,0,0,0,0,0,0,0,0,0,0,0,,0,,,12,31,0,0,0,1,-4.55990754801314,0,0,0,0,0,0,0,0,0,0,,0,,,,,0,3.1,3.1
2003,REG+POST,00-0021915,,Sam Aiken,WR,WR,,3,BUF,0,0,0,0,0,0,0,0,0,0,0,0,,0,,,0,0,0,0,0,0,,0,3,3,35,0,0,0,0,0,2,2.02954077807954,0,0.0,0.0535714285714286,,,0,3.5,6.5
2003,REG+POST,00-0021918,,Carson Dach,C,OL,,1,NYG,0,0,0,0,0,0,0,0,0,0,0,0,,0,,,1,0,0,1,0,0,-0.854766307398677,0,0,0,0,0,0,0,0,0,0,,0,,,,,0,0.0,0.0
2003,REG+POST,00-0021921,,Adrian Madise,WR,WR,,3,DEN,0,0,0,0,0,0,0,0,0,0,0,0,,0,,,1,10,0,0,0,1,-0.717586593469605,0,2,2,10,0,0,0,0,0,0,-0.785297270163912,0,0.0,0.0588235294117647,,,0,2.0,4.0
2003,REG+POST,00-0021923,,Willie Ponder,WR,WR,,4,NYG,0,0,0,0,0,0,0,0,0,0,0,0,,0,,,0,0,0,0,0,0,,0,7,7,35,0,0,0,0,0,1,-0.698216950055212,0,0.0,0.0921052631578947,,,0,3.5,10.5
2003,REG+POST,00-0021927,,David Tyree,WR,WR,,6,NYG,0,0,0,0,0,0,0,0,0,0,0,0,,0,,,1,-9,0,0,0,0,-3.29048623377457,0,16,16,211,0,0,0,0,0,8,16.7378303420264,0,0.0,0.150943396226415,,,0,20.2,36.2
2003,REG+POST,00-0021929,,Donald Lee,TE,TE,,4,MIA,0,0,0,0,0,0,0,0,0,0,0,0,,0,,,0,0,0,0,0,0,,0,7,7,110,1,0,0,0,0,5,9.1688721118262,0,0.0,0.0933333333333333,,,0,17.0,24.0
2003,REG+POST,00-0021931,,Kevin Walter,WR,WR,,3,CIN,0,0,0,0,0,0,0,0,0,0,0,0,,0,,,0,0,0,0,0,0,,0,3,3,18,0,0,0,0,0,1,-0.780304285988677,0,0.0,0.0517241379310345,,,0,1.8,4.8
2003,REG+POST,00-0021938,,Brock Forsey,RB,RB,,4,CHI,0,0,0,0,0,0,0,0,0,0,0,0,,0,,,50,191,2,0,0,12,1.53235284431139,0,3,3,37,0,0,0,0,0,3,3.52115263487212,0,0.0,0.0714285714285714,,,0,34.8,37.8
2003,REG+POST,00-0021955,,Dan Klecko,RB,RB,,2,NE,0,0,0,0,0,0,0,0,0,0,0,0,,0,,,2,5,0,0,0,1,-0.615541464299895,0,0,0,0,0,0,0,0,0,0,,0,,,,,0,0.5,0.5
2003,REG+POST,00-0021969,,Brad Pyatt,WR,WR,,1,IND,0,0,0,0,0,0,0,0,0,0,0,0,,0,,,0,0,0,0,0,0,,0,1,1,2,0,0,0,0,0,0,-0.405565285123885,0,0.0,0.0454545454545455,,,0,0.2,1.2
2003,REG+POST,00-0021973,,David Kircus,WR,WR,,3,DET,0,0,0,0,0,0,0,0,0,0,0,0,,0,,,0,0,0,0,0,0,,0,3,3,53,0,0,0,0,0,3,4.96765178604983,0,0.0,0.0508474576271187,,,0,5.3,8.3
2003,REG+POST,00-0021976,,Larry Johnson,RB,RB,,5,KC,0,0,0,0,0,0,0,0,0,0,0,0,,0,,,20,85,1,0,0,5,0.323619136644993,0,1,1,2,0,0,0,0,0,0,-0.524906965438277,0,0.0,0.04,,,0,14.7,15.7
2003,REG+POST,00-0021979,,Domanick Williams,RB,RB,,14,HOU,0,0,0,0,0,0,0,0,0,0,0,0,,0,,,238,1031,8,2,2,47,-17.5349820995847,0,47,47,351,0,2,1,0,0,15,7.82983402893064,0,0.0,0.239795918367347,,,0,180.2,227.2
2003,REG+POST,00-0021980,,George Wrighster,TE,TE,,8,JAX,0,0,0,0,0,0,0,0,0,0,0,0,,0,,,0,0,0,0,0,0,,0,13,13,150,2,0,0,0,0,9,14.3149596829899,0,0.0,0.0928571428571429,,,0,27.0,40.0
2003,REG+POST,00-0021981,,Shaun McDonald,WR,WR,,4,LA,0,0,0,0,0,0,0,0,0,0,0,0,,0,,,2,7,0,0,0,1,0.400049136369489,0,10,10,62,0,1,0,0,0,4,2.28491281805327,0,0.0,0.0970873786407767,,,0,6.9,16.9
2003,REG+POST,00-0021982,,Justin Gage,WR,WR,,8,CHI,0,0,0,0,0,0,0,0,0,0,0,0,,0,,,0,0,0,0,0,0,,0,17,17,338,2,1,1,0,0,14,27.7116904906151,0,0.0,0.115646258503401,,,0,43.8,60.8
2003,REG+POST,00-0021993,,Bethel Johnson,WR,WR,,10,NE,0,0,0,0,0,0,0,0,0,0,0,0,,0,,,2,-9,0,0,0,0,-1.8093551825732,0,19,19,270,3,1,1,0,0,14,18.9863860584737,0,0.0,0.0909090909090909,,,1,48.1,67.1
2003,REG+POST,00-0021999,,Nate Burleson,WR,WR,,13,MIN,0,0,0,0,0,0,0,0,0,0,0,0,,0,,,0,0,0,0,0,0,,0,29,29,455,2,1,1,0,0,17,33.9935311681475,0,0.0,0.10431654676259,,,0,55.5,84.5
2003,REG+POST,00-0022001,,Kevin Curtis,WR,WR,,1,LA,0,0,0,0,0,0,0,0,0,0,0,0,,0,,,0,0,0,0,0,0,,0,4,4,13,0,0,0,0,0,1,-2.04258775094058,0,0.0,0.153846153846154,,,0,1.3,5.3
2003,REG+POST,00-0022003,,B.J. Askew,FB,RB,,1,NYJ,0,0,0,0,0,0,0,0,0,0,0,0,,0,,,2,9,0,0,0,1,0.995845448691398,0,0,0,0,0,0,0,0,0,0,,0,,,,,0,0.9,0.9
2003,REG+POST,00-0022006,,Artose Pinner,RB,RB,,3,DET,0,0,0,0,0,0,0,0,0,0,0,0,,0,,,39,99,0,0,0,3,-10.9251231047092,0,5,5,40,0,0,0,0,0,2,1.45187156018801,0,0.0,0.0943396226415094,,,0,13.9,18.9
2003,REG+POST,00-0022011,,Justin Griffith,RB,RB,,14,ATL,0,0,0,0,0,0,0,0,0,0,0,0,,0,,,38,168,0,0,0,12,2.44359884603182,0,21,21,122,2,0,0,0,0,6,7.02815679756516,0,0.0,0.145833333333333,,,0,41.0,62.0
2003,REG+POST,00-0022024,,Zuriel Smith,WR,WR,,2,DAL,0,0,0,0,0,0,0,0,0,0,0,0,,0,,,0,0,0,0,0,0,,0,3,3,46,0,0,0,0,0,1,1.08969428273849,0,0.0,0.0857142857142857,,,0,4.6,7.6
2003,REG+POST,00-0022032,,Keenan Howry,WR,WR,,1,MIN,0,0,0,0,0,0,0,0,0,0,0,0,,0,,,0,0,0,0,0,0,,0,2,2,15,0,0,0,0,0,1,0.57891783292871,0,0.0,0.111111111111111,,,0,1.5,3.5
2003,REG+POST,00-0022036,,Spencer Nead,TE,TE,,1,LA,0,0,0,0,0,0,0,0,0,0,0,0,,0,,,0,0,0,0,0,0,,0,1,1,6,0,0,0,0,0,0,-0.226796785369515,0,0.0,0.0384615384615385,,,0,0.6,1.6
2003,REG+POST,00-0022044,,Andre Johnson,WR,WR,,16,HOU,0,0,0,0,0,0,0,0,0,0,0,0,,0,,,5,-10,0,0,0,1,-1.76264619076392,0,66,66,976,4,0,0,0,0,45,87.6174415946007,0,0.0,0.266129032258065,,,0,120.6,186.6
2003,REG+POST,00-0022051,,Teyo Johnson,TE,TE,,9,LV,0,0,0,0,0,0,0,0,0,0,0,0,,0,,,0,0,0,0,0,0,,0,14,14,128,1,0,0,0,0,6,8.71872675546911,0,0.0,0.0875,,,0,18.8,32.8
2003,REG+POST,00-0022054,,Visanthe Shiancoe,TE,TE,,5,NYG,0,0,0,0,0,0,0,0,0,0,0,0,,0,,,0,0,0,0,0,0,,0,10,10,56,2,0,0,0,0,4,4.78261604026193,0,0.0,0.0884955752212389,,,0,17.6,27.6
2003,REG+POST,00-0022057,,LaBrandon Toefield,RB,RB,,15,JAX,1,2,32,0,0,0,0,0,0,0,0,1,1.75255829008529,0,0.0,,53,212,2,0,0,10,-0.293470628772489,0,14,14,105,1,0,0,0,0,6,7.15621945948806,0,0.0,0.0790960451977401,,,0,50.98,64.98
2003,REG+POST,00-0022060,,Aaron Walker,TE,TE,,8,SF,0,0,0,0,0,0,0,0,0,0,0,0,,0,,,0,0,0,0,0,0,,0,8,8,116,1,0,0,0,0,7,11.44072071556,0,0.0,0.0506329113924051,,,0,17.6,25.6
2003,REG+POST,00-0022064,,Arnaz Battle,WR,WR,,2,SF,0,0,0,0,0,0,0,0,0,0,0,0,,0,,,2,14,0,0,0,0,0.921365770860575,0,0,0,0,0,0,0,0,0,0,,0,,,,,0,1.4,1.4
2003,REG+POST,00-0022072,,Charles Rogers,WR,WR,,5,DET,0,0,0,0,0,0,0,0,0,0,0,0,,0,,,2,17,0,0,0,1,0.760815082350746,0,22,22,243,3,0,0,0,0,13,23.8772466790558,0,0.0,0.215686274509804,,,0,44.0,66.0
2003,REG+POST,00-0022084,,Anquan Boldin,WR,WR,"https://static.www.nfl.com/image/private/f_auto,q_auto/league/ajabgwxbliupgkwjbnut",16,ARI,0,1,0,0,1,0,0,0,0,0,0,0,-3.18117116764188,0,,,5,40,0,0,0,2,1.30136599589605,0,101,101,1377,8,2,2,0,0,62,121.219924249598,0,0.0,0.333333333333333,,,0,183.7,284.7
2003,REG+POST,00-0022087,,Tyrone Calico,WR,WR,,10,TEN,0,0,0,0,0,0,0,0,0,0,0,0,,0,,,1,5,0,0,0,0,0.0723838533740491,0,20,20,339,4,0,0,0,0,17,38.1530496038904,1,0.0,0.10752688172043,,,0,60.4,80.4
2003,REG+POST,00-0022091,,Dave Ragone,QB,QB,,2,HOU,20,40,135,0,1,8,39,2,0,0,0,7,-21.4072032366149,0,0.0,0.0335693424472796,6,51,0,2,1,2,1.31049466441618,0,1,1,-5,0,0,0,0,0,0,-0.120213010406587,0,0.0,0.0909090909090909,,,0,6.0,7.0
2003,REG+POST,00-0022092,,Chris Brown,RB,RB,,13,TEN,0,0,0,0,0,0,0,0,0,0,0,0,,0,,,74,317,2,1,0,15,-4.46758925923372,0,9,9,63,0,0,0,0,0,5,2.42974607722135,0,0.0,0.072,,,0,50.0,59.0
2003,REG+POST,00-0022093,,Justin Fargas,RB,RB,,9,LV,0,0,0,0,0,0,0,0,0,0,0,0,,0,,,40,203,0,1,1,10,-5.23781740901177,0,2,2,2,0,0,0,0,0,0,-1.11672099749558,0,0.0,0.04,,,0,18.5,20.5
2003,REG+POST,00-0022095,,Quentin Griffin,RB,RB,,10,DEN,0,0,0,0,0,0,0,0,0,0,0,0,,0,,,100,405,0,3,1,18,-6.53395241950778,0,10,10,79,0,0,0,0,0,5,4.95679668791127,0,0.0,0.0892857142857143,,,0,46.4,56.4
2003,REG+POST,00-0022097,,Brandon Lloyd,WR,WR,,8,SF,0,0,0,0,0,0,0,0,0,0,0,0,,0,,,0,0,0,0,0,0,,0,14,14,212,2,0,0,0,0,9,20.0081959107206,1,0.0,0.0903225806451613,,,0,35.2,49.2
2003,REG+POST,00-0022102,,Doug Gabriel,WR,WR,,2,LV,0,0,0,0,0,0,0,0,0,0,0,0,,0,,,0,0,0,0,0,0,,0,1,1,17,0,0,0,0,0,1,1.44336122757522,0,0.0,0.0588235294117647,,,1,7.7,8.7
2003,REG+POST,00-0022105,,Eddie Johnson,P,SPEC,,2,MIN,0,0,0,0,0,0,0,0,0,0,0,0,,0,,,2,15,0,2,0,1,0.916583110112697,0,0,0,0,0,0,0,0,0,0,,0,,,,,0,1.5,1.5
2003,REG+POST,00-0022111,,Talman Gardner,WR,WR,,2,NO,0,0,0,0,0,0,0,0,0,0,0,0,,0,,,0,0,0,0,0,0,,0,3,3,29,0,0,0,0,0,2,1.2191525780363,0,0.0,0.0666666666666667,,,0,2.9,5.9
2003,REG+POST,00-0022112,,Gibran Hamdan,QB,QB,,1,WAS,1,2,7,0,0,1,2,0,0,0,0,0,-0.179251214605756,0,0.0,,0,0,0,0,0,0,,0,0,0,0,0,0,0,0,0,0,,0,,,,,0,0.28,0.28
2003,REG+POST,00-0022116,,Tony Hollings,RB,RB,,9,HOU,0,0,0,0,0,0,0,0,0,0,0,0,,0,,,38,102,0,1,1,4,-12.9660343722499,0,2,2,25,0,1,1,0,0,1,-1.30960037844488,0,0.0,0.0555555555555556,,,0,8.7,10.7
2003,REG+POST,00-0022121,,Rex Grossman,QB,QB,,3,CHI,38,72,437,2,1,4,41,1,0,0,0,23,-5.56740937883655,0,0.0,0.0277887663172338,3,-1,0,2,0,0,-2.3863288735738,0,0,0,0,0,0,0,0,0,0,,0,,,,,0,23.38,23.38
2003,REG+POST,00-0022124,,Taylor Jacobs,WR,WR,,3,WAS,0,0,0,0,0,0,0,0,0,0,0,0,,0,,,0,0,0,0,0,0,,0,3,3,37,1,0,0,0,0,1,3.01024395199784,0,0.0,0.0461538461538462,,,0,9.7,12.7
2003,REG+POST,00-0022126,,L.J. Smith,TE,TE,,14,PHI,0,0,0,0,0,0,0,0,0,0,0,0,,0,,,0,0,0,0,0,0,,0,30,30,363,1,1,0,0,0,16,30.747748159687,0,0.0,0.121457489878543,,,0,42.3,72.3
2003,REG+POST,00-0022127,J.Witten,Jason Witten,TE,TE,"https://static.www.nfl.com/image/private/f_auto,q_auto/league/r7uafhtwuexuaty0nhsc",12,DAL,0,0,0,0,0,0,0,0,0,0,0,0,,0,,,0,0,0,0,0,0,,0,39,39,377,1,0,0,0,0,20,32.2128953440115,0,0.0,0.160493827160494,,,0,43.7,82.7
2003,REG+POST,00-0022129,,Mike Seidman,TE,TE,,4,CAR,0,0,0,0,0,0,0,0,0,0,0,0,,0,,,0,0,0,0,0,0,,0,5,5,35,0,0,0,0,0,2,1.18626029358711,0,0.0,0.0684931506849315,,,0,3.5,8.5
2003,REG+POST,00-0022130,,Musa Smith,RB,RB,,2,BAL,0,0,0,0,0,0,0,0,0,0,0,0,,0,,,9,31,2,1,0,2,5.07777323262417,0,0,0,0,0,0,0,0,0,0,,0,,,,,0,15.1,15.1
2003,REG+POST,00-0022135,,Billy McMullen,WR,WR,,1,PHI,0,0,0,0,0,0,0,0,0,0,0,0,,0,,,0,0,0,0,0,0,,0,1,1,2,0,0,0,0,0,0,-0.445285700727254,0,0.0,0.0625,,,0,0.2,1.2
2003,REG+POST,00-0022138,,Onterrio Smith,RB,RB,,10,MIN,0,0,0,0,0,0,0,0,0,0,0,0,,0,,,107,579,5,1,0,28,11.6684486869761,0,15,15,129,0,0,0,0,0,8,6.98869957239367,1,0.0,0.103448275862069,,,0,102.8,117.8
2003,REG+POST,00-0022141,,Jeremi Johnson,FB,RB,,14,CIN,0,0,0,0,0,0,0,0,0,0,0,0,,0,,,15,41,1,0,0,5,-0.701318019605952,0,15,15,82,1,0,0,0,0,4,3.56841431651264,0,0.0,0.072463768115942,,,0,24.3,39.3
2003,REG+POST,00-0022144,,Bobby Wade,WR,WR,,8,CHI,0,0,0,0,0,0,0,0,0,0,0,0,,0,,,5,14,0,0,0,2,1.52960283309221,0,12,12,137,0,0,0,0,0,8,9.79116787860403,0,0.0,0.101694915254237,,,0,15.1,27.1
2003,REG+POST,00-0022156,,Bryant Johnson,WR,WR,,13,ARI,0,0,0,0,0,0,0,0,0,0,0,0,,0,,,0,0,0,0,0,0,,0,35,35,438,1,1,1,0,0,20,27.8496304834061,0,0.0,0.14,,,0,47.8,82.8
2003,REG+POST,00-0022157,,Jeff Faine,C,OL,,1,CLE,0,0,0,0,0,0,0,0,0,0,0,0,,0,,,1,0,0,1,0,0,-1.37944944947958,0,0,0,0,0,0,0,0,0,0,,0,,,,,0,0.0,0.0
2003,REG+POST,00-0022164,,Kyle Boller,QB,QB,,10,BAL,116,224,1260,7,9,17,92,5,3,0,0,62,-40.0914224937238,4,0.0,0.0242949306964207,30,52,0,4,2,5,-16.208637233037,0,0,0,0,0,0,0,0,0,0,,0,,,,,0,63.6,63.6
2003,REG+POST,00-0022165,,Dallas Clark,TE,TE,,10,IND,0,0,0,0,0,0,0,0,0,0,0,0,,0,,,0,0,0,0,0,0,,0,29,29,340,1,0,0,0,0,16,20.1681050724139,0,0.0,0.116,,,0,40.0,69.0
2003,REG+POST,00-0022171,,Kelley Washington,WR,WR,,10,CIN,0,0,0,0,0,0,0,0,0,0,0,0,,0,,,1,5,0,0,0,0,0.167582123773173,0,22,22,299,4,0,0,0,0,16,36.584286246507,0,0.0,0.103286384976526,,,0,54.4,76.4
2003,REG+POST,00-0022174,,Erik Bickerstaff,RB,RB,,4,DAL,0,0,0,0,0,0,0,0,0,0,0,0,,0,,,19,56,1,0,0,3,-2.97221110918326,0,0,0,0,0,0,0,0,0,0,,0,,,,,0,11.6,11.6
2003,REG+POST,00-0022177,,Byron Leftwich,QB,QB,,15,JAX,239,419,2819,14,17,18,86,8,3,0,0,135,-15.0655982844814,0,0.0,0.0522129827866263,25,108,2,2,2,10,-5.33337206632995,0,0,0,0,0,0,0,0,0,0,,0,,,,,0,147.56,147.56
2003,REG+POST,00-0022180,,Lee Suggs,RB,RB,,4,CLE,0,0,0,0,0,0,0,0,0,0,0,0,,0,,,56,289,2,2,1,13,3.58182263024022,0,2,2,0,0,0,0,0,0,0,-0.903571534028742,0,,0.117647058823529,,,0,38.9,40.9
2004,REG,00-0000007,,Rabih Abdullah,RB,RB,,6,NE,0,0,0,0,0,0,0,0,0,0,0,0,,0,,,13,13,1,0,0,3,-5.65737364414963,0,1,1,9,0,0,0,0,0,0,-0.472900848602876,0,0.0,0.0526315789473684,,,0,8.2,9.2
2004,REG,00-0000166,,Stephen Alexander,TE,TE,,15,DET,0,0,0,0,0,0,0,0,0,0,0,0,,0,,,0,0,0,0,0,0,,0,41,41,377,1,0,0,0,0,21,25.6852451037833,0,0.0,0.146428571428571,,,0,43.7,84.7
2004,REG,00-0000251,,Mike Alstott,FB,RB,,14,TB,0,0,0,0,0,0,0,0,0,0,0,0,,0,,,67,230,2,1,1,19,-10.895651360479,0,29,29,202,0,1,1,0,0,11,4.75597483842501,0,0.0,0.102112676056338,,,0,51.2,80.2
2004,REG,00-0000339,,Richie Anderson,FB,RB,,11,DAL,1,1,26,1,0,0,0,0,0,0,0,1,3.57966357411351,0,0.0,,57,246,1,1,1,11,-8.43967774068005,0,26,26,207,0,0,0,0,0,6,6.68182329461994,0,0.0,0.12037037037037,,,0,54.34,80.34
2004,REG,00-0000552,,Obafemi Ayanbadejo,RB,RB,,13,ARI,0,0,0,0,0,0,0,0,0,0,0,0,,0,,,30,122,3,0,0,9,1.9178275838716,0,19,19,171,1,1,0,0,0,9,12.712924925482,0,0.0,0.1,,,0,53.3,72.3
2004,REG,00-0000585,,Champ Bailey,CB,DB,,1,DEN,0,0,0,0,0,0,0,0,0,0,0,0,,0,,,0,0,0,0,0,0,,0,1,1,11,0,0,0,0,0,0,0.214461066294462,0,0.0,0.0555555555555556,,,0,1.1,2.1
2004,REG,00-0000722,,Tony Banks,QB,QB,,2,HOU,1,2,16,0,0,0,0,0,0,0,0,1,1.09150528762257,0,0.0,,0,0,0,0,0,0,,0,0,0,0,0,0,0,0,0,0,,0,,,,,0,0.64,0.64
2004,REG,00-0000745,,Tiki Barber,RB,RB,,16,NYG,0,0,0,0,0,0,0,0,0,0,0,0,,0,,,322,1518,13,5,2,77,-1.21635187274137,0,52,52,578,2,0,0,0,0,18,37.6584642254785,0,0.0,0.202334630350195,,,0,295.6,347.6
2004,REG,00-0000849,,Mike Bartrum,LS,SPEC,,3,PHI,0,1,0,0,0,0,0,0,0,0,0,0,-0.709762919694185,0,,,0,0,0,0,0,0,,0,5,5,45,1,1,0,0,0,3,3.85905510923624,0,0.0,0.0833333333333333,,,0,10.5,15.5
2004,REG,00-0000942,,Fred Beasley,RB,RB,,8,SF,0,0,0,0,0,0,0,0,0,0,0,0,,0,,,9,15,0,0,0,4,-2.39818732824642,0,10,10,44,0,0,0,0,0,1,0.170850653783418,0,0.0,0.0769230769230769,,,0,5.9,15.9
2004,REG,00-0001098,,Brandon Bennett,RB,RB,,3,CAR,0,0,0,0,0,0,0,0,0,0,0,0,,0,,,6,17,1,0,0,2,-0.382089412014466,0,0,0,0,0,0,0,0,0,0,,0,,,,,0,7.7,7.7
2004,REG,00-0001215,,Jerome Bettis,RB,RB,,14,PIT,1,1,10,1,0,0,0,0,0,0,0,1,2.7614533987944,0,0.0,,250,941,13,1,0,50,-4.51607784986662,0,6,6,46,0,0,0,0,0,2,2.08750335784862,0,0.0,0.0882352941176471,,,0,181.1,187.1
2004,REG,00-0001335,,Jeff Blake,QB,QB,,3,PHI,18,37,126,1,1,2,17,1,1,0,0,7,-19.1958916318836,0,0.0,0.0325047706763881,3,6,0,0,0,0,-0.0919284599367529,0,0,0,0,0,0,0,0,0,0,,0,,,,,0,5.64,5.64
2004,REG,00-0001361,,Drew Bledsoe,QB,QB,,16,BUF,256,449,2932,20,16,38,230,4,3,0,0,144,-16.2887076026472,0,0.0,0.0428493148783175,20,52,0,5,2,3,-19.7045292060066,0,0,0,0,0,0,0,0,0,0,,0,,,,,0,160.48,160.48
2004,REG,00-0001477,,Marty Booker,WR,WR,,15,MIA,1,1,48,0,0,0,0,0,0,0,0,1,2.89125341398176,0,0.0,,1,-8,0,0,0,0,-1.54611030314118,0,50,50,638,1,0,0,0,0,30,55.88626325619,0,0.0,0.170648464163823,,,0,70.92,120.92
2004,REG,00-0001627,,Corey Bradford,WR,WR,,12,HOU,0,0,0,0,0,0,0,0,0,0,0,0,,0,,,0,0,0,0,0,0,,0,27,27,399,3,0,0,0,0,20,39.9957326643635,0,0.0,0.115384615384615,,,0,57.9,84.9
2004,REG,00-0001661,,Kyle Brady,TE,TE,,9,JAX,0,0,0,0,0,0,0,0,0,0,0,0,,0,,,0,0,0,0,0,0,,0,14,14,103,1,0,0,0,0,6,8.10974288044963,0,0.0,0.089171974522293,,,0,16.3,30.3
2004,REG,00-0001823,,Aaron Brooks,QB,QB,,16,NO,309,542,3810,21,16,42,226,7,1,0,0,177,19.8528250840823,1,0.0,0.0714646229010793,57,199,4,6,1,14,-0.701203408206402,0,1,1,1,0,0,0,0,0,0,-1.01059017226057,0,0.0,0.0625,,,0,246.4,247.4
2004,REG,00-0002058,,Tim Brown,WR,WR,,10,TB,0,0,0,0,0,0,0,0,0,0,0,0,,0,,,0,0,0,0,0,0,,0,24,24,200,1,2,1,0,0,8,6.23499647218673,0,0.0,0.105263157894737,,,0,24.0,48.0
2004,REG,00-0002068,,Troy Brown,WR,WR,,8,NE,0,0,0,0,0,0,0,0,0,0,0,0,,0,,,0,0,0,0,0,0,,0,17,17,184,1,0,0,0,0,11,19.1399323698715,0,0.0,0.11038961038961,,,0,24.4,41.4
2004,REG,00-0002099,,Isaac Bruce,WR,WR,,16,LA,0,2,0,0,0,0,0,0,0,0,0,0,-0.975259382277727,0,,,0,0,0,0,0,0,,0,89,89,1292,6,5,4,0,0,64,91.6920936565096,0,0.0,0.239247311827957,,,0,157.2,246.2
2004,REG,00-0002102,,Mark Bruener,TE,TE,,4,HOU,0,0,0,0,0,0,0,0,0,0,0,0,,0,,,0,0,0,0,0,0,,0,4,4,52,0,0,0,0,0,2,3.75247846863931,0,0.0,0.0444444444444444,,,0,5.2,9.2
2004,REG,00-0002110,,Mark Brunell,QB,QB,,9,WAS,118,237,1194,7,6,15,105,4,2,0,0,66,-59.6375916129578,1,0.0,0.0253645842929756,19,62,0,2,1,2,-12.9423205710872,0,0,0,0,0,0,0,0,0,0,,0,,,,,0,65.96,65.96
2004,REG,00-0002159,,Shawn Bryson,RB,RB,,16,DET,0,0,0,0,0,0,0,0,0,0,0,0,,0,,,50,264,0,0,0,15,2.3347385636589,0,44,44,322,0,1,1,0,25,13,4.2963385636763,0,0.0,0.162361623616236,,,0,56.6,100.6
2004,REG,00-0002380,,Steve Bush,RB,RB,,1,SF,0,0,0,0,0,0,0,0,0,0,0,0,,0,,,0,0,0,0,0,0,,0,2,2,10,1,0,0,0,0,1,3.02088606043253,0,0.0,0.111111111111111,,,0,7.0,9.0
2004,REG,00-0002565,,Dan Campbell,TE,TE,,2,DAL,0,0,0,0,0,0,0,0,0,0,0,0,,0,,,0,0,0,0,0,0,,0,2,2,16,0,0,0,0,0,1,0.846668028505519,0,0.0,0.0526315789473684,,,0,1.6,3.6
2004,REG,00-0002586,,Mark Campbell,TE,TE,,7,BUF,0,0,0,0,0,0,0,0,0,0,0,0,,0,,,0,0,0,0,0,0,,0,17,17,203,5,1,0,0,0,11,22.6272329529165,0,0.0,0.138211382113821,,,0,50.3,67.3
2004,REG,00-0002709,,Dwayne Carswell,G,OL,,11,DEN,0,0,0,0,0,0,0,0,0,0,0,0,,0,,,0,0,0,0,0,0,,0,22,22,198,1,0,0,0,0,10,14.0494609476882,0,0.0,0.108910891089109,,,0,25.8,47.8
2004,REG,00-0002743,,Ki-Jana Carter,RB,RB,,2,NO,0,0,0,0,0,0,0,0,0,0,0,0,,0,,,10,17,0,0,0,2,-5.7964170895284,0,0,0,0,0,0,0,0,0,0,,0,,,,,0,1.7,1.7
2004,REG,00-0002876,,Chris Chandler,QB,QB,,3,LA,35,62,460,2,8,7,54,1,1,0,0,15,-21.4278915992348,0,0.0,0.0301128984810412,1,2,0,0,0,0,-0.442700220737606,0,0,0,0,0,0,0,0,0,0,,0,,,,,0,8.6,8.6
2004,REG,00-0002962,,Wayne Chrebet,WR,WR,,12,NYJ,0,0,0,0,0,0,0,0,0,0,0,0,,0,,,0,0,0,0,0,0,,0,31,31,397,1,0,0,0,0,20,36.3025404166848,0,0.0,0.13963963963964,,,0,45.7,76.7
2004,REG,00-0003035,,Desmond Clark,TE,TE,,12,CHI,0,0,0,0,0,0,0,0,0,0,0,0,,0,,,0,0,0,0,0,0,,0,24,24,282,1,1,1,0,0,14,14.0818534906139,0,0.0,0.124352331606218,,,0,32.2,56.2
2004,REG,00-0003103,,Cameron Cleeland,TE,TE,,7,LA,0,0,0,0,0,0,0,0,0,0,0,0,,0,,,1,-2,0,0,0,0,-2.1678013601515,0,7,7,57,0,0,0,0,0,2,4.00242658623029,0,0.0,0.048951048951049,,,0,5.5,12.5
2004,REG,00-0003136,,Mike Cloud,RB,RB,,5,NYG,0,0,0,0,0,0,0,0,0,0,0,0,,0,,,21,90,3,0,0,8,6.06000247140764,0,1,1,3,0,0,0,0,0,0,-0.499419289408252,0,0.0,0.0434782608695652,,,0,27.3,28.3
2004,REG,00-0003140,,Dexter Coakley,LB,LB,,1,DAL,0,0,0,0,0,0,0,0,0,0,0,0,,0,,,1,33,0,0,0,1,3.53241317823995,0,0,0,0,0,0,0,0,0,0,,0,,,,,0,3.3,3.3
2004,REG,00-0003292,,Kerry Collins,QB,QB,,14,LV,289,513,3495,21,20,24,143,4,2,0,0,153,-1.12119773875768,0,0.0,0.0601853141849685,17,35,0,3,1,3,-8.63741875794949,0,0,0,0,0,0,0,0,0,0,,0,,,,,0,181.3,181.3
2004,REG,00-0003315,,Todd Collins,QB,QB,,2,KC,1,5,42,0,0,0,0,0,0,0,0,1,-0.867849500842056,0,0.0,0.0313670247546558,1,4,0,0,0,0,-1.04850434453692,0,0,0,0,0,0,0,0,0,0,,0,,,,,0,2.08,2.08
2004,REG,00-0003344,,Greg Comella,RB,RB,,1,TB,0,0,0,0,0,0,0,0,0,0,0,0,,0,,,0,0,0,0,0,0,,0,1,1,12,0,0,0,0,0,1,0.96342037525028,0,0.0,0.0476190476190476,,,0,1.2,2.2
2004,REG,00-0003396,,Curtis Conway,WR,WR,,12,SF,0,0,0,0,0,0,0,0,0,0,0,0,,0,,,0,0,0,0,0,0,,0,38,38,403,3,0,0,0,0,23,39.8912508015346,1,0.0,0.153846153846154,,,0,60.3,98.3
2004,REG,00-0003400,,Ernie Conwell,TE,TE,,7,NO,0,0,0,0,0,0,0,0,0,0,0,0,,0,,,0,0,0,0,0,0,,0,10,10,102,1,0,0,0,0,4,6.87314638396492,0,0.0,0.0833333333333333,,,0,16.2,26.2
2004,REG,00-0003663,,Zack Crockett,RB,RB,,12,LV,0,0,0,0,0,0,0,0,0,0,0,0,,0,,,49,232,2,0,0,12,3.68657628030056,0,16,16,87,0,0,0,0,0,4,3.51529253006447,0,0.0,0.0740740740740741,,,0,43.9,59.9
2004,REG,00-0003739,,Daunte Culpepper,QB,QB,,16,MIN,379,548,4717,39,11,45,238,3,1,0,0,224,179.732081182412,2,0.0,0.156046167116538,89,406,2,6,3,32,-14.2267993216304,1,0,0,0,0,0,0,0,0,0,,0,,,,,0,373.28,373.28
2004,REG,00-0003803,,Matt Cushing,TE,TE,,1,PIT,0,0,0,0,0,0,0,0,0,0,0,0,,0,,,0,0,0,0,0,0,,0,1,1,17,0,0,0,0,0,1,3.48694453341886,0,0.0,0.0909090909090909,,,0,1.7,2.7
2004,REG,00-0004052,,Stephen Davis,RB,RB,,2,CAR,0,0,0,0,0,0,0,0,0,0,0,0,,0,,,24,92,0,0,0,5,-1.88388137478614,0,2,2,32,0,0,0,0,0,2,2.1291885189712,0,0.0,0.0425531914893617,,,0,12.4,14.4
2004,REG,00-0004161,,Jake Delhomme,QB,QB,,16,CAR,310,533,3886,29,15,33,246,9,4,0,0,192,68.019832498798,2,0.0,0.097834469949468,25,71,1,3,1,9,-8.2838452627809,0,0,0,0,0,0,0,0,0,0,,0,,,,,0,248.54,248.54
2004,REG,00-0004229,,Koy Detmer,QB,QB,,5,PHI,18,40,207,0,2,2,16,1,1,0,0,6,-18.7787848411245,0,0.0,0.0372336169028054,10,-7,0,0,0,0,-8.89889573963592,0,0,0,0,0,0,0,0,0,0,,0,,,,,0,1.58,1.58
2004,REG,00-0004293,,Trent Dilfer,QB,QB,,4,SEA,25,58,333,1,3,4,21,0,0,0,0,12,-12.8547415077888,0,0.0,0.0239389517472909,10,14,0,1,0,1,-7.13581993695698,0,0,0,0,0,0,0,0,0,0,,0,,,,,0,12.72,12.72
2004,REG,00-0004294,,Ken Dilger,TE,TE,,15,TB,0,0,0,0,0,0,0,0,0,0,0,0,,0,,,0,0,0,0,0,0,,0,39,39,345,3,0,0,0,0,15,21.7697446402216,1,0.0,0.12,,,0,54.5,93.5
2004,REG,00-0004304,,Corey Dillon,RB,RB,,15,NE,0,0,0,0,0,0,0,0,0,0,0,0,,0,,,345,1635,12,4,3,81,10.1407637972651,1,15,15,103,1,1,1,0,0,3,-0.128771959862206,0,0.0,0.0892857142857143,,,0,245.8,260.8
2004,REG,00-0004541,,Donald Driver,WR,WR,,16,GB,0,0,0,0,0,0,0,0,0,0,0,0,,0,,,3,4,0,1,1,0,-7.22051372169517,0,84,84,1208,9,1,1,0,0,59,101.482615678822,1,0.0,0.219895287958115,,,0,173.2,257.2
2004,REG,00-0004574,,Rickey Dudley,TE,TE,,2,TB,0,0,0,0,0,0,0,0,0,0,0,0,,0,,,0,0,0,0,0,0,,0,3,3,48,0,0,0,0,0,2,2.54523315897677,0,0.0,0.0612244897959184,,,0,4.8,7.8
2004,REG,00-0004637,,Jason Dunn,TE,TE,,11,KC,0,0,0,0,0,0,0,0,0,0,0,0,,0,,,0,0,0,0,0,0,,0,17,17,120,3,0,0,0,0,8,14.8183725703857,0,0.0,0.0636704119850187,,,0,30.0,47.0
2004,REG,00-0004640,,Warrick Dunn,RB,RB,,16,ATL,0,0,0,0,0,0,0,0,0,0,0,0,,0,,,265,1106,9,3,2,46,-12.8339410552892,0,29,29,293,0,0,0,0,0,9,13.2424808225017,0,0.0,0.169590643274854,,,0,189.9,218.9
2004,REG,00-0004673,,Tim Dwight,WR,WR,,5,LAC,0,0,0,0,0,0,0,0,0,0,0,0,,0,,,4,54,0,0,0,1,0.926097329996309,0,2,2,31,1,0,0,0,0,2,5.53342414926738,0,0.0,0.0540540540540541,,,1,20.5,22.5
2004,REG,00-0004768,,Marc Edwards,FB,RB,,6,JAX,0,0,0,0,0,0,0,0,0,0,0,0,,0,,,0,0,0,0,0,0,,0,7,7,41,0,0,0,0,0,2,2.56119938043412,0,0.0,0.0555555555555556,,,0,4.1,11.1
2004,REG,00-0004780,,Troy Edwards,WR,WR,,15,JAX,0,0,0,0,0,0,0,0,0,0,0,0,,0,,,2,2,0,1,0,0,-3.55736947106198,0,50,50,533,1,2,2,0,0,25,29.1290293406082,0,0.0,0.174825174825175,,,0,55.5,105.5
2004,REG,00-0004915,,Bobby Engram,WR,WR,,13,SEA,0,0,0,0,0,0,0,0,0,0,0,0,,0,,,0,0,0,0,0,0,,0,36,36,499,2,1,1,0,0,25,38.1261596897675,0,0.0,0.142857142857143,,,0,59.9,95.9
2004,REG,00-0005091,,Kevin Faulk,RB,RB,,11,NE,0,0,0,0,0,0,0,0,0,0,0,0,,0,,,54,255,2,0,0,14,5.72512065847457,0,26,26,248,1,1,1,0,0,14,10.5129987080926,0,0.0,0.163522012578616,,,0,66.3,92.3
2004,REG,00-0005092,,Marshall Faulk,RB,RB,,14,LA,0,0,0,0,0,0,0,0,0,0,0,0,,0,,,195,774,3,1,1,45,-16.5792236035096,2,50,50,310,1,1,0,0,0,12,4.10480435588397,0,0.0,0.158730158730159,,,0,134.4,184.4
2004,REG,00-0005101,,Christian Fauria,TE,TE,,9,NE,0,0,0,0,0,0,0,0,0,0,0,0,,0,,,0,0,0,0,0,0,,0,16,16,195,2,0,0,0,0,9,17.6412556813448,0,0.0,0.092485549132948,,,0,31.5,47.5
2004,REG,00-0005106,,Brett Favre,QB,QB,,16,GB,346,541,4086,30,17,12,101,3,0,0,0,202,138.212380330405,2,0.0,0.141727829423724,16,36,0,1,1,2,-9.19201408378983,0,0,0,0,0,0,0,0,0,0,,0,,,,,0,255.04,255.04
2004,REG,00-0005113,,Jeff Feagles,P,SPEC,,1,NYG,0,1,0,0,0,0,0,0,0,0,0,0,-2.5460643148981,0,,,0,0,0,0,0,0,,0,0,0,0,0,0,0,0,0,0,,0,,,,,0,0.0,0.0
2004,REG,00-0005180,,Jay Fiedler,QB,QB,,8,MIA,101,190,1186,7,8,25,165,8,3,0,0,54,-42.5103603064419,0,0.0,0.0244790463596922,12,59,0,1,1,3,-1.36777455999784,0,0,0,0,0,0,0,0,0,0,,0,,,,,0,57.34,57.34
2004,REG,00-0005229,,Jim Finn,FB,RB,,9,NYG,0,0,0,0,0,0,0,0,0,0,0,0,,0,,,3,7,0,0,0,0,-1.6051819230197,0,15,15,112,0,0,0,0,0,5,6.37255482963519,0,0.0,0.093167701863354,,,0,11.9,26.9
2004,REG,00-0005231,,Brian Finneran,WR,WR,,10,ATL,0,0,0,0,0,0,0,0,0,0,0,0,,0,,,0,0,0,0,0,0,,0,23,23,258,2,1,1,0,0,16,27.8374747074558,0,0.0,0.148387096774194,,,0,35.8,58.8
2004,REG,00-0005363,,Doug Flutie,QB,QB,,2,LAC,20,38,276,1,0,1,7,0,0,0,0,15,14.4357498884469,0,0.0,0.212860169005352,5,39,2,0,0,4,6.19676746247569,0,0,0,0,0,0,0,0,0,0,,0,,,,,0,30.94,30.94
2004,REG,00-0005589,,Gus Frerotte,QB,QB,,1,MIN,0,1,0,0,0,0,0,0,0,0,0,0,-2.74326041029417,0,,,0,0,0,0,0,0,,0,0,0,0,0,0,0,0,0,0,,0,,,,,0,0.0,0.0
2004,REG,00-0005620,,Chris Fuamatu-Ma'afala,RB,RB,,7,JAX,0,0,0,0,0,0,0,0,0,0,0,0,,0,,,20,69,1,0,0,7,3.76596557564335,0,4,4,19,0,0,0,0,0,0,-0.422382814285811,0,0.0,0.0666666666666667,,,0,14.8,18.8
2004,REG,00-0005720,,Joey Galloway,WR,WR,,10,TB,0,0,0,0,0,0,0,0,0,0,0,0,,0,,,2,19,0,0,0,1,1.86157943424769,0,33,33,416,5,0,0,0,0,25,42.8774744230323,0,0.0,0.153488372093023,,,1,79.5,112.5
2004,REG,00-0005741,,Rich Gannon,QB,QB,,3,LV,41,68,524,3,2,5,17,3,1,0,0,23,9.43087674910521,1,0.0,0.0954173847001422,5,26,0,0,0,1,-2.82211688141575,0,0,0,0,0,0,0,0,0,0,,0,,,,,0,31.56,31.56
2004,REG,00-0005755,,Jeff Garcia,QB,QB,,11,CLE,144,252,1731,10,9,25,108,7,4,0,0,71,-26.0854187095827,0,0.0,0.0483978610707589,34,169,2,2,2,15,0.0296034047980949,0,0,0,0,0,0,0,0,0,0,,0,,,,,0,108.14,108.14
2004,REG,00-0005779,,Charlie Garner,RB,RB,,3,TB,0,0,0,0,0,0,0,0,0,0,0,0,,0,,,30,111,0,0,0,3,-4.69104313739808,0,9,9,62,0,0,0,0,0,1,0.255799968372823,0,0.0,0.126760563380282,,,0,17.3,26.3
2004,REG,00-0005883,,Eddie George,RB,RB,,13,DAL,0,0,0,0,0,0,0,0,0,0,0,0,,0,,,132,432,4,2,0,27,-17.2212365097366,0,9,9,83,0,1,1,0,0,1,-0.0118002339731902,0,0.0,0.0708661417322835,,,0,73.5,82.5
2004,REG,00-0006043,,Terry Glenn,WR,WR,,6,DAL,0,1,0,0,0,0,0,0,0,0,0,0,-0.40240379224997,0,,,1,-3,0,0,0,0,-1.3239912756253,0,24,24,400,2,0,0,0,20,17,30.5058233529548,0,0.0,0.1875,,,0,51.7,75.7
2004,REG,00-0006101,,Tony Gonzalez,TE,TE,,16,KC,0,0,0,0,0,0,0,0,0,0,0,0,,0,,,1,5,0,0,0,0,0.211839926079847,0,102,102,1258,7,0,0,0,0,69,107.930454502263,0,0.0,0.275675675675676,,,0,168.3,270.3
2004,REG,00-0006305,,Ahman Green,RB,RB,,15,GB,1,1,20,1,0,0,0,0,0,0,0,1,3.1514654608909,0,0.0,,259,1163,7,6,4,56,-13.7129527443797,0,40,40,275,1,1,0,0,0,17,10.8676255012461,0,0.0,0.120845921450151,,,0,188.6,228.6
2004,REG,00-0006355,,Trent Green,QB,QB,,16,KC,369,556,4589,27,17,32,227,9,3,0,0,227,149.843415704461,1,0.0,0.144801224345272,25,85,0,1,1,4,-2.18500593036879,0,0,0,0,0,0,0,0,0,0,,0,,,,,0,260.06,260.06
2004,REG,00-0006423,,Brian Griese,QB,QB,,11,TB,233,336,2632,20,12,26,169,2,1,0,0,126,57.6890568162718,0,0.0,0.0993919607709958,30,17,0,3,1,1,-23.6798002986918,0,1,1,-4,0,0,0,0,0,0,-0.744393632514402,0,0.0,0.0277777777777778,,,0,158.58,159.58
2004,REG,00-0006627,,Az-Zahir Hakim,WR,WR,,10,DET,0,0,0,0,0,0,0,0,0,0,0,0,,0,,,1,0,0,0,0,0,-0.480490181827918,0,31,31,533,3,0,0,0,0,23,46.3481778444178,0,0.0,0.181286549707602,,,0,71.3,102.3
2004,REG,00-0006666,,Lamont Hall,TE,TE,,1,NO,0,0,0,0,0,0,0,0,0,0,0,0,,0,,,0,0,0,0,0,0,,0,1,1,4,1,0,0,0,0,1,2.16918040910969,0,0.0,0.0434782608695652,,,0,6.4,7.4
2004,REG,00-0006777,,Karl Hankton,WR,WR,,1,CAR,0,0,0,0,0,0,0,0,0,0,0,0,,0,,,0,0,0,0,0,0,,0,2,2,25,0,0,0,0,0,1,0.60664246493252,0,0.0,0.0869565217391304,,,0,2.5,4.5
2004,REG,00-0006804,,Patrick Hape,TE,TE,,6,DEN,0,0,0,0,0,0,0,0,0,0,0,0,,0,,,0,0,0,0,0,0,,0,8,8,35,4,0,0,0,0,5,8.2100826302194,0,0.0,0.0720720720720721,,,0,27.5,35.5
2004,REG,00-0007007,,Walt Harris,CB,DB,,1,WAS,0,0,0,0,0,0,0,0,0,0,0,0,,0,,,0,0,0,0,0,0,,0,0,0,0,0,0,0,0,0,0,,0,,,,,1,6.0,6.0
2004,REG,00-0007024,,Marvin Harrison,WR,WR,,16,IND,0,0,0,0,0,0,0,0,0,0,0,0,,0,,,0,0,0,0,0,0,,0,86,86,1113,15,1,1,0,0,63,97.432475984478,0,0.0,0.243626062322946,,,0,199.3,285.3
2004,REG,00-0007091,,Matt Hasselbeck,QB,QB,"https://static.www.nfl.com/image/private/f_auto,q_auto/league/t1nf9avoy2kauqwrvzza",14,SEA,279,474,3390,22,15,29,159,3,1,0,0,177,60.6330575328123,2,0.0,0.0995436408383469,28,94,1,2,0,5,-3.47951563015279,0,0,0,0,0,0,0,0,0,0,,0,,,,,0,211.0,211.0
2004,REG,00-0007180,,Garrison Hearst,RB,RB,,6,DEN,0,0,0,0,0,0,0,0,0,0,0,0,,0,,,20,81,1,0,0,8,2.1192836035043,0,2,2,20,0,0,0,0,0,1,2.85912443464622,0,0.0,0.0487804878048781,,,0,16.1,18.1
2004,REG,00-0007213,,Steve Heiden,TE,TE,"https://static.www.nfl.com/image/private/f_auto,q_auto/league/gbtrxatwcauhazpjejcr",11,CLE,0,0,0,0,0,0,0,0,0,0,0,0,,0,,,0,0,0,0,0,0,,0,28,28,287,5,1,1,0,0,14,20.3699240466231,1,0.0,0.16,,,0,58.7,86.7
2004,REG,00-0007254,,William Henderson,FB,RB,,16,GB,0,0,0,0,0,0,0,0,0,0,0,0,,0,,,0,0,0,0,0,0,,0,34,34,239,3,0,0,0,0,15,14.7912880030344,0,0.0,0.0890052356020942,,,0,41.9,75.9
2004,REG,00-0007308,,Craig Hentrich,P,SPEC,,5,TEN,2,4,10,0,0,0,0,0,0,0,0,1,-4.92759807314724,0,0.0,,1,8,0,0,0,1,2.51002850901568,0,0,0,0,0,0,0,0,0,0,,0,,,,,0,1.2,1.2
2004,REG,00-0007357,,Chris Hetherington,FB,RB,,2,LV,0,0,0,0,0,0,0,0,0,0,0,0,,0,,,1,4,0,0,0,0,0.0365541069768369,0,3,3,28,0,1,1,0,0,1,-2.75347705895547,0,0.0,0.0857142857142857,,,0,1.2,4.2
2004,REG,00-0007468,,Ike Hilliard,WR,WR,,16,NYG,0,0,0,0,0,0,0,0,0,0,0,0,,0,,,3,34,0,0,0,2,1.23247045325115,0,49,49,437,0,3,1,0,0,22,27.7876948446558,0,0.0,0.186311787072243,,,0,45.1,94.1
2004,REG,00-0007576,,Kelly Holcomb,QB,QB,,4,CLE,59,87,737,7,5,5,31,0,0,0,0,35,8.84272608769699,0,0.0,0.100899948089898,3,-2,0,0,0,0,-3.99183746351628,0,0,0,0,0,0,0,0,0,0,,0,,,,,0,47.28,47.28
2004,REG,00-0007579,,Robert Holcombe,FB,RB,,12,TEN,0,0,0,0,0,0,0,0,0,0,0,0,,0,,,17,62,0,0,0,3,-5.06439835403048,0,11,11,60,0,0,0,0,0,1,2.29677639261354,0,0.0,0.0491071428571429,,,0,12.2,23.2
2004,REG,00-0007661,,Priest Holmes,RB,RB,,8,KC,0,0,0,0,0,0,0,0,0,0,0,0,,0,,,196,892,14,4,2,56,23.5033105173651,0,19,19,187,1,0,0,0,0,7,11.1663416562951,0,0.0,0.140740740740741,,,0,193.9,212.9
2004,REG,00-0007681,,Torry Holt,WR,WR,,16,LA,0,0,0,0,0,0,0,0,0,0,0,0,,0,,,0,0,0,0,0,0,,0,94,94,1372,10,3,1,0,0,58,117.673764071718,0,0.0,0.252688172043011,,,0,195.2,289.2
2004,REG,00-0007744,,Joe Horn,WR,WR,,16,NO,0,0,0,0,0,0,0,0,0,0,0,0,,0,,,0,0,0,0,0,0,,0,94,94,1399,11,0,0,0,0,73,130.16942081441,1,0.0,0.3042071197411,,,0,207.9,301.9
2004,REG,00-0008075,,Larry Izzo,LB,LB,,1,NE,0,0,0,0,0,0,0,0,0,0,0,0,,0,,,1,0,0,0,0,0,-2.65862421295606,0,0,0,0,0,0,0,0,0,0,,0,,,,,0,0.0,0.0
2004,REG,00-0008196,,Terry Jackson,RB,RB,,14,SF,0,0,0,0,0,0,0,0,0,0,0,0,,0,,,26,101,0,2,1,4,-4.98473843419924,0,21,21,136,0,0,0,0,0,5,0.293573561632212,0,0.0,0.0871369294605809,,,0,21.7,42.7
2004,REG,00-0008241,,Edgerrin James,RB,RB,,16,IND,0,0,0,0,0,0,0,0,0,0,0,0,,0,,,334,1548,9,5,2,73,9.37060293790432,1,51,51,483,0,0,0,0,0,20,24.1276830135943,0,0.0,0.151785714285714,,,0,255.1,306.1
2004,REG,00-0008442,,Brad Johnson,QB,QB,,4,TB,65,103,674,3,3,8,55,2,1,0,0,28,-13.2895324374484,1,0.0,0.0288191932611514,5,23,0,0,0,1,2.20191591099137,0,0,0,0,0,0,0,0,0,0,,0,,,,,0,35.26,35.26
2004,REG,00-0008560,,Kevin Johnson,WR,WR,,14,BAL,0,0,0,0,0,0,0,0,0,0,0,0,,0,,,1,0,0,0,0,0,-0.458273301366717,0,35,35,373,1,1,1,0,0,19,33.0602784117218,0,0.0,0.15695067264574,,,0,41.3,76.3
2004,REG,00-0008561,,Keyshawn Johnson,WR,WR,,16,DAL,1,2,14,0,1,0,0,0,0,0,0,0,-1.30533754779026,0,0.0,,2,13,0,0,0,1,0.537418223218992,0,70,70,981,6,1,1,0,5,53,91.3290125755302,0,0.0,0.227272727272727,,,0,131.96,201.96
2004,REG,00-0008749,,Freddie Jones,TE,TE,,16,ARI,0,0,0,0,0,0,0,0,0,0,0,0,,0,,,0,0,0,0,0,0,,0,45,45,426,2,0,0,0,0,16,22.1236338314193,0,0.0,0.150501672240803,,,0,54.6,99.6
2004,REG,00-0008962,,Joe Jurevicius,WR,WR,,9,TB,0,0,0,0,0,0,0,0,0,0,0,0,,0,,,0,0,0,0,0,0,,0,27,27,333,2,0,0,0,0,15,29.0534120166558,0,0.0,0.139896373056995,,,0,45.3,72.3
2004,REG,00-0009119,,Reggie Kelly,TE,TE,,9,CIN,0,0,0,0,0,0,0,0,0,0,0,0,,0,,,0,0,0,0,0,0,,0,15,15,85,0,0,0,0,0,5,0.940129196736962,0,0.0,0.0815217391304348,,,0,8.5,23.5
2004,REG,00-0009163,,Eddie Kennison,WR,WR,,14,KC,0,0,0,0,0,0,0,0,0,0,0,0,,0,,,2,15,0,0,0,1,-0.587934231734835,0,62,62,1086,8,1,1,0,0,47,90.1441138705031,1,0.0,0.189024390243902,,,0,158.1,220.1
2004,REG,00-0009266,,Shaun King,QB,QB,,3,ARI,47,84,502,1,4,6,42,2,1,0,0,23,-11.2470181917236,0,0.0,0.0303087664266582,9,30,0,2,0,1,-3.86695882603253,0,0,0,0,0,0,0,0,0,0,,0,,,,,0,17.08,17.08
2004,REG,00-0009311,,Jon Kitna,QB,QB,,4,CIN,61,104,623,5,4,6,41,1,0,0,0,32,4.17340676691212,0,0.0,0.0752773506872271,10,42,0,1,1,2,-3.33197632810334,0,0,0,0,0,0,0,0,0,0,,0,,,,,0,39.12,39.12
2004,REG,00-0009323,,Jimmy Kleinsasser,TE,TE,,1,MIN,0,0,0,0,0,0,0,0,0,0,0,0,,0,,,0,0,0,0,0,0,,0,2,2,24,0,0,0,0,0,1,1.80022358382121,0,0.0,0.111111111111111,,,0,2.4,4.4
2004,REG,00-0009417,,Rob Konrad,FB,RB,,8,MIA,0,0,0,0,0,0,0,0,0,0,0,0,,0,,,2,18,0,0,0,1,1.31972063088324,0,8,8,69,1,0,0,0,0,4,6.97490636690054,0,0.0,0.0555555555555556,,,0,14.7,22.7
2004,REG,00-0009443,,Brian Kozlowski,TE,TE,,3,WAS,0,0,0,0,0,0,0,0,0,0,0,0,,0,,,0,0,0,0,0,0,,0,3,3,29,0,0,0,0,0,3,3.91592629667139,0,0.0,0.0666666666666667,,,0,2.9,5.9
2004,REG,00-0009829,,Dorsey Levens,RB,RB,,13,PHI,0,0,0,0,0,0,0,0,0,0,0,0,,0,,,94,410,4,0,0,24,6.27110690995508,0,9,9,92,0,0,0,0,0,5,6.85341508680722,0,0.0,0.0596026490066225,,,0,74.2,83.2
2004,REG,00-0009842,,Chad Lewis,TE,TE,,11,PHI,0,0,0,0,0,0,0,0,0,0,0,0,,0,,,0,0,0,0,0,0,,0,29,29,267,3,0,0,0,0,16,22.0876321150572,0,0.0,0.128318584070796,,,0,44.7,73.7
2004,REG,00-0009869,,Jermaine Lewis,WR,WR,,1,JAX,0,0,0,0,0,0,0,0,0,0,0,0,,0,,,0,0,0,0,0,0,,0,1,1,4,0,0,0,0,0,0,-0.0260324231348932,0,0.0,0.0714285714285714,,,0,0.4,1.4
2004,REG,00-0010261,,Tommy Maddox,QB,QB,,4,PIT,30,60,329,1,2,6,37,2,2,0,0,15,-22.599332385034,0,0.0,0.0279001073111537,9,15,0,1,0,2,-3.25741264608173,0,0,0,0,0,0,0,0,0,0,,0,,,,,0,10.66,10.66
2004,REG,00-0010333,,Kris Mangum,TE,TE,,13,CAR,0,0,0,0,0,0,0,0,0,0,0,0,,0,,,0,0,0,0,0,0,,0,34,34,323,3,0,0,0,0,17,25.4956792610756,0,0.0,0.129277566539924,,,0,50.3,84.3
2004,REG,00-0010346,,Peyton Manning,QB,QB,"https://static.www.nfl.com/image/private/f_auto,q_auto/league/xpcd6auodk3w0vda6jal",16,IND,336,497,4557,49,10,13,101,4,0,0,0,232,221.496452409353,0,0.0,0.200960986342478,25,38,0,1,1,4,-9.86045876171004,0,0,0,0,0,0,0,0,0,0,,0,,,,,0,360.08,360.08
2004,REG,00-0010442,,Curtis Martin,RB,RB,,16,NYJ,0,0,0,0,0,0,0,0,0,0,0,0,,0,,,371,1697,12,2,0,90,18.8506683595014,0,41,41,245,2,0,0,0,0,12,4.804731543123,0,0.0,0.177489177489178,,,0,278.2,319.2
2004,REG,00-0010455,,Jamie Martin,QB,QB,,1,LA,16,31,188,0,0,2,6,1,0,0,0,8,4.39478127949405,0,0.0,0.0810037931239309,0,0,0,0,0,0,,0,0,0,0,0,0,0,0,0,0,,0,,,,,0,7.52,7.52
2004,REG,00-0010500,,Derrick Mason,WR,WR,,16,TEN,0,0,0,0,0,0,0,0,0,0,0,0,,0,,,1,-3,0,0,0,0,-0.926762125978712,0,96,96,1168,7,0,0,0,0,67,106.876297654341,0,0.0,0.269662921348315,,,0,158.5,254.5
2004,REG,00-0010560,,Shane Matthews,QB,QB,,2,BUF,2,3,44,1,0,0,0,0,0,0,0,2,5.49485461809672,0,0.0,,2,-3,0,0,0,0,-2.11088558088522,0,0,0,0,0,0,0,0,0,0,,0,,,,,0,5.46,5.46
2004,REG,00-0010632,,Fred McAfee,RB,RB,,2,NO,0,0,0,0,0,0,0,0,0,0,0,0,,0,,,2,54,0,0,0,1,3.29626618069597,0,0,0,0,0,0,0,0,0,0,,0,,,,,0,5.4,5.4
2004,REG,00-0010668,,Keenan McCardell,WR,WR,,7,LAC,0,1,0,0,0,0,0,0,0,0,0,0,-0.397841051686555,0,,,1,3,0,0,0,0,0.0817199158482254,0,31,31,393,1,0,0,0,0,19,32.970623208239,0,0.0,0.21830985915493,,,0,45.6,76.6
2004,REG,00-0010747,,Fred McCrary,RB,RB,,1,ATL,0,0,0,0,0,0,0,0,0,0,0,0,,0,,,0,0,0,0,0,0,,0,2,2,23,0,0,0,0,0,1,3.57101705559762,0,0.0,0.1,,,0,2.3,4.3
2004,REG,00-0011022,,Donovan McNabb,QB,QB,,15,PHI,300,469,3875,31,8,31,192,5,4,0,0,175,121.697613102265,0,0.0,0.133942386660718,42,221,3,3,2,12,-5.68535987265511,0,0,0,0,0,0,0,0,0,0,,0,,,,,0,291.1,291.1
2004,REG,00-0011024,,Steve McNair,QB,QB,,8,TEN,129,215,1343,8,9,13,95,3,2,0,0,76,4.63969423121041,0,0.0,0.0640793605559999,23,128,1,2,1,11,3.81827513716416,1,0,0,0,0,0,0,0,0,0,,0,,,,,0,82.52,82.52
2004,REG,00-0011053,,R.W. McQuarters,CB,DB,,1,CHI,0,0,0,0,0,0,0,0,0,0,0,0,,0,,,0,0,0,0,0,0,,0,0,0,0,0,0,0,0,0,0,,0,,,,,1,6.0,6.0
2004,REG,00-0011224,,Itula Mili,TE,TE,,11,SEA,0,0,0,0,0,0,0,0,0,0,0,0,,0,,,0,0,0,0,0,0,,0,23,23,240,1,0,0,0,0,14,18.5762356736814,0,0.0,0.1,,,0,30.0,53.0
2004,REG,00-0011236,,Billy Miller,TE,TE,,9,HOU,0,0,0,0,0,0,0,0,0,0,0,0,,0,,,0,0,0,0,0,0,,0,17,17,178,1,1,0,0,0,11,11.5520277464586,0,0.0,0.107594936708861,,,0,23.8,40.8
2004,REG,00-0011463,,Chris Mohr,P,SPEC,,2,ATL,2,3,24,0,0,0,0,0,0,0,0,1,-0.682194269320462,0,0.0,,0,0,0,0,0,0,,0,0,0,0,0,0,0,0,0,0,,0,,,,,0,0.96,0.96
2004,REG,00-0011551,,Dave Moore,TE,TE,,3,TB,0,0,0,0,0,0,0,0,0,0,0,0,,0,,,0,0,0,0,0,0,,0,3,3,17,0,0,0,0,0,2,3.24829756608233,0,0.0,0.0461538461538462,,,0,1.7,4.7
2004,REG,00-0011626,,Brian Moorman,P,SPEC,,5,BUF,1,3,24,0,0,0,0,1,0,0,0,1,0.0399755766266026,0,0.0,,2,23,0,1,0,1,0.77481444523437,0,0,0,0,0,0,0,0,0,0,,0,,,,,0,3.26,3.26
2004,REG,00-0011641,,Sean Morey,WR,WR,,1,PIT,0,0,0,0,0,0,0,0,0,0,0,0,,0,,,0,0,0,0,0,0,,0,1,1,8,0,0,0,0,0,1,1.30555104254745,0,0.0,0.111111111111111,,,0,0.8,1.8
2004,REG,00-0011727,,Johnnie Morton,WR,WR,,13,KC,0,0,0,0,0,0,0,0,0,0,0,0,,0,,,7,43,0,1,0,3,1.36652196210343,0,55,55,795,3,1,1,0,0,38,65.3503887912209,0,0.0,0.190972222222222,,,0,99.8,154.8
2004,REG,00-0011754,,Randy Moss,WR,WR,,11,MIN,1,2,37,0,1,0,0,0,0,0,0,1,-1.85714000579901,0,0.0,,0,0,0,0,0,0,,0,49,49,767,13,1,1,0,0,43,76.931239506579,0,0.0,0.183520599250936,,,0,152.18,201.18
2004,REG,00-0011770,,Eric Moulds,WR,WR,,16,BUF,0,0,0,0,0,0,0,0,0,0,0,0,,0,,,5,19,0,0,0,1,-0.477511920151301,0,88,88,1043,5,1,1,0,0,53,85.3825991896447,0,0.0,0.33587786259542,,,0,134.2,222.2
2004,REG,00-0011795,,Muhsin Muhammad,WR,WR,,16,CAR,0,0,0,0,0,0,0,0,0,0,0,0,,0,,,3,15,0,1,1,1,-3.90294222242665,0,93,93,1405,16,2,0,0,0,74,145.881243141194,0,0.0,0.29903536977492,,,0,236.0,329.0
2004,REG,00-0011958,,Lorenzo Neal,FB,RB,,14,LAC,0,0,0,0,0,0,0,0,0,0,0,0,,0,,,16,53,0,1,1,11,-5.08421423565596,0,13,13,66,0,0,0,0,0,1,-0.363515459466726,0,0.0,0.0792682926829268,,,0,9.9,22.9
2004,REG,00-0012478,,Terrell Owens,WR,WR,,14,PHI,0,0,0,0,0,0,0,0,0,0,0,0,,0,,,3,-5,0,0,0,0,-1.00804278987676,0,77,77,1200,14,2,1,0,0,51,103.126906520002,0,0.0,0.259259259259259,,,0,201.5,278.5
2004,REG,00-0012637,,Jerome Pathon,WR,WR,,12,NO,0,0,0,0,0,0,0,0,0,0,0,0,,0,,,0,0,0,0,0,0,,0,34,34,581,1,1,1,0,0,23,50.1808462426416,0,0.0,0.142857142857143,,,0,62.1,96.1
2004,REG,00-0012642,,David Patten,WR,WR,,15,NE,0,0,0,0,0,0,0,0,0,0,0,0,,0,,,1,5,0,0,0,0,0.0377200632356107,0,44,44,800,7,0,0,0,0,37,85.0302974476072,0,0.0,0.161764705882353,,,0,122.5,166.5
2004,REG,00-0012726,,Doug Pederson,QB,QB,,2,GB,11,23,120,0,2,0,0,0,0,0,0,5,-8.09824080317048,0,0.0,0.0268978943359367,2,15,0,0,0,1,1.27902818925213,0,0,0,0,0,0,0,0,0,0,,0,,,,,0,2.3,2.3
2004,REG,00-0012732,,Rodney Peete,QB,QB,,1,CAR,1,1,3,0,0,0,0,0,0,0,0,0,-0.696847945568152,0,0.0,,1,-1,0,0,0,0,0.0,0,0,0,0,0,0,0,0,0,0,,0,,,,,0,0.02,0.02
2004,REG,00-0013013,,Michael Pittman,RB,RB,"https://static.www.nfl.com/image/private/f_auto,q_auto/league/xt52pieoe86wnuy0imar",13,TB,0,0,0,0,0,0,0,0,0,0,0,0,,0,,,219,926,7,5,5,41,-39.0843527493889,0,41,41,391,3,1,1,0,0,12,27.1078788326995,0,0.0,0.171548117154812,,,0,179.7,220.7
2004,REG,00-0013042,,Jake Plummer,QB,QB,,16,DEN,303,522,4089,27,20,17,103,0,0,0,0,184,65.4577258311302,0,0.0,0.111060342178997,60,215,1,6,1,13,-10.3525482779275,0,0,0,0,0,0,0,0,0,0,,0,,,,,0,257.06,257.06
2004,REG,00-0013080,,Marcus Pollard,TE,TE,,11,IND,0,0,0,0,0,0,0,0,0,0,0,0,,0,,,0,0,0,0,0,0,,0,29,29,309,6,0,0,0,0,17,28.0713674746837,0,0.0,0.114624505928854,,,0,66.9,95.9
2004,REG,00-0013232,,Peerless Price,WR,WR,,15,ATL,1,1,25,0,0,0,0,0,0,0,0,1,1.86025389900897,0,0.0,,3,34,0,0,0,1,5.12298316776287,0,45,45,575,3,0,0,0,0,28,45.258550240309,0,0.0,0.219512195121951,,,0,79.9,124.9
2004,REG,00-0013262,,Stanley Pritchett,RB,RB,,2,ATL,0,0,0,0,0,0,0,0,0,0,0,0,,0,,,6,18,0,0,0,1,-2.31866940518376,0,2,2,5,1,0,0,0,0,1,0.487315446895082,0,0.0,0.125,,,0,8.3,10.3
2004,REG,00-0013268,,Ricky Proehl,WR,WR,,14,CAR,0,1,0,0,0,0,0,0,0,0,0,0,-2.09487026999705,0,,,1,9,0,0,0,0,0.84547057794407,0,34,34,497,0,0,0,0,0,25,41.9457658701301,0,0.0,0.129770992366412,,,0,50.6,84.6
2004,REG,00-0013338,,Jonathan Quinn,QB,QB,,5,CHI,51,98,413,1,3,15,109,2,0,0,0,18,-44.4297814533312,0,0.0,0.032101362561022,3,35,0,0,0,2,2.4001347659796,0,0,0,0,0,0,0,0,0,0,,0,,,,,0,18.02,18.02
2004,REG,00-0013422,,Walter Rasby,TE,TE,,3,WAS,0,0,0,0,0,0,0,0,0,0,0,0,,0,,,0,0,0,0,0,0,,0,5,5,52,0,0,0,0,0,4,4.40168847411405,0,0.0,0.113636363636364,,,0,5.2,10.2
2004,REG,00-0013639,,Jerry Rice,WR,WR,,12,SEA,0,0,0,0,0,0,0,0,0,0,0,0,,0,,,0,0,0,0,0,0,,0,30,30,429,3,0,0,0,0,21,37.6958391140215,0,0.0,0.129310344827586,,,0,60.9,90.9
2004,REG,00-0013694,,Tony Richardson,FB,RB,,14,KC,0,0,0,0,0,0,0,0,0,0,0,0,,0,,,12,56,0,0,0,3,1.04479614965385,0,19,19,118,0,0,0,0,0,4,1.93520152172502,0,0.0,0.0648464163822526,,,0,17.4,36.4
2004,REG,00-0013728,,Jay Riemersma,TE,TE,,6,PIT,0,0,0,0,0,0,0,0,0,0,0,0,,0,,,0,0,0,0,0,0,,0,7,7,82,2,0,0,0,0,6,8.01801785093267,0,0.0,0.0760869565217391,,,0,20.2,27.2
2004,REG,00-0013773,,Jon Ritchie,FB,RB,,2,PHI,0,0,0,0,0,0,0,0,0,0,0,0,,0,,,0,0,0,0,0,0,,0,4,4,36,0,0,0,0,0,2,2.80784745898563,0,0.0,0.0888888888888889,,,0,3.6,7.6
2004,REG,00-0013872,,Jeff Robinson,LS,SPEC,,2,DAL,0,0,0,0,0,0,0,0,0,0,0,0,,0,,,0,0,0,0,0,0,,0,2,2,2,2,0,0,0,0,2,1.90501140951528,0,0.0,0.0526315789473684,,,0,12.2,14.2
2004,REG,00-0013888,,Marcus Robinson,WR,WR,,15,MIN,0,0,0,0,0,0,0,0,0,0,0,0,,0,,,0,0,0,0,0,0,,0,47,47,657,8,1,0,0,0,31,66.3223631193396,0,0.0,0.130193905817175,,,0,113.7,160.7
2004,REG,00-0014071,,Allen Rossum,DB,DB,,2,ATL,0,0,0,0,0,0,0,0,0,0,0,0,,0,,,1,0,0,0,0,0,-0.477780952118337,0,0,0,0,0,0,0,0,0,0,,0,,,,,1,6.0,6.0
2004,REG,00-0014324,,Deion Sanders,CB,DB,,1,BAL,0,0,0,0,0,0,0,0,0,0,0,0,,0,,,1,-10,0,0,0,0,-1.41200668481179,0,0,0,0,0,0,0,0,0,0,,0,,,,,0,-1.0,-1.0
2004,REG,00-0014450,,Cory Schlesinger,RB,RB,,8,DET,0,0,0,0,0,0,0,0,0,0,0,0,,0,,,4,7,0,0,0,1,1.23397220938932,0,10,10,91,3,0,0,0,0,7,8.86150357400766,0,0.0,0.0641025641025641,,,0,27.8,37.8
2004,REG,00-0014489,,Bill Schroeder,WR,WR,,3,TB,0,0,0,0,0,0,0,0,0,0,0,0,,0,,,0,0,0,0,0,0,,0,7,7,156,1,0,0,0,0,6,15.7783223313745,0,0.0,0.0985915492957746,,,0,21.6,28.6
2004,REG,00-0014655,,Mike Sellers,TE,TE,,1,WAS,0,0,0,0,0,0,0,0,0,0,0,0,,0,,,0,0,0,0,0,0,,0,1,1,14,0,0,0,0,0,1,2.31949234649073,0,0.0,0.0526315789473684,,,0,1.4,2.4
2004,REG,00-0014729,,Bobby Shaw,WR,WR,,3,LAC,0,0,0,0,0,0,0,0,0,0,0,0,,0,,,1,1,0,0,0,0,-0.452774479053915,0,5,5,59,0,0,0,0,0,3,4.08759346499573,0,0.0,0.166666666666667,,,0,6.0,11.0
2004,REG,00-0014775,,Daimon Shelton,FB,RB,,11,BUF,0,0,0,0,0,0,0,0,0,0,0,0,,0,,,0,0,0,0,0,0,,0,17,17,114,0,0,0,0,0,6,4.55427671038561,0,0.0,0.0934065934065934,,,0,11.4,28.4
2004,REG,00-0014902,,Jason Simmons,DB,DB,,1,HOU,0,0,0,0,0,0,0,0,0,0,0,0,,0,,,1,1,0,0,0,1,1.54422208014876,0,0,0,0,0,0,0,0,0,0,,0,,,,,0,0.1,0.1
2004,REG,00-0015091,,Antowain Smith,RB,RB,,11,TEN,0,0,0,0,0,0,0,0,0,0,0,0,,0,,,137,509,4,2,1,22,-18.5868579548736,0,22,22,169,0,0,0,0,0,7,5.70648943303985,0,0.0,0.100917431192661,,,0,89.8,111.8
2004,REG,00-0015165,,Emmitt Smith,RB,RB,,15,ARI,1,1,21,1,0,0,0,0,0,0,0,1,3.59424558468163,0,0.0,,267,937,9,4,1,41,-28.449509051291,0,15,15,105,0,0,0,0,0,3,1.96817642563231,0,0.0,0.0837988826815642,,,0,161.04,176.04
2004,REG,00-0015194,,Hunter Smith,P,SPEC,,1,IND,0,0,0,0,0,0,0,0,0,0,0,0,,0,,,1,2,0,0,0,0,-1.62991190841421,0,0,0,0,0,0,0,0,0,0,,0,,,,,0,0.2,0.2
2004,REG,00-0015218,,Jimmy Smith,WR,WR,,16,JAX,0,0,0,0,0,0,0,0,0,0,0,0,,0,,,0,0,0,0,0,0,,0,74,74,1172,6,2,1,0,0,52,100.850860929012,0,0.0,0.242622950819672,,,0,151.2,225.2
2004,REG,00-0015290,,Rod Smith,WR,WR,,16,DEN,0,0,0,0,0,0,0,0,0,0,0,0,,0,,,5,33,0,0,0,2,0.813824489654508,0,79,79,1144,7,1,0,0,0,52,97.6733953643416,0,0.0,0.260726072607261,,,0,159.7,238.7
2004,REG,00-0015420,,Jerald Sowell,FB,RB,,15,NYJ,0,0,0,0,0,0,0,0,0,0,0,0,,0,,,2,28,0,0,0,1,1.18093606876209,0,45,45,342,1,1,1,0,0,14,15.7362813787988,0,0.0,0.164835164835165,,,0,41.0,86.0
2004,REG,00-0015523,,Duce Staley,RB,RB,,10,PIT,0,0,0,0,0,0,0,0,0,0,0,0,,0,,,192,830,1,3,2,38,-13.8779245008134,0,6,6,55,0,0,0,0,0,3,3.26529013877735,0,0.0,0.1,,,0,90.5,96.5
2004,REG,00-0015550,,Chad Stanley,P,SPEC,,1,HOU,0,0,0,0,0,0,0,0,0,0,0,0,,0,,,1,5,0,0,0,1,2.88671623420669,0,0,0,0,0,0,0,0,0,0,,0,,,,,0,0.5,0.5
2004,REG,00-0015601,,Aaron Stecker,RB,RB,,14,NO,0,0,0,0,0,0,0,0,0,0,0,0,,0,,,58,244,2,1,1,10,-12.914528092823,0,29,29,174,0,0,0,0,0,8,-0.150826241122559,0,0.0,0.140096618357488,,,1,57.8,86.8
2004,REG,00-0015700,,Kordell Stewart,QB,QB,,1,BAL,0,0,0,0,0,0,0,0,0,0,0,0,,0,,,1,-1,0,0,0,0,0.0,0,0,0,0,0,0,0,0,0,0,,0,,,,,0,-0.1,-0.1
2004,REG,00-0015754,,Brandon Stokley,WR,WR,,15,IND,0,0,0,0,0,0,0,0,0,0,0,0,,0,,,0,0,0,0,0,0,,0,68,68,1077,10,1,1,0,0,53,97.683905662816,0,0.0,0.202380952380952,,,0,165.7,233.7
2004,REG,00-0015811,,Tai Streets,WR,WR,,13,DET,0,0,0,0,0,0,0,0,0,0,0,0,,0,,,0,0,0,0,0,0,,0,28,28,260,1,0,0,0,0,13,16.6125582422828,1,0.0,0.130232558139535,,,0,34.0,62.0
2004,REG,00-0015830,,Mack Strong,FB,RB,,15,SEA,0,0,0,0,0,0,0,0,0,0,0,0,,0,,,36,131,0,2,1,13,-14.3861652701744,0,21,21,99,0,0,0,0,0,8,3.40607311340864,0,0.0,0.100478468899522,,,0,21.0,42.0
2004,REG,00-0015980,,Reggie Swinton,WR,WR,,8,DET,0,0,0,0,0,0,0,0,0,0,0,0,,0,,,1,3,0,0,0,0,-0.267910303780809,0,18,18,213,1,0,0,0,0,11,22.8392801043792,0,0.0,0.122448979591837,,,0,27.6,45.6
2004,REG,00-0016098,,Fred Taylor,RB,RB,,14,JAX,0,0,0,0,0,0,0,0,0,0,0,0,,0,,,260,1224,2,3,2,48,-18.5991115785003,0,36,36,345,1,0,0,0,0,17,24.0474032953498,0,0.0,0.146938775510204,,,0,170.9,206.9
2004,REG,00-0016193,,Vinny Testaverde,QB,QB,,16,DAL,296,494,3518,17,20,35,186,5,4,0,0,163,8.60615167019753,1,0.0,0.0721257963323659,20,42,1,3,0,2,-3.81839519488858,0,0,0,0,0,0,0,0,0,0,,0,,,,,0,172.92,172.92
2004,REG,00-0016373,,Derrius Thompson,WR,WR,,13,MIA,0,0,0,0,0,0,0,0,0,0,0,0,,0,,,0,0,0,0,0,0,,0,23,23,359,4,0,0,0,0,18,42.0547339603203,0,0.0,0.0912698412698413,,,0,59.9,82.9
2004,REG,00-0016440,,James Thrash,WR,WR,,6,WAS,0,0,0,0,0,0,0,0,0,0,0,0,,0,,,0,0,0,0,0,0,,0,17,17,203,0,0,0,0,0,10,13.8167989499634,0,0.0,0.1328125,,,0,20.3,37.3
2004,REG,00-0016550,,Amani Toomer,WR,WR,,15,NYG,0,0,0,0,0,0,0,0,0,0,0,0,,0,,,0,0,0,0,0,0,,0,51,51,747,0,1,1,0,0,39,57.3412449016274,0,0.0,0.203187250996016,,,0,72.7,123.7
2004,REG,00-0016677,,Jerame Tuman,TE,TE,,5,PIT,0,0,0,0,0,0,0,0,0,0,0,0,,0,,,0,0,0,0,0,0,,0,9,9,89,3,0,0,0,0,5,10.9490411609877,0,0.0,0.121621621621622,,,0,26.9,35.9
2004,REG,00-0016689,,Matt Turk,P,SPEC,,1,MIA,0,0,0,0,0,0,0,0,0,0,0,0,,0,,,1,3,0,0,0,0,-1.72856993961614,0,0,0,0,0,0,0,0,0,0,,0,,,,,0,0.3,0.3
2004,REG,00-0016919,A.Vinatieri,Adam Vinatieri,K,SPEC,"https://static.www.nfl.com/image/private/f_auto,q_auto/league/imfj1hl4kob4jof8hcwa",1,NE,1,1,4,1,0,0,0,0,0,0,0,1,4.05266890418716,0,0.0,,0,0,0,0,0,0,,0,0,0,0,0,0,0,0,0,0,,0,,,,,0,4.16,4.16
2004,REG,00-0016960,,Mike Vrabel,OLB,LB,,2,NE,0,0,0,0,0,0,0,0,0,0,0,0,,0,,,0,0,0,0,0,0,,0,2,2,3,2,0,0,0,0,2,1.99569677136606,0,0.0,0.0476190476190476,,,0,12.3,14.3
2004,REG,00-0017012,,Bracy Walker,SS,DB,,1,DET,0,0,0,0,0,0,0,0,0,0,0,0,,0,,,0,0,0,0,0,0,,0,0,0,0,0,0,0,0,0,0,,0,,,,,1,6.0,6.0
2004,REG,00-0017160,,Dedric Ward,WR,WR,,2,DAL,0,0,0,0,0,0,0,0,0,0,0,0,,0,,,1,11,0,0,0,1,0.727803255605977,0,1,1,5,0,0,0,0,0,0,-0.775664370933284,0,0.0,0.0434782608695652,,,0,1.6,2.6
2004,REG,00-0017162,,Hines Ward,WR,WR,,16,PIT,0,0,0,0,0,0,0,0,0,0,0,0,,0,,,7,25,1,0,0,3,0.261799349449575,0,80,80,1004,4,1,0,0,0,52,81.167763114166,0,0.0,0.350877192982456,,,0,132.9,212.9
2004,REG,00-0017200,,Kurt Warner,QB,QB,,10,NYG,174,277,2054,6,4,39,196,9,3,0,0,93,6.51208417078897,0,0.0,0.0679471442546915,13,30,1,3,1,5,-6.43163076939527,0,0,0,0,0,0,0,0,0,0,,0,,,,,0,99.16,99.16
2004,REG,00-0017356,,Jed Weaver,TE,TE,,4,NE,0,0,0,0,0,0,0,0,0,0,0,0,,0,,,0,0,0,0,0,0,,0,8,8,93,0,0,0,0,0,6,7.81397981441114,0,0.0,0.108108108108108,,,0,9.3,17.3
2004,REG,00-0017486,,Tyrone Wheatley,RB,RB,,8,LV,0,0,0,0,0,0,0,0,0,0,0,0,,0,,,85,327,4,0,0,25,-4.15323389214864,0,15,15,78,0,0,0,0,0,3,0.0075543760322034,0,0.0,0.0903614457831325,,,0,64.5,79.5
2004,REG,00-0017611,,Alvis Whitted,WR,WR,,7,LV,0,0,0,0,0,0,0,0,0,0,0,0,,0,,,0,0,0,0,0,0,,0,9,9,227,2,0,0,0,0,8,22.194817660522,1,0.0,0.0647482014388489,,,0,36.7,45.7
2004,REG,00-0017644,,Jermaine Wiggins,TE,TE,,14,MIN,0,0,0,0,0,0,0,0,0,0,0,0,,0,,,0,0,0,0,0,0,,0,71,71,705,4,1,0,0,0,33,49.9963946551421,0,0.0,0.218461538461538,,,0,94.5,165.5
2004,REG,00-0017693,,Jeff Wilkins,K,SPEC,,2,LA,0,1,0,0,0,0,0,0,0,0,0,0,-2.12688433006406,0,,,1,-5,0,0,0,0,-3.76332331437152,0,0,0,0,0,0,0,0,0,0,,0,,,,,0,-0.5,-0.5
2004,REG,00-0017847,,Karl Williams,WR,WR,,8,ARI,0,0,0,0,0,0,0,0,0,0,0,0,,0,,,2,6,0,1,1,1,-4.82072050403804,0,18,18,197,0,0,0,0,0,10,17.011918889184,0,0.0,0.117647058823529,,,0,18.3,36.3
2004,REG,00-0017892,,Moe Williams,RB,RB,,13,MIN,0,0,0,0,0,0,0,0,0,0,0,0,,0,,,30,161,3,0,0,13,10.2705145830987,0,21,21,233,1,0,0,0,0,10,16.0850762851494,0,0.0,0.0857142857142857,,,0,63.4,84.4
2004,REG,00-0017896,,Nicolas Luchey,RB,RB,,8,GB,0,0,0,0,0,0,0,0,0,0,0,0,,0,,,10,24,0,0,0,4,-1.96896567329532,0,2,2,20,0,0,0,0,0,2,2.51721655670553,0,0.0,0.04,,,0,4.4,6.4
2004,REG,00-0018501,,Amos Zereoue,RB,RB,,15,LV,0,0,0,0,0,0,0,0,0,0,0,0,,0,,,112,425,3,1,1,20,-15.0009866434923,0,39,39,284,0,0,0,0,0,11,13.0385381559609,0,0.0,0.125806451612903,,,0,86.9,125.9
2004,REG,00-0018578,,Ryan Neufeld,TE,TE,,3,BUF,0,0,0,0,0,0,0,0,0,0,0,0,,0,,,0,0,0,0,0,0,,0,6,6,61,0,0,0,0,0,2,4.11121313966578,0,0.0,0.113207547169811,,,0,6.1,12.1
2004,REG,00-0018588,,Alan Ricard,RB,RB,,12,BAL,0,0,0,0,0,0,0,0,0,0,0,0,,0,,,10,36,0,0,0,3,-0.167365158966277,0,11,11,39,0,0,0,0,0,3,0.0186114416574128,0,0.0,0.0705128205128205,,,0,7.5,18.5
2004,REG,00-0018958,,Laveranues Coles,WR,WR,,16,WAS,0,0,0,0,0,0,0,0,0,0,0,0,,0,,,3,-3,0,0,0,2,-1.02364178892458,0,90,90,950,1,1,1,0,0,52,81.3588501081405,0,0.0,0.3125,,,0,98.7,188.7
2004,REG,00-0019041,,Billy Volek,QB,QB,,10,TEN,218,357,2485,18,10,30,216,6,2,0,0,120,1.57205573789173,0,0.0,0.0753116727462201,11,50,1,0,0,5,7.72171608958161,0,1,1,-1,0,0,0,0,0,0,-0.521875011734664,0,0.0,0.0256410256410256,,,0,158.3,159.3
2004,REG,00-0019057,,Jamel White,RB,RB,,10,BAL,0,0,0,0,0,0,0,0,0,0,0,0,,0,,,27,82,0,0,0,2,-7.38847797830066,0,6,6,21,0,0,0,0,0,1,-1.77058774765464,0,0.0,0.0483870967741936,,,0,10.3,16.3
2004,REG,00-0019087,,Doug Johnson,QB,QB,,2,TEN,6,12,68,0,0,1,6,0,0,0,0,2,-4.51031222144098,0,0.0,0.0327455067385284,2,-2,0,0,0,0,0.0,0,0,0,0,0,0,0,0,0,0,,0,,,,,0,2.52,2.52
2004,REG,00-0019100,,Brad Hoover,FB,RB,,13,CAR,0,0,0,0,0,0,0,0,0,0,0,0,,0,,,68,246,0,0,0,13,-5.15179008377186,0,21,21,161,2,0,0,0,0,7,9.39538680374901,0,0.0,0.0850202429149798,,,0,52.7,73.7
2004,REG,00-0019127,,Todd Yoder,TE,TE,,9,JAX,0,0,0,0,0,0,0,0,0,0,0,0,,0,,,0,0,0,0,0,0,,0,14,14,157,0,0,0,0,0,6,8.71611507306807,0,0.0,0.0752688172043011,,,0,15.7,29.7
2004,REG,00-0019134,,Joey Goodspeed,RB,RB,,10,LA,0,0,0,0,0,0,0,0,0,0,0,0,,0,,,3,6,1,0,0,2,3.00903931690846,0,11,11,71,0,1,0,0,0,2,3.06391759577673,0,0.0,0.0533980582524272,,,0,13.7,24.7
2004,REG,00-0019135,,Dan Kreider,FB,RB,,7,PIT,0,0,0,0,0,0,0,0,0,0,0,0,,0,,,4,18,0,0,0,1,-0.209207619191147,0,10,10,75,1,0,0,0,0,3,6.50230834551621,0,0.0,0.144927536231884,,,0,15.3,25.3
2004,REG,00-0019172,,Bryan Johnson,FB,RB,,8,CHI,0,0,0,0,0,0,0,0,0,0,0,0,,0,,,0,0,0,0,0,0,,0,14,14,55,2,0,0,0,0,4,2.5346711740884,0,0.0,0.117647058823529,,,0,17.5,31.5
2004,REG,00-0019242,,Dane Looker,WR,WR,,6,LA,0,0,0,0,0,0,0,0,0,0,0,0,,0,,,0,0,0,0,0,0,,0,13,13,183,0,1,1,0,0,7,7.5253525410626,0,0.0,0.0838709677419355,,,0,16.3,29.3
2004,REG,00-0019281,,Mike Furrey,WR,WR,,1,LA,0,0,0,0,0,0,0,0,0,0,0,0,,0,,,0,0,0,0,0,0,,0,1,1,8,0,0,0,0,0,1,1.55448807612993,0,0.0,0.0434782608695652,,,0,0.8,1.8
2004,REG,00-0019302,,Bryan Gilmore,WR,WR,,8,MIA,0,0,0,0,0,0,0,0,0,0,0,0,,0,,,0,0,0,0,0,0,,0,15,15,206,1,0,0,0,0,10,17.7543641072843,0,0.0,0.0909090909090909,,,0,26.6,41.6
2004,REG,00-0019453,,Rod Smart,RB,RB,,2,CAR,0,0,0,0,0,0,0,0,0,0,0,0,,0,,,3,4,0,0,0,0,-0.78250305360416,0,1,1,5,0,0,0,0,0,0,-0.53268541500438,0,0.0,0.0434782608695652,,,0,0.9,1.9
2004,REG,00-0019455,,Peter Warrick,WR,WR,,2,CIN,0,0,0,0,0,0,0,0,0,0,0,0,,0,,,2,14,0,0,0,0,0.71656055515632,0,11,11,127,0,0,0,0,0,6,10.8035633823602,0,0.0,0.282051282051282,,,0,14.1,25.1
2004,REG,00-0019457,,Anthony Becht,TE,TE,,8,NYJ,0,0,0,0,0,0,0,0,0,0,0,0,,0,,,0,0,0,0,0,0,,0,13,13,100,1,0,0,0,0,8,6.43563286485046,0,0.0,0.0844155844155844,,,0,16.0,29.0
2004,REG,00-0019464,,Dustin Lyman,TE,TE,,7,CHI,0,0,0,0,0,0,0,0,0,0,0,0,,0,,,0,0,0,0,0,0,,0,11,11,73,1,0,0,0,0,3,4.76958615877084,0,0.0,0.0859375,,,0,13.3,24.3
2004,REG,00-0019484,,Sammy Morris,RB,RB,,12,MIA,0,0,0,0,0,1,9,0,0,0,0,0,-3.10091162158642,0,,,132,523,6,1,0,31,1.97600042971317,0,22,22,124,0,0,0,0,0,5,-1.65720222516989,0,0.0,0.143790849673203,,,0,100.7,122.7
2004,REG,00-0019490,,Paul Edinger,K,SPEC,,1,CHI,0,1,0,0,1,0,0,0,0,0,0,0,-1.10172288212925,0,,,0,0,0,0,0,0,,0,0,0,0,0,0,0,0,0,0,,0,,,,,0,-2.0,-2.0
2004,REG,00-0019505,,Charles Lee,WR,WR,,6,TB,0,0,0,0,0,0,0,0,0,0,0,0,,0,,,0,0,0,0,0,0,,0,15,15,207,0,1,1,0,0,10,12.656581271207,0,0.0,0.113636363636364,,,0,18.7,33.7
2004,REG,00-0019516,,Troy Hambrick,RB,RB,,9,ARI,0,0,0,0,0,0,0,0,0,0,0,0,,0,,,63,283,1,0,0,12,-0.9661520864004,0,4,4,16,1,0,0,0,0,1,0.607890702784061,0,0.0,0.108108108108108,,,0,41.9,45.9
2004,REG,00-0019533,,Patrick Pass,RB,RB,,12,NE,0,0,0,0,0,0,0,0,0,0,0,0,,0,,,39,141,0,0,0,6,-7.09896644737878,0,28,28,215,0,1,0,0,0,7,6.59340747188344,0,0.0,0.156424581005587,,,0,35.6,63.6
2004,REG,00-0019539,,Dante Hall,WR,WR,,13,KC,0,0,0,0,0,0,0,0,0,0,0,0,,0,,,8,56,0,0,0,2,1.37207227299223,0,25,25,230,0,0,0,0,0,15,17.3166033875314,0,0.0,0.0943396226415094,,,2,40.6,65.6
2004,REG,00-0019552,,Troy Walters,WR,WR,,1,IND,0,0,0,0,0,0,0,0,0,0,0,0,,0,,,0,0,0,0,0,0,,0,1,1,5,0,0,0,0,0,0,0.277339556603692,0,0.0,0.0588235294117647,,,0,0.5,1.5
2004,REG,00-0019559,,Chad Pennington,QB,QB,,13,NYJ,242,370,2673,16,9,18,103,3,1,0,0,136,29.4225868427025,0,0.0,0.0769231799615066,34,126,1,2,1,12,0.0610275577335173,0,0,0,0,0,0,0,0,0,0,,0,,,,,0,167.52,167.52
2004,REG,00-0019564,,Aaron Shea,TE,TE,,11,CLE,0,0,0,0,0,0,0,0,0,0,0,0,,0,,,0,0,0,0,0,0,,0,26,26,252,4,0,0,0,0,13,24.9273868171743,0,0.0,0.146067415730337,,,0,49.2,75.2
2004,REG,00-0019587,,Terrelle Smith,FB,RB,,7,CLE,0,0,0,0,0,0,0,0,0,0,0,0,,0,,,4,9,0,0,0,3,1.08428115601419,0,7,7,39,0,0,0,0,0,2,2.23515866603702,0,0.0,0.0686274509803922,,,0,4.8,11.8
2004,REG,00-0019596,T.Brady,Tom Brady,QB,QB,"https://static.www.nfl.com/image/private/f_auto,q_auto/league/q7dpdlxyu5rs05rgh1le",16,NE,288,474,3690,28,14,26,162,5,3,0,0,188,120.464394137875,0,0.0,0.142435419353055,43,28,0,2,2,12,-10.0542168560777,0,0,0,0,0,0,0,0,0,0,,0,,,,,0,224.4,224.4
2004,REG,00-0019599,,Marc Bulger,QB,QB,,14,LA,321,485,3964,21,14,41,302,5,4,0,0,180,76.3280350501662,1,0.0,0.11409726428661,19,89,3,0,0,7,9.91168923348754,0,0,0,0,0,0,0,0,0,0,,0,,,,,0,235.46,235.46
2004,REG,00-0019600,,Michael L. Lewis,WR,WR,,6,NO,0,0,0,0,0,0,0,0,0,0,0,0,,0,,,0,0,0,0,0,0,,0,8,8,127,0,0,0,0,0,7,9.98586095689097,0,0.0,0.062992125984252,,,1,18.7,26.7
2004,REG,00-0019606,,Todd Pinkston,WR,WR,,13,PHI,0,0,0,0,0,0,0,0,0,0,0,0,,0,,,0,0,0,0,0,0,,0,36,36,676,1,0,0,0,0,24,55.394452991226,0,0.0,0.129496402877698,,,0,73.6,109.6
2004,REG,00-0019610,,Reuben Droughns,RB,RB,,15,DEN,0,0,0,0,0,0,0,0,0,0,0,0,,0,,,275,1240,6,5,3,69,-6.52093074626,0,32,32,241,2,0,0,0,0,14,9.76909939117835,0,0.0,0.126984126984127,,,0,190.1,222.1
2004,REG,00-0019623,,Tim Rattay,QB,QB,,9,SF,198,325,2169,10,10,37,211,10,6,0,0,108,-30.4132878786851,2,0.0,0.0439112460324265,12,55,0,1,0,4,-0.366451455920469,1,0,0,0,0,0,0,0,0,0,,0,,,,,0,106.26,106.26
2004,REG,00-0019641,,Thomas Jones,RB,RB,,14,CHI,0,0,0,0,0,0,0,0,0,0,0,0,,0,,,240,948,7,2,1,49,-16.7425505951932,0,56,56,427,0,0,0,0,0,16,12.7380396591057,0,0.0,0.256880733944954,,,0,177.5,233.5
2004,REG,00-0019642,,Plaxico Burress,WR,WR,,11,PIT,0,0,0,0,0,0,0,0,0,0,0,0,,0,,,0,0,0,0,0,0,,0,35,35,698,5,1,0,0,0,31,63.5158872135724,0,0.0,0.213414634146341,,,0,99.8,134.8
2004,REG,00-0019643,,Ron Dayne,RB,RB,,11,NYG,0,0,0,0,0,0,0,0,0,0,0,0,,0,,,52,179,1,0,0,10,-7.74630788172924,0,1,1,7,0,0,0,0,0,0,-0.135531537700444,0,0.0,0.0833333333333333,,,0,24.6,25.6
2004,REG,00-0019644,,Bubba Franks,TE,TE,,15,GB,0,0,0,0,0,0,0,0,0,0,0,0,,0,,,0,0,0,0,0,0,,0,34,34,361,7,0,0,0,0,20,32.4022547298227,0,0.0,0.0944444444444444,,,0,78.1,112.1
2004,REG,00-0019647,,Shaun Alexander,RB,RB,,16,SEA,0,0,0,0,0,0,0,0,0,0,0,0,,0,,,353,1688,16,5,3,77,1.87490048016814,0,23,23,170,4,0,0,0,0,9,11.3491862090505,0,0.0,0.105504587155963,,,0,299.8,322.8
2004,REG,00-0019650,,Dennis Northcutt,WR,WR,,16,CLE,0,0,0,0,0,0,0,0,0,0,0,0,,0,,,8,19,0,0,0,1,-1.1455526384525,0,55,55,806,2,0,0,0,0,25,47.7632539018607,0,0.0,0.219123505976096,,,0,94.5,149.5
2004,REG,00-0019659,,Erron Kinney,TE,TE,,9,TEN,0,0,0,0,0,0,0,0,0,0,0,0,,0,,,0,0,0,0,0,0,,0,25,25,193,3,0,0,0,0,14,16.5820478908262,0,0.0,0.132275132275132,,,0,37.3,62.3
2004,REG,00-0019660,,Dez White,WR,WR,,14,ATL,0,0,0,0,0,0,0,0,0,0,0,0,,0,,,3,14,0,0,0,1,-1.68071540193393,0,30,30,370,2,0,0,0,0,15,26.9127560264606,0,0.0,0.153846153846154,,,0,50.4,80.4
2004,REG,00-0019663,,Darrell Jackson,WR,WR,,16,SEA,0,0,0,0,0,0,0,0,0,0,0,0,,0,,,0,0,0,0,0,0,,0,87,87,1207,7,2,1,0,0,59,104.994225120463,1,0.0,0.286184210526316,,,0,162.7,249.7
2004,REG,00-0019693,,Jamal Lewis,RB,RB,,12,BAL,0,0,0,0,0,0,0,0,0,0,0,0,,0,,,235,1006,7,2,0,48,-6.83162745044161,0,10,10,116,0,0,0,0,0,5,6.56169690872775,0,0.0,0.0934579439252336,,,0,154.2,164.2
2004,REG,00-0019703,,Jerry Porter,WR,WR,,16,LV,0,0,0,0,0,0,0,0,0,0,0,0,,0,,,1,-4,0,0,0,0,-0.942890859441832,0,64,64,998,9,2,2,0,0,47,86.7905585116532,0,0.0,0.193939393939394,,,0,149.4,213.4
2004,REG,00-0019704,,Cosey Coleman,G,OL,,1,TB,0,0,0,0,0,0,0,0,0,0,0,0,,0,,,0,0,0,0,0,0,,0,1,1,4,0,0,0,0,0,0,-0.852823198046558,0,0.0,0.0454545454545455,,,0,0.4,1.4
2004,REG,00-0019721,,Travis Taylor,WR,WR,,10,BAL,0,0,0,0,0,0,0,0,0,0,0,0,,0,,,0,0,0,0,0,0,,0,34,34,421,0,1,1,0,0,21,27.6974887484589,0,0.0,0.182795698924731,,,0,40.1,74.1
2004,REG,00-0019722,,J.R. Redmond,RB,RB,,15,LV,0,0,0,0,0,0,0,0,0,0,0,0,,0,,,21,119,0,2,1,5,-3.52049673988337,0,32,32,233,0,0,0,0,0,7,3.83208233822386,0,0.0,0.111111111111111,,,0,33.2,65.2
2004,REG,00-0019770,,Jay Feely,K,SPEC,,1,ATL,0,0,0,0,0,0,0,0,0,0,0,0,,0,,,0,0,0,0,0,0,,0,1,1,-2,0,0,0,0,0,0,-2.60162080504233,0,0.0,0.05,,,0,-0.2,0.8
2004,REG,00-0019790,,Steve Cheek,P,SPEC,,1,KC,0,0,0,0,0,0,0,0,0,0,0,0,,0,,,1,0,0,1,1,0,-2.71651885221945,0,0,0,0,0,0,0,0,0,0,,0,,,,,0,-2.0,-2.0
2004,REG,00-0019807,,Ross Tucker,T,OL,,1,BUF,0,0,0,0,0,0,0,0,0,0,0,0,,0,,,1,0,0,1,0,0,-1.75058363843709,0,0,0,0,0,0,0,0,0,0,,0,,,,,0,0.0,0.0
2004,REG,00-0019808,,Kenny Watson,RB,RB,,15,CIN,0,0,0,0,0,0,0,0,0,0,0,0,,0,,,25,158,0,2,1,8,2.41301178771117,0,25,25,171,1,0,0,0,0,8,9.69796373436967,0,0.0,0.0992063492063492,,,0,36.9,61.9
2004,REG,00-0019831,,Nick Goings,RB,RB,,16,CAR,0,0,0,0,0,0,0,0,0,0,0,0,,0,,,217,821,6,1,1,39,-21.5749884085117,0,45,45,394,1,0,0,0,13,18,21.9050887754751,0,0.0,0.152542372881356,,,0,161.5,206.5
2004,REG,00-0019863,,Dominic Rhodes,RB,RB,,11,IND,0,0,0,0,0,0,0,0,0,0,0,0,,0,,,53,254,1,1,1,16,-7.07816522425856,0,2,2,24,0,0,0,0,0,1,2.89003833720926,0,0.0,0.0512820512820513,,,1,37.8,39.8
2004,REG,00-0019907,,Ben Steele,TE,TE,,3,GB,0,0,0,0,0,0,0,0,0,0,0,0,,0,,,0,0,0,0,0,0,,0,4,4,42,0,0,0,0,0,2,2.41475797409657,0,0.0,0.0506329113924051,,,0,4.2,8.2
2004,REG,00-0019919,,Randal Williams,TE,TE,,2,DAL,0,0,0,0,0,0,0,0,0,0,0,0,,0,,,1,13,0,0,0,1,1.35636014485499,0,1,1,14,0,0,0,0,0,1,1.18252121773548,0,0.0,0.0555555555555556,,,0,2.7,3.7
2004,REG,00-0019932,,Josh Parry,FB,RB,,7,PHI,0,0,0,0,0,0,0,0,0,0,0,0,,0,,,0,0,0,0,0,0,,0,9,9,75,0,0,0,0,0,4,3.76249200641178,0,0.0,0.0555555555555556,,,0,7.5,16.5
2004,REG,00-0019976,,Drew Bennett,WR,WR,,15,TEN,1,1,26,1,0,0,0,0,0,0,0,1,3.88857303012628,0,0.0,,1,12,0,0,0,1,1.12116110604256,0,80,80,1247,11,2,0,0,0,62,123.103359762579,0,0.0,0.238805970149254,,,0,196.94,276.94
2004,REG,00-0019997,,Antonio Chatman,WR,WR,,12,GB,0,0,0,0,0,0,0,0,0,0,0,0,,0,,,4,36,0,1,0,1,2.29878245777218,0,22,22,246,1,0,0,0,0,15,24.4766966007186,0,0.0,0.0769230769230769,,,0,34.2,56.2
2004,REG,00-0020021,,Nate Poole,WR,WR,,3,ARI,0,0,0,0,0,0,0,0,0,0,0,0,,0,,,0,0,0,0,0,0,,0,5,5,70,0,0,0,0,0,2,4.68410017783754,0,0.0,0.0892857142857143,,,0,7.0,12.0
2004,REG,00-0020046,,Walter Williams,RB,RB,,1,GB,0,0,0,0,0,0,0,0,0,0,0,0,,0,,,6,42,0,0,0,1,0.365424532734323,0,0,0,0,0,0,0,0,0,0,,0,,,,,0,4.2,4.2
2004,REG,00-0020058,,David Allen,RB,RB,,2,JAX,0,0,0,0,0,0,0,0,0,0,0,0,,0,,,0,0,0,0,0,0,,0,2,2,8,0,0,0,0,0,0,-0.0539071437669918,0,0.0,0.0571428571428571,,,0,0.8,2.8
2004,REG,00-0020073,,Jasen Isom,RB,RB,,2,SF,0,0,0,0,0,0,0,0,0,0,0,0,,0,,,1,0,0,0,0,0,-1.58585992315784,0,1,1,1,0,0,0,0,0,0,-0.511192956008017,0,0.0,0.037037037037037,,,0,0.1,1.1
2004,REG,00-0020094,,Stephen Trejo,RB,RB,,3,DET,0,0,0,0,0,0,0,0,0,0,0,0,,0,,,0,0,0,0,0,0,,0,4,4,37,0,0,0,0,0,3,4.18105010368163,0,0.0,0.0754716981132076,,,0,3.7,7.7
2004,REG,00-0020127,,Daniel Wilcox,TE,TE,,10,BAL,0,0,0,0,0,0,0,0,0,0,0,0,,0,,,0,0,0,0,0,0,,0,25,25,219,1,1,0,0,0,12,17.0950044027907,0,0.0,0.153374233128834,,,0,27.9,52.9
2004,REG,00-0020171,,Boo Williams,WR,WR,,14,NO,0,0,0,0,0,0,0,0,0,0,0,0,,0,,,0,0,0,0,0,0,,0,33,33,362,2,2,1,0,0,18,27.6307127545726,0,0.0,0.125954198473282,,,0,46.2,79.2
2004,REG,00-0020187,,Marcellus Rivers,TE,TE,,3,NYG,0,0,0,0,0,0,0,0,0,0,0,0,,0,,,0,0,0,0,0,0,,0,5,5,36,1,0,0,0,0,3,3.13207996857818,0,0.0,0.0980392156862745,,,0,9.6,14.6
2004,REG,00-0020199,,Brian Russell,DB,DB,,1,MIN,0,0,0,0,0,0,0,0,0,0,0,0,,0,,,1,4,0,0,0,0,-1.95852379105054,0,0,0,0,0,0,0,0,0,0,,0,,,,,0,0.4,0.4
2004,REG,00-0020245,,Mike Vick,QB,QB,"https://static.www.nfl.com/image/private/f_auto,q_auto/league/hrg4riwhpjbijfovsjrk",15,ATL,181,321,2313,14,12,45,261,12,6,0,0,103,-71.016893603133,0,0.0,0.0558301114500081,121,902,3,4,1,49,43.7748042779495,0,0,0,0,0,0,0,0,0,0,,0,,,,,0,218.72,218.72
2004,REG,00-0020267,,Nick Harris,P,SPEC,"https://static.www.nfl.com/image/private/f_auto,q_auto/league/ko6iq143yffkkrsidnyh",1,DET,0,0,0,0,0,0,0,0,0,0,0,0,,0,,,1,-7,0,0,0,0,-0.504700673045591,0,0,0,0,0,0,0,0,0,0,,0,,,,,0,-0.7,-0.7
2004,REG,00-0020268,,Tony Stewart,TE,TE,,7,CIN,0,0,0,0,0,0,0,0,0,0,0,0,,0,,,0,0,0,0,0,0,,0,10,10,48,1,0,0,0,0,2,1.48098405728957,0,0.0,0.0666666666666667,,,0,10.8,20.8
2004,REG,00-0020274,,Billy Baber,TE,TE,,1,TB,0,0,0,0,0,0,0,0,0,0,0,0,,0,,,0,0,0,0,0,0,,0,1,1,7,0,0,0,0,0,0,0.464026083704084,0,0.0,0.0625,,,0,0.7,1.7
2004,REG,00-0020285,,Alge Crumpler,TE,TE,,14,ATL,0,0,0,0,0,0,0,0,0,0,0,0,,0,,,0,0,0,0,0,0,,0,48,48,774,6,1,1,0,0,32,54.4293067683901,0,0.0,0.266666666666667,,,0,111.4,159.4
2004,REG,00-0020305,,A.J. Feeley,QB,QB,,11,MIA,191,356,1893,11,15,23,136,7,4,0,0,101,-80.5784211148372,2,0.0,0.0239490969625912,14,13,1,3,1,2,-16.0363921651733,0,0,0,0,0,0,0,0,0,0,,0,,,,,0,91.02,91.02
2004,REG,00-0020308,,Mike McMahon,QB,QB,,1,DET,11,15,77,0,1,1,12,1,0,0,0,4,-3.71122042398201,0,0.0,0.0282042909041235,2,18,0,0,0,0,-0.438688323833048,0,0,0,0,0,0,0,0,0,0,,0,,,,,0,2.88,2.88
2004,REG,00-0020315,,Derrick Blaylock,RB,RB,,12,KC,0,0,0,0,0,0,0,0,0,0,0,0,,0,,,118,539,8,0,0,34,11.3793845991668,0,25,25,244,1,0,0,0,0,10,11.9292392032221,0,0.0,0.106382978723404,,,0,132.3,157.3
2004,REG,00-0020332,,David Martin,TE,TE,,5,GB,0,0,0,0,0,0,0,0,0,0,0,0,,0,,,0,0,0,0,0,0,,0,5,5,88,0,0,0,0,0,3,3.97071258851793,0,0.0,0.0505050505050505,,,0,8.8,13.8
2004,REG,00-0020337,,Steve Smith,WR,WR,"https://static.www.nfl.com/image/private/f_auto,q_auto/league/k23e0b8cto93he9rt0zc",1,CAR,0,1,0,0,0,0,0,0,0,0,0,0,-0.532775414176285,0,,,0,0,0,0,0,0,,0,6,6,60,0,0,0,0,0,4,5.54160359391244,0,0.0,0.260869565217391,,,0,6.0,12.0
2004,REG,00-0020342,,Brandon Manumaleuna,TE,TE,,9,LA,0,0,0,0,0,0,0,0,0,0,0,0,,0,,,0,0,0,0,0,0,,0,15,15,174,1,0,0,0,0,7,11.4589814158971,0,0.0,0.0681818181818182,,,0,23.4,38.4
2004,REG,00-0020343,,Jonathan Carter,WR,WR,,7,NYJ,0,0,0,0,0,0,0,0,0,0,0,0,,0,,,0,0,0,0,0,0,,0,10,10,173,1,0,0,0,0,7,16.4824568337644,0,0.0,0.0699300699300699,,,0,23.3,33.3
2004,REG,00-0020361,,Alex Bannister,WR,WR,,1,SEA,0,0,0,0,0,0,0,0,0,0,0,0,,0,,,0,0,0,0,0,0,,0,2,2,10,0,0,0,0,0,0,0.12497716100188,0,0.0,0.0740740740740741,,,0,1.0,3.0
2004,REG,00-0020381,,Justin McCareins,WR,WR,,16,NYJ,0,0,0,0,0,0,0,0,0,0,0,0,,0,,,2,-5,0,0,0,0,-1.94274276425131,0,56,56,770,4,1,0,0,0,43,59.2412206060788,0,0.0,0.198581560283688,,,0,100.5,156.5
2004,REG,00-0020391,,Jameel Cook,RB,RB,,4,TB,0,0,0,0,0,0,0,0,0,0,0,0,,0,,,0,0,0,0,0,0,,0,7,7,44,1,0,0,0,0,3,6.11391488520894,0,0.0,0.101449275362319,,,0,10.4,17.4
2004,REG,00-0020397,,Chad Johnson,WR,WR,,16,CIN,0,0,0,0,0,0,0,0,0,0,0,0,,0,,,4,39,0,0,0,1,2.32335930503905,0,95,95,1274,9,1,0,0,0,63,111.166298247551,0,0.0,0.29320987654321,,,0,185.3,280.3
2004,REG,00-0020403,,Anthony Thomas,RB,RB,,12,CHI,0,0,0,0,0,0,0,0,0,0,0,0,,0,,,122,404,2,1,1,16,-24.2510748225606,0,17,17,132,0,0,0,0,0,5,5.75378734931162,0,0.0,0.151785714285714,,,0,63.6,80.6
2004,REG,00-0020404,,Quincy Carter,QB,QB,,6,NYJ,35,58,498,3,1,12,70,1,0,0,0,25,4.21447305880782,0,0.0,0.0525721089351076,12,20,0,1,0,2,-2.96746738685761,0,0,0,0,0,0,0,0,0,0,,0,,,,,0,31.92,31.92
2004,REG,00-0020407,,Rudi Johnson,RB,RB,,16,CIN,0,0,0,0,0,0,0,0,0,0,0,0,,0,,,362,1457,12,4,4,73,-43.9550968388594,0,15,15,84,0,0,0,0,0,2,0.969740857253782,0,0.0,0.077720207253886,,,0,218.1,233.1
2004,REG,00-0020415,,Andre King,WR,WR,,3,CLE,0,0,0,0,0,0,0,0,0,0,0,0,,0,,,0,0,0,0,0,0,,0,5,5,49,0,0,0,0,0,2,4.35344466916285,0,0.0,0.087719298245614,,,0,4.9,9.9
2004,REG,00-0020427,,Quincy Morgan,WR,WR,,15,DAL,0,0,0,0,0,0,0,0,0,0,0,0,,0,,,2,23,0,0,0,1,0.775793921435252,0,31,31,404,3,1,1,0,0,19,27.9646340719805,0,0.0,0.12109375,,,0,58.7,89.7
2004,REG,00-0020428,,Robert Ferguson,WR,WR,,12,GB,0,0,0,0,0,0,0,0,0,0,0,0,,0,,,0,0,0,0,0,0,,0,24,24,367,1,0,0,0,0,18,31.2188556981855,1,0.0,0.0824742268041237,,,0,44.7,68.7
2004,REG,00-0020430,,James Jackson,RB,RB,,3,CLE,0,0,0,0,0,0,0,0,0,0,0,0,,0,,,12,81,0,0,0,2,0.919652519980446,0,6,6,22,0,0,0,0,0,1,-1.74568782556502,0,0.0,0.136363636363636,,,0,10.3,16.3
2004,REG,00-0020438,,T.J. Houshmandzadeh,WR,WR,,15,CIN,0,0,0,0,0,0,0,0,0,0,0,0,,0,,,6,51,0,0,0,2,3.14712264004629,0,73,73,978,4,0,0,0,0,49,89.6784789445668,0,0.0,0.240131578947368,,,0,126.9,199.9
2004,REG,00-0020446,,Chris Chambers,WR,WR,,15,MIA,0,0,0,0,0,0,0,0,0,0,0,0,,0,,,9,76,0,1,1,4,-2.66688206716208,0,69,69,898,7,0,0,0,20,46,82.4413216458899,1,0.0,0.237113402061856,,,0,139.4,208.4
2004,REG,00-0020448,,Travis Minor,RB,RB,,11,MIA,0,0,0,0,0,0,0,0,0,0,0,0,,0,,,110,395,3,0,0,21,-10.4715732492332,0,13,13,75,0,0,0,0,0,2,1.87613385701191,0,0.0,0.0866666666666667,,,0,65.0,78.0
2004,REG,00-0020452,,Cedrick Wilson,WR,WR,"https://static.www.nfl.com/image/private/f_auto,q_auto/league/r1vaoqltojlmfodlskwx",14,SF,0,0,0,0,0,0,0,0,0,0,0,0,,0,,,1,6,0,0,0,1,0.597570490092039,0,47,47,641,3,0,0,0,0,35,66.1200950304046,0,0.0,0.167259786476868,,,0,82.7,129.7
2004,REG,00-0020455,,Eric Johnson,TE,TE,,16,SF,0,0,0,0,0,0,0,0,0,0,0,0,,0,,,0,0,0,0,0,0,,0,82,82,825,2,1,1,0,0,45,65.4437612809998,0,0.0,0.252307692307692,,,0,92.5,174.5
2004,REG,00-0020462,,LaMont Jordan,RB,RB,,14,NYJ,0,1,0,0,1,0,0,0,0,0,0,0,-6.92475732375169,0,,,93,479,2,0,0,27,8.82008183135361,0,15,15,112,0,0,0,0,0,7,5.95980201414204,0,0.0,0.0710900473933649,,,0,69.1,84.1
2004,REG,00-0020464,,Darnerien McCants,WR,WR,,3,WAS,0,0,0,0,0,0,0,0,0,0,0,0,,0,,,0,0,0,0,0,0,,0,5,5,71,0,0,0,0,0,4,5.10741291218437,0,0.0,0.0847457627118644,,,0,7.1,12.1
2004,REG,00-0020471,,Travis Henry,RB,RB,,9,BUF,0,0,0,0,0,0,0,0,0,0,0,0,,0,,,94,326,0,0,0,17,-19.3085691602552,0,10,10,45,0,0,0,0,0,4,1.71682347060489,0,0.0,0.0909090909090909,,,0,37.1,47.1
2004,REG,00-0020474,,Kevan Barlow,RB,RB,,15,SF,0,0,0,0,0,0,0,0,0,0,0,0,,0,,,244,822,7,2,2,44,-39.2402991330404,0,35,35,212,0,0,0,0,0,11,9.50711011013482,0,0.0,0.12589928057554,,,0,141.4,176.4
2004,REG,00-0020476,,Shad Meier,TE,TE,,7,TEN,0,0,0,0,0,0,0,0,0,0,0,0,,0,,,0,0,0,0,0,0,,0,25,25,127,2,1,1,0,0,6,-3.26509097127286,0,0.0,0.125628140703518,,,0,22.7,47.7
2004,REG,00-0020479,,George Layne,RB,RB,,2,ATL,0,0,0,0,0,0,0,0,0,0,0,0,,0,,,1,12,0,0,0,1,0.776812483090907,0,1,1,6,0,0,0,0,0,0,0.271704459562898,0,0.0,0.05,,,0,1.8,2.8
2004,REG,00-0020480,,Sage Rosenfels,QB,QB,,2,MIA,16,39,264,1,3,3,16,2,0,0,0,9,-13.0404633572582,0,0.0,0.0248550149906795,0,0,0,0,0,0,,0,0,0,0,0,0,0,0,0,0,,0,,,,,0,8.56,8.56
2004,REG,00-0020485,,Eddie Berlin,WR,WR,,12,TEN,0,0,0,0,0,0,0,0,0,0,0,0,,0,,,0,0,0,0,0,0,,0,20,20,278,1,0,0,0,0,14,26.6930079848971,0,0.0,0.0749063670411985,,,0,33.8,53.8
2004,REG,00-0020490,,Koren Robinson,WR,WR,,9,SEA,0,0,0,0,0,0,0,0,0,0,0,0,,0,,,1,3,0,0,0,0,-0.308243569917977,0,31,31,495,2,0,0,0,0,23,38.8718201143742,0,0.0,0.18562874251497,,,0,61.8,92.8
2004,REG,00-0020494,,Santana Moss,WR,WR,,15,NYJ,0,0,0,0,0,0,0,0,0,0,0,0,,0,,,6,18,0,1,0,2,-0.457366190734319,0,45,45,838,5,0,0,0,0,35,70.6787298360141,0,0.0,0.17175572519084,,,0,115.6,160.6
2004,REG,00-0020495,,Nate Clements,SS,DB,,1,BUF,0,0,0,0,0,0,0,0,0,0,0,0,,0,,,0,0,0,0,0,0,,0,0,0,0,0,0,0,0,0,0,,0,,,,,1,6.0,6.0
2004,REG,00-0020497,,Freddie Mitchell,WR,WR,,12,PHI,0,0,0,0,0,0,0,0,0,0,0,0,,0,,,0,0,0,0,0,0,,0,22,22,377,2,0,0,0,0,18,33.0024471222102,0,0.0,0.0817843866171004,,,0,49.7,71.7
2004,REG,00-0020498,,Reggie Wayne,WR,WR,,16,IND,0,0,0,0,0,0,0,0,0,0,0,0,,0,,,1,-4,0,0,0,0,-1.22378454124555,0,77,77,1210,12,0,0,0,0,59,109.817678435352,0,0.0,0.218130311614731,,,0,192.6,269.6
2004,REG,00-0020507,,Heath Evans,FB,RB,,3,SEA,0,0,0,0,0,0,0,0,0,0,0,0,,0,,,7,20,0,1,0,3,1.17632889206288,0,2,2,12,0,0,0,0,0,0,0.36232800828293,0,0.0,0.0487804878048781,,,0,3.2,5.2
2004,REG,00-0020508,,Moran Norris,RB,RB,,4,HOU,0,0,0,0,0,0,0,0,0,0,0,0,,0,,,1,0,0,0,0,0,-0.484968019765802,0,4,4,13,0,0,0,0,0,1,-0.568581653060392,0,0.0,0.0555555555555556,,,0,1.3,5.3
2004,REG,00-0020513,,David Terrell,WR,WR,,15,CHI,0,0,0,0,0,0,0,0,0,0,0,0,,0,,,3,10,0,1,1,1,-4.5106610180228,0,42,42,699,1,0,0,0,0,35,53.0020239287193,0,0.0,0.186666666666667,,,0,74.9,116.9
2004,REG,00-0020514,,Michael Bennett,RB,RB,,10,MIN,0,0,0,0,0,0,0,0,0,0,0,0,,0,,,70,276,1,1,0,14,-9.16802919271868,0,21,21,207,1,0,0,0,0,6,14.3196954679984,0,0.0,0.140939597315436,,,0,60.3,81.3
2004,REG,00-0020516,,Todd Heap,TE,TE,,6,BAL,0,0,0,0,0,0,0,0,0,0,0,0,,0,,,0,0,0,0,0,0,,0,27,27,303,3,0,0,0,0,17,25.1450850879138,0,0.0,0.254716981132076,,,0,48.3,75.3
2004,REG,00-0020525,,Rod Gardner,WR,WR,,16,WAS,0,3,0,0,0,1,3,0,0,0,0,0,-3.08113781816792,0,,,3,7,0,0,0,2,-0.640825762646273,0,51,51,650,5,0,0,0,0,30,55.8335740745533,0,0.0,0.181494661921708,,,0,95.7,146.7
2004,REG,00-0020527,,Deuce McAllister,RB,RB,,14,NO,0,0,0,0,0,0,0,0,0,0,0,0,,0,,,269,1074,9,5,4,53,-37.3421237848603,0,34,34,228,0,0,0,0,0,5,2.21081668787519,0,0.0,0.171717171717172,,,0,176.2,210.2
2004,REG,00-0020531,D.Brees,Drew Brees,QB,QB,"https://static.www.nfl.com/image/private/f_auto,q_auto/league/i20xlpzdmn7xubotijjd",15,LAC,262,400,3159,27,7,17,122,3,0,0,0,141,130.745315701834,0,0.0,0.161252292214432,53,85,2,3,1,18,-8.16938049843884,0,1,1,38,0,0,0,0,0,1,3.94347285910044,0,0.0,0.0666666666666667,,,0,242.66,243.66
2004,REG,00-0020536,,LaDainian Tomlinson,RB,RB,,15,LAC,1,2,38,0,0,2,10,1,1,0,0,1,-4.10988826154041,0,0.0,,339,1335,17,5,2,69,-5.70450946097978,0,53,53,441,1,1,0,0,0,16,18.3990808205445,0,0.0,0.196296296296296,,,0,281.12,334.12
2004,REG,00-0020550,,Darnell Dinkins,TE,TE,,6,BAL,0,0,0,0,0,0,0,0,0,0,0,0,,0,,,0,0,0,0,0,0,,0,9,9,94,1,0,0,0,0,5,7.90322369418573,0,0.0,0.0810810810810811,,,0,15.4,24.4
2004,REG,00-0020562,,Chad Hutchinson,QB,QB,,5,CHI,92,161,903,4,3,23,160,4,3,0,0,43,-48.5158375603293,0,0.0,0.0273513746623647,6,14,0,4,1,1,-7.34502050629817,0,0,0,0,0,0,0,0,0,0,,0,,,,,0,39.52,39.52
2004,REG,00-0020587,,Jamal Robertson,RB,RB,,3,SF,0,0,0,0,0,0,0,0,0,0,0,0,,0,,,16,71,1,2,2,6,-5.21724755433388,0,4,4,34,0,0,0,0,0,2,2.31183537072502,0,0.0,0.0714285714285714,,,0,12.5,16.5
2004,REG,00-0020608,,David Carr,QB,QB,,16,HOU,286,467,3539,16,14,50,305,5,2,0,0,173,30.8197501352549,0,0.0,0.0746369783752261,72,303,0,5,0,24,-3.19826110249099,0,0,0,0,0,0,0,0,0,0,,0,,,,,0,203.86,203.86
2004,REG,00-0020617,,Nate Jackson,WR,WR,,4,DEN,0,0,0,0,0,0,0,0,0,0,0,0,,0,,,0,0,0,0,0,0,,0,8,8,73,0,0,0,0,0,3,3.40401746757561,0,0.0,0.105263157894737,,,0,7.3,15.3
2004,REG,00-0020692,,Eddie Drummond,WR,WR,,3,DET,0,0,0,0,0,0,0,0,0,0,0,0,,0,,,1,9,0,0,0,0,0.808000077726319,0,0,0,0,0,0,0,0,0,0,,0,,,,,4,24.9,24.9
2004,REG,00-0020700,,James Mungro,RB,RB,,8,IND,0,0,0,0,0,0,0,0,0,0,0,0,,0,,,5,19,0,0,0,1,0.513317251345143,0,7,7,36,3,0,0,0,0,5,4.98703795531765,0,0.0,0.0507246376811594,,,0,23.5,30.5
2004,REG,00-0020754,,Kelly Campbell,WR,WR,,12,MIN,0,0,0,0,0,0,0,0,0,0,0,0,,0,,,3,4,0,1,1,1,-6.58739590807818,0,19,19,364,1,0,0,0,0,14,28.3785593758803,0,0.0,0.0657439446366782,,,0,40.8,59.8
2004,REG,00-0020770,,John Stone,WR,WR,,2,LV,0,0,0,0,0,0,0,0,0,0,0,0,,0,,,0,0,0,0,0,0,,0,3,3,80,0,0,0,0,0,2,4.82291490596253,0,0.0,0.0731707317073171,,,0,8.0,11.0
2004,REG,00-0020780,,Frisman Jackson,WR,WR,,7,CLE,0,1,0,0,0,0,0,0,0,0,0,0,-0.446124444715679,0,,,1,4,0,0,0,1,0.952099358080886,0,13,13,168,0,0,0,0,0,8,12.5664178130101,0,0.0,0.146067415730337,,,0,17.2,30.2
2004,REG,00-0020793,,Eric McCoo,RB,RB,,1,PHI,0,0,0,0,0,0,0,0,0,0,0,0,,0,,,9,54,0,0,0,3,2.92829892004374,0,2,2,15,0,0,0,0,0,0,0.0937641610507853,0,0.0,0.0645161290322581,,,0,6.9,8.9
2004,REG,00-0020797,,Maurice Hicks,RB,RB,,8,SF,0,0,0,0,0,0,0,0,0,0,0,0,,0,,,96,362,2,3,3,19,-26.0148358666114,0,16,16,154,0,0,0,0,0,9,10.3957484511193,0,0.0,0.128,,,0,57.6,73.6
2004,REG,00-0020805,,Jason McKie,RB,RB,,6,CHI,0,0,0,0,0,0,0,0,0,0,0,0,,0,,,1,1,0,0,0,0,-0.440447391709313,0,13,13,70,2,0,0,0,0,4,7.09885875607142,0,0.0,0.12037037037037,,,0,19.1,32.1
2004,REG,00-0020820,,Jesse Chatman,RB,RB,,11,LAC,0,0,0,0,0,0,0,0,0,0,0,0,,0,,,65,392,3,1,0,18,12.1312738686684,0,2,2,17,0,0,0,0,0,1,0.547345972852781,0,0.0,0.0625,,,0,58.9,60.9
2004,REG,00-0020904,,Eric Parker,WR,WR,,13,LAC,0,0,0,0,0,0,0,0,0,0,0,0,,0,,,4,53,0,0,0,2,2.5279380712891,0,47,47,690,4,1,1,0,0,32,67.2004674871569,0,0.0,0.19831223628692,,,0,96.3,143.3
2004,REG,00-0020917,,Joe Burns,RB,RB,,7,BUF,0,0,0,0,0,0,0,0,0,0,0,0,,0,,,20,73,0,0,0,2,-6.10308117268141,0,1,1,7,0,0,0,0,0,1,1.18402713531395,0,0.0,0.0555555555555556,,,0,8.0,9.0
2004,REG,00-0020964,,Tony Fisher,RB,RB,,16,GB,1,1,8,1,0,0,0,0,0,0,0,1,1.68042560754111,0,0.0,,65,224,0,0,0,17,-6.28845624916721,0,38,38,277,2,1,0,0,0,13,13.1759632494674,0,0.0,0.0994764397905759,,,0,66.42,104.42
2004,REG,00-0020984,,Randy Hymes,WR,WR,,12,BAL,0,1,0,0,0,0,0,0,0,0,0,0,-1.69399861525744,0,,,0,0,0,0,0,0,,0,26,26,323,2,0,0,0,0,17,30.5629611604963,0,0.0,0.167741935483871,,,0,44.3,70.3
2004,REG,00-0020985,,Dwayne Blakley,TE,TE,,4,ATL,0,0,0,0,0,0,0,0,0,0,0,0,,0,,,0,0,0,0,0,0,,0,4,4,35,0,0,0,0,0,2,1.94903835561126,0,0.0,0.0645161290322581,,,0,3.5,7.5
2004,REG,00-0021048,,Damien Anderson,RB,RB,,1,ARI,0,0,0,0,0,0,0,0,0,0,0,0,,0,,,1,2,0,0,0,0,-0.816460595466197,0,0,0,0,0,0,0,0,0,0,,0,,,,,0,0.2,0.2
2004,REG,00-0021084,,Matt Schobel,TE,TE,,10,CIN,0,0,0,0,0,0,0,0,0,0,0,0,,0,,,0,0,0,0,0,0,,0,21,21,201,4,1,1,0,0,10,15.3674274861114,0,0.0,0.0976744186046512,,,0,42.1,63.1
2004,REG,00-0021087,,Omar Easy,RB,RB,,1,KC,0,0,0,0,0,0,0,0,0,0,0,0,,0,,,4,1,0,0,0,0,-3.68202317180112,0,0,0,0,0,0,0,0,0,0,,0,,,,,0,0.1,0.1
2004,REG,00-0021094,,Jason McAddley,WR,WR,,2,TEN,0,0,0,0,0,0,0,0,0,0,0,0,,0,,,0,0,0,0,0,0,,0,2,2,38,0,0,0,0,0,1,1.53464647603687,0,0.0,0.0408163265306122,,,0,3.8,5.8
2004,REG,00-0021098,,Josh Scobey,RB,RB,,10,ARI,0,0,0,0,0,0,0,0,0,0,0,0,,0,,,27,89,0,0,0,7,-3.59903602149042,0,18,18,191,0,0,0,0,0,8,10.3197168435436,0,0.0,0.0947368421052632,,,0,28.0,46.0
2004,REG,00-0021100,,Jeb Putzier,TE,TE,,14,DEN,0,0,0,0,0,0,0,0,0,0,0,0,,0,,,0,0,0,0,0,0,,0,36,36,572,2,0,0,0,0,27,44.7370987061295,0,0.0,0.136882129277567,,,0,69.2,105.2
2004,REG,00-0021141,,Joey Harrington,QB,QB,,16,DET,274,489,3047,19,12,35,196,5,3,0,0,138,-58.2872222625423,1,0.0,0.0337928955679468,49,175,0,1,0,9,4.08471367513292,0,0,0,0,0,0,0,0,0,0,,0,,,,,0,187.38,187.38
2004,REG,00-0021147,,Donte' Stallworth,WR,WR,,15,NO,0,0,0,0,0,0,0,0,0,0,0,0,,0,,,6,37,0,0,0,1,-0.271452047017159,0,58,58,767,5,0,0,0,0,35,66.5104624016967,0,0.0,0.197952218430034,,,0,110.4,168.4
2004,REG,00-0021148,,Jeremy Shockey,TE,TE,,15,NYG,0,0,0,0,0,0,0,0,0,0,0,0,,0,,,0,0,0,0,0,0,,0,61,61,666,6,1,0,0,0,32,57.3708203603746,0,0.0,0.243027888446215,,,0,102.6,163.6
2004,REG,00-0021150,,William Green,RB,RB,,14,CLE,0,0,0,0,0,0,0,0,0,0,0,0,,0,,,163,585,2,3,2,30,-39.9593172230148,0,14,14,84,0,0,0,0,0,3,1.16950291544917,0,0.0,0.099290780141844,,,0,74.9,88.9
2004,REG,00-0021152,,Ashley Lelie,WR,WR,,16,DEN,0,0,0,0,0,0,0,0,0,0,0,0,,0,,,3,5,0,0,0,0,-1.71139131626114,0,54,54,1084,7,0,0,0,0,40,97.517257159343,0,0.0,0.178217821782178,,,0,150.9,204.9
2004,REG,00-0021153,,Javon Walker,WR,WR,,16,GB,0,0,0,0,0,0,0,0,0,0,0,0,,0,,,0,0,0,0,0,0,,0,89,89,1380,12,2,2,0,0,63,123.518000417346,0,0.0,0.232984293193717,,,0,206.0,295.0
2004,REG,00-0021154,,Daniel Graham,TE,TE,,12,NE,0,0,0,0,0,0,0,0,0,0,0,0,,0,,,0,0,0,0,0,0,,0,30,30,364,7,0,0,0,0,20,36.6129014171311,0,0.0,0.144230769230769,,,0,78.4,108.4
2004,REG,00-0021159,,Jerramy Stevens,TE,TE,,14,SEA,0,0,0,0,0,0,0,0,0,0,0,0,,0,,,0,0,0,0,0,0,,0,31,31,349,3,0,0,0,0,19,31.4031157159013,1,0.0,0.118320610687023,,,0,54.9,85.9
2004,REG,00-0021163,,Jabar Gaffney,WR,WR,,14,HOU,0,3,0,0,0,0,0,0,0,0,0,0,-1.31604382127989,0,,,4,30,0,1,0,1,-3.39663428551285,0,41,41,632,2,0,0,0,0,34,64.8895811114053,0,0.0,0.172995780590717,,,0,78.2,119.2
2004,REG,00-0021164,,DeShaun Foster,RB,RB,,4,CAR,0,0,0,0,0,0,0,0,0,0,0,0,,0,,,59,255,2,0,0,13,0.389923824812286,0,9,9,76,0,0,0,0,10,4,-0.138049975386821,0,0.0,0.152542372881356,,,0,45.1,54.1
2004,REG,00-0021166,,Josh Reed,WR,WR,,9,BUF,0,0,0,0,0,0,0,0,0,0,0,0,,0,,,2,-1,0,0,0,0,-0.909792885649949,0,16,16,153,0,0,0,0,0,8,13.0020066309269,0,0.0,0.117647058823529,,,0,15.2,31.2
2004,REG,00-0021174,,Tim Carter,WR,WR,,4,NYG,0,0,0,0,0,0,0,0,0,0,0,0,,0,,,2,23,0,0,0,1,1.6055953791365,0,12,12,182,1,0,0,0,0,10,16.1599748181761,0,0.0,0.15,,,0,26.5,38.5
2004,REG,00-0021175,,Andre Davis,WR,WR,,6,CLE,0,0,0,0,0,0,0,0,0,0,0,0,,0,,,1,-3,0,0,0,0,-0.993110878393054,0,16,16,416,2,0,0,0,0,14,35.8528589149937,0,0.0,0.177777777777778,,,0,53.3,69.3
2004,REG,00-0021176,,Reche Caldwell,WR,WR,,6,LAC,0,0,0,0,0,0,0,0,0,0,0,0,,0,,,4,45,0,0,0,2,2.34120047907345,0,18,18,310,3,1,0,0,0,8,27.4051016270532,0,0.0,0.174757281553398,,,0,53.5,71.5
2004,REG,00-0021179,,Clinton Portis,RB,RB,,15,WAS,1,2,15,1,0,0,0,0,0,0,0,1,2.23240747814998,0,0.0,,343,1315,5,5,4,65,-43.2534128393163,0,40,40,235,2,0,0,0,0,10,4.27237223109114,0,0.0,0.158730158730159,,,0,193.6,233.6
2004,REG,00-0021182,,Maurice Morris,RB,RB,,13,SEA,0,0,0,0,0,0,0,0,0,0,0,0,,0,,,30,126,0,0,0,9,0.405695967677231,0,9,9,53,0,0,0,0,0,5,3.30819883677759,0,0.0,0.0604026845637584,,,0,17.9,26.9
2004,REG,00-0021183,,Doug Jolley,TE,TE,,15,LV,0,0,0,0,0,0,0,0,0,0,0,0,,0,,,0,0,0,0,0,0,,0,27,27,313,2,0,0,0,0,14,26.0994228854539,0,0.0,0.0891089108910891,,,0,43.3,70.3
2004,REG,00-0021184,,Ladell Betts,RB,RB,,13,WAS,0,0,0,0,0,0,0,0,0,0,0,0,,0,,,90,371,1,0,0,19,-2.84675316938635,0,15,15,108,0,0,0,0,0,4,1.60703448532149,0,0.0,0.109489051094891,,,0,53.9,68.9
2004,REG,00-0021190,,Antwaan Randle El,RB,RB,,16,PIT,1,1,10,1,0,0,0,0,0,0,0,1,3.19394524616655,0,0.0,,8,34,0,0,0,1,-0.685191553318873,0,43,43,601,3,3,2,0,0,29,46.8482870632364,0,0.0,0.18859649122807,,,0,81.9,124.9
2004,REG,00-0021191,,Antonio Bryant,WR,WR,,15,CLE,0,0,0,0,0,0,0,0,0,0,0,0,,0,,,0,0,0,0,0,0,,0,58,58,812,4,1,1,0,0,37,65.8460238665453,0,0.0,0.218045112781955,,,0,103.2,161.2
2004,REG,00-0021192,,Deion Branch,WR,WR,,9,NE,0,0,0,0,0,0,0,0,0,0,0,0,,0,,,0,0,0,0,0,0,,0,35,35,454,4,0,0,0,0,27,46.7900741446774,0,0.0,0.209580838323353,,,0,69.4,104.4
2004,REG,00-0021206,J.McCown,Josh McCown,QB,QB,"https://static.www.nfl.com/image/private/f_auto,q_auto/league/qcauc37wqjdaxdbq1evu",14,ARI,233,408,2511,11,10,31,263,11,4,0,0,122,-43.8621737180046,0,0.0,0.0377400508376136,36,112,2,1,1,9,2.4101264897653,1,1,1,-5,0,0,0,0,0,0,-1.74313367100057,0,0.0,0.0625,,,0,139.14,140.14
2004,REG,00-0021209,,Lamar Gordon,RB,RB,,3,MIA,0,0,0,0,0,0,0,0,0,0,0,0,,0,,,35,64,0,1,0,1,-8.56225934403188,0,13,13,74,0,0,0,0,0,2,-0.845532657549484,0,0.0,0.276595744680851,,,0,13.8,26.8
2004,REG,00-0021212,,Cliff Russell,WR,WR,,4,CIN,0,0,0,0,0,0,0,0,0,0,0,0,,0,,,3,15,0,0,0,2,-0.214525738963857,0,1,1,21,0,0,0,0,0,1,0.995501845143735,0,0.0,0.05,,,0,3.6,4.6
2004,REG,00-0021213,,Chris Baker,TE,TE,,12,NYJ,0,0,0,0,0,0,0,0,0,0,0,0,,0,,,0,0,0,0,0,0,,0,18,18,182,4,1,1,0,0,12,12.8984112579783,0,0.0,0.0833333333333333,,,0,40.2,58.2
2004,REG,00-0021216,,Brian Westbrook,RB,RB,,13,PHI,0,0,0,0,0,0,0,0,0,0,0,0,,0,,,178,808,3,0,0,38,-0.834734656595654,0,73,73,703,6,1,1,0,0,30,44.7916788108044,0,0.0,0.261648745519713,,,0,203.1,276.1
2004,REG,00-0021223,,Jonathan Wells,RB,RB,,13,HOU,0,0,0,0,0,0,0,0,0,0,0,0,,0,,,82,299,3,1,1,16,-14.6472676489545,1,11,11,79,2,0,0,0,0,4,6.47682029625867,0,0.0,0.0763888888888889,,,0,67.8,78.8
2004,REG,00-0021227,,Justin Peelle,TE,TE,,8,LAC,0,0,0,0,0,0,0,0,0,0,0,0,,0,,,0,0,0,0,0,0,,0,10,10,84,2,1,1,0,0,3,2.77280256107763,0,0.0,0.0628930817610063,,,0,18.4,28.4
2004,REG,00-0021231,,David Garrard,QB,QB,,4,JAX,38,72,374,2,1,6,35,0,0,0,0,21,-6.25967878412874,0,0.0,0.0479636925351304,12,76,1,0,0,5,4.77661341291969,0,0,0,0,0,0,0,0,0,0,,0,,,,,0,34.56,34.56
2004,REG,00-0021236,,Randy McMichael,TE,TE,,16,MIA,0,0,0,0,0,0,0,0,0,0,0,0,,0,,,0,0,0,0,0,0,,0,73,73,791,4,2,0,0,0,42,61.7366755680502,1,0.0,0.236245954692557,,,0,105.1,178.1
2004,REG,00-0021238,,Rohan Davey,QB,QB,,4,NE,4,10,54,0,0,0,0,0,0,0,0,4,1.82497174304444,0,0.0,0.039799568250597,4,-1,0,0,0,0,-5.38339506374905,0,0,0,0,0,0,0,0,0,0,,0,,,,,0,2.06,2.06
2004,REG,00-0021252,,Najeh Davenport,RB,RB,,10,GB,0,0,0,0,0,0,0,0,0,0,0,0,,0,,,71,359,2,0,0,16,4.17933023482328,0,4,4,33,0,0,0,0,0,1,2.03594702819828,0,0.0,0.0655737704918033,,,0,51.2,55.2
2004,REG,00-0021253,,Jarrod Baxter,RB,RB,,1,HOU,0,0,0,0,0,0,0,0,0,0,0,0,,0,,,2,1,0,0,0,0,-1.23528932966292,0,1,1,3,0,0,0,0,0,0,-0.11270358110778,0,0.0,0.0526315789473684,,,0,0.4,1.4
2004,REG,00-0021260,,Kyle Johnson,RB,RB,,5,DEN,0,0,0,0,0,0,0,0,0,0,0,0,,0,,,0,0,0,0,0,0,,0,9,9,126,2,0,0,0,0,5,11.2548285270459,0,0.0,0.109756097560976,,,0,24.6,33.6
2004,REG,00-0021263,,Mel Mitchell,DB,DB,,1,NO,0,0,0,0,0,0,0,0,0,0,0,0,,0,,,0,0,0,0,0,0,,0,0,0,0,0,0,0,0,0,0,,0,,,,,1,6.0,6.0
2004,REG,00-0021268,,Terry Jones,TE,TE,,10,BAL,0,0,0,0,0,0,0,0,0,0,0,0,,0,,,0,0,0,0,0,0,,0,20,20,152,1,0,0,0,0,7,2.44548059023214,0,0.0,0.138888888888889,,,0,21.2,41.2
2004,REG,00-0021273,,Robert Royal,TE,TE,,8,WAS,0,0,0,0,0,0,0,0,0,0,0,0,,0,,,0,0,0,0,0,0,,0,8,8,70,4,0,0,0,0,6,10.5772763667628,0,0.0,0.0467836257309942,,,0,31.0,39.0
2004,REG,00-0021277,,Craig Nall,QB,QB,,5,GB,23,33,314,4,0,2,8,1,0,0,0,19,20.0772581854841,0,0.0,0.25428143015956,3,7,0,0,0,0,-0.0971186924143694,0,0,0,0,0,0,0,0,0,0,,0,,,,,0,29.26,29.26
2004,REG,00-0021279,,Verron Haynes,FB,RB,,12,PIT,0,0,0,0,0,0,0,0,0,0,0,0,,0,,,55,272,0,0,0,17,1.48513326109969,0,18,18,142,2,0,0,0,0,8,12.0973477248427,0,0.0,0.134328358208955,,,0,53.4,71.4
2004,REG,00-0021282,,Ryan Hannam,TE,TE,,6,SEA,0,0,0,0,0,0,0,0,0,0,0,0,,0,,,0,0,0,0,0,0,,0,8,8,110,0,0,0,0,0,6,10.9237231697771,0,0.0,0.0714285714285714,,,0,11.0,19.0
2004,REG,00-0021287,,Keith Heinrich,TE,TE,,1,CLE,0,0,0,0,0,0,0,0,0,0,0,0,,0,,,0,0,0,0,0,0,,0,1,1,1,0,0,0,0,0,0,-0.732933040242642,0,0.0,0.111111111111111,,,0,0.1,1.1
2004,REG,00-0021289,,Kevin Thomas,CB,DB,,1,BUF,0,0,0,0,0,0,0,0,0,0,0,0,,0,,,0,0,0,0,0,0,,0,1,1,24,0,0,0,0,0,1,3.95411248831078,0,0.0,0.0714285714285714,,,0,2.4,3.4
2004,REG,00-0021296,,J.T. O'Sullivan,QB,QB,,1,GB,0,0,0,0,0,0,0,0,0,0,0,0,,0,,,2,-2,0,0,0,0,-2.38366275775479,0,0,0,0,0,0,0,0,0,0,,0,,,,,0,-0.2,-0.2
2004,REG,00-0021304,,John Gilmore,TE,TE,,1,CHI,0,0,0,0,0,0,0,0,0,0,0,0,,0,,,0,0,0,0,0,0,,0,1,1,11,0,0,0,0,0,1,0.942495709052309,0,0.0,0.0476190476190476,,,0,1.1,2.1
2004,REG,00-0021305,,Larry Ned,RB,RB,,1,MIN,0,0,0,0,0,0,0,0,0,0,0,0,,0,,,0,0,0,0,0,0,,0,1,1,9,0,0,0,0,0,1,0.899028458865359,0,0.0,0.0277777777777778,,,0,0.9,1.9
2004,REG,00-0021306,,Adrian Peterson,RB,RB,,2,CHI,0,0,0,0,0,0,0,0,0,0,0,0,,0,,,6,19,0,0,0,1,0.0354119415860623,0,2,2,30,0,0,0,0,0,1,2.33445001460495,0,0.0,0.0588235294117647,,,0,4.9,6.9
2004,REG,00-0021309,,Lee Mays,WR,WR,,7,PIT,0,0,0,0,0,0,0,0,0,0,0,0,,0,,,0,0,0,0,0,0,,0,9,9,137,0,0,0,0,0,6,11.5248057449935,0,0.0,0.0882352941176471,,,0,13.7,22.7
2004,REG,00-0021314,,Chester Taylor,RB,RB,,16,BAL,0,0,0,0,0,0,0,0,0,0,0,0,,0,,,160,714,2,1,1,35,-19.2584227773423,0,30,30,184,0,0,0,0,0,10,7.24348837675643,0,0.0,0.161290322580645,,,0,99.8,129.8
2004,REG,00-0021337,,Ronald Curry,WR,WR,,11,LV,0,1,0,0,0,0,0,0,0,0,0,0,-0.535217745229602,0,,,1,-3,0,0,0,0,-1.46925395936705,0,50,50,679,6,1,0,0,0,32,59.632164271245,0,0.0,0.210084033613445,,,0,103.6,153.6
2004,REG,00-0021343,,Leonard Henry,RB,RB,,4,MIA,0,0,0,0,0,0,0,0,0,0,0,0,,0,,,45,134,0,1,1,5,-17.1745986890164,0,3,3,12,0,0,0,0,0,0,-0.84420680522453,0,0.0,0.166666666666667,,,0,12.6,15.6
2004,REG,00-0021353,,David Givens,WR,WR,,14,NE,0,0,0,0,0,0,0,0,0,0,0,0,,0,,,0,0,0,0,0,0,,0,56,56,872,3,0,0,0,0,47,78.4169916378451,0,0.0,0.217898832684825,,,0,105.2,161.2
2004,REG,00-0021357,,Rock Cartwright,RB,RB,,1,WAS,0,0,0,0,0,0,0,0,0,0,0,0,,0,,,2,0,0,0,0,0,-1.17987309221644,0,0,0,0,0,0,0,0,0,0,,0,,,,,0,0.0,0.0
2004,REG,00-0021371,,Darian Barnes,FB,RB,,9,DAL,0,0,0,0,0,0,0,0,0,0,0,0,,0,,,5,10,0,1,0,3,1.31839061278151,0,10,10,59,1,0,0,0,0,4,0.946301397925708,0,0.0,0.0826446280991736,,,0,12.9,22.9
2004,REG,00-0021376,,T.J. Duckett,RB,RB,,12,ATL,0,0,0,0,0,0,0,0,0,0,0,0,,0,,,104,509,8,2,2,30,7.31592431514881,0,3,3,15,0,0,0,0,0,1,0.0136365949874744,0,0.0,0.0652173913043478,,,0,96.4,99.4
2004,REG,00-0021379,,Patrick Ramsey,QB,QB,,9,WAS,169,272,1665,10,11,22,134,5,1,0,0,89,-5.3376760414721,0,0.0,0.0420730822676372,10,19,0,1,0,1,-4.14938723875093,0,0,0,0,0,0,0,0,0,0,,0,,,,,0,84.5,84.5
2004,REG,00-0021387,,Jamar Martin,RB,RB,,3,MIA,0,0,0,0,0,0,0,0,0,0,0,0,,0,,,0,0,0,0,0,0,,0,4,4,15,0,1,0,0,0,0,-0.425157929304987,0,0.0,0.0597014925373134,,,0,1.5,5.5
2004,REG,00-0021403,,Chad Mustard,TE,TE,,1,CLE,0,0,0,0,0,0,0,0,0,0,0,0,,0,,,0,0,0,0,0,0,,0,1,1,9,0,0,0,0,0,1,2.09109974745661,0,0.0,0.0476190476190476,,,0,0.9,1.9
2004,REG,00-0021406,,Derick Armstrong,WR,WR,,13,HOU,0,0,0,0,0,0,0,0,0,0,0,0,,0,,,0,0,0,0,0,0,,0,29,29,415,1,0,0,0,0,21,40.0785651309416,0,0.0,0.121338912133891,,,0,47.5,76.5
2004,REG,00-0021409,,Rod Trafford,TE,TE,,3,BUF,0,0,0,0,0,0,0,0,0,0,0,0,,0,,,0,0,0,0,0,0,,0,3,3,25,0,0,0,0,0,2,1.18660275611328,0,0.0,0.0576923076923077,,,0,2.5,5.5
2004,REG,00-0021424,,Chris Horn,WR,WR,,6,KC,0,0,0,0,0,0,0,0,0,0,0,0,,0,,,1,12,0,0,0,1,1.32031498430297,0,15,15,178,1,0,0,0,0,10,16.0047264772002,0,0.0,0.0955414012738854,,,0,25.0,40.0
2004,REG,00-0021429,C.Palmer,Carson Palmer,QB,QB,"https://static.www.nfl.com/image/private/f_auto,q_auto/league/belgna3tokxga0gjjmwk",13,CIN,263,432,2897,18,18,25,178,2,2,0,0,140,-29.8641420174943,0,0.0,0.0468145992726395,18,47,1,0,0,4,0.552331977677466,0,0,0,0,0,0,0,0,0,0,,0,,,,,0,158.58,158.58
2004,REG,00-0021434,,Dante Brown,RB,RB,,1,PIT,0,0,0,0,0,0,0,0,0,0,0,0,,0,,,1,2,0,0,0,1,0.685020368546248,0,0,0,0,0,0,0,0,0,0,,0,,,,,0,0.2,0.2
2004,REG,00-0021460,,Cortez Hankton,WR,WR,,4,JAX,0,0,0,0,0,0,0,0,0,0,0,0,,0,,,0,0,0,0,0,0,,0,9,9,81,2,0,0,0,0,5,6.65323001518846,0,0.0,0.0978260869565217,,,0,20.1,29.1
2004,REG,00-0021488,,Mat McBriar,P,SPEC,,1,DAL,0,1,0,0,0,0,0,1,0,0,0,0,-4.33591993327718,0,,,0,0,0,0,0,0,,0,0,0,0,0,0,0,0,0,0,,0,,,,,0,0.0,0.0
2004,REG,00-0021500,,Derrick Frost,P,SPEC,,1,CLE,0,0,0,0,0,0,0,0,0,0,0,0,,0,,,1,1,0,0,0,0,-1.70447118330048,0,0,0,0,0,0,0,0,0,0,,0,,,,,0,0.1,0.1
2004,REG,00-0021508,,Greg Lewis,WR,WR,,10,PHI,0,0,0,0,0,0,0,0,0,0,0,0,,0,,,4,16,0,0,0,1,-0.755662030540407,0,17,17,183,0,0,0,0,0,10,16.8687224650057,0,0.0,0.0862944162436548,,,0,19.9,36.9
2004,REG,00-0021509,,Reno Mahe,RB,RB,,9,PHI,0,0,0,0,0,0,0,0,0,0,0,0,,0,,,23,91,0,0,0,6,-7.084261266049,0,14,14,123,0,0,0,0,0,2,3.76605593289182,0,0.0,0.113821138211382,,,0,21.4,35.4
2004,REG,00-0021525,,Casey Fitzsimmons,TE,TE,,10,DET,0,0,0,0,0,0,0,0,0,0,0,0,,0,,,0,0,0,0,0,0,,0,10,10,103,0,0,0,0,0,3,8.30957578658126,0,0.0,0.0546448087431694,,,0,10.3,20.3
2004,REG,00-0021530,,Scott Vines,WR,WR,,2,DET,0,0,0,0,0,0,0,0,0,0,0,0,,0,,,0,0,0,0,0,0,,0,3,3,51,0,0,0,0,0,3,3.77461526420666,0,0.0,0.0517241379310345,,,0,5.1,8.1
2004,REG,00-0021547,A.Gates,Antonio Gates,TE,TE,"https://static.www.nfl.com/image/private/f_auto,q_auto/league/kndulvysinvn4tpvt0bc",15,LAC,0,0,0,0,0,0,0,0,0,0,0,0,,0,,,0,0,0,0,0,0,,0,81,81,964,13,0,0,0,0,55,105.876947607467,0,0.0,0.3,,,0,174.4,255.4
2004,REG,00-0021554,,Lorenzo Diamond,TE,TE,,3,ARI,0,0,0,0,0,0,0,0,0,0,0,0,,0,,,0,0,0,0,0,0,,0,3,3,19,0,0,0,0,0,1,0.59619657555595,0,0.0,0.0526315789473684,,,0,1.9,4.9
2004,REG,00-0021560,,Reggie Newhouse,WR,WR,,1,ARI,0,0,0,0,0,0,0,0,0,0,0,0,,0,,,0,0,0,0,0,0,,0,1,1,5,0,0,0,0,0,0,0.251896824454889,0,0.0,0.0555555555555556,,,0,0.5,1.5
2004,REG,00-0021570,,Kassim Osgood,WR,WR,,8,LAC,0,0,0,0,0,0,0,0,0,0,0,0,,0,,,0,0,0,0,0,0,,0,15,15,308,2,0,0,0,0,13,28.5909982044832,0,0.0,0.0943396226415094,,,0,42.8,57.8
2004,REG,00-0021586,,Kevin Ware,TE,TE,,1,SF,0,0,0,0,0,0,0,0,0,0,0,0,,0,,,0,0,0,0,0,0,,0,1,1,9,0,0,0,0,0,0,0.449198121088557,0,0.0,0.0666666666666667,,,0,0.9,1.9
2004,REG,00-0021636,,Sean Berton,TE,TE,,5,MIN,0,0,0,0,0,0,0,0,0,0,0,0,,0,,,0,0,0,0,0,0,,0,9,9,78,0,0,0,0,0,2,3.94418366160244,0,0.0,0.0775862068965517,,,0,7.8,16.8
2004,REG,00-0021647,,Jerheme Urban,WR,WR,,3,SEA,0,0,0,0,0,0,0,0,0,0,0,0,,0,,,0,0,0,0,0,0,,0,6,6,117,1,1,1,0,0,4,4.57166561920894,0,0.0,0.09375,,,0,15.7,21.7
2004,REG,00-0021673,,ReShard Lee,RB,RB,,8,DAL,0,0,0,0,0,0,0,0,0,0,0,0,,0,,,27,128,1,0,0,8,-0.613683383446187,0,1,1,4,0,0,0,0,0,0,0.0660022594965994,0,0.0,0.0434782608695652,,,0,19.2,20.2
2004,REG,00-0021747,,Kerry Carter,RB,RB,,1,SEA,0,0,0,0,0,0,0,0,0,0,0,0,,0,,,4,15,0,0,0,2,0.906117373262532,0,0,0,0,0,0,0,0,0,0,,0,,,,,0,1.5,1.5
2004,REG,00-0021750,,Arlen Harris,RB,RB,,2,LA,0,0,0,0,0,0,0,0,0,0,0,0,,0,,,20,63,0,0,0,3,-5.80865453189472,0,4,4,41,0,1,0,0,0,3,4.22672706528101,0,0.0,0.25,,,0,10.4,14.4
2004,REG,00-0021755,,Earnest Graham,RB,RB,,7,TB,0,0,0,0,0,0,0,0,0,0,0,0,,0,,,13,73,0,0,0,2,1.68315335805528,0,0,0,0,0,0,0,0,0,0,,0,,,,,0,7.3,7.3
2004,REG,00-0021756,,Will Heller,TE,TE,,8,TB,0,0,0,0,0,0,0,0,0,0,0,0,,0,,,0,0,0,0,0,0,,0,12,12,98,1,1,0,0,0,5,6.26974212401547,0,0.0,0.0674157303370787,,,0,15.8,27.8
2004,REG,00-0021780,,Aaron Moorehead,WR,WR,,1,IND,0,0,0,0,0,0,0,0,0,0,0,0,,0,,,0,0,0,0,0,0,,0,1,1,7,0,0,0,0,0,1,0.650313968770206,0,0.0,0.0588235294117647,,,0,0.7,1.7
2004,REG,00-0021788,,Ronald Bellamy,WR,WR,,1,MIA,0,0,0,0,0,0,0,0,0,0,0,0,,0,,,0,0,0,0,0,0,,0,1,1,8,0,0,0,0,0,0,0.344906034239102,0,0.0,0.0625,,,0,0.8,1.8
2004,REG,00-0021810,,Ian Smart,RB,RB,,3,TB,0,0,0,0,0,0,0,0,0,0,0,0,,0,,,2,26,0,0,0,1,0.923602728755213,0,2,2,10,0,0,0,0,0,1,0.594323260709643,0,0.0,0.0555555555555556,,,0,3.6,5.6
2004,REG,00-0021845,,Cecil Sapp,RB,RB,,1,DEN,0,0,0,0,0,0,0,0,0,0,0,0,,0,,,4,32,0,0,0,2,0.303455354180187,0,0,0,0,0,0,0,0,0,0,,0,,,,,0,3.2,3.2
2004,REG,00-0021890,,Richard Alston,WR,WR,,1,CLE,0,0,0,0,0,0,0,0,0,0,0,0,,0,,,0,0,0,0,0,0,,0,0,0,0,0,0,0,0,0,0,,0,,,,,1,6.0,6.0
2004,REG,00-0021915,,Sam Aiken,WR,WR,,6,BUF,0,0,0,0,0,0,0,0,0,0,0,0,,0,,,0,0,0,0,0,0,,0,11,11,148,0,0,0,0,0,6,9.83853744310909,0,0.0,0.0973451327433628,,,0,14.8,25.8
2004,REG,00-0021923,,Willie Ponder,WR,WR,,3,NYG,0,0,0,0,0,0,0,0,0,0,0,0,,0,,,1,-4,0,0,0,0,-1.15907206991687,0,1,1,3,0,0,0,0,0,0,-0.116871728328988,0,0.0,0.0769230769230769,,,1,5.9,6.9
2004,REG,00-0021927,,David Tyree,WR,WR,,3,NYG,0,0,0,0,0,0,0,0,0,0,0,0,,0,,,0,0,0,0,0,0,,0,10,10,155,1,0,0,0,0,7,15.7684531761333,0,0.0,0.188679245283019,,,0,21.5,31.5
2004,REG,00-0021929,,Donald Lee,TE,TE,,8,MIA,0,0,0,0,0,0,0,0,0,0,0,0,,0,,,0,0,0,0,0,0,,0,13,13,110,1,2,2,0,0,6,-0.221591575245839,0,0.0,0.0909090909090909,,,0,13.0,26.0
2004,REG,00-0021931,,Kevin Walter,WR,WR,,6,CIN,0,0,0,0,0,0,0,0,0,0,0,0,,0,,,0,0,0,0,0,0,,0,8,8,67,0,0,0,0,0,3,4.50174637825694,0,0.0,0.062992125984252,,,0,6.7,14.7
2004,REG,00-0021936,,Andrew Pinnock,RB,RB,,1,LAC,0,0,0,0,0,0,0,0,0,0,0,0,,0,,,9,26,0,1,0,2,-0.391978595784167,0,3,3,26,0,0,0,0,0,2,2.08429697796237,0,0.0,0.166666666666667,,,0,5.2,8.2
2004,REG,00-0021938,,Brock Forsey,RB,RB,,3,MIA,0,0,0,0,0,0,0,0,0,0,0,0,,0,,,19,53,0,1,0,2,-3.57362470723456,0,0,0,0,0,0,0,0,0,0,,0,,,,,0,5.3,5.3
2004,REG,00-0021955,,Dan Klecko,RB,RB,,2,NE,0,0,0,0,0,0,0,0,0,0,0,0,,0,,,0,0,0,0,0,0,,0,3,3,18,0,1,1,0,0,1,-2.11569792131195,0,0.0,0.0769230769230769,,,0,-0.2,2.8
2004,REG,00-0021969,,Brad Pyatt,WR,WR,,1,IND,0,0,0,0,0,0,0,0,0,0,0,0,,0,,,0,0,0,0,0,0,,0,2,2,12,0,0,0,0,0,0,0.45956393214874,0,0.0,0.117647058823529,,,0,1.2,3.2
2004,REG,00-0021973,,David Kircus,WR,WR,,2,DET,0,0,0,0,0,0,0,0,0,0,0,0,,0,,,0,0,0,0,0,0,,0,3,3,68,1,0,0,0,0,2,6.77052584150806,0,0.0,0.0576923076923077,,,0,12.8,15.8
2004,REG,00-0021976,,Larry Johnson,RB,RB,,8,KC,0,0,0,0,0,0,0,0,0,0,0,0,,0,,,120,581,9,0,0,34,16.4392115873052,0,22,22,278,2,0,0,0,0,13,23.2968619713211,0,0.0,0.138364779874214,,,0,151.9,173.9
2004,REG,00-0021979,,Domanick Williams,RB,RB,,15,HOU,0,0,0,0,0,0,0,0,0,0,0,0,,0,,,301,1180,13,2,2,56,-27.7460019029648,0,69,69,596,1,2,2,0,0,27,21.5854690270561,0,0.0,0.268482490272374,,,0,253.6,322.6
2004,REG,00-0021980,,George Wrighster,TE,TE,,3,JAX,0,0,0,0,0,0,0,0,0,0,0,0,,0,,,0,0,0,0,0,0,,0,10,10,69,1,1,0,0,0,4,5.07635896303691,0,0.0,0.163934426229508,,,0,12.9,22.9
2004,REG,00-0021981,,Shaun McDonald,WR,WR,,15,LA,0,0,0,0,0,0,0,0,0,0,0,0,,0,,,4,0,0,0,0,0,-3.65789579565171,0,37,37,494,3,1,0,0,0,23,48.458040874888,0,0.0,0.10632183908046,,,0,67.4,104.4
2004,REG,00-0021982,,Justin Gage,WR,WR,,8,CHI,0,0,0,0,0,0,0,0,0,0,0,0,,0,,,0,0,0,0,0,0,,0,12,12,156,0,0,0,0,0,7,10.6832383482833,0,0.0,0.0944881889763779,,,0,15.6,27.6
2004,REG,00-0021993,,Bethel Johnson,WR,WR,,8,NE,0,0,0,0,0,0,0,0,0,0,0,0,,0,,,2,8,0,0,0,1,-0.742749249795452,0,10,10,174,1,0,0,0,0,8,18.4829101474606,0,0.0,0.0636942675159236,,,1,30.2,40.2
2004,REG,00-0021999,,Nate Burleson,WR,WR,,16,MIN,0,0,0,0,0,0,0,0,0,0,0,0,,0,,,6,49,0,0,0,4,4.16395383235067,0,68,68,1006,9,0,0,0,0,50,96.2492320049205,1,0.0,0.178947368421053,,,1,167.5,235.5
2004,REG,00-0022001,,Kevin Curtis,WR,WR,,13,LA,0,0,0,0,0,0,0,0,0,0,0,0,,0,,,3,24,0,0,0,2,2.21491218649317,0,32,32,421,2,1,1,0,0,18,24.5744114795525,1,0.0,0.113879003558719,,,0,56.5,88.5
2004,REG,00-0022003,,B.J. Askew,FB,RB,,3,NYJ,0,0,0,0,0,0,0,0,0,0,0,0,,0,,,6,23,0,0,0,1,-3.10727232252248,0,2,2,12,0,0,0,0,0,1,0.724271649261937,0,0.0,0.0645161290322581,,,0,3.5,5.5
2004,REG,00-0022005,,Chris Simms,QB,QB,,5,TB,42,73,467,1,3,10,75,2,2,0,0,21,-21.8648345894799,0,0.0,0.0271817918984911,7,14,0,1,0,1,-6.29300122756602,0,0,0,0,0,0,0,0,0,0,,0,,,,,0,14.08,14.08
2004,REG,00-0022006,,Artose Pinner,RB,RB,,7,DET,0,0,0,0,0,0,0,0,0,0,0,0,,0,,,57,174,2,0,0,10,-4.23222681193147,0,11,11,72,0,0,0,0,0,1,1.46765266766306,0,0.0,0.088,,,0,36.6,47.6
2004,REG,00-0022008,,Terrence McGee,CB,DB,,3,BUF,0,0,0,0,0,0,0,0,0,0,0,0,,0,,,0,0,0,0,0,0,,0,0,0,0,0,0,0,0,0,0,,0,,,,,3,18.0,18.0
2004,REG,00-0022011,,Justin Griffith,RB,RB,,12,ATL,0,0,0,0,0,0,0,0,0,0,0,0,,0,,,9,39,0,0,0,2,-0.683045001970495,0,22,22,220,1,0,0,0,0,11,11.8926129153115,0,0.0,0.151724137931034,,,0,31.9,53.9
2004,REG,00-0022017,,Mike Scifres,P,SPEC,,1,LAC,0,1,0,0,1,0,0,1,0,0,0,0,-3.60020523192361,0,,,0,0,0,0,0,0,,0,0,0,0,0,0,0,0,0,0,,0,,,,,0,-2.0,-2.0
2004,REG,00-0022026,,Brooks Bollinger,QB,QB,,1,NYJ,5,9,60,0,0,1,8,0,0,0,0,2,-2.66983046894893,0,0.0,0.0293242976754748,1,2,0,0,0,0,-0.394324888009578,0,0,0,0,0,0,0,0,0,0,,0,,,,,0,2.6,2.6
2004,REG,00-0022032,,Keenan Howry,WR,WR,,1,MIN,0,0,0,0,0,0,0,0,0,0,0,0,,0,,,0,0,0,0,0,0,,0,1,1,3,0,0,0,0,0,0,-0.313947429414839,0,0.0,0.0277777777777778,,,0,0.3,1.3
2004,REG,00-0022039,,Ken Dorsey,QB,QB,,8,SF,123,226,1231,6,9,13,94,4,3,0,0,60,-53.2591699899651,0,0.0,0.0239642980526305,5,7,0,1,0,1,-0.170335244154558,0,0,0,0,0,0,0,0,0,0,,0,,,,,0,49.94,49.94
2004,REG,00-0022044,,Andre Johnson,WR,WR,,16,HOU,0,0,0,0,0,0,0,0,0,0,0,0,,0,,,4,12,0,0,0,2,-0.596530434675515,0,79,79,1142,6,1,1,0,0,53,94.6514235042851,0,0.0,0.275261324041812,,,0,149.4,228.4
2004,REG,00-0022051,,Teyo Johnson,TE,TE,,5,LV,0,0,0,0,0,0,0,0,0,0,0,0,,0,,,0,0,0,0,0,0,,0,9,9,131,2,0,0,0,0,7,12.004325629503,0,0.0,0.0918367346938776,,,0,25.1,34.1
2004,REG,00-0022054,,Visanthe Shiancoe,TE,TE,,3,NYG,0,0,0,0,0,0,0,0,0,0,0,0,,0,,,0,0,0,0,0,0,,0,5,5,25,1,0,0,0,0,3,3.79221629939275,0,0.0,0.0925925925925926,,,0,8.5,13.5
2004,REG,00-0022057,,LaBrandon Toefield,RB,RB,,14,JAX,0,0,0,0,0,1,7,0,0,0,0,0,-1.48907776369015,0,,,51,169,0,0,0,7,-13.2203356551879,0,28,28,151,1,1,1,0,0,13,6.09843170704893,0,0.0,0.115702479338843,,,0,36.0,64.0
2004,REG,00-0022060,,Aaron Walker,TE,TE,,7,SF,0,0,0,0,0,0,0,0,0,0,0,0,,0,,,0,0,0,0,0,0,,0,10,10,115,0,0,0,0,0,4,8.65368432766991,0,0.0,0.0704225352112676,,,0,11.5,21.5
2004,REG,00-0022064,,Arnaz Battle,WR,WR,,7,SF,0,0,0,0,0,0,0,0,0,0,0,0,,0,,,2,5,0,0,0,0,-0.499080714827869,0,8,8,143,0,0,0,0,0,4,8.11416269617056,0,0.0,0.049079754601227,,,1,20.8,28.8
2004,REG,00-0022084,,Anquan Boldin,WR,WR,"https://static.www.nfl.com/image/private/f_auto,q_auto/league/ajabgwxbliupgkwjbnut",10,ARI,0,0,0,0,0,0,0,0,0,0,0,0,,0,,,1,3,0,0,0,0,-0.293417301028967,0,56,56,623,1,1,1,0,0,32,54.4083023301791,0,0.0,0.296296296296296,,,0,66.6,122.6
2004,REG,00-0022087,,Tyrone Calico,WR,WR,,1,TEN,0,0,0,0,0,0,0,0,0,0,0,0,,0,,,0,0,0,0,0,0,,0,2,2,13,0,0,0,0,0,1,1.43546485248953,0,0.0,0.0512820512820513,,,0,1.3,3.3
2004,REG,00-0022092,,Chris Brown,RB,RB,,11,TEN,0,0,0,0,0,0,0,0,0,0,0,0,,0,,,220,1067,6,6,4,40,-18.3568191639867,0,20,20,147,0,0,0,0,0,6,5.15932108678646,0,0.0,0.0900900900900901,,,0,149.4,169.4
2004,REG,00-0022093,,Justin Fargas,RB,RB,,10,LV,0,0,0,0,0,0,0,0,0,0,0,0,,0,,,35,126,1,0,0,9,-0.220674243726535,0,11,11,68,0,1,1,0,0,3,-2.17190147360088,0,0.0,0.0982142857142857,,,0,23.4,34.4
2004,REG,00-0022095,,Quentin Griffin,RB,RB,,5,DEN,0,0,0,0,0,0,0,0,0,0,0,0,,0,,,85,311,2,2,2,13,-19.9035231042965,0,10,10,68,1,1,1,0,0,4,-2.16865224533831,0,0.0,0.126582278481013,,,0,49.9,59.9
2004,REG,00-0022097,,Brandon Lloyd,WR,WR,,13,SF,0,0,0,0,0,0,0,0,0,0,0,0,,0,,,0,0,0,0,0,0,,0,43,43,565,6,0,0,0,0,26,52.5928864485088,1,0.0,0.167315175097276,,,0,94.5,137.5
2004,REG,00-0022101,,Brian St. Pierre,QB,QB,,1,PIT,0,1,0,0,0,0,0,0,0,0,0,0,-0.975340838549055,0,,,4,-3,0,0,0,1,-0.317979635845404,0,0,0,0,0,0,0,0,0,0,,0,,,,,0,-0.3,-0.3
2004,REG,00-0022102,,Doug Gabriel,WR,WR,,15,LV,0,0,0,0,0,0,0,0,0,0,0,0,,0,,,2,7,0,0,0,0,-0.376159021630883,0,33,33,551,2,0,0,0,0,26,47.0630644799833,0,0.0,0.106109324758842,,,0,67.8,100.8
2004,REG,00-0022111,,Talman Gardner,WR,WR,,1,NO,0,0,0,0,0,0,0,0,0,0,0,0,,0,,,0,0,0,0,0,0,,0,1,1,23,0,0,0,0,0,1,2.20649010548368,0,0.0,0.0416666666666667,,,0,2.3,3.3
2004,REG,00-0022116,,Tony Hollings,RB,RB,,3,HOU,0,0,0,0,0,0,0,0,0,0,0,0,,0,,,11,47,0,0,0,2,-1.31366651377175,0,5,5,46,0,0,0,0,0,1,2.14142243179958,0,0.0,0.0909090909090909,,,0,9.3,14.3
2004,REG,00-0022121,,Rex Grossman,QB,QB,,3,CHI,47,84,607,1,3,5,22,2,2,0,0,28,3.92483011252535,0,0.0,0.0725730619477364,11,48,1,0,0,4,2.81755917635746,0,0,0,0,0,0,0,0,0,0,,0,,,,,0,29.08,29.08
2004,REG,00-0022124,,Taylor Jacobs,WR,WR,,6,WAS,0,0,0,0,0,0,0,0,0,0,0,0,,0,,,1,-6,0,0,0,0,-1.21394785749726,0,16,16,178,0,0,0,0,0,9,13.2010379261919,1,0.0,0.172043010752688,,,0,19.2,35.2
2004,REG,00-0022126,,L.J. Smith,TE,TE,,12,PHI,0,0,0,0,0,0,0,0,0,0,0,0,,0,,,0,0,0,0,0,0,,0,34,34,377,5,0,0,0,0,21,31.9039291659428,0,0.0,0.123636363636364,,,0,67.7,101.7
2004,REG,00-0022127,J.Witten,Jason Witten,TE,TE,"https://static.www.nfl.com/image/private/f_auto,q_auto/league/r7uafhtwuexuaty0nhsc",16,DAL,0,0,0,0,0,0,0,0,0,0,0,0,,0,,,0,0,0,0,0,0,,0,87,87,980,6,2,1,0,0,44,73.5491941106502,1,0.0,0.282467532467533,,,0,134.0,221.0
2004,REG,00-0022129,,Mike Seidman,TE,TE,,9,CAR,0,0,0,0,0,0,0,0,0,0,0,0,,0,,,0,0,0,0,0,0,,0,13,13,123,2,0,0,0,0,8,11.2877595257014,1,0.0,0.0734463276836158,,,0,26.3,39.3
2004,REG,00-0022130,,Musa Smith,RB,RB,,4,BAL,0,0,0,0,0,0,0,0,0,0,0,0,,0,,,12,48,0,0,0,4,-0.388447737786919,0,2,2,31,0,0,0,0,0,1,3.21920360228978,0,0.0,0.0465116279069768,,,0,7.9,9.9
2004,REG,00-0022135,,Billy McMullen,WR,WR,,2,PHI,0,0,0,0,0,0,0,0,0,0,0,0,,0,,,0,0,0,0,0,0,,0,3,3,24,0,0,0,0,0,1,0.91497550602071,0,0.0,0.0769230769230769,,,0,2.4,5.4
2004,REG,00-0022138,,Onterrio Smith,RB,RB,,11,MIN,0,0,0,0,0,0,0,0,0,0,0,0,,0,,,124,544,2,2,1,18,-6.39029051673919,0,36,36,394,2,0,0,0,0,22,27.9810904573533,1,0.0,0.141732283464567,,,0,117.8,153.8
2004,REG,00-0022141,,Jeremi Johnson,FB,RB,,12,CIN,0,0,0,0,0,0,0,0,0,0,0,0,,0,,,3,5,0,1,1,0,-8.14710660488345,0,16,16,53,1,0,0,0,0,2,-1.45373329590075,0,0.0,0.0796019900497513,,,0,9.8,25.8
2004,REG,00-0022144,,Bobby Wade,WR,WR,,16,CHI,0,0,0,0,0,0,0,0,0,0,0,0,,0,,,12,76,0,0,0,5,3.55431220371975,0,42,42,481,0,2,1,0,0,23,28.9806506404673,0,0.0,0.168674698795181,,,0,53.7,95.7
2004,REG,00-0022156,,Bryant Johnson,WR,WR,,14,ARI,0,0,0,0,0,0,0,0,0,0,0,0,,0,,,2,-6,0,0,0,0,-1.74930605944246,0,49,49,537,1,1,0,0,0,29,45.4175577890128,0,0.0,0.194444444444444,,,0,59.1,108.1
2004,REG,00-0022164,,Kyle Boller,QB,QB,,16,BAL,258,464,2559,13,11,35,247,7,5,0,0,135,-76.6370986789032,1,0.0,0.0248809143157218,53,189,1,4,2,9,-9.47743521315614,0,0,0,0,0,0,0,0,0,0,,0,,,,,0,145.26,145.26
2004,REG,00-0022165,,Dallas Clark,TE,TE,,12,IND,0,0,0,0,0,0,0,0,0,0,0,0,,0,,,0,0,0,0,0,0,,0,25,25,423,5,2,1,0,0,18,33.148679105303,0,0.0,0.09765625,,,0,70.3,95.3
2004,REG,00-0022171,,Kelley Washington,WR,WR,,13,CIN,0,0,0,0,0,0,0,0,0,0,0,0,,0,,,1,-1,0,0,0,0,-0.801027208566666,0,31,31,378,3,0,0,0,0,19,36.302376854379,0,0.0,0.122529644268775,,,0,55.7,86.7
2004,REG,00-0022177,,Byron Leftwich,QB,QB,,14,JAX,267,441,2941,15,10,25,114,5,1,0,0,140,19.7951566185763,4,0.0,0.0769361276286962,39,148,2,0,0,7,-5.61261965970886,0,1,1,-7,0,0,0,0,0,0,-2.12369371927343,0,0.0,0.0666666666666667,,,0,189.74,190.74
2004,REG,00-0022178,,Willis McGahee,RB,RB,,15,BUF,0,0,0,0,0,0,0,0,0,0,0,0,,0,,,284,1128,13,3,2,64,-18.4843149895675,0,22,22,169,0,1,0,0,0,8,11.7263575204742,0,0.0,0.0956521739130435,,,0,203.7,225.7
2004,REG,00-0022180,,Lee Suggs,RB,RB,,10,CLE,0,0,0,0,0,0,0,0,0,0,0,0,,0,,,199,744,2,6,3,38,-37.6732170233944,0,20,20,178,1,0,0,0,0,6,5.96937284842716,0,0.0,0.147058823529412,,,0,104.2,124.2
2004,REG,00-0022181,,Drew Henson,QB,QB,,2,DAL,10,18,78,1,1,2,26,1,1,0,0,7,-16.167361249536,0,0.0,0.0314709697179115,1,7,0,0,0,1,2.08811832824722,0,0,0,0,0,0,0,0,0,0,,0,,,,,0,3.82,3.82
2004,REG,00-0022215,,Tim Euhus,TE,TE,,5,BUF,0,0,0,0,0,0,0,0,0,0,0,0,,0,,,0,0,0,0,0,0,,0,11,11,98,2,0,0,0,0,5,9.96405081875855,0,0.0,0.141025641025641,,,0,21.8,32.8
2004,REG,00-0022217,,Mewelde Moore,RB,RB,,7,MIN,0,1,0,0,0,0,0,0,0,0,0,0,-0.42688386561349,0,,,65,379,0,0,0,16,4.54686138556316,0,27,27,238,0,0,0,0,0,8,9.22391114017228,0,0.0,0.163636363636364,,,0,61.7,88.7
2004,REG,00-0022224,,Vick King,RB,RB,,2,MIA,0,0,0,0,0,0,0,0,0,0,0,0,,0,,,4,9,0,0,0,1,-0.757964230200741,0,1,1,8,0,0,0,0,0,0,0.404940557084046,0,0.0,0.04,,,0,1.7,2.7
2004,REG,00-0022232,,Brian Jones,TE,TE,,5,JAX,0,0,0,0,0,0,0,0,0,0,0,0,,0,,,0,0,0,0,0,0,,0,6,6,87,1,0,0,0,0,5,4.71783378528198,1,0.0,0.0441176470588235,,,0,16.7,22.7
2004,REG,00-0022250,,Willie Parker,RB,RB,,5,PIT,0,0,0,0,0,0,0,0,0,0,0,0,,0,,,32,186,0,0,0,8,5.42913448702742,0,3,3,16,0,0,0,0,0,0,-1.55994629045017,0,0.0,0.115384615384615,,,0,20.2,23.2
2004,REG,00-0022288,,Jason Wright,RB,RB,,2,ATL,0,0,0,0,0,0,0,0,0,0,0,0,,0,,,3,10,0,0,0,0,-0.822246112627909,0,0,0,0,0,0,0,0,0,0,,0,,,,,0,1.0,1.0
2004,REG,00-0022363,,Joey Harris,RB,RB,,3,CAR,0,0,0,0,0,0,0,0,0,0,0,0,,0,,,15,53,0,0,0,3,-2.28160091821337,0,0,0,0,0,0,0,0,0,0,,0,,,,,0,5.3,5.3
2004,REG,00-0022384,,Larry Croom,RB,RB,,4,ARI,0,0,0,0,0,0,0,0,0,0,0,0,,0,,,29,76,0,0,0,3,-8.19565121491905,0,2,2,16,0,0,0,0,0,1,2.04843273339793,0,0.0,0.0526315789473684,,,0,9.2,11.2
2004,REG,00-0022385,,Eric Edwards,TE,TE,,2,ARI,0,0,0,0,0,0,0,0,0,0,0,0,,0,,,0,0,0,0,0,0,,0,5,5,51,0,0,0,0,0,4,4.45932963863015,0,0.0,0.0925925925925926,,,0,5.1,10.1
2004,REG,00-0022388,,Terrance Copper,WR,WR,,3,DAL,0,0,0,0,0,0,0,0,0,0,0,0,,0,,,1,-1,0,0,0,0,-0.478129742201418,0,7,7,84,1,0,0,0,0,5,10.1668712170795,0,0.0,0.152173913043478,,,0,14.3,21.3
2004,REG,00-0022405,,Lousaka Polite,FB,RB,,1,DAL,0,0,0,0,0,0,0,0,0,0,0,0,,0,,,0,0,0,0,0,0,,0,1,1,4,0,0,0,0,0,0,0.0734452332253568,0,0.0,0.0434782608695652,,,0,0.4,1.4
2004,REG,00-0022414,,Malcom Floyd,WR,WR,"https://static.www.nfl.com/image/private/f_auto,q_auto/league/or8gm79eaonksxe8gl0t",1,LAC,0,0,0,0,0,0,0,0,0,0,0,0,,0,,,0,0,0,0,0,0,,0,3,3,49,1,0,0,0,0,2,5.05280402384233,0,0.0,0.166666666666667,,,0,10.9,13.9
2004,REG,00-0022427,,Wes Welker,WR,WR,"https://static.www.nfl.com/image/private/f_auto,q_auto/league/rgjwexzif36vncjfdwap",1,MIA,0,0,0,0,0,0,0,0,0,0,0,0,,0,,,0,0,0,0,0,0,,0,0,0,0,0,0,0,0,0,0,,0,,,,,1,6.0,6.0
2004,REG,00-0022449,,B.J. Sams,RB,RB,,6,BAL,0,0,0,0,0,0,0,0,0,0,0,0,,0,,,4,19,1,0,0,2,2.61050014818289,0,1,1,2,0,0,0,0,0,0,-1.05402358528227,0,0.0,0.0416666666666667,,,2,20.1,21.1
2004,REG,00-0022464,,Doug Easlick,RB,RB,,1,MIA,0,0,0,0,0,0,0,0,0,0,0,0,,0,,,0,0,0,0,0,0,,0,1,1,4,0,0,0,0,0,0,-0.02447992679663,0,0.0,0.0384615384615385,,,0,0.4,1.4
2004,REG,00-0022527,,Jabari Greer,CB,DB,,1,BUF,0,0,0,0,0,0,0,0,0,0,0,0,,0,,,1,-6,0,0,0,0,-1.08771793893538,0,0,0,0,0,0,0,0,0,0,,0,,,,,0,-0.6,-0.6
2004,REG,00-0022531,J.Peters,Jason Peters,T,OL,"https://static.www.nfl.com/image/upload/f_auto,q_auto/league/xcsyqvrlrpe6s3d0rodq",1,BUF,0,0,0,0,0,0,0,0,0,0,0,0,,0,,,0,0,0,0,0,0,,0,0,0,0,0,0,0,0,0,0,,0,,,,,1,6.0,6.0
2004,REG,00-0022538,,Shaud Williams,RB,RB,,4,BUF,0,0,0,0,0,0,0,0,0,0,0,0,,0,,,42,167,2,0,0,8,-0.176354808579621,0,3,3,19,0,0,0,0,0,0,0.124163370812312,0,0.0,0.0588235294117647,,,0,30.6,33.6
2004,REG,00-0022582,,Richard Owens,TE,TE,,3,MIN,0,0,0,0,0,0,0,0,0,0,0,0,,0,,,0,0,0,0,0,0,,0,8,8,69,0,0,0,0,0,4,4.49848848467809,0,0.0,0.0869565217391304,,,0,6.9,14.9
2004,REG,00-0022589,,Kyle Larson,P,SPEC,,1,CIN,0,0,0,0,0,0,0,0,0,0,0,0,,0,,,1,11,1,0,0,1,4.21503238932928,0,0,0,0,0,0,0,0,0,0,,0,,,,,0,7.1,7.1
2004,REG,00-0022621,,Andrae Thurman,WR,WR,,1,GB,0,0,0,0,0,0,0,0,0,0,0,0,,0,,,0,0,0,0,0,0,,0,2,2,12,0,0,0,0,0,0,0.116026898380369,0,0.0,0.0666666666666667,,,0,1.2,3.2
2004,REG,00-0022664,,Jonathan Smith,WR,WR,,4,BUF,0,0,0,0,0,0,0,0,0,0,0,0,,0,,,2,11,0,0,0,1,1.03058393951505,0,3,3,21,0,0,0,0,0,1,2.22473982523661,0,0.0,0.0612244897959184,,,1,9.2,12.2
2004,REG,00-0022674,,Triandos Luke,WR,WR,,2,DEN,0,0,0,0,0,0,0,0,0,0,0,0,,0,,,0,0,0,0,0,0,,0,6,6,52,0,0,0,0,0,3,4.61638654494891,0,0.0,0.162162162162162,,,0,5.2,11.2
2004,REG,00-0022679,,Jamaar Taylor,WR,WR,,4,NYG,0,0,0,0,0,0,0,0,0,0,0,0,,0,,,1,-8,0,0,0,0,-1.38785006850958,0,6,6,146,0,0,0,0,0,4,11.3277238343726,0,0.0,0.0983606557377049,,,0,13.8,19.8
2004,REG,00-0022704,,Courtney Anderson,TE,TE,,7,LV,0,0,0,0,0,0,0,0,0,0,0,0,,0,,,0,0,0,0,0,0,,0,13,13,175,1,0,0,0,0,6,12.1400327390875,0,0.0,0.0855263157894737,,,0,23.5,36.5
2004,REG,00-0022706,,Michael Gaines,TE,TE,,3,CAR,0,0,0,0,0,0,0,0,0,0,0,0,,0,,,0,0,0,0,0,0,,0,4,4,34,0,0,0,0,0,1,0.772592250839807,0,0.0,0.0740740740740741,,,0,3.4,7.4
2004,REG,00-0022725,,Michael Clayton,WR,WR,,16,TB,0,0,0,0,0,0,0,0,0,0,0,0,,0,,,5,30,0,0,0,3,2.56100676103961,0,80,80,1193,7,0,0,0,0,56,98.9006802460866,0,0.0,0.235294117647059,,,0,164.3,244.3
2004,REG,00-0022726,,Keary Colbert,WR,WR,,15,CAR,0,0,0,0,0,0,0,0,0,0,0,0,,0,,,0,0,0,0,0,0,,0,47,47,754,5,1,1,0,0,31,61.8383894885192,1,0.0,0.163194444444444,,,0,105.4,152.4
2004,REG,00-0022731,,Cody Pickett,QB,QB,,1,SF,4,10,55,0,2,2,14,1,0,0,0,4,-7.47096232429612,0,0.0,0.0463268418580045,1,5,0,0,0,0,-0.86675875633955,0,0,0,0,0,0,0,0,0,0,,0,,,,,0,-1.3,-1.3
2004,REG,00-0022736,,Steven Jackson,RB,RB,"https://static.www.nfl.com/image/private/f_auto,q_auto/league/abl5wejuf448xw3jtphm",14,LA,0,0,0,0,0,0,0,0,0,0,0,0,,0,,,134,673,4,1,1,37,6.76144746597103,1,19,19,189,0,0,0,0,0,6,3.88650006976063,0,0.0,0.0875576036866359,,,0,110.2,129.2
2004,REG,00-0022738,,Chris Cooley,TE,TE,,13,WAS,0,0,0,0,0,0,0,0,0,0,0,0,,0,,,0,0,0,0,0,0,,0,37,37,314,6,0,0,0,0,23,38.410506713051,0,0.0,0.14453125,,,0,67.4,104.4
2004,REG,00-0022739,,Devard Darling,WR,WR,,1,BAL,0,0,0,0,0,0,0,0,0,0,0,0,,0,,,0,0,0,0,0,0,,0,2,2,5,0,1,0,0,0,0,-0.650516040041111,0,0.0,0.181818181818182,,,0,0.5,2.5
2004,REG,00-0022744,,Jim Sorgi,QB,QB,,4,IND,17,29,175,2,0,1,8,0,0,0,0,6,0.451771444194301,0,0.0,0.0535578519686926,8,-5,0,1,0,0,-1.24457905982854,0,0,0,0,0,0,0,0,0,0,,0,,,,,0,14.5,14.5
2004,REG,00-0022751,,Darius Watts,WR,WR,,15,DEN,0,0,0,0,0,0,0,0,0,0,0,0,,0,,,5,33,0,0,0,2,2.00738461525179,0,31,31,385,1,1,0,0,0,19,30.2031349517001,0,0.0,0.108391608391608,,,0,47.8,78.8
2004,REG,00-0022754,,Samie Parker,WR,WR,,3,KC,0,0,0,0,0,0,0,0,0,0,0,0,,0,,,0,0,0,0,0,0,,0,9,9,137,1,0,0,0,0,7,13.0665964961358,0,0.0,0.109756097560976,,,0,19.7,28.7
2004,REG,00-0022759,,Ryan Krause,TE,TE,,1,LAC,0,0,0,0,0,0,0,0,0,0,0,0,,0,,,0,0,0,0,0,0,,0,5,5,81,1,0,0,0,0,5,9.68264173093485,0,0.0,0.277777777777778,,,0,14.1,19.1
2004,REG,00-0022766,,Patrick Crayton,WR,WR,,5,DAL,0,1,0,0,1,0,0,0,0,0,0,0,-4.40452341944911,0,,,0,0,0,0,0,0,,0,12,12,162,1,0,0,0,0,7,14.6917493431719,0,0.0,0.115384615384615,,,0,20.2,32.2
2004,REG,00-0022770,,Derrick Ward,RB,RB,,1,NYG,0,0,0,0,0,0,0,0,0,0,0,0,,0,,,0,0,0,0,0,0,,0,0,0,0,0,0,0,0,0,0,,0,,,,,1,6.0,6.0
2004,REG,00-0022781,,Michael Jenkins,WR,WR,,5,ATL,0,0,0,0,0,0,0,0,0,0,0,0,,0,,,1,2,0,0,0,0,-0.310184367233887,0,7,7,119,0,0,0,0,0,4,8.98698250786619,0,0.0,0.0921052631578947,,,0,12.1,19.1
2004,REG,00-0022782,,Kevin Jones,RB,RB,,15,DET,0,0,0,0,0,0,0,0,0,0,0,0,,0,,,241,1133,5,2,1,57,-10.1186635197171,0,28,28,180,1,0,0,0,0,8,5.40184553235304,0,0.0,0.131455399061033,,,0,165.3,193.3
2004,REG,00-0022787,M.Schaub,Matt Schaub,QB,QB,"https://static.www.nfl.com/image/private/f_auto,q_auto/league/mj2kh2nddxnw04ludcx0",6,ATL,33,70,329,1,4,4,14,1,0,0,0,15,-13.570912860262,0,0.0,0.0242426467984315,8,26,0,0,0,2,1.56837820516201,0,0,0,0,0,0,0,0,0,0,,0,,,,,0,11.76,11.76
2004,REG,00-0022796,,Mike Karney,FB,RB,,8,NO,0,0,0,0,0,0,0,0,0,0,0,0,,0,,,3,7,0,0,0,1,-0.0355183269130066,0,6,6,42,0,0,0,0,0,2,2.87202257593162,0,0.0,0.0545454545454545,,,0,4.9,10.9
2004,REG,00-0022797,,Thomas Tapeh,RB,RB,,4,PHI,0,0,0,0,0,0,0,0,0,0,0,0,,0,,,12,42,0,0,0,3,-2.1486835857504,0,2,2,15,0,0,0,0,0,1,0.178431423846632,0,0.0,0.25,,,0,5.7,7.7
2004,REG,00-0022803,E.Manning,Eli Manning,QB,QB,"https://static.www.nfl.com/image/private/f_auto,q_auto/league/w51tf8uedjftbr4qpaex",8,NYG,95,197,1043,6,9,13,83,2,0,0,0,50,-33.9532696978459,0,0.0,0.0242435754844045,6,35,0,1,1,2,-1.65813394426368,0,0,0,0,0,0,0,0,0,0,,0,,,,,0,49.22,49.22
2004,REG,00-0022807,,Bernard Berrian,WR,WR,,14,CHI,0,0,0,0,0,0,0,0,0,0,0,0,,0,,,8,28,0,0,0,1,-2.57149487582501,0,15,15,225,2,0,0,0,0,8,17.6529918978922,0,0.0,0.0837988826815642,,,0,37.3,52.3
2004,REG,00-0022811,,Jerricho Cotchery,WR,WR,"https://static.www.nfl.com/image/private/f_auto,q_auto/league/hkq2dmfj7mbgbuejiloy",5,NYJ,0,0,0,0,0,0,0,0,0,0,0,0,,0,,,0,0,0,0,0,0,,0,6,6,60,0,0,0,0,0,4,3.4632218352984,0,0.0,0.0645161290322581,,,1,12.0,18.0
2004,REG,00-0022818,,Craig Krenzel,QB,QB,,6,CHI,59,127,718,3,6,23,158,5,4,0,0,32,-78.9140886548938,0,0.0,0.0390452117781163,18,41,0,2,2,4,-21.4366776031903,1,0,0,0,0,0,0,0,0,0,,0,,,,,0,22.82,22.82
2004,REG,00-0022821,,Michael Turner,RB,RB,,2,LAC,0,0,0,0,0,0,0,0,0,0,0,0,,0,,,20,104,0,0,0,4,1.26218468556181,0,4,4,8,0,1,1,0,0,0,-5.34877136803698,0,0.0,0.222222222222222,,,0,9.2,13.2
2004,REG,00-0022825,,Troy Fleming,RB,RB,,10,TEN,0,0,0,0,0,0,0,0,0,0,0,0,,0,,,7,40,0,0,0,2,1.43977849720977,0,19,19,164,2,0,0,0,0,8,10.3709196074051,0,0.0,0.0748031496062992,,,0,32.4,51.4
2004,REG,00-0022826,,Clarence Moore,WR,WR,,12,BAL,0,0,0,0,0,0,0,0,0,0,0,0,,0,,,0,0,0,0,0,0,,0,24,24,293,4,0,0,0,0,18,30.811320996603,1,0.0,0.121212121212121,,,0,55.3,79.3
2004,REG,00-0022827,,John Navarre,QB,QB,,1,ARI,18,40,168,1,4,1,8,0,0,0,0,6,-19.0660024805653,0,0.0,0.0345634374097979,0,0,0,0,0,0,,0,0,0,0,0,0,0,0,0,0,,0,,,,,0,2.72,2.72
2004,REG,00-0022840,,Julius Jones,RB,RB,,8,DAL,0,0,0,0,0,0,0,0,0,0,0,0,,0,,,197,819,7,3,3,44,-12.2785729414727,0,17,17,109,0,0,0,0,0,6,1.1261155254324,0,0.0,0.130769230769231,,,0,128.8,145.8
2004,REG,00-0022847,,Ben Hartsock,TE,TE,,2,IND,0,0,0,0,0,0,0,0,0,0,0,0,,0,,,0,0,0,0,0,0,,0,4,4,33,0,0,0,0,0,1,0.544982109335251,0,0.0,0.0909090909090909,,,0,3.3,7.3
2004,REG,00-0022864,L.McCown,Luke McCown,QB,QB,"https://static.www.nfl.com/image/private/f_auto,q_auto/league/pj2lbdhplppzlywlzsbr",5,CLE,48,98,608,4,7,13,131,1,0,0,0,19,-42.9821209623447,1,0.0,0.0305343637216886,5,25,0,1,0,2,0.0466833815444261,0,0,0,0,0,0,0,0,0,0,,0,,,,,0,30.82,30.82
2004,REG,00-0022872,,Cedric Cobbs,RB,RB,,3,NE,0,0,0,0,0,0,0,0,0,0,0,0,,0,,,22,50,0,1,1,3,-8.64496211282676,0,0,0,0,0,0,0,0,0,0,,0,,,,,0,3.0,3.0
2004,REG,00-0022873,,Johnnie Morant,WR,WR,,1,LV,0,0,0,0,0,0,0,0,0,0,0,0,,0,,,0,0,0,0,0,0,,0,1,1,20,0,0,0,0,0,1,2.79464978142642,0,0.0,0.0416666666666667,,,0,2.0,3.0
2004,REG,00-0022883,,Adimchinobe Echemandu,RB,RB,,3,CLE,0,1,0,0,0,0,0,0,0,0,0,0,-0.363700849586166,0,,,8,25,0,1,1,2,-5.54037043976132,0,3,3,25,0,0,0,0,0,1,-0.826879623578861,0,0.0,0.15,,,0,3.0,6.0
2004,REG,00-0022887,,Colby Bockwoldt,LB,LB,,1,NO,0,0,0,0,0,0,0,0,0,0,0,0,,0,,,0,0,0,0,0,0,,0,0,0,0,0,0,0,0,0,0,,0,,,,,1,6.0,6.0
2004,REG,00-0022889,,Reggie Williams,WR,WR,,13,JAX,0,0,0,0,0,0,0,0,0,0,0,0,,0,,,0,0,0,0,0,0,,0,27,27,268,1,1,1,0,0,14,14.8077373738052,2,0.0,0.1125,,,0,34.8,61.8
2004,REG,00-0022892,,Rashaun Woods,WR,WR,,4,SF,0,0,0,0,0,0,0,0,0,0,0,0,,0,,,0,0,0,0,0,0,,0,7,7,160,1,0,0,0,0,6,11.0456983796321,0,0.0,0.0958904109589041,,,0,22.0,29.0
2004,REG,00-0022893,,Tatum Bell,RB,RB,,9,DEN,0,0,0,0,0,0,0,0,0,0,0,0,,0,,,75,396,3,0,0,18,10.257883058261,0,5,5,80,0,1,0,0,0,1,-3.12068196111183,0,0.0,0.0649350649350649,,,0,65.6,70.6
2004,REG,00-0022897,,Greg Jones,RB,RB,,14,JAX,0,0,0,0,0,0,0,0,0,0,0,0,,0,,,62,162,3,1,0,14,-4.8273064691457,0,3,3,13,0,0,0,0,0,1,-0.17926807445474,0,0.0,0.0365853658536585,,,0,35.5,38.5
2004,REG,00-0022901,,Ernest Wilford,WR,WR,,11,JAX,0,0,0,0,0,0,0,0,0,0,0,0,,0,,,0,0,0,0,0,0,,0,19,19,271,2,0,0,0,0,11,28.1253039366088,1,0.0,0.0871559633027523,,,0,41.1,60.1
2004,REG,00-0022907,,Nate Lawrie,TE,TE,,1,TB,0,0,0,0,0,0,0,0,0,0,0,0,,0,,,0,0,0,0,0,0,,0,1,1,15,0,0,0,0,0,1,0.98892067419365,0,0.0,0.0625,,,0,1.5,2.5
2004,REG,00-0022909,,Roy Williams,WR,WR,,14,DET,0,1,0,0,0,0,0,0,0,0,0,0,-0.771140244556591,0,,,1,1,0,0,0,0,-0.532635488547385,0,54,54,817,8,1,1,0,0,34,66.5153620117571,0,0.0,0.21259842519685,,,0,127.8,181.8
2004,REG,00-0022910,,Lee Evans,WR,WR,,15,BUF,0,0,0,0,0,0,0,0,0,0,0,0,,0,,,5,85,0,0,0,4,5.93711476714816,0,48,48,843,9,1,1,0,0,38,85.7375509708072,0,0.0,0.198347107438017,,,0,144.8,192.8
2004,REG,00-0022912,,J.P. Losman,QB,QB,,3,BUF,3,5,32,0,1,1,0,1,1,0,0,2,-2.19699606744689,0,0.0,0.0240355028589626,2,15,0,0,0,1,0.998477861983702,0,0,0,0,0,0,0,0,0,0,,0,,,,,0,-1.22,-1.22
2004,REG,00-0022916,,Ben Troupe,TE,TE,,13,TEN,0,0,0,0,0,0,0,0,0,0,0,0,,0,,,0,0,0,0,0,0,,0,33,33,329,1,2,0,0,0,13,17.8790625894812,0,0.0,0.104761904761905,,,0,38.9,71.9
2004,REG,00-0022921,L.Fitzgerald,Larry Fitzgerald,WR,WR,"https://static.www.nfl.com/image/private/f_auto,q_auto/league/ycgjjaad5un42gy4pnga",16,ARI,0,0,0,0,0,1,7,0,0,0,0,0,-1.2135649244301,0,,,8,14,0,0,0,3,-1.56509404501412,0,58,58,780,8,1,0,0,0,36,72.0981187939614,0,0.0,0.2,,,0,127.4,185.4
2004,REG,00-0022922,,Kellen Winslow,TE,TE,,2,CLE,0,0,0,0,0,0,0,0,0,0,0,0,,0,,,0,0,0,0,0,0,,0,5,5,50,0,0,0,0,0,3,4.58678546478041,0,0.0,0.217391304347826,,,0,5.0,10.0
2004,REG,00-0022924,B.Roethlisberger,Ben Roethlisberger,QB,QB,"https://static.www.nfl.com/image/private/f_auto,q_auto/league/vziogpnyp9d0xtpiuqhr",14,PIT,196,295,2621,17,11,30,213,1,1,0,0,130,59.6799493616601,0,0.0,0.130520187047366,56,144,1,1,1,12,-17.3778078745527,0,0,0,0,0,0,0,0,0,0,,0,,,,,0,167.24,167.24
2004,REG,00-0022926,,Chris Perry,RB,RB,,2,CIN,0,0,0,0,0,0,0,0,0,0,0,0,,0,,,2,1,0,0,0,0,-1.22881603427231,0,3,3,33,0,0,0,0,0,2,3.58116828138009,0,0.0,0.075,,,0,3.4,6.4
2004,REG,00-0022942,P.Rivers,Philip Rivers,QB,QB,"https://static.www.nfl.com/image/private/f_auto,q_auto/league/voakyrtj34sghkwxaxxf",2,LAC,5,8,33,1,0,0,0,0,0,0,0,3,1.14483810873935,0,0.0,0.0295328062898561,5,-5,0,1,0,0,-4.82029739726568,0,0,0,0,0,0,0,0,0,0,,0,,,,,0,4.82,4.82
2004,REG,00-0022943,B.Watson,Benjamin Watson,TE,TE,"https://static.www.nfl.com/image/private/f_auto,q_auto/league/dorymozpdnrllkqlfzpu",1,NE,0,0,0,0,0,0,0,0,0,0,0,0,,0,,,0,0,0,0,0,0,,0,2,2,16,0,0,0,0,0,1,1.34355462016538,0,0.0,0.0769230769230769,,,0,1.6,3.6
2004,POST,00-0001215,,Jerome Bettis,RB,RB,,2,PIT,0,0,0,0,0,0,0,0,0,0,0,0,,0,,,44,165,2,2,2,7,-8.88867000516152,0,1,1,21,0,0,0,0,0,1,1.55147576867603,0,0.0,0.0588235294117647,,,0,26.6,27.6
2004,POST,00-0002068,,Troy Brown,WR,WR,,3,NE,0,0,0,0,0,0,0,0,0,0,0,0,,0,,,0,0,0,0,0,0,,0,5,5,41,0,0,0,0,0,3,2.72141965659102,0,0.0,0.0909090909090909,,,0,4.1,9.1
2004,POST,00-0002099,,Isaac Bruce,WR,WR,,1,LA,0,0,0,0,0,0,0,0,0,0,0,0,,0,,,1,1,0,0,0,0,-0.528828103560954,0,3,3,40,0,0,0,0,0,2,3.86566353612579,0,0.0,0.166666666666667,,,0,4.1,7.1
2004,POST,00-0002709,,Dwayne Carswell,G,OL,,1,DEN,0,0,0,0,0,0,0,0,0,0,0,0,,0,,,0,0,0,0,0,0,,0,1,1,15,0,0,0,0,0,1,1.3091534092091,0,0.0,0.0416666666666667,,,0,1.5,2.5
2004,POST,00-0003103,,Cameron Cleeland,TE,TE,,1,LA,0,0,0,0,0,0,0,0,0,0,0,0,,0,,,0,0,0,0,0,0,,0,1,1,17,1,0,0,0,0,1,3.54288674605778,0,0.0,0.0555555555555556,,,0,7.7,8.7
2004,POST,00-0003739,,Daunte Culpepper,QB,QB,,2,MIN,43,75,600,5,2,7,51,1,0,0,0,23,9.60226173226472,0,0.0,0.123626770825911,11,79,1,0,0,5,7.7389102774323,0,0,0,0,0,0,0,0,0,0,,0,,,,,0,53.9,53.9
2004,POST,00-0004229,,Koy Detmer,QB,QB,,1,PHI,1,1,3,0,0,0,0,0,0,0,0,0,-1.82349572773092,0,0.0,,0,0,0,0,0,0,,0,0,0,0,0,0,0,0,0,0,,0,,,,,0,0.12,0.12
2004,POST,00-0004304,,Corey Dillon,RB,RB,,3,NE,0,0,0,0,0,0,0,0,0,0,0,0,,0,,,65,292,2,0,0,14,2.06783679370634,0,9,9,53,0,0,0,0,0,2,-0.302600906696171,0,0.0,0.163636363636364,,,0,46.5,55.5
2004,POST,00-0004541,,Donald Driver,WR,WR,,1,GB,0,0,0,0,0,0,0,0,0,0,0,0,,0,,,0,0,0,0,0,0,,0,7,7,78,0,0,0,0,0,5,5.76746886328328,0,0.0,0.318181818181818,,,0,7.8,14.8
2004,POST,00-0004640,,Warrick Dunn,RB,RB,,2,ATL,1,1,2,0,0,0,0,0,0,0,0,0,-0.235457708593458,0,0.0,,32,201,3,0,0,8,5.4931928814186,0,2,2,6,0,0,0,0,0,0,-0.44820912135765,0,0.0,0.0833333333333333,,,0,38.78,40.78
2004,POST,00-0004915,,Bobby Engram,WR,WR,,1,SEA,0,0,0,0,0,0,0,0,0,0,0,0,,0,,,0,0,0,0,0,0,,0,3,3,34,1,0,0,0,0,1,2.48245361598674,0,0.0,0.111111111111111,,,0,9.4,12.4
2004,POST,00-0005091,,Kevin Faulk,RB,RB,,3,NE,0,0,0,0,0,0,0,0,0,0,0,0,,0,,,22,114,0,0,0,6,0.334681124135386,0,3,3,38,0,0,0,0,0,3,4.75430292193778,0,0.0,0.0731707317073171,,,0,15.2,18.2
2004,POST,00-0005092,,Marshall Faulk,RB,RB,,2,LA,0,0,0,0,0,0,0,0,0,0,0,0,,0,,,20,85,1,0,0,4,2.31640035304008,0,6,6,43,0,0,0,0,0,2,-1.06232531258138,0,0.0,0.146341463414634,,,0,18.8,24.8
2004,POST,00-0005101,,Christian Fauria,TE,TE,,2,NE,0,0,0,0,0,0,0,0,0,0,0,0,,0,,,0,0,0,0,0,0,,0,2,2,26,0,0,0,0,0,1,2.80747784557752,0,0.0,0.0625,,,0,2.6,4.6
2004,POST,00-0005106,,Brett Favre,QB,QB,,1,GB,22,33,216,1,4,2,15,0,0,0,0,13,-7.2632760198145,0,0.0,0.0250568669264732,3,7,0,1,0,0,-1.63602706336728,0,0,0,0,0,0,0,0,0,0,,0,,,,,0,5.34,5.34
2004,POST,00-0005231,,Brian Finneran,WR,WR,,2,ATL,0,0,0,0,0,0,0,0,0,0,0,0,,0,,,0,0,0,0,0,0,,0,3,3,37,0,0,0,0,0,2,3.62625990342349,0,0.0,0.125,,,0,3.7,6.7
2004,POST,00-0005589,,Gus Frerotte,QB,QB,,1,MIN,0,1,0,0,0,0,0,0,0,0,0,0,-2.58053783269133,0,,,0,0,0,0,0,0,,0,0,0,0,0,0,0,0,0,0,,0,,,,,0,0.0,0.0
2004,POST,00-0006305,,Ahman Green,RB,RB,,1,GB,0,0,0,0,0,0,0,0,0,0,0,0,,0,,,20,80,0,0,0,5,0.464183132338803,0,2,2,16,0,0,0,0,0,1,0.674631134374067,0,0.0,0.0909090909090909,,,0,9.6,11.6
2004,POST,00-0006804,,Patrick Hape,TE,TE,,1,DEN,0,0,0,0,0,0,0,0,0,0,0,0,,0,,,0,0,0,0,0,0,,0,2,2,8,0,0,0,0,0,0,-0.132356072310358,0,0.0,0.0833333333333333,,,0,0.8,2.8
2004,POST,00-0007024,,Marvin Harrison,WR,WR,,2,IND,0,0,0,0,0,0,0,0,0,0,0,0,,0,,,0,0,0,0,0,0,,0,9,9,94,0,0,0,0,0,5,5.53452151559759,0,0.0,0.166666666666667,,,0,9.4,18.4
2004,POST,00-0007091,,Matt Hasselbeck,QB,QB,"https://static.www.nfl.com/image/private/f_auto,q_auto/league/t1nf9avoy2kauqwrvzza",1,SEA,27,43,341,2,1,3,9,0,0,0,0,15,4.61036532532338,0,0.0,0.114401044720057,2,26,0,0,0,1,1.80792764754733,0,0,0,0,0,0,0,0,0,0,,0,,,,,0,22.24,22.24
2004,POST,00-0007254,,William Henderson,FB,RB,,1,GB,0,0,0,0,0,0,0,0,0,0,0,0,,0,,,0,0,0,0,0,0,,0,3,3,27,0,0,0,0,0,1,1.32242135866545,0,0.0,0.136363636363636,,,0,2.7,5.7
2004,POST,00-0007681,,Torry Holt,WR,WR,,2,LA,0,0,0,0,0,0,0,0,0,0,0,0,,0,,,0,0,0,0,0,0,,0,8,8,150,2,0,0,0,0,8,20.7638503824128,0,0.0,0.195121951219512,,,0,27.0,35.0
2004,POST,00-0008241,,Edgerrin James,RB,RB,,2,IND,0,0,0,0,0,0,0,0,0,0,0,0,,0,,,32,102,1,0,0,5,-4.32801578496583,0,9,9,80,0,0,0,0,0,5,5.02535616169917,0,0.0,0.166666666666667,,,0,24.2,33.2
2004,POST,00-0009829,,Dorsey Levens,RB,RB,,3,PHI,0,0,0,0,0,0,0,0,0,0,0,0,,0,,,17,55,1,0,0,3,-2.31335959610719,0,3,3,7,0,0,0,0,0,0,-4.70807100529783,0,0.0,0.0769230769230769,,,0,12.2,15.2
2004,POST,00-0009842,,Chad Lewis,TE,TE,,1,PHI,0,0,0,0,0,0,0,0,0,0,0,0,,0,,,0,0,0,0,0,0,,0,4,4,20,2,0,0,0,0,3,3.00861255882774,0,0.0,0.222222222222222,,,0,14.0,18.0
2004,POST,00-0010346,,Peyton Manning,QB,QB,"https://static.www.nfl.com/image/private/f_auto,q_auto/league/xpcd6auodk3w0vda6jal",2,IND,54,75,695,4,2,2,12,1,0,0,0,35,27.2396691193281,0,0.0,0.177519241254139,2,8,1,0,0,1,2.8142438447685,0,0,0,0,0,0,0,0,0,0,,0,,,,,0,46.6,46.6
2004,POST,00-0010442,,Curtis Martin,RB,RB,,2,NYJ,0,0,0,0,0,0,0,0,0,0,0,0,,0,,,37,143,0,0,0,3,-4.05458309414098,0,8,8,76,0,0,0,0,0,4,5.56098755600397,0,0.0,0.181818181818182,,,0,21.9,29.9
2004,POST,00-0010668,,Keenan McCardell,WR,WR,,1,LAC,0,0,0,0,0,0,0,0,0,0,0,0,,0,,,0,0,0,0,0,0,,0,4,4,50,1,0,0,0,0,1,3.99176333798096,0,0.0,0.129032258064516,,,0,11.0,15.0
2004,POST,00-0010747,,Fred McCrary,RB,RB,,1,ATL,0,0,0,0,0,0,0,0,0,0,0,0,,0,,,0,0,0,0,0,0,,0,1,1,3,0,0,0,0,0,0,-0.588569708168507,0,0.0,0.0909090909090909,,,0,0.3,1.3
2004,POST,00-0011022,,Donovan McNabb,QB,QB,,3,PHI,68,110,823,8,3,7,46,1,0,0,0,41,24.5594112257696,0,0.0,0.139094089370588,14,35,0,1,0,2,-0.803711395477876,0,0,0,0,0,0,0,0,0,0,,0,,,,,0,62.42,62.42
2004,POST,00-0011224,,Itula Mili,TE,TE,,1,SEA,0,0,0,0,0,0,0,0,0,0,0,0,,0,,,0,0,0,0,0,0,,0,6,6,98,0,0,0,0,0,5,5.51780883368338,0,0.0,0.222222222222222,,,0,9.8,15.8
2004,POST,00-0011754,,Randy Moss,WR,WR,,2,MIN,0,0,0,0,0,0,0,0,0,0,0,0,,0,,,0,0,0,0,0,0,,0,7,7,121,2,0,0,0,0,5,14.6914581655874,0,0.0,0.162790697674419,,,0,24.1,31.1
2004,POST,00-0011958,,Lorenzo Neal,FB,RB,,1,LAC,0,0,0,0,0,0,0,0,0,0,0,0,,0,,,1,3,0,0,0,1,-0.0347021629568189,0,0,0,0,0,0,0,0,0,0,,0,,,,,0,0.3,0.3
2004,POST,00-0012478,,Terrell Owens,WR,WR,,1,PHI,0,0,0,0,0,0,0,0,0,0,0,0,,0,,,0,0,0,0,0,0,,0,9,9,122,0,0,0,0,0,5,11.8906700270018,0,0.0,0.3,,,0,12.2,21.2
2004,POST,00-0012642,,David Patten,WR,WR,,2,NE,0,0,0,0,0,0,0,0,0,0,0,0,,0,,,0,0,0,0,0,0,,0,2,2,20,0,0,0,0,0,2,3.13545845332555,0,0.0,0.0625,,,0,2.0,4.0
2004,POST,00-0013042,,Jake Plummer,QB,QB,,1,DEN,24,34,284,2,1,3,24,0,0,0,0,14,11.7068977991974,0,0.0,0.147919465926747,1,0,0,0,0,0,-1.28890359844081,0,0,0,0,0,0,0,0,0,0,,0,,,,,0,17.36,17.36
2004,POST,00-0013080,,Marcus Pollard,TE,TE,,2,IND,0,0,0,0,0,0,0,0,0,0,0,0,,0,,,0,0,0,0,0,0,,0,3,3,30,0,0,0,0,0,1,0.635322503745556,0,0.0,0.0555555555555556,,,0,3.0,6.0
2004,POST,00-0013232,,Peerless Price,WR,WR,,2,ATL,0,0,0,0,0,0,0,0,0,0,0,0,,0,,,0,0,0,0,0,0,,0,5,5,59,1,0,0,0,0,3,7.45050902024377,0,0.0,0.208333333333333,,,0,11.9,16.9
2004,POST,00-0013422,,Walter Rasby,TE,TE,,1,PIT,0,0,0,0,0,0,0,0,0,0,0,0,,0,,,0,0,0,0,0,0,,0,1,1,6,0,0,0,0,0,0,-0.0244645457714796,0,0.0,0.0714285714285714,,,0,0.6,1.6
2004,POST,00-0013888,,Marcus Robinson,WR,WR,,2,MIN,0,0,0,0,0,0,0,0,0,0,0,0,,0,,,0,0,0,0,0,0,,0,6,6,123,1,0,0,0,0,3,12.6599234813475,0,0.0,0.13953488372093,,,0,18.3,24.3
2004,POST,00-0014071,,Allen Rossum,DB,DB,,1,ATL,0,0,0,0,0,0,0,0,0,0,0,0,,0,,,0,0,0,0,0,0,,0,0,0,0,0,0,0,0,0,0,,0,,,,,1,6.0,6.0
2004,POST,00-0015290,,Rod Smith,WR,WR,,1,DEN,0,0,0,0,0,0,0,0,0,0,0,0,,0,,,0,0,0,0,0,0,,0,7,7,99,1,0,0,0,0,6,8.80749232479138,0,0.0,0.291666666666667,,,0,15.9,22.9
2004,POST,00-0015420,,Jerald Sowell,FB,RB,,1,NYJ,0,0,0,0,0,0,0,0,0,0,0,0,,0,,,0,0,0,0,0,0,,0,3,3,11,0,0,0,0,0,1,-1.3166480094369,0,0.0,0.142857142857143,,,0,1.1,4.1
2004,POST,00-0015523,,Duce Staley,RB,RB,,2,PIT,0,0,0,0,0,0,0,0,0,0,0,0,,0,,,21,80,0,0,0,4,-0.929787066066638,0,0,0,0,0,0,0,0,0,0,,0,,,,,0,8.0,8.0
2004,POST,00-0015754,,Brandon Stokley,WR,WR,,2,IND,0,0,0,0,0,0,0,0,0,0,0,0,,0,,,0,0,0,0,0,0,,0,10,10,97,0,0,0,0,0,8,6.14383704046486,0,0.0,0.185185185185185,,,0,9.7,19.7
2004,POST,00-0015830,,Mack Strong,FB,RB,,1,SEA,0,0,0,0,0,0,0,0,0,0,0,0,,0,,,1,6,0,0,0,1,-0.0010582817485556,0,0,0,0,0,0,0,0,0,0,,0,,,,,0,0.6,0.6
2004,POST,00-0016677,,Jerame Tuman,TE,TE,,1,PIT,0,0,0,0,0,0,0,0,0,0,0,0,,0,,,0,0,0,0,0,0,,0,1,1,8,0,0,0,0,0,1,0.669588103424758,0,0.0,0.0714285714285714,,,0,0.8,1.8
2004,POST,00-0016960,,Mike Vrabel,OLB,LB,,1,NE,0,0,0,0,0,0,0,0,0,0,0,0,,0,,,0,0,0,0,0,0,,0,1,1,2,1,0,0,0,0,1,0.944064992771018,0,0.0,0.0434782608695652,,,0,6.2,7.2
2004,POST,00-0017162,,Hines Ward,WR,WR,,2,PIT,0,0,0,0,0,0,0,0,0,0,0,0,,0,,,0,0,0,0,0,0,,0,15,15,214,2,0,0,0,0,12,20.343461646873,0,0.0,0.483870967741936,,,0,33.4,48.4
2004,POST,00-0017644,,Jermaine Wiggins,TE,TE,,2,MIN,0,0,0,0,0,0,0,0,0,0,0,0,,0,,,0,0,0,0,0,0,,0,5,5,58,0,0,0,0,0,2,2.82509923073447,0,0.0,0.116279069767442,,,0,5.8,10.8
2004,POST,00-0017892,,Moe Williams,RB,RB,,1,MIN,0,0,0,0,0,0,0,0,0,0,0,0,,0,,,0,0,0,0,0,0,,0,2,2,72,1,0,0,0,0,1,5.88405512378085,0,0.0,0.105263157894737,,,0,13.2,15.2
2004,POST,00-0017896,,Nicolas Luchey,RB,RB,,1,GB,0,0,0,0,0,0,0,0,0,0,0,0,,0,,,0,0,0,0,0,0,,0,2,2,10,0,0,0,0,0,0,0.158393753285054,0,0.0,0.0909090909090909,,,0,1.0,3.0
2004,POST,00-0019242,,Dane Looker,WR,WR,,1,LA,0,0,0,0,0,0,0,0,0,0,0,0,,0,,,1,11,0,0,0,1,0.81404326390475,0,3,3,38,0,0,0,0,0,2,3.90466902963817,0,0.0,0.130434782608696,,,0,4.9,7.9
2004,POST,00-0019457,,Anthony Becht,TE,TE,,2,NYJ,0,0,0,0,0,0,0,0,0,0,0,0,,0,,,0,0,0,0,0,0,,0,3,3,28,1,0,0,0,0,2,4.23233192577027,0,0.0,0.0681818181818182,,,0,8.8,11.8
2004,POST,00-0019533,,Patrick Pass,RB,RB,,2,NE,0,0,0,0,0,0,0,0,0,0,0,0,,0,,,1,0,0,0,0,0,-0.435905027319677,0,1,1,14,0,0,0,0,0,1,1.82814590830822,0,0.0,0.0555555555555556,,,0,1.4,2.4
2004,POST,00-0019559,,Chad Pennington,QB,QB,,2,NYJ,44,66,461,2,1,5,26,0,0,0,0,25,7.55172921586659,0,0.0,0.0747743426142695,5,13,0,0,0,0,0.0563323056832559,0,0,0,0,0,0,0,0,0,0,,0,,,,,0,25.74,25.74
2004,POST,00-0019596,T.Brady,Tom Brady,QB,QB,"https://static.www.nfl.com/image/private/f_auto,q_auto/league/q7dpdlxyu5rs05rgh1le",3,NE,55,81,587,5,0,7,57,1,1,0,0,32,19.8789225113345,0,0.0,0.134238374541897,7,3,1,0,0,2,-2.68271810011356,0,0,0,0,0,0,0,0,0,0,,0,,,,,0,47.78,47.78
2004,POST,00-0019599,,Marc Bulger,QB,QB,,2,LA,41,67,612,4,2,9,56,1,1,0,0,29,18.8977851152511,0,0.0,0.153282828936864,4,14,0,0,0,0,0.376769022686047,0,0,0,0,0,0,0,0,0,0,,0,,,,,0,35.88,35.88
2004,POST,00-0019606,,Todd Pinkston,WR,WR,,3,PHI,0,0,0,0,0,0,0,0,0,0,0,0,,0,,,0,0,0,0,0,0,,0,8,8,141,0,0,0,0,0,7,9.76299736669171,0,0.0,0.115942028985507,,,0,14.1,22.1
2004,POST,00-0019610,,Reuben Droughns,RB,RB,,1,DEN,0,0,0,0,0,0,0,0,0,0,0,0,,0,,,8,29,0,0,0,1,-1.11030540452339,0,4,4,28,0,0,0,0,0,1,2.41593841672875,0,0.0,0.166666666666667,,,0,5.7,9.7
2004,POST,00-0019642,,Plaxico Burress,WR,WR,,2,PIT,0,0,0,0,0,0,0,0,0,0,0,0,,0,,,0,0,0,0,0,0,,0,5,5,65,1,0,0,0,0,5,7.98669931155746,0,0.0,0.161290322580645,,,0,12.5,17.5
2004,POST,00-0019644,,Bubba Franks,TE,TE,,1,GB,0,0,0,0,0,0,0,0,0,0,0,0,,0,,,0,0,0,0,0,0,,0,2,2,32,1,0,0,0,0,2,4.61947889399016,0,0.0,0.0909090909090909,,,0,9.2,11.2
2004,POST,00-0019647,,Shaun Alexander,RB,RB,,1,SEA,0,0,0,0,0,0,0,0,0,0,0,0,,0,,,15,40,0,0,0,3,-2.79201595182531,0,1,1,25,0,0,0,0,0,1,1.40398016711697,0,0.0,0.037037037037037,,,0,6.5,7.5
2004,POST,00-0019660,,Dez White,WR,WR,,2,ATL,0,0,0,0,0,0,0,0,0,0,0,0,,0,,,0,0,0,0,0,0,,0,2,2,10,0,0,0,0,0,0,-0.471523416694254,0,0.0,0.0833333333333333,,,0,1.0,3.0
2004,POST,00-0019663,,Darrell Jackson,WR,WR,,1,SEA,0,0,0,0,0,0,0,0,0,0,0,0,,0,,,0,0,0,0,0,0,,0,12,12,128,1,0,0,0,0,6,10.2289621574455,0,0.0,0.444444444444444,,,0,18.8,30.8
2004,POST,00-0019863,,Dominic Rhodes,RB,RB,,2,IND,0,0,0,0,0,0,0,0,0,0,0,0,,0,,,5,12,1,0,0,1,0.596295620605815,0,1,1,-2,0,1,1,0,0,0,-3.17025264189579,0,0.0,0.037037037037037,,,0,5.0,6.0
2004,POST,00-0019932,,Josh Parry,FB,RB,,3,PHI,0,0,0,0,0,0,0,0,0,0,0,0,,0,,,0,0,0,0,0,0,,0,3,3,12,0,1,0,0,0,0,-0.707818547205534,0,0.0,0.0434782608695652,,,0,1.2,4.2
2004,POST,00-0019997,,Antonio Chatman,WR,WR,,1,GB,0,0,0,0,0,0,0,0,0,0,0,0,,0,,,0,0,0,0,0,0,,0,2,2,25,0,0,0,0,0,2,1.98261230788194,0,0.0,0.0909090909090909,,,0,2.5,4.5
2004,POST,00-0020245,,Mike Vick,QB,QB,"https://static.www.nfl.com/image/private/f_auto,q_auto/league/hrg4riwhpjbijfovsjrk",2,ATL,23,40,218,2,1,5,47,0,0,0,0,8,-4.62824760255287,0,0.0,0.0598026710313782,12,145,0,2,1,3,4.22037418960826,0,1,1,2,0,0,0,0,0,0,-0.235457708593458,0,0.0,0.0769230769230769,,,0,27.42,28.42
2004,POST,00-0020285,,Alge Crumpler,TE,TE,,2,ATL,0,0,0,0,0,0,0,0,0,0,0,0,,0,,,0,0,0,0,0,0,,0,6,6,71,1,0,0,0,0,2,4.69283512566472,0,0.0,0.25,,,0,13.1,19.1
2004,POST,00-0020342,,Brandon Manumaleuna,TE,TE,,1,LA,0,0,0,0,0,0,0,0,0,0,0,0,,0,,,0,0,0,0,0,0,,0,1,1,18,0,0,0,0,0,1,1.6081266887486,0,0.0,0.0434782608695652,,,0,1.8,2.8
2004,POST,00-0020343,,Jonathan Carter,WR,WR,,1,NYJ,0,0,0,0,0,0,0,0,0,0,0,0,,0,,,0,0,0,0,0,0,,0,1,1,7,0,0,0,0,0,1,1.39404877042398,0,0.0,0.0434782608695652,,,0,0.7,1.7
2004,POST,00-0020381,,Justin McCareins,WR,WR,,2,NYJ,0,0,0,0,0,0,0,0,0,0,0,0,,0,,,0,0,0,0,0,0,,0,13,13,169,0,0,0,0,0,10,15.4683943671362,0,0.0,0.295454545454545,,,0,16.9,29.9
2004,POST,00-0020462,,LaMont Jordan,RB,RB,,2,NYJ,0,0,0,0,0,0,0,0,0,0,0,0,,0,,,12,80,0,0,0,4,1.80587884559725,0,4,4,24,0,0,0,0,0,1,0.208544617402367,0,0.0,0.0909090909090909,,,0,10.4,14.4
2004,POST,00-0020490,,Koren Robinson,WR,WR,,1,SEA,0,0,0,0,0,0,0,0,0,0,0,0,,0,,,0,0,0,0,0,0,,0,4,4,40,0,2,0,0,0,1,3.41386047797278,0,0.0,0.148148148148148,,,0,4.0,8.0
2004,POST,00-0020494,,Santana Moss,WR,WR,,2,NYJ,0,0,0,0,0,0,0,0,0,0,0,0,,0,,,0,0,0,0,0,0,,0,8,8,131,1,0,0,0,0,6,11.1086188175832,0,0.0,0.181818181818182,,,1,25.1,33.1
2004,POST,00-0020497,,Freddie Mitchell,WR,WR,,3,PHI,0,0,0,0,0,0,0,0,0,0,0,0,,0,,,0,0,0,0,0,0,,0,8,8,96,1,1,0,0,0,6,3.9916806955589,0,0.0,0.115942028985507,,,0,15.6,23.6
2004,POST,00-0020498,,Reggie Wayne,WR,WR,,2,IND,0,0,0,0,0,0,0,0,0,0,0,0,,0,,,0,0,0,0,0,0,,0,13,13,256,2,1,1,0,0,10,18.1408717331942,0,0.0,0.240740740740741,,,0,35.6,48.6
2004,POST,00-0020514,,Michael Bennett,RB,RB,,2,MIN,0,0,0,0,0,0,0,0,0,0,0,0,,0,,,17,68,0,0,0,5,-0.446968675474636,0,4,4,11,0,0,0,0,0,0,-0.893622710835189,0,0.0,0.0930232558139535,,,0,7.9,11.9
2004,POST,00-0020531,D.Brees,Drew Brees,QB,QB,"https://static.www.nfl.com/image/private/f_auto,q_auto/league/i20xlpzdmn7xubotijjd",1,LAC,31,42,319,2,1,2,11,1,0,0,0,11,7.74330734436595,0,0.0,0.118748905827262,5,17,0,0,0,3,1.19224986678455,0,0,0,0,0,0,0,0,0,0,,0,,,,,0,20.46,20.46
2004,POST,00-0020536,,LaDainian Tomlinson,RB,RB,,1,LAC,0,0,0,0,0,0,0,0,0,0,0,0,,0,,,26,80,0,0,0,7,-4.51048927344094,0,9,9,53,0,0,0,0,0,1,0.156515857391846,0,0.0,0.290322580645161,,,0,13.3,22.3
2004,POST,00-0020700,,James Mungro,RB,RB,,1,IND,0,0,0,0,0,0,0,0,0,0,0,0,,0,,,0,0,0,0,0,0,,0,1,1,2,1,0,0,0,0,1,2.01570496242493,0,0.0,0.037037037037037,,,0,6.2,7.2
2004,POST,00-0020754,,Kelly Campbell,WR,WR,,2,MIN,0,0,0,0,0,0,0,0,0,0,0,0,,0,,,0,0,0,0,0,0,,0,2,2,19,0,0,0,0,0,1,1.68808371608611,0,0.0,0.0465116279069768,,,0,1.9,3.9
2004,POST,00-0020904,,Eric Parker,WR,WR,,1,LAC,0,0,0,0,0,0,0,0,0,0,0,0,,0,,,1,0,0,0,0,0,-0.508101555984467,0,9,9,93,0,0,0,0,0,4,6.75834412232507,0,0.0,0.290322580645161,,,0,9.3,18.3
2004,POST,00-0020964,,Tony Fisher,RB,RB,,1,GB,0,0,0,0,0,0,0,0,0,0,0,0,,0,,,1,4,0,0,0,0,-0.764765705447644,0,2,2,1,0,0,0,0,0,0,-1.39422419996117,0,0.0,0.0909090909090909,,,0,0.5,2.5
2004,POST,00-0021100,,Jeb Putzier,TE,TE,,1,DEN,0,0,0,0,0,0,0,0,0,0,0,0,,0,,,0,0,0,0,0,0,,0,3,3,67,1,0,0,0,0,3,10.288813294319,0,0.0,0.125,,,0,12.7,15.7
2004,POST,00-0021152,,Ashley Lelie,WR,WR,,1,DEN,0,0,0,0,0,0,0,0,0,0,0,0,,0,,,0,0,0,0,0,0,,0,2,2,27,0,0,0,0,0,1,1.61927233310416,0,0.0,0.0833333333333333,,,0,2.7,4.7
2004,POST,00-0021153,,Javon Walker,WR,WR,,1,GB,0,0,0,0,0,0,0,0,0,0,0,0,,0,,,0,0,0,0,0,0,,0,2,2,27,0,0,0,0,0,2,2.39049109147163,0,0.0,0.0909090909090909,,,0,2.7,4.7
2004,POST,00-0021154,,Daniel Graham,TE,TE,,3,NE,0,0,0,0,0,0,0,0,0,0,0,0,,0,,,0,0,0,0,0,0,,0,3,3,16,0,0,0,0,0,1,0.854440690018237,0,0.0,0.0545454545454545,,,0,1.6,4.6
2004,POST,00-0021159,,Jerramy Stevens,TE,TE,,1,SEA,0,0,0,0,0,0,0,0,0,0,0,0,,0,,,0,0,0,0,0,0,,0,1,1,16,0,0,0,0,0,1,1.1596873884555,0,0.0,0.037037037037037,,,0,1.6,2.6
2004,POST,00-0021182,,Maurice Morris,RB,RB,,1,SEA,0,0,0,0,0,0,0,0,0,0,0,0,,0,,,2,9,0,0,0,2,0.671175967203453,0,0,0,0,0,0,0,0,0,0,,0,,,,,0,0.9,0.9
2004,POST,00-0021190,,Antwaan Randle El,RB,RB,,2,PIT,0,0,0,0,0,0,0,0,0,0,0,0,,0,,,0,0,0,0,0,0,,0,4,4,58,0,0,0,0,0,2,3.12676648295019,0,0.0,0.129032258064516,,,0,5.8,9.8
2004,POST,00-0021192,,Deion Branch,WR,WR,,3,NE,0,0,0,0,0,0,0,0,0,0,0,0,,0,,,3,41,1,0,0,2,5.99974404537352,0,16,16,264,1,0,0,0,0,10,25.5500734430389,0,0.0,0.290909090909091,,,0,42.5,58.5
2004,POST,00-0021213,,Chris Baker,TE,TE,,2,NYJ,0,0,0,0,0,0,0,0,0,0,0,0,,0,,,0,0,0,0,0,0,,0,4,4,15,0,0,0,0,0,0,-1.18466993054608,0,0.0,0.0909090909090909,,,0,1.5,5.5
2004,POST,00-0021216,,Brian Westbrook,RB,RB,,3,PHI,0,0,0,0,0,0,0,0,0,0,0,0,,0,,,43,210,0,0,0,12,-3.09952552363393,0,17,17,146,2,0,0,0,0,8,11.0670800324297,0,0.0,0.246376811594203,,,0,47.6,64.6
2004,POST,00-0021227,,Justin Peelle,TE,TE,,1,LAC,0,0,0,0,0,0,0,0,0,0,0,0,,0,,,0,0,0,0,0,0,,0,3,3,34,0,0,0,0,0,1,1.8218050180003,0,0.0,0.0967741935483871,,,0,3.4,6.4
2004,POST,00-0021252,,Najeh Davenport,RB,RB,,1,GB,0,0,0,0,0,0,0,0,0,0,0,0,,0,,,5,14,1,2,0,3,0.571865681209602,0,0,0,0,0,0,0,0,0,0,,0,,,,,0,7.4,7.4
2004,POST,00-0021279,,Verron Haynes,FB,RB,,2,PIT,0,0,0,0,0,0,0,0,0,0,0,0,,0,,,6,36,0,0,0,2,3.03332578486879,0,2,2,16,0,0,0,0,0,1,0.0370623825583607,0,0.0,0.0645161290322581,,,0,5.2,7.2
2004,POST,00-0021309,,Lee Mays,WR,WR,,1,PIT,0,0,0,0,0,0,0,0,0,0,0,0,,0,,,0,0,0,0,0,0,,0,2,2,19,0,0,0,0,0,2,2.00297645945102,0,0.0,0.117647058823529,,,0,1.9,3.9
2004,POST,00-0021353,,David Givens,WR,WR,,3,NE,0,0,0,0,0,0,0,0,0,0,0,0,,0,,,1,-2,0,0,0,0,-0.860502656665631,0,12,12,104,3,1,0,0,0,8,13.0235312457364,0,0.0,0.218181818181818,,,0,28.2,40.2
2004,POST,00-0021376,,T.J. Duckett,RB,RB,,2,ATL,0,0,0,0,0,0,0,0,0,0,0,0,,0,,,22,80,1,0,0,10,6.7036182677839,0,0,0,0,0,0,0,0,0,0,,0,,,,,0,14.0,14.0
2004,POST,00-0021508,,Greg Lewis,WR,WR,,3,PHI,0,0,0,0,0,0,0,0,0,0,0,0,,0,,,1,10,0,0,0,1,1.75452744564973,0,8,8,182,1,0,0,0,0,6,15.741137540841,0,0.0,0.115942028985507,,,0,25.2,33.2
2004,POST,00-0021547,A.Gates,Antonio Gates,TE,TE,"https://static.www.nfl.com/image/private/f_auto,q_auto/league/kndulvysinvn4tpvt0bc",1,LAC,0,0,0,0,0,0,0,0,0,0,0,0,,0,,,0,0,0,0,0,0,,0,6,6,89,1,0,0,0,0,4,6.45693038540776,0,0.0,0.193548387096774,,,0,14.9,20.9
2004,POST,00-0021636,,Sean Berton,TE,TE,,1,MIN,0,0,0,0,0,0,0,0,0,0,0,0,,0,,,0,0,0,0,0,0,,0,1,1,16,0,0,0,0,0,1,1.11640855867881,0,0.0,0.0416666666666667,,,0,1.6,2.6
2004,POST,00-0021981,,Shaun McDonald,WR,WR,,2,LA,0,0,0,0,0,0,0,0,0,0,0,0,,0,,,0,0,0,0,0,0,,0,5,5,68,0,0,0,0,0,3,3.67025856551481,0,0.0,0.121951219512195,,,0,6.8,11.8
2004,POST,00-0021993,,Bethel Johnson,WR,WR,,1,NE,0,0,0,0,0,0,0,0,0,0,0,0,,0,,,0,0,0,0,0,0,,0,1,1,9,0,0,0,0,0,0,0.754402763210237,0,0.0,0.0555555555555556,,,0,0.9,1.9
2004,POST,00-0021999,,Nate Burleson,WR,WR,,2,MIN,0,0,0,0,0,0,0,0,0,0,0,0,,0,,,0,0,0,0,0,0,,0,8,8,110,1,0,0,0,0,6,10.6825300024357,0,0.0,0.186046511627907,,,0,17.0,25.0
2004,POST,00-0022001,,Kevin Curtis,WR,WR,,2,LA,0,0,0,0,0,0,0,0,0,0,0,0,,0,,,0,0,0,0,0,0,,0,11,11,235,1,0,0,0,0,10,20.0548057513079,0,0.0,0.268292682926829,,,0,29.5,40.5
2004,POST,00-0022126,,L.J. Smith,TE,TE,,3,PHI,0,0,0,0,0,0,0,0,0,0,0,0,,0,,,0,0,0,0,0,0,,0,9,9,100,1,2,1,0,0,6,10.627202480624,0,0.0,0.130434782608696,,,0,14.0,23.0
2004,POST,00-0022138,,Onterrio Smith,RB,RB,,2,MIN,0,0,0,0,0,0,0,0,0,0,0,0,,0,,,18,73,0,0,0,3,-1.22599203969003,0,6,6,50,0,0,0,0,0,2,3.63803710578941,0,0.0,0.13953488372093,,,0,12.3,18.3
2004,POST,00-0022165,,Dallas Clark,TE,TE,,2,IND,0,0,0,0,0,0,0,0,0,0,0,0,,0,,,0,0,0,0,0,0,,0,8,8,138,1,0,0,0,0,5,10.8921204032376,0,0.0,0.148148148148148,,,0,19.8,27.8
2004,POST,00-0022217,,Mewelde Moore,RB,RB,,1,MIN,0,0,0,0,0,0,0,0,0,0,0,0,,0,,,1,0,0,0,0,0,-0.61067346285563,0,2,2,20,0,0,0,0,0,2,3.38723092526197,0,0.0,0.0833333333333333,,,0,2.0,4.0
2004,POST,00-0022736,,Steven Jackson,RB,RB,"https://static.www.nfl.com/image/private/f_auto,q_auto/league/abl5wejuf448xw3jtphm",2,LA,0,0,0,0,0,0,0,0,0,0,0,0,,0,,,19,68,0,0,0,3,-3.01234913122607,0,3,3,3,0,0,0,0,0,0,-1.4258511827793,0,0.0,0.0731707317073171,,,0,7.1,10.1
2004,POST,00-0022751,,Darius Watts,WR,WR,,1,DEN,0,0,0,0,0,0,0,0,0,0,0,0,,0,,,0,0,0,0,0,0,,0,1,1,8,0,0,0,0,0,1,0.850140856578946,0,0.0,0.0416666666666667,,,0,0.8,1.8
2004,POST,00-0022781,,Michael Jenkins,WR,WR,,2,ATL,0,0,0,0,0,0,0,0,0,0,0,0,,0,,,0,0,0,0,0,0,,0,3,3,26,0,0,0,0,0,1,1.26748576259706,0,0.0,0.125,,,0,2.6,5.6
2004,POST,00-0022811,,Jerricho Cotchery,WR,WR,"https://static.www.nfl.com/image/private/f_auto,q_auto/league/hkq2dmfj7mbgbuejiloy",1,NYJ,0,0,0,0,0,0,0,0,0,0,0,0,,0,,,1,0,0,0,0,0,-0.547084222314879,0,0,0,0,0,0,0,0,0,0,,0,,,,,0,0.0,0.0
2004,POST,00-0022893,,Tatum Bell,RB,RB,,1,DEN,0,0,0,0,0,0,0,0,0,0,0,0,,0,,,12,49,1,0,0,3,1.37124571070308,0,4,4,32,0,0,0,0,0,1,0.211475247808266,0,0.0,0.166666666666667,,,0,14.1,18.1
2004,POST,00-0022923,D.Hall,DeAngelo Hall,FS,DB,"https://static.www.nfl.com/image/private/f_auto,q_auto/league/yqzm0jpubsxcgkiqtaql",1,ATL,0,0,0,0,0,0,0,0,0,0,0,0,,0,,,0,0,0,0,0,0,,0,1,1,6,0,0,0,0,0,0,0.386620552046224,0,0.0,0.0769230769230769,,,0,0.6,1.6
2004,POST,00-0022924,B.Roethlisberger,Ben Roethlisberger,QB,QB,"https://static.www.nfl.com/image/private/f_auto,q_auto/league/vziogpnyp9d0xtpiuqhr",2,PIT,31,54,407,3,5,2,11,1,0,0,0,24,-12.2429536408615,0,0.0,0.0528429792077342,9,75,0,0,0,5,1.67775469609869,0,0,0,0,0,0,0,0,0,0,,0,,,,,0,25.78,25.78
2004,REG+POST,00-0000007,,Rabih Abdullah,RB,RB,,6,NE,0,0,0,0,0,0,0,0,0,0,0,0,,0,,,13,13,1,0,0,3,-5.65737364414963,0,1,1,9,0,0,0,0,0,0,-0.472900848602876,0,0.0,0.0526315789473684,,,0,8.2,9.2
2004,REG+POST,00-0000166,,Stephen Alexander,TE,TE,,15,DET,0,0,0,0,0,0,0,0,0,0,0,0,,0,,,0,0,0,0,0,0,,0,41,41,377,1,0,0,0,0,21,25.6852451037833,0,0.0,0.146428571428571,,,0,43.7,84.7
2004,REG+POST,00-0000251,,Mike Alstott,FB,RB,,14,TB,0,0,0,0,0,0,0,0,0,0,0,0,,0,,,67,230,2,1,1,19,-10.895651360479,0,29,29,202,0,1,1,0,0,11,4.75597483842501,0,0.0,0.102112676056338,,,0,51.2,80.2
2004,REG+POST,00-0000339,,Richie Anderson,FB,RB,,11,DAL,1,1,26,1,0,0,0,0,0,0,0,1,3.57966357411351,0,0.0,,57,246,1,1,1,11,-8.43967774068005,0,26,26,207,0,0,0,0,0,6,6.68182329461994,0,0.0,0.12037037037037,,,0,54.34,80.34
2004,REG+POST,00-0000552,,Obafemi Ayanbadejo,RB,RB,,13,ARI,0,0,0,0,0,0,0,0,0,0,0,0,,0,,,30,122,3,0,0,9,1.9178275838716,0,19,19,171,1,1,0,0,0,9,12.712924925482,0,0.0,0.1,,,0,53.3,72.3
2004,REG+POST,00-0000585,,Champ Bailey,CB,DB,,1,DEN,0,0,0,0,0,0,0,0,0,0,0,0,,0,,,0,0,0,0,0,0,,0,1,1,11,0,0,0,0,0,0,0.214461066294462,0,0.0,0.0555555555555556,,,0,1.1,2.1
2004,REG+POST,00-0000722,,Tony Banks,QB,QB,,2,HOU,1,2,16,0,0,0,0,0,0,0,0,1,1.09150528762257,0,0.0,,0,0,0,0,0,0,,0,0,0,0,0,0,0,0,0,0,,0,,,,,0,0.64,0.64
2004,REG+POST,00-0000745,,Tiki Barber,RB,RB,,16,NYG,0,0,0,0,0,0,0,0,0,0,0,0,,0,,,322,1518,13,5,2,77,-1.21635187274137,0,52,52,578,2,0,0,0,0,18,37.6584642254785,0,0.0,0.202334630350195,,,0,295.6,347.6
2004,REG+POST,00-0000849,,Mike Bartrum,LS,SPEC,,3,PHI,0,1,0,0,0,0,0,0,0,0,0,0,-0.709762919694185,0,,,0,0,0,0,0,0,,0,5,5,45,1,1,0,0,0,3,3.85905510923624,0,0.0,0.0833333333333333,,,0,10.5,15.5
2004,REG+POST,00-0000942,,Fred Beasley,RB,RB,,8,SF,0,0,0,0,0,0,0,0,0,0,0,0,,0,,,9,15,0,0,0,4,-2.39818732824642,0,10,10,44,0,0,0,0,0,1,0.170850653783418,0,0.0,0.0769230769230769,,,0,5.9,15.9
2004,REG+POST,00-0001098,,Brandon Bennett,RB,RB,,3,CAR,0,0,0,0,0,0,0,0,0,0,0,0,,0,,,6,17,1,0,0,2,-0.382089412014466,0,0,0,0,0,0,0,0,0,0,,0,,,,,0,7.7,7.7
2004,REG+POST,00-0001215,,Jerome Bettis,RB,RB,,16,PIT,1,1,10,1,0,0,0,0,0,0,0,1,2.7614533987944,0,0.0,,294,1106,15,3,2,57,-13.4047478550281,0,7,7,67,0,0,0,0,0,3,3.63897912652465,0,0.0,0.0823529411764706,,,0,207.7,214.7
2004,REG+POST,00-0001335,,Jeff Blake,QB,QB,,3,PHI,18,37,126,1,1,2,17,1,1,0,0,7,-19.1958916318836,0,0.0,0.0325047706763881,3,6,0,0,0,0,-0.0919284599367529,0,0,0,0,0,0,0,0,0,0,,0,,,,,0,5.64,5.64
2004,REG+POST,00-0001361,,Drew Bledsoe,QB,QB,,16,BUF,256,449,2932,20,16,38,230,4,3,0,0,144,-16.2887076026472,0,0.0,0.0428493148783175,20,52,0,5,2,3,-19.7045292060066,0,0,0,0,0,0,0,0,0,0,,0,,,,,0,160.48,160.48
2004,REG+POST,00-0001477,,Marty Booker,WR,WR,,15,MIA,1,1,48,0,0,0,0,0,0,0,0,1,2.89125341398176,0,0.0,,1,-8,0,0,0,0,-1.54611030314118,0,50,50,638,1,0,0,0,0,30,55.88626325619,0,0.0,0.170648464163823,,,0,70.92,120.92
2004,REG+POST,00-0001627,,Corey Bradford,WR,WR,,12,HOU,0,0,0,0,0,0,0,0,0,0,0,0,,0,,,0,0,0,0,0,0,,0,27,27,399,3,0,0,0,0,20,39.9957326643635,0,0.0,0.115384615384615,,,0,57.9,84.9
2004,REG+POST,00-0001661,,Kyle Brady,TE,TE,,9,JAX,0,0,0,0,0,0,0,0,0,0,0,0,,0,,,0,0,0,0,0,0,,0,14,14,103,1,0,0,0,0,6,8.10974288044963,0,0.0,0.089171974522293,,,0,16.3,30.3
2004,REG+POST,00-0001823,,Aaron Brooks,QB,QB,,16,NO,309,542,3810,21,16,42,226,7,1,0,0,177,19.8528250840823,1,0.0,0.0714646229010793,57,199,4,6,1,14,-0.701203408206402,0,1,1,1,0,0,0,0,0,0,-1.01059017226057,0,0.0,0.0625,,,0,246.4,247.4
2004,REG+POST,00-0002058,,Tim Brown,WR,WR,,10,TB,0,0,0,0,0,0,0,0,0,0,0,0,,0,,,0,0,0,0,0,0,,0,24,24,200,1,2,1,0,0,8,6.23499647218673,0,0.0,0.105263157894737,,,0,24.0,48.0
2004,REG+POST,00-0002068,,Troy Brown,WR,WR,,11,NE,0,0,0,0,0,0,0,0,0,0,0,0,,0,,,0,0,0,0,0,0,,0,22,22,225,1,0,0,0,0,14,21.8613520264626,0,0.0,0.105263157894737,,,0,28.5,50.5
2004,REG+POST,00-0002099,,Isaac Bruce,WR,WR,,17,LA,0,2,0,0,0,0,0,0,0,0,0,0,-0.975259382277727,0,,,1,1,0,0,0,0,-0.528828103560954,0,92,92,1332,6,5,4,0,0,66,95.5577571926354,0,0.0,0.235897435897436,,,0,161.3,253.3
2004,REG+POST,00-0002102,,Mark Bruener,TE,TE,,4,HOU,0,0,0,0,0,0,0,0,0,0,0,0,,0,,,0,0,0,0,0,0,,0,4,4,52,0,0,0,0,0,2,3.75247846863931,0,0.0,0.0444444444444444,,,0,5.2,9.2
2004,REG+POST,00-0002110,,Mark Brunell,QB,QB,,9,WAS,118,237,1194,7,6,15,105,4,2,0,0,66,-59.6375916129578,1,0.0,0.0253645842929756,19,62,0,2,1,2,-12.9423205710872,0,0,0,0,0,0,0,0,0,0,,0,,,,,0,65.96,65.96
2004,REG+POST,00-0002159,,Shawn Bryson,RB,RB,,16,DET,0,0,0,0,0,0,0,0,0,0,0,0,,0,,,50,264,0,0,0,15,2.3347385636589,0,44,44,322,0,1,1,0,25,13,4.2963385636763,0,0.0,0.162361623616236,,,0,56.6,100.6
2004,REG+POST,00-0002380,,Steve Bush,RB,RB,,1,SF,0,0,0,0,0,0,0,0,0,0,0,0,,0,,,0,0,0,0,0,0,,0,2,2,10,1,0,0,0,0,1,3.02088606043253,0,0.0,0.111111111111111,,,0,7.0,9.0
2004,REG+POST,00-0002565,,Dan Campbell,TE,TE,,2,DAL,0,0,0,0,0,0,0,0,0,0,0,0,,0,,,0,0,0,0,0,0,,0,2,2,16,0,0,0,0,0,1,0.846668028505519,0,0.0,0.0526315789473684,,,0,1.6,3.6
2004,REG+POST,00-0002586,,Mark Campbell,TE,TE,,7,BUF,0,0,0,0,0,0,0,0,0,0,0,0,,0,,,0,0,0,0,0,0,,0,17,17,203,5,1,0,0,0,11,22.6272329529165,0,0.0,0.138211382113821,,,0,50.3,67.3
2004,REG+POST,00-0002709,,Dwayne Carswell,G,OL,,12,DEN,0,0,0,0,0,0,0,0,0,0,0,0,,0,,,0,0,0,0,0,0,,0,23,23,213,1,0,0,0,0,11,15.3586143568973,0,0.0,0.101769911504425,,,0,27.3,50.3
2004,REG+POST,00-0002743,,Ki-Jana Carter,RB,RB,,2,NO,0,0,0,0,0,0,0,0,0,0,0,0,,0,,,10,17,0,0,0,2,-5.7964170895284,0,0,0,0,0,0,0,0,0,0,,0,,,,,0,1.7,1.7
2004,REG+POST,00-0002876,,Chris Chandler,QB,QB,,3,LA,35,62,460,2,8,7,54,1,1,0,0,15,-21.4278915992348,0,0.0,0.0301128984810412,1,2,0,0,0,0,-0.442700220737606,0,0,0,0,0,0,0,0,0,0,,0,,,,,0,8.6,8.6
2004,REG+POST,00-0002962,,Wayne Chrebet,WR,WR,,12,NYJ,0,0,0,0,0,0,0,0,0,0,0,0,,0,,,0,0,0,0,0,0,,0,31,31,397,1,0,0,0,0,20,36.3025404166848,0,0.0,0.13963963963964,,,0,45.7,76.7
2004,REG+POST,00-0003035,,Desmond Clark,TE,TE,,12,CHI,0,0,0,0,0,0,0,0,0,0,0,0,,0,,,0,0,0,0,0,0,,0,24,24,282,1,1,1,0,0,14,14.0818534906139,0,0.0,0.124352331606218,,,0,32.2,56.2
2004,REG+POST,00-0003103,,Cameron Cleeland,TE,TE,,8,LA,0,0,0,0,0,0,0,0,0,0,0,0,,0,,,1,-2,0,0,0,0,-2.1678013601515,0,8,8,74,1,0,0,0,0,3,7.54531333228806,0,0.0,0.0496894409937888,,,0,13.2,21.2
2004,REG+POST,00-0003136,,Mike Cloud,RB,RB,,5,NYG,0,0,0,0,0,0,0,0,0,0,0,0,,0,,,21,90,3,0,0,8,6.06000247140764,0,1,1,3,0,0,0,0,0,0,-0.499419289408252,0,0.0,0.0434782608695652,,,0,27.3,28.3
2004,REG+POST,00-0003140,,Dexter Coakley,LB,LB,,1,DAL,0,0,0,0,0,0,0,0,0,0,0,0,,0,,,1,33,0,0,0,1,3.53241317823995,0,0,0,0,0,0,0,0,0,0,,0,,,,,0,3.3,3.3
2004,REG+POST,00-0003292,,Kerry Collins,QB,QB,,14,LV,289,513,3495,21,20,24,143,4,2,0,0,153,-1.12119773875768,0,0.0,0.0601853141849685,17,35,0,3,1,3,-8.63741875794949,0,0,0,0,0,0,0,0,0,0,,0,,,,,0,181.3,181.3
2004,REG+POST,00-0003315,,Todd Collins,QB,QB,,2,KC,1,5,42,0,0,0,0,0,0,0,0,1,-0.867849500842056,0,0.0,0.0313670247546558,1,4,0,0,0,0,-1.04850434453692,0,0,0,0,0,0,0,0,0,0,,0,,,,,0,2.08,2.08
2004,REG+POST,00-0003344,,Greg Comella,RB,RB,,1,TB,0,0,0,0,0,0,0,0,0,0,0,0,,0,,,0,0,0,0,0,0,,0,1,1,12,0,0,0,0,0,1,0.96342037525028,0,0.0,0.0476190476190476,,,0,1.2,2.2
2004,REG+POST,00-0003396,,Curtis Conway,WR,WR,,12,SF,0,0,0,0,0,0,0,0,0,0,0,0,,0,,,0,0,0,0,0,0,,0,38,38,403,3,0,0,0,0,23,39.8912508015346,1,0.0,0.153846153846154,,,0,60.3,98.3
2004,REG+POST,00-0003400,,Ernie Conwell,TE,TE,,7,NO,0,0,0,0,0,0,0,0,0,0,0,0,,0,,,0,0,0,0,0,0,,0,10,10,102,1,0,0,0,0,4,6.87314638396492,0,0.0,0.0833333333333333,,,0,16.2,26.2
2004,REG+POST,00-0003663,,Zack Crockett,RB,RB,,12,LV,0,0,0,0,0,0,0,0,0,0,0,0,,0,,,49,232,2,0,0,12,3.68657628030056,0,16,16,87,0,0,0,0,0,4,3.51529253006447,0,0.0,0.0740740740740741,,,0,43.9,59.9
2004,REG+POST,00-0003739,,Daunte Culpepper,QB,QB,,18,MIN,422,623,5317,44,13,52,289,4,1,0,0,247,189.334342914676,2,0.0,0.152440481640027,100,485,3,6,3,37,-6.48788904419806,1,0,0,0,0,0,0,0,0,0,,0,,,,,0,427.18,427.18
2004,REG+POST,00-0003803,,Matt Cushing,TE,TE,,1,PIT,0,0,0,0,0,0,0,0,0,0,0,0,,0,,,0,0,0,0,0,0,,0,1,1,17,0,0,0,0,0,1,3.48694453341886,0,0.0,0.0909090909090909,,,0,1.7,2.7
2004,REG+POST,00-0004052,,Stephen Davis,RB,RB,,2,CAR,0,0,0,0,0,0,0,0,0,0,0,0,,0,,,24,92,0,0,0,5,-1.88388137478614,0,2,2,32,0,0,0,0,0,2,2.1291885189712,0,0.0,0.0425531914893617,,,0,12.4,14.4
2004,REG+POST,00-0004161,,Jake Delhomme,QB,QB,,16,CAR,310,533,3886,29,15,33,246,9,4,0,0,192,68.019832498798,2,0.0,0.097834469949468,25,71,1,3,1,9,-8.2838452627809,0,0,0,0,0,0,0,0,0,0,,0,,,,,0,248.54,248.54
2004,REG+POST,00-0004229,,Koy Detmer,QB,QB,,6,PHI,19,41,210,0,2,2,16,1,1,0,0,6,-20.6022805688554,0,0.0,0.0386790151917478,10,-7,0,0,0,0,-8.89889573963592,0,0,0,0,0,0,0,0,0,0,,0,,,,,0,1.7,1.7
2004,REG+POST,00-0004293,,Trent Dilfer,QB,QB,,4,SEA,25,58,333,1,3,4,21,0,0,0,0,12,-12.8547415077888,0,0.0,0.0239389517472909,10,14,0,1,0,1,-7.13581993695698,0,0,0,0,0,0,0,0,0,0,,0,,,,,0,12.72,12.72
2004,REG+POST,00-0004294,,Ken Dilger,TE,TE,,15,TB,0,0,0,0,0,0,0,0,0,0,0,0,,0,,,0,0,0,0,0,0,,0,39,39,345,3,0,0,0,0,15,21.7697446402216,1,0.0,0.12,,,0,54.5,93.5
2004,REG+POST,00-0004304,,Corey Dillon,RB,RB,,18,NE,0,0,0,0,0,0,0,0,0,0,0,0,,0,,,410,1927,14,4,3,95,12.2086005909715,1,24,24,156,1,1,1,0,0,5,-0.431372866558377,0,0.0,0.10762331838565,,,0,292.3,316.3
2004,REG+POST,00-0004541,,Donald Driver,WR,WR,,17,GB,0,0,0,0,0,0,0,0,0,0,0,0,,0,,,3,4,0,1,1,0,-7.22051372169517,0,91,91,1286,9,1,1,0,0,64,107.250084542105,1,0.0,0.225247524752475,,,0,181.0,272.0
2004,REG+POST,00-0004574,,Rickey Dudley,TE,TE,,2,TB,0,0,0,0,0,0,0,0,0,0,0,0,,0,,,0,0,0,0,0,0,,0,3,3,48,0,0,0,0,0,2,2.54523315897677,0,0.0,0.0612244897959184,,,0,4.8,7.8
2004,REG+POST,00-0004637,,Jason Dunn,TE,TE,,11,KC,0,0,0,0,0,0,0,0,0,0,0,0,,0,,,0,0,0,0,0,0,,0,17,17,120,3,0,0,0,0,8,14.8183725703857,0,0.0,0.0636704119850187,,,0,30.0,47.0
2004,REG+POST,00-0004640,,Warrick Dunn,RB,RB,,18,ATL,1,1,2,0,0,0,0,0,0,0,0,0,-0.235457708593458,0,0.0,,297,1307,12,3,2,54,-7.34074817387057,0,31,31,299,0,0,0,0,0,9,12.794271701144,0,0.0,0.158974358974359,,,0,228.68,259.68
2004,REG+POST,00-0004673,,Tim Dwight,WR,WR,,5,LAC,0,0,0,0,0,0,0,0,0,0,0,0,,0,,,4,54,0,0,0,1,0.926097329996309,0,2,2,31,1,0,0,0,0,2,5.53342414926738,0,0.0,0.0540540540540541,,,1,20.5,22.5
2004,REG+POST,00-0004768,,Marc Edwards,FB,RB,,6,JAX,0,0,0,0,0,0,0,0,0,0,0,0,,0,,,0,0,0,0,0,0,,0,7,7,41,0,0,0,0,0,2,2.56119938043412,0,0.0,0.0555555555555556,,,0,4.1,11.1
2004,REG+POST,00-0004780,,Troy Edwards,WR,WR,,15,JAX,0,0,0,0,0,0,0,0,0,0,0,0,,0,,,2,2,0,1,0,0,-3.55736947106198,0,50,50,533,1,2,2,0,0,25,29.1290293406082,0,0.0,0.174825174825175,,,0,55.5,105.5
2004,REG+POST,00-0004915,,Bobby Engram,WR,WR,,14,SEA,0,0,0,0,0,0,0,0,0,0,0,0,,0,,,0,0,0,0,0,0,,0,39,39,533,3,1,1,0,0,26,40.6086133057543,0,0.0,0.139784946236559,,,0,69.3,108.3
2004,REG+POST,00-0005091,,Kevin Faulk,RB,RB,,14,NE,0,0,0,0,0,0,0,0,0,0,0,0,,0,,,76,369,2,0,0,20,6.05980178260996,0,29,29,286,1,1,1,0,0,17,15.2673016300304,0,0.0,0.145,,,0,81.5,110.5
2004,REG+POST,00-0005092,,Marshall Faulk,RB,RB,,16,LA,0,0,0,0,0,0,0,0,0,0,0,0,,0,,,215,859,4,1,1,49,-14.2628232504695,2,56,56,353,1,1,0,0,0,14,3.04247904330259,0,0.0,0.157303370786517,,,0,153.2,209.2
2004,REG+POST,00-0005101,,Christian Fauria,TE,TE,,11,NE,0,0,0,0,0,0,0,0,0,0,0,0,,0,,,0,0,0,0,0,0,,0,18,18,221,2,0,0,0,0,10,20.4487335269223,0,0.0,0.0878048780487805,,,0,34.1,52.1
2004,REG+POST,00-0005106,,Brett Favre,QB,QB,,17,GB,368,574,4302,31,21,14,116,3,0,0,0,215,130.94910431059,2,0.0,0.131048519026016,19,43,0,2,1,2,-10.8280411471571,0,0,0,0,0,0,0,0,0,0,,0,,,,,0,260.38,260.38
2004,REG+POST,00-0005113,,Jeff Feagles,P,SPEC,,1,NYG,0,1,0,0,0,0,0,0,0,0,0,0,-2.5460643148981,0,,,0,0,0,0,0,0,,0,0,0,0,0,0,0,0,0,0,,0,,,,,0,0.0,0.0
2004,REG+POST,00-0005180,,Jay Fiedler,QB,QB,,8,MIA,101,190,1186,7,8,25,165,8,3,0,0,54,-42.5103603064419,0,0.0,0.0244790463596922,12,59,0,1,1,3,-1.36777455999784,0,0,0,0,0,0,0,0,0,0,,0,,,,,0,57.34,57.34
2004,REG+POST,00-0005229,,Jim Finn,FB,RB,,9,NYG,0,0,0,0,0,0,0,0,0,0,0,0,,0,,,3,7,0,0,0,0,-1.6051819230197,0,15,15,112,0,0,0,0,0,5,6.37255482963519,0,0.0,0.093167701863354,,,0,11.9,26.9
2004,REG+POST,00-0005231,,Brian Finneran,WR,WR,,12,ATL,0,0,0,0,0,0,0,0,0,0,0,0,,0,,,0,0,0,0,0,0,,0,26,26,295,2,1,1,0,0,18,31.4637346108793,0,0.0,0.145251396648045,,,0,39.5,65.5
2004,REG+POST,00-0005363,,Doug Flutie,QB,QB,,2,LAC,20,38,276,1,0,1,7,0,0,0,0,15,14.4357498884469,0,0.0,0.212860169005352,5,39,2,0,0,4,6.19676746247569,0,0,0,0,0,0,0,0,0,0,,0,,,,,0,30.94,30.94
2004,REG+POST,00-0005589,,Gus Frerotte,QB,QB,,2,MIN,0,2,0,0,0,0,0,0,0,0,0,0,-5.3237982429855,0,,,0,0,0,0,0,0,,0,0,0,0,0,0,0,0,0,0,,0,,,,,0,0.0,0.0
2004,REG+POST,00-0005620,,Chris Fuamatu-Ma'afala,RB,RB,,7,JAX,0,0,0,0,0,0,0,0,0,0,0,0,,0,,,20,69,1,0,0,7,3.76596557564335,0,4,4,19,0,0,0,0,0,0,-0.422382814285811,0,0.0,0.0666666666666667,,,0,14.8,18.8
2004,REG+POST,00-0005720,,Joey Galloway,WR,WR,,10,TB,0,0,0,0,0,0,0,0,0,0,0,0,,0,,,2,19,0,0,0,1,1.86157943424769,0,33,33,416,5,0,0,0,0,25,42.8774744230323,0,0.0,0.153488372093023,,,1,79.5,112.5
2004,REG+POST,00-0005741,,Rich Gannon,QB,QB,,3,LV,41,68,524,3,2,5,17,3,1,0,0,23,9.43087674910521,1,0.0,0.0954173847001422,5,26,0,0,0,1,-2.82211688141575,0,0,0,0,0,0,0,0,0,0,,0,,,,,0,31.56,31.56
2004,REG+POST,00-0005755,,Jeff Garcia,QB,QB,,11,CLE,144,252,1731,10,9,25,108,7,4,0,0,71,-26.0854187095827,0,0.0,0.0483978610707589,34,169,2,2,2,15,0.0296034047980949,0,0,0,0,0,0,0,0,0,0,,0,,,,,0,108.14,108.14
2004,REG+POST,00-0005779,,Charlie Garner,RB,RB,,3,TB,0,0,0,0,0,0,0,0,0,0,0,0,,0,,,30,111,0,0,0,3,-4.69104313739808,0,9,9,62,0,0,0,0,0,1,0.255799968372823,0,0.0,0.126760563380282,,,0,17.3,26.3
2004,REG+POST,00-0005883,,Eddie George,RB,RB,,13,DAL,0,0,0,0,0,0,0,0,0,0,0,0,,0,,,132,432,4,2,0,27,-17.2212365097366,0,9,9,83,0,1,1,0,0,1,-0.0118002339731902,0,0.0,0.0708661417322835,,,0,73.5,82.5
2004,REG+POST,00-0006043,,Terry Glenn,WR,WR,,6,DAL,0,1,0,0,0,0,0,0,0,0,0,0,-0.40240379224997,0,,,1,-3,0,0,0,0,-1.3239912756253,0,24,24,400,2,0,0,0,20,17,30.5058233529548,0,0.0,0.1875,,,0,51.7,75.7
2004,REG+POST,00-0006101,,Tony Gonzalez,TE,TE,,16,KC,0,0,0,0,0,0,0,0,0,0,0,0,,0,,,1,5,0,0,0,0,0.211839926079847,0,102,102,1258,7,0,0,0,0,69,107.930454502263,0,0.0,0.275675675675676,,,0,168.3,270.3
2004,REG+POST,00-0006305,,Ahman Green,RB,RB,,16,GB,1,1,20,1,0,0,0,0,0,0,0,1,3.1514654608909,0,0.0,,279,1243,7,6,4,61,-13.2487696120409,0,42,42,291,1,1,0,0,0,18,11.5422566356202,0,0.0,0.118980169971671,,,0,198.2,240.2
2004,REG+POST,00-0006355,,Trent Green,QB,QB,,16,KC,369,556,4589,27,17,32,227,9,3,0,0,227,149.843415704461,1,0.0,0.144801224345272,25,85,0,1,1,4,-2.18500593036879,0,0,0,0,0,0,0,0,0,0,,0,,,,,0,260.06,260.06
2004,REG+POST,00-0006423,,Brian Griese,QB,QB,,11,TB,233,336,2632,20,12,26,169,2,1,0,0,126,57.6890568162718,0,0.0,0.0993919607709958,30,17,0,3,1,1,-23.6798002986918,0,1,1,-4,0,0,0,0,0,0,-0.744393632514402,0,0.0,0.0277777777777778,,,0,158.58,159.58
2004,REG+POST,00-0006627,,Az-Zahir Hakim,WR,WR,,10,DET,0,0,0,0,0,0,0,0,0,0,0,0,,0,,,1,0,0,0,0,0,-0.480490181827918,0,31,31,533,3,0,0,0,0,23,46.3481778444178,0,0.0,0.181286549707602,,,0,71.3,102.3
2004,REG+POST,00-0006666,,Lamont Hall,TE,TE,,1,NO,0,0,0,0,0,0,0,0,0,0,0,0,,0,,,0,0,0,0,0,0,,0,1,1,4,1,0,0,0,0,1,2.16918040910969,0,0.0,0.0434782608695652,,,0,6.4,7.4
2004,REG+POST,00-0006777,,Karl Hankton,WR,WR,,1,CAR,0,0,0,0,0,0,0,0,0,0,0,0,,0,,,0,0,0,0,0,0,,0,2,2,25,0,0,0,0,0,1,0.60664246493252,0,0.0,0.0869565217391304,,,0,2.5,4.5
2004,REG+POST,00-0006804,,Patrick Hape,TE,TE,,7,DEN,0,0,0,0,0,0,0,0,0,0,0,0,,0,,,0,0,0,0,0,0,,0,10,10,43,4,0,0,0,0,5,8.07772655790905,0,0.0,0.0740740740740741,,,0,28.3,38.3
2004,REG+POST,00-0007007,,Walt Harris,CB,DB,,1,WAS,0,0,0,0,0,0,0,0,0,0,0,0,,0,,,0,0,0,0,0,0,,0,0,0,0,0,0,0,0,0,0,,0,,,,,1,6.0,6.0
2004,REG+POST,00-0007024,,Marvin Harrison,WR,WR,,18,IND,0,0,0,0,0,0,0,0,0,0,0,0,,0,,,0,0,0,0,0,0,,0,95,95,1207,15,1,1,0,0,68,102.966997500076,0,0.0,0.233415233415233,,,0,208.7,303.7
2004,REG+POST,00-0007091,,Matt Hasselbeck,QB,QB,"https://static.www.nfl.com/image/private/f_auto,q_auto/league/t1nf9avoy2kauqwrvzza",15,SEA,306,517,3731,24,16,32,168,3,1,0,0,192,65.2434228581357,2,0.0,0.10072144225694,30,120,1,2,0,6,-1.67158798260546,0,0,0,0,0,0,0,0,0,0,,0,,,,,0,233.24,233.24
2004,REG+POST,00-0007180,,Garrison Hearst,RB,RB,,6,DEN,0,0,0,0,0,0,0,0,0,0,0,0,,0,,,20,81,1,0,0,8,2.1192836035043,0,2,2,20,0,0,0,0,0,1,2.85912443464622,0,0.0,0.0487804878048781,,,0,16.1,18.1
2004,REG+POST,00-0007213,,Steve Heiden,TE,TE,"https://static.www.nfl.com/image/private/f_auto,q_auto/league/gbtrxatwcauhazpjejcr",11,CLE,0,0,0,0,0,0,0,0,0,0,0,0,,0,,,0,0,0,0,0,0,,0,28,28,287,5,1,1,0,0,14,20.3699240466231,1,0.0,0.16,,,0,58.7,86.7
2004,REG+POST,00-0007254,,William Henderson,FB,RB,,17,GB,0,0,0,0,0,0,0,0,0,0,0,0,,0,,,0,0,0,0,0,0,,0,37,37,266,3,0,0,0,0,16,16.1137093616999,0,0.0,0.0915841584158416,,,0,44.6,81.6
2004,REG+POST,00-0007308,,Craig Hentrich,P,SPEC,,5,TEN,2,4,10,0,0,0,0,0,0,0,0,1,-4.92759807314724,0,0.0,,1,8,0,0,0,1,2.51002850901568,0,0,0,0,0,0,0,0,0,0,,0,,,,,0,1.2,1.2
2004,REG+POST,00-0007357,,Chris Hetherington,FB,RB,,2,LV,0,0,0,0,0,0,0,0,0,0,0,0,,0,,,1,4,0,0,0,0,0.0365541069768369,0,3,3,28,0,1,1,0,0,1,-2.75347705895547,0,0.0,0.0857142857142857,,,0,1.2,4.2
2004,REG+POST,00-0007468,,Ike Hilliard,WR,WR,,16,NYG,0,0,0,0,0,0,0,0,0,0,0,0,,0,,,3,34,0,0,0,2,1.23247045325115,0,49,49,437,0,3,1,0,0,22,27.7876948446558,0,0.0,0.186311787072243,,,0,45.1,94.1
2004,REG+POST,00-0007576,,Kelly Holcomb,QB,QB,,4,CLE,59,87,737,7,5,5,31,0,0,0,0,35,8.84272608769699,0,0.0,0.100899948089898,3,-2,0,0,0,0,-3.99183746351628,0,0,0,0,0,0,0,0,0,0,,0,,,,,0,47.28,47.28
2004,REG+POST,00-0007579,,Robert Holcombe,FB,RB,,12,TEN,0,0,0,0,0,0,0,0,0,0,0,0,,0,,,17,62,0,0,0,3,-5.06439835403048,0,11,11,60,0,0,0,0,0,1,2.29677639261354,0,0.0,0.0491071428571429,,,0,12.2,23.2
2004,REG+POST,00-0007661,,Priest Holmes,RB,RB,,8,KC,0,0,0,0,0,0,0,0,0,0,0,0,,0,,,196,892,14,4,2,56,23.5033105173651,0,19,19,187,1,0,0,0,0,7,11.1663416562951,0,0.0,0.140740740740741,,,0,193.9,212.9
2004,REG+POST,00-0007681,,Torry Holt,WR,WR,,18,LA,0,0,0,0,0,0,0,0,0,0,0,0,,0,,,0,0,0,0,0,0,,0,102,102,1522,12,3,1,0,0,66,138.437614454131,0,0.0,0.246973365617433,,,0,222.2,324.2
2004,REG+POST,00-0007744,,Joe Horn,WR,WR,,16,NO,0,0,0,0,0,0,0,0,0,0,0,0,,0,,,0,0,0,0,0,0,,0,94,94,1399,11,0,0,0,0,73,130.16942081441,1,0.0,0.3042071197411,,,0,207.9,301.9
2004,REG+POST,00-0008075,,Larry Izzo,LB,LB,,1,NE,0,0,0,0,0,0,0,0,0,0,0,0,,0,,,1,0,0,0,0,0,-2.65862421295606,0,0,0,0,0,0,0,0,0,0,,0,,,,,0,0.0,0.0
2004,REG+POST,00-0008196,,Terry Jackson,RB,RB,,14,SF,0,0,0,0,0,0,0,0,0,0,0,0,,0,,,26,101,0,2,1,4,-4.98473843419924,0,21,21,136,0,0,0,0,0,5,0.293573561632212,0,0.0,0.0871369294605809,,,0,21.7,42.7
2004,REG+POST,00-0008241,,Edgerrin James,RB,RB,,18,IND,0,0,0,0,0,0,0,0,0,0,0,0,,0,,,366,1650,10,5,2,78,5.04258715293849,1,60,60,563,0,0,0,0,0,25,29.1530391752935,0,0.0,0.153846153846154,,,0,279.3,339.3
2004,REG+POST,00-0008442,,Brad Johnson,QB,QB,,4,TB,65,103,674,3,3,8,55,2,1,0,0,28,-13.2895324374484,1,0.0,0.0288191932611514,5,23,0,0,0,1,2.20191591099137,0,0,0,0,0,0,0,0,0,0,,0,,,,,0,35.26,35.26
2004,REG+POST,00-0008560,,Kevin Johnson,WR,WR,,14,BAL,0,0,0,0,0,0,0,0,0,0,0,0,,0,,,1,0,0,0,0,0,-0.458273301366717,0,35,35,373,1,1,1,0,0,19,33.0602784117218,0,0.0,0.15695067264574,,,0,41.3,76.3
2004,REG+POST,00-0008561,,Keyshawn Johnson,WR,WR,,16,DAL,1,2,14,0,1,0,0,0,0,0,0,0,-1.30533754779026,0,0.0,,2,13,0,0,0,1,0.537418223218992,0,70,70,981,6,1,1,0,5,53,91.3290125755302,0,0.0,0.227272727272727,,,0,131.96,201.96
2004,REG+POST,00-0008749,,Freddie Jones,TE,TE,,16,ARI,0,0,0,0,0,0,0,0,0,0,0,0,,0,,,0,0,0,0,0,0,,0,45,45,426,2,0,0,0,0,16,22.1236338314193,0,0.0,0.150501672240803,,,0,54.6,99.6
2004,REG+POST,00-0008962,,Joe Jurevicius,WR,WR,,9,TB,0,0,0,0,0,0,0,0,0,0,0,0,,0,,,0,0,0,0,0,0,,0,27,27,333,2,0,0,0,0,15,29.0534120166558,0,0.0,0.139896373056995,,,0,45.3,72.3
2004,REG+POST,00-0009119,,Reggie Kelly,TE,TE,,9,CIN,0,0,0,0,0,0,0,0,0,0,0,0,,0,,,0,0,0,0,0,0,,0,15,15,85,0,0,0,0,0,5,0.940129196736962,0,0.0,0.0815217391304348,,,0,8.5,23.5
2004,REG+POST,00-0009163,,Eddie Kennison,WR,WR,,14,KC,0,0,0,0,0,0,0,0,0,0,0,0,,0,,,2,15,0,0,0,1,-0.587934231734835,0,62,62,1086,8,1,1,0,0,47,90.1441138705031,1,0.0,0.189024390243902,,,0,158.1,220.1
2004,REG+POST,00-0009266,,Shaun King,QB,QB,,3,ARI,47,84,502,1,4,6,42,2,1,0,0,23,-11.2470181917236,0,0.0,0.0303087664266582,9,30,0,2,0,1,-3.86695882603253,0,0,0,0,0,0,0,0,0,0,,0,,,,,0,17.08,17.08
2004,REG+POST,00-0009311,,Jon Kitna,QB,QB,,4,CIN,61,104,623,5,4,6,41,1,0,0,0,32,4.17340676691212,0,0.0,0.0752773506872271,10,42,0,1,1,2,-3.33197632810334,0,0,0,0,0,0,0,0,0,0,,0,,,,,0,39.12,39.12
2004,REG+POST,00-0009323,,Jimmy Kleinsasser,TE,TE,,1,MIN,0,0,0,0,0,0,0,0,0,0,0,0,,0,,,0,0,0,0,0,0,,0,2,2,24,0,0,0,0,0,1,1.80022358382121,0,0.0,0.111111111111111,,,0,2.4,4.4
2004,REG+POST,00-0009417,,Rob Konrad,FB,RB,,8,MIA,0,0,0,0,0,0,0,0,0,0,0,0,,0,,,2,18,0,0,0,1,1.31972063088324,0,8,8,69,1,0,0,0,0,4,6.97490636690054,0,0.0,0.0555555555555556,,,0,14.7,22.7
2004,REG+POST,00-0009443,,Brian Kozlowski,TE,TE,,3,WAS,0,0,0,0,0,0,0,0,0,0,0,0,,0,,,0,0,0,0,0,0,,0,3,3,29,0,0,0,0,0,3,3.91592629667139,0,0.0,0.0666666666666667,,,0,2.9,5.9
2004,REG+POST,00-0009829,,Dorsey Levens,RB,RB,,16,PHI,0,0,0,0,0,0,0,0,0,0,0,0,,0,,,111,465,5,0,0,27,3.95774731384789,0,12,12,99,0,0,0,0,0,5,2.14534408150939,0,0.0,0.0631578947368421,,,0,86.4,98.4
2004,REG+POST,00-0009842,,Chad Lewis,TE,TE,,12,PHI,0,0,0,0,0,0,0,0,0,0,0,0,,0,,,0,0,0,0,0,0,,0,33,33,287,5,0,0,0,0,19,25.0962446738849,0,0.0,0.135245901639344,,,0,58.7,91.7
2004,REG+POST,00-0009869,,Jermaine Lewis,WR,WR,,1,JAX,0,0,0,0,0,0,0,0,0,0,0,0,,0,,,0,0,0,0,0,0,,0,1,1,4,0,0,0,0,0,0,-0.0260324231348932,0,0.0,0.0714285714285714,,,0,0.4,1.4
2004,REG+POST,00-0010261,,Tommy Maddox,QB,QB,,4,PIT,30,60,329,1,2,6,37,2,2,0,0,15,-22.599332385034,0,0.0,0.0279001073111537,9,15,0,1,0,2,-3.25741264608173,0,0,0,0,0,0,0,0,0,0,,0,,,,,0,10.66,10.66
2004,REG+POST,00-0010333,,Kris Mangum,TE,TE,,13,CAR,0,0,0,0,0,0,0,0,0,0,0,0,,0,,,0,0,0,0,0,0,,0,34,34,323,3,0,0,0,0,17,25.4956792610756,0,0.0,0.129277566539924,,,0,50.3,84.3
2004,REG+POST,00-0010346,,Peyton Manning,QB,QB,"https://static.www.nfl.com/image/private/f_auto,q_auto/league/xpcd6auodk3w0vda6jal",18,IND,390,572,5252,53,12,15,113,5,0,0,0,267,248.736121528682,0,0.0,0.197946009829187,27,46,1,1,1,5,-7.04621491694154,0,0,0,0,0,0,0,0,0,0,,0,,,,,0,406.68,406.68
2004,REG+POST,00-0010442,,Curtis Martin,RB,RB,,18,NYJ,0,0,0,0,0,0,0,0,0,0,0,0,,0,,,408,1840,12,2,0,93,14.7960852653605,0,49,49,321,2,0,0,0,0,16,10.365719099127,0,0.0,0.178181818181818,,,0,300.1,349.1
2004,REG+POST,00-0010455,,Jamie Martin,QB,QB,,1,LA,16,31,188,0,0,2,6,1,0,0,0,8,4.39478127949405,0,0.0,0.0810037931239309,0,0,0,0,0,0,,0,0,0,0,0,0,0,0,0,0,,0,,,,,0,7.52,7.52
2004,REG+POST,00-0010500,,Derrick Mason,WR,WR,,16,TEN,0,0,0,0,0,0,0,0,0,0,0,0,,0,,,1,-3,0,0,0,0,-0.926762125978712,0,96,96,1168,7,0,0,0,0,67,106.876297654341,0,0.0,0.269662921348315,,,0,158.5,254.5
2004,REG+POST,00-0010560,,Shane Matthews,QB,QB,,2,BUF,2,3,44,1,0,0,0,0,0,0,0,2,5.49485461809672,0,0.0,,2,-3,0,0,0,0,-2.11088558088522,0,0,0,0,0,0,0,0,0,0,,0,,,,,0,5.46,5.46
2004,REG+POST,00-0010632,,Fred McAfee,RB,RB,,2,NO,0,0,0,0,0,0,0,0,0,0,0,0,,0,,,2,54,0,0,0,1,3.29626618069597,0,0,0,0,0,0,0,0,0,0,,0,,,,,0,5.4,5.4
2004,REG+POST,00-0010668,,Keenan McCardell,WR,WR,,8,LAC,0,1,0,0,0,0,0,0,0,0,0,0,-0.397841051686555,0,,,1,3,0,0,0,0,0.0817199158482254,0,35,35,443,2,0,0,0,0,20,36.9623865462199,0,0.0,0.202312138728324,,,0,56.6,91.6
2004,REG+POST,00-0010747,,Fred McCrary,RB,RB,,2,ATL,0,0,0,0,0,0,0,0,0,0,0,0,,0,,,0,0,0,0,0,0,,0,3,3,26,0,0,0,0,0,1,2.98244734742912,0,0.0,0.0967741935483871,,,0,2.6,5.6
2004,REG+POST,00-0011022,,Donovan McNabb,QB,QB,,18,PHI,368,579,4698,39,11,38,238,6,4,0,0,216,146.257024328035,0,0.0,0.134971644453649,56,256,3,4,2,14,-6.48907126813299,0,0,0,0,0,0,0,0,0,0,,0,,,,,0,353.52,353.52
2004,REG+POST,00-0011024,,Steve McNair,QB,QB,,8,TEN,129,215,1343,8,9,13,95,3,2,0,0,76,4.63969423121041,0,0.0,0.0640793605559999,23,128,1,2,1,11,3.81827513716416,1,0,0,0,0,0,0,0,0,0,,0,,,,,0,82.52,82.52
2004,REG+POST,00-0011053,,R.W. McQuarters,CB,DB,,1,CHI,0,0,0,0,0,0,0,0,0,0,0,0,,0,,,0,0,0,0,0,0,,0,0,0,0,0,0,0,0,0,0,,0,,,,,1,6.0,6.0
2004,REG+POST,00-0011224,,Itula Mili,TE,TE,,12,SEA,0,0,0,0,0,0,0,0,0,0,0,0,,0,,,0,0,0,0,0,0,,0,29,29,338,1,0,0,0,0,19,24.0940445073647,0,0.0,0.11284046692607,,,0,39.8,68.8
2004,REG+POST,00-0011236,,Billy Miller,TE,TE,,9,HOU,0,0,0,0,0,0,0,0,0,0,0,0,,0,,,0,0,0,0,0,0,,0,17,17,178,1,1,0,0,0,11,11.5520277464586,0,0.0,0.107594936708861,,,0,23.8,40.8
2004,REG+POST,00-0011463,,Chris Mohr,P,SPEC,,2,ATL,2,3,24,0,0,0,0,0,0,0,0,1,-0.682194269320462,0,0.0,,0,0,0,0,0,0,,0,0,0,0,0,0,0,0,0,0,,0,,,,,0,0.96,0.96
2004,REG+POST,00-0011551,,Dave Moore,TE,TE,,3,TB,0,0,0,0,0,0,0,0,0,0,0,0,,0,,,0,0,0,0,0,0,,0,3,3,17,0,0,0,0,0,2,3.24829756608233,0,0.0,0.0461538461538462,,,0,1.7,4.7
2004,REG+POST,00-0011626,,Brian Moorman,P,SPEC,,5,BUF,1,3,24,0,0,0,0,1,0,0,0,1,0.0399755766266026,0,0.0,,2,23,0,1,0,1,0.77481444523437,0,0,0,0,0,0,0,0,0,0,,0,,,,,0,3.26,3.26
2004,REG+POST,00-0011641,,Sean Morey,WR,WR,,1,PIT,0,0,0,0,0,0,0,0,0,0,0,0,,0,,,0,0,0,0,0,0,,0,1,1,8,0,0,0,0,0,1,1.30555104254745,0,0.0,0.111111111111111,,,0,0.8,1.8
2004,REG+POST,00-0011727,,Johnnie Morton,WR,WR,,13,KC,0,0,0,0,0,0,0,0,0,0,0,0,,0,,,7,43,0,1,0,3,1.36652196210343,0,55,55,795,3,1,1,0,0,38,65.3503887912209,0,0.0,0.190972222222222,,,0,99.8,154.8
2004,REG+POST,00-0011754,,Randy Moss,WR,WR,,13,MIN,1,2,37,0,1,0,0,0,0,0,0,1,-1.85714000579901,0,0.0,,0,0,0,0,0,0,,0,56,56,888,15,1,1,0,0,48,91.6226976721664,0,0.0,0.180645161290323,,,0,176.28,232.28
2004,REG+POST,00-0011770,,Eric Moulds,WR,WR,,16,BUF,0,0,0,0,0,0,0,0,0,0,0,0,,0,,,5,19,0,0,0,1,-0.477511920151301,0,88,88,1043,5,1,1,0,0,53,85.3825991896447,0,0.0,0.33587786259542,,,0,134.2,222.2
2004,REG+POST,00-0011795,,Muhsin Muhammad,WR,WR,,16,CAR,0,0,0,0,0,0,0,0,0,0,0,0,,0,,,3,15,0,1,1,1,-3.90294222242665,0,93,93,1405,16,2,0,0,0,74,145.881243141194,0,0.0,0.29903536977492,,,0,236.0,329.0
2004,REG+POST,00-0011958,,Lorenzo Neal,FB,RB,,15,LAC,0,0,0,0,0,0,0,0,0,0,0,0,,0,,,17,56,0,1,1,12,-5.11891639861278,0,13,13,66,0,0,0,0,0,1,-0.363515459466726,0,0.0,0.0792682926829268,,,0,10.2,23.2
2004,REG+POST,00-0012478,,Terrell Owens,WR,WR,,15,PHI,0,0,0,0,0,0,0,0,0,0,0,0,,0,,,3,-5,0,0,0,0,-1.00804278987676,0,86,86,1322,14,2,1,0,0,56,115.017576547004,0,0.0,0.262996941896024,,,0,213.7,299.7
2004,REG+POST,00-0012637,,Jerome Pathon,WR,WR,,12,NO,0,0,0,0,0,0,0,0,0,0,0,0,,0,,,0,0,0,0,0,0,,0,34,34,581,1,1,1,0,0,23,50.1808462426416,0,0.0,0.142857142857143,,,0,62.1,96.1
2004,REG+POST,00-0012642,,David Patten,WR,WR,,17,NE,0,0,0,0,0,0,0,0,0,0,0,0,,0,,,1,5,0,0,0,0,0.0377200632356107,0,46,46,820,7,0,0,0,0,39,88.1657559009327,0,0.0,0.151315789473684,,,0,124.5,170.5
2004,REG+POST,00-0012726,,Doug Pederson,QB,QB,,2,GB,11,23,120,0,2,0,0,0,0,0,0,5,-8.09824080317048,0,0.0,0.0268978943359367,2,15,0,0,0,1,1.27902818925213,0,0,0,0,0,0,0,0,0,0,,0,,,,,0,2.3,2.3
2004,REG+POST,00-0012732,,Rodney Peete,QB,QB,,1,CAR,1,1,3,0,0,0,0,0,0,0,0,0,-0.696847945568152,0,0.0,,1,-1,0,0,0,0,0.0,0,0,0,0,0,0,0,0,0,0,,0,,,,,0,0.02,0.02
2004,REG+POST,00-0013013,,Michael Pittman,RB,RB,"https://static.www.nfl.com/image/private/f_auto,q_auto/league/xt52pieoe86wnuy0imar",13,TB,0,0,0,0,0,0,0,0,0,0,0,0,,0,,,219,926,7,5,5,41,-39.0843527493889,0,41,41,391,3,1,1,0,0,12,27.1078788326995,0,0.0,0.171548117154812,,,0,179.7,220.7
2004,REG+POST,00-0013042,,Jake Plummer,QB,QB,,17,DEN,327,556,4373,29,21,20,127,0,0,0,0,198,77.1646236303276,0,0.0,0.113268453255109,61,215,1,6,1,13,-11.6414518763683,0,0,0,0,0,0,0,0,0,0,,0,,,,,0,274.42,274.42
2004,REG+POST,00-0013080,,Marcus Pollard,TE,TE,,13,IND,0,0,0,0,0,0,0,0,0,0,0,0,,0,,,0,0,0,0,0,0,,0,32,32,339,6,0,0,0,0,18,28.7066899784293,0,0.0,0.104234527687296,,,0,69.9,101.9
2004,REG+POST,00-0013232,,Peerless Price,WR,WR,,17,ATL,1,1,25,0,0,0,0,0,0,0,0,1,1.86025389900897,0,0.0,,3,34,0,0,0,1,5.12298316776287,0,50,50,634,4,0,0,0,0,31,52.7090592605528,0,0.0,0.218340611353712,,,0,91.8,141.8
2004,REG+POST,00-0013262,,Stanley Pritchett,RB,RB,,2,ATL,0,0,0,0,0,0,0,0,0,0,0,0,,0,,,6,18,0,0,0,1,-2.31866940518376,0,2,2,5,1,0,0,0,0,1,0.487315446895082,0,0.0,0.125,,,0,8.3,10.3
2004,REG+POST,00-0013268,,Ricky Proehl,WR,WR,,14,CAR,0,1,0,0,0,0,0,0,0,0,0,0,-2.09487026999705,0,,,1,9,0,0,0,0,0.84547057794407,0,34,34,497,0,0,0,0,0,25,41.9457658701301,0,0.0,0.129770992366412,,,0,50.6,84.6
2004,REG+POST,00-0013338,,Jonathan Quinn,QB,QB,,5,CHI,51,98,413,1,3,15,109,2,0,0,0,18,-44.4297814533312,0,0.0,0.032101362561022,3,35,0,0,0,2,2.4001347659796,0,0,0,0,0,0,0,0,0,0,,0,,,,,0,18.02,18.02
2004,REG+POST,00-0013422,,Walter Rasby,TE,TE,,4,PIT,0,0,0,0,0,0,0,0,0,0,0,0,,0,,,0,0,0,0,0,0,,0,6,6,58,0,0,0,0,0,4,4.37722392834257,0,0.0,0.103448275862069,,,0,5.8,11.8
2004,REG+POST,00-0013639,,Jerry Rice,WR,WR,,12,SEA,0,0,0,0,0,0,0,0,0,0,0,0,,0,,,0,0,0,0,0,0,,0,30,30,429,3,0,0,0,0,21,37.6958391140215,0,0.0,0.129310344827586,,,0,60.9,90.9
2004,REG+POST,00-0013694,,Tony Richardson,FB,RB,,14,KC,0,0,0,0,0,0,0,0,0,0,0,0,,0,,,12,56,0,0,0,3,1.04479614965385,0,19,19,118,0,0,0,0,0,4,1.93520152172502,0,0.0,0.0648464163822526,,,0,17.4,36.4
2004,REG+POST,00-0013728,,Jay Riemersma,TE,TE,,6,PIT,0,0,0,0,0,0,0,0,0,0,0,0,,0,,,0,0,0,0,0,0,,0,7,7,82,2,0,0,0,0,6,8.01801785093267,0,0.0,0.0760869565217391,,,0,20.2,27.2
2004,REG+POST,00-0013773,,Jon Ritchie,FB,RB,,2,PHI,0,0,0,0,0,0,0,0,0,0,0,0,,0,,,0,0,0,0,0,0,,0,4,4,36,0,0,0,0,0,2,2.80784745898563,0,0.0,0.0888888888888889,,,0,3.6,7.6
2004,REG+POST,00-0013872,,Jeff Robinson,LS,SPEC,,2,DAL,0,0,0,0,0,0,0,0,0,0,0,0,,0,,,0,0,0,0,0,0,,0,2,2,2,2,0,0,0,0,2,1.90501140951528,0,0.0,0.0526315789473684,,,0,12.2,14.2
2004,REG+POST,00-0013888,,Marcus Robinson,WR,WR,,17,MIN,0,0,0,0,0,0,0,0,0,0,0,0,,0,,,0,0,0,0,0,0,,0,53,53,780,9,1,0,0,0,34,78.9822866006871,0,0.0,0.131188118811881,,,0,132.0,185.0
2004,REG+POST,00-0014071,,Allen Rossum,DB,DB,,3,ATL,0,0,0,0,0,0,0,0,0,0,0,0,,0,,,1,0,0,0,0,0,-0.477780952118337,0,0,0,0,0,0,0,0,0,0,,0,,,,,2,12.0,12.0
2004,REG+POST,00-0014324,,Deion Sanders,CB,DB,,1,BAL,0,0,0,0,0,0,0,0,0,0,0,0,,0,,,1,-10,0,0,0,0,-1.41200668481179,0,0,0,0,0,0,0,0,0,0,,0,,,,,0,-1.0,-1.0
2004,REG+POST,00-0014450,,Cory Schlesinger,RB,RB,,8,DET,0,0,0,0,0,0,0,0,0,0,0,0,,0,,,4,7,0,0,0,1,1.23397220938932,0,10,10,91,3,0,0,0,0,7,8.86150357400766,0,0.0,0.0641025641025641,,,0,27.8,37.8
2004,REG+POST,00-0014489,,Bill Schroeder,WR,WR,,3,TB,0,0,0,0,0,0,0,0,0,0,0,0,,0,,,0,0,0,0,0,0,,0,7,7,156,1,0,0,0,0,6,15.7783223313745,0,0.0,0.0985915492957746,,,0,21.6,28.6
2004,REG+POST,00-0014655,,Mike Sellers,TE,TE,,1,WAS,0,0,0,0,0,0,0,0,0,0,0,0,,0,,,0,0,0,0,0,0,,0,1,1,14,0,0,0,0,0,1,2.31949234649073,0,0.0,0.0526315789473684,,,0,1.4,2.4
2004,REG+POST,00-0014729,,Bobby Shaw,WR,WR,,3,LAC,0,0,0,0,0,0,0,0,0,0,0,0,,0,,,1,1,0,0,0,0,-0.452774479053915,0,5,5,59,0,0,0,0,0,3,4.08759346499573,0,0.0,0.166666666666667,,,0,6.0,11.0
2004,REG+POST,00-0014775,,Daimon Shelton,FB,RB,,11,BUF,0,0,0,0,0,0,0,0,0,0,0,0,,0,,,0,0,0,0,0,0,,0,17,17,114,0,0,0,0,0,6,4.55427671038561,0,0.0,0.0934065934065934,,,0,11.4,28.4
2004,REG+POST,00-0014902,,Jason Simmons,DB,DB,,1,HOU,0,0,0,0,0,0,0,0,0,0,0,0,,0,,,1,1,0,0,0,1,1.54422208014876,0,0,0,0,0,0,0,0,0,0,,0,,,,,0,0.1,0.1
2004,REG+POST,00-0015091,,Antowain Smith,RB,RB,,11,TEN,0,0,0,0,0,0,0,0,0,0,0,0,,0,,,137,509,4,2,1,22,-18.5868579548736,0,22,22,169,0,0,0,0,0,7,5.70648943303985,0,0.0,0.100917431192661,,,0,89.8,111.8
2004,REG+POST,00-0015165,,Emmitt Smith,RB,RB,,15,ARI,1,1,21,1,0,0,0,0,0,0,0,1,3.59424558468163,0,0.0,,267,937,9,4,1,41,-28.449509051291,0,15,15,105,0,0,0,0,0,3,1.96817642563231,0,0.0,0.0837988826815642,,,0,161.04,176.04
2004,REG+POST,00-0015194,,Hunter Smith,P,SPEC,,1,IND,0,0,0,0,0,0,0,0,0,0,0,0,,0,,,1,2,0,0,0,0,-1.62991190841421,0,0,0,0,0,0,0,0,0,0,,0,,,,,0,0.2,0.2
2004,REG+POST,00-0015218,,Jimmy Smith,WR,WR,,16,JAX,0,0,0,0,0,0,0,0,0,0,0,0,,0,,,0,0,0,0,0,0,,0,74,74,1172,6,2,1,0,0,52,100.850860929012,0,0.0,0.242622950819672,,,0,151.2,225.2
2004,REG+POST,00-0015290,,Rod Smith,WR,WR,,17,DEN,0,0,0,0,0,0,0,0,0,0,0,0,,0,,,5,33,0,0,0,2,0.813824489654508,0,86,86,1243,8,1,0,0,0,58,106.480887689133,0,0.0,0.262996941896024,,,0,175.6,261.6
2004,REG+POST,00-0015420,,Jerald Sowell,FB,RB,,16,NYJ,0,0,0,0,0,0,0,0,0,0,0,0,,0,,,2,28,0,0,0,1,1.18093606876209,0,48,48,353,1,1,1,0,0,15,14.4196333693619,0,0.0,0.163265306122449,,,0,42.1,90.1
2004,REG+POST,00-0015523,,Duce Staley,RB,RB,,12,PIT,0,0,0,0,0,0,0,0,0,0,0,0,,0,,,213,910,1,3,2,42,-14.80771156688,0,6,6,55,0,0,0,0,0,3,3.26529013877735,0,0.0,0.1,,,0,98.5,104.5
2004,REG+POST,00-0015550,,Chad Stanley,P,SPEC,,1,HOU,0,0,0,0,0,0,0,0,0,0,0,0,,0,,,1,5,0,0,0,1,2.88671623420669,0,0,0,0,0,0,0,0,0,0,,0,,,,,0,0.5,0.5
2004,REG+POST,00-0015601,,Aaron Stecker,RB,RB,,14,NO,0,0,0,0,0,0,0,0,0,0,0,0,,0,,,58,244,2,1,1,10,-12.914528092823,0,29,29,174,0,0,0,0,0,8,-0.150826241122559,0,0.0,0.140096618357488,,,1,57.8,86.8
2004,REG+POST,00-0015700,,Kordell Stewart,QB,QB,,1,BAL,0,0,0,0,0,0,0,0,0,0,0,0,,0,,,1,-1,0,0,0,0,0.0,0,0,0,0,0,0,0,0,0,0,,0,,,,,0,-0.1,-0.1
2004,REG+POST,00-0015754,,Brandon Stokley,WR,WR,,17,IND,0,0,0,0,0,0,0,0,0,0,0,0,,0,,,0,0,0,0,0,0,,0,78,78,1174,10,1,1,0,0,61,103.827742703281,0,0.0,0.2,,,0,175.4,253.4
2004,REG+POST,00-0015811,,Tai Streets,WR,WR,,13,DET,0,0,0,0,0,0,0,0,0,0,0,0,,0,,,0,0,0,0,0,0,,0,28,28,260,1,0,0,0,0,13,16.6125582422828,1,0.0,0.130232558139535,,,0,34.0,62.0
2004,REG+POST,00-0015830,,Mack Strong,FB,RB,,16,SEA,0,0,0,0,0,0,0,0,0,0,0,0,,0,,,37,137,0,2,1,14,-14.3872235519229,0,21,21,99,0,0,0,0,0,8,3.40607311340864,0,0.0,0.100478468899522,,,0,21.6,42.6
2004,REG+POST,00-0015980,,Reggie Swinton,WR,WR,,8,DET,0,0,0,0,0,0,0,0,0,0,0,0,,0,,,1,3,0,0,0,0,-0.267910303780809,0,18,18,213,1,0,0,0,0,11,22.8392801043792,0,0.0,0.122448979591837,,,0,27.6,45.6
2004,REG+POST,00-0016098,,Fred Taylor,RB,RB,,14,JAX,0,0,0,0,0,0,0,0,0,0,0,0,,0,,,260,1224,2,3,2,48,-18.5991115785003,0,36,36,345,1,0,0,0,0,17,24.0474032953498,0,0.0,0.146938775510204,,,0,170.9,206.9
2004,REG+POST,00-0016193,,Vinny Testaverde,QB,QB,,16,DAL,296,494,3518,17,20,35,186,5,4,0,0,163,8.60615167019753,1,0.0,0.0721257963323659,20,42,1,3,0,2,-3.81839519488858,0,0,0,0,0,0,0,0,0,0,,0,,,,,0,172.92,172.92
2004,REG+POST,00-0016373,,Derrius Thompson,WR,WR,,13,MIA,0,0,0,0,0,0,0,0,0,0,0,0,,0,,,0,0,0,0,0,0,,0,23,23,359,4,0,0,0,0,18,42.0547339603203,0,0.0,0.0912698412698413,,,0,59.9,82.9
2004,REG+POST,00-0016440,,James Thrash,WR,WR,,6,WAS,0,0,0,0,0,0,0,0,0,0,0,0,,0,,,0,0,0,0,0,0,,0,17,17,203,0,0,0,0,0,10,13.8167989499634,0,0.0,0.1328125,,,0,20.3,37.3
2004,REG+POST,00-0016550,,Amani Toomer,WR,WR,,15,NYG,0,0,0,0,0,0,0,0,0,0,0,0,,0,,,0,0,0,0,0,0,,0,51,51,747,0,1,1,0,0,39,57.3412449016274,0,0.0,0.203187250996016,,,0,72.7,123.7
2004,REG+POST,00-0016677,,Jerame Tuman,TE,TE,,6,PIT,0,0,0,0,0,0,0,0,0,0,0,0,,0,,,0,0,0,0,0,0,,0,10,10,97,3,0,0,0,0,6,11.6186292644124,0,0.0,0.113636363636364,,,0,27.7,37.7
2004,REG+POST,00-0016689,,Matt Turk,P,SPEC,,1,MIA,0,0,0,0,0,0,0,0,0,0,0,0,,0,,,1,3,0,0,0,0,-1.72856993961614,0,0,0,0,0,0,0,0,0,0,,0,,,,,0,0.3,0.3
2004,REG+POST,00-0016919,A.Vinatieri,Adam Vinatieri,K,SPEC,"https://static.www.nfl.com/image/private/f_auto,q_auto/league/imfj1hl4kob4jof8hcwa",1,NE,1,1,4,1,0,0,0,0,0,0,0,1,4.05266890418716,0,0.0,,0,0,0,0,0,0,,0,0,0,0,0,0,0,0,0,0,,0,,,,,0,4.16,4.16
2004,REG+POST,00-0016960,,Mike Vrabel,OLB,LB,,3,NE,0,0,0,0,0,0,0,0,0,0,0,0,,0,,,0,0,0,0,0,0,,0,3,3,5,3,0,0,0,0,3,2.93976176413707,0,0.0,0.0461538461538462,,,0,18.5,21.5
2004,REG+POST,00-0017012,,Bracy Walker,SS,DB,,1,DET,0,0,0,0,0,0,0,0,0,0,0,0,,0,,,0,0,0,0,0,0,,0,0,0,0,0,0,0,0,0,0,,0,,,,,1,6.0,6.0
2004,REG+POST,00-0017160,,Dedric Ward,WR,WR,,2,DAL,0,0,0,0,0,0,0,0,0,0,0,0,,0,,,1,11,0,0,0,1,0.727803255605977,0,1,1,5,0,0,0,0,0,0,-0.775664370933284,0,0.0,0.0434782608695652,,,0,1.6,2.6
2004,REG+POST,00-0017162,,Hines Ward,WR,WR,,18,PIT,0,0,0,0,0,0,0,0,0,0,0,0,,0,,,7,25,1,0,0,3,0.261799349449575,0,95,95,1218,6,1,0,0,0,64,101.511224761039,0,0.0,0.366795366795367,,,0,166.3,261.3
2004,REG+POST,00-0017200,,Kurt Warner,QB,QB,,10,NYG,174,277,2054,6,4,39,196,9,3,0,0,93,6.51208417078897,0,0.0,0.0679471442546915,13,30,1,3,1,5,-6.43163076939527,0,0,0,0,0,0,0,0,0,0,,0,,,,,0,99.16,99.16
2004,REG+POST,00-0017356,,Jed Weaver,TE,TE,,4,NE,0,0,0,0,0,0,0,0,0,0,0,0,,0,,,0,0,0,0,0,0,,0,8,8,93,0,0,0,0,0,6,7.81397981441114,0,0.0,0.108108108108108,,,0,9.3,17.3
2004,REG+POST,00-0017486,,Tyrone Wheatley,RB,RB,,8,LV,0,0,0,0,0,0,0,0,0,0,0,0,,0,,,85,327,4,0,0,25,-4.15323389214864,0,15,15,78,0,0,0,0,0,3,0.0075543760322034,0,0.0,0.0903614457831325,,,0,64.5,79.5
2004,REG+POST,00-0017611,,Alvis Whitted,WR,WR,,7,LV,0,0,0,0,0,0,0,0,0,0,0,0,,0,,,0,0,0,0,0,0,,0,9,9,227,2,0,0,0,0,8,22.194817660522,1,0.0,0.0647482014388489,,,0,36.7,45.7
2004,REG+POST,00-0017644,,Jermaine Wiggins,TE,TE,,16,MIN,0,0,0,0,0,0,0,0,0,0,0,0,,0,,,0,0,0,0,0,0,,0,76,76,763,4,1,0,0,0,35,52.8214938858766,0,0.0,0.206521739130435,,,0,100.3,176.3
2004,REG+POST,00-0017693,,Jeff Wilkins,K,SPEC,,2,LA,0,1,0,0,0,0,0,0,0,0,0,0,-2.12688433006406,0,,,1,-5,0,0,0,0,-3.76332331437152,0,0,0,0,0,0,0,0,0,0,,0,,,,,0,-0.5,-0.5
2004,REG+POST,00-0017847,,Karl Williams,WR,WR,,8,ARI,0,0,0,0,0,0,0,0,0,0,0,0,,0,,,2,6,0,1,1,1,-4.82072050403804,0,18,18,197,0,0,0,0,0,10,17.011918889184,0,0.0,0.117647058823529,,,0,18.3,36.3
2004,REG+POST,00-0017892,,Moe Williams,RB,RB,,14,MIN,0,0,0,0,0,0,0,0,0,0,0,0,,0,,,30,161,3,0,0,13,10.2705145830987,0,23,23,305,2,0,0,0,0,11,21.9691314089303,0,0.0,0.0871212121212121,,,0,76.6,99.6
2004,REG+POST,00-0017896,,Nicolas Luchey,RB,RB,,9,GB,0,0,0,0,0,0,0,0,0,0,0,0,,0,,,10,24,0,0,0,4,-1.96896567329532,0,4,4,30,0,0,0,0,0,2,2.67561030999059,0,0.0,0.0555555555555556,,,0,5.4,9.4
2004,REG+POST,00-0018501,,Amos Zereoue,RB,RB,,15,LV,0,0,0,0,0,0,0,0,0,0,0,0,,0,,,112,425,3,1,1,20,-15.0009866434923,0,39,39,284,0,0,0,0,0,11,13.0385381559609,0,0.0,0.125806451612903,,,0,86.9,125.9
2004,REG+POST,00-0018578,,Ryan Neufeld,TE,TE,,3,BUF,0,0,0,0,0,0,0,0,0,0,0,0,,0,,,0,0,0,0,0,0,,0,6,6,61,0,0,0,0,0,2,4.11121313966578,0,0.0,0.113207547169811,,,0,6.1,12.1
2004,REG+POST,00-0018588,,Alan Ricard,RB,RB,,12,BAL,0,0,0,0,0,0,0,0,0,0,0,0,,0,,,10,36,0,0,0,3,-0.167365158966277,0,11,11,39,0,0,0,0,0,3,0.0186114416574128,0,0.0,0.0705128205128205,,,0,7.5,18.5
2004,REG+POST,00-0018958,,Laveranues Coles,WR,WR,,16,WAS,0,0,0,0,0,0,0,0,0,0,0,0,,0,,,3,-3,0,0,0,2,-1.02364178892458,0,90,90,950,1,1,1,0,0,52,81.3588501081405,0,0.0,0.3125,,,0,98.7,188.7
2004,REG+POST,00-0019041,,Billy Volek,QB,QB,,10,TEN,218,357,2485,18,10,30,216,6,2,0,0,120,1.57205573789173,0,0.0,0.0753116727462201,11,50,1,0,0,5,7.72171608958161,0,1,1,-1,0,0,0,0,0,0,-0.521875011734664,0,0.0,0.0256410256410256,,,0,158.3,159.3
2004,REG+POST,00-0019057,,Jamel White,RB,RB,,10,BAL,0,0,0,0,0,0,0,0,0,0,0,0,,0,,,27,82,0,0,0,2,-7.38847797830066,0,6,6,21,0,0,0,0,0,1,-1.77058774765464,0,0.0,0.0483870967741936,,,0,10.3,16.3
2004,REG+POST,00-0019087,,Doug Johnson,QB,QB,,2,TEN,6,12,68,0,0,1,6,0,0,0,0,2,-4.51031222144098,0,0.0,0.0327455067385284,2,-2,0,0,0,0,0.0,0,0,0,0,0,0,0,0,0,0,,0,,,,,0,2.52,2.52
2004,REG+POST,00-0019100,,Brad Hoover,FB,RB,,13,CAR,0,0,0,0,0,0,0,0,0,0,0,0,,0,,,68,246,0,0,0,13,-5.15179008377186,0,21,21,161,2,0,0,0,0,7,9.39538680374901,0,0.0,0.0850202429149798,,,0,52.7,73.7
2004,REG+POST,00-0019127,,Todd Yoder,TE,TE,,9,JAX,0,0,0,0,0,0,0,0,0,0,0,0,,0,,,0,0,0,0,0,0,,0,14,14,157,0,0,0,0,0,6,8.71611507306807,0,0.0,0.0752688172043011,,,0,15.7,29.7
2004,REG+POST,00-0019134,,Joey Goodspeed,RB,RB,,10,LA,0,0,0,0,0,0,0,0,0,0,0,0,,0,,,3,6,1,0,0,2,3.00903931690846,0,11,11,71,0,1,0,0,0,2,3.06391759577673,0,0.0,0.0533980582524272,,,0,13.7,24.7
2004,REG+POST,00-0019135,,Dan Kreider,FB,RB,,7,PIT,0,0,0,0,0,0,0,0,0,0,0,0,,0,,,4,18,0,0,0,1,-0.209207619191147,0,10,10,75,1,0,0,0,0,3,6.50230834551621,0,0.0,0.144927536231884,,,0,15.3,25.3
2004,REG+POST,00-0019172,,Bryan Johnson,FB,RB,,8,CHI,0,0,0,0,0,0,0,0,0,0,0,0,,0,,,0,0,0,0,0,0,,0,14,14,55,2,0,0,0,0,4,2.5346711740884,0,0.0,0.117647058823529,,,0,17.5,31.5
2004,REG+POST,00-0019242,,Dane Looker,WR,WR,,7,LA,0,0,0,0,0,0,0,0,0,0,0,0,,0,,,1,11,0,0,0,1,0.81404326390475,0,16,16,221,0,1,1,0,0,9,11.4300215707008,0,0.0,0.0898876404494382,,,0,21.2,37.2
2004,REG+POST,00-0019281,,Mike Furrey,WR,WR,,1,LA,0,0,0,0,0,0,0,0,0,0,0,0,,0,,,0,0,0,0,0,0,,0,1,1,8,0,0,0,0,0,1,1.55448807612993,0,0.0,0.0434782608695652,,,0,0.8,1.8
2004,REG+POST,00-0019302,,Bryan Gilmore,WR,WR,,8,MIA,0,0,0,0,0,0,0,0,0,0,0,0,,0,,,0,0,0,0,0,0,,0,15,15,206,1,0,0,0,0,10,17.7543641072843,0,0.0,0.0909090909090909,,,0,26.6,41.6
2004,REG+POST,00-0019453,,Rod Smart,RB,RB,,2,CAR,0,0,0,0,0,0,0,0,0,0,0,0,,0,,,3,4,0,0,0,0,-0.78250305360416,0,1,1,5,0,0,0,0,0,0,-0.53268541500438,0,0.0,0.0434782608695652,,,0,0.9,1.9
2004,REG+POST,00-0019455,,Peter Warrick,WR,WR,,2,CIN,0,0,0,0,0,0,0,0,0,0,0,0,,0,,,2,14,0,0,0,0,0.71656055515632,0,11,11,127,0,0,0,0,0,6,10.8035633823602,0,0.0,0.282051282051282,,,0,14.1,25.1
2004,REG+POST,00-0019457,,Anthony Becht,TE,TE,,10,NYJ,0,0,0,0,0,0,0,0,0,0,0,0,,0,,,0,0,0,0,0,0,,0,16,16,128,2,0,0,0,0,10,10.6679647906207,0,0.0,0.0808080808080808,,,0,24.8,40.8
2004,REG+POST,00-0019464,,Dustin Lyman,TE,TE,,7,CHI,0,0,0,0,0,0,0,0,0,0,0,0,,0,,,0,0,0,0,0,0,,0,11,11,73,1,0,0,0,0,3,4.76958615877084,0,0.0,0.0859375,,,0,13.3,24.3
2004,REG+POST,00-0019484,,Sammy Morris,RB,RB,,12,MIA,0,0,0,0,0,1,9,0,0,0,0,0,-3.10091162158642,0,,,132,523,6,1,0,31,1.97600042971317,0,22,22,124,0,0,0,0,0,5,-1.65720222516989,0,0.0,0.143790849673203,,,0,100.7,122.7
2004,REG+POST,00-0019490,,Paul Edinger,K,SPEC,,1,CHI,0,1,0,0,1,0,0,0,0,0,0,0,-1.10172288212925,0,,,0,0,0,0,0,0,,0,0,0,0,0,0,0,0,0,0,,0,,,,,0,-2.0,-2.0
2004,REG+POST,00-0019505,,Charles Lee,WR,WR,,6,TB,0,0,0,0,0,0,0,0,0,0,0,0,,0,,,0,0,0,0,0,0,,0,15,15,207,0,1,1,0,0,10,12.656581271207,0,0.0,0.113636363636364,,,0,18.7,33.7
2004,REG+POST,00-0019516,,Troy Hambrick,RB,RB,,9,ARI,0,0,0,0,0,0,0,0,0,0,0,0,,0,,,63,283,1,0,0,12,-0.9661520864004,0,4,4,16,1,0,0,0,0,1,0.607890702784061,0,0.0,0.108108108108108,,,0,41.9,45.9
2004,REG+POST,00-0019533,,Patrick Pass,RB,RB,,14,NE,0,0,0,0,0,0,0,0,0,0,0,0,,0,,,40,141,0,0,0,6,-7.53487147469846,0,29,29,229,0,1,0,0,0,8,8.42155338019166,0,0.0,0.147208121827411,,,0,37.0,66.0
2004,REG+POST,00-0019539,,Dante Hall,WR,WR,,13,KC,0,0,0,0,0,0,0,0,0,0,0,0,,0,,,8,56,0,0,0,2,1.37207227299223,0,25,25,230,0,0,0,0,0,15,17.3166033875314,0,0.0,0.0943396226415094,,,2,40.6,65.6
2004,REG+POST,00-0019552,,Troy Walters,WR,WR,,1,IND,0,0,0,0,0,0,0,0,0,0,0,0,,0,,,0,0,0,0,0,0,,0,1,1,5,0,0,0,0,0,0,0.277339556603692,0,0.0,0.0588235294117647,,,0,0.5,1.5
2004,REG+POST,00-0019559,,Chad Pennington,QB,QB,,15,NYJ,286,436,3134,18,10,23,129,3,1,0,0,161,36.974316058569,0,0.0,0.0765925982105754,39,139,1,2,1,12,0.117359863416773,0,0,0,0,0,0,0,0,0,0,,0,,,,,0,193.26,193.26
2004,REG+POST,00-0019564,,Aaron Shea,TE,TE,,11,CLE,0,0,0,0,0,0,0,0,0,0,0,0,,0,,,0,0,0,0,0,0,,0,26,26,252,4,0,0,0,0,13,24.9273868171743,0,0.0,0.146067415730337,,,0,49.2,75.2
2004,REG+POST,00-0019587,,Terrelle Smith,FB,RB,,7,CLE,0,0,0,0,0,0,0,0,0,0,0,0,,0,,,4,9,0,0,0,3,1.08428115601419,0,7,7,39,0,0,0,0,0,2,2.23515866603702,0,0.0,0.0686274509803922,,,0,4.8,11.8
2004,REG+POST,00-0019596,T.Brady,Tom Brady,QB,QB,"https://static.www.nfl.com/image/private/f_auto,q_auto/league/q7dpdlxyu5rs05rgh1le",19,NE,343,555,4277,33,14,33,219,6,4,0,0,220,140.343316649209,0,0.0,0.141246779987428,50,31,1,2,2,14,-12.7369349561912,0,0,0,0,0,0,0,0,0,0,,0,,,,,0,272.18,272.18
2004,REG+POST,00-0019599,,Marc Bulger,QB,QB,,16,LA,362,552,4576,25,16,50,358,6,5,0,0,209,95.2258201654172,1,0.0,0.119249743934236,23,103,3,0,0,7,10.2884582561736,0,0,0,0,0,0,0,0,0,0,,0,,,,,0,271.34,271.34
2004,REG+POST,00-0019600,,Michael L. Lewis,WR,WR,,6,NO,0,0,0,0,0,0,0,0,0,0,0,0,,0,,,0,0,0,0,0,0,,0,8,8,127,0,0,0,0,0,7,9.98586095689097,0,0.0,0.062992125984252,,,1,18.7,26.7
2004,REG+POST,00-0019606,,Todd Pinkston,WR,WR,,16,PHI,0,0,0,0,0,0,0,0,0,0,0,0,,0,,,0,0,0,0,0,0,,0,44,44,817,1,0,0,0,0,31,65.1574503579177,0,0.0,0.126801152737752,,,0,87.7,131.7
2004,REG+POST,00-0019610,,Reuben Droughns,RB,RB,,16,DEN,0,0,0,0,0,0,0,0,0,0,0,0,,0,,,283,1269,6,5,3,70,-7.63123615078339,0,36,36,269,2,0,0,0,0,15,12.1850378079071,0,0.0,0.130434782608696,,,0,195.8,231.8
2004,REG+POST,00-0019623,,Tim Rattay,QB,QB,,9,SF,198,325,2169,10,10,37,211,10,6,0,0,108,-30.4132878786851,2,0.0,0.0439112460324265,12,55,0,1,0,4,-0.366451455920469,1,0,0,0,0,0,0,0,0,0,,0,,,,,0,106.26,106.26
2004,REG+POST,00-0019641,,Thomas Jones,RB,RB,,14,CHI,0,0,0,0,0,0,0,0,0,0,0,0,,0,,,240,948,7,2,1,49,-16.7425505951932,0,56,56,427,0,0,0,0,0,16,12.7380396591057,0,0.0,0.256880733944954,,,0,177.5,233.5
2004,REG+POST,00-0019642,,Plaxico Burress,WR,WR,,13,PIT,0,0,0,0,0,0,0,0,0,0,0,0,,0,,,0,0,0,0,0,0,,0,40,40,763,6,1,0,0,0,36,71.5025865251299,0,0.0,0.205128205128205,,,0,112.3,152.3
2004,REG+POST,00-0019643,,Ron Dayne,RB,RB,,11,NYG,0,0,0,0,0,0,0,0,0,0,0,0,,0,,,52,179,1,0,0,10,-7.74630788172924,0,1,1,7,0,0,0,0,0,0,-0.135531537700444,0,0.0,0.0833333333333333,,,0,24.6,25.6
2004,REG+POST,00-0019644,,Bubba Franks,TE,TE,,16,GB,0,0,0,0,0,0,0,0,0,0,0,0,,0,,,0,0,0,0,0,0,,0,36,36,393,8,0,0,0,0,22,37.0217336238129,0,0.0,0.0942408376963351,,,0,87.3,123.3
2004,REG+POST,00-0019647,,Shaun Alexander,RB,RB,,17,SEA,0,0,0,0,0,0,0,0,0,0,0,0,,0,,,368,1728,16,5,3,80,-0.917115471657162,0,24,24,195,4,0,0,0,0,10,12.7531663761674,0,0.0,0.0979591836734694,,,0,306.3,330.3
2004,REG+POST,00-0019650,,Dennis Northcutt,WR,WR,,16,CLE,0,0,0,0,0,0,0,0,0,0,0,0,,0,,,8,19,0,0,0,1,-1.1455526384525,0,55,55,806,2,0,0,0,0,25,47.7632539018607,0,0.0,0.219123505976096,,,0,94.5,149.5
2004,REG+POST,00-0019659,,Erron Kinney,TE,TE,,9,TEN,0,0,0,0,0,0,0,0,0,0,0,0,,0,,,0,0,0,0,0,0,,0,25,25,193,3,0,0,0,0,14,16.5820478908262,0,0.0,0.132275132275132,,,0,37.3,62.3
2004,REG+POST,00-0019660,,Dez White,WR,WR,,16,ATL,0,0,0,0,0,0,0,0,0,0,0,0,,0,,,3,14,0,0,0,1,-1.68071540193393,0,32,32,380,2,0,0,0,0,15,26.4412326097663,0,0.0,0.146118721461187,,,0,51.4,83.4
2004,REG+POST,00-0019663,,Darrell Jackson,WR,WR,,17,SEA,0,0,0,0,0,0,0,0,0,0,0,0,,0,,,0,0,0,0,0,0,,0,99,99,1335,8,2,1,0,0,65,115.223187277908,1,0.0,0.299093655589124,,,0,181.5,280.5
2004,REG+POST,00-0019693,,Jamal Lewis,RB,RB,,12,BAL,0,0,0,0,0,0,0,0,0,0,0,0,,0,,,235,1006,7,2,0,48,-6.83162745044161,0,10,10,116,0,0,0,0,0,5,6.56169690872775,0,0.0,0.0934579439252336,,,0,154.2,164.2
2004,REG+POST,00-0019703,,Jerry Porter,WR,WR,,16,LV,0,0,0,0,0,0,0,0,0,0,0,0,,0,,,1,-4,0,0,0,0,-0.942890859441832,0,64,64,998,9,2,2,0,0,47,86.7905585116532,0,0.0,0.193939393939394,,,0,149.4,213.4
2004,REG+POST,00-0019704,,Cosey Coleman,G,OL,,1,TB,0,0,0,0,0,0,0,0,0,0,0,0,,0,,,0,0,0,0,0,0,,0,1,1,4,0,0,0,0,0,0,-0.852823198046558,0,0.0,0.0454545454545455,,,0,0.4,1.4
2004,REG+POST,00-0019721,,Travis Taylor,WR,WR,,10,BAL,0,0,0,0,0,0,0,0,0,0,0,0,,0,,,0,0,0,0,0,0,,0,34,34,421,0,1,1,0,0,21,27.6974887484589,0,0.0,0.182795698924731,,,0,40.1,74.1
2004,REG+POST,00-0019722,,J.R. Redmond,RB,RB,,15,LV,0,0,0,0,0,0,0,0,0,0,0,0,,0,,,21,119,0,2,1,5,-3.52049673988337,0,32,32,233,0,0,0,0,0,7,3.83208233822386,0,0.0,0.111111111111111,,,0,33.2,65.2
2004,REG+POST,00-0019770,,Jay Feely,K,SPEC,,1,ATL,0,0,0,0,0,0,0,0,0,0,0,0,,0,,,0,0,0,0,0,0,,0,1,1,-2,0,0,0,0,0,0,-2.60162080504233,0,0.0,0.05,,,0,-0.2,0.8
2004,REG+POST,00-0019790,,Steve Cheek,P,SPEC,,1,KC,0,0,0,0,0,0,0,0,0,0,0,0,,0,,,1,0,0,1,1,0,-2.71651885221945,0,0,0,0,0,0,0,0,0,0,,0,,,,,0,-2.0,-2.0
2004,REG+POST,00-0019807,,Ross Tucker,T,OL,,1,BUF,0,0,0,0,0,0,0,0,0,0,0,0,,0,,,1,0,0,1,0,0,-1.75058363843709,0,0,0,0,0,0,0,0,0,0,,0,,,,,0,0.0,0.0
2004,REG+POST,00-0019808,,Kenny Watson,RB,RB,,15,CIN,0,0,0,0,0,0,0,0,0,0,0,0,,0,,,25,158,0,2,1,8,2.41301178771117,0,25,25,171,1,0,0,0,0,8,9.69796373436967,0,0.0,0.0992063492063492,,,0,36.9,61.9
2004,REG+POST,00-0019831,,Nick Goings,RB,RB,,16,CAR,0,0,0,0,0,0,0,0,0,0,0,0,,0,,,217,821,6,1,1,39,-21.5749884085117,0,45,45,394,1,0,0,0,13,18,21.9050887754751,0,0.0,0.152542372881356,,,0,161.5,206.5
2004,REG+POST,00-0019863,,Dominic Rhodes,RB,RB,,13,IND,0,0,0,0,0,0,0,0,0,0,0,0,,0,,,58,266,2,1,1,17,-6.48186960365274,0,3,3,22,0,1,1,0,0,1,-0.280214304686524,0,0.0,0.0454545454545455,,,1,42.8,45.8
2004,REG+POST,00-0019907,,Ben Steele,TE,TE,,3,GB,0,0,0,0,0,0,0,0,0,0,0,0,,0,,,0,0,0,0,0,0,,0,4,4,42,0,0,0,0,0,2,2.41475797409657,0,0.0,0.0506329113924051,,,0,4.2,8.2
2004,REG+POST,00-0019919,,Randal Williams,TE,TE,,2,DAL,0,0,0,0,0,0,0,0,0,0,0,0,,0,,,1,13,0,0,0,1,1.35636014485499,0,1,1,14,0,0,0,0,0,1,1.18252121773548,0,0.0,0.0555555555555556,,,0,2.7,3.7
2004,REG+POST,00-0019932,,Josh Parry,FB,RB,,10,PHI,0,0,0,0,0,0,0,0,0,0,0,0,,0,,,0,0,0,0,0,0,,0,12,12,87,0,1,0,0,0,4,3.05467345920624,0,0.0,0.051948051948052,,,0,8.7,20.7
2004,REG+POST,00-0019976,,Drew Bennett,WR,WR,,15,TEN,1,1,26,1,0,0,0,0,0,0,0,1,3.88857303012628,0,0.0,,1,12,0,0,0,1,1.12116110604256,0,80,80,1247,11,2,0,0,0,62,123.103359762579,0,0.0,0.238805970149254,,,0,196.94,276.94
2004,REG+POST,00-0019997,,Antonio Chatman,WR,WR,,13,GB,0,0,0,0,0,0,0,0,0,0,0,0,,0,,,4,36,0,1,0,1,2.29878245777218,0,24,24,271,1,0,0,0,0,17,26.4593089086005,0,0.0,0.0779220779220779,,,0,36.7,60.7
2004,REG+POST,00-0020021,,Nate Poole,WR,WR,,3,ARI,0,0,0,0,0,0,0,0,0,0,0,0,,0,,,0,0,0,0,0,0,,0,5,5,70,0,0,0,0,0,2,4.68410017783754,0,0.0,0.0892857142857143,,,0,7.0,12.0
2004,REG+POST,00-0020046,,Walter Williams,RB,RB,,1,GB,0,0,0,0,0,0,0,0,0,0,0,0,,0,,,6,42,0,0,0,1,0.365424532734323,0,0,0,0,0,0,0,0,0,0,,0,,,,,0,4.2,4.2
2004,REG+POST,00-0020058,,David Allen,RB,RB,,2,JAX,0,0,0,0,0,0,0,0,0,0,0,0,,0,,,0,0,0,0,0,0,,0,2,2,8,0,0,0,0,0,0,-0.0539071437669918,0,0.0,0.0571428571428571,,,0,0.8,2.8
2004,REG+POST,00-0020073,,Jasen Isom,RB,RB,,2,SF,0,0,0,0,0,0,0,0,0,0,0,0,,0,,,1,0,0,0,0,0,-1.58585992315784,0,1,1,1,0,0,0,0,0,0,-0.511192956008017,0,0.0,0.037037037037037,,,0,0.1,1.1
2004,REG+POST,00-0020094,,Stephen Trejo,RB,RB,,3,DET,0,0,0,0,0,0,0,0,0,0,0,0,,0,,,0,0,0,0,0,0,,0,4,4,37,0,0,0,0,0,3,4.18105010368163,0,0.0,0.0754716981132076,,,0,3.7,7.7
2004,REG+POST,00-0020127,,Daniel Wilcox,TE,TE,,10,BAL,0,0,0,0,0,0,0,0,0,0,0,0,,0,,,0,0,0,0,0,0,,0,25,25,219,1,1,0,0,0,12,17.0950044027907,0,0.0,0.153374233128834,,,0,27.9,52.9
2004,REG+POST,00-0020171,,Boo Williams,WR,WR,,14,NO,0,0,0,0,0,0,0,0,0,0,0,0,,0,,,0,0,0,0,0,0,,0,33,33,362,2,2,1,0,0,18,27.6307127545726,0,0.0,0.125954198473282,,,0,46.2,79.2
2004,REG+POST,00-0020187,,Marcellus Rivers,TE,TE,,3,NYG,0,0,0,0,0,0,0,0,0,0,0,0,,0,,,0,0,0,0,0,0,,0,5,5,36,1,0,0,0,0,3,3.13207996857818,0,0.0,0.0980392156862745,,,0,9.6,14.6
2004,REG+POST,00-0020199,,Brian Russell,DB,DB,,1,MIN,0,0,0,0,0,0,0,0,0,0,0,0,,0,,,1,4,0,0,0,0,-1.95852379105054,0,0,0,0,0,0,0,0,0,0,,0,,,,,0,0.4,0.4
2004,REG+POST,00-0020245,,Mike Vick,QB,QB,"https://static.www.nfl.com/image/private/f_auto,q_auto/league/hrg4riwhpjbijfovsjrk",17,ATL,204,361,2531,16,13,50,308,12,6,0,0,111,-75.6451412056858,0,0.0,0.0562633410170998,133,1047,3,6,2,52,47.9951784675577,0,1,1,2,0,0,0,0,0,0,-0.235457708593458,0,0.0,0.0769230769230769,,,0,246.14,247.14
2004,REG+POST,00-0020267,,Nick Harris,P,SPEC,"https://static.www.nfl.com/image/private/f_auto,q_auto/league/ko6iq143yffkkrsidnyh",1,DET,0,0,0,0,0,0,0,0,0,0,0,0,,0,,,1,-7,0,0,0,0,-0.504700673045591,0,0,0,0,0,0,0,0,0,0,,0,,,,,0,-0.7,-0.7
2004,REG+POST,00-0020268,,Tony Stewart,TE,TE,,7,CIN,0,0,0,0,0,0,0,0,0,0,0,0,,0,,,0,0,0,0,0,0,,0,10,10,48,1,0,0,0,0,2,1.48098405728957,0,0.0,0.0666666666666667,,,0,10.8,20.8
2004,REG+POST,00-0020274,,Billy Baber,TE,TE,,1,TB,0,0,0,0,0,0,0,0,0,0,0,0,,0,,,0,0,0,0,0,0,,0,1,1,7,0,0,0,0,0,0,0.464026083704084,0,0.0,0.0625,,,0,0.7,1.7
2004,REG+POST,00-0020285,,Alge Crumpler,TE,TE,,16,ATL,0,0,0,0,0,0,0,0,0,0,0,0,,0,,,0,0,0,0,0,0,,0,54,54,845,7,1,1,0,0,34,59.1221418940548,0,0.0,0.264705882352941,,,0,124.5,178.5
2004,REG+POST,00-0020305,,A.J. Feeley,QB,QB,,11,MIA,191,356,1893,11,15,23,136,7,4,0,0,101,-80.5784211148372,2,0.0,0.0239490969625912,14,13,1,3,1,2,-16.0363921651733,0,0,0,0,0,0,0,0,0,0,,0,,,,,0,91.02,91.02
2004,REG+POST,00-0020308,,Mike McMahon,QB,QB,,1,DET,11,15,77,0,1,1,12,1,0,0,0,4,-3.71122042398201,0,0.0,0.0282042909041235,2,18,0,0,0,0,-0.438688323833048,0,0,0,0,0,0,0,0,0,0,,0,,,,,0,2.88,2.88
2004,REG+POST,00-0020315,,Derrick Blaylock,RB,RB,,12,KC,0,0,0,0,0,0,0,0,0,0,0,0,,0,,,118,539,8,0,0,34,11.3793845991668,0,25,25,244,1,0,0,0,0,10,11.9292392032221,0,0.0,0.106382978723404,,,0,132.3,157.3
2004,REG+POST,00-0020332,,David Martin,TE,TE,,5,GB,0,0,0,0,0,0,0,0,0,0,0,0,,0,,,0,0,0,0,0,0,,0,5,5,88,0,0,0,0,0,3,3.97071258851793,0,0.0,0.0505050505050505,,,0,8.8,13.8
2004,REG+POST,00-0020337,,Steve Smith,WR,WR,"https://static.www.nfl.com/image/private/f_auto,q_auto/league/k23e0b8cto93he9rt0zc",1,CAR,0,1,0,0,0,0,0,0,0,0,0,0,-0.532775414176285,0,,,0,0,0,0,0,0,,0,6,6,60,0,0,0,0,0,4,5.54160359391244,0,0.0,0.260869565217391,,,0,6.0,12.0
2004,REG+POST,00-0020342,,Brandon Manumaleuna,TE,TE,,10,LA,0,0,0,0,0,0,0,0,0,0,0,0,,0,,,0,0,0,0,0,0,,0,16,16,192,1,0,0,0,0,8,13.0671081046457,0,0.0,0.065843621399177,,,0,25.2,41.2
2004,REG+POST,00-0020343,,Jonathan Carter,WR,WR,,8,NYJ,0,0,0,0,0,0,0,0,0,0,0,0,,0,,,0,0,0,0,0,0,,0,11,11,180,1,0,0,0,0,8,17.8765056041884,0,0.0,0.0662650602409639,,,0,24.0,35.0
2004,REG+POST,00-0020361,,Alex Bannister,WR,WR,,1,SEA,0,0,0,0,0,0,0,0,0,0,0,0,,0,,,0,0,0,0,0,0,,0,2,2,10,0,0,0,0,0,0,0.12497716100188,0,0.0,0.0740740740740741,,,0,1.0,3.0
2004,REG+POST,00-0020381,,Justin McCareins,WR,WR,,18,NYJ,0,0,0,0,0,0,0,0,0,0,0,0,,0,,,2,-5,0,0,0,0,-1.94274276425131,0,69,69,939,4,1,0,0,0,53,74.709614973215,0,0.0,0.211656441717791,,,0,117.4,186.4
2004,REG+POST,00-0020391,,Jameel Cook,RB,RB,,4,TB,0,0,0,0,0,0,0,0,0,0,0,0,,0,,,0,0,0,0,0,0,,0,7,7,44,1,0,0,0,0,3,6.11391488520894,0,0.0,0.101449275362319,,,0,10.4,17.4
2004,REG+POST,00-0020397,,Chad Johnson,WR,WR,,16,CIN,0,0,0,0,0,0,0,0,0,0,0,0,,0,,,4,39,0,0,0,1,2.32335930503905,0,95,95,1274,9,1,0,0,0,63,111.166298247551,0,0.0,0.29320987654321,,,0,185.3,280.3
2004,REG+POST,00-0020403,,Anthony Thomas,RB,RB,,12,CHI,0,0,0,0,0,0,0,0,0,0,0,0,,0,,,122,404,2,1,1,16,-24.2510748225606,0,17,17,132,0,0,0,0,0,5,5.75378734931162,0,0.0,0.151785714285714,,,0,63.6,80.6
2004,REG+POST,00-0020404,,Quincy Carter,QB,QB,,6,NYJ,35,58,498,3,1,12,70,1,0,0,0,25,4.21447305880782,0,0.0,0.0525721089351076,12,20,0,1,0,2,-2.96746738685761,0,0,0,0,0,0,0,0,0,0,,0,,,,,0,31.92,31.92
2004,REG+POST,00-0020407,,Rudi Johnson,RB,RB,,16,CIN,0,0,0,0,0,0,0,0,0,0,0,0,,0,,,362,1457,12,4,4,73,-43.9550968388594,0,15,15,84,0,0,0,0,0,2,0.969740857253782,0,0.0,0.077720207253886,,,0,218.1,233.1
2004,REG+POST,00-0020415,,Andre King,WR,WR,,3,CLE,0,0,0,0,0,0,0,0,0,0,0,0,,0,,,0,0,0,0,0,0,,0,5,5,49,0,0,0,0,0,2,4.35344466916285,0,0.0,0.087719298245614,,,0,4.9,9.9
2004,REG+POST,00-0020427,,Quincy Morgan,WR,WR,,15,DAL,0,0,0,0,0,0,0,0,0,0,0,0,,0,,,2,23,0,0,0,1,0.775793921435252,0,31,31,404,3,1,1,0,0,19,27.9646340719805,0,0.0,0.12109375,,,0,58.7,89.7
2004,REG+POST,00-0020428,,Robert Ferguson,WR,WR,,12,GB,0,0,0,0,0,0,0,0,0,0,0,0,,0,,,0,0,0,0,0,0,,0,24,24,367,1,0,0,0,0,18,31.2188556981855,1,0.0,0.0824742268041237,,,0,44.7,68.7
2004,REG+POST,00-0020430,,James Jackson,RB,RB,,3,CLE,0,0,0,0,0,0,0,0,0,0,0,0,,0,,,12,81,0,0,0,2,0.919652519980446,0,6,6,22,0,0,0,0,0,1,-1.74568782556502,0,0.0,0.136363636363636,,,0,10.3,16.3
2004,REG+POST,00-0020438,,T.J. Houshmandzadeh,WR,WR,,15,CIN,0,0,0,0,0,0,0,0,0,0,0,0,,0,,,6,51,0,0,0,2,3.14712264004629,0,73,73,978,4,0,0,0,0,49,89.6784789445668,0,0.0,0.240131578947368,,,0,126.9,199.9
2004,REG+POST,00-0020446,,Chris Chambers,WR,WR,,15,MIA,0,0,0,0,0,0,0,0,0,0,0,0,,0,,,9,76,0,1,1,4,-2.66688206716208,0,69,69,898,7,0,0,0,20,46,82.4413216458899,1,0.0,0.237113402061856,,,0,139.4,208.4
2004,REG+POST,00-0020448,,Travis Minor,RB,RB,,11,MIA,0,0,0,0,0,0,0,0,0,0,0,0,,0,,,110,395,3,0,0,21,-10.4715732492332,0,13,13,75,0,0,0,0,0,2,1.87613385701191,0,0.0,0.0866666666666667,,,0,65.0,78.0
2004,REG+POST,00-0020452,,Cedrick Wilson,WR,WR,"https://static.www.nfl.com/image/private/f_auto,q_auto/league/r1vaoqltojlmfodlskwx",14,SF,0,0,0,0,0,0,0,0,0,0,0,0,,0,,,1,6,0,0,0,1,0.597570490092039,0,47,47,641,3,0,0,0,0,35,66.1200950304046,0,0.0,0.167259786476868,,,0,82.7,129.7
2004,REG+POST,00-0020455,,Eric Johnson,TE,TE,,16,SF,0,0,0,0,0,0,0,0,0,0,0,0,,0,,,0,0,0,0,0,0,,0,82,82,825,2,1,1,0,0,45,65.4437612809998,0,0.0,0.252307692307692,,,0,92.5,174.5
2004,REG+POST,00-0020462,,LaMont Jordan,RB,RB,,16,NYJ,0,1,0,0,1,0,0,0,0,0,0,0,-6.92475732375169,0,,,105,559,2,0,0,31,10.6259606769509,0,19,19,136,0,0,0,0,0,8,6.16834663154441,0,0.0,0.0745098039215686,,,0,79.5,98.5
2004,REG+POST,00-0020464,,Darnerien McCants,WR,WR,,3,WAS,0,0,0,0,0,0,0,0,0,0,0,0,,0,,,0,0,0,0,0,0,,0,5,5,71,0,0,0,0,0,4,5.10741291218437,0,0.0,0.0847457627118644,,,0,7.1,12.1
2004,REG+POST,00-0020471,,Travis Henry,RB,RB,,9,BUF,0,0,0,0,0,0,0,0,0,0,0,0,,0,,,94,326,0,0,0,17,-19.3085691602552,0,10,10,45,0,0,0,0,0,4,1.71682347060489,0,0.0,0.0909090909090909,,,0,37.1,47.1
2004,REG+POST,00-0020474,,Kevan Barlow,RB,RB,,15,SF,0,0,0,0,0,0,0,0,0,0,0,0,,0,,,244,822,7,2,2,44,-39.2402991330404,0,35,35,212,0,0,0,0,0,11,9.50711011013482,0,0.0,0.12589928057554,,,0,141.4,176.4
2004,REG+POST,00-0020476,,Shad Meier,TE,TE,,7,TEN,0,0,0,0,0,0,0,0,0,0,0,0,,0,,,0,0,0,0,0,0,,0,25,25,127,2,1,1,0,0,6,-3.26509097127286,0,0.0,0.125628140703518,,,0,22.7,47.7
2004,REG+POST,00-0020479,,George Layne,RB,RB,,2,ATL,0,0,0,0,0,0,0,0,0,0,0,0,,0,,,1,12,0,0,0,1,0.776812483090907,0,1,1,6,0,0,0,0,0,0,0.271704459562898,0,0.0,0.05,,,0,1.8,2.8
2004,REG+POST,00-0020480,,Sage Rosenfels,QB,QB,,2,MIA,16,39,264,1,3,3,16,2,0,0,0,9,-13.0404633572582,0,0.0,0.0248550149906795,0,0,0,0,0,0,,0,0,0,0,0,0,0,0,0,0,,0,,,,,0,8.56,8.56
2004,REG+POST,00-0020485,,Eddie Berlin,WR,WR,,12,TEN,0,0,0,0,0,0,0,0,0,0,0,0,,0,,,0,0,0,0,0,0,,0,20,20,278,1,0,0,0,0,14,26.6930079848971,0,0.0,0.0749063670411985,,,0,33.8,53.8
2004,REG+POST,00-0020490,,Koren Robinson,WR,WR,,10,SEA,0,0,0,0,0,0,0,0,0,0,0,0,,0,,,1,3,0,0,0,0,-0.308243569917977,0,35,35,535,2,2,0,0,0,24,42.285680592347,0,0.0,0.180412371134021,,,0,65.8,100.8
2004,REG+POST,00-0020494,,Santana Moss,WR,WR,,17,NYJ,0,0,0,0,0,0,0,0,0,0,0,0,,0,,,6,18,0,1,0,2,-0.457366190734319,0,53,53,969,6,0,0,0,0,41,81.7873486535973,0,0.0,0.173202614379085,,,1,140.7,193.7
2004,REG+POST,00-0020495,,Nate Clements,SS,DB,,1,BUF,0,0,0,0,0,0,0,0,0,0,0,0,,0,,,0,0,0,0,0,0,,0,0,0,0,0,0,0,0,0,0,,0,,,,,1,6.0,6.0
2004,REG+POST,00-0020497,,Freddie Mitchell,WR,WR,,15,PHI,0,0,0,0,0,0,0,0,0,0,0,0,,0,,,0,0,0,0,0,0,,0,30,30,473,3,1,0,0,0,24,36.9941278177691,0,0.0,0.0887573964497041,,,0,65.3,95.3
2004,REG+POST,00-0020498,,Reggie Wayne,WR,WR,,18,IND,0,0,0,0,0,0,0,0,0,0,0,0,,0,,,1,-4,0,0,0,0,-1.22378454124555,0,90,90,1466,14,1,1,0,0,69,127.958550168546,0,0.0,0.221130221130221,,,0,228.2,318.2
2004,REG+POST,00-0020507,,Heath Evans,FB,RB,,3,SEA,0,0,0,0,0,0,0,0,0,0,0,0,,0,,,7,20,0,1,0,3,1.17632889206288,0,2,2,12,0,0,0,0,0,0,0.36232800828293,0,0.0,0.0487804878048781,,,0,3.2,5.2
2004,REG+POST,00-0020508,,Moran Norris,RB,RB,,4,HOU,0,0,0,0,0,0,0,0,0,0,0,0,,0,,,1,0,0,0,0,0,-0.484968019765802,0,4,4,13,0,0,0,0,0,1,-0.568581653060392,0,0.0,0.0555555555555556,,,0,1.3,5.3
2004,REG+POST,00-0020513,,David Terrell,WR,WR,,15,CHI,0,0,0,0,0,0,0,0,0,0,0,0,,0,,,3,10,0,1,1,1,-4.5106610180228,0,42,42,699,1,0,0,0,0,35,53.0020239287193,0,0.0,0.186666666666667,,,0,74.9,116.9
2004,REG+POST,00-0020514,,Michael Bennett,RB,RB,,12,MIN,0,0,0,0,0,0,0,0,0,0,0,0,,0,,,87,344,1,1,0,19,-9.61499786819331,0,25,25,218,1,0,0,0,0,6,13.4260727571632,0,0.0,0.130208333333333,,,0,68.2,93.2
2004,REG+POST,00-0020516,,Todd Heap,TE,TE,,6,BAL,0,0,0,0,0,0,0,0,0,0,0,0,,0,,,0,0,0,0,0,0,,0,27,27,303,3,0,0,0,0,17,25.1450850879138,0,0.0,0.254716981132076,,,0,48.3,75.3
2004,REG+POST,00-0020525,,Rod Gardner,WR,WR,,16,WAS,0,3,0,0,0,1,3,0,0,0,0,0,-3.08113781816792,0,,,3,7,0,0,0,2,-0.640825762646273,0,51,51,650,5,0,0,0,0,30,55.8335740745533,0,0.0,0.181494661921708,,,0,95.7,146.7
2004,REG+POST,00-0020527,,Deuce McAllister,RB,RB,,14,NO,0,0,0,0,0,0,0,0,0,0,0,0,,0,,,269,1074,9,5,4,53,-37.3421237848603,0,34,34,228,0,0,0,0,0,5,2.21081668787519,0,0.0,0.171717171717172,,,0,176.2,210.2
2004,REG+POST,00-0020531,D.Brees,Drew Brees,QB,QB,"https://static.www.nfl.com/image/private/f_auto,q_auto/league/i20xlpzdmn7xubotijjd",16,LAC,293,442,3478,29,8,19,133,4,0,0,0,152,138.4886230462,0,0.0,0.15764670206785,58,102,2,3,1,21,-6.97713063165429,0,1,1,38,0,0,0,0,0,1,3.94347285910044,0,0.0,0.0666666666666667,,,0,263.12,264.12
2004,REG+POST,00-0020536,,LaDainian Tomlinson,RB,RB,,16,LAC,1,2,38,0,0,2,10,1,1,0,0,1,-4.10988826154041,0,0.0,,365,1415,17,5,2,76,-10.2149987344207,0,62,62,494,1,1,0,0,0,17,18.5555966779364,0,0.0,0.205980066445183,,,0,294.42,356.42
2004,REG+POST,00-0020550,,Darnell Dinkins,TE,TE,,6,BAL,0,0,0,0,0,0,0,0,0,0,0,0,,0,,,0,0,0,0,0,0,,0,9,9,94,1,0,0,0,0,5,7.90322369418573,0,0.0,0.0810810810810811,,,0,15.4,24.4
2004,REG+POST,00-0020562,,Chad Hutchinson,QB,QB,,5,CHI,92,161,903,4,3,23,160,4,3,0,0,43,-48.5158375603293,0,0.0,0.0273513746623647,6,14,0,4,1,1,-7.34502050629817,0,0,0,0,0,0,0,0,0,0,,0,,,,,0,39.52,39.52
2004,REG+POST,00-0020587,,Jamal Robertson,RB,RB,,3,SF,0,0,0,0,0,0,0,0,0,0,0,0,,0,,,16,71,1,2,2,6,-5.21724755433388,0,4,4,34,0,0,0,0,0,2,2.31183537072502,0,0.0,0.0714285714285714,,,0,12.5,16.5
2004,REG+POST,00-0020608,,David Carr,QB,QB,,16,HOU,286,467,3539,16,14,50,305,5,2,0,0,173,30.8197501352549,0,0.0,0.0746369783752261,72,303,0,5,0,24,-3.19826110249099,0,0,0,0,0,0,0,0,0,0,,0,,,,,0,203.86,203.86
2004,REG+POST,00-0020617,,Nate Jackson,WR,WR,,4,DEN,0,0,0,0,0,0,0,0,0,0,0,0,,0,,,0,0,0,0,0,0,,0,8,8,73,0,0,0,0,0,3,3.40401746757561,0,0.0,0.105263157894737,,,0,7.3,15.3
2004,REG+POST,00-0020692,,Eddie Drummond,WR,WR,,3,DET,0,0,0,0,0,0,0,0,0,0,0,0,,0,,,1,9,0,0,0,0,0.808000077726319,0,0,0,0,0,0,0,0,0,0,,0,,,,,4,24.9,24.9
2004,REG+POST,00-0020700,,James Mungro,RB,RB,,9,IND,0,0,0,0,0,0,0,0,0,0,0,0,,0,,,5,19,0,0,0,1,0.513317251345143,0,8,8,38,4,0,0,0,0,6,7.00274291774258,0,0.0,0.0484848484848485,,,0,29.7,37.7
2004,REG+POST,00-0020754,,Kelly Campbell,WR,WR,,14,MIN,0,0,0,0,0,0,0,0,0,0,0,0,,0,,,3,4,0,1,1,1,-6.58739590807818,0,21,21,383,1,0,0,0,0,15,30.0666430919664,0,0.0,0.0632530120481928,,,0,42.7,63.7
2004,REG+POST,00-0020770,,John Stone,WR,WR,,2,LV,0,0,0,0,0,0,0,0,0,0,0,0,,0,,,0,0,0,0,0,0,,0,3,3,80,0,0,0,0,0,2,4.82291490596253,0,0.0,0.0731707317073171,,,0,8.0,11.0
2004,REG+POST,00-0020780,,Frisman Jackson,WR,WR,,7,CLE,0,1,0,0,0,0,0,0,0,0,0,0,-0.446124444715679,0,,,1,4,0,0,0,1,0.952099358080886,0,13,13,168,0,0,0,0,0,8,12.5664178130101,0,0.0,0.146067415730337,,,0,17.2,30.2
2004,REG+POST,00-0020793,,Eric McCoo,RB,RB,,1,PHI,0,0,0,0,0,0,0,0,0,0,0,0,,0,,,9,54,0,0,0,3,2.92829892004374,0,2,2,15,0,0,0,0,0,0,0.0937641610507853,0,0.0,0.0645161290322581,,,0,6.9,8.9
2004,REG+POST,00-0020797,,Maurice Hicks,RB,RB,,8,SF,0,0,0,0,0,0,0,0,0,0,0,0,,0,,,96,362,2,3,3,19,-26.0148358666114,0,16,16,154,0,0,0,0,0,9,10.3957484511193,0,0.0,0.128,,,0,57.6,73.6
2004,REG+POST,00-0020805,,Jason McKie,RB,RB,,6,CHI,0,0,0,0,0,0,0,0,0,0,0,0,,0,,,1,1,0,0,0,0,-0.440447391709313,0,13,13,70,2,0,0,0,0,4,7.09885875607142,0,0.0,0.12037037037037,,,0,19.1,32.1
2004,REG+POST,00-0020820,,Jesse Chatman,RB,RB,,11,LAC,0,0,0,0,0,0,0,0,0,0,0,0,,0,,,65,392,3,1,0,18,12.1312738686684,0,2,2,17,0,0,0,0,0,1,0.547345972852781,0,0.0,0.0625,,,0,58.9,60.9
2004,REG+POST,00-0020904,,Eric Parker,WR,WR,,14,LAC,0,0,0,0,0,0,0,0,0,0,0,0,,0,,,5,53,0,0,0,2,2.01983651530463,0,56,56,783,4,1,1,0,0,36,73.9588116094819,0,0.0,0.208955223880597,,,0,105.6,161.6
2004,REG+POST,00-0020917,,Joe Burns,RB,RB,,7,BUF,0,0,0,0,0,0,0,0,0,0,0,0,,0,,,20,73,0,0,0,2,-6.10308117268141,0,1,1,7,0,0,0,0,0,1,1.18402713531395,0,0.0,0.0555555555555556,,,0,8.0,9.0
2004,REG+POST,00-0020964,,Tony Fisher,RB,RB,,17,GB,1,1,8,1,0,0,0,0,0,0,0,1,1.68042560754111,0,0.0,,66,228,0,0,0,17,-7.05322195461486,0,40,40,278,2,1,0,0,0,13,11.7817390495062,0,0.0,0.099009900990099,,,0,66.92,106.92
2004,REG+POST,00-0020984,,Randy Hymes,WR,WR,,12,BAL,0,1,0,0,0,0,0,0,0,0,0,0,-1.69399861525744,0,,,0,0,0,0,0,0,,0,26,26,323,2,0,0,0,0,17,30.5629611604963,0,0.0,0.167741935483871,,,0,44.3,70.3
2004,REG+POST,00-0020985,,Dwayne Blakley,TE,TE,,4,ATL,0,0,0,0,0,0,0,0,0,0,0,0,,0,,,0,0,0,0,0,0,,0,4,4,35,0,0,0,0,0,2,1.94903835561126,0,0.0,0.0645161290322581,,,0,3.5,7.5
2004,REG+POST,00-0021048,,Damien Anderson,RB,RB,,1,ARI,0,0,0,0,0,0,0,0,0,0,0,0,,0,,,1,2,0,0,0,0,-0.816460595466197,0,0,0,0,0,0,0,0,0,0,,0,,,,,0,0.2,0.2
2004,REG+POST,00-0021084,,Matt Schobel,TE,TE,,10,CIN,0,0,0,0,0,0,0,0,0,0,0,0,,0,,,0,0,0,0,0,0,,0,21,21,201,4,1,1,0,0,10,15.3674274861114,0,0.0,0.0976744186046512,,,0,42.1,63.1
2004,REG+POST,00-0021087,,Omar Easy,RB,RB,,1,KC,0,0,0,0,0,0,0,0,0,0,0,0,,0,,,4,1,0,0,0,0,-3.68202317180112,0,0,0,0,0,0,0,0,0,0,,0,,,,,0,0.1,0.1
2004,REG+POST,00-0021094,,Jason McAddley,WR,WR,,2,TEN,0,0,0,0,0,0,0,0,0,0,0,0,,0,,,0,0,0,0,0,0,,0,2,2,38,0,0,0,0,0,1,1.53464647603687,0,0.0,0.0408163265306122,,,0,3.8,5.8
2004,REG+POST,00-0021098,,Josh Scobey,RB,RB,,10,ARI,0,0,0,0,0,0,0,0,0,0,0,0,,0,,,27,89,0,0,0,7,-3.59903602149042,0,18,18,191,0,0,0,0,0,8,10.3197168435436,0,0.0,0.0947368421052632,,,0,28.0,46.0
2004,REG+POST,00-0021100,,Jeb Putzier,TE,TE,,15,DEN,0,0,0,0,0,0,0,0,0,0,0,0,,0,,,0,0,0,0,0,0,,0,39,39,639,3,0,0,0,0,30,55.0259120004484,0,0.0,0.13588850174216,,,0,81.9,120.9
2004,REG+POST,00-0021141,,Joey Harrington,QB,QB,,16,DET,274,489,3047,19,12,35,196,5,3,0,0,138,-58.2872222625423,1,0.0,0.0337928955679468,49,175,0,1,0,9,4.08471367513292,0,0,0,0,0,0,0,0,0,0,,0,,,,,0,187.38,187.38
2004,REG+POST,00-0021147,,Donte' Stallworth,WR,WR,,15,NO,0,0,0,0,0,0,0,0,0,0,0,0,,0,,,6,37,0,0,0,1,-0.271452047017159,0,58,58,767,5,0,0,0,0,35,66.5104624016967,0,0.0,0.197952218430034,,,0,110.4,168.4
2004,REG+POST,00-0021148,,Jeremy Shockey,TE,TE,,15,NYG,0,0,0,0,0,0,0,0,0,0,0,0,,0,,,0,0,0,0,0,0,,0,61,61,666,6,1,0,0,0,32,57.3708203603746,0,0.0,0.243027888446215,,,0,102.6,163.6
2004,REG+POST,00-0021150,,William Green,RB,RB,,14,CLE,0,0,0,0,0,0,0,0,0,0,0,0,,0,,,163,585,2,3,2,30,-39.9593172230148,0,14,14,84,0,0,0,0,0,3,1.16950291544917,0,0.0,0.099290780141844,,,0,74.9,88.9
2004,REG+POST,00-0021152,,Ashley Lelie,WR,WR,,17,DEN,0,0,0,0,0,0,0,0,0,0,0,0,,0,,,3,5,0,0,0,0,-1.71139131626114,0,56,56,1111,7,0,0,0,0,41,99.1365294924472,0,0.0,0.171253822629969,,,0,153.6,209.6
2004,REG+POST,00-0021153,,Javon Walker,WR,WR,,17,GB,0,0,0,0,0,0,0,0,0,0,0,0,,0,,,0,0,0,0,0,0,,0,91,91,1407,12,2,2,0,0,65,125.908491508817,0,0.0,0.225247524752475,,,0,208.7,299.7
2004,REG+POST,00-0021154,,Daniel Graham,TE,TE,,15,NE,0,0,0,0,0,0,0,0,0,0,0,0,,0,,,0,0,0,0,0,0,,0,33,33,380,7,0,0,0,0,21,37.4673421071493,0,0.0,0.125475285171103,,,0,80.0,113.0
2004,REG+POST,00-0021159,,Jerramy Stevens,TE,TE,,15,SEA,0,0,0,0,0,0,0,0,0,0,0,0,,0,,,0,0,0,0,0,0,,0,32,32,365,3,0,0,0,0,20,32.5628031043568,1,0.0,0.110726643598616,,,0,56.5,88.5
2004,REG+POST,00-0021163,,Jabar Gaffney,WR,WR,,14,HOU,0,3,0,0,0,0,0,0,0,0,0,0,-1.31604382127989,0,,,4,30,0,1,0,1,-3.39663428551285,0,41,41,632,2,0,0,0,0,34,64.8895811114053,0,0.0,0.172995780590717,,,0,78.2,119.2
2004,REG+POST,00-0021164,,DeShaun Foster,RB,RB,,4,CAR,0,0,0,0,0,0,0,0,0,0,0,0,,0,,,59,255,2,0,0,13,0.389923824812286,0,9,9,76,0,0,0,0,10,4,-0.138049975386821,0,0.0,0.152542372881356,,,0,45.1,54.1
2004,REG+POST,00-0021166,,Josh Reed,WR,WR,,9,BUF,0,0,0,0,0,0,0,0,0,0,0,0,,0,,,2,-1,0,0,0,0,-0.909792885649949,0,16,16,153,0,0,0,0,0,8,13.0020066309269,0,0.0,0.117647058823529,,,0,15.2,31.2
2004,REG+POST,00-0021174,,Tim Carter,WR,WR,,4,NYG,0,0,0,0,0,0,0,0,0,0,0,0,,0,,,2,23,0,0,0,1,1.6055953791365,0,12,12,182,1,0,0,0,0,10,16.1599748181761,0,0.0,0.15,,,0,26.5,38.5
2004,REG+POST,00-0021175,,Andre Davis,WR,WR,,6,CLE,0,0,0,0,0,0,0,0,0,0,0,0,,0,,,1,-3,0,0,0,0,-0.993110878393054,0,16,16,416,2,0,0,0,0,14,35.8528589149937,0,0.0,0.177777777777778,,,0,53.3,69.3
2004,REG+POST,00-0021176,,Reche Caldwell,WR,WR,,6,LAC,0,0,0,0,0,0,0,0,0,0,0,0,,0,,,4,45,0,0,0,2,2.34120047907345,0,18,18,310,3,1,0,0,0,8,27.4051016270532,0,0.0,0.174757281553398,,,0,53.5,71.5
2004,REG+POST,00-0021179,,Clinton Portis,RB,RB,,15,WAS,1,2,15,1,0,0,0,0,0,0,0,1,2.23240747814998,0,0.0,,343,1315,5,5,4,65,-43.2534128393163,0,40,40,235,2,0,0,0,0,10,4.27237223109114,0,0.0,0.158730158730159,,,0,193.6,233.6
2004,REG+POST,00-0021182,,Maurice Morris,RB,RB,,14,SEA,0,0,0,0,0,0,0,0,0,0,0,0,,0,,,32,135,0,0,0,11,1.07687193488068,0,9,9,53,0,0,0,0,0,5,3.30819883677759,0,0.0,0.0604026845637584,,,0,18.8,27.8
2004,REG+POST,00-0021183,,Doug Jolley,TE,TE,,15,LV,0,0,0,0,0,0,0,0,0,0,0,0,,0,,,0,0,0,0,0,0,,0,27,27,313,2,0,0,0,0,14,26.0994228854539,0,0.0,0.0891089108910891,,,0,43.3,70.3
2004,REG+POST,00-0021184,,Ladell Betts,RB,RB,,13,WAS,0,0,0,0,0,0,0,0,0,0,0,0,,0,,,90,371,1,0,0,19,-2.84675316938635,0,15,15,108,0,0,0,0,0,4,1.60703448532149,0,0.0,0.109489051094891,,,0,53.9,68.9
2004,REG+POST,00-0021190,,Antwaan Randle El,RB,RB,,18,PIT,1,1,10,1,0,0,0,0,0,0,0,1,3.19394524616655,0,0.0,,8,34,0,0,0,1,-0.685191553318873,0,47,47,659,3,3,2,0,0,31,49.9750535461865,0,0.0,0.181467181467181,,,0,87.7,134.7
2004,REG+POST,00-0021191,,Antonio Bryant,WR,WR,,15,CLE,0,0,0,0,0,0,0,0,0,0,0,0,,0,,,0,0,0,0,0,0,,0,58,58,812,4,1,1,0,0,37,65.8460238665453,0,0.0,0.218045112781955,,,0,103.2,161.2
2004,REG+POST,00-0021192,,Deion Branch,WR,WR,,12,NE,0,0,0,0,0,0,0,0,0,0,0,0,,0,,,3,41,1,0,0,2,5.99974404537352,0,51,51,718,5,0,0,0,0,37,72.3401475877163,0,0.0,0.22972972972973,,,0,111.9,162.9
2004,REG+POST,00-0021206,J.McCown,Josh McCown,QB,QB,"https://static.www.nfl.com/image/private/f_auto,q_auto/league/qcauc37wqjdaxdbq1evu",14,ARI,233,408,2511,11,10,31,263,11,4,0,0,122,-43.8621737180046,0,0.0,0.0377400508376136,36,112,2,1,1,9,2.4101264897653,1,1,1,-5,0,0,0,0,0,0,-1.74313367100057,0,0.0,0.0625,,,0,139.14,140.14
2004,REG+POST,00-0021209,,Lamar Gordon,RB,RB,,3,MIA,0,0,0,0,0,0,0,0,0,0,0,0,,0,,,35,64,0,1,0,1,-8.56225934403188,0,13,13,74,0,0,0,0,0,2,-0.845532657549484,0,0.0,0.276595744680851,,,0,13.8,26.8
2004,REG+POST,00-0021212,,Cliff Russell,WR,WR,,4,CIN,0,0,0,0,0,0,0,0,0,0,0,0,,0,,,3,15,0,0,0,2,-0.214525738963857,0,1,1,21,0,0,0,0,0,1,0.995501845143735,0,0.0,0.05,,,0,3.6,4.6
2004,REG+POST,00-0021213,,Chris Baker,TE,TE,,14,NYJ,0,0,0,0,0,0,0,0,0,0,0,0,,0,,,0,0,0,0,0,0,,0,22,22,197,4,1,1,0,0,12,11.7137413274322,0,0.0,0.0846153846153846,,,0,41.7,63.7
2004,REG+POST,00-0021216,,Brian Westbrook,RB,RB,,16,PHI,0,0,0,0,0,0,0,0,0,0,0,0,,0,,,221,1018,3,0,0,50,-3.93426018022958,0,90,90,849,8,1,1,0,0,38,55.8587588432341,0,0.0,0.258620689655172,,,0,250.7,340.7
2004,REG+POST,00-0021223,,Jonathan Wells,RB,RB,,13,HOU,0,0,0,0,0,0,0,0,0,0,0,0,,0,,,82,299,3,1,1,16,-14.6472676489545,1,11,11,79,2,0,0,0,0,4,6.47682029625867,0,0.0,0.0763888888888889,,,0,67.8,78.8
2004,REG+POST,00-0021227,,Justin Peelle,TE,TE,,9,LAC,0,0,0,0,0,0,0,0,0,0,0,0,,0,,,0,0,0,0,0,0,,0,13,13,118,2,1,1,0,0,4,4.59460757907794,0,0.0,0.068421052631579,,,0,21.8,34.8
2004,REG+POST,00-0021231,,David Garrard,QB,QB,,4,JAX,38,72,374,2,1,6,35,0,0,0,0,21,-6.25967878412874,0,0.0,0.0479636925351304,12,76,1,0,0,5,4.77661341291969,0,0,0,0,0,0,0,0,0,0,,0,,,,,0,34.56,34.56
2004,REG+POST,00-0021236,,Randy McMichael,TE,TE,,16,MIA,0,0,0,0,0,0,0,0,0,0,0,0,,0,,,0,0,0,0,0,0,,0,73,73,791,4,2,0,0,0,42,61.7366755680502,1,0.0,0.236245954692557,,,0,105.1,178.1
2004,REG+POST,00-0021238,,Rohan Davey,QB,QB,,4,NE,4,10,54,0,0,0,0,0,0,0,0,4,1.82497174304444,0,0.0,0.039799568250597,4,-1,0,0,0,0,-5.38339506374905,0,0,0,0,0,0,0,0,0,0,,0,,,,,0,2.06,2.06
2004,REG+POST,00-0021252,,Najeh Davenport,RB,RB,,11,GB,0,0,0,0,0,0,0,0,0,0,0,0,,0,,,76,373,3,2,0,19,4.75119591603288,0,4,4,33,0,0,0,0,0,1,2.03594702819828,0,0.0,0.0655737704918033,,,0,58.6,62.6
2004,REG+POST,00-0021253,,Jarrod Baxter,RB,RB,,1,HOU,0,0,0,0,0,0,0,0,0,0,0,0,,0,,,2,1,0,0,0,0,-1.23528932966292,0,1,1,3,0,0,0,0,0,0,-0.11270358110778,0,0.0,0.0526315789473684,,,0,0.4,1.4
2004,REG+POST,00-0021260,,Kyle Johnson,RB,RB,,5,DEN,0,0,0,0,0,0,0,0,0,0,0,0,,0,,,0,0,0,0,0,0,,0,9,9,126,2,0,0,0,0,5,11.2548285270459,0,0.0,0.109756097560976,,,0,24.6,33.6
2004,REG+POST,00-0021263,,Mel Mitchell,DB,DB,,1,NO,0,0,0,0,0,0,0,0,0,0,0,0,,0,,,0,0,0,0,0,0,,0,0,0,0,0,0,0,0,0,0,,0,,,,,1,6.0,6.0
2004,REG+POST,00-0021268,,Terry Jones,TE,TE,,10,BAL,0,0,0,0,0,0,0,0,0,0,0,0,,0,,,0,0,0,0,0,0,,0,20,20,152,1,0,0,0,0,7,2.44548059023214,0,0.0,0.138888888888889,,,0,21.2,41.2
2004,REG+POST,00-0021273,,Robert Royal,TE,TE,,8,WAS,0,0,0,0,0,0,0,0,0,0,0,0,,0,,,0,0,0,0,0,0,,0,8,8,70,4,0,0,0,0,6,10.5772763667628,0,0.0,0.0467836257309942,,,0,31.0,39.0
2004,REG+POST,00-0021277,,Craig Nall,QB,QB,,5,GB,23,33,314,4,0,2,8,1,0,0,0,19,20.0772581854841,0,0.0,0.25428143015956,3,7,0,0,0,0,-0.0971186924143694,0,0,0,0,0,0,0,0,0,0,,0,,,,,0,29.26,29.26
2004,REG+POST,00-0021279,,Verron Haynes,FB,RB,,14,PIT,0,0,0,0,0,0,0,0,0,0,0,0,,0,,,61,308,0,0,0,19,4.51845904596848,0,20,20,158,2,0,0,0,0,9,12.134410107401,0,0.0,0.121212121212121,,,0,58.6,78.6
2004,REG+POST,00-0021282,,Ryan Hannam,TE,TE,,6,SEA,0,0,0,0,0,0,0,0,0,0,0,0,,0,,,0,0,0,0,0,0,,0,8,8,110,0,0,0,0,0,6,10.9237231697771,0,0.0,0.0714285714285714,,,0,11.0,19.0
2004,REG+POST,00-0021287,,Keith Heinrich,TE,TE,,1,CLE,0,0,0,0,0,0,0,0,0,0,0,0,,0,,,0,0,0,0,0,0,,0,1,1,1,0,0,0,0,0,0,-0.732933040242642,0,0.0,0.111111111111111,,,0,0.1,1.1
2004,REG+POST,00-0021289,,Kevin Thomas,CB,DB,,1,BUF,0,0,0,0,0,0,0,0,0,0,0,0,,0,,,0,0,0,0,0,0,,0,1,1,24,0,0,0,0,0,1,3.95411248831078,0,0.0,0.0714285714285714,,,0,2.4,3.4
2004,REG+POST,00-0021296,,J.T. O'Sullivan,QB,QB,,1,GB,0,0,0,0,0,0,0,0,0,0,0,0,,0,,,2,-2,0,0,0,0,-2.38366275775479,0,0,0,0,0,0,0,0,0,0,,0,,,,,0,-0.2,-0.2
2004,REG+POST,00-0021304,,John Gilmore,TE,TE,,1,CHI,0,0,0,0,0,0,0,0,0,0,0,0,,0,,,0,0,0,0,0,0,,0,1,1,11,0,0,0,0,0,1,0.942495709052309,0,0.0,0.0476190476190476,,,0,1.1,2.1
2004,REG+POST,00-0021305,,Larry Ned,RB,RB,,1,MIN,0,0,0,0,0,0,0,0,0,0,0,0,,0,,,0,0,0,0,0,0,,0,1,1,9,0,0,0,0,0,1,0.899028458865359,0,0.0,0.0277777777777778,,,0,0.9,1.9
2004,REG+POST,00-0021306,,Adrian Peterson,RB,RB,,2,CHI,0,0,0,0,0,0,0,0,0,0,0,0,,0,,,6,19,0,0,0,1,0.0354119415860623,0,2,2,30,0,0,0,0,0,1,2.33445001460495,0,0.0,0.0588235294117647,,,0,4.9,6.9
2004,REG+POST,00-0021309,,Lee Mays,WR,WR,,8,PIT,0,0,0,0,0,0,0,0,0,0,0,0,,0,,,0,0,0,0,0,0,,0,11,11,156,0,0,0,0,0,8,13.5277822044445,0,0.0,0.092436974789916,,,0,15.6,26.6
2004,REG+POST,00-0021314,,Chester Taylor,RB,RB,,16,BAL,0,0,0,0,0,0,0,0,0,0,0,0,,0,,,160,714,2,1,1,35,-19.2584227773423,0,30,30,184,0,0,0,0,0,10,7.24348837675643,0,0.0,0.161290322580645,,,0,99.8,129.8
2004,REG+POST,00-0021337,,Ronald Curry,WR,WR,,11,LV,0,1,0,0,0,0,0,0,0,0,0,0,-0.535217745229602,0,,,1,-3,0,0,0,0,-1.46925395936705,0,50,50,679,6,1,0,0,0,32,59.632164271245,0,0.0,0.210084033613445,,,0,103.6,153.6
2004,REG+POST,00-0021343,,Leonard Henry,RB,RB,,4,MIA,0,0,0,0,0,0,0,0,0,0,0,0,,0,,,45,134,0,1,1,5,-17.1745986890164,0,3,3,12,0,0,0,0,0,0,-0.84420680522453,0,0.0,0.166666666666667,,,0,12.6,15.6
2004,REG+POST,00-0021353,,David Givens,WR,WR,,17,NE,0,0,0,0,0,0,0,0,0,0,0,0,,0,,,1,-2,0,0,0,0,-0.860502656665631,0,68,68,976,6,1,0,0,0,55,91.4405228835815,0,0.0,0.217948717948718,,,0,133.4,201.4
2004,REG+POST,00-0021357,,Rock Cartwright,RB,RB,,1,WAS,0,0,0,0,0,0,0,0,0,0,0,0,,0,,,2,0,0,0,0,0,-1.17987309221644,0,0,0,0,0,0,0,0,0,0,,0,,,,,0,0.0,0.0
2004,REG+POST,00-0021371,,Darian Barnes,FB,RB,,9,DAL,0,0,0,0,0,0,0,0,0,0,0,0,,0,,,5,10,0,1,0,3,1.31839061278151,0,10,10,59,1,0,0,0,0,4,0.946301397925708,0,0.0,0.0826446280991736,,,0,12.9,22.9
2004,REG+POST,00-0021376,,T.J. Duckett,RB,RB,,14,ATL,0,0,0,0,0,0,0,0,0,0,0,0,,0,,,126,589,9,2,2,40,14.0195425829327,0,3,3,15,0,0,0,0,0,1,0.0136365949874744,0,0.0,0.0652173913043478,,,0,110.4,113.4
2004,REG+POST,00-0021379,,Patrick Ramsey,QB,QB,,9,WAS,169,272,1665,10,11,22,134,5,1,0,0,89,-5.3376760414721,0,0.0,0.0420730822676372,10,19,0,1,0,1,-4.14938723875093,0,0,0,0,0,0,0,0,0,0,,0,,,,,0,84.5,84.5
2004,REG+POST,00-0021387,,Jamar Martin,RB,RB,,3,MIA,0,0,0,0,0,0,0,0,0,0,0,0,,0,,,0,0,0,0,0,0,,0,4,4,15,0,1,0,0,0,0,-0.425157929304987,0,0.0,0.0597014925373134,,,0,1.5,5.5
2004,REG+POST,00-0021403,,Chad Mustard,TE,TE,,1,CLE,0,0,0,0,0,0,0,0,0,0,0,0,,0,,,0,0,0,0,0,0,,0,1,1,9,0,0,0,0,0,1,2.09109974745661,0,0.0,0.0476190476190476,,,0,0.9,1.9
2004,REG+POST,00-0021406,,Derick Armstrong,WR,WR,,13,HOU,0,0,0,0,0,0,0,0,0,0,0,0,,0,,,0,0,0,0,0,0,,0,29,29,415,1,0,0,0,0,21,40.0785651309416,0,0.0,0.121338912133891,,,0,47.5,76.5
2004,REG+POST,00-0021409,,Rod Trafford,TE,TE,,3,BUF,0,0,0,0,0,0,0,0,0,0,0,0,,0,,,0,0,0,0,0,0,,0,3,3,25,0,0,0,0,0,2,1.18660275611328,0,0.0,0.0576923076923077,,,0,2.5,5.5
2004,REG+POST,00-0021424,,Chris Horn,WR,WR,,6,KC,0,0,0,0,0,0,0,0,0,0,0,0,,0,,,1,12,0,0,0,1,1.32031498430297,0,15,15,178,1,0,0,0,0,10,16.0047264772002,0,0.0,0.0955414012738854,,,0,25.0,40.0
2004,REG+POST,00-0021429,C.Palmer,Carson Palmer,QB,QB,"https://static.www.nfl.com/image/private/f_auto,q_auto/league/belgna3tokxga0gjjmwk",13,CIN,263,432,2897,18,18,25,178,2,2,0,0,140,-29.8641420174943,0,0.0,0.0468145992726395,18,47,1,0,0,4,0.552331977677466,0,0,0,0,0,0,0,0,0,0,,0,,,,,0,158.58,158.58
2004,REG+POST,00-0021434,,Dante Brown,RB,RB,,1,PIT,0,0,0,0,0,0,0,0,0,0,0,0,,0,,,1,2,0,0,0,1,0.685020368546248,0,0,0,0,0,0,0,0,0,0,,0,,,,,0,0.2,0.2
2004,REG+POST,00-0021460,,Cortez Hankton,WR,WR,,4,JAX,0,0,0,0,0,0,0,0,0,0,0,0,,0,,,0,0,0,0,0,0,,0,9,9,81,2,0,0,0,0,5,6.65323001518846,0,0.0,0.0978260869565217,,,0,20.1,29.1
2004,REG+POST,00-0021488,,Mat McBriar,P,SPEC,,1,DAL,0,1,0,0,0,0,0,1,0,0,0,0,-4.33591993327718,0,,,0,0,0,0,0,0,,0,0,0,0,0,0,0,0,0,0,,0,,,,,0,0.0,0.0
2004,REG+POST,00-0021500,,Derrick Frost,P,SPEC,,1,CLE,0,0,0,0,0,0,0,0,0,0,0,0,,0,,,1,1,0,0,0,0,-1.70447118330048,0,0,0,0,0,0,0,0,0,0,,0,,,,,0,0.1,0.1
2004,REG+POST,00-0021508,,Greg Lewis,WR,WR,,13,PHI,0,0,0,0,0,0,0,0,0,0,0,0,,0,,,5,26,0,0,0,2,0.998865415109321,0,25,25,365,1,0,0,0,0,16,32.6098600058467,0,0.0,0.093984962406015,,,0,45.1,70.1
2004,REG+POST,00-0021509,,Reno Mahe,RB,RB,,9,PHI,0,0,0,0,0,0,0,0,0,0,0,0,,0,,,23,91,0,0,0,6,-7.084261266049,0,14,14,123,0,0,0,0,0,2,3.76605593289182,0,0.0,0.113821138211382,,,0,21.4,35.4
2004,REG+POST,00-0021525,,Casey Fitzsimmons,TE,TE,,10,DET,0,0,0,0,0,0,0,0,0,0,0,0,,0,,,0,0,0,0,0,0,,0,10,10,103,0,0,0,0,0,3,8.30957578658126,0,0.0,0.0546448087431694,,,0,10.3,20.3
2004,REG+POST,00-0021530,,Scott Vines,WR,WR,,2,DET,0,0,0,0,0,0,0,0,0,0,0,0,,0,,,0,0,0,0,0,0,,0,3,3,51,0,0,0,0,0,3,3.77461526420666,0,0.0,0.0517241379310345,,,0,5.1,8.1
2004,REG+POST,00-0021547,A.Gates,Antonio Gates,TE,TE,"https://static.www.nfl.com/image/private/f_auto,q_auto/league/kndulvysinvn4tpvt0bc",16,LAC,0,0,0,0,0,0,0,0,0,0,0,0,,0,,,0,0,0,0,0,0,,0,87,87,1053,14,0,0,0,0,59,112.333877992874,0,0.0,0.289036544850498,,,0,189.3,276.3
2004,REG+POST,00-0021554,,Lorenzo Diamond,TE,TE,,3,ARI,0,0,0,0,0,0,0,0,0,0,0,0,,0,,,0,0,0,0,0,0,,0,3,3,19,0,0,0,0,0,1,0.59619657555595,0,0.0,0.0526315789473684,,,0,1.9,4.9
2004,REG+POST,00-0021560,,Reggie Newhouse,WR,WR,,1,ARI,0,0,0,0,0,0,0,0,0,0,0,0,,0,,,0,0,0,0,0,0,,0,1,1,5,0,0,0,0,0,0,0.251896824454889,0,0.0,0.0555555555555556,,,0,0.5,1.5
2004,REG+POST,00-0021570,,Kassim Osgood,WR,WR,,8,LAC,0,0,0,0,0,0,0,0,0,0,0,0,,0,,,0,0,0,0,0,0,,0,15,15,308,2,0,0,0,0,13,28.5909982044832,0,0.0,0.0943396226415094,,,0,42.8,57.8
2004,REG+POST,00-0021586,,Kevin Ware,TE,TE,,1,SF,0,0,0,0,0,0,0,0,0,0,0,0,,0,,,0,0,0,0,0,0,,0,1,1,9,0,0,0,0,0,0,0.449198121088557,0,0.0,0.0666666666666667,,,0,0.9,1.9
2004,REG+POST,00-0021636,,Sean Berton,TE,TE,,6,MIN,0,0,0,0,0,0,0,0,0,0,0,0,,0,,,0,0,0,0,0,0,,0,10,10,94,0,0,0,0,0,3,5.06059222028125,0,0.0,0.0714285714285714,,,0,9.4,19.4
2004,REG+POST,00-0021647,,Jerheme Urban,WR,WR,,3,SEA,0,0,0,0,0,0,0,0,0,0,0,0,,0,,,0,0,0,0,0,0,,0,6,6,117,1,1,1,0,0,4,4.57166561920894,0,0.0,0.09375,,,0,15.7,21.7
2004,REG+POST,00-0021673,,ReShard Lee,RB,RB,,8,DAL,0,0,0,0,0,0,0,0,0,0,0,0,,0,,,27,128,1,0,0,8,-0.613683383446187,0,1,1,4,0,0,0,0,0,0,0.0660022594965994,0,0.0,0.0434782608695652,,,0,19.2,20.2
2004,REG+POST,00-0021747,,Kerry Carter,RB,RB,,1,SEA,0,0,0,0,0,0,0,0,0,0,0,0,,0,,,4,15,0,0,0,2,0.906117373262532,0,0,0,0,0,0,0,0,0,0,,0,,,,,0,1.5,1.5
2004,REG+POST,00-0021750,,Arlen Harris,RB,RB,,2,LA,0,0,0,0,0,0,0,0,0,0,0,0,,0,,,20,63,0,0,0,3,-5.80865453189472,0,4,4,41,0,1,0,0,0,3,4.22672706528101,0,0.0,0.25,,,0,10.4,14.4
2004,REG+POST,00-0021755,,Earnest Graham,RB,RB,,7,TB,0,0,0,0,0,0,0,0,0,0,0,0,,0,,,13,73,0,0,0,2,1.68315335805528,0,0,0,0,0,0,0,0,0,0,,0,,,,,0,7.3,7.3
2004,REG+POST,00-0021756,,Will Heller,TE,TE,,8,TB,0,0,0,0,0,0,0,0,0,0,0,0,,0,,,0,0,0,0,0,0,,0,12,12,98,1,1,0,0,0,5,6.26974212401547,0,0.0,0.0674157303370787,,,0,15.8,27.8
2004,REG+POST,00-0021780,,Aaron Moorehead,WR,WR,,1,IND,0,0,0,0,0,0,0,0,0,0,0,0,,0,,,0,0,0,0,0,0,,0,1,1,7,0,0,0,0,0,1,0.650313968770206,0,0.0,0.0588235294117647,,,0,0.7,1.7
2004,REG+POST,00-0021788,,Ronald Bellamy,WR,WR,,1,MIA,0,0,0,0,0,0,0,0,0,0,0,0,,0,,,0,0,0,0,0,0,,0,1,1,8,0,0,0,0,0,0,0.344906034239102,0,0.0,0.0625,,,0,0.8,1.8
2004,REG+POST,00-0021810,,Ian Smart,RB,RB,,3,TB,0,0,0,0,0,0,0,0,0,0,0,0,,0,,,2,26,0,0,0,1,0.923602728755213,0,2,2,10,0,0,0,0,0,1,0.594323260709643,0,0.0,0.0555555555555556,,,0,3.6,5.6
2004,REG+POST,00-0021845,,Cecil Sapp,RB,RB,,1,DEN,0,0,0,0,0,0,0,0,0,0,0,0,,0,,,4,32,0,0,0,2,0.303455354180187,0,0,0,0,0,0,0,0,0,0,,0,,,,,0,3.2,3.2
2004,REG+POST,00-0021890,,Richard Alston,WR,WR,,1,CLE,0,0,0,0,0,0,0,0,0,0,0,0,,0,,,0,0,0,0,0,0,,0,0,0,0,0,0,0,0,0,0,,0,,,,,1,6.0,6.0
2004,REG+POST,00-0021915,,Sam Aiken,WR,WR,,6,BUF,0,0,0,0,0,0,0,0,0,0,0,0,,0,,,0,0,0,0,0,0,,0,11,11,148,0,0,0,0,0,6,9.83853744310909,0,0.0,0.0973451327433628,,,0,14.8,25.8
2004,REG+POST,00-0021923,,Willie Ponder,WR,WR,,3,NYG,0,0,0,0,0,0,0,0,0,0,0,0,,0,,,1,-4,0,0,0,0,-1.15907206991687,0,1,1,3,0,0,0,0,0,0,-0.116871728328988,0,0.0,0.0769230769230769,,,1,5.9,6.9
2004,REG+POST,00-0021927,,David Tyree,WR,WR,,3,NYG,0,0,0,0,0,0,0,0,0,0,0,0,,0,,,0,0,0,0,0,0,,0,10,10,155,1,0,0,0,0,7,15.7684531761333,0,0.0,0.188679245283019,,,0,21.5,31.5
2004,REG+POST,00-0021929,,Donald Lee,TE,TE,,8,MIA,0,0,0,0,0,0,0,0,0,0,0,0,,0,,,0,0,0,0,0,0,,0,13,13,110,1,2,2,0,0,6,-0.221591575245839,0,0.0,0.0909090909090909,,,0,13.0,26.0
2004,REG+POST,00-0021931,,Kevin Walter,WR,WR,,6,CIN,0,0,0,0,0,0,0,0,0,0,0,0,,0,,,0,0,0,0,0,0,,0,8,8,67,0,0,0,0,0,3,4.50174637825694,0,0.0,0.062992125984252,,,0,6.7,14.7
2004,REG+POST,00-0021936,,Andrew Pinnock,RB,RB,,1,LAC,0,0,0,0,0,0,0,0,0,0,0,0,,0,,,9,26,0,1,0,2,-0.391978595784167,0,3,3,26,0,0,0,0,0,2,2.08429697796237,0,0.0,0.166666666666667,,,0,5.2,8.2
2004,REG+POST,00-0021938,,Brock Forsey,RB,RB,,3,MIA,0,0,0,0,0,0,0,0,0,0,0,0,,0,,,19,53,0,1,0,2,-3.57362470723456,0,0,0,0,0,0,0,0,0,0,,0,,,,,0,5.3,5.3
2004,REG+POST,00-0021955,,Dan Klecko,RB,RB,,2,NE,0,0,0,0,0,0,0,0,0,0,0,0,,0,,,0,0,0,0,0,0,,0,3,3,18,0,1,1,0,0,1,-2.11569792131195,0,0.0,0.0769230769230769,,,0,-0.2,2.8
2004,REG+POST,00-0021969,,Brad Pyatt,WR,WR,,1,IND,0,0,0,0,0,0,0,0,0,0,0,0,,0,,,0,0,0,0,0,0,,0,2,2,12,0,0,0,0,0,0,0.45956393214874,0,0.0,0.117647058823529,,,0,1.2,3.2
2004,REG+POST,00-0021973,,David Kircus,WR,WR,,2,DET,0,0,0,0,0,0,0,0,0,0,0,0,,0,,,0,0,0,0,0,0,,0,3,3,68,1,0,0,0,0,2,6.77052584150806,0,0.0,0.0576923076923077,,,0,12.8,15.8
2004,REG+POST,00-0021976,,Larry Johnson,RB,RB,,8,KC,0,0,0,0,0,0,0,0,0,0,0,0,,0,,,120,581,9,0,0,34,16.4392115873052,0,22,22,278,2,0,0,0,0,13,23.2968619713211,0,0.0,0.138364779874214,,,0,151.9,173.9
2004,REG+POST,00-0021979,,Domanick Williams,RB,RB,,15,HOU,0,0,0,0,0,0,0,0,0,0,0,0,,0,,,301,1180,13,2,2,56,-27.7460019029648,0,69,69,596,1,2,2,0,0,27,21.5854690270561,0,0.0,0.268482490272374,,,0,253.6,322.6
2004,REG+POST,00-0021980,,George Wrighster,TE,TE,,3,JAX,0,0,0,0,0,0,0,0,0,0,0,0,,0,,,0,0,0,0,0,0,,0,10,10,69,1,1,0,0,0,4,5.07635896303691,0,0.0,0.163934426229508,,,0,12.9,22.9
2004,REG+POST,00-0021981,,Shaun McDonald,WR,WR,,17,LA,0,0,0,0,0,0,0,0,0,0,0,0,,0,,,4,0,0,0,0,0,-3.65789579565171,0,42,42,562,3,1,0,0,0,26,52.1282994404028,0,0.0,0.107969151670951,,,0,74.2,116.2
2004,REG+POST,00-0021982,,Justin Gage,WR,WR,,8,CHI,0,0,0,0,0,0,0,0,0,0,0,0,,0,,,0,0,0,0,0,0,,0,12,12,156,0,0,0,0,0,7,10.6832383482833,0,0.0,0.0944881889763779,,,0,15.6,27.6
2004,REG+POST,00-0021993,,Bethel Johnson,WR,WR,,9,NE,0,0,0,0,0,0,0,0,0,0,0,0,,0,,,2,8,0,0,0,1,-0.742749249795452,0,11,11,183,1,0,0,0,0,8,19.2373129106709,0,0.0,0.0628571428571429,,,1,31.1,42.1
2004,REG+POST,00-0021999,,Nate Burleson,WR,WR,,18,MIN,0,0,0,0,0,0,0,0,0,0,0,0,,0,,,6,49,0,0,0,4,4.16395383235067,0,76,76,1116,10,0,0,0,0,56,106.931762007356,1,0.0,0.179669030732861,,,1,184.5,260.5
2004,REG+POST,00-0022001,,Kevin Curtis,WR,WR,,15,LA,0,0,0,0,0,0,0,0,0,0,0,0,,0,,,3,24,0,0,0,2,2.21491218649317,0,43,43,656,3,1,1,0,0,28,44.6292172308604,1,0.0,0.133540372670807,,,0,86.0,129.0
2004,REG+POST,00-0022003,,B.J. Askew,FB,RB,,3,NYJ,0,0,0,0,0,0,0,0,0,0,0,0,,0,,,6,23,0,0,0,1,-3.10727232252248,0,2,2,12,0,0,0,0,0,1,0.724271649261937,0,0.0,0.0645161290322581,,,0,3.5,5.5
2004,REG+POST,00-0022005,,Chris Simms,QB,QB,,5,TB,42,73,467,1,3,10,75,2,2,0,0,21,-21.8648345894799,0,0.0,0.0271817918984911,7,14,0,1,0,1,-6.29300122756602,0,0,0,0,0,0,0,0,0,0,,0,,,,,0,14.08,14.08
2004,REG+POST,00-0022006,,Artose Pinner,RB,RB,,7,DET,0,0,0,0,0,0,0,0,0,0,0,0,,0,,,57,174,2,0,0,10,-4.23222681193147,0,11,11,72,0,0,0,0,0,1,1.46765266766306,0,0.0,0.088,,,0,36.6,47.6
2004,REG+POST,00-0022008,,Terrence McGee,CB,DB,,3,BUF,0,0,0,0,0,0,0,0,0,0,0,0,,0,,,0,0,0,0,0,0,,0,0,0,0,0,0,0,0,0,0,,0,,,,,3,18.0,18.0
2004,REG+POST,00-0022011,,Justin Griffith,RB,RB,,12,ATL,0,0,0,0,0,0,0,0,0,0,0,0,,0,,,9,39,0,0,0,2,-0.683045001970495,0,22,22,220,1,0,0,0,0,11,11.8926129153115,0,0.0,0.151724137931034,,,0,31.9,53.9
2004,REG+POST,00-0022017,,Mike Scifres,P,SPEC,,1,LAC,0,1,0,0,1,0,0,1,0,0,0,0,-3.60020523192361,0,,,0,0,0,0,0,0,,0,0,0,0,0,0,0,0,0,0,,0,,,,,0,-2.0,-2.0
2004,REG+POST,00-0022026,,Brooks Bollinger,QB,QB,,1,NYJ,5,9,60,0,0,1,8,0,0,0,0,2,-2.66983046894893,0,0.0,0.0293242976754748,1,2,0,0,0,0,-0.394324888009578,0,0,0,0,0,0,0,0,0,0,,0,,,,,0,2.6,2.6
2004,REG+POST,00-0022032,,Keenan Howry,WR,WR,,1,MIN,0,0,0,0,0,0,0,0,0,0,0,0,,0,,,0,0,0,0,0,0,,0,1,1,3,0,0,0,0,0,0,-0.313947429414839,0,0.0,0.0277777777777778,,,0,0.3,1.3
2004,REG+POST,00-0022039,,Ken Dorsey,QB,QB,,8,SF,123,226,1231,6,9,13,94,4,3,0,0,60,-53.2591699899651,0,0.0,0.0239642980526305,5,7,0,1,0,1,-0.170335244154558,0,0,0,0,0,0,0,0,0,0,,0,,,,,0,49.94,49.94
2004,REG+POST,00-0022044,,Andre Johnson,WR,WR,,16,HOU,0,0,0,0,0,0,0,0,0,0,0,0,,0,,,4,12,0,0,0,2,-0.596530434675515,0,79,79,1142,6,1,1,0,0,53,94.6514235042851,0,0.0,0.275261324041812,,,0,149.4,228.4
2004,REG+POST,00-0022051,,Teyo Johnson,TE,TE,,5,LV,0,0,0,0,0,0,0,0,0,0,0,0,,0,,,0,0,0,0,0,0,,0,9,9,131,2,0,0,0,0,7,12.004325629503,0,0.0,0.0918367346938776,,,0,25.1,34.1
2004,REG+POST,00-0022054,,Visanthe Shiancoe,TE,TE,,3,NYG,0,0,0,0,0,0,0,0,0,0,0,0,,0,,,0,0,0,0,0,0,,0,5,5,25,1,0,0,0,0,3,3.79221629939275,0,0.0,0.0925925925925926,,,0,8.5,13.5
2004,REG+POST,00-0022057,,LaBrandon Toefield,RB,RB,,14,JAX,0,0,0,0,0,1,7,0,0,0,0,0,-1.48907776369015,0,,,51,169,0,0,0,7,-13.2203356551879,0,28,28,151,1,1,1,0,0,13,6.09843170704893,0,0.0,0.115702479338843,,,0,36.0,64.0
2004,REG+POST,00-0022060,,Aaron Walker,TE,TE,,7,SF,0,0,0,0,0,0,0,0,0,0,0,0,,0,,,0,0,0,0,0,0,,0,10,10,115,0,0,0,0,0,4,8.65368432766991,0,0.0,0.0704225352112676,,,0,11.5,21.5
2004,REG+POST,00-0022064,,Arnaz Battle,WR,WR,,7,SF,0,0,0,0,0,0,0,0,0,0,0,0,,0,,,2,5,0,0,0,0,-0.499080714827869,0,8,8,143,0,0,0,0,0,4,8.11416269617056,0,0.0,0.049079754601227,,,1,20.8,28.8
2004,REG+POST,00-0022084,,Anquan Boldin,WR,WR,"https://static.www.nfl.com/image/private/f_auto,q_auto/league/ajabgwxbliupgkwjbnut",10,ARI,0,0,0,0,0,0,0,0,0,0,0,0,,0,,,1,3,0,0,0,0,-0.293417301028967,0,56,56,623,1,1,1,0,0,32,54.4083023301791,0,0.0,0.296296296296296,,,0,66.6,122.6
2004,REG+POST,00-0022087,,Tyrone Calico,WR,WR,,1,TEN,0,0,0,0,0,0,0,0,0,0,0,0,,0,,,0,0,0,0,0,0,,0,2,2,13,0,0,0,0,0,1,1.43546485248953,0,0.0,0.0512820512820513,,,0,1.3,3.3
2004,REG+POST,00-0022092,,Chris Brown,RB,RB,,11,TEN,0,0,0,0,0,0,0,0,0,0,0,0,,0,,,220,1067,6,6,4,40,-18.3568191639867,0,20,20,147,0,0,0,0,0,6,5.15932108678646,0,0.0,0.0900900900900901,,,0,149.4,169.4
2004,REG+POST,00-0022093,,Justin Fargas,RB,RB,,10,LV,0,0,0,0,0,0,0,0,0,0,0,0,,0,,,35,126,1,0,0,9,-0.220674243726535,0,11,11,68,0,1,1,0,0,3,-2.17190147360088,0,0.0,0.0982142857142857,,,0,23.4,34.4
2004,REG+POST,00-0022095,,Quentin Griffin,RB,RB,,5,DEN,0,0,0,0,0,0,0,0,0,0,0,0,,0,,,85,311,2,2,2,13,-19.9035231042965,0,10,10,68,1,1,1,0,0,4,-2.16865224533831,0,0.0,0.126582278481013,,,0,49.9,59.9
2004,REG+POST,00-0022097,,Brandon Lloyd,WR,WR,,13,SF,0,0,0,0,0,0,0,0,0,0,0,0,,0,,,0,0,0,0,0,0,,0,43,43,565,6,0,0,0,0,26,52.5928864485088,1,0.0,0.167315175097276,,,0,94.5,137.5
2004,REG+POST,00-0022101,,Brian St. Pierre,QB,QB,,1,PIT,0,1,0,0,0,0,0,0,0,0,0,0,-0.975340838549055,0,,,4,-3,0,0,0,1,-0.317979635845404,0,0,0,0,0,0,0,0,0,0,,0,,,,,0,-0.3,-0.3
2004,REG+POST,00-0022102,,Doug Gabriel,WR,WR,,15,LV,0,0,0,0,0,0,0,0,0,0,0,0,,0,,,2,7,0,0,0,0,-0.376159021630883,0,33,33,551,2,0,0,0,0,26,47.0630644799833,0,0.0,0.106109324758842,,,0,67.8,100.8
2004,REG+POST,00-0022111,,Talman Gardner,WR,WR,,1,NO,0,0,0,0,0,0,0,0,0,0,0,0,,0,,,0,0,0,0,0,0,,0,1,1,23,0,0,0,0,0,1,2.20649010548368,0,0.0,0.0416666666666667,,,0,2.3,3.3
2004,REG+POST,00-0022116,,Tony Hollings,RB,RB,,3,HOU,0,0,0,0,0,0,0,0,0,0,0,0,,0,,,11,47,0,0,0,2,-1.31366651377175,0,5,5,46,0,0,0,0,0,1,2.14142243179958,0,0.0,0.0909090909090909,,,0,9.3,14.3
2004,REG+POST,00-0022121,,Rex Grossman,QB,QB,,3,CHI,47,84,607,1,3,5,22,2,2,0,0,28,3.92483011252535,0,0.0,0.0725730619477364,11,48,1,0,0,4,2.81755917635746,0,0,0,0,0,0,0,0,0,0,,0,,,,,0,29.08,29.08
2004,REG+POST,00-0022124,,Taylor Jacobs,WR,WR,,6,WAS,0,0,0,0,0,0,0,0,0,0,0,0,,0,,,1,-6,0,0,0,0,-1.21394785749726,0,16,16,178,0,0,0,0,0,9,13.2010379261919,1,0.0,0.172043010752688,,,0,19.2,35.2
2004,REG+POST,00-0022126,,L.J. Smith,TE,TE,,15,PHI,0,0,0,0,0,0,0,0,0,0,0,0,,0,,,0,0,0,0,0,0,,0,43,43,477,6,2,1,0,0,27,42.5311316465668,0,0.0,0.125,,,0,81.7,124.7
2004,REG+POST,00-0022127,J.Witten,Jason Witten,TE,TE,"https://static.www.nfl.com/image/private/f_auto,q_auto/league/r7uafhtwuexuaty0nhsc",16,DAL,0,0,0,0,0,0,0,0,0,0,0,0,,0,,,0,0,0,0,0,0,,0,87,87,980,6,2,1,0,0,44,73.5491941106502,1,0.0,0.282467532467533,,,0,134.0,221.0
2004,REG+POST,00-0022129,,Mike Seidman,TE,TE,,9,CAR,0,0,0,0,0,0,0,0,0,0,0,0,,0,,,0,0,0,0,0,0,,0,13,13,123,2,0,0,0,0,8,11.2877595257014,1,0.0,0.0734463276836158,,,0,26.3,39.3
2004,REG+POST,00-0022130,,Musa Smith,RB,RB,,4,BAL,0,0,0,0,0,0,0,0,0,0,0,0,,0,,,12,48,0,0,0,4,-0.388447737786919,0,2,2,31,0,0,0,0,0,1,3.21920360228978,0,0.0,0.0465116279069768,,,0,7.9,9.9
2004,REG+POST,00-0022135,,Billy McMullen,WR,WR,,2,PHI,0,0,0,0,0,0,0,0,0,0,0,0,,0,,,0,0,0,0,0,0,,0,3,3,24,0,0,0,0,0,1,0.91497550602071,0,0.0,0.0769230769230769,,,0,2.4,5.4
2004,REG+POST,00-0022138,,Onterrio Smith,RB,RB,,13,MIN,0,0,0,0,0,0,0,0,0,0,0,0,,0,,,142,617,2,2,1,21,-7.61628255642921,0,42,42,444,2,0,0,0,0,24,31.6191275631427,1,0.0,0.141414141414141,,,0,130.1,172.1
2004,REG+POST,00-0022141,,Jeremi Johnson,FB,RB,,12,CIN,0,0,0,0,0,0,0,0,0,0,0,0,,0,,,3,5,0,1,1,0,-8.14710660488345,0,16,16,53,1,0,0,0,0,2,-1.45373329590075,0,0.0,0.0796019900497513,,,0,9.8,25.8
2004,REG+POST,00-0022144,,Bobby Wade,WR,WR,,16,CHI,0,0,0,0,0,0,0,0,0,0,0,0,,0,,,12,76,0,0,0,5,3.55431220371975,0,42,42,481,0,2,1,0,0,23,28.9806506404673,0,0.0,0.168674698795181,,,0,53.7,95.7
2004,REG+POST,00-0022156,,Bryant Johnson,WR,WR,,14,ARI,0,0,0,0,0,0,0,0,0,0,0,0,,0,,,2,-6,0,0,0,0,-1.74930605944246,0,49,49,537,1,1,0,0,0,29,45.4175577890128,0,0.0,0.194444444444444,,,0,59.1,108.1
2004,REG+POST,00-0022164,,Kyle Boller,QB,QB,,16,BAL,258,464,2559,13,11,35,247,7,5,0,0,135,-76.6370986789032,1,0.0,0.0248809143157218,53,189,1,4,2,9,-9.47743521315614,0,0,0,0,0,0,0,0,0,0,,0,,,,,0,145.26,145.26
2004,REG+POST,00-0022165,,Dallas Clark,TE,TE,,14,IND,0,0,0,0,0,0,0,0,0,0,0,0,,0,,,0,0,0,0,0,0,,0,33,33,561,6,2,1,0,0,23,44.0407995085407,0,0.0,0.106451612903226,,,0,90.1,123.1
2004,REG+POST,00-0022171,,Kelley Washington,WR,WR,,13,CIN,0,0,0,0,0,0,0,0,0,0,0,0,,0,,,1,-1,0,0,0,0,-0.801027208566666,0,31,31,378,3,0,0,0,0,19,36.302376854379,0,0.0,0.122529644268775,,,0,55.7,86.7
2004,REG+POST,00-0022177,,Byron Leftwich,QB,QB,,14,JAX,267,441,2941,15,10,25,114,5,1,0,0,140,19.7951566185763,4,0.0,0.0769361276286962,39,148,2,0,0,7,-5.61261965970886,0,1,1,-7,0,0,0,0,0,0,-2.12369371927343,0,0.0,0.0666666666666667,,,0,189.74,190.74
2004,REG+POST,00-0022178,,Willis McGahee,RB,RB,,15,BUF,0,0,0,0,0,0,0,0,0,0,0,0,,0,,,284,1128,13,3,2,64,-18.4843149895675,0,22,22,169,0,1,0,0,0,8,11.7263575204742,0,0.0,0.0956521739130435,,,0,203.7,225.7
2004,REG+POST,00-0022180,,Lee Suggs,RB,RB,,10,CLE,0,0,0,0,0,0,0,0,0,0,0,0,,0,,,199,744,2,6,3,38,-37.6732170233944,0,20,20,178,1,0,0,0,0,6,5.96937284842716,0,0.0,0.147058823529412,,,0,104.2,124.2
2004,REG+POST,00-0022181,,Drew Henson,QB,QB,,2,DAL,10,18,78,1,1,2,26,1,1,0,0,7,-16.167361249536,0,0.0,0.0314709697179115,1,7,0,0,0,1,2.08811832824722,0,0,0,0,0,0,0,0,0,0,,0,,,,,0,3.82,3.82
2004,REG+POST,00-0022215,,Tim Euhus,TE,TE,,5,BUF,0,0,0,0,0,0,0,0,0,0,0,0,,0,,,0,0,0,0,0,0,,0,11,11,98,2,0,0,0,0,5,9.96405081875855,0,0.0,0.141025641025641,,,0,21.8,32.8
2004,REG+POST,00-0022217,,Mewelde Moore,RB,RB,,8,MIN,0,1,0,0,0,0,0,0,0,0,0,0,-0.42688386561349,0,,,66,379,0,0,0,16,3.93618792270753,0,29,29,258,0,0,0,0,0,10,12.6111420654343,0,0.0,0.153439153439153,,,0,63.7,92.7
2004,REG+POST,00-0022224,,Vick King,RB,RB,,2,MIA,0,0,0,0,0,0,0,0,0,0,0,0,,0,,,4,9,0,0,0,1,-0.757964230200741,0,1,1,8,0,0,0,0,0,0,0.404940557084046,0,0.0,0.04,,,0,1.7,2.7
2004,REG+POST,00-0022232,,Brian Jones,TE,TE,,5,JAX,0,0,0,0,0,0,0,0,0,0,0,0,,0,,,0,0,0,0,0,0,,0,6,6,87,1,0,0,0,0,5,4.71783378528198,1,0.0,0.0441176470588235,,,0,16.7,22.7
2004,REG+POST,00-0022250,,Willie Parker,RB,RB,,5,PIT,0,0,0,0,0,0,0,0,0,0,0,0,,0,,,32,186,0,0,0,8,5.42913448702742,0,3,3,16,0,0,0,0,0,0,-1.55994629045017,0,0.0,0.115384615384615,,,0,20.2,23.2
2004,REG+POST,00-0022288,,Jason Wright,RB,RB,,2,ATL,0,0,0,0,0,0,0,0,0,0,0,0,,0,,,3,10,0,0,0,0,-0.822246112627909,0,0,0,0,0,0,0,0,0,0,,0,,,,,0,1.0,1.0
2004,REG+POST,00-0022363,,Joey Harris,RB,RB,,3,CAR,0,0,0,0,0,0,0,0,0,0,0,0,,0,,,15,53,0,0,0,3,-2.28160091821337,0,0,0,0,0,0,0,0,0,0,,0,,,,,0,5.3,5.3
2004,REG+POST,00-0022384,,Larry Croom,RB,RB,,4,ARI,0,0,0,0,0,0,0,0,0,0,0,0,,0,,,29,76,0,0,0,3,-8.19565121491905,0,2,2,16,0,0,0,0,0,1,2.04843273339793,0,0.0,0.0526315789473684,,,0,9.2,11.2
2004,REG+POST,00-0022385,,Eric Edwards,TE,TE,,2,ARI,0,0,0,0,0,0,0,0,0,0,0,0,,0,,,0,0,0,0,0,0,,0,5,5,51,0,0,0,0,0,4,4.45932963863015,0,0.0,0.0925925925925926,,,0,5.1,10.1
2004,REG+POST,00-0022388,,Terrance Copper,WR,WR,,3,DAL,0,0,0,0,0,0,0,0,0,0,0,0,,0,,,1,-1,0,0,0,0,-0.478129742201418,0,7,7,84,1,0,0,0,0,5,10.1668712170795,0,0.0,0.152173913043478,,,0,14.3,21.3
2004,REG+POST,00-0022405,,Lousaka Polite,FB,RB,,1,DAL,0,0,0,0,0,0,0,0,0,0,0,0,,0,,,0,0,0,0,0,0,,0,1,1,4,0,0,0,0,0,0,0.0734452332253568,0,0.0,0.0434782608695652,,,0,0.4,1.4
2004,REG+POST,00-0022414,,Malcom Floyd,WR,WR,"https://static.www.nfl.com/image/private/f_auto,q_auto/league/or8gm79eaonksxe8gl0t",1,LAC,0,0,0,0,0,0,0,0,0,0,0,0,,0,,,0,0,0,0,0,0,,0,3,3,49,1,0,0,0,0,2,5.05280402384233,0,0.0,0.166666666666667,,,0,10.9,13.9
2004,REG+POST,00-0022427,,Wes Welker,WR,WR,"https://static.www.nfl.com/image/private/f_auto,q_auto/league/rgjwexzif36vncjfdwap",1,MIA,0,0,0,0,0,0,0,0,0,0,0,0,,0,,,0,0,0,0,0,0,,0,0,0,0,0,0,0,0,0,0,,0,,,,,1,6.0,6.0
2004,REG+POST,00-0022449,,B.J. Sams,RB,RB,,6,BAL,0,0,0,0,0,0,0,0,0,0,0,0,,0,,,4,19,1,0,0,2,2.61050014818289,0,1,1,2,0,0,0,0,0,0,-1.05402358528227,0,0.0,0.0416666666666667,,,2,20.1,21.1
2004,REG+POST,00-0022464,,Doug Easlick,RB,RB,,1,MIA,0,0,0,0,0,0,0,0,0,0,0,0,,0,,,0,0,0,0,0,0,,0,1,1,4,0,0,0,0,0,0,-0.02447992679663,0,0.0,0.0384615384615385,,,0,0.4,1.4
2004,REG+POST,00-0022527,,Jabari Greer,CB,DB,,1,BUF,0,0,0,0,0,0,0,0,0,0,0,0,,0,,,1,-6,0,0,0,0,-1.08771793893538,0,0,0,0,0,0,0,0,0,0,,0,,,,,0,-0.6,-0.6
2004,REG+POST,00-0022531,J.Peters,Jason Peters,T,OL,"https://static.www.nfl.com/image/upload/f_auto,q_auto/league/xcsyqvrlrpe6s3d0rodq",1,BUF,0,0,0,0,0,0,0,0,0,0,0,0,,0,,,0,0,0,0,0,0,,0,0,0,0,0,0,0,0,0,0,,0,,,,,1,6.0,6.0
2004,REG+POST,00-0022538,,Shaud Williams,RB,RB,,4,BUF,0,0,0,0,0,0,0,0,0,0,0,0,,0,,,42,167,2,0,0,8,-0.176354808579621,0,3,3,19,0,0,0,0,0,0,0.124163370812312,0,0.0,0.0588235294117647,,,0,30.6,33.6
2004,REG+POST,00-0022582,,Richard Owens,TE,TE,,3,MIN,0,0,0,0,0,0,0,0,0,0,0,0,,0,,,0,0,0,0,0,0,,0,8,8,69,0,0,0,0,0,4,4.49848848467809,0,0.0,0.0869565217391304,,,0,6.9,14.9
2004,REG+POST,00-0022589,,Kyle Larson,P,SPEC,,1,CIN,0,0,0,0,0,0,0,0,0,0,0,0,,0,,,1,11,1,0,0,1,4.21503238932928,0,0,0,0,0,0,0,0,0,0,,0,,,,,0,7.1,7.1
2004,REG+POST,00-0022621,,Andrae Thurman,WR,WR,,1,GB,0,0,0,0,0,0,0,0,0,0,0,0,,0,,,0,0,0,0,0,0,,0,2,2,12,0,0,0,0,0,0,0.116026898380369,0,0.0,0.0666666666666667,,,0,1.2,3.2
2004,REG+POST,00-0022664,,Jonathan Smith,WR,WR,,4,BUF,0,0,0,0,0,0,0,0,0,0,0,0,,0,,,2,11,0,0,0,1,1.03058393951505,0,3,3,21,0,0,0,0,0,1,2.22473982523661,0,0.0,0.0612244897959184,,,1,9.2,12.2
2004,REG+POST,00-0022674,,Triandos Luke,WR,WR,,2,DEN,0,0,0,0,0,0,0,0,0,0,0,0,,0,,,0,0,0,0,0,0,,0,6,6,52,0,0,0,0,0,3,4.61638654494891,0,0.0,0.162162162162162,,,0,5.2,11.2
2004,REG+POST,00-0022679,,Jamaar Taylor,WR,WR,,4,NYG,0,0,0,0,0,0,0,0,0,0,0,0,,0,,,1,-8,0,0,0,0,-1.38785006850958,0,6,6,146,0,0,0,0,0,4,11.3277238343726,0,0.0,0.0983606557377049,,,0,13.8,19.8
2004,REG+POST,00-0022704,,Courtney Anderson,TE,TE,,7,LV,0,0,0,0,0,0,0,0,0,0,0,0,,0,,,0,0,0,0,0,0,,0,13,13,175,1,0,0,0,0,6,12.1400327390875,0,0.0,0.0855263157894737,,,0,23.5,36.5
2004,REG+POST,00-0022706,,Michael Gaines,TE,TE,,3,CAR,0,0,0,0,0,0,0,0,0,0,0,0,,0,,,0,0,0,0,0,0,,0,4,4,34,0,0,0,0,0,1,0.772592250839807,0,0.0,0.0740740740740741,,,0,3.4,7.4
2004,REG+POST,00-0022725,,Michael Clayton,WR,WR,,16,TB,0,0,0,0,0,0,0,0,0,0,0,0,,0,,,5,30,0,0,0,3,2.56100676103961,0,80,80,1193,7,0,0,0,0,56,98.9006802460866,0,0.0,0.235294117647059,,,0,164.3,244.3
2004,REG+POST,00-0022726,,Keary Colbert,WR,WR,,15,CAR,0,0,0,0,0,0,0,0,0,0,0,0,,0,,,0,0,0,0,0,0,,0,47,47,754,5,1,1,0,0,31,61.8383894885192,1,0.0,0.163194444444444,,,0,105.4,152.4
2004,REG+POST,00-0022731,,Cody Pickett,QB,QB,,1,SF,4,10,55,0,2,2,14,1,0,0,0,4,-7.47096232429612,0,0.0,0.0463268418580045,1,5,0,0,0,0,-0.86675875633955,0,0,0,0,0,0,0,0,0,0,,0,,,,,0,-1.3,-1.3
2004,REG+POST,00-0022736,,Steven Jackson,RB,RB,"https://static.www.nfl.com/image/private/f_auto,q_auto/league/abl5wejuf448xw3jtphm",16,LA,0,0,0,0,0,0,0,0,0,0,0,0,,0,,,153,741,4,1,1,40,3.74909833474496,1,22,22,192,0,0,0,0,0,6,2.46064888698133,0,0.0,0.0852713178294574,,,0,117.3,139.3
2004,REG+POST,00-0022738,,Chris Cooley,TE,TE,,13,WAS,0,0,0,0,0,0,0,0,0,0,0,0,,0,,,0,0,0,0,0,0,,0,37,37,314,6,0,0,0,0,23,38.410506713051,0,0.0,0.14453125,,,0,67.4,104.4
2004,REG+POST,00-0022739,,Devard Darling,WR,WR,,1,BAL,0,0,0,0,0,0,0,0,0,0,0,0,,0,,,0,0,0,0,0,0,,0,2,2,5,0,1,0,0,0,0,-0.650516040041111,0,0.0,0.181818181818182,,,0,0.5,2.5
2004,REG+POST,00-0022744,,Jim Sorgi,QB,QB,,4,IND,17,29,175,2,0,1,8,0,0,0,0,6,0.451771444194301,0,0.0,0.0535578519686926,8,-5,0,1,0,0,-1.24457905982854,0,0,0,0,0,0,0,0,0,0,,0,,,,,0,14.5,14.5
2004,REG+POST,00-0022751,,Darius Watts,WR,WR,,16,DEN,0,0,0,0,0,0,0,0,0,0,0,0,,0,,,5,33,0,0,0,2,2.00738461525179,0,32,32,393,1,1,0,0,0,20,31.053275808279,0,0.0,0.103225806451613,,,0,48.6,80.6
2004,REG+POST,00-0022754,,Samie Parker,WR,WR,,3,KC,0,0,0,0,0,0,0,0,0,0,0,0,,0,,,0,0,0,0,0,0,,0,9,9,137,1,0,0,0,0,7,13.0665964961358,0,0.0,0.109756097560976,,,0,19.7,28.7
2004,REG+POST,00-0022759,,Ryan Krause,TE,TE,,1,LAC,0,0,0,0,0,0,0,0,0,0,0,0,,0,,,0,0,0,0,0,0,,0,5,5,81,1,0,0,0,0,5,9.68264173093485,0,0.0,0.277777777777778,,,0,14.1,19.1
2004,REG+POST,00-0022766,,Patrick Crayton,WR,WR,,5,DAL,0,1,0,0,1,0,0,0,0,0,0,0,-4.40452341944911,0,,,0,0,0,0,0,0,,0,12,12,162,1,0,0,0,0,7,14.6917493431719,0,0.0,0.115384615384615,,,0,20.2,32.2
2004,REG+POST,00-0022770,,Derrick Ward,RB,RB,,1,NYG,0,0,0,0,0,0,0,0,0,0,0,0,,0,,,0,0,0,0,0,0,,0,0,0,0,0,0,0,0,0,0,,0,,,,,1,6.0,6.0
2004,REG+POST,00-0022781,,Michael Jenkins,WR,WR,,7,ATL,0,0,0,0,0,0,0,0,0,0,0,0,,0,,,1,2,0,0,0,0,-0.310184367233887,0,10,10,145,0,0,0,0,0,5,10.2544682704632,0,0.0,0.1,,,0,14.7,24.7
2004,REG+POST,00-0022782,,Kevin Jones,RB,RB,,15,DET,0,0,0,0,0,0,0,0,0,0,0,0,,0,,,241,1133,5,2,1,57,-10.1186635197171,0,28,28,180,1,0,0,0,0,8,5.40184553235304,0,0.0,0.131455399061033,,,0,165.3,193.3
2004,REG+POST,00-0022787,M.Schaub,Matt Schaub,QB,QB,"https://static.www.nfl.com/image/private/f_auto,q_auto/league/mj2kh2nddxnw04ludcx0",6,ATL,33,70,329,1,4,4,14,1,0,0,0,15,-13.570912860262,0,0.0,0.0242426467984315,8,26,0,0,0,2,1.56837820516201,0,0,0,0,0,0,0,0,0,0,,0,,,,,0,11.76,11.76
2004,REG+POST,00-0022796,,Mike Karney,FB,RB,,8,NO,0,0,0,0,0,0,0,0,0,0,0,0,,0,,,3,7,0,0,0,1,-0.0355183269130066,0,6,6,42,0,0,0,0,0,2,2.87202257593162,0,0.0,0.0545454545454545,,,0,4.9,10.9
2004,REG+POST,00-0022797,,Thomas Tapeh,RB,RB,,4,PHI,0,0,0,0,0,0,0,0,0,0,0,0,,0,,,12,42,0,0,0,3,-2.1486835857504,0,2,2,15,0,0,0,0,0,1,0.178431423846632,0,0.0,0.25,,,0,5.7,7.7
2004,REG+POST,00-0022803,E.Manning,Eli Manning,QB,QB,"https://static.www.nfl.com/image/private/f_auto,q_auto/league/w51tf8uedjftbr4qpaex",8,NYG,95,197,1043,6,9,13,83,2,0,0,0,50,-33.9532696978459,0,0.0,0.0242435754844045,6,35,0,1,1,2,-1.65813394426368,0,0,0,0,0,0,0,0,0,0,,0,,,,,0,49.22,49.22
2004,REG+POST,00-0022807,,Bernard Berrian,WR,WR,,14,CHI,0,0,0,0,0,0,0,0,0,0,0,0,,0,,,8,28,0,0,0,1,-2.57149487582501,0,15,15,225,2,0,0,0,0,8,17.6529918978922,0,0.0,0.0837988826815642,,,0,37.3,52.3
2004,REG+POST,00-0022811,,Jerricho Cotchery,WR,WR,"https://static.www.nfl.com/image/private/f_auto,q_auto/league/hkq2dmfj7mbgbuejiloy",6,NYJ,0,0,0,0,0,0,0,0,0,0,0,0,,0,,,1,0,0,0,0,0,-0.547084222314879,0,6,6,60,0,0,0,0,0,4,3.4632218352984,0,0.0,0.0645161290322581,,,1,12.0,18.0
2004,REG+POST,00-0022818,,Craig Krenzel,QB,QB,,6,CHI,59,127,718,3,6,23,158,5,4,0,0,32,-78.9140886548938,0,0.0,0.0390452117781163,18,41,0,2,2,4,-21.4366776031903,1,0,0,0,0,0,0,0,0,0,,0,,,,,0,22.82,22.82
2004,REG+POST,00-0022821,,Michael Turner,RB,RB,,2,LAC,0,0,0,0,0,0,0,0,0,0,0,0,,0,,,20,104,0,0,0,4,1.26218468556181,0,4,4,8,0,1,1,0,0,0,-5.34877136803698,0,0.0,0.222222222222222,,,0,9.2,13.2
2004,REG+POST,00-0022825,,Troy Fleming,RB,RB,,10,TEN,0,0,0,0,0,0,0,0,0,0,0,0,,0,,,7,40,0,0,0,2,1.43977849720977,0,19,19,164,2,0,0,0,0,8,10.3709196074051,0,0.0,0.0748031496062992,,,0,32.4,51.4
2004,REG+POST,00-0022826,,Clarence Moore,WR,WR,,12,BAL,0,0,0,0,0,0,0,0,0,0,0,0,,0,,,0,0,0,0,0,0,,0,24,24,293,4,0,0,0,0,18,30.811320996603,1,0.0,0.121212121212121,,,0,55.3,79.3
2004,REG+POST,00-0022827,,John Navarre,QB,QB,,1,ARI,18,40,168,1,4,1,8,0,0,0,0,6,-19.0660024805653,0,0.0,0.0345634374097979,0,0,0,0,0,0,,0,0,0,0,0,0,0,0,0,0,,0,,,,,0,2.72,2.72
2004,REG+POST,00-0022840,,Julius Jones,RB,RB,,8,DAL,0,0,0,0,0,0,0,0,0,0,0,0,,0,,,197,819,7,3,3,44,-12.2785729414727,0,17,17,109,0,0,0,0,0,6,1.1261155254324,0,0.0,0.130769230769231,,,0,128.8,145.8
2004,REG+POST,00-0022847,,Ben Hartsock,TE,TE,,2,IND,0,0,0,0,0,0,0,0,0,0,0,0,,0,,,0,0,0,0,0,0,,0,4,4,33,0,0,0,0,0,1,0.544982109335251,0,0.0,0.0909090909090909,,,0,3.3,7.3
2004,REG+POST,00-0022864,L.McCown,Luke McCown,QB,QB,"https://static.www.nfl.com/image/private/f_auto,q_auto/league/pj2lbdhplppzlywlzsbr",5,CLE,48,98,608,4,7,13,131,1,0,0,0,19,-42.9821209623447,1,0.0,0.0305343637216886,5,25,0,1,0,2,0.0466833815444261,0,0,0,0,0,0,0,0,0,0,,0,,,,,0,30.82,30.82
2004,REG+POST,00-0022872,,Cedric Cobbs,RB,RB,,3,NE,0,0,0,0,0,0,0,0,0,0,0,0,,0,,,22,50,0,1,1,3,-8.64496211282676,0,0,0,0,0,0,0,0,0,0,,0,,,,,0,3.0,3.0
2004,REG+POST,00-0022873,,Johnnie Morant,WR,WR,,1,LV,0,0,0,0,0,0,0,0,0,0,0,0,,0,,,0,0,0,0,0,0,,0,1,1,20,0,0,0,0,0,1,2.79464978142642,0,0.0,0.0416666666666667,,,0,2.0,3.0
2004,REG+POST,00-0022883,,Adimchinobe Echemandu,RB,RB,,3,CLE,0,1,0,0,0,0,0,0,0,0,0,0,-0.363700849586166,0,,,8,25,0,1,1,2,-5.54037043976132,0,3,3,25,0,0,0,0,0,1,-0.826879623578861,0,0.0,0.15,,,0,3.0,6.0
2004,REG+POST,00-0022887,,Colby Bockwoldt,LB,LB,,1,NO,0,0,0,0,0,0,0,0,0,0,0,0,,0,,,0,0,0,0,0,0,,0,0,0,0,0,0,0,0,0,0,,0,,,,,1,6.0,6.0
2004,REG+POST,00-0022889,,Reggie Williams,WR,WR,,13,JAX,0,0,0,0,0,0,0,0,0,0,0,0,,0,,,0,0,0,0,0,0,,0,27,27,268,1,1,1,0,0,14,14.8077373738052,2,0.0,0.1125,,,0,34.8,61.8
2004,REG+POST,00-0022892,,Rashaun Woods,WR,WR,,4,SF,0,0,0,0,0,0,0,0,0,0,0,0,,0,,,0,0,0,0,0,0,,0,7,7,160,1,0,0,0,0,6,11.0456983796321,0,0.0,0.0958904109589041,,,0,22.0,29.0
2004,REG+POST,00-0022893,,Tatum Bell,RB,RB,,10,DEN,0,0,0,0,0,0,0,0,0,0,0,0,,0,,,87,445,4,0,0,21,11.6291287689641,0,9,9,112,0,1,0,0,0,2,-2.90920671330356,0,0.0,0.0891089108910891,,,0,79.7,88.7
2004,REG+POST,00-0022897,,Greg Jones,RB,RB,,14,JAX,0,0,0,0,0,0,0,0,0,0,0,0,,0,,,62,162,3,1,0,14,-4.8273064691457,0,3,3,13,0,0,0,0,0,1,-0.17926807445474,0,0.0,0.0365853658536585,,,0,35.5,38.5
2004,REG+POST,00-0022901,,Ernest Wilford,WR,WR,,11,JAX,0,0,0,0,0,0,0,0,0,0,0,0,,0,,,0,0,0,0,0,0,,0,19,19,271,2,0,0,0,0,11,28.1253039366088,1,0.0,0.0871559633027523,,,0,41.1,60.1
2004,REG+POST,00-0022907,,Nate Lawrie,TE,TE,,1,TB,0,0,0,0,0,0,0,0,0,0,0,0,,0,,,0,0,0,0,0,0,,0,1,1,15,0,0,0,0,0,1,0.98892067419365,0,0.0,0.0625,,,0,1.5,2.5
2004,REG+POST,00-0022909,,Roy Williams,WR,WR,,14,DET,0,1,0,0,0,0,0,0,0,0,0,0,-0.771140244556591,0,,,1,1,0,0,0,0,-0.532635488547385,0,54,54,817,8,1,1,0,0,34,66.5153620117571,0,0.0,0.21259842519685,,,0,127.8,181.8
2004,REG+POST,00-0022910,,Lee Evans,WR,WR,,15,BUF,0,0,0,0,0,0,0,0,0,0,0,0,,0,,,5,85,0,0,0,4,5.93711476714816,0,48,48,843,9,1,1,0,0,38,85.7375509708072,0,0.0,0.198347107438017,,,0,144.8,192.8
2004,REG+POST,00-0022912,,J.P. Losman,QB,QB,,3,BUF,3,5,32,0,1,1,0,1,1,0,0,2,-2.19699606744689,0,0.0,0.0240355028589626,2,15,0,0,0,1,0.998477861983702,0,0,0,0,0,0,0,0,0,0,,0,,,,,0,-1.22,-1.22
2004,REG+POST,00-0022916,,Ben Troupe,TE,TE,,13,TEN,0,0,0,0,0,0,0,0,0,0,0,0,,0,,,0,0,0,0,0,0,,0,33,33,329,1,2,0,0,0,13,17.8790625894812,0,0.0,0.104761904761905,,,0,38.9,71.9
2004,REG+POST,00-0022921,L.Fitzgerald,Larry Fitzgerald,WR,WR,"https://static.www.nfl.com/image/private/f_auto,q_auto/league/ycgjjaad5un42gy4pnga",16,ARI,0,0,0,0,0,1,7,0,0,0,0,0,-1.2135649244301,0,,,8,14,0,0,0,3,-1.56509404501412,0,58,58,780,8,1,0,0,0,36,72.0981187939614,0,0.0,0.2,,,0,127.4,185.4
2004,REG+POST,00-0022922,,Kellen Winslow,TE,TE,,2,CLE,0,0,0,0,0,0,0,0,0,0,0,0,,0,,,0,0,0,0,0,0,,0,5,5,50,0,0,0,0,0,3,4.58678546478041,0,0.0,0.217391304347826,,,0,5.0,10.0
2004,REG+POST,00-0022923,D.Hall,DeAngelo Hall,FS,DB,"https://static.www.nfl.com/image/private/f_auto,q_auto/league/yqzm0jpubsxcgkiqtaql",1,ATL,0,0,0,0,0,0,0,0,0,0,0,0,,0,,,0,0,0,0,0,0,,0,1,1,6,0,0,0,0,0,0,0.386620552046224,0,0.0,0.0769230769230769,,,0,0.6,1.6
2004,REG+POST,00-0022924,B.Roethlisberger,Ben Roethlisberger,QB,QB,"https://static.www.nfl.com/image/private/f_auto,q_auto/league/vziogpnyp9d0xtpiuqhr",16,PIT,227,349,3028,20,16,32,224,2,1,0,0,154,47.4369957207986,0,0.0,0.118829508465811,65,219,1,1,1,17,-15.700053178454,0,0,0,0,0,0,0,0,0,0,,0,,,,,0,193.02,193.02
2004,REG+POST,00-0022926,,Chris Perry,RB,RB,,2,CIN,0,0,0,0,0,0,0,0,0,0,0,0,,0,,,2,1,0,0,0,0,-1.22881603427231,0,3,3,33,0,0,0,0,0,2,3.58116828138009,0,0.0,0.075,,,0,3.4,6.4
2004,REG+POST,00-0022942,P.Rivers,Philip Rivers,QB,QB,"https://static.www.nfl.com/image/private/f_auto,q_auto/league/voakyrtj34sghkwxaxxf",2,LAC,5,8,33,1,0,0,0,0,0,0,0,3,1.14483810873935,0,0.0,0.0295328062898561,5,-5,0,1,0,0,-4.82029739726568,0,0,0,0,0,0,0,0,0,0,,0,,,,,0,4.82,4.82
2004,REG+POST,00-0022943,B.Watson,Benjamin Watson,TE,TE,"https://static.www.nfl.com/image/private/f_auto,q_auto/league/dorymozpdnrllkqlfzpu",1,NE,0,0,0,0,0,0,0,0,0,0,0,0,,0,,,0,0,0,0,0,0,,0,2,2,16,0,0,0,0,0,1,1.34355462016538,0,0.0,0.0769230769230769,,,0,1.6,3.6
2005,REG,00-0000166,,Stephen Alexander,TE,TE,,14,DEN,0,0,0,0,0,0,0,0,0,0,0,0,,0,,,0,0,0,0,0,0,,0,21,21,170,1,0,0,0,0,9,12.4232299586884,0,0.0,0.0826771653543307,,,0,23.0,44.0
2005,REG,00-0000251,,Mike Alstott,FB,RB,,15,TB,0,0,0,0,0,0,0,0,0,0,0,0,,0,,,34,80,6,0,0,12,-0.196839398173429,1,25,25,222,1,0,0,0,0,11,15.2238690995978,0,0.0,0.0859106529209622,,,0,74.2,99.2
2005,REG,00-0000552,,Obafemi Ayanbadejo,RB,RB,,13,ARI,0,0,0,0,0,0,0,0,0,0,0,0,,0,,,22,46,0,0,0,4,-10.1360749210352,2,34,34,231,0,1,1,0,0,12,3.31887028103141,0,0.0,0.104294478527607,,,0,29.7,63.7
2005,REG,00-0000722,,Tony Banks,QB,QB,,1,HOU,14,25,173,1,2,0,0,0,0,0,0,7,-3.69377878613836,0,0.0,0.0320358262455169,2,-2,0,0,0,0,0.0,0,0,0,0,0,0,0,0,0,0,,0,,,,,0,6.72,6.72
2005,REG,00-0000745,,Tiki Barber,RB,RB,,16,NYG,0,1,0,0,0,0,0,0,0,0,0,0,-0.591107605607249,0,,,357,1860,9,1,1,72,9.2891829027307,1,54,54,530,2,0,0,0,0,19,43.345006602467,0,0.0,0.183673469387755,,,0,305.0,359.0
2005,REG,00-0000849,,Mike Bartrum,LS,SPEC,,2,PHI,0,0,0,0,0,0,0,0,0,0,0,0,,0,,,0,0,0,0,0,0,,0,2,2,6,2,0,0,0,0,2,3.21530267060734,0,0.0,0.0416666666666667,,,0,12.6,14.6
2005,REG,00-0000865,,Charlie Batch,QB,QB,,3,PIT,23,36,246,1,1,1,6,1,0,0,0,12,3.24567795818321,0,0.0,0.132375342341912,11,30,1,0,0,3,-0.87669606736556,0,0,0,0,0,0,0,0,0,0,,0,,,,,0,20.84,20.84
2005,REG,00-0000942,,Fred Beasley,RB,RB,,2,SF,0,0,0,0,0,0,0,0,0,0,0,0,,0,,,0,0,0,0,0,0,,0,2,2,12,0,0,0,0,0,0,0.457668952643871,0,0.0,0.0769230769230769,,,0,1.2,3.2
2005,REG,00-0001215,,Jerome Bettis,RB,RB,,12,PIT,0,0,0,0,0,0,0,0,0,0,0,0,,0,,,110,368,9,0,0,30,4.62681274019763,0,4,4,40,0,0,0,0,0,2,3.39928176358808,0,0.0,0.0869565217391304,,,0,94.8,98.8
2005,REG,00-0001335,,Jeff Blake,QB,QB,,2,CHI,8,9,55,1,0,0,0,0,0,0,0,4,7.44623020524159,0,0.0,0.31079307055664,1,-1,0,0,0,0,-2.57030960556585,0,0,0,0,0,0,0,0,0,0,,0,,,,,0,6.1,6.1
2005,REG,00-0001361,,Drew Bledsoe,QB,QB,,16,DAL,300,499,3639,23,17,49,295,8,4,0,0,177,49.6362550346223,1,0.0,0.0861888506948924,34,50,2,8,4,6,-16.8421141332112,0,0,0,0,0,0,0,0,0,0,,0,,,,,0,206.56,206.56
2005,REG,00-0001477,,Marty Booker,WR,WR,,13,MIA,0,1,0,0,0,0,0,0,0,0,0,0,-0.599174069240689,0,,,0,0,0,0,0,0,,0,39,39,686,3,0,0,0,0,30,60.7511842150125,0,0.0,0.169565217391304,,,0,86.6,125.6
2005,REG,00-0001532,,David Boston,WR,WR,,3,MIA,0,0,0,0,0,0,0,0,0,0,0,0,,0,,,0,0,0,0,0,0,,0,4,4,80,0,0,0,0,0,2,6.3315442467574,0,0.0,0.0666666666666667,,,0,8.0,12.0
2005,REG,00-0001545,,Todd Bouman,QB,QB,,5,NO,68,122,722,2,7,8,59,4,3,0,0,37,-38.4490544399432,0,0.0,0.0240673858202241,8,15,0,0,0,2,-4.75537219531505,0,0,0,0,0,0,0,0,0,0,,0,,,,,0,18.38,18.38
2005,REG,00-0001627,,Corey Bradford,WR,WR,,12,HOU,0,0,0,0,0,0,0,0,0,0,0,0,,0,,,1,-2,0,0,0,0,-0.942804669379257,0,34,34,436,5,0,0,0,0,18,46.4318909172434,1,0.0,0.153153153153153,,,0,75.4,109.4
2005,REG,00-0001661,,Kyle Brady,TE,TE,,10,JAX,0,0,0,0,0,0,0,0,0,0,0,0,,0,,,0,0,0,0,0,0,,0,18,18,157,1,3,2,0,0,6,5.14200483070454,0,0.0,0.102272727272727,,,0,17.7,35.7
2005,REG,00-0001823,,Aaron Brooks,QB,QB,,13,NO,240,431,2882,13,17,33,202,2,1,0,0,145,-0.0053328950356403,0,0.0,0.0708874869627358,45,281,2,2,1,19,12.1879583084978,0,0,0,0,0,0,0,0,0,0,,0,,,,,0,169.38,169.38
2005,REG,00-0001980,,Kris Brown,K,SPEC,,1,HOU,0,0,0,0,0,0,0,0,0,0,0,0,,0,,,1,4,0,0,0,1,2.46918026637286,0,0,0,0,0,0,0,0,0,0,,0,,,,,0,0.4,0.4
2005,REG,00-0002068,,Troy Brown,WR,WR,,11,NE,0,0,0,0,0,0,0,0,0,0,0,0,,0,,,0,0,0,0,0,0,,0,39,39,466,2,0,0,0,0,24,40.7951237086963,0,0.0,0.147169811320755,,,0,58.6,97.6
2005,REG,00-0002099,,Isaac Bruce,WR,WR,,11,LA,0,0,0,0,0,0,0,0,0,0,0,0,,0,,,0,0,0,0,0,0,,0,36,36,525,3,0,0,0,0,21,45.1538415038667,0,0.0,0.132352941176471,,,0,70.5,106.5
2005,REG,00-0002102,,Mark Bruener,TE,TE,,2,HOU,0,0,0,0,0,0,0,0,0,0,0,0,,0,,,0,0,0,0,0,0,,0,2,2,22,0,0,0,0,0,1,1.14732941123657,0,0.0,0.0588235294117647,,,0,2.2,4.2
2005,REG,00-0002110,,Mark Brunell,QB,QB,,16,WAS,262,454,3050,23,10,27,213,7,4,0,0,154,32.7712645042894,1,0.0,0.0773082174538902,42,111,0,4,2,12,-11.4316984657831,0,0,0,0,0,0,0,0,0,0,,0,,,,,0,195.1,195.1
2005,REG,00-0002159,,Shawn Bryson,RB,RB,,16,DET,0,0,0,0,0,0,0,0,0,0,0,0,,0,,,64,306,1,0,0,12,-3.889059567596,0,37,37,284,0,1,1,0,0,11,7.68719379177203,0,0.0,0.131672597864769,,,0,63.0,100.0
2005,REG,00-0002380,,Steve Bush,RB,RB,,3,SF,0,0,0,0,0,0,0,0,0,0,0,0,,0,,,0,0,0,0,0,0,,0,3,3,21,0,0,0,0,0,2,1.93672695499845,0,0.0,0.0769230769230769,,,0,2.1,5.1
2005,REG,00-0002565,,Dan Campbell,TE,TE,,3,DAL,0,0,0,0,0,0,0,0,0,0,0,0,,0,,,0,0,0,0,0,0,,0,3,3,24,1,0,0,0,0,2,3.16619904938852,0,0.0,0.0461538461538462,,,0,8.4,11.4
2005,REG,00-0002586,,Mark Campbell,TE,TE,,9,BUF,0,0,0,0,0,0,0,0,0,0,0,0,,0,,,0,0,0,0,0,0,,0,19,19,139,0,0,0,0,0,5,5.22818015015218,0,0.0,0.123376623376623,,,0,13.9,32.9
2005,REG,00-0002709,,Dwayne Carswell,G,OL,,1,DEN,0,0,0,0,0,0,0,0,0,0,0,0,,0,,,0,0,0,0,0,0,,0,2,2,3,2,0,0,0,0,2,2.3415521865536,0,0.0,0.105263157894737,,,0,12.3,14.3
2005,REG,00-0002962,,Wayne Chrebet,WR,WR,,6,NYJ,0,0,0,0,0,0,0,0,0,0,0,0,,0,,,0,0,0,0,0,0,,0,15,15,153,0,0,0,0,0,7,10.7380194663616,0,0.0,0.137614678899083,,,0,15.3,30.3
2005,REG,00-0003035,,Desmond Clark,TE,TE,,11,CHI,0,0,0,0,0,0,0,0,0,0,0,0,,0,,,0,0,0,0,0,0,,0,24,24,229,2,0,0,0,0,16,19.6349453021775,0,0.0,0.158940397350993,,,0,34.9,58.9
2005,REG,00-0003103,,Cameron Cleeland,TE,TE,,4,LA,0,0,0,0,0,0,0,0,0,0,0,0,,0,,,0,0,0,0,0,0,,0,5,5,17,1,0,0,0,0,3,1.13337445055367,0,0.0,0.0510204081632653,,,0,7.7,12.7
2005,REG,00-0003136,,Mike Cloud,RB,RB,,6,NYG,0,0,0,0,0,0,0,0,0,0,0,0,,0,,,24,59,0,0,0,1,-9.14141132944496,0,0,0,0,0,0,0,0,0,0,,0,,,,,0,5.9,5.9
2005,REG,00-0003292,,Kerry Collins,QB,QB,,15,LV,302,566,3759,20,13,37,247,9,2,0,0,181,12.6486684469972,0,0.0,0.0592616446410739,18,38,1,3,1,2,-7.16966114903335,0,0,0,0,0,0,0,0,0,0,,0,,,,,0,208.16,208.16
2005,REG,00-0003315,,Todd Collins,QB,QB,,1,KC,0,0,0,0,0,0,0,0,0,0,0,0,,0,,,2,-2,0,0,0,0,-3.31302735849749,0,0,0,0,0,0,0,0,0,0,,0,,,,,0,-0.2,-0.2
2005,REG,00-0003400,,Ernie Conwell,TE,TE,,4,NO,0,0,0,0,0,0,0,0,0,0,0,0,,0,,,0,0,0,0,0,0,,0,13,13,165,1,1,1,0,0,10,16.5751332814689,0,0.0,0.220338983050847,,,0,20.5,33.5
2005,REG,00-0003663,,Zack Crockett,RB,RB,,15,LV,0,0,0,0,0,0,0,0,0,0,0,0,,0,,,60,208,1,0,0,12,-10.5872533843503,0,13,13,111,0,1,0,0,0,3,5.51731604005909,0,0.0,0.0760233918128655,,,0,37.9,50.9
2005,REG,00-0003739,,Daunte Culpepper,QB,QB,,7,MIN,139,216,1564,6,12,31,163,3,2,0,0,77,-30.6052887633598,1,0.0,0.0277757354535237,24,141,1,2,1,11,-0.477463836024981,0,0,0,0,0,0,0,0,0,0,,0,,,,,0,78.66,78.66
2005,REG,00-0004052,,Stephen Davis,RB,RB,,13,CAR,0,0,0,0,0,0,0,0,0,0,0,0,,0,,,179,546,12,2,0,31,-20.6571266282486,0,5,5,45,0,0,0,0,0,3,3.26921849389328,0,0.0,0.0735294117647059,,,0,131.1,136.1
2005,REG,00-0004161,,Jake Delhomme,QB,QB,,16,CAR,262,435,3421,24,16,27,211,10,6,0,0,153,50.5830963314868,0,0.0,0.104057108670768,24,31,1,2,0,1,-5.91819850172646,0,0,0,0,0,0,0,0,0,0,,0,,,,,0,197.94,197.94
2005,REG,00-0004229,,Koy Detmer,QB,QB,,5,PHI,32,56,238,0,3,3,15,2,2,0,0,10,-27.7811845855031,0,0.0,0.0324398989365584,1,1,0,0,0,1,1.75683679210488,0,0,0,0,0,0,0,0,0,0,,0,,,,,0,-0.38,-0.38
2005,REG,00-0004293,,Trent Dilfer,QB,QB,,11,CLE,199,333,2321,11,12,23,139,5,4,0,0,101,-24.5309597243391,0,0.0,0.0280306978489574,20,46,0,4,3,2,-17.0938842602364,0,0,0,0,0,0,0,0,0,0,,0,,,,,0,103.44,103.44
2005,REG,00-0004304,,Corey Dillon,RB,RB,,11,NE,0,0,0,0,0,0,0,0,0,0,0,0,,0,,,209,733,12,1,1,49,-11.5245478707075,0,22,22,181,1,0,0,0,0,8,10.0359548355336,0,0.0,0.11,,,0,167.4,189.4
2005,REG,00-0004541,,Donald Driver,WR,WR,,16,GB,0,0,0,0,0,0,0,0,0,0,0,0,,0,,,2,13,0,0,0,0,0.694621899630874,0,86,86,1221,5,0,0,0,0,63,118.543434584758,0,0.0,0.223958333333333,,,0,153.4,239.4
2005,REG,00-0004637,,Jason Dunn,TE,TE,,4,KC,0,0,0,0,0,0,0,0,0,0,0,0,,0,,,0,0,0,0,0,0,,0,5,5,53,0,0,0,0,0,2,2.93390864180401,0,0.0,0.0714285714285714,,,0,5.3,10.3
2005,REG,00-0004640,,Warrick Dunn,RB,RB,,16,ATL,0,0,0,0,0,0,0,0,0,0,0,0,,0,,,280,1416,3,1,0,65,11.7562412720715,0,29,29,220,1,2,1,0,0,8,6.14235856535379,0,0.0,0.122881355932203,,,0,185.6,214.6
2005,REG,00-0004673,,Tim Dwight,WR,WR,,10,NE,0,0,0,0,0,0,0,0,0,0,0,0,,0,,,4,11,0,0,0,2,0.426142665790394,0,19,19,332,3,0,0,0,0,14,28.7132722495298,0,0.0,0.0926829268292683,,,0,52.3,71.3
2005,REG,00-0004768,,Marc Edwards,FB,RB,,8,CHI,0,0,0,0,0,0,0,0,0,0,0,0,,0,,,0,0,0,0,0,0,,0,10,10,66,2,0,0,0,0,4,6.94378144299844,0,0.0,0.0813008130081301,,,0,18.6,28.6
2005,REG,00-0004780,,Troy Edwards,WR,WR,,1,DET,0,0,0,0,0,0,0,0,0,0,0,0,,0,,,0,0,0,0,0,0,,0,2,2,15,0,0,0,0,0,1,0.0321318900678307,0,0.0,0.0909090909090909,,,0,1.5,3.5
2005,REG,00-0004915,,Bobby Engram,WR,WR,,13,SEA,0,0,0,0,0,0,0,0,0,0,0,0,,0,,,0,0,0,0,0,0,,0,67,67,774,3,2,2,0,0,43,58.8189610958216,0,0.0,0.275720164609054,,,0,91.4,158.4
2005,REG,00-0005091,,Kevin Faulk,RB,RB,,8,NE,0,0,0,0,0,0,0,0,0,0,0,0,,0,,,51,144,0,1,1,5,-16.3753467753735,0,29,29,260,0,2,1,0,0,13,10.6434839745233,0,0.0,0.166666666666667,,,0,36.4,65.4
2005,REG,00-0005092,,Marshall Faulk,RB,RB,,15,LA,0,0,0,0,0,0,0,0,0,0,0,0,,0,,,65,292,0,2,1,15,-11.0024040053341,1,44,44,291,1,0,0,0,0,18,10.3918928390408,0,0.0,0.127536231884058,,,0,64.3,108.3
2005,REG,00-0005101,,Christian Fauria,TE,TE,,5,NE,0,0,0,0,0,0,0,0,0,0,0,0,,0,,,0,0,0,0,0,0,,0,8,8,57,2,0,0,0,0,7,8.32040201779455,0,0.0,0.0714285714285714,,,0,17.7,25.7
2005,REG,00-0005106,,Brett Favre,QB,QB,,16,GB,372,607,3881,20,29,24,170,8,6,0,0,202,-0.58396603327264,2,0.0,0.0654572495876407,18,62,0,2,1,5,-8.63252012886602,0,0,0,0,0,0,0,0,0,0,,0,,,,,0,173.44,173.44
2005,REG,00-0005180,,Jay Fiedler,QB,QB,,2,NYJ,8,13,107,1,0,0,0,0,0,0,0,5,7.13767366914544,0,0.0,0.19984634698761,1,0,0,1,0,0,-0.892828091571573,0,0,0,0,0,0,0,0,0,0,,0,,,,,0,8.28,8.28
2005,REG,00-0005229,,Jim Finn,FB,RB,,7,NYG,0,0,0,0,0,0,0,0,0,0,0,0,,0,,,0,0,0,0,0,0,,0,13,13,98,0,1,0,0,0,5,5.47459524747683,0,0.0,0.0866666666666667,,,0,9.8,22.8
2005,REG,00-0005231,,Brian Finneran,WR,WR,,13,ATL,0,0,0,0,0,0,0,0,0,0,0,0,,0,,,0,0,0,0,0,0,,0,50,50,611,2,0,0,0,0,31,49.6256877105189,3,0.0,0.234741784037559,,,0,79.1,129.1
2005,REG,00-0005363,,Doug Flutie,QB,QB,,4,NE,5,10,29,0,0,1,13,1,1,0,0,3,-2.73869783675764,0,0.0,0.035740949227376,5,-1,0,1,0,0,-9.41009955835762,0,0,0,0,0,0,0,0,0,0,,0,,,,,0,-0.94,-0.94
2005,REG,00-0005589,,Gus Frerotte,QB,QB,,16,MIA,257,494,2996,18,13,26,158,9,3,0,0,142,-8.07905153960592,0,0.0,0.0467263237597803,27,61,0,3,0,6,-13.1731664431142,0,0,0,0,0,0,0,0,0,0,,0,,,,,0,165.94,165.94
2005,REG,00-0005720,,Joey Galloway,WR,WR,,14,TB,0,0,0,0,0,0,0,0,0,0,0,0,,0,,,2,4,0,0,0,0,-1.6712581764441,0,83,83,1287,10,0,0,0,0,57,114.993551724531,0,0.0,0.300724637681159,,,0,189.1,272.1
2005,REG,00-0005755,,Jeff Garcia,QB,QB,,6,DET,102,173,937,3,6,6,34,0,0,0,0,45,-19.2355677366792,0,0.0,0.0286231117377681,17,51,1,1,0,5,0.292590124066919,0,0,0,0,0,0,0,0,0,0,,0,,,,,0,48.58,48.58
2005,REG,00-0005771,,Chris Gardocki,P,SPEC,,1,PIT,0,1,0,0,0,0,0,0,0,0,0,0,-2.26240325067192,0,,,0,0,0,0,0,0,,0,0,0,0,0,0,0,0,0,0,,0,,,,,0,0.0,0.0
2005,REG,00-0006043,,Terry Glenn,WR,WR,,16,DAL,0,0,0,0,0,0,0,0,0,0,0,0,,0,,,2,-4,1,0,0,1,0.324308729614131,0,62,62,1136,7,0,0,0,7,49,97.7551398508746,0,0.0,0.206666666666667,,,0,161.2,223.2
2005,REG,00-0006101,,Tony Gonzalez,TE,TE,,16,KC,0,0,0,0,0,0,0,0,0,0,0,0,,0,,,0,0,0,0,0,0,,0,78,78,905,2,0,0,0,0,45,71.6196390300326,0,0.0,0.246056782334385,,,0,102.5,180.5
2005,REG,00-0006305,,Ahman Green,RB,RB,,5,GB,0,0,0,0,0,0,0,0,0,0,0,0,,0,,,77,255,0,1,0,11,-10.2558725141417,0,19,19,147,0,0,0,0,0,7,4.42432772243046,0,0.0,0.146153846153846,,,0,40.2,59.2
2005,REG,00-0006355,,Trent Green,QB,QB,,16,KC,317,507,4014,17,10,32,204,5,4,0,0,182,76.8723305122471,1,0.0,0.110694531791152,35,82,0,3,0,9,0.570794254812404,0,0,0,0,0,0,0,0,0,0,,0,,,,,0,210.76,210.76
2005,REG,00-0006423,,Brian Griese,QB,QB,,6,TB,112,174,1136,7,7,12,76,2,1,0,0,54,-8.60680700580563,0,0.0,0.0491425677906471,13,12,0,0,0,1,-6.10647614605664,0,0,0,0,0,0,0,0,0,0,,0,,,,,0,58.64,58.64
2005,REG,00-0006627,,Az-Zahir Hakim,WR,WR,,9,NO,0,0,0,0,0,0,0,0,0,0,0,0,,0,,,0,0,0,0,0,0,,0,34,34,489,2,0,0,0,0,25,43.3305751122825,0,0.0,0.181818181818182,,,0,60.9,94.9
2005,REG,00-0006666,,Lamont Hall,TE,TE,,5,NO,0,0,0,0,0,0,0,0,0,0,0,0,,0,,,0,0,0,0,0,0,,0,6,6,36,0,0,0,0,0,2,2.57271321350709,0,0.0,0.0645161290322581,,,0,3.6,9.6
2005,REG,00-0007024,,Marvin Harrison,WR,WR,,15,IND,0,0,0,0,0,0,0,0,0,0,0,0,,0,,,0,0,0,0,0,0,,0,82,82,1146,12,0,0,0,10,59,108.749132196666,0,0.0,0.258675078864353,,,0,186.6,268.6
2005,REG,00-0007091,,Matt Hasselbeck,QB,QB,"https://static.www.nfl.com/image/private/f_auto,q_auto/league/t1nf9avoy2kauqwrvzza",16,SEA,294,450,3455,24,10,23,151,3,1,0,0,182,99.509474261705,0,0.0,0.135652170323471,36,124,1,0,0,8,-3.53052151131175,0,0,0,0,0,0,0,0,0,0,,0,,,,,0,230.6,230.6
2005,REG,00-0007213,,Steve Heiden,TE,TE,"https://static.www.nfl.com/image/private/f_auto,q_auto/league/gbtrxatwcauhazpjejcr",15,CLE,0,0,0,0,0,0,0,0,0,0,0,0,,0,,,0,0,0,0,0,0,,0,43,43,401,3,0,0,0,0,20,33.4327271851704,0,0.0,0.156363636363636,,,0,58.1,101.1
2005,REG,00-0007254,,William Henderson,FB,RB,,13,GB,0,0,0,0,0,0,0,0,0,0,0,0,,0,,,1,-5,0,1,1,0,-5.14456505235285,0,30,30,264,0,0,0,0,0,13,17.8085123345776,0,0.0,0.0974025974025974,,,0,23.9,53.9
2005,REG,00-0007308,,Craig Hentrich,P,SPEC,,3,TEN,1,2,26,0,0,0,0,0,0,0,0,1,1.69679550779983,0,0.0,,1,0,0,1,0,0,-3.38848747266457,0,0,0,0,0,0,0,0,0,0,,0,,,,,0,1.04,1.04
2005,REG,00-0007357,,Chris Hetherington,FB,RB,,6,SF,0,0,0,0,0,0,0,0,0,0,0,0,,0,,,1,3,0,0,0,0,-0.0606002579443157,0,5,5,26,0,0,0,0,0,1,-0.376659462635871,0,0.0,0.0746268656716418,,,0,2.9,7.9
2005,REG,00-0007468,,Ike Hilliard,WR,WR,,13,TB,0,0,0,0,0,0,0,0,0,0,0,0,,0,,,0,0,0,0,0,0,,0,35,35,282,1,0,0,0,0,24,26.7353148997524,0,0.0,0.139442231075697,,,0,34.2,69.2
2005,REG,00-0007576,,Kelly Holcomb,QB,QB,,10,BUF,155,230,1509,10,8,17,140,7,3,0,0,74,5.62502479878798,0,0.0,0.052687999878522,18,11,1,6,2,6,-13.5975856252771,0,0,0,0,0,0,0,0,0,0,,0,,,,,0,81.46,81.46
2005,REG,00-0007661,,Priest Holmes,RB,RB,,7,KC,0,0,0,0,0,0,0,0,0,0,0,0,,0,,,119,451,6,1,0,29,2.89671594790782,0,21,21,197,1,0,0,0,0,7,8.01092857104593,0,0.0,0.148936170212766,,,0,106.8,127.8
2005,REG,00-0007681,,Torry Holt,WR,WR,,14,LA,0,0,0,0,0,0,0,0,0,0,0,0,,0,,,1,2,0,0,0,0,-0.130744109861553,0,102,102,1331,9,2,1,0,0,63,111.629852650582,0,0.0,0.282548476454294,,,0,185.3,287.3
2005,REG,00-0007744,,Joe Horn,WR,WR,,12,NO,0,0,0,0,0,0,0,0,0,0,0,0,,0,,,0,0,0,0,0,0,,0,49,49,654,1,2,1,0,0,37,48.1645975437132,0,0.0,0.205020920502092,,,0,69.4,118.4
2005,REG,00-0008196,,Terry Jackson,RB,RB,,9,SF,0,0,0,0,0,0,0,0,0,0,0,0,,0,,,2,11,0,0,0,0,-0.80871393554844,0,10,10,67,0,0,0,0,0,2,0.533629007055424,1,0.0,0.087719298245614,,,0,9.8,19.8
2005,REG,00-0008241,,Edgerrin James,RB,RB,,15,IND,0,0,0,0,0,0,0,0,0,0,0,0,,0,,,360,1506,13,2,1,94,14.2284703639037,0,44,44,337,1,0,0,0,0,21,19.6101780566651,0,0.0,0.141479099678457,,,0,266.3,310.3
2005,REG,00-0008442,,Brad Johnson,QB,QB,,11,MIN,183,293,1885,12,4,23,134,4,3,0,0,92,1.97773180808445,0,0.0,0.0661435043363168,18,53,0,1,0,2,-3.59441843208671,0,0,0,0,0,0,0,0,0,0,,0,,,,,0,114.7,114.7
2005,REG,00-0008560,,Kevin Johnson,WR,WR,,5,DET,0,0,0,0,0,0,0,0,0,0,0,0,,0,,,0,0,0,0,0,0,,0,17,17,133,0,0,0,0,0,8,12.1381090378854,0,0.0,0.217948717948718,,,0,13.3,30.3
2005,REG,00-0008561,,Keyshawn Johnson,WR,WR,,16,DAL,0,1,0,0,0,0,0,0,0,0,0,0,-0.375198445515707,0,,,1,3,0,0,0,0,-0.0864951887633652,0,71,71,839,6,3,3,0,0,46,61.0747227756066,1,0.0,0.236666666666667,,,0,116.2,187.2
2005,REG,00-0008598,,Pat Johnson,WR,WR,,2,BAL,0,0,0,0,0,0,0,0,0,0,0,0,,0,,,0,0,0,0,0,0,,0,2,2,31,0,0,0,0,0,2,3.67589874955593,0,0.0,0.0454545454545455,,,0,3.1,5.1
2005,REG,00-0008962,,Joe Jurevicius,WR,WR,,15,SEA,0,0,0,0,0,0,0,0,0,0,0,0,,0,,,0,0,0,0,0,0,,0,55,55,694,10,1,0,0,0,39,66.5689647473919,0,0.0,0.183946488294314,,,0,129.4,184.4
2005,REG,00-0009119,,Reggie Kelly,TE,TE,,8,CIN,0,0,0,0,0,0,0,0,0,0,0,0,,0,,,0,0,0,0,0,0,,0,15,15,90,1,1,0,0,0,4,5.43955537333386,0,0.0,0.0810810810810811,,,0,15.0,30.0
2005,REG,00-0009163,,Eddie Kennison,WR,WR,,15,KC,0,0,0,0,0,0,0,0,0,0,0,0,,0,,,7,43,0,0,0,2,0.156966110225767,0,68,68,1102,5,1,1,0,0,47,86.7875953999932,0,0.0,0.225165562913907,,,0,142.5,210.5
2005,REG,00-0009311,,Jon Kitna,QB,QB,,3,CIN,17,29,99,0,2,2,10,0,0,0,0,6,-12.7978364109022,0,0.0,0.0314778888372763,2,14,0,0,0,2,2.63942609692458,0,0,0,0,0,0,0,0,0,0,,0,,,,,0,1.36,1.36
2005,REG,00-0009323,,Jimmy Kleinsasser,TE,TE,,13,MIN,0,0,0,0,0,0,0,0,0,0,0,0,,0,,,0,0,0,0,0,0,,0,22,22,171,0,1,0,0,0,6,7.40917334505402,0,0.0,0.0846153846153846,,,0,17.1,39.1
2005,REG,00-0009443,,Brian Kozlowski,TE,TE,,2,WAS,0,0,0,0,0,0,0,0,0,0,0,0,,0,,,0,0,0,0,0,0,,0,2,2,26,0,0,0,0,0,1,1.17977134225657,0,0.0,0.0540540540540541,,,0,2.6,4.6
2005,REG,00-0009842,,Chad Lewis,TE,TE,,4,PHI,0,0,0,0,0,0,0,0,0,0,0,0,,0,,,0,0,0,0,0,0,,0,5,5,64,0,0,0,0,0,4,6.54566489323042,0,0.0,0.0735294117647059,,,0,6.4,11.4
2005,REG,00-0010261,,Tommy Maddox,QB,QB,,3,PIT,34,71,406,2,4,8,43,1,1,0,0,19,-23.8207580340272,0,0.0,0.0239586772474496,8,26,0,1,1,2,-3.86436356772902,0,0,0,0,0,0,0,0,0,0,,0,,,,,0,14.84,14.84
2005,REG,00-0010333,,Kris Mangum,TE,TE,,11,CAR,0,0,0,0,0,0,0,0,0,0,0,0,,0,,,0,0,0,0,0,0,,0,23,23,202,2,0,0,0,0,15,19.3029022517106,0,0.0,0.125,,,0,32.2,55.2
2005,REG,00-0010346,,Peyton Manning,QB,QB,"https://static.www.nfl.com/image/private/f_auto,q_auto/league/xpcd6auodk3w0vda6jal",16,IND,305,453,3747,28,10,17,81,3,1,0,0,197,180.436904990828,0,0.0,0.179280351201986,33,45,0,2,1,6,-18.7002974494826,0,0,0,0,0,0,0,0,0,0,,0,,,,,0,242.38,242.38
2005,REG,00-0010442,,Curtis Martin,RB,RB,,12,NYJ,0,0,0,0,0,0,0,0,0,0,0,0,,0,,,220,735,5,2,1,35,-26.9157711467733,0,24,24,118,0,0,0,0,0,3,1.44069660995776,0,0.0,0.140350877192982,,,0,113.3,137.3
2005,REG,00-0010455,,Jamie Martin,QB,QB,,8,LA,124,177,1277,5,7,11,81,2,1,0,0,60,-3.5994353872482,1,0.0,0.0565943056522972,9,6,0,0,0,1,-7.88421029434539,0,0,0,0,0,0,0,0,0,0,,0,,,,,0,57.68,57.68
2005,REG,00-0010500,,Derrick Mason,WR,WR,,16,BAL,0,0,0,0,0,0,0,0,0,0,0,0,,0,,,0,0,0,0,0,0,,0,86,86,1073,3,1,1,0,0,52,89.8951666011043,0,0.0,0.256716417910448,,,0,123.3,209.3
2005,REG,00-0010609,,Brad Maynard,P,SPEC,,2,CHI,1,2,18,0,0,0,0,1,0,0,0,1,1.053756933572,0,0.0,,0,0,0,0,0,0,,0,0,0,0,0,0,0,0,0,0,,0,,,,,0,0.72,0.72
2005,REG,00-0010668,,Keenan McCardell,WR,WR,,16,LAC,0,0,0,0,0,0,0,0,0,0,0,0,,0,,,3,2,0,0,0,0,-1.67301142693032,0,70,70,917,9,0,0,0,0,50,92.1938462470425,0,0.0,0.207100591715976,,,0,145.9,215.9
2005,REG,00-0010747,,Fred McCrary,RB,RB,,3,ATL,0,0,0,0,0,0,0,0,0,0,0,0,,0,,,0,0,0,0,0,0,,0,3,3,12,0,0,0,0,0,1,0.556162394583225,0,0.0,0.0625,,,0,1.2,4.2
2005,REG,00-0011022,,Donovan McNabb,QB,QB,,9,PHI,211,357,2507,16,9,19,112,3,2,0,0,116,15.62655684959,1,0.0,0.0674775195839247,25,55,1,5,1,7,-5.59228547665407,0,0,0,0,0,0,0,0,0,0,,0,,,,,0,153.78,153.78
2005,REG,00-0011024,,Steve McNair,QB,QB,,14,TEN,292,476,3161,16,11,20,134,6,4,0,0,164,-9.39979744404623,0,0.0,0.0597913841356735,32,139,1,1,0,12,3.74343109332146,0,0,0,0,0,0,0,0,0,0,,0,,,,,0,180.34,180.34
2005,REG,00-0011551,,Dave Moore,TE,TE,,1,TB,0,0,0,0,0,0,0,0,0,0,0,0,,0,,,0,0,0,0,0,0,,0,1,1,5,0,0,0,0,0,1,0.507572334492579,0,0.0,0.0526315789473684,,,0,0.5,1.5
2005,REG,00-0011727,,Johnnie Morton,WR,WR,,12,SF,0,0,0,0,0,0,0,0,0,0,0,0,,0,,,0,0,0,0,0,0,,0,21,21,288,0,0,0,0,0,14,23.8292034883052,0,0.0,0.126506024096386,,,0,28.8,49.8
2005,REG,00-0011754,,Randy Moss,WR,WR,,15,LV,0,0,0,0,0,0,0,0,0,0,0,0,,0,,,0,0,0,0,0,0,,0,60,60,1005,8,0,0,0,0,46,90.3969201394208,0,0.0,0.205479452054795,,,0,148.5,208.5
2005,REG,00-0011770,,Eric Moulds,WR,WR,,14,BUF,0,0,0,0,0,0,0,0,0,0,0,0,,0,,,0,0,0,0,0,0,,0,81,81,816,4,0,0,0,0,38,69.0890718450472,0,0.0,0.329268292682927,,,0,105.6,186.6
2005,REG,00-0011795,,Muhsin Muhammad,WR,WR,,14,CHI,0,0,0,0,0,0,0,0,0,0,0,0,,0,,,0,0,0,0,0,0,,0,64,64,750,4,0,0,0,0,37,72.7640239027969,0,0.0,0.321608040201005,,,0,99.0,163.0
2005,REG,00-0011958,,Lorenzo Neal,FB,RB,,14,LAC,0,0,0,0,0,0,0,0,0,0,0,0,,0,,,28,96,0,0,0,18,2.38922534048612,0,24,24,145,1,0,0,0,0,4,6.59546819582465,0,0.0,0.0930232558139535,,,0,30.1,54.1
2005,REG,00-0012478,,Terrell Owens,WR,WR,,7,PHI,0,0,0,0,0,0,0,0,0,0,0,0,,0,,,1,2,0,0,0,0,-0.451588562922552,0,47,47,763,6,0,0,0,0,32,66.8747702488618,0,0.0,0.256830601092896,,,0,112.5,159.5
2005,REG,00-0012637,,Jerome Pathon,WR,WR,,1,ATL,0,0,0,0,0,0,0,0,0,0,0,0,,0,,,0,0,0,0,0,0,,0,1,1,18,0,0,0,0,0,1,0.215546702209394,0,0.0,0.05,,,0,1.8,2.8
2005,REG,00-0012642,,David Patten,WR,WR,,8,WAS,0,0,0,0,0,0,0,0,0,0,0,0,,0,,,0,0,0,0,0,0,,0,22,22,217,0,0,0,0,0,10,16.4225258153165,0,0.0,0.1375,,,0,21.7,43.7
2005,REG,00-0013013,,Michael Pittman,RB,RB,"https://static.www.nfl.com/image/private/f_auto,q_auto/league/xt52pieoe86wnuy0imar",15,TB,0,0,0,0,0,0,0,0,0,0,0,0,,0,,,70,436,1,0,0,10,0.294422049277515,0,36,36,300,1,1,0,0,0,14,12.9557613793179,0,0.0,0.148760330578512,,,0,85.6,121.6
2005,REG,00-0013042,,Jake Plummer,QB,QB,,16,DEN,277,456,3366,18,7,23,140,2,1,0,0,162,68.5275360345827,1,0.0,0.106538407839283,45,156,2,2,1,13,-4.22669535395934,0,0,0,0,0,0,0,0,0,0,,0,,,,,0,218.24,218.24
2005,REG,00-0013080,,Marcus Pollard,TE,TE,,15,DET,0,0,0,0,0,0,0,0,0,0,0,0,,0,,,0,0,0,0,0,0,,0,47,47,516,3,1,1,0,0,28,34.0318628130791,0,0.0,0.163194444444444,,,0,67.6,114.6
2005,REG,00-0013232,,Peerless Price,WR,WR,,5,DAL,0,0,0,0,0,0,0,0,0,0,0,0,,0,,,1,9,0,0,0,0,0.757208129391074,0,6,6,96,0,0,0,0,0,4,8.93070769275073,0,0.0,0.0606060606060606,,,0,10.5,16.5
2005,REG,00-0013268,,Ricky Proehl,WR,WR,,12,CAR,0,0,0,0,0,0,0,0,0,0,0,0,,0,,,1,-8,0,0,0,0,-1.8658064736519,0,25,25,441,4,0,0,0,0,19,47.2404933019242,0,0.0,0.119047619047619,,,0,67.3,92.3
2005,REG,00-0013694,,Tony Richardson,FB,RB,,12,KC,0,0,0,0,0,0,0,0,0,0,0,0,,0,,,6,20,0,0,0,1,-1.63067072740523,0,9,9,68,1,0,0,0,0,3,4.75477616861463,0,0.0,0.0569620253164557,,,0,14.8,23.8
2005,REG,00-0013872,,Jeff Robinson,LS,SPEC,,1,LA,0,0,0,0,0,0,0,0,0,0,0,0,,0,,,0,0,0,0,0,0,,0,1,1,28,0,0,0,0,0,1,1.60261297388934,0,0.0,0.0384615384615385,,,0,2.8,3.8
2005,REG,00-0013888,,Marcus Robinson,WR,WR,,14,MIN,0,0,0,0,0,0,0,0,0,0,0,0,,0,,,0,0,0,0,0,0,,0,31,31,515,5,0,0,0,0,24,46.6880912854835,1,0.0,0.111913357400722,,,0,83.5,114.5
2005,REG,00-0014324,,Deion Sanders,CB,DB,,1,BAL,0,0,0,0,0,0,0,0,0,0,0,0,,0,,,1,0,0,0,0,0,-0.475013129413128,0,0,0,0,0,0,0,0,0,0,,0,,,,,0,0.0,0.0
2005,REG,00-0014450,,Cory Schlesinger,RB,RB,,6,DET,0,0,0,0,0,0,0,0,0,0,0,0,,0,,,1,1,0,0,0,1,1.67305686097825,0,8,8,31,1,0,0,0,0,2,1.34719663049327,0,0.0,0.0740740740740741,,,0,9.2,17.2
2005,REG,00-0014655,,Mike Sellers,TE,TE,,9,WAS,0,0,0,0,0,0,0,0,0,0,0,0,,0,,,1,1,1,0,0,1,0.673461443308042,0,12,12,72,7,0,0,0,0,9,14.7652882566035,0,0.0,0.0714285714285714,,,0,55.3,67.3
2005,REG,00-0014775,,Daimon Shelton,FB,RB,,9,BUF,0,0,0,0,0,0,0,0,0,0,0,0,,0,,,1,0,0,0,0,0,-3.3677522073267,0,13,13,98,1,1,0,0,0,6,7.72436176391311,0,0.0,0.0742857142857143,,,0,15.8,28.8
2005,REG,00-0015091,,Antowain Smith,RB,RB,,16,NO,0,0,0,0,0,0,0,0,0,0,0,0,,0,,,166,659,3,2,2,23,-32.9141316905077,0,12,12,46,0,0,0,0,0,2,-1.66920283500804,0,0.0,0.0930232558139535,,,0,84.5,96.5
2005,REG,00-0015194,,Hunter Smith,P,SPEC,,1,IND,0,1,0,0,0,0,0,0,0,0,0,0,-2.71941232075915,0,,,0,0,0,0,0,0,,0,0,0,0,0,0,0,0,0,0,,0,,,,,0,0.0,0.0
2005,REG,00-0015218,,Jimmy Smith,WR,WR,,16,JAX,0,0,0,0,0,0,0,0,0,0,0,0,,0,,,0,0,0,0,0,0,,0,70,70,1023,6,0,0,0,0,56,97.0515020382882,0,0.0,0.247349823321555,,,0,138.3,208.3
2005,REG,00-0015290,,Rod Smith,WR,WR,,16,DEN,0,1,0,0,0,1,11,0,0,0,0,0,-2.12361236126162,0,,,1,7,0,0,0,0,0.296333616890479,0,85,85,1105,6,2,2,0,0,55,89.4539134983497,0,0.0,0.304659498207885,,,0,143.2,228.2
2005,REG,00-0015420,,Jerald Sowell,FB,RB,,13,NYJ,0,0,0,0,0,0,0,0,0,0,0,0,,0,,,1,1,1,0,0,1,1.55675993883051,0,28,28,155,2,1,0,0,0,6,7.46309690800263,0,0.0,0.129032258064516,,,0,33.6,61.6
2005,REG,00-0015523,,Duce Staley,RB,RB,,4,PIT,0,0,0,0,0,0,0,0,0,0,0,0,,0,,,38,148,1,1,0,9,-1.52247814659495,0,6,6,34,0,0,0,0,0,0,-0.664419572887612,0,0.0,0.107142857142857,,,0,24.2,30.2
2005,REG,00-0015550,,Chad Stanley,P,SPEC,,1,HOU,0,0,0,0,0,0,0,0,0,0,0,0,,0,,,1,0,0,1,1,0,-2.73927888425533,0,0,0,0,0,0,0,0,0,0,,0,,,,,0,-2.0,-2.0
2005,REG,00-0015601,,Aaron Stecker,RB,RB,,13,NO,0,0,0,0,0,0,0,0,0,0,0,0,,0,,,95,363,0,1,1,22,-14.7857296249165,0,35,35,281,0,1,1,0,0,12,4.80015384873441,0,0.0,0.157657657657658,,,0,60.4,95.4
2005,REG,00-0015700,,Kordell Stewart,QB,QB,,1,BAL,0,0,0,0,0,1,6,0,0,0,0,0,-2.4684445162498,0,,,3,30,0,0,0,2,3.20164714101702,0,0,0,0,0,0,0,0,0,0,,0,,,,,0,3.0,3.0
2005,REG,00-0015754,,Brandon Stokley,WR,WR,,12,IND,0,0,0,0,0,0,0,0,0,0,0,0,,0,,,0,0,0,0,0,0,,0,41,41,543,1,0,0,0,0,29,52.8466838502346,0,0.0,0.152416356877323,,,0,60.3,101.3
2005,REG,00-0015830,,Mack Strong,FB,RB,,16,SEA,0,0,0,0,0,0,0,0,0,0,0,0,,0,,,17,78,0,0,0,7,0.270983217917151,0,22,22,166,0,0,0,0,0,6,7.1660524525214,0,0.0,0.0780141843971631,,,0,24.4,46.4
2005,REG,00-0016098,,Fred Taylor,RB,RB,,11,JAX,0,0,0,0,0,0,0,0,0,0,0,0,,0,,,194,787,3,0,0,26,-17.067765506211,0,13,13,83,0,0,0,0,0,4,1.95512848865474,0,0.0,0.1,,,0,105.0,118.0
2005,REG,00-0016193,,Vinny Testaverde,QB,QB,,6,NYJ,60,106,777,1,6,12,102,4,3,0,0,35,-25.5979221242354,0,0.0,0.0263725568719774,7,4,2,3,3,2,-13.62400912249,0,0,0,0,0,0,0,0,0,0,,0,,,,,0,23.48,23.48
2005,REG,00-0016440,,James Thrash,WR,WR,,8,WAS,0,0,0,0,0,0,0,0,0,0,0,0,,0,,,1,8,0,0,0,0,0.567174518480897,0,14,14,194,0,0,0,0,0,10,21.3397069192309,0,0.0,0.0903225806451613,,,0,20.2,34.2
2005,REG,00-0016550,,Amani Toomer,WR,WR,,14,NYG,0,0,0,0,0,0,0,0,0,0,0,0,,0,,,0,0,0,0,0,0,,0,60,60,684,7,0,0,0,0,37,71.1071596027156,0,0.0,0.220588235294118,,,0,110.4,170.4
2005,REG,00-0016677,,Jerame Tuman,TE,TE,,3,PIT,0,0,0,0,0,0,0,0,0,0,0,0,,0,,,0,0,0,0,0,0,,0,3,3,57,0,0,0,0,0,2,3.20003768871538,0,0.0,0.0576923076923077,,,0,5.7,8.7
2005,REG,00-0016960,,Mike Vrabel,OLB,LB,,2,NE,0,0,0,0,0,0,0,0,0,0,0,0,,0,,,0,0,0,0,0,0,,0,3,3,4,3,0,0,0,0,3,2.96459674648941,0,0.0,0.0882352941176471,,,0,18.4,21.4
2005,REG,00-0017162,,Hines Ward,WR,WR,,15,PIT,0,0,0,0,0,0,0,0,0,0,0,0,,0,,,3,10,0,1,1,1,-4.01698613254121,0,69,69,975,11,0,0,0,0,53,96.7028254196339,0,0.0,0.317972350230415,,,0,162.5,231.5
2005,REG,00-0017200,,Kurt Warner,QB,QB,,10,ARI,242,375,2713,11,9,23,158,6,5,0,0,134,30.8159505295317,1,0.0,0.0779774670545069,13,28,0,3,0,3,-0.840524557628669,0,1,1,0,0,0,0,0,0,0,-1.3850777563639,0,,0.0344827586206897,,,0,129.32,130.32
2005,REG,00-0017611,,Alvis Whitted,WR,WR,,9,LV,0,0,0,0,0,0,0,0,0,0,0,0,,0,,,2,51,0,0,0,2,3.07462694309652,0,14,14,183,0,0,0,0,0,10,17.9660140035558,0,0.0,0.0869565217391304,,,0,23.4,37.4
2005,REG,00-0017644,,Jermaine Wiggins,TE,TE,,15,MIN,0,0,0,0,0,0,0,0,0,0,0,0,,0,,,0,0,0,0,0,0,,0,68,68,568,1,0,0,0,0,29,37.6028455348107,0,0.0,0.222950819672131,,,0,62.8,130.8
2005,REG,00-0017693,,Jeff Wilkins,K,SPEC,,1,LA,0,0,0,0,0,0,0,0,0,0,0,0,,0,,,1,-4,0,0,0,0,-3.17455750436056,0,0,0,0,0,0,0,0,0,0,,0,,,,,0,-0.4,-0.4
2005,REG,00-0017892,,Moe Williams,RB,RB,,5,MIN,0,0,0,0,0,0,0,0,0,0,0,0,,0,,,13,20,0,1,0,2,-3.65483980398858,0,8,8,52,0,0,0,0,0,2,0.969433806079905,0,0.0,0.135593220338983,,,0,7.2,15.2
2005,REG,00-0017896,,Nicolas Luchey,RB,RB,,1,CIN,0,0,0,0,0,0,0,0,0,0,0,0,,0,,,1,0,0,0,0,0,-0.37618597317487,0,0,0,0,0,0,0,0,0,0,,0,,,,,0,0.0,0.0
2005,REG,00-0017915,,Ricky Williams,RB,RB,,12,MIA,0,0,0,0,0,0,0,0,0,0,0,0,,0,,,168,743,6,1,1,37,-1.85999221058421,0,17,17,93,0,0,0,0,0,3,0.660206500440836,0,0.0,0.134920634920635,,,0,117.6,134.6
2005,REG,00-0017924,,Roland Williams,TE,TE,,3,LA,0,0,0,0,0,0,0,0,0,0,0,0,,0,,,0,0,0,0,0,0,,0,3,3,21,0,0,0,0,0,1,0.701980279991403,0,0.0,0.0326086956521739,,,0,2.1,5.1
2005,REG,00-0018272,,Anthony Wright,QB,QB,,8,BAL,164,266,1582,6,9,19,147,3,1,0,0,77,-26.0453983031881,0,0.0,0.036098941184997,18,68,0,2,0,9,4.8949813112974,0,0,0,0,0,0,0,0,0,0,,0,,,,,0,74.08,74.08
2005,REG,00-0018501,,Amos Zereoue,RB,RB,,1,NE,0,0,0,0,0,0,0,0,0,0,0,0,,0,,,7,14,0,0,0,2,-1.67469350202009,0,1,1,5,0,0,0,0,0,0,-0.0431873498018831,0,0.0,0.0416666666666667,,,0,1.9,2.9
2005,REG,00-0018578,,Ryan Neufeld,TE,TE,,1,BUF,0,0,0,0,0,0,0,0,0,0,0,0,,0,,,0,0,0,0,0,0,,0,1,1,9,0,0,0,0,0,0,0.823851899243891,0,0.0,0.0625,,,0,0.9,1.9
2005,REG,00-0018588,,Alan Ricard,RB,RB,,2,BAL,0,0,0,0,0,0,0,0,0,0,0,0,,0,,,0,0,0,0,0,0,,0,2,2,18,0,0,0,0,0,1,1.42888574779499,0,0.0,0.0606060606060606,,,0,1.8,3.8
2005,REG,00-0018958,,Laveranues Coles,WR,WR,,16,NYJ,0,0,0,0,0,0,0,0,0,0,0,0,,0,,,0,0,0,0,0,0,,0,73,73,845,5,1,0,0,0,52,83.3173952673866,0,0.0,0.272388059701493,,,0,114.5,187.5
2005,REG,00-0019041,,Billy Volek,QB,QB,,5,TEN,50,88,474,4,2,9,45,3,2,0,0,21,-30.5274586200369,0,0.0,0.0278053330851521,1,3,0,0,0,0,-0.138257608748972,0,0,0,0,0,0,0,0,0,0,,0,,,,,0,27.26,27.26
2005,REG,00-0019057,,Jamel White,RB,RB,,1,BAL,0,0,0,0,0,0,0,0,0,0,0,0,,0,,,6,17,0,0,0,0,-2.31509497389197,0,0,0,0,0,0,0,0,0,0,,0,,,,,0,1.7,1.7
2005,REG,00-0019100,,Brad Hoover,FB,RB,,10,CAR,0,0,0,0,0,0,0,0,0,0,0,0,,0,,,10,22,0,0,0,4,1.42599988006987,0,14,14,87,0,0,0,0,0,2,-0.422564403037541,0,0.0,0.11864406779661,,,0,10.9,24.9
2005,REG,00-0019135,,Dan Kreider,FB,RB,,7,PIT,0,0,0,0,0,0,0,0,0,0,0,0,,0,,,3,21,0,0,0,1,0.339624537387863,0,7,7,43,0,0,0,0,0,1,2.20556367788231,0,0.0,0.0985915492957746,,,0,6.4,13.4
2005,REG,00-0019172,,Bryan Johnson,FB,RB,,3,CHI,0,0,0,0,0,0,0,0,0,0,0,0,,0,,,1,5,0,0,0,0,0.203174471156672,0,5,5,15,0,0,0,0,0,1,-1.35327018913813,0,0.0,0.125,,,0,2.0,7.0
2005,REG,00-0019242,,Dane Looker,WR,WR,,9,LA,0,0,0,0,0,0,0,0,0,0,0,0,,0,,,0,0,0,0,0,0,,0,22,22,216,0,0,0,0,0,14,16.7198845231906,0,0.0,0.0964912280701754,,,0,21.6,43.6
2005,REG,00-0019302,,Bryan Gilmore,WR,WR,,5,MIA,0,0,0,0,0,0,0,0,0,0,0,0,,0,,,0,0,0,0,0,0,,0,5,5,105,1,0,0,0,0,3,10.0219517379883,0,0.0,0.0520833333333333,,,0,16.5,21.5
2005,REG,00-0019453,,Rod Smart,RB,RB,,1,CAR,0,0,0,0,0,0,0,0,0,0,0,0,,0,,,3,6,0,0,0,1,-1.52045426168479,0,0,0,0,0,0,0,0,0,0,,0,,,,,0,0.6,0.6
2005,REG,00-0019455,,Peter Warrick,WR,WR,,8,SEA,0,0,0,0,0,0,0,0,0,0,0,0,,0,,,1,5,0,0,0,0,0.122952446807176,0,11,11,180,0,0,0,0,0,6,13.0330572639505,0,0.0,0.0758620689655172,,,0,18.5,29.5
2005,REG,00-0019457,,Anthony Becht,TE,TE,,10,TB,0,0,0,0,0,0,0,0,0,0,0,0,,0,,,0,0,0,0,0,0,,0,16,16,112,0,0,0,0,0,3,3.5799421216313,0,0.0,0.0792079207920792,,,0,11.2,27.2
2005,REG,00-0019484,,Sammy Morris,RB,RB,,8,MIA,0,0,0,0,0,0,0,0,0,0,0,0,,0,,,16,58,1,0,0,3,0.482931142905727,0,8,8,54,0,0,0,0,0,2,0.0410025559831411,0,0.0,0.0869565217391304,,,0,17.2,25.2
2005,REG,00-0019505,,Charles Lee,WR,WR,,5,ARI,0,0,0,0,0,0,0,0,0,0,0,0,,0,,,0,0,0,0,0,0,,0,11,11,152,0,0,0,0,0,7,11.3400032744976,0,0.0,0.0785714285714286,,,0,15.2,26.2
2005,REG,00-0019533,,Patrick Pass,RB,RB,,10,NE,0,0,0,0,0,0,0,0,0,0,0,0,,0,,,54,245,3,2,1,13,-2.09552869489911,0,22,22,227,0,0,0,0,0,8,7.00180905673187,0,0.0,0.117021276595745,,,0,63.2,85.2
2005,REG,00-0019539,,Dante Hall,WR,WR,,15,KC,0,0,0,0,0,0,0,0,0,0,0,0,,0,,,7,11,0,0,0,0,-3.18794470338617,0,34,34,436,3,0,0,0,0,19,38.0945265776608,0,0.0,0.112582781456954,,,1,68.7,102.7
2005,REG,00-0019552,,Troy Walters,WR,WR,,3,IND,0,0,0,0,0,0,0,0,0,0,0,0,,0,,,0,0,0,0,0,0,,0,14,14,152,3,0,0,0,0,7,15.279971798358,0,0.0,0.184210526315789,,,0,33.2,47.2
2005,REG,00-0019559,,Chad Pennington,QB,QB,,3,NYJ,49,83,530,2,3,9,52,6,1,0,0,30,-8.05009335718671,0,0.0,0.0377046294062053,6,27,0,2,1,2,-2.82721109810518,0,0,0,0,0,0,0,0,0,0,,0,,,,,0,21.9,21.9
2005,REG,00-0019564,,Aaron Shea,TE,TE,,7,CLE,0,0,0,0,0,0,0,0,0,0,0,0,,0,,,0,0,0,0,0,0,,0,18,18,153,1,0,0,0,0,9,8.37329568818677,0,0.0,0.163636363636364,,,0,21.3,39.3
2005,REG,00-0019587,,Terrelle Smith,FB,RB,,8,CLE,0,0,0,0,0,0,0,0,0,0,0,0,,0,,,6,9,0,0,0,1,-3.40425645204959,0,12,12,58,1,0,0,0,0,3,2.81436581606977,0,0.0,0.0895522388059701,,,0,12.7,24.7
2005,REG,00-0019590,,Chad Morton,RB,RB,,1,NYG,0,0,0,0,0,0,0,0,0,0,0,0,,0,,,0,0,0,0,0,0,,0,0,0,0,0,0,0,0,0,0,,0,,,,,1,6.0,6.0
2005,REG,00-0019594,,Mike Anderson,RB,RB,,15,DEN,0,0,0,0,0,0,0,0,0,0,0,0,,0,,,239,1014,12,1,1,62,20.9272104795444,0,18,18,212,1,1,1,0,0,6,8.89557616532747,0,0.0,0.109756097560976,,,0,196.6,214.6
2005,REG,00-0019596,T.Brady,Tom Brady,QB,QB,"https://static.www.nfl.com/image/private/f_auto,q_auto/league/q7dpdlxyu5rs05rgh1le",16,NE,334,530,4110,26,14,26,188,4,3,0,0,193,112.974569533323,0,0.0,0.137608199029021,27,89,1,0,0,16,14.8376924455512,0,0,0,0,0,0,0,0,0,0,,0,,,,,0,249.3,249.3
2005,REG,00-0019599,,Marc Bulger,QB,QB,,8,LA,192,287,2297,14,9,26,192,2,1,0,0,109,51.5567124088772,0,0.0,0.114786440197253,9,29,0,3,1,2,-5.99564261431806,0,1,1,1,0,0,0,0,0,0,-0.309364847838879,0,0.0,0.025,,,0,128.88,129.88
2005,REG,00-0019610,,Reuben Droughns,RB,RB,,16,CLE,0,0,0,0,0,0,0,0,0,0,0,0,,0,,,309,1232,2,6,1,60,-36.6122945587849,0,39,39,369,0,0,0,0,0,14,13.3788096851691,0,0.0,0.143382352941176,,,0,170.1,209.1
2005,REG,00-0019623,,Tim Rattay,QB,QB,,4,SF,56,97,667,5,6,10,63,2,2,0,0,32,-13.5844497301359,0,0.0,0.0270006789783284,7,18,0,1,0,2,0.0373765798576642,0,0,0,0,0,0,0,0,0,0,,0,,,,,0,32.48,32.48
2005,REG,00-0019641,,Thomas Jones,RB,RB,,15,CHI,0,0,0,0,0,0,0,0,0,0,0,0,,0,,,314,1335,9,2,2,61,-35.5552429234013,0,26,26,143,0,0,0,0,0,6,2.6333708383478,0,0.0,0.147727272727273,,,0,197.8,223.8
2005,REG,00-0019642,,Plaxico Burress,WR,WR,,16,NYG,0,0,0,0,0,0,0,0,0,0,0,0,,0,,,0,0,0,0,0,0,,0,76,76,1214,7,1,1,0,0,49,108.596295687877,0,0.0,0.258503401360544,,,0,161.4,237.4
2005,REG,00-0019643,,Ron Dayne,RB,RB,,8,DEN,0,0,0,0,0,0,0,0,0,0,0,0,,0,,,53,270,1,0,0,14,-1.4934763090659,0,3,3,17,0,1,1,0,0,0,-4.42657657316886,0,0.0,0.0882352941176471,,,0,32.7,35.7
2005,REG,00-0019644,,Bubba Franks,TE,TE,,7,GB,0,0,0,0,0,0,0,0,0,0,0,0,,0,,,0,0,0,0,0,0,,0,26,26,218,1,0,0,0,0,12,10.1575047447404,0,0.0,0.142857142857143,,,0,27.8,53.8
2005,REG,00-0019647,,Shaun Alexander,RB,RB,,16,SEA,0,0,0,0,0,0,0,0,0,0,0,0,,0,,,370,1880,27,5,1,107,51.7330058305406,0,15,15,78,1,0,0,0,0,3,2.98016027819167,0,0.0,0.0810810810810811,,,0,361.8,376.8
2005,REG,00-0019650,,Dennis Northcutt,WR,WR,,14,CLE,0,0,0,0,0,0,0,0,0,0,0,0,,0,,,2,33,0,0,0,1,1.65887496370124,0,42,42,441,2,0,0,0,0,19,33.4911328468573,0,0.0,0.152727272727273,,,1,65.4,107.4
2005,REG,00-0019659,,Erron Kinney,TE,TE,,13,TEN,0,0,0,0,0,0,0,0,0,0,0,0,,0,,,0,0,0,0,0,0,,0,55,55,543,2,0,0,0,0,24,37.460989242703,0,0.0,0.186440677966102,,,0,66.3,121.3
2005,REG,00-0019660,,Dez White,WR,WR,,2,ATL,0,0,0,0,0,0,0,0,0,0,0,0,,0,,,0,0,0,0,0,0,,0,2,2,25,1,0,0,0,0,2,3.30478677852079,0,0.0,0.0689655172413793,,,0,8.5,10.5
2005,REG,00-0019663,,Darrell Jackson,WR,WR,,6,SEA,0,0,0,0,0,0,0,0,0,0,0,0,,0,,,1,7,0,0,0,0,0.306891759159043,0,38,38,482,3,0,0,0,0,29,39.6725641645608,0,0.0,0.301587301587302,,,0,66.9,104.9
2005,REG,00-0019673,,Paul Smith,RB,RB,,5,DET,0,0,0,0,0,0,0,0,0,0,0,0,,0,,,4,16,0,0,0,1,0.780773544043768,0,6,6,49,0,1,1,0,0,4,1.65709253493696,0,0.0,0.075,,,0,4.5,10.5
2005,REG,00-0019693,,Jamal Lewis,RB,RB,,15,BAL,0,0,0,0,0,0,0,0,0,0,0,0,,0,,,269,906,3,5,5,48,-52.5608725696375,0,32,32,191,1,0,0,0,0,6,3.44038304027395,0,0.0,0.124513618677043,,,0,123.7,155.7
2005,REG,00-0019703,,Jerry Porter,WR,WR,,16,LV,0,0,0,0,0,0,0,0,0,0,0,0,,0,,,1,-8,0,0,0,0,-1.29345854790881,0,76,76,942,5,1,0,0,0,45,93.0446553836089,0,0.0,0.240506329113924,,,0,123.4,199.4
2005,REG,00-0019714,S.Lechler,Shane Lechler,P,SPEC,"https://static.www.nfl.com/image/private/f_auto,q_auto/league/we3oe5jqnrb4ag3d4pqu",1,LV,0,0,0,0,0,0,0,0,0,0,0,0,,0,,,1,2,0,0,0,0,-2.09662711969577,0,0,0,0,0,0,0,0,0,0,,0,,,,,0,0.2,0.2
2005,REG,00-0019721,,Travis Taylor,WR,WR,,16,MIN,0,0,0,0,0,0,0,0,0,0,0,0,,0,,,2,3,0,0,0,0,-0.752313995501027,0,50,50,604,4,0,0,0,0,34,51.8045489932993,0,0.0,0.15527950310559,,,0,84.7,134.7
2005,REG,00-0019794,,Aveion Cason,RB,RB,,1,LA,0,0,0,0,0,0,0,0,0,0,0,0,,0,,,10,65,1,0,0,3,4.09039577882504,0,1,1,11,0,0,0,0,0,1,0.618811886757612,0,0.0,0.0526315789473684,,,0,13.6,14.6
2005,REG,00-0019816,,Tim Hasselbeck,QB,QB,,1,NYG,0,0,0,0,0,0,0,0,0,0,0,0,,0,,,2,-3,0,0,0,0,-3.20238371880259,0,0,0,0,0,0,0,0,0,0,,0,,,,,0,-0.3,-0.3
2005,REG,00-0019831,,Nick Goings,RB,RB,,12,CAR,0,0,0,0,0,0,0,0,0,0,0,0,,0,,,37,133,0,0,0,6,-8.71057941750104,0,14,14,151,0,0,0,0,0,5,6.07138806011062,0,0.0,0.12280701754386,,,0,28.4,42.4
2005,REG,00-0019863,,Dominic Rhodes,RB,RB,,10,IND,0,0,0,0,0,0,0,0,0,0,0,0,,0,,,40,118,4,0,0,11,0.321002967729801,0,13,13,88,0,0,0,0,8,2,1.53555722337059,0,0.0,0.104838709677419,,,0,44.6,57.6
2005,REG,00-0019905,,Jimmy Farris,WR,WR,,1,WAS,0,0,0,0,0,0,0,0,0,0,0,0,,0,,,0,0,0,0,0,0,,0,1,1,18,0,0,0,0,0,1,1.78166401048657,0,0.0,0.0588235294117647,,,0,1.8,2.8
2005,REG,00-0019919,,Randal Williams,TE,TE,,8,LV,0,0,0,0,0,0,0,0,0,0,0,0,,0,,,0,0,0,0,0,0,,0,13,13,164,0,0,0,0,0,7,11.6777364487061,0,0.0,0.0838709677419355,,,0,16.4,29.4
2005,REG,00-0019932,,Josh Parry,FB,RB,,8,PHI,0,0,0,0,0,0,0,0,0,0,0,0,,0,,,0,0,0,0,0,0,,0,13,13,89,0,0,0,0,0,5,5.09023750264896,0,0.0,0.0666666666666667,,,0,8.9,21.9
2005,REG,00-0019976,,Drew Bennett,WR,WR,,13,TEN,0,1,0,0,0,0,0,0,0,0,0,0,-0.387479783967137,0,,,1,3,0,0,0,0,-0.370374883990735,0,58,58,738,4,0,0,0,0,36,61.4904120253563,0,0.0,0.201388888888889,,,0,98.1,156.1
2005,REG,00-0019995,,Tom Ashworth,T,OL,,1,NE,0,0,0,0,0,0,0,0,0,0,0,0,,0,,,0,0,0,0,0,0,,0,1,1,1,1,0,0,0,0,1,1.33792979398277,0,0.0,0.05,,,0,6.1,7.1
2005,REG,00-0019997,,Antonio Chatman,WR,WR,,15,GB,0,0,0,0,0,0,0,0,0,0,0,0,,0,,,8,34,0,0,0,3,-0.763590764603578,0,49,49,549,4,0,0,0,0,31,57.7866110756004,0,0.0,0.149390243902439,,,1,88.3,137.3
2005,REG,00-0020021,,Nate Poole,WR,WR,,3,NO,0,0,0,0,0,0,0,0,0,0,0,0,,0,,,0,0,0,0,0,0,,0,3,3,63,0,0,0,0,0,1,5.61826058989391,0,0.0,0.06,,,0,6.3,9.3
2005,REG,00-0020022,,Marcel Shipp,RB,RB,,15,ARI,0,0,0,0,0,0,0,0,0,0,0,0,,0,,,157,451,0,4,3,23,-45.8415544259632,0,35,35,255,0,0,0,0,0,8,8.87004212516867,0,0.0,0.0964187327823691,,,0,64.6,99.6
2005,REG,00-0020046,,Walter Williams,RB,RB,,1,GB,0,0,0,0,0,0,0,0,0,0,0,0,,0,,,0,0,0,0,0,0,,0,1,1,19,0,0,0,0,0,1,2.33361917431466,0,0.0,0.05,,,0,1.9,2.9
2005,REG,00-0020127,,Daniel Wilcox,TE,TE,,8,BAL,0,0,0,0,0,0,0,0,0,0,0,0,,0,,,0,0,0,0,0,0,,0,20,20,154,1,0,0,0,0,5,9.6528025737498,0,0.0,0.114285714285714,,,0,21.4,41.4
2005,REG,00-0020187,,Marcellus Rivers,TE,TE,,11,HOU,0,0,0,0,0,0,0,0,0,0,0,0,,0,,,0,0,0,0,0,0,,0,24,24,168,0,0,0,0,0,9,6.0779908701079,0,0.0,0.122448979591837,,,0,16.8,40.8
2005,REG,00-0020245,,Mike Vick,QB,QB,"https://static.www.nfl.com/image/private/f_auto,q_auto/league/hrg4riwhpjbijfovsjrk",15,ATL,214,387,2412,15,13,34,210,6,3,0,0,126,-15.1824380354302,1,0.0,0.0679132498417451,101,610,6,5,2,41,34.9870138593045,0,1,1,-14,0,0,0,0,0,0,-2.14883155748248,0,0.0,0.0769230769230769,,,0,218.08,219.08
2005,REG,00-0020268,,Tony Stewart,TE,TE,,3,CIN,0,0,0,0,0,0,0,0,0,0,0,0,,0,,,0,0,0,0,0,0,,0,4,4,26,0,0,0,0,0,1,1.18461229582317,0,0.0,0.0714285714285714,,,0,2.6,6.6
2005,REG,00-0020285,,Alge Crumpler,TE,TE,,16,ATL,0,0,0,0,0,0,0,0,0,0,0,0,,0,,,0,0,0,0,0,0,,0,65,65,877,5,1,1,0,0,42,60.9378210272017,1,0.0,0.263157894736842,,,0,117.7,182.7
2005,REG,00-0020308,,Mike McMahon,QB,QB,,9,PHI,94,207,1158,5,8,21,103,4,1,0,0,56,-55.5199813035796,0,0.0,0.0242092927661174,32,125,3,4,1,9,-0.261351288609177,0,0,0,0,0,0,0,0,0,0,,0,,,,,0,76.82,76.82
2005,REG,00-0020315,,Derrick Blaylock,RB,RB,,6,NYJ,0,0,0,0,0,0,0,0,0,0,0,0,,0,,,17,53,0,0,0,3,-1.98489292652812,0,3,3,17,0,0,0,0,0,0,-2.31684548440476,0,0.0,0.0731707317073171,,,0,7.0,10.0
2005,REG,00-0020332,,David Martin,TE,TE,,10,GB,0,0,0,0,0,0,0,0,0,0,0,0,,0,,,0,0,0,0,0,0,,0,27,27,224,3,0,0,0,0,14,20.4599532475819,1,0.0,0.113924050632911,,,0,42.4,69.4
2005,REG,00-0020337,,Steve Smith,WR,WR,"https://static.www.nfl.com/image/private/f_auto,q_auto/league/k23e0b8cto93he9rt0zc",16,CAR,0,0,0,0,0,0,0,0,0,0,0,0,,0,,,4,25,1,0,0,2,1.78671127266716,0,103,103,1563,12,1,0,0,0,70,142.540420805161,0,0.0,0.382899628252788,,,0,236.8,339.8
2005,REG,00-0020342,,Brandon Manumaleuna,TE,TE,,9,LA,0,0,0,0,0,0,0,0,0,0,0,0,,0,,,1,2,0,0,0,1,1.4670291969087,0,13,13,129,1,2,2,0,0,6,5.59322682966013,0,0.0,0.065,,,0,15.1,28.1
2005,REG,00-0020376,,Dee Brown,RB,RB,,5,KC,0,0,0,0,0,0,0,0,0,0,0,0,,0,,,7,21,0,0,0,0,-1.27040096878773,0,3,3,23,1,0,0,0,0,2,3.97211813862668,0,0.0,0.0714285714285714,,,0,10.4,13.4
2005,REG,00-0020381,,Justin McCareins,WR,WR,,15,NYJ,0,0,0,0,0,0,0,0,0,0,0,0,,0,,,1,8,0,0,0,0,0.768026112113148,0,43,43,713,2,0,0,0,0,33,55.7298725257278,0,0.0,0.168627450980392,,,0,84.1,127.1
2005,REG,00-0020391,,Jameel Cook,RB,RB,,6,TB,0,0,0,0,0,0,0,0,0,0,0,0,,0,,,0,0,0,0,0,0,,0,7,7,43,1,0,0,0,0,3,3.24359252734575,0,0.0,0.056,,,0,10.3,17.3
2005,REG,00-0020397,,Chad Johnson,WR,WR,,16,CIN,0,0,0,0,0,0,0,0,0,0,0,0,,0,,,5,33,0,0,0,2,1.81621533748694,0,97,97,1432,9,1,0,0,0,74,123.386314892035,0,0.0,0.267955801104972,,,0,200.5,297.5
2005,REG,00-0020403,,Anthony Thomas,RB,RB,,9,NO,0,0,0,0,0,0,0,0,0,0,0,0,,0,,,43,92,0,0,0,5,-12.4717543950604,0,4,4,13,0,0,0,0,0,0,-0.81681437039515,0,0.0,0.0547945205479452,,,0,10.5,14.5
2005,REG,00-0020405,,Marques Tuiasosopo,QB,QB,,1,LV,14,26,124,1,2,6,40,2,2,0,0,8,-13.4293592570177,0,0.0,0.025703078987468,2,19,0,0,0,1,1.03944620519178,0,0,0,0,0,0,0,0,0,0,,0,,,,,0,2.86,2.86
2005,REG,00-0020407,,Rudi Johnson,RB,RB,,16,CIN,0,0,0,0,0,0,0,0,0,0,0,0,,0,,,337,1458,12,1,0,79,11.7039974604888,0,23,23,90,0,0,0,0,0,2,-5.69844698757708,0,0.0,0.0682492581602374,,,0,226.8,249.8
2005,REG,00-0020427,,Quincy Morgan,WR,WR,,7,PIT,0,0,0,0,0,0,0,0,0,0,0,0,,0,,,0,0,0,0,0,0,,0,9,9,150,2,0,0,0,0,7,16.930219537433,0,0.0,0.0789473684210526,,,0,27.0,36.0
2005,REG,00-0020428,,Robert Ferguson,WR,WR,,11,GB,0,0,0,0,0,0,0,0,0,0,0,0,,0,,,0,0,0,0,0,0,,0,27,27,366,3,0,0,0,0,18,36.9286005253089,1,0.0,0.104247104247104,,,0,56.6,83.6
2005,REG,00-0020430,,James Jackson,RB,RB,,5,ARI,0,0,0,0,0,0,0,0,0,0,0,0,,0,,,4,11,0,0,0,0,-1.20006628462579,0,2,2,31,0,0,0,0,0,2,2.14693028084002,0,0.0,0.0689655172413793,,,0,4.2,6.2
2005,REG,00-0020434,,Chris Weinke,QB,QB,,3,CAR,7,13,64,1,0,0,0,0,0,0,0,4,3.6810295552615,0,0.0,0.112790899309455,8,-5,0,0,0,0,-4.89134484733222,0,0,0,0,0,0,0,0,0,0,,0,,,,,0,6.06,6.06
2005,REG,00-0020438,,T.J. Houshmandzadeh,WR,WR,,14,CIN,0,0,0,0,0,0,0,0,0,0,0,0,,0,,,8,62,1,0,0,3,3.67436847742647,0,78,78,956,7,1,1,0,0,52,87.3409524529622,0,0.0,0.249201277955272,,,0,147.8,225.8
2005,REG,00-0020446,,Chris Chambers,WR,WR,,16,MIA,0,0,0,0,0,0,0,0,0,0,0,0,,0,,,12,92,0,2,0,4,0.79198083980009,0,82,82,1118,11,3,2,0,0,59,105.5199869684,0,0.0,0.281786941580756,,,0,183.0,265.0
2005,REG,00-0020448,,Travis Minor,RB,RB,,1,MIA,0,0,0,0,0,0,0,0,0,0,0,0,,0,,,5,17,0,0,0,0,-0.923221536795609,0,1,1,0,0,0,0,0,0,0,-0.620952244848013,0,,0.0416666666666667,,,0,1.7,2.7
2005,REG,00-0020452,,Cedrick Wilson,WR,WR,"https://static.www.nfl.com/image/private/f_auto,q_auto/league/r1vaoqltojlmfodlskwx",13,PIT,0,0,0,0,0,0,0,0,0,0,0,0,,0,,,1,0,0,0,0,0,-0.677909186575562,0,26,26,451,0,1,0,0,0,20,36.4065024749269,0,0.0,0.134020618556701,,,0,45.1,71.1
2005,REG,00-0020462,,LaMont Jordan,RB,RB,,14,LV,0,0,0,0,0,0,0,0,0,0,0,0,,0,,,272,1025,9,2,1,61,-9.60250622627716,1,70,70,563,2,0,0,0,0,25,30.4487324663529,0,0.0,0.256410256410256,,,0,224.8,294.8
2005,REG,00-0020464,,Darnerien McCants,WR,WR,,4,PHI,0,0,0,0,0,0,0,0,0,0,0,0,,0,,,0,0,0,0,0,0,,0,5,5,87,0,0,0,0,0,4,5.74080152291572,0,0.0,0.0641025641025641,,,0,8.7,13.7
2005,REG,00-0020471,,Travis Henry,RB,RB,,9,TEN,0,0,0,0,0,0,0,0,0,0,0,0,,0,,,88,335,0,2,1,11,-14.309942133259,0,13,13,117,0,0,0,0,0,5,3.72698346831367,0,0.0,0.0866666666666667,,,0,43.2,56.2
2005,REG,00-0020474,,Kevan Barlow,RB,RB,,12,SF,0,0,0,0,0,0,0,0,0,0,0,0,,0,,,176,581,3,1,1,20,-34.4011333497125,0,31,31,241,0,1,0,0,0,7,8.01685497632903,0,0.0,0.216783216783217,,,0,98.2,129.2
2005,REG,00-0020480,,Sage Rosenfels,QB,QB,,4,MIA,34,61,462,4,3,0,0,0,0,0,0,17,6.60651122627314,0,0.0,0.0745950554879094,6,15,0,1,0,2,-1.1964349282789,0,0,0,0,0,0,0,0,0,0,,0,,,,,0,29.98,29.98
2005,REG,00-0020485,,Eddie Berlin,WR,WR,,1,CHI,0,0,0,0,0,0,0,0,0,0,0,0,,0,,,0,0,0,0,0,0,,0,2,2,9,0,0,0,0,0,0,-0.272520508151501,0,0.0,0.142857142857143,,,0,0.9,2.9
2005,REG,00-0020490,,Koren Robinson,WR,WR,,12,MIN,0,0,0,0,0,0,0,0,0,0,0,0,,0,,,4,27,1,0,0,1,2.1326918839477,0,22,22,347,1,0,0,0,0,10,26.0704144012998,0,0.0,0.100456621004566,,,1,55.4,77.4
2005,REG,00-0020494,,Santana Moss,WR,WR,,16,WAS,0,0,0,0,0,0,0,0,0,0,0,0,,0,,,3,-3,0,0,0,0,-2.31222881621216,0,84,84,1483,9,2,1,0,0,60,138.864717076212,0,0.0,0.302158273381295,,,0,200.0,284.0
2005,REG,00-0020498,,Reggie Wayne,WR,WR,,15,IND,0,0,0,0,0,0,0,0,0,0,0,0,,0,,,0,0,0,0,0,0,,0,83,83,1055,5,1,0,0,0,54,93.0655068529304,0,0.0,0.254601226993865,,,0,135.5,218.5
2005,REG,00-0020507,,Heath Evans,FB,RB,,9,NE,0,0,0,0,0,0,0,0,0,0,0,0,,0,,,52,192,0,0,0,11,-1.63976775982883,1,14,14,105,0,0,0,0,0,2,3.15503982797964,0,0.0,0.108527131782946,,,0,31.7,45.7
2005,REG,00-0020508,,Moran Norris,RB,RB,,1,HOU,0,0,0,0,0,0,0,0,0,0,0,0,,0,,,0,0,0,0,0,0,,0,1,1,4,1,0,0,0,0,1,1.78695927449735,0,0.0,0.0588235294117647,,,0,6.4,7.4
2005,REG,00-0020514,,Michael Bennett,RB,RB,,16,MIN,0,0,0,0,0,0,0,0,0,0,0,0,,0,,,126,473,3,4,3,21,-32.4692508486332,0,27,27,124,2,1,1,0,0,8,-2.94303959043464,0,0.0,0.124423963133641,,,0,81.7,108.7
2005,REG,00-0020516,,Todd Heap,TE,TE,,16,BAL,0,0,0,0,0,0,0,0,0,0,0,0,,0,,,0,0,0,0,0,0,,0,75,75,855,7,2,1,0,0,43,72.7225427130761,0,0.0,0.223880597014925,,,0,125.5,200.5
2005,REG,00-0020525,,Rod Gardner,WR,WR,,6,GB,0,0,0,0,0,0,0,0,0,0,0,0,,0,,,0,0,0,0,0,0,,0,13,13,151,1,0,0,0,0,8,12.7971070501371,0,0.0,0.0984848484848485,,,0,21.1,34.1
2005,REG,00-0020527,,Deuce McAllister,RB,RB,,5,NO,0,0,0,0,0,0,0,0,0,0,0,0,,0,,,93,335,3,0,0,21,-9.90374213551773,0,17,17,117,0,0,0,0,0,4,2.3876289468948,0,0.0,0.197674418604651,,,0,63.2,80.2
2005,REG,00-0020531,D.Brees,Drew Brees,QB,QB,"https://static.www.nfl.com/image/private/f_auto,q_auto/league/i20xlpzdmn7xubotijjd",16,LAC,323,500,3576,24,15,27,223,8,5,0,0,182,64.0117546703582,0,0.0,0.106413893356463,21,49,1,0,0,8,7.37079180878936,0,0,0,0,0,0,0,0,0,0,,0,,,,,0,209.94,209.94
2005,REG,00-0020536,,LaDainian Tomlinson,RB,RB,,16,LAC,3,4,47,3,0,0,0,0,0,0,0,3,6.63684041910219,0,0.0,,340,1464,18,2,0,72,14.7953652040353,0,51,51,370,2,1,1,0,0,15,11.2572296869995,0,0.0,0.167213114754098,,,0,315.28,366.28
2005,REG,00-0020550,,Darnell Dinkins,TE,TE,,3,BAL,0,0,0,0,0,0,0,0,0,0,0,0,,0,,,0,0,0,0,0,0,,0,6,6,55,0,0,0,0,0,4,3.23106302152155,0,0.0,0.0714285714285714,,,0,5.5,11.5
2005,REG,00-0020583,,Marc Boerigter,WR,WR,,5,KC,0,0,0,0,0,0,0,0,0,0,0,0,,0,,,0,0,0,0,0,0,,0,8,8,119,0,0,0,0,0,5,12.3275785312289,1,0.0,0.0740740740740741,,,0,13.9,21.9
2005,REG,00-0020587,,Jamal Robertson,RB,RB,,2,CAR,0,0,0,0,0,0,0,0,0,0,0,0,,0,,,14,41,1,1,0,3,-1.11839340819995,0,0,0,0,0,0,0,0,0,0,,0,,,,,0,10.1,10.1
2005,REG,00-0020608,,David Carr,QB,QB,,16,HOU,256,423,2488,14,11,68,424,14,6,0,0,135,-67.9094791361773,1,0.0,0.0292138864155103,56,308,1,3,0,20,19.034996946808,0,0,0,0,0,0,0,0,0,0,,0,,,,,0,160.32,160.32
2005,REG,00-0020613,,Quinn Gray,QB,QB,,1,JAX,8,14,100,2,0,1,7,1,1,0,0,6,7.22338880423922,0,0.0,0.20960562449412,3,1,0,0,0,1,-1.77702468872303,0,0,0,0,0,0,0,0,0,0,,0,,,,,0,10.1,10.1
2005,REG,00-0020679,,Shaun Hill,QB,QB,"https://static.www.nfl.com/image/private/f_auto,q_auto/league/dn42ccbwrshm7uksyphy",1,MIN,0,0,0,0,0,0,0,0,0,0,0,0,,0,,,2,-2,0,0,0,0,0.0,0,0,0,0,0,0,0,0,0,0,,0,,,,,0,-0.2,-0.2
2005,REG,00-0020692,,Eddie Drummond,WR,WR,,1,DET,0,0,0,0,0,0,0,0,0,0,0,0,,0,,,1,-3,0,0,0,0,-1.08368940046057,0,0,0,0,0,0,0,0,0,0,,0,,,,,0,-0.3,-0.3
2005,REG,00-0020700,,James Mungro,RB,RB,,6,IND,0,0,0,0,0,0,0,0,0,0,0,0,,0,,,7,15,0,0,0,1,-5.9834114961559,0,3,3,28,0,0,0,0,0,1,0.164486123588466,0,0.0,0.0652173913043478,,,0,4.3,7.3
2005,REG,00-0020780,,Frisman Jackson,WR,WR,,9,CLE,0,0,0,0,0,1,2,0,0,0,0,0,-0.856727833393961,0,,,0,0,0,0,0,0,,0,24,24,287,1,0,0,0,0,15,21.045564752681,0,0.0,0.142857142857143,,,0,34.7,58.7
2005,REG,00-0020794,,Edell Shepherd,WR,WR,,4,TB,0,0,0,0,0,0,0,0,0,0,0,0,,0,,,0,0,0,0,0,0,,0,6,6,103,1,0,0,0,0,4,9.01464150182437,0,0.0,0.08,,,0,16.3,22.3
2005,REG,00-0020797,,Maurice Hicks,RB,RB,,7,SF,0,0,0,0,0,0,0,0,0,0,0,0,,0,,,59,308,3,0,0,13,7.7174249025411,0,12,12,47,0,0,0,0,0,2,-1.46845791937085,0,0.0,0.127659574468085,,,0,53.5,65.5
2005,REG,00-0020805,,Jason McKie,RB,RB,,3,CHI,0,0,0,0,0,0,0,0,0,0,0,0,,0,,,3,22,0,0,0,1,1.16689803870395,0,4,4,15,0,0,0,0,0,1,-1.09264047181932,0,0.0,0.210526315789474,,,0,3.7,7.7
2005,REG,00-0020904,,Eric Parker,WR,WR,,14,LAC,0,0,0,0,0,0,0,0,0,0,0,0,,0,,,4,55,0,0,0,3,3.36238408030476,0,57,57,725,3,0,0,0,0,35,66.1497592889787,0,0.0,0.193220338983051,,,0,96.0,153.0
2005,REG,00-0020917,,Joe Burns,RB,RB,,1,BUF,0,0,0,0,0,0,0,0,0,0,0,0,,0,,,0,0,0,0,0,0,,0,1,1,19,1,0,0,0,0,1,3.3321112394915,0,0.0,0.0454545454545455,,,0,7.9,8.9
2005,REG,00-0020964,,Tony Fisher,RB,RB,,12,GB,1,1,14,0,0,0,0,0,0,0,0,1,1.1924757421948,0,0.0,,60,173,1,0,0,9,-11.9855095821907,0,48,48,347,1,2,0,0,0,12,9.70141206897297,0,0.0,0.16271186440678,,,0,64.56,112.56
2005,REG,00-0020984,,Randy Hymes,WR,WR,,9,BAL,0,2,0,0,0,0,0,0,0,0,0,0,-0.671951131196693,0,,,0,0,0,0,0,0,,0,11,11,132,2,0,0,0,0,9,18.1218547356548,0,0.0,0.053921568627451,,,0,25.2,36.2
2005,REG,00-0020985,,Dwayne Blakley,TE,TE,,3,ATL,0,0,0,0,0,0,0,0,0,0,0,0,,0,,,0,0,0,0,0,0,,0,4,4,30,1,0,0,0,0,3,5.22333480103407,0,0.0,0.105263157894737,,,0,9.0,13.0
2005,REG,00-0021006,,Charlie Adams,WR,WR,,12,DEN,0,0,0,0,0,0,0,0,0,0,0,0,,0,,,5,14,0,0,0,1,-0.738540958380327,0,21,21,203,0,1,0,0,0,9,9.16197070072059,0,0.0,0.12280701754386,,,0,21.7,42.7
2005,REG,00-0021048,,Damien Anderson,RB,RB,,1,ARI,0,0,0,0,0,0,0,0,0,0,0,0,,0,,,2,7,0,0,0,0,-0.769463361706585,0,0,0,0,0,0,0,0,0,0,,0,,,,,0,0.7,0.7
2005,REG,00-0021084,,Matt Schobel,TE,TE,,12,CIN,0,0,0,0,0,0,0,0,0,0,0,0,,0,,,0,0,0,0,0,0,,0,18,18,193,1,1,1,0,0,9,11.3425495092101,1,0.0,0.0697674418604651,,,0,25.3,43.3
2005,REG,00-0021094,,Jason McAddley,WR,WR,,5,SF,0,0,0,0,0,0,0,0,0,0,0,0,,0,,,0,0,0,0,0,0,,0,7,7,125,0,0,0,0,0,4,7.22494948173741,0,0.0,0.111111111111111,,,0,12.5,19.5
2005,REG,00-0021100,,Jeb Putzier,TE,TE,,15,DEN,0,0,0,0,0,0,0,0,0,0,0,0,,0,,,0,0,0,0,0,0,,0,37,37,481,0,1,0,0,0,28,39.1561544780422,1,0.0,0.139097744360902,,,0,50.1,87.1
2005,REG,00-0021141,,Joey Harrington,QB,QB,,12,DET,188,330,2021,12,12,23,136,6,4,0,0,101,-38.1571686385605,0,0.0,0.02782135369937,25,80,0,1,0,3,-10.7212622952358,0,1,1,-4,0,0,0,0,0,0,-2.0393994259648,0,0.0,0.0588235294117647,,,0,104.44,105.44
2005,REG,00-0021147,,Donte' Stallworth,WR,WR,,15,NO,0,0,0,0,0,0,0,0,0,0,0,0,,0,,,2,2,0,1,1,0,-4.4051189951133,0,70,70,945,7,0,0,0,0,50,84.6769181706477,0,0.0,0.236486486486487,,,0,134.7,204.7
2005,REG,00-0021148,,Jeremy Shockey,TE,TE,,15,NYG,0,0,0,0,0,0,0,0,0,0,0,0,,0,,,0,0,0,0,0,0,,0,65,65,891,7,0,0,0,0,46,89.7799532432368,1,0.0,0.230496453900709,,,0,133.1,198.1
2005,REG,00-0021150,,William Green,RB,RB,,7,CLE,0,0,0,0,0,0,0,0,0,0,0,0,,0,,,20,78,0,0,0,4,-3.17597560328431,0,5,5,30,0,0,0,0,0,0,-1.35426467756042,0,0.0,0.0568181818181818,,,0,10.8,15.8
2005,REG,00-0021152,,Ashley Lelie,WR,WR,,15,DEN,0,0,0,0,0,0,0,0,0,0,0,0,,0,,,5,84,0,0,0,5,5.12475162325427,0,42,42,770,1,0,0,0,0,30,62.2770772938384,0,0.0,0.159090909090909,,,0,91.4,133.4
2005,REG,00-0021153,,Javon Walker,WR,WR,,1,GB,0,0,0,0,0,0,0,0,0,0,0,0,,0,,,0,0,0,0,0,0,,0,4,4,27,0,0,0,0,0,2,1.6272798095597,0,0.0,0.148148148148148,,,0,2.7,6.7
2005,REG,00-0021154,,Daniel Graham,TE,TE,,7,NE,0,0,0,0,0,0,0,0,0,0,0,0,,0,,,0,0,0,0,0,0,,0,16,16,235,3,1,0,0,0,9,18.851458781166,0,0.0,0.103896103896104,,,0,41.5,57.5
2005,REG,00-0021159,,Jerramy Stevens,TE,TE,,14,SEA,0,0,0,0,0,0,0,0,0,0,0,0,,0,,,0,0,0,0,0,0,,0,45,45,554,5,0,0,0,0,31,52.976153436194,0,0.0,0.166051660516605,,,0,85.4,130.4
2005,REG,00-0021163,,Jabar Gaffney,WR,WR,,14,HOU,0,0,0,0,0,0,0,0,0,0,0,0,,0,,,4,13,0,0,0,1,-1.87512860825518,0,55,55,492,2,0,0,0,0,31,44.7166152294376,0,0.0,0.227272727272727,,,0,62.5,117.5
2005,REG,00-0021164,,DeShaun Foster,RB,RB,,15,CAR,0,1,0,0,0,0,0,0,0,0,0,0,-0.476419392740354,0,,,206,882,2,1,0,34,-13.415274779337,0,34,34,372,1,1,1,0,0,12,21.2482486268804,0,0.0,0.145922746781116,,,0,141.4,175.4
2005,REG,00-0021166,,Josh Reed,WR,WR,,16,BUF,0,0,0,0,0,0,0,0,0,0,0,0,,0,,,1,-3,0,0,0,0,-1.06092061987147,0,32,32,449,2,0,0,0,0,20,35.4822477833077,0,0.0,0.118518518518519,,,0,56.6,88.6
2005,REG,00-0021174,,Tim Carter,WR,WR,,11,NYG,0,0,0,0,0,0,0,0,0,0,0,0,,0,,,6,46,0,0,0,2,1.65369201626163,0,10,10,184,0,0,0,0,0,8,14.7205732900184,0,0.0,0.0740740740740741,,,0,23.0,33.0
2005,REG,00-0021175,,Andre Davis,WR,WR,,7,NE,0,0,0,0,0,0,0,0,0,0,0,0,,0,,,0,0,0,0,0,0,,0,9,9,190,1,0,0,0,0,8,15.3280469247256,0,0.0,0.0633802816901408,,,0,25.0,34.0
2005,REG,00-0021176,,Reche Caldwell,WR,WR,,11,LAC,0,0,0,0,0,0,0,0,0,0,0,0,,0,,,2,10,0,0,0,1,0.65619203587994,0,28,28,352,1,2,2,0,0,16,22.5441713817418,0,0.0,0.113821138211382,,,0,38.2,66.2
2005,REG,00-0021179,,Clinton Portis,RB,RB,,16,WAS,1,2,17,1,0,0,0,0,0,0,0,1,2.05497129558353,0,0.0,,352,1516,11,3,2,74,-0.586973384546582,0,30,30,216,0,0,0,0,0,13,14.1116603805858,1,0.0,0.113636363636364,,,0,241.88,271.88
2005,REG,00-0021182,,Maurice Morris,RB,RB,,11,SEA,0,0,0,0,0,0,0,0,0,0,0,0,,0,,,71,288,1,0,0,17,-5.09682541949421,0,5,5,48,0,0,0,0,0,3,5.16364017271553,0,0.0,0.0757575757575758,,,0,39.6,44.6
2005,REG,00-0021183,,Doug Jolley,TE,TE,,11,NYJ,0,0,0,0,0,0,0,0,0,0,0,0,,0,,,0,0,0,0,0,0,,0,29,29,324,1,1,1,0,0,17,16.0947982258871,0,0.0,0.153439153439153,,,0,36.4,65.4
2005,REG,00-0021184,,Ladell Betts,RB,RB,,12,WAS,0,0,0,0,0,0,0,0,0,0,0,0,,0,,,89,338,1,2,2,17,-14.594226060115,0,10,10,78,1,0,0,0,0,4,8.26612358432612,0,0.0,0.0719424460431655,,,1,55.6,65.6
2005,REG,00-0021190,,Antwaan Randle El,RB,RB,,15,PIT,3,3,67,1,0,0,0,0,0,0,0,2,5.33943068119697,0,0.0,,12,73,0,0,0,2,-0.666291462972789,0,35,35,558,1,2,1,0,0,23,38.5334091387448,0,0.0,0.166666666666667,,,2,85.78,120.78
2005,REG,00-0021191,,Antonio Bryant,WR,WR,,16,CLE,0,0,0,0,0,0,0,0,0,0,0,0,,0,,,1,3,0,0,0,0,-0.0972350960364565,0,69,69,1009,4,1,1,0,0,45,86.24429945699,0,0.0,0.232323232323232,,,0,123.2,192.2
2005,REG,00-0021192,,Deion Branch,WR,WR,,16,NE,0,0,0,0,0,0,0,0,0,0,0,0,,0,,,0,0,0,0,0,0,,0,78,78,998,5,0,0,0,0,51,96.6559220303706,0,0.0,0.221590909090909,,,0,129.8,207.8
2005,REG,00-0021206,J.McCown,Josh McCown,QB,QB,"https://static.www.nfl.com/image/private/f_auto,q_auto/league/qcauc37wqjdaxdbq1evu",9,ARI,163,270,1832,9,11,18,101,3,2,0,0,84,-7.14102420273545,0,0.0,0.0498778860367263,29,139,0,2,1,7,-1.52777858660598,0,0,0,0,0,0,0,0,0,0,,0,,,,,0,95.18,95.18
2005,REG,00-0021209,,Lamar Gordon,RB,RB,,13,PHI,0,0,0,0,0,0,0,0,0,0,0,0,,0,,,54,182,1,2,1,11,-9.56734273085021,0,11,11,79,0,1,1,0,0,1,-1.8467822324601,0,0.0,0.069620253164557,,,0,28.1,39.1
2005,REG,00-0021213,,Chris Baker,TE,TE,,7,NYJ,0,0,0,0,0,0,0,0,0,0,0,0,,0,,,0,0,0,0,0,0,,0,18,18,269,1,0,0,0,0,11,20.3376549710522,0,0.0,0.145161290322581,,,0,32.9,50.9
2005,REG,00-0021216,,Brian Westbrook,RB,RB,,12,PHI,0,0,0,0,0,0,0,0,0,0,0,0,,0,,,157,614,3,0,0,27,-20.2431553536153,0,61,61,616,4,0,0,0,0,27,33.0506080061699,1,0.0,0.223443223443223,,,0,167.0,228.0
2005,REG,00-0021223,,Jonathan Wells,RB,RB,,13,HOU,0,0,0,0,0,0,0,0,0,0,0,0,,0,,,90,325,4,0,0,20,-6.91505608353927,0,22,22,179,0,0,0,0,0,6,9.92109917721245,0,0.0,0.11,,,0,74.4,96.4
2005,REG,00-0021227,,Justin Peelle,TE,TE,,8,LAC,0,0,0,0,0,0,0,0,0,0,0,0,,0,,,0,0,0,0,0,0,,0,11,11,38,1,0,0,0,0,4,2.66361082310323,0,0.0,0.0632183908045977,,,0,9.8,20.8
2005,REG,00-0021231,,David Garrard,QB,QB,,7,JAX,98,168,1117,4,1,10,58,3,0,0,0,63,16.0518414237765,0,0.0,0.113236942368307,29,185,3,1,1,14,10.5707276044413,1,0,0,0,0,0,0,0,0,0,,0,,,,,0,95.18,95.18
2005,REG,00-0021235,,Dave Zastudil,P,SPEC,,1,BAL,0,0,0,0,0,0,0,0,0,0,0,0,,0,,,1,0,0,0,0,0,-3.42975392524386,0,0,0,0,0,0,0,0,0,0,,0,,,,,0,0.0,0.0
2005,REG,00-0021236,,Randy McMichael,TE,TE,,15,MIA,0,0,0,0,0,0,0,0,0,0,0,0,,0,,,0,0,0,0,0,0,,0,60,60,582,5,1,1,0,0,25,38.7960857598426,0,0.0,0.212765957446809,,,0,86.2,146.2
2005,REG,00-0021252,,Najeh Davenport,RB,RB,,5,GB,0,0,0,0,0,0,0,0,0,0,0,0,,0,,,30,105,2,1,0,9,-1.10763600509381,0,2,2,3,0,0,0,0,0,0,-1.1215369340498,0,0.0,0.0416666666666667,,,0,22.8,24.8
2005,REG,00-0021253,,Jarrod Baxter,RB,RB,,1,ARI,0,0,0,0,0,0,0,0,0,0,0,0,,0,,,0,0,0,0,0,0,,0,1,1,4,0,0,0,0,0,0,-0.0559772530104965,0,0.0,0.0344827586206897,,,0,0.4,1.4
2005,REG,00-0021260,,Kyle Johnson,RB,RB,,13,DEN,0,0,0,0,0,0,0,0,0,0,0,0,,0,,,4,9,1,0,0,3,0.914387392345816,0,17,17,160,5,0,0,0,0,12,19.676826185314,0,0.0,0.0913978494623656,,,0,52.9,69.9
2005,REG,00-0021268,,Terry Jones,TE,TE,,6,SF,0,0,0,0,0,0,0,0,0,0,0,0,,0,,,0,0,0,0,0,0,,0,9,9,76,0,0,0,0,0,4,5.35033691755962,0,0.0,0.0967741935483871,,,0,7.6,16.6
2005,REG,00-0021273,,Robert Royal,TE,TE,,10,WAS,0,0,0,0,0,0,0,0,0,0,0,0,,0,,,0,0,0,0,0,0,,0,18,18,131,1,0,0,0,0,8,9.63235723503749,0,0.0,0.0994475138121547,,,0,19.1,37.1
2005,REG,00-0021279,,Verron Haynes,FB,RB,,14,PIT,0,0,0,0,0,0,0,0,0,0,0,0,,0,,,74,274,3,2,1,16,-12.755169104543,0,11,11,113,0,0,0,0,0,5,7.73748586687725,0,0.0,0.0866141732283465,,,0,54.7,65.7
2005,REG,00-0021282,,Ryan Hannam,TE,TE,,9,SEA,0,0,0,0,0,0,0,0,0,0,0,0,,0,,,0,0,0,0,0,0,,0,13,13,89,1,0,0,0,0,7,6.55260874615006,0,0.0,0.0710382513661202,,,0,14.9,27.9
2005,REG,00-0021304,,John Gilmore,TE,TE,,1,CHI,0,0,0,0,0,0,0,0,0,0,0,0,,0,,,0,0,0,0,0,0,,0,1,1,1,1,0,0,0,0,1,0.809454718488269,0,0.0,0.0714285714285714,,,0,6.1,7.1
2005,REG,00-0021306,,Adrian Peterson,RB,RB,,13,CHI,0,0,0,0,0,0,0,0,0,0,0,0,,0,,,76,391,2,0,0,21,2.49815421134709,0,7,7,48,0,1,0,0,0,1,1.68937843409367,0,0.0,0.0921052631578947,,,0,55.9,62.9
2005,REG,00-0021314,,Chester Taylor,RB,RB,,14,BAL,0,0,0,0,0,0,0,0,0,0,0,0,,0,,,117,487,0,1,1,29,-10.0094374269403,0,41,41,292,1,1,1,0,4,14,9.418443794013,0,0.0,0.146953405017921,,,0,79.9,120.9
2005,REG,00-0021317,,Bryan Fletcher,TE,TE,,8,IND,0,0,0,0,0,0,0,0,0,0,0,0,,0,,,0,0,0,0,0,0,,0,18,18,202,3,0,0,0,0,11,21.6371167219477,0,0.0,0.103448275862069,,,0,38.2,56.2
2005,REG,00-0021337,,Ronald Curry,WR,WR,,1,LV,0,0,0,0,0,0,0,0,0,0,0,0,,0,,,0,0,0,0,0,0,,0,2,2,12,0,0,0,0,0,1,0.459803154692054,0,0.0,0.0952380952380952,,,0,1.2,3.2
2005,REG,00-0021352,,Matt Murphy,TE,TE,,2,HOU,0,0,0,0,0,0,0,0,0,0,0,0,,0,,,0,0,0,0,0,0,,0,2,2,26,0,0,0,0,0,2,1.98606514558196,0,0.0,0.08,,,0,2.6,4.6
2005,REG,00-0021353,,David Givens,WR,WR,,13,NE,0,0,0,0,0,0,0,0,0,0,0,0,,0,,,2,13,0,0,0,0,0.339213746716268,0,59,59,738,2,0,0,0,0,32,59.1695398048927,0,0.0,0.200680272108844,,,0,87.1,146.1
2005,REG,00-0021357,,Rock Cartwright,RB,RB,,7,WAS,0,0,0,0,0,0,0,0,0,0,0,0,,0,,,27,199,2,1,1,10,-4.41479334863834,0,2,2,23,0,0,0,0,0,1,2.08217659336515,0,0.0,0.0769230769230769,,,0,32.2,34.2
2005,REG,00-0021376,,T.J. Duckett,RB,RB,,14,ATL,0,0,0,0,0,0,0,0,0,0,0,0,,0,,,121,380,8,2,2,24,-37.499268412222,0,6,6,63,0,0,0,0,0,3,3.43986307433806,0,0.0,0.0731707317073171,,,0,88.3,94.3
2005,REG,00-0021379,,Patrick Ramsey,QB,QB,,4,WAS,15,25,279,1,1,4,27,2,1,0,0,11,8.34545513987541,0,0.0,0.115697089090027,7,3,0,0,0,0,-1.25481108867098,0,0,0,0,0,0,0,0,0,0,,0,,,,,0,11.46,11.46
2005,REG,00-0021406,,Derick Armstrong,WR,WR,,7,HOU,0,0,0,0,0,0,0,0,0,0,0,0,,0,,,0,0,0,0,0,0,,0,9,9,115,0,0,0,0,0,8,13.8112285208772,0,0.0,0.0756302521008403,,,0,11.5,20.5
2005,REG,00-0021424,,Chris Horn,WR,WR,,7,KC,0,0,0,0,0,0,0,0,0,0,0,0,,0,,,0,0,0,0,0,0,,0,18,18,187,0,0,0,0,0,7,12.4489517644397,0,0.0,0.124137931034483,,,0,18.7,36.7
2005,REG,00-0021425,,Antonio Brown,WR,WR,,3,WAS,0,0,0,0,0,0,0,0,0,0,0,0,,0,,,2,7,0,0,0,0,-0.460152839310467,0,0,0,0,0,0,0,0,0,0,,0,,,,,1,6.7,6.7
2005,REG,00-0021429,C.Palmer,Carson Palmer,QB,QB,"https://static.www.nfl.com/image/private/f_auto,q_auto/league/belgna3tokxga0gjjmwk",16,CIN,345,509,3836,32,12,20,108,4,2,0,0,197,120.455023243548,1,0.0,0.131917515933771,33,44,1,1,0,6,-12.8925859103329,0,0,0,0,0,0,0,0,0,0,,0,,,,,0,265.84,265.84
2005,REG,00-0021460,,Cortez Hankton,WR,WR,,1,JAX,0,0,0,0,0,0,0,0,0,0,0,0,,0,,,0,0,0,0,0,0,,0,3,3,15,0,0,0,0,0,0,-0.132133872364648,0,0.0,0.157894736842105,,,0,1.5,4.5
2005,REG,00-0021508,,Greg Lewis,WR,WR,,15,PHI,0,0,0,0,0,0,0,0,0,0,0,0,,0,,,2,13,0,0,0,0,-0.793285642750561,0,48,48,561,1,0,0,0,0,30,45.4221731151338,0,0.0,0.148606811145511,,,0,63.4,111.4
2005,REG,00-0021509,,Reno Mahe,RB,RB,,6,PHI,0,0,0,0,0,0,0,0,0,0,0,0,,0,,,20,87,0,0,0,3,-1.0420493784186,0,12,12,68,0,0,0,0,0,3,-0.152573243945854,0,0.0,0.129032258064516,,,0,15.5,27.5
2005,REG,00-0021525,,Casey Fitzsimmons,TE,TE,,8,DET,0,0,0,0,0,0,0,0,0,0,0,0,,0,,,0,0,0,0,0,0,,0,10,10,45,1,0,0,0,0,3,2.69523687439505,0,0.0,0.0735294117647059,,,0,10.5,20.5
2005,REG,00-0021530,,Scott Vines,WR,WR,,11,DET,0,0,0,0,0,0,0,0,0,0,0,0,,0,,,1,7,0,0,0,0,0.333435518667102,0,40,40,417,0,0,0,0,0,22,32.2812536304118,0,0.0,0.187793427230047,,,0,42.4,82.4
2005,REG,00-0021547,A.Gates,Antonio Gates,TE,TE,"https://static.www.nfl.com/image/private/f_auto,q_auto/league/kndulvysinvn4tpvt0bc",15,LAC,0,0,0,0,0,0,0,0,0,0,0,0,,0,,,0,0,0,0,0,0,,0,89,89,1101,10,0,0,0,0,62,105.326802139782,0,0.0,0.278125,,,0,170.1,259.1
2005,REG,00-0021554,,Lorenzo Diamond,TE,TE,,6,MIA,0,0,0,0,0,0,0,0,0,0,0,0,,0,,,0,0,0,0,0,0,,0,8,8,54,0,0,0,0,0,2,2.3777761629317,0,0.0,0.0769230769230769,,,0,5.4,13.4
2005,REG,00-0021560,,Reggie Newhouse,WR,WR,,2,ARI,0,0,0,0,0,0,0,0,0,0,0,0,,0,,,0,0,0,0,0,0,,0,4,4,45,0,0,0,0,0,1,1.19874734959542,0,0.0,0.0689655172413793,,,0,4.5,8.5
2005,REG,00-0021570,,Kassim Osgood,WR,WR,,2,LAC,0,0,0,0,0,0,0,0,0,0,0,0,,0,,,1,4,0,0,0,0,-0.0880470487754792,0,2,2,21,0,0,0,0,0,2,2.73691222630441,0,0.0,0.0416666666666667,,,0,2.5,4.5
2005,REG,00-0021612,,Leigh Bodden,DB,DB,,1,CLE,0,0,0,0,0,0,0,0,0,0,0,0,,0,,,0,0,0,0,0,0,,0,0,0,0,0,0,0,0,0,0,,0,,,,,1,6.0,6.0
2005,REG,00-0021636,,Sean Berton,TE,TE,,1,NYG,0,0,0,0,0,0,0,0,0,0,0,0,,0,,,0,0,0,0,0,0,,0,1,1,3,0,0,0,0,0,0,-0.168488682247698,0,0.0,0.0555555555555556,,,0,0.3,1.3
2005,REG,00-0021647,,Jerheme Urban,WR,WR,,4,SEA,0,0,0,0,0,0,0,0,0,0,0,0,,0,,,0,0,0,0,0,0,,0,7,7,151,0,0,0,0,0,7,9.58906325045973,0,0.0,0.0909090909090909,,,0,15.1,22.1
2005,REG,00-0021673,,ReShard Lee,RB,RB,,4,GB,0,0,0,0,0,0,0,0,0,0,0,0,,0,,,11,16,0,1,1,1,-7.39425956230843,0,1,1,5,0,0,0,0,0,0,-0.150733032263815,0,0.0,0.037037037037037,,,0,0.1,1.1
2005,REG,00-0021678,,Tony Romo,QB,QB,"https://static.www.nfl.com/image/private/f_auto,q_auto/league/rdgaxf7djip2ovlkeqjk",1,DAL,0,0,0,0,0,0,0,0,0,0,0,0,,0,,,2,-2,0,0,0,0,-1.52267541570473,0,0,0,0,0,0,0,0,0,0,,0,,,,,0,-0.2,-0.2
2005,REG,00-0021712,,Zach Hilton,TE,TE,,11,NO,0,0,0,0,0,0,0,0,0,0,0,0,,0,,,0,0,0,0,0,0,,0,35,35,396,1,0,0,0,0,21,28.5282642946113,0,0.0,0.157657657657658,,,0,45.6,80.6
2005,REG,00-0021750,,Arlen Harris,RB,RB,,3,LA,0,0,0,0,0,0,0,0,0,0,0,0,,0,,,13,21,1,0,0,2,-4.76697266514095,0,4,4,34,0,0,0,0,0,1,3.45712005405221,1,0.0,0.108108108108108,,,0,13.5,17.5
2005,REG,00-0021755,,Earnest Graham,RB,RB,,3,TB,0,0,0,0,0,0,0,0,0,0,0,0,,0,,,28,83,0,1,1,4,-7.76834004378179,0,0,0,0,0,0,0,0,0,0,,0,,,,,0,6.3,6.3
2005,REG,00-0021756,,Will Heller,TE,TE,,1,MIA,0,0,0,0,0,0,0,0,0,0,0,0,,0,,,0,0,0,0,0,0,,0,1,1,1,1,0,0,0,0,1,0.749566163751297,0,0.0,0.0476190476190476,,,0,6.1,7.1
2005,REG,00-0021780,,Aaron Moorehead,WR,WR,,2,IND,0,0,0,0,0,0,0,0,0,0,0,0,,0,,,0,0,0,0,0,0,,0,7,7,75,0,0,0,0,0,3,5.760477596079,0,0.0,0.132075471698113,,,0,7.5,14.5
2005,REG,00-0021813,,Gabe Reid,TE,TE,,3,CHI,0,0,0,0,0,0,0,0,0,0,0,0,,0,,,0,0,0,0,0,0,,0,3,3,20,0,0,0,0,0,2,2.86680005211383,0,0.0,0.0652173913043478,,,0,2.0,5.0
2005,REG,00-0021845,,Cecil Sapp,RB,RB,,3,DEN,0,0,0,0,0,0,0,0,0,0,0,0,,0,,,5,21,0,0,0,1,0.127766358113149,0,2,2,17,0,0,0,0,0,1,1.7121604369604,0,0.0,0.0625,,,0,3.8,5.8
2005,REG,00-0021852,,Todd Devoe,WR,WR,,5,DEN,0,0,0,0,0,0,0,0,0,0,0,0,,0,,,0,0,0,0,0,0,,0,9,9,87,1,0,0,0,0,1,5.20526218367741,0,0.0,0.09375,,,0,14.7,23.7
2005,REG,00-0021868,,Robert Johnson,TE,TE,,1,WAS,0,0,0,0,0,0,0,0,0,0,0,0,,0,,,0,0,0,0,0,0,,0,1,1,14,0,0,0,0,0,1,0.555707547289785,0,0.0,0.0588235294117647,,,0,1.4,2.4
2005,REG,00-0021915,,Sam Aiken,WR,WR,,4,BUF,0,0,0,0,0,0,0,0,0,0,0,0,,0,,,0,0,0,0,0,0,,0,4,4,57,0,0,0,0,0,3,5.98735089320689,0,0.0,0.0740740740740741,,,0,5.7,9.7
2005,REG,00-0021923,,Willie Ponder,WR,WR,,2,NYG,0,0,0,0,0,0,0,0,0,0,0,0,,0,,,1,4,0,0,0,0,-0.0666281543672085,0,0,0,0,0,0,0,0,0,0,,0,,,,,1,6.4,6.4
2005,REG,00-0021927,,David Tyree,WR,WR,,1,NYG,0,0,0,0,0,0,0,0,0,0,0,0,,0,,,0,0,0,0,0,0,,0,5,5,52,1,1,1,0,0,2,1.48990868218243,0,0.0,0.208333333333333,,,0,9.2,14.2
2005,REG,00-0021929,,Donald Lee,TE,TE,,13,GB,0,0,0,0,0,0,0,0,0,0,0,0,,0,,,0,0,0,0,0,0,,0,33,33,294,2,0,0,0,0,16,22.286954615789,0,0.0,0.106109324758842,,,0,41.4,74.4
2005,REG,00-0021931,,Kevin Walter,WR,WR,,9,CIN,0,0,0,0,0,0,0,0,0,0,0,0,,0,,,0,0,0,0,0,0,,0,19,19,211,1,0,0,0,0,14,21.9415111852577,0,0.0,0.0855855855855856,,,0,27.1,46.1
2005,REG,00-0021936,,Andrew Pinnock,RB,RB,,1,LAC,0,0,0,0,0,0,0,0,0,0,0,0,,0,,,1,4,0,0,0,1,-0.0345843017566949,0,0,0,0,0,0,0,0,0,0,,0,,,,,0,0.4,0.4
2005,REG,00-0021949,,Chris Johnson,DB,DB,,1,LA,0,0,0,0,0,0,0,0,0,0,0,0,,0,,,0,0,0,0,0,0,,0,0,0,0,0,0,0,0,0,0,,0,,,,,1,6.0,6.0
2005,REG,00-0021976,,Larry Johnson,RB,RB,,16,KC,0,0,0,0,0,0,0,0,0,0,0,0,,0,,,336,1750,20,5,4,97,33.7967580208929,0,33,33,343,1,0,0,0,0,13,19.083776143592,0,0.0,0.1284046692607,,,0,327.3,360.3
2005,REG,00-0021979,,Domanick Williams,RB,RB,,11,HOU,0,1,0,0,0,0,0,0,0,0,0,0,-0.401853160699829,0,,,230,976,2,1,1,39,-21.9394559407682,0,39,39,337,4,0,0,0,0,18,29.063097383565,0,0.0,0.225433526011561,,,0,165.3,204.3
2005,REG,00-0021980,,George Wrighster,TE,TE,,7,JAX,0,0,0,0,0,0,0,0,0,0,0,0,,0,,,0,0,0,0,0,0,,0,13,13,120,2,0,0,0,0,5,10.1623850676115,0,0.0,0.108333333333333,,,0,24.0,37.0
2005,REG,00-0021981,,Shaun McDonald,WR,WR,,14,LA,0,0,0,0,0,0,0,0,0,0,0,0,,0,,,1,7,0,0,0,1,0.428330198861659,0,46,46,523,0,0,0,0,0,29,39.797681675102,0,0.0,0.132183908045977,,,0,53.0,99.0
2005,REG,00-0021982,,Justin Gage,WR,WR,,11,CHI,0,0,0,0,0,0,0,0,0,0,0,0,,0,,,0,0,0,0,0,0,,0,31,31,346,2,0,0,0,0,22,37.0718117121141,0,0.0,0.208053691275168,,,0,46.6,77.6
2005,REG,00-0021993,,Bethel Johnson,WR,WR,,3,NE,0,0,0,0,0,0,0,0,0,0,0,0,,0,,,0,0,0,0,0,0,,0,4,4,67,1,0,0,0,0,1,6.07114282168914,0,0.0,0.0540540540540541,,,0,12.7,16.7
2005,REG,00-0021999,,Nate Burleson,WR,WR,,11,MIN,0,0,0,0,0,0,0,0,0,0,0,0,,0,,,2,-6,0,0,0,0,-1.53456096397713,0,30,30,328,1,0,0,0,0,20,28.4675919443825,0,0.0,0.13953488372093,,,0,38.2,68.2
2005,REG,00-0022001,,Kevin Curtis,WR,WR,,16,LA,0,0,0,0,0,0,0,0,0,0,0,0,,0,,,1,5,1,0,0,1,1.360684756306,0,61,61,822,6,2,1,0,0,36,58.0642536316094,0,0.0,0.155612244897959,,,0,122.7,183.7
2005,REG,00-0022003,,B.J. Askew,FB,RB,,2,NYJ,0,0,0,0,0,0,0,0,0,0,0,0,,0,,,13,59,0,0,0,3,0.259287318593124,0,1,1,11,0,0,0,0,0,1,0.547701072413474,0,0.0,0.0357142857142857,,,0,7.0,8.0
2005,REG,00-0022005,,Chris Simms,QB,QB,,11,TB,191,313,2035,10,7,28,205,5,4,0,0,107,-25.7712827061236,0,0.0,0.0332176140268304,20,31,0,1,0,2,-2.84091547429349,0,1,1,-3,0,0,0,0,0,0,-1.16245638369583,0,0.0,0.0526315789473684,,,0,102.2,103.2
2005,REG,00-0022006,,Artose Pinner,RB,RB,,13,DET,0,0,0,0,0,0,0,0,0,0,0,0,,0,,,106,349,3,0,0,21,-11.5122132012263,0,21,21,181,0,0,0,0,0,7,7.56882123020478,0,0.0,0.107142857142857,,,0,71.0,92.0
2005,REG,00-0022008,,Terrence McGee,CB,DB,,1,BUF,0,0,0,0,0,0,0,0,0,0,0,0,,0,,,0,0,0,0,0,0,,0,0,0,0,0,0,0,0,0,0,,0,,,,,1,6.0,6.0
2005,REG,00-0022011,,Justin Griffith,RB,RB,,14,ATL,0,0,0,0,0,0,0,0,0,0,0,0,,0,,,15,65,0,0,0,3,-0.327902357181301,0,21,21,111,3,1,1,0,0,7,2.83763216977241,0,0.0,0.107692307692308,,,0,33.6,54.6
2005,REG,00-0022026,,Brooks Bollinger,QB,QB,,11,NYJ,150,266,1558,7,6,33,196,2,1,0,0,76,-49.5297477250076,0,0.0,0.0286230504145229,34,138,0,1,0,13,6.75440863055664,0,0,0,0,0,0,0,0,0,0,,0,,,,,0,90.12,90.12
2005,REG,00-0022027,,Kliff Kingsbury,QB,QB,,1,NYJ,1,2,17,0,0,0,0,0,0,0,0,0,-2.29526694945525,0,0.0,,0,0,0,0,0,0,,0,0,0,0,0,0,0,0,0,0,,0,,,,,0,0.68,0.68
2005,REG,00-0022039,,Ken Dorsey,QB,QB,,3,SF,48,90,481,2,2,6,28,2,1,0,0,22,-13.455993721474,1,0.0,0.0244310793616439,4,11,0,0,0,0,-3.2314636681502,0,0,0,0,0,0,0,0,0,0,,0,,,,,0,24.34,24.34
2005,REG,00-0022041,,Richard Angulo,TE,TE,,1,MIN,0,0,0,0,0,0,0,0,0,0,0,0,,0,,,0,0,0,0,0,0,,0,1,1,11,0,0,0,0,0,1,2.09841058496386,0,0.0,0.04,,,0,1.1,2.1
2005,REG,00-0022044,,Andre Johnson,WR,WR,,12,HOU,0,0,0,0,0,0,0,0,0,0,0,0,,0,,,6,10,0,1,1,1,-4.78670324163977,0,63,63,688,2,0,0,0,0,40,57.4506092171068,0,0.0,0.290322580645161,,,0,79.8,142.8
2005,REG,00-0022045,T.Newman,Terence Newman,CB,DB,"https://static.www.nfl.com/image/private/f_auto,q_auto/league/aphgunfzg6ptehfuk8j1",1,DAL,0,0,0,0,0,0,0,0,0,0,0,0,,0,,,1,4,0,0,0,0,-0.0701398600358516,0,0,0,0,0,0,0,0,0,0,,0,,,,,0,0.4,0.4
2005,REG,00-0022051,,Teyo Johnson,TE,TE,,2,ARI,0,0,0,0,0,0,0,0,0,0,0,0,,0,,,0,0,0,0,0,0,,0,3,3,29,0,0,0,0,0,0,1.84462694940157,0,0.0,0.0491803278688525,,,0,2.9,5.9
2005,REG,00-0022054,,Visanthe Shiancoe,TE,TE,,5,NYG,0,0,0,0,0,0,0,0,0,0,0,0,,0,,,0,0,0,0,0,0,,0,8,8,91,0,0,0,0,0,5,5.78796523617348,0,0.0,0.0769230769230769,,,0,9.1,17.1
2005,REG,00-0022055,,Seneca Wallace,QB,QB,,5,SEA,13,25,173,1,1,3,20,0,0,0,0,10,-2.52605412077385,0,0.0,0.023942488478255,6,-5,0,2,0,0,-8.64492687419988,0,0,0,0,0,0,0,0,0,0,,0,,,,,0,8.42,8.42
2005,REG,00-0022057,,LaBrandon Toefield,RB,RB,,6,JAX,0,0,0,0,0,0,0,0,0,0,0,0,,0,,,36,142,4,0,0,7,0.967401599347957,0,3,3,17,0,0,0,0,0,1,0.323510685469955,0,0.0,0.09375,,,0,39.9,42.9
2005,REG,00-0022064,,Arnaz Battle,WR,WR,,8,SF,2,2,27,0,0,0,0,0,0,0,0,1,0.99364528642036,0,0.0,,8,11,0,0,0,2,-2.79928922938416,0,32,32,363,3,1,1,0,0,20,27.0866025669384,0,0.0,0.25,,,0,54.48,86.48
2005,REG,00-0022072,,Charles Rogers,WR,WR,,7,DET,0,0,0,0,0,0,0,0,0,0,0,0,,0,,,0,0,0,0,0,0,,0,14,14,197,1,0,0,0,0,11,15.6068857901264,0,0.0,0.104477611940299,,,0,25.7,39.7
2005,REG,00-0022084,,Anquan Boldin,WR,WR,"https://static.www.nfl.com/image/private/f_auto,q_auto/league/ajabgwxbliupgkwjbnut",14,ARI,0,1,0,0,0,0,0,0,0,0,0,0,-0.834191313944757,0,,,12,45,0,0,0,2,-1.40254052245291,0,102,102,1398,7,2,1,0,0,68,115.085109354675,1,0.0,0.292263610315186,,,0,186.3,288.3
2005,REG,00-0022087,,Tyrone Calico,WR,WR,,11,TEN,0,0,0,0,0,0,0,0,0,0,0,0,,0,,,0,0,0,0,0,0,,0,22,22,191,0,1,1,0,0,11,9.98214950734362,0,0.0,0.0866141732283465,,,0,17.1,39.1
2005,REG,00-0022089,,Vince Manuwai,G,OL,,1,JAX,0,0,0,0,0,0,0,0,0,0,0,0,,0,,,0,0,0,0,0,0,,0,1,1,-1,0,0,0,0,0,0,-0.716845205519348,0,0.0,0.0454545454545455,,,0,-0.1,0.9
2005,REG,00-0022092,,Chris Brown,RB,RB,,15,TEN,0,0,0,0,0,0,0,0,0,0,0,0,,0,,,224,851,5,3,2,37,-32.7570816963984,0,25,25,327,2,1,1,0,16,14,14.9032579143608,0,0.0,0.1,,,0,153.8,178.8
2005,REG,00-0022093,,Justin Fargas,RB,RB,,4,LV,0,0,0,0,0,0,0,0,0,0,0,0,,0,,,5,28,0,0,0,2,-0.993204092053929,0,1,1,9,0,0,0,0,0,0,0.46179602277698,0,0.0,0.0588235294117647,,,0,3.7,4.7
2005,REG,00-0022097,,Brandon Lloyd,WR,WR,,15,SF,0,0,0,0,0,0,0,0,0,0,0,0,,0,,,0,0,0,0,0,0,,0,48,48,733,5,1,1,0,0,34,65.5258559113886,0,0.0,0.246153846153846,,,0,101.3,149.3
2005,REG,00-0022100,,Donnie Nickey,FS,DB,,1,TEN,0,0,0,0,0,0,0,0,0,0,0,0,,0,,,0,0,0,0,0,0,,0,1,1,26,0,0,0,0,0,1,3.72803585510701,0,0.0,0.0416666666666667,,,0,2.6,3.6
2005,REG,00-0022102,,Doug Gabriel,WR,WR,,12,LV,0,0,0,0,0,0,0,0,0,0,0,0,,0,,,1,5,0,0,0,0,0.111094359308481,0,37,37,554,3,0,0,0,0,31,57.4948767802562,0,0.0,0.149797570850202,,,0,73.9,110.9
2005,REG,00-0022110,,Trent Smith,TE,TE,,2,SF,0,0,0,0,0,0,0,0,0,0,0,0,,0,,,0,0,0,0,0,0,,0,3,3,7,0,0,0,0,0,0,-0.241955032106489,0,0.0,0.103448275862069,,,0,0.7,3.7
2005,REG,00-0022121,,Rex Grossman,QB,QB,,2,CHI,20,39,259,1,2,1,9,0,0,0,0,14,8.65324745754645,0,0.0,0.125146211229878,0,0,0,0,0,0,,0,0,0,0,0,0,0,0,0,0,,0,,,,,0,10.36,10.36
2005,REG,00-0022124,,Taylor Jacobs,WR,WR,,6,WAS,0,0,0,0,0,0,0,0,0,0,0,0,,0,,,0,0,0,0,0,0,,0,11,11,100,0,0,0,0,0,4,7.87575639301213,0,0.0,0.11340206185567,,,0,10.0,21.0
2005,REG,00-0022126,,L.J. Smith,TE,TE,,16,PHI,0,0,0,0,0,0,0,0,0,0,0,0,,0,,,0,0,0,0,0,0,,0,61,61,682,3,1,1,0,0,36,50.8261405969563,0,0.0,0.181008902077151,,,0,84.2,145.2
2005,REG,00-0022127,J.Witten,Jason Witten,TE,TE,"https://static.www.nfl.com/image/private/f_auto,q_auto/league/r7uafhtwuexuaty0nhsc",16,DAL,0,0,0,0,0,0,0,0,0,0,0,0,,0,,,0,0,0,0,0,0,,0,66,66,757,6,0,0,0,0,40,64.231619782543,0,0.0,0.22,,,0,111.7,177.7
2005,REG,00-0022130,,Musa Smith,RB,RB,,1,BAL,0,0,0,0,0,0,0,0,0,0,0,0,,0,,,0,0,0,0,0,0,,0,3,3,5,0,0,0,0,0,0,-4.30196434160462,0,0.0,0.157894736842105,,,0,0.5,3.5
2005,REG,00-0022135,,Billy McMullen,WR,WR,,10,PHI,0,0,0,0,0,0,0,0,0,0,0,0,,0,,,0,0,0,0,0,0,,0,18,18,268,1,1,1,0,0,13,20.4142632048596,0,0.0,0.0878048780487805,,,0,30.8,48.8
2005,REG,00-0022141,,Jeremi Johnson,FB,RB,,11,CIN,0,0,0,0,0,0,0,0,0,0,0,0,,0,,,8,14,0,1,0,1,-3.04542060405947,0,12,12,65,3,1,0,0,0,3,3.00366232648958,0,0.0,0.0530973451327434,,,0,25.9,37.9
2005,REG,00-0022143,,Ovie Mughelli,FB,RB,,3,BAL,0,0,0,0,0,0,0,0,0,0,0,0,,0,,,0,0,0,0,0,0,,0,3,3,13,0,1,1,0,0,0,-4.94901271222625,0,0.0,0.0508474576271187,,,0,-0.7,2.3
2005,REG,00-0022144,,Bobby Wade,WR,WR,,9,TEN,0,0,0,0,0,0,0,0,0,0,0,0,,0,,,1,1,0,0,0,0,-0.44844145514071,0,14,14,120,0,1,1,0,0,4,-0.70604286274403,0,0.0,0.106870229007634,,,1,16.1,30.1
2005,REG,00-0022156,,Bryant Johnson,WR,WR,,14,ARI,0,0,0,0,0,0,0,0,0,0,0,0,,0,,,1,0,0,0,0,0,-0.481021141866222,0,40,40,432,1,0,0,0,0,25,32.3168205363327,0,0.0,0.110192837465565,,,0,49.2,89.2
2005,REG,00-0022157,,Jeff Faine,C,OL,,1,CLE,0,0,0,0,0,0,0,0,0,0,0,0,,0,,,0,0,0,0,0,0,,0,1,1,-1,0,0,0,0,0,0,-1.71617794526394,0,0.0,0.0384615384615385,,,0,-0.1,0.9
2005,REG,00-0022164,,Kyle Boller,QB,QB,,9,BAL,171,293,1799,11,12,23,146,6,1,0,0,86,-11.6262649829172,0,0.0,0.040490122563793,23,66,1,1,1,7,-5.18846385763027,0,0,0,0,0,0,0,0,0,0,,0,,,,,0,100.56,100.56
2005,REG,00-0022165,,Dallas Clark,TE,TE,,14,IND,0,0,0,0,0,0,0,0,0,0,0,0,,0,,,0,0,0,0,0,0,,0,37,37,488,4,0,0,0,0,25,42.9503298437921,0,0.0,0.121311475409836,,,0,72.8,109.8
2005,REG,00-0022171,,Kelley Washington,WR,WR,,5,CIN,0,0,0,0,0,0,0,0,0,0,0,0,,0,,,0,0,0,0,0,0,,0,10,10,101,1,0,0,0,0,7,8.89620885750628,0,0.0,0.078740157480315,,,0,16.1,26.1
2005,REG,00-0022177,,Byron Leftwich,QB,QB,,11,JAX,175,302,2123,15,5,23,110,7,3,0,0,101,28.2533079703949,0,0.0,0.096166441154616,31,67,2,0,0,7,0.519364283711184,0,0,0,0,0,0,0,0,0,0,,0,,,,,0,147.62,147.62
2005,REG,00-0022178,,Willis McGahee,RB,RB,,16,BUF,0,0,0,0,0,0,0,0,0,0,0,0,,0,,,325,1247,5,1,1,71,-21.094415396022,0,28,28,178,0,0,0,0,0,10,5.65697615791578,0,0.0,0.121212121212121,,,0,170.5,198.5
2005,REG,00-0022180,,Lee Suggs,RB,RB,,5,CLE,0,0,0,0,0,0,0,0,0,0,0,0,,0,,,8,15,0,0,0,1,-2.28114313352853,0,6,6,26,0,0,0,0,0,0,-1.54951792373322,0,0.0,0.0740740740740741,,,0,4.1,10.1
2005,REG,00-0022215,,Tim Euhus,TE,TE,,2,BUF,0,0,0,0,0,0,0,0,0,0,0,0,,0,,,0,0,0,0,0,0,,0,3,3,17,0,0,0,0,0,1,0.791662709962111,0,0.0,0.0882352941176471,,,0,1.7,4.7
2005,REG,00-0022216,,Nathan Vasher,DB,DB,,1,CHI,0,0,0,0,0,0,0,0,0,0,0,0,,0,,,0,0,0,0,0,0,,0,0,0,0,0,0,0,0,0,0,,0,,,,,1,6.0,6.0
2005,REG,00-0022217,,Mewelde Moore,RB,RB,,15,MIN,0,0,0,0,0,0,0,0,0,0,0,0,,0,,,155,662,1,1,1,32,-6.92370605497323,0,37,37,339,2,0,0,0,0,16,16.1170888412162,0,0.0,0.139097744360902,,,1,122.1,159.1
2005,REG,00-0022219,,Matt Kranchick,TE,TE,,1,PIT,0,0,0,0,0,0,0,0,0,0,0,0,,0,,,0,0,0,0,0,0,,0,1,1,6,0,0,0,0,0,0,0.0271303042536601,0,0.0,0.0555555555555556,,,0,0.6,1.6
2005,REG,00-0022232,,Brian Jones,TE,TE,,2,JAX,0,0,0,0,0,0,0,0,0,0,0,0,,0,,,0,0,0,0,0,0,,0,3,3,49,0,0,0,0,0,1,1.96353657345753,0,0.0,0.09375,,,0,4.9,7.9
2005,REG,00-0022250,,Willie Parker,RB,RB,,15,PIT,0,0,0,0,0,0,0,0,0,0,0,0,,0,,,255,1202,4,4,0,47,-0.87035987075069,0,18,18,218,1,0,0,0,0,9,15.6253058801522,0,0.0,0.111111111111111,,,0,172.0,190.0
2005,REG,00-0022255,,Jarrett Payton,RB,RB,,9,TEN,0,0,0,0,0,0,0,0,0,0,0,0,,0,,,33,105,2,0,0,7,-7.35310183092952,0,6,6,30,0,0,0,0,0,0,-0.679514937917702,0,0.0,0.0545454545454545,,,0,25.5,31.5
2005,REG,00-0022288,,Jason Wright,RB,RB,,2,CLE,0,0,0,0,0,0,0,0,0,0,0,0,,0,,,11,27,1,0,0,1,-2.63000037602615,0,3,3,15,0,0,0,0,0,1,-0.0292347614304163,0,0.0,0.166666666666667,,,0,10.2,13.2
2005,REG,00-0022385,,Eric Edwards,TE,TE,,7,ARI,0,0,0,0,0,0,0,0,0,0,0,0,,0,,,0,0,0,0,0,0,,0,12,12,133,1,0,0,0,0,5,7.50986487144837,0,0.0,0.0588235294117647,,,0,19.3,31.3
2005,REG,00-0022388,,Terrance Copper,WR,WR,,1,DAL,0,0,0,0,0,0,0,0,0,0,0,0,,0,,,0,0,0,0,0,0,,0,1,1,5,0,0,0,0,0,1,0.433775471639819,0,0.0,0.0344827586206897,,,0,0.5,1.5
2005,REG,00-0022397,,Vonta Leach,FB,RB,,4,GB,0,0,0,0,0,0,0,0,0,0,0,0,,0,,,0,0,0,0,0,0,,0,5,5,19,0,0,0,0,0,0,-0.901049176522065,0,0.0,0.0454545454545455,,,0,1.9,6.9
2005,REG,00-0022405,,Lousaka Polite,FB,RB,,9,DAL,0,0,0,0,0,0,0,0,0,0,0,0,,0,,,2,8,0,0,0,1,0.732017079368234,0,9,9,72,1,0,0,0,0,3,7.59131549260928,0,0.0,0.0652173913043478,,,0,14.0,23.0
2005,REG,00-0022427,,Wes Welker,WR,WR,"https://static.www.nfl.com/image/private/f_auto,q_auto/league/rgjwexzif36vncjfdwap",14,MIA,0,0,0,0,0,0,0,0,0,0,0,0,,0,,,1,5,0,0,0,0,0.118910158751532,0,29,29,434,0,0,0,0,0,20,39.4685608592699,0,0.0,0.116465863453815,,,0,43.9,72.9
2005,REG,00-0022431,,Ran Carthon,RB,RB,,3,IND,0,0,0,0,0,0,0,0,0,0,0,0,,0,,,13,18,1,0,0,3,-3.53063001233891,0,1,1,10,0,0,0,0,0,1,1.33650165854488,0,0.0,0.05,,,0,8.8,9.8
2005,REG,00-0022447,,Brett Pierce,TE,TE,,2,DAL,0,0,0,0,0,0,0,0,0,0,0,0,,0,,,0,0,0,0,0,0,,0,2,2,15,0,0,0,0,0,1,0.734068093355745,0,0.0,0.05,,,0,1.5,3.5
2005,REG,00-0022484,,J.P. Foschi,TE,TE,,4,LV,0,0,0,0,0,0,0,0,0,0,0,0,,0,,,0,0,0,0,0,0,,0,6,6,37,0,0,0,0,0,2,1.66963060974376,0,0.0,0.0810810810810811,,,0,3.7,9.7
2005,REG,00-0022531,J.Peters,Jason Peters,T,OL,"https://static.www.nfl.com/image/upload/f_auto,q_auto/league/xcsyqvrlrpe6s3d0rodq",2,BUF,0,0,0,0,0,0,0,0,0,0,0,0,,0,,,0,0,0,0,0,0,,0,2,2,5,1,0,0,0,0,1,1.26146101893391,0,0.0,0.0571428571428571,,,0,6.5,8.5
2005,REG,00-0022538,,Shaud Williams,RB,RB,,14,BUF,0,0,0,0,0,0,0,0,0,0,0,0,,0,,,45,161,0,0,0,7,-12.2884458363876,0,17,17,118,0,0,0,0,2,5,1.31648222164079,0,0.0,0.0949720670391061,,,0,27.9,44.9
2005,REG,00-0022555,,Ben Utecht,TE,TE,,2,IND,0,0,0,0,0,0,0,0,0,0,0,0,,0,,,0,0,0,0,0,0,,0,3,3,59,2,0,0,0,0,3,7.86416169384029,0,0.0,0.0697674418604651,,,0,17.9,20.9
2005,REG,00-0022564,,Ronnie Cruz,RB,RB,,1,KC,0,0,0,0,0,0,0,0,0,0,0,0,,0,,,0,0,0,0,0,0,,0,1,1,15,0,0,0,0,0,1,1.0073201325722,0,0.0,0.0666666666666667,,,0,1.5,2.5
2005,REG,00-0022582,,Richard Owens,TE,TE,,1,MIN,0,0,0,0,0,0,0,0,0,0,0,0,,0,,,0,0,0,0,0,0,,0,2,2,18,0,0,0,0,0,1,1.45031857560389,0,0.0,0.0952380952380952,,,0,1.8,3.8
2005,REG,00-0022613,,Glenn Martinez,WR,WR,,1,DET,0,0,0,0,0,0,0,0,0,0,0,0,,0,,,0,0,0,0,0,0,,0,1,1,11,0,0,0,0,0,0,0.180922553408891,0,0.0,0.0434782608695652,,,0,1.1,2.1
2005,REG,00-0022621,,Andrae Thurman,WR,WR,,4,GB,0,0,0,0,0,0,0,0,0,0,0,0,,0,,,0,0,0,0,0,0,,0,7,7,92,0,0,0,0,0,5,6.09371382744571,0,0.0,0.0714285714285714,,,0,9.2,16.2
2005,REG,00-0022664,,Jonathan Smith,WR,WR,,4,BUF,0,0,0,0,0,0,0,0,0,0,0,0,,0,,,1,1,0,0,0,0,-1.60498265877791,0,5,5,56,1,0,0,0,0,3,6.7656841121467,0,0.0,0.087719298245614,,,0,11.7,16.7
2005,REG,00-0022684,D.Jones,Donnie Jones,P,SPEC,"https://static.www.nfl.com/image/private/f_auto,q_auto/league/qds7simibz6lt6ckf5yo",1,MIA,0,0,0,0,0,0,0,0,0,0,0,0,,0,,,1,0,0,0,0,0,-2.36292827618308,0,0,0,0,0,0,0,0,0,0,,0,,,,,0,0.0,0.0
2005,REG,00-0022701,,D.J. Hackett,WR,WR,,9,SEA,0,0,0,0,0,0,0,0,0,0,0,0,,0,,,0,0,0,0,0,0,,0,28,28,400,2,0,0,0,0,17,34.2747616621123,0,0.0,0.16374269005848,,,0,52.0,80.0
2005,REG,00-0022704,,Courtney Anderson,TE,TE,,10,LV,0,0,0,0,0,0,0,0,0,0,0,0,,0,,,0,0,0,0,0,0,,0,24,24,303,3,1,0,0,0,19,30.5979593930533,0,0.0,0.118811881188119,,,0,48.3,72.3
2005,REG,00-0022706,,Michael Gaines,TE,TE,,7,CAR,0,0,0,0,0,0,0,0,0,0,0,0,,0,,,0,0,0,0,0,0,,0,12,12,155,2,0,0,0,0,8,13.2996392434579,0,0.0,0.0967741935483871,,,0,27.5,39.5
2005,REG,00-0022707,,Demorrio Williams,ILB,LB,,1,ATL,0,0,0,0,0,0,0,0,0,0,0,0,,0,,,0,0,0,0,0,0,,0,0,0,0,0,0,0,0,0,0,,0,,,,,1,6.0,6.0
2005,REG,00-0022711,,Brandon Chillar,ILB,LB,,1,LA,0,0,0,0,0,0,0,0,0,0,0,0,,0,,,0,0,0,0,0,0,,0,0,0,0,0,0,0,0,0,0,,0,,,,,1,6.0,6.0
2005,REG,00-0022714,,Kris Wilson,TE,TE,,4,KC,0,0,0,0,0,0,0,0,0,0,0,0,,0,,,1,6,0,0,0,0,-0.0137597587890923,0,3,3,33,0,0,0,0,0,3,3.25598835392157,0,0.0,0.0517241379310345,,,0,3.9,6.9
2005,REG,00-0022725,,Michael Clayton,WR,WR,,11,TB,0,0,0,0,0,0,0,0,0,0,0,0,,0,,,1,2,0,0,0,0,-0.476750742818695,0,32,32,372,0,1,0,0,0,18,31.6732423870092,0,0.0,0.146788990825688,,,0,37.4,69.4
2005,REG,00-0022726,,Keary Colbert,WR,WR,,10,CAR,0,0,0,0,0,0,0,0,0,0,0,0,,0,,,1,6,0,0,0,0,0.105881245457567,0,25,25,282,2,1,1,0,0,15,20.489378279628,0,0.0,0.145348837209302,,,0,38.8,63.8
2005,REG,00-0022731,,Cody Pickett,QB,QB,,3,SF,14,35,140,0,2,3,16,0,0,0,0,4,-17.6327160285274,0,0.0,0.0292978225393016,13,42,0,3,0,4,-0.14782302688463,0,0,0,0,0,0,0,0,0,0,,0,,,,,0,5.8,5.8
2005,REG,00-0022733,,Bruce Perry,RB,RB,,2,PHI,0,0,0,0,0,0,0,0,0,0,0,0,,0,,,16,74,0,0,0,3,0.125317953934427,0,0,0,0,0,0,0,0,0,0,,0,,,,,0,7.4,7.4
2005,REG,00-0022736,,Steven Jackson,RB,RB,"https://static.www.nfl.com/image/private/f_auto,q_auto/league/abl5wejuf448xw3jtphm",15,LA,0,0,0,0,0,0,0,0,0,0,0,0,,0,,,254,1046,8,3,3,50,-31.3900179682552,0,43,43,320,2,0,0,0,0,12,18.9894363025669,0,0.0,0.130699088145897,,,0,190.6,233.6
2005,REG,00-0022738,,Chris Cooley,TE,TE,,16,WAS,0,0,0,0,0,0,0,0,0,0,0,0,,0,,,0,0,0,0,0,0,,0,71,71,774,7,3,1,0,0,44,62.8199002637879,0,0.0,0.255395683453237,,,0,117.4,188.4
2005,REG,00-0022744,,Jim Sorgi,QB,QB,,5,IND,43,62,444,3,1,3,14,1,1,0,0,20,4.1200292681976,0,0.0,0.090609011801252,12,1,0,0,0,1,-4.8700555038522,0,0,0,0,0,0,0,0,0,0,,0,,,,,0,25.86,25.86
2005,REG,00-0022751,,Darius Watts,WR,WR,,2,DEN,0,0,0,0,0,0,0,0,0,0,0,0,,0,,,0,0,0,0,0,0,,0,2,2,22,0,0,0,0,0,2,1.16845807619393,0,0.0,0.0555555555555556,,,0,2.2,4.2
2005,REG,00-0022754,,Samie Parker,WR,WR,,11,KC,0,0,0,0,0,0,0,0,0,0,0,0,,0,,,0,0,0,0,0,0,,0,36,36,533,3,2,2,0,0,28,43.2054740304884,0,0.0,0.178217821782178,,,0,67.3,103.3
2005,REG,00-0022766,,Patrick Crayton,WR,WR,,8,DAL,0,0,0,0,0,0,0,0,0,0,0,0,,0,,,1,0,0,0,0,0,-2.72052090405487,0,22,22,341,2,1,0,0,0,15,36.8781182094535,0,0.0,0.139240506329114,,,0,46.1,68.1
2005,REG,00-0022768,,Matt Mauck,QB,QB,,2,TEN,15,27,136,0,1,1,8,0,0,0,0,5,-11.0496184649528,0,0.0,0.0346074462204666,7,39,0,1,1,2,-2.3117365425569,0,0,0,0,0,0,0,0,0,0,,0,,,,,0,5.34,5.34
2005,REG,00-0022770,,Derrick Ward,RB,RB,,10,NYG,0,0,0,0,0,0,0,0,0,0,0,0,,0,,,35,123,0,0,0,7,-5.17355878136004,0,2,2,13,0,0,0,0,0,0,1.76710334978998,0,0.0,0.0689655172413793,,,0,13.6,15.6
2005,REG,00-0022774,,Bradlee Van Pelt,QB,QB,,2,DEN,2,8,7,0,0,0,0,0,0,0,0,0,-6.11810791195603,0,0.0,0.104162338690902,11,48,1,0,0,5,9.18837250507204,0,0,0,0,0,0,0,0,0,0,,0,,,,,0,11.08,11.08
2005,REG,00-0022781,,Michael Jenkins,WR,WR,,13,ATL,0,0,0,0,0,0,0,0,0,0,0,0,,0,,,0,0,0,0,0,0,,0,36,36,508,3,0,0,0,0,27,46.8468127047818,0,0.0,0.186528497409326,,,0,68.8,104.8
2005,REG,00-0022782,,Kevin Jones,RB,RB,,13,DET,0,0,0,0,0,0,0,0,0,0,0,0,,0,,,186,664,5,2,0,25,-11.90935993733,0,20,20,109,0,0,0,0,0,3,0.704476062790491,0,0.0,0.102564102564103,,,0,107.3,127.3
2005,REG,00-0022786,,Matt Ware,DB,DB,,1,PHI,0,0,0,0,0,0,0,0,0,0,0,0,,0,,,0,0,0,0,0,0,,0,0,0,0,0,0,0,0,0,0,,0,,,,,1,6.0,6.0
2005,REG,00-0022787,M.Schaub,Matt Schaub,QB,QB,"https://static.www.nfl.com/image/private/f_auto,q_auto/league/mj2kh2nddxnw04ludcx0",7,ATL,33,64,495,4,0,6,27,1,1,0,0,23,-2.5874704580412,3,0.0,0.0547842647693387,9,76,0,0,0,5,0.474983063468244,0,0,0,0,0,0,0,0,0,0,,0,,,,,0,47.4,47.4
2005,REG,00-0022796,,Mike Karney,FB,RB,,10,NO,0,0,0,0,0,0,0,0,0,0,0,0,,0,,,6,12,0,0,0,2,-1.13032295921585,0,10,10,61,0,0,0,0,0,2,1.80419354850892,0,0.0,0.0613496932515337,,,0,7.3,17.3
2005,REG,00-0022803,E.Manning,Eli Manning,QB,QB,"https://static.www.nfl.com/image/private/f_auto,q_auto/league/w51tf8uedjftbr4qpaex",16,NYG,294,558,3762,24,17,27,184,7,2,0,0,172,41.3465405678689,1,0.0,0.0889328688608886,30,80,1,2,0,6,2.41072921780869,0,0,0,0,0,0,0,0,0,0,,0,,,,,0,224.48,224.48
2005,REG,00-0022807,,Bernard Berrian,WR,WR,,7,CHI,0,0,0,0,0,0,0,0,0,0,0,0,,0,,,2,31,0,0,0,1,1.64691582397791,0,13,13,246,0,0,0,0,0,8,17.7789064268582,0,0.0,0.146067415730337,,,0,27.7,40.7
2005,REG,00-0022811,,Jerricho Cotchery,WR,WR,"https://static.www.nfl.com/image/private/f_auto,q_auto/league/hkq2dmfj7mbgbuejiloy",10,NYJ,0,0,0,0,0,0,0,0,0,0,0,0,,0,,,1,4,0,0,0,0,-0.22730424546171,0,19,19,251,0,0,0,0,0,13,23.1937445961694,0,0.0,0.113095238095238,,,0,25.5,44.5
2005,REG,00-0022821,,Michael Turner,RB,RB,,11,LAC,0,0,0,0,0,0,0,0,0,0,0,0,,0,,,57,335,3,0,0,11,9.4752458325901,0,0,0,0,0,0,0,0,0,0,,0,,,,,0,51.5,51.5
2005,REG,00-0022825,,Troy Fleming,RB,RB,,8,TEN,0,0,0,0,0,0,0,0,0,0,0,0,,0,,,0,0,0,0,0,0,,0,10,10,69,1,0,0,0,0,4,0.617385548521714,0,0.0,0.0591715976331361,,,0,12.9,22.9
2005,REG,00-0022826,,Clarence Moore,WR,WR,,2,BAL,0,0,0,0,0,0,0,0,0,0,0,0,,0,,,0,0,0,0,0,0,,0,3,3,59,0,0,0,0,0,3,4.36454632785171,0,0.0,0.0555555555555556,,,0,5.9,8.9
2005,REG,00-0022827,,John Navarre,QB,QB,,1,ARI,14,24,174,1,1,4,27,1,0,0,0,6,-7.80006393652819,0,0.0,0.0276112562998042,0,0,0,0,0,0,,0,0,0,0,0,0,0,0,0,0,,0,,,,,0,8.96,8.96
2005,REG,00-0022840,,Julius Jones,RB,RB,,13,DAL,0,0,0,0,0,0,0,0,0,0,0,0,,0,,,257,993,5,3,2,47,-29.318609093387,0,35,35,218,0,0,0,0,0,10,4.84695681763697,0,0.0,0.178571428571429,,,0,147.1,182.1
2005,REG,00-0022847,,Ben Hartsock,TE,TE,,1,IND,0,0,0,0,0,0,0,0,0,0,0,0,,0,,,0,0,0,0,0,0,,0,2,2,8,0,0,0,0,0,1,-0.390604265732691,0,0.0,0.0909090909090909,,,0,0.8,2.8
2005,REG,00-0022857,,B.J. Sander,P,SPEC,,2,GB,1,1,4,0,0,0,0,0,0,0,0,0,-2.73355862032622,0,0.0,,1,-11,0,1,0,0,-3.62341955781449,0,0,0,0,0,0,0,0,0,0,,0,,,,,0,-0.94,-0.94
2005,REG,00-0022879,,Drew Carter,WR,WR,,2,CAR,0,0,0,0,0,0,0,0,0,0,0,0,,0,,,0,0,0,0,0,0,,0,5,5,103,1,0,0,0,0,4,11.3921795968199,0,0.0,0.185185185185185,,,0,16.3,21.3
2005,REG,00-0022889,,Reggie Williams,WR,WR,,11,JAX,0,0,0,0,0,0,0,0,0,0,0,0,,0,,,2,3,0,0,0,1,-0.53163858957123,0,35,35,445,0,2,1,0,0,23,29.9119223808009,0,0.0,0.170731707317073,,,0,42.8,77.8
2005,REG,00-0022893,,Tatum Bell,RB,RB,,14,DEN,0,0,0,0,0,0,0,0,0,0,0,0,,0,,,173,921,8,3,1,41,10.245186144628,0,18,18,104,0,0,0,0,0,5,1.61550735478111,0,0.0,0.0918367346938776,,,0,148.5,166.5
2005,REG,00-0022897,,Greg Jones,RB,RB,,14,JAX,0,0,0,0,0,0,0,0,0,0,0,0,,0,,,151,575,4,0,0,32,-16.7607230368885,0,10,10,65,0,0,0,0,0,3,3.63001991645433,0,0.0,0.065359477124183,,,0,88.0,98.0
2005,REG,00-0022901,,Ernest Wilford,WR,WR,,16,JAX,0,0,0,0,0,0,0,0,0,0,0,0,,0,,,0,0,0,0,0,0,,0,41,41,681,7,0,0,0,0,35,68.8748861415079,0,0.0,0.144876325088339,,,0,110.1,151.1
2005,REG,00-0022909,,Roy Williams,WR,WR,,12,DET,0,0,0,0,0,0,0,0,0,0,0,0,,0,,,0,0,0,0,0,0,,0,45,45,687,8,0,0,0,0,31,60.5089467719647,0,0.0,0.216346153846154,,,0,116.7,161.7
2005,REG,00-0022910,,Lee Evans,WR,WR,,16,BUF,0,0,0,0,0,0,0,0,0,0,0,0,,0,,,4,38,0,0,0,2,2.00367735605687,0,49,49,743,7,0,0,0,0,29,69.7068166621029,0,0.0,0.181481481481482,,,0,120.1,169.1
2005,REG,00-0022912,,J.P. Losman,QB,QB,,9,BUF,114,228,1340,8,8,25,195,5,2,0,0,55,-46.8496544046815,0,0.0,0.0251535337778455,32,152,0,2,1,10,-2.59292401964194,0,0,0,0,0,0,0,0,0,0,,0,,,,,0,78.8,78.8
2005,REG,00-0022916,,Ben Troupe,TE,TE,,13,TEN,0,0,0,0,0,0,0,0,0,0,0,0,,0,,,0,0,0,0,0,0,,0,55,55,530,4,2,0,0,0,31,44.0715956420754,0,0.0,0.182724252491694,,,0,77.0,132.0
2005,REG,00-0022921,L.Fitzgerald,Larry Fitzgerald,WR,WR,"https://static.www.nfl.com/image/private/f_auto,q_auto/league/ycgjjaad5un42gy4pnga",16,ARI,0,0,0,0,0,0,0,0,0,0,0,0,,0,,,8,41,0,0,0,3,1.07717722834786,0,103,103,1409,10,0,0,0,0,67,122.048941459569,0,0.0,0.24582338902148,,,0,205.0,308.0
2005,REG,00-0022924,B.Roethlisberger,Ben Roethlisberger,QB,QB,"https://static.www.nfl.com/image/private/f_auto,q_auto/league/vziogpnyp9d0xtpiuqhr",12,PIT,168,268,2385,17,9,23,129,1,1,0,0,111,72.4329629728527,0,0.0,0.149209877893939,31,69,3,1,0,9,4.49242850025075,0,0,0,0,0,0,0,0,0,0,,0,,,,,0,168.3,168.3
2005,REG,00-0022926,,Chris Perry,RB,RB,,14,CIN,0,0,0,0,0,0,0,0,0,0,0,0,,0,,,61,279,0,0,0,15,-0.0795518116640674,0,51,51,328,2,2,1,0,0,16,10.0157671218039,0,0.0,0.174657534246575,,,0,70.7,121.7
2005,REG,00-0022929,,Devery Henderson,WR,WR,,11,NO,0,0,0,0,0,0,0,0,0,0,0,0,,0,,,1,9,0,0,0,0,0.836121411528438,0,22,22,343,3,0,0,0,0,16,33.3835890613264,0,0.0,0.10377358490566,,,0,53.2,75.2
2005,REG,00-0022942,P.Rivers,Philip Rivers,QB,QB,"https://static.www.nfl.com/image/private/f_auto,q_auto/league/voakyrtj34sghkwxaxxf",2,LAC,12,22,115,0,1,3,16,2,0,0,0,6,-8.73423772450769,0,0.0,0.0321207850507337,1,-1,0,0,0,0,0.0382935418456327,0,0,0,0,0,0,0,0,0,0,,0,,,,,0,2.5,2.5
2005,REG,00-0022943,B.Watson,Benjamin Watson,TE,TE,"https://static.www.nfl.com/image/private/f_auto,q_auto/league/dorymozpdnrllkqlfzpu",14,NE,0,0,0,0,0,0,0,0,0,0,0,0,,0,,,0,0,0,0,0,0,,0,29,29,441,4,1,1,0,0,22,43.8243749767426,0,0.0,0.0911949685534591,,,0,66.1,95.1
2005,REG,00-0022951,,Donovan Morgan,WR,WR,,2,HOU,0,0,0,0,0,0,0,0,0,0,0,0,,0,,,0,0,0,0,0,0,,0,4,4,42,0,0,0,0,0,1,3.57825894874986,0,0.0,0.1,,,0,4.2,8.2
2005,REG,00-0022954,,Ben Graham,P,SPEC,,1,NYJ,0,0,0,0,0,0,0,0,0,0,0,0,,0,,,1,-9,0,1,1,0,-3.87961726560025,0,0,0,0,0,0,0,0,0,0,,0,,,,,0,-2.9,-2.9
2005,REG,00-0022970,,Derrick Wimbush,FB,RB,,6,JAX,0,0,0,0,0,0,0,0,0,0,0,0,,0,,,3,12,1,0,0,1,1.51844373147469,0,5,5,26,0,0,0,0,0,2,4.38133424532134,0,0.0,0.072463768115942,,,1,15.8,20.8
2005,REG,00-0023039,,Dominique Thompson,WR,WR,,1,LA,0,0,0,0,0,0,0,0,0,0,0,0,,0,,,0,0,0,0,0,0,,0,1,1,13,0,0,0,0,0,0,0.44867202360183,0,0.0,0.0555555555555556,,,0,1.3,2.3
2005,REG,00-0023063,,Leonard Weaver,FB,RB,,5,SEA,0,0,0,0,0,0,0,0,0,0,0,0,,0,,,17,80,0,0,0,3,0.432087744411547,0,1,1,12,0,0,0,0,0,1,0.638568756170571,0,0.0,0.0588235294117647,,,0,9.2,10.2
2005,REG,00-0023072,,Wesley Duke,TE,TE,,2,DEN,0,0,0,0,0,0,0,0,0,0,0,0,,0,,,0,0,0,0,0,0,,0,2,2,22,1,0,0,0,0,2,3.95770717319101,0,0.0,0.0666666666666667,,,0,8.2,10.2
2005,REG,00-0023074,,Samkon Gado,RB,RB,,8,GB,0,1,0,0,0,0,0,0,0,0,0,0,-0.390117432223633,0,,,143,582,6,3,0,29,2.01246130859895,0,10,10,77,1,1,1,0,0,4,-0.296935122343712,0,0.0,0.0641025641025641,,,0,105.9,115.9
2005,REG,00-0023108,,Stephen Spach,TE,TE,,4,PHI,0,0,0,0,0,0,0,0,0,0,0,0,,0,,,0,0,0,0,0,0,,0,7,7,42,0,0,0,0,0,1,0.206468590098666,0,0.0,0.0660377358490566,,,0,4.2,11.2
2005,REG,00-0023151,,O.J. Small,WR,WR,,1,TEN,0,0,0,0,0,0,0,0,0,0,0,0,,0,,,0,0,0,0,0,0,,0,1,1,6,0,0,0,0,0,0,0.357550343032926,0,0.0,0.0476190476190476,,,0,0.6,1.6
2005,REG,00-0023163,,Alex Holmes,TE,TE,,1,MIA,0,0,0,0,0,0,0,0,0,0,0,0,,0,,,0,0,0,0,0,0,,0,1,1,2,0,0,0,0,0,0,-0.359394100029022,0,0.0,0.0555555555555556,,,0,0.2,1.2
2005,REG,00-0023176,,Josh Cribbs,WR,WR,,2,CLE,0,0,0,0,0,0,0,0,0,0,0,0,,0,,,0,0,0,0,0,0,,0,1,1,7,0,0,0,0,0,0,0.207639141590334,0,0.0,0.0476190476190476,,,1,6.7,7.7
2005,REG,00-0023192,,Tyson Thompson,RB,RB,,8,DAL,0,0,0,0,0,0,0,0,0,0,0,0,,0,,,46,182,0,0,0,9,-1.84111098539683,0,3,3,16,0,0,0,0,0,0,0.463668876094744,0,0.0,0.0625,,,0,19.8,22.8
2005,REG,00-0023217,,Adam Bergen,TE,TE,,13,ARI,0,0,0,0,0,0,0,0,0,0,0,0,,0,,,0,0,0,0,0,0,,0,28,28,270,1,0,0,0,0,13,19.5160486793029,0,0.0,0.0851063829787234,,,0,33.0,61.0
2005,REG,00-0023248,,Paul Irons,TE,TE,,1,CLE,0,0,0,0,0,0,0,0,0,0,0,0,,0,,,0,0,0,0,0,0,,0,2,2,16,0,0,0,0,0,1,0.664274888811633,0,0.0,0.0909090909090909,,,0,1.6,3.6
2005,REG,00-0023436,A.Smith,Alex Smith,QB,QB,"https://static.www.nfl.com/image/private/f_auto,q_auto/league/dpa5d1a8jj6jdymocjkx",9,SF,84,165,875,1,11,29,185,9,2,0,0,37,-85.5043773593163,0,0.0,0.0346567114790118,30,103,0,2,1,3,-11.9782863954146,0,0,0,0,0,0,0,0,0,0,,0,,,,,0,21.3,21.3
2005,REG,00-0023437,,Ronnie Brown,RB,RB,,15,MIA,0,0,0,0,0,0,0,0,0,0,0,0,,0,,,207,907,4,3,3,41,-14.7772690695376,0,32,32,232,1,1,1,0,0,12,8.61768737307284,0,0.0,0.121673003802281,,,0,135.9,167.9
2005,REG,00-0023438,,Braylon Edwards,WR,WR,,10,CLE,0,0,0,0,0,0,0,0,0,0,0,0,,0,,,0,0,0,0,0,0,,0,32,32,512,3,0,0,0,0,22,42.8837408845429,0,0.0,0.17877094972067,,,0,69.2,101.2
2005,REG,00-0023439,,Cedric Benson,RB,RB,,9,CHI,0,0,0,0,0,0,0,0,0,0,0,0,,0,,,67,272,0,1,1,12,-17.5555673479685,0,1,1,3,0,0,0,0,0,0,-0.195865487679839,0,0.0,0.0714285714285714,,,0,25.5,26.5
2005,REG,00-0023440,,Cadillac Williams,RB,RB,,14,TB,0,0,0,0,0,0,0,0,0,0,0,0,,0,,,290,1178,6,3,2,54,-14.9203243179437,0,20,20,81,0,0,0,0,0,4,-0.504098911254077,0,0.0,0.101522842639594,,,0,157.9,177.9
2005,REG,00-0023441,A.Jones,Adam Jones,CB,DB,"https://static.www.nfl.com/image/private/f_auto,q_auto/league/hvbjym05mpvfkdhy3bsz",2,TEN,0,0,0,0,0,0,0,0,0,0,0,0,,0,,,1,-13,0,0,0,0,-2.3502054599686,0,0,0,0,0,0,0,0,0,0,,0,,,,,1,4.7,4.7
2005,REG,00-0023442,,Troy Williamson,WR,WR,,12,MIN,0,0,0,0,0,0,0,0,0,0,0,0,,0,,,3,28,0,0,0,2,1.55787726084236,0,24,24,372,2,0,0,0,0,18,35.4878174638725,0,0.0,0.0967741935483871,,,0,52.0,76.0
2005,REG,00-0023452,,Mike Williams,WR,WR,,12,DET,0,0,0,0,0,0,0,0,0,0,0,0,,0,,,0,0,0,0,0,0,,0,29,29,350,1,2,2,0,0,20,28.9979949877306,0,0.0,0.131221719457014,,,0,37.0,66.0
2005,REG,00-0023456,,Matt Jones,WR,WR,,15,JAX,2,3,12,0,0,0,0,0,0,0,0,0,0.0758684521424584,0,0.0,,12,51,0,1,0,2,-2.00017502973787,0,36,36,432,5,0,0,0,0,23,45.1096483244114,0,0.0,0.147540983606557,,,0,78.78,114.78
2005,REG,00-0023457,,Mark Clayton,WR,WR,,13,BAL,0,1,0,0,0,0,0,0,0,0,0,0,-0.721601086235444,0,,,8,33,1,0,0,2,1.16779182443861,0,44,44,471,2,0,0,0,12,23,32.2909417856429,0,0.0,0.161172161172161,,,0,68.4,112.4
2005,REG,00-0023459,A.Rodgers,Aaron Rodgers,QB,QB,"https://static.www.nfl.com/image/upload/f_auto,q_auto/league/jdcb4nomlc4rd6k5l6to",3,GB,9,16,65,0,1,3,28,2,2,0,0,3,-16.3179479321116,0,0.0,0.0464183583573281,2,7,0,0,0,1,0.116653895471245,0,0,0,0,0,0,0,0,0,0,,0,,,,,0,-2.7,-2.7
2005,REG,00-0023462,,Roddy White,WR,WR,"https://static.www.nfl.com/image/private/f_auto,q_auto/league/f7dgklg6z49fbdltwuki",12,ATL,0,0,0,0,0,0,0,0,0,0,0,0,,0,,,4,12,0,0,0,1,-0.897596436901949,0,29,29,444,3,1,1,0,0,23,40.3863458333362,0,0.0,0.151832460732984,,,0,61.6,90.6
2005,REG,00-0023465,,Heath Miller,TE,TE,"https://static.www.nfl.com/image/private/f_auto,q_auto/league/iqw8fry4hgfvegs9nfuf",13,PIT,0,0,0,0,0,0,0,0,0,0,0,0,,0,,,0,0,0,0,0,0,,0,39,39,459,6,0,0,0,0,22,36.5753206772412,0,0.0,0.213114754098361,,,0,81.9,120.9
2005,REG,00-0023470,,Reggie Brown,WR,WR,,14,PHI,0,0,0,0,0,0,0,0,0,0,0,0,,0,,,1,5,0,0,0,0,-0.582736301235855,0,43,43,571,4,1,0,0,0,24,47.4824420415098,0,0.0,0.147260273972603,,,0,81.6,124.6
2005,REG,00-0023474,,Mark Bradley,WR,WR,,7,CHI,0,0,0,0,0,0,0,0,0,0,0,0,,0,,,0,0,0,0,0,0,,0,18,18,230,0,1,1,0,0,9,15.2912167489412,0,0.0,0.162162162162162,,,0,21.0,39.0
2005,REG,00-0023476,,Michael Roos,T,OL,,1,TEN,0,0,0,0,0,0,0,0,0,0,0,0,,0,,,0,0,0,0,0,0,,0,1,1,-7,0,0,0,0,0,0,-1.00958318868652,0,0.0,0.0454545454545455,,,0,-0.7,0.3
2005,REG,00-0023479,,J.J. Arrington,RB,RB,,15,ARI,0,0,0,0,0,0,0,0,0,0,0,0,,0,,,112,370,2,1,1,16,-26.0239109685163,0,25,25,139,0,0,0,0,0,5,3.13933380128583,0,0.0,0.0755287009063444,,,0,60.9,85.9
2005,REG,00-0023490,,Roscoe Parrish,WR,WR,,8,BUF,1,1,3,0,0,0,0,0,0,0,0,0,-0.0674230607692152,0,0.0,,2,-2,0,0,0,0,-2.29498706216709,0,15,15,148,1,0,0,0,0,7,13.7042543956777,0,0.0,0.100671140939597,,,0,20.72,35.72
2005,REG,00-0023492,,Justin Miller,DB,DB,,1,NYJ,0,0,0,0,0,0,0,0,0,0,0,0,,0,,,0,0,0,0,0,0,,0,0,0,0,0,0,0,0,0,0,,0,,,,,1,6.0,6.0
2005,REG,00-0023493,,Terrence Murphy,WR,WR,,2,GB,0,0,0,0,0,0,0,0,0,0,0,0,,0,,,0,0,0,0,0,0,,0,5,5,36,0,0,0,0,0,4,3.7766641927301,0,0.0,0.0833333333333333,,,0,3.6,8.6
2005,REG,00-0023496,,Vincent Jackson,WR,WR,"https://static.www.nfl.com/image/private/f_auto,q_auto/league/kdquag2thcfulvrs0cbz",2,LAC,0,0,0,0,0,0,0,0,0,0,0,0,,0,,,0,0,0,0,0,0,,0,3,3,59,0,0,0,0,0,3,5.75844681990566,0,0.0,0.0714285714285714,,,0,5.9,8.9
2005,REG,00-0023500,F.Gore,Frank Gore,RB,RB,"https://static.www.nfl.com/image/private/f_auto,q_auto/league/lxxkhd2suyalrbruzut7",14,SF,0,0,0,0,0,0,0,0,0,0,0,0,,0,,,127,608,3,1,1,26,-1.73312403904813,0,15,15,131,0,1,1,0,0,4,-0.905301962381619,0,0.0,0.116279069767442,,,0,87.9,102.9
2005,REG,00-0023502,,Charlie Frye,QB,QB,,7,CLE,98,165,1002,4,6,22,130,4,2,0,0,48,-35.7329442026211,0,0.0,0.0240575201171092,17,53,1,2,1,6,-1.6823834616336,0,0,0,0,0,0,0,0,0,0,,0,,,,,0,49.38,49.38
2005,REG,00-0023503,,Courtney Roby,WR,WR,,10,TEN,0,0,0,0,0,0,0,0,0,0,0,0,,0,,,2,16,0,0,0,1,1.22410996485269,0,21,21,289,1,0,0,0,0,12,20.6318031102128,0,0.0,0.0945945945945946,,,0,36.5,57.5
2005,REG,00-0023506,,Alex Smith,TE,TE,"https://static.www.nfl.com/image/private/f_auto,q_auto/league/zcpxncjwcm6ggoiqt6ub",15,TB,0,0,0,0,0,0,0,0,0,0,0,0,,0,,,0,0,0,0,0,0,,0,41,41,367,2,0,0,0,0,22,27.0860389954843,0,0.0,0.142361111111111,,,0,48.7,89.7
2005,REG,00-0023508,,Vernand Morency,RB,RB,,6,HOU,0,0,0,0,0,0,0,0,0,0,0,0,,0,,,46,184,2,0,0,7,-1.47060831584495,0,10,10,87,0,0,0,0,0,5,4.5136224208303,0,0.0,0.103092783505155,,,0,39.1,49.1
2005,REG,00-0023512,,Ryan Moats,RB,RB,,6,PHI,0,0,0,0,0,0,0,0,0,0,0,0,,0,,,55,278,3,2,1,12,-8.9765894843149,0,4,4,7,0,0,0,0,0,0,-1.70827999291942,0,0.0,0.105263157894737,,,0,44.5,48.5
2005,REG,00-0023518,,Chris Henry,WR,WR,,11,CIN,0,0,0,0,0,0,0,0,0,0,0,0,,0,,,0,0,0,0,0,0,,0,31,31,422,6,2,1,0,0,19,39.8945932814486,0,0.0,0.122047244094488,,,0,76.2,107.2
2005,REG,00-0023531,,Brandon Jones,WR,WR,,9,TEN,0,0,0,0,0,0,0,0,0,0,0,0,,0,,,1,1,0,0,0,0,-0.774116988410242,0,23,23,299,2,0,0,0,0,18,23.9528080233634,0,0.0,0.111650485436893,,,0,42.0,65.0
2005,REG,00-0023541,,Kyle Orton,QB,QB,,15,CHI,190,368,1869,9,13,30,190,6,3,0,0,92,-93.0938189471403,0,0.0,0.0254339675354581,24,44,0,6,2,3,-15.4564000057871,0,0,0,0,0,0,0,0,0,0,,0,,,,,0,79.16,79.16
2005,REG,00-0023544,,Marion Barber,RB,RB,,12,DAL,0,0,0,0,0,1,3,0,0,0,0,0,-1.11808175721671,0,,,138,538,5,3,0,28,-7.89327523893904,0,18,18,115,0,0,0,0,0,6,4.05806835758267,0,0.0,0.102857142857143,,,0,95.3,113.3
2005,REG,00-0023545,,Brandon Jacobs,RB,RB,,13,NYG,0,0,0,0,0,0,0,0,0,0,0,0,,0,,,38,99,7,1,1,19,-4.32176960211275,0,0,0,0,0,0,0,0,0,0,,0,,,,,0,49.9,49.9
2005,REG,00-0023547,,Ciatrick Fason,RB,RB,,9,MIN,0,0,0,0,0,0,0,0,0,0,0,0,,0,,,32,62,4,0,0,12,-6.60018260396905,0,0,0,0,0,0,0,0,0,0,,0,,,,,0,30.2,30.2
2005,REG,00-0023549,,Jerome Mathis,WR,WR,,5,HOU,0,0,0,0,0,0,0,0,0,0,0,0,,0,,,0,0,0,0,0,0,,0,5,5,65,1,0,0,0,0,2,5.74685901543126,0,0.0,0.108695652173913,,,2,24.5,29.5
2005,REG,00-0023561,,Alvin Pearman,RB,RB,,14,JAX,0,0,0,0,0,0,0,0,0,0,0,0,,0,,,39,149,1,0,0,6,-5.07275748911363,0,32,32,240,0,2,2,0,0,11,4.330954045814,0,0.0,0.143497757847534,,,0,40.9,72.9
2005,REG,00-0023564,D.Sproles,Darren Sproles,RB,RB,"https://static.www.nfl.com/image/private/f_auto,q_auto/league/gvj5ng27blmwuz170aeo",7,LAC,0,0,0,0,0,0,0,0,0,0,0,0,,0,,,8,50,0,0,0,2,1.31087547948118,0,3,3,10,0,0,0,0,0,0,-1.43876643013209,0,0.0,0.0483870967741936,,,0,6.0,9.0
2005,REG,00-0023570,,Roydell Williams,WR,WR,,7,TEN,0,0,0,0,0,0,0,0,0,0,0,0,,0,,,0,0,0,0,0,0,,0,21,21,299,2,0,0,0,0,16,26.2934821713134,0,0.0,0.125748502994012,,,0,41.9,62.9
2005,REG,00-0023576,,Damien Nash,RB,RB,,1,TEN,0,0,0,0,0,0,0,0,0,0,0,0,,0,,,6,32,0,0,0,2,1.70661013555946,0,3,3,14,0,0,0,0,0,0,0.409974961832631,0,0.0,0.142857142857143,,,0,4.6,7.6
2005,REG,00-0023578,D.Orlovsky,Dan Orlovsky,QB,QB,"https://static.www.nfl.com/image/private/f_auto,q_auto/league/vr8juuraecwssjnviglf",2,DET,7,17,63,0,0,1,3,1,1,0,0,5,-4.14757090224884,0,0.0,0.026941729021027,0,0,0,0,0,0,,0,0,0,0,0,0,0,0,0,0,,0,,,,,0,0.52,0.52
2005,REG,00-0023591,,Justin Green,RB,RB,,5,BAL,0,0,0,0,0,0,0,0,0,0,0,0,,0,,,5,4,0,0,0,0,-2.72580167476553,1,7,7,32,0,0,0,0,0,1,-0.379012890390019,0,0.0,0.0693069306930693,,,0,5.6,12.6
2005,REG,00-0023607,,Rasheed Marshall,WR,WR,,1,SF,0,0,0,0,0,0,0,0,0,0,0,0,,0,,,1,-7,0,0,0,0,-1.29613721929491,0,1,1,-1,0,0,0,0,0,0,-1.2356476271525,0,0.0,0.125,,,0,-0.8,0.2
2005,REG,00-0023612,,Bo Scaife,TE,TE,,11,TEN,0,0,0,0,0,0,0,0,0,0,0,0,,0,,,0,0,0,0,0,0,,0,37,37,273,2,0,0,0,0,17,23.9611239398946,0,0.0,0.148,,,0,39.3,76.3
2005,REG,00-0023615,,Cedric Houston,RB,RB,,9,NYJ,0,0,0,0,0,0,0,0,0,0,0,0,,0,,,81,302,2,0,0,15,-4.68796982709742,0,8,8,66,0,1,1,0,0,2,0.901595867821015,0,0.0,0.0909090909090909,,,0,46.8,54.8
2005,REG,00-0023623,,Tab Perry,WR,WR,,5,CIN,0,0,0,0,0,0,0,0,0,0,0,0,,0,,,3,9,1,0,0,1,0.98571131634526,0,4,4,21,1,0,0,0,0,2,4.76882063999074,0,0.0,0.0625,,,0,15.0,19.0
2005,REG,00-0023625,,Dante Ridgeway,WR,WR,,1,NYJ,0,0,0,0,0,0,0,0,0,0,0,0,,0,,,0,0,0,0,0,0,,0,2,2,26,0,0,0,0,0,0,-1.29067894699983,0,0.0,0.1,,,0,2.6,4.6
2005,REG,00-0023630,,Joel Dreessen,TE,TE,,4,NYJ,0,0,0,0,0,0,0,0,0,0,0,0,,0,,,0,0,0,0,0,0,,0,5,5,41,0,0,0,0,0,1,2.13359138852684,0,0.0,0.0675675675675676,,,0,4.1,9.1
2005,REG,00-0023654,,Nehemiah Broughton,RB,RB,,1,WAS,0,0,0,0,0,0,0,0,0,0,0,0,,0,,,1,3,0,0,0,0,-0.574582632863894,0,0,0,0,0,0,0,0,0,0,,0,,,,,0,0.3,0.3
2005,REG,00-0023658,,LeRon McCoy,WR,WR,,7,ARI,0,0,0,0,0,0,0,0,0,0,0,0,,0,,,0,0,0,0,0,0,,0,18,18,191,1,0,0,0,0,11,13.6388213030128,0,0.0,0.0932642487046632,,,0,25.1,43.1
2005,REG,00-0023662,M.Cassel,Matt Cassel,QB,QB,"https://static.www.nfl.com/image/private/f_auto,q_auto/league/n1ucqggyu5hlsqzuv5gj",2,NE,13,24,183,2,1,1,1,1,0,0,0,8,-0.255161328357163,0,0.0,0.0845353537654237,6,13,0,1,0,2,0.0964863501721993,0,0,0,0,0,0,0,0,0,0,,0,,,,,0,14.62,14.62
2005,REG,00-0023676,,Noah Herron,RB,RB,,4,GB,0,0,0,0,0,0,0,0,0,0,0,0,,0,,,48,123,2,0,0,9,-7.83676736906637,0,0,0,0,0,0,0,0,0,0,,0,,,,,0,24.3,24.3
2005,REG,00-0023679,,Billy Bajema,TE,TE,,5,SF,0,0,0,0,0,0,0,0,0,0,0,0,,0,,,0,0,0,0,0,0,,0,5,5,54,0,0,0,0,0,2,3.31209517692738,0,0.0,0.0757575757575758,,,0,5.4,10.4
2005,REG,00-0023682,R.Fitzpatrick,Ryan Fitzpatrick,QB,QB,"https://static.www.nfl.com/image/private/f_auto,q_auto/league/pkhhxwplsawnhln9rsun",4,LA,76,135,777,4,8,9,49,0,0,0,0,40,-15.5643129486492,0,0.0,0.0360366354226243,14,64,2,3,1,6,-2.7303369417388,0,0,0,0,0,0,0,0,0,0,,0,,,,,0,47.48,47.48
2005,REG,00-0023683,,Madison Hedgecock,FB,RB,,7,LA,0,0,0,0,0,0,0,0,0,0,0,0,,0,,,1,0,0,0,0,0,-1.13055607245769,0,9,9,69,0,0,0,0,0,3,3.68321575131267,0,0.0,0.0588235294117647,,,0,6.9,15.9
2005,REG,00-0023701,,Brandon Childress,WR,WR,,1,NE,0,0,0,0,0,0,0,0,0,0,0,0,,0,,,0,0,0,0,0,0,,0,3,3,32,0,0,0,0,0,1,1.25507666426711,0,0.0,0.214285714285714,,,0,3.2,6.2
2005,REG,00-0023704,,Gregg Guenther,TE,TE,,2,TEN,0,0,0,0,0,0,0,0,0,0,0,0,,0,,,0,0,0,0,0,0,,0,2,2,13,0,0,0,0,0,1,1.35023775149602,0,0.0,0.0454545454545455,,,0,1.3,3.3
2005,POST,00-0000251,,Mike Alstott,FB,RB,,1,TB,0,0,0,0,0,0,0,0,0,0,0,0,,0,,,4,15,0,0,0,1,-0.381362651125528,0,1,1,7,0,0,0,0,0,0,-0.067887568846345,0,0.0,0.04,,,0,2.2,3.2
2005,POST,00-0000745,,Tiki Barber,RB,RB,,1,NYG,0,0,0,0,0,0,0,0,0,0,0,0,,0,,,13,41,0,0,0,1,-3.05642984592123,0,3,3,28,0,0,0,0,0,1,3.19567598542199,0,0.0,0.3,,,0,6.9,9.9
2005,POST,00-0001215,,Jerome Bettis,RB,RB,,4,PIT,0,1,0,0,0,0,0,0,0,0,0,0,-0.982099175394978,0,,,56,180,3,1,1,12,-8.83568830648437,0,0,0,0,0,0,0,0,0,0,,0,,,,,0,34.0,34.0
2005,POST,00-0001661,,Kyle Brady,TE,TE,,1,JAX,0,0,0,0,0,0,0,0,0,0,0,0,,0,,,0,0,0,0,0,0,,0,1,1,1,0,0,0,0,0,0,-0.559610488358885,0,0.0,0.0476190476190476,,,0,0.1,1.1
2005,POST,00-0002068,,Troy Brown,WR,WR,,2,NE,0,0,0,0,0,0,0,0,0,0,0,0,,0,,,0,0,0,0,0,0,,0,2,2,44,1,0,0,0,0,2,5.477092299785,0,0.0,0.0571428571428571,,,0,10.4,12.4
2005,POST,00-0002110,,Mark Brunell,QB,QB,,2,WAS,29,52,283,1,1,4,28,1,1,0,0,11,-10.1724351492271,0,0.0,0.0244587458201754,8,18,0,0,0,2,-1.08404984493973,0,0,0,0,0,0,0,0,0,0,,0,,,,,0,13.12,13.12
2005,POST,00-0003035,,Desmond Clark,TE,TE,,1,CHI,0,0,0,0,0,0,0,0,0,0,0,0,,0,,,0,0,0,0,0,0,,0,2,2,5,1,0,0,0,0,1,0.0969820228056051,0,0.0,0.117647058823529,,,0,6.5,8.5
2005,POST,00-0004161,,Jake Delhomme,QB,QB,,3,CAR,54,90,655,5,4,6,47,3,0,0,0,30,5.56795060831974,0,0.0,0.0765911243998215,5,24,0,0,0,1,-1.70843387820059,0,0,0,0,0,0,0,0,0,0,,0,,,,,0,40.6,40.6
2005,POST,00-0004304,,Corey Dillon,RB,RB,,2,NE,0,0,0,0,0,0,0,0,0,0,0,0,,0,,,30,97,0,0,0,4,-5.78577827377012,0,2,2,21,0,0,0,0,0,0,1.38794593978673,0,0.0,0.0571428571428571,,,0,11.8,13.8
2005,POST,00-0004915,,Bobby Engram,WR,WR,,3,SEA,0,0,0,0,0,0,0,0,0,0,0,0,,0,,,0,0,0,0,0,0,,0,11,11,115,0,0,0,0,0,7,9.3064914062852,0,0.0,0.17741935483871,,,0,11.5,22.5
2005,POST,00-0005091,,Kevin Faulk,RB,RB,,2,NE,0,0,0,0,0,0,0,0,0,0,0,0,,0,,,13,74,0,1,1,3,-1.18807852367172,0,6,6,65,0,0,0,0,0,3,2.72558137122542,0,0.0,0.171428571428571,,,0,11.9,17.9
2005,POST,00-0005720,,Joey Galloway,WR,WR,,1,TB,0,0,0,0,0,0,0,0,0,0,0,0,,0,,,0,0,0,0,0,0,,0,7,7,69,0,0,0,0,0,4,5.22704319923651,0,0.0,0.28,,,0,6.9,13.9
2005,POST,00-0007024,,Marvin Harrison,WR,WR,,1,IND,0,0,0,0,0,0,0,0,0,0,0,0,,0,,,0,0,0,0,0,0,,0,3,3,52,0,0,0,0,0,2,4.68520544632338,0,0.0,0.136363636363636,,,0,5.2,8.2
2005,POST,00-0007091,,Matt Hasselbeck,QB,QB,"https://static.www.nfl.com/image/private/f_auto,q_auto/league/t1nf9avoy2kauqwrvzza",3,SEA,62,103,707,4,1,5,30,0,0,0,0,34,13.6916749472055,0,0.0,0.093696283223916,15,83,1,0,0,4,5.54107509748224,0,0,0,0,0,0,0,0,0,0,,0,,,,,0,56.58,56.58
2005,POST,00-0007468,,Ike Hilliard,WR,WR,,1,TB,0,0,0,0,0,0,0,0,0,0,0,0,,0,,,0,0,0,0,0,0,,0,4,4,38,0,0,0,0,0,3,3.26979332893384,0,0.0,0.16,,,0,3.8,7.8
2005,POST,00-0008241,,Edgerrin James,RB,RB,,1,IND,0,0,0,0,0,0,0,0,0,0,0,0,,0,,,13,56,1,0,0,4,-0.590746012620233,0,5,5,26,0,0,0,0,0,0,0.0088792100432328,0,0.0,0.227272727272727,,,0,14.2,19.2
2005,POST,00-0008962,,Joe Jurevicius,WR,WR,,3,SEA,0,0,0,0,0,0,0,0,0,0,0,0,,0,,,0,0,0,0,0,0,,0,7,7,130,0,0,0,0,0,6,9.06607981887646,0,0.0,0.112903225806452,,,0,13.0,20.0
2005,POST,00-0009119,,Reggie Kelly,TE,TE,,1,CIN,0,0,0,0,0,0,0,0,0,0,0,0,,0,,,0,0,0,0,0,0,,0,1,1,4,0,0,0,0,0,0,-0.495939989574254,0,0.0,0.04,,,0,0.4,1.4
2005,POST,00-0009311,,Jon Kitna,QB,QB,,1,CIN,24,40,197,1,2,4,20,1,0,0,0,12,-0.763694893663229,0,0.0,0.0643192550401298,4,25,0,0,0,2,1.68768255214673,0,0,0,0,0,0,0,0,0,0,,0,,,,,0,10.38,10.38
2005,POST,00-0010333,,Kris Mangum,TE,TE,,3,CAR,0,0,0,0,0,0,0,0,0,0,0,0,,0,,,0,0,0,0,0,0,,0,3,3,22,1,0,0,0,0,3,2.94256516650785,0,0.0,0.0555555555555556,,,0,8.2,11.2
2005,POST,00-0010346,,Peyton Manning,QB,QB,"https://static.www.nfl.com/image/private/f_auto,q_auto/league/xpcd6auodk3w0vda6jal",1,IND,22,38,290,1,0,5,43,0,0,0,0,11,-1.65148644774329,1,0.0,0.0370756367097913,0,0,0,0,0,0,,0,0,0,0,0,0,0,0,0,0,,0,,,,,0,17.6,17.6
2005,POST,00-0011795,,Muhsin Muhammad,WR,WR,,1,CHI,0,0,0,0,0,0,0,0,0,0,0,0,,0,,,0,0,0,0,0,0,,0,3,3,58,0,0,0,0,0,3,3.07213130115997,0,0.0,0.176470588235294,,,0,5.8,8.8
2005,POST,00-0013013,,Michael Pittman,RB,RB,"https://static.www.nfl.com/image/private/f_auto,q_auto/league/xt52pieoe86wnuy0imar",1,TB,0,0,0,0,0,0,0,0,0,0,0,0,,0,,,0,0,0,0,0,0,,0,3,3,30,0,1,0,0,0,1,2.26213425316382,0,0.0,0.12,,,0,3.0,6.0
2005,POST,00-0013042,,Jake Plummer,QB,QB,,2,DEN,33,56,420,2,3,5,19,2,2,0,0,17,-10.5323858815787,0,0.0,0.0240822888605445,14,38,0,0,0,1,-7.04987826605793,0,0,0,0,0,0,0,0,0,0,,0,,,,,0,18.6,18.6
2005,POST,00-0013268,,Ricky Proehl,WR,WR,,2,CAR,0,0,0,0,0,0,0,0,0,0,0,0,,0,,,0,0,0,0,0,0,,0,4,4,47,0,0,0,0,0,4,3.67634408638934,0,0.0,0.102564102564103,,,0,4.7,8.7
2005,POST,00-0015218,,Jimmy Smith,WR,WR,,1,JAX,0,0,0,0,0,0,0,0,0,0,0,0,,0,,,0,0,0,0,0,0,,0,3,3,30,0,0,0,0,0,2,2.49417937616818,0,0.0,0.142857142857143,,,0,3.0,6.0
2005,POST,00-0015290,,Rod Smith,WR,WR,,2,DEN,0,0,0,0,0,0,0,0,0,0,0,0,,0,,,0,0,0,0,0,0,,0,10,10,157,1,0,0,0,0,7,12.0681738079875,0,0.0,0.303030303030303,,,0,21.7,31.7
2005,POST,00-0015754,,Brandon Stokley,WR,WR,,1,IND,0,0,0,0,0,0,0,0,0,0,0,0,,0,,,0,0,0,0,0,0,,0,1,1,13,0,0,0,0,0,1,2.92093753325753,0,0.0,0.0454545454545455,,,0,1.3,2.3
2005,POST,00-0015830,,Mack Strong,FB,RB,,3,SEA,0,0,0,0,0,0,0,0,0,0,0,0,,0,,,9,54,0,0,0,4,1.89657643656818,0,3,3,18,0,0,0,0,0,0,-0.627930837450549,0,0.0,0.0652173913043478,,,0,7.2,10.2
2005,POST,00-0016098,,Fred Taylor,RB,RB,,1,JAX,0,0,0,0,0,0,0,0,0,0,0,0,,0,,,8,24,0,0,0,0,-2.43936065211892,0,3,3,13,0,0,0,0,0,1,-0.968188471160829,0,0.0,0.142857142857143,,,0,3.7,6.7
2005,POST,00-0016440,,James Thrash,WR,WR,,1,WAS,0,0,0,0,0,0,0,0,0,0,0,0,,0,,,0,0,0,0,0,0,,0,1,1,5,0,0,0,0,0,1,1.15249891974963,0,0.0,0.142857142857143,,,0,0.5,1.5
2005,POST,00-0016550,,Amani Toomer,WR,WR,,1,NYG,0,0,0,0,0,0,0,0,0,0,0,0,,0,,,0,0,0,0,0,0,,0,3,3,31,0,0,0,0,0,2,1.10701468092157,0,0.0,0.3,,,0,3.1,6.1
2005,POST,00-0016677,,Jerame Tuman,TE,TE,,2,PIT,0,0,0,0,0,0,0,0,0,0,0,0,,0,,,0,0,0,0,0,0,,0,2,2,28,0,0,0,0,0,1,2.34674050332978,0,0.0,0.0714285714285714,,,0,2.8,4.8
2005,POST,00-0017162,,Hines Ward,WR,WR,,4,PIT,0,0,0,0,0,0,0,0,0,0,0,0,,0,,,2,22,0,0,0,1,0.922964890836738,0,15,15,260,3,0,0,0,0,11,34.1804191349656,0,0.0,0.254237288135593,,,0,46.2,61.2
2005,POST,00-0019100,,Brad Hoover,FB,RB,,3,CAR,0,0,0,0,0,0,0,0,0,0,0,0,,0,,,2,0,0,0,0,0,-0.96201701159589,0,3,3,22,0,0,0,0,0,0,1.6940438139718,0,0.0,0.0769230769230769,,,0,2.2,5.2
2005,POST,00-0019135,,Dan Kreider,FB,RB,,1,PIT,0,0,0,0,0,0,0,0,0,0,0,0,,0,,,1,2,0,0,0,1,-0.151121475733817,0,0,0,0,0,0,0,0,0,0,,0,,,,,0,0.2,0.2
2005,POST,00-0019457,,Anthony Becht,TE,TE,,1,TB,0,0,0,0,0,0,0,0,0,0,0,0,,0,,,0,0,0,0,0,0,,0,3,3,26,0,0,0,0,0,2,0.75754839880392,0,0.0,0.12,,,0,2.6,5.6
2005,POST,00-0019533,,Patrick Pass,RB,RB,,1,NE,0,0,0,0,0,0,0,0,0,0,0,0,,0,,,1,6,0,0,0,1,0.805032822361682,0,0,0,0,0,0,0,0,0,0,,0,,,,,0,0.6,0.6
2005,POST,00-0019594,,Mike Anderson,RB,RB,,2,DEN,0,0,0,0,0,0,0,0,0,0,0,0,,0,,,28,105,3,0,0,7,3.59312365074662,0,4,4,25,0,0,0,0,0,2,0.488465472939424,0,0.0,0.121212121212121,,,0,31.0,35.0
2005,POST,00-0019596,T.Brady,Tom Brady,QB,QB,"https://static.www.nfl.com/image/private/f_auto,q_auto/league/q7dpdlxyu5rs05rgh1le",2,NE,35,63,542,4,2,4,12,2,0,0,0,22,11.3121708908333,0,0.0,0.127656242282644,3,8,0,0,0,0,-0.636043617269024,0,0,0,0,0,0,0,0,0,0,,0,,,,,0,34.48,34.48
2005,POST,00-0019641,,Thomas Jones,RB,RB,,1,CHI,0,0,0,0,0,0,0,0,0,0,0,0,,0,,,20,80,0,0,0,4,-0.220946105022449,0,3,3,30,0,0,0,0,0,2,2.46915759809781,0,0.0,0.176470588235294,,,0,11.0,14.0
2005,POST,00-0019647,,Shaun Alexander,RB,RB,,3,SEA,0,0,0,0,0,0,0,0,0,0,0,0,,0,,,60,236,2,1,1,11,-6.07266715989681,0,3,3,2,0,0,0,0,0,0,-1.88312452530954,0,0.0,0.0652173913043478,,,0,33.8,36.8
2005,POST,00-0019663,,Darrell Jackson,WR,WR,,3,SEA,0,0,0,0,0,0,0,0,0,0,0,0,,0,,,0,0,0,0,0,0,,0,20,20,268,2,0,0,0,0,12,23.7830679336404,0,0.0,0.32258064516129,,,0,38.8,58.8
2005,POST,00-0019831,,Nick Goings,RB,RB,,3,CAR,0,0,0,0,0,1,9,0,0,0,0,0,-1.23003834520932,0,,,27,99,0,0,0,6,-3.94013796587913,0,2,2,24,0,0,0,0,0,2,2.13493638671935,0,0.0,0.0512820512820513,,,0,12.3,14.3
2005,POST,00-0019863,,Dominic Rhodes,RB,RB,,1,IND,0,0,0,0,0,0,0,0,0,0,0,0,,0,,,1,2,0,0,0,0,-0.411935434793122,0,0,0,0,0,0,0,0,0,0,,0,,,,,0,0.2,0.2
2005,POST,00-0020337,,Steve Smith,WR,WR,"https://static.www.nfl.com/image/private/f_auto,q_auto/league/k23e0b8cto93he9rt0zc",3,CAR,0,0,0,0,0,0,0,0,0,0,0,0,,0,,,4,38,1,0,0,2,2.70097864232957,0,27,27,335,3,1,1,0,0,14,31.4818258768064,0,0.0,0.5,,,1,65.3,92.3
2005,POST,00-0020397,,Chad Johnson,WR,WR,,1,CIN,0,0,0,0,0,0,0,0,0,0,0,0,,0,,,0,0,0,0,0,0,,0,4,4,59,0,0,0,0,0,3,6.66140338900732,0,0.0,0.16,,,0,5.9,9.9
2005,POST,00-0020407,,Rudi Johnson,RB,RB,,1,CIN,0,0,0,0,0,0,0,0,0,0,0,0,,0,,,13,56,1,0,0,2,-0.179599046939984,0,2,2,14,0,0,0,0,0,1,1.02059580129571,0,0.0,0.08,,,0,13.0,15.0
2005,POST,00-0020434,,Chris Weinke,QB,QB,,1,CAR,0,0,0,0,0,0,0,0,0,0,0,0,,0,,,3,-3,0,0,0,0,-1.70044274069369,0,0,0,0,0,0,0,0,0,0,,0,,,,,0,-0.3,-0.3
2005,POST,00-0020438,,T.J. Houshmandzadeh,WR,WR,,1,CIN,0,0,0,0,0,0,0,0,0,0,0,0,,0,,,0,0,0,0,0,0,,0,4,4,25,1,0,0,0,0,2,3.75184582432132,0,0.0,0.16,,,0,8.5,12.5
2005,POST,00-0020452,,Cedrick Wilson,WR,WR,"https://static.www.nfl.com/image/private/f_auto,q_auto/league/r1vaoqltojlmfodlskwx",3,PIT,0,0,0,0,0,0,0,0,0,0,0,0,,0,,,0,0,0,0,0,0,,0,9,9,216,2,0,0,0,0,8,21.440581133822,0,0.0,0.2,,,0,33.6,42.6
2005,POST,00-0020494,,Santana Moss,WR,WR,,2,WAS,0,0,0,0,0,0,0,0,0,0,0,0,,0,,,2,12,0,0,0,1,0.184320435393602,0,9,9,121,1,0,0,0,0,5,11.9551219468121,0,0.0,0.310344827586207,,,0,19.3,28.3
2005,POST,00-0020498,,Reggie Wayne,WR,WR,,1,IND,0,0,0,0,0,0,0,0,0,0,0,0,,0,,,0,0,0,0,0,0,,0,7,7,97,0,0,0,0,0,4,5.59432738411124,1,0.0,0.318181818181818,,,0,11.7,18.7
2005,POST,00-0020507,,Heath Evans,FB,RB,,1,NE,0,0,0,0,0,0,0,0,0,0,0,0,,0,,,0,0,0,0,0,0,,0,1,1,3,0,0,0,0,0,0,-0.192832095548511,0,0.0,0.05,,,0,0.3,1.3
2005,POST,00-0020587,,Jamal Robertson,RB,RB,,2,CAR,0,0,0,0,0,0,0,0,0,0,0,0,,0,,,4,19,0,0,0,1,-0.439733386971056,0,6,6,27,0,0,0,0,0,2,0.445844739442691,0,0.0,0.153846153846154,,,0,4.6,10.6
2005,POST,00-0020794,,Edell Shepherd,WR,WR,,1,TB,0,0,0,0,0,0,0,0,0,0,0,0,,0,,,0,0,0,0,0,0,,0,1,1,4,0,0,0,0,0,0,-0.723020060686395,0,0.0,0.04,,,0,0.4,1.4
2005,POST,00-0020805,,Jason McKie,RB,RB,,1,CHI,0,0,0,0,0,0,0,0,0,0,0,0,,0,,,1,3,1,0,0,1,1.03454546799185,0,0,0,0,0,0,0,0,0,0,,0,,,,,0,6.3,6.3
2005,POST,00-0021084,,Matt Schobel,TE,TE,,1,CIN,0,0,0,0,0,0,0,0,0,0,0,0,,0,,,0,0,0,0,0,0,,0,2,2,11,0,0,0,0,0,1,0.637089333613403,0,0.0,0.08,,,0,1.1,3.1
2005,POST,00-0021100,,Jeb Putzier,TE,TE,,2,DEN,0,0,0,0,0,0,0,0,0,0,0,0,,0,,,0,0,0,0,0,0,,0,7,7,92,0,0,0,0,0,4,7.02361184923211,0,0.0,0.212121212121212,,,0,9.2,16.2
2005,POST,00-0021148,,Jeremy Shockey,TE,TE,,1,NYG,0,0,0,0,0,0,0,0,0,0,0,0,,0,,,0,0,0,0,0,0,,0,3,3,50,0,0,0,0,0,3,3.66818383347709,0,0.0,0.3,,,0,5.0,8.0
2005,POST,00-0021152,,Ashley Lelie,WR,WR,,2,DEN,0,0,0,0,0,0,0,0,0,0,0,0,,0,,,0,0,0,0,0,0,,0,7,7,118,1,0,0,0,0,4,9.60233153961599,0,0.0,0.212121212121212,,,0,17.8,24.8
2005,POST,00-0021154,,Daniel Graham,TE,TE,,1,NE,0,0,0,0,0,0,0,0,0,0,0,0,,0,,,0,0,0,0,0,0,,0,1,1,18,0,0,0,0,0,1,1.68074924359098,0,0.0,0.05,,,0,1.8,2.8
2005,POST,00-0021159,,Jerramy Stevens,TE,TE,,3,SEA,0,0,0,0,0,0,0,0,0,0,0,0,,0,,,0,0,0,0,0,0,,0,11,11,104,2,0,0,0,0,5,11.3572312997421,0,0.0,0.17741935483871,,,0,22.4,33.4
2005,POST,00-0021164,,DeShaun Foster,RB,RB,,2,CAR,0,0,0,0,0,0,0,0,0,0,0,0,,0,,,43,205,0,1,0,11,3.03962874849787,0,2,2,7,0,0,0,0,0,0,-0.453672027448192,0,0.0,0.0512820512820513,,,0,21.2,23.2
2005,POST,00-0021175,,Andre Davis,WR,WR,,2,NE,0,0,0,0,0,0,0,0,0,0,0,0,,0,,,1,13,0,0,0,1,1.34423766226973,0,2,2,54,0,0,0,0,0,1,2.48847625241615,0,0.0,0.0571428571428571,,,0,6.7,8.7
2005,POST,00-0021179,,Clinton Portis,RB,RB,,2,WAS,0,2,0,0,0,0,0,0,0,0,0,0,-0.883855533436872,0,,,33,94,1,0,0,5,-2.65357639768627,0,3,3,6,0,0,0,0,0,0,-0.757963225012645,0,0.0,0.103448275862069,,,0,16.0,19.0
2005,POST,00-0021182,,Maurice Morris,RB,RB,,3,SEA,0,0,0,0,0,0,0,0,0,0,0,0,,0,,,25,73,0,1,0,5,-3.50144163129153,0,2,2,22,0,0,0,0,0,1,1.37652553245425,0,0.0,0.0476190476190476,,,0,9.5,11.5
2005,POST,00-0021184,,Ladell Betts,RB,RB,,2,WAS,0,0,0,0,0,0,0,0,0,0,0,0,,0,,,13,30,0,0,0,0,-6.0351932874336,0,4,4,32,0,0,0,0,0,1,3.30479763564654,0,0.0,0.137931034482759,,,0,6.2,10.2
2005,POST,00-0021190,,Antwaan Randle El,RB,RB,,4,PIT,1,2,43,1,0,0,0,0,0,0,0,1,2.9798518313768,0,0.0,,1,5,0,0,0,0,1.47050734935328,0,12,12,119,1,0,0,0,0,10,14.9657341663842,0,0.0,0.203389830508475,,,0,24.12,36.12
2005,POST,00-0021192,,Deion Branch,WR,WR,,2,NE,0,0,0,0,0,0,0,0,0,0,0,0,,0,,,0,0,0,0,0,0,,0,10,10,189,0,0,0,0,0,7,17.2023130283924,0,0.0,0.285714285714286,,,0,18.9,28.9
2005,POST,00-0021231,,David Garrard,QB,QB,,1,JAX,3,8,68,0,0,2,12,0,0,0,0,3,-1.98448232695228,0,0.0,0.0240521358837909,2,14,0,0,0,0,0.498904744919855,0,0,0,0,0,0,0,0,0,0,,0,,,,,0,4.12,4.12
2005,POST,00-0021273,,Robert Royal,TE,TE,,1,WAS,0,0,0,0,0,0,0,0,0,0,0,0,,0,,,0,0,0,0,0,0,,0,3,3,3,0,0,0,0,0,0,-1.46746765659191,0,0.0,0.136363636363636,,,0,0.3,3.3
2005,POST,00-0021279,,Verron Haynes,FB,RB,,4,PIT,0,0,0,0,0,0,0,0,0,0,0,0,,0,,,6,56,0,0,0,3,1.91538154170848,0,3,3,22,0,0,0,0,0,2,4.38388749054866,0,0.0,0.0612244897959184,,,0,7.8,10.8
2005,POST,00-0021282,,Ryan Hannam,TE,TE,,3,SEA,0,0,0,0,0,0,0,0,0,0,0,0,,0,,,0,0,0,0,0,0,,0,4,4,20,0,0,0,0,0,2,0.582636077623366,0,0.0,0.0645161290322581,,,0,2.0,6.0
2005,POST,00-0021306,,Adrian Peterson,RB,RB,,1,CHI,0,0,0,0,0,0,0,0,0,0,0,0,,0,,,5,9,1,0,0,1,3.39923035574611,0,1,1,3,0,0,0,0,0,0,-0.398736458504573,0,0.0,0.0588235294117647,,,0,7.2,8.2
2005,POST,00-0021317,,Bryan Fletcher,TE,TE,,1,IND,0,0,0,0,0,0,0,0,0,0,0,0,,0,,,0,0,0,0,0,0,,0,2,2,18,0,0,0,0,0,2,1.88123469485436,0,0.0,0.0909090909090909,,,0,1.8,3.8
2005,POST,00-0021353,,David Givens,WR,WR,,2,NE,0,0,0,0,0,0,0,0,0,0,0,0,,0,,,0,0,0,0,0,0,,0,6,6,57,2,0,0,0,0,4,5.74328121100552,0,0.0,0.171428571428571,,,0,17.7,23.7
2005,POST,00-0021429,C.Palmer,Carson Palmer,QB,QB,"https://static.www.nfl.com/image/private/f_auto,q_auto/league/belgna3tokxga0gjjmwk",1,CIN,1,1,66,0,0,0,0,0,0,0,0,1,4.81190898595378,0,0.0,,0,0,0,0,0,0,,0,0,0,0,0,0,0,0,0,0,,0,,,,,0,2.64,2.64
2005,POST,00-0021931,,Kevin Walter,WR,WR,,1,CIN,0,0,0,0,0,0,0,0,0,0,0,0,,0,,,0,0,0,0,0,0,,0,5,5,73,0,0,0,0,0,4,6.76338852546178,0,0.0,0.2,,,0,7.3,12.3
2005,POST,00-0021982,,Justin Gage,WR,WR,,1,CHI,0,0,0,0,0,0,0,0,0,0,0,0,,0,,,0,0,0,0,0,0,,0,3,3,28,0,0,0,0,0,1,1.33914493204793,0,0.0,0.176470588235294,,,0,2.8,5.8
2005,POST,00-0022005,,Chris Simms,QB,QB,,1,TB,25,38,198,0,2,3,30,0,0,0,0,11,-16.654427665181,0,0.0,0.0269577862213623,3,11,1,0,0,1,4.7702952628606,0,0,0,0,0,0,0,0,0,0,,0,,,,,0,11.02,11.02
2005,POST,00-0022054,,Visanthe Shiancoe,TE,TE,,1,NYG,0,0,0,0,0,0,0,0,0,0,0,0,,0,,,0,0,0,0,0,0,,0,1,1,4,0,0,0,0,0,0,-0.323304307647049,0,0.0,0.1,,,0,0.4,1.4
2005,POST,00-0022055,,Seneca Wallace,QB,QB,,1,SEA,0,0,0,0,0,0,0,0,0,0,0,0,,0,,,0,0,0,0,0,0,,0,1,1,28,0,0,0,0,0,1,1.71062153589446,0,0.0,0.05,,,0,2.8,3.8
2005,POST,00-0022121,,Rex Grossman,QB,QB,,1,CHI,17,41,192,1,1,1,7,0,0,0,0,11,-6.90824379445985,0,0.0,0.0259396583565272,1,5,0,0,0,0,0.0043228571303188,0,0,0,0,0,0,0,0,0,0,,0,,,,,0,10.18,10.18
2005,POST,00-0022124,,Taylor Jacobs,WR,WR,,1,WAS,0,0,0,0,0,0,0,0,0,0,0,0,,0,,,0,0,0,0,0,0,,0,3,3,19,0,0,0,0,0,1,-0.0848473086953163,0,0.0,0.136363636363636,,,0,1.9,4.9
2005,POST,00-0022165,,Dallas Clark,TE,TE,,1,IND,0,0,0,0,0,0,0,0,0,0,0,0,,0,,,0,0,0,0,0,0,,0,4,4,84,1,0,0,0,0,2,5.99981620418839,0,0.0,0.181818181818182,,,0,14.4,18.4
2005,POST,00-0022177,,Byron Leftwich,QB,QB,,1,JAX,18,31,179,0,1,4,30,0,0,0,0,11,-8.97056946984728,0,0.0,0.0240896606364481,3,26,0,1,0,1,0.562087624159176,0,0,0,0,0,0,0,0,0,0,,0,,,,,0,7.76,7.76
2005,POST,00-0022250,,Willie Parker,RB,RB,,4,PIT,0,0,0,0,0,0,0,0,0,0,0,0,,0,,,57,225,1,1,0,7,-7.00099311454687,0,10,10,81,1,0,0,0,0,2,5.62858621915802,0,0.0,0.169491525423729,,,0,42.6,52.6
2005,POST,00-0022589,,Kyle Larson,P,SPEC,,1,CIN,0,0,0,0,0,0,0,0,0,0,0,0,,0,,,1,0,0,0,0,0,-3.63306223589461,0,0,0,0,0,0,0,0,0,0,,0,,,,,0,0.0,0.0
2005,POST,00-0022726,,Keary Colbert,WR,WR,,2,CAR,0,0,0,0,0,0,0,0,0,0,0,0,,0,,,0,0,0,0,0,0,,0,3,3,40,0,0,0,0,0,1,3.35232212778647,0,0.0,0.0769230769230769,,,0,4.0,7.0
2005,POST,00-0022738,,Chris Cooley,TE,TE,,2,WAS,0,0,0,0,0,0,0,0,0,0,0,0,,0,,,0,0,0,0,0,0,,0,6,6,97,0,1,0,0,0,3,7.68444327497855,0,0.0,0.206896551724138,,,0,9.7,15.7
2005,POST,00-0022803,E.Manning,Eli Manning,QB,QB,"https://static.www.nfl.com/image/private/f_auto,q_auto/league/w51tf8uedjftbr4qpaex",1,NYG,10,18,113,0,3,4,22,1,1,0,0,6,-15.0903464851435,0,0.0,0.0435627211123377,0,0,0,0,0,0,,0,0,0,0,0,0,0,0,0,0,,0,,,,,0,-3.48,-3.48
2005,POST,00-0022807,,Bernard Berrian,WR,WR,,1,CHI,0,0,0,0,0,0,0,0,0,0,0,0,,0,,,0,0,0,0,0,0,,0,5,5,68,0,0,0,0,0,4,6.81377739133313,0,0.0,0.294117647058824,,,0,6.8,11.8
2005,POST,00-0022879,,Drew Carter,WR,WR,,2,CAR,0,0,0,0,0,0,0,0,0,0,0,0,,0,,,0,0,0,0,0,0,,0,4,4,131,1,0,0,0,0,4,11.604671859066,0,0.0,0.102564102564103,,,0,19.1,23.1
2005,POST,00-0022889,,Reggie Williams,WR,WR,,1,JAX,0,0,0,0,0,0,0,0,0,0,0,0,,0,,,0,0,0,0,0,0,,0,4,4,56,0,0,0,0,0,2,4.49856432632078,0,0.0,0.19047619047619,,,0,5.6,9.6
2005,POST,00-0022893,,Tatum Bell,RB,RB,,2,DEN,0,0,0,0,0,0,0,0,0,0,0,0,,0,,,11,50,0,0,0,3,3.3274424371968,0,5,5,28,0,0,0,0,0,0,-1.48483730960288,0,0.0,0.277777777777778,,,0,7.8,12.8
2005,POST,00-0022897,,Greg Jones,RB,RB,,1,JAX,0,0,0,0,0,0,0,0,0,0,0,0,,0,,,2,15,0,0,0,0,0.0644135470502079,0,0,0,0,0,0,0,0,0,0,,0,,,,,0,1.5,1.5
2005,POST,00-0022901,,Ernest Wilford,WR,WR,,1,JAX,0,0,0,0,0,0,0,0,0,0,0,0,,0,,,0,0,0,0,0,0,,0,4,4,53,0,0,0,0,0,4,5.78366520436248,0,0.0,0.19047619047619,,,0,5.3,9.3
2005,POST,00-0022924,B.Roethlisberger,Ben Roethlisberger,QB,QB,"https://static.www.nfl.com/image/private/f_auto,q_auto/league/vziogpnyp9d0xtpiuqhr",4,PIT,58,93,803,7,3,6,35,0,0,0,0,38,39.3634969900438,0,0.0,0.214950302288201,19,37,2,0,0,6,5.87820602935972,0,0,0,0,0,0,0,0,0,0,,0,,,,,0,69.82,69.82
2005,POST,00-0022926,,Chris Perry,RB,RB,,1,CIN,0,0,0,0,0,0,0,0,0,0,0,0,,0,,,2,3,0,0,0,0,-0.756134093098808,0,6,6,11,0,0,0,0,0,1,-1.42157038103323,0,0.0,0.24,,,0,1.4,7.4
2005,POST,00-0022943,B.Watson,Benjamin Watson,TE,TE,"https://static.www.nfl.com/image/private/f_auto,q_auto/league/dorymozpdnrllkqlfzpu",1,NE,0,0,0,0,0,0,0,0,0,0,0,0,,0,,,0,0,0,0,0,0,,0,5,5,91,1,1,0,0,0,4,11.6217922549695,0,0.0,0.333333333333333,,,0,15.1,20.1
2005,POST,00-0023367,,Nate Washington,WR,WR,,1,PIT,0,0,0,0,0,0,0,0,0,0,0,0,,0,,,0,0,0,0,0,0,,0,1,1,13,0,0,0,0,0,1,2.24945934675634,0,0.0,0.0476190476190476,,,0,1.3,2.3
2005,POST,00-0023440,,Cadillac Williams,RB,RB,,1,TB,0,0,0,0,0,0,0,0,0,0,0,0,,0,,,18,49,0,1,1,2,-13.4095714138239,0,3,3,10,0,0,0,0,0,0,-0.125554852595087,0,0.0,0.12,,,0,3.9,6.9
2005,POST,00-0023456,,Matt Jones,WR,WR,,1,JAX,0,0,0,0,0,0,0,0,0,0,0,0,,0,,,0,0,0,0,0,0,,0,6,6,94,0,0,0,0,0,5,8.41136556724086,0,0.0,0.285714285714286,,,0,9.4,15.4
2005,POST,00-0023465,,Heath Miller,TE,TE,"https://static.www.nfl.com/image/private/f_auto,q_auto/league/iqw8fry4hgfvegs9nfuf",3,PIT,0,0,0,0,0,0,0,0,0,0,0,0,,0,,,0,0,0,0,0,0,,0,7,7,107,1,0,0,0,0,4,8.21708783006761,0,0.0,0.142857142857143,,,0,16.7,23.7
2005,POST,00-0023506,,Alex Smith,TE,TE,"https://static.www.nfl.com/image/private/f_auto,q_auto/league/zcpxncjwcm6ggoiqt6ub",1,TB,0,0,0,0,0,0,0,0,0,0,0,0,,0,,,0,0,0,0,0,0,,0,3,3,14,0,0,0,0,0,1,-0.115251820883714,0,0.0,0.12,,,0,1.4,4.4
2005,POST,00-0023518,,Chris Henry,WR,WR,,1,CIN,0,0,0,0,0,0,0,0,0,0,0,0,,0,,,0,0,0,0,0,0,,0,1,1,66,0,0,0,0,0,1,4.81190898595378,0,0.0,0.04,,,0,6.6,7.6
2005,POST,00-0023561,,Alvin Pearman,RB,RB,,1,JAX,0,0,0,0,0,0,0,0,0,0,0,0,,0,,,2,8,0,1,1,0,-5.0681616240181,0,0,0,0,0,0,0,0,0,0,,0,,,,,0,-1.2,-1.2
2005,POST,00-0023662,M.Cassel,Matt Cassel,QB,QB,"https://static.www.nfl.com/image/private/f_auto,q_auto/league/n1ucqggyu5hlsqzuv5gj",1,NE,0,0,0,0,0,0,0,0,0,0,0,0,,0,,,1,-1,0,0,0,0,-2.65591183060315,0,0,0,0,0,0,0,0,0,0,,0,,,,,0,-0.1,-0.1
2005,REG+POST,00-0000166,,Stephen Alexander,TE,TE,,14,DEN,0,0,0,0,0,0,0,0,0,0,0,0,,0,,,0,0,0,0,0,0,,0,21,21,170,1,0,0,0,0,9,12.4232299586884,0,0.0,0.0826771653543307,,,0,23.0,44.0
2005,REG+POST,00-0000251,,Mike Alstott,FB,RB,,16,TB,0,0,0,0,0,0,0,0,0,0,0,0,,0,,,38,95,6,0,0,13,-0.578202049298957,1,26,26,229,1,0,0,0,0,11,15.1559815307514,0,0.0,0.0822784810126582,,,0,76.4,102.4
2005,REG+POST,00-0000552,,Obafemi Ayanbadejo,RB,RB,,13,ARI,0,0,0,0,0,0,0,0,0,0,0,0,,0,,,22,46,0,0,0,4,-10.1360749210352,2,34,34,231,0,1,1,0,0,12,3.31887028103141,0,0.0,0.104294478527607,,,0,29.7,63.7
2005,REG+POST,00-0000722,,Tony Banks,QB,QB,,1,HOU,14,25,173,1,2,0,0,0,0,0,0,7,-3.69377878613836,0,0.0,0.0320358262455169,2,-2,0,0,0,0,0.0,0,0,0,0,0,0,0,0,0,0,,0,,,,,0,6.72,6.72
2005,REG+POST,00-0000745,,Tiki Barber,RB,RB,,17,NYG,0,1,0,0,0,0,0,0,0,0,0,0,-0.591107605607249,0,,,370,1901,9,1,1,73,6.23275305680948,1,57,57,558,2,0,0,0,0,20,46.540682587889,0,0.0,0.1875,,,0,311.9,368.9
2005,REG+POST,00-0000849,,Mike Bartrum,LS,SPEC,,2,PHI,0,0,0,0,0,0,0,0,0,0,0,0,,0,,,0,0,0,0,0,0,,0,2,2,6,2,0,0,0,0,2,3.21530267060734,0,0.0,0.0416666666666667,,,0,12.6,14.6
2005,REG+POST,00-0000865,,Charlie Batch,QB,QB,,3,PIT,23,36,246,1,1,1,6,1,0,0,0,12,3.24567795818321,0,0.0,0.132375342341912,11,30,1,0,0,3,-0.87669606736556,0,0,0,0,0,0,0,0,0,0,,0,,,,,0,20.84,20.84
2005,REG+POST,00-0000942,,Fred Beasley,RB,RB,,2,SF,0,0,0,0,0,0,0,0,0,0,0,0,,0,,,0,0,0,0,0,0,,0,2,2,12,0,0,0,0,0,0,0.457668952643871,0,0.0,0.0769230769230769,,,0,1.2,3.2
2005,REG+POST,00-0001215,,Jerome Bettis,RB,RB,,16,PIT,0,1,0,0,0,0,0,0,0,0,0,0,-0.982099175394978,0,,,166,548,12,1,1,42,-4.20887556628674,0,4,4,40,0,0,0,0,0,2,3.39928176358808,0,0.0,0.0869565217391304,,,0,128.8,132.8
2005,REG+POST,00-0001335,,Jeff Blake,QB,QB,,2,CHI,8,9,55,1,0,0,0,0,0,0,0,4,7.44623020524159,0,0.0,0.31079307055664,1,-1,0,0,0,0,-2.57030960556585,0,0,0,0,0,0,0,0,0,0,,0,,,,,0,6.1,6.1
2005,REG+POST,00-0001361,,Drew Bledsoe,QB,QB,,16,DAL,300,499,3639,23,17,49,295,8,4,0,0,177,49.6362550346223,1,0.0,0.0861888506948924,34,50,2,8,4,6,-16.8421141332112,0,0,0,0,0,0,0,0,0,0,,0,,,,,0,206.56,206.56
2005,REG+POST,00-0001477,,Marty Booker,WR,WR,,13,MIA,0,1,0,0,0,0,0,0,0,0,0,0,-0.599174069240689,0,,,0,0,0,0,0,0,,0,39,39,686,3,0,0,0,0,30,60.7511842150125,0,0.0,0.169565217391304,,,0,86.6,125.6
2005,REG+POST,00-0001532,,David Boston,WR,WR,,3,MIA,0,0,0,0,0,0,0,0,0,0,0,0,,0,,,0,0,0,0,0,0,,0,4,4,80,0,0,0,0,0,2,6.3315442467574,0,0.0,0.0666666666666667,,,0,8.0,12.0
2005,REG+POST,00-0001545,,Todd Bouman,QB,QB,,5,NO,68,122,722,2,7,8,59,4,3,0,0,37,-38.4490544399432,0,0.0,0.0240673858202241,8,15,0,0,0,2,-4.75537219531505,0,0,0,0,0,0,0,0,0,0,,0,,,,,0,18.38,18.38
2005,REG+POST,00-0001627,,Corey Bradford,WR,WR,,12,HOU,0,0,0,0,0,0,0,0,0,0,0,0,,0,,,1,-2,0,0,0,0,-0.942804669379257,0,34,34,436,5,0,0,0,0,18,46.4318909172434,1,0.0,0.153153153153153,,,0,75.4,109.4
2005,REG+POST,00-0001661,,Kyle Brady,TE,TE,,11,JAX,0,0,0,0,0,0,0,0,0,0,0,0,,0,,,0,0,0,0,0,0,,0,19,19,158,1,3,2,0,0,6,4.58239434234565,0,0.0,0.0964467005076142,,,0,17.8,36.8
2005,REG+POST,00-0001823,,Aaron Brooks,QB,QB,,13,NO,240,431,2882,13,17,33,202,2,1,0,0,145,-0.0053328950356403,0,0.0,0.0708874869627358,45,281,2,2,1,19,12.1879583084978,0,0,0,0,0,0,0,0,0,0,,0,,,,,0,169.38,169.38
2005,REG+POST,00-0001980,,Kris Brown,K,SPEC,,1,HOU,0,0,0,0,0,0,0,0,0,0,0,0,,0,,,1,4,0,0,0,1,2.46918026637286,0,0,0,0,0,0,0,0,0,0,,0,,,,,0,0.4,0.4
2005,REG+POST,00-0002068,,Troy Brown,WR,WR,,13,NE,0,0,0,0,0,0,0,0,0,0,0,0,,0,,,0,0,0,0,0,0,,0,41,41,510,3,0,0,0,0,26,46.2722160084813,0,0.0,0.136666666666667,,,0,69.0,110.0
2005,REG+POST,00-0002099,,Isaac Bruce,WR,WR,,11,LA,0,0,0,0,0,0,0,0,0,0,0,0,,0,,,0,0,0,0,0,0,,0,36,36,525,3,0,0,0,0,21,45.1538415038667,0,0.0,0.132352941176471,,,0,70.5,106.5
2005,REG+POST,00-0002102,,Mark Bruener,TE,TE,,2,HOU,0,0,0,0,0,0,0,0,0,0,0,0,,0,,,0,0,0,0,0,0,,0,2,2,22,0,0,0,0,0,1,1.14732941123657,0,0.0,0.0588235294117647,,,0,2.2,4.2
2005,REG+POST,00-0002110,,Mark Brunell,QB,QB,,18,WAS,291,506,3333,24,11,31,241,8,5,0,0,165,22.5988293550623,1,0.0,0.0668545644499812,50,129,0,4,2,14,-12.5157483107228,0,0,0,0,0,0,0,0,0,0,,0,,,,,0,208.22,208.22
2005,REG+POST,00-0002159,,Shawn Bryson,RB,RB,,16,DET,0,0,0,0,0,0,0,0,0,0,0,0,,0,,,64,306,1,0,0,12,-3.889059567596,0,37,37,284,0,1,1,0,0,11,7.68719379177203,0,0.0,0.131672597864769,,,0,63.0,100.0
2005,REG+POST,00-0002380,,Steve Bush,RB,RB,,3,SF,0,0,0,0,0,0,0,0,0,0,0,0,,0,,,0,0,0,0,0,0,,0,3,3,21,0,0,0,0,0,2,1.93672695499845,0,0.0,0.0769230769230769,,,0,2.1,5.1
2005,REG+POST,00-0002565,,Dan Campbell,TE,TE,,3,DAL,0,0,0,0,0,0,0,0,0,0,0,0,,0,,,0,0,0,0,0,0,,0,3,3,24,1,0,0,0,0,2,3.16619904938852,0,0.0,0.0461538461538462,,,0,8.4,11.4
2005,REG+POST,00-0002586,,Mark Campbell,TE,TE,,9,BUF,0,0,0,0,0,0,0,0,0,0,0,0,,0,,,0,0,0,0,0,0,,0,19,19,139,0,0,0,0,0,5,5.22818015015218,0,0.0,0.123376623376623,,,0,13.9,32.9
2005,REG+POST,00-0002709,,Dwayne Carswell,G,OL,,1,DEN,0,0,0,0,0,0,0,0,0,0,0,0,,0,,,0,0,0,0,0,0,,0,2,2,3,2,0,0,0,0,2,2.3415521865536,0,0.0,0.105263157894737,,,0,12.3,14.3
2005,REG+POST,00-0002962,,Wayne Chrebet,WR,WR,,6,NYJ,0,0,0,0,0,0,0,0,0,0,0,0,,0,,,0,0,0,0,0,0,,0,15,15,153,0,0,0,0,0,7,10.7380194663616,0,0.0,0.137614678899083,,,0,15.3,30.3
2005,REG+POST,00-0003035,,Desmond Clark,TE,TE,,12,CHI,0,0,0,0,0,0,0,0,0,0,0,0,,0,,,0,0,0,0,0,0,,0,26,26,234,3,0,0,0,0,17,19.7319273249831,0,0.0,0.154761904761905,,,0,41.4,67.4
2005,REG+POST,00-0003103,,Cameron Cleeland,TE,TE,,4,LA,0,0,0,0,0,0,0,0,0,0,0,0,,0,,,0,0,0,0,0,0,,0,5,5,17,1,0,0,0,0,3,1.13337445055367,0,0.0,0.0510204081632653,,,0,7.7,12.7
2005,REG+POST,00-0003136,,Mike Cloud,RB,RB,,6,NYG,0,0,0,0,0,0,0,0,0,0,0,0,,0,,,24,59,0,0,0,1,-9.14141132944496,0,0,0,0,0,0,0,0,0,0,,0,,,,,0,5.9,5.9
2005,REG+POST,00-0003292,,Kerry Collins,QB,QB,,15,LV,302,566,3759,20,13,37,247,9,2,0,0,181,12.6486684469972,0,0.0,0.0592616446410739,18,38,1,3,1,2,-7.16966114903335,0,0,0,0,0,0,0,0,0,0,,0,,,,,0,208.16,208.16
2005,REG+POST,00-0003315,,Todd Collins,QB,QB,,1,KC,0,0,0,0,0,0,0,0,0,0,0,0,,0,,,2,-2,0,0,0,0,-3.31302735849749,0,0,0,0,0,0,0,0,0,0,,0,,,,,0,-0.2,-0.2
2005,REG+POST,00-0003400,,Ernie Conwell,TE,TE,,4,NO,0,0,0,0,0,0,0,0,0,0,0,0,,0,,,0,0,0,0,0,0,,0,13,13,165,1,1,1,0,0,10,16.5751332814689,0,0.0,0.220338983050847,,,0,20.5,33.5
2005,REG+POST,00-0003663,,Zack Crockett,RB,RB,,15,LV,0,0,0,0,0,0,0,0,0,0,0,0,,0,,,60,208,1,0,0,12,-10.5872533843503,0,13,13,111,0,1,0,0,0,3,5.51731604005909,0,0.0,0.0760233918128655,,,0,37.9,50.9
2005,REG+POST,00-0003739,,Daunte Culpepper,QB,QB,,7,MIN,139,216,1564,6,12,31,163,3,2,0,0,77,-30.6052887633598,1,0.0,0.0277757354535237,24,141,1,2,1,11,-0.477463836024981,0,0,0,0,0,0,0,0,0,0,,0,,,,,0,78.66,78.66
2005,REG+POST,00-0004052,,Stephen Davis,RB,RB,,13,CAR,0,0,0,0,0,0,0,0,0,0,0,0,,0,,,179,546,12,2,0,31,-20.6571266282486,0,5,5,45,0,0,0,0,0,3,3.26921849389328,0,0.0,0.0735294117647059,,,0,131.1,136.1
2005,REG+POST,00-0004161,,Jake Delhomme,QB,QB,,19,CAR,316,525,4076,29,20,33,258,13,6,0,0,183,56.1510469398065,0,0.0,0.0994124552812116,29,55,1,2,0,2,-7.62663237992706,0,0,0,0,0,0,0,0,0,0,,0,,,,,0,238.54,238.54
2005,REG+POST,00-0004229,,Koy Detmer,QB,QB,,5,PHI,32,56,238,0,3,3,15,2,2,0,0,10,-27.7811845855031,0,0.0,0.0324398989365584,1,1,0,0,0,1,1.75683679210488,0,0,0,0,0,0,0,0,0,0,,0,,,,,0,-0.38,-0.38
2005,REG+POST,00-0004293,,Trent Dilfer,QB,QB,,11,CLE,199,333,2321,11,12,23,139,5,4,0,0,101,-24.5309597243391,0,0.0,0.0280306978489574,20,46,0,4,3,2,-17.0938842602364,0,0,0,0,0,0,0,0,0,0,,0,,,,,0,103.44,103.44
2005,REG+POST,00-0004304,,Corey Dillon,RB,RB,,13,NE,0,0,0,0,0,0,0,0,0,0,0,0,,0,,,239,830,12,1,1,53,-17.3103261444776,0,24,24,202,1,0,0,0,0,8,11.4239007753204,0,0.0,0.102127659574468,,,0,179.2,203.2
2005,REG+POST,00-0004541,,Donald Driver,WR,WR,,16,GB,0,0,0,0,0,0,0,0,0,0,0,0,,0,,,2,13,0,0,0,0,0.694621899630874,0,86,86,1221,5,0,0,0,0,63,118.543434584758,0,0.0,0.223958333333333,,,0,153.4,239.4
2005,REG+POST,00-0004637,,Jason Dunn,TE,TE,,4,KC,0,0,0,0,0,0,0,0,0,0,0,0,,0,,,0,0,0,0,0,0,,0,5,5,53,0,0,0,0,0,2,2.93390864180401,0,0.0,0.0714285714285714,,,0,5.3,10.3
2005,REG+POST,00-0004640,,Warrick Dunn,RB,RB,,16,ATL,0,0,0,0,0,0,0,0,0,0,0,0,,0,,,280,1416,3,1,0,65,11.7562412720715,0,29,29,220,1,2,1,0,0,8,6.14235856535379,0,0.0,0.122881355932203,,,0,185.6,214.6
2005,REG+POST,00-0004673,,Tim Dwight,WR,WR,,10,NE,0,0,0,0,0,0,0,0,0,0,0,0,,0,,,4,11,0,0,0,2,0.426142665790394,0,19,19,332,3,0,0,0,0,14,28.7132722495298,0,0.0,0.0926829268292683,,,0,52.3,71.3
2005,REG+POST,00-0004768,,Marc Edwards,FB,RB,,8,CHI,0,0,0,0,0,0,0,0,0,0,0,0,,0,,,0,0,0,0,0,0,,0,10,10,66,2,0,0,0,0,4,6.94378144299844,0,0.0,0.0813008130081301,,,0,18.6,28.6
2005,REG+POST,00-0004780,,Troy Edwards,WR,WR,,1,DET,0,0,0,0,0,0,0,0,0,0,0,0,,0,,,0,0,0,0,0,0,,0,2,2,15,0,0,0,0,0,1,0.0321318900678307,0,0.0,0.0909090909090909,,,0,1.5,3.5
2005,REG+POST,00-0004915,,Bobby Engram,WR,WR,,16,SEA,0,0,0,0,0,0,0,0,0,0,0,0,,0,,,0,0,0,0,0,0,,0,78,78,889,3,2,2,0,0,50,68.1254525021068,0,0.0,0.255737704918033,,,0,102.9,180.9
2005,REG+POST,00-0005091,,Kevin Faulk,RB,RB,,10,NE,0,0,0,0,0,0,0,0,0,0,0,0,,0,,,64,218,0,2,2,8,-17.5634252990452,0,35,35,325,0,2,1,0,0,16,13.3690653457487,0,0.0,0.167464114832536,,,0,48.3,83.3
2005,REG+POST,00-0005092,,Marshall Faulk,RB,RB,,15,LA,0,0,0,0,0,0,0,0,0,0,0,0,,0,,,65,292,0,2,1,15,-11.0024040053341,1,44,44,291,1,0,0,0,0,18,10.3918928390408,0,0.0,0.127536231884058,,,0,64.3,108.3
2005,REG+POST,00-0005101,,Christian Fauria,TE,TE,,5,NE,0,0,0,0,0,0,0,0,0,0,0,0,,0,,,0,0,0,0,0,0,,0,8,8,57,2,0,0,0,0,7,8.32040201779455,0,0.0,0.0714285714285714,,,0,17.7,25.7
2005,REG+POST,00-0005106,,Brett Favre,QB,QB,,16,GB,372,607,3881,20,29,24,170,8,6,0,0,202,-0.58396603327264,2,0.0,0.0654572495876407,18,62,0,2,1,5,-8.63252012886602,0,0,0,0,0,0,0,0,0,0,,0,,,,,0,173.44,173.44
2005,REG+POST,00-0005180,,Jay Fiedler,QB,QB,,2,NYJ,8,13,107,1,0,0,0,0,0,0,0,5,7.13767366914544,0,0.0,0.19984634698761,1,0,0,1,0,0,-0.892828091571573,0,0,0,0,0,0,0,0,0,0,,0,,,,,0,8.28,8.28
2005,REG+POST,00-0005229,,Jim Finn,FB,RB,,7,NYG,0,0,0,0,0,0,0,0,0,0,0,0,,0,,,0,0,0,0,0,0,,0,13,13,98,0,1,0,0,0,5,5.47459524747683,0,0.0,0.0866666666666667,,,0,9.8,22.8
2005,REG+POST,00-0005231,,Brian Finneran,WR,WR,,13,ATL,0,0,0,0,0,0,0,0,0,0,0,0,,0,,,0,0,0,0,0,0,,0,50,50,611,2,0,0,0,0,31,49.6256877105189,3,0.0,0.234741784037559,,,0,79.1,129.1
2005,REG+POST,00-0005363,,Doug Flutie,QB,QB,,4,NE,5,10,29,0,0,1,13,1,1,0,0,3,-2.73869783675764,0,0.0,0.035740949227376,5,-1,0,1,0,0,-9.41009955835762,0,0,0,0,0,0,0,0,0,0,,0,,,,,0,-0.94,-0.94
2005,REG+POST,00-0005589,,Gus Frerotte,QB,QB,,16,MIA,257,494,2996,18,13,26,158,9,3,0,0,142,-8.07905153960592,0,0.0,0.0467263237597803,27,61,0,3,0,6,-13.1731664431142,0,0,0,0,0,0,0,0,0,0,,0,,,,,0,165.94,165.94
2005,REG+POST,00-0005720,,Joey Galloway,WR,WR,,15,TB,0,0,0,0,0,0,0,0,0,0,0,0,,0,,,2,4,0,0,0,0,-1.6712581764441,0,90,90,1356,10,0,0,0,0,61,120.220594923768,0,0.0,0.299003322259136,,,0,196.0,286.0
2005,REG+POST,00-0005755,,Jeff Garcia,QB,QB,,6,DET,102,173,937,3,6,6,34,0,0,0,0,45,-19.2355677366792,0,0.0,0.0286231117377681,17,51,1,1,0,5,0.292590124066919,0,0,0,0,0,0,0,0,0,0,,0,,,,,0,48.58,48.58
2005,REG+POST,00-0005771,,Chris Gardocki,P,SPEC,,1,PIT,0,1,0,0,0,0,0,0,0,0,0,0,-2.26240325067192,0,,,0,0,0,0,0,0,,0,0,0,0,0,0,0,0,0,0,,0,,,,,0,0.0,0.0
2005,REG+POST,00-0006043,,Terry Glenn,WR,WR,,16,DAL,0,0,0,0,0,0,0,0,0,0,0,0,,0,,,2,-4,1,0,0,1,0.324308729614131,0,62,62,1136,7,0,0,0,7,49,97.7551398508746,0,0.0,0.206666666666667,,,0,161.2,223.2
2005,REG+POST,00-0006101,,Tony Gonzalez,TE,TE,,16,KC,0,0,0,0,0,0,0,0,0,0,0,0,,0,,,0,0,0,0,0,0,,0,78,78,905,2,0,0,0,0,45,71.6196390300326,0,0.0,0.246056782334385,,,0,102.5,180.5
2005,REG+POST,00-0006305,,Ahman Green,RB,RB,,5,GB,0,0,0,0,0,0,0,0,0,0,0,0,,0,,,77,255,0,1,0,11,-10.2558725141417,0,19,19,147,0,0,0,0,0,7,4.42432772243046,0,0.0,0.146153846153846,,,0,40.2,59.2
2005,REG+POST,00-0006355,,Trent Green,QB,QB,,16,KC,317,507,4014,17,10,32,204,5,4,0,0,182,76.8723305122471,1,0.0,0.110694531791152,35,82,0,3,0,9,0.570794254812404,0,0,0,0,0,0,0,0,0,0,,0,,,,,0,210.76,210.76
2005,REG+POST,00-0006423,,Brian Griese,QB,QB,,6,TB,112,174,1136,7,7,12,76,2,1,0,0,54,-8.60680700580563,0,0.0,0.0491425677906471,13,12,0,0,0,1,-6.10647614605664,0,0,0,0,0,0,0,0,0,0,,0,,,,,0,58.64,58.64
2005,REG+POST,00-0006627,,Az-Zahir Hakim,WR,WR,,9,NO,0,0,0,0,0,0,0,0,0,0,0,0,,0,,,0,0,0,0,0,0,,0,34,34,489,2,0,0,0,0,25,43.3305751122825,0,0.0,0.181818181818182,,,0,60.9,94.9
2005,REG+POST,00-0006666,,Lamont Hall,TE,TE,,5,NO,0,0,0,0,0,0,0,0,0,0,0,0,,0,,,0,0,0,0,0,0,,0,6,6,36,0,0,0,0,0,2,2.57271321350709,0,0.0,0.0645161290322581,,,0,3.6,9.6
2005,REG+POST,00-0007024,,Marvin Harrison,WR,WR,,16,IND,0,0,0,0,0,0,0,0,0,0,0,0,,0,,,0,0,0,0,0,0,,0,85,85,1198,12,0,0,0,10,61,113.43433764299,0,0.0,0.250737463126844,,,0,191.8,276.8
2005,REG+POST,00-0007091,,Matt Hasselbeck,QB,QB,"https://static.www.nfl.com/image/private/f_auto,q_auto/league/t1nf9avoy2kauqwrvzza",19,SEA,356,553,4162,28,11,28,181,3,1,0,0,216,113.201149208911,0,0.0,0.12783744829481,51,207,2,0,0,12,2.0105535861705,0,0,0,0,0,0,0,0,0,0,,0,,,,,0,287.18,287.18
2005,REG+POST,00-0007213,,Steve Heiden,TE,TE,"https://static.www.nfl.com/image/private/f_auto,q_auto/league/gbtrxatwcauhazpjejcr",15,CLE,0,0,0,0,0,0,0,0,0,0,0,0,,0,,,0,0,0,0,0,0,,0,43,43,401,3,0,0,0,0,20,33.4327271851704,0,0.0,0.156363636363636,,,0,58.1,101.1
2005,REG+POST,00-0007254,,William Henderson,FB,RB,,13,GB,0,0,0,0,0,0,0,0,0,0,0,0,,0,,,1,-5,0,1,1,0,-5.14456505235285,0,30,30,264,0,0,0,0,0,13,17.8085123345776,0,0.0,0.0974025974025974,,,0,23.9,53.9
2005,REG+POST,00-0007308,,Craig Hentrich,P,SPEC,,3,TEN,1,2,26,0,0,0,0,0,0,0,0,1,1.69679550779983,0,0.0,,1,0,0,1,0,0,-3.38848747266457,0,0,0,0,0,0,0,0,0,0,,0,,,,,0,1.04,1.04
2005,REG+POST,00-0007357,,Chris Hetherington,FB,RB,,6,SF,0,0,0,0,0,0,0,0,0,0,0,0,,0,,,1,3,0,0,0,0,-0.0606002579443157,0,5,5,26,0,0,0,0,0,1,-0.376659462635871,0,0.0,0.0746268656716418,,,0,2.9,7.9
2005,REG+POST,00-0007468,,Ike Hilliard,WR,WR,,14,TB,0,0,0,0,0,0,0,0,0,0,0,0,,0,,,0,0,0,0,0,0,,0,39,39,320,1,0,0,0,0,27,30.0051082286862,0,0.0,0.141304347826087,,,0,38.0,77.0
2005,REG+POST,00-0007576,,Kelly Holcomb,QB,QB,,10,BUF,155,230,1509,10,8,17,140,7,3,0,0,74,5.62502479878798,0,0.0,0.052687999878522,18,11,1,6,2,6,-13.5975856252771,0,0,0,0,0,0,0,0,0,0,,0,,,,,0,81.46,81.46
2005,REG+POST,00-0007661,,Priest Holmes,RB,RB,,7,KC,0,0,0,0,0,0,0,0,0,0,0,0,,0,,,119,451,6,1,0,29,2.89671594790782,0,21,21,197,1,0,0,0,0,7,8.01092857104593,0,0.0,0.148936170212766,,,0,106.8,127.8
2005,REG+POST,00-0007681,,Torry Holt,WR,WR,,14,LA,0,0,0,0,0,0,0,0,0,0,0,0,,0,,,1,2,0,0,0,0,-0.130744109861553,0,102,102,1331,9,2,1,0,0,63,111.629852650582,0,0.0,0.282548476454294,,,0,185.3,287.3
2005,REG+POST,00-0007744,,Joe Horn,WR,WR,,12,NO,0,0,0,0,0,0,0,0,0,0,0,0,,0,,,0,0,0,0,0,0,,0,49,49,654,1,2,1,0,0,37,48.1645975437132,0,0.0,0.205020920502092,,,0,69.4,118.4
2005,REG+POST,00-0008196,,Terry Jackson,RB,RB,,9,SF,0,0,0,0,0,0,0,0,0,0,0,0,,0,,,2,11,0,0,0,0,-0.80871393554844,0,10,10,67,0,0,0,0,0,2,0.533629007055424,1,0.0,0.087719298245614,,,0,9.8,19.8
2005,REG+POST,00-0008241,,Edgerrin James,RB,RB,,16,IND,0,0,0,0,0,0,0,0,0,0,0,0,,0,,,373,1562,14,2,1,98,13.6377243512835,0,49,49,363,1,0,0,0,0,21,19.6190572667083,0,0.0,0.147147147147147,,,0,280.5,329.5
2005,REG+POST,00-0008442,,Brad Johnson,QB,QB,,11,MIN,183,293,1885,12,4,23,134,4,3,0,0,92,1.97773180808445,0,0.0,0.0661435043363168,18,53,0,1,0,2,-3.59441843208671,0,0,0,0,0,0,0,0,0,0,,0,,,,,0,114.7,114.7
2005,REG+POST,00-0008560,,Kevin Johnson,WR,WR,,5,DET,0,0,0,0,0,0,0,0,0,0,0,0,,0,,,0,0,0,0,0,0,,0,17,17,133,0,0,0,0,0,8,12.1381090378854,0,0.0,0.217948717948718,,,0,13.3,30.3
2005,REG+POST,00-0008561,,Keyshawn Johnson,WR,WR,,16,DAL,0,1,0,0,0,0,0,0,0,0,0,0,-0.375198445515707,0,,,1,3,0,0,0,0,-0.0864951887633652,0,71,71,839,6,3,3,0,0,46,61.0747227756066,1,0.0,0.236666666666667,,,0,116.2,187.2
2005,REG+POST,00-0008598,,Pat Johnson,WR,WR,,2,BAL,0,0,0,0,0,0,0,0,0,0,0,0,,0,,,0,0,0,0,0,0,,0,2,2,31,0,0,0,0,0,2,3.67589874955593,0,0.0,0.0454545454545455,,,0,3.1,5.1
2005,REG+POST,00-0008962,,Joe Jurevicius,WR,WR,,18,SEA,0,0,0,0,0,0,0,0,0,0,0,0,,0,,,0,0,0,0,0,0,,0,62,62,824,10,1,0,0,0,45,75.6350445662683,0,0.0,0.171745152354571,,,0,142.4,204.4
2005,REG+POST,00-0009119,,Reggie Kelly,TE,TE,,9,CIN,0,0,0,0,0,0,0,0,0,0,0,0,,0,,,0,0,0,0,0,0,,0,16,16,94,1,1,0,0,0,4,4.94361538375961,0,0.0,0.0761904761904762,,,0,15.4,31.4
2005,REG+POST,00-0009163,,Eddie Kennison,WR,WR,,15,KC,0,0,0,0,0,0,0,0,0,0,0,0,,0,,,7,43,0,0,0,2,0.156966110225767,0,68,68,1102,5,1,1,0,0,47,86.7875953999932,0,0.0,0.225165562913907,,,0,142.5,210.5
2005,REG+POST,00-0009311,,Jon Kitna,QB,QB,,4,CIN,41,69,296,1,4,6,30,1,0,0,0,18,-13.5615313045654,0,0.0,0.0250551953819827,6,39,0,0,0,4,4.32710864907131,0,0,0,0,0,0,0,0,0,0,,0,,,,,0,11.74,11.74
2005,REG+POST,00-0009323,,Jimmy Kleinsasser,TE,TE,,13,MIN,0,0,0,0,0,0,0,0,0,0,0,0,,0,,,0,0,0,0,0,0,,0,22,22,171,0,1,0,0,0,6,7.40917334505402,0,0.0,0.0846153846153846,,,0,17.1,39.1
2005,REG+POST,00-0009443,,Brian Kozlowski,TE,TE,,2,WAS,0,0,0,0,0,0,0,0,0,0,0,0,,0,,,0,0,0,0,0,0,,0,2,2,26,0,0,0,0,0,1,1.17977134225657,0,0.0,0.0540540540540541,,,0,2.6,4.6
2005,REG+POST,00-0009842,,Chad Lewis,TE,TE,,4,PHI,0,0,0,0,0,0,0,0,0,0,0,0,,0,,,0,0,0,0,0,0,,0,5,5,64,0,0,0,0,0,4,6.54566489323042,0,0.0,0.0735294117647059,,,0,6.4,11.4
2005,REG+POST,00-0010261,,Tommy Maddox,QB,QB,,3,PIT,34,71,406,2,4,8,43,1,1,0,0,19,-23.8207580340272,0,0.0,0.0239586772474496,8,26,0,1,1,2,-3.86436356772902,0,0,0,0,0,0,0,0,0,0,,0,,,,,0,14.84,14.84
2005,REG+POST,00-0010333,,Kris Mangum,TE,TE,,14,CAR,0,0,0,0,0,0,0,0,0,0,0,0,,0,,,0,0,0,0,0,0,,0,26,26,224,3,0,0,0,0,18,22.2454674182185,0,0.0,0.109243697478992,,,0,40.4,66.4
2005,REG+POST,00-0010346,,Peyton Manning,QB,QB,"https://static.www.nfl.com/image/private/f_auto,q_auto/league/xpcd6auodk3w0vda6jal",17,IND,327,491,4037,29,10,22,124,3,1,0,0,208,178.785418543085,1,0.0,0.169923800529357,33,45,0,2,1,6,-18.7002974494826,0,0,0,0,0,0,0,0,0,0,,0,,,,,0,259.98,259.98
2005,REG+POST,00-0010442,,Curtis Martin,RB,RB,,12,NYJ,0,0,0,0,0,0,0,0,0,0,0,0,,0,,,220,735,5,2,1,35,-26.9157711467733,0,24,24,118,0,0,0,0,0,3,1.44069660995776,0,0.0,0.140350877192982,,,0,113.3,137.3
2005,REG+POST,00-0010455,,Jamie Martin,QB,QB,,8,LA,124,177,1277,5,7,11,81,2,1,0,0,60,-3.5994353872482,1,0.0,0.0565943056522972,9,6,0,0,0,1,-7.88421029434539,0,0,0,0,0,0,0,0,0,0,,0,,,,,0,57.68,57.68
2005,REG+POST,00-0010500,,Derrick Mason,WR,WR,,16,BAL,0,0,0,0,0,0,0,0,0,0,0,0,,0,,,0,0,0,0,0,0,,0,86,86,1073,3,1,1,0,0,52,89.8951666011043,0,0.0,0.256716417910448,,,0,123.3,209.3
2005,REG+POST,00-0010609,,Brad Maynard,P,SPEC,,2,CHI,1,2,18,0,0,0,0,1,0,0,0,1,1.053756933572,0,0.0,,0,0,0,0,0,0,,0,0,0,0,0,0,0,0,0,0,,0,,,,,0,0.72,0.72
2005,REG+POST,00-0010668,,Keenan McCardell,WR,WR,,16,LAC,0,0,0,0,0,0,0,0,0,0,0,0,,0,,,3,2,0,0,0,0,-1.67301142693032,0,70,70,917,9,0,0,0,0,50,92.1938462470425,0,0.0,0.207100591715976,,,0,145.9,215.9
2005,REG+POST,00-0010747,,Fred McCrary,RB,RB,,3,ATL,0,0,0,0,0,0,0,0,0,0,0,0,,0,,,0,0,0,0,0,0,,0,3,3,12,0,0,0,0,0,1,0.556162394583225,0,0.0,0.0625,,,0,1.2,4.2
2005,REG+POST,00-0011022,,Donovan McNabb,QB,QB,,9,PHI,211,357,2507,16,9,19,112,3,2,0,0,116,15.62655684959,1,0.0,0.0674775195839247,25,55,1,5,1,7,-5.59228547665407,0,0,0,0,0,0,0,0,0,0,,0,,,,,0,153.78,153.78
2005,REG+POST,00-0011024,,Steve McNair,QB,QB,,14,TEN,292,476,3161,16,11,20,134,6,4,0,0,164,-9.39979744404623,0,0.0,0.0597913841356735,32,139,1,1,0,12,3.74343109332146,0,0,0,0,0,0,0,0,0,0,,0,,,,,0,180.34,180.34
2005,REG+POST,00-0011551,,Dave Moore,TE,TE,,1,TB,0,0,0,0,0,0,0,0,0,0,0,0,,0,,,0,0,0,0,0,0,,0,1,1,5,0,0,0,0,0,1,0.507572334492579,0,0.0,0.0526315789473684,,,0,0.5,1.5
2005,REG+POST,00-0011727,,Johnnie Morton,WR,WR,,12,SF,0,0,0,0,0,0,0,0,0,0,0,0,,0,,,0,0,0,0,0,0,,0,21,21,288,0,0,0,0,0,14,23.8292034883052,0,0.0,0.126506024096386,,,0,28.8,49.8
2005,REG+POST,00-0011754,,Randy Moss,WR,WR,,15,LV,0,0,0,0,0,0,0,0,0,0,0,0,,0,,,0,0,0,0,0,0,,0,60,60,1005,8,0,0,0,0,46,90.3969201394208,0,0.0,0.205479452054795,,,0,148.5,208.5
2005,REG+POST,00-0011770,,Eric Moulds,WR,WR,,14,BUF,0,0,0,0,0,0,0,0,0,0,0,0,,0,,,0,0,0,0,0,0,,0,81,81,816,4,0,0,0,0,38,69.0890718450472,0,0.0,0.329268292682927,,,0,105.6,186.6
2005,REG+POST,00-0011795,,Muhsin Muhammad,WR,WR,,15,CHI,0,0,0,0,0,0,0,0,0,0,0,0,,0,,,0,0,0,0,0,0,,0,67,67,808,4,0,0,0,0,40,75.8361552039569,0,0.0,0.310185185185185,,,0,104.8,171.8
2005,REG+POST,00-0011958,,Lorenzo Neal,FB,RB,,14,LAC,0,0,0,0,0,0,0,0,0,0,0,0,,0,,,28,96,0,0,0,18,2.38922534048612,0,24,24,145,1,0,0,0,0,4,6.59546819582465,0,0.0,0.0930232558139535,,,0,30.1,54.1
2005,REG+POST,00-0012478,,Terrell Owens,WR,WR,,7,PHI,0,0,0,0,0,0,0,0,0,0,0,0,,0,,,1,2,0,0,0,0,-0.451588562922552,0,47,47,763,6,0,0,0,0,32,66.8747702488618,0,0.0,0.256830601092896,,,0,112.5,159.5
2005,REG+POST,00-0012637,,Jerome Pathon,WR,WR,,1,ATL,0,0,0,0,0,0,0,0,0,0,0,0,,0,,,0,0,0,0,0,0,,0,1,1,18,0,0,0,0,0,1,0.215546702209394,0,0.0,0.05,,,0,1.8,2.8
2005,REG+POST,00-0012642,,David Patten,WR,WR,,8,WAS,0,0,0,0,0,0,0,0,0,0,0,0,,0,,,0,0,0,0,0,0,,0,22,22,217,0,0,0,0,0,10,16.4225258153165,0,0.0,0.1375,,,0,21.7,43.7
2005,REG+POST,00-0013013,,Michael Pittman,RB,RB,"https://static.www.nfl.com/image/private/f_auto,q_auto/league/xt52pieoe86wnuy0imar",16,TB,0,0,0,0,0,0,0,0,0,0,0,0,,0,,,70,436,1,0,0,10,0.294422049277515,0,39,39,330,1,2,0,0,0,15,15.2178956324817,0,0.0,0.146067415730337,,,0,88.6,127.6
2005,REG+POST,00-0013042,,Jake Plummer,QB,QB,,18,DEN,310,512,3786,20,10,28,159,4,3,0,0,179,57.9951501530039,1,0.0,0.0913836051608985,59,194,2,2,1,14,-11.2765736200173,0,0,0,0,0,0,0,0,0,0,,0,,,,,0,236.84,236.84
2005,REG+POST,00-0013080,,Marcus Pollard,TE,TE,,15,DET,0,0,0,0,0,0,0,0,0,0,0,0,,0,,,0,0,0,0,0,0,,0,47,47,516,3,1,1,0,0,28,34.0318628130791,0,0.0,0.163194444444444,,,0,67.6,114.6
2005,REG+POST,00-0013232,,Peerless Price,WR,WR,,5,DAL,0,0,0,0,0,0,0,0,0,0,0,0,,0,,,1,9,0,0,0,0,0.757208129391074,0,6,6,96,0,0,0,0,0,4,8.93070769275073,0,0.0,0.0606060606060606,,,0,10.5,16.5
2005,REG+POST,00-0013268,,Ricky Proehl,WR,WR,,14,CAR,0,0,0,0,0,0,0,0,0,0,0,0,,0,,,1,-8,0,0,0,0,-1.8658064736519,0,29,29,488,4,0,0,0,0,23,50.9168373883135,0,0.0,0.116465863453815,,,0,72.0,101.0
2005,REG+POST,00-0013694,,Tony Richardson,FB,RB,,12,KC,0,0,0,0,0,0,0,0,0,0,0,0,,0,,,6,20,0,0,0,1,-1.63067072740523,0,9,9,68,1,0,0,0,0,3,4.75477616861463,0,0.0,0.0569620253164557,,,0,14.8,23.8
2005,REG+POST,00-0013872,,Jeff Robinson,LS,SPEC,,1,LA,0,0,0,0,0,0,0,0,0,0,0,0,,0,,,0,0,0,0,0,0,,0,1,1,28,0,0,0,0,0,1,1.60261297388934,0,0.0,0.0384615384615385,,,0,2.8,3.8
2005,REG+POST,00-0013888,,Marcus Robinson,WR,WR,,14,MIN,0,0,0,0,0,0,0,0,0,0,0,0,,0,,,0,0,0,0,0,0,,0,31,31,515,5,0,0,0,0,24,46.6880912854835,1,0.0,0.111913357400722,,,0,83.5,114.5
2005,REG+POST,00-0014324,,Deion Sanders,CB,DB,,1,BAL,0,0,0,0,0,0,0,0,0,0,0,0,,0,,,1,0,0,0,0,0,-0.475013129413128,0,0,0,0,0,0,0,0,0,0,,0,,,,,0,0.0,0.0
2005,REG+POST,00-0014450,,Cory Schlesinger,RB,RB,,6,DET,0,0,0,0,0,0,0,0,0,0,0,0,,0,,,1,1,0,0,0,1,1.67305686097825,0,8,8,31,1,0,0,0,0,2,1.34719663049327,0,0.0,0.0740740740740741,,,0,9.2,17.2
2005,REG+POST,00-0014655,,Mike Sellers,TE,TE,,9,WAS,0,0,0,0,0,0,0,0,0,0,0,0,,0,,,1,1,1,0,0,1,0.673461443308042,0,12,12,72,7,0,0,0,0,9,14.7652882566035,0,0.0,0.0714285714285714,,,0,55.3,67.3
2005,REG+POST,00-0014775,,Daimon Shelton,FB,RB,,9,BUF,0,0,0,0,0,0,0,0,0,0,0,0,,0,,,1,0,0,0,0,0,-3.3677522073267,0,13,13,98,1,1,0,0,0,6,7.72436176391311,0,0.0,0.0742857142857143,,,0,15.8,28.8
2005,REG+POST,00-0015091,,Antowain Smith,RB,RB,,16,NO,0,0,0,0,0,0,0,0,0,0,0,0,,0,,,166,659,3,2,2,23,-32.9141316905077,0,12,12,46,0,0,0,0,0,2,-1.66920283500804,0,0.0,0.0930232558139535,,,0,84.5,96.5
2005,REG+POST,00-0015194,,Hunter Smith,P,SPEC,,1,IND,0,1,0,0,0,0,0,0,0,0,0,0,-2.71941232075915,0,,,0,0,0,0,0,0,,0,0,0,0,0,0,0,0,0,0,,0,,,,,0,0.0,0.0
2005,REG+POST,00-0015218,,Jimmy Smith,WR,WR,,17,JAX,0,0,0,0,0,0,0,0,0,0,0,0,,0,,,0,0,0,0,0,0,,0,73,73,1053,6,0,0,0,0,58,99.5456814144563,0,0.0,0.240131578947368,,,0,141.3,214.3
2005,REG+POST,00-0015290,,Rod Smith,WR,WR,,18,DEN,0,1,0,0,0,1,11,0,0,0,0,0,-2.12361236126162,0,,,1,7,0,0,0,0,0.296333616890479,0,95,95,1262,7,2,2,0,0,62,101.522087306337,0,0.0,0.304487179487179,,,0,164.9,259.9
2005,REG+POST,00-0015420,,Jerald Sowell,FB,RB,,13,NYJ,0,0,0,0,0,0,0,0,0,0,0,0,,0,,,1,1,1,0,0,1,1.55675993883051,0,28,28,155,2,1,0,0,0,6,7.46309690800263,0,0.0,0.129032258064516,,,0,33.6,61.6
2005,REG+POST,00-0015523,,Duce Staley,RB,RB,,4,PIT,0,0,0,0,0,0,0,0,0,0,0,0,,0,,,38,148,1,1,0,9,-1.52247814659495,0,6,6,34,0,0,0,0,0,0,-0.664419572887612,0,0.0,0.107142857142857,,,0,24.2,30.2
2005,REG+POST,00-0015550,,Chad Stanley,P,SPEC,,1,HOU,0,0,0,0,0,0,0,0,0,0,0,0,,0,,,1,0,0,1,1,0,-2.73927888425533,0,0,0,0,0,0,0,0,0,0,,0,,,,,0,-2.0,-2.0
2005,REG+POST,00-0015601,,Aaron Stecker,RB,RB,,13,NO,0,0,0,0,0,0,0,0,0,0,0,0,,0,,,95,363,0,1,1,22,-14.7857296249165,0,35,35,281,0,1,1,0,0,12,4.80015384873441,0,0.0,0.157657657657658,,,0,60.4,95.4
2005,REG+POST,00-0015700,,Kordell Stewart,QB,QB,,1,BAL,0,0,0,0,0,1,6,0,0,0,0,0,-2.4684445162498,0,,,3,30,0,0,0,2,3.20164714101702,0,0,0,0,0,0,0,0,0,0,,0,,,,,0,3.0,3.0
2005,REG+POST,00-0015754,,Brandon Stokley,WR,WR,,13,IND,0,0,0,0,0,0,0,0,0,0,0,0,,0,,,0,0,0,0,0,0,,0,42,42,556,1,0,0,0,0,30,55.7676213834921,0,0.0,0.144329896907216,,,0,61.6,103.6
2005,REG+POST,00-0015830,,Mack Strong,FB,RB,,19,SEA,0,0,0,0,0,0,0,0,0,0,0,0,,0,,,26,132,0,0,0,11,2.16755965448533,0,25,25,184,0,0,0,0,0,6,6.53812161507085,0,0.0,0.076219512195122,,,0,31.6,56.6
2005,REG+POST,00-0016098,,Fred Taylor,RB,RB,,12,JAX,0,0,0,0,0,0,0,0,0,0,0,0,,0,,,202,811,3,0,0,26,-19.5071261583299,0,16,16,96,0,0,0,0,0,5,0.986940017493907,0,0.0,0.105960264900662,,,0,108.7,124.7
2005,REG+POST,00-0016193,,Vinny Testaverde,QB,QB,,6,NYJ,60,106,777,1,6,12,102,4,3,0,0,35,-25.5979221242354,0,0.0,0.0263725568719774,7,4,2,3,3,2,-13.62400912249,0,0,0,0,0,0,0,0,0,0,,0,,,,,0,23.48,23.48
2005,REG+POST,00-0016440,,James Thrash,WR,WR,,9,WAS,0,0,0,0,0,0,0,0,0,0,0,0,,0,,,1,8,0,0,0,0,0.567174518480897,0,15,15,199,0,0,0,0,0,11,22.4922058389805,0,0.0,0.0925925925925926,,,0,20.7,35.7
2005,REG+POST,00-0016550,,Amani Toomer,WR,WR,,15,NYG,0,0,0,0,0,0,0,0,0,0,0,0,,0,,,0,0,0,0,0,0,,0,63,63,715,7,0,0,0,0,39,72.2141742836371,0,0.0,0.223404255319149,,,0,113.5,176.5
2005,REG+POST,00-0016677,,Jerame Tuman,TE,TE,,5,PIT,0,0,0,0,0,0,0,0,0,0,0,0,,0,,,0,0,0,0,0,0,,0,5,5,85,0,0,0,0,0,3,5.54677819204517,0,0.0,0.0625,,,0,8.5,13.5
2005,REG+POST,00-0016960,,Mike Vrabel,OLB,LB,,2,NE,0,0,0,0,0,0,0,0,0,0,0,0,,0,,,0,0,0,0,0,0,,0,3,3,4,3,0,0,0,0,3,2.96459674648941,0,0.0,0.0882352941176471,,,0,18.4,21.4
2005,REG+POST,00-0017162,,Hines Ward,WR,WR,,19,PIT,0,0,0,0,0,0,0,0,0,0,0,0,,0,,,5,32,0,1,1,2,-3.09402124170447,0,84,84,1235,14,0,0,0,0,64,130.8832445546,0,0.0,0.304347826086957,,,0,208.7,292.7
2005,REG+POST,00-0017200,,Kurt Warner,QB,QB,,10,ARI,242,375,2713,11,9,23,158,6,5,0,0,134,30.8159505295317,1,0.0,0.0779774670545069,13,28,0,3,0,3,-0.840524557628669,0,1,1,0,0,0,0,0,0,0,-1.3850777563639,0,,0.0344827586206897,,,0,129.32,130.32
2005,REG+POST,00-0017611,,Alvis Whitted,WR,WR,,9,LV,0,0,0,0,0,0,0,0,0,0,0,0,,0,,,2,51,0,0,0,2,3.07462694309652,0,14,14,183,0,0,0,0,0,10,17.9660140035558,0,0.0,0.0869565217391304,,,0,23.4,37.4
2005,REG+POST,00-0017644,,Jermaine Wiggins,TE,TE,,15,MIN,0,0,0,0,0,0,0,0,0,0,0,0,,0,,,0,0,0,0,0,0,,0,68,68,568,1,0,0,0,0,29,37.6028455348107,0,0.0,0.222950819672131,,,0,62.8,130.8
2005,REG+POST,00-0017693,,Jeff Wilkins,K,SPEC,,1,LA,0,0,0,0,0,0,0,0,0,0,0,0,,0,,,1,-4,0,0,0,0,-3.17455750436056,0,0,0,0,0,0,0,0,0,0,,0,,,,,0,-0.4,-0.4
2005,REG+POST,00-0017892,,Moe Williams,RB,RB,,5,MIN,0,0,0,0,0,0,0,0,0,0,0,0,,0,,,13,20,0,1,0,2,-3.65483980398858,0,8,8,52,0,0,0,0,0,2,0.969433806079905,0,0.0,0.135593220338983,,,0,7.2,15.2
2005,REG+POST,00-0017896,,Nicolas Luchey,RB,RB,,1,CIN,0,0,0,0,0,0,0,0,0,0,0,0,,0,,,1,0,0,0,0,0,-0.37618597317487,0,0,0,0,0,0,0,0,0,0,,0,,,,,0,0.0,0.0
2005,REG+POST,00-0017915,,Ricky Williams,RB,RB,,12,MIA,0,0,0,0,0,0,0,0,0,0,0,0,,0,,,168,743,6,1,1,37,-1.85999221058421,0,17,17,93,0,0,0,0,0,3,0.660206500440836,0,0.0,0.134920634920635,,,0,117.6,134.6
2005,REG+POST,00-0017924,,Roland Williams,TE,TE,,3,LA,0,0,0,0,0,0,0,0,0,0,0,0,,0,,,0,0,0,0,0,0,,0,3,3,21,0,0,0,0,0,1,0.701980279991403,0,0.0,0.0326086956521739,,,0,2.1,5.1
2005,REG+POST,00-0018272,,Anthony Wright,QB,QB,,8,BAL,164,266,1582,6,9,19,147,3,1,0,0,77,-26.0453983031881,0,0.0,0.036098941184997,18,68,0,2,0,9,4.8949813112974,0,0,0,0,0,0,0,0,0,0,,0,,,,,0,74.08,74.08
2005,REG+POST,00-0018501,,Amos Zereoue,RB,RB,,1,NE,0,0,0,0,0,0,0,0,0,0,0,0,,0,,,7,14,0,0,0,2,-1.67469350202009,0,1,1,5,0,0,0,0,0,0,-0.0431873498018831,0,0.0,0.0416666666666667,,,0,1.9,2.9
2005,REG+POST,00-0018578,,Ryan Neufeld,TE,TE,,1,BUF,0,0,0,0,0,0,0,0,0,0,0,0,,0,,,0,0,0,0,0,0,,0,1,1,9,0,0,0,0,0,0,0.823851899243891,0,0.0,0.0625,,,0,0.9,1.9
2005,REG+POST,00-0018588,,Alan Ricard,RB,RB,,2,BAL,0,0,0,0,0,0,0,0,0,0,0,0,,0,,,0,0,0,0,0,0,,0,2,2,18,0,0,0,0,0,1,1.42888574779499,0,0.0,0.0606060606060606,,,0,1.8,3.8
2005,REG+POST,00-0018958,,Laveranues Coles,WR,WR,,16,NYJ,0,0,0,0,0,0,0,0,0,0,0,0,,0,,,0,0,0,0,0,0,,0,73,73,845,5,1,0,0,0,52,83.3173952673866,0,0.0,0.272388059701493,,,0,114.5,187.5
2005,REG+POST,00-0019041,,Billy Volek,QB,QB,,5,TEN,50,88,474,4,2,9,45,3,2,0,0,21,-30.5274586200369,0,0.0,0.0278053330851521,1,3,0,0,0,0,-0.138257608748972,0,0,0,0,0,0,0,0,0,0,,0,,,,,0,27.26,27.26
2005,REG+POST,00-0019057,,Jamel White,RB,RB,,1,BAL,0,0,0,0,0,0,0,0,0,0,0,0,,0,,,6,17,0,0,0,0,-2.31509497389197,0,0,0,0,0,0,0,0,0,0,,0,,,,,0,1.7,1.7
2005,REG+POST,00-0019100,,Brad Hoover,FB,RB,,13,CAR,0,0,0,0,0,0,0,0,0,0,0,0,,0,,,12,22,0,0,0,4,0.463982868473977,0,17,17,109,0,0,0,0,0,2,1.27147941093426,0,0.0,0.10828025477707,,,0,13.1,30.1
2005,REG+POST,00-0019135,,Dan Kreider,FB,RB,,8,PIT,0,0,0,0,0,0,0,0,0,0,0,0,,0,,,4,23,0,0,0,2,0.188503061654046,0,7,7,43,0,0,0,0,0,1,2.20556367788231,0,0.0,0.0985915492957746,,,0,6.6,13.6
2005,REG+POST,00-0019172,,Bryan Johnson,FB,RB,,3,CHI,0,0,0,0,0,0,0,0,0,0,0,0,,0,,,1,5,0,0,0,0,0.203174471156672,0,5,5,15,0,0,0,0,0,1,-1.35327018913813,0,0.0,0.125,,,0,2.0,7.0
2005,REG+POST,00-0019242,,Dane Looker,WR,WR,,9,LA,0,0,0,0,0,0,0,0,0,0,0,0,,0,,,0,0,0,0,0,0,,0,22,22,216,0,0,0,0,0,14,16.7198845231906,0,0.0,0.0964912280701754,,,0,21.6,43.6
2005,REG+POST,00-0019302,,Bryan Gilmore,WR,WR,,5,MIA,0,0,0,0,0,0,0,0,0,0,0,0,,0,,,0,0,0,0,0,0,,0,5,5,105,1,0,0,0,0,3,10.0219517379883,0,0.0,0.0520833333333333,,,0,16.5,21.5
2005,REG+POST,00-0019453,,Rod Smart,RB,RB,,1,CAR,0,0,0,0,0,0,0,0,0,0,0,0,,0,,,3,6,0,0,0,1,-1.52045426168479,0,0,0,0,0,0,0,0,0,0,,0,,,,,0,0.6,0.6
2005,REG+POST,00-0019455,,Peter Warrick,WR,WR,,8,SEA,0,0,0,0,0,0,0,0,0,0,0,0,,0,,,1,5,0,0,0,0,0.122952446807176,0,11,11,180,0,0,0,0,0,6,13.0330572639505,0,0.0,0.0758620689655172,,,0,18.5,29.5
2005,REG+POST,00-0019457,,Anthony Becht,TE,TE,,11,TB,0,0,0,0,0,0,0,0,0,0,0,0,,0,,,0,0,0,0,0,0,,0,19,19,138,0,0,0,0,0,5,4.33749052043521,0,0.0,0.0837004405286344,,,0,13.8,32.8
2005,REG+POST,00-0019484,,Sammy Morris,RB,RB,,8,MIA,0,0,0,0,0,0,0,0,0,0,0,0,,0,,,16,58,1,0,0,3,0.482931142905727,0,8,8,54,0,0,0,0,0,2,0.0410025559831411,0,0.0,0.0869565217391304,,,0,17.2,25.2
2005,REG+POST,00-0019505,,Charles Lee,WR,WR,,5,ARI,0,0,0,0,0,0,0,0,0,0,0,0,,0,,,0,0,0,0,0,0,,0,11,11,152,0,0,0,0,0,7,11.3400032744976,0,0.0,0.0785714285714286,,,0,15.2,26.2
2005,REG+POST,00-0019533,,Patrick Pass,RB,RB,,11,NE,0,0,0,0,0,0,0,0,0,0,0,0,,0,,,55,251,3,2,1,14,-1.29049587253743,0,22,22,227,0,0,0,0,0,8,7.00180905673187,0,0.0,0.117021276595745,,,0,63.8,85.8
2005,REG+POST,00-0019539,,Dante Hall,WR,WR,,15,KC,0,0,0,0,0,0,0,0,0,0,0,0,,0,,,7,11,0,0,0,0,-3.18794470338617,0,34,34,436,3,0,0,0,0,19,38.0945265776608,0,0.0,0.112582781456954,,,1,68.7,102.7
2005,REG+POST,00-0019552,,Troy Walters,WR,WR,,3,IND,0,0,0,0,0,0,0,0,0,0,0,0,,0,,,0,0,0,0,0,0,,0,14,14,152,3,0,0,0,0,7,15.279971798358,0,0.0,0.184210526315789,,,0,33.2,47.2
2005,REG+POST,00-0019559,,Chad Pennington,QB,QB,,3,NYJ,49,83,530,2,3,9,52,6,1,0,0,30,-8.05009335718671,0,0.0,0.0377046294062053,6,27,0,2,1,2,-2.82721109810518,0,0,0,0,0,0,0,0,0,0,,0,,,,,0,21.9,21.9
2005,REG+POST,00-0019564,,Aaron Shea,TE,TE,,7,CLE,0,0,0,0,0,0,0,0,0,0,0,0,,0,,,0,0,0,0,0,0,,0,18,18,153,1,0,0,0,0,9,8.37329568818677,0,0.0,0.163636363636364,,,0,21.3,39.3
2005,REG+POST,00-0019587,,Terrelle Smith,FB,RB,,8,CLE,0,0,0,0,0,0,0,0,0,0,0,0,,0,,,6,9,0,0,0,1,-3.40425645204959,0,12,12,58,1,0,0,0,0,3,2.81436581606977,0,0.0,0.0895522388059701,,,0,12.7,24.7
2005,REG+POST,00-0019590,,Chad Morton,RB,RB,,1,NYG,0,0,0,0,0,0,0,0,0,0,0,0,,0,,,0,0,0,0,0,0,,0,0,0,0,0,0,0,0,0,0,,0,,,,,1,6.0,6.0
2005,REG+POST,00-0019594,,Mike Anderson,RB,RB,,17,DEN,0,0,0,0,0,0,0,0,0,0,0,0,,0,,,267,1119,15,1,1,69,24.520334130291,0,22,22,237,1,1,1,0,0,8,9.38404163826689,0,0.0,0.111675126903553,,,0,227.6,249.6
2005,REG+POST,00-0019596,T.Brady,Tom Brady,QB,QB,"https://static.www.nfl.com/image/private/f_auto,q_auto/league/q7dpdlxyu5rs05rgh1le",18,NE,369,593,4652,30,16,30,200,6,3,0,0,215,124.286740424156,0,0.0,0.136573967849853,30,97,1,0,0,16,14.2016488282822,0,0,0,0,0,0,0,0,0,0,,0,,,,,0,283.78,283.78
2005,REG+POST,00-0019599,,Marc Bulger,QB,QB,,8,LA,192,287,2297,14,9,26,192,2,1,0,0,109,51.5567124088772,0,0.0,0.114786440197253,9,29,0,3,1,2,-5.99564261431806,0,1,1,1,0,0,0,0,0,0,-0.309364847838879,0,0.0,0.025,,,0,128.88,129.88
2005,REG+POST,00-0019610,,Reuben Droughns,RB,RB,,16,CLE,0,0,0,0,0,0,0,0,0,0,0,0,,0,,,309,1232,2,6,1,60,-36.6122945587849,0,39,39,369,0,0,0,0,0,14,13.3788096851691,0,0.0,0.143382352941176,,,0,170.1,209.1
2005,REG+POST,00-0019623,,Tim Rattay,QB,QB,,4,SF,56,97,667,5,6,10,63,2,2,0,0,32,-13.5844497301359,0,0.0,0.0270006789783284,7,18,0,1,0,2,0.0373765798576642,0,0,0,0,0,0,0,0,0,0,,0,,,,,0,32.48,32.48
2005,REG+POST,00-0019641,,Thomas Jones,RB,RB,,16,CHI,0,0,0,0,0,0,0,0,0,0,0,0,,0,,,334,1415,9,2,2,65,-35.7761890284237,0,29,29,173,0,0,0,0,0,8,5.10252843644561,0,0.0,0.150259067357513,,,0,208.8,237.8
2005,REG+POST,00-0019642,,Plaxico Burress,WR,WR,,16,NYG,0,0,0,0,0,0,0,0,0,0,0,0,,0,,,0,0,0,0,0,0,,0,76,76,1214,7,1,1,0,0,49,108.596295687877,0,0.0,0.258503401360544,,,0,161.4,237.4
2005,REG+POST,00-0019643,,Ron Dayne,RB,RB,,8,DEN,0,0,0,0,0,0,0,0,0,0,0,0,,0,,,53,270,1,0,0,14,-1.4934763090659,0,3,3,17,0,1,1,0,0,0,-4.42657657316886,0,0.0,0.0882352941176471,,,0,32.7,35.7
2005,REG+POST,00-0019644,,Bubba Franks,TE,TE,,7,GB,0,0,0,0,0,0,0,0,0,0,0,0,,0,,,0,0,0,0,0,0,,0,26,26,218,1,0,0,0,0,12,10.1575047447404,0,0.0,0.142857142857143,,,0,27.8,53.8
2005,REG+POST,00-0019647,,Shaun Alexander,RB,RB,,19,SEA,0,0,0,0,0,0,0,0,0,0,0,0,,0,,,430,2116,29,6,2,118,45.6603386706438,0,18,18,80,1,0,0,0,0,3,1.09703575288213,0,0.0,0.0779220779220779,,,0,395.6,413.6
2005,REG+POST,00-0019650,,Dennis Northcutt,WR,WR,,14,CLE,0,0,0,0,0,0,0,0,0,0,0,0,,0,,,2,33,0,0,0,1,1.65887496370124,0,42,42,441,2,0,0,0,0,19,33.4911328468573,0,0.0,0.152727272727273,,,1,65.4,107.4
2005,REG+POST,00-0019659,,Erron Kinney,TE,TE,,13,TEN,0,0,0,0,0,0,0,0,0,0,0,0,,0,,,0,0,0,0,0,0,,0,55,55,543,2,0,0,0,0,24,37.460989242703,0,0.0,0.186440677966102,,,0,66.3,121.3
2005,REG+POST,00-0019660,,Dez White,WR,WR,,2,ATL,0,0,0,0,0,0,0,0,0,0,0,0,,0,,,0,0,0,0,0,0,,0,2,2,25,1,0,0,0,0,2,3.30478677852079,0,0.0,0.0689655172413793,,,0,8.5,10.5
2005,REG+POST,00-0019663,,Darrell Jackson,WR,WR,,9,SEA,0,0,0,0,0,0,0,0,0,0,0,0,,0,,,1,7,0,0,0,0,0.306891759159043,0,58,58,750,5,0,0,0,0,41,63.4556320982012,0,0.0,0.308510638297872,,,0,105.7,163.7
2005,REG+POST,00-0019673,,Paul Smith,RB,RB,,5,DET,0,0,0,0,0,0,0,0,0,0,0,0,,0,,,4,16,0,0,0,1,0.780773544043768,0,6,6,49,0,1,1,0,0,4,1.65709253493696,0,0.0,0.075,,,0,4.5,10.5
2005,REG+POST,00-0019693,,Jamal Lewis,RB,RB,,15,BAL,0,0,0,0,0,0,0,0,0,0,0,0,,0,,,269,906,3,5,5,48,-52.5608725696375,0,32,32,191,1,0,0,0,0,6,3.44038304027395,0,0.0,0.124513618677043,,,0,123.7,155.7
2005,REG+POST,00-0019703,,Jerry Porter,WR,WR,,16,LV,0,0,0,0,0,0,0,0,0,0,0,0,,0,,,1,-8,0,0,0,0,-1.29345854790881,0,76,76,942,5,1,0,0,0,45,93.0446553836089,0,0.0,0.240506329113924,,,0,123.4,199.4
2005,REG+POST,00-0019714,S.Lechler,Shane Lechler,P,SPEC,"https://static.www.nfl.com/image/private/f_auto,q_auto/league/we3oe5jqnrb4ag3d4pqu",1,LV,0,0,0,0,0,0,0,0,0,0,0,0,,0,,,1,2,0,0,0,0,-2.09662711969577,0,0,0,0,0,0,0,0,0,0,,0,,,,,0,0.2,0.2
2005,REG+POST,00-0019721,,Travis Taylor,WR,WR,,16,MIN,0,0,0,0,0,0,0,0,0,0,0,0,,0,,,2,3,0,0,0,0,-0.752313995501027,0,50,50,604,4,0,0,0,0,34,51.8045489932993,0,0.0,0.15527950310559,,,0,84.7,134.7
2005,REG+POST,00-0019794,,Aveion Cason,RB,RB,,1,LA,0,0,0,0,0,0,0,0,0,0,0,0,,0,,,10,65,1,0,0,3,4.09039577882504,0,1,1,11,0,0,0,0,0,1,0.618811886757612,0,0.0,0.0526315789473684,,,0,13.6,14.6
2005,REG+POST,00-0019816,,Tim Hasselbeck,QB,QB,,1,NYG,0,0,0,0,0,0,0,0,0,0,0,0,,0,,,2,-3,0,0,0,0,-3.20238371880259,0,0,0,0,0,0,0,0,0,0,,0,,,,,0,-0.3,-0.3
2005,REG+POST,00-0019831,,Nick Goings,RB,RB,,15,CAR,0,0,0,0,0,1,9,0,0,0,0,0,-1.23003834520932,0,,,64,232,0,0,0,12,-12.6507173833802,0,16,16,175,0,0,0,0,0,7,8.20632444682997,0,0.0,0.104575163398693,,,0,40.7,56.7
2005,REG+POST,00-0019863,,Dominic Rhodes,RB,RB,,11,IND,0,0,0,0,0,0,0,0,0,0,0,0,,0,,,41,120,4,0,0,11,-0.0909324670633209,0,13,13,88,0,0,0,0,8,2,1.53555722337059,0,0.0,0.104838709677419,,,0,44.8,57.8
2005,REG+POST,00-0019905,,Jimmy Farris,WR,WR,,1,WAS,0,0,0,0,0,0,0,0,0,0,0,0,,0,,,0,0,0,0,0,0,,0,1,1,18,0,0,0,0,0,1,1.78166401048657,0,0.0,0.0588235294117647,,,0,1.8,2.8
2005,REG+POST,00-0019919,,Randal Williams,TE,TE,,8,LV,0,0,0,0,0,0,0,0,0,0,0,0,,0,,,0,0,0,0,0,0,,0,13,13,164,0,0,0,0,0,7,11.6777364487061,0,0.0,0.0838709677419355,,,0,16.4,29.4
2005,REG+POST,00-0019932,,Josh Parry,FB,RB,,8,PHI,0,0,0,0,0,0,0,0,0,0,0,0,,0,,,0,0,0,0,0,0,,0,13,13,89,0,0,0,0,0,5,5.09023750264896,0,0.0,0.0666666666666667,,,0,8.9,21.9
2005,REG+POST,00-0019976,,Drew Bennett,WR,WR,,13,TEN,0,1,0,0,0,0,0,0,0,0,0,0,-0.387479783967137,0,,,1,3,0,0,0,0,-0.370374883990735,0,58,58,738,4,0,0,0,0,36,61.4904120253563,0,0.0,0.201388888888889,,,0,98.1,156.1
2005,REG+POST,00-0019995,,Tom Ashworth,T,OL,,1,NE,0,0,0,0,0,0,0,0,0,0,0,0,,0,,,0,0,0,0,0,0,,0,1,1,1,1,0,0,0,0,1,1.33792979398277,0,0.0,0.05,,,0,6.1,7.1
2005,REG+POST,00-0019997,,Antonio Chatman,WR,WR,,15,GB,0,0,0,0,0,0,0,0,0,0,0,0,,0,,,8,34,0,0,0,3,-0.763590764603578,0,49,49,549,4,0,0,0,0,31,57.7866110756004,0,0.0,0.149390243902439,,,1,88.3,137.3
2005,REG+POST,00-0020021,,Nate Poole,WR,WR,,3,NO,0,0,0,0,0,0,0,0,0,0,0,0,,0,,,0,0,0,0,0,0,,0,3,3,63,0,0,0,0,0,1,5.61826058989391,0,0.0,0.06,,,0,6.3,9.3
2005,REG+POST,00-0020022,,Marcel Shipp,RB,RB,,15,ARI,0,0,0,0,0,0,0,0,0,0,0,0,,0,,,157,451,0,4,3,23,-45.8415544259632,0,35,35,255,0,0,0,0,0,8,8.87004212516867,0,0.0,0.0964187327823691,,,0,64.6,99.6
2005,REG+POST,00-0020046,,Walter Williams,RB,RB,,1,GB,0,0,0,0,0,0,0,0,0,0,0,0,,0,,,0,0,0,0,0,0,,0,1,1,19,0,0,0,0,0,1,2.33361917431466,0,0.0,0.05,,,0,1.9,2.9
2005,REG+POST,00-0020127,,Daniel Wilcox,TE,TE,,8,BAL,0,0,0,0,0,0,0,0,0,0,0,0,,0,,,0,0,0,0,0,0,,0,20,20,154,1,0,0,0,0,5,9.6528025737498,0,0.0,0.114285714285714,,,0,21.4,41.4
2005,REG+POST,00-0020187,,Marcellus Rivers,TE,TE,,11,HOU,0,0,0,0,0,0,0,0,0,0,0,0,,0,,,0,0,0,0,0,0,,0,24,24,168,0,0,0,0,0,9,6.0779908701079,0,0.0,0.122448979591837,,,0,16.8,40.8
2005,REG+POST,00-0020245,,Mike Vick,QB,QB,"https://static.www.nfl.com/image/private/f_auto,q_auto/league/hrg4riwhpjbijfovsjrk",15,ATL,214,387,2412,15,13,34,210,6,3,0,0,126,-15.1824380354302,1,0.0,0.0679132498417451,101,610,6,5,2,41,34.9870138593045,0,1,1,-14,0,0,0,0,0,0,-2.14883155748248,0,0.0,0.0769230769230769,,,0,218.08,219.08
2005,REG+POST,00-0020268,,Tony Stewart,TE,TE,,3,CIN,0,0,0,0,0,0,0,0,0,0,0,0,,0,,,0,0,0,0,0,0,,0,4,4,26,0,0,0,0,0,1,1.18461229582317,0,0.0,0.0714285714285714,,,0,2.6,6.6
2005,REG+POST,00-0020285,,Alge Crumpler,TE,TE,,16,ATL,0,0,0,0,0,0,0,0,0,0,0,0,,0,,,0,0,0,0,0,0,,0,65,65,877,5,1,1,0,0,42,60.9378210272017,1,0.0,0.263157894736842,,,0,117.7,182.7
2005,REG+POST,00-0020308,,Mike McMahon,QB,QB,,9,PHI,94,207,1158,5,8,21,103,4,1,0,0,56,-55.5199813035796,0,0.0,0.0242092927661174,32,125,3,4,1,9,-0.261351288609177,0,0,0,0,0,0,0,0,0,0,,0,,,,,0,76.82,76.82
2005,REG+POST,00-0020315,,Derrick Blaylock,RB,RB,,6,NYJ,0,0,0,0,0,0,0,0,0,0,0,0,,0,,,17,53,0,0,0,3,-1.98489292652812,0,3,3,17,0,0,0,0,0,0,-2.31684548440476,0,0.0,0.0731707317073171,,,0,7.0,10.0
2005,REG+POST,00-0020332,,David Martin,TE,TE,,10,GB,0,0,0,0,0,0,0,0,0,0,0,0,,0,,,0,0,0,0,0,0,,0,27,27,224,3,0,0,0,0,14,20.4599532475819,1,0.0,0.113924050632911,,,0,42.4,69.4
2005,REG+POST,00-0020337,,Steve Smith,WR,WR,"https://static.www.nfl.com/image/private/f_auto,q_auto/league/k23e0b8cto93he9rt0zc",19,CAR,0,0,0,0,0,0,0,0,0,0,0,0,,0,,,8,63,2,0,0,4,4.48768991499674,0,130,130,1898,15,2,1,0,0,84,174.022246681968,0,0.0,0.402476780185759,,,1,302.1,432.1
2005,REG+POST,00-0020342,,Brandon Manumaleuna,TE,TE,,9,LA,0,0,0,0,0,0,0,0,0,0,0,0,,0,,,1,2,0,0,0,1,1.4670291969087,0,13,13,129,1,2,2,0,0,6,5.59322682966013,0,0.0,0.065,,,0,15.1,28.1
2005,REG+POST,00-0020376,,Dee Brown,RB,RB,,5,KC,0,0,0,0,0,0,0,0,0,0,0,0,,0,,,7,21,0,0,0,0,-1.27040096878773,0,3,3,23,1,0,0,0,0,2,3.97211813862668,0,0.0,0.0714285714285714,,,0,10.4,13.4
2005,REG+POST,00-0020381,,Justin McCareins,WR,WR,,15,NYJ,0,0,0,0,0,0,0,0,0,0,0,0,,0,,,1,8,0,0,0,0,0.768026112113148,0,43,43,713,2,0,0,0,0,33,55.7298725257278,0,0.0,0.168627450980392,,,0,84.1,127.1
2005,REG+POST,00-0020391,,Jameel Cook,RB,RB,,6,TB,0,0,0,0,0,0,0,0,0,0,0,0,,0,,,0,0,0,0,0,0,,0,7,7,43,1,0,0,0,0,3,3.24359252734575,0,0.0,0.056,,,0,10.3,17.3
2005,REG+POST,00-0020397,,Chad Johnson,WR,WR,,17,CIN,0,0,0,0,0,0,0,0,0,0,0,0,,0,,,5,33,0,0,0,2,1.81621533748694,0,101,101,1491,9,1,0,0,0,77,130.047718281043,0,0.0,0.260981912144703,,,0,206.4,307.4
2005,REG+POST,00-0020403,,Anthony Thomas,RB,RB,,9,NO,0,0,0,0,0,0,0,0,0,0,0,0,,0,,,43,92,0,0,0,5,-12.4717543950604,0,4,4,13,0,0,0,0,0,0,-0.81681437039515,0,0.0,0.0547945205479452,,,0,10.5,14.5
2005,REG+POST,00-0020405,,Marques Tuiasosopo,QB,QB,,1,LV,14,26,124,1,2,6,40,2,2,0,0,8,-13.4293592570177,0,0.0,0.025703078987468,2,19,0,0,0,1,1.03944620519178,0,0,0,0,0,0,0,0,0,0,,0,,,,,0,2.86,2.86
2005,REG+POST,00-0020407,,Rudi Johnson,RB,RB,,17,CIN,0,0,0,0,0,0,0,0,0,0,0,0,,0,,,350,1514,13,1,0,81,11.5243984135488,0,25,25,104,0,0,0,0,0,3,-4.67785118628136,0,0.0,0.069060773480663,,,0,239.8,264.8
2005,REG+POST,00-0020427,,Quincy Morgan,WR,WR,,7,PIT,0,0,0,0,0,0,0,0,0,0,0,0,,0,,,0,0,0,0,0,0,,0,9,9,150,2,0,0,0,0,7,16.930219537433,0,0.0,0.0789473684210526,,,0,27.0,36.0
2005,REG+POST,00-0020428,,Robert Ferguson,WR,WR,,11,GB,0,0,0,0,0,0,0,0,0,0,0,0,,0,,,0,0,0,0,0,0,,0,27,27,366,3,0,0,0,0,18,36.9286005253089,1,0.0,0.104247104247104,,,0,56.6,83.6
2005,REG+POST,00-0020430,,James Jackson,RB,RB,,5,ARI,0,0,0,0,0,0,0,0,0,0,0,0,,0,,,4,11,0,0,0,0,-1.20006628462579,0,2,2,31,0,0,0,0,0,2,2.14693028084002,0,0.0,0.0689655172413793,,,0,4.2,6.2
2005,REG+POST,00-0020434,,Chris Weinke,QB,QB,,4,CAR,7,13,64,1,0,0,0,0,0,0,0,4,3.6810295552615,0,0.0,0.112790899309455,11,-8,0,0,0,0,-6.59178758802591,0,0,0,0,0,0,0,0,0,0,,0,,,,,0,5.76,5.76
2005,REG+POST,00-0020438,,T.J. Houshmandzadeh,WR,WR,,15,CIN,0,0,0,0,0,0,0,0,0,0,0,0,,0,,,8,62,1,0,0,3,3.67436847742647,0,82,82,981,8,1,1,0,0,54,91.0927982772836,0,0.0,0.242603550295858,,,0,156.3,238.3
2005,REG+POST,00-0020446,,Chris Chambers,WR,WR,,16,MIA,0,0,0,0,0,0,0,0,0,0,0,0,,0,,,12,92,0,2,0,4,0.79198083980009,0,82,82,1118,11,3,2,0,0,59,105.5199869684,0,0.0,0.281786941580756,,,0,183.0,265.0
2005,REG+POST,00-0020448,,Travis Minor,RB,RB,,1,MIA,0,0,0,0,0,0,0,0,0,0,0,0,,0,,,5,17,0,0,0,0,-0.923221536795609,0,1,1,0,0,0,0,0,0,0,-0.620952244848013,0,,0.0416666666666667,,,0,1.7,2.7
2005,REG+POST,00-0020452,,Cedrick Wilson,WR,WR,"https://static.www.nfl.com/image/private/f_auto,q_auto/league/r1vaoqltojlmfodlskwx",16,PIT,0,0,0,0,0,0,0,0,0,0,0,0,,0,,,1,0,0,0,0,0,-0.677909186575562,0,35,35,667,2,1,0,0,0,28,57.8470836087489,0,0.0,0.146443514644351,,,0,78.7,113.7
2005,REG+POST,00-0020462,,LaMont Jordan,RB,RB,,14,LV,0,0,0,0,0,0,0,0,0,0,0,0,,0,,,272,1025,9,2,1,61,-9.60250622627716,1,70,70,563,2,0,0,0,0,25,30.4487324663529,0,0.0,0.256410256410256,,,0,224.8,294.8
2005,REG+POST,00-0020464,,Darnerien McCants,WR,WR,,4,PHI,0,0,0,0,0,0,0,0,0,0,0,0,,0,,,0,0,0,0,0,0,,0,5,5,87,0,0,0,0,0,4,5.74080152291572,0,0.0,0.0641025641025641,,,0,8.7,13.7
2005,REG+POST,00-0020471,,Travis Henry,RB,RB,,9,TEN,0,0,0,0,0,0,0,0,0,0,0,0,,0,,,88,335,0,2,1,11,-14.309942133259,0,13,13,117,0,0,0,0,0,5,3.72698346831367,0,0.0,0.0866666666666667,,,0,43.2,56.2
2005,REG+POST,00-0020474,,Kevan Barlow,RB,RB,,12,SF,0,0,0,0,0,0,0,0,0,0,0,0,,0,,,176,581,3,1,1,20,-34.4011333497125,0,31,31,241,0,1,0,0,0,7,8.01685497632903,0,0.0,0.216783216783217,,,0,98.2,129.2
2005,REG+POST,00-0020480,,Sage Rosenfels,QB,QB,,4,MIA,34,61,462,4,3,0,0,0,0,0,0,17,6.60651122627314,0,0.0,0.0745950554879094,6,15,0,1,0,2,-1.1964349282789,0,0,0,0,0,0,0,0,0,0,,0,,,,,0,29.98,29.98
2005,REG+POST,00-0020485,,Eddie Berlin,WR,WR,,1,CHI,0,0,0,0,0,0,0,0,0,0,0,0,,0,,,0,0,0,0,0,0,,0,2,2,9,0,0,0,0,0,0,-0.272520508151501,0,0.0,0.142857142857143,,,0,0.9,2.9
2005,REG+POST,00-0020490,,Koren Robinson,WR,WR,,12,MIN,0,0,0,0,0,0,0,0,0,0,0,0,,0,,,4,27,1,0,0,1,2.1326918839477,0,22,22,347,1,0,0,0,0,10,26.0704144012998,0,0.0,0.100456621004566,,,1,55.4,77.4
2005,REG+POST,00-0020494,,Santana Moss,WR,WR,,18,WAS,0,0,0,0,0,0,0,0,0,0,0,0,,0,,,5,9,0,0,0,1,-2.12790838081855,0,93,93,1604,10,2,1,0,0,65,150.819839023025,0,0.0,0.302931596091205,,,0,219.3,312.3
2005,REG+POST,00-0020498,,Reggie Wayne,WR,WR,,16,IND,0,0,0,0,0,0,0,0,0,0,0,0,,0,,,0,0,0,0,0,0,,0,90,90,1152,5,1,0,0,0,58,98.6598342370417,1,0.0,0.258620689655172,,,0,147.2,237.2
2005,REG+POST,00-0020507,,Heath Evans,FB,RB,,10,NE,0,0,0,0,0,0,0,0,0,0,0,0,,0,,,52,192,0,0,0,11,-1.63976775982883,1,15,15,108,0,0,0,0,0,2,2.96220773243113,0,0.0,0.100671140939597,,,0,32.0,47.0
2005,REG+POST,00-0020508,,Moran Norris,RB,RB,,1,HOU,0,0,0,0,0,0,0,0,0,0,0,0,,0,,,0,0,0,0,0,0,,0,1,1,4,1,0,0,0,0,1,1.78695927449735,0,0.0,0.0588235294117647,,,0,6.4,7.4
2005,REG+POST,00-0020514,,Michael Bennett,RB,RB,,16,MIN,0,0,0,0,0,0,0,0,0,0,0,0,,0,,,126,473,3,4,3,21,-32.4692508486332,0,27,27,124,2,1,1,0,0,8,-2.94303959043464,0,0.0,0.124423963133641,,,0,81.7,108.7
2005,REG+POST,00-0020516,,Todd Heap,TE,TE,,16,BAL,0,0,0,0,0,0,0,0,0,0,0,0,,0,,,0,0,0,0,0,0,,0,75,75,855,7,2,1,0,0,43,72.7225427130761,0,0.0,0.223880597014925,,,0,125.5,200.5
2005,REG+POST,00-0020525,,Rod Gardner,WR,WR,,6,GB,0,0,0,0,0,0,0,0,0,0,0,0,,0,,,0,0,0,0,0,0,,0,13,13,151,1,0,0,0,0,8,12.7971070501371,0,0.0,0.0984848484848485,,,0,21.1,34.1
2005,REG+POST,00-0020527,,Deuce McAllister,RB,RB,,5,NO,0,0,0,0,0,0,0,0,0,0,0,0,,0,,,93,335,3,0,0,21,-9.90374213551773,0,17,17,117,0,0,0,0,0,4,2.3876289468948,0,0.0,0.197674418604651,,,0,63.2,80.2
2005,REG+POST,00-0020531,D.Brees,Drew Brees,QB,QB,"https://static.www.nfl.com/image/private/f_auto,q_auto/league/i20xlpzdmn7xubotijjd",16,LAC,323,500,3576,24,15,27,223,8,5,0,0,182,64.0117546703582,0,0.0,0.106413893356463,21,49,1,0,0,8,7.37079180878936,0,0,0,0,0,0,0,0,0,0,,0,,,,,0,209.94,209.94
2005,REG+POST,00-0020536,,LaDainian Tomlinson,RB,RB,,16,LAC,3,4,47,3,0,0,0,0,0,0,0,3,6.63684041910219,0,0.0,,340,1464,18,2,0,72,14.7953652040353,0,51,51,370,2,1,1,0,0,15,11.2572296869995,0,0.0,0.167213114754098,,,0,315.28,366.28
2005,REG+POST,00-0020550,,Darnell Dinkins,TE,TE,,3,BAL,0,0,0,0,0,0,0,0,0,0,0,0,,0,,,0,0,0,0,0,0,,0,6,6,55,0,0,0,0,0,4,3.23106302152155,0,0.0,0.0714285714285714,,,0,5.5,11.5
2005,REG+POST,00-0020583,,Marc Boerigter,WR,WR,,5,KC,0,0,0,0,0,0,0,0,0,0,0,0,,0,,,0,0,0,0,0,0,,0,8,8,119,0,0,0,0,0,5,12.3275785312289,1,0.0,0.0740740740740741,,,0,13.9,21.9
2005,REG+POST,00-0020587,,Jamal Robertson,RB,RB,,4,CAR,0,0,0,0,0,0,0,0,0,0,0,0,,0,,,18,60,1,1,0,4,-1.55812679517101,0,6,6,27,0,0,0,0,0,2,0.445844739442691,0,0.0,0.153846153846154,,,0,14.7,20.7
2005,REG+POST,00-0020608,,David Carr,QB,QB,,16,HOU,256,423,2488,14,11,68,424,14,6,0,0,135,-67.9094791361773,1,0.0,0.0292138864155103,56,308,1,3,0,20,19.034996946808,0,0,0,0,0,0,0,0,0,0,,0,,,,,0,160.32,160.32
2005,REG+POST,00-0020613,,Quinn Gray,QB,QB,,1,JAX,8,14,100,2,0,1,7,1,1,0,0,6,7.22338880423922,0,0.0,0.20960562449412,3,1,0,0,0,1,-1.77702468872303,0,0,0,0,0,0,0,0,0,0,,0,,,,,0,10.1,10.1
2005,REG+POST,00-0020679,,Shaun Hill,QB,QB,"https://static.www.nfl.com/image/private/f_auto,q_auto/league/dn42ccbwrshm7uksyphy",1,MIN,0,0,0,0,0,0,0,0,0,0,0,0,,0,,,2,-2,0,0,0,0,0.0,0,0,0,0,0,0,0,0,0,0,,0,,,,,0,-0.2,-0.2
2005,REG+POST,00-0020692,,Eddie Drummond,WR,WR,,1,DET,0,0,0,0,0,0,0,0,0,0,0,0,,0,,,1,-3,0,0,0,0,-1.08368940046057,0,0,0,0,0,0,0,0,0,0,,0,,,,,0,-0.3,-0.3
2005,REG+POST,00-0020700,,James Mungro,RB,RB,,6,IND,0,0,0,0,0,0,0,0,0,0,0,0,,0,,,7,15,0,0,0,1,-5.9834114961559,0,3,3,28,0,0,0,0,0,1,0.164486123588466,0,0.0,0.0652173913043478,,,0,4.3,7.3
2005,REG+POST,00-0020780,,Frisman Jackson,WR,WR,,9,CLE,0,0,0,0,0,1,2,0,0,0,0,0,-0.856727833393961,0,,,0,0,0,0,0,0,,0,24,24,287,1,0,0,0,0,15,21.045564752681,0,0.0,0.142857142857143,,,0,34.7,58.7
2005,REG+POST,00-0020794,,Edell Shepherd,WR,WR,,5,TB,0,0,0,0,0,0,0,0,0,0,0,0,,0,,,0,0,0,0,0,0,,0,7,7,107,1,0,0,0,0,4,8.29162144113798,0,0.0,0.07,,,0,16.7,23.7
2005,REG+POST,00-0020797,,Maurice Hicks,RB,RB,,7,SF,0,0,0,0,0,0,0,0,0,0,0,0,,0,,,59,308,3,0,0,13,7.7174249025411,0,12,12,47,0,0,0,0,0,2,-1.46845791937085,0,0.0,0.127659574468085,,,0,53.5,65.5
2005,REG+POST,00-0020805,,Jason McKie,RB,RB,,4,CHI,0,0,0,0,0,0,0,0,0,0,0,0,,0,,,4,25,1,0,0,2,2.2014435066958,0,4,4,15,0,0,0,0,0,1,-1.09264047181932,0,0.0,0.210526315789474,,,0,10.0,14.0
2005,REG+POST,00-0020904,,Eric Parker,WR,WR,,14,LAC,0,0,0,0,0,0,0,0,0,0,0,0,,0,,,4,55,0,0,0,3,3.36238408030476,0,57,57,725,3,0,0,0,0,35,66.1497592889787,0,0.0,0.193220338983051,,,0,96.0,153.0
2005,REG+POST,00-0020917,,Joe Burns,RB,RB,,1,BUF,0,0,0,0,0,0,0,0,0,0,0,0,,0,,,0,0,0,0,0,0,,0,1,1,19,1,0,0,0,0,1,3.3321112394915,0,0.0,0.0454545454545455,,,0,7.9,8.9
2005,REG+POST,00-0020964,,Tony Fisher,RB,RB,,12,GB,1,1,14,0,0,0,0,0,0,0,0,1,1.1924757421948,0,0.0,,60,173,1,0,0,9,-11.9855095821907,0,48,48,347,1,2,0,0,0,12,9.70141206897297,0,0.0,0.16271186440678,,,0,64.56,112.56
2005,REG+POST,00-0020984,,Randy Hymes,WR,WR,,9,BAL,0,2,0,0,0,0,0,0,0,0,0,0,-0.671951131196693,0,,,0,0,0,0,0,0,,0,11,11,132,2,0,0,0,0,9,18.1218547356548,0,0.0,0.053921568627451,,,0,25.2,36.2
2005,REG+POST,00-0020985,,Dwayne Blakley,TE,TE,,3,ATL,0,0,0,0,0,0,0,0,0,0,0,0,,0,,,0,0,0,0,0,0,,0,4,4,30,1,0,0,0,0,3,5.22333480103407,0,0.0,0.105263157894737,,,0,9.0,13.0
2005,REG+POST,00-0021006,,Charlie Adams,WR,WR,,12,DEN,0,0,0,0,0,0,0,0,0,0,0,0,,0,,,5,14,0,0,0,1,-0.738540958380327,0,21,21,203,0,1,0,0,0,9,9.16197070072059,0,0.0,0.12280701754386,,,0,21.7,42.7
2005,REG+POST,00-0021048,,Damien Anderson,RB,RB,,1,ARI,0,0,0,0,0,0,0,0,0,0,0,0,,0,,,2,7,0,0,0,0,-0.769463361706585,0,0,0,0,0,0,0,0,0,0,,0,,,,,0,0.7,0.7
2005,REG+POST,00-0021084,,Matt Schobel,TE,TE,,13,CIN,0,0,0,0,0,0,0,0,0,0,0,0,,0,,,0,0,0,0,0,0,,0,20,20,204,1,1,1,0,0,10,11.9796388428235,1,0.0,0.0706713780918728,,,0,26.4,46.4
2005,REG+POST,00-0021094,,Jason McAddley,WR,WR,,5,SF,0,0,0,0,0,0,0,0,0,0,0,0,,0,,,0,0,0,0,0,0,,0,7,7,125,0,0,0,0,0,4,7.22494948173741,0,0.0,0.111111111111111,,,0,12.5,19.5
2005,REG+POST,00-0021100,,Jeb Putzier,TE,TE,,17,DEN,0,0,0,0,0,0,0,0,0,0,0,0,,0,,,0,0,0,0,0,0,,0,44,44,573,0,1,0,0,0,32,46.1797663272743,1,0.0,0.147157190635452,,,0,59.3,103.3
2005,REG+POST,00-0021141,,Joey Harrington,QB,QB,,12,DET,188,330,2021,12,12,23,136,6,4,0,0,101,-38.1571686385605,0,0.0,0.02782135369937,25,80,0,1,0,3,-10.7212622952358,0,1,1,-4,0,0,0,0,0,0,-2.0393994259648,0,0.0,0.0588235294117647,,,0,104.44,105.44
2005,REG+POST,00-0021147,,Donte' Stallworth,WR,WR,,15,NO,0,0,0,0,0,0,0,0,0,0,0,0,,0,,,2,2,0,1,1,0,-4.4051189951133,0,70,70,945,7,0,0,0,0,50,84.6769181706477,0,0.0,0.236486486486487,,,0,134.7,204.7
2005,REG+POST,00-0021148,,Jeremy Shockey,TE,TE,,16,NYG,0,0,0,0,0,0,0,0,0,0,0,0,,0,,,0,0,0,0,0,0,,0,68,68,941,7,0,0,0,0,49,93.4481370767139,1,0.0,0.232876712328767,,,0,138.1,206.1
2005,REG+POST,00-0021150,,William Green,RB,RB,,7,CLE,0,0,0,0,0,0,0,0,0,0,0,0,,0,,,20,78,0,0,0,4,-3.17597560328431,0,5,5,30,0,0,0,0,0,0,-1.35426467756042,0,0.0,0.0568181818181818,,,0,10.8,15.8
2005,REG+POST,00-0021152,,Ashley Lelie,WR,WR,,17,DEN,0,0,0,0,0,0,0,0,0,0,0,0,,0,,,5,84,0,0,0,5,5.12475162325427,0,49,49,888,2,0,0,0,0,34,71.8794088334544,0,0.0,0.164983164983165,,,0,109.2,158.2
2005,REG+POST,00-0021153,,Javon Walker,WR,WR,,1,GB,0,0,0,0,0,0,0,0,0,0,0,0,,0,,,0,0,0,0,0,0,,0,4,4,27,0,0,0,0,0,2,1.6272798095597,0,0.0,0.148148148148148,,,0,2.7,6.7
2005,REG+POST,00-0021154,,Daniel Graham,TE,TE,,8,NE,0,0,0,0,0,0,0,0,0,0,0,0,,0,,,0,0,0,0,0,0,,0,17,17,253,3,1,0,0,0,10,20.532208024757,0,0.0,0.0977011494252874,,,0,43.3,60.3
2005,REG+POST,00-0021159,,Jerramy Stevens,TE,TE,,17,SEA,0,0,0,0,0,0,0,0,0,0,0,0,,0,,,0,0,0,0,0,0,,0,56,56,658,7,0,0,0,0,36,64.3333847359361,0,0.0,0.168168168168168,,,0,107.8,163.8
2005,REG+POST,00-0021163,,Jabar Gaffney,WR,WR,,14,HOU,0,0,0,0,0,0,0,0,0,0,0,0,,0,,,4,13,0,0,0,1,-1.87512860825518,0,55,55,492,2,0,0,0,0,31,44.7166152294376,0,0.0,0.227272727272727,,,0,62.5,117.5
2005,REG+POST,00-0021164,,DeShaun Foster,RB,RB,,17,CAR,0,1,0,0,0,0,0,0,0,0,0,0,-0.476419392740354,0,,,249,1087,2,2,0,45,-10.3756460308391,0,36,36,379,1,1,1,0,0,12,20.7945765994322,0,0.0,0.132352941176471,,,0,162.6,198.6
2005,REG+POST,00-0021166,,Josh Reed,WR,WR,,16,BUF,0,0,0,0,0,0,0,0,0,0,0,0,,0,,,1,-3,0,0,0,0,-1.06092061987147,0,32,32,449,2,0,0,0,0,20,35.4822477833077,0,0.0,0.118518518518519,,,0,56.6,88.6
2005,REG+POST,00-0021174,,Tim Carter,WR,WR,,11,NYG,0,0,0,0,0,0,0,0,0,0,0,0,,0,,,6,46,0,0,0,2,1.65369201626163,0,10,10,184,0,0,0,0,0,8,14.7205732900184,0,0.0,0.0740740740740741,,,0,23.0,33.0
2005,REG+POST,00-0021175,,Andre Davis,WR,WR,,9,NE,0,0,0,0,0,0,0,0,0,0,0,0,,0,,,1,13,0,0,0,1,1.34423766226973,0,11,11,244,1,0,0,0,0,9,17.8165231771418,0,0.0,0.0621468926553672,,,0,31.7,42.7
2005,REG+POST,00-0021176,,Reche Caldwell,WR,WR,,11,LAC,0,0,0,0,0,0,0,0,0,0,0,0,,0,,,2,10,0,0,0,1,0.65619203587994,0,28,28,352,1,2,2,0,0,16,22.5441713817418,0,0.0,0.113821138211382,,,0,38.2,66.2
2005,REG+POST,00-0021179,,Clinton Portis,RB,RB,,18,WAS,1,4,17,1,0,0,0,0,0,0,0,1,1.17111576214666,0,0.0,,385,1610,12,3,2,79,-3.24054978223285,0,33,33,222,0,0,0,0,0,13,13.3536971555732,1,0.0,0.112627986348123,,,0,257.88,290.88
2005,REG+POST,00-0021182,,Maurice Morris,RB,RB,,14,SEA,0,0,0,0,0,0,0,0,0,0,0,0,,0,,,96,361,1,1,0,22,-8.59826705078573,0,7,7,70,0,0,0,0,0,4,6.54016570516978,0,0.0,0.0648148148148148,,,0,49.1,56.1
2005,REG+POST,00-0021183,,Doug Jolley,TE,TE,,11,NYJ,0,0,0,0,0,0,0,0,0,0,0,0,,0,,,0,0,0,0,0,0,,0,29,29,324,1,1,1,0,0,17,16.0947982258871,0,0.0,0.153439153439153,,,0,36.4,65.4
2005,REG+POST,00-0021184,,Ladell Betts,RB,RB,,14,WAS,0,0,0,0,0,0,0,0,0,0,0,0,,0,,,102,368,1,2,2,17,-20.6294193475486,0,14,14,110,1,0,0,0,0,5,11.5709212199727,0,0.0,0.0833333333333333,,,1,61.8,75.8
2005,REG+POST,00-0021190,,Antwaan Randle El,RB,RB,,19,PIT,4,5,110,2,0,0,0,0,0,0,0,3,8.31928251257377,0,0.0,0.201043850504548,13,78,0,0,0,2,0.804215886380495,0,47,47,677,2,2,1,0,0,33,53.499143305129,0,0.0,0.174721189591078,,,2,109.9,156.9
2005,REG+POST,00-0021191,,Antonio Bryant,WR,WR,,16,CLE,0,0,0,0,0,0,0,0,0,0,0,0,,0,,,1,3,0,0,0,0,-0.0972350960364565,0,69,69,1009,4,1,1,0,0,45,86.24429945699,0,0.0,0.232323232323232,,,0,123.2,192.2
2005,REG+POST,00-0021192,,Deion Branch,WR,WR,,18,NE,0,0,0,0,0,0,0,0,0,0,0,0,,0,,,0,0,0,0,0,0,,0,88,88,1187,5,0,0,0,0,58,113.858235058763,0,0.0,0.227390180878553,,,0,148.7,236.7
2005,REG+POST,00-0021206,J.McCown,Josh McCown,QB,QB,"https://static.www.nfl.com/image/private/f_auto,q_auto/league/qcauc37wqjdaxdbq1evu",9,ARI,163,270,1832,9,11,18,101,3,2,0,0,84,-7.14102420273545,0,0.0,0.0498778860367263,29,139,0,2,1,7,-1.52777858660598,0,0,0,0,0,0,0,0,0,0,,0,,,,,0,95.18,95.18
2005,REG+POST,00-0021209,,Lamar Gordon,RB,RB,,13,PHI,0,0,0,0,0,0,0,0,0,0,0,0,,0,,,54,182,1,2,1,11,-9.56734273085021,0,11,11,79,0,1,1,0,0,1,-1.8467822324601,0,0.0,0.069620253164557,,,0,28.1,39.1
2005,REG+POST,00-0021213,,Chris Baker,TE,TE,,7,NYJ,0,0,0,0,0,0,0,0,0,0,0,0,,0,,,0,0,0,0,0,0,,0,18,18,269,1,0,0,0,0,11,20.3376549710522,0,0.0,0.145161290322581,,,0,32.9,50.9
2005,REG+POST,00-0021216,,Brian Westbrook,RB,RB,,12,PHI,0,0,0,0,0,0,0,0,0,0,0,0,,0,,,157,614,3,0,0,27,-20.2431553536153,0,61,61,616,4,0,0,0,0,27,33.0506080061699,1,0.0,0.223443223443223,,,0,167.0,228.0
2005,REG+POST,00-0021223,,Jonathan Wells,RB,RB,,13,HOU,0,0,0,0,0,0,0,0,0,0,0,0,,0,,,90,325,4,0,0,20,-6.91505608353927,0,22,22,179,0,0,0,0,0,6,9.92109917721245,0,0.0,0.11,,,0,74.4,96.4
2005,REG+POST,00-0021227,,Justin Peelle,TE,TE,,8,LAC,0,0,0,0,0,0,0,0,0,0,0,0,,0,,,0,0,0,0,0,0,,0,11,11,38,1,0,0,0,0,4,2.66361082310323,0,0.0,0.0632183908045977,,,0,9.8,20.8
2005,REG+POST,00-0021231,,David Garrard,QB,QB,,8,JAX,101,176,1185,4,1,12,70,3,0,0,0,66,14.0673590968243,0,0.0,0.106940086546392,31,199,3,1,1,14,11.0696323493612,1,0,0,0,0,0,0,0,0,0,,0,,,,,0,99.3,99.3
2005,REG+POST,00-0021235,,Dave Zastudil,P,SPEC,,1,BAL,0,0,0,0,0,0,0,0,0,0,0,0,,0,,,1,0,0,0,0,0,-3.42975392524386,0,0,0,0,0,0,0,0,0,0,,0,,,,,0,0.0,0.0
2005,REG+POST,00-0021236,,Randy McMichael,TE,TE,,15,MIA,0,0,0,0,0,0,0,0,0,0,0,0,,0,,,0,0,0,0,0,0,,0,60,60,582,5,1,1,0,0,25,38.7960857598426,0,0.0,0.212765957446809,,,0,86.2,146.2
2005,REG+POST,00-0021252,,Najeh Davenport,RB,RB,,5,GB,0,0,0,0,0,0,0,0,0,0,0,0,,0,,,30,105,2,1,0,9,-1.10763600509381,0,2,2,3,0,0,0,0,0,0,-1.1215369340498,0,0.0,0.0416666666666667,,,0,22.8,24.8
2005,REG+POST,00-0021253,,Jarrod Baxter,RB,RB,,1,ARI,0,0,0,0,0,0,0,0,0,0,0,0,,0,,,0,0,0,0,0,0,,0,1,1,4,0,0,0,0,0,0,-0.0559772530104965,0,0.0,0.0344827586206897,,,0,0.4,1.4
2005,REG+POST,00-0021260,,Kyle Johnson,RB,RB,,13,DEN,0,0,0,0,0,0,0,0,0,0,0,0,,0,,,4,9,1,0,0,3,0.914387392345816,0,17,17,160,5,0,0,0,0,12,19.676826185314,0,0.0,0.0913978494623656,,,0,52.9,69.9
2005,REG+POST,00-0021268,,Terry Jones,TE,TE,,6,SF,0,0,0,0,0,0,0,0,0,0,0,0,,0,,,0,0,0,0,0,0,,0,9,9,76,0,0,0,0,0,4,5.35033691755962,0,0.0,0.0967741935483871,,,0,7.6,16.6
2005,REG+POST,00-0021273,,Robert Royal,TE,TE,,11,WAS,0,0,0,0,0,0,0,0,0,0,0,0,,0,,,0,0,0,0,0,0,,0,21,21,134,1,0,0,0,0,8,8.16488957844558,0,0.0,0.103448275862069,,,0,19.4,40.4
2005,REG+POST,00-0021279,,Verron Haynes,FB,RB,,18,PIT,0,0,0,0,0,0,0,0,0,0,0,0,,0,,,80,330,3,2,1,19,-10.8397875628346,0,14,14,135,0,0,0,0,0,7,12.1213733574259,0,0.0,0.0795454545454545,,,0,62.5,76.5
2005,REG+POST,00-0021282,,Ryan Hannam,TE,TE,,12,SEA,0,0,0,0,0,0,0,0,0,0,0,0,,0,,,0,0,0,0,0,0,,0,17,17,109,1,0,0,0,0,9,7.13524482377343,0,0.0,0.0693877551020408,,,0,16.9,33.9
2005,REG+POST,00-0021304,,John Gilmore,TE,TE,,1,CHI,0,0,0,0,0,0,0,0,0,0,0,0,,0,,,0,0,0,0,0,0,,0,1,1,1,1,0,0,0,0,1,0.809454718488269,0,0.0,0.0714285714285714,,,0,6.1,7.1
2005,REG+POST,00-0021306,,Adrian Peterson,RB,RB,,14,CHI,0,0,0,0,0,0,0,0,0,0,0,0,,0,,,81,400,3,0,0,22,5.89738456709321,0,8,8,51,0,1,0,0,0,1,1.2906419755891,0,0.0,0.0860215053763441,,,0,63.1,71.1
2005,REG+POST,00-0021314,,Chester Taylor,RB,RB,,14,BAL,0,0,0,0,0,0,0,0,0,0,0,0,,0,,,117,487,0,1,1,29,-10.0094374269403,0,41,41,292,1,1,1,0,4,14,9.418443794013,0,0.0,0.146953405017921,,,0,79.9,120.9
2005,REG+POST,00-0021317,,Bryan Fletcher,TE,TE,,9,IND,0,0,0,0,0,0,0,0,0,0,0,0,,0,,,0,0,0,0,0,0,,0,20,20,220,3,0,0,0,0,13,23.518351416802,0,0.0,0.102040816326531,,,0,40.0,60.0
2005,REG+POST,00-0021337,,Ronald Curry,WR,WR,,1,LV,0,0,0,0,0,0,0,0,0,0,0,0,,0,,,0,0,0,0,0,0,,0,2,2,12,0,0,0,0,0,1,0.459803154692054,0,0.0,0.0952380952380952,,,0,1.2,3.2
2005,REG+POST,00-0021352,,Matt Murphy,TE,TE,,2,HOU,0,0,0,0,0,0,0,0,0,0,0,0,,0,,,0,0,0,0,0,0,,0,2,2,26,0,0,0,0,0,2,1.98606514558196,0,0.0,0.08,,,0,2.6,4.6
2005,REG+POST,00-0021353,,David Givens,WR,WR,,15,NE,0,0,0,0,0,0,0,0,0,0,0,0,,0,,,2,13,0,0,0,0,0.339213746716268,0,65,65,795,4,0,0,0,0,36,64.9128210158983,0,0.0,0.197568389057751,,,0,104.8,169.8
2005,REG+POST,00-0021357,,Rock Cartwright,RB,RB,,7,WAS,0,0,0,0,0,0,0,0,0,0,0,0,,0,,,27,199,2,1,1,10,-4.41479334863834,0,2,2,23,0,0,0,0,0,1,2.08217659336515,0,0.0,0.0769230769230769,,,0,32.2,34.2
2005,REG+POST,00-0021376,,T.J. Duckett,RB,RB,,14,ATL,0,0,0,0,0,0,0,0,0,0,0,0,,0,,,121,380,8,2,2,24,-37.499268412222,0,6,6,63,0,0,0,0,0,3,3.43986307433806,0,0.0,0.0731707317073171,,,0,88.3,94.3
2005,REG+POST,00-0021379,,Patrick Ramsey,QB,QB,,4,WAS,15,25,279,1,1,4,27,2,1,0,0,11,8.34545513987541,0,0.0,0.115697089090027,7,3,0,0,0,0,-1.25481108867098,0,0,0,0,0,0,0,0,0,0,,0,,,,,0,11.46,11.46
2005,REG+POST,00-0021406,,Derick Armstrong,WR,WR,,7,HOU,0,0,0,0,0,0,0,0,0,0,0,0,,0,,,0,0,0,0,0,0,,0,9,9,115,0,0,0,0,0,8,13.8112285208772,0,0.0,0.0756302521008403,,,0,11.5,20.5
2005,REG+POST,00-0021424,,Chris Horn,WR,WR,,7,KC,0,0,0,0,0,0,0,0,0,0,0,0,,0,,,0,0,0,0,0,0,,0,18,18,187,0,0,0,0,0,7,12.4489517644397,0,0.0,0.124137931034483,,,0,18.7,36.7
2005,REG+POST,00-0021425,,Antonio Brown,WR,WR,,3,WAS,0,0,0,0,0,0,0,0,0,0,0,0,,0,,,2,7,0,0,0,0,-0.460152839310467,0,0,0,0,0,0,0,0,0,0,,0,,,,,1,6.7,6.7
2005,REG+POST,00-0021429,C.Palmer,Carson Palmer,QB,QB,"https://static.www.nfl.com/image/private/f_auto,q_auto/league/belgna3tokxga0gjjmwk",17,CIN,346,510,3902,32,12,20,108,4,2,0,0,198,125.266932229502,1,0.0,0.134937113226682,33,44,1,1,0,6,-12.8925859103329,0,0,0,0,0,0,0,0,0,0,,0,,,,,0,268.48,268.48
2005,REG+POST,00-0021460,,Cortez Hankton,WR,WR,,1,JAX,0,0,0,0,0,0,0,0,0,0,0,0,,0,,,0,0,0,0,0,0,,0,3,3,15,0,0,0,0,0,0,-0.132133872364648,0,0.0,0.157894736842105,,,0,1.5,4.5
2005,REG+POST,00-0021508,,Greg Lewis,WR,WR,,15,PHI,0,0,0,0,0,0,0,0,0,0,0,0,,0,,,2,13,0,0,0,0,-0.793285642750561,0,48,48,561,1,0,0,0,0,30,45.4221731151338,0,0.0,0.148606811145511,,,0,63.4,111.4
2005,REG+POST,00-0021509,,Reno Mahe,RB,RB,,6,PHI,0,0,0,0,0,0,0,0,0,0,0,0,,0,,,20,87,0,0,0,3,-1.0420493784186,0,12,12,68,0,0,0,0,0,3,-0.152573243945854,0,0.0,0.129032258064516,,,0,15.5,27.5
2005,REG+POST,00-0021525,,Casey Fitzsimmons,TE,TE,,8,DET,0,0,0,0,0,0,0,0,0,0,0,0,,0,,,0,0,0,0,0,0,,0,10,10,45,1,0,0,0,0,3,2.69523687439505,0,0.0,0.0735294117647059,,,0,10.5,20.5
2005,REG+POST,00-0021530,,Scott Vines,WR,WR,,11,DET,0,0,0,0,0,0,0,0,0,0,0,0,,0,,,1,7,0,0,0,0,0.333435518667102,0,40,40,417,0,0,0,0,0,22,32.2812536304118,0,0.0,0.187793427230047,,,0,42.4,82.4
2005,REG+POST,00-0021547,A.Gates,Antonio Gates,TE,TE,"https://static.www.nfl.com/image/private/f_auto,q_auto/league/kndulvysinvn4tpvt0bc",15,LAC,0,0,0,0,0,0,0,0,0,0,0,0,,0,,,0,0,0,0,0,0,,0,89,89,1101,10,0,0,0,0,62,105.326802139782,0,0.0,0.278125,,,0,170.1,259.1
2005,REG+POST,00-0021554,,Lorenzo Diamond,TE,TE,,6,MIA,0,0,0,0,0,0,0,0,0,0,0,0,,0,,,0,0,0,0,0,0,,0,8,8,54,0,0,0,0,0,2,2.3777761629317,0,0.0,0.0769230769230769,,,0,5.4,13.4
2005,REG+POST,00-0021560,,Reggie Newhouse,WR,WR,,2,ARI,0,0,0,0,0,0,0,0,0,0,0,0,,0,,,0,0,0,0,0,0,,0,4,4,45,0,0,0,0,0,1,1.19874734959542,0,0.0,0.0689655172413793,,,0,4.5,8.5
2005,REG+POST,00-0021570,,Kassim Osgood,WR,WR,,2,LAC,0,0,0,0,0,0,0,0,0,0,0,0,,0,,,1,4,0,0,0,0,-0.0880470487754792,0,2,2,21,0,0,0,0,0,2,2.73691222630441,0,0.0,0.0416666666666667,,,0,2.5,4.5
2005,REG+POST,00-0021612,,Leigh Bodden,DB,DB,,1,CLE,0,0,0,0,0,0,0,0,0,0,0,0,,0,,,0,0,0,0,0,0,,0,0,0,0,0,0,0,0,0,0,,0,,,,,1,6.0,6.0
2005,REG+POST,00-0021636,,Sean Berton,TE,TE,,1,NYG,0,0,0,0,0,0,0,0,0,0,0,0,,0,,,0,0,0,0,0,0,,0,1,1,3,0,0,0,0,0,0,-0.168488682247698,0,0.0,0.0555555555555556,,,0,0.3,1.3
2005,REG+POST,00-0021647,,Jerheme Urban,WR,WR,,4,SEA,0,0,0,0,0,0,0,0,0,0,0,0,,0,,,0,0,0,0,0,0,,0,7,7,151,0,0,0,0,0,7,9.58906325045973,0,0.0,0.0909090909090909,,,0,15.1,22.1
2005,REG+POST,00-0021673,,ReShard Lee,RB,RB,,4,GB,0,0,0,0,0,0,0,0,0,0,0,0,,0,,,11,16,0,1,1,1,-7.39425956230843,0,1,1,5,0,0,0,0,0,0,-0.150733032263815,0,0.0,0.037037037037037,,,0,0.1,1.1
2005,REG+POST,00-0021678,,Tony Romo,QB,QB,"https://static.www.nfl.com/image/private/f_auto,q_auto/league/rdgaxf7djip2ovlkeqjk",1,DAL,0,0,0,0,0,0,0,0,0,0,0,0,,0,,,2,-2,0,0,0,0,-1.52267541570473,0,0,0,0,0,0,0,0,0,0,,0,,,,,0,-0.2,-0.2
2005,REG+POST,00-0021712,,Zach Hilton,TE,TE,,11,NO,0,0,0,0,0,0,0,0,0,0,0,0,,0,,,0,0,0,0,0,0,,0,35,35,396,1,0,0,0,0,21,28.5282642946113,0,0.0,0.157657657657658,,,0,45.6,80.6
2005,REG+POST,00-0021750,,Arlen Harris,RB,RB,,3,LA,0,0,0,0,0,0,0,0,0,0,0,0,,0,,,13,21,1,0,0,2,-4.76697266514095,0,4,4,34,0,0,0,0,0,1,3.45712005405221,1,0.0,0.108108108108108,,,0,13.5,17.5
2005,REG+POST,00-0021755,,Earnest Graham,RB,RB,,3,TB,0,0,0,0,0,0,0,0,0,0,0,0,,0,,,28,83,0,1,1,4,-7.76834004378179,0,0,0,0,0,0,0,0,0,0,,0,,,,,0,6.3,6.3
2005,REG+POST,00-0021756,,Will Heller,TE,TE,,1,MIA,0,0,0,0,0,0,0,0,0,0,0,0,,0,,,0,0,0,0,0,0,,0,1,1,1,1,0,0,0,0,1,0.749566163751297,0,0.0,0.0476190476190476,,,0,6.1,7.1
2005,REG+POST,00-0021780,,Aaron Moorehead,WR,WR,,2,IND,0,0,0,0,0,0,0,0,0,0,0,0,,0,,,0,0,0,0,0,0,,0,7,7,75,0,0,0,0,0,3,5.760477596079,0,0.0,0.132075471698113,,,0,7.5,14.5
2005,REG+POST,00-0021813,,Gabe Reid,TE,TE,,3,CHI,0,0,0,0,0,0,0,0,0,0,0,0,,0,,,0,0,0,0,0,0,,0,3,3,20,0,0,0,0,0,2,2.86680005211383,0,0.0,0.0652173913043478,,,0,2.0,5.0
2005,REG+POST,00-0021845,,Cecil Sapp,RB,RB,,3,DEN,0,0,0,0,0,0,0,0,0,0,0,0,,0,,,5,21,0,0,0,1,0.127766358113149,0,2,2,17,0,0,0,0,0,1,1.7121604369604,0,0.0,0.0625,,,0,3.8,5.8
2005,REG+POST,00-0021852,,Todd Devoe,WR,WR,,5,DEN,0,0,0,0,0,0,0,0,0,0,0,0,,0,,,0,0,0,0,0,0,,0,9,9,87,1,0,0,0,0,1,5.20526218367741,0,0.0,0.09375,,,0,14.7,23.7
2005,REG+POST,00-0021868,,Robert Johnson,TE,TE,,1,WAS,0,0,0,0,0,0,0,0,0,0,0,0,,0,,,0,0,0,0,0,0,,0,1,1,14,0,0,0,0,0,1,0.555707547289785,0,0.0,0.0588235294117647,,,0,1.4,2.4
2005,REG+POST,00-0021915,,Sam Aiken,WR,WR,,4,BUF,0,0,0,0,0,0,0,0,0,0,0,0,,0,,,0,0,0,0,0,0,,0,4,4,57,0,0,0,0,0,3,5.98735089320689,0,0.0,0.0740740740740741,,,0,5.7,9.7
2005,REG+POST,00-0021923,,Willie Ponder,WR,WR,,2,NYG,0,0,0,0,0,0,0,0,0,0,0,0,,0,,,1,4,0,0,0,0,-0.0666281543672085,0,0,0,0,0,0,0,0,0,0,,0,,,,,1,6.4,6.4
2005,REG+POST,00-0021927,,David Tyree,WR,WR,,1,NYG,0,0,0,0,0,0,0,0,0,0,0,0,,0,,,0,0,0,0,0,0,,0,5,5,52,1,1,1,0,0,2,1.48990868218243,0,0.0,0.208333333333333,,,0,9.2,14.2
2005,REG+POST,00-0021929,,Donald Lee,TE,TE,,13,GB,0,0,0,0,0,0,0,0,0,0,0,0,,0,,,0,0,0,0,0,0,,0,33,33,294,2,0,0,0,0,16,22.286954615789,0,0.0,0.106109324758842,,,0,41.4,74.4
2005,REG+POST,00-0021931,,Kevin Walter,WR,WR,,10,CIN,0,0,0,0,0,0,0,0,0,0,0,0,,0,,,0,0,0,0,0,0,,0,24,24,284,1,0,0,0,0,18,28.7048997107195,0,0.0,0.097165991902834,,,0,34.4,58.4
2005,REG+POST,00-0021936,,Andrew Pinnock,RB,RB,,1,LAC,0,0,0,0,0,0,0,0,0,0,0,0,,0,,,1,4,0,0,0,1,-0.0345843017566949,0,0,0,0,0,0,0,0,0,0,,0,,,,,0,0.4,0.4
2005,REG+POST,00-0021949,,Chris Johnson,DB,DB,,1,LA,0,0,0,0,0,0,0,0,0,0,0,0,,0,,,0,0,0,0,0,0,,0,0,0,0,0,0,0,0,0,0,,0,,,,,1,6.0,6.0
2005,REG+POST,00-0021976,,Larry Johnson,RB,RB,,16,KC,0,0,0,0,0,0,0,0,0,0,0,0,,0,,,336,1750,20,5,4,97,33.7967580208929,0,33,33,343,1,0,0,0,0,13,19.083776143592,0,0.0,0.1284046692607,,,0,327.3,360.3
2005,REG+POST,00-0021979,,Domanick Williams,RB,RB,,11,HOU,0,1,0,0,0,0,0,0,0,0,0,0,-0.401853160699829,0,,,230,976,2,1,1,39,-21.9394559407682,0,39,39,337,4,0,0,0,0,18,29.063097383565,0,0.0,0.225433526011561,,,0,165.3,204.3
2005,REG+POST,00-0021980,,George Wrighster,TE,TE,,7,JAX,0,0,0,0,0,0,0,0,0,0,0,0,,0,,,0,0,0,0,0,0,,0,13,13,120,2,0,0,0,0,5,10.1623850676115,0,0.0,0.108333333333333,,,0,24.0,37.0
2005,REG+POST,00-0021981,,Shaun McDonald,WR,WR,,14,LA,0,0,0,0,0,0,0,0,0,0,0,0,,0,,,1,7,0,0,0,1,0.428330198861659,0,46,46,523,0,0,0,0,0,29,39.797681675102,0,0.0,0.132183908045977,,,0,53.0,99.0
2005,REG+POST,00-0021982,,Justin Gage,WR,WR,,12,CHI,0,0,0,0,0,0,0,0,0,0,0,0,,0,,,0,0,0,0,0,0,,0,34,34,374,2,0,0,0,0,23,38.4109566441621,0,0.0,0.204819277108434,,,0,49.4,83.4
2005,REG+POST,00-0021993,,Bethel Johnson,WR,WR,,3,NE,0,0,0,0,0,0,0,0,0,0,0,0,,0,,,0,0,0,0,0,0,,0,4,4,67,1,0,0,0,0,1,6.07114282168914,0,0.0,0.0540540540540541,,,0,12.7,16.7
2005,REG+POST,00-0021999,,Nate Burleson,WR,WR,,11,MIN,0,0,0,0,0,0,0,0,0,0,0,0,,0,,,2,-6,0,0,0,0,-1.53456096397713,0,30,30,328,1,0,0,0,0,20,28.4675919443825,0,0.0,0.13953488372093,,,0,38.2,68.2
2005,REG+POST,00-0022001,,Kevin Curtis,WR,WR,,16,LA,0,0,0,0,0,0,0,0,0,0,0,0,,0,,,1,5,1,0,0,1,1.360684756306,0,61,61,822,6,2,1,0,0,36,58.0642536316094,0,0.0,0.155612244897959,,,0,122.7,183.7
2005,REG+POST,00-0022003,,B.J. Askew,FB,RB,,2,NYJ,0,0,0,0,0,0,0,0,0,0,0,0,,0,,,13,59,0,0,0,3,0.259287318593124,0,1,1,11,0,0,0,0,0,1,0.547701072413474,0,0.0,0.0357142857142857,,,0,7.0,8.0
2005,REG+POST,00-0022005,,Chris Simms,QB,QB,,12,TB,216,351,2233,10,9,31,235,5,4,0,0,118,-42.4257103713047,0,0.0,0.0292367308045113,23,42,1,1,0,3,1.92937978856711,0,1,1,-3,0,0,0,0,0,0,-1.16245638369583,0,0.0,0.0526315789473684,,,0,113.22,114.22
2005,REG+POST,00-0022006,,Artose Pinner,RB,RB,,13,DET,0,0,0,0,0,0,0,0,0,0,0,0,,0,,,106,349,3,0,0,21,-11.5122132012263,0,21,21,181,0,0,0,0,0,7,7.56882123020478,0,0.0,0.107142857142857,,,0,71.0,92.0
2005,REG+POST,00-0022008,,Terrence McGee,CB,DB,,1,BUF,0,0,0,0,0,0,0,0,0,0,0,0,,0,,,0,0,0,0,0,0,,0,0,0,0,0,0,0,0,0,0,,0,,,,,1,6.0,6.0
2005,REG+POST,00-0022011,,Justin Griffith,RB,RB,,14,ATL,0,0,0,0,0,0,0,0,0,0,0,0,,0,,,15,65,0,0,0,3,-0.327902357181301,0,21,21,111,3,1,1,0,0,7,2.83763216977241,0,0.0,0.107692307692308,,,0,33.6,54.6
2005,REG+POST,00-0022026,,Brooks Bollinger,QB,QB,,11,NYJ,150,266,1558,7,6,33,196,2,1,0,0,76,-49.5297477250076,0,0.0,0.0286230504145229,34,138,0,1,0,13,6.75440863055664,0,0,0,0,0,0,0,0,0,0,,0,,,,,0,90.12,90.12
2005,REG+POST,00-0022027,,Kliff Kingsbury,QB,QB,,1,NYJ,1,2,17,0,0,0,0,0,0,0,0,0,-2.29526694945525,0,0.0,,0,0,0,0,0,0,,0,0,0,0,0,0,0,0,0,0,,0,,,,,0,0.68,0.68
2005,REG+POST,00-0022039,,Ken Dorsey,QB,QB,,3,SF,48,90,481,2,2,6,28,2,1,0,0,22,-13.455993721474,1,0.0,0.0244310793616439,4,11,0,0,0,0,-3.2314636681502,0,0,0,0,0,0,0,0,0,0,,0,,,,,0,24.34,24.34
2005,REG+POST,00-0022041,,Richard Angulo,TE,TE,,1,MIN,0,0,0,0,0,0,0,0,0,0,0,0,,0,,,0,0,0,0,0,0,,0,1,1,11,0,0,0,0,0,1,2.09841058496386,0,0.0,0.04,,,0,1.1,2.1
2005,REG+POST,00-0022044,,Andre Johnson,WR,WR,,12,HOU,0,0,0,0,0,0,0,0,0,0,0,0,,0,,,6,10,0,1,1,1,-4.78670324163977,0,63,63,688,2,0,0,0,0,40,57.4506092171068,0,0.0,0.290322580645161,,,0,79.8,142.8
2005,REG+POST,00-0022045,T.Newman,Terence Newman,CB,DB,"https://static.www.nfl.com/image/private/f_auto,q_auto/league/aphgunfzg6ptehfuk8j1",1,DAL,0,0,0,0,0,0,0,0,0,0,0,0,,0,,,1,4,0,0,0,0,-0.0701398600358516,0,0,0,0,0,0,0,0,0,0,,0,,,,,0,0.4,0.4
2005,REG+POST,00-0022051,,Teyo Johnson,TE,TE,,2,ARI,0,0,0,0,0,0,0,0,0,0,0,0,,0,,,0,0,0,0,0,0,,0,3,3,29,0,0,0,0,0,0,1.84462694940157,0,0.0,0.0491803278688525,,,0,2.9,5.9
2005,REG+POST,00-0022054,,Visanthe Shiancoe,TE,TE,,6,NYG,0,0,0,0,0,0,0,0,0,0,0,0,,0,,,0,0,0,0,0,0,,0,9,9,95,0,0,0,0,0,5,5.46466092852643,0,0.0,0.0789473684210526,,,0,9.5,18.5
2005,REG+POST,00-0022055,,Seneca Wallace,QB,QB,,6,SEA,13,25,173,1,1,3,20,0,0,0,0,10,-2.52605412077385,0,0.0,0.023942488478255,6,-5,0,2,0,0,-8.64492687419988,0,1,1,28,0,0,0,0,0,1,1.71062153589446,0,0.0,0.05,,,0,11.22,12.22
2005,REG+POST,00-0022057,,LaBrandon Toefield,RB,RB,,6,JAX,0,0,0,0,0,0,0,0,0,0,0,0,,0,,,36,142,4,0,0,7,0.967401599347957,0,3,3,17,0,0,0,0,0,1,0.323510685469955,0,0.0,0.09375,,,0,39.9,42.9
2005,REG+POST,00-0022064,,Arnaz Battle,WR,WR,,8,SF,2,2,27,0,0,0,0,0,0,0,0,1,0.99364528642036,0,0.0,,8,11,0,0,0,2,-2.79928922938416,0,32,32,363,3,1,1,0,0,20,27.0866025669384,0,0.0,0.25,,,0,54.48,86.48
2005,REG+POST,00-0022072,,Charles Rogers,WR,WR,,7,DET,0,0,0,0,0,0,0,0,0,0,0,0,,0,,,0,0,0,0,0,0,,0,14,14,197,1,0,0,0,0,11,15.6068857901264,0,0.0,0.104477611940299,,,0,25.7,39.7
2005,REG+POST,00-0022084,,Anquan Boldin,WR,WR,"https://static.www.nfl.com/image/private/f_auto,q_auto/league/ajabgwxbliupgkwjbnut",14,ARI,0,1,0,0,0,0,0,0,0,0,0,0,-0.834191313944757,0,,,12,45,0,0,0,2,-1.40254052245291,0,102,102,1398,7,2,1,0,0,68,115.085109354675,1,0.0,0.292263610315186,,,0,186.3,288.3
2005,REG+POST,00-0022087,,Tyrone Calico,WR,WR,,11,TEN,0,0,0,0,0,0,0,0,0,0,0,0,,0,,,0,0,0,0,0,0,,0,22,22,191,0,1,1,0,0,11,9.98214950734362,0,0.0,0.0866141732283465,,,0,17.1,39.1
2005,REG+POST,00-0022089,,Vince Manuwai,G,OL,,1,JAX,0,0,0,0,0,0,0,0,0,0,0,0,,0,,,0,0,0,0,0,0,,0,1,1,-1,0,0,0,0,0,0,-0.716845205519348,0,0.0,0.0454545454545455,,,0,-0.1,0.9
2005,REG+POST,00-0022092,,Chris Brown,RB,RB,,15,TEN,0,0,0,0,0,0,0,0,0,0,0,0,,0,,,224,851,5,3,2,37,-32.7570816963984,0,25,25,327,2,1,1,0,16,14,14.9032579143608,0,0.0,0.1,,,0,153.8,178.8
2005,REG+POST,00-0022093,,Justin Fargas,RB,RB,,4,LV,0,0,0,0,0,0,0,0,0,0,0,0,,0,,,5,28,0,0,0,2,-0.993204092053929,0,1,1,9,0,0,0,0,0,0,0.46179602277698,0,0.0,0.0588235294117647,,,0,3.7,4.7
2005,REG+POST,00-0022097,,Brandon Lloyd,WR,WR,,15,SF,0,0,0,0,0,0,0,0,0,0,0,0,,0,,,0,0,0,0,0,0,,0,48,48,733,5,1,1,0,0,34,65.5258559113886,0,0.0,0.246153846153846,,,0,101.3,149.3
2005,REG+POST,00-0022100,,Donnie Nickey,FS,DB,,1,TEN,0,0,0,0,0,0,0,0,0,0,0,0,,0,,,0,0,0,0,0,0,,0,1,1,26,0,0,0,0,0,1,3.72803585510701,0,0.0,0.0416666666666667,,,0,2.6,3.6
2005,REG+POST,00-0022102,,Doug Gabriel,WR,WR,,12,LV,0,0,0,0,0,0,0,0,0,0,0,0,,0,,,1,5,0,0,0,0,0.111094359308481,0,37,37,554,3,0,0,0,0,31,57.4948767802562,0,0.0,0.149797570850202,,,0,73.9,110.9
2005,REG+POST,00-0022110,,Trent Smith,TE,TE,,2,SF,0,0,0,0,0,0,0,0,0,0,0,0,,0,,,0,0,0,0,0,0,,0,3,3,7,0,0,0,0,0,0,-0.241955032106489,0,0.0,0.103448275862069,,,0,0.7,3.7
2005,REG+POST,00-0022121,,Rex Grossman,QB,QB,,3,CHI,37,80,451,2,3,2,16,0,0,0,0,25,1.7450036630866,0,0.0,0.0637807898384916,1,5,0,0,0,0,0.0043228571303188,0,0,0,0,0,0,0,0,0,0,,0,,,,,0,20.54,20.54
2005,REG+POST,00-0022124,,Taylor Jacobs,WR,WR,,7,WAS,0,0,0,0,0,0,0,0,0,0,0,0,,0,,,0,0,0,0,0,0,,0,14,14,119,0,0,0,0,0,5,7.79090908431681,0,0.0,0.117647058823529,,,0,11.9,25.9
2005,REG+POST,00-0022126,,L.J. Smith,TE,TE,,16,PHI,0,0,0,0,0,0,0,0,0,0,0,0,,0,,,0,0,0,0,0,0,,0,61,61,682,3,1,1,0,0,36,50.8261405969563,0,0.0,0.181008902077151,,,0,84.2,145.2
2005,REG+POST,00-0022127,J.Witten,Jason Witten,TE,TE,"https://static.www.nfl.com/image/private/f_auto,q_auto/league/r7uafhtwuexuaty0nhsc",16,DAL,0,0,0,0,0,0,0,0,0,0,0,0,,0,,,0,0,0,0,0,0,,0,66,66,757,6,0,0,0,0,40,64.231619782543,0,0.0,0.22,,,0,111.7,177.7
2005,REG+POST,00-0022130,,Musa Smith,RB,RB,,1,BAL,0,0,0,0,0,0,0,0,0,0,0,0,,0,,,0,0,0,0,0,0,,0,3,3,5,0,0,0,0,0,0,-4.30196434160462,0,0.0,0.157894736842105,,,0,0.5,3.5
2005,REG+POST,00-0022135,,Billy McMullen,WR,WR,,10,PHI,0,0,0,0,0,0,0,0,0,0,0,0,,0,,,0,0,0,0,0,0,,0,18,18,268,1,1,1,0,0,13,20.4142632048596,0,0.0,0.0878048780487805,,,0,30.8,48.8
2005,REG+POST,00-0022141,,Jeremi Johnson,FB,RB,,11,CIN,0,0,0,0,0,0,0,0,0,0,0,0,,0,,,8,14,0,1,0,1,-3.04542060405947,0,12,12,65,3,1,0,0,0,3,3.00366232648958,0,0.0,0.0530973451327434,,,0,25.9,37.9
2005,REG+POST,00-0022143,,Ovie Mughelli,FB,RB,,3,BAL,0,0,0,0,0,0,0,0,0,0,0,0,,0,,,0,0,0,0,0,0,,0,3,3,13,0,1,1,0,0,0,-4.94901271222625,0,0.0,0.0508474576271187,,,0,-0.7,2.3
2005,REG+POST,00-0022144,,Bobby Wade,WR,WR,,9,TEN,0,0,0,0,0,0,0,0,0,0,0,0,,0,,,1,1,0,0,0,0,-0.44844145514071,0,14,14,120,0,1,1,0,0,4,-0.70604286274403,0,0.0,0.106870229007634,,,1,16.1,30.1
2005,REG+POST,00-0022156,,Bryant Johnson,WR,WR,,14,ARI,0,0,0,0,0,0,0,0,0,0,0,0,,0,,,1,0,0,0,0,0,-0.481021141866222,0,40,40,432,1,0,0,0,0,25,32.3168205363327,0,0.0,0.110192837465565,,,0,49.2,89.2
2005,REG+POST,00-0022157,,Jeff Faine,C,OL,,1,CLE,0,0,0,0,0,0,0,0,0,0,0,0,,0,,,0,0,0,0,0,0,,0,1,1,-1,0,0,0,0,0,0,-1.71617794526394,0,0.0,0.0384615384615385,,,0,-0.1,0.9
2005,REG+POST,00-0022164,,Kyle Boller,QB,QB,,9,BAL,171,293,1799,11,12,23,146,6,1,0,0,86,-11.6262649829172,0,0.0,0.040490122563793,23,66,1,1,1,7,-5.18846385763027,0,0,0,0,0,0,0,0,0,0,,0,,,,,0,100.56,100.56
2005,REG+POST,00-0022165,,Dallas Clark,TE,TE,,15,IND,0,0,0,0,0,0,0,0,0,0,0,0,,0,,,0,0,0,0,0,0,,0,41,41,572,5,0,0,0,0,27,48.9501460479805,0,0.0,0.125382262996942,,,0,87.2,128.2
2005,REG+POST,00-0022171,,Kelley Washington,WR,WR,,5,CIN,0,0,0,0,0,0,0,0,0,0,0,0,,0,,,0,0,0,0,0,0,,0,10,10,101,1,0,0,0,0,7,8.89620885750628,0,0.0,0.078740157480315,,,0,16.1,26.1
2005,REG+POST,00-0022177,,Byron Leftwich,QB,QB,,12,JAX,193,333,2302,15,6,27,140,7,3,0,0,112,19.2827385005476,0,0.0,0.085059953273377,34,93,2,1,0,8,1.08145190787036,0,0,0,0,0,0,0,0,0,0,,0,,,,,0,155.38,155.38
2005,REG+POST,00-0022178,,Willis McGahee,RB,RB,,16,BUF,0,0,0,0,0,0,0,0,0,0,0,0,,0,,,325,1247,5,1,1,71,-21.094415396022,0,28,28,178,0,0,0,0,0,10,5.65697615791578,0,0.0,0.121212121212121,,,0,170.5,198.5
2005,REG+POST,00-0022180,,Lee Suggs,RB,RB,,5,CLE,0,0,0,0,0,0,0,0,0,0,0,0,,0,,,8,15,0,0,0,1,-2.28114313352853,0,6,6,26,0,0,0,0,0,0,-1.54951792373322,0,0.0,0.0740740740740741,,,0,4.1,10.1
2005,REG+POST,00-0022215,,Tim Euhus,TE,TE,,2,BUF,0,0,0,0,0,0,0,0,0,0,0,0,,0,,,0,0,0,0,0,0,,0,3,3,17,0,0,0,0,0,1,0.791662709962111,0,0.0,0.0882352941176471,,,0,1.7,4.7
2005,REG+POST,00-0022216,,Nathan Vasher,DB,DB,,1,CHI,0,0,0,0,0,0,0,0,0,0,0,0,,0,,,0,0,0,0,0,0,,0,0,0,0,0,0,0,0,0,0,,0,,,,,1,6.0,6.0
2005,REG+POST,00-0022217,,Mewelde Moore,RB,RB,,15,MIN,0,0,0,0,0,0,0,0,0,0,0,0,,0,,,155,662,1,1,1,32,-6.92370605497323,0,37,37,339,2,0,0,0,0,16,16.1170888412162,0,0.0,0.139097744360902,,,1,122.1,159.1
2005,REG+POST,00-0022219,,Matt Kranchick,TE,TE,,1,PIT,0,0,0,0,0,0,0,0,0,0,0,0,,0,,,0,0,0,0,0,0,,0,1,1,6,0,0,0,0,0,0,0.0271303042536601,0,0.0,0.0555555555555556,,,0,0.6,1.6
2005,REG+POST,00-0022232,,Brian Jones,TE,TE,,2,JAX,0,0,0,0,0,0,0,0,0,0,0,0,,0,,,0,0,0,0,0,0,,0,3,3,49,0,0,0,0,0,1,1.96353657345753,0,0.0,0.09375,,,0,4.9,7.9
2005,REG+POST,00-0022250,,Willie Parker,RB,RB,,19,PIT,0,0,0,0,0,0,0,0,0,0,0,0,,0,,,312,1427,5,5,0,54,-7.87135298529756,0,28,28,299,2,0,0,0,0,11,21.2538920993102,0,0.0,0.126696832579186,,,0,214.6,242.6
2005,REG+POST,00-0022255,,Jarrett Payton,RB,RB,,9,TEN,0,0,0,0,0,0,0,0,0,0,0,0,,0,,,33,105,2,0,0,7,-7.35310183092952,0,6,6,30,0,0,0,0,0,0,-0.679514937917702,0,0.0,0.0545454545454545,,,0,25.5,31.5
2005,REG+POST,00-0022288,,Jason Wright,RB,RB,,2,CLE,0,0,0,0,0,0,0,0,0,0,0,0,,0,,,11,27,1,0,0,1,-2.63000037602615,0,3,3,15,0,0,0,0,0,1,-0.0292347614304163,0,0.0,0.166666666666667,,,0,10.2,13.2
2005,REG+POST,00-0022385,,Eric Edwards,TE,TE,,7,ARI,0,0,0,0,0,0,0,0,0,0,0,0,,0,,,0,0,0,0,0,0,,0,12,12,133,1,0,0,0,0,5,7.50986487144837,0,0.0,0.0588235294117647,,,0,19.3,31.3
2005,REG+POST,00-0022388,,Terrance Copper,WR,WR,,1,DAL,0,0,0,0,0,0,0,0,0,0,0,0,,0,,,0,0,0,0,0,0,,0,1,1,5,0,0,0,0,0,1,0.433775471639819,0,0.0,0.0344827586206897,,,0,0.5,1.5
2005,REG+POST,00-0022397,,Vonta Leach,FB,RB,,4,GB,0,0,0,0,0,0,0,0,0,0,0,0,,0,,,0,0,0,0,0,0,,0,5,5,19,0,0,0,0,0,0,-0.901049176522065,0,0.0,0.0454545454545455,,,0,1.9,6.9
2005,REG+POST,00-0022405,,Lousaka Polite,FB,RB,,9,DAL,0,0,0,0,0,0,0,0,0,0,0,0,,0,,,2,8,0,0,0,1,0.732017079368234,0,9,9,72,1,0,0,0,0,3,7.59131549260928,0,0.0,0.0652173913043478,,,0,14.0,23.0
2005,REG+POST,00-0022427,,Wes Welker,WR,WR,"https://static.www.nfl.com/image/private/f_auto,q_auto/league/rgjwexzif36vncjfdwap",14,MIA,0,0,0,0,0,0,0,0,0,0,0,0,,0,,,1,5,0,0,0,0,0.118910158751532,0,29,29,434,0,0,0,0,0,20,39.4685608592699,0,0.0,0.116465863453815,,,0,43.9,72.9
2005,REG+POST,00-0022431,,Ran Carthon,RB,RB,,3,IND,0,0,0,0,0,0,0,0,0,0,0,0,,0,,,13,18,1,0,0,3,-3.53063001233891,0,1,1,10,0,0,0,0,0,1,1.33650165854488,0,0.0,0.05,,,0,8.8,9.8
2005,REG+POST,00-0022447,,Brett Pierce,TE,TE,,2,DAL,0,0,0,0,0,0,0,0,0,0,0,0,,0,,,0,0,0,0,0,0,,0,2,2,15,0,0,0,0,0,1,0.734068093355745,0,0.0,0.05,,,0,1.5,3.5
2005,REG+POST,00-0022484,,J.P. Foschi,TE,TE,,4,LV,0,0,0,0,0,0,0,0,0,0,0,0,,0,,,0,0,0,0,0,0,,0,6,6,37,0,0,0,0,0,2,1.66963060974376,0,0.0,0.0810810810810811,,,0,3.7,9.7
2005,REG+POST,00-0022531,J.Peters,Jason Peters,T,OL,"https://static.www.nfl.com/image/upload/f_auto,q_auto/league/xcsyqvrlrpe6s3d0rodq",2,BUF,0,0,0,0,0,0,0,0,0,0,0,0,,0,,,0,0,0,0,0,0,,0,2,2,5,1,0,0,0,0,1,1.26146101893391,0,0.0,0.0571428571428571,,,0,6.5,8.5
2005,REG+POST,00-0022538,,Shaud Williams,RB,RB,,14,BUF,0,0,0,0,0,0,0,0,0,0,0,0,,0,,,45,161,0,0,0,7,-12.2884458363876,0,17,17,118,0,0,0,0,2,5,1.31648222164079,0,0.0,0.0949720670391061,,,0,27.9,44.9
2005,REG+POST,00-0022555,,Ben Utecht,TE,TE,,2,IND,0,0,0,0,0,0,0,0,0,0,0,0,,0,,,0,0,0,0,0,0,,0,3,3,59,2,0,0,0,0,3,7.86416169384029,0,0.0,0.0697674418604651,,,0,17.9,20.9
2005,REG+POST,00-0022564,,Ronnie Cruz,RB,RB,,1,KC,0,0,0,0,0,0,0,0,0,0,0,0,,0,,,0,0,0,0,0,0,,0,1,1,15,0,0,0,0,0,1,1.0073201325722,0,0.0,0.0666666666666667,,,0,1.5,2.5
2005,REG+POST,00-0022582,,Richard Owens,TE,TE,,1,MIN,0,0,0,0,0,0,0,0,0,0,0,0,,0,,,0,0,0,0,0,0,,0,2,2,18,0,0,0,0,0,1,1.45031857560389,0,0.0,0.0952380952380952,,,0,1.8,3.8
2005,REG+POST,00-0022589,,Kyle Larson,P,SPEC,,1,CIN,0,0,0,0,0,0,0,0,0,0,0,0,,0,,,1,0,0,0,0,0,-3.63306223589461,0,0,0,0,0,0,0,0,0,0,,0,,,,,0,0.0,0.0
2005,REG+POST,00-0022613,,Glenn Martinez,WR,WR,,1,DET,0,0,0,0,0,0,0,0,0,0,0,0,,0,,,0,0,0,0,0,0,,0,1,1,11,0,0,0,0,0,0,0.180922553408891,0,0.0,0.0434782608695652,,,0,1.1,2.1
2005,REG+POST,00-0022621,,Andrae Thurman,WR,WR,,4,GB,0,0,0,0,0,0,0,0,0,0,0,0,,0,,,0,0,0,0,0,0,,0,7,7,92,0,0,0,0,0,5,6.09371382744571,0,0.0,0.0714285714285714,,,0,9.2,16.2
2005,REG+POST,00-0022664,,Jonathan Smith,WR,WR,,4,BUF,0,0,0,0,0,0,0,0,0,0,0,0,,0,,,1,1,0,0,0,0,-1.60498265877791,0,5,5,56,1,0,0,0,0,3,6.7656841121467,0,0.0,0.087719298245614,,,0,11.7,16.7
2005,REG+POST,00-0022684,D.Jones,Donnie Jones,P,SPEC,"https://static.www.nfl.com/image/private/f_auto,q_auto/league/qds7simibz6lt6ckf5yo",1,MIA,0,0,0,0,0,0,0,0,0,0,0,0,,0,,,1,0,0,0,0,0,-2.36292827618308,0,0,0,0,0,0,0,0,0,0,,0,,,,,0,0.0,0.0
2005,REG+POST,00-0022701,,D.J. Hackett,WR,WR,,9,SEA,0,0,0,0,0,0,0,0,0,0,0,0,,0,,,0,0,0,0,0,0,,0,28,28,400,2,0,0,0,0,17,34.2747616621123,0,0.0,0.16374269005848,,,0,52.0,80.0
2005,REG+POST,00-0022704,,Courtney Anderson,TE,TE,,10,LV,0,0,0,0,0,0,0,0,0,0,0,0,,0,,,0,0,0,0,0,0,,0,24,24,303,3,1,0,0,0,19,30.5979593930533,0,0.0,0.118811881188119,,,0,48.3,72.3
2005,REG+POST,00-0022706,,Michael Gaines,TE,TE,,7,CAR,0,0,0,0,0,0,0,0,0,0,0,0,,0,,,0,0,0,0,0,0,,0,12,12,155,2,0,0,0,0,8,13.2996392434579,0,0.0,0.0967741935483871,,,0,27.5,39.5
2005,REG+POST,00-0022707,,Demorrio Williams,ILB,LB,,1,ATL,0,0,0,0,0,0,0,0,0,0,0,0,,0,,,0,0,0,0,0,0,,0,0,0,0,0,0,0,0,0,0,,0,,,,,1,6.0,6.0
2005,REG+POST,00-0022711,,Brandon Chillar,ILB,LB,,1,LA,0,0,0,0,0,0,0,0,0,0,0,0,,0,,,0,0,0,0,0,0,,0,0,0,0,0,0,0,0,0,0,,0,,,,,1,6.0,6.0
2005,REG+POST,00-0022714,,Kris Wilson,TE,TE,,4,KC,0,0,0,0,0,0,0,0,0,0,0,0,,0,,,1,6,0,0,0,0,-0.0137597587890923,0,3,3,33,0,0,0,0,0,3,3.25598835392157,0,0.0,0.0517241379310345,,,0,3.9,6.9
2005,REG+POST,00-0022725,,Michael Clayton,WR,WR,,11,TB,0,0,0,0,0,0,0,0,0,0,0,0,,0,,,1,2,0,0,0,0,-0.476750742818695,0,32,32,372,0,1,0,0,0,18,31.6732423870092,0,0.0,0.146788990825688,,,0,37.4,69.4
2005,REG+POST,00-0022726,,Keary Colbert,WR,WR,,12,CAR,0,0,0,0,0,0,0,0,0,0,0,0,,0,,,1,6,0,0,0,0,0.105881245457567,0,28,28,322,2,1,1,0,0,16,23.8417004074145,0,0.0,0.132701421800948,,,0,42.8,70.8
2005,REG+POST,00-0022731,,Cody Pickett,QB,QB,,3,SF,14,35,140,0,2,3,16,0,0,0,0,4,-17.6327160285274,0,0.0,0.0292978225393016,13,42,0,3,0,4,-0.14782302688463,0,0,0,0,0,0,0,0,0,0,,0,,,,,0,5.8,5.8
2005,REG+POST,00-0022733,,Bruce Perry,RB,RB,,2,PHI,0,0,0,0,0,0,0,0,0,0,0,0,,0,,,16,74,0,0,0,3,0.125317953934427,0,0,0,0,0,0,0,0,0,0,,0,,,,,0,7.4,7.4
2005,REG+POST,00-0022736,,Steven Jackson,RB,RB,"https://static.www.nfl.com/image/private/f_auto,q_auto/league/abl5wejuf448xw3jtphm",15,LA,0,0,0,0,0,0,0,0,0,0,0,0,,0,,,254,1046,8,3,3,50,-31.3900179682552,0,43,43,320,2,0,0,0,0,12,18.9894363025669,0,0.0,0.130699088145897,,,0,190.6,233.6
2005,REG+POST,00-0022738,,Chris Cooley,TE,TE,,18,WAS,0,0,0,0,0,0,0,0,0,0,0,0,,0,,,0,0,0,0,0,0,,0,77,77,871,7,4,1,0,0,47,70.5043435387665,0,0.0,0.250814332247557,,,0,127.1,204.1
2005,REG+POST,00-0022744,,Jim Sorgi,QB,QB,,5,IND,43,62,444,3,1,3,14,1,1,0,0,20,4.1200292681976,0,0.0,0.090609011801252,12,1,0,0,0,1,-4.8700555038522,0,0,0,0,0,0,0,0,0,0,,0,,,,,0,25.86,25.86
2005,REG+POST,00-0022751,,Darius Watts,WR,WR,,2,DEN,0,0,0,0,0,0,0,0,0,0,0,0,,0,,,0,0,0,0,0,0,,0,2,2,22,0,0,0,0,0,2,1.16845807619393,0,0.0,0.0555555555555556,,,0,2.2,4.2
2005,REG+POST,00-0022754,,Samie Parker,WR,WR,,11,KC,0,0,0,0,0,0,0,0,0,0,0,0,,0,,,0,0,0,0,0,0,,0,36,36,533,3,2,2,0,0,28,43.2054740304884,0,0.0,0.178217821782178,,,0,67.3,103.3
2005,REG+POST,00-0022766,,Patrick Crayton,WR,WR,,8,DAL,0,0,0,0,0,0,0,0,0,0,0,0,,0,,,1,0,0,0,0,0,-2.72052090405487,0,22,22,341,2,1,0,0,0,15,36.8781182094535,0,0.0,0.139240506329114,,,0,46.1,68.1
2005,REG+POST,00-0022768,,Matt Mauck,QB,QB,,2,TEN,15,27,136,0,1,1,8,0,0,0,0,5,-11.0496184649528,0,0.0,0.0346074462204666,7,39,0,1,1,2,-2.3117365425569,0,0,0,0,0,0,0,0,0,0,,0,,,,,0,5.34,5.34
2005,REG+POST,00-0022770,,Derrick Ward,RB,RB,,10,NYG,0,0,0,0,0,0,0,0,0,0,0,0,,0,,,35,123,0,0,0,7,-5.17355878136004,0,2,2,13,0,0,0,0,0,0,1.76710334978998,0,0.0,0.0689655172413793,,,0,13.6,15.6
2005,REG+POST,00-0022774,,Bradlee Van Pelt,QB,QB,,2,DEN,2,8,7,0,0,0,0,0,0,0,0,0,-6.11810791195603,0,0.0,0.104162338690902,11,48,1,0,0,5,9.18837250507204,0,0,0,0,0,0,0,0,0,0,,0,,,,,0,11.08,11.08
2005,REG+POST,00-0022781,,Michael Jenkins,WR,WR,,13,ATL,0,0,0,0,0,0,0,0,0,0,0,0,,0,,,0,0,0,0,0,0,,0,36,36,508,3,0,0,0,0,27,46.8468127047818,0,0.0,0.186528497409326,,,0,68.8,104.8
2005,REG+POST,00-0022782,,Kevin Jones,RB,RB,,13,DET,0,0,0,0,0,0,0,0,0,0,0,0,,0,,,186,664,5,2,0,25,-11.90935993733,0,20,20,109,0,0,0,0,0,3,0.704476062790491,0,0.0,0.102564102564103,,,0,107.3,127.3
2005,REG+POST,00-0022786,,Matt Ware,DB,DB,,1,PHI,0,0,0,0,0,0,0,0,0,0,0,0,,0,,,0,0,0,0,0,0,,0,0,0,0,0,0,0,0,0,0,,0,,,,,1,6.0,6.0
2005,REG+POST,00-0022787,M.Schaub,Matt Schaub,QB,QB,"https://static.www.nfl.com/image/private/f_auto,q_auto/league/mj2kh2nddxnw04ludcx0",7,ATL,33,64,495,4,0,6,27,1,1,0,0,23,-2.5874704580412,3,0.0,0.0547842647693387,9,76,0,0,0,5,0.474983063468244,0,0,0,0,0,0,0,0,0,0,,0,,,,,0,47.4,47.4
2005,REG+POST,00-0022796,,Mike Karney,FB,RB,,10,NO,0,0,0,0,0,0,0,0,0,0,0,0,,0,,,6,12,0,0,0,2,-1.13032295921585,0,10,10,61,0,0,0,0,0,2,1.80419354850892,0,0.0,0.0613496932515337,,,0,7.3,17.3
2005,REG+POST,00-0022803,E.Manning,Eli Manning,QB,QB,"https://static.www.nfl.com/image/private/f_auto,q_auto/league/w51tf8uedjftbr4qpaex",17,NYG,304,576,3875,24,20,31,206,8,3,0,0,178,26.2561940827254,1,0.0,0.0802244880926463,30,80,1,2,0,6,2.41072921780869,0,0,0,0,0,0,0,0,0,0,,0,,,,,0,221.0,221.0
2005,REG+POST,00-0022807,,Bernard Berrian,WR,WR,,8,CHI,0,0,0,0,0,0,0,0,0,0,0,0,,0,,,2,31,0,0,0,1,1.64691582397791,0,18,18,314,0,0,0,0,0,12,24.5926838181913,0,0.0,0.169811320754717,,,0,34.5,52.5
2005,REG+POST,00-0022811,,Jerricho Cotchery,WR,WR,"https://static.www.nfl.com/image/private/f_auto,q_auto/league/hkq2dmfj7mbgbuejiloy",10,NYJ,0,0,0,0,0,0,0,0,0,0,0,0,,0,,,1,4,0,0,0,0,-0.22730424546171,0,19,19,251,0,0,0,0,0,13,23.1937445961694,0,0.0,0.113095238095238,,,0,25.5,44.5
2005,REG+POST,00-0022821,,Michael Turner,RB,RB,,11,LAC,0,0,0,0,0,0,0,0,0,0,0,0,,0,,,57,335,3,0,0,11,9.4752458325901,0,0,0,0,0,0,0,0,0,0,,0,,,,,0,51.5,51.5
2005,REG+POST,00-0022825,,Troy Fleming,RB,RB,,8,TEN,0,0,0,0,0,0,0,0,0,0,0,0,,0,,,0,0,0,0,0,0,,0,10,10,69,1,0,0,0,0,4,0.617385548521714,0,0.0,0.0591715976331361,,,0,12.9,22.9
2005,REG+POST,00-0022826,,Clarence Moore,WR,WR,,2,BAL,0,0,0,0,0,0,0,0,0,0,0,0,,0,,,0,0,0,0,0,0,,0,3,3,59,0,0,0,0,0,3,4.36454632785171,0,0.0,0.0555555555555556,,,0,5.9,8.9
2005,REG+POST,00-0022827,,John Navarre,QB,QB,,1,ARI,14,24,174,1,1,4,27,1,0,0,0,6,-7.80006393652819,0,0.0,0.0276112562998042,0,0,0,0,0,0,,0,0,0,0,0,0,0,0,0,0,,0,,,,,0,8.96,8.96
2005,REG+POST,00-0022840,,Julius Jones,RB,RB,,13,DAL,0,0,0,0,0,0,0,0,0,0,0,0,,0,,,257,993,5,3,2,47,-29.318609093387,0,35,35,218,0,0,0,0,0,10,4.84695681763697,0,0.0,0.178571428571429,,,0,147.1,182.1
2005,REG+POST,00-0022847,,Ben Hartsock,TE,TE,,1,IND,0,0,0,0,0,0,0,0,0,0,0,0,,0,,,0,0,0,0,0,0,,0,2,2,8,0,0,0,0,0,1,-0.390604265732691,0,0.0,0.0909090909090909,,,0,0.8,2.8
2005,REG+POST,00-0022857,,B.J. Sander,P,SPEC,,2,GB,1,1,4,0,0,0,0,0,0,0,0,0,-2.73355862032622,0,0.0,,1,-11,0,1,0,0,-3.62341955781449,0,0,0,0,0,0,0,0,0,0,,0,,,,,0,-0.94,-0.94
2005,REG+POST,00-0022879,,Drew Carter,WR,WR,,4,CAR,0,0,0,0,0,0,0,0,0,0,0,0,,0,,,0,0,0,0,0,0,,0,9,9,234,2,0,0,0,0,8,22.9968514558859,0,0.0,0.136363636363636,,,0,35.4,44.4
2005,REG+POST,00-0022889,,Reggie Williams,WR,WR,,12,JAX,0,0,0,0,0,0,0,0,0,0,0,0,,0,,,2,3,0,0,0,1,-0.53163858957123,0,39,39,501,0,2,1,0,0,25,34.4104867071216,0,0.0,0.172566371681416,,,0,48.4,87.4
2005,REG+POST,00-0022893,,Tatum Bell,RB,RB,,16,DEN,0,0,0,0,0,0,0,0,0,0,0,0,,0,,,184,971,8,3,1,44,13.5726285818248,0,23,23,132,0,0,0,0,0,5,0.130670045178233,0,0.0,0.107476635514019,,,0,156.3,179.3
2005,REG+POST,00-0022897,,Greg Jones,RB,RB,,15,JAX,0,0,0,0,0,0,0,0,0,0,0,0,,0,,,153,590,4,0,0,32,-16.6963094898383,0,10,10,65,0,0,0,0,0,3,3.63001991645433,0,0.0,0.065359477124183,,,0,89.5,99.5
2005,REG+POST,00-0022901,,Ernest Wilford,WR,WR,,17,JAX,0,0,0,0,0,0,0,0,0,0,0,0,,0,,,0,0,0,0,0,0,,0,45,45,734,7,0,0,0,0,39,74.6585513458704,0,0.0,0.148026315789474,,,0,115.4,160.4
2005,REG+POST,00-0022909,,Roy Williams,WR,WR,,12,DET,0,0,0,0,0,0,0,0,0,0,0,0,,0,,,0,0,0,0,0,0,,0,45,45,687,8,0,0,0,0,31,60.5089467719647,0,0.0,0.216346153846154,,,0,116.7,161.7
2005,REG+POST,00-0022910,,Lee Evans,WR,WR,,16,BUF,0,0,0,0,0,0,0,0,0,0,0,0,,0,,,4,38,0,0,0,2,2.00367735605687,0,49,49,743,7,0,0,0,0,29,69.7068166621029,0,0.0,0.181481481481482,,,0,120.1,169.1
2005,REG+POST,00-0022912,,J.P. Losman,QB,QB,,9,BUF,114,228,1340,8,8,25,195,5,2,0,0,55,-46.8496544046815,0,0.0,0.0251535337778455,32,152,0,2,1,10,-2.59292401964194,0,0,0,0,0,0,0,0,0,0,,0,,,,,0,78.8,78.8
2005,REG+POST,00-0022916,,Ben Troupe,TE,TE,,13,TEN,0,0,0,0,0,0,0,0,0,0,0,0,,0,,,0,0,0,0,0,0,,0,55,55,530,4,2,0,0,0,31,44.0715956420754,0,0.0,0.182724252491694,,,0,77.0,132.0
2005,REG+POST,00-0022921,L.Fitzgerald,Larry Fitzgerald,WR,WR,"https://static.www.nfl.com/image/private/f_auto,q_auto/league/ycgjjaad5un42gy4pnga",16,ARI,0,0,0,0,0,0,0,0,0,0,0,0,,0,,,8,41,0,0,0,3,1.07717722834786,0,103,103,1409,10,0,0,0,0,67,122.048941459569,0,0.0,0.24582338902148,,,0,205.0,308.0
2005,REG+POST,00-0022924,B.Roethlisberger,Ben Roethlisberger,QB,QB,"https://static.www.nfl.com/image/private/f_auto,q_auto/league/vziogpnyp9d0xtpiuqhr",16,PIT,226,361,3188,24,12,29,164,1,1,0,0,149,111.796459962896,0,0.0,0.167362481431515,50,106,5,1,0,15,10.3706345296105,0,0,0,0,0,0,0,0,0,0,,0,,,,,0,238.12,238.12
2005,REG+POST,00-0022926,,Chris Perry,RB,RB,,15,CIN,0,0,0,0,0,0,0,0,0,0,0,0,,0,,,63,282,0,0,0,15,-0.835685904762876,0,57,57,339,2,2,1,0,0,17,8.59419674077071,0,0.0,0.17981072555205,,,0,72.1,129.1
2005,REG+POST,00-0022929,,Devery Henderson,WR,WR,,11,NO,0,0,0,0,0,0,0,0,0,0,0,0,,0,,,1,9,0,0,0,0,0.836121411528438,0,22,22,343,3,0,0,0,0,16,33.3835890613264,0,0.0,0.10377358490566,,,0,53.2,75.2
2005,REG+POST,00-0022942,P.Rivers,Philip Rivers,QB,QB,"https://static.www.nfl.com/image/private/f_auto,q_auto/league/voakyrtj34sghkwxaxxf",2,LAC,12,22,115,0,1,3,16,2,0,0,0,6,-8.73423772450769,0,0.0,0.0321207850507337,1,-1,0,0,0,0,0.0382935418456327,0,0,0,0,0,0,0,0,0,0,,0,,,,,0,2.5,2.5
2005,REG+POST,00-0022943,B.Watson,Benjamin Watson,TE,TE,"https://static.www.nfl.com/image/private/f_auto,q_auto/league/dorymozpdnrllkqlfzpu",15,NE,0,0,0,0,0,0,0,0,0,0,0,0,,0,,,0,0,0,0,0,0,,0,34,34,532,5,2,1,0,0,26,55.446167231712,0,0.0,0.102102102102102,,,0,81.2,115.2
2005,REG+POST,00-0022951,,Donovan Morgan,WR,WR,,2,HOU,0,0,0,0,0,0,0,0,0,0,0,0,,0,,,0,0,0,0,0,0,,0,4,4,42,0,0,0,0,0,1,3.57825894874986,0,0.0,0.1,,,0,4.2,8.2
2005,REG+POST,00-0022954,,Ben Graham,P,SPEC,,1,NYJ,0,0,0,0,0,0,0,0,0,0,0,0,,0,,,1,-9,0,1,1,0,-3.87961726560025,0,0,0,0,0,0,0,0,0,0,,0,,,,,0,-2.9,-2.9
2005,REG+POST,00-0022970,,Derrick Wimbush,FB,RB,,6,JAX,0,0,0,0,0,0,0,0,0,0,0,0,,0,,,3,12,1,0,0,1,1.51844373147469,0,5,5,26,0,0,0,0,0,2,4.38133424532134,0,0.0,0.072463768115942,,,1,15.8,20.8
2005,REG+POST,00-0023039,,Dominique Thompson,WR,WR,,1,LA,0,0,0,0,0,0,0,0,0,0,0,0,,0,,,0,0,0,0,0,0,,0,1,1,13,0,0,0,0,0,0,0.44867202360183,0,0.0,0.0555555555555556,,,0,1.3,2.3
2005,REG+POST,00-0023063,,Leonard Weaver,FB,RB,,5,SEA,0,0,0,0,0,0,0,0,0,0,0,0,,0,,,17,80,0,0,0,3,0.432087744411547,0,1,1,12,0,0,0,0,0,1,0.638568756170571,0,0.0,0.0588235294117647,,,0,9.2,10.2
2005,REG+POST,00-0023072,,Wesley Duke,TE,TE,,2,DEN,0,0,0,0,0,0,0,0,0,0,0,0,,0,,,0,0,0,0,0,0,,0,2,2,22,1,0,0,0,0,2,3.95770717319101,0,0.0,0.0666666666666667,,,0,8.2,10.2
2005,REG+POST,00-0023074,,Samkon Gado,RB,RB,,8,GB,0,1,0,0,0,0,0,0,0,0,0,0,-0.390117432223633,0,,,143,582,6,3,0,29,2.01246130859895,0,10,10,77,1,1,1,0,0,4,-0.296935122343712,0,0.0,0.0641025641025641,,,0,105.9,115.9
2005,REG+POST,00-0023108,,Stephen Spach,TE,TE,,4,PHI,0,0,0,0,0,0,0,0,0,0,0,0,,0,,,0,0,0,0,0,0,,0,7,7,42,0,0,0,0,0,1,0.206468590098666,0,0.0,0.0660377358490566,,,0,4.2,11.2
2005,REG+POST,00-0023151,,O.J. Small,WR,WR,,1,TEN,0,0,0,0,0,0,0,0,0,0,0,0,,0,,,0,0,0,0,0,0,,0,1,1,6,0,0,0,0,0,0,0.357550343032926,0,0.0,0.0476190476190476,,,0,0.6,1.6
2005,REG+POST,00-0023163,,Alex Holmes,TE,TE,,1,MIA,0,0,0,0,0,0,0,0,0,0,0,0,,0,,,0,0,0,0,0,0,,0,1,1,2,0,0,0,0,0,0,-0.359394100029022,0,0.0,0.0555555555555556,,,0,0.2,1.2
2005,REG+POST,00-0023176,,Josh Cribbs,WR,WR,,2,CLE,0,0,0,0,0,0,0,0,0,0,0,0,,0,,,0,0,0,0,0,0,,0,1,1,7,0,0,0,0,0,0,0.207639141590334,0,0.0,0.0476190476190476,,,1,6.7,7.7
2005,REG+POST,00-0023192,,Tyson Thompson,RB,RB,,8,DAL,0,0,0,0,0,0,0,0,0,0,0,0,,0,,,46,182,0,0,0,9,-1.84111098539683,0,3,3,16,0,0,0,0,0,0,0.463668876094744,0,0.0,0.0625,,,0,19.8,22.8
2005,REG+POST,00-0023217,,Adam Bergen,TE,TE,,13,ARI,0,0,0,0,0,0,0,0,0,0,0,0,,0,,,0,0,0,0,0,0,,0,28,28,270,1,0,0,0,0,13,19.5160486793029,0,0.0,0.0851063829787234,,,0,33.0,61.0
2005,REG+POST,00-0023248,,Paul Irons,TE,TE,,1,CLE,0,0,0,0,0,0,0,0,0,0,0,0,,0,,,0,0,0,0,0,0,,0,2,2,16,0,0,0,0,0,1,0.664274888811633,0,0.0,0.0909090909090909,,,0,1.6,3.6
2005,REG+POST,00-0023367,,Nate Washington,WR,WR,,1,PIT,0,0,0,0,0,0,0,0,0,0,0,0,,0,,,0,0,0,0,0,0,,0,1,1,13,0,0,0,0,0,1,2.24945934675634,0,0.0,0.0476190476190476,,,0,1.3,2.3
2005,REG+POST,00-0023436,A.Smith,Alex Smith,QB,QB,"https://static.www.nfl.com/image/private/f_auto,q_auto/league/dpa5d1a8jj6jdymocjkx",9,SF,84,165,875,1,11,29,185,9,2,0,0,37,-85.5043773593163,0,0.0,0.0346567114790118,30,103,0,2,1,3,-11.9782863954146,0,0,0,0,0,0,0,0,0,0,,0,,,,,0,21.3,21.3
2005,REG+POST,00-0023437,,Ronnie Brown,RB,RB,,15,MIA,0,0,0,0,0,0,0,0,0,0,0,0,,0,,,207,907,4,3,3,41,-14.7772690695376,0,32,32,232,1,1,1,0,0,12,8.61768737307284,0,0.0,0.121673003802281,,,0,135.9,167.9
2005,REG+POST,00-0023438,,Braylon Edwards,WR,WR,,10,CLE,0,0,0,0,0,0,0,0,0,0,0,0,,0,,,0,0,0,0,0,0,,0,32,32,512,3,0,0,0,0,22,42.8837408845429,0,0.0,0.17877094972067,,,0,69.2,101.2
2005,REG+POST,00-0023439,,Cedric Benson,RB,RB,,9,CHI,0,0,0,0,0,0,0,0,0,0,0,0,,0,,,67,272,0,1,1,12,-17.5555673479685,0,1,1,3,0,0,0,0,0,0,-0.195865487679839,0,0.0,0.0714285714285714,,,0,25.5,26.5
2005,REG+POST,00-0023440,,Cadillac Williams,RB,RB,,15,TB,0,0,0,0,0,0,0,0,0,0,0,0,,0,,,308,1227,6,4,3,56,-28.3298957317676,0,23,23,91,0,0,0,0,0,4,-0.629653763849164,0,0.0,0.103603603603604,,,0,161.8,184.8
2005,REG+POST,00-0023441,A.Jones,Adam Jones,CB,DB,"https://static.www.nfl.com/image/private/f_auto,q_auto/league/hvbjym05mpvfkdhy3bsz",2,TEN,0,0,0,0,0,0,0,0,0,0,0,0,,0,,,1,-13,0,0,0,0,-2.3502054599686,0,0,0,0,0,0,0,0,0,0,,0,,,,,1,4.7,4.7
2005,REG+POST,00-0023442,,Troy Williamson,WR,WR,,12,MIN,0,0,0,0,0,0,0,0,0,0,0,0,,0,,,3,28,0,0,0,2,1.55787726084236,0,24,24,372,2,0,0,0,0,18,35.4878174638725,0,0.0,0.0967741935483871,,,0,52.0,76.0
2005,REG+POST,00-0023452,,Mike Williams,WR,WR,,12,DET,0,0,0,0,0,0,0,0,0,0,0,0,,0,,,0,0,0,0,0,0,,0,29,29,350,1,2,2,0,0,20,28.9979949877306,0,0.0,0.131221719457014,,,0,37.0,66.0
2005,REG+POST,00-0023456,,Matt Jones,WR,WR,,16,JAX,2,3,12,0,0,0,0,0,0,0,0,0,0.0758684521424584,0,0.0,,12,51,0,1,0,2,-2.00017502973787,0,42,42,526,5,0,0,0,0,28,53.5210138916523,0,0.0,0.158490566037736,,,0,88.18,130.18
2005,REG+POST,00-0023457,,Mark Clayton,WR,WR,,13,BAL,0,1,0,0,0,0,0,0,0,0,0,0,-0.721601086235444,0,,,8,33,1,0,0,2,1.16779182443861,0,44,44,471,2,0,0,0,12,23,32.2909417856429,0,0.0,0.161172161172161,,,0,68.4,112.4
2005,REG+POST,00-0023459,A.Rodgers,Aaron Rodgers,QB,QB,"https://static.www.nfl.com/image/upload/f_auto,q_auto/league/jdcb4nomlc4rd6k5l6to",3,GB,9,16,65,0,1,3,28,2,2,0,0,3,-16.3179479321116,0,0.0,0.0464183583573281,2,7,0,0,0,1,0.116653895471245,0,0,0,0,0,0,0,0,0,0,,0,,,,,0,-2.7,-2.7
2005,REG+POST,00-0023462,,Roddy White,WR,WR,"https://static.www.nfl.com/image/private/f_auto,q_auto/league/f7dgklg6z49fbdltwuki",12,ATL,0,0,0,0,0,0,0,0,0,0,0,0,,0,,,4,12,0,0,0,1,-0.897596436901949,0,29,29,444,3,1,1,0,0,23,40.3863458333362,0,0.0,0.151832460732984,,,0,61.6,90.6
2005,REG+POST,00-0023465,,Heath Miller,TE,TE,"https://static.www.nfl.com/image/private/f_auto,q_auto/league/iqw8fry4hgfvegs9nfuf",16,PIT,0,0,0,0,0,0,0,0,0,0,0,0,,0,,,0,0,0,0,0,0,,0,46,46,566,7,0,0,0,0,26,44.7924085073088,0,0.0,0.198275862068966,,,0,98.6,144.6
2005,REG+POST,00-0023470,,Reggie Brown,WR,WR,,14,PHI,0,0,0,0,0,0,0,0,0,0,0,0,,0,,,1,5,0,0,0,0,-0.582736301235855,0,43,43,571,4,1,0,0,0,24,47.4824420415098,0,0.0,0.147260273972603,,,0,81.6,124.6
2005,REG+POST,00-0023474,,Mark Bradley,WR,WR,,7,CHI,0,0,0,0,0,0,0,0,0,0,0,0,,0,,,0,0,0,0,0,0,,0,18,18,230,0,1,1,0,0,9,15.2912167489412,0,0.0,0.162162162162162,,,0,21.0,39.0
2005,REG+POST,00-0023476,,Michael Roos,T,OL,,1,TEN,0,0,0,0,0,0,0,0,0,0,0,0,,0,,,0,0,0,0,0,0,,0,1,1,-7,0,0,0,0,0,0,-1.00958318868652,0,0.0,0.0454545454545455,,,0,-0.7,0.3
2005,REG+POST,00-0023479,,J.J. Arrington,RB,RB,,15,ARI,0,0,0,0,0,0,0,0,0,0,0,0,,0,,,112,370,2,1,1,16,-26.0239109685163,0,25,25,139,0,0,0,0,0,5,3.13933380128583,0,0.0,0.0755287009063444,,,0,60.9,85.9
2005,REG+POST,00-0023490,,Roscoe Parrish,WR,WR,,8,BUF,1,1,3,0,0,0,0,0,0,0,0,0,-0.0674230607692152,0,0.0,,2,-2,0,0,0,0,-2.29498706216709,0,15,15,148,1,0,0,0,0,7,13.7042543956777,0,0.0,0.100671140939597,,,0,20.72,35.72
2005,REG+POST,00-0023492,,Justin Miller,DB,DB,,1,NYJ,0,0,0,0,0,0,0,0,0,0,0,0,,0,,,0,0,0,0,0,0,,0,0,0,0,0,0,0,0,0,0,,0,,,,,1,6.0,6.0
2005,REG+POST,00-0023493,,Terrence Murphy,WR,WR,,2,GB,0,0,0,0,0,0,0,0,0,0,0,0,,0,,,0,0,0,0,0,0,,0,5,5,36,0,0,0,0,0,4,3.7766641927301,0,0.0,0.0833333333333333,,,0,3.6,8.6
2005,REG+POST,00-0023496,,Vincent Jackson,WR,WR,"https://static.www.nfl.com/image/private/f_auto,q_auto/league/kdquag2thcfulvrs0cbz",2,LAC,0,0,0,0,0,0,0,0,0,0,0,0,,0,,,0,0,0,0,0,0,,0,3,3,59,0,0,0,0,0,3,5.75844681990566,0,0.0,0.0714285714285714,,,0,5.9,8.9
2005,REG+POST,00-0023500,F.Gore,Frank Gore,RB,RB,"https://static.www.nfl.com/image/private/f_auto,q_auto/league/lxxkhd2suyalrbruzut7",14,SF,0,0,0,0,0,0,0,0,0,0,0,0,,0,,,127,608,3,1,1,26,-1.73312403904813,0,15,15,131,0,1,1,0,0,4,-0.905301962381619,0,0.0,0.116279069767442,,,0,87.9,102.9
2005,REG+POST,00-0023502,,Charlie Frye,QB,QB,,7,CLE,98,165,1002,4,6,22,130,4,2,0,0,48,-35.7329442026211,0,0.0,0.0240575201171092,17,53,1,2,1,6,-1.6823834616336,0,0,0,0,0,0,0,0,0,0,,0,,,,,0,49.38,49.38
2005,REG+POST,00-0023503,,Courtney Roby,WR,WR,,10,TEN,0,0,0,0,0,0,0,0,0,0,0,0,,0,,,2,16,0,0,0,1,1.22410996485269,0,21,21,289,1,0,0,0,0,12,20.6318031102128,0,0.0,0.0945945945945946,,,0,36.5,57.5
2005,REG+POST,00-0023506,,Alex Smith,TE,TE,"https://static.www.nfl.com/image/private/f_auto,q_auto/league/zcpxncjwcm6ggoiqt6ub",16,TB,0,0,0,0,0,0,0,0,0,0,0,0,,0,,,0,0,0,0,0,0,,0,44,44,381,2,0,0,0,0,23,26.9707871746006,0,0.0,0.140575079872204,,,0,50.1,94.1
2005,REG+POST,00-0023508,,Vernand Morency,RB,RB,,6,HOU,0,0,0,0,0,0,0,0,0,0,0,0,,0,,,46,184,2,0,0,7,-1.47060831584495,0,10,10,87,0,0,0,0,0,5,4.5136224208303,0,0.0,0.103092783505155,,,0,39.1,49.1
2005,REG+POST,00-0023512,,Ryan Moats,RB,RB,,6,PHI,0,0,0,0,0,0,0,0,0,0,0,0,,0,,,55,278,3,2,1,12,-8.9765894843149,0,4,4,7,0,0,0,0,0,0,-1.70827999291942,0,0.0,0.105263157894737,,,0,44.5,48.5
2005,REG+POST,00-0023518,,Chris Henry,WR,WR,,12,CIN,0,0,0,0,0,0,0,0,0,0,0,0,,0,,,0,0,0,0,0,0,,0,32,32,488,6,2,1,0,0,20,44.7065022674024,0,0.0,0.114695340501792,,,0,82.8,114.8
2005,REG+POST,00-0023531,,Brandon Jones,WR,WR,,9,TEN,0,0,0,0,0,0,0,0,0,0,0,0,,0,,,1,1,0,0,0,0,-0.774116988410242,0,23,23,299,2,0,0,0,0,18,23.9528080233634,0,0.0,0.111650485436893,,,0,42.0,65.0
2005,REG+POST,00-0023541,,Kyle Orton,QB,QB,,15,CHI,190,368,1869,9,13,30,190,6,3,0,0,92,-93.0938189471403,0,0.0,0.0254339675354581,24,44,0,6,2,3,-15.4564000057871,0,0,0,0,0,0,0,0,0,0,,0,,,,,0,79.16,79.16
2005,REG+POST,00-0023544,,Marion Barber,RB,RB,,12,DAL,0,0,0,0,0,1,3,0,0,0,0,0,-1.11808175721671,0,,,138,538,5,3,0,28,-7.89327523893904,0,18,18,115,0,0,0,0,0,6,4.05806835758267,0,0.0,0.102857142857143,,,0,95.3,113.3
2005,REG+POST,00-0023545,,Brandon Jacobs,RB,RB,,13,NYG,0,0,0,0,0,0,0,0,0,0,0,0,,0,,,38,99,7,1,1,19,-4.32176960211275,0,0,0,0,0,0,0,0,0,0,,0,,,,,0,49.9,49.9
2005,REG+POST,00-0023547,,Ciatrick Fason,RB,RB,,9,MIN,0,0,0,0,0,0,0,0,0,0,0,0,,0,,,32,62,4,0,0,12,-6.60018260396905,0,0,0,0,0,0,0,0,0,0,,0,,,,,0,30.2,30.2
2005,REG+POST,00-0023549,,Jerome Mathis,WR,WR,,5,HOU,0,0,0,0,0,0,0,0,0,0,0,0,,0,,,0,0,0,0,0,0,,0,5,5,65,1,0,0,0,0,2,5.74685901543126,0,0.0,0.108695652173913,,,2,24.5,29.5
2005,REG+POST,00-0023561,,Alvin Pearman,RB,RB,,15,JAX,0,0,0,0,0,0,0,0,0,0,0,0,,0,,,41,157,1,1,1,6,-10.1409191131317,0,32,32,240,0,2,2,0,0,11,4.330954045814,0,0.0,0.143497757847534,,,0,39.7,71.7
2005,REG+POST,00-0023564,D.Sproles,Darren Sproles,RB,RB,"https://static.www.nfl.com/image/private/f_auto,q_auto/league/gvj5ng27blmwuz170aeo",7,LAC,0,0,0,0,0,0,0,0,0,0,0,0,,0,,,8,50,0,0,0,2,1.31087547948118,0,3,3,10,0,0,0,0,0,0,-1.43876643013209,0,0.0,0.0483870967741936,,,0,6.0,9.0
2005,REG+POST,00-0023570,,Roydell Williams,WR,WR,,7,TEN,0,0,0,0,0,0,0,0,0,0,0,0,,0,,,0,0,0,0,0,0,,0,21,21,299,2,0,0,0,0,16,26.2934821713134,0,0.0,0.125748502994012,,,0,41.9,62.9
2005,REG+POST,00-0023576,,Damien Nash,RB,RB,,1,TEN,0,0,0,0,0,0,0,0,0,0,0,0,,0,,,6,32,0,0,0,2,1.70661013555946,0,3,3,14,0,0,0,0,0,0,0.409974961832631,0,0.0,0.142857142857143,,,0,4.6,7.6
2005,REG+POST,00-0023578,D.Orlovsky,Dan Orlovsky,QB,QB,"https://static.www.nfl.com/image/private/f_auto,q_auto/league/vr8juuraecwssjnviglf",2,DET,7,17,63,0,0,1,3,1,1,0,0,5,-4.14757090224884,0,0.0,0.026941729021027,0,0,0,0,0,0,,0,0,0,0,0,0,0,0,0,0,,0,,,,,0,0.52,0.52
2005,REG+POST,00-0023591,,Justin Green,RB,RB,,5,BAL,0,0,0,0,0,0,0,0,0,0,0,0,,0,,,5,4,0,0,0,0,-2.72580167476553,1,7,7,32,0,0,0,0,0,1,-0.379012890390019,0,0.0,0.0693069306930693,,,0,5.6,12.6
2005,REG+POST,00-0023607,,Rasheed Marshall,WR,WR,,1,SF,0,0,0,0,0,0,0,0,0,0,0,0,,0,,,1,-7,0,0,0,0,-1.29613721929491,0,1,1,-1,0,0,0,0,0,0,-1.2356476271525,0,0.0,0.125,,,0,-0.8,0.2
2005,REG+POST,00-0023612,,Bo Scaife,TE,TE,,11,TEN,0,0,0,0,0,0,0,0,0,0,0,0,,0,,,0,0,0,0,0,0,,0,37,37,273,2,0,0,0,0,17,23.9611239398946,0,0.0,0.148,,,0,39.3,76.3
2005,REG+POST,00-0023615,,Cedric Houston,RB,RB,,9,NYJ,0,0,0,0,0,0,0,0,0,0,0,0,,0,,,81,302,2,0,0,15,-4.68796982709742,0,8,8,66,0,1,1,0,0,2,0.901595867821015,0,0.0,0.0909090909090909,,,0,46.8,54.8
2005,REG+POST,00-0023623,,Tab Perry,WR,WR,,5,CIN,0,0,0,0,0,0,0,0,0,0,0,0,,0,,,3,9,1,0,0,1,0.98571131634526,0,4,4,21,1,0,0,0,0,2,4.76882063999074,0,0.0,0.0625,,,0,15.0,19.0
2005,REG+POST,00-0023625,,Dante Ridgeway,WR,WR,,1,NYJ,0,0,0,0,0,0,0,0,0,0,0,0,,0,,,0,0,0,0,0,0,,0,2,2,26,0,0,0,0,0,0,-1.29067894699983,0,0.0,0.1,,,0,2.6,4.6
2005,REG+POST,00-0023630,,Joel Dreessen,TE,TE,,4,NYJ,0,0,0,0,0,0,0,0,0,0,0,0,,0,,,0,0,0,0,0,0,,0,5,5,41,0,0,0,0,0,1,2.13359138852684,0,0.0,0.0675675675675676,,,0,4.1,9.1
2005,REG+POST,00-0023654,,Nehemiah Broughton,RB,RB,,1,WAS,0,0,0,0,0,0,0,0,0,0,0,0,,0,,,1,3,0,0,0,0,-0.574582632863894,0,0,0,0,0,0,0,0,0,0,,0,,,,,0,0.3,0.3
2005,REG+POST,00-0023658,,LeRon McCoy,WR,WR,,7,ARI,0,0,0,0,0,0,0,0,0,0,0,0,,0,,,0,0,0,0,0,0,,0,18,18,191,1,0,0,0,0,11,13.6388213030128,0,0.0,0.0932642487046632,,,0,25.1,43.1
2005,REG+POST,00-0023662,M.Cassel,Matt Cassel,QB,QB,"https://static.www.nfl.com/image/private/f_auto,q_auto/league/n1ucqggyu5hlsqzuv5gj",3,NE,13,24,183,2,1,1,1,1,0,0,0,8,-0.255161328357163,0,0.0,0.0845353537654237,7,12,0,1,0,2,-2.55942548043095,0,0,0,0,0,0,0,0,0,0,,0,,,,,0,14.52,14.52
2005,REG+POST,00-0023676,,Noah Herron,RB,RB,,4,GB,0,0,0,0,0,0,0,0,0,0,0,0,,0,,,48,123,2,0,0,9,-7.83676736906637,0,0,0,0,0,0,0,0,0,0,,0,,,,,0,24.3,24.3
2005,REG+POST,00-0023679,,Billy Bajema,TE,TE,,5,SF,0,0,0,0,0,0,0,0,0,0,0,0,,0,,,0,0,0,0,0,0,,0,5,5,54,0,0,0,0,0,2,3.31209517692738,0,0.0,0.0757575757575758,,,0,5.4,10.4
2005,REG+POST,00-0023682,R.Fitzpatrick,Ryan Fitzpatrick,QB,QB,"https://static.www.nfl.com/image/private/f_auto,q_auto/league/pkhhxwplsawnhln9rsun",4,LA,76,135,777,4,8,9,49,0,0,0,0,40,-15.5643129486492,0,0.0,0.0360366354226243,14,64,2,3,1,6,-2.7303369417388,0,0,0,0,0,0,0,0,0,0,,0,,,,,0,47.48,47.48
2005,REG+POST,00-0023683,,Madison Hedgecock,FB,RB,,7,LA,0,0,0,0,0,0,0,0,0,0,0,0,,0,,,1,0,0,0,0,0,-1.13055607245769,0,9,9,69,0,0,0,0,0,3,3.68321575131267,0,0.0,0.0588235294117647,,,0,6.9,15.9
2005,REG+POST,00-0023701,,Brandon Childress,WR,WR,,1,NE,0,0,0,0,0,0,0,0,0,0,0,0,,0,,,0,0,0,0,0,0,,0,3,3,32,0,0,0,0,0,1,1.25507666426711,0,0.0,0.214285714285714,,,0,3.2,6.2
2005,REG+POST,00-0023704,,Gregg Guenther,TE,TE,,2,TEN,0,0,0,0,0,0,0,0,0,0,0,0,,0,,,0,0,0,0,0,0,,0,2,2,13,0,0,0,0,0,1,1.35023775149602,0,0.0,0.0454545454545455,,,0,1.3,3.3
2006,REG,00-0000108,,David Akers,K,SPEC,,1,PHI,1,1,11,0,0,0,0,0,0,0,11,0,-0.702337322232779,0,0.0,,0,0,0,0,0,0,,0,0,0,0,0,0,0,0,0,0,,0,,,,,0,0.44,0.44
2006,REG,00-0000166,,Stephen Alexander,TE,TE,,8,DEN,0,0,0,0,0,0,0,0,0,0,0,0,,0,,,0,0,0,0,0,0,,0,18,18,160,2,0,0,80,80,10,13.3416777193779,0,2.0,0.13953488372093,0.114942528735632,0.289762095696338,0,28.0,46.0
2006,REG,00-0000251,,Mike Alstott,FB,RB,,14,TB,0,0,0,0,0,0,0,0,0,0,0,0,,0,,,60,171,3,1,1,17,-11.2006387009751,0,21,21,85,0,0,0,-15,100,6,0.888208048585872,0,-5.66666666666667,0.101941747572816,-0.0165562913907285,0.141323217385713,0,41.6,62.6
2006,REG,00-0000552,,Obafemi Ayanbadejo,RB,RB,,10,ARI,0,0,0,0,0,0,0,0,0,0,0,0,,0,,,9,37,0,0,0,5,3.71264125214657,0,17,17,139,0,1,0,19,120,7,7.44278020760315,0,7.31578947368421,0.0949720670391061,0.0214205186020293,0.15745246358008,0,17.6,34.6
2006,REG,00-0000745,,Tiki Barber,RB,RB,,16,NYG,0,0,0,0,0,0,0,0,0,0,0,0,,0,,,327,1662,5,3,1,78,10.5247680342816,0,58,62,465,0,0,0,2,463,23,19.6558790879129,0,232.5,0.200647249190939,0.0010214504596527,0.301685889108165,0,240.7,298.7
2006,REG,00-0000865,,Charlie Batch,QB,QB,,7,PIT,30,52,477,5,0,3,13,0,0,557,200,21,23.8014259244665,0,0.856373429084381,0.184178599426433,13,12,0,1,1,1,-10.8430063661071,0,0,0,0,0,0,0,0,0,0,,0,,,,,0,38.28,38.28
2006,REG,00-0001222,,Eric Beverly,TE,TE,,1,ATL,0,0,0,0,0,0,0,0,0,0,0,0,,0,,,0,0,0,0,0,0,,0,1,1,0,0,0,0,0,0,0,-3.43772160203662,0,,0.0434782608695652,,,0,0.0,1.0
2006,REG,00-0001361,,Drew Bledsoe,QB,QB,,6,DAL,90,169,1164,7,8,16,107,2,1,1242,444,54,-9.1035155299807,0,0.93719806763285,0.0407616674435205,8,28,2,1,0,6,5.19134227748145,0,0,0,0,0,0,0,0,0,0,,0,,,,,0,71.36,71.36
2006,REG,00-0001477,,Marty Booker,WR,WR,,14,MIA,0,0,0,0,0,0,0,0,0,0,0,0,,0,,,3,19,0,0,0,1,-0.217944629606791,0,55,55,747,6,0,0,449,298,36,64.9607616397684,2,1.66369710467706,0.19434628975265,0.26150262085032,0.4745712692242,0,116.6,171.6
2006,REG,00-0001627,,Corey Bradford,WR,WR,,6,DET,0,0,0,0,0,0,0,0,0,0,0,0,,0,,,0,0,0,0,0,0,,0,14,14,164,0,1,0,130,34,9,13.500894517696,0,1.26153846153846,0.0972222222222222,0.153482880755608,0.253271349862259,0,16.4,30.4
2006,REG,00-0001661,,Kyle Brady,TE,TE,,5,JAX,0,0,0,0,0,0,0,0,0,0,0,0,,0,,,0,0,0,0,0,0,,0,5,5,37,0,0,0,23,14,2,1.95322672720067,0,1.60869565217391,0.0632911392405063,0.0701219512195122,0.144022074714418,0,3.7,8.7
2006,REG,00-0001823,,Aaron Brooks,QB,QB,,8,LV,110,192,1105,3,8,26,174,1,1,1460,423,60,-39.7640423016882,0,0.756849315068493,0.0136936520778498,22,124,0,4,2,5,-9.4153226444032,0,0,0,0,0,0,0,0,0,0,,0,,,,,0,46.6,46.6
2006,REG,00-0002068,,Troy Brown,WR,WR,,15,NE,0,0,0,0,0,0,0,0,0,0,0,0,,0,,,1,16,0,0,0,1,0.825366503791884,0,44,44,386,4,0,0,205,181,28,36.2798120795633,1,1.88292682926829,0.141025641025641,0.115950226244344,0.292703619909502,0,66.2,110.2
2006,REG,00-0002099,,Isaac Bruce,WR,WR,,16,LA,0,1,0,0,0,0,0,0,0,11,0,0,-0.430142852943391,0,0.0,,0,0,0,0,0,0,,0,74,74,1098,3,0,0,829,269,54,94.3117617454136,1,1.32448733413752,0.199460916442049,0.310952738184546,0.516858291392255,0,129.8,203.8
2006,REG,00-0002102,,Mark Bruener,TE,TE,,8,HOU,0,0,0,0,0,0,0,0,0,0,0,0,,0,,,0,0,0,0,0,0,,0,9,9,62,2,0,0,30,32,4,3.83312823227607,0,2.06666666666667,0.0552147239263804,0.0506756756756757,0.118295058862544,0,18.2,27.2
2006,REG,00-0002110,,Mark Brunell,QB,QB,,10,WAS,162,261,1789,8,4,12,92,1,0,1698,990,80,6.31730246821851,2,1.05359246171967,0.0496460293560746,13,34,0,4,1,4,-7.35281047440367,0,0,0,0,0,0,0,0,0,0,,0,,,,,0,100.96,100.96
2006,REG,00-0002159,,Shawn Bryson,RB,RB,,5,DET,0,0,0,0,0,0,0,0,0,0,0,0,,0,,,2,1,0,0,0,0,-1.44042157614604,0,8,8,98,1,0,0,24,74,5,8.12525280658156,0,4.08333333333333,0.0661157024793388,0.0317880794701987,0.121425209348147,0,15.9,23.9
2006,REG,00-0002565,,Dan Campbell,TE,TE,,13,DET,0,0,0,0,0,0,0,0,0,0,0,0,,0,,,0,0,0,0,0,0,,0,21,21,308,4,0,0,203,105,16,24.1975636147618,0,1.51724137931034,0.0690789473684211,0.113916947250281,0.183360284127828,0,54.8,75.8
2006,REG,00-0002586,,Mark Campbell,TE,TE,,11,NO,0,0,0,0,0,0,0,0,0,0,0,0,,0,,,0,0,0,0,0,0,,0,18,18,164,0,0,0,82,82,9,11.3223767072195,0,2.0,0.0656934306569343,0.049636803874092,0.133285908697266,0,16.4,34.4
2006,REG,00-0003035,,Desmond Clark,TE,TE,,14,CHI,0,0,0,0,0,0,0,0,0,0,0,0,,0,,,0,0,0,0,0,0,,0,45,45,626,6,0,0,408,218,35,63.7886746865406,0,1.5343137254902,0.167910447761194,0.209553158705701,0.398552882735782,0,98.6,143.6
2006,REG,00-0003292,,Kerry Collins,QB,QB,,3,TEN,42,90,549,1,6,4,23,0,0,847,175,26,-24.4099860578361,1,0.648170011806375,-0.0132520658665816,0,0,0,0,0,0,,0,0,0,0,0,0,0,0,0,0,,0,,,,,0,15.96,15.96
2006,REG,00-0003400,,Ernie Conwell,TE,TE,,3,NO,0,0,0,0,0,0,0,0,0,0,0,0,,0,,,0,0,0,0,0,0,,0,8,8,57,1,0,0,40,17,3,4.9883620813489,0,1.425,0.105263157894737,0.103896103896104,0.230622009569378,0,11.7,19.7
2006,REG,00-0003663,,Zack Crockett,RB,RB,,12,LV,0,0,0,0,0,0,0,0,0,0,0,0,,0,,,39,163,0,2,2,14,-7.21290120709455,0,10,10,53,0,0,0,9,44,1,-0.778832586365752,0,5.88888888888889,0.075187969924812,0.0152801358234295,0.123478049963619,0,17.6,27.6
2006,REG,00-0003739,,Daunte Culpepper,QB,QB,,4,MIA,81,134,929,2,3,20,150,3,0,1227,508,44,-18.3433760743664,0,0.757131214343928,0.0217324835282166,11,20,1,0,0,2,0.280026831373107,0,0,0,0,0,0,0,0,0,0,,0,,,,,0,47.16,47.16
2006,REG,00-0004052,,Stephen Davis,RB,RB,,14,LA,0,0,0,0,0,0,0,0,0,0,0,0,,0,,,40,177,0,1,1,10,-8.81450204493012,0,12,12,90,1,0,0,43,47,5,6.44629612137331,0,2.09302325581395,0.0655737704918033,0.0379188712522046,0.124903865614248,0,30.7,42.7
2006,REG,00-0004161,,Jake Delhomme,QB,QB,,13,CAR,263,431,2805,17,11,22,167,6,4,3424,1310,128,-1.86002039164341,0,0.819217289719626,0.0596085667149899,18,12,0,0,0,2,-5.88010428479174,0,0,0,0,0,0,0,0,0,0,,0,,,,,0,151.4,151.4
2006,REG,00-0004304,,Corey Dillon,RB,RB,,16,NE,0,0,0,0,0,0,0,0,0,0,0,0,,0,,,199,812,13,2,2,48,2.87455523447581,0,15,15,147,0,0,0,-32,179,5,7.24192116380436,0,-4.59375,0.0815217391304348,-0.0312805474095797,0.100386225508946,0,169.9,184.9
2006,REG,00-0004541,,Donald Driver,WR,WR,,16,GB,0,0,0,0,0,0,0,0,0,0,0,0,,0,,,7,16,0,0,0,2,-1.35861215216573,0,91,91,1288,8,1,0,804,486,54,117.48687410116,0,1.60199004975124,0.26,0.405650857719475,0.673955600403633,0,178.4,269.4
2006,REG,00-0004637,,Jason Dunn,TE,TE,,3,KC,0,0,0,0,0,0,0,0,0,0,0,0,,0,,,0,0,0,0,0,0,,0,4,4,40,0,0,0,20,20,3,4.78505824308377,0,2.0,0.0677966101694915,0.0589970501474926,0.142992850357482,0,4.0,8.0
2006,REG,00-0004640,,Warrick Dunn,RB,RB,,16,ATL,0,0,0,0,0,0,0,0,0,0,0,0,,0,,,286,1140,4,1,0,48,-34.0469816875095,0,22,22,170,1,0,0,8,162,11,6.63783748712618,0,21.25,0.134146341463415,0.0061349693251533,0.205513990722729,0,161.0,183.0
2006,REG,00-0004673,,Tim Dwight,WR,WR,,7,NYJ,0,0,0,0,0,0,0,0,0,0,0,0,,0,,,2,28,0,0,0,1,2.23871488193981,0,16,16,112,0,0,0,59,53,7,7.08860766678117,0,1.89830508474576,0.119402985074627,0.0680507497116494,0.226740002410095,0,14.0,30.0
2006,REG,00-0004811,,Jason Elam,K,SPEC,,1,DEN,0,0,0,0,0,0,0,0,0,0,0,0,,0,,,1,2,0,0,0,1,0.159302016087217,0,0,0,0,0,0,0,0,0,0,,0,,,,,0,0.2,0.2
2006,REG,00-0004915,,Bobby Engram,WR,WR,,6,SEA,0,0,0,0,0,0,0,0,0,0,0,0,,0,,,1,4,0,0,0,0,0.0133147724554874,0,24,24,290,1,0,0,221,69,15,24.7439410492079,0,1.31221719457014,0.214285714285714,0.265944645006017,0.507589822932783,0,35.4,59.4
2006,REG,00-0005091,,Kevin Faulk,RB,RB,,15,NE,0,0,0,0,0,0,0,0,0,0,0,0,,0,,,25,123,1,0,0,6,-1.01526212395402,0,43,43,356,2,0,0,115,241,15,19.7379753283073,0,3.09565217391304,0.138709677419355,0.065864833906071,0.254169899863282,0,65.9,108.9
2006,REG,00-0005101,,Christian Fauria,TE,TE,,2,WAS,0,0,0,0,0,0,0,0,0,0,0,0,,0,,,0,0,0,0,0,0,,0,2,2,17,0,0,0,5,12,1,0.678970473119989,0,3.4,0.0555555555555556,0.0245098039215686,0.100490196078431,0,1.7,3.7
2006,REG,00-0005106,,Brett Favre,QB,QB,,16,GB,343,613,3885,18,18,21,139,7,4,5305,1928,182,-2.58334310667742,0,0.732327992459943,0.0211948900555001,23,28,1,1,1,4,-33.5545054819959,0,0,0,0,0,0,0,0,0,0,,0,,,,,0,190.2,190.2
2006,REG,00-0005113,,Jeff Feagles,P,SPEC,,1,NYG,0,1,0,0,0,0,0,0,0,-7,0,0,-2.76493828836828,0,0.0,,0,0,0,0,0,0,,0,0,0,0,0,0,0,0,0,0,,0,,,,,0,0.0,0.0
2006,REG,00-0005229,,Jim Finn,FB,RB,,7,NYG,0,0,0,0,0,0,0,0,0,0,0,0,,0,,,2,14,0,0,0,1,-1.77034345967695,0,8,8,54,0,0,0,10,44,4,4.0972180091776,0,5.4,0.0579710144927536,0.0141442715700141,0.0968575118381403,0,6.8,14.8
2006,REG,00-0005589,,Gus Frerotte,QB,QB,,1,LA,1,3,27,0,0,0,0,0,0,57,0,1,1.5221012772345,0,0.473684210526316,,0,0,0,0,0,0,,0,0,0,0,0,0,0,0,0,0,,0,,,,,0,1.08,1.08
2006,REG,00-0005720,,Joey Galloway,WR,WR,,14,TB,0,0,0,0,0,0,0,0,0,0,0,0,,0,,,2,9,0,0,0,0,0.0917057911865413,0,62,62,1057,7,0,0,745,312,44,97.5688707315712,0,1.41879194630872,0.233962264150943,0.540638606676343,0.729390420899855,0,148.6,210.6
2006,REG,00-0005755,,Jeff Garcia,QB,QB,,8,PHI,116,188,1309,10,2,6,40,4,2,1586,546,61,15.6576534238368,1,0.825346784363178,0.086801211300215,25,87,0,2,0,8,-11.1371243128409,0,0,0,0,0,0,0,0,0,0,,0,,,,,0,95.06,95.06
2006,REG,00-0006043,,Terry Glenn,WR,WR,,15,DAL,0,0,0,0,0,0,0,0,0,0,0,0,,0,,,3,11,0,0,0,1,-0.894983965903521,0,70,70,1047,6,0,0,776,257,47,92.7674592536946,0,1.34922680412371,0.241379310344828,0.318685831622177,0.585149047652765,0,141.8,211.8
2006,REG,00-0006101,,Tony Gonzalez,TE,TE,,15,KC,0,0,0,0,0,0,0,0,0,0,0,0,,0,,,0,0,0,0,0,0,,0,73,73,900,5,1,0,581,319,54,89.3070285102876,1,1.54905335628227,0.277566539923954,0.316621253405995,0.637984687270128,0,122.0,195.0
2006,REG,00-0006305,,Ahman Green,RB,RB,,14,GB,0,0,0,0,0,0,0,0,0,0,0,0,,0,,,266,1059,5,2,2,55,-19.6553187385505,0,47,47,380,1,2,0,-36,416,15,15.0750315857356,0,-10.5555555555556,0.18007662835249,-0.0269662921348315,0.251238538034354,0,175.9,222.9
2006,REG,00-0006355,,Trent Green,QB,QB,,8,KC,121,198,1342,7,9,24,127,4,3,1621,552,76,-7.431508433152,0,0.827884022208513,0.0427042722922664,19,59,0,1,0,5,-5.8060400104421,0,0,0,0,0,0,0,0,0,0,,0,,,,,0,63.58,63.58
2006,REG,00-0006423,,Brian Griese,QB,QB,,5,CHI,18,32,220,1,2,3,22,0,0,249,101,10,-2.29107634457189,0,0.883534136546185,-0.016038096985797,6,-5,0,1,1,0,-11.1752052435186,0,0,0,0,0,0,0,0,0,0,,0,,,,,0,6.3,6.3
2006,REG,00-0006627,,Az-Zahir Hakim,WR,WR,,5,DET,0,0,0,0,0,0,0,0,0,0,0,0,,0,,,1,1,0,0,0,0,0.221800921135582,0,17,17,147,0,0,0,88,59,6,10.4409321533167,0,1.67045454545455,0.138211382113821,0.114137483787289,0.287213311821834,0,14.8,31.8
2006,REG,00-0006777,,Karl Hankton,WR,WR,,2,CAR,0,0,0,0,0,0,0,0,0,0,0,0,,0,,,0,0,0,0,0,0,,0,3,3,31,0,0,0,20,11,2,3.87991317291744,0,1.55,0.0517241379310345,0.0483091787439614,0.111402632017325,0,3.1,6.1
2006,REG,00-0007024,,Marvin Harrison,WR,WR,,16,IND,0,0,0,0,0,0,0,0,0,0,0,0,,0,,,0,0,0,0,0,0,,0,95,95,1366,12,1,1,1078,288,78,129.179957926001,0,1.26716141001855,0.262430939226519,0.360535117056856,0.646020990779578,0,206.6,301.6
2006,REG,00-0007091,,Matt Hasselbeck,QB,QB,"https://static.www.nfl.com/image/private/f_auto,q_auto/league/t1nf9avoy2kauqwrvzza",12,SEA,210,371,2442,18,15,34,229,2,2,3722,792,125,-9.68787808255802,1,0.656098871574422,0.0478309564551254,18,110,0,1,0,7,6.32033680894529,0,0,0,0,0,0,0,0,0,0,,0,,,,,0,148.68,148.68
2006,REG,00-0007213,,Steve Heiden,TE,TE,"https://static.www.nfl.com/image/private/f_auto,q_auto/league/gbtrxatwcauhazpjejcr",15,CLE,0,0,0,0,0,0,0,0,0,0,0,0,,0,,,0,0,0,0,0,0,,0,36,36,249,2,0,0,95,154,9,12.8022351908576,0,2.62105263157895,0.117263843648208,0.0606253988513082,0.218333544668228,0,36.9,72.9
2006,REG,00-0007254,,William Henderson,FB,RB,,7,GB,0,0,0,0,0,0,0,0,0,0,0,0,,0,,,0,0,0,0,0,0,,0,12,12,62,0,0,0,1,61,3,1.32630895223701,0,62.0,0.0794701986754967,0.0014064697609001,0.120189826845875,0,6.2,18.2
2006,REG,00-0007357,,Chris Hetherington,FB,RB,,2,SF,0,0,0,0,0,0,0,0,0,0,0,0,,0,,,0,0,0,0,0,0,,0,2,2,0,0,0,0,-2,2,0,-1.76902190397959,0,0.0,0.0588235294117647,-0.0173913043478261,0.0760613810741688,0,0.0,2.0
2006,REG,00-0007468,,Ike Hilliard,WR,WR,,14,TB,0,0,0,0,0,0,0,0,0,0,0,0,,0,,,0,0,0,0,0,0,,0,34,34,339,2,0,0,205,134,19,23.0145284247462,0,1.65365853658537,0.134387351778656,0.140796703296703,0.300138719975676,0,45.9,79.9
2006,REG,00-0007546,,James Hodgins,RB,RB,,2,NYJ,0,0,0,0,0,0,0,0,0,0,0,0,,0,,,0,0,0,0,0,0,,0,2,2,9,0,0,0,2,7,0,-0.277892862213776,0,4.5,0.0434782608695652,0.0104712041884817,0.072547234236285,0,0.9,2.9
2006,REG,00-0007681,,Torry Holt,WR,WR,,16,LA,0,0,0,0,0,0,0,0,0,0,0,0,,0,,,0,0,0,0,0,0,,0,93,93,1188,10,2,1,917,271,67,104.050327880941,0,1.29552889858233,0.250673854447439,0.338376383763838,0.612874250305845,0,176.8,269.8
2006,REG,00-0007744,,Joe Horn,WR,WR,,10,NO,0,1,0,0,0,0,0,0,0,2,0,0,-1.70606960053556,0,0.0,,0,0,0,0,0,0,,0,37,37,679,4,0,0,486,193,28,58.3851586817469,1,1.39711934156379,0.15546218487395,0.317439581972567,0.455400984691721,0,93.9,130.9
2006,REG,00-0007835,,Damon Huard,QB,QB,,10,KC,148,244,1878,11,1,16,106,5,4,1973,760,106,32.4785323630519,1,0.951849974657881,0.0701750221201138,9,9,0,4,1,0,-8.74637290247483,0,2,2,-6,0,1,1,-4,-2,0,-6.2444510741625,0,0.0,0.0625,-0.0526315789473684,0.0569078947368421,0,107.42,109.42
2006,REG,00-0008241,,Edgerrin James,RB,RB,,16,ARI,0,0,0,0,0,0,0,0,0,0,0,0,,0,,,337,1159,6,3,3,59,-43.8337755911449,0,38,38,217,0,0,0,39,178,9,5.52363472327124,0,5.56410256410256,0.133802816901408,0.0205263157894737,0.215072646404744,0,167.6,205.6
2006,REG,00-0008442,,Brad Johnson,QB,QB,,15,MIN,270,439,2750,10,15,28,200,7,3,3414,1364,132,-72.7381884322202,0,0.805506736965436,0.030603741852584,30,82,1,2,1,7,0.0882408896286506,0,0,0,0,0,0,0,0,0,0,,0,,,,,0,126.2,126.2
2006,REG,00-0008484,,Dirk Johnson,P,SPEC,,1,PHI,0,0,0,0,0,0,0,0,0,0,0,0,,0,,,1,0,0,0,0,0,-3.50048955989769,0,0,0,0,0,0,0,0,0,0,,0,,,,,0,0.0,0.0
2006,REG,00-0008561,,Keyshawn Johnson,WR,WR,,16,CAR,0,1,0,0,1,0,0,0,0,20,0,0,-4.12562867696397,0,0.0,,1,4,1,0,0,1,1.74055767641403,0,70,70,815,4,1,1,600,215,42,65.4234824157539,0,1.35833333333333,0.215384615384615,0.310719834282755,0.540580807074852,0,107.9,177.9
2006,REG,00-0008962,,Joe Jurevicius,WR,WR,,11,CLE,0,0,0,0,0,0,0,0,0,0,0,0,,0,,,0,0,0,0,0,0,,0,40,40,495,3,0,0,327,168,31,44.60633272212,0,1.51376146788991,0.181818181818182,0.289124668435013,0.475114540631782,0,67.5,107.5
2006,REG,00-0009119,,Reggie Kelly,TE,TE,,12,CIN,0,0,0,0,0,0,0,0,0,0,0,0,,0,,,0,0,0,0,0,0,,0,21,21,254,1,0,0,168,86,12,20.8964542766335,0,1.51190476190476,0.0850202429149798,0.0837487537387837,0.186154491989618,0,31.4,52.4
2006,REG,00-0009163,,Eddie Kennison,WR,WR,,16,KC,0,0,0,0,0,0,0,0,0,0,0,0,,0,,,4,16,0,0,0,0,-0.0133709592046216,0,53,53,860,5,0,0,689,171,41,70.6524965761137,0,1.24818577648766,0.194852941176471,0.358294331773271,0.543085444005996,0,117.6,170.6
2006,REG,00-0009311,,Jon Kitna,QB,QB,,16,DET,372,596,4208,21,22,63,388,8,7,5040,1698,208,-33.9915160928542,0,0.834920634920635,0.0415706797626721,34,156,2,3,2,9,0.108212447580059,0,0,0,0,0,0,0,0,0,0,,0,,,,,0,217.92,217.92
2006,REG,00-0009323,,Jimmy Kleinsasser,TE,TE,,6,MIN,0,0,0,0,0,0,0,0,0,0,0,0,,0,,,0,0,0,0,0,0,,0,7,7,47,0,0,0,29,18,1,2.09505461726803,0,1.62068965517241,0.0555555555555556,0.0414285714285714,0.112333333333333,0,4.7,11.7
2006,REG,00-0009443,,Brian Kozlowski,TE,TE,,1,WAS,0,0,0,0,0,0,0,0,0,0,0,0,,0,,,0,0,0,0,0,0,,0,1,1,1,0,0,0,0,1,0,-0.835644292004872,0,0.0,0.0909090909090909,,,0,0.1,1.1
2006,REG,00-0010072,,Ryan Longwell,K,SPEC,,1,MIN,1,1,16,1,0,0,0,0,0,1,15,1,4.30562793335412,0,16.0,,0,0,0,0,0,0,,0,0,0,0,0,0,0,0,0,0,,0,,,,,0,4.64,4.64
2006,REG,00-0010333,,Kris Mangum,TE,TE,,9,CAR,0,0,0,0,0,0,0,0,0,0,0,0,,0,,,0,0,0,0,0,0,,0,21,21,170,1,0,0,97,73,11,12.2528752579237,0,1.75257731958763,0.103448275862069,0.0766192733017378,0.20880590510432,0,23.0,44.0
2006,REG,00-0010346,,Peyton Manning,QB,QB,"https://static.www.nfl.com/image/private/f_auto,q_auto/league/xpcd6auodk3w0vda6jal",16,IND,362,557,4397,31,9,14,86,2,1,5332,1407,241,182.552632404587,1,0.824643660915229,0.196218242792532,23,36,4,0,0,7,2.93418679707077,0,0,0,0,0,0,0,0,0,0,,0,,,,,0,309.48,309.48
2006,REG,00-0010455,,Jamie Martin,QB,QB,,1,NO,16,24,208,1,1,5,18,3,1,178,121,6,-10.8243432647432,0,1.1685393258427,0.0978041762769923,0,0,0,0,0,0,,0,0,0,0,0,0,0,0,0,0,,0,,,,,0,8.32,8.32
2006,REG,00-0010500,,Derrick Mason,WR,WR,,15,BAL,0,0,0,0,0,0,0,0,0,0,0,0,,0,,,1,-4,0,0,0,0,-1.43424197041895,0,68,68,750,2,0,0,602,148,45,74.0993162768847,0,1.24584717607973,0.220064724919094,0.296114117068372,0.537376969326501,0,86.6,154.6
2006,REG,00-0010609,,Brad Maynard,P,SPEC,,1,CHI,1,1,37,0,0,0,0,0,0,11,26,1,5.1551312468946,0,3.36363636363636,,0,0,0,0,0,0,,0,0,0,0,0,0,0,0,0,0,,0,,,,,0,1.48,1.48
2006,REG,00-0010632,,Fred McAfee,RB,RB,,1,NO,0,0,0,0,0,0,0,0,0,0,0,0,,0,,,3,12,1,0,0,1,2.38682072854135,0,0,0,0,0,0,0,0,0,0,,0,,,,,0,7.2,7.2
2006,REG,00-0010668,,Keenan McCardell,WR,WR,,12,LAC,0,0,0,0,0,0,0,0,0,0,0,0,,0,,,1,8,0,0,0,0,0.594078320427798,0,36,36,437,0,1,1,349,88,24,31.0427151513286,0,1.25214899713467,0.152542372881356,0.215965346534653,0.379989301896291,0,42.5,78.5
2006,REG,00-0010747,,Fred McCrary,RB,RB,,3,ATL,0,0,0,0,0,0,0,0,0,0,0,0,,0,,,0,0,0,0,0,0,,0,3,3,13,1,0,0,-4,17,2,3.45194002089556,0,-3.25,0.0714285714285714,-0.0136054421768707,0.0976190476190476,0,7.3,10.3
2006,REG,00-0011022,,Donovan McNabb,QB,QB,,10,PHI,180,316,2612,18,6,21,140,1,1,2792,1316,113,36.7047777380964,0,0.935530085959885,0.104538186314544,32,212,3,2,1,14,6.6680810781545,0,0,0,0,0,0,0,0,0,0,,0,,,,,0,199.68,199.68
2006,REG,00-0011024,,Steve McNair,QB,QB,,16,BAL,295,468,3050,16,12,14,84,3,0,3473,1196,159,39.6188503315684,0,0.878203282464728,0.103876885574649,45,119,1,4,1,16,-8.25076014408842,0,0,0,0,0,0,0,0,0,0,,0,,,,,0,177.9,177.9
2006,REG,00-0011224,,Itula Mili,TE,TE,,6,SEA,0,0,0,0,0,0,0,0,0,0,0,0,,0,,,0,0,0,0,0,0,,0,10,10,69,0,0,0,39,30,4,3.45322150405264,0,1.76923076923077,0.0869565217391304,0.0532786885245902,0.167729864575909,0,6.9,16.9
2006,REG,00-0011236,,Billy Miller,TE,TE,,8,NO,0,0,0,0,0,0,0,0,0,0,0,0,,0,,,0,0,0,0,0,0,,0,14,14,129,0,1,1,85,44,7,5.56602071216912,1,1.51764705882353,0.0777777777777778,0.0684931506849315,0.164611872146119,0,12.9,26.9
2006,REG,00-0011551,,Dave Moore,TE,TE,,1,TB,0,0,0,0,0,0,0,0,0,0,0,0,,0,,,0,0,0,0,0,0,,0,1,1,9,0,1,1,9,0,0,-4.99433347414015,0,1.0,0.0625,0.0625,0.1375,0,-1.1,-0.1
2006,REG,00-0011626,,Brian Moorman,P,SPEC,,3,BUF,0,1,0,0,0,0,0,0,0,0,0,0,-2.80356731708162,0,,,2,2,0,1,1,1,-0.649480555206537,0,0,0,0,0,0,0,0,0,0,,0,,,,,0,-1.8,-1.8
2006,REG,00-0011641,,Sean Morey,WR,WR,,2,PIT,0,0,0,0,0,0,0,0,0,0,0,0,,0,,,0,0,0,0,0,0,,0,2,2,29,0,0,0,26,3,2,2.6827156196814,0,1.11538461538462,0.0571428571428571,0.053941908713693,0.123473621813871,0,2.9,4.9
2006,REG,00-0011754,,Randy Moss,WR,WR,,12,LV,0,0,0,0,0,0,0,0,0,0,0,0,,0,,,0,0,0,0,0,0,,0,42,42,553,3,0,0,437,116,29,51.0480920285918,0,1.26544622425629,0.232044198895028,0.312365975696926,0.56672248133039,0,73.3,115.3
2006,REG,00-0011770,,Eric Moulds,WR,WR,,15,HOU,0,0,0,0,0,0,0,0,0,0,0,0,,0,,,1,6,0,0,0,0,0.486031260807067,0,57,57,557,1,1,0,334,223,33,38.5400854847536,0,1.66766467065868,0.182108626198083,0.251506024096386,0.449217156164595,0,62.3,119.3
2006,REG,00-0011795,,Muhsin Muhammad,WR,WR,,16,CHI,0,0,0,0,0,0,0,0,0,0,0,0,,0,,,0,0,0,0,0,0,,0,60,60,863,5,1,1,670,193,45,78.7922849236638,0,1.28805970149254,0.212765957446809,0.326829268292683,0.547929423975091,0,114.3,174.3
2006,REG,00-0011958,,Lorenzo Neal,FB,RB,,15,LAC,0,0,0,0,0,0,0,0,0,0,0,0,,0,,,29,140,1,1,0,21,9.11736890880962,0,17,17,82,0,1,0,-4,86,3,-1.99621422967175,0,-20.5,0.0714285714285714,-0.003112840466926,0.104963868816009,0,28.2,45.2
2006,REG,00-0012478,,Terrell Owens,WR,WR,,16,DAL,0,0,0,0,0,0,0,0,0,0,0,0,,0,,,0,0,0,0,0,0,,0,85,85,1180,13,0,0,817,363,62,117.487370489984,1,1.44430844553244,0.274193548387097,0.311119573495811,0.629074024027713,0,198.0,283.0
2006,REG,00-0012642,,David Patten,WR,WR,,1,WAS,0,0,0,0,0,0,0,0,0,0,0,0,,0,,,0,0,0,0,0,0,,0,1,1,25,0,0,0,24,1,1,1.636364989914,0,1.04166666666667,0.0416666666666667,0.51063829787234,0.419946808510638,0,2.5,3.5
2006,REG,00-0013013,,Michael Pittman,RB,RB,"https://static.www.nfl.com/image/private/f_auto,q_auto/league/xt52pieoe86wnuy0imar",16,TB,0,0,0,0,0,0,0,0,0,0,0,0,,0,,,50,245,1,1,0,12,3.85798077162121,0,47,47,405,0,0,0,143,262,15,12.500977561227,0,2.83216783216783,0.158783783783784,0.087248322147651,0.299249501179031,0,71.0,118.0
2006,REG,00-0013042,,Jake Plummer,QB,QB,,12,DEN,175,317,1994,11,13,18,111,4,2,2925,829,103,-26.1250659716541,0,0.681709401709402,0.0167641432201896,36,112,1,3,0,10,0.603257281975924,0,0,0,0,0,0,0,0,0,0,,0,,,,,0,110.96,110.96
2006,REG,00-0013080,,Marcus Pollard,TE,TE,,9,DET,0,0,0,0,0,0,0,0,0,0,0,0,,0,,,0,0,0,0,0,0,,0,12,12,100,0,0,0,38,62,6,3.67684842849849,0,2.63157894736842,0.0588235294117647,0.0278796771826853,0.107751068145527,0,10.0,22.0
2006,REG,00-0013232,,Peerless Price,WR,WR,,16,BUF,0,0,0,0,0,0,0,0,0,0,0,0,,0,,,5,18,0,0,0,1,0.90449389180867,0,50,50,402,3,1,1,253,149,20,29.0387304394681,0,1.58893280632411,0.185873605947955,0.145152036718302,0.380416834624744,0,58.0,108.0
2006,REG,00-0013268,,Ricky Proehl,WR,WR,,2,IND,0,0,0,0,0,0,0,0,0,0,0,0,,0,,,0,0,0,0,0,0,,0,3,3,30,0,0,0,26,4,1,2.16750365553889,0,1.15384615384615,0.0555555555555556,0.0695187165775401,0.131996434937611,0,3.0,6.0
2006,REG,00-0013694,,Tony Richardson,FB,RB,,7,MIN,0,0,0,0,0,0,0,0,0,0,0,0,,0,,,5,12,0,0,0,2,-1.29398993983565,0,13,13,111,0,0,0,20,91,7,11.048104288755,0,5.55,0.0948905109489051,0.0321543408360129,0.164843805008567,0,12.3,25.3
2006,REG,00-0013888,,Marcus Robinson,WR,WR,,8,MIN,0,0,0,0,0,0,0,0,0,0,0,0,,0,,,0,0,0,0,0,0,,0,29,29,381,4,2,0,270,111,20,37.398820964917,0,1.41111111111111,0.169590643274854,0.290010741138561,0.457393483709273,0,62.1,91.1
2006,REG,00-0014450,,Cory Schlesinger,RB,RB,,4,DET,0,0,0,0,0,0,0,0,0,0,0,0,,0,,,0,0,0,0,0,0,,0,8,8,36,0,0,0,17,19,0,-0.49714487750316,0,2.11764705882353,0.0842105263157895,0.0261538461538462,0.144623481781377,0,3.6,11.6
2006,REG,00-0014655,,Mike Sellers,TE,TE,,14,WAS,0,0,0,0,0,0,0,0,0,0,0,0,,0,,,12,51,0,0,0,7,4.41193700459553,0,18,18,105,1,0,0,21,79,6,4.66512572523789,0,5.0,0.0861244019138756,0.0185348631950574,0.142161007107354,0,21.6,39.6
2006,REG,00-0014775,,Daimon Shelton,FB,RB,,3,BUF,0,0,0,0,0,0,0,0,0,0,0,0,,0,,,0,0,0,0,0,0,,0,7,7,35,0,0,0,12,23,2,2.41505527985282,0,2.91666666666667,0.12280701754386,0.0286396181384248,0.204258259012687,0,3.5,10.5
2006,REG,00-0014902,,Jason Simmons,DB,DB,,1,HOU,0,0,0,0,0,0,0,0,0,0,0,0,,0,,,1,0,0,0,0,0,-2.83382298052311,0,0,0,0,0,0,0,0,0,0,,0,,,,,0,0.0,0.0
2006,REG,00-0015290,,Rod Smith,WR,WR,,16,DEN,0,0,0,0,0,0,0,0,0,0,0,0,,0,,,1,-5,0,0,0,0,-1.29618798103184,0,52,52,512,3,2,1,367,143,33,42.9128668456747,0,1.39509536784741,0.203125,0.208522727272727,0.450653409090909,0,66.7,118.7
2006,REG,00-0015420,,Jerald Sowell,FB,RB,,1,TB,0,0,0,0,0,0,0,0,0,0,0,0,,0,,,0,0,0,0,0,0,,0,1,1,6,0,0,0,4,2,0,0.158489319263026,0,1.5,0.0714285714285714,0.0444444444444444,0.138253968253968,0,0.6,1.6
2006,REG,00-0015550,,Chad Stanley,P,SPEC,,1,HOU,0,0,0,0,0,0,0,0,0,0,0,0,,0,,,1,0,0,1,0,0,-2.54867847310379,0,0,0,0,0,0,0,0,0,0,,0,,,,,0,0.0,0.0
2006,REG,00-0015601,,Aaron Stecker,RB,RB,,7,NO,0,0,0,0,0,0,0,0,0,0,0,0,,0,,,4,11,0,0,0,0,-1.38141164369881,0,19,19,190,0,0,0,108,82,9,11.4944849426392,0,1.75925925925926,0.102150537634409,0.0831408775981524,0.21142442077032,0,20.1,39.1
2006,REG,00-0015754,,Brandon Stokley,WR,WR,,4,IND,0,0,0,0,0,0,0,0,0,0,0,0,,0,,,0,0,0,0,0,0,,0,8,8,85,1,0,0,59,26,3,6.41752924816683,0,1.44067796610169,0.0869565217391304,0.0736579275905119,0.181995331922054,0,14.5,22.5
2006,REG,00-0015830,,Mack Strong,FB,RB,,15,SEA,0,0,0,0,0,0,0,0,0,0,0,0,,0,,,33,149,1,0,0,12,-1.25207087895883,0,29,29,159,0,2,2,38,121,4,-1.61047416442307,0,4.18421052631579,0.117408906882591,0.0202020202020202,0.190254774465301,0,32.8,61.8
2006,REG,00-0016098,,Fred Taylor,RB,RB,,15,JAX,0,0,0,0,0,0,0,0,0,0,0,0,,0,,,231,1146,5,2,1,46,2.94652316448628,0,23,23,242,1,1,1,-10,252,8,7.49238370495732,0,-24.2,0.130681818181818,-0.0098716683119447,0.189112559454366,0,170.8,193.8
2006,REG,00-0016193,,Vinny Testaverde,QB,QB,,3,NE,2,3,29,1,0,0,0,0,0,11,18,2,6.22999053751119,0,2.63636363636364,,8,-8,0,0,0,0,-6.69893883023178,0,0,0,0,0,0,0,0,0,0,,0,,,,,0,4.36,4.36
2006,REG,00-0016440,,James Thrash,WR,WR,,6,WAS,0,0,0,0,0,0,0,0,0,0,0,0,,0,,,0,0,0,0,0,0,,0,12,12,151,1,0,0,134,17,9,13.9911741055839,0,1.12686567164179,0.11214953271028,0.206153846153846,0.312531991373113,0,21.1,33.1
2006,REG,00-0016550,,Amani Toomer,WR,WR,,8,NYG,0,0,0,0,0,0,0,0,0,0,0,0,,0,,,1,0,0,0,0,0,-0.679031557752751,0,32,32,360,3,0,0,310,50,22,31.9919356057482,0,1.16129032258065,0.19047619047619,0.248198558847078,0.45945327690724,0,54.0,86.0
2006,REG,00-0016677,,Jerame Tuman,TE,TE,,7,PIT,0,0,0,0,0,0,0,0,0,0,0,0,,0,,,0,0,0,0,0,0,,0,7,7,73,1,0,0,42,31,5,7.48374480841449,0,1.73809523809524,0.0479452054794521,0.0351464435146444,0.0965203186794291,0,13.3,20.3
2006,REG,00-0016689,,Matt Turk,P,SPEC,,1,LA,0,0,0,0,0,0,0,0,0,0,0,0,,0,,,2,19,0,1,0,1,0.552294124849141,0,0,0,0,0,0,0,0,0,0,,0,,,,,0,1.9,1.9
2006,REG,00-0017162,,Hines Ward,WR,WR,,14,PIT,0,0,0,0,0,0,0,0,0,0,0,0,,0,,,2,30,0,0,0,1,1.4410600180272,0,74,74,975,6,2,1,629,346,50,82.8983939424215,0,1.55007949125596,0.256055363321799,0.312624254473161,0.602920023113912,0,134.5,208.5
2006,REG,00-0017200,,Kurt Warner,QB,QB,,6,ARI,108,168,1377,6,5,14,104,6,2,1288,641,63,10.3729239903746,0,1.06909937888199,0.081986986017741,13,3,0,3,1,3,-5.13476769327014,0,0,0,0,0,0,0,0,0,0,,0,,,,,0,63.38,63.38
2006,REG,00-0017611,,Alvis Whitted,WR,WR,,12,LV,0,0,0,0,0,0,0,0,0,0,0,0,,0,,,1,4,0,0,0,0,-0.124123512767255,0,27,27,299,0,1,1,278,21,17,24.1525693620788,0,1.07553956834532,0.141361256544503,0.182295081967213,0.339648442193803,0,28.3,55.3
2006,REG,00-0017644,,Jermaine Wiggins,TE,TE,,15,MIN,0,0,0,0,0,0,0,0,0,0,0,0,,0,,,0,0,0,0,0,0,,0,46,46,386,1,1,0,248,138,19,25.2582351509452,0,1.55645161290323,0.146496815286624,0.164129715420251,0.334636023724112,0,44.6,90.6
2006,REG,00-0017697,,Terrence Wilkins,WR,WR,,1,IND,0,0,0,0,0,0,0,0,0,0,0,0,,0,,,0,0,0,0,0,0,,0,0,0,0,0,0,0,0,0,0,,0,,,,,1,6.0,6.0
2006,REG,00-0018272,,Anthony Wright,QB,QB,,2,CIN,3,3,31,0,0,1,9,0,0,-2,33,1,3.36312500506756,0,0.0,,3,-3,0,0,0,0,-5.54563845068333,0,0,0,0,0,0,0,0,0,0,,0,,,,,0,0.94,0.94
2006,REG,00-0018578,,Ryan Neufeld,TE,TE,,1,BUF,0,0,0,0,0,0,0,0,0,0,0,0,,0,,,0,0,0,0,0,0,,0,1,1,4,1,0,0,4,0,1,1.21271687478293,0,1.0,0.0476190476190476,0.0294117647058824,0.0920168067226891,0,6.4,7.4
2006,REG,00-0018958,,Laveranues Coles,WR,WR,,16,NYJ,0,0,0,0,0,0,0,0,0,0,0,0,,0,,,2,14,0,0,0,1,0.190303169307299,0,91,91,1098,6,1,0,755,343,52,93.6305776587469,0,1.45430463576159,0.29073482428115,0.389175257731959,0.708524916834096,0,147.2,238.2
2006,REG,00-0019041,,Billy Volek,QB,QB,,1,LAC,1,2,4,0,0,1,6,0,0,8,0,0,-4.31838305015117,0,0.5,,3,-3,0,0,0,0,-3.77912244776962,0,0,0,0,0,0,0,0,0,0,,0,,,,,0,-0.14,-0.14
2006,REG,00-0019100,,Brad Hoover,FB,RB,,14,CAR,0,0,0,0,0,0,0,0,0,0,0,0,,0,,,22,73,1,1,1,10,-3.85556270807865,0,20,20,122,0,0,0,44,78,4,-0.234180068721194,0,2.77272727272727,0.0865800865800866,0.0358890701468189,0.154992478972903,0,23.5,43.5
2006,REG,00-0019127,,Todd Yoder,TE,TE,,1,WAS,0,0,0,0,0,0,0,0,0,0,0,0,,0,,,0,0,0,0,0,0,,0,1,1,4,1,0,0,4,0,1,2.0737254168198,0,1.0,0.0526315789473684,0.0396039603960396,0.10667014069828,0,6.4,7.4
2006,REG,00-0019135,,Dan Kreider,FB,RB,,6,PIT,0,0,0,0,0,0,0,0,0,0,0,0,,0,,,1,5,0,0,0,0,0.0284592597745359,0,8,8,62,0,0,0,12,50,2,3.55811075563543,0,5.16666666666667,0.0869565217391304,0.0160642570281124,0.141679762528374,0,6.7,14.7
2006,REG,00-0019153,,Marlion Jackson,RB,RB,,1,ATL,0,0,0,0,0,0,0,0,0,0,0,0,,0,,,1,2,0,0,0,0,-0.445746618090197,0,0,0,0,0,0,0,0,0,0,,0,,,,,0,0.2,0.2
2006,REG,00-0019242,,Dane Looker,WR,WR,,1,LA,0,0,0,0,0,0,0,0,0,0,0,0,,0,,,1,13,0,0,0,1,1.01951721613295,0,0,0,0,0,0,0,0,0,0,,0,,,,,0,1.3,1.3
2006,REG,00-0019281,,Mike Furrey,WR,WR,,16,DET,0,0,0,0,0,0,0,0,0,0,0,0,,0,,,0,0,0,0,0,0,,0,98,98,1086,6,1,1,839,247,54,87.0953191754044,0,1.29439809296782,0.263440860215054,0.334262948207171,0.629145354067601,0,142.6,240.6
2006,REG,00-0019302,,Bryan Gilmore,WR,WR,,10,SF,0,0,0,0,0,0,0,0,0,0,0,0,,0,,,7,94,0,1,1,5,3.72333082999103,0,8,8,150,1,0,0,112,38,5,9.92571456031874,0,1.33928571428571,0.0645161290322581,0.173106646058733,0.2179488457895,0,28.4,36.4
2006,REG,00-0019457,,Anthony Becht,TE,TE,,10,TB,0,0,0,0,0,0,0,0,0,0,0,0,,0,,,0,0,0,0,0,0,,0,18,18,115,1,1,0,63,52,4,5.49189530049467,0,1.82539682539683,0.0904522613065327,0.0628115653040877,0.17964648767266,0,17.5,35.5
2006,REG,00-0019484,,Sammy Morris,RB,RB,,12,MIA,0,0,0,0,0,0,0,0,0,0,0,0,,0,,,92,400,1,2,2,17,-14.7955237973286,0,21,21,162,0,1,0,33,129,8,8.13759162543001,0,4.90909090909091,0.106060606060606,0.0284974093264249,0.179039095619407,0,58.2,79.2
2006,REG,00-0019533,,Patrick Pass,RB,RB,,2,NE,0,0,0,0,0,0,0,0,0,0,0,0,,0,,,6,21,0,1,1,1,-4.30475897027645,0,2,2,24,0,0,0,0,24,1,1.33758290018886,0,0.0,0.0487804878048781,0.0,0.0731707317073171,0,2.5,4.5
2006,REG,00-0019539,,Dante Hall,WR,WR,,13,KC,0,0,0,0,0,0,0,0,0,0,0,0,,0,,,3,11,0,0,0,0,-0.418594572227448,0,26,26,204,2,0,0,136,68,15,17.3475753732491,0,1.5,0.13265306122449,0.10625,0.273354591836735,1,39.5,65.5
2006,REG,00-0019552,,Troy Walters,WR,WR,,11,ARI,0,0,0,0,0,0,0,0,0,0,0,0,,0,,,0,0,0,0,0,0,,0,23,23,209,2,0,0,113,96,13,14.8474219116615,0,1.84955752212389,0.109004739336493,0.0790762771168649,0.218860502986545,0,32.9,55.9
2006,REG,00-0019559,,Chad Pennington,QB,QB,,16,NYJ,313,485,3352,17,16,29,172,5,4,3660,1412,161,24.7447979457158,0,0.915846994535519,0.0996099404287355,36,111,0,2,0,12,6.10147932558903,0,0,0,0,0,0,0,0,0,0,,0,,,,,0,173.18,173.18
2006,REG,00-0019587,,Terrelle Smith,FB,RB,,10,CLE,0,0,0,0,0,0,0,0,0,0,0,0,,0,,,8,14,0,0,0,1,-2.97162985033356,0,8,8,21,0,0,0,-3,24,0,-2.72141292362658,0,-7.0,0.0740740740740741,-0.0265486725663717,0.0925270403146509,0,3.5,11.5
2006,REG,00-0019590,,Chad Morton,RB,RB,,1,NYG,0,0,0,0,0,0,0,0,0,0,0,0,,0,,,1,22,0,0,0,1,1.37660694727674,0,0,0,0,0,0,0,0,0,0,,0,,,,,0,2.2,2.2
2006,REG,00-0019594,,Mike Anderson,RB,RB,,13,BAL,0,0,0,0,0,0,0,0,0,0,0,0,,0,,,39,183,1,0,0,10,0.379975755330178,0,9,9,54,0,0,0,7,47,2,-3.09862827057521,0,7.71428571428571,0.0703125,0.0131332082551595,0.114661995778612,0,29.7,38.7
2006,REG,00-0019596,T.Brady,Tom Brady,QB,QB,"https://static.www.nfl.com/image/private/f_auto,q_auto/league/q7dpdlxyu5rs05rgh1le",16,NE,320,517,3533,24,12,26,175,11,3,4170,1673,176,67.655010135166,2,0.847242206235012,0.110992335896881,49,102,0,1,1,13,-3.51286957989214,0,0,0,0,0,0,0,0,0,0,,0,,,,,0,219.52,219.52
2006,REG,00-0019599,,Marc Bulger,QB,QB,,16,LA,370,588,4301,24,8,49,366,4,2,5291,1618,211,55.1809707509262,1,0.812889812889813,0.0977654867238769,18,44,0,2,1,5,-7.42710764060465,0,0,0,0,0,0,0,0,0,0,,0,,,,,0,252.44,252.44
2006,REG,00-0019610,,Reuben Droughns,RB,RB,,14,CLE,0,0,0,0,0,0,0,0,0,0,0,0,,0,,,220,758,4,5,4,38,-46.4740981846363,0,27,27,169,0,0,0,-32,201,10,0.932563118246018,0,-5.28125,0.113924050632911,-0.0263157894736842,0.152465023317788,0,108.7,135.7
2006,REG,00-0019623,,Tim Rattay,QB,QB,,4,TB,61,101,748,4,2,4,18,1,1,587,334,26,9.13424807850837,0,1.27427597955707,0.0748658107165754,4,3,0,1,0,1,-5.03731790624443,0,0,0,0,0,0,0,0,0,0,,0,,,,,0,40.22,40.22
2006,REG,00-0019641,,Thomas Jones,RB,RB,,16,CHI,1,1,-4,0,0,0,0,0,0,-13,9,0,-1.08079964085482,0,0.0,,297,1205,6,1,1,61,-13.6608723703186,0,36,36,154,0,0,0,-57,211,5,-5.11196470143859,0,-2.70175438596491,0.130434782608696,-0.0292758089368259,0.175159107657265,0,169.74,205.74
2006,REG,00-0019642,,Plaxico Burress,WR,WR,,15,NYG,0,0,0,0,0,0,0,0,0,0,0,0,,0,,,0,0,0,0,0,0,,0,63,66,988,10,2,1,790,216,44,82.9918807593349,0,1.25063291139241,0.226027397260274,0.418875927889714,0.632254245413211,0,156.8,219.8
2006,REG,00-0019643,,Ron Dayne,RB,RB,,10,HOU,0,0,0,0,0,0,0,0,0,0,0,0,,0,,,151,612,5,1,0,39,8.29729116972462,1,14,14,77,0,0,0,-12,89,3,1.12708909581607,0,-6.41666666666667,0.0804597701149425,-0.0164383561643836,0.109182805857345,0,100.9,114.9
2006,REG,00-0019644,,Bubba Franks,TE,TE,,11,GB,0,0,0,0,0,0,0,0,0,0,0,0,,0,,,0,0,0,0,0,0,,0,25,25,232,0,2,1,128,104,13,13.3432746019098,0,1.8125,0.100806451612903,0.0907158043940468,0.214710740495188,0,21.2,46.2
2006,REG,00-0019647,,Shaun Alexander,RB,RB,,10,SEA,0,0,0,0,0,0,0,0,0,0,0,0,,0,,,252,896,7,5,3,54,-34.5818996169624,0,12,12,48,0,1,0,-8,51,2,1.51161317812512,0,-6.0,0.08,-0.0080240722166499,0.114383149448345,0,130.4,142.4
2006,REG,00-0019650,,Dennis Northcutt,WR,WR,,11,CLE,0,0,0,0,0,0,0,0,0,0,0,0,,0,,,3,32,0,1,1,1,-0.507471382850781,0,22,22,228,0,0,0,105,123,10,12.5015997122973,0,2.17142857142857,0.10377358490566,0.0958904109589041,0.222783665029723,0,24.0,46.0
2006,REG,00-0019663,,Darrell Jackson,WR,WR,,13,SEA,0,0,0,0,0,0,0,0,0,0,0,0,,0,,,0,0,0,0,0,0,,0,63,63,956,10,1,0,725,231,44,87.4371006108587,0,1.31862068965517,0.264705882352941,0.391680172879525,0.671234944545079,0,155.6,218.6
2006,REG,00-0019693,,Jamal Lewis,RB,RB,,16,BAL,0,0,0,0,0,0,0,0,0,0,0,0,,0,,,314,1132,9,4,2,46,-41.9426622980186,0,18,18,115,0,0,0,12,103,5,5.62187026301399,0,9.58333333333333,0.0829493087557604,0.0099585062240663,0.131394917490487,0,174.7,192.7
2006,REG,00-0019703,,Jerry Porter,WR,WR,,1,LV,0,0,0,0,0,0,0,0,0,0,0,0,,0,,,0,0,0,0,0,0,,0,1,1,19,0,0,0,19,0,1,2.00025923125213,0,1.0,0.2,0.441860465116279,0.609302325581395,0,1.9,2.9
2006,REG,00-0019721,,Travis Taylor,WR,WR,,16,MIN,0,0,0,0,0,0,0,0,0,0,0,0,,0,,,1,5,0,0,0,0,0.299053212627769,0,57,57,651,3,2,2,446,205,29,39.0235665743926,0,1.45964125560538,0.171686746987952,0.26547619047619,0.443363453815261,0,79.6,136.6
2006,REG,00-0019794,,Aveion Cason,RB,RB,,5,DET,0,0,0,0,0,0,0,0,0,0,0,0,,0,,,24,94,0,0,0,4,-4.27888117963448,0,5,5,26,0,0,0,-3,29,1,-1.30121730174869,0,-8.66666666666667,0.1,-0.0082191780821917,0.144246575342466,0,12.0,17.0
2006,REG,00-0019808,,Kenny Watson,RB,RB,,15,CIN,0,0,0,0,0,0,0,0,0,0,0,0,,0,,,25,138,1,0,0,6,-4.1318921943632,0,23,23,213,0,0,0,11,202,12,17.7349588995858,0,19.3636363636364,0.0942622950819672,0.0068707058088694,0.146202936689159,0,41.1,64.1
2006,REG,00-0019831,,Nick Goings,RB,RB,,7,CAR,0,0,0,0,0,0,0,0,0,0,0,0,,0,,,11,52,0,0,0,2,-1.47405941283796,0,10,10,107,1,0,0,25,82,4,3.98958517576102,0,4.28,0.0840336134453782,0.043859649122807,0.156752174554032,0,21.9,31.9
2006,REG,00-0019863,,Dominic Rhodes,RB,RB,,16,IND,0,0,0,0,0,0,0,0,0,0,0,0,,0,,,187,641,5,2,2,38,-26.3891247672153,0,36,36,251,0,1,1,53,198,9,7.89395410148427,0,4.73584905660377,0.126315789473684,0.0243007794589638,0.206484229831801,0,113.2,149.2
2006,REG,00-0019919,,Randal Williams,TE,TE,,13,LV,0,0,0,0,0,0,0,0,0,0,0,0,,0,,,0,0,0,0,0,0,,0,28,28,293,0,2,2,236,57,14,11.7355027984595,0,1.24152542372881,0.123893805309735,0.157859531772575,0.296342380205404,0,25.3,53.3
2006,REG,00-0019932,,Josh Parry,FB,RB,,1,SEA,0,0,0,0,0,0,0,0,0,0,0,0,,0,,,0,0,0,0,0,0,,0,1,1,11,0,0,0,4,7,1,0.792142254067585,0,2.75,0.0666666666666667,0.025974025974026,0.118181818181818,0,1.1,2.1
2006,REG,00-0019976,,Drew Bennett,WR,WR,,13,TEN,0,0,0,0,0,0,0,0,0,0,0,0,,0,,,0,0,0,0,0,0,,0,46,46,737,3,2,1,594,139,36,65.2023979415535,1,1.24074074074074,0.235897435897436,0.411072664359862,0.641597018898057,0,91.7,137.7
2006,REG,00-0019997,,Antonio Chatman,WR,WR,,2,CIN,0,0,0,0,0,0,0,0,0,0,0,0,,0,,,0,0,0,0,0,0,,0,3,3,22,0,0,0,12,10,2,2.68778379447758,0,1.83333333333333,0.0638297872340426,0.0388349514563107,0.122929146870481,0,2.2,5.2
2006,REG,00-0020022,,Marcel Shipp,RB,RB,,8,ARI,0,0,0,0,0,0,0,0,0,0,0,0,,0,,,17,41,4,0,0,8,0.571820386831494,0,6,6,60,0,0,0,18,42,3,4.49520509922877,0,3.33333333333333,0.0612244897959184,0.0239043824701195,0.108569802422961,0,34.1,40.1
2006,REG,00-0020024,,Fred Wakefield,OL,OL,,2,ARI,0,0,0,0,0,0,0,0,0,0,0,0,,0,,,0,0,0,0,0,0,,0,2,2,24,0,0,0,7,17,1,1.7706692488282,0,3.42857142857143,0.0606060606060606,0.025,0.108409090909091,0,2.4,4.4
2006,REG,00-0020127,,Daniel Wilcox,TE,TE,,11,BAL,0,0,0,0,0,0,0,0,0,0,0,0,,0,,,0,0,0,0,0,0,,0,20,20,166,3,2,2,90,76,12,9.05993280658731,0,1.84444444444444,0.0873362445414847,0.0737704918032787,0.182643711074522,0,30.6,50.6
2006,REG,00-0020245,,Mike Vick,QB,QB,"https://static.www.nfl.com/image/private/f_auto,q_auto/league/hrg4riwhpjbijfovsjrk",16,ATL,205,389,2474,20,13,45,303,5,1,4463,880,123,-66.9913129427939,0,0.554335648666816,0.0267448907731868,123,1039,2,4,2,55,52.9673707908129,0,1,1,1,0,0,0,-8,9,0,-1.22138488313193,0,0.0,0.0555555555555556,-0.0579710144927536,0.0427536231884058,0,262.96,263.96
2006,REG,00-0020268,,Tony Stewart,TE,TE,,9,CIN,0,0,0,0,0,0,0,0,0,0,0,0,,0,,,0,0,0,0,0,0,,0,14,14,120,1,0,0,68,52,5,7.88404537618044,0,1.76470588235294,0.0689655172413793,0.0433950223356733,0.13382479149704,0,18.0,32.0
2006,REG,00-0020270,,Correll Buckhalter,RB,RB,,16,PHI,0,0,0,0,0,0,0,0,0,0,0,0,,0,,,83,345,2,1,1,16,-9.36926695000147,0,23,23,201,0,1,0,1,198,10,13.3354788136785,0,201.0,0.092,0.000611620795107,0.138428134556575,0,64.6,87.6
2006,REG,00-0020285,,Alge Crumpler,TE,TE,,16,ATL,0,0,0,0,0,0,0,0,0,0,0,0,,0,,,0,0,0,0,0,0,,0,56,56,780,8,0,0,526,254,38,73.7435007885215,0,1.4828897338403,0.251121076233184,0.302820955670697,0.588656283319263,0,126.0,182.0
2006,REG,00-0020305,,A.J. Feeley,QB,QB,,2,PHI,26,38,342,3,0,1,10,1,1,282,167,15,15.5968415040463,0,1.21276595744681,0.219922090917565,1,3,0,0,0,0,-0.21791142859729,0,0,0,0,0,0,0,0,0,0,,0,,,,,0,23.98,23.98
2006,REG,00-0020315,,Derrick Blaylock,RB,RB,,2,NYJ,0,0,0,0,0,0,0,0,0,0,0,0,,0,,,25,43,0,0,0,0,-10.6204638585914,0,5,5,29,0,0,0,1,28,1,-0.366670278617422,0,29.0,0.108695652173913,0.0025974025974026,0.164861660079051,0,7.2,12.2
2006,REG,00-0020332,,David Martin,TE,TE,,8,GB,0,0,0,0,0,0,0,0,0,0,0,0,,0,,,0,0,0,0,0,0,,0,21,21,198,2,0,0,120,78,13,15.7726531328226,0,1.65,0.110526315789474,0.107142857142857,0.240789473684211,0,31.8,52.8
2006,REG,00-0020337,,Steve Smith,WR,WR,"https://static.www.nfl.com/image/private/f_auto,q_auto/league/k23e0b8cto93he9rt0zc",14,CAR,0,0,0,0,0,0,0,0,0,0,0,0,,0,,,8,61,1,1,0,3,2.03874525200808,0,83,83,1166,8,0,0,726,440,51,98.4495051685766,0,1.60606060606061,0.293286219081272,0.426556991774383,0.738519222863976,0,176.7,259.7
2006,REG,00-0020342,,Brandon Manumaleuna,TE,TE,,8,LAC,0,0,0,0,0,0,0,0,0,0,0,0,,0,,,1,1,0,0,0,0,-0.425732784089632,0,14,14,91,3,0,0,15,76,6,10.2226417157799,0,6.06666666666667,0.0880503144654088,0.0138504155124654,0.141770762556839,0,27.2,41.2
2006,REG,00-0020376,,Dee Brown,RB,RB,,4,KC,0,0,0,0,0,0,0,0,0,0,0,0,,0,,,10,24,0,0,0,0,-3.63109980783977,0,1,1,5,0,0,0,-2,7,0,-0.372553935507312,0,-2.5,0.0833333333333333,-0.0240963855421687,0.108132530120482,0,2.9,3.9
2006,REG,00-0020381,,Justin McCareins,WR,WR,,10,NYJ,0,0,0,0,0,0,0,0,0,0,0,0,,0,,,0,0,0,0,0,0,,0,23,23,345,1,0,0,248,97,12,24.1041716800101,0,1.39112903225806,0.104545454545455,0.176011355571327,0.280026130718111,0,40.5,63.5
2006,REG,00-0020391,,Jameel Cook,RB,RB,,8,HOU,0,0,0,0,0,0,0,0,0,0,0,0,,0,,,3,18,0,0,0,2,0.757078204536811,0,18,18,107,0,2,2,2,105,5,-4.09962523338618,0,53.5,0.0983606557377049,0.0023391812865497,0.149178410507142,0,8.5,26.5
2006,REG,00-0020397,,Chad Johnson,WR,WR,,16,CIN,0,0,0,0,0,0,0,0,0,0,0,0,,0,,,6,24,0,0,0,0,0.0241149140056223,0,87,87,1370,7,1,1,1032,338,67,104.693375639443,0,1.32751937984496,0.26605504587156,0.39677047289504,0.676821899833868,0,179.4,266.4
2006,REG,00-0020403,,Anthony Thomas,RB,RB,,14,BUF,0,0,0,0,0,0,0,0,0,0,0,0,,0,,,107,378,2,1,1,15,-25.7992932235105,0,22,22,139,0,0,0,15,124,6,3.94281757733552,0,9.26666666666667,0.192982456140351,0.0222882615156018,0.305075467271448,0,61.7,83.7
2006,REG,00-0020405,,Marques Tuiasosopo,QB,QB,,2,LV,6,13,68,1,2,0,0,0,0,105,18,4,-3.33455301998765,0,0.647619047619048,-0.0271637618346997,4,29,0,1,0,2,3.81750515889144,0,0,0,0,0,0,0,0,0,0,,0,,,,,0,5.62,5.62
2006,REG,00-0020407,,Rudi Johnson,RB,RB,,16,CIN,0,0,0,0,0,0,0,0,0,0,0,0,,0,,,341,1308,12,6,2,67,-25.4308617822015,0,23,23,124,0,0,0,12,112,4,3.69716582068941,0,10.3333333333333,0.0759075907590759,0.0058737151248164,0.117972986725985,0,211.2,234.2
2006,REG,00-0020428,,Robert Ferguson,WR,WR,,3,GB,0,0,0,0,0,0,0,0,0,0,0,0,,0,,,0,0,0,0,0,0,,0,5,5,31,1,0,0,31,0,2,5.86317442459456,0,1.0,0.0694444444444445,0.0743405275779377,0.156205035971223,0,9.1,14.1
2006,REG,00-0020434,,Chris Weinke,QB,QB,,3,CAR,56,96,625,2,4,10,55,1,0,831,234,26,-27.79393714379,0,0.752105896510229,-8.86344033528899e-05,4,16,0,1,0,1,0.22070869844174,0,0,0,0,0,0,0,0,0,0,,0,,,,,0,26.6,26.6
2006,REG,00-0020438,,T.J. Houshmandzadeh,WR,WR,,14,CIN,0,0,0,0,0,0,0,0,0,0,0,0,,0,,,3,6,0,0,0,1,-1.44434319552965,0,90,90,1081,9,0,0,745,336,58,95.6030737003458,0,1.4510067114094,0.310344827586207,0.321536469572723,0.690592770080217,0,162.7,252.7
2006,REG,00-0020446,,Chris Chambers,WR,WR,,16,MIA,0,0,0,0,0,0,0,0,0,0,0,0,,0,,,8,95,0,0,0,4,4.48019295657286,0,59,59,677,4,0,0,491,186,36,58.1460348017572,0,1.37881873727088,0.179878048780488,0.249745676500509,0.444639046721088,0,101.2,160.2
2006,REG,00-0020448,,Travis Minor,RB,RB,,4,MIA,0,0,0,0,0,0,0,0,0,0,0,0,,0,,,19,74,0,0,0,3,-3.65920277207985,0,3,3,2,0,0,0,0,2,0,-1.88669023043531,0,0.0,0.111111111111111,,,0,7.6,10.6
2006,REG,00-0020452,,Cedrick Wilson,WR,WR,"https://static.www.nfl.com/image/private/f_auto,q_auto/league/r1vaoqltojlmfodlskwx",14,PIT,1,1,21,0,0,0,0,0,0,21,0,1,1.41075112100225,0,1.0,,2,14,0,1,0,1,-0.0082620275206863,0,37,37,504,1,1,1,393,111,25,41.2056962285451,0,1.2824427480916,0.135531135531136,0.20010183299389,0.343367986392426,0,56.64,93.64
2006,REG,00-0020455,,Eric Johnson,TE,TE,,11,SF,0,0,0,0,0,0,0,0,0,0,0,0,,0,,,0,0,0,0,0,0,,0,34,34,292,2,0,0,157,135,15,14.0155454264328,0,1.85987261146497,0.178947368421053,0.173289183222958,0.38972348088765,0,41.2,75.2
2006,REG,00-0020462,,LaMont Jordan,RB,RB,,9,LV,0,0,0,0,0,0,0,0,0,0,0,0,,0,,,114,434,2,0,0,17,-19.4234577910684,0,10,10,74,0,1,1,-14,88,4,2.14599069330143,0,-5.28571428571429,0.112359550561798,-0.0280561122244489,0.148900047285582,0,60.8,70.8
2006,REG,00-0020471,,Travis Henry,RB,RB,,14,TEN,0,0,0,0,0,0,0,0,0,0,0,0,,0,,,270,1211,7,3,1,48,-21.0909472000659,1,18,18,78,0,0,0,1,77,2,-2.77452501421794,0,78.0,0.119205298013245,0.0010515247108307,0.179544014317449,0,170.9,188.9
2006,REG,00-0020474,,Kevan Barlow,RB,RB,,12,NYJ,0,0,0,0,0,0,0,0,0,0,0,0,,0,,,131,370,6,1,0,19,-19.7187587343778,0,7,7,21,0,0,0,-8,29,1,-1.43258983339183,0,-2.625,0.0853658536585366,-0.021978021978022,0.112664165103189,0,75.1,82.1
2006,REG,00-0020480,,Sage Rosenfels,QB,QB,,3,HOU,27,39,265,3,1,1,5,0,0,302,115,15,8.53340027353261,0,0.877483443708609,0.165389864008521,4,5,0,0,0,0,-0.717275080038235,0,0,0,0,0,0,0,0,0,0,,0,,,,,0,21.1,21.1
2006,REG,00-0020490,,Koren Robinson,WR,WR,,3,GB,0,0,0,0,0,0,0,0,0,0,0,0,,0,,,0,0,0,0,0,0,,0,7,7,89,0,0,0,72,17,6,9.87450793077005,0,1.23611111111111,0.0985915492957746,0.186528497409326,0.27845727213019,0,8.9,15.9
2006,REG,00-0020494,,Santana Moss,WR,WR,,14,WAS,0,0,0,0,0,0,0,0,0,0,0,0,,0,,,7,82,0,1,0,3,3.05490511946846,0,55,55,790,6,1,0,552,238,36,66.8057435412742,1,1.43115942028986,0.228215767634855,0.383067314365024,0.610470771507799,0,125.2,180.2
2006,REG,00-0020498,,Reggie Wayne,WR,WR,,16,IND,0,0,0,0,0,0,0,0,0,0,0,0,,0,,,0,0,0,0,0,0,,0,86,86,1310,9,1,0,1095,215,72,125.177898326088,1,1.19634703196347,0.237569060773481,0.366220735785953,0.612708106210388,0,187.0,273.0
2006,REG,00-0020507,,Heath Evans,FB,RB,,13,NE,0,0,0,0,0,0,0,0,0,0,0,0,,0,,,27,117,0,1,0,9,1.26617015103693,0,7,7,34,1,0,0,6,28,2,-0.635241338666333,0,5.66666666666667,0.074468085106383,0.0146699266503667,0.121971076314831,0,21.1,28.1
2006,REG,00-0020508,,Moran Norris,RB,RB,,5,SF,0,0,0,0,0,0,0,0,0,0,0,0,,0,,,2,8,0,0,0,1,0.835846194531769,0,5,5,36,2,0,0,-1,37,3,3.92228516109753,0,-36.0,0.0595238095238095,-0.0032679738562091,0.0869981325863679,0,16.4,21.4
2006,REG,00-0020514,,Michael Bennett,RB,RB,,8,KC,0,0,0,0,0,0,0,0,0,0,0,0,,0,,,36,200,0,1,0,8,0.772192669770448,0,9,9,77,0,0,0,-2,79,1,3.25581020588288,0,-38.5,0.147540983606557,-0.0072463768115942,0.21623901164172,0,27.7,36.7
2006,REG,00-0020516,,Todd Heap,TE,TE,,16,BAL,0,0,0,0,0,0,0,0,0,0,0,0,,0,,,0,0,0,0,0,0,,0,73,73,765,6,0,0,517,248,39,62.7188220653769,0,1.47969052224371,0.222560975609756,0.241250583294447,0.502716871720747,0,112.5,185.5
2006,REG,00-0020525,,Rod Gardner,WR,WR,,1,KC,0,0,0,0,0,0,0,0,0,0,0,0,,0,,,0,0,0,0,0,0,,0,2,2,17,0,0,0,8,9,1,1.34548392705619,0,2.125,0.0769230769230769,0.0824742268041237,0.173116574147502,0,1.7,3.7
2006,REG,00-0020527,,Deuce McAllister,RB,RB,,15,NO,0,0,0,0,0,0,0,0,0,0,0,0,,0,,,245,1061,12,3,1,55,0.786205012377625,0,30,30,198,0,1,0,-8,178,8,8.51943157829964,0,-24.75,0.0892857142857143,-0.0036429872495446,0.13137848035389,0,195.9,225.9
2006,REG,00-0020531,D.Brees,Drew Brees,QB,QB,"https://static.www.nfl.com/image/private/f_auto,q_auto/league/i20xlpzdmn7xubotijjd",16,NO,357,555,4424,26,11,18,105,5,2,3848,2060,202,124.24046867105,2,1.14968814968815,0.139857671481523,41,32,0,3,1,4,-20.2346972617355,0,0,0,0,0,0,0,0,0,0,,0,,,,,0,260.16,260.16
2006,REG,00-0020536,,LaDainian Tomlinson,RB,RB,,16,LAC,2,3,20,2,0,0,0,0,0,31,0,2,2.67855839400565,0,0.645161290322581,,349,1815,28,2,1,81,42.4329329899892,0,56,56,508,3,0,0,29,479,22,41.0292462747311,0,17.5172413793103,0.195121951219512,0.0138029509757258,0.302344992512276,0,425.1,481.1
2006,REG,00-0020550,,Darnell Dinkins,TE,TE,,2,CLE,0,0,0,0,0,0,0,0,0,0,0,0,,0,,,0,0,0,0,0,0,,0,2,2,14,1,0,0,12,2,2,2.29735435062321,0,1.16666666666667,0.0444444444444444,0.0512820512820513,0.102564102564103,0,7.4,9.4
2006,REG,00-0020565,,Cleo Lemon,QB,QB,,4,MIA,38,68,412,2,1,5,24,0,0,654,114,23,-2.43126971406903,0,0.629969418960245,0.057745247447273,3,7,0,0,0,0,-4.45010642689886,0,0,0,0,0,0,0,0,0,0,,0,,,,,0,23.18,23.18
2006,REG,00-0020608,,David Carr,QB,QB,,16,HOU,302,442,2765,11,12,40,237,9,5,2401,1518,141,-46.038332191816,1,1.15160349854227,0.0533338455186435,54,193,2,6,2,16,-7.33018719416577,0,0,0,0,0,0,0,0,0,0,,0,,,,,0,149.9,149.9
2006,REG,00-0020613,,Quinn Gray,QB,QB,,1,JAX,13,22,166,0,0,1,11,0,0,234,40,8,5.35798379278276,0,0.70940170940171,0.19209213413022,2,26,2,0,0,2,5.00685699528549,0,0,0,0,0,0,0,0,0,0,,0,,,,,0,21.24,21.24
2006,REG,00-0020617,,Nate Jackson,WR,WR,,3,DEN,0,0,0,0,0,0,0,0,0,0,0,0,,0,,,0,0,0,0,0,0,,0,5,5,49,0,0,0,26,23,1,2.55482961528469,0,1.88461538461538,0.0980392156862745,0.0730337078651685,0.19818241903503,0,4.9,9.9
2006,REG,00-0020692,,Eddie Drummond,WR,WR,,2,DET,0,0,0,0,0,0,0,0,0,0,0,0,,0,,,1,4,0,0,0,0,-0.211671949597076,0,2,2,10,0,0,0,6,4,1,1.16828285506926,0,1.66666666666667,0.0454545454545455,0.0212765957446809,0.0830754352030948,0,1.4,3.4
2006,REG,00-0020735,,Derrick Lewis,WR,WR,,1,HOU,0,0,0,0,0,0,0,0,0,0,0,0,,0,,,0,0,0,0,0,0,,0,1,1,5,0,0,0,5,0,0,-0.0776964678661898,0,1.0,0.0256410256410256,0.0364963503649635,0.0640089837170129,0,0.5,1.5
2006,REG,00-0020794,,Edell Shepherd,WR,WR,,4,HOU,0,0,0,0,0,0,0,0,0,0,0,0,,0,,,2,5,0,0,0,0,-0.605976752587594,0,3,3,22,0,0,0,17,5,0,1.31899022817379,0,1.29411764705882,0.038961038961039,0.0431472081218274,0.0886446041268376,0,2.7,5.7
2006,REG,00-0020797,,Maurice Hicks,RB,RB,,12,SF,0,0,0,0,0,0,0,0,0,0,0,0,,0,,,29,82,0,0,0,4,-5.91957775974453,0,13,13,137,1,0,0,6,131,6,8.75453239898669,0,22.8333333333333,0.099236641221374,0.0101694915254237,0.155973605899858,0,27.9,40.9
2006,REG,00-0020804,,Corey McIntyre,FB,RB,,1,NO,0,0,0,0,0,0,0,0,0,0,0,0,,0,,,0,0,0,0,0,0,,0,1,1,10,0,0,0,2,8,1,1.77352937555406,0,5.0,0.0384615384615385,0.0135135135135135,0.0671517671517672,0,1.0,2.0
2006,REG,00-0020805,,Jason McKie,RB,RB,,13,CHI,0,0,0,0,0,0,0,0,0,0,0,0,,0,,,8,18,0,0,0,0,-1.73180045967456,0,25,25,162,0,0,0,31,131,7,5.19897783341003,0,5.2258064516129,0.115207373271889,0.0201429499675114,0.186911124885092,0,18.0,43.0
2006,REG,00-0020904,,Eric Parker,WR,WR,,15,LAC,0,0,0,0,0,0,0,0,0,0,0,0,,0,,,2,19,0,0,0,1,1.07211767253466,0,48,48,659,0,0,0,509,150,35,56.7270041818847,0,1.29469548133595,0.173285198555957,0.273068669527897,0.451075866503463,0,67.8,115.8
2006,REG,00-0020964,,Tony Fisher,RB,RB,,6,LA,0,0,0,0,0,0,0,0,0,0,0,0,,0,,,6,9,0,0,0,0,-1.754366075333,0,14,14,159,0,0,0,13,146,5,6.14626176931553,0,12.2307692307692,0.102941176470588,0.012093023255814,0.162876880984952,0,16.8,30.8
2006,REG,00-0020985,,Dwayne Blakley,TE,TE,,3,ATL,0,0,0,0,0,0,0,0,0,0,0,0,,0,,,0,0,0,0,0,0,,0,6,6,76,0,0,0,57,19,4,5.80467155686347,0,1.33333333333333,0.111111111111111,0.152815013404826,0.273637176050045,0,7.6,13.6
2006,REG,00-0021084,,Matt Schobel,TE,TE,,11,PHI,0,0,0,0,0,0,0,0,0,0,0,0,,0,,,0,0,0,0,0,0,,0,14,15,214,2,0,0,103,127,9,14.295567217574,0,2.07766990291262,0.0646551724137931,0.0760709010339734,0.150232389344471,0,33.4,47.4
2006,REG,00-0021100,,Jeb Putzier,TE,TE,,9,HOU,0,0,0,0,0,0,0,0,0,0,0,0,,0,,,0,0,0,0,0,0,,0,13,13,125,0,0,0,52,73,6,11.1116380592575,0,2.40384615384615,0.0730337078651685,0.0667522464698331,0.156277134326636,0,12.5,25.5
2006,REG,00-0021129,,Mike Jennings,WR,WR,,4,NYG,0,0,0,0,0,0,0,0,0,0,0,0,,0,,,2,12,0,0,0,1,-0.257631628774107,0,5,5,49,0,0,0,11,38,2,1.02275896037463,0,4.45454545454545,0.0819672131147541,0.0254041570438799,0.140733729602847,0,6.1,11.1
2006,REG,00-0021141,,Joey Harrington,QB,QB,,11,MIA,223,388,2236,12,15,14,109,2,0,2949,923,113,-42.2974891793544,2,0.758223126483554,0.0135268676297239,19,17,0,1,0,6,-8.64686513349891,0,0,0,0,0,0,0,0,0,0,,0,,,,,0,113.14,113.14
2006,REG,00-0021147,,Donte' Stallworth,WR,WR,,11,PHI,0,0,0,0,0,0,0,0,0,0,0,0,,0,,,0,0,0,0,0,0,,0,38,44,725,5,0,0,579,216,30,60.5599623940943,0,1.25215889464594,0.183333333333333,0.356527093596059,0.524568965517241,0,102.5,140.5
2006,REG,00-0021148,,Jeremy Shockey,TE,TE,,15,NYG,0,0,0,0,0,0,0,0,0,0,0,0,,0,,,0,0,0,0,0,0,,0,66,66,623,7,0,0,440,183,37,59.4271938495941,0,1.41590909090909,0.222222222222222,0.231578947368421,0.495438596491228,0,104.3,170.3
2006,REG,00-0021152,,Ashley Lelie,WR,WR,,13,ATL,0,0,0,0,0,0,0,0,0,0,0,0,,0,,,0,0,0,0,0,0,,0,28,28,430,1,0,0,380,50,21,36.9005209372329,0,1.13157894736842,0.155555555555556,0.263340263340263,0.417671517671518,0,49.0,77.0
2006,REG,00-0021153,,Javon Walker,WR,WR,,16,DEN,0,0,0,0,0,0,0,0,0,0,0,0,,0,,,9,123,1,0,0,4,10.0318109993241,0,69,69,1084,8,0,0,755,329,53,99.4242077614033,0,1.43576158940397,0.26953125,0.428977272727273,0.704580965909091,0,174.7,243.7
2006,REG,00-0021154,,Daniel Graham,TE,TE,,11,NE,0,0,0,0,0,0,0,0,0,0,0,0,,0,,,0,0,0,0,0,0,,0,20,20,223,2,1,1,132,91,11,14.2770015192218,0,1.68939393939394,0.0888888888888889,0.110460251046025,0.210655509065551,0,32.3,52.3
2006,REG,00-0021159,,Jerramy Stevens,TE,TE,,9,SEA,0,0,0,0,0,0,0,0,0,0,0,0,,0,,,0,0,0,0,0,0,,0,22,22,231,4,1,1,167,64,12,21.1129730970715,1,1.38323353293413,0.141025641025641,0.133493205435651,0.304983705343418,0,47.1,69.1
2006,REG,00-0021163,,Jabar Gaffney,WR,WR,,7,NE,0,0,0,0,0,0,0,0,0,0,0,0,,0,,,0,0,0,0,0,0,,0,11,11,142,1,0,0,119,23,9,15.1161924711196,0,1.19327731092437,0.0666666666666667,0.144242424242424,0.200969696969697,0,20.2,31.2
2006,REG,00-0021164,,DeShaun Foster,RB,RB,,14,CAR,0,0,0,0,0,0,0,0,0,0,0,0,,0,,,227,897,3,3,2,49,-36.1366380158459,0,32,32,159,0,1,0,-12,169,3,-2.56779740517768,0,-13.25,0.119850187265918,-0.0082987551867219,0.173966152268171,0,119.6,151.6
2006,REG,00-0021166,,Josh Reed,WR,WR,,12,BUF,0,0,0,0,0,0,0,0,0,0,0,0,,0,,,4,13,0,0,0,2,0.0578617536230013,0,34,34,410,2,0,0,264,146,21,30.6928808423417,0,1.5530303030303,0.189944134078212,0.230165649520488,0.44603215578166,0,54.3,88.3
2006,REG,00-0021174,,Tim Carter,WR,WR,,11,NYG,0,0,0,0,0,0,0,0,0,0,0,0,,0,,,0,0,0,0,0,0,,0,22,23,253,2,1,1,210,43,13,11.6780452372004,0,1.2047619047619,0.102678571428571,0.145027624309392,0.255537194159432,0,35.3,57.3
2006,REG,00-0021175,,Andre Davis,WR,WR,,2,BUF,0,0,0,0,0,0,0,0,0,0,0,0,,0,,,0,0,0,0,0,0,,0,2,2,13,0,0,0,7,6,0,-0.180314955592621,0,1.85714285714286,0.0487804878048781,0.0384615384615385,0.100093808630394,0,1.3,3.3
2006,REG,00-0021176,,Reche Caldwell,WR,WR,,16,NE,0,0,0,0,0,0,0,0,0,0,0,0,,0,,,1,5,0,0,0,0,0.181674089748412,0,61,61,760,4,1,1,476,284,41,63.2621578178632,1,1.59663865546219,0.186544342507645,0.254137746930059,0.457712936612509,0,100.5,161.5
2006,REG,00-0021179,,Clinton Portis,RB,RB,,8,WAS,0,0,0,0,0,0,0,0,0,0,0,0,,0,,,127,523,7,0,0,29,3.24229182984201,0,17,17,170,0,0,0,-9,179,5,4.25028766606349,0,-18.8888888888889,0.128787878787879,-0.017274472168906,0.181089687663584,0,111.3,128.3
2006,REG,00-0021182,,Maurice Morris,RB,RB,,16,SEA,0,0,0,0,0,0,0,0,0,0,0,0,,0,,,161,604,0,1,1,33,-28.9657841222311,0,11,11,46,0,0,0,2,44,1,-1.3544071331853,0,23.0,0.0658682634730539,0.0018957345971564,0.10012940942759,0,63.0,74.0
2006,REG,00-0021183,,Doug Jolley,TE,TE,,1,TB,0,0,0,0,0,0,0,0,0,0,0,0,,0,,,0,0,0,0,0,0,,0,1,1,7,0,0,0,7,0,0,0.803953691560309,0,1.0,0.0714285714285714,0.0958904109589041,0.17426614481409,0,0.7,1.7
2006,REG,00-0021184,,Ladell Betts,RB,RB,,16,WAS,0,0,0,0,0,0,0,0,0,0,0,0,,0,,,245,1154,4,4,2,59,-13.4974697761659,0,53,53,445,1,2,1,10,435,22,24.5148566032433,0,44.5,0.193430656934307,0.006131207847946,0.294437830895022,0,183.9,236.9
2006,REG,00-0021190,,Antwaan Randle El,RB,RB,,16,WAS,2,3,88,1,0,0,0,0,0,113,4,2,6.29711309308186,0,0.778761061946903,,19,118,0,0,0,4,2.44051218184177,0,32,32,351,3,1,1,260,91,20,31.6982354735627,0,1.35,0.138528138528139,0.187861271676301,0.339295097965618,1,76.42,108.42
2006,REG,00-0021191,,Antonio Bryant,WR,WR,,14,SF,0,0,0,0,0,0,0,0,0,0,0,0,,0,,,0,0,0,0,0,0,,0,41,41,747,3,1,1,567,180,31,54.9639861215013,0,1.31746031746032,0.183035714285714,0.442622950819672,0.584389637002342,0,90.7,131.7
2006,REG,00-0021192,,Deion Branch,WR,WR,,14,SEA,0,0,0,0,0,1,3,0,0,0,0,0,-1.07276281761006,0,,,4,30,0,0,0,1,0.22697884300763,0,53,53,725,4,0,0,552,173,40,56.1392099011864,0,1.31340579710145,0.207843137254902,0.267571497818711,0.49906475435545,0,99.5,152.5
2006,REG,00-0021206,J.McCown,Josh McCown,QB,QB,"https://static.www.nfl.com/image/private/f_auto,q_auto/league/qcauc37wqjdaxdbq1evu",1,DET,0,0,0,0,0,0,0,0,0,0,0,0,,0,,,0,0,0,0,0,0,,0,2,2,15,0,0,0,5,10,0,0.329951611231081,0,3.0,0.0909090909090909,0.0279329608938548,0.155916708989335,0,1.5,3.5
2006,REG,00-0021209,,Lamar Gordon,RB,RB,,1,DET,0,0,0,0,0,0,0,0,0,0,0,0,,0,,,1,2,0,0,0,0,-0.536038129823282,0,0,0,0,0,0,0,0,0,0,,0,,,,,0,0.2,0.2
2006,REG,00-0021212,,Cliff Russell,WR,WR,,2,MIA,0,0,0,0,0,0,0,0,0,0,0,0,,0,,,0,0,0,0,0,0,,0,2,2,14,0,0,0,14,0,0,-0.0550875463814009,0,1.0,0.04,0.0477815699658703,0.0934470989761092,0,1.4,3.4
2006,REG,00-0021213,,Chris Baker,TE,TE,,15,NYJ,0,0,0,0,0,0,0,0,0,0,0,0,,0,,,0,0,0,0,0,0,,0,31,31,300,4,0,0,161,139,18,26.4515005328111,0,1.86335403726708,0.102310231023102,0.0849604221635884,0.212937642049165,0,54.0,85.0
2006,REG,00-0021216,,Brian Westbrook,RB,RB,,15,PHI,0,0,0,0,0,0,0,0,0,0,0,0,,0,,,240,1217,7,1,1,60,11.8416592471716,0,77,79,699,4,1,1,74,622,30,36.5241486740779,0,9.44594594594595,0.244582043343653,0.0382034073309241,0.393615450147127,0,253.6,330.6
2006,REG,00-0021227,,Justin Peelle,TE,TE,,11,MIA,0,0,0,0,0,0,0,0,0,0,0,0,,0,,,0,0,0,0,0,0,,0,16,16,116,1,0,0,47,69,5,5.26797919947421,0,2.46808510638298,0.0744186046511628,0.0488565488565489,0.145827491176328,0,17.6,33.6
2006,REG,00-0021231,,David Garrard,QB,QB,,10,JAX,145,241,1735,10,9,20,119,2,1,2286,769,81,-18.1416143013863,0,0.758967629046369,0.0611078441777453,47,250,0,2,1,20,9.48942664056085,0,0,0,0,0,0,0,0,0,0,,0,,,,,0,112.4,112.4
2006,REG,00-0021236,,Randy McMichael,TE,TE,,16,MIA,0,0,0,0,0,0,0,0,0,0,0,0,,0,,,0,0,0,0,0,0,,0,62,62,640,3,0,0,360,267,35,49.3131853269859,0,1.77777777777778,0.181286549707602,0.178306092124814,0.396744089048773,0,82.0,144.0
2006,REG,00-0021252,,Najeh Davenport,RB,RB,,13,PIT,0,0,0,0,0,0,0,0,0,0,0,0,,0,,,60,221,1,1,0,9,-9.33634157595244,0,15,15,193,1,0,0,24,169,9,17.4418994553271,0,8.04166666666667,0.0949367088607595,0.025531914893617,0.160277403716671,0,53.4,68.4
2006,REG,00-0021255,,John Owens,TE,TE,,2,NO,0,0,0,0,0,0,0,0,0,0,0,0,,0,,,0,0,0,0,0,0,,0,4,4,44,0,0,0,22,22,1,2.48746414383641,0,2.0,0.0869565217391304,0.0876494023904383,0.191789364282002,0,4.4,8.4
2006,REG,00-0021260,,Kyle Johnson,RB,RB,,6,DEN,0,0,0,0,0,0,0,0,0,0,0,0,,0,,,5,30,0,0,0,1,0.223285601561656,0,7,7,37,1,0,0,12,25,2,3.10692820313852,0,3.08333333333333,0.0736842105263158,0.0404040404040404,0.138809144072302,0,12.7,19.7
2006,REG,00-0021273,,Robert Royal,TE,TE,,14,BUF,0,0,0,0,0,0,0,0,0,0,0,0,,0,,,1,-9,0,0,0,0,-1.97736771125346,0,23,23,233,3,0,0,139,94,13,18.4426701900084,0,1.67625899280576,0.0934959349593496,0.0841913991520291,0.199177881845445,0,40.4,63.4
2006,REG,00-0021279,,Verron Haynes,FB,RB,,7,PIT,0,0,0,0,0,0,0,0,0,0,0,0,,0,,,15,78,0,1,1,4,-4.90672238345724,0,18,18,95,0,0,0,15,80,4,-5.55549820471116,0,6.33333333333333,0.148760330578512,0.0232558139534884,0.23941956563521,0,15.3,33.3
2006,REG,00-0021304,,John Gilmore,TE,TE,,4,CHI,0,0,0,0,0,0,0,0,0,0,0,0,,0,,,0,0,0,0,0,0,,0,6,6,38,2,0,0,12,26,3,3.77472571388353,0,3.16666666666667,0.0714285714285714,0.0194489465153971,0.120757119703635,0,15.8,21.8
2006,REG,00-0021306,,Adrian Peterson,RB,RB,,7,CHI,0,0,0,0,0,0,0,0,0,0,0,0,,0,,,10,41,2,0,0,5,3.5029693920642,0,6,6,88,0,1,0,6,56,2,8.09682669816539,0,14.6666666666667,0.072289156626506,0.0158730158730159,0.11954484605087,0,24.9,30.9
2006,REG,00-0021314,,Chester Taylor,RB,RB,,15,MIN,0,0,0,0,0,0,0,0,0,0,0,0,,0,,,304,1214,6,4,3,53,-44.678837446594,0,42,42,288,0,1,0,3,285,16,14.0495560637792,0,96.0,0.156716417910448,0.0023400936037441,0.236712692388293,0,180.2,222.2
2006,REG,00-0021317,,Bryan Fletcher,TE,TE,,10,IND,0,0,0,0,0,0,0,0,0,0,0,0,,0,,,0,0,0,0,0,0,,0,18,18,202,2,0,0,131,71,12,16.7983718080219,0,1.54198473282443,0.0769230769230769,0.0710797612588171,0.165140448265787,0,32.2,50.2
2006,REG,00-0021337,,Ronald Curry,WR,WR,,15,LV,0,2,0,0,1,0,0,0,0,81,0,0,-2.56692630576436,0,0.0,,1,4,0,0,0,0,-0.12096002837643,0,62,62,727,1,0,0,505,199,40,64.1988898151705,0,1.43960396039604,0.248,0.294117647058824,0.577882352941177,0,77.1,139.1
2006,REG,00-0021353,,David Givens,WR,WR,,4,TEN,0,0,0,0,0,0,0,0,0,0,0,0,,0,,,1,3,0,0,0,0,-0.158656976884231,0,8,8,104,0,0,0,71,33,5,8.82774189933458,0,1.46478873239437,0.121212121212121,0.125441696113074,0.269627369097334,0,10.7,18.7
2006,REG,00-0021357,,Rock Cartwright,RB,RB,,2,WAS,0,0,0,0,0,0,0,0,0,0,0,0,,0,,,5,15,0,1,1,0,-4.70562154595973,0,0,0,0,0,0,0,0,0,0,,0,,,,,1,5.5,5.5
2006,REG,00-0021371,,Darian Barnes,FB,RB,,2,MIA,0,0,0,0,0,0,0,0,0,0,0,0,,0,,,0,0,0,0,0,0,,0,3,3,22,0,0,0,8,14,1,0.407072270976449,0,2.75,0.075,0.0377358490566038,0.138915094339623,0,2.2,5.2
2006,REG,00-0021376,,T.J. Duckett,RB,RB,,9,WAS,0,0,0,0,0,0,0,0,0,0,0,0,,0,,,38,132,2,1,0,9,-4.58737252771971,0,2,2,16,0,0,0,2,14,1,0.450445138500072,0,8.0,0.0689655172413793,0.0126582278481013,0.11230903535574,0,26.8,28.8
2006,REG,00-0021379,,Patrick Ramsey,QB,QB,,1,NYJ,0,1,0,0,0,0,0,0,0,31,0,0,-0.431990415556356,0,0.0,,0,0,0,0,0,0,,0,0,0,0,0,0,0,0,0,0,,0,,,,,0,0.0,0.0
2006,REG,00-0021403,,Chad Mustard,TE,TE,,1,DEN,0,0,0,0,0,0,0,0,0,0,0,0,,0,,,0,0,0,0,0,0,,0,2,2,23,0,0,0,14,9,1,2.33271631179377,0,1.64285714285714,0.08,0.115702479338843,0.20099173553719,0,2.3,4.3
2006,REG,00-0021429,C.Palmer,Carson Palmer,QB,QB,"https://static.www.nfl.com/image/private/f_auto,q_auto/league/belgna3tokxga0gjjmwk",16,CIN,324,520,4036,28,13,36,231,13,7,5067,1433,200,62.1893623108269,0,0.796526544306296,0.129105878120562,26,35,0,2,0,6,-1.7346630588314,0,0,0,0,0,0,0,0,0,0,,0,,,,,0,236.94,236.94
2006,REG,00-0021460,,Cortez Hankton,WR,WR,,3,JAX,0,0,0,0,0,0,0,0,0,0,0,0,,0,,,0,0,0,0,0,0,,0,5,5,48,0,0,0,48,0,4,2.57501210900955,0,1.0,0.119047619047619,0.2152466367713,0.329244074311339,0,4.8,9.8
2006,REG,00-0021488,,Mat McBriar,P,SPEC,,1,DAL,0,0,0,0,0,0,0,0,0,0,0,0,,0,,,1,0,0,1,1,0,-4.18122637982015,0,0,0,0,0,0,0,0,0,0,,0,,,,,0,-2.0,-2.0
2006,REG,00-0021508,,Greg Lewis,WR,WR,,13,PHI,0,0,0,0,0,0,0,0,0,0,0,0,,0,,,0,0,0,0,0,0,,0,24,24,348,2,1,1,254,94,20,32.33579064404,0,1.37007874015748,0.0875912408759124,0.134962805526036,0.225860825182094,0,44.8,68.8
2006,REG,00-0021509,,Reno Mahe,RB,RB,,3,PHI,0,0,0,0,0,0,0,0,0,0,0,0,,0,,,4,18,0,0,0,0,-0.874891004583333,0,5,5,23,0,1,1,9,14,1,-4.68997041281546,0,2.55555555555556,0.125,0.0257879656160458,0.205551575931232,0,2.1,7.1
2006,REG,00-0021525,,Casey Fitzsimmons,TE,TE,,3,DET,0,0,0,0,0,0,0,0,0,0,0,0,,0,,,0,0,0,0,0,0,,0,7,7,71,0,0,0,19,52,3,4.59862394136144,0,3.73684210526316,0.111111111111111,0.0455635491606715,0.198561151079137,0,7.1,14.1
2006,REG,00-0021547,A.Gates,Antonio Gates,TE,TE,"https://static.www.nfl.com/image/private/f_auto,q_auto/league/kndulvysinvn4tpvt0bc",16,LAC,0,0,0,0,0,0,0,0,0,0,0,0,,0,,,0,0,0,0,0,0,,0,71,71,924,9,0,0,649,275,49,93.7078136943778,0,1.42372881355932,0.247386759581882,0.318605792832597,0.59410419435564,0,146.4,217.4
2006,REG,00-0021629,,James Adkisson,WR,WR,,1,LV,0,0,0,0,0,0,0,0,0,0,0,0,,0,,,0,0,0,0,0,0,,0,1,1,9,0,0,0,9,0,0,-0.146375000709668,0,1.0,0.0555555555555556,0.0687022900763359,0.131424936386768,0,0.9,1.9
2006,REG,00-0021673,,ReShard Lee,RB,RB,,12,LV,0,0,0,0,0,0,0,0,0,0,0,0,,0,,,21,72,2,1,1,6,-12.3400313965976,0,20,20,138,0,0,0,29,109,8,6.18908437863393,0,4.75862068965517,0.117647058823529,0.0278578290105668,0.195971068542691,0,31.0,51.0
2006,REG,00-0021678,,Tony Romo,QB,QB,"https://static.www.nfl.com/image/private/f_auto,q_auto/league/rdgaxf7djip2ovlkeqjk",13,DAL,220,337,2903,19,13,21,124,6,3,3439,983,143,83.1398133616689,1,0.844140738586799,0.178624855341706,34,102,0,3,0,9,-7.06993638834683,1,0,0,0,0,0,0,0,0,0,,0,,,,,0,174.32,174.32
2006,REG,00-0021750,,Arlen Harris,RB,RB,,7,DET,0,0,0,0,0,0,0,0,0,0,0,0,,0,,,49,158,1,0,0,8,-9.27478876517138,0,18,18,132,0,0,0,39,93,4,4.54176974119773,0,3.38461538461538,0.130434782608696,0.0386521308225966,0.222708665488861,0,35.0,53.0
2006,REG,00-0021755,,Earnest Graham,RB,RB,,4,TB,0,0,0,0,0,0,0,0,0,0,0,0,,0,,,11,59,0,0,0,3,0.169882035639603,0,1,1,4,0,0,0,4,0,0,-0.0837651542387903,0,1.0,0.1,0.0666666666666667,0.196666666666667,0,6.3,7.3
2006,REG,00-0021756,,Will Heller,TE,TE,,2,SEA,0,0,0,0,0,0,0,0,0,0,0,0,,0,,,0,0,0,0,0,0,,0,4,4,32,1,0,0,23,9,2,4.14638863317668,0,1.39130434782609,0.1,0.073482428115016,0.201437699680511,0,9.2,13.2
2006,REG,00-0021780,,Aaron Moorehead,WR,WR,,4,IND,0,0,0,0,0,0,0,0,0,0,0,0,,0,,,0,0,0,0,0,0,,0,8,8,82,1,0,0,72,10,5,6.98834912135499,0,1.13888888888889,0.0816326530612245,0.0938722294654498,0.188159540217652,0,14.2,22.2
2006,REG,00-0021813,,Gabe Reid,TE,TE,,2,CHI,0,0,0,0,0,0,0,0,0,0,0,0,,0,,,0,0,0,0,0,0,,0,4,4,37,0,0,0,18,19,2,2.40874202837585,0,2.05555555555556,0.0930232558139535,0.06,0.18153488372093,0,3.7,7.7
2006,REG,00-0021845,,Cecil Sapp,RB,RB,,9,DEN,0,0,0,0,0,0,0,0,0,0,0,0,,0,,,10,80,0,0,0,4,4.09163812652696,0,8,8,34,0,0,0,9,25,1,-0.135027638578322,0,3.77777777777778,0.0727272727272727,0.0122282608695652,0.117650691699605,0,11.4,19.4
2006,REG,00-0021886,,Walter Young,WR,WR,,1,PIT,0,0,0,0,0,0,0,0,0,0,0,0,,0,,,0,0,0,0,0,0,,0,1,1,17,0,0,0,12,5,1,2.22436515218578,0,1.41666666666667,0.0909090909090909,0.0769230769230769,0.19020979020979,0,1.7,2.7
2006,REG,00-0021927,,David Tyree,WR,WR,,8,NYG,0,0,0,0,0,0,0,0,0,0,0,0,,0,,,0,0,0,0,0,0,,0,19,19,197,2,0,0,150,47,10,18.6887225994724,0,1.31333333333333,0.121794871794872,0.173210161662818,0.30393942085628,0,31.7,50.7
2006,REG,00-0021929,,Donald Lee,TE,TE,,8,GB,0,0,0,0,0,0,0,0,0,0,0,0,,0,,,0,0,0,0,0,0,,0,10,10,150,0,0,0,85,65,8,10.8910620100796,0,1.76470588235294,0.0598802395209581,0.0848303393213573,0.149201596806387,0,15.0,25.0
2006,REG,00-0021931,,Kevin Walter,WR,WR,,11,HOU,0,0,0,0,0,0,0,0,0,0,0,0,,0,,,1,3,0,0,0,1,1.91544716106728,0,17,17,160,0,1,0,106,54,12,16.8848853716045,0,1.50943396226415,0.069672131147541,0.0959276018099548,0.17165751798828,0,16.3,33.3
2006,REG,00-0021936,,Andrew Pinnock,RB,RB,,3,LAC,0,0,0,0,0,0,0,0,0,0,0,0,,0,,,4,25,0,0,0,1,0.0532210591481999,0,0,0,0,0,0,0,0,0,0,,0,,,,,0,2.5,2.5
2006,REG,00-0021955,,Dan Klecko,RB,RB,,1,IND,0,0,0,0,0,0,0,0,0,0,0,0,,0,,,0,0,0,0,0,0,,0,1,1,2,1,0,0,2,0,1,1.12065066257492,0,1.0,0.0454545454545455,0.0102564102564103,0.0753613053613054,0,6.2,7.2
2006,REG,00-0021973,,David Kircus,WR,WR,,7,DEN,0,0,0,0,0,0,0,0,0,0,0,0,,0,,,0,0,0,0,0,0,,0,9,9,187,0,0,0,131,56,9,15.2375933528529,0,1.42748091603053,0.0737704918032787,0.15688622754491,0.220476096986355,0,18.7,27.7
2006,REG,00-0021976,,Larry Johnson,RB,RB,,16,KC,0,1,0,0,0,0,0,0,0,12,0,0,-0.412712384073529,0,0.0,,416,1789,17,2,2,91,3.40912204382636,0,41,41,410,2,0,0,7,403,21,23.1672220294355,0,58.5714285714286,0.170124481327801,0.0053680981595092,0.258944390703358,0,329.9,370.9
2006,REG,00-0021980,,George Wrighster,TE,TE,,15,JAX,0,0,0,0,0,0,0,0,0,0,0,0,,0,,,0,0,0,0,0,0,,0,39,39,353,3,0,0,225,128,21,29.7864141623273,0,1.56888888888889,0.150579150579151,0.142135186355022,0.325363356317241,0,53.3,92.3
2006,REG,00-0021981,,Shaun McDonald,WR,WR,,9,LA,0,0,0,0,0,0,0,0,0,0,0,0,,0,,,0,0,0,0,0,0,,0,13,13,136,1,1,1,101,35,6,5.71017783636335,0,1.34653465346535,0.0607476635514019,0.0734011627906977,0.142502309280591,0,17.6,30.6
2006,REG,00-0021982,,Justin Gage,WR,WR,,2,CHI,0,0,0,0,0,0,0,0,0,0,0,0,,0,,,0,0,0,0,0,0,,0,4,4,68,0,1,1,49,19,2,-2.76816116791451,0,1.38775510204082,0.108108108108108,0.25,0.337162162162162,0,4.8,8.8
2006,REG,00-0021993,,Bethel Johnson,WR,WR,,8,MIN,0,0,0,0,0,0,0,0,0,0,0,0,,0,,,4,8,0,0,0,0,-1.44040340604261,0,9,9,156,0,0,0,99,57,6,11.8613234586082,0,1.57575757575758,0.0737704918032787,0.198,0.249255737704918,0,16.4,25.4
2006,REG,00-0021999,,Nate Burleson,WR,WR,,12,SEA,0,0,0,0,0,0,0,0,0,0,0,0,,0,,,0,0,0,0,0,0,,0,18,18,192,2,0,0,151,41,9,15.5606877249666,0,1.27152317880795,0.0891089108910891,0.105890603085554,0.207786788496521,1,37.2,55.2
2006,REG,00-0022001,,Kevin Curtis,WR,WR,,13,LA,0,0,0,0,0,0,0,0,0,0,0,0,,0,,,4,4,0,0,0,1,-1.76059361244552,0,39,39,469,4,0,0,356,113,26,45.1523996643461,0,1.31741573033708,0.120743034055728,0.158292574477546,0.291919353217873,0,71.3,110.3
2006,REG,00-0022003,,B.J. Askew,FB,RB,,8,NYJ,0,0,0,0,0,0,0,0,0,0,0,0,,0,,,6,11,0,0,0,1,-4.09192928636912,0,9,9,50,0,0,0,7,43,3,3.26077052223263,0,7.14285714285714,0.1,0.0434782608695652,0.180434782608696,0,6.1,15.1
2006,REG,00-0022005,,Chris Simms,QB,QB,,3,TB,58,106,585,1,7,4,32,0,0,713,227,28,-44.148639560358,0,0.820476858345021,-0.0106427490577408,4,7,1,0,0,1,2.62521052593365,0,0,0,0,0,0,0,0,0,0,,0,,,,,0,20.1,20.1
2006,REG,00-0022006,,Artose Pinner,RB,RB,,8,MIN,0,0,0,0,0,0,0,0,0,0,0,0,,0,,,42,192,3,1,1,11,4.58437096345006,0,2,2,15,0,0,0,4,11,0,0.947089064633474,0,3.75,0.142857142857143,0.0634920634920635,0.258730158730159,0,36.7,38.7
2006,REG,00-0022011,,Justin Griffith,RB,RB,,13,ATL,0,0,0,0,0,0,0,0,0,0,0,0,,0,,,19,106,1,2,1,2,1.89595417352393,0,23,23,168,3,1,0,26,142,12,10.2150542574139,0,6.46153846153846,0.127777777777778,0.0261044176706827,0.209939759036145,0,49.4,72.4
2006,REG,00-0022017,,Mike Scifres,P,SPEC,,1,LAC,0,1,0,0,0,0,0,0,0,0,0,0,-1.73947667237371,0,,,1,-7,0,0,0,0,-0.269950371002778,0,0,0,0,0,0,0,0,0,0,,0,,,,,0,-0.7,-0.7
2006,REG,00-0022026,,Brooks Bollinger,QB,QB,,2,MIN,13,18,146,0,1,6,42,0,0,112,102,7,-10.5053327823989,0,1.30357142857143,0.093849853317618,0,0,0,0,0,0,,0,0,0,0,0,0,0,0,0,0,,0,,,,,0,3.84,3.84
2006,REG,00-0022039,,Ken Dorsey,QB,QB,,1,CLE,0,1,0,0,0,1,7,0,0,-9,0,0,-3.23537545104045,0,0.0,,0,0,0,0,0,0,,0,0,0,0,0,0,0,0,0,0,,0,,,,,0,0.0,0.0
2006,REG,00-0022044,,Andre Johnson,WR,WR,,16,HOU,0,0,0,0,0,0,0,0,0,0,0,0,,0,,,3,14,0,0,0,1,-0.458237478933941,0,103,103,1147,5,1,0,721,426,55,90.1682036300442,0,1.59084604715673,0.31306990881459,0.516105941302792,0.830879022133839,0,146.1,249.1
2006,REG,00-0022045,T.Newman,Terence Newman,CB,DB,"https://static.www.nfl.com/image/private/f_auto,q_auto/league/aphgunfzg6ptehfuk8j1",1,DAL,0,0,0,0,0,0,0,0,0,0,0,0,,0,,,0,0,0,0,0,0,,0,0,0,0,0,0,0,0,0,0,,0,,,,,1,6.0,6.0
2006,REG,00-0022054,,Visanthe Shiancoe,TE,TE,,9,NYG,0,0,0,0,0,0,0,0,0,0,0,0,,0,,,0,0,0,0,0,0,,0,12,12,81,0,1,1,50,31,4,0.548621152644046,0,1.62,0.0609137055837564,0.0402576489533011,0.119550912642945,0,6.1,18.1
2006,REG,00-0022055,,Seneca Wallace,QB,QB,,6,SEA,82,141,927,8,7,13,80,3,3,1322,285,42,-23.8981870963293,0,0.701210287443268,0.0380639378773172,13,119,0,2,0,5,7.57164603419369,0,0,0,0,0,0,0,0,0,0,,0,,,,,0,60.98,60.98
2006,REG,00-0022057,,LaBrandon Toefield,RB,RB,,3,JAX,0,0,0,0,0,0,0,0,0,0,0,0,,0,,,10,22,0,0,0,1,-4.19890331219112,0,0,0,0,0,0,0,0,0,0,,0,,,,,0,2.2,2.2
2006,REG,00-0022060,,Aaron Walker,TE,TE,,5,LA,0,0,0,0,0,0,0,0,0,0,0,0,,0,,,0,0,0,0,0,0,,0,5,5,68,0,0,0,34,34,4,5.25708780647256,0,2.0,0.0454545454545455,0.0436456996148909,0.0987338079122418,0,6.8,11.8
2006,REG,00-0022064,,Arnaz Battle,WR,WR,,16,SF,0,1,0,0,0,0,0,0,0,38,0,0,-0.549801078857854,0,0.0,,4,28,0,0,0,2,0.25497519824421,0,60,60,683,3,1,1,449,234,36,55.3930175905474,0,1.52115812917595,0.231660231660232,0.301140174379611,0.558288469556075,0,87.1,147.1
2006,REG,00-0022084,,Anquan Boldin,WR,WR,"https://static.www.nfl.com/image/private/f_auto,q_auto/league/ajabgwxbliupgkwjbnut",16,ARI,0,0,0,0,0,0,0,0,0,0,0,0,,0,,,5,28,0,1,0,2,1.03834143777071,0,83,83,1203,4,0,0,676,506,53,102.853858352562,0,1.77958579881657,0.258566978193146,0.291882556131261,0.592168256581602,0,147.1,230.1
2006,REG,00-0022092,,Chris Brown,RB,RB,,5,TEN,0,0,0,0,0,0,0,0,0,0,0,0,,0,,,41,156,0,1,0,8,-5.3587851106422,0,2,2,4,0,0,0,4,0,0,-1.97723568906076,0,1.0,0.0606060606060606,0.027027027027027,0.10982800982801,0,16.0,18.0
2006,REG,00-0022093,,Justin Fargas,RB,RB,,16,LV,0,0,0,0,0,0,0,0,0,0,0,0,,0,,,178,659,1,1,0,27,-19.4003999966481,0,13,13,91,0,0,0,6,85,3,3.3363688075915,0,15.1666666666667,0.0710382513661202,0.0058881256133464,0.110679064978523,0,81.0,94.0
2006,REG,00-0022097,,Brandon Lloyd,WR,WR,,12,WAS,0,0,0,0,0,0,0,0,0,0,0,0,,0,,,0,0,0,0,0,0,,0,23,23,365,0,1,1,306,59,15,23.069701120432,0,1.19281045751634,0.10952380952381,0.256496227996647,0.343833073883367,0,34.5,57.5
2006,REG,00-0022100,,Donnie Nickey,FS,DB,,1,TEN,0,0,0,0,0,0,0,0,0,0,0,0,,0,,,1,0,0,1,0,0,-2.74913446907885,0,0,0,0,0,0,0,0,0,0,,0,,,,,0,0.0,0.0
2006,REG,00-0022102,,Doug Gabriel,WR,WR,,11,LV,0,0,0,0,0,0,0,0,0,0,0,0,,0,,,0,0,0,0,0,0,,0,30,30,428,3,1,1,260,168,18,35.8976637316519,0,1.64615384615385,0.120967741935484,0.184135977337111,0.310346797039203,0,58.8,88.8
2006,REG,00-0022121,,Rex Grossman,QB,QB,,16,CHI,262,480,3197,23,20,21,142,5,3,4317,1264,150,-27.0587427658017,0,0.740560574473014,0.0302242841984301,24,2,0,3,2,4,-4.41335955617251,0,1,1,-4,0,0,0,-13,9,0,-1.08079964085482,0,0.0,0.0526315789473684,-0.0738636363636364,0.0272428229665072,0,169.68,170.68
2006,REG,00-0022124,,Taylor Jacobs,WR,WR,,3,SF,0,0,0,0,0,0,0,0,0,0,0,0,,0,,,0,0,0,0,0,0,,0,4,4,29,0,0,0,25,4,2,3.61260916187894,0,1.16,0.0851063829787234,0.0865051903114187,0.188213207686078,0,2.9,6.9
2006,REG,00-0022126,,L.J. Smith,TE,TE,,14,PHI,0,0,0,0,0,0,0,0,0,0,0,0,,0,,,0,0,0,0,0,0,,0,50,55,611,5,0,0,311,310,29,37.4890500696185,1,1.96463022508039,0.185810810810811,0.164724576271186,0.394023419606047,0,93.1,143.1
2006,REG,00-0022127,J.Witten,Jason Witten,TE,TE,"https://static.www.nfl.com/image/private/f_auto,q_auto/league/r7uafhtwuexuaty0nhsc",16,DAL,0,0,0,0,0,0,0,0,0,0,0,0,,0,,,0,0,0,0,0,0,,0,64,64,754,1,0,0,522,232,37,59.8327230315367,0,1.44444444444444,0.206451612903226,0.198781416603199,0.448824410977078,0,81.4,145.4
2006,REG,00-0022130,,Musa Smith,RB,RB,,12,BAL,0,0,0,0,0,0,0,0,0,0,0,0,,0,,,36,153,0,1,1,7,-11.7162325185601,0,22,22,135,0,0,0,8,127,6,-3.12444697428582,0,16.875,0.0960698689956332,0.0060882800608828,0.148366599536068,0,26.8,48.8
2006,REG,00-0022135,,Billy McMullen,WR,WR,,12,MIN,0,0,0,0,0,0,0,0,0,0,0,0,,0,,,0,0,0,0,0,0,,0,23,23,307,2,0,0,209,98,14,19.3606533391867,0,1.4688995215311,0.0923694779116466,0.14544189283229,0.240363541850073,0,42.7,65.7
2006,REG,00-0022141,,Jeremi Johnson,FB,RB,,10,CIN,0,0,0,0,0,0,0,0,0,0,0,0,,0,,,15,56,1,0,0,3,-0.552463124331553,0,6,6,37,0,0,0,3,34,1,3.13002239403431,0,12.3333333333333,0.0759493670886076,0.007537688442211,0.119200432542459,0,15.3,21.3
2006,REG,00-0022143,,Ovie Mughelli,FB,RB,,9,BAL,0,0,0,0,0,0,0,0,0,0,0,0,,0,,,12,50,0,0,0,4,0.579970345279435,0,21,21,182,2,1,1,40,142,7,6.74912356428104,0,4.55,0.105527638190955,0.0300525920360631,0.179328271711676,0,33.2,54.2
2006,REG,00-0022144,,Bobby Wade,WR,WR,,13,TEN,0,0,0,0,0,0,0,0,0,0,0,0,,0,,,0,0,0,0,0,0,,0,33,33,461,2,0,0,302,159,22,33.314039299932,0,1.52649006622517,0.175531914893617,0.217422606191505,0.415493696674479,0,58.1,91.1
2006,REG,00-0022156,,Bryant Johnson,WR,WR,,15,ARI,0,0,0,0,0,0,0,0,0,0,0,0,,0,,,1,-3,0,0,0,0,-1.0851029047044,0,40,40,740,4,0,0,520,220,30,57.6734135690786,0,1.42307692307692,0.131147540983607,0.236363636363636,0.362175856929955,0,97.7,137.7
2006,REG,00-0022164,,Kyle Boller,QB,QB,,4,BAL,33,55,485,5,2,3,16,0,0,595,196,20,13.8440930348006,0,0.815126050420168,0.0964124650572133,22,34,0,3,1,3,-7.75924464174736,0,0,0,0,0,0,0,0,0,0,,0,,,,,0,36.8,36.8
2006,REG,00-0022165,,Dallas Clark,TE,TE,,12,IND,0,0,0,0,0,0,0,0,0,0,0,0,,0,,,0,0,0,0,0,0,,0,30,30,367,4,0,0,247,120,22,39.4579934817157,0,1.48582995951417,0.112781954887218,0.11456400742115,0.249367737525632,0,60.7,90.7
2006,REG,00-0022171,,Kelley Washington,WR,WR,,3,CIN,0,0,0,0,0,0,0,0,0,0,0,0,,0,,,0,0,0,0,0,0,,0,9,9,115,1,0,0,63,52,7,9.7355948110926,0,1.82539682539683,0.157894736842105,0.15035799522673,0.342092701921869,0,17.5,26.5
2006,REG,00-0022177,,Byron Leftwich,QB,QB,,6,JAX,109,184,1158,7,5,9,48,0,0,1316,615,58,2.38996772832266,0,0.879939209726444,0.052277638117189,25,41,2,2,0,5,-5.92507056479749,0,0,0,0,0,0,0,0,0,0,,0,,,,,0,80.42,80.42
2006,REG,00-0022178,,Willis McGahee,RB,RB,,14,BUF,0,0,0,0,0,0,0,0,0,0,0,0,,0,,,259,990,6,4,2,48,-25.9511884646744,0,18,18,156,0,0,0,-48,204,4,4.23829550942173,0,-3.25,0.0983606557377049,-0.043517679057117,0.117078608266576,0,146.6,164.6
2006,REG,00-0022180,,Lee Suggs,RB,RB,,3,MIA,0,0,0,0,0,0,0,0,0,0,0,0,,0,,,6,26,0,0,0,0,-0.105190761387348,0,0,0,0,0,0,0,0,0,0,,0,,,,,0,2.6,2.6
2006,REG,00-0022217,,Mewelde Moore,RB,RB,,16,MIN,1,1,15,1,0,0,0,0,0,15,0,1,3.87029864918441,0,1.0,,24,131,0,0,0,3,1.58322832018056,0,46,46,468,1,0,0,27,441,15,11.8950567897773,0,17.3333333333333,0.15916955017301,0.0193548387096774,0.25230271235629,1,76.5,122.5
2006,REG,00-0022228,,Rich Alexis,RB,RB,,1,JAX,0,0,0,0,0,0,0,0,0,0,0,0,,0,,,3,5,0,0,0,0,-1.45177845133003,0,0,0,0,0,0,0,0,0,0,,0,,,,,0,0.5,0.5
2006,REG,00-0022250,,Willie Parker,RB,RB,,16,PIT,0,0,0,0,0,0,0,0,0,0,0,0,,0,,,337,1494,13,6,4,70,-16.614063619445,0,31,31,222,3,1,1,-34,256,12,10.1515644846077,0,-6.52941176470588,0.126530612244898,-0.0212632895559725,0.174911615678166,0,257.6,288.6
2006,REG,00-0022288,,Jason Wright,RB,RB,,8,CLE,0,0,0,0,0,0,0,0,0,0,0,0,,0,,,62,189,0,1,1,8,-21.5675291153918,0,6,6,82,0,0,0,-5,87,2,6.30429827157059,0,-16.4,0.0588235294117647,-0.0119617224880383,0.0798620883760203,0,25.1,31.1
2006,REG,00-0022307,,Jamal Jones,WR,WR,,4,NO,0,0,0,0,0,0,0,0,0,0,0,0,,0,,,0,0,0,0,0,0,,0,6,6,108,1,0,0,72,36,3,9.60926273505902,0,1.5,0.0666666666666667,0.172661870503597,0.220863309352518,0,16.8,22.8
2006,REG,00-0022308,,Kelvin Kight,WR,WR,,2,NE,0,0,0,0,0,0,0,0,0,0,0,0,,0,,,1,8,0,0,0,0,0.648785800323822,0,1,1,9,0,0,0,6,3,0,0.788318214472383,0,1.5,0.0357142857142857,0.0458015267175573,0.0856324972737186,0,1.7,2.7
2006,REG,00-0022388,,Terrance Copper,WR,WR,,9,NO,0,0,0,0,0,0,0,0,0,0,0,0,,0,,,1,8,0,0,0,1,0.891231138783041,0,23,23,385,3,2,2,272,113,18,27.9379633190401,0,1.41544117647059,0.102222222222222,0.155074116305587,0.261885214747244,0,53.3,76.3
2006,REG,00-0022397,,Vonta Leach,FB,RB,,3,HOU,0,0,0,0,0,0,0,0,0,0,0,0,,0,,,0,0,0,0,0,0,,0,6,6,61,1,0,0,18,43,5,6.70833064621547,0,3.38888888888889,0.142857142857143,0.133333333333333,0.307619047619048,0,12.1,18.1
2006,REG,00-0022405,,Lousaka Polite,FB,RB,,2,DAL,0,0,0,0,0,0,0,0,0,0,0,0,,0,,,7,18,0,0,0,1,-2.03814349127614,0,2,2,21,0,0,0,4,17,2,1.90655695134774,0,5.25,0.0909090909090909,0.0213903743315508,0.151336898395722,0,3.9,5.9
2006,REG,00-0022414,,Malcom Floyd,WR,WR,"https://static.www.nfl.com/image/private/f_auto,q_auto/league/or8gm79eaonksxe8gl0t",9,LAC,0,0,0,0,0,0,0,0,0,0,0,0,,0,,,0,0,0,0,0,0,,0,15,15,210,3,0,0,164,46,9,19.5320819071494,0,1.28048780487805,0.0824175824175824,0.135537190082645,0.218502406684225,0,39.0,54.0
2006,REG,00-0022421,,Ruvell Martin,WR,WR,,8,GB,0,0,0,0,0,0,0,0,0,0,0,0,,0,,,0,0,0,0,0,0,,0,21,21,358,1,0,0,263,95,16,29.9286546618586,0,1.36121673003802,0.12,0.255339805825243,0.35873786407767,0,41.8,62.8
2006,REG,00-0022427,,Wes Welker,WR,WR,"https://static.www.nfl.com/image/private/f_auto,q_auto/league/rgjwexzif36vncjfdwap",16,MIA,0,0,0,0,0,0,0,0,0,0,0,0,,0,,,0,0,0,0,0,0,,0,67,67,687,1,0,0,417,270,33,53.525178361988,0,1.64748201438849,0.195906432748538,0.206537890044577,0.438436172154011,0,74.7,141.7
2006,REG,00-0022431,,Ran Carthon,RB,RB,,1,IND,0,0,0,0,0,0,0,0,0,0,0,0,,0,,,3,4,1,0,0,1,0.0031055962899699,0,0,0,0,0,0,0,0,0,0,,0,,,,,0,6.4,6.4
2006,REG,00-0022538,,Shaud Williams,RB,RB,,2,BUF,0,0,0,0,0,0,0,0,0,0,0,0,,0,,,2,2,0,0,0,0,-1.27660280885175,0,0,0,0,0,0,0,0,0,0,,0,,,,,0,0.2,0.2
2006,REG,00-0022555,,Ben Utecht,TE,TE,,13,IND,0,0,0,0,0,0,0,0,0,0,0,0,,0,,,0,0,0,0,0,0,,0,37,37,377,0,1,1,203,174,18,21.6377858514049,0,1.85714285714286,0.120915032679739,0.0814279983955074,0.238372147896463,0,35.7,72.7
2006,REG,00-0022564,,Ronnie Cruz,RB,RB,,3,KC,0,0,0,0,0,0,0,0,0,0,0,0,,0,,,5,19,0,0,0,0,-0.814764120965265,0,2,2,20,0,0,0,-5,25,2,3.33346320141573,0,-4.0,0.0769230769230769,-0.0515463917525773,0.0793021411578113,0,3.9,5.9
2006,REG,00-0022582,,Richard Owens,TE,TE,,6,MIN,0,0,0,0,0,0,0,0,0,0,0,0,,0,,,0,0,0,0,0,0,,0,6,6,45,1,0,0,12,33,3,4.74844229931478,0,3.75,0.046875,0.024948024948025,0.0877761174636175,0,10.5,16.5
2006,REG,00-0022590,,Jared Lorenzen,QB,QB,,1,NYG,0,0,0,0,0,0,0,0,0,0,0,0,,0,,,1,2,0,0,0,1,0.32844494166784,0,0,0,0,0,0,0,0,0,0,,0,,,,,0,0.2,0.2
2006,REG,00-0022592,,Curtis Deloatch,DB,DB,,1,NO,0,0,0,0,0,0,0,0,0,0,0,0,,0,,,0,0,0,0,0,0,,0,0,0,0,0,0,0,0,0,0,,0,,,,,1,6.0,6.0
2006,REG,00-0022684,D.Jones,Donnie Jones,P,SPEC,"https://static.www.nfl.com/image/private/f_auto,q_auto/league/qds7simibz6lt6ckf5yo",1,MIA,0,0,0,0,0,0,0,0,0,0,0,0,,0,,,1,0,0,1,0,0,-3.45415503554978,0,0,0,0,0,0,0,0,0,0,,0,,,,,0,0.0,0.0
2006,REG,00-0022701,,D.J. Hackett,WR,WR,,13,SEA,0,0,0,0,0,0,0,0,0,0,0,0,,0,,,0,0,0,0,0,0,,0,45,45,610,4,0,0,378,232,33,60.642682050413,0,1.61375661375661,0.188284518828452,0.206331877729258,0.426859092653158,0,85.0,130.0
2006,REG,00-0022704,,Courtney Anderson,TE,TE,,11,LV,0,0,0,0,0,0,0,0,0,0,0,0,,0,,,0,0,0,0,0,0,,0,25,25,285,2,1,0,186,98,14,24.585984575504,0,1.53225806451613,0.130208333333333,0.149637972646822,0.300059080852776,0,40.5,65.5
2006,REG,00-0022706,,Michael Gaines,TE,TE,,8,CAR,0,0,0,0,0,0,0,0,0,0,0,0,,0,,,0,0,0,0,0,0,,0,15,15,146,0,0,0,76,70,9,7.68159977716277,0,1.92105263157895,0.0815217391304348,0.0707635009310987,0.171817059347421,0,14.6,29.6
2006,REG,00-0022714,,Kris Wilson,TE,TE,,11,KC,0,0,0,0,0,0,0,0,0,0,0,0,,0,,,0,0,0,0,0,0,,0,15,15,132,3,0,0,41,91,11,16.2204303921317,0,3.21951219512195,0.0789473684210526,0.0358705161854768,0.143530413961413,0,31.2,46.2
2006,REG,00-0022724,,Sean McHugh,TE,TE,,3,DET,0,0,0,0,0,0,0,0,0,0,0,0,,0,,,0,0,0,0,0,0,,0,3,3,25,0,0,0,11,14,2,2.30742842738982,0,2.27272727272727,0.04,0.0205992509363296,0.0744194756554307,0,2.5,5.5
2006,REG,00-0022725,,Michael Clayton,WR,WR,,12,TB,0,0,0,0,0,0,0,0,0,0,0,0,,0,,,5,41,0,1,0,2,1.36099972261582,0,33,33,356,1,1,0,255,101,22,27.2834866890917,0,1.39607843137255,0.152073732718894,0.218508997429306,0.381066897278855,0,45.7,78.7
2006,REG,00-0022726,,Keary Colbert,WR,WR,,3,CAR,0,0,0,0,0,0,0,0,0,0,0,0,,0,,,0,0,0,0,0,0,,0,5,5,56,0,0,0,35,21,4,2.24571421556175,0,1.6,0.0746268656716418,0.0953678474114441,0.178697791695474,0,5.6,10.6
2006,REG,00-0022736,,Steven Jackson,RB,RB,"https://static.www.nfl.com/image/private/f_auto,q_auto/league/abl5wejuf448xw3jtphm",16,LA,0,0,0,0,0,0,0,0,0,0,0,0,,0,,,346,1528,13,2,1,74,-1.27078232762589,0,90,90,806,3,2,1,191,615,31,30.2823498841915,0,4.21989528795812,0.25,0.073096058170685,0.42616724071948,0,325.4,415.4
2006,REG,00-0022738,,Chris Cooley,TE,TE,,16,WAS,0,0,0,0,0,0,0,0,0,0,0,0,,0,,,0,0,0,0,0,0,,0,57,57,734,6,0,0,322,412,33,66.0821459392901,1,2.27950310559006,0.208029197080292,0.197424892703863,0.450241220513142,0,111.4,168.4
2006,REG,00-0022746,,Jeff Dugan,TE,TE,,5,MIN,0,0,0,0,0,0,0,0,0,0,0,0,,0,,,0,0,0,0,0,0,,0,8,8,40,1,0,0,12,28,5,5.51349679997657,0,3.33333333333333,0.0714285714285714,0.0216998191681736,0.122332730560579,0,10.0,18.0
2006,REG,00-0022754,,Samie Parker,WR,WR,,16,KC,0,0,0,0,0,0,0,0,0,0,0,0,,0,,,3,7,0,0,0,0,-0.535773298994172,0,41,41,561,1,0,0,433,122,33,50.0152641874308,0,1.29561200923788,0.150735294117647,0.22516900676027,0.38372124590866,0,62.8,103.8
2006,REG,00-0022766,,Patrick Crayton,WR,WR,,13,DAL,0,0,0,0,0,0,0,0,0,0,0,0,,0,,,0,0,0,0,0,0,,0,36,36,516,4,1,0,340,176,28,51.2450118421597,0,1.51764705882353,0.135849056603774,0.155748969308291,0.312797863421464,0,75.6,111.6
2006,REG,00-0022773,,Brandon Miree,RB,RB,,4,GB,0,0,0,0,0,0,0,0,0,0,0,0,,0,,,0,0,0,0,0,0,,0,9,9,57,0,0,0,32,25,3,1.2098273458024,0,1.78125,0.1125,0.0784313725490196,0.223651960784314,0,5.7,14.7
2006,REG,00-0022781,,Michael Jenkins,WR,WR,,16,ATL,0,0,0,0,0,0,0,0,0,0,0,0,,0,,,1,2,0,0,0,0,-0.354789361241274,0,39,39,436,7,0,0,292,144,22,43.8442319614696,0,1.49315068493151,0.174887892376682,0.168105929763961,0.380005989399795,0,85.8,124.8
2006,REG,00-0022782,,Kevin Jones,RB,RB,,12,DET,0,0,0,0,0,0,0,0,0,0,0,0,,0,,,181,689,6,4,4,31,-41.3120563280289,0,61,61,520,2,1,1,12,508,27,24.558964309399,0,43.3333333333333,0.23828125,0.0071428571428571,0.362421875,0,158.9,219.9
2006,REG,00-0022787,M.Schaub,Matt Schaub,QB,QB,"https://static.www.nfl.com/image/private/f_auto,q_auto/league/mj2kh2nddxnw04ludcx0",5,ATL,18,27,208,1,2,2,8,0,0,224,65,10,-3.8543507065915,0,0.928571428571429,0.0800047526296489,7,21,0,1,0,2,-4.79306616797112,0,0,0,0,0,0,0,0,0,0,,0,,,,,0,10.42,10.42
2006,REG,00-0022796,,Mike Karney,FB,RB,,12,NO,0,0,0,0,0,0,0,0,0,0,0,0,,0,,,11,33,1,0,0,7,2.46351479226723,0,15,15,96,2,0,0,9,87,6,7.17829243605956,0,10.6666666666667,0.077319587628866,0.0094637223974763,0.122603987121532,0,30.9,45.9
2006,REG,00-0022797,,Thomas Tapeh,RB,RB,,12,PHI,0,0,0,0,0,0,0,0,0,0,0,0,,0,,,5,9,0,0,0,2,-1.40445096790791,0,16,18,85,1,0,0,33,58,3,-0.606983032631221,0,2.57575757575758,0.0734693877551021,0.020702634880803,0.124695926049215,0,15.4,31.4
2006,REG,00-0022801,,Quincy Wilson,RB,RB,,1,CIN,0,0,0,0,0,0,0,0,0,0,0,0,,0,,,2,2,0,0,0,0,-1.68648010789184,0,0,0,0,0,0,0,0,0,0,,0,,,,,0,0.2,0.2
2006,REG,00-0022803,E.Manning,Eli Manning,QB,QB,"https://static.www.nfl.com/image/private/f_auto,q_auto/league/w51tf8uedjftbr4qpaex",16,NYG,301,522,3244,25,18,25,186,7,1,4363,1304,163,-6.60572000695805,0,0.743525097410039,0.0272815420624567,25,21,0,2,1,5,-20.1984280478209,0,0,0,0,0,0,0,0,0,0,,0,,,,,0,191.86,191.86
2006,REG,00-0022807,,Bernard Berrian,WR,WR,,14,CHI,0,0,0,0,0,0,0,0,0,0,0,0,,0,,,2,5,0,0,0,0,-0.34361875691684,0,51,51,775,6,2,1,545,230,32,60.2628201569804,0,1.42201834862385,0.201581027667984,0.29364224137931,0.507921110467494,0,112.0,163.0
2006,REG,00-0022811,,Jerricho Cotchery,WR,WR,"https://static.www.nfl.com/image/private/f_auto,q_auto/league/hkq2dmfj7mbgbuejiloy",16,NYJ,0,0,0,0,0,0,0,0,0,0,0,0,,0,,,5,25,0,0,0,1,0.847789002815262,0,82,82,961,6,0,0,655,306,53,86.2721514605815,0,1.46717557251908,0.261980830670927,0.337628865979382,0.629311452191957,0,134.6,216.6
2006,REG,00-0022817,,Sean Ryan,TE,TE,,6,NYJ,0,0,0,0,0,0,0,0,0,0,0,0,,0,,,0,0,0,0,0,0,,0,6,6,44,0,1,1,26,18,1,-2.65741036360851,0,1.69230769230769,0.0476190476190476,0.0279870828848224,0.0910195294479471,0,2.4,8.4
2006,REG,00-0022821,,Michael Turner,RB,RB,,13,LAC,0,0,0,0,0,0,0,0,0,0,0,0,,0,,,80,502,2,0,0,24,13.4321881163512,0,3,3,47,0,0,0,4,43,2,2.92980326135876,0,11.75,0.0666666666666667,0.0142348754448399,0.109964412811388,0,66.9,69.9
2006,REG,00-0022826,,Clarence Moore,WR,WR,,1,BAL,0,0,0,0,0,0,0,0,0,0,0,0,,0,,,0,0,0,0,0,0,,0,2,2,1,1,0,0,1,0,1,1.16500751953572,0,1.0,0.117647058823529,0.0089285714285714,0.182720588235294,0,6.1,8.1
2006,REG,00-0022840,,Julius Jones,RB,RB,,16,DAL,0,0,0,0,0,0,0,0,0,0,0,0,,0,,,267,1084,4,1,1,43,-15.5436835377186,0,9,9,142,0,0,0,-8,150,7,11.3706904515275,0,-17.75,0.0725806451612903,-0.0077669902912621,0.103434074538052,0,144.6,153.6
2006,REG,00-0022847,,Ben Hartsock,TE,TE,,4,TEN,0,0,0,0,0,0,0,0,0,0,0,0,,0,,,0,0,0,0,0,0,,0,6,6,68,0,0,0,24,44,4,4.87732836045541,0,2.83333333333333,0.0967741935483871,0.0547945205479452,0.183517454706142,0,6.8,12.8
2006,REG,00-0022872,,Cedric Cobbs,RB,RB,,1,DEN,0,0,0,0,0,0,0,0,0,0,0,0,,0,,,3,9,0,0,0,0,-0.869071312830783,0,0,0,0,0,0,0,0,0,0,,0,,,,,0,0.9,0.9
2006,REG,00-0022873,,Johnnie Morant,WR,WR,,3,LV,0,0,0,0,0,0,0,0,0,0,0,0,,0,,,0,0,0,0,0,0,,0,7,7,70,0,2,2,32,38,3,-5.11230944487033,0,2.1875,0.104477611940299,0.103225806451613,0.228974482426577,0,3.0,10.0
2006,REG,00-0022879,,Drew Carter,WR,WR,,9,CAR,0,0,0,0,0,0,0,0,0,0,0,0,,0,,,2,18,0,0,0,1,1.25055454706308,0,28,28,357,3,0,0,299,58,14,24.4724042684538,0,1.19397993311037,0.135922330097087,0.227549467275495,0.363168122238477,0,55.5,83.5
2006,REG,00-0022886,,Casey Cramer,FB,RB,,2,TEN,0,0,0,0,0,0,0,0,0,0,0,0,,0,,,0,0,0,0,0,0,,0,2,2,8,0,0,0,1,7,1,0.325648469966836,0,8.0,0.0526315789473684,0.0072463768115942,0.0840198321891686,0,0.8,2.8
2006,REG,00-0022889,,Reggie Williams,WR,WR,,16,JAX,0,0,0,0,0,0,0,0,0,0,0,0,,0,,,6,34,0,1,0,3,1.89414525870234,0,53,53,615,4,0,0,338,277,28,50.2299334071018,0,1.81952662721894,0.209486166007905,0.213114754098361,0.46340957688071,0,88.9,141.9
2006,REG,00-0022893,,Tatum Bell,RB,RB,,13,DEN,0,0,0,0,0,0,0,0,0,0,0,0,,0,,,233,1025,2,3,3,43,-24.7196115151987,0,24,24,115,0,2,2,-36,151,5,-8.96745809714776,0,-3.19444444444444,0.146341463414634,-0.0326975476839237,0.196623911743205,0,116.0,140.0
2006,REG,00-0022901,,Ernest Wilford,WR,WR,,15,JAX,0,0,0,0,0,0,0,0,0,0,0,0,,0,,,0,0,0,0,0,0,,0,36,36,524,2,1,1,412,112,27,37.9609391910781,0,1.27184466019417,0.138996138996139,0.260265319014529,0.390679931804379,0,62.4,98.4
2006,REG,00-0022907,,Nate Lawrie,TE,TE,,1,NO,0,0,0,0,0,0,0,0,0,0,0,0,,0,,,0,0,0,0,0,0,,0,1,1,17,0,0,0,15,2,1,0.974213074659929,0,1.13333333333333,0.037037037037037,0.126050420168067,0.143790849673203,0,1.7,2.7
2006,REG,00-0022909,,Roy Williams,WR,WR,,16,DET,0,0,0,0,0,0,0,0,0,0,0,0,,0,,,2,2,0,0,0,0,-0.745145422639325,0,82,82,1310,7,2,2,980,330,66,108.96908649418,0,1.33673469387755,0.220430107526882,0.390438247011952,0.603951934198689,0,169.2,251.2
2006,REG,00-0022910,,Lee Evans,WR,WR,,16,BUF,0,1,0,0,0,0,0,0,0,17,0,0,-0.457501869299449,0,0.0,,0,0,0,0,0,0,,0,82,82,1291,8,0,0,955,336,53,119.12479636402,0,1.35183246073298,0.304832713754647,0.529379157427938,0.827814480831527,0,177.1,259.1
2006,REG,00-0022912,,J.P. Losman,QB,QB,,16,BUF,269,430,3050,19,14,47,332,7,6,3816,1246,132,-25.2218152035789,0,0.799266247379455,0.0606848435548018,38,140,1,6,1,14,-7.5104303448366,0,0,0,0,0,0,0,0,0,0,,0,,,,,0,176.0,176.0
2006,REG,00-0022916,,Ben Troupe,TE,TE,,8,TEN,0,0,0,0,0,0,0,0,0,0,0,0,,0,,,0,0,0,0,0,0,,0,13,13,150,2,0,0,55,95,8,13.3825367746758,0,2.72727272727273,0.122641509433962,0.0851393188854489,0.243559787370758,0,27.0,40.0
2006,REG,00-0022921,L.Fitzgerald,Larry Fitzgerald,WR,WR,"https://static.www.nfl.com/image/private/f_auto,q_auto/league/ycgjjaad5un42gy4pnga",13,ARI,0,0,0,0,0,0,0,0,0,0,0,0,,0,,,1,5,0,0,0,0,0.0960794910788536,0,68,68,941,6,0,0,752,189,52,89.3475658057432,0,1.25132978723404,0.251851851851852,0.366114897760467,0.634058206210105,0,130.6,198.6
2006,REG,00-0022922,,Kellen Winslow,TE,TE,,16,CLE,0,0,0,0,0,1,14,0,0,0,0,0,-0.863402995397337,0,,,0,0,0,0,0,0,,0,89,89,875,3,1,0,534,341,42,57.3999553623987,0,1.63857677902622,0.280757097791798,0.312463428905793,0.639860046921752,0,105.5,194.5
2006,REG,00-0022923,D.Hall,DeAngelo Hall,FS,DB,"https://static.www.nfl.com/image/private/f_auto,q_auto/league/yqzm0jpubsxcgkiqtaql",1,ATL,0,0,0,0,0,0,0,0,0,0,0,0,,0,,,0,0,0,0,0,0,,0,1,1,0,0,1,0,-3,3,0,-0.475609576329589,0,0.0,0.1,-0.0428571428571429,0.12,0,0.0,1.0
2006,REG,00-0022924,B.Roethlisberger,Ben Roethlisberger,QB,QB,"https://static.www.nfl.com/image/private/f_auto,q_auto/league/vziogpnyp9d0xtpiuqhr",15,PIT,281,470,3528,18,23,46,280,3,1,4344,1503,179,9.3415464755273,0,0.812154696132597,0.081544103212573,32,98,2,2,1,11,-0.404773649718608,0,0,0,0,0,0,0,0,0,0,,0,,,,,0,184.92,184.92
2006,REG,00-0022926,,Chris Perry,RB,RB,,6,CIN,0,0,0,0,0,0,0,0,0,0,0,0,,0,,,10,57,0,0,0,3,1.01337922486709,0,9,9,42,0,0,0,10,32,3,1.19012559251799,0,4.2,0.0978260869565217,0.0119189511323004,0.155082396227393,0,9.9,18.9
2006,REG,00-0022929,,Devery Henderson,WR,WR,,10,NO,0,0,0,0,0,0,0,0,0,0,0,0,,0,,,2,14,1,0,0,2,4.31938803661615,0,32,32,745,5,0,0,526,219,28,68.1969476550985,0,1.41634980988593,0.139737991266376,0.349501661129568,0.454258149690261,0,111.9,143.9
2006,REG,00-0022942,P.Rivers,Philip Rivers,QB,QB,"https://static.www.nfl.com/image/private/f_auto,q_auto/league/voakyrtj34sghkwxaxxf",16,LAC,284,460,3387,22,9,28,148,3,2,4108,1310,167,85.5473995034387,1,0.824488802336904,0.109816213894695,47,53,0,5,0,8,-14.7173412957643,0,0,0,0,0,0,0,0,0,0,,0,,,,,0,208.78,208.78
2006,REG,00-0022943,B.Watson,Benjamin Watson,TE,TE,"https://static.www.nfl.com/image/private/f_auto,q_auto/league/dorymozpdnrllkqlfzpu",13,NE,0,0,0,0,0,0,0,0,0,0,0,0,,0,,,0,0,0,0,0,0,,0,50,50,657,3,3,1,445,203,33,55.091762046708,0,1.47640449438202,0.190114068441065,0.277258566978193,0.479252099546332,0,81.7,131.7
2006,REG,00-0022954,,Ben Graham,P,SPEC,,2,NYJ,0,1,0,0,0,0,0,0,0,-11,0,0,-3.52631241304334,0,0.0,,1,0,0,1,0,0,-3.93097347038565,0,0,0,0,0,0,0,0,0,0,,0,,,,,0,0.0,0.0
2006,REG,00-0022970,,Derrick Wimbush,FB,RB,,4,JAX,0,0,0,0,0,0,0,0,0,0,0,0,,0,,,1,3,0,0,0,0,-0.33926254423568,0,4,4,23,0,0,0,14,9,0,0.391139725979883,0,1.64285714285714,0.0655737704918033,0.0338164251207729,0.122032153322246,0,2.6,6.6
2006,REG,00-0022999,J.Kuhn,John Kuhn,FB,RB,"https://static.www.nfl.com/image/private/f_auto,q_auto/league/nbcwgq2o0ymmx4czvr4b",2,PIT,0,0,0,0,0,0,0,0,0,0,0,0,,0,,,2,18,0,0,0,1,0.394608577807353,0,1,1,15,0,0,0,7,8,1,1.92847720178543,0,2.14285714285714,0.0769230769230769,0.0714285714285714,0.165384615384615,0,3.3,4.3
2006,REG,00-0023064,,Marquis Weeks,RB,RB,,1,SEA,0,0,0,0,0,0,0,0,0,0,0,0,,0,,,3,8,0,0,0,0,0.347321625449695,0,0,0,0,0,0,0,0,0,0,,0,,,,,0,0.8,0.8
2006,REG,00-0023074,,Samkon Gado,RB,RB,,9,HOU,0,0,0,0,0,0,0,0,0,0,0,0,,0,,,56,210,1,1,0,9,-6.80174030646386,0,17,17,85,0,0,0,4,81,3,-3.11697961908067,0,21.25,0.0899470899470899,0.0043956043956044,0.137997557997558,0,35.5,52.5
2006,REG,00-0023159,,Kay-Jay Harris,RB,RB,,3,LA,0,0,0,0,0,0,0,0,0,0,0,0,,0,,,3,9,0,0,0,0,-1.96566115505993,0,2,2,20,0,0,0,6,14,2,1.53181482007494,0,3.33333333333333,0.0377358490566038,0.0209059233449477,0.0712379199263691,0,2.9,4.9
2006,REG,00-0023176,,Josh Cribbs,WR,WR,,10,CLE,0,1,0,0,0,0,0,0,0,24,0,0,-0.329250318929553,0,0.0,,2,11,0,0,0,0,0.231388664804399,0,10,10,91,0,1,1,58,33,4,2.00200779730221,0,1.56896551724138,0.0854700854700855,0.0919175911251981,0.192547441992767,1,14.2,24.2
2006,REG,00-0023192,,Tyson Thompson,RB,RB,,3,DAL,0,0,0,0,0,0,0,0,0,0,0,0,,0,,,13,30,1,0,0,1,-2.61107480849023,0,0,0,0,0,0,0,0,0,0,,0,,,,,0,9.0,9.0
2006,REG,00-0023217,,Adam Bergen,TE,TE,,6,ARI,0,0,0,0,0,0,0,0,0,0,0,0,,0,,,0,0,0,0,0,0,,0,15,15,111,1,2,2,59,52,5,-5.18833042736434,0,1.88135593220339,0.112781954887218,0.058941058941059,0.210431673589568,0,13.1,28.1
2006,REG,00-0023218,,John Bronson,TE,TE,,1,ARI,0,0,0,0,0,0,0,0,0,0,0,0,,0,,,0,0,0,0,0,0,,0,1,1,25,0,0,0,16,9,1,2.11356864892878,0,1.5625,0.0454545454545455,0.0780487804878049,0.122815964523282,0,2.5,3.5
2006,REG,00-0023222,,Carlyle Holiday,WR,WR,,4,GB,0,1,0,0,0,0,0,0,0,31,0,0,-0.46372671239078,0,0.0,,0,0,0,0,0,0,,0,9,9,126,0,0,0,88,38,6,10.6355037884787,0,1.43181818181818,0.142857142857143,0.377682403433476,0.478663396689148,0,12.6,21.6
2006,REG,00-0023258,,Brad Cieslak,TE,TE,,4,BUF,0,0,0,0,0,0,0,0,0,0,0,0,,0,,,0,0,0,0,0,0,,0,6,6,46,0,0,0,3,43,2,3.43825638963608,0,15.3333333333333,0.0697674418604651,0.0082191780821917,0.110404587448232,0,4.6,10.6
2006,REG,00-0023310,,Lance Moore,WR,WR,"https://static.www.nfl.com/image/private/f_auto,q_auto/league/bfjxc892mfkni8ywtheh",1,NO,0,0,0,0,0,0,0,0,0,0,0,0,,0,,,0,0,0,0,0,0,,0,1,1,10,0,0,0,2,8,1,0.731857308652252,0,5.0,0.0357142857142857,0.0119047619047619,0.0619047619047619,0,1.0,2.0
2006,REG,00-0023367,,Nate Washington,WR,WR,,16,PIT,0,0,0,0,0,0,0,0,0,0,0,0,,0,,,3,8,0,0,0,1,-0.360214465647005,0,35,35,624,4,0,0,531,93,28,52.10611747046,0,1.17514124293785,0.112179487179487,0.228583727938011,0.328277840325839,0,87.2,122.2
2006,REG,00-0023426,,Keylon Kincade,RB,RB,,1,DAL,0,0,0,0,0,0,0,0,0,0,0,0,,0,,,4,9,0,0,0,0,-3.29334960132837,0,0,0,0,0,0,0,0,0,0,,0,,,,,0,0.9,0.9
2006,REG,00-0023429,,Rashied Davis,WR,WR,,12,CHI,0,0,0,0,0,0,0,0,0,0,0,0,,0,,,0,0,0,0,0,0,,0,22,22,307,2,0,0,240,67,16,32.985342550555,0,1.27916666666667,0.0986547085201794,0.141093474426808,0.246747494879034,0,42.7,64.7
2006,REG,00-0023436,A.Smith,Alex Smith,QB,QB,"https://static.www.nfl.com/image/private/f_auto,q_auto/league/dpa5d1a8jj6jdymocjkx",16,SF,259,443,2901,16,15,37,209,7,2,3455,1410,132,-33.6350530685324,0,0.839652677279305,0.0299871814839943,41,151,2,2,2,12,4.49249859007127,0,0,0,0,0,0,0,0,0,0,,0,,,,,0,169.14,169.14
2006,REG,00-0023437,,Ronnie Brown,RB,RB,,13,MIA,0,1,0,0,0,0,0,0,0,4,0,0,-1.06637735164259,0,0.0,,242,1005,5,5,3,49,-28.8492158029434,0,33,33,276,0,0,0,22,254,12,7.79020490460192,0,12.5454545454545,0.143478260869565,0.0157706093189964,0.226256817827645,0,152.1,185.1
2006,REG,00-0023438,,Braylon Edwards,WR,WR,,16,CLE,0,0,0,0,0,0,0,0,0,0,0,0,,0,,,4,12,0,0,0,1,-0.311668167705648,0,60,60,879,6,0,0,599,280,38,74.6522147695427,0,1.46744574290484,0.189274447949527,0.355489614243323,0.532754401894617,0,125.1,185.1
2006,REG,00-0023439,,Cedric Benson,RB,RB,,15,CHI,0,0,0,0,0,0,0,0,0,0,0,0,,0,,,157,647,6,0,0,33,-1.75195520541373,0,8,8,54,0,0,0,-14,68,2,3.31974904541858,0,-3.85714285714286,0.0727272727272727,-0.0318181818181818,0.0868181818181818,0,106.1,114.1
2006,REG,00-0023440,,Cadillac Williams,RB,RB,,14,TB,0,0,0,0,0,0,0,0,0,0,0,0,,0,,,225,798,1,2,2,32,-37.7128985327689,0,30,30,196,0,1,1,7,189,4,1.17554809927242,0,28.0,0.143540669856459,0.0089399744572158,0.22156898690474,0,99.4,129.4
2006,REG,00-0023441,A.Jones,Adam Jones,CB,DB,"https://static.www.nfl.com/image/private/f_auto,q_auto/league/hvbjym05mpvfkdhy3bsz",7,TEN,0,0,0,0,0,0,0,0,0,0,0,0,,0,,,2,8,0,0,0,1,0.275512116844766,0,2,2,31,0,0,0,12,19,2,2.07550498092314,0,2.58333333333333,0.0869565217391304,0.0845070422535211,0.18958971218616,3,21.9,23.9
2006,REG,00-0023442,,Troy Williamson,WR,WR,,12,MIN,0,0,0,0,0,0,0,0,0,0,0,0,,0,,,0,0,0,0,0,0,,0,37,37,455,0,0,0,277,178,22,35.8103671179541,0,1.64259927797834,0.151020408163265,0.262062440870388,0.409974320854169,0,45.5,82.5
2006,REG,00-0023452,,Mike Williams,WR,WR,,4,DET,0,0,0,0,0,0,0,0,0,0,0,0,,0,,,0,0,0,0,0,0,,0,8,8,99,1,0,0,72,27,5,7.46322266273083,0,1.375,0.0860215053763441,0.113207547169811,0.208277541083384,0,15.9,23.9
2006,REG,00-0023456,,Matt Jones,WR,WR,,13,JAX,0,0,0,0,0,1,9,0,0,0,0,0,-1.50013918196782,0,,,1,-6,0,0,0,0,-1.26661658403464,0,41,41,643,4,1,1,474,169,33,53.8009664216842,0,1.35654008438819,0.179824561403509,0.315159574468085,0.490348544232923,0,85.7,126.7
2006,REG,00-0023457,,Mark Clayton,WR,WR,,16,BAL,0,1,0,0,0,0,0,0,0,14,0,0,-0.486082444840577,0,0.0,,7,-30,0,0,0,0,-9.39490993798245,0,67,67,939,5,0,0,584,355,43,72.2080822380595,0,1.60787671232877,0.204268292682927,0.272515165655623,0.497163054983326,0,120.9,187.9
2006,REG,00-0023459,A.Rodgers,Aaron Rodgers,QB,QB,"https://static.www.nfl.com/image/upload/f_auto,q_auto/league/jdcb4nomlc4rd6k5l6to",2,GB,6,15,46,0,0,3,18,1,1,151,22,2,-15.2848235485726,0,0.304635761589404,-0.0703328565311266,2,11,0,0,0,1,0.962426038226113,0,0,0,0,0,0,0,0,0,0,,0,,,,,0,0.94,0.94
2006,REG,00-0023460,,Jason Campbell,QB,QB,,7,WAS,110,207,1297,10,6,8,60,0,0,2105,544,68,-3.06840076286144,0,0.616152019002375,0.0453360305662363,23,112,0,1,0,8,8.18668996197445,0,0,0,0,0,0,0,0,0,0,,0,,,,,0,91.08,91.08
2006,REG,00-0023462,,Roddy White,WR,WR,"https://static.www.nfl.com/image/private/f_auto,q_auto/league/f7dgklg6z49fbdltwuki",13,ATL,0,0,0,0,0,0,0,0,0,0,0,0,,0,,,0,0,0,0,0,0,,0,30,30,506,0,1,1,446,60,19,34.0314467905774,0,1.13452914798206,0.161290322580645,0.305688827964359,0.455917663446019,0,48.6,78.6
2006,REG,00-0023465,,Heath Miller,TE,TE,"https://static.www.nfl.com/image/private/f_auto,q_auto/league/iqw8fry4hgfvegs9nfuf",14,PIT,0,0,0,0,0,0,0,0,0,0,0,0,,0,,,0,0,0,0,0,0,,0,34,34,393,5,0,0,175,218,21,34.8700065221807,0,2.24571428571429,0.120567375886525,0.0848279205041202,0.240230608182671,0,69.3,103.3
2006,REG,00-0023470,,Reggie Brown,WR,WR,,15,PHI,0,0,0,0,0,0,0,0,0,0,0,0,,0,,,3,24,1,0,0,1,2.10472580161877,0,47,48,836,8,1,0,599,203,35,82.4161839476146,0,1.39565943238731,0.151419558359621,0.283081285444234,0.425286237350396,0,140.0,187.0
2006,REG,00-0023474,,Mark Bradley,WR,WR,,6,CHI,0,0,0,0,0,0,0,0,0,0,0,0,,0,,,0,0,0,0,0,0,,0,14,14,282,3,0,0,155,127,10,29.6206042414997,0,1.81935483870968,0.141414141414141,0.198717948717949,0.351223776223776,0,46.2,60.2
2006,REG,00-0023479,,J.J. Arrington,RB,RB,,10,ARI,0,0,0,0,0,0,0,0,0,0,0,0,,0,,,14,19,0,0,0,0,-10.6427135224564,0,8,8,58,0,0,0,9,49,4,3.26850198103406,0,6.44444444444445,0.062992125984252,0.009594882729211,0.101204606886826,1,13.7,21.7
2006,REG,00-0023489,,Eric Shelton,RB,RB,,4,CAR,0,0,0,0,0,0,0,0,0,0,0,0,,0,,,8,23,0,0,0,1,-1.84637072734768,0,1,1,6,0,0,0,4,2,1,0.928682542056777,0,1.5,0.0416666666666667,0.0296296296296296,0.0832407407407407,0,2.9,3.9
2006,REG,00-0023490,,Roscoe Parrish,WR,WR,,9,BUF,0,0,0,0,0,0,0,0,0,0,0,0,,0,,,2,18,0,0,0,1,1.61962983524427,0,23,23,320,2,1,1,200,120,10,19.1114926094227,0,1.6,0.149350649350649,0.20746887966805,0.369254189793609,1,49.8,72.8
2006,REG,00-0023492,,Justin Miller,DB,DB,,2,NYJ,0,0,0,0,0,0,0,0,0,0,0,0,,0,,,0,0,0,0,0,0,,0,0,0,0,0,0,0,0,0,0,,0,,,,,2,12.0,12.0
2006,REG,00-0023496,,Vincent Jackson,WR,WR,"https://static.www.nfl.com/image/private/f_auto,q_auto/league/kdquag2thcfulvrs0cbz",13,LAC,0,0,0,0,0,0,0,0,0,0,0,0,,0,,,3,16,0,0,0,0,0.838547747116536,0,27,27,453,6,0,0,386,67,19,44.0352856749342,1,1.17357512953368,0.122171945701357,0.233797698364628,0.346916307407275,0,84.9,111.9
2006,REG,00-0023497,,Bryant McFadden,CB,DB,,1,PIT,0,0,0,0,0,0,0,0,0,0,0,0,,0,,,1,-2,0,0,0,0,-2.21354103833437,0,0,0,0,0,0,0,0,0,0,,0,,,,,0,-0.2,-0.2
2006,REG,00-0023500,F.Gore,Frank Gore,RB,RB,"https://static.www.nfl.com/image/private/f_auto,q_auto/league/lxxkhd2suyalrbruzut7",16,SF,0,0,0,0,0,0,0,0,0,0,0,0,,0,,,313,1695,8,6,6,68,-25.1316021562974,0,61,61,485,1,1,0,36,449,21,35.5247141360305,0,13.4722222222222,0.235521235521236,0.0241448692152918,0.370183261732558,0,260.0,321.0
2006,REG,00-0023502,,Charlie Frye,QB,QB,,13,CLE,251,391,2449,10,17,44,262,6,5,2891,1065,116,-84.8102034313731,0,0.847111726046351,0.0515941107668712,47,215,3,2,2,17,5.4123164495104,0,0,0,0,0,0,0,0,0,0,,0,,,,,0,129.46,129.46
2006,REG,00-0023503,,Courtney Roby,WR,WR,,3,TEN,0,0,0,0,0,0,0,0,0,0,0,0,,0,,,1,3,0,0,0,0,-0.0953659602673724,0,2,2,28,0,0,0,26,2,1,0.931179285224061,0,1.07692307692308,0.0909090909090909,0.234234234234234,0.3003276003276,0,3.1,5.1
2006,REG,00-0023504,,Andrew Walter,QB,QB,,12,LV,147,276,1677,3,13,46,256,6,6,2738,508,80,-102.083319183543,0,0.612490869247626,-0.0045890925183267,14,30,0,7,3,2,-17.906557743845,0,0,0,0,0,0,0,0,0,0,,0,,,,,0,38.08,38.08
2006,REG,00-0023506,,Alex Smith,TE,TE,"https://static.www.nfl.com/image/private/f_auto,q_auto/league/zcpxncjwcm6ggoiqt6ub",12,TB,0,0,0,0,0,0,0,0,0,0,0,0,,0,,,0,0,0,0,0,0,,0,35,35,250,3,1,1,100,150,12,7.57667942467379,0,2.5,0.153508771929825,0.0930232558139535,0.295379436964504,0,41.0,76.0
2006,REG,00-0023508,,Vernand Morency,RB,RB,,13,GB,0,0,0,0,0,0,0,0,0,0,0,0,,0,,,96,434,2,2,1,26,-6.36702722262348,0,17,17,118,0,0,0,-5,123,5,2.41571596243423,0,-23.6,0.120567375886525,-0.0083056478405315,0.175037110341415,0,65.2,82.2
2006,REG,00-0023512,,Ryan Moats,RB,RB,,5,PHI,0,0,0,0,0,0,0,0,0,0,0,0,,0,,,22,69,0,0,0,5,-1.90033684734954,0,0,0,0,0,0,0,0,0,0,,0,,,,,0,6.9,6.9
2006,REG,00-0023518,,Chris Henry,WR,WR,,11,CIN,0,0,0,0,0,0,0,0,0,0,0,0,,0,,,0,0,0,0,0,0,,0,36,36,605,9,0,0,445,160,27,60.0990019509918,0,1.35955056179775,0.16,0.23045054375971,0.401315380631797,0,114.5,150.5
2006,REG,00-0023519,,Ellis Hobbs,CB,DB,,1,NE,0,0,0,0,0,0,0,0,0,0,0,0,,0,,,0,0,0,0,0,0,,0,0,0,0,0,0,0,0,0,0,,0,,,,,1,6.0,6.0
2006,REG,00-0023521,,Kevin Everett,TE,TE,,1,BUF,0,0,0,0,0,0,0,0,0,0,0,0,,0,,,0,0,0,0,0,0,,0,1,1,1,0,0,0,0,1,0,-0.485996245406568,0,0.0,0.0434782608695652,,,0,0.1,1.1
2006,REG,00-0023531,,Brandon Jones,WR,WR,,13,TEN,0,0,0,0,0,0,0,0,0,0,0,0,,0,,,1,3,0,0,0,0,-0.132244549575262,0,27,27,384,4,0,0,301,83,21,42.217504525598,0,1.27574750830565,0.156976744186047,0.238699444885012,0.402554727698578,0,62.7,89.7
2006,REG,00-0023534,D.Colquitt,Dustin Colquitt,P,SPEC,"https://static.www.nfl.com/image/private/f_auto,q_auto/league/v1aymd6o0vpg73ytxzhu",1,KC,0,0,0,0,0,0,0,0,0,0,0,0,,0,,,1,0,0,1,0,0,-9.55763166333782,0,0,0,0,0,0,0,0,0,0,,0,,,,,0,0.0,0.0
2006,REG,00-0023544,,Marion Barber,RB,RB,,16,DAL,0,0,0,0,0,0,0,0,0,0,0,0,,0,,,136,654,14,0,0,46,21.0420915690369,0,23,23,196,2,0,0,33,163,8,11.1176131640677,0,5.93939393939394,0.103603603603604,0.0193208430913349,0.16892999556934,0,181.0,204.0
2006,REG,00-0023545,,Brandon Jacobs,RB,RB,,15,NYG,0,0,0,0,0,0,0,0,0,0,0,0,,0,,,96,423,9,2,1,33,4.34230405953786,0,11,11,149,0,0,0,-18,167,3,9.17744701856282,0,-8.27777777777778,0.0718954248366013,-0.0237467018469657,0.091220445962026,0,109.2,120.2
2006,REG,00-0023547,,Ciatrick Fason,RB,RB,,3,MIN,0,0,0,0,0,0,0,0,0,0,0,0,,0,,,18,99,1,0,0,6,0.819372088939417,0,3,3,19,0,0,0,5,14,1,0.219044998753816,0,3.8,0.0625,0.0212765957446809,0.108643617021277,0,17.8,20.8
2006,REG,00-0023561,,Alvin Pearman,RB,RB,,6,JAX,0,0,0,0,0,0,0,0,0,0,0,0,,0,,,19,89,1,0,0,4,2.08401824228349,0,2,2,12,0,0,0,4,8,2,1.77370261924807,0,3.0,0.0526315789473684,0.0338983050847458,0.102676181980375,0,16.1,18.1
2006,REG,00-0023570,,Roydell Williams,WR,WR,,7,TEN,0,0,0,0,0,0,0,0,0,0,0,0,,0,,,0,0,0,0,0,0,,0,8,8,121,0,0,0,63,58,6,9.43138520716457,0,1.92063492063492,0.0747663551401869,0.0845637583892617,0.171344163582764,0,12.1,20.1
2006,REG,00-0023576,,Damien Nash,RB,RB,,3,DEN,0,0,0,0,0,0,0,0,0,0,0,0,,0,,,18,66,0,0,0,2,-4.5199539064594,0,4,4,41,0,0,0,-2,43,2,1.84243093803525,0,-20.5,0.105263157894737,-0.0099502487562189,0.150929562712752,0,10.7,14.7
2006,REG,00-0023591,,Justin Green,RB,RB,,4,BAL,0,0,0,0,0,0,0,0,0,0,0,0,,0,,,0,0,0,0,0,0,,0,4,4,17,0,0,0,-4,21,1,-0.171107646950986,0,-4.25,0.0547945205479452,-0.0168067226890756,0.0704270749395649,0,1.7,5.7
2006,REG,00-0023612,,Bo Scaife,TE,TE,,11,TEN,0,0,0,0,0,0,0,0,0,0,0,0,,0,,,1,13,1,0,0,1,3.15153940510936,0,29,29,370,2,1,1,235,135,18,11.6677605228439,0,1.57446808510638,0.168604651162791,0.199490662139219,0.392550440241639,0,54.3,83.3
2006,REG,00-0023615,,Cedric Houston,RB,RB,,8,NYJ,0,0,0,0,0,0,0,0,0,0,0,0,,0,,,113,374,5,0,0,20,-16.5414658311929,0,7,7,43,0,0,0,-14,57,1,1.98806029104162,0,-3.07142857142857,0.0598290598290598,-0.0234505862646566,0.0733281793583301,0,71.7,78.7
2006,REG,00-0023623,,Tab Perry,WR,WR,,2,CIN,0,0,0,0,0,0,0,0,0,0,0,0,,0,,,2,4,0,0,0,0,-0.450815455813427,0,5,5,81,0,0,0,32,49,3,6.61073803598193,0,2.53125,0.135135135135135,0.112676056338028,0.281575942139322,0,8.5,13.5
2006,REG,00-0023645,D.Anderson,Derek Anderson,QB,QB,"https://static.www.nfl.com/image/private/f_auto,q_auto/league/w191gsxivnqgdwgydka6",4,CLE,66,117,793,5,8,8,66,1,0,860,468,37,-23.9767987845073,0,0.922093023255814,0.012145240879099,4,47,0,1,1,2,-0.262162202736363,0,0,0,0,0,0,0,0,0,0,,0,,,,,0,38.42,38.42
2006,REG,00-0023657,,Paris Warren,WR,WR,,4,TB,0,0,0,0,0,0,0,0,0,0,0,0,,0,,,0,0,0,0,0,0,,0,5,5,63,0,0,0,48,15,2,5.78472176441574,0,1.3125,0.0657894736842105,0.100208768267223,0.168830348313372,0,6.3,11.3
2006,REG,00-0023662,M.Cassel,Matt Cassel,QB,QB,"https://static.www.nfl.com/image/private/f_auto,q_auto/league/n1ucqggyu5hlsqzuv5gj",5,NE,5,8,32,0,0,3,15,1,1,26,30,3,-2.81399489671458,0,1.23076923076923,-0.0191711178425425,2,4,0,0,0,1,-2.61833461985225,0,0,0,0,0,0,0,0,0,0,,0,,,,,0,-0.32,-0.32
2006,REG,00-0023676,,Noah Herron,RB,RB,,13,GB,0,0,0,0,0,0,0,0,0,0,0,0,,0,,,37,150,1,0,0,7,-4.99339378057462,0,29,29,211,2,1,1,4,207,11,8.65996617535205,0,52.75,0.13302752293578,0.0041450777202072,0.202442838807815,0,52.1,81.1
2006,REG,00-0023682,R.Fitzpatrick,Ryan Fitzpatrick,QB,QB,"https://static.www.nfl.com/image/private/f_auto,q_auto/league/pkhhxwplsawnhln9rsun",1,LA,0,0,0,0,0,0,0,0,0,0,0,0,,0,,,3,0,0,0,0,1,-0.737083559506573,0,0,0,0,0,0,0,0,0,0,,0,,,,,0,0.0,0.0
2006,REG,00-0023683,,Madison Hedgecock,FB,RB,,8,LA,0,0,0,0,0,0,0,0,0,0,0,0,,0,,,1,2,0,0,0,1,0.55831734999083,0,7,7,29,0,0,0,14,15,1,0.329778866551351,0,2.07142857142857,0.0486111111111111,0.0156075808249721,0.0838419732441472,0,3.1,10.1
2006,REG,00-0023701,,Brandon Childress,WR,WR,,1,NE,0,0,0,0,0,0,0,0,0,0,0,0,,0,,,0,0,0,0,0,0,,0,2,2,7,0,0,0,5,2,1,0.03718160034623,0,1.4,0.0714285714285714,0.0381679389312977,0.133860414394766,0,0.7,2.7
2006,REG,00-0023742,J.Ryan,Jon Ryan,P,SPEC,"https://static.www.nfl.com/image/private/f_auto,q_auto/league/jarcsmohj6vbznthlni8",2,GB,1,1,16,0,0,0,0,0,0,1,15,1,2.46165698557161,0,16.0,,1,-11,0,0,0,0,-4.19765752868261,0,0,0,0,0,0,0,0,0,0,,0,,,,,0,-0.46,-0.46
2006,REG,00-0023844,,Chris Taylor,RB,RB,,2,HOU,0,0,0,0,0,0,0,0,0,0,0,0,,0,,,28,123,1,0,0,7,-1.69353382893607,0,3,3,40,0,0,0,6,34,1,2.02062085742364,0,6.66666666666667,0.12,0.0618556701030928,0.223298969072165,0,22.3,25.3
2006,REG,00-0023859,,Brett Basanez,QB,QB,,1,CAR,6,11,56,0,1,0,0,0,0,73,11,4,-0.117463712929748,0,0.767123287671233,0.0100281132279676,1,2,0,0,0,0,-0.190386008820497,0,0,0,0,0,0,0,0,0,0,,0,,,,,0,0.44,0.44
2006,REG,00-0023867,,Taye Biddle,WR,WR,,2,CAR,0,0,0,0,0,0,0,0,0,0,0,0,,0,,,0,0,0,0,0,0,,0,3,3,37,0,0,0,31,6,1,1.83584682107903,0,1.19354838709677,0.0517241379310345,0.0748792270531401,0.13000166583375,0,3.7,6.7
2006,REG,00-0023878,,Cooper Wallace,TE,TE,,1,TEN,0,0,0,0,0,0,0,0,0,0,0,0,,0,,,0,0,0,0,0,0,,0,1,1,6,0,0,0,1,5,0,0.188175660092384,0,6.0,0.125,0.0149253731343284,0.19794776119403,0,0.6,1.6
2006,REG,00-0023889,,Chris Francies,WR,WR,,2,GB,0,0,0,0,0,0,0,0,0,0,0,0,,0,,,0,0,0,0,0,0,,0,2,2,16,0,0,0,12,4,2,1.47730111703277,0,1.33333333333333,0.0465116279069768,0.051948051948052,0.106131078224101,0,1.6,3.6
2006,REG,00-0023891,,Oliver Hoyte,RB,RB,,2,DAL,0,0,0,0,0,0,0,0,0,0,0,0,,0,,,0,0,0,0,0,0,,0,2,2,10,0,0,0,5,5,0,-0.0241581144509837,0,2.0,0.0454545454545455,0.0131926121372032,0.0774166466778604,0,1.0,3.0
2006,REG,00-0023897,,John Madsen,TE,TE,,8,LV,0,0,0,0,0,0,0,0,0,0,0,0,,0,,,0,0,0,0,0,0,,0,11,11,146,1,0,0,101,45,4,9.74199456203496,0,1.44554455445545,0.0714285714285714,0.114124293785311,0.187029862792575,0,20.6,31.6
2006,REG,00-0023947,,Will Buchanon,WR,WR,,1,LV,0,0,0,0,0,0,0,0,0,0,0,0,,0,,,0,0,0,0,0,0,,0,1,1,9,0,0,0,-1,10,1,0.0767984713602345,0,0.0,0.037037037037037,-0.0089285714285714,0.0493055555555556,0,0.9,1.9
2006,REG,00-0023950,,A.J. Schable,DE,DL,,1,ARI,0,0,0,0,0,0,0,0,0,0,0,0,,0,,,1,5,0,0,0,1,0.0396634400822222,0,0,0,0,0,0,0,0,0,0,,0,,,,,0,0.5,0.5
2006,REG,00-0023953,,Sam Hurd,WR,WR,,2,DAL,0,0,0,0,0,0,0,0,0,0,0,0,,0,,,0,0,0,0,0,0,,0,5,5,75,0,0,0,65,10,2,7.25527280903771,0,1.15384615384615,0.128205128205128,0.184135977337111,0.32120287644367,0,7.5,12.5
2006,REG,00-0023968,,Micheal Spurlock,WR,WR,,1,ARI,0,0,0,0,0,0,0,0,0,0,0,0,,0,,,0,0,0,0,0,0,,0,4,4,31,0,0,0,19,12,2,0.626768939197063,0,1.63157894736842,0.181818181818182,0.0926829268292683,0.337605321507761,0,3.1,7.1
2006,REG,00-0023981,,Martin Nance,WR,WR,,1,MIN,0,0,0,0,0,0,0,0,0,0,0,0,,0,,,0,0,0,0,0,0,,0,4,4,33,0,1,0,19,14,2,3.04922945424914,0,1.73684210526316,0.19047619047619,0.182692307692308,0.413598901098901,0,3.3,7.3
2006,REG,00-0024011,,Mike Bell,RB,RB,,14,DEN,0,0,0,0,0,0,0,0,0,0,0,0,,0,,,157,677,8,1,0,40,7.93037363333805,0,20,20,158,0,0,0,-15,173,5,4.26937394085689,0,-10.5333333333333,0.155038759689923,-0.0217391304347826,0.217340748230536,0,131.5,151.5
2006,REG,00-0024013,,Hank Baskett,WR,WR,,10,PHI,0,1,0,0,1,0,0,0,0,25,0,0,-4.87902504764497,0,0.0,,0,0,0,0,0,0,,0,22,22,464,2,0,0,282,175,17,36.1771423161263,0,1.64539007092199,0.0928270042194093,0.187002652519894,0.27014236309304,0,56.4,78.4
2006,REG,00-0024044,,Devale Ellis,WR,WR,,4,DET,0,0,0,0,0,0,0,0,0,0,0,0,,0,,,2,3,0,0,0,1,-1.07339077536017,0,4,4,41,0,0,0,25,16,2,3.28691177762812,0,1.64,0.0547945205479452,0.0512295081967213,0.118052436559623,0,4.4,8.4
2006,REG,00-0024174,,Glenn Holt,WR,WR,,1,CIN,0,0,0,0,0,0,0,0,0,0,0,0,,0,,,0,0,0,0,0,0,,0,1,1,3,0,0,0,0,3,0,-0.18386149010621,0,0.0,0.037037037037037,,,0,0.3,1.3
2006,REG,00-0024189,,Derrick Ross,RB,RB,,1,KC,0,0,0,0,0,0,0,0,0,0,0,0,,0,,,3,8,0,0,0,0,-0.90228846622631,0,0,0,0,0,0,0,0,0,0,,0,,,,,0,0.8,0.8
2006,REG,00-0024202,,Jamaal Branch,RB,RB,,1,NO,0,0,0,0,0,0,0,0,0,0,0,0,,0,,,10,29,0,0,0,2,-1.21248559077503,0,5,5,14,1,0,0,-18,32,1,-1.13227083935635,0,-0.777777777777778,0.25,-0.160714285714286,0.2625,0,10.3,15.3
2006,REG,00-0024217,,Reggie Bush,RB,RB,"https://static.www.nfl.com/image/private/f_auto,q_auto/league/z2m2heolqx9sgobdks9v",16,NO,0,1,0,0,1,0,0,0,0,18,0,0,-4.73078093468212,0,0.0,,154,558,6,2,2,26,-21.8803323920761,0,89,89,748,2,0,0,78,670,33,40.7138692646049,0,9.58974358974359,0.238605898123324,0.0318237454100367,0.380185468972012,1,178.6,267.6
2006,REG,00-0024218,,Vince Young,QB,QB,,15,TEN,184,356,2199,12,13,26,130,6,1,3454,880,107,-47.1057068906404,0,0.636653155761436,0.0269041326540991,82,553,7,6,2,31,21.2572329540557,1,0,0,0,0,0,0,0,0,0,,0,,,,,0,203.26,203.26
2006,REG,00-0024221,V.Davis,Vernon Davis,TE,TE,"https://static.www.nfl.com/image/private/f_auto,q_auto/league/so5ywayfeeu4zeijln5m",7,SF,0,0,0,0,0,0,0,0,0,0,0,0,,0,,,2,5,0,0,0,0,-0.39855883794371,0,20,20,265,3,1,1,137,128,9,16.9940062765381,0,1.93430656934307,0.18018018018018,0.208523592085236,0.416236784729935,0,43.0,63.0
2006,REG,00-0024225,,Matt Leinart,QB,QB,,12,ARI,213,376,2542,11,12,20,153,4,1,2996,941,124,3.70003329815824,0,0.848464619492657,0.0323603495063306,23,44,2,4,1,6,-7.33744879642872,0,0,0,0,0,0,0,0,0,0,,0,,,,,0,134.08,134.08
2006,REG,00-0024226,J.Cutler,Jay Cutler,QB,QB,"https://static.www.nfl.com/image/private/f_auto,q_auto/league/ks6n7gvw4vccihlse6bn",5,DEN,81,137,1001,9,5,13,85,3,1,1405,406,48,-7.05902342918875,0,0.712455516014235,0.0538509743995652,12,18,0,5,1,0,-6.72142303362489,0,0,0,0,0,0,0,0,0,0,,0,,,,,0,63.84,63.84
2006,REG,00-0024236,,Laurence Maroney,RB,RB,,14,NE,0,0,0,0,0,0,0,0,0,0,0,0,,0,,,175,745,6,1,1,40,-7.29573229467496,0,22,22,194,1,0,0,11,183,11,11.0541041891556,0,17.6363636363636,0.11,0.0095652173913043,0.171695652173913,0,133.9,155.9
2006,REG,00-0024240,,Santonio Holmes,WR,WR,,16,PIT,0,0,0,0,0,0,0,0,0,0,0,0,,0,,,1,13,0,0,0,1,1.15570313693024,0,49,49,824,2,0,0,491,333,41,76.9927238538554,0,1.67820773930754,0.157051282051282,0.211364614722342,0.383532153382562,1,101.7,150.7
2006,REG,00-0024242,,DeAngelo Williams,RB,RB,"https://static.www.nfl.com/image/private/f_auto,q_auto/league/oky9ooitgqa1fgwdll6b",13,CAR,0,0,0,0,0,0,0,0,0,0,0,0,,0,,,121,501,1,1,0,30,-5.35115797977778,0,33,33,313,1,0,0,-15,328,11,11.1116031738303,0,-20.8666666666667,0.148648648648649,-0.0167410714285714,0.211254222972973,0,93.4,126.4
2006,REG,00-0024243,M.Lewis,Marcedes Lewis,TE,TE,"https://static.www.nfl.com/image/private/f_auto,q_auto/league/ppq07tipygpftz5csipx",8,JAX,0,0,0,0,0,0,0,0,0,0,0,0,,0,,,0,0,0,0,0,0,,0,13,13,126,1,0,0,76,50,6,10.7999339468834,0,1.65789473684211,0.0955882352941176,0.102981029810298,0.215469073808385,0,18.6,31.6
2006,REG,00-0024245,,Joseph Addai,RB,RB,,16,IND,0,0,0,0,0,1,3,0,0,0,0,0,-2.35247698053718,0,,,226,1081,7,2,2,66,7.45601304899214,0,40,40,325,1,0,0,24,301,20,21.2664485545383,0,13.5416666666667,0.116959064327485,0.0108010801080108,0.182999352566836,0,184.6,224.6
2006,REG,00-0024251,,Chad Jackson,WR,WR,,10,NE,0,0,0,0,0,0,0,0,0,0,0,0,,0,,,4,22,0,0,0,2,1.29172345495317,0,13,13,152,3,0,0,107,45,6,15.6524451329024,0,1.42056074766355,0.0695187165775401,0.102294455066922,0.175884193413155,0,35.4,48.4
2006,REG,00-0024259,,Sinorice Moss,WR,WR,,4,NYG,0,0,0,0,0,0,0,0,0,0,0,0,,0,,,0,0,0,0,0,0,,0,5,5,25,0,0,0,3,22,1,0.686602639965713,0,8.33333333333333,0.0561797752808989,0.0055865921787709,0.088180277446488,0,2.5,7.5
2006,REG,00-0024260,,LenDale White,RB,RB,,13,TEN,0,0,0,0,0,0,0,0,0,0,0,0,,0,,,61,244,0,0,0,13,-4.88180636009201,0,14,14,60,0,0,0,-10,70,1,-3.27001245843712,0,-6.0,0.12280701754386,-0.0171526586620926,0.172203665252325,0,30.4,44.4
2006,REG,00-0024261,,Joe Klopfenstein,TE,TE,,11,LA,0,0,0,0,0,0,0,0,0,0,0,0,,0,,,0,0,0,0,0,0,,0,20,20,226,1,0,0,186,40,9,16.1181125754374,0,1.21505376344086,0.0763358778625954,0.10010764262648,0.184579166632429,0,28.6,48.6
2006,REG,00-0024264,K.Clemens,Kellen Clemens,QB,QB,"https://static.www.nfl.com/image/private/f_auto,q_auto/league/pxungqbhh61ov73tzaxk",2,NYJ,0,1,0,0,0,4,27,1,1,7,0,0,-6.79802866448881,0,0.0,,2,10,0,0,0,0,0.0311610473436303,0,0,0,0,0,0,0,0,0,0,,0,,,,,0,-1.0,-1.0
2006,REG,00-0024267,,Greg Jennings,WR,WR,"https://static.www.nfl.com/image/private/f_auto,q_auto/league/jiemkcfkc893pfova8xv",14,GB,0,0,0,0,0,0,0,0,0,0,0,0,,0,,,0,0,0,0,0,0,,0,45,45,632,3,1,0,380,252,28,54.8453324241273,0,1.66315789473684,0.144230769230769,0.217018846373501,0.368259346307604,0,81.2,126.2
2006,REG,00-0024268,A.Fasano,Anthony Fasano,TE,TE,"https://static.www.nfl.com/image/private/f_auto,q_auto/league/twcrap9uhjbazmplq5x3",7,DAL,0,0,0,0,0,0,0,0,0,0,0,0,,0,,,0,0,0,0,0,0,,0,14,14,126,0,0,0,72,54,4,6.88841861567926,0,1.75,0.0979020979020979,0.0622837370242215,0.190451762770102,0,12.6,26.6
2006,REG,00-0024269,,Bernard Pollard,SS,DB,,1,KC,0,0,0,0,0,0,0,0,0,0,0,0,,0,,,0,0,0,0,0,0,,0,0,0,0,0,0,0,0,0,0,,0,,,,,1,6.0,6.0
2006,REG,00-0024272,,Devin Hester,WR,WR,"https://static.www.nfl.com/image/private/f_auto,q_auto/league/jtntm2ci9doez4qxbx0c",5,CHI,0,0,0,0,0,0,0,0,0,0,0,0,,0,,,0,0,0,0,0,0,,0,0,0,0,0,0,0,0,0,0,,0,,,,,6,36.0,36.0
2006,REG,00-0024275,,Maurice Jones-Drew,RB,RB,,16,JAX,0,0,0,0,0,0,0,0,0,0,0,0,,0,,,166,941,13,2,1,46,24.8973834287247,0,46,46,436,2,0,0,31,405,16,24.6407163879034,0,14.0645161290323,0.210045662100457,0.0281306715063521,0.334759963205131,1,231.7,277.7
2006,REG,00-0024276,,Tony Scheffler,TE,TE,,8,DEN,0,0,0,0,0,0,0,0,0,0,0,0,,0,,,1,3,0,0,0,0,-0.108994975744281,0,18,18,286,4,0,0,218,68,15,26.6482585372578,0,1.31192660550459,0.15,0.274905422446406,0.417433795712484,0,52.9,70.9
2006,REG,00-0024279,,Tarvaris Jackson,QB,QB,"https://static.www.nfl.com/image/private/f_auto,q_auto/league/bqukmeneztibnhrjko0q",4,MIN,47,81,475,2,4,7,37,3,0,609,241,19,-27.8308392838226,0,0.779967159277504,0.0040424717735391,16,79,1,1,1,4,-0.595792904729024,0,0,0,0,0,0,0,0,0,0,,0,,,,,0,30.9,30.9
2006,REG,00-0024287,,Leonard Pope,TE,TE,,12,ARI,0,0,0,0,0,0,0,0,0,0,0,0,,0,,,0,0,0,0,0,0,,0,16,16,161,0,0,0,69,92,7,10.5866814844776,0,2.33333333333333,0.065843621399177,0.0409738717339667,0.127447142312542,0,16.1,32.1
2006,REG,00-0024289,,Brian Calhoun,RB,RB,,4,DET,0,0,0,0,0,0,0,0,0,0,0,0,,0,,,7,14,0,1,0,0,-2.32089181547053,0,2,2,20,0,0,0,5,15,1,-0.0228454015450552,0,4.0,0.0425531914893617,0.0185185185185185,0.0767927501970055,0,3.4,5.4
2006,REG,00-0024293,,Travis Wilson,WR,WR,,2,CLE,0,0,0,0,0,0,0,0,0,0,0,0,,0,,,0,0,0,0,0,0,,0,2,2,32,0,0,0,27,5,2,3.5045398993534,0,1.18518518518519,0.0416666666666667,0.123287671232877,0.148801369863014,0,3.2,5.2
2006,REG,00-0024294,,Jerious Norwood,RB,RB,,14,ATL,0,1,0,0,0,0,0,0,0,11,0,0,-0.448912150401156,0,0.0,,99,633,2,0,0,27,9.69891000638307,0,13,13,102,0,0,0,17,85,4,1.68644876743201,0,6.0,0.104,0.0189944134078212,0.169296089385475,0,85.5,98.5
2006,REG,00-0024296,,Charlie Whitehurst,QB,QB,,2,LAC,0,0,0,0,0,0,0,0,0,0,0,0,,0,,,2,13,1,0,0,1,3.2400500998483,0,0,0,0,0,0,0,0,0,0,,0,,,,,0,7.3,7.3
2006,REG,00-0024297,,Derek Hagan,WR,WR,,10,MIA,0,0,0,0,0,0,0,0,0,0,0,0,,0,,,0,0,0,0,0,0,,0,21,21,221,1,0,0,178,43,13,22.4688076470629,0,1.24157303370787,0.0921052631578947,0.129360465116279,0.228710220318237,0,28.1,49.1
2006,REG,00-0024300,,Brodie Croyle,QB,QB,,2,KC,3,7,23,0,2,1,10,0,0,87,2,2,-11.0010635583894,0,0.264367816091954,-0.0360362472115367,3,-3,0,0,0,0,-3.35645889118314,0,0,0,0,0,0,0,0,0,0,,0,,,,,0,-3.38,-3.38
2006,REG,00-0024301,,David Thomas,TE,TE,,5,NE,0,0,0,0,0,0,0,0,0,0,0,0,,0,,,0,0,0,0,0,0,,0,11,11,159,1,0,0,64,95,5,12.9131373664131,0,2.484375,0.102803738317757,0.121442125237192,0.23921509514267,0,21.9,32.9
2006,REG,00-0024305,,Maurice Stovall,WR,WR,,4,TB,0,0,0,0,0,0,0,0,0,0,0,0,,0,,,2,29,0,0,0,2,1.77845104632434,0,7,7,102,0,0,0,64,38,5,8.57914272823837,0,1.59375,0.0909090909090909,0.141280353200883,0.235259883604254,0,13.1,20.1
2006,REG,00-0024308,,Dominique Byrd,TE,TE,,1,LA,0,0,0,0,0,0,0,0,0,0,0,0,,0,,,0,0,0,0,0,0,,0,2,2,39,1,0,0,20,19,2,4.18164674320724,0,1.95,0.08,0.0970873786407767,0.187961165048544,0,9.9,11.9
2006,REG,00-0024313,,Owen Daniels,TE,TE,"https://static.www.nfl.com/image/private/f_auto,q_auto/league/ktxkz5tzddboxst5xfh8",11,HOU,0,0,0,0,0,0,0,0,0,0,0,0,,0,,,0,0,0,0,0,0,,0,34,34,350,5,0,0,174,176,21,28.8003774701501,0,2.01149425287356,0.132295719844358,0.167146974063401,0.315446461610917,0,65.0,99.0
2006,REG,00-0024315,,Michael Robinson,FB,RB,,14,SF,0,1,0,0,0,0,0,0,0,0,0,0,-2.60897447122261,0,,,38,116,2,0,0,5,-10.3112300810874,0,9,9,47,0,0,0,2,45,3,3.04236692498671,0,23.5,0.0833333333333333,0.0077519379844961,0.130426356589147,0,28.3,37.3
2006,REG,00-0024318,,Brad Smith,QB,QB,,13,NYJ,0,0,0,0,0,0,0,0,0,0,0,0,,0,,,18,103,0,0,0,11,8.00403612522014,0,9,9,61,0,0,0,27,34,5,4.6155271823518,0,2.25925925925926,0.05625,0.0261374636979671,0.102671224588577,0,16.4,25.4
2006,REG,00-0024324,,Jason Avant,WR,WR,"https://static.www.nfl.com/image/private/f_auto,q_auto/league/nnis5ib42eoeu8bjjpdc",3,PHI,0,0,0,0,0,0,0,0,0,0,0,0,,0,,,0,0,0,0,0,0,,0,7,7,68,1,1,1,41,27,5,2.681947546429,0,1.65853658536585,0.109375,0.1,0.2340625,0,10.8,17.8
2006,REG,00-0024326,,Demetrius Williams,WR,WR,,14,BAL,0,0,0,0,0,0,0,0,0,0,0,0,,0,,,0,0,0,0,0,0,,0,22,22,396,2,0,0,277,119,18,37.5452391651343,0,1.42960288808664,0.0771929824561404,0.148684916800859,0.219868915444812,0,51.6,73.6
2006,REG,00-0024332,,Leon Washington,RB,RB,,15,NYJ,0,0,0,0,0,0,0,0,0,0,0,0,,0,,,151,650,4,1,1,33,-11.332507079111,0,25,25,270,0,1,0,21,249,7,12.1537701897323,0,12.8571428571429,0.119047619047619,0.0201149425287356,0.192651888341543,0,114.0,139.0
2006,REG,00-0024334,B.Marshall,Brandon Marshall,WR,WR,"https://static.www.nfl.com/image/private/f_auto,q_auto/league/jhziqh0scfksvxen6f3s",8,DEN,0,0,0,0,0,0,0,0,0,0,0,0,,0,,,2,12,0,0,0,1,0.47032199788373,0,20,20,309,2,1,0,201,108,14,27.3577241242456,0,1.53731343283582,0.143884892086331,0.214285714285714,0.365827338129496,0,44.1,64.1
2006,REG,00-0024359,,Jerome Harrison,RB,RB,,9,CLE,0,0,0,0,0,0,0,0,0,0,0,0,,0,,,20,60,0,1,0,4,-4.82248916536433,0,9,9,47,0,0,0,-4,51,1,0.380326675134711,0,-11.75,0.0841121495327103,-0.0095923261390887,0.119453596001703,0,10.7,19.7
2006,REG,00-0024362,,Ingle Martin,QB,QB,,1,GB,0,0,0,0,0,0,0,0,0,0,0,0,,0,,,2,-5,0,0,0,0,-4.2481124434853,0,0,0,0,0,0,0,0,0,0,,0,,,,,0,-0.5,-0.5
2006,REG,00-0024365,,Tim Dobbins,LB,LB,,1,LAC,0,0,0,0,0,0,0,0,0,0,0,0,,0,,,0,0,0,0,0,0,,0,0,0,0,0,0,0,0,0,0,,0,,,,,1,6.0,6.0
2006,REG,00-0024369,,Jeff King,TE,TE,,1,CAR,0,0,0,0,0,0,0,0,0,0,0,0,,0,,,0,0,0,0,0,0,,0,1,1,1,1,0,0,1,0,1,0.962384120444767,0,1.0,0.25,0.0454545454545455,0.406818181818182,0,6.1,7.1
2006,REG,00-0024380,,Quinn Sypniewski,TE,TE,,2,BAL,0,0,0,0,0,0,0,0,0,0,0,0,,0,,,0,0,0,0,0,0,,0,2,2,15,0,0,0,9,6,0,0.843521091213916,0,1.66666666666667,0.0454545454545455,0.0947368421052632,0.134497607655502,0,1.5,3.5
2006,REG,00-0024384,,Wali Lundy,RB,RB,,12,HOU,0,0,0,0,0,1,9,0,0,0,0,0,-2.73570677801035,0,,,124,476,4,1,1,29,-12.131356551894,0,33,33,204,0,0,0,-63,267,7,5.18651650935429,1,-3.23809523809524,0.145374449339207,-0.0783582089552239,0.163210927740154,0,92.0,125.0
2006,REG,00-0024389,De.Walker,Delanie Walker,TE,TE,"https://static.www.nfl.com/image/private/f_auto,q_auto/league/diknegkpqy0qnri7877z",1,SF,0,0,0,0,0,0,0,0,0,0,0,0,,0,,,0,0,0,0,0,0,,0,2,2,30,0,0,0,3,27,1,1.63236887234962,0,10.0,0.166666666666667,0.0379746835443038,0.276582278481013,0,3.0,5.0
2006,REG,00-0024394,,Lawrence Vickers,FB,RB,,6,CLE,0,0,0,0,0,0,0,0,0,0,0,0,,0,,,3,2,0,0,0,0,-3.56488473690115,0,6,6,60,0,0,0,-4,64,2,3.43956136459019,0,-15.0,0.0560747663551402,-0.0077220077220077,0.0787067441273049,0,6.2,12.2
2006,REG,00-0024398,,Adam Jennings,WR,WR,,1,ATL,0,0,0,0,0,0,0,0,0,0,0,0,,0,,,1,-4,0,0,0,0,-1.35923931770958,0,0,0,0,0,0,0,0,0,0,,0,,,,,0,-0.4,-0.4
2006,REG,00-0024404,,Jeff Webb,WR,WR,,1,KC,0,0,0,0,0,0,0,0,0,0,0,0,,0,,,0,0,0,0,0,0,,0,3,3,23,0,0,0,21,2,2,1.20205131423427,0,1.0952380952381,0.157894736842105,0.139072847682119,0.334193098640641,0,2.3,5.3
2006,REG,00-0024407,,Reggie McNeal,WR,WR,,1,CIN,0,0,0,0,0,0,0,0,0,0,0,0,,0,,,1,8,0,0,0,1,1.41624537261669,0,0,0,0,0,0,0,0,0,0,,0,,,,,0,0.8,0.8
2006,REG,00-0024408,,Bruce Gradkowski,QB,QB,,13,TB,177,328,1661,9,9,25,146,7,3,2241,794,79,-84.5081591817937,0,0.741186970102633,-0.006982642862775,41,161,0,4,3,12,-7.18995131998968,0,0,0,0,0,0,0,0,0,0,,0,,,,,0,88.54,88.54
2006,REG,00-0024442,,Jarrad Page,SS,DB,,1,KC,0,0,0,0,0,0,0,0,0,0,0,0,,0,,,1,4,0,0,0,1,2.40436900965869,0,0,0,0,0,0,0,0,0,0,,0,,,,,0,0.4,0.4
2006,REG,00-0024465,,David Anderson,WR,WR,,1,HOU,0,0,0,0,0,0,0,0,0,0,0,0,,0,,,0,0,0,0,0,0,,0,1,1,27,0,0,0,6,21,1,2.16253094468266,0,4.5,0.0625,0.12,0.17775,0,2.7,3.7
2006,REG,00-0024466,,Marques Colston,WR,WR,"https://static.www.nfl.com/image/private/f_auto,q_auto/league/hnnuo9nfwzwlakr2srdq",12,NO,0,0,0,0,0,0,0,0,0,0,0,0,,0,,,0,0,0,0,0,0,,0,70,70,1038,8,0,0,678,360,51,108.859028693347,0,1.53097345132743,0.251798561151079,0.38654503990878,0.648279369662765,0,151.8,221.8
2006,REG,00-0024489,,Ahmard Hall,FB,RB,,10,TEN,0,0,0,0,0,0,0,0,0,0,0,0,,0,,,7,21,0,0,0,3,-2.09951831272338,0,15,15,138,0,1,1,13,125,6,2.30261810292723,0,10.6153846153846,0.115384615384615,0.0185449358059914,0.186058378141117,0,13.9,28.9
2006,POST,00-0000745,,Tiki Barber,RB,RB,,1,NYG,0,0,0,0,0,0,0,0,0,0,0,0,,0,,,26,137,0,0,0,6,1.73677805566695,0,2,2,15,0,0,0,5,10,0,-0.0983581452164799,0,3.0,0.125,0.0490196078431373,0.221813725490196,0,15.2,17.2
2006,POST,00-0002068,,Troy Brown,WR,WR,,3,NE,0,0,0,0,0,0,0,0,0,0,0,0,,0,,,0,0,0,0,0,0,,0,9,9,97,0,0,0,66,31,4,9.89968255643797,0,1.46969696969697,0.128571428571429,0.131474103585657,0.284889015367103,0,9.7,18.7
2006,POST,00-0002586,,Mark Campbell,TE,TE,,2,NO,0,0,0,0,0,0,0,0,0,0,0,0,,0,,,0,0,0,0,0,0,,0,3,3,29,0,0,0,12,17,1,0.992332752095535,0,2.41666666666667,0.0638297872340426,0.0413793103448276,0.124710198092443,0,2.9,5.9
2006,POST,00-0003035,,Desmond Clark,TE,TE,,3,CHI,0,0,0,0,0,0,0,0,0,0,0,0,,0,,,0,0,0,0,0,0,,0,8,8,107,0,0,0,84,23,5,5.72463495118427,0,1.27380952380952,0.153846153846154,0.21875,0.383894230769231,0,10.7,18.7
2006,POST,00-0004304,,Corey Dillon,RB,RB,,3,NE,0,0,0,0,0,0,0,0,0,0,0,0,,0,,,25,119,2,1,1,8,-1.31625793505809,0,1,1,0,0,0,0,-5,5,0,-0.448741428612266,0,0.0,0.0454545454545455,-0.0396825396825397,0.0404040404040404,0,21.9,22.9
2006,POST,00-0004915,,Bobby Engram,WR,WR,,2,SEA,0,0,0,0,0,0,0,0,0,0,0,0,,0,,,0,0,0,0,0,0,,0,7,7,120,0,0,0,73,47,5,9.5986803410342,0,1.64383561643836,0.194444444444444,0.237785016286645,0.458116178067318,0,12.0,19.0
2006,POST,00-0005091,,Kevin Faulk,RB,RB,,3,NE,0,0,0,0,0,0,0,0,0,0,0,0,,0,,,16,75,0,0,0,4,1.12600400182419,1,4,4,23,1,0,0,1,22,1,3.00593792920699,0,23.0,0.0571428571428571,0.0019920318725099,0.0871087080250427,0,17.8,21.8
2006,POST,00-0005229,,Jim Finn,FB,RB,,1,NYG,0,0,0,0,0,0,0,0,0,0,0,0,,0,,,0,0,0,0,0,0,,0,3,3,14,0,0,0,7,7,0,-0.454066408448853,0,2.0,0.1875,0.0686274509803922,0.329289215686275,0,1.4,4.4
2006,POST,00-0005755,,Jeff Garcia,QB,QB,,2,PHI,32,61,393,2,0,3,23,0,0,626,139,16,5.95614326820147,0,0.62779552715655,0.0239935363872421,8,23,0,1,0,2,-2.12771623191903,0,0,0,0,0,0,0,0,0,0,,0,,,,,0,26.02,26.02
2006,POST,00-0006043,,Terry Glenn,WR,WR,,1,DAL,0,0,0,0,0,0,0,0,0,0,0,0,,0,,,0,0,0,0,0,0,,0,4,4,41,0,1,0,32,9,1,3.17523275350686,0,1.28125,0.235294117647059,0.307692307692308,0.568325791855204,0,4.1,8.1
2006,POST,00-0006101,,Tony Gonzalez,TE,TE,,1,KC,0,0,0,0,0,0,0,0,0,0,0,0,,0,,,0,0,0,0,0,0,,0,4,4,25,1,0,0,20,5,2,2.92355704901274,0,1.25,0.285714285714286,0.4,0.708571428571429,0,8.5,12.5
2006,POST,00-0006355,,Trent Green,QB,QB,,1,KC,14,24,107,1,2,4,25,2,1,175,57,5,-13.7110835803323,1,0.611428571428571,0.0059326911210139,1,-3,0,0,0,0,-1.99342168523099,0,0,0,0,0,0,0,0,0,0,,0,,,,,0,3.98,3.98
2006,POST,00-0007024,,Marvin Harrison,WR,WR,,4,IND,0,0,0,0,0,0,0,0,0,0,0,0,,0,,,0,0,0,0,0,0,,0,15,15,193,0,1,0,137,56,9,15.2712937961915,1,1.40875912408759,0.153061224489796,0.222042139384117,0.385021334303576,0,21.3,36.3
2006,POST,00-0007091,,Matt Hasselbeck,QB,QB,"https://static.www.nfl.com/image/private/f_auto,q_auto/league/t1nf9avoy2kauqwrvzza",2,SEA,36,69,435,3,3,3,16,0,0,763,128,15,-4.41175878388733,0,0.570117955439056,0.0424484641079694,3,11,0,0,0,0,1.86549289122922,0,0,0,0,0,0,0,0,0,0,,0,,,,,0,24.5,24.5
2006,POST,00-0010346,,Peyton Manning,QB,QB,"https://static.www.nfl.com/image/private/f_auto,q_auto/league/xpcd6auodk3w0vda6jal",4,IND,97,153,1034,3,7,6,41,0,0,1530,403,55,2.64708832857681,1,0.675816993464052,0.0651496757445654,8,3,1,1,1,1,-6.98245430082153,0,0,0,0,0,0,0,0,0,0,,0,,,,,0,45.66,45.66
2006,POST,00-0010500,,Derrick Mason,WR,WR,,1,BAL,0,0,0,0,0,0,0,0,0,0,0,0,,0,,,0,0,0,0,0,0,,0,2,2,16,0,0,0,16,0,0,-0.245156592223793,0,1.0,0.111111111111111,0.133333333333333,0.26,0,1.6,3.6
2006,POST,00-0011024,,Steve McNair,QB,QB,,1,BAL,18,29,173,0,2,2,12,1,1,226,53,6,-10.4682474993148,0,0.765486725663717,0.0416260448787002,1,6,0,0,0,0,0.334393587429076,0,0,0,0,0,0,0,0,0,0,,0,,,,,0,1.52,1.52
2006,POST,00-0011236,,Billy Miller,TE,TE,,2,NO,0,0,0,0,0,0,0,0,0,0,0,0,,0,,,0,0,0,0,0,0,,0,8,8,95,0,0,0,62,33,2,6.35873905848712,0,1.53225806451613,0.170212765957447,0.213793103448276,0.404974321349963,0,9.5,17.5
2006,POST,00-0011795,,Muhsin Muhammad,WR,WR,,3,CHI,0,0,0,0,0,0,0,0,0,0,0,0,,0,,,0,0,0,0,0,0,,0,7,7,93,1,0,0,69,24,5,10.0824602960492,0,1.34782608695652,0.134615384615385,0.1796875,0.327704326923077,0,15.3,22.3
2006,POST,00-0011958,,Lorenzo Neal,FB,RB,,1,LAC,0,0,0,0,0,0,0,0,0,0,0,0,,0,,,3,5,0,0,0,1,-1.34550341346767,0,2,2,20,0,0,0,10,10,1,2.0966051822179,0,2.0,0.142857142857143,0.0769230769230769,0.268131868131868,0,2.5,4.5
2006,POST,00-0012478,,Terrell Owens,WR,WR,,1,DAL,0,0,0,0,0,0,0,0,0,0,0,0,,0,,,0,0,0,0,0,0,,0,2,2,26,0,0,0,17,9,2,2.35428607679205,0,1.52941176470588,0.117647058823529,0.163461538461538,0.290893665158371,0,2.6,4.6
2006,POST,00-0015194,,Hunter Smith,P,SPEC,,1,IND,1,1,-16,0,0,0,0,1,0,-14,-2,0,-4.01461080578156,0,0.0,,0,0,0,0,0,0,,0,0,0,0,0,0,0,0,0,0,,0,,,,,0,-0.64,-0.64
2006,POST,00-0015830,,Mack Strong,FB,RB,,1,SEA,0,0,0,0,0,0,0,0,0,0,0,0,,0,,,3,8,0,0,0,0,-2.00905711930795,0,2,2,13,0,0,0,7,6,0,0.596212119329721,0,1.85714285714286,0.111111111111111,0.04375,0.197291666666667,0,2.1,4.1
2006,POST,00-0016193,,Vinny Testaverde,QB,QB,,1,NE,0,0,0,0,0,0,0,0,0,0,0,0,,0,,,1,-1,0,0,0,0,-2.04934916697675,0,0,0,0,0,0,0,0,0,0,,0,,,,,0,-0.1,-0.1
2006,POST,00-0018958,,Laveranues Coles,WR,WR,,1,NYJ,0,0,0,0,0,0,0,0,0,0,0,0,,0,,,0,0,0,0,0,0,,0,5,5,45,0,0,0,33,12,2,3.62623430346139,0,1.36363636363636,0.208333333333333,0.235714285714286,0.4775,0,4.5,9.5
2006,POST,00-0019539,,Dante Hall,WR,WR,,1,KC,0,0,0,0,0,0,0,0,0,0,0,0,,0,,,2,14,0,0,0,0,0.841679902980104,0,2,2,12,0,0,0,9,3,0,-0.0023534757783636,0,1.33333333333333,0.142857142857143,0.18,0.340285714285714,0,2.6,4.6
2006,POST,00-0019559,,Chad Pennington,QB,QB,,1,NYJ,23,40,300,1,1,3,22,0,0,307,158,12,-3.35497321857327,0,0.977198697068404,0.0139810405111528,2,1,0,1,1,0,-6.92029634898063,0,0,0,0,0,0,0,0,0,0,,0,,,,,0,12.1,12.1
2006,POST,00-0019594,,Mike Anderson,RB,RB,,1,BAL,0,0,0,0,0,0,0,0,0,0,0,0,,0,,,4,18,0,0,0,2,-0.370558490394615,0,1,1,6,0,0,0,-2,8,0,-0.700270813775454,0,-3.0,0.0555555555555556,-0.0166666666666667,0.0716666666666667,0,2.4,3.4
2006,POST,00-0019596,T.Brady,Tom Brady,QB,QB,"https://static.www.nfl.com/image/private/f_auto,q_auto/league/q7dpdlxyu5rs05rgh1le",3,NE,70,119,724,5,4,4,22,1,0,1131,222,35,13.6756173500745,0,0.640141467727675,0.0812011083919495,8,18,0,1,0,4,3.85302389023127,0,0,0,0,0,0,0,0,0,0,,0,,,,,0,42.76,42.76
2006,POST,00-0019641,,Thomas Jones,RB,RB,,3,CHI,0,0,0,0,0,0,0,0,0,0,0,0,,0,,,55,301,4,1,0,14,10.3912690048286,0,6,6,24,0,0,0,-18,42,1,-1.9574242112576,0,-1.33333333333333,0.146341463414634,-0.0674157303370787,0.172321183885996,0,56.5,62.5
2006,POST,00-0019642,,Plaxico Burress,WR,WR,,1,NYG,0,0,0,0,0,0,0,0,0,0,0,0,,0,,,0,0,0,0,0,0,,0,5,5,89,2,0,0,74,15,4,10.1087022585562,0,1.2027027027027,0.3125,0.725490196078431,0.976593137254902,0,20.9,25.9
2006,POST,00-0019647,,Shaun Alexander,RB,RB,,2,SEA,0,0,0,0,0,0,0,0,0,0,0,0,,0,,,50,177,2,0,0,18,-2.54999645775718,0,1,1,12,0,0,0,2,10,1,0.884831225965172,0,6.0,0.0555555555555556,0.0136054421768707,0.0928571428571428,0,30.9,31.9
2006,POST,00-0019663,,Darrell Jackson,WR,WR,,1,SEA,0,0,0,0,0,0,0,0,0,0,0,0,,0,,,0,0,0,0,0,0,,0,4,4,49,0,0,0,41,8,2,3.49556488287635,0,1.19512195121951,0.222222222222222,0.27891156462585,0.528571428571429,0,4.9,8.9
2006,POST,00-0019693,,Jamal Lewis,RB,RB,,1,BAL,0,0,0,0,0,0,0,0,0,0,0,0,,0,,,13,53,0,0,0,1,-1.76906353619415,0,3,3,24,0,0,0,-6,30,1,0.959421593346633,0,-4.0,0.166666666666667,-0.05,0.215,0,7.7,10.7
2006,POST,00-0019863,,Dominic Rhodes,RB,RB,,4,IND,0,0,0,0,0,0,0,0,0,0,0,0,,0,,,62,306,1,1,0,16,0.20742903198249,0,7,7,70,0,0,0,20,50,4,4.59222224686528,0,3.5,0.0843373493975904,0.0571428571428571,0.166506024096386,0,43.6,50.6
2006,POST,00-0020127,,Daniel Wilcox,TE,TE,,1,BAL,0,0,0,0,0,0,0,0,0,0,0,0,,0,,,0,0,0,0,0,0,,0,1,1,15,0,0,0,13,2,1,1.2533727089176,0,1.15384615384615,0.0555555555555556,0.108333333333333,0.159166666666667,0,1.5,2.5
2006,POST,00-0020270,,Correll Buckhalter,RB,RB,,2,PHI,0,0,0,0,0,0,0,0,0,0,0,0,,0,,,9,15,0,0,0,1,-2.78953962697415,0,2,2,11,0,0,0,7,4,0,0.37314466474345,0,1.57142857142857,0.0625,0.0275590551181102,0.113041338582677,0,2.6,4.6
2006,POST,00-0020381,,Justin McCareins,WR,WR,,1,NYJ,0,0,0,0,0,0,0,0,0,0,0,0,,0,,,0,0,0,0,0,0,,0,2,2,31,0,0,0,29,2,1,1.3691339091165,0,1.06896551724138,0.0833333333333333,0.207142857142857,0.27,0,3.1,5.1
2006,POST,00-0020498,,Reggie Wayne,WR,WR,,4,IND,0,0,0,0,0,0,0,0,0,0,0,0,,0,,,0,0,0,0,0,0,,0,17,17,216,2,0,0,145,71,13,19.8266677964889,0,1.48965517241379,0.173469387755102,0.235008103727715,0.424709754242053,0,33.6,50.6
2006,POST,00-0020507,,Heath Evans,FB,RB,,2,NE,0,0,0,0,0,0,0,0,0,0,0,0,,0,,,2,4,0,0,0,0,-1.23499819726981,0,4,4,33,0,0,0,13,20,2,-0.112311709672213,0,2.53846153846154,0.19047619047619,0.0928571428571429,0.350714285714286,0,3.7,7.7
2006,POST,00-0020514,,Michael Bennett,RB,RB,,1,KC,0,0,0,0,0,0,0,0,0,0,0,0,,0,,,1,1,0,0,0,0,-0.42168150935322,0,1,1,12,0,0,0,6,6,1,3.03438072517747,0,2.0,0.0714285714285714,0.12,0.191142857142857,0,1.3,2.3
2006,POST,00-0020516,,Todd Heap,TE,TE,,1,BAL,0,0,0,0,0,0,0,0,0,0,0,0,,0,,,0,0,0,0,0,0,,0,3,3,28,0,1,1,26,2,1,-4.53847248828554,0,1.07692307692308,0.166666666666667,0.216666666666667,0.401666666666667,0,0.8,3.8
2006,POST,00-0020527,,Deuce McAllister,RB,RB,,2,NO,0,0,0,0,0,0,0,0,0,0,0,0,,0,,,27,161,1,0,0,9,4.37586877122521,0,7,7,47,1,0,0,-21,68,3,2.87230958242435,0,-2.23809523809524,0.148936170212766,-0.0724137931034483,0.172714600146735,0,32.8,39.8
2006,POST,00-0020531,D.Brees,Drew Brees,QB,QB,"https://static.www.nfl.com/image/private/f_auto,q_auto/league/i20xlpzdmn7xubotijjd",2,NO,47,81,597,3,1,6,51,2,1,644,307,23,2.00364240063492,0,0.927018633540373,0.0077921280962039,4,6,0,1,1,1,-3.66372667363612,0,0,0,0,0,0,0,0,0,0,,0,,,,,0,30.48,30.48
2006,POST,00-0020536,,LaDainian Tomlinson,RB,RB,,1,LAC,0,0,0,0,0,0,0,0,0,0,0,0,,0,,,23,123,2,0,0,7,3.78161388676381,0,2,2,64,0,0,0,-7,71,1,4.33176867087605,0,-9.14285714285714,0.142857142857143,-0.0538461538461539,0.176593406593407,0,30.7,32.7
2006,POST,00-0020805,,Jason McKie,RB,RB,,3,CHI,0,0,0,0,0,0,0,0,0,0,0,0,,0,,,0,0,0,0,0,0,,0,6,6,16,0,0,0,-1,17,0,-1.70998957543634,0,-16.0,0.115384615384615,-0.0026041666666666,0.171254006410256,0,1.6,7.6
2006,POST,00-0020904,,Eric Parker,WR,WR,,1,LAC,0,0,0,0,0,0,0,0,0,0,0,0,,0,,,1,-7,0,0,0,0,-1.40574299974833,0,2,2,42,0,0,0,35,7,2,3.69221001886763,0,1.2,0.142857142857143,0.269230769230769,0.402747252747253,0,3.5,5.5
2006,POST,00-0021084,,Matt Schobel,TE,TE,,2,PHI,0,0,0,0,0,0,0,0,0,0,0,0,,0,,,0,0,0,0,0,0,,0,2,2,11,0,0,0,7,4,0,0.199435399263166,0,1.57142857142857,0.0625,0.0275590551181102,0.113041338582677,0,1.1,3.1
2006,POST,00-0021147,,Donte' Stallworth,WR,WR,,2,PHI,0,0,0,0,0,0,0,0,0,0,0,0,,0,,,0,0,0,0,0,0,,0,6,6,141,2,0,0,101,40,5,14.1321490047849,0,1.3960396039604,0.1875,0.397637795275591,0.559596456692913,0,26.1,32.1
2006,POST,00-0021148,,Jeremy Shockey,TE,TE,,1,NYG,0,0,0,0,0,0,0,0,0,0,0,0,,0,,,0,0,0,0,0,0,,0,3,3,25,0,0,0,5,20,2,2.17766583990306,0,5.0,0.1875,0.0490196078431373,0.315563725490196,0,2.5,5.5
2006,POST,00-0021154,,Daniel Graham,TE,TE,,3,NE,0,0,0,0,0,0,0,0,0,0,0,0,,0,,,0,0,0,0,0,0,,0,4,4,64,1,0,0,61,3,4,6.41931300255237,0,1.04918032786885,0.0571428571428571,0.121513944223108,0.170774046670461,0,12.4,16.4
2006,POST,00-0021159,,Jerramy Stevens,TE,TE,,2,SEA,0,0,0,0,0,0,0,0,0,0,0,0,,0,,,0,0,0,0,0,0,,0,7,7,95,2,0,0,78,17,3,8.01296556193847,0,1.21794871794872,0.194444444444444,0.254071661237785,0.469516829533116,0,21.5,28.5
2006,POST,00-0021163,,Jabar Gaffney,WR,WR,,3,NE,0,0,0,0,0,0,0,0,0,0,0,0,,0,,,0,0,0,0,0,0,,0,21,21,244,2,0,0,195,49,14,23.1495237495855,0,1.25128205128205,0.3,0.388446215139442,0.72191235059761,0,36.4,57.4
2006,POST,00-0021174,,Tim Carter,WR,WR,,1,NYG,0,0,0,0,0,0,0,0,0,0,0,0,,0,,,0,0,0,0,0,0,,0,2,2,14,0,1,0,8,6,1,0.610061691491865,0,1.75,0.125,0.0784313725490196,0.242401960784314,0,1.4,3.4
2006,POST,00-0021176,,Reche Caldwell,WR,WR,,3,NE,0,0,0,0,0,0,0,0,0,0,0,0,,0,,,0,0,0,0,0,0,,0,16,16,176,1,0,0,120,56,7,10.2855129653844,0,1.46666666666667,0.228571428571429,0.239043824701195,0.51018782014798,0,23.6,39.6
2006,POST,00-0021182,,Maurice Morris,RB,RB,,2,SEA,0,0,0,0,0,0,0,0,0,0,0,0,,0,,,7,23,0,0,0,0,-0.762334889761405,0,0,0,0,0,0,0,0,0,0,,0,,,,,0,2.3,2.3
2006,POST,00-0021192,,Deion Branch,WR,WR,,2,SEA,0,0,0,0,0,0,0,0,0,0,0,0,,0,,,0,0,0,0,0,0,,0,8,8,96,0,0,0,68,28,3,8.24308650719468,0,1.41176470588235,0.222222222222222,0.221498371335505,0.488382193268187,0,9.6,17.6
2006,POST,00-0021213,,Chris Baker,TE,TE,,1,NYJ,0,0,0,0,0,0,0,0,0,0,0,0,,0,,,0,0,0,0,0,0,,0,5,5,68,0,0,0,43,25,4,4.01230335618218,0,1.58139534883721,0.208333333333333,0.307142857142857,0.5275,0,6.8,11.8
2006,POST,00-0021216,,Brian Westbrook,RB,RB,,2,PHI,0,0,0,0,0,0,0,0,0,0,0,0,,0,,,33,257,3,1,0,12,9.54405071437745,0,5,5,17,0,0,0,3,14,1,-0.669400242855772,0,5.66666666666667,0.15625,0.0118110236220472,0.242642716535433,0,45.4,50.4
2006,POST,00-0021250,,Rocky Boiman,LB,LB,,1,IND,0,0,0,0,0,0,0,0,0,0,0,0,,0,,,0,0,0,0,0,0,,0,1,1,-16,0,0,0,-14,-2,0,-4.01461080578156,0,0.0,0.032258064516129,-0.108527131782946,-0.0275818954738685,0,-1.6,-0.6
2006,POST,00-0021255,,John Owens,TE,TE,,1,NO,0,0,0,0,0,0,0,0,0,0,0,0,,0,,,0,0,0,0,0,0,,0,1,1,21,0,0,0,17,4,1,1.9775378711056,0,1.23529411764706,0.05,0.160377358490566,0.187264150943396,0,2.1,3.1
2006,POST,00-0021304,,John Gilmore,TE,TE,,1,CHI,0,0,0,0,0,0,0,0,0,0,0,0,,0,,,0,0,0,0,0,0,,0,1,1,3,0,0,0,3,0,0,-0.187092625885271,0,1.0,0.0909090909090909,0.0256410256410256,0.154312354312354,0,0.3,1.3
2006,POST,00-0021317,,Bryan Fletcher,TE,TE,,3,IND,0,0,0,0,0,0,0,0,0,0,0,0,,0,,,0,0,0,0,0,0,,0,4,4,37,0,1,1,31,6,1,-3.16757878381759,0,1.19354838709677,0.0481927710843374,0.0643153526970954,0.117309903514473,0,1.7,5.7
2006,POST,00-0021379,,Patrick Ramsey,QB,QB,,1,NYJ,1,1,-1,0,0,0,0,0,0,-2,1,0,-1.16288942983374,0,0.0,,0,0,0,0,0,0,,0,0,0,0,0,0,0,0,0,0,,0,,,,,0,-0.04,-0.04
2006,POST,00-0021547,A.Gates,Antonio Gates,TE,TE,"https://static.www.nfl.com/image/private/f_auto,q_auto/league/kndulvysinvn4tpvt0bc",1,LAC,0,0,0,0,0,0,0,0,0,0,0,0,,0,,,0,0,0,0,0,0,,0,6,6,61,0,0,0,49,12,3,2.80384025606327,0,1.24489795918367,0.428571428571429,0.376923076923077,0.906703296703297,0,6.1,12.1
2006,POST,00-0021678,,Tony Romo,QB,QB,"https://static.www.nfl.com/image/private/f_auto,q_auto/league/rdgaxf7djip2ovlkeqjk",1,DAL,17,29,189,1,0,2,21,1,0,228,85,8,4.33682527496301,0,0.828947368421053,0.0030710630778106,1,0,0,1,0,0,-3.12732833658811,0,0,0,0,0,0,0,0,0,0,,0,,,,,0,11.56,11.56
2006,POST,00-0021756,,Will Heller,TE,TE,,1,SEA,0,0,0,0,0,0,0,0,0,0,0,0,,0,,,0,0,0,0,0,0,,0,3,3,20,0,0,0,12,8,0,1.03460886678658,0,1.66666666666667,0.166666666666667,0.0816326530612245,0.307142857142857,0,2.0,5.0
2006,POST,00-0021780,,Aaron Moorehead,WR,WR,,2,IND,0,0,0,0,0,0,0,0,0,0,0,0,,0,,,0,0,0,0,0,0,,0,5,5,41,0,0,0,41,0,3,2.57674683182267,0,1.0,0.0862068965517242,0.117142857142857,0.211310344827586,0,4.1,9.1
2006,POST,00-0021813,,Gabe Reid,TE,TE,,1,CHI,0,0,0,0,0,0,0,0,0,0,0,0,,0,,,0,0,0,0,0,0,,0,1,1,5,0,0,0,-3,8,0,-0.148989278357476,0,0.0,0.0476190476190476,-0.0184049079754601,0.0585451358457493,0,0.5,1.5
2006,POST,00-0021955,,Dan Klecko,RB,RB,,1,IND,0,0,0,0,0,0,0,0,0,0,0,0,,0,,,0,0,0,0,0,0,,0,1,1,1,1,0,0,-1,2,1,0.573443847708404,0,-1.0,0.037037037037037,-0.004524886877828,0.0523881347410759,0,6.1,7.1
2006,POST,00-0021976,,Larry Johnson,RB,RB,,1,KC,0,0,0,0,0,0,0,0,0,0,0,0,,0,,,13,32,0,0,0,2,-3.39593564777169,0,5,5,29,0,0,0,-6,35,1,0.051151322259102,0,-4.83333333333333,0.357142857142857,-0.12,0.451714285714286,0,6.1,11.1
2006,POST,00-0021999,,Nate Burleson,WR,WR,,1,SEA,0,0,0,0,0,0,0,0,0,0,0,0,,0,,,0,0,0,0,0,0,,0,1,1,16,1,0,0,15,1,1,3.20140621438622,0,1.06666666666667,0.0555555555555556,0.102040816326531,0.154761904761905,0,7.6,8.6
2006,POST,00-0022003,,B.J. Askew,FB,RB,,1,NYJ,0,0,0,0,0,0,0,0,0,0,0,0,,0,,,0,0,0,0,0,0,,0,2,2,22,0,0,0,-4,26,1,-1.49815341772046,0,-5.5,0.0833333333333333,-0.0285714285714286,0.105,0,2.2,4.2
2006,POST,00-0022054,,Visanthe Shiancoe,TE,TE,,1,NYG,0,0,0,0,0,0,0,0,0,0,0,0,,0,,,0,0,0,0,0,0,,0,1,1,4,0,0,0,3,1,0,0.0518149817362428,0,1.33333333333333,0.0625,0.0294117647058824,0.114338235294118,0,0.4,1.4
2006,POST,00-0022055,,Seneca Wallace,QB,QB,,1,SEA,0,0,0,0,0,0,0,0,0,0,0,0,,0,,,0,0,0,0,0,0,,0,1,1,6,0,0,0,4,2,0,0.35028000921011,0,1.5,0.0555555555555556,0.025,0.100833333333333,0,0.6,1.6
2006,POST,00-0022121,,Rex Grossman,QB,QB,,3,CHI,52,92,591,3,3,4,42,1,1,789,207,24,-28.9612036223991,0,0.749049429657795,0.0082658990781189,4,-3,0,2,1,0,-9.00962070364039,0,0,0,0,0,0,0,0,0,0,,0,,,,,0,25.34,25.34
2006,POST,00-0022126,,L.J. Smith,TE,TE,,2,PHI,0,0,0,0,0,0,0,0,0,0,0,0,,0,,,0,0,0,0,0,0,,0,3,3,31,0,0,0,23,8,2,3.38253523135791,0,1.34782608695652,0.09375,0.0905511811023622,0.204010826771654,0,3.1,6.1
2006,POST,00-0022127,J.Witten,Jason Witten,TE,TE,"https://static.www.nfl.com/image/private/f_auto,q_auto/league/r7uafhtwuexuaty0nhsc",1,DAL,0,0,0,0,0,0,0,0,0,0,0,0,,0,,,0,0,0,0,0,0,,0,3,3,57,0,1,1,39,18,1,1.87009058662807,0,1.46153846153846,0.176470588235294,0.375,0.527205882352941,0,3.7,6.7
2006,POST,00-0022143,,Ovie Mughelli,FB,RB,,1,BAL,0,0,0,0,0,0,0,0,0,0,0,0,,0,,,2,6,0,0,0,2,0.602196934632957,0,2,2,11,0,0,0,3,8,0,0.510249141370878,0,3.66666666666667,0.111111111111111,0.025,0.184166666666667,0,1.7,3.7
2006,POST,00-0022165,,Dallas Clark,TE,TE,,4,IND,0,0,0,0,0,0,0,0,0,0,0,0,,0,,,1,1,0,0,0,0,-0.771054986631498,0,21,21,317,0,0,0,232,85,16,23.9497872872004,0,1.36637931034483,0.214285714285714,0.376012965964344,0.584637647603612,0,31.8,52.8
2006,POST,00-0022388,,Terrance Copper,WR,WR,,2,NO,0,0,0,0,0,0,0,0,0,0,0,0,,0,,,0,0,0,0,0,0,,0,4,4,32,0,0,0,26,6,2,2.20037363609299,0,1.23076923076923,0.0851063829787234,0.0896551724137931,0.19041819515774,0,3.2,7.2
2006,POST,00-0022555,,Ben Utecht,TE,TE,,4,IND,0,0,0,0,0,0,0,0,0,0,0,0,,0,,,0,0,0,0,0,0,,0,5,5,41,0,0,0,19,22,2,2.67164094094187,0,2.15789473684211,0.0510204081632653,0.0307941653160454,0.0980865279661297,0,4.1,9.1
2006,POST,00-0022590,,Jared Lorenzen,QB,QB,,1,NYG,0,0,0,0,0,0,0,0,0,0,0,0,,0,,,1,2,0,0,0,1,0.739681482431479,0,0,0,0,0,0,0,0,0,0,,0,,,,,0,0.2,0.2
2006,POST,00-0022701,,D.J. Hackett,WR,WR,,1,SEA,0,0,0,0,0,0,0,0,0,0,0,0,,0,,,0,0,0,0,0,0,,0,2,2,8,0,0,0,7,1,0,-0.115683029289357,0,1.14285714285714,0.111111111111111,0.04375,0.197291666666667,0,0.8,2.8
2006,POST,00-0022714,,Kris Wilson,TE,TE,,1,KC,0,0,0,0,0,0,0,0,0,0,0,0,,0,,,0,0,0,0,0,0,,0,2,2,29,0,0,0,21,8,1,2.29898210079409,1,1.38095238095238,0.142857142857143,0.42,0.508285714285714,0,4.9,6.9
2006,POST,00-0022766,,Patrick Crayton,WR,WR,,1,DAL,0,0,0,0,0,0,0,0,0,0,0,0,,0,,,0,0,0,0,0,0,,0,3,3,42,1,0,0,28,14,3,5.69518298172625,0,1.5,0.176470588235294,0.269230769230769,0.45316742081448,0,10.2,13.2
2006,POST,00-0022796,,Mike Karney,FB,RB,,1,NO,0,0,0,0,0,0,0,0,0,0,0,0,,0,,,1,11,0,0,0,1,0.928158329450525,0,1,1,9,0,0,0,2,7,1,1.55024154856801,0,4.5,0.037037037037037,0.0108695652173913,0.0631642512077295,0,2.0,3.0
2006,POST,00-0022797,,Thomas Tapeh,RB,RB,,2,PHI,0,0,0,0,0,0,0,0,0,0,0,0,,0,,,0,0,0,0,0,0,,0,2,2,3,0,0,0,3,0,0,-2.30952956275273,0,1.0,0.0625,0.0118110236220472,0.102017716535433,0,0.3,2.3
2006,POST,00-0022803,E.Manning,Eli Manning,QB,QB,"https://static.www.nfl.com/image/private/f_auto,q_auto/league/w51tf8uedjftbr4qpaex",1,NYG,16,27,161,2,1,1,7,0,0,221,59,7,-1.56477893405935,0,0.728506787330317,0.0610994816343168,2,4,0,0,0,1,0.346838738769293,0,0,0,0,0,0,0,0,0,0,,0,,,,,0,12.84,12.84
2006,POST,00-0022807,,Bernard Berrian,WR,WR,,3,CHI,0,0,0,0,0,0,0,0,0,0,0,0,,0,,,0,0,0,0,0,0,,0,14,14,228,2,0,0,196,32,9,15.4420045575534,0,1.16326530612245,0.269230769230769,0.510416666666667,0.761137820512821,0,34.8,48.8
2006,POST,00-0022811,,Jerricho Cotchery,WR,WR,"https://static.www.nfl.com/image/private/f_auto,q_auto/league/hkq2dmfj7mbgbuejiloy",1,NYJ,0,0,0,0,0,0,0,0,0,0,0,0,,0,,,2,19,0,0,0,1,0.808579312637448,0,4,4,100,1,0,0,39,61,3,11.5671541669872,0,2.56410256410256,0.166666666666667,0.278571428571429,0.445,0,17.9,21.9
2006,POST,00-0022821,,Michael Turner,RB,RB,,1,LAC,0,0,0,0,0,0,0,0,0,0,0,0,,0,,,3,24,1,0,0,2,4.44281704729656,0,0,0,0,0,0,0,0,0,0,,0,,,,,0,8.4,8.4
2006,POST,00-0022840,,Julius Jones,RB,RB,,1,DAL,0,0,0,0,0,0,0,0,0,0,0,0,,0,,,22,112,0,0,0,5,0.683718431275338,0,2,2,0,0,0,0,-8,8,0,-1.26769454311579,0,0.0,0.117647058823529,-0.0769230769230769,0.12262443438914,0,11.2,13.2
2006,POST,00-0022929,,Devery Henderson,WR,WR,,2,NO,0,0,0,0,0,0,0,0,0,0,0,0,,0,,,0,0,0,0,0,0,,0,3,3,92,0,0,0,83,9,3,6.14424556039739,0,1.10843373493976,0.0638297872340426,0.286206896551724,0.296089508437271,0,9.2,12.2
2006,POST,00-0022942,P.Rivers,Philip Rivers,QB,QB,"https://static.www.nfl.com/image/private/f_auto,q_auto/league/voakyrtj34sghkwxaxxf",1,LAC,14,32,230,0,1,3,26,1,1,362,100,9,-7.56234689004811,0,0.6353591160221,-0.0443515411363549,3,3,0,0,0,2,0.651507374044741,0,0,0,0,0,0,0,0,0,0,,0,,,,,0,5.5,5.5
2006,POST,00-0022943,B.Watson,Benjamin Watson,TE,TE,"https://static.www.nfl.com/image/private/f_auto,q_auto/league/dorymozpdnrllkqlfzpu",3,NE,0,0,0,0,0,0,0,0,0,0,0,0,,0,,,0,0,0,0,0,0,,0,10,10,81,0,0,0,55,26,3,4.09369468642399,0,1.47272727272727,0.142857142857143,0.109561752988048,0.290978941377348,0,8.1,18.1
2006,POST,00-0023429,,Rashied Davis,WR,WR,,3,CHI,0,0,0,0,0,0,0,0,0,0,0,0,,0,,,2,25,0,0,0,1,2.27930119971279,0,5,5,86,0,0,0,50,36,3,5.24858360475628,0,1.72,0.121951219512195,0.187265917602996,0.31401297159039,0,11.1,16.1
2006,POST,00-0023439,,Cedric Benson,RB,RB,,3,CHI,0,0,0,0,0,0,0,0,0,0,0,0,,0,,,38,104,1,1,1,8,-6.37714851192935,0,3,3,24,0,0,0,0,24,1,1.19708380312659,0,0.0,0.142857142857143,,,0,16.8,19.8
2006,POST,00-0023457,,Mark Clayton,WR,WR,,1,BAL,0,0,0,0,0,0,0,0,0,0,0,0,,0,,,0,0,0,0,0,0,,0,6,6,73,0,0,0,70,3,3,2.36817804467864,0,1.04285714285714,0.333333333333333,0.583333333333333,0.908333333333333,0,7.3,13.3
2006,POST,00-0023470,,Reggie Brown,WR,WR,,2,PHI,0,0,0,0,0,0,0,0,0,0,0,0,,0,,,1,13,0,0,0,1,0.772278022486717,0,10,10,149,0,0,0,84,65,7,14.9157038400881,0,1.77380952380952,0.3125,0.330708661417323,0.700246062992126,0,16.2,26.2
2006,POST,00-0023474,,Mark Bradley,WR,WR,,1,CHI,0,0,0,0,0,0,0,0,0,0,0,0,,0,,,0,0,0,0,0,0,,0,1,1,5,0,0,0,4,1,0,-0.24713334441185,0,1.25,0.0476190476190476,0.0245398773006135,0.0886064855390009,0,0.5,1.5
2006,POST,00-0023496,,Vincent Jackson,WR,WR,"https://static.www.nfl.com/image/private/f_auto,q_auto/league/kdquag2thcfulvrs0cbz",1,LAC,0,0,0,0,0,0,0,0,0,0,0,0,,0,,,0,0,0,0,0,0,,0,2,2,43,0,0,0,43,0,2,3.53738107561367,0,1.0,0.142857142857143,0.330769230769231,0.445824175824176,0,4.3,6.3
2006,POST,00-0023544,,Marion Barber,RB,RB,,1,DAL,0,0,0,0,0,0,0,0,0,0,0,0,,0,,,3,4,0,0,0,0,-2.55768809969456,0,3,3,23,0,0,0,-4,27,1,1.59572352591204,0,-5.75,0.176470588235294,-0.0384615384615385,0.237782805429864,0,2.7,5.7
2006,POST,00-0023545,,Brandon Jacobs,RB,RB,,1,NYG,0,0,0,0,0,0,0,0,0,0,0,0,,0,,,2,8,0,0,0,0,0.761595276650041,0,0,0,0,0,0,0,0,0,0,,0,,,,,0,0.8,0.8
2006,POST,00-0023615,,Cedric Houston,RB,RB,,1,NYJ,0,0,0,0,0,0,0,0,0,0,0,0,,0,,,1,0,0,0,0,0,-0.414505188819021,0,0,0,0,0,0,0,0,0,0,,0,,,,,0,0.0,0.0
2006,POST,00-0023921,,Miles Austin,WR,WR,"https://static.www.nfl.com/image/private/f_auto,q_auto/league/tuwhvxan7v0gisbei4an",1,DAL,0,0,0,0,0,0,0,0,0,0,0,0,,0,,,0,0,0,0,0,0,,0,0,0,0,0,0,0,0,0,0,,0,,,,,1,6.0,6.0
2006,POST,00-0024013,,Hank Baskett,WR,WR,,2,PHI,0,0,0,0,0,0,0,0,0,0,0,0,,0,,,0,0,0,0,0,0,,0,2,2,30,0,0,0,26,4,1,1.52458945807302,0,1.15384615384615,0.0625,0.102362204724409,0.165403543307087,0,3.0,5.0
2006,POST,00-0024110,,Steve Weatherford,P,SPEC,"https://static.www.nfl.com/image/private/f_auto,q_auto/league/jkpdalshsrmuxdn1jj4h",1,NO,0,0,0,0,0,0,0,0,0,0,0,0,,0,,,1,15,0,0,0,1,1.0549505543313,0,0,0,0,0,0,0,0,0,0,,0,,,,,0,1.5,1.5
2006,POST,00-0024217,,Reggie Bush,RB,RB,"https://static.www.nfl.com/image/private/f_auto,q_auto/league/z2m2heolqx9sgobdks9v",2,NO,0,0,0,0,0,0,0,0,0,0,0,0,,0,,,16,71,1,1,0,6,-0.324220125447027,0,10,10,154,1,0,0,25,129,5,12.1521523491829,0,6.16,0.212765957446809,0.0862068965517242,0.37949376375642,0,34.5,44.5
2006,POST,00-0024236,,Laurence Maroney,RB,RB,,3,NE,0,0,0,0,0,0,0,0,0,0,0,0,,0,,,31,87,0,1,0,6,-5.13799944560742,0,1,1,6,0,0,0,-4,10,0,-0.709266617894173,0,-1.5,0.0476190476190476,-0.0285714285714286,0.0514285714285714,0,9.3,10.3
2006,POST,00-0024245,,Joseph Addai,RB,RB,,4,IND,0,0,0,0,0,0,0,0,0,0,0,0,,0,,,76,294,2,1,0,23,1.8871433466065,0,22,22,118,0,0,0,7,111,6,3.84647518511091,0,16.8571428571429,0.224489795918367,0.0113452188006483,0.344676347038005,0,53.2,75.2
2006,POST,00-0024272,,Devin Hester,WR,WR,"https://static.www.nfl.com/image/private/f_auto,q_auto/league/jtntm2ci9doez4qxbx0c",1,CHI,0,0,0,0,0,0,0,0,0,0,0,0,,0,,,0,0,0,0,0,0,,0,0,0,0,0,0,0,0,0,0,,0,,,,,1,6.0,6.0
2006,POST,00-0024318,,Brad Smith,QB,QB,,1,NYJ,0,0,0,0,0,0,0,0,0,0,0,0,,0,,,0,0,0,0,0,0,,0,2,2,8,0,0,0,7,1,0,-1.03861082997173,0,1.14285714285714,0.0833333333333333,0.05,0.16,0,0.8,2.8
2006,POST,00-0024332,,Leon Washington,RB,RB,,1,NYJ,0,0,0,0,0,0,0,0,0,0,0,0,,0,,,11,50,0,0,0,2,2.80283474049065,0,4,4,25,0,0,0,-7,32,1,0.818265788198914,0,-3.57142857142857,0.166666666666667,-0.05,0.215,0,7.5,11.5
2006,POST,00-0024466,,Marques Colston,WR,WR,"https://static.www.nfl.com/image/private/f_auto,q_auto/league/hnnuo9nfwzwlakr2srdq",2,NO,0,0,0,0,0,0,0,0,0,0,0,0,,0,,,0,0,0,0,0,0,,0,10,10,118,1,1,1,84,34,5,4.50594801187981,0,1.4047619047619,0.212765957446809,0.289655172413793,0.521907556859868,0,15.8,25.8
2006,REG+POST,00-0000108,,David Akers,K,SPEC,,1,PHI,1,1,11,0,0,0,0,0,0,0,11,0,-0.702337322232779,0,0.0,,0,0,0,0,0,0,,0,0,0,0,0,0,0,0,0,0,,0,,,,,0,0.44,0.44
2006,REG+POST,00-0000166,,Stephen Alexander,TE,TE,,8,DEN,0,0,0,0,0,0,0,0,0,0,0,0,,0,,,0,0,0,0,0,0,,0,18,18,160,2,0,0,80,80,10,13.3416777193779,0,2.0,0.13953488372093,0.114942528735632,0.289762095696338,0,28.0,46.0
2006,REG+POST,00-0000251,,Mike Alstott,FB,RB,,14,TB,0,0,0,0,0,0,0,0,0,0,0,0,,0,,,60,171,3,1,1,17,-11.2006387009751,0,21,21,85,0,0,0,-15,100,6,0.888208048585872,0,-5.66666666666667,0.101941747572816,-0.0165562913907285,0.141323217385713,0,41.6,62.6
2006,REG+POST,00-0000552,,Obafemi Ayanbadejo,RB,RB,,10,ARI,0,0,0,0,0,0,0,0,0,0,0,0,,0,,,9,37,0,0,0,5,3.71264125214657,0,17,17,139,0,1,0,19,120,7,7.44278020760315,0,7.31578947368421,0.0949720670391061,0.0214205186020293,0.15745246358008,0,17.6,34.6
2006,REG+POST,00-0000745,,Tiki Barber,RB,RB,,17,NYG,0,0,0,0,0,0,0,0,0,0,0,0,,0,,,353,1799,5,3,1,84,12.2615460899485,0,60,64,480,0,0,0,7,473,23,19.5575209426964,0,68.5714285714286,0.196923076923077,0.0033980582524271,0.297763256161314,0,255.9,315.9
2006,REG+POST,00-0000865,,Charlie Batch,QB,QB,,7,PIT,30,52,477,5,0,3,13,0,0,557,200,21,23.8014259244665,0,0.856373429084381,0.184178599426433,13,12,0,1,1,1,-10.8430063661071,0,0,0,0,0,0,0,0,0,0,,0,,,,,0,38.28,38.28
2006,REG+POST,00-0001222,,Eric Beverly,TE,TE,,1,ATL,0,0,0,0,0,0,0,0,0,0,0,0,,0,,,0,0,0,0,0,0,,0,1,1,0,0,0,0,0,0,0,-3.43772160203662,0,,0.0434782608695652,,,0,0.0,1.0
2006,REG+POST,00-0001361,,Drew Bledsoe,QB,QB,,6,DAL,90,169,1164,7,8,16,107,2,1,1242,444,54,-9.1035155299807,0,0.93719806763285,0.0407616674435205,8,28,2,1,0,6,5.19134227748145,0,0,0,0,0,0,0,0,0,0,,0,,,,,0,71.36,71.36
2006,REG+POST,00-0001477,,Marty Booker,WR,WR,,14,MIA,0,0,0,0,0,0,0,0,0,0,0,0,,0,,,3,19,0,0,0,1,-0.217944629606791,0,55,55,747,6,0,0,449,298,36,64.9607616397684,2,1.66369710467706,0.19434628975265,0.26150262085032,0.4745712692242,0,116.6,171.6
2006,REG+POST,00-0001627,,Corey Bradford,WR,WR,,6,DET,0,0,0,0,0,0,0,0,0,0,0,0,,0,,,0,0,0,0,0,0,,0,14,14,164,0,1,0,130,34,9,13.500894517696,0,1.26153846153846,0.0972222222222222,0.153482880755608,0.253271349862259,0,16.4,30.4
2006,REG+POST,00-0001661,,Kyle Brady,TE,TE,,5,JAX,0,0,0,0,0,0,0,0,0,0,0,0,,0,,,0,0,0,0,0,0,,0,5,5,37,0,0,0,23,14,2,1.95322672720067,0,1.60869565217391,0.0632911392405063,0.0701219512195122,0.144022074714418,0,3.7,8.7
2006,REG+POST,00-0001823,,Aaron Brooks,QB,QB,,8,LV,110,192,1105,3,8,26,174,1,1,1460,423,60,-39.7640423016882,0,0.756849315068493,0.0136936520778498,22,124,0,4,2,5,-9.4153226444032,0,0,0,0,0,0,0,0,0,0,,0,,,,,0,46.6,46.6
2006,REG+POST,00-0002068,,Troy Brown,WR,WR,,18,NE,0,0,0,0,0,0,0,0,0,0,0,0,,0,,,1,16,0,0,0,1,0.825366503791884,0,53,53,483,4,0,0,271,212,32,46.1794946360013,1,1.78228782287823,0.138743455497382,0.119383259911894,0.291683465184399,0,75.9,128.9
2006,REG+POST,00-0002099,,Isaac Bruce,WR,WR,,16,LA,0,1,0,0,0,0,0,0,0,11,0,0,-0.430142852943391,0,0.0,,0,0,0,0,0,0,,0,74,74,1098,3,0,0,829,269,54,94.3117617454136,1,1.32448733413752,0.199460916442049,0.310952738184546,0.516858291392255,0,129.8,203.8
2006,REG+POST,00-0002102,,Mark Bruener,TE,TE,,8,HOU,0,0,0,0,0,0,0,0,0,0,0,0,,0,,,0,0,0,0,0,0,,0,9,9,62,2,0,0,30,32,4,3.83312823227607,0,2.06666666666667,0.0552147239263804,0.0506756756756757,0.118295058862544,0,18.2,27.2
2006,REG+POST,00-0002110,,Mark Brunell,QB,QB,,10,WAS,162,261,1789,8,4,12,92,1,0,1698,990,80,6.31730246821851,2,1.05359246171967,0.0496460293560746,13,34,0,4,1,4,-7.35281047440367,0,0,0,0,0,0,0,0,0,0,,0,,,,,0,100.96,100.96
2006,REG+POST,00-0002159,,Shawn Bryson,RB,RB,,5,DET,0,0,0,0,0,0,0,0,0,0,0,0,,0,,,2,1,0,0,0,0,-1.44042157614604,0,8,8,98,1,0,0,24,74,5,8.12525280658156,0,4.08333333333333,0.0661157024793388,0.0317880794701987,0.121425209348147,0,15.9,23.9
2006,REG+POST,00-0002565,,Dan Campbell,TE,TE,,13,DET,0,0,0,0,0,0,0,0,0,0,0,0,,0,,,0,0,0,0,0,0,,0,21,21,308,4,0,0,203,105,16,24.1975636147618,0,1.51724137931034,0.0690789473684211,0.113916947250281,0.183360284127828,0,54.8,75.8
2006,REG+POST,00-0002586,,Mark Campbell,TE,TE,,13,NO,0,0,0,0,0,0,0,0,0,0,0,0,,0,,,0,0,0,0,0,0,,0,21,21,193,0,0,0,94,99,10,12.3147094593151,0,2.0531914893617,0.0654205607476636,0.0484037075180227,0.132013436384111,0,19.3,40.3
2006,REG+POST,00-0003035,,Desmond Clark,TE,TE,,17,CHI,0,0,0,0,0,0,0,0,0,0,0,0,,0,,,0,0,0,0,0,0,,0,53,53,733,6,0,0,492,241,40,69.5133096377249,0,1.48983739837398,0.165625,0.211068211068211,0.396185247747748,0,109.3,162.3
2006,REG+POST,00-0003292,,Kerry Collins,QB,QB,,3,TEN,42,90,549,1,6,4,23,0,0,847,175,26,-24.4099860578361,1,0.648170011806375,-0.0132520658665816,0,0,0,0,0,0,,0,0,0,0,0,0,0,0,0,0,,0,,,,,0,15.96,15.96
2006,REG+POST,00-0003400,,Ernie Conwell,TE,TE,,3,NO,0,0,0,0,0,0,0,0,0,0,0,0,,0,,,0,0,0,0,0,0,,0,8,8,57,1,0,0,40,17,3,4.9883620813489,0,1.425,0.105263157894737,0.103896103896104,0.230622009569378,0,11.7,19.7
2006,REG+POST,00-0003663,,Zack Crockett,RB,RB,,12,LV,0,0,0,0,0,0,0,0,0,0,0,0,,0,,,39,163,0,2,2,14,-7.21290120709455,0,10,10,53,0,0,0,9,44,1,-0.778832586365752,0,5.88888888888889,0.075187969924812,0.0152801358234295,0.123478049963619,0,17.6,27.6
2006,REG+POST,00-0003739,,Daunte Culpepper,QB,QB,,4,MIA,81,134,929,2,3,20,150,3,0,1227,508,44,-18.3433760743664,0,0.757131214343928,0.0217324835282166,11,20,1,0,0,2,0.280026831373107,0,0,0,0,0,0,0,0,0,0,,0,,,,,0,47.16,47.16
2006,REG+POST,00-0004052,,Stephen Davis,RB,RB,,14,LA,0,0,0,0,0,0,0,0,0,0,0,0,,0,,,40,177,0,1,1,10,-8.81450204493012,0,12,12,90,1,0,0,43,47,5,6.44629612137331,0,2.09302325581395,0.0655737704918033,0.0379188712522046,0.124903865614248,0,30.7,42.7
2006,REG+POST,00-0004161,,Jake Delhomme,QB,QB,,13,CAR,263,431,2805,17,11,22,167,6,4,3424,1310,128,-1.86002039164341,0,0.819217289719626,0.0596085667149899,18,12,0,0,0,2,-5.88010428479174,0,0,0,0,0,0,0,0,0,0,,0,,,,,0,151.4,151.4
2006,REG+POST,00-0004304,,Corey Dillon,RB,RB,,19,NE,0,0,0,0,0,0,0,0,0,0,0,0,,0,,,224,931,15,3,3,56,1.55829729941772,0,16,16,147,0,0,0,-37,184,5,6.7931797351921,0,-3.97297297297297,0.0776699029126214,-0.0322019147084421,0.0939635140730226,0,191.8,207.8
2006,REG+POST,00-0004541,,Donald Driver,WR,WR,,16,GB,0,0,0,0,0,0,0,0,0,0,0,0,,0,,,7,16,0,0,0,2,-1.35861215216573,0,91,91,1288,8,1,0,804,486,54,117.48687410116,0,1.60199004975124,0.26,0.405650857719475,0.673955600403633,0,178.4,269.4
2006,REG+POST,00-0004637,,Jason Dunn,TE,TE,,3,KC,0,0,0,0,0,0,0,0,0,0,0,0,,0,,,0,0,0,0,0,0,,0,4,4,40,0,0,0,20,20,3,4.78505824308377,0,2.0,0.0677966101694915,0.0589970501474926,0.142992850357482,0,4.0,8.0
2006,REG+POST,00-0004640,,Warrick Dunn,RB,RB,,16,ATL,0,0,0,0,0,0,0,0,0,0,0,0,,0,,,286,1140,4,1,0,48,-34.0469816875095,0,22,22,170,1,0,0,8,162,11,6.63783748712618,0,21.25,0.134146341463415,0.0061349693251533,0.205513990722729,0,161.0,183.0
2006,REG+POST,00-0004673,,Tim Dwight,WR,WR,,7,NYJ,0,0,0,0,0,0,0,0,0,0,0,0,,0,,,2,28,0,0,0,1,2.23871488193981,0,16,16,112,0,0,0,59,53,7,7.08860766678117,0,1.89830508474576,0.119402985074627,0.0680507497116494,0.226740002410095,0,14.0,30.0
2006,REG+POST,00-0004811,,Jason Elam,K,SPEC,,1,DEN,0,0,0,0,0,0,0,0,0,0,0,0,,0,,,1,2,0,0,0,1,0.159302016087217,0,0,0,0,0,0,0,0,0,0,,0,,,,,0,0.2,0.2
2006,REG+POST,00-0004915,,Bobby Engram,WR,WR,,8,SEA,0,0,0,0,0,0,0,0,0,0,0,0,,0,,,1,4,0,0,0,0,0.0133147724554874,0,31,31,410,1,0,0,294,116,20,34.3426213902421,0,1.39455782312925,0.209459459459459,0.258347978910369,0.495032774426448,0,47.4,78.4
2006,REG+POST,00-0005091,,Kevin Faulk,RB,RB,,18,NE,0,0,0,0,0,0,0,0,0,0,0,0,,0,,,41,198,1,0,0,10,0.110741877870169,1,47,47,379,3,0,0,116,263,16,22.7439132575142,0,3.26724137931035,0.123684210526316,0.0516014234875445,0.221647312230755,0,83.7,130.7
2006,REG+POST,00-0005101,,Christian Fauria,TE,TE,,2,WAS,0,0,0,0,0,0,0,0,0,0,0,0,,0,,,0,0,0,0,0,0,,0,2,2,17,0,0,0,5,12,1,0.678970473119989,0,3.4,0.0555555555555556,0.0245098039215686,0.100490196078431,0,1.7,3.7
2006,REG+POST,00-0005106,,Brett Favre,QB,QB,,16,GB,343,613,3885,18,18,21,139,7,4,5305,1928,182,-2.58334310667742,0,0.732327992459943,0.0211948900555001,23,28,1,1,1,4,-33.5545054819959,0,0,0,0,0,0,0,0,0,0,,0,,,,,0,190.2,190.2
2006,REG+POST,00-0005113,,Jeff Feagles,P,SPEC,,1,NYG,0,1,0,0,0,0,0,0,0,-7,0,0,-2.76493828836828,0,0.0,,0,0,0,0,0,0,,0,0,0,0,0,0,0,0,0,0,,0,,,,,0,0.0,0.0
2006,REG+POST,00-0005229,,Jim Finn,FB,RB,,8,NYG,0,0,0,0,0,0,0,0,0,0,0,0,,0,,,2,14,0,0,0,1,-1.77034345967695,0,11,11,68,0,0,0,17,51,4,3.64315160072874,0,4.0,0.0714285714285714,0.0210135970333745,0.121852375066219,0,8.2,19.2
2006,REG+POST,00-0005589,,Gus Frerotte,QB,QB,,1,LA,1,3,27,0,0,0,0,0,0,57,0,1,1.5221012772345,0,0.473684210526316,,0,0,0,0,0,0,,0,0,0,0,0,0,0,0,0,0,,0,,,,,0,1.08,1.08
2006,REG+POST,00-0005720,,Joey Galloway,WR,WR,,14,TB,0,0,0,0,0,0,0,0,0,0,0,0,,0,,,2,9,0,0,0,0,0.0917057911865413,0,62,62,1057,7,0,0,745,312,44,97.5688707315712,0,1.41879194630872,0.233962264150943,0.540638606676343,0.729390420899855,0,148.6,210.6
2006,REG+POST,00-0005755,,Jeff Garcia,QB,QB,,10,PHI,148,249,1702,12,2,9,63,4,2,2212,685,77,21.6137966920382,1,0.769439421338156,0.0709576251711594,33,110,0,3,0,10,-13.2648405447599,0,0,0,0,0,0,0,0,0,0,,0,,,,,0,121.08,121.08
2006,REG+POST,00-0006043,,Terry Glenn,WR,WR,,16,DAL,0,0,0,0,0,0,0,0,0,0,0,0,,0,,,3,11,0,0,0,1,-0.894983965903521,0,74,74,1088,6,1,0,808,266,48,95.9426920072015,0,1.34653465346535,0.241042345276873,0.318235525797558,0.5843283859736,0,145.9,219.9
2006,REG+POST,00-0006101,,Tony Gonzalez,TE,TE,,16,KC,0,0,0,0,0,0,0,0,0,0,0,0,,0,,,0,0,0,0,0,0,,0,77,77,925,6,1,0,601,324,56,92.2305855593004,1,1.53910149750416,0.277978339350181,0.318832891246684,0.64015053289795,0,130.5,207.5
2006,REG+POST,00-0006305,,Ahman Green,RB,RB,,14,GB,0,0,0,0,0,0,0,0,0,0,0,0,,0,,,266,1059,5,2,2,55,-19.6553187385505,0,47,47,380,1,2,0,-36,416,15,15.0750315857356,0,-10.5555555555556,0.18007662835249,-0.0269662921348315,0.251238538034354,0,175.9,222.9
2006,REG+POST,00-0006355,,Trent Green,QB,QB,,9,KC,135,222,1449,8,11,28,152,6,4,1796,609,81,-21.1425920134843,1,0.806792873051225,0.0239782464914964,20,56,0,1,0,5,-7.79946169567309,0,0,0,0,0,0,0,0,0,0,,0,,,,,0,67.56,67.56
2006,REG+POST,00-0006423,,Brian Griese,QB,QB,,5,CHI,18,32,220,1,2,3,22,0,0,249,101,10,-2.29107634457189,0,0.883534136546185,-0.016038096985797,6,-5,0,1,1,0,-11.1752052435186,0,0,0,0,0,0,0,0,0,0,,0,,,,,0,6.3,6.3
2006,REG+POST,00-0006627,,Az-Zahir Hakim,WR,WR,,5,DET,0,0,0,0,0,0,0,0,0,0,0,0,,0,,,1,1,0,0,0,0,0.221800921135582,0,17,17,147,0,0,0,88,59,6,10.4409321533167,0,1.67045454545455,0.138211382113821,0.114137483787289,0.287213311821834,0,14.8,31.8
2006,REG+POST,00-0006777,,Karl Hankton,WR,WR,,2,CAR,0,0,0,0,0,0,0,0,0,0,0,0,,0,,,0,0,0,0,0,0,,0,3,3,31,0,0,0,20,11,2,3.87991317291744,0,1.55,0.0517241379310345,0.0483091787439614,0.111402632017325,0,3.1,6.1
2006,REG+POST,00-0007024,,Marvin Harrison,WR,WR,,20,IND,0,0,0,0,0,0,0,0,0,0,0,0,,0,,,0,0,0,0,0,0,,0,110,110,1559,12,2,1,1215,344,87,144.451251722193,1,1.28312757201646,0.239130434782609,0.33684502356529,0.594487168669616,0,227.9,337.9
2006,REG+POST,00-0007091,,Matt Hasselbeck,QB,QB,"https://static.www.nfl.com/image/private/f_auto,q_auto/league/t1nf9avoy2kauqwrvzza",14,SEA,246,440,2877,21,18,37,245,2,2,4485,920,140,-14.0996368664453,1,0.641471571906355,0.0470270764381983,21,121,0,1,0,7,8.18582970017451,0,0,0,0,0,0,0,0,0,0,,0,,,,,0,173.18,173.18
2006,REG+POST,00-0007213,,Steve Heiden,TE,TE,"https://static.www.nfl.com/image/private/f_auto,q_auto/league/gbtrxatwcauhazpjejcr",15,CLE,0,0,0,0,0,0,0,0,0,0,0,0,,0,,,0,0,0,0,0,0,,0,36,36,249,2,0,0,95,154,9,12.8022351908576,0,2.62105263157895,0.117263843648208,0.0606253988513082,0.218333544668228,0,36.9,72.9
2006,REG+POST,00-0007254,,William Henderson,FB,RB,,7,GB,0,0,0,0,0,0,0,0,0,0,0,0,,0,,,0,0,0,0,0,0,,0,12,12,62,0,0,0,1,61,3,1.32630895223701,0,62.0,0.0794701986754967,0.0014064697609001,0.120189826845875,0,6.2,18.2
2006,REG+POST,00-0007357,,Chris Hetherington,FB,RB,,2,SF,0,0,0,0,0,0,0,0,0,0,0,0,,0,,,0,0,0,0,0,0,,0,2,2,0,0,0,0,-2,2,0,-1.76902190397959,0,0.0,0.0588235294117647,-0.0173913043478261,0.0760613810741688,0,0.0,2.0
2006,REG+POST,00-0007468,,Ike Hilliard,WR,WR,,14,TB,0,0,0,0,0,0,0,0,0,0,0,0,,0,,,0,0,0,0,0,0,,0,34,34,339,2,0,0,205,134,19,23.0145284247462,0,1.65365853658537,0.134387351778656,0.140796703296703,0.300138719975676,0,45.9,79.9
2006,REG+POST,00-0007546,,James Hodgins,RB,RB,,2,NYJ,0,0,0,0,0,0,0,0,0,0,0,0,,0,,,0,0,0,0,0,0,,0,2,2,9,0,0,0,2,7,0,-0.277892862213776,0,4.5,0.0434782608695652,0.0104712041884817,0.072547234236285,0,0.9,2.9
2006,REG+POST,00-0007681,,Torry Holt,WR,WR,,16,LA,0,0,0,0,0,0,0,0,0,0,0,0,,0,,,0,0,0,0,0,0,,0,93,93,1188,10,2,1,917,271,67,104.050327880941,0,1.29552889858233,0.250673854447439,0.338376383763838,0.612874250305845,0,176.8,269.8
2006,REG+POST,00-0007744,,Joe Horn,WR,WR,,10,NO,0,1,0,0,0,0,0,0,0,2,0,0,-1.70606960053556,0,0.0,,0,0,0,0,0,0,,0,37,37,679,4,0,0,486,193,28,58.3851586817469,1,1.39711934156379,0.15546218487395,0.317439581972567,0.455400984691721,0,93.9,130.9
2006,REG+POST,00-0007835,,Damon Huard,QB,QB,,10,KC,148,244,1878,11,1,16,106,5,4,1973,760,106,32.4785323630519,1,0.951849974657881,0.0701750221201138,9,9,0,4,1,0,-8.74637290247483,0,2,2,-6,0,1,1,-4,-2,0,-6.2444510741625,0,0.0,0.0625,-0.0526315789473684,0.0569078947368421,0,107.42,109.42
2006,REG+POST,00-0008241,,Edgerrin James,RB,RB,,16,ARI,0,0,0,0,0,0,0,0,0,0,0,0,,0,,,337,1159,6,3,3,59,-43.8337755911449,0,38,38,217,0,0,0,39,178,9,5.52363472327124,0,5.56410256410256,0.133802816901408,0.0205263157894737,0.215072646404744,0,167.6,205.6
2006,REG+POST,00-0008442,,Brad Johnson,QB,QB,,15,MIN,270,439,2750,10,15,28,200,7,3,3414,1364,132,-72.7381884322202,0,0.805506736965436,0.030603741852584,30,82,1,2,1,7,0.0882408896286506,0,0,0,0,0,0,0,0,0,0,,0,,,,,0,126.2,126.2
2006,REG+POST,00-0008484,,Dirk Johnson,P,SPEC,,1,PHI,0,0,0,0,0,0,0,0,0,0,0,0,,0,,,1,0,0,0,0,0,-3.50048955989769,0,0,0,0,0,0,0,0,0,0,,0,,,,,0,0.0,0.0
2006,REG+POST,00-0008561,,Keyshawn Johnson,WR,WR,,16,CAR,0,1,0,0,1,0,0,0,0,20,0,0,-4.12562867696397,0,0.0,,1,4,1,0,0,1,1.74055767641403,0,70,70,815,4,1,1,600,215,42,65.4234824157539,0,1.35833333333333,0.215384615384615,0.310719834282755,0.540580807074852,0,107.9,177.9
2006,REG+POST,00-0008962,,Joe Jurevicius,WR,WR,,11,CLE,0,0,0,0,0,0,0,0,0,0,0,0,,0,,,0,0,0,0,0,0,,0,40,40,495,3,0,0,327,168,31,44.60633272212,0,1.51376146788991,0.181818181818182,0.289124668435013,0.475114540631782,0,67.5,107.5
2006,REG+POST,00-0009119,,Reggie Kelly,TE,TE,,12,CIN,0,0,0,0,0,0,0,0,0,0,0,0,,0,,,0,0,0,0,0,0,,0,21,21,254,1,0,0,168,86,12,20.8964542766335,0,1.51190476190476,0.0850202429149798,0.0837487537387837,0.186154491989618,0,31.4,52.4
2006,REG+POST,00-0009163,,Eddie Kennison,WR,WR,,16,KC,0,0,0,0,0,0,0,0,0,0,0,0,,0,,,4,16,0,0,0,0,-0.0133709592046216,0,53,53,860,5,0,0,689,171,41,70.6524965761137,0,1.24818577648766,0.194852941176471,0.358294331773271,0.543085444005996,0,117.6,170.6
2006,REG+POST,00-0009311,,Jon Kitna,QB,QB,,16,DET,372,596,4208,21,22,63,388,8,7,5040,1698,208,-33.9915160928542,0,0.834920634920635,0.0415706797626721,34,156,2,3,2,9,0.108212447580059,0,0,0,0,0,0,0,0,0,0,,0,,,,,0,217.92,217.92
2006,REG+POST,00-0009323,,Jimmy Kleinsasser,TE,TE,,6,MIN,0,0,0,0,0,0,0,0,0,0,0,0,,0,,,0,0,0,0,0,0,,0,7,7,47,0,0,0,29,18,1,2.09505461726803,0,1.62068965517241,0.0555555555555556,0.0414285714285714,0.112333333333333,0,4.7,11.7
2006,REG+POST,00-0009443,,Brian Kozlowski,TE,TE,,1,WAS,0,0,0,0,0,0,0,0,0,0,0,0,,0,,,0,0,0,0,0,0,,0,1,1,1,0,0,0,0,1,0,-0.835644292004872,0,0.0,0.0909090909090909,,,0,0.1,1.1
2006,REG+POST,00-0010072,,Ryan Longwell,K,SPEC,,1,MIN,1,1,16,1,0,0,0,0,0,1,15,1,4.30562793335412,0,16.0,,0,0,0,0,0,0,,0,0,0,0,0,0,0,0,0,0,,0,,,,,0,4.64,4.64
2006,REG+POST,00-0010333,,Kris Mangum,TE,TE,,9,CAR,0,0,0,0,0,0,0,0,0,0,0,0,,0,,,0,0,0,0,0,0,,0,21,21,170,1,0,0,97,73,11,12.2528752579237,0,1.75257731958763,0.103448275862069,0.0766192733017378,0.20880590510432,0,23.0,44.0
2006,REG+POST,00-0010346,,Peyton Manning,QB,QB,"https://static.www.nfl.com/image/private/f_auto,q_auto/league/xpcd6auodk3w0vda6jal",20,IND,459,710,5431,34,16,20,127,2,1,6862,1810,296,185.199720733163,2,0.79146021568056,0.170138922610669,31,39,5,1,1,8,-4.04826750375076,0,0,0,0,0,0,0,0,0,0,,0,,,,,0,355.14,355.14
2006,REG+POST,00-0010455,,Jamie Martin,QB,QB,,1,NO,16,24,208,1,1,5,18,3,1,178,121,6,-10.8243432647432,0,1.1685393258427,0.0978041762769923,0,0,0,0,0,0,,0,0,0,0,0,0,0,0,0,0,,0,,,,,0,8.32,8.32
2006,REG+POST,00-0010500,,Derrick Mason,WR,WR,,16,BAL,0,0,0,0,0,0,0,0,0,0,0,0,,0,,,1,-4,0,0,0,0,-1.43424197041895,0,70,70,766,2,0,0,618,148,45,73.8541596846609,0,1.23948220064725,0.214067278287462,0.28704133766837,0.522029853799051,0,88.2,158.2
2006,REG+POST,00-0010609,,Brad Maynard,P,SPEC,,1,CHI,1,1,37,0,0,0,0,0,0,11,26,1,5.1551312468946,0,3.36363636363636,,0,0,0,0,0,0,,0,0,0,0,0,0,0,0,0,0,,0,,,,,0,1.48,1.48
2006,REG+POST,00-0010632,,Fred McAfee,RB,RB,,1,NO,0,0,0,0,0,0,0,0,0,0,0,0,,0,,,3,12,1,0,0,1,2.38682072854135,0,0,0,0,0,0,0,0,0,0,,0,,,,,0,7.2,7.2
2006,REG+POST,00-0010668,,Keenan McCardell,WR,WR,,12,LAC,0,0,0,0,0,0,0,0,0,0,0,0,,0,,,1,8,0,0,0,0,0.594078320427798,0,36,36,437,0,1,1,349,88,24,31.0427151513286,0,1.25214899713467,0.152542372881356,0.215965346534653,0.379989301896291,0,42.5,78.5
2006,REG+POST,00-0010747,,Fred McCrary,RB,RB,,3,ATL,0,0,0,0,0,0,0,0,0,0,0,0,,0,,,0,0,0,0,0,0,,0,3,3,13,1,0,0,-4,17,2,3.45194002089556,0,-3.25,0.0714285714285714,-0.0136054421768707,0.0976190476190476,0,7.3,10.3
2006,REG+POST,00-0011022,,Donovan McNabb,QB,QB,,10,PHI,180,316,2612,18,6,21,140,1,1,2792,1316,113,36.7047777380964,0,0.935530085959885,0.104538186314544,32,212,3,2,1,14,6.6680810781545,0,0,0,0,0,0,0,0,0,0,,0,,,,,0,199.68,199.68
2006,REG+POST,00-0011024,,Steve McNair,QB,QB,,17,BAL,313,497,3223,16,14,16,96,4,1,3699,1249,165,29.1506028322536,0,0.871316572046499,0.0929386842575288,46,125,1,4,1,16,-7.91636655665934,0,0,0,0,0,0,0,0,0,0,,0,,,,,0,179.42,179.42
2006,REG+POST,00-0011224,,Itula Mili,TE,TE,,6,SEA,0,0,0,0,0,0,0,0,0,0,0,0,,0,,,0,0,0,0,0,0,,0,10,10,69,0,0,0,39,30,4,3.45322150405264,0,1.76923076923077,0.0869565217391304,0.0532786885245902,0.167729864575909,0,6.9,16.9
2006,REG+POST,00-0011236,,Billy Miller,TE,TE,,10,NO,0,0,0,0,0,0,0,0,0,0,0,0,,0,,,0,0,0,0,0,0,,0,22,22,224,0,1,1,147,77,9,11.9247597706562,1,1.52380952380952,0.0969162995594714,0.0960156760287394,0.212585422559325,0,22.4,44.4
2006,REG+POST,00-0011551,,Dave Moore,TE,TE,,1,TB,0,0,0,0,0,0,0,0,0,0,0,0,,0,,,0,0,0,0,0,0,,0,1,1,9,0,1,1,9,0,0,-4.99433347414015,0,1.0,0.0625,0.0625,0.1375,0,-1.1,-0.1
2006,REG+POST,00-0011626,,Brian Moorman,P,SPEC,,3,BUF,0,1,0,0,0,0,0,0,0,0,0,0,-2.80356731708162,0,,,2,2,0,1,1,1,-0.649480555206537,0,0,0,0,0,0,0,0,0,0,,0,,,,,0,-1.8,-1.8
2006,REG+POST,00-0011641,,Sean Morey,WR,WR,,2,PIT,0,0,0,0,0,0,0,0,0,0,0,0,,0,,,0,0,0,0,0,0,,0,2,2,29,0,0,0,26,3,2,2.6827156196814,0,1.11538461538462,0.0571428571428571,0.053941908713693,0.123473621813871,0,2.9,4.9
2006,REG+POST,00-0011754,,Randy Moss,WR,WR,,12,LV,0,0,0,0,0,0,0,0,0,0,0,0,,0,,,0,0,0,0,0,0,,0,42,42,553,3,0,0,437,116,29,51.0480920285918,0,1.26544622425629,0.232044198895028,0.312365975696926,0.56672248133039,0,73.3,115.3
2006,REG+POST,00-0011770,,Eric Moulds,WR,WR,,15,HOU,0,0,0,0,0,0,0,0,0,0,0,0,,0,,,1,6,0,0,0,0,0.486031260807067,0,57,57,557,1,1,0,334,223,33,38.5400854847536,0,1.66766467065868,0.182108626198083,0.251506024096386,0.449217156164595,0,62.3,119.3
2006,REG+POST,00-0011795,,Muhsin Muhammad,WR,WR,,19,CHI,0,0,0,0,0,0,0,0,0,0,0,0,,0,,,0,0,0,0,0,0,,0,67,67,956,6,1,1,739,217,50,88.8747452197131,0,1.2936400541272,0.20059880239521,0.303615447822514,0.513429017068575,0,129.6,196.6
2006,REG+POST,00-0011958,,Lorenzo Neal,FB,RB,,16,LAC,0,0,0,0,0,0,0,0,0,0,0,0,,0,,,32,145,1,1,0,22,7.77186549534196,0,19,19,102,0,1,0,6,96,4,0.100390952546149,0,17.0,0.0753968253968254,0.0042402826855123,0.116063435975097,0,30.7,49.7
2006,REG+POST,00-0012478,,Terrell Owens,WR,WR,,17,DAL,0,0,0,0,0,0,0,0,0,0,0,0,,0,,,0,0,0,0,0,0,,0,87,87,1206,13,0,0,834,372,64,119.841656566776,1,1.44604316546763,0.26605504587156,0.305494505494506,0.612928722653494,0,200.6,287.6
2006,REG+POST,00-0012642,,David Patten,WR,WR,,1,WAS,0,0,0,0,0,0,0,0,0,0,0,0,,0,,,0,0,0,0,0,0,,0,1,1,25,0,0,0,24,1,1,1.636364989914,0,1.04166666666667,0.0416666666666667,0.51063829787234,0.419946808510638,0,2.5,3.5
2006,REG+POST,00-0013013,,Michael Pittman,RB,RB,"https://static.www.nfl.com/image/private/f_auto,q_auto/league/xt52pieoe86wnuy0imar",16,TB,0,0,0,0,0,0,0,0,0,0,0,0,,0,,,50,245,1,1,0,12,3.85798077162121,0,47,47,405,0,0,0,143,262,15,12.500977561227,0,2.83216783216783,0.158783783783784,0.087248322147651,0.299249501179031,0,71.0,118.0
2006,REG+POST,00-0013042,,Jake Plummer,QB,QB,,12,DEN,175,317,1994,11,13,18,111,4,2,2925,829,103,-26.1250659716541,0,0.681709401709402,0.0167641432201896,36,112,1,3,0,10,0.603257281975924,0,0,0,0,0,0,0,0,0,0,,0,,,,,0,110.96,110.96
2006,REG+POST,00-0013080,,Marcus Pollard,TE,TE,,9,DET,0,0,0,0,0,0,0,0,0,0,0,0,,0,,,0,0,0,0,0,0,,0,12,12,100,0,0,0,38,62,6,3.67684842849849,0,2.63157894736842,0.0588235294117647,0.0278796771826853,0.107751068145527,0,10.0,22.0
2006,REG+POST,00-0013232,,Peerless Price,WR,WR,,16,BUF,0,0,0,0,0,0,0,0,0,0,0,0,,0,,,5,18,0,0,0,1,0.90449389180867,0,50,50,402,3,1,1,253,149,20,29.0387304394681,0,1.58893280632411,0.185873605947955,0.145152036718302,0.380416834624744,0,58.0,108.0
2006,REG+POST,00-0013268,,Ricky Proehl,WR,WR,,2,IND,0,0,0,0,0,0,0,0,0,0,0,0,,0,,,0,0,0,0,0,0,,0,3,3,30,0,0,0,26,4,1,2.16750365553889,0,1.15384615384615,0.0555555555555556,0.0695187165775401,0.131996434937611,0,3.0,6.0
2006,REG+POST,00-0013694,,Tony Richardson,FB,RB,,7,MIN,0,0,0,0,0,0,0,0,0,0,0,0,,0,,,5,12,0,0,0,2,-1.29398993983565,0,13,13,111,0,0,0,20,91,7,11.048104288755,0,5.55,0.0948905109489051,0.0321543408360129,0.164843805008567,0,12.3,25.3
2006,REG+POST,00-0013888,,Marcus Robinson,WR,WR,,8,MIN,0,0,0,0,0,0,0,0,0,0,0,0,,0,,,0,0,0,0,0,0,,0,29,29,381,4,2,0,270,111,20,37.398820964917,0,1.41111111111111,0.169590643274854,0.290010741138561,0.457393483709273,0,62.1,91.1
2006,REG+POST,00-0014450,,Cory Schlesinger,RB,RB,,4,DET,0,0,0,0,0,0,0,0,0,0,0,0,,0,,,0,0,0,0,0,0,,0,8,8,36,0,0,0,17,19,0,-0.49714487750316,0,2.11764705882353,0.0842105263157895,0.0261538461538462,0.144623481781377,0,3.6,11.6
2006,REG+POST,00-0014655,,Mike Sellers,TE,TE,,14,WAS,0,0,0,0,0,0,0,0,0,0,0,0,,0,,,12,51,0,0,0,7,4.41193700459553,0,18,18,105,1,0,0,21,79,6,4.66512572523789,0,5.0,0.0861244019138756,0.0185348631950574,0.142161007107354,0,21.6,39.6
2006,REG+POST,00-0014775,,Daimon Shelton,FB,RB,,3,BUF,0,0,0,0,0,0,0,0,0,0,0,0,,0,,,0,0,0,0,0,0,,0,7,7,35,0,0,0,12,23,2,2.41505527985282,0,2.91666666666667,0.12280701754386,0.0286396181384248,0.204258259012687,0,3.5,10.5
2006,REG+POST,00-0014902,,Jason Simmons,DB,DB,,1,HOU,0,0,0,0,0,0,0,0,0,0,0,0,,0,,,1,0,0,0,0,0,-2.83382298052311,0,0,0,0,0,0,0,0,0,0,,0,,,,,0,0.0,0.0
2006,REG+POST,00-0015194,,Hunter Smith,P,SPEC,,1,IND,1,1,-16,0,0,0,0,1,0,-14,-2,0,-4.01461080578156,0,0.0,,0,0,0,0,0,0,,0,0,0,0,0,0,0,0,0,0,,0,,,,,0,-0.64,-0.64
2006,REG+POST,00-0015290,,Rod Smith,WR,WR,,16,DEN,0,0,0,0,0,0,0,0,0,0,0,0,,0,,,1,-5,0,0,0,0,-1.29618798103184,0,52,52,512,3,2,1,367,143,33,42.9128668456747,0,1.39509536784741,0.203125,0.208522727272727,0.450653409090909,0,66.7,118.7
2006,REG+POST,00-0015420,,Jerald Sowell,FB,RB,,1,TB,0,0,0,0,0,0,0,0,0,0,0,0,,0,,,0,0,0,0,0,0,,0,1,1,6,0,0,0,4,2,0,0.158489319263026,0,1.5,0.0714285714285714,0.0444444444444444,0.138253968253968,0,0.6,1.6
2006,REG+POST,00-0015550,,Chad Stanley,P,SPEC,,1,HOU,0,0,0,0,0,0,0,0,0,0,0,0,,0,,,1,0,0,1,0,0,-2.54867847310379,0,0,0,0,0,0,0,0,0,0,,0,,,,,0,0.0,0.0
2006,REG+POST,00-0015601,,Aaron Stecker,RB,RB,,7,NO,0,0,0,0,0,0,0,0,0,0,0,0,,0,,,4,11,0,0,0,0,-1.38141164369881,0,19,19,190,0,0,0,108,82,9,11.4944849426392,0,1.75925925925926,0.102150537634409,0.0831408775981524,0.21142442077032,0,20.1,39.1
2006,REG+POST,00-0015754,,Brandon Stokley,WR,WR,,4,IND,0,0,0,0,0,0,0,0,0,0,0,0,,0,,,0,0,0,0,0,0,,0,8,8,85,1,0,0,59,26,3,6.41752924816683,0,1.44067796610169,0.0869565217391304,0.0736579275905119,0.181995331922054,0,14.5,22.5
2006,REG+POST,00-0015830,,Mack Strong,FB,RB,,16,SEA,0,0,0,0,0,0,0,0,0,0,0,0,,0,,,36,157,1,0,0,12,-3.26112799826678,0,31,31,172,0,2,2,45,127,4,-1.01426204509335,0,3.82222222222222,0.116981132075472,0.0220480156785889,0.19090530908822,0,34.9,65.9
2006,REG+POST,00-0016098,,Fred Taylor,RB,RB,,15,JAX,0,0,0,0,0,0,0,0,0,0,0,0,,0,,,231,1146,5,2,1,46,2.94652316448628,0,23,23,242,1,1,1,-10,252,8,7.49238370495732,0,-24.2,0.130681818181818,-0.0098716683119447,0.189112559454366,0,170.8,193.8
2006,REG+POST,00-0016193,,Vinny Testaverde,QB,QB,,4,NE,2,3,29,1,0,0,0,0,0,11,18,2,6.22999053751119,0,2.63636363636364,,9,-9,0,0,0,0,-8.74828799720854,0,0,0,0,0,0,0,0,0,0,,0,,,,,0,4.26,4.26
2006,REG+POST,00-0016440,,James Thrash,WR,WR,,6,WAS,0,0,0,0,0,0,0,0,0,0,0,0,,0,,,0,0,0,0,0,0,,0,12,12,151,1,0,0,134,17,9,13.9911741055839,0,1.12686567164179,0.11214953271028,0.206153846153846,0.312531991373113,0,21.1,33.1
2006,REG+POST,00-0016550,,Amani Toomer,WR,WR,,8,NYG,0,0,0,0,0,0,0,0,0,0,0,0,,0,,,1,0,0,0,0,0,-0.679031557752751,0,32,32,360,3,0,0,310,50,22,31.9919356057482,0,1.16129032258065,0.19047619047619,0.248198558847078,0.45945327690724,0,54.0,86.0
2006,REG+POST,00-0016677,,Jerame Tuman,TE,TE,,7,PIT,0,0,0,0,0,0,0,0,0,0,0,0,,0,,,0,0,0,0,0,0,,0,7,7,73,1,0,0,42,31,5,7.48374480841449,0,1.73809523809524,0.0479452054794521,0.0351464435146444,0.0965203186794291,0,13.3,20.3
2006,REG+POST,00-0016689,,Matt Turk,P,SPEC,,1,LA,0,0,0,0,0,0,0,0,0,0,0,0,,0,,,2,19,0,1,0,1,0.552294124849141,0,0,0,0,0,0,0,0,0,0,,0,,,,,0,1.9,1.9
2006,REG+POST,00-0017162,,Hines Ward,WR,WR,,14,PIT,0,0,0,0,0,0,0,0,0,0,0,0,,0,,,2,30,0,0,0,1,1.4410600180272,0,74,74,975,6,2,1,629,346,50,82.8983939424215,0,1.55007949125596,0.256055363321799,0.312624254473161,0.602920023113912,0,134.5,208.5
2006,REG+POST,00-0017200,,Kurt Warner,QB,QB,,6,ARI,108,168,1377,6,5,14,104,6,2,1288,641,63,10.3729239903746,0,1.06909937888199,0.081986986017741,13,3,0,3,1,3,-5.13476769327014,0,0,0,0,0,0,0,0,0,0,,0,,,,,0,63.38,63.38
2006,REG+POST,00-0017611,,Alvis Whitted,WR,WR,,12,LV,0,0,0,0,0,0,0,0,0,0,0,0,,0,,,1,4,0,0,0,0,-0.124123512767255,0,27,27,299,0,1,1,278,21,17,24.1525693620788,0,1.07553956834532,0.141361256544503,0.182295081967213,0.339648442193803,0,28.3,55.3
2006,REG+POST,00-0017644,,Jermaine Wiggins,TE,TE,,15,MIN,0,0,0,0,0,0,0,0,0,0,0,0,,0,,,0,0,0,0,0,0,,0,46,46,386,1,1,0,248,138,19,25.2582351509452,0,1.55645161290323,0.146496815286624,0.164129715420251,0.334636023724112,0,44.6,90.6
2006,REG+POST,00-0017697,,Terrence Wilkins,WR,WR,,1,IND,0,0,0,0,0,0,0,0,0,0,0,0,,0,,,0,0,0,0,0,0,,0,0,0,0,0,0,0,0,0,0,,0,,,,,1,6.0,6.0
2006,REG+POST,00-0018272,,Anthony Wright,QB,QB,,2,CIN,3,3,31,0,0,1,9,0,0,-2,33,1,3.36312500506756,0,0.0,,3,-3,0,0,0,0,-5.54563845068333,0,0,0,0,0,0,0,0,0,0,,0,,,,,0,0.94,0.94
2006,REG+POST,00-0018578,,Ryan Neufeld,TE,TE,,1,BUF,0,0,0,0,0,0,0,0,0,0,0,0,,0,,,0,0,0,0,0,0,,0,1,1,4,1,0,0,4,0,1,1.21271687478293,0,1.0,0.0476190476190476,0.0294117647058824,0.0920168067226891,0,6.4,7.4
2006,REG+POST,00-0018958,,Laveranues Coles,WR,WR,,17,NYJ,0,0,0,0,0,0,0,0,0,0,0,0,,0,,,2,14,0,0,0,1,0.190303169307299,0,96,96,1143,6,1,0,788,355,54,97.2568119622083,0,1.4505076142132,0.28486646884273,0.378846153846154,0.692492010956403,0,151.7,247.7
2006,REG+POST,00-0019041,,Billy Volek,QB,QB,,1,LAC,1,2,4,0,0,1,6,0,0,8,0,0,-4.31838305015117,0,0.5,,3,-3,0,0,0,0,-3.77912244776962,0,0,0,0,0,0,0,0,0,0,,0,,,,,0,-0.14,-0.14
2006,REG+POST,00-0019100,,Brad Hoover,FB,RB,,14,CAR,0,0,0,0,0,0,0,0,0,0,0,0,,0,,,22,73,1,1,1,10,-3.85556270807865,0,20,20,122,0,0,0,44,78,4,-0.234180068721194,0,2.77272727272727,0.0865800865800866,0.0358890701468189,0.154992478972903,0,23.5,43.5
2006,REG+POST,00-0019127,,Todd Yoder,TE,TE,,1,WAS,0,0,0,0,0,0,0,0,0,0,0,0,,0,,,0,0,0,0,0,0,,0,1,1,4,1,0,0,4,0,1,2.0737254168198,0,1.0,0.0526315789473684,0.0396039603960396,0.10667014069828,0,6.4,7.4
2006,REG+POST,00-0019135,,Dan Kreider,FB,RB,,6,PIT,0,0,0,0,0,0,0,0,0,0,0,0,,0,,,1,5,0,0,0,0,0.0284592597745359,0,8,8,62,0,0,0,12,50,2,3.55811075563543,0,5.16666666666667,0.0869565217391304,0.0160642570281124,0.141679762528374,0,6.7,14.7
2006,REG+POST,00-0019153,,Marlion Jackson,RB,RB,,1,ATL,0,0,0,0,0,0,0,0,0,0,0,0,,0,,,1,2,0,0,0,0,-0.445746618090197,0,0,0,0,0,0,0,0,0,0,,0,,,,,0,0.2,0.2
2006,REG+POST,00-0019242,,Dane Looker,WR,WR,,1,LA,0,0,0,0,0,0,0,0,0,0,0,0,,0,,,1,13,0,0,0,1,1.01951721613295,0,0,0,0,0,0,0,0,0,0,,0,,,,,0,1.3,1.3
2006,REG+POST,00-0019281,,Mike Furrey,WR,WR,,16,DET,0,0,0,0,0,0,0,0,0,0,0,0,,0,,,0,0,0,0,0,0,,0,98,98,1086,6,1,1,839,247,54,87.0953191754044,0,1.29439809296782,0.263440860215054,0.334262948207171,0.629145354067601,0,142.6,240.6
2006,REG+POST,00-0019302,,Bryan Gilmore,WR,WR,,10,SF,0,0,0,0,0,0,0,0,0,0,0,0,,0,,,7,94,0,1,1,5,3.72333082999103,0,8,8,150,1,0,0,112,38,5,9.92571456031874,0,1.33928571428571,0.0645161290322581,0.173106646058733,0.2179488457895,0,28.4,36.4
2006,REG+POST,00-0019457,,Anthony Becht,TE,TE,,10,TB,0,0,0,0,0,0,0,0,0,0,0,0,,0,,,0,0,0,0,0,0,,0,18,18,115,1,1,0,63,52,4,5.49189530049467,0,1.82539682539683,0.0904522613065327,0.0628115653040877,0.17964648767266,0,17.5,35.5
2006,REG+POST,00-0019484,,Sammy Morris,RB,RB,,12,MIA,0,0,0,0,0,0,0,0,0,0,0,0,,0,,,92,400,1,2,2,17,-14.7955237973286,0,21,21,162,0,1,0,33,129,8,8.13759162543001,0,4.90909090909091,0.106060606060606,0.0284974093264249,0.179039095619407,0,58.2,79.2
2006,REG+POST,00-0019533,,Patrick Pass,RB,RB,,2,NE,0,0,0,0,0,0,0,0,0,0,0,0,,0,,,6,21,0,1,1,1,-4.30475897027645,0,2,2,24,0,0,0,0,24,1,1.33758290018886,0,0.0,0.0487804878048781,0.0,0.0731707317073171,0,2.5,4.5
2006,REG+POST,00-0019539,,Dante Hall,WR,WR,,14,KC,0,0,0,0,0,0,0,0,0,0,0,0,,0,,,5,25,0,0,0,0,0.423085330752656,0,28,28,216,2,0,0,145,71,15,17.3452218974708,0,1.48965517241379,0.133333333333333,0.109022556390977,0.276315789473684,1,42.1,70.1
2006,REG+POST,00-0019552,,Troy Walters,WR,WR,,11,ARI,0,0,0,0,0,0,0,0,0,0,0,0,,0,,,0,0,0,0,0,0,,0,23,23,209,2,0,0,113,96,13,14.8474219116615,0,1.84955752212389,0.109004739336493,0.0790762771168649,0.218860502986545,0,32.9,55.9
2006,REG+POST,00-0019559,,Chad Pennington,QB,QB,,17,NYJ,336,525,3652,18,17,32,194,5,4,3967,1570,173,21.3898247271425,0,0.920594907990925,0.0918145771283145,38,112,0,3,1,12,-0.818817023391594,0,0,0,0,0,0,0,0,0,0,,0,,,,,0,185.28,185.28
2006,REG+POST,00-0019587,,Terrelle Smith,FB,RB,,10,CLE,0,0,0,0,0,0,0,0,0,0,0,0,,0,,,8,14,0,0,0,1,-2.97162985033356,0,8,8,21,0,0,0,-3,24,0,-2.72141292362658,0,-7.0,0.0740740740740741,-0.0265486725663717,0.0925270403146509,0,3.5,11.5
2006,REG+POST,00-0019590,,Chad Morton,RB,RB,,1,NYG,0,0,0,0,0,0,0,0,0,0,0,0,,0,,,1,22,0,0,0,1,1.37660694727674,0,0,0,0,0,0,0,0,0,0,,0,,,,,0,2.2,2.2
2006,REG+POST,00-0019594,,Mike Anderson,RB,RB,,14,BAL,0,0,0,0,0,0,0,0,0,0,0,0,,0,,,43,201,1,0,0,12,0.0094172649355632,0,10,10,60,0,0,0,5,55,2,-3.79889908435066,0,12.0,0.0684931506849315,0.007656967840735,0.108099603515912,0,32.1,42.1
2006,REG+POST,00-0019596,T.Brady,Tom Brady,QB,QB,"https://static.www.nfl.com/image/private/f_auto,q_auto/league/q7dpdlxyu5rs05rgh1le",19,NE,390,636,4257,29,16,30,197,12,3,5301,1895,211,81.3306274852405,2,0.803056027164686,0.105401846433658,57,120,0,2,1,17,0.34015431033913,0,0,0,0,0,0,0,0,0,0,,0,,,,,0,262.28,262.28
2006,REG+POST,00-0019599,,Marc Bulger,QB,QB,,16,LA,370,588,4301,24,8,49,366,4,2,5291,1618,211,55.1809707509262,1,0.812889812889813,0.0977654867238769,18,44,0,2,1,5,-7.42710764060465,0,0,0,0,0,0,0,0,0,0,,0,,,,,0,252.44,252.44
2006,REG+POST,00-0019610,,Reuben Droughns,RB,RB,,14,CLE,0,0,0,0,0,0,0,0,0,0,0,0,,0,,,220,758,4,5,4,38,-46.4740981846363,0,27,27,169,0,0,0,-32,201,10,0.932563118246018,0,-5.28125,0.113924050632911,-0.0263157894736842,0.152465023317788,0,108.7,135.7
2006,REG+POST,00-0019623,,Tim Rattay,QB,QB,,4,TB,61,101,748,4,2,4,18,1,1,587,334,26,9.13424807850837,0,1.27427597955707,0.0748658107165754,4,3,0,1,0,1,-5.03731790624443,0,0,0,0,0,0,0,0,0,0,,0,,,,,0,40.22,40.22
2006,REG+POST,00-0019641,,Thomas Jones,RB,RB,,19,CHI,1,1,-4,0,0,0,0,0,0,-13,9,0,-1.08079964085482,0,0.0,,352,1506,10,2,1,75,-3.26960336549005,0,42,42,178,0,0,0,-75,253,6,-7.0693889126962,0,-2.37333333333333,0.132492113564669,-0.0338753387533875,0.175025433219632,0,226.24,268.24
2006,REG+POST,00-0019642,,Plaxico Burress,WR,WR,,16,NYG,0,0,0,0,0,0,0,0,0,0,0,0,,0,,,0,0,0,0,0,0,,0,68,71,1077,12,2,1,864,231,48,93.100583017891,0,1.24652777777778,0.230519480519481,0.434607645875252,0.650004572891897,0,177.7,245.7
2006,REG+POST,00-0019643,,Ron Dayne,RB,RB,,10,HOU,0,0,0,0,0,0,0,0,0,0,0,0,,0,,,151,612,5,1,0,39,8.29729116972462,1,14,14,77,0,0,0,-12,89,3,1.12708909581607,0,-6.41666666666667,0.0804597701149425,-0.0164383561643836,0.109182805857345,0,100.9,114.9
2006,REG+POST,00-0019644,,Bubba Franks,TE,TE,,11,GB,0,0,0,0,0,0,0,0,0,0,0,0,,0,,,0,0,0,0,0,0,,0,25,25,232,0,2,1,128,104,13,13.3432746019098,0,1.8125,0.100806451612903,0.0907158043940468,0.214710740495188,0,21.2,46.2
2006,REG+POST,00-0019647,,Shaun Alexander,RB,RB,,12,SEA,0,0,0,0,0,0,0,0,0,0,0,0,,0,,,302,1073,9,5,3,72,-37.1318960747195,0,13,13,60,0,1,0,-6,61,3,2.39644440409029,0,-10.0,0.0773809523809524,-0.0052447552447552,0.1124000999001,0,161.3,174.3
2006,REG+POST,00-0019650,,Dennis Northcutt,WR,WR,,11,CLE,0,0,0,0,0,0,0,0,0,0,0,0,,0,,,3,32,0,1,1,1,-0.507471382850781,0,22,22,228,0,0,0,105,123,10,12.5015997122973,0,2.17142857142857,0.10377358490566,0.0958904109589041,0.222783665029723,0,24.0,46.0
2006,REG+POST,00-0019663,,Darrell Jackson,WR,WR,,14,SEA,0,0,0,0,0,0,0,0,0,0,0,0,,0,,,0,0,0,0,0,0,,0,67,67,1005,10,1,0,766,239,46,90.932665493735,0,1.31201044386423,0.26171875,0.383383383383383,0.660946493368368,0,160.5,227.5
2006,REG+POST,00-0019693,,Jamal Lewis,RB,RB,,17,BAL,0,0,0,0,0,0,0,0,0,0,0,0,,0,,,327,1185,9,4,2,47,-43.7117258342128,0,21,21,139,0,0,0,6,133,6,6.58129185636062,0,23.1666666666667,0.0893617021276596,0.0045283018867924,0.137212364512244,0,182.4,203.4
2006,REG+POST,00-0019703,,Jerry Porter,WR,WR,,1,LV,0,0,0,0,0,0,0,0,0,0,0,0,,0,,,0,0,0,0,0,0,,0,1,1,19,0,0,0,19,0,1,2.00025923125213,0,1.0,0.2,0.441860465116279,0.609302325581395,0,1.9,2.9
2006,REG+POST,00-0019721,,Travis Taylor,WR,WR,,16,MIN,0,0,0,0,0,0,0,0,0,0,0,0,,0,,,1,5,0,0,0,0,0.299053212627769,0,57,57,651,3,2,2,446,205,29,39.0235665743926,0,1.45964125560538,0.171686746987952,0.26547619047619,0.443363453815261,0,79.6,136.6
2006,REG+POST,00-0019794,,Aveion Cason,RB,RB,,5,DET,0,0,0,0,0,0,0,0,0,0,0,0,,0,,,24,94,0,0,0,4,-4.27888117963448,0,5,5,26,0,0,0,-3,29,1,-1.30121730174869,0,-8.66666666666667,0.1,-0.0082191780821917,0.144246575342466,0,12.0,17.0
2006,REG+POST,00-0019808,,Kenny Watson,RB,RB,,15,CIN,0,0,0,0,0,0,0,0,0,0,0,0,,0,,,25,138,1,0,0,6,-4.1318921943632,0,23,23,213,0,0,0,11,202,12,17.7349588995858,0,19.3636363636364,0.0942622950819672,0.0068707058088694,0.146202936689159,0,41.1,64.1
2006,REG+POST,00-0019831,,Nick Goings,RB,RB,,7,CAR,0,0,0,0,0,0,0,0,0,0,0,0,,0,,,11,52,0,0,0,2,-1.47405941283796,0,10,10,107,1,0,0,25,82,4,3.98958517576102,0,4.28,0.0840336134453782,0.043859649122807,0.156752174554032,0,21.9,31.9
2006,REG+POST,00-0019863,,Dominic Rhodes,RB,RB,,20,IND,0,0,0,0,0,0,0,0,0,0,0,0,,0,,,249,947,6,3,2,54,-26.1816957352328,0,43,43,321,0,1,1,73,248,13,12.4861763483495,0,4.3972602739726,0.116847826086957,0.0288423548004741,0.195461387490767,0,156.8,199.8
2006,REG+POST,00-0019919,,Randal Williams,TE,TE,,13,LV,0,0,0,0,0,0,0,0,0,0,0,0,,0,,,0,0,0,0,0,0,,0,28,28,293,0,2,2,236,57,14,11.7355027984595,0,1.24152542372881,0.123893805309735,0.157859531772575,0.296342380205404,0,25.3,53.3
2006,REG+POST,00-0019932,,Josh Parry,FB,RB,,1,SEA,0,0,0,0,0,0,0,0,0,0,0,0,,0,,,0,0,0,0,0,0,,0,1,1,11,0,0,0,4,7,1,0.792142254067585,0,2.75,0.0666666666666667,0.025974025974026,0.118181818181818,0,1.1,2.1
2006,REG+POST,00-0019976,,Drew Bennett,WR,WR,,13,TEN,0,0,0,0,0,0,0,0,0,0,0,0,,0,,,0,0,0,0,0,0,,0,46,46,737,3,2,1,594,139,36,65.2023979415535,1,1.24074074074074,0.235897435897436,0.411072664359862,0.641597018898057,0,91.7,137.7
2006,REG+POST,00-0019997,,Antonio Chatman,WR,WR,,2,CIN,0,0,0,0,0,0,0,0,0,0,0,0,,0,,,0,0,0,0,0,0,,0,3,3,22,0,0,0,12,10,2,2.68778379447758,0,1.83333333333333,0.0638297872340426,0.0388349514563107,0.122929146870481,0,2.2,5.2
2006,REG+POST,00-0020022,,Marcel Shipp,RB,RB,,8,ARI,0,0,0,0,0,0,0,0,0,0,0,0,,0,,,17,41,4,0,0,8,0.571820386831494,0,6,6,60,0,0,0,18,42,3,4.49520509922877,0,3.33333333333333,0.0612244897959184,0.0239043824701195,0.108569802422961,0,34.1,40.1
2006,REG+POST,00-0020024,,Fred Wakefield,OL,OL,,2,ARI,0,0,0,0,0,0,0,0,0,0,0,0,,0,,,0,0,0,0,0,0,,0,2,2,24,0,0,0,7,17,1,1.7706692488282,0,3.42857142857143,0.0606060606060606,0.025,0.108409090909091,0,2.4,4.4
2006,REG+POST,00-0020127,,Daniel Wilcox,TE,TE,,12,BAL,0,0,0,0,0,0,0,0,0,0,0,0,,0,,,0,0,0,0,0,0,,0,21,21,181,3,2,2,103,78,13,10.3133055155049,0,1.75728155339806,0.0850202429149798,0.0768656716417911,0.181336334521723,0,32.1,53.1
2006,REG+POST,00-0020245,,Mike Vick,QB,QB,"https://static.www.nfl.com/image/private/f_auto,q_auto/league/hrg4riwhpjbijfovsjrk",16,ATL,205,389,2474,20,13,45,303,5,1,4463,880,123,-66.9913129427939,0,0.554335648666816,0.0267448907731868,123,1039,2,4,2,55,52.9673707908129,0,1,1,1,0,0,0,-8,9,0,-1.22138488313193,0,0.0,0.0555555555555556,-0.0579710144927536,0.0427536231884058,0,262.96,263.96
2006,REG+POST,00-0020268,,Tony Stewart,TE,TE,,9,CIN,0,0,0,0,0,0,0,0,0,0,0,0,,0,,,0,0,0,0,0,0,,0,14,14,120,1,0,0,68,52,5,7.88404537618044,0,1.76470588235294,0.0689655172413793,0.0433950223356733,0.13382479149704,0,18.0,32.0
2006,REG+POST,00-0020270,,Correll Buckhalter,RB,RB,,18,PHI,0,0,0,0,0,0,0,0,0,0,0,0,,0,,,92,360,2,1,1,17,-12.1588065769756,0,25,25,212,0,1,0,8,202,10,13.7086234784219,0,26.5,0.0886524822695036,0.0042350449973531,0.135943254902402,0,67.2,92.2
2006,REG+POST,00-0020285,,Alge Crumpler,TE,TE,,16,ATL,0,0,0,0,0,0,0,0,0,0,0,0,,0,,,0,0,0,0,0,0,,0,56,56,780,8,0,0,526,254,38,73.7435007885215,0,1.4828897338403,0.251121076233184,0.302820955670697,0.588656283319263,0,126.0,182.0
2006,REG+POST,00-0020305,,A.J. Feeley,QB,QB,,2,PHI,26,38,342,3,0,1,10,1,1,282,167,15,15.5968415040463,0,1.21276595744681,0.219922090917565,1,3,0,0,0,0,-0.21791142859729,0,0,0,0,0,0,0,0,0,0,,0,,,,,0,23.98,23.98
2006,REG+POST,00-0020315,,Derrick Blaylock,RB,RB,,2,NYJ,0,0,0,0,0,0,0,0,0,0,0,0,,0,,,25,43,0,0,0,0,-10.6204638585914,0,5,5,29,0,0,0,1,28,1,-0.366670278617422,0,29.0,0.108695652173913,0.0025974025974026,0.164861660079051,0,7.2,12.2
2006,REG+POST,00-0020332,,David Martin,TE,TE,,8,GB,0,0,0,0,0,0,0,0,0,0,0,0,,0,,,0,0,0,0,0,0,,0,21,21,198,2,0,0,120,78,13,15.7726531328226,0,1.65,0.110526315789474,0.107142857142857,0.240789473684211,0,31.8,52.8
2006,REG+POST,00-0020337,,Steve Smith,WR,WR,"https://static.www.nfl.com/image/private/f_auto,q_auto/league/k23e0b8cto93he9rt0zc",14,CAR,0,0,0,0,0,0,0,0,0,0,0,0,,0,,,8,61,1,1,0,3,2.03874525200808,0,83,83,1166,8,0,0,726,440,51,98.4495051685766,0,1.60606060606061,0.293286219081272,0.426556991774383,0.738519222863976,0,176.7,259.7
2006,REG+POST,00-0020342,,Brandon Manumaleuna,TE,TE,,8,LAC,0,0,0,0,0,0,0,0,0,0,0,0,,0,,,1,1,0,0,0,0,-0.425732784089632,0,14,14,91,3,0,0,15,76,6,10.2226417157799,0,6.06666666666667,0.0880503144654088,0.0138504155124654,0.141770762556839,0,27.2,41.2
2006,REG+POST,00-0020376,,Dee Brown,RB,RB,,4,KC,0,0,0,0,0,0,0,0,0,0,0,0,,0,,,10,24,0,0,0,0,-3.63109980783977,0,1,1,5,0,0,0,-2,7,0,-0.372553935507312,0,-2.5,0.0833333333333333,-0.0240963855421687,0.108132530120482,0,2.9,3.9
2006,REG+POST,00-0020381,,Justin McCareins,WR,WR,,11,NYJ,0,0,0,0,0,0,0,0,0,0,0,0,,0,,,0,0,0,0,0,0,,0,25,25,376,1,0,0,277,99,13,25.4733055891266,0,1.35740072202166,0.102459016393443,0.178825048418334,0.278866058482998,0,43.6,68.6
2006,REG+POST,00-0020391,,Jameel Cook,RB,RB,,8,HOU,0,0,0,0,0,0,0,0,0,0,0,0,,0,,,3,18,0,0,0,2,0.757078204536811,0,18,18,107,0,2,2,2,105,5,-4.09962523338618,0,53.5,0.0983606557377049,0.0023391812865497,0.149178410507142,0,8.5,26.5
2006,REG+POST,00-0020397,,Chad Johnson,WR,WR,,16,CIN,0,0,0,0,0,0,0,0,0,0,0,0,,0,,,6,24,0,0,0,0,0.0241149140056223,0,87,87,1370,7,1,1,1032,338,67,104.693375639443,0,1.32751937984496,0.26605504587156,0.39677047289504,0.676821899833868,0,179.4,266.4
2006,REG+POST,00-0020403,,Anthony Thomas,RB,RB,,14,BUF,0,0,0,0,0,0,0,0,0,0,0,0,,0,,,107,378,2,1,1,15,-25.7992932235105,0,22,22,139,0,0,0,15,124,6,3.94281757733552,0,9.26666666666667,0.192982456140351,0.0222882615156018,0.305075467271448,0,61.7,83.7
2006,REG+POST,00-0020405,,Marques Tuiasosopo,QB,QB,,2,LV,6,13,68,1,2,0,0,0,0,105,18,4,-3.33455301998765,0,0.647619047619048,-0.0271637618346997,4,29,0,1,0,2,3.81750515889144,0,0,0,0,0,0,0,0,0,0,,0,,,,,0,5.62,5.62
2006,REG+POST,00-0020407,,Rudi Johnson,RB,RB,,16,CIN,0,0,0,0,0,0,0,0,0,0,0,0,,0,,,341,1308,12,6,2,67,-25.4308617822015,0,23,23,124,0,0,0,12,112,4,3.69716582068941,0,10.3333333333333,0.0759075907590759,0.0058737151248164,0.117972986725985,0,211.2,234.2
2006,REG+POST,00-0020428,,Robert Ferguson,WR,WR,,3,GB,0,0,0,0,0,0,0,0,0,0,0,0,,0,,,0,0,0,0,0,0,,0,5,5,31,1,0,0,31,0,2,5.86317442459456,0,1.0,0.0694444444444445,0.0743405275779377,0.156205035971223,0,9.1,14.1
2006,REG+POST,00-0020434,,Chris Weinke,QB,QB,,3,CAR,56,96,625,2,4,10,55,1,0,831,234,26,-27.79393714379,0,0.752105896510229,-8.86344033528899e-05,4,16,0,1,0,1,0.22070869844174,0,0,0,0,0,0,0,0,0,0,,0,,,,,0,26.6,26.6
2006,REG+POST,00-0020438,,T.J. Houshmandzadeh,WR,WR,,14,CIN,0,0,0,0,0,0,0,0,0,0,0,0,,0,,,3,6,0,0,0,1,-1.44434319552965,0,90,90,1081,9,0,0,745,336,58,95.6030737003458,0,1.4510067114094,0.310344827586207,0.321536469572723,0.690592770080217,0,162.7,252.7
2006,REG+POST,00-0020446,,Chris Chambers,WR,WR,,16,MIA,0,0,0,0,0,0,0,0,0,0,0,0,,0,,,8,95,0,0,0,4,4.48019295657286,0,59,59,677,4,0,0,491,186,36,58.1460348017572,0,1.37881873727088,0.179878048780488,0.249745676500509,0.444639046721088,0,101.2,160.2
2006,REG+POST,00-0020448,,Travis Minor,RB,RB,,4,MIA,0,0,0,0,0,0,0,0,0,0,0,0,,0,,,19,74,0,0,0,3,-3.65920277207985,0,3,3,2,0,0,0,0,2,0,-1.88669023043531,0,0.0,0.111111111111111,,,0,7.6,10.6
2006,REG+POST,00-0020452,,Cedrick Wilson,WR,WR,"https://static.www.nfl.com/image/private/f_auto,q_auto/league/r1vaoqltojlmfodlskwx",14,PIT,1,1,21,0,0,0,0,0,0,21,0,1,1.41075112100225,0,1.0,,2,14,0,1,0,1,-0.0082620275206863,0,37,37,504,1,1,1,393,111,25,41.2056962285451,0,1.2824427480916,0.135531135531136,0.20010183299389,0.343367986392426,0,56.64,93.64
2006,REG+POST,00-0020455,,Eric Johnson,TE,TE,,11,SF,0,0,0,0,0,0,0,0,0,0,0,0,,0,,,0,0,0,0,0,0,,0,34,34,292,2,0,0,157,135,15,14.0155454264328,0,1.85987261146497,0.178947368421053,0.173289183222958,0.38972348088765,0,41.2,75.2
2006,REG+POST,00-0020462,,LaMont Jordan,RB,RB,,9,LV,0,0,0,0,0,0,0,0,0,0,0,0,,0,,,114,434,2,0,0,17,-19.4234577910684,0,10,10,74,0,1,1,-14,88,4,2.14599069330143,0,-5.28571428571429,0.112359550561798,-0.0280561122244489,0.148900047285582,0,60.8,70.8
2006,REG+POST,00-0020471,,Travis Henry,RB,RB,,14,TEN,0,0,0,0,0,0,0,0,0,0,0,0,,0,,,270,1211,7,3,1,48,-21.0909472000659,1,18,18,78,0,0,0,1,77,2,-2.77452501421794,0,78.0,0.119205298013245,0.0010515247108307,0.179544014317449,0,170.9,188.9
2006,REG+POST,00-0020474,,Kevan Barlow,RB,RB,,12,NYJ,0,0,0,0,0,0,0,0,0,0,0,0,,0,,,131,370,6,1,0,19,-19.7187587343778,0,7,7,21,0,0,0,-8,29,1,-1.43258983339183,0,-2.625,0.0853658536585366,-0.021978021978022,0.112664165103189,0,75.1,82.1
2006,REG+POST,00-0020480,,Sage Rosenfels,QB,QB,,3,HOU,27,39,265,3,1,1,5,0,0,302,115,15,8.53340027353261,0,0.877483443708609,0.165389864008521,4,5,0,0,0,0,-0.717275080038235,0,0,0,0,0,0,0,0,0,0,,0,,,,,0,21.1,21.1
2006,REG+POST,00-0020490,,Koren Robinson,WR,WR,,3,GB,0,0,0,0,0,0,0,0,0,0,0,0,,0,,,0,0,0,0,0,0,,0,7,7,89,0,0,0,72,17,6,9.87450793077005,0,1.23611111111111,0.0985915492957746,0.186528497409326,0.27845727213019,0,8.9,15.9
2006,REG+POST,00-0020494,,Santana Moss,WR,WR,,14,WAS,0,0,0,0,0,0,0,0,0,0,0,0,,0,,,7,82,0,1,0,3,3.05490511946846,0,55,55,790,6,1,0,552,238,36,66.8057435412742,1,1.43115942028986,0.228215767634855,0.383067314365024,0.610470771507799,0,125.2,180.2
2006,REG+POST,00-0020498,,Reggie Wayne,WR,WR,,20,IND,0,0,0,0,0,0,0,0,0,0,0,0,,0,,,0,0,0,0,0,0,,0,103,103,1526,11,1,0,1240,286,85,145.004566122577,1,1.23064516129032,0.223913043478261,0.343775991128362,0.576512759007244,0,220.6,323.6
2006,REG+POST,00-0020507,,Heath Evans,FB,RB,,15,NE,0,0,0,0,0,0,0,0,0,0,0,0,,0,,,29,121,0,1,0,9,0.0311719537671258,0,11,11,67,1,0,0,19,48,4,-0.747553048338546,0,3.52631578947368,0.0956521739130435,0.034608378870674,0.167704126079037,0,24.8,35.8
2006,REG+POST,00-0020508,,Moran Norris,RB,RB,,5,SF,0,0,0,0,0,0,0,0,0,0,0,0,,0,,,2,8,0,0,0,1,0.835846194531769,0,5,5,36,2,0,0,-1,37,3,3.92228516109753,0,-36.0,0.0595238095238095,-0.0032679738562091,0.0869981325863679,0,16.4,21.4
2006,REG+POST,00-0020514,,Michael Bennett,RB,RB,,9,KC,0,0,0,0,0,0,0,0,0,0,0,0,,0,,,37,201,0,1,0,8,0.350511160417227,0,10,10,89,0,0,0,4,85,2,6.29019093106035,0,22.25,0.133333333333333,0.0122699386503067,0.208588957055215,0,29.0,39.0
2006,REG+POST,00-0020516,,Todd Heap,TE,TE,,17,BAL,0,0,0,0,0,0,0,0,0,0,0,0,,0,,,0,0,0,0,0,0,,0,76,76,793,6,1,1,543,250,40,58.1803495770914,0,1.46040515653775,0.219653179190751,0.239946973044631,0.497442649917369,0,113.3,189.3
2006,REG+POST,00-0020525,,Rod Gardner,WR,WR,,1,KC,0,0,0,0,0,0,0,0,0,0,0,0,,0,,,0,0,0,0,0,0,,0,2,2,17,0,0,0,8,9,1,1.34548392705619,0,2.125,0.0769230769230769,0.0824742268041237,0.173116574147502,0,1.7,3.7
2006,REG+POST,00-0020527,,Deuce McAllister,RB,RB,,17,NO,0,0,0,0,0,0,0,0,0,0,0,0,,0,,,272,1222,13,3,1,64,5.16207378360284,0,37,37,245,1,1,0,-29,246,11,11.391741160724,0,-8.44827586206897,0.0966057441253264,-0.0116653258246179,0.136742888110757,0,228.7,265.7
2006,REG+POST,00-0020531,D.Brees,Drew Brees,QB,QB,"https://static.www.nfl.com/image/private/f_auto,q_auto/league/i20xlpzdmn7xubotijjd",18,NO,404,636,5021,29,12,24,156,7,3,4492,2367,225,126.244111071685,2,1.11776491540516,0.12179545506171,45,38,0,4,2,5,-23.8984239353716,0,0,0,0,0,0,0,0,0,0,,0,,,,,0,290.64,290.64
2006,REG+POST,00-0020536,,LaDainian Tomlinson,RB,RB,,17,LAC,2,3,20,2,0,0,0,0,0,31,0,2,2.67855839400565,0,0.645161290322581,,372,1938,30,2,1,88,46.214546876753,0,58,58,572,3,0,0,22,550,23,45.3610149456072,0,26.0,0.192691029900332,0.0098610488570147,0.295939279050409,0,455.8,513.8
2006,REG+POST,00-0020550,,Darnell Dinkins,TE,TE,,2,CLE,0,0,0,0,0,0,0,0,0,0,0,0,,0,,,0,0,0,0,0,0,,0,2,2,14,1,0,0,12,2,2,2.29735435062321,0,1.16666666666667,0.0444444444444444,0.0512820512820513,0.102564102564103,0,7.4,9.4
2006,REG+POST,00-0020565,,Cleo Lemon,QB,QB,,4,MIA,38,68,412,2,1,5,24,0,0,654,114,23,-2.43126971406903,0,0.629969418960245,0.057745247447273,3,7,0,0,0,0,-4.45010642689886,0,0,0,0,0,0,0,0,0,0,,0,,,,,0,23.18,23.18
2006,REG+POST,00-0020608,,David Carr,QB,QB,,16,HOU,302,442,2765,11,12,40,237,9,5,2401,1518,141,-46.038332191816,1,1.15160349854227,0.0533338455186435,54,193,2,6,2,16,-7.33018719416577,0,0,0,0,0,0,0,0,0,0,,0,,,,,0,149.9,149.9
2006,REG+POST,00-0020613,,Quinn Gray,QB,QB,,1,JAX,13,22,166,0,0,1,11,0,0,234,40,8,5.35798379278276,0,0.70940170940171,0.19209213413022,2,26,2,0,0,2,5.00685699528549,0,0,0,0,0,0,0,0,0,0,,0,,,,,0,21.24,21.24
2006,REG+POST,00-0020617,,Nate Jackson,WR,WR,,3,DEN,0,0,0,0,0,0,0,0,0,0,0,0,,0,,,0,0,0,0,0,0,,0,5,5,49,0,0,0,26,23,1,2.55482961528469,0,1.88461538461538,0.0980392156862745,0.0730337078651685,0.19818241903503,0,4.9,9.9
2006,REG+POST,00-0020692,,Eddie Drummond,WR,WR,,2,DET,0,0,0,0,0,0,0,0,0,0,0,0,,0,,,1,4,0,0,0,0,-0.211671949597076,0,2,2,10,0,0,0,6,4,1,1.16828285506926,0,1.66666666666667,0.0454545454545455,0.0212765957446809,0.0830754352030948,0,1.4,3.4
2006,REG+POST,00-0020735,,Derrick Lewis,WR,WR,,1,HOU,0,0,0,0,0,0,0,0,0,0,0,0,,0,,,0,0,0,0,0,0,,0,1,1,5,0,0,0,5,0,0,-0.0776964678661898,0,1.0,0.0256410256410256,0.0364963503649635,0.0640089837170129,0,0.5,1.5
2006,REG+POST,00-0020794,,Edell Shepherd,WR,WR,,4,HOU,0,0,0,0,0,0,0,0,0,0,0,0,,0,,,2,5,0,0,0,0,-0.605976752587594,0,3,3,22,0,0,0,17,5,0,1.31899022817379,0,1.29411764705882,0.038961038961039,0.0431472081218274,0.0886446041268376,0,2.7,5.7
2006,REG+POST,00-0020797,,Maurice Hicks,RB,RB,,12,SF,0,0,0,0,0,0,0,0,0,0,0,0,,0,,,29,82,0,0,0,4,-5.91957775974453,0,13,13,137,1,0,0,6,131,6,8.75453239898669,0,22.8333333333333,0.099236641221374,0.0101694915254237,0.155973605899858,0,27.9,40.9
2006,REG+POST,00-0020804,,Corey McIntyre,FB,RB,,1,NO,0,0,0,0,0,0,0,0,0,0,0,0,,0,,,0,0,0,0,0,0,,0,1,1,10,0,0,0,2,8,1,1.77352937555406,0,5.0,0.0384615384615385,0.0135135135135135,0.0671517671517672,0,1.0,2.0
2006,REG+POST,00-0020805,,Jason McKie,RB,RB,,16,CHI,0,0,0,0,0,0,0,0,0,0,0,0,,0,,,8,18,0,0,0,0,-1.73180045967456,0,31,31,178,0,0,0,30,148,7,3.48898825797369,0,5.93333333333333,0.115241635687732,0.015600624024961,0.183782890349071,0,19.6,50.6
2006,REG+POST,00-0020904,,Eric Parker,WR,WR,,16,LAC,0,0,0,0,0,0,0,0,0,0,0,0,,0,,,3,12,0,0,0,1,-0.333625327213667,0,50,50,701,0,0,0,544,157,37,60.4192142007523,0,1.28860294117647,0.171821305841924,0.272818455366098,0.448704877519155,0,71.3,121.3
2006,REG+POST,00-0020964,,Tony Fisher,RB,RB,,6,LA,0,0,0,0,0,0,0,0,0,0,0,0,,0,,,6,9,0,0,0,0,-1.754366075333,0,14,14,159,0,0,0,13,146,5,6.14626176931553,0,12.2307692307692,0.102941176470588,0.012093023255814,0.162876880984952,0,16.8,30.8
2006,REG+POST,00-0020985,,Dwayne Blakley,TE,TE,,3,ATL,0,0,0,0,0,0,0,0,0,0,0,0,,0,,,0,0,0,0,0,0,,0,6,6,76,0,0,0,57,19,4,5.80467155686347,0,1.33333333333333,0.111111111111111,0.152815013404826,0.273637176050045,0,7.6,13.6
2006,REG+POST,00-0021084,,Matt Schobel,TE,TE,,13,PHI,0,0,0,0,0,0,0,0,0,0,0,0,,0,,,0,0,0,0,0,0,,0,16,17,225,2,0,0,110,131,9,14.4950026168372,0,2.04545454545455,0.0643939393939394,0.068407960199005,0.144476481230213,0,34.5,50.5
2006,REG+POST,00-0021100,,Jeb Putzier,TE,TE,,9,HOU,0,0,0,0,0,0,0,0,0,0,0,0,,0,,,0,0,0,0,0,0,,0,13,13,125,0,0,0,52,73,6,11.1116380592575,0,2.40384615384615,0.0730337078651685,0.0667522464698331,0.156277134326636,0,12.5,25.5
2006,REG+POST,00-0021129,,Mike Jennings,WR,WR,,4,NYG,0,0,0,0,0,0,0,0,0,0,0,0,,0,,,2,12,0,0,0,1,-0.257631628774107,0,5,5,49,0,0,0,11,38,2,1.02275896037463,0,4.45454545454545,0.0819672131147541,0.0254041570438799,0.140733729602847,0,6.1,11.1
2006,REG+POST,00-0021141,,Joey Harrington,QB,QB,,11,MIA,223,388,2236,12,15,14,109,2,0,2949,923,113,-42.2974891793544,2,0.758223126483554,0.0135268676297239,19,17,0,1,0,6,-8.64686513349891,0,0,0,0,0,0,0,0,0,0,,0,,,,,0,113.14,113.14
2006,REG+POST,00-0021147,,Donte' Stallworth,WR,WR,,13,PHI,0,0,0,0,0,0,0,0,0,0,0,0,,0,,,0,0,0,0,0,0,,0,44,50,866,7,0,0,680,256,35,74.6921113988792,0,1.27352941176471,0.183823529411765,0.362087326943557,0.529196422978137,0,128.6,172.6
2006,REG+POST,00-0021148,,Jeremy Shockey,TE,TE,,16,NYG,0,0,0,0,0,0,0,0,0,0,0,0,,0,,,0,0,0,0,0,0,,0,69,69,648,7,0,0,445,203,39,61.6048596894972,0,1.4561797752809,0.220447284345048,0.222277722277722,0.486265332111978,0,106.8,175.8
2006,REG+POST,00-0021152,,Ashley Lelie,WR,WR,,13,ATL,0,0,0,0,0,0,0,0,0,0,0,0,,0,,,0,0,0,0,0,0,,0,28,28,430,1,0,0,380,50,21,36.9005209372329,0,1.13157894736842,0.155555555555556,0.263340263340263,0.417671517671518,0,49.0,77.0
2006,REG+POST,00-0021153,,Javon Walker,WR,WR,,16,DEN,0,0,0,0,0,0,0,0,0,0,0,0,,0,,,9,123,1,0,0,4,10.0318109993241,0,69,69,1084,8,0,0,755,329,53,99.4242077614033,0,1.43576158940397,0.26953125,0.428977272727273,0.704580965909091,0,174.7,243.7
2006,REG+POST,00-0021154,,Daniel Graham,TE,TE,,14,NE,0,0,0,0,0,0,0,0,0,0,0,0,,0,,,0,0,0,0,0,0,,0,24,24,287,3,1,1,193,94,15,20.6963145217742,0,1.48704663212435,0.0813559322033898,0.113730111962286,0.201644976678685,0,44.7,68.7
2006,REG+POST,00-0021159,,Jerramy Stevens,TE,TE,,11,SEA,0,0,0,0,0,0,0,0,0,0,0,0,,0,,,0,0,0,0,0,0,,0,29,29,326,6,1,1,245,81,15,29.12593865901,1,1.33061224489796,0.151041666666667,0.157252888318357,0.33663952182285,0,68.6,97.6
2006,REG+POST,00-0021163,,Jabar Gaffney,WR,WR,,10,NE,0,0,0,0,0,0,0,0,0,0,0,0,,0,,,0,0,0,0,0,0,,0,32,32,386,3,0,0,314,72,23,38.2657162207051,0,1.22929936305732,0.136170212765957,0.236623963828184,0.369892093828665,0,56.6,88.6
2006,REG+POST,00-0021164,,DeShaun Foster,RB,RB,,14,CAR,0,0,0,0,0,0,0,0,0,0,0,0,,0,,,227,897,3,3,2,49,-36.1366380158459,0,32,32,159,0,1,0,-12,169,3,-2.56779740517768,0,-13.25,0.119850187265918,-0.0082987551867219,0.173966152268171,0,119.6,151.6
2006,REG+POST,00-0021166,,Josh Reed,WR,WR,,12,BUF,0,0,0,0,0,0,0,0,0,0,0,0,,0,,,4,13,0,0,0,2,0.0578617536230013,0,34,34,410,2,0,0,264,146,21,30.6928808423417,0,1.5530303030303,0.189944134078212,0.230165649520488,0.44603215578166,0,54.3,88.3
2006,REG+POST,00-0021174,,Tim Carter,WR,WR,,12,NYG,0,0,0,0,0,0,0,0,0,0,0,0,,0,,,0,0,0,0,0,0,,0,24,25,267,2,2,1,218,49,14,12.2881069286922,0,1.22477064220184,0.104166666666667,0.140645161290323,0.254701612903226,0,36.7,60.7
2006,REG+POST,00-0021175,,Andre Davis,WR,WR,,2,BUF,0,0,0,0,0,0,0,0,0,0,0,0,,0,,,0,0,0,0,0,0,,0,2,2,13,0,0,0,7,6,0,-0.180314955592621,0,1.85714285714286,0.0487804878048781,0.0384615384615385,0.100093808630394,0,1.3,3.3
2006,REG+POST,00-0021176,,Reche Caldwell,WR,WR,,19,NE,0,0,0,0,0,0,0,0,0,0,0,0,,0,,,1,5,0,0,0,0,0.181674089748412,0,77,77,936,5,1,1,596,340,48,73.5476707832476,1,1.57046979865772,0.193954659949622,0.250947368421053,0.46659514781917,0,124.1,201.1
2006,REG+POST,00-0021179,,Clinton Portis,RB,RB,,8,WAS,0,0,0,0,0,0,0,0,0,0,0,0,,0,,,127,523,7,0,0,29,3.24229182984201,0,17,17,170,0,0,0,-9,179,5,4.25028766606349,0,-18.8888888888889,0.128787878787879,-0.017274472168906,0.181089687663584,0,111.3,128.3
2006,REG+POST,00-0021182,,Maurice Morris,RB,RB,,18,SEA,0,0,0,0,0,0,0,0,0,0,0,0,,0,,,168,627,0,1,1,33,-29.7281190119925,0,11,11,46,0,0,0,2,44,1,-1.3544071331853,0,23.0,0.0658682634730539,0.0018957345971564,0.10012940942759,0,65.3,76.3
2006,REG+POST,00-0021183,,Doug Jolley,TE,TE,,1,TB,0,0,0,0,0,0,0,0,0,0,0,0,,0,,,0,0,0,0,0,0,,0,1,1,7,0,0,0,7,0,0,0.803953691560309,0,1.0,0.0714285714285714,0.0958904109589041,0.17426614481409,0,0.7,1.7
2006,REG+POST,00-0021184,,Ladell Betts,RB,RB,,16,WAS,0,0,0,0,0,0,0,0,0,0,0,0,,0,,,245,1154,4,4,2,59,-13.4974697761659,0,53,53,445,1,2,1,10,435,22,24.5148566032433,0,44.5,0.193430656934307,0.006131207847946,0.294437830895022,0,183.9,236.9
2006,REG+POST,00-0021190,,Antwaan Randle El,RB,RB,,16,WAS,2,3,88,1,0,0,0,0,0,113,4,2,6.29711309308186,0,0.778761061946903,,19,118,0,0,0,4,2.44051218184177,0,32,32,351,3,1,1,260,91,20,31.6982354735627,0,1.35,0.138528138528139,0.187861271676301,0.339295097965618,1,76.42,108.42
2006,REG+POST,00-0021191,,Antonio Bryant,WR,WR,,14,SF,0,0,0,0,0,0,0,0,0,0,0,0,,0,,,0,0,0,0,0,0,,0,41,41,747,3,1,1,567,180,31,54.9639861215013,0,1.31746031746032,0.183035714285714,0.442622950819672,0.584389637002342,0,90.7,131.7
2006,REG+POST,00-0021192,,Deion Branch,WR,WR,,16,SEA,0,0,0,0,0,1,3,0,0,0,0,0,-1.07276281761006,0,,,4,30,0,0,0,1,0.22697884300763,0,61,61,821,4,0,0,620,201,43,64.3822964083811,0,1.3241935483871,0.209621993127148,0.261603375527426,0.49755535255992,0,109.1,170.1
2006,REG+POST,00-0021206,J.McCown,Josh McCown,QB,QB,"https://static.www.nfl.com/image/private/f_auto,q_auto/league/qcauc37wqjdaxdbq1evu",1,DET,0,0,0,0,0,0,0,0,0,0,0,0,,0,,,0,0,0,0,0,0,,0,2,2,15,0,0,0,5,10,0,0.329951611231081,0,3.0,0.0909090909090909,0.0279329608938548,0.155916708989335,0,1.5,3.5
2006,REG+POST,00-0021209,,Lamar Gordon,RB,RB,,1,DET,0,0,0,0,0,0,0,0,0,0,0,0,,0,,,1,2,0,0,0,0,-0.536038129823282,0,0,0,0,0,0,0,0,0,0,,0,,,,,0,0.2,0.2
2006,REG+POST,00-0021212,,Cliff Russell,WR,WR,,2,MIA,0,0,0,0,0,0,0,0,0,0,0,0,,0,,,0,0,0,0,0,0,,0,2,2,14,0,0,0,14,0,0,-0.0550875463814009,0,1.0,0.04,0.0477815699658703,0.0934470989761092,0,1.4,3.4
2006,REG+POST,00-0021213,,Chris Baker,TE,TE,,16,NYJ,0,0,0,0,0,0,0,0,0,0,0,0,,0,,,0,0,0,0,0,0,,0,36,36,368,4,0,0,204,164,22,30.4638038889933,0,1.80392156862745,0.110091743119266,0.1002457002457,0.235309604850889,0,60.8,96.8
2006,REG+POST,00-0021216,,Brian Westbrook,RB,RB,,17,PHI,0,0,0,0,0,0,0,0,0,0,0,0,,0,,,273,1474,10,2,1,72,21.3857099615491,0,82,84,716,4,1,1,77,636,31,35.8547484312221,0,9.2987012987013,0.236619718309859,0.0351437699680511,0.379530216442424,0,299.0,381.0
2006,REG+POST,00-0021227,,Justin Peelle,TE,TE,,11,MIA,0,0,0,0,0,0,0,0,0,0,0,0,,0,,,0,0,0,0,0,0,,0,16,16,116,1,0,0,47,69,5,5.26797919947421,0,2.46808510638298,0.0744186046511628,0.0488565488565489,0.145827491176328,0,17.6,33.6
2006,REG+POST,00-0021231,,David Garrard,QB,QB,,10,JAX,145,241,1735,10,9,20,119,2,1,2286,769,81,-18.1416143013863,0,0.758967629046369,0.0611078441777453,47,250,0,2,1,20,9.48942664056085,0,0,0,0,0,0,0,0,0,0,,0,,,,,0,112.4,112.4
2006,REG+POST,00-0021236,,Randy McMichael,TE,TE,,16,MIA,0,0,0,0,0,0,0,0,0,0,0,0,,0,,,0,0,0,0,0,0,,0,62,62,640,3,0,0,360,267,35,49.3131853269859,0,1.77777777777778,0.181286549707602,0.178306092124814,0.396744089048773,0,82.0,144.0
2006,REG+POST,00-0021250,,Rocky Boiman,LB,LB,,1,IND,0,0,0,0,0,0,0,0,0,0,0,0,,0,,,0,0,0,0,0,0,,0,1,1,-16,0,0,0,-14,-2,0,-4.01461080578156,0,0.0,0.032258064516129,-0.108527131782946,-0.0275818954738685,0,-1.6,-0.6
2006,REG+POST,00-0021252,,Najeh Davenport,RB,RB,,13,PIT,0,0,0,0,0,0,0,0,0,0,0,0,,0,,,60,221,1,1,0,9,-9.33634157595244,0,15,15,193,1,0,0,24,169,9,17.4418994553271,0,8.04166666666667,0.0949367088607595,0.025531914893617,0.160277403716671,0,53.4,68.4
2006,REG+POST,00-0021255,,John Owens,TE,TE,,3,NO,0,0,0,0,0,0,0,0,0,0,0,0,,0,,,0,0,0,0,0,0,,0,5,5,65,0,0,0,39,26,2,4.465002014942,0,1.66666666666667,0.0757575757575758,0.109243697478992,0.190106951871658,0,6.5,11.5
2006,REG+POST,00-0021260,,Kyle Johnson,RB,RB,,6,DEN,0,0,0,0,0,0,0,0,0,0,0,0,,0,,,5,30,0,0,0,1,0.223285601561656,0,7,7,37,1,0,0,12,25,2,3.10692820313852,0,3.08333333333333,0.0736842105263158,0.0404040404040404,0.138809144072302,0,12.7,19.7
2006,REG+POST,00-0021273,,Robert Royal,TE,TE,,14,BUF,0,0,0,0,0,0,0,0,0,0,0,0,,0,,,1,-9,0,0,0,0,-1.97736771125346,0,23,23,233,3,0,0,139,94,13,18.4426701900084,0,1.67625899280576,0.0934959349593496,0.0841913991520291,0.199177881845445,0,40.4,63.4
2006,REG+POST,00-0021279,,Verron Haynes,FB,RB,,7,PIT,0,0,0,0,0,0,0,0,0,0,0,0,,0,,,15,78,0,1,1,4,-4.90672238345724,0,18,18,95,0,0,0,15,80,4,-5.55549820471116,0,6.33333333333333,0.148760330578512,0.0232558139534884,0.23941956563521,0,15.3,33.3
2006,REG+POST,00-0021304,,John Gilmore,TE,TE,,5,CHI,0,0,0,0,0,0,0,0,0,0,0,0,,0,,,0,0,0,0,0,0,,0,7,7,41,2,0,0,15,26,3,3.58763308799826,0,2.73333333333333,0.0736842105263158,0.0204359673024523,0.12483149290119,0,16.1,23.1
2006,REG+POST,00-0021306,,Adrian Peterson,RB,RB,,7,CHI,0,0,0,0,0,0,0,0,0,0,0,0,,0,,,10,41,2,0,0,5,3.5029693920642,0,6,6,88,0,1,0,6,56,2,8.09682669816539,0,14.6666666666667,0.072289156626506,0.0158730158730159,0.11954484605087,0,24.9,30.9
2006,REG+POST,00-0021314,,Chester Taylor,RB,RB,,15,MIN,0,0,0,0,0,0,0,0,0,0,0,0,,0,,,304,1214,6,4,3,53,-44.678837446594,0,42,42,288,0,1,0,3,285,16,14.0495560637792,0,96.0,0.156716417910448,0.0023400936037441,0.236712692388293,0,180.2,222.2
2006,REG+POST,00-0021317,,Bryan Fletcher,TE,TE,,13,IND,0,0,0,0,0,0,0,0,0,0,0,0,,0,,,0,0,0,0,0,0,,0,22,22,239,2,1,1,162,77,13,13.6307930242043,0,1.47530864197531,0.0694006309148265,0.0696774193548387,0.152875139920627,0,33.9,55.9
2006,REG+POST,00-0021337,,Ronald Curry,WR,WR,,15,LV,0,2,0,0,1,0,0,0,0,81,0,0,-2.56692630576436,0,0.0,,1,4,0,0,0,0,-0.12096002837643,0,62,62,727,1,0,0,505,199,40,64.1988898151705,0,1.43960396039604,0.248,0.294117647058824,0.577882352941177,0,77.1,139.1
2006,REG+POST,00-0021353,,David Givens,WR,WR,,4,TEN,0,0,0,0,0,0,0,0,0,0,0,0,,0,,,1,3,0,0,0,0,-0.158656976884231,0,8,8,104,0,0,0,71,33,5,8.82774189933458,0,1.46478873239437,0.121212121212121,0.125441696113074,0.269627369097334,0,10.7,18.7
2006,REG+POST,00-0021357,,Rock Cartwright,RB,RB,,2,WAS,0,0,0,0,0,0,0,0,0,0,0,0,,0,,,5,15,0,1,1,0,-4.70562154595973,0,0,0,0,0,0,0,0,0,0,,0,,,,,1,5.5,5.5
2006,REG+POST,00-0021371,,Darian Barnes,FB,RB,,2,MIA,0,0,0,0,0,0,0,0,0,0,0,0,,0,,,0,0,0,0,0,0,,0,3,3,22,0,0,0,8,14,1,0.407072270976449,0,2.75,0.075,0.0377358490566038,0.138915094339623,0,2.2,5.2
2006,REG+POST,00-0021376,,T.J. Duckett,RB,RB,,9,WAS,0,0,0,0,0,0,0,0,0,0,0,0,,0,,,38,132,2,1,0,9,-4.58737252771971,0,2,2,16,0,0,0,2,14,1,0.450445138500072,0,8.0,0.0689655172413793,0.0126582278481013,0.11230903535574,0,26.8,28.8
2006,REG+POST,00-0021379,,Patrick Ramsey,QB,QB,,2,NYJ,1,2,-1,0,0,0,0,0,0,29,1,0,-1.5948798453901,0,-0.0344827586206897,,0,0,0,0,0,0,,0,0,0,0,0,0,0,0,0,0,,0,,,,,0,-0.04,-0.04
2006,REG+POST,00-0021403,,Chad Mustard,TE,TE,,1,DEN,0,0,0,0,0,0,0,0,0,0,0,0,,0,,,0,0,0,0,0,0,,0,2,2,23,0,0,0,14,9,1,2.33271631179377,0,1.64285714285714,0.08,0.115702479338843,0.20099173553719,0,2.3,4.3
2006,REG+POST,00-0021429,C.Palmer,Carson Palmer,QB,QB,"https://static.www.nfl.com/image/private/f_auto,q_auto/league/belgna3tokxga0gjjmwk",16,CIN,324,520,4036,28,13,36,231,13,7,5067,1433,200,62.1893623108269,0,0.796526544306296,0.129105878120562,26,35,0,2,0,6,-1.7346630588314,0,0,0,0,0,0,0,0,0,0,,0,,,,,0,236.94,236.94
2006,REG+POST,00-0021460,,Cortez Hankton,WR,WR,,3,JAX,0,0,0,0,0,0,0,0,0,0,0,0,,0,,,0,0,0,0,0,0,,0,5,5,48,0,0,0,48,0,4,2.57501210900955,0,1.0,0.119047619047619,0.2152466367713,0.329244074311339,0,4.8,9.8
2006,REG+POST,00-0021488,,Mat McBriar,P,SPEC,,1,DAL,0,0,0,0,0,0,0,0,0,0,0,0,,0,,,1,0,0,1,1,0,-4.18122637982015,0,0,0,0,0,0,0,0,0,0,,0,,,,,0,-2.0,-2.0
2006,REG+POST,00-0021508,,Greg Lewis,WR,WR,,13,PHI,0,0,0,0,0,0,0,0,0,0,0,0,,0,,,0,0,0,0,0,0,,0,24,24,348,2,1,1,254,94,20,32.33579064404,0,1.37007874015748,0.0875912408759124,0.134962805526036,0.225860825182094,0,44.8,68.8
2006,REG+POST,00-0021509,,Reno Mahe,RB,RB,,3,PHI,0,0,0,0,0,0,0,0,0,0,0,0,,0,,,4,18,0,0,0,0,-0.874891004583333,0,5,5,23,0,1,1,9,14,1,-4.68997041281546,0,2.55555555555556,0.125,0.0257879656160458,0.205551575931232,0,2.1,7.1
2006,REG+POST,00-0021525,,Casey Fitzsimmons,TE,TE,,3,DET,0,0,0,0,0,0,0,0,0,0,0,0,,0,,,0,0,0,0,0,0,,0,7,7,71,0,0,0,19,52,3,4.59862394136144,0,3.73684210526316,0.111111111111111,0.0455635491606715,0.198561151079137,0,7.1,14.1
2006,REG+POST,00-0021547,A.Gates,Antonio Gates,TE,TE,"https://static.www.nfl.com/image/private/f_auto,q_auto/league/kndulvysinvn4tpvt0bc",17,LAC,0,0,0,0,0,0,0,0,0,0,0,0,,0,,,0,0,0,0,0,0,,0,77,77,985,9,0,0,698,287,52,96.5116539504411,0,1.41117478510029,0.255813953488372,0.322104291647439,0.609193934385765,0,152.5,229.5
2006,REG+POST,00-0021629,,James Adkisson,WR,WR,,1,LV,0,0,0,0,0,0,0,0,0,0,0,0,,0,,,0,0,0,0,0,0,,0,1,1,9,0,0,0,9,0,0,-0.146375000709668,0,1.0,0.0555555555555556,0.0687022900763359,0.131424936386768,0,0.9,1.9
2006,REG+POST,00-0021673,,ReShard Lee,RB,RB,,12,LV,0,0,0,0,0,0,0,0,0,0,0,0,,0,,,21,72,2,1,1,6,-12.3400313965976,0,20,20,138,0,0,0,29,109,8,6.18908437863393,0,4.75862068965517,0.117647058823529,0.0278578290105668,0.195971068542691,0,31.0,51.0
2006,REG+POST,00-0021678,,Tony Romo,QB,QB,"https://static.www.nfl.com/image/private/f_auto,q_auto/league/rdgaxf7djip2ovlkeqjk",14,DAL,237,366,3092,20,13,23,145,7,3,3667,1068,151,87.4766386366319,1,0.843196073084265,0.164040385702823,35,102,0,4,0,9,-10.1972647249349,1,0,0,0,0,0,0,0,0,0,,0,,,,,0,185.88,185.88
2006,REG+POST,00-0021750,,Arlen Harris,RB,RB,,7,DET,0,0,0,0,0,0,0,0,0,0,0,0,,0,,,49,158,1,0,0,8,-9.27478876517138,0,18,18,132,0,0,0,39,93,4,4.54176974119773,0,3.38461538461538,0.130434782608696,0.0386521308225966,0.222708665488861,0,35.0,53.0
2006,REG+POST,00-0021755,,Earnest Graham,RB,RB,,4,TB,0,0,0,0,0,0,0,0,0,0,0,0,,0,,,11,59,0,0,0,3,0.169882035639603,0,1,1,4,0,0,0,4,0,0,-0.0837651542387903,0,1.0,0.1,0.0666666666666667,0.196666666666667,0,6.3,7.3
2006,REG+POST,00-0021756,,Will Heller,TE,TE,,3,SEA,0,0,0,0,0,0,0,0,0,0,0,0,,0,,,0,0,0,0,0,0,,0,7,7,52,1,0,0,35,17,2,5.18099749996327,0,1.48571428571429,0.120689655172414,0.0760869565217391,0.234295352323838,0,11.2,18.2
2006,REG+POST,00-0021780,,Aaron Moorehead,WR,WR,,6,IND,0,0,0,0,0,0,0,0,0,0,0,0,,0,,,0,0,0,0,0,0,,0,13,13,123,1,0,0,113,10,8,9.56509595317766,0,1.08849557522124,0.0833333333333333,0.101163831692032,0.195814682184423,0,18.3,31.3
2006,REG+POST,00-0021813,,Gabe Reid,TE,TE,,3,CHI,0,0,0,0,0,0,0,0,0,0,0,0,,0,,,0,0,0,0,0,0,,0,5,5,42,0,0,0,15,27,2,2.25975275001838,0,2.8,0.078125,0.0323974082073434,0.13986568574514,0,4.2,9.2
2006,REG+POST,00-0021845,,Cecil Sapp,RB,RB,,9,DEN,0,0,0,0,0,0,0,0,0,0,0,0,,0,,,10,80,0,0,0,4,4.09163812652696,0,8,8,34,0,0,0,9,25,1,-0.135027638578322,0,3.77777777777778,0.0727272727272727,0.0122282608695652,0.117650691699605,0,11.4,19.4
2006,REG+POST,00-0021886,,Walter Young,WR,WR,,1,PIT,0,0,0,0,0,0,0,0,0,0,0,0,,0,,,0,0,0,0,0,0,,0,1,1,17,0,0,0,12,5,1,2.22436515218578,0,1.41666666666667,0.0909090909090909,0.0769230769230769,0.19020979020979,0,1.7,2.7
2006,REG+POST,00-0021927,,David Tyree,WR,WR,,8,NYG,0,0,0,0,0,0,0,0,0,0,0,0,,0,,,0,0,0,0,0,0,,0,19,19,197,2,0,0,150,47,10,18.6887225994724,0,1.31333333333333,0.121794871794872,0.173210161662818,0.30393942085628,0,31.7,50.7
2006,REG+POST,00-0021929,,Donald Lee,TE,TE,,8,GB,0,0,0,0,0,0,0,0,0,0,0,0,,0,,,0,0,0,0,0,0,,0,10,10,150,0,0,0,85,65,8,10.8910620100796,0,1.76470588235294,0.0598802395209581,0.0848303393213573,0.149201596806387,0,15.0,25.0
2006,REG+POST,00-0021931,,Kevin Walter,WR,WR,,11,HOU,0,0,0,0,0,0,0,0,0,0,0,0,,0,,,1,3,0,0,0,1,1.91544716106728,0,17,17,160,0,1,0,106,54,12,16.8848853716045,0,1.50943396226415,0.069672131147541,0.0959276018099548,0.17165751798828,0,16.3,33.3
2006,REG+POST,00-0021936,,Andrew Pinnock,RB,RB,,3,LAC,0,0,0,0,0,0,0,0,0,0,0,0,,0,,,4,25,0,0,0,1,0.0532210591481999,0,0,0,0,0,0,0,0,0,0,,0,,,,,0,2.5,2.5
2006,REG+POST,00-0021955,,Dan Klecko,RB,RB,,2,IND,0,0,0,0,0,0,0,0,0,0,0,0,,0,,,0,0,0,0,0,0,,0,2,2,3,2,0,0,1,2,2,1.69409451028332,0,3.0,0.0408163265306122,0.0024038461538461,0.0629071821036107,0,12.3,14.3
2006,REG+POST,00-0021973,,David Kircus,WR,WR,,7,DEN,0,0,0,0,0,0,0,0,0,0,0,0,,0,,,0,0,0,0,0,0,,0,9,9,187,0,0,0,131,56,9,15.2375933528529,0,1.42748091603053,0.0737704918032787,0.15688622754491,0.220476096986355,0,18.7,27.7
2006,REG+POST,00-0021976,,Larry Johnson,RB,RB,,17,KC,0,1,0,0,0,0,0,0,0,12,0,0,-0.412712384073529,0,0.0,,429,1821,17,2,2,93,0.0131863960546701,0,46,46,439,2,0,0,1,438,22,23.2183733516946,0,439.0,0.180392156862745,0.000738552437223,0.271105222000174,0,336.0,382.0
2006,REG+POST,00-0021980,,George Wrighster,TE,TE,,15,JAX,0,0,0,0,0,0,0,0,0,0,0,0,,0,,,0,0,0,0,0,0,,0,39,39,353,3,0,0,225,128,21,29.7864141623273,0,1.56888888888889,0.150579150579151,0.142135186355022,0.325363356317241,0,53.3,92.3
2006,REG+POST,00-0021981,,Shaun McDonald,WR,WR,,9,LA,0,0,0,0,0,0,0,0,0,0,0,0,,0,,,0,0,0,0,0,0,,0,13,13,136,1,1,1,101,35,6,5.71017783636335,0,1.34653465346535,0.0607476635514019,0.0734011627906977,0.142502309280591,0,17.6,30.6
2006,REG+POST,00-0021982,,Justin Gage,WR,WR,,2,CHI,0,0,0,0,0,0,0,0,0,0,0,0,,0,,,0,0,0,0,0,0,,0,4,4,68,0,1,1,49,19,2,-2.76816116791451,0,1.38775510204082,0.108108108108108,0.25,0.337162162162162,0,4.8,8.8
2006,REG+POST,00-0021993,,Bethel Johnson,WR,WR,,8,MIN,0,0,0,0,0,0,0,0,0,0,0,0,,0,,,4,8,0,0,0,0,-1.44040340604261,0,9,9,156,0,0,0,99,57,6,11.8613234586082,0,1.57575757575758,0.0737704918032787,0.198,0.249255737704918,0,16.4,25.4
2006,REG+POST,00-0021999,,Nate Burleson,WR,WR,,13,SEA,0,0,0,0,0,0,0,0,0,0,0,0,,0,,,0,0,0,0,0,0,,0,19,19,208,3,0,0,166,42,10,18.7620939393528,0,1.25301204819277,0.0863636363636364,0.10553083280356,0.203417037507947,1,44.8,63.8
2006,REG+POST,00-0022001,,Kevin Curtis,WR,WR,,13,LA,0,0,0,0,0,0,0,0,0,0,0,0,,0,,,4,4,0,0,0,1,-1.76059361244552,0,39,39,469,4,0,0,356,113,26,45.1523996643461,0,1.31741573033708,0.120743034055728,0.158292574477546,0.291919353217873,0,71.3,110.3
2006,REG+POST,00-0022003,,B.J. Askew,FB,RB,,9,NYJ,0,0,0,0,0,0,0,0,0,0,0,0,,0,,,6,11,0,0,0,1,-4.09192928636912,0,11,11,72,0,0,0,3,69,4,1.76261710451217,0,24.0,0.0964912280701754,0.0099667774086378,0.15171358629131,0,8.3,19.3
2006,REG+POST,00-0022005,,Chris Simms,QB,QB,,3,TB,58,106,585,1,7,4,32,0,0,713,227,28,-44.148639560358,0,0.820476858345021,-0.0106427490577408,4,7,1,0,0,1,2.62521052593365,0,0,0,0,0,0,0,0,0,0,,0,,,,,0,20.1,20.1
2006,REG+POST,00-0022006,,Artose Pinner,RB,RB,,8,MIN,0,0,0,0,0,0,0,0,0,0,0,0,,0,,,42,192,3,1,1,11,4.58437096345006,0,2,2,15,0,0,0,4,11,0,0.947089064633474,0,3.75,0.142857142857143,0.0634920634920635,0.258730158730159,0,36.7,38.7
2006,REG+POST,00-0022011,,Justin Griffith,RB,RB,,13,ATL,0,0,0,0,0,0,0,0,0,0,0,0,,0,,,19,106,1,2,1,2,1.89595417352393,0,23,23,168,3,1,0,26,142,12,10.2150542574139,0,6.46153846153846,0.127777777777778,0.0261044176706827,0.209939759036145,0,49.4,72.4
2006,REG+POST,00-0022017,,Mike Scifres,P,SPEC,,1,LAC,0,1,0,0,0,0,0,0,0,0,0,0,-1.73947667237371,0,,,1,-7,0,0,0,0,-0.269950371002778,0,0,0,0,0,0,0,0,0,0,,0,,,,,0,-0.7,-0.7
2006,REG+POST,00-0022026,,Brooks Bollinger,QB,QB,,2,MIN,13,18,146,0,1,6,42,0,0,112,102,7,-10.5053327823989,0,1.30357142857143,0.093849853317618,0,0,0,0,0,0,,0,0,0,0,0,0,0,0,0,0,,0,,,,,0,3.84,3.84
2006,REG+POST,00-0022039,,Ken Dorsey,QB,QB,,1,CLE,0,1,0,0,0,1,7,0,0,-9,0,0,-3.23537545104045,0,0.0,,0,0,0,0,0,0,,0,0,0,0,0,0,0,0,0,0,,0,,,,,0,0.0,0.0
2006,REG+POST,00-0022044,,Andre Johnson,WR,WR,,16,HOU,0,0,0,0,0,0,0,0,0,0,0,0,,0,,,3,14,0,0,0,1,-0.458237478933941,0,103,103,1147,5,1,0,721,426,55,90.1682036300442,0,1.59084604715673,0.31306990881459,0.516105941302792,0.830879022133839,0,146.1,249.1
2006,REG+POST,00-0022045,T.Newman,Terence Newman,CB,DB,"https://static.www.nfl.com/image/private/f_auto,q_auto/league/aphgunfzg6ptehfuk8j1",1,DAL,0,0,0,0,0,0,0,0,0,0,0,0,,0,,,0,0,0,0,0,0,,0,0,0,0,0,0,0,0,0,0,,0,,,,,1,6.0,6.0
2006,REG+POST,00-0022054,,Visanthe Shiancoe,TE,TE,,10,NYG,0,0,0,0,0,0,0,0,0,0,0,0,,0,,,0,0,0,0,0,0,,0,13,13,85,0,1,1,53,32,4,0.600436134380288,0,1.60377358490566,0.0610328638497653,0.0394345238095238,0.119153462441315,0,6.5,19.5
2006,REG+POST,00-0022055,,Seneca Wallace,QB,QB,,7,SEA,82,141,927,8,7,13,80,3,3,1322,285,42,-23.8981870963293,0,0.701210287443268,0.0380639378773172,13,119,0,2,0,5,7.57164603419369,0,1,1,6,0,0,0,4,2,0,0.35028000921011,0,1.5,0.0555555555555556,0.025,0.100833333333333,0,61.58,62.58
2006,REG+POST,00-0022057,,LaBrandon Toefield,RB,RB,,3,JAX,0,0,0,0,0,0,0,0,0,0,0,0,,0,,,10,22,0,0,0,1,-4.19890331219112,0,0,0,0,0,0,0,0,0,0,,0,,,,,0,2.2,2.2
2006,REG+POST,00-0022060,,Aaron Walker,TE,TE,,5,LA,0,0,0,0,0,0,0,0,0,0,0,0,,0,,,0,0,0,0,0,0,,0,5,5,68,0,0,0,34,34,4,5.25708780647256,0,2.0,0.0454545454545455,0.0436456996148909,0.0987338079122418,0,6.8,11.8
2006,REG+POST,00-0022064,,Arnaz Battle,WR,WR,,16,SF,0,1,0,0,0,0,0,0,0,38,0,0,-0.549801078857854,0,0.0,,4,28,0,0,0,2,0.25497519824421,0,60,60,683,3,1,1,449,234,36,55.3930175905474,0,1.52115812917595,0.231660231660232,0.301140174379611,0.558288469556075,0,87.1,147.1
2006,REG+POST,00-0022084,,Anquan Boldin,WR,WR,"https://static.www.nfl.com/image/private/f_auto,q_auto/league/ajabgwxbliupgkwjbnut",16,ARI,0,0,0,0,0,0,0,0,0,0,0,0,,0,,,5,28,0,1,0,2,1.03834143777071,0,83,83,1203,4,0,0,676,506,53,102.853858352562,0,1.77958579881657,0.258566978193146,0.291882556131261,0.592168256581602,0,147.1,230.1
2006,REG+POST,00-0022092,,Chris Brown,RB,RB,,5,TEN,0,0,0,0,0,0,0,0,0,0,0,0,,0,,,41,156,0,1,0,8,-5.3587851106422,0,2,2,4,0,0,0,4,0,0,-1.97723568906076,0,1.0,0.0606060606060606,0.027027027027027,0.10982800982801,0,16.0,18.0
2006,REG+POST,00-0022093,,Justin Fargas,RB,RB,,16,LV,0,0,0,0,0,0,0,0,0,0,0,0,,0,,,178,659,1,1,0,27,-19.4003999966481,0,13,13,91,0,0,0,6,85,3,3.3363688075915,0,15.1666666666667,0.0710382513661202,0.0058881256133464,0.110679064978523,0,81.0,94.0
2006,REG+POST,00-0022097,,Brandon Lloyd,WR,WR,,12,WAS,0,0,0,0,0,0,0,0,0,0,0,0,,0,,,0,0,0,0,0,0,,0,23,23,365,0,1,1,306,59,15,23.069701120432,0,1.19281045751634,0.10952380952381,0.256496227996647,0.343833073883367,0,34.5,57.5
2006,REG+POST,00-0022100,,Donnie Nickey,FS,DB,,1,TEN,0,0,0,0,0,0,0,0,0,0,0,0,,0,,,1,0,0,1,0,0,-2.74913446907885,0,0,0,0,0,0,0,0,0,0,,0,,,,,0,0.0,0.0
2006,REG+POST,00-0022102,,Doug Gabriel,WR,WR,,11,LV,0,0,0,0,0,0,0,0,0,0,0,0,,0,,,0,0,0,0,0,0,,0,30,30,428,3,1,1,260,168,18,35.8976637316519,0,1.64615384615385,0.120967741935484,0.184135977337111,0.310346797039203,0,58.8,88.8
2006,REG+POST,00-0022121,,Rex Grossman,QB,QB,,19,CHI,314,572,3788,26,23,25,184,6,4,5106,1471,174,-56.0199463882008,0,0.741872307089698,0.0146110922683531,28,-1,0,5,3,4,-13.4229802598129,0,1,1,-4,0,0,0,-13,9,0,-1.08079964085482,0,0.0,0.0526315789473684,-0.0738636363636364,0.0272428229665072,0,195.02,196.02
2006,REG+POST,00-0022124,,Taylor Jacobs,WR,WR,,3,SF,0,0,0,0,0,0,0,0,0,0,0,0,,0,,,0,0,0,0,0,0,,0,4,4,29,0,0,0,25,4,2,3.61260916187894,0,1.16,0.0851063829787234,0.0865051903114187,0.188213207686078,0,2.9,6.9
2006,REG+POST,00-0022126,,L.J. Smith,TE,TE,,16,PHI,0,0,0,0,0,0,0,0,0,0,0,0,,0,,,0,0,0,0,0,0,,0,53,58,642,5,0,0,334,318,31,40.8715853009764,1,1.92215568862275,0.176829268292683,0.155929038281979,0.37439422923641,0,96.2,149.2
2006,REG+POST,00-0022127,J.Witten,Jason Witten,TE,TE,"https://static.www.nfl.com/image/private/f_auto,q_auto/league/r7uafhtwuexuaty0nhsc",17,DAL,0,0,0,0,0,0,0,0,0,0,0,0,,0,,,0,0,0,0,0,0,,0,67,67,811,1,1,1,561,250,38,61.7028136181648,0,1.44563279857398,0.204892966360856,0.205494505494505,0.451185603387438,0,85.1,152.1
2006,REG+POST,00-0022130,,Musa Smith,RB,RB,,12,BAL,0,0,0,0,0,0,0,0,0,0,0,0,,0,,,36,153,0,1,1,7,-11.7162325185601,0,22,22,135,0,0,0,8,127,6,-3.12444697428582,0,16.875,0.0960698689956332,0.0060882800608828,0.148366599536068,0,26.8,48.8
2006,REG+POST,00-0022135,,Billy McMullen,WR,WR,,12,MIN,0,0,0,0,0,0,0,0,0,0,0,0,,0,,,0,0,0,0,0,0,,0,23,23,307,2,0,0,209,98,14,19.3606533391867,0,1.4688995215311,0.0923694779116466,0.14544189283229,0.240363541850073,0,42.7,65.7
2006,REG+POST,00-0022141,,Jeremi Johnson,FB,RB,,10,CIN,0,0,0,0,0,0,0,0,0,0,0,0,,0,,,15,56,1,0,0,3,-0.552463124331553,0,6,6,37,0,0,0,3,34,1,3.13002239403431,0,12.3333333333333,0.0759493670886076,0.007537688442211,0.119200432542459,0,15.3,21.3
2006,REG+POST,00-0022143,,Ovie Mughelli,FB,RB,,10,BAL,0,0,0,0,0,0,0,0,0,0,0,0,,0,,,14,56,0,0,0,6,1.18216727991239,0,23,23,193,2,1,1,43,150,7,7.25937270565191,0,4.48837209302326,0.105990783410138,0.0296347346657478,0.179730489381231,0,34.9,57.9
2006,REG+POST,00-0022144,,Bobby Wade,WR,WR,,13,TEN,0,0,0,0,0,0,0,0,0,0,0,0,,0,,,0,0,0,0,0,0,,0,33,33,461,2,0,0,302,159,22,33.314039299932,0,1.52649006622517,0.175531914893617,0.217422606191505,0.415493696674479,0,58.1,91.1
2006,REG+POST,00-0022156,,Bryant Johnson,WR,WR,,15,ARI,0,0,0,0,0,0,0,0,0,0,0,0,,0,,,1,-3,0,0,0,0,-1.0851029047044,0,40,40,740,4,0,0,520,220,30,57.6734135690786,0,1.42307692307692,0.131147540983607,0.236363636363636,0.362175856929955,0,97.7,137.7
2006,REG+POST,00-0022164,,Kyle Boller,QB,QB,,4,BAL,33,55,485,5,2,3,16,0,0,595,196,20,13.8440930348006,0,0.815126050420168,0.0964124650572133,22,34,0,3,1,3,-7.75924464174736,0,0,0,0,0,0,0,0,0,0,,0,,,,,0,36.8,36.8
2006,REG+POST,00-0022165,,Dallas Clark,TE,TE,,16,IND,0,0,0,0,0,0,0,0,0,0,0,0,,0,,,1,1,0,0,0,0,-0.771054986631498,0,51,51,684,4,0,0,479,205,38,63.4077807689161,0,1.42797494780793,0.14010989010989,0.17273710782546,0.331080810642657,0,92.5,143.5
2006,REG+POST,00-0022171,,Kelley Washington,WR,WR,,3,CIN,0,0,0,0,0,0,0,0,0,0,0,0,,0,,,0,0,0,0,0,0,,0,9,9,115,1,0,0,63,52,7,9.7355948110926,0,1.82539682539683,0.157894736842105,0.15035799522673,0.342092701921869,0,17.5,26.5
2006,REG+POST,00-0022177,,Byron Leftwich,QB,QB,,6,JAX,109,184,1158,7,5,9,48,0,0,1316,615,58,2.38996772832266,0,0.879939209726444,0.052277638117189,25,41,2,2,0,5,-5.92507056479749,0,0,0,0,0,0,0,0,0,0,,0,,,,,0,80.42,80.42
2006,REG+POST,00-0022178,,Willis McGahee,RB,RB,,14,BUF,0,0,0,0,0,0,0,0,0,0,0,0,,0,,,259,990,6,4,2,48,-25.9511884646744,0,18,18,156,0,0,0,-48,204,4,4.23829550942173,0,-3.25,0.0983606557377049,-0.043517679057117,0.117078608266576,0,146.6,164.6
2006,REG+POST,00-0022180,,Lee Suggs,RB,RB,,3,MIA,0,0,0,0,0,0,0,0,0,0,0,0,,0,,,6,26,0,0,0,0,-0.105190761387348,0,0,0,0,0,0,0,0,0,0,,0,,,,,0,2.6,2.6
2006,REG+POST,00-0022217,,Mewelde Moore,RB,RB,,16,MIN,1,1,15,1,0,0,0,0,0,15,0,1,3.87029864918441,0,1.0,,24,131,0,0,0,3,1.58322832018056,0,46,46,468,1,0,0,27,441,15,11.8950567897773,0,17.3333333333333,0.15916955017301,0.0193548387096774,0.25230271235629,1,76.5,122.5
2006,REG+POST,00-0022228,,Rich Alexis,RB,RB,,1,JAX,0,0,0,0,0,0,0,0,0,0,0,0,,0,,,3,5,0,0,0,0,-1.45177845133003,0,0,0,0,0,0,0,0,0,0,,0,,,,,0,0.5,0.5
2006,REG+POST,00-0022250,,Willie Parker,RB,RB,,16,PIT,0,0,0,0,0,0,0,0,0,0,0,0,,0,,,337,1494,13,6,4,70,-16.614063619445,0,31,31,222,3,1,1,-34,256,12,10.1515644846077,0,-6.52941176470588,0.126530612244898,-0.0212632895559725,0.174911615678166,0,257.6,288.6
2006,REG+POST,00-0022288,,Jason Wright,RB,RB,,8,CLE,0,0,0,0,0,0,0,0,0,0,0,0,,0,,,62,189,0,1,1,8,-21.5675291153918,0,6,6,82,0,0,0,-5,87,2,6.30429827157059,0,-16.4,0.0588235294117647,-0.0119617224880383,0.0798620883760203,0,25.1,31.1
2006,REG+POST,00-0022307,,Jamal Jones,WR,WR,,4,NO,0,0,0,0,0,0,0,0,0,0,0,0,,0,,,0,0,0,0,0,0,,0,6,6,108,1,0,0,72,36,3,9.60926273505902,0,1.5,0.0666666666666667,0.172661870503597,0.220863309352518,0,16.8,22.8
2006,REG+POST,00-0022308,,Kelvin Kight,WR,WR,,2,NE,0,0,0,0,0,0,0,0,0,0,0,0,,0,,,1,8,0,0,0,0,0.648785800323822,0,1,1,9,0,0,0,6,3,0,0.788318214472383,0,1.5,0.0357142857142857,0.0458015267175573,0.0856324972737186,0,1.7,2.7
2006,REG+POST,00-0022388,,Terrance Copper,WR,WR,,11,NO,0,0,0,0,0,0,0,0,0,0,0,0,,0,,,1,8,0,0,0,1,0.891231138783041,0,27,27,417,3,2,2,298,119,20,30.1383369551331,0,1.3993288590604,0.0992647058823529,0.145792563600783,0.250951853344077,0,56.5,83.5
2006,REG+POST,00-0022397,,Vonta Leach,FB,RB,,3,HOU,0,0,0,0,0,0,0,0,0,0,0,0,,0,,,0,0,0,0,0,0,,0,6,6,61,1,0,0,18,43,5,6.70833064621547,0,3.38888888888889,0.142857142857143,0.133333333333333,0.307619047619048,0,12.1,18.1
2006,REG+POST,00-0022405,,Lousaka Polite,FB,RB,,2,DAL,0,0,0,0,0,0,0,0,0,0,0,0,,0,,,7,18,0,0,0,1,-2.03814349127614,0,2,2,21,0,0,0,4,17,2,1.90655695134774,0,5.25,0.0909090909090909,0.0213903743315508,0.151336898395722,0,3.9,5.9
2006,REG+POST,00-0022414,,Malcom Floyd,WR,WR,"https://static.www.nfl.com/image/private/f_auto,q_auto/league/or8gm79eaonksxe8gl0t",9,LAC,0,0,0,0,0,0,0,0,0,0,0,0,,0,,,0,0,0,0,0,0,,0,15,15,210,3,0,0,164,46,9,19.5320819071494,0,1.28048780487805,0.0824175824175824,0.135537190082645,0.218502406684225,0,39.0,54.0
2006,REG+POST,00-0022421,,Ruvell Martin,WR,WR,,8,GB,0,0,0,0,0,0,0,0,0,0,0,0,,0,,,0,0,0,0,0,0,,0,21,21,358,1,0,0,263,95,16,29.9286546618586,0,1.36121673003802,0.12,0.255339805825243,0.35873786407767,0,41.8,62.8
2006,REG+POST,00-0022427,,Wes Welker,WR,WR,"https://static.www.nfl.com/image/private/f_auto,q_auto/league/rgjwexzif36vncjfdwap",16,MIA,0,0,0,0,0,0,0,0,0,0,0,0,,0,,,0,0,0,0,0,0,,0,67,67,687,1,0,0,417,270,33,53.525178361988,0,1.64748201438849,0.195906432748538,0.206537890044577,0.438436172154011,0,74.7,141.7
2006,REG+POST,00-0022431,,Ran Carthon,RB,RB,,1,IND,0,0,0,0,0,0,0,0,0,0,0,0,,0,,,3,4,1,0,0,1,0.0031055962899699,0,0,0,0,0,0,0,0,0,0,,0,,,,,0,6.4,6.4
2006,REG+POST,00-0022538,,Shaud Williams,RB,RB,,2,BUF,0,0,0,0,0,0,0,0,0,0,0,0,,0,,,2,2,0,0,0,0,-1.27660280885175,0,0,0,0,0,0,0,0,0,0,,0,,,,,0,0.2,0.2
2006,REG+POST,00-0022555,,Ben Utecht,TE,TE,,17,IND,0,0,0,0,0,0,0,0,0,0,0,0,,0,,,0,0,0,0,0,0,,0,42,42,418,0,1,1,222,196,20,24.3094267923468,0,1.88288288288288,0.103960396039604,0.0713826366559486,0.20590843971857,0,39.8,81.8
2006,REG+POST,00-0022564,,Ronnie Cruz,RB,RB,,3,KC,0,0,0,0,0,0,0,0,0,0,0,0,,0,,,5,19,0,0,0,0,-0.814764120965265,0,2,2,20,0,0,0,-5,25,2,3.33346320141573,0,-4.0,0.0769230769230769,-0.0515463917525773,0.0793021411578113,0,3.9,5.9
2006,REG+POST,00-0022582,,Richard Owens,TE,TE,,6,MIN,0,0,0,0,0,0,0,0,0,0,0,0,,0,,,0,0,0,0,0,0,,0,6,6,45,1,0,0,12,33,3,4.74844229931478,0,3.75,0.046875,0.024948024948025,0.0877761174636175,0,10.5,16.5
2006,REG+POST,00-0022590,,Jared Lorenzen,QB,QB,,2,NYG,0,0,0,0,0,0,0,0,0,0,0,0,,0,,,2,4,0,0,0,2,1.06812642409932,0,0,0,0,0,0,0,0,0,0,,0,,,,,0,0.4,0.4
2006,REG+POST,00-0022592,,Curtis Deloatch,DB,DB,,1,NO,0,0,0,0,0,0,0,0,0,0,0,0,,0,,,0,0,0,0,0,0,,0,0,0,0,0,0,0,0,0,0,,0,,,,,1,6.0,6.0
2006,REG+POST,00-0022684,D.Jones,Donnie Jones,P,SPEC,"https://static.www.nfl.com/image/private/f_auto,q_auto/league/qds7simibz6lt6ckf5yo",1,MIA,0,0,0,0,0,0,0,0,0,0,0,0,,0,,,1,0,0,1,0,0,-3.45415503554978,0,0,0,0,0,0,0,0,0,0,,0,,,,,0,0.0,0.0
2006,REG+POST,00-0022701,,D.J. Hackett,WR,WR,,14,SEA,0,0,0,0,0,0,0,0,0,0,0,0,,0,,,0,0,0,0,0,0,,0,47,47,618,4,0,0,385,233,33,60.5269990211236,0,1.60519480519481,0.182879377431907,0.193273092369478,0.409610230806494,0,85.8,132.8
2006,REG+POST,00-0022704,,Courtney Anderson,TE,TE,,11,LV,0,0,0,0,0,0,0,0,0,0,0,0,,0,,,0,0,0,0,0,0,,0,25,25,285,2,1,0,186,98,14,24.585984575504,0,1.53225806451613,0.130208333333333,0.149637972646822,0.300059080852776,0,40.5,65.5
2006,REG+POST,00-0022706,,Michael Gaines,TE,TE,,8,CAR,0,0,0,0,0,0,0,0,0,0,0,0,,0,,,0,0,0,0,0,0,,0,15,15,146,0,0,0,76,70,9,7.68159977716277,0,1.92105263157895,0.0815217391304348,0.0707635009310987,0.171817059347421,0,14.6,29.6
2006,REG+POST,00-0022714,,Kris Wilson,TE,TE,,12,KC,0,0,0,0,0,0,0,0,0,0,0,0,,0,,,0,0,0,0,0,0,,0,17,17,161,3,0,0,62,99,12,18.5194124929258,1,2.59677419354839,0.0833333333333333,0.0519698239731769,0.161378876781224,0,36.1,53.1
2006,REG+POST,00-0022724,,Sean McHugh,TE,TE,,3,DET,0,0,0,0,0,0,0,0,0,0,0,0,,0,,,0,0,0,0,0,0,,0,3,3,25,0,0,0,11,14,2,2.30742842738982,0,2.27272727272727,0.04,0.0205992509363296,0.0744194756554307,0,2.5,5.5
2006,REG+POST,00-0022725,,Michael Clayton,WR,WR,,12,TB,0,0,0,0,0,0,0,0,0,0,0,0,,0,,,5,41,0,1,0,2,1.36099972261582,0,33,33,356,1,1,0,255,101,22,27.2834866890917,0,1.39607843137255,0.152073732718894,0.218508997429306,0.381066897278855,0,45.7,78.7
2006,REG+POST,00-0022726,,Keary Colbert,WR,WR,,3,CAR,0,0,0,0,0,0,0,0,0,0,0,0,,0,,,0,0,0,0,0,0,,0,5,5,56,0,0,0,35,21,4,2.24571421556175,0,1.6,0.0746268656716418,0.0953678474114441,0.178697791695474,0,5.6,10.6
2006,REG+POST,00-0022736,,Steven Jackson,RB,RB,"https://static.www.nfl.com/image/private/f_auto,q_auto/league/abl5wejuf448xw3jtphm",16,LA,0,0,0,0,0,0,0,0,0,0,0,0,,0,,,346,1528,13,2,1,74,-1.27078232762589,0,90,90,806,3,2,1,191,615,31,30.2823498841915,0,4.21989528795812,0.25,0.073096058170685,0.42616724071948,0,325.4,415.4
2006,REG+POST,00-0022738,,Chris Cooley,TE,TE,,16,WAS,0,0,0,0,0,0,0,0,0,0,0,0,,0,,,0,0,0,0,0,0,,0,57,57,734,6,0,0,322,412,33,66.0821459392901,1,2.27950310559006,0.208029197080292,0.197424892703863,0.450241220513142,0,111.4,168.4
2006,REG+POST,00-0022746,,Jeff Dugan,TE,TE,,5,MIN,0,0,0,0,0,0,0,0,0,0,0,0,,0,,,0,0,0,0,0,0,,0,8,8,40,1,0,0,12,28,5,5.51349679997657,0,3.33333333333333,0.0714285714285714,0.0216998191681736,0.122332730560579,0,10.0,18.0
2006,REG+POST,00-0022754,,Samie Parker,WR,WR,,16,KC,0,0,0,0,0,0,0,0,0,0,0,0,,0,,,3,7,0,0,0,0,-0.535773298994172,0,41,41,561,1,0,0,433,122,33,50.0152641874308,0,1.29561200923788,0.150735294117647,0.22516900676027,0.38372124590866,0,62.8,103.8
2006,REG+POST,00-0022766,,Patrick Crayton,WR,WR,,14,DAL,0,0,0,0,0,0,0,0,0,0,0,0,,0,,,0,0,0,0,0,0,,0,39,39,558,5,1,0,368,190,31,56.9401948238859,0,1.51630434782609,0.138297872340426,0.160909488412768,0.320083450399576,0,85.8,124.8
2006,REG+POST,00-0022773,,Brandon Miree,RB,RB,,4,GB,0,0,0,0,0,0,0,0,0,0,0,0,,0,,,0,0,0,0,0,0,,0,9,9,57,0,0,0,32,25,3,1.2098273458024,0,1.78125,0.1125,0.0784313725490196,0.223651960784314,0,5.7,14.7
2006,REG+POST,00-0022781,,Michael Jenkins,WR,WR,,16,ATL,0,0,0,0,0,0,0,0,0,0,0,0,,0,,,1,2,0,0,0,0,-0.354789361241274,0,39,39,436,7,0,0,292,144,22,43.8442319614696,0,1.49315068493151,0.174887892376682,0.168105929763961,0.380005989399795,0,85.8,124.8
2006,REG+POST,00-0022782,,Kevin Jones,RB,RB,,12,DET,0,0,0,0,0,0,0,0,0,0,0,0,,0,,,181,689,6,4,4,31,-41.3120563280289,0,61,61,520,2,1,1,12,508,27,24.558964309399,0,43.3333333333333,0.23828125,0.0071428571428571,0.362421875,0,158.9,219.9
2006,REG+POST,00-0022787,M.Schaub,Matt Schaub,QB,QB,"https://static.www.nfl.com/image/private/f_auto,q_auto/league/mj2kh2nddxnw04ludcx0",5,ATL,18,27,208,1,2,2,8,0,0,224,65,10,-3.8543507065915,0,0.928571428571429,0.0800047526296489,7,21,0,1,0,2,-4.79306616797112,0,0,0,0,0,0,0,0,0,0,,0,,,,,0,10.42,10.42
2006,REG+POST,00-0022796,,Mike Karney,FB,RB,,13,NO,0,0,0,0,0,0,0,0,0,0,0,0,,0,,,12,44,1,0,0,8,3.39167312171776,0,16,16,105,2,0,0,11,94,7,8.72853398462758,0,9.54545454545454,0.0723981900452489,0.0096916299559471,0.115381426037036,0,32.9,48.9
2006,REG+POST,00-0022797,,Thomas Tapeh,RB,RB,,14,PHI,0,0,0,0,0,0,0,0,0,0,0,0,,0,,,5,9,0,0,0,2,-1.40445096790791,0,18,20,88,1,0,0,36,58,3,-2.91651259538395,0,2.44444444444444,0.072202166064982,0.0194805194805195,0.121939612733837,0,15.7,33.7
2006,REG+POST,00-0022801,,Quincy Wilson,RB,RB,,1,CIN,0,0,0,0,0,0,0,0,0,0,0,0,,0,,,2,2,0,0,0,0,-1.68648010789184,0,0,0,0,0,0,0,0,0,0,,0,,,,,0,0.2,0.2
2006,REG+POST,00-0022803,E.Manning,Eli Manning,QB,QB,"https://static.www.nfl.com/image/private/f_auto,q_auto/league/w51tf8uedjftbr4qpaex",17,NYG,317,549,3405,27,19,26,193,7,1,4584,1363,170,-8.1704989410174,0,0.742801047120419,0.0289087916879812,27,25,0,2,1,6,-19.8515893090516,0,0,0,0,0,0,0,0,0,0,,0,,,,,0,204.7,204.7
2006,REG+POST,00-0022807,,Bernard Berrian,WR,WR,,17,CHI,0,0,0,0,0,0,0,0,0,0,0,0,,0,,,2,5,0,0,0,0,-0.34361875691684,0,65,65,1003,8,2,1,741,262,41,75.7048247145338,0,1.35357624831309,0.213114754098361,0.330803571428571,0.551234631147541,0,146.8,211.8
2006,REG+POST,00-0022811,,Jerricho Cotchery,WR,WR,"https://static.www.nfl.com/image/private/f_auto,q_auto/league/hkq2dmfj7mbgbuejiloy",17,NYJ,0,0,0,0,0,0,0,0,0,0,0,0,,0,,,7,44,0,0,0,2,1.65636831545271,0,86,86,1061,7,0,0,694,367,56,97.8393056275686,0,1.52881844380403,0.255192878338279,0.333653846153846,0.616347009815111,0,152.5,238.5
2006,REG+POST,00-0022817,,Sean Ryan,TE,TE,,6,NYJ,0,0,0,0,0,0,0,0,0,0,0,0,,0,,,0,0,0,0,0,0,,0,6,6,44,0,1,1,26,18,1,-2.65741036360851,0,1.69230769230769,0.0476190476190476,0.0279870828848224,0.0910195294479471,0,2.4,8.4
2006,REG+POST,00-0022821,,Michael Turner,RB,RB,,14,LAC,0,0,0,0,0,0,0,0,0,0,0,0,,0,,,83,526,3,0,0,26,17.8750051636477,0,3,3,47,0,0,0,4,43,2,2.92980326135876,0,11.75,0.0666666666666667,0.0142348754448399,0.109964412811388,0,75.3,78.3
2006,REG+POST,00-0022826,,Clarence Moore,WR,WR,,1,BAL,0,0,0,0,0,0,0,0,0,0,0,0,,0,,,0,0,0,0,0,0,,0,2,2,1,1,0,0,1,0,1,1.16500751953572,0,1.0,0.117647058823529,0.0089285714285714,0.182720588235294,0,6.1,8.1
2006,REG+POST,00-0022840,,Julius Jones,RB,RB,,17,DAL,0,0,0,0,0,0,0,0,0,0,0,0,,0,,,289,1196,4,1,1,48,-14.8599651064433,0,11,11,142,0,0,0,-16,158,7,10.1029959084117,0,-8.875,0.0780141843971631,-0.0141093474426808,0.107144733385868,0,155.8,166.8
2006,REG+POST,00-0022847,,Ben Hartsock,TE,TE,,4,TEN,0,0,0,0,0,0,0,0,0,0,0,0,,0,,,0,0,0,0,0,0,,0,6,6,68,0,0,0,24,44,4,4.87732836045541,0,2.83333333333333,0.0967741935483871,0.0547945205479452,0.183517454706142,0,6.8,12.8
2006,REG+POST,00-0022872,,Cedric Cobbs,RB,RB,,1,DEN,0,0,0,0,0,0,0,0,0,0,0,0,,0,,,3,9,0,0,0,0,-0.869071312830783,0,0,0,0,0,0,0,0,0,0,,0,,,,,0,0.9,0.9
2006,REG+POST,00-0022873,,Johnnie Morant,WR,WR,,3,LV,0,0,0,0,0,0,0,0,0,0,0,0,,0,,,0,0,0,0,0,0,,0,7,7,70,0,2,2,32,38,3,-5.11230944487033,0,2.1875,0.104477611940299,0.103225806451613,0.228974482426577,0,3.0,10.0
2006,REG+POST,00-0022879,,Drew Carter,WR,WR,,9,CAR,0,0,0,0,0,0,0,0,0,0,0,0,,0,,,2,18,0,0,0,1,1.25055454706308,0,28,28,357,3,0,0,299,58,14,24.4724042684538,0,1.19397993311037,0.135922330097087,0.227549467275495,0.363168122238477,0,55.5,83.5
2006,REG+POST,00-0022886,,Casey Cramer,FB,RB,,2,TEN,0,0,0,0,0,0,0,0,0,0,0,0,,0,,,0,0,0,0,0,0,,0,2,2,8,0,0,0,1,7,1,0.325648469966836,0,8.0,0.0526315789473684,0.0072463768115942,0.0840198321891686,0,0.8,2.8
2006,REG+POST,00-0022889,,Reggie Williams,WR,WR,,16,JAX,0,0,0,0,0,0,0,0,0,0,0,0,,0,,,6,34,0,1,0,3,1.89414525870234,0,53,53,615,4,0,0,338,277,28,50.2299334071018,0,1.81952662721894,0.209486166007905,0.213114754098361,0.46340957688071,0,88.9,141.9
2006,REG+POST,00-0022893,,Tatum Bell,RB,RB,,13,DEN,0,0,0,0,0,0,0,0,0,0,0,0,,0,,,233,1025,2,3,3,43,-24.7196115151987,0,24,24,115,0,2,2,-36,151,5,-8.96745809714776,0,-3.19444444444444,0.146341463414634,-0.0326975476839237,0.196623911743205,0,116.0,140.0
2006,REG+POST,00-0022901,,Ernest Wilford,WR,WR,,15,JAX,0,0,0,0,0,0,0,0,0,0,0,0,,0,,,0,0,0,0,0,0,,0,36,36,524,2,1,1,412,112,27,37.9609391910781,0,1.27184466019417,0.138996138996139,0.260265319014529,0.390679931804379,0,62.4,98.4
2006,REG+POST,00-0022907,,Nate Lawrie,TE,TE,,1,NO,0,0,0,0,0,0,0,0,0,0,0,0,,0,,,0,0,0,0,0,0,,0,1,1,17,0,0,0,15,2,1,0.974213074659929,0,1.13333333333333,0.037037037037037,0.126050420168067,0.143790849673203,0,1.7,2.7
2006,REG+POST,00-0022909,,Roy Williams,WR,WR,,16,DET,0,0,0,0,0,0,0,0,0,0,0,0,,0,,,2,2,0,0,0,0,-0.745145422639325,0,82,82,1310,7,2,2,980,330,66,108.96908649418,0,1.33673469387755,0.220430107526882,0.390438247011952,0.603951934198689,0,169.2,251.2
2006,REG+POST,00-0022910,,Lee Evans,WR,WR,,16,BUF,0,1,0,0,0,0,0,0,0,17,0,0,-0.457501869299449,0,0.0,,0,0,0,0,0,0,,0,82,82,1291,8,0,0,955,336,53,119.12479636402,0,1.35183246073298,0.304832713754647,0.529379157427938,0.827814480831527,0,177.1,259.1
2006,REG+POST,00-0022912,,J.P. Losman,QB,QB,,16,BUF,269,430,3050,19,14,47,332,7,6,3816,1246,132,-25.2218152035789,0,0.799266247379455,0.0606848435548018,38,140,1,6,1,14,-7.5104303448366,0,0,0,0,0,0,0,0,0,0,,0,,,,,0,176.0,176.0
2006,REG+POST,00-0022916,,Ben Troupe,TE,TE,,8,TEN,0,0,0,0,0,0,0,0,0,0,0,0,,0,,,0,0,0,0,0,0,,0,13,13,150,2,0,0,55,95,8,13.3825367746758,0,2.72727272727273,0.122641509433962,0.0851393188854489,0.243559787370758,0,27.0,40.0
2006,REG+POST,00-0022921,L.Fitzgerald,Larry Fitzgerald,WR,WR,"https://static.www.nfl.com/image/private/f_auto,q_auto/league/ycgjjaad5un42gy4pnga",13,ARI,0,0,0,0,0,0,0,0,0,0,0,0,,0,,,1,5,0,0,0,0,0.0960794910788536,0,68,68,941,6,0,0,752,189,52,89.3475658057432,0,1.25132978723404,0.251851851851852,0.366114897760467,0.634058206210105,0,130.6,198.6
2006,REG+POST,00-0022922,,Kellen Winslow,TE,TE,,16,CLE,0,0,0,0,0,1,14,0,0,0,0,0,-0.863402995397337,0,,,0,0,0,0,0,0,,0,89,89,875,3,1,0,534,341,42,57.3999553623987,0,1.63857677902622,0.280757097791798,0.312463428905793,0.639860046921752,0,105.5,194.5
2006,REG+POST,00-0022923,D.Hall,DeAngelo Hall,FS,DB,"https://static.www.nfl.com/image/private/f_auto,q_auto/league/yqzm0jpubsxcgkiqtaql",1,ATL,0,0,0,0,0,0,0,0,0,0,0,0,,0,,,0,0,0,0,0,0,,0,1,1,0,0,1,0,-3,3,0,-0.475609576329589,0,0.0,0.1,-0.0428571428571429,0.12,0,0.0,1.0
2006,REG+POST,00-0022924,B.Roethlisberger,Ben Roethlisberger,QB,QB,"https://static.www.nfl.com/image/private/f_auto,q_auto/league/vziogpnyp9d0xtpiuqhr",15,PIT,281,470,3528,18,23,46,280,3,1,4344,1503,179,9.3415464755273,0,0.812154696132597,0.081544103212573,32,98,2,2,1,11,-0.404773649718608,0,0,0,0,0,0,0,0,0,0,,0,,,,,0,184.92,184.92
2006,REG+POST,00-0022926,,Chris Perry,RB,RB,,6,CIN,0,0,0,0,0,0,0,0,0,0,0,0,,0,,,10,57,0,0,0,3,1.01337922486709,0,9,9,42,0,0,0,10,32,3,1.19012559251799,0,4.2,0.0978260869565217,0.0119189511323004,0.155082396227393,0,9.9,18.9
2006,REG+POST,00-0022929,,Devery Henderson,WR,WR,,12,NO,0,0,0,0,0,0,0,0,0,0,0,0,,0,,,2,14,1,0,0,2,4.31938803661615,0,35,35,837,5,0,0,609,228,31,74.3411932154959,0,1.3743842364532,0.126811594202899,0.339275766016713,0.427710427516047,0,121.1,156.1
2006,REG+POST,00-0022942,P.Rivers,Philip Rivers,QB,QB,"https://static.www.nfl.com/image/private/f_auto,q_auto/league/voakyrtj34sghkwxaxxf",17,LAC,298,492,3617,22,10,31,174,4,3,4470,1410,176,77.9850526133906,1,0.80917225950783,0.0963338319352068,50,56,0,5,0,10,-14.0658339217196,0,0,0,0,0,0,0,0,0,0,,0,,,,,0,214.28,214.28
2006,REG+POST,00-0022943,B.Watson,Benjamin Watson,TE,TE,"https://static.www.nfl.com/image/private/f_auto,q_auto/league/dorymozpdnrllkqlfzpu",16,NE,0,0,0,0,0,0,0,0,0,0,0,0,,0,,,0,0,0,0,0,0,,0,60,60,738,3,3,1,500,229,36,59.185456733132,0,1.476,0.18018018018018,0.237304224015187,0.436383227080901,0,89.8,149.8
2006,REG+POST,00-0022954,,Ben Graham,P,SPEC,,2,NYJ,0,1,0,0,0,0,0,0,0,-11,0,0,-3.52631241304334,0,0.0,,1,0,0,1,0,0,-3.93097347038565,0,0,0,0,0,0,0,0,0,0,,0,,,,,0,0.0,0.0
2006,REG+POST,00-0022970,,Derrick Wimbush,FB,RB,,4,JAX,0,0,0,0,0,0,0,0,0,0,0,0,,0,,,1,3,0,0,0,0,-0.33926254423568,0,4,4,23,0,0,0,14,9,0,0.391139725979883,0,1.64285714285714,0.0655737704918033,0.0338164251207729,0.122032153322246,0,2.6,6.6
2006,REG+POST,00-0022999,J.Kuhn,John Kuhn,FB,RB,"https://static.www.nfl.com/image/private/f_auto,q_auto/league/nbcwgq2o0ymmx4czvr4b",2,PIT,0,0,0,0,0,0,0,0,0,0,0,0,,0,,,2,18,0,0,0,1,0.394608577807353,0,1,1,15,0,0,0,7,8,1,1.92847720178543,0,2.14285714285714,0.0769230769230769,0.0714285714285714,0.165384615384615,0,3.3,4.3
2006,REG+POST,00-0023064,,Marquis Weeks,RB,RB,,1,SEA,0,0,0,0,0,0,0,0,0,0,0,0,,0,,,3,8,0,0,0,0,0.347321625449695,0,0,0,0,0,0,0,0,0,0,,0,,,,,0,0.8,0.8
2006,REG+POST,00-0023074,,Samkon Gado,RB,RB,,9,HOU,0,0,0,0,0,0,0,0,0,0,0,0,,0,,,56,210,1,1,0,9,-6.80174030646386,0,17,17,85,0,0,0,4,81,3,-3.11697961908067,0,21.25,0.0899470899470899,0.0043956043956044,0.137997557997558,0,35.5,52.5
2006,REG+POST,00-0023159,,Kay-Jay Harris,RB,RB,,3,LA,0,0,0,0,0,0,0,0,0,0,0,0,,0,,,3,9,0,0,0,0,-1.96566115505993,0,2,2,20,0,0,0,6,14,2,1.53181482007494,0,3.33333333333333,0.0377358490566038,0.0209059233449477,0.0712379199263691,0,2.9,4.9
2006,REG+POST,00-0023176,,Josh Cribbs,WR,WR,,10,CLE,0,1,0,0,0,0,0,0,0,24,0,0,-0.329250318929553,0,0.0,,2,11,0,0,0,0,0.231388664804399,0,10,10,91,0,1,1,58,33,4,2.00200779730221,0,1.56896551724138,0.0854700854700855,0.0919175911251981,0.192547441992767,1,14.2,24.2
2006,REG+POST,00-0023192,,Tyson Thompson,RB,RB,,3,DAL,0,0,0,0,0,0,0,0,0,0,0,0,,0,,,13,30,1,0,0,1,-2.61107480849023,0,0,0,0,0,0,0,0,0,0,,0,,,,,0,9.0,9.0
2006,REG+POST,00-0023217,,Adam Bergen,TE,TE,,6,ARI,0,0,0,0,0,0,0,0,0,0,0,0,,0,,,0,0,0,0,0,0,,0,15,15,111,1,2,2,59,52,5,-5.18833042736434,0,1.88135593220339,0.112781954887218,0.058941058941059,0.210431673589568,0,13.1,28.1
2006,REG+POST,00-0023218,,John Bronson,TE,TE,,1,ARI,0,0,0,0,0,0,0,0,0,0,0,0,,0,,,0,0,0,0,0,0,,0,1,1,25,0,0,0,16,9,1,2.11356864892878,0,1.5625,0.0454545454545455,0.0780487804878049,0.122815964523282,0,2.5,3.5
2006,REG+POST,00-0023222,,Carlyle Holiday,WR,WR,,4,GB,0,1,0,0,0,0,0,0,0,31,0,0,-0.46372671239078,0,0.0,,0,0,0,0,0,0,,0,9,9,126,0,0,0,88,38,6,10.6355037884787,0,1.43181818181818,0.142857142857143,0.377682403433476,0.478663396689148,0,12.6,21.6
2006,REG+POST,00-0023258,,Brad Cieslak,TE,TE,,4,BUF,0,0,0,0,0,0,0,0,0,0,0,0,,0,,,0,0,0,0,0,0,,0,6,6,46,0,0,0,3,43,2,3.43825638963608,0,15.3333333333333,0.0697674418604651,0.0082191780821917,0.110404587448232,0,4.6,10.6
2006,REG+POST,00-0023310,,Lance Moore,WR,WR,"https://static.www.nfl.com/image/private/f_auto,q_auto/league/bfjxc892mfkni8ywtheh",1,NO,0,0,0,0,0,0,0,0,0,0,0,0,,0,,,0,0,0,0,0,0,,0,1,1,10,0,0,0,2,8,1,0.731857308652252,0,5.0,0.0357142857142857,0.0119047619047619,0.0619047619047619,0,1.0,2.0
2006,REG+POST,00-0023367,,Nate Washington,WR,WR,,16,PIT,0,0,0,0,0,0,0,0,0,0,0,0,,0,,,3,8,0,0,0,1,-0.360214465647005,0,35,35,624,4,0,0,531,93,28,52.10611747046,0,1.17514124293785,0.112179487179487,0.228583727938011,0.328277840325839,0,87.2,122.2
2006,REG+POST,00-0023426,,Keylon Kincade,RB,RB,,1,DAL,0,0,0,0,0,0,0,0,0,0,0,0,,0,,,4,9,0,0,0,0,-3.29334960132837,0,0,0,0,0,0,0,0,0,0,,0,,,,,0,0.9,0.9
2006,REG+POST,00-0023429,,Rashied Davis,WR,WR,,15,CHI,0,0,0,0,0,0,0,0,0,0,0,0,,0,,,2,25,0,0,0,1,2.27930119971279,0,27,27,393,2,0,0,290,103,19,38.2339261553113,0,1.3551724137931,0.102272727272727,0.147357723577236,0.256559497413156,0,53.8,80.8
2006,REG+POST,00-0023436,A.Smith,Alex Smith,QB,QB,"https://static.www.nfl.com/image/private/f_auto,q_auto/league/dpa5d1a8jj6jdymocjkx",16,SF,259,443,2901,16,15,37,209,7,2,3455,1410,132,-33.6350530685324,0,0.839652677279305,0.0299871814839943,41,151,2,2,2,12,4.49249859007127,0,0,0,0,0,0,0,0,0,0,,0,,,,,0,169.14,169.14
2006,REG+POST,00-0023437,,Ronnie Brown,RB,RB,,13,MIA,0,1,0,0,0,0,0,0,0,4,0,0,-1.06637735164259,0,0.0,,242,1005,5,5,3,49,-28.8492158029434,0,33,33,276,0,0,0,22,254,12,7.79020490460192,0,12.5454545454545,0.143478260869565,0.0157706093189964,0.226256817827645,0,152.1,185.1
2006,REG+POST,00-0023438,,Braylon Edwards,WR,WR,,16,CLE,0,0,0,0,0,0,0,0,0,0,0,0,,0,,,4,12,0,0,0,1,-0.311668167705648,0,60,60,879,6,0,0,599,280,38,74.6522147695427,0,1.46744574290484,0.189274447949527,0.355489614243323,0.532754401894617,0,125.1,185.1
2006,REG+POST,00-0023439,,Cedric Benson,RB,RB,,18,CHI,0,0,0,0,0,0,0,0,0,0,0,0,,0,,,195,751,7,1,1,41,-8.12910371734309,0,11,11,78,0,0,0,-14,92,3,4.51683284854516,0,-5.57142857142857,0.083969465648855,-0.0318181818181818,0.103681471200555,0,122.9,133.9
2006,REG+POST,00-0023440,,Cadillac Williams,RB,RB,,14,TB,0,0,0,0,0,0,0,0,0,0,0,0,,0,,,225,798,1,2,2,32,-37.7128985327689,0,30,30,196,0,1,1,7,189,4,1.17554809927242,0,28.0,0.143540669856459,0.0089399744572158,0.22156898690474,0,99.4,129.4
2006,REG+POST,00-0023441,A.Jones,Adam Jones,CB,DB,"https://static.www.nfl.com/image/private/f_auto,q_auto/league/hvbjym05mpvfkdhy3bsz",7,TEN,0,0,0,0,0,0,0,0,0,0,0,0,,0,,,2,8,0,0,0,1,0.275512116844766,0,2,2,31,0,0,0,12,19,2,2.07550498092314,0,2.58333333333333,0.0869565217391304,0.0845070422535211,0.18958971218616,3,21.9,23.9
2006,REG+POST,00-0023442,,Troy Williamson,WR,WR,,12,MIN,0,0,0,0,0,0,0,0,0,0,0,0,,0,,,0,0,0,0,0,0,,0,37,37,455,0,0,0,277,178,22,35.8103671179541,0,1.64259927797834,0.151020408163265,0.262062440870388,0.409974320854169,0,45.5,82.5
2006,REG+POST,00-0023452,,Mike Williams,WR,WR,,4,DET,0,0,0,0,0,0,0,0,0,0,0,0,,0,,,0,0,0,0,0,0,,0,8,8,99,1,0,0,72,27,5,7.46322266273083,0,1.375,0.0860215053763441,0.113207547169811,0.208277541083384,0,15.9,23.9
2006,REG+POST,00-0023456,,Matt Jones,WR,WR,,13,JAX,0,0,0,0,0,1,9,0,0,0,0,0,-1.50013918196782,0,,,1,-6,0,0,0,0,-1.26661658403464,0,41,41,643,4,1,1,474,169,33,53.8009664216842,0,1.35654008438819,0.179824561403509,0.315159574468085,0.490348544232923,0,85.7,126.7
2006,REG+POST,00-0023457,,Mark Clayton,WR,WR,,17,BAL,0,1,0,0,0,0,0,0,0,14,0,0,-0.486082444840577,0,0.0,,7,-30,0,0,0,0,-9.39490993798245,0,73,73,1012,5,0,0,654,358,46,74.5762602827381,0,1.5474006116208,0.210982658959538,0.288996906760937,0.518771823171962,0,128.2,201.2
2006,REG+POST,00-0023459,A.Rodgers,Aaron Rodgers,QB,QB,"https://static.www.nfl.com/image/upload/f_auto,q_auto/league/jdcb4nomlc4rd6k5l6to",2,GB,6,15,46,0,0,3,18,1,1,151,22,2,-15.2848235485726,0,0.304635761589404,-0.0703328565311266,2,11,0,0,0,1,0.962426038226113,0,0,0,0,0,0,0,0,0,0,,0,,,,,0,0.94,0.94
2006,REG+POST,00-0023460,,Jason Campbell,QB,QB,,7,WAS,110,207,1297,10,6,8,60,0,0,2105,544,68,-3.06840076286144,0,0.616152019002375,0.0453360305662363,23,112,0,1,0,8,8.18668996197445,0,0,0,0,0,0,0,0,0,0,,0,,,,,0,91.08,91.08
2006,REG+POST,00-0023462,,Roddy White,WR,WR,"https://static.www.nfl.com/image/private/f_auto,q_auto/league/f7dgklg6z49fbdltwuki",13,ATL,0,0,0,0,0,0,0,0,0,0,0,0,,0,,,0,0,0,0,0,0,,0,30,30,506,0,1,1,446,60,19,34.0314467905774,0,1.13452914798206,0.161290322580645,0.305688827964359,0.455917663446019,0,48.6,78.6
2006,REG+POST,00-0023465,,Heath Miller,TE,TE,"https://static.www.nfl.com/image/private/f_auto,q_auto/league/iqw8fry4hgfvegs9nfuf",14,PIT,0,0,0,0,0,0,0,0,0,0,0,0,,0,,,0,0,0,0,0,0,,0,34,34,393,5,0,0,175,218,21,34.8700065221807,0,2.24571428571429,0.120567375886525,0.0848279205041202,0.240230608182671,0,69.3,103.3
2006,REG+POST,00-0023470,,Reggie Brown,WR,WR,,17,PHI,0,0,0,0,0,0,0,0,0,0,0,0,,0,,,4,37,1,0,0,2,2.87700382410549,0,57,58,985,8,1,0,683,268,42,97.3318877877027,0,1.44216691068814,0.166189111747851,0.288185654008439,0.451013625427684,0,156.2,213.2
2006,REG+POST,00-0023474,,Mark Bradley,WR,WR,,7,CHI,0,0,0,0,0,0,0,0,0,0,0,0,,0,,,0,0,0,0,0,0,,0,15,15,287,3,0,0,159,128,10,29.3734708970878,0,1.80503144654088,0.125,0.168610816542948,0.305527571580064,0,46.7,61.7
2006,REG+POST,00-0023479,,J.J. Arrington,RB,RB,,10,ARI,0,0,0,0,0,0,0,0,0,0,0,0,,0,,,14,19,0,0,0,0,-10.6427135224564,0,8,8,58,0,0,0,9,49,4,3.26850198103406,0,6.44444444444445,0.062992125984252,0.009594882729211,0.101204606886826,1,13.7,21.7
2006,REG+POST,00-0023489,,Eric Shelton,RB,RB,,4,CAR,0,0,0,0,0,0,0,0,0,0,0,0,,0,,,8,23,0,0,0,1,-1.84637072734768,0,1,1,6,0,0,0,4,2,1,0.928682542056777,0,1.5,0.0416666666666667,0.0296296296296296,0.0832407407407407,0,2.9,3.9
2006,REG+POST,00-0023490,,Roscoe Parrish,WR,WR,,9,BUF,0,0,0,0,0,0,0,0,0,0,0,0,,0,,,2,18,0,0,0,1,1.61962983524427,0,23,23,320,2,1,1,200,120,10,19.1114926094227,0,1.6,0.149350649350649,0.20746887966805,0.369254189793609,1,49.8,72.8
2006,REG+POST,00-0023492,,Justin Miller,DB,DB,,2,NYJ,0,0,0,0,0,0,0,0,0,0,0,0,,0,,,0,0,0,0,0,0,,0,0,0,0,0,0,0,0,0,0,,0,,,,,2,12.0,12.0
2006,REG+POST,00-0023496,,Vincent Jackson,WR,WR,"https://static.www.nfl.com/image/private/f_auto,q_auto/league/kdquag2thcfulvrs0cbz",14,LAC,0,0,0,0,0,0,0,0,0,0,0,0,,0,,,3,16,0,0,0,0,0.838547747116536,0,29,29,496,6,0,0,429,67,21,47.5726667505478,1,1.15617715617716,0.123404255319149,0.240875912408759,0.353719521664855,0,89.2,118.2
2006,REG+POST,00-0023497,,Bryant McFadden,CB,DB,,1,PIT,0,0,0,0,0,0,0,0,0,0,0,0,,0,,,1,-2,0,0,0,0,-2.21354103833437,0,0,0,0,0,0,0,0,0,0,,0,,,,,0,-0.2,-0.2
2006,REG+POST,00-0023500,F.Gore,Frank Gore,RB,RB,"https://static.www.nfl.com/image/private/f_auto,q_auto/league/lxxkhd2suyalrbruzut7",16,SF,0,0,0,0,0,0,0,0,0,0,0,0,,0,,,313,1695,8,6,6,68,-25.1316021562974,0,61,61,485,1,1,0,36,449,21,35.5247141360305,0,13.4722222222222,0.235521235521236,0.0241448692152918,0.370183261732558,0,260.0,321.0
2006,REG+POST,00-0023502,,Charlie Frye,QB,QB,,13,CLE,251,391,2449,10,17,44,262,6,5,2891,1065,116,-84.8102034313731,0,0.847111726046351,0.0515941107668712,47,215,3,2,2,17,5.4123164495104,0,0,0,0,0,0,0,0,0,0,,0,,,,,0,129.46,129.46
2006,REG+POST,00-0023503,,Courtney Roby,WR,WR,,3,TEN,0,0,0,0,0,0,0,0,0,0,0,0,,0,,,1,3,0,0,0,0,-0.0953659602673724,0,2,2,28,0,0,0,26,2,1,0.931179285224061,0,1.07692307692308,0.0909090909090909,0.234234234234234,0.3003276003276,0,3.1,5.1
2006,REG+POST,00-0023504,,Andrew Walter,QB,QB,,12,LV,147,276,1677,3,13,46,256,6,6,2738,508,80,-102.083319183543,0,0.612490869247626,-0.0045890925183267,14,30,0,7,3,2,-17.906557743845,0,0,0,0,0,0,0,0,0,0,,0,,,,,0,38.08,38.08
2006,REG+POST,00-0023506,,Alex Smith,TE,TE,"https://static.www.nfl.com/image/private/f_auto,q_auto/league/zcpxncjwcm6ggoiqt6ub",12,TB,0,0,0,0,0,0,0,0,0,0,0,0,,0,,,0,0,0,0,0,0,,0,35,35,250,3,1,1,100,150,12,7.57667942467379,0,2.5,0.153508771929825,0.0930232558139535,0.295379436964504,0,41.0,76.0
2006,REG+POST,00-0023508,,Vernand Morency,RB,RB,,13,GB,0,0,0,0,0,0,0,0,0,0,0,0,,0,,,96,434,2,2,1,26,-6.36702722262348,0,17,17,118,0,0,0,-5,123,5,2.41571596243423,0,-23.6,0.120567375886525,-0.0083056478405315,0.175037110341415,0,65.2,82.2
2006,REG+POST,00-0023512,,Ryan Moats,RB,RB,,5,PHI,0,0,0,0,0,0,0,0,0,0,0,0,,0,,,22,69,0,0,0,5,-1.90033684734954,0,0,0,0,0,0,0,0,0,0,,0,,,,,0,6.9,6.9
2006,REG+POST,00-0023518,,Chris Henry,WR,WR,,11,CIN,0,0,0,0,0,0,0,0,0,0,0,0,,0,,,0,0,0,0,0,0,,0,36,36,605,9,0,0,445,160,27,60.0990019509918,0,1.35955056179775,0.16,0.23045054375971,0.401315380631797,0,114.5,150.5
2006,REG+POST,00-0023519,,Ellis Hobbs,CB,DB,,1,NE,0,0,0,0,0,0,0,0,0,0,0,0,,0,,,0,0,0,0,0,0,,0,0,0,0,0,0,0,0,0,0,,0,,,,,1,6.0,6.0
2006,REG+POST,00-0023521,,Kevin Everett,TE,TE,,1,BUF,0,0,0,0,0,0,0,0,0,0,0,0,,0,,,0,0,0,0,0,0,,0,1,1,1,0,0,0,0,1,0,-0.485996245406568,0,0.0,0.0434782608695652,,,0,0.1,1.1
2006,REG+POST,00-0023531,,Brandon Jones,WR,WR,,13,TEN,0,0,0,0,0,0,0,0,0,0,0,0,,0,,,1,3,0,0,0,0,-0.132244549575262,0,27,27,384,4,0,0,301,83,21,42.217504525598,0,1.27574750830565,0.156976744186047,0.238699444885012,0.402554727698578,0,62.7,89.7
2006,REG+POST,00-0023534,D.Colquitt,Dustin Colquitt,P,SPEC,"https://static.www.nfl.com/image/private/f_auto,q_auto/league/v1aymd6o0vpg73ytxzhu",1,KC,0,0,0,0,0,0,0,0,0,0,0,0,,0,,,1,0,0,1,0,0,-9.55763166333782,0,0,0,0,0,0,0,0,0,0,,0,,,,,0,0.0,0.0
2006,REG+POST,00-0023544,,Marion Barber,RB,RB,,17,DAL,0,0,0,0,0,0,0,0,0,0,0,0,,0,,,139,658,14,0,0,46,18.4844034693424,0,26,26,219,2,0,0,29,190,9,12.7133366899798,0,7.55172413793104,0.108786610878661,0.0160044150110375,0.174383006825718,0,183.7,209.7
2006,REG+POST,00-0023545,,Brandon Jacobs,RB,RB,,16,NYG,0,0,0,0,0,0,0,0,0,0,0,0,,0,,,98,431,9,2,1,33,5.1038993361879,0,11,11,149,0,0,0,-18,167,3,9.17744701856282,0,-8.27777777777778,0.0718954248366013,-0.0237467018469657,0.091220445962026,0,110.0,121.0
2006,REG+POST,00-0023547,,Ciatrick Fason,RB,RB,,3,MIN,0,0,0,0,0,0,0,0,0,0,0,0,,0,,,18,99,1,0,0,6,0.819372088939417,0,3,3,19,0,0,0,5,14,1,0.219044998753816,0,3.8,0.0625,0.0212765957446809,0.108643617021277,0,17.8,20.8
2006,REG+POST,00-0023561,,Alvin Pearman,RB,RB,,6,JAX,0,0,0,0,0,0,0,0,0,0,0,0,,0,,,19,89,1,0,0,4,2.08401824228349,0,2,2,12,0,0,0,4,8,2,1.77370261924807,0,3.0,0.0526315789473684,0.0338983050847458,0.102676181980375,0,16.1,18.1
2006,REG+POST,00-0023570,,Roydell Williams,WR,WR,,7,TEN,0,0,0,0,0,0,0,0,0,0,0,0,,0,,,0,0,0,0,0,0,,0,8,8,121,0,0,0,63,58,6,9.43138520716457,0,1.92063492063492,0.0747663551401869,0.0845637583892617,0.171344163582764,0,12.1,20.1
2006,REG+POST,00-0023576,,Damien Nash,RB,RB,,3,DEN,0,0,0,0,0,0,0,0,0,0,0,0,,0,,,18,66,0,0,0,2,-4.5199539064594,0,4,4,41,0,0,0,-2,43,2,1.84243093803525,0,-20.5,0.105263157894737,-0.0099502487562189,0.150929562712752,0,10.7,14.7
2006,REG+POST,00-0023591,,Justin Green,RB,RB,,4,BAL,0,0,0,0,0,0,0,0,0,0,0,0,,0,,,0,0,0,0,0,0,,0,4,4,17,0,0,0,-4,21,1,-0.171107646950986,0,-4.25,0.0547945205479452,-0.0168067226890756,0.0704270749395649,0,1.7,5.7
2006,REG+POST,00-0023612,,Bo Scaife,TE,TE,,11,TEN,0,0,0,0,0,0,0,0,0,0,0,0,,0,,,1,13,1,0,0,1,3.15153940510936,0,29,29,370,2,1,1,235,135,18,11.6677605228439,0,1.57446808510638,0.168604651162791,0.199490662139219,0.392550440241639,0,54.3,83.3
2006,REG+POST,00-0023615,,Cedric Houston,RB,RB,,9,NYJ,0,0,0,0,0,0,0,0,0,0,0,0,,0,,,114,374,5,0,0,20,-16.9559710200119,0,7,7,43,0,0,0,-14,57,1,1.98806029104162,0,-3.07142857142857,0.0598290598290598,-0.0234505862646566,0.0733281793583301,0,71.7,78.7
2006,REG+POST,00-0023623,,Tab Perry,WR,WR,,2,CIN,0,0,0,0,0,0,0,0,0,0,0,0,,0,,,2,4,0,0,0,0,-0.450815455813427,0,5,5,81,0,0,0,32,49,3,6.61073803598193,0,2.53125,0.135135135135135,0.112676056338028,0.281575942139322,0,8.5,13.5
2006,REG+POST,00-0023645,D.Anderson,Derek Anderson,QB,QB,"https://static.www.nfl.com/image/private/f_auto,q_auto/league/w191gsxivnqgdwgydka6",4,CLE,66,117,793,5,8,8,66,1,0,860,468,37,-23.9767987845073,0,0.922093023255814,0.012145240879099,4,47,0,1,1,2,-0.262162202736363,0,0,0,0,0,0,0,0,0,0,,0,,,,,0,38.42,38.42
2006,REG+POST,00-0023657,,Paris Warren,WR,WR,,4,TB,0,0,0,0,0,0,0,0,0,0,0,0,,0,,,0,0,0,0,0,0,,0,5,5,63,0,0,0,48,15,2,5.78472176441574,0,1.3125,0.0657894736842105,0.100208768267223,0.168830348313372,0,6.3,11.3
2006,REG+POST,00-0023662,M.Cassel,Matt Cassel,QB,QB,"https://static.www.nfl.com/image/private/f_auto,q_auto/league/n1ucqggyu5hlsqzuv5gj",5,NE,5,8,32,0,0,3,15,1,1,26,30,3,-2.81399489671458,0,1.23076923076923,-0.0191711178425425,2,4,0,0,0,1,-2.61833461985225,0,0,0,0,0,0,0,0,0,0,,0,,,,,0,-0.32,-0.32
2006,REG+POST,00-0023676,,Noah Herron,RB,RB,,13,GB,0,0,0,0,0,0,0,0,0,0,0,0,,0,,,37,150,1,0,0,7,-4.99339378057462,0,29,29,211,2,1,1,4,207,11,8.65996617535205,0,52.75,0.13302752293578,0.0041450777202072,0.202442838807815,0,52.1,81.1
2006,REG+POST,00-0023682,R.Fitzpatrick,Ryan Fitzpatrick,QB,QB,"https://static.www.nfl.com/image/private/f_auto,q_auto/league/pkhhxwplsawnhln9rsun",1,LA,0,0,0,0,0,0,0,0,0,0,0,0,,0,,,3,0,0,0,0,1,-0.737083559506573,0,0,0,0,0,0,0,0,0,0,,0,,,,,0,0.0,0.0
2006,REG+POST,00-0023683,,Madison Hedgecock,FB,RB,,8,LA,0,0,0,0,0,0,0,0,0,0,0,0,,0,,,1,2,0,0,0,1,0.55831734999083,0,7,7,29,0,0,0,14,15,1,0.329778866551351,0,2.07142857142857,0.0486111111111111,0.0156075808249721,0.0838419732441472,0,3.1,10.1
2006,REG+POST,00-0023701,,Brandon Childress,WR,WR,,1,NE,0,0,0,0,0,0,0,0,0,0,0,0,,0,,,0,0,0,0,0,0,,0,2,2,7,0,0,0,5,2,1,0.03718160034623,0,1.4,0.0714285714285714,0.0381679389312977,0.133860414394766,0,0.7,2.7
2006,REG+POST,00-0023742,J.Ryan,Jon Ryan,P,SPEC,"https://static.www.nfl.com/image/private/f_auto,q_auto/league/jarcsmohj6vbznthlni8",2,GB,1,1,16,0,0,0,0,0,0,1,15,1,2.46165698557161,0,16.0,,1,-11,0,0,0,0,-4.19765752868261,0,0,0,0,0,0,0,0,0,0,,0,,,,,0,-0.46,-0.46
2006,REG+POST,00-0023844,,Chris Taylor,RB,RB,,2,HOU,0,0,0,0,0,0,0,0,0,0,0,0,,0,,,28,123,1,0,0,7,-1.69353382893607,0,3,3,40,0,0,0,6,34,1,2.02062085742364,0,6.66666666666667,0.12,0.0618556701030928,0.223298969072165,0,22.3,25.3
2006,REG+POST,00-0023859,,Brett Basanez,QB,QB,,1,CAR,6,11,56,0,1,0,0,0,0,73,11,4,-0.117463712929748,0,0.767123287671233,0.0100281132279676,1,2,0,0,0,0,-0.190386008820497,0,0,0,0,0,0,0,0,0,0,,0,,,,,0,0.44,0.44
2006,REG+POST,00-0023867,,Taye Biddle,WR,WR,,2,CAR,0,0,0,0,0,0,0,0,0,0,0,0,,0,,,0,0,0,0,0,0,,0,3,3,37,0,0,0,31,6,1,1.83584682107903,0,1.19354838709677,0.0517241379310345,0.0748792270531401,0.13000166583375,0,3.7,6.7
2006,REG+POST,00-0023878,,Cooper Wallace,TE,TE,,1,TEN,0,0,0,0,0,0,0,0,0,0,0,0,,0,,,0,0,0,0,0,0,,0,1,1,6,0,0,0,1,5,0,0.188175660092384,0,6.0,0.125,0.0149253731343284,0.19794776119403,0,0.6,1.6
2006,REG+POST,00-0023889,,Chris Francies,WR,WR,,2,GB,0,0,0,0,0,0,0,0,0,0,0,0,,0,,,0,0,0,0,0,0,,0,2,2,16,0,0,0,12,4,2,1.47730111703277,0,1.33333333333333,0.0465116279069768,0.051948051948052,0.106131078224101,0,1.6,3.6
2006,REG+POST,00-0023891,,Oliver Hoyte,RB,RB,,2,DAL,0,0,0,0,0,0,0,0,0,0,0,0,,0,,,0,0,0,0,0,0,,0,2,2,10,0,0,0,5,5,0,-0.0241581144509837,0,2.0,0.0454545454545455,0.0131926121372032,0.0774166466778604,0,1.0,3.0
2006,REG+POST,00-0023897,,John Madsen,TE,TE,,8,LV,0,0,0,0,0,0,0,0,0,0,0,0,,0,,,0,0,0,0,0,0,,0,11,11,146,1,0,0,101,45,4,9.74199456203496,0,1.44554455445545,0.0714285714285714,0.114124293785311,0.187029862792575,0,20.6,31.6
2006,REG+POST,00-0023921,,Miles Austin,WR,WR,"https://static.www.nfl.com/image/private/f_auto,q_auto/league/tuwhvxan7v0gisbei4an",1,DAL,0,0,0,0,0,0,0,0,0,0,0,0,,0,,,0,0,0,0,0,0,,0,0,0,0,0,0,0,0,0,0,,0,,,,,1,6.0,6.0
2006,REG+POST,00-0023947,,Will Buchanon,WR,WR,,1,LV,0,0,0,0,0,0,0,0,0,0,0,0,,0,,,0,0,0,0,0,0,,0,1,1,9,0,0,0,-1,10,1,0.0767984713602345,0,0.0,0.037037037037037,-0.0089285714285714,0.0493055555555556,0,0.9,1.9
2006,REG+POST,00-0023950,,A.J. Schable,DE,DL,,1,ARI,0,0,0,0,0,0,0,0,0,0,0,0,,0,,,1,5,0,0,0,1,0.0396634400822222,0,0,0,0,0,0,0,0,0,0,,0,,,,,0,0.5,0.5
2006,REG+POST,00-0023953,,Sam Hurd,WR,WR,,2,DAL,0,0,0,0,0,0,0,0,0,0,0,0,,0,,,0,0,0,0,0,0,,0,5,5,75,0,0,0,65,10,2,7.25527280903771,0,1.15384615384615,0.128205128205128,0.184135977337111,0.32120287644367,0,7.5,12.5
2006,REG+POST,00-0023968,,Micheal Spurlock,WR,WR,,1,ARI,0,0,0,0,0,0,0,0,0,0,0,0,,0,,,0,0,0,0,0,0,,0,4,4,31,0,0,0,19,12,2,0.626768939197063,0,1.63157894736842,0.181818181818182,0.0926829268292683,0.337605321507761,0,3.1,7.1
2006,REG+POST,00-0023981,,Martin Nance,WR,WR,,1,MIN,0,0,0,0,0,0,0,0,0,0,0,0,,0,,,0,0,0,0,0,0,,0,4,4,33,0,1,0,19,14,2,3.04922945424914,0,1.73684210526316,0.19047619047619,0.182692307692308,0.413598901098901,0,3.3,7.3
2006,REG+POST,00-0024011,,Mike Bell,RB,RB,,14,DEN,0,0,0,0,0,0,0,0,0,0,0,0,,0,,,157,677,8,1,0,40,7.93037363333805,0,20,20,158,0,0,0,-15,173,5,4.26937394085689,0,-10.5333333333333,0.155038759689923,-0.0217391304347826,0.217340748230536,0,131.5,151.5
2006,REG+POST,00-0024013,,Hank Baskett,WR,WR,,12,PHI,0,1,0,0,1,0,0,0,0,25,0,0,-4.87902504764497,0,0.0,,0,0,0,0,0,0,,0,24,24,494,2,0,0,308,179,18,37.7017317741993,0,1.6038961038961,0.0892193308550186,0.174801362088536,0.256189949744503,0,59.4,83.4
2006,REG+POST,00-0024044,,Devale Ellis,WR,WR,,4,DET,0,0,0,0,0,0,0,0,0,0,0,0,,0,,,2,3,0,0,0,1,-1.07339077536017,0,4,4,41,0,0,0,25,16,2,3.28691177762812,0,1.64,0.0547945205479452,0.0512295081967213,0.118052436559623,0,4.4,8.4
2006,REG+POST,00-0024110,,Steve Weatherford,P,SPEC,"https://static.www.nfl.com/image/private/f_auto,q_auto/league/jkpdalshsrmuxdn1jj4h",1,NO,0,0,0,0,0,0,0,0,0,0,0,0,,0,,,1,15,0,0,0,1,1.0549505543313,0,0,0,0,0,0,0,0,0,0,,0,,,,,0,1.5,1.5
2006,REG+POST,00-0024174,,Glenn Holt,WR,WR,,1,CIN,0,0,0,0,0,0,0,0,0,0,0,0,,0,,,0,0,0,0,0,0,,0,1,1,3,0,0,0,0,3,0,-0.18386149010621,0,0.0,0.037037037037037,,,0,0.3,1.3
2006,REG+POST,00-0024189,,Derrick Ross,RB,RB,,1,KC,0,0,0,0,0,0,0,0,0,0,0,0,,0,,,3,8,0,0,0,0,-0.90228846622631,0,0,0,0,0,0,0,0,0,0,,0,,,,,0,0.8,0.8
2006,REG+POST,00-0024202,,Jamaal Branch,RB,RB,,1,NO,0,0,0,0,0,0,0,0,0,0,0,0,,0,,,10,29,0,0,0,2,-1.21248559077503,0,5,5,14,1,0,0,-18,32,1,-1.13227083935635,0,-0.777777777777778,0.25,-0.160714285714286,0.2625,0,10.3,15.3
2006,REG+POST,00-0024217,,Reggie Bush,RB,RB,"https://static.www.nfl.com/image/private/f_auto,q_auto/league/z2m2heolqx9sgobdks9v",18,NO,0,1,0,0,1,0,0,0,0,18,0,0,-4.73078093468212,0,0.0,,170,629,7,3,2,32,-22.2045525175231,0,99,99,902,3,0,0,103,799,38,52.8660216137877,0,8.75728155339806,0.235714285714286,0.0375775264502007,0.379875697086569,1,213.1,312.1
2006,REG+POST,00-0024218,,Vince Young,QB,QB,,15,TEN,184,356,2199,12,13,26,130,6,1,3454,880,107,-47.1057068906404,0,0.636653155761436,0.0269041326540991,82,553,7,6,2,31,21.2572329540557,1,0,0,0,0,0,0,0,0,0,,0,,,,,0,203.26,203.26
2006,REG+POST,00-0024221,V.Davis,Vernon Davis,TE,TE,"https://static.www.nfl.com/image/private/f_auto,q_auto/league/so5ywayfeeu4zeijln5m",7,SF,0,0,0,0,0,0,0,0,0,0,0,0,,0,,,2,5,0,0,0,0,-0.39855883794371,0,20,20,265,3,1,1,137,128,9,16.9940062765381,0,1.93430656934307,0.18018018018018,0.208523592085236,0.416236784729935,0,43.0,63.0
2006,REG+POST,00-0024225,,Matt Leinart,QB,QB,,12,ARI,213,376,2542,11,12,20,153,4,1,2996,941,124,3.70003329815824,0,0.848464619492657,0.0323603495063306,23,44,2,4,1,6,-7.33744879642872,0,0,0,0,0,0,0,0,0,0,,0,,,,,0,134.08,134.08
2006,REG+POST,00-0024226,J.Cutler,Jay Cutler,QB,QB,"https://static.www.nfl.com/image/private/f_auto,q_auto/league/ks6n7gvw4vccihlse6bn",5,DEN,81,137,1001,9,5,13,85,3,1,1405,406,48,-7.05902342918875,0,0.712455516014235,0.0538509743995652,12,18,0,5,1,0,-6.72142303362489,0,0,0,0,0,0,0,0,0,0,,0,,,,,0,63.84,63.84
2006,REG+POST,00-0024236,,Laurence Maroney,RB,RB,,17,NE,0,0,0,0,0,0,0,0,0,0,0,0,,0,,,206,832,6,2,1,46,-12.4337317402824,0,23,23,200,1,0,0,7,193,11,10.3448375712615,0,28.5714285714286,0.104072398190045,0.0054263565891472,0.159907046897471,0,143.2,166.2
2006,REG+POST,00-0024240,,Santonio Holmes,WR,WR,,16,PIT,0,0,0,0,0,0,0,0,0,0,0,0,,0,,,1,13,0,0,0,1,1.15570313693024,0,49,49,824,2,0,0,491,333,41,76.9927238538554,0,1.67820773930754,0.157051282051282,0.211364614722342,0.383532153382562,1,101.7,150.7
2006,REG+POST,00-0024242,,DeAngelo Williams,RB,RB,"https://static.www.nfl.com/image/private/f_auto,q_auto/league/oky9ooitgqa1fgwdll6b",13,CAR,0,0,0,0,0,0,0,0,0,0,0,0,,0,,,121,501,1,1,0,30,-5.35115797977778,0,33,33,313,1,0,0,-15,328,11,11.1116031738303,0,-20.8666666666667,0.148648648648649,-0.0167410714285714,0.211254222972973,0,93.4,126.4
2006,REG+POST,00-0024243,M.Lewis,Marcedes Lewis,TE,TE,"https://static.www.nfl.com/image/private/f_auto,q_auto/league/ppq07tipygpftz5csipx",8,JAX,0,0,0,0,0,0,0,0,0,0,0,0,,0,,,0,0,0,0,0,0,,0,13,13,126,1,0,0,76,50,6,10.7999339468834,0,1.65789473684211,0.0955882352941176,0.102981029810298,0.215469073808385,0,18.6,31.6
2006,REG+POST,00-0024245,,Joseph Addai,RB,RB,,20,IND,0,0,0,0,0,1,3,0,0,0,0,0,-2.35247698053718,0,,,302,1375,9,3,2,89,9.34315639559864,0,62,62,443,1,0,0,31,412,26,25.1129237396492,0,14.2903225806452,0.140909090909091,0.0109193377949982,0.219007172820135,0,237.8,299.8
2006,REG+POST,00-0024251,,Chad Jackson,WR,WR,,10,NE,0,0,0,0,0,0,0,0,0,0,0,0,,0,,,4,22,0,0,0,2,1.29172345495317,0,13,13,152,3,0,0,107,45,6,15.6524451329024,0,1.42056074766355,0.0695187165775401,0.102294455066922,0.175884193413155,0,35.4,48.4
2006,REG+POST,00-0024259,,Sinorice Moss,WR,WR,,4,NYG,0,0,0,0,0,0,0,0,0,0,0,0,,0,,,0,0,0,0,0,0,,0,5,5,25,0,0,0,3,22,1,0.686602639965713,0,8.33333333333333,0.0561797752808989,0.0055865921787709,0.088180277446488,0,2.5,7.5
2006,REG+POST,00-0024260,,LenDale White,RB,RB,,13,TEN,0,0,0,0,0,0,0,0,0,0,0,0,,0,,,61,244,0,0,0,13,-4.88180636009201,0,14,14,60,0,0,0,-10,70,1,-3.27001245843712,0,-6.0,0.12280701754386,-0.0171526586620926,0.172203665252325,0,30.4,44.4
2006,REG+POST,00-0024261,,Joe Klopfenstein,TE,TE,,11,LA,0,0,0,0,0,0,0,0,0,0,0,0,,0,,,0,0,0,0,0,0,,0,20,20,226,1,0,0,186,40,9,16.1181125754374,0,1.21505376344086,0.0763358778625954,0.10010764262648,0.184579166632429,0,28.6,48.6
2006,REG+POST,00-0024264,K.Clemens,Kellen Clemens,QB,QB,"https://static.www.nfl.com/image/private/f_auto,q_auto/league/pxungqbhh61ov73tzaxk",2,NYJ,0,1,0,0,0,4,27,1,1,7,0,0,-6.79802866448881,0,0.0,,2,10,0,0,0,0,0.0311610473436303,0,0,0,0,0,0,0,0,0,0,,0,,,,,0,-1.0,-1.0
2006,REG+POST,00-0024267,,Greg Jennings,WR,WR,"https://static.www.nfl.com/image/private/f_auto,q_auto/league/jiemkcfkc893pfova8xv",14,GB,0,0,0,0,0,0,0,0,0,0,0,0,,0,,,0,0,0,0,0,0,,0,45,45,632,3,1,0,380,252,28,54.8453324241273,0,1.66315789473684,0.144230769230769,0.217018846373501,0.368259346307604,0,81.2,126.2
2006,REG+POST,00-0024268,A.Fasano,Anthony Fasano,TE,TE,"https://static.www.nfl.com/image/private/f_auto,q_auto/league/twcrap9uhjbazmplq5x3",7,DAL,0,0,0,0,0,0,0,0,0,0,0,0,,0,,,0,0,0,0,0,0,,0,14,14,126,0,0,0,72,54,4,6.88841861567926,0,1.75,0.0979020979020979,0.0622837370242215,0.190451762770102,0,12.6,26.6
2006,REG+POST,00-0024269,,Bernard Pollard,SS,DB,,1,KC,0,0,0,0,0,0,0,0,0,0,0,0,,0,,,0,0,0,0,0,0,,0,0,0,0,0,0,0,0,0,0,,0,,,,,1,6.0,6.0
2006,REG+POST,00-0024272,,Devin Hester,WR,WR,"https://static.www.nfl.com/image/private/f_auto,q_auto/league/jtntm2ci9doez4qxbx0c",6,CHI,0,0,0,0,0,0,0,0,0,0,0,0,,0,,,0,0,0,0,0,0,,0,0,0,0,0,0,0,0,0,0,,0,,,,,7,42.0,42.0
2006,REG+POST,00-0024275,,Maurice Jones-Drew,RB,RB,,16,JAX,0,0,0,0,0,0,0,0,0,0,0,0,,0,,,166,941,13,2,1,46,24.8973834287247,0,46,46,436,2,0,0,31,405,16,24.6407163879034,0,14.0645161290323,0.210045662100457,0.0281306715063521,0.334759963205131,1,231.7,277.7
2006,REG+POST,00-0024276,,Tony Scheffler,TE,TE,,8,DEN,0,0,0,0,0,0,0,0,0,0,0,0,,0,,,1,3,0,0,0,0,-0.108994975744281,0,18,18,286,4,0,0,218,68,15,26.6482585372578,0,1.31192660550459,0.15,0.274905422446406,0.417433795712484,0,52.9,70.9
2006,REG+POST,00-0024279,,Tarvaris Jackson,QB,QB,"https://static.www.nfl.com/image/private/f_auto,q_auto/league/bqukmeneztibnhrjko0q",4,MIN,47,81,475,2,4,7,37,3,0,609,241,19,-27.8308392838226,0,0.779967159277504,0.0040424717735391,16,79,1,1,1,4,-0.595792904729024,0,0,0,0,0,0,0,0,0,0,,0,,,,,0,30.9,30.9
2006,REG+POST,00-0024287,,Leonard Pope,TE,TE,,12,ARI,0,0,0,0,0,0,0,0,0,0,0,0,,0,,,0,0,0,0,0,0,,0,16,16,161,0,0,0,69,92,7,10.5866814844776,0,2.33333333333333,0.065843621399177,0.0409738717339667,0.127447142312542,0,16.1,32.1
2006,REG+POST,00-0024289,,Brian Calhoun,RB,RB,,4,DET,0,0,0,0,0,0,0,0,0,0,0,0,,0,,,7,14,0,1,0,0,-2.32089181547053,0,2,2,20,0,0,0,5,15,1,-0.0228454015450552,0,4.0,0.0425531914893617,0.0185185185185185,0.0767927501970055,0,3.4,5.4
2006,REG+POST,00-0024293,,Travis Wilson,WR,WR,,2,CLE,0,0,0,0,0,0,0,0,0,0,0,0,,0,,,0,0,0,0,0,0,,0,2,2,32,0,0,0,27,5,2,3.5045398993534,0,1.18518518518519,0.0416666666666667,0.123287671232877,0.148801369863014,0,3.2,5.2
2006,REG+POST,00-0024294,,Jerious Norwood,RB,RB,,14,ATL,0,1,0,0,0,0,0,0,0,11,0,0,-0.448912150401156,0,0.0,,99,633,2,0,0,27,9.69891000638307,0,13,13,102,0,0,0,17,85,4,1.68644876743201,0,6.0,0.104,0.0189944134078212,0.169296089385475,0,85.5,98.5
2006,REG+POST,00-0024296,,Charlie Whitehurst,QB,QB,,2,LAC,0,0,0,0,0,0,0,0,0,0,0,0,,0,,,2,13,1,0,0,1,3.2400500998483,0,0,0,0,0,0,0,0,0,0,,0,,,,,0,7.3,7.3
2006,REG+POST,00-0024297,,Derek Hagan,WR,WR,,10,MIA,0,0,0,0,0,0,0,0,0,0,0,0,,0,,,0,0,0,0,0,0,,0,21,21,221,1,0,0,178,43,13,22.4688076470629,0,1.24157303370787,0.0921052631578947,0.129360465116279,0.228710220318237,0,28.1,49.1
2006,REG+POST,00-0024300,,Brodie Croyle,QB,QB,,2,KC,3,7,23,0,2,1,10,0,0,87,2,2,-11.0010635583894,0,0.264367816091954,-0.0360362472115367,3,-3,0,0,0,0,-3.35645889118314,0,0,0,0,0,0,0,0,0,0,,0,,,,,0,-3.38,-3.38
2006,REG+POST,00-0024301,,David Thomas,TE,TE,,5,NE,0,0,0,0,0,0,0,0,0,0,0,0,,0,,,0,0,0,0,0,0,,0,11,11,159,1,0,0,64,95,5,12.9131373664131,0,2.484375,0.102803738317757,0.121442125237192,0.23921509514267,0,21.9,32.9
2006,REG+POST,00-0024305,,Maurice Stovall,WR,WR,,4,TB,0,0,0,0,0,0,0,0,0,0,0,0,,0,,,2,29,0,0,0,2,1.77845104632434,0,7,7,102,0,0,0,64,38,5,8.57914272823837,0,1.59375,0.0909090909090909,0.141280353200883,0.235259883604254,0,13.1,20.1
2006,REG+POST,00-0024308,,Dominique Byrd,TE,TE,,1,LA,0,0,0,0,0,0,0,0,0,0,0,0,,0,,,0,0,0,0,0,0,,0,2,2,39,1,0,0,20,19,2,4.18164674320724,0,1.95,0.08,0.0970873786407767,0.187961165048544,0,9.9,11.9
2006,REG+POST,00-0024313,,Owen Daniels,TE,TE,"https://static.www.nfl.com/image/private/f_auto,q_auto/league/ktxkz5tzddboxst5xfh8",11,HOU,0,0,0,0,0,0,0,0,0,0,0,0,,0,,,0,0,0,0,0,0,,0,34,34,350,5,0,0,174,176,21,28.8003774701501,0,2.01149425287356,0.132295719844358,0.167146974063401,0.315446461610917,0,65.0,99.0
2006,REG+POST,00-0024315,,Michael Robinson,FB,RB,,14,SF,0,1,0,0,0,0,0,0,0,0,0,0,-2.60897447122261,0,,,38,116,2,0,0,5,-10.3112300810874,0,9,9,47,0,0,0,2,45,3,3.04236692498671,0,23.5,0.0833333333333333,0.0077519379844961,0.130426356589147,0,28.3,37.3
2006,REG+POST,00-0024318,,Brad Smith,QB,QB,,14,NYJ,0,0,0,0,0,0,0,0,0,0,0,0,,0,,,18,103,0,0,0,11,8.00403612522014,0,11,11,69,0,0,0,34,35,5,3.57691635238007,0,2.02941176470588,0.0597826086956522,0.0289855072463768,0.109963768115942,0,17.2,28.2
2006,REG+POST,00-0024324,,Jason Avant,WR,WR,"https://static.www.nfl.com/image/private/f_auto,q_auto/league/nnis5ib42eoeu8bjjpdc",3,PHI,0,0,0,0,0,0,0,0,0,0,0,0,,0,,,0,0,0,0,0,0,,0,7,7,68,1,1,1,41,27,5,2.681947546429,0,1.65853658536585,0.109375,0.1,0.2340625,0,10.8,17.8
2006,REG+POST,00-0024326,,Demetrius Williams,WR,WR,,14,BAL,0,0,0,0,0,0,0,0,0,0,0,0,,0,,,0,0,0,0,0,0,,0,22,22,396,2,0,0,277,119,18,37.5452391651343,0,1.42960288808664,0.0771929824561404,0.148684916800859,0.219868915444812,0,51.6,73.6
2006,REG+POST,00-0024332,,Leon Washington,RB,RB,,16,NYJ,0,0,0,0,0,0,0,0,0,0,0,0,,0,,,162,700,4,1,1,35,-8.52967233862032,0,29,29,295,0,1,0,14,281,8,12.9720359779312,0,21.0714285714286,0.123931623931624,0.0118243243243243,0.194174462924463,0,121.5,150.5
2006,REG+POST,00-0024334,B.Marshall,Brandon Marshall,WR,WR,"https://static.www.nfl.com/image/private/f_auto,q_auto/league/jhziqh0scfksvxen6f3s",8,DEN,0,0,0,0,0,0,0,0,0,0,0,0,,0,,,2,12,0,0,0,1,0.47032199788373,0,20,20,309,2,1,0,201,108,14,27.3577241242456,0,1.53731343283582,0.143884892086331,0.214285714285714,0.365827338129496,0,44.1,64.1
2006,REG+POST,00-0024359,,Jerome Harrison,RB,RB,,9,CLE,0,0,0,0,0,0,0,0,0,0,0,0,,0,,,20,60,0,1,0,4,-4.82248916536433,0,9,9,47,0,0,0,-4,51,1,0.380326675134711,0,-11.75,0.0841121495327103,-0.0095923261390887,0.119453596001703,0,10.7,19.7
2006,REG+POST,00-0024362,,Ingle Martin,QB,QB,,1,GB,0,0,0,0,0,0,0,0,0,0,0,0,,0,,,2,-5,0,0,0,0,-4.2481124434853,0,0,0,0,0,0,0,0,0,0,,0,,,,,0,-0.5,-0.5
2006,REG+POST,00-0024365,,Tim Dobbins,LB,LB,,1,LAC,0,0,0,0,0,0,0,0,0,0,0,0,,0,,,0,0,0,0,0,0,,0,0,0,0,0,0,0,0,0,0,,0,,,,,1,6.0,6.0
2006,REG+POST,00-0024369,,Jeff King,TE,TE,,1,CAR,0,0,0,0,0,0,0,0,0,0,0,0,,0,,,0,0,0,0,0,0,,0,1,1,1,1,0,0,1,0,1,0.962384120444767,0,1.0,0.25,0.0454545454545455,0.406818181818182,0,6.1,7.1
2006,REG+POST,00-0024380,,Quinn Sypniewski,TE,TE,,2,BAL,0,0,0,0,0,0,0,0,0,0,0,0,,0,,,0,0,0,0,0,0,,0,2,2,15,0,0,0,9,6,0,0.843521091213916,0,1.66666666666667,0.0454545454545455,0.0947368421052632,0.134497607655502,0,1.5,3.5
2006,REG+POST,00-0024384,,Wali Lundy,RB,RB,,12,HOU,0,0,0,0,0,1,9,0,0,0,0,0,-2.73570677801035,0,,,124,476,4,1,1,29,-12.131356551894,0,33,33,204,0,0,0,-63,267,7,5.18651650935429,1,-3.23809523809524,0.145374449339207,-0.0783582089552239,0.163210927740154,0,92.0,125.0
2006,REG+POST,00-0024389,De.Walker,Delanie Walker,TE,TE,"https://static.www.nfl.com/image/private/f_auto,q_auto/league/diknegkpqy0qnri7877z",1,SF,0,0,0,0,0,0,0,0,0,0,0,0,,0,,,0,0,0,0,0,0,,0,2,2,30,0,0,0,3,27,1,1.63236887234962,0,10.0,0.166666666666667,0.0379746835443038,0.276582278481013,0,3.0,5.0
2006,REG+POST,00-0024394,,Lawrence Vickers,FB,RB,,6,CLE,0,0,0,0,0,0,0,0,0,0,0,0,,0,,,3,2,0,0,0,0,-3.56488473690115,0,6,6,60,0,0,0,-4,64,2,3.43956136459019,0,-15.0,0.0560747663551402,-0.0077220077220077,0.0787067441273049,0,6.2,12.2
2006,REG+POST,00-0024398,,Adam Jennings,WR,WR,,1,ATL,0,0,0,0,0,0,0,0,0,0,0,0,,0,,,1,-4,0,0,0,0,-1.35923931770958,0,0,0,0,0,0,0,0,0,0,,0,,,,,0,-0.4,-0.4
2006,REG+POST,00-0024404,,Jeff Webb,WR,WR,,1,KC,0,0,0,0,0,0,0,0,0,0,0,0,,0,,,0,0,0,0,0,0,,0,3,3,23,0,0,0,21,2,2,1.20205131423427,0,1.0952380952381,0.157894736842105,0.139072847682119,0.334193098640641,0,2.3,5.3
2006,REG+POST,00-0024407,,Reggie McNeal,WR,WR,,1,CIN,0,0,0,0,0,0,0,0,0,0,0,0,,0,,,1,8,0,0,0,1,1.41624537261669,0,0,0,0,0,0,0,0,0,0,,0,,,,,0,0.8,0.8
2006,REG+POST,00-0024408,,Bruce Gradkowski,QB,QB,,13,TB,177,328,1661,9,9,25,146,7,3,2241,794,79,-84.5081591817937,0,0.741186970102633,-0.006982642862775,41,161,0,4,3,12,-7.18995131998968,0,0,0,0,0,0,0,0,0,0,,0,,,,,0,88.54,88.54
2006,REG+POST,00-0024442,,Jarrad Page,SS,DB,,1,KC,0,0,0,0,0,0,0,0,0,0,0,0,,0,,,1,4,0,0,0,1,2.40436900965869,0,0,0,0,0,0,0,0,0,0,,0,,,,,0,0.4,0.4
2006,REG+POST,00-0024465,,David Anderson,WR,WR,,1,HOU,0,0,0,0,0,0,0,0,0,0,0,0,,0,,,0,0,0,0,0,0,,0,1,1,27,0,0,0,6,21,1,2.16253094468266,0,4.5,0.0625,0.12,0.17775,0,2.7,3.7
2006,REG+POST,00-0024466,,Marques Colston,WR,WR,"https://static.www.nfl.com/image/private/f_auto,q_auto/league/hnnuo9nfwzwlakr2srdq",14,NO,0,0,0,0,0,0,0,0,0,0,0,0,,0,,,0,0,0,0,0,0,,0,80,80,1156,9,1,1,762,394,56,113.364976705227,0,1.51706036745407,0.246153846153846,0.37279843444227,0.630189673340358,0,167.6,247.6
2006,REG+POST,00-0024489,,Ahmard Hall,FB,RB,,10,TEN,0,0,0,0,0,0,0,0,0,0,0,0,,0,,,7,21,0,0,0,3,-2.09951831272338,0,15,15,138,0,1,1,13,125,6,2.30261810292723,0,10.6153846153846,0.115384615384615,0.0185449358059914,0.186058378141117,0,13.9,28.9
2007,REG,00-0000865,,Charlie Batch,QB,QB,,7,PIT,17,36,232,2,3,0,0,0,0,432,105,10,-4.57819480240777,0,0.537037037037037,0.0257875633471161,12,-7,0,0,0,0,-9.6027105327521,0,0,0,0,0,0,0,0,0,0,,0,,,,,0,10.58,10.58
2007,REG,00-0001157,,Mitch Berger,P,SPEC,,1,ARI,0,0,0,0,0,0,0,0,0,0,0,0,,0,,,1,0,0,1,0,0,0.226181645877659,0,0,0,0,0,0,0,0,0,0,,0,,,,,0,0.0,0.0
2007,REG,00-0001477,,Marty Booker,WR,WR,,15,MIA,0,1,0,0,0,0,0,0,0,0,0,0,-0.0112659602891654,0,,,2,12,0,1,1,1,-2.38682400173275,0,50,50,556,1,0,0,429,127,28,48.4803739980094,0,1.2960372960373,0.169491525423729,0.244444444444444,0.425348399246704,0,60.8,110.8
2007,REG,00-0001563,,David Bowens,ILB,LB,,1,NYJ,0,0,0,0,0,0,0,0,0,0,0,0,,0,,,0,0,0,0,0,0,,0,0,0,0,0,0,0,0,0,0,,0,,,,,1,6.0,6.0
2007,REG,00-0001661,,Kyle Brady,TE,TE,,7,NE,0,0,0,0,0,0,0,0,0,0,0,0,,0,,,0,0,0,0,0,0,,0,9,9,70,2,0,0,46,24,5,6.70850703120232,0,1.52173913043478,0.0502793296089386,0.0351145038167939,0.0999991470851636,0,19.0,28.0
2007,REG,00-0002099,,Isaac Bruce,WR,WR,,13,LA,0,0,0,0,0,0,0,0,0,0,0,0,,0,,,2,-4,0,0,0,0,-1.8634189349832,0,55,55,733,4,0,0,614,119,36,60.7221521913123,0,1.19381107491857,0.201465201465201,0.30320987654321,0.514444715778049,0,96.9,151.9
2007,REG,00-0002565,,Dan Campbell,TE,TE,,1,DET,0,0,0,0,0,0,0,0,0,0,0,0,,0,,,0,0,0,0,0,0,,0,1,1,1,0,0,0,1,0,0,-0.592115527251735,0,1.0,0.037037037037037,0.0064516129032258,0.0600716845878136,0,0.1,1.1
2007,REG,00-0003035,,Desmond Clark,TE,TE,,15,CHI,0,0,0,0,0,0,0,0,0,0,0,0,,0,,,0,0,0,0,0,0,,0,44,44,545,4,1,0,304,234,24,42.8159559327178,0,1.79276315789474,0.140575079872204,0.167955801104972,0.328431680581787,0,78.5,122.5
2007,REG,00-0003292,,Kerry Collins,QB,QB,,6,TEN,50,82,531,0,0,5,42,1,1,678,224,30,3.70505534460057,0,0.783185840707965,0.0692107139850761,3,-3,0,0,0,0,-3.57812164706411,0,0,0,0,0,0,0,0,0,0,,0,,,,,0,18.94,18.94
2007,REG,00-0003315,,Todd Collins,QB,QB,,4,WAS,67,105,888,5,0,7,47,3,2,818,363,42,26.7420067087433,0,1.08557457212714,0.152282686871486,8,1,0,1,0,1,-6.27917809324572,0,0,0,0,0,0,0,0,0,0,,0,,,,,0,51.62,51.62
2007,REG,00-0003663,,Zack Crockett,RB,RB,,1,TB,0,0,0,0,0,0,0,0,0,0,0,0,,0,,,1,0,0,0,0,0,-0.584803555975668,0,0,0,0,0,0,0,0,0,0,,0,,,,,0,0.0,0.0
2007,REG,00-0003739,,Daunte Culpepper,QB,QB,,7,LV,108,185,1332,5,5,21,136,6,3,1516,513,60,0.439777178250608,0,0.878627968337731,0.0444028614398142,20,46,3,3,0,7,4.74088284509855,0,0,0,0,0,0,0,0,0,0,,0,,,,,0,79.88,79.88
2007,REG,00-0004161,,Jake Delhomme,QB,QB,,3,CAR,55,86,617,8,1,5,46,1,0,641,272,27,22.8386041867216,0,0.962558502340094,0.161733480496383,6,26,0,0,0,2,-0.174130760366097,0,0,0,0,0,0,0,0,0,0,,0,,,,,0,57.28,57.28
2007,REG,00-0004293,,Trent Dilfer,QB,QB,,7,SF,113,219,1166,7,12,27,182,4,1,1869,511,62,-88.6734907629408,0,0.62386302835741,-0.006380505891057,10,25,0,4,1,1,-11.4288399833022,0,0,0,0,0,0,0,0,0,0,,0,,,,,0,49.14,49.14
2007,REG,00-0004541,,Donald Driver,WR,WR,,15,GB,0,0,0,0,0,0,0,0,0,0,0,0,,0,,,2,4,0,0,0,0,-0.80194024881348,0,82,83,1048,2,1,0,649,401,49,82.3120188513422,0,1.61479198767334,0.22554347826087,0.307728781412992,0.553725364380399,0,117.2,199.2
2007,REG,00-0004637,,Jason Dunn,TE,TE,,1,KC,0,0,0,0,0,0,0,0,0,0,0,0,,0,,,0,0,0,0,0,0,,0,2,2,9,0,0,0,3,6,0,0.143530172295868,0,3.0,0.0606060606060606,0.0154639175257732,0.101733833177132,0,0.9,2.9
2007,REG,00-0004640,,Warrick Dunn,RB,RB,,16,ATL,0,0,0,0,0,0,0,0,0,0,0,0,,0,,,228,718,4,2,2,34,-56.6993146477742,0,37,37,238,0,0,0,0,238,5,0.354941335972505,0,0.0,0.114551083591331,0.0,0.171826625386997,0,115.6,152.6
2007,REG,00-0004673,,Tim Dwight,WR,WR,,6,LV,0,0,0,0,0,0,0,0,0,0,0,0,,0,,,2,12,0,0,0,1,0.181327255093493,0,6,6,98,2,0,0,91,7,4,9.4846745749237,0,1.07692307692308,0.0909090909090909,0.182730923694779,0.264275282949982,0,23.0,29.0
2007,REG,00-0004915,,Bobby Engram,WR,WR,,16,SEA,0,0,0,0,0,0,0,0,0,0,0,0,,0,,,0,0,0,0,0,0,,0,94,94,1147,6,1,1,791,356,63,90.3587757431515,0,1.45006321112516,0.252688172043011,0.329858215179316,0.609933008690037,0,148.7,242.7
2007,REG,00-0005091,,Kevin Faulk,RB,RB,,16,NE,0,0,0,0,0,0,0,0,0,0,0,0,,0,,,63,268,0,0,0,15,-2.19309320137836,0,47,47,383,1,1,0,45,338,20,24.9905702722334,0,8.51111111111111,0.116625310173697,0.0177865612648221,0.187388558145921,0,71.1,118.1
2007,REG,00-0005101,,Christian Fauria,TE,TE,,5,CAR,0,0,0,0,0,0,0,0,0,0,0,0,,0,,,0,0,0,0,0,0,,0,5,5,39,2,0,0,31,8,5,7.75273179868236,0,1.25806451612903,0.0531914893617021,0.0496,0.114507234042553,0,15.9,20.9
2007,REG,00-0005106,,Brett Favre,QB,QB,,16,GB,356,535,4157,28,15,15,93,5,1,4064,2085,197,115.085945373851,0,1.02288385826772,0.147641011937142,29,12,0,4,2,3,-19.7957229937907,0,0,0,0,0,0,0,0,0,0,,0,,,,,0,243.48,243.48
2007,REG,00-0005589,,Gus Frerotte,QB,QB,,8,LA,94,167,1014,7,12,11,59,2,1,1505,329,55,-48.839696811467,1,0.67375415282392,0.002171312031811,6,3,0,1,0,2,-2.52467471957789,0,0,0,0,0,0,0,0,0,0,,0,,,,,0,44.86,44.86
2007,REG,00-0005720,,Joey Galloway,WR,WR,,15,TB,0,0,0,0,0,0,0,0,0,0,0,0,,0,,,1,1,0,0,0,0,-0.494339831871912,0,57,57,1014,6,0,0,580,434,37,82.0007479906217,0,1.74827586206897,0.193220338983051,0.35517452541335,0.538452676263921,0,137.5,194.5
2007,REG,00-0005755,,Jeff Garcia,QB,QB,,13,TB,209,327,2440,13,4,19,104,0,0,2443,1129,112,49.4191126845546,0,0.998772001637331,0.118426911918537,35,116,1,4,2,10,-11.5746558468466,0,0,0,0,0,0,0,0,0,0,,0,,,,,0,155.2,155.2
2007,REG,00-0006101,,Tony Gonzalez,TE,TE,,16,KC,0,0,0,0,0,0,0,0,0,0,0,0,,0,,,0,0,0,0,0,0,,0,99,99,1172,5,0,0,876,296,59,92.5760113534925,0,1.337899543379,0.295522388059702,0.441754916792738,0.752512023844469,0,147.2,246.2
2007,REG,00-0006305,,Ahman Green,RB,RB,,6,HOU,0,0,0,0,0,0,0,0,0,0,0,0,,0,,,70,260,2,0,0,17,-4.34351379524859,0,14,14,123,0,0,0,-51,174,2,2.55224149112211,0,-2.41176470588235,0.126126126126126,-0.0764617691154423,0.13566595080838,0,50.3,64.3
2007,REG,00-0006355,,Trent Green,QB,QB,,5,MIA,85,141,987,5,7,7,53,0,0,1182,434,51,-2.91480377143027,0,0.83502538071066,0.0628660086238556,7,32,0,2,0,3,-3.14597703824984,0,0,0,0,0,0,0,0,0,0,,0,,,,,0,48.68,48.68
2007,REG,00-0006423,,Brian Griese,QB,QB,,7,CHI,161,262,1803,10,12,15,114,2,0,1940,894,82,0.296820992883356,0,0.929381443298969,0.0534770172256583,13,28,0,4,1,3,-4.31504652656515,0,0,0,0,0,0,0,0,0,0,,0,,,,,0,88.92,88.92
2007,REG,00-0007024,,Marvin Harrison,WR,WR,,5,IND,0,0,0,0,0,0,0,0,0,0,0,0,,0,,,0,0,0,0,0,0,,0,20,20,247,1,0,0,204,43,12,21.3848430372891,0,1.21078431372549,0.18348623853211,0.217948717948718,0.427793460362268,0,30.7,50.7
2007,REG,00-0007091,,Matt Hasselbeck,QB,QB,"https://static.www.nfl.com/image/private/f_auto,q_auto/league/t1nf9avoy2kauqwrvzza",16,SEA,352,562,3966,28,12,33,204,5,2,4650,1669,204,65.8342760011567,0,0.852903225806452,0.102316125210711,39,97,0,4,3,8,-16.1081112229731,0,0,0,0,0,0,0,0,0,0,,0,,,,,0,246.34,246.34
2007,REG,00-0007213,,Steve Heiden,TE,TE,"https://static.www.nfl.com/image/private/f_auto,q_auto/league/gbtrxatwcauhazpjejcr",10,CLE,0,0,0,0,0,0,0,0,0,0,0,0,,0,,,0,0,0,0,0,0,,0,12,12,104,0,0,0,74,30,4,4.52090340008726,0,1.40540540540541,0.0625,0.0504774897680764,0.129084242837653,0,10.4,22.4
2007,REG,00-0007308,,Craig Hentrich,P,SPEC,,1,TEN,0,0,0,0,0,0,0,0,0,0,0,0,,0,,,1,-8,0,0,0,0,-3.10312166652875,0,0,0,0,0,0,0,0,0,0,,0,,,,,0,-0.8,-0.8
2007,REG,00-0007468,,Ike Hilliard,WR,WR,,15,TB,0,0,0,0,0,0,0,0,0,0,0,0,,0,,,1,6,0,0,0,0,-0.47701843502,0,62,62,722,1,2,2,402,320,37,49.4196673922839,0,1.79601990049751,0.210169491525424,0.246172688303735,0.48757511910075,0,74.8,136.8
2007,REG,00-0007576,,Kelly Holcomb,QB,QB,,3,MIN,42,83,511,2,1,11,87,1,0,617,225,23,-5.86896687802285,0,0.828200972447326,-0.0179380215181371,1,0,0,0,0,0,-1.23760436708108,0,0,0,0,0,0,0,0,0,0,,0,,,,,0,26.44,26.44
2007,REG,00-0007661,,Priest Holmes,RB,RB,,4,KC,0,0,0,0,0,0,0,0,0,0,0,0,,0,,,46,137,0,0,0,6,-10.7327433984183,1,5,5,17,0,0,0,-23,40,0,-2.28387516969815,0,-0.739130434782609,0.0649350649350649,-0.0533642691415313,0.0600476090035255,0,17.4,22.4
2007,REG,00-0007681,,Torry Holt,WR,WR,,16,LA,0,0,0,0,0,0,0,0,0,0,0,0,,0,,,0,0,0,0,0,0,,0,93,93,1189,7,2,0,977,217,63,98.9622343304208,1,1.21699078812692,0.279279279279279,0.400409836065574,0.699205804164821,0,162.9,255.9
2007,REG,00-0007744,,Joe Horn,WR,WR,,11,ATL,0,0,0,0,0,0,0,0,0,0,0,0,,0,,,0,0,0,0,0,0,,0,27,27,243,1,0,0,192,51,17,19.4881675159559,0,1.265625,0.1125,0.135116115411682,0.263331280788177,0,30.3,57.3
2007,REG,00-0007835,,Damon Huard,QB,QB,,11,KC,206,332,2257,11,13,37,237,5,3,2676,952,111,-26.3067572887379,0,0.843423019431988,0.0450571036071748,9,-1,0,0,0,0,-12.5847998537356,0,0,0,0,0,0,0,0,0,0,,0,,,,,0,102.18,102.18
2007,REG,00-0008241,,Edgerrin James,RB,RB,,16,ARI,0,0,0,0,0,0,0,0,0,0,0,0,,0,,,324,1232,7,4,0,53,-15.216196455025,0,25,25,196,0,1,0,5,186,9,8.86604323866777,0,39.2,0.0871080139372822,0.0029052876234747,0.132695722242356,0,184.8,209.8
2007,REG,00-0008442,,Brad Johnson,QB,QB,,3,DAL,7,11,79,0,0,1,9,0,0,73,53,2,-1.74302300456723,0,1.08219178082192,0.0376918957653123,5,-5,0,0,0,0,-5.04612704971805,0,0,0,0,0,0,0,0,0,0,,0,,,,,0,2.66,2.66
2007,REG,00-0008962,,Joe Jurevicius,WR,WR,,16,CLE,0,0,0,0,0,0,0,0,0,0,0,0,,0,,,0,0,0,0,0,0,,0,50,50,614,3,0,0,371,243,34,60.6344951032137,1,1.65498652291105,0.163398692810458,0.165921288014311,0.361242940825704,0,81.4,131.4
2007,REG,00-0009119,,Reggie Kelly,TE,TE,,13,CIN,0,0,0,0,0,0,0,0,0,0,0,0,,0,,,0,0,0,0,0,0,,0,20,20,211,0,0,0,162,49,7,12.9249026252109,0,1.30246913580247,0.0630914826498423,0.0821084642676128,0.152113148962092,0,21.1,41.1
2007,REG,00-0009163,,Eddie Kennison,WR,WR,,7,KC,0,0,0,0,0,0,0,0,0,0,0,0,,0,,,2,5,0,0,0,0,-0.417983939521946,0,13,13,101,0,0,0,78,23,6,6.21221173100639,0,1.2948717948718,0.138297872340426,0.183098591549296,0.335615822595145,0,10.6,23.6
2007,REG,00-0009311,,Jon Kitna,QB,QB,,16,DET,355,563,4066,18,21,48,319,10,3,4799,1569,196,-22.7559224234231,0,0.847259845801209,0.0497181466280775,27,63,0,5,2,4,-8.5378191570635,0,1,1,9,0,0,0,-7,16,0,0.609928418183699,0,0.0,0.0285714285714286,-0.031390134529148,0.0208840486867393,0,189.84,190.84
2007,REG,00-0009323,,Jimmy Kleinsasser,TE,TE,,4,MIN,0,0,0,0,0,0,0,0,0,0,0,0,,0,,,0,0,0,0,0,0,,0,4,4,43,1,0,0,25,18,3,2.91055076284101,0,1.72,0.0533333333333333,0.0535331905781585,0.117473233404711,0,10.3,14.3
2007,REG,00-0009443,,Brian Kozlowski,TE,TE,,1,WAS,0,0,0,0,0,0,0,0,0,0,0,0,,0,,,0,0,0,0,0,0,,0,1,1,5,0,0,0,2,3,0,0.165939343394712,0,2.5,0.0434782608695652,0.0124223602484472,0.0739130434782609,0,0.5,1.5
2007,REG,00-0010346,,Peyton Manning,QB,QB,"https://static.www.nfl.com/image/private/f_auto,q_auto/league/xpcd6auodk3w0vda6jal",16,IND,337,515,4040,31,14,21,124,6,1,4465,1447,205,154.487474703707,1,0.90481522956327,0.18086400591551,20,-5,3,0,0,4,-0.063454955125398,0,0,0,0,0,0,0,0,0,0,,0,,,,,0,275.1,275.1
2007,REG,00-0010455,,Jamie Martin,QB,QB,,1,NO,0,0,0,0,0,0,0,0,0,0,0,0,,0,,,3,-3,0,0,0,0,-1.29758427420165,0,0,0,0,0,0,0,0,0,0,,0,,,,,0,-0.3,-0.3
2007,REG,00-0010500,,Derrick Mason,WR,WR,,16,BAL,0,0,0,0,0,0,0,0,0,0,0,0,,0,,,0,0,0,0,0,0,,0,103,103,1087,5,1,1,748,339,60,92.0375080528834,0,1.45320855614973,0.302052785923754,0.371031746031746,0.712801401107853,0,136.7,239.7
2007,REG,00-0010668,,Keenan McCardell,WR,WR,,7,WAS,0,0,0,0,0,0,0,0,0,0,0,0,,0,,,0,0,0,0,0,0,,0,22,22,256,1,0,0,184,72,16,24.2831795894308,0,1.39130434782609,0.124293785310734,0.173095014111007,0.307607187843806,0,31.6,53.6
2007,REG,00-0011022,,Donovan McNabb,QB,QB,,14,PHI,291,473,3324,20,7,44,227,6,3,3617,1474,152,35.5902209283158,0,0.918993641139066,0.0818147722096996,50,236,0,3,2,16,-3.87798822755576,0,0,0,0,0,0,0,0,0,0,,0,,,,,0,212.56,212.56
2007,REG,00-0011024,,Steve McNair,QB,QB,,6,BAL,133,205,1113,2,4,11,85,6,5,1137,567,60,-36.2317227408743,0,0.978891820580475,0.0428077316415393,10,32,0,2,2,4,-9.02262710483046,0,0,0,0,0,0,0,0,0,0,,0,,,,,0,33.72,33.72
2007,REG,00-0011236,,Billy Miller,TE,TE,,12,NO,0,0,0,0,0,0,0,0,0,0,0,0,,0,,,0,0,0,0,0,0,,0,27,27,328,2,0,0,138,190,20,24.1205771049135,0,2.3768115942029,0.0813253012048193,0.0781869688385269,0.176718829994198,0,44.8,71.8
2007,REG,00-0011626,,Brian Moorman,P,SPEC,,3,BUF,0,0,0,0,0,0,0,0,0,0,0,0,,0,,,4,14,0,0,0,2,1.35914040834177,0,0,0,0,0,0,0,0,0,0,,0,,,,,0,1.4,1.4
2007,REG,00-0011641,,Sean Morey,WR,WR,,4,ARI,0,0,0,0,0,0,0,0,0,0,0,0,,0,,,1,13,0,0,0,1,3.24639827944338,0,8,8,131,0,0,0,62,69,4,6.48201169725508,0,2.11290322580645,0.105263157894737,0.104201680672269,0.230835913312693,0,14.4,22.4
2007,REG,00-0011754,,Randy Moss,WR,WR,,16,NE,0,0,0,0,0,0,0,0,0,0,0,0,,0,,,0,0,0,0,0,0,,0,98,98,1493,23,0,0,1123,370,75,153.485697689366,0,1.32947462154942,0.24317617866005,0.406736689605216,0.649479950713725,0,287.3,385.3
2007,REG,00-0011770,,Eric Moulds,WR,WR,,13,TEN,0,0,0,0,0,0,0,0,0,0,0,0,,0,,,0,0,0,0,0,0,,0,32,32,342,0,0,0,194,148,21,31.231139799871,0,1.76288659793814,0.131687242798354,0.125485122897801,0.285370450225991,0,34.2,66.2
2007,REG,00-0011795,,Muhsin Muhammad,WR,WR,,15,CHI,0,0,0,0,0,0,0,0,0,0,0,0,,0,,,0,0,0,0,0,0,,0,40,40,570,3,0,0,388,182,28,51.8102356032261,0,1.46907216494845,0.125786163522013,0.202716823406479,0.330581021667554,0,75.0,115.0
2007,REG,00-0011958,,Lorenzo Neal,FB,RB,,10,LAC,0,0,0,0,0,0,0,0,0,0,0,0,,0,,,13,32,0,0,0,5,-3.72812374506611,0,8,8,23,1,1,0,1,22,1,2.71352473832667,0,23.0,0.0701754385964912,0.002710027100271,0.107160176864927,0,11.5,19.5
2007,REG,00-0012478,,Terrell Owens,WR,WR,,15,DAL,0,0,0,0,0,0,0,0,0,0,0,0,,0,,,1,5,0,0,0,0,0.177854869281873,0,81,81,1355,15,0,0,1002,353,69,138.941819472791,0,1.35229540918164,0.246951219512195,0.404848484848485,0.653820768662232,0,226.0,307.0
2007,REG,00-0012642,,David Patten,WR,WR,,14,NO,0,0,0,0,0,0,0,0,0,0,0,0,,0,,,2,-5,0,0,0,0,-1.55327610170934,0,54,54,792,3,2,1,543,249,37,58.8670343271199,0,1.4585635359116,0.135338345864662,0.256011315417256,0.382215439589072,0,94.7,148.7
2007,REG,00-0013013,,Michael Pittman,RB,RB,"https://static.www.nfl.com/image/private/f_auto,q_auto/league/xt52pieoe86wnuy0imar",10,TB,0,0,0,0,0,0,0,0,0,0,0,0,,0,,,69,288,0,0,0,13,-5.46457143975371,0,26,26,191,0,1,1,38,153,10,2.35674777487048,0,5.02631578947368,0.151162790697674,0.0538243626062323,0.264421239870874,0,45.9,71.9
2007,REG,00-0013080,,Marcus Pollard,TE,TE,,12,SEA,0,0,0,0,0,0,0,0,0,0,0,0,,0,,,0,0,0,0,0,0,,0,28,28,273,2,0,0,136,137,15,24.6348477175634,0,2.00735294117647,0.101818181818182,0.0812910938433951,0.209631038417649,0,39.3,67.3
2007,REG,00-0013232,,Peerless Price,WR,WR,,4,BUF,0,0,0,0,0,0,0,0,0,0,0,0,,0,,,0,0,0,0,0,0,,0,7,7,68,0,0,0,52,16,5,5.75662188045681,0,1.30769230769231,0.112903225806452,0.156626506024096,0.278993392926545,0,6.8,13.8
2007,REG,00-0013694,,Tony Richardson,FB,RB,,12,MIN,0,0,0,0,0,0,0,0,0,0,0,0,,0,,,7,13,0,0,0,3,-0.799811856471933,0,11,11,89,0,0,0,16,73,4,5.22045351308771,0,5.5625,0.0748299319727891,0.0190930787589499,0.125610053090449,0,10.2,21.2
2007,REG,00-0014071,,Allen Rossum,DB,DB,,1,PIT,0,0,0,0,0,0,0,0,0,0,0,0,,0,,,0,0,0,0,0,0,,0,0,0,0,0,0,0,0,0,0,,0,,,,,1,6.0,6.0
2007,REG,00-0014655,,Mike Sellers,TE,TE,,13,WAS,0,0,0,0,0,0,0,0,0,0,0,0,,0,,,26,78,2,0,0,9,-3.55863444523448,0,17,17,117,1,1,0,56,61,7,8.03468487196369,0,2.08928571428571,0.105590062111801,0.0602798708288482,0.200581002747896,0,37.5,54.5
2007,REG,00-0015601,,Aaron Stecker,RB,RB,,14,NO,0,0,0,0,0,0,0,0,0,0,0,0,,0,,,114,444,5,1,1,28,-13.6577931016509,0,37,37,215,0,0,0,15,200,12,7.25825044646626,0,14.3333333333333,0.0966057441253264,0.0070191857744501,0.149822046230105,0,93.9,130.9
2007,REG,00-0015754,,Brandon Stokley,WR,WR,,13,DEN,0,0,0,0,0,0,0,0,0,0,0,0,,0,,,1,-6,0,0,0,0,-1.26684233685955,0,40,40,635,5,0,0,505,130,34,69.2479888377129,0,1.25742574257426,0.154440154440154,0.279778393351801,0.427505107006492,0,92.9,132.9
2007,REG,00-0015830,,Mack Strong,FB,RB,,4,SEA,0,0,0,0,0,0,0,0,0,0,0,0,,0,,,4,19,0,0,0,1,-1.23166186378812,0,9,9,72,0,0,0,20,52,5,5.33591792942025,0,3.6,0.104651162790698,0.031055900621118,0.178715874620829,0,9.1,18.1
2007,REG,00-0016098,,Fred Taylor,RB,RB,,15,JAX,0,0,0,0,0,0,0,0,0,0,0,0,,0,,,223,1202,5,2,1,45,4.12731274272664,0,9,9,58,0,0,0,-1,59,2,2.19204241596162,0,-58.0,0.0642857142857143,-0.0014347202295552,0.0954242672678827,0,154.0,163.0
2007,REG,00-0016193,,Vinny Testaverde,QB,QB,,7,CAR,94,172,936,5,6,9,46,3,1,1245,470,46,-27.7882146834235,0,0.751807228915663,-0.0240796672536252,9,22,0,0,0,0,-4.05238866596483,0,0,0,0,0,0,0,0,0,0,,0,,,,,0,45.64,45.64
2007,REG,00-0016440,,James Thrash,WR,WR,,4,WAS,0,0,0,0,0,0,0,0,0,0,0,0,,0,,,0,0,0,0,0,0,,0,9,9,107,2,0,0,77,30,4,11.3792517856928,0,1.38961038961039,0.111111111111111,0.214484679665738,0.316805942432683,0,22.7,31.7
2007,REG,00-0016550,,Amani Toomer,WR,WR,,14,NYG,0,0,0,0,0,0,0,0,0,0,0,0,,0,,,0,0,0,0,0,0,,0,59,59,760,3,0,0,543,217,42,70.2037197371828,0,1.39963167587477,0.216911764705882,0.294468546637744,0.531495629705244,0,94.0,153.0
2007,REG,00-0016677,,Jerame Tuman,TE,TE,,1,PIT,0,0,0,0,0,0,0,0,0,0,0,0,,0,,,0,0,0,0,0,0,,0,1,1,9,1,0,0,9,0,1,2.77266698947642,0,1.0,0.0769230769230769,0.076271186440678,0.16877444589309,0,6.9,7.9
2007,REG,00-0016689,,Matt Turk,P,SPEC,,1,HOU,0,0,0,0,0,0,0,0,0,0,0,0,,0,,,1,0,0,0,0,0,-5.58799018897116,0,0,0,0,0,0,0,0,0,0,,0,,,,,0,0.0,0.0
2007,REG,00-0016960,,Mike Vrabel,OLB,LB,,2,NE,0,0,0,0,0,0,0,0,0,0,0,0,,0,,,0,0,0,0,0,0,,0,2,2,3,2,0,0,3,0,2,2.81331722729374,0,1.0,0.0357142857142857,0.0132743362831858,0.0628634639696587,0,12.3,14.3
2007,REG,00-0017162,,Hines Ward,WR,WR,,13,PIT,0,0,0,0,0,0,0,0,0,0,0,0,,0,,,2,7,0,0,0,1,-2.42282362721744,0,72,72,736,7,0,0,513,223,47,73.5628800967243,1,1.43469785575049,0.310344827586207,0.283268912203203,0.663805479921552,0,118.3,190.3
2007,REG,00-0017200,,Kurt Warner,QB,QB,,14,ARI,282,452,3409,27,17,20,140,5,4,3811,1300,167,47.1081459783859,0,0.894515875098399,0.105727435926311,17,15,1,7,2,1,-23.1319302232455,0,0,0,0,0,0,0,0,0,0,,0,,,,,0,205.86,205.86
2007,REG,00-0017915,,Ricky Williams,RB,RB,,1,MIA,0,0,0,0,0,0,0,0,0,0,0,0,,0,,,6,15,0,1,1,2,-2.97755732899532,0,0,0,0,0,0,0,0,0,0,,0,,,,,0,-0.5,-0.5
2007,REG,00-0018272,,Anthony Wright,QB,QB,,2,NYG,1,7,12,0,0,0,0,0,0,55,9,1,-5.0495480298996,0,0.218181818181818,-0.183657488913072,1,-1,0,0,0,0,-1.30841659696307,0,0,0,0,0,0,0,0,0,0,,0,,,,,0,0.38,0.38
2007,REG,00-0018578,,Ryan Neufeld,TE,TE,,2,BUF,0,0,0,0,0,0,0,0,0,0,0,0,,0,,,0,0,0,0,0,0,,0,2,2,14,0,0,0,3,11,0,0.730514138005674,0,4.66666666666667,0.0769230769230769,0.0211267605633803,0.130173347778982,0,1.4,3.4
2007,REG,00-0018958,,Laveranues Coles,WR,WR,,11,NYJ,0,0,0,0,0,0,0,0,0,0,0,0,,0,,,0,0,0,0,0,0,,0,55,55,646,6,0,0,504,142,35,62.3152279630696,0,1.28174603174603,0.261904761904762,0.338028169014085,0.629476861167002,0,100.6,155.6
2007,REG,00-0019041,,Billy Volek,QB,QB,,5,LAC,3,10,6,0,1,2,7,0,0,65,5,0,-15.5170978727983,0,0.0923076923076923,-0.109077864581098,11,-7,0,1,1,0,-7.75582866976038,0,0,0,0,0,0,0,0,0,0,,0,,,,,0,-4.46,-4.46
2007,REG,00-0019100,,Brad Hoover,FB,RB,,13,CAR,0,0,0,0,0,0,0,0,0,0,0,0,,0,,,12,39,0,0,0,4,-1.89136849273928,0,10,10,58,0,0,0,7,51,2,1.72842755864853,0,8.28571428571429,0.0909090909090909,0.0146137787056367,0.146593281457582,0,9.7,19.7
2007,REG,00-0019127,,Todd Yoder,TE,TE,,5,WAS,0,0,0,0,0,0,0,0,0,0,0,0,,0,,,0,0,0,0,0,0,,0,7,7,97,1,0,0,42,55,4,9.37633386679227,0,2.30952380952381,0.0769230769230769,0.0815533980582524,0.172471994025392,0,15.7,22.7
2007,REG,00-0019135,,Dan Kreider,FB,RB,,2,PIT,0,0,0,0,0,0,0,0,0,0,0,0,,0,,,1,2,0,0,0,0,-0.196753928845283,0,1,1,15,0,0,0,14,1,1,0.898234249267262,0,1.07142857142857,0.0555555555555556,0.126126126126126,0.171621621621622,0,1.7,2.7
2007,REG,00-0019242,,Dane Looker,WR,WR,,5,LA,0,0,0,0,0,0,0,0,0,0,0,0,,0,,,0,0,0,0,0,0,,0,6,6,38,0,0,0,31,7,3,1.48812381168724,0,1.2258064516129,0.06,0.0455212922173275,0.121864904552129,0,3.8,9.8
2007,REG,00-0019281,,Mike Furrey,WR,WR,,14,DET,0,0,0,0,0,0,0,0,0,0,0,0,,0,,,0,0,0,0,0,0,,0,61,61,664,1,0,0,464,193,37,51.9093836505504,0,1.43103448275862,0.179411764705882,0.197614991482112,0.407448141096302,0,72.4,133.4
2007,REG,00-0019302,,Bryan Gilmore,WR,WR,,4,SF,0,0,0,0,0,0,0,0,0,0,0,0,,0,,,1,-8,0,0,0,0,-2.30143490526825,0,7,7,111,0,0,0,90,21,7,11.5804236416589,0,1.23333333333333,0.0909090909090909,0.191489361702128,0.270406189555126,0,10.3,17.3
2007,REG,00-0019457,,Anthony Becht,TE,TE,,4,TB,0,0,0,0,0,0,0,0,0,0,0,0,,0,,,0,0,0,0,0,0,,0,5,5,20,2,0,0,10,10,2,3.0487906128983,0,2.0,0.054945054945055,0.0305810397553517,0.103824310246329,0,14.0,19.0
2007,REG,00-0019484,,Sammy Morris,RB,RB,,6,NE,0,0,0,0,0,0,0,0,0,0,0,0,,0,,,85,384,3,0,0,24,5.02208253231609,0,6,6,35,0,0,0,2,33,1,0.218899659696035,0,17.5,0.0869565217391304,0.0049875311720698,0.133926054429145,0,59.9,65.9
2007,REG,00-0019539,,Dante Hall,WR,WR,,6,LA,0,0,0,0,0,0,0,0,0,0,0,0,,0,,,3,18,0,0,0,2,1.58262944826856,0,5,5,27,0,0,0,17,10,2,4.05890915635973,0,1.58823529411765,0.0581395348837209,0.0331384015594542,0.110406183417199,1,10.5,15.5
2007,REG,00-0019552,,Troy Walters,WR,WR,,7,DET,0,0,0,0,0,0,0,0,0,0,0,0,,0,,,0,0,0,0,0,0,,0,9,9,101,1,0,0,54,47,5,7.43333179387264,0,1.87037037037037,0.0552147239263804,0.0460358056265985,0.11504714982819,0,16.1,25.1
2007,REG,00-0019559,,Chad Pennington,QB,QB,,9,NYJ,179,260,1766,10,9,26,178,3,0,1913,640,90,-2.46943950162707,1,0.923157344485102,0.0961462274440987,20,32,1,3,1,9,-1.63352909180685,0,0,0,0,0,0,0,0,0,0,,0,,,,,0,101.84,101.84
2007,REG,00-0019587,,Terrelle Smith,FB,RB,,5,ARI,0,0,0,0,0,0,0,0,0,0,0,0,,0,,,1,3,0,0,0,0,-0.321547776926309,0,7,7,59,0,0,0,25,34,4,2.8764133581426,0,2.36,0.0598290598290598,0.0320512820512821,0.112179487179487,0,6.2,13.2
2007,REG,00-0019594,,Mike Anderson,RB,RB,,6,BAL,0,0,0,0,0,0,0,0,0,0,0,0,,0,,,15,62,0,1,1,3,-6.90801618987462,0,4,4,26,0,0,0,-4,30,1,-0.265866475936491,0,-6.5,0.05,-0.0185185185185185,0.0620370370370371,0,6.8,10.8
2007,REG,00-0019596,T.Brady,Tom Brady,QB,QB,"https://static.www.nfl.com/image/private/f_auto,q_auto/league/q7dpdlxyu5rs05rgh1le",16,NE,398,578,4806,50,8,21,128,5,3,4746,2071,240,250.02815796771,0,1.01264222503161,0.238587580369664,37,98,2,1,1,14,8.83952736633364,0,0,0,0,0,0,0,0,0,0,,0,,,,,0,390.04,390.04
2007,REG,00-0019599,,Marc Bulger,QB,QB,,12,LA,221,378,2392,11,15,37,269,4,3,3308,724,128,-47.9389547461453,0,0.723095525997582,0.0196170062264881,9,13,0,2,0,1,-3.00838457135251,0,0,0,0,0,0,0,0,0,0,,0,,,,,0,104.98,104.98
2007,REG,00-0019610,,Reuben Droughns,RB,RB,,16,NYG,0,0,0,0,0,0,0,0,0,0,0,0,,0,,,85,275,6,1,0,27,-8.23999004956061,0,7,7,49,0,0,0,10,39,1,0.245569755482971,0,4.9,0.0636363636363636,0.0136612021857924,0.1050173869846,0,68.4,75.4
2007,REG,00-0019623,,Tim Rattay,QB,QB,,4,ARI,15,27,164,3,3,0,0,0,0,318,34,10,-3.37902073889495,0,0.515723270440252,0.0041988076305449,2,5,0,2,0,0,-1.45116609381512,0,0,0,0,0,0,0,0,0,0,,0,,,,,0,13.06,13.06
2007,REG,00-0019641,,Thomas Jones,RB,RB,,16,NYJ,0,0,0,0,0,0,0,0,0,0,0,0,,0,,,310,1119,1,2,0,56,-35.4101092254859,0,28,28,217,1,0,0,0,217,8,10.9381631079845,0,0.0,0.096551724137931,0.0,0.144827586206897,0,145.6,173.6
2007,REG,00-0019642,,Plaxico Burress,WR,WR,,16,NYG,0,0,0,0,0,0,0,0,0,0,0,0,,0,,,0,0,0,0,0,0,,0,70,70,1025,12,0,0,748,277,49,103.853042697719,0,1.37032085561497,0.231023102310231,0.366307541625857,0.602949932603447,0,174.5,244.5
2007,REG,00-0019643,,Ron Dayne,RB,RB,,13,HOU,0,0,0,0,0,0,0,0,0,0,0,0,,0,,,194,773,6,1,0,43,-11.1880406681009,0,17,17,112,0,0,0,-1,113,4,3.49654634994463,0,-112.0,0.0739130434782609,-0.0006161429451632,0.110438265155777,0,124.5,141.5
2007,REG,00-0019644,,Bubba Franks,TE,TE,,7,GB,0,0,0,0,0,0,0,0,0,0,0,0,,0,,,0,0,0,0,0,0,,0,18,18,132,3,0,0,83,49,7,12.239104065462,0,1.59036144578313,0.103448275862069,0.0912087912087912,0.219018567639257,0,31.2,49.2
2007,REG,00-0019647,,Shaun Alexander,RB,RB,,13,SEA,0,0,0,0,0,0,0,0,0,0,0,0,,0,,,207,716,4,2,0,37,-28.5101666320728,0,14,14,76,1,0,0,1,75,4,3.87432078874554,0,76.0,0.0721649484536082,0.0009259259259259,0.108895570828561,0,109.2,123.2
2007,REG,00-0019650,,Dennis Northcutt,WR,WR,,15,JAX,0,0,0,0,0,0,0,0,0,0,0,0,,0,,,6,27,0,0,0,0,-0.420139279740397,0,44,44,601,4,0,0,473,128,30,55.3147669681183,0,1.27061310782241,0.171875,0.246739697443923,0.430530288210746,0,86.8,130.8
2007,REG,00-0019663,,Darrell Jackson,WR,WR,,15,SF,0,0,0,0,0,0,0,0,0,0,0,0,,0,,,0,0,0,0,0,0,,0,46,47,497,3,1,0,406,99,33,38.9271074660937,0,1.22413793103448,0.185770750988142,0.294843863471314,0.485046830912134,0,67.7,113.7
2007,REG,00-0019666,,John St. Clair,T,OL,,1,CHI,0,0,0,0,0,0,0,0,0,0,0,0,,0,,,0,0,0,0,0,0,,0,1,1,2,1,0,0,2,0,1,1.30516337481095,0,1.0,0.05,0.0232558139534884,0.0912790697674419,0,6.2,7.2
2007,REG,00-0019693,,Jamal Lewis,RB,RB,,15,CLE,0,0,0,0,0,0,0,0,0,0,0,0,,0,,,299,1303,9,4,2,58,-22.7477068925846,0,30,30,248,2,0,0,25,223,9,15.7914157252817,0,9.92,0.137614678899083,0.0198886237072395,0.220344054943692,0,217.1,247.1
2007,REG,00-0019703,,Jerry Porter,WR,WR,,16,LV,0,0,0,0,0,0,0,0,0,0,0,0,,0,,,0,0,0,0,0,0,,0,44,44,705,6,0,0,522,158,29,63.8859519574153,0,1.35057471264368,0.169230769230769,0.315980629539952,0.47503259452412,0,106.5,150.5
2007,REG,00-0019709,,Chris Redman,QB,QB,,6,ATL,89,149,1079,10,5,9,51,2,1,1014,510,48,-11.4223293897262,0,1.06410256410256,0.0212214993636403,8,16,0,0,0,0,-5.55461104528496,0,0,0,0,0,0,0,0,0,0,,0,,,,,0,72.76,72.76
2007,REG,00-0019714,S.Lechler,Shane Lechler,P,SPEC,"https://static.www.nfl.com/image/private/f_auto,q_auto/league/we3oe5jqnrb4ag3d4pqu",1,LV,0,0,0,0,0,0,0,0,0,0,0,0,,0,,,1,-4,0,0,0,0,-2.4058315573493,0,0,0,0,0,0,0,0,0,0,,0,,,,,0,-0.4,-0.4
2007,REG,00-0019721,,Travis Taylor,WR,WR,,1,LA,0,0,0,0,0,0,0,0,0,0,0,0,,0,,,0,0,0,0,0,0,,0,1,1,4,0,0,0,0,4,0,-0.0535844536498189,0,0.0,0.0476190476190476,,,0,0.4,1.4
2007,REG,00-0019794,,Aveion Cason,RB,RB,,9,DET,0,0,0,0,0,0,0,0,0,0,0,0,,0,,,11,38,0,0,0,2,-2.44046860397793,0,14,14,129,0,1,0,25,104,5,5.24243511652342,0,5.16,0.0809248554913295,0.0258531540847983,0.139484491096353,0,16.7,30.7
2007,REG,00-0019808,,Kenny Watson,RB,RB,,15,CIN,0,0,0,0,0,0,0,0,0,0,0,0,,0,,,178,763,7,2,1,40,1.1063217818987,0,52,52,373,0,1,1,-30,403,12,8.02284813113472,0,-12.4333333333333,0.154761904761905,-0.0165107319757843,0.220585344759808,0,151.6,203.6
2007,REG,00-0019816,,Tim Hasselbeck,QB,QB,,1,ARI,0,0,0,0,0,0,0,0,0,0,0,0,,0,,,1,-1,0,0,0,0,-1.87573342223186,0,0,0,0,0,0,0,0,0,0,,0,,,,,0,-0.1,-0.1
2007,REG,00-0019863,,Dominic Rhodes,RB,RB,,6,LV,0,0,0,0,0,0,0,0,0,0,0,0,,0,,,75,302,1,2,1,18,-13.3262703108651,0,11,11,70,0,0,0,10,51,1,-0.793632515356876,0,7.0,0.159420289855072,0.0263852242744063,0.257600091774693,0,41.2,52.2
2007,REG,00-0019976,,Drew Bennett,WR,WR,,12,LA,0,0,0,0,0,0,0,0,0,0,0,0,,0,,,0,0,0,0,0,0,,0,33,33,375,3,1,0,289,82,24,35.2603224151863,0,1.29757785467128,0.12992125984252,0.160288408208541,0.307083775509758,0,55.5,88.5
2007,REG,00-0019997,,Antonio Chatman,WR,WR,,12,CIN,0,0,0,0,0,0,0,0,0,0,0,0,,0,,,1,5,0,0,0,0,0.24455322092399,0,19,19,149,1,0,0,83,66,9,10.7692753580067,0,1.79518072289157,0.0769230769230769,0.0543193717277487,0.153408175594039,0,21.4,40.4
2007,REG,00-0020022,,Marcel Shipp,RB,RB,,9,ARI,0,0,0,0,0,0,0,0,0,0,0,0,,0,,,15,41,1,0,0,5,-0.973698903486038,0,4,4,25,0,0,0,-4,29,0,0.322342001250945,0,-6.25,0.0412371134020619,-0.0063795853269537,0.0573899603742252,0,12.6,16.6
2007,REG,00-0020127,,Daniel Wilcox,TE,TE,,4,BAL,0,0,0,0,0,0,0,0,0,0,0,0,,0,,,0,0,0,0,0,0,,0,6,6,18,1,0,0,19,-1,1,-0.853851406875254,0,0.947368421052632,0.0697674418604651,0.0317725752508361,0.126891965466283,0,7.8,13.8
2007,REG,00-0020270,,Correll Buckhalter,RB,RB,,13,PHI,0,0,0,0,0,0,0,0,0,0,0,0,,0,,,62,313,4,0,0,17,6.33929939146037,0,12,12,87,0,0,0,4,83,7,5.54969126379001,0,21.75,0.115384615384615,0.0054127198917456,0.176865827001145,0,64.0,76.0
2007,REG,00-0020285,,Alge Crumpler,TE,TE,,13,ATL,0,0,0,0,0,0,0,0,0,0,0,0,,0,,,0,0,0,0,0,0,,0,42,43,444,5,0,0,163,290,22,35.7936054551392,0,2.7239263803681,0.147260273972603,0.106327462491846,0.295319634703196,0,74.4,116.4
2007,REG,00-0020305,,A.J. Feeley,QB,QB,,3,PHI,59,103,681,5,8,3,10,1,0,999,270,34,-7.33649358951996,0,0.681681681681682,0.0524580945641362,7,23,0,0,0,2,1.45049383561127,0,0,0,0,0,0,0,0,0,0,,0,,,,,0,33.54,33.54
2007,REG,00-0020332,,David Martin,TE,TE,,14,MIA,0,0,0,0,0,0,0,0,0,0,0,0,,0,,,0,0,0,0,0,0,,0,34,34,303,2,0,0,229,74,16,18.6724915398709,0,1.32314410480349,0.122302158273381,0.13861985472155,0.280487135715157,0,42.3,76.3
2007,REG,00-0020337,,Steve Smith,WR,WR,"https://static.www.nfl.com/image/private/f_auto,q_auto/league/k23e0b8cto93he9rt0zc",15,CAR,0,0,0,0,0,0,0,0,0,0,0,0,,0,,,9,66,0,0,0,4,3.71137134192911,0,87,87,1002,7,1,0,537,453,43,80.2783895713219,0,1.8659217877095,0.325842696629214,0.394273127753304,0.764755234371133,0,148.8,235.8
2007,REG,00-0020342,,Brandon Manumaleuna,TE,TE,,7,LAC,0,0,0,0,0,0,0,0,0,0,0,0,,0,,,0,0,0,0,0,0,,0,10,10,86,1,0,0,36,50,3,6.59797664892545,0,2.38888888888889,0.0892857142857143,0.0626086956521739,0.177754658385093,0,14.6,24.6
2007,REG,00-0020381,,Justin McCareins,WR,WR,,10,NYJ,0,0,0,0,0,0,0,0,0,0,0,0,,0,,,0,0,0,0,0,0,,0,19,19,232,0,0,0,194,38,13,16.7285659984918,0,1.19587628865979,0.101063829787234,0.175248419150858,0.274269638086452,0,23.2,42.2
2007,REG,00-0020391,,Jameel Cook,RB,RB,,3,HOU,0,0,0,0,0,0,0,0,0,0,0,0,,0,,,8,24,0,0,0,2,-2.14963151444681,0,8,8,40,0,0,0,17,23,2,-1.48301883530803,0,2.35294117647059,0.145454545454545,0.0434782608695652,0.248616600790514,0,6.4,14.4
2007,REG,00-0020397,,Chad Johnson,WR,WR,,16,CIN,0,0,0,0,0,0,0,0,0,0,0,0,,0,,,6,47,0,0,0,2,1.99889092118246,0,93,93,1440,8,2,1,1029,411,74,126.407626206288,0,1.39941690962099,0.249329758713137,0.430904522613065,0.675627803898851,0,194.7,287.7
2007,REG,00-0020403,,Anthony Thomas,RB,RB,,8,BUF,0,0,0,0,0,0,0,0,0,0,0,0,,0,,,36,89,0,0,0,4,-8.45871818506647,0,15,15,95,1,0,0,-12,107,3,4.84628409933066,0,-7.91666666666667,0.144230769230769,-0.0277136258660508,0.196946615739918,0,24.4,39.4
2007,REG,00-0020407,,Rudi Johnson,RB,RB,,11,CIN,0,0,0,0,0,0,0,0,0,0,0,0,,0,,,170,497,3,3,2,26,-37.8721121738321,1,13,13,110,1,0,0,-12,122,3,6.78428078297293,0,-9.16666666666667,0.0631067961165049,-0.0122448979591837,0.0860887656033287,0,82.7,95.7
2007,REG,00-0020428,,Robert Ferguson,WR,WR,,11,MIN,0,0,0,0,0,0,0,0,0,0,0,0,,0,,,0,0,0,0,0,0,,0,32,32,391,1,0,0,238,153,19,28.9163522548624,0,1.64285714285714,0.172972972972973,0.207317073170732,0.404581410678972,0,45.1,77.1
2007,REG,00-0020434,,Chris Weinke,QB,QB,,1,SF,13,22,104,1,0,5,31,0,0,156,75,5,-9.96423631889047,0,0.666666666666667,0.0371588292897743,0,0,0,0,0,0,,0,0,0,0,0,0,0,0,0,0,,0,,,,,0,8.16,8.16
2007,REG,00-0020438,,T.J. Houshmandzadeh,WR,WR,,16,CIN,0,0,0,0,0,0,0,0,0,0,0,0,,0,,,5,14,0,0,0,0,-0.895310145802796,0,112,112,1143,12,2,1,728,415,70,99.2076486439037,0,1.57005494505495,0.300268096514745,0.304857621440536,0.663802479780493,0,185.7,297.7
2007,REG,00-0020446,,Chris Chambers,WR,WR,,16,LAC,0,0,0,0,0,0,0,0,0,0,0,0,,0,,,3,12,0,0,0,0,-0.166565062652808,0,66,66,970,4,1,0,819,151,46,88.8606653130645,0,1.18437118437118,0.229166666666667,0.428571428571429,0.64375,0,122.2,188.2
2007,REG,00-0020448,,Travis Minor,RB,RB,,6,LA,0,0,0,0,0,0,0,0,0,0,0,0,,0,,,17,68,0,0,0,3,-1.22198969568126,0,12,12,86,0,0,0,21,65,5,1.74807525873451,0,4.0952380952381,0.153846153846154,0.0375,0.257019230769231,0,15.4,27.4
2007,REG,00-0020452,,Cedrick Wilson,WR,WR,"https://static.www.nfl.com/image/private/f_auto,q_auto/league/r1vaoqltojlmfodlskwx",11,PIT,0,0,0,0,0,0,0,0,0,0,0,0,,1,,,2,37,0,0,0,1,2.70388635993004,0,18,18,207,1,0,0,164,43,13,25.5379301204812,0,1.26219512195122,0.107142857142857,0.137699412258606,0.25710387429531,0,32.4,50.4
2007,REG,00-0020455,,Eric Johnson,TE,TE,,14,NO,0,0,0,0,0,0,0,0,0,0,0,0,,0,,,0,0,0,0,0,0,,0,48,49,378,2,1,0,255,129,19,25.5822981823003,0,1.48235294117647,0.125964010282776,0.118604651162791,0.271969271238118,0,49.8,97.8
2007,REG,00-0020462,,LaMont Jordan,RB,RB,,11,LV,0,0,0,0,0,0,0,0,0,0,0,0,,0,,,144,549,3,0,0,24,-13.4061880753118,0,28,28,247,0,0,0,5,228,11,7.00607848999773,0,49.4,0.241379310344828,0.0094339622641509,0.368672739102147,0,97.6,125.6
2007,REG,00-0020471,,Travis Henry,RB,RB,,11,DEN,0,0,0,0,0,0,0,0,0,0,0,0,,0,,,167,691,4,3,1,36,-10.0473733970928,0,7,7,65,0,0,0,-4,69,2,4.03663055442814,0,-16.25,0.0897435897435897,-0.0080482897384305,0.128981581798483,0,97.6,104.6
2007,REG,00-0020480,,Sage Rosenfels,QB,QB,,9,HOU,154,240,1684,15,12,6,48,3,2,1913,734,93,31.0287510392689,1,0.880292733925771,0.106479565338035,21,51,1,1,1,6,1.90664065508463,0,0,0,0,0,0,0,0,0,0,,0,,,,,0,110.46,110.46
2007,REG,00-0020490,,Koren Robinson,WR,WR,,8,GB,0,0,0,0,0,0,0,0,0,0,0,0,,0,,,1,5,0,0,0,0,-0.0126735240919516,0,21,21,241,1,0,0,122,119,11,13.2394896544157,0,1.97540983606557,0.116022099447514,0.11070780399274,0.251528611966189,0,30.6,51.6
2007,REG,00-0020494,,Santana Moss,WR,WR,,14,WAS,0,0,0,0,0,0,0,0,0,0,0,0,,0,,,3,13,0,1,1,1,-9.03021101478953,0,61,61,808,3,1,1,633,175,43,66.5370659395121,0,1.27646129541864,0.242063492063492,0.367595818815331,0.62041231126597,0,96.1,157.1
2007,REG,00-0020498,,Reggie Wayne,WR,WR,,16,IND,0,0,0,0,0,0,0,0,0,0,0,0,,0,,,1,4,0,0,0,0,-0.107551774242893,0,104,104,1510,10,3,3,1097,387,72,113.75410940081,0,1.37648131267092,0.292957746478873,0.441448692152918,0.748450704225352,0,205.4,309.4
2007,REG,00-0020507,,Heath Evans,FB,RB,,12,NE,0,0,0,0,0,0,0,0,0,0,0,0,,0,,,34,121,3,0,0,13,4.23510236243601,0,4,4,43,0,0,0,2,41,2,3.03787605941761,0,21.5,0.0579710144927536,0.0041753653444676,0.0898792774802578,0,34.4,38.4
2007,REG,00-0020508,,Moran Norris,RB,RB,,9,SF,0,0,0,0,0,0,0,0,0,0,0,0,,0,,,7,17,0,0,0,4,0.645010706517681,0,6,6,38,0,0,0,11,27,2,0.961393751495052,0,3.45454545454545,0.09375,0.029023746701847,0.160941622691293,0,5.5,11.5
2007,REG,00-0020514,,Michael Bennett,RB,RB,,13,TB,0,0,0,0,0,0,0,0,0,0,0,0,,0,,,60,239,1,0,0,9,-6.16313176744188,0,15,15,99,1,2,1,11,88,3,4.03333040268626,0,9.0,0.087719298245614,0.0160349854227405,0.142803437164339,0,43.8,58.8
2007,REG,00-0020516,,Todd Heap,TE,TE,,5,BAL,0,0,0,0,0,0,0,0,0,0,0,0,,0,,,0,0,0,0,0,0,,0,23,23,239,1,0,0,172,67,14,23.6096911532804,0,1.38953488372093,0.176923076923077,0.249275362318841,0.439877369007804,0,29.9,52.9
2007,REG,00-0020527,,Deuce McAllister,RB,RB,,3,NO,0,0,0,0,0,0,0,0,0,0,0,0,,0,,,24,92,0,1,1,3,-8.50809730705805,0,4,4,15,0,0,0,0,15,0,-0.432164279744029,0,0.0,0.0476190476190476,0.0,0.0714285714285714,0,8.7,12.7
2007,REG,00-0020531,D.Brees,Drew Brees,QB,QB,"https://static.www.nfl.com/image/private/f_auto,q_auto/league/i20xlpzdmn7xubotijjd",16,NO,443,655,4428,28,18,15,100,8,4,4459,2050,233,53.0307633829901,0,0.993047768557973,0.111534050296123,24,52,1,2,0,8,-1.21726325695636,0,2,2,10,0,0,0,-9,19,0,-0.944574703229591,0,0.0,0.0344827586206897,-0.0473684210526316,0.0185662431941924,0,257.32,259.32
2007,REG,00-0020536,,LaDainian Tomlinson,RB,RB,,16,LAC,1,1,17,1,0,0,0,0,0,16,1,1,2.23078261391493,0,1.0625,,315,1474,15,0,0,75,9.69824330245392,0,60,60,475,3,0,0,-52,527,21,21.602752488538,0,-9.13461538461539,0.213523131672598,-0.0274117026884555,0.301096505626978,0,307.58,367.58
2007,REG,00-0020550,,Darnell Dinkins,TE,TE,,1,CLE,0,0,0,0,0,0,0,0,0,0,0,0,,0,,,0,0,0,0,0,0,,0,1,1,8,0,0,0,6,2,0,0.294032685691491,0,1.33333333333333,0.0588235294117647,0.0555555555555556,0.127124183006536,0,0.8,1.8
2007,REG,00-0020565,,Cleo Lemon,QB,QB,,9,MIA,173,309,1773,6,6,23,147,4,2,2575,808,87,-16.7315444629256,0,0.688543689320388,0.0214411826439724,33,92,4,4,1,16,7.56709741089092,0,0,0,0,0,0,0,0,0,0,,0,,,,,0,110.12,110.12
2007,REG,00-0020608,,David Carr,QB,QB,,6,CAR,73,136,635,3,5,13,74,0,0,1091,297,32,-30.1781600719538,0,0.582034830430797,-0.0100386700771177,17,59,0,1,0,5,-1.24939997158725,0,0,0,0,0,0,0,0,0,0,,0,,,,,0,33.3,33.3
2007,REG,00-0020613,,Quinn Gray,QB,QB,,8,JAX,80,144,986,10,5,10,68,2,1,1532,351,54,24.1943594320589,0,0.643603133159269,0.101605621340421,19,57,0,0,0,7,5.82323153983452,0,0,0,0,0,0,0,0,0,0,,0,,,,,0,73.14,73.14
2007,REG,00-0020617,,Nate Jackson,WR,WR,,3,DEN,0,0,0,0,0,0,0,0,0,0,0,0,,0,,,0,0,0,0,0,0,,0,3,3,34,1,0,0,28,6,2,3.74184839503141,0,1.21428571428571,0.0576923076923077,0.0818713450292398,0.143848403058929,0,9.4,12.4
2007,REG,00-0020679,,Shaun Hill,QB,QB,"https://static.www.nfl.com/image/private/f_auto,q_auto/league/dn42ccbwrshm7uksyphy",3,SF,54,80,501,5,2,5,28,1,1,283,306,26,5.68141582008156,0,1.77031802120141,0.130868146864053,12,14,1,0,0,2,-0.0163953127339482,0,0,0,0,0,0,0,0,0,0,,0,,,,,0,41.44,41.44
2007,REG,00-0020692,,Eddie Drummond,WR,WR,,1,KC,0,0,0,0,0,0,0,0,0,0,0,0,,0,,,1,-3,0,0,0,0,-0.915805948898196,0,0,0,0,0,0,0,0,0,0,,0,,,,,0,-0.3,-0.3
2007,REG,00-0020797,,Maurice Hicks,RB,RB,,14,SF,0,0,0,0,0,0,0,0,0,0,0,0,,0,,,21,117,1,1,1,3,-6.07870369030516,0,14,14,86,0,0,0,25,61,3,4.47404480451951,0,3.44,0.0736842105263158,0.0300120048019208,0.131534719150818,0,24.3,38.3
2007,REG,00-0020805,,Jason McKie,RB,RB,,10,CHI,0,0,0,0,0,0,0,0,0,0,0,0,,0,,,6,17,1,1,1,3,2.61807042107102,0,9,9,33,0,0,0,-7,40,2,0.261260532541201,0,-4.71428571428571,0.0608108108108108,-0.0108024691358025,0.0836544878211545,0,9.0,18.0
2007,REG,00-0020820,,Jesse Chatman,RB,RB,,11,MIA,0,0,0,0,0,0,0,0,0,0,0,0,,0,,,128,515,1,0,0,26,-21.8515593952563,0,27,27,161,0,1,1,40,121,8,1.79149281707942,0,4.025,0.138461538461538,0.0346020761245675,0.231913760979505,0,71.6,98.6
2007,REG,00-0020985,,Dwayne Blakley,TE,TE,,5,ATL,0,0,0,0,0,0,0,0,0,0,0,0,,0,,,0,0,0,0,0,0,,0,7,7,48,0,0,0,24,24,2,2.18280095933005,0,2.0,0.0593220338983051,0.035036496350365,0.113508598292713,0,4.8,11.8
2007,REG,00-0021084,,Matt Schobel,TE,TE,,10,PHI,0,0,0,0,0,0,0,0,0,0,0,0,,0,,,0,0,0,0,0,0,,0,11,12,108,1,0,0,85,26,6,8.37639479897916,0,1.27058823529412,0.0538116591928251,0.0538656527249683,0.118423445696716,0,16.8,27.8
2007,REG,00-0021100,,Jeb Putzier,TE,TE,,5,HOU,0,0,0,0,0,0,0,0,0,0,0,0,,0,,,0,0,0,0,0,0,,0,6,6,39,1,0,0,22,17,2,3.93197086943262,0,1.77272727272727,0.0458015267175573,0.0292942743009321,0.0892082820869883,0,9.9,15.9
2007,REG,00-0021141,,Joey Harrington,QB,QB,,12,ATL,215,348,2215,7,8,32,192,0,0,2364,1110,100,-38.0326810735554,0,0.936971235194586,0.0078251158437829,14,33,0,0,0,2,-6.98853530548513,0,1,1,4,0,0,0,-4,8,0,-0.0846917200833559,0,0.0,0.05,-0.0493827160493827,0.0404320987654321,0,104.3,105.3
2007,REG,00-0021147,,Donte' Stallworth,WR,WR,,15,NE,0,0,0,0,0,0,0,0,0,0,0,0,,0,,,1,12,0,0,0,1,0.691726160468534,0,46,46,697,3,0,0,374,323,27,54.5401584058418,0,1.86363636363636,0.118251928020566,0.141292028711749,0.276282312129073,0,88.9,134.9
2007,REG,00-0021148,,Jeremy Shockey,TE,TE,,14,NYG,0,0,0,0,0,0,0,0,0,0,0,0,,0,,,1,6,0,0,0,0,-0.042968793772161,0,57,57,619,3,0,0,384,235,33,43.6676515333108,0,1.61197916666667,0.208029197080292,0.217071791972866,0.463994050001444,0,80.5,137.5
2007,REG,00-0021152,,Ashley Lelie,WR,WR,,5,SF,0,0,0,0,0,0,0,0,0,0,0,0,,0,,,0,0,0,0,0,0,,0,10,10,115,0,1,0,106,9,4,6.74033703119494,0,1.08490566037736,0.099009900990099,0.194495412844037,0.284661640475974,0,11.5,21.5
2007,REG,00-0021153,,Javon Walker,WR,WR,,7,DEN,0,0,0,0,0,0,0,0,0,0,0,0,,0,,,2,-3,0,0,0,0,-1.52558585884981,0,26,26,287,0,0,0,170,117,10,17.4529108751944,0,1.68823529411765,0.179310344827586,0.195402298850575,0.405747126436782,0,28.4,54.4
2007,REG,00-0021154,,Daniel Graham,TE,TE,,11,DEN,0,0,0,0,0,0,0,0,0,0,0,0,,0,,,0,0,0,0,0,0,,0,24,24,246,2,0,0,142,104,12,21.4388161303359,0,1.73239436619718,0.10126582278481,0.0928711576193591,0.216908544510767,0,36.6,60.6
2007,REG,00-0021159,,Jerramy Stevens,TE,TE,,6,TB,0,0,0,0,0,0,0,0,0,0,0,0,,0,,,0,0,0,0,0,0,,0,18,18,189,4,0,0,119,70,11,23.3797957664356,0,1.58823529411765,0.113924050632911,0.176557863501484,0.294476580400406,0,42.9,60.9
2007,REG,00-0021163,,Jabar Gaffney,WR,WR,,13,NE,0,0,0,0,0,0,0,0,0,0,0,0,,0,,,0,0,0,0,0,0,,0,36,36,449,5,0,0,331,118,21,46.5462096534902,0,1.35649546827795,0.110769230769231,0.142488161859664,0.265895559455611,0,74.9,110.9
2007,REG,00-0021164,,DeShaun Foster,RB,RB,,16,CAR,0,0,0,0,0,0,0,0,0,0,0,0,,0,,,247,876,3,5,4,42,-52.7577846852019,0,24,24,173,1,1,0,9,159,6,8.71946461947392,0,19.2222222222222,0.09375,0.0079155672823219,0.146165897097625,0,120.9,144.9
2007,REG,00-0021166,,Josh Reed,WR,WR,,15,BUF,0,0,0,0,0,0,0,0,0,0,0,0,,0,,,4,10,0,0,0,1,-0.953963477513753,0,51,51,578,0,0,0,357,221,33,33.849221421181,0,1.61904761904762,0.204,0.262693156732892,0.489885209713024,0,58.8,109.8
2007,REG,00-0021174,,Tim Carter,WR,WR,,6,CLE,0,0,0,0,0,0,0,0,0,0,0,0,,0,,,0,0,0,0,0,0,,0,8,8,117,1,0,0,98,19,7,9.34091337316204,0,1.19387755102041,0.062015503875969,0.103049421661409,0.16515785097694,0,17.7,25.7
2007,REG,00-0021175,,Andre Davis,WR,WR,,14,HOU,0,0,0,0,0,0,0,0,0,0,0,0,,0,,,0,0,0,0,0,0,,0,33,33,583,3,1,0,482,101,19,43.3345563270559,1,1.20954356846473,0.106109324758842,0.22089825847846,0.313792768073186,3,96.3,129.3
2007,REG,00-0021176,,Reche Caldwell,WR,WR,,5,WAS,0,0,0,0,0,0,0,0,0,0,0,0,,0,,,0,0,0,0,0,0,,0,15,15,141,0,0,0,120,21,8,9.53676564100897,0,1.175,0.12396694214876,0.148331273176761,0.289782304446873,0,14.1,29.1
2007,REG,00-0021179,,Clinton Portis,RB,RB,,16,WAS,1,1,15,1,0,1,2,0,0,15,0,1,1.43651333859903,0,1.0,,325,1262,11,6,5,61,-44.3069070909513,0,47,47,389,0,0,0,-51,440,19,16.9724880559479,0,-7.62745098039216,0.163763066202091,-0.0292598967297762,0.225162671592292,0,225.7,272.7
2007,REG,00-0021182,,Maurice Morris,RB,RB,,13,SEA,0,0,0,0,0,0,0,0,0,0,0,0,,0,,,140,628,4,1,1,32,-13.9827035194961,0,23,23,213,1,0,0,49,164,8,10.2416763018208,0,4.3469387755102,0.0861423220973783,0.0292014302741359,0.149654484337963,0,112.1,135.1
2007,REG,00-0021184,,Ladell Betts,RB,RB,,16,WAS,0,0,0,0,0,0,0,0,0,0,0,0,,0,,,93,335,1,1,1,16,-17.2917799789724,0,21,21,174,1,0,0,-18,192,7,4.58072675569565,0,-9.66666666666667,0.091703056768559,-0.0121951219512195,0.129017999786985,0,60.9,81.9
2007,REG,00-0021187,,Jon McGraw,SS,DB,,1,KC,0,0,0,0,0,0,0,0,0,0,0,0,,0,,,1,4,0,0,0,1,2.93854827154428,0,0,0,0,0,0,0,0,0,0,,0,,,,,0,0.4,0.4
2007,REG,00-0021190,,Antwaan Randle El,RB,RB,,14,WAS,1,2,19,0,0,0,0,0,0,29,13,1,0.852912484435365,0,0.655172413793103,,4,-3,0,0,0,0,-2.74591294111451,0,51,51,728,1,1,0,543,185,38,60.5032014000171,1,1.34069981583794,0.196153846153846,0.324372759856631,0.521291701130411,0,81.26,132.26
2007,REG,00-0021192,,Deion Branch,WR,WR,,10,SEA,0,0,0,0,0,0,0,0,0,0,0,0,,0,,,0,0,0,0,0,0,,0,49,49,661,4,0,0,457,204,30,54.3496047423978,0,1.44638949671772,0.221719457013575,0.315172413793103,0.553199875175534,0,90.1,139.1
2007,REG,00-0021206,J.McCown,Josh McCown,QB,QB,"https://static.www.nfl.com/image/private/f_auto,q_auto/league/qcauc37wqjdaxdbq1evu",9,LV,111,191,1151,10,11,15,98,8,1,1641,476,54,-23.8207911999424,1,0.701401584399756,0.0192124722404279,28,149,0,3,2,9,-2.60959879190336,0,0,0,0,0,0,0,0,0,0,,0,,,,,0,74.94,74.94
2007,REG,00-0021213,,Chris Baker,TE,TE,,14,NYJ,0,0,0,0,0,0,0,0,0,0,0,0,,0,,,0,0,0,0,0,0,,0,41,41,411,3,1,1,265,146,29,32.8413799993286,0,1.55094339622642,0.148550724637681,0.151428571428571,0.328826086956522,0,57.1,98.1
2007,REG,00-0021216,,Brian Westbrook,RB,RB,,15,PHI,0,0,0,0,0,0,0,0,0,0,0,0,,0,,,278,1333,7,0,0,73,3.82967572340054,0,90,90,771,5,1,1,36,727,31,39.0451524142949,0,21.4166666666667,0.267857142857143,0.0183861082737487,0.414655990077338,0,280.4,370.4
2007,REG,00-0021227,,Justin Peelle,TE,TE,,13,MIA,0,0,0,0,0,0,0,0,0,0,0,0,,0,,,0,0,0,0,0,0,,0,29,29,228,2,0,0,84,144,12,19.5659170493018,0,2.71428571428571,0.116935483870968,0.0618556701030928,0.218702194878617,0,34.8,63.8
2007,REG,00-0021231,,David Garrard,QB,QB,,12,JAX,208,325,2509,18,3,20,96,3,2,2994,969,126,78.7103342813625,0,0.838009352037408,0.170718032871794,50,182,1,0,0,19,17.9810583184569,1,0,0,0,0,0,0,0,0,0,,0,,,,,0,188.56,188.56
2007,REG,00-0021235,,Dave Zastudil,P,SPEC,,2,CLE,0,0,0,0,0,0,0,0,0,0,0,0,,0,,,2,-3,0,1,0,0,-7.13925086334348,0,0,0,0,0,0,0,0,0,0,,0,,,,,0,-0.3,-0.3
2007,REG,00-0021236,,Randy McMichael,TE,TE,,16,LA,0,0,0,0,0,0,0,0,0,0,0,0,,0,,,0,0,0,0,0,0,,0,39,39,429,3,0,0,300,129,28,42.9033392135461,0,1.43,0.117117117117117,0.122950819672131,0.261741249446167,0,60.9,99.9
2007,REG,00-0021252,,Najeh Davenport,RB,RB,,15,PIT,0,0,0,0,0,0,0,0,0,0,0,0,,0,,,107,499,5,1,0,37,7.12112400269497,0,18,18,184,2,0,0,72,112,6,11.8262436187651,0,2.55555555555556,0.113207547169811,0.0612765957446809,0.212704937775994,0,110.3,128.3
2007,REG,00-0021255,,John Owens,TE,TE,,2,DET,0,0,0,0,0,0,0,0,0,0,0,0,,0,,,0,0,0,0,0,0,,0,2,2,13,0,0,0,11,2,0,0.852161318995059,0,1.18181818181818,0.0377358490566038,0.0291005291005291,0.076974143955276,0,1.3,3.3
2007,REG,00-0021273,,Robert Royal,TE,TE,,11,BUF,0,0,0,0,0,0,0,0,0,0,0,0,,0,,,0,0,0,0,0,0,,0,25,25,248,3,2,2,90,158,10,9.23577861887804,0,2.75555555555556,0.120772946859903,0.103092783505155,0.253324368743463,0,38.8,63.8
2007,REG,00-0021277,,Craig Nall,QB,QB,,1,GB,7,15,88,1,0,1,10,0,0,117,40,4,-0.215998473480772,0,0.752136752136752,-0.0405489920779074,5,6,0,2,1,1,-5.92704927735031,0,0,0,0,0,0,0,0,0,0,,0,,,,,0,6.12,6.12
2007,REG,00-0021279,,Verron Haynes,FB,RB,,1,PIT,0,0,0,0,0,0,0,0,0,0,0,0,,0,,,0,0,0,0,0,0,,0,1,1,12,0,0,0,1,11,1,1.64998716069385,0,12.0,0.0625,0.0088495575221238,0.0999446902654867,0,1.2,2.2
2007,REG,00-0021296,,J.T. O'Sullivan,QB,QB,,4,DET,13,25,148,1,2,3,18,0,0,204,80,7,-2.58304010363936,0,0.725490196078431,-0.0330615749620308,4,-10,0,3,1,0,-9.61437101283809,0,0,0,0,0,0,0,0,0,0,,0,,,,,0,2.92,2.92
2007,REG,00-0021304,,John Gilmore,TE,TE,,3,CHI,0,0,0,0,0,0,0,0,0,0,0,0,,0,,,0,0,0,0,0,0,,0,3,3,14,0,0,0,5,9,1,-0.675457655917853,0,2.8,0.0555555555555556,0.0159235668789809,0.0944798301486199,0,1.4,4.4
2007,REG,00-0021306,,Adrian Peterson,RB,RB,,16,CHI,1,1,9,1,0,0,0,0,0,9,0,1,2.16140499088215,0,1.0,,151,510,3,1,1,26,-18.3534115616203,0,51,51,420,0,1,1,7,413,15,12.2073453386293,0,60.0,0.162420382165605,0.0048712595685455,0.24704045494639,0,111.36,162.36
2007,REG,00-0021314,,Chester Taylor,RB,RB,,14,MIN,0,1,0,0,0,0,0,0,0,5,0,0,-0.975238398415968,0,0.0,,157,844,7,5,2,35,-9.40718372053483,0,29,29,281,0,0,0,33,248,12,12.1729064517131,0,8.51515151515152,0.140776699029126,0.0272277227722772,0.230224454484283,0,150.5,179.5
2007,REG,00-0021317,,Bryan Fletcher,TE,TE,,5,IND,0,0,0,0,0,0,0,0,0,0,0,0,,0,,,0,0,0,0,0,0,,0,18,18,143,0,0,0,102,41,10,11.7252754688379,1,1.40196078431373,0.129496402877698,0.131782945736434,0.286492666332051,0,16.3,34.3
2007,REG,00-0021337,,Ronald Curry,WR,WR,,16,LV,0,1,0,0,0,0,0,0,0,0,0,0,-0.429134113481268,0,,,1,1,0,0,0,0,-0.360821892507374,0,55,55,717,4,0,0,485,216,35,63.3206040250079,2,1.47835051546392,0.211538461538462,0.305993690851735,0.531503275903907,0,99.8,154.8
2007,REG,00-0021357,,Rock Cartwright,RB,RB,,1,WAS,0,0,0,0,0,0,0,0,0,0,0,0,,0,,,2,0,0,0,0,0,-1.44966626632226,0,0,0,0,0,0,0,0,0,0,,0,,,,,0,0.0,0.0
2007,REG,00-0021376,,T.J. Duckett,RB,RB,,11,DET,0,0,0,0,0,0,0,0,0,0,0,0,,0,,,65,335,3,1,0,16,1.78997639280679,0,4,4,54,0,0,0,-11,65,4,6.41400105296634,0,-4.90909090909091,0.129032258064516,-0.0597826086956522,0.151700561009818,0,56.9,60.9
2007,REG,00-0021377,,Ed Reed,FS,DB,,1,BAL,0,0,0,0,0,0,0,0,0,0,0,0,,0,,,0,0,0,0,0,0,,0,0,0,0,0,0,0,0,0,0,,0,,,,,1,6.0,6.0
2007,REG,00-0021379,,Patrick Ramsey,QB,QB,,2,DEN,29,48,262,1,1,3,13,2,1,298,82,12,-11.2776283386047,0,0.879194630872483,0.029286691436801,2,6,0,0,0,2,1.14077890309272,0,0,0,0,0,0,0,0,0,0,,0,,,,,0,11.08,11.08
2007,REG,00-0021403,,Chad Mustard,TE,TE,,2,DEN,0,0,0,0,0,0,0,0,0,0,0,0,,0,,,0,0,0,0,0,0,,0,5,5,62,0,0,0,25,37,4,4.33859008806758,0,2.48,0.125,0.166666666666667,0.304166666666667,0,6.2,11.2
2007,REG,00-0021429,C.Palmer,Carson Palmer,QB,QB,"https://static.www.nfl.com/image/private/f_auto,q_auto/league/belgna3tokxga0gjjmwk",16,CIN,373,575,4130,26,20,17,119,4,1,5041,1742,213,60.2268137207152,0,0.819281888514184,0.127174990917504,24,10,0,1,0,3,-6.66620791955629,0,0,0,0,0,0,0,0,0,0,,0,,,,,0,228.2,228.2
2007,REG,00-0021500,,Derrick Frost,P,SPEC,,1,WAS,0,0,0,0,0,0,0,0,0,0,0,0,,0,,,1,0,0,1,0,0,-3.40421117609367,0,0,0,0,0,0,0,0,0,0,,0,,,,,0,0.0,0.0
2007,REG,00-0021508,,Greg Lewis,WR,WR,,7,PHI,0,1,0,0,0,0,0,0,0,33,0,0,-0.711851306725293,0,0.0,,0,0,0,0,0,0,,0,13,13,265,3,0,0,213,52,11,25.3734732394805,0,1.24413145539906,0.0773809523809524,0.17588769611891,0.239192815854666,0,44.5,57.5
2007,REG,00-0021509,,Reno Mahe,RB,RB,,1,PHI,0,0,0,0,0,0,0,0,0,0,0,0,,0,,,0,0,0,0,0,0,,0,1,1,11,0,0,0,2,9,1,1.76670263241977,0,5.5,0.0666666666666667,0.0227272727272727,0.115909090909091,0,1.1,2.1
2007,REG,00-0021525,,Casey Fitzsimmons,TE,TE,,8,DET,0,0,0,0,0,0,0,0,0,0,0,0,,0,,,0,0,0,0,0,0,,0,8,8,85,1,0,0,35,50,6,6.53322513558669,0,2.42857142857143,0.0449438202247191,0.029585798816568,0.0881257895086763,1,20.5,28.5
2007,REG,00-0021547,A.Gates,Antonio Gates,TE,TE,"https://static.www.nfl.com/image/private/f_auto,q_auto/league/kndulvysinvn4tpvt0bc",16,LAC,0,0,0,0,0,0,0,0,0,0,0,0,,0,,,0,0,0,0,0,0,,0,75,75,984,9,0,0,718,266,54,98.4443755118991,0,1.37047353760446,0.266903914590747,0.39977728285078,0.680199969881667,0,152.4,227.4
2007,REG,00-0021570,,Kassim Osgood,WR,WR,,1,LAC,0,0,0,0,0,0,0,0,0,0,0,0,,0,,,0,0,0,0,0,0,,0,2,2,23,0,0,0,19,4,1,2.11827919236384,0,1.21052631578947,0.105263157894737,0.188118811881188,0.289577905158937,0,2.3,4.3
2007,REG,00-0021645,,Tracy White,OLB,LB,,1,GB,0,0,0,0,0,0,0,0,0,0,0,0,,0,,,0,0,0,0,0,0,,0,0,0,0,0,0,0,0,0,0,,0,,,,,1,6.0,6.0
2007,REG,00-0021647,,Jerheme Urban,WR,WR,,8,ARI,0,0,0,0,0,0,0,0,0,0,0,0,,0,,,0,0,0,0,0,0,,0,22,22,329,2,0,0,240,89,16,28.3303487969679,0,1.37083333333333,0.121546961325967,0.176470588235294,0.305849853753656,0,44.9,66.9
2007,REG,00-0021678,,Tony Romo,QB,QB,"https://static.www.nfl.com/image/private/f_auto,q_auto/league/rdgaxf7djip2ovlkeqjk",16,DAL,335,520,4211,36,19,25,178,7,1,4305,1681,215,139.988622637551,0,0.978164924506388,0.172437859016092,28,132,2,3,1,8,4.60526780353393,0,0,0,0,0,0,0,0,0,0,,0,,,,,0,295.64,295.64
2007,REG,00-0021755,,Earnest Graham,RB,RB,,15,TB,0,0,0,0,0,0,0,0,0,0,0,0,,0,,,222,898,10,0,0,46,-5.39122079813668,0,49,49,324,0,1,1,61,256,13,6.77550680409843,0,5.31147540983607,0.180811808118081,0.0462121212121212,0.303566197025607,0,180.2,229.2
2007,REG,00-0021756,,Will Heller,TE,TE,,8,SEA,0,0,0,0,0,0,0,0,0,0,0,0,,0,,,0,0,0,0,0,0,,0,13,14,82,3,0,0,35,48,5,7.104776793567,0,2.34285714285714,0.0703517587939699,0.0293624161073826,0.126081329466123,0,26.2,39.2
2007,REG,00-0021780,,Aaron Moorehead,WR,WR,,4,IND,0,0,0,0,0,0,0,0,0,0,0,0,,0,,,0,0,0,0,0,0,,0,8,8,65,0,0,0,59,6,4,7.16277029184857,0,1.10169491525424,0.0941176470588235,0.0973597359735974,0.209328285769753,0,6.5,14.5
2007,REG,00-0021845,,Cecil Sapp,RB,RB,,13,DEN,0,0,0,0,0,0,0,0,0,0,0,0,,0,,,18,59,2,0,0,5,-1.82387381797889,0,14,14,51,1,0,0,3,48,3,0.279301488451893,0,17.0,0.0693069306930693,0.0033296337402885,0.106291139657806,0,29.0,43.0
2007,REG,00-0021915,,Sam Aiken,WR,WR,,1,BUF,0,0,0,0,0,0,0,0,0,0,0,0,,0,,,0,0,0,0,0,0,,0,1,1,10,0,0,0,9,1,1,1.89880435215309,0,1.11111111111111,0.0625,0.243243243243243,0.26402027027027,0,1.0,2.0
2007,REG,00-0021927,,David Tyree,WR,WR,,2,NYG,0,0,0,0,0,0,0,0,0,0,0,0,,0,,,0,0,0,0,0,0,,0,4,4,35,0,0,0,17,18,2,0.891177733603399,0,2.05882352941176,0.105263157894737,0.0553745928338762,0.196656951825819,0,3.5,7.5
2007,REG,00-0021929,,Donald Lee,TE,TE,,15,GB,0,0,0,0,0,0,0,0,0,0,0,0,,0,,,0,0,0,0,0,0,,0,48,48,575,6,1,1,304,271,29,41.3188550089255,0,1.89144736842105,0.130434782608696,0.144144144144144,0.296553074813944,0,91.5,139.5
2007,REG,00-0021931,,Kevin Walter,WR,WR,,15,HOU,0,0,0,0,0,0,0,0,0,0,0,0,,0,,,5,30,0,0,0,2,2.72842154337559,0,65,65,800,4,0,0,505,295,43,74.6073868636158,0,1.58415841584158,0.193452380952381,0.212631578947368,0.439020676691729,1,113.0,178.0
2007,REG,00-0021936,,Andrew Pinnock,RB,RB,,2,LAC,0,0,0,0,0,0,0,0,0,0,0,0,,0,,,4,1,0,0,0,0,-3.51899438223439,0,1,1,5,0,0,0,2,3,0,0.0873799147084355,0,2.5,0.0476190476190476,0.0140845070422535,0.0812877263581489,0,0.6,1.6
2007,REG,00-0021976,,Larry Johnson,RB,RB,,8,KC,0,1,0,0,0,0,0,0,0,16,0,0,-0.409402748860884,0,0.0,,158,559,3,1,0,24,-32.4645207821833,0,30,30,186,1,0,0,-39,225,9,5.32276800533393,0,-4.76923076923077,0.179640718562874,-0.0383858267716535,0.242590999104154,0,98.5,128.5
2007,REG,00-0021980,,George Wrighster,TE,TE,,9,JAX,0,0,0,0,0,0,0,0,0,0,0,0,,0,,,0,0,0,0,0,0,,0,17,17,123,1,0,0,50,73,6,6.7659989464446,0,2.46,0.107594936708861,0.0428449014567267,0.191383836083,0,18.3,35.3
2007,REG,00-0021981,,Shaun McDonald,WR,WR,,16,DET,0,0,0,0,0,0,0,0,0,0,0,0,,0,,,4,2,0,1,1,0,-5.35266346373828,0,79,79,943,6,2,1,695,245,46,70.1211810384383,0,1.3568345323741,0.214673913043478,0.276451869530629,0.515527178236657,0,126.5,205.5
2007,REG,00-0021982,,Justin Gage,WR,WR,,15,TEN,0,0,0,0,0,0,0,0,0,0,0,0,,0,,,0,0,0,0,0,0,,0,55,55,750,2,1,0,519,225,45,68.0376434009202,0,1.44508670520231,0.203703703703704,0.313216656608328,0.524807215181385,0,87.0,142.0
2007,REG,00-0021999,,Nate Burleson,WR,WR,,16,SEA,0,0,0,0,0,0,0,0,0,0,0,0,,0,,,2,4,0,0,0,0,-1.7605815269053,0,50,50,694,9,1,1,495,199,37,63.9030674349051,0,1.4020202020202,0.134408602150538,0.206422018348624,0.346108316069843,2,133.8,183.8
2007,REG,00-0022001,,Kevin Curtis,WR,WR,,16,PHI,0,0,0,0,0,0,0,0,0,0,0,0,,0,,,0,0,0,0,0,0,,0,77,77,1110,6,0,0,759,351,49,92.3363958045911,0,1.46245059288538,0.219373219373219,0.336436170212766,0.564565148208765,0,147.0,224.0
2007,REG,00-0022003,,B.J. Askew,FB,RB,,10,TB,0,0,0,0,0,0,0,0,0,0,0,0,,0,,,0,0,0,0,0,0,,0,18,18,175,0,0,0,28,147,9,9.36678918433608,0,6.25,0.0878048780487805,0.0271580989330747,0.150717986326323,0,17.5,35.5
2007,REG,00-0022006,,Artose Pinner,RB,RB,,4,ATL,0,0,0,0,0,0,0,0,0,0,0,0,,0,,,5,46,0,0,0,2,1.69398093450319,0,0,0,0,0,0,0,0,0,0,,0,,,,,0,4.6,4.6
2007,REG,00-0022008,,Terrence McGee,CB,DB,,1,BUF,0,0,0,0,0,0,0,0,0,0,0,0,,0,,,0,0,0,0,0,0,,0,0,0,0,0,0,0,0,0,0,,0,,,,,1,6.0,6.0
2007,REG,00-0022011,,Justin Griffith,RB,RB,,13,LV,0,0,0,0,0,0,0,0,0,0,0,0,,0,,,7,27,0,0,0,0,-0.410593213804532,0,26,26,165,1,0,0,54,102,7,6.9396041794389,0,3.05555555555556,0.13903743315508,0.0489130434782609,0.242795280167403,0,25.2,51.2
2007,REG,00-0022026,,Brooks Bollinger,QB,QB,,5,MIN,33,50,391,1,1,7,36,0,0,354,210,18,-4.57038032434062,0,1.1045197740113,0.0545064681573131,5,18,0,1,1,1,-6.33290347299771,1,0,0,0,0,0,0,0,0,0,,0,,,,,0,19.44,19.44
2007,REG,00-0022041,,Richard Angulo,TE,TE,,4,JAX,0,0,0,0,0,0,0,0,0,0,0,0,,0,,,0,0,0,0,0,0,,0,8,8,81,1,0,0,61,20,3,7.91523053031415,0,1.32786885245902,0.0930232558139535,0.0945736434108527,0.205736434108527,0,14.1,22.1
2007,REG,00-0022044,,Andre Johnson,WR,WR,,9,HOU,0,0,0,0,0,0,0,0,0,0,0,0,,0,,,0,0,0,0,0,0,,0,60,60,851,8,1,1,600,251,39,75.2296461462028,0,1.41833333333333,0.342857142857143,0.480769230769231,0.850824175824176,0,131.1,191.1
2007,REG,00-0022054,,Visanthe Shiancoe,TE,TE,,11,MIN,0,0,0,0,0,0,0,0,0,0,0,0,,0,,,0,0,0,0,0,0,,0,27,27,323,1,1,1,200,123,11,16.93570747989,0,1.615,0.15,0.18450184501845,0.354151291512915,0,36.3,63.3
2007,REG,00-0022055,,Seneca Wallace,QB,QB,,5,SEA,19,28,215,2,1,3,13,1,1,164,115,7,-4.40497647470046,0,1.3109756097561,0.0451236736447807,4,17,0,0,0,2,2.24536806694232,0,2,2,47,0,0,0,42,5,2,3.83379294263432,0,1.11904761904762,0.0408163265306122,0.113821138211382,0.140899286543886,0,19.0,21.0
2007,REG,00-0022057,,LaBrandon Toefield,RB,RB,,2,JAX,0,0,0,0,0,0,0,0,0,0,0,0,,0,,,13,27,1,0,0,2,-4.10745752821094,0,1,1,4,0,0,0,3,1,0,-0.0695808900054544,0,1.33333333333333,0.04,0.015,0.0705,0,9.1,10.1
2007,REG,00-0022060,,Aaron Walker,TE,TE,,2,LA,0,0,0,0,0,0,0,0,0,0,0,0,,0,,,0,0,0,0,0,0,,0,2,2,13,0,0,0,9,4,1,1.08584972412791,0,1.44444444444444,0.0416666666666667,0.0190677966101695,0.0758474576271186,0,1.3,3.3
2007,REG,00-0022064,,Arnaz Battle,WR,WR,,15,SF,0,0,0,0,0,0,0,0,0,0,0,0,,0,,,4,4,1,1,1,1,-4.2100797725434,0,50,50,600,5,2,0,426,174,27,48.8079480817542,0,1.40845070422535,0.189393939393939,0.293590627153687,0.48960434809849,0,94.4,144.4
2007,REG,00-0022084,,Anquan Boldin,WR,WR,"https://static.www.nfl.com/image/private/f_auto,q_auto/league/ajabgwxbliupgkwjbnut",12,ARI,0,0,0,0,0,0,0,0,0,0,0,0,,0,,,1,14,0,0,0,1,0.979679579730146,0,71,71,853,9,2,1,480,373,43,71.2260719597723,0,1.77708333333333,0.26007326007326,0.245901639344262,0.562241037650874,0,138.7,209.7
2007,REG,00-0022092,,Chris Brown,RB,RB,,12,TEN,0,0,0,0,0,0,0,0,0,0,0,0,,0,,,101,464,5,1,1,28,2.09770475007826,0,19,19,128,0,0,0,12,116,7,5.74512428538373,0,10.6666666666667,0.117283950617284,0.0140350877192982,0.185750487329435,0,87.2,106.2
2007,REG,00-0022093,,Justin Fargas,RB,RB,,14,LV,0,0,0,0,0,0,0,0,0,0,0,0,,0,,,222,1009,4,3,1,52,-10.9136570250945,0,23,23,188,0,0,0,27,155,11,10.3406905356096,0,6.96296296296296,0.136094674556213,0.0274111675126904,0.223329829093203,0,141.7,164.7
2007,REG,00-0022097,,Brandon Lloyd,WR,WR,,2,WAS,0,0,0,0,0,0,0,0,0,0,0,0,,0,,,0,0,0,0,0,0,,0,2,2,14,0,0,0,-2,16,0,0.884783368790522,0,0.0,0.0454545454545455,-0.0104166666666667,0.0608901515151515,0,1.4,3.4
2007,REG,00-0022121,,Rex Grossman,QB,QB,,8,CHI,122,225,1411,4,7,25,198,4,2,1984,574,66,-50.2970122628422,0,0.711189516129032,-0.0017851270275795,13,23,0,2,1,4,-2.49794366817963,0,0,0,0,0,0,0,0,0,0,,0,,,,,0,54.74,54.74
2007,REG,00-0022124,,Taylor Jacobs,WR,WR,,3,SF,0,0,0,0,0,0,0,0,0,0,0,0,,0,,,1,-8,0,0,0,0,-1.5200915094465,0,3,3,40,1,0,0,36,4,2,3.25676065223524,0,1.11111111111111,0.103448275862069,0.184615384615385,0.284403183023873,0,9.2,12.2
2007,REG,00-0022126,,L.J. Smith,TE,TE,,9,PHI,0,0,0,0,0,0,0,0,0,0,0,0,,0,,,0,0,0,0,0,0,,0,22,22,236,1,1,1,130,106,12,17.6254366986686,0,1.81538461538462,0.11340206185567,0.114942528735632,0.250562862898448,0,27.6,49.6
2007,REG,00-0022127,J.Witten,Jason Witten,TE,TE,"https://static.www.nfl.com/image/private/f_auto,q_auto/league/r7uafhtwuexuaty0nhsc",16,DAL,0,0,0,0,0,0,0,0,0,0,0,0,,0,,,0,0,0,0,0,0,,0,96,96,1145,7,1,1,758,387,56,87.3370183547414,0,1.51055408970976,0.280701754385965,0.296557120500782,0.628642615929495,0,154.5,250.5
2007,REG,00-0022130,,Musa Smith,RB,RB,,16,BAL,0,0,0,0,0,0,0,0,0,0,0,0,,0,,,75,264,2,1,0,14,-7.50675845918061,0,27,27,192,0,0,0,19,173,8,6.01868106119218,0,10.1052631578947,0.0888157894736842,0.0131852879944483,0.14245338580664,0,57.6,84.6
2007,REG,00-0022141,,Jeremi Johnson,FB,RB,,8,CIN,0,0,0,0,0,0,0,0,0,0,0,0,,0,,,7,25,0,0,0,1,-1.09610150556546,0,6,6,32,1,0,0,12,20,3,1.48644035955658,0,2.66666666666667,0.0447761194029851,0.0157068062827225,0.0781589435023834,0,11.7,17.7
2007,REG,00-0022143,,Ovie Mughelli,FB,RB,,10,ATL,0,0,0,0,0,0,0,0,0,0,0,0,,0,,,6,7,1,0,0,2,-0.745033617626177,0,6,6,36,0,0,0,9,27,1,0.367779168998823,0,4.0,0.0410958904109589,0.017175572519084,0.0736667363797971,0,10.3,16.3
2007,REG,00-0022144,,Bobby Wade,WR,WR,,16,MIN,0,0,0,0,0,0,0,0,0,0,0,0,,0,,,1,-9,0,0,0,0,-1.66611679526977,0,54,54,654,3,1,1,480,174,33,48.8527304612387,0,1.3625,0.216867469879518,0.324763193504736,0.552635440272592,0,80.5,134.5
2007,REG,00-0022156,,Bryant Johnson,WR,WR,,16,ARI,0,0,0,0,0,0,0,0,0,0,0,0,,0,,,0,0,0,0,0,0,,0,45,45,525,2,0,0,443,82,33,45.5991068345902,0,1.18510158013544,0.126050420168067,0.168633422154549,0.307119025760285,0,64.5,109.5
2007,REG,00-0022164,,Kyle Boller,QB,QB,,12,BAL,168,275,1743,9,10,24,159,5,4,2541,553,90,-33.0828660469204,0,0.685950413223141,0.0529607736768074,19,89,0,0,0,9,3.49396713249312,0,0,0,0,0,0,0,0,0,0,,0,,,,,0,86.62,86.62
2007,REG,00-0022165,,Dallas Clark,TE,TE,,15,IND,0,0,0,0,0,0,0,0,0,0,0,0,,0,,,2,29,0,0,0,2,3.71431675530039,0,58,58,616,11,0,0,387,220,37,67.045044432095,0,1.59173126614987,0.180685358255452,0.177849264705882,0.395522522677295,0,130.5,188.5
2007,REG,00-0022177,,Byron Leftwich,QB,QB,,3,ATL,32,59,279,1,3,5,27,3,1,471,120,13,-32.8722067752601,0,0.592356687898089,0.0015433422696636,6,7,0,2,0,1,-3.62567027940531,0,0,0,0,0,0,0,0,0,0,,0,,,,,0,7.86,7.86
2007,REG,00-0022178,,Willis McGahee,RB,RB,,15,BAL,0,0,0,0,0,0,0,0,0,0,0,0,,0,,,294,1207,7,4,3,56,-29.8622154062014,0,43,43,231,1,0,0,-49,280,10,4.34433831360504,0,-4.71428571428571,0.13915857605178,-0.0329301075268817,0.185686788808853,0,185.8,228.8
2007,REG,00-0022206,,Kenton Keith,RB,RB,,16,IND,0,0,0,0,0,0,0,0,0,0,0,0,,0,,,121,533,3,1,0,43,9.98679526080748,0,13,13,77,1,0,0,3,74,3,3.72517014900222,0,25.6666666666667,0.0760233918128655,0.0028901734104046,0.116058209106581,0,85.0,98.0
2007,REG,00-0022217,,Mewelde Moore,RB,RB,,6,MIN,0,1,0,0,0,0,0,0,0,8,0,0,-0.778795959777199,0,0.0,,20,113,0,1,0,7,-2.47979233047226,0,6,6,46,0,0,0,1,45,1,0.251028708111037,0,46.0,0.176470588235294,0.0116279069767442,0.272845417236662,0,15.9,21.9
2007,REG,00-0022240,,Chad Lucas,WR,WR,,1,TB,0,0,0,0,0,0,0,0,0,0,0,0,,0,,,0,0,0,0,0,0,,0,5,5,82,0,0,0,75,7,1,4.14668112614891,0,1.09333333333333,0.227272727272727,0.510204081632653,0.698051948051948,0,8.2,13.2
2007,REG,00-0022250,,Willie Parker,RB,RB,,15,PIT,0,1,0,0,0,0,0,0,0,12,0,0,-0.714401813282166,0,0.0,,321,1316,2,4,3,49,-43.7462600814137,0,23,23,164,0,0,0,27,137,7,5.38073090236867,0,6.07407407407407,0.105990783410138,0.021411578112609,0.173974279794034,0,154.0,177.0
2007,REG,00-0022288,,Jason Wright,RB,RB,,15,CLE,0,0,0,0,0,0,0,0,0,0,0,0,,0,,,60,277,1,1,1,19,-3.29407071009711,0,24,25,232,0,0,0,55,179,14,13.4013199299887,0,4.21818181818182,0.1,0.0316637881404721,0.17216465169833,0,54.9,78.9
2007,REG,00-0022290,,Jon Bradley,FB,RB,,6,DET,0,0,0,0,0,0,0,0,0,0,0,0,,0,,,5,9,0,1,1,3,-2.59668789978605,0,2,2,10,0,0,0,4,6,0,0.139952693483792,0,2.5,0.0333333333333333,0.0087527352297593,0.0561269146608315,0,-0.0999999999999998,1.9
2007,REG,00-0022388,,Terrance Copper,WR,WR,,9,NO,0,0,0,0,0,0,0,0,0,0,0,0,,0,,,0,0,0,0,0,0,,0,15,16,126,2,0,0,80,59,7,8.33508600504138,0,1.575,0.0632411067193676,0.0592592592592593,0.136343141560533,0,24.6,39.6
2007,REG,00-0022397,,Vonta Leach,FB,RB,,15,HOU,0,0,0,0,0,0,0,0,0,0,0,0,,0,,,2,2,1,0,0,1,0.962757242610678,0,25,25,108,2,2,1,16,92,6,-2.65728825487895,0,6.75,0.0769230769230769,0.0080971659919028,0.121052631578947,0,27.0,52.0
2007,REG,00-0022403,,Brandon Middleton,WR,WR,,3,DET,0,0,0,0,0,0,0,0,0,0,0,0,,0,,,0,0,0,0,0,0,,0,8,8,70,1,0,0,45,25,6,7.58573618213658,0,1.55555555555556,0.114285714285714,0.0841121495327103,0.230307076101469,0,13.0,21.0
2007,REG,00-0022414,,Malcom Floyd,WR,WR,"https://static.www.nfl.com/image/private/f_auto,q_auto/league/or8gm79eaonksxe8gl0t",4,LAC,0,0,0,0,0,0,0,0,0,0,0,0,,0,,,0,0,0,0,0,0,,0,7,7,97,0,0,0,88,9,4,9.50099350936944,0,1.10227272727273,0.0864197530864198,0.186440677966102,0.260138104205901,0,9.7,16.7
2007,REG,00-0022421,,Ruvell Martin,WR,WR,,11,GB,0,0,0,0,0,0,0,0,0,0,0,0,,0,,,0,0,0,0,0,0,,0,16,16,242,4,1,0,182,60,15,28.3457478781929,0,1.32967032967033,0.0599250936329588,0.121414276184123,0.174877633778324,0,48.2,64.2
2007,REG,00-0022427,,Wes Welker,WR,WR,"https://static.www.nfl.com/image/private/f_auto,q_auto/league/rgjwexzif36vncjfdwap",16,NE,0,0,0,0,0,0,0,0,0,0,0,0,,0,,,4,34,0,0,0,1,1.14885337644955,0,112,112,1175,8,2,0,546,614,64,109.206066258794,0,2.15201465201465,0.277915632754342,0.197754436798262,0.555301554890297,0,168.9,280.9
2007,REG,00-0022434,,Carey Davis,RB,RB,,11,PIT,0,0,0,0,0,0,0,0,0,0,0,0,,0,,,17,68,0,0,0,1,-2.92144935715023,0,12,12,49,0,0,0,8,41,2,0.225615798524814,0,6.125,0.0821917808219178,0.0068027210884353,0.128049575994781,0,11.7,23.7
2007,REG,00-0022529,,Luke Lawton,FB,RB,,4,IND,0,0,0,0,0,0,0,0,0,0,0,0,,0,,,5,13,0,0,0,1,-1.96925704471066,0,4,4,29,1,0,0,-6,35,2,2.56267698016018,0,-4.83333333333333,0.0888888888888889,-0.0304568527918782,0.112013536379019,0,10.2,14.2
2007,REG,00-0022555,,Ben Utecht,TE,TE,,13,IND,0,0,0,0,0,0,0,0,0,0,0,0,,0,,,0,0,0,0,0,0,,0,31,31,364,1,2,1,172,158,20,28.1576274398249,0,2.11627906976744,0.110320284697509,0.0804866635470286,0.221821091529183,0,40.4,71.4
2007,REG,00-0022582,,Richard Owens,TE,TE,,1,LA,0,0,0,0,0,0,0,0,0,0,0,0,,0,,,0,0,0,0,0,0,,0,1,1,9,0,0,0,0,9,1,1.20346177229658,0,0.0,0.0416666666666667,,,0,0.9,1.9
2007,REG,00-0022590,,Jared Lorenzen,QB,QB,,2,NYG,4,8,28,0,0,1,5,0,0,99,6,1,0.868388250120916,0,0.282828282828283,0.0798800335196755,1,2,0,0,0,0,-2.22666827013018,0,0,0,0,0,0,0,0,0,0,,0,,,,,0,1.32,1.32
2007,REG,00-0022613,,Glenn Martinez,WR,WR,,7,DEN,0,0,0,0,0,0,0,0,0,0,0,0,,0,,,0,0,0,0,0,0,,0,14,14,165,0,0,0,125,40,9,15.1933315285132,0,1.32,0.096551724137931,0.132978723404255,0.237912692589875,1,22.5,36.5
2007,REG,00-0022701,,D.J. Hackett,WR,WR,,6,SEA,0,0,0,0,0,0,0,0,0,0,0,0,,0,,,0,0,0,0,0,0,,0,32,32,384,3,0,0,250,134,16,32.0846441779257,0,1.536,0.20253164556962,0.244140625,0.47469590585443,0,56.4,88.4
2007,REG,00-0022706,,Michael Gaines,TE,TE,,15,BUF,0,0,0,0,0,0,0,0,0,0,0,0,,0,,,0,0,0,0,0,0,,0,25,25,215,2,0,0,48,167,13,18.3574292809188,0,4.47916666666667,0.099601593625498,0.037122969837587,0.175388469324558,0,33.5,58.5
2007,REG,00-0022714,,Kris Wilson,TE,TE,,14,KC,0,0,0,0,0,0,0,0,0,0,0,0,,0,,,3,7,0,0,0,1,-0.542047399154399,0,24,24,180,1,2,1,60,120,8,4.44896429026267,0,3.0,0.09375,0.0520833333333333,0.177083333333333,0,22.7,46.7
2007,REG,00-0022724,,Sean McHugh,TE,TE,,11,DET,0,0,0,0,0,0,0,0,0,0,0,0,,0,,,0,0,0,0,0,0,,0,17,17,252,0,0,0,105,147,13,16.9797958667041,0,2.4,0.0691056910569106,0.0657894736842105,0.149711168164313,0,25.2,42.2
2007,REG,00-0022725,,Michael Clayton,WR,WR,,10,TB,0,0,0,0,0,0,0,0,0,0,0,0,,0,,,5,22,0,0,0,2,0.16300146112917,0,22,22,301,0,1,0,165,136,14,24.5769273298211,0,1.82424242424242,0.111111111111111,0.156993339676499,0.276562004440216,0,32.3,54.3
2007,REG,00-0022726,,Keary Colbert,WR,WR,,11,CAR,0,0,0,0,0,0,0,0,0,0,0,0,,0,,,0,0,0,0,0,0,,0,32,32,332,0,1,0,231,101,16,23.2939600738464,0,1.43722943722944,0.154589371980676,0.208108108108108,0.37755973364669,0,33.2,65.2
2007,REG,00-0022736,,Steven Jackson,RB,RB,"https://static.www.nfl.com/image/private/f_auto,q_auto/league/abl5wejuf448xw3jtphm",12,LA,1,1,2,1,0,0,0,0,0,2,0,1,1.25259287009249,0,1.0,,237,1002,5,3,2,36,-24.2952086196146,0,38,38,271,1,2,0,10,261,12,10.835739473559,0,27.1,0.149019607843137,0.0057471264367816,0.227552400270453,0,163.38,201.38
2007,REG,00-0022738,,Chris Cooley,TE,TE,,16,WAS,0,0,0,0,0,0,0,0,0,0,0,0,,0,,,0,0,0,0,0,0,,0,66,66,786,8,1,0,505,279,46,83.1829639149624,1,1.55643564356436,0.206896551724138,0.241511238641798,0.479402694635466,0,128.6,194.6
2007,REG,00-0022739,,Devard Darling,WR,WR,,9,BAL,0,0,0,0,0,0,0,0,0,0,0,0,,0,,,0,0,0,0,0,0,,0,18,18,326,3,0,0,250,76,16,34.0438266379295,0,1.304,0.105263157894737,0.196540880503145,0.295473353194307,0,50.6,68.6
2007,REG,00-0022740,,Jared Allen,DE,DL,"https://static.www.nfl.com/image/private/f_auto,q_auto/league/kvicq39281koeupyxqvz",2,KC,0,0,0,0,0,0,0,0,0,0,0,0,,0,,,0,0,0,0,0,0,,0,2,2,3,2,0,0,3,0,2,3.10036219135509,0,1.0,0.037037037037037,0.0089820359281437,0.0618429807052562,0,12.3,14.3
2007,REG,00-0022744,,Jim Sorgi,QB,QB,,4,IND,18,36,132,1,0,2,15,0,0,179,76,7,-11.188083142566,0,0.737430167597765,-0.0653836851422573,6,-4,0,0,0,1,-1.87145073327702,0,0,0,0,0,0,0,0,0,0,,0,,,,,0,8.88,8.88
2007,REG,00-0022746,,Jeff Dugan,TE,TE,,5,MIN,0,0,0,0,0,0,0,0,0,0,0,0,,0,,,2,7,0,0,0,2,1.11361979879439,0,7,7,57,0,1,1,12,45,2,-2.79412261745892,0,4.75,0.0795454545454545,0.0287769784172662,0.139462066710268,0,4.4,11.4
2007,REG,00-0022754,,Samie Parker,WR,WR,,13,KC,0,0,0,0,0,0,0,0,0,0,0,0,,0,,,1,2,0,0,0,0,-0.231666204286739,0,24,24,293,2,0,0,186,107,15,27.6004416362266,0,1.5752688172043,0.0845070422535211,0.110846245530393,0.204352935251557,0,41.5,65.5
2007,REG,00-0022759,,Ryan Krause,TE,TE,,1,GB,0,0,0,0,0,0,0,0,0,0,0,0,,0,,,0,0,0,0,0,0,,0,2,2,11,0,0,0,5,6,0,0.207788974279538,0,2.2,0.0833333333333333,0.0245098039215686,0.142156862745098,0,1.1,3.1
2007,REG,00-0022766,,Patrick Crayton,WR,WR,,13,DAL,0,0,0,0,0,0,0,0,0,0,0,0,,0,,,0,0,0,0,0,0,,0,50,50,697,7,1,1,412,285,33,58.0174046189841,0,1.69174757281553,0.174216027874564,0.191094619666048,0.39509027557808,0,109.7,159.7
2007,REG,00-0022770,,Derrick Ward,RB,RB,,8,NYG,0,0,0,0,0,0,0,0,0,0,0,0,,0,,,125,602,3,2,1,28,5.77106031503555,0,26,26,179,1,0,0,-3,182,7,5.34809827388796,0,-59.6666666666667,0.164556962025316,-0.0029702970297029,0.244756235117183,0,100.1,126.1
2007,REG,00-0022781,,Michael Jenkins,WR,WR,,15,ATL,0,0,0,0,0,0,0,0,0,0,0,0,,0,,,0,0,0,0,0,0,,0,53,53,532,4,0,0,346,186,31,45.5151984092954,0,1.53757225433526,0.165625,0.195590729225551,0.385351010457886,0,77.2,130.2
2007,REG,00-0022782,,Kevin Jones,RB,RB,,13,DET,0,0,0,0,0,0,0,0,0,0,0,0,,0,,,153,581,8,2,1,35,-13.3238093148875,0,33,33,197,0,0,0,4,193,6,4.70228304122459,0,49.25,0.116197183098592,0.0019950124688279,0.175692283376067,0,123.8,156.8
2007,REG,00-0022787,M.Schaub,Matt Schaub,QB,QB,"https://static.www.nfl.com/image/private/f_auto,q_auto/league/mj2kh2nddxnw04ludcx0",11,HOU,192,289,2241,9,9,16,126,6,3,2348,760,97,8.46649312594347,0,0.95442930153322,0.107000026752717,17,52,0,1,0,4,1.85166498670304,0,0,0,0,0,0,0,0,0,0,,0,,,,,0,106.84,106.84
2007,REG,00-0022796,,Mike Karney,FB,RB,,14,NO,0,0,0,0,0,0,0,0,0,0,0,0,,0,,,11,17,2,0,0,4,-1.12050329660997,0,13,13,78,0,0,0,14,64,3,3.246644808969,0,5.57142857142857,0.042483660130719,0.0166468489892985,0.0753782844885873,0,21.5,34.5
2007,REG,00-0022797,,Thomas Tapeh,RB,RB,,8,PHI,0,0,0,0,0,0,0,0,0,0,0,0,,0,,,5,18,0,0,0,3,-0.314926186401863,0,8,8,50,0,0,0,0,50,1,1.22396435532718,0,0.0,0.0571428571428571,0.0,0.0857142857142857,0,6.8,14.8
2007,REG,00-0022803,E.Manning,Eli Manning,QB,QB,"https://static.www.nfl.com/image/private/f_auto,q_auto/league/w51tf8uedjftbr4qpaex",16,NYG,297,528,3336,23,20,27,217,9,6,4540,1317,165,-50.0916892202934,0,0.734801762114537,0.0123669769043828,30,69,1,4,1,9,-4.59984494274249,0,0,0,0,0,0,0,0,0,0,,0,,,,,0,184.34,184.34
2007,REG,00-0022807,,Bernard Berrian,WR,WR,,16,CHI,0,0,0,0,0,0,0,0,0,0,0,0,,0,,,1,3,0,0,0,0,-0.145614337932784,0,70,70,948,5,1,1,676,272,47,78.3320895426762,0,1.40236686390533,0.214723926380368,0.349354005167959,0.566633693188123,0,123.1,193.1
2007,REG,00-0022811,,Jerricho Cotchery,WR,WR,"https://static.www.nfl.com/image/private/f_auto,q_auto/league/hkq2dmfj7mbgbuejiloy",15,NYJ,0,0,0,0,0,0,0,0,0,0,0,0,,0,,,5,38,0,0,0,3,1.881320070941,0,82,82,1129,2,1,1,712,417,51,80.2643884951447,0,1.58567415730337,0.277966101694915,0.377518557794274,0.681212142998365,0,126.7,208.7
2007,REG,00-0022817,,Sean Ryan,TE,TE,,1,NYJ,0,0,0,0,0,0,0,0,0,0,0,0,,0,,,0,0,0,0,0,0,,0,3,3,46,0,0,0,38,8,2,2.62131641176529,0,1.21052631578947,0.15,0.2,0.365,0,4.6,7.6
2007,REG,00-0022821,,Michael Turner,RB,RB,,14,LAC,0,0,0,0,0,0,0,0,0,0,0,0,,0,,,71,316,1,1,1,10,-12.8251605296707,0,4,4,16,0,0,0,-12,28,1,-1.08151694096159,0,-1.33333333333333,0.0784313725490196,-0.0350877192982456,0.0930856553147575,0,37.2,41.2
2007,REG,00-0022840,,Julius Jones,RB,RB,,16,DAL,0,0,0,0,0,0,0,0,0,0,0,0,,0,,,166,584,2,0,0,24,-31.637119807732,0,23,23,203,0,0,0,-11,214,10,9.94385906733293,0,-18.4545454545455,0.0891472868217054,-0.0071289695398574,0.128730651554658,0,90.7,113.7
2007,REG,00-0022847,,Ben Hartsock,TE,TE,,10,TEN,0,0,0,0,0,0,0,0,0,0,0,0,,0,,,0,0,0,0,0,0,,0,12,12,138,0,0,0,67,71,7,10.2353197153425,0,2.05970149253731,0.0628272251308901,0.0567796610169492,0.1339866004082,0,13.8,25.8
2007,REG,00-0022864,L.McCown,Luke McCown,QB,QB,"https://static.www.nfl.com/image/private/f_auto,q_auto/league/pj2lbdhplppzlywlzsbr",5,TB,94,139,1009,5,3,15,104,2,1,784,630,45,-2.00818094932444,0,1.28698979591837,0.0740860501520303,12,117,0,1,1,7,1.47016266768333,0,0,0,0,0,0,0,0,0,0,,0,,,,,0,62.06,62.06
2007,REG,00-0022875,,Jacob Bell,G,OL,,1,TEN,0,0,0,0,0,0,0,0,0,0,0,0,,0,,,1,-15,0,1,1,0,-1.19429445808055,0,0,0,0,0,0,0,0,0,0,,0,,,,,0,-3.5,-3.5
2007,REG,00-0022879,,Drew Carter,WR,WR,,15,CAR,0,0,0,0,0,0,0,0,0,0,0,0,,0,,,0,0,0,0,0,0,,0,38,38,517,4,0,0,389,128,28,51.9462676410331,0,1.32904884318766,0.138181818181818,0.256935270805812,0.387127416836796,0,75.7,113.7
2007,REG,00-0022883,,Adimchinobe Echemandu,RB,RB,,5,HOU,0,0,0,0,0,0,0,0,0,0,0,0,,0,,,20,85,0,1,1,3,-5.70371481194161,0,2,2,11,0,0,0,-2,13,0,0.260644077556208,0,-5.5,0.0689655172413793,-0.0117647058823529,0.0952129817444219,0,7.6,9.6
2007,REG,00-0022889,,Reggie Williams,WR,WR,,14,JAX,0,0,0,0,0,0,0,0,0,0,0,0,,0,,,1,8,0,0,0,1,1.22734230212518,0,38,38,629,10,3,2,412,217,29,56.529172714625,0,1.52669902912621,0.149606299212598,0.212809917355372,0.373376390967658,0,119.7,157.7
2007,REG,00-0022893,,Tatum Bell,RB,RB,,5,DET,0,0,0,0,0,0,0,0,0,0,0,0,,0,,,44,182,1,1,1,7,-7.65135225736646,0,14,14,63,0,0,0,-10,68,2,-1.1571029604529,0,-6.3,0.126126126126126,-0.0136612021857924,0.179626347659135,0,28.5,42.5
2007,REG,00-0022897,,Greg Jones,RB,RB,,14,JAX,0,0,0,0,0,0,0,0,0,0,0,0,,0,,,42,119,2,0,0,7,-6.14437666604497,0,11,11,99,2,0,0,3,96,8,8.11160182370804,0,33.0,0.0683229813664596,0.0026857654431513,0.104364507859895,0,45.8,56.8
2007,REG,00-0022901,,Ernest Wilford,WR,WR,,16,JAX,0,0,0,0,0,0,0,0,0,0,0,0,,0,,,0,0,0,0,0,0,,0,45,45,518,3,0,0,411,107,35,57.195320733591,0,1.26034063260341,0.15625,0.188965517241379,0.366650862068965,0,69.8,114.8
2007,REG,00-0022909,,Roy Williams,WR,WR,,12,DET,0,0,0,0,0,0,0,0,0,0,0,0,,0,,,2,1,0,0,0,1,-0.907515283441171,0,63,63,836,5,2,1,528,293,34,56.6999631413492,0,1.58333333333333,0.217993079584775,0.274143302180685,0.518889930903642,0,111.7,174.7
2007,REG,00-0022910,,Lee Evans,WR,WR,,16,BUF,0,0,0,0,0,0,0,0,0,0,0,0,,0,,,0,0,0,0,0,0,,0,55,57,849,5,0,0,674,193,38,65.1484383523206,0,1.25964391691395,0.215094339622642,0.466113416320885,0.648920900858582,0,114.9,169.9
2007,REG,00-0022912,,J.P. Losman,QB,QB,,8,BUF,111,175,1204,4,6,14,103,3,1,1407,577,59,-25.3341049531455,0,0.855721393034826,0.0336343682913286,20,110,0,2,1,8,2.73504973665695,0,0,0,0,0,0,0,0,0,0,,0,,,,,0,59.16,59.16
2007,REG,00-0022916,,Ben Troupe,TE,TE,,4,TEN,0,0,0,0,0,0,0,0,0,0,0,0,,0,,,1,-1,0,0,0,0,-0.719348591286689,0,5,5,47,0,0,0,10,37,2,3.79419476166368,0,4.7,0.0581395348837209,0.0179856115107914,0.0997992303831353,0,4.6,9.6
2007,REG,00-0022921,L.Fitzgerald,Larry Fitzgerald,WR,WR,"https://static.www.nfl.com/image/private/f_auto,q_auto/league/ycgjjaad5un42gy4pnga",15,ARI,0,0,0,0,0,0,0,0,0,0,0,0,,0,,,0,0,0,0,0,0,,0,101,101,1412,10,3,3,1134,278,69,108.708248601465,0,1.24514991181658,0.297935103244838,0.45,0.761902654867257,0,195.2,296.2
2007,REG,00-0022922,,Kellen Winslow,TE,TE,,16,CLE,0,0,0,0,0,0,0,0,0,0,0,0,,0,,,0,0,0,0,0,0,,0,82,82,1106,5,2,1,721,385,56,89.7830048298278,1,1.53398058252427,0.26797385620915,0.322450805008945,0.627676347819987,0,140.6,222.6
2007,REG,00-0022924,B.Roethlisberger,Ben Roethlisberger,QB,QB,"https://static.www.nfl.com/image/private/f_auto,q_auto/league/vziogpnyp9d0xtpiuqhr",15,PIT,265,405,3158,32,11,47,347,8,3,3910,1081,168,77.2475176741959,1,0.8076726342711,0.162805358618626,35,204,2,1,0,17,20.0252122465701,0,0,0,0,0,0,0,0,0,0,,0,,,,,0,260.72,260.72
2007,REG,00-0022929,,Devery Henderson,WR,WR,,12,NO,0,0,0,0,0,0,0,0,0,0,0,0,,0,,,2,20,0,0,0,1,1.0590879204683,0,20,20,409,3,0,0,327,82,16,37.3099681779277,0,1.25076452599388,0.0602409638554217,0.178884026258206,0.215580264163876,0,60.9,80.9
2007,REG,00-0022942,P.Rivers,Philip Rivers,QB,QB,"https://static.www.nfl.com/image/private/f_auto,q_auto/league/voakyrtj34sghkwxaxxf",16,LAC,277,460,3152,21,15,22,163,6,3,3918,1272,157,30.6406276369193,0,0.804492087799898,0.0814415557675351,29,33,1,5,3,8,-18.7232205684995,0,0,0,0,0,0,0,0,0,0,,0,,,,,0,177.38,177.38
2007,REG,00-0022943,B.Watson,Benjamin Watson,TE,TE,"https://static.www.nfl.com/image/private/f_auto,q_auto/league/dorymozpdnrllkqlfzpu",12,NE,0,0,0,0,0,0,0,0,0,0,0,0,,0,,,1,11,0,0,0,1,0.687392906751484,0,36,36,389,6,1,0,275,114,21,36.402693860662,0,1.41454545454545,0.113207547169811,0.129107981220657,0.260186907609177,0,76.0,112.0
2007,REG,00-0022984,,Ryan Grant,RB,RB,,14,GB,0,0,0,0,0,0,0,0,0,0,0,0,,0,,,188,956,8,0,0,36,3.81417032659933,0,30,30,147,0,1,1,-24,171,8,-3.01015997973971,0,-6.125,0.0920245398773006,-0.0127253446447508,0.129129068564625,0,156.3,186.3
2007,REG,00-0022999,J.Kuhn,John Kuhn,FB,RB,"https://static.www.nfl.com/image/private/f_auto,q_auto/league/nbcwgq2o0ymmx4czvr4b",2,GB,0,0,0,0,0,0,0,0,0,0,0,0,,0,,,0,0,0,0,0,0,,0,2,2,7,0,0,0,4,3,2,0.886650496395305,0,1.75,0.0512820512820513,0.0197044334975369,0.0907161803713528,0,0.7,2.7
2007,REG,00-0023051,,Aaron Halterman,TE,TE,,1,MIA,0,0,0,0,0,0,0,0,0,0,0,0,,0,,,0,0,0,0,0,0,,0,1,1,7,0,0,0,3,4,1,1.01116032479331,0,2.33333333333333,0.0588235294117647,0.05,0.123235294117647,0,0.7,1.7
2007,REG,00-0023060,,Chris Kluwe,P,SPEC,,1,MIN,1,1,27,0,0,0,0,0,0,-3,30,1,4.01534840138629,0,0.0,,0,0,0,0,0,0,,0,0,0,0,0,0,0,0,0,0,,0,,,,,0,1.08,1.08
2007,REG,00-0023063,,Leonard Weaver,FB,RB,,15,SEA,0,0,0,0,0,0,0,0,0,0,0,0,,0,,,33,146,1,0,0,13,-2.87045047606807,0,39,39,313,0,0,0,-22,335,15,16.3524763468304,0,-14.2272727272727,0.125806451612903,-0.011720831113479,0.18050509563992,0,51.9,90.9
2007,REG,00-0023074,,Samkon Gado,RB,RB,,8,MIA,0,0,0,0,0,0,0,0,0,0,0,0,,0,,,53,150,4,0,0,9,-8.27883884077814,1,12,12,106,0,1,0,8,98,3,1.36635439028032,0,13.25,0.0975609756097561,0.008695652173913,0.152428419936373,0,51.6,63.6
2007,REG,00-0023158,,Brock Berlin,QB,QB,,1,LA,17,28,153,0,1,0,0,0,0,224,68,8,-0.527559571363489,0,0.683035714285714,0.0479897034894032,3,-16,0,2,1,0,-8.23352026555222,0,0,0,0,0,0,0,0,0,0,,0,,,,,0,0.52,0.52
2007,REG,00-0023176,,Josh Cribbs,WR,WR,,13,CLE,0,0,0,0,0,0,0,0,0,0,0,0,,1,,,9,61,0,0,0,3,2.69486741389846,0,3,3,37,0,1,0,18,19,3,3.92250236950349,0,2.05555555555556,0.0483870967741936,0.168224299065421,0.190337654507085,3,29.8,32.8
2007,REG,00-0023179,,Tony Curtis,TE,TE,,3,DAL,0,0,0,0,0,0,0,0,0,0,0,0,,0,,,0,0,0,0,0,0,,0,3,3,18,3,0,0,18,0,3,4.39203085406916,0,1.0,0.0555555555555556,0.0379746835443038,0.109915611814346,0,19.8,22.8
2007,REG,00-0023192,,Tyson Thompson,RB,RB,,4,DAL,0,0,0,0,0,0,0,0,0,0,0,0,,0,,,14,54,0,0,0,3,-3.50808906933526,0,0,0,0,0,0,0,0,0,0,,0,,,,,0,5.4,5.4
2007,REG,00-0023234,,Michael Koenen,P,SPEC,,1,ATL,0,0,0,0,0,0,0,0,0,0,0,0,,0,,,1,0,0,1,1,0,-2.95684341050219,0,0,0,0,0,0,0,0,0,0,,0,,,,,0,-2.0,-2.0
2007,REG,00-0023251,,Kyle Eckel,RB,RB,,6,NE,0,0,0,0,0,0,0,0,0,0,0,0,,0,,,32,87,2,0,0,5,-2.84252991067478,0,1,1,6,0,0,0,5,1,0,0.278625155217014,0,1.2,0.0303030303030303,0.0200803212851406,0.0595107703541439,0,21.3,22.3
2007,REG,00-0023252,R.Gould,Robbie Gould,K,SPEC,"https://static.www.nfl.com/image/private/f_auto,q_auto/league/uakpiwhnutg2rvoyrmgh",1,CHI,0,1,0,0,0,0,0,0,0,19,0,0,-2.18674096866744,0,0.0,,0,0,0,0,0,0,,0,0,0,0,0,0,0,0,0,0,,0,,,,,0,0.0,0.0
2007,REG,00-0023310,,Lance Moore,WR,WR,"https://static.www.nfl.com/image/private/f_auto,q_auto/league/bfjxc892mfkni8ywtheh",14,NO,0,0,0,0,0,0,0,0,0,0,0,0,,0,,,2,7,1,0,0,1,0.887896106112748,0,32,32,302,2,0,0,243,59,22,27.5255107311332,0,1.24279835390947,0.0893854748603352,0.127225130890052,0.223135803913539,0,48.9,80.9
2007,REG,00-0023367,,Nate Washington,WR,WR,,12,PIT,0,0,0,0,0,0,0,0,0,0,0,0,,0,,,1,0,0,0,0,0,-0.799402219709009,0,29,29,450,5,0,0,377,73,21,44.5489338153566,0,1.19363395225464,0.129464285714286,0.225613405146619,0.352125812174062,0,75.0,104.0
2007,REG,00-0023384,,Zak Keasey,LB,LB,,1,SF,0,0,0,0,0,0,0,0,0,0,0,0,,0,,,2,4,0,0,0,0,-2.20917746509076,0,0,0,0,0,0,0,0,0,0,,0,,,,,0,0.4,0.4
2007,REG,00-0023408,,Greg Camarillo,WR,WR,,4,MIA,0,0,0,0,0,0,0,0,0,0,0,0,,0,,,0,0,0,0,0,0,,0,8,8,160,2,0,0,93,67,6,14.6311392667412,0,1.72043010752688,0.0879120879120879,0.17680608365019,0.255632390423265,0,28.0,36.0
2007,REG,00-0023429,,Rashied Davis,WR,WR,,9,CHI,0,0,0,0,0,0,0,0,0,0,0,0,,0,,,0,0,0,0,0,0,,0,17,17,165,0,0,0,104,61,8,6.9514059057467,0,1.58653846153846,0.0783410138248848,0.0934411500449236,0.182920325768774,0,16.5,33.5
2007,REG,00-0023436,A.Smith,Alex Smith,QB,QB,"https://static.www.nfl.com/image/private/f_auto,q_auto/league/dpa5d1a8jj6jdymocjkx",7,SF,94,193,914,2,4,17,121,6,5,1819,317,47,-72.6449797024912,0,0.502473886750962,-0.031340016846781,13,89,0,0,0,5,6.19720382970991,0,0,0,0,0,0,0,0,0,0,,0,,,,,0,35.46,35.46
2007,REG,00-0023437,,Ronnie Brown,RB,RB,,7,MIA,0,0,0,0,0,0,0,0,0,0,0,0,,0,,,119,602,4,0,0,39,22.5380036092499,1,39,39,389,1,0,0,28,361,18,21.2155065164552,0,13.8928571428571,0.263513513513514,0.0462046204620462,0.427613504593703,0,131.1,170.1
2007,REG,00-0023438,,Braylon Edwards,WR,WR,,16,CLE,0,0,0,0,0,0,0,0,0,0,0,0,,0,,,0,0,0,0,0,0,,0,80,80,1289,16,3,2,863,426,57,113.757348721024,0,1.4936268829664,0.261437908496732,0.405545112781955,0.676038441692467,0,220.9,300.9
2007,REG,00-0023439,,Cedric Benson,RB,RB,,11,CHI,0,0,0,0,0,0,0,0,0,0,0,0,,0,,,197,678,4,3,2,33,-37.379237732299,0,17,17,123,0,0,0,4,119,5,6.90654161595739,0,30.75,0.080188679245283,0.0029739776951672,0.122364803254542,0,100.1,117.1
2007,REG,00-0023440,,Cadillac Williams,RB,RB,,4,TB,0,0,0,0,0,0,0,0,0,0,0,0,,0,,,54,208,3,1,1,12,-7.30339814847685,0,3,3,17,0,1,1,10,7,0,-5.36936672241427,0,1.7,0.0882352941176471,0.0469483568075117,0.165216790941729,0,36.5,39.5
2007,REG,00-0023442,,Troy Williamson,WR,WR,,8,MIN,0,0,0,0,0,0,0,0,0,0,0,0,,0,,,2,29,0,0,0,1,1.34184685244691,0,18,18,240,1,0,0,185,55,9,19.8323086265009,0,1.2972972972973,0.146341463414634,0.236875800256082,0.385325255301209,0,32.9,50.9
2007,REG,00-0023452,,Mike Williams,WR,WR,,4,LV,0,0,0,0,0,0,0,0,0,0,0,0,,0,,,0,0,0,0,0,0,,0,7,7,90,0,1,1,64,26,3,0.54264375398634,0,1.40625,0.0843373493975904,0.130612244897959,0.217934595524957,0,7.0,14.0
2007,REG,00-0023456,,Matt Jones,WR,WR,,10,JAX,0,0,0,0,0,0,0,0,0,0,0,0,,0,,,0,0,0,0,0,0,,0,24,24,317,4,0,0,232,85,15,33.5012103809859,0,1.36637931034483,0.125,0.163380281690141,0.301866197183099,0,55.7,79.7
2007,REG,00-0023457,,Mark Clayton,WR,WR,,15,BAL,0,1,0,0,0,0,0,0,0,14,0,0,-0.411272879107855,0,0.0,,0,0,0,0,0,0,,0,48,48,531,0,0,0,416,115,30,36.5689550459885,0,1.27644230769231,0.150470219435737,0.221512247071353,0.380763902103552,0,53.1,101.1
2007,REG,00-0023459,A.Rodgers,Aaron Rodgers,QB,QB,"https://static.www.nfl.com/image/upload/f_auto,q_auto/league/jdcb4nomlc4rd6k5l6to",2,GB,20,28,218,1,0,3,24,0,0,162,133,9,7.16624789137859,0,1.34567901234568,0.218119015101746,7,29,0,0,0,3,2.52779101755004,0,0,0,0,0,0,0,0,0,0,,0,,,,,0,15.62,15.62
2007,REG,00-0023460,,Jason Campbell,QB,QB,,13,WAS,250,417,2700,12,11,20,110,7,6,3575,1155,148,17.0201918437201,2,0.755244755244755,0.0721636962360577,37,186,1,6,2,15,-2.69068650880573,0,0,0,0,0,0,0,0,0,0,,0,,,,,0,146.6,146.6
2007,REG,00-0023462,,Roddy White,WR,WR,"https://static.www.nfl.com/image/private/f_auto,q_auto/league/f7dgklg6z49fbdltwuki",16,ATL,0,0,0,0,0,0,0,0,0,0,0,0,,0,,,1,-2,0,0,0,0,-0.900585065595806,0,83,83,1202,6,3,2,743,459,52,94.5058913947505,0,1.61776581426649,0.246290801186944,0.403365906623236,0.651792336416681,0,152.0,235.0
2007,REG,00-0023465,,Heath Miller,TE,TE,"https://static.www.nfl.com/image/private/f_auto,q_auto/league/iqw8fry4hgfvegs9nfuf",15,PIT,0,0,0,0,0,0,0,0,0,0,0,0,,0,,,0,0,0,0,0,0,,0,47,47,566,7,0,0,364,202,32,53.5604233364645,0,1.55494505494506,0.177358490566038,0.173168411037108,0.387255623575032,0,98.6,145.6
2007,REG,00-0023467,,Logan Mankins,G,OL,"https://static.www.nfl.com/image/private/f_auto,q_auto/league/unf3wt7vrjde0crr3o6n",1,NE,0,0,0,0,0,0,0,0,0,0,0,0,,0,,,0,0,0,0,0,0,,0,1,1,-9,0,0,0,-9,0,0,-1.33572819433175,0,0.0,0.04,-0.103448275862069,-0.0124137931034483,0,-0.9,0.1
2007,REG,00-0023470,,Reggie Brown,WR,WR,,16,PHI,0,0,0,0,0,0,0,0,0,0,0,0,,0,,,5,36,0,0,0,2,1.26624703989364,0,61,61,780,4,1,0,603,177,38,71.0671342902341,0,1.29353233830846,0.173789173789174,0.267287234042553,0.447784824513548,0,105.6,166.6
2007,REG,00-0023474,,Mark Bradley,WR,WR,,6,CHI,0,0,0,0,0,0,0,0,0,0,0,0,,0,,,0,0,0,0,0,0,,0,6,6,71,1,0,0,51,20,3,4.84366558829788,0,1.3921568627451,0.0461538461538462,0.0698630136986301,0.11813487881981,0,13.1,19.1
2007,REG,00-0023479,,J.J. Arrington,RB,RB,,14,ARI,0,0,0,0,0,0,0,0,0,0,0,0,,0,,,26,78,0,0,0,3,-9.44545168036711,0,29,29,241,1,0,0,-28,269,9,4.38176492982893,0,-8.60714285714286,0.0941558441558442,-0.0135396518375242,0.131756009947499,0,37.9,66.9
2007,REG,00-0023490,,Roscoe Parrish,WR,WR,,14,BUF,0,0,0,0,0,0,0,0,0,0,0,0,,0,,,3,19,1,0,0,1,-0.112905044807121,0,35,35,352,1,0,0,232,120,19,21.4286099774726,0,1.51724137931034,0.146443514644351,0.196111580726965,0.356943378475403,1,55.1,90.1
2007,REG,00-0023496,,Vincent Jackson,WR,WR,"https://static.www.nfl.com/image/private/f_auto,q_auto/league/kdquag2thcfulvrs0cbz",15,LAC,0,0,0,0,0,0,0,0,0,0,0,0,,0,,,0,0,0,0,0,0,,0,41,41,623,3,0,0,497,126,28,54.9726972001433,0,1.25352112676056,0.14963503649635,0.273678414096916,0.416027444612367,0,80.3,121.3
2007,REG,00-0023500,F.Gore,Frank Gore,RB,RB,"https://static.www.nfl.com/image/private/f_auto,q_auto/league/lxxkhd2suyalrbruzut7",15,SF,0,0,0,0,0,0,0,0,0,0,0,0,,0,,,260,1102,5,3,2,42,-38.1785263553596,0,53,53,436,1,1,1,33,403,20,19.0379755593895,0,13.2121212121212,0.205426356589147,0.0276150627615063,0.327470078816775,0,183.8,236.8
2007,REG,00-0023502,,Charlie Frye,QB,QB,,1,CLE,4,10,34,0,1,5,31,0,0,49,11,2,-13.6309193723137,0,0.693877551020408,-0.132741960713276,1,1,0,0,0,0,-0.508823020849377,0,0,0,0,0,0,0,0,0,0,,0,,,,,0,-0.54,-0.54
2007,REG,00-0023504,,Andrew Walter,QB,QB,,1,LV,5,8,38,0,0,0,0,0,0,58,25,2,0.285509185749106,0,0.655172413793103,0.0652013777592562,0,0,0,0,0,0,,0,0,0,0,0,0,0,0,0,0,,0,,,,,0,1.52,1.52
2007,REG,00-0023506,,Alex Smith,TE,TE,"https://static.www.nfl.com/image/private/f_auto,q_auto/league/zcpxncjwcm6ggoiqt6ub",13,TB,0,0,0,0,0,0,0,0,0,0,0,0,,0,,,0,0,0,0,0,0,,0,32,33,385,3,0,0,233,157,20,29.9953951213525,0,1.65236051502146,0.134146341463415,0.159807956104252,0.313085081468099,0,56.5,88.5
2007,REG,00-0023508,,Vernand Morency,RB,RB,,10,GB,0,0,0,0,0,0,0,0,0,0,0,0,,0,,,29,108,0,0,0,5,-6.33208638158976,0,30,30,199,0,1,0,-26,225,9,3.63839011947994,0,-7.65384615384615,0.147058823529412,-0.0253411306042885,0.202849443871116,0,30.7,60.7
2007,REG,00-0023518,,Chris Henry,WR,WR,,7,CIN,0,0,0,0,0,0,0,0,0,0,0,0,,0,,,0,0,0,0,0,0,,0,21,21,343,2,0,0,272,71,14,30.724811317632,0,1.26102941176471,0.122093023255814,0.268509378084896,0.371096099543148,0,46.3,67.3
2007,REG,00-0023519,,Ellis Hobbs,CB,DB,,1,NE,0,0,0,0,0,0,0,0,0,0,0,0,,0,,,0,0,0,0,0,0,,0,0,0,0,0,0,0,0,0,0,,0,,,,,1,6.0,6.0
2007,REG,00-0023521,,Kevin Everett,TE,TE,,1,BUF,0,0,0,0,0,0,0,0,0,0,0,0,,0,,,0,0,0,0,0,0,,0,1,1,3,0,0,0,3,0,0,-0.258576461405028,0,1.0,0.0714285714285714,0.0769230769230769,0.160989010989011,0,0.3,1.3
2007,REG,00-0023531,,Brandon Jones,WR,WR,,7,TEN,0,0,0,0,0,0,0,0,0,0,0,0,,0,,,2,37,0,0,0,2,2.62605449021794,0,21,21,248,2,1,0,181,67,11,24.6493272957159,0,1.37016574585635,0.181034482758621,0.2896,0.474271724137931,0,40.5,61.5
2007,REG,00-0023541,,Kyle Orton,QB,QB,,3,CHI,42,79,475,3,2,2,12,1,0,660,288,19,-11.6996001480216,1,0.71969696969697,-0.0105926253462125,5,-1,0,1,0,1,-0.565340643981472,0,0,0,0,0,0,0,0,0,0,,0,,,,,0,28.9,28.9
2007,REG,00-0023544,,Marion Barber,RB,RB,,16,DAL,0,0,0,0,0,0,0,0,0,0,0,0,,0,,,203,973,10,0,0,48,19.1143502151483,0,44,44,282,2,2,0,24,258,16,15.2384523570047,0,11.75,0.133738601823708,0.0097640358014646,0.207442727796588,0,197.5,241.5
2007,REG,00-0023545,,Brandon Jacobs,RB,RB,,11,NYG,0,0,0,0,0,0,0,0,0,0,0,0,,0,,,200,1011,4,4,3,49,7.23503919700043,0,23,23,174,2,1,1,-7,181,7,5.55602410021493,0,-24.8571428571429,0.136094674556213,-0.0069930069930069,0.199246906939215,0,146.5,169.5
2007,REG,00-0023549,,Jerome Mathis,WR,WR,,1,HOU,0,0,0,0,0,0,0,0,0,0,0,0,,0,,,0,0,0,0,0,0,,0,1,1,15,0,0,0,11,4,1,1.02547928947024,0,1.36363636363636,0.037037037037037,0.0753424657534247,0.108295281582953,1,7.5,8.5
2007,REG,00-0023551,,Craphonso Thorpe,WR,WR,,3,IND,0,0,0,0,0,0,0,0,0,0,0,0,,0,,,0,0,0,0,0,0,,0,12,12,70,1,0,0,53,17,4,3.05803164752433,0,1.32075471698113,0.16,0.139473684210526,0.337631578947368,0,13.0,25.0
2007,REG,00-0023561,,Alvin Pearman,RB,RB,,1,SEA,0,0,0,0,0,0,0,0,0,0,0,0,,0,,,0,0,0,0,0,0,,0,1,1,1,0,0,0,-1,2,0,-0.588126414804719,0,-1.0,0.0454545454545455,-0.0075757575757575,0.0628787878787879,0,0.1,1.1
2007,REG,00-0023564,D.Sproles,Darren Sproles,RB,RB,"https://static.www.nfl.com/image/private/f_auto,q_auto/league/gvj5ng27blmwuz170aeo",9,LAC,0,0,0,0,0,0,0,0,0,0,0,0,,0,,,37,164,2,0,0,6,-2.60135208783322,0,10,10,31,0,0,0,-24,55,3,-2.56863295671064,0,-1.29166666666667,0.111111111111111,-0.0379746835443038,0.140084388185654,2,43.5,53.5
2007,REG,00-0023570,,Roydell Williams,WR,WR,,15,TEN,0,0,0,0,0,0,0,0,0,0,0,0,,0,,,2,-17,0,0,0,0,-2.85781712352764,0,55,55,719,4,0,0,512,207,38,61.1338638246841,0,1.404296875,0.1985559566787,0.293577981651376,0.503338522174014,0,94.2,149.2
2007,REG,00-0023572,,Boomer Grigsby,FB,RB,,2,KC,0,0,0,0,0,0,0,0,0,0,0,0,,0,,,0,0,0,0,0,0,,0,2,2,14,0,0,0,2,12,0,0.78918241453357,0,7.0,0.0571428571428571,0.0253164556962025,0.103435804701628,0,1.4,3.4
2007,REG,00-0023591,,Justin Green,RB,RB,,2,BAL,0,0,0,0,0,0,0,0,0,0,0,0,,0,,,0,0,0,0,0,0,,0,2,2,16,0,0,0,9,7,1,1.36700724397087,0,1.77777777777778,0.0526315789473684,0.0358565737051793,0.104046970014678,0,1.6,3.6
2007,REG,00-0023612,,Bo Scaife,TE,TE,,15,TEN,0,0,0,0,0,0,0,0,0,0,0,0,,0,,,0,0,0,0,0,0,,0,46,46,421,1,2,2,271,150,27,27.3978323920823,0,1.55350553505535,0.169117647058824,0.177938279711097,0.378233266386003,0,44.1,90.1
2007,REG,00-0023623,,Tab Perry,WR,WR,,1,CIN,0,0,0,0,0,0,0,0,0,0,0,0,,0,,,1,9,0,0,0,0,0.734457622980699,0,1,1,7,0,0,0,0,7,1,0.855785178719088,0,0.0,0.0303030303030303,,,0,1.6,2.6
2007,REG,00-0023630,,Joel Dreessen,TE,TE,,4,HOU,0,0,0,0,0,0,0,0,0,0,0,0,,0,,,0,0,0,0,0,0,,0,4,4,55,2,0,0,50,5,3,8.66317373001948,0,1.1,0.04,0.0637755102040816,0.104642857142857,0,17.5,21.5
2007,REG,00-0023645,D.Anderson,Derek Anderson,QB,QB,"https://static.www.nfl.com/image/private/f_auto,q_auto/league/w191gsxivnqgdwgydka6",16,CLE,298,527,3786,29,19,15,115,4,1,4201,1602,187,43.4033089928043,1,0.90121399666746,0.0794984462667497,30,77,3,1,1,12,-5.372117495368,0,0,0,0,0,0,0,0,0,0,,0,,,,,0,253.14,253.14
2007,REG,00-0023655,,Marcus Maxwell,WR,WR,,1,CIN,0,0,0,0,0,0,0,0,0,0,0,0,,0,,,0,0,0,0,0,0,,0,1,1,5,0,0,0,5,0,1,-0.109958099143114,0,1.0,0.0384615384615385,0.0381679389312977,0.0844098649442161,0,0.5,1.5
2007,REG,00-0023662,M.Cassel,Matt Cassel,QB,QB,"https://static.www.nfl.com/image/private/f_auto,q_auto/league/n1ucqggyu5hlsqzuv5gj",5,NE,4,7,38,0,1,0,0,0,0,30,16,2,-4.35822812386323,0,1.26666666666667,-0.0247122081274906,4,12,1,1,0,1,-2.82020216603996,0,0,0,0,0,0,0,0,0,0,,0,,,,,0,6.72,6.72
2007,REG,00-0023683,,Madison Hedgecock,FB,RB,,6,NYG,0,0,0,0,0,0,0,0,0,0,0,0,,0,,,0,0,0,0,0,0,,0,7,8,52,0,0,0,15,35,0,2.74569018278271,0,3.46666666666667,0.0655737704918033,0.0201072386058981,0.112435722761834,0,5.2,12.2
2007,REG,00-0023714,,Alex Haynes,RB,RB,,3,CAR,0,0,0,0,0,0,0,0,0,0,0,0,,0,,,3,3,0,0,0,0,-0.806809675355908,0,3,3,14,0,0,0,7,7,2,0.450578775489703,0,2.0,0.107142857142857,0.0693069306930693,0.209229137199434,0,1.7,4.7
2007,REG,00-0023742,J.Ryan,Jon Ryan,P,SPEC,"https://static.www.nfl.com/image/private/f_auto,q_auto/league/jarcsmohj6vbznthlni8",2,GB,0,0,0,0,0,0,0,0,0,0,0,0,,0,,,2,7,0,1,0,1,0.629583522444591,0,0,0,0,0,0,0,0,0,0,,0,,,,,0,0.7,0.7
2007,REG,00-0023761,,Travis Williams,LB,LB,,1,ATL,0,0,0,0,0,0,0,0,0,0,0,0,,0,,,1,37,0,0,0,1,4.9423758337507,0,0,0,0,0,0,0,0,0,0,,0,,,,,0,3.7,3.7
2007,REG,00-0023764,,Andre Hall,RB,RB,,5,DEN,0,0,0,0,0,0,0,0,0,0,0,0,,0,,,44,216,2,1,0,10,-2.26292909521726,0,2,2,69,0,0,0,0,69,1,4.29863374863635,0,0.0,0.117647058823529,,,0,40.5,42.5
2007,REG,00-0023774,,Naufahu Tahi,FB,RB,,3,MIN,0,0,0,0,0,0,0,0,0,0,0,0,,0,,,6,15,0,0,0,0,-2.86627738748361,0,1,1,7,0,0,0,0,7,0,0.248291761381552,0,0.0,0.05,,,0,2.2,3.2
2007,REG,00-0023784,,Greg Estandia,TE,TE,,7,JAX,0,0,0,0,0,0,0,0,0,0,0,0,,0,,,0,0,0,0,0,0,,0,9,9,136,0,0,0,99,37,5,11.0334819303825,0,1.37373737373737,0.087378640776699,0.140425531914894,0.229365833505474,0,13.6,22.6
2007,REG,00-0023790,,Brian Clark,WR,WR,,2,DEN,0,0,0,0,0,0,0,0,0,0,0,0,,0,,,0,0,0,0,0,0,,0,4,4,23,0,1,1,13,10,0,-5.64857290271903,0,1.76923076923077,0.0740740740740741,0.0384615384615385,0.138034188034188,0,0.3,4.3
2007,REG,00-0023806,,DeDe Dorsey,RB,RB,,9,CIN,0,0,0,0,0,0,0,0,0,0,0,0,,0,,,21,183,0,0,0,9,9.84896732744528,0,4,4,19,0,0,0,-11,30,1,0.442571282677818,0,-1.72727272727273,0.0408163265306122,-0.0195035460992908,0.0475720075264148,1,26.2,30.2
2007,REG,00-0023822,,Shaun Bodiford,WR,WR,,1,GB,0,0,0,0,0,0,0,0,0,0,0,0,,0,,,0,0,0,0,0,0,,0,1,1,13,0,0,0,9,4,1,1.25172075489536,0,1.44444444444444,0.0625,0.0918367346938776,0.158035714285714,0,1.3,2.3
2007,REG,00-0023858,,Chris Barclay,RB,RB,,3,TEN,0,0,0,0,0,0,0,0,0,0,0,0,,0,,,1,3,0,0,0,0,-0.271303949528374,0,2,2,13,0,0,0,0,13,0,0.0676551325575772,0,0.0,0.0606060606060606,0.0,0.0909090909090909,0,1.6,3.6
2007,REG,00-0023891,,Oliver Hoyte,RB,RB,,1,DAL,0,0,0,0,0,0,0,0,0,0,0,0,,0,,,0,0,0,0,0,0,,0,1,1,2,0,0,0,1,1,1,0.0301027141977102,0,2.0,0.0454545454545455,0.0047846889952153,0.0715311004784689,0,0.2,1.2
2007,REG,00-0023897,,John Madsen,TE,TE,,4,LV,0,0,0,0,0,0,0,0,0,0,0,0,,0,,,0,0,0,0,0,0,,0,8,8,102,1,0,0,63,39,5,8.34724139643367,0,1.61904761904762,0.0888888888888889,0.128834355828221,0.223517382413088,0,16.2,24.2
2007,REG,00-0023921,,Miles Austin,WR,WR,"https://static.www.nfl.com/image/private/f_auto,q_auto/league/tuwhvxan7v0gisbei4an",3,DAL,0,0,0,0,0,0,0,0,0,0,0,0,,0,,,0,0,0,0,0,0,,0,5,5,76,0,0,0,33,43,3,6.17697829921963,0,2.3030303030303,0.0793650793650794,0.0945558739255014,0.18523673079547,0,7.6,12.6
2007,REG,00-0023928,,Anthony Mix,WR,WR,,1,NYG,0,0,0,0,0,0,0,0,0,0,0,0,,0,,,0,0,0,0,0,0,,0,3,3,39,0,0,0,22,17,2,2.32174261682667,0,1.77272727272727,0.15,0.183333333333333,0.353333333333333,0,3.9,6.9
2007,REG,00-0023953,,Sam Hurd,WR,WR,,11,DAL,0,0,0,0,0,0,0,0,0,0,0,0,,0,,,0,0,0,0,0,0,,0,19,19,314,1,0,0,216,98,17,29.7912994880462,0,1.4537037037037,0.0788381742738589,0.120670391061453,0.202726535153805,0,37.4,56.4
2007,REG,00-0023968,,Micheal Spurlock,WR,WR,,1,TB,0,0,0,0,0,0,0,0,0,0,0,0,,0,,,0,0,0,0,0,0,,0,0,0,0,0,0,0,0,0,0,,0,,,,,1,6.0,6.0
2007,REG,00-0024011,,Mike Bell,RB,RB,,3,DEN,0,0,0,0,0,0,0,0,0,0,0,0,,0,,,6,3,0,1,1,2,-6.29115928080864,0,1,1,7,0,0,0,2,5,0,0.277667077723891,0,3.5,0.0434782608695652,0.0152671755725191,0.0759044142051112,0,-1.0,4.44089209850063e-16
2007,REG,00-0024013,,Hank Baskett,WR,WR,,9,PHI,0,0,0,0,0,0,0,0,0,0,0,0,,0,,,0,0,0,0,0,0,,0,16,16,142,1,0,0,103,39,5,10.960453782362,0,1.37864077669903,0.0723981900452489,0.0743682310469314,0.160655046800725,0,20.2,36.2
2007,REG,00-0024061,T.Williams,Tramon Williams,CB,DB,"https://static.www.nfl.com/image/private/f_auto,q_auto/league/btv4xik81slb9h07rmkh",1,GB,0,0,0,0,0,0,0,0,0,0,0,0,,0,,,0,0,0,0,0,0,,0,0,0,0,0,0,0,0,0,0,,0,,,,,1,6.0,6.0
2007,REG,00-0024067,,Lee Vickers,TE,TE,,2,BAL,0,0,0,0,0,0,0,0,0,0,0,0,,0,,,0,0,0,0,0,0,,0,2,2,4,0,0,0,-2,6,0,-0.570471278158948,0,0.0,0.0540540540540541,-0.0093023255813953,0.0745694531741043,0,0.4,2.4
2007,REG,00-0024069,,Troy Bienemann,TE,TE,,7,ARI,0,0,0,0,0,0,0,0,0,0,0,0,,0,,,0,0,0,0,0,0,,0,7,7,46,1,0,0,27,19,2,5.20790318888612,0,1.7037037037037,0.0419161676646707,0.0306469920544835,0.0843271459351445,0,10.6,17.6
2007,REG,00-0024077,,Isaac Smolko,TE,TE,,1,JAX,0,0,0,0,0,0,0,0,0,0,0,0,,0,,,0,0,0,0,0,0,,0,1,1,5,0,0,0,-1,6,0,0.199268608936109,0,0.0,0.04,-0.005,0.0565,0,0.5,1.5
2007,REG,00-0024110,,Steve Weatherford,P,SPEC,"https://static.www.nfl.com/image/private/f_auto,q_auto/league/jkpdalshsrmuxdn1jj4h",1,NO,0,0,0,0,0,0,0,0,0,0,0,0,,0,,,1,5,0,0,0,1,2.92433844297193,0,0,0,0,0,0,0,0,0,0,,0,,,,,0,0.5,0.5
2007,REG,00-0024148,,Cory Ross,WR,WR,,1,BAL,0,0,0,0,0,0,0,0,0,0,0,0,,0,,,12,72,1,0,0,3,1.59289804397849,0,0,0,0,0,0,0,0,0,0,,0,,,,,0,13.2,13.2
2007,REG,00-0024170,,Joe Kowalewski,TE,TE,,4,NYJ,0,0,0,0,0,0,0,0,0,0,0,0,,0,,,0,0,0,0,0,0,,0,5,5,18,1,0,0,9,9,1,1.13084215129493,0,2.0,0.0526315789473684,0.0220048899755501,0.0943507914039377,0,7.8,12.8
2007,REG,00-0024171,,Wallace Wright,WR,WR,,4,NYJ,0,0,0,0,0,0,0,0,0,0,0,0,,0,,,0,0,0,0,0,0,,0,6,6,87,0,0,0,54,33,4,6.66059322905494,0,1.61111111111111,0.08,0.119733924611973,0.203813747228381,0,8.7,14.7
2007,REG,00-0024172,,Patrick Cobbs,RB,RB,,5,MIA,0,0,0,0,0,0,0,0,0,0,0,0,,0,,,15,47,1,0,0,3,0.165958935511298,0,2,2,20,0,0,0,19,1,0,0.0856073989125434,0,1.05263157894737,0.0526315789473684,0.0791666666666667,0.134364035087719,0,12.7,14.7
2007,REG,00-0024174,,Glenn Holt,WR,WR,,7,CIN,0,0,0,0,0,0,0,0,0,0,0,0,,0,,,2,2,0,0,0,0,-1.05968812934589,0,15,15,136,1,0,0,68,68,10,10.4905751817816,0,2.0,0.103448275862069,0.0744797371303395,0.207308229784341,1,25.8,40.8
2007,REG,00-0024204,,Fred Jackson,RB,RB,"https://static.www.nfl.com/image/private/f_auto,q_auto/league/ibu4ltouiplhatsn4ptq",8,BUF,0,0,0,0,0,0,0,0,0,0,0,0,,0,,,58,300,0,0,0,12,-2.32304910659432,0,22,22,190,0,0,0,1,189,7,5.89392286391385,0,190.0,0.178861788617886,0.0016835016835016,0.26947113410528,0,49.0,71.0
2007,REG,00-0024217,,Reggie Bush,RB,RB,"https://static.www.nfl.com/image/private/f_auto,q_auto/league/z2m2heolqx9sgobdks9v",12,NO,0,0,0,0,0,0,0,0,0,0,0,0,,0,,,157,581,4,7,3,32,-21.2466222453376,3,73,73,417,2,0,0,12,405,24,15.5754627053561,0,34.75,0.223926380368098,0.0064690026954177,0.34041787243894,0,135.8,208.8
2007,REG,00-0024218,,Vince Young,QB,QB,,15,TEN,238,382,2546,9,17,25,157,5,2,3412,1088,141,-13.2148984815655,0,0.746189917936694,0.0555956382827432,93,395,3,5,1,24,-6.45928905530586,0,0,0,0,0,0,0,0,0,0,,0,,,,,0,155.34,155.34
2007,REG,00-0024221,V.Davis,Vernon Davis,TE,TE,"https://static.www.nfl.com/image/private/f_auto,q_auto/league/so5ywayfeeu4zeijln5m",14,SF,0,0,0,0,0,0,0,0,0,0,0,0,,0,,,0,0,0,0,0,0,,0,52,52,509,4,1,1,309,200,30,34.7989080980159,0,1.64724919093851,0.207171314741036,0.226872246696035,0.469567544798778,0,72.9,124.9
2007,REG,00-0024225,,Matt Leinart,QB,QB,,5,ARI,60,112,647,2,4,4,23,0,0,919,259,33,-10.7134490975788,0,0.704026115342764,-0.0139528200566778,11,42,0,0,0,5,2.65022296295501,0,0,0,0,0,0,0,0,0,0,,0,,,,,0,30.08,30.08
2007,REG,00-0024226,J.Cutler,Jay Cutler,QB,QB,"https://static.www.nfl.com/image/private/f_auto,q_auto/league/ks6n7gvw4vccihlse6bn",16,DEN,297,467,3497,20,14,27,153,4,2,3849,1580,175,56.2724155572112,0,0.908547674720707,0.0993510073212832,44,205,1,6,2,15,-2.19735149860695,0,0,0,0,0,0,0,0,0,0,,0,,,,,0,210.38,210.38
2007,REG,00-0024234,,Antonio Cromartie,CB,DB,,1,LAC,0,0,0,0,0,0,0,0,0,0,0,0,,0,,,0,0,0,0,0,0,,0,0,0,0,0,0,0,0,0,0,,0,,,,,1,6.0,6.0
2007,REG,00-0024236,,Laurence Maroney,RB,RB,,13,NE,0,0,0,0,0,0,0,0,0,0,0,0,,0,,,185,835,6,0,0,49,1.78739030705034,1,4,4,116,0,0,0,12,104,4,9.40218465530779,0,9.66666666666667,0.0816326530612245,0.0398671096345515,0.150355956336023,0,133.1,137.1
2007,REG,00-0024240,,Santonio Holmes,WR,WR,,13,PIT,0,0,0,0,0,0,0,0,0,0,0,0,,0,,,5,17,0,1,0,1,-1.99684703233652,0,52,52,942,8,1,0,647,295,42,90.3127645425557,1,1.45595054095827,0.230088495575221,0.360847741215839,0.597726162213919,0,145.9,197.9
2007,REG,00-0024242,,DeAngelo Williams,RB,RB,"https://static.www.nfl.com/image/private/f_auto,q_auto/league/oky9ooitgqa1fgwdll6b",16,CAR,0,0,0,0,0,0,0,0,0,0,0,0,,0,,,144,717,4,0,0,27,10.9063102173631,0,24,24,177,1,2,2,-30,207,6,-5.19706860053419,0,-5.9,0.122448979591837,-0.0311203319502075,0.16188923702261,0,115.4,139.4
2007,REG,00-0024243,M.Lewis,Marcedes Lewis,TE,TE,"https://static.www.nfl.com/image/private/f_auto,q_auto/league/ppq07tipygpftz5csipx",13,JAX,0,0,0,0,0,0,0,0,0,0,0,0,,0,,,0,0,0,0,0,0,,0,37,37,391,2,0,0,274,117,22,31.177150840871,0,1.42700729927007,0.154166666666667,0.151968940654465,0.337628258458125,0,51.1,88.1
2007,REG,00-0024244,,Nick Mangold,C,OL,"https://static.www.nfl.com/image/private/f_auto,q_auto/league/yzxxaw1a2t55cxhsbvx7",1,NYJ,0,0,0,0,0,0,0,0,0,0,0,0,,0,,,0,0,0,0,0,0,,0,1,1,-3,0,0,0,-3,0,0,-0.953745676204562,0,0.0,0.0526315789473684,-0.0218978102189781,0.063618901267768,0,-0.3,0.7
2007,REG,00-0024245,,Joseph Addai,RB,RB,,15,IND,0,0,0,0,0,0,0,0,0,0,0,0,,0,,,261,1072,12,0,0,65,5.10605685148186,1,41,41,364,3,0,0,9,322,15,26.387908555332,0,40.4444444444444,0.133986928104575,0.0043186180422264,0.204003424786421,0,235.6,276.6
2007,REG,00-0024259,,Sinorice Moss,WR,WR,,9,NYG,0,0,0,0,0,0,0,0,0,0,0,0,,0,,,1,4,0,0,0,0,-0.238379067974165,0,21,21,225,0,1,1,154,71,11,10.1039013180581,0,1.46103896103896,0.124260355029586,0.133217993079585,0.279643127700088,0,20.9,41.9
2007,REG,00-0024260,,LenDale White,RB,RB,,16,TEN,0,0,0,0,0,0,0,0,0,0,0,0,,0,,,304,1108,7,4,4,57,-51.8816156857423,0,20,20,114,0,0,0,-13,127,7,3.35734714569011,0,-8.76923076923077,0.0930232558139535,-0.0131313131313131,0.130342964529011,0,156.2,176.2
2007,REG,00-0024261,,Joe Klopfenstein,TE,TE,,2,LA,0,0,0,0,0,0,0,0,0,0,0,0,,0,,,0,0,0,0,0,0,,0,2,2,37,1,0,0,14,23,1,3.58122568228282,0,2.64285714285714,0.0645161290322581,0.0636363636363636,0.141319648093842,0,9.7,11.7
2007,REG,00-0024264,K.Clemens,Kellen Clemens,QB,QB,"https://static.www.nfl.com/image/private/f_auto,q_auto/league/pxungqbhh61ov73tzaxk",10,NYJ,130,250,1529,5,10,27,138,3,1,2207,665,82,-50.3414007460496,0,0.692795650203897,-0.0066261900301679,27,111,1,1,0,10,6.80384253108059,0,0,0,0,0,0,0,0,0,0,,0,,,,,0,76.26,76.26
2007,REG,00-0024267,,Greg Jennings,WR,WR,"https://static.www.nfl.com/image/private/f_auto,q_auto/league/jiemkcfkc893pfova8xv",13,GB,0,0,0,0,0,0,0,0,0,0,0,0,,0,,,0,0,0,0,0,0,,0,53,53,920,12,1,0,480,434,37,86.1551004434005,0,1.91666666666667,0.167721518987342,0.257510729613734,0.431839789210626,0,164.0,217.0
2007,REG,00-0024268,A.Fasano,Anthony Fasano,TE,TE,"https://static.www.nfl.com/image/private/f_auto,q_auto/league/twcrap9uhjbazmplq5x3",11,DAL,0,0,0,0,0,0,0,0,0,0,0,0,,0,,,0,0,0,0,0,0,,0,14,14,143,1,0,0,89,54,6,10.0006586362724,0,1.60674157303371,0.0611353711790393,0.0509736540664376,0.127384614615065,0,20.3,34.3
2007,REG,00-0024272,,Devin Hester,WR,WR,"https://static.www.nfl.com/image/private/f_auto,q_auto/league/jtntm2ci9doez4qxbx0c",13,CHI,0,0,0,0,0,1,15,0,0,0,0,0,-1.78429434914142,0,,,7,-10,0,0,0,0,-6.42086878302507,0,20,20,299,2,0,0,172,127,11,19.520392851322,0,1.73837209302326,0.0862068965517242,0.159851301115242,0.241206255608255,6,76.9,96.9
2007,REG,00-0024275,,Maurice Jones-Drew,RB,RB,,15,JAX,0,0,0,0,0,0,0,0,0,0,0,0,,0,,,167,768,9,1,1,46,4.68548202702312,0,40,40,407,0,1,1,37,370,22,29.3367725674985,0,11.0,0.152091254752852,0.0194429847609038,0.24174697146191,1,173.5,213.5
2007,REG,00-0024276,,Tony Scheffler,TE,TE,,12,DEN,0,0,0,0,0,0,0,0,0,0,0,0,,0,,,0,0,0,0,0,0,,0,49,49,549,5,1,1,347,202,29,36.5327395912318,0,1.5821325648415,0.195219123505976,0.215796019900498,0.443885899189312,0,82.9,131.9
2007,REG,00-0024279,,Tarvaris Jackson,QB,QB,"https://static.www.nfl.com/image/private/f_auto,q_auto/league/bqukmeneztibnhrjko0q",12,MIN,171,294,1911,9,12,19,70,3,2,2610,889,95,-7.38011018389926,0,0.732183908045977,0.0613893818836711,54,260,3,2,1,19,9.26981251937104,2,0,0,0,0,0,0,0,0,0,,0,,,,,0,130.44,130.44
2007,REG,00-0024287,,Leonard Pope,TE,TE,,10,ARI,0,0,0,0,0,0,0,0,0,0,0,0,,0,,,0,0,0,0,0,0,,0,23,23,238,5,1,1,159,79,12,13.1435683377495,0,1.49685534591195,0.102678571428571,0.105437665782493,0.227824223190603,0,51.8,74.8
2007,REG,00-0024289,,Brian Calhoun,RB,RB,,3,DET,0,0,0,0,0,0,0,0,0,0,0,0,,0,,,7,35,0,0,0,2,-1.9852968486463,0,5,5,35,0,0,0,16,14,1,1.48264303541509,0,2.1875,0.054945054945055,0.0392156862745098,0.109868562809739,0,7.0,12.0
2007,REG,00-0024294,,Jerious Norwood,RB,RB,,15,ATL,0,0,0,0,0,0,0,0,0,0,0,0,,0,,,102,615,1,0,0,25,7.03690107626608,0,28,28,277,0,0,0,-5,282,12,14.3880500961677,0,-55.4,0.0936454849498328,-0.0031948881789137,0.13823180569951,0,95.2,123.2
2007,REG,00-0024297,,Derek Hagan,WR,WR,,10,MIA,0,0,0,0,0,0,0,0,0,0,0,0,,0,,,0,0,0,0,0,0,,0,29,29,373,2,0,0,303,70,21,42.7758417022997,1,1.23102310231023,0.130044843049327,0.223616236162362,0.351598629887644,0,51.3,80.3
2007,REG,00-0024300,,Brodie Croyle,QB,QB,,9,KC,127,224,1227,6,6,16,98,4,3,1598,543,58,-33.2457344620074,0,0.767834793491865,-0.0018277333302159,7,18,0,0,0,1,1.03509190789315,0,0,0,0,0,0,0,0,0,0,,0,,,,,0,56.88,56.88
2007,REG,00-0024301,,David Thomas,TE,TE,,1,NE,0,0,0,0,0,0,0,0,0,0,0,0,,0,,,0,0,0,0,0,0,,0,1,1,9,0,0,0,6,3,1,0.48056037229253,0,1.5,0.0434782608695652,0.0320855614973262,0.0876772843524762,0,0.9,1.9
2007,REG,00-0024305,,Maurice Stovall,WR,WR,,5,TB,0,0,0,0,0,0,0,0,0,0,0,0,,0,,,0,0,0,0,0,0,,0,10,10,86,1,0,0,62,24,6,5.60196046442962,0,1.38709677419355,0.078125,0.110320284697509,0.194411699288256,0,14.6,24.6
2007,REG,00-0024308,,Dominique Byrd,TE,TE,,1,LA,0,0,0,0,0,0,0,0,0,0,0,0,,0,,,0,0,0,0,0,0,,0,4,4,44,0,0,0,24,20,2,2.81371863401728,0,1.83333333333333,0.210526315789474,0.175182481751825,0.438417210910488,0,4.4,8.4
2007,REG,00-0024310,,Willie Reid,WR,WR,,3,PIT,0,0,0,0,0,0,0,0,0,0,0,0,,0,,,0,0,0,0,0,0,,0,4,4,54,0,0,0,2,52,2,3.59965460730018,0,27.0,0.0754716981132076,0.005,0.116707547169811,0,5.4,9.4
2007,REG,00-0024313,,Owen Daniels,TE,TE,"https://static.www.nfl.com/image/private/f_auto,q_auto/league/ktxkz5tzddboxst5xfh8",16,HOU,0,0,0,0,0,0,0,0,0,0,0,0,,0,,,0,0,0,0,0,0,,0,63,63,768,3,4,3,564,209,44,53.0682672894036,0,1.36170212765957,0.181556195965418,0.231717337715694,0.434536430349113,0,88.8,151.8
2007,REG,00-0024315,,Michael Robinson,FB,RB,,10,SF,0,0,0,0,0,0,0,0,0,0,0,0,,0,,,26,121,0,1,0,7,-5.02256438798581,0,11,11,73,0,0,0,2,71,4,1.71138268397772,0,36.5,0.0738255033557047,0.0037243947858473,0.11334533138365,0,19.4,30.4
2007,REG,00-0024318,,Brad Smith,QB,QB,,14,NYJ,0,1,0,0,0,0,0,0,0,10,0,0,-3.36469409492565,0,0.0,,12,45,0,1,0,2,-3.5439145222286,0,32,32,325,2,0,0,205,120,15,25.4549814939668,0,1.58536585365854,0.128,0.138983050847458,0.28928813559322,0,49.0,81.0
2007,REG,00-0024321,,Garrett Mills,TE,TE,,1,MIN,0,0,0,0,0,0,0,0,0,0,0,0,,0,,,0,0,0,0,0,0,,0,2,2,26,0,0,0,15,11,2,3.31784281134605,0,1.73333333333333,0.125,0.120967741935484,0.272177419354839,0,2.6,4.6
2007,REG,00-0024324,,Jason Avant,WR,WR,"https://static.www.nfl.com/image/private/f_auto,q_auto/league/nnis5ib42eoeu8bjjpdc",11,PHI,0,0,0,0,0,0,0,0,0,0,0,0,,0,,,1,1,0,0,0,0,-0.391526796855032,0,23,23,267,2,0,0,215,52,15,27.6907904706895,0,1.24186046511628,0.0974576271186441,0.130858186244674,0.237787171049238,0,38.8,61.8
2007,REG,00-0024326,,Demetrius Williams,WR,WR,,8,BAL,0,0,0,0,0,0,0,0,0,0,0,0,,0,,,0,0,0,0,0,0,,0,20,20,290,0,0,0,246,44,16,26.9029911609832,0,1.17886178861789,0.101010101010101,0.247983870967742,0.325103861192571,0,29.0,49.0
2007,REG,00-0024330,W.Blackmon,Will Blackmon,FS,DB,"https://static.www.nfl.com/image/private/f_auto,q_auto/league/asapp0ikmeuqjmvkmudb",1,GB,0,0,0,0,0,0,0,0,0,0,0,0,,0,,,0,0,0,0,0,0,,0,0,0,0,0,0,0,0,0,0,,0,,,,,2,12.0,12.0
2007,REG,00-0024332,,Leon Washington,RB,RB,,15,NYJ,1,1,36,0,0,0,0,0,0,25,11,1,3.05219798046164,0,1.44,,71,353,3,1,1,12,-2.5928556865405,0,36,36,213,0,0,0,34,179,15,7.5440353875747,1,6.26470588235294,0.137404580152672,0.0197444831591173,0.21992800844039,3,94.04,130.04
2007,REG,00-0024334,B.Marshall,Brandon Marshall,WR,WR,"https://static.www.nfl.com/image/private/f_auto,q_auto/league/jhziqh0scfksvxen6f3s",16,DEN,0,0,0,0,0,2,9,0,0,0,0,0,-2.79827361484058,0,,,5,57,0,0,0,4,3.99990120955044,0,102,102,1325,7,3,1,766,562,69,113.4126309089,0,1.72976501305483,0.312883435582822,0.365283738674297,0.725023770446241,0,178.2,280.2
2007,REG,00-0024340,,Skyler Green,WR,WR,,3,CIN,0,0,0,0,0,0,0,0,0,0,0,0,,0,,,1,1,0,0,0,0,-0.455704306252301,0,4,4,40,0,0,0,13,27,1,2.98081200092565,0,3.07692307692308,0.0465116279069768,0.026694045174538,0.0884532734826417,0,4.1,8.1
2007,REG,00-0024345,,Domenik Hixon,WR,WR,,3,NYG,0,0,0,0,0,0,0,0,0,0,0,0,,0,,,1,-8,0,0,0,0,-1.40516434889287,0,1,1,5,0,0,0,4,1,0,0.0518296584486961,0,1.25,0.0476190476190476,0.0218579234972678,0.0867291178766589,1,5.7,6.7
2007,REG,00-0024352,,Pat Watkins,DB,DB,,1,DAL,0,0,0,0,0,0,0,0,0,0,0,0,,0,,,0,0,0,0,0,0,,0,0,0,0,0,0,0,0,0,0,,0,,,,,1,6.0,6.0
2007,REG,00-0024358,,Marques Hagans,WR,WR,,3,LA,0,0,0,0,0,0,0,0,0,0,0,0,,0,,,2,-4,0,0,0,0,0.0,0,8,8,101,0,0,0,79,22,6,7.19362406345317,0,1.27848101265823,0.125,0.167728237791932,0.304909766454352,0,9.7,17.7
2007,REG,00-0024359,,Jerome Harrison,RB,RB,,4,CLE,0,0,0,0,0,0,0,0,0,0,0,0,,0,,,23,142,0,0,0,8,6.05414371646475,0,2,2,19,0,0,0,-11,30,1,0.873416795628145,0,-1.72727272727273,0.0625,-0.0504587155963303,0.0584288990825688,0,16.1,18.1
2007,REG,00-0024364,,Jason Pociask,FB,RB,,1,NYJ,0,0,0,0,0,0,0,0,0,0,0,0,,0,,,0,0,0,0,0,0,,0,1,1,7,0,0,0,3,4,0,0.278563302010298,0,2.33333333333333,0.0714285714285714,0.0319148936170213,0.129483282674772,0,0.7,1.7
2007,REG,00-0024369,,Jeff King,TE,TE,,15,CAR,0,0,0,0,0,0,0,0,0,0,0,0,,0,,,0,0,0,0,0,0,,0,46,47,406,2,2,1,268,133,25,24.3726350312446,0,1.51492537313433,0.173431734317343,0.178666666666667,0.385214268142681,0,50.6,96.6
2007,REG,00-0024380,,Quinn Sypniewski,TE,TE,,11,BAL,0,0,0,0,0,0,0,0,0,0,0,0,,0,,,0,0,0,0,0,0,,0,34,34,246,1,1,1,146,100,15,11.1726717005949,0,1.68493150684932,0.142857142857143,0.11957411957412,0.297987597987598,0,28.6,62.6
2007,REG,00-0024389,De.Walker,Delanie Walker,TE,TE,"https://static.www.nfl.com/image/private/f_auto,q_auto/league/diknegkpqy0qnri7877z",11,SF,0,0,0,0,0,0,0,0,0,0,0,0,,0,,,0,0,0,0,0,0,,0,21,21,174,1,0,0,39,135,8,13.0702901385957,0,4.46153846153846,0.105,0.0451911935110081,0.189133835457706,0,23.4,44.4
2007,REG,00-0024394,,Lawrence Vickers,FB,RB,,13,CLE,0,0,0,0,0,0,0,0,0,0,0,0,,0,,,15,43,0,0,0,10,-2.66054597694338,0,13,13,91,2,0,0,16,75,7,7.90391643543262,0,5.6875,0.0817610062893082,0.0214190093708166,0.137634815993534,0,25.4,38.4
2007,REG,00-0024398,,Adam Jennings,WR,WR,,3,ATL,0,0,0,0,0,0,0,0,0,0,0,0,,0,,,0,0,0,0,0,0,,0,6,6,62,1,0,0,43,19,3,8.2891212006798,0,1.44186046511628,0.0789473684210526,0.133540372670807,0.211899313501144,0,12.2,18.2
2007,REG,00-0024404,,Jeff Webb,WR,WR,,11,KC,0,0,0,0,0,0,0,0,0,0,0,0,,0,,,1,5,0,0,0,0,0.0510119423270226,0,28,28,315,1,1,1,214,98,13,15.1080681573367,0,1.47196261682243,0.112903225806452,0.18013468013468,0.295449114803954,0,36.0,64.0
2007,REG,00-0024408,,Bruce Gradkowski,QB,QB,,4,TB,13,24,130,0,1,2,14,0,0,217,38,5,-10.1636801130503,0,0.599078341013825,0.0196042942375526,7,20,0,0,0,1,-1.10338425042573,0,0,0,0,0,0,0,0,0,0,,0,,,,,0,5.2,5.2
2007,REG,00-0024443,,Willie Andrews,CB,DB,,1,NE,0,0,0,0,0,0,0,0,0,0,0,0,,0,,,0,0,0,0,0,0,,0,0,0,0,0,0,0,0,0,0,,0,,,,,1,6.0,6.0
2007,REG,00-0024447,,Devin Aromashodu,WR,WR,,4,IND,0,0,0,0,0,0,0,0,0,0,0,0,,0,,,0,0,0,0,0,0,,0,7,7,96,0,0,0,51,36,5,8.74245682777837,0,1.88235294117647,0.074468085106383,0.105154639175258,0.185310375082255,0,9.6,16.6
2007,REG,00-0024452,,T.J. Rushing,DB,DB,,1,IND,0,0,0,0,0,0,0,0,0,0,0,0,,0,,,0,0,0,0,0,0,,0,0,0,0,0,0,0,0,0,0,,0,,,,,1,6.0,6.0
2007,REG,00-0024453,,Ryan Plackemeier,P,SPEC,,1,SEA,0,0,0,0,0,0,0,0,0,0,0,0,,0,,,1,0,0,0,0,0,-6.49794355267659,0,0,0,0,0,0,0,0,0,0,,0,,,,,0,0.0,0.0
2007,REG,00-0024463,,Ben Obomanu,WR,WR,,8,SEA,0,0,0,0,0,0,0,0,0,0,0,0,,0,,,0,0,0,0,0,0,,0,12,12,180,1,0,0,121,59,9,14.8907407648512,0,1.48760330578512,0.0606060606060606,0.115458015267176,0.171729701596114,0,24.0,36.0
2007,REG,00-0024465,,David Anderson,WR,WR,,5,HOU,0,0,0,0,0,0,0,0,0,0,0,0,,0,,,0,0,0,0,0,0,,0,12,13,131,1,0,0,112,22,9,9.48694070614874,0,1.16964285714286,0.0970149253731343,0.118769883351007,0.228661306405407,0,19.1,31.1
2007,REG,00-0024466,,Marques Colston,WR,WR,"https://static.www.nfl.com/image/private/f_auto,q_auto/league/hnnuo9nfwzwlakr2srdq",16,NO,0,0,0,0,0,0,0,0,0,0,0,0,,0,,,0,0,0,0,0,0,,0,98,98,1202,11,1,1,789,413,64,101.248960902475,0,1.5234474017744,0.220224719101124,0.32875,0.560462078651685,0,184.2,282.2
2007,REG,00-0024489,,Ahmard Hall,FB,RB,,5,TEN,0,0,0,0,0,0,0,0,0,0,0,0,,0,,,1,8,0,0,0,1,0.788689012173563,0,9,9,60,0,0,0,7,53,3,1.01296298537088,0,8.57142857142857,0.108433734939759,0.0197183098591549,0.176453419311047,0,6.8,15.8
2007,REG,00-0024542,,Chris McFoy,WR,WR,,1,LV,0,0,0,0,0,0,0,0,0,0,0,0,,0,,,0,0,0,0,0,0,,0,1,1,19,0,0,0,2,17,1,1.71938831766602,0,9.5,0.0769230769230769,0.0344827586206897,0.139522546419098,0,1.9,2.9
2007,REG,00-0024549,,Selvin Young,RB,RB,,15,DEN,0,0,0,0,0,0,0,0,0,0,0,0,,0,,,140,729,1,1,0,22,-3.72328834605391,0,35,35,231,0,1,1,-25,256,11,1.08017187668418,0,-9.24,0.131578947368421,-0.0230414746543779,0.181239388794567,0,100.0,135.0
2007,REG,00-0024553,,Biren Ealy,WR,WR,,1,TEN,0,0,0,0,0,0,0,0,0,0,0,0,,0,,,0,0,0,0,0,0,,0,1,1,6,0,0,0,3,3,0,0.0910213036695495,0,2.0,0.0416666666666667,0.0197368421052632,0.0763157894736842,0,0.6,1.6
2007,REG,00-0024607,,Daniel Coats,TE,TE,,8,CIN,0,0,0,0,0,0,0,0,0,0,0,0,,0,,,0,0,0,0,0,0,,0,12,12,122,0,0,0,69,53,7,9.66535796097014,0,1.76811594202899,0.0591133004926108,0.0703363914373089,0.137905424745032,0,12.2,24.2
2007,REG,00-0024625,,Byron Storer,RB,RB,,2,TB,0,0,0,0,0,0,0,0,0,0,0,0,,0,,,0,0,0,0,0,0,,0,2,2,3,0,0,0,0,3,0,-4.55171006629343,0,0.0,0.0769230769230769,,,0,0.3,2.3
2007,REG,00-0024682,,Michael Matthews,TE,TE,,6,NYG,0,0,0,0,0,0,0,0,0,0,0,0,,0,,,0,0,0,0,0,0,,0,6,6,28,0,0,0,15,13,0,-0.709198056953028,0,1.86666666666667,0.0526315789473684,0.0262237762237762,0.097304011777696,0,2.8,8.8
2007,REG,00-0024698,,Clifton Dawson,RB,RB,,5,IND,0,0,0,0,0,0,0,0,0,0,0,0,,0,,,30,64,1,0,0,3,-7.46199970855378,0,2,2,15,0,0,0,-1,16,1,1.52467904891819,0,-15.0,0.0444444444444444,-0.0030674846625766,0.064519427402863,0,13.9,15.9
2007,REG,00-0024756,,Matt Willis,WR,WR,,1,BAL,0,0,0,0,0,0,0,0,0,0,0,0,,0,,,0,0,0,0,0,0,,0,1,1,11,0,0,0,11,0,1,0.946690301265335,0,1.0,0.0454545454545455,0.094017094017094,0.133993783993784,0,1.1,2.1
2007,REG,00-0024813,,Pierre Thomas,RB,RB,"https://static.www.nfl.com/image/private/f_auto,q_auto/league/w58uf8rmlucv7qagwrfv",9,NO,0,0,0,0,0,0,0,0,0,0,0,0,,0,,,50,251,1,0,0,15,4.676732745138,1,19,19,152,1,0,0,-9,161,9,11.2731997062577,0,-16.8888888888889,0.208791208791209,-0.0243243243243243,0.296159786159786,0,54.3,73.3
2007,REG,00-0024824,,Matt Gutierrez,QB,QB,,4,NE,1,1,15,0,0,0,0,0,0,4,11,1,1.31804875528906,0,3.75,,5,-13,0,0,0,0,-5.48046281389543,0,0,0,0,0,0,0,0,0,0,,0,,,,,0,-0.7,-0.7
2007,REG,00-0024846,,Gary Russell,RB,RB,,2,PIT,0,0,0,0,0,0,0,0,0,0,0,0,,0,,,7,21,0,0,0,1,-1.80619075626601,0,0,0,0,0,0,0,0,0,0,,0,,,,,0,2.1,2.1
2007,REG,00-0024850,,Darius Walker,RB,RB,,4,HOU,0,0,0,0,0,0,0,0,0,0,0,0,,0,,,58,264,1,0,0,13,4.86162776855053,1,13,13,81,0,0,0,11,70,5,4.57516010658583,0,7.36363636363636,0.2,0.026634382566586,0.31864406779661,0,42.5,55.5
2007,REG,00-0025337,,Gilbert Harris,FB,RB,,4,KC,0,0,0,0,0,0,0,0,0,0,0,0,,0,,,9,9,0,1,0,1,-2.16361440275796,0,3,3,38,0,0,0,3,35,1,1.37454254404292,0,12.6666666666667,0.0491803278688525,0.0379746835443038,0.100352770284291,0,4.7,7.7
2007,REG,00-0025388,,JaMarcus Russell,QB,QB,,4,LV,36,66,373,2,4,6,40,2,1,492,137,17,-19.3605635145032,1,0.758130081300813,-0.0119969615957487,5,4,0,2,1,0,-6.95227394201399,0,0,0,0,0,0,0,0,0,0,,0,,,,,0,13.32,13.32
2007,REG,00-0025389,,Calvin Johnson,WR,WR,"https://static.www.nfl.com/image/private/f_auto,q_auto/league/z6dxib9sientn4m9cljh",15,DET,0,0,0,0,0,0,0,0,0,0,0,0,,0,,,4,52,1,0,0,3,5.47181642960641,0,48,48,756,4,1,0,557,183,38,60.8639559510585,0,1.3572710951526,0.137931034482759,0.237526652452026,0.373165208440556,0,110.8,158.8
2007,REG,00-0025394,A.Peterson,Adrian Peterson,RB,RB,"https://static.www.nfl.com/image/private/f_auto,q_auto/league/ug2ua3skqc9f6vkbowxc",14,MIN,0,0,0,0,0,0,0,0,0,0,0,0,,0,,,238,1341,12,4,3,62,10.9025361924016,0,19,19,268,1,0,0,1,267,13,24.188173113158,0,268.0,0.109195402298851,0.0012706480304955,0.164682557069623,0,232.9,251.9
2007,REG,00-0025396,T.Ginn,Ted Ginn,WR,WR,"https://static.www.nfl.com/image/private/f_auto,q_auto/league/o4m4txrv9l7odyebnea4",15,MIA,0,0,0,0,0,0,0,0,0,0,0,0,,0,,,4,3,0,0,0,0,-2.12836213724222,0,34,34,420,2,0,0,239,181,18,36.8883146456792,0,1.75732217573222,0.132295719844358,0.171818835370237,0.318716764525703,1,60.3,94.3
2007,REG,00-0025399,M.Lynch,Marshawn Lynch,RB,RB,"https://static.www.nfl.com/image/private/f_auto,q_auto/league/ddhpebfqtr9yxsnbx9ht",13,BUF,1,1,8,1,0,0,0,0,0,8,0,1,2.45555057527963,0,1.0,,280,1115,7,1,1,51,-27.4354127878046,1,18,18,184,0,1,0,-13,197,10,13.7116145389737,0,-14.1538461538462,0.116883116883117,-0.0174029451137885,0.163142613745023,0,176.22,194.22
2007,REG,00-0025409,,Brady Quinn,QB,QB,,1,CLE,3,8,45,0,0,0,0,0,0,44,18,3,0.587793182240904,0,1.02272727272727,-0.0463218305135629,0,0,0,0,0,0,,0,0,0,0,0,0,0,0,0,0,,0,,,,,0,1.8,1.8
2007,REG,00-0025410,,Dwayne Bowe,WR,WR,"https://static.www.nfl.com/image/private/f_auto,q_auto/league/ihvktvkw198qeclu6mtk",15,KC,0,0,0,0,0,0,0,0,0,0,0,0,,0,,,0,0,0,0,0,0,,0,70,70,995,5,0,0,612,367,51,99.8268273631697,0,1.62581699346405,0.221518987341772,0.324152542372881,0.559185260673675,0,129.5,199.5
2007,REG,00-0025417,,Craig Davis,WR,WR,,10,LAC,0,0,0,0,0,0,0,0,0,0,0,0,,0,,,3,9,0,0,0,0,-0.744895057519898,0,20,20,188,1,0,0,120,68,12,19.2741805148253,0,1.56666666666667,0.1,0.0918836140888208,0.214318529862175,0,25.7,45.7
2007,REG,00-0025418,G.Olsen,Greg Olsen,TE,TE,"https://static.www.nfl.com/image/private/f_auto,q_auto/league/jevf1bubmrv2vvmiwq3r",12,CHI,0,0,0,0,0,0,0,0,0,0,0,0,,0,,,0,0,0,0,0,0,,0,39,39,391,2,0,0,245,146,19,29.3581480840705,1,1.59591836734694,0.160493827160494,0.166893732970027,0.35756635381976,0,53.1,92.1
2007,REG,00-0025419,,Anthony Gonzalez,WR,WR,,11,IND,0,0,0,0,0,0,0,0,0,0,0,0,,0,,,0,0,0,0,0,0,,0,37,37,576,3,0,0,355,168,27,49.9773442462371,0,1.62253521126761,0.154811715481172,0.20796719390744,0.377794608956965,0,75.6,112.6
2007,REG,00-0025423,,Kevin Kolb,QB,QB,,1,PHI,0,0,0,0,0,2,13,1,1,0,0,0,-5.05736778967548,0,,,3,-2,0,0,0,0,0.0,0,0,0,0,0,0,0,0,0,0,,0,,,,,0,-2.2,-2.2
2007,REG,00-0025425,,Zach Miller,TE,TE,,15,LV,0,0,0,0,0,0,0,0,0,0,0,0,,0,,,0,0,0,0,0,0,,0,44,44,444,3,1,1,285,147,24,32.4082167899412,0,1.55789473684211,0.172549019607843,0.179697351828499,0.384611675691714,0,60.4,104.4
2007,REG,00-0025427,,John Beck,QB,QB,,5,MIA,60,107,559,1,3,10,69,5,4,793,192,24,-41.5271162052271,1,0.704918032786885,0.0012246369087702,9,12,1,2,1,4,-6.73128071805695,0,0,0,0,0,0,0,0,0,0,,0,,,,,0,19.56,19.56
2007,REG,00-0025431,,Sidney Rice,WR,WR,,11,MIN,2,2,94,0,0,0,0,0,0,62,32,2,5.1458935259725,0,1.51612903225806,,0,0,0,0,0,0,,0,31,31,396,4,0,0,277,119,25,43.6483634708046,0,1.42960288808664,0.186746987951807,0.249324932493249,0.454647934672985,0,67.36,98.36
2007,REG,00-0025432,,Dwayne Jarrett,WR,WR,,4,CAR,0,0,0,0,0,0,0,0,0,0,0,0,,0,,,1,11,0,0,0,1,1.02177845174447,0,6,6,73,0,0,0,72,1,2,2.42299099609954,0,1.01388888888889,0.117647058823529,0.221538461538462,0.331547511312217,0,8.4,14.4
2007,REG,00-0025437,,Chris Henry,RB,RB,,6,TEN,0,0,0,0,0,0,0,0,0,0,0,0,,0,,,31,119,2,0,0,5,-3.06068707249473,0,6,6,53,0,0,0,-14,67,2,2.56785354169551,0,-3.78571428571429,0.0689655172413793,-0.0285132382892057,0.083489009059625,0,29.2,35.2
2007,REG,00-0025438,,Steve Smith,WR,WR,,4,NYG,0,0,0,0,0,0,0,0,0,0,0,0,,0,,,0,0,0,0,0,0,,0,8,8,63,0,0,0,51,12,4,4.28928945361986,0,1.23529411764706,0.0898876404494382,0.0804416403785489,0.191140608939142,0,6.3,14.3
2007,REG,00-0025439,,Brian Leonard,RB,RB,,15,LA,0,0,0,0,0,0,0,0,0,0,0,0,,0,,,86,303,0,0,0,14,-13.5157098370837,0,30,30,183,0,0,0,51,132,8,2.17692861735254,0,3.58823529411765,0.103092783505155,0.0268845545598313,0.173458363449614,0,48.6,78.6
2007,REG,00-0025442,,Josh Wilson,DB,DB,"https://static.www.nfl.com/image/private/f_auto,q_auto/league/l4cxrhaf4xpnmdxapfrd",1,SEA,0,0,0,0,0,0,0,0,0,0,0,0,,0,,,0,0,0,0,0,0,,0,0,0,0,0,0,0,0,0,0,,0,,,,,1,6.0,6.0
2007,REG,00-0025450,,Brandon Jackson,RB,RB,,9,GB,0,0,0,0,0,0,0,0,0,0,0,0,,0,,,75,267,1,0,0,10,-11.4568269857494,0,16,16,130,0,0,0,-7,137,6,4.75159054185497,0,-18.5714285714286,0.108108108108108,-0.0090791180285343,0.155806779542188,0,45.7,61.7
2007,REG,00-0025458,,Lorenzo Booker,RB,RB,,5,MIA,0,0,0,0,0,0,0,0,0,0,0,0,,0,,,28,125,0,0,0,8,3.25689647565014,0,28,28,237,0,0,0,81,156,13,14.0378126555006,0,2.92592592592593,0.245614035087719,0.123475609756098,0.454853979460847,0,36.2,64.2
2007,REG,00-0025460,,Jacoby Jones,WR,WR,"https://static.www.nfl.com/image/private/f_auto,q_auto/league/yhjtycrpq7jtfarxkhcx",6,HOU,0,0,0,0,0,0,0,0,0,0,0,0,,0,,,3,-1,0,0,0,1,-0.685157361789607,0,15,15,149,0,1,1,96,53,9,10.121854109806,0,1.55208333333333,0.113636363636364,0.13540197461213,0.265235927683036,0,12.8,27.8
2007,REG,00-0025461,,Yamon Figurs,WR,WR,,4,BAL,0,0,0,0,0,0,0,0,0,0,0,0,,0,,,1,-1,0,0,0,0,-1.02926085324725,0,1,1,36,0,0,0,34,2,1,3.66972944291774,0,1.05882352941176,0.0666666666666667,0.185792349726776,0.230054644808743,2,15.5,16.5
2007,REG,00-0025462,,Laurent Robinson,WR,WR,,13,ATL,0,0,0,0,0,0,0,0,0,0,0,0,,0,,,0,0,0,0,0,0,,0,37,37,437,1,1,1,306,131,14,17.9923823687072,0,1.4281045751634,0.132142857142857,0.205369127516779,0.341972674976031,0,47.7,84.7
2007,REG,00-0025463,,Jason Hill,WR,WR,,1,SF,0,0,0,0,0,0,0,0,0,0,0,0,,0,,,0,0,0,0,0,0,,0,1,1,6,0,0,0,6,0,0,-0.0237286342307925,0,1.0,0.0454545454545455,0.0535714285714286,0.105681818181818,0,0.6,1.6
2007,REG,00-0025464,,Matt Spaeth,TE,TE,"https://static.www.nfl.com/image/private/f_auto,q_auto/league/wywcnns8be7rzlrwnjwh",4,PIT,0,0,0,0,0,0,0,0,0,0,0,0,,0,,,0,0,0,0,0,0,,0,5,5,34,3,0,0,15,19,4,6.60662743088324,0,2.26666666666667,0.0694444444444445,0.0480769230769231,0.137820512820513,0,21.4,26.4
2007,REG,00-0025465,,James Jones,WR,WR,,13,GB,0,0,0,0,0,0,0,0,0,0,0,0,,0,,,0,0,0,0,0,0,,0,47,47,676,2,3,2,426,250,29,45.5585295261408,0,1.5868544600939,0.141141141141141,0.222106360792492,0.367186164266456,0,75.6,122.6
2007,REG,00-0025477,,Tony Hunt,RB,RB,,5,PHI,0,0,0,0,0,0,0,0,0,0,0,0,,0,,,10,16,1,0,0,5,-0.40516513469629,0,0,0,0,0,0,0,0,0,0,,0,,,,,0,7.6,7.6
2007,REG,00-0025479,,Trent Edwards,QB,QB,,10,BUF,151,269,1630,7,8,12,105,3,0,1899,837,81,-41.9233145653312,0,0.858346498156925,0.0066497531112009,14,49,0,1,0,4,1.11056258986355,0,0,0,0,0,0,0,0,0,0,,0,,,,,0,82.1,82.1
2007,REG,00-0025480,,Garrett Wolfe,RB,RB,,9,CHI,0,0,0,0,0,0,0,0,0,0,0,0,,0,,,31,85,0,0,0,4,-8.95137529668864,0,9,9,117,0,1,0,-16,133,4,7.85381929833106,0,-7.3125,0.125,-0.0946745562130178,0.121227810650888,0,20.2,29.2
2007,REG,00-0025486,,Johnnie Lee Higgins,WR,WR,,5,LV,0,0,0,0,0,0,0,0,0,0,0,0,,0,,,2,3,0,0,0,0,-0.709052757127211,0,6,6,48,0,0,0,46,2,2,1.42122937971726,0,1.04347826086957,0.0833333333333333,0.104783599088838,0.198348519362187,0,5.1,11.1
2007,REG,00-0025488,,Adam Podlesh,P,SPEC,,1,JAX,0,0,0,0,0,0,0,0,0,0,0,0,,0,,,2,-2,0,1,1,0,-7.43781276675873,0,0,0,0,0,0,0,0,0,0,,0,,,,,0,-2.2,-2.2
2007,REG,00-0025494,,Antonio Pittman,RB,RB,,9,LA,0,0,0,0,0,0,0,0,0,0,0,0,,0,,,38,139,0,0,0,7,-5.59526891936548,0,3,3,15,0,0,0,0,15,0,-0.734800419071689,0,0.0,0.0441176470588235,0.0,0.0661764705882353,0,15.4,18.4
2007,REG,00-0025498,,Dwayne Wright,RB,RB,,10,BUF,0,0,0,0,0,0,0,0,0,0,0,0,,0,,,29,94,0,0,0,8,-5.88796071673454,0,3,3,17,0,1,1,-2,19,1,-7.21311664604582,0,-8.5,0.0535714285714286,-0.0076335877862595,0.0750136314067612,0,9.1,12.1
2007,REG,00-0025499,,Daniel Sepulveda,P,SPEC,,1,PIT,1,1,32,0,0,0,0,0,0,9,23,1,5.25559338764288,0,3.55555555555556,,0,0,0,0,0,0,,0,0,0,0,0,0,0,0,0,0,,0,,,,,0,1.28,1.28
2007,REG,00-0025505,,Ryne Robinson,WR,WR,,3,CAR,0,0,0,0,0,0,0,0,0,0,0,0,,0,,,0,0,0,0,0,0,,0,4,4,35,0,0,0,18,17,2,3.13780708805353,0,1.94444444444444,0.0816326530612245,0.0508474576271187,0.15804219993082,0,3.5,7.5
2007,REG,00-0025515,,Chris Davis,WR,WR,,4,TEN,0,0,0,0,0,0,0,0,0,0,0,0,,0,,,2,19,0,0,0,1,0.917837573448196,0,5,5,38,0,1,1,16,22,1,-2.44807052810211,0,2.375,0.0943396226415094,0.0565371024734982,0.181085405693713,0,3.7,8.7
2007,REG,00-0025520,,Martrez Milner,TE,TE,,6,ATL,0,0,0,0,0,0,0,0,0,0,0,0,,0,,,0,0,0,0,0,0,,0,9,9,50,0,0,0,25,25,2,1.24887569769793,0,2.0,0.0703125,0.0353107344632768,0.130186264124294,0,5.0,14.0
2007,REG,00-0025524,,Le'Ron McClain,FB,RB,,12,BAL,0,0,0,0,0,0,0,0,0,0,0,0,,0,,,8,18,0,0,0,2,-2.24370563792763,0,9,9,55,1,1,1,1,54,1,-0.815260615432635,0,55.0,0.0580645161290323,0.0016806722689075,0.0882732447817837,0,11.3,20.3
2007,REG,00-0025529,,Steve Breaston,WR,WR,,5,ARI,0,0,0,0,0,0,0,0,0,0,0,0,,0,,,2,8,0,0,0,1,-0.952755143515163,0,8,8,92,0,0,0,55,37,3,7.12628160646367,0,1.67272727272727,0.123076923076923,0.135135135135135,0.279209979209979,1,16.0,24.0
2007,REG,00-0025533,,Aundrae Allison,WR,WR,,7,MIN,0,0,0,0,0,0,0,0,0,0,0,0,,0,,,2,3,0,0,0,0,-0.7050626790151,0,8,8,113,0,1,1,65,48,5,3.00449185963953,0,1.73846153846154,0.0816326530612245,0.118829981718464,0.205629966794762,1,15.6,23.6
2007,REG,00-0025535,,Kolby Smith,RB,RB,,9,KC,0,0,0,0,0,0,0,0,0,0,0,0,,0,,,112,407,2,0,0,26,-4.49257051886525,0,22,22,148,0,0,0,-6,154,5,-0.0133951863390394,0,-24.6666666666667,0.113989637305699,-0.005708848715509,0.166988261857693,0,67.5,89.5
2007,REG,00-0025540,,Kevin Boss,TE,TE,,5,NYG,0,0,0,0,0,0,0,0,0,0,0,0,,0,,,0,0,0,0,0,0,,0,9,9,118,2,0,0,85,33,8,11.7655355582829,0,1.38823529411765,0.0841121495327103,0.115489130434783,0.207010615603413,0,23.8,32.8
2007,REG,00-0025542,,Dante Rosario,TE,TE,,4,CAR,0,0,0,0,0,0,0,0,0,0,0,0,,0,,,0,0,0,0,0,0,,0,6,6,108,2,0,0,72,36,5,11.5002538440749,0,1.5,0.0909090909090909,0.188976377952756,0.268647100930566,0,22.8,28.8
2007,REG,00-0025549,B.Celek,Brent Celek,TE,TE,"https://static.www.nfl.com/image/private/f_auto,q_auto/league/mit6ahic4gkdhy1hkejt",8,PHI,0,0,0,0,0,0,0,0,0,0,0,0,,0,,,0,0,0,0,0,0,,0,16,16,178,1,0,0,106,72,10,16.0061520161107,0,1.67924528301887,0.0888888888888889,0.113856068743287,0.213032581453634,0,23.8,39.8
2007,REG,00-0025555,C.Graham,Corey Graham,FS,DB,"https://static.www.nfl.com/image/private/f_auto,q_auto/league/xay4nrpgnss2wevzwvw3",1,CHI,0,0,0,0,0,0,0,0,0,0,0,0,,0,,,0,0,0,0,0,0,,0,0,0,0,0,0,0,0,0,0,,0,,,,,1,6.0,6.0
2007,REG,00-0025559,,Legedu Naanee,WR,WR,,4,LAC,0,0,0,0,0,0,0,0,0,0,0,0,,0,,,0,0,0,0,0,0,,0,8,8,69,0,0,0,16,53,4,6.72472600982292,0,4.3125,0.10126582278481,0.0335429769392034,0.175378818034658,0,6.9,14.9
2007,REG,00-0025561,,Troy Smith,QB,QB,,4,BAL,40,76,452,2,0,4,29,1,1,752,172,25,6.08982785268388,0,0.601063829787234,0.0319614381923506,12,54,1,2,1,5,0.593830477603474,0,0,0,0,0,0,0,0,0,0,,0,,,,,0,33.48,33.48
2007,REG,00-0025562,,Oren O'Neal,FB,RB,,1,LV,0,0,0,0,0,0,0,0,0,0,0,0,,0,,,0,0,0,0,0,0,,0,1,1,1,0,0,0,-2,3,0,-0.482974898768589,0,-0.5,0.0666666666666667,-0.0224719101123596,0.0842696629213483,0,0.1,1.1
2007,REG,00-0025568,,Reagan Maui'a,FB,RB,,4,MIA,0,0,0,0,0,0,0,0,0,0,0,0,,0,,,4,5,0,0,0,0,-2.66193417017348,0,2,2,5,0,1,0,0,5,0,-0.605339790461585,0,0.0,0.0645161290322581,0.0,0.0967741935483871,0,1.0,3.0
2007,REG,00-0025578,,Korey Hall,RB,RB,,6,GB,0,0,0,0,0,0,0,0,0,0,0,0,,0,,,0,0,0,0,0,0,,0,8,8,49,0,0,0,17,32,3,3.7491080929758,0,2.88235294117647,0.0479041916167665,0.0276422764227642,0.0912058809210847,0,4.9,12.9
2007,REG,00-0025582,,Deon Anderson,FB,RB,,2,DAL,0,0,0,0,0,0,0,0,0,0,0,0,,0,,,0,0,0,0,0,0,,0,6,6,55,0,0,0,14,41,3,3.3756210434949,0,3.92857142857143,0.1,0.0419161676646707,0.179341317365269,0,5.5,11.5
2007,REG,00-0025584,,Courtney Taylor,WR,WR,,3,SEA,0,0,0,0,0,0,0,0,0,0,0,0,,0,,,0,0,0,0,0,0,,0,5,5,38,0,0,0,24,14,2,3.47757017752156,0,1.58333333333333,0.0684931506849315,0.0666666666666667,0.149406392694064,0,3.8,8.8
2007,REG,00-0025602,,Ben Patrick,TE,TE,,5,ARI,0,0,0,0,0,0,0,0,0,0,0,0,,0,,,0,0,0,0,0,0,,0,7,7,73,2,0,0,29,44,6,12.4519039862207,0,2.51724137931035,0.0514705882352941,0.0311493018259936,0.0990103936311367,0,19.3,26.3
2007,REG,00-0025604,,Tyler Thigpen,QB,QB,,1,KC,2,6,41,0,1,1,9,0,0,85,28,2,-5.09859441895969,0,0.482352941176471,-0.0456701938008945,0,0,0,0,0,0,,0,0,0,0,0,0,0,0,0,0,,0,,,,,0,-0.36,-0.36
2007,REG,00-0025609,,Derek Schouman,TE,TE,,2,BUF,0,0,0,0,0,0,0,0,0,0,0,0,,0,,,0,0,0,0,0,0,,0,3,3,19,0,0,0,4,15,1,1.31390835216735,0,4.75,0.0697674418604651,0.012779552715655,0.113596849691656,0,1.9,4.9
2007,REG,00-0025615,,DeShawn Wynn,RB,RB,,7,GB,0,0,0,0,0,0,0,0,0,0,0,0,,0,,,50,203,4,0,0,10,-1.64370107894113,0,9,9,73,0,0,0,-17,90,4,4.08891634794418,0,-4.29411764705882,0.0638297872340426,-0.023643949930459,0.0791939158997425,0,51.6,60.6
2007,REG,00-0025616,,John Broussard,WR,WR,,2,JAX,0,0,0,0,0,0,0,0,0,0,0,0,,0,,,0,0,0,0,0,0,,0,4,4,126,1,0,0,122,4,3,9.99404565931763,0,1.0327868852459,0.108108108108108,0.295399515738499,0.368941823179111,0,18.6,22.6
2007,REG,00-0025627,,Brandon Siler,ILB,LB,,1,LAC,0,0,0,0,0,0,0,0,0,0,0,0,,0,,,0,0,0,0,0,0,,0,0,0,0,0,0,0,0,0,0,,0,,,,,1,6.0,6.0
2007,REG,00-0025631,,Jason Snelling,FB,RB,,6,ATL,0,0,0,0,0,0,0,0,0,0,0,0,,0,,,13,43,1,0,0,6,1.08185136085376,0,0,0,0,0,0,0,0,0,0,,0,,,,,0,10.3,10.3
2007,REG,00-0025633,,Kenneth Darby,RB,RB,,1,TB,0,0,0,0,0,0,0,0,0,0,0,0,,0,,,2,9,0,0,0,1,0.356603338150308,0,2,2,16,0,0,0,1,15,0,0.902475075679831,0,16.0,0.0909090909090909,0.0068027210884353,0.141125541125541,0,2.5,4.5
2007,REG,00-0025636,,Derek Stanley,WR,WR,,1,LA,0,0,0,0,0,0,0,0,0,0,0,0,,0,,,1,5,0,0,0,0,0.177565989783034,0,0,0,0,0,0,0,0,0,0,,0,,,,,0,0.5,0.5
2007,REG,00-0025637,,Ahmad Bradshaw,RB,RB,"https://static.www.nfl.com/image/private/f_auto,q_auto/league/vlgcz2so2urjgowxz3tz",5,NYG,0,0,0,0,0,0,0,0,0,0,0,0,,0,,,23,190,1,0,0,6,6.35268289508531,0,2,2,12,0,0,0,8,4,1,-0.104225086630322,0,1.5,0.0526315789473684,0.0333333333333333,0.102280701754386,0,26.2,28.2
2007,REG,00-0025701,,Jackie Battle,RB,RB,,2,KC,0,0,0,0,0,0,0,0,0,0,0,0,,0,,,14,47,1,0,0,3,-0.658274267421803,0,1,1,4,0,0,0,-1,5,0,-0.161267597810365,0,-4.0,0.05,-0.0084745762711864,0.0690677966101695,0,11.1,12.1
2007,REG,00-0025708,M.Moore,Matt Moore,QB,QB,"https://static.www.nfl.com/image/private/f_auto,q_auto/league/h04zarfikqlgerdftbgp",8,CAR,63,111,730,3,5,6,40,1,0,1166,256,37,0.171518888103004,0,0.626072041166381,0.02225661496624,3,5,0,1,0,0,-4.36738186131697,0,0,0,0,0,0,0,0,0,0,,0,,,,,0,31.7,31.7
2007,REG,00-0025794,,Chris Davis,WR,WR,,2,NYJ,0,0,0,0,0,0,0,0,0,0,0,0,,0,,,1,3,0,0,0,0,-0.18646852648817,0,1,1,3,0,0,0,0,3,0,-0.191217884421349,0,0.0,0.0666666666666667,,,0,0.6,1.6
2007,POST,00-0001661,,Kyle Brady,TE,TE,,2,NE,0,0,0,0,0,0,0,0,0,0,0,0,,0,,,0,0,0,0,0,0,,0,2,2,15,0,0,0,6,9,1,0.394960624282248,0,2.5,0.0363636363636364,0.055045871559633,0.0930775646371977,0,1.5,3.5
2007,POST,00-0003315,,Todd Collins,QB,QB,,1,WAS,29,50,266,2,2,3,22,0,0,398,121,16,-15.7781698988936,0,0.668341708542714,0.0262094447942246,2,2,0,1,0,0,-0.906880332622677,0,0,0,0,0,0,0,0,0,0,,0,,,,,0,14.84,14.84
2007,POST,00-0004541,,Donald Driver,WR,WR,,2,GB,0,0,0,0,0,0,0,0,0,0,0,0,,0,,,0,0,0,0,0,0,,0,8,8,159,1,0,0,62,97,4,13.7275319010369,0,2.56451612903226,0.216216216216216,0.389937106918239,0.597280299167092,0,21.9,29.9
2007,POST,00-0004915,,Bobby Engram,WR,WR,,2,SEA,0,0,0,0,0,0,0,0,0,0,0,0,,0,,,0,0,0,0,0,0,,0,10,10,124,1,0,0,91,33,7,10.9104243983747,0,1.36263736263736,0.256410256410256,0.308474576271186,0.600547588005215,0,18.4,28.4
2007,POST,00-0005091,,Kevin Faulk,RB,RB,,3,NE,0,0,0,0,0,0,0,0,0,0,0,0,,0,,,6,24,0,0,0,2,-1.87428442842793,0,20,20,170,0,0,0,35,135,11,14.0196541601035,0,4.85714285714286,0.25974025974026,0.1417004048583,0.488800673011199,0,19.4,39.4
2007,POST,00-0005106,,Brett Favre,QB,QB,,2,GB,37,58,409,5,2,1,0,0,0,493,250,22,16.3822297058112,0,0.829614604462475,0.158682737636525,1,-1,0,0,0,0,0.0,0,0,0,0,0,0,0,0,0,0,,0,,,,,0,32.26,32.26
2007,POST,00-0005720,,Joey Galloway,WR,WR,,1,TB,0,0,0,0,0,0,0,0,0,0,0,0,,0,,,1,-4,0,0,0,0,-1.08811051957309,0,1,1,9,0,0,0,6,3,1,1.52569723967463,0,1.5,0.0434782608695652,0.0659340659340659,0.111371237458194,0,0.5,1.5
2007,POST,00-0005755,,Jeff Garcia,QB,QB,,1,TB,23,39,207,1,2,1,5,1,0,337,116,11,-0.182516248285538,0,0.614243323442137,0.0570680074258711,1,2,0,0,0,1,0.407431998872198,0,0,0,0,0,0,0,0,0,0,,0,,,,,0,8.48,8.48
2007,POST,00-0006043,,Terry Glenn,WR,WR,,1,DAL,0,0,0,0,0,0,0,0,0,0,0,0,,0,,,0,0,0,0,0,0,,0,2,2,30,0,0,0,20,10,2,3.9593897232553,0,1.5,0.111111111111111,0.138888888888889,0.263888888888889,0,3.0,5.0
2007,POST,00-0007024,,Marvin Harrison,WR,WR,,1,IND,0,0,0,0,0,0,0,0,0,0,0,0,,0,,,0,0,0,0,0,0,,0,2,2,27,0,1,1,23,4,1,-2.2199169404339,0,1.17391304347826,0.0606060606060606,0.102222222222222,0.162464646464646,0,0.7,2.7
2007,POST,00-0007091,,Matt Hasselbeck,QB,QB,"https://static.www.nfl.com/image/private/f_auto,q_auto/league/t1nf9avoy2kauqwrvzza",2,SEA,39,65,423,2,2,3,24,1,0,557,128,19,-5.18951563198247,1,0.759425493716338,0.0200283534723824,3,0,0,1,0,0,-2.60464854186498,0,0,0,0,0,0,0,0,0,0,,0,,,,,0,22.92,22.92
2007,POST,00-0007468,,Ike Hilliard,WR,WR,,1,TB,0,0,0,0,0,0,0,0,0,0,0,0,,0,,,0,0,0,0,0,0,,0,4,4,27,0,0,0,13,14,1,2.09526875207666,0,2.07692307692308,0.173913043478261,0.142857142857143,0.360869565217391,0,2.7,6.7
2007,POST,00-0010346,,Peyton Manning,QB,QB,"https://static.www.nfl.com/image/private/f_auto,q_auto/league/xpcd6auodk3w0vda6jal",1,IND,33,48,402,3,2,0,0,0,0,389,177,21,13.1672632898657,0,1.03341902313625,0.148843279623406,1,-6,0,0,0,0,-1.78729384462349,0,0,0,0,0,0,0,0,0,0,,0,,,,,0,23.48,23.48
2007,POST,00-0011754,,Randy Moss,WR,WR,,3,NE,0,0,0,0,0,0,0,0,0,0,0,0,,0,,,1,14,0,0,0,1,0.786131787579507,0,7,7,94,1,0,0,72,22,7,11.8732242088299,0,1.30555555555556,0.0909090909090909,0.291497975708502,0.340412219359588,0,16.8,23.8
2007,POST,00-0011770,,Eric Moulds,WR,WR,,1,TEN,0,0,0,0,0,0,0,0,0,0,0,0,,0,,,0,0,0,0,0,0,,0,3,3,18,0,0,0,12,6,0,0.445321448671166,0,1.5,0.1875,0.115384615384615,0.362019230769231,0,1.8,4.8
2007,POST,00-0012478,,Terrell Owens,WR,WR,,1,DAL,0,0,0,0,0,0,0,0,0,0,0,0,,0,,,0,0,0,0,0,0,,0,4,4,49,1,0,0,48,1,4,6.81034647847991,0,1.02083333333333,0.222222222222222,0.333333333333333,0.566666666666667,0,10.9,14.9
2007,POST,00-0013013,,Michael Pittman,RB,RB,"https://static.www.nfl.com/image/private/f_auto,q_auto/league/xt52pieoe86wnuy0imar",1,TB,0,0,0,0,0,0,0,0,0,0,0,0,,0,,,1,5,0,0,0,1,0.275949844886782,0,5,5,62,0,0,0,25,37,4,4.57790374156321,0,2.48,0.217391304347826,0.274725274725275,0.518394648829431,0,6.7,11.7
2007,POST,00-0013080,,Marcus Pollard,TE,TE,,2,SEA,0,0,0,0,0,0,0,0,0,0,0,0,,0,,,0,0,0,0,0,0,,0,1,1,3,0,1,1,3,0,0,-3.69231237145141,1,1.0,0.0526315789473684,0.0236220472440945,0.0954828014919188,0,0.3,1.3
2007,POST,00-0014655,,Mike Sellers,TE,TE,,1,WAS,0,0,0,0,0,0,0,0,0,0,0,0,,0,,,3,4,0,0,0,0,-2.57202442048583,0,1,1,4,0,0,0,0,4,0,-0.0166213235352188,0,0.0,0.0344827586206897,,,0,0.8,1.8
2007,POST,00-0016098,,Fred Taylor,RB,RB,,2,JAX,0,0,0,0,0,0,0,0,0,0,0,0,,0,,,29,95,1,0,0,5,-1.4234842347214,0,1,1,2,0,0,0,1,1,0,-0.248664658050984,0,2.0,0.111111111111111,0.0113636363636364,0.174621212121212,0,15.7,16.7
2007,POST,00-0016550,,Amani Toomer,WR,WR,,4,NYG,0,0,0,0,0,0,0,0,0,0,0,0,,0,,,0,0,0,0,0,0,,0,21,21,280,3,0,0,196,84,15,28.758613768965,0,1.42857142857143,0.291666666666667,0.33276740237691,0.670437181663837,0,46.0,67.0
2007,POST,00-0017162,,Hines Ward,WR,WR,,1,PIT,0,0,0,0,0,0,0,0,0,0,0,0,,0,,,0,0,0,0,0,0,,0,10,10,135,0,0,0,74,61,6,9.52739820786519,0,1.82432432432432,0.344827586206897,0.432748538011696,0.820165355918532,0,13.5,23.5
2007,POST,00-0019041,,Billy Volek,QB,QB,,1,LAC,3,4,48,0,0,0,0,0,0,22,33,2,1.78121486480813,0,2.18181818181818,,3,-1,1,0,0,1,-0.805924850166775,0,0,0,0,0,0,0,0,0,0,,0,,,,,0,7.82,7.82
2007,POST,00-0019596,T.Brady,Tom Brady,QB,QB,"https://static.www.nfl.com/image/private/f_auto,q_auto/league/q7dpdlxyu5rs05rgh1le",3,NE,77,109,737,6,3,8,52,1,1,758,490,40,17.3410682113349,0,0.972295514511873,0.131166230464825,4,-1,0,0,0,0,-3.4354648886947,0,0,0,0,0,0,0,0,0,0,,0,,,,,0,45.38,45.38
2007,POST,00-0019642,,Plaxico Burress,WR,WR,,4,NYG,0,0,0,0,0,0,0,0,0,0,0,0,,0,,,0,0,0,0,0,0,,0,18,18,224,1,1,0,182,42,13,21.1665887698182,0,1.23076923076923,0.25,0.308998302207131,0.591298811544992,0,28.4,46.4
2007,POST,00-0019644,,Bubba Franks,TE,TE,,2,GB,0,0,0,0,0,0,0,0,0,0,0,0,,0,,,0,0,0,0,0,0,,0,2,2,18,0,0,0,2,16,2,2.45366169000044,0,9.0,0.0540540540540541,0.0125786163522013,0.089886112527622,0,1.8,3.8
2007,POST,00-0019647,,Shaun Alexander,RB,RB,,2,SEA,0,0,0,0,0,0,0,0,0,0,0,0,,0,,,24,66,1,0,0,3,-3.16609002964105,0,4,4,12,0,0,0,1,11,0,-1.63758445018902,0,12.0,0.102564102564103,0.0078740157480315,0.159357964869776,0,13.8,17.8
2007,POST,00-0019650,,Dennis Northcutt,WR,WR,,2,JAX,0,0,0,0,0,0,0,0,0,0,0,0,,0,,,0,0,0,0,0,0,,0,5,5,59,0,0,0,47,12,3,8.33661084325286,0,1.25531914893617,0.161290322580645,0.187250996015936,0.373011181082123,0,5.9,10.9
2007,POST,00-0020342,,Brandon Manumaleuna,TE,TE,,2,LAC,0,0,0,0,0,0,0,0,0,0,0,0,,0,,,0,0,0,0,0,0,,0,3,3,21,0,0,0,-1,22,1,1.25004154164344,0,0.0,0.0833333333333333,-0.0058823529411764,0.120882352941176,0,2.1,5.1
2007,POST,00-0020446,,Chris Chambers,WR,WR,,3,LAC,0,0,0,0,0,0,0,0,0,0,0,0,,0,,,0,0,0,0,0,0,,0,16,16,278,1,0,0,249,29,13,23.35370036583,0,1.11646586345382,0.290909090909091,0.447037701974865,0.749290027746042,0,33.8,49.8
2007,POST,00-0020452,,Cedrick Wilson,WR,WR,"https://static.www.nfl.com/image/private/f_auto,q_auto/league/r1vaoqltojlmfodlskwx",1,PIT,0,0,0,0,0,0,0,0,0,0,0,0,,0,,,0,0,0,0,0,0,,0,1,1,10,0,0,0,11,-1,1,0.788506014621817,0,0.909090909090909,0.0344827586206897,0.064327485380117,0.0967533776971163,0,1.0,2.0
2007,POST,00-0020490,,Koren Robinson,WR,WR,,1,GB,0,0,0,0,0,0,0,0,0,0,0,0,,0,,,0,0,0,0,0,0,,0,4,4,16,0,0,0,5,11,1,-1.0072833733866,0,3.2,0.210526315789474,0.05,0.350789473684211,0,1.6,5.6
2007,POST,00-0020494,,Santana Moss,WR,WR,,1,WAS,0,0,0,0,0,0,0,0,0,0,0,0,,0,,,0,0,0,0,0,0,,0,6,6,68,1,0,0,48,20,4,7.25246190646431,0,1.41666666666667,0.206896551724138,0.331034482758621,0.542068965517241,0,12.8,18.8
2007,POST,00-0020498,,Reggie Wayne,WR,WR,,1,IND,0,0,0,0,0,0,0,0,0,0,0,0,,0,,,0,0,0,0,0,0,,0,7,7,76,1,0,0,50,26,7,8.94949624733999,0,1.52,0.212121212121212,0.222222222222222,0.473737373737374,0,13.6,20.6
2007,POST,00-0020507,,Heath Evans,FB,RB,,2,NE,0,0,0,0,0,0,0,0,0,0,0,0,,0,,,3,9,0,0,0,2,0.773968931869604,0,1,1,13,0,0,0,6,7,1,0.93904563295655,0,2.16666666666667,0.0454545454545455,0.101694915254237,0.139368258859784,0,2.2,3.2
2007,POST,00-0020536,,LaDainian Tomlinson,RB,RB,,3,LAC,0,0,0,0,0,0,0,0,0,0,0,0,,0,,,30,75,1,1,0,3,-5.34108344698325,0,5,5,40,0,0,0,-5,45,2,2.37212581129279,0,-8.0,0.0909090909090909,-0.0089766606822262,0.130079973886078,0,17.5,22.5
2007,POST,00-0021147,,Donte' Stallworth,WR,WR,,3,NE,0,0,0,0,0,0,0,0,0,0,0,0,,0,,,0,0,0,0,0,0,,0,8,8,113,0,0,0,46,67,3,6.4238125734264,0,2.45652173913043,0.103896103896104,0.186234817813765,0.286208528313791,0,11.3,19.3
2007,POST,00-0021159,,Jerramy Stevens,TE,TE,,1,TB,0,0,0,0,0,0,0,0,0,0,0,0,,0,,,0,0,0,0,0,0,,0,1,1,5,0,0,0,4,1,0,0.0132206967100501,0,1.25,0.0434782608695652,0.043956043956044,0.0959866220735786,0,0.5,1.5
2007,POST,00-0021163,,Jabar Gaffney,WR,WR,,2,NE,0,0,0,0,0,0,0,0,0,0,0,0,,0,,,0,0,0,0,0,0,,0,4,4,38,1,0,0,23,15,4,5.53414022657671,0,1.65217391304348,0.0833333333333333,0.136904761904762,0.220833333333333,0,9.8,13.8
2007,POST,00-0021176,,Reche Caldwell,WR,WR,,1,WAS,0,0,0,0,0,0,0,0,0,0,0,0,,0,,,0,0,0,0,0,0,,0,1,1,7,0,0,0,4,3,1,0.356797163258307,0,1.75,0.0344827586206897,0.0275862068965517,0.0710344827586207,0,0.7,1.7
2007,POST,00-0021179,,Clinton Portis,RB,RB,,1,WAS,0,0,0,0,0,0,0,0,0,0,0,0,,0,,,20,52,0,0,0,3,-6.61102107510669,0,4,4,28,0,0,0,-14,42,1,0.31428072846029,0,-2.0,0.137931034482759,-0.096551724137931,0.139310344827586,0,8.0,12.0
2007,POST,00-0021182,,Maurice Morris,RB,RB,,2,SEA,0,0,0,0,0,0,0,0,0,0,0,0,,0,,,7,12,0,0,0,1,-0.83533161401283,0,0,0,0,0,0,0,0,0,0,,0,,,,,0,1.2,1.2
2007,POST,00-0021184,,Ladell Betts,RB,RB,,1,WAS,0,0,0,0,0,0,0,0,0,0,0,0,,0,,,3,15,0,0,0,1,0.0153502929024398,0,2,2,19,0,0,0,-1,20,1,-0.488717738422565,0,-19.0,0.0689655172413793,-0.0068965517241379,0.0986206896551724,0,3.4,5.4
2007,POST,00-0021190,,Antwaan Randle El,RB,RB,,1,WAS,0,0,0,0,0,0,0,0,0,0,0,0,,0,,,1,2,0,0,0,0,-0.507491374155507,0,10,10,94,1,0,0,76,18,6,11.5053504798561,0,1.23684210526316,0.344827586206897,0.524137931034483,0.884137931034483,0,15.6,25.6
2007,POST,00-0021231,,David Garrard,QB,QB,,2,JAX,31,54,418,3,3,5,44,1,1,488,167,20,8.2838515012238,0,0.85655737704918,0.138732096625845,8,72,0,0,0,3,3.96210206614342,0,0,0,0,0,0,0,0,0,0,,0,,,,,0,27.92,27.92
2007,POST,00-0021252,,Najeh Davenport,RB,RB,,1,PIT,0,0,0,0,0,0,0,0,0,0,0,0,,0,,,16,25,2,0,0,3,-2.57735005201539,0,2,2,23,0,0,0,10,13,1,0.395636885448568,0,2.3,0.0689655172413793,0.0584795321637427,0.144383948376689,0,16.8,18.8
2007,POST,00-0021317,,Bryan Fletcher,TE,TE,,1,IND,0,0,0,0,0,0,0,0,0,0,0,0,,0,,,0,0,0,0,0,0,,0,1,1,2,0,0,0,-3,5,0,-0.306781415361911,0,0.0,0.0303030303030303,-0.0133333333333333,0.0361212121212121,0,0.2,1.2
2007,POST,00-0021547,A.Gates,Antonio Gates,TE,TE,"https://static.www.nfl.com/image/private/f_auto,q_auto/league/kndulvysinvn4tpvt0bc",3,LAC,0,0,0,0,0,0,0,0,0,0,0,0,,0,,,0,0,0,0,0,0,,0,6,6,60,0,0,0,41,19,2,4.07366291910876,0,1.46341463414634,0.109090909090909,0.0736086175942549,0.215162395952342,0,6.0,12.0
2007,POST,00-0021678,,Tony Romo,QB,QB,"https://static.www.nfl.com/image/private/f_auto,q_auto/league/rdgaxf7djip2ovlkeqjk",1,DAL,18,36,201,1,1,2,19,0,0,387,57,12,2.75219977524368,0,0.51937984496124,0.0716039139454797,3,17,0,0,0,1,1.4264088527998,0,0,0,0,0,0,0,0,0,0,,0,,,,,0,11.74,11.74
2007,POST,00-0021755,,Earnest Graham,RB,RB,,1,TB,0,0,0,0,0,0,0,0,0,0,0,0,,0,,,18,63,1,0,0,5,1.27095236303285,0,4,4,27,0,0,0,9,18,1,2.42964100802783,0,3.0,0.173913043478261,0.0989010989010989,0.330100334448161,0,15.0,19.0
2007,POST,00-0021927,,David Tyree,WR,WR,,2,NYG,0,0,0,0,0,0,0,0,0,0,0,0,,0,,,0,0,0,0,0,0,,0,4,4,47,1,0,0,46,1,2,4.40668092068518,0,1.02173913043478,0.1,0.112745098039216,0.228921568627451,0,10.7,14.7
2007,POST,00-0021929,,Donald Lee,TE,TE,,2,GB,0,0,0,0,0,0,0,0,0,0,0,0,,0,,,0,0,0,0,0,0,,0,5,5,51,1,0,0,35,16,3,5.84918744489551,0,1.45714285714286,0.135135135135135,0.220125786163522,0.356790753017168,0,11.1,16.1
2007,POST,00-0021982,,Justin Gage,WR,WR,,1,TEN,0,0,0,0,0,0,0,0,0,0,0,0,,0,,,0,0,0,0,0,0,,0,1,1,19,0,0,0,19,0,1,1.47120740101673,0,1.0,0.0625,0.182692307692308,0.221634615384615,0,1.9,2.9
2007,POST,00-0021999,,Nate Burleson,WR,WR,,2,SEA,0,0,0,0,0,0,0,0,0,0,0,0,,0,,,0,0,0,0,0,0,,0,10,10,97,0,0,0,58,39,4,5.43104703741762,0,1.67241379310345,0.256410256410256,0.196610169491525,0.522242503259452,0,9.7,19.7
2007,POST,00-0022003,,B.J. Askew,FB,RB,,1,TB,0,0,0,0,0,0,0,0,0,0,0,0,,0,,,1,3,0,0,0,1,0.584346474381164,0,2,2,12,0,0,0,-5,17,0,0.986930674291216,0,-2.4,0.0869565217391304,-0.054945054945055,0.0919732441471572,0,1.5,3.5
2007,POST,00-0022092,,Chris Brown,RB,RB,,1,TEN,0,0,0,0,0,0,0,0,0,0,0,0,,0,,,4,13,0,1,1,0,-4.29371209006058,0,0,0,0,0,0,0,0,0,0,,0,,,,,0,-0.7,-0.7
2007,POST,00-0022127,J.Witten,Jason Witten,TE,TE,"https://static.www.nfl.com/image/private/f_auto,q_auto/league/r7uafhtwuexuaty0nhsc",1,DAL,0,0,0,0,0,0,0,0,0,0,0,0,,0,,,0,0,0,0,0,0,,0,7,7,81,0,0,0,53,28,4,7.57370786095271,0,1.52830188679245,0.388888888888889,0.368055555555556,0.840972222222222,0,8.1,15.1
2007,POST,00-0022165,,Dallas Clark,TE,TE,,1,IND,0,0,0,0,0,0,0,0,0,0,0,0,,0,,,0,0,0,0,0,0,,0,6,6,95,1,0,0,66,29,6,8.86227835295722,0,1.43939393939394,0.181818181818182,0.293333333333333,0.478060606060606,0,15.5,21.5
2007,POST,00-0022206,,Kenton Keith,RB,RB,,1,IND,0,0,0,0,0,0,0,0,0,0,0,0,,0,,,4,7,0,0,0,0,-1.86366046743933,0,2,2,23,0,0,0,12,11,1,1.13748647738248,0,1.91666666666667,0.0606060606060606,0.0533333333333333,0.128242424242424,0,3.0,5.0
2007,POST,00-0022427,,Wes Welker,WR,WR,"https://static.www.nfl.com/image/private/f_auto,q_auto/league/rgjwexzif36vncjfdwap",3,NE,0,0,0,0,0,0,0,0,0,0,0,0,,0,,,1,13,0,0,0,1,0.976439773570746,0,27,27,213,2,0,0,68,145,10,15.55981979221,0,3.13235294117647,0.350649350649351,0.275303643724696,0.718686576581313,0,34.6,61.6
2007,POST,00-0022434,,Carey Davis,RB,RB,,1,PIT,0,0,0,0,0,0,0,0,0,0,0,0,,0,,,3,3,0,0,0,1,-1.27170686924364,0,2,2,14,0,0,0,4,10,0,1.13151364977239,0,3.5,0.0689655172413793,0.0233918128654971,0.119822544867917,0,1.7,3.7
2007,POST,00-0022555,,Ben Utecht,TE,TE,,1,IND,0,0,0,0,0,0,0,0,0,0,0,0,,0,,,0,0,0,0,0,0,,0,1,1,20,0,0,0,15,5,1,1.94012034707703,0,1.33333333333333,0.0303030303030303,0.0666666666666667,0.0921212121212121,0,2.0,3.0
2007,POST,00-0022701,,D.J. Hackett,WR,WR,,2,SEA,0,0,0,0,0,0,0,0,0,0,0,0,,0,,,0,0,0,0,0,0,,0,8,8,116,1,0,0,91,25,5,9.82834896445274,0,1.27472527472527,0.205128205128205,0.308474576271186,0.523624511082138,0,17.6,25.6
2007,POST,00-0022725,,Michael Clayton,WR,WR,,1,TB,0,0,0,0,0,0,0,0,0,0,0,0,,0,,,0,0,0,0,0,0,,0,3,3,39,0,0,0,22,17,2,2.89650638482999,0,1.77272727272727,0.130434782608696,0.241758241758242,0.364882943143813,0,3.9,6.9
2007,POST,00-0022738,,Chris Cooley,TE,TE,,1,WAS,0,0,0,0,0,0,0,0,0,0,0,0,,0,,,0,0,0,0,0,0,,0,5,5,46,0,0,0,32,14,3,3.374984858674,0,1.4375,0.172413793103448,0.220689655172414,0.413103448275862,0,4.6,9.6
2007,POST,00-0022766,,Patrick Crayton,WR,WR,,1,DAL,0,0,0,0,0,0,0,0,0,0,0,0,,0,,,0,0,0,0,0,0,,0,3,3,27,0,0,0,20,7,2,1.30656498181634,0,1.35,0.166666666666667,0.138888888888889,0.347222222222222,0,2.7,5.7
2007,POST,00-0022803,E.Manning,Eli Manning,QB,QB,"https://static.www.nfl.com/image/private/f_auto,q_auto/league/w51tf8uedjftbr4qpaex",4,NYG,72,119,857,6,1,9,47,1,0,1228,268,46,30.2089780884845,0,0.697882736156352,0.156280524126664,8,10,0,1,0,2,-2.48030460928567,0,0,0,0,0,0,0,0,0,0,,0,,,,,0,57.28,57.28
2007,POST,00-0022821,,Michael Turner,RB,RB,,3,LAC,0,0,0,0,0,0,0,0,0,0,0,0,,0,,,43,164,0,0,0,8,-3.83656763888257,0,1,1,5,0,0,0,4,1,0,0.193392732180655,0,1.25,0.0526315789473684,0.0224719101123596,0.0946777054997043,0,16.9,17.9
2007,POST,00-0022840,,Julius Jones,RB,RB,,1,DAL,0,0,0,0,0,0,0,0,0,0,0,0,,0,,,3,8,0,0,0,0,-0.482527855376247,0,0,0,0,0,0,0,0,0,0,,0,,,,,0,0.8,0.8
2007,POST,00-0022847,,Ben Hartsock,TE,TE,,1,TEN,0,0,0,0,0,0,0,0,0,0,0,0,,0,,,0,0,0,0,0,0,,0,3,3,16,0,0,0,13,3,1,1.37749795825221,0,1.23076923076923,0.1875,0.125,0.36875,0,1.6,4.6
2007,POST,00-0022889,,Reggie Williams,WR,WR,,2,JAX,0,0,0,0,0,0,0,0,0,0,0,0,,0,,,0,0,0,0,0,0,,0,3,3,48,0,0,0,40,8,1,2.387584149139,0,1.2,0.0967741935483871,0.159362549800797,0.256715075183138,0,4.8,7.8
2007,POST,00-0022897,,Greg Jones,RB,RB,,1,JAX,0,0,0,0,0,0,0,0,0,0,0,0,,0,,,0,0,0,0,0,0,,0,1,1,12,0,0,0,1,11,1,-0.0509884333587252,0,12.0,0.0454545454545455,0.0061349693251533,0.0724762967094255,0,1.2,2.2
2007,POST,00-0022901,,Ernest Wilford,WR,WR,,2,JAX,0,0,0,0,0,0,0,0,0,0,0,0,,0,,,0,0,0,0,0,0,,0,4,4,60,1,0,0,55,5,4,7.46188458515098,0,1.09090909090909,0.129032258064516,0.219123505976096,0.346934841280041,0,12.0,16.0
2007,POST,00-0022916,,Ben Troupe,TE,TE,,1,TEN,0,0,0,0,0,0,0,0,0,0,0,0,,0,,,0,0,0,0,0,0,,0,3,3,44,0,0,0,42,2,3,2.33400469942717,0,1.04761904761905,0.1875,0.403846153846154,0.563942307692308,0,4.4,7.4
2007,POST,00-0022924,B.Roethlisberger,Ben Roethlisberger,QB,QB,"https://static.www.nfl.com/image/private/f_auto,q_auto/league/vziogpnyp9d0xtpiuqhr",1,PIT,29,42,337,2,3,6,40,1,1,327,166,17,0.465758337893732,0,1.03058103975535,0.107877737656949,4,13,0,0,0,1,-0.952394889958669,0,0,0,0,0,0,0,0,0,0,,0,,,,,0,14.78,14.78
2007,POST,00-0022942,P.Rivers,Philip Rivers,QB,QB,"https://static.www.nfl.com/image/private/f_auto,q_auto/league/voakyrtj34sghkwxaxxf",3,LAC,52,86,767,4,4,2,14,1,0,914,225,35,24.4223203857044,0,0.839168490153173,0.159204816637172,4,-2,0,0,0,0,-3.0308401582879,0,0,0,0,0,0,0,0,0,0,,0,,,,,0,38.48,38.48
2007,POST,00-0022943,B.Watson,Benjamin Watson,TE,TE,"https://static.www.nfl.com/image/private/f_auto,q_auto/league/dorymozpdnrllkqlfzpu",2,NE,0,0,0,0,0,0,0,0,0,0,0,0,,0,,,0,0,0,0,0,0,,0,3,3,20,2,0,0,15,5,2,4.12119671271648,0,1.33333333333333,0.0625,0.0892857142857143,0.15625,0,14.0,17.0
2007,POST,00-0022984,,Ryan Grant,RB,RB,,2,GB,0,0,0,0,0,0,0,0,0,0,0,0,,0,,,40,230,3,1,1,11,-0.343920347456107,0,3,3,3,0,1,1,-10,13,1,-7.50068454135908,0,-0.3,0.0810810810810811,-0.0628930817610063,0.0775964643889172,0,37.3,40.3
2007,POST,00-0023063,,Leonard Weaver,FB,RB,,2,SEA,0,0,0,0,0,0,0,0,0,0,0,0,,0,,,5,27,1,0,0,3,1.19418093451532,0,2,2,8,0,0,0,0,8,0,-0.725585345295258,0,0.0,0.1,,,0,9.5,11.5
2007,POST,00-0023367,,Nate Washington,WR,WR,,1,PIT,0,0,0,0,0,0,0,0,0,0,0,0,,0,,,0,0,0,0,0,0,,0,1,1,8,0,0,0,2,6,1,0.568646560015623,0,4.0,0.0344827586206897,0.0116959064327485,0.0599112724339585,0,0.8,1.8
2007,POST,00-0023456,,Matt Jones,WR,WR,,1,JAX,0,0,0,0,0,0,0,0,0,0,0,0,,0,,,0,0,0,0,0,0,,0,3,3,48,1,0,0,32,16,3,7.39271432138048,0,1.5,0.136363636363636,0.196319018404908,0.34196876742889,0,10.8,13.8
2007,POST,00-0023465,,Heath Miller,TE,TE,"https://static.www.nfl.com/image/private/f_auto,q_auto/league/iqw8fry4hgfvegs9nfuf",1,PIT,0,0,0,0,0,0,0,0,0,0,0,0,,0,,,0,0,0,0,0,0,,0,8,8,85,1,0,0,42,43,5,8.83811420097482,0,2.02380952380952,0.275862068965517,0.245614035087719,0.585722928009679,0,14.5,22.5
2007,POST,00-0023496,,Vincent Jackson,WR,WR,"https://static.www.nfl.com/image/private/f_auto,q_auto/league/kdquag2thcfulvrs0cbz",3,LAC,0,0,0,0,0,0,0,0,0,0,0,0,,0,,,0,0,0,0,0,0,,0,18,18,300,2,0,0,258,42,15,28.6941602751604,0,1.16279069767442,0.327272727272727,0.463195691202873,0.815146074751102,0,42.0,60.0
2007,POST,00-0023506,,Alex Smith,TE,TE,"https://static.www.nfl.com/image/private/f_auto,q_auto/league/zcpxncjwcm6ggoiqt6ub",1,TB,0,0,0,0,0,0,0,0,0,0,0,0,,0,,,0,0,0,0,0,0,,0,3,3,26,1,0,0,17,9,2,2.92767446601647,0,1.52941176470588,0.130434782608696,0.186813186813187,0.326421404682274,0,8.6,11.6
2007,POST,00-0023508,,Vernand Morency,RB,RB,,1,GB,0,0,0,0,0,0,0,0,0,0,0,0,,0,,,0,0,0,0,0,0,,0,2,2,9,0,0,0,4,5,0,-1.24979734036606,0,2.25,0.105263157894737,0.04,0.185894736842105,0,0.9,2.9
2007,POST,00-0023544,,Marion Barber,RB,RB,,1,DAL,0,0,0,0,0,0,0,0,0,0,0,0,,0,,,27,129,1,0,0,7,4.39843531488441,0,1,1,9,0,0,0,1,8,0,0.475036808464211,0,9.0,0.0555555555555556,0.0069444444444444,0.0881944444444444,0,19.8,20.8
2007,POST,00-0023545,,Brandon Jacobs,RB,RB,,4,NYG,0,0,0,0,0,0,0,0,0,0,0,0,,0,,,62,197,3,1,0,10,-4.67107044032309,0,4,4,29,1,0,0,-12,41,2,1.6796044644434,0,-2.41666666666667,0.0754716981132076,-0.0315789473684211,0.0911022840119166,0,46.6,50.6
2007,POST,00-0023564,D.Sproles,Darren Sproles,RB,RB,"https://static.www.nfl.com/image/private/f_auto,q_auto/league/gvj5ng27blmwuz170aeo",2,LAC,0,0,0,0,0,0,0,0,0,0,0,0,,0,,,4,35,0,0,0,1,0.921177948941477,0,3,3,61,1,0,0,-5,66,2,5.69116290286183,0,-12.2,0.0833333333333333,-0.014367816091954,0.114942528735632,0,15.6,18.6
2007,POST,00-0023683,,Madison Hedgecock,FB,RB,,2,NYG,0,0,0,0,0,0,0,0,0,0,0,0,,0,,,0,0,0,0,0,0,,0,2,2,8,0,0,0,2,6,0,-0.103152162395418,0,4.0,0.0512820512820513,0.0095693779904306,0.0836216415163784,0,0.8,2.8
2007,POST,00-0024077,,Isaac Smolko,TE,TE,,1,JAX,0,0,0,0,0,0,0,0,0,0,0,0,,0,,,0,0,0,0,0,0,,0,1,1,7,0,0,0,1,6,0,0.313299630768597,0,7.0,0.0454545454545455,0.0061349693251533,0.0724762967094255,0,0.7,1.7
2007,POST,00-0024218,,Vince Young,QB,QB,,1,TEN,16,29,138,0,1,3,9,0,0,223,34,9,-3.96521590309678,0,0.618834080717489,0.0082850353841282,2,12,0,0,0,1,1.64027472469024,0,0,0,0,0,0,0,0,0,0,,0,,,,,0,4.72,4.72
2007,POST,00-0024236,,Laurence Maroney,RB,RB,,3,NE,0,0,0,0,0,0,0,0,0,0,0,0,,0,,,61,280,3,0,0,21,5.38271021592664,0,5,5,61,0,0,0,-24,85,1,4.64037300617201,0,-2.54166666666667,0.0649350649350649,-0.097165991902834,0.0293864030706136,0,52.1,57.1
2007,POST,00-0024240,,Santonio Holmes,WR,WR,,1,PIT,0,0,0,0,0,0,0,0,0,0,0,0,,0,,,0,0,0,0,0,0,,0,3,3,49,1,0,0,17,32,2,6.79248428135179,0,2.88235294117647,0.103448275862069,0.0994152046783626,0.224763057067957,0,10.9,13.9
2007,POST,00-0024243,M.Lewis,Marcedes Lewis,TE,TE,"https://static.www.nfl.com/image/private/f_auto,q_auto/league/ppq07tipygpftz5csipx",2,JAX,0,0,0,0,0,0,0,0,0,0,0,0,,0,,,0,0,0,0,0,0,,0,6,6,90,0,1,0,51,39,4,8.01969319426809,0,1.76470588235294,0.193548387096774,0.203187250996016,0.432553656342372,0,9.0,15.0
2007,POST,00-0024245,,Joseph Addai,RB,RB,,1,IND,0,0,0,0,0,0,0,0,0,0,0,0,,0,,,13,43,0,0,0,4,-0.352307568304241,0,9,9,67,0,0,0,9,58,2,0.636926314560697,0,7.44444444444445,0.272727272727273,0.04,0.437090909090909,0,11.0,20.0
2007,POST,00-0024260,,LenDale White,RB,RB,,1,TEN,0,0,0,0,0,0,0,0,0,0,0,0,,0,,,19,69,0,0,0,2,-0.574208955710498,0,1,1,-3,0,0,0,-5,2,0,-0.838860431918874,0,0.6,0.0625,-0.0480769230769231,0.0600961538461539,0,6.6,7.6
2007,POST,00-0024267,,Greg Jennings,WR,WR,"https://static.www.nfl.com/image/private/f_auto,q_auto/league/jiemkcfkc893pfova8xv",2,GB,0,0,0,0,0,0,0,0,0,0,0,0,,0,,,0,0,0,0,0,0,,0,7,7,85,2,0,0,57,28,7,9.67115832731361,0,1.49122807017544,0.189189189189189,0.358490566037736,0.534727180010199,0,20.5,27.5
2007,POST,00-0024268,A.Fasano,Anthony Fasano,TE,TE,"https://static.www.nfl.com/image/private/f_auto,q_auto/league/twcrap9uhjbazmplq5x3",1,DAL,0,0,0,0,0,0,0,0,0,0,0,0,,0,,,0,0,0,0,0,0,,0,1,1,5,0,0,0,2,3,0,-0.0128542394377291,0,2.5,0.0555555555555556,0.0138888888888889,0.0930555555555555,0,0.5,1.5
2007,POST,00-0024275,,Maurice Jones-Drew,RB,RB,,2,JAX,0,0,0,0,0,0,0,0,0,0,0,0,,0,,,14,48,1,0,0,4,-0.124960393586662,0,7,7,92,1,0,0,23,69,4,7.50888230622513,0,4.0,0.225806451612903,0.0916334661354582,0.402853103714176,0,26.0,33.0
2007,POST,00-0024447,,Devin Aromashodu,WR,WR,,1,IND,0,0,0,0,0,0,0,0,0,0,0,0,,0,,,0,0,0,0,0,0,,0,1,1,13,0,0,0,13,0,1,0.735922823660076,0,1.0,0.0303030303030303,0.0577777777777778,0.0858989898989899,0,1.3,2.3
2007,POST,00-0024463,,Ben Obomanu,WR,WR,,1,SEA,0,0,0,0,0,0,0,0,0,0,0,0,,0,,,0,0,0,0,0,0,,0,4,4,63,0,0,0,51,12,3,4.84731487196405,0,1.23529411764706,0.210526315789474,0.401574803149606,0.596891835888935,0,6.3,10.3
2007,POST,00-0024489,,Ahmard Hall,FB,RB,,1,TEN,0,0,0,0,0,0,0,0,0,0,0,0,,0,,,3,14,0,0,0,2,1.32565866131336,0,1,1,16,0,0,0,-2,18,1,2.37370791845024,0,-8.0,0.0625,-0.0192307692307692,0.0802884615384615,0,3.0,4.0
2007,POST,00-0024553,,Biren Ealy,WR,WR,,1,TEN,0,0,0,0,0,0,0,0,0,0,0,0,,0,,,0,0,0,0,0,0,,0,2,2,17,0,0,0,15,2,2,2.14044852420921,0,1.13333333333333,0.125,0.144230769230769,0.288461538461538,0,1.7,3.7
2007,POST,00-0024846,,Gary Russell,RB,RB,,1,PIT,0,0,0,0,0,0,0,0,0,0,0,0,,0,,,3,2,0,0,0,0,-1.81046631000936,0,1,1,6,0,0,0,5,1,1,0.490988751640543,0,1.2,0.0344827586206897,0.0292397660818713,0.0721919741883444,0,0.8,1.8
2007,POST,00-0025417,,Craig Davis,WR,WR,,2,LAC,0,0,0,0,0,0,0,0,0,0,0,0,,0,,,0,0,0,0,0,0,,0,2,2,23,0,0,0,18,5,1,1.8407057817094,0,1.27777777777778,0.0555555555555556,0.0474934036939314,0.116578715919085,0,2.3,4.3
2007,POST,00-0025419,,Anthony Gonzalez,WR,WR,,1,IND,0,0,0,0,0,0,0,0,0,0,0,0,,0,,,0,0,0,0,0,0,,0,4,4,79,1,0,0,40,39,2,6.81480759452097,0,1.975,0.121212121212121,0.177777777777778,0.306262626262626,0,13.9,17.9
2007,POST,00-0025437,,Chris Henry,RB,RB,,1,TEN,0,0,0,0,0,0,0,0,0,0,0,0,,0,,,1,0,0,0,0,0,-0.77423510979861,0,0,0,0,0,0,0,0,0,0,,0,,,,,0,0.0,0.0
2007,POST,00-0025438,,Steve Smith,WR,WR,,4,NYG,0,0,0,0,0,0,0,0,0,0,0,0,,0,,,0,0,0,0,0,0,,0,14,14,152,0,0,0,119,33,9,12.9343876752897,0,1.27731092436975,0.194444444444444,0.202037351443124,0.433092812676853,0,15.2,29.2
2007,POST,00-0025450,,Brandon Jackson,RB,RB,,2,GB,0,0,0,0,0,0,0,0,0,0,0,0,,0,,,8,34,0,0,0,2,-1.53571018122602,0,2,2,14,1,0,0,-4,18,1,1.96953436994669,0,-3.5,0.0540540540540541,-0.0251572327044025,0.0634710181879993,0,10.8,12.8
2007,POST,00-0025464,,Matt Spaeth,TE,TE,"https://static.www.nfl.com/image/private/f_auto,q_auto/league/wywcnns8be7rzlrwnjwh",1,PIT,0,0,0,0,0,0,0,0,0,0,0,0,,0,,,0,0,0,0,0,0,,0,1,1,7,0,0,0,6,1,0,0.747298249567393,0,1.16666666666667,0.0344827586206897,0.0350877192982456,0.0762855414398064,0,0.7,1.7
2007,POST,00-0025465,,James Jones,WR,WR,,1,GB,0,0,0,0,0,0,0,0,0,0,0,0,,0,,,0,0,0,0,0,0,,0,3,3,42,0,0,0,7,35,2,4.14355423732195,0,6.0,0.166666666666667,0.11864406779661,0.333050847457627,0,4.2,7.2
2007,POST,00-0025515,,Chris Davis,WR,WR,,1,TEN,0,0,0,0,0,0,0,0,0,0,0,0,,0,,,1,11,0,0,0,1,0.815693094627932,0,2,2,11,0,0,0,10,1,1,0.765287918271497,0,1.1,0.125,0.0961538461538462,0.254807692307692,0,2.2,4.2
2007,POST,00-0025540,,Kevin Boss,TE,TE,,4,NYG,0,0,0,0,0,0,0,0,0,0,0,0,,0,,,0,0,0,0,0,0,,0,5,5,90,0,0,0,52,38,4,5.8546965920832,0,1.73076923076923,0.0694444444444445,0.0882852292020374,0.165966327108093,0,9.0,14.0
2007,POST,00-0025559,,Legedu Naanee,WR,WR,,1,LAC,0,0,0,0,0,0,0,0,0,0,0,0,,0,,,0,0,0,0,0,0,,0,1,1,27,0,0,0,-2,29,1,1.94172879459802,0,0.0,0.0588235294117647,-0.0117647058823529,0.08,0,2.7,3.7
2007,POST,00-0025578,,Korey Hall,RB,RB,,1,GB,0,0,0,0,0,0,0,0,0,0,0,0,,0,,,0,0,0,0,0,0,,0,1,1,12,0,0,0,1,11,1,0.757651464780793,0,12.0,0.0526315789473684,0.01,0.0859473684210526,0,1.2,2.2
2007,POST,00-0025637,,Ahmad Bradshaw,RB,RB,"https://static.www.nfl.com/image/private/f_auto,q_auto/league/vlgcz2so2urjgowxz3tz",4,NYG,0,0,0,0,0,0,0,0,0,0,0,0,,0,,,48,208,1,0,0,9,0.173125769535545,0,4,4,27,0,0,0,4,23,1,1.20824427058687,0,6.75,0.0555555555555556,0.0067911714770798,0.0880871533672892,0,29.5,33.5
2007,REG+POST,00-0000865,,Charlie Batch,QB,QB,,7,PIT,17,36,232,2,3,0,0,0,0,432,105,10,-4.57819480240777,0,0.537037037037037,0.0257875633471161,12,-7,0,0,0,0,-9.6027105327521,0,0,0,0,0,0,0,0,0,0,,0,,,,,0,10.58,10.58
2007,REG+POST,00-0001157,,Mitch Berger,P,SPEC,,1,ARI,0,0,0,0,0,0,0,0,0,0,0,0,,0,,,1,0,0,1,0,0,0.226181645877659,0,0,0,0,0,0,0,0,0,0,,0,,,,,0,0.0,0.0
2007,REG+POST,00-0001477,,Marty Booker,WR,WR,,15,MIA,0,1,0,0,0,0,0,0,0,0,0,0,-0.0112659602891654,0,,,2,12,0,1,1,1,-2.38682400173275,0,50,50,556,1,0,0,429,127,28,48.4803739980094,0,1.2960372960373,0.169491525423729,0.244444444444444,0.425348399246704,0,60.8,110.8
2007,REG+POST,00-0001563,,David Bowens,ILB,LB,,1,NYJ,0,0,0,0,0,0,0,0,0,0,0,0,,0,,,0,0,0,0,0,0,,0,0,0,0,0,0,0,0,0,0,,0,,,,,1,6.0,6.0
2007,REG+POST,00-0001661,,Kyle Brady,TE,TE,,9,NE,0,0,0,0,0,0,0,0,0,0,0,0,,0,,,0,0,0,0,0,0,,0,11,11,85,2,0,0,52,33,6,7.10346765548457,0,1.63461538461538,0.047008547008547,0.036645525017618,0.0961646880251531,0,20.5,31.5
2007,REG+POST,00-0002099,,Isaac Bruce,WR,WR,,13,LA,0,0,0,0,0,0,0,0,0,0,0,0,,0,,,2,-4,0,0,0,0,-1.8634189349832,0,55,55,733,4,0,0,614,119,36,60.7221521913123,0,1.19381107491857,0.201465201465201,0.30320987654321,0.514444715778049,0,96.9,151.9
2007,REG+POST,00-0002565,,Dan Campbell,TE,TE,,1,DET,0,0,0,0,0,0,0,0,0,0,0,0,,0,,,0,0,0,0,0,0,,0,1,1,1,0,0,0,1,0,0,-0.592115527251735,0,1.0,0.037037037037037,0.0064516129032258,0.0600716845878136,0,0.1,1.1
2007,REG+POST,00-0003035,,Desmond Clark,TE,TE,,15,CHI,0,0,0,0,0,0,0,0,0,0,0,0,,0,,,0,0,0,0,0,0,,0,44,44,545,4,1,0,304,234,24,42.8159559327178,0,1.79276315789474,0.140575079872204,0.167955801104972,0.328431680581787,0,78.5,122.5
2007,REG+POST,00-0003292,,Kerry Collins,QB,QB,,6,TEN,50,82,531,0,0,5,42,1,1,678,224,30,3.70505534460057,0,0.783185840707965,0.0692107139850761,3,-3,0,0,0,0,-3.57812164706411,0,0,0,0,0,0,0,0,0,0,,0,,,,,0,18.94,18.94
2007,REG+POST,00-0003315,,Todd Collins,QB,QB,,5,WAS,96,155,1154,7,2,10,69,3,2,1216,484,58,10.9638368098497,0,0.949013157894737,0.103606711738568,10,3,0,2,0,1,-7.1860584258684,0,0,0,0,0,0,0,0,0,0,,0,,,,,0,66.46,66.46
2007,REG+POST,00-0003663,,Zack Crockett,RB,RB,,1,TB,0,0,0,0,0,0,0,0,0,0,0,0,,0,,,1,0,0,0,0,0,-0.584803555975668,0,0,0,0,0,0,0,0,0,0,,0,,,,,0,0.0,0.0
2007,REG+POST,00-0003739,,Daunte Culpepper,QB,QB,,7,LV,108,185,1332,5,5,21,136,6,3,1516,513,60,0.439777178250608,0,0.878627968337731,0.0444028614398142,20,46,3,3,0,7,4.74088284509855,0,0,0,0,0,0,0,0,0,0,,0,,,,,0,79.88,79.88
2007,REG+POST,00-0004161,,Jake Delhomme,QB,QB,,3,CAR,55,86,617,8,1,5,46,1,0,641,272,27,22.8386041867216,0,0.962558502340094,0.161733480496383,6,26,0,0,0,2,-0.174130760366097,0,0,0,0,0,0,0,0,0,0,,0,,,,,0,57.28,57.28
2007,REG+POST,00-0004293,,Trent Dilfer,QB,QB,,7,SF,113,219,1166,7,12,27,182,4,1,1869,511,62,-88.6734907629408,0,0.62386302835741,-0.006380505891057,10,25,0,4,1,1,-11.4288399833022,0,0,0,0,0,0,0,0,0,0,,0,,,,,0,49.14,49.14
2007,REG+POST,00-0004541,,Donald Driver,WR,WR,,17,GB,0,0,0,0,0,0,0,0,0,0,0,0,,0,,,2,4,0,0,0,0,-0.80194024881348,0,90,91,1207,3,1,0,711,498,53,96.039550752379,0,1.69760900140647,0.224691358024691,0.313492063492064,0.556481481481482,0,139.1,229.1
2007,REG+POST,00-0004637,,Jason Dunn,TE,TE,,1,KC,0,0,0,0,0,0,0,0,0,0,0,0,,0,,,0,0,0,0,0,0,,0,2,2,9,0,0,0,3,6,0,0.143530172295868,0,3.0,0.0606060606060606,0.0154639175257732,0.101733833177132,0,0.9,2.9
2007,REG+POST,00-0004640,,Warrick Dunn,RB,RB,,16,ATL,0,0,0,0,0,0,0,0,0,0,0,0,,0,,,228,718,4,2,2,34,-56.6993146477742,0,37,37,238,0,0,0,0,238,5,0.354941335972505,0,0.0,0.114551083591331,0.0,0.171826625386997,0,115.6,152.6
2007,REG+POST,00-0004673,,Tim Dwight,WR,WR,,6,LV,0,0,0,0,0,0,0,0,0,0,0,0,,0,,,2,12,0,0,0,1,0.181327255093493,0,6,6,98,2,0,0,91,7,4,9.4846745749237,0,1.07692307692308,0.0909090909090909,0.182730923694779,0.264275282949982,0,23.0,29.0
2007,REG+POST,00-0004915,,Bobby Engram,WR,WR,,18,SEA,0,0,0,0,0,0,0,0,0,0,0,0,,0,,,0,0,0,0,0,0,,0,104,104,1271,7,1,1,882,389,70,101.269200141526,0,1.44104308390023,0.253041362530414,0.327515781656146,0.608823090954922,0,167.1,271.1
2007,REG+POST,00-0005091,,Kevin Faulk,RB,RB,,19,NE,0,0,0,0,0,0,0,0,0,0,0,0,,0,,,69,292,0,0,0,17,-4.06737762980629,0,67,67,553,1,1,0,80,473,31,39.0102244323369,0,6.9125,0.139583333333333,0.0288080662585524,0.229540646380987,0,90.5,157.5
2007,REG+POST,00-0005101,,Christian Fauria,TE,TE,,5,CAR,0,0,0,0,0,0,0,0,0,0,0,0,,0,,,0,0,0,0,0,0,,0,5,5,39,2,0,0,31,8,5,7.75273179868236,0,1.25806451612903,0.0531914893617021,0.0496,0.114507234042553,0,15.9,20.9
2007,REG+POST,00-0005106,,Brett Favre,QB,QB,,18,GB,393,593,4566,33,17,16,93,5,1,4557,2335,219,131.468175079662,0,1.0019749835418,0.148686301173332,30,11,0,4,2,3,-19.7957229937907,0,0,0,0,0,0,0,0,0,0,,0,,,,,0,275.74,275.74
2007,REG+POST,00-0005589,,Gus Frerotte,QB,QB,,8,LA,94,167,1014,7,12,11,59,2,1,1505,329,55,-48.839696811467,1,0.67375415282392,0.002171312031811,6,3,0,1,0,2,-2.52467471957789,0,0,0,0,0,0,0,0,0,0,,0,,,,,0,44.86,44.86
2007,REG+POST,00-0005720,,Joey Galloway,WR,WR,,16,TB,0,0,0,0,0,0,0,0,0,0,0,0,,0,,,2,-3,0,0,0,0,-1.582450351445,0,58,58,1023,6,0,0,586,437,38,83.5264452302963,0,1.7457337883959,0.182389937106918,0.339907192575406,0.511519940463162,0,138.0,196.0
2007,REG+POST,00-0005755,,Jeff Garcia,QB,QB,,14,TB,232,366,2647,14,6,20,109,1,0,2780,1245,123,49.2365964362691,0,0.952158273381295,0.112276899837773,36,118,1,4,2,11,-11.1672238479744,0,0,0,0,0,0,0,0,0,0,,0,,,,,0,163.68,163.68
2007,REG+POST,00-0006043,,Terry Glenn,WR,WR,,1,DAL,0,0,0,0,0,0,0,0,0,0,0,0,,0,,,0,0,0,0,0,0,,0,2,2,30,0,0,0,20,10,2,3.9593897232553,0,1.5,0.111111111111111,0.138888888888889,0.263888888888889,0,3.0,5.0
2007,REG+POST,00-0006101,,Tony Gonzalez,TE,TE,,16,KC,0,0,0,0,0,0,0,0,0,0,0,0,,0,,,0,0,0,0,0,0,,0,99,99,1172,5,0,0,876,296,59,92.5760113534925,0,1.337899543379,0.295522388059702,0.441754916792738,0.752512023844469,0,147.2,246.2
2007,REG+POST,00-0006305,,Ahman Green,RB,RB,,6,HOU,0,0,0,0,0,0,0,0,0,0,0,0,,0,,,70,260,2,0,0,17,-4.34351379524859,0,14,14,123,0,0,0,-51,174,2,2.55224149112211,0,-2.41176470588235,0.126126126126126,-0.0764617691154423,0.13566595080838,0,50.3,64.3
2007,REG+POST,00-0006355,,Trent Green,QB,QB,,5,MIA,85,141,987,5,7,7,53,0,0,1182,434,51,-2.91480377143027,0,0.83502538071066,0.0628660086238556,7,32,0,2,0,3,-3.14597703824984,0,0,0,0,0,0,0,0,0,0,,0,,,,,0,48.68,48.68
2007,REG+POST,00-0006423,,Brian Griese,QB,QB,,7,CHI,161,262,1803,10,12,15,114,2,0,1940,894,82,0.296820992883356,0,0.929381443298969,0.0534770172256583,13,28,0,4,1,3,-4.31504652656515,0,0,0,0,0,0,0,0,0,0,,0,,,,,0,88.92,88.92
2007,REG+POST,00-0007024,,Marvin Harrison,WR,WR,,6,IND,0,0,0,0,0,0,0,0,0,0,0,0,,0,,,0,0,0,0,0,0,,0,22,22,274,1,1,1,227,47,13,19.1649260968552,0,1.20704845814978,0.154929577464789,0.195521102497847,0.369259137945676,0,31.4,53.4
2007,REG+POST,00-0007091,,Matt Hasselbeck,QB,QB,"https://static.www.nfl.com/image/private/f_auto,q_auto/league/t1nf9avoy2kauqwrvzza",18,SEA,391,627,4389,30,14,36,228,6,2,5207,1797,223,60.6447603691743,1,0.842903783368542,0.0915320349367272,42,97,0,5,3,8,-18.7127597648381,0,0,0,0,0,0,0,0,0,0,,0,,,,,0,269.26,269.26
2007,REG+POST,00-0007213,,Steve Heiden,TE,TE,"https://static.www.nfl.com/image/private/f_auto,q_auto/league/gbtrxatwcauhazpjejcr",10,CLE,0,0,0,0,0,0,0,0,0,0,0,0,,0,,,0,0,0,0,0,0,,0,12,12,104,0,0,0,74,30,4,4.52090340008726,0,1.40540540540541,0.0625,0.0504774897680764,0.129084242837653,0,10.4,22.4
2007,REG+POST,00-0007308,,Craig Hentrich,P,SPEC,,1,TEN,0,0,0,0,0,0,0,0,0,0,0,0,,0,,,1,-8,0,0,0,0,-3.10312166652875,0,0,0,0,0,0,0,0,0,0,,0,,,,,0,-0.8,-0.8
2007,REG+POST,00-0007468,,Ike Hilliard,WR,WR,,16,TB,0,0,0,0,0,0,0,0,0,0,0,0,,0,,,1,6,0,0,0,0,-0.47701843502,0,66,66,749,1,2,2,415,334,38,51.5149361443605,0,1.80481927710843,0.207547169811321,0.240719257540603,0.479824234995404,0,77.5,143.5
2007,REG+POST,00-0007576,,Kelly Holcomb,QB,QB,,3,MIN,42,83,511,2,1,11,87,1,0,617,225,23,-5.86896687802285,0,0.828200972447326,-0.0179380215181371,1,0,0,0,0,0,-1.23760436708108,0,0,0,0,0,0,0,0,0,0,,0,,,,,0,26.44,26.44
2007,REG+POST,00-0007661,,Priest Holmes,RB,RB,,4,KC,0,0,0,0,0,0,0,0,0,0,0,0,,0,,,46,137,0,0,0,6,-10.7327433984183,1,5,5,17,0,0,0,-23,40,0,-2.28387516969815,0,-0.739130434782609,0.0649350649350649,-0.0533642691415313,0.0600476090035255,0,17.4,22.4
2007,REG+POST,00-0007681,,Torry Holt,WR,WR,,16,LA,0,0,0,0,0,0,0,0,0,0,0,0,,0,,,0,0,0,0,0,0,,0,93,93,1189,7,2,0,977,217,63,98.9622343304208,1,1.21699078812692,0.279279279279279,0.400409836065574,0.699205804164821,0,162.9,255.9
2007,REG+POST,00-0007744,,Joe Horn,WR,WR,,11,ATL,0,0,0,0,0,0,0,0,0,0,0,0,,0,,,0,0,0,0,0,0,,0,27,27,243,1,0,0,192,51,17,19.4881675159559,0,1.265625,0.1125,0.135116115411682,0.263331280788177,0,30.3,57.3
2007,REG+POST,00-0007835,,Damon Huard,QB,QB,,11,KC,206,332,2257,11,13,37,237,5,3,2676,952,111,-26.3067572887379,0,0.843423019431988,0.0450571036071748,9,-1,0,0,0,0,-12.5847998537356,0,0,0,0,0,0,0,0,0,0,,0,,,,,0,102.18,102.18
2007,REG+POST,00-0008241,,Edgerrin James,RB,RB,,16,ARI,0,0,0,0,0,0,0,0,0,0,0,0,,0,,,324,1232,7,4,0,53,-15.216196455025,0,25,25,196,0,1,0,5,186,9,8.86604323866777,0,39.2,0.0871080139372822,0.0029052876234747,0.132695722242356,0,184.8,209.8
2007,REG+POST,00-0008442,,Brad Johnson,QB,QB,,3,DAL,7,11,79,0,0,1,9,0,0,73,53,2,-1.74302300456723,0,1.08219178082192,0.0376918957653123,5,-5,0,0,0,0,-5.04612704971805,0,0,0,0,0,0,0,0,0,0,,0,,,,,0,2.66,2.66
2007,REG+POST,00-0008962,,Joe Jurevicius,WR,WR,,16,CLE,0,0,0,0,0,0,0,0,0,0,0,0,,0,,,0,0,0,0,0,0,,0,50,50,614,3,0,0,371,243,34,60.6344951032137,1,1.65498652291105,0.163398692810458,0.165921288014311,0.361242940825704,0,81.4,131.4
2007,REG+POST,00-0009119,,Reggie Kelly,TE,TE,,13,CIN,0,0,0,0,0,0,0,0,0,0,0,0,,0,,,0,0,0,0,0,0,,0,20,20,211,0,0,0,162,49,7,12.9249026252109,0,1.30246913580247,0.0630914826498423,0.0821084642676128,0.152113148962092,0,21.1,41.1
2007,REG+POST,00-0009163,,Eddie Kennison,WR,WR,,7,KC,0,0,0,0,0,0,0,0,0,0,0,0,,0,,,2,5,0,0,0,0,-0.417983939521946,0,13,13,101,0,0,0,78,23,6,6.21221173100639,0,1.2948717948718,0.138297872340426,0.183098591549296,0.335615822595145,0,10.6,23.6
2007,REG+POST,00-0009311,,Jon Kitna,QB,QB,,16,DET,355,563,4066,18,21,48,319,10,3,4799,1569,196,-22.7559224234231,0,0.847259845801209,0.0497181466280775,27,63,0,5,2,4,-8.5378191570635,0,1,1,9,0,0,0,-7,16,0,0.609928418183699,0,0.0,0.0285714285714286,-0.031390134529148,0.0208840486867393,0,189.84,190.84
2007,REG+POST,00-0009323,,Jimmy Kleinsasser,TE,TE,,4,MIN,0,0,0,0,0,0,0,0,0,0,0,0,,0,,,0,0,0,0,0,0,,0,4,4,43,1,0,0,25,18,3,2.91055076284101,0,1.72,0.0533333333333333,0.0535331905781585,0.117473233404711,0,10.3,14.3
2007,REG+POST,00-0009443,,Brian Kozlowski,TE,TE,,1,WAS,0,0,0,0,0,0,0,0,0,0,0,0,,0,,,0,0,0,0,0,0,,0,1,1,5,0,0,0,2,3,0,0.165939343394712,0,2.5,0.0434782608695652,0.0124223602484472,0.0739130434782609,0,0.5,1.5
2007,REG+POST,00-0010346,,Peyton Manning,QB,QB,"https://static.www.nfl.com/image/private/f_auto,q_auto/league/xpcd6auodk3w0vda6jal",17,IND,370,563,4442,34,16,21,124,6,1,4854,1624,226,167.654737993572,1,0.915121549237742,0.178277039760598,21,-11,3,0,0,4,-1.85074879974889,0,0,0,0,0,0,0,0,0,0,,0,,,,,0,298.58,298.58
2007,REG+POST,00-0010455,,Jamie Martin,QB,QB,,1,NO,0,0,0,0,0,0,0,0,0,0,0,0,,0,,,3,-3,0,0,0,0,-1.29758427420165,0,0,0,0,0,0,0,0,0,0,,0,,,,,0,-0.3,-0.3
2007,REG+POST,00-0010500,,Derrick Mason,WR,WR,,16,BAL,0,0,0,0,0,0,0,0,0,0,0,0,,0,,,0,0,0,0,0,0,,0,103,103,1087,5,1,1,748,339,60,92.0375080528834,0,1.45320855614973,0.302052785923754,0.371031746031746,0.712801401107853,0,136.7,239.7
2007,REG+POST,00-0010668,,Keenan McCardell,WR,WR,,7,WAS,0,0,0,0,0,0,0,0,0,0,0,0,,0,,,0,0,0,0,0,0,,0,22,22,256,1,0,0,184,72,16,24.2831795894308,0,1.39130434782609,0.124293785310734,0.173095014111007,0.307607187843806,0,31.6,53.6
2007,REG+POST,00-0011022,,Donovan McNabb,QB,QB,,14,PHI,291,473,3324,20,7,44,227,6,3,3617,1474,152,35.5902209283158,0,0.918993641139066,0.0818147722096996,50,236,0,3,2,16,-3.87798822755576,0,0,0,0,0,0,0,0,0,0,,0,,,,,0,212.56,212.56
2007,REG+POST,00-0011024,,Steve McNair,QB,QB,,6,BAL,133,205,1113,2,4,11,85,6,5,1137,567,60,-36.2317227408743,0,0.978891820580475,0.0428077316415393,10,32,0,2,2,4,-9.02262710483046,0,0,0,0,0,0,0,0,0,0,,0,,,,,0,33.72,33.72
2007,REG+POST,00-0011236,,Billy Miller,TE,TE,,12,NO,0,0,0,0,0,0,0,0,0,0,0,0,,0,,,0,0,0,0,0,0,,0,27,27,328,2,0,0,138,190,20,24.1205771049135,0,2.3768115942029,0.0813253012048193,0.0781869688385269,0.176718829994198,0,44.8,71.8
2007,REG+POST,00-0011626,,Brian Moorman,P,SPEC,,3,BUF,0,0,0,0,0,0,0,0,0,0,0,0,,0,,,4,14,0,0,0,2,1.35914040834177,0,0,0,0,0,0,0,0,0,0,,0,,,,,0,1.4,1.4
2007,REG+POST,00-0011641,,Sean Morey,WR,WR,,4,ARI,0,0,0,0,0,0,0,0,0,0,0,0,,0,,,1,13,0,0,0,1,3.24639827944338,0,8,8,131,0,0,0,62,69,4,6.48201169725508,0,2.11290322580645,0.105263157894737,0.104201680672269,0.230835913312693,0,14.4,22.4
2007,REG+POST,00-0011754,,Randy Moss,WR,WR,,19,NE,0,0,0,0,0,0,0,0,0,0,0,0,,0,,,1,14,0,0,0,1,0.786131787579507,0,105,105,1587,24,0,0,1195,392,82,165.358921898196,0,1.32803347280335,0.21875,0.397273936170213,0.606216755319149,0,304.1,409.1
2007,REG+POST,00-0011770,,Eric Moulds,WR,WR,,14,TEN,0,0,0,0,0,0,0,0,0,0,0,0,,0,,,0,0,0,0,0,0,,0,35,35,360,0,0,0,206,154,21,31.6764612485422,0,1.74757281553398,0.135135135135135,0.124848484848485,0.290096642096642,0,36.0,71.0
2007,REG+POST,00-0011795,,Muhsin Muhammad,WR,WR,,15,CHI,0,0,0,0,0,0,0,0,0,0,0,0,,0,,,0,0,0,0,0,0,,0,40,40,570,3,0,0,388,182,28,51.8102356032261,0,1.46907216494845,0.125786163522013,0.202716823406479,0.330581021667554,0,75.0,115.0
2007,REG+POST,00-0011958,,Lorenzo Neal,FB,RB,,10,LAC,0,0,0,0,0,0,0,0,0,0,0,0,,0,,,13,32,0,0,0,5,-3.72812374506611,0,8,8,23,1,1,0,1,22,1,2.71352473832667,0,23.0,0.0701754385964912,0.002710027100271,0.107160176864927,0,11.5,19.5
2007,REG+POST,00-0012478,,Terrell Owens,WR,WR,,16,DAL,0,0,0,0,0,0,0,0,0,0,0,0,,0,,,1,5,0,0,0,0,0.177854869281873,0,85,85,1404,16,0,0,1050,354,73,145.752165951271,0,1.33714285714286,0.245664739884393,0.400916380297824,0.649138576035066,0,236.9,321.9
2007,REG+POST,00-0012642,,David Patten,WR,WR,,14,NO,0,0,0,0,0,0,0,0,0,0,0,0,,0,,,2,-5,0,0,0,0,-1.55327610170934,0,54,54,792,3,2,1,543,249,37,58.8670343271199,0,1.4585635359116,0.135338345864662,0.256011315417256,0.382215439589072,0,94.7,148.7
2007,REG+POST,00-0013013,,Michael Pittman,RB,RB,"https://static.www.nfl.com/image/private/f_auto,q_auto/league/xt52pieoe86wnuy0imar",11,TB,0,0,0,0,0,0,0,0,0,0,0,0,,0,,,70,293,0,0,0,14,-5.18862159486693,0,31,31,253,0,1,1,63,190,14,6.93465151643368,0,4.01587301587302,0.158974358974359,0.0790464240903388,0.293794035324776,0,52.6,83.6
2007,REG+POST,00-0013080,,Marcus Pollard,TE,TE,,14,SEA,0,0,0,0,0,0,0,0,0,0,0,0,,0,,,0,0,0,0,0,0,,0,29,29,276,2,1,1,139,137,15,20.942535346112,1,1.98561151079137,0.0986394557823129,0.0772222222222222,0.202014739229025,0,39.6,68.6
2007,REG+POST,00-0013232,,Peerless Price,WR,WR,,4,BUF,0,0,0,0,0,0,0,0,0,0,0,0,,0,,,0,0,0,0,0,0,,0,7,7,68,0,0,0,52,16,5,5.75662188045681,0,1.30769230769231,0.112903225806452,0.156626506024096,0.278993392926545,0,6.8,13.8
2007,REG+POST,00-0013694,,Tony Richardson,FB,RB,,12,MIN,0,0,0,0,0,0,0,0,0,0,0,0,,0,,,7,13,0,0,0,3,-0.799811856471933,0,11,11,89,0,0,0,16,73,4,5.22045351308771,0,5.5625,0.0748299319727891,0.0190930787589499,0.125610053090449,0,10.2,21.2
2007,REG+POST,00-0014071,,Allen Rossum,DB,DB,,1,PIT,0,0,0,0,0,0,0,0,0,0,0,0,,0,,,0,0,0,0,0,0,,0,0,0,0,0,0,0,0,0,0,,0,,,,,1,6.0,6.0
2007,REG+POST,00-0014655,,Mike Sellers,TE,TE,,14,WAS,0,0,0,0,0,0,0,0,0,0,0,0,,0,,,29,82,2,0,0,9,-6.13065886572031,0,18,18,121,1,1,0,56,65,7,8.01806354842847,0,2.16071428571429,0.0947368421052632,0.0602798708288482,0.184301172738089,0,38.3,56.3
2007,REG+POST,00-0015601,,Aaron Stecker,RB,RB,,14,NO,0,0,0,0,0,0,0,0,0,0,0,0,,0,,,114,444,5,1,1,28,-13.6577931016509,0,37,37,215,0,0,0,15,200,12,7.25825044646626,0,14.3333333333333,0.0966057441253264,0.0070191857744501,0.149822046230105,0,93.9,130.9
2007,REG+POST,00-0015754,,Brandon Stokley,WR,WR,,13,DEN,0,0,0,0,0,0,0,0,0,0,0,0,,0,,,1,-6,0,0,0,0,-1.26684233685955,0,40,40,635,5,0,0,505,130,34,69.2479888377129,0,1.25742574257426,0.154440154440154,0.279778393351801,0.427505107006492,0,92.9,132.9
2007,REG+POST,00-0015830,,Mack Strong,FB,RB,,4,SEA,0,0,0,0,0,0,0,0,0,0,0,0,,0,,,4,19,0,0,0,1,-1.23166186378812,0,9,9,72,0,0,0,20,52,5,5.33591792942025,0,3.6,0.104651162790698,0.031055900621118,0.178715874620829,0,9.1,18.1
2007,REG+POST,00-0016098,,Fred Taylor,RB,RB,,17,JAX,0,0,0,0,0,0,0,0,0,0,0,0,,0,,,252,1297,6,2,1,50,2.70382850800524,0,10,10,60,0,0,0,0,60,2,1.94337775791064,0,0.0,0.0671140939597315,0.0,0.100671140939597,0,169.7,179.7
2007,REG+POST,00-0016193,,Vinny Testaverde,QB,QB,,7,CAR,94,172,936,5,6,9,46,3,1,1245,470,46,-27.7882146834235,0,0.751807228915663,-0.0240796672536252,9,22,0,0,0,0,-4.05238866596483,0,0,0,0,0,0,0,0,0,0,,0,,,,,0,45.64,45.64
2007,REG+POST,00-0016440,,James Thrash,WR,WR,,4,WAS,0,0,0,0,0,0,0,0,0,0,0,0,,0,,,0,0,0,0,0,0,,0,9,9,107,2,0,0,77,30,4,11.3792517856928,0,1.38961038961039,0.111111111111111,0.214484679665738,0.316805942432683,0,22.7,31.7
2007,REG+POST,00-0016550,,Amani Toomer,WR,WR,,18,NYG,0,0,0,0,0,0,0,0,0,0,0,0,,0,,,0,0,0,0,0,0,,0,80,80,1040,6,0,0,739,301,57,98.9623335061479,0,1.40730717185386,0.232558139534884,0.30374023838882,0.5614553761745,0,140.0,220.0
2007,REG+POST,00-0016677,,Jerame Tuman,TE,TE,,1,PIT,0,0,0,0,0,0,0,0,0,0,0,0,,0,,,0,0,0,0,0,0,,0,1,1,9,1,0,0,9,0,1,2.77266698947642,0,1.0,0.0769230769230769,0.076271186440678,0.16877444589309,0,6.9,7.9
2007,REG+POST,00-0016689,,Matt Turk,P,SPEC,,1,HOU,0,0,0,0,0,0,0,0,0,0,0,0,,0,,,1,0,0,0,0,0,-5.58799018897116,0,0,0,0,0,0,0,0,0,0,,0,,,,,0,0.0,0.0
2007,REG+POST,00-0016960,,Mike Vrabel,OLB,LB,,2,NE,0,0,0,0,0,0,0,0,0,0,0,0,,0,,,0,0,0,0,0,0,,0,2,2,3,2,0,0,3,0,2,2.81331722729374,0,1.0,0.0357142857142857,0.0132743362831858,0.0628634639696587,0,12.3,14.3
2007,REG+POST,00-0017162,,Hines Ward,WR,WR,,14,PIT,0,0,0,0,0,0,0,0,0,0,0,0,,0,,,2,7,0,0,0,1,-2.42282362721744,0,82,82,871,7,0,0,587,284,53,83.0902783045895,1,1.48381601362862,0.314176245210728,0.296165489404642,0.678580210399341,0,131.8,213.8
2007,REG+POST,00-0017200,,Kurt Warner,QB,QB,,14,ARI,282,452,3409,27,17,20,140,5,4,3811,1300,167,47.1081459783859,0,0.894515875098399,0.105727435926311,17,15,1,7,2,1,-23.1319302232455,0,0,0,0,0,0,0,0,0,0,,0,,,,,0,205.86,205.86
2007,REG+POST,00-0017915,,Ricky Williams,RB,RB,,1,MIA,0,0,0,0,0,0,0,0,0,0,0,0,,0,,,6,15,0,1,1,2,-2.97755732899532,0,0,0,0,0,0,0,0,0,0,,0,,,,,0,-0.5,-0.5
2007,REG+POST,00-0018272,,Anthony Wright,QB,QB,,2,NYG,1,7,12,0,0,0,0,0,0,55,9,1,-5.0495480298996,0,0.218181818181818,-0.183657488913072,1,-1,0,0,0,0,-1.30841659696307,0,0,0,0,0,0,0,0,0,0,,0,,,,,0,0.38,0.38
2007,REG+POST,00-0018578,,Ryan Neufeld,TE,TE,,2,BUF,0,0,0,0,0,0,0,0,0,0,0,0,,0,,,0,0,0,0,0,0,,0,2,2,14,0,0,0,3,11,0,0.730514138005674,0,4.66666666666667,0.0769230769230769,0.0211267605633803,0.130173347778982,0,1.4,3.4
2007,REG+POST,00-0018958,,Laveranues Coles,WR,WR,,11,NYJ,0,0,0,0,0,0,0,0,0,0,0,0,,0,,,0,0,0,0,0,0,,0,55,55,646,6,0,0,504,142,35,62.3152279630696,0,1.28174603174603,0.261904761904762,0.338028169014085,0.629476861167002,0,100.6,155.6
2007,REG+POST,00-0019041,,Billy Volek,QB,QB,,6,LAC,6,14,54,0,1,2,7,0,0,87,38,2,-13.7358830079902,0,0.620689655172414,-0.0744872278576792,14,-8,1,1,1,1,-8.56175351992715,0,0,0,0,0,0,0,0,0,0,,0,,,,,0,3.36,3.36
2007,REG+POST,00-0019100,,Brad Hoover,FB,RB,,13,CAR,0,0,0,0,0,0,0,0,0,0,0,0,,0,,,12,39,0,0,0,4,-1.89136849273928,0,10,10,58,0,0,0,7,51,2,1.72842755864853,0,8.28571428571429,0.0909090909090909,0.0146137787056367,0.146593281457582,0,9.7,19.7
2007,REG+POST,00-0019127,,Todd Yoder,TE,TE,,5,WAS,0,0,0,0,0,0,0,0,0,0,0,0,,0,,,0,0,0,0,0,0,,0,7,7,97,1,0,0,42,55,4,9.37633386679227,0,2.30952380952381,0.0769230769230769,0.0815533980582524,0.172471994025392,0,15.7,22.7
2007,REG+POST,00-0019135,,Dan Kreider,FB,RB,,2,PIT,0,0,0,0,0,0,0,0,0,0,0,0,,0,,,1,2,0,0,0,0,-0.196753928845283,0,1,1,15,0,0,0,14,1,1,0.898234249267262,0,1.07142857142857,0.0555555555555556,0.126126126126126,0.171621621621622,0,1.7,2.7
2007,REG+POST,00-0019242,,Dane Looker,WR,WR,,5,LA,0,0,0,0,0,0,0,0,0,0,0,0,,0,,,0,0,0,0,0,0,,0,6,6,38,0,0,0,31,7,3,1.48812381168724,0,1.2258064516129,0.06,0.0455212922173275,0.121864904552129,0,3.8,9.8
2007,REG+POST,00-0019281,,Mike Furrey,WR,WR,,14,DET,0,0,0,0,0,0,0,0,0,0,0,0,,0,,,0,0,0,0,0,0,,0,61,61,664,1,0,0,464,193,37,51.9093836505504,0,1.43103448275862,0.179411764705882,0.197614991482112,0.407448141096302,0,72.4,133.4
2007,REG+POST,00-0019302,,Bryan Gilmore,WR,WR,,4,SF,0,0,0,0,0,0,0,0,0,0,0,0,,0,,,1,-8,0,0,0,0,-2.30143490526825,0,7,7,111,0,0,0,90,21,7,11.5804236416589,0,1.23333333333333,0.0909090909090909,0.191489361702128,0.270406189555126,0,10.3,17.3
2007,REG+POST,00-0019457,,Anthony Becht,TE,TE,,4,TB,0,0,0,0,0,0,0,0,0,0,0,0,,0,,,0,0,0,0,0,0,,0,5,5,20,2,0,0,10,10,2,3.0487906128983,0,2.0,0.054945054945055,0.0305810397553517,0.103824310246329,0,14.0,19.0
2007,REG+POST,00-0019484,,Sammy Morris,RB,RB,,6,NE,0,0,0,0,0,0,0,0,0,0,0,0,,0,,,85,384,3,0,0,24,5.02208253231609,0,6,6,35,0,0,0,2,33,1,0.218899659696035,0,17.5,0.0869565217391304,0.0049875311720698,0.133926054429145,0,59.9,65.9
2007,REG+POST,00-0019539,,Dante Hall,WR,WR,,6,LA,0,0,0,0,0,0,0,0,0,0,0,0,,0,,,3,18,0,0,0,2,1.58262944826856,0,5,5,27,0,0,0,17,10,2,4.05890915635973,0,1.58823529411765,0.0581395348837209,0.0331384015594542,0.110406183417199,1,10.5,15.5
2007,REG+POST,00-0019552,,Troy Walters,WR,WR,,7,DET,0,0,0,0,0,0,0,0,0,0,0,0,,0,,,0,0,0,0,0,0,,0,9,9,101,1,0,0,54,47,5,7.43333179387264,0,1.87037037037037,0.0552147239263804,0.0460358056265985,0.11504714982819,0,16.1,25.1
2007,REG+POST,00-0019559,,Chad Pennington,QB,QB,,9,NYJ,179,260,1766,10,9,26,178,3,0,1913,640,90,-2.46943950162707,1,0.923157344485102,0.0961462274440987,20,32,1,3,1,9,-1.63352909180685,0,0,0,0,0,0,0,0,0,0,,0,,,,,0,101.84,101.84
2007,REG+POST,00-0019587,,Terrelle Smith,FB,RB,,5,ARI,0,0,0,0,0,0,0,0,0,0,0,0,,0,,,1,3,0,0,0,0,-0.321547776926309,0,7,7,59,0,0,0,25,34,4,2.8764133581426,0,2.36,0.0598290598290598,0.0320512820512821,0.112179487179487,0,6.2,13.2
2007,REG+POST,00-0019594,,Mike Anderson,RB,RB,,6,BAL,0,0,0,0,0,0,0,0,0,0,0,0,,0,,,15,62,0,1,1,3,-6.90801618987462,0,4,4,26,0,0,0,-4,30,1,-0.265866475936491,0,-6.5,0.05,-0.0185185185185185,0.0620370370370371,0,6.8,10.8
2007,REG+POST,00-0019596,T.Brady,Tom Brady,QB,QB,"https://static.www.nfl.com/image/private/f_auto,q_auto/league/q7dpdlxyu5rs05rgh1le",19,NE,475,687,5543,56,11,29,180,6,4,5504,2561,280,267.369226179045,0,1.00708575581395,0.223843845056194,41,97,2,1,1,14,5.40406247763895,0,0,0,0,0,0,0,0,0,0,,0,,,,,0,435.42,435.42
2007,REG+POST,00-0019599,,Marc Bulger,QB,QB,,12,LA,221,378,2392,11,15,37,269,4,3,3308,724,128,-47.9389547461453,0,0.723095525997582,0.0196170062264881,9,13,0,2,0,1,-3.00838457135251,0,0,0,0,0,0,0,0,0,0,,0,,,,,0,104.98,104.98
2007,REG+POST,00-0019610,,Reuben Droughns,RB,RB,,16,NYG,0,0,0,0,0,0,0,0,0,0,0,0,,0,,,85,275,6,1,0,27,-8.23999004956061,0,7,7,49,0,0,0,10,39,1,0.245569755482971,0,4.9,0.0636363636363636,0.0136612021857924,0.1050173869846,0,68.4,75.4
2007,REG+POST,00-0019623,,Tim Rattay,QB,QB,,4,ARI,15,27,164,3,3,0,0,0,0,318,34,10,-3.37902073889495,0,0.515723270440252,0.0041988076305449,2,5,0,2,0,0,-1.45116609381512,0,0,0,0,0,0,0,0,0,0,,0,,,,,0,13.06,13.06
2007,REG+POST,00-0019641,,Thomas Jones,RB,RB,,16,NYJ,0,0,0,0,0,0,0,0,0,0,0,0,,0,,,310,1119,1,2,0,56,-35.4101092254859,0,28,28,217,1,0,0,0,217,8,10.9381631079845,0,0.0,0.096551724137931,0.0,0.144827586206897,0,145.6,173.6
2007,REG+POST,00-0019642,,Plaxico Burress,WR,WR,,20,NYG,0,0,0,0,0,0,0,0,0,0,0,0,,0,,,0,0,0,0,0,0,,0,88,88,1249,13,1,0,930,319,62,125.019631467537,0,1.34301075268817,0.234666666666667,0.353477765108324,0.599434435575827,0,202.9,290.9
2007,REG+POST,00-0019643,,Ron Dayne,RB,RB,,13,HOU,0,0,0,0,0,0,0,0,0,0,0,0,,0,,,194,773,6,1,0,43,-11.1880406681009,0,17,17,112,0,0,0,-1,113,4,3.49654634994463,0,-112.0,0.0739130434782609,-0.0006161429451632,0.110438265155777,0,124.5,141.5
2007,REG+POST,00-0019644,,Bubba Franks,TE,TE,,9,GB,0,0,0,0,0,0,0,0,0,0,0,0,,0,,,0,0,0,0,0,0,,0,20,20,150,3,0,0,85,65,9,14.6927657554625,0,1.76470588235294,0.0947867298578199,0.0795135640785781,0.197839589641735,0,33.0,53.0
2007,REG+POST,00-0019647,,Shaun Alexander,RB,RB,,15,SEA,0,0,0,0,0,0,0,0,0,0,0,0,,0,,,231,782,5,2,0,40,-31.6762566617138,0,18,18,88,1,0,0,2,86,4,2.23673633855651,0,44.0,0.0772532188841202,0.0016570008285004,0.117039728906131,0,123.0,141.0
2007,REG+POST,00-0019650,,Dennis Northcutt,WR,WR,,17,JAX,0,0,0,0,0,0,0,0,0,0,0,0,,0,,,6,27,0,0,0,0,-0.420139279740397,0,49,49,660,4,0,0,520,140,33,63.6513778113712,0,1.26923076923077,0.170731707317073,0.239852398523985,0.423994239942399,0,92.7,141.7
2007,REG+POST,00-0019663,,Darrell Jackson,WR,WR,,15,SF,0,0,0,0,0,0,0,0,0,0,0,0,,0,,,0,0,0,0,0,0,,0,46,47,497,3,1,0,406,99,33,38.9271074660937,0,1.22413793103448,0.185770750988142,0.294843863471314,0.485046830912134,0,67.7,113.7
2007,REG+POST,00-0019666,,John St. Clair,T,OL,,1,CHI,0,0,0,0,0,0,0,0,0,0,0,0,,0,,,0,0,0,0,0,0,,0,1,1,2,1,0,0,2,0,1,1.30516337481095,0,1.0,0.05,0.0232558139534884,0.0912790697674419,0,6.2,7.2
2007,REG+POST,00-0019693,,Jamal Lewis,RB,RB,,15,CLE,0,0,0,0,0,0,0,0,0,0,0,0,,0,,,299,1303,9,4,2,58,-22.7477068925846,0,30,30,248,2,0,0,25,223,9,15.7914157252817,0,9.92,0.137614678899083,0.0198886237072395,0.220344054943692,0,217.1,247.1
2007,REG+POST,00-0019703,,Jerry Porter,WR,WR,,16,LV,0,0,0,0,0,0,0,0,0,0,0,0,,0,,,0,0,0,0,0,0,,0,44,44,705,6,0,0,522,158,29,63.8859519574153,0,1.35057471264368,0.169230769230769,0.315980629539952,0.47503259452412,0,106.5,150.5
2007,REG+POST,00-0019709,,Chris Redman,QB,QB,,6,ATL,89,149,1079,10,5,9,51,2,1,1014,510,48,-11.4223293897262,0,1.06410256410256,0.0212214993636403,8,16,0,0,0,0,-5.55461104528496,0,0,0,0,0,0,0,0,0,0,,0,,,,,0,72.76,72.76
2007,REG+POST,00-0019714,S.Lechler,Shane Lechler,P,SPEC,"https://static.www.nfl.com/image/private/f_auto,q_auto/league/we3oe5jqnrb4ag3d4pqu",1,LV,0,0,0,0,0,0,0,0,0,0,0,0,,0,,,1,-4,0,0,0,0,-2.4058315573493,0,0,0,0,0,0,0,0,0,0,,0,,,,,0,-0.4,-0.4
2007,REG+POST,00-0019721,,Travis Taylor,WR,WR,,1,LA,0,0,0,0,0,0,0,0,0,0,0,0,,0,,,0,0,0,0,0,0,,0,1,1,4,0,0,0,0,4,0,-0.0535844536498189,0,0.0,0.0476190476190476,,,0,0.4,1.4
2007,REG+POST,00-0019794,,Aveion Cason,RB,RB,,9,DET,0,0,0,0,0,0,0,0,0,0,0,0,,0,,,11,38,0,0,0,2,-2.44046860397793,0,14,14,129,0,1,0,25,104,5,5.24243511652342,0,5.16,0.0809248554913295,0.0258531540847983,0.139484491096353,0,16.7,30.7
2007,REG+POST,00-0019808,,Kenny Watson,RB,RB,,15,CIN,0,0,0,0,0,0,0,0,0,0,0,0,,0,,,178,763,7,2,1,40,1.1063217818987,0,52,52,373,0,1,1,-30,403,12,8.02284813113472,0,-12.4333333333333,0.154761904761905,-0.0165107319757843,0.220585344759808,0,151.6,203.6
2007,REG+POST,00-0019816,,Tim Hasselbeck,QB,QB,,1,ARI,0,0,0,0,0,0,0,0,0,0,0,0,,0,,,1,-1,0,0,0,0,-1.87573342223186,0,0,0,0,0,0,0,0,0,0,,0,,,,,0,-0.1,-0.1
2007,REG+POST,00-0019863,,Dominic Rhodes,RB,RB,,6,LV,0,0,0,0,0,0,0,0,0,0,0,0,,0,,,75,302,1,2,1,18,-13.3262703108651,0,11,11,70,0,0,0,10,51,1,-0.793632515356876,0,7.0,0.159420289855072,0.0263852242744063,0.257600091774693,0,41.2,52.2
2007,REG+POST,00-0019976,,Drew Bennett,WR,WR,,12,LA,0,0,0,0,0,0,0,0,0,0,0,0,,0,,,0,0,0,0,0,0,,0,33,33,375,3,1,0,289,82,24,35.2603224151863,0,1.29757785467128,0.12992125984252,0.160288408208541,0.307083775509758,0,55.5,88.5
2007,REG+POST,00-0019997,,Antonio Chatman,WR,WR,,12,CIN,0,0,0,0,0,0,0,0,0,0,0,0,,0,,,1,5,0,0,0,0,0.24455322092399,0,19,19,149,1,0,0,83,66,9,10.7692753580067,0,1.79518072289157,0.0769230769230769,0.0543193717277487,0.153408175594039,0,21.4,40.4
2007,REG+POST,00-0020022,,Marcel Shipp,RB,RB,,9,ARI,0,0,0,0,0,0,0,0,0,0,0,0,,0,,,15,41,1,0,0,5,-0.973698903486038,0,4,4,25,0,0,0,-4,29,0,0.322342001250945,0,-6.25,0.0412371134020619,-0.0063795853269537,0.0573899603742252,0,12.6,16.6
2007,REG+POST,00-0020127,,Daniel Wilcox,TE,TE,,4,BAL,0,0,0,0,0,0,0,0,0,0,0,0,,0,,,0,0,0,0,0,0,,0,6,6,18,1,0,0,19,-1,1,-0.853851406875254,0,0.947368421052632,0.0697674418604651,0.0317725752508361,0.126891965466283,0,7.8,13.8
2007,REG+POST,00-0020270,,Correll Buckhalter,RB,RB,,13,PHI,0,0,0,0,0,0,0,0,0,0,0,0,,0,,,62,313,4,0,0,17,6.33929939146037,0,12,12,87,0,0,0,4,83,7,5.54969126379001,0,21.75,0.115384615384615,0.0054127198917456,0.176865827001145,0,64.0,76.0
2007,REG+POST,00-0020285,,Alge Crumpler,TE,TE,,13,ATL,0,0,0,0,0,0,0,0,0,0,0,0,,0,,,0,0,0,0,0,0,,0,42,43,444,5,0,0,163,290,22,35.7936054551392,0,2.7239263803681,0.147260273972603,0.106327462491846,0.295319634703196,0,74.4,116.4
2007,REG+POST,00-0020305,,A.J. Feeley,QB,QB,,3,PHI,59,103,681,5,8,3,10,1,0,999,270,34,-7.33649358951996,0,0.681681681681682,0.0524580945641362,7,23,0,0,0,2,1.45049383561127,0,0,0,0,0,0,0,0,0,0,,0,,,,,0,33.54,33.54
2007,REG+POST,00-0020332,,David Martin,TE,TE,,14,MIA,0,0,0,0,0,0,0,0,0,0,0,0,,0,,,0,0,0,0,0,0,,0,34,34,303,2,0,0,229,74,16,18.6724915398709,0,1.32314410480349,0.122302158273381,0.13861985472155,0.280487135715157,0,42.3,76.3
2007,REG+POST,00-0020337,,Steve Smith,WR,WR,"https://static.www.nfl.com/image/private/f_auto,q_auto/league/k23e0b8cto93he9rt0zc",15,CAR,0,0,0,0,0,0,0,0,0,0,0,0,,0,,,9,66,0,0,0,4,3.71137134192911,0,87,87,1002,7,1,0,537,453,43,80.2783895713219,0,1.8659217877095,0.325842696629214,0.394273127753304,0.764755234371133,0,148.8,235.8
2007,REG+POST,00-0020342,,Brandon Manumaleuna,TE,TE,,9,LAC,0,0,0,0,0,0,0,0,0,0,0,0,,0,,,0,0,0,0,0,0,,0,13,13,107,1,0,0,35,72,4,7.84801819056889,0,3.05714285714286,0.0878378378378378,0.0469798657718121,0.164642662797025,0,16.7,29.7
2007,REG+POST,00-0020381,,Justin McCareins,WR,WR,,10,NYJ,0,0,0,0,0,0,0,0,0,0,0,0,,0,,,0,0,0,0,0,0,,0,19,19,232,0,0,0,194,38,13,16.7285659984918,0,1.19587628865979,0.101063829787234,0.175248419150858,0.274269638086452,0,23.2,42.2
2007,REG+POST,00-0020391,,Jameel Cook,RB,RB,,3,HOU,0,0,0,0,0,0,0,0,0,0,0,0,,0,,,8,24,0,0,0,2,-2.14963151444681,0,8,8,40,0,0,0,17,23,2,-1.48301883530803,0,2.35294117647059,0.145454545454545,0.0434782608695652,0.248616600790514,0,6.4,14.4
2007,REG+POST,00-0020397,,Chad Johnson,WR,WR,,16,CIN,0,0,0,0,0,0,0,0,0,0,0,0,,0,,,6,47,0,0,0,2,1.99889092118246,0,93,93,1440,8,2,1,1029,411,74,126.407626206288,0,1.39941690962099,0.249329758713137,0.430904522613065,0.675627803898851,0,194.7,287.7
2007,REG+POST,00-0020403,,Anthony Thomas,RB,RB,,8,BUF,0,0,0,0,0,0,0,0,0,0,0,0,,0,,,36,89,0,0,0,4,-8.45871818506647,0,15,15,95,1,0,0,-12,107,3,4.84628409933066,0,-7.91666666666667,0.144230769230769,-0.0277136258660508,0.196946615739918,0,24.4,39.4
2007,REG+POST,00-0020407,,Rudi Johnson,RB,RB,,11,CIN,0,0,0,0,0,0,0,0,0,0,0,0,,0,,,170,497,3,3,2,26,-37.8721121738321,1,13,13,110,1,0,0,-12,122,3,6.78428078297293,0,-9.16666666666667,0.0631067961165049,-0.0122448979591837,0.0860887656033287,0,82.7,95.7
2007,REG+POST,00-0020428,,Robert Ferguson,WR,WR,,11,MIN,0,0,0,0,0,0,0,0,0,0,0,0,,0,,,0,0,0,0,0,0,,0,32,32,391,1,0,0,238,153,19,28.9163522548624,0,1.64285714285714,0.172972972972973,0.207317073170732,0.404581410678972,0,45.1,77.1
2007,REG+POST,00-0020434,,Chris Weinke,QB,QB,,1,SF,13,22,104,1,0,5,31,0,0,156,75,5,-9.96423631889047,0,0.666666666666667,0.0371588292897743,0,0,0,0,0,0,,0,0,0,0,0,0,0,0,0,0,,0,,,,,0,8.16,8.16
2007,REG+POST,00-0020438,,T.J. Houshmandzadeh,WR,WR,,16,CIN,0,0,0,0,0,0,0,0,0,0,0,0,,0,,,5,14,0,0,0,0,-0.895310145802796,0,112,112,1143,12,2,1,728,415,70,99.2076486439037,0,1.57005494505495,0.300268096514745,0.304857621440536,0.663802479780493,0,185.7,297.7
2007,REG+POST,00-0020446,,Chris Chambers,WR,WR,,19,LAC,0,0,0,0,0,0,0,0,0,0,0,0,,0,,,3,12,0,0,0,0,-0.166565062652808,0,82,82,1248,5,1,0,1068,180,59,112.214365678895,0,1.1685393258427,0.239067055393586,0.432739059967585,0.661517925067689,0,156.0,238.0
2007,REG+POST,00-0020448,,Travis Minor,RB,RB,,6,LA,0,0,0,0,0,0,0,0,0,0,0,0,,0,,,17,68,0,0,0,3,-1.22198969568126,0,12,12,86,0,0,0,21,65,5,1.74807525873451,0,4.0952380952381,0.153846153846154,0.0375,0.257019230769231,0,15.4,27.4
2007,REG+POST,00-0020452,,Cedrick Wilson,WR,WR,"https://static.www.nfl.com/image/private/f_auto,q_auto/league/r1vaoqltojlmfodlskwx",12,PIT,0,0,0,0,0,0,0,0,0,0,0,0,,1,,,2,37,0,0,0,1,2.70388635993004,0,19,19,217,1,0,0,175,42,14,26.326436135103,0,1.24,0.0964467005076142,0.12848751835536,0.234611313610173,0,33.4,52.4
2007,REG+POST,00-0020455,,Eric Johnson,TE,TE,,14,NO,0,0,0,0,0,0,0,0,0,0,0,0,,0,,,0,0,0,0,0,0,,0,48,49,378,2,1,0,255,129,19,25.5822981823003,0,1.48235294117647,0.125964010282776,0.118604651162791,0.271969271238118,0,49.8,97.8
2007,REG+POST,00-0020462,,LaMont Jordan,RB,RB,,11,LV,0,0,0,0,0,0,0,0,0,0,0,0,,0,,,144,549,3,0,0,24,-13.4061880753118,0,28,28,247,0,0,0,5,228,11,7.00607848999773,0,49.4,0.241379310344828,0.0094339622641509,0.368672739102147,0,97.6,125.6
2007,REG+POST,00-0020471,,Travis Henry,RB,RB,,11,DEN,0,0,0,0,0,0,0,0,0,0,0,0,,0,,,167,691,4,3,1,36,-10.0473733970928,0,7,7,65,0,0,0,-4,69,2,4.03663055442814,0,-16.25,0.0897435897435897,-0.0080482897384305,0.128981581798483,0,97.6,104.6
2007,REG+POST,00-0020480,,Sage Rosenfels,QB,QB,,9,HOU,154,240,1684,15,12,6,48,3,2,1913,734,93,31.0287510392689,1,0.880292733925771,0.106479565338035,21,51,1,1,1,6,1.90664065508463,0,0,0,0,0,0,0,0,0,0,,0,,,,,0,110.46,110.46
2007,REG+POST,00-0020490,,Koren Robinson,WR,WR,,9,GB,0,0,0,0,0,0,0,0,0,0,0,0,,0,,,1,5,0,0,0,0,-0.0126735240919516,0,25,25,257,1,0,0,127,130,12,12.2322062810291,0,2.02362204724409,0.125,0.105657237936772,0.26146006655574,0,32.2,57.2
2007,REG+POST,00-0020494,,Santana Moss,WR,WR,,15,WAS,0,0,0,0,0,0,0,0,0,0,0,0,,0,,,3,13,0,1,1,1,-9.03021101478953,0,67,67,876,4,1,1,681,195,47,73.7895278459764,0,1.2863436123348,0.238434163701068,0.364756293519014,0.612980651014912,0,108.9,175.9
2007,REG+POST,00-0020498,,Reggie Wayne,WR,WR,,17,IND,0,0,0,0,0,0,0,0,0,0,0,0,,0,,,1,4,0,0,0,0,-0.107551774242893,0,111,111,1586,11,3,3,1147,413,79,122.70360564815,0,1.38273757628596,0.286082474226804,0.423247232472325,0.725396774070833,0,219.0,330.0
2007,REG+POST,00-0020507,,Heath Evans,FB,RB,,14,NE,0,0,0,0,0,0,0,0,0,0,0,0,,0,,,37,130,3,0,0,15,5.00907129430561,0,5,5,56,0,0,0,8,48,3,3.97692169237416,0,7.0,0.054945054945055,0.0148698884758364,0.0928265043506679,0,36.6,41.6
2007,REG+POST,00-0020508,,Moran Norris,RB,RB,,9,SF,0,0,0,0,0,0,0,0,0,0,0,0,,0,,,7,17,0,0,0,4,0.645010706517681,0,6,6,38,0,0,0,11,27,2,0.961393751495052,0,3.45454545454545,0.09375,0.029023746701847,0.160941622691293,0,5.5,11.5
2007,REG+POST,00-0020514,,Michael Bennett,RB,RB,,13,TB,0,0,0,0,0,0,0,0,0,0,0,0,,0,,,60,239,1,0,0,9,-6.16313176744188,0,15,15,99,1,2,1,11,88,3,4.03333040268626,0,9.0,0.087719298245614,0.0160349854227405,0.142803437164339,0,43.8,58.8
2007,REG+POST,00-0020516,,Todd Heap,TE,TE,,5,BAL,0,0,0,0,0,0,0,0,0,0,0,0,,0,,,0,0,0,0,0,0,,0,23,23,239,1,0,0,172,67,14,23.6096911532804,0,1.38953488372093,0.176923076923077,0.249275362318841,0.439877369007804,0,29.9,52.9
2007,REG+POST,00-0020527,,Deuce McAllister,RB,RB,,3,NO,0,0,0,0,0,0,0,0,0,0,0,0,,0,,,24,92,0,1,1,3,-8.50809730705805,0,4,4,15,0,0,0,0,15,0,-0.432164279744029,0,0.0,0.0476190476190476,0.0,0.0714285714285714,0,8.7,12.7
2007,REG+POST,00-0020531,D.Brees,Drew Brees,QB,QB,"https://static.www.nfl.com/image/private/f_auto,q_auto/league/i20xlpzdmn7xubotijjd",16,NO,443,655,4428,28,18,15,100,8,4,4459,2050,233,53.0307633829901,0,0.993047768557973,0.111534050296123,24,52,1,2,0,8,-1.21726325695636,0,2,2,10,0,0,0,-9,19,0,-0.944574703229591,0,0.0,0.0344827586206897,-0.0473684210526316,0.0185662431941924,0,257.32,259.32
2007,REG+POST,00-0020536,,LaDainian Tomlinson,RB,RB,,19,LAC,1,1,17,1,0,0,0,0,0,16,1,1,2.23078261391493,0,1.0625,,345,1549,16,1,0,78,4.35715985547067,0,65,65,515,3,0,0,-57,572,23,23.9748782998308,0,-9.03508771929824,0.193452380952381,-0.0232273838630807,0.273919402724415,0,325.08,390.08
2007,REG+POST,00-0020550,,Darnell Dinkins,TE,TE,,1,CLE,0,0,0,0,0,0,0,0,0,0,0,0,,0,,,0,0,0,0,0,0,,0,1,1,8,0,0,0,6,2,0,0.294032685691491,0,1.33333333333333,0.0588235294117647,0.0555555555555556,0.127124183006536,0,0.8,1.8
2007,REG+POST,00-0020565,,Cleo Lemon,QB,QB,,9,MIA,173,309,1773,6,6,23,147,4,2,2575,808,87,-16.7315444629256,0,0.688543689320388,0.0214411826439724,33,92,4,4,1,16,7.56709741089092,0,0,0,0,0,0,0,0,0,0,,0,,,,,0,110.12,110.12
2007,REG+POST,00-0020608,,David Carr,QB,QB,,6,CAR,73,136,635,3,5,13,74,0,0,1091,297,32,-30.1781600719538,0,0.582034830430797,-0.0100386700771177,17,59,0,1,0,5,-1.24939997158725,0,0,0,0,0,0,0,0,0,0,,0,,,,,0,33.3,33.3
2007,REG+POST,00-0020613,,Quinn Gray,QB,QB,,8,JAX,80,144,986,10,5,10,68,2,1,1532,351,54,24.1943594320589,0,0.643603133159269,0.101605621340421,19,57,0,0,0,7,5.82323153983452,0,0,0,0,0,0,0,0,0,0,,0,,,,,0,73.14,73.14
2007,REG+POST,00-0020617,,Nate Jackson,WR,WR,,3,DEN,0,0,0,0,0,0,0,0,0,0,0,0,,0,,,0,0,0,0,0,0,,0,3,3,34,1,0,0,28,6,2,3.74184839503141,0,1.21428571428571,0.0576923076923077,0.0818713450292398,0.143848403058929,0,9.4,12.4
2007,REG+POST,00-0020679,,Shaun Hill,QB,QB,"https://static.www.nfl.com/image/private/f_auto,q_auto/league/dn42ccbwrshm7uksyphy",3,SF,54,80,501,5,2,5,28,1,1,283,306,26,5.68141582008156,0,1.77031802120141,0.130868146864053,12,14,1,0,0,2,-0.0163953127339482,0,0,0,0,0,0,0,0,0,0,,0,,,,,0,41.44,41.44
2007,REG+POST,00-0020692,,Eddie Drummond,WR,WR,,1,KC,0,0,0,0,0,0,0,0,0,0,0,0,,0,,,1,-3,0,0,0,0,-0.915805948898196,0,0,0,0,0,0,0,0,0,0,,0,,,,,0,-0.3,-0.3
2007,REG+POST,00-0020797,,Maurice Hicks,RB,RB,,14,SF,0,0,0,0,0,0,0,0,0,0,0,0,,0,,,21,117,1,1,1,3,-6.07870369030516,0,14,14,86,0,0,0,25,61,3,4.47404480451951,0,3.44,0.0736842105263158,0.0300120048019208,0.131534719150818,0,24.3,38.3
2007,REG+POST,00-0020805,,Jason McKie,RB,RB,,10,CHI,0,0,0,0,0,0,0,0,0,0,0,0,,0,,,6,17,1,1,1,3,2.61807042107102,0,9,9,33,0,0,0,-7,40,2,0.261260532541201,0,-4.71428571428571,0.0608108108108108,-0.0108024691358025,0.0836544878211545,0,9.0,18.0
2007,REG+POST,00-0020820,,Jesse Chatman,RB,RB,,11,MIA,0,0,0,0,0,0,0,0,0,0,0,0,,0,,,128,515,1,0,0,26,-21.8515593952563,0,27,27,161,0,1,1,40,121,8,1.79149281707942,0,4.025,0.138461538461538,0.0346020761245675,0.231913760979505,0,71.6,98.6
2007,REG+POST,00-0020985,,Dwayne Blakley,TE,TE,,5,ATL,0,0,0,0,0,0,0,0,0,0,0,0,,0,,,0,0,0,0,0,0,,0,7,7,48,0,0,0,24,24,2,2.18280095933005,0,2.0,0.0593220338983051,0.035036496350365,0.113508598292713,0,4.8,11.8
2007,REG+POST,00-0021084,,Matt Schobel,TE,TE,,10,PHI,0,0,0,0,0,0,0,0,0,0,0,0,,0,,,0,0,0,0,0,0,,0,11,12,108,1,0,0,85,26,6,8.37639479897916,0,1.27058823529412,0.0538116591928251,0.0538656527249683,0.118423445696716,0,16.8,27.8
2007,REG+POST,00-0021100,,Jeb Putzier,TE,TE,,5,HOU,0,0,0,0,0,0,0,0,0,0,0,0,,0,,,0,0,0,0,0,0,,0,6,6,39,1,0,0,22,17,2,3.93197086943262,0,1.77272727272727,0.0458015267175573,0.0292942743009321,0.0892082820869883,0,9.9,15.9
2007,REG+POST,00-0021141,,Joey Harrington,QB,QB,,12,ATL,215,348,2215,7,8,32,192,0,0,2364,1110,100,-38.0326810735554,0,0.936971235194586,0.0078251158437829,14,33,0,0,0,2,-6.98853530548513,0,1,1,4,0,0,0,-4,8,0,-0.0846917200833559,0,0.0,0.05,-0.0493827160493827,0.0404320987654321,0,104.3,105.3
2007,REG+POST,00-0021147,,Donte' Stallworth,WR,WR,,18,NE,0,0,0,0,0,0,0,0,0,0,0,0,,0,,,1,12,0,0,0,1,0.691726160468534,0,54,54,810,3,0,0,420,390,30,60.9639709792682,0,1.92857142857143,0.11587982832618,0.145127850725639,0.275409237997218,0,100.2,154.2
2007,REG+POST,00-0021148,,Jeremy Shockey,TE,TE,,14,NYG,0,0,0,0,0,0,0,0,0,0,0,0,,0,,,1,6,0,0,0,0,-0.042968793772161,0,57,57,619,3,0,0,384,235,33,43.6676515333108,0,1.61197916666667,0.208029197080292,0.217071791972866,0.463994050001444,0,80.5,137.5
2007,REG+POST,00-0021152,,Ashley Lelie,WR,WR,,5,SF,0,0,0,0,0,0,0,0,0,0,0,0,,0,,,0,0,0,0,0,0,,0,10,10,115,0,1,0,106,9,4,6.74033703119494,0,1.08490566037736,0.099009900990099,0.194495412844037,0.284661640475974,0,11.5,21.5
2007,REG+POST,00-0021153,,Javon Walker,WR,WR,,7,DEN,0,0,0,0,0,0,0,0,0,0,0,0,,0,,,2,-3,0,0,0,0,-1.52558585884981,0,26,26,287,0,0,0,170,117,10,17.4529108751944,0,1.68823529411765,0.179310344827586,0.195402298850575,0.405747126436782,0,28.4,54.4
2007,REG+POST,00-0021154,,Daniel Graham,TE,TE,,11,DEN,0,0,0,0,0,0,0,0,0,0,0,0,,0,,,0,0,0,0,0,0,,0,24,24,246,2,0,0,142,104,12,21.4388161303359,0,1.73239436619718,0.10126582278481,0.0928711576193591,0.216908544510767,0,36.6,60.6
2007,REG+POST,00-0021159,,Jerramy Stevens,TE,TE,,7,TB,0,0,0,0,0,0,0,0,0,0,0,0,,0,,,0,0,0,0,0,0,,0,19,19,194,4,0,0,123,71,11,23.3930164631456,0,1.57723577235772,0.104972375690608,0.16078431372549,0.270007583143755,0,43.4,62.4
2007,REG+POST,00-0021163,,Jabar Gaffney,WR,WR,,15,NE,0,0,0,0,0,0,0,0,0,0,0,0,,0,,,0,0,0,0,0,0,,0,40,40,487,6,0,0,354,133,25,52.0803498800669,0,1.37570621468927,0.107238605898123,0.142111601766359,0.260336030083636,0,84.7,124.7
2007,REG+POST,00-0021164,,DeShaun Foster,RB,RB,,16,CAR,0,0,0,0,0,0,0,0,0,0,0,0,,0,,,247,876,3,5,4,42,-52.7577846852019,0,24,24,173,1,1,0,9,159,6,8.71946461947392,0,19.2222222222222,0.09375,0.0079155672823219,0.146165897097625,0,120.9,144.9
2007,REG+POST,00-0021166,,Josh Reed,WR,WR,,15,BUF,0,0,0,0,0,0,0,0,0,0,0,0,,0,,,4,10,0,0,0,1,-0.953963477513753,0,51,51,578,0,0,0,357,221,33,33.849221421181,0,1.61904761904762,0.204,0.262693156732892,0.489885209713024,0,58.8,109.8
2007,REG+POST,00-0021174,,Tim Carter,WR,WR,,6,CLE,0,0,0,0,0,0,0,0,0,0,0,0,,0,,,0,0,0,0,0,0,,0,8,8,117,1,0,0,98,19,7,9.34091337316204,0,1.19387755102041,0.062015503875969,0.103049421661409,0.16515785097694,0,17.7,25.7
2007,REG+POST,00-0021175,,Andre Davis,WR,WR,,14,HOU,0,0,0,0,0,0,0,0,0,0,0,0,,0,,,0,0,0,0,0,0,,0,33,33,583,3,1,0,482,101,19,43.3345563270559,1,1.20954356846473,0.106109324758842,0.22089825847846,0.313792768073186,3,96.3,129.3
2007,REG+POST,00-0021176,,Reche Caldwell,WR,WR,,6,WAS,0,0,0,0,0,0,0,0,0,0,0,0,,0,,,0,0,0,0,0,0,,0,16,16,148,0,0,0,124,24,9,9.89356280426728,0,1.19354838709677,0.106666666666667,0.129979035639413,0.250985324947589,0,14.8,30.8
2007,REG+POST,00-0021179,,Clinton Portis,RB,RB,,17,WAS,1,1,15,1,0,1,2,0,0,15,0,1,1.43651333859903,0,1.0,,345,1314,11,6,5,64,-50.917928166058,0,51,51,417,0,0,0,-65,482,20,17.2867687844082,0,-6.41538461538462,0.161392405063291,-0.0344279661016949,0.21798903132375,0,233.7,284.7
2007,REG+POST,00-0021182,,Maurice Morris,RB,RB,,15,SEA,0,0,0,0,0,0,0,0,0,0,0,0,,0,,,147,640,4,1,1,33,-14.818035133509,0,23,23,213,1,0,0,49,164,8,10.2416763018208,0,4.3469387755102,0.0861423220973783,0.0292014302741359,0.149654484337963,0,113.3,136.3
2007,REG+POST,00-0021184,,Ladell Betts,RB,RB,,17,WAS,0,0,0,0,0,0,0,0,0,0,0,0,,0,,,96,350,1,1,1,17,-17.27642968607,0,23,23,193,1,0,0,-19,212,8,4.09200901727309,0,-10.1578947368421,0.0891472868217054,-0.0117211597779149,0.125516118388018,0,64.3,87.3
2007,REG+POST,00-0021187,,Jon McGraw,SS,DB,,1,KC,0,0,0,0,0,0,0,0,0,0,0,0,,0,,,1,4,0,0,0,1,2.93854827154428,0,0,0,0,0,0,0,0,0,0,,0,,,,,0,0.4,0.4
2007,REG+POST,00-0021190,,Antwaan Randle El,RB,RB,,15,WAS,1,2,19,0,0,0,0,0,0,29,13,1,0.852912484435365,0,0.655172413793103,,5,-1,0,0,0,0,-3.25340431527002,0,61,61,822,2,1,0,619,203,44,72.0085518798733,1,1.32794830371567,0.211072664359862,0.340296866410116,0.554816803026873,0,96.86,157.86
2007,REG+POST,00-0021192,,Deion Branch,WR,WR,,10,SEA,0,0,0,0,0,0,0,0,0,0,0,0,,0,,,0,0,0,0,0,0,,0,49,49,661,4,0,0,457,204,30,54.3496047423978,0,1.44638949671772,0.221719457013575,0.315172413793103,0.553199875175534,0,90.1,139.1
2007,REG+POST,00-0021206,J.McCown,Josh McCown,QB,QB,"https://static.www.nfl.com/image/private/f_auto,q_auto/league/qcauc37wqjdaxdbq1evu",9,LV,111,191,1151,10,11,15,98,8,1,1641,476,54,-23.8207911999424,1,0.701401584399756,0.0192124722404279,28,149,0,3,2,9,-2.60959879190336,0,0,0,0,0,0,0,0,0,0,,0,,,,,0,74.94,74.94
2007,REG+POST,00-0021213,,Chris Baker,TE,TE,,14,NYJ,0,0,0,0,0,0,0,0,0,0,0,0,,0,,,0,0,0,0,0,0,,0,41,41,411,3,1,1,265,146,29,32.8413799993286,0,1.55094339622642,0.148550724637681,0.151428571428571,0.328826086956522,0,57.1,98.1
2007,REG+POST,00-0021216,,Brian Westbrook,RB,RB,,15,PHI,0,0,0,0,0,0,0,0,0,0,0,0,,0,,,278,1333,7,0,0,73,3.82967572340054,0,90,90,771,5,1,1,36,727,31,39.0451524142949,0,21.4166666666667,0.267857142857143,0.0183861082737487,0.414655990077338,0,280.4,370.4
2007,REG+POST,00-0021227,,Justin Peelle,TE,TE,,13,MIA,0,0,0,0,0,0,0,0,0,0,0,0,,0,,,0,0,0,0,0,0,,0,29,29,228,2,0,0,84,144,12,19.5659170493018,0,2.71428571428571,0.116935483870968,0.0618556701030928,0.218702194878617,0,34.8,63.8
2007,REG+POST,00-0021231,,David Garrard,QB,QB,,14,JAX,239,379,2927,21,6,25,140,4,3,3482,1136,146,86.9941857825863,0,0.840608845491097,0.166181155119732,58,254,1,0,0,22,21.9431603846003,1,0,0,0,0,0,0,0,0,0,,0,,,,,0,216.48,216.48
2007,REG+POST,00-0021235,,Dave Zastudil,P,SPEC,,2,CLE,0,0,0,0,0,0,0,0,0,0,0,0,,0,,,2,-3,0,1,0,0,-7.13925086334348,0,0,0,0,0,0,0,0,0,0,,0,,,,,0,-0.3,-0.3
2007,REG+POST,00-0021236,,Randy McMichael,TE,TE,,16,LA,0,0,0,0,0,0,0,0,0,0,0,0,,0,,,0,0,0,0,0,0,,0,39,39,429,3,0,0,300,129,28,42.9033392135461,0,1.43,0.117117117117117,0.122950819672131,0.261741249446167,0,60.9,99.9
2007,REG+POST,00-0021252,,Najeh Davenport,RB,RB,,16,PIT,0,0,0,0,0,0,0,0,0,0,0,0,,0,,,123,524,7,1,0,40,4.54377395067958,0,20,20,207,2,0,0,82,125,7,12.2218805042137,0,2.52439024390244,0.106382978723404,0.0609212481426449,0.202219341784958,0,127.1,147.1
2007,REG+POST,00-0021255,,John Owens,TE,TE,,2,DET,0,0,0,0,0,0,0,0,0,0,0,0,,0,,,0,0,0,0,0,0,,0,2,2,13,0,0,0,11,2,0,0.852161318995059,0,1.18181818181818,0.0377358490566038,0.0291005291005291,0.076974143955276,0,1.3,3.3
2007,REG+POST,00-0021273,,Robert Royal,TE,TE,,11,BUF,0,0,0,0,0,0,0,0,0,0,0,0,,0,,,0,0,0,0,0,0,,0,25,25,248,3,2,2,90,158,10,9.23577861887804,0,2.75555555555556,0.120772946859903,0.103092783505155,0.253324368743463,0,38.8,63.8
2007,REG+POST,00-0021277,,Craig Nall,QB,QB,,1,GB,7,15,88,1,0,1,10,0,0,117,40,4,-0.215998473480772,0,0.752136752136752,-0.0405489920779074,5,6,0,2,1,1,-5.92704927735031,0,0,0,0,0,0,0,0,0,0,,0,,,,,0,6.12,6.12
2007,REG+POST,00-0021279,,Verron Haynes,FB,RB,,1,PIT,0,0,0,0,0,0,0,0,0,0,0,0,,0,,,0,0,0,0,0,0,,0,1,1,12,0,0,0,1,11,1,1.64998716069385,0,12.0,0.0625,0.0088495575221238,0.0999446902654867,0,1.2,2.2
2007,REG+POST,00-0021296,,J.T. O'Sullivan,QB,QB,,4,DET,13,25,148,1,2,3,18,0,0,204,80,7,-2.58304010363936,0,0.725490196078431,-0.0330615749620308,4,-10,0,3,1,0,-9.61437101283809,0,0,0,0,0,0,0,0,0,0,,0,,,,,0,2.92,2.92
2007,REG+POST,00-0021304,,John Gilmore,TE,TE,,3,CHI,0,0,0,0,0,0,0,0,0,0,0,0,,0,,,0,0,0,0,0,0,,0,3,3,14,0,0,0,5,9,1,-0.675457655917853,0,2.8,0.0555555555555556,0.0159235668789809,0.0944798301486199,0,1.4,4.4
2007,REG+POST,00-0021306,,Adrian Peterson,RB,RB,,16,CHI,1,1,9,1,0,0,0,0,0,9,0,1,2.16140499088215,0,1.0,,151,510,3,1,1,26,-18.3534115616203,0,51,51,420,0,1,1,7,413,15,12.2073453386293,0,60.0,0.162420382165605,0.0048712595685455,0.24704045494639,0,111.36,162.36
2007,REG+POST,00-0021314,,Chester Taylor,RB,RB,,14,MIN,0,1,0,0,0,0,0,0,0,5,0,0,-0.975238398415968,0,0.0,,157,844,7,5,2,35,-9.40718372053483,0,29,29,281,0,0,0,33,248,12,12.1729064517131,0,8.51515151515152,0.140776699029126,0.0272277227722772,0.230224454484283,0,150.5,179.5
2007,REG+POST,00-0021317,,Bryan Fletcher,TE,TE,,6,IND,0,0,0,0,0,0,0,0,0,0,0,0,,0,,,0,0,0,0,0,0,,0,19,19,145,0,0,0,99,46,10,11.418494053476,1,1.46464646464646,0.11046511627907,0.0990990990990991,0.235067043787974,0,16.5,35.5
2007,REG+POST,00-0021337,,Ronald Curry,WR,WR,,16,LV,0,1,0,0,0,0,0,0,0,0,0,0,-0.429134113481268,0,,,1,1,0,0,0,0,-0.360821892507374,0,55,55,717,4,0,0,485,216,35,63.3206040250079,2,1.47835051546392,0.211538461538462,0.305993690851735,0.531503275903907,0,99.8,154.8
2007,REG+POST,00-0021357,,Rock Cartwright,RB,RB,,1,WAS,0,0,0,0,0,0,0,0,0,0,0,0,,0,,,2,0,0,0,0,0,-1.44966626632226,0,0,0,0,0,0,0,0,0,0,,0,,,,,0,0.0,0.0
2007,REG+POST,00-0021376,,T.J. Duckett,RB,RB,,11,DET,0,0,0,0,0,0,0,0,0,0,0,0,,0,,,65,335,3,1,0,16,1.78997639280679,0,4,4,54,0,0,0,-11,65,4,6.41400105296634,0,-4.90909090909091,0.129032258064516,-0.0597826086956522,0.151700561009818,0,56.9,60.9
2007,REG+POST,00-0021377,,Ed Reed,FS,DB,,1,BAL,0,0,0,0,0,0,0,0,0,0,0,0,,0,,,0,0,0,0,0,0,,0,0,0,0,0,0,0,0,0,0,,0,,,,,1,6.0,6.0
2007,REG+POST,00-0021379,,Patrick Ramsey,QB,QB,,2,DEN,29,48,262,1,1,3,13,2,1,298,82,12,-11.2776283386047,0,0.879194630872483,0.029286691436801,2,6,0,0,0,2,1.14077890309272,0,0,0,0,0,0,0,0,0,0,,0,,,,,0,11.08,11.08
2007,REG+POST,00-0021403,,Chad Mustard,TE,TE,,2,DEN,0,0,0,0,0,0,0,0,0,0,0,0,,0,,,0,0,0,0,0,0,,0,5,5,62,0,0,0,25,37,4,4.33859008806758,0,2.48,0.125,0.166666666666667,0.304166666666667,0,6.2,11.2
2007,REG+POST,00-0021429,C.Palmer,Carson Palmer,QB,QB,"https://static.www.nfl.com/image/private/f_auto,q_auto/league/belgna3tokxga0gjjmwk",16,CIN,373,575,4130,26,20,17,119,4,1,5041,1742,213,60.2268137207152,0,0.819281888514184,0.127174990917504,24,10,0,1,0,3,-6.66620791955629,0,0,0,0,0,0,0,0,0,0,,0,,,,,0,228.2,228.2
2007,REG+POST,00-0021500,,Derrick Frost,P,SPEC,,1,WAS,0,0,0,0,0,0,0,0,0,0,0,0,,0,,,1,0,0,1,0,0,-3.40421117609367,0,0,0,0,0,0,0,0,0,0,,0,,,,,0,0.0,0.0
2007,REG+POST,00-0021508,,Greg Lewis,WR,WR,,7,PHI,0,1,0,0,0,0,0,0,0,33,0,0,-0.711851306725293,0,0.0,,0,0,0,0,0,0,,0,13,13,265,3,0,0,213,52,11,25.3734732394805,0,1.24413145539906,0.0773809523809524,0.17588769611891,0.239192815854666,0,44.5,57.5
2007,REG+POST,00-0021509,,Reno Mahe,RB,RB,,1,PHI,0,0,0,0,0,0,0,0,0,0,0,0,,0,,,0,0,0,0,0,0,,0,1,1,11,0,0,0,2,9,1,1.76670263241977,0,5.5,0.0666666666666667,0.0227272727272727,0.115909090909091,0,1.1,2.1
2007,REG+POST,00-0021525,,Casey Fitzsimmons,TE,TE,,8,DET,0,0,0,0,0,0,0,0,0,0,0,0,,0,,,0,0,0,0,0,0,,0,8,8,85,1,0,0,35,50,6,6.53322513558669,0,2.42857142857143,0.0449438202247191,0.029585798816568,0.0881257895086763,1,20.5,28.5
2007,REG+POST,00-0021547,A.Gates,Antonio Gates,TE,TE,"https://static.www.nfl.com/image/private/f_auto,q_auto/league/kndulvysinvn4tpvt0bc",19,LAC,0,0,0,0,0,0,0,0,0,0,0,0,,0,,,0,0,0,0,0,0,,0,81,81,1044,9,0,0,759,285,56,102.518038431008,0,1.37549407114625,0.241071428571429,0.322566935826604,0.587403997935766,0,158.4,239.4
2007,REG+POST,00-0021570,,Kassim Osgood,WR,WR,,1,LAC,0,0,0,0,0,0,0,0,0,0,0,0,,0,,,0,0,0,0,0,0,,0,2,2,23,0,0,0,19,4,1,2.11827919236384,0,1.21052631578947,0.105263157894737,0.188118811881188,0.289577905158937,0,2.3,4.3
2007,REG+POST,00-0021645,,Tracy White,OLB,LB,,1,GB,0,0,0,0,0,0,0,0,0,0,0,0,,0,,,0,0,0,0,0,0,,0,0,0,0,0,0,0,0,0,0,,0,,,,,1,6.0,6.0
2007,REG+POST,00-0021647,,Jerheme Urban,WR,WR,,8,ARI,0,0,0,0,0,0,0,0,0,0,0,0,,0,,,0,0,0,0,0,0,,0,22,22,329,2,0,0,240,89,16,28.3303487969679,0,1.37083333333333,0.121546961325967,0.176470588235294,0.305849853753656,0,44.9,66.9
2007,REG+POST,00-0021678,,Tony Romo,QB,QB,"https://static.www.nfl.com/image/private/f_auto,q_auto/league/rdgaxf7djip2ovlkeqjk",17,DAL,353,556,4412,37,20,27,197,7,1,4692,1738,227,142.740822412795,0,0.940323955669224,0.165744914159084,31,149,2,3,1,9,6.03167665633373,0,0,0,0,0,0,0,0,0,0,,0,,,,,0,307.38,307.38
2007,REG+POST,00-0021755,,Earnest Graham,RB,RB,,16,TB,0,0,0,0,0,0,0,0,0,0,0,0,,0,,,240,961,11,0,0,51,-4.12026843510384,0,53,53,351,0,1,1,70,274,14,9.20514781212626,0,5.01428571428571,0.180272108843537,0.0496102055279943,0.305135307134902,0,195.2,248.2
2007,REG+POST,00-0021756,,Will Heller,TE,TE,,8,SEA,0,0,0,0,0,0,0,0,0,0,0,0,,0,,,0,0,0,0,0,0,,0,13,14,82,3,0,0,35,48,5,7.104776793567,0,2.34285714285714,0.0703517587939699,0.0293624161073826,0.126081329466123,0,26.2,39.2
2007,REG+POST,00-0021780,,Aaron Moorehead,WR,WR,,4,IND,0,0,0,0,0,0,0,0,0,0,0,0,,0,,,0,0,0,0,0,0,,0,8,8,65,0,0,0,59,6,4,7.16277029184857,0,1.10169491525424,0.0941176470588235,0.0973597359735974,0.209328285769753,0,6.5,14.5
2007,REG+POST,00-0021845,,Cecil Sapp,RB,RB,,13,DEN,0,0,0,0,0,0,0,0,0,0,0,0,,0,,,18,59,2,0,0,5,-1.82387381797889,0,14,14,51,1,0,0,3,48,3,0.279301488451893,0,17.0,0.0693069306930693,0.0033296337402885,0.106291139657806,0,29.0,43.0
2007,REG+POST,00-0021915,,Sam Aiken,WR,WR,,1,BUF,0,0,0,0,0,0,0,0,0,0,0,0,,0,,,0,0,0,0,0,0,,0,1,1,10,0,0,0,9,1,1,1.89880435215309,0,1.11111111111111,0.0625,0.243243243243243,0.26402027027027,0,1.0,2.0
2007,REG+POST,00-0021927,,David Tyree,WR,WR,,4,NYG,0,0,0,0,0,0,0,0,0,0,0,0,,0,,,0,0,0,0,0,0,,0,8,8,82,1,0,0,63,19,4,5.29785865428858,0,1.3015873015873,0.102564102564103,0.0881118881118881,0.215524475524476,0,14.2,22.2
2007,REG+POST,00-0021929,,Donald Lee,TE,TE,,17,GB,0,0,0,0,0,0,0,0,0,0,0,0,,0,,,0,0,0,0,0,0,,0,53,53,626,7,1,1,339,287,32,47.168042453821,0,1.84660766961652,0.130864197530864,0.1494708994709,0.300925925925926,0,102.6,155.6
2007,REG+POST,00-0021931,,Kevin Walter,WR,WR,,15,HOU,0,0,0,0,0,0,0,0,0,0,0,0,,0,,,5,30,0,0,0,2,2.72842154337559,0,65,65,800,4,0,0,505,295,43,74.6073868636158,0,1.58415841584158,0.193452380952381,0.212631578947368,0.439020676691729,1,113.0,178.0
2007,REG+POST,00-0021936,,Andrew Pinnock,RB,RB,,2,LAC,0,0,0,0,0,0,0,0,0,0,0,0,,0,,,4,1,0,0,0,0,-3.51899438223439,0,1,1,5,0,0,0,2,3,0,0.0873799147084355,0,2.5,0.0476190476190476,0.0140845070422535,0.0812877263581489,0,0.6,1.6
2007,REG+POST,00-0021976,,Larry Johnson,RB,RB,,8,KC,0,1,0,0,0,0,0,0,0,16,0,0,-0.409402748860884,0,0.0,,158,559,3,1,0,24,-32.4645207821833,0,30,30,186,1,0,0,-39,225,9,5.32276800533393,0,-4.76923076923077,0.179640718562874,-0.0383858267716535,0.242590999104154,0,98.5,128.5
2007,REG+POST,00-0021980,,George Wrighster,TE,TE,,9,JAX,0,0,0,0,0,0,0,0,0,0,0,0,,0,,,0,0,0,0,0,0,,0,17,17,123,1,0,0,50,73,6,6.7659989464446,0,2.46,0.107594936708861,0.0428449014567267,0.191383836083,0,18.3,35.3
2007,REG+POST,00-0021981,,Shaun McDonald,WR,WR,,16,DET,0,0,0,0,0,0,0,0,0,0,0,0,,0,,,4,2,0,1,1,0,-5.35266346373828,0,79,79,943,6,2,1,695,245,46,70.1211810384383,0,1.3568345323741,0.214673913043478,0.276451869530629,0.515527178236657,0,126.5,205.5
2007,REG+POST,00-0021982,,Justin Gage,WR,WR,,16,TEN,0,0,0,0,0,0,0,0,0,0,0,0,,0,,,0,0,0,0,0,0,,0,56,56,769,2,1,0,538,225,46,69.5088508019369,0,1.42936802973978,0.195804195804196,0.305508233957978,0.507562057476879,0,88.9,144.9
2007,REG+POST,00-0021999,,Nate Burleson,WR,WR,,18,SEA,0,0,0,0,0,0,0,0,0,0,0,0,,0,,,2,4,0,0,0,0,-1.7605815269053,0,60,60,791,9,1,1,553,238,41,69.3341144723227,0,1.43037974683544,0.145985401459854,0.205347196435202,0.362721139694423,2,143.5,203.5
2007,REG+POST,00-0022001,,Kevin Curtis,WR,WR,,16,PHI,0,0,0,0,0,0,0,0,0,0,0,0,,0,,,0,0,0,0,0,0,,0,77,77,1110,6,0,0,759,351,49,92.3363958045911,0,1.46245059288538,0.219373219373219,0.336436170212766,0.564565148208765,0,147.0,224.0
2007,REG+POST,00-0022003,,B.J. Askew,FB,RB,,11,TB,0,0,0,0,0,0,0,0,0,0,0,0,,0,,,1,3,0,0,0,1,0.584346474381164,0,20,20,187,0,0,0,23,164,9,10.3537198586273,0,8.1304347826087,0.087719298245614,0.0204991087344029,0.145928323482503,0,19.0,39.0
2007,REG+POST,00-0022006,,Artose Pinner,RB,RB,,4,ATL,0,0,0,0,0,0,0,0,0,0,0,0,,0,,,5,46,0,0,0,2,1.69398093450319,0,0,0,0,0,0,0,0,0,0,,0,,,,,0,4.6,4.6
2007,REG+POST,00-0022008,,Terrence McGee,CB,DB,,1,BUF,0,0,0,0,0,0,0,0,0,0,0,0,,0,,,0,0,0,0,0,0,,0,0,0,0,0,0,0,0,0,0,,0,,,,,1,6.0,6.0
2007,REG+POST,00-0022011,,Justin Griffith,RB,RB,,13,LV,0,0,0,0,0,0,0,0,0,0,0,0,,0,,,7,27,0,0,0,0,-0.410593213804532,0,26,26,165,1,0,0,54,102,7,6.9396041794389,0,3.05555555555556,0.13903743315508,0.0489130434782609,0.242795280167403,0,25.2,51.2
2007,REG+POST,00-0022026,,Brooks Bollinger,QB,QB,,5,MIN,33,50,391,1,1,7,36,0,0,354,210,18,-4.57038032434062,0,1.1045197740113,0.0545064681573131,5,18,0,1,1,1,-6.33290347299771,1,0,0,0,0,0,0,0,0,0,,0,,,,,0,19.44,19.44
2007,REG+POST,00-0022041,,Richard Angulo,TE,TE,,4,JAX,0,0,0,0,0,0,0,0,0,0,0,0,,0,,,0,0,0,0,0,0,,0,8,8,81,1,0,0,61,20,3,7.91523053031415,0,1.32786885245902,0.0930232558139535,0.0945736434108527,0.205736434108527,0,14.1,22.1
2007,REG+POST,00-0022044,,Andre Johnson,WR,WR,,9,HOU,0,0,0,0,0,0,0,0,0,0,0,0,,0,,,0,0,0,0,0,0,,0,60,60,851,8,1,1,600,251,39,75.2296461462028,0,1.41833333333333,0.342857142857143,0.480769230769231,0.850824175824176,0,131.1,191.1
2007,REG+POST,00-0022054,,Visanthe Shiancoe,TE,TE,,11,MIN,0,0,0,0,0,0,0,0,0,0,0,0,,0,,,0,0,0,0,0,0,,0,27,27,323,1,1,1,200,123,11,16.93570747989,0,1.615,0.15,0.18450184501845,0.354151291512915,0,36.3,63.3
2007,REG+POST,00-0022055,,Seneca Wallace,QB,QB,,5,SEA,19,28,215,2,1,3,13,1,1,164,115,7,-4.40497647470046,0,1.3109756097561,0.0451236736447807,4,17,0,0,0,2,2.24536806694232,0,2,2,47,0,0,0,42,5,2,3.83379294263432,0,1.11904761904762,0.0408163265306122,0.113821138211382,0.140899286543886,0,19.0,21.0
2007,REG+POST,00-0022057,,LaBrandon Toefield,RB,RB,,2,JAX,0,0,0,0,0,0,0,0,0,0,0,0,,0,,,13,27,1,0,0,2,-4.10745752821094,0,1,1,4,0,0,0,3,1,0,-0.0695808900054544,0,1.33333333333333,0.04,0.015,0.0705,0,9.1,10.1
2007,REG+POST,00-0022060,,Aaron Walker,TE,TE,,2,LA,0,0,0,0,0,0,0,0,0,0,0,0,,0,,,0,0,0,0,0,0,,0,2,2,13,0,0,0,9,4,1,1.08584972412791,0,1.44444444444444,0.0416666666666667,0.0190677966101695,0.0758474576271186,0,1.3,3.3
2007,REG+POST,00-0022064,,Arnaz Battle,WR,WR,,15,SF,0,0,0,0,0,0,0,0,0,0,0,0,,0,,,4,4,1,1,1,1,-4.2100797725434,0,50,50,600,5,2,0,426,174,27,48.8079480817542,0,1.40845070422535,0.189393939393939,0.293590627153687,0.48960434809849,0,94.4,144.4
2007,REG+POST,00-0022084,,Anquan Boldin,WR,WR,"https://static.www.nfl.com/image/private/f_auto,q_auto/league/ajabgwxbliupgkwjbnut",12,ARI,0,0,0,0,0,0,0,0,0,0,0,0,,0,,,1,14,0,0,0,1,0.979679579730146,0,71,71,853,9,2,1,480,373,43,71.2260719597723,0,1.77708333333333,0.26007326007326,0.245901639344262,0.562241037650874,0,138.7,209.7
2007,REG+POST,00-0022092,,Chris Brown,RB,RB,,13,TEN,0,0,0,0,0,0,0,0,0,0,0,0,,0,,,105,477,5,2,2,28,-2.19600733998232,0,19,19,128,0,0,0,12,116,7,5.74512428538373,0,10.6666666666667,0.117283950617284,0.0140350877192982,0.185750487329435,0,86.5,105.5
2007,REG+POST,00-0022093,,Justin Fargas,RB,RB,,14,LV,0,0,0,0,0,0,0,0,0,0,0,0,,0,,,222,1009,4,3,1,52,-10.9136570250945,0,23,23,188,0,0,0,27,155,11,10.3406905356096,0,6.96296296296296,0.136094674556213,0.0274111675126904,0.223329829093203,0,141.7,164.7
2007,REG+POST,00-0022097,,Brandon Lloyd,WR,WR,,2,WAS,0,0,0,0,0,0,0,0,0,0,0,0,,0,,,0,0,0,0,0,0,,0,2,2,14,0,0,0,-2,16,0,0.884783368790522,0,0.0,0.0454545454545455,-0.0104166666666667,0.0608901515151515,0,1.4,3.4
2007,REG+POST,00-0022121,,Rex Grossman,QB,QB,,8,CHI,122,225,1411,4,7,25,198,4,2,1984,574,66,-50.2970122628422,0,0.711189516129032,-0.0017851270275795,13,23,0,2,1,4,-2.49794366817963,0,0,0,0,0,0,0,0,0,0,,0,,,,,0,54.74,54.74
2007,REG+POST,00-0022124,,Taylor Jacobs,WR,WR,,3,SF,0,0,0,0,0,0,0,0,0,0,0,0,,0,,,1,-8,0,0,0,0,-1.5200915094465,0,3,3,40,1,0,0,36,4,2,3.25676065223524,0,1.11111111111111,0.103448275862069,0.184615384615385,0.284403183023873,0,9.2,12.2
2007,REG+POST,00-0022126,,L.J. Smith,TE,TE,,9,PHI,0,0,0,0,0,0,0,0,0,0,0,0,,0,,,0,0,0,0,0,0,,0,22,22,236,1,1,1,130,106,12,17.6254366986686,0,1.81538461538462,0.11340206185567,0.114942528735632,0.250562862898448,0,27.6,49.6
2007,REG+POST,00-0022127,J.Witten,Jason Witten,TE,TE,"https://static.www.nfl.com/image/private/f_auto,q_auto/league/r7uafhtwuexuaty0nhsc",17,DAL,0,0,0,0,0,0,0,0,0,0,0,0,,0,,,0,0,0,0,0,0,,0,103,103,1226,7,1,1,811,415,60,94.9107262156941,0,1.51171393341554,0.286111111111111,0.30037037037037,0.639425925925926,0,162.6,265.6
2007,REG+POST,00-0022130,,Musa Smith,RB,RB,,16,BAL,0,0,0,0,0,0,0,0,0,0,0,0,,0,,,75,264,2,1,0,14,-7.50675845918061,0,27,27,192,0,0,0,19,173,8,6.01868106119218,0,10.1052631578947,0.0888157894736842,0.0131852879944483,0.14245338580664,0,57.6,84.6
2007,REG+POST,00-0022141,,Jeremi Johnson,FB,RB,,8,CIN,0,0,0,0,0,0,0,0,0,0,0,0,,0,,,7,25,0,0,0,1,-1.09610150556546,0,6,6,32,1,0,0,12,20,3,1.48644035955658,0,2.66666666666667,0.0447761194029851,0.0157068062827225,0.0781589435023834,0,11.7,17.7
2007,REG+POST,00-0022143,,Ovie Mughelli,FB,RB,,10,ATL,0,0,0,0,0,0,0,0,0,0,0,0,,0,,,6,7,1,0,0,2,-0.745033617626177,0,6,6,36,0,0,0,9,27,1,0.367779168998823,0,4.0,0.0410958904109589,0.017175572519084,0.0736667363797971,0,10.3,16.3
2007,REG+POST,00-0022144,,Bobby Wade,WR,WR,,16,MIN,0,0,0,0,0,0,0,0,0,0,0,0,,0,,,1,-9,0,0,0,0,-1.66611679526977,0,54,54,654,3,1,1,480,174,33,48.8527304612387,0,1.3625,0.216867469879518,0.324763193504736,0.552635440272592,0,80.5,134.5
2007,REG+POST,00-0022156,,Bryant Johnson,WR,WR,,16,ARI,0,0,0,0,0,0,0,0,0,0,0,0,,0,,,0,0,0,0,0,0,,0,45,45,525,2,0,0,443,82,33,45.5991068345902,0,1.18510158013544,0.126050420168067,0.168633422154549,0.307119025760285,0,64.5,109.5
2007,REG+POST,00-0022164,,Kyle Boller,QB,QB,,12,BAL,168,275,1743,9,10,24,159,5,4,2541,553,90,-33.0828660469204,0,0.685950413223141,0.0529607736768074,19,89,0,0,0,9,3.49396713249312,0,0,0,0,0,0,0,0,0,0,,0,,,,,0,86.62,86.62
2007,REG+POST,00-0022165,,Dallas Clark,TE,TE,,16,IND,0,0,0,0,0,0,0,0,0,0,0,0,,0,,,2,29,0,0,0,2,3.71431675530039,0,64,64,711,12,0,0,453,249,43,75.9073227850522,0,1.56953642384106,0.180790960451977,0.188671386922116,0.403256411523447,0,146.0,210.0
2007,REG+POST,00-0022177,,Byron Leftwich,QB,QB,,3,ATL,32,59,279,1,3,5,27,3,1,471,120,13,-32.8722067752601,0,0.592356687898089,0.0015433422696636,6,7,0,2,0,1,-3.62567027940531,0,0,0,0,0,0,0,0,0,0,,0,,,,,0,7.86,7.86
2007,REG+POST,00-0022178,,Willis McGahee,RB,RB,,15,BAL,0,0,0,0,0,0,0,0,0,0,0,0,,0,,,294,1207,7,4,3,56,-29.8622154062014,0,43,43,231,1,0,0,-49,280,10,4.34433831360504,0,-4.71428571428571,0.13915857605178,-0.0329301075268817,0.185686788808853,0,185.8,228.8
2007,REG+POST,00-0022206,,Kenton Keith,RB,RB,,17,IND,0,0,0,0,0,0,0,0,0,0,0,0,,0,,,125,540,3,1,0,43,8.12313479336815,0,15,15,100,1,0,0,15,85,4,4.86265662638471,0,6.66666666666667,0.0735294117647059,0.0118764845605701,0.118607656839458,0,88.0,103.0
2007,REG+POST,00-0022217,,Mewelde Moore,RB,RB,,6,MIN,0,1,0,0,0,0,0,0,0,8,0,0,-0.778795959777199,0,0.0,,20,113,0,1,0,7,-2.47979233047226,0,6,6,46,0,0,0,1,45,1,0.251028708111037,0,46.0,0.176470588235294,0.0116279069767442,0.272845417236662,0,15.9,21.9
2007,REG+POST,00-0022240,,Chad Lucas,WR,WR,,1,TB,0,0,0,0,0,0,0,0,0,0,0,0,,0,,,0,0,0,0,0,0,,0,5,5,82,0,0,0,75,7,1,4.14668112614891,0,1.09333333333333,0.227272727272727,0.510204081632653,0.698051948051948,0,8.2,13.2
2007,REG+POST,00-0022250,,Willie Parker,RB,RB,,15,PIT,0,1,0,0,0,0,0,0,0,12,0,0,-0.714401813282166,0,0.0,,321,1316,2,4,3,49,-43.7462600814137,0,23,23,164,0,0,0,27,137,7,5.38073090236867,0,6.07407407407407,0.105990783410138,0.021411578112609,0.173974279794034,0,154.0,177.0
2007,REG+POST,00-0022288,,Jason Wright,RB,RB,,15,CLE,0,0,0,0,0,0,0,0,0,0,0,0,,0,,,60,277,1,1,1,19,-3.29407071009711,0,24,25,232,0,0,0,55,179,14,13.4013199299887,0,4.21818181818182,0.1,0.0316637881404721,0.17216465169833,0,54.9,78.9
2007,REG+POST,00-0022290,,Jon Bradley,FB,RB,,6,DET,0,0,0,0,0,0,0,0,0,0,0,0,,0,,,5,9,0,1,1,3,-2.59668789978605,0,2,2,10,0,0,0,4,6,0,0.139952693483792,0,2.5,0.0333333333333333,0.0087527352297593,0.0561269146608315,0,-0.0999999999999998,1.9
2007,REG+POST,00-0022388,,Terrance Copper,WR,WR,,9,NO,0,0,0,0,0,0,0,0,0,0,0,0,,0,,,0,0,0,0,0,0,,0,15,16,126,2,0,0,80,59,7,8.33508600504138,0,1.575,0.0632411067193676,0.0592592592592593,0.136343141560533,0,24.6,39.6
2007,REG+POST,00-0022397,,Vonta Leach,FB,RB,,15,HOU,0,0,0,0,0,0,0,0,0,0,0,0,,0,,,2,2,1,0,0,1,0.962757242610678,0,25,25,108,2,2,1,16,92,6,-2.65728825487895,0,6.75,0.0769230769230769,0.0080971659919028,0.121052631578947,0,27.0,52.0
2007,REG+POST,00-0022403,,Brandon Middleton,WR,WR,,3,DET,0,0,0,0,0,0,0,0,0,0,0,0,,0,,,0,0,0,0,0,0,,0,8,8,70,1,0,0,45,25,6,7.58573618213658,0,1.55555555555556,0.114285714285714,0.0841121495327103,0.230307076101469,0,13.0,21.0
2007,REG+POST,00-0022414,,Malcom Floyd,WR,WR,"https://static.www.nfl.com/image/private/f_auto,q_auto/league/or8gm79eaonksxe8gl0t",4,LAC,0,0,0,0,0,0,0,0,0,0,0,0,,0,,,0,0,0,0,0,0,,0,7,7,97,0,0,0,88,9,4,9.50099350936944,0,1.10227272727273,0.0864197530864198,0.186440677966102,0.260138104205901,0,9.7,16.7
2007,REG+POST,00-0022421,,Ruvell Martin,WR,WR,,11,GB,0,0,0,0,0,0,0,0,0,0,0,0,,0,,,0,0,0,0,0,0,,0,16,16,242,4,1,0,182,60,15,28.3457478781929,0,1.32967032967033,0.0599250936329588,0.121414276184123,0.174877633778324,0,48.2,64.2
2007,REG+POST,00-0022427,,Wes Welker,WR,WR,"https://static.www.nfl.com/image/private/f_auto,q_auto/league/rgjwexzif36vncjfdwap",19,NE,0,0,0,0,0,0,0,0,0,0,0,0,,0,,,5,47,0,0,0,2,2.1252931500203,0,139,139,1388,10,2,0,614,759,74,124.765886051004,0,2.26058631921824,0.289583333333333,0.204122340425532,0.577260638297872,0,203.5,342.5
2007,REG+POST,00-0022434,,Carey Davis,RB,RB,,12,PIT,0,0,0,0,0,0,0,0,0,0,0,0,,0,,,20,71,0,0,0,2,-4.19315622639387,0,14,14,63,0,0,0,12,51,2,1.3571294482972,0,5.25,0.08,0.0089086859688196,0.126236080178174,0,13.4,27.4
2007,REG+POST,00-0022529,,Luke Lawton,FB,RB,,4,IND,0,0,0,0,0,0,0,0,0,0,0,0,,0,,,5,13,0,0,0,1,-1.96925704471066,0,4,4,29,1,0,0,-6,35,2,2.56267698016018,0,-4.83333333333333,0.0888888888888889,-0.0304568527918782,0.112013536379019,0,10.2,14.2
2007,REG+POST,00-0022555,,Ben Utecht,TE,TE,,14,IND,0,0,0,0,0,0,0,0,0,0,0,0,,0,,,0,0,0,0,0,0,,0,32,32,384,1,2,1,187,163,21,30.0977477869019,0,2.05347593582888,0.101910828025478,0.0791701947502117,0.208285378363365,0,42.4,74.4
2007,REG+POST,00-0022582,,Richard Owens,TE,TE,,1,LA,0,0,0,0,0,0,0,0,0,0,0,0,,0,,,0,0,0,0,0,0,,0,1,1,9,0,0,0,0,9,1,1.20346177229658,0,0.0,0.0416666666666667,,,0,0.9,1.9
2007,REG+POST,00-0022590,,Jared Lorenzen,QB,QB,,2,NYG,4,8,28,0,0,1,5,0,0,99,6,1,0.868388250120916,0,0.282828282828283,0.0798800335196755,1,2,0,0,0,0,-2.22666827013018,0,0,0,0,0,0,0,0,0,0,,0,,,,,0,1.32,1.32
2007,REG+POST,00-0022613,,Glenn Martinez,WR,WR,,7,DEN,0,0,0,0,0,0,0,0,0,0,0,0,,0,,,0,0,0,0,0,0,,0,14,14,165,0,0,0,125,40,9,15.1933315285132,0,1.32,0.096551724137931,0.132978723404255,0.237912692589875,1,22.5,36.5
2007,REG+POST,00-0022701,,D.J. Hackett,WR,WR,,8,SEA,0,0,0,0,0,0,0,0,0,0,0,0,,0,,,0,0,0,0,0,0,,0,40,40,500,4,0,0,341,159,21,41.9129931423785,0,1.46627565982405,0.203045685279188,0.258529188779378,0.485538960064347,0,74.0,114.0
2007,REG+POST,00-0022706,,Michael Gaines,TE,TE,,15,BUF,0,0,0,0,0,0,0,0,0,0,0,0,,0,,,0,0,0,0,0,0,,0,25,25,215,2,0,0,48,167,13,18.3574292809188,0,4.47916666666667,0.099601593625498,0.037122969837587,0.175388469324558,0,33.5,58.5
2007,REG+POST,00-0022714,,Kris Wilson,TE,TE,,14,KC,0,0,0,0,0,0,0,0,0,0,0,0,,0,,,3,7,0,0,0,1,-0.542047399154399,0,24,24,180,1,2,1,60,120,8,4.44896429026267,0,3.0,0.09375,0.0520833333333333,0.177083333333333,0,22.7,46.7
2007,REG+POST,00-0022724,,Sean McHugh,TE,TE,,11,DET,0,0,0,0,0,0,0,0,0,0,0,0,,0,,,0,0,0,0,0,0,,0,17,17,252,0,0,0,105,147,13,16.9797958667041,0,2.4,0.0691056910569106,0.0657894736842105,0.149711168164313,0,25.2,42.2
2007,REG+POST,00-0022725,,Michael Clayton,WR,WR,,11,TB,0,0,0,0,0,0,0,0,0,0,0,0,,0,,,5,22,0,0,0,2,0.16300146112917,0,25,25,340,0,1,0,187,153,16,27.473433714651,0,1.81818181818182,0.113122171945701,0.163747810858144,0.284306725519253,0,36.2,61.2
2007,REG+POST,00-0022726,,Keary Colbert,WR,WR,,11,CAR,0,0,0,0,0,0,0,0,0,0,0,0,,0,,,0,0,0,0,0,0,,0,32,32,332,0,1,0,231,101,16,23.2939600738464,0,1.43722943722944,0.154589371980676,0.208108108108108,0.37755973364669,0,33.2,65.2
2007,REG+POST,00-0022736,,Steven Jackson,RB,RB,"https://static.www.nfl.com/image/private/f_auto,q_auto/league/abl5wejuf448xw3jtphm",12,LA,1,1,2,1,0,0,0,0,0,2,0,1,1.25259287009249,0,1.0,,237,1002,5,3,2,36,-24.2952086196146,0,38,38,271,1,2,0,10,261,12,10.835739473559,0,27.1,0.149019607843137,0.0057471264367816,0.227552400270453,0,163.38,201.38
2007,REG+POST,00-0022738,,Chris Cooley,TE,TE,,17,WAS,0,0,0,0,0,0,0,0,0,0,0,0,,0,,,0,0,0,0,0,0,,0,71,71,832,8,1,0,537,293,49,86.5579487736363,1,1.54934823091248,0.204022988505747,0.240161001788909,0.474147184010857,0,133.2,204.2
2007,REG+POST,00-0022739,,Devard Darling,WR,WR,,9,BAL,0,0,0,0,0,0,0,0,0,0,0,0,,0,,,0,0,0,0,0,0,,0,18,18,326,3,0,0,250,76,16,34.0438266379295,0,1.304,0.105263157894737,0.196540880503145,0.295473353194307,0,50.6,68.6
2007,REG+POST,00-0022740,,Jared Allen,DE,DL,"https://static.www.nfl.com/image/private/f_auto,q_auto/league/kvicq39281koeupyxqvz",2,KC,0,0,0,0,0,0,0,0,0,0,0,0,,0,,,0,0,0,0,0,0,,0,2,2,3,2,0,0,3,0,2,3.10036219135509,0,1.0,0.037037037037037,0.0089820359281437,0.0618429807052562,0,12.3,14.3
2007,REG+POST,00-0022744,,Jim Sorgi,QB,QB,,4,IND,18,36,132,1,0,2,15,0,0,179,76,7,-11.188083142566,0,0.737430167597765,-0.0653836851422573,6,-4,0,0,0,1,-1.87145073327702,0,0,0,0,0,0,0,0,0,0,,0,,,,,0,8.88,8.88
2007,REG+POST,00-0022746,,Jeff Dugan,TE,TE,,5,MIN,0,0,0,0,0,0,0,0,0,0,0,0,,0,,,2,7,0,0,0,2,1.11361979879439,0,7,7,57,0,1,1,12,45,2,-2.79412261745892,0,4.75,0.0795454545454545,0.0287769784172662,0.139462066710268,0,4.4,11.4
2007,REG+POST,00-0022754,,Samie Parker,WR,WR,,13,KC,0,0,0,0,0,0,0,0,0,0,0,0,,0,,,1,2,0,0,0,0,-0.231666204286739,0,24,24,293,2,0,0,186,107,15,27.6004416362266,0,1.5752688172043,0.0845070422535211,0.110846245530393,0.204352935251557,0,41.5,65.5
2007,REG+POST,00-0022759,,Ryan Krause,TE,TE,,1,GB,0,0,0,0,0,0,0,0,0,0,0,0,,0,,,0,0,0,0,0,0,,0,2,2,11,0,0,0,5,6,0,0.207788974279538,0,2.2,0.0833333333333333,0.0245098039215686,0.142156862745098,0,1.1,3.1
2007,REG+POST,00-0022766,,Patrick Crayton,WR,WR,,14,DAL,0,0,0,0,0,0,0,0,0,0,0,0,,0,,,0,0,0,0,0,0,,0,53,53,724,7,1,1,432,292,35,59.3239696008005,0,1.67592592592593,0.173770491803279,0.187826086956522,0.392133998574483,0,112.4,165.4
2007,REG+POST,00-0022770,,Derrick Ward,RB,RB,,8,NYG,0,0,0,0,0,0,0,0,0,0,0,0,,0,,,125,602,3,2,1,28,5.77106031503555,0,26,26,179,1,0,0,-3,182,7,5.34809827388796,0,-59.6666666666667,0.164556962025316,-0.0029702970297029,0.244756235117183,0,100.1,126.1
2007,REG+POST,00-0022781,,Michael Jenkins,WR,WR,,15,ATL,0,0,0,0,0,0,0,0,0,0,0,0,,0,,,0,0,0,0,0,0,,0,53,53,532,4,0,0,346,186,31,45.5151984092954,0,1.53757225433526,0.165625,0.195590729225551,0.385351010457886,0,77.2,130.2
2007,REG+POST,00-0022782,,Kevin Jones,RB,RB,,13,DET,0,0,0,0,0,0,0,0,0,0,0,0,,0,,,153,581,8,2,1,35,-13.3238093148875,0,33,33,197,0,0,0,4,193,6,4.70228304122459,0,49.25,0.116197183098592,0.0019950124688279,0.175692283376067,0,123.8,156.8
2007,REG+POST,00-0022787,M.Schaub,Matt Schaub,QB,QB,"https://static.www.nfl.com/image/private/f_auto,q_auto/league/mj2kh2nddxnw04ludcx0",11,HOU,192,289,2241,9,9,16,126,6,3,2348,760,97,8.46649312594347,0,0.95442930153322,0.107000026752717,17,52,0,1,0,4,1.85166498670304,0,0,0,0,0,0,0,0,0,0,,0,,,,,0,106.84,106.84
2007,REG+POST,00-0022796,,Mike Karney,FB,RB,,14,NO,0,0,0,0,0,0,0,0,0,0,0,0,,0,,,11,17,2,0,0,4,-1.12050329660997,0,13,13,78,0,0,0,14,64,3,3.246644808969,0,5.57142857142857,0.042483660130719,0.0166468489892985,0.0753782844885873,0,21.5,34.5
2007,REG+POST,00-0022797,,Thomas Tapeh,RB,RB,,8,PHI,0,0,0,0,0,0,0,0,0,0,0,0,,0,,,5,18,0,0,0,3,-0.314926186401863,0,8,8,50,0,0,0,0,50,1,1.22396435532718,0,0.0,0.0571428571428571,0.0,0.0857142857142857,0,6.8,14.8
2007,REG+POST,00-0022803,E.Manning,Eli Manning,QB,QB,"https://static.www.nfl.com/image/private/f_auto,q_auto/league/w51tf8uedjftbr4qpaex",20,NYG,369,647,4193,29,21,36,264,10,6,5768,1585,211,-19.8827111318089,0,0.726941747572815,0.0378843653093175,38,79,1,5,1,11,-7.08014955202816,0,0,0,0,0,0,0,0,0,0,,0,,,,,0,241.62,241.62
2007,REG+POST,00-0022807,,Bernard Berrian,WR,WR,,16,CHI,0,0,0,0,0,0,0,0,0,0,0,0,,0,,,1,3,0,0,0,0,-0.145614337932784,0,70,70,948,5,1,1,676,272,47,78.3320895426762,0,1.40236686390533,0.214723926380368,0.349354005167959,0.566633693188123,0,123.1,193.1
2007,REG+POST,00-0022811,,Jerricho Cotchery,WR,WR,"https://static.www.nfl.com/image/private/f_auto,q_auto/league/hkq2dmfj7mbgbuejiloy",15,NYJ,0,0,0,0,0,0,0,0,0,0,0,0,,0,,,5,38,0,0,0,3,1.881320070941,0,82,82,1129,2,1,1,712,417,51,80.2643884951447,0,1.58567415730337,0.277966101694915,0.377518557794274,0.681212142998365,0,126.7,208.7
2007,REG+POST,00-0022817,,Sean Ryan,TE,TE,,1,NYJ,0,0,0,0,0,0,0,0,0,0,0,0,,0,,,0,0,0,0,0,0,,0,3,3,46,0,0,0,38,8,2,2.62131641176529,0,1.21052631578947,0.15,0.2,0.365,0,4.6,7.6
2007,REG+POST,00-0022821,,Michael Turner,RB,RB,,17,LAC,0,0,0,0,0,0,0,0,0,0,0,0,,0,,,114,480,1,1,1,18,-16.6617281685532,0,5,5,21,0,0,0,-8,29,1,-0.888124208780937,0,-2.625,0.0714285714285714,-0.0153846153846154,0.0963736263736264,0,54.1,59.1
2007,REG+POST,00-0022840,,Julius Jones,RB,RB,,17,DAL,0,0,0,0,0,0,0,0,0,0,0,0,,0,,,169,592,2,0,0,24,-32.1196476631082,0,23,23,203,0,0,0,-11,214,10,9.94385906733293,0,-18.4545454545455,0.0891472868217054,-0.0071289695398574,0.128730651554658,0,91.5,114.5
2007,REG+POST,00-0022847,,Ben Hartsock,TE,TE,,11,TEN,0,0,0,0,0,0,0,0,0,0,0,0,,0,,,0,0,0,0,0,0,,0,15,15,154,0,0,0,80,74,8,11.6128176735947,0,1.925,0.072463768115942,0.0623052959501558,0.152309359339022,0,15.4,30.4
2007,REG+POST,00-0022864,L.McCown,Luke McCown,QB,QB,"https://static.www.nfl.com/image/private/f_auto,q_auto/league/pj2lbdhplppzlywlzsbr",5,TB,94,139,1009,5,3,15,104,2,1,784,630,45,-2.00818094932444,0,1.28698979591837,0.0740860501520303,12,117,0,1,1,7,1.47016266768333,0,0,0,0,0,0,0,0,0,0,,0,,,,,0,62.06,62.06
2007,REG+POST,00-0022875,,Jacob Bell,G,OL,,1,TEN,0,0,0,0,0,0,0,0,0,0,0,0,,0,,,1,-15,0,1,1,0,-1.19429445808055,0,0,0,0,0,0,0,0,0,0,,0,,,,,0,-3.5,-3.5
2007,REG+POST,00-0022879,,Drew Carter,WR,WR,,15,CAR,0,0,0,0,0,0,0,0,0,0,0,0,,0,,,0,0,0,0,0,0,,0,38,38,517,4,0,0,389,128,28,51.9462676410331,0,1.32904884318766,0.138181818181818,0.256935270805812,0.387127416836796,0,75.7,113.7
2007,REG+POST,00-0022883,,Adimchinobe Echemandu,RB,RB,,5,HOU,0,0,0,0,0,0,0,0,0,0,0,0,,0,,,20,85,0,1,1,3,-5.70371481194161,0,2,2,11,0,0,0,-2,13,0,0.260644077556208,0,-5.5,0.0689655172413793,-0.0117647058823529,0.0952129817444219,0,7.6,9.6
2007,REG+POST,00-0022889,,Reggie Williams,WR,WR,,16,JAX,0,0,0,0,0,0,0,0,0,0,0,0,,0,,,1,8,0,0,0,1,1.22734230212518,0,41,41,677,10,3,2,452,225,30,58.916756863764,0,1.49778761061947,0.143859649122807,0.206675811614083,0.360462541814069,0,124.5,165.5
2007,REG+POST,00-0022893,,Tatum Bell,RB,RB,,5,DET,0,0,0,0,0,0,0,0,0,0,0,0,,0,,,44,182,1,1,1,7,-7.65135225736646,0,14,14,63,0,0,0,-10,68,2,-1.1571029604529,0,-6.3,0.126126126126126,-0.0136612021857924,0.179626347659135,0,28.5,42.5
2007,REG+POST,00-0022897,,Greg Jones,RB,RB,,15,JAX,0,0,0,0,0,0,0,0,0,0,0,0,,0,,,42,119,2,0,0,7,-6.14437666604497,0,12,12,111,2,0,0,4,107,9,8.06061339034932,0,27.75,0.0655737704918033,0.003125,0.100548155737705,0,47.0,59.0
2007,REG+POST,00-0022901,,Ernest Wilford,WR,WR,,18,JAX,0,0,0,0,0,0,0,0,0,0,0,0,,0,,,0,0,0,0,0,0,,0,49,49,578,4,0,0,466,112,39,64.657205318742,0,1.24034334763949,0.153605015673981,0.192085737840066,0.364867539999018,0,81.8,130.8
2007,REG+POST,00-0022909,,Roy Williams,WR,WR,,12,DET,0,0,0,0,0,0,0,0,0,0,0,0,,0,,,2,1,0,0,0,1,-0.907515283441171,0,63,63,836,5,2,1,528,293,34,56.6999631413492,0,1.58333333333333,0.217993079584775,0.274143302180685,0.518889930903642,0,111.7,174.7
2007,REG+POST,00-0022910,,Lee Evans,WR,WR,,16,BUF,0,0,0,0,0,0,0,0,0,0,0,0,,0,,,0,0,0,0,0,0,,0,55,57,849,5,0,0,674,193,38,65.1484383523206,0,1.25964391691395,0.215094339622642,0.466113416320885,0.648920900858582,0,114.9,169.9
2007,REG+POST,00-0022912,,J.P. Losman,QB,QB,,8,BUF,111,175,1204,4,6,14,103,3,1,1407,577,59,-25.3341049531455,0,0.855721393034826,0.0336343682913286,20,110,0,2,1,8,2.73504973665695,0,0,0,0,0,0,0,0,0,0,,0,,,,,0,59.16,59.16
2007,REG+POST,00-0022916,,Ben Troupe,TE,TE,,5,TEN,0,0,0,0,0,0,0,0,0,0,0,0,,0,,,1,-1,0,0,0,0,-0.719348591286689,0,8,8,91,0,0,0,52,39,5,6.12819946109084,0,1.75,0.0784313725490196,0.0787878787878788,0.172798573975045,0,9.0,17.0
2007,REG+POST,00-0022921,L.Fitzgerald,Larry Fitzgerald,WR,WR,"https://static.www.nfl.com/image/private/f_auto,q_auto/league/ycgjjaad5un42gy4pnga",15,ARI,0,0,0,0,0,0,0,0,0,0,0,0,,0,,,0,0,0,0,0,0,,0,101,101,1412,10,3,3,1134,278,69,108.708248601465,0,1.24514991181658,0.297935103244838,0.45,0.761902654867257,0,195.2,296.2
2007,REG+POST,00-0022922,,Kellen Winslow,TE,TE,,16,CLE,0,0,0,0,0,0,0,0,0,0,0,0,,0,,,0,0,0,0,0,0,,0,82,82,1106,5,2,1,721,385,56,89.7830048298278,1,1.53398058252427,0.26797385620915,0.322450805008945,0.627676347819987,0,140.6,222.6
2007,REG+POST,00-0022924,B.Roethlisberger,Ben Roethlisberger,QB,QB,"https://static.www.nfl.com/image/private/f_auto,q_auto/league/vziogpnyp9d0xtpiuqhr",16,PIT,294,447,3495,34,14,53,387,9,4,4237,1247,185,77.7132760120897,1,0.824876091574227,0.157430241625875,39,217,2,1,0,18,19.0728173566114,0,0,0,0,0,0,0,0,0,0,,0,,,,,0,275.5,275.5
2007,REG+POST,00-0022929,,Devery Henderson,WR,WR,,12,NO,0,0,0,0,0,0,0,0,0,0,0,0,,0,,,2,20,0,0,0,1,1.0590879204683,0,20,20,409,3,0,0,327,82,16,37.3099681779277,0,1.25076452599388,0.0602409638554217,0.178884026258206,0.215580264163876,0,60.9,80.9
2007,REG+POST,00-0022942,P.Rivers,Philip Rivers,QB,QB,"https://static.www.nfl.com/image/private/f_auto,q_auto/league/voakyrtj34sghkwxaxxf",19,LAC,329,546,3919,25,19,24,177,7,3,4832,1497,192,55.0629480226237,0,0.811051324503311,0.0933697270632053,33,31,1,5,3,8,-21.7540607267874,0,0,0,0,0,0,0,0,0,0,,0,,,,,0,215.86,215.86
2007,REG+POST,00-0022943,B.Watson,Benjamin Watson,TE,TE,"https://static.www.nfl.com/image/private/f_auto,q_auto/league/dorymozpdnrllkqlfzpu",14,NE,0,0,0,0,0,0,0,0,0,0,0,0,,0,,,1,11,0,0,0,1,0.687392906751484,0,39,39,409,8,1,0,290,119,23,40.5238905733785,0,1.41034482758621,0.10655737704918,0.126196692776327,0.2481737505172,0,90.0,129.0
2007,REG+POST,00-0022984,,Ryan Grant,RB,RB,,16,GB,0,0,0,0,0,0,0,0,0,0,0,0,,0,,,228,1186,11,1,1,47,3.47024997914322,0,33,33,150,0,2,2,-34,184,9,-10.5108445210988,0,-4.41176470588235,0.0909090909090909,-0.0166259168704156,0.124725494554345,0,193.6,226.6
2007,REG+POST,00-0022999,J.Kuhn,John Kuhn,FB,RB,"https://static.www.nfl.com/image/private/f_auto,q_auto/league/nbcwgq2o0ymmx4czvr4b",2,GB,0,0,0,0,0,0,0,0,0,0,0,0,,0,,,0,0,0,0,0,0,,0,2,2,7,0,0,0,4,3,2,0.886650496395305,0,1.75,0.0512820512820513,0.0197044334975369,0.0907161803713528,0,0.7,2.7
2007,REG+POST,00-0023051,,Aaron Halterman,TE,TE,,1,MIA,0,0,0,0,0,0,0,0,0,0,0,0,,0,,,0,0,0,0,0,0,,0,1,1,7,0,0,0,3,4,1,1.01116032479331,0,2.33333333333333,0.0588235294117647,0.05,0.123235294117647,0,0.7,1.7
2007,REG+POST,00-0023060,,Chris Kluwe,P,SPEC,,1,MIN,1,1,27,0,0,0,0,0,0,-3,30,1,4.01534840138629,0,0.0,,0,0,0,0,0,0,,0,0,0,0,0,0,0,0,0,0,,0,,,,,0,1.08,1.08
2007,REG+POST,00-0023063,,Leonard Weaver,FB,RB,,17,SEA,0,0,0,0,0,0,0,0,0,0,0,0,,0,,,38,173,2,0,0,16,-1.67626954155276,0,41,41,321,0,0,0,-22,343,15,15.6268910015351,0,-14.5909090909091,0.124242424242424,-0.011720831113479,0.178159054584201,0,61.4,102.4
2007,REG+POST,00-0023074,,Samkon Gado,RB,RB,,8,MIA,0,0,0,0,0,0,0,0,0,0,0,0,,0,,,53,150,4,0,0,9,-8.27883884077814,1,12,12,106,0,1,0,8,98,3,1.36635439028032,0,13.25,0.0975609756097561,0.008695652173913,0.152428419936373,0,51.6,63.6
2007,REG+POST,00-0023158,,Brock Berlin,QB,QB,,1,LA,17,28,153,0,1,0,0,0,0,224,68,8,-0.527559571363489,0,0.683035714285714,0.0479897034894032,3,-16,0,2,1,0,-8.23352026555222,0,0,0,0,0,0,0,0,0,0,,0,,,,,0,0.52,0.52
2007,REG+POST,00-0023176,,Josh Cribbs,WR,WR,,13,CLE,0,0,0,0,0,0,0,0,0,0,0,0,,1,,,9,61,0,0,0,3,2.69486741389846,0,3,3,37,0,1,0,18,19,3,3.92250236950349,0,2.05555555555556,0.0483870967741936,0.168224299065421,0.190337654507085,3,29.8,32.8
2007,REG+POST,00-0023179,,Tony Curtis,TE,TE,,3,DAL,0,0,0,0,0,0,0,0,0,0,0,0,,0,,,0,0,0,0,0,0,,0,3,3,18,3,0,0,18,0,3,4.39203085406916,0,1.0,0.0555555555555556,0.0379746835443038,0.109915611814346,0,19.8,22.8
2007,REG+POST,00-0023192,,Tyson Thompson,RB,RB,,4,DAL,0,0,0,0,0,0,0,0,0,0,0,0,,0,,,14,54,0,0,0,3,-3.50808906933526,0,0,0,0,0,0,0,0,0,0,,0,,,,,0,5.4,5.4
2007,REG+POST,00-0023234,,Michael Koenen,P,SPEC,,1,ATL,0,0,0,0,0,0,0,0,0,0,0,0,,0,,,1,0,0,1,1,0,-2.95684341050219,0,0,0,0,0,0,0,0,0,0,,0,,,,,0,-2.0,-2.0
2007,REG+POST,00-0023251,,Kyle Eckel,RB,RB,,6,NE,0,0,0,0,0,0,0,0,0,0,0,0,,0,,,32,87,2,0,0,5,-2.84252991067478,0,1,1,6,0,0,0,5,1,0,0.278625155217014,0,1.2,0.0303030303030303,0.0200803212851406,0.0595107703541439,0,21.3,22.3
2007,REG+POST,00-0023252,R.Gould,Robbie Gould,K,SPEC,"https://static.www.nfl.com/image/private/f_auto,q_auto/league/uakpiwhnutg2rvoyrmgh",1,CHI,0,1,0,0,0,0,0,0,0,19,0,0,-2.18674096866744,0,0.0,,0,0,0,0,0,0,,0,0,0,0,0,0,0,0,0,0,,0,,,,,0,0.0,0.0
2007,REG+POST,00-0023310,,Lance Moore,WR,WR,"https://static.www.nfl.com/image/private/f_auto,q_auto/league/bfjxc892mfkni8ywtheh",14,NO,0,0,0,0,0,0,0,0,0,0,0,0,,0,,,2,7,1,0,0,1,0.887896106112748,0,32,32,302,2,0,0,243,59,22,27.5255107311332,0,1.24279835390947,0.0893854748603352,0.127225130890052,0.223135803913539,0,48.9,80.9
2007,REG+POST,00-0023367,,Nate Washington,WR,WR,,13,PIT,0,0,0,0,0,0,0,0,0,0,0,0,,0,,,1,0,0,0,0,0,-0.799402219709009,0,30,30,458,5,0,0,379,79,22,45.1175803753722,0,1.20844327176781,0.118577075098814,0.205754614549403,0.321893842832803,0,75.8,105.8
2007,REG+POST,00-0023384,,Zak Keasey,LB,LB,,1,SF,0,0,0,0,0,0,0,0,0,0,0,0,,0,,,2,4,0,0,0,0,-2.20917746509076,0,0,0,0,0,0,0,0,0,0,,0,,,,,0,0.4,0.4
2007,REG+POST,00-0023408,,Greg Camarillo,WR,WR,,4,MIA,0,0,0,0,0,0,0,0,0,0,0,0,,0,,,0,0,0,0,0,0,,0,8,8,160,2,0,0,93,67,6,14.6311392667412,0,1.72043010752688,0.0879120879120879,0.17680608365019,0.255632390423265,0,28.0,36.0
2007,REG+POST,00-0023429,,Rashied Davis,WR,WR,,9,CHI,0,0,0,0,0,0,0,0,0,0,0,0,,0,,,0,0,0,0,0,0,,0,17,17,165,0,0,0,104,61,8,6.9514059057467,0,1.58653846153846,0.0783410138248848,0.0934411500449236,0.182920325768774,0,16.5,33.5
2007,REG+POST,00-0023436,A.Smith,Alex Smith,QB,QB,"https://static.www.nfl.com/image/private/f_auto,q_auto/league/dpa5d1a8jj6jdymocjkx",7,SF,94,193,914,2,4,17,121,6,5,1819,317,47,-72.6449797024912,0,0.502473886750962,-0.031340016846781,13,89,0,0,0,5,6.19720382970991,0,0,0,0,0,0,0,0,0,0,,0,,,,,0,35.46,35.46
2007,REG+POST,00-0023437,,Ronnie Brown,RB,RB,,7,MIA,0,0,0,0,0,0,0,0,0,0,0,0,,0,,,119,602,4,0,0,39,22.5380036092499,1,39,39,389,1,0,0,28,361,18,21.2155065164552,0,13.8928571428571,0.263513513513514,0.0462046204620462,0.427613504593703,0,131.1,170.1
2007,REG+POST,00-0023438,,Braylon Edwards,WR,WR,,16,CLE,0,0,0,0,0,0,0,0,0,0,0,0,,0,,,0,0,0,0,0,0,,0,80,80,1289,16,3,2,863,426,57,113.757348721024,0,1.4936268829664,0.261437908496732,0.405545112781955,0.676038441692467,0,220.9,300.9
2007,REG+POST,00-0023439,,Cedric Benson,RB,RB,,11,CHI,0,0,0,0,0,0,0,0,0,0,0,0,,0,,,197,678,4,3,2,33,-37.379237732299,0,17,17,123,0,0,0,4,119,5,6.90654161595739,0,30.75,0.080188679245283,0.0029739776951672,0.122364803254542,0,100.1,117.1
2007,REG+POST,00-0023440,,Cadillac Williams,RB,RB,,4,TB,0,0,0,0,0,0,0,0,0,0,0,0,,0,,,54,208,3,1,1,12,-7.30339814847685,0,3,3,17,0,1,1,10,7,0,-5.36936672241427,0,1.7,0.0882352941176471,0.0469483568075117,0.165216790941729,0,36.5,39.5
2007,REG+POST,00-0023442,,Troy Williamson,WR,WR,,8,MIN,0,0,0,0,0,0,0,0,0,0,0,0,,0,,,2,29,0,0,0,1,1.34184685244691,0,18,18,240,1,0,0,185,55,9,19.8323086265009,0,1.2972972972973,0.146341463414634,0.236875800256082,0.385325255301209,0,32.9,50.9
2007,REG+POST,00-0023452,,Mike Williams,WR,WR,,4,LV,0,0,0,0,0,0,0,0,0,0,0,0,,0,,,0,0,0,0,0,0,,0,7,7,90,0,1,1,64,26,3,0.54264375398634,0,1.40625,0.0843373493975904,0.130612244897959,0.217934595524957,0,7.0,14.0
2007,REG+POST,00-0023456,,Matt Jones,WR,WR,,11,JAX,0,0,0,0,0,0,0,0,0,0,0,0,,0,,,0,0,0,0,0,0,,0,27,27,365,5,0,0,264,101,18,40.8939247023663,0,1.38257575757576,0.126168224299065,0.166771951989893,0.305992702841523,0,66.5,93.5
2007,REG+POST,00-0023457,,Mark Clayton,WR,WR,,15,BAL,0,1,0,0,0,0,0,0,0,14,0,0,-0.411272879107855,0,0.0,,0,0,0,0,0,0,,0,48,48,531,0,0,0,416,115,30,36.5689550459885,0,1.27644230769231,0.150470219435737,0.221512247071353,0.380763902103552,0,53.1,101.1
2007,REG+POST,00-0023459,A.Rodgers,Aaron Rodgers,QB,QB,"https://static.www.nfl.com/image/upload/f_auto,q_auto/league/jdcb4nomlc4rd6k5l6to",2,GB,20,28,218,1,0,3,24,0,0,162,133,9,7.16624789137859,0,1.34567901234568,0.218119015101746,7,29,0,0,0,3,2.52779101755004,0,0,0,0,0,0,0,0,0,0,,0,,,,,0,15.62,15.62
2007,REG+POST,00-0023460,,Jason Campbell,QB,QB,,13,WAS,250,417,2700,12,11,20,110,7,6,3575,1155,148,17.0201918437201,2,0.755244755244755,0.0721636962360577,37,186,1,6,2,15,-2.69068650880573,0,0,0,0,0,0,0,0,0,0,,0,,,,,0,146.6,146.6
2007,REG+POST,00-0023462,,Roddy White,WR,WR,"https://static.www.nfl.com/image/private/f_auto,q_auto/league/f7dgklg6z49fbdltwuki",16,ATL,0,0,0,0,0,0,0,0,0,0,0,0,,0,,,1,-2,0,0,0,0,-0.900585065595806,0,83,83,1202,6,3,2,743,459,52,94.5058913947505,0,1.61776581426649,0.246290801186944,0.403365906623236,0.651792336416681,0,152.0,235.0
2007,REG+POST,00-0023465,,Heath Miller,TE,TE,"https://static.www.nfl.com/image/private/f_auto,q_auto/league/iqw8fry4hgfvegs9nfuf",16,PIT,0,0,0,0,0,0,0,0,0,0,0,0,,0,,,0,0,0,0,0,0,,0,55,55,651,8,0,0,406,245,37,62.3985375374393,0,1.60344827586207,0.187074829931973,0.178618565772107,0.405645240938434,0,113.1,168.1
2007,REG+POST,00-0023467,,Logan Mankins,G,OL,"https://static.www.nfl.com/image/private/f_auto,q_auto/league/unf3wt7vrjde0crr3o6n",1,NE,0,0,0,0,0,0,0,0,0,0,0,0,,0,,,0,0,0,0,0,0,,0,1,1,-9,0,0,0,-9,0,0,-1.33572819433175,0,0.0,0.04,-0.103448275862069,-0.0124137931034483,0,-0.9,0.1
2007,REG+POST,00-0023470,,Reggie Brown,WR,WR,,16,PHI,0,0,0,0,0,0,0,0,0,0,0,0,,0,,,5,36,0,0,0,2,1.26624703989364,0,61,61,780,4,1,0,603,177,38,71.0671342902341,0,1.29353233830846,0.173789173789174,0.267287234042553,0.447784824513548,0,105.6,166.6
2007,REG+POST,00-0023474,,Mark Bradley,WR,WR,,6,CHI,0,0,0,0,0,0,0,0,0,0,0,0,,0,,,0,0,0,0,0,0,,0,6,6,71,1,0,0,51,20,3,4.84366558829788,0,1.3921568627451,0.0461538461538462,0.0698630136986301,0.11813487881981,0,13.1,19.1
2007,REG+POST,00-0023479,,J.J. Arrington,RB,RB,,14,ARI,0,0,0,0,0,0,0,0,0,0,0,0,,0,,,26,78,0,0,0,3,-9.44545168036711,0,29,29,241,1,0,0,-28,269,9,4.38176492982893,0,-8.60714285714286,0.0941558441558442,-0.0135396518375242,0.131756009947499,0,37.9,66.9
2007,REG+POST,00-0023490,,Roscoe Parrish,WR,WR,,14,BUF,0,0,0,0,0,0,0,0,0,0,0,0,,0,,,3,19,1,0,0,1,-0.112905044807121,0,35,35,352,1,0,0,232,120,19,21.4286099774726,0,1.51724137931034,0.146443514644351,0.196111580726965,0.356943378475403,1,55.1,90.1
2007,REG+POST,00-0023496,,Vincent Jackson,WR,WR,"https://static.www.nfl.com/image/private/f_auto,q_auto/league/kdquag2thcfulvrs0cbz",18,LAC,0,0,0,0,0,0,0,0,0,0,0,0,,0,,,0,0,0,0,0,0,,0,59,59,923,5,0,0,755,168,43,83.6668574753038,0,1.22251655629139,0.179331306990881,0.318162663295407,0.491710824793107,0,122.3,181.3
2007,REG+POST,00-0023500,F.Gore,Frank Gore,RB,RB,"https://static.www.nfl.com/image/private/f_auto,q_auto/league/lxxkhd2suyalrbruzut7",15,SF,0,0,0,0,0,0,0,0,0,0,0,0,,0,,,260,1102,5,3,2,42,-38.1785263553596,0,53,53,436,1,1,1,33,403,20,19.0379755593895,0,13.2121212121212,0.205426356589147,0.0276150627615063,0.327470078816775,0,183.8,236.8
2007,REG+POST,00-0023502,,Charlie Frye,QB,QB,,1,CLE,4,10,34,0,1,5,31,0,0,49,11,2,-13.6309193723137,0,0.693877551020408,-0.132741960713276,1,1,0,0,0,0,-0.508823020849377,0,0,0,0,0,0,0,0,0,0,,0,,,,,0,-0.54,-0.54
2007,REG+POST,00-0023504,,Andrew Walter,QB,QB,,1,LV,5,8,38,0,0,0,0,0,0,58,25,2,0.285509185749106,0,0.655172413793103,0.0652013777592562,0,0,0,0,0,0,,0,0,0,0,0,0,0,0,0,0,,0,,,,,0,1.52,1.52
2007,REG+POST,00-0023506,,Alex Smith,TE,TE,"https://static.www.nfl.com/image/private/f_auto,q_auto/league/zcpxncjwcm6ggoiqt6ub",14,TB,0,0,0,0,0,0,0,0,0,0,0,0,,0,,,0,0,0,0,0,0,,0,35,36,411,4,0,0,250,166,22,32.9230695873689,0,1.644,0.133828996282528,0.161394448030988,0.313719608045483,0,65.1,100.1
2007,REG+POST,00-0023508,,Vernand Morency,RB,RB,,11,GB,0,0,0,0,0,0,0,0,0,0,0,0,,0,,,29,108,0,0,0,5,-6.33208638158976,0,32,32,208,0,1,0,-22,230,9,2.38859277911388,0,-9.45454545454546,0.143497757847534,-0.019538188277087,0.20156990497734,0,31.6,63.6
2007,REG+POST,00-0023518,,Chris Henry,WR,WR,,7,CIN,0,0,0,0,0,0,0,0,0,0,0,0,,0,,,0,0,0,0,0,0,,0,21,21,343,2,0,0,272,71,14,30.724811317632,0,1.26102941176471,0.122093023255814,0.268509378084896,0.371096099543148,0,46.3,67.3
2007,REG+POST,00-0023519,,Ellis Hobbs,CB,DB,,1,NE,0,0,0,0,0,0,0,0,0,0,0,0,,0,,,0,0,0,0,0,0,,0,0,0,0,0,0,0,0,0,0,,0,,,,,1,6.0,6.0
2007,REG+POST,00-0023521,,Kevin Everett,TE,TE,,1,BUF,0,0,0,0,0,0,0,0,0,0,0,0,,0,,,0,0,0,0,0,0,,0,1,1,3,0,0,0,3,0,0,-0.258576461405028,0,1.0,0.0714285714285714,0.0769230769230769,0.160989010989011,0,0.3,1.3
2007,REG+POST,00-0023531,,Brandon Jones,WR,WR,,7,TEN,0,0,0,0,0,0,0,0,0,0,0,0,,0,,,2,37,0,0,0,2,2.62605449021794,0,21,21,248,2,1,0,181,67,11,24.6493272957159,0,1.37016574585635,0.181034482758621,0.2896,0.474271724137931,0,40.5,61.5
2007,REG+POST,00-0023541,,Kyle Orton,QB,QB,,3,CHI,42,79,475,3,2,2,12,1,0,660,288,19,-11.6996001480216,1,0.71969696969697,-0.0105926253462125,5,-1,0,1,0,1,-0.565340643981472,0,0,0,0,0,0,0,0,0,0,,0,,,,,0,28.9,28.9
2007,REG+POST,00-0023544,,Marion Barber,RB,RB,,17,DAL,0,0,0,0,0,0,0,0,0,0,0,0,,0,,,230,1102,11,0,0,55,23.5127855300327,0,45,45,291,2,2,0,25,266,16,15.7134891654689,0,11.64,0.129682997118156,0.0096079938508839,0.201250091372852,0,217.3,262.3
2007,REG+POST,00-0023545,,Brandon Jacobs,RB,RB,,15,NYG,0,0,0,0,0,0,0,0,0,0,0,0,,0,,,262,1208,7,5,3,59,2.56396875667734,0,27,27,203,3,1,1,-19,222,9,7.23562856465833,0,-10.6842105263158,0.121621621621622,-0.0137581462708182,0.17280173004286,0,193.1,220.1
2007,REG+POST,00-0023549,,Jerome Mathis,WR,WR,,1,HOU,0,0,0,0,0,0,0,0,0,0,0,0,,0,,,0,0,0,0,0,0,,0,1,1,15,0,0,0,11,4,1,1.02547928947024,0,1.36363636363636,0.037037037037037,0.0753424657534247,0.108295281582953,1,7.5,8.5
2007,REG+POST,00-0023551,,Craphonso Thorpe,WR,WR,,3,IND,0,0,0,0,0,0,0,0,0,0,0,0,,0,,,0,0,0,0,0,0,,0,12,12,70,1,0,0,53,17,4,3.05803164752433,0,1.32075471698113,0.16,0.139473684210526,0.337631578947368,0,13.0,25.0
2007,REG+POST,00-0023561,,Alvin Pearman,RB,RB,,1,SEA,0,0,0,0,0,0,0,0,0,0,0,0,,0,,,0,0,0,0,0,0,,0,1,1,1,0,0,0,-1,2,0,-0.588126414804719,0,-1.0,0.0454545454545455,-0.0075757575757575,0.0628787878787879,0,0.1,1.1
2007,REG+POST,00-0023564,D.Sproles,Darren Sproles,RB,RB,"https://static.www.nfl.com/image/private/f_auto,q_auto/league/gvj5ng27blmwuz170aeo",11,LAC,0,0,0,0,0,0,0,0,0,0,0,0,,0,,,41,199,2,0,0,7,-1.68017413889174,0,13,13,92,1,0,0,-29,121,5,3.12252994615119,0,-3.17241379310345,0.103174603174603,-0.0295918367346939,0.134047619047619,2,59.1,72.1
2007,REG+POST,00-0023570,,Roydell Williams,WR,WR,,15,TEN,0,0,0,0,0,0,0,0,0,0,0,0,,0,,,2,-17,0,0,0,0,-2.85781712352764,0,55,55,719,4,0,0,512,207,38,61.1338638246841,0,1.404296875,0.1985559566787,0.293577981651376,0.503338522174014,0,94.2,149.2
2007,REG+POST,00-0023572,,Boomer Grigsby,FB,RB,,2,KC,0,0,0,0,0,0,0,0,0,0,0,0,,0,,,0,0,0,0,0,0,,0,2,2,14,0,0,0,2,12,0,0.78918241453357,0,7.0,0.0571428571428571,0.0253164556962025,0.103435804701628,0,1.4,3.4
2007,REG+POST,00-0023591,,Justin Green,RB,RB,,2,BAL,0,0,0,0,0,0,0,0,0,0,0,0,,0,,,0,0,0,0,0,0,,0,2,2,16,0,0,0,9,7,1,1.36700724397087,0,1.77777777777778,0.0526315789473684,0.0358565737051793,0.104046970014678,0,1.6,3.6
2007,REG+POST,00-0023612,,Bo Scaife,TE,TE,,15,TEN,0,0,0,0,0,0,0,0,0,0,0,0,,0,,,0,0,0,0,0,0,,0,46,46,421,1,2,2,271,150,27,27.3978323920823,0,1.55350553505535,0.169117647058824,0.177938279711097,0.378233266386003,0,44.1,90.1
2007,REG+POST,00-0023623,,Tab Perry,WR,WR,,1,CIN,0,0,0,0,0,0,0,0,0,0,0,0,,0,,,1,9,0,0,0,0,0.734457622980699,0,1,1,7,0,0,0,0,7,1,0.855785178719088,0,0.0,0.0303030303030303,,,0,1.6,2.6
2007,REG+POST,00-0023630,,Joel Dreessen,TE,TE,,4,HOU,0,0,0,0,0,0,0,0,0,0,0,0,,0,,,0,0,0,0,0,0,,0,4,4,55,2,0,0,50,5,3,8.66317373001948,0,1.1,0.04,0.0637755102040816,0.104642857142857,0,17.5,21.5
2007,REG+POST,00-0023645,D.Anderson,Derek Anderson,QB,QB,"https://static.www.nfl.com/image/private/f_auto,q_auto/league/w191gsxivnqgdwgydka6",16,CLE,298,527,3786,29,19,15,115,4,1,4201,1602,187,43.4033089928043,1,0.90121399666746,0.0794984462667497,30,77,3,1,1,12,-5.372117495368,0,0,0,0,0,0,0,0,0,0,,0,,,,,0,253.14,253.14
2007,REG+POST,00-0023655,,Marcus Maxwell,WR,WR,,1,CIN,0,0,0,0,0,0,0,0,0,0,0,0,,0,,,0,0,0,0,0,0,,0,1,1,5,0,0,0,5,0,1,-0.109958099143114,0,1.0,0.0384615384615385,0.0381679389312977,0.0844098649442161,0,0.5,1.5
2007,REG+POST,00-0023662,M.Cassel,Matt Cassel,QB,QB,"https://static.www.nfl.com/image/private/f_auto,q_auto/league/n1ucqggyu5hlsqzuv5gj",5,NE,4,7,38,0,1,0,0,0,0,30,16,2,-4.35822812386323,0,1.26666666666667,-0.0247122081274906,4,12,1,1,0,1,-2.82020216603996,0,0,0,0,0,0,0,0,0,0,,0,,,,,0,6.72,6.72
2007,REG+POST,00-0023683,,Madison Hedgecock,FB,RB,,8,NYG,0,0,0,0,0,0,0,0,0,0,0,0,,0,,,0,0,0,0,0,0,,0,9,10,60,0,0,0,17,41,0,2.64253802038729,0,3.52941176470588,0.062111801242236,0.0178010471204189,0.105628434847647,0,6.0,15.0
2007,REG+POST,00-0023714,,Alex Haynes,RB,RB,,3,CAR,0,0,0,0,0,0,0,0,0,0,0,0,,0,,,3,3,0,0,0,0,-0.806809675355908,0,3,3,14,0,0,0,7,7,2,0.450578775489703,0,2.0,0.107142857142857,0.0693069306930693,0.209229137199434,0,1.7,4.7
2007,REG+POST,00-0023742,J.Ryan,Jon Ryan,P,SPEC,"https://static.www.nfl.com/image/private/f_auto,q_auto/league/jarcsmohj6vbznthlni8",2,GB,0,0,0,0,0,0,0,0,0,0,0,0,,0,,,2,7,0,1,0,1,0.629583522444591,0,0,0,0,0,0,0,0,0,0,,0,,,,,0,0.7,0.7
2007,REG+POST,00-0023761,,Travis Williams,LB,LB,,1,ATL,0,0,0,0,0,0,0,0,0,0,0,0,,0,,,1,37,0,0,0,1,4.9423758337507,0,0,0,0,0,0,0,0,0,0,,0,,,,,0,3.7,3.7
2007,REG+POST,00-0023764,,Andre Hall,RB,RB,,5,DEN,0,0,0,0,0,0,0,0,0,0,0,0,,0,,,44,216,2,1,0,10,-2.26292909521726,0,2,2,69,0,0,0,0,69,1,4.29863374863635,0,0.0,0.117647058823529,,,0,40.5,42.5
2007,REG+POST,00-0023774,,Naufahu Tahi,FB,RB,,3,MIN,0,0,0,0,0,0,0,0,0,0,0,0,,0,,,6,15,0,0,0,0,-2.86627738748361,0,1,1,7,0,0,0,0,7,0,0.248291761381552,0,0.0,0.05,,,0,2.2,3.2
2007,REG+POST,00-0023784,,Greg Estandia,TE,TE,,7,JAX,0,0,0,0,0,0,0,0,0,0,0,0,,0,,,0,0,0,0,0,0,,0,9,9,136,0,0,0,99,37,5,11.0334819303825,0,1.37373737373737,0.087378640776699,0.140425531914894,0.229365833505474,0,13.6,22.6
2007,REG+POST,00-0023790,,Brian Clark,WR,WR,,2,DEN,0,0,0,0,0,0,0,0,0,0,0,0,,0,,,0,0,0,0,0,0,,0,4,4,23,0,1,1,13,10,0,-5.64857290271903,0,1.76923076923077,0.0740740740740741,0.0384615384615385,0.138034188034188,0,0.3,4.3
2007,REG+POST,00-0023806,,DeDe Dorsey,RB,RB,,9,CIN,0,0,0,0,0,0,0,0,0,0,0,0,,0,,,21,183,0,0,0,9,9.84896732744528,0,4,4,19,0,0,0,-11,30,1,0.442571282677818,0,-1.72727272727273,0.0408163265306122,-0.0195035460992908,0.0475720075264148,1,26.2,30.2
2007,REG+POST,00-0023822,,Shaun Bodiford,WR,WR,,1,GB,0,0,0,0,0,0,0,0,0,0,0,0,,0,,,0,0,0,0,0,0,,0,1,1,13,0,0,0,9,4,1,1.25172075489536,0,1.44444444444444,0.0625,0.0918367346938776,0.158035714285714,0,1.3,2.3
2007,REG+POST,00-0023858,,Chris Barclay,RB,RB,,3,TEN,0,0,0,0,0,0,0,0,0,0,0,0,,0,,,1,3,0,0,0,0,-0.271303949528374,0,2,2,13,0,0,0,0,13,0,0.0676551325575772,0,0.0,0.0606060606060606,0.0,0.0909090909090909,0,1.6,3.6
2007,REG+POST,00-0023891,,Oliver Hoyte,RB,RB,,1,DAL,0,0,0,0,0,0,0,0,0,0,0,0,,0,,,0,0,0,0,0,0,,0,1,1,2,0,0,0,1,1,1,0.0301027141977102,0,2.0,0.0454545454545455,0.0047846889952153,0.0715311004784689,0,0.2,1.2
2007,REG+POST,00-0023897,,John Madsen,TE,TE,,4,LV,0,0,0,0,0,0,0,0,0,0,0,0,,0,,,0,0,0,0,0,0,,0,8,8,102,1,0,0,63,39,5,8.34724139643367,0,1.61904761904762,0.0888888888888889,0.128834355828221,0.223517382413088,0,16.2,24.2
2007,REG+POST,00-0023921,,Miles Austin,WR,WR,"https://static.www.nfl.com/image/private/f_auto,q_auto/league/tuwhvxan7v0gisbei4an",3,DAL,0,0,0,0,0,0,0,0,0,0,0,0,,0,,,0,0,0,0,0,0,,0,5,5,76,0,0,0,33,43,3,6.17697829921963,0,2.3030303030303,0.0793650793650794,0.0945558739255014,0.18523673079547,0,7.6,12.6
2007,REG+POST,00-0023928,,Anthony Mix,WR,WR,,1,NYG,0,0,0,0,0,0,0,0,0,0,0,0,,0,,,0,0,0,0,0,0,,0,3,3,39,0,0,0,22,17,2,2.32174261682667,0,1.77272727272727,0.15,0.183333333333333,0.353333333333333,0,3.9,6.9
2007,REG+POST,00-0023953,,Sam Hurd,WR,WR,,11,DAL,0,0,0,0,0,0,0,0,0,0,0,0,,0,,,0,0,0,0,0,0,,0,19,19,314,1,0,0,216,98,17,29.7912994880462,0,1.4537037037037,0.0788381742738589,0.120670391061453,0.202726535153805,0,37.4,56.4
2007,REG+POST,00-0023968,,Micheal Spurlock,WR,WR,,1,TB,0,0,0,0,0,0,0,0,0,0,0,0,,0,,,0,0,0,0,0,0,,0,0,0,0,0,0,0,0,0,0,,0,,,,,1,6.0,6.0
2007,REG+POST,00-0024011,,Mike Bell,RB,RB,,3,DEN,0,0,0,0,0,0,0,0,0,0,0,0,,0,,,6,3,0,1,1,2,-6.29115928080864,0,1,1,7,0,0,0,2,5,0,0.277667077723891,0,3.5,0.0434782608695652,0.0152671755725191,0.0759044142051112,0,-1.0,4.44089209850063e-16
2007,REG+POST,00-0024013,,Hank Baskett,WR,WR,,9,PHI,0,0,0,0,0,0,0,0,0,0,0,0,,0,,,0,0,0,0,0,0,,0,16,16,142,1,0,0,103,39,5,10.960453782362,0,1.37864077669903,0.0723981900452489,0.0743682310469314,0.160655046800725,0,20.2,36.2
2007,REG+POST,00-0024061,T.Williams,Tramon Williams,CB,DB,"https://static.www.nfl.com/image/private/f_auto,q_auto/league/btv4xik81slb9h07rmkh",1,GB,0,0,0,0,0,0,0,0,0,0,0,0,,0,,,0,0,0,0,0,0,,0,0,0,0,0,0,0,0,0,0,,0,,,,,1,6.0,6.0
2007,REG+POST,00-0024067,,Lee Vickers,TE,TE,,2,BAL,0,0,0,0,0,0,0,0,0,0,0,0,,0,,,0,0,0,0,0,0,,0,2,2,4,0,0,0,-2,6,0,-0.570471278158948,0,0.0,0.0540540540540541,-0.0093023255813953,0.0745694531741043,0,0.4,2.4
2007,REG+POST,00-0024069,,Troy Bienemann,TE,TE,,7,ARI,0,0,0,0,0,0,0,0,0,0,0,0,,0,,,0,0,0,0,0,0,,0,7,7,46,1,0,0,27,19,2,5.20790318888612,0,1.7037037037037,0.0419161676646707,0.0306469920544835,0.0843271459351445,0,10.6,17.6
2007,REG+POST,00-0024077,,Isaac Smolko,TE,TE,,2,JAX,0,0,0,0,0,0,0,0,0,0,0,0,,0,,,0,0,0,0,0,0,,0,2,2,12,0,0,0,0,12,0,0.512568239704706,0,0.0,0.0425531914893617,0.0,0.0638297872340426,0,1.2,3.2
2007,REG+POST,00-0024110,,Steve Weatherford,P,SPEC,"https://static.www.nfl.com/image/private/f_auto,q_auto/league/jkpdalshsrmuxdn1jj4h",1,NO,0,0,0,0,0,0,0,0,0,0,0,0,,0,,,1,5,0,0,0,1,2.92433844297193,0,0,0,0,0,0,0,0,0,0,,0,,,,,0,0.5,0.5
2007,REG+POST,00-0024148,,Cory Ross,WR,WR,,1,BAL,0,0,0,0,0,0,0,0,0,0,0,0,,0,,,12,72,1,0,0,3,1.59289804397849,0,0,0,0,0,0,0,0,0,0,,0,,,,,0,13.2,13.2
2007,REG+POST,00-0024170,,Joe Kowalewski,TE,TE,,4,NYJ,0,0,0,0,0,0,0,0,0,0,0,0,,0,,,0,0,0,0,0,0,,0,5,5,18,1,0,0,9,9,1,1.13084215129493,0,2.0,0.0526315789473684,0.0220048899755501,0.0943507914039377,0,7.8,12.8
2007,REG+POST,00-0024171,,Wallace Wright,WR,WR,,4,NYJ,0,0,0,0,0,0,0,0,0,0,0,0,,0,,,0,0,0,0,0,0,,0,6,6,87,0,0,0,54,33,4,6.66059322905494,0,1.61111111111111,0.08,0.119733924611973,0.203813747228381,0,8.7,14.7
2007,REG+POST,00-0024172,,Patrick Cobbs,RB,RB,,5,MIA,0,0,0,0,0,0,0,0,0,0,0,0,,0,,,15,47,1,0,0,3,0.165958935511298,0,2,2,20,0,0,0,19,1,0,0.0856073989125434,0,1.05263157894737,0.0526315789473684,0.0791666666666667,0.134364035087719,0,12.7,14.7
2007,REG+POST,00-0024174,,Glenn Holt,WR,WR,,7,CIN,0,0,0,0,0,0,0,0,0,0,0,0,,0,,,2,2,0,0,0,0,-1.05968812934589,0,15,15,136,1,0,0,68,68,10,10.4905751817816,0,2.0,0.103448275862069,0.0744797371303395,0.207308229784341,1,25.8,40.8
2007,REG+POST,00-0024204,,Fred Jackson,RB,RB,"https://static.www.nfl.com/image/private/f_auto,q_auto/league/ibu4ltouiplhatsn4ptq",8,BUF,0,0,0,0,0,0,0,0,0,0,0,0,,0,,,58,300,0,0,0,12,-2.32304910659432,0,22,22,190,0,0,0,1,189,7,5.89392286391385,0,190.0,0.178861788617886,0.0016835016835016,0.26947113410528,0,49.0,71.0
2007,REG+POST,00-0024217,,Reggie Bush,RB,RB,"https://static.www.nfl.com/image/private/f_auto,q_auto/league/z2m2heolqx9sgobdks9v",12,NO,0,0,0,0,0,0,0,0,0,0,0,0,,0,,,157,581,4,7,3,32,-21.2466222453376,3,73,73,417,2,0,0,12,405,24,15.5754627053561,0,34.75,0.223926380368098,0.0064690026954177,0.34041787243894,0,135.8,208.8
2007,REG+POST,00-0024218,,Vince Young,QB,QB,,16,TEN,254,411,2684,9,18,28,166,5,2,3635,1122,150,-17.1801143846622,0,0.73837689133425,0.051979291690402,95,407,3,5,1,25,-4.81901433061562,0,0,0,0,0,0,0,0,0,0,,0,,,,,0,160.06,160.06
2007,REG+POST,00-0024221,V.Davis,Vernon Davis,TE,TE,"https://static.www.nfl.com/image/private/f_auto,q_auto/league/so5ywayfeeu4zeijln5m",14,SF,0,0,0,0,0,0,0,0,0,0,0,0,,0,,,0,0,0,0,0,0,,0,52,52,509,4,1,1,309,200,30,34.7989080980159,0,1.64724919093851,0.207171314741036,0.226872246696035,0.469567544798778,0,72.9,124.9
2007,REG+POST,00-0024225,,Matt Leinart,QB,QB,,5,ARI,60,112,647,2,4,4,23,0,0,919,259,33,-10.7134490975788,0,0.704026115342764,-0.0139528200566778,11,42,0,0,0,5,2.65022296295501,0,0,0,0,0,0,0,0,0,0,,0,,,,,0,30.08,30.08
2007,REG+POST,00-0024226,J.Cutler,Jay Cutler,QB,QB,"https://static.www.nfl.com/image/private/f_auto,q_auto/league/ks6n7gvw4vccihlse6bn",16,DEN,297,467,3497,20,14,27,153,4,2,3849,1580,175,56.2724155572112,0,0.908547674720707,0.0993510073212832,44,205,1,6,2,15,-2.19735149860695,0,0,0,0,0,0,0,0,0,0,,0,,,,,0,210.38,210.38
2007,REG+POST,00-0024234,,Antonio Cromartie,CB,DB,,1,LAC,0,0,0,0,0,0,0,0,0,0,0,0,,0,,,0,0,0,0,0,0,,0,0,0,0,0,0,0,0,0,0,,0,,,,,1,6.0,6.0
2007,REG+POST,00-0024236,,Laurence Maroney,RB,RB,,16,NE,0,0,0,0,0,0,0,0,0,0,0,0,,0,,,246,1115,9,0,0,70,7.17010052297698,1,9,9,177,0,0,0,-12,189,5,14.0425576614798,0,-14.75,0.0714285714285714,-0.0218978102189781,0.0918143899895725,0,185.2,194.2
2007,REG+POST,00-0024240,,Santonio Holmes,WR,WR,,14,PIT,0,0,0,0,0,0,0,0,0,0,0,0,,0,,,5,17,0,1,0,1,-1.99684703233652,0,55,55,991,9,1,0,664,327,44,97.1052488239075,1,1.49246987951807,0.215686274509804,0.338085539714868,0.560189289565113,0,156.8,211.8
2007,REG+POST,00-0024242,,DeAngelo Williams,RB,RB,"https://static.www.nfl.com/image/private/f_auto,q_auto/league/oky9ooitgqa1fgwdll6b",16,CAR,0,0,0,0,0,0,0,0,0,0,0,0,,0,,,144,717,4,0,0,27,10.9063102173631,0,24,24,177,1,2,2,-30,207,6,-5.19706860053419,0,-5.9,0.122448979591837,-0.0311203319502075,0.16188923702261,0,115.4,139.4
2007,REG+POST,00-0024243,M.Lewis,Marcedes Lewis,TE,TE,"https://static.www.nfl.com/image/private/f_auto,q_auto/league/ppq07tipygpftz5csipx",15,JAX,0,0,0,0,0,0,0,0,0,0,0,0,,0,,,0,0,0,0,0,0,,0,43,43,481,2,1,0,325,156,26,39.1968440351391,0,1.48,0.158671586715867,0.158227848101266,0.348766873744687,0,60.1,103.1
2007,REG+POST,00-0024244,,Nick Mangold,C,OL,"https://static.www.nfl.com/image/private/f_auto,q_auto/league/yzxxaw1a2t55cxhsbvx7",1,NYJ,0,0,0,0,0,0,0,0,0,0,0,0,,0,,,0,0,0,0,0,0,,0,1,1,-3,0,0,0,-3,0,0,-0.953745676204562,0,0.0,0.0526315789473684,-0.0218978102189781,0.063618901267768,0,-0.3,0.7
2007,REG+POST,00-0024245,,Joseph Addai,RB,RB,,16,IND,0,0,0,0,0,0,0,0,0,0,0,0,,0,,,274,1115,12,0,0,69,4.75374928317762,1,50,50,431,3,0,0,18,380,17,27.0248348698927,0,23.9444444444444,0.147492625368732,0.0077955825032481,0.226695845805371,0,246.6,296.6
2007,REG+POST,00-0024259,,Sinorice Moss,WR,WR,,9,NYG,0,0,0,0,0,0,0,0,0,0,0,0,,0,,,1,4,0,0,0,0,-0.238379067974165,0,21,21,225,0,1,1,154,71,11,10.1039013180581,0,1.46103896103896,0.124260355029586,0.133217993079585,0.279643127700088,0,20.9,41.9
2007,REG+POST,00-0024260,,LenDale White,RB,RB,,17,TEN,0,0,0,0,0,0,0,0,0,0,0,0,,0,,,323,1177,7,4,4,59,-52.4558246414528,0,21,21,111,0,0,0,-18,129,7,2.51848671377123,0,-6.16666666666667,0.0909090909090909,-0.0164533820840951,0.12484626890477,0,162.8,183.8
2007,REG+POST,00-0024261,,Joe Klopfenstein,TE,TE,,2,LA,0,0,0,0,0,0,0,0,0,0,0,0,,0,,,0,0,0,0,0,0,,0,2,2,37,1,0,0,14,23,1,3.58122568228282,0,2.64285714285714,0.0645161290322581,0.0636363636363636,0.141319648093842,0,9.7,11.7
2007,REG+POST,00-0024264,K.Clemens,Kellen Clemens,QB,QB,"https://static.www.nfl.com/image/private/f_auto,q_auto/league/pxungqbhh61ov73tzaxk",10,NYJ,130,250,1529,5,10,27,138,3,1,2207,665,82,-50.3414007460496,0,0.692795650203897,-0.0066261900301679,27,111,1,1,0,10,6.80384253108059,0,0,0,0,0,0,0,0,0,0,,0,,,,,0,76.26,76.26
2007,REG+POST,00-0024267,,Greg Jennings,WR,WR,"https://static.www.nfl.com/image/private/f_auto,q_auto/league/jiemkcfkc893pfova8xv",15,GB,0,0,0,0,0,0,0,0,0,0,0,0,,0,,,0,0,0,0,0,0,,0,60,60,1005,14,1,0,537,462,44,95.8262587707141,0,1.87150837988827,0.169971671388102,0.265447355412753,0.44077065587108,0,184.5,244.5
2007,REG+POST,00-0024268,A.Fasano,Anthony Fasano,TE,TE,"https://static.www.nfl.com/image/private/f_auto,q_auto/league/twcrap9uhjbazmplq5x3",12,DAL,0,0,0,0,0,0,0,0,0,0,0,0,,0,,,0,0,0,0,0,0,,0,15,15,148,1,0,0,91,57,6,9.98780439683469,0,1.62637362637363,0.0607287449392713,0.0481481481481482,0.124796821112611,0,20.8,35.8
2007,REG+POST,00-0024272,,Devin Hester,WR,WR,"https://static.www.nfl.com/image/private/f_auto,q_auto/league/jtntm2ci9doez4qxbx0c",13,CHI,0,0,0,0,0,1,15,0,0,0,0,0,-1.78429434914142,0,,,7,-10,0,0,0,0,-6.42086878302507,0,20,20,299,2,0,0,172,127,11,19.520392851322,0,1.73837209302326,0.0862068965517242,0.159851301115242,0.241206255608255,6,76.9,96.9
2007,REG+POST,00-0024275,,Maurice Jones-Drew,RB,RB,,17,JAX,0,0,0,0,0,0,0,0,0,0,0,0,,0,,,181,816,10,1,1,50,4.56052163343646,0,47,47,499,1,1,1,60,439,26,36.8456548737236,0,8.31666666666667,0.159863945578231,0.0278551532033426,0.259294525609687,1,199.5,246.5
2007,REG+POST,00-0024276,,Tony Scheffler,TE,TE,,12,DEN,0,0,0,0,0,0,0,0,0,0,0,0,,0,,,0,0,0,0,0,0,,0,49,49,549,5,1,1,347,202,29,36.5327395912318,0,1.5821325648415,0.195219123505976,0.215796019900498,0.443885899189312,0,82.9,131.9
2007,REG+POST,00-0024279,,Tarvaris Jackson,QB,QB,"https://static.www.nfl.com/image/private/f_auto,q_auto/league/bqukmeneztibnhrjko0q",12,MIN,171,294,1911,9,12,19,70,3,2,2610,889,95,-7.38011018389926,0,0.732183908045977,0.0613893818836711,54,260,3,2,1,19,9.26981251937104,2,0,0,0,0,0,0,0,0,0,,0,,,,,0,130.44,130.44
2007,REG+POST,00-0024287,,Leonard Pope,TE,TE,,10,ARI,0,0,0,0,0,0,0,0,0,0,0,0,,0,,,0,0,0,0,0,0,,0,23,23,238,5,1,1,159,79,12,13.1435683377495,0,1.49685534591195,0.102678571428571,0.105437665782493,0.227824223190603,0,51.8,74.8
2007,REG+POST,00-0024289,,Brian Calhoun,RB,RB,,3,DET,0,0,0,0,0,0,0,0,0,0,0,0,,0,,,7,35,0,0,0,2,-1.9852968486463,0,5,5,35,0,0,0,16,14,1,1.48264303541509,0,2.1875,0.054945054945055,0.0392156862745098,0.109868562809739,0,7.0,12.0
2007,REG+POST,00-0024294,,Jerious Norwood,RB,RB,,15,ATL,0,0,0,0,0,0,0,0,0,0,0,0,,0,,,102,615,1,0,0,25,7.03690107626608,0,28,28,277,0,0,0,-5,282,12,14.3880500961677,0,-55.4,0.0936454849498328,-0.0031948881789137,0.13823180569951,0,95.2,123.2
2007,REG+POST,00-0024297,,Derek Hagan,WR,WR,,10,MIA,0,0,0,0,0,0,0,0,0,0,0,0,,0,,,0,0,0,0,0,0,,0,29,29,373,2,0,0,303,70,21,42.7758417022997,1,1.23102310231023,0.130044843049327,0.223616236162362,0.351598629887644,0,51.3,80.3
2007,REG+POST,00-0024300,,Brodie Croyle,QB,QB,,9,KC,127,224,1227,6,6,16,98,4,3,1598,543,58,-33.2457344620074,0,0.767834793491865,-0.0018277333302159,7,18,0,0,0,1,1.03509190789315,0,0,0,0,0,0,0,0,0,0,,0,,,,,0,56.88,56.88
2007,REG+POST,00-0024301,,David Thomas,TE,TE,,1,NE,0,0,0,0,0,0,0,0,0,0,0,0,,0,,,0,0,0,0,0,0,,0,1,1,9,0,0,0,6,3,1,0.48056037229253,0,1.5,0.0434782608695652,0.0320855614973262,0.0876772843524762,0,0.9,1.9
2007,REG+POST,00-0024305,,Maurice Stovall,WR,WR,,5,TB,0,0,0,0,0,0,0,0,0,0,0,0,,0,,,0,0,0,0,0,0,,0,10,10,86,1,0,0,62,24,6,5.60196046442962,0,1.38709677419355,0.078125,0.110320284697509,0.194411699288256,0,14.6,24.6
2007,REG+POST,00-0024308,,Dominique Byrd,TE,TE,,1,LA,0,0,0,0,0,0,0,0,0,0,0,0,,0,,,0,0,0,0,0,0,,0,4,4,44,0,0,0,24,20,2,2.81371863401728,0,1.83333333333333,0.210526315789474,0.175182481751825,0.438417210910488,0,4.4,8.4
2007,REG+POST,00-0024310,,Willie Reid,WR,WR,,3,PIT,0,0,0,0,0,0,0,0,0,0,0,0,,0,,,0,0,0,0,0,0,,0,4,4,54,0,0,0,2,52,2,3.59965460730018,0,27.0,0.0754716981132076,0.005,0.116707547169811,0,5.4,9.4
2007,REG+POST,00-0024313,,Owen Daniels,TE,TE,"https://static.www.nfl.com/image/private/f_auto,q_auto/league/ktxkz5tzddboxst5xfh8",16,HOU,0,0,0,0,0,0,0,0,0,0,0,0,,0,,,0,0,0,0,0,0,,0,63,63,768,3,4,3,564,209,44,53.0682672894036,0,1.36170212765957,0.181556195965418,0.231717337715694,0.434536430349113,0,88.8,151.8
2007,REG+POST,00-0024315,,Michael Robinson,FB,RB,,10,SF,0,0,0,0,0,0,0,0,0,0,0,0,,0,,,26,121,0,1,0,7,-5.02256438798581,0,11,11,73,0,0,0,2,71,4,1.71138268397772,0,36.5,0.0738255033557047,0.0037243947858473,0.11334533138365,0,19.4,30.4
2007,REG+POST,00-0024318,,Brad Smith,QB,QB,,14,NYJ,0,1,0,0,0,0,0,0,0,10,0,0,-3.36469409492565,0,0.0,,12,45,0,1,0,2,-3.5439145222286,0,32,32,325,2,0,0,205,120,15,25.4549814939668,0,1.58536585365854,0.128,0.138983050847458,0.28928813559322,0,49.0,81.0
2007,REG+POST,00-0024321,,Garrett Mills,TE,TE,,1,MIN,0,0,0,0,0,0,0,0,0,0,0,0,,0,,,0,0,0,0,0,0,,0,2,2,26,0,0,0,15,11,2,3.31784281134605,0,1.73333333333333,0.125,0.120967741935484,0.272177419354839,0,2.6,4.6
2007,REG+POST,00-0024324,,Jason Avant,WR,WR,"https://static.www.nfl.com/image/private/f_auto,q_auto/league/nnis5ib42eoeu8bjjpdc",11,PHI,0,0,0,0,0,0,0,0,0,0,0,0,,0,,,1,1,0,0,0,0,-0.391526796855032,0,23,23,267,2,0,0,215,52,15,27.6907904706895,0,1.24186046511628,0.0974576271186441,0.130858186244674,0.237787171049238,0,38.8,61.8
2007,REG+POST,00-0024326,,Demetrius Williams,WR,WR,,8,BAL,0,0,0,0,0,0,0,0,0,0,0,0,,0,,,0,0,0,0,0,0,,0,20,20,290,0,0,0,246,44,16,26.9029911609832,0,1.17886178861789,0.101010101010101,0.247983870967742,0.325103861192571,0,29.0,49.0
2007,REG+POST,00-0024330,W.Blackmon,Will Blackmon,FS,DB,"https://static.www.nfl.com/image/private/f_auto,q_auto/league/asapp0ikmeuqjmvkmudb",1,GB,0,0,0,0,0,0,0,0,0,0,0,0,,0,,,0,0,0,0,0,0,,0,0,0,0,0,0,0,0,0,0,,0,,,,,2,12.0,12.0
2007,REG+POST,00-0024332,,Leon Washington,RB,RB,,15,NYJ,1,1,36,0,0,0,0,0,0,25,11,1,3.05219798046164,0,1.44,,71,353,3,1,1,12,-2.5928556865405,0,36,36,213,0,0,0,34,179,15,7.5440353875747,1,6.26470588235294,0.137404580152672,0.0197444831591173,0.21992800844039,3,94.04,130.04
2007,REG+POST,00-0024334,B.Marshall,Brandon Marshall,WR,WR,"https://static.www.nfl.com/image/private/f_auto,q_auto/league/jhziqh0scfksvxen6f3s",16,DEN,0,0,0,0,0,2,9,0,0,0,0,0,-2.79827361484058,0,,,5,57,0,0,0,4,3.99990120955044,0,102,102,1325,7,3,1,766,562,69,113.4126309089,0,1.72976501305483,0.312883435582822,0.365283738674297,0.725023770446241,0,178.2,280.2
2007,REG+POST,00-0024340,,Skyler Green,WR,WR,,3,CIN,0,0,0,0,0,0,0,0,0,0,0,0,,0,,,1,1,0,0,0,0,-0.455704306252301,0,4,4,40,0,0,0,13,27,1,2.98081200092565,0,3.07692307692308,0.0465116279069768,0.026694045174538,0.0884532734826417,0,4.1,8.1
2007,REG+POST,00-0024345,,Domenik Hixon,WR,WR,,3,NYG,0,0,0,0,0,0,0,0,0,0,0,0,,0,,,1,-8,0,0,0,0,-1.40516434889287,0,1,1,5,0,0,0,4,1,0,0.0518296584486961,0,1.25,0.0476190476190476,0.0218579234972678,0.0867291178766589,1,5.7,6.7
2007,REG+POST,00-0024352,,Pat Watkins,DB,DB,,1,DAL,0,0,0,0,0,0,0,0,0,0,0,0,,0,,,0,0,0,0,0,0,,0,0,0,0,0,0,0,0,0,0,,0,,,,,1,6.0,6.0
2007,REG+POST,00-0024358,,Marques Hagans,WR,WR,,3,LA,0,0,0,0,0,0,0,0,0,0,0,0,,0,,,2,-4,0,0,0,0,0.0,0,8,8,101,0,0,0,79,22,6,7.19362406345317,0,1.27848101265823,0.125,0.167728237791932,0.304909766454352,0,9.7,17.7
2007,REG+POST,00-0024359,,Jerome Harrison,RB,RB,,4,CLE,0,0,0,0,0,0,0,0,0,0,0,0,,0,,,23,142,0,0,0,8,6.05414371646475,0,2,2,19,0,0,0,-11,30,1,0.873416795628145,0,-1.72727272727273,0.0625,-0.0504587155963303,0.0584288990825688,0,16.1,18.1
2007,REG+POST,00-0024364,,Jason Pociask,FB,RB,,1,NYJ,0,0,0,0,0,0,0,0,0,0,0,0,,0,,,0,0,0,0,0,0,,0,1,1,7,0,0,0,3,4,0,0.278563302010298,0,2.33333333333333,0.0714285714285714,0.0319148936170213,0.129483282674772,0,0.7,1.7
2007,REG+POST,00-0024369,,Jeff King,TE,TE,,15,CAR,0,0,0,0,0,0,0,0,0,0,0,0,,0,,,0,0,0,0,0,0,,0,46,47,406,2,2,1,268,133,25,24.3726350312446,0,1.51492537313433,0.173431734317343,0.178666666666667,0.385214268142681,0,50.6,96.6
2007,REG+POST,00-0024380,,Quinn Sypniewski,TE,TE,,11,BAL,0,0,0,0,0,0,0,0,0,0,0,0,,0,,,0,0,0,0,0,0,,0,34,34,246,1,1,1,146,100,15,11.1726717005949,0,1.68493150684932,0.142857142857143,0.11957411957412,0.297987597987598,0,28.6,62.6
2007,REG+POST,00-0024389,De.Walker,Delanie Walker,TE,TE,"https://static.www.nfl.com/image/private/f_auto,q_auto/league/diknegkpqy0qnri7877z",11,SF,0,0,0,0,0,0,0,0,0,0,0,0,,0,,,0,0,0,0,0,0,,0,21,21,174,1,0,0,39,135,8,13.0702901385957,0,4.46153846153846,0.105,0.0451911935110081,0.189133835457706,0,23.4,44.4
2007,REG+POST,00-0024394,,Lawrence Vickers,FB,RB,,13,CLE,0,0,0,0,0,0,0,0,0,0,0,0,,0,,,15,43,0,0,0,10,-2.66054597694338,0,13,13,91,2,0,0,16,75,7,7.90391643543262,0,5.6875,0.0817610062893082,0.0214190093708166,0.137634815993534,0,25.4,38.4
2007,REG+POST,00-0024398,,Adam Jennings,WR,WR,,3,ATL,0,0,0,0,0,0,0,0,0,0,0,0,,0,,,0,0,0,0,0,0,,0,6,6,62,1,0,0,43,19,3,8.2891212006798,0,1.44186046511628,0.0789473684210526,0.133540372670807,0.211899313501144,0,12.2,18.2
2007,REG+POST,00-0024404,,Jeff Webb,WR,WR,,11,KC,0,0,0,0,0,0,0,0,0,0,0,0,,0,,,1,5,0,0,0,0,0.0510119423270226,0,28,28,315,1,1,1,214,98,13,15.1080681573367,0,1.47196261682243,0.112903225806452,0.18013468013468,0.295449114803954,0,36.0,64.0
2007,REG+POST,00-0024408,,Bruce Gradkowski,QB,QB,,4,TB,13,24,130,0,1,2,14,0,0,217,38,5,-10.1636801130503,0,0.599078341013825,0.0196042942375526,7,20,0,0,0,1,-1.10338425042573,0,0,0,0,0,0,0,0,0,0,,0,,,,,0,5.2,5.2
2007,REG+POST,00-0024443,,Willie Andrews,CB,DB,,1,NE,0,0,0,0,0,0,0,0,0,0,0,0,,0,,,0,0,0,0,0,0,,0,0,0,0,0,0,0,0,0,0,,0,,,,,1,6.0,6.0
2007,REG+POST,00-0024447,,Devin Aromashodu,WR,WR,,5,IND,0,0,0,0,0,0,0,0,0,0,0,0,,0,,,0,0,0,0,0,0,,0,8,8,109,0,0,0,64,36,6,9.47837965143844,0,1.703125,0.062992125984252,0.0901408450704225,0.157586780525674,0,10.9,18.9
2007,REG+POST,00-0024452,,T.J. Rushing,DB,DB,,1,IND,0,0,0,0,0,0,0,0,0,0,0,0,,0,,,0,0,0,0,0,0,,0,0,0,0,0,0,0,0,0,0,,0,,,,,1,6.0,6.0
2007,REG+POST,00-0024453,,Ryan Plackemeier,P,SPEC,,1,SEA,0,0,0,0,0,0,0,0,0,0,0,0,,0,,,1,0,0,0,0,0,-6.49794355267659,0,0,0,0,0,0,0,0,0,0,,0,,,,,0,0.0,0.0
2007,REG+POST,00-0024463,,Ben Obomanu,WR,WR,,9,SEA,0,0,0,0,0,0,0,0,0,0,0,0,,0,,,0,0,0,0,0,0,,0,16,16,243,1,0,0,172,71,12,19.7380556368153,0,1.41279069767442,0.0737327188940092,0.146382978723404,0.213067163447397,0,30.3,46.3
2007,REG+POST,00-0024465,,David Anderson,WR,WR,,5,HOU,0,0,0,0,0,0,0,0,0,0,0,0,,0,,,0,0,0,0,0,0,,0,12,13,131,1,0,0,112,22,9,9.48694070614874,0,1.16964285714286,0.0970149253731343,0.118769883351007,0.228661306405407,0,19.1,31.1
2007,REG+POST,00-0024466,,Marques Colston,WR,WR,"https://static.www.nfl.com/image/private/f_auto,q_auto/league/hnnuo9nfwzwlakr2srdq",16,NO,0,0,0,0,0,0,0,0,0,0,0,0,,0,,,0,0,0,0,0,0,,0,98,98,1202,11,1,1,789,413,64,101.248960902475,0,1.5234474017744,0.220224719101124,0.32875,0.560462078651685,0,184.2,282.2
2007,REG+POST,00-0024489,,Ahmard Hall,FB,RB,,6,TEN,0,0,0,0,0,0,0,0,0,0,0,0,,0,,,4,22,0,0,0,3,2.11434767348692,0,10,10,76,0,0,0,5,71,4,3.38667090382112,0,15.2,0.101010101010101,0.0108932461873638,0.159140423846306,0,9.8,19.8
2007,REG+POST,00-0024542,,Chris McFoy,WR,WR,,1,LV,0,0,0,0,0,0,0,0,0,0,0,0,,0,,,0,0,0,0,0,0,,0,1,1,19,0,0,0,2,17,1,1.71938831766602,0,9.5,0.0769230769230769,0.0344827586206897,0.139522546419098,0,1.9,2.9
2007,REG+POST,00-0024549,,Selvin Young,RB,RB,,15,DEN,0,0,0,0,0,0,0,0,0,0,0,0,,0,,,140,729,1,1,0,22,-3.72328834605391,0,35,35,231,0,1,1,-25,256,11,1.08017187668418,0,-9.24,0.131578947368421,-0.0230414746543779,0.181239388794567,0,100.0,135.0
2007,REG+POST,00-0024553,,Biren Ealy,WR,WR,,2,TEN,0,0,0,0,0,0,0,0,0,0,0,0,,0,,,0,0,0,0,0,0,,0,3,3,23,0,0,0,18,5,2,2.23146982787875,0,1.27777777777778,0.075,0.0703125,0.16171875,0,2.3,5.3
2007,REG+POST,00-0024607,,Daniel Coats,TE,TE,,8,CIN,0,0,0,0,0,0,0,0,0,0,0,0,,0,,,0,0,0,0,0,0,,0,12,12,122,0,0,0,69,53,7,9.66535796097014,0,1.76811594202899,0.0591133004926108,0.0703363914373089,0.137905424745032,0,12.2,24.2
2007,REG+POST,00-0024625,,Byron Storer,RB,RB,,2,TB,0,0,0,0,0,0,0,0,0,0,0,0,,0,,,0,0,0,0,0,0,,0,2,2,3,0,0,0,0,3,0,-4.55171006629343,0,0.0,0.0769230769230769,,,0,0.3,2.3
2007,REG+POST,00-0024682,,Michael Matthews,TE,TE,,6,NYG,0,0,0,0,0,0,0,0,0,0,0,0,,0,,,0,0,0,0,0,0,,0,6,6,28,0,0,0,15,13,0,-0.709198056953028,0,1.86666666666667,0.0526315789473684,0.0262237762237762,0.097304011777696,0,2.8,8.8
2007,REG+POST,00-0024698,,Clifton Dawson,RB,RB,,5,IND,0,0,0,0,0,0,0,0,0,0,0,0,,0,,,30,64,1,0,0,3,-7.46199970855378,0,2,2,15,0,0,0,-1,16,1,1.52467904891819,0,-15.0,0.0444444444444444,-0.0030674846625766,0.064519427402863,0,13.9,15.9
2007,REG+POST,00-0024756,,Matt Willis,WR,WR,,1,BAL,0,0,0,0,0,0,0,0,0,0,0,0,,0,,,0,0,0,0,0,0,,0,1,1,11,0,0,0,11,0,1,0.946690301265335,0,1.0,0.0454545454545455,0.094017094017094,0.133993783993784,0,1.1,2.1
2007,REG+POST,00-0024813,,Pierre Thomas,RB,RB,"https://static.www.nfl.com/image/private/f_auto,q_auto/league/w58uf8rmlucv7qagwrfv",9,NO,0,0,0,0,0,0,0,0,0,0,0,0,,0,,,50,251,1,0,0,15,4.676732745138,1,19,19,152,1,0,0,-9,161,9,11.2731997062577,0,-16.8888888888889,0.208791208791209,-0.0243243243243243,0.296159786159786,0,54.3,73.3
2007,REG+POST,00-0024824,,Matt Gutierrez,QB,QB,,4,NE,1,1,15,0,0,0,0,0,0,4,11,1,1.31804875528906,0,3.75,,5,-13,0,0,0,0,-5.48046281389543,0,0,0,0,0,0,0,0,0,0,,0,,,,,0,-0.7,-0.7
2007,REG+POST,00-0024846,,Gary Russell,RB,RB,,3,PIT,0,0,0,0,0,0,0,0,0,0,0,0,,0,,,10,23,0,0,0,1,-3.61665706627537,0,1,1,6,0,0,0,5,1,1,0.490988751640543,0,1.2,0.0344827586206897,0.0292397660818713,0.0721919741883444,0,2.9,3.9
2007,REG+POST,00-0024850,,Darius Walker,RB,RB,,4,HOU,0,0,0,0,0,0,0,0,0,0,0,0,,0,,,58,264,1,0,0,13,4.86162776855053,1,13,13,81,0,0,0,11,70,5,4.57516010658583,0,7.36363636363636,0.2,0.026634382566586,0.31864406779661,0,42.5,55.5
2007,REG+POST,00-0025337,,Gilbert Harris,FB,RB,,4,KC,0,0,0,0,0,0,0,0,0,0,0,0,,0,,,9,9,0,1,0,1,-2.16361440275796,0,3,3,38,0,0,0,3,35,1,1.37454254404292,0,12.6666666666667,0.0491803278688525,0.0379746835443038,0.100352770284291,0,4.7,7.7
2007,REG+POST,00-0025388,,JaMarcus Russell,QB,QB,,4,LV,36,66,373,2,4,6,40,2,1,492,137,17,-19.3605635145032,1,0.758130081300813,-0.0119969615957487,5,4,0,2,1,0,-6.95227394201399,0,0,0,0,0,0,0,0,0,0,,0,,,,,0,13.32,13.32
2007,REG+POST,00-0025389,,Calvin Johnson,WR,WR,"https://static.www.nfl.com/image/private/f_auto,q_auto/league/z6dxib9sientn4m9cljh",15,DET,0,0,0,0,0,0,0,0,0,0,0,0,,0,,,4,52,1,0,0,3,5.47181642960641,0,48,48,756,4,1,0,557,183,38,60.8639559510585,0,1.3572710951526,0.137931034482759,0.237526652452026,0.373165208440556,0,110.8,158.8
2007,REG+POST,00-0025394,A.Peterson,Adrian Peterson,RB,RB,"https://static.www.nfl.com/image/private/f_auto,q_auto/league/ug2ua3skqc9f6vkbowxc",14,MIN,0,0,0,0,0,0,0,0,0,0,0,0,,0,,,238,1341,12,4,3,62,10.9025361924016,0,19,19,268,1,0,0,1,267,13,24.188173113158,0,268.0,0.109195402298851,0.0012706480304955,0.164682557069623,0,232.9,251.9
2007,REG+POST,00-0025396,T.Ginn,Ted Ginn,WR,WR,"https://static.www.nfl.com/image/private/f_auto,q_auto/league/o4m4txrv9l7odyebnea4",15,MIA,0,0,0,0,0,0,0,0,0,0,0,0,,0,,,4,3,0,0,0,0,-2.12836213724222,0,34,34,420,2,0,0,239,181,18,36.8883146456792,0,1.75732217573222,0.132295719844358,0.171818835370237,0.318716764525703,1,60.3,94.3
2007,REG+POST,00-0025399,M.Lynch,Marshawn Lynch,RB,RB,"https://static.www.nfl.com/image/private/f_auto,q_auto/league/ddhpebfqtr9yxsnbx9ht",13,BUF,1,1,8,1,0,0,0,0,0,8,0,1,2.45555057527963,0,1.0,,280,1115,7,1,1,51,-27.4354127878046,1,18,18,184,0,1,0,-13,197,10,13.7116145389737,0,-14.1538461538462,0.116883116883117,-0.0174029451137885,0.163142613745023,0,176.22,194.22
2007,REG+POST,00-0025409,,Brady Quinn,QB,QB,,1,CLE,3,8,45,0,0,0,0,0,0,44,18,3,0.587793182240904,0,1.02272727272727,-0.0463218305135629,0,0,0,0,0,0,,0,0,0,0,0,0,0,0,0,0,,0,,,,,0,1.8,1.8
2007,REG+POST,00-0025410,,Dwayne Bowe,WR,WR,"https://static.www.nfl.com/image/private/f_auto,q_auto/league/ihvktvkw198qeclu6mtk",15,KC,0,0,0,0,0,0,0,0,0,0,0,0,,0,,,0,0,0,0,0,0,,0,70,70,995,5,0,0,612,367,51,99.8268273631697,0,1.62581699346405,0.221518987341772,0.324152542372881,0.559185260673675,0,129.5,199.5
2007,REG+POST,00-0025417,,Craig Davis,WR,WR,,12,LAC,0,0,0,0,0,0,0,0,0,0,0,0,,0,,,3,9,0,0,0,0,-0.744895057519898,0,22,22,211,1,0,0,138,73,13,21.1148862965347,0,1.52898550724638,0.0932203389830508,0.0818991097922849,0.197159885329176,0,28.0,50.0
2007,REG+POST,00-0025418,G.Olsen,Greg Olsen,TE,TE,"https://static.www.nfl.com/image/private/f_auto,q_auto/league/jevf1bubmrv2vvmiwq3r",12,CHI,0,0,0,0,0,0,0,0,0,0,0,0,,0,,,0,0,0,0,0,0,,0,39,39,391,2,0,0,245,146,19,29.3581480840705,1,1.59591836734694,0.160493827160494,0.166893732970027,0.35756635381976,0,53.1,92.1
2007,REG+POST,00-0025419,,Anthony Gonzalez,WR,WR,,12,IND,0,0,0,0,0,0,0,0,0,0,0,0,,0,,,0,0,0,0,0,0,,0,41,41,655,4,0,0,395,207,29,56.7921518407581,0,1.65822784810127,0.150735294117647,0.204451345755694,0.369218883205456,0,89.5,130.5
2007,REG+POST,00-0025423,,Kevin Kolb,QB,QB,,1,PHI,0,0,0,0,0,2,13,1,1,0,0,0,-5.05736778967548,0,,,3,-2,0,0,0,0,0.0,0,0,0,0,0,0,0,0,0,0,,0,,,,,0,-2.2,-2.2
2007,REG+POST,00-0025425,,Zach Miller,TE,TE,,15,LV,0,0,0,0,0,0,0,0,0,0,0,0,,0,,,0,0,0,0,0,0,,0,44,44,444,3,1,1,285,147,24,32.4082167899412,0,1.55789473684211,0.172549019607843,0.179697351828499,0.384611675691714,0,60.4,104.4
2007,REG+POST,00-0025427,,John Beck,QB,QB,,5,MIA,60,107,559,1,3,10,69,5,4,793,192,24,-41.5271162052271,1,0.704918032786885,0.0012246369087702,9,12,1,2,1,4,-6.73128071805695,0,0,0,0,0,0,0,0,0,0,,0,,,,,0,19.56,19.56
2007,REG+POST,00-0025431,,Sidney Rice,WR,WR,,11,MIN,2,2,94,0,0,0,0,0,0,62,32,2,5.1458935259725,0,1.51612903225806,,0,0,0,0,0,0,,0,31,31,396,4,0,0,277,119,25,43.6483634708046,0,1.42960288808664,0.186746987951807,0.249324932493249,0.454647934672985,0,67.36,98.36
2007,REG+POST,00-0025432,,Dwayne Jarrett,WR,WR,,4,CAR,0,0,0,0,0,0,0,0,0,0,0,0,,0,,,1,11,0,0,0,1,1.02177845174447,0,6,6,73,0,0,0,72,1,2,2.42299099609954,0,1.01388888888889,0.117647058823529,0.221538461538462,0.331547511312217,0,8.4,14.4
2007,REG+POST,00-0025437,,Chris Henry,RB,RB,,7,TEN,0,0,0,0,0,0,0,0,0,0,0,0,,0,,,32,119,2,0,0,5,-3.83492218229334,0,6,6,53,0,0,0,-14,67,2,2.56785354169551,0,-3.78571428571429,0.0689655172413793,-0.0285132382892057,0.083489009059625,0,29.2,35.2
2007,REG+POST,00-0025438,,Steve Smith,WR,WR,,8,NYG,0,0,0,0,0,0,0,0,0,0,0,0,,0,,,0,0,0,0,0,0,,0,22,22,215,0,0,0,170,45,13,17.2236771289095,0,1.26470588235294,0.136645962732919,0.139002452984464,0.302270661188504,0,21.5,43.5
2007,REG+POST,00-0025439,,Brian Leonard,RB,RB,,15,LA,0,0,0,0,0,0,0,0,0,0,0,0,,0,,,86,303,0,0,0,14,-13.5157098370837,0,30,30,183,0,0,0,51,132,8,2.17692861735254,0,3.58823529411765,0.103092783505155,0.0268845545598313,0.173458363449614,0,48.6,78.6
2007,REG+POST,00-0025442,,Josh Wilson,DB,DB,"https://static.www.nfl.com/image/private/f_auto,q_auto/league/l4cxrhaf4xpnmdxapfrd",1,SEA,0,0,0,0,0,0,0,0,0,0,0,0,,0,,,0,0,0,0,0,0,,0,0,0,0,0,0,0,0,0,0,,0,,,,,1,6.0,6.0
2007,REG+POST,00-0025450,,Brandon Jackson,RB,RB,,11,GB,0,0,0,0,0,0,0,0,0,0,0,0,,0,,,83,301,1,0,0,12,-12.9925371669754,0,18,18,144,1,0,0,-11,155,7,6.72112491180165,0,-13.0909090909091,0.0972972972972973,-0.0118279569892473,0.137666376053473,0,56.5,74.5
2007,REG+POST,00-0025458,,Lorenzo Booker,RB,RB,,5,MIA,0,0,0,0,0,0,0,0,0,0,0,0,,0,,,28,125,0,0,0,8,3.25689647565014,0,28,28,237,0,0,0,81,156,13,14.0378126555006,0,2.92592592592593,0.245614035087719,0.123475609756098,0.454853979460847,0,36.2,64.2
2007,REG+POST,00-0025460,,Jacoby Jones,WR,WR,"https://static.www.nfl.com/image/private/f_auto,q_auto/league/yhjtycrpq7jtfarxkhcx",6,HOU,0,0,0,0,0,0,0,0,0,0,0,0,,0,,,3,-1,0,0,0,1,-0.685157361789607,0,15,15,149,0,1,1,96,53,9,10.121854109806,0,1.55208333333333,0.113636363636364,0.13540197461213,0.265235927683036,0,12.8,27.8
2007,REG+POST,00-0025461,,Yamon Figurs,WR,WR,,4,BAL,0,0,0,0,0,0,0,0,0,0,0,0,,0,,,1,-1,0,0,0,0,-1.02926085324725,0,1,1,36,0,0,0,34,2,1,3.66972944291774,0,1.05882352941176,0.0666666666666667,0.185792349726776,0.230054644808743,2,15.5,16.5
2007,REG+POST,00-0025462,,Laurent Robinson,WR,WR,,13,ATL,0,0,0,0,0,0,0,0,0,0,0,0,,0,,,0,0,0,0,0,0,,0,37,37,437,1,1,1,306,131,14,17.9923823687072,0,1.4281045751634,0.132142857142857,0.205369127516779,0.341972674976031,0,47.7,84.7
2007,REG+POST,00-0025463,,Jason Hill,WR,WR,,1,SF,0,0,0,0,0,0,0,0,0,0,0,0,,0,,,0,0,0,0,0,0,,0,1,1,6,0,0,0,6,0,0,-0.0237286342307925,0,1.0,0.0454545454545455,0.0535714285714286,0.105681818181818,0,0.6,1.6
2007,REG+POST,00-0025464,,Matt Spaeth,TE,TE,"https://static.www.nfl.com/image/private/f_auto,q_auto/league/wywcnns8be7rzlrwnjwh",5,PIT,0,0,0,0,0,0,0,0,0,0,0,0,,0,,,0,0,0,0,0,0,,0,6,6,41,3,0,0,21,20,4,7.35392568045063,0,1.95238095238095,0.0594059405940594,0.0434782608695652,0.119543693499785,0,22.1,28.1
2007,REG+POST,00-0025465,,James Jones,WR,WR,,14,GB,0,0,0,0,0,0,0,0,0,0,0,0,,0,,,0,0,0,0,0,0,,0,50,50,718,2,3,2,433,285,31,49.7020837634627,0,1.65819861431871,0.142450142450142,0.219018715225089,0.366988314332776,0,79.8,129.8
2007,REG+POST,00-0025477,,Tony Hunt,RB,RB,,5,PHI,0,0,0,0,0,0,0,0,0,0,0,0,,0,,,10,16,1,0,0,5,-0.40516513469629,0,0,0,0,0,0,0,0,0,0,,0,,,,,0,7.6,7.6
2007,REG+POST,00-0025479,,Trent Edwards,QB,QB,,10,BUF,151,269,1630,7,8,12,105,3,0,1899,837,81,-41.9233145653312,0,0.858346498156925,0.0066497531112009,14,49,0,1,0,4,1.11056258986355,0,0,0,0,0,0,0,0,0,0,,0,,,,,0,82.1,82.1
2007,REG+POST,00-0025480,,Garrett Wolfe,RB,RB,,9,CHI,0,0,0,0,0,0,0,0,0,0,0,0,,0,,,31,85,0,0,0,4,-8.95137529668864,0,9,9,117,0,1,0,-16,133,4,7.85381929833106,0,-7.3125,0.125,-0.0946745562130178,0.121227810650888,0,20.2,29.2
2007,REG+POST,00-0025486,,Johnnie Lee Higgins,WR,WR,,5,LV,0,0,0,0,0,0,0,0,0,0,0,0,,0,,,2,3,0,0,0,0,-0.709052757127211,0,6,6,48,0,0,0,46,2,2,1.42122937971726,0,1.04347826086957,0.0833333333333333,0.104783599088838,0.198348519362187,0,5.1,11.1
2007,REG+POST,00-0025488,,Adam Podlesh,P,SPEC,,1,JAX,0,0,0,0,0,0,0,0,0,0,0,0,,0,,,2,-2,0,1,1,0,-7.43781276675873,0,0,0,0,0,0,0,0,0,0,,0,,,,,0,-2.2,-2.2
2007,REG+POST,00-0025494,,Antonio Pittman,RB,RB,,9,LA,0,0,0,0,0,0,0,0,0,0,0,0,,0,,,38,139,0,0,0,7,-5.59526891936548,0,3,3,15,0,0,0,0,15,0,-0.734800419071689,0,0.0,0.0441176470588235,0.0,0.0661764705882353,0,15.4,18.4
2007,REG+POST,00-0025498,,Dwayne Wright,RB,RB,,10,BUF,0,0,0,0,0,0,0,0,0,0,0,0,,0,,,29,94,0,0,0,8,-5.88796071673454,0,3,3,17,0,1,1,-2,19,1,-7.21311664604582,0,-8.5,0.0535714285714286,-0.0076335877862595,0.0750136314067612,0,9.1,12.1
2007,REG+POST,00-0025499,,Daniel Sepulveda,P,SPEC,,1,PIT,1,1,32,0,0,0,0,0,0,9,23,1,5.25559338764288,0,3.55555555555556,,0,0,0,0,0,0,,0,0,0,0,0,0,0,0,0,0,,0,,,,,0,1.28,1.28
2007,REG+POST,00-0025505,,Ryne Robinson,WR,WR,,3,CAR,0,0,0,0,0,0,0,0,0,0,0,0,,0,,,0,0,0,0,0,0,,0,4,4,35,0,0,0,18,17,2,3.13780708805353,0,1.94444444444444,0.0816326530612245,0.0508474576271187,0.15804219993082,0,3.5,7.5
2007,REG+POST,00-0025515,,Chris Davis,WR,WR,,5,TEN,0,0,0,0,0,0,0,0,0,0,0,0,,0,,,3,30,0,0,0,2,1.73353066807613,0,7,7,49,0,1,1,26,23,2,-1.68278260983061,0,1.88461538461538,0.101449275362319,0.0671834625322997,0.199202336816088,0,5.9,12.9
2007,REG+POST,00-0025520,,Martrez Milner,TE,TE,,6,ATL,0,0,0,0,0,0,0,0,0,0,0,0,,0,,,0,0,0,0,0,0,,0,9,9,50,0,0,0,25,25,2,1.24887569769793,0,2.0,0.0703125,0.0353107344632768,0.130186264124294,0,5.0,14.0
2007,REG+POST,00-0025524,,Le'Ron McClain,FB,RB,,12,BAL,0,0,0,0,0,0,0,0,0,0,0,0,,0,,,8,18,0,0,0,2,-2.24370563792763,0,9,9,55,1,1,1,1,54,1,-0.815260615432635,0,55.0,0.0580645161290323,0.0016806722689075,0.0882732447817837,0,11.3,20.3
2007,REG+POST,00-0025529,,Steve Breaston,WR,WR,,5,ARI,0,0,0,0,0,0,0,0,0,0,0,0,,0,,,2,8,0,0,0,1,-0.952755143515163,0,8,8,92,0,0,0,55,37,3,7.12628160646367,0,1.67272727272727,0.123076923076923,0.135135135135135,0.279209979209979,1,16.0,24.0
2007,REG+POST,00-0025533,,Aundrae Allison,WR,WR,,7,MIN,0,0,0,0,0,0,0,0,0,0,0,0,,0,,,2,3,0,0,0,0,-0.7050626790151,0,8,8,113,0,1,1,65,48,5,3.00449185963953,0,1.73846153846154,0.0816326530612245,0.118829981718464,0.205629966794762,1,15.6,23.6
2007,REG+POST,00-0025535,,Kolby Smith,RB,RB,,9,KC,0,0,0,0,0,0,0,0,0,0,0,0,,0,,,112,407,2,0,0,26,-4.49257051886525,0,22,22,148,0,0,0,-6,154,5,-0.0133951863390394,0,-24.6666666666667,0.113989637305699,-0.005708848715509,0.166988261857693,0,67.5,89.5
2007,REG+POST,00-0025540,,Kevin Boss,TE,TE,,9,NYG,0,0,0,0,0,0,0,0,0,0,0,0,,0,,,0,0,0,0,0,0,,0,14,14,208,2,0,0,137,71,12,17.6202321503661,0,1.51824817518248,0.0782122905027933,0.103396226415094,0.189695794244756,0,32.8,46.8
2007,REG+POST,00-0025542,,Dante Rosario,TE,TE,,4,CAR,0,0,0,0,0,0,0,0,0,0,0,0,,0,,,0,0,0,0,0,0,,0,6,6,108,2,0,0,72,36,5,11.5002538440749,0,1.5,0.0909090909090909,0.188976377952756,0.268647100930566,0,22.8,28.8
2007,REG+POST,00-0025549,B.Celek,Brent Celek,TE,TE,"https://static.www.nfl.com/image/private/f_auto,q_auto/league/mit6ahic4gkdhy1hkejt",8,PHI,0,0,0,0,0,0,0,0,0,0,0,0,,0,,,0,0,0,0,0,0,,0,16,16,178,1,0,0,106,72,10,16.0061520161107,0,1.67924528301887,0.0888888888888889,0.113856068743287,0.213032581453634,0,23.8,39.8
2007,REG+POST,00-0025555,C.Graham,Corey Graham,FS,DB,"https://static.www.nfl.com/image/private/f_auto,q_auto/league/xay4nrpgnss2wevzwvw3",1,CHI,0,0,0,0,0,0,0,0,0,0,0,0,,0,,,0,0,0,0,0,0,,0,0,0,0,0,0,0,0,0,0,,0,,,,,1,6.0,6.0
2007,REG+POST,00-0025559,,Legedu Naanee,WR,WR,,5,LAC,0,0,0,0,0,0,0,0,0,0,0,0,,0,,,0,0,0,0,0,0,,0,9,9,96,0,0,0,14,82,5,8.66645480442094,0,6.85714285714286,0.09375,0.0216383307573416,0.155771831530139,0,9.6,18.6
2007,REG+POST,00-0025561,,Troy Smith,QB,QB,,4,BAL,40,76,452,2,0,4,29,1,1,752,172,25,6.08982785268388,0,0.601063829787234,0.0319614381923506,12,54,1,2,1,5,0.593830477603474,0,0,0,0,0,0,0,0,0,0,,0,,,,,0,33.48,33.48
2007,REG+POST,00-0025562,,Oren O'Neal,FB,RB,,1,LV,0,0,0,0,0,0,0,0,0,0,0,0,,0,,,0,0,0,0,0,0,,0,1,1,1,0,0,0,-2,3,0,-0.482974898768589,0,-0.5,0.0666666666666667,-0.0224719101123596,0.0842696629213483,0,0.1,1.1
2007,REG+POST,00-0025568,,Reagan Maui'a,FB,RB,,4,MIA,0,0,0,0,0,0,0,0,0,0,0,0,,0,,,4,5,0,0,0,0,-2.66193417017348,0,2,2,5,0,1,0,0,5,0,-0.605339790461585,0,0.0,0.0645161290322581,0.0,0.0967741935483871,0,1.0,3.0
2007,REG+POST,00-0025578,,Korey Hall,RB,RB,,7,GB,0,0,0,0,0,0,0,0,0,0,0,0,,0,,,0,0,0,0,0,0,,0,9,9,61,0,0,0,18,43,4,4.5067595577566,0,3.38888888888889,0.0483870967741936,0.0251748251748252,0.0902030227836679,0,6.1,15.1
2007,REG+POST,00-0025582,,Deon Anderson,FB,RB,,2,DAL,0,0,0,0,0,0,0,0,0,0,0,0,,0,,,0,0,0,0,0,0,,0,6,6,55,0,0,0,14,41,3,3.3756210434949,0,3.92857142857143,0.1,0.0419161676646707,0.179341317365269,0,5.5,11.5
2007,REG+POST,00-0025584,,Courtney Taylor,WR,WR,,3,SEA,0,0,0,0,0,0,0,0,0,0,0,0,,0,,,0,0,0,0,0,0,,0,5,5,38,0,0,0,24,14,2,3.47757017752156,0,1.58333333333333,0.0684931506849315,0.0666666666666667,0.149406392694064,0,3.8,8.8
2007,REG+POST,00-0025602,,Ben Patrick,TE,TE,,5,ARI,0,0,0,0,0,0,0,0,0,0,0,0,,0,,,0,0,0,0,0,0,,0,7,7,73,2,0,0,29,44,6,12.4519039862207,0,2.51724137931035,0.0514705882352941,0.0311493018259936,0.0990103936311367,0,19.3,26.3
2007,REG+POST,00-0025604,,Tyler Thigpen,QB,QB,,1,KC,2,6,41,0,1,1,9,0,0,85,28,2,-5.09859441895969,0,0.482352941176471,-0.0456701938008945,0,0,0,0,0,0,,0,0,0,0,0,0,0,0,0,0,,0,,,,,0,-0.36,-0.36
2007,REG+POST,00-0025609,,Derek Schouman,TE,TE,,2,BUF,0,0,0,0,0,0,0,0,0,0,0,0,,0,,,0,0,0,0,0,0,,0,3,3,19,0,0,0,4,15,1,1.31390835216735,0,4.75,0.0697674418604651,0.012779552715655,0.113596849691656,0,1.9,4.9
2007,REG+POST,00-0025615,,DeShawn Wynn,RB,RB,,7,GB,0,0,0,0,0,0,0,0,0,0,0,0,,0,,,50,203,4,0,0,10,-1.64370107894113,0,9,9,73,0,0,0,-17,90,4,4.08891634794418,0,-4.29411764705882,0.0638297872340426,-0.023643949930459,0.0791939158997425,0,51.6,60.6
2007,REG+POST,00-0025616,,John Broussard,WR,WR,,2,JAX,0,0,0,0,0,0,0,0,0,0,0,0,,0,,,0,0,0,0,0,0,,0,4,4,126,1,0,0,122,4,3,9.99404565931763,0,1.0327868852459,0.108108108108108,0.295399515738499,0.368941823179111,0,18.6,22.6
2007,REG+POST,00-0025627,,Brandon Siler,ILB,LB,,1,LAC,0,0,0,0,0,0,0,0,0,0,0,0,,0,,,0,0,0,0,0,0,,0,0,0,0,0,0,0,0,0,0,,0,,,,,1,6.0,6.0
2007,REG+POST,00-0025631,,Jason Snelling,FB,RB,,6,ATL,0,0,0,0,0,0,0,0,0,0,0,0,,0,,,13,43,1,0,0,6,1.08185136085376,0,0,0,0,0,0,0,0,0,0,,0,,,,,0,10.3,10.3
2007,REG+POST,00-0025633,,Kenneth Darby,RB,RB,,1,TB,0,0,0,0,0,0,0,0,0,0,0,0,,0,,,2,9,0,0,0,1,0.356603338150308,0,2,2,16,0,0,0,1,15,0,0.902475075679831,0,16.0,0.0909090909090909,0.0068027210884353,0.141125541125541,0,2.5,4.5
2007,REG+POST,00-0025636,,Derek Stanley,WR,WR,,1,LA,0,0,0,0,0,0,0,0,0,0,0,0,,0,,,1,5,0,0,0,0,0.177565989783034,0,0,0,0,0,0,0,0,0,0,,0,,,,,0,0.5,0.5
2007,REG+POST,00-0025637,,Ahmad Bradshaw,RB,RB,"https://static.www.nfl.com/image/private/f_auto,q_auto/league/vlgcz2so2urjgowxz3tz",9,NYG,0,0,0,0,0,0,0,0,0,0,0,0,,0,,,71,398,2,0,0,15,6.52580866462085,0,6,6,39,0,0,0,12,27,2,1.10401918395655,0,3.25,0.0545454545454545,0.014475271411339,0.0919508718061191,0,55.7,61.7
2007,REG+POST,00-0025701,,Jackie Battle,RB,RB,,2,KC,0,0,0,0,0,0,0,0,0,0,0,0,,0,,,14,47,1,0,0,3,-0.658274267421803,0,1,1,4,0,0,0,-1,5,0,-0.161267597810365,0,-4.0,0.05,-0.0084745762711864,0.0690677966101695,0,11.1,12.1
2007,REG+POST,00-0025708,M.Moore,Matt Moore,QB,QB,"https://static.www.nfl.com/image/private/f_auto,q_auto/league/h04zarfikqlgerdftbgp",8,CAR,63,111,730,3,5,6,40,1,0,1166,256,37,0.171518888103004,0,0.626072041166381,0.02225661496624,3,5,0,1,0,0,-4.36738186131697,0,0,0,0,0,0,0,0,0,0,,0,,,,,0,31.7,31.7
2007,REG+POST,00-0025794,,Chris Davis,WR,WR,,2,NYJ,0,0,0,0,0,0,0,0,0,0,0,0,,0,,,1,3,0,0,0,0,-0.18646852648817,0,1,1,3,0,0,0,0,3,0,-0.191217884421349,0,0.0,0.0666666666666667,,,0,0.6,1.6
2008,REG,00-0001157,,Mitch Berger,P,SPEC,,1,PIT,0,0,0,0,0,0,0,0,0,0,0,0,,0,,,1,0,0,0,0,0,-0.432945968117565,0,0,0,0,0,0,0,0,0,0,,0,,,,,0,0.0,0.0
2008,REG,00-0001477,,Marty Booker,WR,WR,,7,CHI,0,0,0,0,0,0,0,0,0,0,0,0,,0,,,1,3,0,0,0,0,-0.127859664382413,0,14,14,211,2,0,0,116,95,9,18.7589759491966,0,1.81896551724138,0.099290780141844,0.132875143184422,0.241948770441861,0,33.4,47.4
2008,REG,00-0002099,,Isaac Bruce,WR,WR,,15,SF,0,1,0,0,0,0,0,0,0,9,0,0,-0.489633759483695,0,0.0,,1,-3,0,0,0,0,-0.87379137868993,0,60,60,833,7,0,0,614,219,43,77.7035728370681,0,1.35667752442997,0.203389830508475,0.315843621399177,0.526175280742136,0,125.0,185.0
2008,REG,00-0002565,,Dan Campbell,TE,TE,,1,DET,0,0,0,0,0,0,0,0,0,0,0,0,,0,,,0,0,0,0,0,0,,0,1,1,21,0,0,0,13,8,1,1.87768741499167,0,1.61538461538462,0.0416666666666667,0.0855263157894737,0.122368421052632,0,2.1,3.1
2008,REG,00-0002586,,Mark Campbell,TE,TE,,7,NO,0,0,0,0,0,0,0,0,0,0,0,0,,0,,,0,0,0,0,0,0,,0,12,12,121,2,0,0,52,69,8,9.61466513352934,0,2.32692307692308,0.069364161849711,0.0426229508196721,0.133882308348337,0,24.1,36.1
2008,REG,00-0003035,,Desmond Clark,TE,TE,,16,CHI,0,0,0,0,0,0,0,0,0,0,0,0,,0,,,0,0,0,0,0,0,,0,41,42,367,1,1,0,163,204,18,24.9253007489416,0,2.25153374233129,0.136807817589577,0.0933562428407789,0.27056109637291,0,42.7,83.7
2008,REG,00-0003292,,Kerry Collins,QB,QB,,16,TEN,243,416,2681,12,7,8,60,3,1,3604,1155,133,28.330679870147,1,0.743895671476138,0.0707008139609443,25,49,0,2,0,4,-8.14598004860527,0,0,0,0,0,0,0,0,0,0,,0,,,,,0,146.14,146.14
2008,REG,00-0003739,,Daunte Culpepper,QB,QB,,5,DET,60,115,786,4,6,14,95,4,1,984,303,30,-42.6980088882005,0,0.798780487804878,0.0061875308921981,11,25,1,0,0,3,-0.447146152029745,0,0,0,0,0,0,0,0,0,0,,0,,,,,0,41.94,41.94
2008,REG,00-0004161,,Jake Delhomme,QB,QB,,16,CAR,246,414,3284,15,12,20,130,3,2,3876,1226,151,38.6183755421797,0,0.847265221878225,0.0763524956821924,20,21,2,1,1,2,-9.21708664862621,0,0,0,0,0,0,0,0,0,0,,0,,,,,0,175.46,175.46
2008,REG,00-0004541,,Donald Driver,WR,WR,,16,GB,0,0,0,0,0,0,0,0,0,0,0,0,,0,,,2,4,0,0,0,0,-0.88177700410597,0,74,74,1012,5,0,0,627,385,44,75.3904552975912,0,1.6140350877193,0.215743440233236,0.249304174950298,0.498128082815063,0,131.6,205.6
2008,REG,00-0004640,,Warrick Dunn,RB,RB,,15,TB,0,0,0,0,0,0,0,0,0,0,0,0,,0,,,186,786,2,0,0,31,-25.7315996719837,0,47,47,330,0,0,0,54,276,11,10.4192018566248,0,6.11111111111111,0.149206349206349,0.0374479889042996,0.250023116042534,0,123.6,170.6
2008,REG,00-0004915,,Bobby Engram,WR,WR,,12,SEA,0,0,0,0,0,0,0,0,0,0,0,0,,0,,,0,0,0,0,0,0,,0,47,47,489,0,1,0,310,179,25,38.7320741164731,0,1.57741935483871,0.231527093596059,0.261603375527426,0.530413003263287,0,48.9,95.9
2008,REG,00-0005091,,Kevin Faulk,RB,RB,,15,NE,1,1,-2,0,0,0,0,0,0,-4,2,0,-0.969695234962273,0,0.0,,83,507,3,0,0,24,17.2076524048583,0,58,58,486,3,0,0,28,458,23,30.2717036088781,0,17.3571428571429,0.180124223602484,0.0175,0.282436335403727,0,135.22,193.22
2008,REG,00-0005106,,Brett Favre,QB,QB,,16,NYJ,343,522,3472,22,22,30,213,5,2,4062,1644,184,20.5424615757543,1,0.854751354012802,0.0971269572363384,21,43,1,5,0,4,-2.45879641747809,0,0,0,0,0,0,0,0,0,0,,0,,,,,0,191.18,191.18
2008,REG,00-0005231,,Brian Finneran,WR,WR,,11,ATL,0,0,0,0,0,0,0,0,0,0,0,0,,0,,,0,0,0,0,0,0,,0,21,21,169,1,1,1,111,58,14,13.2708576547448,0,1.52252252252252,0.106060606060606,0.0771905424200278,0.213124288784929,0,20.9,41.9
2008,REG,00-0005589,,Gus Frerotte,QB,QB,,11,MIN,178,301,2157,12,15,29,164,2,0,2463,955,101,-31.7379702417633,0,0.875761266747869,0.0203394422838475,19,7,1,2,1,3,-10.2185069602856,0,0,0,0,0,0,0,0,0,0,,0,,,,,0,108.98,108.98
2008,REG,00-0005720,,Joey Galloway,WR,WR,,5,TB,0,0,0,0,0,0,0,0,0,0,0,0,,0,,,0,0,0,0,0,0,,0,13,13,138,0,0,0,92,46,6,8.1089246784104,0,1.5,0.10655737704918,0.154362416107383,0.267889756848938,0,13.8,26.8
2008,REG,00-0005755,,Jeff Garcia,QB,QB,,12,TB,244,377,2712,12,6,24,103,5,2,2795,1193,125,41.3044747026425,1,0.970304114490161,0.116895552717802,34,151,1,2,0,14,5.6997772504983,0,0,0,0,0,0,0,0,0,0,,0,,,,,0,163.58,163.58
2008,REG,00-0006101,,Tony Gonzalez,TE,TE,,16,KC,0,0,0,0,0,0,0,0,0,0,0,0,,0,,,0,0,0,0,0,0,,0,96,96,1058,10,0,0,806,252,67,102.969696972751,0,1.31265508684864,0.309677419354839,0.40279860069965,0.746475149522013,0,165.8,261.8
2008,REG,00-0006305,,Ahman Green,RB,RB,,8,HOU,0,0,0,0,0,0,0,0,0,0,0,0,,0,,,74,294,3,0,0,23,4.96162012049442,0,11,11,32,0,0,0,-30,62,0,-3.10926614551352,0,-1.06666666666667,0.0700636942675159,-0.0314795383001049,0.0830598645912004,0,50.6,61.6
2008,REG,00-0006355,,Trent Green,QB,QB,,3,LA,38,72,525,0,6,6,58,0,0,764,227,19,-32.5489603184067,0,0.68717277486911,-0.0096881312796577,3,4,0,0,0,1,1.70255734072998,0,0,0,0,0,0,0,0,0,0,,0,,,,,0,9.4,9.4
2008,REG,00-0006423,,Brian Griese,QB,QB,,5,TB,110,184,1073,5,7,9,69,1,1,1278,444,58,-23.0858872149862,0,0.839593114241002,0.0231853997350853,5,-1,0,0,0,1,-2.20328964453074,0,0,0,0,0,0,0,0,0,0,,0,,,,,0,46.82,46.82
2008,REG,00-0007024,,Marvin Harrison,WR,WR,,15,IND,0,0,0,0,0,0,0,0,0,0,0,0,,0,,,0,0,0,0,0,0,,0,60,60,636,5,1,1,450,186,41,42.5806847340718,0,1.41333333333333,0.164835164835165,0.2,0.387252747252747,0,91.6,151.6
2008,REG,00-0007091,,Matt Hasselbeck,QB,QB,"https://static.www.nfl.com/image/private/f_auto,q_auto/league/t1nf9avoy2kauqwrvzza",7,SEA,109,209,1216,5,10,19,119,1,0,1935,439,65,-35.8920877952897,0,0.628423772609819,-0.0073336385978814,11,69,0,0,0,5,7.86550457467092,0,0,0,0,0,0,0,0,0,0,,0,,,,,0,55.54,55.54
2008,REG,00-0007213,,Steve Heiden,TE,TE,"https://static.www.nfl.com/image/private/f_auto,q_auto/league/gbtrxatwcauhazpjejcr",9,CLE,0,0,0,0,0,0,0,0,0,0,0,0,,0,,,0,0,0,0,0,0,,0,23,23,249,0,0,0,123,126,14,20.9989340946195,0,2.02439024390244,0.154362416107383,0.14252607184241,0.331311874450761,0,24.9,47.9
2008,REG,00-0007308,,Craig Hentrich,P,SPEC,,2,TEN,0,0,0,0,0,0,0,0,0,0,0,0,,0,,,2,-6,0,1,1,0,-4.02530459425179,0,0,0,0,0,0,0,0,0,0,,0,,,,,0,-2.6,-2.6
2008,REG,00-0007468,,Ike Hilliard,WR,WR,,15,TB,0,0,0,0,0,0,0,0,0,0,0,0,,0,,,1,0,0,0,0,0,-0.332809139974415,0,47,47,424,4,1,1,284,140,31,40.515771937964,0,1.49295774647887,0.135446685878963,0.13719806763285,0.299208676161439,0,64.4,111.4
2008,REG,00-0007681,,Torry Holt,WR,WR,,16,LA,0,0,0,0,0,0,0,0,0,0,0,0,,0,,,0,0,0,0,0,0,,0,64,64,796,3,0,0,662,134,40,67.8261555123654,0,1.202416918429,0.217687074829932,0.352127659574468,0.573019973947026,0,97.6,161.6
2008,REG,00-0007835,,Damon Huard,QB,QB,,5,KC,50,81,477,2,4,9,56,3,1,659,200,20,-26.5001644716128,0,0.723823975720789,0.0440107511696571,4,13,0,1,0,1,0.693488824705128,0,0,0,0,0,0,0,0,0,0,,0,,,,,0,18.38,18.38
2008,REG,00-0008241,,Edgerrin James,RB,RB,,13,ARI,0,0,0,0,0,0,0,0,0,0,0,0,,0,,,133,514,3,1,1,24,-14.1546427842785,1,12,12,85,0,1,1,28,57,4,-0.138810251257382,0,3.03571428571429,0.0816326530612245,0.0334928229665072,0.145893955668392,0,75.9,87.9
2008,REG,00-0008442,,Brad Johnson,QB,QB,,3,DAL,41,78,427,2,5,8,54,0,0,701,178,16,-22.1774164676124,0,0.609129814550642,-0.0016552755071664,2,-1,0,1,0,0,-2.50137351872399,0,0,0,0,0,0,0,0,0,0,,0,,,,,0,14.98,14.98
2008,REG,00-0008484,,Dirk Johnson,P,SPEC,,1,ARI,1,1,10,0,0,0,0,0,0,7,3,0,-2.37351589906029,0,1.42857142857143,,0,0,0,0,0,0,,0,0,0,0,0,0,0,0,0,0,,0,,,,,0,0.4,0.4
2008,REG,00-0009119,,Reggie Kelly,TE,TE,,13,CIN,0,0,0,0,0,0,0,0,0,0,0,0,,0,,,0,0,0,0,0,0,,0,31,31,207,0,0,0,112,95,5,2.49346179056403,0,1.84821428571429,0.12156862745098,0.0883280757097792,0.244182594173316,0,20.7,51.7
2008,REG,00-0009137,,Pete Kendall,G,OL,,1,WAS,0,0,0,0,0,0,0,0,0,0,0,0,,0,,,0,0,0,0,0,0,,0,1,1,-9,0,1,1,-6,-3,0,-10.6079178411164,0,0.0,0.0555555555555556,-0.0560747663551402,0.0440809968847352,0,-2.9,-1.9
2008,REG,00-0009311,,Jon Kitna,QB,QB,,4,DET,68,120,758,5,5,15,89,2,1,1093,377,33,-42.9331069346914,0,0.693504117108875,-0.0189360257846388,6,26,0,1,0,3,3.51751006976701,0,0,0,0,0,0,0,0,0,0,,0,,,,,0,40.92,40.92
2008,REG,00-0009323,,Jimmy Kleinsasser,TE,TE,,5,MIN,0,0,0,0,0,0,0,0,0,0,0,0,,0,,,0,0,0,0,0,0,,0,6,6,92,0,0,0,50,42,5,8.39032291879994,0,1.84,0.0659340659340659,0.0830564784053156,0.15704063378482,0,9.2,15.2
2008,REG,00-0010346,,Peyton Manning,QB,QB,"https://static.www.nfl.com/image/private/f_auto,q_auto/league/xpcd6auodk3w0vda6jal",16,IND,371,555,4002,27,12,14,86,0,0,4810,1586,210,144.534371262319,1,0.832016632016632,0.174987572793755,20,21,1,1,0,4,-2.78462113958085,0,0,0,0,0,0,0,0,0,0,,0,,,,,0,254.18,254.18
2008,REG,00-0010500,,Derrick Mason,WR,WR,,16,BAL,0,0,0,0,0,0,0,0,0,0,0,0,,0,,,1,3,0,0,0,0,-0.358612706651911,0,80,80,1037,5,2,1,757,280,60,94.2420590373833,1,1.36988110964333,0.305343511450382,0.451401311866428,0.773996185482072,0,134.0,214.0
2008,REG,00-0010609,,Brad Maynard,P,SPEC,,1,CHI,0,1,0,0,0,0,0,0,0,23,0,0,-2.51969810784794,0,0.0,,0,0,0,0,0,0,,0,0,0,0,0,0,0,0,0,0,,0,,,,,0,0.0,0.0
2008,REG,00-0011022,,Donovan McNabb,QB,QB,,16,PHI,345,571,3914,23,11,24,153,4,4,4718,1715,196,59.907537783746,0,0.829588808817296,0.0858109393621059,38,151,2,3,1,11,-3.60920690472312,0,0,0,0,0,0,0,0,0,0,,0,,,,,0,243.66,243.66
2008,REG,00-0011236,,Billy Miller,TE,TE,,12,NO,0,0,0,0,0,0,0,0,0,0,0,0,,0,,,0,0,0,0,0,0,,0,45,45,579,1,0,0,389,190,30,43.4252418233198,0,1.48843187660668,0.138461538461538,0.167817083692839,0.325164266277295,0,63.9,108.9
2008,REG,00-0011626,,Brian Moorman,P,SPEC,,1,BUF,1,1,19,1,0,0,0,0,0,14,5,1,4.38639112265082,0,1.35714285714286,,0,0,0,0,0,0,,0,0,0,0,0,0,0,0,0,0,,0,,,,,0,4.76,4.76
2008,REG,00-0011754,,Randy Moss,WR,WR,,16,NE,0,0,0,0,0,0,0,0,0,0,0,0,,0,,,2,0,0,0,0,0,-1.15622584684752,0,69,70,1008,11,2,2,676,347,46,87.2996949811932,0,1.49112426035503,0.204678362573099,0.395321637426901,0.58374269005848,0,162.8,231.8
2008,REG,00-0011795,,Muhsin Muhammad,WR,WR,,16,CAR,0,0,0,0,0,0,0,0,0,0,0,0,,0,,,0,0,0,0,0,0,,0,65,65,923,5,2,1,606,317,46,63.9373756750359,0,1.52310231023102,0.263157894736842,0.2958984375,0.601865748355263,0,120.3,185.3
2008,REG,00-0011958,,Lorenzo Neal,FB,RB,,10,BAL,0,0,0,0,0,0,0,0,0,0,0,0,,0,,,12,25,0,0,0,6,-0.859329255385092,0,7,7,35,0,0,0,-20,55,2,0.415657887642738,0,-1.75,0.074468085106383,-0.043859649122807,0.0810003732736096,0,6.0,13.0
2008,REG,00-0012478,,Terrell Owens,WR,WR,,16,DAL,0,0,0,0,0,0,0,0,0,0,0,0,,0,,,7,33,0,0,0,2,0.429919746238738,0,69,69,1052,10,1,1,772,280,38,92.1877258278598,0,1.36269430051813,0.210365853658537,0.35122838944495,0.56140865309927,0,166.5,235.5
2008,REG,00-0012642,,David Patten,WR,WR,,5,NO,0,0,0,0,0,0,0,0,0,0,0,0,,0,,,0,0,0,0,0,0,,0,11,11,162,1,0,0,118,44,7,15.4164293518697,0,1.3728813559322,0.0797101449275362,0.113789778206365,0.19921806213576,0,22.2,33.2
2008,REG,00-0013013,,Michael Pittman,RB,RB,"https://static.www.nfl.com/image/private/f_auto,q_auto/league/xt52pieoe86wnuy0imar",8,DEN,0,0,0,0,0,0,0,0,0,0,0,0,,0,,,76,321,4,0,0,25,0.313615493767463,0,10,10,112,0,0,0,18,94,1,3.90087202553885,0,6.22222222222222,0.0847457627118644,0.027190332326284,0.146151876696195,0,67.3,77.3
2008,REG,00-0013694,,Tony Richardson,FB,RB,,5,NYJ,0,0,0,0,0,0,0,0,0,0,0,0,,0,,,10,65,0,0,0,6,4.11289589415537,0,1,1,4,0,0,0,1,3,0,-0.422587253153324,0,4.0,0.0555555555555556,0.027027027027027,0.102252252252252,0,6.9,7.9
2008,REG,00-0014071,,Allen Rossum,DB,DB,,3,SF,0,0,0,0,0,0,0,0,0,0,0,0,,0,,,1,1,1,0,0,1,2.88987219176488,0,1,1,4,0,0,0,-4,8,0,-0.116843467112631,0,0.0,0.0588235294117647,-0.307692307692308,-0.127149321266968,1,12.5,13.5
2008,REG,00-0014655,,Mike Sellers,TE,TE,,8,WAS,0,0,0,0,0,0,0,0,0,0,0,0,,0,,,6,24,0,1,1,1,-6.02622211864218,0,12,13,98,1,0,0,36,61,5,3.32049752835883,0,2.72222222222222,0.0769230769230769,0.0622837370242215,0.15898323130157,0,16.2,28.2
2008,REG,00-0015601,,Aaron Stecker,RB,RB,,6,NO,0,0,0,0,0,0,0,0,0,0,0,0,,0,,,8,43,0,0,0,2,-2.57903426041594,0,9,9,52,1,0,0,9,43,2,4.62940879509552,0,5.77777777777778,0.0703125,0.0103926096997691,0.112743576789838,0,15.5,24.5
2008,REG,00-0015754,,Brandon Stokley,WR,WR,,15,DEN,0,0,0,0,0,0,0,0,0,0,0,0,,0,,,0,0,0,0,0,0,,0,49,49,528,3,0,0,361,167,36,51.8165682412707,0,1.46260387811634,0.133514986376022,0.143996808934982,0.30107024581852,0,70.8,119.8
2008,REG,00-0016098,,Fred Taylor,RB,RB,,13,JAX,0,0,0,0,0,0,0,0,0,0,0,0,,0,,,143,556,1,0,0,24,-22.9543590641062,0,16,16,98,0,1,1,5,93,2,-2.05847080540297,0,19.6,0.0647773279352227,0.0045454545454545,0.100347810084652,0,69.4,85.4
2008,REG,00-0016440,,James Thrash,WR,WR,,7,WAS,0,0,0,0,0,0,0,0,0,0,0,0,,0,,,0,0,0,0,0,0,,0,9,9,81,1,0,0,58,23,3,3.21130204792013,0,1.39655172413793,0.0596026490066225,0.0727728983688833,0.140345002368152,0,14.1,23.1
2008,REG,00-0016550,,Amani Toomer,WR,WR,,15,NYG,0,0,0,0,0,0,0,0,0,0,0,0,,0,,,0,0,0,0,0,0,,0,48,48,580,4,1,0,439,141,30,58.007527878113,0,1.32118451025057,0.171428571428571,0.231907025884839,0.419477775262244,0,82.0,130.0
2008,REG,00-0016677,,Jerame Tuman,TE,TE,,1,ARI,0,0,0,0,0,0,0,0,0,0,0,0,,0,,,0,0,0,0,0,0,,0,3,3,41,0,0,0,30,11,1,-1.03453453019029,0,1.36666666666667,0.0833333333333333,0.106007067137809,0.199204946996466,0,4.1,7.1
2008,REG,00-0016689,,Matt Turk,P,SPEC,,2,HOU,0,1,0,0,0,0,0,1,0,3,0,0,-2.7837009683135,0,0.0,,1,18,0,0,0,1,3.59743168787099,0,0,0,0,0,0,0,0,0,0,,0,,,,,0,1.8,1.8
2008,REG,00-0017162,,Hines Ward,WR,WR,,16,PIT,0,0,0,0,0,0,0,0,0,0,0,0,,0,,,0,0,0,0,0,0,,0,82,82,1047,7,1,0,650,397,55,95.3266018216091,0,1.61076923076923,0.269736842105263,0.294384057971014,0.610674103737605,0,146.7,228.7
2008,REG,00-0017200,,Kurt Warner,QB,QB,,16,ARI,402,599,4582,30,14,26,182,9,6,4213,2115,220,114.331770886459,0,1.08758604319962,0.143493653700562,18,-2,0,2,1,1,-17.390995732334,0,0,0,0,0,0,0,0,0,0,,0,,,,,0,261.08,261.08
2008,REG,00-0017915,,Ricky Williams,RB,RB,,16,MIA,0,0,0,0,0,0,0,0,0,0,0,0,,0,,,161,659,4,4,2,35,-17.5323803144178,0,29,29,219,1,1,0,77,142,9,9.76236016719486,0,2.84415584415584,0.0993150684931507,0.0421917808219178,0.178506849315068,0,113.8,142.8
2008,REG,00-0018093,,Antoine Winfield,CB,DB,"https://static.www.nfl.com/image/private/f_auto,q_auto/league/j3pr0ux21raq4puplowd",1,MIN,0,0,0,0,0,0,0,0,0,0,0,0,,0,,,0,0,0,0,0,0,,0,0,0,0,0,0,0,0,0,0,,0,,,,,1,6.0,6.0
2008,REG,00-0018958,,Laveranues Coles,WR,WR,,16,NYJ,0,0,0,0,0,0,0,0,0,0,0,0,,0,,,2,9,0,0,0,0,0.159569011535496,0,70,70,850,7,0,0,555,295,44,76.9077557825076,0,1.53153153153153,0.200573065902579,0.301139446554531,0.51165721144204,0,127.9,197.9
2008,REG,00-0019100,,Brad Hoover,FB,RB,,8,CAR,0,0,0,0,0,0,0,0,0,0,0,0,,0,,,9,18,0,0,0,5,-0.496624295366928,0,6,6,39,0,0,0,11,28,1,0.434763657627627,0,3.54545454545455,0.0909090909090909,0.0216962524654832,0.151551013089475,0,5.7,11.7
2008,REG,00-0019127,,Todd Yoder,TE,TE,,5,WAS,0,0,0,0,0,0,0,0,0,0,0,0,,0,,,0,0,0,0,0,0,,0,8,8,50,1,0,0,24,26,4,2.70966713511734,0,2.08333333333333,0.0740740740740741,0.0534521158129176,0.148527592180153,0,11.0,19.0
2008,REG,00-0019135,,Dan Kreider,FB,RB,,1,LA,0,0,0,0,0,0,0,0,0,0,0,0,,0,,,1,0,0,0,0,0,-0.172934656380676,0,0,0,0,0,0,0,0,0,0,,0,,,,,0,0.0,0.0
2008,REG,00-0019242,,Dane Looker,WR,WR,,11,LA,2,3,17,0,0,1,0,0,0,37,0,0,0.257410453574266,0,0.45945945945946,,0,0,0,0,0,0,,0,23,23,271,2,1,1,216,55,11,19.1611826139313,0,1.25462962962963,0.120418848167539,0.199445983379501,0.32024046061696,0,37.78,60.78
2008,REG,00-0019281,,Mike Furrey,WR,WR,,6,DET,0,0,0,0,0,0,0,0,0,0,0,0,,0,,,0,0,0,0,0,0,,0,18,18,181,0,0,0,134,47,9,7.5750966004195,0,1.35074626865672,0.146341463414634,0.162424242424242,0.333209164818921,0,18.1,36.1
2008,REG,00-0019457,,Anthony Becht,TE,TE,,6,LA,0,0,0,0,0,0,0,0,0,0,0,0,,0,,,0,0,0,0,0,0,,0,6,6,39,0,0,0,20,19,1,-0.268843875033781,0,1.95,0.0491803278688525,0.0294985250737463,0.0944194593549011,0,3.9,9.9
2008,REG,00-0019484,,Sammy Morris,RB,RB,,13,NE,0,0,0,0,0,0,0,0,0,0,0,0,,0,,,156,727,7,1,1,45,9.15536439080319,0,17,17,161,0,0,0,5,156,5,10.92432960734,0,32.2,0.112582781456954,0.0082236842105263,0.174630751132799,0,128.8,145.8
2008,REG,00-0019539,,Dante Hall,WR,WR,,7,LA,0,1,0,0,0,0,0,0,0,0,0,0,-0.730526670347899,0,,,4,9,0,0,0,2,0.509216381935403,0,12,12,105,0,0,0,74,31,7,9.84049471694743,0,1.41891891891892,0.12,0.122516556291391,0.265761589403974,0,11.4,23.4
2008,REG,00-0019559,,Chad Pennington,QB,QB,,16,MIA,321,476,3653,19,7,23,117,2,1,3884,1404,180,90.0194417308048,0,0.940525231719876,0.14447773318967,31,58,1,1,0,6,-7.2931169794756,0,0,0,0,0,0,0,0,0,0,,0,,,,,0,217.92,217.92
2008,REG,00-0019587,,Terrelle Smith,FB,RB,,2,ARI,0,0,0,0,0,0,0,0,0,0,0,0,,0,,,0,0,0,0,0,0,,0,2,2,24,0,0,0,9,15,1,1.25604924268555,0,2.66666666666667,0.0317460317460317,0.0228426395939086,0.0636088953347837,0,2.4,4.4
2008,REG,00-0019596,T.Brady,Tom Brady,QB,QB,"https://static.www.nfl.com/image/private/f_auto,q_auto/league/q7dpdlxyu5rs05rgh1le",1,NE,7,11,76,0,0,0,0,0,0,74,28,3,0.037038876209408,0,1.02702702702703,0.0397638401228832,0,0,0,0,0,0,,0,0,0,0,0,0,0,0,0,0,,0,,,,,0,3.04,3.04
2008,REG,00-0019599,,Marc Bulger,QB,QB,,15,LA,252,441,2727,11,13,38,263,4,3,3819,1157,121,-80.129428507146,0,0.714061272584446,-0.0070592365206906,14,41,0,1,1,3,-1.7886689048277,0,2,2,17,0,0,0,17,0,0,1.30816211958881,0,1.0,0.0487804878048781,0.0524691358024691,0.109899126769046,0,124.88,126.88
2008,REG,00-0019641,,Thomas Jones,RB,RB,,16,NYJ,0,0,0,0,0,0,0,0,0,0,0,0,,0,,,290,1312,13,2,1,63,3.45403261986495,0,36,36,207,2,0,0,-18,225,12,11.2896069014096,0,-11.5,0.107462686567164,-0.013353115727003,0.151846848841844,0,239.9,275.9
2008,REG,00-0019642,,Plaxico Burress,WR,WR,,9,NYG,0,0,0,0,0,0,0,0,0,0,0,0,,0,,,0,0,0,0,0,0,,0,35,35,454,4,0,0,394,60,25,43.8795890409156,0,1.15228426395939,0.213414634146341,0.34410480349345,0.560995313664927,0,69.4,104.4
2008,REG,00-0019644,,Bubba Franks,TE,TE,,3,NYJ,0,0,0,0,0,0,0,0,0,0,0,0,,0,,,0,0,0,0,0,0,,0,6,6,47,0,0,0,32,15,2,1.53430378681514,0,1.46875,0.105263157894737,0.105610561056106,0.231822129581379,0,4.7,10.7
2008,REG,00-0019647,,Shaun Alexander,RB,RB,,4,WAS,0,0,0,0,0,0,0,0,0,0,0,0,,0,,,11,24,0,0,0,0,-5.5594949638471,0,1,1,9,0,0,0,2,7,0,0.664752604207024,0,4.5,0.0434782608695652,0.0121212121212121,0.0737022397891963,0,3.3,4.3
2008,REG,00-0019648,,Keith Bulluck,OLB,LB,,1,TEN,0,0,0,0,0,0,0,0,0,0,0,0,,0,,,0,0,0,0,0,0,,0,0,0,0,0,0,0,0,0,0,,0,,,,,1,6.0,6.0
2008,REG,00-0019650,,Dennis Northcutt,WR,WR,,13,JAX,0,0,0,0,0,0,0,0,0,0,0,0,,0,,,1,9,0,0,0,0,0.801074834307656,0,44,44,545,2,1,1,428,117,25,36.7756482880213,0,1.27336448598131,0.158273381294964,0.234520547945206,0.40157445550409,0,65.4,109.4
2008,REG,00-0019663,,Darrell Jackson,WR,WR,,9,DEN,0,0,0,0,0,0,0,0,0,0,0,0,,0,,,0,0,0,0,0,0,,0,12,12,190,1,0,0,139,51,8,13.3529823441087,0,1.36690647482014,0.0563380281690141,0.0950102529049897,0.151014219287014,0,25.0,37.0
2008,REG,00-0019693,,Jamal Lewis,RB,RB,,16,CLE,0,0,0,0,0,0,0,0,0,0,0,0,,0,,,279,1002,4,1,0,42,-32.2618876825584,0,23,23,178,0,1,1,-3,181,8,4.54670468773111,0,-59.3333333333333,0.110576923076923,-0.0030927835051546,0.163700436161776,0,140.0,163.0
2008,REG,00-0019703,,Jerry Porter,WR,WR,,7,JAX,0,0,0,0,0,0,0,0,0,0,0,0,,0,,,0,0,0,0,0,0,,0,11,11,181,1,0,0,150,31,8,15.6104498298373,0,1.20666666666667,0.0743243243243243,0.154479917610711,0.219622428813984,0,24.1,35.1
2008,REG,00-0019714,S.Lechler,Shane Lechler,P,SPEC,"https://static.www.nfl.com/image/private/f_auto,q_auto/league/we3oe5jqnrb4ag3d4pqu",1,LV,0,0,0,0,0,0,0,0,0,0,0,0,,0,,,1,0,0,1,1,0,-9.13667558634188,0,0,0,0,0,0,0,0,0,0,,0,,,,,0,-2.0,-2.0
2008,REG,00-0019794,,Aveion Cason,RB,RB,,5,DET,0,0,0,0,0,0,0,0,0,0,0,0,,0,,,4,7,0,0,0,0,-2.22028336371295,0,4,4,27,0,0,0,5,22,0,-1.05628768890165,0,5.4,0.125,0.0220264317180617,0.202918502202643,0,3.4,7.4
2008,REG,00-0019808,,Kenny Watson,RB,RB,,7,CIN,0,0,0,0,0,0,0,0,0,0,0,0,,0,,,14,55,0,0,0,2,-3.76398016567691,0,3,3,4,0,0,0,3,1,0,-3.75464681396261,0,1.33333333333333,0.0882352941176471,0.0171428571428571,0.144352941176471,0,5.9,8.9
2008,REG,00-0019831,,Nick Goings,RB,RB,,5,CAR,0,0,0,0,0,0,0,0,0,0,0,0,,0,,,9,10,0,0,0,0,-7.52999420466309,0,3,3,1,0,0,0,-2,3,0,-2.63765611575218,0,-0.5,0.0566037735849057,-0.0050251256281407,0.08138807243766,0,1.1,4.1
2008,REG,00-0019863,,Dominic Rhodes,RB,RB,,15,IND,0,0,0,0,0,0,0,0,0,0,0,0,,0,,,152,538,6,0,0,27,-14.8112440245491,1,45,45,302,3,0,0,54,248,14,17.3834530661661,0,5.59259259259259,0.136363636363636,0.0325105358217941,0.22730282962071,0,140.0,185.0
2008,REG,00-0019976,,Drew Bennett,WR,WR,,1,LA,0,0,0,0,0,0,0,0,0,0,0,0,,0,,,0,0,0,0,0,0,,0,1,1,4,0,0,0,4,0,0,-0.243394555523992,0,1.0,0.0714285714285714,0.0350877192982456,0.131704260651629,0,0.4,1.4
2008,REG,00-0019997,,Antonio Chatman,WR,WR,,7,CIN,0,0,0,0,0,0,0,0,0,0,0,0,,0,,,2,4,0,0,0,0,-1.14002486667596,0,21,21,194,0,1,1,68,126,10,10.0392082410884,0,2.85294117647059,0.130434782608696,0.089238845144357,0.258119365514093,0,17.8,38.8
2008,REG,00-0020127,,Daniel Wilcox,TE,TE,,4,BAL,0,0,0,0,0,0,0,0,0,0,0,0,,0,,,0,0,0,0,0,0,,0,5,5,19,2,0,0,13,6,2,3.97662703509559,0,1.46153846153846,0.0833333333333333,0.0379008746355685,0.151530612244898,0,13.9,18.9
2008,REG,00-0020268,,Tony Stewart,TE,TE,,8,LV,0,0,0,0,0,0,0,0,0,0,0,0,,0,,,0,0,0,0,0,0,,0,11,11,81,0,0,0,55,26,5,4.82407240918838,0,1.47272727272727,0.0916666666666667,0.0665859564164649,0.184110169491525,0,8.1,19.1
2008,REG,00-0020270,,Correll Buckhalter,RB,RB,,14,PHI,0,0,0,0,0,0,0,0,0,0,0,0,,0,,,76,369,2,0,0,18,-6.5853680268545,0,26,27,324,2,0,0,26,294,15,23.1762561794248,0,12.4615384615385,0.126760563380282,0.0233183856502242,0.206463715025579,0,93.3,119.3
2008,REG,00-0020285,,Alge Crumpler,TE,TE,,12,TEN,0,0,0,0,0,0,0,0,0,0,0,0,,0,,,0,0,0,0,0,0,,0,24,24,257,1,1,0,140,117,11,18.721016589494,0,1.83571428571429,0.117647058823529,0.12205754141238,0.26191086722396,0,31.7,55.7
2008,REG,00-0020332,,David Martin,TE,TE,,15,MIA,0,0,0,0,0,0,0,0,0,0,0,0,,0,,,0,0,0,0,0,0,,0,31,31,440,3,1,1,331,109,20,32.2329526970862,0,1.32930513595166,0.100977198697068,0.152253909843606,0.258043534936127,0,60.0,91.0
2008,REG,00-0020337,,Steve Smith,WR,WR,"https://static.www.nfl.com/image/private/f_auto,q_auto/league/k23e0b8cto93he9rt0zc",14,CAR,0,0,0,0,0,0,0,0,0,0,0,0,,0,,,5,40,0,0,0,3,2.22079426376149,0,78,78,1417,6,1,1,961,447,58,117.90629956522,0,1.47450572320499,0.369668246445498,0.544167610419026,0.935419696961565,0,179.7,257.7
2008,REG,00-0020342,,Brandon Manumaleuna,TE,TE,,10,LAC,0,0,0,0,0,0,0,0,0,0,0,0,,0,,,0,0,0,0,0,0,,0,15,15,127,2,0,0,62,65,6,10.2864198296698,0,2.04838709677419,0.0714285714285714,0.0405493786788751,0.13552742221807,0,24.7,39.7
2008,REG,00-0020381,,Justin McCareins,WR,WR,,11,TEN,0,0,0,0,0,0,0,0,0,0,0,0,,0,,,1,4,0,0,0,0,0.0965591738931835,0,31,32,416,0,2,2,341,92,22,25.9889320730872,0,1.21994134897361,0.175824175824176,0.294219154443486,0.469689671846704,0,38.0,69.0
2008,REG,00-0020391,,Jameel Cook,RB,RB,,2,TB,0,0,0,0,0,0,0,0,0,0,0,0,,0,,,0,0,0,0,0,0,,0,3,3,24,0,0,0,7,17,2,0.850216398354064,0,3.42857142857143,0.0508474576271187,0.0328638497652582,0.0992758812763587,0,2.4,5.4
2008,REG,00-0020397,,Chad Johnson,WR,WR,,13,CIN,0,0,0,0,0,0,0,0,0,0,0,0,,0,,,0,0,0,0,0,0,,0,53,53,540,4,0,0,426,114,36,49.9943945151463,0,1.26760563380282,0.203065134099617,0.325190839694657,0.532231288935685,0,78.0,131.0
2008,REG,00-0020405,,Marques Tuiasosopo,QB,QB,,2,LV,1,2,4,0,0,3,29,2,0,7,0,0,-5.76312591135502,0,0.571428571428571,,1,11,0,0,0,1,0.555761242983863,0,0,0,0,0,0,0,0,0,0,,0,,,,,0,1.26,1.26
2008,REG,00-0020407,,Rudi Johnson,RB,RB,,13,DET,0,0,0,0,0,0,0,0,0,0,0,0,,0,,,76,237,1,1,0,11,-13.7528756050742,0,12,12,88,1,0,0,16,72,4,3.2196351744351,0,5.5,0.0916030534351145,0.0201765447667087,0.151528161489368,0,44.5,56.5
2008,REG,00-0020428,,Robert Ferguson,WR,WR,,2,MIN,0,0,0,0,0,0,0,0,0,0,0,0,,0,,,0,0,0,0,0,0,,0,3,3,25,0,0,0,21,4,2,2.10070040170103,0,1.19047619047619,0.0882352941176471,0.0963302752293578,0.199784133837021,0,2.5,5.5
2008,REG,00-0020438,,T.J. Houshmandzadeh,WR,WR,,14,CIN,0,0,0,0,0,0,0,0,0,0,0,0,,0,,,1,9,0,0,0,0,0.776262302999385,0,92,92,904,4,0,0,545,359,51,84.1468452863952,0,1.65871559633028,0.327402135231317,0.384073291050035,0.759954506582,0,115.3,207.3
2008,REG,00-0020446,,Chris Chambers,WR,WR,,12,LAC,0,0,0,0,0,0,0,0,0,0,0,0,,0,,,1,1,0,0,0,0,-0.362118077231571,0,33,33,462,5,0,0,402,60,21,41.4988532376592,0,1.14925373134328,0.140425531914894,0.24173180998196,0.379850564859713,0,76.3,109.3
2008,REG,00-0020448,,Travis Minor,RB,RB,,5,LA,0,0,0,0,0,0,0,0,0,0,0,0,,0,,,13,29,0,0,0,3,-1.66151353693567,0,5,5,35,0,0,0,2,33,2,0.0280723869800568,0,17.5,0.106382978723404,0.0091324200913242,0.165967162149033,0,6.4,11.4
2008,REG,00-0020462,,LaMont Jordan,RB,RB,,8,NE,0,0,0,0,0,0,0,0,0,0,0,0,,0,,,80,363,4,1,0,21,4.96916437990149,0,0,0,0,0,0,0,0,0,0,,0,,,,,0,60.3,60.3
2008,REG,00-0020478,,Monty Beisel,LB,LB,,1,ARI,0,0,0,0,0,0,0,0,0,0,0,0,,0,,,0,0,0,0,0,0,,0,0,0,0,0,0,0,0,0,0,,0,,,,,1,6.0,6.0
2008,REG,00-0020480,,Sage Rosenfels,QB,QB,,6,HOU,116,174,1431,6,10,9,58,2,1,1286,659,64,6.26488830592695,0,1.11275272161742,0.0794606658085237,11,37,0,2,1,2,-8.63500766895595,0,0,0,0,0,0,0,0,0,0,,0,,,,,0,60.94,60.94
2008,REG,00-0020490,,Koren Robinson,WR,WR,,11,SEA,0,0,0,0,0,0,0,0,0,0,0,0,,0,,,1,-4,0,0,0,0,-1.13626209646463,0,31,31,400,2,0,0,258,142,22,32.0487575991137,0,1.55038759689923,0.171270718232044,0.24202626641651,0.426324463839624,0,51.6,82.6
2008,REG,00-0020494,,Santana Moss,WR,WR,,15,WAS,0,0,0,0,0,0,0,0,0,0,0,0,,0,,,1,27,0,0,0,1,1.92355743749067,0,79,79,1044,6,1,1,503,541,50,78.8557982623704,0,2.07554671968191,0.262458471760797,0.356737588652482,0.643404019697934,1,147.1,226.1
2008,REG,00-0020495,,Nate Clements,SS,DB,,1,SF,0,0,0,0,0,0,0,0,0,0,0,0,,0,,,0,0,0,0,0,0,,0,0,0,0,0,0,0,0,0,0,,0,,,,,1,6.0,6.0
2008,REG,00-0020498,,Reggie Wayne,WR,WR,,16,IND,0,0,0,0,0,0,0,0,0,0,0,0,,0,,,0,0,0,0,0,0,,0,82,82,1145,6,0,0,829,316,64,103.186966455824,1,1.38118214716526,0.208651399491094,0.335084882780922,0.547536517183286,0,152.5,234.5
2008,REG,00-0020505,,Adrian Wilson,DB,DB,,1,ARI,0,0,0,0,0,0,0,0,0,0,0,0,,0,,,0,0,0,0,0,0,,0,1,1,7,0,0,0,0,7,0,0.125014859833755,0,0.0,0.0434782608695652,,,0,0.7,1.7
2008,REG,00-0020507,,Heath Evans,FB,RB,,9,NE,0,0,0,0,0,0,0,0,0,0,0,0,,0,,,11,23,0,0,0,4,-2.05006038950523,0,3,3,59,0,0,0,15,44,3,4.51171311817598,0,3.93333333333333,0.111111111111111,0.12,0.250666666666667,0,8.2,11.2
2008,REG,00-0020508,,Moran Norris,RB,RB,,4,DET,0,0,0,0,0,0,0,0,0,0,0,0,,0,,,1,1,0,0,0,0,-0.229282195214182,0,4,4,16,0,0,0,8,8,0,-0.619539186358452,0,2.0,0.0952380952380952,0.0363636363636364,0.168311688311688,0,1.7,5.7
2008,REG,00-0020514,,Michael Bennett,RB,RB,,3,TB,0,0,0,0,0,0,0,0,0,0,0,0,,0,,,7,12,0,0,0,0,-4.40952810170783,0,1,1,2,0,0,0,-2,4,0,-0.54849443025887,0,-1.0,0.0384615384615385,-0.0176991150442478,0.0453029271613343,0,1.4,2.4
2008,REG,00-0020516,,Todd Heap,TE,TE,,14,BAL,0,0,0,0,0,0,0,0,0,0,0,0,,0,,,0,0,0,0,0,0,,0,35,36,403,3,1,1,212,184,23,28.7819706998998,0,1.90094339622642,0.157205240174673,0.157738095238095,0.346224526928675,0,56.3,91.3
2008,REG,00-0020527,,Deuce McAllister,RB,RB,,13,NO,0,0,0,0,0,0,0,0,0,0,0,0,,0,,,107,418,5,0,0,23,-1.88744111020705,0,18,18,128,1,0,0,-31,159,5,7.87107896443922,0,-4.12903225806452,0.076271186440678,-0.0175141242937853,0.102146892655367,0,90.6,108.6
2008,REG,00-0020531,D.Brees,Drew Brees,QB,QB,"https://static.www.nfl.com/image/private/f_auto,q_auto/league/i20xlpzdmn7xubotijjd",16,NO,413,635,5069,34,17,13,92,1,1,5006,2311,232,163.060327844624,0,1.01258489812225,0.15373016650796,22,-1,0,5,0,4,-10.8090404944046,0,0,0,0,0,0,0,0,0,0,,0,,,,,0,302.66,302.66
2008,REG,00-0020536,,LaDainian Tomlinson,RB,RB,,16,LAC,0,0,0,0,0,0,0,0,0,0,0,0,,0,,,292,1110,11,0,0,52,-18.6864155710744,0,52,52,421,1,1,0,-20,437,19,24.8054010479035,0,-21.05,0.181184668989547,-0.009794319294809,0.264920979977954,0,225.1,277.1
2008,REG,00-0020550,,Darnell Dinkins,TE,TE,,5,CLE,0,0,0,0,0,0,0,0,0,0,0,0,,0,,,0,0,0,0,0,0,,0,5,5,41,1,0,0,23,18,1,5.85989728674758,0,1.78260869565217,0.0704225352112676,0.0608465608465609,0.148226395409494,0,10.1,15.1
2008,REG,00-0020565,,Cleo Lemon,QB,QB,,1,JAX,0,2,0,0,0,0,0,0,0,10,0,0,-2.73469828208908,0,0.0,,2,-3,0,0,0,0,0.0,0,0,0,0,0,0,0,0,0,0,,0,,,,,0,-0.3,-0.3
2008,REG,00-0020608,,David Carr,QB,QB,,3,NYG,9,12,115,2,0,1,2,0,0,141,26,7,8.63280678141704,0,0.815602836879433,0.388491679334061,8,10,0,0,0,0,0.425019474001601,0,0,0,0,0,0,0,0,0,0,,0,,,,,0,13.6,13.6
2008,REG,00-0020613,,Quinn Gray,QB,QB,,1,KC,7,8,76,1,0,0,0,0,0,51,28,5,6.09138984250603,0,1.49019607843137,0.363599112367286,1,27,0,0,0,1,-0.778361714270432,0,0,0,0,0,0,0,0,0,0,,0,,,,,0,9.74,9.74
2008,REG,00-0020617,,Nate Jackson,WR,WR,,7,DEN,0,0,0,0,0,0,0,0,0,0,0,0,,0,,,0,0,0,0,0,0,,0,11,11,83,1,0,0,50,33,4,6.12304976553423,0,1.66,0.0691823899371069,0.0379362670713202,0.130328971855585,0,14.3,25.3
2008,REG,00-0020679,,Shaun Hill,QB,QB,"https://static.www.nfl.com/image/private/f_auto,q_auto/league/dn42ccbwrshm7uksyphy",9,SF,181,288,2046,14,8,23,148,4,0,2295,798,99,27.0031798116924,0,0.891503267973856,0.114719254794061,24,115,2,3,1,11,-0.552939701591823,0,0,0,0,0,0,0,0,0,0,,0,,,,,0,143.34,143.34
2008,REG,00-0020804,,Corey McIntyre,FB,RB,,2,BUF,0,0,0,0,0,0,0,0,0,0,0,0,,0,,,0,0,0,0,0,0,,0,2,2,-1,0,0,0,-4,3,0,-1.30947094853036,0,0.25,0.0416666666666667,-0.0163265306122449,0.0510714285714286,0,-0.1,1.9
2008,REG,00-0020805,,Jason McKie,RB,RB,,9,CHI,0,0,0,0,0,0,0,0,0,0,0,0,,0,,,11,26,2,0,0,5,-1.45551927876659,0,11,11,64,1,1,1,3,61,3,-1.2803865573369,0,21.3333333333333,0.0956521739130435,0.0109090909090909,0.151114624505929,0,25.0,36.0
2008,REG,00-0020820,,Jesse Chatman,RB,RB,,2,NYJ,0,0,0,0,0,0,0,0,0,0,0,0,,0,,,5,8,0,0,0,0,-0.408012525003869,0,2,2,5,0,0,0,-3,8,0,-1.80585717003328,0,-1.66666666666667,0.0377358490566038,-0.0109090909090909,0.048967409948542,0,1.3,3.3
2008,REG,00-0021084,,Matt Schobel,TE,TE,,1,PHI,0,0,0,0,0,0,0,0,0,0,0,0,,0,,,0,0,0,0,0,0,,0,2,2,10,0,0,0,10,0,0,0.45840254612267,0,1.0,0.0714285714285714,0.0684931506849315,0.155088062622309,0,1.0,3.0
2008,REG,00-0021147,,Donte' Stallworth,WR,WR,,11,CLE,0,0,0,0,0,0,0,0,0,0,0,0,,0,,,1,-4,0,0,0,0,-1.08531864266843,0,17,17,170,1,0,0,83,87,8,14.5643172083718,0,2.04819277108434,0.112582781456954,0.100362756952842,0.23912810205242,0,22.6,39.6
2008,REG,00-0021148,,Jeremy Shockey,TE,TE,,12,NO,0,0,0,0,0,0,0,0,0,0,0,0,,0,,,0,0,0,0,0,0,,0,50,50,483,0,2,2,272,211,30,28.5695150374928,0,1.77573529411765,0.162337662337662,0.144912093766649,0.344944959143148,0,44.3,94.3
2008,REG,00-0021152,,Ashley Lelie,WR,WR,,6,LV,0,0,0,0,0,0,0,0,0,0,0,0,,0,,,0,0,0,0,0,0,,0,11,11,197,2,0,0,173,24,9,21.0675196122029,0,1.13872832369942,0.154929577464789,0.313405797101449,0.451778424168198,0,31.7,42.7
2008,REG,00-0021153,,Javon Walker,WR,WR,,7,LV,0,0,0,0,0,0,0,0,0,0,0,0,,0,,,0,0,0,0,0,0,,0,15,15,196,1,0,0,164,32,12,15.6961030509556,0,1.19512195121951,0.154639175257732,0.26537216828479,0.417719280685951,0,25.6,40.6
2008,REG,00-0021154,,Daniel Graham,TE,TE,,14,DEN,0,0,0,0,0,0,0,0,0,0,0,0,,0,,,0,0,0,0,0,0,,0,32,32,389,4,0,0,190,199,20,32.7588261187193,0,2.04736842105263,0.0903954802259887,0.0795311845960653,0.191265049556229,0,62.9,94.9
2008,REG,00-0021159,,Jerramy Stevens,TE,TE,,11,TB,0,0,0,0,0,0,0,0,0,0,0,0,,0,,,0,0,0,0,0,0,,0,35,36,385,2,0,0,253,132,16,30.3913056199672,0,1.52173913043478,0.149377593360996,0.15921963499056,0.335520134534886,0,50.5,85.5
2008,REG,00-0021163,,Jabar Gaffney,WR,WR,,11,NE,0,0,0,0,0,0,0,0,0,0,0,0,,0,,,0,0,0,0,0,0,,0,38,38,468,2,0,0,349,119,26,48.5180260551027,1,1.34097421203438,0.143939393939394,0.256052824651504,0.395146068165144,0,60.8,98.8
2008,REG,00-0021164,,DeShaun Foster,RB,RB,,11,SF,0,0,0,0,0,0,0,0,0,0,0,0,,0,,,76,234,1,2,1,12,-16.2279210656686,0,16,16,133,1,0,0,54,79,6,5.80615229485336,0,2.46296296296296,0.096969696969697,0.055327868852459,0.184184053651267,0,46.7,62.7
2008,REG,00-0021166,,Josh Reed,WR,WR,,13,BUF,0,0,0,0,0,0,0,0,0,0,0,0,,0,,,0,0,0,0,0,0,,0,56,56,597,1,0,0,449,148,36,49.4388448624926,0,1.32962138084633,0.21875,0.275629220380602,0.521065454266421,0,65.7,121.7
2008,REG,00-0021175,,Andre Davis,WR,WR,,8,HOU,0,0,0,0,0,0,0,0,0,0,0,0,,0,,,0,0,0,0,0,0,,0,13,13,213,0,0,0,154,59,11,18.3481500846101,0,1.38311688311688,0.0670103092783505,0.112573099415205,0.179316633508169,0,21.3,34.3
2008,REG,00-0021179,,Clinton Portis,RB,RB,,16,WAS,0,0,0,0,0,0,0,0,0,0,0,0,,0,,,342,1487,9,3,3,75,-15.1760397442051,0,28,28,218,0,0,0,-16,234,11,9.35139311287278,0,-13.625,0.0979020979020979,-0.0129764801297648,0.137769610762311,0,218.5,246.5
2008,REG,00-0021182,,Maurice Morris,RB,RB,,13,SEA,0,0,0,0,0,0,0,0,0,0,0,0,,0,,,132,574,0,1,1,27,-9.91542173891763,0,19,19,136,2,0,0,17,119,5,9.24415077863664,0,8.0,0.135714285714286,0.0213299874529486,0.218502419788493,0,81.0,100.0
2008,REG,00-0021184,,Ladell Betts,RB,RB,,13,WAS,0,0,0,0,0,0,0,0,0,0,0,0,,0,,,61,206,1,1,1,15,-12.7756618785583,0,22,22,200,0,0,0,23,177,6,5.03942410204783,0,8.69565217391304,0.123595505617978,0.0302631578947368,0.206577468953282,0,44.6,66.6
2008,REG,00-0021189,,Ryan Denney,DE,DL,,1,BUF,0,0,0,0,0,0,0,0,0,0,0,0,,0,,,0,0,0,0,0,0,,0,1,1,19,1,0,0,14,5,1,4.38639112265082,0,1.35714285714286,0.05,0.096551724137931,0.142586206896552,0,7.9,8.9
2008,REG,00-0021190,,Antwaan Randle El,RB,RB,,16,WAS,3,4,46,1,0,0,0,0,0,61,22,3,3.74200941086747,0,0.754098360655738,,1,5,0,0,0,0,0.233269629068673,0,53,53,593,4,0,0,387,206,34,54.0383174283488,0,1.53229974160207,0.166144200626959,0.26078167115903,0.43176347075176,0,89.64,142.64
2008,REG,00-0021191,,Antonio Bryant,WR,WR,,15,TB,0,0,0,0,0,0,0,0,0,0,0,0,,0,,,2,22,0,0,0,2,1.98977243294939,0,83,83,1248,7,1,1,865,369,60,100.886308783626,0,1.44277456647399,0.245562130177515,0.418278529980658,0.661138166252733,0,167.0,250.0
2008,REG,00-0021192,,Deion Branch,WR,WR,,8,SEA,0,0,0,0,0,0,0,0,0,0,0,0,,0,,,0,0,0,0,0,0,,0,30,30,412,4,0,0,262,150,18,36.8732281522825,0,1.57251908396947,0.211267605633803,0.329974811083123,0.547883776208891,0,65.2,95.2
2008,REG,00-0021206,J.McCown,Josh McCown,QB,QB,"https://static.www.nfl.com/image/private/f_auto,q_auto/league/qcauc37wqjdaxdbq1evu",2,CAR,0,0,0,0,0,0,0,0,0,0,0,0,,0,,,4,-3,0,0,0,0,-1.26997949637007,0,0,0,0,0,0,0,0,0,0,,0,,,,,0,-0.3,-0.3
2008,REG,00-0021213,,Chris Baker,TE,TE,,11,NYJ,0,0,0,0,0,0,0,0,0,0,0,0,,0,,,0,0,0,0,0,0,,0,21,21,194,0,0,0,144,50,11,16.59054028627,0,1.34722222222222,0.0857142857142857,0.109256449165402,0.20505094298721,0,19.4,40.4
2008,REG,00-0021216,,Brian Westbrook,RB,RB,,14,PHI,0,0,0,0,0,0,0,0,0,0,0,0,,0,,,233,936,9,1,0,49,-8.0356433377358,0,54,54,402,5,1,1,21,381,18,22.9028899741562,0,19.1428571428571,0.1875,0.0123747790218032,0.289912345315262,0,215.8,269.8
2008,REG,00-0021224,,Dante Wesley,DB,DB,,1,CAR,0,0,0,0,0,0,0,0,0,0,0,0,,0,,,0,0,0,0,0,0,,0,0,0,0,0,0,0,0,0,0,,0,,,,,1,6.0,6.0
2008,REG,00-0021227,,Justin Peelle,TE,TE,,10,ATL,0,0,0,0,0,0,0,0,0,0,0,0,,0,,,0,0,0,0,0,0,,0,15,15,159,2,0,0,46,113,9,16.5867783967988,0,3.45652173913043,0.0925925925925926,0.0380794701986755,0.165544518027962,0,27.9,42.9
2008,REG,00-0021231,,David Garrard,QB,QB,,16,JAX,335,535,3620,15,13,42,288,6,3,4443,1466,182,15.5419699156667,0,0.814764798559532,0.0926708641617956,73,322,2,1,0,31,22.4003884070739,0,1,1,-6,0,0,0,-6,0,0,-1.54120788257569,0,0.0,0.04,-0.028169014084507,0.0402816901408451,0,216.4,217.4
2008,REG,00-0021236,,Randy McMichael,TE,TE,,4,LA,0,0,0,0,0,0,0,0,0,0,0,0,,0,,,0,0,0,0,0,0,,0,11,11,139,0,0,0,67,72,5,8.2331592089613,0,2.07462686567164,0.159420289855072,0.165432098765432,0.354932903918411,0,13.9,24.9
2008,REG,00-0021252,,Najeh Davenport,RB,RB,,3,IND,0,0,0,0,0,0,0,0,0,0,0,0,,0,,,10,31,0,0,0,3,-0.704307789215818,0,4,4,54,0,0,0,25,29,2,3.27279440691927,0,2.16,0.137931034482759,0.308641975308642,0.422945934440187,0,8.5,12.5
2008,REG,00-0021255,,John Owens,TE,TE,,7,DET,0,0,0,0,0,0,0,0,0,0,0,0,,0,,,0,0,0,0,0,0,,0,8,8,56,1,0,0,28,28,3,3.3793162467191,0,2.0,0.0769230769230769,0.0412979351032448,0.144293169956887,0,11.6,19.6
2008,REG,00-0021273,,Robert Royal,TE,TE,,13,BUF,0,0,0,0,0,0,0,0,0,0,0,0,,0,,,0,0,0,0,0,0,,0,33,33,351,1,2,2,240,111,14,12.7463329842336,0,1.4625,0.129411764705882,0.146699266503668,0.296807133611391,0,37.1,70.1
2008,REG,00-0021296,,J.T. O'Sullivan,QB,QB,,9,SF,128,220,1678,8,11,32,197,9,5,1809,930,77,-55.5420780827951,1,0.927584300718629,0.02427236536434,30,145,0,2,1,6,-0.139228915271815,0,0,0,0,0,0,0,0,0,0,,0,,,,,0,81.62,81.62
2008,REG,00-0021304,,John Gilmore,TE,TE,,11,TB,0,0,0,0,0,0,0,0,0,0,0,0,,0,,,0,0,0,0,0,0,,0,16,16,159,1,0,0,70,89,8,12.1152192965383,0,2.27142857142857,0.062992125984252,0.0601374570446735,0.136584408907649,0,21.9,37.9
2008,REG,00-0021306,,Adrian Peterson,RB,RB,,7,CHI,0,0,0,0,0,0,0,0,0,0,0,0,,0,,,20,100,0,0,0,4,-1.33308714593295,0,6,6,45,0,0,0,0,45,1,-0.351437196077313,0,0.0,0.0731707317073171,0.0,0.109756097560976,0,14.5,20.5
2008,REG,00-0021314,,Chester Taylor,RB,RB,,16,MIN,1,1,4,1,0,0,0,0,0,4,0,1,2.58779019792564,0,1.0,,101,399,4,0,0,19,-5.99232810895415,0,45,46,399,2,2,2,42,355,17,14.6940676580028,0,9.5,0.190082644628099,0.0266836086404066,0.303802492990433,0,115.96,160.96
2008,REG,00-0021337,,Ronald Curry,WR,WR,,9,LV,0,0,0,0,0,0,0,0,0,0,0,0,,0,,,1,1,0,0,0,0,-0.469434012193233,0,19,19,181,2,0,0,159,22,13,22.2475554933189,0,1.13836477987421,0.150793650793651,0.176666666666667,0.349857142857143,0,30.2,49.2
2008,REG,00-0021357,,Rock Cartwright,RB,RB,,3,WAS,0,0,0,0,0,0,0,0,0,0,0,0,,0,,,5,14,0,0,0,0,-2.13393178215483,0,1,1,-7,0,0,0,-7,0,0,-1.89419815829024,0,1.0,0.0714285714285714,-0.0813953488372093,0.0501661129568106,0,0.7,1.7
2008,REG,00-0021371,,Darian Barnes,FB,RB,,1,BUF,0,0,0,0,0,0,0,0,0,0,0,0,,0,,,0,0,0,0,0,0,,0,2,2,34,0,1,0,4,30,1,2.20556589157786,0,8.5,0.0833333333333333,0.025,0.1425,0,3.4,5.4
2008,REG,00-0021376,,T.J. Duckett,RB,RB,,15,SEA,0,0,0,0,0,0,0,0,0,0,0,0,,0,,,62,172,8,0,0,26,8.6336591843121,0,0,0,0,0,0,0,0,0,0,,0,,,,,0,65.2,65.2
2008,REG,00-0021379,,Patrick Ramsey,QB,QB,,1,DEN,2,3,19,0,0,1,5,1,1,12,10,1,-1.41889632795937,0,1.58333333333333,,0,0,0,0,0,0,,0,0,0,0,0,0,0,0,0,0,,0,,,,,0,-1.24,-1.24
2008,REG,00-0021429,C.Palmer,Carson Palmer,QB,QB,"https://static.www.nfl.com/image/private/f_auto,q_auto/league/belgna3tokxga0gjjmwk",4,CIN,76,130,736,3,4,11,67,2,0,892,333,41,-17.0866643092948,0,0.825112107623319,0.0115585759655717,6,38,0,0,0,2,2.87332877895096,0,0,0,0,0,0,0,0,0,0,,0,,,,,0,37.24,37.24
2008,REG,00-0021500,,Derrick Frost,P,SPEC,,1,GB,0,0,0,0,0,0,0,0,0,0,0,0,,0,,,1,0,0,1,0,0,0.118100833147764,0,0,0,0,0,0,0,0,0,0,,0,,,,,0,0.0,0.0
2008,REG,00-0021503,,Roderick Hood,CB,DB,,1,ARI,0,0,0,0,0,0,0,0,0,0,0,0,,0,,,0,0,0,0,0,0,,0,0,0,0,0,0,0,0,0,0,,0,,,,,1,6.0,6.0
2008,REG,00-0021508,,Greg Lewis,WR,WR,,10,PHI,0,0,0,0,0,0,0,0,0,0,0,0,,0,,,0,0,0,0,0,0,,0,19,19,247,1,0,0,195,52,13,18.3379610773614,0,1.26666666666667,0.0785123966942149,0.127450980392157,0.206984281315832,0,30.7,49.7
2008,REG,00-0021525,,Casey Fitzsimmons,TE,TE,,8,DET,0,0,0,0,0,0,0,0,0,0,0,0,,0,,,0,0,0,0,0,0,,0,12,12,85,1,0,0,66,19,4,4.37163349764887,1,1.28787878787879,0.0794701986754967,0.0702127659574468,0.168354234183458,0,16.5,28.5
2008,REG,00-0021547,A.Gates,Antonio Gates,TE,TE,"https://static.www.nfl.com/image/private/f_auto,q_auto/league/kndulvysinvn4tpvt0bc",15,LAC,0,0,0,0,0,0,0,0,0,0,0,0,,0,,,0,0,0,0,0,0,,0,60,60,704,8,1,1,476,228,39,60.9724544261714,0,1.47899159663866,0.198675496688742,0.217848970251716,0.450507524209314,0,116.4,176.4
2008,REG,00-0021647,,Jerheme Urban,WR,WR,,13,ARI,1,1,18,0,0,0,0,0,0,15,3,1,1.6686476849427,0,1.2,,0,0,0,0,0,0,,0,34,34,448,4,0,0,284,164,19,39.2690879318742,0,1.57746478873239,0.1,0.132277596646483,0.242594317652538,0,69.52,103.52
2008,REG,00-0021678,,Tony Romo,QB,QB,"https://static.www.nfl.com/image/private/f_auto,q_auto/league/rdgaxf7djip2ovlkeqjk",13,DAL,276,451,3448,26,14,20,123,8,4,4103,1579,150,48.2030917464202,0,0.840360711674385,0.101877128511563,28,41,0,5,3,4,-31.0975045912613,0,0,0,0,0,0,0,0,0,0,,0,,,,,0,204.02,204.02
2008,REG,00-0021755,,Earnest Graham,RB,RB,,10,TB,1,1,3,1,0,0,0,0,0,3,0,1,1.1628254193929,0,1.0,,132,563,4,2,2,26,-14.7823456624586,0,23,23,174,0,0,0,50,124,6,8.51755740252242,0,3.48,0.125,0.0520291363163372,0.223920395421436,0,97.82,120.82
2008,REG,00-0021756,,Will Heller,TE,TE,,3,SEA,0,0,0,0,0,0,0,0,0,0,0,0,,0,,,0,0,0,0,0,0,,0,4,4,29,0,1,1,19,10,1,-2.30678452062421,0,1.52631578947368,0.08,0.0581039755351682,0.160672782874618,0,0.9,4.9
2008,REG,00-0021845,,Cecil Sapp,RB,RB,,2,HOU,0,0,0,0,0,0,0,0,0,0,0,0,,0,,,2,-3,0,0,0,0,-2.81815268541686,0,0,0,0,0,0,0,0,0,0,,0,,,,,0,-0.3,-0.3
2008,REG,00-0021915,,Sam Aiken,WR,WR,,7,NE,0,0,0,0,0,0,0,0,0,0,0,0,,0,,,0,0,0,0,0,0,,0,8,8,101,0,0,0,21,80,5,7.91147742030444,0,4.80952380952381,0.0506329113924051,0.0253929866989117,0.0937244577778458,0,10.1,18.1
2008,REG,00-0021929,,Donald Lee,TE,TE,,14,GB,0,0,0,0,0,0,0,0,0,0,0,0,,0,,,0,0,0,0,0,0,,0,39,39,303,5,0,0,196,107,12,18.899960482708,0,1.54591836734694,0.130872483221477,0.0914605692953803,0.260331123338981,0,60.3,99.3
2008,REG,00-0021931,,Kevin Walter,WR,WR,,16,HOU,0,0,0,0,0,0,0,0,0,0,0,0,,0,,,3,23,0,0,0,3,3.49297139811097,0,60,60,899,8,0,0,593,306,39,73.5362570747652,0,1.51602023608769,0.163487738419619,0.23959595959596,0.4129487793466,0,140.2,200.2
2008,REG,00-0021955,,Dan Klecko,RB,RB,,5,PHI,0,0,0,0,0,0,0,0,0,0,0,0,,0,,,0,0,0,0,0,0,,0,6,6,36,0,0,0,11,25,2,0.255139500019141,0,3.27272727272727,0.0491803278688525,0.0176282051282051,0.0861102353930223,0,3.6,9.6
2008,REG,00-0021976,,Larry Johnson,RB,RB,,12,KC,1,1,4,1,0,0,0,0,0,4,0,1,1.16012657253305,0,1.0,,193,874,5,5,1,44,-12.6612956170595,0,12,12,74,0,0,0,-20,94,3,0.213909920741571,0,-3.7,0.116504854368932,-0.0458715596330275,0.142647189810279,0,126.96,138.96
2008,REG,00-0021980,,George Wrighster,TE,TE,,1,JAX,0,0,0,0,0,0,0,0,0,0,0,0,,0,,,0,0,0,0,0,0,,0,2,2,35,0,0,0,17,18,1,2.42296499497024,0,2.05882352941176,0.0714285714285714,0.116438356164384,0.188649706457926,0,3.5,5.5
2008,REG,00-0021981,,Shaun McDonald,WR,WR,,10,DET,0,0,0,0,0,0,0,0,0,0,0,0,,0,,,0,0,0,0,0,0,,0,35,35,339,1,1,1,271,68,18,19.7886147987107,0,1.25092250922509,0.18716577540107,0.219433198380567,0.434351901968001,0,37.9,72.9
2008,REG,00-0021982,,Justin Gage,WR,WR,,11,TEN,0,0,0,0,0,0,0,0,0,0,0,0,,0,,,0,0,0,0,0,0,,0,34,34,651,6,0,0,470,181,28,67.3436481899266,0,1.38510638297872,0.173469387755102,0.368627450980392,0.518243297318928,0,101.1,135.1
2008,REG,00-0021999,,Nate Burleson,WR,WR,,1,SEA,0,0,0,0,0,0,0,0,0,0,0,0,,0,,,0,0,0,0,0,0,,0,5,5,60,1,0,0,53,7,4,5.99252371722832,0,1.13207547169811,0.294117647058824,0.381294964028777,0.708082945408379,0,12.0,17.0
2008,REG,00-0022001,,Kevin Curtis,WR,WR,,9,PHI,0,0,0,0,0,0,0,0,0,0,0,0,,0,,,0,0,0,0,0,0,,0,33,33,390,2,0,0,301,89,19,33.4851643553411,0,1.29568106312292,0.170103092783505,0.252093802345059,0.431620300816799,0,51.0,84.0
2008,REG,00-0022003,,B.J. Askew,FB,RB,,8,TB,0,0,0,0,0,0,0,0,0,0,0,0,,0,,,7,14,2,0,0,6,4.81475874118041,0,13,13,66,0,0,0,-3,69,3,1.02115081122611,0,-22.0,0.0783132530120482,-0.0051457975986277,0.113867821199033,0,20.0,33.0
2008,REG,00-0022005,,Chris Simms,QB,QB,,1,TEN,1,2,7,0,0,1,10,0,0,50,1,1,-2.29745652235579,0,0.14,,0,0,0,0,0,0,,0,0,0,0,0,0,0,0,0,0,,0,,,,,0,0.28,0.28
2008,REG,00-0022011,,Justin Griffith,RB,RB,,6,LV,0,0,0,0,0,0,0,0,0,0,0,0,,0,,,2,2,0,0,0,1,-0.238325370708481,0,9,9,85,1,0,0,38,47,4,6.29927792923991,0,2.23684210526316,0.109756097560976,0.0969387755102041,0.232491289198606,0,14.7,23.7
2008,REG,00-0022026,,Brooks Bollinger,QB,QB,,2,DAL,10,17,71,1,1,3,22,0,0,121,16,4,-7.15438795753289,0,0.586776859504132,0.0298808810729046,0,0,0,0,0,0,,0,0,0,0,0,0,0,0,0,0,,0,,,,,0,4.84,4.84
2008,REG,00-0022039,,Ken Dorsey,QB,QB,,4,CLE,43,91,374,0,7,5,43,0,0,622,160,19,-49.3549013857185,0,0.601286173633441,-0.032724142048924,2,0,0,2,0,0,-2.17394055286422,0,0,0,0,0,0,0,0,0,0,,0,,,,,0,0.96,0.96
2008,REG,00-0022041,,Richard Angulo,TE,TE,,6,JAX,0,0,0,0,0,0,0,0,0,0,0,0,,0,,,0,0,0,0,0,0,,0,8,8,63,0,0,0,39,24,1,3.18615618761396,0,1.61538461538462,0.0645161290322581,0.0461538461538462,0.129081885856079,0,6.3,14.3
2008,REG,00-0022044,,Andre Johnson,WR,WR,,16,HOU,0,0,0,0,0,0,0,0,0,0,0,0,,0,,,0,0,0,0,0,0,,0,115,115,1575,8,1,1,1078,497,79,123.1418722481,1,1.46103896103896,0.313351498637602,0.435555555555556,0.774916136845292,0,205.5,320.5
2008,REG,00-0022054,,Visanthe Shiancoe,TE,TE,,16,MIN,0,0,0,0,0,0,0,0,0,0,0,0,,0,,,0,0,0,0,0,0,,0,42,42,596,7,0,0,416,180,30,55.2602473345236,0,1.43269230769231,0.156716417910448,0.232662192393736,0.397938161541287,0,101.6,143.6
2008,REG,00-0022055,,Seneca Wallace,QB,QB,,9,SEA,141,242,1532,11,3,14,76,3,2,1849,750,72,15.6016586270351,0,0.828555976203353,0.0539912467048611,16,78,0,1,1,5,-1.49705442802594,0,0,0,0,0,0,0,0,0,0,,0,,,,,0,101.08,101.08
2008,REG,00-0022064,,Arnaz Battle,WR,WR,,8,SF,0,0,0,0,0,0,0,0,0,0,0,0,,0,,,1,18,0,0,0,1,1.02458738686983,0,24,24,318,0,0,0,175,143,18,32.9553959732293,0,1.81714285714286,0.167832167832168,0.204439252336449,0.394855728383766,0,33.6,57.6
2008,REG,00-0022084,,Anquan Boldin,WR,WR,"https://static.www.nfl.com/image/private/f_auto,q_auto/league/ajabgwxbliupgkwjbnut",12,ARI,0,0,0,0,0,0,0,0,0,0,0,0,,0,,,9,67,0,1,0,3,0.769426402944827,0,89,89,1038,11,3,3,476,562,56,77.1901024361513,0,2.18067226890756,0.271341463414634,0.231292517006803,0.568916957026713,0,170.5,259.5
2008,REG,00-0022093,,Justin Fargas,RB,RB,,14,LV,0,0,0,0,0,0,0,0,0,0,0,0,,0,,,219,855,1,3,1,32,-39.7591600624437,0,10,10,52,0,0,0,-7,59,2,0.745506607810967,0,-7.42857142857143,0.0952380952380952,-0.0109204368174727,0.135212837084912,0,94.7,104.7
2008,REG,00-0022097,,Brandon Lloyd,WR,WR,,10,CHI,0,0,0,0,0,0,0,0,0,0,0,0,,0,,,0,0,0,0,0,0,,0,26,26,364,2,0,0,302,62,17,33.0612289831042,1,1.20529801324503,0.145251396648045,0.353216374269006,0.465128556960371,1,56.4,82.4
2008,REG,00-0022121,,Rex Grossman,QB,QB,,3,CHI,33,63,257,2,2,2,8,0,0,537,103,12,-20.5400567470457,0,0.478584729981378,-0.0079223864883086,3,4,2,0,0,3,2.48083780208253,0,0,0,0,0,0,0,0,0,0,,0,,,,,0,26.68,26.68
2008,REG,00-0022126,,L.J. Smith,TE,TE,,12,PHI,0,0,0,0,0,0,0,0,0,0,0,0,,0,,,0,0,0,0,0,0,,0,37,37,298,3,0,0,122,176,16,20.2921842744108,0,2.44262295081967,0.136029411764706,0.0733173076923077,0.255366233031674,0,47.8,84.8
2008,REG,00-0022127,J.Witten,Jason Witten,TE,TE,"https://static.www.nfl.com/image/private/f_auto,q_auto/league/r7uafhtwuexuaty0nhsc",15,DAL,1,1,42,0,0,0,0,0,0,25,17,1,2.98733907414135,0,1.68,,0,0,0,0,0,0,,0,81,81,952,4,0,0,560,392,50,71.346434860356,0,1.7,0.25796178343949,0.266159695817491,0.573254462231479,0,120.88,201.88
2008,REG,00-0022135,,Billy McMullen,WR,WR,,2,SEA,0,0,0,0,0,0,0,0,0,0,0,0,,0,,,0,0,0,0,0,0,,0,7,7,124,0,1,1,105,19,4,3.43310723407194,0,1.18095238095238,0.233333333333333,0.446808510638298,0.662765957446808,0,10.4,17.4
2008,REG,00-0022143,,Ovie Mughelli,FB,RB,,9,ATL,0,0,0,0,0,0,0,0,0,0,0,0,,0,,,5,16,0,0,0,4,0.937911974149756,0,8,8,57,0,0,0,15,42,2,1.2742214933387,0,3.8,0.0824742268041237,0.0309917355371901,0.145405555082219,0,7.3,15.3
2008,REG,00-0022144,,Bobby Wade,WR,WR,,15,MIN,0,0,0,0,0,0,0,0,0,0,0,0,,0,,,0,0,0,0,0,0,,0,53,53,645,2,2,0,414,231,32,46.5472991199216,0,1.55797101449275,0.21031746031746,0.246722288438617,0.488181792383223,0,76.5,129.5
2008,REG,00-0022156,,Bryant Johnson,WR,WR,,13,SF,0,0,0,0,0,0,0,0,0,0,0,0,,0,,,0,0,0,0,0,0,,0,45,45,546,3,0,0,400,146,28,40.6795038347191,0,1.365,0.174418604651163,0.234192037470726,0.425562333206252,0,72.6,117.6
2008,REG,00-0022158,,Donald Strickland,DB,DB,,1,SF,0,0,0,0,0,0,0,0,0,0,0,0,,0,,,0,0,0,0,0,0,,0,0,0,0,0,0,0,0,0,0,,0,,,,,1,6.0,6.0
2008,REG,00-0022165,,Dallas Clark,TE,TE,,15,IND,0,0,0,0,0,0,0,0,0,0,0,0,,0,,,0,0,0,0,0,0,,0,77,77,848,6,2,1,481,367,41,70.9905152986758,0,1.76299376299376,0.209809264305177,0.210227272727273,0.461872987366857,0,118.8,195.8
2008,REG,00-0022171,,Kelley Washington,WR,WR,,1,NE,0,0,0,0,0,0,0,0,0,0,0,0,,0,,,0,0,0,0,0,0,,0,1,1,3,0,0,0,-3,6,1,0.121483877650462,0,0.0,0.05,-0.0272727272727273,0.0559090909090909,0,0.3,1.3
2008,REG,00-0022177,,Byron Leftwich,QB,QB,,5,PIT,21,36,303,2,0,3,22,0,0,380,122,17,16.3258030469262,0,0.797368421052632,0.251145593868617,4,7,1,0,0,1,3.34837856062222,0,0,0,0,0,0,0,0,0,0,,0,,,,,0,26.82,26.82
2008,REG,00-0022178,,Willis McGahee,RB,RB,,13,BAL,0,0,0,0,0,0,0,0,0,0,0,0,,0,,,170,671,7,2,2,34,-8.26461273135419,0,24,24,173,0,1,1,-8,181,8,3.96890290949224,0,-21.625,0.121827411167513,-0.0064,0.178261116751269,0,120.4,144.4
2008,REG,00-0022181,,Drew Henson,QB,QB,,2,DET,1,2,20,0,0,3,25,2,0,24,0,1,-1.29529266737518,0,0.833333333333333,,0,0,0,0,0,0,,0,0,0,0,0,0,0,0,0,0,,0,,,,,0,0.8,0.8
2008,REG,00-0022217,,Mewelde Moore,RB,RB,,14,PIT,0,0,0,0,0,0,0,0,0,0,0,0,,0,,,140,588,5,0,0,36,-6.23659468045809,0,40,40,320,1,1,0,85,235,17,18.2798304226733,0,3.76470588235294,0.166666666666667,0.049620548744892,0.284734384121424,0,126.8,166.8
2008,REG,00-0022250,,Willie Parker,RB,RB,,11,PIT,0,0,0,0,0,0,0,0,0,0,0,0,,0,,,209,789,5,0,0,29,-18.1294996010838,0,4,4,15,0,0,0,-6,21,0,-1.1385519784526,0,-2.5,0.0506329113924051,-0.0206896551724138,0.061466608467918,0,110.4,114.4
2008,REG,00-0022277,,John Standeford,WR,WR,,7,DET,0,0,0,0,0,0,0,0,0,0,0,0,,0,,,0,0,0,0,0,0,,0,15,15,244,0,1,1,188,56,8,14.8524246272864,0,1.29787234042553,0.131578947368421,0.245751633986928,0.369394564843481,0,22.4,37.4
2008,REG,00-0022288,,Jason Wright,RB,RB,,12,CLE,0,0,0,0,0,0,0,0,0,0,0,0,,0,,,23,85,0,0,0,7,-1.17216276098043,0,22,22,156,1,1,0,28,118,7,3.02567993916592,0,5.57142857142857,0.165413533834586,0.0369393139841689,0.273977820540798,0,30.1,52.1
2008,REG,00-0022397,,Vonta Leach,FB,RB,,10,HOU,0,0,0,0,0,0,0,0,0,0,0,0,,0,,,1,1,1,0,0,1,1.55884983710712,0,12,12,103,0,0,0,58,45,2,5.71211104351096,0,1.77586206896552,0.0489795918367347,0.0401106500691563,0.101546842803511,0,16.4,28.4
2008,REG,00-0022403,,Brandon Middleton,WR,WR,,1,DET,0,0,0,0,0,0,0,0,0,0,0,0,,0,,,0,0,0,0,0,0,,0,1,1,23,0,0,0,21,2,1,4.01182471774519,0,1.0952380952381,0.0909090909090909,0.133757961783439,0.229994209612044,0,2.3,3.3
2008,REG,00-0022405,,Lousaka Polite,FB,RB,,8,MIA,0,0,0,0,0,0,0,0,0,0,0,0,,0,,,23,85,0,0,0,15,7.69152721314458,0,6,6,24,0,0,0,-2,26,1,0.781504455042584,0,-12.0,0.0740740740740741,-0.0054054054054054,0.107327327327327,0,10.9,16.9
2008,REG,00-0022414,,Malcom Floyd,WR,WR,"https://static.www.nfl.com/image/private/f_auto,q_auto/league/or8gm79eaonksxe8gl0t",9,LAC,0,0,0,0,0,0,0,0,0,0,0,0,,0,,,0,0,0,0,0,0,,0,27,27,465,4,0,0,418,47,21,45.4026492743147,0,1.11244019138756,0.140625,0.308714918759232,0.427037943131462,0,70.5,97.5
2008,REG,00-0022421,,Ruvell Martin,WR,WR,,8,GB,0,0,0,0,0,0,0,0,0,0,0,0,,0,,,0,0,0,0,0,0,,0,15,15,149,1,0,0,105,44,9,12.8763519170752,1,1.41904761904762,0.0837988826815642,0.0757575757575758,0.178728627052649,0,22.9,37.9
2008,REG,00-0022427,,Wes Welker,WR,WR,"https://static.www.nfl.com/image/private/f_auto,q_auto/league/rgjwexzif36vncjfdwap",16,NE,0,0,0,0,0,0,0,0,0,0,0,0,,0,,,2,26,0,0,0,1,2.55154556618072,0,112,113,1165,3,1,1,415,750,57,83.6669885557665,1,2.80722891566265,0.330409356725146,0.242690058479532,0.665497076023392,0,137.1,249.1
2008,REG,00-0022434,,Carey Davis,RB,RB,,8,PIT,0,0,0,0,0,0,0,0,0,0,0,0,,0,,,12,35,0,0,0,2,-3.44170962600037,0,5,5,27,0,1,0,6,21,1,-1.03594834200339,0,4.5,0.0675675675675676,0.0168067226890756,0.113116057233704,0,6.2,11.2
2008,REG,00-0022483,,Jason Rader,TE,TE,,1,ATL,0,0,0,0,0,0,0,0,0,0,0,0,,0,,,0,0,0,0,0,0,,0,1,1,26,0,1,1,17,9,0,-4.60571681312285,0,1.52941176470588,0.0666666666666667,0.175257731958763,0.222680412371134,0,0.6,1.6
2008,REG,00-0022529,,Luke Lawton,FB,RB,,4,LV,0,0,0,0,0,0,0,0,0,0,0,0,,0,,,0,0,0,0,0,0,,0,6,6,30,0,0,0,7,19,3,0.508849495381583,0,4.28571428571429,0.0923076923076923,0.0170316301703163,0.15038367958076,0,3.0,9.0
2008,REG,00-0022555,,Ben Utecht,TE,TE,,8,CIN,0,0,0,0,0,0,0,0,0,0,0,0,,0,,,0,0,0,0,0,0,,0,16,16,123,0,1,0,75,48,8,5.26065911007945,0,1.64,0.0987654320987654,0.112781954887218,0.227095516569201,0,12.3,28.3
2008,REG,00-0022613,,Glenn Martinez,WR,WR,,2,DEN,0,0,0,0,0,0,0,0,0,0,0,0,,0,,,0,0,0,0,0,0,,0,3,3,32,0,0,0,32,0,2,3.6589265819639,0,1.0,0.0681818181818182,0.168421052631579,0.220167464114833,0,3.2,6.2
2008,REG,00-0022684,D.Jones,Donnie Jones,P,SPEC,"https://static.www.nfl.com/image/private/f_auto,q_auto/league/qds7simibz6lt6ckf5yo",1,LA,0,1,0,0,0,0,0,0,0,11,0,0,-2.16074769035913,0,0.0,,0,0,0,0,0,0,,0,0,0,0,0,0,0,0,0,0,,0,,,,,0,0.0,0.0
2008,REG,00-0022701,,D.J. Hackett,WR,WR,,6,CAR,0,0,0,0,0,0,0,0,0,0,0,0,,0,,,0,0,0,0,0,0,,0,13,13,181,0,1,1,111,70,7,8.61310670319657,0,1.63063063063063,0.138297872340426,0.149193548387097,0.311882292381606,0,16.1,29.1
2008,REG,00-0022706,,Michael Gaines,TE,TE,,11,DET,0,0,0,0,0,0,0,0,0,0,0,0,,0,,,0,0,0,0,0,0,,0,23,23,260,1,3,2,173,87,13,8.38329450492165,0,1.5028901734104,0.118556701030928,0.118737131091283,0.26095104331029,0,28.0,51.0
2008,REG,00-0022724,,Sean McHugh,TE,TE,,3,PIT,0,0,0,0,0,0,0,0,0,0,0,0,,0,,,0,0,0,0,0,0,,0,3,3,24,0,0,0,12,12,1,0.817973314784467,0,2.0,0.036144578313253,0.0252631578947368,0.0719010779961953,0,2.4,5.4
2008,REG,00-0022725,,Michael Clayton,WR,WR,,14,TB,0,0,0,0,0,0,0,0,0,0,0,0,,0,,,2,5,0,0,0,0,-0.642428773106076,0,38,38,484,1,1,1,296,188,21,31.0048963839717,0,1.63513513513514,0.119122257053292,0.150177574835109,0.283807687964514,0,52.9,90.9
2008,REG,00-0022726,,Keary Colbert,WR,WR,,10,DET,0,0,0,0,0,0,0,0,0,0,0,0,,0,,,0,0,0,0,0,0,,0,12,12,116,1,0,0,73,43,8,13.9545026282431,0,1.58904109589041,0.0769230769230769,0.0851808634772462,0.175011219818688,0,17.6,29.6
2008,REG,00-0022736,,Steven Jackson,RB,RB,"https://static.www.nfl.com/image/private/f_auto,q_auto/league/abl5wejuf448xw3jtphm",12,LA,0,0,0,0,0,0,0,0,0,0,0,0,,0,,,254,1043,7,5,3,58,-26.4287749809093,0,40,41,379,1,0,0,44,343,15,22.8552673366904,0,8.61363636363636,0.209183673469388,0.0388007054673721,0.340936004031242,0,184.2,224.2
2008,REG,00-0022738,,Chris Cooley,TE,TE,,16,WAS,0,0,0,0,0,0,0,0,0,0,0,0,,0,,,0,0,0,0,0,0,,0,83,83,849,1,3,2,374,475,43,47.1709928466122,0,2.27005347593583,0.260188087774295,0.252021563342318,0.566697226001065,0,86.9,169.9
2008,REG,00-0022739,,Devard Darling,WR,WR,,12,KC,0,0,0,0,0,0,0,0,0,0,0,0,,0,,,0,0,0,0,0,0,,0,17,17,247,1,0,0,152,95,8,15.329847355315,0,1.625,0.0739130434782609,0.101808439383791,0.182135472786045,0,30.7,47.7
2008,REG,00-0022744,,Jim Sorgi,QB,QB,,1,IND,22,30,178,0,0,0,0,0,0,141,120,10,2.21508269209526,0,1.26241134751773,0.123270569819069,5,8,0,0,0,1,-0.515403947792947,0,0,0,0,0,0,0,0,0,0,,0,,,,,0,7.92,7.92
2008,REG,00-0022746,,Jeff Dugan,TE,TE,,4,MIN,0,0,0,0,0,0,0,0,0,0,0,0,,0,,,4,7,0,0,0,4,2.06116999080405,0,2,2,12,0,0,0,-3,15,1,0.817895229207352,0,0.0,0.0625,-0.0129310344827586,0.084698275862069,0,1.9,3.9
2008,REG,00-0022766,,Patrick Crayton,WR,WR,,14,DAL,0,1,0,0,0,0,0,0,0,48,0,0,-0.490380812902004,0,0.0,,1,11,0,0,0,1,0.911039458820596,0,39,39,550,4,1,0,340,203,24,48.3553381214425,0,1.61764705882353,0.142857142857143,0.183783783783784,0.342934362934363,0,80.1,119.1
2008,REG,00-0022770,,Derrick Ward,RB,RB,,16,NYG,0,0,0,0,0,0,0,0,0,0,0,0,,0,,,182,1025,2,2,0,53,18.1710768809006,0,41,41,384,0,0,0,-28,412,14,17.7748885225365,0,-13.7142857142857,0.13758389261745,-0.0132890365448505,0.197073513344779,0,152.9,193.9
2008,REG,00-0022781,,Michael Jenkins,WR,WR,,15,ATL,0,0,0,0,0,0,0,0,0,0,0,0,,0,,,0,0,0,0,0,0,,0,50,50,777,3,0,0,607,170,37,63.2557310629927,1,1.28006589785832,0.198412698412698,0.304108216432866,0.510494799122054,0,97.7,147.7
2008,REG,00-0022782,,Kevin Jones,RB,RB,,8,CHI,0,0,0,0,0,0,0,0,0,0,0,0,,0,,,34,109,0,0,0,7,-6.46234929841012,0,2,2,5,0,0,0,-6,11,0,-0.963036538101733,0,-0.833333333333333,0.0833333333333333,-0.0319148936170213,0.102659574468085,0,11.4,13.4
2008,REG,00-0022787,M.Schaub,Matt Schaub,QB,QB,"https://static.www.nfl.com/image/private/f_auto,q_auto/league/mj2kh2nddxnw04ludcx0",11,HOU,251,380,3043,15,10,23,149,6,4,2891,1340,146,35.3555372667319,1,1.05257696298859,0.129872008529969,31,68,2,4,0,9,5.16861863894155,0,0,0,0,0,0,0,0,0,0,,0,,,,,0,174.52,174.52
2008,REG,00-0022796,,Mike Karney,FB,RB,,9,NO,0,0,0,0,0,0,0,0,0,0,0,0,,0,,,8,10,2,0,0,5,2.88221680029528,0,9,9,18,0,0,0,-5,23,1,-2.80604403227335,0,-3.6,0.0535714285714286,-0.007278020378457,0.0752625285922229,0,14.8,23.8
2008,REG,00-0022797,,Thomas Tapeh,RB,RB,,1,MIN,0,0,0,0,0,0,0,0,0,0,0,0,,0,,,0,0,0,0,0,0,,0,1,1,7,0,0,0,3,4,0,0.357100308407098,0,2.33333333333333,0.0625,0.0272727272727273,0.112840909090909,0,0.7,1.7
2008,REG,00-0022803,E.Manning,Eli Manning,QB,QB,"https://static.www.nfl.com/image/private/f_auto,q_auto/league/w51tf8uedjftbr4qpaex",16,NYG,289,479,3238,21,10,27,174,5,2,4271,1220,169,46.2453321334702,1,0.758136267852962,0.095344976256371,20,10,1,0,0,4,-7.47241410176503,0,0,0,0,0,0,0,0,0,0,,0,,,,,0,198.52,198.52
2008,REG,00-0022807,,Bernard Berrian,WR,WR,,14,MIN,0,0,0,0,0,0,0,0,0,0,0,0,,0,,,4,26,0,0,0,2,1.48327332525514,0,48,48,964,7,0,0,646,318,34,83.4244201060501,0,1.4922600619195,0.201680672268908,0.382474837181764,0.570253394430596,1,147.0,195.0
2008,REG,00-0022811,,Jerricho Cotchery,WR,WR,"https://static.www.nfl.com/image/private/f_auto,q_auto/league/hkq2dmfj7mbgbuejiloy",16,NYJ,0,0,0,0,0,0,0,0,0,0,0,0,,0,,,2,8,0,0,0,0,-0.222593175247312,0,71,71,858,5,2,1,526,327,43,73.0716747158667,1,1.63117870722433,0.203438395415473,0.302820955670697,0.517132262092697,0,116.6,187.6
2008,REG,00-0022817,,Sean Ryan,TE,TE,,2,SF,0,0,0,0,0,0,0,0,0,0,0,0,,0,,,0,0,0,0,0,0,,0,3,3,15,0,0,0,11,4,0,0.317757037351839,0,1.36363636363636,0.0535714285714286,0.0325443786982249,0.1031382079459,0,1.5,4.5
2008,REG,00-0022821,,Michael Turner,RB,RB,,16,ATL,0,0,0,0,0,0,0,0,0,0,0,0,,0,,,377,1699,17,2,2,84,-6.20869242875676,0,6,6,41,0,0,0,10,31,2,0.997758265235461,0,4.1,0.0810810810810811,0.0231481481481482,0.137825325325325,0,272.0,278.0
2008,REG,00-0022840,,Julius Jones,RB,RB,,14,SEA,0,0,0,0,0,0,0,0,0,0,0,0,,0,,,158,698,2,3,2,29,-18.4419697903013,0,14,14,66,0,0,0,-24,90,4,-3.41611858340912,0,-2.75,0.100719424460432,-0.034833091436865,0.126695972684842,0,84.4,98.4
2008,REG,00-0022847,,Ben Hartsock,TE,TE,,3,ATL,0,0,0,0,0,0,0,0,0,0,0,0,,0,,,0,0,0,0,0,0,,0,3,3,26,0,0,0,12,14,1,0.888277456979267,0,2.16666666666667,0.0638297872340426,0.0745341614906832,0.147918593894542,0,2.6,5.6
2008,REG,00-0022864,L.McCown,Luke McCown,QB,QB,"https://static.www.nfl.com/image/private/f_auto,q_auto/league/pj2lbdhplppzlywlzsbr",2,TB,0,0,0,0,0,0,0,0,0,0,0,0,,0,,,3,15,0,0,0,0,-0.672439855523408,0,0,0,0,0,0,0,0,0,0,,0,,,,,0,1.5,1.5
2008,REG,00-0022882,,Mark Jones,WR,WR,,2,CAR,0,0,0,0,0,0,0,0,0,0,0,0,,0,,,0,0,0,0,0,0,,0,2,2,32,0,0,0,30,2,2,3.36645498755388,0,1.06666666666667,0.0588235294117647,0.112359550561798,0.166886979510905,0,3.2,5.2
2008,REG,00-0022886,,Casey Cramer,FB,RB,,2,MIA,0,0,0,0,0,0,0,0,0,0,0,0,,0,,,0,0,0,0,0,0,,0,2,2,3,1,0,0,3,0,1,0.66721763293026,0,1.0,0.0465116279069768,0.0104895104895105,0.0771100992031225,0,6.3,8.3
2008,REG,00-0022889,,Reggie Williams,WR,WR,,14,JAX,0,0,0,0,0,0,0,0,0,0,0,0,,0,,,1,0,0,0,0,0,-0.710480152629316,0,38,38,375,3,0,0,285,90,23,28.406986665137,0,1.31578947368421,0.125,0.146907216494845,0.290335051546392,0,55.5,93.5
2008,REG,00-0022893,,Tatum Bell,RB,RB,,6,DEN,0,0,0,0,0,0,0,0,0,0,0,0,,0,,,44,249,2,0,0,11,2.81777452444658,0,10,10,57,0,0,0,-5,62,3,0.638185861986131,0,-11.4,0.078740157480315,-0.0059594755661501,0.113938603324167,0,42.6,52.6
2008,REG,00-0022897,,Greg Jones,RB,RB,,8,JAX,0,0,0,0,0,0,0,0,0,0,0,0,,0,,,2,13,0,0,0,1,-1.61281599517679,0,13,13,116,1,0,0,21,95,6,9.54041051142849,0,5.52380952380952,0.0807453416149068,0.0218522372528616,0.136414578499363,0,18.9,31.9
2008,REG,00-0022901,,Ernest Wilford,WR,WR,,2,MIA,0,0,0,0,0,0,0,0,0,0,0,0,,0,,,0,0,0,0,0,0,,0,3,3,25,0,0,0,14,11,2,2.51758679607883,0,1.78571428571429,0.0731707317073171,0.0576131687242798,0.150085315667971,0,2.5,5.5
2008,REG,00-0022907,,Nate Lawrie,TE,TE,,1,CIN,0,0,0,0,0,0,0,0,0,0,0,0,,0,,,0,0,0,0,0,0,,0,2,2,11,0,0,0,0,11,0,-0.116460969671607,0,0.0,0.111111111111111,,,0,1.1,3.1
2008,REG,00-0022909,,Roy Williams,WR,WR,,14,DAL,0,0,0,0,0,0,0,0,0,0,0,0,,0,,,1,13,0,0,0,1,1.21980633144267,0,36,36,430,2,0,0,298,132,26,37.8569183829977,0,1.44295302013423,0.129496402877698,0.173255813953488,0.315523674083989,0,56.3,92.3
2008,REG,00-0022910,,Lee Evans,WR,WR,,15,BUF,0,0,0,0,0,0,0,0,0,0,0,0,,0,,,1,22,0,0,0,1,1.56401299580466,0,63,63,1017,3,2,1,774,243,46,76.1178779757732,1,1.31395348837209,0.215017064846416,0.411483253588517,0.610563874781586,0,121.9,184.9
2008,REG,00-0022912,,J.P. Losman,QB,QB,,5,BUF,63,104,584,2,5,15,119,7,3,771,265,34,-40.8999247341472,0,0.75745784695201,0.0168312543469251,12,70,2,1,1,6,0.097493227745872,0,0,0,0,0,0,0,0,0,0,,0,,,,,0,32.36,32.36
2008,REG,00-0022921,L.Fitzgerald,Larry Fitzgerald,WR,WR,"https://static.www.nfl.com/image/private/f_auto,q_auto/league/ycgjjaad5un42gy4pnga",16,ARI,0,0,0,0,0,0,0,0,0,0,0,0,,0,,,0,0,0,0,0,0,,0,96,96,1434,12,1,0,931,503,66,126.459946276329,0,1.54027926960258,0.228571428571429,0.351320754716981,0.58878167115903,0,215.4,311.4
2008,REG,00-0022922,,Kellen Winslow,TE,TE,,10,CLE,0,0,0,0,0,0,0,0,0,0,0,0,,0,,,0,0,0,0,0,0,,0,43,43,428,3,1,1,283,145,25,37.7092764653936,0,1.51236749116608,0.27741935483871,0.338516746411483,0.653090754746103,0,58.8,101.8
2008,REG,00-0022924,B.Roethlisberger,Ben Roethlisberger,QB,QB,"https://static.www.nfl.com/image/private/f_auto,q_auto/league/vziogpnyp9d0xtpiuqhr",16,PIT,282,470,3314,17,15,47,291,10,5,4033,1289,162,-6.34045047439985,0,0.82172080337218,0.051441862869443,34,101,2,4,2,8,-8.66342990388512,0,0,0,0,0,0,0,0,0,0,,0,,,,,0,178.66,178.66
2008,REG,00-0022926,,Chris Perry,RB,RB,,11,CIN,0,0,0,0,0,0,0,0,0,0,0,0,,0,,,102,264,2,5,3,11,-44.5348559505073,0,21,21,76,0,0,0,5,71,5,0.875362403225154,0,15.2,0.0950226244343891,0.0044326241134751,0.145636773531016,0,40.0,61.0
2008,REG,00-0022929,,Devery Henderson,WR,WR,,15,NO,0,0,0,0,0,0,0,0,0,0,0,0,,0,,,4,33,0,0,0,1,-2.41020658030175,0,32,32,793,3,1,0,524,266,27,65.5366257950082,0,1.51335877862595,0.0822622107969152,0.198936977980258,0.262649200781553,0,100.6,132.6
2008,REG,00-0022942,P.Rivers,Philip Rivers,QB,QB,"https://static.www.nfl.com/image/private/f_auto,q_auto/league/voakyrtj34sghkwxaxxf",16,LAC,312,478,4004,34,11,25,151,6,4,4215,1698,191,134.407712938243,2,0.94994068801898,0.184338927461435,31,84,0,2,0,12,10.131768539839,0,0,0,0,0,0,0,0,0,0,,0,,,,,0,278.56,278.56
2008,REG,00-0022943,B.Watson,Benjamin Watson,TE,TE,"https://static.www.nfl.com/image/private/f_auto,q_auto/league/dorymozpdnrllkqlfzpu",10,NE,0,0,0,0,0,0,0,0,0,0,0,0,,0,,,0,0,0,0,0,0,,0,22,22,209,2,1,1,153,56,12,9.57191281917039,0,1.36601307189542,0.0920502092050209,0.121428571428571,0.223075313807531,0,30.9,52.9
2008,REG,00-0022984,,Ryan Grant,RB,RB,,16,GB,0,0,0,0,0,0,0,0,0,0,0,0,,0,,,312,1203,4,4,3,53,-44.7756485232383,0,18,18,116,1,0,0,-33,149,3,2.94381946197245,0,-3.51515151515152,0.107784431137725,-0.0306691449814126,0.140208245219598,0,155.9,173.9
2008,REG,00-0022999,J.Kuhn,John Kuhn,FB,RB,"https://static.www.nfl.com/image/private/f_auto,q_auto/league/nbcwgq2o0ymmx4czvr4b",9,GB,0,0,0,0,0,0,0,0,0,0,0,0,,0,,,8,10,1,0,0,5,-2.70618126806464,0,4,4,21,2,0,0,7,14,3,3.56160117441323,0,3.0,0.0454545454545455,0.010989010989011,0.0758741258741259,0,21.1,25.1
2008,REG,00-0023060,,Chris Kluwe,P,SPEC,,1,MIN,0,0,0,0,0,0,0,0,0,0,0,0,,0,,,1,-7,0,0,0,0,-0.354477612534538,0,0,0,0,0,0,0,0,0,0,,0,,,,,0,-0.7,-0.7
2008,REG,00-0023063,,Leonard Weaver,FB,RB,,14,SEA,0,0,0,0,0,0,0,0,0,0,0,0,,0,,,30,130,0,1,1,9,-5.28823267485402,0,20,20,222,2,0,0,22,200,6,15.152448044304,0,10.0909090909091,0.115606936416185,0.0257913247362251,0.191464331939635,0,45.2,65.2
2008,REG,00-0023074,,Samkon Gado,RB,RB,,1,LA,0,0,0,0,0,0,0,0,0,0,0,0,,0,,,2,4,0,0,0,0,-0.579900390934199,0,1,1,-1,0,0,0,-3,2,0,-0.787547675892711,0,0.333333333333333,0.0909090909090909,-0.0576923076923077,0.095979020979021,0,0.3,1.3
2008,REG,00-0023108,,Stephen Spach,TE,TE,,1,ARI,0,0,0,0,0,0,0,0,0,0,0,0,,0,,,0,0,0,0,0,0,,0,2,2,15,0,0,0,4,11,1,1.1737625412643,0,3.75,0.0833333333333333,0.0287769784172662,0.145143884892086,0,1.5,3.5
2008,REG,00-0023158,,Brock Berlin,QB,QB,,1,LA,1,3,6,0,0,0,0,0,0,47,2,0,-1.52293261932209,0,0.127659574468085,,0,0,0,0,0,0,,0,0,0,0,0,0,0,0,0,0,,0,,,,,0,0.24,0.24
2008,REG,00-0023176,,Josh Cribbs,WR,WR,,14,CLE,1,4,8,0,0,0,0,0,0,85,0,1,-0.173407875932753,0,0.0941176470588235,,29,163,1,0,0,12,6.83200143302167,0,2,2,18,1,0,0,5,13,2,5.54402261058567,0,3.6,0.0714285714285714,0.0462962962962963,0.139550264550265,1,36.42,38.42
2008,REG,00-0023179,,Tony Curtis,TE,TE,,7,DAL,0,0,0,0,0,0,0,0,0,0,0,0,,0,,,0,0,0,0,0,0,,0,8,8,32,0,1,0,14,18,0,-0.172213345475029,0,2.28571428571429,0.0526315789473684,0.0186666666666667,0.0920140350877193,0,3.2,11.2
2008,REG,00-0023210,,Tory Humphrey,TE,TE,,7,GB,0,0,0,0,0,0,0,0,0,0,0,0,,0,,,0,0,0,0,0,0,,0,11,11,162,0,0,0,78,84,8,11.9292952744581,0,2.07692307692308,0.0748299319727891,0.0836012861736334,0.170765798280727,0,16.2,27.2
2008,REG,00-0023251,,Kyle Eckel,RB,RB,,4,PHI,0,0,0,0,0,0,0,0,0,0,0,0,,0,,,24,79,0,0,0,6,-2.85027460881975,0,0,0,0,0,0,0,0,0,0,,0,,,,,0,7.9,7.9
2008,REG,00-0023310,,Lance Moore,WR,WR,"https://static.www.nfl.com/image/private/f_auto,q_auto/league/bfjxc892mfkni8ywtheh",16,NO,0,1,0,0,1,0,0,0,0,17,0,0,-6.39443517301697,0,0.0,,0,0,0,0,0,0,,0,79,79,928,10,0,0,645,283,40,79.0749457916026,0,1.43875968992248,0.191283292978208,0.233865119651922,0.450630523223658,0,150.8,229.8
2008,REG,00-0023367,,Nate Washington,WR,WR,,14,PIT,0,0,0,0,0,0,0,0,0,0,0,0,,0,,,5,18,0,0,0,1,0.329103047726676,0,40,40,631,3,0,0,487,144,25,53.1793784649926,0,1.29568788501027,0.14336917562724,0.247837150127226,0.388539768529919,0,82.9,122.9
2008,REG,00-0023384,,Zak Keasey,LB,LB,,2,SF,0,0,0,0,0,0,0,0,0,0,0,0,,0,,,0,0,0,0,0,0,,0,3,3,25,0,1,1,7,18,1,-2.637011756422,0,3.57142857142857,0.1,0.0445859872611465,0.181210191082803,0,0.5,3.5
2008,REG,00-0023408,,Greg Camarillo,WR,WR,,11,MIA,0,0,0,0,0,0,0,0,0,0,0,0,,0,,,2,1,0,0,0,0,-0.74135723672808,0,55,55,613,2,0,0,449,164,31,42.9689247909992,0,1.3652561247216,0.236051502145923,0.257012020606754,0.533985667643612,0,73.4,128.4
2008,REG,00-0023429,,Rashied Davis,WR,WR,,14,CHI,0,0,0,0,0,0,0,0,0,0,0,0,,0,,,3,14,0,0,0,1,-0.0336891709594056,0,35,35,445,2,0,0,293,152,21,36.5238511441858,0,1.51877133105802,0.130597014925373,0.185325743200506,0.325623542628414,0,57.9,92.9
2008,REG,00-0023437,,Ronnie Brown,RB,RB,,16,MIA,2,3,31,1,0,1,8,0,0,46,0,1,2.59673697617836,0,0.673913043478261,,214,916,10,1,1,48,-6.24071955008695,0,33,33,254,0,0,0,27,227,12,11.0045384683763,0,9.40740740740741,0.104430379746835,0.0140918580375783,0.166509870246558,0,180.24,213.24
2008,REG,00-0023438,,Braylon Edwards,WR,WR,,16,CLE,0,0,0,0,0,0,0,0,0,0,0,0,,0,,,0,0,0,0,0,0,,0,55,56,877,3,0,0,639,242,42,75.7457919887093,2,1.37245696400626,0.233333333333333,0.476510067114094,0.683557046979866,0,109.7,164.7
2008,REG,00-0023439,,Cedric Benson,RB,RB,,12,CIN,0,0,0,0,0,0,0,0,0,0,0,0,,0,,,214,747,2,2,1,36,-35.6558406358072,0,20,20,185,0,0,0,-7,192,6,4.11352529510623,0,-26.4285714285714,0.10989010989011,-0.0089058524173028,0.158601068143053,0,103.2,123.2
2008,REG,00-0023440,,Cadillac Williams,RB,RB,,6,TB,0,0,0,0,0,0,0,0,0,0,0,0,,0,,,63,233,4,1,0,17,1.27839101763675,0,7,7,43,0,0,0,2,41,2,1.442958783824,0,21.5,0.104477611940299,0.0058997050147492,0.160846211420772,0,51.6,58.6
2008,REG,00-0023442,,Troy Williamson,WR,WR,,4,JAX,0,0,0,0,0,0,0,0,0,0,0,0,,0,,,1,1,0,0,0,0,-0.363909271778539,0,5,5,30,1,0,0,26,4,2,3.44802745480262,0,1.15384615384615,0.0531914893617021,0.0424143556280587,0.109477282982194,0,9.1,14.1
2008,REG,00-0023443,,Antrel Rolle,SS,DB,"https://static.www.nfl.com/image/private/f_auto,q_auto/league/issrtvdibba1d0c1msjb",1,ARI,0,0,0,0,0,0,0,0,0,0,0,0,,0,,,0,0,0,0,0,0,,0,1,1,9,0,0,0,-1,10,1,0.586750819406007,0,0.0,0.0416666666666667,-0.0071942446043165,0.0574640287769784,0,0.9,1.9
2008,REG,00-0023456,,Matt Jones,WR,WR,,12,JAX,0,0,0,0,0,0,0,0,0,0,0,0,,0,,,0,0,0,0,0,0,,0,64,64,750,2,1,1,524,226,45,70.9204983318123,0,1.43129770992366,0.247104247104247,0.317768344451183,0.593094211772199,0,85.0,149.0
2008,REG,00-0023457,,Mark Clayton,WR,WR,,16,BAL,1,1,32,1,0,0,0,0,0,32,0,1,3.48390713369008,0,1.0,,6,81,1,0,0,3,5.5400507892482,0,41,41,695,3,0,0,524,171,23,58.3947105780156,0,1.3263358778626,0.175965665236052,0.353814989871708,0.511618990764273,0,106.88,147.88
2008,REG,00-0023459,A.Rodgers,Aaron Rodgers,QB,QB,"https://static.www.nfl.com/image/private/f_auto,q_auto/league/gnta8ufi2vdp967dui9e",16,GB,341,536,4038,28,13,34,231,6,3,4844,1526,182,77.9346596776816,2,0.833608587943848,0.127024735045472,56,207,4,4,0,21,6.9118860597664,0,0,0,0,0,0,0,0,0,0,,0,,,,,0,290.22,290.22
2008,REG,00-0023460,,Jason Campbell,QB,QB,,16,WAS,315,506,3245,13,6,38,266,6,1,3316,1784,162,0.60010666987051,0,0.978588661037394,0.0534215131853774,47,258,1,0,0,15,7.80833547692958,0,0,0,0,0,0,0,0,0,0,,0,,,,,0,199.6,199.6
2008,REG,00-0023462,,Roddy White,WR,WR,"https://static.www.nfl.com/image/private/f_auto,q_auto/league/f7dgklg6z49fbdltwuki",16,ATL,0,0,0,0,0,0,0,0,0,0,0,0,,0,,,2,4,0,0,0,0,-1.05844817310572,0,88,88,1382,7,1,1,1026,356,61,126.930666466389,0,1.34697855750487,0.332075471698113,0.485106382978723,0.837687675632276,0,178.6,266.6
2008,REG,00-0023465,,Heath Miller,TE,TE,"https://static.www.nfl.com/image/private/f_auto,q_auto/league/iqw8fry4hgfvegs9nfuf",13,PIT,0,0,0,0,0,0,0,0,0,0,0,0,,0,,,0,0,0,0,0,0,,0,48,48,514,3,1,1,279,235,29,37.129909993615,0,1.84229390681004,0.207792207792208,0.159702346880366,0.423479954504568,0,67.4,115.4
2008,REG,00-0023470,,Reggie Brown,WR,WR,,7,PHI,0,0,0,0,0,0,0,0,0,0,0,0,,0,,,1,6,0,0,0,1,1.4314915498253,0,18,18,252,1,0,0,183,69,13,18.0240324311017,0,1.37704918032787,0.117647058823529,0.199781659388646,0.316317749807347,0,31.8,49.8
2008,REG,00-0023474,,Mark Bradley,WR,WR,,8,KC,1,1,37,1,0,0,0,0,0,36,1,1,3.64740753325168,0,1.02777777777778,,0,0,0,0,0,0,,0,30,30,380,3,0,0,276,104,14,30.9956340539502,0,1.3768115942029,0.174418604651163,0.212471131639723,0.41035769912455,0,61.48,91.48
2008,REG,00-0023479,,J.J. Arrington,RB,RB,,11,ARI,0,1,0,0,0,0,0,0,0,38,0,0,-0.480820593889803,0,0.0,,30,188,1,0,0,9,3.02927776251055,0,30,30,254,1,0,0,-13,267,13,17.5909781225782,0,-19.5384615384615,0.115830115830116,-0.0082278481012658,0.167985680074288,1,62.2,92.2
2008,REG,00-0023490,,Roscoe Parrish,WR,WR,,12,BUF,0,0,0,0,0,0,0,0,0,0,0,0,,0,,,2,9,0,0,0,0,0.12579241709318,0,24,24,232,1,0,0,160,72,16,17.9530705974976,0,1.45,0.100840336134454,0.124707716289945,0.238555905604643,1,36.1,60.1
2008,REG,00-0023492,,Justin Miller,DB,DB,,2,LV,0,0,0,0,0,0,0,0,0,0,0,0,,0,,,0,0,0,0,0,0,,0,0,0,0,0,0,0,0,0,0,,0,,,,,2,12.0,12.0
2008,REG,00-0023496,,Vincent Jackson,WR,WR,"https://static.www.nfl.com/image/private/f_auto,q_auto/league/kdquag2thcfulvrs0cbz",15,LAC,0,0,0,0,0,0,0,0,0,0,0,0,,0,,,4,69,0,0,0,3,5.2753412151942,0,59,59,1098,7,1,1,893,205,52,95.7273889468404,0,1.22956326987682,0.2,0.396536412078153,0.577575488454707,0,156.7,215.7
2008,REG,00-0023500,F.Gore,Frank Gore,RB,RB,"https://static.www.nfl.com/image/private/f_auto,q_auto/league/lxxkhd2suyalrbruzut7",14,SF,0,0,0,0,0,0,0,0,0,0,0,0,,0,,,240,1036,6,6,3,45,-17.7068953624643,0,43,43,373,2,0,0,37,336,15,16.328674691009,1,10.0810810810811,0.164750957854406,0.0220369267421084,0.262552285501085,0,184.9,227.9
2008,REG,00-0023502,,Charlie Frye,QB,QB,,1,SEA,12,23,83,2,2,3,19,0,0,165,42,5,-12.2717531480098,0,0.503030303030303,-0.0256303057521643,2,30,0,0,0,1,3.06618091434939,0,0,0,0,0,0,0,0,0,0,,0,,,,,0,10.32,10.32
2008,REG,00-0023504,,Andrew Walter,QB,QB,,2,LV,22,49,204,0,3,5,39,1,0,300,132,11,-25.8565544528775,0,0.68,-0.0655966058653232,5,19,0,2,0,1,-3.11385906283977,0,0,0,0,0,0,0,0,0,0,,0,,,,,0,4.06,4.06
2008,REG,00-0023506,,Alex Smith,TE,TE,"https://static.www.nfl.com/image/private/f_auto,q_auto/league/zcpxncjwcm6ggoiqt6ub",11,TB,0,0,0,0,0,0,0,0,0,0,0,0,,0,,,0,0,0,0,0,0,,0,21,21,250,3,0,0,118,132,15,23.7861346160062,1,2.11864406779661,0.0769230769230769,0.0751592356687898,0.167996080352768,0,45.0,66.0
2008,REG,00-0023512,,Ryan Moats,RB,RB,,5,HOU,0,0,0,0,0,0,0,0,0,0,0,0,,0,,,26,94,1,0,0,6,-3.77841943263775,0,3,3,14,0,0,0,-1,15,0,-0.152234692417551,0,-14.0,0.111111111111111,-0.0053475935828877,0.162923351158645,0,16.8,19.8
2008,REG,00-0023518,,Chris Henry,WR,WR,,10,CIN,0,0,0,0,0,0,0,0,0,0,0,0,,0,,,0,0,0,0,0,0,,0,19,19,220,2,0,0,187,33,12,20.0535735181184,0,1.17647058823529,0.0974358974358974,0.22209026128266,0.301617029051708,0,34.0,53.0
2008,REG,00-0023519,,Ellis Hobbs,CB,DB,,1,NE,0,0,0,0,0,0,0,0,0,0,0,0,,0,,,0,0,0,0,0,0,,0,0,0,0,0,0,0,0,0,0,,0,,,,,1,6.0,6.0
2008,REG,00-0023531,,Brandon Jones,WR,WR,,14,TEN,0,0,0,0,0,0,0,0,0,0,0,0,,0,,,2,35,0,0,0,1,2.36407509329729,0,41,41,449,1,0,0,344,105,25,34.1832866607583,0,1.30523255813954,0.173728813559322,0.241573033707865,0.429694343934489,0,54.4,95.4
2008,REG,00-0023541,,Kyle Orton,QB,QB,,15,CHI,273,466,2979,19,12,27,160,3,2,3704,1387,142,-22.0080925012207,1,0.8042656587473,0.0291676012085055,24,49,3,3,3,8,-13.6902088151386,0,0,0,0,0,0,0,0,0,0,,0,,,,,0,186.06,186.06
2008,REG,00-0023544,,Marion Barber,RB,RB,,15,DAL,0,0,0,0,0,0,0,0,0,0,0,0,,0,,,238,885,7,3,1,57,-19.7640406296705,0,52,52,417,2,4,2,3,414,17,9.20996376950072,0,139.0,0.168284789644013,0.0014333492594362,0.253430528947625,0,178.2,230.2
2008,REG,00-0023545,,Brandon Jacobs,RB,RB,,13,NYG,0,0,0,0,0,0,0,0,0,0,0,0,,0,,,219,1089,15,3,1,57,11.8006241357273,0,6,6,36,0,0,0,9,27,0,1.32712916533103,0,4.0,0.0540540540540541,0.0102622576966933,0.0882646614687664,0,200.5,206.5
2008,REG,00-0023560,,Todd Herremans,G,OL,"https://static.www.nfl.com/image/private/f_auto,q_auto/league/cfpuccfslanowlsv1ljy",1,PHI,0,0,0,0,0,0,0,0,0,0,0,0,,0,,,0,0,0,0,0,0,,0,1,1,1,1,0,0,0,1,1,0.979764208721463,0,0.0,0.0357142857142857,,,0,6.1,7.1
2008,REG,00-0023561,,Alvin Pearman,RB,RB,,1,JAX,0,0,0,0,0,0,0,0,0,0,0,0,,0,,,0,0,0,0,0,0,,0,1,1,23,1,0,0,21,2,1,3.44228026655037,0,1.0952380952381,0.0714285714285714,0.21,0.254142857142857,0,8.3,9.3
2008,REG,00-0023564,D.Sproles,Darren Sproles,RB,RB,"https://static.www.nfl.com/image/private/f_auto,q_auto/league/gvj5ng27blmwuz170aeo",15,LAC,0,0,0,0,0,0,0,0,0,0,0,0,,0,,,61,330,1,0,0,15,2.06009199059918,0,29,29,342,5,1,0,-5,347,14,26.0969106985938,1,-68.4,0.10431654676259,-0.0025974025974026,0.154656638325703,1,111.2,140.2
2008,REG,00-0023578,D.Orlovsky,Dan Orlovsky,QB,QB,"https://static.www.nfl.com/image/private/f_auto,q_auto/league/vr8juuraecwssjnviglf",10,DET,143,255,1616,8,8,14,95,1,0,2604,618,73,-17.3803606504419,2,0.620583717357911,0.030838352573887,7,29,0,2,0,2,0.795991213060916,0,0,0,0,0,0,0,0,0,0,,0,,,,,0,87.54,87.54
2008,REG,00-0023612,,Bo Scaife,TE,TE,,16,TEN,0,0,0,0,0,0,0,0,0,0,0,0,,0,,,0,0,0,0,0,0,,0,58,58,562,2,1,0,218,344,29,35.6058226466921,0,2.57798165137615,0.217228464419476,0.139475367882278,0.423475454146808,0,68.2,126.2
2008,REG,00-0023630,,Joel Dreessen,TE,TE,,9,HOU,0,0,0,0,0,0,0,0,0,0,0,0,,0,,,0,0,0,0,0,0,,0,11,11,77,0,1,0,37,39,4,4.31636602702201,0,2.08108108108108,0.0552763819095477,0.0305532617671346,0.104301856101316,0,7.7,18.7
2008,REG,00-0023645,D.Anderson,Derek Anderson,QB,QB,"https://static.www.nfl.com/image/private/f_auto,q_auto/league/w191gsxivnqgdwgydka6",10,CLE,142,283,1615,9,8,15,90,4,1,2195,781,82,-25.0161991282332,2,0.735763097949886,-0.0248385008939859,24,58,0,5,1,5,-7.6865177997388,0,0,0,0,0,0,0,0,0,0,,0,,,,,0,90.4,90.4
2008,REG,00-0023662,M.Cassel,Matt Cassel,QB,QB,"https://static.www.nfl.com/image/private/f_auto,q_auto/league/n1ucqggyu5hlsqzuv5gj",16,NE,328,518,3693,21,11,44,219,4,3,3885,2053,182,76.2973277956869,2,0.950579150579151,0.121544803911069,76,271,2,2,1,23,11.2033306573162,0,0,0,0,0,0,0,0,0,0,,0,,,,,0,244.82,244.82
2008,REG,00-0023679,,Billy Bajema,TE,TE,,2,SF,0,0,0,0,0,0,0,0,0,0,0,0,,0,,,0,0,0,0,0,0,,0,2,2,34,0,0,0,16,18,1,2.23295742057962,0,2.125,0.0408163265306122,0.108108108108108,0.136900165471594,0,3.4,5.4
2008,REG,00-0023682,R.Fitzpatrick,Ryan Fitzpatrick,QB,QB,"https://static.www.nfl.com/image/private/f_auto,q_auto/league/pkhhxwplsawnhln9rsun",12,CIN,221,372,1905,8,9,38,193,8,4,2734,817,100,-76.9239216011624,0,0.696781272860278,0.0058475159052059,60,304,2,3,1,24,3.99961106220144,0,1,1,-3,0,0,0,0,-3,0,-0.688826560741291,0,0.0,0.05,,,0,122.3,123.3
2008,REG,00-0023683,,Madison Hedgecock,FB,RB,,6,NYG,0,0,0,0,0,0,0,0,0,0,0,0,,0,,,1,0,0,0,0,0,-1.74185438640416,0,8,8,52,1,0,0,5,47,4,3.57604313240154,0,10.4,0.062992125984252,0.0051440329218107,0.0980890120216454,0,11.2,19.2
2008,REG,00-0023752,,Daniel Fells,TE,TE,"https://static.www.nfl.com/image/private/f_auto,q_auto/league/lhecgqac5nourex1czfo",4,LA,0,0,0,0,0,0,0,0,0,0,0,0,,0,,,0,0,0,0,0,0,,0,7,7,81,0,0,0,46,35,4,5.16184108302696,0,1.76086956521739,0.0897435897435897,0.0844036697247707,0.193697953422724,0,8.1,15.1
2008,REG,00-0023764,,Andre Hall,RB,RB,,7,DEN,0,0,0,0,0,0,0,0,0,0,0,0,,0,,,35,144,0,2,2,7,-12.5014694189304,0,3,3,25,0,0,0,-9,34,2,1.36141876713373,0,-2.77777777777778,0.0638297872340426,-0.102272727272727,0.0241537717601547,0,12.9,15.9
2008,REG,00-0023774,,Naufahu Tahi,FB,RB,,10,MIN,0,0,0,0,0,0,0,0,0,0,0,0,,0,,,0,0,0,0,0,0,,0,16,16,37,0,1,1,-1,38,2,-11.1084382049739,0,-37.0,0.1,-0.0010952902519167,0.149233296823658,0,1.7,17.7
2008,REG,00-0023784,,Greg Estandia,TE,TE,,5,JAX,0,0,0,0,0,0,0,0,0,0,0,0,,0,,,0,0,0,0,0,0,,0,10,10,113,0,1,0,79,34,6,6.6309630740725,0,1.43037974683544,0.0909090909090909,0.110181311018131,0.213490554076328,0,11.3,21.3
2008,REG,00-0023788,,Buck Ortega,TE,TE,,1,NO,0,0,0,0,0,0,0,0,0,0,0,0,,0,,,0,0,0,0,0,0,,0,1,1,3,0,0,0,0,3,0,-0.245616362662986,0,0.0,0.0333333333333333,,,0,0.3,1.3
2008,REG,00-0023790,,Brian Clark,WR,WR,,1,TB,0,0,0,0,0,0,0,0,0,0,0,0,,0,,,0,0,0,0,0,0,,0,1,1,12,0,0,0,7,5,1,1.82056951988488,0,1.71428571428571,0.037037037037037,0.0328638497652582,0.0785602503912363,0,1.2,2.2
2008,REG,00-0023797,,Darcy Johnson,TE,TE,,3,NYG,0,0,0,0,0,0,0,0,0,0,0,0,,0,,,0,0,0,0,0,0,,0,4,4,46,2,0,0,44,2,4,7.55050521533121,0,1.04545454545455,0.0888888888888889,0.135802469135802,0.228395061728395,0,16.6,20.6
2008,REG,00-0023806,,DeDe Dorsey,RB,RB,,2,CIN,0,0,0,0,0,0,0,0,0,0,0,0,,0,,,5,8,0,0,0,0,-2.02089019439882,0,2,2,49,0,0,0,10,39,2,-0.200625171652064,0,4.9,0.125,0.131578947368421,0.279605263157895,0,5.7,7.7
2008,REG,00-0023844,,Chris Taylor,RB,RB,,2,HOU,0,0,0,0,0,0,0,0,0,0,0,0,,0,,,14,37,0,1,0,1,-3.56404877820751,0,0,0,0,0,0,0,0,0,0,,0,,,,,0,3.7,3.7
2008,REG,00-0023881,,P.J. Pope,RB,RB,,3,DEN,0,0,0,0,0,0,0,0,0,0,0,0,,0,,,17,130,0,0,0,6,5.63746045384323,0,3,3,24,1,0,0,3,21,2,3.50617467227858,0,8.0,0.142857142857143,0.037037037037037,0.24021164021164,0,21.4,24.4
2008,REG,00-0023921,,Miles Austin,WR,WR,"https://static.www.nfl.com/image/private/f_auto,q_auto/league/tuwhvxan7v0gisbei4an",7,DAL,0,0,0,0,0,0,0,0,0,0,0,0,,0,,,0,0,0,0,0,0,,0,13,13,278,3,0,0,178,100,11,29.4363702133414,0,1.56179775280899,0.089041095890411,0.18816067653277,0.265274117408555,0,45.8,58.8
2008,REG,00-0023991,,Steve Sanders,WR,WR,,1,CLE,0,0,0,0,0,0,0,0,0,0,0,0,,0,,,0,0,0,0,0,0,,0,1,1,18,0,0,0,0,18,1,1.15188540215604,0,0.0,0.0909090909090909,,,0,1.8,2.8
2008,REG,00-0024011,,Mike Bell,RB,RB,,3,NO,0,0,0,0,0,0,0,0,0,0,0,0,,0,,,13,42,1,0,0,4,-0.0233138894545846,0,1,1,14,0,0,0,-7,21,1,1.54706737754168,0,-2.0,0.0333333333333333,-0.0445859872611465,0.0187898089171975,0,11.6,12.6
2008,REG,00-0024013,,Hank Baskett,WR,WR,,13,PHI,0,0,0,0,0,0,0,0,0,0,0,0,,0,,,0,0,0,0,0,0,,0,33,33,438,3,1,0,289,149,22,39.4896448295913,0,1.51557093425606,0.107142857142857,0.144211576846307,0.261662389506701,0,61.8,94.8
2008,REG,00-0024103,,Montell Owens,RB,RB,,5,JAX,0,0,0,0,0,0,0,0,0,0,0,0,,0,,,2,43,2,0,0,2,7.00238961109426,0,2,2,17,0,0,0,12,5,1,0.734966094954871,0,1.41666666666667,0.0666666666666667,0.0764331210191083,0.153503184713376,1,24.0,26.0
2008,REG,00-0024158,,Jason Davis,RB,RB,,2,CHI,0,0,0,0,0,0,0,0,0,0,0,0,,0,,,1,0,0,0,0,0,-1.35335740353912,0,1,1,12,0,0,0,4,8,1,0.0826412854366936,0,3.0,0.04,0.04,0.088,0,1.2,2.2
2008,REG,00-0024172,,Patrick Cobbs,RB,RB,,12,MIA,0,0,0,0,0,0,0,0,0,0,0,0,,0,,,12,88,1,0,0,4,2.07611712854123,0,19,19,275,2,0,0,96,179,11,18.6573719805456,0,2.86458333333333,0.0974358974358974,0.0855614973262032,0.206046894282188,0,54.3,73.3
2008,REG,00-0024174,,Glenn Holt,WR,WR,,2,CIN,0,0,0,0,0,0,0,0,0,0,0,0,,0,,,0,0,0,0,0,0,,0,3,3,26,1,0,0,27,-1,2,5.42449392902199,0,0.962962962962963,0.0789473684210526,0.161676646706587,0.23159470532619,0,8.6,11.6
2008,REG,00-0024178,,Kevin Dockery,DB,DB,,1,NYG,0,0,0,0,0,0,0,0,0,0,0,0,,0,,,0,0,0,0,0,0,,0,0,0,0,0,0,0,0,0,0,,0,,,,,1,6.0,6.0
2008,REG,00-0024204,,Fred Jackson,RB,RB,"https://static.www.nfl.com/image/private/f_auto,q_auto/league/ibu4ltouiplhatsn4ptq",15,BUF,0,0,0,0,0,0,0,0,0,0,0,0,,0,,,129,560,3,1,1,33,-16.0284794931512,0,37,37,317,0,1,0,41,276,11,16.7156244171862,0,7.73170731707317,0.142307692307692,0.0261813537675607,0.231788486098831,0,103.7,140.7
2008,REG,00-0024217,,Reggie Bush,RB,RB,"https://static.www.nfl.com/image/private/f_auto,q_auto/league/z2m2heolqx9sgobdks9v",10,NO,0,0,0,0,0,0,0,0,0,0,0,0,,0,,,106,404,2,2,2,20,-25.218202316549,0,52,52,440,4,1,0,50,390,22,28.3251896389628,0,8.8,0.210526315789474,0.0336247478143914,0.339326797154285,3,134.4,186.4
2008,REG,00-0024218,,Vince Young,QB,QB,,3,TEN,22,36,219,1,2,3,13,2,0,285,162,9,-10.2015688864796,0,0.768421052631579,0.0151963391488672,8,27,0,0,0,0,-4.88788336928701,0,0,0,0,0,0,0,0,0,0,,0,,,,,0,11.46,11.46
2008,REG,00-0024221,V.Davis,Vernon Davis,TE,TE,"https://static.www.nfl.com/image/private/f_auto,q_auto/league/so5ywayfeeu4zeijln5m",13,SF,0,0,0,0,0,0,0,0,0,0,0,0,,0,,,1,11,0,0,0,1,1.25850291620009,0,31,31,358,2,2,1,117,239,14,15.4560030768872,0,3.05982905982906,0.118773946360153,0.0706948640483384,0.227647324374067,0,46.9,77.9
2008,REG,00-0024225,,Matt Leinart,QB,QB,,4,ARI,15,29,264,1,1,2,19,2,1,300,98,10,-3.96856515450463,0,0.88,-0.0119897414032485,4,5,0,0,0,1,-4.89160588692175,0,0,0,0,0,0,0,0,0,0,,0,,,,,0,11.06,11.06
2008,REG,00-0024226,J.Cutler,Jay Cutler,QB,QB,"https://static.www.nfl.com/image/private/f_auto,q_auto/league/ks6n7gvw4vccihlse6bn",16,DEN,384,616,4525,25,18,11,69,1,0,5487,1813,222,127.628124008436,1,0.824676508110079,0.122806426820558,57,200,2,4,2,14,-2.9588915706845,1,0,0,0,0,0,0,0,0,0,,0,,,,,0,277.0,277.0
2008,REG,00-0024236,,Laurence Maroney,RB,RB,,3,NE,0,0,0,0,0,0,0,0,0,0,0,0,,0,,,28,93,0,0,0,4,-4.2909328741438,0,0,0,0,0,0,0,0,0,0,,0,,,,,0,9.3,9.3
2008,REG,00-0024240,,Santonio Holmes,WR,WR,,15,PIT,0,0,0,0,0,0,0,0,0,0,0,0,,0,,,2,9,0,0,0,1,0.260887370095588,0,55,55,821,5,2,1,594,227,40,73.8265262626199,0,1.38215488215488,0.189003436426117,0.282319391634981,0.481128728783662,0,111.0,166.0
2008,REG,00-0024242,,DeAngelo Williams,RB,RB,"https://static.www.nfl.com/image/private/f_auto,q_auto/league/oky9ooitgqa1fgwdll6b",16,CAR,0,0,0,0,0,0,0,0,0,0,0,0,,0,,,274,1518,18,0,0,66,37.2898256163609,1,22,22,121,2,0,0,-17,138,7,4.81379061289311,0,-7.11764705882353,0.10377358490566,-0.0141196013289037,0.145776656428258,0,285.9,307.9
2008,REG,00-0024243,M.Lewis,Marcedes Lewis,TE,TE,"https://static.www.nfl.com/image/private/f_auto,q_auto/league/ppq07tipygpftz5csipx",15,JAX,0,0,0,0,0,0,0,0,0,0,0,0,,0,,,0,0,0,0,0,0,,0,41,41,489,2,0,0,316,173,21,33.1527075007325,0,1.54746835443038,0.131410256410256,0.165358451072737,0.3128663003663,0,60.9,101.9
2008,REG,00-0024245,,Joseph Addai,RB,RB,,12,IND,0,0,0,0,0,0,0,0,0,0,0,0,,0,,,155,544,5,1,1,34,-11.2388156458868,0,25,25,206,2,0,0,43,163,9,12.7764787129709,0,4.7906976744186,0.0925925925925926,0.0334890965732087,0.162331256490135,0,115.0,140.0
2008,REG,00-0024251,,Chad Jackson,WR,WR,,1,DEN,0,0,0,0,0,0,0,0,0,0,0,0,,0,,,0,0,0,0,0,0,,0,1,1,19,0,0,0,-2,21,1,1.07552270300221,0,0.0,0.037037037037037,-0.012987012987013,0.0464646464646465,0,1.9,2.9
2008,REG,00-0024257,,Danieal Manning,SS,DB,,1,CHI,0,0,0,0,0,0,0,0,0,0,0,0,,0,,,0,0,0,0,0,0,,0,0,0,0,0,0,0,0,0,0,,0,,,,,1,6.0,6.0
2008,REG,00-0024259,,Sinorice Moss,WR,WR,,7,NYG,0,0,0,0,0,0,0,0,0,0,0,0,,0,,,0,0,0,0,0,0,,0,12,12,153,2,0,0,129,24,8,15.1111418463988,0,1.18604651162791,0.0895522388059701,0.124038461538462,0.221155281285878,0,27.3,39.3
2008,REG,00-0024260,,LenDale White,RB,RB,,16,TEN,0,0,0,0,0,0,0,0,0,0,0,0,,0,,,200,773,15,0,0,43,0.589515900585606,0,5,5,16,0,1,1,1,15,1,-4.52246340649435,0,16.0,0.0520833333333333,0.0051020408163265,0.0816964285714286,0,166.9,171.9
2008,REG,00-0024261,,Joe Klopfenstein,TE,TE,,8,LA,0,0,0,0,0,0,0,0,0,0,0,0,,0,,,0,0,0,0,0,0,,0,11,11,123,0,1,1,90,33,4,0.0021418444230221,0,1.36666666666667,0.0670731707317073,0.0924024640657084,0.165291480943557,0,10.3,21.3
2008,REG,00-0024264,K.Clemens,Kellen Clemens,QB,QB,"https://static.www.nfl.com/image/private/f_auto,q_auto/league/pxungqbhh61ov73tzaxk",2,NYJ,3,5,26,0,1,0,0,0,0,52,6,2,-2.03401133615989,0,0.5,0.0470055079660164,3,-3,0,0,0,0,-4.96683136888896,0,0,0,0,0,0,0,0,0,0,,0,,,,,0,-1.26,-1.26
2008,REG,00-0024267,,Greg Jennings,WR,WR,"https://static.www.nfl.com/image/private/f_auto,q_auto/league/jiemkcfkc893pfova8xv",16,GB,0,0,0,0,0,0,0,0,0,0,0,0,,0,,,0,0,0,0,0,0,,0,80,80,1292,9,1,0,954,331,55,115.988753975809,1,1.35429769392034,0.233236151603499,0.379324055666004,0.615381066371451,0,185.2,265.2
2008,REG,00-0024268,A.Fasano,Anthony Fasano,TE,TE,"https://static.www.nfl.com/image/private/f_auto,q_auto/league/twcrap9uhjbazmplq5x3",13,MIA,0,0,0,0,0,0,0,0,0,0,0,0,,0,,,0,0,0,0,0,0,,0,34,34,454,7,0,0,316,138,26,43.8842283423292,0,1.43670886075949,0.124542124542125,0.170995670995671,0.306510156510157,0,87.4,121.4
2008,REG,00-0024272,,Devin Hester,WR,WR,"https://static.www.nfl.com/image/private/f_auto,q_auto/league/jtntm2ci9doez4qxbx0c",15,CHI,0,0,0,0,0,0,0,0,0,0,0,0,,0,,,5,61,0,0,0,4,4.02390438865405,0,52,52,665,3,1,0,474,191,29,48.6612060370712,0,1.40295358649789,0.182456140350877,0.318334452652787,0.496518327383267,0,90.6,142.6
2008,REG,00-0024275,,Maurice Jones-Drew,RB,RB,,16,JAX,0,0,0,0,0,0,0,0,0,0,0,0,,0,,,197,824,12,4,2,48,0.299729361961989,0,62,62,565,2,3,1,40,525,28,36.2071828872425,0,14.125,0.185074626865672,0.0206291903042806,0.292052373511504,0,216.9,278.9
2008,REG,00-0024276,,Tony Scheffler,TE,TE,,12,DEN,0,0,0,0,0,0,0,0,0,0,0,0,,0,,,1,-1,0,0,0,0,-0.671418342739344,0,40,40,645,3,1,1,403,242,28,43.3460175298678,0,1.60049627791563,0.141843971631206,0.19000471475719,0.345769257776842,0,80.4,120.4
2008,REG,00-0024279,,Tarvaris Jackson,QB,QB,"https://static.www.nfl.com/image/private/f_auto,q_auto/league/bqukmeneztibnhrjko0q",7,MIN,88,149,1056,9,2,15,98,3,2,1326,472,48,2.27528489199114,0,0.796380090497738,0.110438681493227,24,140,0,1,1,10,7.25673464036663,0,0,0,0,0,0,0,0,0,0,,0,,,,,0,82.24,82.24
2008,REG,00-0024287,,Leonard Pope,TE,TE,,7,ARI,0,0,0,0,0,0,0,0,0,0,0,0,,0,,,0,0,0,0,0,0,,0,9,9,77,0,0,0,61,16,2,3.82681595886243,0,1.26229508196721,0.0523255813953488,0.0539345711759505,0.116242571916189,0,7.7,16.7
2008,REG,00-0024292,,Jon Alston,LB,LB,,1,LV,0,0,0,0,0,0,0,0,0,0,0,0,,0,,,1,22,0,0,0,1,3.29985811351798,0,0,0,0,0,0,0,0,0,0,,0,,,,,0,2.2,2.2
2008,REG,00-0024294,,Jerious Norwood,RB,RB,,16,ATL,0,0,0,0,0,0,0,0,0,0,0,0,,0,,,94,489,4,1,1,22,2.72027583135724,0,36,36,338,2,0,0,39,299,12,13.6891180006809,0,8.66666666666667,0.135849056603774,0.0184397163120567,0.2166813863241,0,116.7,152.7
2008,REG,00-0024297,,Derek Hagan,WR,WR,,1,MIA,0,0,0,0,0,0,0,0,0,0,0,0,,0,,,0,0,0,0,0,0,,0,3,3,51,0,0,0,44,7,3,5.78807365207467,0,1.15909090909091,0.176470588235294,0.382608695652174,0.532531969309463,0,5.1,8.1
2008,REG,00-0024300,,Brodie Croyle,QB,QB,,2,KC,20,29,151,0,0,1,10,0,0,119,104,7,-2.54042839594536,0,1.26890756302521,0.0709697991955539,0,0,0,0,0,0,,0,0,0,0,0,0,0,0,0,0,,0,,,,,0,6.04,6.04
2008,REG,00-0024301,,David Thomas,TE,TE,,6,NE,0,0,0,0,0,0,0,0,0,0,0,0,,0,,,0,0,0,0,0,0,,0,9,9,93,0,0,0,49,44,5,8.02803108404623,0,1.89795918367347,0.0708661417322835,0.0900735294117647,0.169350683186661,0,9.3,18.3
2008,REG,00-0024305,,Maurice Stovall,WR,WR,,2,TB,0,0,0,0,0,0,0,0,0,0,0,0,,0,,,0,0,0,0,0,0,,0,3,3,25,0,1,1,26,-1,1,-2.23076371947536,0,0.961538461538461,0.0461538461538462,0.0764705882352941,0.122760180995475,0,0.5,3.5
2008,REG,00-0024313,,Owen Daniels,TE,TE,"https://static.www.nfl.com/image/private/f_auto,q_auto/league/ktxkz5tzddboxst5xfh8",16,HOU,0,0,0,0,0,0,0,0,0,0,0,0,,0,,,0,0,0,0,0,0,,0,70,70,862,2,1,1,456,406,46,64.2269491121781,0,1.89035087719298,0.190735694822888,0.184242424242424,0.415073239204029,0,96.2,166.2
2008,REG,00-0024315,,Michael Robinson,FB,RB,,10,SF,0,0,0,0,0,0,0,0,0,0,0,0,,0,,,19,50,0,1,1,5,-7.97204899849021,0,17,17,202,0,0,0,66,136,9,12.3036114981001,0,3.06060606060606,0.0965909090909091,0.0897959183673469,0.207743506493506,0,23.2,40.2
2008,REG,00-0024318,,Brad Smith,QB,QB,,12,NYJ,1,2,18,0,0,0,0,0,0,19,18,0,-0.703139129065676,0,0.947368421052632,,12,113,0,1,1,7,-2.34421220421791,0,12,12,71,0,0,0,17,54,2,1.39640394324351,0,4.17647058823529,0.0991735537190083,0.0296684118673648,0.169528218885668,0,17.12,29.12
2008,REG,00-0024321,,Garrett Mills,TE,TE,,3,MIN,0,0,0,0,0,0,0,0,0,0,0,0,,0,,,0,0,0,0,0,0,,0,5,5,65,0,0,0,29,36,3,5.98107568389969,0,2.24137931034483,0.108695652173913,0.0895061728395062,0.225697799248524,0,6.5,11.5
2008,REG,00-0024324,,Jason Avant,WR,WR,"https://static.www.nfl.com/image/private/f_auto,q_auto/league/nnis5ib42eoeu8bjjpdc",13,PHI,0,0,0,0,0,0,0,0,0,0,0,0,,0,,,0,0,0,0,0,0,,0,32,32,377,2,0,0,294,83,22,40.5565302930009,0,1.28231292517007,0.105263157894737,0.153926701570681,0.265643427941582,0,49.7,81.7
2008,REG,00-0024326,,Demetrius Williams,WR,WR,,6,BAL,0,0,0,0,0,0,0,0,0,0,0,0,,0,,,0,0,0,0,0,0,,0,13,13,180,1,0,0,127,53,6,9.81382153369486,0,1.41732283464567,0.12621359223301,0.238721804511278,0.356425651507409,0,24.0,37.0
2008,REG,00-0024330,W.Blackmon,Will Blackmon,FS,DB,"https://static.www.nfl.com/image/private/f_auto,q_auto/league/asapp0ikmeuqjmvkmudb",2,GB,0,0,0,0,0,0,0,0,0,0,0,0,,0,,,0,0,0,0,0,0,,0,0,0,0,0,0,0,0,0,0,,0,,,,,2,12.0,12.0
2008,REG,00-0024332,,Leon Washington,RB,RB,,16,NYJ,0,0,0,0,0,0,0,0,0,0,0,0,,0,,,76,448,6,1,0,14,16.7828316916378,1,47,48,355,2,1,1,20,340,17,18.4802296708739,0,17.75,0.145015105740181,0.0148038490007402,0.22788535291079,1,134.3,181.3
2008,REG,00-0024334,B.Marshall,Brandon Marshall,WR,WR,"https://static.www.nfl.com/image/private/f_auto,q_auto/league/jhziqh0scfksvxen6f3s",15,DEN,0,0,0,0,0,0,0,0,0,0,0,0,,0,,,2,-4,0,1,1,0,-7.81337846704992,0,104,104,1265,6,3,2,866,399,64,98.2452078956847,0,1.46073903002309,0.281081081081081,0.34324217201744,0.661891142033829,0,156.1,260.1
2008,REG,00-0024345,,Domenik Hixon,WR,WR,,13,NYG,0,0,0,0,0,0,0,0,0,0,0,0,,0,,,2,26,0,0,0,2,1.48115588305518,0,43,43,596,2,0,0,439,157,29,51.3537828122073,1,1.35763097949886,0.17479674796748,0.259303012404017,0.443707230634031,0,76.2,119.2
2008,REG,00-0024358,,Marques Hagans,WR,WR,,2,KC,1,1,5,0,0,1,1,0,0,4,1,0,-0.89915570197627,0,1.25,,1,2,0,0,0,0,-0.667860306333751,0,1,1,7,0,0,0,-2,9,1,1.04882252006792,0,0.0,0.0714285714285714,-0.037037037037037,0.0812169312169312,0,1.1,2.1
2008,REG,00-0024359,,Jerome Harrison,RB,RB,,14,CLE,0,0,0,0,0,0,0,0,0,0,0,0,,0,,,34,246,1,0,0,10,8.3167693168507,0,12,12,116,1,0,0,4,112,4,7.47125437279465,0,29.0,0.0839160839160839,0.0060790273556231,0.130129445023062,0,48.2,60.2
2008,REG,00-0024369,,Jeff King,TE,TE,,13,CAR,0,0,0,0,0,0,0,0,0,0,0,0,,0,,,0,0,0,0,0,0,,0,21,21,195,1,0,0,115,80,8,10.6792366769082,0,1.69565217391304,0.105527638190955,0.0854383358098068,0.218098292353297,0,25.5,46.5
2008,REG,00-0024389,De.Walker,Delanie Walker,TE,TE,"https://static.www.nfl.com/image/private/f_auto,q_auto/league/diknegkpqy0qnri7877z",9,SF,0,0,0,0,0,0,0,0,0,0,0,0,,0,,,2,-13,0,0,0,0,-2.44939169182908,0,10,10,155,1,1,0,47,108,7,12.3017151743406,0,3.29787234042553,0.065359477124183,0.0525727069351231,0.134840110540861,0,20.2,30.2
2008,REG,00-0024392,,Keith Ellison,ILB,LB,,1,BUF,0,0,0,0,0,0,0,0,0,0,0,0,,0,,,1,6,0,0,0,1,2.80029531894252,0,0,0,0,0,0,0,0,0,0,,0,,,,,0,0.6,0.6
2008,REG,00-0024394,,Lawrence Vickers,FB,RB,,11,CLE,0,0,0,0,0,0,0,0,0,0,0,0,,0,,,10,31,0,0,0,6,1.91127103893086,0,10,11,78,0,0,0,28,50,4,3.88441510486882,0,2.78571428571429,0.079136690647482,0.0378378378378378,0.14519152245771,0,10.9,20.9
2008,REG,00-0024404,,Jeff Webb,WR,WR,,4,KC,0,0,0,0,0,0,0,0,0,0,0,0,,0,,,0,0,0,0,0,0,,0,5,5,46,0,0,0,40,6,3,3.20640541333705,0,1.15,0.0694444444444445,0.110497237569061,0.181514732965009,0,4.6,9.6
2008,REG,00-0024408,,Bruce Gradkowski,QB,QB,,2,CLE,7,21,26,0,3,4,18,0,0,91,23,1,-31.1012864108924,0,0.285714285714286,-0.136692070002434,1,2,0,0,0,0,-0.523377150762826,0,0,0,0,0,0,0,0,0,0,,0,,,,,0,-4.76,-4.76
2008,REG,00-0024413,,Charlie Johnson,G,OL,,1,IND,0,0,0,0,0,0,0,0,0,0,0,0,,0,,,0,0,0,0,0,0,,0,1,1,-2,0,0,0,-4,2,0,-0.84764642175287,0,0.0,0.0384615384615385,-0.0310077519379845,0.0359868813357186,0,-0.2,0.8
2008,REG,00-0024417,S.Koch,Sam Koch,P,SPEC,"https://static.www.nfl.com/image/private/f_auto,q_auto/league/dw34lcf6qit1i1knjhpv",1,BAL,0,0,0,0,0,0,0,0,0,0,0,0,,0,,,1,9,0,0,0,1,2.34176083572675,0,0,0,0,0,0,0,0,0,0,,0,,,,,0,0.9,0.9
2008,REG,00-0024460,,Quinton Ganther,RB,RB,,4,TEN,0,0,0,0,0,0,0,0,0,0,0,0,,0,,,9,61,0,0,0,3,1.88395061146002,0,6,6,43,0,0,0,-3,46,3,-1.1710757703986,0,-14.3333333333333,0.1875,-0.0181818181818182,0.268522727272727,0,10.4,16.4
2008,REG,00-0024465,,David Anderson,WR,WR,,11,HOU,0,0,0,0,0,0,0,0,0,0,0,0,,0,,,0,0,0,0,0,0,,0,19,19,241,2,0,0,122,119,13,17.0905922226391,0,1.97540983606557,0.0733590733590734,0.069634703196347,0.158782902276053,0,36.1,55.1
2008,REG,00-0024466,,Marques Colston,WR,WR,"https://static.www.nfl.com/image/private/f_auto,q_auto/league/hnnuo9nfwzwlakr2srdq",10,NO,0,0,0,0,0,0,0,0,0,0,0,0,,0,,,0,0,0,0,0,0,,0,47,47,760,5,1,0,519,241,35,72.2328516676207,0,1.46435452793834,0.18359375,0.315501519756839,0.496241688829787,0,106.0,153.0
2008,REG,00-0024489,,Ahmard Hall,FB,RB,,14,TEN,0,0,0,0,0,0,0,0,0,0,0,0,,0,,,8,21,0,1,1,3,-2.55219289130764,0,13,13,138,2,0,0,2,136,5,11.9901360222138,1,69.0,0.0822784810126582,0.0023866348448687,0.125088365910395,0,27.9,40.9
2008,REG,00-0024529,,Gijon Robinson,TE,TE,,9,IND,0,0,0,0,0,0,0,0,0,0,0,0,,0,,,0,0,0,0,0,0,,0,19,19,166,0,0,0,64,102,5,9.70251758239465,0,2.59375,0.0871559633027523,0.0491551459293395,0.165142547104666,0,16.6,35.6
2008,REG,00-0024535,E.Weems,Eric Weems,WR,WR,"https://static.www.nfl.com/image/private/f_auto,q_auto/league/kptsfekcpfukewtim9kz",1,ATL,0,0,0,0,0,0,0,0,0,0,0,0,,0,,,0,0,0,0,0,0,,0,1,1,4,0,0,0,-4,8,0,-0.243653011624701,0,0.0,0.0588235294117647,-0.0350877192982456,0.0636738906088751,0,0.4,1.4
2008,REG,00-0024549,,Selvin Young,RB,RB,,8,DEN,0,0,0,0,0,0,0,0,0,0,0,0,,0,,,61,303,1,1,1,9,1.6067409987445,0,3,3,16,0,0,0,-3,19,0,-0.205298580578528,0,-5.33333333333333,0.0375,-0.0056818181818181,0.0522727272727273,0,35.9,38.9
2008,REG,00-0024559,,D.J. Ware,RB,RB,,1,NYG,0,0,0,0,0,0,0,0,0,0,0,0,,0,,,2,15,0,0,0,1,0.932927054003812,0,0,0,0,0,0,0,0,0,0,,0,,,,,0,1.5,1.5
2008,REG,00-0024595,,Logan Payne,WR,WR,,2,SEA,0,0,0,0,0,0,0,0,0,0,0,0,,0,,,0,0,0,0,0,0,,0,3,3,39,0,1,0,34,5,3,2.79681797907688,0,1.14705882352941,0.0857142857142857,0.139917695473251,0.226513815402704,0,3.9,6.9
2008,REG,00-0024607,,Daniel Coats,TE,TE,,2,CIN,0,0,0,0,0,0,0,0,0,0,0,0,,0,,,0,0,0,0,0,0,,0,2,2,19,0,0,0,9,10,1,1.70075264025945,0,2.11111111111111,0.0512820512820513,0.0384615384615385,0.103846153846154,0,1.9,3.9
2008,REG,00-0024681,,Brandon London,WR,WR,,3,MIA,0,0,0,0,0,0,0,0,0,0,0,0,,0,,,0,0,0,0,0,0,,0,3,3,30,0,0,0,29,1,2,3.38369563454762,0,1.03448275862069,0.0517241379310345,0.0618336886993603,0.120869788986104,0,3.0,6.0
2008,REG,00-0024682,,Michael Matthews,TE,TE,,2,NYG,0,0,0,0,0,0,0,0,0,0,0,0,,0,,,0,0,0,0,0,0,,0,2,2,26,0,0,0,25,1,2,1.76742815738544,0,1.04,0.0571428571428571,0.100806451612903,0.156278801843318,0,2.6,4.6
2008,REG,00-0024687,,Dominique Zeigler,WR,WR,,3,SF,0,0,0,0,0,0,0,0,0,0,0,0,,0,,,0,0,0,0,0,0,,0,5,5,97,0,0,0,57,40,2,7.88779171410715,0,1.70175438596491,0.0735294117647059,0.116089613034623,0.191556846771295,0,9.7,14.7
2008,REG,00-0024714,,Edgar Jones,DE,DL,,1,BAL,0,0,0,0,0,0,0,0,0,0,0,0,,0,,,0,0,0,0,0,0,,0,1,1,25,0,0,0,16,9,1,0.818227213836508,0,1.5625,0.0555555555555556,0.0677966101694915,0.130790960451977,0,2.5,3.5
2008,REG,00-0024763,,Charles Ali,RB,RB,,4,CLE,0,0,0,0,0,0,0,0,0,0,0,0,,0,,,0,0,0,0,0,0,,0,4,4,13,0,0,0,0,13,1,-1.67858985200292,0,0.0,0.0701754385964912,0.0,0.105263157894737,0,1.3,5.3
2008,REG,00-0024813,,Pierre Thomas,RB,RB,"https://static.www.nfl.com/image/private/f_auto,q_auto/league/w58uf8rmlucv7qagwrfv",14,NO,0,0,0,0,0,0,0,0,0,0,0,0,,0,,,129,625,9,1,1,43,12.9708103639137,0,31,31,284,3,0,0,-9,293,15,24.3438930030097,0,-31.5555555555556,0.120622568093385,-0.0058327932598833,0.176850896858159,0,160.9,191.9
2008,REG,00-0024846,,Gary Russell,RB,RB,,9,PIT,0,0,0,0,0,0,0,0,0,0,0,0,,0,,,28,77,3,0,0,11,-2.16101228698793,0,1,1,-2,0,0,0,-9,7,0,-1.0358755197376,0,0.222222222222222,0.0384615384615385,-0.0463917525773196,0.025218080888184,0,25.5,26.5
2008,REG,00-0025388,,JaMarcus Russell,QB,QB,,15,LV,198,367,2423,13,8,30,200,10,6,3622,1025,111,-58.281563832838,0,0.668967421314191,-0.0010555974293056,18,127,1,2,1,11,3.00437606091145,0,0,0,0,0,0,0,0,0,0,,0,,,,,0,137.62,137.62
2008,REG,00-0025389,,Calvin Johnson,WR,WR,"https://static.www.nfl.com/image/private/f_auto,q_auto/league/z6dxib9sientn4m9cljh",16,DET,0,0,0,0,0,0,0,0,0,0,0,0,,0,,,3,-1,0,1,0,1,-1.03424320544582,0,78,78,1331,12,2,2,837,494,52,108.472706977249,1,1.59020310633214,0.277580071174377,0.424873096446701,0.713781274274256,0,203.0,281.0
2008,REG,00-0025392,,Levi Brown,T,OL,,1,ARI,0,0,0,0,0,0,0,0,0,0,0,0,,0,,,0,0,0,0,0,0,,0,1,1,4,0,0,0,-10,14,0,-0.0713001280091703,0,0.0,0.03125,-0.0418410041841004,0.0175862970711297,0,0.4,1.4
2008,REG,00-0025394,A.Peterson,Adrian Peterson,RB,RB,"https://static.www.nfl.com/image/private/f_auto,q_auto/league/ug2ua3skqc9f6vkbowxc",16,MIN,0,0,0,0,0,0,0,0,0,0,0,0,,0,,,364,1757,10,10,4,81,-17.2834941254128,0,21,21,125,0,0,0,1,124,4,2.14858809619909,0,125.0,0.103960396039604,0.0007880220646178,0.156492209504638,0,240.2,261.2
2008,REG,00-0025396,T.Ginn,Ted Ginn,WR,WR,"https://static.www.nfl.com/image/private/f_auto,q_auto/league/o4m4txrv9l7odyebnea4",16,MIA,0,0,0,0,0,0,0,0,0,0,0,0,,0,,,5,73,2,0,0,2,5.26947091327747,0,56,56,790,2,3,0,616,174,36,57.6818110127592,0,1.28246753246753,0.16969696969697,0.277352543899145,0.448692235274856,0,110.3,166.3
2008,REG,00-0025399,M.Lynch,Marshawn Lynch,RB,RB,"https://static.www.nfl.com/image/private/f_auto,q_auto/league/ddhpebfqtr9yxsnbx9ht",15,BUF,0,0,0,0,0,0,0,0,0,0,0,0,,0,,,251,1047,8,2,1,54,-5.31404880938224,0,47,47,300,1,0,0,-23,323,14,10.6323078783893,0,-13.0434782608696,0.177358490566038,-0.0171258376768429,0.254049649475267,0,186.7,233.7
2008,REG,00-0025409,,Brady Quinn,QB,QB,,3,CLE,45,89,518,2,2,1,9,0,0,714,240,24,-2.77401556818059,0,0.725490196078431,-0.010054819881808,5,21,0,0,0,2,1.65367281972431,0,0,0,0,0,0,0,0,0,0,,0,,,,,0,26.82,26.82
2008,REG,00-0025410,,Dwayne Bowe,WR,WR,"https://static.www.nfl.com/image/private/f_auto,q_auto/league/ihvktvkw198qeclu6mtk",16,KC,0,0,0,0,0,0,0,0,0,0,0,0,,0,,,0,0,0,0,0,0,,0,86,86,1022,7,0,0,644,378,49,93.7961583798356,0,1.58695652173913,0.27741935483871,0.32183908045977,0.641416388579904,0,144.2,230.2
2008,REG,00-0025414,,Robert Meachem,WR,WR,,8,NO,0,0,0,0,0,0,0,0,0,0,0,0,,0,,,1,20,1,0,0,1,2.44986433698796,0,12,12,289,3,0,0,228,61,8,24.605651990074,0,1.26754385964912,0.0645161290322581,0.171816126601356,0.217045482169337,0,54.9,66.9
2008,REG,00-0025417,,Craig Davis,WR,WR,,2,LAC,0,0,0,0,0,0,0,0,0,0,0,0,,0,,,0,0,0,0,0,0,,0,4,4,59,0,0,0,24,35,4,8.51972992462106,0,2.45833333333333,0.125,0.115384615384615,0.268269230769231,0,5.9,9.9
2008,REG,00-0025418,G.Olsen,Greg Olsen,TE,TE,"https://static.www.nfl.com/image/private/f_auto,q_auto/league/jevf1bubmrv2vvmiwq3r",15,CHI,0,0,0,0,0,0,0,0,0,0,0,0,,0,,,0,0,0,0,0,0,,0,54,54,574,5,2,2,325,249,31,37.556555187738,0,1.76615384615385,0.186851211072664,0.207933461292386,0.425830239513667,0,83.4,137.4
2008,REG,00-0025419,,Anthony Gonzalez,WR,WR,,16,IND,0,0,0,0,0,0,0,0,0,0,0,0,,0,,,0,0,0,0,0,0,,0,57,57,664,4,0,0,490,174,35,64.9360523090211,0,1.35510204081633,0.145038167938931,0.198059822150364,0.356199127413652,0,90.4,147.4
2008,REG,00-0025423,,Kevin Kolb,QB,QB,,6,PHI,17,34,144,0,4,0,0,0,0,271,62,8,-30.7439010119124,0,0.531365313653137,-0.0264248501936296,13,2,0,0,0,0,-11.9901167998323,0,0,0,0,0,0,0,0,0,0,,0,,,,,0,-2.04,-2.04
2008,REG,00-0025425,,Zach Miller,TE,TE,,15,LV,0,0,0,0,0,0,0,0,0,0,0,0,,0,,,0,0,0,0,0,0,,0,56,56,778,1,0,0,544,234,32,51.282093074002,0,1.43014705882353,0.262910798122066,0.382290934645116,0.66196985143468,0,83.8,139.8
2008,REG,00-0025430,D.Stanton,Drew Stanton,QB,QB,"https://static.www.nfl.com/image/private/f_auto,q_auto/league/di5hc0mwbomreqx7ojbu",3,DET,9,17,119,1,0,6,35,0,0,210,31,6,-7.40602424055589,0,0.566666666666667,0.0034338334312574,3,20,0,0,0,1,1.48490341985598,0,0,0,0,0,0,0,0,0,0,,0,,,,,0,10.76,10.76
2008,REG,00-0025431,,Sidney Rice,WR,WR,,10,MIN,0,1,0,0,0,0,0,0,0,37,0,0,-0.519997707568109,0,0.0,,0,0,0,0,0,0,,0,15,15,141,4,0,0,108,33,12,25.4863907913095,0,1.30555555555556,0.0986842105263158,0.106614017769003,0.222656128227776,0,38.1,53.1
2008,REG,00-0025432,,Dwayne Jarrett,WR,WR,,7,CAR,0,0,0,0,0,0,0,0,0,0,0,0,,0,,,0,0,0,0,0,0,,0,10,11,119,0,0,0,84,34,9,14.9078608269338,0,1.41666666666667,0.0887096774193548,0.0914036996735582,0.197047105900523,0,11.9,21.9
2008,REG,00-0025437,,Chris Henry,RB,RB,,1,TEN,0,0,0,0,0,0,0,0,0,0,0,0,,0,,,1,3,0,0,0,0,-0.517884237924591,0,0,0,0,0,0,0,0,0,0,,0,,,,,0,0.3,0.3
2008,REG,00-0025438,,Steve Smith,WR,WR,,16,NYG,0,0,0,0,0,0,0,0,0,0,0,0,,0,,,0,0,0,0,0,0,,0,57,57,574,1,1,0,436,138,35,53.0666687029183,0,1.31651376146789,0.191275167785235,0.206929283341243,0.431763250016723,0,63.4,120.4
2008,REG,00-0025439,,Brian Leonard,RB,RB,,1,LA,0,0,0,0,0,0,0,0,0,0,0,0,,0,,,2,7,0,0,0,0,-1.34455362452624,0,0,0,0,0,0,0,0,0,0,,0,,,,,0,0.7,0.7
2008,REG,00-0025450,,Brandon Jackson,RB,RB,,13,GB,0,0,0,0,0,0,0,0,0,0,0,0,,0,,,45,248,1,1,0,15,12.08362403776,0,30,30,185,0,0,0,-2,187,6,-3.37894660016205,0,-92.5,0.108303249097473,-0.0011961722488038,0.161617553072047,0,49.3,79.3
2008,REG,00-0025458,,Lorenzo Booker,RB,RB,,8,PHI,0,0,0,0,0,0,0,0,0,0,0,0,,0,,,20,53,0,0,0,2,-3.06439562608092,0,6,6,11,0,0,0,-12,23,1,-2.91962525347481,0,-0.916666666666667,0.0631578947368421,-0.025,0.0772368421052632,0,6.4,12.4
2008,REG,00-0025460,,Jacoby Jones,WR,WR,"https://static.www.nfl.com/image/private/f_auto,q_auto/league/yhjtycrpq7jtfarxkhcx",6,HOU,0,0,0,0,0,0,0,0,0,0,0,0,,0,,,1,-5,0,0,0,0,-1.54117921576835,0,3,3,81,0,0,0,51,30,2,5.17747762176441,0,1.58823529411765,0.0357142857142857,0.103448275862069,0.125985221674877,2,19.6,22.6
2008,REG,00-0025461,,Yamon Figurs,WR,WR,,1,BAL,0,0,0,0,0,0,0,0,0,0,0,0,,0,,,0,0,0,0,0,0,,0,1,1,43,1,0,0,41,2,1,6.01821302459575,0,1.04878048780488,0.0625,0.325396825396825,0.321527777777778,0,10.3,11.3
2008,REG,00-0025462,,Laurent Robinson,WR,WR,,2,ATL,0,0,0,0,0,0,0,0,0,0,0,0,,0,,,0,0,0,0,0,0,,0,5,5,52,0,0,0,23,29,3,4.96700424316805,0,2.26086956521739,0.2,0.0978723404255319,0.368510638297872,0,5.2,10.2
2008,REG,00-0025463,,Jason Hill,WR,WR,,9,SF,0,0,0,0,0,0,0,0,0,0,0,0,,0,,,2,5,0,0,0,1,-0.212353841983713,0,31,31,319,2,1,0,197,122,20,30.0863183112815,0,1.61928934010152,0.15979381443299,0.151538461538462,0.345767644726408,0,44.4,75.4
2008,REG,00-0025464,,Matt Spaeth,TE,TE,"https://static.www.nfl.com/image/private/f_auto,q_auto/league/wywcnns8be7rzlrwnjwh",7,PIT,0,0,0,0,0,0,0,0,0,0,0,0,,0,,,0,0,0,0,0,0,,0,17,17,136,0,0,0,62,74,6,9.05758462793892,0,2.19354838709677,0.121428571428571,0.0648535564853557,0.227540346682606,0,13.6,30.6
2008,REG,00-0025465,,James Jones,WR,WR,,9,GB,0,0,0,0,0,0,0,0,0,0,0,0,,0,,,0,0,0,0,0,0,,0,20,20,274,1,0,0,225,49,16,28.6444741298165,0,1.21777777777778,0.1,0.139405204460967,0.247583643122677,0,33.4,53.4
2008,REG,00-0025466,,Mike Sims-Walker,WR,WR,,6,JAX,0,0,0,0,0,0,0,0,0,0,0,0,,0,,,0,0,0,0,0,0,,0,16,16,217,0,0,0,193,24,11,17.3291685755785,0,1.12435233160622,0.142857142857143,0.292424242424242,0.418982683982684,0,21.7,37.7
2008,REG,00-0025467,,Paul Williams,WR,WR,,1,TEN,0,0,0,0,0,0,0,0,0,0,0,0,,0,,,0,0,0,0,0,0,,0,1,1,7,0,0,0,6,1,1,0.612339300103486,0,1.16666666666667,0.0909090909090909,0.24,0.304363636363636,0,0.7,1.7
2008,REG,00-0025477,,Tony Hunt,RB,RB,,4,PHI,0,0,0,0,0,0,0,0,0,0,0,0,,0,,,4,9,1,0,0,2,1.17989467139705,0,6,6,42,0,1,1,17,25,3,-3.05821535462746,0,2.47058823529412,0.0638297872340426,0.0467032967032967,0.128436988543372,0,9.1,15.1
2008,REG,00-0025479,,Trent Edwards,QB,QB,,14,BUF,245,374,2699,11,10,23,143,6,4,2737,1096,132,10.2204375905464,1,0.986116185604677,0.083586083431443,36,117,3,3,1,11,4.34394364475156,0,0,0,0,0,0,0,0,0,0,,0,,,,,0,153.66,153.66
2008,REG,00-0025480,,Garrett Wolfe,RB,RB,,6,CHI,0,0,0,0,0,0,0,0,0,0,0,0,,0,,,15,69,0,0,0,3,-0.922268088324927,0,0,0,0,0,0,0,0,0,0,,0,,,,,1,12.9,12.9
2008,REG,00-0025486,,Johnnie Lee Higgins,WR,WR,,12,LV,0,0,0,0,0,0,0,0,0,0,0,0,,0,,,3,34,0,0,0,1,2.11959372088313,0,22,22,366,4,0,0,165,201,13,25.9442603565479,0,2.21818181818182,0.176,0.209923664122137,0.410946564885496,3,82.0,104.0
2008,REG,00-0025487,,Michael Bush,RB,RB,,11,LV,1,3,8,0,0,0,0,0,0,19,2,1,-0.851462331600487,0,0.421052631578947,,94,419,3,1,1,15,-12.8511492982302,0,19,19,162,0,0,0,-2,164,7,2.65715238227108,0,-81.0,0.202127659574468,-0.0032948929159802,0.300885064320516,0,74.42,93.42
2008,REG,00-0025490,,Isaiah Stanback,TE,TE,,1,DAL,0,0,0,0,0,0,0,0,0,0,0,0,,0,,,0,0,0,0,0,0,,0,2,2,24,0,0,0,17,7,0,1.09318547742441,0,1.41176470588235,0.0833333333333333,0.092896174863388,0.190027322404372,0,2.4,4.4
2008,REG,00-0025494,,Antonio Pittman,RB,RB,,9,LA,0,0,0,0,0,0,0,0,0,0,0,0,,0,,,78,295,0,0,0,16,-8.0023930297466,0,18,18,129,0,1,0,-20,149,5,7.28436609840719,0,-6.45,0.128571428571429,-0.0229095074455899,0.17682048764523,0,42.4,60.4
2008,REG,00-0025515,,Chris Davis,WR,WR,,2,TEN,0,0,0,0,0,0,0,0,0,0,0,0,,0,,,0,0,0,0,0,0,,0,2,2,31,0,0,0,18,13,2,2.67969905486098,0,1.72222222222222,0.0645161290322581,0.0957446808510638,0.163795470144132,0,3.1,5.1
2008,REG,00-0025524,,Le'Ron McClain,FB,RB,,16,BAL,0,0,0,0,0,0,0,0,0,0,0,0,,0,,,231,907,10,2,0,51,0.446847270305613,0,19,19,123,1,1,1,-17,140,7,2.89215011676424,0,-7.23529411764706,0.1,-0.0206561360874848,0.135540704738761,0,167.0,186.0
2008,REG,00-0025529,,Steve Breaston,WR,WR,,15,ARI,0,0,0,0,0,0,0,0,0,0,0,0,,0,,,2,8,0,0,0,0,-0.232916052860674,0,77,77,1003,3,0,0,754,249,44,76.1400993614191,0,1.33023872679045,0.19106699751861,0.298141557928035,0.49529958682754,0,119.1,196.1
2008,REG,00-0025533,,Aundrae Allison,WR,WR,,6,MIN,0,0,0,0,0,0,0,0,0,0,0,0,,0,,,1,1,0,0,0,0,-0.357949349796399,0,10,10,109,0,0,0,62,47,8,12.201877380081,0,1.75806451612903,0.0862068965517242,0.0822281167108753,0.186870026525199,0,11.0,21.0
2008,REG,00-0025535,,Kolby Smith,RB,RB,,7,KC,0,0,0,0,0,0,0,0,0,0,0,0,,0,,,35,100,1,0,0,5,-9.26613689426449,0,10,10,52,0,0,0,-9,61,0,-0.916020825214218,0,-5.77777777777778,0.106382978723404,-0.0210280373831776,0.144854841916882,0,21.2,31.2
2008,REG,00-0025540,,Kevin Boss,TE,TE,,11,NYG,0,0,0,0,0,0,0,0,0,0,0,0,,0,,,0,0,0,0,0,0,,0,33,33,384,6,0,0,225,159,21,35.8245132895216,0,1.70666666666667,0.156398104265403,0.15878616796048,0.34574747397044,0,74.4,107.4
2008,REG,00-0025542,,Dante Rosario,TE,TE,,6,CAR,0,0,0,0,0,0,0,0,0,0,0,0,,0,,,0,0,0,0,0,0,,0,18,18,209,1,0,0,149,60,11,21.134588135581,0,1.40268456375839,0.157894736842105,0.168552036199095,0.354828530602524,0,26.9,44.9
2008,REG,00-0025544,,David Clowney,WR,WR,,1,NYJ,0,0,0,0,0,0,0,0,0,0,0,0,,0,,,0,0,0,0,0,0,,0,1,1,26,0,0,0,21,5,1,1.79775889473967,0,1.23809523809524,0.0555555555555556,0.143835616438356,0.184018264840183,0,2.6,3.6
2008,REG,00-0025549,B.Celek,Brent Celek,TE,TE,"https://static.www.nfl.com/image/private/f_auto,q_auto/league/mit6ahic4gkdhy1hkejt",11,PHI,0,0,0,0,0,0,0,0,0,0,0,0,,0,,,0,0,0,0,0,0,,0,27,27,318,1,0,0,152,166,16,29.9056708862237,0,2.09210526315789,0.103846153846154,0.0881159420289855,0.217450390189521,0,37.8,64.8
2008,REG,00-0025556,,Roy Hall,WR,WR,,1,IND,0,0,0,0,0,0,0,0,0,0,0,0,,0,,,0,0,0,0,0,0,,0,1,1,9,0,0,0,6,3,1,1.39240261167288,0,1.5,0.0344827586206897,0.0740740740740741,0.103575989782886,0,0.9,1.9
2008,REG,00-0025559,,Legedu Naanee,WR,WR,,6,LAC,0,0,0,0,0,0,0,0,0,0,0,0,,0,,,0,0,0,0,0,0,,0,8,8,64,0,0,0,38,26,4,6.50131964520551,1,1.68421052631579,0.0714285714285714,0.0512820512820513,0.143040293040293,0,8.4,16.4
2008,REG,00-0025561,,Troy Smith,QB,QB,,5,BAL,3,4,82,1,0,1,1,0,0,63,25,3,4.89156865768018,0,1.3015873015873,,9,24,0,0,0,1,-1.53041934623616,0,1,1,36,0,0,0,5,31,1,2.2711924550822,0,7.2,0.0555555555555556,0.0211864406779661,0.0981638418079096,0,13.28,14.28
2008,REG,00-0025578,,Korey Hall,RB,RB,,5,GB,0,0,0,0,0,0,0,0,0,0,0,0,,0,,,0,0,0,0,0,0,,0,7,7,38,1,0,0,18,20,3,3.67303421662655,0,2.11111111111111,0.0630630630630631,0.0238726790450928,0.11130546992616,0,9.8,16.8
2008,REG,00-0025582,,Deon Anderson,FB,RB,,4,DAL,0,0,0,0,0,0,0,0,0,0,0,0,,0,,,2,3,0,0,0,0,-3.51969093538355,0,2,2,7,1,0,0,3,4,1,1.34944760799408,0,2.33333333333333,0.0540540540540541,0.0126582278481013,0.089941840574752,0,7.0,9.0
2008,REG,00-0025584,,Courtney Taylor,WR,WR,,6,SEA,0,0,0,0,0,0,0,0,0,0,0,0,,0,,,0,0,0,0,0,0,,0,9,9,98,0,0,0,62,36,4,5.67588560580043,0,1.58064516129032,0.0957446808510638,0.0987261146496815,0.212725301531373,0,9.8,18.8
2008,REG,00-0025592,,Jordan Palmer,QB,QB,,3,CIN,7,12,41,0,2,2,11,0,0,62,29,4,-13.1378320146177,0,0.661290322580645,0.0045679888143461,1,4,0,0,0,0,0.194636765751056,0,0,0,0,0,0,0,0,0,0,,0,,,,,0,-1.96,-1.96
2008,REG,00-0025602,,Ben Patrick,TE,TE,,6,ARI,0,0,0,0,0,0,0,0,0,0,0,0,,0,,,0,0,0,0,0,0,,0,11,12,104,0,0,0,50,49,6,5.49614610715071,0,2.08,0.0718562874251497,0.050761421319797,0.143317426061582,0,10.4,21.4
2008,REG,00-0025604,,Tyler Thigpen,QB,QB,,14,KC,230,420,2608,18,12,26,162,2,0,3589,1005,127,-17.3653349776585,1,0.726664809139036,0.030454736588944,62,386,3,4,2,22,11.0335378159652,0,1,1,37,1,0,0,36,1,1,3.64740753325168,0,1.02777777777778,0.0666666666666667,0.262773722627737,0.283941605839416,0,216.62,217.62
2008,REG,00-0025609,,Derek Schouman,TE,TE,,9,BUF,0,0,0,0,0,0,0,0,0,0,0,0,,0,,,0,0,0,0,0,0,,0,15,15,153,1,1,0,71,82,8,11.5906851318432,0,2.15492957746479,0.0903614457831325,0.0648401826484018,0.18093029652858,0,21.3,36.3
2008,REG,00-0025612,,Brandon Fields,P,SPEC,"https://static.www.nfl.com/image/private/f_auto,q_auto/league/wanoipfufy1xfdlzg5ex",1,MIA,0,0,0,0,0,0,0,0,0,0,0,0,,0,,,1,0,0,0,0,0,-3.69555045315065,0,0,0,0,0,0,0,0,0,0,,0,,,,,0,0.0,0.0
2008,REG,00-0025614,,Dallas Baker,WR,WR,,1,PIT,0,0,0,0,0,0,0,0,0,0,0,0,,0,,,0,0,0,0,0,0,,0,1,1,6,0,0,0,4,2,0,-0.0166082346113399,0,1.5,0.0333333333333333,0.0216216216216216,0.0651351351351351,0,0.6,1.6
2008,REG,00-0025615,,DeShawn Wynn,RB,RB,,3,GB,0,0,0,0,0,0,0,0,0,0,0,0,,0,,,8,110,1,0,0,3,7.16828126035398,0,3,3,30,0,1,0,4,26,1,1.87021845132371,0,7.5,0.0454545454545455,0.0123076923076923,0.0767972027972028,0,20.0,23.0
2008,REG,00-0025621,,Syndric Steptoe,WR,WR,,12,CLE,0,0,0,0,0,0,0,0,0,0,0,0,,0,,,0,0,0,0,0,0,,0,19,19,182,0,1,1,111,71,8,10.1515709477505,0,1.63963963963964,0.0969387755102041,0.104127579737336,0.218297469081441,0,16.2,35.2
2008,REG,00-0025622,,Chansi Stuckey,WR,WR,,12,NYJ,0,0,0,0,0,0,0,0,0,0,0,0,,0,,,1,1,0,0,0,0,-0.593333321623504,0,32,32,359,3,0,0,161,170,22,35.6392255538958,0,2.22981366459627,0.125490196078431,0.134615384615385,0.282466063348416,0,54.0,86.0
2008,REG,00-0025631,,Jason Snelling,FB,RB,,8,ATL,0,0,0,0,0,0,0,0,0,0,0,0,,0,,,15,62,0,0,0,5,-1.30055774661014,0,8,8,89,0,0,0,7,82,3,3.97974360862281,0,12.7142857142857,0.0720720720720721,0.0116666666666667,0.116274774774775,0,15.1,23.1
2008,REG,00-0025633,,Kenneth Darby,RB,RB,,7,LA,0,0,0,0,0,0,0,0,0,0,0,0,,0,,,32,140,0,1,1,9,-3.23558824750944,0,19,19,183,0,0,0,20,163,8,4.15926314075801,0,9.15,0.174311926605505,0.0298507462686567,0.282363412296317,0,30.3,49.3
2008,REG,00-0025636,,Derek Stanley,WR,WR,,5,LA,0,0,0,0,0,0,0,0,0,0,0,0,,0,,,1,0,0,1,1,0,-8.05061113229021,0,6,6,119,1,1,1,56,63,2,2.07908458617749,0,2.125,0.072289156626506,0.153005464480874,0.215537560076371,0,13.9,19.9
2008,REG,00-0025637,,Ahmad Bradshaw,RB,RB,"https://static.www.nfl.com/image/private/f_auto,q_auto/league/vlgcz2so2urjgowxz3tz",11,NYG,0,0,0,0,0,0,0,0,0,0,0,0,,0,,,67,355,1,2,0,13,1.54075220636944,0,5,5,42,1,0,0,-14,56,2,2.31906619499205,0,-3.0,0.0505050505050505,-0.0278884462151394,0.0562356634069782,0,51.7,56.7
2008,REG,00-0025672,,Tim Castille,FB,RB,,4,ARI,0,0,0,0,0,0,0,0,0,0,0,0,,0,,,0,0,0,0,0,0,,0,4,4,11,0,0,0,-1,12,0,-1.03401571593713,0,-11.0,0.0547945205479452,-0.0018484288354898,0.0808978806370749,0,1.1,5.1
2008,REG,00-0025701,,Jackie Battle,RB,RB,,1,KC,0,0,0,0,0,0,0,0,0,0,0,0,,0,,,0,0,0,0,0,0,,0,1,1,-2,0,0,0,-4,2,0,-0.63194166001631,0,0.5,0.0588235294117647,-0.0357142857142857,0.0632352941176471,0,-0.2,0.8
2008,REG,00-0025860,,BenJarvus Green-Ellis,RB,RB,,8,NE,0,0,0,0,0,0,0,0,0,0,0,0,,0,,,74,275,5,0,0,23,-0.606279488875875,0,3,3,37,0,0,0,2,35,3,-1.03514051489765,0,18.5,0.0441176470588235,0.009090909090909,0.0725401069518717,0,61.2,64.2
2008,REG,00-0025892,,Michael Bumpus,WR,WR,,3,SEA,0,0,0,0,0,0,0,0,0,0,0,0,,0,,,0,0,0,0,0,0,,0,5,5,48,1,0,0,23,25,4,5.00309362134431,0,2.08695652173913,0.113636363636364,0.0746753246753247,0.222727272727273,0,10.8,15.8
2008,REG,00-0025913,,James Johnson,RB,RB,,3,CIN,0,0,0,0,0,0,0,0,0,0,0,0,,0,,,9,29,0,0,0,2,-0.956691321742255,0,6,6,47,0,0,0,1,46,3,3.54773363021667,0,47.0,0.260869565217391,0.0119047619047619,0.39963768115942,0,7.6,13.6
2008,REG,00-0025997,,Chad Simpson,RB,RB,,4,IND,0,0,0,0,0,0,0,0,0,0,0,0,,0,,,15,45,1,1,0,6,-1.60940203129803,0,3,3,30,0,0,0,-4,34,1,2.87891775541357,0,-7.5,0.0555555555555556,-0.0126582278481013,0.0744725738396624,0,13.5,16.5
2008,REG,00-0026000,,Davone Bess,WR,WR,,16,MIA,0,0,0,0,0,0,0,0,0,0,0,0,,0,,,1,13,0,0,0,1,1.35167825850658,0,54,54,554,1,0,0,314,240,29,39.9354870727451,0,1.76433121019108,0.163636363636364,0.134417808219178,0.33954701120797,0,62.7,116.7
2008,REG,00-0026026,,Joey Haynos,TE,TE,,2,MIA,0,0,0,0,0,0,0,0,0,0,0,0,,0,,,0,0,0,0,0,0,,0,2,2,22,1,1,0,22,0,1,2.38809011457488,0,1.0,0.0588235294117647,0.0952380952380952,0.154901960784314,0,8.2,10.2
2008,REG,00-0026029,,Kregg Lumpkin,RB,RB,,1,GB,0,0,0,0,0,0,0,0,0,0,0,0,,0,,,1,19,0,0,0,1,1.17523429484572,0,3,3,22,0,0,0,0,22,1,1.08161783253308,0,0.0,0.125,,,0,4.1,7.1
2008,REG,00-0026033,,Mike Cox,FB,RB,,7,KC,0,0,0,0,0,0,0,0,0,0,0,0,,0,,,1,-2,0,0,0,0,-1.49950934504159,0,8,8,19,0,0,0,-2,21,0,-2.54609578021336,1,-9.5,0.0784313725490196,-0.0049140049140049,0.114207255383726,0,3.7,11.7
2008,REG,00-0026069,M.Tolbert,Mike Tolbert,FB,RB,"https://static.www.nfl.com/image/private/f_auto,q_auto/league/frwhwdhbcteyg7xjha7a",8,LAC,0,0,0,0,0,0,0,0,0,0,0,0,,0,,,13,37,0,0,0,4,-4.47802039200906,0,13,13,171,1,0,0,17,154,7,13.7426084103175,0,10.0588235294118,0.13265306122449,0.0281456953642384,0.218681578591702,0,26.8,39.8
2008,REG,00-0026113,,Clifton Smith,RB,RB,,5,TB,0,0,0,0,0,0,0,0,0,0,0,0,,0,,,8,40,0,1,1,3,-2.63233722455334,0,4,4,24,0,1,1,18,6,1,-3.97960435605817,0,1.33333333333333,0.0388349514563107,0.0311418685121107,0.0800517351429435,2,14.4,18.4
2008,REG,00-0026143,M.Ryan,Matt Ryan,QB,QB,"https://static.www.nfl.com/image/private/f_auto,q_auto/league/s6zam4ekrrnonsck6vak",16,ATL,265,434,3440,16,11,17,104,2,1,3986,1325,157,80.9687792453985,1,0.863020572002007,0.127165061329692,55,104,1,4,0,12,-7.70436773084614,0,0,0,0,0,0,0,0,0,0,,0,,,,,0,196.0,196.0
2008,REG,00-0026144,D.McFadden,Darren McFadden,RB,RB,"https://static.www.nfl.com/image/private/f_auto,q_auto/league/bfvionxxsfckmjqtw4kv",13,LV,0,0,0,0,0,1,5,0,0,0,0,0,-1.0935251499759,0,,,113,499,4,3,1,24,-3.34691865679562,0,29,29,285,0,0,0,-4,289,14,14.0126132647339,0,-71.25,0.167630057803468,-0.0034812880765883,0.249008185051591,0,100.4,129.4
2008,REG,00-0026151,,Leodis McKelvin,CB,DB,"https://static.www.nfl.com/image/private/f_auto,q_auto/league/b8nkgdsecnksiw76siwq",1,BUF,0,0,0,0,0,0,0,0,0,0,0,0,,0,,,0,0,0,0,0,0,,0,0,0,0,0,0,0,0,0,0,,0,,,,,1,6.0,6.0
2008,REG,00-0026153,J.Stewart,Jonathan Stewart,RB,RB,"https://static.www.nfl.com/image/private/f_auto,q_auto/league/dzvxfj3xrgnzc3jbag2n",16,CAR,0,0,0,0,0,0,0,0,0,0,0,0,,0,,,183,835,10,2,1,42,3.15449385451771,0,8,8,47,0,0,0,0,47,2,1.7689338158234,0,0.0,0.0792079207920792,0.0,0.118811881188119,0,146.2,154.2
2008,REG,00-0026158,J.Flacco,Joe Flacco,QB,QB,"https://static.www.nfl.com/image/upload/f_auto,q_auto/league/dwsbpmlhoqud0puidizt",16,BAL,257,428,2971,14,12,33,277,6,2,3642,1376,143,-6.32704189806293,1,0.815760571114772,0.0509400067273913,52,181,2,6,0,16,-1.4503884783869,0,1,1,43,0,0,0,28,15,1,3.29195723484736,0,1.53571428571429,0.0769230769230769,0.345679012345679,0.357359924026591,0,183.24,184.24
2008,REG,00-0026162,,Felix Jones,RB,RB,,5,DAL,0,0,0,0,0,0,0,0,0,0,0,0,,0,,,30,266,3,0,0,12,21.8034125788254,0,2,2,10,0,0,0,3,7,0,-0.250324275810272,0,3.33333333333333,0.0645161290322581,0.0394736842105263,0.124405772495756,1,51.6,53.6
2008,REG,00-0026163,,Rashard Mendenhall,RB,RB,,3,PIT,0,0,0,0,0,0,0,0,0,0,0,0,,0,,,19,58,0,0,0,2,-3.07401031738846,0,2,2,17,0,0,0,5,12,1,1.24190962081775,0,3.4,0.0645161290322581,0.0218340611353712,0.112058036343147,0,7.5,9.5
2008,REG,00-0026164,C.Johnson,Chris Johnson,RB,RB,"https://static.www.nfl.com/image/private/f_auto,q_auto/league/ryf9nc84eovvdbf0cz79",15,TEN,0,0,0,0,0,0,0,0,0,0,0,0,,0,,,251,1228,9,1,1,54,-12.3820222191681,0,43,43,260,1,0,0,13,247,11,4.60134966405711,0,20.0,0.16796875,0.0091549295774647,0.258361575704225,0,206.8,249.8
2008,REG,00-0026170,,Dustin Keller,TE,TE,,14,NYJ,0,0,0,0,0,0,0,0,0,0,0,0,,0,,,0,0,0,0,0,0,,0,48,49,535,3,0,0,387,166,32,54.404655657534,0,1.38242894056848,0.158576051779935,0.238594327990136,0.404880107262998,0,71.5,119.5
2008,REG,00-0026173,,Donnie Avery,WR,WR,,14,LA,0,0,0,0,0,0,0,0,0,0,0,0,,0,,,9,59,1,0,0,2,1.12138957856223,0,54,54,684,3,0,0,470,197,31,54.1299678456325,0,1.45531914893617,0.221311475409836,0.303421562298257,0.544362306723534,0,98.3,152.3
2008,REG,00-0026174,,Devin Thomas,WR,WR,,10,WAS,0,0,0,0,0,0,0,0,0,0,0,0,,0,,,3,53,1,0,0,2,5.00015796592925,0,15,15,120,0,0,0,80,40,7,8.31770178774605,0,1.5,0.0914634146341463,0.122887864823349,0.223216627327564,0,23.3,38.3
2008,REG,00-0026176,J.Nelson,Jordy Nelson,WR,WR,"https://static.www.nfl.com/image/private/f_auto,q_auto/league/bde2n4ozsakatgs4yyp2",15,GB,0,0,0,0,0,0,0,0,0,0,0,0,,0,,,0,0,0,0,0,0,,0,33,33,366,2,0,0,277,89,18,35.1996509037762,0,1.32129963898917,0.101538461538462,0.116779089376054,0.23405305487093,0,48.6,81.6
2008,REG,00-0026178,,John Carlson,TE,TE,,15,SEA,0,0,0,0,0,0,0,0,0,0,0,0,,0,,,0,0,0,0,0,0,,0,55,55,627,5,0,0,400,227,36,57.9844611629087,0,1.5675,0.221774193548387,0.268636668905306,0.520706958556295,0,92.7,147.7
2008,REG,00-0026181,,James Hardy,WR,WR,,4,BUF,0,0,0,0,0,0,0,0,0,0,0,0,,0,,,0,0,0,0,0,0,,0,9,9,87,2,0,0,71,16,5,9.77215686772252,0,1.22535211267606,0.125,0.149159663865546,0.291911764705882,0,20.7,29.7
2008,REG,00-0026182,,Eddie Royal,WR,WR,"https://static.www.nfl.com/image/private/f_auto,q_auto/league/xoejgvlit9inmaazsvk4",15,DEN,0,1,0,0,0,0,0,0,0,18,0,0,-0.473807944217697,0,0.0,,11,109,0,0,0,3,3.88114839256741,0,91,91,980,5,1,1,638,342,43,71.5184786832013,1,1.53605015673981,0.249315068493151,0.243604429171439,0.544495703159734,0,138.9,229.9
2008,REG,00-0026184,M.Forte,Matt Forte,RB,RB,"https://static.www.nfl.com/image/private/f_auto,q_auto/league/olqssssjykcx7tx7xsy3",16,CHI,0,0,0,0,0,0,0,0,0,0,0,0,,0,,,315,1231,8,1,1,62,-29.0284674326535,0,64,64,484,4,0,0,72,412,24,32.9085364237162,0,6.72222222222222,0.208469055374593,0.0457142857142857,0.344703583061889,0,241.5,305.5
2008,REG,00-0026186,,Jerome Simpson,WR,WR,,1,CIN,0,0,0,0,0,0,0,0,0,0,0,0,,0,,,0,0,0,0,0,0,,0,1,1,2,0,0,0,-1,3,0,-0.517274342360906,0,0.0,0.0416666666666667,-0.0093457943925233,0.0559579439252337,0,0.2,1.2
2008,REG,00-0026188,,Fred Davis,TE,TE,,4,WAS,0,0,0,0,0,0,0,0,0,0,0,0,,0,,,1,-3,0,0,0,0,-0.966548273572698,0,3,3,27,0,0,0,13,14,1,1.48274034814676,0,2.07692307692308,0.0508474576271187,0.0439189189189189,0.107014429683921,0,2.4,5.4
2008,REG,00-0026189,D.Jackson,DeSean Jackson,WR,WR,"https://static.www.nfl.com/image/private/f_auto,q_auto/league/pr5m864fqvnoozihylrh",16,PHI,0,1,0,0,1,0,0,0,0,7,0,0,-4.5516787453671,0,0.0,,17,96,1,0,0,5,3.61368153037443,0,62,62,912,2,1,0,668,244,43,77.0820357905599,0,1.36526946107784,0.180232558139535,0.305301645338208,0.484059988946048,1,122.8,184.8
2008,REG,00-0026191,,Malcolm Kelly,WR,WR,,2,WAS,0,0,0,0,0,0,0,0,0,0,0,0,,0,,,0,0,0,0,0,0,,0,3,3,18,0,0,0,13,5,1,2.0093215079396,0,1.38461538461538,0.0681818181818182,0.0613207547169811,0.145197255574614,0,1.8,4.8
2008,REG,00-0026193,,Limas Sweed,WR,WR,,3,PIT,0,0,0,0,0,0,0,0,0,0,0,0,,0,,,0,0,0,0,0,0,,0,6,6,64,0,1,0,39,20,4,5.15791622747202,0,1.64102564102564,0.12,0.181395348837209,0.306976744186047,0,6.4,12.4
2008,REG,00-0026195,,Ray Rice,RB,RB,,12,BAL,0,0,0,0,0,0,0,0,0,0,0,0,,0,,,107,454,0,1,1,19,-17.8041691836519,0,33,33,273,0,0,0,-1,274,12,17.4512294499667,0,-273.0,0.195266272189349,-0.001131221719457,0.292107553080404,0,70.7,103.7
2008,REG,00-0026197,C.Henne,Chad Henne,QB,QB,"https://static.www.nfl.com/image/private/f_auto,q_auto/league/ornr9pcnzveqlntqc7jx",1,MIA,7,12,67,0,0,0,0,0,0,62,11,3,3.13058320106939,0,1.08064516129032,0.164255991762104,0,0,0,0,0,0,,0,0,0,0,0,0,0,0,0,0,,0,,,,,0,2.68,2.68
2008,REG,00-0026201,M.Bennett,Martellus Bennett,TE,TE,"https://static.www.nfl.com/image/private/f_auto,q_auto/league/repls3tq1d4jnvwmaqia",12,DAL,0,0,0,0,0,0,0,0,0,0,0,0,,0,,,0,0,0,0,0,0,,0,20,20,283,4,0,0,162,121,12,25.6336881791067,0,1.74691358024691,0.0826446280991736,0.108651911468813,0.200023280176929,0,52.3,72.3
2008,REG,00-0026204,,Kevin Smith,RB,RB,,16,DET,0,0,0,0,0,0,0,0,0,0,0,0,,0,,,239,975,8,3,1,49,-7.52172291927472,0,39,39,286,0,0,0,27,259,9,0.202846766798757,0,10.5925925925926,0.159183673469388,0.0185694635488308,0.251774134688263,0,172.1,211.1
2008,REG,00-0026209,,Jacob Hester,RB,RB,,7,LAC,0,0,0,0,0,0,0,0,0,0,0,0,,0,,,19,95,1,1,1,6,0.22163822944276,0,12,12,91,1,0,0,1,90,4,6.75214015570236,0,91.0,0.12,0.0016583747927031,0.181160862354892,0,28.6,40.6
2008,REG,00-0026213,J.Charles,Jamaal Charles,RB,RB,"https://static.www.nfl.com/image/private/f_auto,q_auto/league/mdrlzgankwwjldxllgcx",16,KC,0,0,0,0,0,0,0,0,0,0,0,0,,0,,,67,357,0,1,1,17,-0.898866449133493,0,27,27,272,1,1,1,-15,269,9,3.21314815880398,0,-18.1333333333333,0.128571428571429,-0.0116459627329193,0.184704968944099,0,64.9,91.9
2008,REG,00-0026216,,Brad Cottam,TE,TE,,4,KC,0,0,0,0,0,0,0,0,0,0,0,0,,0,,,0,0,0,0,0,0,,0,7,7,63,0,0,0,46,17,3,3.87057636311839,0,1.3695652173913,0.0945945945945946,0.0807017543859649,0.198383119962067,0,6.3,13.3
2008,REG,00-0026221,,Early Doucet,WR,WR,,5,ARI,0,0,0,0,0,0,0,0,0,0,0,0,,0,,,0,0,0,0,0,0,,0,14,14,90,0,0,0,32,58,6,6.71028927643783,0,2.8125,0.109375,0.0365714285714286,0.1896625,0,9.0,23.0
2008,REG,00-0026224,H.Douglas,Harry Douglas,WR,WR,"https://static.www.nfl.com/image/private/f_auto,q_auto/league/hblmz1iaov5vqx7cd9cv",14,ATL,0,0,0,0,0,0,0,0,0,0,0,0,,0,,,12,69,1,0,0,4,1.28306918833754,0,23,23,320,1,0,0,206,114,13,24.5024126053371,0,1.55339805825243,0.13855421686747,0.160311284046693,0.32004922413389,1,56.9,79.9
2008,REG,00-0026225,,Craig Stevens,TE,TE,,1,TEN,0,0,0,0,0,0,0,0,0,0,0,0,,0,,,0,0,0,0,0,0,,0,1,1,9,0,0,0,8,1,0,0.644010374788195,0,1.125,0.0909090909090909,0.32,0.360363636363636,0,0.9,1.9
2008,REG,00-0026229,,Steve Slaton,RB,RB,,16,HOU,0,0,0,0,0,0,0,0,0,0,0,0,,0,,,268,1282,9,2,1,60,-4.84415109647526,0,50,50,377,1,1,1,-43,420,14,-2.33386490740063,0,-8.76744186046512,0.151515151515152,-0.0207428847081524,0.212752707977021,0,221.9,271.9
2008,REG,00-0026231,,Jermichael Finley,TE,TE,,5,GB,0,0,0,0,0,0,0,0,0,0,0,0,,0,,,0,0,0,0,0,0,,0,6,6,74,1,0,0,59,15,3,5.88740223512286,0,1.25423728813559,0.0504201680672269,0.0921875,0.14016150210084,0,13.4,19.4
2008,REG,00-0026234,,Kevin O'Connell,QB,QB,,2,NE,4,6,23,0,0,1,2,0,0,28,12,1,-4.4829828889342,0,0.821428571428571,0.0601129570995692,3,-6,0,0,0,0,-3.1973133815336,0,0,0,0,0,0,0,0,0,0,,0,,,,,0,0.32,0.32
2008,REG,00-0026235,,Mario Manningham,WR,WR,,4,NYG,0,0,0,0,0,0,0,0,0,0,0,0,,0,,,1,-12,0,0,0,0,-2.41819257976022,0,4,4,26,0,0,0,4,22,2,0.743518466479145,0,6.5,0.0701754385964912,0.0080645161290322,0.110908319185059,0,1.4,5.4
2008,REG,00-0026237,,Andre Caldwell,WR,WR,,5,CIN,0,0,0,0,0,0,0,0,0,0,0,0,,0,,,5,53,0,0,0,3,4.98586408561096,0,11,11,78,0,0,0,43,35,4,6.16522405367266,0,1.81395348837209,0.135802469135802,0.103117505995204,0.275885957900346,0,13.1,24.1
2008,REG,00-0026245,,Will Franklin,WR,WR,,5,KC,0,0,0,0,0,0,0,0,0,0,0,0,,0,,,0,0,0,0,0,0,,0,7,7,83,0,0,0,57,26,3,4.40211917996271,0,1.45614035087719,0.0707070707070707,0.0878274268104777,0.16753980482794,0,8.3,15.3
2008,REG,00-0026251,,Martin Rucker,TE,TE,,2,CLE,0,0,0,0,0,0,0,0,0,0,0,0,,0,,,0,0,0,0,0,0,,0,2,2,17,0,0,0,17,0,2,2.5502438726835,0,1.0,0.0909090909090909,0.215189873417722,0.286996547756041,0,1.7,3.7
2008,REG,00-0026257,Q.Demps,Quintin Demps,SS,DB,"https://static.www.nfl.com/image/private/f_auto,q_auto/league/qjmlprqtukd45wqsaif6",1,PHI,0,0,0,0,0,0,0,0,0,0,0,0,,0,,,0,0,0,0,0,0,,0,0,0,0,0,0,0,0,0,0,,0,,,,,1,6.0,6.0
2008,REG,00-0026262,,Tashard Choice,RB,RB,,10,DAL,0,0,0,0,0,0,0,0,0,0,0,0,,0,,,92,472,2,0,0,25,13.0130190964264,0,21,21,185,0,0,0,-13,198,6,6.12667924439302,0,-14.2307692307692,0.135483870967742,-0.0116383169203223,0.195078984607387,0,77.7,98.7
2008,REG,00-0026266,,Lavelle Hawkins,WR,WR,,5,TEN,0,0,0,0,0,0,0,0,0,0,0,0,,0,,,0,0,0,0,0,0,,0,7,7,68,0,0,0,48,20,5,7.52764432894765,0,1.41666666666667,0.0673076923076923,0.0814940577249576,0.158007378869009,0,6.8,13.8
2008,REG,00-0026267,,Jacob Tamme,TE,TE,"https://static.www.nfl.com/image/private/f_auto,q_auto/league/kfyqh9qmtwufzixwuoo2",2,IND,0,0,0,0,0,0,0,0,0,0,0,0,,0,,,0,0,0,0,0,0,,0,3,3,12,0,0,0,7,5,1,-1.53760696854442,0,1.71428571428571,0.0508474576271187,0.031390134529148,0.0982442806110816,0,1.2,4.2
2008,REG,00-0026268,,Keenan Burton,WR,WR,,10,LA,0,0,0,0,0,0,0,0,0,0,0,0,,0,,,3,8,0,0,0,0,-0.929064639378339,0,13,13,172,1,0,0,115,57,5,15.2762192650116,0,1.49565217391304,0.0670103092783505,0.0978723404255319,0.169026102215398,0,24.0,37.0
2008,REG,00-0026272,,Derek Fine,TE,TE,,5,BUF,0,0,0,0,0,0,0,0,0,0,0,0,,0,,,0,0,0,0,0,0,,0,10,10,94,1,0,0,65,29,6,7.2266212067334,0,1.44615384615385,0.0980392156862745,0.114035087719298,0.226883384932921,0,15.4,25.4
2008,REG,00-0026279,,Ryan Torain,RB,RB,,2,DEN,0,0,0,0,0,0,0,0,0,0,0,0,,0,,,15,69,1,0,0,4,0.570911991293542,0,0,0,0,0,0,0,0,0,0,,0,,,,,0,12.9,12.9
2008,REG,00-0026282,,Zack Bowman,CB,DB,"https://static.www.nfl.com/image/private/f_auto,q_auto/league/w200w4kxwfgoc6kxtz4w",1,CHI,0,0,0,0,0,0,0,0,0,0,0,0,,0,,,0,0,0,0,0,0,,0,0,0,0,0,0,0,0,0,0,,0,,,,,1,6.0,6.0
2008,REG,00-0026286,,Jerome Felton,FB,RB,"https://static.www.nfl.com/image/private/f_auto,q_auto/league/mkg1584egfz8psc6gca7",7,DET,0,0,0,0,0,0,0,0,0,0,0,0,,0,,,2,4,0,0,0,0,-1.8708422773052,0,9,9,53,0,0,0,13,40,4,-0.0689003293518908,0,4.07692307692308,0.087378640776699,0.022887323943662,0.147089087925612,0,5.7,14.7
2008,REG,00-0026289,T.Hightower,Tim Hightower,RB,RB,"https://static.www.nfl.com/image/private/f_auto,q_auto/league/azokebvu5bctrltqy38r",16,ARI,0,0,0,0,0,0,0,0,0,0,0,0,,0,,,143,399,10,1,0,34,-16.4558049407957,0,33,33,230,0,1,0,16,214,11,10.1824177916708,0,14.375,0.107491856677524,0.0094007050528789,0.167818278553302,0,122.9,155.9
2008,REG,00-0026296,,Dennis Dixon,QB,QB,,1,PIT,1,1,3,0,0,0,0,0,0,2,1,0,-0.40896247047931,0,1.5,,2,-3,0,0,0,0,-3.32835828122916,0,0,0,0,0,0,0,0,0,0,,0,,,,,0,-0.18,-0.18
2008,REG,00-0026303,,Owen Schmitt,FB,RB,,6,SEA,0,0,0,0,0,0,0,0,0,0,0,0,,0,,,5,21,0,0,0,1,-0.13426628021989,0,6,6,29,0,0,0,17,12,1,0.885243753495161,0,1.70588235294118,0.0869565217391304,0.0428211586901763,0.160409593691819,0,5.0,11.0
2008,REG,00-0026314,,Josh Morgan,WR,WR,,9,SF,0,0,0,0,0,0,0,0,0,0,0,0,,0,,,0,0,0,0,0,0,,0,20,20,319,3,0,0,206,113,12,25.6361826545908,0,1.54854368932039,0.125786163522013,0.219850586979723,0.342574656168825,0,49.9,69.9
2008,REG,00-0026315,,Geno Hayes,OLB,LB,,1,TB,0,0,0,0,0,0,0,0,0,0,0,0,,0,,,0,0,0,0,0,0,,0,0,0,0,0,0,0,0,0,0,,0,,,,,1,6.0,6.0
2008,REG,00-0026316,,Jalen Parmele,RB,RB,,1,BAL,0,0,0,0,0,0,0,0,0,0,0,0,,0,,,2,27,0,0,0,1,-0.686486238293583,0,0,0,0,0,0,0,0,0,0,,0,,,,,0,2.7,2.7
2008,REG,00-0026319,,Xavier Omon,RB,RB,,2,BUF,0,0,0,0,0,0,0,0,0,0,0,0,,0,,,6,5,0,0,0,1,-4.3519622774291,0,0,0,0,0,0,0,0,0,0,,0,,,,,0,0.5,0.5
2008,REG,00-0026336,,Tom Santi,TE,TE,,3,IND,0,0,0,0,0,0,0,0,0,0,0,0,,0,,,0,0,0,0,0,0,,0,10,10,64,1,0,0,21,43,3,5.19958319759462,0,3.04761904761905,0.151515151515152,0.0623145400593472,0.27089290531427,0,12.4,22.4
2008,REG,00-0026342,,Mike Hart,RB,RB,,2,IND,0,0,0,0,0,0,0,0,0,0,0,0,,0,,,2,9,0,0,0,2,0.408029976824764,0,1,1,18,0,1,0,3,15,1,1.13425577990711,0,6.0,0.0526315789473684,0.0153846153846154,0.0897165991902834,0,2.7,3.7
2008,REG,00-0026345,P.Garcon,Pierre Garcon,WR,WR,"https://static.www.nfl.com/image/private/f_auto,q_auto/league/xwjogot7xrfj9qwhsgtn",2,IND,0,0,0,0,0,0,0,0,0,0,0,0,,0,,,0,0,0,0,0,0,,0,4,4,23,0,0,0,13,10,2,2.11411633371608,0,1.76923076923077,0.08,0.0543933054393306,0.158075313807531,0,2.3,6.3
2008,REG,00-0026349,,Matt Flynn,QB,QB,"https://static.www.nfl.com/image/private/f_auto,q_auto/league/goh8anyqhyvmkfmfbejp",4,GB,2,5,6,0,0,0,0,0,0,22,3,0,-4.12159173499094,0,0.272727272727273,-0.0635662068576621,4,4,0,1,0,1,-0.82494256820064,0,0,0,0,0,0,0,0,0,0,,0,,,,,0,0.64,0.64
2008,REG,00-0026353,,Chauncey Washington,RB,RB,,3,JAX,0,0,0,0,0,0,0,0,0,0,0,0,,0,,,4,9,0,0,0,1,-0.752085462678224,0,1,1,9,0,0,0,4,5,1,0.71891755447723,0,2.25,0.04,0.0187793427230047,0.0731455399061033,0,1.8,2.8
2008,REG,00-0026364,,Steve Johnson,WR,WR,"https://static.www.nfl.com/image/private/f_auto,q_auto/league/vlyzq1v53slatimy6v5q",7,BUF,0,0,0,0,0,0,0,0,0,0,0,0,,0,,,1,6,0,0,0,0,0.402359194587916,0,10,10,102,2,0,0,74,28,9,13.4928041547246,0,1.37837837837838,0.08,0.107091172214182,0.194963820549928,0,22.8,32.8
2008,REG,00-0026366,,Chaz Schilens,WR,WR,,8,LV,0,0,0,0,0,0,0,0,0,0,0,0,,0,,,1,-2,0,0,0,0,-1.89693896169774,0,15,15,226,2,0,0,184,42,9,21.7978911569808,0,1.22826086956522,0.135135135135135,0.218527315914489,0.355671823842845,0,34.4,49.4
2008,REG,00-0026367,,Peyton Hillis,RB,RB,,7,DEN,0,0,0,0,0,0,0,0,0,0,0,0,,0,,,68,343,5,0,0,24,13.7113574463151,0,14,14,179,1,0,0,40,139,9,15.6106994086585,0,4.475,0.130841121495327,0.0518806744487678,0.232578154357128,0,88.2,102.2
2008,REG,00-0026399,,Olaniyi Sobomehin,RB,RB,,1,NO,0,0,0,0,0,0,0,0,0,0,0,0,,0,,,0,0,0,0,0,0,,0,2,2,8,0,1,1,0,8,1,-1.98498196655419,0,0.0,0.0869565217391304,,,0,-1.2,0.8
2008,REG,00-0026432,,Lance Ball,RB,RB,,1,IND,0,0,0,0,0,0,0,0,0,0,0,0,,0,,,13,83,0,1,0,5,3.65797778283013,0,1,1,5,0,0,0,-4,9,0,-0.106242186389863,0,-1.25,0.0344827586206897,-0.0493827160493827,0.0171562366964666,0,8.8,9.8
2008,REG,00-0026453,,Dantrell Savage,RB,RB,,3,KC,0,0,0,0,0,0,0,0,0,0,0,0,,0,,,15,53,0,0,0,4,-2.81256595626473,0,2,2,0,0,0,0,-4,4,0,-2.04821441788226,0,0.0,0.0740740740740741,-0.021978021978022,0.0957264957264957,0,5.3,7.3
2008,POST,00-0003292,,Kerry Collins,QB,QB,,1,TEN,26,42,281,0,1,1,6,0,0,411,128,16,1.71433052498896,0,0.683698296836983,0.0457647794457744,1,0,0,1,0,0,-2.7606613766402,0,0,0,0,0,0,0,0,0,0,,0,,,,,0,9.24,9.24
2008,POST,00-0004161,,Jake Delhomme,QB,QB,,1,CAR,17,34,205,1,5,2,11,1,1,380,101,11,-24.8492125276243,0,0.539473684210526,-0.0053731510303915,0,0,0,0,0,0,,0,0,0,0,0,0,0,0,0,0,,0,,,,,0,0.199999999999999,0.199999999999999
2008,POST,00-0005231,,Brian Finneran,WR,WR,,1,ATL,0,0,0,0,0,0,0,0,0,0,0,0,,0,,,0,0,0,0,0,0,,0,2,2,11,0,0,0,10,1,1,1.17725441727089,0,1.1,0.0769230769230769,0.0869565217391304,0.176254180602007,0,1.1,3.1
2008,POST,00-0007024,,Marvin Harrison,WR,WR,,1,IND,0,0,0,0,0,0,0,0,0,0,0,0,,0,,,0,0,0,0,0,0,,0,3,3,20,0,0,0,21,-1,0,0.984542174264789,0,0.952380952380952,0.12,0.123529411764706,0.266470588235294,0,2.0,5.0
2008,POST,00-0008241,,Edgerrin James,RB,RB,,4,ARI,0,0,0,0,0,0,0,0,0,0,0,0,,0,,,61,236,1,0,0,12,-1.77377063641325,0,7,7,62,0,0,0,-4,66,4,5.89176382648293,0,-15.5,0.0760869565217391,-0.0076923076923076,0.108745819397993,0,35.8,42.8
2008,POST,00-0009323,,Jimmy Kleinsasser,TE,TE,,1,MIN,0,0,0,0,0,0,0,0,0,0,0,0,,0,,,0,0,0,0,0,0,,0,2,2,34,0,0,0,-1,35,2,3.40368227148429,0,0.0,0.133333333333333,-0.0188679245283019,0.186792452830189,0,3.4,5.4
2008,POST,00-0010346,,Peyton Manning,QB,QB,"https://static.www.nfl.com/image/private/f_auto,q_auto/league/xpcd6auodk3w0vda6jal",1,IND,25,42,310,1,0,1,8,0,0,412,140,11,7.43962443782027,0,0.752427184466019,0.0919485146199699,1,-1,0,0,0,0,-0.0142347809014609,0,0,0,0,0,0,0,0,0,0,,0,,,,,0,16.3,16.3
2008,POST,00-0010500,,Derrick Mason,WR,WR,,3,BAL,0,0,0,0,0,0,0,0,0,0,0,0,,0,,,0,0,0,0,0,0,,0,12,12,190,1,0,0,173,17,9,19.8888314118958,0,1.09826589595376,0.363636363636364,0.55448717948718,0.933595571095571,0,25.0,37.0
2008,POST,00-0011022,,Donovan McNabb,QB,QB,,3,PHI,73,121,892,5,4,5,35,2,2,1063,368,41,16.5918198409344,0,0.839134524929445,0.101925402099781,7,47,1,0,0,3,2.64279948419426,0,0,0,0,0,0,0,0,0,0,,0,,,,,0,54.38,54.38
2008,POST,00-0011795,,Muhsin Muhammad,WR,WR,,1,CAR,0,0,0,0,0,0,0,0,0,0,0,0,,0,,,0,0,0,0,0,0,,0,5,5,55,0,0,0,43,12,3,3.51401669683401,0,1.27906976744186,0.294117647058824,0.413461538461538,0.730599547511312,0,5.5,10.5
2008,POST,00-0011958,,Lorenzo Neal,FB,RB,,2,BAL,0,0,0,0,0,0,0,0,0,0,0,0,,0,,,2,5,0,0,0,1,0.0906502995640039,0,2,2,15,0,0,0,-3,18,1,1.15603170800023,0,-5.0,0.1,-0.0230769230769231,0.133846153846154,0,2.0,4.0
2008,POST,00-0013080,,Marcus Pollard,TE,TE,,1,ATL,0,0,0,0,0,0,0,0,0,0,0,0,,0,,,0,0,0,0,0,0,,0,2,2,7,0,1,0,7,0,0,0.0196650725556538,0,1.0,0.0769230769230769,0.0608695652173913,0.157993311036789,0,0.7,2.7
2008,POST,00-0016550,,Amani Toomer,WR,WR,,1,NYG,0,0,0,0,0,0,0,0,0,0,0,0,,0,,,0,0,0,0,0,0,,0,2,2,26,0,0,0,21,5,1,1.64853199839126,0,1.23809523809524,0.133333333333333,0.17948717948718,0.325641025641026,0,2.6,4.6
2008,POST,00-0017162,,Hines Ward,WR,WR,,3,PIT,0,0,0,0,0,0,0,0,0,0,0,0,,0,,,0,0,0,0,0,0,,0,9,9,168,0,0,0,86,82,7,16.8018515365548,0,1.95348837209302,0.166666666666667,0.26219512195122,0.433536585365854,0,16.8,25.8
2008,POST,00-0017200,,Kurt Warner,QB,QB,,4,ARI,92,135,1147,11,3,5,20,1,1,806,627,52,35.0376259062278,1,1.42307692307692,0.180432106530402,8,1,0,1,0,1,-3.64372103271307,0,1,1,4,0,0,0,-1,5,0,0.0040906574577093,0,0.0,0.0476190476190476,-0.01,0.0644285714285714,0,84.38,85.38
2008,POST,00-0017915,,Ricky Williams,RB,RB,,1,MIA,0,0,0,0,0,0,0,0,0,0,0,0,,0,,,4,17,0,0,0,2,-0.319424804998562,0,1,1,8,0,0,0,0,8,0,0.961081057146657,0,0.0,0.04,,,0,2.5,3.5
2008,POST,00-0019100,,Brad Hoover,FB,RB,,1,CAR,0,0,0,0,0,0,0,0,0,0,0,0,,0,,,0,0,0,0,0,0,,0,1,1,7,0,0,0,2,5,1,1.67835175362416,0,3.5,0.0588235294117647,0.0192307692307692,0.101696832579186,0,0.7,1.7
2008,POST,00-0019559,,Chad Pennington,QB,QB,,1,MIA,25,38,252,1,4,3,28,0,0,263,157,11,-12.1580420566024,0,0.958174904942966,0.0295000997955786,1,0,0,1,0,0,-2.60158805758692,0,0,0,0,0,0,0,0,0,0,,0,,,,,0,6.08,6.08
2008,POST,00-0019587,,Terrelle Smith,FB,RB,,2,ARI,0,0,0,0,0,0,0,0,0,0,0,0,,0,,,1,0,0,0,0,0,-1.82050586513602,0,1,1,4,0,0,0,4,0,0,-0.374245998216793,0,1.0,0.0526315789473684,0.032520325203252,0.101711596063329,0,0.4,1.4
2008,POST,00-0019863,,Dominic Rhodes,RB,RB,,1,IND,0,0,0,0,0,0,0,0,0,0,0,0,,0,,,4,12,0,0,0,1,0.286706365412101,0,0,0,0,0,0,0,0,0,0,,0,,,,,0,1.2,1.2
2008,POST,00-0020127,,Daniel Wilcox,TE,TE,,1,BAL,0,0,0,0,0,0,0,0,0,0,0,0,,0,,,0,0,0,0,0,0,,0,1,1,4,0,0,0,4,0,0,-0.826792448293418,0,1.0,0.0909090909090909,0.0307692307692308,0.157902097902098,0,0.4,1.4
2008,POST,00-0020270,,Correll Buckhalter,RB,RB,,3,PHI,0,0,0,0,0,0,0,0,0,0,0,0,,0,,,11,55,0,0,0,3,1.16652557591442,0,4,4,31,0,0,0,4,27,2,2.23524465621449,0,7.75,0.08,0.0113960113960114,0.127977207977208,0,8.6,12.6
2008,POST,00-0020285,,Alge Crumpler,TE,TE,,1,TEN,0,0,0,0,0,0,0,0,0,0,0,0,,0,,,0,0,0,0,0,0,,0,2,2,9,0,1,1,2,7,0,-3.44498072459828,0,4.5,0.0769230769230769,0.0130718954248366,0.124534942182001,0,-1.1,0.9
2008,POST,00-0020332,,David Martin,TE,TE,,1,MIA,0,0,0,0,0,0,0,0,0,0,0,0,,0,,,0,0,0,0,0,0,,0,3,3,16,0,0,0,-3,19,1,0.392351641086862,0,0.0,0.12,-0.0315789473684211,0.157894736842105,0,1.6,4.6
2008,POST,00-0020337,,Steve Smith,WR,WR,"https://static.www.nfl.com/image/private/f_auto,q_auto/league/k23e0b8cto93he9rt0zc",1,CAR,0,0,0,0,0,0,0,0,0,0,0,0,,0,,,0,0,0,0,0,0,,0,2,2,43,1,0,0,19,24,2,4.62748854723759,0,2.26315789473684,0.117647058823529,0.182692307692308,0.30435520361991,0,10.3,12.3
2008,POST,00-0020342,,Brandon Manumaleuna,TE,TE,,1,LAC,0,0,0,0,0,0,0,0,0,0,0,0,,0,,,0,0,0,0,0,0,,0,1,1,14,0,0,0,1,13,1,2.03296905430034,0,14.0,0.0476190476190476,0.0057471264367816,0.0754515599343186,0,1.4,2.4
2008,POST,00-0020381,,Justin McCareins,WR,WR,,1,TEN,0,0,0,0,0,0,0,0,0,0,0,0,,0,,,0,0,0,0,0,0,,0,2,2,24,0,0,0,14,10,1,1.54930986091495,0,1.71428571428571,0.0769230769230769,0.0915032679738562,0.179436902966315,0,2.4,4.4
2008,POST,00-0020446,,Chris Chambers,WR,WR,,2,LAC,0,0,0,0,0,0,0,0,0,0,0,0,,0,,,0,0,0,0,0,0,,0,8,8,129,0,0,0,122,7,7,13.2852700352669,0,1.05737704918033,0.195121951219512,0.448529411764706,0.606653515064562,0,12.9,20.9
2008,POST,00-0020498,,Reggie Wayne,WR,WR,,1,IND,0,0,0,0,0,0,0,0,0,0,0,0,,0,,,0,0,0,0,0,0,,0,4,4,129,1,0,0,63,66,4,13.075028751744,0,2.04761904761905,0.16,0.370588235294118,0.499411764705882,0,18.9,22.9
2008,POST,00-0020514,,Michael Bennett,RB,RB,,2,LAC,0,0,0,0,0,0,0,0,0,0,0,0,,0,,,5,24,0,0,0,1,-0.910315132525284,0,2,2,13,0,0,0,3,10,1,1.52991630090401,0,4.33333333333333,0.0487804878048781,0.0110294117647059,0.0808913199426112,0,3.7,5.7
2008,POST,00-0020516,,Todd Heap,TE,TE,,3,BAL,0,0,0,0,0,0,0,0,0,0,0,0,,0,,,0,0,0,0,0,0,,0,5,5,80,0,0,0,59,21,3,4.67765437776689,0,1.35593220338983,0.151515151515152,0.189102564102564,0.359644522144522,0,8.0,13.0
2008,POST,00-0020536,,LaDainian Tomlinson,RB,RB,,1,LAC,0,0,0,0,0,0,0,0,0,0,0,0,,0,,,5,25,1,0,0,3,1.89706522162305,0,0,0,0,0,0,0,0,0,0,,0,,,,,0,8.5,8.5
2008,POST,00-0020840,,Ryan Clark,FS,DB,,1,PIT,0,0,0,0,0,0,0,0,0,0,0,0,,0,,,1,-4,0,0,0,0,-3.15977816190571,0,0,0,0,0,0,0,0,0,0,,0,,,,,0,-0.4,-0.4
2008,POST,00-0021084,,Matt Schobel,TE,TE,,1,PHI,0,0,0,0,0,0,0,0,0,0,0,0,,0,,,0,0,0,0,0,0,,0,1,1,7,0,0,0,5,2,0,0.273682697210461,0,1.4,0.0434782608695652,0.0289017341040462,0.0854486051771802,0,0.7,1.7
2008,POST,00-0021216,,Brian Westbrook,RB,RB,,3,PHI,0,0,0,0,0,0,0,0,0,0,0,0,,0,,,50,119,0,0,0,5,-13.136079034516,0,7,7,119,1,1,1,13,106,5,7.35597582525224,0,9.15384615384615,0.0958904109589041,0.0248091603053435,0.161202028652097,0,27.8,34.8
2008,POST,00-0021227,,Justin Peelle,TE,TE,,1,ATL,0,0,0,0,0,0,0,0,0,0,0,0,,0,,,0,0,0,0,0,0,,0,3,3,11,1,0,0,7,4,1,1.38748738067807,0,1.57142857142857,0.115384615384615,0.0608695652173913,0.215685618729097,0,7.1,10.1
2008,POST,00-0021314,,Chester Taylor,RB,RB,,1,MIN,0,0,0,0,0,0,0,0,0,0,0,0,,0,,,12,48,0,0,0,2,0.314997795881936,0,5,5,36,0,0,0,0,36,1,1.19915374001721,0,0.0,0.333333333333333,,,0,8.4,13.4
2008,POST,00-0021508,,Greg Lewis,WR,WR,,1,PHI,0,0,0,0,0,0,0,0,0,0,0,0,,0,,,0,0,0,0,0,0,,0,1,1,-2,0,0,0,-2,0,0,-1.04778181610163,0,0.0,0.0357142857142857,-0.0092592592592592,0.0470899470899471,0,-0.2,0.8
2008,POST,00-0021547,A.Gates,Antonio Gates,TE,TE,"https://static.www.nfl.com/image/private/f_auto,q_auto/league/kndulvysinvn4tpvt0bc",2,LAC,0,0,0,0,0,0,0,0,0,0,0,0,,0,,,0,0,0,0,0,0,,0,13,13,146,0,0,0,65,81,7,11.0697859720128,0,2.24615384615385,0.317073170731707,0.238970588235294,0.642889167862267,0,14.6,27.6
2008,POST,00-0021647,,Jerheme Urban,WR,WR,,4,ARI,0,0,0,0,0,0,0,0,0,0,0,0,,0,,,0,0,0,0,0,0,,0,6,6,48,0,0,0,20,28,3,2.55706241424195,0,2.4,0.0652173913043478,0.0516795865633075,0.134001797550837,0,4.8,10.8
2008,POST,00-0021982,,Justin Gage,WR,WR,,1,TEN,0,0,0,0,0,0,0,0,0,0,0,0,,0,,,0,0,0,0,0,0,,0,10,10,135,0,0,0,109,26,8,11.1524777013707,0,1.23853211009174,0.384615384615385,0.712418300653595,1.07561588738059,0,13.5,23.5
2008,POST,00-0022001,,Kevin Curtis,WR,WR,,3,PHI,0,0,0,0,0,0,0,0,0,0,0,0,,0,,,0,0,0,0,0,0,,0,12,12,211,0,0,0,138,73,9,19.0591880818829,0,1.52898550724638,0.164383561643836,0.263358778625954,0.430926487503921,0,21.1,33.1
2008,POST,00-0022054,,Visanthe Shiancoe,TE,TE,,1,MIN,0,0,0,0,0,0,0,0,0,0,0,0,,0,,,0,0,0,0,0,0,,0,1,1,7,0,0,0,7,0,0,0.287700940622017,0,1.0,0.0666666666666667,0.132075471698113,0.192452830188679,0,0.7,1.7
2008,POST,00-0022084,,Anquan Boldin,WR,WR,"https://static.www.nfl.com/image/private/f_auto,q_auto/league/ajabgwxbliupgkwjbnut",3,ARI,0,0,0,0,0,0,0,0,0,0,0,0,,0,,,0,0,0,0,0,0,,0,14,14,190,1,0,0,48,142,5,16.6487476752185,0,3.95833333333333,0.197183098591549,0.124031007751938,0.382596353313681,0,25.0,39.0
2008,POST,00-0022126,,L.J. Smith,TE,TE,,2,PHI,0,0,0,0,0,0,0,0,0,0,0,0,,0,,,0,0,0,0,0,0,,0,3,3,17,0,0,0,8,9,1,3.2531812984962,0,2.125,0.06,0.0227920227920228,0.105954415954416,0,1.7,4.7
2008,POST,00-0022144,,Bobby Wade,WR,WR,,1,MIN,0,0,0,0,0,0,0,0,0,0,0,0,,0,,,0,0,0,0,0,0,,0,3,3,24,0,0,0,19,5,2,2.28223304840503,0,1.26315789473684,0.2,0.358490566037736,0.550943396226415,0,2.4,5.4
2008,POST,00-0022165,,Dallas Clark,TE,TE,,1,IND,0,0,0,0,0,0,0,0,0,0,0,0,,0,,,1,9,0,0,0,1,1.10846985457465,0,7,7,33,0,0,0,9,24,2,-0.0806764968093581,0,3.66666666666667,0.28,0.0529411764705882,0.457058823529412,0,4.2,11.2
2008,POST,00-0022177,,Byron Leftwich,QB,QB,,1,PIT,0,1,0,0,0,0,0,0,0,47,0,0,-0.827320044394583,0,0.0,,4,-2,0,0,0,0,-1.88032429135637,0,0,0,0,0,0,0,0,0,0,,0,,,,,0,-0.2,-0.2
2008,POST,00-0022178,,Willis McGahee,RB,RB,,3,BAL,0,0,0,0,0,0,0,0,0,0,0,0,,0,,,39,154,2,0,0,7,-3.88058388471836,0,4,4,26,0,1,1,18,8,0,-4.21826480246107,0,1.44444444444444,0.121212121212121,0.0576923076923077,0.222202797202797,0,28.0,32.0
2008,POST,00-0022217,,Mewelde Moore,RB,RB,,3,PIT,0,0,0,0,0,0,0,0,0,0,0,0,,0,,,5,25,0,0,0,1,-0.195809112570714,0,4,4,25,0,0,0,6,19,0,-4.23476310275146,0,4.16666666666667,0.0740740740740741,0.0182926829268293,0.123915989159892,0,5.0,9.0
2008,POST,00-0022250,,Willie Parker,RB,RB,,3,PIT,0,0,0,0,0,0,0,0,0,0,0,0,,0,,,70,246,2,1,1,12,-9.50592569186119,0,2,2,-4,0,0,0,-6,2,0,-2.20871976483613,0,0.666666666666667,0.0540540540540541,-0.0272727272727273,0.061990171990172,0,34.2,36.2
2008,POST,00-0022405,,Lousaka Polite,FB,RB,,1,MIA,0,0,0,0,0,0,0,0,0,0,0,0,,0,,,3,15,0,0,0,3,1.46880068280734,0,0,0,0,0,0,0,0,0,0,,0,,,,,0,1.5,1.5
2008,POST,00-0022434,,Carey Davis,RB,RB,,3,PIT,0,0,0,0,0,0,0,0,0,0,0,0,,0,,,1,0,0,0,0,0,-2.93935174052604,0,5,5,33,0,0,0,7,26,1,0.171871634200215,0,4.71428571428571,0.0925925925925926,0.0213414634146341,0.153827913279133,0,3.3,8.3
2008,POST,00-0022770,,Derrick Ward,RB,RB,,1,NYG,0,0,0,0,0,0,0,0,0,0,0,0,,0,,,12,46,0,0,0,2,-3.20710361498641,0,5,5,24,0,0,0,1,23,1,-2.70360086495823,0,24.0,0.333333333333333,0.0085470085470085,0.505982905982906,0,7.0,12.0
2008,POST,00-0022781,,Michael Jenkins,WR,WR,,1,ATL,0,0,0,0,0,0,0,0,0,0,0,0,,0,,,0,0,0,0,0,0,,0,5,5,51,0,0,0,40,11,2,2.84899067580548,0,1.275,0.192307692307692,0.347826086956522,0.531939799331104,0,5.1,10.1
2008,POST,00-0022803,E.Manning,Eli Manning,QB,QB,"https://static.www.nfl.com/image/private/f_auto,q_auto/league/w51tf8uedjftbr4qpaex",1,NYG,15,29,169,0,2,0,0,0,0,299,52,8,-11.6279834052673,0,0.565217391304348,-0.0120630997451513,1,0,0,0,0,0,-3.10188071546145,0,0,0,0,0,0,0,0,0,0,,0,,,,,0,2.76,2.76
2008,POST,00-0022807,,Bernard Berrian,WR,WR,,1,MIN,0,0,0,0,0,0,0,0,0,0,0,0,,0,,,0,0,0,0,0,0,,0,2,2,36,0,0,0,10,26,2,3.72486799093895,0,3.6,0.133333333333333,0.188679245283019,0.332075471698113,0,3.6,5.6
2008,POST,00-0022821,,Michael Turner,RB,RB,,1,ATL,0,0,0,0,0,0,0,0,0,0,0,0,,0,,,18,42,1,0,0,4,-4.24919526610756,0,1,1,7,0,0,0,-1,8,0,0.361724598798901,0,-7.0,0.0384615384615385,-0.008695652173913,0.0516053511705686,0,10.9,11.9
2008,POST,00-0022921,L.Fitzgerald,Larry Fitzgerald,WR,WR,"https://static.www.nfl.com/image/private/f_auto,q_auto/league/ycgjjaad5un42gy4pnga",4,ARI,0,0,0,0,0,0,0,0,0,0,0,0,,0,,,0,0,0,0,0,0,,0,30,30,546,7,0,0,335,211,21,47.8808467317431,0,1.62985074626866,0.326086956521739,0.644230769230769,0.940091973244147,0,96.6,126.6
2008,POST,00-0022924,B.Roethlisberger,Ben Roethlisberger,QB,QB,"https://static.www.nfl.com/image/private/f_auto,q_auto/league/vziogpnyp9d0xtpiuqhr",3,PIT,54,89,692,3,1,7,58,0,0,894,364,29,16.5879005001045,0,0.774049217002237,0.106881698196209,6,0,0,0,0,0,-6.282811516231,0,0,0,0,0,0,0,0,0,0,,0,,,,,0,37.68,37.68
2008,POST,00-0022942,P.Rivers,Philip Rivers,QB,QB,"https://static.www.nfl.com/image/private/f_auto,q_auto/league/voakyrtj34sghkwxaxxf",2,LAC,41,71,525,3,2,8,60,0,0,577,253,25,7.08160024334547,0,0.909878682842288,0.0743495488076552,2,13,0,0,0,1,2.46584602096118,0,0,0,0,0,0,0,0,0,0,,0,,,,,0,30.3,30.3
2008,POST,00-0023108,,Stephen Spach,TE,TE,,1,ARI,0,0,0,0,0,0,0,0,0,0,0,0,,0,,,0,0,0,0,0,0,,0,3,3,34,0,0,0,20,14,2,3.71700395282824,0,1.7,0.157894736842105,0.16260162601626,0.35066324347454,0,3.4,6.4
2008,POST,00-0023367,,Nate Washington,WR,WR,,3,PIT,0,0,0,0,0,0,0,0,0,0,0,0,,0,,,1,1,0,0,0,0,-0.591619283426553,0,7,7,62,0,0,0,47,15,3,5.4473322252743,0,1.31914893617021,0.12962962962963,0.143292682926829,0.294749322493225,0,6.3,13.3
2008,POST,00-0023437,,Ronnie Brown,RB,RB,,1,MIA,0,0,0,0,0,0,0,0,0,0,0,0,,0,,,12,19,0,0,0,0,-6.82746289826323,0,6,6,43,1,0,0,10,33,2,3.32768784073414,0,4.3,0.24,0.105263157894737,0.433684210526316,0,12.2,18.2
2008,POST,00-0023457,,Mark Clayton,WR,WR,,3,BAL,0,0,0,0,0,0,0,0,0,0,0,0,,0,,,1,16,0,0,0,1,1.12729457230307,0,6,6,79,0,0,0,66,13,3,7.19091861565638,0,1.1969696969697,0.181818181818182,0.211538461538462,0.420804195804196,0,9.5,15.5
2008,POST,00-0023462,,Roddy White,WR,WR,"https://static.www.nfl.com/image/private/f_auto,q_auto/league/f7dgklg6z49fbdltwuki",1,ATL,0,0,0,0,0,0,0,0,0,0,0,0,,0,,,0,0,0,0,0,0,,0,11,11,84,1,0,0,57,27,9,10.9556292867346,0,1.47368421052632,0.423076923076923,0.495652173913044,0.981571906354515,0,14.4,25.4
2008,POST,00-0023465,,Heath Miller,TE,TE,"https://static.www.nfl.com/image/private/f_auto,q_auto/league/iqw8fry4hgfvegs9nfuf",3,PIT,0,0,0,0,0,0,0,0,0,0,0,0,,0,,,0,0,0,0,0,0,,0,11,11,156,1,0,0,86,70,8,15.6021734080277,0,1.81395348837209,0.203703703703704,0.26219512195122,0.489092140921409,0,21.6,32.6
2008,POST,00-0023470,,Reggie Brown,WR,WR,,1,PHI,0,0,0,0,0,0,0,0,0,0,0,0,,0,,,0,0,0,0,0,0,,0,2,2,17,0,0,0,16,1,0,1.292481075041,0,1.0625,0.0869565217391304,0.092485549132948,0.195174667001759,0,1.7,3.7
2008,POST,00-0023479,,J.J. Arrington,RB,RB,,4,ARI,0,0,0,0,0,0,0,0,0,0,0,0,,0,,,6,5,0,0,0,1,-1.86094390269136,0,7,7,58,0,0,0,-1,59,5,0.806746961105942,0,-58.0,0.0760869565217391,-0.0019230769230769,0.112784280936455,0,6.3,13.3
2008,POST,00-0023496,,Vincent Jackson,WR,WR,"https://static.www.nfl.com/image/private/f_auto,q_auto/league/kdquag2thcfulvrs0cbz",1,LAC,0,0,0,0,0,0,0,0,0,0,0,0,,0,,,0,0,0,0,0,0,,0,2,2,49,1,0,0,49,0,1,4.47928104526363,0,1.0,0.0952380952380952,0.281609195402299,0.339983579638752,0,10.9,12.9
2008,POST,00-0023531,,Brandon Jones,WR,WR,,1,TEN,0,0,0,0,0,0,0,0,0,0,0,0,,0,,,0,0,0,0,0,0,,0,2,2,16,0,0,0,10,6,1,0.753204671724234,0,1.6,0.0769230769230769,0.065359477124183,0.161136249371544,0,1.6,3.6
2008,POST,00-0023545,,Brandon Jacobs,RB,RB,,1,NYG,0,0,0,0,0,0,0,0,0,0,0,0,,0,,,19,92,0,0,0,5,-1.42211901256815,0,0,0,0,0,0,0,0,0,0,,0,,,,,0,9.2,9.2
2008,POST,00-0023564,D.Sproles,Darren Sproles,RB,RB,"https://static.www.nfl.com/image/private/f_auto,q_auto/league/gvj5ng27blmwuz170aeo",2,LAC,0,0,0,0,0,0,0,0,0,0,0,0,,0,,,33,120,2,0,0,7,-2.54092142348107,0,10,10,136,1,1,1,14,122,5,6.26109470409574,0,9.71428571428571,0.24390243902439,0.0514705882352941,0.401883070301291,0,41.6,51.6
2008,POST,00-0023612,,Bo Scaife,TE,TE,,1,TEN,0,0,0,0,0,0,0,0,0,0,0,0,,0,,,0,0,0,0,0,0,,0,4,4,23,0,0,0,16,7,2,0.0962825917522423,0,1.4375,0.153846153846154,0.104575163398693,0.303971845148316,0,2.3,6.3
2008,POST,00-0023797,,Darcy Johnson,TE,TE,,1,NYG,0,0,0,0,0,0,0,0,0,0,0,0,,0,,,0,0,0,0,0,0,,0,1,1,13,0,0,0,13,0,1,0.496956268907525,0,1.0,0.0666666666666667,0.111111111111111,0.177777777777778,0,1.3,2.3
2008,POST,00-0024013,,Hank Baskett,WR,WR,,2,PHI,0,0,0,0,0,0,0,0,0,0,0,0,,0,,,0,0,0,0,0,0,,0,2,2,21,0,0,0,17,4,1,1.68131248978898,0,1.23529411764706,0.0392156862745098,0.0437017994858612,0.0894147890518675,0,2.1,4.1
2008,POST,00-0024172,,Patrick Cobbs,RB,RB,,1,MIA,0,0,0,0,0,0,0,0,0,0,0,0,,0,,,1,1,0,1,1,0,-3.31631681043655,0,4,4,55,0,0,0,23,32,2,3.97063875955064,0,2.39130434782609,0.16,0.242105263157895,0.409473684210526,0,3.6,7.6
2008,POST,00-0024240,,Santonio Holmes,WR,WR,,3,PIT,0,0,0,0,0,0,0,0,0,0,0,0,,0,,,2,7,0,0,0,1,0.842480981722474,0,13,13,226,2,0,0,78,148,9,22.5579027306521,0,2.8974358974359,0.240740740740741,0.237804878048781,0.527574525745257,1,41.3,54.3
2008,POST,00-0024242,,DeAngelo Williams,RB,RB,"https://static.www.nfl.com/image/private/f_auto,q_auto/league/oky9ooitgqa1fgwdll6b",1,CAR,0,0,0,0,0,0,0,0,0,0,0,0,,0,,,12,63,0,0,0,3,-1.90620224928716,0,1,1,6,0,0,0,-4,10,0,0.270754343655426,0,-1.5,0.0588235294117647,-0.0384615384615385,0.0613122171945701,0,6.9,7.9
2008,POST,00-0024245,,Joseph Addai,RB,RB,,1,IND,0,0,0,0,0,0,0,0,0,0,0,0,,0,,,16,44,1,0,0,3,-2.80341857817257,0,4,4,28,0,0,0,17,11,1,1.06895338225877,0,1.64705882352941,0.16,0.1,0.31,0,13.2,17.2
2008,POST,00-0024260,,LenDale White,RB,RB,,1,TEN,0,0,0,0,0,0,0,0,0,0,0,0,,0,,,15,45,0,1,1,2,-6.98206594120711,0,4,4,35,0,0,0,4,31,2,0.963595254987013,0,8.75,0.153846153846154,0.0261437908496732,0.249069884364002,0,6.0,10.0
2008,POST,00-0024279,,Tarvaris Jackson,QB,QB,"https://static.www.nfl.com/image/private/f_auto,q_auto/league/bqukmeneztibnhrjko0q",1,MIN,15,35,164,0,1,1,11,1,0,317,111,9,-9.66932169219945,0,0.517350157728707,-0.0928648574154404,2,17,0,0,0,1,-3.4332689762814,0,0,0,0,0,0,0,0,0,0,,0,,,,,0,6.26,6.26
2008,POST,00-0024287,,Leonard Pope,TE,TE,,1,ARI,0,0,0,0,0,0,0,0,0,0,0,0,,0,,,0,0,0,0,0,0,,0,2,2,21,0,0,0,5,16,1,1.79144020774402,0,4.2,0.0952380952380952,0.05,0.177857142857143,0,2.1,4.1
2008,POST,00-0024294,,Jerious Norwood,RB,RB,,1,ATL,0,0,0,0,0,0,0,0,0,0,0,0,,0,,,2,12,0,0,0,1,0.844084338052198,0,1,1,28,0,0,0,-1,29,1,4.4482681567315,0,-28.0,0.0384615384615385,-0.008695652173913,0.0516053511705686,0,4.0,5.0
2008,POST,00-0024324,,Jason Avant,WR,WR,"https://static.www.nfl.com/image/private/f_auto,q_auto/league/nnis5ib42eoeu8bjjpdc",3,PHI,0,0,0,0,0,0,0,0,0,0,0,0,,0,,,0,0,0,0,0,0,,0,11,11,113,0,0,0,79,34,6,10.0955614065169,0,1.43037974683544,0.150684931506849,0.150763358778626,0.331561748405312,0,11.3,22.3
2008,POST,00-0024345,,Domenik Hixon,WR,WR,,1,NYG,0,0,0,0,0,0,0,0,0,0,0,0,,0,,,0,0,0,0,0,0,,0,2,2,37,0,0,0,31,6,1,2.75536234141327,0,1.19354838709677,0.133333333333333,0.264957264957265,0.385470085470085,0,3.7,5.7
2008,POST,00-0024460,,Quinton Ganther,RB,RB,,1,TEN,0,0,0,0,0,0,0,0,0,0,0,0,,0,,,1,-1,0,0,0,0,-1.16305263247341,0,0,0,0,0,0,0,0,0,0,,0,,,,,0,-0.1,-0.1
2008,POST,00-0024489,,Ahmard Hall,FB,RB,,1,TEN,0,0,0,0,0,0,0,0,0,0,0,0,,0,,,0,0,0,0,0,0,,0,1,1,11,0,1,0,2,9,1,1.84828603733331,0,5.5,0.0384615384615385,0.0130718954248366,0.0668426344896933,0,1.1,2.1
2008,POST,00-0024529,,Gijon Robinson,TE,TE,,1,IND,0,0,0,0,0,0,0,0,0,0,0,0,,0,,,0,0,0,0,0,0,,0,1,1,3,0,0,0,1,2,0,-0.201400599442422,0,3.0,0.04,0.0058823529411764,0.0641176470588235,0,0.3,1.3
2008,POST,00-0024681,,Brandon London,WR,WR,,1,MIA,0,0,0,0,0,0,0,0,0,0,0,0,,0,,,0,0,0,0,0,0,,0,4,4,38,0,0,0,33,5,2,-0.177242346515413,0,1.15151515151515,0.16,0.347368421052632,0.483157894736842,0,3.8,7.8
2008,POST,00-0024846,,Gary Russell,RB,RB,,2,PIT,0,0,0,0,0,0,0,0,0,0,0,0,,0,,,6,2,2,0,0,3,-0.157047538057668,0,0,0,0,0,0,0,0,0,0,,0,,,,,0,12.2,12.2
2008,POST,00-0025394,A.Peterson,Adrian Peterson,RB,RB,"https://static.www.nfl.com/image/private/f_auto,q_auto/league/ug2ua3skqc9f6vkbowxc",1,MIN,0,0,0,0,0,0,0,0,0,0,0,0,,0,,,20,83,2,0,0,2,-2.56495592542342,0,0,0,0,0,0,0,0,0,0,,0,,,,,0,20.3,20.3
2008,POST,00-0025396,T.Ginn,Ted Ginn,WR,WR,"https://static.www.nfl.com/image/private/f_auto,q_auto/league/o4m4txrv9l7odyebnea4",1,MIA,0,0,0,0,0,0,0,0,0,0,0,0,,0,,,0,0,0,0,0,0,,0,5,5,38,0,0,0,30,8,3,2.80992092750967,0,1.26666666666667,0.2,0.315789473684211,0.521052631578947,0,3.8,8.8
2008,POST,00-0025419,,Anthony Gonzalez,WR,WR,,1,IND,0,0,0,0,0,0,0,0,0,0,0,0,,0,,,0,0,0,0,0,0,,0,6,6,97,0,0,0,59,38,4,6.68812316609547,0,1.64406779661017,0.24,0.347058823529412,0.602941176470588,0,9.7,15.7
2008,POST,00-0025431,,Sidney Rice,WR,WR,,1,MIN,0,0,0,0,0,0,0,0,0,0,0,0,,0,,,0,0,0,0,0,0,,0,2,2,27,0,0,0,18,9,2,2.98920076340437,0,1.5,0.133333333333333,0.339622641509434,0.437735849056604,0,2.7,4.7
2008,POST,00-0025432,,Dwayne Jarrett,WR,WR,,1,CAR,0,0,0,0,0,0,0,0,0,0,0,0,,0,,,0,0,0,0,0,0,,0,2,2,27,0,0,0,23,4,1,1.58213922893628,0,1.17391304347826,0.117647058823529,0.221153846153846,0.331278280542986,0,2.7,4.7
2008,POST,00-0025438,,Steve Smith,WR,WR,,1,NYG,0,0,0,0,0,0,0,0,0,0,0,0,,0,,,0,0,0,0,0,0,,0,2,2,17,0,1,1,15,2,1,0.0162403671420179,0,1.13333333333333,0.133333333333333,0.128205128205128,0.28974358974359,0,-0.3,1.7
2008,POST,00-0025464,,Matt Spaeth,TE,TE,"https://static.www.nfl.com/image/private/f_auto,q_auto/league/wywcnns8be7rzlrwnjwh",1,PIT,0,0,0,0,0,0,0,0,0,0,0,0,,0,,,0,0,0,0,0,0,,0,1,1,6,0,0,0,5,1,0,0.225419517606497,0,1.2,0.0476190476190476,0.0543478260869565,0.109472049689441,0,0.6,1.6
2008,POST,00-0025524,,Le'Ron McClain,FB,RB,,3,BAL,0,0,0,0,0,0,0,0,0,0,0,0,,0,,,32,90,1,1,1,3,-9.16807510721264,0,0,0,0,0,0,0,0,0,0,,0,,,,,0,13.0,13.0
2008,POST,00-0025529,,Steve Breaston,WR,WR,,4,ARI,0,0,0,0,0,0,0,0,0,0,0,0,,0,,,1,-8,0,0,0,0,-1.76153453200823,0,13,13,148,0,0,0,98,50,7,12.3082116098958,0,1.51020408163265,0.141304347826087,0.188461538461538,0.343879598662207,0,14.0,27.0
2008,POST,00-0025540,,Kevin Boss,TE,TE,,1,NYG,0,0,0,0,0,0,0,0,0,0,0,0,,0,,,0,0,0,0,0,0,,0,3,3,52,0,0,0,36,16,3,3.75667732703732,0,1.44444444444444,0.2,0.307692307692308,0.515384615384615,0,5.2,8.2
2008,POST,00-0025542,,Dante Rosario,TE,TE,,1,CAR,0,0,0,0,0,0,0,0,0,0,0,0,,0,,,0,0,0,0,0,0,,0,3,3,28,0,0,0,23,5,2,1.03834378212923,0,1.21739130434783,0.176470588235294,0.221153846153846,0.419513574660633,0,2.8,5.8
2008,POST,00-0025549,B.Celek,Brent Celek,TE,TE,"https://static.www.nfl.com/image/private/f_auto,q_auto/league/mit6ahic4gkdhy1hkejt",3,PHI,0,0,0,0,0,0,0,0,0,0,0,0,,0,,,0,0,0,0,0,0,,0,19,19,151,3,0,0,79,72,10,11.4378569354257,0,1.91139240506329,0.26027397260274,0.150763358778626,0.495945310049148,0,33.1,52.1
2008,POST,00-0025559,,Legedu Naanee,WR,WR,,2,LAC,0,0,0,0,0,0,0,0,0,0,0,0,,0,,,0,0,0,0,0,0,,0,2,2,19,1,0,0,13,6,2,2.39479247492272,0,1.46153846153846,0.0487804878048781,0.0477941176470588,0.106626614060258,0,7.9,9.9
2008,POST,00-0025561,,Troy Smith,QB,QB,,1,BAL,0,0,0,0,0,0,0,0,0,0,0,0,,0,,,1,2,0,0,0,0,-1.45023165084422,0,0,0,0,0,0,0,0,0,0,,0,,,,,0,0.2,0.2
2008,POST,00-0025602,,Ben Patrick,TE,TE,,3,ARI,0,0,0,0,0,0,0,0,0,0,0,0,,0,,,0,0,0,0,0,0,,0,2,2,9,1,0,0,2,7,1,0.0980666439281777,1,4.5,0.04,0.0069686411149825,0.0648780487804878,0,8.9,10.9
2008,POST,00-0025672,,Tim Castille,FB,RB,,1,ARI,0,0,0,0,0,0,0,0,0,0,0,0,,0,,,0,0,0,0,0,0,,0,1,1,3,0,0,0,3,0,0,-0.431841374724172,0,1.0,0.0476190476190476,0.0225563909774436,0.0872180451127819,0,0.3,1.3
2008,POST,00-0026000,,Davone Bess,WR,WR,,1,MIA,0,0,0,0,0,0,0,0,0,0,0,0,,0,,,0,0,0,0,0,0,,0,2,2,54,0,0,0,2,52,1,3.85312599578174,0,27.0,0.08,0.0210526315789474,0.134736842105263,0,5.4,7.4
2008,POST,00-0026143,M.Ryan,Matt Ryan,QB,QB,"https://static.www.nfl.com/image/private/f_auto,q_auto/league/s6zam4ekrrnonsck6vak",1,ATL,26,40,199,2,2,3,9,0,0,324,84,14,0.955766310785778,0,0.614197530864198,0.0533238475548665,4,6,0,1,1,1,-7.82522310310742,0,0,0,0,0,0,0,0,0,0,,0,,,,,0,10.56,10.56
2008,POST,00-0026153,J.Stewart,Jonathan Stewart,RB,RB,"https://static.www.nfl.com/image/private/f_auto,q_auto/league/dzvxfj3xrgnzc3jbag2n",1,CAR,0,0,0,0,0,0,0,0,0,0,0,0,,0,,,3,12,1,0,0,1,1.05957415950252,0,3,3,39,0,0,0,-2,41,2,2.49682747106999,0,-19.5,0.176470588235294,-0.0192307692307692,0.251244343891403,0,11.1,14.1
2008,POST,00-0026158,J.Flacco,Joe Flacco,QB,QB,"https://static.www.nfl.com/image/upload/f_auto,q_auto/league/dwsbpmlhoqud0puidizt",3,BAL,33,75,437,1,3,3,16,0,0,998,125,18,-15.6647434625837,0,0.437875751503006,-0.0267653972566439,12,5,1,0,0,4,-4.93098355922848,0,0,0,0,0,0,0,0,0,0,,0,,,,,0,21.98,21.98
2008,POST,00-0026164,C.Johnson,Chris Johnson,RB,RB,"https://static.www.nfl.com/image/private/f_auto,q_auto/league/ryf9nc84eovvdbf0cz79",1,TEN,0,0,0,0,0,0,0,0,0,0,0,0,,0,,,11,72,1,0,0,2,1.90064279932994,0,1,1,28,0,0,0,-4,32,1,1.80918006086722,0,-7.0,0.0384615384615385,-0.0261437908496732,0.0393916540975365,0,16.0,17.0
2008,POST,00-0026189,D.Jackson,DeSean Jackson,WR,WR,"https://static.www.nfl.com/image/private/f_auto,q_auto/league/pr5m864fqvnoozihylrh",3,PHI,0,0,0,0,0,0,0,0,0,0,0,0,,0,,,1,2,0,0,0,0,-0.399622851284221,0,11,11,207,1,0,0,167,40,7,19.6182497441187,0,1.23952095808383,0.150684931506849,0.318702290076336,0.449119000313709,0,26.9,37.9
2008,POST,00-0026193,,Limas Sweed,WR,WR,,1,PIT,0,0,0,0,0,0,0,0,0,0,0,0,,0,,,0,0,0,0,0,0,,0,2,2,20,0,0,0,19,1,1,2.14789346139878,0,1.05263157894737,0.125,0.1484375,0.29140625,0,2.0,4.0
2008,POST,00-0026195,,Ray Rice,RB,RB,,1,BAL,0,0,0,0,0,0,0,0,0,0,0,0,,0,,,1,2,0,0,0,0,-0.385042541660368,0,3,3,43,0,0,0,-5,48,2,2.67589959455654,0,-8.6,0.230769230769231,-0.0684931506849315,0.298208640674394,0,4.5,7.5
2008,POST,00-0026209,,Jacob Hester,RB,RB,,2,LAC,0,0,0,0,0,0,0,0,0,0,0,0,,0,,,0,0,0,0,0,0,,0,3,3,19,0,0,0,5,14,1,0.809758115909062,0,3.8,0.0731707317073171,0.0183823529411765,0.122623744619799,0,1.9,4.9
2008,POST,00-0026221,,Early Doucet,WR,WR,,1,ARI,0,0,0,0,0,0,0,0,0,0,0,0,,0,,,0,0,0,0,0,0,,0,1,1,-4,0,0,0,-4,0,0,-2.1596916676499,0,0.0,0.0476190476190476,-0.0300751879699248,0.0503759398496241,0,-0.4,0.6
2008,POST,00-0026224,H.Douglas,Harry Douglas,WR,WR,"https://static.www.nfl.com/image/private/f_auto,q_auto/league/hblmz1iaov5vqx7cd9cv",1,ATL,0,0,0,0,0,0,0,0,0,0,0,0,,0,,,0,0,0,0,0,0,,0,1,1,0,0,0,0,-4,4,0,-0.372379542794079,0,0.0,0.0384615384615385,-0.0347826086956522,0.0333444816053512,0,0.0,1.0
2008,POST,00-0026289,T.Hightower,Tim Hightower,RB,RB,"https://static.www.nfl.com/image/private/f_auto,q_auto/league/azokebvu5bctrltqy38r",4,ARI,0,0,0,0,0,0,0,0,0,0,0,0,,0,,,35,132,1,0,0,7,0.653359428120392,0,4,4,24,2,0,0,-5,29,3,7.28849467798136,0,-4.8,0.0547945205479452,-0.0125944584382872,0.0733756599151168,0,33.6,37.6
2008,REG+POST,00-0001157,,Mitch Berger,P,SPEC,,1,PIT,0,0,0,0,0,0,0,0,0,0,0,0,,0,,,1,0,0,0,0,0,-0.432945968117565,0,0,0,0,0,0,0,0,0,0,,0,,,,,0,0.0,0.0
2008,REG+POST,00-0001477,,Marty Booker,WR,WR,,7,CHI,0,0,0,0,0,0,0,0,0,0,0,0,,0,,,1,3,0,0,0,0,-0.127859664382413,0,14,14,211,2,0,0,116,95,9,18.7589759491966,0,1.81896551724138,0.099290780141844,0.132875143184422,0.241948770441861,0,33.4,47.4
2008,REG+POST,00-0002099,,Isaac Bruce,WR,WR,,15,SF,0,1,0,0,0,0,0,0,0,9,0,0,-0.489633759483695,0,0.0,,1,-3,0,0,0,0,-0.87379137868993,0,60,60,833,7,0,0,614,219,43,77.7035728370681,0,1.35667752442997,0.203389830508475,0.315843621399177,0.526175280742136,0,125.0,185.0
2008,REG+POST,00-0002565,,Dan Campbell,TE,TE,,1,DET,0,0,0,0,0,0,0,0,0,0,0,0,,0,,,0,0,0,0,0,0,,0,1,1,21,0,0,0,13,8,1,1.87768741499167,0,1.61538461538462,0.0416666666666667,0.0855263157894737,0.122368421052632,0,2.1,3.1
2008,REG+POST,00-0002586,,Mark Campbell,TE,TE,,7,NO,0,0,0,0,0,0,0,0,0,0,0,0,,0,,,0,0,0,0,0,0,,0,12,12,121,2,0,0,52,69,8,9.61466513352934,0,2.32692307692308,0.069364161849711,0.0426229508196721,0.133882308348337,0,24.1,36.1
2008,REG+POST,00-0003035,,Desmond Clark,TE,TE,,16,CHI,0,0,0,0,0,0,0,0,0,0,0,0,,0,,,0,0,0,0,0,0,,0,41,42,367,1,1,0,163,204,18,24.9253007489416,0,2.25153374233129,0.136807817589577,0.0933562428407789,0.27056109637291,0,42.7,83.7
2008,REG+POST,00-0003292,,Kerry Collins,QB,QB,,17,TEN,269,458,2962,12,8,9,66,3,1,4015,1283,149,30.045010395136,1,0.737733499377335,0.0681882750348408,26,49,0,3,0,4,-10.9066414252455,0,0,0,0,0,0,0,0,0,0,,0,,,,,0,155.38,155.38
2008,REG+POST,00-0003739,,Daunte Culpepper,QB,QB,,5,DET,60,115,786,4,6,14,95,4,1,984,303,30,-42.6980088882005,0,0.798780487804878,0.0061875308921981,11,25,1,0,0,3,-0.447146152029745,0,0,0,0,0,0,0,0,0,0,,0,,,,,0,41.94,41.94
2008,REG+POST,00-0004161,,Jake Delhomme,QB,QB,,17,CAR,263,448,3489,16,17,22,141,4,3,4256,1327,162,13.7691630145554,0,0.819783834586466,0.0570176409144584,20,21,2,1,1,2,-9.21708664862621,0,0,0,0,0,0,0,0,0,0,,0,,,,,0,175.66,175.66
2008,REG+POST,00-0004541,,Donald Driver,WR,WR,,16,GB,0,0,0,0,0,0,0,0,0,0,0,0,,0,,,2,4,0,0,0,0,-0.88177700410597,0,74,74,1012,5,0,0,627,385,44,75.3904552975912,0,1.6140350877193,0.215743440233236,0.249304174950298,0.498128082815063,0,131.6,205.6
2008,REG+POST,00-0004640,,Warrick Dunn,RB,RB,,15,TB,0,0,0,0,0,0,0,0,0,0,0,0,,0,,,186,786,2,0,0,31,-25.7315996719837,0,47,47,330,0,0,0,54,276,11,10.4192018566248,0,6.11111111111111,0.149206349206349,0.0374479889042996,0.250023116042534,0,123.6,170.6
2008,REG+POST,00-0004915,,Bobby Engram,WR,WR,,12,SEA,0,0,0,0,0,0,0,0,0,0,0,0,,0,,,0,0,0,0,0,0,,0,47,47,489,0,1,0,310,179,25,38.7320741164731,0,1.57741935483871,0.231527093596059,0.261603375527426,0.530413003263287,0,48.9,95.9
2008,REG+POST,00-0005091,,Kevin Faulk,RB,RB,,15,NE,1,1,-2,0,0,0,0,0,0,-4,2,0,-0.969695234962273,0,0.0,,83,507,3,0,0,24,17.2076524048583,0,58,58,486,3,0,0,28,458,23,30.2717036088781,0,17.3571428571429,0.180124223602484,0.0175,0.282436335403727,0,135.22,193.22
2008,REG+POST,00-0005106,,Brett Favre,QB,QB,,16,NYJ,343,522,3472,22,22,30,213,5,2,4062,1644,184,20.5424615757543,1,0.854751354012802,0.0971269572363384,21,43,1,5,0,4,-2.45879641747809,0,0,0,0,0,0,0,0,0,0,,0,,,,,0,191.18,191.18
2008,REG+POST,00-0005231,,Brian Finneran,WR,WR,,12,ATL,0,0,0,0,0,0,0,0,0,0,0,0,,0,,,0,0,0,0,0,0,,0,23,23,180,1,1,1,121,59,15,14.4481120720156,0,1.48760330578512,0.102678571428571,0.0779137153895686,0.208557457915555,0,22.0,45.0
2008,REG+POST,00-0005589,,Gus Frerotte,QB,QB,,11,MIN,178,301,2157,12,15,29,164,2,0,2463,955,101,-31.7379702417633,0,0.875761266747869,0.0203394422838475,19,7,1,2,1,3,-10.2185069602856,0,0,0,0,0,0,0,0,0,0,,0,,,,,0,108.98,108.98
2008,REG+POST,00-0005720,,Joey Galloway,WR,WR,,5,TB,0,0,0,0,0,0,0,0,0,0,0,0,,0,,,0,0,0,0,0,0,,0,13,13,138,0,0,0,92,46,6,8.1089246784104,0,1.5,0.10655737704918,0.154362416107383,0.267889756848938,0,13.8,26.8
2008,REG+POST,00-0005755,,Jeff Garcia,QB,QB,,12,TB,244,377,2712,12,6,24,103,5,2,2795,1193,125,41.3044747026425,1,0.970304114490161,0.116895552717802,34,151,1,2,0,14,5.6997772504983,0,0,0,0,0,0,0,0,0,0,,0,,,,,0,163.58,163.58
2008,REG+POST,00-0006101,,Tony Gonzalez,TE,TE,,16,KC,0,0,0,0,0,0,0,0,0,0,0,0,,0,,,0,0,0,0,0,0,,0,96,96,1058,10,0,0,806,252,67,102.969696972751,0,1.31265508684864,0.309677419354839,0.40279860069965,0.746475149522013,0,165.8,261.8
2008,REG+POST,00-0006305,,Ahman Green,RB,RB,,8,HOU,0,0,0,0,0,0,0,0,0,0,0,0,,0,,,74,294,3,0,0,23,4.96162012049442,0,11,11,32,0,0,0,-30,62,0,-3.10926614551352,0,-1.06666666666667,0.0700636942675159,-0.0314795383001049,0.0830598645912004,0,50.6,61.6
2008,REG+POST,00-0006355,,Trent Green,QB,QB,,3,LA,38,72,525,0,6,6,58,0,0,764,227,19,-32.5489603184067,0,0.68717277486911,-0.0096881312796577,3,4,0,0,0,1,1.70255734072998,0,0,0,0,0,0,0,0,0,0,,0,,,,,0,9.4,9.4
2008,REG+POST,00-0006423,,Brian Griese,QB,QB,,5,TB,110,184,1073,5,7,9,69,1,1,1278,444,58,-23.0858872149862,0,0.839593114241002,0.0231853997350853,5,-1,0,0,0,1,-2.20328964453074,0,0,0,0,0,0,0,0,0,0,,0,,,,,0,46.82,46.82
2008,REG+POST,00-0007024,,Marvin Harrison,WR,WR,,16,IND,0,0,0,0,0,0,0,0,0,0,0,0,,0,,,0,0,0,0,0,0,,0,63,63,656,5,1,1,471,185,41,43.5652269083366,0,1.3927813163482,0.161953727506427,0.194628099173554,0.379170260681128,0,93.6,156.6
2008,REG+POST,00-0007091,,Matt Hasselbeck,QB,QB,"https://static.www.nfl.com/image/private/f_auto,q_auto/league/t1nf9avoy2kauqwrvzza",7,SEA,109,209,1216,5,10,19,119,1,0,1935,439,65,-35.8920877952897,0,0.628423772609819,-0.0073336385978814,11,69,0,0,0,5,7.86550457467092,0,0,0,0,0,0,0,0,0,0,,0,,,,,0,55.54,55.54
2008,REG+POST,00-0007213,,Steve Heiden,TE,TE,"https://static.www.nfl.com/image/private/f_auto,q_auto/league/gbtrxatwcauhazpjejcr",9,CLE,0,0,0,0,0,0,0,0,0,0,0,0,,0,,,0,0,0,0,0,0,,0,23,23,249,0,0,0,123,126,14,20.9989340946195,0,2.02439024390244,0.154362416107383,0.14252607184241,0.331311874450761,0,24.9,47.9
2008,REG+POST,00-0007308,,Craig Hentrich,P,SPEC,,2,TEN,0,0,0,0,0,0,0,0,0,0,0,0,,0,,,2,-6,0,1,1,0,-4.02530459425179,0,0,0,0,0,0,0,0,0,0,,0,,,,,0,-2.6,-2.6
2008,REG+POST,00-0007468,,Ike Hilliard,WR,WR,,15,TB,0,0,0,0,0,0,0,0,0,0,0,0,,0,,,1,0,0,0,0,0,-0.332809139974415,0,47,47,424,4,1,1,284,140,31,40.515771937964,0,1.49295774647887,0.135446685878963,0.13719806763285,0.299208676161439,0,64.4,111.4
2008,REG+POST,00-0007681,,Torry Holt,WR,WR,,16,LA,0,0,0,0,0,0,0,0,0,0,0,0,,0,,,0,0,0,0,0,0,,0,64,64,796,3,0,0,662,134,40,67.8261555123654,0,1.202416918429,0.217687074829932,0.352127659574468,0.573019973947026,0,97.6,161.6
2008,REG+POST,00-0007835,,Damon Huard,QB,QB,,5,KC,50,81,477,2,4,9,56,3,1,659,200,20,-26.5001644716128,0,0.723823975720789,0.0440107511696571,4,13,0,1,0,1,0.693488824705128,0,0,0,0,0,0,0,0,0,0,,0,,,,,0,18.38,18.38
2008,REG+POST,00-0008241,,Edgerrin James,RB,RB,,17,ARI,0,0,0,0,0,0,0,0,0,0,0,0,,0,,,194,750,4,1,1,36,-15.9284134206918,1,19,19,147,0,1,1,24,123,8,5.75295357522555,0,6.125,0.0794979079497908,0.0176991150442478,0.13163624245566,0,111.7,130.7
2008,REG+POST,00-0008442,,Brad Johnson,QB,QB,,3,DAL,41,78,427,2,5,8,54,0,0,701,178,16,-22.1774164676124,0,0.609129814550642,-0.0016552755071664,2,-1,0,1,0,0,-2.50137351872399,0,0,0,0,0,0,0,0,0,0,,0,,,,,0,14.98,14.98
2008,REG+POST,00-0008484,,Dirk Johnson,P,SPEC,,1,ARI,1,1,10,0,0,0,0,0,0,7,3,0,-2.37351589906029,0,1.42857142857143,,0,0,0,0,0,0,,0,0,0,0,0,0,0,0,0,0,,0,,,,,0,0.4,0.4
2008,REG+POST,00-0009119,,Reggie Kelly,TE,TE,,13,CIN,0,0,0,0,0,0,0,0,0,0,0,0,,0,,,0,0,0,0,0,0,,0,31,31,207,0,0,0,112,95,5,2.49346179056403,0,1.84821428571429,0.12156862745098,0.0883280757097792,0.244182594173316,0,20.7,51.7
2008,REG+POST,00-0009137,,Pete Kendall,G,OL,,1,WAS,0,0,0,0,0,0,0,0,0,0,0,0,,0,,,0,0,0,0,0,0,,0,1,1,-9,0,1,1,-6,-3,0,-10.6079178411164,0,0.0,0.0555555555555556,-0.0560747663551402,0.0440809968847352,0,-2.9,-1.9
2008,REG+POST,00-0009311,,Jon Kitna,QB,QB,,4,DET,68,120,758,5,5,15,89,2,1,1093,377,33,-42.9331069346914,0,0.693504117108875,-0.0189360257846388,6,26,0,1,0,3,3.51751006976701,0,0,0,0,0,0,0,0,0,0,,0,,,,,0,40.92,40.92
2008,REG+POST,00-0009323,,Jimmy Kleinsasser,TE,TE,,6,MIN,0,0,0,0,0,0,0,0,0,0,0,0,,0,,,0,0,0,0,0,0,,0,8,8,126,0,0,0,49,77,7,11.7940051902842,0,2.57142857142857,0.0754716981132076,0.0748091603053435,0.165573959383552,0,12.6,20.6
2008,REG+POST,00-0010346,,Peyton Manning,QB,QB,"https://static.www.nfl.com/image/private/f_auto,q_auto/league/xpcd6auodk3w0vda6jal",17,IND,396,597,4312,28,12,15,94,0,0,5222,1726,221,151.973995700139,1,0.82573726541555,0.16917096530751,21,20,1,1,0,4,-2.79885592048231,0,0,0,0,0,0,0,0,0,0,,0,,,,,0,270.48,270.48
2008,REG+POST,00-0010500,,Derrick Mason,WR,WR,,19,BAL,0,0,0,0,0,0,0,0,0,0,0,0,,0,,,1,3,0,0,0,0,-0.358612706651911,0,92,92,1227,6,2,1,930,297,69,114.130890449279,1,1.31935483870968,0.311864406779661,0.467571644042232,0.795096760999054,0,159.0,251.0
2008,REG+POST,00-0010609,,Brad Maynard,P,SPEC,,1,CHI,0,1,0,0,0,0,0,0,0,23,0,0,-2.51969810784794,0,0.0,,0,0,0,0,0,0,,0,0,0,0,0,0,0,0,0,0,,0,,,,,0,0.0,0.0
2008,REG+POST,00-0011022,,Donovan McNabb,QB,QB,,19,PHI,418,692,4806,28,15,29,188,6,6,5781,2083,237,76.4993576246804,0,0.831344058121432,0.0885702485994936,45,198,3,3,1,14,-0.966407420528864,0,0,0,0,0,0,0,0,0,0,,0,,,,,0,298.04,298.04
2008,REG+POST,00-0011236,,Billy Miller,TE,TE,,12,NO,0,0,0,0,0,0,0,0,0,0,0,0,,0,,,0,0,0,0,0,0,,0,45,45,579,1,0,0,389,190,30,43.4252418233198,0,1.48843187660668,0.138461538461538,0.167817083692839,0.325164266277295,0,63.9,108.9
2008,REG+POST,00-0011626,,Brian Moorman,P,SPEC,,1,BUF,1,1,19,1,0,0,0,0,0,14,5,1,4.38639112265082,0,1.35714285714286,,0,0,0,0,0,0,,0,0,0,0,0,0,0,0,0,0,,0,,,,,0,4.76,4.76
2008,REG+POST,00-0011754,,Randy Moss,WR,WR,,16,NE,0,0,0,0,0,0,0,0,0,0,0,0,,0,,,2,0,0,0,0,0,-1.15622584684752,0,69,70,1008,11,2,2,676,347,46,87.2996949811932,0,1.49112426035503,0.204678362573099,0.395321637426901,0.58374269005848,0,162.8,231.8
2008,REG+POST,00-0011795,,Muhsin Muhammad,WR,WR,,17,CAR,0,0,0,0,0,0,0,0,0,0,0,0,,0,,,0,0,0,0,0,0,,0,70,70,978,5,2,1,649,329,49,67.4513923718699,0,1.50693374422188,0.265151515151515,0.301579925650558,0.608833220682663,0,125.8,195.8
2008,REG+POST,00-0011958,,Lorenzo Neal,FB,RB,,12,BAL,0,0,0,0,0,0,0,0,0,0,0,0,,0,,,14,30,0,0,0,7,-0.768678955821088,0,9,9,50,0,0,0,-23,73,3,1.57168959564297,0,-2.17391304347826,0.0789473684210526,-0.0392491467576792,0.0909466499012035,0,8.0,17.0
2008,REG+POST,00-0012478,,Terrell Owens,WR,WR,,16,DAL,0,0,0,0,0,0,0,0,0,0,0,0,,0,,,7,33,0,0,0,2,0.429919746238738,0,69,69,1052,10,1,1,772,280,38,92.1877258278598,0,1.36269430051813,0.210365853658537,0.35122838944495,0.56140865309927,0,166.5,235.5
2008,REG+POST,00-0012642,,David Patten,WR,WR,,5,NO,0,0,0,0,0,0,0,0,0,0,0,0,,0,,,0,0,0,0,0,0,,0,11,11,162,1,0,0,118,44,7,15.4164293518697,0,1.3728813559322,0.0797101449275362,0.113789778206365,0.19921806213576,0,22.2,33.2
2008,REG+POST,00-0013013,,Michael Pittman,RB,RB,"https://static.www.nfl.com/image/private/f_auto,q_auto/league/xt52pieoe86wnuy0imar",8,DEN,0,0,0,0,0,0,0,0,0,0,0,0,,0,,,76,321,4,0,0,25,0.313615493767463,0,10,10,112,0,0,0,18,94,1,3.90087202553885,0,6.22222222222222,0.0847457627118644,0.027190332326284,0.146151876696195,0,67.3,77.3
2008,REG+POST,00-0013080,,Marcus Pollard,TE,TE,,1,ATL,0,0,0,0,0,0,0,0,0,0,0,0,,0,,,0,0,0,0,0,0,,0,2,2,7,0,1,0,7,0,0,0.0196650725556538,0,1.0,0.0769230769230769,0.0608695652173913,0.157993311036789,0,0.7,2.7
2008,REG+POST,00-0013694,,Tony Richardson,FB,RB,,5,NYJ,0,0,0,0,0,0,0,0,0,0,0,0,,0,,,10,65,0,0,0,6,4.11289589415537,0,1,1,4,0,0,0,1,3,0,-0.422587253153324,0,4.0,0.0555555555555556,0.027027027027027,0.102252252252252,0,6.9,7.9
2008,REG+POST,00-0014071,,Allen Rossum,DB,DB,,3,SF,0,0,0,0,0,0,0,0,0,0,0,0,,0,,,1,1,1,0,0,1,2.88987219176488,0,1,1,4,0,0,0,-4,8,0,-0.116843467112631,0,0.0,0.0588235294117647,-0.307692307692308,-0.127149321266968,1,12.5,13.5
2008,REG+POST,00-0014655,,Mike Sellers,TE,TE,,8,WAS,0,0,0,0,0,0,0,0,0,0,0,0,,0,,,6,24,0,1,1,1,-6.02622211864218,0,12,13,98,1,0,0,36,61,5,3.32049752835883,0,2.72222222222222,0.0769230769230769,0.0622837370242215,0.15898323130157,0,16.2,28.2
2008,REG+POST,00-0015601,,Aaron Stecker,RB,RB,,6,NO,0,0,0,0,0,0,0,0,0,0,0,0,,0,,,8,43,0,0,0,2,-2.57903426041594,0,9,9,52,1,0,0,9,43,2,4.62940879509552,0,5.77777777777778,0.0703125,0.0103926096997691,0.112743576789838,0,15.5,24.5
2008,REG+POST,00-0015754,,Brandon Stokley,WR,WR,,15,DEN,0,0,0,0,0,0,0,0,0,0,0,0,,0,,,0,0,0,0,0,0,,0,49,49,528,3,0,0,361,167,36,51.8165682412707,0,1.46260387811634,0.133514986376022,0.143996808934982,0.30107024581852,0,70.8,119.8
2008,REG+POST,00-0016098,,Fred Taylor,RB,RB,,13,JAX,0,0,0,0,0,0,0,0,0,0,0,0,,0,,,143,556,1,0,0,24,-22.9543590641062,0,16,16,98,0,1,1,5,93,2,-2.05847080540297,0,19.6,0.0647773279352227,0.0045454545454545,0.100347810084652,0,69.4,85.4
2008,REG+POST,00-0016440,,James Thrash,WR,WR,,7,WAS,0,0,0,0,0,0,0,0,0,0,0,0,,0,,,0,0,0,0,0,0,,0,9,9,81,1,0,0,58,23,3,3.21130204792013,0,1.39655172413793,0.0596026490066225,0.0727728983688833,0.140345002368152,0,14.1,23.1
2008,REG+POST,00-0016550,,Amani Toomer,WR,WR,,16,NYG,0,0,0,0,0,0,0,0,0,0,0,0,,0,,,0,0,0,0,0,0,,0,50,50,606,4,1,0,460,146,31,59.6560598765042,0,1.31739130434783,0.169491525423729,0.228855721393035,0.414436293110718,0,84.6,134.6
2008,REG+POST,00-0016677,,Jerame Tuman,TE,TE,,1,ARI,0,0,0,0,0,0,0,0,0,0,0,0,,0,,,0,0,0,0,0,0,,0,3,3,41,0,0,0,30,11,1,-1.03453453019029,0,1.36666666666667,0.0833333333333333,0.106007067137809,0.199204946996466,0,4.1,7.1
2008,REG+POST,00-0016689,,Matt Turk,P,SPEC,,2,HOU,0,1,0,0,0,0,0,1,0,3,0,0,-2.7837009683135,0,0.0,,1,18,0,0,0,1,3.59743168787099,0,0,0,0,0,0,0,0,0,0,,0,,,,,0,1.8,1.8
2008,REG+POST,00-0017162,,Hines Ward,WR,WR,,19,PIT,0,0,0,0,0,0,0,0,0,0,0,0,,0,,,0,0,0,0,0,0,,0,91,91,1215,7,1,0,736,479,62,112.128453358164,0,1.6508152173913,0.254189944134078,0.290220820189274,0.584439490333609,0,163.5,254.5
2008,REG+POST,00-0017200,,Kurt Warner,QB,QB,,20,ARI,494,734,5729,41,17,31,202,10,7,5019,2742,272,149.369396792687,1,1.14146244271767,0.150338599488534,26,-1,0,3,1,2,-21.0347167650471,0,1,1,4,0,0,0,-1,5,0,0.0040906574577093,0,0.0,0.0476190476190476,-0.01,0.0644285714285714,0,345.46,346.46
2008,REG+POST,00-0017915,,Ricky Williams,RB,RB,,17,MIA,0,0,0,0,0,0,0,0,0,0,0,0,,0,,,165,676,4,4,2,37,-17.8518051194164,0,30,30,227,1,1,0,77,150,9,10.7234412243415,0,2.94805194805195,0.0946372239747634,0.0421917808219178,0.171490082537488,0,116.3,146.3
2008,REG+POST,00-0018093,,Antoine Winfield,CB,DB,"https://static.www.nfl.com/image/private/f_auto,q_auto/league/j3pr0ux21raq4puplowd",1,MIN,0,0,0,0,0,0,0,0,0,0,0,0,,0,,,0,0,0,0,0,0,,0,0,0,0,0,0,0,0,0,0,,0,,,,,1,6.0,6.0
2008,REG+POST,00-0018958,,Laveranues Coles,WR,WR,,16,NYJ,0,0,0,0,0,0,0,0,0,0,0,0,,0,,,2,9,0,0,0,0,0.159569011535496,0,70,70,850,7,0,0,555,295,44,76.9077557825076,0,1.53153153153153,0.200573065902579,0.301139446554531,0.51165721144204,0,127.9,197.9
2008,REG+POST,00-0019100,,Brad Hoover,FB,RB,,9,CAR,0,0,0,0,0,0,0,0,0,0,0,0,,0,,,9,18,0,0,0,5,-0.496624295366928,0,7,7,46,0,0,0,13,33,2,2.11311541125178,0,3.53846153846154,0.0843373493975904,0.0212765957446809,0.141399641117662,0,6.4,13.4
2008,REG+POST,00-0019127,,Todd Yoder,TE,TE,,5,WAS,0,0,0,0,0,0,0,0,0,0,0,0,,0,,,0,0,0,0,0,0,,0,8,8,50,1,0,0,24,26,4,2.70966713511734,0,2.08333333333333,0.0740740740740741,0.0534521158129176,0.148527592180153,0,11.0,19.0
2008,REG+POST,00-0019135,,Dan Kreider,FB,RB,,1,LA,0,0,0,0,0,0,0,0,0,0,0,0,,0,,,1,0,0,0,0,0,-0.172934656380676,0,0,0,0,0,0,0,0,0,0,,0,,,,,0,0.0,0.0
2008,REG+POST,00-0019242,,Dane Looker,WR,WR,,11,LA,2,3,17,0,0,1,0,0,0,37,0,0,0.257410453574266,0,0.45945945945946,,0,0,0,0,0,0,,0,23,23,271,2,1,1,216,55,11,19.1611826139313,0,1.25462962962963,0.120418848167539,0.199445983379501,0.32024046061696,0,37.78,60.78
2008,REG+POST,00-0019281,,Mike Furrey,WR,WR,,6,DET,0,0,0,0,0,0,0,0,0,0,0,0,,0,,,0,0,0,0,0,0,,0,18,18,181,0,0,0,134,47,9,7.5750966004195,0,1.35074626865672,0.146341463414634,0.162424242424242,0.333209164818921,0,18.1,36.1
2008,REG+POST,00-0019457,,Anthony Becht,TE,TE,,6,LA,0,0,0,0,0,0,0,0,0,0,0,0,,0,,,0,0,0,0,0,0,,0,6,6,39,0,0,0,20,19,1,-0.268843875033781,0,1.95,0.0491803278688525,0.0294985250737463,0.0944194593549011,0,3.9,9.9
2008,REG+POST,00-0019484,,Sammy Morris,RB,RB,,13,NE,0,0,0,0,0,0,0,0,0,0,0,0,,0,,,156,727,7,1,1,45,9.15536439080319,0,17,17,161,0,0,0,5,156,5,10.92432960734,0,32.2,0.112582781456954,0.0082236842105263,0.174630751132799,0,128.8,145.8
2008,REG+POST,00-0019539,,Dante Hall,WR,WR,,7,LA,0,1,0,0,0,0,0,0,0,0,0,0,-0.730526670347899,0,,,4,9,0,0,0,2,0.509216381935403,0,12,12,105,0,0,0,74,31,7,9.84049471694743,0,1.41891891891892,0.12,0.122516556291391,0.265761589403974,0,11.4,23.4
2008,REG+POST,00-0019559,,Chad Pennington,QB,QB,,17,MIA,346,514,3905,20,11,26,145,2,1,4147,1561,191,77.8613996742024,0,0.941644562334218,0.130256011428873,32,58,1,2,0,6,-9.89470503706252,0,0,0,0,0,0,0,0,0,0,,0,,,,,0,224.0,224.0
2008,REG+POST,00-0019587,,Terrelle Smith,FB,RB,,4,ARI,0,0,0,0,0,0,0,0,0,0,0,0,,0,,,1,0,0,0,0,0,-1.82050586513602,0,3,3,28,0,0,0,13,15,1,0.881803244468756,0,2.15384615384615,0.0365853658536585,0.0251450676982592,0.0724795961692692,0,2.8,5.8
2008,REG+POST,00-0019596,T.Brady,Tom Brady,QB,QB,"https://static.www.nfl.com/image/private/f_auto,q_auto/league/q7dpdlxyu5rs05rgh1le",1,NE,7,11,76,0,0,0,0,0,0,74,28,3,0.037038876209408,0,1.02702702702703,0.0397638401228832,0,0,0,0,0,0,,0,0,0,0,0,0,0,0,0,0,,0,,,,,0,3.04,3.04
2008,REG+POST,00-0019599,,Marc Bulger,QB,QB,,15,LA,252,441,2727,11,13,38,263,4,3,3819,1157,121,-80.129428507146,0,0.714061272584446,-0.0070592365206906,14,41,0,1,1,3,-1.7886689048277,0,2,2,17,0,0,0,17,0,0,1.30816211958881,0,1.0,0.0487804878048781,0.0524691358024691,0.109899126769046,0,124.88,126.88
2008,REG+POST,00-0019641,,Thomas Jones,RB,RB,,16,NYJ,0,0,0,0,0,0,0,0,0,0,0,0,,0,,,290,1312,13,2,1,63,3.45403261986495,0,36,36,207,2,0,0,-18,225,12,11.2896069014096,0,-11.5,0.107462686567164,-0.013353115727003,0.151846848841844,0,239.9,275.9
2008,REG+POST,00-0019642,,Plaxico Burress,WR,WR,,9,NYG,0,0,0,0,0,0,0,0,0,0,0,0,,0,,,0,0,0,0,0,0,,0,35,35,454,4,0,0,394,60,25,43.8795890409156,0,1.15228426395939,0.213414634146341,0.34410480349345,0.560995313664927,0,69.4,104.4
2008,REG+POST,00-0019644,,Bubba Franks,TE,TE,,3,NYJ,0,0,0,0,0,0,0,0,0,0,0,0,,0,,,0,0,0,0,0,0,,0,6,6,47,0,0,0,32,15,2,1.53430378681514,0,1.46875,0.105263157894737,0.105610561056106,0.231822129581379,0,4.7,10.7
2008,REG+POST,00-0019647,,Shaun Alexander,RB,RB,,4,WAS,0,0,0,0,0,0,0,0,0,0,0,0,,0,,,11,24,0,0,0,0,-5.5594949638471,0,1,1,9,0,0,0,2,7,0,0.664752604207024,0,4.5,0.0434782608695652,0.0121212121212121,0.0737022397891963,0,3.3,4.3
2008,REG+POST,00-0019648,,Keith Bulluck,OLB,LB,,1,TEN,0,0,0,0,0,0,0,0,0,0,0,0,,0,,,0,0,0,0,0,0,,0,0,0,0,0,0,0,0,0,0,,0,,,,,1,6.0,6.0
2008,REG+POST,00-0019650,,Dennis Northcutt,WR,WR,,13,JAX,0,0,0,0,0,0,0,0,0,0,0,0,,0,,,1,9,0,0,0,0,0.801074834307656,0,44,44,545,2,1,1,428,117,25,36.7756482880213,0,1.27336448598131,0.158273381294964,0.234520547945206,0.40157445550409,0,65.4,109.4
2008,REG+POST,00-0019663,,Darrell Jackson,WR,WR,,9,DEN,0,0,0,0,0,0,0,0,0,0,0,0,,0,,,0,0,0,0,0,0,,0,12,12,190,1,0,0,139,51,8,13.3529823441087,0,1.36690647482014,0.0563380281690141,0.0950102529049897,0.151014219287014,0,25.0,37.0
2008,REG+POST,00-0019693,,Jamal Lewis,RB,RB,,16,CLE,0,0,0,0,0,0,0,0,0,0,0,0,,0,,,279,1002,4,1,0,42,-32.2618876825584,0,23,23,178,0,1,1,-3,181,8,4.54670468773111,0,-59.3333333333333,0.110576923076923,-0.0030927835051546,0.163700436161776,0,140.0,163.0
2008,REG+POST,00-0019703,,Jerry Porter,WR,WR,,7,JAX,0,0,0,0,0,0,0,0,0,0,0,0,,0,,,0,0,0,0,0,0,,0,11,11,181,1,0,0,150,31,8,15.6104498298373,0,1.20666666666667,0.0743243243243243,0.154479917610711,0.219622428813984,0,24.1,35.1
2008,REG+POST,00-0019714,S.Lechler,Shane Lechler,P,SPEC,"https://static.www.nfl.com/image/private/f_auto,q_auto/league/we3oe5jqnrb4ag3d4pqu",1,LV,0,0,0,0,0,0,0,0,0,0,0,0,,0,,,1,0,0,1,1,0,-9.13667558634188,0,0,0,0,0,0,0,0,0,0,,0,,,,,0,-2.0,-2.0
2008,REG+POST,00-0019794,,Aveion Cason,RB,RB,,5,DET,0,0,0,0,0,0,0,0,0,0,0,0,,0,,,4,7,0,0,0,0,-2.22028336371295,0,4,4,27,0,0,0,5,22,0,-1.05628768890165,0,5.4,0.125,0.0220264317180617,0.202918502202643,0,3.4,7.4
2008,REG+POST,00-0019808,,Kenny Watson,RB,RB,,7,CIN,0,0,0,0,0,0,0,0,0,0,0,0,,0,,,14,55,0,0,0,2,-3.76398016567691,0,3,3,4,0,0,0,3,1,0,-3.75464681396261,0,1.33333333333333,0.0882352941176471,0.0171428571428571,0.144352941176471,0,5.9,8.9
2008,REG+POST,00-0019831,,Nick Goings,RB,RB,,5,CAR,0,0,0,0,0,0,0,0,0,0,0,0,,0,,,9,10,0,0,0,0,-7.52999420466309,0,3,3,1,0,0,0,-2,3,0,-2.63765611575218,0,-0.5,0.0566037735849057,-0.0050251256281407,0.08138807243766,0,1.1,4.1
2008,REG+POST,00-0019863,,Dominic Rhodes,RB,RB,,16,IND,0,0,0,0,0,0,0,0,0,0,0,0,,0,,,156,550,6,0,0,28,-14.524537659137,1,45,45,302,3,0,0,54,248,14,17.3834530661661,0,5.59259259259259,0.136363636363636,0.0325105358217941,0.22730282962071,0,141.2,186.2
2008,REG+POST,00-0019976,,Drew Bennett,WR,WR,,1,LA,0,0,0,0,0,0,0,0,0,0,0,0,,0,,,0,0,0,0,0,0,,0,1,1,4,0,0,0,4,0,0,-0.243394555523992,0,1.0,0.0714285714285714,0.0350877192982456,0.131704260651629,0,0.4,1.4
2008,REG+POST,00-0019997,,Antonio Chatman,WR,WR,,7,CIN,0,0,0,0,0,0,0,0,0,0,0,0,,0,,,2,4,0,0,0,0,-1.14002486667596,0,21,21,194,0,1,1,68,126,10,10.0392082410884,0,2.85294117647059,0.130434782608696,0.089238845144357,0.258119365514093,0,17.8,38.8
2008,REG+POST,00-0020127,,Daniel Wilcox,TE,TE,,5,BAL,0,0,0,0,0,0,0,0,0,0,0,0,,0,,,0,0,0,0,0,0,,0,6,6,23,2,0,0,17,6,2,3.14983458680217,0,1.35294117647059,0.0845070422535211,0.0359408033826638,0.151919125748146,0,14.3,20.3
2008,REG+POST,00-0020268,,Tony Stewart,TE,TE,,8,LV,0,0,0,0,0,0,0,0,0,0,0,0,,0,,,0,0,0,0,0,0,,0,11,11,81,0,0,0,55,26,5,4.82407240918838,0,1.47272727272727,0.0916666666666667,0.0665859564164649,0.184110169491525,0,8.1,19.1
2008,REG+POST,00-0020270,,Correll Buckhalter,RB,RB,,17,PHI,0,0,0,0,0,0,0,0,0,0,0,0,,0,,,87,424,2,0,0,21,-5.41884245094008,0,30,31,355,2,0,0,30,321,17,25.4115008356393,0,11.8333333333333,0.11787072243346,0.0204638472032742,0.191130776692482,0,101.9,131.9
2008,REG+POST,00-0020285,,Alge Crumpler,TE,TE,,13,TEN,0,0,0,0,0,0,0,0,0,0,0,0,,0,,,0,0,0,0,0,0,,0,26,26,266,1,2,1,142,124,11,15.2760358648957,0,1.87323943661972,0.11304347826087,0.109230769230769,0.246026755852843,0,30.6,56.6
2008,REG+POST,00-0020332,,David Martin,TE,TE,,16,MIA,0,0,0,0,0,0,0,0,0,0,0,0,,0,,,0,0,0,0,0,0,,0,34,34,456,3,1,1,328,128,21,32.625304338173,0,1.39024390243902,0.102409638554217,0.144557073600705,0.254804409351819,0,61.6,95.6
2008,REG+POST,00-0020337,,Steve Smith,WR,WR,"https://static.www.nfl.com/image/private/f_auto,q_auto/league/k23e0b8cto93he9rt0zc",15,CAR,0,0,0,0,0,0,0,0,0,0,0,0,,0,,,5,40,0,0,0,3,2.22079426376149,0,80,80,1460,7,1,1,980,471,60,122.533788112458,0,1.48979591836735,0.350877192982456,0.524064171122995,0.893160709259781,0,190.0,270.0
2008,REG+POST,00-0020342,,Brandon Manumaleuna,TE,TE,,11,LAC,0,0,0,0,0,0,0,0,0,0,0,0,,0,,,0,0,0,0,0,0,,0,16,16,141,2,0,0,63,78,7,12.3193888839702,0,2.23809523809524,0.0692640692640693,0.0369935408103347,0.129791582463338,0,26.1,42.1
2008,REG+POST,00-0020381,,Justin McCareins,WR,WR,,12,TEN,0,0,0,0,0,0,0,0,0,0,0,0,,0,,,1,4,0,0,0,0,0.0965591738931835,0,33,34,440,0,2,2,355,102,23,27.5382419340022,0,1.23943661971831,0.163461538461538,0.270579268292683,0.434597795497186,0,40.4,73.4
2008,REG+POST,00-0020391,,Jameel Cook,RB,RB,,2,TB,0,0,0,0,0,0,0,0,0,0,0,0,,0,,,0,0,0,0,0,0,,0,3,3,24,0,0,0,7,17,2,0.850216398354064,0,3.42857142857143,0.0508474576271187,0.0328638497652582,0.0992758812763587,0,2.4,5.4
2008,REG+POST,00-0020397,,Chad Johnson,WR,WR,,13,CIN,0,0,0,0,0,0,0,0,0,0,0,0,,0,,,0,0,0,0,0,0,,0,53,53,540,4,0,0,426,114,36,49.9943945151463,0,1.26760563380282,0.203065134099617,0.325190839694657,0.532231288935685,0,78.0,131.0
2008,REG+POST,00-0020405,,Marques Tuiasosopo,QB,QB,,2,LV,1,2,4,0,0,3,29,2,0,7,0,0,-5.76312591135502,0,0.571428571428571,,1,11,0,0,0,1,0.555761242983863,0,0,0,0,0,0,0,0,0,0,,0,,,,,0,1.26,1.26
2008,REG+POST,00-0020407,,Rudi Johnson,RB,RB,,13,DET,0,0,0,0,0,0,0,0,0,0,0,0,,0,,,76,237,1,1,0,11,-13.7528756050742,0,12,12,88,1,0,0,16,72,4,3.2196351744351,0,5.5,0.0916030534351145,0.0201765447667087,0.151528161489368,0,44.5,56.5
2008,REG+POST,00-0020428,,Robert Ferguson,WR,WR,,2,MIN,0,0,0,0,0,0,0,0,0,0,0,0,,0,,,0,0,0,0,0,0,,0,3,3,25,0,0,0,21,4,2,2.10070040170103,0,1.19047619047619,0.0882352941176471,0.0963302752293578,0.199784133837021,0,2.5,5.5
2008,REG+POST,00-0020438,,T.J. Houshmandzadeh,WR,WR,,14,CIN,0,0,0,0,0,0,0,0,0,0,0,0,,0,,,1,9,0,0,0,0,0.776262302999385,0,92,92,904,4,0,0,545,359,51,84.1468452863952,0,1.65871559633028,0.327402135231317,0.384073291050035,0.759954506582,0,115.3,207.3
2008,REG+POST,00-0020446,,Chris Chambers,WR,WR,,14,LAC,0,0,0,0,0,0,0,0,0,0,0,0,,0,,,1,1,0,0,0,0,-0.362118077231571,0,41,41,591,5,0,0,524,67,28,54.7841232729261,0,1.12786259541985,0.148550724637681,0.270801033591731,0.412386810470734,0,89.2,130.2
2008,REG+POST,00-0020448,,Travis Minor,RB,RB,,5,LA,0,0,0,0,0,0,0,0,0,0,0,0,,0,,,13,29,0,0,0,3,-1.66151353693567,0,5,5,35,0,0,0,2,33,2,0.0280723869800568,0,17.5,0.106382978723404,0.0091324200913242,0.165967162149033,0,6.4,11.4
2008,REG+POST,00-0020462,,LaMont Jordan,RB,RB,,8,NE,0,0,0,0,0,0,0,0,0,0,0,0,,0,,,80,363,4,1,0,21,4.96916437990149,0,0,0,0,0,0,0,0,0,0,,0,,,,,0,60.3,60.3
2008,REG+POST,00-0020478,,Monty Beisel,LB,LB,,1,ARI,0,0,0,0,0,0,0,0,0,0,0,0,,0,,,0,0,0,0,0,0,,0,0,0,0,0,0,0,0,0,0,,0,,,,,1,6.0,6.0
2008,REG+POST,00-0020480,,Sage Rosenfels,QB,QB,,6,HOU,116,174,1431,6,10,9,58,2,1,1286,659,64,6.26488830592695,0,1.11275272161742,0.0794606658085237,11,37,0,2,1,2,-8.63500766895595,0,0,0,0,0,0,0,0,0,0,,0,,,,,0,60.94,60.94
2008,REG+POST,00-0020490,,Koren Robinson,WR,WR,,11,SEA,0,0,0,0,0,0,0,0,0,0,0,0,,0,,,1,-4,0,0,0,0,-1.13626209646463,0,31,31,400,2,0,0,258,142,22,32.0487575991137,0,1.55038759689923,0.171270718232044,0.24202626641651,0.426324463839624,0,51.6,82.6
2008,REG+POST,00-0020494,,Santana Moss,WR,WR,,15,WAS,0,0,0,0,0,0,0,0,0,0,0,0,,0,,,1,27,0,0,0,1,1.92355743749067,0,79,79,1044,6,1,1,503,541,50,78.8557982623704,0,2.07554671968191,0.262458471760797,0.356737588652482,0.643404019697934,1,147.1,226.1
2008,REG+POST,00-0020495,,Nate Clements,SS,DB,,1,SF,0,0,0,0,0,0,0,0,0,0,0,0,,0,,,0,0,0,0,0,0,,0,0,0,0,0,0,0,0,0,0,,0,,,,,1,6.0,6.0
2008,REG+POST,00-0020498,,Reggie Wayne,WR,WR,,17,IND,0,0,0,0,0,0,0,0,0,0,0,0,,0,,,0,0,0,0,0,0,,0,86,86,1274,7,0,0,892,382,68,116.261995207568,1,1.42825112107623,0.205741626794258,0.337367624810893,0.544769777559012,0,171.4,257.4
2008,REG+POST,00-0020505,,Adrian Wilson,DB,DB,,1,ARI,0,0,0,0,0,0,0,0,0,0,0,0,,0,,,0,0,0,0,0,0,,0,1,1,7,0,0,0,0,7,0,0.125014859833755,0,0.0,0.0434782608695652,,,0,0.7,1.7
2008,REG+POST,00-0020507,,Heath Evans,FB,RB,,9,NE,0,0,0,0,0,0,0,0,0,0,0,0,,0,,,11,23,0,0,0,4,-2.05006038950523,0,3,3,59,0,0,0,15,44,3,4.51171311817598,0,3.93333333333333,0.111111111111111,0.12,0.250666666666667,0,8.2,11.2
2008,REG+POST,00-0020508,,Moran Norris,RB,RB,,4,DET,0,0,0,0,0,0,0,0,0,0,0,0,,0,,,1,1,0,0,0,0,-0.229282195214182,0,4,4,16,0,0,0,8,8,0,-0.619539186358452,0,2.0,0.0952380952380952,0.0363636363636364,0.168311688311688,0,1.7,5.7
2008,REG+POST,00-0020514,,Michael Bennett,RB,RB,,5,LAC,0,0,0,0,0,0,0,0,0,0,0,0,,0,,,12,36,0,0,0,1,-5.31984323423311,0,3,3,15,0,0,0,1,14,1,0.981421870645136,0,15.0,0.0447761194029851,0.0025974025974026,0.0689823609226594,0,5.1,8.1
2008,REG+POST,00-0020516,,Todd Heap,TE,TE,,17,BAL,0,0,0,0,0,0,0,0,0,0,0,0,,0,,,0,0,0,0,0,0,,0,40,41,483,3,1,1,271,205,26,33.4596250776667,0,1.78228782287823,0.156488549618321,0.163647342995169,0.349285964524099,0,64.3,104.3
2008,REG+POST,00-0020527,,Deuce McAllister,RB,RB,,13,NO,0,0,0,0,0,0,0,0,0,0,0,0,,0,,,107,418,5,0,0,23,-1.88744111020705,0,18,18,128,1,0,0,-31,159,5,7.87107896443922,0,-4.12903225806452,0.076271186440678,-0.0175141242937853,0.102146892655367,0,90.6,108.6
2008,REG+POST,00-0020531,D.Brees,Drew Brees,QB,QB,"https://static.www.nfl.com/image/private/f_auto,q_auto/league/i20xlpzdmn7xubotijjd",16,NO,413,635,5069,34,17,13,92,1,1,5006,2311,232,163.060327844624,0,1.01258489812225,0.15373016650796,22,-1,0,5,0,4,-10.8090404944046,0,0,0,0,0,0,0,0,0,0,,0,,,,,0,302.66,302.66
2008,REG+POST,00-0020536,,LaDainian Tomlinson,RB,RB,,17,LAC,0,0,0,0,0,0,0,0,0,0,0,0,,0,,,297,1135,12,0,0,55,-16.7893503494514,0,52,52,421,1,1,0,-20,437,19,24.8054010479035,0,-21.05,0.181184668989547,-0.009794319294809,0.264920979977954,0,233.6,285.6
2008,REG+POST,00-0020550,,Darnell Dinkins,TE,TE,,5,CLE,0,0,0,0,0,0,0,0,0,0,0,0,,0,,,0,0,0,0,0,0,,0,5,5,41,1,0,0,23,18,1,5.85989728674758,0,1.78260869565217,0.0704225352112676,0.0608465608465609,0.148226395409494,0,10.1,15.1
2008,REG+POST,00-0020565,,Cleo Lemon,QB,QB,,1,JAX,0,2,0,0,0,0,0,0,0,10,0,0,-2.73469828208908,0,0.0,,2,-3,0,0,0,0,0.0,0,0,0,0,0,0,0,0,0,0,,0,,,,,0,-0.3,-0.3
2008,REG+POST,00-0020608,,David Carr,QB,QB,,3,NYG,9,12,115,2,0,1,2,0,0,141,26,7,8.63280678141704,0,0.815602836879433,0.388491679334061,8,10,0,0,0,0,0.425019474001601,0,0,0,0,0,0,0,0,0,0,,0,,,,,0,13.6,13.6
2008,REG+POST,00-0020613,,Quinn Gray,QB,QB,,1,KC,7,8,76,1,0,0,0,0,0,51,28,5,6.09138984250603,0,1.49019607843137,0.363599112367286,1,27,0,0,0,1,-0.778361714270432,0,0,0,0,0,0,0,0,0,0,,0,,,,,0,9.74,9.74
2008,REG+POST,00-0020617,,Nate Jackson,WR,WR,,7,DEN,0,0,0,0,0,0,0,0,0,0,0,0,,0,,,0,0,0,0,0,0,,0,11,11,83,1,0,0,50,33,4,6.12304976553423,0,1.66,0.0691823899371069,0.0379362670713202,0.130328971855585,0,14.3,25.3
2008,REG+POST,00-0020679,,Shaun Hill,QB,QB,"https://static.www.nfl.com/image/private/f_auto,q_auto/league/dn42ccbwrshm7uksyphy",9,SF,181,288,2046,14,8,23,148,4,0,2295,798,99,27.0031798116924,0,0.891503267973856,0.114719254794061,24,115,2,3,1,11,-0.552939701591823,0,0,0,0,0,0,0,0,0,0,,0,,,,,0,143.34,143.34
2008,REG+POST,00-0020804,,Corey McIntyre,FB,RB,,2,BUF,0,0,0,0,0,0,0,0,0,0,0,0,,0,,,0,0,0,0,0,0,,0,2,2,-1,0,0,0,-4,3,0,-1.30947094853036,0,0.25,0.0416666666666667,-0.0163265306122449,0.0510714285714286,0,-0.1,1.9
2008,REG+POST,00-0020805,,Jason McKie,RB,RB,,9,CHI,0,0,0,0,0,0,0,0,0,0,0,0,,0,,,11,26,2,0,0,5,-1.45551927876659,0,11,11,64,1,1,1,3,61,3,-1.2803865573369,0,21.3333333333333,0.0956521739130435,0.0109090909090909,0.151114624505929,0,25.0,36.0
2008,REG+POST,00-0020820,,Jesse Chatman,RB,RB,,2,NYJ,0,0,0,0,0,0,0,0,0,0,0,0,,0,,,5,8,0,0,0,0,-0.408012525003869,0,2,2,5,0,0,0,-3,8,0,-1.80585717003328,0,-1.66666666666667,0.0377358490566038,-0.0109090909090909,0.048967409948542,0,1.3,3.3
2008,REG+POST,00-0020840,,Ryan Clark,FS,DB,,1,PIT,0,0,0,0,0,0,0,0,0,0,0,0,,0,,,1,-4,0,0,0,0,-3.15977816190571,0,0,0,0,0,0,0,0,0,0,,0,,,,,0,-0.4,-0.4
2008,REG+POST,00-0021084,,Matt Schobel,TE,TE,,2,PHI,0,0,0,0,0,0,0,0,0,0,0,0,,0,,,0,0,0,0,0,0,,0,3,3,17,0,0,0,15,2,0,0.732085243333131,0,1.13333333333333,0.0588235294117647,0.0470219435736677,0.121150654619214,0,1.7,4.7
2008,REG+POST,00-0021147,,Donte' Stallworth,WR,WR,,11,CLE,0,0,0,0,0,0,0,0,0,0,0,0,,0,,,1,-4,0,0,0,0,-1.08531864266843,0,17,17,170,1,0,0,83,87,8,14.5643172083718,0,2.04819277108434,0.112582781456954,0.100362756952842,0.23912810205242,0,22.6,39.6
2008,REG+POST,00-0021148,,Jeremy Shockey,TE,TE,,12,NO,0,0,0,0,0,0,0,0,0,0,0,0,,0,,,0,0,0,0,0,0,,0,50,50,483,0,2,2,272,211,30,28.5695150374928,0,1.77573529411765,0.162337662337662,0.144912093766649,0.344944959143148,0,44.3,94.3
2008,REG+POST,00-0021152,,Ashley Lelie,WR,WR,,6,LV,0,0,0,0,0,0,0,0,0,0,0,0,,0,,,0,0,0,0,0,0,,0,11,11,197,2,0,0,173,24,9,21.0675196122029,0,1.13872832369942,0.154929577464789,0.313405797101449,0.451778424168198,0,31.7,42.7
2008,REG+POST,00-0021153,,Javon Walker,WR,WR,,7,LV,0,0,0,0,0,0,0,0,0,0,0,0,,0,,,0,0,0,0,0,0,,0,15,15,196,1,0,0,164,32,12,15.6961030509556,0,1.19512195121951,0.154639175257732,0.26537216828479,0.417719280685951,0,25.6,40.6
2008,REG+POST,00-0021154,,Daniel Graham,TE,TE,,14,DEN,0,0,0,0,0,0,0,0,0,0,0,0,,0,,,0,0,0,0,0,0,,0,32,32,389,4,0,0,190,199,20,32.7588261187193,0,2.04736842105263,0.0903954802259887,0.0795311845960653,0.191265049556229,0,62.9,94.9
2008,REG+POST,00-0021159,,Jerramy Stevens,TE,TE,,11,TB,0,0,0,0,0,0,0,0,0,0,0,0,,0,,,0,0,0,0,0,0,,0,35,36,385,2,0,0,253,132,16,30.3913056199672,0,1.52173913043478,0.149377593360996,0.15921963499056,0.335520134534886,0,50.5,85.5
2008,REG+POST,00-0021163,,Jabar Gaffney,WR,WR,,11,NE,0,0,0,0,0,0,0,0,0,0,0,0,,0,,,0,0,0,0,0,0,,0,38,38,468,2,0,0,349,119,26,48.5180260551027,1,1.34097421203438,0.143939393939394,0.256052824651504,0.395146068165144,0,60.8,98.8
2008,REG+POST,00-0021164,,DeShaun Foster,RB,RB,,11,SF,0,0,0,0,0,0,0,0,0,0,0,0,,0,,,76,234,1,2,1,12,-16.2279210656686,0,16,16,133,1,0,0,54,79,6,5.80615229485336,0,2.46296296296296,0.096969696969697,0.055327868852459,0.184184053651267,0,46.7,62.7
2008,REG+POST,00-0021166,,Josh Reed,WR,WR,,13,BUF,0,0,0,0,0,0,0,0,0,0,0,0,,0,,,0,0,0,0,0,0,,0,56,56,597,1,0,0,449,148,36,49.4388448624926,0,1.32962138084633,0.21875,0.275629220380602,0.521065454266421,0,65.7,121.7
2008,REG+POST,00-0021175,,Andre Davis,WR,WR,,8,HOU,0,0,0,0,0,0,0,0,0,0,0,0,,0,,,0,0,0,0,0,0,,0,13,13,213,0,0,0,154,59,11,18.3481500846101,0,1.38311688311688,0.0670103092783505,0.112573099415205,0.179316633508169,0,21.3,34.3
2008,REG+POST,00-0021179,,Clinton Portis,RB,RB,,16,WAS,0,0,0,0,0,0,0,0,0,0,0,0,,0,,,342,1487,9,3,3,75,-15.1760397442051,0,28,28,218,0,0,0,-16,234,11,9.35139311287278,0,-13.625,0.0979020979020979,-0.0129764801297648,0.137769610762311,0,218.5,246.5
2008,REG+POST,00-0021182,,Maurice Morris,RB,RB,,13,SEA,0,0,0,0,0,0,0,0,0,0,0,0,,0,,,132,574,0,1,1,27,-9.91542173891763,0,19,19,136,2,0,0,17,119,5,9.24415077863664,0,8.0,0.135714285714286,0.0213299874529486,0.218502419788493,0,81.0,100.0
2008,REG+POST,00-0021184,,Ladell Betts,RB,RB,,13,WAS,0,0,0,0,0,0,0,0,0,0,0,0,,0,,,61,206,1,1,1,15,-12.7756618785583,0,22,22,200,0,0,0,23,177,6,5.03942410204783,0,8.69565217391304,0.123595505617978,0.0302631578947368,0.206577468953282,0,44.6,66.6
2008,REG+POST,00-0021189,,Ryan Denney,DE,DL,,1,BUF,0,0,0,0,0,0,0,0,0,0,0,0,,0,,,0,0,0,0,0,0,,0,1,1,19,1,0,0,14,5,1,4.38639112265082,0,1.35714285714286,0.05,0.096551724137931,0.142586206896552,0,7.9,8.9
2008,REG+POST,00-0021190,,Antwaan Randle El,RB,RB,,16,WAS,3,4,46,1,0,0,0,0,0,61,22,3,3.74200941086747,0,0.754098360655738,,1,5,0,0,0,0,0.233269629068673,0,53,53,593,4,0,0,387,206,34,54.0383174283488,0,1.53229974160207,0.166144200626959,0.26078167115903,0.43176347075176,0,89.64,142.64
2008,REG+POST,00-0021191,,Antonio Bryant,WR,WR,,15,TB,0,0,0,0,0,0,0,0,0,0,0,0,,0,,,2,22,0,0,0,2,1.98977243294939,0,83,83,1248,7,1,1,865,369,60,100.886308783626,0,1.44277456647399,0.245562130177515,0.418278529980658,0.661138166252733,0,167.0,250.0
2008,REG+POST,00-0021192,,Deion Branch,WR,WR,,8,SEA,0,0,0,0,0,0,0,0,0,0,0,0,,0,,,0,0,0,0,0,0,,0,30,30,412,4,0,0,262,150,18,36.8732281522825,0,1.57251908396947,0.211267605633803,0.329974811083123,0.547883776208891,0,65.2,95.2
2008,REG+POST,00-0021206,J.McCown,Josh McCown,QB,QB,"https://static.www.nfl.com/image/private/f_auto,q_auto/league/qcauc37wqjdaxdbq1evu",2,CAR,0,0,0,0,0,0,0,0,0,0,0,0,,0,,,4,-3,0,0,0,0,-1.26997949637007,0,0,0,0,0,0,0,0,0,0,,0,,,,,0,-0.3,-0.3
2008,REG+POST,00-0021213,,Chris Baker,TE,TE,,11,NYJ,0,0,0,0,0,0,0,0,0,0,0,0,,0,,,0,0,0,0,0,0,,0,21,21,194,0,0,0,144,50,11,16.59054028627,0,1.34722222222222,0.0857142857142857,0.109256449165402,0.20505094298721,0,19.4,40.4
2008,REG+POST,00-0021216,,Brian Westbrook,RB,RB,,17,PHI,0,0,0,0,0,0,0,0,0,0,0,0,,0,,,283,1055,9,1,0,54,-21.1717223722518,0,61,61,521,6,2,2,34,487,23,30.2588657994084,0,15.3235294117647,0.168975069252078,0.0153084196307969,0.264178497619674,0,243.6,304.6
2008,REG+POST,00-0021224,,Dante Wesley,DB,DB,,1,CAR,0,0,0,0,0,0,0,0,0,0,0,0,,0,,,0,0,0,0,0,0,,0,0,0,0,0,0,0,0,0,0,,0,,,,,1,6.0,6.0
2008,REG+POST,00-0021227,,Justin Peelle,TE,TE,,11,ATL,0,0,0,0,0,0,0,0,0,0,0,0,,0,,,0,0,0,0,0,0,,0,18,18,170,3,0,0,53,117,10,17.9742657774768,0,3.20754716981132,0.0957446808510638,0.0400604686318972,0.171659349318924,0,35.0,53.0
2008,REG+POST,00-0021231,,David Garrard,QB,QB,,16,JAX,335,535,3620,15,13,42,288,6,3,4443,1466,182,15.5419699156667,0,0.814764798559532,0.0926708641617956,73,322,2,1,0,31,22.4003884070739,0,1,1,-6,0,0,0,-6,0,0,-1.54120788257569,0,0.0,0.04,-0.028169014084507,0.0402816901408451,0,216.4,217.4
2008,REG+POST,00-0021236,,Randy McMichael,TE,TE,,4,LA,0,0,0,0,0,0,0,0,0,0,0,0,,0,,,0,0,0,0,0,0,,0,11,11,139,0,0,0,67,72,5,8.2331592089613,0,2.07462686567164,0.159420289855072,0.165432098765432,0.354932903918411,0,13.9,24.9
2008,REG+POST,00-0021252,,Najeh Davenport,RB,RB,,3,IND,0,0,0,0,0,0,0,0,0,0,0,0,,0,,,10,31,0,0,0,3,-0.704307789215818,0,4,4,54,0,0,0,25,29,2,3.27279440691927,0,2.16,0.137931034482759,0.308641975308642,0.422945934440187,0,8.5,12.5
2008,REG+POST,00-0021255,,John Owens,TE,TE,,7,DET,0,0,0,0,0,0,0,0,0,0,0,0,,0,,,0,0,0,0,0,0,,0,8,8,56,1,0,0,28,28,3,3.3793162467191,0,2.0,0.0769230769230769,0.0412979351032448,0.144293169956887,0,11.6,19.6
2008,REG+POST,00-0021273,,Robert Royal,TE,TE,,13,BUF,0,0,0,0,0,0,0,0,0,0,0,0,,0,,,0,0,0,0,0,0,,0,33,33,351,1,2,2,240,111,14,12.7463329842336,0,1.4625,0.129411764705882,0.146699266503668,0.296807133611391,0,37.1,70.1
2008,REG+POST,00-0021296,,J.T. O'Sullivan,QB,QB,,9,SF,128,220,1678,8,11,32,197,9,5,1809,930,77,-55.5420780827951,1,0.927584300718629,0.02427236536434,30,145,0,2,1,6,-0.139228915271815,0,0,0,0,0,0,0,0,0,0,,0,,,,,0,81.62,81.62
2008,REG+POST,00-0021304,,John Gilmore,TE,TE,,11,TB,0,0,0,0,0,0,0,0,0,0,0,0,,0,,,0,0,0,0,0,0,,0,16,16,159,1,0,0,70,89,8,12.1152192965383,0,2.27142857142857,0.062992125984252,0.0601374570446735,0.136584408907649,0,21.9,37.9
2008,REG+POST,00-0021306,,Adrian Peterson,RB,RB,,7,CHI,0,0,0,0,0,0,0,0,0,0,0,0,,0,,,20,100,0,0,0,4,-1.33308714593295,0,6,6,45,0,0,0,0,45,1,-0.351437196077313,0,0.0,0.0731707317073171,0.0,0.109756097560976,0,14.5,20.5
2008,REG+POST,00-0021314,,Chester Taylor,RB,RB,,17,MIN,1,1,4,1,0,0,0,0,0,4,0,1,2.58779019792564,0,1.0,,113,447,4,0,0,21,-5.67733031307222,0,50,51,435,2,2,2,42,391,18,15.89322139802,0,10.3571428571429,0.198443579766537,0.0266836086404066,0.31634389569809,0,124.36,174.36
2008,REG+POST,00-0021337,,Ronald Curry,WR,WR,,9,LV,0,0,0,0,0,0,0,0,0,0,0,0,,0,,,1,1,0,0,0,0,-0.469434012193233,0,19,19,181,2,0,0,159,22,13,22.2475554933189,0,1.13836477987421,0.150793650793651,0.176666666666667,0.349857142857143,0,30.2,49.2
2008,REG+POST,00-0021357,,Rock Cartwright,RB,RB,,3,WAS,0,0,0,0,0,0,0,0,0,0,0,0,,0,,,5,14,0,0,0,0,-2.13393178215483,0,1,1,-7,0,0,0,-7,0,0,-1.89419815829024,0,1.0,0.0714285714285714,-0.0813953488372093,0.0501661129568106,0,0.7,1.7
2008,REG+POST,00-0021371,,Darian Barnes,FB,RB,,1,BUF,0,0,0,0,0,0,0,0,0,0,0,0,,0,,,0,0,0,0,0,0,,0,2,2,34,0,1,0,4,30,1,2.20556589157786,0,8.5,0.0833333333333333,0.025,0.1425,0,3.4,5.4
2008,REG+POST,00-0021376,,T.J. Duckett,RB,RB,,15,SEA,0,0,0,0,0,0,0,0,0,0,0,0,,0,,,62,172,8,0,0,26,8.6336591843121,0,0,0,0,0,0,0,0,0,0,,0,,,,,0,65.2,65.2
2008,REG+POST,00-0021379,,Patrick Ramsey,QB,QB,,1,DEN,2,3,19,0,0,1,5,1,1,12,10,1,-1.41889632795937,0,1.58333333333333,,0,0,0,0,0,0,,0,0,0,0,0,0,0,0,0,0,,0,,,,,0,-1.24,-1.24
2008,REG+POST,00-0021429,C.Palmer,Carson Palmer,QB,QB,"https://static.www.nfl.com/image/private/f_auto,q_auto/league/belgna3tokxga0gjjmwk",4,CIN,76,130,736,3,4,11,67,2,0,892,333,41,-17.0866643092948,0,0.825112107623319,0.0115585759655717,6,38,0,0,0,2,2.87332877895096,0,0,0,0,0,0,0,0,0,0,,0,,,,,0,37.24,37.24
2008,REG+POST,00-0021500,,Derrick Frost,P,SPEC,,1,GB,0,0,0,0,0,0,0,0,0,0,0,0,,0,,,1,0,0,1,0,0,0.118100833147764,0,0,0,0,0,0,0,0,0,0,,0,,,,,0,0.0,0.0
2008,REG+POST,00-0021503,,Roderick Hood,CB,DB,,1,ARI,0,0,0,0,0,0,0,0,0,0,0,0,,0,,,0,0,0,0,0,0,,0,0,0,0,0,0,0,0,0,0,,0,,,,,1,6.0,6.0
2008,REG+POST,00-0021508,,Greg Lewis,WR,WR,,11,PHI,0,0,0,0,0,0,0,0,0,0,0,0,,0,,,0,0,0,0,0,0,,0,20,20,245,1,0,0,193,52,13,17.2901792612598,0,1.26943005181347,0.0740740740740741,0.110538373424971,0.188487972508591,0,30.5,50.5
2008,REG+POST,00-0021525,,Casey Fitzsimmons,TE,TE,,8,DET,0,0,0,0,0,0,0,0,0,0,0,0,,0,,,0,0,0,0,0,0,,0,12,12,85,1,0,0,66,19,4,4.37163349764887,1,1.28787878787879,0.0794701986754967,0.0702127659574468,0.168354234183458,0,16.5,28.5
2008,REG+POST,00-0021547,A.Gates,Antonio Gates,TE,TE,"https://static.www.nfl.com/image/private/f_auto,q_auto/league/kndulvysinvn4tpvt0bc",17,LAC,0,0,0,0,0,0,0,0,0,0,0,0,,0,,,0,0,0,0,0,0,,0,73,73,850,8,1,1,541,309,46,72.0422403981842,0,1.57116451016636,0.212827988338192,0.22018722018722,0.473373036638343,0,131.0,204.0
2008,REG+POST,00-0021647,,Jerheme Urban,WR,WR,,17,ARI,1,1,18,0,0,0,0,0,0,15,3,1,1.6686476849427,0,1.2,,0,0,0,0,0,0,,0,40,40,496,4,0,0,304,192,22,41.8261503461161,0,1.63157894736842,0.0925925925925926,0.119968429360695,0.222866789441375,0,74.32,114.32
2008,REG+POST,00-0021678,,Tony Romo,QB,QB,"https://static.www.nfl.com/image/private/f_auto,q_auto/league/rdgaxf7djip2ovlkeqjk",13,DAL,276,451,3448,26,14,20,123,8,4,4103,1579,150,48.2030917464202,0,0.840360711674385,0.101877128511563,28,41,0,5,3,4,-31.0975045912613,0,0,0,0,0,0,0,0,0,0,,0,,,,,0,204.02,204.02
2008,REG+POST,00-0021755,,Earnest Graham,RB,RB,,10,TB,1,1,3,1,0,0,0,0,0,3,0,1,1.1628254193929,0,1.0,,132,563,4,2,2,26,-14.7823456624586,0,23,23,174,0,0,0,50,124,6,8.51755740252242,0,3.48,0.125,0.0520291363163372,0.223920395421436,0,97.82,120.82
2008,REG+POST,00-0021756,,Will Heller,TE,TE,,3,SEA,0,0,0,0,0,0,0,0,0,0,0,0,,0,,,0,0,0,0,0,0,,0,4,4,29,0,1,1,19,10,1,-2.30678452062421,0,1.52631578947368,0.08,0.0581039755351682,0.160672782874618,0,0.9,4.9
2008,REG+POST,00-0021845,,Cecil Sapp,RB,RB,,2,HOU,0,0,0,0,0,0,0,0,0,0,0,0,,0,,,2,-3,0,0,0,0,-2.81815268541686,0,0,0,0,0,0,0,0,0,0,,0,,,,,0,-0.3,-0.3
2008,REG+POST,00-0021915,,Sam Aiken,WR,WR,,7,NE,0,0,0,0,0,0,0,0,0,0,0,0,,0,,,0,0,0,0,0,0,,0,8,8,101,0,0,0,21,80,5,7.91147742030444,0,4.80952380952381,0.0506329113924051,0.0253929866989117,0.0937244577778458,0,10.1,18.1
2008,REG+POST,00-0021929,,Donald Lee,TE,TE,,14,GB,0,0,0,0,0,0,0,0,0,0,0,0,,0,,,0,0,0,0,0,0,,0,39,39,303,5,0,0,196,107,12,18.899960482708,0,1.54591836734694,0.130872483221477,0.0914605692953803,0.260331123338981,0,60.3,99.3
2008,REG+POST,00-0021931,,Kevin Walter,WR,WR,,16,HOU,0,0,0,0,0,0,0,0,0,0,0,0,,0,,,3,23,0,0,0,3,3.49297139811097,0,60,60,899,8,0,0,593,306,39,73.5362570747652,0,1.51602023608769,0.163487738419619,0.23959595959596,0.4129487793466,0,140.2,200.2
2008,REG+POST,00-0021955,,Dan Klecko,RB,RB,,5,PHI,0,0,0,0,0,0,0,0,0,0,0,0,,0,,,0,0,0,0,0,0,,0,6,6,36,0,0,0,11,25,2,0.255139500019141,0,3.27272727272727,0.0491803278688525,0.0176282051282051,0.0861102353930223,0,3.6,9.6
2008,REG+POST,00-0021976,,Larry Johnson,RB,RB,,12,KC,1,1,4,1,0,0,0,0,0,4,0,1,1.16012657253305,0,1.0,,193,874,5,5,1,44,-12.6612956170595,0,12,12,74,0,0,0,-20,94,3,0.213909920741571,0,-3.7,0.116504854368932,-0.0458715596330275,0.142647189810279,0,126.96,138.96
2008,REG+POST,00-0021980,,George Wrighster,TE,TE,,1,JAX,0,0,0,0,0,0,0,0,0,0,0,0,,0,,,0,0,0,0,0,0,,0,2,2,35,0,0,0,17,18,1,2.42296499497024,0,2.05882352941176,0.0714285714285714,0.116438356164384,0.188649706457926,0,3.5,5.5
2008,REG+POST,00-0021981,,Shaun McDonald,WR,WR,,10,DET,0,0,0,0,0,0,0,0,0,0,0,0,,0,,,0,0,0,0,0,0,,0,35,35,339,1,1,1,271,68,18,19.7886147987107,0,1.25092250922509,0.18716577540107,0.219433198380567,0.434351901968001,0,37.9,72.9
2008,REG+POST,00-0021982,,Justin Gage,WR,WR,,12,TEN,0,0,0,0,0,0,0,0,0,0,0,0,,0,,,0,0,0,0,0,0,,0,44,44,786,6,0,0,579,207,36,78.4961258912973,0,1.35751295336788,0.198198198198198,0.40546218487395,0.581120826709062,0,114.6,158.6
2008,REG+POST,00-0021999,,Nate Burleson,WR,WR,,1,SEA,0,0,0,0,0,0,0,0,0,0,0,0,,0,,,0,0,0,0,0,0,,0,5,5,60,1,0,0,53,7,4,5.99252371722832,0,1.13207547169811,0.294117647058824,0.381294964028777,0.708082945408379,0,12.0,17.0
2008,REG+POST,00-0022001,,Kevin Curtis,WR,WR,,12,PHI,0,0,0,0,0,0,0,0,0,0,0,0,,0,,,0,0,0,0,0,0,,0,45,45,601,2,0,0,439,162,28,52.544352437224,0,1.36902050113895,0.168539325842697,0.255529685681025,0.431679768740762,0,72.1,117.1
2008,REG+POST,00-0022003,,B.J. Askew,FB,RB,,8,TB,0,0,0,0,0,0,0,0,0,0,0,0,,0,,,7,14,2,0,0,6,4.81475874118041,0,13,13,66,0,0,0,-3,69,3,1.02115081122611,0,-22.0,0.0783132530120482,-0.0051457975986277,0.113867821199033,0,20.0,33.0
2008,REG+POST,00-0022005,,Chris Simms,QB,QB,,1,TEN,1,2,7,0,0,1,10,0,0,50,1,1,-2.29745652235579,0,0.14,,0,0,0,0,0,0,,0,0,0,0,0,0,0,0,0,0,,0,,,,,0,0.28,0.28
2008,REG+POST,00-0022011,,Justin Griffith,RB,RB,,6,LV,0,0,0,0,0,0,0,0,0,0,0,0,,0,,,2,2,0,0,0,1,-0.238325370708481,0,9,9,85,1,0,0,38,47,4,6.29927792923991,0,2.23684210526316,0.109756097560976,0.0969387755102041,0.232491289198606,0,14.7,23.7
2008,REG+POST,00-0022026,,Brooks Bollinger,QB,QB,,2,DAL,10,17,71,1,1,3,22,0,0,121,16,4,-7.15438795753289,0,0.586776859504132,0.0298808810729046,0,0,0,0,0,0,,0,0,0,0,0,0,0,0,0,0,,0,,,,,0,4.84,4.84
2008,REG+POST,00-0022039,,Ken Dorsey,QB,QB,,4,CLE,43,91,374,0,7,5,43,0,0,622,160,19,-49.3549013857185,0,0.601286173633441,-0.032724142048924,2,0,0,2,0,0,-2.17394055286422,0,0,0,0,0,0,0,0,0,0,,0,,,,,0,0.96,0.96
2008,REG+POST,00-0022041,,Richard Angulo,TE,TE,,6,JAX,0,0,0,0,0,0,0,0,0,0,0,0,,0,,,0,0,0,0,0,0,,0,8,8,63,0,0,0,39,24,1,3.18615618761396,0,1.61538461538462,0.0645161290322581,0.0461538461538462,0.129081885856079,0,6.3,14.3
2008,REG+POST,00-0022044,,Andre Johnson,WR,WR,,16,HOU,0,0,0,0,0,0,0,0,0,0,0,0,,0,,,0,0,0,0,0,0,,0,115,115,1575,8,1,1,1078,497,79,123.1418722481,1,1.46103896103896,0.313351498637602,0.435555555555556,0.774916136845292,0,205.5,320.5
2008,REG+POST,00-0022054,,Visanthe Shiancoe,TE,TE,,17,MIN,0,0,0,0,0,0,0,0,0,0,0,0,,0,,,0,0,0,0,0,0,,0,43,43,603,7,0,0,423,180,30,55.5479482751456,0,1.42553191489362,0.151943462897527,0.229766431287344,0.38875169624743,0,102.3,145.3
2008,REG+POST,00-0022055,,Seneca Wallace,QB,QB,,9,SEA,141,242,1532,11,3,14,76,3,2,1849,750,72,15.6016586270351,0,0.828555976203353,0.0539912467048611,16,78,0,1,1,5,-1.49705442802594,0,0,0,0,0,0,0,0,0,0,,0,,,,,0,101.08,101.08
2008,REG+POST,00-0022064,,Arnaz Battle,WR,WR,,8,SF,0,0,0,0,0,0,0,0,0,0,0,0,,0,,,1,18,0,0,0,1,1.02458738686983,0,24,24,318,0,0,0,175,143,18,32.9553959732293,0,1.81714285714286,0.167832167832168,0.204439252336449,0.394855728383766,0,33.6,57.6
2008,REG+POST,00-0022084,,Anquan Boldin,WR,WR,"https://static.www.nfl.com/image/private/f_auto,q_auto/league/ajabgwxbliupgkwjbnut",15,ARI,0,0,0,0,0,0,0,0,0,0,0,0,,0,,,9,67,0,1,0,3,0.769426402944827,0,103,103,1228,12,3,3,524,704,61,93.8388501113698,0,2.34351145038168,0.258145363408521,0.214314928425358,0.537238495010532,0,195.5,298.5
2008,REG+POST,00-0022093,,Justin Fargas,RB,RB,,14,LV,0,0,0,0,0,0,0,0,0,0,0,0,,0,,,219,855,1,3,1,32,-39.7591600624437,0,10,10,52,0,0,0,-7,59,2,0.745506607810967,0,-7.42857142857143,0.0952380952380952,-0.0109204368174727,0.135212837084912,0,94.7,104.7
2008,REG+POST,00-0022097,,Brandon Lloyd,WR,WR,,10,CHI,0,0,0,0,0,0,0,0,0,0,0,0,,0,,,0,0,0,0,0,0,,0,26,26,364,2,0,0,302,62,17,33.0612289831042,1,1.20529801324503,0.145251396648045,0.353216374269006,0.465128556960371,1,56.4,82.4
2008,REG+POST,00-0022121,,Rex Grossman,QB,QB,,3,CHI,33,63,257,2,2,2,8,0,0,537,103,12,-20.5400567470457,0,0.478584729981378,-0.0079223864883086,3,4,2,0,0,3,2.48083780208253,0,0,0,0,0,0,0,0,0,0,,0,,,,,0,26.68,26.68
2008,REG+POST,00-0022126,,L.J. Smith,TE,TE,,14,PHI,0,0,0,0,0,0,0,0,0,0,0,0,,0,,,0,0,0,0,0,0,,0,40,40,315,3,0,0,130,185,17,23.545365572907,0,2.42307692307692,0.124223602484472,0.0645161290322581,0.231496694049289,0,49.5,89.5
2008,REG+POST,00-0022127,J.Witten,Jason Witten,TE,TE,"https://static.www.nfl.com/image/private/f_auto,q_auto/league/r7uafhtwuexuaty0nhsc",15,DAL,1,1,42,0,0,0,0,0,0,25,17,1,2.98733907414135,0,1.68,,0,0,0,0,0,0,,0,81,81,952,4,0,0,560,392,50,71.346434860356,0,1.7,0.25796178343949,0.266159695817491,0.573254462231479,0,120.88,201.88
2008,REG+POST,00-0022135,,Billy McMullen,WR,WR,,2,SEA,0,0,0,0,0,0,0,0,0,0,0,0,,0,,,0,0,0,0,0,0,,0,7,7,124,0,1,1,105,19,4,3.43310723407194,0,1.18095238095238,0.233333333333333,0.446808510638298,0.662765957446808,0,10.4,17.4
2008,REG+POST,00-0022143,,Ovie Mughelli,FB,RB,,9,ATL,0,0,0,0,0,0,0,0,0,0,0,0,,0,,,5,16,0,0,0,4,0.937911974149756,0,8,8,57,0,0,0,15,42,2,1.2742214933387,0,3.8,0.0824742268041237,0.0309917355371901,0.145405555082219,0,7.3,15.3
2008,REG+POST,00-0022144,,Bobby Wade,WR,WR,,16,MIN,0,0,0,0,0,0,0,0,0,0,0,0,,0,,,0,0,0,0,0,0,,0,56,56,669,2,2,0,433,236,34,48.8295321683266,0,1.54503464203233,0.209737827715356,0.250144425187753,0.489707839204461,0,78.9,134.9
2008,REG+POST,00-0022156,,Bryant Johnson,WR,WR,,13,SF,0,0,0,0,0,0,0,0,0,0,0,0,,0,,,0,0,0,0,0,0,,0,45,45,546,3,0,0,400,146,28,40.6795038347191,0,1.365,0.174418604651163,0.234192037470726,0.425562333206252,0,72.6,117.6
2008,REG+POST,00-0022158,,Donald Strickland,DB,DB,,1,SF,0,0,0,0,0,0,0,0,0,0,0,0,,0,,,0,0,0,0,0,0,,0,0,0,0,0,0,0,0,0,0,,0,,,,,1,6.0,6.0
2008,REG+POST,00-0022165,,Dallas Clark,TE,TE,,16,IND,0,0,0,0,0,0,0,0,0,0,0,0,,0,,,1,9,0,0,0,1,1.10846985457465,0,84,84,881,6,2,1,490,391,43,70.9098388018664,0,1.79795918367347,0.214285714285714,0.199349064279902,0.460972916424503,0,123.0,207.0
2008,REG+POST,00-0022171,,Kelley Washington,WR,WR,,1,NE,0,0,0,0,0,0,0,0,0,0,0,0,,0,,,0,0,0,0,0,0,,0,1,1,3,0,0,0,-3,6,1,0.121483877650462,0,0.0,0.05,-0.0272727272727273,0.0559090909090909,0,0.3,1.3
2008,REG+POST,00-0022177,,Byron Leftwich,QB,QB,,6,PIT,21,37,303,2,0,3,22,0,0,427,122,17,15.4984830025317,0,0.7096018735363,0.22919742286707,8,5,1,0,0,1,1.46805426926585,0,0,0,0,0,0,0,0,0,0,,0,,,,,0,26.62,26.62
2008,REG+POST,00-0022178,,Willis McGahee,RB,RB,,16,BAL,0,0,0,0,0,0,0,0,0,0,0,0,,0,,,209,825,9,2,2,41,-12.1451966160726,0,28,28,199,0,2,2,10,189,8,-0.249361892968833,0,19.9,0.121739130434783,0.0064020486555697,0.187090129711073,0,148.4,176.4
2008,REG+POST,00-0022181,,Drew Henson,QB,QB,,2,DET,1,2,20,0,0,3,25,2,0,24,0,1,-1.29529266737518,0,0.833333333333333,,0,0,0,0,0,0,,0,0,0,0,0,0,0,0,0,0,,0,,,,,0,0.8,0.8
2008,REG+POST,00-0022217,,Mewelde Moore,RB,RB,,17,PIT,0,0,0,0,0,0,0,0,0,0,0,0,,0,,,145,613,5,0,0,37,-6.4324037930288,0,44,44,345,1,1,0,91,254,17,14.0450673199219,0,3.79120879120879,0.149659863945578,0.0445859872611465,0.25569998700117,0,131.8,175.8
2008,REG+POST,00-0022250,,Willie Parker,RB,RB,,14,PIT,0,0,0,0,0,0,0,0,0,0,0,0,,0,,,279,1035,7,1,1,41,-27.635425292945,0,6,6,11,0,0,0,-12,23,0,-3.34727174328873,0,-0.916666666666667,0.0517241379310345,-0.0235294117647059,0.0611156186612576,0,144.6,150.6
2008,REG+POST,00-0022277,,John Standeford,WR,WR,,7,DET,0,0,0,0,0,0,0,0,0,0,0,0,,0,,,0,0,0,0,0,0,,0,15,15,244,0,1,1,188,56,8,14.8524246272864,0,1.29787234042553,0.131578947368421,0.245751633986928,0.369394564843481,0,22.4,37.4
2008,REG+POST,00-0022288,,Jason Wright,RB,RB,,12,CLE,0,0,0,0,0,0,0,0,0,0,0,0,,0,,,23,85,0,0,0,7,-1.17216276098043,0,22,22,156,1,1,0,28,118,7,3.02567993916592,0,5.57142857142857,0.165413533834586,0.0369393139841689,0.273977820540798,0,30.1,52.1
2008,REG+POST,00-0022397,,Vonta Leach,FB,RB,,10,HOU,0,0,0,0,0,0,0,0,0,0,0,0,,0,,,1,1,1,0,0,1,1.55884983710712,0,12,12,103,0,0,0,58,45,2,5.71211104351096,0,1.77586206896552,0.0489795918367347,0.0401106500691563,0.101546842803511,0,16.4,28.4
2008,REG+POST,00-0022403,,Brandon Middleton,WR,WR,,1,DET,0,0,0,0,0,0,0,0,0,0,0,0,,0,,,0,0,0,0,0,0,,0,1,1,23,0,0,0,21,2,1,4.01182471774519,0,1.0952380952381,0.0909090909090909,0.133757961783439,0.229994209612044,0,2.3,3.3
2008,REG+POST,00-0022405,,Lousaka Polite,FB,RB,,9,MIA,0,0,0,0,0,0,0,0,0,0,0,0,,0,,,26,100,0,0,0,18,9.16032789595192,0,6,6,24,0,0,0,-2,26,1,0.781504455042584,0,-12.0,0.0740740740740741,-0.0054054054054054,0.107327327327327,0,12.4,18.4
2008,REG+POST,00-0022414,,Malcom Floyd,WR,WR,"https://static.www.nfl.com/image/private/f_auto,q_auto/league/or8gm79eaonksxe8gl0t",9,LAC,0,0,0,0,0,0,0,0,0,0,0,0,,0,,,0,0,0,0,0,0,,0,27,27,465,4,0,0,418,47,21,45.4026492743147,0,1.11244019138756,0.140625,0.308714918759232,0.427037943131462,0,70.5,97.5
2008,REG+POST,00-0022421,,Ruvell Martin,WR,WR,,8,GB,0,0,0,0,0,0,0,0,0,0,0,0,,0,,,0,0,0,0,0,0,,0,15,15,149,1,0,0,105,44,9,12.8763519170752,1,1.41904761904762,0.0837988826815642,0.0757575757575758,0.178728627052649,0,22.9,37.9
2008,REG+POST,00-0022427,,Wes Welker,WR,WR,"https://static.www.nfl.com/image/private/f_auto,q_auto/league/rgjwexzif36vncjfdwap",16,NE,0,0,0,0,0,0,0,0,0,0,0,0,,0,,,2,26,0,0,0,1,2.55154556618072,0,112,113,1165,3,1,1,415,750,57,83.6669885557665,1,2.80722891566265,0.330409356725146,0.242690058479532,0.665497076023392,0,137.1,249.1
2008,REG+POST,00-0022434,,Carey Davis,RB,RB,,11,PIT,0,0,0,0,0,0,0,0,0,0,0,0,,0,,,13,35,0,0,0,2,-6.38106136652641,0,10,10,60,0,1,0,13,47,2,-0.864076707803179,0,4.61538461538462,0.078125,0.018978102189781,0.130472171532847,0,9.5,19.5
2008,REG+POST,00-0022483,,Jason Rader,TE,TE,,1,ATL,0,0,0,0,0,0,0,0,0,0,0,0,,0,,,0,0,0,0,0,0,,0,1,1,26,0,1,1,17,9,0,-4.60571681312285,0,1.52941176470588,0.0666666666666667,0.175257731958763,0.222680412371134,0,0.6,1.6
2008,REG+POST,00-0022529,,Luke Lawton,FB,RB,,4,LV,0,0,0,0,0,0,0,0,0,0,0,0,,0,,,0,0,0,0,0,0,,0,6,6,30,0,0,0,7,19,3,0.508849495381583,0,4.28571428571429,0.0923076923076923,0.0170316301703163,0.15038367958076,0,3.0,9.0
2008,REG+POST,00-0022555,,Ben Utecht,TE,TE,,8,CIN,0,0,0,0,0,0,0,0,0,0,0,0,,0,,,0,0,0,0,0,0,,0,16,16,123,0,1,0,75,48,8,5.26065911007945,0,1.64,0.0987654320987654,0.112781954887218,0.227095516569201,0,12.3,28.3
2008,REG+POST,00-0022613,,Glenn Martinez,WR,WR,,2,DEN,0,0,0,0,0,0,0,0,0,0,0,0,,0,,,0,0,0,0,0,0,,0,3,3,32,0,0,0,32,0,2,3.6589265819639,0,1.0,0.0681818181818182,0.168421052631579,0.220167464114833,0,3.2,6.2
2008,REG+POST,00-0022684,D.Jones,Donnie Jones,P,SPEC,"https://static.www.nfl.com/image/private/f_auto,q_auto/league/qds7simibz6lt6ckf5yo",1,LA,0,1,0,0,0,0,0,0,0,11,0,0,-2.16074769035913,0,0.0,,0,0,0,0,0,0,,0,0,0,0,0,0,0,0,0,0,,0,,,,,0,0.0,0.0
2008,REG+POST,00-0022701,,D.J. Hackett,WR,WR,,6,CAR,0,0,0,0,0,0,0,0,0,0,0,0,,0,,,0,0,0,0,0,0,,0,13,13,181,0,1,1,111,70,7,8.61310670319657,0,1.63063063063063,0.138297872340426,0.149193548387097,0.311882292381606,0,16.1,29.1
2008,REG+POST,00-0022706,,Michael Gaines,TE,TE,,11,DET,0,0,0,0,0,0,0,0,0,0,0,0,,0,,,0,0,0,0,0,0,,0,23,23,260,1,3,2,173,87,13,8.38329450492165,0,1.5028901734104,0.118556701030928,0.118737131091283,0.26095104331029,0,28.0,51.0
2008,REG+POST,00-0022724,,Sean McHugh,TE,TE,,3,PIT,0,0,0,0,0,0,0,0,0,0,0,0,,0,,,0,0,0,0,0,0,,0,3,3,24,0,0,0,12,12,1,0.817973314784467,0,2.0,0.036144578313253,0.0252631578947368,0.0719010779961953,0,2.4,5.4
2008,REG+POST,00-0022725,,Michael Clayton,WR,WR,,14,TB,0,0,0,0,0,0,0,0,0,0,0,0,,0,,,2,5,0,0,0,0,-0.642428773106076,0,38,38,484,1,1,1,296,188,21,31.0048963839717,0,1.63513513513514,0.119122257053292,0.150177574835109,0.283807687964514,0,52.9,90.9
2008,REG+POST,00-0022726,,Keary Colbert,WR,WR,,10,DET,0,0,0,0,0,0,0,0,0,0,0,0,,0,,,0,0,0,0,0,0,,0,12,12,116,1,0,0,73,43,8,13.9545026282431,0,1.58904109589041,0.0769230769230769,0.0851808634772462,0.175011219818688,0,17.6,29.6
2008,REG+POST,00-0022736,,Steven Jackson,RB,RB,"https://static.www.nfl.com/image/private/f_auto,q_auto/league/abl5wejuf448xw3jtphm",12,LA,0,0,0,0,0,0,0,0,0,0,0,0,,0,,,254,1043,7,5,3,58,-26.4287749809093,0,40,41,379,1,0,0,44,343,15,22.8552673366904,0,8.61363636363636,0.209183673469388,0.0388007054673721,0.340936004031242,0,184.2,224.2
2008,REG+POST,00-0022738,,Chris Cooley,TE,TE,,16,WAS,0,0,0,0,0,0,0,0,0,0,0,0,,0,,,0,0,0,0,0,0,,0,83,83,849,1,3,2,374,475,43,47.1709928466122,0,2.27005347593583,0.260188087774295,0.252021563342318,0.566697226001065,0,86.9,169.9
2008,REG+POST,00-0022739,,Devard Darling,WR,WR,,12,KC,0,0,0,0,0,0,0,0,0,0,0,0,,0,,,0,0,0,0,0,0,,0,17,17,247,1,0,0,152,95,8,15.329847355315,0,1.625,0.0739130434782609,0.101808439383791,0.182135472786045,0,30.7,47.7
2008,REG+POST,00-0022744,,Jim Sorgi,QB,QB,,1,IND,22,30,178,0,0,0,0,0,0,141,120,10,2.21508269209526,0,1.26241134751773,0.123270569819069,5,8,0,0,0,1,-0.515403947792947,0,0,0,0,0,0,0,0,0,0,,0,,,,,0,7.92,7.92
2008,REG+POST,00-0022746,,Jeff Dugan,TE,TE,,4,MIN,0,0,0,0,0,0,0,0,0,0,0,0,,0,,,4,7,0,0,0,4,2.06116999080405,0,2,2,12,0,0,0,-3,15,1,0.817895229207352,0,0.0,0.0625,-0.0129310344827586,0.084698275862069,0,1.9,3.9
2008,REG+POST,00-0022766,,Patrick Crayton,WR,WR,,14,DAL,0,1,0,0,0,0,0,0,0,48,0,0,-0.490380812902004,0,0.0,,1,11,0,0,0,1,0.911039458820596,0,39,39,550,4,1,0,340,203,24,48.3553381214425,0,1.61764705882353,0.142857142857143,0.183783783783784,0.342934362934363,0,80.1,119.1
2008,REG+POST,00-0022770,,Derrick Ward,RB,RB,,17,NYG,0,0,0,0,0,0,0,0,0,0,0,0,,0,,,194,1071,2,2,0,55,14.9639732659142,0,46,46,408,0,0,0,-27,435,15,15.0712876575783,0,-15.1111111111111,0.146964856230032,-0.0121402877697842,0.211949082906199,0,159.9,205.9
2008,REG+POST,00-0022781,,Michael Jenkins,WR,WR,,16,ATL,0,0,0,0,0,0,0,0,0,0,0,0,,0,,,0,0,0,0,0,0,,0,55,55,828,3,0,0,647,181,39,66.1047217387982,1,1.27975270479134,0.197841726618705,0.306489815253434,0.511305460605462,0,102.8,157.8
2008,REG+POST,00-0022782,,Kevin Jones,RB,RB,,8,CHI,0,0,0,0,0,0,0,0,0,0,0,0,,0,,,34,109,0,0,0,7,-6.46234929841012,0,2,2,5,0,0,0,-6,11,0,-0.963036538101733,0,-0.833333333333333,0.0833333333333333,-0.0319148936170213,0.102659574468085,0,11.4,13.4
2008,REG+POST,00-0022787,M.Schaub,Matt Schaub,QB,QB,"https://static.www.nfl.com/image/private/f_auto,q_auto/league/mj2kh2nddxnw04ludcx0",11,HOU,251,380,3043,15,10,23,149,6,4,2891,1340,146,35.3555372667319,1,1.05257696298859,0.129872008529969,31,68,2,4,0,9,5.16861863894155,0,0,0,0,0,0,0,0,0,0,,0,,,,,0,174.52,174.52
2008,REG+POST,00-0022796,,Mike Karney,FB,RB,,9,NO,0,0,0,0,0,0,0,0,0,0,0,0,,0,,,8,10,2,0,0,5,2.88221680029528,0,9,9,18,0,0,0,-5,23,1,-2.80604403227335,0,-3.6,0.0535714285714286,-0.007278020378457,0.0752625285922229,0,14.8,23.8
2008,REG+POST,00-0022797,,Thomas Tapeh,RB,RB,,1,MIN,0,0,0,0,0,0,0,0,0,0,0,0,,0,,,0,0,0,0,0,0,,0,1,1,7,0,0,0,3,4,0,0.357100308407098,0,2.33333333333333,0.0625,0.0272727272727273,0.112840909090909,0,0.7,1.7
2008,REG+POST,00-0022803,E.Manning,Eli Manning,QB,QB,"https://static.www.nfl.com/image/private/f_auto,q_auto/league/w51tf8uedjftbr4qpaex",17,NYG,304,508,3407,21,12,27,174,5,2,4570,1272,177,34.6173487282029,1,0.745514223194748,0.0823884858675207,21,10,1,0,0,4,-10.5742948172265,0,0,0,0,0,0,0,0,0,0,,0,,,,,0,201.28,201.28
2008,REG+POST,00-0022807,,Bernard Berrian,WR,WR,,15,MIN,0,0,0,0,0,0,0,0,0,0,0,0,,0,,,4,26,0,0,0,2,1.48327332525514,0,50,50,1000,7,0,0,656,344,36,87.149288096989,0,1.52439024390244,0.197628458498024,0.376578645235362,0.560047739411789,1,150.6,200.6
2008,REG+POST,00-0022811,,Jerricho Cotchery,WR,WR,"https://static.www.nfl.com/image/private/f_auto,q_auto/league/hkq2dmfj7mbgbuejiloy",16,NYJ,0,0,0,0,0,0,0,0,0,0,0,0,,0,,,2,8,0,0,0,0,-0.222593175247312,0,71,71,858,5,2,1,526,327,43,73.0716747158667,1,1.63117870722433,0.203438395415473,0.302820955670697,0.517132262092697,0,116.6,187.6
2008,REG+POST,00-0022817,,Sean Ryan,TE,TE,,2,SF,0,0,0,0,0,0,0,0,0,0,0,0,,0,,,0,0,0,0,0,0,,0,3,3,15,0,0,0,11,4,0,0.317757037351839,0,1.36363636363636,0.0535714285714286,0.0325443786982249,0.1031382079459,0,1.5,4.5
2008,REG+POST,00-0022821,,Michael Turner,RB,RB,,17,ATL,0,0,0,0,0,0,0,0,0,0,0,0,,0,,,395,1741,18,2,2,88,-10.4578876948643,0,7,7,48,0,0,0,9,39,2,1.35948286403436,0,5.33333333333333,0.07,0.0164533820840951,0.116517367458867,0,282.9,289.9
2008,REG+POST,00-0022840,,Julius Jones,RB,RB,,14,SEA,0,0,0,0,0,0,0,0,0,0,0,0,,0,,,158,698,2,3,2,29,-18.4419697903013,0,14,14,66,0,0,0,-24,90,4,-3.41611858340912,0,-2.75,0.100719424460432,-0.034833091436865,0.126695972684842,0,84.4,98.4
2008,REG+POST,00-0022847,,Ben Hartsock,TE,TE,,3,ATL,0,0,0,0,0,0,0,0,0,0,0,0,,0,,,0,0,0,0,0,0,,0,3,3,26,0,0,0,12,14,1,0.888277456979267,0,2.16666666666667,0.0638297872340426,0.0745341614906832,0.147918593894542,0,2.6,5.6
2008,REG+POST,00-0022864,L.McCown,Luke McCown,QB,QB,"https://static.www.nfl.com/image/private/f_auto,q_auto/league/pj2lbdhplppzlywlzsbr",2,TB,0,0,0,0,0,0,0,0,0,0,0,0,,0,,,3,15,0,0,0,0,-0.672439855523408,0,0,0,0,0,0,0,0,0,0,,0,,,,,0,1.5,1.5
2008,REG+POST,00-0022882,,Mark Jones,WR,WR,,2,CAR,0,0,0,0,0,0,0,0,0,0,0,0,,0,,,0,0,0,0,0,0,,0,2,2,32,0,0,0,30,2,2,3.36645498755388,0,1.06666666666667,0.0588235294117647,0.112359550561798,0.166886979510905,0,3.2,5.2
2008,REG+POST,00-0022886,,Casey Cramer,FB,RB,,2,MIA,0,0,0,0,0,0,0,0,0,0,0,0,,0,,,0,0,0,0,0,0,,0,2,2,3,1,0,0,3,0,1,0.66721763293026,0,1.0,0.0465116279069768,0.0104895104895105,0.0771100992031225,0,6.3,8.3
2008,REG+POST,00-0022889,,Reggie Williams,WR,WR,,14,JAX,0,0,0,0,0,0,0,0,0,0,0,0,,0,,,1,0,0,0,0,0,-0.710480152629316,0,38,38,375,3,0,0,285,90,23,28.406986665137,0,1.31578947368421,0.125,0.146907216494845,0.290335051546392,0,55.5,93.5
2008,REG+POST,00-0022893,,Tatum Bell,RB,RB,,6,DEN,0,0,0,0,0,0,0,0,0,0,0,0,,0,,,44,249,2,0,0,11,2.81777452444658,0,10,10,57,0,0,0,-5,62,3,0.638185861986131,0,-11.4,0.078740157480315,-0.0059594755661501,0.113938603324167,0,42.6,52.6
2008,REG+POST,00-0022897,,Greg Jones,RB,RB,,8,JAX,0,0,0,0,0,0,0,0,0,0,0,0,,0,,,2,13,0,0,0,1,-1.61281599517679,0,13,13,116,1,0,0,21,95,6,9.54041051142849,0,5.52380952380952,0.0807453416149068,0.0218522372528616,0.136414578499363,0,18.9,31.9
2008,REG+POST,00-0022901,,Ernest Wilford,WR,WR,,2,MIA,0,0,0,0,0,0,0,0,0,0,0,0,,0,,,0,0,0,0,0,0,,0,3,3,25,0,0,0,14,11,2,2.51758679607883,0,1.78571428571429,0.0731707317073171,0.0576131687242798,0.150085315667971,0,2.5,5.5
2008,REG+POST,00-0022907,,Nate Lawrie,TE,TE,,1,CIN,0,0,0,0,0,0,0,0,0,0,0,0,,0,,,0,0,0,0,0,0,,0,2,2,11,0,0,0,0,11,0,-0.116460969671607,0,0.0,0.111111111111111,,,0,1.1,3.1
2008,REG+POST,00-0022909,,Roy Williams,WR,WR,,14,DAL,0,0,0,0,0,0,0,0,0,0,0,0,,0,,,1,13,0,0,0,1,1.21980633144267,0,36,36,430,2,0,0,298,132,26,37.8569183829977,0,1.44295302013423,0.129496402877698,0.173255813953488,0.315523674083989,0,56.3,92.3
2008,REG+POST,00-0022910,,Lee Evans,WR,WR,,15,BUF,0,0,0,0,0,0,0,0,0,0,0,0,,0,,,1,22,0,0,0,1,1.56401299580466,0,63,63,1017,3,2,1,774,243,46,76.1178779757732,1,1.31395348837209,0.215017064846416,0.411483253588517,0.610563874781586,0,121.9,184.9
2008,REG+POST,00-0022912,,J.P. Losman,QB,QB,,5,BUF,63,104,584,2,5,15,119,7,3,771,265,34,-40.8999247341472,0,0.75745784695201,0.0168312543469251,12,70,2,1,1,6,0.097493227745872,0,0,0,0,0,0,0,0,0,0,,0,,,,,0,32.36,32.36
2008,REG+POST,00-0022921,L.Fitzgerald,Larry Fitzgerald,WR,WR,"https://static.www.nfl.com/image/private/f_auto,q_auto/league/ycgjjaad5un42gy4pnga",20,ARI,0,0,0,0,0,0,0,0,0,0,0,0,,0,,,0,0,0,0,0,0,,0,126,126,1980,19,1,0,1266,714,87,174.340793008072,0,1.56398104265403,0.24609375,0.399369085173502,0.648698984621451,0,312.0,438.0
2008,REG+POST,00-0022922,,Kellen Winslow,TE,TE,,10,CLE,0,0,0,0,0,0,0,0,0,0,0,0,,0,,,0,0,0,0,0,0,,0,43,43,428,3,1,1,283,145,25,37.7092764653936,0,1.51236749116608,0.27741935483871,0.338516746411483,0.653090754746103,0,58.8,101.8
2008,REG+POST,00-0022924,B.Roethlisberger,Ben Roethlisberger,QB,QB,"https://static.www.nfl.com/image/private/f_auto,q_auto/league/vziogpnyp9d0xtpiuqhr",19,PIT,336,559,4006,20,16,54,349,10,5,4927,1653,191,10.2474500257046,0,0.813070834179014,0.0600911691748947,40,101,2,4,2,8,-14.9462414201161,0,0,0,0,0,0,0,0,0,0,,0,,,,,0,216.34,216.34
2008,REG+POST,00-0022926,,Chris Perry,RB,RB,,11,CIN,0,0,0,0,0,0,0,0,0,0,0,0,,0,,,102,264,2,5,3,11,-44.5348559505073,0,21,21,76,0,0,0,5,71,5,0.875362403225154,0,15.2,0.0950226244343891,0.0044326241134751,0.145636773531016,0,40.0,61.0
2008,REG+POST,00-0022929,,Devery Henderson,WR,WR,,15,NO,0,0,0,0,0,0,0,0,0,0,0,0,,0,,,4,33,0,0,0,1,-2.41020658030175,0,32,32,793,3,1,0,524,266,27,65.5366257950082,0,1.51335877862595,0.0822622107969152,0.198936977980258,0.262649200781553,0,100.6,132.6
2008,REG+POST,00-0022942,P.Rivers,Philip Rivers,QB,QB,"https://static.www.nfl.com/image/private/f_auto,q_auto/league/voakyrtj34sghkwxaxxf",18,LAC,353,549,4529,37,13,33,211,6,4,4792,1951,216,141.489313181589,2,0.945116861435726,0.170705023111377,33,97,0,2,0,13,12.5976145608001,0,0,0,0,0,0,0,0,0,0,,0,,,,,0,308.86,308.86
2008,REG+POST,00-0022943,B.Watson,Benjamin Watson,TE,TE,"https://static.www.nfl.com/image/private/f_auto,q_auto/league/dorymozpdnrllkqlfzpu",10,NE,0,0,0,0,0,0,0,0,0,0,0,0,,0,,,0,0,0,0,0,0,,0,22,22,209,2,1,1,153,56,12,9.57191281917039,0,1.36601307189542,0.0920502092050209,0.121428571428571,0.223075313807531,0,30.9,52.9
2008,REG+POST,00-0022984,,Ryan Grant,RB,RB,,16,GB,0,0,0,0,0,0,0,0,0,0,0,0,,0,,,312,1203,4,4,3,53,-44.7756485232383,0,18,18,116,1,0,0,-33,149,3,2.94381946197245,0,-3.51515151515152,0.107784431137725,-0.0306691449814126,0.140208245219598,0,155.9,173.9
2008,REG+POST,00-0022999,J.Kuhn,John Kuhn,FB,RB,"https://static.www.nfl.com/image/private/f_auto,q_auto/league/nbcwgq2o0ymmx4czvr4b",9,GB,0,0,0,0,0,0,0,0,0,0,0,0,,0,,,8,10,1,0,0,5,-2.70618126806464,0,4,4,21,2,0,0,7,14,3,3.56160117441323,0,3.0,0.0454545454545455,0.010989010989011,0.0758741258741259,0,21.1,25.1
2008,REG+POST,00-0023060,,Chris Kluwe,P,SPEC,,1,MIN,0,0,0,0,0,0,0,0,0,0,0,0,,0,,,1,-7,0,0,0,0,-0.354477612534538,0,0,0,0,0,0,0,0,0,0,,0,,,,,0,-0.7,-0.7
2008,REG+POST,00-0023063,,Leonard Weaver,FB,RB,,14,SEA,0,0,0,0,0,0,0,0,0,0,0,0,,0,,,30,130,0,1,1,9,-5.28823267485402,0,20,20,222,2,0,0,22,200,6,15.152448044304,0,10.0909090909091,0.115606936416185,0.0257913247362251,0.191464331939635,0,45.2,65.2
2008,REG+POST,00-0023074,,Samkon Gado,RB,RB,,1,LA,0,0,0,0,0,0,0,0,0,0,0,0,,0,,,2,4,0,0,0,0,-0.579900390934199,0,1,1,-1,0,0,0,-3,2,0,-0.787547675892711,0,0.333333333333333,0.0909090909090909,-0.0576923076923077,0.095979020979021,0,0.3,1.3
2008,REG+POST,00-0023108,,Stephen Spach,TE,TE,,2,ARI,0,0,0,0,0,0,0,0,0,0,0,0,,0,,,0,0,0,0,0,0,,0,5,5,49,0,0,0,24,25,3,4.89076649409253,0,2.04166666666667,0.116279069767442,0.0916030534351145,0.238540742055743,0,4.9,9.9
2008,REG+POST,00-0023158,,Brock Berlin,QB,QB,,1,LA,1,3,6,0,0,0,0,0,0,47,2,0,-1.52293261932209,0,0.127659574468085,,0,0,0,0,0,0,,0,0,0,0,0,0,0,0,0,0,,0,,,,,0,0.24,0.24
2008,REG+POST,00-0023176,,Josh Cribbs,WR,WR,,14,CLE,1,4,8,0,0,0,0,0,0,85,0,1,-0.173407875932753,0,0.0941176470588235,,29,163,1,0,0,12,6.83200143302167,0,2,2,18,1,0,0,5,13,2,5.54402261058567,0,3.6,0.0714285714285714,0.0462962962962963,0.139550264550265,1,36.42,38.42
2008,REG+POST,00-0023179,,Tony Curtis,TE,TE,,7,DAL,0,0,0,0,0,0,0,0,0,0,0,0,,0,,,0,0,0,0,0,0,,0,8,8,32,0,1,0,14,18,0,-0.172213345475029,0,2.28571428571429,0.0526315789473684,0.0186666666666667,0.0920140350877193,0,3.2,11.2
2008,REG+POST,00-0023210,,Tory Humphrey,TE,TE,,7,GB,0,0,0,0,0,0,0,0,0,0,0,0,,0,,,0,0,0,0,0,0,,0,11,11,162,0,0,0,78,84,8,11.9292952744581,0,2.07692307692308,0.0748299319727891,0.0836012861736334,0.170765798280727,0,16.2,27.2
2008,REG+POST,00-0023251,,Kyle Eckel,RB,RB,,4,PHI,0,0,0,0,0,0,0,0,0,0,0,0,,0,,,24,79,0,0,0,6,-2.85027460881975,0,0,0,0,0,0,0,0,0,0,,0,,,,,0,7.9,7.9
2008,REG+POST,00-0023310,,Lance Moore,WR,WR,"https://static.www.nfl.com/image/private/f_auto,q_auto/league/bfjxc892mfkni8ywtheh",16,NO,0,1,0,0,1,0,0,0,0,17,0,0,-6.39443517301697,0,0.0,,0,0,0,0,0,0,,0,79,79,928,10,0,0,645,283,40,79.0749457916026,0,1.43875968992248,0.191283292978208,0.233865119651922,0.450630523223658,0,150.8,229.8
2008,REG+POST,00-0023367,,Nate Washington,WR,WR,,17,PIT,0,0,0,0,0,0,0,0,0,0,0,0,,0,,,6,19,0,0,0,1,-0.262516235699877,0,47,47,693,3,0,0,534,159,28,58.6267106902669,0,1.29775280898876,0.141141141141141,0.232882686436982,0.374729592217599,0,89.2,136.2
2008,REG+POST,00-0023384,,Zak Keasey,LB,LB,,2,SF,0,0,0,0,0,0,0,0,0,0,0,0,,0,,,0,0,0,0,0,0,,0,3,3,25,0,1,1,7,18,1,-2.637011756422,0,3.57142857142857,0.1,0.0445859872611465,0.181210191082803,0,0.5,3.5
2008,REG+POST,00-0023408,,Greg Camarillo,WR,WR,,11,MIA,0,0,0,0,0,0,0,0,0,0,0,0,,0,,,2,1,0,0,0,0,-0.74135723672808,0,55,55,613,2,0,0,449,164,31,42.9689247909992,0,1.3652561247216,0.236051502145923,0.257012020606754,0.533985667643612,0,73.4,128.4
2008,REG+POST,00-0023429,,Rashied Davis,WR,WR,,14,CHI,0,0,0,0,0,0,0,0,0,0,0,0,,0,,,3,14,0,0,0,1,-0.0336891709594056,0,35,35,445,2,0,0,293,152,21,36.5238511441858,0,1.51877133105802,0.130597014925373,0.185325743200506,0.325623542628414,0,57.9,92.9
2008,REG+POST,00-0023437,,Ronnie Brown,RB,RB,,17,MIA,2,3,31,1,0,1,8,0,0,46,0,1,2.59673697617836,0,0.673913043478261,,226,935,10,1,1,48,-13.0681824483502,0,39,39,297,1,0,0,37,260,14,14.3322263091104,0,8.02702702702703,0.114369501466276,0.0183988065638986,0.184433416794142,0,192.44,231.44
2008,REG+POST,00-0023438,,Braylon Edwards,WR,WR,,16,CLE,0,0,0,0,0,0,0,0,0,0,0,0,,0,,,0,0,0,0,0,0,,0,55,56,877,3,0,0,639,242,42,75.7457919887093,2,1.37245696400626,0.233333333333333,0.476510067114094,0.683557046979866,0,109.7,164.7
2008,REG+POST,00-0023439,,Cedric Benson,RB,RB,,12,CIN,0,0,0,0,0,0,0,0,0,0,0,0,,0,,,214,747,2,2,1,36,-35.6558406358072,0,20,20,185,0,0,0,-7,192,6,4.11352529510623,0,-26.4285714285714,0.10989010989011,-0.0089058524173028,0.158601068143053,0,103.2,123.2
2008,REG+POST,00-0023440,,Cadillac Williams,RB,RB,,6,TB,0,0,0,0,0,0,0,0,0,0,0,0,,0,,,63,233,4,1,0,17,1.27839101763675,0,7,7,43,0,0,0,2,41,2,1.442958783824,0,21.5,0.104477611940299,0.0058997050147492,0.160846211420772,0,51.6,58.6
2008,REG+POST,00-0023442,,Troy Williamson,WR,WR,,4,JAX,0,0,0,0,0,0,0,0,0,0,0,0,,0,,,1,1,0,0,0,0,-0.363909271778539,0,5,5,30,1,0,0,26,4,2,3.44802745480262,0,1.15384615384615,0.0531914893617021,0.0424143556280587,0.109477282982194,0,9.1,14.1
2008,REG+POST,00-0023443,,Antrel Rolle,SS,DB,"https://static.www.nfl.com/image/private/f_auto,q_auto/league/issrtvdibba1d0c1msjb",1,ARI,0,0,0,0,0,0,0,0,0,0,0,0,,0,,,0,0,0,0,0,0,,0,1,1,9,0,0,0,-1,10,1,0.586750819406007,0,0.0,0.0416666666666667,-0.0071942446043165,0.0574640287769784,0,0.9,1.9
2008,REG+POST,00-0023456,,Matt Jones,WR,WR,,12,JAX,0,0,0,0,0,0,0,0,0,0,0,0,,0,,,0,0,0,0,0,0,,0,64,64,750,2,1,1,524,226,45,70.9204983318123,0,1.43129770992366,0.247104247104247,0.317768344451183,0.593094211772199,0,85.0,149.0
2008,REG+POST,00-0023457,,Mark Clayton,WR,WR,,19,BAL,1,1,32,1,0,0,0,0,0,32,0,1,3.48390713369008,0,1.0,,7,97,1,0,0,4,6.66734536155127,0,47,47,774,3,0,0,590,184,26,65.585629193672,0,1.31186440677966,0.176691729323308,0.329057445621863,0.495377805920266,0,116.38,163.38
2008,REG+POST,00-0023459,A.Rodgers,Aaron Rodgers,QB,QB,"https://static.www.nfl.com/image/private/f_auto,q_auto/league/gnta8ufi2vdp967dui9e",16,GB,341,536,4038,28,13,34,231,6,3,4844,1526,182,77.9346596776816,2,0.833608587943848,0.127024735045472,56,207,4,4,0,21,6.9118860597664,0,0,0,0,0,0,0,0,0,0,,0,,,,,0,290.22,290.22
2008,REG+POST,00-0023460,,Jason Campbell,QB,QB,,16,WAS,315,506,3245,13,6,38,266,6,1,3316,1784,162,0.60010666987051,0,0.978588661037394,0.0534215131853774,47,258,1,0,0,15,7.80833547692958,0,0,0,0,0,0,0,0,0,0,,0,,,,,0,199.6,199.6
2008,REG+POST,00-0023462,,Roddy White,WR,WR,"https://static.www.nfl.com/image/private/f_auto,q_auto/league/f7dgklg6z49fbdltwuki",17,ATL,0,0,0,0,0,0,0,0,0,0,0,0,,0,,,2,4,0,0,0,0,-1.05844817310572,0,99,99,1466,8,1,1,1083,383,70,137.886295753124,0,1.35364727608495,0.34020618556701,0.485650224215247,0.850264435301188,0,193.0,292.0
2008,REG+POST,00-0023465,,Heath Miller,TE,TE,"https://static.www.nfl.com/image/private/f_auto,q_auto/league/iqw8fry4hgfvegs9nfuf",16,PIT,0,0,0,0,0,0,0,0,0,0,0,0,,0,,,0,0,0,0,0,0,,0,59,59,670,4,1,1,365,305,37,52.7320834016427,0,1.83561643835616,0.207017543859649,0.175903614457831,0.433658845909956,0,89.0,148.0
2008,REG+POST,00-0023470,,Reggie Brown,WR,WR,,8,PHI,0,0,0,0,0,0,0,0,0,0,0,0,,0,,,1,6,0,0,0,1,1.4314915498253,0,20,20,269,1,0,0,199,70,13,19.3165135061427,0,1.35175879396985,0.113636363636364,0.182736455463728,0.298370064279155,0,33.5,53.5
2008,REG+POST,00-0023474,,Mark Bradley,WR,WR,,8,KC,1,1,37,1,0,0,0,0,0,36,1,1,3.64740753325168,0,1.02777777777778,,0,0,0,0,0,0,,0,30,30,380,3,0,0,276,104,14,30.9956340539502,0,1.3768115942029,0.174418604651163,0.212471131639723,0.41035769912455,0,61.48,91.48
2008,REG+POST,00-0023479,,J.J. Arrington,RB,RB,,15,ARI,0,1,0,0,0,0,0,0,0,38,0,0,-0.480820593889803,0,0.0,,36,193,1,0,0,10,1.16833385981919,0,37,37,312,1,0,0,-14,326,18,18.3977250836842,0,-22.2857142857143,0.105413105413105,-0.0066666666666666,0.153452991452991,1,68.5,105.5
2008,REG+POST,00-0023490,,Roscoe Parrish,WR,WR,,12,BUF,0,0,0,0,0,0,0,0,0,0,0,0,,0,,,2,9,0,0,0,0,0.12579241709318,0,24,24,232,1,0,0,160,72,16,17.9530705974976,0,1.45,0.100840336134454,0.124707716289945,0.238555905604643,1,36.1,60.1
2008,REG+POST,00-0023492,,Justin Miller,DB,DB,,2,LV,0,0,0,0,0,0,0,0,0,0,0,0,,0,,,0,0,0,0,0,0,,0,0,0,0,0,0,0,0,0,0,,0,,,,,2,12.0,12.0
2008,REG+POST,00-0023496,,Vincent Jackson,WR,WR,"https://static.www.nfl.com/image/private/f_auto,q_auto/league/kdquag2thcfulvrs0cbz",16,LAC,0,0,0,0,0,0,0,0,0,0,0,0,,0,,,4,69,0,0,0,3,5.2753412151942,0,61,61,1147,8,1,1,942,205,53,100.206669992104,0,1.21762208067941,0.193037974683544,0.388293487221764,0.561362403080551,0,167.6,228.6
2008,REG+POST,00-0023500,F.Gore,Frank Gore,RB,RB,"https://static.www.nfl.com/image/private/f_auto,q_auto/league/lxxkhd2suyalrbruzut7",14,SF,0,0,0,0,0,0,0,0,0,0,0,0,,0,,,240,1036,6,6,3,45,-17.7068953624643,0,43,43,373,2,0,0,37,336,15,16.328674691009,1,10.0810810810811,0.164750957854406,0.0220369267421084,0.262552285501085,0,184.9,227.9
2008,REG+POST,00-0023502,,Charlie Frye,QB,QB,,1,SEA,12,23,83,2,2,3,19,0,0,165,42,5,-12.2717531480098,0,0.503030303030303,-0.0256303057521643,2,30,0,0,0,1,3.06618091434939,0,0,0,0,0,0,0,0,0,0,,0,,,,,0,10.32,10.32
2008,REG+POST,00-0023504,,Andrew Walter,QB,QB,,2,LV,22,49,204,0,3,5,39,1,0,300,132,11,-25.8565544528775,0,0.68,-0.0655966058653232,5,19,0,2,0,1,-3.11385906283977,0,0,0,0,0,0,0,0,0,0,,0,,,,,0,4.06,4.06
2008,REG+POST,00-0023506,,Alex Smith,TE,TE,"https://static.www.nfl.com/image/private/f_auto,q_auto/league/zcpxncjwcm6ggoiqt6ub",11,TB,0,0,0,0,0,0,0,0,0,0,0,0,,0,,,0,0,0,0,0,0,,0,21,21,250,3,0,0,118,132,15,23.7861346160062,1,2.11864406779661,0.0769230769230769,0.0751592356687898,0.167996080352768,0,45.0,66.0
2008,REG+POST,00-0023512,,Ryan Moats,RB,RB,,5,HOU,0,0,0,0,0,0,0,0,0,0,0,0,,0,,,26,94,1,0,0,6,-3.77841943263775,0,3,3,14,0,0,0,-1,15,0,-0.152234692417551,0,-14.0,0.111111111111111,-0.0053475935828877,0.162923351158645,0,16.8,19.8
2008,REG+POST,00-0023518,,Chris Henry,WR,WR,,10,CIN,0,0,0,0,0,0,0,0,0,0,0,0,,0,,,0,0,0,0,0,0,,0,19,19,220,2,0,0,187,33,12,20.0535735181184,0,1.17647058823529,0.0974358974358974,0.22209026128266,0.301617029051708,0,34.0,53.0
2008,REG+POST,00-0023519,,Ellis Hobbs,CB,DB,,1,NE,0,0,0,0,0,0,0,0,0,0,0,0,,0,,,0,0,0,0,0,0,,0,0,0,0,0,0,0,0,0,0,,0,,,,,1,6.0,6.0
2008,REG+POST,00-0023531,,Brandon Jones,WR,WR,,15,TEN,0,0,0,0,0,0,0,0,0,0,0,0,,0,,,2,35,0,0,0,1,2.36407509329729,0,43,43,465,1,0,0,354,111,26,34.9364913324825,0,1.3135593220339,0.16412213740458,0.224476854787571,0.40331700445817,0,56.0,99.0
2008,REG+POST,00-0023541,,Kyle Orton,QB,QB,,15,CHI,273,466,2979,19,12,27,160,3,2,3704,1387,142,-22.0080925012207,1,0.8042656587473,0.0291676012085055,24,49,3,3,3,8,-13.6902088151386,0,0,0,0,0,0,0,0,0,0,,0,,,,,0,186.06,186.06
2008,REG+POST,00-0023544,,Marion Barber,RB,RB,,15,DAL,0,0,0,0,0,0,0,0,0,0,0,0,,0,,,238,885,7,3,1,57,-19.7640406296705,0,52,52,417,2,4,2,3,414,17,9.20996376950072,0,139.0,0.168284789644013,0.0014333492594362,0.253430528947625,0,178.2,230.2
2008,REG+POST,00-0023545,,Brandon Jacobs,RB,RB,,14,NYG,0,0,0,0,0,0,0,0,0,0,0,0,,0,,,238,1181,15,3,1,62,10.3785051231592,0,6,6,36,0,0,0,9,27,0,1.32712916533103,0,4.0,0.0540540540540541,0.0102622576966933,0.0882646614687664,0,209.7,215.7
2008,REG+POST,00-0023560,,Todd Herremans,G,OL,"https://static.www.nfl.com/image/private/f_auto,q_auto/league/cfpuccfslanowlsv1ljy",1,PHI,0,0,0,0,0,0,0,0,0,0,0,0,,0,,,0,0,0,0,0,0,,0,1,1,1,1,0,0,0,1,1,0.979764208721463,0,0.0,0.0357142857142857,,,0,6.1,7.1
2008,REG+POST,00-0023561,,Alvin Pearman,RB,RB,,1,JAX,0,0,0,0,0,0,0,0,0,0,0,0,,0,,,0,0,0,0,0,0,,0,1,1,23,1,0,0,21,2,1,3.44228026655037,0,1.0952380952381,0.0714285714285714,0.21,0.254142857142857,0,8.3,9.3
2008,REG+POST,00-0023564,D.Sproles,Darren Sproles,RB,RB,"https://static.www.nfl.com/image/private/f_auto,q_auto/league/gvj5ng27blmwuz170aeo",17,LAC,0,0,0,0,0,0,0,0,0,0,0,0,,0,,,94,450,3,0,0,22,-0.480829432881898,0,39,39,478,6,2,1,9,469,19,32.3580054026895,1,53.1111111111111,0.122257053291536,0.0040964952207555,0.186253126591833,1,152.8,191.8
2008,REG+POST,00-0023578,D.Orlovsky,Dan Orlovsky,QB,QB,"https://static.www.nfl.com/image/private/f_auto,q_auto/league/vr8juuraecwssjnviglf",10,DET,143,255,1616,8,8,14,95,1,0,2604,618,73,-17.3803606504419,2,0.620583717357911,0.030838352573887,7,29,0,2,0,2,0.795991213060916,0,0,0,0,0,0,0,0,0,0,,0,,,,,0,87.54,87.54
2008,REG+POST,00-0023612,,Bo Scaife,TE,TE,,17,TEN,0,0,0,0,0,0,0,0,0,0,0,0,,0,,,0,0,0,0,0,0,,0,62,62,585,2,1,0,234,351,31,35.7021052384443,0,2.5,0.21160409556314,0.136363636363636,0.412860688799255,0,70.5,132.5
2008,REG+POST,00-0023630,,Joel Dreessen,TE,TE,,9,HOU,0,0,0,0,0,0,0,0,0,0,0,0,,0,,,0,0,0,0,0,0,,0,11,11,77,0,1,0,37,39,4,4.31636602702201,0,2.08108108108108,0.0552763819095477,0.0305532617671346,0.104301856101316,0,7.7,18.7
2008,REG+POST,00-0023645,D.Anderson,Derek Anderson,QB,QB,"https://static.www.nfl.com/image/private/f_auto,q_auto/league/w191gsxivnqgdwgydka6",10,CLE,142,283,1615,9,8,15,90,4,1,2195,781,82,-25.0161991282332,2,0.735763097949886,-0.0248385008939859,24,58,0,5,1,5,-7.6865177997388,0,0,0,0,0,0,0,0,0,0,,0,,,,,0,90.4,90.4
2008,REG+POST,00-0023662,M.Cassel,Matt Cassel,QB,QB,"https://static.www.nfl.com/image/private/f_auto,q_auto/league/n1ucqggyu5hlsqzuv5gj",16,NE,328,518,3693,21,11,44,219,4,3,3885,2053,182,76.2973277956869,2,0.950579150579151,0.121544803911069,76,271,2,2,1,23,11.2033306573162,0,0,0,0,0,0,0,0,0,0,,0,,,,,0,244.82,244.82
2008,REG+POST,00-0023679,,Billy Bajema,TE,TE,,2,SF,0,0,0,0,0,0,0,0,0,0,0,0,,0,,,0,0,0,0,0,0,,0,2,2,34,0,0,0,16,18,1,2.23295742057962,0,2.125,0.0408163265306122,0.108108108108108,0.136900165471594,0,3.4,5.4
2008,REG+POST,00-0023682,R.Fitzpatrick,Ryan Fitzpatrick,QB,QB,"https://static.www.nfl.com/image/private/f_auto,q_auto/league/pkhhxwplsawnhln9rsun",12,CIN,221,372,1905,8,9,38,193,8,4,2734,817,100,-76.9239216011624,0,0.696781272860278,0.0058475159052059,60,304,2,3,1,24,3.99961106220144,0,1,1,-3,0,0,0,0,-3,0,-0.688826560741291,0,0.0,0.05,,,0,122.3,123.3
2008,REG+POST,00-0023683,,Madison Hedgecock,FB,RB,,6,NYG,0,0,0,0,0,0,0,0,0,0,0,0,,0,,,1,0,0,0,0,0,-1.74185438640416,0,8,8,52,1,0,0,5,47,4,3.57604313240154,0,10.4,0.062992125984252,0.0051440329218107,0.0980890120216454,0,11.2,19.2
2008,REG+POST,00-0023752,,Daniel Fells,TE,TE,"https://static.www.nfl.com/image/private/f_auto,q_auto/league/lhecgqac5nourex1czfo",4,LA,0,0,0,0,0,0,0,0,0,0,0,0,,0,,,0,0,0,0,0,0,,0,7,7,81,0,0,0,46,35,4,5.16184108302696,0,1.76086956521739,0.0897435897435897,0.0844036697247707,0.193697953422724,0,8.1,15.1
2008,REG+POST,00-0023764,,Andre Hall,RB,RB,,7,DEN,0,0,0,0,0,0,0,0,0,0,0,0,,0,,,35,144,0,2,2,7,-12.5014694189304,0,3,3,25,0,0,0,-9,34,2,1.36141876713373,0,-2.77777777777778,0.0638297872340426,-0.102272727272727,0.0241537717601547,0,12.9,15.9
2008,REG+POST,00-0023774,,Naufahu Tahi,FB,RB,,10,MIN,0,0,0,0,0,0,0,0,0,0,0,0,,0,,,0,0,0,0,0,0,,0,16,16,37,0,1,1,-1,38,2,-11.1084382049739,0,-37.0,0.1,-0.0010952902519167,0.149233296823658,0,1.7,17.7
2008,REG+POST,00-0023784,,Greg Estandia,TE,TE,,5,JAX,0,0,0,0,0,0,0,0,0,0,0,0,,0,,,0,0,0,0,0,0,,0,10,10,113,0,1,0,79,34,6,6.6309630740725,0,1.43037974683544,0.0909090909090909,0.110181311018131,0.213490554076328,0,11.3,21.3
2008,REG+POST,00-0023788,,Buck Ortega,TE,TE,,1,NO,0,0,0,0,0,0,0,0,0,0,0,0,,0,,,0,0,0,0,0,0,,0,1,1,3,0,0,0,0,3,0,-0.245616362662986,0,0.0,0.0333333333333333,,,0,0.3,1.3
2008,REG+POST,00-0023790,,Brian Clark,WR,WR,,1,TB,0,0,0,0,0,0,0,0,0,0,0,0,,0,,,0,0,0,0,0,0,,0,1,1,12,0,0,0,7,5,1,1.82056951988488,0,1.71428571428571,0.037037037037037,0.0328638497652582,0.0785602503912363,0,1.2,2.2
2008,REG+POST,00-0023797,,Darcy Johnson,TE,TE,,4,NYG,0,0,0,0,0,0,0,0,0,0,0,0,,0,,,0,0,0,0,0,0,,0,5,5,59,2,0,0,57,2,5,8.04746148423874,0,1.03508771929825,0.0833333333333333,0.129251700680272,0.215476190476191,0,17.9,22.9
2008,REG+POST,00-0023806,,DeDe Dorsey,RB,RB,,2,CIN,0,0,0,0,0,0,0,0,0,0,0,0,,0,,,5,8,0,0,0,0,-2.02089019439882,0,2,2,49,0,0,0,10,39,2,-0.200625171652064,0,4.9,0.125,0.131578947368421,0.279605263157895,0,5.7,7.7
2008,REG+POST,00-0023844,,Chris Taylor,RB,RB,,2,HOU,0,0,0,0,0,0,0,0,0,0,0,0,,0,,,14,37,0,1,0,1,-3.56404877820751,0,0,0,0,0,0,0,0,0,0,,0,,,,,0,3.7,3.7
2008,REG+POST,00-0023881,,P.J. Pope,RB,RB,,3,DEN,0,0,0,0,0,0,0,0,0,0,0,0,,0,,,17,130,0,0,0,6,5.63746045384323,0,3,3,24,1,0,0,3,21,2,3.50617467227858,0,8.0,0.142857142857143,0.037037037037037,0.24021164021164,0,21.4,24.4
2008,REG+POST,00-0023921,,Miles Austin,WR,WR,"https://static.www.nfl.com/image/private/f_auto,q_auto/league/tuwhvxan7v0gisbei4an",7,DAL,0,0,0,0,0,0,0,0,0,0,0,0,,0,,,0,0,0,0,0,0,,0,13,13,278,3,0,0,178,100,11,29.4363702133414,0,1.56179775280899,0.089041095890411,0.18816067653277,0.265274117408555,0,45.8,58.8
2008,REG+POST,00-0023991,,Steve Sanders,WR,WR,,1,CLE,0,0,0,0,0,0,0,0,0,0,0,0,,0,,,0,0,0,0,0,0,,0,1,1,18,0,0,0,0,18,1,1.15188540215604,0,0.0,0.0909090909090909,,,0,1.8,2.8
2008,REG+POST,00-0024011,,Mike Bell,RB,RB,,3,NO,0,0,0,0,0,0,0,0,0,0,0,0,,0,,,13,42,1,0,0,4,-0.0233138894545846,0,1,1,14,0,0,0,-7,21,1,1.54706737754168,0,-2.0,0.0333333333333333,-0.0445859872611465,0.0187898089171975,0,11.6,12.6
2008,REG+POST,00-0024013,,Hank Baskett,WR,WR,,15,PHI,0,0,0,0,0,0,0,0,0,0,0,0,,0,,,0,0,0,0,0,0,,0,35,35,459,3,1,0,306,153,23,41.1709573193803,0,1.5,0.0974930362116992,0.127872962808191,0.235750628283282,0,63.9,98.9
2008,REG+POST,00-0024103,,Montell Owens,RB,RB,,5,JAX,0,0,0,0,0,0,0,0,0,0,0,0,,0,,,2,43,2,0,0,2,7.00238961109426,0,2,2,17,0,0,0,12,5,1,0.734966094954871,0,1.41666666666667,0.0666666666666667,0.0764331210191083,0.153503184713376,1,24.0,26.0
2008,REG+POST,00-0024158,,Jason Davis,RB,RB,,2,CHI,0,0,0,0,0,0,0,0,0,0,0,0,,0,,,1,0,0,0,0,0,-1.35335740353912,0,1,1,12,0,0,0,4,8,1,0.0826412854366936,0,3.0,0.04,0.04,0.088,0,1.2,2.2
2008,REG+POST,00-0024172,,Patrick Cobbs,RB,RB,,13,MIA,0,0,0,0,0,0,0,0,0,0,0,0,,0,,,13,89,1,1,1,4,-1.24019968189532,0,23,23,330,2,0,0,119,211,13,22.6280107400962,0,2.77310924369748,0.104545454545455,0.0977814297452753,0.225265182639875,0,57.9,80.9
2008,REG+POST,00-0024174,,Glenn Holt,WR,WR,,2,CIN,0,0,0,0,0,0,0,0,0,0,0,0,,0,,,0,0,0,0,0,0,,0,3,3,26,1,0,0,27,-1,2,5.42449392902199,0,0.962962962962963,0.0789473684210526,0.161676646706587,0.23159470532619,0,8.6,11.6
2008,REG+POST,00-0024178,,Kevin Dockery,DB,DB,,1,NYG,0,0,0,0,0,0,0,0,0,0,0,0,,0,,,0,0,0,0,0,0,,0,0,0,0,0,0,0,0,0,0,,0,,,,,1,6.0,6.0
2008,REG+POST,00-0024204,,Fred Jackson,RB,RB,"https://static.www.nfl.com/image/private/f_auto,q_auto/league/ibu4ltouiplhatsn4ptq",15,BUF,0,0,0,0,0,0,0,0,0,0,0,0,,0,,,129,560,3,1,1,33,-16.0284794931512,0,37,37,317,0,1,0,41,276,11,16.7156244171862,0,7.73170731707317,0.142307692307692,0.0261813537675607,0.231788486098831,0,103.7,140.7
2008,REG+POST,00-0024217,,Reggie Bush,RB,RB,"https://static.www.nfl.com/image/private/f_auto,q_auto/league/z2m2heolqx9sgobdks9v",10,NO,0,0,0,0,0,0,0,0,0,0,0,0,,0,,,106,404,2,2,2,20,-25.218202316549,0,52,52,440,4,1,0,50,390,22,28.3251896389628,0,8.8,0.210526315789474,0.0336247478143914,0.339326797154285,3,134.4,186.4
2008,REG+POST,00-0024218,,Vince Young,QB,QB,,3,TEN,22,36,219,1,2,3,13,2,0,285,162,9,-10.2015688864796,0,0.768421052631579,0.0151963391488672,8,27,0,0,0,0,-4.88788336928701,0,0,0,0,0,0,0,0,0,0,,0,,,,,0,11.46,11.46
2008,REG+POST,00-0024221,V.Davis,Vernon Davis,TE,TE,"https://static.www.nfl.com/image/private/f_auto,q_auto/league/so5ywayfeeu4zeijln5m",13,SF,0,0,0,0,0,0,0,0,0,0,0,0,,0,,,1,11,0,0,0,1,1.25850291620009,0,31,31,358,2,2,1,117,239,14,15.4560030768872,0,3.05982905982906,0.118773946360153,0.0706948640483384,0.227647324374067,0,46.9,77.9
2008,REG+POST,00-0024225,,Matt Leinart,QB,QB,,4,ARI,15,29,264,1,1,2,19,2,1,300,98,10,-3.96856515450463,0,0.88,-0.0119897414032485,4,5,0,0,0,1,-4.89160588692175,0,0,0,0,0,0,0,0,0,0,,0,,,,,0,11.06,11.06
2008,REG+POST,00-0024226,J.Cutler,Jay Cutler,QB,QB,"https://static.www.nfl.com/image/private/f_auto,q_auto/league/ks6n7gvw4vccihlse6bn",16,DEN,384,616,4525,25,18,11,69,1,0,5487,1813,222,127.628124008436,1,0.824676508110079,0.122806426820558,57,200,2,4,2,14,-2.9588915706845,1,0,0,0,0,0,0,0,0,0,,0,,,,,0,277.0,277.0
2008,REG+POST,00-0024236,,Laurence Maroney,RB,RB,,3,NE,0,0,0,0,0,0,0,0,0,0,0,0,,0,,,28,93,0,0,0,4,-4.2909328741438,0,0,0,0,0,0,0,0,0,0,,0,,,,,0,9.3,9.3
2008,REG+POST,00-0024240,,Santonio Holmes,WR,WR,,18,PIT,0,0,0,0,0,0,0,0,0,0,0,0,,0,,,4,16,0,0,0,2,1.10336835181806,0,68,68,1047,7,2,1,672,375,49,96.384428993272,0,1.55803571428571,0.197101449275362,0.276315789473684,0.489073226544623,1,152.3,220.3
2008,REG+POST,00-0024242,,DeAngelo Williams,RB,RB,"https://static.www.nfl.com/image/private/f_auto,q_auto/league/oky9ooitgqa1fgwdll6b",17,CAR,0,0,0,0,0,0,0,0,0,0,0,0,,0,,,286,1581,18,0,0,69,35.3836233670737,1,23,23,127,2,0,0,-21,148,7,5.08454495654854,0,-6.04761904761905,0.100436681222707,-0.0160550458715596,0.139416489723969,0,292.8,315.8
2008,REG+POST,00-0024243,M.Lewis,Marcedes Lewis,TE,TE,"https://static.www.nfl.com/image/private/f_auto,q_auto/league/ppq07tipygpftz5csipx",15,JAX,0,0,0,0,0,0,0,0,0,0,0,0,,0,,,0,0,0,0,0,0,,0,41,41,489,2,0,0,316,173,21,33.1527075007325,0,1.54746835443038,0.131410256410256,0.165358451072737,0.3128663003663,0,60.9,101.9
2008,REG+POST,00-0024245,,Joseph Addai,RB,RB,,13,IND,0,0,0,0,0,0,0,0,0,0,0,0,,0,,,171,588,6,1,1,37,-14.0422342240594,0,29,29,234,2,0,0,60,174,10,13.8454320952296,0,3.9,0.0983050847457627,0.0412654745529574,0.176343459305714,0,128.2,157.2
2008,REG+POST,00-0024251,,Chad Jackson,WR,WR,,1,DEN,0,0,0,0,0,0,0,0,0,0,0,0,,0,,,0,0,0,0,0,0,,0,1,1,19,0,0,0,-2,21,1,1.07552270300221,0,0.0,0.037037037037037,-0.012987012987013,0.0464646464646465,0,1.9,2.9
2008,REG+POST,00-0024257,,Danieal Manning,SS,DB,,1,CHI,0,0,0,0,0,0,0,0,0,0,0,0,,0,,,0,0,0,0,0,0,,0,0,0,0,0,0,0,0,0,0,,0,,,,,1,6.0,6.0
2008,REG+POST,00-0024259,,Sinorice Moss,WR,WR,,7,NYG,0,0,0,0,0,0,0,0,0,0,0,0,,0,,,0,0,0,0,0,0,,0,12,12,153,2,0,0,129,24,8,15.1111418463988,0,1.18604651162791,0.0895522388059701,0.124038461538462,0.221155281285878,0,27.3,39.3
2008,REG+POST,00-0024260,,LenDale White,RB,RB,,17,TEN,0,0,0,0,0,0,0,0,0,0,0,0,,0,,,215,818,15,1,1,45,-6.3925500406215,0,9,9,51,0,1,1,5,46,3,-3.55886815150734,0,10.2,0.0737704918032787,0.0143266475644699,0.120684391000047,0,172.9,181.9
2008,REG+POST,00-0024261,,Joe Klopfenstein,TE,TE,,8,LA,0,0,0,0,0,0,0,0,0,0,0,0,,0,,,0,0,0,0,0,0,,0,11,11,123,0,1,1,90,33,4,0.0021418444230221,0,1.36666666666667,0.0670731707317073,0.0924024640657084,0.165291480943557,0,10.3,21.3
2008,REG+POST,00-0024264,K.Clemens,Kellen Clemens,QB,QB,"https://static.www.nfl.com/image/private/f_auto,q_auto/league/pxungqbhh61ov73tzaxk",2,NYJ,3,5,26,0,1,0,0,0,0,52,6,2,-2.03401133615989,0,0.5,0.0470055079660164,3,-3,0,0,0,0,-4.96683136888896,0,0,0,0,0,0,0,0,0,0,,0,,,,,0,-1.26,-1.26
2008,REG+POST,00-0024267,,Greg Jennings,WR,WR,"https://static.www.nfl.com/image/private/f_auto,q_auto/league/jiemkcfkc893pfova8xv",16,GB,0,0,0,0,0,0,0,0,0,0,0,0,,0,,,0,0,0,0,0,0,,0,80,80,1292,9,1,0,954,331,55,115.988753975809,1,1.35429769392034,0.233236151603499,0.379324055666004,0.615381066371451,0,185.2,265.2
2008,REG+POST,00-0024268,A.Fasano,Anthony Fasano,TE,TE,"https://static.www.nfl.com/image/private/f_auto,q_auto/league/twcrap9uhjbazmplq5x3",13,MIA,0,0,0,0,0,0,0,0,0,0,0,0,,0,,,0,0,0,0,0,0,,0,34,34,454,7,0,0,316,138,26,43.8842283423292,0,1.43670886075949,0.124542124542125,0.170995670995671,0.306510156510157,0,87.4,121.4
2008,REG+POST,00-0024272,,Devin Hester,WR,WR,"https://static.www.nfl.com/image/private/f_auto,q_auto/league/jtntm2ci9doez4qxbx0c",15,CHI,0,0,0,0,0,0,0,0,0,0,0,0,,0,,,5,61,0,0,0,4,4.02390438865405,0,52,52,665,3,1,0,474,191,29,48.6612060370712,0,1.40295358649789,0.182456140350877,0.318334452652787,0.496518327383267,0,90.6,142.6
2008,REG+POST,00-0024275,,Maurice Jones-Drew,RB,RB,,16,JAX,0,0,0,0,0,0,0,0,0,0,0,0,,0,,,197,824,12,4,2,48,0.299729361961989,0,62,62,565,2,3,1,40,525,28,36.2071828872425,0,14.125,0.185074626865672,0.0206291903042806,0.292052373511504,0,216.9,278.9
2008,REG+POST,00-0024276,,Tony Scheffler,TE,TE,,12,DEN,0,0,0,0,0,0,0,0,0,0,0,0,,0,,,1,-1,0,0,0,0,-0.671418342739344,0,40,40,645,3,1,1,403,242,28,43.3460175298678,0,1.60049627791563,0.141843971631206,0.19000471475719,0.345769257776842,0,80.4,120.4
2008,REG+POST,00-0024279,,Tarvaris Jackson,QB,QB,"https://static.www.nfl.com/image/private/f_auto,q_auto/league/bqukmeneztibnhrjko0q",8,MIN,103,184,1220,9,3,16,109,4,2,1643,583,57,-7.3940368002083,0,0.742544126597687,0.0705852574085227,26,157,0,1,1,11,3.82346566408523,0,0,0,0,0,0,0,0,0,0,,0,,,,,0,88.5,88.5
2008,REG+POST,00-0024287,,Leonard Pope,TE,TE,,8,ARI,0,0,0,0,0,0,0,0,0,0,0,0,,0,,,0,0,0,0,0,0,,0,11,11,98,0,0,0,66,32,3,5.61825616660644,0,1.48484848484848,0.0569948186528497,0.0536149471974005,0.123022691017455,0,9.8,20.8
2008,REG+POST,00-0024292,,Jon Alston,LB,LB,,1,LV,0,0,0,0,0,0,0,0,0,0,0,0,,0,,,1,22,0,0,0,1,3.29985811351798,0,0,0,0,0,0,0,0,0,0,,0,,,,,0,2.2,2.2
2008,REG+POST,00-0024294,,Jerious Norwood,RB,RB,,17,ATL,0,0,0,0,0,0,0,0,0,0,0,0,,0,,,96,501,4,1,1,23,3.56436016940944,0,37,37,366,2,0,0,38,328,13,18.1373861574124,0,9.63157894736842,0.127147766323024,0.0170403587443946,0.202649900605612,0,120.7,157.7
2008,REG+POST,00-0024297,,Derek Hagan,WR,WR,,1,MIA,0,0,0,0,0,0,0,0,0,0,0,0,,0,,,0,0,0,0,0,0,,0,3,3,51,0,0,0,44,7,3,5.78807365207467,0,1.15909090909091,0.176470588235294,0.382608695652174,0.532531969309463,0,5.1,8.1
2008,REG+POST,00-0024300,,Brodie Croyle,QB,QB,,2,KC,20,29,151,0,0,1,10,0,0,119,104,7,-2.54042839594536,0,1.26890756302521,0.0709697991955539,0,0,0,0,0,0,,0,0,0,0,0,0,0,0,0,0,,0,,,,,0,6.04,6.04
2008,REG+POST,00-0024301,,David Thomas,TE,TE,,6,NE,0,0,0,0,0,0,0,0,0,0,0,0,,0,,,0,0,0,0,0,0,,0,9,9,93,0,0,0,49,44,5,8.02803108404623,0,1.89795918367347,0.0708661417322835,0.0900735294117647,0.169350683186661,0,9.3,18.3
2008,REG+POST,00-0024305,,Maurice Stovall,WR,WR,,2,TB,0,0,0,0,0,0,0,0,0,0,0,0,,0,,,0,0,0,0,0,0,,0,3,3,25,0,1,1,26,-1,1,-2.23076371947536,0,0.961538461538461,0.0461538461538462,0.0764705882352941,0.122760180995475,0,0.5,3.5
2008,REG+POST,00-0024313,,Owen Daniels,TE,TE,"https://static.www.nfl.com/image/private/f_auto,q_auto/league/ktxkz5tzddboxst5xfh8",16,HOU,0,0,0,0,0,0,0,0,0,0,0,0,,0,,,0,0,0,0,0,0,,0,70,70,862,2,1,1,456,406,46,64.2269491121781,0,1.89035087719298,0.190735694822888,0.184242424242424,0.415073239204029,0,96.2,166.2
2008,REG+POST,00-0024315,,Michael Robinson,FB,RB,,10,SF,0,0,0,0,0,0,0,0,0,0,0,0,,0,,,19,50,0,1,1,5,-7.97204899849021,0,17,17,202,0,0,0,66,136,9,12.3036114981001,0,3.06060606060606,0.0965909090909091,0.0897959183673469,0.207743506493506,0,23.2,40.2
2008,REG+POST,00-0024318,,Brad Smith,QB,QB,,12,NYJ,1,2,18,0,0,0,0,0,0,19,18,0,-0.703139129065676,0,0.947368421052632,,12,113,0,1,1,7,-2.34421220421791,0,12,12,71,0,0,0,17,54,2,1.39640394324351,0,4.17647058823529,0.0991735537190083,0.0296684118673648,0.169528218885668,0,17.12,29.12
2008,REG+POST,00-0024321,,Garrett Mills,TE,TE,,3,MIN,0,0,0,0,0,0,0,0,0,0,0,0,,0,,,0,0,0,0,0,0,,0,5,5,65,0,0,0,29,36,3,5.98107568389969,0,2.24137931034483,0.108695652173913,0.0895061728395062,0.225697799248524,0,6.5,11.5
2008,REG+POST,00-0024324,,Jason Avant,WR,WR,"https://static.www.nfl.com/image/private/f_auto,q_auto/league/nnis5ib42eoeu8bjjpdc",16,PHI,0,0,0,0,0,0,0,0,0,0,0,0,,0,,,0,0,0,0,0,0,,0,43,43,490,2,0,0,373,117,28,50.6520916995178,0,1.31367292225201,0.114058355437666,0.153245686113394,0.278359513435874,0,61.0,104.0
2008,REG+POST,00-0024326,,Demetrius Williams,WR,WR,,6,BAL,0,0,0,0,0,0,0,0,0,0,0,0,,0,,,0,0,0,0,0,0,,0,13,13,180,1,0,0,127,53,6,9.81382153369486,0,1.41732283464567,0.12621359223301,0.238721804511278,0.356425651507409,0,24.0,37.0
2008,REG+POST,00-0024330,W.Blackmon,Will Blackmon,FS,DB,"https://static.www.nfl.com/image/private/f_auto,q_auto/league/asapp0ikmeuqjmvkmudb",2,GB,0,0,0,0,0,0,0,0,0,0,0,0,,0,,,0,0,0,0,0,0,,0,0,0,0,0,0,0,0,0,0,,0,,,,,2,12.0,12.0
2008,REG+POST,00-0024332,,Leon Washington,RB,RB,,16,NYJ,0,0,0,0,0,0,0,0,0,0,0,0,,0,,,76,448,6,1,0,14,16.7828316916378,1,47,48,355,2,1,1,20,340,17,18.4802296708739,0,17.75,0.145015105740181,0.0148038490007402,0.22788535291079,1,134.3,181.3
2008,REG+POST,00-0024334,B.Marshall,Brandon Marshall,WR,WR,"https://static.www.nfl.com/image/private/f_auto,q_auto/league/jhziqh0scfksvxen6f3s",15,DEN,0,0,0,0,0,0,0,0,0,0,0,0,,0,,,2,-4,0,1,1,0,-7.81337846704992,0,104,104,1265,6,3,2,866,399,64,98.2452078956847,0,1.46073903002309,0.281081081081081,0.34324217201744,0.661891142033829,0,156.1,260.1
2008,REG+POST,00-0024345,,Domenik Hixon,WR,WR,,14,NYG,0,0,0,0,0,0,0,0,0,0,0,0,,0,,,2,26,0,0,0,2,1.48115588305518,0,45,45,633,2,0,0,470,163,30,54.1091451536206,1,1.3468085106383,0.172413793103448,0.259668508287293,0.440388645456277,0,79.9,124.9
2008,REG+POST,00-0024358,,Marques Hagans,WR,WR,,2,KC,1,1,5,0,0,1,1,0,0,4,1,0,-0.89915570197627,0,1.25,,1,2,0,0,0,0,-0.667860306333751,0,1,1,7,0,0,0,-2,9,1,1.04882252006792,0,0.0,0.0714285714285714,-0.037037037037037,0.0812169312169312,0,1.1,2.1
2008,REG+POST,00-0024359,,Jerome Harrison,RB,RB,,14,CLE,0,0,0,0,0,0,0,0,0,0,0,0,,0,,,34,246,1,0,0,10,8.3167693168507,0,12,12,116,1,0,0,4,112,4,7.47125437279465,0,29.0,0.0839160839160839,0.0060790273556231,0.130129445023062,0,48.2,60.2
2008,REG+POST,00-0024369,,Jeff King,TE,TE,,13,CAR,0,0,0,0,0,0,0,0,0,0,0,0,,0,,,0,0,0,0,0,0,,0,21,21,195,1,0,0,115,80,8,10.6792366769082,0,1.69565217391304,0.105527638190955,0.0854383358098068,0.218098292353297,0,25.5,46.5
2008,REG+POST,00-0024389,De.Walker,Delanie Walker,TE,TE,"https://static.www.nfl.com/image/private/f_auto,q_auto/league/diknegkpqy0qnri7877z",9,SF,0,0,0,0,0,0,0,0,0,0,0,0,,0,,,2,-13,0,0,0,0,-2.44939169182908,0,10,10,155,1,1,0,47,108,7,12.3017151743406,0,3.29787234042553,0.065359477124183,0.0525727069351231,0.134840110540861,0,20.2,30.2
2008,REG+POST,00-0024392,,Keith Ellison,ILB,LB,,1,BUF,0,0,0,0,0,0,0,0,0,0,0,0,,0,,,1,6,0,0,0,1,2.80029531894252,0,0,0,0,0,0,0,0,0,0,,0,,,,,0,0.6,0.6
2008,REG+POST,00-0024394,,Lawrence Vickers,FB,RB,,11,CLE,0,0,0,0,0,0,0,0,0,0,0,0,,0,,,10,31,0,0,0,6,1.91127103893086,0,10,11,78,0,0,0,28,50,4,3.88441510486882,0,2.78571428571429,0.079136690647482,0.0378378378378378,0.14519152245771,0,10.9,20.9
2008,REG+POST,00-0024404,,Jeff Webb,WR,WR,,4,KC,0,0,0,0,0,0,0,0,0,0,0,0,,0,,,0,0,0,0,0,0,,0,5,5,46,0,0,0,40,6,3,3.20640541333705,0,1.15,0.0694444444444445,0.110497237569061,0.181514732965009,0,4.6,9.6
2008,REG+POST,00-0024408,,Bruce Gradkowski,QB,QB,,2,CLE,7,21,26,0,3,4,18,0,0,91,23,1,-31.1012864108924,0,0.285714285714286,-0.136692070002434,1,2,0,0,0,0,-0.523377150762826,0,0,0,0,0,0,0,0,0,0,,0,,,,,0,-4.76,-4.76
2008,REG+POST,00-0024413,,Charlie Johnson,G,OL,,1,IND,0,0,0,0,0,0,0,0,0,0,0,0,,0,,,0,0,0,0,0,0,,0,1,1,-2,0,0,0,-4,2,0,-0.84764642175287,0,0.0,0.0384615384615385,-0.0310077519379845,0.0359868813357186,0,-0.2,0.8
2008,REG+POST,00-0024417,S.Koch,Sam Koch,P,SPEC,"https://static.www.nfl.com/image/private/f_auto,q_auto/league/dw34lcf6qit1i1knjhpv",1,BAL,0,0,0,0,0,0,0,0,0,0,0,0,,0,,,1,9,0,0,0,1,2.34176083572675,0,0,0,0,0,0,0,0,0,0,,0,,,,,0,0.9,0.9
2008,REG+POST,00-0024460,,Quinton Ganther,RB,RB,,5,TEN,0,0,0,0,0,0,0,0,0,0,0,0,,0,,,10,60,0,0,0,3,0.720897978986614,0,6,6,43,0,0,0,-3,46,3,-1.1710757703986,0,-14.3333333333333,0.1875,-0.0181818181818182,0.268522727272727,0,10.3,16.3
2008,REG+POST,00-0024465,,David Anderson,WR,WR,,11,HOU,0,0,0,0,0,0,0,0,0,0,0,0,,0,,,0,0,0,0,0,0,,0,19,19,241,2,0,0,122,119,13,17.0905922226391,0,1.97540983606557,0.0733590733590734,0.069634703196347,0.158782902276053,0,36.1,55.1
2008,REG+POST,00-0024466,,Marques Colston,WR,WR,"https://static.www.nfl.com/image/private/f_auto,q_auto/league/hnnuo9nfwzwlakr2srdq",10,NO,0,0,0,0,0,0,0,0,0,0,0,0,,0,,,0,0,0,0,0,0,,0,47,47,760,5,1,0,519,241,35,72.2328516676207,0,1.46435452793834,0.18359375,0.315501519756839,0.496241688829787,0,106.0,153.0
2008,REG+POST,00-0024489,,Ahmard Hall,FB,RB,,15,TEN,0,0,0,0,0,0,0,0,0,0,0,0,,0,,,8,21,0,1,1,3,-2.55219289130764,0,14,14,149,2,1,0,4,145,6,13.8384220595472,1,37.25,0.0760869565217391,0.0040363269424823,0.116955863642346,0,29.0,43.0
2008,REG+POST,00-0024529,,Gijon Robinson,TE,TE,,10,IND,0,0,0,0,0,0,0,0,0,0,0,0,,0,,,0,0,0,0,0,0,,0,20,20,169,0,0,0,65,104,5,9.50111698295223,0,2.6,0.0823045267489712,0.0441576086956522,0.154367116210413,0,16.9,36.9
2008,REG+POST,00-0024535,E.Weems,Eric Weems,WR,WR,"https://static.www.nfl.com/image/private/f_auto,q_auto/league/kptsfekcpfukewtim9kz",1,ATL,0,0,0,0,0,0,0,0,0,0,0,0,,0,,,0,0,0,0,0,0,,0,1,1,4,0,0,0,-4,8,0,-0.243653011624701,0,0.0,0.0588235294117647,-0.0350877192982456,0.0636738906088751,0,0.4,1.4
2008,REG+POST,00-0024549,,Selvin Young,RB,RB,,8,DEN,0,0,0,0,0,0,0,0,0,0,0,0,,0,,,61,303,1,1,1,9,1.6067409987445,0,3,3,16,0,0,0,-3,19,0,-0.205298580578528,0,-5.33333333333333,0.0375,-0.0056818181818181,0.0522727272727273,0,35.9,38.9
2008,REG+POST,00-0024559,,D.J. Ware,RB,RB,,1,NYG,0,0,0,0,0,0,0,0,0,0,0,0,,0,,,2,15,0,0,0,1,0.932927054003812,0,0,0,0,0,0,0,0,0,0,,0,,,,,0,1.5,1.5
2008,REG+POST,00-0024595,,Logan Payne,WR,WR,,2,SEA,0,0,0,0,0,0,0,0,0,0,0,0,,0,,,0,0,0,0,0,0,,0,3,3,39,0,1,0,34,5,3,2.79681797907688,0,1.14705882352941,0.0857142857142857,0.139917695473251,0.226513815402704,0,3.9,6.9
2008,REG+POST,00-0024607,,Daniel Coats,TE,TE,,2,CIN,0,0,0,0,0,0,0,0,0,0,0,0,,0,,,0,0,0,0,0,0,,0,2,2,19,0,0,0,9,10,1,1.70075264025945,0,2.11111111111111,0.0512820512820513,0.0384615384615385,0.103846153846154,0,1.9,3.9
2008,REG+POST,00-0024681,,Brandon London,WR,WR,,4,MIA,0,0,0,0,0,0,0,0,0,0,0,0,,0,,,0,0,0,0,0,0,,0,7,7,68,0,0,0,62,6,4,3.20645328803221,0,1.09677419354839,0.0843373493975904,0.109929078014184,0.203456378706315,0,6.8,13.8
2008,REG+POST,00-0024682,,Michael Matthews,TE,TE,,2,NYG,0,0,0,0,0,0,0,0,0,0,0,0,,0,,,0,0,0,0,0,0,,0,2,2,26,0,0,0,25,1,2,1.76742815738544,0,1.04,0.0571428571428571,0.100806451612903,0.156278801843318,0,2.6,4.6
2008,REG+POST,00-0024687,,Dominique Zeigler,WR,WR,,3,SF,0,0,0,0,0,0,0,0,0,0,0,0,,0,,,0,0,0,0,0,0,,0,5,5,97,0,0,0,57,40,2,7.88779171410715,0,1.70175438596491,0.0735294117647059,0.116089613034623,0.191556846771295,0,9.7,14.7
2008,REG+POST,00-0024714,,Edgar Jones,DE,DL,,1,BAL,0,0,0,0,0,0,0,0,0,0,0,0,,0,,,0,0,0,0,0,0,,0,1,1,25,0,0,0,16,9,1,0.818227213836508,0,1.5625,0.0555555555555556,0.0677966101694915,0.130790960451977,0,2.5,3.5
2008,REG+POST,00-0024763,,Charles Ali,RB,RB,,4,CLE,0,0,0,0,0,0,0,0,0,0,0,0,,0,,,0,0,0,0,0,0,,0,4,4,13,0,0,0,0,13,1,-1.67858985200292,0,0.0,0.0701754385964912,0.0,0.105263157894737,0,1.3,5.3
2008,REG+POST,00-0024813,,Pierre Thomas,RB,RB,"https://static.www.nfl.com/image/private/f_auto,q_auto/league/w58uf8rmlucv7qagwrfv",14,NO,0,0,0,0,0,0,0,0,0,0,0,0,,0,,,129,625,9,1,1,43,12.9708103639137,0,31,31,284,3,0,0,-9,293,15,24.3438930030097,0,-31.5555555555556,0.120622568093385,-0.0058327932598833,0.176850896858159,0,160.9,191.9
2008,REG+POST,00-0024846,,Gary Russell,RB,RB,,11,PIT,0,0,0,0,0,0,0,0,0,0,0,0,,0,,,34,79,5,0,0,14,-2.31805982504559,0,1,1,-2,0,0,0,-9,7,0,-1.0358755197376,0,0.222222222222222,0.0384615384615385,-0.0463917525773196,0.025218080888184,0,37.7,38.7
2008,REG+POST,00-0025388,,JaMarcus Russell,QB,QB,,15,LV,198,367,2423,13,8,30,200,10,6,3622,1025,111,-58.281563832838,0,0.668967421314191,-0.0010555974293056,18,127,1,2,1,11,3.00437606091145,0,0,0,0,0,0,0,0,0,0,,0,,,,,0,137.62,137.62
2008,REG+POST,00-0025389,,Calvin Johnson,WR,WR,"https://static.www.nfl.com/image/private/f_auto,q_auto/league/z6dxib9sientn4m9cljh",16,DET,0,0,0,0,0,0,0,0,0,0,0,0,,0,,,3,-1,0,1,0,1,-1.03424320544582,0,78,78,1331,12,2,2,837,494,52,108.472706977249,1,1.59020310633214,0.277580071174377,0.424873096446701,0.713781274274256,0,203.0,281.0
2008,REG+POST,00-0025392,,Levi Brown,T,OL,,1,ARI,0,0,0,0,0,0,0,0,0,0,0,0,,0,,,0,0,0,0,0,0,,0,1,1,4,0,0,0,-10,14,0,-0.0713001280091703,0,0.0,0.03125,-0.0418410041841004,0.0175862970711297,0,0.4,1.4
2008,REG+POST,00-0025394,A.Peterson,Adrian Peterson,RB,RB,"https://static.www.nfl.com/image/private/f_auto,q_auto/league/ug2ua3skqc9f6vkbowxc",17,MIN,0,0,0,0,0,0,0,0,0,0,0,0,,0,,,384,1840,12,10,4,83,-19.8484500508362,0,21,21,125,0,0,0,1,124,4,2.14858809619909,0,125.0,0.103960396039604,0.0007880220646178,0.156492209504638,0,260.5,281.5
2008,REG+POST,00-0025396,T.Ginn,Ted Ginn,WR,WR,"https://static.www.nfl.com/image/private/f_auto,q_auto/league/o4m4txrv9l7odyebnea4",17,MIA,0,0,0,0,0,0,0,0,0,0,0,0,,0,,,5,73,2,0,0,2,5.26947091327747,0,61,61,828,2,3,0,646,182,39,60.4917319402689,0,1.28173374613003,0.171830985915493,0.278929188255613,0.452996910652169,0,114.1,175.1
2008,REG+POST,00-0025399,M.Lynch,Marshawn Lynch,RB,RB,"https://static.www.nfl.com/image/private/f_auto,q_auto/league/ddhpebfqtr9yxsnbx9ht",15,BUF,0,0,0,0,0,0,0,0,0,0,0,0,,0,,,251,1047,8,2,1,54,-5.31404880938224,0,47,47,300,1,0,0,-23,323,14,10.6323078783893,0,-13.0434782608696,0.177358490566038,-0.0171258376768429,0.254049649475267,0,186.7,233.7
2008,REG+POST,00-0025409,,Brady Quinn,QB,QB,,3,CLE,45,89,518,2,2,1,9,0,0,714,240,24,-2.77401556818059,0,0.725490196078431,-0.010054819881808,5,21,0,0,0,2,1.65367281972431,0,0,0,0,0,0,0,0,0,0,,0,,,,,0,26.82,26.82
2008,REG+POST,00-0025410,,Dwayne Bowe,WR,WR,"https://static.www.nfl.com/image/private/f_auto,q_auto/league/ihvktvkw198qeclu6mtk",16,KC,0,0,0,0,0,0,0,0,0,0,0,0,,0,,,0,0,0,0,0,0,,0,86,86,1022,7,0,0,644,378,49,93.7961583798356,0,1.58695652173913,0.27741935483871,0.32183908045977,0.641416388579904,0,144.2,230.2
2008,REG+POST,00-0025414,,Robert Meachem,WR,WR,,8,NO,0,0,0,0,0,0,0,0,0,0,0,0,,0,,,1,20,1,0,0,1,2.44986433698796,0,12,12,289,3,0,0,228,61,8,24.605651990074,0,1.26754385964912,0.0645161290322581,0.171816126601356,0.217045482169337,0,54.9,66.9
2008,REG+POST,00-0025417,,Craig Davis,WR,WR,,2,LAC,0,0,0,0,0,0,0,0,0,0,0,0,,0,,,0,0,0,0,0,0,,0,4,4,59,0,0,0,24,35,4,8.51972992462106,0,2.45833333333333,0.125,0.115384615384615,0.268269230769231,0,5.9,9.9
2008,REG+POST,00-0025418,G.Olsen,Greg Olsen,TE,TE,"https://static.www.nfl.com/image/private/f_auto,q_auto/league/jevf1bubmrv2vvmiwq3r",15,CHI,0,0,0,0,0,0,0,0,0,0,0,0,,0,,,0,0,0,0,0,0,,0,54,54,574,5,2,2,325,249,31,37.556555187738,0,1.76615384615385,0.186851211072664,0.207933461292386,0.425830239513667,0,83.4,137.4
2008,REG+POST,00-0025419,,Anthony Gonzalez,WR,WR,,17,IND,0,0,0,0,0,0,0,0,0,0,0,0,,0,,,0,0,0,0,0,0,,0,63,63,761,4,0,0,549,212,39,71.6241754751165,0,1.38615664845173,0.150717703349282,0.207639939485628,0.371424512663863,0,100.1,163.1
2008,REG+POST,00-0025423,,Kevin Kolb,QB,QB,,6,PHI,17,34,144,0,4,0,0,0,0,271,62,8,-30.7439010119124,0,0.531365313653137,-0.0264248501936296,13,2,0,0,0,0,-11.9901167998323,0,0,0,0,0,0,0,0,0,0,,0,,,,,0,-2.04,-2.04
2008,REG+POST,00-0025425,,Zach Miller,TE,TE,,15,LV,0,0,0,0,0,0,0,0,0,0,0,0,,0,,,0,0,0,0,0,0,,0,56,56,778,1,0,0,544,234,32,51.282093074002,0,1.43014705882353,0.262910798122066,0.382290934645116,0.66196985143468,0,83.8,139.8
2008,REG+POST,00-0025430,D.Stanton,Drew Stanton,QB,QB,"https://static.www.nfl.com/image/private/f_auto,q_auto/league/di5hc0mwbomreqx7ojbu",3,DET,9,17,119,1,0,6,35,0,0,210,31,6,-7.40602424055589,0,0.566666666666667,0.0034338334312574,3,20,0,0,0,1,1.48490341985598,0,0,0,0,0,0,0,0,0,0,,0,,,,,0,10.76,10.76
2008,REG+POST,00-0025431,,Sidney Rice,WR,WR,,11,MIN,0,1,0,0,0,0,0,0,0,37,0,0,-0.519997707568109,0,0.0,,0,0,0,0,0,0,,0,17,17,168,4,0,0,126,42,14,28.4755915547139,0,1.33333333333333,0.101796407185629,0.118198874296435,0.235433822785948,0,40.8,57.8
2008,REG+POST,00-0025432,,Dwayne Jarrett,WR,WR,,8,CAR,0,0,0,0,0,0,0,0,0,0,0,0,,0,,,0,0,0,0,0,0,,0,12,13,146,0,0,0,107,38,10,16.49000005587,0,1.36448598130841,0.0921985815602837,0.104594330400782,0.211513903620973,0,14.6,26.6
2008,REG+POST,00-0025437,,Chris Henry,RB,RB,,1,TEN,0,0,0,0,0,0,0,0,0,0,0,0,,0,,,1,3,0,0,0,0,-0.517884237924591,0,0,0,0,0,0,0,0,0,0,,0,,,,,0,0.3,0.3
2008,REG+POST,00-0025438,,Steve Smith,WR,WR,,17,NYG,0,0,0,0,0,0,0,0,0,0,0,0,,0,,,0,0,0,0,0,0,,0,59,59,591,1,2,1,451,140,36,53.0829090700604,0,1.31042128603104,0.188498402555911,0.202787769784173,0.424699042682787,0,63.1,122.1
2008,REG+POST,00-0025439,,Brian Leonard,RB,RB,,1,LA,0,0,0,0,0,0,0,0,0,0,0,0,,0,,,2,7,0,0,0,0,-1.34455362452624,0,0,0,0,0,0,0,0,0,0,,0,,,,,0,0.7,0.7
2008,REG+POST,00-0025450,,Brandon Jackson,RB,RB,,13,GB,0,0,0,0,0,0,0,0,0,0,0,0,,0,,,45,248,1,1,0,15,12.08362403776,0,30,30,185,0,0,0,-2,187,6,-3.37894660016205,0,-92.5,0.108303249097473,-0.0011961722488038,0.161617553072047,0,49.3,79.3
2008,REG+POST,00-0025458,,Lorenzo Booker,RB,RB,,8,PHI,0,0,0,0,0,0,0,0,0,0,0,0,,0,,,20,53,0,0,0,2,-3.06439562608092,0,6,6,11,0,0,0,-12,23,1,-2.91962525347481,0,-0.916666666666667,0.0631578947368421,-0.025,0.0772368421052632,0,6.4,12.4
2008,REG+POST,00-0025460,,Jacoby Jones,WR,WR,"https://static.www.nfl.com/image/private/f_auto,q_auto/league/yhjtycrpq7jtfarxkhcx",6,HOU,0,0,0,0,0,0,0,0,0,0,0,0,,0,,,1,-5,0,0,0,0,-1.54117921576835,0,3,3,81,0,0,0,51,30,2,5.17747762176441,0,1.58823529411765,0.0357142857142857,0.103448275862069,0.125985221674877,2,19.6,22.6
2008,REG+POST,00-0025461,,Yamon Figurs,WR,WR,,1,BAL,0,0,0,0,0,0,0,0,0,0,0,0,,0,,,0,0,0,0,0,0,,0,1,1,43,1,0,0,41,2,1,6.01821302459575,0,1.04878048780488,0.0625,0.325396825396825,0.321527777777778,0,10.3,11.3
2008,REG+POST,00-0025462,,Laurent Robinson,WR,WR,,2,ATL,0,0,0,0,0,0,0,0,0,0,0,0,,0,,,0,0,0,0,0,0,,0,5,5,52,0,0,0,23,29,3,4.96700424316805,0,2.26086956521739,0.2,0.0978723404255319,0.368510638297872,0,5.2,10.2
2008,REG+POST,00-0025463,,Jason Hill,WR,WR,,9,SF,0,0,0,0,0,0,0,0,0,0,0,0,,0,,,2,5,0,0,0,1,-0.212353841983713,0,31,31,319,2,1,0,197,122,20,30.0863183112815,0,1.61928934010152,0.15979381443299,0.151538461538462,0.345767644726408,0,44.4,75.4
2008,REG+POST,00-0025464,,Matt Spaeth,TE,TE,"https://static.www.nfl.com/image/private/f_auto,q_auto/league/wywcnns8be7rzlrwnjwh",8,PIT,0,0,0,0,0,0,0,0,0,0,0,0,,0,,,0,0,0,0,0,0,,0,18,18,142,0,0,0,67,75,6,9.28300414554542,0,2.11940298507463,0.111801242236025,0.0639312977099237,0.212453771750984,0,14.2,32.2
2008,REG+POST,00-0025465,,James Jones,WR,WR,,9,GB,0,0,0,0,0,0,0,0,0,0,0,0,,0,,,0,0,0,0,0,0,,0,20,20,274,1,0,0,225,49,16,28.6444741298165,0,1.21777777777778,0.1,0.139405204460967,0.247583643122677,0,33.4,53.4
2008,REG+POST,00-0025466,,Mike Sims-Walker,WR,WR,,6,JAX,0,0,0,0,0,0,0,0,0,0,0,0,,0,,,0,0,0,0,0,0,,0,16,16,217,0,0,0,193,24,11,17.3291685755785,0,1.12435233160622,0.142857142857143,0.292424242424242,0.418982683982684,0,21.7,37.7
2008,REG+POST,00-0025467,,Paul Williams,WR,WR,,1,TEN,0,0,0,0,0,0,0,0,0,0,0,0,,0,,,0,0,0,0,0,0,,0,1,1,7,0,0,0,6,1,1,0.612339300103486,0,1.16666666666667,0.0909090909090909,0.24,0.304363636363636,0,0.7,1.7
2008,REG+POST,00-0025477,,Tony Hunt,RB,RB,,4,PHI,0,0,0,0,0,0,0,0,0,0,0,0,,0,,,4,9,1,0,0,2,1.17989467139705,0,6,6,42,0,1,1,17,25,3,-3.05821535462746,0,2.47058823529412,0.0638297872340426,0.0467032967032967,0.128436988543372,0,9.1,15.1
2008,REG+POST,00-0025479,,Trent Edwards,QB,QB,,14,BUF,245,374,2699,11,10,23,143,6,4,2737,1096,132,10.2204375905464,1,0.986116185604677,0.083586083431443,36,117,3,3,1,11,4.34394364475156,0,0,0,0,0,0,0,0,0,0,,0,,,,,0,153.66,153.66
2008,REG+POST,00-0025480,,Garrett Wolfe,RB,RB,,6,CHI,0,0,0,0,0,0,0,0,0,0,0,0,,0,,,15,69,0,0,0,3,-0.922268088324927,0,0,0,0,0,0,0,0,0,0,,0,,,,,1,12.9,12.9
2008,REG+POST,00-0025486,,Johnnie Lee Higgins,WR,WR,,12,LV,0,0,0,0,0,0,0,0,0,0,0,0,,0,,,3,34,0,0,0,1,2.11959372088313,0,22,22,366,4,0,0,165,201,13,25.9442603565479,0,2.21818181818182,0.176,0.209923664122137,0.410946564885496,3,82.0,104.0
2008,REG+POST,00-0025487,,Michael Bush,RB,RB,,11,LV,1,3,8,0,0,0,0,0,0,19,2,1,-0.851462331600487,0,0.421052631578947,,94,419,3,1,1,15,-12.8511492982302,0,19,19,162,0,0,0,-2,164,7,2.65715238227108,0,-81.0,0.202127659574468,-0.0032948929159802,0.300885064320516,0,74.42,93.42
2008,REG+POST,00-0025490,,Isaiah Stanback,TE,TE,,1,DAL,0,0,0,0,0,0,0,0,0,0,0,0,,0,,,0,0,0,0,0,0,,0,2,2,24,0,0,0,17,7,0,1.09318547742441,0,1.41176470588235,0.0833333333333333,0.092896174863388,0.190027322404372,0,2.4,4.4
2008,REG+POST,00-0025494,,Antonio Pittman,RB,RB,,9,LA,0,0,0,0,0,0,0,0,0,0,0,0,,0,,,78,295,0,0,0,16,-8.0023930297466,0,18,18,129,0,1,0,-20,149,5,7.28436609840719,0,-6.45,0.128571428571429,-0.0229095074455899,0.17682048764523,0,42.4,60.4
2008,REG+POST,00-0025515,,Chris Davis,WR,WR,,2,TEN,0,0,0,0,0,0,0,0,0,0,0,0,,0,,,0,0,0,0,0,0,,0,2,2,31,0,0,0,18,13,2,2.67969905486098,0,1.72222222222222,0.0645161290322581,0.0957446808510638,0.163795470144132,0,3.1,5.1
2008,REG+POST,00-0025524,,Le'Ron McClain,FB,RB,,19,BAL,0,0,0,0,0,0,0,0,0,0,0,0,,0,,,263,997,11,3,1,54,-8.72122783690703,0,19,19,123,1,1,1,-17,140,7,2.89215011676424,0,-7.23529411764706,0.1,-0.0206561360874848,0.135540704738761,0,180.0,199.0
2008,REG+POST,00-0025529,,Steve Breaston,WR,WR,,19,ARI,0,0,0,0,0,0,0,0,0,0,0,0,,0,,,3,0,0,0,0,0,-1.9944505848689,0,90,90,1151,3,0,0,852,299,51,88.448310971315,0,1.35093896713615,0.181818181818182,0.279435880616596,0.46833238915889,0,133.1,223.1
2008,REG+POST,00-0025533,,Aundrae Allison,WR,WR,,6,MIN,0,0,0,0,0,0,0,0,0,0,0,0,,0,,,1,1,0,0,0,0,-0.357949349796399,0,10,10,109,0,0,0,62,47,8,12.201877380081,0,1.75806451612903,0.0862068965517242,0.0822281167108753,0.186870026525199,0,11.0,21.0
2008,REG+POST,00-0025535,,Kolby Smith,RB,RB,,7,KC,0,0,0,0,0,0,0,0,0,0,0,0,,0,,,35,100,1,0,0,5,-9.26613689426449,0,10,10,52,0,0,0,-9,61,0,-0.916020825214218,0,-5.77777777777778,0.106382978723404,-0.0210280373831776,0.144854841916882,0,21.2,31.2
2008,REG+POST,00-0025540,,Kevin Boss,TE,TE,,12,NYG,0,0,0,0,0,0,0,0,0,0,0,0,,0,,,0,0,0,0,0,0,,0,36,36,436,6,0,0,261,175,24,39.5811906165589,0,1.67049808429119,0.15929203539823,0.170143415906128,0.358038444231635,0,79.6,115.6
2008,REG+POST,00-0025542,,Dante Rosario,TE,TE,,7,CAR,0,0,0,0,0,0,0,0,0,0,0,0,,0,,,0,0,0,0,0,0,,0,21,21,237,1,0,0,172,65,13,22.1729319177102,0,1.37790697674419,0.16030534351145,0.174089068825911,0.362320363445313,0,29.7,50.7
2008,REG+POST,00-0025544,,David Clowney,WR,WR,,1,NYJ,0,0,0,0,0,0,0,0,0,0,0,0,,0,,,0,0,0,0,0,0,,0,1,1,26,0,0,0,21,5,1,1.79775889473967,0,1.23809523809524,0.0555555555555556,0.143835616438356,0.184018264840183,0,2.6,3.6
2008,REG+POST,00-0025549,B.Celek,Brent Celek,TE,TE,"https://static.www.nfl.com/image/private/f_auto,q_auto/league/mit6ahic4gkdhy1hkejt",14,PHI,0,0,0,0,0,0,0,0,0,0,0,0,,0,,,0,0,0,0,0,0,,0,46,46,469,4,0,0,231,238,26,41.3435278216494,0,2.03030303030303,0.138138138138138,0.102712316585149,0.279105828816811,0,70.9,116.9
2008,REG+POST,00-0025556,,Roy Hall,WR,WR,,1,IND,0,0,0,0,0,0,0,0,0,0,0,0,,0,,,0,0,0,0,0,0,,0,1,1,9,0,0,0,6,3,1,1.39240261167288,0,1.5,0.0344827586206897,0.0740740740740741,0.103575989782886,0,0.9,1.9
2008,REG+POST,00-0025559,,Legedu Naanee,WR,WR,,8,LAC,0,0,0,0,0,0,0,0,0,0,0,0,,0,,,0,0,0,0,0,0,,0,10,10,83,1,0,0,51,32,6,8.89611212012824,1,1.62745098039216,0.065359477124183,0.0503455083909181,0.133281071559917,0,16.3,26.3
2008,REG+POST,00-0025561,,Troy Smith,QB,QB,,6,BAL,3,4,82,1,0,1,1,0,0,63,25,3,4.89156865768018,0,1.3015873015873,,10,26,0,0,0,1,-2.98065099708037,0,1,1,36,0,0,0,5,31,1,2.2711924550822,0,7.2,0.0555555555555556,0.0211864406779661,0.0981638418079096,0,13.48,14.48
2008,REG+POST,00-0025578,,Korey Hall,RB,RB,,5,GB,0,0,0,0,0,0,0,0,0,0,0,0,,0,,,0,0,0,0,0,0,,0,7,7,38,1,0,0,18,20,3,3.67303421662655,0,2.11111111111111,0.0630630630630631,0.0238726790450928,0.11130546992616,0,9.8,16.8
2008,REG+POST,00-0025582,,Deon Anderson,FB,RB,,4,DAL,0,0,0,0,0,0,0,0,0,0,0,0,,0,,,2,3,0,0,0,0,-3.51969093538355,0,2,2,7,1,0,0,3,4,1,1.34944760799408,0,2.33333333333333,0.0540540540540541,0.0126582278481013,0.089941840574752,0,7.0,9.0
2008,REG+POST,00-0025584,,Courtney Taylor,WR,WR,,6,SEA,0,0,0,0,0,0,0,0,0,0,0,0,,0,,,0,0,0,0,0,0,,0,9,9,98,0,0,0,62,36,4,5.67588560580043,0,1.58064516129032,0.0957446808510638,0.0987261146496815,0.212725301531373,0,9.8,18.8
2008,REG+POST,00-0025592,,Jordan Palmer,QB,QB,,3,CIN,7,12,41,0,2,2,11,0,0,62,29,4,-13.1378320146177,0,0.661290322580645,0.0045679888143461,1,4,0,0,0,0,0.194636765751056,0,0,0,0,0,0,0,0,0,0,,0,,,,,0,-1.96,-1.96
2008,REG+POST,00-0025602,,Ben Patrick,TE,TE,,9,ARI,0,0,0,0,0,0,0,0,0,0,0,0,,0,,,0,0,0,0,0,0,,0,13,14,113,1,0,0,52,56,7,5.59421275107889,1,2.17307692307692,0.0645161290322581,0.0408805031446541,0.125390545749645,0,19.3,32.3
2008,REG+POST,00-0025604,,Tyler Thigpen,QB,QB,,14,KC,230,420,2608,18,12,26,162,2,0,3589,1005,127,-17.3653349776585,1,0.726664809139036,0.030454736588944,62,386,3,4,2,22,11.0335378159652,0,1,1,37,1,0,0,36,1,1,3.64740753325168,0,1.02777777777778,0.0666666666666667,0.262773722627737,0.283941605839416,0,216.62,217.62
2008,REG+POST,00-0025609,,Derek Schouman,TE,TE,,9,BUF,0,0,0,0,0,0,0,0,0,0,0,0,,0,,,0,0,0,0,0,0,,0,15,15,153,1,1,0,71,82,8,11.5906851318432,0,2.15492957746479,0.0903614457831325,0.0648401826484018,0.18093029652858,0,21.3,36.3
2008,REG+POST,00-0025612,,Brandon Fields,P,SPEC,"https://static.www.nfl.com/image/private/f_auto,q_auto/league/wanoipfufy1xfdlzg5ex",1,MIA,0,0,0,0,0,0,0,0,0,0,0,0,,0,,,1,0,0,0,0,0,-3.69555045315065,0,0,0,0,0,0,0,0,0,0,,0,,,,,0,0.0,0.0
2008,REG+POST,00-0025614,,Dallas Baker,WR,WR,,1,PIT,0,0,0,0,0,0,0,0,0,0,0,0,,0,,,0,0,0,0,0,0,,0,1,1,6,0,0,0,4,2,0,-0.0166082346113399,0,1.5,0.0333333333333333,0.0216216216216216,0.0651351351351351,0,0.6,1.6
2008,REG+POST,00-0025615,,DeShawn Wynn,RB,RB,,3,GB,0,0,0,0,0,0,0,0,0,0,0,0,,0,,,8,110,1,0,0,3,7.16828126035398,0,3,3,30,0,1,0,4,26,1,1.87021845132371,0,7.5,0.0454545454545455,0.0123076923076923,0.0767972027972028,0,20.0,23.0
2008,REG+POST,00-0025621,,Syndric Steptoe,WR,WR,,12,CLE,0,0,0,0,0,0,0,0,0,0,0,0,,0,,,0,0,0,0,0,0,,0,19,19,182,0,1,1,111,71,8,10.1515709477505,0,1.63963963963964,0.0969387755102041,0.104127579737336,0.218297469081441,0,16.2,35.2
2008,REG+POST,00-0025622,,Chansi Stuckey,WR,WR,,12,NYJ,0,0,0,0,0,0,0,0,0,0,0,0,,0,,,1,1,0,0,0,0,-0.593333321623504,0,32,32,359,3,0,0,161,170,22,35.6392255538958,0,2.22981366459627,0.125490196078431,0.134615384615385,0.282466063348416,0,54.0,86.0
2008,REG+POST,00-0025631,,Jason Snelling,FB,RB,,8,ATL,0,0,0,0,0,0,0,0,0,0,0,0,,0,,,15,62,0,0,0,5,-1.30055774661014,0,8,8,89,0,0,0,7,82,3,3.97974360862281,0,12.7142857142857,0.0720720720720721,0.0116666666666667,0.116274774774775,0,15.1,23.1
2008,REG+POST,00-0025633,,Kenneth Darby,RB,RB,,7,LA,0,0,0,0,0,0,0,0,0,0,0,0,,0,,,32,140,0,1,1,9,-3.23558824750944,0,19,19,183,0,0,0,20,163,8,4.15926314075801,0,9.15,0.174311926605505,0.0298507462686567,0.282363412296317,0,30.3,49.3
2008,REG+POST,00-0025636,,Derek Stanley,WR,WR,,5,LA,0,0,0,0,0,0,0,0,0,0,0,0,,0,,,1,0,0,1,1,0,-8.05061113229021,0,6,6,119,1,1,1,56,63,2,2.07908458617749,0,2.125,0.072289156626506,0.153005464480874,0.215537560076371,0,13.9,19.9
2008,REG+POST,00-0025637,,Ahmad Bradshaw,RB,RB,"https://static.www.nfl.com/image/private/f_auto,q_auto/league/vlgcz2so2urjgowxz3tz",11,NYG,0,0,0,0,0,0,0,0,0,0,0,0,,0,,,67,355,1,2,0,13,1.54075220636944,0,5,5,42,1,0,0,-14,56,2,2.31906619499205,0,-3.0,0.0505050505050505,-0.0278884462151394,0.0562356634069782,0,51.7,56.7
2008,REG+POST,00-0025672,,Tim Castille,FB,RB,,5,ARI,0,0,0,0,0,0,0,0,0,0,0,0,,0,,,0,0,0,0,0,0,,0,5,5,14,0,0,0,2,12,0,-1.4658570906613,0,7.0,0.0531914893617021,0.0029673590504451,0.0818643853778648,0,1.4,6.4
2008,REG+POST,00-0025701,,Jackie Battle,RB,RB,,1,KC,0,0,0,0,0,0,0,0,0,0,0,0,,0,,,0,0,0,0,0,0,,0,1,1,-2,0,0,0,-4,2,0,-0.63194166001631,0,0.5,0.0588235294117647,-0.0357142857142857,0.0632352941176471,0,-0.2,0.8
2008,REG+POST,00-0025860,,BenJarvus Green-Ellis,RB,RB,,8,NE,0,0,0,0,0,0,0,0,0,0,0,0,,0,,,74,275,5,0,0,23,-0.606279488875875,0,3,3,37,0,0,0,2,35,3,-1.03514051489765,0,18.5,0.0441176470588235,0.009090909090909,0.0725401069518717,0,61.2,64.2
2008,REG+POST,00-0025892,,Michael Bumpus,WR,WR,,3,SEA,0,0,0,0,0,0,0,0,0,0,0,0,,0,,,0,0,0,0,0,0,,0,5,5,48,1,0,0,23,25,4,5.00309362134431,0,2.08695652173913,0.113636363636364,0.0746753246753247,0.222727272727273,0,10.8,15.8
2008,REG+POST,00-0025913,,James Johnson,RB,RB,,3,CIN,0,0,0,0,0,0,0,0,0,0,0,0,,0,,,9,29,0,0,0,2,-0.956691321742255,0,6,6,47,0,0,0,1,46,3,3.54773363021667,0,47.0,0.260869565217391,0.0119047619047619,0.39963768115942,0,7.6,13.6
2008,REG+POST,00-0025997,,Chad Simpson,RB,RB,,4,IND,0,0,0,0,0,0,0,0,0,0,0,0,,0,,,15,45,1,1,0,6,-1.60940203129803,0,3,3,30,0,0,0,-4,34,1,2.87891775541357,0,-7.5,0.0555555555555556,-0.0126582278481013,0.0744725738396624,0,13.5,16.5
2008,REG+POST,00-0026000,,Davone Bess,WR,WR,,17,MIA,0,0,0,0,0,0,0,0,0,0,0,0,,0,,,1,13,0,0,0,1,1.35167825850658,0,56,56,608,1,0,0,316,292,30,43.7886130685269,0,1.92405063291139,0.157746478873239,0.129987659399424,0.327611079889456,0,68.1,124.1
2008,REG+POST,00-0026026,,Joey Haynos,TE,TE,,2,MIA,0,0,0,0,0,0,0,0,0,0,0,0,,0,,,0,0,0,0,0,0,,0,2,2,22,1,1,0,22,0,1,2.38809011457488,0,1.0,0.0588235294117647,0.0952380952380952,0.154901960784314,0,8.2,10.2
2008,REG+POST,00-0026029,,Kregg Lumpkin,RB,RB,,1,GB,0,0,0,0,0,0,0,0,0,0,0,0,,0,,,1,19,0,0,0,1,1.17523429484572,0,3,3,22,0,0,0,0,22,1,1.08161783253308,0,0.0,0.125,,,0,4.1,7.1
2008,REG+POST,00-0026033,,Mike Cox,FB,RB,,7,KC,0,0,0,0,0,0,0,0,0,0,0,0,,0,,,1,-2,0,0,0,0,-1.49950934504159,0,8,8,19,0,0,0,-2,21,0,-2.54609578021336,1,-9.5,0.0784313725490196,-0.0049140049140049,0.114207255383726,0,3.7,11.7
2008,REG+POST,00-0026069,M.Tolbert,Mike Tolbert,FB,RB,"https://static.www.nfl.com/image/private/f_auto,q_auto/league/frwhwdhbcteyg7xjha7a",8,LAC,0,0,0,0,0,0,0,0,0,0,0,0,,0,,,13,37,0,0,0,4,-4.47802039200906,0,13,13,171,1,0,0,17,154,7,13.7426084103175,0,10.0588235294118,0.13265306122449,0.0281456953642384,0.218681578591702,0,26.8,39.8
2008,REG+POST,00-0026113,,Clifton Smith,RB,RB,,5,TB,0,0,0,0,0,0,0,0,0,0,0,0,,0,,,8,40,0,1,1,3,-2.63233722455334,0,4,4,24,0,1,1,18,6,1,-3.97960435605817,0,1.33333333333333,0.0388349514563107,0.0311418685121107,0.0800517351429435,2,14.4,18.4
2008,REG+POST,00-0026143,M.Ryan,Matt Ryan,QB,QB,"https://static.www.nfl.com/image/private/f_auto,q_auto/league/s6zam4ekrrnonsck6vak",17,ATL,291,474,3639,18,13,20,113,2,1,4310,1409,171,81.9245455561843,1,0.844315545243619,0.118965710953776,59,110,1,5,1,13,-15.5295908339536,0,0,0,0,0,0,0,0,0,0,,0,,,,,0,206.56,206.56
2008,REG+POST,00-0026144,D.McFadden,Darren McFadden,RB,RB,"https://static.www.nfl.com/image/private/f_auto,q_auto/league/bfvionxxsfckmjqtw4kv",13,LV,0,0,0,0,0,1,5,0,0,0,0,0,-1.0935251499759,0,,,113,499,4,3,1,24,-3.34691865679562,0,29,29,285,0,0,0,-4,289,14,14.0126132647339,0,-71.25,0.167630057803468,-0.0034812880765883,0.249008185051591,0,100.4,129.4
2008,REG+POST,00-0026151,,Leodis McKelvin,CB,DB,"https://static.www.nfl.com/image/private/f_auto,q_auto/league/b8nkgdsecnksiw76siwq",1,BUF,0,0,0,0,0,0,0,0,0,0,0,0,,0,,,0,0,0,0,0,0,,0,0,0,0,0,0,0,0,0,0,,0,,,,,1,6.0,6.0
2008,REG+POST,00-0026153,J.Stewart,Jonathan Stewart,RB,RB,"https://static.www.nfl.com/image/private/f_auto,q_auto/league/dzvxfj3xrgnzc3jbag2n",17,CAR,0,0,0,0,0,0,0,0,0,0,0,0,,0,,,186,847,11,2,1,43,4.21406801402023,0,11,11,86,0,0,0,-2,88,4,4.26576128689339,0,-43.0,0.0932203389830508,-0.0022857142857142,0.138230508474576,0,157.3,168.3
2008,REG+POST,00-0026158,J.Flacco,Joe Flacco,QB,QB,"https://static.www.nfl.com/image/upload/f_auto,q_auto/league/dwsbpmlhoqud0puidizt",19,BAL,290,503,3408,15,15,36,293,6,2,4640,1501,161,-21.9917853606466,1,0.73448275862069,0.0369879552506548,64,186,3,6,0,20,-6.38137203761538,0,1,1,43,0,0,0,28,15,1,3.29195723484736,0,1.53571428571429,0.0769230769230769,0.345679012345679,0.357359924026591,0,205.22,206.22
2008,REG+POST,00-0026162,,Felix Jones,RB,RB,,5,DAL,0,0,0,0,0,0,0,0,0,0,0,0,,0,,,30,266,3,0,0,12,21.8034125788254,0,2,2,10,0,0,0,3,7,0,-0.250324275810272,0,3.33333333333333,0.0645161290322581,0.0394736842105263,0.124405772495756,1,51.6,53.6
2008,REG+POST,00-0026163,,Rashard Mendenhall,RB,RB,,3,PIT,0,0,0,0,0,0,0,0,0,0,0,0,,0,,,19,58,0,0,0,2,-3.07401031738846,0,2,2,17,0,0,0,5,12,1,1.24190962081775,0,3.4,0.0645161290322581,0.0218340611353712,0.112058036343147,0,7.5,9.5
2008,REG+POST,00-0026164,C.Johnson,Chris Johnson,RB,RB,"https://static.www.nfl.com/image/private/f_auto,q_auto/league/ryf9nc84eovvdbf0cz79",16,TEN,0,0,0,0,0,0,0,0,0,0,0,0,,0,,,262,1300,10,1,1,56,-10.4813794198382,0,44,44,288,1,0,0,9,279,12,6.41052972492433,0,32.0,0.156028368794326,0.0057215511760966,0.238047639014757,0,222.8,266.8
2008,REG+POST,00-0026170,,Dustin Keller,TE,TE,,14,NYJ,0,0,0,0,0,0,0,0,0,0,0,0,,0,,,0,0,0,0,0,0,,0,48,49,535,3,0,0,387,166,32,54.404655657534,0,1.38242894056848,0.158576051779935,0.238594327990136,0.404880107262998,0,71.5,119.5
2008,REG+POST,00-0026173,,Donnie Avery,WR,WR,,14,LA,0,0,0,0,0,0,0,0,0,0,0,0,,0,,,9,59,1,0,0,2,1.12138957856223,0,54,54,684,3,0,0,470,197,31,54.1299678456325,0,1.45531914893617,0.221311475409836,0.303421562298257,0.544362306723534,0,98.3,152.3
2008,REG+POST,00-0026174,,Devin Thomas,WR,WR,,10,WAS,0,0,0,0,0,0,0,0,0,0,0,0,,0,,,3,53,1,0,0,2,5.00015796592925,0,15,15,120,0,0,0,80,40,7,8.31770178774605,0,1.5,0.0914634146341463,0.122887864823349,0.223216627327564,0,23.3,38.3
2008,REG+POST,00-0026176,J.Nelson,Jordy Nelson,WR,WR,"https://static.www.nfl.com/image/private/f_auto,q_auto/league/bde2n4ozsakatgs4yyp2",15,GB,0,0,0,0,0,0,0,0,0,0,0,0,,0,,,0,0,0,0,0,0,,0,33,33,366,2,0,0,277,89,18,35.1996509037762,0,1.32129963898917,0.101538461538462,0.116779089376054,0.23405305487093,0,48.6,81.6
2008,REG+POST,00-0026178,,John Carlson,TE,TE,,15,SEA,0,0,0,0,0,0,0,0,0,0,0,0,,0,,,0,0,0,0,0,0,,0,55,55,627,5,0,0,400,227,36,57.9844611629087,0,1.5675,0.221774193548387,0.268636668905306,0.520706958556295,0,92.7,147.7
2008,REG+POST,00-0026181,,James Hardy,WR,WR,,4,BUF,0,0,0,0,0,0,0,0,0,0,0,0,,0,,,0,0,0,0,0,0,,0,9,9,87,2,0,0,71,16,5,9.77215686772252,0,1.22535211267606,0.125,0.149159663865546,0.291911764705882,0,20.7,29.7
2008,REG+POST,00-0026182,,Eddie Royal,WR,WR,"https://static.www.nfl.com/image/private/f_auto,q_auto/league/xoejgvlit9inmaazsvk4",15,DEN,0,1,0,0,0,0,0,0,0,18,0,0,-0.473807944217697,0,0.0,,11,109,0,0,0,3,3.88114839256741,0,91,91,980,5,1,1,638,342,43,71.5184786832013,1,1.53605015673981,0.249315068493151,0.243604429171439,0.544495703159734,0,138.9,229.9
2008,REG+POST,00-0026184,M.Forte,Matt Forte,RB,RB,"https://static.www.nfl.com/image/private/f_auto,q_auto/league/olqssssjykcx7tx7xsy3",16,CHI,0,0,0,0,0,0,0,0,0,0,0,0,,0,,,315,1231,8,1,1,62,-29.0284674326535,0,64,64,484,4,0,0,72,412,24,32.9085364237162,0,6.72222222222222,0.208469055374593,0.0457142857142857,0.344703583061889,0,241.5,305.5
2008,REG+POST,00-0026186,,Jerome Simpson,WR,WR,,1,CIN,0,0,0,0,0,0,0,0,0,0,0,0,,0,,,0,0,0,0,0,0,,0,1,1,2,0,0,0,-1,3,0,-0.517274342360906,0,0.0,0.0416666666666667,-0.0093457943925233,0.0559579439252337,0,0.2,1.2
2008,REG+POST,00-0026188,,Fred Davis,TE,TE,,4,WAS,0,0,0,0,0,0,0,0,0,0,0,0,,0,,,1,-3,0,0,0,0,-0.966548273572698,0,3,3,27,0,0,0,13,14,1,1.48274034814676,0,2.07692307692308,0.0508474576271187,0.0439189189189189,0.107014429683921,0,2.4,5.4
2008,REG+POST,00-0026189,D.Jackson,DeSean Jackson,WR,WR,"https://static.www.nfl.com/image/private/f_auto,q_auto/league/pr5m864fqvnoozihylrh",19,PHI,0,1,0,0,1,0,0,0,0,7,0,0,-4.5516787453671,0,0.0,,18,98,1,0,0,5,3.21405867909021,0,73,73,1119,3,1,0,835,284,50,96.7002855346786,0,1.34011976047904,0.175059952038369,0.307890855457227,0.478113526877613,1,149.7,222.7
2008,REG+POST,00-0026191,,Malcolm Kelly,WR,WR,,2,WAS,0,0,0,0,0,0,0,0,0,0,0,0,,0,,,0,0,0,0,0,0,,0,3,3,18,0,0,0,13,5,1,2.0093215079396,0,1.38461538461538,0.0681818181818182,0.0613207547169811,0.145197255574614,0,1.8,4.8
2008,REG+POST,00-0026193,,Limas Sweed,WR,WR,,4,PIT,0,0,0,0,0,0,0,0,0,0,0,0,,0,,,0,0,0,0,0,0,,0,8,8,84,0,1,0,58,21,5,7.3058096888708,0,1.44827586206897,0.121212121212121,0.169096209912536,0.300185528756957,0,8.4,16.4
2008,REG+POST,00-0026195,,Ray Rice,RB,RB,,13,BAL,0,0,0,0,0,0,0,0,0,0,0,0,,0,,,108,456,0,1,1,19,-18.1892117253123,0,36,36,316,0,0,0,-6,322,14,20.1271290445232,0,-52.6666666666667,0.197802197802198,-0.006269592476489,0.292314581969754,0,75.2,111.2
2008,REG+POST,00-0026197,C.Henne,Chad Henne,QB,QB,"https://static.www.nfl.com/image/private/f_auto,q_auto/league/ornr9pcnzveqlntqc7jx",1,MIA,7,12,67,0,0,0,0,0,0,62,11,3,3.13058320106939,0,1.08064516129032,0.164255991762104,0,0,0,0,0,0,,0,0,0,0,0,0,0,0,0,0,,0,,,,,0,2.68,2.68
2008,REG+POST,00-0026201,M.Bennett,Martellus Bennett,TE,TE,"https://static.www.nfl.com/image/private/f_auto,q_auto/league/repls3tq1d4jnvwmaqia",12,DAL,0,0,0,0,0,0,0,0,0,0,0,0,,0,,,0,0,0,0,0,0,,0,20,20,283,4,0,0,162,121,12,25.6336881791067,0,1.74691358024691,0.0826446280991736,0.108651911468813,0.200023280176929,0,52.3,72.3
2008,REG+POST,00-0026204,,Kevin Smith,RB,RB,,16,DET,0,0,0,0,0,0,0,0,0,0,0,0,,0,,,239,975,8,3,1,49,-7.52172291927472,0,39,39,286,0,0,0,27,259,9,0.202846766798757,0,10.5925925925926,0.159183673469388,0.0185694635488308,0.251774134688263,0,172.1,211.1
2008,REG+POST,00-0026209,,Jacob Hester,RB,RB,,9,LAC,0,0,0,0,0,0,0,0,0,0,0,0,,0,,,19,95,1,1,1,6,0.22163822944276,0,15,15,110,1,0,0,6,104,5,7.56189827161143,0,18.3333333333333,0.106382978723404,0.0068571428571428,0.164374468085106,0,30.5,45.5
2008,REG+POST,00-0026213,J.Charles,Jamaal Charles,RB,RB,"https://static.www.nfl.com/image/private/f_auto,q_auto/league/mdrlzgankwwjldxllgcx",16,KC,0,0,0,0,0,0,0,0,0,0,0,0,,0,,,67,357,0,1,1,17,-0.898866449133493,0,27,27,272,1,1,1,-15,269,9,3.21314815880398,0,-18.1333333333333,0.128571428571429,-0.0116459627329193,0.184704968944099,0,64.9,91.9
2008,REG+POST,00-0026216,,Brad Cottam,TE,TE,,4,KC,0,0,0,0,0,0,0,0,0,0,0,0,,0,,,0,0,0,0,0,0,,0,7,7,63,0,0,0,46,17,3,3.87057636311839,0,1.3695652173913,0.0945945945945946,0.0807017543859649,0.198383119962067,0,6.3,13.3
2008,REG+POST,00-0026221,,Early Doucet,WR,WR,,6,ARI,0,0,0,0,0,0,0,0,0,0,0,0,,0,,,0,0,0,0,0,0,,0,15,15,86,0,0,0,28,58,6,4.55059760878794,0,3.07142857142857,0.100671140939597,0.0277777777777778,0.17045115585384,0,8.6,23.6
2008,REG+POST,00-0026224,H.Douglas,Harry Douglas,WR,WR,"https://static.www.nfl.com/image/private/f_auto,q_auto/league/hblmz1iaov5vqx7cd9cv",15,ATL,0,0,0,0,0,0,0,0,0,0,0,0,,0,,,12,69,1,0,0,4,1.28306918833754,0,24,24,320,1,0,0,202,118,13,24.130033062543,0,1.58415841584158,0.125,0.144285714285714,0.2885,1,56.9,80.9
2008,REG+POST,00-0026225,,Craig Stevens,TE,TE,,1,TEN,0,0,0,0,0,0,0,0,0,0,0,0,,0,,,0,0,0,0,0,0,,0,1,1,9,0,0,0,8,1,0,0.644010374788195,0,1.125,0.0909090909090909,0.32,0.360363636363636,0,0.9,1.9
2008,REG+POST,00-0026229,,Steve Slaton,RB,RB,,16,HOU,0,0,0,0,0,0,0,0,0,0,0,0,,0,,,268,1282,9,2,1,60,-4.84415109647526,0,50,50,377,1,1,1,-43,420,14,-2.33386490740063,0,-8.76744186046512,0.151515151515152,-0.0207428847081524,0.212752707977021,0,221.9,271.9
2008,REG+POST,00-0026231,,Jermichael Finley,TE,TE,,5,GB,0,0,0,0,0,0,0,0,0,0,0,0,,0,,,0,0,0,0,0,0,,0,6,6,74,1,0,0,59,15,3,5.88740223512286,0,1.25423728813559,0.0504201680672269,0.0921875,0.14016150210084,0,13.4,19.4
2008,REG+POST,00-0026234,,Kevin O'Connell,QB,QB,,2,NE,4,6,23,0,0,1,2,0,0,28,12,1,-4.4829828889342,0,0.821428571428571,0.0601129570995692,3,-6,0,0,0,0,-3.1973133815336,0,0,0,0,0,0,0,0,0,0,,0,,,,,0,0.32,0.32
2008,REG+POST,00-0026235,,Mario Manningham,WR,WR,,4,NYG,0,0,0,0,0,0,0,0,0,0,0,0,,0,,,1,-12,0,0,0,0,-2.41819257976022,0,4,4,26,0,0,0,4,22,2,0.743518466479145,0,6.5,0.0701754385964912,0.0080645161290322,0.110908319185059,0,1.4,5.4
2008,REG+POST,00-0026237,,Andre Caldwell,WR,WR,,5,CIN,0,0,0,0,0,0,0,0,0,0,0,0,,0,,,5,53,0,0,0,3,4.98586408561096,0,11,11,78,0,0,0,43,35,4,6.16522405367266,0,1.81395348837209,0.135802469135802,0.103117505995204,0.275885957900346,0,13.1,24.1
2008,REG+POST,00-0026245,,Will Franklin,WR,WR,,5,KC,0,0,0,0,0,0,0,0,0,0,0,0,,0,,,0,0,0,0,0,0,,0,7,7,83,0,0,0,57,26,3,4.40211917996271,0,1.45614035087719,0.0707070707070707,0.0878274268104777,0.16753980482794,0,8.3,15.3
2008,REG+POST,00-0026251,,Martin Rucker,TE,TE,,2,CLE,0,0,0,0,0,0,0,0,0,0,0,0,,0,,,0,0,0,0,0,0,,0,2,2,17,0,0,0,17,0,2,2.5502438726835,0,1.0,0.0909090909090909,0.215189873417722,0.286996547756041,0,1.7,3.7
2008,REG+POST,00-0026257,Q.Demps,Quintin Demps,SS,DB,"https://static.www.nfl.com/image/private/f_auto,q_auto/league/qjmlprqtukd45wqsaif6",1,PHI,0,0,0,0,0,0,0,0,0,0,0,0,,0,,,0,0,0,0,0,0,,0,0,0,0,0,0,0,0,0,0,,0,,,,,1,6.0,6.0
2008,REG+POST,00-0026262,,Tashard Choice,RB,RB,,10,DAL,0,0,0,0,0,0,0,0,0,0,0,0,,0,,,92,472,2,0,0,25,13.0130190964264,0,21,21,185,0,0,0,-13,198,6,6.12667924439302,0,-14.2307692307692,0.135483870967742,-0.0116383169203223,0.195078984607387,0,77.7,98.7
2008,REG+POST,00-0026266,,Lavelle Hawkins,WR,WR,,5,TEN,0,0,0,0,0,0,0,0,0,0,0,0,,0,,,0,0,0,0,0,0,,0,7,7,68,0,0,0,48,20,5,7.52764432894765,0,1.41666666666667,0.0673076923076923,0.0814940577249576,0.158007378869009,0,6.8,13.8
2008,REG+POST,00-0026267,,Jacob Tamme,TE,TE,"https://static.www.nfl.com/image/private/f_auto,q_auto/league/kfyqh9qmtwufzixwuoo2",2,IND,0,0,0,0,0,0,0,0,0,0,0,0,,0,,,0,0,0,0,0,0,,0,3,3,12,0,0,0,7,5,1,-1.53760696854442,0,1.71428571428571,0.0508474576271187,0.031390134529148,0.0982442806110816,0,1.2,4.2
2008,REG+POST,00-0026268,,Keenan Burton,WR,WR,,10,LA,0,0,0,0,0,0,0,0,0,0,0,0,,0,,,3,8,0,0,0,0,-0.929064639378339,0,13,13,172,1,0,0,115,57,5,15.2762192650116,0,1.49565217391304,0.0670103092783505,0.0978723404255319,0.169026102215398,0,24.0,37.0
2008,REG+POST,00-0026272,,Derek Fine,TE,TE,,5,BUF,0,0,0,0,0,0,0,0,0,0,0,0,,0,,,0,0,0,0,0,0,,0,10,10,94,1,0,0,65,29,6,7.2266212067334,0,1.44615384615385,0.0980392156862745,0.114035087719298,0.226883384932921,0,15.4,25.4
2008,REG+POST,00-0026279,,Ryan Torain,RB,RB,,2,DEN,0,0,0,0,0,0,0,0,0,0,0,0,,0,,,15,69,1,0,0,4,0.570911991293542,0,0,0,0,0,0,0,0,0,0,,0,,,,,0,12.9,12.9
2008,REG+POST,00-0026282,,Zack Bowman,CB,DB,"https://static.www.nfl.com/image/private/f_auto,q_auto/league/w200w4kxwfgoc6kxtz4w",1,CHI,0,0,0,0,0,0,0,0,0,0,0,0,,0,,,0,0,0,0,0,0,,0,0,0,0,0,0,0,0,0,0,,0,,,,,1,6.0,6.0
2008,REG+POST,00-0026286,,Jerome Felton,FB,RB,"https://static.www.nfl.com/image/private/f_auto,q_auto/league/mkg1584egfz8psc6gca7",7,DET,0,0,0,0,0,0,0,0,0,0,0,0,,0,,,2,4,0,0,0,0,-1.8708422773052,0,9,9,53,0,0,0,13,40,4,-0.0689003293518908,0,4.07692307692308,0.087378640776699,0.022887323943662,0.147089087925612,0,5.7,14.7
2008,REG+POST,00-0026289,T.Hightower,Tim Hightower,RB,RB,"https://static.www.nfl.com/image/private/f_auto,q_auto/league/azokebvu5bctrltqy38r",20,ARI,0,0,0,0,0,0,0,0,0,0,0,0,,0,,,178,531,11,1,0,41,-15.8024455126753,0,37,37,254,2,1,0,11,243,14,17.4709124696522,0,23.0909090909091,0.0973684210526316,0.0052405907575035,0.1497210451092,0,156.5,193.5
2008,REG+POST,00-0026296,,Dennis Dixon,QB,QB,,1,PIT,1,1,3,0,0,0,0,0,0,2,1,0,-0.40896247047931,0,1.5,,2,-3,0,0,0,0,-3.32835828122916,0,0,0,0,0,0,0,0,0,0,,0,,,,,0,-0.18,-0.18
2008,REG+POST,00-0026303,,Owen Schmitt,FB,RB,,6,SEA,0,0,0,0,0,0,0,0,0,0,0,0,,0,,,5,21,0,0,0,1,-0.13426628021989,0,6,6,29,0,0,0,17,12,1,0.885243753495161,0,1.70588235294118,0.0869565217391304,0.0428211586901763,0.160409593691819,0,5.0,11.0
2008,REG+POST,00-0026314,,Josh Morgan,WR,WR,,9,SF,0,0,0,0,0,0,0,0,0,0,0,0,,0,,,0,0,0,0,0,0,,0,20,20,319,3,0,0,206,113,12,25.6361826545908,0,1.54854368932039,0.125786163522013,0.219850586979723,0.342574656168825,0,49.9,69.9
2008,REG+POST,00-0026315,,Geno Hayes,OLB,LB,,1,TB,0,0,0,0,0,0,0,0,0,0,0,0,,0,,,0,0,0,0,0,0,,0,0,0,0,0,0,0,0,0,0,,0,,,,,1,6.0,6.0
2008,REG+POST,00-0026316,,Jalen Parmele,RB,RB,,1,BAL,0,0,0,0,0,0,0,0,0,0,0,0,,0,,,2,27,0,0,0,1,-0.686486238293583,0,0,0,0,0,0,0,0,0,0,,0,,,,,0,2.7,2.7
2008,REG+POST,00-0026319,,Xavier Omon,RB,RB,,2,BUF,0,0,0,0,0,0,0,0,0,0,0,0,,0,,,6,5,0,0,0,1,-4.3519622774291,0,0,0,0,0,0,0,0,0,0,,0,,,,,0,0.5,0.5
2008,REG+POST,00-0026336,,Tom Santi,TE,TE,,3,IND,0,0,0,0,0,0,0,0,0,0,0,0,,0,,,0,0,0,0,0,0,,0,10,10,64,1,0,0,21,43,3,5.19958319759462,0,3.04761904761905,0.151515151515152,0.0623145400593472,0.27089290531427,0,12.4,22.4
2008,REG+POST,00-0026342,,Mike Hart,RB,RB,,2,IND,0,0,0,0,0,0,0,0,0,0,0,0,,0,,,2,9,0,0,0,2,0.408029976824764,0,1,1,18,0,1,0,3,15,1,1.13425577990711,0,6.0,0.0526315789473684,0.0153846153846154,0.0897165991902834,0,2.7,3.7
2008,REG+POST,00-0026345,P.Garcon,Pierre Garcon,WR,WR,"https://static.www.nfl.com/image/private/f_auto,q_auto/league/xwjogot7xrfj9qwhsgtn",2,IND,0,0,0,0,0,0,0,0,0,0,0,0,,0,,,0,0,0,0,0,0,,0,4,4,23,0,0,0,13,10,2,2.11411633371608,0,1.76923076923077,0.08,0.0543933054393306,0.158075313807531,0,2.3,6.3
2008,REG+POST,00-0026349,,Matt Flynn,QB,QB,"https://static.www.nfl.com/image/private/f_auto,q_auto/league/goh8anyqhyvmkfmfbejp",4,GB,2,5,6,0,0,0,0,0,0,22,3,0,-4.12159173499094,0,0.272727272727273,-0.0635662068576621,4,4,0,1,0,1,-0.82494256820064,0,0,0,0,0,0,0,0,0,0,,0,,,,,0,0.64,0.64
2008,REG+POST,00-0026353,,Chauncey Washington,RB,RB,,3,JAX,0,0,0,0,0,0,0,0,0,0,0,0,,0,,,4,9,0,0,0,1,-0.752085462678224,0,1,1,9,0,0,0,4,5,1,0.71891755447723,0,2.25,0.04,0.0187793427230047,0.0731455399061033,0,1.8,2.8
2008,REG+POST,00-0026364,,Steve Johnson,WR,WR,"https://static.www.nfl.com/image/private/f_auto,q_auto/league/vlyzq1v53slatimy6v5q",7,BUF,0,0,0,0,0,0,0,0,0,0,0,0,,0,,,1,6,0,0,0,0,0.402359194587916,0,10,10,102,2,0,0,74,28,9,13.4928041547246,0,1.37837837837838,0.08,0.107091172214182,0.194963820549928,0,22.8,32.8
2008,REG+POST,00-0026366,,Chaz Schilens,WR,WR,,8,LV,0,0,0,0,0,0,0,0,0,0,0,0,,0,,,1,-2,0,0,0,0,-1.89693896169774,0,15,15,226,2,0,0,184,42,9,21.7978911569808,0,1.22826086956522,0.135135135135135,0.218527315914489,0.355671823842845,0,34.4,49.4
2008,REG+POST,00-0026367,,Peyton Hillis,RB,RB,,7,DEN,0,0,0,0,0,0,0,0,0,0,0,0,,0,,,68,343,5,0,0,24,13.7113574463151,0,14,14,179,1,0,0,40,139,9,15.6106994086585,0,4.475,0.130841121495327,0.0518806744487678,0.232578154357128,0,88.2,102.2
2008,REG+POST,00-0026399,,Olaniyi Sobomehin,RB,RB,,1,NO,0,0,0,0,0,0,0,0,0,0,0,0,,0,,,0,0,0,0,0,0,,0,2,2,8,0,1,1,0,8,1,-1.98498196655419,0,0.0,0.0869565217391304,,,0,-1.2,0.8
2008,REG+POST,00-0026432,,Lance Ball,RB,RB,,1,IND,0,0,0,0,0,0,0,0,0,0,0,0,,0,,,13,83,0,1,0,5,3.65797778283013,0,1,1,5,0,0,0,-4,9,0,-0.106242186389863,0,-1.25,0.0344827586206897,-0.0493827160493827,0.0171562366964666,0,8.8,9.8
2008,REG+POST,00-0026453,,Dantrell Savage,RB,RB,,3,KC,0,0,0,0,0,0,0,0,0,0,0,0,,0,,,15,53,0,0,0,4,-2.81256595626473,0,2,2,0,0,0,0,-4,4,0,-2.04821441788226,0,0.0,0.0740740740740741,-0.021978021978022,0.0957264957264957,0,5.3,7.3
2009,REG,00-0000741,,Ronde Barber,FS,DB,,1,TB,0,0,0,0,0,0,0,0,0,0,0,0,,0,,,0,0,0,0,0,0,,0,0,0,0,0,0,0,0,0,0,,0,,,,,1,6.0,6.0
2009,REG,00-0000865,,Charlie Batch,QB,QB,,1,PIT,1,2,17,0,0,0,0,0,0,18,2,1,1.44984865514562,0,0.944444444444444,,0,0,0,0,0,0,,0,0,0,0,0,0,0,0,0,0,,0,,,,,0,0.68,0.68
2009,REG,00-0001477,,Marty Booker,WR,WR,,12,ATL,0,0,0,0,0,0,0,0,0,0,0,0,,0,,,1,7,0,0,0,0,0.297666821512394,0,16,32,181,1,0,0,291,55,9,-13.2015431760063,0,0.621993127147766,0.0788177339901478,0.0869955156950673,0.179123461971769,0,24.8,40.8
2009,REG,00-0002099,,Isaac Bruce,WR,WR,,9,SF,0,0,0,0,0,0,0,0,0,0,0,0,,0,,,1,-8,0,0,0,0,-1.56239057797939,0,21,49,264,0,0,0,520,64,13,-3.46260723816378,0,0.507692307692308,0.173144876325088,0.244475787494123,0.430850365733519,0,25.6,46.6
2009,REG,00-0002110,,Mark Brunell,QB,QB,,4,NO,15,30,102,0,1,1,9,0,0,61,97,5,-13.6851961328205,0,1.67213114754098,-0.0235062321974659,3,-3,0,0,0,0,0.0,0,0,0,0,0,0,0,0,0,0,,0,,,,,0,1.78,1.78
2009,REG,00-0003035,,Desmond Clark,TE,TE,,10,CHI,0,0,0,0,0,0,0,0,0,0,0,0,,0,,,0,0,0,0,0,0,,0,19,34,145,2,0,0,186,46,7,-6.97010689650779,0,0.779569892473118,0.0904255319148936,0.0551111111111111,0.174216075650118,0,26.5,45.5
2009,REG,00-0003292,,Kerry Collins,QB,QB,,7,TEN,119,216,1225,6,8,5,37,0,0,1742,558,63,-16.9155598587818,0,0.703214695752009,0.0004308616947801,12,15,1,3,2,2,-5.8477494676481,0,0,0,0,0,0,0,0,0,0,,0,,,,,0,60.5,60.5
2009,REG,00-0003315,,Todd Collins,QB,QB,,3,WAS,12,23,144,0,0,2,11,1,0,168,63,4,-5.34831566812869,0,0.857142857142857,0.0093178779072032,1,0,0,1,0,0,-1.17004767397884,0,0,0,0,0,0,0,0,0,0,,0,,,,,0,5.76,5.76
2009,REG,00-0003739,,Daunte Culpepper,QB,QB,,8,DET,89,157,945,3,6,14,107,2,0,1307,381,45,-23.3728437682779,0,0.723029839326702,0.0011807989506163,18,91,0,2,0,5,-4.83939511974639,0,0,0,0,0,0,0,0,0,0,,0,,,,,0,46.9,46.9
2009,REG,00-0004091,P.Dawson,Phil Dawson,K,SPEC,"https://static.www.nfl.com/image/private/f_auto,q_auto/league/dypn7kf7fsaz30ey0ayc",1,CLE,1,1,10,0,0,0,0,0,0,2,8,1,0.255512065689216,0,5.0,,0,0,0,0,0,0,,0,0,0,0,0,0,0,0,0,0,,0,,,,,0,0.4,0.4
2009,REG,00-0004161,,Jake Delhomme,QB,QB,,11,CAR,178,321,2015,8,18,23,187,4,3,2925,838,100,-58.2487059820396,1,0.688888888888889,-0.0014141014840792,17,60,0,2,0,5,-0.123419029812794,0,0,0,0,0,0,0,0,0,0,,0,,,,,0,78.6,78.6
2009,REG,00-0004541,,Donald Driver,WR,WR,,16,GB,0,0,0,0,0,0,0,0,0,0,0,0,,0,,,1,13,0,0,0,1,0.869188204116654,0,70,112,1061,6,2,1,1458,373,49,32.1805913170595,0,0.727709190672154,0.204379562043796,0.28706438275251,0.507514410992451,0,141.4,211.4
2009,REG,00-0004915,,Bobby Engram,WR,WR,,3,KC,0,0,0,0,0,0,0,0,0,0,0,0,,0,,,0,0,0,0,0,0,,0,5,10,61,0,0,0,98,17,4,3.60277888009455,0,0.622448979591837,0.105263157894737,0.153364632237872,0.265249979408615,0,6.1,11.1
2009,REG,00-0005091,,Kevin Faulk,RB,RB,,15,NE,0,0,0,0,0,0,0,0,0,0,0,0,,0,,,62,335,2,0,0,18,3.84062563104222,0,37,53,301,1,0,0,70,280,13,2.13081220825646,0,4.3,0.100952380952381,0.0168188370975493,0.163201757396856,0,81.6,118.6
2009,REG,00-0005106,,Brett Favre,QB,QB,,16,MIN,364,532,4202,33,7,34,247,2,2,4229,1949,211,134.624051055017,0,0.993615511941357,0.175243841610044,9,7,0,0,0,1,-9.41994258470368,0,1,1,-2,0,0,0,0,-2,0,-1.24013056536205,0,0.0,0.037037037037037,,,0,282.58,283.58
2009,REG,00-0005113,,Jeff Feagles,P,SPEC,,1,NYG,0,0,0,0,0,0,0,0,0,0,0,0,,0,,,1,-8,0,1,1,0,-3.99978277971968,0,0,0,0,0,0,0,0,0,0,,0,,,,,0,-2.8,-2.8
2009,REG,00-0005231,,Brian Finneran,WR,WR,,8,ATL,0,0,0,0,0,0,0,0,0,0,0,0,,0,,,0,0,0,0,0,0,,0,11,16,111,0,0,0,90,48,7,3.82334645218586,0,1.23333333333333,0.0645161290322581,0.0556586270871985,0.135735232509426,0,11.1,22.1
2009,REG,00-0005720,,Joey Galloway,WR,WR,,3,NE,0,0,0,0,0,0,0,0,0,0,0,0,,0,,,0,0,0,0,0,0,,0,7,19,67,0,0,0,204,29,3,-5.79699154765718,0,0.32843137254902,0.133802816901408,0.180212014134276,0.326852635246106,0,6.7,13.7
2009,REG,00-0005755,,Jeff Garcia,QB,QB,,1,PHI,0,0,0,0,0,0,0,0,0,0,0,0,,0,,,3,-2,0,1,1,0,-7.05617835454177,0,0,0,0,0,0,0,0,0,0,,0,,,,,0,-2.2,-2.2
2009,REG,00-0006101,,Tony Gonzalez,TE,TE,,16,ATL,0,0,0,0,0,0,0,0,0,0,0,0,,0,,,0,0,0,0,0,0,,0,83,135,867,6,0,0,1082,240,54,40.4310524008369,0,0.801293900184843,0.246350364963504,0.232588134135856,0.532337241340354,0,122.7,205.7
2009,REG,00-0006305,,Ahman Green,RB,RB,,7,GB,0,0,0,0,0,0,0,0,0,0,0,0,,0,,,41,160,1,0,0,8,-2.28050867130514,0,3,5,18,0,0,0,-7,23,2,-0.914969487581402,0,-2.57142857142857,0.0450450450450451,-0.0067049808429118,0.0628740809775293,0,23.8,26.8
2009,REG,00-0007091,,Matt Hasselbeck,QB,QB,"https://static.www.nfl.com/image/private/f_auto,q_auto/league/t1nf9avoy2kauqwrvzza",14,SEA,293,488,3029,17,17,32,209,6,2,3351,1713,146,-54.1988307512759,0,0.903909280811698,0.0170392455659281,26,119,0,4,1,5,-7.79969192450517,0,0,0,0,0,0,0,0,0,0,,0,,,,,0,161.06,161.06
2009,REG,00-0007213,,Steve Heiden,TE,TE,"https://static.www.nfl.com/image/private/f_auto,q_auto/league/gbtrxatwcauhazpjejcr",6,CLE,0,0,0,0,0,0,0,0,0,0,0,0,,0,,,0,0,0,0,0,0,,0,10,17,73,1,1,1,75,22,3,-10.084426696616,0,0.973333333333333,0.0955056179775281,0.050709939148073,0.178755384369943,0,11.3,21.3
2009,REG,00-0007681,,Torry Holt,WR,WR,,15,JAX,0,0,0,0,0,0,0,0,0,0,0,0,,0,,,0,0,0,0,0,0,,0,51,103,722,0,1,1,1275,141,35,9.77845495159795,0,0.566274509803922,0.215481171548117,0.311507451746885,0.541276973544995,0,70.2,121.2
2009,REG,00-0008241,,Edgerrin James,RB,RB,,7,SEA,0,0,0,0,0,0,0,0,0,0,0,0,,0,,,46,125,0,1,0,6,-3.59058575856034,0,3,3,19,0,0,0,-1,20,1,0.184042984386906,0,-19.0,0.0265486725663717,-0.0012360939431396,0.0389577430893597,0,14.4,17.4
2009,REG,00-0008484,,Dirk Johnson,P,SPEC,,1,TB,0,1,0,0,0,0,0,0,0,9,0,0,-1.89458916545846,0,0.0,,0,0,0,0,0,0,,0,0,0,0,0,0,0,0,0,0,,0,,,,,0,0.0,0.0
2009,REG,00-0009323,,Jimmy Kleinsasser,TE,TE,,9,MIN,0,0,0,0,0,0,0,0,0,0,0,0,,0,,,0,0,0,0,0,0,,0,10,16,70,0,0,0,105,28,3,-2.80366657426556,0,0.666666666666667,0.0526315789473684,0.0599657338663621,0.120923382127506,0,7.0,17.0
2009,REG,00-0010346,,Peyton Manning,QB,QB,"https://static.www.nfl.com/image/private/f_auto,q_auto/league/xpcd6auodk3w0vda6jal",16,IND,393,571,4500,33,16,10,74,1,0,4898,1974,237,174.143563199018,0,0.918742343813802,0.198655104048573,19,-13,0,1,0,0,-11.5137908794277,0,0,0,0,0,0,0,0,0,0,,0,,,,,0,278.7,278.7
2009,REG,00-0010500,,Derrick Mason,WR,WR,,16,BAL,0,0,0,0,0,0,0,0,0,0,0,0,,0,,,1,2,0,0,0,0,-0.361153347417712,0,73,134,1028,7,0,0,1860,260,55,36.6094555597414,0,0.552688172043011,0.264822134387352,0.421195652173913,0.692070158102767,0,145.0,218.0
2009,REG,00-0010609,,Brad Maynard,P,SPEC,,1,CHI,1,1,0,0,0,0,0,0,0,-3,3,0,-2.89475136809051,0,0.0,,0,0,0,0,0,0,,0,0,0,0,0,0,0,0,0,0,,0,,,,,0,0.0,0.0
2009,REG,00-0011022,,Donovan McNabb,QB,QB,,14,PHI,267,443,3553,22,10,36,265,7,2,3841,1638,148,38.6243221031362,2,0.925019526165061,0.0846793916246141,36,141,2,3,1,12,-0.853788710735789,0,1,1,1,0,0,0,-13,14,0,-0.520478601567447,0,0.0,0.0476190476190476,-0.0860927152317881,0.0111636707663198,0,234.32,235.32
2009,REG,00-0011626,,Brian Moorman,P,SPEC,,1,BUF,1,1,25,1,0,0,0,0,0,19,6,1,4.79952960507944,0,1.31578947368421,,0,0,0,0,0,0,,0,0,0,0,0,0,0,0,0,0,,0,,,,,0,5.0,5.0
2009,REG,00-0011641,,Sean Morey,WR,WR,,1,ARI,0,0,0,0,0,0,0,0,0,0,0,0,,0,,,0,0,0,0,0,0,,0,0,1,0,0,0,0,-2,0,0,-0.819592475459261,0,0.0,0.0232558139534884,-0.0072727272727272,0.0297928118393235,0,0.0,0.0
2009,REG,00-0011754,,Randy Moss,WR,WR,,16,NE,0,0,0,0,0,0,0,0,0,0,0,0,,0,,,0,0,0,0,0,0,,0,83,138,1264,13,2,1,1934,413,62,45.3735970844924,1,0.653567735263702,0.234295415959253,0.406815313420278,0.636213843333074,0,204.4,287.4
2009,REG,00-0011795,,Muhsin Muhammad,WR,WR,,14,CAR,0,0,0,0,0,0,0,0,0,0,0,0,,0,,,0,0,0,0,0,0,,0,53,89,581,1,0,0,951,173,31,1.98406465807698,0,0.610935856992639,0.216019417475728,0.253870795515216,0.501738683074244,0,64.1,117.1
2009,REG,00-0012023,,Jamar Nesbit,G,OL,,1,NO,0,0,0,0,0,0,0,0,0,0,0,0,,0,,,0,0,0,0,0,0,,0,0,1,0,0,0,0,1,0,0,-3.22785146534443,0,0.0,0.03125,0.0040650406504065,0.0497205284552846,0,0.0,0.0
2009,REG,00-0012478,,Terrell Owens,WR,WR,,16,BUF,0,0,0,0,0,0,0,0,0,0,0,0,,0,,,6,54,1,0,0,2,2.40568167017773,0,55,109,829,5,0,0,1606,309,33,-0.25036247693845,0,0.516189290161893,0.250574712643678,0.454442558007923,0.693971859571063,0,124.3,179.3
2009,REG,00-0013694,,Tony Richardson,FB,RB,,9,NYJ,0,0,0,0,0,0,0,0,0,0,0,0,,0,,,7,48,0,0,0,3,1.2961178405094,0,3,5,10,0,0,0,11,11,0,-3.56658838248168,0,0.909090909090909,0.040650406504065,0.0148849797023004,0.0713950955477078,0,5.8,8.8
2009,REG,00-0014655,,Mike Sellers,TE,TE,,14,WAS,0,0,0,0,0,0,0,0,0,0,0,0,,0,,,0,0,0,0,0,0,,0,17,26,176,2,1,1,116,86,8,-0.528332361194771,0,1.51724137931034,0.0552016985138004,0.0362953692115144,0.108209306218761,0,27.6,44.6
2009,REG,00-0015194,,Hunter Smith,P,SPEC,,3,WAS,1,2,35,1,1,0,0,0,0,43,6,1,3.56287403366878,0,0.813953488372093,,1,8,1,0,0,1,4.36924961738987,0,0,0,0,0,0,0,0,0,0,,0,,,,,0,10.2,10.2
2009,REG,00-0015601,,Aaron Stecker,RB,RB,,3,ATL,0,0,0,0,0,0,0,0,0,0,0,0,,0,,,5,15,0,0,0,0,-2.68423330725636,0,5,5,34,0,0,0,-4,38,1,-0.450531765818596,0,-8.5,0.0862068965517242,-0.0074349442379182,0.124105883861043,0,4.9,9.9
2009,REG,00-0015754,,Brandon Stokley,WR,WR,,11,DEN,0,0,0,0,0,0,0,0,0,0,0,0,,0,,,0,0,0,0,0,0,,0,19,33,327,4,0,0,233,208,15,11.7497736900546,0,1.40343347639485,0.0806845965770171,0.085036496350365,0.180552442310781,0,56.7,75.7
2009,REG,00-0016098,,Fred Taylor,RB,RB,,6,NE,0,0,0,0,0,0,0,0,0,0,0,0,,0,,,63,269,4,1,1,13,-4.40918530750787,0,2,3,17,0,0,0,-6,19,1,0.363108072895557,0,-2.83333333333333,0.03,-0.0065217391304347,0.0404347826086957,0,50.6,52.6
2009,REG,00-0016960,,Mike Vrabel,OLB,LB,,1,KC,0,0,0,0,0,0,0,0,0,0,0,0,,0,,,0,0,0,0,0,0,,0,1,1,1,1,0,0,1,0,1,1.43376059859293,0,1.0,0.024390243902439,0.0038461538461538,0.0392776735459662,0,6.1,7.1
2009,REG,00-0017162,,Hines Ward,WR,WR,,16,PIT,0,0,0,0,0,0,0,0,0,0,0,0,,0,,,0,0,0,0,0,0,,0,95,137,1167,6,2,1,1252,387,56,27.7977849599766,0,0.932108626198083,0.256554307116105,0.258570838496489,0.5658310476217,0,150.7,245.7
2009,REG,00-0017200,,Kurt Warner,QB,QB,,15,ARI,340,514,3758,27,14,24,172,10,5,3926,1595,192,52.9672915959021,0,0.957208354559348,0.111880617816224,21,10,0,1,1,1,-7.24348395213019,0,0,0,0,0,0,0,0,0,0,,0,,,,,0,219.32,219.32
2009,REG,00-0017915,,Ricky Williams,RB,RB,,16,MIA,0,1,0,0,1,0,0,0,0,3,0,0,-6.74707586789737,0,0.0,,241,1121,11,4,2,55,6.93729435672045,1,35,53,264,2,1,0,86,246,9,-6.5804016096276,0,3.06976744186047,0.0990654205607477,0.0197792088316467,0.162443577023274,0,212.5,247.5
2009,REG,00-0018958,,Laveranues Coles,WR,WR,,15,CIN,0,0,0,0,0,0,0,0,0,0,0,0,,0,,,2,10,0,0,0,1,0.91688978561433,0,43,76,514,5,0,0,610,212,29,15.8773892057935,0,0.842622950819672,0.172727272727273,0.164287638028548,0.374092255710893,0,82.4,125.4
2009,REG,00-0019041,,Billy Volek,QB,QB,,4,LAC,20,31,231,1,1,1,1,0,0,174,163,13,5.19196510978362,0,1.32758620689655,0.0678287337006612,9,-9,0,0,0,0,-8.5496999535244,0,0,0,0,0,0,0,0,0,0,,0,,,,,0,10.34,10.34
2009,REG,00-0019100,,Brad Hoover,FB,RB,,7,CAR,0,0,0,0,0,0,0,0,0,0,0,0,,0,,,20,52,1,1,0,6,-4.41559054149548,0,4,9,23,1,0,0,8,18,3,-2.52273113120287,0,2.875,0.050561797752809,0.0060195635816403,0.0800563911363617,0,19.5,23.5
2009,REG,00-0019127,,Todd Yoder,TE,TE,,5,WAS,0,0,0,0,0,0,0,0,0,0,0,0,,0,,,0,0,0,0,0,0,,0,4,5,9,3,0,0,17,1,3,4.3665857022861,0,0.529411764705882,0.0284090909090909,0.0181043663471779,0.0552866928066609,0,18.9,22.9
2009,REG,00-0019135,,Dan Kreider,FB,RB,,6,ARI,0,0,0,0,0,0,0,0,0,0,0,0,,0,,,0,0,0,0,0,0,,0,4,6,20,0,0,0,8,17,0,-0.842162609449588,0,2.5,0.0257510729613734,0.0065040650406504,0.0431794549705154,0,2.0,6.0
2009,REG,00-0019281,,Mike Furrey,WR,WR,,10,CLE,0,0,0,0,0,0,0,0,0,0,0,0,,0,,,0,0,0,0,0,0,,0,23,39,170,0,0,0,193,70,12,-9.09346355536847,0,0.880829015544041,0.129139072847682,0.0992287917737789,0.263168763513168,0,17.0,40.0
2009,REG,00-0019457,,Anthony Becht,TE,TE,,10,ARI,0,0,0,0,0,0,0,0,0,0,0,0,,0,,,0,0,0,0,0,0,,0,7,12,61,1,1,1,61,20,4,-2.09341596619925,0,1.0,0.031331592689295,0.0217623974313236,0.0622310672358691,0,10.1,17.1
2009,REG,00-0019484,,Sammy Morris,RB,RB,,12,NE,0,0,0,0,0,0,0,0,0,0,0,0,,0,,,73,319,2,2,1,18,-10.378061857482,0,19,27,180,0,0,0,32,179,10,-1.88462853513192,0,5.625,0.0617848970251716,0.0093567251461988,0.0992270531400966,0,59.9,78.9
2009,REG,00-0019502,,Mark Tauscher,T,OL,,1,GB,0,0,0,0,0,0,0,0,0,0,0,0,,0,,,0,0,0,0,0,0,,0,1,1,-3,0,0,0,-4,1,0,-1.69818071741228,0,0.0,0.025,-0.0116279069767442,0.0293604651162791,0,-0.3,0.7
2009,REG,00-0019559,,Chad Pennington,QB,QB,,3,MIA,51,74,413,1,2,6,32,2,1,554,148,27,-0.466861444916885,0,0.745487364620939,0.0869376668015238,3,7,0,1,0,2,-4.93873821900343,0,0,0,0,0,0,0,0,0,0,,0,,,,,0,15.22,15.22
2009,REG,00-0019587,,Terrelle Smith,FB,RB,,2,DET,0,0,0,0,0,0,0,0,0,0,0,0,,0,,,0,0,0,0,0,0,,0,2,4,7,0,0,0,2,3,0,-1.47514943615533,0,3.5,0.0540540540540541,0.0031948881789137,0.0833175028063207,0,0.7,2.7
2009,REG,00-0019596,T.Brady,Tom Brady,QB,QB,"https://static.www.nfl.com/image/private/f_auto,q_auto/league/q7dpdlxyu5rs05rgh1le",16,NE,371,565,4398,28,13,16,86,4,2,4711,2222,214,136.57983767425,1,0.933559753767778,0.164561700169285,29,44,1,0,0,8,0.569925059971865,0,0,0,0,0,0,0,0,0,0,,0,,,,,0,270.32,270.32
2009,REG,00-0019599,,Marc Bulger,QB,QB,,9,LA,140,247,1469,5,6,14,85,4,1,1904,690,78,-38.4970522225177,0,0.771533613445378,-0.0063558147157711,8,22,0,2,0,1,-8.2934252039995,0,0,0,0,0,0,0,0,0,0,,0,,,,,0,66.96,66.96
2009,REG,00-0019641,,Thomas Jones,RB,RB,,16,NYJ,0,0,0,0,0,0,0,0,0,0,0,0,,0,,,332,1402,14,2,0,64,-0.0888293113804317,0,10,18,58,0,0,0,-20,75,4,-4.30793483232822,0,-2.9,0.0649819494584838,-0.0074543421543048,0.0922548846797122,0,230.0,240.0
2009,REG,00-0019650,,Dennis Northcutt,WR,WR,,14,DET,0,0,0,0,0,0,0,0,0,0,0,0,,0,,,0,0,0,0,0,0,,0,34,62,348,1,0,0,557,119,18,-7.61953090078437,0,0.624775583482944,0.124497991967871,0.136219124480313,0.282100375088026,0,40.8,74.8
2009,REG,00-0019693,,Jamal Lewis,RB,RB,,9,CLE,0,0,0,0,0,0,0,0,0,0,0,0,,0,,,143,500,0,0,0,18,-22.9667544454764,1,8,11,88,0,0,0,7,81,5,4.70301063364605,0,12.5714285714286,0.0709677419354839,0.0051395007342143,0.110049263417176,0,60.8,68.8
2009,REG,00-0019709,,Chris Redman,QB,QB,,5,ATL,69,119,781,4,3,8,34,1,0,986,348,40,0.716510283100458,0,0.792089249492901,0.0548506586524031,6,4,0,0,0,1,-2.24832974438323,0,0,0,0,0,0,0,0,0,0,,0,,,,,0,41.64,41.64
2009,REG,00-0020245,,Mike Vick,QB,QB,"https://static.www.nfl.com/image/private/f_auto,q_auto/league/hrg4riwhpjbijfovsjrk",12,PHI,6,13,86,1,0,0,0,0,0,152,13,3,3.27093409560621,0,0.565789473684211,0.122602279332019,24,95,2,0,0,7,2.77204268862261,0,0,0,0,0,0,0,0,0,0,,0,,,,,0,28.94,28.94
2009,REG,00-0020268,,Tony Stewart,TE,TE,,9,LV,0,0,0,0,0,0,0,0,0,0,0,0,,0,,,0,0,0,0,0,0,,0,10,14,78,0,0,0,63,44,4,3.12776686059078,0,1.23809523809524,0.05,0.0230600292825769,0.0911420204978038,0,7.8,17.8
2009,REG,00-0020270,,Correll Buckhalter,RB,RB,,14,DEN,0,0,0,0,0,0,0,0,0,0,0,0,,0,,,120,642,1,3,2,29,-0.0337913470969742,0,31,38,240,0,0,0,-2,247,8,-2.82540932931333,0,-120.0,0.0881670533642691,-0.0007024938531787,0.131758834349179,0,90.2,121.2
2009,REG,00-0020285,,Alge Crumpler,TE,TE,,14,TEN,0,0,0,0,0,0,0,0,0,0,0,0,,0,,,0,0,0,0,0,0,,0,27,37,222,1,1,1,171,97,9,-6.57869539849178,0,1.29824561403509,0.0876777251184834,0.0458937198067633,0.163642191542459,0,26.2,53.2
2009,REG,00-0020337,,Steve Smith,WR,WR,"https://static.www.nfl.com/image/private/f_auto,q_auto/league/k23e0b8cto93he9rt0zc",15,CAR,0,0,0,0,0,0,0,0,0,0,0,0,,0,,,5,22,0,0,0,2,0.456976859248243,0,65,128,982,7,1,0,1587,355,42,1.93218802411558,1,0.61877756773787,0.295612009237875,0.399848828420257,0.723312193750993,0,144.4,209.4
2009,REG,00-0020342,,Brandon Manumaleuna,TE,TE,,6,LAC,0,0,0,0,0,0,0,0,0,0,0,0,,0,,,0,0,0,0,0,0,,0,5,7,13,0,0,0,1,27,1,-8.29428063187515,0,13.0,0.0343137254901961,0.0007012622720897,0.051961471825757,0,1.3,6.3
2009,REG,00-0020397,,Chad Johnson,WR,WR,,16,CIN,0,0,0,0,0,0,0,0,0,0,0,0,,0,,,3,32,0,0,0,1,1.42755243566353,0,72,128,1047,9,2,2,1672,245,55,32.4179661176217,0,0.626196172248804,0.274089935760171,0.437352864242741,0.717281908610176,0,157.9,229.9
2009,REG,00-0020438,,T.J. Houshmandzadeh,WR,WR,,16,SEA,0,0,0,0,0,0,0,0,0,0,0,0,,0,,,0,0,0,0,0,0,,0,79,135,911,3,2,1,1320,289,52,13.5222121431786,0,0.690151515151515,0.223509933774834,0.308771929824561,0.551405251539445,0,107.1,186.1
2009,REG,00-0020446,,Chris Chambers,WR,WR,,16,KC,0,0,0,0,0,0,0,0,0,0,0,0,,0,,,0,0,0,0,0,0,,0,45,92,730,5,0,0,1332,187,32,10.2144080646867,0,0.548048048048048,0.167577413479053,0.258992805755396,0.432661084247356,0,103.0,148.0
2009,REG,00-0020462,,LaMont Jordan,RB,RB,,6,DEN,0,0,0,0,0,0,0,0,0,0,0,0,,0,,,25,86,0,0,0,4,-8.91240836062934,0,0,4,0,0,0,0,27,0,0,-2.3527038412285,0,0.0,0.0563380281690141,0.0515267175572519,0.120575744543597,0,8.6,8.6
2009,REG,00-0020494,,Santana Moss,WR,WR,,16,WAS,0,0,0,0,0,0,0,0,0,0,0,0,,0,,,2,8,0,0,0,0,-0.0424595564836636,0,70,120,902,3,2,1,1110,356,40,-2.58207091399365,0,0.812612612612613,0.229007633587786,0.31786941580756,0.566020041446972,0,107.0,177.0
2009,REG,00-0020495,,Nate Clements,SS,DB,,1,SF,0,0,0,0,0,0,0,0,0,0,0,0,,0,,,0,0,0,0,0,0,,0,0,0,0,0,0,0,0,0,0,,0,,,,,1,6.0,6.0
2009,REG,00-0020498,,Reggie Wayne,WR,WR,,16,IND,0,1,0,0,1,0,0,0,0,16,0,0,-3.99852948123589,0,0.0,,0,0,0,0,0,0,,0,100,149,1264,10,0,0,1602,430,73,47.4784909198193,0,0.789013732833958,0.247920133111481,0.306251194800229,0.586256036027382,0,184.4,284.4
2009,REG,00-0020507,,Heath Evans,FB,RB,,6,NO,0,0,0,0,0,0,0,0,0,0,0,0,,0,,,5,16,1,0,0,1,0.430552157107741,0,10,13,70,2,0,0,-13,82,5,7.63510162377497,0,-5.38461538461539,0.0659898477157361,-0.0070308274743104,0.0940631923415868,0,26.6,36.6
2009,REG,00-0020508,,Moran Norris,RB,RB,,11,SF,0,0,0,0,0,0,0,0,0,0,0,0,,0,,,14,41,1,0,0,6,-1.66357406376724,0,7,11,31,0,0,0,16,21,1,-2.10479089780711,0,1.9375,0.0443548387096774,0.0128102481985588,0.0754994318035073,0,13.2,20.2
2009,REG,00-0020514,,Michael Bennett,RB,RB,,3,LAC,0,0,0,0,0,0,0,0,0,0,0,0,,0,,,23,65,0,0,0,2,-4.60812856571283,0,6,7,65,0,0,0,-32,92,2,2.49037873622729,0,-2.03125,0.0583333333333333,-0.0281938325991189,0.0677643171806167,0,13.0,19.0
2009,REG,00-0020516,,Todd Heap,TE,TE,,16,BAL,0,0,0,0,0,0,0,0,0,0,0,0,,0,,,1,2,0,1,0,0,-0.374703598674387,0,53,75,593,6,0,0,657,183,33,19.8642290530896,0,0.902587519025875,0.148221343873518,0.148777173913043,0.326476037549407,0,95.5,148.5
2009,REG,00-0020531,D.Brees,Drew Brees,QB,QB,"https://static.www.nfl.com/image/private/f_auto,q_auto/league/i20xlpzdmn7xubotijjd",15,NO,363,514,4388,34,11,20,135,9,6,4217,1975,210,157.813982076799,0,1.04055015413801,0.204260922616558,22,33,2,1,0,8,6.66236004012171,0,1,1,-4,0,0,0,0,-4,0,-0.751253165770322,0,0.0,0.0227272727272727,,,0,292.42,293.42
2009,REG,00-0020536,,LaDainian Tomlinson,RB,RB,,14,LAC,0,1,0,0,0,0,0,0,0,3,0,0,-0.99232980562374,0,0.0,,223,730,12,1,1,40,-24.6591713350525,0,20,30,154,0,1,1,12,191,7,-2.08063698962103,0,12.8333333333333,0.077319587628866,0.0033965468440418,0.118356964234128,0,156.4,176.4
2009,REG,00-0020550,,Darnell Dinkins,TE,TE,,4,NO,0,0,0,0,0,0,0,0,0,0,0,0,,0,,,0,0,0,0,0,0,,0,5,7,22,1,0,0,21,21,2,-1.26480398146668,0,1.04761904761905,0.0578512396694215,0.0290055248618785,0.107080726907447,0,8.2,13.2
2009,REG,00-0020608,,David Carr,QB,QB,,6,NYG,21,33,225,1,0,2,11,0,0,266,125,11,1.73367692941574,0,0.845864661654135,0.12039279326321,9,27,1,1,0,2,-1.50269309384748,0,0,0,0,0,0,0,0,0,0,,0,,,,,0,21.7,21.7
2009,REG,00-0020653,,Kalvin Pearson,FS,DB,,1,DET,0,0,0,0,0,0,0,0,0,0,0,0,,0,,,1,1,0,1,0,0,-2.75922625302337,0,0,0,0,0,0,0,0,0,0,,0,,,,,0,0.1,0.1
2009,REG,00-0020679,,Shaun Hill,QB,QB,"https://static.www.nfl.com/image/private/f_auto,q_auto/league/dn42ccbwrshm7uksyphy",6,SF,87,155,943,5,2,18,107,3,1,1083,499,39,-18.6316016195266,0,0.87072945521699,0.0049707002520284,8,70,0,0,0,4,2.8502524025389,0,0,0,0,0,0,0,0,0,0,,0,,,,,0,58.72,58.72
2009,REG,00-0020804,,Corey McIntyre,FB,RB,,4,BUF,0,0,0,0,0,0,0,0,0,0,0,0,,0,,,5,34,0,0,0,1,-0.265193237457424,0,7,8,55,0,0,0,4,54,3,2.69257339579053,0,13.75,0.0952380952380952,0.0068493150684931,0.147651663405088,0,8.9,15.9
2009,REG,00-0020805,,Jason McKie,RB,RB,,8,CHI,0,0,0,0,0,0,0,0,0,0,0,0,,0,,,0,0,0,0,0,0,,0,5,10,13,0,0,0,8,4,1,-8.26101078971988,0,1.625,0.036231884057971,0.0041797283176593,0.0572736359093181,0,1.3,6.3
2009,REG,00-0021148,,Jeremy Shockey,TE,TE,,13,NO,0,0,0,0,0,0,0,0,0,0,0,0,,0,,,0,0,0,0,0,0,,0,48,67,569,3,0,0,614,130,29,26.6285408161915,0,0.92671009771987,0.156177156177156,0.170224563349044,0.353422928610065,0,74.9,122.9
2009,REG,00-0021154,,Daniel Graham,TE,TE,,15,DEN,0,0,0,0,0,0,0,0,0,0,0,0,,0,,,0,0,0,0,0,0,,0,28,43,289,1,0,0,120,200,14,-0.724701646346899,0,2.40833333333333,0.0819047619047619,0.0332594235033259,0.146138739309471,0,34.9,62.9
2009,REG,00-0021159,,Jerramy Stevens,TE,TE,,14,TB,0,0,0,0,0,0,0,0,0,0,0,0,,0,,,0,0,0,0,0,0,,0,15,32,130,1,0,0,244,32,6,1.57264410762582,0,0.532786885245902,0.0677966101694915,0.057957244655582,0.142264986513145,0,19.0,34.0
2009,REG,00-0021163,,Jabar Gaffney,WR,WR,,16,DEN,0,0,0,0,0,0,0,0,0,0,0,0,,0,,,0,0,0,0,0,0,,0,54,87,732,2,0,0,843,263,36,25.8414398231613,0,0.868327402135231,0.157039711191336,0.213796601572407,0.385217187887688,0,85.2,139.2
2009,REG,00-0021166,,Josh Reed,WR,WR,,13,BUF,0,0,0,0,0,0,0,0,0,0,0,0,,0,,,0,0,0,0,0,0,,0,27,45,291,1,0,0,369,94,18,-5.66719655929091,0,0.788617886178862,0.126404494382022,0.123535319718781,0.276081465376181,0,35.1,62.1
2009,REG,00-0021174,,Tim Carter,WR,WR,,2,LA,0,0,0,0,0,0,0,0,0,0,0,0,,0,,,0,0,0,0,0,0,,0,1,5,6,0,0,0,45,1,0,-3.50130990322539,0,0.133333333333333,0.087719298245614,0.119363395225464,0.215133324026246,0,0.6,1.6
2009,REG,00-0021175,,Andre Davis,WR,WR,,6,HOU,0,0,0,0,0,0,0,0,0,0,0,0,,0,,,0,0,0,0,0,0,,0,6,11,59,0,0,0,144,20,3,-0.304786180553492,0,0.409722222222222,0.0482456140350877,0.0802675585284281,0.128555712022531,0,5.9,11.9
2009,REG,00-0021179,,Clinton Portis,RB,RB,,8,WAS,0,1,0,0,0,0,0,0,0,5,0,0,-1.41023449707289,0,0.0,,124,494,1,1,1,19,-23.8541678218753,0,9,12,57,1,0,0,-22,68,2,2.36003405958057,0,-2.59090909090909,0.0779220779220779,-0.019315188762072,0.103362484749667,0,65.1,74.1
2009,REG,00-0021182,,Maurice Morris,RB,RB,,14,DET,0,0,0,0,0,0,0,0,0,0,0,0,,0,,,93,384,2,1,0,14,-13.5384013696681,0,26,38,210,0,0,0,9,205,7,-1.16512868144893,1,23.3333333333333,0.0853932584269663,0.0024350649350649,0.129794433094995,0,73.4,99.4
2009,REG,00-0021184,,Ladell Betts,RB,RB,,10,WAS,0,0,0,0,0,0,0,0,0,0,0,0,,0,,,56,210,2,0,0,7,-5.00638355489638,0,17,20,179,0,0,0,-15,190,10,7.67187602317426,0,-11.9333333333333,0.0735294117647059,-0.0079829696647152,0.104706038881758,0,50.9,67.9
2009,REG,00-0021187,,Jon McGraw,SS,DB,,2,KC,0,0,0,0,0,0,0,0,0,0,0,0,,0,,,1,4,0,0,0,1,2.63531214464456,0,0,0,0,0,0,0,0,0,0,,0,,,,,1,6.4,6.4
2009,REG,00-0021189,,Ryan Denney,DE,DL,,1,BUF,0,0,0,0,0,0,0,0,0,0,0,0,,0,,,0,0,0,0,0,0,,0,1,1,25,1,0,0,19,6,1,4.79952960507944,0,1.31578947368421,0.0294117647058824,0.0833333333333333,0.102450980392157,0,8.5,9.5
2009,REG,00-0021190,,Antwaan Randle El,RB,RB,,16,WAS,0,0,0,0,0,1,11,0,0,0,0,0,-1.69457741663791,0,,,0,0,0,0,0,0,,0,50,76,530,0,1,0,493,215,33,14.6406259103828,0,1.07505070993915,0.145038167938931,0.149167927382753,0.321974801076324,0,53.0,103.0
2009,REG,00-0021191,,Antonio Bryant,WR,WR,,13,TB,0,0,0,0,0,0,0,0,0,0,0,0,,0,,,0,0,0,0,0,0,,0,39,86,600,4,0,0,1129,134,25,-22.3189979974904,0,0.531443755535872,0.209245742092457,0.317402305313466,0.536050226858113,0,84.0,123.0
2009,REG,00-0021192,,Deion Branch,WR,WR,,14,SEA,0,0,0,0,0,0,0,0,0,0,0,0,,0,,,1,-8,0,0,0,0,-2.4627001308836,0,45,79,437,2,0,0,751,205,17,-11.0731147406104,0,0.581890812250333,0.149905123339658,0.202262321572852,0.366441310110484,0,54.9,99.9
2009,REG,00-0021206,J.McCown,Josh McCown,QB,QB,"https://static.www.nfl.com/image/private/f_auto,q_auto/league/qcauc37wqjdaxdbq1evu",1,CAR,1,6,2,0,0,1,6,0,0,20,0,0,-7.00953750882763,0,0.1,-0.215904475671193,0,0,0,0,0,0,,0,0,0,0,0,0,0,0,0,0,,0,,,,,0,0.08,0.08
2009,REG,00-0021213,,Chris Baker,TE,TE,,11,NE,0,0,0,0,0,0,0,0,0,0,0,0,,0,,,0,0,0,0,0,0,,0,14,19,142,2,0,0,129,30,6,8.27426056825789,0,1.10077519379845,0.0454545454545455,0.041452442159383,0.0971985276933863,0,26.2,40.2
2009,REG,00-0021216,,Brian Westbrook,RB,RB,,8,PHI,0,1,0,0,0,0,0,0,0,1,0,0,-0.998890498303808,0,0.0,,61,274,1,0,0,13,2.01477083063219,0,25,34,181,1,0,0,68,151,7,0.228176121716388,0,2.66176470588235,0.124542124542125,0.0277324632952692,0.206225911119875,0,57.5,82.5
2009,REG,00-0021227,,Justin Peelle,TE,TE,,7,ATL,0,0,0,0,0,0,0,0,0,0,0,0,,0,,,0,0,0,0,0,0,,0,12,15,115,2,0,0,97,47,7,12.4232447575778,0,1.18556701030928,0.0574712643678161,0.041223969400765,0.11506367513226,0,23.5,35.5
2009,REG,00-0021231,,David Garrard,QB,QB,,16,JAX,314,516,3597,15,10,42,231,9,5,4224,1521,170,-8.4618351080374,0,0.8515625,0.0726611125213872,77,323,3,5,3,31,3.93564889858443,1,0,0,0,0,0,0,0,0,0,,0,,,,,0,220.18,220.18
2009,REG,00-0021236,,Randy McMichael,TE,TE,,16,LA,0,0,0,0,0,0,0,0,0,0,0,0,,0,,,0,0,0,0,0,0,,0,34,62,332,1,0,0,432,152,15,-8.76467738795195,0,0.768518518518519,0.115671641791045,0.114225277630883,0.253465157028185,0,39.2,73.2
2009,REG,00-0021255,,John Owens,TE,TE,,5,SEA,0,0,0,0,0,0,0,0,0,0,0,0,,0,,,0,0,0,0,0,0,,0,3,6,16,0,0,0,30,10,1,-0.326275162165985,0,0.533333333333333,0.0294117647058824,0.0256849315068493,0.0620970991136181,0,1.6,4.6
2009,REG,00-0021273,,Robert Royal,TE,TE,,10,CLE,0,0,0,0,0,0,0,0,0,0,0,0,,0,,,0,0,0,0,0,0,,0,11,26,134,1,0,0,224,43,8,-10.8543653713741,0,0.598214285714286,0.0909090909090909,0.115345005149331,0.217105139968168,0,19.4,30.4
2009,REG,00-0021279,,Verron Haynes,FB,RB,,2,ATL,0,0,0,0,0,0,0,0,0,0,0,0,,0,,,0,0,0,0,0,0,,0,3,4,20,0,0,0,-4,24,1,1.83588733033019,0,-5.0,0.0597014925373134,-0.0093240093240093,0.0830254322791636,0,2.0,5.0
2009,REG,00-0021296,,J.T. O'Sullivan,QB,QB,,3,CIN,4,11,40,0,0,3,31,2,2,44,15,1,-19.4276616108837,0,0.909090909090909,-0.1324989589677,3,12,0,0,0,2,0.974677398335189,0,0,0,0,0,0,0,0,0,0,,0,,,,,0,-1.2,-1.2
2009,REG,00-0021304,,John Gilmore,TE,TE,,6,TB,0,0,0,0,0,0,0,0,0,0,0,0,,0,,,0,0,0,0,0,0,,0,3,7,23,0,0,0,41,15,0,-2.86161603208166,0,0.560975609756098,0.0364583333333333,0.0265200517464424,0.0732515362225097,0,2.3,5.3
2009,REG,00-0021306,,Adrian Peterson,RB,RB,,3,CHI,0,0,0,0,0,0,0,0,0,0,0,0,,0,,,7,51,0,0,0,3,0.425890346436063,0,2,2,11,0,0,0,7,4,1,1.49406564340461,0,1.57142857142857,0.0526315789473684,0.032258064516129,0.101528013582343,0,6.2,8.2
2009,REG,00-0021314,,Chester Taylor,RB,RB,,16,MIN,0,0,0,0,0,0,0,0,0,0,0,0,,0,,,93,332,1,2,0,11,-22.1716239384841,0,44,59,389,1,0,0,28,370,17,2.22394787266973,0,13.8928571428571,0.107468123861566,0.0070369439557677,0.166128046561387,0,84.1,128.1
2009,REG,00-0021357,,Rock Cartwright,RB,RB,,11,WAS,0,0,0,0,0,0,0,0,0,0,0,0,,0,,,64,228,0,0,0,12,-11.7877921504368,0,27,32,242,1,0,0,14,238,9,4.45933740400065,0,17.2857142857143,0.0927536231884058,0.0058997050147492,0.143260228292933,0,53.0,80.0
2009,REG,00-0021429,C.Palmer,Carson Palmer,QB,QB,"https://static.www.nfl.com/image/private/f_auto,q_auto/league/belgna3tokxga0gjjmwk",16,CIN,282,466,3094,21,13,26,213,3,2,3833,1299,158,47.679463003898,1,0.807200626141404,0.0938361135367864,39,93,3,3,0,12,-2.16670411106511,1,0,0,0,0,0,0,0,0,0,,0,,,,,0,209.06,209.06
2009,REG,00-0021508,,Greg Lewis,WR,WR,,7,MIN,0,0,0,0,0,0,0,0,0,0,0,0,,0,,,0,0,0,0,0,0,,0,8,11,96,1,0,0,64,42,3,4.78952511225693,0,1.5,0.0416666666666667,0.0355555555555556,0.0873888888888889,0,15.6,23.6
2009,REG,00-0021525,,Casey Fitzsimmons,TE,TE,,7,DET,0,0,0,0,0,0,0,0,0,0,0,0,,0,,,0,0,0,0,0,0,,0,18,27,128,0,1,1,156,54,5,-2.49654667493486,0,0.82051282051282,0.10546875,0.0787083753784057,0.213298987764884,0,10.8,28.8
2009,REG,00-0021547,A.Gates,Antonio Gates,TE,TE,"https://static.www.nfl.com/image/private/f_auto,q_auto/league/kndulvysinvn4tpvt0bc",16,LAC,0,0,0,0,0,0,0,0,0,0,0,0,,0,,,0,0,0,0,0,0,,0,79,114,1157,8,1,0,1064,473,61,74.268899692116,0,1.08740601503759,0.223529411764706,0.219245827323305,0.488766196773373,0,163.7,242.7
2009,REG,00-0021570,,Kassim Osgood,WR,WR,,1,LAC,0,0,0,0,0,0,0,0,0,0,0,0,,0,,,0,0,0,0,0,0,,0,1,5,17,0,0,0,-6,38,1,-1.93543894102723,0,0.0,0.111111111111111,-0.0192926045016077,0.153161843515541,0,1.7,2.7
2009,REG,00-0021647,,Jerheme Urban,WR,WR,,9,ARI,0,0,0,0,0,0,0,0,0,0,0,0,,0,,,0,0,0,0,0,0,,0,18,29,186,0,0,0,262,63,9,-2.00800482553297,0,0.709923664122137,0.0828571428571429,0.116651825467498,0.205941992112963,0,18.6,36.6
2009,REG,00-0021678,,Tony Romo,QB,QB,"https://static.www.nfl.com/image/private/f_auto,q_auto/league/rdgaxf7djip2ovlkeqjk",16,DAL,347,550,4483,26,9,34,196,4,3,4163,2295,203,113.027905998308,0,1.0768676435263,0.12275656807619,35,105,1,2,1,5,-3.04654559644405,0,0,0,0,0,0,0,0,0,0,,0,,,,,0,273.82,273.82
2009,REG,00-0021755,,Earnest Graham,RB,RB,,11,TB,0,0,0,0,0,0,0,0,0,0,0,0,,0,,,14,66,0,0,0,5,4.40280175651424,0,14,22,109,0,0,0,80,78,3,-4.96853565726343,0,1.3625,0.0702875399361022,0.0283990060347888,0.125310614128506,0,17.5,31.5
2009,REG,00-0021756,,Will Heller,TE,TE,,16,DET,0,0,0,0,0,0,0,0,0,0,0,0,,0,,,0,0,0,0,0,0,,0,29,50,296,3,0,0,363,124,17,-4.98700144591883,0,0.815426997245179,0.087260034904014,0.0760687342833194,0.184138166354344,0,47.6,76.6
2009,REG,00-0021915,,Sam Aiken,WR,WR,,10,NE,0,0,0,0,0,0,0,0,0,0,0,0,,0,,,0,0,0,0,0,0,,0,20,41,326,2,0,0,603,187,12,11.8057471567082,0,0.540630182421227,0.120234604105572,0.206224350205198,0.324708951301997,0,44.6,64.6
2009,REG,00-0021929,,Donald Lee,TE,TE,,15,GB,0,0,0,0,0,0,0,0,0,0,0,0,,0,,,0,0,0,0,0,0,,0,36,54,253,1,0,0,332,135,9,-4.85432790343128,0,0.762048192771084,0.104046242774566,0.0698359276398822,0.204954513509767,0,31.3,67.3
2009,REG,00-0021931,,Kevin Walter,WR,WR,,14,HOU,0,0,0,0,0,0,0,0,0,0,0,0,,0,,,4,26,0,0,0,2,2.82172365710721,0,53,70,611,2,0,0,656,128,33,27.548210539268,0,0.93140243902439,0.137254901960784,0.163509471585244,0.320338983050847,0,75.7,128.7
2009,REG,00-0021940,,Josh Brown,K,SPEC,,1,LA,1,1,36,1,0,0,0,0,0,7,29,1,6.00545434746891,0,5.14285714285714,,0,0,0,0,0,0,,0,0,0,0,0,0,0,0,0,0,,0,,,,,0,5.44,5.44
2009,REG,00-0021976,,Larry Johnson,RB,RB,,14,CIN,0,0,0,0,0,0,0,0,0,0,0,0,,0,,,178,562,0,2,1,28,-34.0748717604249,0,15,21,80,0,0,0,-12,84,4,-3.70594205585076,0,-6.66666666666667,0.0801526717557252,-0.0071856287425149,0.115199067513827,0,62.2,77.2
2009,REG,00-0021982,,Justin Gage,WR,WR,,12,TEN,0,0,0,0,0,0,0,0,0,0,0,0,,0,,,0,0,0,0,0,0,,0,28,67,383,3,0,0,960,66,22,-3.3554621244894,0,0.398958333333333,0.2,0.332065029401591,0.532445520581114,0,56.3,84.3
2009,REG,00-0021999,,Nate Burleson,WR,WR,,13,SEA,0,0,0,0,0,0,0,0,0,0,0,0,,0,,,2,4,0,0,0,0,-0.700686009367928,0,63,103,812,3,2,2,1113,276,42,20.0503612343081,0,0.729559748427673,0.209349593495935,0.316193181818182,0.53535961751663,0,95.6,158.6
2009,REG,00-0022000,,Wayne Hunter,T,OL,,1,NYJ,0,0,0,0,0,0,0,0,0,0,0,0,,0,,,0,0,0,0,0,0,,0,0,1,0,0,0,0,5,0,0,-0.359223423933145,0,0.0,0.032258064516129,0.0160771704180064,0.0596411160667981,0,0.0,0.0
2009,REG,00-0022001,,Kevin Curtis,WR,WR,,3,PHI,0,0,0,0,0,0,0,0,0,0,0,0,,0,,,0,0,0,0,0,0,,0,6,15,77,0,0,0,195,17,5,-6.34637392591685,0,0.394871794871795,0.131578947368421,0.227537922987165,0.356644967143647,0,7.7,13.7
2009,REG,00-0022003,,B.J. Askew,FB,RB,,3,TB,0,0,0,0,0,0,0,0,0,0,0,0,,0,,,1,0,0,0,0,0,0.0067321546957828,0,2,2,3,0,0,0,1,2,0,-1.04348961729556,0,3.0,0.0294117647058824,0.0016420361247947,0.0452670723461799,0,0.3,2.3
2009,REG,00-0022005,,Chris Simms,QB,QB,,3,DEN,5,17,23,0,1,5,39,1,1,138,11,1,-22.6185832742485,0,0.166666666666667,-0.0942184452062993,3,-4,0,0,0,0,0.0,0,0,0,0,0,0,0,0,0,0,,0,,,,,0,-3.48,-3.48
2009,REG,00-0022011,,Justin Griffith,RB,RB,,12,SEA,0,0,0,0,0,0,0,0,0,0,0,0,,0,,,4,6,0,0,0,2,-1.11002503533382,0,19,27,118,1,1,1,61,82,4,-16.3022196769598,0,1.9344262295082,0.0641330166270784,0.0265217391304348,0.114764742331922,0,16.4,35.4
2009,REG,00-0022044,,Andre Johnson,WR,WR,,16,HOU,0,0,0,0,0,0,0,0,0,0,0,0,,0,,,2,10,0,0,0,1,0.674005089967977,0,101,171,1569,9,1,0,1922,539,69,48.3671157672672,1,0.81633714880333,0.293814432989691,0.425033171163202,0.738244869298778,0,213.9,314.9
2009,REG,00-0022054,,Visanthe Shiancoe,TE,TE,,16,MIN,0,0,0,0,0,0,0,0,0,0,0,0,,0,,,0,0,0,0,0,0,,0,56,79,566,11,0,0,553,225,38,41.9593510465943,0,1.02350813743219,0.143897996357013,0.128604651162791,0.305870250349473,0,122.6,178.6
2009,REG,00-0022055,,Seneca Wallace,QB,QB,,13,SEA,78,120,700,3,2,9,59,2,2,891,340,37,0.150246312799518,0,0.785634118967452,0.0422799329648129,16,2,1,3,0,3,-16.2256613468635,0,2,3,29,0,0,0,-8,37,2,1.20332056190819,0,0.0,0.0234375,-0.01,0.02815625,0,41.1,43.1
2009,REG,00-0022064,,Arnaz Battle,WR,WR,,4,SF,0,0,0,0,0,0,0,0,0,0,0,0,,0,,,0,0,0,0,0,0,,0,5,5,40,0,0,0,22,18,3,3.30659085238585,0,1.81818181818182,0.0420168067226891,0.0323529411764706,0.085672268907563,0,4.0,9.0
2009,REG,00-0022084,,Anquan Boldin,WR,WR,"https://static.www.nfl.com/image/private/f_auto,q_auto/league/ajabgwxbliupgkwjbnut",15,ARI,0,0,0,0,0,0,0,0,0,0,0,0,,0,,,2,7,0,0,0,0,-0.0859734490513802,0,85,128,1029,5,3,2,1105,366,50,30.5007776475293,0,0.931221719457014,0.230630630630631,0.255846260708497,0.525038328441894,0,129.6,214.6
2009,REG,00-0022092,,Chris Brown,RB,RB,,14,HOU,0,1,0,0,1,0,0,0,0,4,0,0,-5.10401103383629,0,0.0,,79,267,3,1,1,15,-22.3646089081697,0,16,21,74,0,0,0,25,63,1,-6.17267060486291,0,2.96,0.0514705882352941,0.0078369905956112,0.0826917757698691,0,48.1,64.1
2009,REG,00-0022093,,Justin Fargas,RB,RB,,12,LV,0,0,0,0,0,0,0,0,0,0,0,0,,0,,,129,491,3,1,0,23,-13.9186503938172,0,17,21,113,0,0,0,3,112,5,-3.72073547619659,0,37.6666666666667,0.067524115755627,0.0010434782608695,0.102016608416049,0,78.4,95.4
2009,REG,00-0022097,,Brandon Lloyd,WR,WR,,2,DEN,0,0,0,0,0,0,0,0,0,0,0,0,,0,,,0,0,0,0,0,0,,0,8,18,117,0,0,0,209,14,5,-6.55777942074928,0,0.559808612440191,0.1875,0.303779069767442,0.493895348837209,0,11.7,19.7
2009,REG,00-0022101,,Brian St. Pierre,QB,QB,,1,ARI,2,4,12,1,1,0,0,0,0,30,0,2,-3.31894100274076,0,0.4,,1,2,0,1,0,0,-0.490682284813374,0,0,0,0,0,0,0,0,0,0,,0,,,,,0,2.68,2.68
2009,REG,00-0022121,,Rex Grossman,QB,QB,,1,HOU,3,9,33,0,1,0,0,0,0,86,7,1,-6.43965773528907,0,0.383720930232558,-0.0522508259199021,3,5,0,1,0,1,-0.219493268989027,0,0,0,0,0,0,0,0,0,0,,0,,,,,0,-0.18,-0.18
2009,REG,00-0022126,,L.J. Smith,TE,TE,,3,BAL,0,0,0,0,0,0,0,0,0,0,0,0,,0,,,0,0,0,0,0,0,,0,2,3,31,0,0,0,16,17,2,0.732016524998471,0,1.9375,0.0283018867924528,0.0177580466148724,0.0548834628190899,0,3.1,5.1
2009,REG,00-0022127,J.Witten,Jason Witten,TE,TE,"https://static.www.nfl.com/image/private/f_auto,q_auto/league/r7uafhtwuexuaty0nhsc",16,DAL,0,0,0,0,0,0,0,0,0,0,0,0,,0,,,0,0,0,0,0,0,,0,94,124,1030,2,0,0,876,453,48,37.3791705090031,0,1.17579908675799,0.228360957642726,0.212415130940834,0.491232028122672,0,115.0,209.0
2009,REG,00-0022141,,Jeremi Johnson,FB,RB,,12,CIN,0,0,0,0,0,0,0,0,0,0,0,0,,0,,,4,8,0,1,1,1,-5.04266050428851,0,6,12,41,0,0,0,36,23,1,-1.16073187324218,0,1.13888888888889,0.046875,0.0161290322580645,0.0816028225806452,0,2.9,8.9
2009,REG,00-0022143,,Ovie Mughelli,FB,RB,,7,ATL,0,0,0,0,0,0,0,0,0,0,0,0,,0,,,4,10,0,0,0,2,0.419311559177004,0,7,10,51,1,0,0,12,40,3,0.783101738488767,0,4.25,0.050251256281407,0.0071216617210682,0.0803620476268583,0,12.1,19.1
2009,REG,00-0022144,,Bobby Wade,WR,WR,,12,KC,0,0,0,0,0,0,0,0,0,0,0,0,,0,,,2,11,0,0,0,0,0.601077733910643,0,37,75,367,2,0,0,655,114,17,-6.08763661905555,0,0.56030534351145,0.190355329949239,0.208931419457735,0.431784988544273,0,49.8,86.8
2009,REG,00-0022156,,Bryant Johnson,WR,WR,,16,DET,0,0,0,0,0,0,0,0,0,0,0,0,,0,,,0,0,0,0,0,0,,0,36,88,426,3,0,0,1136,116,23,-37.3616877930308,0,0.375,0.153577661431065,0.238055322715842,0.397005218047687,0,60.6,96.6
2009,REG,00-0022164,,Kyle Boller,QB,QB,,7,LA,98,176,899,3,6,17,117,1,1,1095,576,50,-68.5825296163997,0,0.821004566210046,-0.0183916703407956,13,76,0,1,1,5,-1.73320945701562,0,0,0,0,0,0,0,0,0,0,,0,,,,,0,39.56,39.56
2009,REG,00-0022165,,Dallas Clark,TE,TE,,16,IND,0,0,0,0,0,0,0,0,0,0,0,0,,0,,,2,11,0,0,0,1,0.820595238066744,0,100,132,1106,10,1,0,953,485,59,56.2169151866287,0,1.16054564533054,0.219633943427621,0.182183138979163,0.456979112426845,0,171.7,271.7
2009,REG,00-0022167,,Chris Crocker,DB,DB,,1,CIN,0,0,0,0,0,0,0,0,0,0,0,0,,0,,,1,21,0,0,0,1,3.6591246065218,0,0,0,0,0,0,0,0,0,0,,0,,,,,0,2.1,2.1
2009,REG,00-0022171,,Kelley Washington,WR,WR,,15,BAL,0,0,0,0,0,0,0,0,0,0,0,0,,0,,,1,1,0,0,0,0,-1.26393938274123,0,34,48,431,2,0,0,456,110,27,34.525352422148,0,0.945175438596491,0.106666666666667,0.117043121149897,0.241930184804928,0,55.2,89.2
2009,REG,00-0022177,,Byron Leftwich,QB,QB,,3,TB,58,107,594,4,3,2,0,0,0,995,178,27,-11.170223269293,0,0.596984924623116,0.0220291498305289,6,6,0,2,0,1,-1.87519068666734,0,0,0,0,0,0,0,0,0,0,,0,,,,,0,34.36,34.36
2009,REG,00-0022178,,Willis McGahee,RB,RB,,15,BAL,0,0,0,0,0,0,0,0,0,0,0,0,,0,,,109,544,12,1,1,28,11.1212690443668,0,15,22,85,2,0,0,-8,109,5,-0.0983772077597678,0,-10.625,0.0594594594594595,-0.0034453057708871,0.0867774751495682,0,144.9,159.9
2009,REG,00-0022217,,Mewelde Moore,RB,RB,,15,PIT,1,1,6,1,0,0,0,0,0,6,0,1,1.59294534247601,0,1.0,,35,118,0,0,0,7,-6.20116507774219,0,21,31,153,2,0,0,48,140,9,3.18960489835551,0,3.1875,0.0767326732673267,0.0142857142857143,0.12509900990099,0,43.34,64.34
2009,REG,00-0022250,,Willie Parker,RB,RB,,13,PIT,0,0,0,0,0,0,0,0,0,0,0,0,,0,,,98,389,0,1,1,19,-14.7896912146768,0,6,7,64,1,0,0,28,38,2,4.69047154812142,0,2.28571428571429,0.0308370044052863,0.016374269005848,0.0577174949120231,0,49.3,55.3
2009,REG,00-0022277,,John Standeford,WR,WR,,1,DET,0,0,0,0,0,0,0,0,0,0,0,0,,0,,,0,0,0,0,0,0,,0,1,3,5,0,0,0,24,0,1,-4.66996682848549,0,0.208333333333333,0.12,0.0933852140077821,0.245369649805447,0,0.5,1.5
2009,REG,00-0022288,,Jason Wright,RB,RB,,10,ARI,0,0,0,0,0,0,0,0,0,0,0,0,,0,,,3,17,0,0,0,1,0.751707604853436,0,9,11,53,2,0,0,6,46,2,3.77655651161331,0,8.83333333333333,0.03125,0.0026869682042095,0.0487558777429467,0,19.0,28.0
2009,REG,00-0022296,,Justin Jenkins,WR,WR,,1,BUF,0,0,0,0,0,0,0,0,0,0,0,0,,0,,,1,-3,0,0,0,0,-2.92413313151337,0,0,0,0,0,0,0,0,0,0,,0,,,,,0,-0.3,-0.3
2009,REG,00-0022388,,Terrance Copper,WR,WR,,4,KC,0,0,0,0,0,0,0,0,0,0,0,0,,0,,,0,0,0,0,0,0,,0,4,6,68,0,0,0,65,21,2,2.81404795035663,0,1.04615384615385,0.0555555555555556,0.0577264653641208,0.123741859088218,0,6.8,10.8
2009,REG,00-0022397,,Vonta Leach,FB,RB,,13,HOU,0,0,0,0,0,0,0,0,0,0,0,0,,0,,,0,0,0,0,0,0,,0,20,26,155,1,0,0,74,110,5,3.81452754043858,0,2.09459459459459,0.0528455284552846,0.0201965065502183,0.0934058472680797,0,21.5,41.5
2009,REG,00-0022405,,Lousaka Polite,FB,RB,,16,MIA,0,0,0,0,0,0,0,0,0,0,0,0,,0,,,37,123,0,1,0,20,12.6747110627527,0,11,23,51,0,0,0,36,46,3,-6.20894159429008,0,1.41666666666667,0.0552884615384615,0.0127840909090909,0.091881555944056,0,17.4,28.4
2009,REG,00-0022414,,Malcom Floyd,WR,WR,"https://static.www.nfl.com/image/private/f_auto,q_auto/league/or8gm79eaonksxe8gl0t",16,LAC,0,0,0,0,0,0,0,0,0,0,0,0,,0,,,0,0,0,0,0,0,,0,45,76,776,1,0,0,1284,121,36,36.7199089582662,0,0.604361370716511,0.149019607843137,0.264578611168349,0.408734439582551,0,83.6,128.6
2009,REG,00-0022421,,Ruvell Martin,WR,WR,,6,LA,0,0,0,0,0,0,0,0,0,0,0,0,,0,,,0,0,0,0,0,0,,0,6,12,99,0,0,0,77,56,4,-0.886502485896926,0,1.28571428571429,0.0618556701030928,0.056081573197378,0.132040606392804,0,9.9,15.9
2009,REG,00-0022427,,Wes Welker,WR,WR,"https://static.www.nfl.com/image/private/f_auto,q_auto/league/rgjwexzif36vncjfdwap",14,NE,0,0,0,0,0,0,0,0,0,0,0,0,,0,,,5,36,0,0,0,3,3.49494480539579,0,123,162,1348,4,0,0,911,721,71,64.0551266747359,0,1.47969264544457,0.324,0.233529864137401,0.64947090489618,0,162.4,285.4
2009,REG,00-0022434,,Carey Davis,RB,RB,,1,PIT,0,0,0,0,0,0,0,0,0,0,0,0,,0,,,2,15,0,0,0,1,-0.0949935995158739,0,0,0,0,0,0,0,0,0,0,,0,,,,,0,1.5,1.5
2009,REG,00-0022484,,J.P. Foschi,TE,TE,,14,CIN,0,0,0,0,0,0,0,0,0,0,0,0,,0,,,0,0,0,0,0,0,,0,27,37,260,2,1,1,190,116,9,2.03979941658441,0,1.36842105263158,0.0893719806763285,0.0563965568417928,0.173535560803748,0,36.0,63.0
2009,REG,00-0022529,,Luke Lawton,FB,RB,,7,LV,0,0,0,0,0,0,0,0,0,0,0,0,,0,,,0,0,0,0,0,0,,0,7,10,31,0,0,0,2,33,2,-2.76285099616507,0,15.5,0.0523560209424084,0.0017683465959328,0.0797718740307655,0,3.1,10.1
2009,REG,00-0022706,,Michael Gaines,TE,TE,,7,CLE,0,0,0,0,0,0,0,0,0,0,0,0,,0,,,0,0,0,0,0,0,,0,5,9,59,1,0,0,50,21,3,4.22366775362752,0,1.18,0.0555555555555556,0.03382949932341,0.10701398285972,0,11.9,16.9
2009,REG,00-0022714,,Kris Wilson,TE,TE,,4,LAC,0,0,0,0,0,0,0,0,0,0,0,0,,0,,,0,0,0,0,0,0,,0,4,7,28,1,0,0,85,17,2,1.2130753127858,0,0.329411764705882,0.0469798657718121,0.0590277777777778,0.111789243102163,0,8.8,12.8
2009,REG,00-0022725,,Michael Clayton,WR,WR,,12,TB,0,1,0,0,0,0,0,0,0,13,0,0,-0.411223077157047,0,0.0,,0,0,0,0,0,0,,0,16,48,230,1,0,0,603,38,11,-27.4428957934996,1,0.381426202321725,0.123711340206186,0.188202247191011,0.317308583342986,0,31.0,47.0
2009,REG,00-0022736,,Steven Jackson,RB,RB,"https://static.www.nfl.com/image/private/f_auto,q_auto/league/abl5wejuf448xw3jtphm",15,LA,0,0,0,0,0,0,0,0,0,0,0,0,,0,,,325,1424,4,2,2,61,-38.6569719702184,0,50,74,314,0,0,0,10,342,16,-25.4014538682125,0,31.4,0.146825396825397,0.0032605151613955,0.222520455851072,0,193.8,243.8
2009,REG,00-0022738,,Chris Cooley,TE,TE,,6,WAS,0,0,0,0,0,0,0,0,0,0,0,0,,0,,,0,0,0,0,0,0,,0,29,45,332,2,1,0,244,211,17,13.5081984546974,0,1.36065573770492,0.229591836734694,0.175665946724262,0.467353917809024,0,45.2,74.2
2009,REG,00-0022746,,Jeff Dugan,TE,TE,,6,MIN,0,0,0,0,0,0,0,0,0,0,0,0,,0,,,3,7,0,0,0,1,-3.27896046562819,0,6,6,52,2,0,0,42,10,3,6.17980024637654,0,1.23809523809524,0.036144578313253,0.0283400809716599,0.0740549241500415,0,17.9,23.9
2009,REG,00-0022766,,Patrick Crayton,WR,WR,,16,DAL,0,0,0,0,0,0,0,0,0,0,0,0,,0,,,4,28,0,1,0,2,0.992769654170843,0,37,67,622,5,0,0,629,266,27,33.0446823114691,0,0.988871224165342,0.123388581952118,0.152521823472357,0.291848149358827,2,107.0,144.0
2009,REG,00-0022770,,Derrick Ward,RB,RB,,14,TB,0,0,0,0,0,0,0,0,0,0,0,0,,0,,,115,414,1,0,0,13,-23.9033416493467,0,20,24,150,2,0,0,29,135,7,5.19349994725781,0,5.17241379310345,0.0625,0.0078954533079226,0.0992768173155459,0,74.4,94.4
2009,REG,00-0022781,,Michael Jenkins,WR,WR,,15,ATL,0,0,0,0,0,0,0,0,0,0,0,0,,0,,,0,0,0,0,0,0,,0,50,90,635,1,0,0,1117,220,29,6.19339693192836,0,0.568487018800358,0.178217821782178,0.260615958936071,0.449757903928517,0,69.5,119.5
2009,REG,00-0022787,M.Schaub,Matt Schaub,QB,QB,"https://static.www.nfl.com/image/private/f_auto,q_auto/league/mj2kh2nddxnw04ludcx0",16,HOU,396,583,4770,29,15,26,153,1,1,4444,2161,230,135.581211065898,1,1.07335733573357,0.157657299704629,47,61,0,2,1,7,-11.087266592025,0,0,0,0,0,0,0,0,0,0,,0,,,,,0,280.9,280.9
2009,REG,00-0022796,,Mike Karney,FB,RB,,7,LA,0,0,0,0,0,0,0,0,0,0,0,0,,0,,,2,8,0,0,0,0,-1.75381520064548,0,6,9,16,0,0,0,18,29,0,-3.82582993013784,0,0.888888888888889,0.0409090909090909,0.0125874125874126,0.0701748251748252,0,2.4,8.4
2009,REG,00-0022803,E.Manning,Eli Manning,QB,QB,"https://static.www.nfl.com/image/private/f_auto,q_auto/league/w51tf8uedjftbr4qpaex",16,NYG,317,509,4021,27,14,30,216,9,6,4515,1750,183,88.227367586751,0,0.890586932447398,0.12794749853484,17,65,0,4,2,4,0.851469701454504,0,0,0,0,0,0,0,0,0,0,,0,,,,,0,231.34,231.34
2009,REG,00-0022807,,Bernard Berrian,WR,WR,,16,MIN,0,0,0,0,0,0,0,0,0,0,0,0,,0,,,0,0,0,0,0,0,,0,55,92,618,4,0,0,1012,205,35,12.0186841191255,0,0.610671936758893,0.167577413479053,0.235348837209302,0.416110306265091,0,85.8,140.8
2009,REG,00-0022811,,Jerricho Cotchery,WR,WR,"https://static.www.nfl.com/image/private/f_auto,q_auto/league/hkq2dmfj7mbgbuejiloy",14,NYJ,0,0,0,0,0,0,0,0,0,0,0,0,,0,,,2,7,1,0,0,1,1.6268804607098,0,57,96,821,3,0,0,1068,299,44,14.7700602238068,0,0.7687265917603,0.280701754385965,0.332503113325031,0.653804810906469,0,106.8,163.8
2009,REG,00-0022817,,Sean Ryan,TE,TE,,8,KC,0,0,0,0,0,0,0,0,0,0,0,0,,0,,,0,0,0,0,0,0,,0,14,27,135,2,0,0,183,48,7,-9.7974643490114,0,0.737704918032787,0.107142857142857,0.10451170759566,0.233872481031247,0,25.5,39.5
2009,REG,00-0022821,,Michael Turner,RB,RB,,11,ATL,0,0,0,0,0,0,0,0,0,0,0,0,,0,,,178,871,10,4,2,43,6.22944795087096,0,5,7,35,0,0,0,3,27,2,0.104722506075632,0,11.6666666666667,0.0608695652173913,0.0033482142857142,0.093648097826087,0,146.6,151.6
2009,REG,00-0022840,,Julius Jones,RB,RB,,14,SEA,0,0,0,0,0,0,0,0,0,0,0,0,,0,,,177,663,2,0,0,32,-22.7370831036802,0,35,43,232,2,0,0,-124,345,10,1.77791364659788,0,-1.87096774193548,0.0918803418803419,-0.0397690827453496,0.109982154898768,0,113.5,148.5
2009,REG,00-0022847,,Ben Hartsock,TE,TE,,4,NYJ,0,0,0,0,0,0,0,0,0,0,0,0,,0,,,0,0,0,0,0,0,,0,1,4,2,1,0,0,29,0,1,-2.35318669106346,0,0.0689655172413793,0.0373831775700935,0.0297435897435897,0.076895279175653,0,6.2,7.2
2009,REG,00-0022864,L.McCown,Luke McCown,QB,QB,"https://static.www.nfl.com/image/private/f_auto,q_auto/league/pj2lbdhplppzlywlzsbr",2,JAX,1,3,2,0,0,2,7,0,0,19,0,0,-3.20106621296145,0,0.105263157894737,,0,0,0,0,0,0,,0,0,0,0,0,0,0,0,0,0,,0,,,,,0,0.08,0.08
2009,REG,00-0022882,,Mark Jones,WR,WR,,1,TEN,0,0,0,0,0,0,0,0,0,0,0,0,,0,,,0,0,0,0,0,0,,0,1,2,9,0,0,0,30,2,0,-1.23947008384857,0,0.3,0.0416666666666667,0.099009900990099,0.131806930693069,0,0.9,1.9
2009,REG,00-0022897,,Greg Jones,RB,RB,,9,JAX,0,0,0,0,0,0,0,0,0,0,0,0,,0,,,4,23,0,0,0,1,0.588240378070623,0,5,10,14,0,0,0,-1,14,0,-15.263217978462,0,-14.0,0.0395256916996047,-0.0005608524957936,0.0588959408023516,0,3.7,8.7
2009,REG,00-0022901,,Ernest Wilford,WR,WR,,11,JAX,0,0,0,0,0,0,0,0,0,0,0,0,,0,,,0,0,0,0,0,0,,0,11,21,123,1,0,0,188,44,6,2.06713852525675,0,0.654255319148936,0.0558510638297872,0.0590823381521056,0.125134232451155,0,18.3,29.3
2009,REG,00-0022909,,Roy Williams,WR,WR,,15,DAL,0,0,0,0,0,0,0,0,0,0,0,0,,0,,,0,0,0,0,0,0,,0,38,86,596,7,1,1,987,207,29,13.3363199902002,0,0.603850050658561,0.168958742632613,0.255434782608696,0.432242461775006,0,99.6,137.6
2009,REG,00-0022910,,Lee Evans,WR,WR,,16,BUF,0,0,0,0,0,0,0,0,0,0,0,0,,0,,,0,0,0,0,0,0,,0,44,95,612,7,0,0,1160,96,27,-2.95810215550591,0,0.527586206896552,0.218390804597701,0.328239954725524,0.557354175204418,0,103.2,147.2
2009,REG,00-0022912,,J.P. Losman,QB,QB,,1,LV,0,1,0,0,0,0,0,0,0,8,0,0,-1.01079522201326,0,0.0,,0,0,0,0,0,0,,0,0,0,0,0,0,0,0,0,0,,0,,,,,0,0.0,0.0
2009,REG,00-0022921,L.Fitzgerald,Larry Fitzgerald,WR,WR,"https://static.www.nfl.com/image/private/f_auto,q_auto/league/ycgjjaad5un42gy4pnga",16,ARI,0,0,0,0,0,0,0,0,0,0,0,0,,0,,,0,0,0,0,0,0,,0,97,153,1092,13,0,0,1746,312,69,35.1187409793026,0,0.625429553264605,0.260647359454855,0.381305962000437,0.657885212582588,0,187.2,284.2
2009,REG,00-0022922,,Kellen Winslow,TE,TE,,16,TB,0,0,0,0,0,0,0,0,0,0,0,0,,0,,,1,7,0,0,0,0,-0.541756136284675,0,77,127,887,5,0,0,1213,230,47,21.2897863760726,0,0.731244847485573,0.245173745173745,0.260692026649473,0.550245036415249,0,119.4,196.4
2009,REG,00-0022924,B.Roethlisberger,Ben Roethlisberger,QB,QB,"https://static.www.nfl.com/image/private/f_auto,q_auto/league/vziogpnyp9d0xtpiuqhr",15,PIT,337,506,4328,26,12,50,348,4,2,4548,1795,202,87.7884081784159,0,0.951627088830255,0.145070763537526,41,79,2,2,1,16,1.02744902885752,0,0,0,0,0,0,0,0,0,0,,0,,,,,0,267.02,267.02
2009,REG,00-0022929,,Devery Henderson,WR,WR,,16,NO,0,0,0,0,0,0,0,0,0,0,0,0,,0,,,4,13,0,0,0,1,-0.659565707435831,0,51,83,804,2,0,0,1120,335,33,28.3745908898687,0,0.717857142857143,0.153988868274583,0.262417994376757,0.414675898475604,0,93.7,144.7
2009,REG,00-0022942,P.Rivers,Philip Rivers,QB,QB,"https://static.www.nfl.com/image/private/f_auto,q_auto/league/voakyrtj34sghkwxaxxf",16,LAC,317,486,4254,28,9,25,167,6,3,4730,1862,208,168.669256434169,0,0.899365750528541,0.206906395432012,26,50,1,0,0,5,-2.26150418855642,0,0,0,0,0,0,0,0,0,0,,0,,,,,0,269.16,269.16
2009,REG,00-0022943,B.Watson,Benjamin Watson,TE,TE,"https://static.www.nfl.com/image/private/f_auto,q_auto/league/dorymozpdnrllkqlfzpu",12,NE,0,0,0,0,0,0,0,0,0,0,0,0,,0,,,0,0,0,0,0,0,,0,29,41,404,5,0,0,500,93,20,33.0795354993333,0,0.808,0.0907079646017699,0.140726146918097,0.234570249745323,0,70.4,99.4
2009,REG,00-0022984,,Ryan Grant,RB,RB,,16,GB,0,0,0,0,0,0,0,0,0,0,0,0,,0,,,282,1253,11,0,0,61,7.15895842239843,0,25,30,197,0,1,1,4,195,9,0.539705909514675,0,49.25,0.0815217391304348,0.0012437810945273,0.123153255461821,0,209.0,234.0
2009,REG,00-0022999,J.Kuhn,John Kuhn,FB,RB,"https://static.www.nfl.com/image/private/f_auto,q_auto/league/nbcwgq2o0ymmx4czvr4b",8,GB,0,0,0,0,0,0,0,0,0,0,0,0,,0,,,8,18,1,0,0,2,-0.175273550819838,0,7,7,47,2,0,0,10,37,3,4.02886997151654,0,4.7,0.0351758793969849,0.0050327126321087,0.0562867179379535,0,24.5,31.5
2009,REG,00-0023063,,Leonard Weaver,FB,RB,,16,PHI,0,0,0,0,0,0,0,0,0,0,0,0,,0,,,70,323,2,0,0,17,2.21710032771807,0,15,26,140,2,0,0,42,105,6,1.30753914029255,0,3.33333333333333,0.050682261208577,0.0098823529411764,0.082941038871689,0,70.3,85.3
2009,REG,00-0023074,,Samkon Gado,RB,RB,,9,LA,0,0,0,0,0,0,0,0,0,0,0,0,,0,,,14,26,0,0,0,4,-4.99528775848551,0,3,3,25,0,0,0,5,20,0,0.537263977224939,0,5.0,0.0236220472440945,0.0097276264591439,0.0422424093875425,0,5.1,8.1
2009,REG,00-0023108,,Stephen Spach,TE,TE,,5,ARI,0,0,0,0,0,0,0,0,0,0,0,0,,0,,,0,0,0,0,0,0,,0,4,10,38,0,0,0,53,25,1,-9.53552385617513,0,0.716981132075472,0.0512820512820513,0.0365769496204279,0.102526941657376,0,3.8,7.8
2009,REG,00-0023176,,Josh Cribbs,WR,WR,,16,CLE,1,4,18,0,1,0,0,0,0,51,6,1,-3.752267786622,0,0.352941176470588,,55,381,1,1,0,21,13.7851728314931,0,20,37,135,1,2,2,312,83,4,-18.0416073495575,0,0.432692307692308,0.0868544600938967,0.0964153275648949,0.197772419436272,4,82.32,102.32
2009,REG,00-0023210,,Tory Humphrey,TE,TE,,1,NO,0,0,0,0,0,0,0,0,0,0,0,0,,0,,,0,0,0,0,0,0,,0,1,1,7,0,0,0,1,6,0,0.18081838125363,0,7.0,0.0344827586206897,0.0178571428571429,0.0642241379310345,0,0.7,1.7
2009,REG,00-0023251,,Kyle Eckel,RB,RB,,3,NO,0,0,0,0,0,0,0,0,0,0,0,0,,0,,,2,6,0,0,0,1,-3.03197141969577,0,2,3,14,0,0,0,1,15,1,-0.390749047044665,0,14.0,0.0454545454545455,0.003731343283582,0.0707937584803256,0,2.0,4.0
2009,REG,00-0023310,,Lance Moore,WR,WR,"https://static.www.nfl.com/image/private/f_auto,q_auto/league/bfjxc892mfkni8ywtheh",6,NO,0,0,0,0,0,0,0,0,0,0,0,0,,0,,,0,0,0,0,0,0,,0,14,19,153,2,0,0,135,40,10,5.92325337207876,0,1.13333333333333,0.0904761904761905,0.0686673448626653,0.183781427118151,0,27.3,41.3
2009,REG,00-0023367,,Nate Washington,WR,WR,,16,TEN,0,0,0,0,0,0,0,0,0,0,0,0,,0,,,2,15,0,0,0,1,0.320525946095586,0,47,95,569,6,1,0,1343,104,34,7.30464113319303,0,0.423678332092331,0.202991452991453,0.319609709662066,0.528213976250625,0,94.4,141.4
2009,REG,00-0023408,,Greg Camarillo,WR,WR,,16,MIA,0,0,0,0,0,0,0,0,0,0,0,0,,0,,,0,0,0,0,0,0,,0,50,71,552,0,0,0,771,99,29,19.9329816867339,0,0.715953307392996,0.132710280373832,0.169525065963061,0.31773296673489,0,55.2,105.2
2009,REG,00-0023429,,Rashied Davis,WR,WR,,5,CHI,0,0,0,0,0,0,0,0,0,0,0,0,,0,,,0,0,0,0,0,0,,0,5,8,35,0,0,0,59,5,2,-1.57072816236177,0,0.593220338983051,0.0476190476190476,0.0504273504273504,0.106727716727717,0,3.5,8.5
2009,REG,00-0023436,A.Smith,Alex Smith,QB,QB,"https://static.www.nfl.com/image/private/f_auto,q_auto/league/dpa5d1a8jj6jdymocjkx",11,SF,225,372,2350,18,12,22,134,2,1,2543,1123,98,-17.0203448677921,0,0.92410538733779,0.0302332329058109,24,51,0,0,0,6,-7.63077083739336,0,1,1,-6,0,0,0,-6,0,0,-1.54885704023764,0,0.0,0.0285714285714286,-0.024390243902439,0.0257839721254355,0,144.5,145.5
2009,REG,00-0023437,,Ronnie Brown,RB,RB,,9,MIA,2,6,22,1,0,1,9,0,0,50,5,2,-1.25399832200492,0,0.44,-0.0700526807944889,147,648,8,1,1,32,7.1731406932372,0,14,20,98,0,0,0,43,80,5,-1.54283371131867,0,2.27906976744186,0.0975609756097561,0.0262836185819071,0.164739996421969,0,125.48,139.48
2009,REG,00-0023438,,Braylon Edwards,WR,WR,,16,NYJ,0,1,0,0,0,0,0,0,0,17,0,0,-0.478659784886986,0,0.0,,0,0,0,0,0,0,,0,45,94,680,4,1,1,1340,186,37,2.53703690363765,1,0.507462686567164,0.226506024096386,0.355815188528943,0.588829668114839,0,92.0,137.0
2009,REG,00-0023439,,Cedric Benson,RB,RB,,13,CIN,0,0,0,0,0,0,0,0,0,0,0,0,,0,,,301,1251,6,1,0,57,-20.6987771715895,0,17,24,111,0,0,0,-7,117,5,-2.33961603950056,0,-15.8571428571429,0.073394495412844,-0.0029761904761904,0.108008409785933,0,172.2,189.2
2009,REG,00-0023440,,Cadillac Williams,RB,RB,,16,TB,0,0,0,0,0,0,0,0,0,0,0,0,,0,,,209,816,4,1,0,43,-19.9730848827853,0,29,40,219,3,0,0,75,184,10,-7.0898141306927,0,2.92,0.0936768149882904,0.0198255352894528,0.154393097185053,0,145.5,174.5
2009,REG,00-0023442,,Troy Williamson,WR,WR,,2,JAX,0,0,0,0,0,0,0,0,0,0,0,0,,0,,,0,0,0,0,0,0,,0,3,4,34,0,1,1,42,10,1,-3.56860777601833,0,0.80952380952381,0.0563380281690141,0.0649149922720247,0.129947536843938,0,1.4,4.4
2009,REG,00-0023443,,Antrel Rolle,SS,DB,"https://static.www.nfl.com/image/private/f_auto,q_auto/league/issrtvdibba1d0c1msjb",2,ARI,0,0,0,0,0,0,0,0,0,0,0,0,,0,,,1,9,0,0,0,0,0.571496473159641,0,0,0,0,0,0,0,0,0,0,,0,,,,,1,6.9,6.9
2009,REG,00-0023457,,Mark Clayton,WR,WR,,13,BAL,1,1,0,0,0,0,0,0,0,0,0,0,-0.623170797131024,0,,,4,28,0,0,0,1,1.53996801550966,0,34,74,480,2,1,1,1171,75,24,-6.10782452792298,0,0.409906063193851,0.174117647058824,0.327003630270874,0.490079011777847,0,60.8,94.8
2009,REG,00-0023459,A.Rodgers,Aaron Rodgers,QB,QB,"https://static.www.nfl.com/image/upload/f_auto,q_auto/league/jdcb4nomlc4rd6k5l6to",16,GB,350,541,4434,30,7,49,294,7,3,4984,2057,197,122.224215362943,3,0.889646869983949,0.159245940238284,59,304,5,3,0,25,6.45372033345285,0,0,0,0,0,0,0,0,0,0,,0,,,,,0,343.76,343.76
2009,REG,00-0023460,,Jason Campbell,QB,QB,,16,WAS,327,507,3618,20,15,42,275,8,3,3317,2071,186,1.25878651820932,0,1.09074464877902,0.0740606830686843,47,236,1,5,0,17,3.49110269540688,0,0,0,0,0,0,0,0,0,0,,0,,,,,0,218.32,218.32
2009,REG,00-0023462,,Roddy White,WR,WR,"https://static.www.nfl.com/image/private/f_auto,q_auto/league/f7dgklg6z49fbdltwuki",16,ATL,0,0,0,0,0,0,0,0,0,0,0,0,,0,,,1,2,0,0,0,0,-0.411327784880996,0,85,165,1153,11,1,0,1814,397,54,29.3767839993714,0,0.63561190738699,0.301094890510949,0.38993981083405,0.724600203350258,0,181.5,266.5
2009,REG,00-0023465,,Heath Miller,TE,TE,"https://static.www.nfl.com/image/private/f_auto,q_auto/league/iqw8fry4hgfvegs9nfuf",16,PIT,0,0,0,0,0,0,0,0,0,0,0,0,,0,,,0,0,0,0,0,0,,0,76,98,789,6,2,0,545,431,37,34.3980903145015,0,1.44770642201835,0.183520599250936,0.112556794712929,0.354070655175454,0,114.9,190.9
2009,REG,00-0023470,,Reggie Brown,WR,WR,,9,PHI,0,0,0,0,0,0,0,0,0,0,0,0,,0,,,1,-3,0,0,0,0,-0.842484142747708,0,9,24,155,0,0,0,351,36,7,-1.17048534042561,0,0.441595441595442,0.0774193548387097,0.132352941176471,0.208776091081594,0,15.2,24.2
2009,REG,00-0023474,,Mark Bradley,WR,WR,,12,KC,1,1,26,0,0,0,0,0,0,14,12,1,2.61322799511254,0,1.85714285714286,,2,20,0,0,0,1,0.517966622952372,0,24,57,320,2,0,0,555,105,11,-14.5708992595798,0,0.576576576576577,0.147668393782383,0.179495472186287,0.347149421203976,0,47.04,71.04
2009,REG,00-0023490,,Roscoe Parrish,WR,WR,,6,BUF,0,0,0,0,0,0,0,0,0,0,0,0,,0,,,2,4,0,0,0,0,-0.13219623779878,0,3,4,18,0,0,0,13,18,0,-2.15434248000383,0,1.38461538461538,0.036036036036036,0.0168612191958495,0.0658569074911487,0,2.2,5.2
2009,REG,00-0023496,,Vincent Jackson,WR,WR,"https://static.www.nfl.com/image/private/f_auto,q_auto/league/kdquag2thcfulvrs0cbz",15,LAC,0,0,0,0,0,0,0,0,0,0,0,0,,0,,,3,11,0,0,0,1,-1.34795140626375,0,68,107,1167,9,0,0,1802,182,58,77.1225047716022,0,0.647613762486127,0.23010752688172,0.396741523557904,0.622880356813113,0,171.8,239.8
2009,REG,00-0023500,F.Gore,Frank Gore,RB,RB,"https://static.www.nfl.com/image/private/f_auto,q_auto/league/lxxkhd2suyalrbruzut7",14,SF,0,0,0,0,0,0,0,0,0,0,0,0,,0,,,229,1120,10,3,2,47,-12.4354223806295,0,52,75,406,3,0,0,10,410,13,12.0880171001891,0,40.6,0.16304347826087,0.0030731407498463,0.246716415916197,0,226.6,278.6
2009,REG,00-0023502,,Charlie Frye,QB,QB,,3,LV,53,87,581,1,4,5,40,0,0,699,272,29,-15.3982273332445,0,0.831187410586552,0.0497428773979814,4,41,0,0,0,2,2.60048536816612,0,0,0,0,0,0,0,0,0,0,,0,,,,,0,23.34,23.34
2009,REG,00-0023503,,Courtney Roby,WR,WR,,2,NO,0,0,0,0,0,0,0,0,0,0,0,0,,0,,,0,0,0,0,0,0,,0,1,1,6,0,0,0,4,2,0,0.271308448483774,0,1.5,0.0344827586206897,0.0204081632653061,0.0660098522167488,1,6.6,7.6
2009,REG,00-0023506,,Alex Smith,TE,TE,"https://static.www.nfl.com/image/private/f_auto,q_auto/league/zcpxncjwcm6ggoiqt6ub",5,PHI,0,0,0,0,0,0,0,0,0,0,0,0,,0,,,0,0,0,0,0,0,,0,3,8,25,0,0,0,52,14,2,-2.81202868123387,0,0.480769230769231,0.0484848484848485,0.0368011323425336,0.0984880653670463,0,2.5,5.5
2009,REG,00-0023512,,Ryan Moats,RB,RB,,8,HOU,0,0,0,0,0,0,0,0,0,0,0,0,,0,,,101,390,4,2,1,25,-2.42836726226286,0,13,15,106,1,1,0,8,100,7,-0.664835509572846,0,13.25,0.0681818181818182,0.0049352251696483,0.105727384891481,0,77.6,90.6
2009,REG,00-0023518,,Chris Henry,WR,WR,,8,CIN,0,0,0,0,0,0,0,0,0,0,0,0,,0,,,0,0,0,0,0,0,,0,12,23,236,2,0,0,398,101,11,15.5902559504029,0,0.592964824120603,0.0894941634241245,0.185894441849603,0.264367354430909,0,35.6,47.6
2009,REG,00-0023531,,Brandon Jones,WR,WR,,3,SF,0,0,0,0,0,0,0,0,0,0,0,0,,0,,,0,0,0,0,0,0,,0,1,5,18,0,0,0,84,0,1,-1.03479099189281,0,0.214285714285714,0.0423728813559322,0.101083032490975,0.134317444777581,0,1.8,2.8
2009,REG,00-0023534,D.Colquitt,Dustin Colquitt,P,SPEC,"https://static.www.nfl.com/image/private/f_auto,q_auto/league/v1aymd6o0vpg73ytxzhu",1,KC,0,0,0,0,0,0,0,0,0,0,0,0,,0,,,1,0,0,0,0,0,-4.85473113344051,0,0,0,0,0,0,0,0,0,0,,0,,,,,0,0.0,0.0
2009,REG,00-0023541,,Kyle Orton,QB,QB,,16,DEN,336,541,3802,21,12,29,159,3,2,3806,1965,185,30.2593699544279,0,0.998949027850762,0.07583712726439,24,71,0,1,0,5,0.192207848177473,0,0,0,0,0,0,0,0,0,0,,0,,,,,0,215.18,215.18
2009,REG,00-0023544,,Marion Barber,RB,RB,,15,DAL,0,0,0,0,0,0,0,0,0,0,0,0,,0,,,214,932,7,1,1,58,-17.8756593050197,0,26,36,221,0,1,1,13,198,10,-3.68908579116636,0,17.0,0.0743801652892562,0.0039370078740157,0.114326153445695,0,153.3,179.3
2009,REG,00-0023545,,Brandon Jacobs,RB,RB,,15,NYG,0,0,0,0,0,0,0,0,0,0,0,0,,0,,,224,835,5,2,1,43,-28.6434555917868,0,18,31,184,1,0,0,-43,225,5,-2.5205778956678,0,-4.27906976744186,0.0668103448275862,-0.0112653916688499,0.0923297430731844,0,135.9,153.9
2009,REG,00-0023564,D.Sproles,Darren Sproles,RB,RB,"https://static.www.nfl.com/image/private/f_auto,q_auto/league/gvj5ng27blmwuz170aeo",16,LAC,0,0,0,0,0,0,0,0,0,0,0,0,,0,,,93,343,3,0,0,15,-11.2828217449505,0,45,57,497,4,0,0,11,517,20,20.9770353524979,0,45.1818181818182,0.111764705882353,0.0024791525805724,0.16938246562993,1,132.0,177.0
2009,REG,00-0023612,,Bo Scaife,TE,TE,,13,TEN,0,0,0,0,0,0,0,0,0,0,0,0,,0,,,0,0,0,0,0,0,,0,45,70,440,1,1,1,460,182,24,4.05217643812575,0,0.956521739130435,0.185676392572944,0.13747758517633,0.374748898482847,0,48.0,93.0
2009,REG,00-0023620,,Will Svitek,T,OL,,1,ATL,0,0,0,0,0,0,0,0,0,0,0,0,,0,,,0,0,0,0,0,0,,0,0,1,0,0,0,0,-5,0,0,-0.455663765314966,0,0.0,0.0303030303030303,-0.0136986301369863,0.035865504358655,0,0.0,0.0
2009,REG,00-0023630,,Joel Dreessen,TE,TE,,13,HOU,0,0,0,0,0,0,0,0,0,0,0,0,,0,,,0,0,0,0,0,0,,0,26,39,320,1,0,0,265,150,16,2.42410271088967,0,1.20754716981132,0.0815899581589958,0.0676365492598264,0.169730521720372,0,38.0,64.0
2009,REG,00-0023642,,Reggie Hodges,P,SPEC,,1,CLE,0,0,0,0,0,0,0,0,0,0,0,0,,0,,,1,0,0,0,0,0,-6.02132827159949,0,0,0,0,0,0,0,0,0,0,,0,,,,,0,0.0,0.0
2009,REG,00-0023645,D.Anderson,Derek Anderson,QB,QB,"https://static.www.nfl.com/image/private/f_auto,q_auto/league/w191gsxivnqgdwgydka6",8,CLE,81,182,888,3,10,11,75,3,2,1522,375,43,-70.0446966949145,0,0.583442838370565,-0.0482685574075968,10,8,2,2,1,6,-0.85407875519013,0,0,0,0,0,0,0,0,0,0,,0,,,,,0,34.32,34.32
2009,REG,00-0023662,M.Cassel,Matt Cassel,QB,QB,"https://static.www.nfl.com/image/private/f_auto,q_auto/league/n1ucqggyu5hlsqzuv5gj",15,KC,272,494,2924,16,16,42,250,5,2,3966,1160,128,-82.5572779254756,1,0.737266767523954,-0.0034579618947544,50,196,0,9,1,6,-27.7112465630186,0,0,1,0,0,0,0,26,0,0,-3.17607577028684,0,0.0,0.04,0.0905923344947735,0.123414634146341,0,164.56,164.56
2009,REG,00-0023679,,Billy Bajema,TE,TE,,7,LA,0,0,0,0,0,0,0,0,0,0,0,0,,0,,,0,0,0,0,0,0,,0,8,11,94,0,0,0,70,38,4,6.36106714227935,0,1.34285714285714,0.0419847328244275,0.0371352785145889,0.0889717941968534,0,9.4,17.4
2009,REG,00-0023682,R.Fitzpatrick,Ryan Fitzpatrick,QB,QB,"https://static.www.nfl.com/image/private/f_auto,q_auto/league/pkhhxwplsawnhln9rsun",10,BUF,127,227,1422,9,10,22,137,2,2,2045,691,63,-44.5561711784909,0,0.695354523227384,0.0081051432068967,31,141,1,1,0,11,6.94758037428255,0,0,0,0,0,0,0,0,0,0,,0,,,,,0,88.98,88.98
2009,REG,00-0023683,,Madison Hedgecock,FB,RB,,7,NYG,0,0,0,0,0,0,0,0,0,0,0,0,,0,,,0,0,0,0,0,0,,0,4,9,23,1,0,0,1,20,1,-3.48634556739125,0,23.0,0.0354330708661417,0.0004812319538017,0.0534864686668738,0,8.3,12.3
2009,REG,00-0023740,,Thomas Gafford,LS,SPEC,"https://static.www.nfl.com/image/private/f_auto,q_auto/league/wccvbkjp2tcdzodv7lz9",1,KC,0,0,0,0,0,0,0,0,0,0,0,0,,0,,,0,0,0,0,0,0,,0,0,1,0,0,0,0,2,0,0,-2.76706991367973,0,0.0,0.0238095238095238,0.0056022408963585,0.0396358543417367,0,0.0,0.0
2009,REG,00-0023742,J.Ryan,Jon Ryan,P,SPEC,"https://static.www.nfl.com/image/private/f_auto,q_auto/league/jarcsmohj6vbznthlni8",2,SEA,1,1,42,0,0,0,0,0,0,18,24,1,4.72757281351369,0,2.33333333333333,,1,0,0,0,0,0,-2.83775450423127,0,0,0,0,0,0,0,0,0,0,,0,,,,,0,1.68,1.68
2009,REG,00-0023752,,Daniel Fells,TE,TE,"https://static.www.nfl.com/image/private/f_auto,q_auto/league/lhecgqac5nourex1czfo",12,LA,0,0,0,0,0,0,0,0,0,0,0,0,,0,,,0,0,0,0,0,0,,0,21,35,273,3,1,1,306,131,13,7.32689035439144,0,0.892156862745098,0.0837320574162679,0.101728723404255,0.196808192507381,0,43.3,64.3
2009,REG,00-0023774,,Naufahu Tahi,FB,RB,,10,MIN,0,0,0,0,0,0,0,0,0,0,0,0,,0,,,3,5,0,0,0,1,1.09976002157782,0,10,12,67,1,0,0,-2,68,4,3.75280648819171,0,-33.5,0.0406779661016949,-0.0009165902841429,0.0603753359536423,0,13.2,23.2
2009,REG,00-0023784,,Greg Estandia,TE,TE,,6,CLE,0,0,0,0,0,0,0,0,0,0,0,0,,0,,,0,0,0,0,0,0,,0,4,13,45,0,0,0,90,7,3,-3.53945254097926,0,0.5,0.0666666666666667,0.0519031141868512,0.136332179930796,0,4.5,8.5
2009,REG,00-0023790,,Brian Clark,WR,WR,,8,TB,0,0,0,0,0,0,0,0,0,0,0,0,,0,,,0,0,0,0,0,0,,0,6,18,65,0,0,0,171,14,3,-13.1083691405276,0,0.380116959064327,0.0638297872340426,0.0606598084427102,0.138206546760961,0,6.5,12.5
2009,REG,00-0023797,,Darcy Johnson,TE,TE,,4,NYG,0,0,0,0,0,0,0,0,0,0,0,0,,0,,,0,0,0,0,0,0,,0,5,7,32,0,1,0,31,6,2,0.604602946259547,0,1.03225806451613,0.0578512396694215,0.0352673492605233,0.111464003986499,0,3.2,8.2
2009,REG,00-0023832,,Spencer Havner,TE,TE,,7,GB,0,0,0,0,0,0,0,0,0,0,0,0,,0,,,0,0,0,0,0,0,,0,7,10,112,4,0,0,81,63,6,13.7651921366341,0,1.38271604938272,0.0423728813559322,0.0365193868349865,0.0891228928183888,0,35.2,42.2
2009,REG,00-0023894,D.Penn,Donald Penn,T,OL,"https://static.www.nfl.com/image/private/f_auto,q_auto/league/lbarhx9omymxl236etax",1,TB,0,0,0,0,0,0,0,0,0,0,0,0,,0,,,0,0,0,0,0,0,,0,1,1,15,0,0,0,0,15,1,0.952699270797893,0,0.0,0.02,,,0,1.5,2.5
2009,REG,00-0023920,,Dennis Roland,OT,OL,,1,CIN,0,0,0,0,0,0,0,0,0,0,0,0,,0,,,0,0,0,0,0,0,,0,0,1,0,0,0,0,0,0,0,-0.468941832426935,0,,0.0263157894736842,,,0,0.0,0.0
2009,REG,00-0023921,,Miles Austin,WR,WR,"https://static.www.nfl.com/image/private/f_auto,q_auto/league/tuwhvxan7v0gisbei4an",16,DAL,0,0,0,0,0,0,0,0,0,0,0,0,,0,,,2,-2,0,0,0,1,-0.737552169826813,0,81,124,1320,11,1,0,1235,640,59,79.8273535329977,0,1.06882591093117,0.228360957642726,0.299466537342386,0.552168012603759,0,197.8,278.8
2009,REG,00-0023953,,Sam Hurd,WR,WR,,6,DAL,0,0,0,0,0,0,0,0,0,0,0,0,,0,,,0,0,0,0,0,0,,0,7,12,121,1,0,0,88,88,4,0.700927969811114,0,1.375,0.0571428571428571,0.0713128038897893,0.135633248437138,0,18.1,25.1
2009,REG,00-0023968,,Micheal Spurlock,WR,WR,,2,TB,0,1,0,0,0,0,0,0,0,18,0,0,-0.91857114713639,0,0.0,,1,3,0,1,0,0,-0.971565016545355,0,0,0,0,0,0,0,0,0,0,,0,,,,,1,6.3,6.3
2009,REG,00-0024011,,Mike Bell,RB,RB,,13,NO,0,0,0,0,0,0,0,0,0,0,0,0,,0,,,172,654,5,2,2,33,-28.8741856443912,0,4,4,12,0,0,0,2,10,1,-0.493198496289551,0,6.0,0.0434782608695652,0.0037735849056603,0.0678589007383101,0,92.6,96.6
2009,REG,00-0024013,,Hank Baskett,WR,WR,,5,IND,0,0,0,0,0,0,0,0,0,0,0,0,,0,,,0,0,0,0,0,0,,0,5,12,34,0,0,0,131,3,1,-4.21015312132658,0,0.259541984732824,0.0670391061452514,0.0774689532820816,0.154786926515334,0,3.4,8.4
2009,REG,00-0024103,,Montell Owens,RB,RB,,2,JAX,0,0,0,0,0,0,0,0,0,0,0,0,,0,,,2,1,0,0,0,0,0.0015293937176466,0,0,1,0,0,0,0,4,0,0,-0.967892603308428,0,0.0,0.0232558139534884,0.0080321285140562,0.0405062108900719,0,0.1,0.1
2009,REG,00-0024110,,Steve Weatherford,P,SPEC,"https://static.www.nfl.com/image/private/f_auto,q_auto/league/jkpdalshsrmuxdn1jj4h",3,NYJ,0,1,0,0,1,0,0,0,0,-3,0,0,-2.38553662772756,0,0.0,,2,42,0,0,0,2,7.67950175935403,0,0,0,0,0,0,0,0,0,0,,0,,,,,0,2.2,2.2
2009,REG,00-0024171,,Wallace Wright,WR,WR,,2,NYJ,0,0,0,0,0,0,0,0,0,0,0,0,,0,,,0,0,0,0,0,0,,0,2,3,21,0,0,0,23,2,2,0.984467430047878,0,0.91304347826087,0.0967741935483871,0.0798611111111111,0.201064068100358,0,2.1,4.1
2009,REG,00-0024172,,Patrick Cobbs,RB,RB,,4,MIA,0,0,0,0,0,0,0,0,0,0,0,0,,0,,,6,36,0,0,0,3,0.192352598998696,0,3,4,23,0,0,0,15,13,1,1.29731068760157,0,1.53333333333333,0.0493827160493827,0.0201612903225806,0.0881869772998805,0,5.9,8.9
2009,REG,00-0024204,,Fred Jackson,RB,RB,"https://static.www.nfl.com/image/private/f_auto,q_auto/league/ibu4ltouiplhatsn4ptq",16,BUF,1,1,27,1,0,0,0,0,0,27,0,1,3.50916796352249,0,1.0,,238,1062,2,2,2,43,-25.1297061297619,0,46,60,371,2,1,0,-10,386,21,3.81139635794577,0,-37.1,0.15625,-0.0032808398950131,0.232078412073491,0,168.38,214.38
2009,REG,00-0024217,,Reggie Bush,RB,RB,"https://static.www.nfl.com/image/private/f_auto,q_auto/league/z2m2heolqx9sgobdks9v",14,NO,0,0,0,0,0,0,0,0,0,0,0,0,,0,,,70,390,5,2,1,19,9.36020167485513,0,47,68,335,3,0,0,144,275,16,-1.36681782130765,0,2.32638888888889,0.139630390143737,0.0399777901166019,0.237430038297227,0,118.5,165.5
2009,REG,00-0024218,,Vince Young,QB,QB,,12,TEN,152,259,1879,10,7,9,36,1,0,2481,756,91,32.8398895962235,0,0.757355904877066,0.0933767292656202,55,281,2,7,2,20,7.1302883013822,0,0,0,0,0,0,0,0,0,0,,0,,,,,0,137.26,137.26
2009,REG,00-0024221,V.Davis,Vernon Davis,TE,TE,"https://static.www.nfl.com/image/private/f_auto,q_auto/league/so5ywayfeeu4zeijln5m",16,SF,0,0,0,0,0,0,0,0,0,0,0,0,,0,,,0,0,0,0,0,0,,0,78,129,965,13,0,0,1215,323,40,33.6640901471412,0,0.794238683127572,0.247600767754319,0.333607907742998,0.604926687051577,0,174.5,252.5
2009,REG,00-0024225,,Matt Leinart,QB,QB,,8,ARI,51,77,435,0,3,2,12,0,0,623,175,22,-11.2950564025915,0,0.698234349919743,0.0415395683494079,9,-6,0,1,0,0,-7.37714557931759,0,0,0,0,0,0,0,0,0,0,,0,,,,,0,10.8,10.8
2009,REG,00-0024226,J.Cutler,Jay Cutler,QB,QB,"https://static.www.nfl.com/image/private/f_auto,q_auto/league/ks6n7gvw4vccihlse6bn",16,CHI,336,555,3666,27,26,34,203,5,1,4562,1591,170,-48.8100467120992,2,0.803594914511179,0.0405334959451682,41,172,1,4,0,14,2.03223847531652,0,0,0,0,0,0,0,0,0,0,,0,,,,,0,227.84,227.84
2009,REG,00-0024236,,Laurence Maroney,RB,RB,,15,NE,0,0,0,0,0,0,0,0,0,0,0,0,,0,,,194,757,9,3,3,44,-8.71629601577297,0,14,17,99,0,1,1,-15,109,4,2.79252118838485,0,-6.6,0.0487106017191977,-0.0073385518590998,0.0679289162774267,0,131.6,145.6
2009,REG,00-0024240,,Santonio Holmes,WR,WR,,16,PIT,0,1,0,0,1,0,0,0,0,34,0,0,-3.61876540048979,0,0.0,,3,6,0,0,0,0,-1.11135442252271,0,79,138,1248,5,0,0,1506,483,63,46.9670090812976,0,0.828685258964143,0.258426966292135,0.311028500619579,0.605360399871907,0,153.4,232.4
2009,REG,00-0024242,,DeAngelo Williams,RB,RB,"https://static.www.nfl.com/image/private/f_auto,q_auto/league/oky9ooitgqa1fgwdll6b",13,CAR,0,0,0,0,0,0,0,0,0,0,0,0,,0,,,216,1117,7,3,3,51,-3.51331677810204,1,29,41,252,0,0,0,127,172,14,1.42175215449943,0,1.98425196850394,0.108179419525066,0.0457987738910927,0.194328271011364,0,174.9,203.9
2009,REG,00-0024243,M.Lewis,Marcedes Lewis,TE,TE,"https://static.www.nfl.com/image/private/f_auto,q_auto/league/ppq07tipygpftz5csipx",15,JAX,0,0,0,0,0,0,0,0,0,0,0,0,,0,,,0,0,0,0,0,0,,0,32,59,518,2,1,0,642,166,20,7.85633671691474,0,0.806853582554517,0.123430962343096,0.168548175374114,0.303130166276524,0,63.8,95.8
2009,REG,00-0024245,,Joseph Addai,RB,RB,,15,IND,1,1,22,1,0,0,0,0,0,22,0,1,2.43615000398131,0,1.0,,219,828,10,1,1,44,-11.2474295693513,0,51,63,336,3,0,0,104,305,17,-2.52607473162482,0,3.23076923076923,0.117977528089888,0.0225694444444444,0.192764903245943,0,197.28,248.28
2009,REG,00-0024259,,Sinorice Moss,WR,WR,,2,NYG,0,0,0,0,0,0,0,0,0,0,0,0,,0,,,0,0,0,0,0,0,,0,1,4,18,1,0,0,66,0,1,-1.65071039015873,0,0.272727272727273,0.0634920634920635,0.11913357400722,0.178631597043149,0,7.8,8.8
2009,REG,00-0024260,,LenDale White,RB,RB,,13,TEN,0,0,0,0,0,0,0,0,0,0,0,0,,0,,,64,222,2,1,1,11,-6.99840500677237,0,3,5,14,0,0,0,-5,14,0,-2.28892163824094,0,-2.8,0.0357142857142857,-0.0048923679060665,0.050146771037182,0,33.6,36.6
2009,REG,00-0024261,,Joe Klopfenstein,TE,TE,,1,BUF,0,0,0,0,0,0,0,0,0,0,0,0,,0,,,0,0,0,0,0,0,,0,1,2,11,0,0,0,20,5,1,0.351803959617516,0,0.55,0.08,0.0851063829787234,0.179574468085106,0,1.1,2.1
2009,REG,00-0024264,K.Clemens,Kellen Clemens,QB,QB,"https://static.www.nfl.com/image/private/f_auto,q_auto/league/pxungqbhh61ov73tzaxk",6,NYJ,13,26,125,0,0,4,21,1,0,217,38,7,-7.45114180476859,0,0.576036866359447,-0.0007405970124824,12,1,0,1,0,1,-8.93048842047574,0,0,0,0,0,0,0,0,0,0,,0,,,,,0,5.1,5.1
2009,REG,00-0024267,,Greg Jennings,WR,WR,"https://static.www.nfl.com/image/private/f_auto,q_auto/league/jiemkcfkc893pfova8xv",16,GB,0,0,0,0,0,0,0,0,0,0,0,0,,0,,,0,0,0,0,0,0,,0,69,119,1120,4,0,0,1558,465,49,64.9506734421246,2,0.718870346598203,0.217153284671533,0.306753297893286,0.5404572355326,0,140.0,209.0
2009,REG,00-0024268,A.Fasano,Anthony Fasano,TE,TE,"https://static.www.nfl.com/image/private/f_auto,q_auto/league/twcrap9uhjbazmplq5x3",14,MIA,0,0,0,0,0,0,0,0,0,0,0,0,,0,,,0,0,0,0,0,0,,0,31,54,339,2,2,2,516,107,21,-14.1346253379275,0,0.656976744186046,0.113207547169811,0.127627999010636,0.259150920062162,0,41.9,72.9
2009,REG,00-0024272,,Devin Hester,WR,WR,"https://static.www.nfl.com/image/private/f_auto,q_auto/league/jtntm2ci9doez4qxbx0c",13,CHI,0,0,0,0,0,0,0,0,0,0,0,0,,0,,,6,-1,0,1,0,0,-3.1230074763298,0,57,91,757,3,1,1,988,293,34,12.7070467710816,0,0.766194331983806,0.200440528634361,0.286792452830189,0.501415509932674,0,91.6,148.6
2009,REG,00-0024275,,Maurice Jones-Drew,RB,RB,,16,JAX,0,0,0,0,0,0,0,0,0,0,0,0,,0,,,312,1391,15,2,1,68,14.6187502204287,0,53,71,374,1,0,0,56,377,16,0.184090999143469,0,6.67857142857143,0.138132295719844,0.0131795716639209,0.216424143744511,0,270.5,323.5
2009,REG,00-0024276,,Tony Scheffler,TE,TE,,15,DEN,0,0,0,0,0,0,0,0,0,0,0,0,,0,,,0,0,0,0,0,0,,0,31,50,416,2,0,0,465,173,19,13.8862693253824,0,0.894623655913979,0.100401606425703,0.134821687445636,0.2449775908505,0,53.6,84.6
2009,REG,00-0024279,,Tarvaris Jackson,QB,QB,"https://static.www.nfl.com/image/private/f_auto,q_auto/league/bqukmeneztibnhrjko0q",8,MIN,14,21,201,1,0,0,0,0,0,71,154,9,14.5650187440075,0,2.83098591549296,0.242582957402985,17,-10,0,0,0,0,-9.14368072972866,0,0,0,0,0,0,0,0,0,0,,0,,,,,0,11.04,11.04
2009,REG,00-0024287,,Leonard Pope,TE,TE,,12,KC,0,0,0,0,0,0,0,0,0,0,0,0,,0,,,0,0,0,0,0,0,,0,20,30,174,1,0,0,155,84,8,1.79599505173974,0,1.12258064516129,0.0714285714285714,0.0441973196464214,0.138080980895352,0,23.4,43.4
2009,REG,00-0024294,,Jerious Norwood,RB,RB,,10,ATL,0,0,0,0,0,0,0,0,0,0,0,0,,0,,,76,252,0,0,0,11,-14.612606231356,0,19,22,186,1,1,1,59,148,9,6.64993110257997,0,3.15254237288136,0.0774647887323944,0.0236567762630313,0.132756926482713,0,47.8,66.8
2009,REG,00-0024297,,Derek Hagan,WR,WR,,6,NYG,0,0,0,0,0,0,0,0,0,0,0,0,,0,,,0,0,0,0,0,0,,0,8,8,101,1,0,0,99,2,4,10.0231732248794,0,1.02020202020202,0.0408163265306122,0.0623033354310887,0.10483682459768,0,16.1,24.1
2009,REG,00-0024300,,Brodie Croyle,QB,QB,,3,KC,23,40,230,2,0,3,18,1,0,312,124,10,-9.37100806340854,0,0.737179487179487,0.0085397451484518,0,0,0,0,0,0,,0,0,0,0,0,0,0,0,0,0,,0,,,,,0,17.2,17.2
2009,REG,00-0024301,,David Thomas,TE,TE,,12,NO,0,0,0,0,0,0,0,0,0,0,0,0,,0,,,0,0,0,0,0,0,,0,35,49,356,1,0,0,277,191,18,13.0083226930801,0,1.28519855595668,0.117505995203837,0.0914493232089799,0.240273519052041,0,41.6,76.6
2009,REG,00-0024305,,Maurice Stovall,WR,WR,,10,TB,0,0,0,0,0,0,0,0,0,0,0,0,,0,,,0,0,0,0,0,0,,0,24,47,366,1,0,0,599,99,16,1.17861491186725,0,0.6110183639399,0.13782991202346,0.182122225600486,0.334230425955531,0,42.6,66.6
2009,REG,00-0024312,,Eric Smith,FS,DB,,1,NYJ,0,0,0,0,0,0,0,0,0,0,0,0,,0,,,0,0,0,0,0,0,,0,1,1,27,0,0,0,3,24,1,4.44438008591533,0,9.0,0.0434782608695652,0.0144927536231884,0.0753623188405797,0,2.7,3.7
2009,REG,00-0024313,,Owen Daniels,TE,TE,"https://static.www.nfl.com/image/private/f_auto,q_auto/league/ktxkz5tzddboxst5xfh8",8,HOU,0,0,0,0,0,0,0,0,0,0,0,0,,0,,,0,0,0,0,0,0,,0,40,58,519,5,1,0,421,223,28,30.7783111533068,0,1.23277909738717,0.207885304659498,0.200858778625954,0.452429102027415,0,81.9,121.9
2009,REG,00-0024315,,Michael Robinson,FB,RB,,9,SF,0,0,0,0,0,0,0,0,0,0,0,0,,0,,,3,2,0,0,0,1,-0.41901716432767,0,6,11,24,0,0,0,10,20,1,-4.20722331861142,0,2.4,0.0454545454545455,0.0068870523415978,0.0730027548209366,0,2.6,8.6
2009,REG,00-0024318,,Brad Smith,QB,QB,,11,NYJ,1,1,27,0,0,0,0,0,0,3,24,1,4.44438008591533,0,9.0,,18,207,1,0,0,10,15.7993102906039,0,7,12,63,0,0,0,62,49,3,-2.28142149044951,0,1.01612903225806,0.0731707317073171,0.041005291005291,0.138459801264679,2,46.08,53.08
2009,REG,00-0024324,,Jason Avant,WR,WR,"https://static.www.nfl.com/image/private/f_auto,q_auto/league/nnis5ib42eoeu8bjjpdc",16,PHI,0,0,0,0,0,0,0,0,0,0,0,0,,0,,,0,0,0,0,0,0,,0,41,58,587,3,1,0,614,192,26,35.0105272699241,1,0.956026058631922,0.106813996316759,0.132900432900433,0.253251297505441,0,78.7,119.7
2009,REG,00-0024326,,Demetrius Williams,WR,WR,,6,BAL,0,0,0,0,0,0,0,0,0,0,0,0,,0,,,0,0,0,0,0,0,,0,8,17,142,1,0,0,278,4,6,-3.2773359731403,0,0.510791366906475,0.0894736842105263,0.172563625077592,0.255005063870104,0,20.2,28.2
2009,REG,00-0024332,,Leon Washington,RB,RB,,7,NYJ,0,0,0,0,0,0,0,0,0,0,0,0,,0,,,71,330,0,1,1,9,-8.05287837480272,0,15,26,131,0,0,0,52,109,4,-4.75843682542687,0,2.51923076923077,0.160493827160494,0.0362116991643454,0.266088930155783,0,44.1,59.1
2009,REG,00-0024334,B.Marshall,Brandon Marshall,WR,WR,"https://static.www.nfl.com/image/private/f_auto,q_auto/league/jhziqh0scfksvxen6f3s",15,DEN,0,0,0,0,0,0,0,0,0,0,0,0,,0,,,7,39,0,0,0,1,0.90173437143676,0,101,154,1120,10,0,0,1371,515,56,42.4184823775847,0,0.816921954777535,0.309236947791165,0.397506523630038,0.742109988227773,0,175.9,276.9
2009,REG,00-0024345,,Domenik Hixon,WR,WR,,12,NYG,0,0,0,0,0,0,0,0,0,0,0,0,,0,,,0,0,0,0,0,0,,0,15,28,187,1,0,0,354,101,10,7.50627054605193,0,0.528248587570622,0.0703517587939699,0.0997183098591549,0.175330455092363,1,30.7,45.7
2009,REG,00-0024359,,Jerome Harrison,RB,RB,,14,CLE,0,0,0,0,0,0,0,0,0,0,0,0,,0,,,194,862,5,2,2,37,-16.9215765102773,0,34,50,220,2,0,0,-26,238,11,-5.16434575915836,0,-8.46153846153846,0.163398692810458,-0.0102929532858274,0.237892971915607,0,146.2,180.2
2009,REG,00-0024369,,Jeff King,TE,TE,,15,CAR,0,0,0,0,0,0,0,0,0,0,0,0,,0,,,0,0,0,0,0,0,,0,25,33,200,3,1,0,201,69,12,7.68005433288636,0,0.995024875621891,0.0781990521327014,0.05534140969163,0.156037564983193,0,38.0,63.0
2009,REG,00-0024389,De.Walker,Delanie Walker,TE,TE,"https://static.www.nfl.com/image/private/f_auto,q_auto/league/diknegkpqy0qnri7877z",12,SF,0,0,0,0,0,0,0,0,0,0,0,0,,0,,,3,34,0,0,0,2,1.53784225066192,0,21,33,233,0,1,1,228,159,10,-5.8387240160373,0,1.0219298245614,0.0810810810810811,0.0795533845080251,0.177308990777239,0,24.7,45.7
2009,REG,00-0024390,,Kevin Boothe,G,OL,,1,NYG,0,0,0,0,0,0,0,0,0,0,0,0,,0,,,0,0,0,0,0,0,,0,0,1,0,0,0,0,2,0,0,-0.854961800156161,0,0.0,0.0263157894736842,0.0070175438596491,0.0443859649122807,0,0.0,0.0
2009,REG,00-0024394,,Lawrence Vickers,FB,RB,,12,CLE,0,0,0,0,0,0,0,0,0,0,0,0,,0,,,0,0,0,0,0,0,,0,8,18,27,1,1,0,21,29,3,-3.70240110222949,0,1.28571428571429,0.0548780487804878,0.0096286107290233,0.0890571006810481,0,8.7,16.7
2009,REG,00-0024408,,Bruce Gradkowski,QB,QB,,7,LV,81,149,1004,6,3,11,71,3,2,1544,421,44,-5.08377805524082,0,0.650259067357513,0.0317904575599044,18,108,0,2,1,7,1.94028314630883,0,0,0,0,0,0,0,0,0,0,,0,,,,,0,62.96,62.96
2009,REG,00-0024432,,Todd Watkins,WR,WR,,8,LV,0,0,0,0,0,0,0,0,0,0,0,0,,0,,,0,0,0,0,0,0,,0,8,19,90,0,0,0,311,22,4,-5.27402970782714,0,0.289389067524116,0.080168776371308,0.131668077900085,0.212420819087021,0,9.0,17.0
2009,REG,00-0024447,,Devin Aromashodu,WR,WR,,7,CHI,0,0,0,0,0,0,0,0,0,0,0,0,,0,,,0,0,0,0,0,0,,0,24,43,298,4,0,0,540,79,16,6.09980985771949,0,0.551851851851852,0.187772925764192,0.277207392197125,0.475704563184276,0,53.8,77.8
2009,REG,00-0024460,,Quinton Ganther,RB,RB,,8,WAS,0,0,0,0,0,0,0,0,0,0,0,0,,0,,,62,199,3,0,0,12,-6.02906082387199,0,9,10,99,0,0,0,-17,114,4,4.37673717318103,0,-5.82352941176471,0.0497512437810945,-0.013375295043273,0.0652641591413507,0,47.8,56.8
2009,REG,00-0024463,,Ben Obomanu,WR,WR,,5,SEA,0,0,0,0,0,0,0,0,0,0,0,0,,0,,,0,0,0,0,0,0,,0,4,5,41,0,0,0,30,15,4,4.68012629076839,0,1.36666666666667,0.0261780104712042,0.0208768267223382,0.053880794412443,0,4.1,8.1
2009,REG,00-0024465,,David Anderson,WR,WR,,16,HOU,0,0,0,0,0,0,0,0,0,0,0,0,,0,,,0,0,0,0,0,0,,0,38,53,370,0,0,0,330,159,22,8.27780029648211,0,1.12121212121212,0.0910652920962199,0.0729765590446705,0.187681529475599,0,37.0,75.0
2009,REG,00-0024466,,Marques Colston,WR,WR,"https://static.www.nfl.com/image/private/f_auto,q_auto/league/hnnuo9nfwzwlakr2srdq",16,NO,0,0,0,0,0,0,0,0,0,0,0,0,,0,,,1,6,0,0,0,0,0.409280729945749,0,70,106,1074,9,2,1,1127,350,54,52.6416338837657,0,0.952972493345164,0.196660482374768,0.264058106841612,0.479831398351281,0,160.0,230.0
2009,REG,00-0024489,,Ahmard Hall,FB,RB,,12,TEN,0,0,0,0,0,0,0,0,0,0,0,0,,0,,,1,5,0,1,1,0,-2.34713306184858,0,12,16,79,0,1,1,26,68,3,-4.48321637377376,0,3.03846153846154,0.0416666666666667,0.0079901659496004,0.0680931161647203,0,4.4,16.4
2009,REG,00-0024529,,Gijon Robinson,TE,TE,,9,IND,0,0,0,0,0,0,0,0,0,0,0,0,,0,,,0,0,0,0,0,0,,0,9,15,62,0,0,0,73,16,3,1.34042628575116,0,0.849315068493151,0.0457317073170732,0.0251031636863824,0.0861697755560774,0,6.2,15.2
2009,REG,00-0024535,E.Weems,Eric Weems,WR,WR,"https://static.www.nfl.com/image/private/f_auto,q_auto/league/kptsfekcpfukewtim9kz",8,ATL,0,0,0,0,0,0,0,0,0,0,0,0,,0,,,8,53,0,0,0,2,-1.18381155782845,0,6,6,50,2,0,0,28,22,3,7.82610706164269,0,1.78571428571429,0.0394736842105263,0.021978021978022,0.0745951417004049,0,22.3,28.3
2009,REG,00-0024559,,D.J. Ware,RB,RB,,4,NYG,0,0,0,0,0,0,0,0,0,0,0,0,,0,,,13,73,1,1,1,5,-2.95405646985929,0,3,4,15,0,0,0,-17,28,0,-1.54302014457062,0,-0.882352941176471,0.0588235294117647,-0.0381165919282511,0.0615536797678713,0,12.8,15.8
2009,REG,00-0024561,,Marcus Mason,RB,RB,,9,WAS,0,0,0,0,0,0,0,0,0,0,0,0,,0,,,32,127,0,0,0,4,-2.77976099281635,0,6,7,58,0,0,0,-9,63,1,3.54812038250384,0,-6.44444444444445,0.032258064516129,-0.0063335679099225,0.0439535992372477,0,18.5,24.5
2009,REG,00-0024607,,Daniel Coats,TE,TE,,12,CIN,0,0,0,0,0,0,0,0,0,0,0,0,,0,,,0,0,0,0,0,0,,0,16,31,150,0,2,1,149,101,3,-14.4956451044908,0,1.00671140939597,0.0880681818181818,0.0558889722430608,0.171224553297415,0,13.0,29.0
2009,REG,00-0024682,,Michael Matthews,TE,TE,,1,NE,0,0,0,0,0,0,0,0,0,0,0,0,,0,,,0,0,0,0,0,0,,0,0,1,0,0,0,0,47,0,0,-0.873484778683633,0,0.0,0.0303030303030303,0.176029962546816,0.168675519237317,0,0.0,0.0
2009,REG,00-0024714,,Edgar Jones,DE,DL,,1,BAL,0,0,0,0,0,0,0,0,0,0,0,0,,0,,,0,0,0,0,0,0,,0,1,2,8,0,0,0,8,5,1,0.826252088299952,0,1.0,0.0869565217391304,0.0421052631578947,0.159908466819222,0,0.8,1.8
2009,REG,00-0024738,,Eldra Buckley,RB,RB,,6,PHI,0,0,0,0,0,0,0,0,0,0,0,0,,0,,,15,44,1,0,0,4,0.652814863976594,0,0,0,0,0,0,0,0,0,0,,0,,,,,0,10.4,10.4
2009,REG,00-0024813,,Pierre Thomas,RB,RB,"https://static.www.nfl.com/image/private/f_auto,q_auto/league/w58uf8rmlucv7qagwrfv",14,NO,0,0,0,0,0,0,0,0,0,0,0,0,,0,,,147,793,6,1,1,36,6.50191645581426,0,39,45,302,2,1,0,-85,387,12,7.70203722503323,0,-3.55294117647059,0.118421052631579,-0.0317757009345794,0.155388588293163,0,155.5,194.5
2009,REG,00-0024824,,Matt Gutierrez,QB,QB,,1,KC,1,1,3,0,0,0,0,0,0,2,1,0,-0.911058197030798,0,1.5,,0,0,0,0,0,0,,0,0,0,0,0,0,0,0,0,0,,0,,,,,0,0.12,0.12
2009,REG,00-0024825,,Jake Nordin,FB,RB,,2,DET,0,0,0,0,0,0,0,0,0,0,0,0,,0,,,0,0,0,0,0,0,,0,2,3,26,0,0,0,26,6,2,1.98973188368836,0,1.0,0.046875,0.0552016985138004,0.10895368895966,0,2.6,4.6
2009,REG,00-0024846,,Gary Russell,RB,RB,,6,LV,0,0,0,0,0,0,0,0,0,0,0,0,,0,,,3,0,0,0,0,1,-1.22647246799897,0,12,15,96,0,0,0,-5,101,6,3.27337993530091,0,-19.2,0.0728155339805825,-0.003012048192771,0.107114867235934,0,9.6,21.6
2009,REG,00-0025388,,JaMarcus Russell,QB,QB,,12,LV,121,247,1290,3,11,32,207,9,6,2300,594,58,-120.682557104429,0,0.560869565217391,-0.0339673694890206,19,45,0,0,0,9,3.70216775918379,0,0,0,0,0,0,0,0,0,0,,0,,,,,0,34.1,34.1
2009,REG,00-0025389,,Calvin Johnson,WR,WR,"https://static.www.nfl.com/image/private/f_auto,q_auto/league/z6dxib9sientn4m9cljh",14,DET,0,0,0,0,0,0,0,0,0,0,0,0,,0,,,7,73,0,0,0,5,5.3973337119678,0,67,136,984,5,3,2,1750,329,46,1.59743134481903,0,0.562285714285714,0.264077669902913,0.417461832061069,0.688339787297117,0,131.7,198.7
2009,REG,00-0025394,A.Peterson,Adrian Peterson,RB,RB,"https://static.www.nfl.com/image/private/f_auto,q_auto/league/ug2ua3skqc9f6vkbowxc",16,MIN,0,0,0,0,0,0,0,0,0,0,0,0,,0,,,315,1389,18,6,5,74,-29.4153975294985,0,43,57,436,0,1,1,43,422,16,6.72207991073111,0,10.1395348837209,0.103825136612022,0.0102307875327147,0.162899256190933,0,278.5,321.5
2009,REG,00-0025396,T.Ginn,Ted Ginn,WR,WR,"https://static.www.nfl.com/image/private/f_auto,q_auto/league/o4m4txrv9l7odyebnea4",16,MIA,0,0,0,0,0,0,0,0,0,0,0,0,,0,,,7,48,0,0,0,2,1.05917633906938,0,38,78,454,1,0,0,1221,43,25,0.559678296524662,0,0.371826371826372,0.145794392523364,0.268469656992084,0.406620348679506,2,68.2,106.2
2009,REG,00-0025399,M.Lynch,Marshawn Lynch,RB,RB,"https://static.www.nfl.com/image/private/f_auto,q_auto/league/ddhpebfqtr9yxsnbx9ht",13,BUF,0,0,0,0,0,0,0,0,0,0,0,0,,0,,,120,450,2,3,1,18,-21.414600009013,0,28,37,179,0,0,0,-7,199,6,-5.74420374352837,0,-25.5714285714286,0.128472222222222,-0.003709591944886,0.190111618971913,0,72.9,100.9
2009,REG,00-0025409,,Brady Quinn,QB,QB,,10,CLE,136,256,1339,8,7,19,104,3,2,2144,669,73,-50.8349004491288,0,0.624533582089552,-0.0153523593437828,20,98,1,1,1,10,10.1015796368592,0,1,1,18,0,0,0,12,6,1,2.42110199551098,0,1.5,0.0285714285714286,0.0425531914893617,0.0726443768996961,0,83.16,84.16
2009,REG,00-0025410,,Dwayne Bowe,WR,WR,"https://static.www.nfl.com/image/private/f_auto,q_auto/league/ihvktvkw198qeclu6mtk",11,KC,0,0,0,0,0,0,0,0,0,0,0,0,,0,,,0,0,0,0,0,0,,0,47,87,589,4,1,0,876,205,31,25.5288243918366,0,0.672374429223744,0.238356164383562,0.289778365861727,0.560379102678551,0,82.9,129.9
2009,REG,00-0025414,,Robert Meachem,WR,WR,,15,NO,0,0,0,0,0,0,0,0,0,0,0,0,,0,,,6,82,0,0,0,4,6.23985393738258,0,45,64,722,9,2,1,927,180,30,44.8428402732238,0,0.778856526429342,0.127744510978044,0.233913701741105,0.35535635768584,0,132.4,177.4
2009,REG,00-0025417,,Craig Davis,WR,WR,,1,LAC,0,0,0,0,0,0,0,0,0,0,0,0,,0,,,1,4,0,0,0,0,-0.0395058633293957,0,6,7,52,0,0,0,67,23,4,5.82070336476318,0,0.776119402985075,0.155555555555556,0.215434083601286,0.384137191854234,0,5.6,11.6
2009,REG,00-0025418,G.Olsen,Greg Olsen,TE,TE,"https://static.www.nfl.com/image/private/f_auto,q_auto/league/jevf1bubmrv2vvmiwq3r",16,CHI,0,0,0,0,0,0,0,0,0,0,0,0,,0,,,0,0,0,0,0,0,,0,60,108,612,8,0,0,1056,176,33,-2.75370545685784,0,0.579545454545455,0.194244604316547,0.228819068255688,0.451540254253802,0,109.2,169.2
2009,REG,00-0025423,,Kevin Kolb,QB,QB,,3,PHI,62,96,741,4,3,4,33,1,1,687,359,31,-2.79361651774214,0,1.07860262008734,0.0743304782451911,4,5,1,1,0,1,0.504761275893543,0,0,0,0,0,0,0,0,0,0,,0,,,,,0,44.14,44.14
2009,REG,00-0025425,,Zach Miller,TE,TE,,15,LV,0,0,0,0,0,0,0,0,0,0,0,0,,0,,,0,0,0,0,0,0,,0,66,100,805,3,0,0,836,367,31,9.00634996900722,0,0.962918660287081,0.22271714922049,0.193473732932192,0.469507336883269,0,98.5,164.5
2009,REG,00-0025430,D.Stanton,Drew Stanton,QB,QB,"https://static.www.nfl.com/image/private/f_auto,q_auto/league/di5hc0mwbomreqx7ojbu",3,DET,26,51,259,0,6,5,27,1,1,457,129,12,-35.3477149494742,0,0.566739606126915,-0.0190799978933217,9,33,1,0,0,2,0.578480621945346,0,0,0,0,0,0,0,0,0,0,,0,,,,,0,5.66,5.66
2009,REG,00-0025431,,Sidney Rice,WR,WR,,16,MIN,0,1,0,0,0,0,0,0,0,8,0,0,-0.450504095759243,0,0.0,,0,0,0,0,0,0,,0,84,122,1312,8,1,1,1557,375,59,89.7509952234515,0,0.842646114322415,0.222222222222222,0.362093023255814,0.586798449612403,0,177.2,261.2
2009,REG,00-0025432,,Dwayne Jarrett,WR,WR,,10,CAR,0,0,0,0,0,0,0,0,0,0,0,0,,0,,,0,0,0,0,0,0,,0,17,31,196,1,0,0,345,49,10,6.59310543099376,0,0.568115942028986,0.100323624595469,0.120460893854749,0.234808062591528,0,25.6,42.6
2009,REG,00-0025438,,Steve Smith,WR,WR,,16,NYG,0,0,0,0,0,0,0,0,0,0,0,0,,0,,,0,0,0,0,0,0,,0,107,157,1220,7,0,0,1762,266,61,56.2360455739311,0,0.692395005675369,0.294007490636704,0.370401513558966,0.700292295446332,0,164.0,271.0
2009,REG,00-0025439,,Brian Leonard,RB,RB,,14,CIN,0,0,0,0,0,0,0,0,0,0,0,0,,0,,,27,84,0,0,0,6,-2.37148493814245,0,30,35,217,0,1,1,56,191,13,8.62613449298251,1,3.875,0.0857843137254902,0.0177496038034865,0.141101193250676,0,30.1,60.1
2009,REG,00-0025450,,Brandon Jackson,RB,RB,,11,GB,0,0,0,0,0,0,0,0,0,0,0,0,,0,,,37,111,2,1,0,5,-7.00000350882792,0,21,26,187,1,0,0,7,197,11,10.3657570946402,1,26.7142857142857,0.0815047021943574,0.0025044722719141,0.124010183881876,0,49.8,70.8
2009,REG,00-0025460,,Jacoby Jones,WR,WR,"https://static.www.nfl.com/image/private/f_auto,q_auto/league/yhjtycrpq7jtfarxkhcx",13,HOU,0,0,0,0,0,0,0,0,0,0,0,0,,0,,,3,22,0,0,0,1,0.672748205484822,0,27,40,437,6,0,0,496,138,19,18.2830695983061,0,0.881048387096774,0.0836820083682008,0.136789851075565,0.221275908305197,1,87.9,114.9
2009,REG,00-0025461,,Yamon Figurs,WR,WR,,2,DET,0,0,0,0,0,0,0,0,0,0,0,0,,0,,,1,-2,0,0,0,0,-1.09579654328991,0,1,2,7,0,0,0,13,2,1,-2.75330995104741,0,0.538461538461538,0.0571428571428571,0.0446735395189003,0.116985763377516,0,0.5,1.5
2009,REG,00-0025462,,Laurent Robinson,WR,WR,,3,LA,0,0,0,0,0,0,0,0,0,0,0,0,,0,,,0,0,0,0,0,0,,0,13,23,167,1,0,0,295,43,11,11.0434725033921,0,0.566101694915254,0.23469387755102,0.40521978021978,0.635694662480377,0,22.7,35.7
2009,REG,00-0025463,,Jason Hill,WR,WR,,10,SF,0,0,0,0,0,0,0,0,0,0,0,0,,0,,,0,0,0,0,0,0,,0,9,17,90,2,0,0,132,54,6,1.70141635420188,0,0.681818181818182,0.0482954545454545,0.0554854981084489,0.111283030494096,0,21.0,30.0
2009,REG,00-0025464,,Matt Spaeth,TE,TE,"https://static.www.nfl.com/image/private/f_auto,q_auto/league/wywcnns8be7rzlrwnjwh",5,PIT,0,0,0,0,0,0,0,0,0,0,0,0,,0,,,0,0,0,0,0,0,,0,5,7,25,1,1,0,26,10,1,2.57223562523723,0,0.961538461538461,0.0382513661202186,0.0158633312995729,0.0684813810900289,0,8.5,13.5
2009,REG,00-0025465,,James Jones,WR,WR,,16,GB,0,0,0,0,0,0,0,0,0,0,0,0,,0,,,0,0,0,0,0,0,,0,32,63,440,5,0,0,650,187,16,-2.64727614956838,0,0.676923076923077,0.114963503649635,0.132167547783652,0.264962538923009,0,74.0,106.0
2009,REG,00-0025466,,Mike Sims-Walker,WR,WR,,15,JAX,0,0,0,0,0,0,0,0,0,0,0,0,,0,,,0,0,0,0,0,0,,0,63,111,869,7,2,1,1226,281,43,25.8403716260486,0,0.708809135399674,0.230290456431535,0.308738353059683,0.561552531789081,0,126.9,189.9
2009,REG,00-0025479,,Trent Edwards,QB,QB,,8,BUF,110,183,1169,6,7,22,129,1,0,1286,582,53,-31.6659662729587,0,0.909020217729393,0.0306478998464566,14,106,0,0,0,6,7.60618684913673,0,0,0,0,0,0,0,0,0,0,,0,,,,,0,67.36,67.36
2009,REG,00-0025480,,Garrett Wolfe,RB,RB,,6,CHI,0,0,0,0,0,0,0,0,0,0,0,0,,0,,,22,120,1,0,0,6,1.59037155591068,0,2,3,12,0,0,0,-2,13,0,-1.72535397786335,0,-6.0,0.0326086956521739,-0.003690036900369,0.0463300176480026,0,19.2,21.2
2009,REG,00-0025486,,Johnnie Lee Higgins,WR,WR,,10,LV,0,0,0,0,0,0,0,0,0,0,0,0,,0,,,2,21,0,0,0,1,0.575573022477329,0,19,45,263,0,0,0,582,26,14,-11.5586157535214,0,0.451890034364261,0.14018691588785,0.197087707416187,0.348241769023107,0,28.4,47.4
2009,REG,00-0025487,,Michael Bush,RB,RB,,15,LV,0,1,0,0,0,0,0,0,0,17,0,0,-0.938599510285402,0,0.0,,123,589,3,1,1,22,-8.02650879361318,0,17,19,105,0,1,1,-17,130,3,-5.76838872778341,0,-6.17647058823529,0.0553935860058309,-0.0057803468208092,0.0790441362341799,0,83.4,100.4
2009,REG,00-0025490,,Isaiah Stanback,TE,TE,,3,NE,0,0,0,0,0,0,0,0,0,0,0,0,,0,,,0,0,0,0,0,0,,0,3,7,22,0,0,0,86,2,1,0.167757671442814,0,0.255813953488372,0.0578512396694215,0.0801491146318733,0.142881239746444,0,2.2,5.2
2009,REG,00-0025524,,Le'Ron McClain,FB,RB,,16,BAL,0,0,0,0,0,0,0,0,0,0,0,0,,0,,,46,180,2,0,0,22,1.90357180030288,0,21,27,141,0,0,0,-36,181,6,2.31414055061759,0,-3.91666666666667,0.0602678571428571,-0.0098738343390016,0.0834901016769846,0,44.1,65.1
2009,REG,00-0025529,,Steve Breaston,WR,WR,,14,ARI,0,0,0,0,0,0,0,0,0,0,0,0,,0,,,2,44,0,0,0,2,2.84933947271202,0,55,82,712,3,0,0,918,158,33,19.7696436661056,0,0.775599128540305,0.159844054580897,0.224395013444146,0.396842591282247,0,93.6,148.6
2009,REG,00-0025535,,Kolby Smith,RB,RB,,4,KC,0,0,0,0,0,0,0,0,0,0,0,0,,0,,,15,33,0,0,0,1,-6.64938848368587,0,2,2,9,0,0,0,-3,12,0,0.0753578080330044,0,-3.0,0.028169014084507,-0.0106761565836299,0.0347802115182196,0,4.2,6.2
2009,REG,00-0025540,,Kevin Boss,TE,TE,,15,NYG,0,0,0,0,0,0,0,0,0,0,0,0,,0,,,1,16,0,0,0,1,0.80899415013846,0,42,69,567,5,0,0,569,230,26,21.9022245271719,0,0.996485061511424,0.134765625,0.125745856353591,0.290170536947514,0,88.3,130.3
2009,REG,00-0025542,,Dante Rosario,TE,TE,,14,CAR,0,0,0,0,0,0,0,0,0,0,0,0,,0,,,0,0,0,0,0,0,,0,26,48,313,2,0,0,404,129,19,6.92180055190017,0,0.774752475247525,0.116504854368932,0.107848371596369,0.250251141670857,0,43.3,69.3
2009,REG,00-0025544,,David Clowney,WR,WR,,9,NYJ,0,0,0,0,0,0,0,0,0,0,0,0,,0,,,3,1,0,0,0,1,-1.35815784451552,0,14,22,191,1,1,0,271,47,7,6.65527025824581,0,0.70479704797048,0.103286384976526,0.12234762979684,0.240572918322577,0,25.2,39.2
2009,REG,00-0025549,B.Celek,Brent Celek,TE,TE,"https://static.www.nfl.com/image/private/f_auto,q_auto/league/mit6ahic4gkdhy1hkejt",16,PHI,0,0,0,0,0,0,0,0,0,0,0,0,,0,,,0,0,0,0,0,0,,0,76,112,971,8,0,0,724,447,42,39.0026161791146,0,1.34116022099448,0.206261510128913,0.156709956709957,0.41908923489034,0,145.1,221.1
2009,REG,00-0025559,,Legedu Naanee,WR,WR,,13,LAC,1,1,21,0,0,0,0,0,0,-8,29,1,1.11260087927803,0,0.0,,3,7,0,0,0,1,-0.459132328862324,0,24,29,242,2,0,0,150,130,14,19.4907871637552,0,1.61333333333333,0.0828571428571429,0.0440011733646231,0.15508653564095,0,37.74,61.74
2009,REG,00-0025561,,Troy Smith,QB,QB,,3,BAL,5,9,24,0,1,0,0,0,0,83,16,1,-6.43256004090654,0,0.289156626506024,-0.0184168883727745,8,31,1,0,0,2,-1.92334739328362,0,0,0,0,0,0,0,0,0,0,,0,,,,,0,8.06,8.06
2009,REG,00-0025562,,Oren O'Neal,FB,RB,,1,LV,0,0,0,0,0,0,0,0,0,0,0,0,,0,,,1,0,0,0,0,0,-0.473052908200771,0,0,0,0,0,0,0,0,0,0,,0,,,,,0,0.0,0.0
2009,REG,00-0025578,,Korey Hall,RB,RB,,4,GB,0,0,0,0,0,0,0,0,0,0,0,0,,0,,,0,0,0,0,0,0,,0,5,7,41,0,0,0,29,27,2,1.33327628113329,0,1.41379310344828,0.0514705882352941,0.022568093385214,0.093003547722591,0,4.1,9.1
2009,REG,00-0025582,,Deon Anderson,FB,RB,,3,DAL,0,0,0,0,0,0,0,0,0,0,0,0,,0,,,0,0,0,0,0,0,,0,1,3,5,0,0,0,10,0,0,-0.730497658252716,0,0.5,0.0294117647058824,0.012970168612192,0.0531967650873579,0,0.5,1.5
2009,REG,00-0025597,,Jordan Kent,WR,WR,,1,LA,0,0,0,0,0,0,0,0,0,0,0,0,,0,,,0,0,0,0,0,0,,0,1,3,5,0,0,0,4,5,1,-1.33043031359557,0,1.25,0.107142857142857,0.0222222222222222,0.176269841269841,0,0.5,1.5
2009,REG,00-0025602,,Ben Patrick,TE,TE,,8,ARI,0,0,0,0,0,0,0,0,0,0,0,0,,0,,,0,0,0,0,0,0,,0,12,16,146,2,0,0,117,37,6,9.44590668156161,0,1.24786324786325,0.0555555555555556,0.051678445229682,0.119508244994111,0,26.6,38.6
2009,REG,00-0025604,,Tyler Thigpen,QB,QB,,2,MIA,4,8,83,1,2,0,0,0,0,127,25,3,0.0082805441925302,0,0.653543307086614,0.0584651741322716,2,3,0,0,0,0,-1.00744207436219,0,0,0,0,0,0,0,0,0,0,,0,,,,,0,3.62,3.62
2009,REG,00-0025609,,Derek Schouman,TE,TE,,2,BUF,0,0,0,0,0,0,0,0,0,0,0,0,,0,,,0,0,0,0,0,0,,0,9,11,103,0,0,0,76,45,4,0.567395065773238,0,1.35526315789474,0.196428571428571,0.162393162393162,0.408318070818071,0,10.3,19.3
2009,REG,00-0025615,,DeShawn Wynn,RB,RB,,3,GB,0,0,0,0,0,0,0,0,0,0,0,0,,0,,,6,19,0,0,0,0,-2.00295171368634,0,2,7,19,0,0,0,7,15,1,-3.92885573544456,0,2.71428571428571,0.107692307692308,0.011844331641286,0.169829493687362,0,3.8,5.8
2009,REG,00-0025622,,Chansi Stuckey,WR,WR,,14,CLE,0,0,0,0,0,0,0,0,0,0,0,0,,0,,,2,6,0,0,0,0,-0.188171116053127,0,30,65,318,2,0,0,560,137,21,-12.0977748849566,0,0.567857142857143,0.185714285714286,0.183847669074196,0.407264796923366,0,44.4,74.4
2009,REG,00-0025631,,Jason Snelling,FB,RB,,14,ATL,0,0,0,0,0,0,0,0,0,0,0,0,,0,,,142,613,4,1,1,37,-2.86213802112616,0,30,39,259,1,1,0,68,214,13,7.43503311669937,0,3.80882352941176,0.0795918367346939,0.0165289256198347,0.130958003035925,0,115.2,145.2
2009,REG,00-0025633,,Kenneth Darby,RB,RB,,14,LA,0,0,0,0,0,0,0,0,0,0,0,0,,0,,,27,152,0,0,0,5,1.51267450576415,0,18,24,96,0,0,0,26,84,6,-5.27849353175593,0,3.69230769230769,0.0554272517321016,0.0098709187547456,0.0900505207264744,0,24.8,42.8
2009,REG,00-0025637,,Ahmad Bradshaw,RB,RB,"https://static.www.nfl.com/image/private/f_auto,q_auto/league/vlgcz2so2urjgowxz3tz",15,NYG,0,0,0,0,0,0,0,0,0,0,0,0,,0,,,163,778,7,3,2,46,0.646962250795372,0,21,30,207,0,0,0,-51,265,6,3.02981857013919,0,-4.05882352941176,0.0757575757575758,-0.0168986083499006,0.101807337791433,0,136.5,157.5
2009,REG,00-0025672,,Tim Castille,FB,RB,,6,KC,0,1,0,0,1,0,0,0,0,26,0,0,-3.17607577028684,0,0.0,,14,55,0,1,1,3,-7.66005008789944,0,4,6,37,1,0,0,29,8,1,0.133332642435562,0,1.27586206896552,0.0444444444444444,0.0326209223847019,0.089501312335958,0,11.2,15.2
2009,REG,00-0025701,,Jackie Battle,RB,RB,,4,KC,0,0,0,0,0,0,0,0,0,0,0,0,,0,,,7,21,0,0,0,3,2.15545649640262,0,2,2,-3,0,0,0,-10,7,0,-2.09149178001098,0,0.3,0.025,-0.0188679245283019,0.0242924528301887,0,1.8,3.8
2009,REG,00-0025708,M.Moore,Matt Moore,QB,QB,"https://static.www.nfl.com/image/private/f_auto,q_auto/league/h04zarfikqlgerdftbgp",7,CAR,85,138,1053,8,2,9,78,1,0,1204,432,52,18.2463896580743,0,0.874584717607973,0.0908380084949379,12,-3,0,1,0,1,-0.179918535635807,0,0,0,0,0,0,0,0,0,0,,0,,,,,0,69.82,69.82
2009,REG,00-0025841,,Louis Rankin,RB,RB,,4,SEA,0,0,0,0,0,0,0,0,0,0,0,0,,0,,,8,36,0,1,1,3,-4.12074125150684,0,5,7,33,0,0,0,-28,49,1,-0.489141893398482,0,-1.17857142857143,0.0486111111111111,-0.0261437908496732,0.0546160130718954,0,4.9,9.9
2009,REG,00-0025860,,BenJarvus Green-Ellis,RB,RB,,6,NE,0,0,0,0,0,0,0,0,0,0,0,0,,0,,,26,114,0,0,0,6,-0.441585553053301,0,2,5,11,0,0,0,7,13,0,-2.06540026981384,0,1.57142857142857,0.043859649122807,0.0074231177094379,0.0709856560808171,0,12.5,14.5
2009,REG,00-0025864,,Jonathan Stupar,TE,TE,,7,BUF,0,0,0,0,0,0,0,0,0,0,0,0,,0,,,0,0,0,0,0,0,,0,5,10,39,0,0,0,24,41,3,-1.45211748348083,0,1.625,0.0558659217877095,0.0164158686730506,0.0952899907526997,0,3.9,8.9
2009,REG,00-0025934,,Lance Long,WR,WR,,8,KC,0,0,0,0,0,0,0,0,0,0,0,0,,0,,,1,-1,0,0,0,0,-0.726332062389702,0,20,38,178,0,0,0,294,77,6,-15.08280126506,0,0.605442176870748,0.134275618374558,0.124418112568769,0.288506106359975,0,17.7,37.7
2009,REG,00-0025951,,Darius Reynaud,WR,WR,,2,MIN,0,0,0,0,0,0,0,0,0,0,0,0,,0,,,0,0,0,0,0,0,,0,0,2,0,0,0,0,12,0,0,-2.23591948626563,0,0.0,0.0298507462686567,0.0263736263736264,0.0632376578645235,0,0.0,0.0
2009,REG,00-0025955,,Albert Young,RB,RB,,2,MIN,0,0,0,0,0,0,0,0,0,0,0,0,,0,,,12,53,0,0,0,3,-4.63729325169697,0,0,0,0,0,0,0,0,0,0,,0,,,,,0,5.3,5.3
2009,REG,00-0025970,,Caleb Hanie,QB,QB,,2,CHI,3,7,11,0,1,0,0,0,0,46,6,0,-6.41903710557381,0,0.239130434782609,-0.0321572090733319,0,0,0,0,0,0,,0,0,0,0,0,0,0,0,0,0,,0,,,,,0,-1.56,-1.56
2009,REG,00-0025992,,Samuel Giguere,WR,WR,,1,IND,0,0,0,0,0,0,0,0,0,0,0,0,,0,,,0,0,0,0,0,0,,0,0,2,0,0,0,0,33,0,0,-3.99690021085553,0,0.0,0.0571428571428571,0.133603238866397,0.179236552920763,0,0.0,0.0
2009,REG,00-0025997,,Chad Simpson,RB,RB,,8,IND,0,0,0,0,0,0,0,0,0,0,0,0,,0,,,15,102,2,0,0,5,4.30286760785384,0,3,4,1,0,0,0,-20,25,0,-2.17686790414155,0,-0.05,0.0327868852459016,-0.0215982721382289,0.0340615373720922,1,28.3,31.3
2009,REG,00-0026000,,Davone Bess,WR,WR,,16,MIA,0,0,0,0,0,0,0,0,0,0,0,0,,0,,,2,11,0,1,1,1,-2.96153770480305,0,76,113,758,2,2,1,850,287,48,18.076026629317,0,0.891764705882353,0.211214953271028,0.186895338610378,0.447649166933807,0,84.9,160.9
2009,REG,00-0026008,,Matthew Mulligan,TE,TE,"https://static.www.nfl.com/image/private/f_auto,q_auto/league/okuwvdnxk6weqzz3tglf",1,NYJ,0,0,0,0,0,0,0,0,0,0,0,0,,0,,,0,0,0,0,0,0,,0,1,1,2,0,0,0,0,2,0,-0.436287251883186,0,0.0,0.0434782608695652,,,0,0.2,1.2
2009,REG,00-0026019,D.Woodhead,Danny Woodhead,RB,RB,"https://static.www.nfl.com/image/private/f_auto,q_auto/league/gorlqe0etvc8ek5wob7j",7,NYJ,0,0,0,0,0,0,0,0,0,0,0,0,,0,,,15,64,0,0,0,2,-2.70226535973007,0,8,14,87,0,0,0,58,46,4,-3.11980705154238,0,1.5,0.12962962962963,0.0604166666666667,0.236736111111111,0,15.1,23.1
2009,REG,00-0026022,,Jake Allen,WR,WR,,1,CLE,0,0,0,0,0,0,0,0,0,0,0,0,,0,,,0,0,0,0,0,0,,0,0,1,0,0,0,0,24,0,0,-0.50895227631554,0,0.0,0.0285714285714286,0.0851063829787234,0.102431610942249,0,0.0,0.0
2009,REG,00-0026026,,Joey Haynos,TE,TE,,14,MIA,0,0,0,0,0,0,0,0,0,0,0,0,,0,,,0,0,0,0,0,0,,0,19,37,162,2,1,0,204,104,13,-2.03431263834995,0,0.794117647058824,0.0778947368421053,0.0508474576271187,0.152435325602141,0,28.2,47.2
2009,REG,00-0026033,,Mike Cox,FB,RB,,10,KC,0,0,0,0,0,0,0,0,0,0,0,0,,0,,,3,5,1,0,0,2,3.12033410940785,0,10,13,79,0,0,0,31,51,3,2.17104135121917,0,2.54838709677419,0.0404984423676012,0.0109501942776404,0.0684127995457502,0,14.4,24.4
2009,REG,00-0026035,D.Amendola,Danny Amendola,WR,WR,"https://static.www.nfl.com/image/private/f_auto,q_auto/league/etz06w7s0ardf49mnayz",14,LA,0,0,0,0,0,0,0,0,0,0,0,0,,0,,,3,-2,0,0,0,0,0.104514720849693,0,43,63,326,1,1,0,309,186,20,-6.96885421998783,0,1.05501618122977,0.133192389006343,0.0954292773316862,0.266589077641694,0,38.4,81.4
2009,REG,00-0026069,M.Tolbert,Mike Tolbert,FB,RB,"https://static.www.nfl.com/image/private/f_auto,q_auto/league/frwhwdhbcteyg7xjha7a",12,LAC,0,0,0,0,0,0,0,0,0,0,0,0,,0,,,25,148,1,0,0,10,9.38688604388153,0,17,22,192,3,1,0,14,186,9,11.4280542559281,0,13.7142857142857,0.0656716417910448,0.005103900838498,0.102080193273516,0,58.0,75.0
2009,REG,00-0026100,,Nate Hughes,WR,WR,,5,JAX,0,0,0,0,0,0,0,0,0,0,0,0,,0,,,0,0,0,0,0,0,,0,5,12,70,1,0,0,218,14,2,-1.712731724896,0,0.321100917431193,0.08,0.164777021919879,0.235343915343915,0,13.0,18.0
2009,REG,00-0026113,,Clifton Smith,RB,RB,,4,TB,0,0,0,0,0,0,0,0,0,0,0,0,,0,,,4,7,0,2,1,0,-5.34766571904765,0,2,5,4,0,0,0,2,3,0,-3.14983192353975,0,2.0,0.043859649122807,0.0019436345966958,0.0671500179018976,0,-0.9,1.1
2009,REG,00-0026121,,Lynell Hamilton,RB,RB,,5,NO,0,0,0,0,0,0,0,0,0,0,0,0,,0,,,35,125,2,0,0,12,2.13074304611655,0,5,7,48,0,0,0,-8,52,4,-1.36247244587867,0,-6.0,0.106060606060606,-0.0298507462686567,0.138195386702849,0,29.3,34.3
2009,REG,00-0026123,,Evan Moore,TE,TE,,5,CLE,0,0,0,0,0,0,0,0,0,0,0,0,,0,,,0,0,0,0,0,0,,0,12,23,158,0,0,0,217,65,8,5.70966120370956,0,0.728110599078341,0.211009174311927,0.219635627530364,0.470258700739145,0,15.8,27.8
2009,REG,00-0026132,,Matt Lawrence,RB,RB,,1,BAL,0,0,0,0,0,0,0,0,0,0,0,0,,0,,,4,0,0,0,0,0,-2.79565498308511,0,1,1,4,0,0,0,1,3,0,-0.0671016808482818,0,4.0,0.027027027027027,0.0030211480362537,0.0426553441659182,0,0.4,1.4
2009,REG,00-0026143,M.Ryan,Matt Ryan,QB,QB,"https://static.www.nfl.com/image/private/f_auto,q_auto/league/s6zam4ekrrnonsck6vak",14,ATL,263,451,2916,22,14,19,92,5,2,3746,1172,152,47.7101053800481,0,0.778430325680726,0.087717489002767,30,49,1,0,0,9,-4.75919554217235,0,0,0,0,0,0,0,0,0,0,,0,,,,,0,183.54,183.54
2009,REG,00-0026144,D.McFadden,Darren McFadden,RB,RB,"https://static.www.nfl.com/image/private/f_auto,q_auto/league/bfvionxxsfckmjqtw4kv",12,LV,0,0,0,0,0,0,0,0,0,0,0,0,,0,,,104,356,1,4,3,13,-31.0651871240018,0,21,36,245,0,1,0,140,186,10,-2.35183847507131,0,1.75,0.101123595505618,0.0390407138873397,0.179013892979565,0,60.1,81.1
2009,REG,00-0026153,J.Stewart,Jonathan Stewart,RB,RB,"https://static.www.nfl.com/image/private/f_auto,q_auto/league/dzvxfj3xrgnzc3jbag2n",16,CAR,0,0,0,0,0,0,0,0,0,0,0,0,,0,,,221,1133,10,3,2,54,14.3679904925082,0,18,26,139,1,0,0,47,105,7,3.39705439761747,0,2.95744680851064,0.0677083333333333,0.0139424503114803,0.111322215218036,0,189.2,207.2
2009,REG,00-0026157,,Gosder Cherilus,T,OL,"https://static.www.nfl.com/image/private/f_auto,q_auto/league/qzvveknwpa34fdbuxpvl",1,DET,0,0,0,0,0,0,0,0,0,0,0,0,,0,,,0,0,0,0,0,0,,0,0,1,0,0,0,0,-5,0,0,-2.10155815235339,0,0.0,0.0294117647058824,-0.0213675213675214,0.0291603821015586,0,0.0,0.0
2009,REG,00-0026158,J.Flacco,Joe Flacco,QB,QB,"https://static.www.nfl.com/image/upload/f_auto,q_auto/league/yxvyoeojkif7tnfviamc",16,BAL,315,499,3613,21,12,37,224,6,2,4328,1649,186,51.8488912794945,0,0.834796672828096,0.104705823808723,34,62,0,2,0,8,-0.130110524267742,0,0,0,0,0,0,0,0,0,0,,0,,,,,0,206.72,206.72
2009,REG,00-0026162,,Felix Jones,RB,RB,,14,DAL,0,0,0,0,0,0,0,0,0,0,0,0,,0,,,116,685,3,2,1,24,5.09778343466713,0,19,22,119,0,0,0,0,141,5,-0.220827562734485,0,0.0,0.0597826086956522,0.0,0.0896739130434783,0,96.4,115.4
2009,REG,00-0026163,,Rashard Mendenhall,RB,RB,,15,PIT,0,0,0,0,0,0,0,0,0,0,0,0,,0,,,242,1108,7,3,3,48,-13.4865429617348,0,25,32,261,1,0,0,92,228,13,9.39804532857438,0,2.83695652173913,0.073394495412844,0.0256267409470752,0.128030461782219,0,178.9,203.9
2009,REG,00-0026164,C.Johnson,Chris Johnson,RB,RB,"https://static.www.nfl.com/image/private/f_auto,q_auto/league/ryf9nc84eovvdbf0cz79",16,TEN,0,1,0,0,0,0,0,0,0,3,0,0,-1.52465859805632,0,0.0,,358,2006,14,3,3,79,21.1322019372663,1,50,71,503,2,0,0,-5,542,18,9.79132949988533,0,-100.6,0.151709401709402,-0.0012804097311139,0.226667815752323,0,342.9,392.9
2009,REG,00-0026170,,Dustin Keller,TE,TE,,16,NYJ,0,0,0,0,0,0,0,0,0,0,0,0,,0,,,1,7,0,0,0,0,0.580600729677826,0,45,82,522,2,1,1,771,174,27,-25.9472612964071,1,0.67704280155642,0.211886304909561,0.220474692593652,0.472161742179897,0,64.9,109.9
2009,REG,00-0026173,,Donnie Avery,WR,WR,,16,LA,0,0,0,0,0,0,0,0,0,0,0,0,,0,,,4,30,0,0,0,1,1.3724679191364,0,47,97,589,5,1,1,1075,264,28,-23.6697804373039,0,0.547906976744186,0.180970149253731,0.284241142252776,0.47042402345754,0,89.9,136.9
2009,REG,00-0026174,,Devin Thomas,WR,WR,,13,WAS,0,0,0,0,0,0,0,0,0,0,0,0,,0,,,3,-2,0,0,0,0,-1.95711971377023,0,25,47,325,3,0,0,507,155,16,17.4384267128694,0,0.641025641025641,0.118686868686869,0.181525241675618,0.305097972203235,0,50.3,75.3
2009,REG,00-0026176,J.Nelson,Jordy Nelson,WR,WR,"https://static.www.nfl.com/image/private/f_auto,q_auto/league/bde2n4ozsakatgs4yyp2",12,GB,0,0,0,0,0,0,0,0,0,0,0,0,,0,,,0,0,0,0,0,0,,0,22,31,320,2,0,0,378,89,15,22.6130408811732,0,0.846560846560847,0.0748792270531401,0.105409927495817,0.186105789826782,0,44.0,66.0
2009,REG,00-0026178,,John Carlson,TE,TE,,16,SEA,0,0,0,0,0,0,0,0,0,0,0,0,,0,,,0,0,0,0,0,0,,0,51,83,574,7,0,0,603,280,27,25.5960657928554,0,0.951907131011609,0.137417218543046,0.141052631578947,0.304862669919833,0,99.4,150.4
2009,REG,00-0026181,,James Hardy,WR,WR,,1,BUF,0,0,0,0,0,0,0,0,0,0,0,0,,0,,,0,0,0,0,0,0,,0,1,1,9,0,0,0,7,2,0,0.668040101416409,0,1.28571428571429,0.0344827586206897,0.0406976744186047,0.0802125100240578,0,0.9,1.9
2009,REG,00-0026182,,Eddie Royal,WR,WR,"https://static.www.nfl.com/image/private/f_auto,q_auto/league/xoejgvlit9inmaazsvk4",13,DEN,0,0,0,0,0,0,0,0,0,0,0,0,,0,,,1,1,0,0,0,0,-0.83951130206591,0,37,79,345,0,0,0,652,124,23,-8.92767091023395,0,0.529141104294479,0.183720930232558,0.212863206007183,0.424585639553865,2,46.6,83.6
2009,REG,00-0026184,M.Forte,Matt Forte,RB,RB,"https://static.www.nfl.com/image/private/f_auto,q_auto/league/olqssssjykcx7tx7xsy3",16,CHI,0,0,0,0,0,0,0,0,0,0,0,0,,0,,,258,929,4,5,3,39,-41.4627034225047,0,57,72,471,0,1,0,23,476,17,-1.42627040737546,1,20.4782608695652,0.129496402877698,0.0051638976201167,0.197859332650629,0,160.0,217.0
2009,REG,00-0026186,,Jerome Simpson,WR,WR,,1,CIN,0,0,0,0,0,0,0,0,0,0,0,0,,0,,,0,0,0,0,0,0,,0,0,1,0,0,0,0,11,0,0,-0.326777686888818,0,0.0,0.0555555555555556,0.0632183908045977,0.127586206896552,0,0.0,0.0
2009,REG,00-0026188,,Fred Davis,TE,TE,,15,WAS,0,0,0,0,0,0,0,0,0,0,0,0,,0,,,0,0,0,0,0,0,,0,48,76,509,6,0,0,470,256,31,3.5430303846619,0,1.08297872340426,0.152610441767068,0.138235294117647,0.325680368532955,0,86.9,134.9
2009,REG,00-0026189,D.Jackson,DeSean Jackson,WR,WR,"https://static.www.nfl.com/image/private/f_auto,q_auto/league/pr5m864fqvnoozihylrh",15,PHI,0,0,0,0,0,0,0,0,0,0,0,0,,0,,,11,137,1,0,0,5,8.88737788690547,0,63,118,1167,9,2,1,1599,404,41,29.5633896645801,0,0.729831144465291,0.228682170542636,0.36151933077097,0.596086787353633,2,200.4,263.4
2009,REG,00-0026191,,Malcolm Kelly,WR,WR,,15,WAS,0,0,0,0,0,0,0,0,0,0,0,0,,0,,,0,0,0,0,0,0,,0,25,41,347,0,0,0,493,176,15,8.16481437953189,0,0.703853955375254,0.0852390852390852,0.149529875644525,0.232529540809796,0,34.7,59.7
2009,REG,00-0026193,,Limas Sweed,WR,WR,,4,PIT,0,0,0,0,0,0,0,0,0,0,0,0,,0,,,0,0,0,0,0,0,,0,1,5,5,0,0,0,0,1,0,-3.74726211645316,0,0.0,0.043859649122807,0.0,0.0657894736842105,0,0.5,1.5
2009,REG,00-0026195,,Ray Rice,RB,RB,,16,BAL,0,1,0,0,0,0,0,0,0,0,0,0,-1.56817249394953,0,,,254,1339,7,2,2,54,4.1695662518211,0,78,101,702,1,1,0,13,718,28,7.27378112211737,0,54.0,0.199604743083004,0.0031107920555156,0.301584669063367,0,248.1,326.1
2009,REG,00-0026196,,Brian Brohm,QB,QB,,2,BUF,17,29,146,0,2,2,8,0,0,172,95,8,-9.78889915863112,0,0.848837209302326,-0.0193012377846675,3,-3,0,0,0,0,-3.57992305990774,0,0,0,0,0,0,0,0,0,0,,0,,,,,0,1.54,1.54
2009,REG,00-0026197,C.Henne,Chad Henne,QB,QB,"https://static.www.nfl.com/image/private/f_auto,q_auto/league/ornr9pcnzveqlntqc7jx",14,MIA,274,451,2878,12,14,26,176,2,0,3778,1136,156,13.6420780746604,0,0.761778718898888,0.0620684554057247,16,32,1,2,0,3,-2.99330942030065,0,0,0,0,0,0,0,0,0,0,,0,,,,,0,144.32,144.32
2009,REG,00-0026201,M.Bennett,Martellus Bennett,TE,TE,"https://static.www.nfl.com/image/private/f_auto,q_auto/league/repls3tq1d4jnvwmaqia",13,DAL,0,0,0,0,0,0,0,0,0,0,0,0,,0,,,0,0,0,0,0,0,,0,15,30,159,0,0,0,193,67,8,-3.51053604971251,0,0.823834196891192,0.0666666666666667,0.0566480774875257,0.139653654241268,0,15.9,30.9
2009,REG,00-0026204,,Kevin Smith,RB,RB,,13,DET,0,0,0,0,0,0,0,0,0,0,0,0,,0,,,217,747,4,3,2,36,-32.1780128736727,0,40,56,409,1,0,0,52,378,16,4.75032328133575,0,7.86538461538462,0.117647058823529,0.0129772897429498,0.185554691055359,0,141.6,181.6
2009,REG,00-0026209,,Jacob Hester,RB,RB,,12,LAC,0,0,0,0,0,0,0,0,0,0,0,0,,0,,,21,74,0,1,1,6,-9.3646339069237,0,9,11,24,0,0,0,0,28,0,-3.62160456954734,0,0.0,0.0484581497797357,0.0,0.0726872246696035,2,19.8,28.8
2009,REG,00-0026210,,Earl Bennett,WR,WR,,16,CHI,0,0,0,0,0,0,0,0,0,0,0,0,,0,,,0,0,0,0,0,0,,0,54,88,717,2,1,0,765,302,32,7.33757472988044,1,0.937254901960784,0.158273381294964,0.165763813651138,0.353444741498242,1,91.7,145.7
2009,REG,00-0026213,J.Charles,Jamaal Charles,RB,RB,"https://static.www.nfl.com/image/private/f_auto,q_auto/league/mdrlzgankwwjldxllgcx",15,KC,0,0,0,0,0,0,0,0,0,0,0,0,,0,,,190,1120,7,2,2,54,22.4525220318553,0,40,56,297,1,0,0,194,205,11,-5.74839161703577,1,1.53092783505155,0.12253829321663,0.050376525577772,0.219071007729386,1,193.7,233.7
2009,REG,00-0026216,,Brad Cottam,TE,TE,,6,KC,0,0,0,0,0,0,0,0,0,0,0,0,,0,,,0,0,0,0,0,0,,0,9,15,120,0,0,0,100,55,6,-1.32977316033794,0,1.2,0.0735294117647059,0.0575705238917674,0.150593484371296,0,12.0,21.0
2009,REG,00-0026221,,Early Doucet,WR,WR,,9,ARI,0,0,0,0,0,0,0,0,0,0,0,0,,0,,,0,0,0,0,0,0,,0,17,24,214,1,0,0,200,107,12,9.22417467500782,0,1.07,0.08,0.0785854616895874,0.175009823182711,0,27.4,44.4
2009,REG,00-0026225,,Craig Stevens,TE,TE,,1,TEN,0,0,0,0,0,0,0,0,0,0,0,0,,0,,,0,0,0,0,0,0,,0,0,1,0,0,0,0,-7,0,0,-0.725792422890663,0,0.0,0.0294117647058824,-0.0235690235690236,0.027619330560507,0,0.0,0.0
2009,REG,00-0026229,,Steve Slaton,RB,RB,,11,HOU,0,0,0,0,0,0,0,0,0,0,0,0,,0,,,131,437,3,5,3,26,-35.8893009292791,0,44,55,417,4,2,2,65,436,20,17.1399175072773,0,6.41538461538462,0.1375,0.0214097496706192,0.221236824769434,0,117.4,161.4
2009,REG,00-0026231,,Jermichael Finley,TE,TE,,12,GB,0,0,0,0,0,0,0,0,0,0,0,0,,0,,,0,0,0,0,0,0,,0,55,71,676,5,1,1,556,291,29,46.6207921054155,0,1.2158273381295,0.171497584541063,0.159632500717772,0.368989127314035,0,95.6,150.6
2009,REG,00-0026235,,Mario Manningham,WR,WR,,14,NYG,0,0,0,0,0,0,0,0,0,0,0,0,,0,,,0,0,0,0,0,0,,0,57,99,822,5,1,1,1173,269,41,24.586929985863,0,0.70076726342711,0.211087420042644,0.27710843373494,0.510607033678424,0,110.2,167.2
2009,REG,00-0026237,,Andre Caldwell,WR,WR,,16,CIN,0,0,0,0,0,0,0,0,0,0,0,0,,0,,,3,22,0,1,0,2,0.464310220442712,0,51,80,432,3,1,0,666,123,29,16.4554360687695,0,0.648648648648649,0.171306209850107,0.174208736594298,0.378905430391169,0,63.4,114.4
2009,REG,00-0026262,,Tashard Choice,RB,RB,,15,DAL,0,0,0,0,0,0,0,0,0,0,0,0,,0,,,64,349,3,0,0,20,9.78902564861594,1,15,22,132,0,0,0,10,121,6,2.72170502320253,0,13.2,0.0689655172413793,0.0043898156277436,0.10652114680149,0,68.1,83.1
2009,REG,00-0026266,,Lavelle Hawkins,WR,WR,,6,TEN,0,0,0,0,0,0,0,0,0,0,0,0,,0,,,0,0,0,0,0,0,,0,7,14,110,0,0,0,137,37,5,2.98966855973075,0,0.802919708029197,0.0760869565217391,0.0780182232346242,0.168743191046846,0,11.0,18.0
2009,REG,00-0026267,,Jacob Tamme,TE,TE,"https://static.www.nfl.com/image/private/f_auto,q_auto/league/kfyqh9qmtwufzixwuoo2",5,IND,0,0,0,0,0,0,0,0,0,0,0,0,,0,,,0,0,0,0,0,0,,0,3,10,35,0,0,0,104,12,2,-7.31568961136509,0,0.336538461538462,0.0564971751412429,0.0652037617554859,0.130388395940705,0,3.5,6.5
2009,REG,00-0026268,,Keenan Burton,WR,WR,,9,LA,0,0,0,0,0,0,0,0,0,0,0,0,,0,,,0,0,0,0,0,0,,0,25,44,253,0,0,0,439,82,17,-11.441005210799,0,0.57630979498861,0.150170648464164,0.205620608899297,0.369190398925754,0,25.3,50.3
2009,REG,00-0026272,,Derek Fine,TE,TE,,5,BUF,0,0,0,0,0,0,0,0,0,0,0,0,,0,,,0,0,0,0,0,0,,0,9,18,64,0,0,0,48,33,1,-3.56891768903006,0,1.33333333333333,0.119205298013245,0.0428571428571429,0.208807947019868,0,6.4,15.4
2009,REG,00-0026276,,Kenny Moore,WR,WR,"https://static.www.nfl.com/image/private/f_auto,q_auto/league/eow7nvqy3jeaznmadhlh",8,CAR,0,0,0,0,0,0,0,0,0,0,0,0,,0,,,0,0,0,0,0,0,,0,6,12,59,0,0,0,103,17,1,-0.729933669831904,0,0.572815533980583,0.0476190476190476,0.0538421327757449,0.109118064371593,0,5.9,11.9
2009,REG,00-0026281,,Gary Barnidge,TE,TE,"https://static.www.nfl.com/image/private/f_auto,q_auto/league/qhfzxti66ga02dok4etx",8,CAR,0,0,0,0,0,0,0,0,0,0,0,0,,0,,,0,0,0,0,0,0,,0,12,21,242,0,1,0,315,98,8,0.991785227893944,0,0.768253968253968,0.0850202429149798,0.135893011216566,0.222655472224066,0,24.2,36.2
2009,REG,00-0026286,,Jerome Felton,FB,RB,"https://static.www.nfl.com/image/private/f_auto,q_auto/league/mkg1584egfz8psc6gca7",12,DET,0,0,0,0,0,0,0,0,0,0,0,0,,0,,,15,46,0,0,0,7,-1.60424755612621,0,13,17,133,0,0,0,54,86,5,1.97492923453683,0,2.46296296296296,0.0476190476190476,0.0174418604651163,0.0836378737541528,0,17.9,30.9
2009,REG,00-0026289,T.Hightower,Tim Hightower,RB,RB,"https://static.www.nfl.com/image/private/f_auto,q_auto/league/azokebvu5bctrltqy38r",16,ARI,0,0,0,0,0,0,0,0,0,0,0,0,,0,,,143,598,8,5,4,33,-26.1265660910285,0,63,80,428,0,0,0,-8,443,22,-5.23541682659396,0,-53.5,0.136286201022147,-0.0019821605550049,0.203041789144716,0,142.6,205.6
2009,REG,00-0026293,M.Slater,Matt Slater,WR,WR,"https://static.www.nfl.com/image/private/f_auto,q_auto/league/cs1ojdzhxjuanbw6vflv",1,NE,0,0,0,0,0,0,0,0,0,0,0,0,,0,,,1,6,0,0,0,0,0.261977211979684,0,0,0,0,0,0,0,0,0,0,,0,,,,,0,0.6,0.6
2009,REG,00-0026296,,Dennis Dixon,QB,QB,,1,PIT,12,26,145,1,1,0,0,0,0,262,80,6,-6.49554102218345,0,0.553435114503817,-0.05049703508647,3,27,1,0,0,3,4.34269611223135,0,0,0,0,0,0,0,0,0,0,,0,,,,,0,16.5,16.5
2009,REG,00-0026298,,Kellen Davis,TE,TE,"https://static.www.nfl.com/image/private/f_auto,q_auto/league/bftuje5hq6fnlmpc0uhy",5,CHI,0,0,0,0,0,0,0,0,0,0,0,0,,0,,,0,0,0,0,0,0,,0,9,14,75,3,0,0,119,17,5,-1.87549766508164,0,0.630252100840336,0.0748663101604278,0.096045197740113,0.179531103658721,0,25.5,34.5
2009,REG,00-0026300,J.Johnson,Josh Johnson,QB,QB,"https://static.www.nfl.com/image/upload/f_auto,q_auto/league/gbaye18gptzb1jpyswv8",5,TB,63,125,685,4,8,11,59,4,0,1008,280,32,-30.1914300027751,0,0.679563492063492,-0.0259946872119105,22,148,0,3,1,7,-1.15517459070268,0,0,0,0,0,0,0,0,0,0,,0,,,,,0,40.2,40.2
2009,REG,00-0026303,,Owen Schmitt,FB,RB,,6,SEA,0,0,0,0,0,0,0,0,0,0,0,0,,0,,,0,0,0,0,0,0,,0,6,10,21,1,0,0,27,16,2,-3.06227052559314,0,0.777777777777778,0.0442477876106195,0.0276923076923077,0.0857562968005446,0,8.1,14.1
2009,REG,00-0026314,,Josh Morgan,WR,WR,,15,SF,0,0,0,0,0,0,0,0,0,0,0,0,,0,,,5,61,0,0,0,3,3.92691621865379,0,52,81,527,3,0,0,526,247,20,0.412422719307163,0,1.00190114068441,0.163967611336032,0.148336153412296,0.349786724392656,0,76.8,128.8
2009,REG,00-0026316,,Jalen Parmele,RB,RB,,1,BAL,0,0,0,0,0,0,0,0,0,0,0,0,,0,,,5,17,0,0,0,0,-0.722840749192983,0,0,0,0,0,0,0,0,0,0,,0,,,,,0,1.7,1.7
2009,REG,00-0026319,,Xavier Omon,RB,RB,,3,BUF,0,0,0,0,0,0,0,0,0,0,0,0,,0,,,5,22,0,0,0,0,-0.547646049235482,0,0,1,0,0,0,0,2,0,0,-0.405335495132022,0,0.0,0.032258064516129,0.0060975609756097,0.0526553894571204,0,2.2,2.2
2009,REG,00-0026333,,Jaymar Johnson,WR,WR,,1,MIN,0,0,0,0,0,0,0,0,0,0,0,0,,0,,,0,0,0,0,0,0,,0,1,1,9,0,0,0,9,0,0,0.367146050324664,0,1.0,0.0196078431372549,0.0191897654584222,0.0428446005267779,0,0.9,1.9
2009,REG,00-0026336,,Tom Santi,TE,TE,,3,IND,0,0,0,0,0,0,0,0,0,0,0,0,,0,,,0,0,0,0,0,0,,0,8,11,107,0,1,1,116,34,6,1.24791314837057,0,0.922413793103448,0.112244897959184,0.121465968586387,0.253393524949247,0,8.7,16.7
2009,REG,00-0026342,,Mike Hart,RB,RB,,4,IND,0,0,0,0,0,0,0,0,0,0,0,0,,0,,,26,70,1,0,0,4,-5.01436206342137,0,5,8,54,0,0,0,31,32,3,1.22819317279357,0,1.74193548387097,0.0555555555555556,0.0279531109107304,0.102900510970845,0,18.4,23.4
2009,REG,00-0026344,,Lex Hilliard,FB,RB,,7,MIA,0,0,0,0,0,0,0,0,0,0,0,0,,0,,,23,89,1,0,0,5,-3.30297757993685,0,20,20,158,2,0,0,34,124,5,10.9235620943267,0,4.64705882352941,0.0738007380073801,0.0147954743255004,0.12105793903892,0,42.7,62.7
2009,REG,00-0026345,P.Garcon,Pierre Garcon,WR,WR,"https://static.www.nfl.com/image/private/f_auto,q_auto/league/xwjogot7xrfj9qwhsgtn",14,IND,0,0,0,0,0,0,0,0,0,0,0,0,,0,,,2,10,0,0,0,1,1.68138180254027,0,47,92,765,4,1,0,1277,284,33,30.8738721374177,0,0.599060297572435,0.172284644194757,0.277126736111111,0.452415681569913,0,101.5,148.5
2009,REG,00-0026349,,Matt Flynn,QB,QB,"https://static.www.nfl.com/image/private/f_auto,q_auto/league/goh8anyqhyvmkfmfbejp",4,GB,7,12,58,0,1,1,6,0,0,93,42,4,-7.93741188059182,0,0.623655913978495,0.0190953663452326,5,-5,0,0,0,0,-3.7654705515597,0,0,0,0,0,0,0,0,0,0,,0,,,,,0,-0.18,-0.18
2009,REG,00-0026355,,Justin Harper,WR,WR,,1,BAL,0,0,0,0,0,0,0,0,0,0,0,0,,0,,,0,0,0,0,0,0,,0,0,1,0,0,0,0,8,0,0,-0.659946607425809,0,0.0,0.0303030303030303,0.0242424242424242,0.0624242424242424,0,0.0,0.0
2009,REG,00-0026357,,Brett Swain,WR,WR,,1,GB,0,0,0,0,0,0,0,0,0,0,0,0,,0,,,0,0,0,0,0,0,,0,0,1,0,0,0,0,13,0,0,-0.0629686707433321,0,0.0,0.0277777777777778,0.0448275862068966,0.0730459770114943,0,0.0,0.0
2009,REG,00-0026364,,Steve Johnson,WR,WR,"https://static.www.nfl.com/image/private/f_auto,q_auto/league/vlyzq1v53slatimy6v5q",3,BUF,0,0,0,0,0,0,0,0,0,0,0,0,,0,,,0,0,0,0,0,0,,0,2,3,10,0,0,0,10,0,1,-1.14272417454049,0,1.0,0.0379746835443038,0.0237529691211401,0.0735891037012538,0,1.0,3.0
2009,REG,00-0026366,,Chaz Schilens,WR,WR,,8,LV,0,0,0,0,0,0,0,0,0,0,0,0,,0,,,0,0,0,0,0,0,,0,29,52,365,2,0,0,586,92,17,3.66074334222858,0,0.622866894197952,0.188405797101449,0.229984301412873,0.443597706641185,0,48.5,77.5
2009,REG,00-0026367,,Peyton Hillis,RB,RB,,8,DEN,0,0,0,0,0,0,0,0,0,0,0,0,,0,,,13,54,1,0,0,4,-1.2957696953672,0,4,6,19,0,0,0,9,15,0,-2.50143533587107,0,2.11111111111111,0.0504201680672269,0.0308219178082192,0.0972055945665938,0,13.3,17.3
2009,REG,00-0026372,,Keith Zinger,TE,TE,,1,ATL,0,0,0,0,0,0,0,0,0,0,0,0,,0,,,0,0,0,0,0,0,,0,0,1,0,0,0,0,4,0,0,-0.396491570281796,0,0.0,0.025,0.0121212121212121,0.0459848484848485,0,0.0,0.0
2009,REG,00-0026373,,Justin Forsett,RB,RB,"https://static.www.nfl.com/image/private/f_auto,q_auto/league/o86dvbcs8dcubcpj6fnu",16,SEA,0,0,0,0,0,0,0,0,0,0,0,0,,0,,,114,619,4,2,1,29,-0.379744708251817,0,41,57,350,1,1,0,-53,406,12,-13.4421518774809,0,-6.60377358490566,0.108778625954198,-0.0158872901678657,0.152046835813792,0,124.9,165.9
2009,REG,00-0026393,M.Reece,Marcel Reece,FB,RB,"https://static.www.nfl.com/image/private/f_auto,q_auto/league/nqy3arwxgk4lwh3pfrr3",2,LV,0,0,0,0,0,0,0,0,0,0,0,0,,0,,,0,0,0,0,0,0,,0,2,4,20,0,0,0,42,14,1,0.239824819087517,0,0.476190476190476,0.0481927710843374,0.0597439544807966,0.114109924763064,0,2.0,4.0
2009,REG,00-0026396,,Maurice Purify,WR,WR,,1,CIN,0,0,0,0,0,0,0,0,0,0,0,0,,0,,,0,0,0,0,0,0,,0,0,1,0,0,0,0,10,0,0,-1.19099054535234,0,0.0,0.0434782608695652,0.0606060606060606,0.10764163372859,0,0.0,0.0
2009,REG,00-0026453,,Dantrell Savage,RB,RB,,4,KC,0,0,0,0,0,0,0,0,0,0,0,0,,0,,,10,45,0,0,0,1,-1.6767277039805,0,7,11,51,0,0,0,36,46,2,-3.89477458647071,0,1.41666666666667,0.0990990990990991,0.0425029515938607,0.178400714764351,0,9.6,16.6
2009,REG,00-0026491,,Stefan Logan,WR,WR,,1,PIT,0,0,0,0,0,0,0,0,0,0,0,0,,0,,,0,0,0,0,0,0,,0,1,1,5,0,0,0,-4,9,0,0.075517067220062,0,0.0,0.0217391304347826,-0.0074074074074074,0.0274235104669887,0,0.5,1.5
2009,REG,00-0026498,M.Stafford,Matthew Stafford,QB,QB,"https://static.www.nfl.com/image/upload/f_auto,q_auto/league/xdlnnbapdbk8trxqlasu",10,DET,201,377,2267,13,20,23,169,4,1,3035,1192,111,-73.4178946968246,1,0.746952224052718,-0.0175044592952834,21,108,2,0,0,6,2.05911588971503,0,0,0,0,0,0,0,0,0,0,,0,,,,,0,125.48,125.48
2009,REG,00-0026499,,Scott McKillop,LB,LB,,1,SF,0,0,0,0,0,0,0,0,0,0,0,0,,0,,,0,0,0,0,0,0,,0,0,0,0,0,0,0,0,0,0,,0,,,,,1,6.0,6.0
2009,REG,00-0026562,,Tyler Grisham,WR,WR,,1,PIT,0,0,0,0,0,0,0,0,0,0,0,0,,0,,,0,0,0,0,0,0,,0,1,2,14,0,0,0,17,2,1,0.683716080555648,0,0.823529411764706,0.0606060606060606,0.0537974683544304,0.128567318757192,0,1.4,2.4
2009,REG,00-0026579,,Kahlil Bell,RB,RB,,7,CHI,0,0,0,0,0,0,0,0,0,0,0,0,,0,,,40,220,0,0,0,9,2.88312622771923,0,1,3,4,0,0,0,-7,8,0,-1.62708620494232,0,-0.571428571428571,0.0309278350515464,-0.0105740181268882,0.0389899398884978,0,22.4,23.4
2009,REG,00-0026607,,Brock Bolen,RB,RB,,2,JAX,0,0,0,0,0,0,0,0,0,0,0,0,,0,,,0,0,0,0,0,0,,0,0,3,0,0,0,0,28,0,0,-1.65209680690896,0,0.0,0.0394736842105263,0.0521415270018622,0.095709595217093,0,0.0,0.0
2009,REG,00-0026625,B.Hoyer,Brian Hoyer,QB,QB,"https://static.www.nfl.com/image/private/f_auto,q_auto/league/japt3mj2xctm7saqndxn",4,NE,19,27,142,0,0,2,18,0,0,86,115,8,-4.66629154590595,0,1.65116279069767,0.0226825176116974,10,25,1,0,0,3,-3.70255431899568,0,0,0,0,0,0,0,0,0,0,,0,,,,,0,14.18,14.18
2009,REG,00-0026658,,Zach Potter,TE,TE,,1,JAX,0,0,0,0,0,0,0,0,0,0,0,0,,0,,,0,0,0,0,0,0,,0,1,1,3,0,0,0,0,3,0,-0.328496861737222,0,0.0,0.0277777777777778,,,0,0.3,1.3
2009,REG,00-0026669,,Colin Cloherty,TE,TE,,1,IND,0,0,0,0,0,0,0,0,0,0,0,0,,0,,,0,0,0,0,0,0,,0,1,1,2,0,0,0,2,0,0,-1.055431103101,0,1.0,0.0285714285714286,0.0080971659919028,0.0485251590514748,0,0.2,1.2
2009,REG,00-0026716,,Quan Cosby,WR,WR,,5,CIN,0,0,0,0,0,0,0,0,0,0,0,0,,0,,,1,-2,0,0,0,0,1.27103161485866,0,4,6,55,0,0,0,62,8,2,2.00623164387326,0,0.887096774193548,0.0560747663551402,0.0760736196319019,0.137363683275042,0,5.3,9.3
2009,REG,00-0026723,,Chris Pressley,FB,RB,,2,TB,0,0,0,0,0,0,0,0,0,0,0,0,,0,,,1,0,0,0,0,0,-2.22428457280978,0,1,1,2,0,0,0,1,1,0,-0.582591163925827,0,2.0,0.032258064516129,0.0037735849056603,0.0510286062081558,0,0.2,1.2
2009,REG,00-0026753,,Charly Martin,WR,WR,,2,CAR,0,0,0,0,0,0,0,0,0,0,0,0,,0,,,0,0,0,0,0,0,,0,1,2,6,0,0,0,5,1,0,-1.37332766409963,0,1.2,0.0465116279069768,0.0297619047619048,0.0906007751937984,0,0.6,1.6
2009,REG,00-0026757,,Kory Sperry,TE,TE,,4,MIA,0,0,0,0,0,0,0,0,0,0,0,0,,0,,,0,0,0,0,0,0,,0,3,6,31,1,0,0,54,4,3,1.16501207504189,0,0.574074074074074,0.041958041958042,0.0487804878048781,0.0970834044004776,0,9.1,12.1
2009,REG,00-0026769,,Kory Sheets,RB,RB,,1,MIA,0,0,0,0,0,0,0,0,0,0,0,0,,0,,,1,5,0,0,0,0,0.631290483986959,0,0,0,0,0,0,0,0,0,0,,0,,,,,0,0.5,0.5
2009,REG,00-0026780,,Kevin Ogletree,WR,WR,,6,DAL,0,0,0,0,0,0,0,0,0,0,0,0,,0,,,1,6,0,0,0,0,0.301745654898696,0,7,8,96,0,0,0,41,69,5,9.3677532117581,0,2.34146341463415,0.0377358490566038,0.0271343481138319,0.075597817264588,0,10.2,17.2
2009,REG,00-0026790,,Tyrell Sutton,RB,RB,,6,CAR,0,0,0,0,0,0,0,0,0,0,0,0,,0,,,12,68,0,0,0,3,-0.0145904260070515,0,6,11,62,0,0,0,32,62,4,-0.329955997876823,0,1.9375,0.0591397849462366,0.0241874527588813,0.105640894350572,0,13.0,19.0
2009,REG,00-0026796,,Arian Foster,RB,RB,,4,HOU,0,0,0,0,0,0,0,0,0,0,0,0,,0,,,54,257,3,0,0,15,6.42366962245433,0,8,9,93,0,1,1,23,74,4,1.00623665817911,0,4.04347826086957,0.0789473684210526,0.0233265720081136,0.134749653037258,0,51.0,59.0
2009,REG,00-0026898,M.Sanchez,Mark Sanchez,QB,QB,"https://static.www.nfl.com/image/private/f_auto,q_auto/league/e12qugcuc1cpgkf0crfn",15,NYJ,196,363,2444,12,20,26,195,8,3,3407,997,123,-70.6657333439983,2,0.717346639272087,0.0018081585287962,36,106,3,2,0,15,7.10056055406717,0,0,0,0,0,0,0,0,0,0,,0,,,,,0,132.36,132.36
2009,REG,00-0026899,,Shonn Greene,RB,RB,,13,NYJ,0,0,0,0,0,0,0,0,0,0,0,0,,0,,,109,541,2,3,3,24,-7.70463663386181,0,0,4,0,0,0,0,2,0,0,-3.000983949285,0,0.0,0.0380952380952381,0.002002002002002,0.0585442585442586,0,60.1,60.1
2009,REG,00-0026901,M.Wallace,Mike Wallace,WR,WR,"https://static.www.nfl.com/image/private/f_auto,q_auto/league/dy9z5wbsitf6l9psjq4y",16,PIT,0,0,0,0,0,0,0,0,0,0,0,0,,0,,,5,48,0,0,0,2,3.52730436285492,0,39,72,756,6,1,1,1316,143,28,31.6046199893882,0,0.574468085106383,0.134831460674157,0.271788517141677,0.39249915301041,0,114.4,153.4
2009,REG,00-0026902,,Ramses Barden,WR,WR,,1,NYG,0,0,0,0,0,0,0,0,0,0,0,0,,0,,,0,0,0,0,0,0,,0,1,1,16,0,0,0,7,9,1,1.96511325985193,0,2.28571428571429,0.0357142857142857,0.05,0.0885714285714286,0,1.6,2.6
2009,REG,00-0026908,,Anthony Hill,TE,TE,,1,HOU,0,0,0,0,0,0,0,0,0,0,0,0,,0,,,0,0,0,0,0,0,,0,1,2,9,0,0,0,9,6,0,-0.0894781590322964,0,1.0,0.0487804878048781,0.0303030303030303,0.0943828529194383,0,0.9,1.9
2009,REG,00-0026913,,Johnny Knox,WR,WR,,15,CHI,0,0,0,0,0,0,0,0,0,0,0,0,,0,,,0,0,0,0,0,0,,0,45,80,527,5,0,0,873,177,22,-17.1762413241153,0,0.603665521191294,0.153846153846154,0.204689331770223,0.374051763008387,1,88.7,133.7
2009,REG,00-0026931,,Bear Pascoe,TE,TE,,1,NYG,0,0,0,0,0,0,0,0,0,0,0,0,,0,,,0,0,0,0,0,0,,0,1,1,9,0,0,0,-7,16,0,0.973963255062699,0,0.0,0.0333333333333333,-0.0372340425531915,0.023936170212766,0,0.9,1.9
2009,REG,00-0026937,,Brandon Gibson,WR,WR,"https://static.www.nfl.com/image/private/f_auto,q_auto/league/surhprm3dsmqjollulmn",9,LA,0,0,0,0,0,0,0,0,0,0,0,0,,0,,,0,0,0,0,0,0,,0,34,69,348,1,2,1,677,110,23,-15.2989704697111,0,0.514032496307238,0.216300940438871,0.300755219902266,0.534980064589893,0,38.8,72.8
2009,REG,00-0026941,,Bernard Scott,RB,RB,,9,CIN,0,0,0,0,0,0,0,0,0,0,0,0,,0,,,74,321,0,1,0,15,-5.51431082683291,0,5,8,67,0,0,0,-25,71,2,5.38951454521157,0,-2.68,0.0851063829787234,-0.0300120048019208,0.106651171106741,1,44.8,49.8
2009,REG,00-0026953,,Sammie Stroughter,WR,WR,,13,TB,0,0,0,0,0,0,0,0,0,0,0,0,,0,,,0,0,0,0,0,0,,0,31,58,334,1,0,0,465,137,19,-10.8518085527961,0,0.718279569892473,0.136792452830189,0.12,0.289188679245283,1,45.4,76.4
2009,REG,00-0026956,,LaRod Stephens-Howling,RB,RB,,14,ARI,0,0,0,0,0,0,0,0,0,0,0,0,,0,,,6,15,0,0,0,0,-1.91953293583356,0,10,18,83,1,1,1,72,64,3,-9.51858916151104,0,1.15277777777778,0.0469973890339426,0.0257510729613734,0.0885218346238752,1,19.8,29.8
2009,REG,00-0026957,D.Johnson,David Johnson,TE,TE,"https://static.www.nfl.com/image/private/f_auto,q_auto/league/td6y6zc2m3ifhcfd4yz9",4,PIT,0,0,0,0,0,0,0,0,0,0,0,0,,0,,,0,0,0,0,0,0,,0,2,4,9,0,0,0,16,5,0,-0.924174327868968,0,0.5625,0.0300751879699248,0.0144274120829576,0.0552119704129576,0,0.9,2.9
2009,REG,00-0026959,,Marko Mitchell,WR,WR,,4,WAS,0,0,0,0,0,0,0,0,0,0,0,0,,0,,,0,0,0,0,0,0,,0,4,7,32,0,0,0,91,11,2,-0.929483100073412,0,0.351648351648352,0.0469798657718121,0.101789709172259,0.1417225950783,0,3.2,7.2
2009,REG,00-0026963,,Cameron Morrah,TE,TE,,1,SEA,0,0,0,0,0,0,0,0,0,0,0,0,,0,,,0,0,0,0,0,0,,0,1,1,3,0,0,0,2,1,0,-0.095292441546917,0,1.5,0.0227272727272727,0.0054347826086956,0.037895256916996,0,0.3,1.3
2009,REG,00-0026983,D.Heyward-Bey,Darrius Heyward-Bey,WR,WR,"https://static.www.nfl.com/image/private/f_auto,q_auto/league/d5otkkbb0z2rdd2bjatd",11,LV,0,0,0,0,0,0,0,0,0,0,0,0,,0,,,2,19,0,0,0,1,0.38491954906747,0,9,40,124,1,0,0,637,12,8,-23.1517504933855,0,0.194662480376766,0.134228187919463,0.238309016086794,0.36815859313995,0,20.3,29.3
2009,REG,00-0026986,M.Crabtree,Michael Crabtree,WR,WR,"https://static.www.nfl.com/image/private/f_auto,q_auto/league/kcavcmeyaion38ewxwyk",11,SF,0,0,0,0,0,0,0,0,0,0,0,0,,0,,,0,0,0,0,0,0,,0,48,86,625,2,1,1,900,219,27,2.42085508509543,0,0.694444444444445,0.227513227513228,0.347490347490348,0.584513084513085,0,72.5,120.5
2009,REG,00-0026988,,Knowshon Moreno,RB,RB,,16,DEN,0,0,0,0,0,0,0,0,0,0,0,0,,0,,,247,947,7,2,2,52,-27.5724295804194,0,28,41,213,2,2,2,10,210,10,-14.5060425122768,0,21.3,0.0855949895615866,0.0031104199066874,0.130569778277061,0,162.0,190.0
2009,REG,00-0026993,,Josh Freeman,QB,QB,"https://static.www.nfl.com/image/private/f_auto,q_auto/league/cwcasm6m73fx1mjpjk3n",10,TB,159,291,1857,10,18,19,102,5,1,2649,658,89,-58.3605350471954,1,0.701019252548131,0.0010213110929504,31,162,0,4,1,11,1.37789193447679,1,0,0,0,0,0,0,0,0,0,,0,,,,,0,94.48,94.48
2009,REG,00-0026995,J.Maclin,Jeremy Maclin,WR,WR,"https://static.www.nfl.com/image/private/f_auto,q_auto/league/tvlsuugnbn0idb0tbtgw",13,PHI,0,0,0,0,0,0,0,0,0,0,0,0,,0,,,2,-7,0,0,0,0,-1.97248136112466,0,55,90,762,4,0,0,1057,241,33,24.2393147930537,0,0.720908230842006,0.199115044247788,0.276701570680628,0.492363665848121,0,99.5,154.5
2009,REG,00-0026996,,Brandon Pettigrew,TE,TE,,10,DET,0,0,0,0,0,0,0,0,0,0,0,0,,0,,,0,0,0,0,0,0,,0,31,55,352,2,0,0,421,192,20,1.59293036713019,0,0.836104513064133,0.145502645502646,0.132514951211835,0.311014434102253,0,47.2,78.2
2009,REG,00-0026998,,Percy Harvin,WR,WR,"https://static.www.nfl.com/image/private/f_auto,q_auto/league/ly7xvqfvoehf5jqrzzcq",15,MIN,0,0,0,0,0,0,0,0,0,0,0,0,,0,,,15,135,0,0,0,8,6.27551873435732,0,60,91,790,6,0,0,877,360,42,45.5203933220519,0,0.900798175598632,0.175337186897881,0.214268262887857,0.412993564368321,2,140.5,200.5
2009,REG,00-0026999,,Michael Oher,T,OL,"https://static.www.nfl.com/image/private/f_auto,q_auto/league/n4trc3wwdpubprfjcc7x",1,BAL,0,0,0,0,0,0,0,0,0,0,0,0,,0,,,0,0,0,0,0,0,,0,1,1,-8,0,0,0,-8,0,0,-1.63358695642091,0,0.0,0.0217391304347826,-0.0223463687150838,0.0169662375516153,0,-0.8,0.2
2009,REG,00-0027003,,Donald Brown,RB,RB,,11,IND,0,0,0,0,0,0,0,0,0,0,0,0,,0,,,78,281,3,1,0,14,-10.3482741109328,0,11,14,169,0,0,0,46,124,7,10.2470213482738,0,3.67391304347826,0.0479452054794521,0.0183779464642429,0.0847823707441481,0,63.0,74.0
2009,REG,00-0027005,,Hakeem Nicks,WR,WR,"https://static.www.nfl.com/image/private/f_auto,q_auto/league/nbgeeeuhd0n4zrctfxce",14,NYG,0,0,0,0,0,0,0,0,0,0,0,0,,0,,,2,8,0,0,0,0,-0.182540900190361,0,47,74,790,6,2,0,775,403,32,41.3381355453614,0,1.01935483870968,0.157112526539278,0.181882187279981,0.362986320904904,0,115.8,162.8
2009,REG,00-0027006,K.Britt,Kenny Britt,WR,WR,"https://static.www.nfl.com/image/private/f_auto,q_auto/league/joozpvuyykyxjogcg3r5",15,TEN,0,0,0,0,0,0,0,0,0,0,0,0,,0,,,0,0,0,0,0,0,,0,42,75,701,3,1,1,997,180,34,17.661679636816,0,0.703109327983952,0.167410714285714,0.251070259380509,0.426865252994928,0,86.1,128.1
2009,REG,00-0027007,,Beanie Wells,RB,RB,,16,ARI,0,0,0,0,0,0,0,0,0,0,0,0,,0,,,176,793,7,4,2,39,-6.75088213366689,0,12,16,143,0,0,0,36,112,5,-1.88233948091511,0,3.97222222222222,0.0445682451253482,0.0128571428571429,0.0758523676880223,0,131.6,143.6
2009,REG,00-0027012,,Brian Robiskie,WR,WR,,7,CLE,0,0,0,0,0,0,0,0,0,0,0,0,,0,,,0,0,0,0,0,0,,0,7,21,106,0,0,0,217,51,6,-8.91234803814059,0,0.488479262672811,0.114754098360656,0.166538756715272,0.288708277241674,0,10.6,17.6
2009,REG,00-0027020,,Pat White,QB,QB,,10,MIA,0,5,0,0,0,1,9,0,0,63,0,0,-6.03281547268853,0,0.0,-0.293071807090344,21,81,0,1,0,4,-2.43807466130238,0,0,0,0,0,0,0,0,0,0,,0,,,,,0,8.1,8.1
2009,REG,00-0027026,,Mohamed Massaquoi,WR,WR,,16,CLE,0,0,0,0,0,0,0,0,0,0,0,0,,0,,,1,-3,0,0,0,0,-1.61653470573947,0,34,95,624,3,1,1,1640,171,24,-19.0296415107453,0,0.380487804878049,0.217391304347826,0.446501497413558,0.63863800471123,0,78.1,112.1
2009,REG,00-0027029,L.McCoy,LeSean McCoy,RB,RB,"https://static.www.nfl.com/image/private/f_auto,q_auto/league/cpc1a2dgivdyevuncz7p",16,PHI,0,0,0,0,0,0,0,0,0,0,0,0,,0,,,155,637,4,2,1,28,-17.5506386973974,0,40,55,308,0,0,0,-78,389,13,-3.08348823342418,1,-3.94871794871795,0.101289134438306,-0.0168831168831169,0.140115519839277,0,118.5,158.5
2009,REG,00-0027040,,Richard Quinn,TE,TE,,1,DEN,0,0,0,0,0,0,0,0,0,0,0,0,,0,,,0,0,0,0,0,0,,0,0,1,0,0,0,0,6,0,0,-0.438115711789578,0,0.0,0.0178571428571429,0.0121457489878543,0.0352877385772123,0,0.0,0.0
2009,REG,00-0027048,,Glen Coffee,RB,RB,,10,SF,0,0,0,0,0,0,0,0,0,0,0,0,,0,,,83,226,1,0,0,8,-20.1374880564399,0,11,18,76,0,0,0,-15,87,2,-8.52078076108592,0,-5.06666666666667,0.100558659217877,-0.0121753246753247,0.142315261554088,0,36.2,47.2
2009,REG,00-0027056,,Derrick Williams,WR,WR,,6,DET,0,0,0,0,0,0,0,0,0,0,0,0,,0,,,1,4,0,0,0,0,-0.119311328977346,0,6,13,52,0,0,0,167,10,2,-3.47788985670195,0,0.311377245508982,0.0619047619047619,0.0985250737463127,0.161824694479562,0,5.6,11.6
2009,REG,00-0027057,B.Tate,Brandon Tate,WR,WR,"https://static.www.nfl.com/image/private/f_auto,q_auto/league/uzpf58ijo44jfqakwv83",2,NE,0,0,0,0,0,0,0,0,0,0,0,0,,0,,,1,11,0,0,0,1,0.726058333180845,0,0,2,0,0,0,0,73,0,0,-3.51502855308354,0,0.0,0.0289855072463768,0.117932148626817,0.126030764908337,0,1.1,1.1
2009,REG,00-0027060,L.Webb,Lardarius Webb,FS,DB,"https://static.www.nfl.com/image/private/f_auto,q_auto/league/ltgpknt9ianx6u1mqvrw",1,BAL,0,0,0,0,0,0,0,0,0,0,0,0,,0,,,0,0,0,0,0,0,,0,0,0,0,0,0,0,0,0,0,,0,,,,,1,6.0,6.0
2009,REG,00-0027061,J.Cook,Jared Cook,TE,TE,"https://static.www.nfl.com/image/private/f_auto,q_auto/league/cthoenebptadlu4g928v",8,TEN,0,0,0,0,0,0,0,0,0,0,0,0,,0,,,0,0,0,0,0,0,,0,9,15,74,0,0,0,95,36,5,-3.41239782120101,0,0.778947368421053,0.0581395348837209,0.048469387755102,0.121137873754153,0,7.4,16.4
2009,REG,00-0027063,,Deon Butler,WR,WR,,13,SEA,0,0,0,0,0,0,0,0,0,0,0,0,,0,,,0,0,0,0,0,0,,0,15,42,175,0,0,0,552,46,9,-0.737258622655645,0,0.317028985507246,0.0828402366863906,0.154405594405594,0.232344271113502,0,17.5,32.5
2009,REG,00-0027070,,Travis Beckum,TE,TE,,7,NYG,0,0,0,0,0,0,0,0,0,0,0,0,,0,,,0,0,0,0,0,0,,0,8,10,55,0,0,0,33,26,4,-5.90361647663478,0,1.66666666666667,0.0467289719626168,0.0218253968253968,0.085371235721703,0,5.5,13.5
2009,REG,00-0027076,,Mike Thomas,WR,WR,,14,JAX,0,0,0,0,0,0,0,0,0,0,0,0,,0,,,11,85,0,0,0,5,2.12062420119764,0,48,62,453,1,0,0,343,205,28,18.9200592824157,0,1.32069970845481,0.139954853273138,0.0952248750694059,0.276589692458291,0,59.8,107.8
2009,REG,00-0027077,,Brian Hartline,WR,WR,"https://static.www.nfl.com/image/private/f_auto,q_auto/league/vuqaw5utqkgyqtp7hwbu",15,MIA,0,0,0,0,0,0,0,0,0,0,0,0,,0,,,4,29,1,0,0,2,2.46356295095757,0,31,56,506,3,0,0,718,161,26,20.519787811238,0,0.704735376044568,0.110671936758893,0.164302059496568,0.281019346785937,0,77.5,108.5
2009,REG,00-0027080,,Mike Goodson,RB,RB,,5,CAR,0,0,0,0,0,0,0,0,0,0,0,0,,0,,,22,49,0,1,1,1,-13.6952810730084,0,2,2,15,0,0,0,-5,20,1,0.863809936097823,0,-3.0,0.0416666666666667,-0.0190839694656489,0.0491412213740458,0,4.4,6.4
2009,REG,00-0027088,,Shawn Nelson,TE,TE,,11,BUF,0,0,0,0,0,0,0,0,0,0,0,0,,0,,,0,0,0,0,0,0,,0,18,30,157,1,2,1,193,70,7,-4.04685154883191,0,0.813471502590674,0.0977198697068404,0.0816758358019467,0.203752889621623,0,19.7,37.7
2009,REG,00-0027089,L.Murphy,Louis Murphy,WR,WR,"https://static.www.nfl.com/image/private/f_auto,q_auto/league/rivj8wgktddc22qdtpsn",16,LV,0,0,0,0,0,0,0,0,0,0,0,0,,0,,,6,31,0,0,0,2,0.396457472175825,0,34,96,521,4,0,0,1330,133,26,-17.7865415176976,0,0.391729323308271,0.20125786163522,0.293016082837629,0.506998050439171,0,79.2,113.2
2009,REG,00-0027092,,Austin Collie,WR,WR,,16,IND,0,0,0,0,0,0,0,0,0,0,0,0,,0,,,2,1,0,0,0,0,-1.16885499912314,0,60,90,676,7,0,0,788,248,37,37.3970749856149,0,0.857868020304569,0.149750415973378,0.150640412922959,0.330073913006138,0,109.7,169.7
2009,REG,00-0027093,,Tony Fiammetta,FB,RB,,3,CAR,0,0,0,0,0,0,0,0,0,0,0,0,,0,,,0,0,0,0,0,0,,0,0,3,0,0,0,0,5,0,0,-1.99961558310315,0,0.0,0.03125,0.0053995680345572,0.0506546976241901,0,0.0,0.0
2009,REG,00-0027098,,Gartrell Johnson,RB,RB,,3,NYG,0,0,0,0,0,0,0,0,0,0,0,0,,0,,,13,43,0,0,0,2,-1.93215755937854,0,0,1,0,0,0,0,3,0,0,-0.748633588664234,0,0.0,0.0384615384615385,0.0176470588235294,0.0700452488687783,0,4.3,4.3
2009,REG,00-0027103,K.Huber,Kevin Huber,P,SPEC,"https://static.www.nfl.com/image/private/f_auto,q_auto/league/yrd8jgpvefr8jvu7oejg",1,CIN,0,0,0,0,0,0,0,0,0,0,0,0,,0,,,1,0,0,1,0,0,-4.75789581757272,0,0,0,0,0,0,0,0,0,0,,0,,,,,0,0.0,0.0
2009,REG,00-0027105,,Jarett Dillard,WR,WR,,5,JAX,0,0,0,0,0,0,0,0,0,0,0,0,,0,,,0,0,0,0,0,0,,0,6,8,106,0,0,0,106,19,5,9.62075389479287,0,1.0,0.0533333333333333,0.0833988985051141,0.13837922895358,0,10.6,16.6
2009,REG,00-0027106,,Quinn Johnson,FB,RB,,4,GB,0,0,0,0,0,0,0,0,0,0,0,0,,0,,,0,0,0,0,0,0,,0,2,4,4,0,0,0,7,1,0,-2.51273431396112,0,0.571428571428571,0.0283687943262411,0.0054054054054054,0.0463369752731455,0,0.4,2.4
2009,REG,00-0027109,,James Casey,FB,TE,"https://static.www.nfl.com/image/private/f_auto,q_auto/league/atra5outunyi3dikmjez",4,HOU,0,0,0,0,0,0,0,0,0,0,0,0,,0,,,0,0,0,0,0,0,,0,6,12,64,0,0,0,84,24,4,-6.97418721092374,0,0.761904761904762,0.0731707317073171,0.0706476030277544,0.159209419680404,0,6.4,12.4
2009,REG,00-0027120,,Javon Ringer,RB,RB,,2,TEN,0,0,0,0,0,0,0,0,0,0,0,0,,0,,,8,48,0,0,0,2,2.81306017306633,0,0,0,0,0,0,0,0,0,0,,0,,,,,0,4.8,4.8
2009,REG,00-0027122,,Quinten Lawrence,DB,DB,,3,KC,0,0,0,0,0,0,0,0,0,0,0,0,,0,,,2,42,0,0,0,2,3.91229483764619,0,1,2,9,0,0,0,24,3,0,0.147634827357251,0,0.375,0.0476190476190476,0.0672268907563025,0.118487394957983,0,5.1,6.1
2009,REG,00-0027125,Z.Miller,Zach Miller,TE,TE,"https://static.www.nfl.com/image/private/f_auto,q_auto/league/ghvzkuugli86zstauzvr",10,JAX,0,0,0,0,0,0,0,0,0,0,0,0,,0,,,1,3,0,0,0,1,0.0174333830364048,0,21,27,212,2,0,0,101,144,10,12.8489078294862,0,2.0990099009901,0.0823170731707317,0.0388760585065435,0.150688850710678,0,33.5,54.5
2009,REG,00-0027129,,Aaron Brown,RB,RB,,14,DET,0,0,0,0,0,0,0,0,0,0,0,0,,0,,,27,131,0,0,0,7,-1.35392664739629,0,9,15,84,1,0,0,27,76,5,-8.29872613678048,0,3.11111111111111,0.0471698113207547,0.0143236074270557,0.0807812421800711,0,27.5,36.5
2009,REG,00-0027130,,James Davis,RB,RB,,2,CLE,0,0,0,0,0,0,0,0,0,0,0,0,,0,,,9,15,0,0,0,0,-4.33307649259223,0,4,5,5,0,0,0,-12,11,0,-3.00898535267419,0,-0.416666666666667,0.0819672131147541,-0.0302267002518892,0.101792129495809,0,2.0,6.0
2009,REG,00-0027131,,Keith Null,QB,QB,,4,LA,72,118,558,3,9,13,82,1,0,804,267,30,-49.8004783945709,0,0.694029850746269,0.01256418262724,5,6,0,2,1,0,-8.64578302274458,0,0,0,0,0,0,0,0,0,0,,0,,,,,0,14.92,14.92
2009,REG,00-0027134,,Curtis Painter,QB,QB,,2,IND,8,28,83,0,2,3,16,1,1,295,24,3,-27.8893808904686,0,0.28135593220339,-0.117890454029636,3,4,0,1,1,0,-5.73109798145015,0,0,0,0,0,0,0,0,0,0,,0,,,,,0,-4.28,-4.28
2009,REG,00-0027135,,Brandon Myers,TE,TE,"https://static.www.nfl.com/image/private/f_auto,q_auto/league/tzyfv93n3bgtbmywjczu",4,LV,0,0,0,0,0,0,0,0,0,0,0,0,,0,,,0,0,0,0,0,0,,0,4,6,19,0,0,0,29,15,0,-2.89494548877701,0,0.655172413793103,0.0521739130434783,0.039348710990502,0.105804967258569,0,1.9,5.9
2009,REG,00-0027139,J.Phillips,John Phillips,TE,TE,"https://static.www.nfl.com/image/private/f_auto,q_auto/league/i1t7zl2f5t0wwj72yxj7",6,DAL,0,0,0,0,0,0,0,0,0,0,0,0,,0,,,0,0,0,0,0,0,,0,7,9,62,0,0,0,42,45,2,1.1410519907576,0,1.47619047619048,0.0424528301886792,0.0271844660194175,0.0827083714966111,0,6.2,13.2
2009,REG,00-0027140,,Chris Ogbonnaya,RB,RB,,2,LA,0,0,0,0,0,0,0,0,0,0,0,0,,0,,,11,50,0,0,0,2,-2.10334037343273,0,1,2,19,0,0,0,-6,19,1,0.387051505502313,0,-3.16666666666667,0.0625,-0.0253164556962025,0.0760284810126582,0,6.9,7.9
2009,REG,00-0027141,,Javarris Williams,RB,RB,,3,KC,0,0,0,0,0,0,0,0,0,0,0,0,,0,,,6,6,0,0,0,0,-3.34984409128083,0,0,1,0,0,0,0,20,0,0,-0.579637205344625,0,0.0,0.04,0.0696864111498258,0.108780487804878,0,0.6,0.6
2009,REG,00-0027150,J.Edelman,Julian Edelman,WR,WR,"https://static.www.nfl.com/image/private/f_auto,q_auto/league/u0hbuo2bsvtlg7lnxm43",10,NE,0,0,0,0,0,0,0,0,0,0,0,0,,0,,,2,5,0,1,0,0,-1.49282793118618,0,37,54,359,1,0,0,179,257,19,13.5050984653266,0,2.00558659217877,0.142857142857143,0.0601276452804837,0.256375065982053,0,42.4,79.4
2009,REG,00-0027154,,Jake O'Connell,TE,TE,,4,KC,0,0,0,0,0,0,0,0,0,0,0,0,,0,,,0,0,0,0,0,0,,0,2,10,7,0,0,0,77,3,0,-10.3246686942293,0,0.0909090909090909,0.072463768115942,0.0578947368421053,0.149221967963387,0,0.7,2.7
2009,REG,00-0027155,,Rashad Jennings,RB,RB,"https://static.www.nfl.com/image/private/f_auto,q_auto/league/r48elxgcxhdkfkazlqab",15,JAX,0,0,0,0,0,0,0,0,0,0,0,0,,0,,,39,202,1,0,0,8,0.921647803945234,0,16,18,101,0,0,0,10,103,4,0.195230729936156,0,10.1,0.0566037735849057,0.0041823504809703,0.0878333057140377,0,36.3,52.3
2009,REG,00-0027157,,Dan Gronkowski,TE,TE,,1,DET,0,0,0,0,0,0,0,0,0,0,0,0,,0,,,0,0,0,0,0,0,,0,1,3,4,0,0,0,20,2,0,-4.175242732279,0,0.2,0.0882352941176471,0.0854700854700855,0.19218200100553,0,0.4,1.4
2009,REG,00-0027167,,Chris Jennings,RB,RB,,9,CLE,0,0,0,0,0,0,0,0,0,0,0,0,,0,,,63,220,1,0,0,10,-8.81559715377592,0,9,13,56,0,0,0,35,58,3,-1.83047840450308,0,1.6,0.0625,0.0256598240469208,0.111711876832845,0,33.6,42.6
2009,POST,00-0004541,,Donald Driver,WR,WR,,1,GB,0,0,0,0,0,0,0,0,0,0,0,0,,0,,,0,0,0,0,0,0,,0,4,6,43,0,1,1,51,20,3,-3.27331089793006,0,0.843137254901961,0.142857142857143,0.121140142517815,0.299083814048185,0,2.3,6.3
2009,POST,00-0005091,,Kevin Faulk,RB,RB,,1,NE,0,0,0,0,0,0,0,0,0,0,0,0,,0,,,14,52,0,0,0,2,-0.760054933605716,0,6,8,37,0,0,0,17,26,1,-1.45061416889075,0,2.17647058823529,0.19047619047619,0.0602836879432624,0.327912867274569,0,8.9,14.9
2009,POST,00-0005106,,Brett Favre,QB,QB,,2,MIN,43,70,544,5,2,3,20,0,0,606,261,28,22.2132891544554,0,0.897689768976898,0.150998175690557,1,0,0,1,1,0,-5.38905425497796,0,0,0,0,0,0,0,0,0,0,,0,,,,,0,35.76,35.76
2009,POST,00-0006305,,Ahman Green,RB,RB,,1,GB,0,0,0,0,0,0,0,0,0,0,0,0,,0,,,3,5,0,0,0,1,1.52664030628512,0,0,0,0,0,0,0,0,0,0,,0,,,,,0,0.5,0.5
2009,POST,00-0009323,,Jimmy Kleinsasser,TE,TE,,2,MIN,0,0,0,0,0,0,0,0,0,0,0,0,,0,,,0,0,0,0,0,0,,0,2,2,26,0,0,0,8,18,2,2.37731492822059,0,3.25,0.0285714285714286,0.0132013201320132,0.0520980669495521,0,2.6,4.6
2009,POST,00-0010346,,Peyton Manning,QB,QB,"https://static.www.nfl.com/image/private/f_auto,q_auto/league/xpcd6auodk3w0vda6jal",3,IND,87,128,956,6,2,4,30,0,0,1118,353,51,33.1728888533805,0,0.855098389982111,0.184878589375613,3,-2,0,0,0,0,-2.76542185974727,0,0,0,0,0,0,0,0,0,0,,0,,,,,0,58.04,58.04
2009,POST,00-0010500,,Derrick Mason,WR,WR,,2,BAL,0,0,0,0,0,0,0,0,0,0,0,0,,0,,,0,0,0,0,0,0,,0,5,10,72,0,0,0,129,14,4,0.497351559745857,0,0.558139534883721,0.222222222222222,0.413461538461538,0.62275641025641,0,7.2,12.2
2009,POST,00-0011022,,Donovan McNabb,QB,QB,,1,PHI,19,37,230,1,1,4,22,1,1,369,117,12,-7.55094863288105,0,0.623306233062331,-0.0157115384823876,2,13,0,0,0,0,2.77749205904547,0,0,0,0,0,0,0,0,0,0,,0,,,,,0,10.5,10.5
2009,POST,00-0011754,,Randy Moss,WR,WR,,1,NE,0,0,0,0,0,0,0,0,0,0,0,0,,0,,,0,0,0,0,0,0,,0,5,7,48,0,0,0,54,4,3,1.40749508625595,0,0.888888888888889,0.166666666666667,0.191489361702128,0.384042553191489,0,4.8,9.8
2009,POST,00-0013694,,Tony Richardson,FB,RB,,2,NYJ,0,0,0,0,0,0,0,0,0,0,0,0,,0,,,1,2,0,0,0,0,-0.429094017017633,0,3,5,14,0,0,0,3,16,0,-2.67510314797983,0,4.66666666666667,0.0961538461538462,0.0055865921787709,0.148141383755909,0,1.6,4.6
2009,POST,00-0016098,,Fred Taylor,RB,RB,,1,NE,0,0,0,0,0,0,0,0,0,0,0,0,,0,,,2,1,0,0,0,1,0.064529980532825,0,0,0,0,0,0,0,0,0,0,,0,,,,,0,0.1,0.1
2009,POST,00-0017200,,Kurt Warner,QB,QB,,2,ARI,46,59,584,5,1,2,12,1,0,426,271,29,23.9374545052436,0,1.37089201877934,0.265031785842532,1,0,0,1,0,0,-1.02992779482156,0,0,0,0,0,0,0,0,0,0,,0,,,,,0,41.36,41.36
2009,POST,00-0018958,,Laveranues Coles,WR,WR,,1,CIN,0,0,0,0,0,0,0,0,0,0,0,0,,0,,,0,0,0,0,0,0,,0,6,11,48,1,1,1,81,5,2,-1.78914427227573,0,0.592592592592593,0.305555555555556,0.282229965156794,0.65589430894309,0,8.8,14.8
2009,POST,00-0019457,,Anthony Becht,TE,TE,,1,ARI,0,0,0,0,0,0,0,0,0,0,0,0,,0,,,0,0,0,0,0,0,,0,1,1,8,0,0,0,3,5,0,0.550918277353048,0,2.66666666666667,0.0294117647058824,0.0145631067961165,0.0543118218161051,0,0.8,1.8
2009,POST,00-0019484,,Sammy Morris,RB,RB,,1,NE,0,0,0,0,0,0,0,0,0,0,0,0,,0,,,1,9,0,0,0,1,0.674988994258456,0,3,6,15,0,0,0,15,15,1,-1.57541677553672,0,1.0,0.142857142857143,0.0531914893617021,0.251519756838906,0,2.4,5.4
2009,POST,00-0019596,T.Brady,Tom Brady,QB,QB,"https://static.www.nfl.com/image/private/f_auto,q_auto/league/q7dpdlxyu5rs05rgh1le",1,NE,23,42,154,2,3,3,22,1,1,282,61,9,-28.1119617172906,0,0.546099290780142,-0.0136471902918578,0,0,0,0,0,0,,0,0,0,0,0,0,0,0,0,0,,0,,,,,0,6.16,6.16
2009,POST,00-0019641,,Thomas Jones,RB,RB,,3,NYJ,0,0,0,0,0,0,0,0,0,0,0,0,,0,,,45,117,1,0,0,4,-12.7711667362652,0,2,3,28,0,0,0,-1,25,2,-0.465800418256549,0,-28.0,0.1,-0.0031545741324921,0.147791798107256,0,20.5,22.5
2009,POST,00-0020245,,Mike Vick,QB,QB,"https://static.www.nfl.com/image/private/f_auto,q_auto/league/hrg4riwhpjbijfovsjrk",1,PHI,1,2,76,1,0,0,0,0,0,29,51,1,5.9451155482675,0,2.62068965517241,,1,0,0,1,1,0,-4.68817230098648,0,0,0,0,0,0,0,0,0,0,,0,,,,,0,5.04,5.04
2009,POST,00-0020397,,Chad Johnson,WR,WR,,1,CIN,0,0,0,0,0,0,0,0,0,0,0,0,,0,,,0,0,0,0,0,0,,0,2,6,28,0,0,0,82,13,1,-3.68283605118631,0,0.341463414634146,0.166666666666667,0.285714285714286,0.45,0,2.8,4.8
2009,POST,00-0020498,,Reggie Wayne,WR,WR,,3,IND,0,0,0,0,0,0,0,0,0,0,0,0,,0,,,0,0,0,0,0,0,,0,16,27,164,1,1,0,230,48,10,-3.14436568628326,0,0.71304347826087,0.2109375,0.205724508050089,0.460413405635063,0,22.4,38.4
2009,POST,00-0020516,,Todd Heap,TE,TE,,2,BAL,0,0,0,0,0,0,0,0,0,0,0,0,,0,,,0,0,0,0,0,0,,0,4,8,35,0,1,0,32,23,3,-4.29937516973587,0,1.09375,0.177777777777778,0.102564102564103,0.338461538461539,0,3.5,7.5
2009,POST,00-0020531,D.Brees,Drew Brees,QB,QB,"https://static.www.nfl.com/image/private/f_auto,q_auto/league/i20xlpzdmn7xubotijjd",3,NO,72,102,732,8,0,2,15,1,0,742,327,39,36.2938582805746,1,0.986522911051213,0.209931969551579,5,-4,0,1,0,0,-1.47264853207162,0,0,0,0,0,0,0,0,0,0,,0,,,,,0,62.88,62.88
2009,POST,00-0020536,,LaDainian Tomlinson,RB,RB,,1,LAC,0,0,0,0,0,0,0,0,0,0,0,0,,0,,,12,24,0,0,0,0,-4.45148054277524,0,3,4,0,0,0,0,0,0,0,-2.26105381187517,0,,0.105263157894737,,,0,2.4,5.4
2009,POST,00-0021148,,Jeremy Shockey,TE,TE,,3,NO,0,0,0,0,0,0,0,0,0,0,0,0,,0,,,0,0,0,0,0,0,,0,7,9,58,2,0,0,98,11,4,4.53138531516808,0,0.591836734693878,0.09,0.133333333333333,0.228333333333333,0,17.8,24.8
2009,POST,00-0021213,,Chris Baker,TE,TE,,1,NE,0,0,0,0,0,0,0,0,0,0,0,0,,0,,,0,0,0,0,0,0,,0,1,1,2,0,0,0,2,0,0,-0.519994493806735,0,1.0,0.0238095238095238,0.0070921985815602,0.0406788247213779,0,0.2,1.2
2009,POST,00-0021216,,Brian Westbrook,RB,RB,,1,PHI,0,0,0,0,0,0,0,0,0,0,0,0,,0,,,0,0,0,0,0,0,,0,1,2,27,0,0,0,-6,30,1,1.65459347027354,0,-4.5,0.0526315789473684,-0.0150753768844221,0.0683946046019572,0,2.7,3.7
2009,POST,00-0021314,,Chester Taylor,RB,RB,,2,MIN,0,0,0,0,0,0,0,0,0,0,0,0,,0,,,10,51,0,0,0,2,-0.98165488865925,0,5,9,34,0,0,0,-11,46,2,-2.14072491776688,0,-3.09090909090909,0.128571428571429,-0.0181518151815182,0.18015087223008,0,8.5,13.5
2009,POST,00-0021429,C.Palmer,Carson Palmer,QB,QB,"https://static.www.nfl.com/image/private/f_auto,q_auto/league/belgna3tokxga0gjjmwk",1,CIN,18,36,146,1,1,3,36,1,0,287,55,7,-6.30272050887615,0,0.508710801393728,-0.0306187478183849,1,2,0,0,0,1,1.14814950560685,0,0,0,0,0,0,0,0,0,0,,0,,,,,0,8.04,8.04
2009,POST,00-0021547,A.Gates,Antonio Gates,TE,TE,"https://static.www.nfl.com/image/private/f_auto,q_auto/league/kndulvysinvn4tpvt0bc",1,LAC,0,0,0,0,0,0,0,0,0,0,0,0,,0,,,0,0,0,0,0,0,,0,8,11,93,0,0,0,89,43,6,2.85385904175928,0,1.04494382022472,0.289473684210526,0.267267267267267,0.621297613402877,0,9.3,17.3
2009,POST,00-0021647,,Jerheme Urban,WR,WR,,2,ARI,0,0,0,0,0,0,0,0,0,0,0,0,,0,,,0,0,0,0,0,0,,0,3,3,47,0,1,1,19,28,1,-1.08689592815424,0,2.47368421052632,0.0447761194029851,0.0392561983471074,0.0946435179474528,0,2.7,5.7
2009,POST,00-0021678,,Tony Romo,QB,QB,"https://static.www.nfl.com/image/private/f_auto,q_auto/league/rdgaxf7djip2ovlkeqjk",2,DAL,45,70,442,2,1,8,58,2,2,355,239,23,-4.05689630760661,0,1.24507042253521,0.0246084807895151,3,4,0,1,0,0,-1.70688026258722,0,0,0,0,0,0,0,0,0,0,,0,,,,,0,20.08,20.08
2009,POST,00-0021915,,Sam Aiken,WR,WR,,1,NE,0,0,0,0,0,0,0,0,0,0,0,0,,0,,,0,0,0,0,0,0,,0,1,6,5,0,0,0,64,0,0,-14.5010334448307,0,0.078125,0.142857142857143,0.226950354609929,0.373150962512665,0,0.5,1.5
2009,POST,00-0021929,,Donald Lee,TE,TE,,1,GB,0,0,0,0,0,0,0,0,0,0,0,0,,0,,,0,0,0,0,0,0,,0,0,1,0,0,0,0,6,0,0,-0.905631022178568,0,0.0,0.0238095238095238,0.0142517814726841,0.0456905327451646,0,0.0,0.0
2009,POST,00-0022054,,Visanthe Shiancoe,TE,TE,,2,MIN,0,0,0,0,0,0,0,0,0,0,0,0,,0,,,0,0,0,0,0,0,,0,5,7,94,1,0,0,105,22,5,12.6949752424844,0,0.895238095238095,0.1,0.173267326732673,0.271287128712871,0,15.4,20.4
2009,POST,00-0022127,J.Witten,Jason Witten,TE,TE,"https://static.www.nfl.com/image/private/f_auto,q_auto/league/r7uafhtwuexuaty0nhsc",2,DAL,0,0,0,0,0,0,0,0,0,0,0,0,,0,,,0,0,0,0,0,0,,0,14,18,125,0,0,0,97,37,6,3.1809492642642,0,1.28865979381443,0.257142857142857,0.273239436619718,0.576981891348089,0,12.5,26.5
2009,POST,00-0022165,,Dallas Clark,TE,TE,,3,IND,0,0,0,0,0,0,0,0,0,0,0,0,,0,,,0,0,0,0,0,0,,0,18,26,180,1,0,0,166,61,11,11.8844082071446,0,1.08433734939759,0.203125,0.148479427549195,0.408623099284437,0,24.0,42.0
2009,POST,00-0022171,,Kelley Washington,WR,WR,,1,BAL,0,0,0,0,0,0,0,0,0,0,0,0,,0,,,0,0,0,0,0,0,,0,1,2,11,0,0,0,16,4,1,0.580580999609083,0,0.6875,0.0571428571428571,0.0824742268041237,0.143446244477172,0,1.1,2.1
2009,POST,00-0022178,,Willis McGahee,RB,RB,,2,BAL,0,0,0,0,0,0,0,0,0,0,0,0,,0,,,22,69,1,0,0,4,0.531149766407907,0,2,2,20,0,0,0,2,18,1,1.5458391814027,0,10.0,0.0444444444444444,0.0103092783505155,0.0738831615120275,0,14.9,16.9
2009,POST,00-0022288,,Jason Wright,RB,RB,,1,ARI,0,0,0,0,0,0,0,0,0,0,0,0,,0,,,1,3,0,0,0,0,-0.674604036670644,0,0,0,0,0,0,0,0,0,0,,0,,,,,0,0.3,0.3
2009,POST,00-0022414,,Malcom Floyd,WR,WR,"https://static.www.nfl.com/image/private/f_auto,q_auto/league/or8gm79eaonksxe8gl0t",1,LAC,0,0,0,0,0,0,0,0,0,0,0,0,,0,,,0,0,0,0,0,0,,0,3,5,30,0,0,0,59,5,1,-1.29196509679817,0,0.508474576271186,0.131578947368421,0.177177177177177,0.321392445076656,0,3.0,6.0
2009,POST,00-0022714,,Kris Wilson,TE,TE,,1,LAC,0,0,0,0,0,0,0,0,0,0,0,0,,0,,,0,0,0,0,0,0,,0,1,1,13,1,0,0,13,0,1,2.54094772023382,0,1.0,0.0263157894736842,0.039039039039039,0.0668010115378537,0,7.3,8.3
2009,POST,00-0022766,,Patrick Crayton,WR,WR,,2,DAL,0,0,0,0,0,0,0,0,0,0,0,0,,0,,,0,0,0,0,0,0,,0,5,8,51,0,0,0,47,22,3,-0.241746079496807,0,1.08510638297872,0.114285714285714,0.132394366197183,0.2641046277666,0,5.1,10.1
2009,POST,00-0022807,,Bernard Berrian,WR,WR,,2,MIN,0,0,0,0,0,0,0,0,0,0,0,0,,0,,,0,0,0,0,0,0,,0,12,18,134,0,1,1,185,58,8,3.23493841011077,0,0.724324324324324,0.257142857142857,0.305280528052805,0.599410655351249,0,11.4,23.4
2009,POST,00-0022811,,Jerricho Cotchery,WR,WR,"https://static.www.nfl.com/image/private/f_auto,q_auto/league/hkq2dmfj7mbgbuejiloy",3,NYJ,0,0,0,0,0,0,0,0,0,0,0,0,,0,,,1,1,0,0,0,0,-0.419329527765512,0,14,19,194,0,0,0,210,28,11,14.996937543794,0,0.923809523809524,0.283582089552239,0.304347826086957,0.638416612589228,0,19.5,33.5
2009,POST,00-0022909,,Roy Williams,WR,WR,,2,DAL,0,0,0,0,0,0,0,0,0,0,0,0,,0,,,0,0,0,0,0,0,,0,5,9,59,0,0,0,63,31,3,2.52140082586145,0,0.936507936507937,0.128571428571429,0.177464788732394,0.317082494969819,0,5.9,10.9
2009,POST,00-0022921,L.Fitzgerald,Larry Fitzgerald,WR,WR,"https://static.www.nfl.com/image/private/f_auto,q_auto/league/ycgjjaad5un42gy4pnga",2,ARI,0,0,0,0,0,0,0,0,0,0,0,0,,0,,,0,0,0,0,0,0,,0,12,16,159,2,1,1,146,69,9,-0.26686214611982,0,1.08904109589041,0.238805970149254,0.301652892561983,0.569365980017269,0,25.9,37.9
2009,POST,00-0022929,,Devery Henderson,WR,WR,,3,NO,0,0,0,0,0,0,0,0,0,0,0,0,,0,,,1,-7,0,0,0,0,-1.37084263301222,0,15,18,182,2,0,0,190,34,9,11.5692919627614,0,0.957894736842105,0.18,0.258503401360544,0.450952380952381,0,29.5,44.5
2009,POST,00-0022942,P.Rivers,Philip Rivers,QB,QB,"https://static.www.nfl.com/image/private/f_auto,q_auto/league/voakyrtj34sghkwxaxxf",1,LAC,27,40,298,1,2,2,15,1,0,336,111,15,1.28226467481115,0,0.886904761904762,0.123077745229337,3,4,1,0,0,1,-1.03020744034438,0,0,0,0,0,0,0,0,0,0,,0,,,,,0,18.32,18.32
2009,POST,00-0022943,B.Watson,Benjamin Watson,TE,TE,"https://static.www.nfl.com/image/private/f_auto,q_auto/league/dorymozpdnrllkqlfzpu",1,NE,0,0,0,0,0,0,0,0,0,0,0,0,,0,,,0,0,0,0,0,0,,0,1,4,3,0,0,0,49,0,0,-8.06018024640322,0,0.0612244897959184,0.0952380952380952,0.173758865248227,0.264488348530902,0,0.3,1.3
2009,POST,00-0022984,,Ryan Grant,RB,RB,,1,GB,0,0,0,0,0,0,0,0,0,0,0,0,,0,,,11,65,0,0,0,5,2.32351577054942,0,2,2,18,0,0,0,3,15,0,1.53821758925915,0,6.0,0.0476190476190476,0.007125890736342,0.0764166949440109,0,8.3,10.3
2009,POST,00-0022999,J.Kuhn,John Kuhn,FB,RB,"https://static.www.nfl.com/image/private/f_auto,q_auto/league/nbcwgq2o0ymmx4czvr4b",1,GB,0,0,0,0,0,0,0,0,0,0,0,0,,0,,,1,1,1,0,0,1,0.652539128728677,0,1,1,-3,0,0,0,-3,0,0,-0.974084825254977,0,1.0,0.0238095238095238,-0.007125890736342,0.0307261621988463,0,5.8,6.8
2009,POST,00-0023063,,Leonard Weaver,FB,RB,,1,PHI,0,0,0,0,0,0,0,0,0,0,0,0,,0,,,5,19,0,0,0,0,-0.587756977183744,0,2,3,11,0,1,1,5,10,0,-5.37620169535512,0,2.2,0.0789473684210526,0.0125628140703518,0.127215022480825,0,1.0,3.0
2009,POST,00-0023310,,Lance Moore,WR,WR,"https://static.www.nfl.com/image/private/f_auto,q_auto/league/bfjxc892mfkni8ywtheh",3,NO,0,0,0,0,0,0,0,0,0,0,0,0,,0,,,0,0,0,0,0,0,,0,5,6,32,0,0,0,28,20,1,-0.409779881389113,1,1.14285714285714,0.06,0.0380952380952381,0.116666666666667,0,5.2,10.2
2009,POST,00-0023438,,Braylon Edwards,WR,WR,,3,NYJ,0,0,0,0,0,0,0,0,0,0,0,0,,0,,,0,0,0,0,0,0,,0,6,14,156,1,0,0,286,76,5,2.58492527243481,0,0.545454545454545,0.208955223880597,0.414492753623188,0.603577763357127,0,21.6,27.6
2009,POST,00-0023439,,Cedric Benson,RB,RB,,1,CIN,0,0,0,0,0,0,0,0,0,0,0,0,,0,,,21,169,1,0,0,5,5.25125928586931,0,3,3,12,0,0,0,5,7,0,0.028952365508303,0,2.4,0.0833333333333333,0.0174216027874564,0.13719512195122,0,24.1,27.1
2009,POST,00-0023457,,Mark Clayton,WR,WR,,2,BAL,0,0,0,0,0,0,0,0,0,0,0,0,,0,,,1,8,0,0,0,0,0.736604297533631,0,1,5,17,0,0,0,79,0,1,-0.679097897100361,0,0.215189873417722,0.111111111111111,0.253205128205128,0.343910256410256,0,2.5,3.5
2009,POST,00-0023459,A.Rodgers,Aaron Rodgers,QB,QB,"https://static.www.nfl.com/image/upload/f_auto,q_auto/league/jdcb4nomlc4rd6k5l6to",1,GB,28,42,422,4,1,5,19,1,1,421,198,17,12.4552627535462,0,1.00237529691211,0.21522190889079,3,13,1,0,0,2,1.55073946269113,0,0,0,0,0,0,0,0,0,0,,0,,,,,0,36.18,36.18
2009,POST,00-0023470,,Reggie Brown,WR,WR,,1,PHI,0,0,0,0,0,0,0,0,0,0,0,0,,0,,,0,0,0,0,0,0,,0,0,3,0,0,0,0,46,0,0,1.05098497751169,0,0.0,0.0789473684210526,0.115577889447236,0.199325575244644,0,0.0,0.0
2009,POST,00-0023496,,Vincent Jackson,WR,WR,"https://static.www.nfl.com/image/private/f_auto,q_auto/league/kdquag2thcfulvrs0cbz",1,LAC,0,0,0,0,0,0,0,0,0,0,0,0,,0,,,0,0,0,0,0,0,,0,7,9,111,0,0,0,149,29,5,4.36681036665462,0,0.74496644295302,0.236842105263158,0.447447447447447,0.66847637110795,0,11.1,18.1
2009,POST,00-0023506,,Alex Smith,TE,TE,"https://static.www.nfl.com/image/private/f_auto,q_auto/league/zcpxncjwcm6ggoiqt6ub",1,PHI,0,0,0,0,0,0,0,0,0,0,0,0,,0,,,0,0,0,0,0,0,,0,1,1,8,0,0,0,4,4,1,1.00324336695485,0,2.0,0.0263157894736842,0.0100502512562814,0.0465088600899233,0,0.8,1.8
2009,POST,00-0023544,,Marion Barber,RB,RB,,2,DAL,0,0,0,0,0,0,0,0,0,0,0,0,,0,,,11,18,0,0,0,1,-4.4924408106599,0,0,0,0,0,0,0,0,0,0,,0,,,,,0,1.8,1.8
2009,POST,00-0023564,D.Sproles,Darren Sproles,RB,RB,"https://static.www.nfl.com/image/private/f_auto,q_auto/league/gvj5ng27blmwuz170aeo",1,LAC,0,0,0,0,0,0,0,0,0,0,0,0,,0,,,3,33,0,0,0,1,-0.0656092086574063,0,3,5,30,0,0,0,10,20,1,-1.14285897641996,0,3.0,0.131578947368421,0.03003003003003,0.218389442073653,0,6.3,9.3
2009,POST,00-0023832,,Spencer Havner,TE,TE,,1,GB,0,0,0,0,0,0,0,0,0,0,0,0,,0,,,0,0,0,0,0,0,,0,2,3,16,1,0,0,16,8,1,0.585887874942273,0,1.0,0.0714285714285714,0.0380047505938242,0.133746182558534,0,7.6,9.6
2009,POST,00-0023921,,Miles Austin,WR,WR,"https://static.www.nfl.com/image/private/f_auto,q_auto/league/tuwhvxan7v0gisbei4an",2,DAL,0,0,0,0,0,0,0,0,0,0,0,0,,0,,,1,8,0,0,0,1,0.877932589501143,0,11,18,116,1,0,0,135,72,4,2.07417908749249,0,0.859259259259259,0.257142857142857,0.380281690140845,0.651911468812877,0,18.4,29.4
2009,POST,00-0024011,,Mike Bell,RB,RB,,2,NO,0,0,0,0,0,0,0,0,0,0,0,0,,0,,,8,15,0,0,0,0,-4.06184962118277,0,0,0,0,0,0,0,0,0,0,,0,,,,,0,1.5,1.5
2009,POST,00-0024171,,Wallace Wright,WR,WR,,1,NYJ,0,0,0,0,0,0,0,0,0,0,0,0,,0,,,0,0,0,0,0,0,,0,0,1,0,0,0,0,0,0,0,-0.946510317735374,0,,0.0454545454545455,,,0,0.0,0.0
2009,POST,00-0024217,,Reggie Bush,RB,RB,"https://static.www.nfl.com/image/private/f_auto,q_auto/league/z2m2heolqx9sgobdks9v",3,NO,0,0,0,0,0,0,0,0,0,0,0,0,,0,,,17,117,1,0,0,6,4.66016375110485,0,10,14,95,1,0,0,34,60,6,7.9239152441798,0,2.79411764705882,0.14,0.0462585034013605,0.242380952380952,1,39.2,49.2
2009,POST,00-0024225,,Matt Leinart,QB,QB,,1,ARI,7,10,61,0,0,0,0,0,0,58,26,4,-0.101093532361092,0,1.05172413793103,0.0722035223644669,0,0,0,0,0,0,,0,0,0,0,0,0,0,0,0,0,,0,,,,,0,2.44,2.44
2009,POST,00-0024236,,Laurence Maroney,RB,RB,,1,NE,0,0,0,0,0,0,0,0,0,0,0,0,,0,,,1,2,0,0,0,0,-0.330505636055023,0,0,1,0,0,0,0,0,0,0,-0.538808617275208,0,,0.0238095238095238,,,0,0.2,0.2
2009,POST,00-0024245,,Joseph Addai,RB,RB,,3,IND,0,0,0,0,0,0,0,0,0,0,0,0,,0,,,40,180,1,1,1,9,-5.87297663991314,0,11,11,85,0,0,0,19,66,4,7.70561126735993,0,4.47368421052632,0.0859375,0.016994633273703,0.140802493291592,0,30.5,41.5
2009,POST,00-0024267,,Greg Jennings,WR,WR,"https://static.www.nfl.com/image/private/f_auto,q_auto/league/jiemkcfkc893pfova8xv",1,GB,0,0,0,0,0,0,0,0,0,0,0,0,,0,,,0,0,0,0,0,0,,0,8,12,130,1,0,0,163,47,5,10.0378670048667,0,0.797546012269939,0.285714285714286,0.387173396674584,0.699592806243638,0,19.0,27.0
2009,POST,00-0024301,,David Thomas,TE,TE,,3,NO,0,0,0,0,0,0,0,0,0,0,0,0,,0,,,1,0,0,0,0,0,-3.86799488647375,0,4,7,41,0,0,0,24,14,3,0.368947771238821,0,1.70833333333333,0.102941176470588,0.052863436123348,0.191416169992226,0,4.1,8.1
2009,POST,00-0024318,,Brad Smith,QB,QB,,2,NYJ,1,1,45,0,0,0,0,0,0,35,10,1,3.28696700121509,0,1.28571428571429,,2,4,0,0,0,0,-1.3307263351744,0,3,4,8,0,0,0,7,4,0,-2.39500464211367,0,1.14285714285714,0.0888888888888889,0.0148936170212766,0.143758865248227,0,3.0,6.0
2009,POST,00-0024324,,Jason Avant,WR,WR,"https://static.www.nfl.com/image/private/f_auto,q_auto/league/nnis5ib42eoeu8bjjpdc",1,PHI,0,0,0,0,0,0,0,0,0,0,0,0,,0,,,0,0,0,0,0,0,,0,2,3,32,0,0,0,24,8,2,0.59896791249048,0,1.33333333333333,0.0789473684210526,0.0603015075376884,0.160632107907961,0,3.2,5.2
2009,POST,00-0024326,,Demetrius Williams,WR,WR,,2,BAL,0,0,0,0,0,0,0,0,0,0,0,0,,0,,,0,0,0,0,0,0,,0,1,3,12,0,0,0,51,12,1,-3.5341563411057,0,0.235294117647059,0.0666666666666667,0.163461538461538,0.214423076923077,0,1.2,2.2
2009,POST,00-0024466,,Marques Colston,WR,WR,"https://static.www.nfl.com/image/private/f_auto,q_auto/league/hnnuo9nfwzwlakr2srdq",3,NO,0,0,0,0,0,0,0,0,0,0,0,0,,0,,,0,0,0,0,0,0,,0,15,23,188,1,0,0,263,51,11,11.6813324170944,0,0.714828897338403,0.23,0.357823129251701,0.595476190476191,0,24.8,39.8
2009,POST,00-0024529,,Gijon Robinson,TE,TE,,1,IND,0,0,0,0,0,0,0,0,0,0,0,0,,0,,,0,0,0,0,0,0,,0,0,1,0,0,0,0,15,0,0,-0.789029524894431,0,0.0,0.0256410256410256,0.0377833753148615,0.0649099011819415,0,0.0,0.0
2009,POST,00-0024607,,Daniel Coats,TE,TE,,1,CIN,0,0,0,0,0,0,0,0,0,0,0,0,,0,,,0,0,0,0,0,0,,0,0,1,0,0,0,0,1,0,0,-0.56944524589926,0,0.0,0.0277777777777778,0.0034843205574912,0.0441056910569106,0,0.0,0.0
2009,POST,00-0024813,,Pierre Thomas,RB,RB,"https://static.www.nfl.com/image/private/f_auto,q_auto/league/w58uf8rmlucv7qagwrfv",3,NO,0,0,0,0,0,0,0,0,0,0,0,0,,0,,,36,143,1,0,0,8,1.57210617390228,0,12,15,111,2,0,0,-12,120,4,6.50269176438451,0,-9.25,0.15,-0.0163265306122449,0.213571428571429,0,43.4,55.4
2009,POST,00-0025394,A.Peterson,Adrian Peterson,RB,RB,"https://static.www.nfl.com/image/private/f_auto,q_auto/league/ug2ua3skqc9f6vkbowxc",2,MIN,0,0,0,0,0,0,0,0,0,0,0,0,,0,,,51,185,3,2,0,8,-3.68191612797091,0,3,4,33,0,0,0,2,31,2,2.33676641783677,0,16.5,0.0571428571428571,0.0033003300330033,0.088024516737388,0,39.8,42.8
2009,POST,00-0025414,,Robert Meachem,WR,WR,,3,NO,0,0,0,0,0,0,0,0,0,0,0,0,,0,,,1,4,0,0,0,0,0.223973160958849,0,4,7,25,0,0,0,110,17,1,-1.48124322289368,0,0.227272727272727,0.07,0.149659863945578,0.209761904761905,0,2.9,6.9
2009,POST,00-0025431,,Sidney Rice,WR,WR,,2,MIN,0,0,0,0,0,0,0,0,0,0,0,0,,0,,,0,0,0,0,0,0,,0,10,18,184,4,0,0,226,50,8,6.95409378551995,0,0.814159292035398,0.257142857142857,0.372937293729373,0.646770391324847,0,42.4,52.4
2009,POST,00-0025439,,Brian Leonard,RB,RB,,1,CIN,0,0,0,0,0,0,0,0,0,0,0,0,,0,,,0,0,0,0,0,0,,0,2,3,7,0,0,0,-1,8,0,-1.555029414827,0,-7.0,0.0833333333333333,-0.0034843205574912,0.122560975609756,0,0.7,2.7
2009,POST,00-0025450,,Brandon Jackson,RB,RB,,1,GB,0,0,0,0,0,0,0,0,0,0,0,0,,0,,,2,6,0,0,0,0,-0.410439080325887,0,1,1,-1,0,0,0,-5,4,0,-0.801677085109986,0,0.2,0.0238095238095238,-0.0118764845605701,0.0274007465218867,0,0.5,1.5
2009,POST,00-0025465,,James Jones,WR,WR,,1,GB,0,0,0,0,0,0,0,0,0,0,0,0,,0,,,0,0,0,0,0,0,,0,3,5,50,1,0,0,45,34,1,4.96813710086054,0,1.11111111111111,0.119047619047619,0.106888361045131,0.25339328130302,0,11.0,14.0
2009,POST,00-0025524,,Le'Ron McClain,FB,RB,,2,BAL,0,0,0,0,0,0,0,0,0,0,0,0,,0,,,6,11,1,0,0,2,-0.784688016516157,0,1,2,-4,0,0,0,-3,0,0,-2.20302838593489,0,1.33333333333333,0.0444444444444444,-0.0096153846153846,0.0599358974358974,0,6.7,7.7
2009,POST,00-0025529,,Steve Breaston,WR,WR,,2,ARI,0,0,0,0,0,0,0,0,0,0,0,0,,0,,,1,28,0,0,0,1,2.04498825856717,0,11,16,177,1,0,0,188,42,8,5.42018598678988,0,0.941489361702128,0.238805970149254,0.388429752066116,0.630109781670162,0,26.5,37.5
2009,POST,00-0025544,,David Clowney,WR,WR,,1,NYJ,0,0,0,0,0,0,0,0,0,0,0,0,,0,,,0,0,0,0,0,0,,0,0,2,0,0,0,0,43,0,0,-4.29212699516211,0,0.0,0.0666666666666667,0.135646687697161,0.194952681388013,0,0.0,0.0
2009,POST,00-0025549,B.Celek,Brent Celek,TE,TE,"https://static.www.nfl.com/image/private/f_auto,q_auto/league/mit6ahic4gkdhy1hkejt",1,PHI,0,0,0,0,0,0,0,0,0,0,0,0,,0,,,0,0,0,0,0,0,,0,3,5,59,0,0,0,72,31,3,1.86712959659053,0,0.819444444444445,0.131578947368421,0.180904522613065,0.324001586881777,0,5.9,8.9
2009,POST,00-0025559,,Legedu Naanee,WR,WR,,1,LAC,0,0,0,0,0,0,0,0,0,0,0,0,,0,,,0,0,0,0,0,0,,0,0,1,0,0,0,0,6,0,0,-1.34515123663005,0,0.0,0.0263157894736842,0.018018018018018,0.0520862968231389,0,0.0,0.0
2009,POST,00-0025582,,Deon Anderson,FB,RB,,2,DAL,0,0,0,0,0,0,0,0,0,0,0,0,,0,,,0,0,0,0,0,0,,0,0,2,0,0,0,0,3,0,0,-0.835446611454245,0,0.0,0.0285714285714286,0.0174418604651163,0.0550664451827243,0,0.0,0.0
2009,POST,00-0025602,,Ben Patrick,TE,TE,,1,ARI,0,0,0,0,0,0,0,0,0,0,0,0,,0,,,0,0,0,0,0,0,,0,3,3,42,0,0,0,28,14,1,2.6000317883445,0,1.5,0.0909090909090909,0.100719424460432,0.206867233485939,0,4.2,7.2
2009,POST,00-0026019,D.Woodhead,Danny Woodhead,RB,RB,"https://static.www.nfl.com/image/private/f_auto,q_auto/league/gorlqe0etvc8ek5wob7j",1,NYJ,0,0,0,0,0,0,0,0,0,0,0,0,,0,,,0,0,0,0,0,0,,0,1,1,-1,0,0,0,-1,0,0,-1.30798817845061,0,1.0,0.0454545454545455,-0.0045454545454545,0.065,0,-0.1,0.9
2009,POST,00-0026069,M.Tolbert,Mike Tolbert,FB,RB,"https://static.www.nfl.com/image/private/f_auto,q_auto/league/frwhwdhbcteyg7xjha7a",1,LAC,0,0,0,0,0,0,0,0,0,0,0,0,,0,,,0,0,0,0,0,0,,0,1,1,6,0,0,0,4,2,0,0.0885752704925835,0,1.5,0.0263157894736842,0.012012012012012,0.0478820926189347,0,0.6,1.6
2009,POST,00-0026121,,Lynell Hamilton,RB,RB,,2,NO,0,0,0,0,0,0,0,0,0,0,0,0,,0,,,6,22,1,0,0,3,-0.432952793664299,0,0,1,0,0,0,0,0,0,0,-0.798420106526464,0,,0.03125,,,0,8.2,8.2
2009,POST,00-0026158,J.Flacco,Joe Flacco,QB,QB,"https://static.www.nfl.com/image/upload/f_auto,q_auto/league/yxvyoeojkif7tnfviamc",2,BAL,24,45,223,0,3,1,6,0,0,312,155,13,-13.637060642849,0,0.71474358974359,-0.0299437069932081,7,7,0,0,0,3,-0.68069369031582,0,0,0,0,0,0,0,0,0,0,,0,,,,,0,3.62,3.62
2009,POST,00-0026162,,Felix Jones,RB,RB,,2,DAL,0,0,0,0,0,0,0,0,0,0,0,0,,0,,,30,217,1,0,0,10,4.77292796163238,0,4,6,52,0,0,0,-14,67,2,0.648456295893993,0,-3.71428571428571,0.0857142857142857,-0.0394366197183099,0.100965794768612,0,32.9,36.9
2009,POST,00-0026170,,Dustin Keller,TE,TE,,3,NYJ,0,0,0,0,0,0,0,0,0,0,0,0,,0,,,0,0,0,0,0,0,,0,12,17,181,3,0,0,140,85,9,14.0164365450992,0,1.29285714285714,0.253731343283582,0.202898550724638,0.52262600043262,0,36.1,48.1
2009,POST,00-0026176,J.Nelson,Jordy Nelson,WR,WR,"https://static.www.nfl.com/image/private/f_auto,q_auto/league/bde2n4ozsakatgs4yyp2",1,GB,0,0,0,0,0,0,0,0,0,0,0,0,,0,,,0,0,0,0,0,0,,0,1,2,10,1,0,0,18,5,1,-1.76526435953565,0,0.555555555555556,0.0476190476190476,0.0427553444180523,0.101357312521208,0,7.0,8.0
2009,POST,00-0026189,D.Jackson,DeSean Jackson,WR,WR,"https://static.www.nfl.com/image/private/f_auto,q_auto/league/pr5m864fqvnoozihylrh",1,PHI,0,0,0,0,0,0,0,0,0,0,0,0,,0,,,0,0,0,0,0,0,,0,3,7,14,1,0,0,140,8,1,-0.954344491881784,0,0.1,0.184210526315789,0.351758793969849,0.522546945252579,0,7.4,10.4
2009,POST,00-0026195,,Ray Rice,RB,RB,,2,BAL,0,0,0,0,0,0,0,0,0,0,0,0,,0,,,35,226,2,1,1,6,2.67960917423475,0,9,13,60,0,0,0,6,84,2,-3.81693894637283,0,10.0,0.288888888888889,0.0192307692307692,0.446794871794872,0,38.6,47.6
2009,POST,00-0026201,M.Bennett,Martellus Bennett,TE,TE,"https://static.www.nfl.com/image/private/f_auto,q_auto/league/repls3tq1d4jnvwmaqia",1,DAL,0,0,0,0,0,0,0,0,0,0,0,0,,0,,,0,0,0,0,0,0,,0,3,4,27,0,0,0,18,4,2,0.877306721988134,0,1.5,0.114285714285714,0.0983606557377049,0.240281030444965,0,2.7,5.7
2009,POST,00-0026209,,Jacob Hester,RB,RB,,1,LAC,0,0,0,0,0,0,0,0,0,0,0,0,,0,,,0,0,0,0,0,0,,0,1,1,15,0,0,0,3,12,1,1.002005323302,0,5.0,0.0263157894736842,0.009009009009009,0.0457799905168326,0,1.5,2.5
2009,POST,00-0026221,,Early Doucet,WR,WR,,2,ARI,0,0,0,0,0,0,0,0,0,0,0,0,,0,,,0,0,0,0,0,0,,0,14,17,145,2,0,0,77,78,9,7.86241132626525,0,1.88311688311688,0.253731343283582,0.159090909090909,0.49196065128901,0,26.5,40.5
2009,POST,00-0026231,,Jermichael Finley,TE,TE,,1,GB,0,0,0,0,0,0,0,0,0,0,0,0,,0,,,0,0,0,0,0,0,,0,6,9,159,0,0,0,127,65,6,10.6898740706383,0,1.25196850393701,0.214285714285714,0.30166270783848,0.532592466915507,0,15.9,21.9
2009,POST,00-0026237,,Andre Caldwell,WR,WR,,1,CIN,0,0,0,0,0,0,0,0,0,0,0,0,,0,,,0,0,0,0,0,0,,0,2,8,25,0,0,0,92,8,2,-2.3190100475218,0,0.271739130434783,0.222222222222222,0.320557491289199,0.557723577235772,0,2.5,4.5
2009,POST,00-0026262,,Tashard Choice,RB,RB,,2,DAL,0,0,0,0,0,0,0,0,0,0,0,0,,0,,,15,43,1,0,0,4,-2.87499014573405,0,1,3,6,0,0,0,0,6,1,2.65817709959811,0,0.0,0.0857142857142857,,,0,10.9,11.9
2009,POST,00-0026289,T.Hightower,Tim Hightower,RB,RB,"https://static.www.nfl.com/image/private/f_auto,q_auto/league/azokebvu5bctrltqy38r",2,ARI,0,0,0,0,0,0,0,0,0,0,0,0,,0,,,13,106,2,1,0,2,3.92541916057235,0,6,7,48,0,0,0,-2,50,3,2.75470443535596,0,-24.0,0.104477611940299,-0.0071942446043165,0.151680446687426,0,27.4,33.4
2009,POST,00-0026293,M.Slater,Matt Slater,WR,WR,"https://static.www.nfl.com/image/private/f_auto,q_auto/league/cs1ojdzhxjuanbw6vflv",1,NE,0,0,0,0,0,0,0,0,0,0,0,0,,0,,,0,0,0,0,0,0,,0,0,1,0,0,0,0,25,0,0,-0.343415601644665,0,0.0,0.0238095238095238,0.0886524822695036,0.0977710233029382,0,0.0,0.0
2009,POST,00-0026342,,Mike Hart,RB,RB,,3,IND,0,0,0,0,0,0,0,0,0,0,0,0,,0,,,9,18,0,0,0,2,-2.57706004995271,0,1,1,9,0,0,0,4,5,0,0.728728795918869,0,2.25,0.0227272727272727,0.0108991825613079,0.0417203368838246,0,2.7,3.7
2009,POST,00-0026345,P.Garcon,Pierre Garcon,WR,WR,"https://static.www.nfl.com/image/private/f_auto,q_auto/league/xwjogot7xrfj9qwhsgtn",3,IND,0,0,0,0,0,0,0,0,0,0,0,0,,0,,,0,0,0,0,0,0,,0,21,32,251,2,0,0,338,89,13,7.51469820854918,0,0.742603550295858,0.25,0.302325581395349,0.586627906976744,0,37.1,58.1
2009,POST,00-0026716,,Quan Cosby,WR,WR,,1,CIN,0,0,0,0,0,0,0,0,0,0,0,0,,0,,,0,0,0,0,0,0,,0,3,4,26,0,0,0,27,14,2,2.76590858501731,0,0.962962962962963,0.111111111111111,0.0940766550522648,0.232520325203252,0,2.6,5.6
2009,POST,00-0026780,,Kevin Ogletree,WR,WR,,1,DAL,0,0,0,0,0,0,0,0,0,0,0,0,,0,,,0,0,0,0,0,0,,0,1,1,5,0,0,0,5,0,1,0.255878219704599,0,1.0,0.0285714285714286,0.0290697674418605,0.0632059800664452,0,0.5,1.5
2009,POST,00-0026898,M.Sanchez,Mark Sanchez,QB,QB,"https://static.www.nfl.com/image/private/f_auto,q_auto/league/e12qugcuc1cpgkf0crfn",3,NYJ,41,68,539,4,2,1,7,0,0,655,225,26,14.7781695366954,0,0.822900763358779,0.13472019668659,6,-2,0,0,0,0,-3.4808827310917,0,0,0,0,0,0,0,0,0,0,,0,,,,,0,33.36,33.36
2009,POST,00-0026899,,Shonn Greene,RB,RB,,3,NYJ,0,0,0,0,0,0,0,0,0,0,0,0,,0,,,54,304,2,0,0,13,7.75500823254697,0,1,1,4,0,0,0,3,1,0,-0.065486914885696,0,1.33333333333333,0.0454545454545455,0.0136363636363636,0.0777272727272727,0,42.8,43.8
2009,POST,00-0026956,,LaRod Stephens-Howling,RB,RB,,2,ARI,0,0,0,0,0,0,0,0,0,0,0,0,,0,,,3,22,0,0,0,1,1.50013589143055,0,3,4,19,0,0,0,25,11,2,1.17674449385959,0,0.76,0.121212121212121,0.0899280575539568,0.244767822105952,0,4.1,7.1
2009,POST,00-0026995,J.Maclin,Jeremy Maclin,WR,WR,"https://static.www.nfl.com/image/private/f_auto,q_auto/league/tvlsuugnbn0idb0tbtgw",1,PHI,0,0,0,0,0,0,0,0,0,0,0,0,,0,,,0,0,0,0,0,0,,0,7,12,146,1,0,0,115,66,5,5.43566585640656,0,1.2695652173913,0.315789473684211,0.28894472361809,0.675945517058979,0,20.6,27.6
2009,POST,00-0026998,,Percy Harvin,WR,WR,"https://static.www.nfl.com/image/private/f_auto,q_auto/league/ly7xvqfvoehf5jqrzzcq",2,MIN,0,0,0,0,0,0,0,0,0,0,0,0,,0,,,7,38,0,1,1,4,-2.90124398574699,0,6,12,39,0,0,0,91,36,1,-3.46186888249512,0,0.428571428571429,0.171428571428571,0.15016501650165,0.362258368694012,0,5.7,11.7
2009,POST,00-0027003,,Donald Brown,RB,RB,,3,IND,0,0,0,0,0,0,0,0,0,0,0,0,,0,,,16,46,0,0,0,3,-3.91066577169113,0,3,4,26,0,0,0,9,21,1,0.816216954728589,0,2.88888888888889,0.0449438202247191,0.0124826629680999,0.0761535944147486,0,7.2,10.2
2009,POST,00-0027007,,Beanie Wells,RB,RB,,2,ARI,0,0,0,0,0,0,0,0,0,0,0,0,,0,,,19,98,1,0,0,5,0.89223061921075,0,0,0,0,0,0,0,0,0,0,,0,,,,,0,15.8,15.8
2009,POST,00-0027029,L.McCoy,LeSean McCoy,RB,RB,"https://static.www.nfl.com/image/private/f_auto,q_auto/league/cpc1a2dgivdyevuncz7p",1,PHI,0,0,0,0,0,0,0,0,0,0,0,0,,0,,,5,24,0,0,0,0,-0.213027314981446,0,1,2,9,0,0,0,-2,11,0,-0.0726831381907687,0,-4.5,0.0526315789473684,-0.0050251256281407,0.0754297804813541,0,3.3,4.3
2009,POST,00-0027092,,Austin Collie,WR,WR,,3,IND,0,0,0,0,0,0,0,0,0,0,0,0,,0,,,0,0,0,0,0,0,,0,17,26,241,2,0,0,337,50,12,14.617218185789,0,0.71513353115727,0.203125,0.301431127012522,0.515689288908766,0,36.1,53.1
2009,POST,00-0027139,J.Phillips,John Phillips,TE,TE,"https://static.www.nfl.com/image/private/f_auto,q_auto/league/i1t7zl2f5t0wwj72yxj7",1,DAL,0,0,0,0,0,0,0,0,0,0,0,0,,0,,,0,0,0,0,0,0,,0,1,1,1,1,0,0,1,0,1,0.579013738577487,0,1.0,0.0285714285714286,0.005813953488372,0.0469269102990033,0,6.1,7.1
2009,POST,00-0027150,J.Edelman,Julian Edelman,WR,WR,"https://static.www.nfl.com/image/private/f_auto,q_auto/league/u0hbuo2bsvtlg7lnxm43",1,NE,0,0,0,0,0,0,0,0,0,0,0,0,,0,,,0,0,0,0,0,0,,0,6,8,44,2,0,0,56,16,4,6.06559510726947,0,0.785714285714286,0.19047619047619,0.198581560283688,0.424721377912867,0,16.4,22.4
2009,REG+POST,00-0000741,,Ronde Barber,FS,DB,,1,TB,0,0,0,0,0,0,0,0,0,0,0,0,,0,,,0,0,0,0,0,0,,0,0,0,0,0,0,0,0,0,0,,0,,,,,1,6.0,6.0
2009,REG+POST,00-0000865,,Charlie Batch,QB,QB,,1,PIT,1,2,17,0,0,0,0,0,0,18,2,1,1.44984865514562,0,0.944444444444444,,0,0,0,0,0,0,,0,0,0,0,0,0,0,0,0,0,,0,,,,,0,0.68,0.68
2009,REG+POST,00-0001477,,Marty Booker,WR,WR,,12,ATL,0,0,0,0,0,0,0,0,0,0,0,0,,0,,,1,7,0,0,0,0,0.297666821512394,0,16,32,181,1,0,0,291,55,9,-13.2015431760063,0,0.621993127147766,0.0788177339901478,0.0869955156950673,0.179123461971769,0,24.8,40.8
2009,REG+POST,00-0002099,,Isaac Bruce,WR,WR,,9,SF,0,0,0,0,0,0,0,0,0,0,0,0,,0,,,1,-8,0,0,0,0,-1.56239057797939,0,21,49,264,0,0,0,520,64,13,-3.46260723816378,0,0.507692307692308,0.173144876325088,0.244475787494123,0.430850365733519,0,25.6,46.6
2009,REG+POST,00-0002110,,Mark Brunell,QB,QB,,4,NO,15,30,102,0,1,1,9,0,0,61,97,5,-13.6851961328205,0,1.67213114754098,-0.0235062321974659,3,-3,0,0,0,0,0.0,0,0,0,0,0,0,0,0,0,0,,0,,,,,0,1.78,1.78
2009,REG+POST,00-0003035,,Desmond Clark,TE,TE,,10,CHI,0,0,0,0,0,0,0,0,0,0,0,0,,0,,,0,0,0,0,0,0,,0,19,34,145,2,0,0,186,46,7,-6.97010689650779,0,0.779569892473118,0.0904255319148936,0.0551111111111111,0.174216075650118,0,26.5,45.5
2009,REG+POST,00-0003292,,Kerry Collins,QB,QB,,7,TEN,119,216,1225,6,8,5,37,0,0,1742,558,63,-16.9155598587818,0,0.703214695752009,0.0004308616947801,12,15,1,3,2,2,-5.8477494676481,0,0,0,0,0,0,0,0,0,0,,0,,,,,0,60.5,60.5
2009,REG+POST,00-0003315,,Todd Collins,QB,QB,,3,WAS,12,23,144,0,0,2,11,1,0,168,63,4,-5.34831566812869,0,0.857142857142857,0.0093178779072032,1,0,0,1,0,0,-1.17004767397884,0,0,0,0,0,0,0,0,0,0,,0,,,,,0,5.76,5.76
2009,REG+POST,00-0003739,,Daunte Culpepper,QB,QB,,8,DET,89,157,945,3,6,14,107,2,0,1307,381,45,-23.3728437682779,0,0.723029839326702,0.0011807989506163,18,91,0,2,0,5,-4.83939511974639,0,0,0,0,0,0,0,0,0,0,,0,,,,,0,46.9,46.9
2009,REG+POST,00-0004091,P.Dawson,Phil Dawson,K,SPEC,"https://static.www.nfl.com/image/private/f_auto,q_auto/league/dypn7kf7fsaz30ey0ayc",1,CLE,1,1,10,0,0,0,0,0,0,2,8,1,0.255512065689216,0,5.0,,0,0,0,0,0,0,,0,0,0,0,0,0,0,0,0,0,,0,,,,,0,0.4,0.4
2009,REG+POST,00-0004161,,Jake Delhomme,QB,QB,,11,CAR,178,321,2015,8,18,23,187,4,3,2925,838,100,-58.2487059820396,1,0.688888888888889,-0.0014141014840792,17,60,0,2,0,5,-0.123419029812794,0,0,0,0,0,0,0,0,0,0,,0,,,,,0,78.6,78.6
2009,REG+POST,00-0004541,,Donald Driver,WR,WR,,17,GB,0,0,0,0,0,0,0,0,0,0,0,0,,0,,,1,13,0,0,0,1,0.869188204116654,0,74,118,1104,6,3,2,1509,393,52,28.9072804191295,0,0.731610337972167,0.2,0.274363636363636,0.492054545454546,0,143.7,217.7
2009,REG+POST,00-0004915,,Bobby Engram,WR,WR,,3,KC,0,0,0,0,0,0,0,0,0,0,0,0,,0,,,0,0,0,0,0,0,,0,5,10,61,0,0,0,98,17,4,3.60277888009455,0,0.622448979591837,0.105263157894737,0.153364632237872,0.265249979408615,0,6.1,11.1
2009,REG+POST,00-0005091,,Kevin Faulk,RB,RB,,16,NE,0,0,0,0,0,0,0,0,0,0,0,0,,0,,,76,387,2,0,0,20,3.08057069743651,0,43,61,338,1,0,0,87,306,14,0.680198039365712,0,3.88505747126437,0.107583774250441,0.0195769576957696,0.1750795317627,0,90.5,133.5
2009,REG+POST,00-0005106,,Brett Favre,QB,QB,,18,MIN,407,602,4746,38,9,37,267,2,2,4835,2210,239,156.837340209472,0,0.981592554291624,0.172423766467588,10,7,0,1,1,1,-14.8089968396816,0,1,1,-2,0,0,0,0,-2,0,-1.24013056536205,0,0.0,0.037037037037037,,,0,318.34,319.34
2009,REG+POST,00-0005113,,Jeff Feagles,P,SPEC,,1,NYG,0,0,0,0,0,0,0,0,0,0,0,0,,0,,,1,-8,0,1,1,0,-3.99978277971968,0,0,0,0,0,0,0,0,0,0,,0,,,,,0,-2.8,-2.8
2009,REG+POST,00-0005231,,Brian Finneran,WR,WR,,8,ATL,0,0,0,0,0,0,0,0,0,0,0,0,,0,,,0,0,0,0,0,0,,0,11,16,111,0,0,0,90,48,7,3.82334645218586,0,1.23333333333333,0.0645161290322581,0.0556586270871985,0.135735232509426,0,11.1,22.1
2009,REG+POST,00-0005720,,Joey Galloway,WR,WR,,3,NE,0,0,0,0,0,0,0,0,0,0,0,0,,0,,,0,0,0,0,0,0,,0,7,19,67,0,0,0,204,29,3,-5.79699154765718,0,0.32843137254902,0.133802816901408,0.180212014134276,0.326852635246106,0,6.7,13.7
2009,REG+POST,00-0005755,,Jeff Garcia,QB,QB,,1,PHI,0,0,0,0,0,0,0,0,0,0,0,0,,0,,,3,-2,0,1,1,0,-7.05617835454177,0,0,0,0,0,0,0,0,0,0,,0,,,,,0,-2.2,-2.2
2009,REG+POST,00-0006101,,Tony Gonzalez,TE,TE,,16,ATL,0,0,0,0,0,0,0,0,0,0,0,0,,0,,,0,0,0,0,0,0,,0,83,135,867,6,0,0,1082,240,54,40.4310524008369,0,0.801293900184843,0.246350364963504,0.232588134135856,0.532337241340354,0,122.7,205.7
2009,REG+POST,00-0006305,,Ahman Green,RB,RB,,8,GB,0,0,0,0,0,0,0,0,0,0,0,0,,0,,,44,165,1,0,0,9,-0.753868365020026,0,3,5,18,0,0,0,-7,23,2,-0.914969487581402,0,-2.57142857142857,0.0450450450450451,-0.0067049808429118,0.0628740809775293,0,24.3,27.3
2009,REG+POST,00-0007091,,Matt Hasselbeck,QB,QB,"https://static.www.nfl.com/image/private/f_auto,q_auto/league/t1nf9avoy2kauqwrvzza",14,SEA,293,488,3029,17,17,32,209,6,2,3351,1713,146,-54.1988307512759,0,0.903909280811698,0.0170392455659281,26,119,0,4,1,5,-7.79969192450517,0,0,0,0,0,0,0,0,0,0,,0,,,,,0,161.06,161.06
2009,REG+POST,00-0007213,,Steve Heiden,TE,TE,"https://static.www.nfl.com/image/private/f_auto,q_auto/league/gbtrxatwcauhazpjejcr",6,CLE,0,0,0,0,0,0,0,0,0,0,0,0,,0,,,0,0,0,0,0,0,,0,10,17,73,1,1,1,75,22,3,-10.084426696616,0,0.973333333333333,0.0955056179775281,0.050709939148073,0.178755384369943,0,11.3,21.3
2009,REG+POST,00-0007681,,Torry Holt,WR,WR,,15,JAX,0,0,0,0,0,0,0,0,0,0,0,0,,0,,,0,0,0,0,0,0,,0,51,103,722,0,1,1,1275,141,35,9.77845495159795,0,0.566274509803922,0.215481171548117,0.311507451746885,0.541276973544995,0,70.2,121.2
2009,REG+POST,00-0008241,,Edgerrin James,RB,RB,,7,SEA,0,0,0,0,0,0,0,0,0,0,0,0,,0,,,46,125,0,1,0,6,-3.59058575856034,0,3,3,19,0,0,0,-1,20,1,0.184042984386906,0,-19.0,0.0265486725663717,-0.0012360939431396,0.0389577430893597,0,14.4,17.4
2009,REG+POST,00-0008484,,Dirk Johnson,P,SPEC,,1,TB,0,1,0,0,0,0,0,0,0,9,0,0,-1.89458916545846,0,0.0,,0,0,0,0,0,0,,0,0,0,0,0,0,0,0,0,0,,0,,,,,0,0.0,0.0
2009,REG+POST,00-0009323,,Jimmy Kleinsasser,TE,TE,,11,MIN,0,0,0,0,0,0,0,0,0,0,0,0,,0,,,0,0,0,0,0,0,,0,12,18,96,0,0,0,113,46,5,-0.42635164604498,0,0.849557522123894,0.0481283422459893,0.0479422995333051,0.105752123042297,0,9.6,21.6
2009,REG+POST,00-0010346,,Peyton Manning,QB,QB,"https://static.www.nfl.com/image/private/f_auto,q_auto/league/xpcd6auodk3w0vda6jal",19,IND,480,699,5456,39,18,14,104,1,0,6016,2327,288,207.316452052399,0,0.906914893617021,0.196229488035834,22,-15,0,1,0,0,-14.279212739175,0,0,0,0,0,0,0,0,0,0,,0,,,,,0,336.74,336.74
2009,REG+POST,00-0010500,,Derrick Mason,WR,WR,,18,BAL,0,0,0,0,0,0,0,0,0,0,0,0,,0,,,1,2,0,0,0,0,-0.361153347417712,0,78,144,1100,7,0,0,1989,274,59,37.1068071194873,0,0.553041729512318,0.261343012704174,0.420685279187817,0.686494214487733,0,152.2,230.2
2009,REG+POST,00-0010609,,Brad Maynard,P,SPEC,,1,CHI,1,1,0,0,0,0,0,0,0,-3,3,0,-2.89475136809051,0,0.0,,0,0,0,0,0,0,,0,0,0,0,0,0,0,0,0,0,,0,,,,,0,0.0,0.0
2009,REG+POST,00-0011022,,Donovan McNabb,QB,QB,,15,PHI,286,480,3783,23,11,40,287,8,3,4210,1755,160,31.0733734702552,2,0.898574821852732,0.0758118786822796,38,154,2,3,1,12,1.92370334830968,0,1,1,1,0,0,0,-13,14,0,-0.520478601567447,0,0.0,0.0476190476190476,-0.0860927152317881,0.0111636707663198,0,244.82,245.82
2009,REG+POST,00-0011626,,Brian Moorman,P,SPEC,,1,BUF,1,1,25,1,0,0,0,0,0,19,6,1,4.79952960507944,0,1.31578947368421,,0,0,0,0,0,0,,0,0,0,0,0,0,0,0,0,0,,0,,,,,0,5.0,5.0
2009,REG+POST,00-0011641,,Sean Morey,WR,WR,,1,ARI,0,0,0,0,0,0,0,0,0,0,0,0,,0,,,0,0,0,0,0,0,,0,0,1,0,0,0,0,-2,0,0,-0.819592475459261,0,0.0,0.0232558139534884,-0.0072727272727272,0.0297928118393235,0,0.0,0.0
2009,REG+POST,00-0011754,,Randy Moss,WR,WR,,17,NE,0,0,0,0,0,0,0,0,0,0,0,0,,0,,,0,0,0,0,0,0,,0,88,145,1312,13,2,1,1988,417,65,46.7810921707484,1,0.659959758551308,0.229793977812995,0.394757744241462,0.621021387688516,0,209.2,297.2
2009,REG+POST,00-0011795,,Muhsin Muhammad,WR,WR,,14,CAR,0,0,0,0,0,0,0,0,0,0,0,0,,0,,,0,0,0,0,0,0,,0,53,89,581,1,0,0,951,173,31,1.98406465807698,0,0.610935856992639,0.216019417475728,0.253870795515216,0.501738683074244,0,64.1,117.1
2009,REG+POST,00-0012023,,Jamar Nesbit,G,OL,,1,NO,0,0,0,0,0,0,0,0,0,0,0,0,,0,,,0,0,0,0,0,0,,0,0,1,0,0,0,0,1,0,0,-3.22785146534443,0,0.0,0.03125,0.0040650406504065,0.0497205284552846,0,0.0,0.0
2009,REG+POST,00-0012478,,Terrell Owens,WR,WR,,16,BUF,0,0,0,0,0,0,0,0,0,0,0,0,,0,,,6,54,1,0,0,2,2.40568167017773,0,55,109,829,5,0,0,1606,309,33,-0.25036247693845,0,0.516189290161893,0.250574712643678,0.454442558007923,0.693971859571063,0,124.3,179.3
2009,REG+POST,00-0013694,,Tony Richardson,FB,RB,,11,NYJ,0,0,0,0,0,0,0,0,0,0,0,0,,0,,,8,50,0,0,0,3,0.867023823491763,0,6,10,24,0,0,0,14,27,0,-6.24169153046151,0,1.71428571428571,0.0571428571428571,0.0109717868338558,0.0933945364979848,0,7.4,13.4
2009,REG+POST,00-0014655,,Mike Sellers,TE,TE,,14,WAS,0,0,0,0,0,0,0,0,0,0,0,0,,0,,,0,0,0,0,0,0,,0,17,26,176,2,1,1,116,86,8,-0.528332361194771,0,1.51724137931034,0.0552016985138004,0.0362953692115144,0.108209306218761,0,27.6,44.6
2009,REG+POST,00-0015194,,Hunter Smith,P,SPEC,,3,WAS,1,2,35,1,1,0,0,0,0,43,6,1,3.56287403366878,0,0.813953488372093,,1,8,1,0,0,1,4.36924961738987,0,0,0,0,0,0,0,0,0,0,,0,,,,,0,10.2,10.2
2009,REG+POST,00-0015601,,Aaron Stecker,RB,RB,,3,ATL,0,0,0,0,0,0,0,0,0,0,0,0,,0,,,5,15,0,0,0,0,-2.68423330725636,0,5,5,34,0,0,0,-4,38,1,-0.450531765818596,0,-8.5,0.0862068965517242,-0.0074349442379182,0.124105883861043,0,4.9,9.9
2009,REG+POST,00-0015754,,Brandon Stokley,WR,WR,,11,DEN,0,0,0,0,0,0,0,0,0,0,0,0,,0,,,0,0,0,0,0,0,,0,19,33,327,4,0,0,233,208,15,11.7497736900546,0,1.40343347639485,0.0806845965770171,0.085036496350365,0.180552442310781,0,56.7,75.7
2009,REG+POST,00-0016098,,Fred Taylor,RB,RB,,7,NE,0,0,0,0,0,0,0,0,0,0,0,0,,0,,,65,270,4,1,1,14,-4.34465532697504,0,2,3,17,0,0,0,-6,19,1,0.363108072895557,0,-2.83333333333333,0.03,-0.0065217391304347,0.0404347826086957,0,50.7,52.7
2009,REG+POST,00-0016960,,Mike Vrabel,OLB,LB,,1,KC,0,0,0,0,0,0,0,0,0,0,0,0,,0,,,0,0,0,0,0,0,,0,1,1,1,1,0,0,1,0,1,1.43376059859293,0,1.0,0.024390243902439,0.0038461538461538,0.0392776735459662,0,6.1,7.1
2009,REG+POST,00-0017162,,Hines Ward,WR,WR,,16,PIT,0,0,0,0,0,0,0,0,0,0,0,0,,0,,,0,0,0,0,0,0,,0,95,137,1167,6,2,1,1252,387,56,27.7977849599766,0,0.932108626198083,0.256554307116105,0.258570838496489,0.5658310476217,0,150.7,245.7
2009,REG+POST,00-0017200,,Kurt Warner,QB,QB,,17,ARI,386,573,4342,32,15,26,184,11,5,4352,1866,221,76.9047461011457,0,0.997702205882353,0.128376091997962,22,10,0,2,1,1,-8.27341174695175,0,0,0,0,0,0,0,0,0,0,,0,,,,,0,260.68,260.68
2009,REG+POST,00-0017915,,Ricky Williams,RB,RB,,16,MIA,0,1,0,0,1,0,0,0,0,3,0,0,-6.74707586789737,0,0.0,,241,1121,11,4,2,55,6.93729435672045,1,35,53,264,2,1,0,86,246,9,-6.5804016096276,0,3.06976744186047,0.0990654205607477,0.0197792088316467,0.162443577023274,0,212.5,247.5
2009,REG+POST,00-0018958,,Laveranues Coles,WR,WR,,16,CIN,0,0,0,0,0,0,0,0,0,0,0,0,,0,,,2,10,0,0,0,1,0.91688978561433,0,49,87,562,6,1,1,691,217,31,14.0882449335178,0,0.813314037626628,0.182773109243697,0.17275,0.395084663865546,0,91.2,140.2
2009,REG+POST,00-0019041,,Billy Volek,QB,QB,,4,LAC,20,31,231,1,1,1,1,0,0,174,163,13,5.19196510978362,0,1.32758620689655,0.0678287337006612,9,-9,0,0,0,0,-8.5496999535244,0,0,0,0,0,0,0,0,0,0,,0,,,,,0,10.34,10.34
2009,REG+POST,00-0019100,,Brad Hoover,FB,RB,,7,CAR,0,0,0,0,0,0,0,0,0,0,0,0,,0,,,20,52,1,1,0,6,-4.41559054149548,0,4,9,23,1,0,0,8,18,3,-2.52273113120287,0,2.875,0.050561797752809,0.0060195635816403,0.0800563911363617,0,19.5,23.5
2009,REG+POST,00-0019127,,Todd Yoder,TE,TE,,5,WAS,0,0,0,0,0,0,0,0,0,0,0,0,,0,,,0,0,0,0,0,0,,0,4,5,9,3,0,0,17,1,3,4.3665857022861,0,0.529411764705882,0.0284090909090909,0.0181043663471779,0.0552866928066609,0,18.9,22.9
2009,REG+POST,00-0019135,,Dan Kreider,FB,RB,,6,ARI,0,0,0,0,0,0,0,0,0,0,0,0,,0,,,0,0,0,0,0,0,,0,4,6,20,0,0,0,8,17,0,-0.842162609449588,0,2.5,0.0257510729613734,0.0065040650406504,0.0431794549705154,0,2.0,6.0
2009,REG+POST,00-0019281,,Mike Furrey,WR,WR,,10,CLE,0,0,0,0,0,0,0,0,0,0,0,0,,0,,,0,0,0,0,0,0,,0,23,39,170,0,0,0,193,70,12,-9.09346355536847,0,0.880829015544041,0.129139072847682,0.0992287917737789,0.263168763513168,0,17.0,40.0
2009,REG+POST,00-0019457,,Anthony Becht,TE,TE,,11,ARI,0,0,0,0,0,0,0,0,0,0,0,0,,0,,,0,0,0,0,0,0,,0,8,13,69,1,1,1,64,25,4,-1.5424976888462,0,1.078125,0.0311750599520384,0.0212695247590562,0.0616512572593969,0,10.9,18.9
2009,REG+POST,00-0019484,,Sammy Morris,RB,RB,,13,NE,0,0,0,0,0,0,0,0,0,0,0,0,,0,,,74,328,2,2,1,19,-9.7030728632235,0,22,33,195,0,0,0,47,194,11,-3.46004531066865,0,4.14893617021277,0.0688935281837161,0.0126958400864398,0.112227380336082,0,62.3,84.3
2009,REG+POST,00-0019502,,Mark Tauscher,T,OL,,1,GB,0,0,0,0,0,0,0,0,0,0,0,0,,0,,,0,0,0,0,0,0,,0,1,1,-3,0,0,0,-4,1,0,-1.69818071741228,0,0.0,0.025,-0.0116279069767442,0.0293604651162791,0,-0.3,0.7
2009,REG+POST,00-0019559,,Chad Pennington,QB,QB,,3,MIA,51,74,413,1,2,6,32,2,1,554,148,27,-0.466861444916885,0,0.745487364620939,0.0869376668015238,3,7,0,1,0,2,-4.93873821900343,0,0,0,0,0,0,0,0,0,0,,0,,,,,0,15.22,15.22
2009,REG+POST,00-0019587,,Terrelle Smith,FB,RB,,2,DET,0,0,0,0,0,0,0,0,0,0,0,0,,0,,,0,0,0,0,0,0,,0,2,4,7,0,0,0,2,3,0,-1.47514943615533,0,3.5,0.0540540540540541,0.0031948881789137,0.0833175028063207,0,0.7,2.7
2009,REG+POST,00-0019596,T.Brady,Tom Brady,QB,QB,"https://static.www.nfl.com/image/private/f_auto,q_auto/league/q7dpdlxyu5rs05rgh1le",17,NE,394,607,4552,30,16,19,108,5,3,4993,2283,223,108.467875956959,1,0.91167634688564,0.138501808286797,29,44,1,0,0,8,0.569925059971865,0,0,0,0,0,0,0,0,0,0,,0,,,,,0,276.48,276.48
2009,REG+POST,00-0019599,,Marc Bulger,QB,QB,,9,LA,140,247,1469,5,6,14,85,4,1,1904,690,78,-38.4970522225177,0,0.771533613445378,-0.0063558147157711,8,22,0,2,0,1,-8.2934252039995,0,0,0,0,0,0,0,0,0,0,,0,,,,,0,66.96,66.96
2009,REG+POST,00-0019641,,Thomas Jones,RB,RB,,19,NYJ,0,0,0,0,0,0,0,0,0,0,0,0,,0,,,377,1519,15,2,0,68,-12.8599960476457,0,12,21,86,0,0,0,-21,100,6,-4.77373525058477,0,-4.0952380952381,0.0684039087947883,-0.007,0.0977058631921824,0,250.5,262.5
2009,REG+POST,00-0019650,,Dennis Northcutt,WR,WR,,14,DET,0,0,0,0,0,0,0,0,0,0,0,0,,0,,,0,0,0,0,0,0,,0,34,62,348,1,0,0,557,119,18,-7.61953090078437,0,0.624775583482944,0.124497991967871,0.136219124480313,0.282100375088026,0,40.8,74.8
2009,REG+POST,00-0019693,,Jamal Lewis,RB,RB,,9,CLE,0,0,0,0,0,0,0,0,0,0,0,0,,0,,,143,500,0,0,0,18,-22.9667544454764,1,8,11,88,0,0,0,7,81,5,4.70301063364605,0,12.5714285714286,0.0709677419354839,0.0051395007342143,0.110049263417176,0,60.8,68.8
2009,REG+POST,00-0019709,,Chris Redman,QB,QB,,5,ATL,69,119,781,4,3,8,34,1,0,986,348,40,0.716510283100458,0,0.792089249492901,0.0548506586524031,6,4,0,0,0,1,-2.24832974438323,0,0,0,0,0,0,0,0,0,0,,0,,,,,0,41.64,41.64
2009,REG+POST,00-0020245,,Mike Vick,QB,QB,"https://static.www.nfl.com/image/private/f_auto,q_auto/league/hrg4riwhpjbijfovsjrk",13,PHI,7,15,162,2,0,0,0,0,0,181,64,4,9.2160496438737,0,0.895027624309392,0.129075216206888,25,95,2,1,1,7,-1.91612961236388,0,0,0,0,0,0,0,0,0,0,,0,,,,,0,33.98,33.98
2009,REG+POST,00-0020268,,Tony Stewart,TE,TE,,9,LV,0,0,0,0,0,0,0,0,0,0,0,0,,0,,,0,0,0,0,0,0,,0,10,14,78,0,0,0,63,44,4,3.12776686059078,0,1.23809523809524,0.05,0.0230600292825769,0.0911420204978038,0,7.8,17.8
2009,REG+POST,00-0020270,,Correll Buckhalter,RB,RB,,14,DEN,0,0,0,0,0,0,0,0,0,0,0,0,,0,,,120,642,1,3,2,29,-0.0337913470969742,0,31,38,240,0,0,0,-2,247,8,-2.82540932931333,0,-120.0,0.0881670533642691,-0.0007024938531787,0.131758834349179,0,90.2,121.2
2009,REG+POST,00-0020285,,Alge Crumpler,TE,TE,,14,TEN,0,0,0,0,0,0,0,0,0,0,0,0,,0,,,0,0,0,0,0,0,,0,27,37,222,1,1,1,171,97,9,-6.57869539849178,0,1.29824561403509,0.0876777251184834,0.0458937198067633,0.163642191542459,0,26.2,53.2
2009,REG+POST,00-0020337,,Steve Smith,WR,WR,"https://static.www.nfl.com/image/private/f_auto,q_auto/league/k23e0b8cto93he9rt0zc",15,CAR,0,0,0,0,0,0,0,0,0,0,0,0,,0,,,5,22,0,0,0,2,0.456976859248243,0,65,128,982,7,1,0,1587,355,42,1.93218802411558,1,0.61877756773787,0.295612009237875,0.399848828420257,0.723312193750993,0,144.4,209.4
2009,REG+POST,00-0020342,,Brandon Manumaleuna,TE,TE,,6,LAC,0,0,0,0,0,0,0,0,0,0,0,0,,0,,,0,0,0,0,0,0,,0,5,7,13,0,0,0,1,27,1,-8.29428063187515,0,13.0,0.0343137254901961,0.0007012622720897,0.051961471825757,0,1.3,6.3
2009,REG+POST,00-0020397,,Chad Johnson,WR,WR,,17,CIN,0,0,0,0,0,0,0,0,0,0,0,0,,0,,,3,32,0,0,0,1,1.42755243566353,0,74,134,1075,9,2,2,1754,258,56,28.7351300664353,0,0.612884834663626,0.266401590457257,0.42676399026764,0.698337178873233,0,160.7,234.7
2009,REG+POST,00-0020438,,T.J. Houshmandzadeh,WR,WR,,16,SEA,0,0,0,0,0,0,0,0,0,0,0,0,,0,,,0,0,0,0,0,0,,0,79,135,911,3,2,1,1320,289,52,13.5222121431786,0,0.690151515151515,0.223509933774834,0.308771929824561,0.551405251539445,0,107.1,186.1
2009,REG+POST,00-0020446,,Chris Chambers,WR,WR,,16,KC,0,0,0,0,0,0,0,0,0,0,0,0,,0,,,0,0,0,0,0,0,,0,45,92,730,5,0,0,1332,187,32,10.2144080646867,0,0.548048048048048,0.167577413479053,0.258992805755396,0.432661084247356,0,103.0,148.0
2009,REG+POST,00-0020462,,LaMont Jordan,RB,RB,,6,DEN,0,0,0,0,0,0,0,0,0,0,0,0,,0,,,25,86,0,0,0,4,-8.91240836062934,0,0,4,0,0,0,0,27,0,0,-2.3527038412285,0,0.0,0.0563380281690141,0.0515267175572519,0.120575744543597,0,8.6,8.6
2009,REG+POST,00-0020494,,Santana Moss,WR,WR,,16,WAS,0,0,0,0,0,0,0,0,0,0,0,0,,0,,,2,8,0,0,0,0,-0.0424595564836636,0,70,120,902,3,2,1,1110,356,40,-2.58207091399365,0,0.812612612612613,0.229007633587786,0.31786941580756,0.566020041446972,0,107.0,177.0
2009,REG+POST,00-0020495,,Nate Clements,SS,DB,,1,SF,0,0,0,0,0,0,0,0,0,0,0,0,,0,,,0,0,0,0,0,0,,0,0,0,0,0,0,0,0,0,0,,0,,,,,1,6.0,6.0
2009,REG+POST,00-0020498,,Reggie Wayne,WR,WR,,19,IND,0,1,0,0,1,0,0,0,0,16,0,0,-3.99852948123589,0,0.0,,0,0,0,0,0,0,,0,116,176,1428,11,1,0,1832,478,83,44.334125233536,0,0.779475982532751,0.241426611796982,0.28854937785478,0.56412448219382,0,206.8,322.8
2009,REG+POST,00-0020507,,Heath Evans,FB,RB,,6,NO,0,0,0,0,0,0,0,0,0,0,0,0,,0,,,5,16,1,0,0,1,0.430552157107741,0,10,13,70,2,0,0,-13,82,5,7.63510162377497,0,-5.38461538461539,0.0659898477157361,-0.0070308274743104,0.0940631923415868,0,26.6,36.6
2009,REG+POST,00-0020508,,Moran Norris,RB,RB,,11,SF,0,0,0,0,0,0,0,0,0,0,0,0,,0,,,14,41,1,0,0,6,-1.66357406376724,0,7,11,31,0,0,0,16,21,1,-2.10479089780711,0,1.9375,0.0443548387096774,0.0128102481985588,0.0754994318035073,0,13.2,20.2
2009,REG+POST,00-0020514,,Michael Bennett,RB,RB,,3,LAC,0,0,0,0,0,0,0,0,0,0,0,0,,0,,,23,65,0,0,0,2,-4.60812856571283,0,6,7,65,0,0,0,-32,92,2,2.49037873622729,0,-2.03125,0.0583333333333333,-0.0281938325991189,0.0677643171806167,0,13.0,19.0
2009,REG+POST,00-0020516,,Todd Heap,TE,TE,,18,BAL,0,0,0,0,0,0,0,0,0,0,0,0,,0,,,1,2,0,1,0,0,-0.374703598674387,0,57,83,628,6,1,0,689,206,36,15.5648538833537,0,0.911465892597968,0.150635208711434,0.14572758037225,0.327962119327726,0,99.0,156.0
2009,REG+POST,00-0020531,D.Brees,Drew Brees,QB,QB,"https://static.www.nfl.com/image/private/f_auto,q_auto/league/i20xlpzdmn7xubotijjd",18,NO,435,616,5120,42,11,22,150,10,6,4959,2302,249,194.107840357374,1,1.03246622302884,0.205188353590378,27,29,2,2,0,8,5.1897115080501,0,1,1,-4,0,0,0,0,-4,0,-0.751253165770322,0,0.0,0.0227272727272727,,,0,355.3,356.3
2009,REG+POST,00-0020536,,LaDainian Tomlinson,RB,RB,,15,LAC,0,1,0,0,0,0,0,0,0,3,0,0,-0.99232980562374,0,0.0,,235,754,12,1,1,40,-29.1106518778277,0,23,34,154,0,1,1,12,191,7,-4.3416908014962,0,12.8333333333333,0.07981220657277,0.0033965468440418,0.122095892649984,0,158.8,181.8
2009,REG+POST,00-0020550,,Darnell Dinkins,TE,TE,,4,NO,0,0,0,0,0,0,0,0,0,0,0,0,,0,,,0,0,0,0,0,0,,0,5,7,22,1,0,0,21,21,2,-1.26480398146668,0,1.04761904761905,0.0578512396694215,0.0290055248618785,0.107080726907447,0,8.2,13.2
2009,REG+POST,00-0020608,,David Carr,QB,QB,,6,NYG,21,33,225,1,0,2,11,0,0,266,125,11,1.73367692941574,0,0.845864661654135,0.12039279326321,9,27,1,1,0,2,-1.50269309384748,0,0,0,0,0,0,0,0,0,0,,0,,,,,0,21.7,21.7
2009,REG+POST,00-0020653,,Kalvin Pearson,FS,DB,,1,DET,0,0,0,0,0,0,0,0,0,0,0,0,,0,,,1,1,0,1,0,0,-2.75922625302337,0,0,0,0,0,0,0,0,0,0,,0,,,,,0,0.1,0.1
2009,REG+POST,00-0020679,,Shaun Hill,QB,QB,"https://static.www.nfl.com/image/private/f_auto,q_auto/league/dn42ccbwrshm7uksyphy",6,SF,87,155,943,5,2,18,107,3,1,1083,499,39,-18.6316016195266,0,0.87072945521699,0.0049707002520284,8,70,0,0,0,4,2.8502524025389,0,0,0,0,0,0,0,0,0,0,,0,,,,,0,58.72,58.72
2009,REG+POST,00-0020804,,Corey McIntyre,FB,RB,,4,BUF,0,0,0,0,0,0,0,0,0,0,0,0,,0,,,5,34,0,0,0,1,-0.265193237457424,0,7,8,55,0,0,0,4,54,3,2.69257339579053,0,13.75,0.0952380952380952,0.0068493150684931,0.147651663405088,0,8.9,15.9
2009,REG+POST,00-0020805,,Jason McKie,RB,RB,,8,CHI,0,0,0,0,0,0,0,0,0,0,0,0,,0,,,0,0,0,0,0,0,,0,5,10,13,0,0,0,8,4,1,-8.26101078971988,0,1.625,0.036231884057971,0.0041797283176593,0.0572736359093181,0,1.3,6.3
2009,REG+POST,00-0021148,,Jeremy Shockey,TE,TE,,16,NO,0,0,0,0,0,0,0,0,0,0,0,0,,0,,,0,0,0,0,0,0,,0,55,76,627,5,0,0,712,141,33,31.1599261313596,0,0.88061797752809,0.143667296786389,0.163979732842008,0.33028675816899,0,92.7,147.7
2009,REG+POST,00-0021154,,Daniel Graham,TE,TE,,15,DEN,0,0,0,0,0,0,0,0,0,0,0,0,,0,,,0,0,0,0,0,0,,0,28,43,289,1,0,0,120,200,14,-0.724701646346899,0,2.40833333333333,0.0819047619047619,0.0332594235033259,0.146138739309471,0,34.9,62.9
2009,REG+POST,00-0021159,,Jerramy Stevens,TE,TE,,14,TB,0,0,0,0,0,0,0,0,0,0,0,0,,0,,,0,0,0,0,0,0,,0,15,32,130,1,0,0,244,32,6,1.57264410762582,0,0.532786885245902,0.0677966101694915,0.057957244655582,0.142264986513145,0,19.0,34.0
2009,REG+POST,00-0021163,,Jabar Gaffney,WR,WR,,16,DEN,0,0,0,0,0,0,0,0,0,0,0,0,,0,,,0,0,0,0,0,0,,0,54,87,732,2,0,0,843,263,36,25.8414398231613,0,0.868327402135231,0.157039711191336,0.213796601572407,0.385217187887688,0,85.2,139.2
2009,REG+POST,00-0021166,,Josh Reed,WR,WR,,13,BUF,0,0,0,0,0,0,0,0,0,0,0,0,,0,,,0,0,0,0,0,0,,0,27,45,291,1,0,0,369,94,18,-5.66719655929091,0,0.788617886178862,0.126404494382022,0.123535319718781,0.276081465376181,0,35.1,62.1
2009,REG+POST,00-0021174,,Tim Carter,WR,WR,,2,LA,0,0,0,0,0,0,0,0,0,0,0,0,,0,,,0,0,0,0,0,0,,0,1,5,6,0,0,0,45,1,0,-3.50130990322539,0,0.133333333333333,0.087719298245614,0.119363395225464,0.215133324026246,0,0.6,1.6
2009,REG+POST,00-0021175,,Andre Davis,WR,WR,,6,HOU,0,0,0,0,0,0,0,0,0,0,0,0,,0,,,0,0,0,0,0,0,,0,6,11,59,0,0,0,144,20,3,-0.304786180553492,0,0.409722222222222,0.0482456140350877,0.0802675585284281,0.128555712022531,0,5.9,11.9
2009,REG+POST,00-0021179,,Clinton Portis,RB,RB,,8,WAS,0,1,0,0,0,0,0,0,0,5,0,0,-1.41023449707289,0,0.0,,124,494,1,1,1,19,-23.8541678218753,0,9,12,57,1,0,0,-22,68,2,2.36003405958057,0,-2.59090909090909,0.0779220779220779,-0.019315188762072,0.103362484749667,0,65.1,74.1
2009,REG+POST,00-0021182,,Maurice Morris,RB,RB,,14,DET,0,0,0,0,0,0,0,0,0,0,0,0,,0,,,93,384,2,1,0,14,-13.5384013696681,0,26,38,210,0,0,0,9,205,7,-1.16512868144893,1,23.3333333333333,0.0853932584269663,0.0024350649350649,0.129794433094995,0,73.4,99.4
2009,REG+POST,00-0021184,,Ladell Betts,RB,RB,,10,WAS,0,0,0,0,0,0,0,0,0,0,0,0,,0,,,56,210,2,0,0,7,-5.00638355489638,0,17,20,179,0,0,0,-15,190,10,7.67187602317426,0,-11.9333333333333,0.0735294117647059,-0.0079829696647152,0.104706038881758,0,50.9,67.9
2009,REG+POST,00-0021187,,Jon McGraw,SS,DB,,2,KC,0,0,0,0,0,0,0,0,0,0,0,0,,0,,,1,4,0,0,0,1,2.63531214464456,0,0,0,0,0,0,0,0,0,0,,0,,,,,1,6.4,6.4
2009,REG+POST,00-0021189,,Ryan Denney,DE,DL,,1,BUF,0,0,0,0,0,0,0,0,0,0,0,0,,0,,,0,0,0,0,0,0,,0,1,1,25,1,0,0,19,6,1,4.79952960507944,0,1.31578947368421,0.0294117647058824,0.0833333333333333,0.102450980392157,0,8.5,9.5
2009,REG+POST,00-0021190,,Antwaan Randle El,RB,RB,,16,WAS,0,0,0,0,0,1,11,0,0,0,0,0,-1.69457741663791,0,,,0,0,0,0,0,0,,0,50,76,530,0,1,0,493,215,33,14.6406259103828,0,1.07505070993915,0.145038167938931,0.149167927382753,0.321974801076324,0,53.0,103.0
2009,REG+POST,00-0021191,,Antonio Bryant,WR,WR,,13,TB,0,0,0,0,0,0,0,0,0,0,0,0,,0,,,0,0,0,0,0,0,,0,39,86,600,4,0,0,1129,134,25,-22.3189979974904,0,0.531443755535872,0.209245742092457,0.317402305313466,0.536050226858113,0,84.0,123.0
2009,REG+POST,00-0021192,,Deion Branch,WR,WR,,14,SEA,0,0,0,0,0,0,0,0,0,0,0,0,,0,,,1,-8,0,0,0,0,-2.4627001308836,0,45,79,437,2,0,0,751,205,17,-11.0731147406104,0,0.581890812250333,0.149905123339658,0.202262321572852,0.366441310110484,0,54.9,99.9
2009,REG+POST,00-0021206,J.McCown,Josh McCown,QB,QB,"https://static.www.nfl.com/image/private/f_auto,q_auto/league/qcauc37wqjdaxdbq1evu",1,CAR,1,6,2,0,0,1,6,0,0,20,0,0,-7.00953750882763,0,0.1,-0.215904475671193,0,0,0,0,0,0,,0,0,0,0,0,0,0,0,0,0,,0,,,,,0,0.08,0.08
2009,REG+POST,00-0021213,,Chris Baker,TE,TE,,12,NE,0,0,0,0,0,0,0,0,0,0,0,0,,0,,,0,0,0,0,0,0,,0,15,20,144,2,0,0,131,30,6,7.75426607445115,0,1.09923664122137,0.0434782608695652,0.0385975250441956,0.0922356588352848,0,26.4,41.4
2009,REG+POST,00-0021216,,Brian Westbrook,RB,RB,,9,PHI,0,1,0,0,0,0,0,0,0,1,0,0,-0.998890498303808,0,0.0,,61,274,1,0,0,13,2.01477083063219,0,26,36,208,1,0,0,62,181,8,1.88276959198993,0,3.35483870967742,0.115755627009646,0.0217543859649123,0.188861510689908,0,60.2,86.2
2009,REG+POST,00-0021227,,Justin Peelle,TE,TE,,7,ATL,0,0,0,0,0,0,0,0,0,0,0,0,,0,,,0,0,0,0,0,0,,0,12,15,115,2,0,0,97,47,7,12.4232447575778,0,1.18556701030928,0.0574712643678161,0.041223969400765,0.11506367513226,0,23.5,35.5
2009,REG+POST,00-0021231,,David Garrard,QB,QB,,16,JAX,314,516,3597,15,10,42,231,9,5,4224,1521,170,-8.4618351080374,0,0.8515625,0.0726611125213872,77,323,3,5,3,31,3.93564889858443,1,0,0,0,0,0,0,0,0,0,,0,,,,,0,220.18,220.18
2009,REG+POST,00-0021236,,Randy McMichael,TE,TE,,16,LA,0,0,0,0,0,0,0,0,0,0,0,0,,0,,,0,0,0,0,0,0,,0,34,62,332,1,0,0,432,152,15,-8.76467738795195,0,0.768518518518519,0.115671641791045,0.114225277630883,0.253465157028185,0,39.2,73.2
2009,REG+POST,00-0021255,,John Owens,TE,TE,,5,SEA,0,0,0,0,0,0,0,0,0,0,0,0,,0,,,0,0,0,0,0,0,,0,3,6,16,0,0,0,30,10,1,-0.326275162165985,0,0.533333333333333,0.0294117647058824,0.0256849315068493,0.0620970991136181,0,1.6,4.6
2009,REG+POST,00-0021273,,Robert Royal,TE,TE,,10,CLE,0,0,0,0,0,0,0,0,0,0,0,0,,0,,,0,0,0,0,0,0,,0,11,26,134,1,0,0,224,43,8,-10.8543653713741,0,0.598214285714286,0.0909090909090909,0.115345005149331,0.217105139968168,0,19.4,30.4
2009,REG+POST,00-0021279,,Verron Haynes,FB,RB,,2,ATL,0,0,0,0,0,0,0,0,0,0,0,0,,0,,,0,0,0,0,0,0,,0,3,4,20,0,0,0,-4,24,1,1.83588733033019,0,-5.0,0.0597014925373134,-0.0093240093240093,0.0830254322791636,0,2.0,5.0
2009,REG+POST,00-0021296,,J.T. O'Sullivan,QB,QB,,3,CIN,4,11,40,0,0,3,31,2,2,44,15,1,-19.4276616108837,0,0.909090909090909,-0.1324989589677,3,12,0,0,0,2,0.974677398335189,0,0,0,0,0,0,0,0,0,0,,0,,,,,0,-1.2,-1.2
2009,REG+POST,00-0021304,,John Gilmore,TE,TE,,6,TB,0,0,0,0,0,0,0,0,0,0,0,0,,0,,,0,0,0,0,0,0,,0,3,7,23,0,0,0,41,15,0,-2.86161603208166,0,0.560975609756098,0.0364583333333333,0.0265200517464424,0.0732515362225097,0,2.3,5.3
2009,REG+POST,00-0021306,,Adrian Peterson,RB,RB,,3,CHI,0,0,0,0,0,0,0,0,0,0,0,0,,0,,,7,51,0,0,0,3,0.425890346436063,0,2,2,11,0,0,0,7,4,1,1.49406564340461,0,1.57142857142857,0.0526315789473684,0.032258064516129,0.101528013582343,0,6.2,8.2
2009,REG+POST,00-0021314,,Chester Taylor,RB,RB,,18,MIN,0,0,0,0,0,0,0,0,0,0,0,0,,0,,,103,383,1,2,0,13,-23.1532788271434,0,49,68,423,1,0,0,17,416,19,0.0832229549028503,0,24.8823529411765,0.109854604200323,0.0037077426390403,0.167377326147813,0,92.6,141.6
2009,REG+POST,00-0021357,,Rock Cartwright,RB,RB,,11,WAS,0,0,0,0,0,0,0,0,0,0,0,0,,0,,,64,228,0,0,0,12,-11.7877921504368,0,27,32,242,1,0,0,14,238,9,4.45933740400065,0,17.2857142857143,0.0927536231884058,0.0058997050147492,0.143260228292933,0,53.0,80.0
2009,REG+POST,00-0021429,C.Palmer,Carson Palmer,QB,QB,"https://static.www.nfl.com/image/private/f_auto,q_auto/league/belgna3tokxga0gjjmwk",17,CIN,300,502,3240,22,14,29,249,4,2,4120,1354,165,41.3767424950218,1,0.786407766990291,0.0843905710915193,40,95,3,3,0,13,-1.01855460545826,1,0,0,0,0,0,0,0,0,0,,0,,,,,0,217.1,217.1
2009,REG+POST,00-0021508,,Greg Lewis,WR,WR,,7,MIN,0,0,0,0,0,0,0,0,0,0,0,0,,0,,,0,0,0,0,0,0,,0,8,11,96,1,0,0,64,42,3,4.78952511225693,0,1.5,0.0416666666666667,0.0355555555555556,0.0873888888888889,0,15.6,23.6
2009,REG+POST,00-0021525,,Casey Fitzsimmons,TE,TE,,7,DET,0,0,0,0,0,0,0,0,0,0,0,0,,0,,,0,0,0,0,0,0,,0,18,27,128,0,1,1,156,54,5,-2.49654667493486,0,0.82051282051282,0.10546875,0.0787083753784057,0.213298987764884,0,10.8,28.8
2009,REG+POST,00-0021547,A.Gates,Antonio Gates,TE,TE,"https://static.www.nfl.com/image/private/f_auto,q_auto/league/kndulvysinvn4tpvt0bc",17,LAC,0,0,0,0,0,0,0,0,0,0,0,0,,0,,,0,0,0,0,0,0,,0,87,125,1250,8,1,0,1153,516,67,77.1227587338753,0,1.08412836079792,0.228102189781022,0.222329348245276,0.497783828443226,0,173.0,260.0
2009,REG+POST,00-0021570,,Kassim Osgood,WR,WR,,1,LAC,0,0,0,0,0,0,0,0,0,0,0,0,,0,,,0,0,0,0,0,0,,0,1,5,17,0,0,0,-6,38,1,-1.93543894102723,0,0.0,0.111111111111111,-0.0192926045016077,0.153161843515541,0,1.7,2.7
2009,REG+POST,00-0021647,,Jerheme Urban,WR,WR,,11,ARI,0,0,0,0,0,0,0,0,0,0,0,0,,0,,,0,0,0,0,0,0,,0,21,32,233,0,1,1,281,91,10,-3.0949007536872,0,0.829181494661922,0.0767386091127098,0.102930402930403,0.187159195720347,0,21.3,42.3
2009,REG+POST,00-0021678,,Tony Romo,QB,QB,"https://static.www.nfl.com/image/private/f_auto,q_auto/league/rdgaxf7djip2ovlkeqjk",18,DAL,392,620,4925,28,10,42,254,6,5,4518,2534,226,108.971009690701,0,1.09008410801239,0.110168287429092,38,109,1,3,1,5,-4.75342585903127,0,0,0,0,0,0,0,0,0,0,,0,,,,,0,293.9,293.9
2009,REG+POST,00-0021755,,Earnest Graham,RB,RB,,11,TB,0,0,0,0,0,0,0,0,0,0,0,0,,0,,,14,66,0,0,0,5,4.40280175651424,0,14,22,109,0,0,0,80,78,3,-4.96853565726343,0,1.3625,0.0702875399361022,0.0283990060347888,0.125310614128506,0,17.5,31.5
2009,REG+POST,00-0021756,,Will Heller,TE,TE,,16,DET,0,0,0,0,0,0,0,0,0,0,0,0,,0,,,0,0,0,0,0,0,,0,29,50,296,3,0,0,363,124,17,-4.98700144591883,0,0.815426997245179,0.087260034904014,0.0760687342833194,0.184138166354344,0,47.6,76.6
2009,REG+POST,00-0021915,,Sam Aiken,WR,WR,,11,NE,0,0,0,0,0,0,0,0,0,0,0,0,,0,,,0,0,0,0,0,0,,0,21,47,331,2,0,0,667,187,12,-2.6952862881225,0,0.496251874062969,0.122715404699739,0.20804741110418,0.329706294822534,0,45.1,66.1
2009,REG+POST,00-0021929,,Donald Lee,TE,TE,,16,GB,0,0,0,0,0,0,0,0,0,0,0,0,,0,,,0,0,0,0,0,0,,0,36,55,253,1,0,0,338,135,9,-5.75995892560985,0,0.748520710059172,0.0980392156862745,0.0653140096618358,0.192778630292697,0,31.3,67.3
2009,REG+POST,00-0021931,,Kevin Walter,WR,WR,,14,HOU,0,0,0,0,0,0,0,0,0,0,0,0,,0,,,4,26,0,0,0,2,2.82172365710721,0,53,70,611,2,0,0,656,128,33,27.548210539268,0,0.93140243902439,0.137254901960784,0.163509471585244,0.320338983050847,0,75.7,128.7
2009,REG+POST,00-0021940,,Josh Brown,K,SPEC,,1,LA,1,1,36,1,0,0,0,0,0,7,29,1,6.00545434746891,0,5.14285714285714,,0,0,0,0,0,0,,0,0,0,0,0,0,0,0,0,0,,0,,,,,0,5.44,5.44
2009,REG+POST,00-0021976,,Larry Johnson,RB,RB,,14,CIN,0,0,0,0,0,0,0,0,0,0,0,0,,0,,,178,562,0,2,1,28,-34.0748717604249,0,15,21,80,0,0,0,-12,84,4,-3.70594205585076,0,-6.66666666666667,0.0801526717557252,-0.0071856287425149,0.115199067513827,0,62.2,77.2
2009,REG+POST,00-0021982,,Justin Gage,WR,WR,,12,TEN,0,0,0,0,0,0,0,0,0,0,0,0,,0,,,0,0,0,0,0,0,,0,28,67,383,3,0,0,960,66,22,-3.3554621244894,0,0.398958333333333,0.2,0.332065029401591,0.532445520581114,0,56.3,84.3
2009,REG+POST,00-0021999,,Nate Burleson,WR,WR,,13,SEA,0,0,0,0,0,0,0,0,0,0,0,0,,0,,,2,4,0,0,0,0,-0.700686009367928,0,63,103,812,3,2,2,1113,276,42,20.0503612343081,0,0.729559748427673,0.209349593495935,0.316193181818182,0.53535961751663,0,95.6,158.6
2009,REG+POST,00-0022000,,Wayne Hunter,T,OL,,1,NYJ,0,0,0,0,0,0,0,0,0,0,0,0,,0,,,0,0,0,0,0,0,,0,0,1,0,0,0,0,5,0,0,-0.359223423933145,0,0.0,0.032258064516129,0.0160771704180064,0.0596411160667981,0,0.0,0.0
2009,REG+POST,00-0022001,,Kevin Curtis,WR,WR,,3,PHI,0,0,0,0,0,0,0,0,0,0,0,0,,0,,,0,0,0,0,0,0,,0,6,15,77,0,0,0,195,17,5,-6.34637392591685,0,0.394871794871795,0.131578947368421,0.227537922987165,0.356644967143647,0,7.7,13.7
2009,REG+POST,00-0022003,,B.J. Askew,FB,RB,,3,TB,0,0,0,0,0,0,0,0,0,0,0,0,,0,,,1,0,0,0,0,0,0.0067321546957828,0,2,2,3,0,0,0,1,2,0,-1.04348961729556,0,3.0,0.0294117647058824,0.0016420361247947,0.0452670723461799,0,0.3,2.3
2009,REG+POST,00-0022005,,Chris Simms,QB,QB,,3,DEN,5,17,23,0,1,5,39,1,1,138,11,1,-22.6185832742485,0,0.166666666666667,-0.0942184452062993,3,-4,0,0,0,0,0.0,0,0,0,0,0,0,0,0,0,0,,0,,,,,0,-3.48,-3.48
2009,REG+POST,00-0022011,,Justin Griffith,RB,RB,,12,SEA,0,0,0,0,0,0,0,0,0,0,0,0,,0,,,4,6,0,0,0,2,-1.11002503533382,0,19,27,118,1,1,1,61,82,4,-16.3022196769598,0,1.9344262295082,0.0641330166270784,0.0265217391304348,0.114764742331922,0,16.4,35.4
2009,REG+POST,00-0022044,,Andre Johnson,WR,WR,,16,HOU,0,0,0,0,0,0,0,0,0,0,0,0,,0,,,2,10,0,0,0,1,0.674005089967977,0,101,171,1569,9,1,0,1922,539,69,48.3671157672672,1,0.81633714880333,0.293814432989691,0.425033171163202,0.738244869298778,0,213.9,314.9
2009,REG+POST,00-0022054,,Visanthe Shiancoe,TE,TE,,18,MIN,0,0,0,0,0,0,0,0,0,0,0,0,,0,,,0,0,0,0,0,0,,0,61,86,660,12,0,0,658,247,43,54.6543262890787,0,1.00303951367781,0.138933764135703,0.134121483897269,0.302285684931642,0,138.0,199.0
2009,REG+POST,00-0022055,,Seneca Wallace,QB,QB,,13,SEA,78,120,700,3,2,9,59,2,2,891,340,37,0.150246312799518,0,0.785634118967452,0.0422799329648129,16,2,1,3,0,3,-16.2256613468635,0,2,3,29,0,0,0,-8,37,2,1.20332056190819,0,0.0,0.0234375,-0.01,0.02815625,0,41.1,43.1
2009,REG+POST,00-0022064,,Arnaz Battle,WR,WR,,4,SF,0,0,0,0,0,0,0,0,0,0,0,0,,0,,,0,0,0,0,0,0,,0,5,5,40,0,0,0,22,18,3,3.30659085238585,0,1.81818181818182,0.0420168067226891,0.0323529411764706,0.085672268907563,0,4.0,9.0
2009,REG+POST,00-0022084,,Anquan Boldin,WR,WR,"https://static.www.nfl.com/image/private/f_auto,q_auto/league/ajabgwxbliupgkwjbnut",15,ARI,0,0,0,0,0,0,0,0,0,0,0,0,,0,,,2,7,0,0,0,0,-0.0859734490513802,0,85,128,1029,5,3,2,1105,366,50,30.5007776475293,0,0.931221719457014,0.230630630630631,0.255846260708497,0.525038328441894,0,129.6,214.6
2009,REG+POST,00-0022092,,Chris Brown,RB,RB,,14,HOU,0,1,0,0,1,0,0,0,0,4,0,0,-5.10401103383629,0,0.0,,79,267,3,1,1,15,-22.3646089081697,0,16,21,74,0,0,0,25,63,1,-6.17267060486291,0,2.96,0.0514705882352941,0.0078369905956112,0.0826917757698691,0,48.1,64.1
2009,REG+POST,00-0022093,,Justin Fargas,RB,RB,,12,LV,0,0,0,0,0,0,0,0,0,0,0,0,,0,,,129,491,3,1,0,23,-13.9186503938172,0,17,21,113,0,0,0,3,112,5,-3.72073547619659,0,37.6666666666667,0.067524115755627,0.0010434782608695,0.102016608416049,0,78.4,95.4
2009,REG+POST,00-0022097,,Brandon Lloyd,WR,WR,,2,DEN,0,0,0,0,0,0,0,0,0,0,0,0,,0,,,0,0,0,0,0,0,,0,8,18,117,0,0,0,209,14,5,-6.55777942074928,0,0.559808612440191,0.1875,0.303779069767442,0.493895348837209,0,11.7,19.7
2009,REG+POST,00-0022101,,Brian St. Pierre,QB,QB,,1,ARI,2,4,12,1,1,0,0,0,0,30,0,2,-3.31894100274076,0,0.4,,1,2,0,1,0,0,-0.490682284813374,0,0,0,0,0,0,0,0,0,0,,0,,,,,0,2.68,2.68
2009,REG+POST,00-0022121,,Rex Grossman,QB,QB,,1,HOU,3,9,33,0,1,0,0,0,0,86,7,1,-6.43965773528907,0,0.383720930232558,-0.0522508259199021,3,5,0,1,0,1,-0.219493268989027,0,0,0,0,0,0,0,0,0,0,,0,,,,,0,-0.18,-0.18
2009,REG+POST,00-0022126,,L.J. Smith,TE,TE,,3,BAL,0,0,0,0,0,0,0,0,0,0,0,0,,0,,,0,0,0,0,0,0,,0,2,3,31,0,0,0,16,17,2,0.732016524998471,0,1.9375,0.0283018867924528,0.0177580466148724,0.0548834628190899,0,3.1,5.1
2009,REG+POST,00-0022127,J.Witten,Jason Witten,TE,TE,"https://static.www.nfl.com/image/private/f_auto,q_auto/league/r7uafhtwuexuaty0nhsc",18,DAL,0,0,0,0,0,0,0,0,0,0,0,0,,0,,,0,0,0,0,0,0,,0,108,142,1155,2,0,0,973,490,54,40.5601197732673,0,1.18705035971223,0.231647634584013,0.217235990176379,0.499536644999485,0,127.5,235.5
2009,REG+POST,00-0022141,,Jeremi Johnson,FB,RB,,12,CIN,0,0,0,0,0,0,0,0,0,0,0,0,,0,,,4,8,0,1,1,1,-5.04266050428851,0,6,12,41,0,0,0,36,23,1,-1.16073187324218,0,1.13888888888889,0.046875,0.0161290322580645,0.0816028225806452,0,2.9,8.9
2009,REG+POST,00-0022143,,Ovie Mughelli,FB,RB,,7,ATL,0,0,0,0,0,0,0,0,0,0,0,0,,0,,,4,10,0,0,0,2,0.419311559177004,0,7,10,51,1,0,0,12,40,3,0.783101738488767,0,4.25,0.050251256281407,0.0071216617210682,0.0803620476268583,0,12.1,19.1
2009,REG+POST,00-0022144,,Bobby Wade,WR,WR,,12,KC,0,0,0,0,0,0,0,0,0,0,0,0,,0,,,2,11,0,0,0,0,0.601077733910643,0,37,75,367,2,0,0,655,114,17,-6.08763661905555,0,0.56030534351145,0.190355329949239,0.208931419457735,0.431784988544273,0,49.8,86.8
2009,REG+POST,00-0022156,,Bryant Johnson,WR,WR,,16,DET,0,0,0,0,0,0,0,0,0,0,0,0,,0,,,0,0,0,0,0,0,,0,36,88,426,3,0,0,1136,116,23,-37.3616877930308,0,0.375,0.153577661431065,0.238055322715842,0.397005218047687,0,60.6,96.6
2009,REG+POST,00-0022164,,Kyle Boller,QB,QB,,7,LA,98,176,899,3,6,17,117,1,1,1095,576,50,-68.5825296163997,0,0.821004566210046,-0.0183916703407956,13,76,0,1,1,5,-1.73320945701562,0,0,0,0,0,0,0,0,0,0,,0,,,,,0,39.56,39.56
2009,REG+POST,00-0022165,,Dallas Clark,TE,TE,,19,IND,0,0,0,0,0,0,0,0,0,0,0,0,,0,,,2,11,0,0,0,1,0.820595238066744,0,118,158,1286,11,1,0,1119,546,70,68.1013233937733,0,1.14924039320822,0.216735253772291,0.176248228067412,0.448476640305625,0,195.7,313.7
2009,REG+POST,00-0022167,,Chris Crocker,DB,DB,,1,CIN,0,0,0,0,0,0,0,0,0,0,0,0,,0,,,1,21,0,0,0,1,3.6591246065218,0,0,0,0,0,0,0,0,0,0,,0,,,,,0,2.1,2.1
2009,REG+POST,00-0022171,,Kelley Washington,WR,WR,,16,BAL,0,0,0,0,0,0,0,0,0,0,0,0,,0,,,1,1,0,0,0,0,-1.26393938274123,0,35,50,442,2,0,0,472,114,28,35.1059334217571,0,0.936440677966102,0.103092783505155,0.115403422982885,0.235421571345752,0,56.3,91.3
2009,REG+POST,00-0022177,,Byron Leftwich,QB,QB,,3,TB,58,107,594,4,3,2,0,0,0,995,178,27,-11.170223269293,0,0.596984924623116,0.0220291498305289,6,6,0,2,0,1,-1.87519068666734,0,0,0,0,0,0,0,0,0,0,,0,,,,,0,34.36,34.36
2009,REG+POST,00-0022178,,Willis McGahee,RB,RB,,17,BAL,0,0,0,0,0,0,0,0,0,0,0,0,,0,,,131,613,13,1,1,32,11.6524188107747,0,17,24,105,2,0,0,-6,127,6,1.44746197364293,0,-17.5,0.0578313253012048,-0.0023847376788553,0.0850776715766085,0,159.8,176.8
2009,REG+POST,00-0022217,,Mewelde Moore,RB,RB,,15,PIT,1,1,6,1,0,0,0,0,0,6,0,1,1.59294534247601,0,1.0,,35,118,0,0,0,7,-6.20116507774219,0,21,31,153,2,0,0,48,140,9,3.18960489835551,0,3.1875,0.0767326732673267,0.0142857142857143,0.12509900990099,0,43.34,64.34
2009,REG+POST,00-0022250,,Willie Parker,RB,RB,,13,PIT,0,0,0,0,0,0,0,0,0,0,0,0,,0,,,98,389,0,1,1,19,-14.7896912146768,0,6,7,64,1,0,0,28,38,2,4.69047154812142,0,2.28571428571429,0.0308370044052863,0.016374269005848,0.0577174949120231,0,49.3,55.3
2009,REG+POST,00-0022277,,John Standeford,WR,WR,,1,DET,0,0,0,0,0,0,0,0,0,0,0,0,,0,,,0,0,0,0,0,0,,0,1,3,5,0,0,0,24,0,1,-4.66996682848549,0,0.208333333333333,0.12,0.0933852140077821,0.245369649805447,0,0.5,1.5
2009,REG+POST,00-0022288,,Jason Wright,RB,RB,,11,ARI,0,0,0,0,0,0,0,0,0,0,0,0,,0,,,4,20,0,0,0,1,0.0771035681827925,0,9,11,53,2,0,0,6,46,2,3.77655651161331,0,8.83333333333333,0.03125,0.0026869682042095,0.0487558777429467,0,19.3,28.3
2009,REG+POST,00-0022296,,Justin Jenkins,WR,WR,,1,BUF,0,0,0,0,0,0,0,0,0,0,0,0,,0,,,1,-3,0,0,0,0,-2.92413313151337,0,0,0,0,0,0,0,0,0,0,,0,,,,,0,-0.3,-0.3
2009,REG+POST,00-0022388,,Terrance Copper,WR,WR,,4,KC,0,0,0,0,0,0,0,0,0,0,0,0,,0,,,0,0,0,0,0,0,,0,4,6,68,0,0,0,65,21,2,2.81404795035663,0,1.04615384615385,0.0555555555555556,0.0577264653641208,0.123741859088218,0,6.8,10.8
2009,REG+POST,00-0022397,,Vonta Leach,FB,RB,,13,HOU,0,0,0,0,0,0,0,0,0,0,0,0,,0,,,0,0,0,0,0,0,,0,20,26,155,1,0,0,74,110,5,3.81452754043858,0,2.09459459459459,0.0528455284552846,0.0201965065502183,0.0934058472680797,0,21.5,41.5
2009,REG+POST,00-0022405,,Lousaka Polite,FB,RB,,16,MIA,0,0,0,0,0,0,0,0,0,0,0,0,,0,,,37,123,0,1,0,20,12.6747110627527,0,11,23,51,0,0,0,36,46,3,-6.20894159429008,0,1.41666666666667,0.0552884615384615,0.0127840909090909,0.091881555944056,0,17.4,28.4
2009,REG+POST,00-0022414,,Malcom Floyd,WR,WR,"https://static.www.nfl.com/image/private/f_auto,q_auto/league/or8gm79eaonksxe8gl0t",17,LAC,0,0,0,0,0,0,0,0,0,0,0,0,,0,,,0,0,0,0,0,0,,0,48,81,806,1,0,0,1343,126,37,35.427943861468,0,0.600148920327625,0.147810218978102,0.25896644812958,0.402991842157859,0,86.6,134.6
2009,REG+POST,00-0022421,,Ruvell Martin,WR,WR,,6,LA,0,0,0,0,0,0,0,0,0,0,0,0,,0,,,0,0,0,0,0,0,,0,6,12,99,0,0,0,77,56,4,-0.886502485896926,0,1.28571428571429,0.0618556701030928,0.056081573197378,0.132040606392804,0,9.9,15.9
2009,REG+POST,00-0022427,,Wes Welker,WR,WR,"https://static.www.nfl.com/image/private/f_auto,q_auto/league/rgjwexzif36vncjfdwap",14,NE,0,0,0,0,0,0,0,0,0,0,0,0,,0,,,5,36,0,0,0,3,3.49494480539579,0,123,162,1348,4,0,0,911,721,71,64.0551266747359,0,1.47969264544457,0.324,0.233529864137401,0.64947090489618,0,162.4,285.4
2009,REG+POST,00-0022434,,Carey Davis,RB,RB,,1,PIT,0,0,0,0,0,0,0,0,0,0,0,0,,0,,,2,15,0,0,0,1,-0.0949935995158739,0,0,0,0,0,0,0,0,0,0,,0,,,,,0,1.5,1.5
2009,REG+POST,00-0022484,,J.P. Foschi,TE,TE,,14,CIN,0,0,0,0,0,0,0,0,0,0,0,0,,0,,,0,0,0,0,0,0,,0,27,37,260,2,1,1,190,116,9,2.03979941658441,0,1.36842105263158,0.0893719806763285,0.0563965568417928,0.173535560803748,0,36.0,63.0
2009,REG+POST,00-0022529,,Luke Lawton,FB,RB,,7,LV,0,0,0,0,0,0,0,0,0,0,0,0,,0,,,0,0,0,0,0,0,,0,7,10,31,0,0,0,2,33,2,-2.76285099616507,0,15.5,0.0523560209424084,0.0017683465959328,0.0797718740307655,0,3.1,10.1
2009,REG+POST,00-0022706,,Michael Gaines,TE,TE,,7,CLE,0,0,0,0,0,0,0,0,0,0,0,0,,0,,,0,0,0,0,0,0,,0,5,9,59,1,0,0,50,21,3,4.22366775362752,0,1.18,0.0555555555555556,0.03382949932341,0.10701398285972,0,11.9,16.9
2009,REG+POST,00-0022714,,Kris Wilson,TE,TE,,5,LAC,0,0,0,0,0,0,0,0,0,0,0,0,,0,,,0,0,0,0,0,0,,0,5,8,41,2,0,0,98,17,3,3.75402303301962,0,0.418367346938776,0.0427807486631016,0.0552735476593345,0.102862606356187,0,16.1,21.1
2009,REG+POST,00-0022725,,Michael Clayton,WR,WR,,12,TB,0,1,0,0,0,0,0,0,0,13,0,0,-0.411223077157047,0,0.0,,0,0,0,0,0,0,,0,16,48,230,1,0,0,603,38,11,-27.4428957934996,1,0.381426202321725,0.123711340206186,0.188202247191011,0.317308583342986,0,31.0,47.0
2009,REG+POST,00-0022736,,Steven Jackson,RB,RB,"https://static.www.nfl.com/image/private/f_auto,q_auto/league/abl5wejuf448xw3jtphm",15,LA,0,0,0,0,0,0,0,0,0,0,0,0,,0,,,325,1424,4,2,2,61,-38.6569719702184,0,50,74,314,0,0,0,10,342,16,-25.4014538682125,0,31.4,0.146825396825397,0.0032605151613955,0.222520455851072,0,193.8,243.8
2009,REG+POST,00-0022738,,Chris Cooley,TE,TE,,6,WAS,0,0,0,0,0,0,0,0,0,0,0,0,,0,,,0,0,0,0,0,0,,0,29,45,332,2,1,0,244,211,17,13.5081984546974,0,1.36065573770492,0.229591836734694,0.175665946724262,0.467353917809024,0,45.2,74.2
2009,REG+POST,00-0022746,,Jeff Dugan,TE,TE,,6,MIN,0,0,0,0,0,0,0,0,0,0,0,0,,0,,,3,7,0,0,0,1,-3.27896046562819,0,6,6,52,2,0,0,42,10,3,6.17980024637654,0,1.23809523809524,0.036144578313253,0.0283400809716599,0.0740549241500415,0,17.9,23.9
2009,REG+POST,00-0022766,,Patrick Crayton,WR,WR,,18,DAL,0,0,0,0,0,0,0,0,0,0,0,0,,0,,,4,28,0,1,0,2,0.992769654170843,0,42,75,673,5,0,0,676,288,30,32.8029362319723,0,0.995562130177515,0.122349102773246,0.150926546104041,0.289172236432698,2,112.1,154.1
2009,REG+POST,00-0022770,,Derrick Ward,RB,RB,,14,TB,0,0,0,0,0,0,0,0,0,0,0,0,,0,,,115,414,1,0,0,13,-23.9033416493467,0,20,24,150,2,0,0,29,135,7,5.19349994725781,0,5.17241379310345,0.0625,0.0078954533079226,0.0992768173155459,0,74.4,94.4
2009,REG+POST,00-0022781,,Michael Jenkins,WR,WR,,15,ATL,0,0,0,0,0,0,0,0,0,0,0,0,,0,,,0,0,0,0,0,0,,0,50,90,635,1,0,0,1117,220,29,6.19339693192836,0,0.568487018800358,0.178217821782178,0.260615958936071,0.449757903928517,0,69.5,119.5
2009,REG+POST,00-0022787,M.Schaub,Matt Schaub,QB,QB,"https://static.www.nfl.com/image/private/f_auto,q_auto/league/mj2kh2nddxnw04ludcx0",16,HOU,396,583,4770,29,15,26,153,1,1,4444,2161,230,135.581211065898,1,1.07335733573357,0.157657299704629,47,61,0,2,1,7,-11.087266592025,0,0,0,0,0,0,0,0,0,0,,0,,,,,0,280.9,280.9
2009,REG+POST,00-0022796,,Mike Karney,FB,RB,,7,LA,0,0,0,0,0,0,0,0,0,0,0,0,,0,,,2,8,0,0,0,0,-1.75381520064548,0,6,9,16,0,0,0,18,29,0,-3.82582993013784,0,0.888888888888889,0.0409090909090909,0.0125874125874126,0.0701748251748252,0,2.4,8.4
2009,REG+POST,00-0022803,E.Manning,Eli Manning,QB,QB,"https://static.www.nfl.com/image/private/f_auto,q_auto/league/w51tf8uedjftbr4qpaex",16,NYG,317,509,4021,27,14,30,216,9,6,4515,1750,183,88.227367586751,0,0.890586932447398,0.12794749853484,17,65,0,4,2,4,0.851469701454504,0,0,0,0,0,0,0,0,0,0,,0,,,,,0,231.34,231.34
2009,REG+POST,00-0022807,,Bernard Berrian,WR,WR,,18,MIN,0,0,0,0,0,0,0,0,0,0,0,0,,0,,,0,0,0,0,0,0,,0,67,110,752,4,1,1,1197,263,43,15.2536225292362,0,0.628237259816207,0.177705977382876,0.243986954749287,0.437349834398814,0,97.2,164.2
2009,REG+POST,00-0022811,,Jerricho Cotchery,WR,WR,"https://static.www.nfl.com/image/private/f_auto,q_auto/league/hkq2dmfj7mbgbuejiloy",17,NYJ,0,0,0,0,0,0,0,0,0,0,0,0,,0,,,3,8,1,0,0,1,1.20755093294429,0,71,115,1015,3,0,0,1278,327,55,29.7669977676009,0,0.794209702660407,0.281173594132029,0.32752434648898,0.65102743374033,0,126.3,197.3
2009,REG+POST,00-0022817,,Sean Ryan,TE,TE,,8,KC,0,0,0,0,0,0,0,0,0,0,0,0,,0,,,0,0,0,0,0,0,,0,14,27,135,2,0,0,183,48,7,-9.7974643490114,0,0.737704918032787,0.107142857142857,0.10451170759566,0.233872481031247,0,25.5,39.5
2009,REG+POST,00-0022821,,Michael Turner,RB,RB,,11,ATL,0,0,0,0,0,0,0,0,0,0,0,0,,0,,,178,871,10,4,2,43,6.22944795087096,0,5,7,35,0,0,0,3,27,2,0.104722506075632,0,11.6666666666667,0.0608695652173913,0.0033482142857142,0.093648097826087,0,146.6,151.6
2009,REG+POST,00-0022840,,Julius Jones,RB,RB,,14,SEA,0,0,0,0,0,0,0,0,0,0,0,0,,0,,,177,663,2,0,0,32,-22.7370831036802,0,35,43,232,2,0,0,-124,345,10,1.77791364659788,0,-1.87096774193548,0.0918803418803419,-0.0397690827453496,0.109982154898768,0,113.5,148.5
2009,REG+POST,00-0022847,,Ben Hartsock,TE,TE,,4,NYJ,0,0,0,0,0,0,0,0,0,0,0,0,,0,,,0,0,0,0,0,0,,0,1,4,2,1,0,0,29,0,1,-2.35318669106346,0,0.0689655172413793,0.0373831775700935,0.0297435897435897,0.076895279175653,0,6.2,7.2
2009,REG+POST,00-0022864,L.McCown,Luke McCown,QB,QB,"https://static.www.nfl.com/image/private/f_auto,q_auto/league/pj2lbdhplppzlywlzsbr",2,JAX,1,3,2,0,0,2,7,0,0,19,0,0,-3.20106621296145,0,0.105263157894737,,0,0,0,0,0,0,,0,0,0,0,0,0,0,0,0,0,,0,,,,,0,0.08,0.08
2009,REG+POST,00-0022882,,Mark Jones,WR,WR,,1,TEN,0,0,0,0,0,0,0,0,0,0,0,0,,0,,,0,0,0,0,0,0,,0,1,2,9,0,0,0,30,2,0,-1.23947008384857,0,0.3,0.0416666666666667,0.099009900990099,0.131806930693069,0,0.9,1.9
2009,REG+POST,00-0022897,,Greg Jones,RB,RB,,9,JAX,0,0,0,0,0,0,0,0,0,0,0,0,,0,,,4,23,0,0,0,1,0.588240378070623,0,5,10,14,0,0,0,-1,14,0,-15.263217978462,0,-14.0,0.0395256916996047,-0.0005608524957936,0.0588959408023516,0,3.7,8.7
2009,REG+POST,00-0022901,,Ernest Wilford,WR,WR,,11,JAX,0,0,0,0,0,0,0,0,0,0,0,0,,0,,,0,0,0,0,0,0,,0,11,21,123,1,0,0,188,44,6,2.06713852525675,0,0.654255319148936,0.0558510638297872,0.0590823381521056,0.125134232451155,0,18.3,29.3
2009,REG+POST,00-0022909,,Roy Williams,WR,WR,,17,DAL,0,0,0,0,0,0,0,0,0,0,0,0,,0,,,0,0,0,0,0,0,,0,43,95,655,7,1,1,1050,238,32,15.8577208160617,0,0.623809523809524,0.164075993091537,0.248874140791657,0.420325888191465,0,105.5,148.5
2009,REG+POST,00-0022910,,Lee Evans,WR,WR,,16,BUF,0,0,0,0,0,0,0,0,0,0,0,0,,0,,,0,0,0,0,0,0,,0,44,95,612,7,0,0,1160,96,27,-2.95810215550591,0,0.527586206896552,0.218390804597701,0.328239954725524,0.557354175204418,0,103.2,147.2
2009,REG+POST,00-0022912,,J.P. Losman,QB,QB,,1,LV,0,1,0,0,0,0,0,0,0,8,0,0,-1.01079522201326,0,0.0,,0,0,0,0,0,0,,0,0,0,0,0,0,0,0,0,0,,0,,,,,0,0.0,0.0
2009,REG+POST,00-0022921,L.Fitzgerald,Larry Fitzgerald,WR,WR,"https://static.www.nfl.com/image/private/f_auto,q_auto/league/ycgjjaad5un42gy4pnga",18,ARI,0,0,0,0,0,0,0,0,0,0,0,0,,0,,,0,0,0,0,0,0,,0,109,169,1251,15,1,1,1892,381,78,34.8518788331828,0,0.661205073995772,0.258409785932722,0.373691487260518,0.649198719981445,0,213.1,322.1
2009,REG+POST,00-0022922,,Kellen Winslow,TE,TE,,16,TB,0,0,0,0,0,0,0,0,0,0,0,0,,0,,,1,7,0,0,0,0,-0.541756136284675,0,77,127,887,5,0,0,1213,230,47,21.2897863760726,0,0.731244847485573,0.245173745173745,0.260692026649473,0.550245036415249,0,119.4,196.4
2009,REG+POST,00-0022924,B.Roethlisberger,Ben Roethlisberger,QB,QB,"https://static.www.nfl.com/image/private/f_auto,q_auto/league/vziogpnyp9d0xtpiuqhr",15,PIT,337,506,4328,26,12,50,348,4,2,4548,1795,202,87.7884081784159,0,0.951627088830255,0.145070763537526,41,79,2,2,1,16,1.02744902885752,0,0,0,0,0,0,0,0,0,0,,0,,,,,0,267.02,267.02
2009,REG+POST,00-0022929,,Devery Henderson,WR,WR,,19,NO,0,0,0,0,0,0,0,0,0,0,0,0,,0,,,5,6,0,0,0,1,-2.03040834044805,0,66,101,986,4,0,0,1310,369,42,39.9438828526301,0,0.752671755725191,0.158059467918623,0.261842894263442,0.420379227862344,0,123.2,189.2
2009,REG+POST,00-0022942,P.Rivers,Philip Rivers,QB,QB,"https://static.www.nfl.com/image/private/f_auto,q_auto/league/voakyrtj34sghkwxaxxf",17,LAC,344,526,4552,29,11,27,182,7,3,5066,1973,223,169.95152110898,0,0.898539281484406,0.201856258083558,29,54,2,0,0,6,-3.2917116289008,0,0,0,0,0,0,0,0,0,0,,0,,,,,0,287.48,287.48
2009,REG+POST,00-0022943,B.Watson,Benjamin Watson,TE,TE,"https://static.www.nfl.com/image/private/f_auto,q_auto/league/dorymozpdnrllkqlfzpu",13,NE,0,0,0,0,0,0,0,0,0,0,0,0,,0,,,0,0,0,0,0,0,,0,30,45,407,5,0,0,549,93,20,25.0193552529301,0,0.741347905282332,0.0910931174089069,0.143155149934811,0.236848281067728,0,70.7,100.7
2009,REG+POST,00-0022984,,Ryan Grant,RB,RB,,17,GB,0,0,0,0,0,0,0,0,0,0,0,0,,0,,,293,1318,11,0,0,66,9.48247419294785,0,27,32,215,0,1,1,7,210,9,2.07792349877382,0,30.7142857142857,0.0780487804878049,0.0019246631839428,0.118420434960467,0,217.3,244.3
2009,REG+POST,00-0022999,J.Kuhn,John Kuhn,FB,RB,"https://static.www.nfl.com/image/private/f_auto,q_auto/league/nbcwgq2o0ymmx4czvr4b",9,GB,0,0,0,0,0,0,0,0,0,0,0,0,,0,,,9,19,2,0,0,3,0.477265577908838,0,8,8,44,2,0,0,7,37,3,3.05478514626157,0,6.28571428571429,0.033195020746888,0.002906976744186,0.0518274148412622,0,30.3,38.3
2009,REG+POST,00-0023063,,Leonard Weaver,FB,RB,,17,PHI,0,0,0,0,0,0,0,0,0,0,0,0,,0,,,75,342,2,0,0,17,1.62934335053433,0,17,29,151,2,1,1,47,115,6,-4.06866255506258,0,3.21276595744681,0.0526315789473684,0.0101118760757315,0.0860256816740647,0,71.3,88.3
2009,REG+POST,00-0023074,,Samkon Gado,RB,RB,,9,LA,0,0,0,0,0,0,0,0,0,0,0,0,,0,,,14,26,0,0,0,4,-4.99528775848551,0,3,3,25,0,0,0,5,20,0,0.537263977224939,0,5.0,0.0236220472440945,0.0097276264591439,0.0422424093875425,0,5.1,8.1
2009,REG+POST,00-0023108,,Stephen Spach,TE,TE,,5,ARI,0,0,0,0,0,0,0,0,0,0,0,0,,0,,,0,0,0,0,0,0,,0,4,10,38,0,0,0,53,25,1,-9.53552385617513,0,0.716981132075472,0.0512820512820513,0.0365769496204279,0.102526941657376,0,3.8,7.8
2009,REG+POST,00-0023176,,Josh Cribbs,WR,WR,,16,CLE,1,4,18,0,1,0,0,0,0,51,6,1,-3.752267786622,0,0.352941176470588,,55,381,1,1,0,21,13.7851728314931,0,20,37,135,1,2,2,312,83,4,-18.0416073495575,0,0.432692307692308,0.0868544600938967,0.0964153275648949,0.197772419436272,4,82.32,102.32
2009,REG+POST,00-0023210,,Tory Humphrey,TE,TE,,1,NO,0,0,0,0,0,0,0,0,0,0,0,0,,0,,,0,0,0,0,0,0,,0,1,1,7,0,0,0,1,6,0,0.18081838125363,0,7.0,0.0344827586206897,0.0178571428571429,0.0642241379310345,0,0.7,1.7
2009,REG+POST,00-0023251,,Kyle Eckel,RB,RB,,3,NO,0,0,0,0,0,0,0,0,0,0,0,0,,0,,,2,6,0,0,0,1,-3.03197141969577,0,2,3,14,0,0,0,1,15,1,-0.390749047044665,0,14.0,0.0454545454545455,0.003731343283582,0.0707937584803256,0,2.0,4.0
2009,REG+POST,00-0023310,,Lance Moore,WR,WR,"https://static.www.nfl.com/image/private/f_auto,q_auto/league/bfjxc892mfkni8ywtheh",9,NO,0,0,0,0,0,0,0,0,0,0,0,0,,0,,,0,0,0,0,0,0,,0,19,25,185,2,0,0,163,60,11,5.51347349068965,1,1.13496932515337,0.0806451612903226,0.0603480192521288,0.163211355411974,0,32.5,51.5
2009,REG+POST,00-0023367,,Nate Washington,WR,WR,,16,TEN,0,0,0,0,0,0,0,0,0,0,0,0,,0,,,2,15,0,0,0,1,0.320525946095586,0,47,95,569,6,1,0,1343,104,34,7.30464113319303,0,0.423678332092331,0.202991452991453,0.319609709662066,0.528213976250625,0,94.4,141.4
2009,REG+POST,00-0023408,,Greg Camarillo,WR,WR,,16,MIA,0,0,0,0,0,0,0,0,0,0,0,0,,0,,,0,0,0,0,0,0,,0,50,71,552,0,0,0,771,99,29,19.9329816867339,0,0.715953307392996,0.132710280373832,0.169525065963061,0.31773296673489,0,55.2,105.2
2009,REG+POST,00-0023429,,Rashied Davis,WR,WR,,5,CHI,0,0,0,0,0,0,0,0,0,0,0,0,,0,,,0,0,0,0,0,0,,0,5,8,35,0,0,0,59,5,2,-1.57072816236177,0,0.593220338983051,0.0476190476190476,0.0504273504273504,0.106727716727717,0,3.5,8.5
2009,REG+POST,00-0023436,A.Smith,Alex Smith,QB,QB,"https://static.www.nfl.com/image/private/f_auto,q_auto/league/dpa5d1a8jj6jdymocjkx",11,SF,225,372,2350,18,12,22,134,2,1,2543,1123,98,-17.0203448677921,0,0.92410538733779,0.0302332329058109,24,51,0,0,0,6,-7.63077083739336,0,1,1,-6,0,0,0,-6,0,0,-1.54885704023764,0,0.0,0.0285714285714286,-0.024390243902439,0.0257839721254355,0,144.5,145.5
2009,REG+POST,00-0023437,,Ronnie Brown,RB,RB,,9,MIA,2,6,22,1,0,1,9,0,0,50,5,2,-1.25399832200492,0,0.44,-0.0700526807944889,147,648,8,1,1,32,7.1731406932372,0,14,20,98,0,0,0,43,80,5,-1.54283371131867,0,2.27906976744186,0.0975609756097561,0.0262836185819071,0.164739996421969,0,125.48,139.48
2009,REG+POST,00-0023438,,Braylon Edwards,WR,WR,,19,NYJ,0,1,0,0,0,0,0,0,0,17,0,0,-0.478659784886986,0,0.0,,0,0,0,0,0,0,,0,51,108,836,5,1,1,1626,262,42,5.12196217607246,1,0.514145141451415,0.224066390041494,0.364901256732496,0.591530464774988,0,113.6,164.6
2009,REG+POST,00-0023439,,Cedric Benson,RB,RB,,14,CIN,0,0,0,0,0,0,0,0,0,0,0,0,,0,,,322,1420,7,1,0,62,-15.4475178857202,0,20,27,123,0,0,0,-2,124,5,-2.31066367399226,0,-61.5,0.0743801652892562,-0.0007578628268283,0.111039743955104,0,196.3,216.3
2009,REG+POST,00-0023440,,Cadillac Williams,RB,RB,,16,TB,0,0,0,0,0,0,0,0,0,0,0,0,,0,,,209,816,4,1,0,43,-19.9730848827853,0,29,40,219,3,0,0,75,184,10,-7.0898141306927,0,2.92,0.0936768149882904,0.0198255352894528,0.154393097185053,0,145.5,174.5
2009,REG+POST,00-0023442,,Troy Williamson,WR,WR,,2,JAX,0,0,0,0,0,0,0,0,0,0,0,0,,0,,,0,0,0,0,0,0,,0,3,4,34,0,1,1,42,10,1,-3.56860777601833,0,0.80952380952381,0.0563380281690141,0.0649149922720247,0.129947536843938,0,1.4,4.4
2009,REG+POST,00-0023443,,Antrel Rolle,SS,DB,"https://static.www.nfl.com/image/private/f_auto,q_auto/league/issrtvdibba1d0c1msjb",2,ARI,0,0,0,0,0,0,0,0,0,0,0,0,,0,,,1,9,0,0,0,0,0.571496473159641,0,0,0,0,0,0,0,0,0,0,,0,,,,,1,6.9,6.9
2009,REG+POST,00-0023457,,Mark Clayton,WR,WR,,15,BAL,1,1,0,0,0,0,0,0,0,0,0,0,-0.623170797131024,0,,,5,36,0,0,0,1,2.27657231304329,0,35,79,497,2,1,1,1250,75,25,-6.78692242502334,0,0.3976,0.168085106382979,0.321089134343694,0.476890053615054,0,63.3,98.3
2009,REG+POST,00-0023459,A.Rodgers,Aaron Rodgers,QB,QB,"https://static.www.nfl.com/image/upload/f_auto,q_auto/league/jdcb4nomlc4rd6k5l6to",17,GB,378,583,4856,34,8,54,313,8,4,5405,2255,214,134.67947811649,3,0.898427382053654,0.163791966518468,62,317,6,3,0,27,8.00445979614398,0,0,0,0,0,0,0,0,0,0,,0,,,,,0,379.94,379.94
2009,REG+POST,00-0023460,,Jason Campbell,QB,QB,,16,WAS,327,507,3618,20,15,42,275,8,3,3317,2071,186,1.25878651820932,0,1.09074464877902,0.0740606830686843,47,236,1,5,0,17,3.49110269540688,0,0,0,0,0,0,0,0,0,0,,0,,,,,0,218.32,218.32
2009,REG+POST,00-0023462,,Roddy White,WR,WR,"https://static.www.nfl.com/image/private/f_auto,q_auto/league/f7dgklg6z49fbdltwuki",16,ATL,0,0,0,0,0,0,0,0,0,0,0,0,,0,,,1,2,0,0,0,0,-0.411327784880996,0,85,165,1153,11,1,0,1814,397,54,29.3767839993714,0,0.63561190738699,0.301094890510949,0.38993981083405,0.724600203350258,0,181.5,266.5
2009,REG+POST,00-0023465,,Heath Miller,TE,TE,"https://static.www.nfl.com/image/private/f_auto,q_auto/league/iqw8fry4hgfvegs9nfuf",16,PIT,0,0,0,0,0,0,0,0,0,0,0,0,,0,,,0,0,0,0,0,0,,0,76,98,789,6,2,0,545,431,37,34.3980903145015,0,1.44770642201835,0.183520599250936,0.112556794712929,0.354070655175454,0,114.9,190.9
2009,REG+POST,00-0023470,,Reggie Brown,WR,WR,,10,PHI,0,0,0,0,0,0,0,0,0,0,0,0,,0,,,1,-3,0,0,0,0,-0.842484142747708,0,9,27,155,0,0,0,397,36,7,-0.119500362913916,0,0.390428211586902,0.0775862068965517,0.13016393442623,0.207494064443188,0,15.2,24.2
2009,REG+POST,00-0023474,,Mark Bradley,WR,WR,,12,KC,1,1,26,0,0,0,0,0,0,14,12,1,2.61322799511254,0,1.85714285714286,,2,20,0,0,0,1,0.517966622952372,0,24,57,320,2,0,0,555,105,11,-14.5708992595798,0,0.576576576576577,0.147668393782383,0.179495472186287,0.347149421203976,0,47.04,71.04
2009,REG+POST,00-0023490,,Roscoe Parrish,WR,WR,,6,BUF,0,0,0,0,0,0,0,0,0,0,0,0,,0,,,2,4,0,0,0,0,-0.13219623779878,0,3,4,18,0,0,0,13,18,0,-2.15434248000383,0,1.38461538461538,0.036036036036036,0.0168612191958495,0.0658569074911487,0,2.2,5.2
2009,REG+POST,00-0023496,,Vincent Jackson,WR,WR,"https://static.www.nfl.com/image/private/f_auto,q_auto/league/kdquag2thcfulvrs0cbz",16,LAC,0,0,0,0,0,0,0,0,0,0,0,0,,0,,,3,11,0,0,0,1,-1.34795140626375,0,75,116,1278,9,0,0,1951,211,63,81.4893151382568,0,0.65504869297796,0.230616302186879,0.400205128205128,0.626068043023908,0,182.9,257.9
2009,REG+POST,00-0023500,F.Gore,Frank Gore,RB,RB,"https://static.www.nfl.com/image/private/f_auto,q_auto/league/lxxkhd2suyalrbruzut7",14,SF,0,0,0,0,0,0,0,0,0,0,0,0,,0,,,229,1120,10,3,2,47,-12.4354223806295,0,52,75,406,3,0,0,10,410,13,12.0880171001891,0,40.6,0.16304347826087,0.0030731407498463,0.246716415916197,0,226.6,278.6
2009,REG+POST,00-0023502,,Charlie Frye,QB,QB,,3,LV,53,87,581,1,4,5,40,0,0,699,272,29,-15.3982273332445,0,0.831187410586552,0.0497428773979814,4,41,0,0,0,2,2.60048536816612,0,0,0,0,0,0,0,0,0,0,,0,,,,,0,23.34,23.34
2009,REG+POST,00-0023503,,Courtney Roby,WR,WR,,2,NO,0,0,0,0,0,0,0,0,0,0,0,0,,0,,,0,0,0,0,0,0,,0,1,1,6,0,0,0,4,2,0,0.271308448483774,0,1.5,0.0344827586206897,0.0204081632653061,0.0660098522167488,1,6.6,7.6
2009,REG+POST,00-0023506,,Alex Smith,TE,TE,"https://static.www.nfl.com/image/private/f_auto,q_auto/league/zcpxncjwcm6ggoiqt6ub",6,PHI,0,0,0,0,0,0,0,0,0,0,0,0,,0,,,0,0,0,0,0,0,,0,4,9,33,0,0,0,56,18,3,-1.80878531427902,0,0.589285714285714,0.0443349753694581,0.0309221424627278,0.0881479627780966,0,3.3,7.3
2009,REG+POST,00-0023512,,Ryan Moats,RB,RB,,8,HOU,0,0,0,0,0,0,0,0,0,0,0,0,,0,,,101,390,4,2,1,25,-2.42836726226286,0,13,15,106,1,1,0,8,100,7,-0.664835509572846,0,13.25,0.0681818181818182,0.0049352251696483,0.105727384891481,0,77.6,90.6
2009,REG+POST,00-0023518,,Chris Henry,WR,WR,,8,CIN,0,0,0,0,0,0,0,0,0,0,0,0,,0,,,0,0,0,0,0,0,,0,12,23,236,2,0,0,398,101,11,15.5902559504029,0,0.592964824120603,0.0894941634241245,0.185894441849603,0.264367354430909,0,35.6,47.6
2009,REG+POST,00-0023531,,Brandon Jones,WR,WR,,3,SF,0,0,0,0,0,0,0,0,0,0,0,0,,0,,,0,0,0,0,0,0,,0,1,5,18,0,0,0,84,0,1,-1.03479099189281,0,0.214285714285714,0.0423728813559322,0.101083032490975,0.134317444777581,0,1.8,2.8
2009,REG+POST,00-0023534,D.Colquitt,Dustin Colquitt,P,SPEC,"https://static.www.nfl.com/image/private/f_auto,q_auto/league/v1aymd6o0vpg73ytxzhu",1,KC,0,0,0,0,0,0,0,0,0,0,0,0,,0,,,1,0,0,0,0,0,-4.85473113344051,0,0,0,0,0,0,0,0,0,0,,0,,,,,0,0.0,0.0
2009,REG+POST,00-0023541,,Kyle Orton,QB,QB,,16,DEN,336,541,3802,21,12,29,159,3,2,3806,1965,185,30.2593699544279,0,0.998949027850762,0.07583712726439,24,71,0,1,0,5,0.192207848177473,0,0,0,0,0,0,0,0,0,0,,0,,,,,0,215.18,215.18
2009,REG+POST,00-0023544,,Marion Barber,RB,RB,,17,DAL,0,0,0,0,0,0,0,0,0,0,0,0,,0,,,225,950,7,1,1,59,-22.3681001156796,0,26,36,221,0,1,1,13,198,10,-3.68908579116636,0,17.0,0.0743801652892562,0.0039370078740157,0.114326153445695,0,155.1,181.1
2009,REG+POST,00-0023545,,Brandon Jacobs,RB,RB,,15,NYG,0,0,0,0,0,0,0,0,0,0,0,0,,0,,,224,835,5,2,1,43,-28.6434555917868,0,18,31,184,1,0,0,-43,225,5,-2.5205778956678,0,-4.27906976744186,0.0668103448275862,-0.0112653916688499,0.0923297430731844,0,135.9,153.9
2009,REG+POST,00-0023564,D.Sproles,Darren Sproles,RB,RB,"https://static.www.nfl.com/image/private/f_auto,q_auto/league/gvj5ng27blmwuz170aeo",17,LAC,0,0,0,0,0,0,0,0,0,0,0,0,,0,,,96,376,3,0,0,16,-11.3484309536079,0,48,62,527,4,0,0,21,537,21,19.834176376078,0,25.0952380952381,0.113138686131387,0.0044025157232704,0.17278979020337,1,138.3,186.3
2009,REG+POST,00-0023612,,Bo Scaife,TE,TE,,13,TEN,0,0,0,0,0,0,0,0,0,0,0,0,,0,,,0,0,0,0,0,0,,0,45,70,440,1,1,1,460,182,24,4.05217643812575,0,0.956521739130435,0.185676392572944,0.13747758517633,0.374748898482847,0,48.0,93.0
2009,REG+POST,00-0023620,,Will Svitek,T,OL,,1,ATL,0,0,0,0,0,0,0,0,0,0,0,0,,0,,,0,0,0,0,0,0,,0,0,1,0,0,0,0,-5,0,0,-0.455663765314966,0,0.0,0.0303030303030303,-0.0136986301369863,0.035865504358655,0,0.0,0.0
2009,REG+POST,00-0023630,,Joel Dreessen,TE,TE,,13,HOU,0,0,0,0,0,0,0,0,0,0,0,0,,0,,,0,0,0,0,0,0,,0,26,39,320,1,0,0,265,150,16,2.42410271088967,0,1.20754716981132,0.0815899581589958,0.0676365492598264,0.169730521720372,0,38.0,64.0
2009,REG+POST,00-0023642,,Reggie Hodges,P,SPEC,,1,CLE,0,0,0,0,0,0,0,0,0,0,0,0,,0,,,1,0,0,0,0,0,-6.02132827159949,0,0,0,0,0,0,0,0,0,0,,0,,,,,0,0.0,0.0
2009,REG+POST,00-0023645,D.Anderson,Derek Anderson,QB,QB,"https://static.www.nfl.com/image/private/f_auto,q_auto/league/w191gsxivnqgdwgydka6",8,CLE,81,182,888,3,10,11,75,3,2,1522,375,43,-70.0446966949145,0,0.583442838370565,-0.0482685574075968,10,8,2,2,1,6,-0.85407875519013,0,0,0,0,0,0,0,0,0,0,,0,,,,,0,34.32,34.32
2009,REG+POST,00-0023662,M.Cassel,Matt Cassel,QB,QB,"https://static.www.nfl.com/image/private/f_auto,q_auto/league/n1ucqggyu5hlsqzuv5gj",15,KC,272,494,2924,16,16,42,250,5,2,3966,1160,128,-82.5572779254756,1,0.737266767523954,-0.0034579618947544,50,196,0,9,1,6,-27.7112465630186,0,0,1,0,0,0,0,26,0,0,-3.17607577028684,0,0.0,0.04,0.0905923344947735,0.123414634146341,0,164.56,164.56
2009,REG+POST,00-0023679,,Billy Bajema,TE,TE,,7,LA,0,0,0,0,0,0,0,0,0,0,0,0,,0,,,0,0,0,0,0,0,,0,8,11,94,0,0,0,70,38,4,6.36106714227935,0,1.34285714285714,0.0419847328244275,0.0371352785145889,0.0889717941968534,0,9.4,17.4
2009,REG+POST,00-0023682,R.Fitzpatrick,Ryan Fitzpatrick,QB,QB,"https://static.www.nfl.com/image/private/f_auto,q_auto/league/pkhhxwplsawnhln9rsun",10,BUF,127,227,1422,9,10,22,137,2,2,2045,691,63,-44.5561711784909,0,0.695354523227384,0.0081051432068967,31,141,1,1,0,11,6.94758037428255,0,0,0,0,0,0,0,0,0,0,,0,,,,,0,88.98,88.98
2009,REG+POST,00-0023683,,Madison Hedgecock,FB,RB,,7,NYG,0,0,0,0,0,0,0,0,0,0,0,0,,0,,,0,0,0,0,0,0,,0,4,9,23,1,0,0,1,20,1,-3.48634556739125,0,23.0,0.0354330708661417,0.0004812319538017,0.0534864686668738,0,8.3,12.3
2009,REG+POST,00-0023740,,Thomas Gafford,LS,SPEC,"https://static.www.nfl.com/image/private/f_auto,q_auto/league/wccvbkjp2tcdzodv7lz9",1,KC,0,0,0,0,0,0,0,0,0,0,0,0,,0,,,0,0,0,0,0,0,,0,0,1,0,0,0,0,2,0,0,-2.76706991367973,0,0.0,0.0238095238095238,0.0056022408963585,0.0396358543417367,0,0.0,0.0
2009,REG+POST,00-0023742,J.Ryan,Jon Ryan,P,SPEC,"https://static.www.nfl.com/image/private/f_auto,q_auto/league/jarcsmohj6vbznthlni8",2,SEA,1,1,42,0,0,0,0,0,0,18,24,1,4.72757281351369,0,2.33333333333333,,1,0,0,0,0,0,-2.83775450423127,0,0,0,0,0,0,0,0,0,0,,0,,,,,0,1.68,1.68
2009,REG+POST,00-0023752,,Daniel Fells,TE,TE,"https://static.www.nfl.com/image/private/f_auto,q_auto/league/lhecgqac5nourex1czfo",12,LA,0,0,0,0,0,0,0,0,0,0,0,0,,0,,,0,0,0,0,0,0,,0,21,35,273,3,1,1,306,131,13,7.32689035439144,0,0.892156862745098,0.0837320574162679,0.101728723404255,0.196808192507381,0,43.3,64.3
2009,REG+POST,00-0023774,,Naufahu Tahi,FB,RB,,10,MIN,0,0,0,0,0,0,0,0,0,0,0,0,,0,,,3,5,0,0,0,1,1.09976002157782,0,10,12,67,1,0,0,-2,68,4,3.75280648819171,0,-33.5,0.0406779661016949,-0.0009165902841429,0.0603753359536423,0,13.2,23.2
2009,REG+POST,00-0023784,,Greg Estandia,TE,TE,,6,CLE,0,0,0,0,0,0,0,0,0,0,0,0,,0,,,0,0,0,0,0,0,,0,4,13,45,0,0,0,90,7,3,-3.53945254097926,0,0.5,0.0666666666666667,0.0519031141868512,0.136332179930796,0,4.5,8.5
2009,REG+POST,00-0023790,,Brian Clark,WR,WR,,8,TB,0,0,0,0,0,0,0,0,0,0,0,0,,0,,,0,0,0,0,0,0,,0,6,18,65,0,0,0,171,14,3,-13.1083691405276,0,0.380116959064327,0.0638297872340426,0.0606598084427102,0.138206546760961,0,6.5,12.5
2009,REG+POST,00-0023797,,Darcy Johnson,TE,TE,,4,NYG,0,0,0,0,0,0,0,0,0,0,0,0,,0,,,0,0,0,0,0,0,,0,5,7,32,0,1,0,31,6,2,0.604602946259547,0,1.03225806451613,0.0578512396694215,0.0352673492605233,0.111464003986499,0,3.2,8.2
2009,REG+POST,00-0023832,,Spencer Havner,TE,TE,,8,GB,0,0,0,0,0,0,0,0,0,0,0,0,,0,,,0,0,0,0,0,0,,0,9,13,128,5,0,0,97,71,7,14.3510800115764,0,1.31958762886598,0.0467625899280576,0.0367563471011747,0.0958733278629086,0,42.8,51.8
2009,REG+POST,00-0023894,D.Penn,Donald Penn,T,OL,"https://static.www.nfl.com/image/private/f_auto,q_auto/league/lbarhx9omymxl236etax",1,TB,0,0,0,0,0,0,0,0,0,0,0,0,,0,,,0,0,0,0,0,0,,0,1,1,15,0,0,0,0,15,1,0.952699270797893,0,0.0,0.02,,,0,1.5,2.5
2009,REG+POST,00-0023920,,Dennis Roland,OT,OL,,1,CIN,0,0,0,0,0,0,0,0,0,0,0,0,,0,,,0,0,0,0,0,0,,0,0,1,0,0,0,0,0,0,0,-0.468941832426935,0,,0.0263157894736842,,,0,0.0,0.0
2009,REG+POST,00-0023921,,Miles Austin,WR,WR,"https://static.www.nfl.com/image/private/f_auto,q_auto/league/tuwhvxan7v0gisbei4an",18,DAL,0,0,0,0,0,0,0,0,0,0,0,0,,0,,,3,6,0,0,0,2,0.140380419674329,0,92,142,1436,12,1,0,1370,712,63,81.9015326204902,0,1.04817518248175,0.231647634584013,0.305871846394284,0.561581744352019,0,216.2,308.2
2009,REG+POST,00-0023953,,Sam Hurd,WR,WR,,6,DAL,0,0,0,0,0,0,0,0,0,0,0,0,,0,,,0,0,0,0,0,0,,0,7,12,121,1,0,0,88,88,4,0.700927969811114,0,1.375,0.0571428571428571,0.0713128038897893,0.135633248437138,0,18.1,25.1
2009,REG+POST,00-0023968,,Micheal Spurlock,WR,WR,,2,TB,0,1,0,0,0,0,0,0,0,18,0,0,-0.91857114713639,0,0.0,,1,3,0,1,0,0,-0.971565016545355,0,0,0,0,0,0,0,0,0,0,,0,,,,,1,6.3,6.3
2009,REG+POST,00-0024011,,Mike Bell,RB,RB,,15,NO,0,0,0,0,0,0,0,0,0,0,0,0,,0,,,180,669,5,2,2,33,-32.9360352655739,0,4,4,12,0,0,0,2,10,1,-0.493198496289551,0,6.0,0.0434782608695652,0.0037735849056603,0.0678589007383101,0,94.1,98.1
2009,REG+POST,00-0024013,,Hank Baskett,WR,WR,,5,IND,0,0,0,0,0,0,0,0,0,0,0,0,,0,,,0,0,0,0,0,0,,0,5,12,34,0,0,0,131,3,1,-4.21015312132658,0,0.259541984732824,0.0670391061452514,0.0774689532820816,0.154786926515334,0,3.4,8.4
2009,REG+POST,00-0024103,,Montell Owens,RB,RB,,2,JAX,0,0,0,0,0,0,0,0,0,0,0,0,,0,,,2,1,0,0,0,0,0.0015293937176466,0,0,1,0,0,0,0,4,0,0,-0.967892603308428,0,0.0,0.0232558139534884,0.0080321285140562,0.0405062108900719,0,0.1,0.1
2009,REG+POST,00-0024110,,Steve Weatherford,P,SPEC,"https://static.www.nfl.com/image/private/f_auto,q_auto/league/jkpdalshsrmuxdn1jj4h",3,NYJ,0,1,0,0,1,0,0,0,0,-3,0,0,-2.38553662772756,0,0.0,,2,42,0,0,0,2,7.67950175935403,0,0,0,0,0,0,0,0,0,0,,0,,,,,0,2.2,2.2
2009,REG+POST,00-0024171,,Wallace Wright,WR,WR,,3,NYJ,0,0,0,0,0,0,0,0,0,0,0,0,,0,,,0,0,0,0,0,0,,0,2,4,21,0,0,0,23,2,2,0.0379571123125038,0,0.91304347826087,0.0754716981132076,0.0798611111111111,0.169110324947589,0,2.1,4.1
2009,REG+POST,00-0024172,,Patrick Cobbs,RB,RB,,4,MIA,0,0,0,0,0,0,0,0,0,0,0,0,,0,,,6,36,0,0,0,3,0.192352598998696,0,3,4,23,0,0,0,15,13,1,1.29731068760157,0,1.53333333333333,0.0493827160493827,0.0201612903225806,0.0881869772998805,0,5.9,8.9
2009,REG+POST,00-0024204,,Fred Jackson,RB,RB,"https://static.www.nfl.com/image/private/f_auto,q_auto/league/ibu4ltouiplhatsn4ptq",16,BUF,1,1,27,1,0,0,0,0,0,27,0,1,3.50916796352249,0,1.0,,238,1062,2,2,2,43,-25.1297061297619,0,46,60,371,2,1,0,-10,386,21,3.81139635794577,0,-37.1,0.15625,-0.0032808398950131,0.232078412073491,0,168.38,214.38
2009,REG+POST,00-0024217,,Reggie Bush,RB,RB,"https://static.www.nfl.com/image/private/f_auto,q_auto/league/z2m2heolqx9sgobdks9v",17,NO,0,0,0,0,0,0,0,0,0,0,0,0,,0,,,87,507,6,2,1,25,14.02036542596,0,57,82,430,4,0,0,178,335,22,6.55709742287215,0,2.41573033707865,0.1396933560477,0.0410421950657136,0.23826957061755,1,157.7,214.7
2009,REG+POST,00-0024218,,Vince Young,QB,QB,,12,TEN,152,259,1879,10,7,9,36,1,0,2481,756,91,32.8398895962235,0,0.757355904877066,0.0933767292656202,55,281,2,7,2,20,7.1302883013822,0,0,0,0,0,0,0,0,0,0,,0,,,,,0,137.26,137.26
2009,REG+POST,00-0024221,V.Davis,Vernon Davis,TE,TE,"https://static.www.nfl.com/image/private/f_auto,q_auto/league/so5ywayfeeu4zeijln5m",16,SF,0,0,0,0,0,0,0,0,0,0,0,0,,0,,,0,0,0,0,0,0,,0,78,129,965,13,0,0,1215,323,40,33.6640901471412,0,0.794238683127572,0.247600767754319,0.333607907742998,0.604926687051577,0,174.5,252.5
2009,REG+POST,00-0024225,,Matt Leinart,QB,QB,,9,ARI,58,87,496,0,3,2,12,0,0,681,201,26,-11.3961499349526,0,0.728340675477239,0.0430371428264514,9,-6,0,1,0,0,-7.37714557931759,0,0,0,0,0,0,0,0,0,0,,0,,,,,0,13.24,13.24
2009,REG+POST,00-0024226,J.Cutler,Jay Cutler,QB,QB,"https://static.www.nfl.com/image/private/f_auto,q_auto/league/ks6n7gvw4vccihlse6bn",16,CHI,336,555,3666,27,26,34,203,5,1,4562,1591,170,-48.8100467120992,2,0.803594914511179,0.0405334959451682,41,172,1,4,0,14,2.03223847531652,0,0,0,0,0,0,0,0,0,0,,0,,,,,0,227.84,227.84
2009,REG+POST,00-0024236,,Laurence Maroney,RB,RB,,16,NE,0,0,0,0,0,0,0,0,0,0,0,0,,0,,,195,759,9,3,3,44,-9.04680165182799,0,14,18,99,0,1,1,-15,109,4,2.25371257110965,0,-6.6,0.0460358056265985,-0.0073385518590998,0.0639167221385278,0,131.8,145.8
2009,REG+POST,00-0024240,,Santonio Holmes,WR,WR,,16,PIT,0,1,0,0,1,0,0,0,0,34,0,0,-3.61876540048979,0,0.0,,3,6,0,0,0,0,-1.11135442252271,0,79,138,1248,5,0,0,1506,483,63,46.9670090812976,0,0.828685258964143,0.258426966292135,0.311028500619579,0.605360399871907,0,153.4,232.4
2009,REG+POST,00-0024242,,DeAngelo Williams,RB,RB,"https://static.www.nfl.com/image/private/f_auto,q_auto/league/oky9ooitgqa1fgwdll6b",13,CAR,0,0,0,0,0,0,0,0,0,0,0,0,,0,,,216,1117,7,3,3,51,-3.51331677810204,1,29,41,252,0,0,0,127,172,14,1.42175215449943,0,1.98425196850394,0.108179419525066,0.0457987738910927,0.194328271011364,0,174.9,203.9
2009,REG+POST,00-0024243,M.Lewis,Marcedes Lewis,TE,TE,"https://static.www.nfl.com/image/private/f_auto,q_auto/league/ppq07tipygpftz5csipx",15,JAX,0,0,0,0,0,0,0,0,0,0,0,0,,0,,,0,0,0,0,0,0,,0,32,59,518,2,1,0,642,166,20,7.85633671691474,0,0.806853582554517,0.123430962343096,0.168548175374114,0.303130166276524,0,63.8,95.8
2009,REG+POST,00-0024245,,Joseph Addai,RB,RB,,18,IND,1,1,22,1,0,0,0,0,0,22,0,1,2.43615000398131,0,1.0,,259,1008,11,2,2,53,-17.1204062092645,0,62,74,421,3,0,0,123,371,21,5.17953653573511,0,3.42276422764228,0.11178247734139,0.0214809640237513,0.18271039082871,0,227.78,289.78
2009,REG+POST,00-0024259,,Sinorice Moss,WR,WR,,2,NYG,0,0,0,0,0,0,0,0,0,0,0,0,,0,,,0,0,0,0,0,0,,0,1,4,18,1,0,0,66,0,1,-1.65071039015873,0,0.272727272727273,0.0634920634920635,0.11913357400722,0.178631597043149,0,7.8,8.8
2009,REG+POST,00-0024260,,LenDale White,RB,RB,,13,TEN,0,0,0,0,0,0,0,0,0,0,0,0,,0,,,64,222,2,1,1,11,-6.99840500677237,0,3,5,14,0,0,0,-5,14,0,-2.28892163824094,0,-2.8,0.0357142857142857,-0.0048923679060665,0.050146771037182,0,33.6,36.6
2009,REG+POST,00-0024261,,Joe Klopfenstein,TE,TE,,1,BUF,0,0,0,0,0,0,0,0,0,0,0,0,,0,,,0,0,0,0,0,0,,0,1,2,11,0,0,0,20,5,1,0.351803959617516,0,0.55,0.08,0.0851063829787234,0.179574468085106,0,1.1,2.1
2009,REG+POST,00-0024264,K.Clemens,Kellen Clemens,QB,QB,"https://static.www.nfl.com/image/private/f_auto,q_auto/league/pxungqbhh61ov73tzaxk",6,NYJ,13,26,125,0,0,4,21,1,0,217,38,7,-7.45114180476859,0,0.576036866359447,-0.0007405970124824,12,1,0,1,0,1,-8.93048842047574,0,0,0,0,0,0,0,0,0,0,,0,,,,,0,5.1,5.1
2009,REG+POST,00-0024267,,Greg Jennings,WR,WR,"https://static.www.nfl.com/image/private/f_auto,q_auto/league/jiemkcfkc893pfova8xv",17,GB,0,0,0,0,0,0,0,0,0,0,0,0,,0,,,0,0,0,0,0,0,,0,77,131,1250,5,0,0,1721,512,54,74.9885404469913,2,0.726321905868681,0.222033898305085,0.312909090909091,0.552087211093991,0,159.0,236.0
2009,REG+POST,00-0024268,A.Fasano,Anthony Fasano,TE,TE,"https://static.www.nfl.com/image/private/f_auto,q_auto/league/twcrap9uhjbazmplq5x3",14,MIA,0,0,0,0,0,0,0,0,0,0,0,0,,0,,,0,0,0,0,0,0,,0,31,54,339,2,2,2,516,107,21,-14.1346253379275,0,0.656976744186046,0.113207547169811,0.127627999010636,0.259150920062162,0,41.9,72.9
2009,REG+POST,00-0024272,,Devin Hester,WR,WR,"https://static.www.nfl.com/image/private/f_auto,q_auto/league/jtntm2ci9doez4qxbx0c",13,CHI,0,0,0,0,0,0,0,0,0,0,0,0,,0,,,6,-1,0,1,0,0,-3.1230074763298,0,57,91,757,3,1,1,988,293,34,12.7070467710816,0,0.766194331983806,0.200440528634361,0.286792452830189,0.501415509932674,0,91.6,148.6
2009,REG+POST,00-0024275,,Maurice Jones-Drew,RB,RB,,16,JAX,0,0,0,0,0,0,0,0,0,0,0,0,,0,,,312,1391,15,2,1,68,14.6187502204287,0,53,71,374,1,0,0,56,377,16,0.184090999143469,0,6.67857142857143,0.138132295719844,0.0131795716639209,0.216424143744511,0,270.5,323.5
2009,REG+POST,00-0024276,,Tony Scheffler,TE,TE,,15,DEN,0,0,0,0,0,0,0,0,0,0,0,0,,0,,,0,0,0,0,0,0,,0,31,50,416,2,0,0,465,173,19,13.8862693253824,0,0.894623655913979,0.100401606425703,0.134821687445636,0.2449775908505,0,53.6,84.6
2009,REG+POST,00-0024279,,Tarvaris Jackson,QB,QB,"https://static.www.nfl.com/image/private/f_auto,q_auto/league/bqukmeneztibnhrjko0q",8,MIN,14,21,201,1,0,0,0,0,0,71,154,9,14.5650187440075,0,2.83098591549296,0.242582957402985,17,-10,0,0,0,0,-9.14368072972866,0,0,0,0,0,0,0,0,0,0,,0,,,,,0,11.04,11.04
2009,REG+POST,00-0024287,,Leonard Pope,TE,TE,,12,KC,0,0,0,0,0,0,0,0,0,0,0,0,,0,,,0,0,0,0,0,0,,0,20,30,174,1,0,0,155,84,8,1.79599505173974,0,1.12258064516129,0.0714285714285714,0.0441973196464214,0.138080980895352,0,23.4,43.4
2009,REG+POST,00-0024294,,Jerious Norwood,RB,RB,,10,ATL,0,0,0,0,0,0,0,0,0,0,0,0,,0,,,76,252,0,0,0,11,-14.612606231356,0,19,22,186,1,1,1,59,148,9,6.64993110257997,0,3.15254237288136,0.0774647887323944,0.0236567762630313,0.132756926482713,0,47.8,66.8
2009,REG+POST,00-0024297,,Derek Hagan,WR,WR,,6,NYG,0,0,0,0,0,0,0,0,0,0,0,0,,0,,,0,0,0,0,0,0,,0,8,8,101,1,0,0,99,2,4,10.0231732248794,0,1.02020202020202,0.0408163265306122,0.0623033354310887,0.10483682459768,0,16.1,24.1
2009,REG+POST,00-0024300,,Brodie Croyle,QB,QB,,3,KC,23,40,230,2,0,3,18,1,0,312,124,10,-9.37100806340854,0,0.737179487179487,0.0085397451484518,0,0,0,0,0,0,,0,0,0,0,0,0,0,0,0,0,,0,,,,,0,17.2,17.2
2009,REG+POST,00-0024301,,David Thomas,TE,TE,,15,NO,0,0,0,0,0,0,0,0,0,0,0,0,,0,,,1,0,0,0,0,0,-3.86799488647375,0,39,56,397,1,0,0,301,205,21,13.3772704643189,0,1.31893687707641,0.115463917525773,0.0864197530864198,0.233689703449154,0,45.7,84.7
2009,REG+POST,00-0024305,,Maurice Stovall,WR,WR,,10,TB,0,0,0,0,0,0,0,0,0,0,0,0,,0,,,0,0,0,0,0,0,,0,24,47,366,1,0,0,599,99,16,1.17861491186725,0,0.6110183639399,0.13782991202346,0.182122225600486,0.334230425955531,0,42.6,66.6
2009,REG+POST,00-0024312,,Eric Smith,FS,DB,,1,NYJ,0,0,0,0,0,0,0,0,0,0,0,0,,0,,,0,0,0,0,0,0,,0,1,1,27,0,0,0,3,24,1,4.44438008591533,0,9.0,0.0434782608695652,0.0144927536231884,0.0753623188405797,0,2.7,3.7
2009,REG+POST,00-0024313,,Owen Daniels,TE,TE,"https://static.www.nfl.com/image/private/f_auto,q_auto/league/ktxkz5tzddboxst5xfh8",8,HOU,0,0,0,0,0,0,0,0,0,0,0,0,,0,,,0,0,0,0,0,0,,0,40,58,519,5,1,0,421,223,28,30.7783111533068,0,1.23277909738717,0.207885304659498,0.200858778625954,0.452429102027415,0,81.9,121.9
2009,REG+POST,00-0024315,,Michael Robinson,FB,RB,,9,SF,0,0,0,0,0,0,0,0,0,0,0,0,,0,,,3,2,0,0,0,1,-0.41901716432767,0,6,11,24,0,0,0,10,20,1,-4.20722331861142,0,2.4,0.0454545454545455,0.0068870523415978,0.0730027548209366,0,2.6,8.6
2009,REG+POST,00-0024318,,Brad Smith,QB,QB,,13,NYJ,2,2,72,0,0,0,0,0,0,38,34,2,7.73134708713042,0,1.89473684210526,,20,211,1,0,0,10,14.4685839554295,0,10,16,71,0,0,0,69,53,3,-4.67642613256318,0,1.02898550724638,0.076555023923445,0.0348133198789102,0.139201859800405,2,49.08,59.08
2009,REG+POST,00-0024324,,Jason Avant,WR,WR,"https://static.www.nfl.com/image/private/f_auto,q_auto/league/nnis5ib42eoeu8bjjpdc",17,PHI,0,0,0,0,0,0,0,0,0,0,0,0,,0,,,0,0,0,0,0,0,,0,43,61,619,3,1,0,638,200,28,35.6094951824145,1,0.970219435736677,0.104991394148021,0.127142287764049,0.246486692656866,0,81.9,124.9
2009,REG+POST,00-0024326,,Demetrius Williams,WR,WR,,8,BAL,0,0,0,0,0,0,0,0,0,0,0,0,,0,,,0,0,0,0,0,0,,0,9,20,154,1,0,0,329,16,7,-6.811492314246,0,0.468085106382979,0.0851063829787234,0.171086843473739,0.247420364899702,0,21.4,30.4
2009,REG+POST,00-0024332,,Leon Washington,RB,RB,,7,NYJ,0,0,0,0,0,0,0,0,0,0,0,0,,0,,,71,330,0,1,1,9,-8.05287837480272,0,15,26,131,0,0,0,52,109,4,-4.75843682542687,0,2.51923076923077,0.160493827160494,0.0362116991643454,0.266088930155783,0,44.1,59.1
2009,REG+POST,00-0024334,B.Marshall,Brandon Marshall,WR,WR,"https://static.www.nfl.com/image/private/f_auto,q_auto/league/jhziqh0scfksvxen6f3s",15,DEN,0,0,0,0,0,0,0,0,0,0,0,0,,0,,,7,39,0,0,0,1,0.90173437143676,0,101,154,1120,10,0,0,1371,515,56,42.4184823775847,0,0.816921954777535,0.309236947791165,0.397506523630038,0.742109988227773,0,175.9,276.9
2009,REG+POST,00-0024345,,Domenik Hixon,WR,WR,,12,NYG,0,0,0,0,0,0,0,0,0,0,0,0,,0,,,0,0,0,0,0,0,,0,15,28,187,1,0,0,354,101,10,7.50627054605193,0,0.528248587570622,0.0703517587939699,0.0997183098591549,0.175330455092363,1,30.7,45.7
2009,REG+POST,00-0024359,,Jerome Harrison,RB,RB,,14,CLE,0,0,0,0,0,0,0,0,0,0,0,0,,0,,,194,862,5,2,2,37,-16.9215765102773,0,34,50,220,2,0,0,-26,238,11,-5.16434575915836,0,-8.46153846153846,0.163398692810458,-0.0102929532858274,0.237892971915607,0,146.2,180.2
2009,REG+POST,00-0024369,,Jeff King,TE,TE,,15,CAR,0,0,0,0,0,0,0,0,0,0,0,0,,0,,,0,0,0,0,0,0,,0,25,33,200,3,1,0,201,69,12,7.68005433288636,0,0.995024875621891,0.0781990521327014,0.05534140969163,0.156037564983193,0,38.0,63.0
2009,REG+POST,00-0024389,De.Walker,Delanie Walker,TE,TE,"https://static.www.nfl.com/image/private/f_auto,q_auto/league/diknegkpqy0qnri7877z",12,SF,0,0,0,0,0,0,0,0,0,0,0,0,,0,,,3,34,0,0,0,2,1.53784225066192,0,21,33,233,0,1,1,228,159,10,-5.8387240160373,0,1.0219298245614,0.0810810810810811,0.0795533845080251,0.177308990777239,0,24.7,45.7
2009,REG+POST,00-0024390,,Kevin Boothe,G,OL,,1,NYG,0,0,0,0,0,0,0,0,0,0,0,0,,0,,,0,0,0,0,0,0,,0,0,1,0,0,0,0,2,0,0,-0.854961800156161,0,0.0,0.0263157894736842,0.0070175438596491,0.0443859649122807,0,0.0,0.0
2009,REG+POST,00-0024394,,Lawrence Vickers,FB,RB,,12,CLE,0,0,0,0,0,0,0,0,0,0,0,0,,0,,,0,0,0,0,0,0,,0,8,18,27,1,1,0,21,29,3,-3.70240110222949,0,1.28571428571429,0.0548780487804878,0.0096286107290233,0.0890571006810481,0,8.7,16.7
2009,REG+POST,00-0024408,,Bruce Gradkowski,QB,QB,,7,LV,81,149,1004,6,3,11,71,3,2,1544,421,44,-5.08377805524082,0,0.650259067357513,0.0317904575599044,18,108,0,2,1,7,1.94028314630883,0,0,0,0,0,0,0,0,0,0,,0,,,,,0,62.96,62.96
2009,REG+POST,00-0024432,,Todd Watkins,WR,WR,,8,LV,0,0,0,0,0,0,0,0,0,0,0,0,,0,,,0,0,0,0,0,0,,0,8,19,90,0,0,0,311,22,4,-5.27402970782714,0,0.289389067524116,0.080168776371308,0.131668077900085,0.212420819087021,0,9.0,17.0
2009,REG+POST,00-0024447,,Devin Aromashodu,WR,WR,,7,CHI,0,0,0,0,0,0,0,0,0,0,0,0,,0,,,0,0,0,0,0,0,,0,24,43,298,4,0,0,540,79,16,6.09980985771949,0,0.551851851851852,0.187772925764192,0.277207392197125,0.475704563184276,0,53.8,77.8
2009,REG+POST,00-0024460,,Quinton Ganther,RB,RB,,8,WAS,0,0,0,0,0,0,0,0,0,0,0,0,,0,,,62,199,3,0,0,12,-6.02906082387199,0,9,10,99,0,0,0,-17,114,4,4.37673717318103,0,-5.82352941176471,0.0497512437810945,-0.013375295043273,0.0652641591413507,0,47.8,56.8
2009,REG+POST,00-0024463,,Ben Obomanu,WR,WR,,5,SEA,0,0,0,0,0,0,0,0,0,0,0,0,,0,,,0,0,0,0,0,0,,0,4,5,41,0,0,0,30,15,4,4.68012629076839,0,1.36666666666667,0.0261780104712042,0.0208768267223382,0.053880794412443,0,4.1,8.1
2009,REG+POST,00-0024465,,David Anderson,WR,WR,,16,HOU,0,0,0,0,0,0,0,0,0,0,0,0,,0,,,0,0,0,0,0,0,,0,38,53,370,0,0,0,330,159,22,8.27780029648211,0,1.12121212121212,0.0910652920962199,0.0729765590446705,0.187681529475599,0,37.0,75.0
2009,REG+POST,00-0024466,,Marques Colston,WR,WR,"https://static.www.nfl.com/image/private/f_auto,q_auto/league/hnnuo9nfwzwlakr2srdq",19,NO,0,0,0,0,0,0,0,0,0,0,0,0,,0,,,1,6,0,0,0,0,0.409280729945749,0,85,129,1262,10,2,1,1390,401,65,64.3229663008601,0,0.907913669064748,0.2018779342723,0.277833300019988,0.497300211422442,0,184.8,269.8
2009,REG+POST,00-0024489,,Ahmard Hall,FB,RB,,12,TEN,0,0,0,0,0,0,0,0,0,0,0,0,,0,,,1,5,0,1,1,0,-2.34713306184858,0,12,16,79,0,1,1,26,68,3,-4.48321637377376,0,3.03846153846154,0.0416666666666667,0.0079901659496004,0.0680931161647203,0,4.4,16.4
2009,REG+POST,00-0024529,,Gijon Robinson,TE,TE,,10,IND,0,0,0,0,0,0,0,0,0,0,0,0,,0,,,0,0,0,0,0,0,,0,9,16,62,0,0,0,88,16,3,0.551396760856733,0,0.704545454545455,0.0435967302452316,0.0266263237518911,0.0840335219941712,0,6.2,15.2
2009,REG+POST,00-0024535,E.Weems,Eric Weems,WR,WR,"https://static.www.nfl.com/image/private/f_auto,q_auto/league/kptsfekcpfukewtim9kz",8,ATL,0,0,0,0,0,0,0,0,0,0,0,0,,0,,,8,53,0,0,0,2,-1.18381155782845,0,6,6,50,2,0,0,28,22,3,7.82610706164269,0,1.78571428571429,0.0394736842105263,0.021978021978022,0.0745951417004049,0,22.3,28.3
2009,REG+POST,00-0024559,,D.J. Ware,RB,RB,,4,NYG,0,0,0,0,0,0,0,0,0,0,0,0,,0,,,13,73,1,1,1,5,-2.95405646985929,0,3,4,15,0,0,0,-17,28,0,-1.54302014457062,0,-0.882352941176471,0.0588235294117647,-0.0381165919282511,0.0615536797678713,0,12.8,15.8
2009,REG+POST,00-0024561,,Marcus Mason,RB,RB,,9,WAS,0,0,0,0,0,0,0,0,0,0,0,0,,0,,,32,127,0,0,0,4,-2.77976099281635,0,6,7,58,0,0,0,-9,63,1,3.54812038250384,0,-6.44444444444445,0.032258064516129,-0.0063335679099225,0.0439535992372477,0,18.5,24.5
2009,REG+POST,00-0024607,,Daniel Coats,TE,TE,,13,CIN,0,0,0,0,0,0,0,0,0,0,0,0,,0,,,0,0,0,0,0,0,,0,16,32,150,0,2,1,150,101,3,-15.06509035039,0,1.0,0.0824742268041237,0.0507958008804606,0.159268400822508,0,13.0,29.0
2009,REG+POST,00-0024682,,Michael Matthews,TE,TE,,1,NE,0,0,0,0,0,0,0,0,0,0,0,0,,0,,,0,0,0,0,0,0,,0,0,1,0,0,0,0,47,0,0,-0.873484778683633,0,0.0,0.0303030303030303,0.176029962546816,0.168675519237317,0,0.0,0.0
2009,REG+POST,00-0024714,,Edgar Jones,DE,DL,,1,BAL,0,0,0,0,0,0,0,0,0,0,0,0,,0,,,0,0,0,0,0,0,,0,1,2,8,0,0,0,8,5,1,0.826252088299952,0,1.0,0.0869565217391304,0.0421052631578947,0.159908466819222,0,0.8,1.8
2009,REG+POST,00-0024738,,Eldra Buckley,RB,RB,,6,PHI,0,0,0,0,0,0,0,0,0,0,0,0,,0,,,15,44,1,0,0,4,0.652814863976594,0,0,0,0,0,0,0,0,0,0,,0,,,,,0,10.4,10.4
2009,REG+POST,00-0024813,,Pierre Thomas,RB,RB,"https://static.www.nfl.com/image/private/f_auto,q_auto/league/w58uf8rmlucv7qagwrfv",17,NO,0,0,0,0,0,0,0,0,0,0,0,0,,0,,,183,936,7,1,1,44,8.07402262971654,0,51,60,413,4,1,0,-97,507,16,14.2047289894177,0,-4.25773195876289,0.125,-0.0284457478005865,0.167587976539589,0,198.9,249.9
2009,REG+POST,00-0024824,,Matt Gutierrez,QB,QB,,1,KC,1,1,3,0,0,0,0,0,0,2,1,0,-0.911058197030798,0,1.5,,0,0,0,0,0,0,,0,0,0,0,0,0,0,0,0,0,,0,,,,,0,0.12,0.12
2009,REG+POST,00-0024825,,Jake Nordin,FB,RB,,2,DET,0,0,0,0,0,0,0,0,0,0,0,0,,0,,,0,0,0,0,0,0,,0,2,3,26,0,0,0,26,6,2,1.98973188368836,0,1.0,0.046875,0.0552016985138004,0.10895368895966,0,2.6,4.6
2009,REG+POST,00-0024846,,Gary Russell,RB,RB,,6,LV,0,0,0,0,0,0,0,0,0,0,0,0,,0,,,3,0,0,0,0,1,-1.22647246799897,0,12,15,96,0,0,0,-5,101,6,3.27337993530091,0,-19.2,0.0728155339805825,-0.003012048192771,0.107114867235934,0,9.6,21.6
2009,REG+POST,00-0025388,,JaMarcus Russell,QB,QB,,12,LV,121,247,1290,3,11,32,207,9,6,2300,594,58,-120.682557104429,0,0.560869565217391,-0.0339673694890206,19,45,0,0,0,9,3.70216775918379,0,0,0,0,0,0,0,0,0,0,,0,,,,,0,34.1,34.1
2009,REG+POST,00-0025389,,Calvin Johnson,WR,WR,"https://static.www.nfl.com/image/private/f_auto,q_auto/league/z6dxib9sientn4m9cljh",14,DET,0,0,0,0,0,0,0,0,0,0,0,0,,0,,,7,73,0,0,0,5,5.3973337119678,0,67,136,984,5,3,2,1750,329,46,1.59743134481903,0,0.562285714285714,0.264077669902913,0.417461832061069,0.688339787297117,0,131.7,198.7
2009,REG+POST,00-0025394,A.Peterson,Adrian Peterson,RB,RB,"https://static.www.nfl.com/image/private/f_auto,q_auto/league/ug2ua3skqc9f6vkbowxc",18,MIN,0,0,0,0,0,0,0,0,0,0,0,0,,0,,,366,1574,21,8,5,82,-33.0973136574694,0,46,61,469,0,1,1,45,453,18,9.05884632856788,0,10.4222222222222,0.098546042003231,0.0093574547723019,0.154369281345458,0,318.3,364.3
2009,REG+POST,00-0025396,T.Ginn,Ted Ginn,WR,WR,"https://static.www.nfl.com/image/private/f_auto,q_auto/league/o4m4txrv9l7odyebnea4",16,MIA,0,0,0,0,0,0,0,0,0,0,0,0,,0,,,7,48,0,0,0,2,1.05917633906938,0,38,78,454,1,0,0,1221,43,25,0.559678296524662,0,0.371826371826372,0.145794392523364,0.268469656992084,0.406620348679506,2,68.2,106.2
2009,REG+POST,00-0025399,M.Lynch,Marshawn Lynch,RB,RB,"https://static.www.nfl.com/image/private/f_auto,q_auto/league/ddhpebfqtr9yxsnbx9ht",13,BUF,0,0,0,0,0,0,0,0,0,0,0,0,,0,,,120,450,2,3,1,18,-21.414600009013,0,28,37,179,0,0,0,-7,199,6,-5.74420374352837,0,-25.5714285714286,0.128472222222222,-0.003709591944886,0.190111618971913,0,72.9,100.9
2009,REG+POST,00-0025409,,Brady Quinn,QB,QB,,10,CLE,136,256,1339,8,7,19,104,3,2,2144,669,73,-50.8349004491288,0,0.624533582089552,-0.0153523593437828,20,98,1,1,1,10,10.1015796368592,0,1,1,18,0,0,0,12,6,1,2.42110199551098,0,1.5,0.0285714285714286,0.0425531914893617,0.0726443768996961,0,83.16,84.16
2009,REG+POST,00-0025410,,Dwayne Bowe,WR,WR,"https://static.www.nfl.com/image/private/f_auto,q_auto/league/ihvktvkw198qeclu6mtk",11,KC,0,0,0,0,0,0,0,0,0,0,0,0,,0,,,0,0,0,0,0,0,,0,47,87,589,4,1,0,876,205,31,25.5288243918366,0,0.672374429223744,0.238356164383562,0.289778365861727,0.560379102678551,0,82.9,129.9
2009,REG+POST,00-0025414,,Robert Meachem,WR,WR,,18,NO,0,0,0,0,0,0,0,0,0,0,0,0,,0,,,7,86,0,0,0,4,6.46382709834143,0,49,71,747,9,2,1,1037,197,31,43.3615970503301,0,0.720347155255545,0.118136439267887,0.220732226479353,0.331717217437377,0,135.3,184.3
2009,REG+POST,00-0025417,,Craig Davis,WR,WR,,1,LAC,0,0,0,0,0,0,0,0,0,0,0,0,,0,,,1,4,0,0,0,0,-0.0395058633293957,0,6,7,52,0,0,0,67,23,4,5.82070336476318,0,0.776119402985075,0.155555555555556,0.215434083601286,0.384137191854234,0,5.6,11.6
2009,REG+POST,00-0025418,G.Olsen,Greg Olsen,TE,TE,"https://static.www.nfl.com/image/private/f_auto,q_auto/league/jevf1bubmrv2vvmiwq3r",16,CHI,0,0,0,0,0,0,0,0,0,0,0,0,,0,,,0,0,0,0,0,0,,0,60,108,612,8,0,0,1056,176,33,-2.75370545685784,0,0.579545454545455,0.194244604316547,0.228819068255688,0.451540254253802,0,109.2,169.2
2009,REG+POST,00-0025423,,Kevin Kolb,QB,QB,,3,PHI,62,96,741,4,3,4,33,1,1,687,359,31,-2.79361651774214,0,1.07860262008734,0.0743304782451911,4,5,1,1,0,1,0.504761275893543,0,0,0,0,0,0,0,0,0,0,,0,,,,,0,44.14,44.14
2009,REG+POST,00-0025425,,Zach Miller,TE,TE,,15,LV,0,0,0,0,0,0,0,0,0,0,0,0,,0,,,0,0,0,0,0,0,,0,66,100,805,3,0,0,836,367,31,9.00634996900722,0,0.962918660287081,0.22271714922049,0.193473732932192,0.469507336883269,0,98.5,164.5
2009,REG+POST,00-0025430,D.Stanton,Drew Stanton,QB,QB,"https://static.www.nfl.com/image/private/f_auto,q_auto/league/di5hc0mwbomreqx7ojbu",3,DET,26,51,259,0,6,5,27,1,1,457,129,12,-35.3477149494742,0,0.566739606126915,-0.0190799978933217,9,33,1,0,0,2,0.578480621945346,0,0,0,0,0,0,0,0,0,0,,0,,,,,0,5.66,5.66
2009,REG+POST,00-0025431,,Sidney Rice,WR,WR,,18,MIN,0,1,0,0,0,0,0,0,0,8,0,0,-0.450504095759243,0,0.0,,0,0,0,0,0,0,,0,94,140,1496,12,1,1,1783,425,67,96.7050890089714,0,0.839035333707235,0.226171243941842,0.363432531593967,0.593659638028539,0,219.6,313.6
2009,REG+POST,00-0025432,,Dwayne Jarrett,WR,WR,,10,CAR,0,0,0,0,0,0,0,0,0,0,0,0,,0,,,0,0,0,0,0,0,,0,17,31,196,1,0,0,345,49,10,6.59310543099376,0,0.568115942028986,0.100323624595469,0.120460893854749,0.234808062591528,0,25.6,42.6
2009,REG+POST,00-0025438,,Steve Smith,WR,WR,,16,NYG,0,0,0,0,0,0,0,0,0,0,0,0,,0,,,0,0,0,0,0,0,,0,107,157,1220,7,0,0,1762,266,61,56.2360455739311,0,0.692395005675369,0.294007490636704,0.370401513558966,0.700292295446332,0,164.0,271.0
2009,REG+POST,00-0025439,,Brian Leonard,RB,RB,,15,CIN,0,0,0,0,0,0,0,0,0,0,0,0,,0,,,27,84,0,0,0,6,-2.37148493814245,0,32,38,224,0,1,1,55,199,13,7.07110507815551,1,4.07272727272727,0.0855855855855856,0.015979081929111,0.139563735728756,0,30.8,62.8
2009,REG+POST,00-0025450,,Brandon Jackson,RB,RB,,12,GB,0,0,0,0,0,0,0,0,0,0,0,0,,0,,,39,117,2,1,0,5,-7.41044258915381,0,22,27,186,1,0,0,2,201,11,9.56408000953019,1,93.0,0.074792243767313,0.0006218905472636,0.112623689034054,0,50.3,72.3
2009,REG+POST,00-0025460,,Jacoby Jones,WR,WR,"https://static.www.nfl.com/image/private/f_auto,q_auto/league/yhjtycrpq7jtfarxkhcx",13,HOU,0,0,0,0,0,0,0,0,0,0,0,0,,0,,,3,22,0,0,0,1,0.672748205484822,0,27,40,437,6,0,0,496,138,19,18.2830695983061,0,0.881048387096774,0.0836820083682008,0.136789851075565,0.221275908305197,1,87.9,114.9
2009,REG+POST,00-0025461,,Yamon Figurs,WR,WR,,2,DET,0,0,0,0,0,0,0,0,0,0,0,0,,0,,,1,-2,0,0,0,0,-1.09579654328991,0,1,2,7,0,0,0,13,2,1,-2.75330995104741,0,0.538461538461538,0.0571428571428571,0.0446735395189003,0.116985763377516,0,0.5,1.5
2009,REG+POST,00-0025462,,Laurent Robinson,WR,WR,,3,LA,0,0,0,0,0,0,0,0,0,0,0,0,,0,,,0,0,0,0,0,0,,0,13,23,167,1,0,0,295,43,11,11.0434725033921,0,0.566101694915254,0.23469387755102,0.40521978021978,0.635694662480377,0,22.7,35.7
2009,REG+POST,00-0025463,,Jason Hill,WR,WR,,10,SF,0,0,0,0,0,0,0,0,0,0,0,0,,0,,,0,0,0,0,0,0,,0,9,17,90,2,0,0,132,54,6,1.70141635420188,0,0.681818181818182,0.0482954545454545,0.0554854981084489,0.111283030494096,0,21.0,30.0
2009,REG+POST,00-0025464,,Matt Spaeth,TE,TE,"https://static.www.nfl.com/image/private/f_auto,q_auto/league/wywcnns8be7rzlrwnjwh",5,PIT,0,0,0,0,0,0,0,0,0,0,0,0,,0,,,0,0,0,0,0,0,,0,5,7,25,1,1,0,26,10,1,2.57223562523723,0,0.961538461538461,0.0382513661202186,0.0158633312995729,0.0684813810900289,0,8.5,13.5
2009,REG+POST,00-0025465,,James Jones,WR,WR,,17,GB,0,0,0,0,0,0,0,0,0,0,0,0,,0,,,0,0,0,0,0,0,,0,35,68,490,6,0,0,695,221,17,2.32086095129217,0,0.705035971223022,0.115254237288136,0.130174189923207,0.264003288878448,0,85.0,120.0
2009,REG+POST,00-0025466,,Mike Sims-Walker,WR,WR,,15,JAX,0,0,0,0,0,0,0,0,0,0,0,0,,0,,,0,0,0,0,0,0,,0,63,111,869,7,2,1,1226,281,43,25.8403716260486,0,0.708809135399674,0.230290456431535,0.308738353059683,0.561552531789081,0,126.9,189.9
2009,REG+POST,00-0025479,,Trent Edwards,QB,QB,,8,BUF,110,183,1169,6,7,22,129,1,0,1286,582,53,-31.6659662729587,0,0.909020217729393,0.0306478998464566,14,106,0,0,0,6,7.60618684913673,0,0,0,0,0,0,0,0,0,0,,0,,,,,0,67.36,67.36
2009,REG+POST,00-0025480,,Garrett Wolfe,RB,RB,,6,CHI,0,0,0,0,0,0,0,0,0,0,0,0,,0,,,22,120,1,0,0,6,1.59037155591068,0,2,3,12,0,0,0,-2,13,0,-1.72535397786335,0,-6.0,0.0326086956521739,-0.003690036900369,0.0463300176480026,0,19.2,21.2
2009,REG+POST,00-0025486,,Johnnie Lee Higgins,WR,WR,,10,LV,0,0,0,0,0,0,0,0,0,0,0,0,,0,,,2,21,0,0,0,1,0.575573022477329,0,19,45,263,0,0,0,582,26,14,-11.5586157535214,0,0.451890034364261,0.14018691588785,0.197087707416187,0.348241769023107,0,28.4,47.4
2009,REG+POST,00-0025487,,Michael Bush,RB,RB,,15,LV,0,1,0,0,0,0,0,0,0,17,0,0,-0.938599510285402,0,0.0,,123,589,3,1,1,22,-8.02650879361318,0,17,19,105,0,1,1,-17,130,3,-5.76838872778341,0,-6.17647058823529,0.0553935860058309,-0.0057803468208092,0.0790441362341799,0,83.4,100.4
2009,REG+POST,00-0025490,,Isaiah Stanback,TE,TE,,3,NE,0,0,0,0,0,0,0,0,0,0,0,0,,0,,,0,0,0,0,0,0,,0,3,7,22,0,0,0,86,2,1,0.167757671442814,0,0.255813953488372,0.0578512396694215,0.0801491146318733,0.142881239746444,0,2.2,5.2
2009,REG+POST,00-0025524,,Le'Ron McClain,FB,RB,,18,BAL,0,0,0,0,0,0,0,0,0,0,0,0,,0,,,52,191,3,0,0,24,1.11888378378672,0,22,29,137,0,0,0,-39,181,6,0.111112164682709,0,-3.51282051282051,0.0588235294117647,-0.0098534613441131,0.0813378711767678,0,50.8,72.8
2009,REG+POST,00-0025529,,Steve Breaston,WR,WR,,16,ARI,0,0,0,0,0,0,0,0,0,0,0,0,,0,,,3,72,0,0,0,3,4.89432773127919,0,66,98,889,4,0,0,1106,200,41,25.1898296528954,0,0.80379746835443,0.168965517241379,0.241748633879781,0.422672319577916,0,120.1,186.1
2009,REG+POST,00-0025535,,Kolby Smith,RB,RB,,4,KC,0,0,0,0,0,0,0,0,0,0,0,0,,0,,,15,33,0,0,0,1,-6.64938848368587,0,2,2,9,0,0,0,-3,12,0,0.0753578080330044,0,-3.0,0.028169014084507,-0.0106761565836299,0.0347802115182196,0,4.2,6.2
2009,REG+POST,00-0025540,,Kevin Boss,TE,TE,,15,NYG,0,0,0,0,0,0,0,0,0,0,0,0,,0,,,1,16,0,0,0,1,0.80899415013846,0,42,69,567,5,0,0,569,230,26,21.9022245271719,0,0.996485061511424,0.134765625,0.125745856353591,0.290170536947514,0,88.3,130.3
2009,REG+POST,00-0025542,,Dante Rosario,TE,TE,,14,CAR,0,0,0,0,0,0,0,0,0,0,0,0,,0,,,0,0,0,0,0,0,,0,26,48,313,2,0,0,404,129,19,6.92180055190017,0,0.774752475247525,0.116504854368932,0.107848371596369,0.250251141670857,0,43.3,69.3
2009,REG+POST,00-0025544,,David Clowney,WR,WR,,10,NYJ,0,0,0,0,0,0,0,0,0,0,0,0,,0,,,3,1,0,0,0,1,-1.35815784451552,0,14,24,191,1,1,0,314,47,7,2.3631432630837,0,0.60828025477707,0.0987654320987654,0.124012638230648,0.234956994909602,0,25.2,39.2
2009,REG+POST,00-0025549,B.Celek,Brent Celek,TE,TE,"https://static.www.nfl.com/image/private/f_auto,q_auto/league/mit6ahic4gkdhy1hkejt",17,PHI,0,0,0,0,0,0,0,0,0,0,0,0,,0,,,0,0,0,0,0,0,,0,79,117,1030,8,0,0,796,478,45,40.8697457757051,0,1.29396984924623,0.201376936316695,0.158628935831008,0.413105659556749,0,151.0,230.0
2009,REG+POST,00-0025559,,Legedu Naanee,WR,WR,,14,LAC,1,1,21,0,0,0,0,0,0,-8,29,1,1.11260087927803,0,0.0,,3,7,0,0,0,1,-0.459132328862324,0,24,30,242,2,0,0,156,130,14,18.1456359271251,0,1.55128205128205,0.077319587628866,0.0416889363976483,0.145161636921653,0,37.74,61.74
2009,REG+POST,00-0025561,,Troy Smith,QB,QB,,3,BAL,5,9,24,0,1,0,0,0,0,83,16,1,-6.43256004090654,0,0.289156626506024,-0.0184168883727745,8,31,1,0,0,2,-1.92334739328362,0,0,0,0,0,0,0,0,0,0,,0,,,,,0,8.06,8.06
2009,REG+POST,00-0025562,,Oren O'Neal,FB,RB,,1,LV,0,0,0,0,0,0,0,0,0,0,0,0,,0,,,1,0,0,0,0,0,-0.473052908200771,0,0,0,0,0,0,0,0,0,0,,0,,,,,0,0.0,0.0
2009,REG+POST,00-0025578,,Korey Hall,RB,RB,,4,GB,0,0,0,0,0,0,0,0,0,0,0,0,,0,,,0,0,0,0,0,0,,0,5,7,41,0,0,0,29,27,2,1.33327628113329,0,1.41379310344828,0.0514705882352941,0.022568093385214,0.093003547722591,0,4.1,9.1
2009,REG+POST,00-0025582,,Deon Anderson,FB,RB,,5,DAL,0,0,0,0,0,0,0,0,0,0,0,0,,0,,,0,0,0,0,0,0,,0,1,5,5,0,0,0,13,0,0,-1.56594426970696,0,0.384615384615385,0.0290697674418605,0.0137857900318134,0.0532547041850601,0,0.5,1.5
2009,REG+POST,00-0025597,,Jordan Kent,WR,WR,,1,LA,0,0,0,0,0,0,0,0,0,0,0,0,,0,,,0,0,0,0,0,0,,0,1,3,5,0,0,0,4,5,1,-1.33043031359557,0,1.25,0.107142857142857,0.0222222222222222,0.176269841269841,0,0.5,1.5
2009,REG+POST,00-0025602,,Ben Patrick,TE,TE,,9,ARI,0,0,0,0,0,0,0,0,0,0,0,0,,0,,,0,0,0,0,0,0,,0,15,19,188,2,0,0,145,51,7,12.0459384699061,0,1.29655172413793,0.059190031152648,0.0570416994492526,0.128714236343449,0,30.8,45.8
2009,REG+POST,00-0025604,,Tyler Thigpen,QB,QB,,2,MIA,4,8,83,1,2,0,0,0,0,127,25,3,0.0082805441925302,0,0.653543307086614,0.0584651741322716,2,3,0,0,0,0,-1.00744207436219,0,0,0,0,0,0,0,0,0,0,,0,,,,,0,3.62,3.62
2009,REG+POST,00-0025609,,Derek Schouman,TE,TE,,2,BUF,0,0,0,0,0,0,0,0,0,0,0,0,,0,,,0,0,0,0,0,0,,0,9,11,103,0,0,0,76,45,4,0.567395065773238,0,1.35526315789474,0.196428571428571,0.162393162393162,0.408318070818071,0,10.3,19.3
2009,REG+POST,00-0025615,,DeShawn Wynn,RB,RB,,3,GB,0,0,0,0,0,0,0,0,0,0,0,0,,0,,,6,19,0,0,0,0,-2.00295171368634,0,2,7,19,0,0,0,7,15,1,-3.92885573544456,0,2.71428571428571,0.107692307692308,0.011844331641286,0.169829493687362,0,3.8,5.8
2009,REG+POST,00-0025622,,Chansi Stuckey,WR,WR,,14,CLE,0,0,0,0,0,0,0,0,0,0,0,0,,0,,,2,6,0,0,0,0,-0.188171116053127,0,30,65,318,2,0,0,560,137,21,-12.0977748849566,0,0.567857142857143,0.185714285714286,0.183847669074196,0.407264796923366,0,44.4,74.4
2009,REG+POST,00-0025631,,Jason Snelling,FB,RB,,14,ATL,0,0,0,0,0,0,0,0,0,0,0,0,,0,,,142,613,4,1,1,37,-2.86213802112616,0,30,39,259,1,1,0,68,214,13,7.43503311669937,0,3.80882352941176,0.0795918367346939,0.0165289256198347,0.130958003035925,0,115.2,145.2
2009,REG+POST,00-0025633,,Kenneth Darby,RB,RB,,14,LA,0,0,0,0,0,0,0,0,0,0,0,0,,0,,,27,152,0,0,0,5,1.51267450576415,0,18,24,96,0,0,0,26,84,6,-5.27849353175593,0,3.69230769230769,0.0554272517321016,0.0098709187547456,0.0900505207264744,0,24.8,42.8
2009,REG+POST,00-0025637,,Ahmad Bradshaw,RB,RB,"https://static.www.nfl.com/image/private/f_auto,q_auto/league/vlgcz2so2urjgowxz3tz",15,NYG,0,0,0,0,0,0,0,0,0,0,0,0,,0,,,163,778,7,3,2,46,0.646962250795372,0,21,30,207,0,0,0,-51,265,6,3.02981857013919,0,-4.05882352941176,0.0757575757575758,-0.0168986083499006,0.101807337791433,0,136.5,157.5
2009,REG+POST,00-0025672,,Tim Castille,FB,RB,,6,KC,0,1,0,0,1,0,0,0,0,26,0,0,-3.17607577028684,0,0.0,,14,55,0,1,1,3,-7.66005008789944,0,4,6,37,1,0,0,29,8,1,0.133332642435562,0,1.27586206896552,0.0444444444444444,0.0326209223847019,0.089501312335958,0,11.2,15.2
2009,REG+POST,00-0025701,,Jackie Battle,RB,RB,,4,KC,0,0,0,0,0,0,0,0,0,0,0,0,,0,,,7,21,0,0,0,3,2.15545649640262,0,2,2,-3,0,0,0,-10,7,0,-2.09149178001098,0,0.3,0.025,-0.0188679245283019,0.0242924528301887,0,1.8,3.8
2009,REG+POST,00-0025708,M.Moore,Matt Moore,QB,QB,"https://static.www.nfl.com/image/private/f_auto,q_auto/league/h04zarfikqlgerdftbgp",7,CAR,85,138,1053,8,2,9,78,1,0,1204,432,52,18.2463896580743,0,0.874584717607973,0.0908380084949379,12,-3,0,1,0,1,-0.179918535635807,0,0,0,0,0,0,0,0,0,0,,0,,,,,0,69.82,69.82
2009,REG+POST,00-0025841,,Louis Rankin,RB,RB,,4,SEA,0,0,0,0,0,0,0,0,0,0,0,0,,0,,,8,36,0,1,1,3,-4.12074125150684,0,5,7,33,0,0,0,-28,49,1,-0.489141893398482,0,-1.17857142857143,0.0486111111111111,-0.0261437908496732,0.0546160130718954,0,4.9,9.9
2009,REG+POST,00-0025860,,BenJarvus Green-Ellis,RB,RB,,6,NE,0,0,0,0,0,0,0,0,0,0,0,0,,0,,,26,114,0,0,0,6,-0.441585553053301,0,2,5,11,0,0,0,7,13,0,-2.06540026981384,0,1.57142857142857,0.043859649122807,0.0074231177094379,0.0709856560808171,0,12.5,14.5
2009,REG+POST,00-0025864,,Jonathan Stupar,TE,TE,,7,BUF,0,0,0,0,0,0,0,0,0,0,0,0,,0,,,0,0,0,0,0,0,,0,5,10,39,0,0,0,24,41,3,-1.45211748348083,0,1.625,0.0558659217877095,0.0164158686730506,0.0952899907526997,0,3.9,8.9
2009,REG+POST,00-0025934,,Lance Long,WR,WR,,8,KC,0,0,0,0,0,0,0,0,0,0,0,0,,0,,,1,-1,0,0,0,0,-0.726332062389702,0,20,38,178,0,0,0,294,77,6,-15.08280126506,0,0.605442176870748,0.134275618374558,0.124418112568769,0.288506106359975,0,17.7,37.7
2009,REG+POST,00-0025951,,Darius Reynaud,WR,WR,,2,MIN,0,0,0,0,0,0,0,0,0,0,0,0,,0,,,0,0,0,0,0,0,,0,0,2,0,0,0,0,12,0,0,-2.23591948626563,0,0.0,0.0298507462686567,0.0263736263736264,0.0632376578645235,0,0.0,0.0
2009,REG+POST,00-0025955,,Albert Young,RB,RB,,2,MIN,0,0,0,0,0,0,0,0,0,0,0,0,,0,,,12,53,0,0,0,3,-4.63729325169697,0,0,0,0,0,0,0,0,0,0,,0,,,,,0,5.3,5.3
2009,REG+POST,00-0025970,,Caleb Hanie,QB,QB,,2,CHI,3,7,11,0,1,0,0,0,0,46,6,0,-6.41903710557381,0,0.239130434782609,-0.0321572090733319,0,0,0,0,0,0,,0,0,0,0,0,0,0,0,0,0,,0,,,,,0,-1.56,-1.56
2009,REG+POST,00-0025992,,Samuel Giguere,WR,WR,,1,IND,0,0,0,0,0,0,0,0,0,0,0,0,,0,,,0,0,0,0,0,0,,0,0,2,0,0,0,0,33,0,0,-3.99690021085553,0,0.0,0.0571428571428571,0.133603238866397,0.179236552920763,0,0.0,0.0
2009,REG+POST,00-0025997,,Chad Simpson,RB,RB,,8,IND,0,0,0,0,0,0,0,0,0,0,0,0,,0,,,15,102,2,0,0,5,4.30286760785384,0,3,4,1,0,0,0,-20,25,0,-2.17686790414155,0,-0.05,0.0327868852459016,-0.0215982721382289,0.0340615373720922,1,28.3,31.3
2009,REG+POST,00-0026000,,Davone Bess,WR,WR,,16,MIA,0,0,0,0,0,0,0,0,0,0,0,0,,0,,,2,11,0,1,1,1,-2.96153770480305,0,76,113,758,2,2,1,850,287,48,18.076026629317,0,0.891764705882353,0.211214953271028,0.186895338610378,0.447649166933807,0,84.9,160.9
2009,REG+POST,00-0026008,,Matthew Mulligan,TE,TE,"https://static.www.nfl.com/image/private/f_auto,q_auto/league/okuwvdnxk6weqzz3tglf",1,NYJ,0,0,0,0,0,0,0,0,0,0,0,0,,0,,,0,0,0,0,0,0,,0,1,1,2,0,0,0,0,2,0,-0.436287251883186,0,0.0,0.0434782608695652,,,0,0.2,1.2
2009,REG+POST,00-0026019,D.Woodhead,Danny Woodhead,RB,RB,"https://static.www.nfl.com/image/private/f_auto,q_auto/league/gorlqe0etvc8ek5wob7j",8,NYJ,0,0,0,0,0,0,0,0,0,0,0,0,,0,,,15,64,0,0,0,2,-2.70226535973007,0,9,15,86,0,0,0,57,46,4,-4.42779522999299,0,1.50877192982456,0.115384615384615,0.0483050847457627,0.206890482398957,0,15.0,24.0
2009,REG+POST,00-0026022,,Jake Allen,WR,WR,,1,CLE,0,0,0,0,0,0,0,0,0,0,0,0,,0,,,0,0,0,0,0,0,,0,0,1,0,0,0,0,24,0,0,-0.50895227631554,0,0.0,0.0285714285714286,0.0851063829787234,0.102431610942249,0,0.0,0.0
2009,REG+POST,00-0026026,,Joey Haynos,TE,TE,,14,MIA,0,0,0,0,0,0,0,0,0,0,0,0,,0,,,0,0,0,0,0,0,,0,19,37,162,2,1,0,204,104,13,-2.03431263834995,0,0.794117647058824,0.0778947368421053,0.0508474576271187,0.152435325602141,0,28.2,47.2
2009,REG+POST,00-0026033,,Mike Cox,FB,RB,,10,KC,0,0,0,0,0,0,0,0,0,0,0,0,,0,,,3,5,1,0,0,2,3.12033410940785,0,10,13,79,0,0,0,31,51,3,2.17104135121917,0,2.54838709677419,0.0404984423676012,0.0109501942776404,0.0684127995457502,0,14.4,24.4
2009,REG+POST,00-0026035,D.Amendola,Danny Amendola,WR,WR,"https://static.www.nfl.com/image/private/f_auto,q_auto/league/etz06w7s0ardf49mnayz",14,LA,0,0,0,0,0,0,0,0,0,0,0,0,,0,,,3,-2,0,0,0,0,0.104514720849693,0,43,63,326,1,1,0,309,186,20,-6.96885421998783,0,1.05501618122977,0.133192389006343,0.0954292773316862,0.266589077641694,0,38.4,81.4
2009,REG+POST,00-0026069,M.Tolbert,Mike Tolbert,FB,RB,"https://static.www.nfl.com/image/private/f_auto,q_auto/league/frwhwdhbcteyg7xjha7a",13,LAC,0,0,0,0,0,0,0,0,0,0,0,0,,0,,,25,148,1,0,0,10,9.38688604388153,0,18,23,198,3,1,0,18,188,9,11.5166295264207,0,11.0,0.0616621983914209,0.005851755526658,0.096589526455792,0,58.6,76.6
2009,REG+POST,00-0026100,,Nate Hughes,WR,WR,,5,JAX,0,0,0,0,0,0,0,0,0,0,0,0,,0,,,0,0,0,0,0,0,,0,5,12,70,1,0,0,218,14,2,-1.712731724896,0,0.321100917431193,0.08,0.164777021919879,0.235343915343915,0,13.0,18.0
2009,REG+POST,00-0026113,,Clifton Smith,RB,RB,,4,TB,0,0,0,0,0,0,0,0,0,0,0,0,,0,,,4,7,0,2,1,0,-5.34766571904765,0,2,5,4,0,0,0,2,3,0,-3.14983192353975,0,2.0,0.043859649122807,0.0019436345966958,0.0671500179018976,0,-0.9,1.1
2009,REG+POST,00-0026121,,Lynell Hamilton,RB,RB,,7,NO,0,0,0,0,0,0,0,0,0,0,0,0,,0,,,41,147,3,0,0,15,1.69779025245225,0,5,8,48,0,0,0,-8,52,4,-2.16089255240513,0,-6.0,0.0816326530612245,-0.0298507462686567,0.101553457203777,0,37.5,42.5
2009,REG+POST,00-0026123,,Evan Moore,TE,TE,,5,CLE,0,0,0,0,0,0,0,0,0,0,0,0,,0,,,0,0,0,0,0,0,,0,12,23,158,0,0,0,217,65,8,5.70966120370956,0,0.728110599078341,0.211009174311927,0.219635627530364,0.470258700739145,0,15.8,27.8
2009,REG+POST,00-0026132,,Matt Lawrence,RB,RB,,1,BAL,0,0,0,0,0,0,0,0,0,0,0,0,,0,,,4,0,0,0,0,0,-2.79565498308511,0,1,1,4,0,0,0,1,3,0,-0.0671016808482818,0,4.0,0.027027027027027,0.0030211480362537,0.0426553441659182,0,0.4,1.4
2009,REG+POST,00-0026143,M.Ryan,Matt Ryan,QB,QB,"https://static.www.nfl.com/image/private/f_auto,q_auto/league/s6zam4ekrrnonsck6vak",14,ATL,263,451,2916,22,14,19,92,5,2,3746,1172,152,47.7101053800481,0,0.778430325680726,0.087717489002767,30,49,1,0,0,9,-4.75919554217235,0,0,0,0,0,0,0,0,0,0,,0,,,,,0,183.54,183.54
2009,REG+POST,00-0026144,D.McFadden,Darren McFadden,RB,RB,"https://static.www.nfl.com/image/private/f_auto,q_auto/league/bfvionxxsfckmjqtw4kv",12,LV,0,0,0,0,0,0,0,0,0,0,0,0,,0,,,104,356,1,4,3,13,-31.0651871240018,0,21,36,245,0,1,0,140,186,10,-2.35183847507131,0,1.75,0.101123595505618,0.0390407138873397,0.179013892979565,0,60.1,81.1
2009,REG+POST,00-0026153,J.Stewart,Jonathan Stewart,RB,RB,"https://static.www.nfl.com/image/private/f_auto,q_auto/league/dzvxfj3xrgnzc3jbag2n",16,CAR,0,0,0,0,0,0,0,0,0,0,0,0,,0,,,221,1133,10,3,2,54,14.3679904925082,0,18,26,139,1,0,0,47,105,7,3.39705439761747,0,2.95744680851064,0.0677083333333333,0.0139424503114803,0.111322215218036,0,189.2,207.2
2009,REG+POST,00-0026157,,Gosder Cherilus,T,OL,"https://static.www.nfl.com/image/private/f_auto,q_auto/league/qzvveknwpa34fdbuxpvl",1,DET,0,0,0,0,0,0,0,0,0,0,0,0,,0,,,0,0,0,0,0,0,,0,0,1,0,0,0,0,-5,0,0,-2.10155815235339,0,0.0,0.0294117647058824,-0.0213675213675214,0.0291603821015586,0,0.0,0.0
2009,REG+POST,00-0026158,J.Flacco,Joe Flacco,QB,QB,"https://static.www.nfl.com/image/upload/f_auto,q_auto/league/yxvyoeojkif7tnfviamc",18,BAL,339,544,3836,21,15,38,230,6,2,4640,1804,199,38.2118306366455,0,0.826724137931035,0.0892678426812107,41,69,0,2,0,11,-0.810804214583563,0,0,0,0,0,0,0,0,0,0,,0,,,,,0,210.34,210.34
2009,REG+POST,00-0026162,,Felix Jones,RB,RB,,16,DAL,0,0,0,0,0,0,0,0,0,0,0,0,,0,,,146,902,4,2,1,34,9.8707113962995,0,23,28,171,0,0,0,-14,208,7,0.427628733159509,0,-12.2142857142857,0.0639269406392694,-0.0048543689320388,0.0924923527064769,0,129.3,152.3
2009,REG+POST,00-0026163,,Rashard Mendenhall,RB,RB,,15,PIT,0,0,0,0,0,0,0,0,0,0,0,0,,0,,,242,1108,7,3,3,48,-13.4865429617348,0,25,32,261,1,0,0,92,228,13,9.39804532857438,0,2.83695652173913,0.073394495412844,0.0256267409470752,0.128030461782219,0,178.9,203.9
2009,REG+POST,00-0026164,C.Johnson,Chris Johnson,RB,RB,"https://static.www.nfl.com/image/private/f_auto,q_auto/league/ryf9nc84eovvdbf0cz79",16,TEN,0,1,0,0,0,0,0,0,0,3,0,0,-1.52465859805632,0,0.0,,358,2006,14,3,3,79,21.1322019372663,1,50,71,503,2,0,0,-5,542,18,9.79132949988533,0,-100.6,0.151709401709402,-0.0012804097311139,0.226667815752323,0,342.9,392.9
2009,REG+POST,00-0026170,,Dustin Keller,TE,TE,,19,NYJ,0,0,0,0,0,0,0,0,0,0,0,0,,0,,,1,7,0,0,0,0,0.580600729677826,0,57,99,703,5,1,1,911,259,36,-11.9308247513079,1,0.771679473106476,0.218061674008811,0.217578218294722,0.479397263819521,0,101.0,158.0
2009,REG+POST,00-0026173,,Donnie Avery,WR,WR,,16,LA,0,0,0,0,0,0,0,0,0,0,0,0,,0,,,4,30,0,0,0,1,1.3724679191364,0,47,97,589,5,1,1,1075,264,28,-23.6697804373039,0,0.547906976744186,0.180970149253731,0.284241142252776,0.47042402345754,0,89.9,136.9
2009,REG+POST,00-0026174,,Devin Thomas,WR,WR,,13,WAS,0,0,0,0,0,0,0,0,0,0,0,0,,0,,,3,-2,0,0,0,0,-1.95711971377023,0,25,47,325,3,0,0,507,155,16,17.4384267128694,0,0.641025641025641,0.118686868686869,0.181525241675618,0.305097972203235,0,50.3,75.3
2009,REG+POST,00-0026176,J.Nelson,Jordy Nelson,WR,WR,"https://static.www.nfl.com/image/private/f_auto,q_auto/league/bde2n4ozsakatgs4yyp2",13,GB,0,0,0,0,0,0,0,0,0,0,0,0,,0,,,0,0,0,0,0,0,,0,23,33,330,3,0,0,396,94,16,20.8477765216376,0,0.833333333333333,0.0723684210526316,0.0988270526578488,0.177731568439442,0,51.0,74.0
2009,REG+POST,00-0026178,,John Carlson,TE,TE,,16,SEA,0,0,0,0,0,0,0,0,0,0,0,0,,0,,,0,0,0,0,0,0,,0,51,83,574,7,0,0,603,280,27,25.5960657928554,0,0.951907131011609,0.137417218543046,0.141052631578947,0.304862669919833,0,99.4,150.4
2009,REG+POST,00-0026181,,James Hardy,WR,WR,,1,BUF,0,0,0,0,0,0,0,0,0,0,0,0,,0,,,0,0,0,0,0,0,,0,1,1,9,0,0,0,7,2,0,0.668040101416409,0,1.28571428571429,0.0344827586206897,0.0406976744186047,0.0802125100240578,0,0.9,1.9
2009,REG+POST,00-0026182,,Eddie Royal,WR,WR,"https://static.www.nfl.com/image/private/f_auto,q_auto/league/xoejgvlit9inmaazsvk4",13,DEN,0,0,0,0,0,0,0,0,0,0,0,0,,0,,,1,1,0,0,0,0,-0.83951130206591,0,37,79,345,0,0,0,652,124,23,-8.92767091023395,0,0.529141104294479,0.183720930232558,0.212863206007183,0.424585639553865,2,46.6,83.6
2009,REG+POST,00-0026184,M.Forte,Matt Forte,RB,RB,"https://static.www.nfl.com/image/private/f_auto,q_auto/league/olqssssjykcx7tx7xsy3",16,CHI,0,0,0,0,0,0,0,0,0,0,0,0,,0,,,258,929,4,5,3,39,-41.4627034225047,0,57,72,471,0,1,0,23,476,17,-1.42627040737546,1,20.4782608695652,0.129496402877698,0.0051638976201167,0.197859332650629,0,160.0,217.0
2009,REG+POST,00-0026186,,Jerome Simpson,WR,WR,,1,CIN,0,0,0,0,0,0,0,0,0,0,0,0,,0,,,0,0,0,0,0,0,,0,0,1,0,0,0,0,11,0,0,-0.326777686888818,0,0.0,0.0555555555555556,0.0632183908045977,0.127586206896552,0,0.0,0.0
2009,REG+POST,00-0026188,,Fred Davis,TE,TE,,15,WAS,0,0,0,0,0,0,0,0,0,0,0,0,,0,,,0,0,0,0,0,0,,0,48,76,509,6,0,0,470,256,31,3.5430303846619,0,1.08297872340426,0.152610441767068,0.138235294117647,0.325680368532955,0,86.9,134.9
2009,REG+POST,00-0026189,D.Jackson,DeSean Jackson,WR,WR,"https://static.www.nfl.com/image/private/f_auto,q_auto/league/pr5m864fqvnoozihylrh",16,PHI,0,0,0,0,0,0,0,0,0,0,0,0,,0,,,11,137,1,0,0,5,8.88737788690547,0,66,125,1181,10,2,1,1739,412,42,28.6090451726983,0,0.679125934445083,0.225631768953069,0.360713544907695,0.59094713486499,2,207.8,273.8
2009,REG+POST,00-0026191,,Malcolm Kelly,WR,WR,,15,WAS,0,0,0,0,0,0,0,0,0,0,0,0,,0,,,0,0,0,0,0,0,,0,25,41,347,0,0,0,493,176,15,8.16481437953189,0,0.703853955375254,0.0852390852390852,0.149529875644525,0.232529540809796,0,34.7,59.7
2009,REG+POST,00-0026193,,Limas Sweed,WR,WR,,4,PIT,0,0,0,0,0,0,0,0,0,0,0,0,,0,,,0,0,0,0,0,0,,0,1,5,5,0,0,0,0,1,0,-3.74726211645316,0,0.0,0.043859649122807,0.0,0.0657894736842105,0,0.5,1.5
2009,REG+POST,00-0026195,,Ray Rice,RB,RB,,18,BAL,0,1,0,0,0,0,0,0,0,0,0,0,-1.56817249394953,0,,,289,1565,9,3,3,60,6.84917542605584,0,87,114,762,1,1,0,19,802,30,3.45684217574454,0,40.1052631578947,0.206896551724138,0.004230683589401,0.313306306098788,0,286.7,373.7
2009,REG+POST,00-0026196,,Brian Brohm,QB,QB,,2,BUF,17,29,146,0,2,2,8,0,0,172,95,8,-9.78889915863112,0,0.848837209302326,-0.0193012377846675,3,-3,0,0,0,0,-3.57992305990774,0,0,0,0,0,0,0,0,0,0,,0,,,,,0,1.54,1.54
2009,REG+POST,00-0026197,C.Henne,Chad Henne,QB,QB,"https://static.www.nfl.com/image/private/f_auto,q_auto/league/ornr9pcnzveqlntqc7jx",14,MIA,274,451,2878,12,14,26,176,2,0,3778,1136,156,13.6420780746604,0,0.761778718898888,0.0620684554057247,16,32,1,2,0,3,-2.99330942030065,0,0,0,0,0,0,0,0,0,0,,0,,,,,0,144.32,144.32
2009,REG+POST,00-0026201,M.Bennett,Martellus Bennett,TE,TE,"https://static.www.nfl.com/image/private/f_auto,q_auto/league/repls3tq1d4jnvwmaqia",14,DAL,0,0,0,0,0,0,0,0,0,0,0,0,,0,,,0,0,0,0,0,0,,0,18,34,186,0,0,0,211,71,10,-2.63322932772438,0,0.881516587677725,0.0701030927835052,0.0587743732590529,0.146296700456595,0,18.6,36.6
2009,REG+POST,00-0026204,,Kevin Smith,RB,RB,,13,DET,0,0,0,0,0,0,0,0,0,0,0,0,,0,,,217,747,4,3,2,36,-32.1780128736727,0,40,56,409,1,0,0,52,378,16,4.75032328133575,0,7.86538461538462,0.117647058823529,0.0129772897429498,0.185554691055359,0,141.6,181.6
2009,REG+POST,00-0026209,,Jacob Hester,RB,RB,,13,LAC,0,0,0,0,0,0,0,0,0,0,0,0,,0,,,21,74,0,1,1,6,-9.3646339069237,0,10,12,39,0,0,0,3,40,1,-2.61959924624534,0,13.0,0.0452830188679245,0.001865671641791,0.0692304984511405,2,21.3,31.3
2009,REG+POST,00-0026210,,Earl Bennett,WR,WR,,16,CHI,0,0,0,0,0,0,0,0,0,0,0,0,,0,,,0,0,0,0,0,0,,0,54,88,717,2,1,0,765,302,32,7.33757472988044,1,0.937254901960784,0.158273381294964,0.165763813651138,0.353444741498242,1,91.7,145.7
2009,REG+POST,00-0026213,J.Charles,Jamaal Charles,RB,RB,"https://static.www.nfl.com/image/private/f_auto,q_auto/league/mdrlzgankwwjldxllgcx",15,KC,0,0,0,0,0,0,0,0,0,0,0,0,,0,,,190,1120,7,2,2,54,22.4525220318553,0,40,56,297,1,0,0,194,205,11,-5.74839161703577,1,1.53092783505155,0.12253829321663,0.050376525577772,0.219071007729386,1,193.7,233.7
2009,REG+POST,00-0026216,,Brad Cottam,TE,TE,,6,KC,0,0,0,0,0,0,0,0,0,0,0,0,,0,,,0,0,0,0,0,0,,0,9,15,120,0,0,0,100,55,6,-1.32977316033794,0,1.2,0.0735294117647059,0.0575705238917674,0.150593484371296,0,12.0,21.0
2009,REG+POST,00-0026221,,Early Doucet,WR,WR,,11,ARI,0,0,0,0,0,0,0,0,0,0,0,0,,0,,,0,0,0,0,0,0,,0,31,41,359,3,0,0,277,185,21,17.0865860012731,0,1.29602888086643,0.111716621253406,0.0914493232089799,0.231589458126395,0,53.9,84.9
2009,REG+POST,00-0026225,,Craig Stevens,TE,TE,,1,TEN,0,0,0,0,0,0,0,0,0,0,0,0,,0,,,0,0,0,0,0,0,,0,0,1,0,0,0,0,-7,0,0,-0.725792422890663,0,0.0,0.0294117647058824,-0.0235690235690236,0.027619330560507,0,0.0,0.0
2009,REG+POST,00-0026229,,Steve Slaton,RB,RB,,11,HOU,0,0,0,0,0,0,0,0,0,0,0,0,,0,,,131,437,3,5,3,26,-35.8893009292791,0,44,55,417,4,2,2,65,436,20,17.1399175072773,0,6.41538461538462,0.1375,0.0214097496706192,0.221236824769434,0,117.4,161.4
2009,REG+POST,00-0026231,,Jermichael Finley,TE,TE,,13,GB,0,0,0,0,0,0,0,0,0,0,0,0,,0,,,0,0,0,0,0,0,,0,61,80,835,5,1,1,683,356,35,57.3106661760538,0,1.22254758418741,0.175438596491228,0.174948770491803,0.385622034081104,0,111.5,172.5
2009,REG+POST,00-0026235,,Mario Manningham,WR,WR,,14,NYG,0,0,0,0,0,0,0,0,0,0,0,0,,0,,,0,0,0,0,0,0,,0,57,99,822,5,1,1,1173,269,41,24.586929985863,0,0.70076726342711,0.211087420042644,0.27710843373494,0.510607033678424,0,110.2,167.2
2009,REG+POST,00-0026237,,Andre Caldwell,WR,WR,,17,CIN,0,0,0,0,0,0,0,0,0,0,0,0,,0,,,3,22,0,1,0,2,0.464310220442712,0,53,88,457,3,1,0,758,131,31,14.1364260212477,0,0.602902374670185,0.174950298210736,0.184428223844282,0.391525204007101,0,65.9,118.9
2009,REG+POST,00-0026262,,Tashard Choice,RB,RB,,17,DAL,0,0,0,0,0,0,0,0,0,0,0,0,,0,,,79,392,4,0,0,24,6.91403550288189,1,16,25,138,0,0,0,10,127,7,5.37988212280064,0,13.8,0.0706214689265537,0.0043898156277436,0.109005074329251,0,79.0,95.0
2009,REG+POST,00-0026266,,Lavelle Hawkins,WR,WR,,6,TEN,0,0,0,0,0,0,0,0,0,0,0,0,,0,,,0,0,0,0,0,0,,0,7,14,110,0,0,0,137,37,5,2.98966855973075,0,0.802919708029197,0.0760869565217391,0.0780182232346242,0.168743191046846,0,11.0,18.0
2009,REG+POST,00-0026267,,Jacob Tamme,TE,TE,"https://static.www.nfl.com/image/private/f_auto,q_auto/league/kfyqh9qmtwufzixwuoo2",5,IND,0,0,0,0,0,0,0,0,0,0,0,0,,0,,,0,0,0,0,0,0,,0,3,10,35,0,0,0,104,12,2,-7.31568961136509,0,0.336538461538462,0.0564971751412429,0.0652037617554859,0.130388395940705,0,3.5,6.5
2009,REG+POST,00-0026268,,Keenan Burton,WR,WR,,9,LA,0,0,0,0,0,0,0,0,0,0,0,0,,0,,,0,0,0,0,0,0,,0,25,44,253,0,0,0,439,82,17,-11.441005210799,0,0.57630979498861,0.150170648464164,0.205620608899297,0.369190398925754,0,25.3,50.3
2009,REG+POST,00-0026272,,Derek Fine,TE,TE,,5,BUF,0,0,0,0,0,0,0,0,0,0,0,0,,0,,,0,0,0,0,0,0,,0,9,18,64,0,0,0,48,33,1,-3.56891768903006,0,1.33333333333333,0.119205298013245,0.0428571428571429,0.208807947019868,0,6.4,15.4
2009,REG+POST,00-0026276,,Kenny Moore,WR,WR,"https://static.www.nfl.com/image/private/f_auto,q_auto/league/eow7nvqy3jeaznmadhlh",8,CAR,0,0,0,0,0,0,0,0,0,0,0,0,,0,,,0,0,0,0,0,0,,0,6,12,59,0,0,0,103,17,1,-0.729933669831904,0,0.572815533980583,0.0476190476190476,0.0538421327757449,0.109118064371593,0,5.9,11.9
2009,REG+POST,00-0026281,,Gary Barnidge,TE,TE,"https://static.www.nfl.com/image/private/f_auto,q_auto/league/qhfzxti66ga02dok4etx",8,CAR,0,0,0,0,0,0,0,0,0,0,0,0,,0,,,0,0,0,0,0,0,,0,12,21,242,0,1,0,315,98,8,0.991785227893944,0,0.768253968253968,0.0850202429149798,0.135893011216566,0.222655472224066,0,24.2,36.2
2009,REG+POST,00-0026286,,Jerome Felton,FB,RB,"https://static.www.nfl.com/image/private/f_auto,q_auto/league/mkg1584egfz8psc6gca7",12,DET,0,0,0,0,0,0,0,0,0,0,0,0,,0,,,15,46,0,0,0,7,-1.60424755612621,0,13,17,133,0,0,0,54,86,5,1.97492923453683,0,2.46296296296296,0.0476190476190476,0.0174418604651163,0.0836378737541528,0,17.9,30.9
2009,REG+POST,00-0026289,T.Hightower,Tim Hightower,RB,RB,"https://static.www.nfl.com/image/private/f_auto,q_auto/league/azokebvu5bctrltqy38r",18,ARI,0,0,0,0,0,0,0,0,0,0,0,0,,0,,,156,704,10,6,4,35,-22.2011469304562,0,69,87,476,0,0,0,-10,493,25,-2.480712391238,0,-47.6,0.13302752293578,-0.0023180343069077,0.197918660388834,0,170.0,239.0
2009,REG+POST,00-0026293,M.Slater,Matt Slater,WR,WR,"https://static.www.nfl.com/image/private/f_auto,q_auto/league/cs1ojdzhxjuanbw6vflv",2,NE,0,0,0,0,0,0,0,0,0,0,0,0,,0,,,1,6,0,0,0,0,0.261977211979684,0,0,1,0,0,0,0,25,0,0,-0.343415601644665,0,0.0,0.0238095238095238,0.0886524822695036,0.0977710233029382,0,0.6,0.6
2009,REG+POST,00-0026296,,Dennis Dixon,QB,QB,,1,PIT,12,26,145,1,1,0,0,0,0,262,80,6,-6.49554102218345,0,0.553435114503817,-0.05049703508647,3,27,1,0,0,3,4.34269611223135,0,0,0,0,0,0,0,0,0,0,,0,,,,,0,16.5,16.5
2009,REG+POST,00-0026298,,Kellen Davis,TE,TE,"https://static.www.nfl.com/image/private/f_auto,q_auto/league/bftuje5hq6fnlmpc0uhy",5,CHI,0,0,0,0,0,0,0,0,0,0,0,0,,0,,,0,0,0,0,0,0,,0,9,14,75,3,0,0,119,17,5,-1.87549766508164,0,0.630252100840336,0.0748663101604278,0.096045197740113,0.179531103658721,0,25.5,34.5
2009,REG+POST,00-0026300,J.Johnson,Josh Johnson,QB,QB,"https://static.www.nfl.com/image/upload/f_auto,q_auto/league/gbaye18gptzb1jpyswv8",5,TB,63,125,685,4,8,11,59,4,0,1008,280,32,-30.1914300027751,0,0.679563492063492,-0.0259946872119105,22,148,0,3,1,7,-1.15517459070268,0,0,0,0,0,0,0,0,0,0,,0,,,,,0,40.2,40.2
2009,REG+POST,00-0026303,,Owen Schmitt,FB,RB,,6,SEA,0,0,0,0,0,0,0,0,0,0,0,0,,0,,,0,0,0,0,0,0,,0,6,10,21,1,0,0,27,16,2,-3.06227052559314,0,0.777777777777778,0.0442477876106195,0.0276923076923077,0.0857562968005446,0,8.1,14.1
2009,REG+POST,00-0026314,,Josh Morgan,WR,WR,,15,SF,0,0,0,0,0,0,0,0,0,0,0,0,,0,,,5,61,0,0,0,3,3.92691621865379,0,52,81,527,3,0,0,526,247,20,0.412422719307163,0,1.00190114068441,0.163967611336032,0.148336153412296,0.349786724392656,0,76.8,128.8
2009,REG+POST,00-0026316,,Jalen Parmele,RB,RB,,1,BAL,0,0,0,0,0,0,0,0,0,0,0,0,,0,,,5,17,0,0,0,0,-0.722840749192983,0,0,0,0,0,0,0,0,0,0,,0,,,,,0,1.7,1.7
2009,REG+POST,00-0026319,,Xavier Omon,RB,RB,,3,BUF,0,0,0,0,0,0,0,0,0,0,0,0,,0,,,5,22,0,0,0,0,-0.547646049235482,0,0,1,0,0,0,0,2,0,0,-0.405335495132022,0,0.0,0.032258064516129,0.0060975609756097,0.0526553894571204,0,2.2,2.2
2009,REG+POST,00-0026333,,Jaymar Johnson,WR,WR,,1,MIN,0,0,0,0,0,0,0,0,0,0,0,0,,0,,,0,0,0,0,0,0,,0,1,1,9,0,0,0,9,0,0,0.367146050324664,0,1.0,0.0196078431372549,0.0191897654584222,0.0428446005267779,0,0.9,1.9
2009,REG+POST,00-0026336,,Tom Santi,TE,TE,,3,IND,0,0,0,0,0,0,0,0,0,0,0,0,,0,,,0,0,0,0,0,0,,0,8,11,107,0,1,1,116,34,6,1.24791314837057,0,0.922413793103448,0.112244897959184,0.121465968586387,0.253393524949247,0,8.7,16.7
2009,REG+POST,00-0026342,,Mike Hart,RB,RB,,7,IND,0,0,0,0,0,0,0,0,0,0,0,0,,0,,,35,88,1,0,0,6,-7.59142211337407,0,6,9,63,0,0,0,35,37,3,1.95692196871244,0,1.8,0.0478723404255319,0.0237127371273713,0.0884074266274578,0,21.1,27.1
2009,REG+POST,00-0026344,,Lex Hilliard,FB,RB,,7,MIA,0,0,0,0,0,0,0,0,0,0,0,0,,0,,,23,89,1,0,0,5,-3.30297757993685,0,20,20,158,2,0,0,34,124,5,10.9235620943267,0,4.64705882352941,0.0738007380073801,0.0147954743255004,0.12105793903892,0,42.7,62.7
2009,REG+POST,00-0026345,P.Garcon,Pierre Garcon,WR,WR,"https://static.www.nfl.com/image/private/f_auto,q_auto/league/xwjogot7xrfj9qwhsgtn",17,IND,0,0,0,0,0,0,0,0,0,0,0,0,,0,,,2,10,0,0,0,1,1.68138180254027,0,68,124,1016,6,1,0,1615,373,46,38.3885703459669,0,0.629102167182663,0.187311178247734,0.282046804051694,0.478399530207787,0,138.6,206.6
2009,REG+POST,00-0026349,,Matt Flynn,QB,QB,"https://static.www.nfl.com/image/private/f_auto,q_auto/league/goh8anyqhyvmkfmfbejp",4,GB,7,12,58,0,1,1,6,0,0,93,42,4,-7.93741188059182,0,0.623655913978495,0.0190953663452326,5,-5,0,0,0,0,-3.7654705515597,0,0,0,0,0,0,0,0,0,0,,0,,,,,0,-0.18,-0.18
2009,REG+POST,00-0026355,,Justin Harper,WR,WR,,1,BAL,0,0,0,0,0,0,0,0,0,0,0,0,,0,,,0,0,0,0,0,0,,0,0,1,0,0,0,0,8,0,0,-0.659946607425809,0,0.0,0.0303030303030303,0.0242424242424242,0.0624242424242424,0,0.0,0.0
2009,REG+POST,00-0026357,,Brett Swain,WR,WR,,1,GB,0,0,0,0,0,0,0,0,0,0,0,0,,0,,,0,0,0,0,0,0,,0,0,1,0,0,0,0,13,0,0,-0.0629686707433321,0,0.0,0.0277777777777778,0.0448275862068966,0.0730459770114943,0,0.0,0.0
2009,REG+POST,00-0026364,,Steve Johnson,WR,WR,"https://static.www.nfl.com/image/private/f_auto,q_auto/league/vlyzq1v53slatimy6v5q",3,BUF,0,0,0,0,0,0,0,0,0,0,0,0,,0,,,0,0,0,0,0,0,,0,2,3,10,0,0,0,10,0,1,-1.14272417454049,0,1.0,0.0379746835443038,0.0237529691211401,0.0735891037012538,0,1.0,3.0
2009,REG+POST,00-0026366,,Chaz Schilens,WR,WR,,8,LV,0,0,0,0,0,0,0,0,0,0,0,0,,0,,,0,0,0,0,0,0,,0,29,52,365,2,0,0,586,92,17,3.66074334222858,0,0.622866894197952,0.188405797101449,0.229984301412873,0.443597706641185,0,48.5,77.5
2009,REG+POST,00-0026367,,Peyton Hillis,RB,RB,,8,DEN,0,0,0,0,0,0,0,0,0,0,0,0,,0,,,13,54,1,0,0,4,-1.2957696953672,0,4,6,19,0,0,0,9,15,0,-2.50143533587107,0,2.11111111111111,0.0504201680672269,0.0308219178082192,0.0972055945665938,0,13.3,17.3
2009,REG+POST,00-0026372,,Keith Zinger,TE,TE,,1,ATL,0,0,0,0,0,0,0,0,0,0,0,0,,0,,,0,0,0,0,0,0,,0,0,1,0,0,0,0,4,0,0,-0.396491570281796,0,0.0,0.025,0.0121212121212121,0.0459848484848485,0,0.0,0.0
2009,REG+POST,00-0026373,,Justin Forsett,RB,RB,"https://static.www.nfl.com/image/private/f_auto,q_auto/league/o86dvbcs8dcubcpj6fnu",16,SEA,0,0,0,0,0,0,0,0,0,0,0,0,,0,,,114,619,4,2,1,29,-0.379744708251817,0,41,57,350,1,1,0,-53,406,12,-13.4421518774809,0,-6.60377358490566,0.108778625954198,-0.0158872901678657,0.152046835813792,0,124.9,165.9
2009,REG+POST,00-0026393,M.Reece,Marcel Reece,FB,RB,"https://static.www.nfl.com/image/private/f_auto,q_auto/league/nqy3arwxgk4lwh3pfrr3",2,LV,0,0,0,0,0,0,0,0,0,0,0,0,,0,,,0,0,0,0,0,0,,0,2,4,20,0,0,0,42,14,1,0.239824819087517,0,0.476190476190476,0.0481927710843374,0.0597439544807966,0.114109924763064,0,2.0,4.0
2009,REG+POST,00-0026396,,Maurice Purify,WR,WR,,1,CIN,0,0,0,0,0,0,0,0,0,0,0,0,,0,,,0,0,0,0,0,0,,0,0,1,0,0,0,0,10,0,0,-1.19099054535234,0,0.0,0.0434782608695652,0.0606060606060606,0.10764163372859,0,0.0,0.0
2009,REG+POST,00-0026453,,Dantrell Savage,RB,RB,,4,KC,0,0,0,0,0,0,0,0,0,0,0,0,,0,,,10,45,0,0,0,1,-1.6767277039805,0,7,11,51,0,0,0,36,46,2,-3.89477458647071,0,1.41666666666667,0.0990990990990991,0.0425029515938607,0.178400714764351,0,9.6,16.6
2009,REG+POST,00-0026491,,Stefan Logan,WR,WR,,1,PIT,0,0,0,0,0,0,0,0,0,0,0,0,,0,,,0,0,0,0,0,0,,0,1,1,5,0,0,0,-4,9,0,0.075517067220062,0,0.0,0.0217391304347826,-0.0074074074074074,0.0274235104669887,0,0.5,1.5
2009,REG+POST,00-0026498,M.Stafford,Matthew Stafford,QB,QB,"https://static.www.nfl.com/image/upload/f_auto,q_auto/league/xdlnnbapdbk8trxqlasu",10,DET,201,377,2267,13,20,23,169,4,1,3035,1192,111,-73.4178946968246,1,0.746952224052718,-0.0175044592952834,21,108,2,0,0,6,2.05911588971503,0,0,0,0,0,0,0,0,0,0,,0,,,,,0,125.48,125.48
2009,REG+POST,00-0026499,,Scott McKillop,LB,LB,,1,SF,0,0,0,0,0,0,0,0,0,0,0,0,,0,,,0,0,0,0,0,0,,0,0,0,0,0,0,0,0,0,0,,0,,,,,1,6.0,6.0
2009,REG+POST,00-0026562,,Tyler Grisham,WR,WR,,1,PIT,0,0,0,0,0,0,0,0,0,0,0,0,,0,,,0,0,0,0,0,0,,0,1,2,14,0,0,0,17,2,1,0.683716080555648,0,0.823529411764706,0.0606060606060606,0.0537974683544304,0.128567318757192,0,1.4,2.4
2009,REG+POST,00-0026579,,Kahlil Bell,RB,RB,,7,CHI,0,0,0,0,0,0,0,0,0,0,0,0,,0,,,40,220,0,0,0,9,2.88312622771923,0,1,3,4,0,0,0,-7,8,0,-1.62708620494232,0,-0.571428571428571,0.0309278350515464,-0.0105740181268882,0.0389899398884978,0,22.4,23.4
2009,REG+POST,00-0026607,,Brock Bolen,RB,RB,,2,JAX,0,0,0,0,0,0,0,0,0,0,0,0,,0,,,0,0,0,0,0,0,,0,0,3,0,0,0,0,28,0,0,-1.65209680690896,0,0.0,0.0394736842105263,0.0521415270018622,0.095709595217093,0,0.0,0.0
2009,REG+POST,00-0026625,B.Hoyer,Brian Hoyer,QB,QB,"https://static.www.nfl.com/image/private/f_auto,q_auto/league/japt3mj2xctm7saqndxn",4,NE,19,27,142,0,0,2,18,0,0,86,115,8,-4.66629154590595,0,1.65116279069767,0.0226825176116974,10,25,1,0,0,3,-3.70255431899568,0,0,0,0,0,0,0,0,0,0,,0,,,,,0,14.18,14.18
2009,REG+POST,00-0026658,,Zach Potter,TE,TE,,1,JAX,0,0,0,0,0,0,0,0,0,0,0,0,,0,,,0,0,0,0,0,0,,0,1,1,3,0,0,0,0,3,0,-0.328496861737222,0,0.0,0.0277777777777778,,,0,0.3,1.3
2009,REG+POST,00-0026669,,Colin Cloherty,TE,TE,,1,IND,0,0,0,0,0,0,0,0,0,0,0,0,,0,,,0,0,0,0,0,0,,0,1,1,2,0,0,0,2,0,0,-1.055431103101,0,1.0,0.0285714285714286,0.0080971659919028,0.0485251590514748,0,0.2,1.2
2009,REG+POST,00-0026716,,Quan Cosby,WR,WR,,6,CIN,0,0,0,0,0,0,0,0,0,0,0,0,,0,,,1,-2,0,0,0,0,1.27103161485866,0,7,10,81,0,0,0,89,22,4,4.77214022889057,0,0.910112359550562,0.0699300699300699,0.0807622504537205,0.161428680212709,0,7.9,14.9
2009,REG+POST,00-0026723,,Chris Pressley,FB,RB,,2,TB,0,0,0,0,0,0,0,0,0,0,0,0,,0,,,1,0,0,0,0,0,-2.22428457280978,0,1,1,2,0,0,0,1,1,0,-0.582591163925827,0,2.0,0.032258064516129,0.0037735849056603,0.0510286062081558,0,0.2,1.2
2009,REG+POST,00-0026753,,Charly Martin,WR,WR,,2,CAR,0,0,0,0,0,0,0,0,0,0,0,0,,0,,,0,0,0,0,0,0,,0,1,2,6,0,0,0,5,1,0,-1.37332766409963,0,1.2,0.0465116279069768,0.0297619047619048,0.0906007751937984,0,0.6,1.6
2009,REG+POST,00-0026757,,Kory Sperry,TE,TE,,4,MIA,0,0,0,0,0,0,0,0,0,0,0,0,,0,,,0,0,0,0,0,0,,0,3,6,31,1,0,0,54,4,3,1.16501207504189,0,0.574074074074074,0.041958041958042,0.0487804878048781,0.0970834044004776,0,9.1,12.1
2009,REG+POST,00-0026769,,Kory Sheets,RB,RB,,1,MIA,0,0,0,0,0,0,0,0,0,0,0,0,,0,,,1,5,0,0,0,0,0.631290483986959,0,0,0,0,0,0,0,0,0,0,,0,,,,,0,0.5,0.5
2009,REG+POST,00-0026780,,Kevin Ogletree,WR,WR,,7,DAL,0,0,0,0,0,0,0,0,0,0,0,0,,0,,,1,6,0,0,0,0,0.301745654898696,0,8,9,101,0,0,0,46,69,6,9.6236314314627,0,2.19565217391304,0.0364372469635628,0.0273321449792038,0.0737883719307868,0,10.7,18.7
2009,REG+POST,00-0026790,,Tyrell Sutton,RB,RB,,6,CAR,0,0,0,0,0,0,0,0,0,0,0,0,,0,,,12,68,0,0,0,3,-0.0145904260070515,0,6,11,62,0,0,0,32,62,4,-0.329955997876823,0,1.9375,0.0591397849462366,0.0241874527588813,0.105640894350572,0,13.0,19.0
2009,REG+POST,00-0026796,,Arian Foster,RB,RB,,4,HOU,0,0,0,0,0,0,0,0,0,0,0,0,,0,,,54,257,3,0,0,15,6.42366962245433,0,8,9,93,0,1,1,23,74,4,1.00623665817911,0,4.04347826086957,0.0789473684210526,0.0233265720081136,0.134749653037258,0,51.0,59.0
2009,REG+POST,00-0026898,M.Sanchez,Mark Sanchez,QB,QB,"https://static.www.nfl.com/image/private/f_auto,q_auto/league/e12qugcuc1cpgkf0crfn",18,NYJ,237,431,2983,16,22,27,202,8,3,4062,1222,149,-55.8875638073029,2,0.734367306745446,0.0177958634726502,42,104,3,2,0,15,3.61967782297547,0,0,0,0,0,0,0,0,0,0,,0,,,,,0,165.72,165.72
2009,REG+POST,00-0026899,,Shonn Greene,RB,RB,,16,NYJ,0,0,0,0,0,0,0,0,0,0,0,0,,0,,,163,845,4,3,3,37,0.0503715986851603,0,1,5,4,0,0,0,5,1,0,-3.0664708641707,0,0.8,0.0393700787401575,0.0041017227235438,0.0619263240167169,0,102.9,103.9
2009,REG+POST,00-0026901,M.Wallace,Mike Wallace,WR,WR,"https://static.www.nfl.com/image/private/f_auto,q_auto/league/dy9z5wbsitf6l9psjq4y",16,PIT,0,0,0,0,0,0,0,0,0,0,0,0,,0,,,5,48,0,0,0,2,3.52730436285492,0,39,72,756,6,1,1,1316,143,28,31.6046199893882,0,0.574468085106383,0.134831460674157,0.271788517141677,0.39249915301041,0,114.4,153.4
2009,REG+POST,00-0026902,,Ramses Barden,WR,WR,,1,NYG,0,0,0,0,0,0,0,0,0,0,0,0,,0,,,0,0,0,0,0,0,,0,1,1,16,0,0,0,7,9,1,1.96511325985193,0,2.28571428571429,0.0357142857142857,0.05,0.0885714285714286,0,1.6,2.6
2009,REG+POST,00-0026908,,Anthony Hill,TE,TE,,1,HOU,0,0,0,0,0,0,0,0,0,0,0,0,,0,,,0,0,0,0,0,0,,0,1,2,9,0,0,0,9,6,0,-0.0894781590322964,0,1.0,0.0487804878048781,0.0303030303030303,0.0943828529194383,0,0.9,1.9
2009,REG+POST,00-0026913,,Johnny Knox,WR,WR,,15,CHI,0,0,0,0,0,0,0,0,0,0,0,0,,0,,,0,0,0,0,0,0,,0,45,80,527,5,0,0,873,177,22,-17.1762413241153,0,0.603665521191294,0.153846153846154,0.204689331770223,0.374051763008387,1,88.7,133.7
2009,REG+POST,00-0026931,,Bear Pascoe,TE,TE,,1,NYG,0,0,0,0,0,0,0,0,0,0,0,0,,0,,,0,0,0,0,0,0,,0,1,1,9,0,0,0,-7,16,0,0.973963255062699,0,0.0,0.0333333333333333,-0.0372340425531915,0.023936170212766,0,0.9,1.9
2009,REG+POST,00-0026937,,Brandon Gibson,WR,WR,"https://static.www.nfl.com/image/private/f_auto,q_auto/league/surhprm3dsmqjollulmn",9,LA,0,0,0,0,0,0,0,0,0,0,0,0,,0,,,0,0,0,0,0,0,,0,34,69,348,1,2,1,677,110,23,-15.2989704697111,0,0.514032496307238,0.216300940438871,0.300755219902266,0.534980064589893,0,38.8,72.8
2009,REG+POST,00-0026941,,Bernard Scott,RB,RB,,9,CIN,0,0,0,0,0,0,0,0,0,0,0,0,,0,,,74,321,0,1,0,15,-5.51431082683291,0,5,8,67,0,0,0,-25,71,2,5.38951454521157,0,-2.68,0.0851063829787234,-0.0300120048019208,0.106651171106741,1,44.8,49.8
2009,REG+POST,00-0026953,,Sammie Stroughter,WR,WR,,13,TB,0,0,0,0,0,0,0,0,0,0,0,0,,0,,,0,0,0,0,0,0,,0,31,58,334,1,0,0,465,137,19,-10.8518085527961,0,0.718279569892473,0.136792452830189,0.12,0.289188679245283,1,45.4,76.4
2009,REG+POST,00-0026956,,LaRod Stephens-Howling,RB,RB,,16,ARI,0,0,0,0,0,0,0,0,0,0,0,0,,0,,,9,37,0,0,0,1,-0.419397044403013,0,13,22,102,1,1,1,97,75,5,-8.34184466765146,0,1.05154639175258,0.0528846153846154,0.031554977228367,0.10141540713678,1,23.9,36.9
2009,REG+POST,00-0026957,D.Johnson,David Johnson,TE,TE,"https://static.www.nfl.com/image/private/f_auto,q_auto/league/td6y6zc2m3ifhcfd4yz9",4,PIT,0,0,0,0,0,0,0,0,0,0,0,0,,0,,,0,0,0,0,0,0,,0,2,4,9,0,0,0,16,5,0,-0.924174327868968,0,0.5625,0.0300751879699248,0.0144274120829576,0.0552119704129576,0,0.9,2.9
2009,REG+POST,00-0026959,,Marko Mitchell,WR,WR,,4,WAS,0,0,0,0,0,0,0,0,0,0,0,0,,0,,,0,0,0,0,0,0,,0,4,7,32,0,0,0,91,11,2,-0.929483100073412,0,0.351648351648352,0.0469798657718121,0.101789709172259,0.1417225950783,0,3.2,7.2
2009,REG+POST,00-0026963,,Cameron Morrah,TE,TE,,1,SEA,0,0,0,0,0,0,0,0,0,0,0,0,,0,,,0,0,0,0,0,0,,0,1,1,3,0,0,0,2,1,0,-0.095292441546917,0,1.5,0.0227272727272727,0.0054347826086956,0.037895256916996,0,0.3,1.3
2009,REG+POST,00-0026983,D.Heyward-Bey,Darrius Heyward-Bey,WR,WR,"https://static.www.nfl.com/image/private/f_auto,q_auto/league/d5otkkbb0z2rdd2bjatd",11,LV,0,0,0,0,0,0,0,0,0,0,0,0,,0,,,2,19,0,0,0,1,0.38491954906747,0,9,40,124,1,0,0,637,12,8,-23.1517504933855,0,0.194662480376766,0.134228187919463,0.238309016086794,0.36815859313995,0,20.3,29.3
2009,REG+POST,00-0026986,M.Crabtree,Michael Crabtree,WR,WR,"https://static.www.nfl.com/image/private/f_auto,q_auto/league/kcavcmeyaion38ewxwyk",11,SF,0,0,0,0,0,0,0,0,0,0,0,0,,0,,,0,0,0,0,0,0,,0,48,86,625,2,1,1,900,219,27,2.42085508509543,0,0.694444444444445,0.227513227513228,0.347490347490348,0.584513084513085,0,72.5,120.5
2009,REG+POST,00-0026988,,Knowshon Moreno,RB,RB,,16,DEN,0,0,0,0,0,0,0,0,0,0,0,0,,0,,,247,947,7,2,2,52,-27.5724295804194,0,28,41,213,2,2,2,10,210,10,-14.5060425122768,0,21.3,0.0855949895615866,0.0031104199066874,0.130569778277061,0,162.0,190.0
2009,REG+POST,00-0026993,,Josh Freeman,QB,QB,"https://static.www.nfl.com/image/private/f_auto,q_auto/league/cwcasm6m73fx1mjpjk3n",10,TB,159,291,1857,10,18,19,102,5,1,2649,658,89,-58.3605350471954,1,0.701019252548131,0.0010213110929504,31,162,0,4,1,11,1.37789193447679,1,0,0,0,0,0,0,0,0,0,,0,,,,,0,94.48,94.48
2009,REG+POST,00-0026995,J.Maclin,Jeremy Maclin,WR,WR,"https://static.www.nfl.com/image/private/f_auto,q_auto/league/tvlsuugnbn0idb0tbtgw",14,PHI,0,0,0,0,0,0,0,0,0,0,0,0,,0,,,2,-7,0,0,0,0,-1.97248136112466,0,62,102,908,5,0,0,1172,307,38,29.6749806494602,0,0.774744027303754,0.208163265306122,0.277856804172594,0.506744660879999,0,120.1,182.1
2009,REG+POST,00-0026996,,Brandon Pettigrew,TE,TE,,10,DET,0,0,0,0,0,0,0,0,0,0,0,0,,0,,,0,0,0,0,0,0,,0,31,55,352,2,0,0,421,192,20,1.59293036713019,0,0.836104513064133,0.145502645502646,0.132514951211835,0.311014434102253,0,47.2,78.2
2009,REG+POST,00-0026998,,Percy Harvin,WR,WR,"https://static.www.nfl.com/image/private/f_auto,q_auto/league/ly7xvqfvoehf5jqrzzcq",17,MIN,0,0,0,0,0,0,0,0,0,0,0,0,,0,,,22,173,0,1,1,12,3.37427474861033,0,66,103,829,6,0,0,968,396,43,42.0585244395568,0,0.856404958677686,0.174872665534805,0.206001276867419,0.4065098921094,2,146.2,212.2
2009,REG+POST,00-0026999,,Michael Oher,T,OL,"https://static.www.nfl.com/image/private/f_auto,q_auto/league/n4trc3wwdpubprfjcc7x",1,BAL,0,0,0,0,0,0,0,0,0,0,0,0,,0,,,0,0,0,0,0,0,,0,1,1,-8,0,0,0,-8,0,0,-1.63358695642091,0,0.0,0.0217391304347826,-0.0223463687150838,0.0169662375516153,0,-0.8,0.2
2009,REG+POST,00-0027003,,Donald Brown,RB,RB,,14,IND,0,0,0,0,0,0,0,0,0,0,0,0,,0,,,94,327,3,1,0,17,-14.258939882624,0,14,18,195,0,0,0,55,145,8,11.0632383030024,0,3.54545454545455,0.047244094488189,0.0170595533498759,0.0828078290771966,0,70.2,84.2
2009,REG+POST,00-0027005,,Hakeem Nicks,WR,WR,"https://static.www.nfl.com/image/private/f_auto,q_auto/league/nbgeeeuhd0n4zrctfxce",14,NYG,0,0,0,0,0,0,0,0,0,0,0,0,,0,,,2,8,0,0,0,0,-0.182540900190361,0,47,74,790,6,2,0,775,403,32,41.3381355453614,0,1.01935483870968,0.157112526539278,0.181882187279981,0.362986320904904,0,115.8,162.8
2009,REG+POST,00-0027006,K.Britt,Kenny Britt,WR,WR,"https://static.www.nfl.com/image/private/f_auto,q_auto/league/joozpvuyykyxjogcg3r5",15,TEN,0,0,0,0,0,0,0,0,0,0,0,0,,0,,,0,0,0,0,0,0,,0,42,75,701,3,1,1,997,180,34,17.661679636816,0,0.703109327983952,0.167410714285714,0.251070259380509,0.426865252994928,0,86.1,128.1
2009,REG+POST,00-0027007,,Beanie Wells,RB,RB,,18,ARI,0,0,0,0,0,0,0,0,0,0,0,0,,0,,,195,891,8,4,2,44,-5.85865151445614,0,12,16,143,0,0,0,36,112,5,-1.88233948091511,0,3.97222222222222,0.0445682451253482,0.0128571428571429,0.0758523676880223,0,147.4,159.4
2009,REG+POST,00-0027012,,Brian Robiskie,WR,WR,,7,CLE,0,0,0,0,0,0,0,0,0,0,0,0,,0,,,0,0,0,0,0,0,,0,7,21,106,0,0,0,217,51,6,-8.91234803814059,0,0.488479262672811,0.114754098360656,0.166538756715272,0.288708277241674,0,10.6,17.6
2009,REG+POST,00-0027020,,Pat White,QB,QB,,10,MIA,0,5,0,0,0,1,9,0,0,63,0,0,-6.03281547268853,0,0.0,-0.293071807090344,21,81,0,1,0,4,-2.43807466130238,0,0,0,0,0,0,0,0,0,0,,0,,,,,0,8.1,8.1
2009,REG+POST,00-0027026,,Mohamed Massaquoi,WR,WR,,16,CLE,0,0,0,0,0,0,0,0,0,0,0,0,,0,,,1,-3,0,0,0,0,-1.61653470573947,0,34,95,624,3,1,1,1640,171,24,-19.0296415107453,0,0.380487804878049,0.217391304347826,0.446501497413558,0.63863800471123,0,78.1,112.1
2009,REG+POST,00-0027029,L.McCoy,LeSean McCoy,RB,RB,"https://static.www.nfl.com/image/private/f_auto,q_auto/league/cpc1a2dgivdyevuncz7p",17,PHI,0,0,0,0,0,0,0,0,0,0,0,0,,0,,,160,661,4,2,1,28,-17.7636660123788,0,41,57,317,0,0,0,-80,400,13,-3.15617137161495,1,-3.9625,0.0981067125645439,-0.0159426066161817,0.136000244215489,0,121.8,162.8
2009,REG+POST,00-0027040,,Richard Quinn,TE,TE,,1,DEN,0,0,0,0,0,0,0,0,0,0,0,0,,0,,,0,0,0,0,0,0,,0,0,1,0,0,0,0,6,0,0,-0.438115711789578,0,0.0,0.0178571428571429,0.0121457489878543,0.0352877385772123,0,0.0,0.0
2009,REG+POST,00-0027048,,Glen Coffee,RB,RB,,10,SF,0,0,0,0,0,0,0,0,0,0,0,0,,0,,,83,226,1,0,0,8,-20.1374880564399,0,11,18,76,0,0,0,-15,87,2,-8.52078076108592,0,-5.06666666666667,0.100558659217877,-0.0121753246753247,0.142315261554088,0,36.2,47.2
2009,REG+POST,00-0027056,,Derrick Williams,WR,WR,,6,DET,0,0,0,0,0,0,0,0,0,0,0,0,,0,,,1,4,0,0,0,0,-0.119311328977346,0,6,13,52,0,0,0,167,10,2,-3.47788985670195,0,0.311377245508982,0.0619047619047619,0.0985250737463127,0.161824694479562,0,5.6,11.6
2009,REG+POST,00-0027057,B.Tate,Brandon Tate,WR,WR,"https://static.www.nfl.com/image/private/f_auto,q_auto/league/uzpf58ijo44jfqakwv83",2,NE,0,0,0,0,0,0,0,0,0,0,0,0,,0,,,1,11,0,0,0,1,0.726058333180845,0,0,2,0,0,0,0,73,0,0,-3.51502855308354,0,0.0,0.0289855072463768,0.117932148626817,0.126030764908337,0,1.1,1.1
2009,REG+POST,00-0027060,L.Webb,Lardarius Webb,FS,DB,"https://static.www.nfl.com/image/private/f_auto,q_auto/league/ltgpknt9ianx6u1mqvrw",1,BAL,0,0,0,0,0,0,0,0,0,0,0,0,,0,,,0,0,0,0,0,0,,0,0,0,0,0,0,0,0,0,0,,0,,,,,1,6.0,6.0
2009,REG+POST,00-0027061,J.Cook,Jared Cook,TE,TE,"https://static.www.nfl.com/image/private/f_auto,q_auto/league/cthoenebptadlu4g928v",8,TEN,0,0,0,0,0,0,0,0,0,0,0,0,,0,,,0,0,0,0,0,0,,0,9,15,74,0,0,0,95,36,5,-3.41239782120101,0,0.778947368421053,0.0581395348837209,0.048469387755102,0.121137873754153,0,7.4,16.4
2009,REG+POST,00-0027063,,Deon Butler,WR,WR,,13,SEA,0,0,0,0,0,0,0,0,0,0,0,0,,0,,,0,0,0,0,0,0,,0,15,42,175,0,0,0,552,46,9,-0.737258622655645,0,0.317028985507246,0.0828402366863906,0.154405594405594,0.232344271113502,0,17.5,32.5
2009,REG+POST,00-0027070,,Travis Beckum,TE,TE,,7,NYG,0,0,0,0,0,0,0,0,0,0,0,0,,0,,,0,0,0,0,0,0,,0,8,10,55,0,0,0,33,26,4,-5.90361647663478,0,1.66666666666667,0.0467289719626168,0.0218253968253968,0.085371235721703,0,5.5,13.5
2009,REG+POST,00-0027076,,Mike Thomas,WR,WR,,14,JAX,0,0,0,0,0,0,0,0,0,0,0,0,,0,,,11,85,0,0,0,5,2.12062420119764,0,48,62,453,1,0,0,343,205,28,18.9200592824157,0,1.32069970845481,0.139954853273138,0.0952248750694059,0.276589692458291,0,59.8,107.8
2009,REG+POST,00-0027077,,Brian Hartline,WR,WR,"https://static.www.nfl.com/image/private/f_auto,q_auto/league/vuqaw5utqkgyqtp7hwbu",15,MIA,0,0,0,0,0,0,0,0,0,0,0,0,,0,,,4,29,1,0,0,2,2.46356295095757,0,31,56,506,3,0,0,718,161,26,20.519787811238,0,0.704735376044568,0.110671936758893,0.164302059496568,0.281019346785937,0,77.5,108.5
2009,REG+POST,00-0027080,,Mike Goodson,RB,RB,,5,CAR,0,0,0,0,0,0,0,0,0,0,0,0,,0,,,22,49,0,1,1,1,-13.6952810730084,0,2,2,15,0,0,0,-5,20,1,0.863809936097823,0,-3.0,0.0416666666666667,-0.0190839694656489,0.0491412213740458,0,4.4,6.4
2009,REG+POST,00-0027088,,Shawn Nelson,TE,TE,,11,BUF,0,0,0,0,0,0,0,0,0,0,0,0,,0,,,0,0,0,0,0,0,,0,18,30,157,1,2,1,193,70,7,-4.04685154883191,0,0.813471502590674,0.0977198697068404,0.0816758358019467,0.203752889621623,0,19.7,37.7
2009,REG+POST,00-0027089,L.Murphy,Louis Murphy,WR,WR,"https://static.www.nfl.com/image/private/f_auto,q_auto/league/rivj8wgktddc22qdtpsn",16,LV,0,0,0,0,0,0,0,0,0,0,0,0,,0,,,6,31,0,0,0,2,0.396457472175825,0,34,96,521,4,0,0,1330,133,26,-17.7865415176976,0,0.391729323308271,0.20125786163522,0.293016082837629,0.506998050439171,0,79.2,113.2
2009,REG+POST,00-0027092,,Austin Collie,WR,WR,,19,IND,0,0,0,0,0,0,0,0,0,0,0,0,,0,,,2,1,0,0,0,0,-1.16885499912314,0,77,116,917,9,0,0,1125,298,49,52.0142931714039,0,0.815111111111111,0.159122085048011,0.17719325878091,0.362718408718654,0,145.8,222.8
2009,REG+POST,00-0027093,,Tony Fiammetta,FB,RB,,3,CAR,0,0,0,0,0,0,0,0,0,0,0,0,,0,,,0,0,0,0,0,0,,0,0,3,0,0,0,0,5,0,0,-1.99961558310315,0,0.0,0.03125,0.0053995680345572,0.0506546976241901,0,0.0,0.0
2009,REG+POST,00-0027098,,Gartrell Johnson,RB,RB,,3,NYG,0,0,0,0,0,0,0,0,0,0,0,0,,0,,,13,43,0,0,0,2,-1.93215755937854,0,0,1,0,0,0,0,3,0,0,-0.748633588664234,0,0.0,0.0384615384615385,0.0176470588235294,0.0700452488687783,0,4.3,4.3
2009,REG+POST,00-0027103,K.Huber,Kevin Huber,P,SPEC,"https://static.www.nfl.com/image/private/f_auto,q_auto/league/yrd8jgpvefr8jvu7oejg",1,CIN,0,0,0,0,0,0,0,0,0,0,0,0,,0,,,1,0,0,1,0,0,-4.75789581757272,0,0,0,0,0,0,0,0,0,0,,0,,,,,0,0.0,0.0
2009,REG+POST,00-0027105,,Jarett Dillard,WR,WR,,5,JAX,0,0,0,0,0,0,0,0,0,0,0,0,,0,,,0,0,0,0,0,0,,0,6,8,106,0,0,0,106,19,5,9.62075389479287,0,1.0,0.0533333333333333,0.0833988985051141,0.13837922895358,0,10.6,16.6
2009,REG+POST,00-0027106,,Quinn Johnson,FB,RB,,4,GB,0,0,0,0,0,0,0,0,0,0,0,0,,0,,,0,0,0,0,0,0,,0,2,4,4,0,0,0,7,1,0,-2.51273431396112,0,0.571428571428571,0.0283687943262411,0.0054054054054054,0.0463369752731455,0,0.4,2.4
2009,REG+POST,00-0027109,,James Casey,FB,TE,"https://static.www.nfl.com/image/private/f_auto,q_auto/league/atra5outunyi3dikmjez",4,HOU,0,0,0,0,0,0,0,0,0,0,0,0,,0,,,0,0,0,0,0,0,,0,6,12,64,0,0,0,84,24,4,-6.97418721092374,0,0.761904761904762,0.0731707317073171,0.0706476030277544,0.159209419680404,0,6.4,12.4
2009,REG+POST,00-0027120,,Javon Ringer,RB,RB,,2,TEN,0,0,0,0,0,0,0,0,0,0,0,0,,0,,,8,48,0,0,0,2,2.81306017306633,0,0,0,0,0,0,0,0,0,0,,0,,,,,0,4.8,4.8
2009,REG+POST,00-0027122,,Quinten Lawrence,DB,DB,,3,KC,0,0,0,0,0,0,0,0,0,0,0,0,,0,,,2,42,0,0,0,2,3.91229483764619,0,1,2,9,0,0,0,24,3,0,0.147634827357251,0,0.375,0.0476190476190476,0.0672268907563025,0.118487394957983,0,5.1,6.1
2009,REG+POST,00-0027125,Z.Miller,Zach Miller,TE,TE,"https://static.www.nfl.com/image/private/f_auto,q_auto/league/ghvzkuugli86zstauzvr",10,JAX,0,0,0,0,0,0,0,0,0,0,0,0,,0,,,1,3,0,0,0,1,0.0174333830364048,0,21,27,212,2,0,0,101,144,10,12.8489078294862,0,2.0990099009901,0.0823170731707317,0.0388760585065435,0.150688850710678,0,33.5,54.5
2009,REG+POST,00-0027129,,Aaron Brown,RB,RB,,14,DET,0,0,0,0,0,0,0,0,0,0,0,0,,0,,,27,131,0,0,0,7,-1.35392664739629,0,9,15,84,1,0,0,27,76,5,-8.29872613678048,0,3.11111111111111,0.0471698113207547,0.0143236074270557,0.0807812421800711,0,27.5,36.5
2009,REG+POST,00-0027130,,James Davis,RB,RB,,2,CLE,0,0,0,0,0,0,0,0,0,0,0,0,,0,,,9,15,0,0,0,0,-4.33307649259223,0,4,5,5,0,0,0,-12,11,0,-3.00898535267419,0,-0.416666666666667,0.0819672131147541,-0.0302267002518892,0.101792129495809,0,2.0,6.0
2009,REG+POST,00-0027131,,Keith Null,QB,QB,,4,LA,72,118,558,3,9,13,82,1,0,804,267,30,-49.8004783945709,0,0.694029850746269,0.01256418262724,5,6,0,2,1,0,-8.64578302274458,0,0,0,0,0,0,0,0,0,0,,0,,,,,0,14.92,14.92
2009,REG+POST,00-0027134,,Curtis Painter,QB,QB,,2,IND,8,28,83,0,2,3,16,1,1,295,24,3,-27.8893808904686,0,0.28135593220339,-0.117890454029636,3,4,0,1,1,0,-5.73109798145015,0,0,0,0,0,0,0,0,0,0,,0,,,,,0,-4.28,-4.28
2009,REG+POST,00-0027135,,Brandon Myers,TE,TE,"https://static.www.nfl.com/image/private/f_auto,q_auto/league/tzyfv93n3bgtbmywjczu",4,LV,0,0,0,0,0,0,0,0,0,0,0,0,,0,,,0,0,0,0,0,0,,0,4,6,19,0,0,0,29,15,0,-2.89494548877701,0,0.655172413793103,0.0521739130434783,0.039348710990502,0.105804967258569,0,1.9,5.9
2009,REG+POST,00-0027139,J.Phillips,John Phillips,TE,TE,"https://static.www.nfl.com/image/private/f_auto,q_auto/league/i1t7zl2f5t0wwj72yxj7",7,DAL,0,0,0,0,0,0,0,0,0,0,0,0,,0,,,0,0,0,0,0,0,,0,8,10,63,1,0,0,43,45,3,1.72006572933509,0,1.46511627906977,0.0404858299595142,0.0250436808386721,0.0782593215263417,0,12.3,20.3
2009,REG+POST,00-0027140,,Chris Ogbonnaya,RB,RB,,2,LA,0,0,0,0,0,0,0,0,0,0,0,0,,0,,,11,50,0,0,0,2,-2.10334037343273,0,1,2,19,0,0,0,-6,19,1,0.387051505502313,0,-3.16666666666667,0.0625,-0.0253164556962025,0.0760284810126582,0,6.9,7.9
2009,REG+POST,00-0027141,,Javarris Williams,RB,RB,,3,KC,0,0,0,0,0,0,0,0,0,0,0,0,,0,,,6,6,0,0,0,0,-3.34984409128083,0,0,1,0,0,0,0,20,0,0,-0.579637205344625,0,0.0,0.04,0.0696864111498258,0.108780487804878,0,0.6,0.6
2009,REG+POST,00-0027150,J.Edelman,Julian Edelman,WR,WR,"https://static.www.nfl.com/image/private/f_auto,q_auto/league/u0hbuo2bsvtlg7lnxm43",11,NE,0,0,0,0,0,0,0,0,0,0,0,0,,0,,,2,5,0,1,0,0,-1.49282793118618,0,43,62,403,3,0,0,235,273,23,19.5706935725961,0,1.71489361702128,0.147619047619048,0.0721080085915925,0.271904177442686,0,58.8,101.8
2009,REG+POST,00-0027154,,Jake O'Connell,TE,TE,,4,KC,0,0,0,0,0,0,0,0,0,0,0,0,,0,,,0,0,0,0,0,0,,0,2,10,7,0,0,0,77,3,0,-10.3246686942293,0,0.0909090909090909,0.072463768115942,0.0578947368421053,0.149221967963387,0,0.7,2.7
2009,REG+POST,00-0027155,,Rashad Jennings,RB,RB,"https://static.www.nfl.com/image/private/f_auto,q_auto/league/r48elxgcxhdkfkazlqab",15,JAX,0,0,0,0,0,0,0,0,0,0,0,0,,0,,,39,202,1,0,0,8,0.921647803945234,0,16,18,101,0,0,0,10,103,4,0.195230729936156,0,10.1,0.0566037735849057,0.0041823504809703,0.0878333057140377,0,36.3,52.3
2009,REG+POST,00-0027157,,Dan Gronkowski,TE,TE,,1,DET,0,0,0,0,0,0,0,0,0,0,0,0,,0,,,0,0,0,0,0,0,,0,1,3,4,0,0,0,20,2,0,-4.175242732279,0,0.2,0.0882352941176471,0.0854700854700855,0.19218200100553,0,0.4,1.4
2009,REG+POST,00-0027167,,Chris Jennings,RB,RB,,9,CLE,0,0,0,0,0,0,0,0,0,0,0,0,,0,,,63,220,1,0,0,10,-8.81559715377592,0,9,13,56,0,0,0,35,58,3,-1.83047840450308,0,1.6,0.0625,0.0256598240469208,0.111711876832845,0,33.6,42.6
2010,REG,00-0000865,,Charlie Batch,QB,QB,,3,PIT,29,49,352,3,3,4,21,0,0,538,125,13,-2.54335145989538,0,0.654275092936803,0.0603040079648337,7,30,0,1,0,2,1.6907360192854,0,0,0,0,0,0,0,0,0,0,,0,,,,,0,23.08,23.08
2010,REG,00-0001231,,Josh Bidwell,P,SPEC,,1,WAS,0,0,0,0,0,0,0,0,0,0,0,0,,0,,,1,0,0,1,0,0,-3.11836486024549,0,0,0,0,0,0,0,0,0,0,,0,,,,,0,0.0,0.0
2010,REG,00-0001545,,Todd Bouman,QB,QB,,1,JAX,18,34,222,2,2,1,6,0,0,250,121,12,-5.14503642856975,0,0.888,0.0791658091992285,2,8,0,0,0,1,2.37748946878128,0,0,0,0,0,0,0,0,0,0,,0,,,,,0,13.68,13.68
2010,REG,00-0002110,,Mark Brunell,QB,QB,,2,NYJ,7,13,117,2,1,1,7,0,0,159,23,7,-0.758827396843117,0,0.735849056603774,0.124621558002008,0,0,0,0,0,0,,0,0,0,0,0,0,0,0,0,0,,0,,,,,0,10.68,10.68
2010,REG,00-0003035,,Desmond Clark,TE,TE,,1,CHI,0,0,0,0,0,0,0,0,0,0,0,0,,0,,,0,0,0,0,0,0,,0,1,2,12,0,0,0,8,5,1,-2.57229390204884,0,1.5,0.0740740740740741,0.0313725490196078,0.133071895424837,0,1.2,2.2
2010,REG,00-0003292,,Kerry Collins,QB,QB,,10,TEN,160,278,1823,14,8,13,91,3,2,2723,537,90,24.5201727033933,1,0.669482188762394,0.0847103814037868,10,1,0,2,1,1,-9.3301723554905,0,0,0,0,0,0,0,0,0,0,,0,,,,,0,109.02,109.02
2010,REG,00-0003315,,Todd Collins,QB,QB,,2,CHI,10,27,68,0,5,2,15,0,0,186,43,2,-25.4477444547254,0,0.365591397849462,-0.0454731503903871,0,0,0,0,0,0,,0,0,0,0,0,0,0,0,0,0,,0,,,,,0,-7.28,-7.28
2010,REG,00-0004161,,Jake Delhomme,QB,QB,,5,CLE,93,149,872,2,7,6,49,2,1,1119,374,36,-42.7735137395201,0,0.779267202859696,0.0358769906826871,8,-2,0,1,0,1,-6.97238239290769,0,0,0,0,0,0,0,0,0,0,,0,,,,,0,26.68,26.68
2010,REG,00-0004541,,Donald Driver,WR,WR,,15,GB,0,0,0,0,0,0,0,0,0,0,0,0,,0,,,0,0,0,0,0,0,,0,51,85,565,4,1,1,830,176,29,6.39865439834839,0,0.680722891566265,0.171717171717172,0.177236814008114,0.381641527381438,0,78.5,129.5
2010,REG,00-0005091,,Kevin Faulk,RB,RB,,2,NE,0,0,0,0,0,0,0,0,0,0,0,0,,0,,,8,45,0,0,0,1,0.463954844104592,0,6,10,62,0,0,0,46,34,2,-0.188449116325422,0,1.34782608695652,0.142857142857143,0.0741935483870968,0.266221198156682,0,10.7,16.7
2010,REG,00-0005106,,Brett Favre,QB,QB,,13,MIN,217,358,2509,11,19,22,139,3,2,3086,1229,114,-44.3636836782817,0,0.813026571613739,0.0187107931587163,17,8,0,4,3,1,-23.2752921705833,0,0,0,0,0,0,0,0,0,0,,0,,,,,0,97.16,97.16
2010,REG,00-0005231,,Brian Finneran,WR,WR,,12,ATL,0,0,0,0,0,0,0,0,0,0,0,0,,0,,,0,0,0,0,0,0,,0,19,32,166,3,0,0,275,45,11,10.7582651164617,0,0.603636363636364,0.0727272727272727,0.0757784513640121,0.162135825045718,0,34.6,53.6
2010,REG,00-0005720,,Joey Galloway,WR,WR,,10,WAS,0,0,0,0,0,0,0,0,0,0,0,0,,0,,,0,0,0,0,0,0,,0,12,38,173,0,0,0,646,18,9,-15.0191750474687,0,0.267801857585139,0.105849582172702,0.19112426035503,0.292561355507574,0,17.3,29.3
2010,REG,00-0006101,,Tony Gonzalez,TE,TE,,16,ATL,0,0,0,0,0,0,0,0,0,0,0,0,,0,,,0,0,0,0,0,0,,0,70,108,656,6,0,0,843,191,39,24.9282851852137,0,0.778173190984579,0.18848167539267,0.175991649269311,0.405916667577523,0,101.6,171.6
2010,REG,00-0007091,,Matt Hasselbeck,QB,QB,"https://static.www.nfl.com/image/private/f_auto,q_auto/league/t1nf9avoy2kauqwrvzza",14,SEA,266,444,2998,12,17,29,174,6,5,3870,1263,136,-18.8100715082888,0,0.774677002583979,0.0396133315450188,23,60,3,1,0,8,0.903411800486428,0,0,0,0,0,0,0,0,0,0,,0,,,,,0,147.92,147.92
2010,REG,00-0009119,,Reggie Kelly,TE,TE,,6,CIN,0,0,0,0,0,0,0,0,0,0,0,0,,0,,,0,0,0,0,0,0,,0,10,13,42,0,0,0,10,31,0,-4.30575530929491,0,4.2,0.0610328638497653,0.0066666666666666,0.0962159624413145,0,4.2,14.2
2010,REG,00-0009311,,Jon Kitna,QB,QB,,10,DAL,209,318,2365,16,12,21,100,4,1,2140,1345,117,24.0672004745269,2,1.10514018691589,0.107012313785549,31,147,1,2,0,6,-0.0193308267776153,0,0,0,0,0,0,0,0,0,0,,0,,,,,0,157.3,157.3
2010,REG,00-0009323,,Jimmy Kleinsasser,TE,TE,,14,MIN,0,0,0,0,0,0,0,0,0,0,0,0,,0,,,0,0,0,0,0,0,,0,17,21,148,0,0,0,84,78,6,-0.107710206796738,0,1.76190476190476,0.0475113122171946,0.02237017310253,0.0869260894975628,0,14.8,31.8
2010,REG,00-0010346,,Peyton Manning,QB,QB,"https://static.www.nfl.com/image/private/f_auto,q_auto/league/xpcd6auodk3w0vda6jal",16,IND,450,679,4700,33,17,16,91,2,1,5895,1894,253,130.542335976754,0,0.797285835453774,0.152279752972897,18,18,0,1,0,2,-0.920996746921446,0,0,0,0,0,0,0,0,0,0,,0,,,,,0,285.8,285.8
2010,REG,00-0010500,,Derrick Mason,WR,WR,,16,BAL,0,0,0,0,0,0,0,0,0,0,0,0,,0,,,0,0,0,0,0,0,,0,61,100,802,7,0,0,1299,128,44,41.2210789132062,0,0.617397998460354,0.203665987780041,0.292897406989853,0.510527166562959,0,122.2,183.2
2010,REG,00-0011022,,Donovan McNabb,QB,QB,,13,WAS,275,472,3377,14,15,37,271,7,0,4084,1592,152,-7.47603937656683,0,0.826885406464251,0.0343680352046645,29,151,0,3,1,8,-2.54554281665372,0,0,0,0,0,0,0,0,0,0,,0,,,,,0,174.18,174.18
2010,REG,00-0011626,,Brian Moorman,P,SPEC,,1,BUF,0,0,0,0,0,0,0,0,0,0,0,0,,0,,,1,1,0,0,0,0,-2.26205188874155,0,0,0,0,0,0,0,0,0,0,,0,,,,,0,0.1,0.1
2010,REG,00-0011754,,Randy Moss,WR,WR,,13,TEN,0,0,0,0,0,0,0,0,0,0,0,0,,0,,,0,0,0,0,0,0,,0,28,63,393,5,0,0,1084,63,20,7.99131851753443,0,0.362546125461255,0.156716417910448,0.286924298570672,0.435921635865142,0,69.3,97.3
2010,REG,00-0012478,,Terrell Owens,WR,WR,,13,CIN,0,0,0,0,0,0,0,0,0,0,0,0,,0,,,0,0,0,0,0,0,,0,72,139,983,9,0,0,1769,333,47,-14.3677895104767,0,0.55568117580554,0.278557114228457,0.419194312796209,0.711271690300031,0,152.3,224.3
2010,REG,00-0013694,,Tony Richardson,FB,RB,,5,NYJ,0,0,0,0,0,0,0,0,0,0,0,0,,0,,,5,13,0,0,0,3,1.35346452321392,0,5,5,31,0,0,0,4,27,1,0.0374786770553328,0,7.75,0.0490196078431373,0.0079365079365079,0.0790849673202614,0,4.4,9.4
2010,REG,00-0014655,,Mike Sellers,TE,TE,,15,WAS,0,0,0,0,0,0,0,0,0,0,0,0,,0,,,4,2,0,0,0,1,-1.93637384776957,0,20,40,224,0,0,0,171,148,9,-8.39799301419407,1,1.30994152046784,0.071301247771836,0.0357665760301192,0.131988474878837,0,24.6,44.6
2010,REG,00-0015754,,Brandon Stokley,WR,WR,,11,SEA,0,0,0,0,0,0,0,0,0,0,0,0,,0,,,0,0,0,0,0,0,,0,31,43,354,0,0,0,394,89,23,7.54296840775914,0,0.898477157360406,0.114973262032086,0.119069205197945,0.25580833668669,0,35.4,66.4
2010,REG,00-0016098,,Fred Taylor,RB,RB,,7,NE,0,0,0,0,0,0,0,0,0,0,0,0,,0,,,43,155,0,0,0,9,-5.66031741513871,0,2,3,6,0,0,0,4,5,0,-1.41719819535501,0,1.5,0.0483870967741936,0.0083160083160083,0.0784018509824961,0,16.1,18.1
2010,REG,00-0016689,,Matt Turk,P,SPEC,,1,HOU,0,0,0,0,0,0,0,0,0,0,0,0,,0,,,1,-27,0,0,0,0,0.0362999209319241,0,0,0,0,0,0,0,0,0,0,,0,,,,,0,-2.7,-2.7
2010,REG,00-0016960,,Mike Vrabel,OLB,LB,,2,KC,0,0,0,0,0,0,0,0,0,0,0,0,,0,,,0,0,0,0,0,0,,0,1,2,2,1,0,0,3,0,1,2.67092055597459,0,0.666666666666667,0.0377358490566038,0.0084507042253521,0.0625192665426521,0,6.2,7.2
2010,REG,00-0017162,,Hines Ward,WR,WR,,16,PIT,0,0,0,0,0,0,0,0,0,0,0,0,,0,,,1,-2,0,0,0,0,-0.914402685128152,0,59,93,755,5,1,1,925,236,35,38.5051190337295,0,0.816216216216216,0.198717948717949,0.206750111756817,0.442802001306695,0,103.3,162.3
2010,REG,00-0017915,,Ricky Williams,RB,RB,,16,MIA,0,0,0,0,0,0,0,0,0,0,0,0,,0,,,159,673,2,4,2,26,-14.5907873073407,0,19,30,141,1,0,0,54,110,6,-5.83267769959639,0,2.61111111111111,0.0596421471172962,0.0168067226890756,0.101227926558297,0,95.4,114.4
2010,REG,00-0019041,,Billy Volek,QB,QB,,3,LAC,1,1,8,0,0,0,0,0,0,8,0,1,1.01380697730929,0,1.0,,6,-5,0,0,0,0,-2.31938938447274,0,0,0,0,0,0,0,0,0,0,,0,,,,,0,-0.18,-0.18
2010,REG,00-0019484,,Sammy Morris,RB,RB,,14,NE,0,0,0,0,0,0,0,0,0,0,0,0,,0,,,20,56,0,0,0,6,-0.968513803032693,0,7,12,77,0,0,0,31,68,4,1.8875181371867,0,2.48387096774194,0.0466926070038911,0.0165157165689931,0.0815999121041317,0,13.3,20.3
2010,REG,00-0019559,,Chad Pennington,QB,QB,,1,MIA,1,2,19,0,0,0,0,0,0,9,13,1,0.921495056245476,0,2.11111111111111,,0,0,0,0,0,0,,0,0,0,0,0,0,0,0,0,0,,0,,,,,0,0.76,0.76
2010,REG,00-0019596,T.Brady,Tom Brady,QB,QB,"https://static.www.nfl.com/image/private/f_auto,q_auto/league/q7dpdlxyu5rs05rgh1le",16,NE,324,492,3900,36,4,25,175,2,1,3872,1880,189,150.048296208277,0,1.00723140495868,0.166734418701242,31,30,1,1,0,10,1.75285638868809,0,0,0,0,0,0,0,0,0,0,,0,,,,,0,299.0,299.0
2010,REG,00-0019641,,Thomas Jones,RB,RB,,16,KC,0,0,0,0,0,0,0,0,0,0,0,0,,0,,,245,896,6,3,1,39,-34.1892462686125,0,14,20,122,0,0,0,33,115,8,2.39153502854502,0,3.6969696969697,0.0591715976331361,0.0120569967117282,0.0971972941479138,0,135.8,149.8
2010,REG,00-0019709,,Chris Redman,QB,QB,,1,ATL,4,6,20,0,0,0,0,0,0,9,15,1,-3.05480880697724,0,2.22222222222222,0.0037887582996153,1,-1,0,0,0,0,-1.47241393680451,0,0,0,0,0,0,0,0,0,0,,0,,,,,0,0.7,0.7
2010,REG,00-0019770,,Jay Feely,K,SPEC,,1,ARI,0,0,0,0,0,0,0,0,0,0,0,0,,0,,,1,5,1,0,0,1,4.07486231304938,0,0,0,0,0,0,0,0,0,0,,0,,,,,0,6.5,6.5
2010,REG,00-0019863,,Dominic Rhodes,RB,RB,,3,IND,0,0,0,0,0,0,0,0,0,0,0,0,,0,,,37,172,0,1,1,8,-8.14079084925043,0,1,4,4,0,0,0,23,2,0,-3.33819985273201,0,0.173913043478261,0.0579710144927536,0.038917089678511,0.114198484514088,0,15.6,16.6
2010,REG,00-0019921,,Jason Baker,P,SPEC,,1,CAR,0,0,0,0,0,0,0,0,0,0,0,0,,0,,,1,0,0,0,0,0,-2.5317057298962,0,0,0,0,0,0,0,0,0,0,,0,,,,,0,0.0,0.0
2010,REG,00-0020245,,Mike Vick,QB,QB,"https://static.www.nfl.com/image/private/f_auto,q_auto/league/hrg4riwhpjbijfovsjrk",12,PHI,233,372,3018,21,6,35,211,7,2,3419,1332,131,66.2401326674966,1,0.882714243930974,0.164718868314213,99,676,9,3,1,38,38.6134387700434,0,0,0,0,0,0,0,0,0,0,,0,,,,,0,310.32,310.32
2010,REG,00-0020270,,Correll Buckhalter,RB,RB,,14,DEN,0,0,0,0,0,0,0,0,0,0,0,0,,0,,,59,147,2,1,1,10,-24.0405364069738,0,28,39,240,2,0,0,46,237,9,4.7364256322794,0,5.21739130434783,0.0802469135802469,0.0105070808588397,0.127725326971558,0,60.7,88.7
2010,REG,00-0020285,,Alge Crumpler,TE,TE,,8,NE,0,0,0,0,0,0,0,0,0,0,0,0,,0,,,0,0,0,0,0,0,,0,6,10,52,2,0,0,51,35,4,2.714918974787,0,1.01960784313725,0.0392156862745098,0.023876404494382,0.0755370125578321,0,17.2,23.2
2010,REG,00-0020332,,David Martin,TE,TE,,6,BUF,0,0,0,0,0,0,0,0,0,0,0,0,,0,,,0,0,0,0,0,0,,0,7,8,43,1,0,0,28,15,3,1.24325932547799,0,1.53571428571429,0.0434782608695652,0.0246696035242291,0.0824861137713082,0,10.3,17.3
2010,REG,00-0020337,,Steve Smith,WR,WR,"https://static.www.nfl.com/image/private/f_auto,q_auto/league/k23e0b8cto93he9rt0zc",14,CAR,0,0,0,0,0,0,0,0,0,0,0,0,,0,,,1,9,0,0,0,1,1.26660890365019,0,46,99,554,2,2,2,977,217,24,-19.0359283192313,0,0.567041965199591,0.242647058823529,0.333106034776679,0.59714481257897,0,64.3,110.3
2010,REG,00-0020342,,Brandon Manumaleuna,TE,TE,,6,CHI,0,0,0,0,0,0,0,0,0,0,0,0,,0,,,0,0,0,0,0,0,,0,5,7,43,1,0,0,28,24,4,4.10367763711838,0,1.53571428571429,0.0386740331491713,0.0203045685279188,0.0722242476933,0,10.3,15.3
2010,REG,00-0020397,,Chad Johnson,WR,WR,,14,CIN,0,1,0,0,0,0,0,0,0,37,0,0,-0.516189778456464,0,0.0,,0,0,0,0,0,0,,0,67,126,831,4,0,0,1472,189,47,29.8229355890485,0,0.564538043478261,0.241842610364683,0.334545454545455,0.596945733728843,0,107.1,174.1
2010,REG,00-0020438,,T.J. Houshmandzadeh,WR,WR,,16,BAL,0,0,0,0,0,0,0,0,0,0,0,0,,0,,,0,0,0,0,0,0,,0,30,57,398,3,1,0,750,76,19,9.77287489066502,0,0.530666666666667,0.116089613034623,0.169109357384442,0.292510969721044,0,57.8,87.8
2010,REG,00-0020446,,Chris Chambers,WR,WR,,12,KC,0,0,0,0,0,0,0,0,0,0,0,0,,0,,,0,0,0,0,0,0,,0,22,43,213,1,0,0,525,52,13,0.126549824920842,0,0.405714285714286,0.120111731843575,0.175526579739218,0.303036203582816,0,27.3,49.3
2010,REG,00-0020480,,Sage Rosenfels,QB,QB,,1,NYG,0,0,0,0,0,0,0,0,0,0,0,0,,0,,,3,-3,0,0,0,0,-4.94284760393202,0,0,0,0,0,0,0,0,0,0,,0,,,,,0,-0.3,-0.3
2010,REG,00-0020494,,Santana Moss,WR,WR,,16,WAS,0,0,0,0,0,0,0,0,0,0,0,0,,0,,,5,-6,0,0,0,0,-0.117745164083317,0,93,145,1115,6,3,2,1385,477,61,17.7952270479882,0,0.805054151624549,0.243288590604027,0.276833899660204,0.558716615668183,0,142.9,235.9
2010,REG,00-0020498,,Reggie Wayne,WR,WR,,16,IND,0,0,0,0,0,0,0,0,0,0,0,0,,0,,,0,0,0,0,0,0,,0,111,175,1355,6,1,1,1922,412,72,39.1879498770832,0,0.704994797086368,0.257731958762887,0.326039016115352,0.614825249425076,0,169.5,280.5
2010,REG,00-0020507,,Heath Evans,FB,RB,,11,NO,0,0,0,0,0,0,0,0,0,0,0,0,,0,,,2,2,0,0,0,0,-3.03079226383457,0,7,11,41,1,0,0,14,38,4,2.84501558268676,0,2.92857142857143,0.0268948655256724,0.0060632308358596,0.0445865598736103,0,10.3,17.3
2010,REG,00-0020508,,Moran Norris,RB,RB,,7,SF,0,0,0,0,0,0,0,0,0,0,0,0,,0,,,3,0,0,0,0,0,-0.760490299202502,0,4,9,20,0,0,0,14,14,1,-4.84534661110956,0,1.42857142857143,0.0416666666666667,0.0085003035822707,0.0684502125075896,0,2.0,6.0
2010,REG,00-0020514,,Michael Bennett,RB,RB,,2,LV,0,0,0,0,0,0,0,0,0,0,0,0,,0,,,2,11,0,0,0,0,1.05278510286007,0,2,2,9,0,0,0,6,3,0,-0.610802953713574,0,1.5,0.0526315789473684,0.0258620689655172,0.0970508166969147,0,2.0,4.0
2010,REG,00-0020516,,Todd Heap,TE,TE,,13,BAL,0,0,0,0,0,0,0,0,0,0,0,0,,0,,,0,0,0,0,0,0,,0,40,64,599,5,1,0,650,222,30,33.4964640367373,0,0.921538461538461,0.152744630071599,0.173936312550174,0.35087236389252,0,89.9,129.9
2010,REG,00-0020531,D.Brees,Drew Brees,QB,QB,"https://static.www.nfl.com/image/private/f_auto,q_auto/league/i20xlpzdmn7xubotijjd",16,NO,448,658,4620,33,22,26,195,9,2,4964,2048,236,84.0468688083093,0,0.930701047542304,0.137340078695052,18,-3,0,0,0,1,-6.46133287338307,0,1,1,7,0,0,0,-9,16,0,-0.209113001008518,0,0.0,0.027027027027027,-0.06,-0.0014594594594594,0,269.2,270.2
2010,REG,00-0020536,,LaDainian Tomlinson,RB,RB,,15,NYJ,0,0,0,0,0,0,0,0,0,0,0,0,,0,,,219,914,6,2,0,42,-6.30225238442207,0,52,79,368,0,1,0,93,345,19,-8.86897680203537,0,3.95698924731183,0.157057654075547,0.0210216998191682,0.250301670986738,0,164.2,216.2
2010,REG,00-0020608,,David Carr,QB,QB,,1,SF,5,13,67,0,1,1,5,0,0,137,46,3,-5.57672358198224,0,0.489051094890511,-0.0697661071744075,0,0,0,0,0,0,,0,0,0,0,0,0,0,0,0,0,,0,,,,,0,0.68,0.68
2010,REG,00-0020679,,Shaun Hill,QB,QB,"https://static.www.nfl.com/image/private/f_auto,q_auto/league/dn42ccbwrshm7uksyphy",11,DET,257,416,2686,16,12,17,113,1,0,2992,1425,133,17.9926391999609,1,0.897727272727273,0.0645293646379704,22,123,0,3,1,8,9.07768337268232,0,0,0,0,0,0,0,0,0,0,,0,,,,,0,159.74,159.74
2010,REG,00-0020804,,Corey McIntyre,FB,RB,,10,BUF,0,0,0,0,0,0,0,0,0,0,0,0,,0,,,4,5,1,0,0,3,0.287621907143869,0,4,8,32,0,1,1,3,28,1,-6.59478542540455,0,10.6666666666667,0.0361990950226244,0.002840909090909,0.056287278897573,0,7.7,11.7
2010,REG,00-0021147,,Donte' Stallworth,WR,WR,,6,BAL,0,0,0,0,0,0,0,0,0,0,0,0,,0,,,5,45,0,1,1,2,-1.87175555899739,0,2,5,82,0,0,0,129,22,2,4.44732549024047,0,0.635658914728682,0.0423728813559322,0.115591397849462,0.144473300528522,0,10.7,12.7
2010,REG,00-0021148,,Jeremy Shockey,TE,TE,,13,NO,0,0,0,0,0,0,0,0,0,0,0,0,,0,,,0,0,0,0,0,0,,0,41,59,408,3,0,0,486,121,22,16.0886553585551,0,0.839506172839506,0.111531190926276,0.126463700234192,0.255821376553348,0,58.8,99.8
2010,REG,00-0021154,,Daniel Graham,TE,TE,,14,DEN,0,0,0,0,0,0,0,0,0,0,0,0,,0,,,0,0,0,0,0,0,,0,18,37,148,0,1,0,231,43,5,-4.13108588449612,0,0.640692640692641,0.0712909441233141,0.0464882270074462,0.139478175090183,0,14.8,32.8
2010,REG,00-0021159,,Jerramy Stevens,TE,TE,,4,TB,0,0,0,0,0,0,0,0,0,0,0,0,,0,,,0,0,0,0,0,0,,0,3,5,43,0,0,0,76,9,2,2.19516669720178,0,0.565789473684211,0.0373134328358209,0.059748427672956,0.0977940486248005,0,4.3,7.3
2010,REG,00-0021163,,Jabar Gaffney,WR,WR,,16,DEN,0,0,0,0,0,0,0,0,0,0,0,0,,0,,,0,0,0,0,0,0,,0,65,112,875,2,1,0,1301,213,42,15.2039743361381,0,0.672559569561876,0.194107452339688,0.233866618730901,0.454867811621162,0,99.5,164.5
2010,REG,00-0021179,,Clinton Portis,RB,RB,,5,WAS,0,0,0,0,0,0,0,0,0,0,0,0,,0,,,54,227,2,0,0,12,-1.46251460996409,0,5,9,55,0,0,0,15,57,4,3.58384368135504,0,3.66666666666667,0.0542168674698795,0.0109409190371991,0.0889839445308587,0,40.2,45.2
2010,REG,00-0021182,,Maurice Morris,RB,RB,,10,DET,0,0,0,0,0,0,0,0,0,0,0,0,,0,,,90,336,5,1,0,19,-7.03711831442155,0,25,31,170,0,0,0,45,152,9,-2.96125716896495,0,3.77777777777778,0.0996784565916399,0.0198675496688742,0.163424969655672,0,80.6,105.6
2010,REG,00-0021184,,Ladell Betts,RB,RB,,7,NO,0,0,0,0,0,0,0,0,0,0,0,0,,0,,,45,150,2,1,1,11,-10.4253362000725,0,23,31,141,0,0,0,-16,168,6,-22.472211713427,0,-8.8125,0.103333333333333,-0.0087767416346681,0.148856280855732,0,39.1,62.1
2010,REG,00-0021190,,Antwaan Randle El,RB,RB,,12,PIT,2,2,42,2,0,0,0,0,0,42,0,2,6.73685043060686,0,1.0,,1,2,0,0,0,0,-0.319677540566772,0,22,39,253,0,0,0,451,50,15,0.103778049517896,0,0.560975609756098,0.115044247787611,0.137709923664122,0.268963318246301,0,35.18,57.18
2010,REG,00-0021192,,Deion Branch,WR,WR,,15,NE,0,0,0,0,0,0,0,0,0,0,0,0,,0,,,0,0,0,0,0,0,,0,61,92,818,6,1,0,1025,276,43,40.5665392832307,0,0.798048780487805,0.192468619246862,0.267484342379958,0.475941968536264,0,117.8,178.8
2010,REG,00-0021213,,Chris Baker,TE,TE,,11,SEA,0,0,0,0,0,0,0,0,0,0,0,0,,0,,,0,0,0,0,0,0,,0,9,19,116,1,0,0,162,47,4,-2.71608817990636,0,0.716049382716049,0.0482233502538071,0.0507836990595611,0.107883614722403,0,17.6,26.6
2010,REG,00-0021216,,Brian Westbrook,RB,RB,,13,SF,0,0,0,0,0,0,0,0,0,0,0,0,,0,,,77,340,4,0,0,17,-0.781520944268682,0,16,24,150,1,0,0,-3,145,5,3.49380539565267,0,-50.0,0.0923076923076923,-0.0012914334911752,0.137557535017716,0,79.0,95.0
2010,REG,00-0021227,,Justin Peelle,TE,TE,,9,ATL,0,0,0,0,0,0,0,0,0,0,0,0,,0,,,0,0,0,0,0,0,,0,10,15,96,1,0,0,60,53,8,5.79407920927042,0,1.6,0.0470219435736677,0.0228397411496003,0.0865207341652218,0,15.6,25.6
2010,REG,00-0021231,,David Garrard,QB,QB,,14,JAX,236,366,2734,23,15,32,251,6,2,3142,1183,130,23.8237316373789,0,0.870146403564609,0.101152420415572,67,270,5,5,2,28,10.9064990489278,0,0,0,0,0,0,0,0,0,0,,0,,,,,0,220.36,220.36
2010,REG,00-0021236,,Randy McMichael,TE,TE,,14,LAC,0,0,0,0,0,0,0,0,0,0,0,0,,0,,,0,0,0,0,0,0,,0,20,27,221,2,0,0,196,83,15,11.470881645917,0,1.12755102040816,0.0557851239669422,0.0465558194774347,0.116266759584618,0,34.1,54.1
2010,REG,00-0021273,,Robert Royal,TE,TE,,7,CLE,0,0,0,0,0,0,0,0,0,0,0,0,,0,,,0,0,0,0,0,0,,0,5,12,56,1,0,0,119,15,2,-2.40712269460715,0,0.470588235294118,0.0545454545454545,0.0639097744360902,0.126555023923445,0,11.6,16.6
2010,REG,00-0021304,,John Gilmore,TE,TE,,9,TB,0,0,0,0,0,0,0,0,0,0,0,0,,0,,,0,0,0,0,0,0,,0,13,18,160,1,0,0,81,98,9,9.93318308942253,0,1.97530864197531,0.0622837370242215,0.0301339285714286,0.114519355536332,0,22.0,35.0
2010,REG,00-0021314,,Chester Taylor,RB,RB,,16,CHI,0,0,0,0,0,0,0,0,0,0,0,0,,0,,,112,267,3,0,0,16,-24.8192129966539,0,20,26,139,0,0,0,26,122,7,-0.286980954939418,0,5.34615384615385,0.0863787375415282,0.0138297872340426,0.139248957376122,0,58.6,78.6
2010,REG,00-0021357,,Rock Cartwright,RB,RB,,6,LV,0,0,0,0,0,0,0,0,0,0,0,0,,0,,,9,22,0,0,0,1,-3.4186410875991,0,1,3,10,0,0,0,20,8,0,-2.03666960393243,0,0.5,0.0416666666666667,0.0318471337579618,0.0847929936305732,0,3.2,4.2
2010,REG,00-0021429,C.Palmer,Carson Palmer,QB,QB,"https://static.www.nfl.com/image/private/f_auto,q_auto/league/belgna3tokxga0gjjmwk",16,CIN,362,586,3970,26,20,26,201,3,1,4911,1648,205,35.6878166297658,1,0.808389330075341,0.082599330058346,32,50,0,4,2,6,-13.8320856563805,0,0,0,0,0,0,0,0,0,0,,0,,,,,0,223.8,223.8
2010,REG,00-0021488,,Mat McBriar,P,SPEC,,1,DAL,0,0,0,0,0,0,0,0,0,0,0,0,,0,,,1,0,0,1,1,0,-2.0429311261978,0,0,0,0,0,0,0,0,0,0,,0,,,,,0,-2.0,-2.0
2010,REG,00-0021508,,Greg Lewis,WR,WR,,12,MIN,0,0,0,0,0,0,0,0,0,0,0,0,,0,,,0,0,0,0,0,0,,0,17,36,197,0,0,0,314,65,8,-8.7682195850648,0,0.627388535031847,0.0895522388059701,0.0894841835280707,0.196967286678605,0,19.7,36.7
2010,REG,00-0021547,A.Gates,Antonio Gates,TE,TE,"https://static.www.nfl.com/image/private/f_auto,q_auto/league/kndulvysinvn4tpvt0bc",10,LAC,0,0,0,0,0,0,0,0,0,0,0,0,,0,,,0,0,0,0,0,0,,0,50,65,782,10,0,0,632,311,42,58.6925501848002,0,1.2373417721519,0.181058495821727,0.202304737516005,0.413201059993794,0,138.2,188.2
2010,REG,00-0021570,,Kassim Osgood,WR,WR,,10,JAX,0,0,0,0,0,0,0,0,0,0,0,0,,0,,,0,0,0,0,0,0,,0,6,16,60,1,0,0,166,20,4,-2.09739978113794,0,0.36144578313253,0.0542372881355932,0.0665597433841219,0.127947752572275,0,12.0,18.0
2010,REG,00-0021678,,Tony Romo,QB,QB,"https://static.www.nfl.com/image/private/f_auto,q_auto/league/rdgaxf7djip2ovlkeqjk",6,DAL,148,213,1605,11,7,7,41,0,0,1522,815,75,25.4387202423375,0,1.05453350854139,0.117970458214193,6,38,0,0,0,2,5.16436146429624,0,0,0,0,0,0,0,0,0,0,,0,,,,,0,98.0,98.0
2010,REG,00-0021679,,Shaun Smith,DT,DL,,1,KC,0,0,0,0,0,0,0,0,0,0,0,0,,0,,,1,1,1,0,0,1,1.58947983605322,0,0,0,0,0,0,0,0,0,0,,0,,,,,0,6.1,6.1
2010,REG,00-0021755,,Earnest Graham,RB,RB,,11,TB,1,1,2,1,0,0,0,0,0,2,0,1,1.31580272590509,0,1.0,,20,99,1,1,1,5,-3.68856041668914,0,16,19,130,1,0,0,24,116,3,0.457579403358977,0,5.41666666666667,0.0714285714285714,0.0121334681496461,0.115636284847609,0,36.98,52.98
2010,REG,00-0021756,,Will Heller,TE,TE,,4,DET,0,0,0,0,0,0,0,0,0,0,0,0,,0,,,0,0,0,0,0,0,,0,4,5,37,1,0,0,10,34,1,4.592664626427,0,3.7,0.0384615384615385,0.0131752305665349,0.0669149690888821,0,9.7,13.7
2010,REG,00-0021915,,Sam Aiken,WR,WR,,1,CLE,0,0,0,0,0,0,0,0,0,0,0,0,,0,,,0,0,0,0,0,0,,0,1,1,7,0,0,0,7,0,0,9.55836148932576e-05,0,1.0,0.0333333333333333,0.0432098765432099,0.0802469135802469,0,0.7,1.7
2010,REG,00-0021929,,Donald Lee,TE,TE,,8,GB,0,0,0,0,0,0,0,0,0,0,0,0,,0,,,0,0,0,0,0,0,,0,11,12,73,3,1,1,28,51,6,1.80373329061093,0,2.60714285714286,0.0466926070038911,0.011014948859166,0.0777493747072528,0,23.3,34.3
2010,REG,00-0021931,,Kevin Walter,WR,WR,,14,HOU,0,0,0,0,0,0,0,0,0,0,0,0,,0,,,0,0,0,0,0,0,,0,51,80,621,5,0,0,829,131,33,14.4972287303654,0,0.749095295536791,0.159362549800797,0.211048879837067,0.386778040587142,0,92.1,143.1
2010,REG,00-0021976,,Larry Johnson,RB,RB,,2,WAS,0,0,0,0,0,0,0,0,0,0,0,0,,0,,,5,2,0,0,0,0,-2.18286014598561,0,0,0,0,0,0,0,0,0,0,,0,,,,,0,0.2,0.2
2010,REG,00-0021982,,Justin Gage,WR,WR,,11,TEN,0,0,0,0,0,0,0,0,0,0,0,0,,0,,,0,0,0,0,0,0,,0,20,43,266,1,0,0,614,50,14,-2.12350179661606,0,0.433224755700326,0.136075949367089,0.189564680456931,0.336809200370485,0,32.6,52.6
2010,REG,00-0021999,,Nate Burleson,WR,WR,,14,DET,0,0,0,0,0,0,0,0,0,0,0,0,,0,,,7,81,0,0,0,5,3.76583766657859,0,55,86,625,6,2,2,698,302,32,13.2328772343121,0,0.89541547277937,0.163498098859316,0.178379759775109,0.370112980131549,0,102.6,157.6
2010,REG,00-0022001,,Kevin Curtis,WR,WR,,1,MIA,0,0,0,0,0,0,0,0,0,0,0,0,,0,,,1,6,0,0,0,0,-0.0320022846572101,0,1,2,6,0,0,0,48,0,0,-0.330034517217428,0,0.125,0.0454545454545455,0.16271186440678,0.182080123266564,0,1.2,2.2
2010,REG,00-0022017,,Mike Scifres,P,SPEC,,1,LAC,1,1,28,0,0,0,0,0,0,19,9,1,4.48169825912919,0,1.47368421052632,,0,0,0,0,0,0,,0,0,0,0,0,0,0,0,0,0,,0,,,,,0,1.12,1.12
2010,REG,00-0022044,,Andre Johnson,WR,WR,,13,HOU,0,0,0,0,0,0,0,0,0,0,0,0,,0,,,2,10,0,0,0,0,1.87593561573885,0,86,138,1216,8,1,0,1558,350,59,46.1989305018454,0,0.780487804878049,0.285714285714286,0.406364110589463,0.713026305984053,0,170.6,256.6
2010,REG,00-0022054,,Visanthe Shiancoe,TE,TE,,15,MIN,0,0,0,0,0,0,0,0,0,0,0,0,,0,,,0,0,0,0,0,0,,0,47,80,530,2,0,0,752,175,21,-0.957028769073077,0,0.704787234042553,0.165289256198347,0.178792201616738,0.373088425429237,0,65.0,112.0
2010,REG,00-0022055,,Seneca Wallace,QB,QB,,6,CLE,64,101,694,4,2,6,33,0,0,771,365,35,5.17523701666769,0,0.900129701686122,0.0850324849073967,7,9,0,1,0,1,-4.62709962148352,0,1,1,9,0,0,0,0,9,1,1.10148824146017,0,0.0,0.0277777777777778,,,0,41.56,42.56
2010,REG,00-0022064,,Arnaz Battle,WR,WR,,2,PIT,0,0,0,0,0,0,0,0,0,0,0,0,,0,,,0,0,0,0,0,0,,0,0,2,0,0,0,0,57,0,0,-1.66559547290672,0,0.0,0.0289855072463768,0.0747051114023591,0.0957718388512166,0,0.0,0.0
2010,REG,00-0022084,,Anquan Boldin,WR,WR,"https://static.www.nfl.com/image/private/f_auto,q_auto/league/ajabgwxbliupgkwjbnut",16,BAL,1,1,-6,0,0,0,0,0,0,-11,5,0,-1.04592268238775,0,0.0,,2,2,0,0,0,0,0.436170534172561,0,64,109,837,7,1,1,1289,221,43,26.5135104696379,0,0.649340574088441,0.221995926680244,0.290642615558061,0.536443720911009,0,123.66,187.66
2010,REG,00-0022097,,Brandon Lloyd,WR,WR,,16,DEN,0,0,0,0,0,0,0,0,0,0,0,0,,0,,,1,-18,0,0,0,0,-1.5906662014313,0,77,153,1448,11,0,0,2603,180,72,64.7508709970545,0,0.556281213983865,0.265164644714038,0.467912996584577,0.725286064680261,0,209.0,286.0
2010,REG,00-0022101,,Brian St. Pierre,QB,QB,,1,CAR,13,28,173,1,2,3,23,0,0,193,105,3,-18.5524118649328,0,0.896373056994819,-0.0686663369632232,0,0,0,0,0,0,,0,0,0,0,0,0,0,0,0,0,,0,,,,,0,6.92,6.92
2010,REG,00-0022121,,Rex Grossman,QB,QB,,4,WAS,74,133,884,7,4,9,77,4,4,938,417,42,-15.1402922488677,2,0.942430703624733,-0.0025025608148869,3,6,0,0,0,0,-0.154545593773946,0,0,0,0,0,0,0,0,0,0,,0,,,,,0,51.96,51.96
2010,REG,00-0022127,J.Witten,Jason Witten,TE,TE,"https://static.www.nfl.com/image/private/f_auto,q_auto/league/r7uafhtwuexuaty0nhsc",16,DAL,0,0,0,0,0,0,0,0,0,0,0,0,,0,,,0,0,0,0,0,0,,0,94,128,1002,9,1,1,905,393,49,39.686625451905,1,1.10718232044199,0.225352112676056,0.233548387096774,0.501512039981827,0,154.2,248.2
2010,REG,00-0022143,,Ovie Mughelli,FB,RB,,13,ATL,0,0,0,0,0,0,0,0,0,0,0,0,,0,,,13,36,0,0,0,7,1.80645245843334,0,13,18,126,1,0,0,36,112,5,5.64268044894561,0,3.5,0.0515759312320917,0.0132352941176471,0.0866286027304905,0,22.2,35.2
2010,REG,00-0022156,,Bryant Johnson,WR,WR,,14,DET,0,0,0,0,0,0,0,0,0,0,0,0,,0,,,0,0,0,0,0,0,,0,18,49,210,0,0,0,600,63,11,-10.2409306928236,1,0.35,0.0882882882882883,0.148367952522255,0.236289999198011,0,23.0,41.0
2010,REG,00-0022164,,Kyle Boller,QB,QB,,3,LV,2,4,25,0,1,1,6,0,0,35,2,1,-4.56577860668767,0,0.714285714285714,,7,18,0,1,0,1,-1.48556013894267,0,0,0,0,0,0,0,0,0,0,,0,,,,,0,0.8,0.8
2010,REG,00-0022165,,Dallas Clark,TE,TE,,6,IND,0,0,0,0,0,0,0,0,0,0,0,0,,0,,,0,0,0,0,0,0,,0,37,53,347,3,0,0,382,133,21,18.1592678276285,0,0.908376963350785,0.208661417322835,0.167912087912088,0.430530587522714,0,52.7,89.7
2010,REG,00-0022171,,Kelley Washington,WR,WR,,5,LAC,0,0,0,0,0,0,0,0,0,0,0,0,,0,,,0,0,0,0,0,0,,0,13,14,173,1,0,0,125,92,10,20.5478774670046,0,1.384,0.0869565217391304,0.0856751199451679,0.190407366570313,0,23.3,36.3
2010,REG,00-0022177,,Byron Leftwich,QB,QB,,1,PIT,5,7,42,0,0,2,7,0,0,33,18,3,1.37498212364962,0,1.27272727272727,0.0988304283291431,0,0,0,0,0,0,,0,0,0,0,0,0,0,0,0,0,,0,,,,,0,1.68,1.68
2010,REG,00-0022178,,Willis McGahee,RB,RB,,15,BAL,0,0,0,0,0,0,0,0,0,0,0,0,,0,,,100,380,5,2,2,18,-10.7211799986735,0,14,18,55,1,0,0,-32,94,2,-6.81510772072157,0,-1.71875,0.0612244897959184,-0.0120300751879699,0.0834156820622986,0,75.5,89.5
2010,REG,00-0022217,,Mewelde Moore,RB,RB,,14,PIT,0,0,0,0,0,0,0,0,0,0,0,0,,0,,,33,99,0,0,0,4,-7.40891683840891,2,26,32,205,0,0,0,24,198,10,-9.04698663331579,0,8.54166666666667,0.0831168831168831,0.0072551390568319,0.129753922015107,0,34.4,60.4
2010,REG,00-0022288,,Jason Wright,RB,RB,,8,ARI,0,0,0,0,0,0,0,0,0,0,0,0,,0,,,6,28,0,0,0,3,2.69794894507504,0,8,16,42,0,0,0,13,39,1,-4.87980657080376,0,3.23076923076923,0.0704845814977974,0.0064676616915422,0.110254235430776,0,7.0,15.0
2010,REG,00-0022388,,Terrance Copper,WR,WR,,11,KC,0,0,0,0,0,0,0,0,0,0,0,0,,0,,,0,0,0,0,0,0,,0,18,28,157,0,0,0,174,62,9,-2.5582082065585,0,0.902298850574713,0.0856269113149847,0.0696,0.177160366972477,0,15.7,33.7
2010,REG,00-0022397,,Vonta Leach,FB,RB,,9,HOU,0,0,0,0,0,0,0,0,0,0,0,0,,0,,,0,0,0,0,0,0,,0,8,15,91,0,0,0,47,69,3,1.63626669428777,0,1.93617021276596,0.0451807228915663,0.0180630284396618,0.0804152042451127,0,9.1,17.1
2010,REG,00-0022405,,Lousaka Polite,FB,RB,,13,MIA,0,0,0,0,0,0,0,0,0,0,0,0,,0,,,26,62,1,0,0,15,6.16411431349115,0,12,17,61,0,0,0,25,45,3,-1.9434215373476,0,2.44,0.0429292929292929,0.0080723280594123,0.070044569035528,0,18.3,30.3
2010,REG,00-0022414,,Malcom Floyd,WR,WR,"https://static.www.nfl.com/image/private/f_auto,q_auto/league/or8gm79eaonksxe8gl0t",11,LAC,0,0,0,0,0,0,0,0,0,0,0,0,,0,,,0,0,0,0,0,0,,0,37,77,717,6,1,0,1343,110,33,25.0131851041458,0,0.533879374534624,0.213296398891967,0.385144823630628,0.58954597487939,0,107.7,144.7
2010,REG,00-0022421,,Ruvell Martin,WR,WR,,2,SEA,0,0,0,0,0,0,0,0,0,0,0,0,,0,,,0,0,0,0,0,0,,0,7,9,158,1,0,0,146,51,6,9.47695978911361,0,1.08219178082192,0.118421052631579,0.273408239700375,0.369017346737631,0,21.8,28.8
2010,REG,00-0022427,,Wes Welker,WR,WR,"https://static.www.nfl.com/image/private/f_auto,q_auto/league/rgjwexzif36vncjfdwap",15,NE,0,0,0,0,0,0,0,0,0,0,0,0,,0,,,0,0,0,0,0,0,,0,86,123,848,7,0,0,676,403,47,35.5955430989312,0,1.25443786982249,0.260042283298097,0.179548472775564,0.515747355890041,0,126.8,212.8
2010,REG,00-0022714,,Kris Wilson,TE,TE,,6,LAC,0,0,0,0,0,0,0,0,0,0,0,0,,0,,,0,0,0,0,0,0,,0,6,9,73,0,1,1,28,58,2,-0.563152189075481,0,2.60714285714286,0.0420560747663551,0.0146290491118077,0.0733244465277981,0,5.3,11.3
2010,REG,00-0022725,,Michael Clayton,WR,WR,,2,NYG,0,0,0,0,0,0,0,0,0,0,0,0,,0,,,0,0,0,0,0,0,,0,2,4,19,0,0,0,45,2,1,-1.85752605088055,0,0.422222222222222,0.0769230769230769,0.0849056603773585,0.174818577648766,0,1.9,3.9
2010,REG,00-0022736,,Steven Jackson,RB,RB,"https://static.www.nfl.com/image/private/f_auto,q_auto/league/abl5wejuf448xw3jtphm",16,LA,0,0,0,0,0,0,0,0,0,0,0,0,,0,,,330,1241,6,1,1,60,-49.7331462379944,0,46,61,383,0,0,0,15,380,15,-0.124985908247916,0,25.5333333333333,0.104810996563574,0.0038530696121243,0.159913643573848,0,196.4,242.4
2010,REG,00-0022738,,Chris Cooley,TE,TE,,16,WAS,0,0,0,0,0,0,0,0,0,0,0,0,,0,,,0,0,0,0,0,0,,0,77,126,849,3,3,1,793,372,40,10.7392475055498,1,1.07061790668348,0.211409395973154,0.158504897061763,0.428067521902966,0,102.9,179.9
2010,REG,00-0022746,,Jeff Dugan,TE,TE,,5,MIN,0,0,0,0,0,0,0,0,0,0,0,0,,0,,,2,2,0,0,0,1,-1.00902847899124,0,4,5,30,0,0,0,8,23,3,-0.617903992184438,0,3.75,0.036231884057971,0.0094562647754137,0.0609672114297461,0,3.2,7.2
2010,REG,00-0022766,,Patrick Crayton,WR,WR,,8,LAC,0,1,0,0,0,0,0,0,0,29,0,0,-0.685164669412188,0,0.0,,0,0,0,0,0,0,,0,28,42,514,1,0,0,537,214,24,38.9391496124449,0,0.957169459962756,0.145328719723183,0.212420886075949,0.36668769983794,0,57.4,85.4
2010,REG,00-0022770,,Derrick Ward,RB,RB,,14,HOU,0,0,0,0,0,0,0,0,0,0,0,0,,0,,,51,317,4,0,0,17,11.6179372871933,0,7,11,61,0,0,0,23,52,2,-0.537709398777224,0,2.65217391304348,0.0458333333333333,0.0139902676399027,0.0785431873479319,0,61.8,68.8
2010,REG,00-0022781,,Michael Jenkins,WR,WR,,11,ATL,0,0,0,0,0,0,0,0,0,0,0,0,,0,,,0,0,0,0,0,0,,0,41,73,505,2,0,0,985,83,29,22.8932699464485,0,0.512690355329949,0.182957393483709,0.285672853828306,0.474407087905378,0,62.5,103.5
2010,REG,00-0022787,M.Schaub,Matt Schaub,QB,QB,"https://static.www.nfl.com/image/private/f_auto,q_auto/league/mj2kh2nddxnw04ludcx0",16,HOU,365,574,4370,24,12,32,226,7,3,4411,1993,222,76.9160259105983,1,0.990705055542961,0.104824527559807,22,28,0,2,0,7,-8.0118500845856,0,0,0,0,0,0,0,0,0,0,,0,,,,,0,245.6,245.6
2010,REG,00-0022796,,Mike Karney,FB,RB,,7,LA,0,0,0,0,0,0,0,0,0,0,0,0,,0,,,6,12,0,0,0,3,1.05265435075853,0,5,5,14,0,0,0,3,11,1,-1.21473335375777,0,4.66666666666667,0.0273224043715847,0.0025337837837837,0.0427572552060257,0,2.6,7.6
2010,REG,00-0022803,E.Manning,Eli Manning,QB,QB,"https://static.www.nfl.com/image/private/f_auto,q_auto/league/w51tf8uedjftbr4qpaex",16,NYG,339,539,4002,31,25,16,117,5,3,4991,1611,192,43.2175029436255,0,0.80184331797235,0.101290334726431,32,70,0,2,2,4,-24.9851760044985,0,0,0,0,0,0,0,0,0,0,,0,,,,,0,231.08,231.08
2010,REG,00-0022807,,Bernard Berrian,WR,WR,,12,MIN,0,0,0,0,0,0,0,0,0,0,0,0,,0,,,1,-8,0,0,0,0,-0.963105191709474,0,28,54,252,0,0,0,569,73,14,-17.0700292322346,0,0.442882249560633,0.143236074270557,0.184560493026273,0.344046456524227,0,24.4,52.4
2010,REG,00-0022811,,Jerricho Cotchery,WR,WR,"https://static.www.nfl.com/image/private/f_auto,q_auto/league/hkq2dmfj7mbgbuejiloy",13,NYJ,0,0,0,0,0,0,0,0,0,0,0,0,,0,,,4,-3,0,1,0,0,-2.27084033435676,0,41,86,433,2,0,0,899,110,26,-6.03535230914229,0,0.481646273637375,0.202830188679245,0.224245447742579,0.461217096438673,0,55.0,96.0
2010,REG,00-0022821,,Michael Turner,RB,RB,,16,ATL,0,0,0,0,0,0,0,0,0,0,0,0,,0,,,334,1371,12,2,2,71,-17.1767928504609,0,12,20,85,0,0,0,24,89,2,-1.61889253550908,0,3.54166666666667,0.051948051948052,0.0075117370892018,0.0831802938845192,0,213.6,225.6
2010,REG,00-0022840,,Julius Jones,RB,RB,,13,NO,0,0,0,0,0,0,0,0,0,0,0,0,,0,,,60,223,0,1,1,9,-13.3897194673773,0,17,23,59,0,0,0,-34,112,3,-9.09412941089135,0,-1.73529411764706,0.0653409090909091,-0.0128447298828863,0.0890200527183432,0,26.2,43.2
2010,REG,00-0022847,,Ben Hartsock,TE,TE,,2,NYJ,0,0,0,0,0,0,0,0,0,0,0,0,,0,,,0,0,0,0,0,0,,0,1,3,7,0,0,0,15,1,1,-0.072083139733877,0,0.466666666666667,0.0483870967741936,0.0267379679144385,0.0912972227013972,0,0.7,1.7
2010,REG,00-0022864,L.McCown,Luke McCown,QB,QB,"https://static.www.nfl.com/image/private/f_auto,q_auto/league/pj2lbdhplppzlywlzsbr",1,JAX,11,19,120,0,0,0,0,0,0,190,58,6,-2.69336949195713,0,0.631578947368421,0.0329991269988805,1,4,0,0,0,0,-1.08305821032263,0,0,0,0,0,0,0,0,0,0,,0,,,,,0,5.2,5.2
2010,REG,00-0022897,,Greg Jones,RB,RB,,9,JAX,0,0,0,0,0,0,0,0,0,0,0,0,,0,,,2,4,0,0,0,0,-0.73348385700956,0,11,11,47,0,0,0,8,39,2,0.192834642482921,0,5.875,0.0443548387096774,0.0052253429131286,0.0701899981037062,0,5.1,16.1
2010,REG,00-0022901,,Ernest Wilford,WR,WR,,2,JAX,0,0,0,0,0,0,0,0,0,0,0,0,,0,,,0,0,0,0,0,0,,0,1,2,3,0,0,0,5,0,0,-5.39979004010093,0,0.6,0.028169014084507,0.0072358900144717,0.0473186441368908,0,0.3,1.3
2010,REG,00-0022909,,Roy Williams,WR,WR,,15,DAL,0,0,0,0,0,0,0,0,0,0,0,0,,0,,,0,0,0,0,0,0,,0,37,64,530,5,3,2,686,197,25,-4.64705815695925,1,0.772594752186589,0.120527306967985,0.190238491403217,0.313957904434229,0,81.0,118.0
2010,REG,00-0022910,,Lee Evans,WR,WR,,12,BUF,0,0,0,0,0,0,0,0,0,0,0,0,,0,,,0,0,0,0,0,0,,0,37,83,578,4,2,1,1317,120,26,6.54825392420745,0,0.438876233864844,0.204433497536946,0.373405160192798,0.568033858440378,0,79.8,116.8
2010,REG,00-0022921,L.Fitzgerald,Larry Fitzgerald,WR,WR,"https://static.www.nfl.com/image/private/f_auto,q_auto/league/ycgjjaad5un42gy4pnga",16,ARI,0,0,0,0,0,0,0,0,0,0,0,0,,0,,,0,0,0,0,0,0,,0,90,173,1137,6,0,0,2147,210,59,-15.251388411263,1,0.529576152771309,0.312839059674503,0.414398764717236,0.759337724813819,0,151.7,241.7
2010,REG,00-0022922,,Kellen Winslow,TE,TE,,16,TB,0,0,0,0,0,0,0,0,0,0,0,0,,0,,,0,0,0,0,0,0,,0,66,98,730,5,1,0,857,231,36,30.5405919423733,0,0.851808634772462,0.201232032854209,0.192670863309353,0.436717653597861,0,103.0,169.0
2010,REG,00-0022924,B.Roethlisberger,Ben Roethlisberger,QB,QB,"https://static.www.nfl.com/image/private/f_auto,q_auto/league/vziogpnyp9d0xtpiuqhr",12,PIT,240,389,3200,17,5,32,220,4,1,3659,1336,149,78.6257216033954,0,0.874555889587319,0.147633129080892,34,176,2,3,2,15,7.74110181214329,0,0,0,0,0,0,0,0,0,0,,0,,,,,0,209.6,209.6
2010,REG,00-0022929,,Devery Henderson,WR,WR,,16,NO,0,0,0,0,0,0,0,0,0,0,0,0,,0,,,3,8,0,0,0,1,-1.08500593528152,0,34,59,464,1,0,0,803,130,21,8.02108619988026,0,0.577833125778331,0.0909090909090909,0.172059138632955,0.256805033406705,0,53.2,87.2
2010,REG,00-0022942,P.Rivers,Philip Rivers,QB,QB,"https://static.www.nfl.com/image/private/f_auto,q_auto/league/voakyrtj34sghkwxaxxf",16,LAC,357,541,4710,30,13,38,227,4,3,4612,2223,234,164.920846363268,1,1.02124891587164,0.179922575865464,29,52,0,3,1,6,-10.6680952298921,0,0,0,0,0,0,0,0,0,0,,0,,,,,0,281.6,281.6
2010,REG,00-0022943,B.Watson,Benjamin Watson,TE,TE,"https://static.www.nfl.com/image/private/f_auto,q_auto/league/dorymozpdnrllkqlfzpu",16,CLE,0,0,0,0,0,0,0,0,0,0,0,0,,0,,,1,-1,0,0,0,0,-1.34174045454711,0,68,102,763,3,0,0,903,282,40,16.2979038986513,0,0.844961240310077,0.217948717948718,0.234789391575663,0.491275651026041,0,94.2,162.2
2010,REG,00-0022984,,Ryan Grant,RB,RB,,1,GB,0,0,0,0,0,0,0,0,0,0,0,0,,0,,,8,45,0,0,0,2,0.142897341400385,0,0,0,0,0,0,0,0,0,0,,0,,,,,0,4.5,4.5
2010,REG,00-0022999,J.Kuhn,John Kuhn,FB,RB,"https://static.www.nfl.com/image/private/f_auto,q_auto/league/nbcwgq2o0ymmx4czvr4b",15,GB,0,0,0,0,0,0,0,0,0,0,0,0,,0,,,84,281,4,1,0,26,-0.570574055222096,0,15,18,97,2,0,0,-15,109,6,8.11688564647972,0,-6.46666666666667,0.047244094488189,-0.0056646525679758,0.0669008849347004,0,73.8,88.8
2010,REG,00-0023063,,Leonard Weaver,FB,RB,,1,PHI,0,0,0,0,0,0,0,0,0,0,0,0,,0,,,1,0,0,0,0,0,-0.399053623201326,0,0,0,0,0,0,0,0,0,0,,0,,,,,0,0.0,0.0
2010,REG,00-0023108,,Stephen Spach,TE,TE,,11,ARI,0,0,0,0,0,0,0,0,0,0,0,0,,0,,,0,0,0,0,0,0,,0,7,17,40,0,0,0,126,20,3,-7.68084335676394,0,0.317460317460317,0.045945945945946,0.0409489762755931,0.0975832023118341,0,4.0,11.0
2010,REG,00-0023176,,Josh Cribbs,WR,WR,,13,CLE,2,3,19,0,0,0,0,0,0,25,16,2,1.3762514651753,0,0.76,,21,67,0,2,0,5,-1.51507312402828,0,23,39,292,1,0,0,451,139,11,11.2378428994797,0,0.647450110864745,0.103723404255319,0.138470985569543,0.252514796281659,0,42.66,65.66
2010,REG,00-0023210,,Tory Humphrey,TE,TE,,2,NO,0,0,0,0,0,0,0,0,0,0,0,0,,0,,,0,0,0,0,0,0,,0,1,2,12,0,0,0,17,12,1,1.16355944374826,0,0.705882352941177,0.0246913580246914,0.0592334494773519,0.0785004516711834,0,1.2,2.2
2010,REG,00-0023310,,Lance Moore,WR,WR,"https://static.www.nfl.com/image/private/f_auto,q_auto/league/bfjxc892mfkni8ywtheh",15,NO,0,0,0,0,0,0,0,0,0,0,0,0,,0,,,0,0,0,0,0,0,,0,66,94,763,8,1,1,774,290,40,37.0132398113593,0,0.98578811369509,0.15359477124183,0.161823123562618,0.343668343356577,0,122.3,188.3
2010,REG,00-0023367,,Nate Washington,WR,WR,,16,TEN,0,0,0,0,0,0,0,0,0,0,0,0,,0,,,1,-8,0,0,0,0,-1.25249448604882,0,42,94,687,6,0,0,1544,114,34,5.36855389196949,0,0.444948186528498,0.201284796573876,0.315875613747954,0.523040124484382,0,103.9,145.9
2010,REG,00-0023408,,Greg Camarillo,WR,WR,,12,MIN,0,0,0,0,0,0,0,0,0,0,0,0,,0,,,0,0,0,0,0,0,,0,20,34,240,1,0,0,310,87,12,-5.76351409568205,0,0.774193548387097,0.0901856763925729,0.100388601036269,0.205550535314248,0,30.0,50.0
2010,REG,00-0023429,,Rashied Davis,WR,WR,,4,CHI,0,0,0,0,0,0,0,0,0,0,0,0,,0,,,0,0,0,0,0,0,,0,9,14,84,1,0,0,85,26,6,3.15850197634427,0,0.988235294117647,0.116666666666667,0.0847457627118644,0.234322033898305,0,14.4,23.4
2010,REG,00-0023436,A.Smith,Alex Smith,QB,QB,"https://static.www.nfl.com/image/private/f_auto,q_auto/league/dpa5d1a8jj6jdymocjkx",11,SF,204,342,2370,14,10,25,140,4,2,2548,1242,103,-15.1854725631489,1,0.930141287284144,0.0377150321281596,18,60,0,0,0,3,-4.36370647390964,0,0,0,0,0,0,0,0,0,0,,0,,,,,0,134.8,134.8
2010,REG,00-0023437,,Ronnie Brown,RB,RB,,16,MIA,0,2,0,0,0,0,0,0,0,37,0,0,-1.19912437954918,0,0.0,,200,734,5,3,2,40,-30.6923195759849,0,33,42,242,0,0,0,33,204,13,-7.54890152405063,0,7.33333333333333,0.0803059273422562,0.0081622557506801,0.12617247003886,0,123.6,156.6
2010,REG,00-0023438,,Braylon Edwards,WR,WR,,16,NYJ,0,0,0,0,0,0,0,0,0,0,0,0,,0,,,1,4,0,0,0,0,0.0980195184238255,0,53,101,904,7,1,1,1588,285,40,33.5139380726437,1,0.569269521410579,0.194980694980695,0.325343167383733,0.520211259639656,0,132.8,185.8
2010,REG,00-0023439,,Cedric Benson,RB,RB,,16,CIN,0,0,0,0,0,0,0,0,0,0,0,0,,0,,,321,1111,7,7,5,59,-64.6033567999798,1,28,37,178,1,0,0,20,174,9,2.41470659419429,0,8.9,0.0699432892249527,0.0048320850446967,0.108297393368717,0,168.9,196.9
2010,REG,00-0023440,,Cadillac Williams,RB,RB,,16,TB,0,0,0,0,0,0,0,0,0,0,0,0,,0,,,125,437,2,1,1,19,-18.3757556296187,0,46,64,355,1,0,0,108,317,18,1.17165010529012,0,3.28703703703704,0.139130434782609,0.0266535044422507,0.227353105283489,0,95.2,141.2
2010,REG,00-0023452,,Mike Williams,WR,WR,,13,SEA,0,0,0,0,0,0,0,0,0,0,0,0,,0,,,1,0,0,0,0,0,-2.74637059488898,0,65,110,751,2,0,0,1180,214,40,34.1761497137858,0,0.636440677966102,0.256410256410256,0.334372343440068,0.618676025023432,0,87.1,152.1
2010,REG,00-0023457,,Mark Clayton,WR,WR,,5,LA,0,0,0,0,0,0,0,0,0,0,0,0,,0,,,1,6,0,0,0,0,0.237590516218916,0,23,42,306,2,0,0,399,96,15,2.31066568524693,0,0.766917293233083,0.208955223880597,0.313679245283019,0.533008307519009,0,43.2,66.2
2010,REG,00-0023459,A.Rodgers,Aaron Rodgers,QB,QB,"https://static.www.nfl.com/image/upload/f_auto,q_auto/league/jdcb4nomlc4rd6k5l6to",15,GB,312,475,3922,28,11,31,193,2,0,4411,1777,183,116.867285308212,0,0.88914078440263,0.170104556164256,64,356,4,2,1,22,13.3279399138329,0,0,0,0,0,0,0,0,0,0,,0,,,,,0,304.48,304.48
2010,REG,00-0023460,,Jason Campbell,QB,QB,,13,LV,194,329,2387,13,8,33,208,7,1,2792,1274,108,14.0748920597998,0,0.854942693409742,0.0697785661793235,46,221,1,3,0,13,9.00949498044793,0,1,1,1,0,0,0,-8,9,0,-0.393919147085398,0,0.0,0.0263157894736842,-0.0344827586206897,0.0153357531760436,0,157.68,158.68
2010,REG,00-0023462,,Roddy White,WR,WR,"https://static.www.nfl.com/image/private/f_auto,q_auto/league/f7dgklg6z49fbdltwuki",16,ATL,0,0,0,0,0,0,0,0,0,0,0,0,,0,,,1,3,0,0,0,0,-0.313601851928979,0,115,179,1389,10,1,1,1759,360,73,58.0551163574233,2,0.789653212052302,0.31239092495637,0.367223382045929,0.725642754866705,0,201.2,316.2
2010,REG,00-0023465,,Heath Miller,TE,TE,"https://static.www.nfl.com/image/private/f_auto,q_auto/league/iqw8fry4hgfvegs9nfuf",14,PIT,0,0,0,0,0,0,0,0,0,0,0,0,,0,,,0,0,0,0,0,0,,0,42,67,512,2,1,1,583,225,24,11.7162210968276,0,0.878216123499142,0.169620253164557,0.154355308445856,0.362479095658935,0,61.2,103.2
2010,REG,00-0023486,,Nick Collins,FS,DB,,1,GB,0,0,0,0,0,0,0,0,0,0,0,0,,0,,,0,0,0,0,0,0,,0,0,0,0,0,0,0,0,0,0,,0,,,,,1,6.0,6.0
2010,REG,00-0023487,K.Barnes,Khalif Barnes,OT,OL,"https://static.www.nfl.com/image/private/f_auto,q_auto/league/p4ratiy2u5rwyfmlgrvz",2,LV,0,0,0,0,0,0,0,0,0,0,0,0,,0,,,0,0,0,0,0,0,,0,2,2,8,1,0,0,6,2,1,1.38028486439725,0,1.33333333333333,0.0338983050847458,0.0087336244541484,0.0569609947450226,0,6.8,8.8
2010,REG,00-0023490,,Roscoe Parrish,WR,WR,,8,BUF,0,0,0,0,0,0,0,0,0,0,0,0,,0,,,3,23,0,0,0,2,2.63116773881484,0,33,53,392,2,1,0,479,109,20,7.96557450249928,0,0.818371607515658,0.192028985507246,0.206554549374731,0.432631662823181,0,53.5,86.5
2010,REG,00-0023496,,Vincent Jackson,WR,WR,"https://static.www.nfl.com/image/private/f_auto,q_auto/league/kdquag2thcfulvrs0cbz",4,LAC,0,0,0,0,0,0,0,0,0,0,0,0,,0,,,1,14,0,0,0,1,1.19572545564733,0,14,24,248,3,0,0,269,48,12,13.6493654919825,0,0.921933085501859,0.195121951219512,0.265024630541872,0.478200168208579,0,44.2,58.2
2010,REG,00-0023500,F.Gore,Frank Gore,RB,RB,"https://static.www.nfl.com/image/private/f_auto,q_auto/league/lxxkhd2suyalrbruzut7",11,SF,0,0,0,0,0,0,0,0,0,0,0,0,,0,,,203,853,3,3,2,42,-21.2784623207498,0,46,72,452,2,1,0,40,449,16,4.5033092271932,0,11.3,0.206896551724138,0.0147058823529412,0.320638945233266,0,156.5,202.5
2010,REG,00-0023506,,Alex Smith,TE,TE,"https://static.www.nfl.com/image/private/f_auto,q_auto/league/zcpxncjwcm6ggoiqt6ub",1,CLE,0,0,0,0,0,0,0,0,0,0,0,0,,0,,,0,0,0,0,0,0,,0,1,1,6,0,0,0,3,3,0,0.256160639692098,0,2.0,0.0333333333333333,0.0098684210526315,0.0569078947368421,0,0.6,1.6
2010,REG,00-0023529,,Adam Snyder,G,OL,,1,SF,0,0,0,0,0,0,0,0,0,0,0,0,,0,,,0,0,0,0,0,0,,0,0,1,0,0,0,0,3,0,0,-0.42589265917195,0,0.0,0.0344827586206897,0.0082872928176795,0.0575252429034102,0,0.0,0.0
2010,REG,00-0023541,,Kyle Orton,QB,QB,,13,DEN,293,498,3652,20,9,34,242,1,1,4556,1480,173,31.8104301053871,0,0.801580333625988,0.0664684361652532,22,98,0,3,3,9,-6.07062069838867,0,0,0,0,0,0,0,0,0,0,,0,,,,,0,209.88,209.88
2010,REG,00-0023544,,Marion Barber,RB,RB,,13,DAL,0,1,0,0,0,0,0,0,0,12,0,0,-0.423489075736143,0,0.0,,113,374,4,0,0,29,-10.2104241182722,0,11,15,49,0,0,0,-35,76,1,-4.59609559003729,0,-1.4,0.0524475524475525,-0.0242214532871972,0.0617163113702906,0,66.3,77.3
2010,REG,00-0023545,,Brandon Jacobs,RB,RB,,16,NYG,0,0,0,0,0,0,0,0,0,0,0,0,,0,,,147,823,9,2,2,39,4.80772820839775,0,7,13,59,0,0,0,32,35,3,-1.70976554707158,0,1.84375,0.051792828685259,0.0146991272393202,0.0879786320954126,0,138.2,145.2
2010,REG,00-0023560,,Todd Herremans,G,OL,"https://static.www.nfl.com/image/private/f_auto,q_auto/league/cfpuccfslanowlsv1ljy",1,PHI,0,0,0,0,0,0,0,0,0,0,0,0,,0,,,0,0,0,0,0,0,,0,1,1,2,1,0,0,2,0,1,2.01218961225823,0,1.0,0.04,0.0066006600660066,0.0646204620462046,0,6.2,7.2
2010,REG,00-0023564,D.Sproles,Darren Sproles,RB,RB,"https://static.www.nfl.com/image/private/f_auto,q_auto/league/gvj5ng27blmwuz170aeo",16,LAC,0,0,0,0,0,0,0,0,0,0,0,0,,0,,,51,270,0,1,1,10,-12.0542369816103,0,59,75,520,2,0,0,68,486,25,18.1979714116897,0,7.64705882352941,0.146484375,0.0200826934435913,0.233784447910514,0,89.0,148.0
2010,REG,00-0023570,,Roydell Williams,WR,WR,,10,WAS,0,0,0,0,0,0,0,0,0,0,0,0,,0,,,0,0,0,0,0,0,,0,8,18,109,0,0,0,153,59,4,-2.29482872621821,0,0.712418300653595,0.0489130434782609,0.0540445072412575,0.111200720286272,0,10.9,18.9
2010,REG,00-0023606,,Tyjuan Hagler,OLB,LB,,1,IND,0,0,0,0,0,0,0,0,0,0,0,0,,0,,,0,0,0,0,0,0,,0,0,0,0,0,0,0,0,0,0,,0,,,,,1,6.0,6.0
2010,REG,00-0023612,,Bo Scaife,TE,TE,,13,TEN,0,0,0,0,0,0,0,0,0,0,0,0,,0,,,0,0,0,0,0,0,,0,36,52,318,4,2,1,325,95,17,11.082988335139,0,0.978461538461539,0.141304347826087,0.0858425779186477,0.272046326282184,0,53.8,89.8
2010,REG,00-0023630,,Joel Dreessen,TE,TE,,15,HOU,0,0,0,0,0,0,0,0,0,0,0,0,,0,,,0,0,0,0,0,0,,0,36,55,518,4,1,1,472,182,24,25.084356009488,0,1.09745762711864,0.100182149362477,0.117383735389207,0.232441838816161,0,73.8,109.8
2010,REG,00-0023642,,Reggie Hodges,P,SPEC,,1,CLE,0,0,0,0,0,0,0,0,0,0,0,0,,0,,,1,68,0,0,0,1,6.48373180418275,0,0,0,0,0,0,0,0,0,0,,0,,,,,0,6.8,6.8
2010,REG,00-0023645,D.Anderson,Derek Anderson,QB,QB,"https://static.www.nfl.com/image/private/f_auto,q_auto/league/w191gsxivnqgdwgydka6",12,ARI,169,327,2065,7,10,25,176,5,2,3234,691,97,-57.6693924949519,1,0.638528138528139,-0.0210056780422146,5,25,0,1,1,2,-3.44725585356355,0,0,0,0,0,0,0,0,0,0,,0,,,,,0,89.1,89.1
2010,REG,00-0023662,M.Cassel,Matt Cassel,QB,QB,"https://static.www.nfl.com/image/private/f_auto,q_auto/league/n1ucqggyu5hlsqzuv5gj",15,KC,262,450,3116,27,7,26,182,2,1,3601,1505,163,64.4994320867742,0,0.865315190224938,0.100679969364821,33,125,0,1,0,5,-4.01098338898737,0,0,0,0,0,0,0,0,0,0,,0,,,,,0,229.14,229.14
2010,REG,00-0023679,,Billy Bajema,TE,TE,,8,LA,0,0,0,0,0,0,0,0,0,0,0,0,,0,,,0,0,0,0,0,0,,0,14,24,145,2,1,0,152,73,8,3.71518201515427,0,0.953947368421053,0.0830449826989619,0.078593588417787,0.179582985940894,0,26.5,40.5
2010,REG,00-0023682,R.Fitzpatrick,Ryan Fitzpatrick,QB,QB,"https://static.www.nfl.com/image/private/f_auto,q_auto/league/pkhhxwplsawnhln9rsun",13,BUF,255,441,2992,23,15,24,145,4,3,3980,1182,151,11.1586627035603,0,0.751758793969849,0.0556464698654266,40,269,0,4,2,13,-2.27858129206078,0,0,0,0,0,0,0,0,0,0,,0,,,,,0,198.58,198.58
2010,REG,00-0023683,,Madison Hedgecock,FB,RB,,2,NYG,0,0,0,0,0,0,0,0,0,0,0,0,,0,,,0,0,0,0,0,0,,0,2,2,8,0,0,0,-2,10,0,0.786798382294364,0,-4.0,0.0256410256410256,-0.0088495575221238,0.0322668481960517,0,0.8,2.8
2010,REG,00-0023742,J.Ryan,Jon Ryan,P,SPEC,"https://static.www.nfl.com/image/private/f_auto,q_auto/league/jarcsmohj6vbznthlni8",1,SEA,0,0,0,0,0,0,0,0,0,0,0,0,,0,,,1,-9,0,0,0,0,-3.12884448817931,0,0,0,0,0,0,0,0,0,0,,0,,,,,0,-0.9,-0.9
2010,REG,00-0023752,,Daniel Fells,TE,TE,"https://static.www.nfl.com/image/private/f_auto,q_auto/league/lhecgqac5nourex1czfo",16,LA,0,0,0,0,0,0,0,0,0,0,0,0,,0,,,0,0,0,0,0,0,,0,41,65,391,2,0,0,286,267,24,4.45512118590286,0,1.36713286713287,0.111683848797251,0.0763481046449546,0.220969446447345,0,51.1,92.1
2010,REG,00-0023774,,Naufahu Tahi,FB,RB,,6,MIN,0,0,0,0,0,0,0,0,0,0,0,0,,0,,,1,1,0,0,0,1,1.55867578473408,0,6,6,39,1,0,0,3,36,3,3.67530421598349,0,13.0,0.0384615384615385,0.0022438294689603,0.05926298832058,0,10.0,16.0
2010,REG,00-0023790,,Brian Clark,WR,WR,,1,DET,0,0,0,0,0,0,0,0,0,0,0,0,,0,,,0,0,0,0,0,0,,0,0,1,0,0,0,0,3,0,0,-0.748040507769863,0,0.0,0.0384615384615385,0.0147058823529412,0.0679864253393665,0,0.0,0.0
2010,REG,00-0023797,,Darcy Johnson,TE,TE,,2,LA,0,0,0,0,0,0,0,0,0,0,0,0,,0,,,0,0,0,0,0,0,,0,0,2,0,0,0,0,9,0,0,-1.21573603432626,0,0.0,0.024390243902439,0.046875,0.0693978658536585,0,0.0,0.0
2010,REG,00-0023894,D.Penn,Donald Penn,T,OL,"https://static.www.nfl.com/image/private/f_auto,q_auto/league/lbarhx9omymxl236etax",1,TB,0,0,0,0,0,0,0,0,0,0,0,0,,0,,,0,0,0,0,0,0,,0,1,1,1,1,0,0,1,0,1,1.62827527784975,0,1.0,0.0454545454545455,0.0076335877862595,0.0735253296321999,0,6.1,7.1
2010,REG,00-0023921,,Miles Austin,WR,WR,"https://static.www.nfl.com/image/private/f_auto,q_auto/league/tuwhvxan7v0gisbei4an",16,DAL,0,0,0,0,0,0,0,0,0,0,0,0,,0,,,7,93,1,0,0,3,4.09293444588548,0,69,119,1041,7,1,1,1196,448,50,26.7557145747429,0,0.870401337792642,0.209507042253521,0.308645161290323,0.530312176283507,0,159.4,228.4
2010,REG,00-0023953,,Sam Hurd,WR,WR,,10,DAL,0,0,0,0,0,0,0,0,0,0,0,0,,0,,,0,0,0,0,0,0,,0,14,23,120,0,0,0,158,67,11,4.0777649069912,0,0.759493670886076,0.0625,0.0601217656012177,0.135835235920852,0,12.0,26.0
2010,REG,00-0023968,,Micheal Spurlock,WR,WR,,16,TB,0,3,0,0,0,0,0,0,0,27,0,0,-3.80142797389999,0,0.0,,0,0,0,0,0,0,,0,17,33,250,2,0,0,516,33,12,11.3269349675247,0,0.484496124031008,0.0797101449275362,0.134445023449713,0.213676733806104,1,43.0,60.0
2010,REG,00-0024011,,Mike Bell,RB,RB,,12,CLE,0,0,0,0,0,0,0,0,0,0,0,0,,0,,,47,99,0,1,0,6,-15.3777645582071,0,7,10,67,0,1,0,14,48,4,0.460518142877845,0,4.78571428571429,0.0675675675675676,0.0157835400225479,0.112399829367135,0,16.6,23.6
2010,REG,00-0024013,,Hank Baskett,WR,WR,,2,MIN,0,0,0,0,0,0,0,0,0,0,0,0,,0,,,0,0,0,0,0,0,,0,1,4,18,0,0,0,59,6,1,-6.01828676759033,0,0.305084745762712,0.0606060606060606,0.130820399113082,0.182483370288248,0,1.8,2.8
2010,REG,00-0024110,,Steve Weatherford,P,SPEC,"https://static.www.nfl.com/image/private/f_auto,q_auto/league/jkpdalshsrmuxdn1jj4h",1,NYJ,0,0,0,0,0,0,0,0,0,0,0,0,,0,,,1,17,0,0,0,0,-1.37471914826892,0,0,0,0,0,0,0,0,0,0,,0,,,,,0,1.7,1.7
2010,REG,00-0024172,,Patrick Cobbs,RB,RB,,9,MIA,0,0,0,0,0,0,0,0,0,0,0,0,,0,,,4,0,0,0,0,0,-4.49568701721728,0,8,19,91,2,0,0,169,27,4,-6.64683921957477,0,0.538461538461538,0.063973063973064,0.0725321888412017,0.146732128148437,0,21.1,29.1
2010,REG,00-0024201,,Hiram Eugene,DB,DB,,1,LV,0,0,0,0,0,0,0,0,0,0,0,0,,0,,,0,0,0,0,0,0,,0,0,0,0,0,0,0,0,0,0,,0,,,,,1,6.0,6.0
2010,REG,00-0024204,,Fred Jackson,RB,RB,"https://static.www.nfl.com/image/private/f_auto,q_auto/league/ibu4ltouiplhatsn4ptq",16,BUF,0,0,0,0,0,0,0,0,0,0,0,0,,0,,,222,927,5,4,1,42,-17.5855817720292,0,31,54,215,2,1,1,5,237,9,-11.7370821931981,0,43.0,0.111340206185567,0.0014310246136233,0.168012026507887,0,152.2,183.2
2010,REG,00-0024217,,Reggie Bush,RB,RB,"https://static.www.nfl.com/image/private/f_auto,q_auto/league/z2m2heolqx9sgobdks9v",8,NO,0,0,0,0,0,0,0,0,0,0,0,0,,0,,,36,150,0,0,0,6,-7.58238652040018,0,34,42,208,1,0,0,7,202,10,4.43968330038088,0,29.7142857142857,0.134615384615385,0.0028665028665028,0.203929628929629,0,41.8,75.8
2010,REG,00-0024218,,Vince Young,QB,QB,,9,TEN,93,156,1255,10,3,13,80,3,3,1763,402,58,22.9103632648076,0,0.711854792966534,0.120872559720557,25,125,0,3,1,6,-6.86475847486872,0,0,0,0,0,0,0,0,0,0,,0,,,,,0,88.7,88.7
2010,REG,00-0024221,V.Davis,Vernon Davis,TE,TE,"https://static.www.nfl.com/image/private/f_auto,q_auto/league/so5ywayfeeu4zeijln5m",16,SF,0,0,0,0,0,0,0,0,0,0,0,0,,0,,,0,0,0,0,0,0,,0,56,93,914,7,0,0,988,422,35,43.8922629841107,1,0.925101214574899,0.190573770491803,0.240858117991224,0.454461338331562,0,135.4,191.4
2010,REG,00-0024226,J.Cutler,Jay Cutler,QB,QB,"https://static.www.nfl.com/image/private/f_auto,q_auto/league/ks6n7gvw4vccihlse6bn",15,CHI,261,432,3274,23,16,52,352,9,5,3871,1434,159,-13.7107076958691,1,0.845776285197623,0.0710683723156394,50,232,1,1,1,15,11.4188478238427,0,0,0,0,0,0,0,0,0,0,,0,,,,,0,210.16,210.16
2010,REG,00-0024236,,Laurence Maroney,RB,RB,,4,DEN,0,0,0,0,0,0,0,0,0,0,0,0,,0,,,36,74,0,1,0,1,-14.8198038721457,0,4,7,50,0,0,0,6,47,2,0.274641148454975,0,8.33333333333333,0.0654205607476636,0.00836820083682,0.103988581707269,0,12.4,16.4
2010,REG,00-0024240,,Santonio Holmes,WR,WR,,12,NYJ,0,0,0,0,0,0,0,0,0,0,0,0,,0,,,2,17,0,2,2,0,-8.64533053571358,0,52,96,746,6,0,0,1205,216,36,18.6999156429816,0,0.619087136929461,0.231325301204819,0.304139323573953,0.559885478308996,0,108.3,160.3
2010,REG,00-0024242,,DeAngelo Williams,RB,RB,"https://static.www.nfl.com/image/private/f_auto,q_auto/league/oky9ooitgqa1fgwdll6b",6,CAR,0,0,0,0,0,0,0,0,0,0,0,0,,0,,,87,361,1,1,1,12,-18.5382285622719,0,11,13,61,0,0,0,-7,69,3,0.906532348890323,0,-8.71428571428571,0.112068965517241,-0.0074866310160427,0.162862806564632,0,46.2,57.2
2010,REG,00-0024243,M.Lewis,Marcedes Lewis,TE,TE,"https://static.www.nfl.com/image/private/f_auto,q_auto/league/ppq07tipygpftz5csipx",16,JAX,0,0,0,0,0,0,0,0,0,0,0,0,,0,,,0,0,0,0,0,0,,0,58,89,700,10,2,2,658,266,37,14.2416452601612,0,1.06382978723404,0.191810344827586,0.167771545130036,0.405155598832404,0,126.0,184.0
2010,REG,00-0024245,,Joseph Addai,RB,RB,,8,IND,0,0,0,0,0,0,0,0,0,0,0,0,,0,,,116,495,4,2,1,31,3.72327256803462,0,19,26,124,0,0,0,49,95,5,-1.05520406723372,0,2.53061224489796,0.08,0.0169550173010381,0.131868512110727,0,83.9,102.9
2010,REG,00-0024264,K.Clemens,Kellen Clemens,QB,QB,"https://static.www.nfl.com/image/private/f_auto,q_auto/league/pxungqbhh61ov73tzaxk",1,NYJ,1,2,6,0,0,0,0,0,0,20,2,1,0.370808946609031,0,0.3,,2,9,1,0,0,1,-1.71165386837674,0,0,0,0,0,0,0,0,0,0,,0,,,,,0,7.14,7.14
2010,REG,00-0024267,,Greg Jennings,WR,WR,"https://static.www.nfl.com/image/private/f_auto,q_auto/league/jiemkcfkc893pfova8xv",16,GB,0,0,0,0,0,0,0,0,0,0,0,0,,0,,,1,-1,0,0,0,0,-0.758136147283949,0,76,125,1265,12,2,0,1805,401,52,56.419086898421,0,0.700831024930748,0.236294896030246,0.367617107942974,0.61177431960545,0,198.4,274.4
2010,REG,00-0024268,A.Fasano,Anthony Fasano,TE,TE,"https://static.www.nfl.com/image/private/f_auto,q_auto/league/twcrap9uhjbazmplq5x3",15,MIA,0,0,0,0,0,0,0,0,0,0,0,0,,0,,,0,0,0,0,0,0,,0,39,60,528,4,0,0,483,198,29,27.5744576254553,0,1.09316770186335,0.116504854368932,0.115716339242932,0.255758719023451,0,76.8,115.8
2010,REG,00-0024270,A.Whitworth,Andrew Whitworth,T,OL,"https://static.www.nfl.com/image/private/f_auto,q_auto/league/jcpd1mheqjofcqoy8bd5",1,CIN,0,0,0,0,0,0,0,0,0,0,0,0,,0,,,0,0,0,0,0,0,,0,1,1,1,1,0,0,1,0,1,0.759700193419121,0,1.0,0.03125,0.0044843049327354,0.0500140134529148,0,6.1,7.1
2010,REG,00-0024272,,Devin Hester,WR,WR,"https://static.www.nfl.com/image/private/f_auto,q_auto/league/jtntm2ci9doez4qxbx0c",16,CHI,0,0,0,0,0,0,0,0,0,0,0,0,,0,,,7,30,0,0,0,2,-0.816777075873688,0,40,73,475,4,0,0,768,221,23,3.48848401009672,0,0.618489583333333,0.159737417943107,0.187180112113088,0.370632205393822,3,92.5,132.5
2010,REG,00-0024275,,Maurice Jones-Drew,RB,RB,,14,JAX,0,1,0,0,1,0,0,0,0,23,0,0,-3.59097735723481,0,0.0,,299,1324,5,2,2,75,-5.7229668142284,0,34,44,317,2,0,0,-8,323,11,10.6411066643133,0,-39.625,0.109725685785536,-0.0032773453502662,0.162294386933118,0,200.1,234.1
2010,REG,00-0024276,,Tony Scheffler,TE,TE,,15,DET,0,0,0,0,0,0,0,0,0,0,0,0,,0,,,0,0,0,0,0,0,,0,45,72,378,1,1,1,527,149,24,-12.8466227237471,0,0.717267552182163,0.125,0.128286270691334,0.277300389483934,0,41.8,86.8
2010,REG,00-0024279,,Tarvaris Jackson,QB,QB,"https://static.www.nfl.com/image/private/f_auto,q_auto/league/bqukmeneztibnhrjko0q",3,MIN,34,58,341,3,4,6,43,0,0,498,117,18,-15.6223991801863,1,0.684738955823293,0.000653011158336,7,63,0,1,0,3,0.494991171988659,0,0,0,0,0,0,0,0,0,0,,0,,,,,0,25.94,25.94
2010,REG,00-0024287,,Leonard Pope,TE,TE,,14,KC,0,0,0,0,0,0,0,0,0,0,0,0,,0,,,0,0,0,0,0,0,,0,10,19,76,2,0,0,117,34,7,2.2412349715014,0,0.64957264957265,0.0457831325301205,0.0451040863531226,0.100247559242367,0,19.6,29.6
2010,REG,00-0024294,,Jerious Norwood,RB,RB,,1,ATL,0,0,0,0,0,0,0,0,0,0,0,0,,0,,,2,8,0,0,0,1,0.818907710490748,0,1,3,9,0,0,0,5,11,0,-1.29399522569725,0,1.8,0.0697674418604651,0.013550135501355,0.114136257641646,0,1.7,2.7
2010,REG,00-0024296,,Charlie Whitehurst,QB,QB,,5,SEA,57,99,507,2,3,5,13,1,0,700,236,22,-23.9712346298037,2,0.724285714285714,-0.006818267779708,20,43,1,1,0,4,0.70304974145256,0,0,0,0,0,0,0,0,0,0,,0,,,,,0,36.58,36.58
2010,REG,00-0024297,,Derek Hagan,WR,WR,,7,NYG,0,0,0,0,0,0,0,0,0,0,0,0,,0,,,0,0,0,0,0,0,,0,24,43,223,1,0,0,427,32,15,3.42824954161188,0,0.522248243559719,0.199074074074074,0.216421692853523,0.450106296108577,0,28.3,52.3
2010,REG,00-0024300,,Brodie Croyle,QB,QB,,2,KC,8,19,38,0,1,4,29,0,0,213,14,2,-18.9257820502971,0,0.178403755868545,-0.0334887790414711,0,0,0,0,0,0,,0,0,0,0,0,0,0,0,0,0,,0,,,,,0,-0.48,-0.48
2010,REG,00-0024301,,David Thomas,TE,TE,,12,NO,0,0,0,0,0,0,0,0,0,0,0,0,,0,,,0,0,0,0,0,0,,0,30,46,219,2,0,0,202,132,11,1.43091163433554,0,1.08415841584158,0.0964360587002096,0.0565509518477044,0.184239754343708,0,33.9,63.9
2010,REG,00-0024305,,Maurice Stovall,WR,WR,,4,TB,0,0,0,0,0,0,0,0,0,0,0,0,,0,,,0,0,0,0,0,0,,0,7,9,81,1,0,0,38,56,4,2.83081284862702,0,2.13157894736842,0.0882352941176471,0.0721062618595826,0.182827324478178,0,14.1,21.1
2010,REG,00-0024313,,Owen Daniels,TE,TE,"https://static.www.nfl.com/image/private/f_auto,q_auto/league/ktxkz5tzddboxst5xfh8",11,HOU,0,0,0,0,0,0,0,0,0,0,0,0,,0,,,0,0,0,0,0,0,,0,38,68,471,2,0,0,506,249,25,12.1280390240552,0,0.930830039525692,0.169576059850374,0.161300605674211,0.367274513747509,0,59.1,97.1
2010,REG,00-0024315,,Michael Robinson,FB,RB,,10,SEA,1,1,28,0,0,0,0,0,0,28,0,1,2.11712317494676,0,1.0,,12,77,0,0,0,9,6.55062830518,0,8,13,37,0,0,0,35,44,0,-12.4218241260387,0,1.05714285714286,0.0469314079422383,0.0178298522669384,0.0828780085002143,0,12.52,20.52
2010,REG,00-0024318,,Brad Smith,QB,QB,,15,NYJ,2,3,6,1,0,0,0,0,0,37,3,1,1.77879577915883,0,0.162162162162162,,37,298,1,1,1,12,9.07829821410581,0,4,7,44,0,0,0,43,10,2,-2.01504595319106,0,1.02325581395349,0.0339805825242718,0.0278677900194426,0.0704783268000176,2,54.44,58.44
2010,REG,00-0024321,,Garrett Mills,TE,TE,,3,PHI,0,0,0,0,0,0,0,0,0,0,0,0,,0,,,0,0,0,0,0,0,,0,2,3,19,0,0,0,-52,1,1,0.168541202788948,0,0.0,0.0272727272727273,-0.0480147737765466,0.0072987492655082,0,1.9,3.9
2010,REG,00-0024324,,Jason Avant,WR,WR,"https://static.www.nfl.com/image/private/f_auto,q_auto/league/nnis5ib42eoeu8bjjpdc",16,PHI,0,0,0,0,0,0,0,0,0,0,0,0,,0,,,0,0,0,0,0,0,,0,51,75,573,1,0,0,741,156,31,28.826743431295,1,0.773279352226721,0.136612021857924,0.149515738498789,0.309579049736038,0,65.3,116.3
2010,REG,00-0024326,,Demetrius Williams,WR,WR,,1,CLE,0,0,0,0,0,0,0,0,0,0,0,0,,0,,,0,0,0,0,0,0,,0,0,2,0,0,0,0,48,0,0,-1.7399623778183,0,0.0,0.0666666666666667,0.157894736842105,0.210526315789474,0,0.0,0.0
2010,REG,00-0024332,,Leon Washington,RB,RB,,14,SEA,0,0,0,0,0,1,7,0,0,0,0,0,-1.32179181650281,0,,,27,100,1,0,0,5,-0.228140063991305,0,9,13,79,0,0,0,12,63,3,-0.607931773760356,0,6.58333333333333,0.0485074626865672,0.0063863757317722,0.0772316570420913,3,41.9,50.9
2010,REG,00-0024334,B.Marshall,Brandon Marshall,WR,WR,"https://static.www.nfl.com/image/private/f_auto,q_auto/league/jhziqh0scfksvxen6f3s",14,MIA,0,1,0,0,0,0,0,0,0,45,0,0,-0.941252076532692,0,0.0,,2,3,0,0,0,0,-1.04369040712481,0,86,146,1014,3,2,1,1553,235,57,15.5248932554093,0,0.652929813264649,0.29735234215886,0.385455448001986,0.715847326839679,0,117.7,203.7
2010,REG,00-0024359,,Jerome Harrison,RB,RB,,10,PHI,0,0,0,0,0,0,0,0,0,0,0,0,,0,,,71,330,1,2,1,12,-10.2743419421022,0,12,13,85,0,0,0,2,80,2,-0.26858452198212,0,42.5,0.0628019323671498,0.0009866798223976,0.094893574426403,0,45.5,57.5
2010,REG,00-0024369,,Jeff King,TE,TE,,14,CAR,0,0,0,0,0,0,0,0,0,0,0,0,,0,,,0,0,0,0,0,0,,0,19,32,121,2,0,0,155,34,8,-0.157286159927638,0,0.780645161290323,0.0796019900497513,0.0523118461019237,0.156021277345973,0,24.1,43.1
2010,REG,00-0024389,De.Walker,Delanie Walker,TE,TE,"https://static.www.nfl.com/image/private/f_auto,q_auto/league/diknegkpqy0qnri7877z",13,SF,0,0,0,0,0,0,0,0,0,0,0,0,,0,,,3,18,0,0,0,1,0.251491733477451,0,29,45,331,0,1,1,260,166,13,5.59100883288243,0,1.27307692307692,0.116279069767442,0.0805951642901426,0.230835219654263,0,32.9,61.9
2010,REG,00-0024394,,Lawrence Vickers,FB,RB,,8,CLE,0,0,0,0,0,0,0,0,0,0,0,0,,0,,,5,11,0,0,0,2,-1.03532120701857,0,4,9,15,0,0,0,13,13,1,-2.87981479696464,0,1.15384615384615,0.0514285714285714,0.0291479820627803,0.0975464445868033,0,2.6,6.6
2010,REG,00-0024408,,Bruce Gradkowski,QB,QB,,6,LV,83,158,1059,5,7,10,77,3,1,1392,516,50,-20.4339445975195,0,0.760775862068966,-0.0128995862468014,12,41,0,0,0,2,-2.95752394123701,0,0,0,0,0,0,0,0,0,0,,0,,,,,0,50.46,50.46
2010,REG,00-0024417,S.Koch,Sam Koch,P,SPEC,"https://static.www.nfl.com/image/private/f_auto,q_auto/league/dw34lcf6qit1i1knjhpv",1,BAL,1,1,13,0,0,0,0,0,0,4,9,1,3.8383247628808,0,3.25,,1,0,0,1,0,0,-3.68638688349165,0,0,0,0,0,0,0,0,0,0,,0,,,,,0,0.52,0.52
2010,REG,00-0024424,Z.Strief,Zach Strief,OT,OL,"https://static.www.nfl.com/image/private/f_auto,q_auto/league/lsckapwvkijnzlivuskw",1,NO,0,0,0,0,0,0,0,0,0,0,0,0,,0,,,0,0,0,0,0,0,,0,0,1,0,0,0,0,1,0,0,-0.255326842714567,0,0.0,0.0227272727272727,0.0040322580645161,0.0369134897360704,0,0.0,0.0
2010,REG,00-0024447,,Devin Aromashodu,WR,WR,,9,CHI,0,0,0,0,0,0,0,0,0,0,0,0,,0,,,0,0,0,0,0,0,,0,10,24,149,0,0,0,271,51,8,0.262264725228306,0,0.549815498154982,0.0888888888888889,0.112354892205638,0.21198175787728,0,14.9,24.9
2010,REG,00-0024460,,Quinton Ganther,RB,RB,,5,BUF,0,0,0,0,0,0,0,0,0,0,0,0,,0,,,9,18,0,0,0,1,-2.34614581882488,0,2,3,9,0,0,0,4,5,0,-0.317940458655357,0,2.25,0.0379746835443038,0.0106666666666667,0.0644286919831224,0,2.7,4.7
2010,REG,00-0024463,,Ben Obomanu,WR,WR,,12,SEA,0,0,0,0,0,0,0,0,0,0,0,0,,0,,,2,17,0,0,0,1,0.783997397287749,0,30,49,494,4,0,0,560,169,17,5.12571891827975,2,0.882142857142857,0.126288659793814,0.165631469979296,0.305375018676229,0,79.1,109.1
2010,REG,00-0024465,,David Anderson,WR,WR,,8,HOU,0,0,0,0,0,0,0,0,0,0,0,0,,0,,,0,0,0,0,0,0,,0,11,18,117,0,0,0,189,53,5,5.17784234907595,0,0.619047619047619,0.0592105263157895,0.0711328566051938,0.13860878909732,0,11.7,22.7
2010,REG,00-0024466,,Marques Colston,WR,WR,"https://static.www.nfl.com/image/private/f_auto,q_auto/league/hnnuo9nfwzwlakr2srdq",15,NO,0,0,0,0,0,0,0,0,0,0,0,0,,0,,,1,1,0,0,0,0,-0.461688004434109,0,84,132,1023,7,0,0,1350,268,57,53.4741703962455,0,0.757777777777778,0.216748768472906,0.290572535514421,0.528523927569454,0,144.4,228.4
2010,REG,00-0024489,,Ahmard Hall,FB,RB,,12,TEN,0,0,0,0,0,0,0,0,0,0,0,0,,0,,,1,1,0,0,0,1,0.611246173270047,0,15,20,100,0,0,0,-5,107,5,2.00754230808749,0,-20.0,0.0615384615384615,-0.0020764119601328,0.0908542039355993,0,10.1,25.1
2010,REG,00-0024529,,Gijon Robinson,TE,TE,,5,IND,0,0,0,0,0,0,0,0,0,0,0,0,,0,,,0,0,0,0,0,0,,0,3,7,12,1,0,0,29,5,2,-0.527422048908193,0,0.413793103448276,0.031390134529148,0.0154173312068049,0.0578773336384854,0,7.2,10.2
2010,REG,00-0024535,E.Weems,Eric Weems,WR,WR,"https://static.www.nfl.com/image/private/f_auto,q_auto/league/kptsfekcpfukewtim9kz",5,ATL,0,0,0,0,0,0,0,0,0,0,0,0,,0,,,0,0,0,0,0,0,,0,6,6,61,0,0,0,39,22,3,5.95014778510085,0,1.56410256410256,0.0517241379310345,0.0379008746355685,0.10411681914145,2,18.1,24.1
2010,REG,00-0024559,,D.J. Ware,RB,RB,,7,NYG,0,0,0,0,0,0,0,0,0,0,0,0,,0,,,20,73,0,0,0,7,-1.96578430547379,0,7,9,67,0,0,0,24,61,3,1.54172186559299,0,2.79166666666667,0.0532544378698225,0.0148423005565863,0.0902712671943441,0,14.0,21.0
2010,REG,00-0024607,,Daniel Coats,TE,TE,,2,DEN,0,0,0,0,0,0,0,0,0,0,0,0,,0,,,0,0,0,0,0,0,,0,0,2,0,0,0,0,12,0,0,-2.2841292549856,0,0.0,0.0235294117647059,0.0240480961923848,0.0521277849817282,0,0.0,0.0
2010,REG,00-0024687,,Dominique Zeigler,WR,WR,,8,SF,0,0,0,0,0,0,0,0,0,0,0,0,,0,,,0,0,0,0,0,0,,0,9,15,98,0,0,0,212,14,5,-2.63401926291059,0,0.462264150943396,0.0561797752808989,0.10316301703163,0.156483774843489,0,9.8,18.8
2010,REG,00-0024738,,Eldra Buckley,RB,RB,,6,PHI,0,0,0,0,0,0,0,0,0,0,0,0,,0,,,21,67,0,0,0,4,-5.58012095743277,0,1,2,10,0,1,1,6,5,0,-5.74961118679494,0,1.66666666666667,0.0294117647058824,0.0097244732576985,0.0509247783392125,0,5.7,6.7
2010,REG,00-0024756,,Matt Willis,WR,WR,,1,DEN,0,0,0,0,0,0,0,0,0,0,0,0,,0,,,0,0,0,0,0,0,,0,1,2,17,0,0,0,34,0,1,2.99762865743833,0,0.5,0.0350877192982456,0.0765765765765766,0.106235182550972,0,1.7,2.7
2010,REG,00-0024812,,Tyler Palko,QB,QB,,2,KC,4,6,35,0,0,2,10,0,0,23,13,2,0.89640189812053,0,1.52173913043478,0.113047443579298,2,5,0,0,0,1,0.446204007137567,0,0,0,0,0,0,0,0,0,0,,0,,,,,0,1.9,1.9
2010,REG,00-0024813,,Pierre Thomas,RB,RB,"https://static.www.nfl.com/image/private/f_auto,q_auto/league/w58uf8rmlucv7qagwrfv",6,NO,0,0,0,0,0,0,0,0,0,0,0,0,,0,,,83,269,2,0,0,19,-8.77211015761714,0,29,29,201,0,0,0,-54,255,9,5.94517190116412,0,-3.72222222222222,0.120331950207469,-0.0406320541760722,0.152055487387953,0,59.0,88.0
2010,REG,00-0025389,,Calvin Johnson,WR,WR,"https://static.www.nfl.com/image/private/f_auto,q_auto/league/z6dxib9sientn4m9cljh",15,DET,0,0,0,0,0,0,0,0,0,0,0,0,,0,,,4,32,0,0,0,2,0.94321515946649,0,77,137,1120,12,1,0,1930,304,57,47.0064096066352,1,0.580310880829016,0.23458904109589,0.449255121042831,0.666362146373817,0,189.2,266.2
2010,REG,00-0025394,A.Peterson,Adrian Peterson,RB,RB,"https://static.www.nfl.com/image/private/f_auto,q_auto/league/ug2ua3skqc9f6vkbowxc",15,MIN,0,0,0,0,0,0,0,0,0,0,0,0,,0,,,283,1298,12,1,1,70,-10.6912059899943,0,36,50,341,1,0,0,28,330,17,3.09203509870044,0,12.1785714285714,0.114942528735632,0.0073859140068583,0.177583932908249,0,239.9,275.9
2010,REG,00-0025396,T.Ginn,Ted Ginn,WR,WR,"https://static.www.nfl.com/image/private/f_auto,q_auto/league/o4m4txrv9l7odyebnea4",13,SF,0,0,0,0,0,0,0,0,0,0,0,0,,0,,,2,11,0,0,0,0,-0.244781492510811,0,12,35,163,1,0,0,532,21,6,-15.1806362738873,0,0.306390977443609,0.0913838120104439,0.152654232424677,0.24393368071294,1,29.4,41.4
2010,REG,00-0025399,M.Lynch,Marshawn Lynch,RB,RB,"https://static.www.nfl.com/image/private/f_auto,q_auto/league/ddhpebfqtr9yxsnbx9ht",16,SEA,0,0,0,0,0,0,0,0,0,0,0,0,,0,,,202,737,6,2,2,38,-39.7053559646802,0,22,28,145,0,2,2,12,142,5,-8.02425720822066,0,12.0833333333333,0.0736842105263158,0.0041782729805013,0.113451106875825,0,116.2,138.2
2010,REG,00-0025410,,Dwayne Bowe,WR,WR,"https://static.www.nfl.com/image/private/f_auto,q_auto/league/ihvktvkw198qeclu6mtk",16,KC,0,0,0,0,0,0,0,0,0,0,0,0,,0,,,1,4,0,0,0,0,-0.464889203198254,0,72,133,1162,15,1,0,1756,368,55,63.7629311166042,0,0.661731207289294,0.286637931034483,0.462470371345799,0.753686156493784,0,206.6,278.6
2010,REG,00-0025414,,Robert Meachem,WR,WR,,16,NO,0,0,0,0,0,0,0,0,0,0,0,0,,0,,,4,14,0,0,0,1,-0.479240469750948,0,44,66,638,5,0,0,948,130,27,19.0228751117523,0,0.672995780590717,0.101694915254237,0.19217514696939,0.287064975759929,0,95.2,139.2
2010,REG,00-0025417,,Craig Davis,WR,WR,,7,LAC,0,0,0,0,0,0,0,0,0,0,0,0,,0,,,0,0,0,0,0,0,,0,21,39,259,1,0,0,400,89,14,5.70432487002703,0,0.6475,0.14828897338403,0.1640016400164,0.337234608087526,0,31.9,52.9
2010,REG,00-0025418,G.Olsen,Greg Olsen,TE,TE,"https://static.www.nfl.com/image/private/f_auto,q_auto/league/jevf1bubmrv2vvmiwq3r",16,CHI,0,0,0,0,0,0,0,0,0,0,0,0,,0,,,0,0,0,0,0,0,,0,41,69,404,5,2,1,602,160,22,6.93244939015622,0,0.67109634551495,0.150984682713348,0.146721910796978,0.329182361627906,0,68.4,109.4
2010,REG,00-0025419,,Anthony Gonzalez,WR,WR,,2,IND,0,0,0,0,0,0,0,0,0,0,0,0,,0,,,0,0,0,0,0,0,,0,5,9,67,0,0,0,94,16,3,-0.715824293872964,0,0.712765957446809,0.0882352941176471,0.119440914866582,0.215961581583078,0,6.7,11.7
2010,REG,00-0025423,,Kevin Kolb,QB,QB,,7,PHI,115,189,1197,7,7,14,99,4,2,1552,590,58,-13.4433472149814,0,0.771262886597938,0.0341197361841245,16,66,0,2,1,6,-0.759261866990801,0,0,0,0,0,0,0,0,0,0,,0,,,,,0,62.48,62.48
2010,REG,00-0025425,,Zach Miller,TE,TE,,15,LV,0,0,0,0,0,0,0,0,0,0,0,0,,0,,,0,0,0,0,0,0,,0,60,92,685,5,1,0,669,273,36,15.0262482856701,0,1.02391629297459,0.203090507726269,0.189036450974852,0.4369612772718,0,98.5,158.5
2010,REG,00-0025426,,Justin Blalock,G,OL,,1,ATL,0,0,0,0,0,0,0,0,0,0,0,0,,0,,,0,0,0,0,0,0,,0,0,1,0,0,0,0,-3,0,0,-1.5807755413698,0,0.0,0.0232558139534884,-0.0085959885386819,0.0288665289531552,0,0.0,0.0
2010,REG,00-0025430,D.Stanton,Drew Stanton,QB,QB,"https://static.www.nfl.com/image/private/f_auto,q_auto/league/di5hc0mwbomreqx7ojbu",6,DET,69,119,780,4,3,6,42,3,1,844,422,39,1.74021230164137,0,0.924170616113744,0.0317495160573946,18,113,1,0,0,8,7.98985592328245,0,0,0,0,0,0,0,0,0,0,,0,,,,,0,56.5,56.5
2010,REG,00-0025431,,Sidney Rice,WR,WR,,6,MIN,0,0,0,0,0,0,0,0,0,0,0,0,,0,,,0,0,0,0,0,0,,0,17,42,280,2,0,0,734,43,14,0.0146548591666287,0,0.381471389645777,0.235955056179775,0.460765850596359,0.676468679687114,0,40.0,57.0
2010,REG,00-0025432,,Dwayne Jarrett,WR,WR,,2,CAR,0,0,0,0,0,0,0,0,0,0,0,0,,0,,,0,0,0,0,0,0,,0,2,5,40,0,0,0,78,4,2,4.02883235644549,0,0.512820512820513,0.0961538461538462,0.193548387096774,0.279714640198511,0,4.0,6.0
2010,REG,00-0025438,,Steve Smith,WR,WR,,9,NYG,0,0,0,0,0,0,0,0,0,0,0,0,,0,,,0,0,0,0,0,0,,0,48,75,529,3,0,0,944,107,29,20.9037463248407,0,0.560381355932203,0.244299674267101,0.332628611698379,0.599289539589517,0,70.9,118.9
2010,REG,00-0025439,,Brian Leonard,RB,RB,,11,CIN,0,0,0,0,0,0,0,0,0,0,0,0,,0,,,9,61,0,0,0,4,6.32412171084434,0,20,26,137,1,0,0,67,96,9,0.937485949427806,0,2.04477611940299,0.0670103092783505,0.0236916548797737,0.117099622333367,0,25.8,45.8
2010,REG,00-0025447,,Samson Satele,C,OL,,1,LV,0,0,0,0,0,0,0,0,0,0,0,0,,0,,,1,0,0,1,0,0,-1.44583167834207,0,0,0,0,0,0,0,0,0,0,,0,,,,,0,0.0,0.0
2010,REG,00-0025450,,Brandon Jackson,RB,RB,,16,GB,0,0,0,0,0,0,0,0,0,0,0,0,,0,,,190,703,3,1,0,27,-17.7446698140733,0,43,50,342,1,0,0,-19,363,18,11.9360689734749,0,-18.0,0.0945179584120983,-0.0038696537678207,0.139068179980673,0,128.5,171.5
2010,REG,00-0025458,,Lorenzo Booker,RB,RB,,4,MIN,0,0,0,0,0,0,0,0,0,0,0,0,,0,,,0,0,0,0,0,0,,0,5,6,32,0,1,1,37,29,3,-1.64695053762989,0,0.864864864864865,0.0476190476190476,0.0459057071960298,0.103562566465792,0,1.2,6.2
2010,REG,00-0025460,,Jacoby Jones,WR,WR,"https://static.www.nfl.com/image/private/f_auto,q_auto/league/yhjtycrpq7jtfarxkhcx",15,HOU,0,0,0,0,0,0,0,0,0,0,0,0,,0,,,2,7,0,0,0,1,-0.0516498589422554,0,51,78,562,3,1,0,648,231,31,18.134775795246,1,0.867283950617284,0.146616541353383,0.157319737800437,0.330048628490381,0,76.9,127.9
2010,REG,00-0025461,,Yamon Figurs,WR,WR,,2,CLE,0,0,0,0,0,0,0,0,0,0,0,0,,0,,,1,-4,0,0,0,0,-1.05345425987616,0,2,2,17,0,0,0,10,7,1,1.05254756123759,0,1.7,0.0526315789473684,0.0431034482758621,0.109119782214156,0,1.3,3.3
2010,REG,00-0025462,,Laurent Robinson,WR,WR,,13,LA,0,0,0,0,0,0,0,0,0,0,0,0,,0,,,2,-14,0,0,0,0,-2.01714712701505,0,34,75,344,2,0,0,731,109,19,-3.92865718797404,0,0.470588235294118,0.157894736842105,0.223547400611621,0.393325285691292,0,45.0,79.0
2010,REG,00-0025463,,Jason Hill,WR,WR,,6,JAX,0,0,0,0,0,0,0,0,0,0,0,0,,0,,,0,0,0,0,0,0,,0,11,21,248,1,0,0,371,42,9,9.74293941578958,0,0.668463611859838,0.120689655172414,0.251866938221317,0.357341339513543,0,30.8,41.8
2010,REG,00-0025464,,Matt Spaeth,TE,TE,"https://static.www.nfl.com/image/private/f_auto,q_auto/league/wywcnns8be7rzlrwnjwh",7,PIT,0,0,0,0,0,0,0,0,0,0,0,0,,0,,,0,0,0,0,0,0,,0,9,18,80,1,0,0,137,38,4,-1.88333225832321,0,0.583941605839416,0.0857142857142857,0.0645921735030646,0.173785950023574,0,14.0,23.0
2010,REG,00-0025465,,James Jones,WR,WR,,16,GB,0,0,0,0,0,0,0,0,0,0,0,0,,0,,,0,0,0,0,0,0,,0,50,87,679,5,3,1,994,284,33,22.0873310548251,0,0.683098591549296,0.164461247637051,0.20244399185336,0.388402665752929,0,95.9,145.9
2010,REG,00-0025466,,Mike Sims-Walker,WR,WR,,14,JAX,0,0,0,0,0,0,0,0,0,0,0,0,,0,,,0,0,0,0,0,0,,0,43,80,562,7,1,1,906,117,32,18.1803512986312,0,0.620309050772627,0.195121951219512,0.256657223796034,0.472342983486492,0,96.2,139.2
2010,REG,00-0025479,,Trent Edwards,QB,QB,,4,JAX,55,101,521,2,5,11,95,0,0,589,246,23,-39.8212180196586,0,0.884550084889644,-0.0119596620576334,14,58,0,0,0,7,8.0864612335572,0,0,0,0,0,0,0,0,0,0,,0,,,,,0,24.64,24.64
2010,REG,00-0025480,,Garrett Wolfe,RB,RB,,1,CHI,0,0,0,0,0,0,0,0,0,0,0,0,,0,,,4,8,0,0,0,0,-3.84377028234303,0,0,0,0,0,0,0,0,0,0,,0,,,,,0,0.8,0.8
2010,REG,00-0025486,,Johnnie Lee Higgins,WR,WR,,10,LV,1,1,1,0,0,0,0,0,0,-8,9,0,-0.393919147085398,0,0.0,,0,0,0,0,0,0,,0,10,30,103,0,0,0,348,18,5,-17.158781863465,0,0.295977011494253,0.0920245398773006,0.118852459016393,0.221233531127426,0,10.34,20.34
2010,REG,00-0025487,,Michael Bush,RB,RB,,14,LV,0,0,0,0,0,0,0,0,0,0,0,0,,0,,,158,655,8,0,0,32,1.8776495403103,0,18,24,194,0,0,0,16,190,11,9.57237476006507,0,12.125,0.0885608856088561,0.0076555023923445,0.138200180087925,0,132.9,150.9
2010,REG,00-0025516,,Scott Chandler,TE,TE,"https://static.www.nfl.com/image/private/f_auto,q_auto/league/zktr2miqzub2buwa19x7",3,BUF,0,0,0,0,0,0,0,0,0,0,0,0,,0,,,0,0,0,0,0,0,,0,1,3,8,0,0,0,41,5,0,-1.11676728981547,0,0.195121951219512,0.04,0.0624048706240487,0.103683409436834,0,0.8,1.8
2010,REG,00-0025524,,Le'Ron McClain,FB,RB,,14,BAL,0,0,0,0,0,0,0,0,0,0,0,0,,0,,,28,85,0,0,0,15,-0.670095319193779,0,21,26,134,0,0,0,-11,145,6,1.34649091440951,0,-12.1818181818182,0.0658227848101266,-0.0029802221620157,0.0966480217017789,0,21.9,42.9
2010,REG,00-0025529,,Steve Breaston,WR,WR,,12,ARI,1,2,17,0,0,0,0,0,0,50,6,1,0.635375871439464,0,0.34,,3,35,0,0,0,2,1.88234427530551,0,47,87,718,1,0,0,1171,168,32,13.0468603727832,0,0.613151152860803,0.197278911564626,0.275529411764706,0.488788955582233,0,81.98,128.98
2010,REG,00-0025540,,Kevin Boss,TE,TE,,15,NYG,0,0,0,0,0,0,0,0,0,0,0,0,,0,,,0,0,0,0,0,0,,0,35,70,531,5,1,1,580,246,22,-4.99458984100278,0,0.91551724137931,0.137254901960784,0.125378296584522,0.293647160550342,0,81.1,116.1
2010,REG,00-0025542,,Dante Rosario,TE,TE,,16,CAR,0,0,0,0,0,0,0,0,0,0,0,0,,0,,,1,-2,0,0,0,0,-0.912520082434639,0,32,58,264,0,0,0,352,136,15,-23.5760385613984,0,0.75,0.123931623931624,0.101763515466898,0.257131896724264,0,26.2,58.2
2010,REG,00-0025544,,David Clowney,WR,WR,,8,CAR,0,0,0,0,0,0,0,0,0,0,0,0,,0,,,0,0,0,0,0,0,,0,7,16,124,0,0,0,240,39,4,3.4385705452296,0,0.516666666666667,0.064,0.113475177304965,0.175432624113475,0,12.4,19.4
2010,REG,00-0025549,B.Celek,Brent Celek,TE,TE,"https://static.www.nfl.com/image/private/f_auto,q_auto/league/mit6ahic4gkdhy1hkejt",14,PHI,0,0,0,0,0,0,0,0,0,0,0,0,,0,,,0,0,0,0,0,0,,0,42,79,511,4,0,0,686,242,23,11.8208281321678,0,0.744897959183674,0.165618448637317,0.162366863905325,0.362084477689703,0,75.1,117.1
2010,REG,00-0025559,,Legedu Naanee,WR,WR,,9,LAC,0,0,0,0,0,0,0,0,0,0,0,0,,0,,,3,-2,0,0,0,0,-2.23585926531814,0,23,46,371,1,1,1,548,106,20,9.42346458958155,1,0.677007299270073,0.167883211678832,0.224222585924714,0.408780627665548,0,42.9,65.9
2010,REG,00-0025561,,Troy Smith,QB,QB,,6,SF,73,145,1176,5,4,18,112,3,0,1460,580,43,-6.14869257596761,0,0.805479452054795,0.011965420244896,23,121,1,3,0,9,3.7274076599419,0,0,0,0,0,0,0,0,0,0,,0,,,,,0,77.14,77.14
2010,REG,00-0025568,,Reagan Maui'a,FB,RB,,6,ARI,0,0,0,0,0,0,0,0,0,0,0,0,,0,,,0,0,0,0,0,0,,0,2,6,20,0,0,0,30,19,2,-0.588930318859639,0,0.666666666666667,0.032258064516129,0.021398002853067,0.0633656987713405,0,2.0,4.0
2010,REG,00-0025573,,Thomas Clayton,RB,RB,,2,NE,0,0,0,0,0,0,0,0,0,0,0,0,,0,,,7,17,0,0,0,1,-3.48004101990955,0,0,0,0,0,0,0,0,0,0,,0,,,,,0,1.7,1.7
2010,REG,00-0025578,,Korey Hall,RB,RB,,1,GB,0,0,0,0,0,0,0,0,0,0,0,0,,0,,,0,0,0,0,0,0,,0,1,1,9,0,0,0,0,9,0,0.651235026307404,0,0.0,0.0344827586206897,,,0,0.9,1.9
2010,REG,00-0025592,,Jordan Palmer,QB,QB,,1,CIN,3,3,18,0,0,2,20,0,0,3,15,1,-0.812060851603746,0,6.0,,0,0,0,0,0,0,,0,0,0,0,0,0,0,0,0,0,,0,,,,,0,0.72,0.72
2010,REG,00-0025602,,Ben Patrick,TE,TE,,9,ARI,0,0,0,0,0,0,0,0,0,0,0,0,,0,,,0,0,0,0,0,0,,0,15,18,123,0,1,0,114,53,5,1.76309197890805,0,1.07894736842105,0.0602006688963211,0.039832285115304,0.118183602925194,0,12.3,27.3
2010,REG,00-0025604,,Tyler Thigpen,QB,QB,,5,MIA,33,62,435,2,2,8,50,0,0,677,129,20,-10.930949949602,0,0.642540620384047,-0.0143967212122043,13,73,0,2,0,3,-1.2769151602017,0,0,0,0,0,0,0,0,0,0,,0,,,,,0,28.7,28.7
2010,REG,00-0025622,,Chansi Stuckey,WR,WR,,15,CLE,0,0,0,0,0,0,0,0,0,0,0,0,,0,,,3,9,1,0,0,1,0.66966495779343,0,40,63,346,0,2,1,368,204,21,-20.9391039241373,0,0.940217391304348,0.141891891891892,0.0995670995670996,0.282534807534808,0,39.5,79.5
2010,REG,00-0025631,,Jason Snelling,FB,RB,,14,ATL,0,0,0,0,0,0,0,0,0,0,0,0,,0,,,87,324,2,1,0,21,-5.86090042257136,0,44,51,303,3,1,0,60,254,12,10.6748165798781,0,5.05,0.101391650099404,0.0159447249534946,0.163248782616552,0,92.7,136.7
2010,REG,00-0025633,,Kenneth Darby,RB,RB,,13,LA,0,0,0,0,0,0,0,0,0,0,0,0,,0,,,34,107,2,0,0,7,-4.01392795009613,0,10,13,61,1,0,0,-22,77,2,-3.78929383257761,0,-2.77272727272727,0.0367231638418079,-0.0096322241681261,0.0483421888450236,0,34.8,44.8
2010,REG,00-0025637,,Ahmad Bradshaw,RB,RB,"https://static.www.nfl.com/image/private/f_auto,q_auto/league/vlgcz2so2urjgowxz3tz",16,NYG,0,0,0,0,0,0,0,0,0,0,0,0,,0,,,276,1235,8,7,6,62,-33.3940159077566,1,47,58,314,0,0,0,-56,366,18,-1.1071767189127,0,-5.60714285714286,0.108614232209738,-0.0133111480865225,0.153603544654041,0,192.9,239.9
2010,REG,00-0025668,,Michael Adams,DB,DB,,1,ARI,0,0,0,0,0,0,0,0,0,0,0,0,,0,,,0,0,0,0,0,0,,0,0,0,0,0,0,0,0,0,0,,0,,,,,1,6.0,6.0
2010,REG,00-0025672,,Tim Castille,FB,RB,,8,KC,0,0,0,0,0,0,0,0,0,0,0,0,,0,,,5,3,0,0,0,0,-4.09540083818138,0,10,12,43,0,0,0,19,49,3,-1.96371631120564,0,2.26315789473684,0.0863309352517986,0.021689497716895,0.144679051279524,0,4.6,14.6
2010,REG,00-0025701,,Jackie Battle,RB,RB,,8,KC,0,0,0,0,0,0,0,0,0,0,0,0,,0,,,20,50,1,0,0,7,-3.97837484319462,0,1,3,9,0,0,0,5,7,0,-1.40251124254428,0,1.8,0.0483870967741936,0.0124069478908189,0.0812655086848635,0,11.9,12.9
2010,REG,00-0025708,M.Moore,Matt Moore,QB,QB,"https://static.www.nfl.com/image/private/f_auto,q_auto/league/h04zarfikqlgerdftbgp",6,CAR,79,143,857,5,10,13,90,4,2,1247,351,47,-37.049706099115,0,0.687249398556536,0.0054394676851068,5,25,0,0,0,1,0.578454814618453,0,0,0,0,0,0,0,0,0,0,,0,,,,,0,32.78,32.78
2010,REG,00-0025749,,Richard Bartel,QB,QB,,1,ARI,16,28,150,0,1,2,12,0,0,168,39,7,-15.7717588974338,0,0.892857142857143,-0.0006914972472315,0,0,0,0,0,0,,0,0,0,0,0,0,0,0,0,0,,0,,,,,0,4.0,4.0
2010,REG,00-0025825,B.Kern,Brett Kern,P,SPEC,"https://static.www.nfl.com/image/private/f_auto,q_auto/league/dbph1kuozunx3aorpeiw",1,TEN,0,0,0,0,0,0,0,0,0,0,0,0,,0,,,1,0,0,0,0,0,-4.36872428958304,0,0,0,0,0,0,0,0,0,0,,0,,,,,0,0.0,0.0
2010,REG,00-0025860,,BenJarvus Green-Ellis,RB,RB,,16,NE,0,0,0,0,0,0,0,0,0,0,0,0,,0,,,229,1008,13,0,0,62,23.578129715656,0,12,16,85,0,0,0,39,49,5,4.17350904984456,0,2.17948717948718,0.0594795539033457,0.0180890538033395,0.101881668517356,0,187.3,199.3
2010,REG,00-0025864,,Jonathan Stupar,TE,TE,,7,BUF,0,0,0,0,0,0,0,0,0,0,0,0,,0,,,0,0,0,0,0,0,,0,12,13,111,0,1,0,26,85,4,0.790094031137414,0,4.26923076923077,0.0670103092783505,0.0187454938716655,0.113637309627692,0,11.1,23.1
2010,REG,00-0025955,,Albert Young,RB,RB,,2,MIN,0,0,0,0,0,0,0,0,0,0,0,0,,0,,,13,29,0,0,0,1,-4.31733331817668,0,2,2,11,0,0,0,7,4,0,-1.25091427587904,0,1.57142857142857,0.0740740740740741,0.025,0.128611111111111,0,4.0,6.0
2010,REG,00-0025970,,Caleb Hanie,QB,QB,,2,CHI,5,7,55,0,0,2,15,0,0,84,12,2,-3.21830811665859,0,0.654761904761905,0.134086802415688,1,-1,0,0,0,0,0.0,0,0,0,0,0,0,0,0,0,0,,0,,,,,0,2.1,2.1
2010,REG,00-0025995,,Jordan Senn,LB,LB,,1,CAR,0,0,0,0,0,0,0,0,0,0,0,0,,0,,,1,5,0,0,0,1,2.73177848942578,0,0,0,0,0,0,0,0,0,0,,0,,,,,0,0.5,0.5
2010,REG,00-0026000,,Davone Bess,WR,WR,,16,MIA,0,0,0,0,0,0,0,0,0,0,0,0,,0,,,1,0,0,0,0,0,-0.484463885426521,0,80,126,817,5,0,0,993,310,43,13.2887972355762,0,0.822759315206445,0.228260869565217,0.212270200940573,0.490980445006227,0,111.7,191.7
2010,REG,00-0026008,,Matthew Mulligan,TE,TE,"https://static.www.nfl.com/image/private/f_auto,q_auto/league/okuwvdnxk6weqzz3tglf",1,NYJ,0,0,0,0,0,0,0,0,0,0,0,0,,0,,,0,0,0,0,0,0,,0,0,1,0,0,0,0,8,0,0,-0.737696968019009,0,0.0,0.0344827586206897,0.0343347639484979,0.075758472694983,0,0.0,0.0
2010,REG,00-0026012,,Jehuu Caulcrick,RB,RB,,1,BUF,0,0,0,0,0,0,0,0,0,0,0,0,,0,,,1,2,0,0,0,1,0.330936094978824,0,0,0,0,0,0,0,0,0,0,,0,,,,,0,0.2,0.2
2010,REG,00-0026019,D.Woodhead,Danny Woodhead,RB,RB,"https://static.www.nfl.com/image/private/f_auto,q_auto/league/gorlqe0etvc8ek5wob7j",14,NE,0,0,0,0,0,0,0,0,0,0,0,0,,0,,,97,547,5,1,1,23,19.9488024384773,0,34,44,379,1,0,0,88,313,15,13.3699560341786,0,4.30681818181818,0.117021276595745,0.0305767894371091,0.196935667499593,0,126.6,160.6
2010,REG,00-0026029,,Kregg Lumpkin,RB,RB,,2,TB,0,0,0,0,0,0,0,0,0,0,0,0,,0,,,1,0,0,0,0,0,-1.65480472659692,0,1,1,12,0,0,0,-4,16,1,1.11131526832469,0,-3.0,0.037037037037037,-0.0216216216216216,0.0404204204204204,0,1.2,2.2
2010,REG,00-0026032,,Taj Smith,WR,WR,,1,IND,0,0,0,0,0,0,0,0,0,0,0,0,,0,,,0,0,0,0,0,0,,0,0,0,0,0,0,0,0,0,0,,0,,,,,1,6.0,6.0
2010,REG,00-0026033,,Mike Cox,FB,RB,,4,KC,0,0,0,0,0,0,0,0,0,0,0,0,,0,,,0,0,0,0,0,0,,0,4,4,27,0,0,0,1,26,1,1.26489693042822,0,27.0,0.0305343511450382,0.0023866348448687,0.0474721711089654,0,2.7,6.7
2010,REG,00-0026035,D.Amendola,Danny Amendola,WR,WR,"https://static.www.nfl.com/image/private/f_auto,q_auto/league/etz06w7s0ardf49mnayz",16,LA,0,0,0,0,0,0,0,0,0,0,0,0,,0,,,7,81,0,0,0,4,3.21242262294982,0,85,123,689,3,1,1,630,363,35,-1.32108954608109,0,1.09365079365079,0.211340206185567,0.161828923709222,0.430290555874806,0,93.0,178.0
2010,REG,00-0026056,,Gary Banks,WR,WR,,2,LAC,0,0,0,0,0,0,0,0,0,0,0,0,,0,,,0,0,0,0,0,0,,0,1,3,2,0,0,0,21,0,0,-3.14263020816725,0,0.0952380952380952,0.0517241379310345,0.0567567567567568,0.117315936626281,0,0.2,1.2
2010,REG,00-0026069,M.Tolbert,Mike Tolbert,FB,RB,"https://static.www.nfl.com/image/private/f_auto,q_auto/league/frwhwdhbcteyg7xjha7a",15,LAC,0,0,0,0,0,0,0,0,0,0,0,0,,0,,,182,735,11,5,3,42,-12.7661914582386,1,25,29,216,0,0,0,24,192,8,11.8141529446584,0,9.0,0.0767195767195767,0.007631160572337,0.120421177480001,0,157.1,182.1
2010,REG,00-0026071,,Kyle Arrington,CB,DB,"https://static.www.nfl.com/image/private/f_auto,q_auto/league/xzz3lmkcfvtjnghrleat",1,NE,0,0,0,0,0,0,0,0,0,0,0,0,,0,,,0,0,0,0,0,0,,0,0,0,0,0,0,0,0,0,0,,0,,,,,1,6.0,6.0
2010,REG,00-0026123,,Evan Moore,TE,TE,,9,CLE,0,0,0,0,0,0,0,0,0,0,0,0,,0,,,0,0,0,0,0,0,,0,16,26,322,1,1,1,382,89,11,12.2370282053208,0,0.842931937172775,0.0935251798561151,0.164797238999137,0.255645837083569,0,36.2,52.2
2010,REG,00-0026143,M.Ryan,Matt Ryan,QB,QB,"https://static.www.nfl.com/image/private/f_auto,q_auto/league/s6zam4ekrrnonsck6vak",16,ATL,357,571,3705,28,9,23,158,3,2,4781,1351,199,99.4946724490964,2,0.774942480652583,0.123248020596513,46,122,0,1,1,9,-14.9054662629496,0,0,0,0,0,0,0,0,0,0,,0,,,,,0,252.4,252.4
2010,REG,00-0026144,D.McFadden,Darren McFadden,RB,RB,"https://static.www.nfl.com/image/private/f_auto,q_auto/league/bfvionxxsfckmjqtw4kv",13,LV,0,1,0,0,0,0,0,0,0,33,0,0,-0.438823980512098,0,0.0,,223,1157,7,3,2,45,-7.1598270549364,0,47,61,507,3,1,1,1,518,21,22.1620912702347,0,507.0,0.146634615384615,0.0003160556257901,0.220173162014976,0,220.4,267.4
2010,REG,00-0026153,J.Stewart,Jonathan Stewart,RB,RB,"https://static.www.nfl.com/image/private/f_auto,q_auto/league/dzvxfj3xrgnzc3jbag2n",14,CAR,0,0,0,0,0,0,0,0,0,0,0,0,,0,,,178,770,2,4,4,32,-38.406578140088,0,8,14,103,1,0,0,30,67,2,-3.05359488527877,0,3.43333333333333,0.048951048951049,0.0170261066969353,0.0853448481144281,0,97.3,105.3
2010,REG,00-0026154,,Chris Williams,G,OL,,1,CHI,0,0,0,0,0,0,0,0,0,0,0,0,,0,,,0,0,0,0,0,0,,0,1,1,4,0,0,0,4,0,0,-0.421161846257746,0,1.0,0.025,0.0113636363636364,0.0454545454545455,0,0.4,1.4
2010,REG,00-0026158,J.Flacco,Joe Flacco,QB,QB,"https://static.www.nfl.com/image/upload/f_auto,q_auto/league/yxvyoeojkif7tnfviamc",16,BAL,306,489,3622,25,10,40,294,7,2,4442,1507,174,45.0237438724838,0,0.815398469158037,0.105035012547585,43,84,1,2,2,10,-10.3263701310498,0,0,0,0,0,0,0,0,0,0,,0,,,,,0,231.28,231.28
2010,REG,00-0026162,,Felix Jones,RB,RB,,16,DAL,0,0,0,0,0,0,0,0,0,0,0,0,,0,,,185,800,1,1,1,44,-12.7870484043283,0,48,52,450,1,1,0,-95,540,15,13.1779901246093,0,-4.73684210526316,0.0964749536178108,-0.0283921099820681,0.124837953439268,0,135.0,183.0
2010,REG,00-0026163,,Rashard Mendenhall,RB,RB,,16,PIT,0,0,0,0,0,0,0,0,0,0,0,0,,0,,,324,1273,13,2,2,61,-26.994361200881,0,23,34,167,0,0,0,-12,177,6,-0.21889211528352,0,-13.9166666666667,0.0752212389380531,-0.0031991468941615,0.110592455581167,0,218.0,241.0
2010,REG,00-0026164,C.Johnson,Chris Johnson,RB,RB,"https://static.www.nfl.com/image/private/f_auto,q_auto/league/ryf9nc84eovvdbf0cz79",16,TEN,0,0,0,0,0,0,0,0,0,0,0,0,,0,,,316,1364,11,2,2,55,-35.4343254638718,0,44,57,245,1,1,0,32,243,9,-10.5206026847287,0,7.65625,0.122055674518201,0.0067638976960473,0.187818240164535,0,228.9,272.9
2010,REG,00-0026170,,Dustin Keller,TE,TE,,15,NYJ,0,0,0,0,0,0,0,0,0,0,0,0,,0,,,0,0,0,0,0,0,,0,55,100,687,5,0,0,861,214,33,8.84527585915942,0,0.797909407665505,0.198807157057654,0.182880203908241,0.42622687832225,0,98.7,153.7
2010,REG,00-0026174,,Devin Thomas,WR,WR,,1,CAR,0,0,0,0,0,0,0,0,0,0,0,0,,0,,,0,0,0,0,0,0,,0,0,1,0,0,0,0,-2,0,0,-0.679642834700644,0,0.0,0.0357142857142857,-0.0103626943005181,0.0463175425610659,0,0.0,0.0
2010,REG,00-0026176,J.Nelson,Jordy Nelson,WR,WR,"https://static.www.nfl.com/image/private/f_auto,q_auto/league/bde2n4ozsakatgs4yyp2",16,GB,0,0,0,0,0,0,0,0,0,0,0,0,,0,,,0,0,0,0,0,0,,0,45,64,582,2,1,1,662,250,25,29.4773591765315,0,0.879154078549849,0.120982986767486,0.134826883910387,0.2758532988885,0,68.2,113.2
2010,REG,00-0026178,,John Carlson,TE,TE,,14,SEA,0,0,0,0,0,0,0,0,0,0,0,0,,0,,,0,0,0,0,0,0,,0,31,58,318,1,0,0,480,128,12,-15.8363831849177,0,0.6625,0.124731182795699,0.122230710466005,0.272658271519752,0,37.8,68.8
2010,REG,00-0026182,,Eddie Royal,WR,WR,"https://static.www.nfl.com/image/private/f_auto,q_auto/league/xoejgvlit9inmaazsvk4",16,DEN,0,0,0,0,0,0,0,0,0,0,0,0,,0,,,6,61,0,1,1,4,-0.83395373809617,0,59,105,627,3,1,0,738,367,32,-3.15433802238716,0,0.849593495934959,0.181975736568458,0.132662232608305,0.3658271676785,0,84.8,143.8
2010,REG,00-0026184,M.Forte,Matt Forte,RB,RB,"https://static.www.nfl.com/image/private/f_auto,q_auto/league/olqssssjykcx7tx7xsy3",16,CHI,0,0,0,0,0,0,0,0,0,0,0,0,,0,,,237,1069,6,0,0,42,-18.9261364517355,0,51,70,547,3,3,2,289,439,21,3.69159235392541,1,1.89273356401384,0.153172866520788,0.075912792224849,0.282898254338576,0,213.6,264.6
2010,REG,00-0026186,,Jerome Simpson,WR,WR,,4,CIN,0,0,0,0,0,0,0,0,0,0,0,0,,0,,,1,2,0,0,0,0,-0.477621697820723,0,20,25,277,3,2,2,278,78,14,14.8391940857178,0,0.996402877697842,0.203252032520325,0.272282076395691,0.495475502257471,0,41.9,61.9
2010,REG,00-0026188,,Fred Davis,TE,TE,,13,WAS,0,0,0,0,0,0,0,0,0,0,0,0,,0,,,0,0,0,0,0,0,,0,21,31,316,3,0,0,217,168,11,18.1226644975541,0,1.45622119815668,0.0651260504201681,0.0553430247385871,0.136429192947263,0,49.6,70.6
2010,REG,00-0026189,D.Jackson,DeSean Jackson,WR,WR,"https://static.www.nfl.com/image/private/f_auto,q_auto/league/pr5m864fqvnoozihylrh",14,PHI,0,0,0,0,0,0,0,0,0,0,0,0,,0,,,16,104,1,0,0,5,4.25958404014818,0,47,96,1056,6,2,1,1572,341,33,44.7039464401511,0,0.67175572519084,0.204690831556503,0.381275770070337,0.573929286383991,1,162.0,209.0
2010,REG,00-0026195,,Ray Rice,RB,RB,,16,BAL,0,0,0,0,0,0,0,0,0,0,0,0,,0,,,307,1220,5,0,0,51,-20.9998099714683,0,63,82,556,1,0,0,47,532,23,4.27094426917811,0,11.8297872340426,0.167006109979633,0.0113171201541055,0.258431149077324,0,213.6,276.6
2010,REG,00-0026196,,Brian Brohm,QB,QB,,1,BUF,10,23,106,0,3,3,5,1,1,228,39,4,-21.0193127377424,0,0.464912280701754,6.53883074783201e-05,0,0,0,0,0,0,,0,0,0,0,0,0,0,0,0,0,,0,,,,,0,-3.76,-3.76
2010,REG,00-0026197,C.Henne,Chad Henne,QB,QB,"https://static.www.nfl.com/image/private/f_auto,q_auto/league/ornr9pcnzveqlntqc7jx",15,MIA,302,491,3298,15,18,30,178,1,1,3965,1306,168,-3.10556122696007,0,0.831778058007566,0.0487187029091057,35,52,0,4,1,5,-12.1813237960697,0,0,0,0,0,0,0,0,0,0,,0,,,,,0,157.12,157.12
2010,REG,00-0026201,M.Bennett,Martellus Bennett,TE,TE,"https://static.www.nfl.com/image/private/f_auto,q_auto/league/repls3tq1d4jnvwmaqia",15,DAL,0,0,0,0,0,0,0,0,0,0,0,0,,0,,,0,0,0,0,0,0,,0,33,48,260,0,1,0,162,187,12,-10.8428197081273,0,1.60493827160494,0.0880733944954129,0.0432230522945571,0.162366228349309,0,26.0,59.0
2010,REG,00-0026204,,Kevin Smith,RB,RB,,6,DET,0,0,0,0,0,0,0,0,0,0,0,0,,0,,,33,125,0,0,0,5,-7.24614046068199,0,11,16,123,0,0,0,25,104,7,7.26490341554173,0,4.92,0.0601503759398496,0.0161498708010336,0.101530473470498,0,24.8,35.8
2010,REG,00-0026209,,Jacob Hester,RB,RB,,14,LAC,0,0,0,0,0,0,0,0,0,0,0,0,,0,,,26,60,0,0,0,9,-1.82878694619285,0,22,26,145,1,0,0,-6,150,9,8.05081051334855,0,-24.1666666666667,0.0817610062893082,-0.0027397260273972,0.120723701214784,0,26.5,48.5
2010,REG,00-0026210,,Earl Bennett,WR,WR,,14,CHI,0,0,0,0,0,0,0,0,0,0,0,0,,0,,,2,9,0,0,0,1,0.610921943909489,0,46,70,561,3,1,0,561,205,27,18.7465760872202,0,1.0,0.182767624020888,0.160883280757098,0.3867697325613,0,75.0,121.0
2010,REG,00-0026213,J.Charles,Jamaal Charles,RB,RB,"https://static.www.nfl.com/image/private/f_auto,q_auto/league/mdrlzgankwwjldxllgcx",16,KC,0,0,0,0,0,0,0,0,0,0,0,0,,0,,,230,1467,5,2,1,70,38.3630715333818,0,45,64,468,3,1,1,133,415,21,17.7369801340194,0,3.5187969924812,0.143497757847534,0.0389116442363956,0.242484787736777,0,237.5,282.5
2010,REG,00-0026221,,Early Doucet,WR,WR,,10,ARI,0,0,0,0,0,0,0,0,0,0,0,0,,0,,,2,5,0,0,0,1,-0.452779978397302,0,26,59,291,1,0,0,503,80,10,-19.4744325726616,0,0.578528827037773,0.162087912087912,0.138682106424042,0.340209342628698,0,35.6,61.6
2010,REG,00-0026224,H.Douglas,Harry Douglas,WR,WR,"https://static.www.nfl.com/image/private/f_auto,q_auto/league/hblmz1iaov5vqx7cd9cv",15,ATL,0,0,0,0,0,0,0,0,0,0,0,0,,0,,,2,-5,0,0,0,0,-2.52818748017307,0,22,53,294,1,0,0,655,121,15,-3.94924742470428,0,0.448854961832061,0.0981481481481481,0.14640143048726,0.249703223563304,0,34.9,56.9
2010,REG,00-0026225,,Craig Stevens,TE,TE,,13,TEN,0,0,0,0,0,0,0,0,0,0,0,0,,0,,,0,0,0,0,0,0,,0,11,23,122,2,0,0,90,68,6,6.38647966616554,0,1.35555555555556,0.0618279569892473,0.0229357798165138,0.108796981355431,0,24.2,35.2
2010,REG,00-0026229,,Steve Slaton,RB,RB,,5,HOU,0,0,0,0,0,0,0,0,0,0,0,0,,0,,,19,93,0,0,0,4,-0.0288577292230912,0,3,4,11,0,0,0,-3,19,1,-2.32969956676243,0,-3.66666666666667,0.0666666666666667,-0.0071428571428571,0.095,0,10.4,13.4
2010,REG,00-0026231,,Jermichael Finley,TE,TE,,4,GB,0,0,0,0,0,0,0,0,0,0,0,0,,0,,,0,0,0,0,0,0,,0,21,26,301,1,0,0,262,98,12,19.3874732965386,0,1.14885496183206,0.220338983050847,0.208267090620032,0.476295438010294,0,36.1,57.1
2010,REG,00-0026235,,Mario Manningham,WR,WR,,16,NYG,0,0,0,0,0,0,0,0,0,0,0,0,,0,,,1,2,0,0,0,0,-0.611662632785738,0,60,92,944,9,1,1,1184,350,32,29.2950544061011,0,0.797297297297297,0.172284644194757,0.239385361908613,0.425996719628164,0,146.6,206.6
2010,REG,00-0026237,,Andre Caldwell,WR,WR,,9,CIN,0,0,0,0,0,0,0,0,0,0,0,0,,0,,,1,-2,0,0,0,0,-0.848744492977858,0,25,37,345,0,0,0,410,106,16,14.9664962274292,0,0.841463414634146,0.131205673758865,0.179745725558965,0.322630518529574,0,34.3,59.3
2010,REG,00-0026249,,Mike McGlynn,OT,OL,"https://static.www.nfl.com/image/private/f_auto,q_auto/league/u2e7bucwqe3getqs3rau",1,PHI,0,0,0,0,0,0,0,0,0,0,0,0,,0,,,0,0,0,0,0,0,,0,1,1,1,0,0,0,0,1,0,-0.647875238326378,0,0.0,0.0294117647058824,,,0,0.1,1.1
2010,REG,00-0026262,,Tashard Choice,RB,RB,,12,DAL,0,0,0,0,0,0,0,0,0,0,0,0,,0,,,66,243,3,0,0,14,-7.72084762871177,0,17,22,109,0,1,1,-16,123,6,-5.38777896381201,0,-6.8125,0.0660660660660661,-0.0081799591002045,0.0933731277289559,0,51.2,68.2
2010,REG,00-0026266,,Lavelle Hawkins,WR,WR,,2,TEN,0,0,0,0,0,0,0,0,0,0,0,0,,0,,,0,0,0,0,0,0,,0,5,6,61,0,0,0,89,5,3,6.12584530806635,0,0.685393258426966,0.0895522388059701,0.0963203463203463,0.201752600633198,0,6.1,11.1
2010,REG,00-0026267,,Jacob Tamme,TE,TE,"https://static.www.nfl.com/image/private/f_auto,q_auto/league/kfyqh9qmtwufzixwuoo2",10,IND,0,0,0,0,0,0,0,0,0,0,0,0,,0,,,0,0,0,0,0,0,,0,67,93,631,4,0,0,607,306,35,18.0038661470084,0,1.03953871499176,0.218823529411765,0.16767955801105,0.445610984725382,0,87.1,154.1
2010,REG,00-0026279,,Ryan Torain,RB,RB,,10,WAS,0,0,0,0,0,0,0,0,0,0,0,0,,0,,,164,742,4,2,1,35,-20.3030536599297,0,18,27,125,2,0,0,-45,155,6,3.50026432416247,0,-2.77777777777778,0.0769230769230769,-0.0186954715413378,0.102297785305679,0,120.7,138.7
2010,REG,00-0026281,,Gary Barnidge,TE,TE,"https://static.www.nfl.com/image/private/f_auto,q_auto/league/qhfzxti66ga02dok4etx",5,CAR,0,0,0,0,0,0,0,0,0,0,0,0,,0,,,0,0,0,0,0,0,,0,0,9,0,0,0,0,103,0,0,-21.206350749572,0,0.0,0.0584415584415584,0.09245960502693,0.152384061181189,0,0.0,0.0
2010,REG,00-0026286,,Jerome Felton,FB,RB,"https://static.www.nfl.com/image/private/f_auto,q_auto/league/mkg1584egfz8psc6gca7",13,DET,0,0,0,0,0,0,0,0,0,0,0,0,,0,,,22,76,0,1,1,3,-5.60405095119495,0,8,15,54,0,0,0,4,62,3,-3.14037503011059,0,13.5,0.0372208436724566,0.001987083954297,0.0572222242766928,0,11.0,19.0
2010,REG,00-0026289,T.Hightower,Tim Hightower,RB,RB,"https://static.www.nfl.com/image/private/f_auto,q_auto/league/azokebvu5bctrltqy38r",16,ARI,0,0,0,0,0,0,0,0,0,0,0,0,,0,,,153,736,5,4,4,30,-21.8627727750233,0,21,42,136,0,1,0,15,136,7,-18.3627580921815,0,9.06666666666667,0.0759493670886076,0.0031472933277381,0.116127155962328,0,109.2,130.2
2010,REG,00-0026293,M.Slater,Matt Slater,WR,WR,"https://static.www.nfl.com/image/private/f_auto,q_auto/league/cs1ojdzhxjuanbw6vflv",1,NE,0,0,0,0,0,0,0,0,0,0,0,0,,0,,,0,0,0,0,0,0,,0,0,1,0,0,0,0,51,0,0,-0.768609866965562,0,0.0,0.037037037037037,0.191011235955056,0.189263420724095,0,0.0,0.0
2010,REG,00-0026296,,Dennis Dixon,QB,QB,,2,PIT,22,32,254,0,1,5,41,1,1,214,99,8,-7.31193971003459,0,1.18691588785047,0.0404681878483191,5,32,0,1,0,1,-1.7451000992692,0,0,0,0,0,0,0,0,0,0,,0,,,,,0,9.36,9.36
2010,REG,00-0026298,,Kellen Davis,TE,TE,"https://static.www.nfl.com/image/private/f_auto,q_auto/league/bftuje5hq6fnlmpc0uhy",2,CHI,0,0,0,0,0,0,0,0,0,0,0,0,,0,,,0,0,0,0,0,0,,0,1,2,19,1,0,0,14,2,1,2.46144770737737,0,1.35714285714286,0.0333333333333333,0.027027027027027,0.0689189189189189,0,7.9,8.9
2010,REG,00-0026300,J.Johnson,Josh Johnson,QB,QB,"https://static.www.nfl.com/image/upload/f_auto,q_auto/league/gbaye18gptzb1jpyswv8",8,TB,14,16,111,0,0,2,8,0,0,108,51,5,-1.16187389701372,0,1.02777777777778,0.180415588998903,4,39,0,0,0,3,2.46169040660607,0,0,1,0,0,0,0,15,0,0,-0.539835539180785,0,0.0,0.037037037037037,0.0810810810810811,0.112312312312312,0,8.34,8.34
2010,REG,00-0026303,,Owen Schmitt,FB,RB,,13,PHI,0,0,0,0,0,0,0,0,0,0,0,0,,0,,,0,0,0,0,0,0,,0,19,24,136,1,0,0,75,90,9,3.11404186760167,0,1.81333333333333,0.0547945205479452,0.0191717791411043,0.0956120262206908,0,19.6,38.6
2010,REG,00-0026314,,Josh Morgan,WR,WR,,16,SF,0,0,0,0,0,0,0,0,0,0,0,0,,0,,,2,17,0,0,0,2,1.10069689503871,0,44,80,698,2,1,1,1007,299,27,15.5736995910269,0,0.693147964250248,0.163934426229508,0.24549000487567,0.417744642757232,0,81.5,125.5
2010,REG,00-0026323,,Spencer Larsen,FB,RB,,6,DEN,0,0,0,0,0,0,0,0,0,0,0,0,,0,,,3,18,0,0,0,3,1.94531747908331,0,5,5,51,1,0,0,10,41,3,3.87668289249996,0,5.1,0.0290697674418605,0.0114025085518814,0.0515864071491077,0,12.9,17.9
2010,REG,00-0026324,,Mike Gibson,T,OL,,1,SEA,0,0,0,0,0,0,0,0,0,0,0,0,,0,,,0,0,0,0,0,0,,0,1,1,-2,0,0,0,-4,2,0,-1.69461330818012,0,0.0,0.0238095238095238,-0.0126182965299685,0.0268814781433078,0,-0.2,0.8
2010,REG,00-0026331,,Paul Hubbard,WR,WR,,1,BUF,0,0,0,0,0,0,0,0,0,0,0,0,,0,,,0,0,0,0,0,0,,0,1,3,8,0,0,0,18,2,0,-1.4955098729115,0,0.444444444444444,0.115384615384615,0.0636042402826855,0.217599891274803,0,0.8,1.8
2010,REG,00-0026342,,Mike Hart,RB,RB,,6,IND,0,0,0,0,0,0,0,0,0,0,0,0,,0,,,43,185,1,0,0,10,-3.32166182560078,0,6,6,25,0,0,0,1,24,2,0.200646547833458,0,25.0,0.0437956204379562,0.0008591065292096,0.066294805227381,0,27.0,33.0
2010,REG,00-0026344,,Lex Hilliard,FB,RB,,2,MIA,0,0,0,0,0,0,0,0,0,0,0,0,,0,,,0,0,0,0,0,0,,0,1,2,3,0,0,0,0,5,0,-1.17072257836116,0,0.0,0.0246913580246914,0.0,0.037037037037037,0,0.3,1.3
2010,REG,00-0026345,P.Garcon,Pierre Garcon,WR,WR,"https://static.www.nfl.com/image/private/f_auto,q_auto/league/xwjogot7xrfj9qwhsgtn",14,IND,0,0,0,0,0,0,0,0,0,0,0,0,,0,,,2,6,0,0,0,1,-0.526905602368061,0,68,120,816,6,1,1,1449,251,41,24.200592247392,0,0.563146997929607,0.203389830508475,0.286646884272997,0.50573756475381,0,116.2,184.2
2010,REG,00-0026349,,Matt Flynn,QB,QB,"https://static.www.nfl.com/image/private/f_auto,q_auto/league/goh8anyqhyvmkfmfbejp",6,GB,40,66,433,3,2,7,38,1,1,585,238,21,-5.26073758876983,0,0.74017094017094,0.0529282563096475,9,26,0,0,0,2,-0.264557886577677,0,0,0,0,0,0,0,0,0,0,,0,,,,,0,25.92,25.92
2010,REG,00-0026357,,Brett Swain,WR,WR,,6,GB,0,0,0,0,0,0,0,0,0,0,0,0,,0,,,0,0,0,0,0,0,,0,6,9,72,0,0,0,63,59,3,2.90547834604513,0,1.14285714285714,0.0432692307692308,0.0369284876905041,0.090753787537199,0,7.2,13.2
2010,REG,00-0026364,,Steve Johnson,WR,WR,"https://static.www.nfl.com/image/private/f_auto,q_auto/league/vlyzq1v53slatimy6v5q",16,BUF,0,0,0,0,0,0,0,0,0,0,0,0,,0,,,0,0,0,0,0,0,,0,82,142,1073,10,1,1,1432,394,61,19.4834123653356,0,0.749301675977654,0.276803118908382,0.317798490901021,0.637663621993288,0,165.3,247.3
2010,REG,00-0026366,,Chaz Schilens,WR,WR,,4,LV,0,0,0,0,0,0,0,0,0,0,0,0,,0,,,0,0,0,0,0,0,,0,5,9,40,1,0,0,108,13,4,0.609411727171391,0,0.37037037037037,0.0789473684210526,0.119866814650388,0.202327822886851,0,10.0,15.0
2010,REG,00-0026367,,Peyton Hillis,RB,RB,,16,CLE,1,2,13,0,0,0,0,0,0,14,7,1,1.46454431692837,0,0.928571428571429,,270,1177,11,8,5,57,-22.9867501685765,0,61,77,477,2,0,0,31,440,25,18.2953894432709,0,15.3870967741935,0.164529914529915,0.0094454600853138,0.253406693854592,0,233.92,294.92
2010,REG,00-0026369,,Cary Williams,CB,DB,"https://static.www.nfl.com/image/private/f_auto,q_auto/league/iht8sg6tk9iejlud3bqf",1,BAL,0,0,0,0,0,0,0,0,0,0,0,0,,0,,,0,0,0,0,0,0,,0,1,1,13,0,0,0,4,9,1,3.8383247628808,0,3.25,0.0357142857142857,0.0202020202020202,0.0677128427128427,0,1.3,2.3
2010,REG,00-0026373,,Justin Forsett,RB,RB,"https://static.www.nfl.com/image/private/f_auto,q_auto/league/o86dvbcs8dcubcpj6fnu",16,SEA,0,0,0,0,0,0,0,0,0,0,0,0,,0,,,118,523,2,0,0,25,-13.6653461612949,0,33,50,249,0,0,0,87,227,9,0.0044777419684902,0,2.86206896551724,0.0931098696461825,0.0190413657255417,0.152993760477153,0,89.2,122.2
2010,REG,00-0026377,,Adrian Arrington,WR,WR,,1,NO,0,0,0,0,0,0,0,0,0,0,0,0,,0,,,0,0,0,0,0,0,,0,7,9,79,0,0,0,87,25,3,4.86632423638366,0,0.908045977011494,0.225,0.303135888501742,0.54969512195122,0,7.9,14.9
2010,REG,00-0026393,M.Reece,Marcel Reece,FB,RB,"https://static.www.nfl.com/image/private/f_auto,q_auto/league/nqy3arwxgk4lwh3pfrr3",16,LV,0,0,0,0,0,0,0,0,0,0,0,0,,0,,,30,122,1,1,1,9,-5.36610484641278,0,25,43,333,3,0,0,183,304,12,1.92688027805599,0,1.81967213114754,0.0932754880694143,0.0485539931016185,0.173901027275254,0,67.5,92.5
2010,REG,00-0026432,,Lance Ball,RB,RB,,7,DEN,0,0,0,0,0,0,0,0,0,0,0,0,,0,,,41,158,0,1,0,8,-7.99849960987922,0,3,6,16,0,0,0,18,25,1,-8.685282737948,0,0.888888888888889,0.0495867768595041,0.013719512195122,0.0839838238258416,0,17.4,20.4
2010,REG,00-0026465,,Anthony Armstrong,WR,WR,,15,WAS,0,0,0,0,0,0,0,0,0,0,0,0,,0,,,0,0,0,0,0,0,,0,44,86,871,3,1,1,1481,160,32,21.0725792657923,0,0.588116137744767,0.152212389380531,0.315710935834577,0.449316239155,0,103.1,147.1
2010,REG,00-0026491,,Stefan Logan,WR,WR,,9,DET,0,1,0,0,0,0,0,0,0,9,0,0,-0.413923758082092,0,0.0,,15,95,0,0,0,5,2.1501233347808,0,0,1,0,0,0,0,-1,0,0,-0.540078882710077,0,0.0,0.0188679245283019,-0.003257328990228,0.0260217564992932,1,15.5,15.5
2010,REG,00-0026498,M.Stafford,Matthew Stafford,QB,QB,"https://static.www.nfl.com/image/upload/f_auto,q_auto/league/xdlnnbapdbk8trxqlasu",4,DET,57,96,535,6,1,4,36,1,1,673,297,27,-0.0562482454697602,1,0.794947994056464,0.0347136267403247,4,11,1,1,0,1,-0.704902698867954,0,0,0,0,0,0,0,0,0,0,,0,,,,,0,50.5,50.5
2010,REG,00-0026516,B.Colquitt,Britton Colquitt,P,SPEC,"https://static.www.nfl.com/image/private/f_auto,q_auto/league/daujufaxsde6k6yj2ph1",1,DEN,0,0,0,0,0,0,0,0,0,0,0,0,,0,,,1,0,0,1,0,0,-3.17910098889843,0,0,0,0,0,0,0,0,0,0,,0,,,,,0,0.0,0.0
2010,REG,00-0026536,,Nick Miller,WR,WR,,3,LV,0,0,0,0,0,0,0,0,0,0,0,0,,0,,,0,0,0,0,0,0,,0,3,4,40,0,0,0,59,3,1,1.86160418668558,0,0.677966101694915,0.0449438202247191,0.0772251308900524,0.121473321960115,0,4.0,7.0
2010,REG,00-0026544,C.Daniel,Chase Daniel,QB,QB,"https://static.www.nfl.com/image/private/f_auto,q_auto/league/jt8fvgeyuhsbpo9m9t4x",2,NO,2,3,16,0,0,0,0,0,0,6,11,0,-0.462095965398476,0,2.66666666666667,,2,16,0,1,0,1,-2.10707309941063,0,0,0,0,0,0,0,0,0,0,,0,,,,,0,2.24,2.24
2010,REG,00-0026566,,Isaac Redman,RB,RB,,15,PIT,0,0,0,0,0,0,0,0,0,0,0,0,,0,,,52,247,0,1,0,21,1.65398877476377,0,9,10,72,2,0,0,5,81,3,8.59971720853355,0,14.4,0.0467289719626168,0.0028376844494892,0.0720798370585677,0,43.9,52.9
2010,REG,00-0026598,,Jerome Johnson,RB,RB,,1,ARI,0,0,0,0,0,0,0,0,0,0,0,0,,0,,,0,0,0,0,0,0,,0,0,1,0,0,0,0,2,0,0,-0.713180576451123,0,0.0,0.025,0.0048543689320388,0.0408980582524272,0,0.0,0.0
2010,REG,00-0026607,,Brock Bolen,RB,RB,,1,JAX,0,0,0,0,0,0,0,0,0,0,0,0,,0,,,0,0,0,0,0,0,,0,1,3,15,0,0,0,26,4,1,0.389698709128425,0,0.576923076923077,0.0789473684210526,0.0783132530120482,0.173240329740013,0,1.5,2.5
2010,REG,00-0026620,,Devin Moore,RB,RB,,1,IND,0,0,0,0,0,0,0,0,0,0,0,0,,0,,,2,-2,0,1,1,0,-4.45341798372101,0,0,0,0,0,0,0,0,0,0,,0,,,,,0,-2.2,-2.2
2010,REG,00-0026625,B.Hoyer,Brian Hoyer,QB,QB,"https://static.www.nfl.com/image/private/f_auto,q_auto/league/japt3mj2xctm7saqndxn",5,NE,7,15,122,1,1,0,0,0,0,152,41,7,5.05823804845568,0,0.802631578947369,0.0722165893602083,10,-8,0,0,0,0,-8.7085223046015,0,0,0,0,0,0,0,0,0,0,,0,,,,,0,6.08,6.08
2010,REG,00-0026644,,Josh Vaughan,RB,RB,,1,CAR,0,0,0,0,0,0,0,0,0,0,0,0,,0,,,3,7,1,0,0,1,0.902931325312238,0,0,0,0,0,0,0,0,0,0,,0,,,,,0,6.7,6.7
2010,REG,00-0026658,,Zach Potter,TE,TE,,4,JAX,0,0,0,0,0,0,0,0,0,0,0,0,,0,,,0,0,0,0,0,0,,0,3,7,24,0,0,0,38,14,1,-6.23411742784083,0,0.631578947368421,0.0564516129032258,0.043230944254835,0.114939080333223,0,2.4,5.4
2010,REG,00-0026665,,John Matthews,WR,WR,,1,JAX,0,0,0,0,0,0,0,0,0,0,0,0,,0,,,0,0,0,0,0,0,,0,0,1,0,0,0,0,21,0,0,-1.62782120145857,0,0.0,0.0476190476190476,0.130434782608696,0.162732919254658,0,0.0,0.0
2010,REG,00-0026716,,Quan Cosby,WR,WR,,2,CIN,0,0,0,0,0,0,0,0,0,0,0,0,,0,,,0,0,0,0,0,0,,0,2,2,16,0,0,0,8,8,1,1.37192722898908,0,2.0,0.0338983050847458,0.016597510373444,0.0624657148885294,0,1.6,3.6
2010,REG,00-0026723,,Chris Pressley,FB,RB,,1,CIN,0,0,0,0,0,0,0,0,0,0,0,0,,0,,,1,0,0,0,0,0,-1.6777797343675,0,1,1,6,0,0,0,4,2,0,0.275233535037842,0,1.5,0.0227272727272727,0.0133333333333333,0.0434242424242424,0,0.6,1.6
2010,REG,00-0026745,,Curtis Brinkley,RB,RB,,2,LAC,0,0,0,0,0,0,0,0,0,0,0,0,,0,,,2,11,0,0,0,1,-0.465244158753194,0,0,0,0,0,0,0,0,0,0,,0,,,,,0,1.1,1.1
2010,REG,00-0026757,,Kory Sperry,TE,TE,,3,LAC,0,0,0,0,0,0,0,0,0,0,0,0,,0,,,0,0,0,0,0,0,,0,4,4,73,0,0,0,34,39,3,5.63885156728793,0,2.14705882352941,0.0459770114942529,0.042875157629256,0.0989781275818585,0,7.3,11.3
2010,REG,00-0026780,,Kevin Ogletree,WR,WR,,2,DAL,0,0,0,0,0,0,0,0,0,0,0,0,,0,,,0,0,0,0,0,0,,0,3,6,34,0,0,0,56,6,2,-0.481880090929064,0,0.607142857142857,0.0740740740740741,0.0972222222222222,0.179166666666667,0,3.4,6.4
2010,REG,00-0026790,,Tyrell Sutton,RB,RB,,4,CAR,0,0,0,0,0,0,0,0,0,0,0,0,,0,,,13,71,0,0,0,2,1.64538737872499,0,12,12,70,0,0,0,-3,73,3,-3.3114392744028,0,-23.3333333333333,0.0952380952380952,-0.0034562211981566,0.140437788018433,0,14.1,26.1
2010,REG,00-0026796,,Arian Foster,RB,RB,,16,HOU,0,0,0,0,0,0,0,0,0,0,0,0,,0,,,326,1614,16,3,2,89,11.8022576049238,0,66,84,604,2,0,0,24,591,34,19.4476324999431,0,25.1666666666667,0.148409893992933,0.0054632369679034,0.226439106866932,0,325.8,391.8
2010,REG,00-0026804,,Ryan Purvis,TE,TE,,5,TB,0,0,0,0,0,0,0,0,0,0,0,0,,0,,,0,0,0,0,0,0,,0,5,6,38,0,0,0,27,26,3,2.17666827444918,0,1.40740740740741,0.0372670807453416,0.0226130653266332,0.0717297668466556,0,3.8,8.8
2010,REG,00-0026819,,Kareem Huggins,RB,RB,,2,TB,0,0,0,0,0,0,0,0,0,0,0,0,,0,,,4,11,0,0,0,0,-1.27592924423516,0,1,2,7,0,0,0,35,0,1,0.619056621799246,0,0.2,0.0425531914893617,0.0837320574162679,0.12244222742543,0,1.8,2.8
2010,REG,00-0026844,G.Sanborn,Garrison Sanborn,LS,SPEC,"https://static.www.nfl.com/image/private/f_auto,q_auto/league/hf5lgpcdcidclrjmppfy",1,BUF,0,0,0,0,0,0,0,0,0,0,0,0,,0,,,1,0,0,1,0,0,-0.380567122832872,0,0,0,0,0,0,0,0,0,0,,0,,,,,0,0.0,0.0
2010,REG,00-0026852,D.Young,Darrel Young,FB,RB,"https://static.www.nfl.com/image/private/f_auto,q_auto/league/znfzmkdrjpzxrhv8j0r7",2,WAS,0,0,0,0,0,0,0,0,0,0,0,0,,0,,,4,19,0,0,0,1,-0.726120105362497,0,1,1,3,1,0,0,0,3,1,1.03389346896438,0,0.0,0.032258064516129,,,0,8.2,9.2
2010,REG,00-0026855,,Antone Smith,RB,RB,"https://static.www.nfl.com/image/private/f_auto,q_auto/league/m45j6r43nwv5bsy0ooyo",1,ATL,0,0,0,0,0,0,0,0,0,0,0,0,,0,,,1,-3,0,0,0,0,-0.826900916406885,0,0,1,0,0,0,0,0,0,0,-0.926394586451352,0,,0.0256410256410256,,,0,-0.3,-0.3
2010,REG,00-0026878,,Tom Crabtree,TE,TE,,5,GB,0,0,0,0,0,0,0,0,0,0,0,0,,0,,,0,0,0,0,0,0,,0,4,7,61,0,0,0,31,35,2,-0.294470579478261,0,1.96774193548387,0.0386740331491713,0.0254515599343186,0.0758271416777799,0,6.1,10.1
2010,REG,00-0026898,M.Sanchez,Mark Sanchez,QB,QB,"https://static.www.nfl.com/image/private/f_auto,q_auto/league/e12qugcuc1cpgkf0crfn",15,NYJ,278,507,3291,17,13,27,171,5,1,4662,1299,162,-9.53598674105501,1,0.705920205920206,0.0200044107200163,30,105,3,4,0,11,1.55760216349785,0,0,0,0,0,0,0,0,0,0,,0,,,,,0,202.14,202.14
2010,REG,00-0026899,,Shonn Greene,RB,RB,,15,NYJ,0,0,0,0,0,0,0,0,0,0,0,0,,0,,,185,766,2,2,2,40,-5.06429943593685,0,16,24,120,0,1,0,41,86,9,0.34978219596087,0,2.92682926829268,0.0588235294117647,0.0125535823637477,0.0970228017722705,0,96.6,112.6
2010,REG,00-0026901,M.Wallace,Mike Wallace,WR,WR,"https://static.www.nfl.com/image/private/f_auto,q_auto/league/dy9z5wbsitf6l9psjq4y",16,PIT,0,0,0,0,0,0,0,0,0,0,0,0,,0,,,5,39,0,0,0,2,1.53428010875359,0,60,98,1257,10,1,0,1532,361,48,69.5492162240174,0,0.820496083550914,0.209401709401709,0.342422887796156,0.553798585559873,0,189.6,249.6
2010,REG,00-0026902,,Ramses Barden,WR,WR,,4,NYG,0,0,0,0,0,0,0,0,0,0,0,0,,0,,,0,0,0,0,0,0,,0,5,7,64,0,0,0,71,10,2,0.101396412299477,0,0.901408450704225,0.0454545454545455,0.0484641638225256,0.102106732857586,0,6.4,11.4
2010,REG,00-0026913,,Johnny Knox,WR,WR,,16,CHI,0,0,0,0,0,0,0,0,0,0,0,0,,0,,,1,2,0,0,0,0,-0.548006894707214,0,51,99,960,5,1,1,1447,234,43,4.57923422975211,0,0.663441603317208,0.216630196936543,0.352668778942237,0.57181344066438,0,124.2,175.2
2010,REG,00-0026931,,Bear Pascoe,TE,TE,,8,NYG,0,0,0,0,0,0,0,0,0,0,0,0,,0,,,0,0,0,0,0,0,,0,9,13,72,0,0,0,26,54,5,-3.5835293319542,0,2.76923076923077,0.0505836575875486,0.0129482071713147,0.0849392314012433,0,7.2,16.2
2010,REG,00-0026932,C.Peerman,Cedric Peerman,RB,RB,"https://static.www.nfl.com/image/private/f_auto,q_auto/league/a2vztwdw7rtpl9q9hzds",2,CIN,0,0,0,0,0,0,0,0,0,0,0,0,,0,,,2,1,0,0,0,0,-4.56255000317469,0,1,3,11,0,0,0,10,4,1,-2.43310686876066,0,1.1,0.0461538461538462,0.0181488203266788,0.0819349434594444,0,1.2,2.2
2010,REG,00-0026937,,Brandon Gibson,WR,WR,"https://static.www.nfl.com/image/private/f_auto,q_auto/league/surhprm3dsmqjollulmn",14,LA,0,0,0,0,0,0,0,0,0,0,0,0,,0,,,3,28,0,0,0,2,1.38293316069758,0,53,91,620,2,0,0,966,206,33,-0.334286642245433,0,0.641821946169772,0.181274900398406,0.288272157564906,0.473702860893044,0,76.8,129.8
2010,REG,00-0026941,,Bernard Scott,RB,RB,,14,CIN,0,0,0,0,0,0,0,0,0,0,0,0,,0,,,61,299,1,0,0,16,2.67118545357464,0,11,13,60,0,0,0,-14,77,3,1.05264163092943,0,-4.28571428571429,0.0553191489361702,-0.0082401412595644,0.0772106245225602,0,41.9,52.9
2010,REG,00-0026953,,Sammie Stroughter,WR,WR,,11,TB,0,0,0,0,0,0,0,0,0,0,0,0,,0,,,1,2,0,0,0,1,0.793632681947202,0,24,38,239,0,0,0,318,100,13,-4.40976767296873,0,0.751572327044025,0.105263157894737,0.0934195064629847,0.223288391366195,0,24.1,48.1
2010,REG,00-0026956,,LaRod Stephens-Howling,RB,RB,,13,ARI,0,0,0,0,0,0,0,0,0,0,0,0,,0,,,23,113,1,0,0,5,-0.694696786173154,0,16,23,111,0,0,0,66,97,8,-2.06576480219845,0,1.68181818181818,0.0657142857142857,0.0199275362318841,0.112520703933747,2,40.4,56.4
2010,REG,00-0026957,D.Johnson,David Johnson,TE,TE,"https://static.www.nfl.com/image/private/f_auto,q_auto/league/td6y6zc2m3ifhcfd4yz9",4,PIT,0,0,0,0,0,0,0,0,0,0,0,0,,0,,,0,0,0,0,0,0,,0,4,6,46,0,0,0,28,30,2,1.12024433817932,0,1.64285714285714,0.0491803278688525,0.029504741833509,0.0944238110867349,0,4.6,8.6
2010,REG,00-0026963,,Cameron Morrah,TE,TE,,8,SEA,0,0,0,0,0,0,0,0,0,0,0,0,,0,,,0,0,0,0,0,0,,0,9,18,117,0,0,0,160,64,5,3.5498261153989,0,0.73125,0.0697674418604651,0.0769971126082772,0.158549141616492,0,11.7,20.7
2010,REG,00-0026983,D.Heyward-Bey,Darrius Heyward-Bey,WR,WR,"https://static.www.nfl.com/image/private/f_auto,q_auto/league/d5otkkbb0z2rdd2bjatd",14,LV,0,0,0,0,0,0,0,0,0,0,0,0,,0,,,4,48,0,1,1,2,-2.23723203875124,0,26,65,366,1,0,0,960,101,17,0.166265665201836,0,0.38125,0.172872340425532,0.288548241659152,0.461292279799705,0,45.4,71.4
2010,REG,00-0026986,M.Crabtree,Michael Crabtree,WR,WR,"https://static.www.nfl.com/image/private/f_auto,q_auto/league/kcavcmeyaion38ewxwyk",16,SF,0,0,0,0,0,0,0,0,0,0,0,0,,0,,,0,0,0,0,0,0,,0,55,101,741,6,0,0,1043,292,40,0.649437116098854,0,0.710450623202301,0.206967213114754,0.254266211604096,0.488437167794998,0,110.1,165.1
2010,REG,00-0026988,,Knowshon Moreno,RB,RB,,13,DEN,0,0,0,0,0,0,0,0,0,0,0,0,,0,,,182,779,5,3,2,34,-10.3072140034637,0,37,48,372,3,0,0,14,363,15,10.9875422401595,0,26.5714285714286,0.120603015075377,0.0038398244651673,0.183592399738682,0,159.1,196.1
2010,REG,00-0026993,,Josh Freeman,QB,QB,"https://static.www.nfl.com/image/private/f_auto,q_auto/league/cwcasm6m73fx1mjpjk3n",16,TB,291,474,3451,25,6,28,195,6,1,4350,1510,166,75.2841072741026,0,0.793333333333333,0.132182851878065,68,364,0,2,2,29,19.8396858635794,1,0,0,0,0,0,0,0,0,0,,0,,,,,0,258.44,258.44
2010,REG,00-0026995,J.Maclin,Jeremy Maclin,WR,WR,"https://static.www.nfl.com/image/private/f_auto,q_auto/league/tvlsuugnbn0idb0tbtgw",16,PHI,0,0,0,0,0,0,0,0,0,0,0,0,,0,,,3,36,0,0,0,3,2.97059013089165,0,70,115,964,10,1,1,1495,273,45,29.4840268177155,0,0.644816053511706,0.209471766848816,0.301654560129136,0.52536584236362,0,158.0,228.0
2010,REG,00-0026996,,Brandon Pettigrew,TE,TE,,16,DET,0,0,0,0,0,0,0,0,0,0,0,0,,0,,,0,0,0,0,0,0,,0,71,111,722,4,0,0,625,351,35,11.2660745198973,0,1.1552,0.178456591639871,0.139477795135015,0.365319344054317,0,96.2,167.2
2010,REG,00-0026998,,Percy Harvin,WR,WR,"https://static.www.nfl.com/image/private/f_auto,q_auto/league/ly7xvqfvoehf5jqrzzcq",14,MIN,0,0,0,0,0,0,0,0,0,0,0,0,,0,,,18,107,1,0,0,7,6.3175127216382,0,71,109,868,5,0,0,1006,425,41,18.5689708509308,1,0.862823061630219,0.244943820224719,0.263695937090433,0.552002886300381,1,141.5,212.5
2010,REG,00-0027003,,Donald Brown,RB,RB,,13,IND,0,0,0,0,0,0,0,0,0,0,0,0,,0,,,129,497,2,0,0,26,-10.348981069491,0,20,28,205,0,0,0,68,180,9,6.37361027085699,0,3.01470588235294,0.053742802303263,0.0152500560663826,0.0912892427013623,0,82.2,102.2
2010,REG,00-0027005,,Hakeem Nicks,WR,WR,"https://static.www.nfl.com/image/private/f_auto,q_auto/league/nbgeeeuhd0n4zrctfxce",13,NYG,0,0,0,0,0,0,0,0,0,0,0,0,,0,,,0,0,0,0,0,0,,0,79,128,1052,11,1,0,1537,294,55,30.2214835151049,0,0.68445022771633,0.280087527352298,0.362414524876208,0.673821458441792,0,171.2,250.2
2010,REG,00-0027006,K.Britt,Kenny Britt,WR,WR,"https://static.www.nfl.com/image/private/f_auto,q_auto/league/joozpvuyykyxjogcg3r5",11,TEN,0,0,0,0,0,0,0,0,0,0,0,0,,0,,,0,0,0,0,0,0,,0,42,73,775,9,1,1,1223,123,33,44.8206838792588,1,0.633687653311529,0.223926380368098,0.356351981351981,0.585335957498534,0,131.5,173.5
2010,REG,00-0027007,,Beanie Wells,RB,RB,,13,ARI,0,0,0,0,0,0,0,0,0,0,0,0,,0,,,116,397,2,1,0,18,-18.1556839273919,0,5,8,74,0,0,0,53,27,3,3.43699086550623,0,1.39622641509434,0.0327868852459016,0.0284640171858217,0.0691051398989276,0,59.1,64.1
2010,REG,00-0027012,,Brian Robiskie,WR,WR,,13,CLE,0,0,0,0,0,0,0,0,0,0,0,0,,0,,,0,0,0,0,0,0,,0,29,49,310,3,0,0,546,58,12,3.5726276979328,0,0.567765567765568,0.127937336814621,0.164013217182337,0.306715257249568,0,49.0,78.0
2010,REG,00-0027026,,Mohamed Massaquoi,WR,WR,,15,CLE,1,1,29,1,0,0,0,0,0,29,0,1,2.90950958011672,0,1.0,,1,-3,0,0,0,0,-1.16398602724075,0,36,73,483,2,1,1,946,137,24,-19.5406645319243,0,0.510570824524313,0.161504424778761,0.250529661016949,0.417627399880006,0,63.16,99.16
2010,REG,00-0027029,L.McCoy,LeSean McCoy,RB,RB,"https://static.www.nfl.com/image/private/f_auto,q_auto/league/cpc1a2dgivdyevuncz7p",15,PHI,0,0,0,0,0,0,0,0,0,0,0,0,,0,,,207,1080,7,1,1,48,12.2900181352605,0,78,90,592,2,1,0,-114,706,32,17.7600462443339,0,-5.19298245614035,0.174757281553398,-0.0278933202838268,0.242610598131418,0,219.2,297.2
2010,REG,00-0027040,,Richard Quinn,TE,TE,,2,DEN,0,0,0,0,0,0,0,0,0,0,0,0,,0,,,0,0,0,0,0,0,,0,1,2,9,0,0,0,3,10,0,0.177804254926741,0,3.0,0.0444444444444444,0.0059288537549407,0.0708168642951252,0,0.9,1.9
2010,REG,00-0027056,,Derrick Williams,WR,WR,,2,DET,0,0,0,0,0,0,0,0,0,0,0,0,,0,,,0,0,0,0,0,0,,0,3,5,30,0,0,0,32,8,1,-1.55491019744659,0,0.9375,0.0561797752808989,0.0504731861198738,0.11960089320526,0,3.0,6.0
2010,REG,00-0027057,B.Tate,Brandon Tate,WR,WR,"https://static.www.nfl.com/image/private/f_auto,q_auto/league/uzpf58ijo44jfqakwv83",15,NE,0,0,0,0,0,0,0,0,0,0,0,0,,0,,,5,62,0,0,0,3,3.6292626458453,0,24,46,432,3,1,1,631,139,14,10.3638302510871,0,0.684627575277338,0.0964360587002096,0.165399737876802,0.260433904564076,2,77.4,101.4
2010,REG,00-0027059,,Patrick Turner,WR,WR,,2,NYJ,0,0,0,0,0,0,0,0,0,0,0,0,,0,,,0,0,0,0,0,0,,0,2,2,26,0,0,0,23,3,0,1.18492059689015,0,1.1304347826087,0.0307692307692308,0.0359937402190923,0.0713494643072108,0,2.6,4.6
2010,REG,00-0027061,J.Cook,Jared Cook,TE,TE,"https://static.www.nfl.com/image/private/f_auto,q_auto/league/cthoenebptadlu4g928v",11,TEN,0,0,0,0,0,0,0,0,0,0,0,0,,0,,,0,0,0,0,0,0,,0,29,45,361,1,0,0,407,135,18,11.1542896241556,0,0.886977886977887,0.13353115727003,0.123221313957009,0.286551655674951,0,42.1,71.1
2010,REG,00-0027063,,Deon Butler,WR,WR,,13,SEA,0,0,0,0,0,0,0,0,0,0,0,0,,0,,,2,6,0,0,0,0,-0.4923965978669,0,36,70,385,4,0,0,807,116,20,6.88177446757271,0,0.477075588599752,0.15625,0.202661978905073,0.376238385233551,0,63.1,99.1
2010,REG,00-0027069,,Chase Coffman,TE,TE,,1,CIN,0,0,0,0,0,0,0,0,0,0,0,0,,0,,,0,0,0,0,0,0,,0,3,5,30,0,0,0,20,18,2,0.844231248833239,0,1.5,0.113636363636364,0.0666666666666667,0.217121212121212,0,3.0,6.0
2010,REG,00-0027070,,Travis Beckum,TE,TE,,13,NYG,0,0,0,0,0,0,0,0,0,0,0,0,,0,,,0,0,0,0,0,0,,0,13,18,116,2,0,0,127,40,7,1.21883856109719,0,0.913385826771654,0.0408163265306122,0.0329100803316921,0.0842615460281029,0,23.6,36.6
2010,REG,00-0027071,,Stephen McGee,QB,QB,,2,DAL,22,44,238,2,0,3,25,0,0,238,119,9,-8.25775910742328,0,1.0,-0.0382796800558353,13,74,0,1,0,4,3.19716049206627,0,0,0,0,0,0,0,0,0,0,,0,,,,,0,24.92,24.92
2010,REG,00-0027076,,Mike Thomas,WR,WR,,16,JAX,0,0,0,0,0,0,0,0,0,0,0,0,,0,,,12,114,0,0,0,5,5.01610947895097,0,66,101,820,4,0,0,1101,304,39,34.5829425836222,0,0.744777475022707,0.217672413793103,0.280724120346762,0.523015504932388,1,123.4,189.4
2010,REG,00-0027077,,Brian Hartline,WR,WR,"https://static.www.nfl.com/image/private/f_auto,q_auto/league/vuqaw5utqkgyqtp7hwbu",12,MIA,0,0,0,0,0,0,0,0,0,0,0,0,,0,,,2,27,0,0,0,1,1.53473003092222,0,43,73,615,1,1,1,941,211,27,6.16947079024871,0,0.65356004250797,0.178921568627451,0.264325842696629,0.453410442828817,0,68.2,111.2
2010,REG,00-0027080,,Mike Goodson,RB,RB,,15,CAR,0,0,0,0,0,0,0,0,0,0,0,0,,0,,,103,452,3,4,2,20,-13.8281669034332,0,40,57,310,0,0,0,-22,351,15,-3.18556108202497,0,-14.0909090909091,0.146907216494845,-0.0076842472930492,0.214981851637134,0,90.2,130.2
2010,REG,00-0027088,,Shawn Nelson,TE,TE,,2,BUF,0,0,0,0,0,0,0,0,0,0,0,0,,0,,,0,0,0,0,0,0,,0,3,4,25,0,1,1,29,0,1,-3.33001285692444,0,0.862068965517241,0.051948051948052,0.0438729198184569,0.108633121794998,0,0.5,3.5
2010,REG,00-0027089,L.Murphy,Louis Murphy,WR,WR,"https://static.www.nfl.com/image/private/f_auto,q_auto/league/rivj8wgktddc22qdtpsn",14,LV,0,0,0,0,0,0,0,0,0,0,0,0,,0,,,1,43,0,0,0,1,3.46063355350634,0,41,78,609,2,2,1,1001,206,27,8.69705976047142,0,0.608391608391608,0.182669789227166,0.281100814377984,0.470775253905338,0,75.2,116.2
2010,REG,00-0027092,,Austin Collie,WR,WR,,9,IND,0,0,0,0,0,0,0,0,0,0,0,0,,0,,,0,0,0,0,0,0,,0,57,70,617,8,0,0,583,281,32,48.5708645224513,0,1.05831903945111,0.176767676767677,0.165577960806589,0.381056087716128,0,109.7,166.7
2010,REG,00-0027093,,Tony Fiammetta,FB,RB,,8,CAR,0,0,0,0,0,0,0,0,0,0,0,0,,0,,,7,22,0,0,0,4,1.04534666280961,0,5,10,34,0,0,0,14,21,3,-9.29724656359758,0,2.42857142857143,0.0546448087431694,0.0115606936416185,0.090059698663887,0,5.6,10.6
2010,REG,00-0027094,,Andre Brown,RB,RB,,1,DEN,0,0,0,0,0,0,0,0,0,0,0,0,,0,,,2,-1,0,0,0,0,-1.15847913711332,0,0,0,0,0,0,0,0,0,0,,0,,,,,0,-0.1,-0.1
2010,REG,00-0027098,,Gartrell Johnson,RB,RB,,6,ATL,0,0,0,0,0,0,0,0,0,0,0,0,,0,,,10,36,0,0,0,2,-2.00561567186378,0,3,5,6,0,1,0,2,9,0,-2.51076756732073,0,3.0,0.0367647058823529,0.0021164021164021,0.0566285403050109,0,4.2,7.2
2010,REG,00-0027106,,Quinn Johnson,FB,RB,,3,GB,0,0,0,0,0,0,0,0,0,0,0,0,,0,,,0,0,0,0,0,0,,0,3,4,26,0,0,0,7,21,2,1.32427567295963,0,3.71428571428571,0.04,0.0135135135135135,0.0694594594594595,0,2.6,5.6
2010,REG,00-0027109,,James Casey,FB,TE,"https://static.www.nfl.com/image/private/f_auto,q_auto/league/atra5outunyi3dikmjez",6,HOU,0,0,0,0,0,0,0,0,0,0,0,0,,0,,,0,0,0,0,0,0,,0,8,14,98,0,0,0,72,61,5,1.81503507116577,0,1.36111111111111,0.0707070707070707,0.0487144790257104,0.140160741378603,0,9.8,17.8
2010,REG,00-0027120,,Javon Ringer,RB,RB,,16,TEN,0,0,0,0,0,0,0,0,0,0,0,0,,0,,,51,239,2,0,0,10,-0.307293312100228,0,7,8,44,0,0,0,24,26,2,0.33679962734459,0,1.83333333333333,0.0310077519379845,0.0095541401273885,0.0531995259961487,0,40.3,47.3
2010,REG,00-0027125,Z.Miller,Zach Miller,TE,TE,"https://static.www.nfl.com/image/private/f_auto,q_auto/league/ghvzkuugli86zstauzvr",10,JAX,0,0,0,0,0,0,0,0,0,0,0,0,,0,,,2,9,0,0,0,0,-0.594398954068311,0,20,26,216,1,0,0,190,98,10,2.90511653685368,0,1.13684210526316,0.0915492957746479,0.0878003696857671,0.198784202442009,0,28.5,48.5
2010,REG,00-0027129,,Aaron Brown,RB,RB,,3,DET,0,0,0,0,0,0,0,0,0,0,0,0,,0,,,17,58,0,0,0,2,-2.43826814758359,0,8,13,45,0,0,0,32,25,3,-1.12981187761761,0,1.40625,0.0970149253731343,0.030622009569378,0.166957794758266,0,10.3,18.3
2010,REG,00-0027130,,James Davis,RB,RB,,3,WAS,0,0,0,0,0,0,0,0,0,0,0,0,,0,,,19,60,0,0,0,1,-3.04576380882645,0,4,5,45,0,0,0,-7,56,1,1.95465263025835,0,-6.42857142857143,0.0632911392405063,-0.0113821138211382,0.0869692291859628,0,10.5,14.5
2010,REG,00-0027135,,Brandon Myers,TE,TE,"https://static.www.nfl.com/image/private/f_auto,q_auto/league/tzyfv93n3bgtbmywjczu",9,LV,0,0,0,0,0,0,0,0,0,0,0,0,,0,,,0,0,0,0,0,0,,0,12,16,80,0,0,0,77,38,4,-2.67777094399449,0,1.03896103896104,0.0521172638436482,0.0325581395348837,0.100966593439891,0,8.0,20.0
2010,REG,00-0027149,,Manuel Johnson,WR,WR,,2,DAL,0,0,0,0,0,0,0,0,0,0,0,0,,0,,,0,0,0,0,0,0,,0,1,5,6,0,0,0,52,0,0,-4.5587717788876,0,0.115384615384615,0.0806451612903226,0.135416666666667,0.215759408602151,0,0.6,1.6
2010,REG,00-0027150,J.Edelman,Julian Edelman,WR,WR,"https://static.www.nfl.com/image/private/f_auto,q_auto/league/u0hbuo2bsvtlg7lnxm43",7,NE,0,0,0,0,0,0,0,0,0,0,0,0,,0,,,2,14,0,0,0,1,1.56592076073866,0,7,14,86,0,0,0,46,99,3,-3.11075809616204,0,1.8695652173913,0.0630630630630631,0.0249457700650759,0.112056633640148,1,16.0,23.0
2010,REG,00-0027154,,Jake O'Connell,TE,TE,,3,KC,0,0,0,0,0,0,0,0,0,0,0,0,,0,,,0,0,0,0,0,0,,0,3,4,31,0,0,0,17,22,2,1.37234151613666,0,1.82352941176471,0.0449438202247191,0.0265210608424337,0.0859804729267822,0,3.1,6.1
2010,REG,00-0027155,,Rashad Jennings,RB,RB,"https://static.www.nfl.com/image/private/f_auto,q_auto/league/r48elxgcxhdkfkazlqab",12,JAX,0,0,0,0,0,0,0,0,0,0,0,0,,0,,,84,459,4,0,0,25,12.2177785062564,0,26,34,223,0,0,0,52,217,8,-0.0142847421477876,0,4.28846153846154,0.117647058823529,0.0203125,0.190689338235294,0,92.2,118.2
2010,REG,00-0027156,,Tiquan Underwood,WR,WR,,7,JAX,0,0,0,0,0,0,0,0,0,0,0,0,,0,,,0,0,0,0,0,0,,0,8,22,111,0,0,0,374,19,6,-16.0309969694641,0,0.296791443850267,0.0964912280701754,0.192584963954686,0.279546316873543,0,11.1,19.1
2010,REG,00-0027157,,Dan Gronkowski,TE,TE,,9,DEN,0,0,0,0,0,0,0,0,0,0,0,0,,0,,,0,0,0,0,0,0,,0,8,13,64,0,0,0,77,29,3,-2.75673455040669,0,0.831168831168831,0.0389221556886228,0.0244755244755245,0.0755161006658013,0,6.4,14.4
2010,REG,00-0027188,,Chad Hall,WR,WR,,6,PHI,0,0,0,0,0,0,0,0,0,0,0,0,,0,,,9,29,0,0,0,3,0.113842148100957,0,11,18,115,1,0,0,186,21,5,1.7195435432368,0,0.618279569892473,0.109090909090909,0.116468378209142,0.245164228382763,0,20.4,31.4
2010,REG,00-0027201,,Dimitri Nance,RB,RB,,8,GB,0,0,0,0,0,0,0,0,0,0,0,0,,0,,,36,95,0,0,0,4,-12.7358978440582,0,3,4,30,0,0,0,-11,35,2,-3.45806883857586,0,-2.72727272727273,0.037037037037037,-0.0109780439121756,0.0478709248170326,0,12.5,15.5
2010,REG,00-0027202,,Michael Palmer,TE,TE,,6,ATL,0,0,0,0,0,0,0,0,0,0,0,0,,0,,,0,0,0,0,0,0,,0,5,8,29,1,0,0,50,16,3,-0.817525617895733,0,0.58,0.0353982300884956,0.0361271676300578,0.0783863624737838,0,8.9,13.9
2010,REG,00-0027214,,Keiland Williams,RB,RB,,14,WAS,0,0,0,0,0,0,0,0,0,0,0,0,,0,,,65,261,3,0,0,14,-3.80802779933483,0,39,58,309,2,1,1,49,309,11,-12.2712401399933,0,6.30612244897959,0.112403100775194,0.0115593300306676,0.176696182184258,0,85.0,124.0
2010,REG,00-0027215,L.Paulsen,Logan Paulsen,TE,TE,"https://static.www.nfl.com/image/private/f_auto,q_auto/league/rckjvflmpzh9tiescxcd",2,WAS,0,0,0,0,0,0,0,0,0,0,0,0,,0,,,0,0,0,0,0,0,,0,2,2,10,1,0,0,1,9,1,3.47372935776366,0,10.0,0.0253164556962025,0.0084745762711864,0.0439068869341343,0,7.0,9.0
2010,REG,00-0027220,,Naaman Roosevelt,WR,WR,,3,BUF,0,0,0,0,0,0,0,0,0,0,0,0,,0,,,1,3,0,0,0,0,-0.332241349387914,0,9,17,139,0,0,0,194,33,7,1.29299389445805,0,0.716494845360825,0.191011235955056,0.203995793901157,0.429313909663394,0,14.2,23.2
2010,REG,00-0027257,,Keith Toston,RB,RB,,5,LA,0,0,0,0,0,0,0,0,0,0,0,0,,0,,,19,54,0,0,0,2,-5.64090912532993,0,2,2,29,0,0,0,-4,33,1,3.10057625791524,0,-7.25,0.03125,-0.0084566596194503,0.0409553382663848,0,8.3,10.3
2010,REG,00-0027261,,Duke Calhoun,WR,WR,,1,NYG,0,0,0,0,0,0,0,0,0,0,0,0,,0,,,0,0,0,0,0,0,,0,1,2,4,0,0,0,7,4,0,-0.622513948823325,0,0.571428571428571,0.0606060606060606,0.0267175572519084,0.109611380985427,0,0.4,1.4
2010,REG,00-0027290,,Cassius Vaughn,CB,DB,"https://static.www.nfl.com/image/private/f_auto,q_auto/league/ggtdsbfpyc7kzpuvgzrv",1,DEN,0,0,0,0,0,0,0,0,0,0,0,0,,0,,,0,0,0,0,0,0,,0,0,0,0,0,0,0,0,0,0,,0,,,,,1,6.0,6.0
2010,REG,00-0027308,,Jeremy Horne,WR,WR,,1,KC,0,0,0,0,0,0,0,0,0,0,0,0,,0,,,0,0,0,0,0,0,,0,0,1,0,0,0,0,21,0,0,-0.261722044233466,0,0.0,0.0344827586206897,0.122093023255814,0.137189254210104,0,0.0,0.0
2010,REG,00-0027321,J.Cumberland,Jeff Cumberland,TE,TE,"https://static.www.nfl.com/image/private/f_auto,q_auto/league/c87plzwz1aj8haowwxcq",1,NYJ,0,0,0,0,0,0,0,0,0,0,0,0,,0,,,0,0,0,0,0,0,,0,1,2,3,0,0,0,9,3,0,-1.77265257650288,0,0.333333333333333,0.133333333333333,0.0520231213872832,0.236416184971098,0,0.3,1.3
2010,REG,00-0027322,,David Nelson,WR,WR,,14,BUF,0,0,0,0,0,0,0,0,0,0,0,0,,0,,,0,0,0,0,0,0,,0,31,47,353,3,0,0,493,78,19,15.8159534467514,0,0.716024340770791,0.101511879049676,0.125,0.239767818574514,0,53.3,84.3
2010,REG,00-0027325,L.Blount,LeGarrette Blount,RB,RB,"https://static.www.nfl.com/image/private/f_auto,q_auto/league/s3eilto1yi0yhoamvvo3",13,TB,0,0,0,0,0,0,0,0,0,0,0,0,,0,,,201,1007,6,3,2,38,-20.4330908154952,0,5,7,14,0,1,1,9,19,0,-6.7165988041088,0,1.55555555555556,0.0546875,0.0081818181818181,0.0877585227272727,0,132.1,137.1
2010,REG,00-0027347,,Max Hall,QB,QB,,6,ARI,39,78,370,1,6,14,100,5,2,654,140,19,-54.7709292948681,0,0.565749235474006,-0.0314216232488752,1,-5,0,0,0,0,-1.13370326044969,0,0,0,0,0,0,0,0,0,0,,0,,,,,0,2.3,2.3
2010,REG,00-0027349,,Stephen Williams,WR,WR,,6,ARI,0,0,0,0,0,0,0,0,0,0,0,0,,0,,,0,0,0,0,0,0,,0,9,23,101,0,0,0,246,33,5,-6.03984206006862,0,0.410569105691057,0.111650485436893,0.139297848244621,0.264984221926574,0,10.1,19.1
2010,REG,00-0027352,,Max Komar,WR,WR,,8,ARI,0,0,0,0,0,0,0,0,0,0,0,0,,0,,,0,0,0,0,0,0,,0,12,22,117,0,1,1,212,40,6,-19.2361769684358,0,0.55188679245283,0.083969465648855,0.0945162728488631,0.192115589467487,0,9.7,21.7
2010,REG,00-0027356,,Marlon Moore,WR,WR,,7,MIA,0,0,0,0,0,0,0,0,0,0,0,0,,0,,,1,16,0,0,0,1,0.992328956956044,0,6,19,128,1,0,0,241,72,4,0.995162485077908,0,0.531120331950207,0.0848214285714286,0.123589743589744,0.213744963369963,0,20.4,26.4
2010,REG,00-0027358,,Roberto Wallace,WR,WR,,7,MIA,0,0,0,0,0,0,0,0,0,0,0,0,,0,,,0,0,0,0,0,0,,0,6,10,62,0,0,0,84,16,1,3.1272480277407,0,0.738095238095238,0.0386100386100386,0.0389069013432145,0.085149888855308,0,6.2,12.2
2010,REG,00-0027419,,Chris Gronkowski,RB,RB,,8,DAL,0,0,0,0,0,0,0,0,0,0,0,0,,0,,,5,17,0,0,0,2,2.73184339981526,0,7,14,35,1,0,0,17,30,2,-1.81254865185474,0,2.05882352941176,0.0686274509803922,0.0137096774193548,0.112537950664137,0,11.2,18.2
2010,REG,00-0027421,,Bryan McCann,DB,DB,,1,DAL,0,0,0,0,0,0,0,0,0,0,0,0,,0,,,0,0,0,0,0,0,,0,0,0,0,0,0,0,0,0,0,,0,,,,,1,6.0,6.0
2010,REG,00-0027429,,Verran Tucker,WR,WR,,8,KC,0,0,0,0,0,0,0,0,0,0,0,0,,0,,,0,0,0,0,0,0,,0,6,19,114,1,0,0,281,22,5,3.81016725883047,0,0.405693950177936,0.0815450643776824,0.132484677039133,0.215056870493916,0,17.4,23.4
2010,REG,00-0027445,,Jeron Mastrud,TE,TE,,1,MIA,0,0,0,0,0,0,0,0,0,0,0,0,,0,,,0,0,0,0,0,0,,0,0,1,0,0,0,0,1,0,0,-0.647579827927984,0,0.0,0.0344827586206897,0.0029239766081871,0.0537709215567655,0,0.0,0.0
2010,REG,00-0027450,,Preston Parker,WR,WR,"https://static.www.nfl.com/image/private/f_auto,q_auto/league/uposmry1docri5fwr22y",4,TB,0,0,0,0,0,0,0,0,0,0,0,0,,0,,,1,7,0,0,0,0,0.0165986477513798,0,4,9,42,0,0,0,76,31,3,-0.74519952504119,0,0.552631578947369,0.0891089108910891,0.0912364945978391,0.197528912555121,0,4.9,8.9
2010,REG,00-0027467,,Javarris James,RB,RB,,8,IND,0,0,0,0,0,0,0,0,0,0,0,0,,0,,,46,112,6,0,0,9,1.35847529106654,0,9,11,63,0,1,1,-21,79,3,-4.05944187921705,0,-3.0,0.0601092896174863,-0.0137254901960784,0.0805560912889746,0,51.5,60.5
2010,REG,00-0027470,,Brandon James,WR,WR,,2,IND,0,0,0,0,0,0,0,0,0,0,0,0,,0,,,0,0,0,0,0,0,,0,6,11,40,0,0,0,81,14,3,-5.01168523239903,0,0.493827160493827,0.130952380952381,0.113924050632911,0.276175406871609,0,4.0,10.0
2010,REG,00-0027477,,Blair White,WR,WR,,11,IND,0,0,0,0,0,0,0,0,0,0,0,0,,0,,,0,0,0,0,0,0,,0,36,57,355,5,0,0,563,74,24,-0.277622231075966,0,0.630550621669627,0.121019108280255,0.133570581257414,0.275028069300572,0,65.5,101.5
2010,REG,00-0027518,,Donald Jones,WR,WR,,8,BUF,0,0,0,0,0,0,0,0,0,0,0,0,,0,,,3,1,0,0,0,0,-1.83066954114474,0,18,41,213,1,0,0,365,86,8,-14.4489758451902,0,0.583561643835617,0.156488549618321,0.169530887134231,0.353404445421443,0,27.4,45.4
2010,REG,00-0027531,C.Ivory,Chris Ivory,RB,RB,"https://static.www.nfl.com/image/private/f_auto,q_auto/league/wuhrkffigvt55hcqd4yw",12,NO,0,0,0,0,0,0,0,0,0,0,0,0,,0,,,137,716,5,4,2,44,10.2267230061698,0,1,1,17,0,0,0,-5,22,1,1.28748664422892,0,-3.4,0.03125,-0.0136612021857924,0.0373121584699454,0,99.3,100.3
2010,REG,00-0027581,,Seyi Ajirotutu,WR,WR,"https://static.www.nfl.com/image/private/f_auto,q_auto/league/tmbglbojtv1psbkhejsg",6,LAC,0,0,0,0,0,0,0,0,0,0,0,0,,0,,,0,0,0,0,0,0,,0,13,23,262,2,0,0,377,70,12,17.0548721808562,0,0.694960212201592,0.112745098039216,0.229179331306991,0.329543178973717,0,38.2,51.2
2010,REG,00-0027585,,Richard Goodman,WR,WR,,2,LAC,0,0,0,0,0,0,0,0,0,0,0,0,,0,,,0,0,0,0,0,0,,0,1,2,25,0,1,1,47,4,0,-3.64117781002681,0,0.531914893617021,0.0235294117647059,0.073094867807154,0.0864605251120666,0,0.5,1.5
2010,REG,00-0027608,,Kyle Williams,WR,WR,"https://static.www.nfl.com/image/private/f_auto,q_auto/league/uc0hi9tbued5ff0osfmq",1,SF,0,0,0,0,0,0,0,0,0,0,0,0,,0,,,0,0,0,0,0,0,,0,1,1,8,0,0,0,4,4,0,0.202227862784639,0,2.0,0.032258064516129,0.0184331797235023,0.0612903225806452,0,0.8,1.8
2010,REG,00-0027618,,Brandon Banks,DL,DL,,6,WAS,0,0,0,0,0,0,0,0,0,0,0,0,,0,,,2,6,0,0,0,0,-0.0839412114582956,0,2,5,10,0,0,0,85,-2,1,-2.61507419066038,0,0.117647058823529,0.0263157894736842,0.0516089860352155,0.0755999744351772,1,7.6,9.6
2010,REG,00-0027651,,Dexter McCluster,WR,WR,"https://static.www.nfl.com/image/private/f_auto,q_auto/league/vawlifwslfzekg0e35ig",10,KC,0,0,0,0,0,0,0,0,0,0,0,0,,0,,,18,71,0,1,1,6,-5.53521741778497,0,21,39,209,1,0,0,135,166,11,-7.13162439825464,0,1.54814814814815,0.140794223826715,0.0654386815317499,0.256998412812297,1,38.0,59.0
2010,REG,00-0027654,A.Benn,Arrelious Benn,WR,WR,"https://static.www.nfl.com/image/private/f_auto,q_auto/league/mrdtswjobu20gukdl2cp",13,TB,0,0,0,0,0,0,0,0,0,0,0,0,,0,,,6,35,0,0,0,2,0.535801048215944,0,25,38,395,2,1,0,475,159,17,27.7442883163749,0,0.831578947368421,0.0931372549019608,0.13099834528406,0.231404724051783,0,55.0,80.0
2010,REG,00-0027656,R.Gronkowski,Rob Gronkowski,TE,TE,"https://static.www.nfl.com/image/private/f_auto,q_auto/league/svpo7chliiymc0r7hegp",16,NE,0,0,0,0,0,0,0,0,0,0,0,0,,0,,,0,0,0,0,0,0,,0,42,59,546,10,1,1,560,183,30,43.8723916163435,0,0.975,0.117529880478088,0.140456483571608,0.274614359217257,0,112.6,154.6
2010,REG,00-0027659,,Jimmy Clausen,QB,QB,"https://static.www.nfl.com/image/private/f_auto,q_auto/league/n5lf1tlpkvtck2j24krd",13,CAR,157,299,1558,3,9,33,223,1,0,1974,813,73,-92.9927586087408,0,0.789260385005066,-0.018966144415208,23,57,0,7,2,2,-22.1191573318793,0,0,0,0,0,0,0,0,0,0,,0,,,,,0,58.02,58.02
2010,REG,00-0027660,,Javier Arenas,DB,DB,"https://static.www.nfl.com/image/private/f_auto,q_auto/league/algezgrklvzxvyljttv8",1,KC,0,0,0,0,0,0,0,0,0,0,0,0,,0,,,1,5,0,0,0,0,-1.81705405307002,0,0,0,0,0,0,0,0,0,0,,0,,,,,0,0.5,0.5
2010,REG,00-0027675,E.Dickson,Ed Dickson,TE,TE,"https://static.www.nfl.com/image/private/f_auto,q_auto/league/qtxat8xwaclkqfkj5lrq",12,BAL,0,0,0,0,0,0,0,0,0,0,0,0,,0,,,0,0,0,0,0,0,,0,11,23,152,1,0,0,236,72,5,-0.753365548851434,0,0.64406779661017,0.064066852367688,0.0679136690647482,0.143639846896856,0,21.2,32.2
2010,REG,00-0027681,B.LaFell,Brandon LaFell,WR,WR,"https://static.www.nfl.com/image/private/f_auto,q_auto/league/x4wifb5arw0neuwg1cch",14,CAR,0,1,0,0,0,0,0,0,0,-4,0,0,-2.15325532120187,0,0.0,,1,60,0,0,0,1,4.26233275036793,0,38,77,468,1,0,0,792,133,23,2.89721697935883,0,0.590909090909091,0.187347931873479,0.261299901022765,0.463931828526154,0,58.8,96.8
2010,REG,00-0027685,E.Sanders,Emmanuel Sanders,WR,WR,"https://static.www.nfl.com/image/private/f_auto,q_auto/league/potkibjtm855tsawozs0",11,PIT,0,0,0,0,0,0,0,0,0,0,0,0,,0,,,0,0,0,0,0,0,,0,28,50,376,2,0,0,631,71,18,14.4555706735894,0,0.595879556259905,0.138504155124654,0.184395090590298,0.336832796100189,0,49.6,77.6
2010,REG,00-0027687,,Jordan Shipley,WR,WR,,15,CIN,0,0,0,0,0,0,0,0,0,0,0,0,,0,,,0,0,0,0,0,0,,0,52,74,600,3,0,0,570,206,30,21.6625563473025,0,1.05263157894737,0.134545454545455,0.122291353786741,0.287422129468901,0,78.0,130.0
2010,REG,00-0027688,C.McCoy,Colt McCoy,QB,QB,"https://static.www.nfl.com/image/private/f_auto,q_auto/league/mvcoi7f6thyudufnh0dx",8,CLE,135,222,1576,6,9,23,132,1,0,1945,723,79,0.351944836539291,0,0.810282776349614,0.0734230348529007,28,136,1,0,0,10,8.53012266868433,0,1,1,13,0,0,0,6,7,1,2.00518801843282,0,2.16666666666667,0.0625,0.0857142857142857,0.15375,0,89.94,90.94
2010,REG,00-0027690,E.Decker,Eric Decker,WR,WR,"https://static.www.nfl.com/image/private/f_auto,q_auto/league/jg5ftnvxz4jdiajzeoyn",5,DEN,0,0,0,0,0,0,0,0,0,0,0,0,,0,,,0,0,0,0,0,0,,0,6,8,106,1,1,1,120,24,4,3.67372837424045,0,0.883333333333333,0.0459770114942529,0.062992125984252,0.113060005430356,0,14.6,20.6
2010,REG,00-0027691,A.Roberts,Andre Roberts,WR,WR,"https://static.www.nfl.com/image/private/f_auto,q_auto/league/hjoyjewh7knoafxt4k93",11,ARI,0,0,0,0,0,0,0,0,0,0,0,0,,0,,,0,0,0,0,0,0,,0,24,49,307,2,1,0,433,138,10,-7.97671466154675,0,0.709006928406467,0.125641025641026,0.120848451018699,0.273055454174628,0,42.7,66.7
2010,REG,00-0027692,,Armanti Edwards,WR,WR,,2,CAR,1,1,0,0,0,0,0,0,0,0,0,0,-1.44134923489764,0,,,1,7,0,0,0,0,0.171542726282496,0,0,2,0,0,0,0,22,0,0,-3.81935464014532,0,0.0,0.0714285714285714,0.0894308943089431,0.169744483159117,0,0.7,0.7
2010,REG,00-0027693,,Taylor Price,WR,WR,,1,NE,0,0,0,0,0,0,0,0,0,0,0,0,,0,,,0,0,0,0,0,0,,0,3,4,41,0,0,0,20,24,3,3.1384889325127,0,2.05,0.137931034482759,0.0900900900900901,0.269959614787201,0,4.1,7.1
2010,REG,00-0027695,,Tony Moeaki,TE,TE,,15,KC,0,0,0,0,0,0,0,0,0,0,0,0,,0,,,0,0,0,0,0,0,,0,47,73,556,3,0,0,577,187,31,22.6462631161188,0,0.963604852686309,0.165909090909091,0.159656889872717,0.360623459274538,0,73.6,120.6
2010,REG,00-0027696,J.Graham,Jimmy Graham,TE,TE,"https://static.www.nfl.com/image/private/f_auto,q_auto/league/h7xs06oj6g03mippwtse",12,NO,0,0,0,0,0,0,0,0,0,0,0,0,,0,,,1,3,0,0,0,1,0.484982693567872,0,31,44,356,5,1,0,366,138,21,21.1038875153488,0,0.972677595628415,0.0986547085201794,0.0983606557377049,0.216834521796662,0,65.9,96.9
2010,REG,00-0027700,,Mardy Gilyard,WR,WR,,5,LA,0,0,0,0,0,0,0,0,0,0,0,0,,0,,,0,0,0,0,0,0,,0,6,16,63,0,0,0,143,20,4,-2.85649948715877,0,0.440559440559441,0.0772946859903382,0.108910891089109,0.192179652747883,0,6.3,12.3
2010,REG,00-0027702,,Mike Williams,WR,WR,,16,TB,0,0,0,0,0,0,0,0,0,0,0,0,,0,,,0,0,0,0,0,0,,0,65,129,964,11,3,2,1718,314,44,22.4218523199329,0,0.561117578579744,0.264887063655031,0.386241007194245,0.667699300518517,0,158.4,223.4
2010,REG,00-0027709,,Jacoby Ford,WR,WR,,12,LV,0,0,0,0,0,0,0,0,0,0,0,0,,0,,,10,155,2,0,0,7,12.5765244336865,0,25,54,470,2,0,0,792,103,19,2.42999188277375,0,0.593434343434343,0.171428571428571,0.285097192224622,0.456710891700093,3,104.5,129.5
2010,REG,00-0027712,,Joe McKnight,RB,RB,,4,NYJ,0,0,0,0,0,0,0,0,0,0,0,0,,0,,,39,189,0,0,0,7,-3.32077172817662,0,3,4,20,0,0,0,7,11,2,-7.22510707058245,0,2.85714285714286,0.0689655172413793,0.0117056856187291,0.111642255795179,0,20.9,23.9
2010,REG,00-0027713,,Aaron Hernandez,TE,TE,,14,NE,0,0,0,0,0,0,0,0,0,0,0,0,,0,,,3,47,0,0,0,3,3.23198006069288,0,45,64,563,6,0,0,452,291,27,31.439125641914,0,1.24557522123894,0.143497757847534,0.127647557187235,0.304599926802365,0,97.0,142.0
2010,REG,00-0027714,,Dennis Pitta,TE,TE,"https://static.www.nfl.com/image/private/f_auto,q_auto/league/liu0pixlkbyftxesaq06",3,BAL,0,0,0,0,0,0,0,0,0,0,0,0,,0,,,0,0,0,0,0,0,,0,1,5,1,0,0,0,66,0,0,-2.56764415837824,0,0.0151515151515152,0.0543478260869565,0.0683937823834197,0.129397386798829,0,0.1,1.1
2010,REG,00-0027725,C.Harbor,Clay Harbor,TE,TE,"https://static.www.nfl.com/image/private/f_auto,q_auto/league/spuxscdmedvqosq5yrho",5,PHI,0,0,0,0,0,0,0,0,0,0,0,0,,0,,,0,0,0,0,0,0,,0,9,15,72,1,0,0,133,23,3,0.42243961070041,0,0.541353383458647,0.078125,0.0707823310271421,0.166735131718999,0,13.2,22.2
2010,REG,00-0027732,M.Hoomanawanui,Michael Hoomanawanui,TE,TE,"https://static.www.nfl.com/image/private/f_auto,q_auto/league/fgfwj67pbxmp1bpjm7ti",7,LA,0,0,0,0,0,0,0,0,0,0,0,0,,0,,,0,0,0,0,0,0,,0,13,22,146,3,0,0,84,109,9,5.2655161616276,0,1.73809523809524,0.0830188679245283,0.0477544059124503,0.157956386025508,0,32.6,45.6
2010,REG,00-0027739,,John Conner,RB,RB,,5,NYJ,0,0,0,0,0,0,0,0,0,0,0,0,,0,,,8,44,1,0,0,2,0.967267976957373,0,2,4,9,0,0,0,16,2,1,-0.904351017787121,0,0.5625,0.032,0.0129136400322841,0.0570395480225989,0,11.3,13.3
2010,REG,00-0027753,,Andrew Quarless,TE,TE,,12,GB,0,0,0,0,0,0,0,0,0,0,0,0,,0,,,0,0,0,0,0,0,,0,21,33,238,1,1,1,273,112,13,-2.9472806060221,0,0.871794871794872,0.0787589498806683,0.0718232044198895,0.168414667914925,0,27.8,48.8
2010,REG,00-0027754,,John Skelton,QB,QB,,5,ARI,60,126,662,3,2,9,65,2,1,1128,204,30,-40.0982070857805,0,0.586879432624114,-0.0419408544050273,10,49,0,1,0,3,-2.08055885735666,0,0,0,0,0,0,0,0,0,0,,0,,,,,0,37.38,37.38
2010,REG,00-0027755,,David Reed,WR,WR,,3,BAL,0,0,0,0,0,0,0,0,0,0,0,0,,0,,,1,15,0,0,0,1,0.865670453058556,0,0,1,0,0,0,0,8,0,0,-0.405287898669485,0,0.0,0.05,0.0406091370558376,0.103426395939086,1,7.5,7.5
2010,REG,00-0027758,,Riley Cooper,WR,WR,"https://static.www.nfl.com/image/private/f_auto,q_auto/league/vpongpty2wm06bsmm7hb",7,PHI,0,0,0,0,0,0,0,0,0,0,0,0,,0,,,0,0,0,0,0,0,,0,7,18,116,1,0,0,221,18,5,-5.08330387013848,0,0.524886877828054,0.075,0.0928181436371273,0.177472700545989,0,17.6,24.6
2010,REG,00-0027761,,Brody Eldridge,TE,TE,,6,IND,0,0,0,0,0,0,0,0,0,0,0,0,,0,,,0,0,0,0,0,0,,0,5,9,39,0,0,0,65,22,1,-7.11810668432253,0,0.6,0.0352941176470588,0.0334190231362468,0.076334492665961,0,3.9,8.9
2010,REG,00-0027769,,Fendi Onobun,TE,TE,,1,LA,0,0,0,0,0,0,0,0,0,0,0,0,,0,,,0,0,0,0,0,0,,0,2,4,15,0,0,0,17,5,1,-0.587577940187298,0,0.882352941176471,0.108108108108108,0.0885416666666667,0.224141328828829,0,1.5,3.5
2010,REG,00-0027772,,Anthony Dixon,RB,RB,"https://static.www.nfl.com/image/private/f_auto,q_auto/league/lvbgbxspmjn0xo1kw8g9",12,SF,0,0,0,0,0,0,0,0,0,0,0,0,,0,,,70,237,2,0,0,11,-12.5130887905834,0,5,5,11,0,0,0,1,10,1,-1.10163994668983,0,11.0,0.0384615384615385,0.001150747986191,0.0584978312826414,0,36.8,41.8
2010,REG,00-0027775,,Rusty Smith,QB,QB,,2,TEN,20,40,200,0,4,1,0,0,0,401,84,7,-19.9216526423891,0,0.498753117206983,-0.0154349563089808,0,0,0,0,0,0,,0,0,0,0,0,0,0,0,0,0,,0,,,,,0,4.44089209850063e-16,4.44089209850063e-16
2010,REG,00-0027776,,Carlton Mitchell,WR,WR,,1,CLE,0,0,0,0,0,0,0,0,0,0,0,0,,0,,,1,9,0,0,0,0,0.622667078452651,0,0,1,0,0,0,0,12,0,0,-0.786120785167441,0,0.0,0.0303030303030303,0.0677966101694915,0.0929121725731895,0,0.9,0.9
2010,REG,00-0027779,,Deji Karim,RB,RB,,6,JAX,0,0,0,0,0,0,0,0,0,0,0,0,,0,,,35,160,0,1,0,8,-1.79649127548984,0,3,7,10,0,0,0,14,11,1,-1.7032621827384,0,0.714285714285714,0.101449275362319,0.0286885245901639,0.172255880256593,0,17.0,20.0
2010,REG,00-0027780,,Nate Byham,TE,TE,,6,SF,0,0,0,0,0,0,0,0,0,0,0,0,,0,,,0,0,0,0,0,0,,0,5,7,27,0,0,0,1,26,0,-1.63816145248711,0,27.0,0.0333333333333333,0.0013774104683195,0.0509641873278237,0,2.7,7.7
2010,REG,00-0027786,,Jonathan Dwyer,RB,RB,,1,PIT,0,0,0,0,0,0,0,0,0,0,0,0,,0,,,9,28,0,0,0,0,-2.86584144743392,0,0,0,0,0,0,0,0,0,0,,0,,,,,0,2.8,2.8
2010,REG,00-0027789,,Dezmon Briscoe,WR,WR,,2,TB,0,0,0,0,0,0,0,0,0,0,0,0,,0,,,0,0,0,0,0,0,,0,6,7,93,1,0,0,75,33,4,5.0980423166369,0,1.24,0.127272727272727,0.179425837320574,0.316507177033493,0,15.3,21.3
2010,REG,00-0027791,,James Starks,RB,RB,"https://static.www.nfl.com/image/private/f_auto,q_auto/league/ohxqulg4xjfmbbkkltqj",3,GB,0,0,0,0,0,0,0,0,0,0,0,0,,0,,,29,101,0,0,0,5,-3.43902002647519,0,2,4,15,0,0,0,0,12,1,-0.733400169294328,0,0.0,0.0615384615384615,0.0,0.0923076923076923,0,11.6,13.6
2010,REG,00-0027793,A.Brown,Antonio Brown,WR,WR,"https://static.www.nfl.com/image/private/f_auto,q_auto/league/ecxsx9t7bfg42bgfwj3v",8,PIT,0,0,0,0,0,0,0,0,0,0,0,0,,0,,,0,0,0,0,0,0,,0,16,19,167,0,0,0,113,111,10,8.63375107303727,0,1.47787610619469,0.0855855855855856,0.0546686018384132,0.166646399665268,1,22.7,38.7
2010,REG,00-0027795,,David Gettis,WR,WR,,14,CAR,0,0,0,0,0,0,0,0,0,0,0,0,,0,,,3,2,0,0,0,1,-2.09484528109897,0,37,67,508,3,0,0,799,155,24,12.6404972161935,0,0.635794743429287,0.16421568627451,0.259415584415584,0.427914438502674,0,69.0,106.0
2010,REG,00-0027796,J.Webb,Joe Webb,QB,QB,"https://static.www.nfl.com/image/private/f_auto,q_auto/league/hjieero9ugbyu7n1629h",4,MIN,54,89,477,0,3,8,48,1,0,769,219,27,-20.9888072266556,0,0.620286085825748,0.0092716279722018,18,120,2,0,0,7,9.34411129599903,0,0,0,0,0,0,0,0,0,0,,0,,,,,0,37.08,37.08
2010,REG,00-0027801,,Tony Pike,QB,QB,,1,CAR,6,12,47,0,0,1,10,0,0,75,23,2,-5.86418259434868,0,0.626666666666667,0.0290592443790359,0,0,0,0,0,0,,0,0,0,0,0,0,0,0,0,0,,0,,,,,0,1.88,1.88
2010,REG,00-0027804,,Levi Brown,QB,QB,,1,BUF,2,3,24,0,1,0,0,0,0,55,3,1,-1.98706303711515,0,0.436363636363636,,0,0,0,0,0,0,,0,0,0,0,0,0,0,0,0,0,,0,,,,,0,-1.04,-1.04
2010,REG,00-0027809,,Mickey Shuler,TE,TE,"https://static.www.nfl.com/image/private/f_auto,q_auto/league/zjbwgcsjnmgxgigktqtl",2,MIA,0,0,0,0,0,0,0,0,0,0,0,0,,0,,,0,0,0,0,0,0,,0,2,5,44,0,0,0,53,13,2,-0.522572316142032,0,0.830188679245283,0.0617283950617284,0.0772594752186589,0.146674225245654,0,4.4,6.4
2010,REG,00-0027813,,Terrence Austin,WR,WR,,2,WAS,0,0,0,0,0,0,0,0,0,0,0,0,,0,,,0,0,0,0,0,0,,0,3,5,47,0,0,0,59,20,3,2.69944705272792,0,0.796610169491525,0.0602409638554217,0.0954692556634304,0.157189924747534,0,4.7,7.7
2010,REG,00-0027815,,Matt Dodge,P,SPEC,,1,NYG,0,0,0,0,0,0,0,0,0,0,0,0,,0,,,1,0,0,1,1,0,-2.66930425912142,0,0,0,0,0,0,0,0,0,0,,0,,,,,0,-2.0,-2.0
2010,REG,00-0027816,,Marc Mariani,WR,WR,"https://static.www.nfl.com/image/private/f_auto,q_auto/league/jdhln1ulusmjybwdha4k",4,TEN,0,0,0,0,0,0,0,0,0,0,0,0,,0,,,0,0,0,0,0,0,,0,0,2,0,0,0,0,-4,0,0,-1.74084458546713,0,0.0,0.037037037037037,-0.0380952380952381,0.0288888888888889,2,12.0,12.0
2010,REG,00-0027819,,Dorin Dickerson,TE,TE,"https://static.www.nfl.com/image/private/f_auto,q_auto/league/rzyr56chrrn9v5xjjvmd",1,HOU,0,0,0,0,0,0,0,0,0,0,0,0,,0,,,0,0,0,0,0,0,,0,0,1,0,0,0,0,28,0,0,-2.37387836520793,0,0.0,0.0185185185185185,0.0677966101694915,0.0752354048964218,0,0.0,0.0
2010,REG,00-0027825,J.Dray,Jim Dray,TE,TE,"https://static.www.nfl.com/image/private/f_auto,q_auto/league/p8pyujltnfdj3qnbh7yi",7,ARI,0,0,0,0,0,0,0,0,0,0,0,0,,0,,,0,0,0,0,0,0,,0,3,9,47,0,0,0,50,20,3,-2.21939085219374,0,0.94,0.0410958904109589,0.0305997552019584,0.0830636642578092,0,4.7,7.7
2010,REG,00-0027844,,Erik Lorig,FB,RB,,2,TB,0,0,0,0,0,0,0,0,0,0,0,0,,0,,,0,0,0,0,0,0,,0,1,2,10,0,0,0,3,8,1,0.229384547797963,0,3.33333333333333,0.0408163265306122,0.0076726342710997,0.0665953337856882,0,1.0,2.0
2010,REG,00-0027854,S.Bradford,Sam Bradford,QB,QB,"https://static.www.nfl.com/image/private/f_auto,q_auto/league/fizwrxzfdaw7v2vzzpn6",16,LA,354,590,3512,18,15,34,244,6,2,3919,1862,179,-44.4240802020084,0,0.896146976269457,0.0119876618335152,27,63,1,1,0,6,-8.01856226916425,0,0,0,0,0,0,0,0,0,0,,0,,,,,0,190.78,190.78
2010,REG,00-0027861,C.Spiller,C.J. Spiller,RB,RB,"https://static.www.nfl.com/image/private/f_auto,q_auto/league/jqbnrdpq9c2nbchzntxt",14,BUF,0,0,0,0,0,0,0,0,0,0,0,0,,0,,,74,283,0,2,1,10,-15.7885049703764,0,24,32,157,1,0,0,59,158,7,0.229766609024965,0,2.66101694915254,0.100313479623824,0.023046875,0.166603031935737,1,54.0,78.0
2010,REG,00-0027864,,Ryan Mathews,RB,RB,"https://static.www.nfl.com/image/private/f_auto,q_auto/league/mai5izn84cdrvxlkwagb",12,LAC,0,0,0,0,0,0,0,0,0,0,0,0,,0,,,157,675,7,4,2,25,-10.063903181353,0,22,26,145,0,1,1,-55,180,7,-4.51195131172426,0,-2.63636363636364,0.0702702702702703,-0.0178051149239236,0.0929418249586589,0,118.0,140.0
2010,REG,00-0027866,E.Thomas III,Earl Thomas,FS,DB,"https://static.www.nfl.com/image/private/f_auto,q_auto/league/zqeizl8cu6rbtyjwbjka",1,SEA,0,0,0,0,0,0,0,0,0,0,0,0,,0,,,0,0,0,0,0,0,,0,0,0,0,0,0,0,0,0,0,,0,,,,,1,6.0,6.0
2010,REG,00-0027873,J.Gresham,Jermaine Gresham,TE,TE,"https://static.www.nfl.com/image/private/f_auto,q_auto/league/higvmot083ues41wbdgi",15,CIN,0,0,0,0,0,0,0,0,0,0,0,0,,0,,,0,0,0,0,0,0,,0,52,83,471,4,2,1,326,341,26,-4.87725875993149,1,1.44478527607362,0.153136531365314,0.0700924532358633,0.278769514313075,0,71.1,123.1
2010,REG,00-0027874,D.Thomas,Demaryius Thomas,WR,WR,"https://static.www.nfl.com/image/private/f_auto,q_auto/league/p1yjsqtqimjd6iazu3h9",10,DEN,0,0,0,0,0,0,0,0,0,0,0,0,,0,,,2,1,0,1,1,0,-6.68766440346371,0,22,39,283,2,1,0,350,139,15,8.93406571079351,0,0.808571428571429,0.10025706940874,0.104916067146283,0.223826851115509,0,38.4,60.4
2010,REG,00-0027876,T.Tebow,Tim Tebow,TE,TE,,7,DEN,41,82,654,5,3,6,26,0,0,1007,248,31,10.2948831664541,0,0.649453823237339,0.0956765297603195,43,227,6,1,0,12,13.3016248688522,0,0,0,0,0,0,0,0,0,0,,0,,,,,0,98.86,98.86
2010,REG,00-0027880,,Jahvid Best,RB,RB,,15,DET,0,1,0,0,0,0,0,0,0,15,0,0,-0.393758253427222,0,0.0,,172,563,4,1,1,25,-40.4938998094003,0,58,80,487,2,0,0,-49,590,16,0.781671288478154,0,-9.93877551020408,0.138888888888889,-0.0119279454722493,0.199983771502759,0,139.0,197.0
2010,REG,00-0027887,,Taylor Mays,FS,DB,"https://static.www.nfl.com/image/private/f_auto,q_auto/league/fhs7yfs8e18qkmfbqgwc",1,SF,0,0,0,0,0,0,0,0,0,0,0,0,,0,,,0,0,0,0,0,0,,0,0,0,0,0,0,0,0,0,0,,0,,,,,1,6.0,6.0
2010,REG,00-0027888,,Toby Gerhart,RB,RB,"https://static.www.nfl.com/image/private/f_auto,q_auto/league/pne2o7x8dw3cngbahihv",15,MIN,0,0,0,0,0,0,0,0,0,0,0,0,,0,,,81,322,1,1,1,13,-10.9981851556222,0,21,29,167,0,2,2,2,173,6,-20.1936752245704,0,83.5,0.0672853828306265,0.0006084575600851,0.101353994537999,0,48.9,69.9
2010,REG,00-0027891,G.Tate,Golden Tate,WR,WR,"https://static.www.nfl.com/image/private/f_auto,q_auto/league/yfqebrp2o9t1gt1wqjku",11,SEA,0,0,0,0,0,0,0,0,0,0,0,0,,0,,,2,4,0,0,0,0,-0.949409480206668,0,21,39,227,0,0,0,393,109,8,-6.21384723078729,0,0.577608142493639,0.103723404255319,0.120036652412951,0.239610763072044,0,23.1,44.1
2010,REG,00-0027893,,Damian Williams,WR,WR,,9,TEN,0,0,0,0,0,0,0,0,0,0,0,0,,0,,,1,5,0,0,0,0,0.315437803044915,0,16,28,219,0,0,0,317,40,10,9.71854056052967,0,0.690851735015773,0.104089219330855,0.111111111111111,0.23391160677406,0,22.4,38.4
2010,REG,00-0027902,D.Bryant,Dez Bryant,WR,WR,"https://static.www.nfl.com/image/private/f_auto,q_auto/league/jmggujwkiv7osgkhhnhl",12,DAL,0,0,0,0,0,0,0,0,0,0,0,0,,0,,,1,0,0,0,0,0,-0.649928559665568,0,45,72,561,6,0,0,789,192,27,24.838974221462,0,0.711026615969582,0.165137614678899,0.25996705107084,0.429683357767937,2,104.1,149.1
2010,REG,00-0027912,,Danario Alexander,WR,WR,,8,LA,0,0,0,0,0,0,0,0,0,0,0,0,,0,,,0,0,0,0,0,0,,0,20,37,306,1,0,0,484,113,12,6.23709163244421,0,0.632231404958678,0.139622641509434,0.253005750130685,0.38653798735563,0,36.6,56.6
2010,POST,00-0003315,,Todd Collins,QB,QB,,1,CHI,0,4,0,0,0,0,0,0,0,45,0,0,-4.11537742242217,0,0.0,,0,0,0,0,0,0,,0,0,0,0,0,0,0,0,0,0,,0,,,,,0,0.0,0.0
2010,POST,00-0004541,,Donald Driver,WR,WR,,4,GB,0,0,0,0,0,0,0,0,0,0,0,0,,0,,,0,0,0,0,0,0,,0,14,20,169,0,0,0,171,48,8,0.940319350745995,0,0.988304093567251,0.151515151515152,0.143576826196474,0.327776505610259,0,16.9,30.9
2010,POST,00-0005231,,Brian Finneran,WR,WR,,1,ATL,0,0,0,0,0,0,0,0,0,0,0,0,,0,,,0,0,0,0,0,0,,0,4,6,47,0,0,0,66,19,2,2.4954096141737,0,0.712121212121212,0.206896551724138,0.243542435424354,0.480824532383255,0,4.7,8.7
2010,POST,00-0006101,,Tony Gonzalez,TE,TE,,1,ATL,0,0,0,0,0,0,0,0,0,0,0,0,,0,,,0,0,0,0,0,0,,0,1,1,7,0,0,0,8,-1,0,-0.110042824409902,0,0.875,0.0344827586206897,0.029520295202952,0.0723883445731009,0,0.7,1.7
2010,POST,00-0007091,,Matt Hasselbeck,QB,QB,"https://static.www.nfl.com/image/private/f_auto,q_auto/league/t1nf9avoy2kauqwrvzza",2,SEA,48,81,530,7,1,3,22,0,0,629,192,27,11.9187286158844,0,0.842607313195549,0.0924840902375189,2,-1,0,1,0,0,-2.04419065563707,0,0,0,0,0,0,0,0,0,0,,0,,,,,0,47.1,47.1
2010,POST,00-0010346,,Peyton Manning,QB,QB,"https://static.www.nfl.com/image/private/f_auto,q_auto/league/xpcd6auodk3w0vda6jal",1,IND,18,26,225,1,0,1,6,0,0,220,113,11,8.98418040171207,0,1.02272727272727,0.18414990269998,0,0,0,0,0,0,,0,0,0,0,0,0,0,0,0,0,,0,,,,,0,13.0,13.0
2010,POST,00-0010500,,Derrick Mason,WR,WR,,2,BAL,0,0,0,0,0,0,0,0,0,0,0,0,,0,,,0,0,0,0,0,0,,0,1,7,11,0,0,0,114,1,1,-1.32203930540709,0,0.0964912280701754,0.109375,0.28643216080402,0.364565012562814,0,1.1,2.1
2010,POST,00-0015754,,Brandon Stokley,WR,WR,,2,SEA,0,0,0,0,0,0,0,0,0,0,0,0,,0,,,0,0,0,0,0,0,,0,12,15,158,2,0,0,149,39,8,15.4510756872769,0,1.06040268456376,0.185185185185185,0.236883942766296,0.443596537714185,0,27.8,39.8
2010,POST,00-0017162,,Hines Ward,WR,WR,,3,PIT,0,0,0,0,0,0,0,0,0,0,0,0,,0,,,0,0,0,0,0,0,,0,12,17,117,2,0,0,99,34,7,12.4589942025486,0,1.18181818181818,0.188888888888889,0.104761904761905,0.356666666666667,0,23.7,35.7
2010,POST,00-0019484,,Sammy Morris,RB,RB,,1,NE,0,0,0,0,0,0,0,0,0,0,0,0,,0,,,0,0,0,0,0,0,,1,0,0,0,0,0,0,0,0,0,,0,,,,,0,2.0,2.0
2010,POST,00-0019596,T.Brady,Tom Brady,QB,QB,"https://static.www.nfl.com/image/private/f_auto,q_auto/league/q7dpdlxyu5rs05rgh1le",1,NE,29,45,299,2,1,5,40,1,0,306,177,19,-6.41996988893551,0,0.977124183006536,0.0339759552156675,2,2,0,0,0,1,0.581178107880987,0,0,0,0,0,0,0,0,0,0,,0,,,,,0,18.16,18.16
2010,POST,00-0019641,,Thomas Jones,RB,RB,,1,KC,0,0,0,0,0,0,0,0,0,0,0,0,,0,,,5,15,0,0,0,2,-1.09177476819605,0,1,1,8,0,0,0,3,5,0,0.566544773057103,0,2.66666666666667,0.0625,0.0189873417721519,0.107041139240506,0,2.3,3.3
2010,POST,00-0019863,,Dominic Rhodes,RB,RB,,1,IND,0,0,0,0,0,0,0,0,0,0,0,0,,0,,,14,33,0,0,0,3,-4.9829430393855,0,1,1,12,0,0,0,5,7,1,0.90202221670188,0,2.4,0.0384615384615385,0.0227272727272727,0.0736013986013986,0,4.5,5.5
2010,POST,00-0020245,,Mike Vick,QB,QB,"https://static.www.nfl.com/image/private/f_auto,q_auto/league/hrg4riwhpjbijfovsjrk",1,PHI,20,36,292,1,1,3,21,0,0,324,150,12,3.45756449404449,0,0.901234567901234,0.0567598971573691,8,32,1,0,0,4,3.7386253674922,0,0,0,0,0,0,0,0,0,0,,0,,,,,0,22.88,22.88
2010,POST,00-0020285,,Alge Crumpler,TE,TE,,1,NE,0,0,0,0,0,0,0,0,0,0,0,0,,0,,,0,0,0,0,0,0,,0,3,5,39,1,0,0,45,16,2,1.48288610664895,0,0.866666666666667,0.111111111111111,0.147058823529412,0.269607843137255,0,9.9,12.9
2010,POST,00-0020438,,T.J. Houshmandzadeh,WR,WR,,2,BAL,0,0,0,0,0,0,0,0,0,0,0,0,,0,,,0,0,0,0,0,0,,0,4,6,66,0,0,0,55,35,4,3.81536936014891,0,1.2,0.09375,0.138190954773869,0.237358668341709,0,6.6,10.6
2010,POST,00-0020498,,Reggie Wayne,WR,WR,,1,IND,0,0,0,0,0,0,0,0,0,0,0,0,,0,,,0,0,0,0,0,0,,0,1,1,1,0,0,0,-1,2,0,-1.64999330800492,0,0.0,0.0384615384615385,-0.0045454545454545,0.0545104895104895,0,0.1,1.1
2010,POST,00-0020507,,Heath Evans,FB,RB,,1,NO,0,0,0,0,0,0,0,0,0,0,0,0,,0,,,0,0,0,0,0,0,,0,4,5,23,1,0,0,9,16,2,1.63034392881673,0,2.55555555555556,0.087719298245614,0.0222772277227723,0.147173006774362,0,8.3,12.3
2010,POST,00-0020516,,Todd Heap,TE,TE,,2,BAL,0,0,0,0,0,0,0,0,0,0,0,0,,0,,,0,0,0,0,0,0,,0,13,20,151,1,0,0,176,59,11,5.86522861834218,0,0.857954545454545,0.3125,0.442211055276382,0.778297738693467,0,21.1,34.1
2010,POST,00-0020531,D.Brees,Drew Brees,QB,QB,"https://static.www.nfl.com/image/private/f_auto,q_auto/league/i20xlpzdmn7xubotijjd",1,NO,39,60,404,2,0,1,7,0,0,404,193,22,15.0287720366571,0,1.0,0.176226832914544,2,6,0,1,0,1,0.189050811575726,0,0,0,0,0,0,0,0,0,0,,0,,,,,0,24.76,24.76
2010,POST,00-0020536,,LaDainian Tomlinson,RB,RB,,3,NYJ,0,0,0,0,0,0,0,0,0,0,0,0,,0,,,35,141,2,1,0,7,-3.88757664886916,0,6,8,19,1,0,0,3,26,3,-0.0439502507215366,0,6.33333333333333,0.142857142857143,0.006,0.218485714285714,0,34.0,40.0
2010,POST,00-0021147,,Donte' Stallworth,WR,WR,,1,BAL,0,0,0,0,0,0,0,0,0,0,0,0,,0,,,1,1,0,0,0,0,-0.503718581050634,0,0,0,0,0,0,0,0,0,0,,0,,,,,0,0.1,0.1
2010,POST,00-0021148,,Jeremy Shockey,TE,TE,,1,NO,0,0,0,0,0,0,0,0,0,0,0,0,,0,,,0,0,0,0,0,0,,0,2,4,24,0,0,0,44,4,1,1.58398113015573,0,0.545454545454545,0.0701754385964912,0.108910891089109,0.181500781657113,0,2.4,4.4
2010,POST,00-0021190,,Antwaan Randle El,RB,RB,,2,PIT,0,0,0,0,0,0,0,0,0,0,0,0,,0,,,0,0,0,0,0,0,,1,2,3,50,0,0,0,83,14,2,2.48769866104703,0,0.602409638554217,0.0422535211267606,0.115438108484006,0.144186957628945,0,7.0,9.0
2010,POST,00-0021192,,Deion Branch,WR,WR,,1,NE,0,0,0,0,0,0,0,0,0,0,0,0,,0,,,0,0,0,0,0,0,,0,5,10,59,1,0,0,123,12,5,5.19019717597985,0,0.479674796747968,0.222222222222222,0.401960784313726,0.614705882352941,0,11.9,16.9
2010,POST,00-0021314,,Chester Taylor,RB,RB,,2,CHI,0,0,0,0,0,0,0,0,0,0,0,0,,0,,,14,46,2,0,0,6,2.11252835515188,0,1,1,12,0,0,0,0,12,1,1.20336228702217,0,0.0,0.027027027027027,,,0,17.8,18.8
2010,POST,00-0021929,,Donald Lee,TE,TE,,1,GB,0,0,0,0,0,0,0,0,0,0,0,0,,0,,,0,0,0,0,0,0,,0,0,1,0,0,0,0,1,0,0,-0.469869591062889,0,0.0,0.0277777777777778,0.0041322314049586,0.0445592286501377,0,0.0,0.0
2010,POST,00-0022001,,Kevin Curtis,WR,WR,,1,KC,0,0,0,0,0,0,0,0,0,0,0,0,,0,,,0,0,0,0,0,0,,0,1,2,3,0,0,0,20,0,0,-1.19581791909877,0,0.15,0.125,0.126582278481013,0.276107594936709,0,0.3,1.3
2010,POST,00-0022084,,Anquan Boldin,WR,WR,"https://static.www.nfl.com/image/private/f_auto,q_auto/league/ajabgwxbliupgkwjbnut",2,BAL,0,0,0,0,0,0,0,0,0,0,0,0,,0,,,0,0,0,0,0,0,,0,6,12,62,1,0,0,62,32,5,2.02855137901666,0,1.0,0.1875,0.155778894472362,0.390295226130653,0,12.2,18.2
2010,POST,00-0022143,,Ovie Mughelli,FB,RB,,1,ATL,0,0,0,0,0,0,0,0,0,0,0,0,,0,,,1,1,0,0,0,1,1.40700779936742,0,0,0,0,0,0,0,0,0,0,,0,,,,,0,0.1,0.1
2010,POST,00-0022178,,Willis McGahee,RB,RB,,2,BAL,0,0,0,0,0,0,0,0,0,0,0,0,,0,,,14,48,1,0,0,1,-0.0512292269268073,0,4,4,24,0,0,0,-2,26,2,1.33890556899132,0,-12.0,0.0625,-0.0050251256281407,0.0902324120603015,0,13.2,17.2
2010,POST,00-0022217,,Mewelde Moore,RB,RB,,3,PIT,0,0,0,0,0,0,0,0,0,0,0,0,,0,,,6,22,0,0,0,3,0.455311564903241,0,1,1,9,0,0,0,6,3,1,1.69499997328967,0,1.5,0.0526315789473684,0.0265486725663717,0.0975314392175128,0,3.1,4.1
2010,POST,00-0022421,,Ruvell Martin,WR,WR,,2,SEA,0,0,0,0,0,0,0,0,0,0,0,0,,0,,,0,0,0,0,0,0,,0,2,2,28,0,0,0,19,9,2,2.23838593292749,0,1.47368421052632,0.0246913580246914,0.0302066772655008,0.0581817111228876,0,2.8,4.8
2010,POST,00-0022427,,Wes Welker,WR,WR,"https://static.www.nfl.com/image/private/f_auto,q_auto/league/rgjwexzif36vncjfdwap",1,NE,0,0,0,0,0,0,0,0,0,0,0,0,,0,,,0,0,0,0,0,0,,0,7,9,57,0,0,0,49,24,5,3.97257737122444,0,1.16326530612245,0.2,0.160130718954248,0.412091503267974,0,5.7,12.7
2010,POST,00-0022781,,Michael Jenkins,WR,WR,,1,ATL,0,0,0,0,0,0,0,0,0,0,0,0,,0,,,0,0,0,0,0,0,,0,6,8,67,0,1,1,107,8,3,-3.88638660951983,0,0.626168224299065,0.275862068965517,0.394833948339483,0.690176867285914,0,4.7,10.7
2010,POST,00-0022811,,Jerricho Cotchery,WR,WR,"https://static.www.nfl.com/image/private/f_auto,q_auto/league/hkq2dmfj7mbgbuejiloy",3,NYJ,0,0,0,0,0,0,0,0,0,0,0,0,,0,,,1,-4,0,0,0,0,-0.908677319996059,0,12,18,146,1,0,0,122,110,7,6.44957127125235,0,1.19672131147541,0.202247191011236,0.150990099009901,0.409063855823785,0,20.2,32.2
2010,POST,00-0022821,,Michael Turner,RB,RB,,1,ATL,0,0,0,0,0,0,0,0,0,0,0,0,,0,,,10,39,1,0,0,1,-0.515955366019625,0,0,1,0,0,0,0,1,0,0,-0.529418620746583,0,0.0,0.0344827586206897,0.003690036900369,0.0543071637612928,0,9.9,9.9
2010,POST,00-0022840,,Julius Jones,RB,RB,,1,NO,0,0,0,0,0,0,0,0,0,0,0,0,,0,,,15,59,2,1,1,5,-2.98784934484866,0,6,9,61,0,0,0,-16,77,2,2.72764325735625,0,-3.8125,0.157894736842105,-0.0396039603960396,0.20911933298593,0,22.0,28.0
2010,POST,00-0022847,,Ben Hartsock,TE,TE,,3,NYJ,0,0,0,0,0,0,0,0,0,0,0,0,,0,,,0,0,0,0,0,0,,0,1,3,5,0,0,0,14,3,0,-1.68471075809794,0,0.357142857142857,0.0337078651685393,0.0173267326732673,0.0626905106240961,0,0.5,1.5
2010,POST,00-0022924,B.Roethlisberger,Ben Roethlisberger,QB,QB,"https://static.www.nfl.com/image/private/f_auto,q_auto/league/vziogpnyp9d0xtpiuqhr",3,PIT,54,91,622,4,4,9,48,1,1,962,248,31,-3.83690627779347,0,0.646569646569647,0.0934884207061856,21,63,1,2,0,6,3.47032375875278,0,0,0,0,0,0,0,0,0,0,,0,,,,,0,43.18,43.18
2010,POST,00-0022929,,Devery Henderson,WR,WR,,1,NO,0,0,0,0,0,0,0,0,0,0,0,0,,0,,,0,0,0,0,0,0,,0,7,8,77,1,0,0,81,10,3,2.12935012810052,0,0.950617283950617,0.140350877192982,0.200495049504951,0.350872850442939,0,13.7,20.7
2010,POST,00-0022999,J.Kuhn,John Kuhn,FB,RB,"https://static.www.nfl.com/image/private/f_auto,q_auto/league/nbcwgq2o0ymmx4czvr4b",3,GB,0,0,0,0,0,0,0,0,0,0,0,0,,0,,,6,8,1,1,0,2,-1.45886268897448,0,6,7,53,1,0,0,1,52,4,4.97004956752062,0,53.0,0.0752688172043011,0.0021598272138228,0.114415104856128,0,18.1,24.1
2010,POST,00-0023310,,Lance Moore,WR,WR,"https://static.www.nfl.com/image/private/f_auto,q_auto/league/bfjxc892mfkni8ywtheh",1,NO,0,0,0,0,0,0,0,0,0,0,0,0,,0,,,0,0,0,0,0,0,,0,4,9,49,0,0,0,130,9,3,0.738119717920199,0,0.376923076923077,0.157894736842105,0.321782178217822,0.462089630015633,0,4.9,8.9
2010,POST,00-0023438,,Braylon Edwards,WR,WR,,3,NYJ,0,0,0,0,0,0,0,0,0,0,0,0,,0,,,0,0,0,0,0,0,,0,9,15,164,1,1,0,270,29,8,11.9714143527669,0,0.607407407407407,0.168539325842697,0.334158415841584,0.486719879853154,0,22.4,31.4
2010,POST,00-0023452,,Mike Williams,WR,WR,,2,SEA,0,0,0,0,0,0,0,0,0,0,0,0,,0,,,0,0,0,0,0,0,,0,9,21,83,3,0,0,201,15,5,0.656232982029906,0,0.412935323383085,0.259259259259259,0.319554848966614,0.612577283165518,0,26.3,35.3
2010,POST,00-0023459,A.Rodgers,Aaron Rodgers,QB,QB,"https://static.www.nfl.com/image/upload/f_auto,q_auto/league/jdcb4nomlc4rd6k5l6to",4,GB,90,132,1094,9,2,8,53,1,1,1191,400,53,46.3751121985137,0,0.91855583543241,0.219406119300227,14,54,2,1,0,6,1.92862454691203,0,0,0,0,0,0,0,0,0,0,,0,,,,,0,91.16,91.16
2010,POST,00-0023462,,Roddy White,WR,WR,"https://static.www.nfl.com/image/private/f_auto,q_auto/league/f7dgklg6z49fbdltwuki",1,ATL,0,0,0,0,0,0,0,0,0,0,0,0,,0,,,0,0,0,0,0,0,,0,6,10,57,1,0,0,81,16,4,-3.7393766202149,0,0.703703703703704,0.344827586206897,0.298892988929889,0.726466471561268,0,11.7,17.7
2010,POST,00-0023465,,Heath Miller,TE,TE,"https://static.www.nfl.com/image/private/f_auto,q_auto/league/iqw8fry4hgfvegs9nfuf",3,PIT,0,0,0,0,0,0,0,0,0,0,0,0,,0,,,0,0,0,0,0,0,,0,9,15,89,1,0,0,166,30,5,1.30198549223132,0,0.536144578313253,0.166666666666667,0.175661375661376,0.372962962962963,0,14.9,23.9
2010,POST,00-0023662,M.Cassel,Matt Cassel,QB,QB,"https://static.www.nfl.com/image/private/f_auto,q_auto/league/n1ucqggyu5hlsqzuv5gj",1,KC,9,18,70,0,3,3,17,0,0,185,40,2,-8.75401519460138,0,0.378378378378378,0.0054092544908637,3,6,0,0,0,0,-0.350868978071958,0,0,0,0,0,0,0,0,0,0,,0,,,,,0,-2.6,-2.6
2010,POST,00-0024217,,Reggie Bush,RB,RB,"https://static.www.nfl.com/image/private/f_auto,q_auto/league/z2m2heolqx9sgobdks9v",1,NO,0,0,0,0,0,0,0,0,0,0,0,0,,0,,,5,12,0,0,0,1,-0.918754705053288,0,5,6,37,0,0,0,6,36,3,2.15128167226162,0,6.16666666666667,0.105263157894737,0.0148514851485149,0.168290776446066,0,4.9,9.9
2010,POST,00-0024226,J.Cutler,Jay Cutler,QB,QB,"https://static.www.nfl.com/image/private/f_auto,q_auto/league/ks6n7gvw4vccihlse6bn",2,CHI,21,42,354,2,1,5,28,2,0,405,190,14,0.835430529084988,0,0.874074074074074,0.0785345306106119,10,53,2,0,0,5,10.0567315109947,0,0,0,0,0,0,0,0,0,0,,0,,,,,0,37.46,37.46
2010,POST,00-0024240,,Santonio Holmes,WR,WR,,3,NYJ,0,0,0,0,0,0,0,0,0,0,0,0,,0,,,0,0,0,0,0,0,,0,9,17,127,2,0,0,184,33,7,6.24299926118692,0,0.690217391304348,0.191011235955056,0.227722772277228,0.445922794526644,0,24.7,33.7
2010,POST,00-0024245,,Joseph Addai,RB,RB,,1,IND,0,0,0,0,0,0,0,0,0,0,0,0,,0,,,13,60,0,0,0,2,-0.847216600377578,0,0,1,0,0,0,0,3,0,0,-0.733209108700976,0,0.0,0.0384615384615385,0.0136363636363636,0.0672377622377622,0,6.0,6.0
2010,POST,00-0024267,,Greg Jennings,WR,WR,"https://static.www.nfl.com/image/private/f_auto,q_auto/league/jiemkcfkc893pfova8xv",4,GB,0,0,0,0,0,0,0,0,0,0,0,0,,0,,,0,0,0,0,0,0,,0,21,33,303,2,1,1,430,75,11,14.2294799708761,0,0.704651162790698,0.25,0.361041141897565,0.627728799328296,0,40.3,61.3
2010,POST,00-0024272,,Devin Hester,WR,WR,"https://static.www.nfl.com/image/private/f_auto,q_auto/league/jtntm2ci9doez4qxbx0c",2,CHI,0,0,0,0,0,0,0,0,0,0,0,0,,0,,,0,0,0,0,0,0,,0,2,8,4,0,0,0,84,4,0,-9.71150090190349,0,0.0476190476190476,0.121212121212121,0.136807817589577,0.277583654130885,0,0.4,2.4
2010,POST,00-0024301,,David Thomas,TE,TE,,1,NO,0,0,0,0,0,0,0,0,0,0,0,0,,0,,,0,0,0,0,0,0,,0,4,5,38,0,0,0,28,13,2,1.87039033834789,0,1.35714285714286,0.087719298245614,0.0693069306930693,0.18009379885357,0,3.8,7.8
2010,POST,00-0024315,,Michael Robinson,FB,RB,,1,SEA,0,0,0,0,0,0,0,0,0,0,0,0,,0,,,1,1,0,0,0,0,-0.299398366361856,0,1,1,3,0,0,0,0,3,0,-0.276839857688174,0,0.0,0.0217391304347826,,,0,0.4,1.4
2010,POST,00-0024318,,Brad Smith,QB,QB,,2,NYJ,0,0,0,0,0,0,0,0,0,0,0,0,,0,,,2,11,0,0,0,0,0.237938787555322,0,2,2,25,0,0,0,5,20,1,1.47921813465655,0,5.0,0.0606060606060606,0.0162337662337662,0.102272727272727,0,3.6,5.6
2010,POST,00-0024324,,Jason Avant,WR,WR,"https://static.www.nfl.com/image/private/f_auto,q_auto/league/nnis5ib42eoeu8bjjpdc",1,PHI,0,0,0,0,0,0,0,0,0,0,0,0,,0,,,0,0,0,0,0,0,,0,7,9,93,1,0,0,92,18,3,6.48582361893325,0,1.01086956521739,0.257142857142857,0.280487804878049,0.58205574912892,0,15.3,22.3
2010,POST,00-0024332,,Leon Washington,RB,RB,,2,SEA,0,0,0,0,0,1,1,0,0,0,0,0,-1.01368444703985,0,,,1,9,0,0,0,0,0.983026938512921,0,1,1,10,0,0,0,5,5,1,0.591696225106716,0,2.0,0.0217391304347826,0.013262599469496,0.0418925152808211,0,1.9,2.9
2010,POST,00-0024359,,Jerome Harrison,RB,RB,,1,PHI,0,0,0,0,0,0,0,0,0,0,0,0,,0,,,1,3,0,0,0,1,-0.0412350236438215,0,0,0,0,0,0,0,0,0,0,,0,,,,,0,0.3,0.3
2010,POST,00-0024463,,Ben Obomanu,WR,WR,,2,SEA,0,0,0,0,0,0,0,0,0,0,0,0,,0,,,0,0,0,0,0,0,,0,9,19,111,0,0,0,141,41,5,-7.59439655256126,0,0.787234042553192,0.234567901234568,0.224165341812401,0.508767591120532,0,11.1,20.1
2010,POST,00-0024466,,Marques Colston,WR,WR,"https://static.www.nfl.com/image/private/f_auto,q_auto/league/hnnuo9nfwzwlakr2srdq",1,NO,0,0,0,0,0,0,0,0,0,0,0,0,,0,,,0,0,0,0,0,0,,0,4,8,66,0,0,0,96,25,4,3.99806830275338,0,0.6875,0.140350877192982,0.237623762376238,0.37686294945284,0,6.6,10.6
2010,POST,00-0024535,E.Weems,Eric Weems,WR,WR,"https://static.www.nfl.com/image/private/f_auto,q_auto/league/kptsfekcpfukewtim9kz",1,ATL,0,0,0,0,0,0,0,0,0,0,0,0,,0,,,0,0,0,0,0,0,,0,0,0,0,0,0,0,0,0,0,,0,,,,,1,6.0,6.0
2010,POST,00-0025399,M.Lynch,Marshawn Lynch,RB,RB,"https://static.www.nfl.com/image/private/f_auto,q_auto/league/ddhpebfqtr9yxsnbx9ht",2,SEA,0,0,0,0,0,0,0,0,0,0,0,0,,0,,,23,133,1,0,0,3,-0.0145614405917813,0,0,1,0,0,0,0,-3,0,0,-0.470085414825007,0,0.0,0.0285714285714286,-0.0119047619047619,0.0345238095238095,0,19.3,19.3
2010,POST,00-0025414,,Robert Meachem,WR,WR,,1,NO,0,0,0,0,0,0,0,0,0,0,0,0,,0,,,0,0,0,0,0,0,,0,3,3,29,0,0,0,26,3,2,2.2230937636341,0,1.11538461538462,0.0526315789473684,0.0643564356435644,0.123996873371548,0,2.9,5.9
2010,POST,00-0025418,G.Olsen,Greg Olsen,TE,TE,"https://static.www.nfl.com/image/private/f_auto,q_auto/league/jevf1bubmrv2vvmiwq3r",2,CHI,0,0,0,0,0,0,0,0,0,0,0,0,,0,,,0,0,0,0,0,0,,0,6,14,143,1,0,0,157,61,5,5.94908561842749,0,0.910828025477707,0.212121212121212,0.255700325732899,0.497172046194848,0,20.3,26.3
2010,POST,00-0025450,,Brandon Jackson,RB,RB,,4,GB,0,0,0,0,0,0,0,0,0,0,0,0,,0,,,6,28,0,0,0,2,-0.236425216193311,0,5,8,64,1,0,0,2,62,3,4.54830820109429,0,32.0,0.0606060606060606,0.0016792611251049,0.0920845736966644,0,15.2,20.2
2010,POST,00-0025464,,Matt Spaeth,TE,TE,"https://static.www.nfl.com/image/private/f_auto,q_auto/league/wywcnns8be7rzlrwnjwh",2,PIT,0,0,0,0,0,0,0,0,0,0,0,0,,0,,,0,0,0,0,0,0,,0,1,2,9,0,0,0,15,3,0,0.372988308314234,0,0.6,0.0344827586206897,0.0251256281407035,0.0693120776295269,0,0.9,1.9
2010,POST,00-0025465,,James Jones,WR,WR,,4,GB,0,0,0,0,0,0,0,0,0,0,0,0,,0,,,0,0,0,0,0,0,,0,11,13,144,2,0,0,157,36,7,13.5001392036211,0,0.917197452229299,0.0984848484848485,0.131821998320739,0.24000267155179,0,26.4,37.4
2010,POST,00-0025524,,Le'Ron McClain,FB,RB,,1,BAL,0,0,0,0,0,0,0,0,0,0,0,0,,0,,,1,1,0,0,0,0,-0.329100335831754,0,0,0,0,0,0,0,0,0,0,,0,,,,,0,0.1,0.1
2010,POST,00-0025549,B.Celek,Brent Celek,TE,TE,"https://static.www.nfl.com/image/private/f_auto,q_auto/league/mit6ahic4gkdhy1hkejt",1,PHI,0,0,0,0,0,0,0,0,0,0,0,0,,0,,,0,0,0,0,0,0,,0,2,4,25,0,0,0,58,9,1,2.28485907564755,0,0.431034482758621,0.114285714285714,0.176829268292683,0.29520905923345,0,2.5,4.5
2010,POST,00-0025578,,Korey Hall,RB,RB,,1,GB,0,0,0,0,0,0,0,0,0,0,0,0,,0,,,0,0,0,0,0,0,,0,1,1,2,0,0,0,2,0,0,-0.19507695757784,0,1.0,0.0256410256410256,0.0051020408163265,0.042032967032967,0,0.2,1.2
2010,POST,00-0025631,,Jason Snelling,FB,RB,,1,ATL,0,0,0,0,0,0,0,0,0,0,0,0,,0,,,1,1,0,0,0,0,-0.426202303380705,0,2,2,6,0,0,0,6,0,0,-1.48075912427157,0,1.0,0.0689655172413793,0.022140221402214,0.118946430843619,0,0.7,2.7
2010,POST,00-0025860,,BenJarvus Green-Ellis,RB,RB,,1,NE,0,0,0,0,0,0,0,0,0,0,0,0,,0,,,9,43,0,0,0,2,1.88975959806703,0,2,3,11,0,0,0,3,6,0,-9.11506749910768,0,3.66666666666667,0.0666666666666667,0.0098039215686274,0.106862745098039,0,5.4,7.4
2010,POST,00-0025970,,Caleb Hanie,QB,QB,,1,CHI,13,20,153,1,2,0,0,0,0,151,62,7,-0.974115004995838,0,1.01324503311258,0.0867020629756382,1,3,0,0,0,0,-0.179017848102376,0,0,0,0,0,0,0,0,0,0,,0,,,,,0,6.42,6.42
2010,POST,00-0026008,,Matthew Mulligan,TE,TE,"https://static.www.nfl.com/image/private/f_auto,q_auto/league/okuwvdnxk6weqzz3tglf",1,NYJ,0,0,0,0,0,0,0,0,0,0,0,0,,0,,,0,0,0,0,0,0,,0,0,1,0,0,0,0,0,0,0,-0.500460551586002,0,,0.032258064516129,,,0,0.0,0.0
2010,POST,00-0026019,D.Woodhead,Danny Woodhead,RB,RB,"https://static.www.nfl.com/image/private/f_auto,q_auto/league/gorlqe0etvc8ek5wob7j",1,NE,0,0,0,0,0,0,0,0,0,0,0,0,,0,,,14,46,0,1,0,1,-0.441310988506302,0,6,9,52,0,0,0,-1,60,3,-1.1829537563608,0,-52.0,0.2,-0.0032679738562091,0.297712418300654,0,9.8,15.8
2010,POST,00-0026143,M.Ryan,Matt Ryan,QB,QB,"https://static.www.nfl.com/image/private/f_auto,q_auto/league/s6zam4ekrrnonsck6vak",1,ATL,20,29,186,1,2,5,37,0,0,271,42,9,-7.77439701033291,0,0.686346863468635,0.0550503151562841,1,0,0,1,1,0,-4.81319149280898,0,0,0,0,0,0,0,0,0,0,,0,,,,,0,5.44,5.44
2010,POST,00-0026158,J.Flacco,Joe Flacco,QB,QB,"https://static.www.nfl.com/image/upload/f_auto,q_auto/league/yxvyoeojkif7tnfviamc",2,BAL,41,64,390,3,1,9,51,1,1,398,235,27,2.18940617625933,0,0.979899497487437,0.0684192607933481,9,25,0,2,1,1,-2.70359992497833,0,0,0,0,0,0,0,0,0,0,,0,,,,,0,24.1,24.1
2010,POST,00-0026163,,Rashard Mendenhall,RB,RB,,3,PIT,0,0,0,0,0,0,0,0,0,0,0,0,,0,,,61,230,4,2,2,12,-10.6135147427558,0,4,5,52,0,0,0,-5,55,3,1.41502124891849,0,-10.4,0.0555555555555556,-0.0052910052910052,0.0796296296296296,0,48.2,52.2
2010,POST,00-0026170,,Dustin Keller,TE,TE,,3,NYJ,0,0,0,0,0,0,0,0,0,0,0,0,,0,,,0,0,0,0,0,0,,0,14,24,121,0,0,0,208,47,6,-0.265325547021348,0,0.581730769230769,0.269662921348315,0.257425742574257,0.584692401824452,0,12.1,26.1
2010,POST,00-0026176,J.Nelson,Jordy Nelson,WR,WR,"https://static.www.nfl.com/image/private/f_auto,q_auto/league/bde2n4ozsakatgs4yyp2",4,GB,0,0,0,0,0,0,0,0,0,0,0,0,,0,,,0,0,0,0,0,0,,0,21,29,286,2,0,0,338,77,14,23.3708796362515,0,0.846153846153846,0.21969696969697,0.283795130142737,0.528202045645371,0,40.6,61.6
2010,POST,00-0026178,,John Carlson,TE,TE,,2,SEA,0,0,0,0,0,0,0,0,0,0,0,0,,0,,,0,0,0,0,0,0,,0,4,4,31,2,0,0,9,22,3,4.03191574994708,0,3.44444444444444,0.0493827160493827,0.0357142857142857,0.0990740740740741,0,15.1,19.1
2010,POST,00-0026184,M.Forte,Matt Forte,RB,RB,"https://static.www.nfl.com/image/private/f_auto,q_auto/league/olqssssjykcx7tx7xsy3",2,CHI,0,1,0,0,1,0,0,0,0,13,0,0,-5.51885838876478,0,0.0,,42,150,0,0,0,5,-6.07645404050709,0,13,18,144,0,0,0,61,103,8,-1.54721636878094,0,2.36065573770492,0.272727272727273,0.0993485342019544,0.478634883032277,0,27.4,40.4
2010,POST,00-0026189,D.Jackson,DeSean Jackson,WR,WR,"https://static.www.nfl.com/image/private/f_auto,q_auto/league/pr5m864fqvnoozihylrh",1,PHI,0,0,0,0,0,0,0,0,0,0,0,0,,0,,,0,0,0,0,0,0,,0,2,4,47,0,0,0,52,41,2,1.21105035109213,0,0.903846153846154,0.114285714285714,0.158536585365854,0.282404181184669,0,4.7,6.7
2010,POST,00-0026195,,Ray Rice,RB,RB,,2,BAL,0,0,0,0,0,0,0,0,0,0,0,0,,0,,,29,89,1,0,0,3,-4.27468928246526,0,12,14,74,1,1,1,-8,81,4,3.71514375559498,0,-9.25,0.21875,-0.0201005025125628,0.314054648241206,0,26.3,38.3
2010,POST,00-0026210,,Earl Bennett,WR,WR,,2,CHI,0,0,0,0,0,0,0,0,0,0,0,0,,0,,,2,7,0,0,0,0,-0.161660575657152,0,4,9,58,1,0,0,94,23,2,-1.00212549982825,0,0.617021276595745,0.136363636363636,0.153094462540717,0.311711578323956,0,12.5,16.5
2010,POST,00-0026213,J.Charles,Jamaal Charles,RB,RB,"https://static.www.nfl.com/image/private/f_auto,q_auto/league/mdrlzgankwwjldxllgcx",1,KC,0,0,0,0,0,0,0,0,0,0,0,0,,0,,,9,82,1,1,1,4,-3.25887916248757,0,1,2,15,0,0,0,9,8,1,1.55290855513886,0,1.66666666666667,0.125,0.0569620253164557,0.227373417721519,0,13.7,14.7
2010,POST,00-0026224,H.Douglas,Harry Douglas,WR,WR,"https://static.www.nfl.com/image/private/f_auto,q_auto/league/hblmz1iaov5vqx7cd9cv",1,ATL,0,0,0,0,0,0,0,0,0,0,0,0,,0,,,0,0,0,0,0,0,,0,1,1,2,0,0,0,2,0,0,-0.134176648629364,0,1.0,0.0344827586206897,0.007380073800738,0.0568901895915511,0,0.2,1.2
2010,POST,00-0026267,,Jacob Tamme,TE,TE,"https://static.www.nfl.com/image/private/f_auto,q_auto/league/kfyqh9qmtwufzixwuoo2",1,IND,0,0,0,0,0,0,0,0,0,0,0,0,,0,,,0,0,0,0,0,0,,0,5,8,46,0,0,0,43,25,4,1.46718343067914,0,1.06976744186047,0.307692307692308,0.195454545454545,0.598356643356643,0,4.6,9.6
2010,POST,00-0026298,,Kellen Davis,TE,TE,"https://static.www.nfl.com/image/private/f_auto,q_auto/league/bftuje5hq6fnlmpc0uhy",2,CHI,0,0,0,0,0,0,0,0,0,0,0,0,,0,,,0,0,0,0,0,0,,0,2,3,42,1,0,0,44,18,1,3.62152206007158,0,0.954545454545455,0.0454545454545455,0.0716612377850163,0.11834468463133,0,10.2,12.2
2010,POST,00-0026316,,Jalen Parmele,RB,RB,,1,BAL,0,0,0,0,0,0,0,0,0,0,0,0,,0,,,4,13,0,0,0,1,-1.11549343634397,0,0,0,0,0,0,0,0,0,0,,0,,,,,0,1.3,1.3
2010,POST,00-0026345,P.Garcon,Pierre Garcon,WR,WR,"https://static.www.nfl.com/image/private/f_auto,q_auto/league/xwjogot7xrfj9qwhsgtn",1,IND,0,0,0,0,0,0,0,0,0,0,0,0,,0,,,0,0,0,0,0,0,,0,5,7,112,1,0,0,124,52,3,9.7039246436907,0,0.903225806451613,0.269230769230769,0.563636363636364,0.798391608391608,0,17.2,22.2
2010,POST,00-0026349,,Matt Flynn,QB,QB,"https://static.www.nfl.com/image/private/f_auto,q_auto/league/goh8anyqhyvmkfmfbejp",1,GB,0,0,0,0,0,0,0,0,0,0,0,0,,0,,,1,-1,0,0,0,0,0.0,0,0,0,0,0,0,0,0,0,0,,0,,,,,0,-0.1,-0.1
2010,POST,00-0026357,,Brett Swain,WR,WR,,1,GB,0,0,0,0,0,0,0,0,0,0,0,0,,0,,,0,0,0,0,0,0,,0,0,2,0,0,0,0,32,0,0,-3.13037020224147,0,0.0,0.0512820512820513,0.0816326530612245,0.134065934065934,0,0.0,0.0
2010,POST,00-0026373,,Justin Forsett,RB,RB,"https://static.www.nfl.com/image/private/f_auto,q_auto/league/o86dvbcs8dcubcpj6fnu",2,SEA,0,0,0,0,0,0,0,0,0,0,0,0,,0,,,8,29,0,0,0,1,-0.77531902451301,0,5,8,37,0,0,0,5,28,1,-0.540245457843412,0,7.4,0.0987654320987654,0.0079491255961844,0.153712536065477,0,6.6,11.6
2010,POST,00-0026566,,Isaac Redman,RB,RB,,3,PIT,0,0,0,0,0,0,0,0,0,0,0,0,,0,,,7,50,0,0,0,4,2.35006260528462,0,0,0,0,0,0,0,0,0,0,,0,,,,,0,5.0,5.0
2010,POST,00-0026878,,Tom Crabtree,TE,TE,,3,GB,0,0,0,0,0,0,0,0,0,0,0,0,,0,,,0,0,0,0,0,0,,0,2,3,8,1,0,0,5,3,1,-0.0398864584276453,0,1.6,0.03125,0.0081566068515497,0.0525846247960848,0,6.8,8.8
2010,POST,00-0026898,M.Sanchez,Mark Sanchez,QB,QB,"https://static.www.nfl.com/image/private/f_auto,q_auto/league/e12qugcuc1cpgkf0crfn",3,NYJ,54,89,616,5,1,3,19,1,1,808,277,32,15.5837832787071,0,0.762376237623762,0.116852403567978,5,11,0,1,0,1,-1.98232358810492,0,0,0,0,0,0,0,0,0,0,,0,,,,,0,41.74,41.74
2010,POST,00-0026899,,Shonn Greene,RB,RB,,3,NYJ,0,0,0,0,0,0,0,0,0,0,0,0,,0,,,45,198,1,0,0,9,3.23157417512266,0,1,1,9,0,0,0,2,7,0,0.70626776618883,0,4.5,0.04,0.0103626943005181,0.0672538860103627,0,26.7,27.7
2010,POST,00-0026901,M.Wallace,Mike Wallace,WR,WR,"https://static.www.nfl.com/image/private/f_auto,q_auto/league/dy9z5wbsitf6l9psjq4y",3,PIT,0,0,0,0,0,0,0,0,0,0,0,0,,0,,,2,-2,0,0,0,0,-2.1837690990069,0,13,26,115,1,0,0,314,63,5,-10.8122379169047,0,0.366242038216561,0.288888888888889,0.332275132275132,0.665925925925926,0,17.3,30.3
2010,POST,00-0026913,,Johnny Knox,WR,WR,,2,CHI,0,0,0,0,0,0,0,0,0,0,0,0,,0,,,0,0,0,0,0,0,,0,6,13,104,0,1,0,174,31,4,-0.984928857767954,0,0.597701149425287,0.196969696969697,0.283387622149837,0.493825880959432,0,10.4,16.4
2010,POST,00-0026963,,Cameron Morrah,TE,TE,,2,SEA,0,0,0,0,0,0,0,0,0,0,0,0,,0,,,0,0,0,0,0,0,,0,4,6,64,0,0,0,64,23,2,2.9414775124751,0,1.0,0.0740740740740741,0.101748807631161,0.182335276452924,0,6.4,10.4
2010,POST,00-0026995,J.Maclin,Jeremy Maclin,WR,WR,"https://static.www.nfl.com/image/private/f_auto,q_auto/league/tvlsuugnbn0idb0tbtgw",1,PHI,0,0,0,0,0,0,0,0,0,0,0,0,,0,,,0,0,0,0,0,0,,0,3,7,73,0,0,0,94,39,3,2.38020625757054,0,0.776595744680851,0.2,0.286585365853659,0.500609756097561,0,7.3,10.3
2010,POST,00-0027010,P.Chung,Patrick Chung,SS,DB,"https://static.www.nfl.com/image/private/f_auto,q_auto/league/a47ekoy2j1fb1jd3qqo4",1,NE,0,0,0,0,0,0,0,0,0,0,0,0,,0,,,1,0,0,1,0,0,-2.45624653430423,0,0,0,0,0,0,0,0,0,0,,0,,,,,0,0.0,0.0
2010,POST,00-0027029,L.McCoy,LeSean McCoy,RB,RB,"https://static.www.nfl.com/image/private/f_auto,q_auto/league/cpc1a2dgivdyevuncz7p",1,PHI,0,0,0,0,0,0,0,0,0,0,0,0,,0,,,12,46,0,0,0,1,-1.79712331387519,0,4,7,36,0,1,0,-13,40,2,0.0714233621256426,0,-2.76923076923077,0.2,-0.0396341463414634,0.272256097560976,0,8.2,12.2
2010,POST,00-0027057,B.Tate,Brandon Tate,WR,WR,"https://static.www.nfl.com/image/private/f_auto,q_auto/league/uzpf58ijo44jfqakwv83",1,NE,0,0,0,0,0,0,0,0,0,0,0,0,,0,,,1,11,0,0,0,1,0.817683252738789,0,0,1,0,0,0,0,52,0,0,-0.482442940585315,0,0.0,0.0222222222222222,0.169934640522876,0.152287581699346,0,1.1,1.1
2010,POST,00-0027098,,Gartrell Johnson,RB,RB,,1,ATL,0,0,0,0,0,0,0,0,0,0,0,0,,0,,,1,4,0,0,0,0,-0.239738494507037,0,0,0,0,0,0,0,0,0,0,,0,,,,,0,0.4,0.4
2010,POST,00-0027106,,Quinn Johnson,FB,RB,,1,GB,0,0,0,0,0,0,0,0,0,0,0,0,,0,,,0,0,0,0,0,0,,0,1,1,4,0,0,0,-1,5,1,0.825153967132792,0,-4.0,0.037037037037037,-0.004524886877828,0.0523881347410759,0,0.4,1.4
2010,POST,00-0027150,J.Edelman,Julian Edelman,WR,WR,"https://static.www.nfl.com/image/private/f_auto,q_auto/league/u0hbuo2bsvtlg7lnxm43",1,NE,0,0,0,0,0,0,0,0,0,0,0,0,,0,,,1,11,0,0,0,1,1.47831846494228,0,1,1,12,0,0,0,-5,17,1,0.761139469686896,0,0.0,0.0222222222222222,-0.0163398692810458,0.0218954248366013,0,2.3,3.3
2010,POST,00-0027429,,Verran Tucker,WR,WR,,1,KC,0,0,0,0,0,0,0,0,0,0,0,0,,0,,,0,0,0,0,0,0,,0,1,3,5,0,0,0,63,3,0,-1.56181706557982,0,0.0793650793650794,0.1875,0.39873417721519,0.560363924050633,0,0.5,1.5
2010,POST,00-0027477,,Blair White,WR,WR,,1,IND,0,0,0,0,0,0,0,0,0,0,0,0,,0,,,0,0,0,0,0,0,,0,6,8,54,0,0,0,46,27,3,-0.36080956931285,0,1.17391304347826,0.307692307692308,0.209090909090909,0.607902097902098,0,5.4,11.4
2010,POST,00-0027651,,Dexter McCluster,WR,WR,"https://static.www.nfl.com/image/private/f_auto,q_auto/league/vawlifwslfzekg0e35ig",1,KC,0,0,0,0,0,0,0,0,0,0,0,0,,0,,,2,5,0,0,0,0,-0.686753368703648,0,4,4,17,0,1,1,3,14,0,-4.52085103886202,0,5.66666666666667,0.25,0.0189873417721519,0.388291139240506,0,0.2,4.2
2010,POST,00-0027656,R.Gronkowski,Rob Gronkowski,TE,TE,"https://static.www.nfl.com/image/private/f_auto,q_auto/league/svpo7chliiymc0r7hegp",1,NE,0,0,0,0,0,0,0,0,0,0,0,0,,0,,,0,0,0,0,0,0,,0,4,6,65,0,0,0,37,41,3,2.36928071721923,0,1.75675675675676,0.133333333333333,0.120915032679739,0.284640522875817,0,6.5,10.5
2010,POST,00-0027675,E.Dickson,Ed Dickson,TE,TE,"https://static.www.nfl.com/image/private/f_auto,q_auto/league/qtxat8xwaclkqfkj5lrq",1,BAL,0,0,0,0,0,0,0,0,0,0,0,0,,0,,,0,0,0,0,0,0,,0,1,1,2,0,0,0,1,1,0,-0.500519619323313,0,2.0,0.0294117647058824,0.005181347150259,0.0477445900640049,0,0.2,1.2
2010,POST,00-0027685,E.Sanders,Emmanuel Sanders,WR,WR,"https://static.www.nfl.com/image/private/f_auto,q_auto/league/potkibjtm855tsawozs0",3,PIT,0,0,0,0,0,0,0,0,0,0,0,0,,0,,,0,0,0,0,0,0,,0,7,13,91,0,0,0,172,23,6,1.23286764294394,0,0.529069767441861,0.144444444444444,0.182010582010582,0.344074074074074,0,9.1,16.1
2010,POST,00-0027695,,Tony Moeaki,TE,TE,,1,KC,0,0,0,0,0,0,0,0,0,0,0,0,,0,,,0,0,0,0,0,0,,0,1,4,22,0,0,0,60,10,1,-0.624545029248111,0,0.366666666666667,0.25,0.379746835443038,0.640822784810127,0,2.2,3.2
2010,POST,00-0027712,,Joe McKnight,RB,RB,,1,NYJ,0,0,0,0,0,0,0,0,0,0,0,0,,0,,,1,2,0,0,0,0,-0.314810952870175,0,0,0,0,0,0,0,0,0,0,,0,,,,,0,0.2,0.2
2010,POST,00-0027713,,Aaron Hernandez,TE,TE,,1,NE,0,0,0,0,0,0,0,0,0,0,0,0,,0,,,0,0,0,0,0,0,,0,1,1,4,0,0,0,3,1,0,-0.56656133569777,0,1.33333333333333,0.0222222222222222,0.0098039215686274,0.0401960784313726,0,0.4,1.4
2010,POST,00-0027753,,Andrew Quarless,TE,TE,,4,GB,0,0,0,0,0,0,0,0,0,0,0,0,,0,,,0,0,0,0,0,0,,0,5,10,46,0,0,0,59,21,2,-1.86969468195457,0,0.779661016949153,0.0757575757575758,0.0495382031905961,0.148313105869781,0,4.6,9.6
2010,POST,00-0027758,,Riley Cooper,WR,WR,"https://static.www.nfl.com/image/private/f_auto,q_auto/league/vpongpty2wm06bsmm7hb",1,PHI,0,0,0,0,0,0,0,0,0,0,0,0,,0,,,0,0,0,0,0,0,,0,2,4,18,0,0,0,45,3,1,-3.10556553818421,0,0.4,0.114285714285714,0.13719512195122,0.267465156794425,0,1.8,3.8
2010,POST,00-0027791,,James Starks,RB,RB,"https://static.www.nfl.com/image/private/f_auto,q_auto/league/ohxqulg4xjfmbbkkltqj",4,GB,0,0,0,0,0,0,0,0,0,0,0,0,,0,,,81,315,1,0,0,16,-7.31327516187884,0,3,4,15,0,0,0,-6,21,2,0.0400314906146377,0,-2.5,0.0416666666666667,-0.0107719928186715,0.05495960502693,0,39.0,42.0
2010,POST,00-0027793,A.Brown,Antonio Brown,WR,WR,"https://static.www.nfl.com/image/private/f_auto,q_auto/league/ecxsx9t7bfg42bgfwj3v",3,PIT,0,0,0,0,0,0,0,0,0,0,0,0,,0,,,0,0,0,0,0,0,,0,5,8,90,0,0,0,95,23,2,2.72361169065698,0,0.947368421052632,0.0888888888888889,0.100529100529101,0.203703703703704,0,9.0,14.0
2010,POST,00-0027891,G.Tate,Golden Tate,WR,WR,"https://static.www.nfl.com/image/private/f_auto,q_auto/league/yfqebrp2o9t1gt1wqjku",2,SEA,0,0,0,0,0,0,0,0,0,0,0,0,,0,,,1,13,0,0,0,1,0.964921273291111,0,1,3,5,0,0,0,39,7,0,-1.72878695483586,0,0.128205128205128,0.037037037037037,0.0620031796502385,0.0989577813107225,0,1.8,2.8
2010,REG+POST,00-0000865,,Charlie Batch,QB,QB,,3,PIT,29,49,352,3,3,4,21,0,0,538,125,13,-2.54335145989538,0,0.654275092936803,0.0603040079648337,7,30,0,1,0,2,1.6907360192854,0,0,0,0,0,0,0,0,0,0,,0,,,,,0,23.08,23.08
2010,REG+POST,00-0001231,,Josh Bidwell,P,SPEC,,1,WAS,0,0,0,0,0,0,0,0,0,0,0,0,,0,,,1,0,0,1,0,0,-3.11836486024549,0,0,0,0,0,0,0,0,0,0,,0,,,,,0,0.0,0.0
2010,REG+POST,00-0001545,,Todd Bouman,QB,QB,,1,JAX,18,34,222,2,2,1,6,0,0,250,121,12,-5.14503642856975,0,0.888,0.0791658091992285,2,8,0,0,0,1,2.37748946878128,0,0,0,0,0,0,0,0,0,0,,0,,,,,0,13.68,13.68
2010,REG+POST,00-0002110,,Mark Brunell,QB,QB,,2,NYJ,7,13,117,2,1,1,7,0,0,159,23,7,-0.758827396843117,0,0.735849056603774,0.124621558002008,0,0,0,0,0,0,,0,0,0,0,0,0,0,0,0,0,,0,,,,,0,10.68,10.68
2010,REG+POST,00-0003035,,Desmond Clark,TE,TE,,1,CHI,0,0,0,0,0,0,0,0,0,0,0,0,,0,,,0,0,0,0,0,0,,0,1,2,12,0,0,0,8,5,1,-2.57229390204884,0,1.5,0.0740740740740741,0.0313725490196078,0.133071895424837,0,1.2,2.2
2010,REG+POST,00-0003292,,Kerry Collins,QB,QB,,10,TEN,160,278,1823,14,8,13,91,3,2,2723,537,90,24.5201727033933,1,0.669482188762394,0.0847103814037868,10,1,0,2,1,1,-9.3301723554905,0,0,0,0,0,0,0,0,0,0,,0,,,,,0,109.02,109.02
2010,REG+POST,00-0003315,,Todd Collins,QB,QB,,3,CHI,10,31,68,0,5,2,15,0,0,231,43,2,-29.5631218771476,0,0.294372294372294,-0.0692015757587891,0,0,0,0,0,0,,0,0,0,0,0,0,0,0,0,0,,0,,,,,0,-7.28,-7.28
2010,REG+POST,00-0004161,,Jake Delhomme,QB,QB,,5,CLE,93,149,872,2,7,6,49,2,1,1119,374,36,-42.7735137395201,0,0.779267202859696,0.0358769906826871,8,-2,0,1,0,1,-6.97238239290769,0,0,0,0,0,0,0,0,0,0,,0,,,,,0,26.68,26.68
2010,REG+POST,00-0004541,,Donald Driver,WR,WR,,19,GB,0,0,0,0,0,0,0,0,0,0,0,0,,0,,,0,0,0,0,0,0,,0,65,105,734,4,1,1,1001,224,37,7.33897374909438,0,0.733266733266733,0.167464114832536,0.170411985018727,0.370484561761912,0,95.4,160.4
2010,REG+POST,00-0005091,,Kevin Faulk,RB,RB,,2,NE,0,0,0,0,0,0,0,0,0,0,0,0,,0,,,8,45,0,0,0,1,0.463954844104592,0,6,10,62,0,0,0,46,34,2,-0.188449116325422,0,1.34782608695652,0.142857142857143,0.0741935483870968,0.266221198156682,0,10.7,16.7
2010,REG+POST,00-0005106,,Brett Favre,QB,QB,,13,MIN,217,358,2509,11,19,22,139,3,2,3086,1229,114,-44.3636836782817,0,0.813026571613739,0.0187107931587163,17,8,0,4,3,1,-23.2752921705833,0,0,0,0,0,0,0,0,0,0,,0,,,,,0,97.16,97.16
2010,REG+POST,00-0005231,,Brian Finneran,WR,WR,,13,ATL,0,0,0,0,0,0,0,0,0,0,0,0,,0,,,0,0,0,0,0,0,,0,23,38,213,3,0,0,341,64,13,13.2536747306354,0,0.624633431085044,0.0810234541577825,0.0874358974358975,0.182740309441802,0,39.3,62.3
2010,REG+POST,00-0005720,,Joey Galloway,WR,WR,,10,WAS,0,0,0,0,0,0,0,0,0,0,0,0,,0,,,0,0,0,0,0,0,,0,12,38,173,0,0,0,646,18,9,-15.0191750474687,0,0.267801857585139,0.105849582172702,0.19112426035503,0.292561355507574,0,17.3,29.3
2010,REG+POST,00-0006101,,Tony Gonzalez,TE,TE,,17,ATL,0,0,0,0,0,0,0,0,0,0,0,0,,0,,,0,0,0,0,0,0,,0,71,109,663,6,0,0,851,190,39,24.8182423608038,0,0.779083431257344,0.181063122923588,0.168148587235724,0.389298695450389,0,102.3,173.3
2010,REG+POST,00-0007091,,Matt Hasselbeck,QB,QB,"https://static.www.nfl.com/image/private/f_auto,q_auto/league/t1nf9avoy2kauqwrvzza",16,SEA,314,525,3528,19,18,32,196,6,5,4499,1455,163,-6.89134289240445,0,0.784174260946877,0.0470298516837971,25,59,3,2,0,8,-1.14077885515064,0,0,0,0,0,0,0,0,0,0,,0,,,,,0,195.02,195.02
2010,REG+POST,00-0009119,,Reggie Kelly,TE,TE,,6,CIN,0,0,0,0,0,0,0,0,0,0,0,0,,0,,,0,0,0,0,0,0,,0,10,13,42,0,0,0,10,31,0,-4.30575530929491,0,4.2,0.0610328638497653,0.0066666666666666,0.0962159624413145,0,4.2,14.2
2010,REG+POST,00-0009311,,Jon Kitna,QB,QB,,10,DAL,209,318,2365,16,12,21,100,4,1,2140,1345,117,24.0672004745269,2,1.10514018691589,0.107012313785549,31,147,1,2,0,6,-0.0193308267776153,0,0,0,0,0,0,0,0,0,0,,0,,,,,0,157.3,157.3
2010,REG+POST,00-0009323,,Jimmy Kleinsasser,TE,TE,,14,MIN,0,0,0,0,0,0,0,0,0,0,0,0,,0,,,0,0,0,0,0,0,,0,17,21,148,0,0,0,84,78,6,-0.107710206796738,0,1.76190476190476,0.0475113122171946,0.02237017310253,0.0869260894975628,0,14.8,31.8
2010,REG+POST,00-0010346,,Peyton Manning,QB,QB,"https://static.www.nfl.com/image/private/f_auto,q_auto/league/xpcd6auodk3w0vda6jal",17,IND,468,705,4925,34,17,17,97,2,1,6115,2007,264,139.526516378467,0,0.80539656582175,0.153548537585489,18,18,0,1,0,2,-0.920996746921446,0,0,0,0,0,0,0,0,0,0,,0,,,,,0,298.8,298.8
2010,REG+POST,00-0010500,,Derrick Mason,WR,WR,,18,BAL,0,0,0,0,0,0,0,0,0,0,0,0,,0,,,0,0,0,0,0,0,,0,62,107,813,7,0,0,1413,129,45,39.8990396077991,0,0.575371549893843,0.192792792792793,0.292364990689013,0.493844682671498,0,123.3,185.3
2010,REG+POST,00-0011022,,Donovan McNabb,QB,QB,,13,WAS,275,472,3377,14,15,37,271,7,0,4084,1592,152,-7.47603937656683,0,0.826885406464251,0.0343680352046645,29,151,0,3,1,8,-2.54554281665372,0,0,0,0,0,0,0,0,0,0,,0,,,,,0,174.18,174.18
2010,REG+POST,00-0011626,,Brian Moorman,P,SPEC,,1,BUF,0,0,0,0,0,0,0,0,0,0,0,0,,0,,,1,1,0,0,0,0,-2.26205188874155,0,0,0,0,0,0,0,0,0,0,,0,,,,,0,0.1,0.1
2010,REG+POST,00-0011754,,Randy Moss,WR,WR,,13,TEN,0,0,0,0,0,0,0,0,0,0,0,0,,0,,,0,0,0,0,0,0,,0,28,63,393,5,0,0,1084,63,20,7.99131851753443,0,0.362546125461255,0.156716417910448,0.286924298570672,0.435921635865142,0,69.3,97.3
2010,REG+POST,00-0012478,,Terrell Owens,WR,WR,,13,CIN,0,0,0,0,0,0,0,0,0,0,0,0,,0,,,0,0,0,0,0,0,,0,72,139,983,9,0,0,1769,333,47,-14.3677895104767,0,0.55568117580554,0.278557114228457,0.419194312796209,0.711271690300031,0,152.3,224.3
2010,REG+POST,00-0013694,,Tony Richardson,FB,RB,,5,NYJ,0,0,0,0,0,0,0,0,0,0,0,0,,0,,,5,13,0,0,0,3,1.35346452321392,0,5,5,31,0,0,0,4,27,1,0.0374786770553328,0,7.75,0.0490196078431373,0.0079365079365079,0.0790849673202614,0,4.4,9.4
2010,REG+POST,00-0014655,,Mike Sellers,TE,TE,,15,WAS,0,0,0,0,0,0,0,0,0,0,0,0,,0,,,4,2,0,0,0,1,-1.93637384776957,0,20,40,224,0,0,0,171,148,9,-8.39799301419407,1,1.30994152046784,0.071301247771836,0.0357665760301192,0.131988474878837,0,24.6,44.6
2010,REG+POST,00-0015754,,Brandon Stokley,WR,WR,,13,SEA,0,0,0,0,0,0,0,0,0,0,0,0,,0,,,0,0,0,0,0,0,,0,43,58,512,2,0,0,543,128,31,22.994044095036,0,0.942909760589319,0.127472527472527,0.137887252412392,0.287729867897466,0,63.2,106.2
2010,REG+POST,00-0016098,,Fred Taylor,RB,RB,,7,NE,0,0,0,0,0,0,0,0,0,0,0,0,,0,,,43,155,0,0,0,9,-5.66031741513871,0,2,3,6,0,0,0,4,5,0,-1.41719819535501,0,1.5,0.0483870967741936,0.0083160083160083,0.0784018509824961,0,16.1,18.1
2010,REG+POST,00-0016689,,Matt Turk,P,SPEC,,1,HOU,0,0,0,0,0,0,0,0,0,0,0,0,,0,,,1,-27,0,0,0,0,0.0362999209319241,0,0,0,0,0,0,0,0,0,0,,0,,,,,0,-2.7,-2.7
2010,REG+POST,00-0016960,,Mike Vrabel,OLB,LB,,2,KC,0,0,0,0,0,0,0,0,0,0,0,0,,0,,,0,0,0,0,0,0,,0,1,2,2,1,0,0,3,0,1,2.67092055597459,0,0.666666666666667,0.0377358490566038,0.0084507042253521,0.0625192665426521,0,6.2,7.2
2010,REG+POST,00-0017162,,Hines Ward,WR,WR,,19,PIT,0,0,0,0,0,0,0,0,0,0,0,0,,0,,,1,-2,0,0,0,0,-0.914402685128152,0,71,110,872,7,1,1,1024,270,42,50.9641132362781,0,0.8515625,0.197132616487455,0.188964753644584,0.427974252282391,0,127.0,198.0
2010,REG+POST,00-0017915,,Ricky Williams,RB,RB,,16,MIA,0,0,0,0,0,0,0,0,0,0,0,0,,0,,,159,673,2,4,2,26,-14.5907873073407,0,19,30,141,1,0,0,54,110,6,-5.83267769959639,0,2.61111111111111,0.0596421471172962,0.0168067226890756,0.101227926558297,0,95.4,114.4
2010,REG+POST,00-0019041,,Billy Volek,QB,QB,,3,LAC,1,1,8,0,0,0,0,0,0,8,0,1,1.01380697730929,0,1.0,,6,-5,0,0,0,0,-2.31938938447274,0,0,0,0,0,0,0,0,0,0,,0,,,,,0,-0.18,-0.18
2010,REG+POST,00-0019484,,Sammy Morris,RB,RB,,15,NE,0,0,0,0,0,0,0,0,0,0,0,0,,0,,,20,56,0,0,0,6,-0.968513803032693,1,7,12,77,0,0,0,31,68,4,1.8875181371867,0,2.48387096774194,0.0466926070038911,0.0165157165689931,0.0815999121041317,0,15.3,22.3
2010,REG+POST,00-0019559,,Chad Pennington,QB,QB,,1,MIA,1,2,19,0,0,0,0,0,0,9,13,1,0.921495056245476,0,2.11111111111111,,0,0,0,0,0,0,,0,0,0,0,0,0,0,0,0,0,,0,,,,,0,0.76,0.76
2010,REG+POST,00-0019596,T.Brady,Tom Brady,QB,QB,"https://static.www.nfl.com/image/private/f_auto,q_auto/league/q7dpdlxyu5rs05rgh1le",17,NE,353,537,4199,38,5,30,215,3,1,4178,2057,208,143.628326319341,0,1.00502632838679,0.155684987501599,33,32,1,1,0,11,2.33403449656907,0,0,0,0,0,0,0,0,0,0,,0,,,,,0,317.16,317.16
2010,REG+POST,00-0019641,,Thomas Jones,RB,RB,,17,KC,0,0,0,0,0,0,0,0,0,0,0,0,,0,,,250,911,6,3,1,41,-35.2810210368085,0,15,21,130,0,0,0,36,120,8,2.95807980160212,0,3.61111111111111,0.0593220338983051,0.0124352331606218,0.0976877140598929,0,138.1,153.1
2010,REG+POST,00-0019709,,Chris Redman,QB,QB,,1,ATL,4,6,20,0,0,0,0,0,0,9,15,1,-3.05480880697724,0,2.22222222222222,0.0037887582996153,1,-1,0,0,0,0,-1.47241393680451,0,0,0,0,0,0,0,0,0,0,,0,,,,,0,0.7,0.7
2010,REG+POST,00-0019770,,Jay Feely,K,SPEC,,1,ARI,0,0,0,0,0,0,0,0,0,0,0,0,,0,,,1,5,1,0,0,1,4.07486231304938,0,0,0,0,0,0,0,0,0,0,,0,,,,,0,6.5,6.5
2010,REG+POST,00-0019863,,Dominic Rhodes,RB,RB,,4,IND,0,0,0,0,0,0,0,0,0,0,0,0,,0,,,51,205,0,1,1,11,-13.1237338886359,0,2,5,16,0,0,0,28,9,1,-2.43617763603013,0,0.571428571428571,0.0526315789473684,0.0345252774352651,0.103115062625738,0,20.1,22.1
2010,REG+POST,00-0019921,,Jason Baker,P,SPEC,,1,CAR,0,0,0,0,0,0,0,0,0,0,0,0,,0,,,1,0,0,0,0,0,-2.5317057298962,0,0,0,0,0,0,0,0,0,0,,0,,,,,0,0.0,0.0
2010,REG+POST,00-0020245,,Mike Vick,QB,QB,"https://static.www.nfl.com/image/private/f_auto,q_auto/league/hrg4riwhpjbijfovsjrk",13,PHI,253,408,3310,22,7,38,232,7,2,3743,1482,143,69.6976971615411,1,0.884317392465936,0.155279216872905,107,708,10,3,1,42,42.3520641375356,0,0,0,0,0,0,0,0,0,0,,0,,,,,0,333.2,333.2
2010,REG+POST,00-0020270,,Correll Buckhalter,RB,RB,,14,DEN,0,0,0,0,0,0,0,0,0,0,0,0,,0,,,59,147,2,1,1,10,-24.0405364069738,0,28,39,240,2,0,0,46,237,9,4.7364256322794,0,5.21739130434783,0.0802469135802469,0.0105070808588397,0.127725326971558,0,60.7,88.7
2010,REG+POST,00-0020285,,Alge Crumpler,TE,TE,,9,NE,0,0,0,0,0,0,0,0,0,0,0,0,,0,,,0,0,0,0,0,0,,0,9,15,91,3,0,0,96,51,6,4.19780508143595,0,0.947916666666667,0.05,0.0393120393120393,0.102518427518428,0,27.1,36.1
2010,REG+POST,00-0020332,,David Martin,TE,TE,,6,BUF,0,0,0,0,0,0,0,0,0,0,0,0,,0,,,0,0,0,0,0,0,,0,7,8,43,1,0,0,28,15,3,1.24325932547799,0,1.53571428571429,0.0434782608695652,0.0246696035242291,0.0824861137713082,0,10.3,17.3
2010,REG+POST,00-0020337,,Steve Smith,WR,WR,"https://static.www.nfl.com/image/private/f_auto,q_auto/league/k23e0b8cto93he9rt0zc",14,CAR,0,0,0,0,0,0,0,0,0,0,0,0,,0,,,1,9,0,0,0,1,1.26660890365019,0,46,99,554,2,2,2,977,217,24,-19.0359283192313,0,0.567041965199591,0.242647058823529,0.333106034776679,0.59714481257897,0,64.3,110.3
2010,REG+POST,00-0020342,,Brandon Manumaleuna,TE,TE,,6,CHI,0,0,0,0,0,0,0,0,0,0,0,0,,0,,,0,0,0,0,0,0,,0,5,7,43,1,0,0,28,24,4,4.10367763711838,0,1.53571428571429,0.0386740331491713,0.0203045685279188,0.0722242476933,0,10.3,15.3
2010,REG+POST,00-0020397,,Chad Johnson,WR,WR,,14,CIN,0,1,0,0,0,0,0,0,0,37,0,0,-0.516189778456464,0,0.0,,0,0,0,0,0,0,,0,67,126,831,4,0,0,1472,189,47,29.8229355890485,0,0.564538043478261,0.241842610364683,0.334545454545455,0.596945733728843,0,107.1,174.1
2010,REG+POST,00-0020438,,T.J. Houshmandzadeh,WR,WR,,18,BAL,0,0,0,0,0,0,0,0,0,0,0,0,,0,,,0,0,0,0,0,0,,0,34,63,464,3,1,0,805,111,23,13.5882442508139,0,0.57639751552795,0.113513513513514,0.166563211255949,0.286864518149434,0,64.4,98.4
2010,REG+POST,00-0020446,,Chris Chambers,WR,WR,,12,KC,0,0,0,0,0,0,0,0,0,0,0,0,,0,,,0,0,0,0,0,0,,0,22,43,213,1,0,0,525,52,13,0.126549824920842,0,0.405714285714286,0.120111731843575,0.175526579739218,0.303036203582816,0,27.3,49.3
2010,REG+POST,00-0020480,,Sage Rosenfels,QB,QB,,1,NYG,0,0,0,0,0,0,0,0,0,0,0,0,,0,,,3,-3,0,0,0,0,-4.94284760393202,0,0,0,0,0,0,0,0,0,0,,0,,,,,0,-0.3,-0.3
2010,REG+POST,00-0020494,,Santana Moss,WR,WR,,16,WAS,0,0,0,0,0,0,0,0,0,0,0,0,,0,,,5,-6,0,0,0,0,-0.117745164083317,0,93,145,1115,6,3,2,1385,477,61,17.7952270479882,0,0.805054151624549,0.243288590604027,0.276833899660204,0.558716615668183,0,142.9,235.9
2010,REG+POST,00-0020498,,Reggie Wayne,WR,WR,,17,IND,0,0,0,0,0,0,0,0,0,0,0,0,,0,,,0,0,0,0,0,0,,0,112,176,1356,6,1,1,1921,414,72,37.5379565690783,0,0.705882352941177,0.249645390070922,0.31414554374489,0.594369965727806,0,169.6,281.6
2010,REG+POST,00-0020507,,Heath Evans,FB,RB,,12,NO,0,0,0,0,0,0,0,0,0,0,0,0,,0,,,2,2,0,0,0,0,-3.03079226383457,0,11,16,64,2,0,0,23,54,6,4.47535951150348,0,2.78260869565217,0.0343347639484979,0.0084776999631404,0.0574365358969451,0,18.6,29.6
2010,REG+POST,00-0020508,,Moran Norris,RB,RB,,7,SF,0,0,0,0,0,0,0,0,0,0,0,0,,0,,,3,0,0,0,0,0,-0.760490299202502,0,4,9,20,0,0,0,14,14,1,-4.84534661110956,0,1.42857142857143,0.0416666666666667,0.0085003035822707,0.0684502125075896,0,2.0,6.0
2010,REG+POST,00-0020514,,Michael Bennett,RB,RB,,2,LV,0,0,0,0,0,0,0,0,0,0,0,0,,0,,,2,11,0,0,0,0,1.05278510286007,0,2,2,9,0,0,0,6,3,0,-0.610802953713574,0,1.5,0.0526315789473684,0.0258620689655172,0.0970508166969147,0,2.0,4.0
2010,REG+POST,00-0020516,,Todd Heap,TE,TE,,15,BAL,0,0,0,0,0,0,0,0,0,0,0,0,,0,,,0,0,0,0,0,0,,0,53,84,750,6,1,0,826,281,41,39.3616926550795,0,0.907990314769976,0.173913043478261,0.199758162031439,0.400700278639398,0,111.0,164.0
2010,REG+POST,00-0020531,D.Brees,Drew Brees,QB,QB,"https://static.www.nfl.com/image/private/f_auto,q_auto/league/i20xlpzdmn7xubotijjd",17,NO,487,718,5024,35,22,27,202,9,2,5368,2241,258,99.0756408449664,0,0.93591654247392,0.140597408188203,20,3,0,1,0,2,-6.27228206180735,0,1,1,7,0,0,0,-9,16,0,-0.209113001008518,0,0.0,0.027027027027027,-0.06,-0.0014594594594594,0,293.96,294.96
2010,REG+POST,00-0020536,,LaDainian Tomlinson,RB,RB,,18,NYJ,0,0,0,0,0,0,0,0,0,0,0,0,,0,,,254,1055,8,3,0,49,-10.1898290332912,0,58,87,387,1,1,0,96,371,22,-8.91292705275691,0,4.03125,0.155635062611807,0.0194963444354184,0.247100035022503,0,198.2,256.2
2010,REG+POST,00-0020608,,David Carr,QB,QB,,1,SF,5,13,67,0,1,1,5,0,0,137,46,3,-5.57672358198224,0,0.489051094890511,-0.0697661071744075,0,0,0,0,0,0,,0,0,0,0,0,0,0,0,0,0,,0,,,,,0,0.68,0.68
2010,REG+POST,00-0020679,,Shaun Hill,QB,QB,"https://static.www.nfl.com/image/private/f_auto,q_auto/league/dn42ccbwrshm7uksyphy",11,DET,257,416,2686,16,12,17,113,1,0,2992,1425,133,17.9926391999609,1,0.897727272727273,0.0645293646379704,22,123,0,3,1,8,9.07768337268232,0,0,0,0,0,0,0,0,0,0,,0,,,,,0,159.74,159.74
2010,REG+POST,00-0020804,,Corey McIntyre,FB,RB,,10,BUF,0,0,0,0,0,0,0,0,0,0,0,0,,0,,,4,5,1,0,0,3,0.287621907143869,0,4,8,32,0,1,1,3,28,1,-6.59478542540455,0,10.6666666666667,0.0361990950226244,0.002840909090909,0.056287278897573,0,7.7,11.7
2010,REG+POST,00-0021147,,Donte' Stallworth,WR,WR,,7,BAL,0,0,0,0,0,0,0,0,0,0,0,0,,0,,,6,46,0,1,1,2,-2.37547414004803,0,2,5,82,0,0,0,129,22,2,4.44732549024047,0,0.635658914728682,0.0423728813559322,0.115591397849462,0.144473300528522,0,10.8,12.8
2010,REG+POST,00-0021148,,Jeremy Shockey,TE,TE,,14,NO,0,0,0,0,0,0,0,0,0,0,0,0,,0,,,0,0,0,0,0,0,,0,43,63,432,3,0,0,530,125,23,17.6726364887108,0,0.815094339622642,0.107508532423208,0.124793972215682,0.248618579185789,0,61.2,104.2
2010,REG+POST,00-0021154,,Daniel Graham,TE,TE,,14,DEN,0,0,0,0,0,0,0,0,0,0,0,0,,0,,,0,0,0,0,0,0,,0,18,37,148,0,1,0,231,43,5,-4.13108588449612,0,0.640692640692641,0.0712909441233141,0.0464882270074462,0.139478175090183,0,14.8,32.8
2010,REG+POST,00-0021159,,Jerramy Stevens,TE,TE,,4,TB,0,0,0,0,0,0,0,0,0,0,0,0,,0,,,0,0,0,0,0,0,,0,3,5,43,0,0,0,76,9,2,2.19516669720178,0,0.565789473684211,0.0373134328358209,0.059748427672956,0.0977940486248005,0,4.3,7.3
2010,REG+POST,00-0021163,,Jabar Gaffney,WR,WR,,16,DEN,0,0,0,0,0,0,0,0,0,0,0,0,,0,,,0,0,0,0,0,0,,0,65,112,875,2,1,0,1301,213,42,15.2039743361381,0,0.672559569561876,0.194107452339688,0.233866618730901,0.454867811621162,0,99.5,164.5
2010,REG+POST,00-0021179,,Clinton Portis,RB,RB,,5,WAS,0,0,0,0,0,0,0,0,0,0,0,0,,0,,,54,227,2,0,0,12,-1.46251460996409,0,5,9,55,0,0,0,15,57,4,3.58384368135504,0,3.66666666666667,0.0542168674698795,0.0109409190371991,0.0889839445308587,0,40.2,45.2
2010,REG+POST,00-0021182,,Maurice Morris,RB,RB,,10,DET,0,0,0,0,0,0,0,0,0,0,0,0,,0,,,90,336,5,1,0,19,-7.03711831442155,0,25,31,170,0,0,0,45,152,9,-2.96125716896495,0,3.77777777777778,0.0996784565916399,0.0198675496688742,0.163424969655672,0,80.6,105.6
2010,REG+POST,00-0021184,,Ladell Betts,RB,RB,,7,NO,0,0,0,0,0,0,0,0,0,0,0,0,,0,,,45,150,2,1,1,11,-10.4253362000725,0,23,31,141,0,0,0,-16,168,6,-22.472211713427,0,-8.8125,0.103333333333333,-0.0087767416346681,0.148856280855732,0,39.1,62.1
2010,REG+POST,00-0021190,,Antwaan Randle El,RB,RB,,14,PIT,2,2,42,2,0,0,0,0,0,42,0,2,6.73685043060686,0,1.0,,1,2,0,0,0,0,-0.319677540566772,1,24,42,303,0,0,0,534,64,17,2.59147671056493,0,0.567415730337079,0.102439024390244,0.133700550826239,0.247248922163733,0,42.18,66.18
2010,REG+POST,00-0021192,,Deion Branch,WR,WR,,16,NE,0,0,0,0,0,0,0,0,0,0,0,0,,0,,,0,0,0,0,0,0,,0,66,102,877,7,1,0,1148,288,48,45.7567364592105,0,0.763937282229965,0.195028680688337,0.277428709521508,0.48674311769756,0,129.7,195.7
2010,REG+POST,00-0021213,,Chris Baker,TE,TE,,11,SEA,0,0,0,0,0,0,0,0,0,0,0,0,,0,,,0,0,0,0,0,0,,0,9,19,116,1,0,0,162,47,4,-2.71608817990636,0,0.716049382716049,0.0482233502538071,0.0507836990595611,0.107883614722403,0,17.6,26.6
2010,REG+POST,00-0021216,,Brian Westbrook,RB,RB,,13,SF,0,0,0,0,0,0,0,0,0,0,0,0,,0,,,77,340,4,0,0,17,-0.781520944268682,0,16,24,150,1,0,0,-3,145,5,3.49380539565267,0,-50.0,0.0923076923076923,-0.0012914334911752,0.137557535017716,0,79.0,95.0
2010,REG+POST,00-0021227,,Justin Peelle,TE,TE,,9,ATL,0,0,0,0,0,0,0,0,0,0,0,0,,0,,,0,0,0,0,0,0,,0,10,15,96,1,0,0,60,53,8,5.79407920927042,0,1.6,0.0470219435736677,0.0228397411496003,0.0865207341652218,0,15.6,25.6
2010,REG+POST,00-0021231,,David Garrard,QB,QB,,14,JAX,236,366,2734,23,15,32,251,6,2,3142,1183,130,23.8237316373789,0,0.870146403564609,0.101152420415572,67,270,5,5,2,28,10.9064990489278,0,0,0,0,0,0,0,0,0,0,,0,,,,,0,220.36,220.36
2010,REG+POST,00-0021236,,Randy McMichael,TE,TE,,14,LAC,0,0,0,0,0,0,0,0,0,0,0,0,,0,,,0,0,0,0,0,0,,0,20,27,221,2,0,0,196,83,15,11.470881645917,0,1.12755102040816,0.0557851239669422,0.0465558194774347,0.116266759584618,0,34.1,54.1
2010,REG+POST,00-0021273,,Robert Royal,TE,TE,,7,CLE,0,0,0,0,0,0,0,0,0,0,0,0,,0,,,0,0,0,0,0,0,,0,5,12,56,1,0,0,119,15,2,-2.40712269460715,0,0.470588235294118,0.0545454545454545,0.0639097744360902,0.126555023923445,0,11.6,16.6
2010,REG+POST,00-0021304,,John Gilmore,TE,TE,,9,TB,0,0,0,0,0,0,0,0,0,0,0,0,,0,,,0,0,0,0,0,0,,0,13,18,160,1,0,0,81,98,9,9.93318308942253,0,1.97530864197531,0.0622837370242215,0.0301339285714286,0.114519355536332,0,22.0,35.0
2010,REG+POST,00-0021314,,Chester Taylor,RB,RB,,18,CHI,0,0,0,0,0,0,0,0,0,0,0,0,,0,,,126,313,5,0,0,22,-22.706684641502,0,21,27,151,0,0,0,26,134,8,0.916381332082756,0,5.80769230769231,0.0798816568047337,0.0138297872340426,0.12950333627093,0,76.4,97.4
2010,REG+POST,00-0021357,,Rock Cartwright,RB,RB,,6,LV,0,0,0,0,0,0,0,0,0,0,0,0,,0,,,9,22,0,0,0,1,-3.4186410875991,0,1,3,10,0,0,0,20,8,0,-2.03666960393243,0,0.5,0.0416666666666667,0.0318471337579618,0.0847929936305732,0,3.2,4.2
2010,REG+POST,00-0021429,C.Palmer,Carson Palmer,QB,QB,"https://static.www.nfl.com/image/private/f_auto,q_auto/league/belgna3tokxga0gjjmwk",16,CIN,362,586,3970,26,20,26,201,3,1,4911,1648,205,35.6878166297658,1,0.808389330075341,0.082599330058346,32,50,0,4,2,6,-13.8320856563805,0,0,0,0,0,0,0,0,0,0,,0,,,,,0,223.8,223.8
2010,REG+POST,00-0021488,,Mat McBriar,P,SPEC,,1,DAL,0,0,0,0,0,0,0,0,0,0,0,0,,0,,,1,0,0,1,1,0,-2.0429311261978,0,0,0,0,0,0,0,0,0,0,,0,,,,,0,-2.0,-2.0
2010,REG+POST,00-0021508,,Greg Lewis,WR,WR,,12,MIN,0,0,0,0,0,0,0,0,0,0,0,0,,0,,,0,0,0,0,0,0,,0,17,36,197,0,0,0,314,65,8,-8.7682195850648,0,0.627388535031847,0.0895522388059701,0.0894841835280707,0.196967286678605,0,19.7,36.7
2010,REG+POST,00-0021547,A.Gates,Antonio Gates,TE,TE,"https://static.www.nfl.com/image/private/f_auto,q_auto/league/kndulvysinvn4tpvt0bc",10,LAC,0,0,0,0,0,0,0,0,0,0,0,0,,0,,,0,0,0,0,0,0,,0,50,65,782,10,0,0,632,311,42,58.6925501848002,0,1.2373417721519,0.181058495821727,0.202304737516005,0.413201059993794,0,138.2,188.2
2010,REG+POST,00-0021570,,Kassim Osgood,WR,WR,,10,JAX,0,0,0,0,0,0,0,0,0,0,0,0,,0,,,0,0,0,0,0,0,,0,6,16,60,1,0,0,166,20,4,-2.09739978113794,0,0.36144578313253,0.0542372881355932,0.0665597433841219,0.127947752572275,0,12.0,18.0
2010,REG+POST,00-0021678,,Tony Romo,QB,QB,"https://static.www.nfl.com/image/private/f_auto,q_auto/league/rdgaxf7djip2ovlkeqjk",6,DAL,148,213,1605,11,7,7,41,0,0,1522,815,75,25.4387202423375,0,1.05453350854139,0.117970458214193,6,38,0,0,0,2,5.16436146429624,0,0,0,0,0,0,0,0,0,0,,0,,,,,0,98.0,98.0
2010,REG+POST,00-0021679,,Shaun Smith,DT,DL,,1,KC,0,0,0,0,0,0,0,0,0,0,0,0,,0,,,1,1,1,0,0,1,1.58947983605322,0,0,0,0,0,0,0,0,0,0,,0,,,,,0,6.1,6.1
2010,REG+POST,00-0021755,,Earnest Graham,RB,RB,,11,TB,1,1,2,1,0,0,0,0,0,2,0,1,1.31580272590509,0,1.0,,20,99,1,1,1,5,-3.68856041668914,0,16,19,130,1,0,0,24,116,3,0.457579403358977,0,5.41666666666667,0.0714285714285714,0.0121334681496461,0.115636284847609,0,36.98,52.98
2010,REG+POST,00-0021756,,Will Heller,TE,TE,,4,DET,0,0,0,0,0,0,0,0,0,0,0,0,,0,,,0,0,0,0,0,0,,0,4,5,37,1,0,0,10,34,1,4.592664626427,0,3.7,0.0384615384615385,0.0131752305665349,0.0669149690888821,0,9.7,13.7
2010,REG+POST,00-0021915,,Sam Aiken,WR,WR,,1,CLE,0,0,0,0,0,0,0,0,0,0,0,0,,0,,,0,0,0,0,0,0,,0,1,1,7,0,0,0,7,0,0,9.55836148932576e-05,0,1.0,0.0333333333333333,0.0432098765432099,0.0802469135802469,0,0.7,1.7
2010,REG+POST,00-0021929,,Donald Lee,TE,TE,,9,GB,0,0,0,0,0,0,0,0,0,0,0,0,,0,,,0,0,0,0,0,0,,0,11,13,73,3,1,1,29,51,6,1.33386369954804,0,2.51724137931035,0.0443686006825939,0.0104166666666667,0.0738445676905575,0,23.3,34.3
2010,REG+POST,00-0021931,,Kevin Walter,WR,WR,,14,HOU,0,0,0,0,0,0,0,0,0,0,0,0,,0,,,0,0,0,0,0,0,,0,51,80,621,5,0,0,829,131,33,14.4972287303654,0,0.749095295536791,0.159362549800797,0.211048879837067,0.386778040587142,0,92.1,143.1
2010,REG+POST,00-0021976,,Larry Johnson,RB,RB,,2,WAS,0,0,0,0,0,0,0,0,0,0,0,0,,0,,,5,2,0,0,0,0,-2.18286014598561,0,0,0,0,0,0,0,0,0,0,,0,,,,,0,0.2,0.2
2010,REG+POST,00-0021982,,Justin Gage,WR,WR,,11,TEN,0,0,0,0,0,0,0,0,0,0,0,0,,0,,,0,0,0,0,0,0,,0,20,43,266,1,0,0,614,50,14,-2.12350179661606,0,0.433224755700326,0.136075949367089,0.189564680456931,0.336809200370485,0,32.6,52.6
2010,REG+POST,00-0021999,,Nate Burleson,WR,WR,,14,DET,0,0,0,0,0,0,0,0,0,0,0,0,,0,,,7,81,0,0,0,5,3.76583766657859,0,55,86,625,6,2,2,698,302,32,13.2328772343121,0,0.89541547277937,0.163498098859316,0.178379759775109,0.370112980131549,0,102.6,157.6
2010,REG+POST,00-0022001,,Kevin Curtis,WR,WR,,2,KC,0,0,0,0,0,0,0,0,0,0,0,0,,0,,,1,6,0,0,0,0,-0.0320022846572101,0,2,4,9,0,0,0,68,0,0,-1.5258524363162,0,0.132352941176471,0.0666666666666667,0.150110375275938,0.205077262693157,0,1.5,3.5
2010,REG+POST,00-0022017,,Mike Scifres,P,SPEC,,1,LAC,1,1,28,0,0,0,0,0,0,19,9,1,4.48169825912919,0,1.47368421052632,,0,0,0,0,0,0,,0,0,0,0,0,0,0,0,0,0,,0,,,,,0,1.12,1.12
2010,REG+POST,00-0022044,,Andre Johnson,WR,WR,,13,HOU,0,0,0,0,0,0,0,0,0,0,0,0,,0,,,2,10,0,0,0,0,1.87593561573885,0,86,138,1216,8,1,0,1558,350,59,46.1989305018454,0,0.780487804878049,0.285714285714286,0.406364110589463,0.713026305984053,0,170.6,256.6
2010,REG+POST,00-0022054,,Visanthe Shiancoe,TE,TE,,15,MIN,0,0,0,0,0,0,0,0,0,0,0,0,,0,,,0,0,0,0,0,0,,0,47,80,530,2,0,0,752,175,21,-0.957028769073077,0,0.704787234042553,0.165289256198347,0.178792201616738,0.373088425429237,0,65.0,112.0
2010,REG+POST,00-0022055,,Seneca Wallace,QB,QB,,6,CLE,64,101,694,4,2,6,33,0,0,771,365,35,5.17523701666769,0,0.900129701686122,0.0850324849073967,7,9,0,1,0,1,-4.62709962148352,0,1,1,9,0,0,0,0,9,1,1.10148824146017,0,0.0,0.0277777777777778,,,0,41.56,42.56
2010,REG+POST,00-0022064,,Arnaz Battle,WR,WR,,2,PIT,0,0,0,0,0,0,0,0,0,0,0,0,,0,,,0,0,0,0,0,0,,0,0,2,0,0,0,0,57,0,0,-1.66559547290672,0,0.0,0.0289855072463768,0.0747051114023591,0.0957718388512166,0,0.0,0.0
2010,REG+POST,00-0022084,,Anquan Boldin,WR,WR,"https://static.www.nfl.com/image/private/f_auto,q_auto/league/ajabgwxbliupgkwjbnut",18,BAL,1,1,-6,0,0,0,0,0,0,-11,5,0,-1.04592268238775,0,0.0,,2,2,0,0,0,0,0.436170534172561,0,70,121,899,8,1,1,1351,253,48,28.5420618486546,0,0.665433012583272,0.218018018018018,0.279536519759983,0.522702590859015,0,135.86,205.86
2010,REG+POST,00-0022097,,Brandon Lloyd,WR,WR,,16,DEN,0,0,0,0,0,0,0,0,0,0,0,0,,0,,,1,-18,0,0,0,0,-1.5906662014313,0,77,153,1448,11,0,0,2603,180,72,64.7508709970545,0,0.556281213983865,0.265164644714038,0.467912996584577,0.725286064680261,0,209.0,286.0
2010,REG+POST,00-0022101,,Brian St. Pierre,QB,QB,,1,CAR,13,28,173,1,2,3,23,0,0,193,105,3,-18.5524118649328,0,0.896373056994819,-0.0686663369632232,0,0,0,0,0,0,,0,0,0,0,0,0,0,0,0,0,,0,,,,,0,6.92,6.92
2010,REG+POST,00-0022121,,Rex Grossman,QB,QB,,4,WAS,74,133,884,7,4,9,77,4,4,938,417,42,-15.1402922488677,2,0.942430703624733,-0.0025025608148869,3,6,0,0,0,0,-0.154545593773946,0,0,0,0,0,0,0,0,0,0,,0,,,,,0,51.96,51.96
2010,REG+POST,00-0022127,J.Witten,Jason Witten,TE,TE,"https://static.www.nfl.com/image/private/f_auto,q_auto/league/r7uafhtwuexuaty0nhsc",16,DAL,0,0,0,0,0,0,0,0,0,0,0,0,,0,,,0,0,0,0,0,0,,0,94,128,1002,9,1,1,905,393,49,39.686625451905,1,1.10718232044199,0.225352112676056,0.233548387096774,0.501512039981827,0,154.2,248.2
2010,REG+POST,00-0022143,,Ovie Mughelli,FB,RB,,14,ATL,0,0,0,0,0,0,0,0,0,0,0,0,,0,,,14,37,0,0,0,8,3.21346025780076,0,13,18,126,1,0,0,36,112,5,5.64268044894561,0,3.5,0.0515759312320917,0.0132352941176471,0.0866286027304905,0,22.3,35.3
2010,REG+POST,00-0022156,,Bryant Johnson,WR,WR,,14,DET,0,0,0,0,0,0,0,0,0,0,0,0,,0,,,0,0,0,0,0,0,,0,18,49,210,0,0,0,600,63,11,-10.2409306928236,1,0.35,0.0882882882882883,0.148367952522255,0.236289999198011,0,23.0,41.0
2010,REG+POST,00-0022164,,Kyle Boller,QB,QB,,3,LV,2,4,25,0,1,1,6,0,0,35,2,1,-4.56577860668767,0,0.714285714285714,,7,18,0,1,0,1,-1.48556013894267,0,0,0,0,0,0,0,0,0,0,,0,,,,,0,0.8,0.8
2010,REG+POST,00-0022165,,Dallas Clark,TE,TE,,6,IND,0,0,0,0,0,0,0,0,0,0,0,0,,0,,,0,0,0,0,0,0,,0,37,53,347,3,0,0,382,133,21,18.1592678276285,0,0.908376963350785,0.208661417322835,0.167912087912088,0.430530587522714,0,52.7,89.7
2010,REG+POST,00-0022171,,Kelley Washington,WR,WR,,5,LAC,0,0,0,0,0,0,0,0,0,0,0,0,,0,,,0,0,0,0,0,0,,0,13,14,173,1,0,0,125,92,10,20.5478774670046,0,1.384,0.0869565217391304,0.0856751199451679,0.190407366570313,0,23.3,36.3
2010,REG+POST,00-0022177,,Byron Leftwich,QB,QB,,1,PIT,5,7,42,0,0,2,7,0,0,33,18,3,1.37498212364962,0,1.27272727272727,0.0988304283291431,0,0,0,0,0,0,,0,0,0,0,0,0,0,0,0,0,,0,,,,,0,1.68,1.68
2010,REG+POST,00-0022178,,Willis McGahee,RB,RB,,17,BAL,0,0,0,0,0,0,0,0,0,0,0,0,,0,,,114,428,6,2,2,19,-10.7724092256003,0,18,22,79,1,0,0,-34,120,4,-5.47620215173025,0,-2.32352941176471,0.0614525139664804,-0.0111183780248528,0.0843959063323237,0,88.7,106.7
2010,REG+POST,00-0022217,,Mewelde Moore,RB,RB,,17,PIT,0,0,0,0,0,0,0,0,0,0,0,0,,0,,,39,121,0,0,0,7,-6.95360527350567,2,27,33,214,0,0,0,30,201,11,-7.35198666002612,0,7.13333333333333,0.0816831683168317,0.0084889643463497,0.128467027517692,0,37.5,64.5
2010,REG+POST,00-0022288,,Jason Wright,RB,RB,,8,ARI,0,0,0,0,0,0,0,0,0,0,0,0,,0,,,6,28,0,0,0,3,2.69794894507504,0,8,16,42,0,0,0,13,39,1,-4.87980657080376,0,3.23076923076923,0.0704845814977974,0.0064676616915422,0.110254235430776,0,7.0,15.0
2010,REG+POST,00-0022388,,Terrance Copper,WR,WR,,11,KC,0,0,0,0,0,0,0,0,0,0,0,0,,0,,,0,0,0,0,0,0,,0,18,28,157,0,0,0,174,62,9,-2.5582082065585,0,0.902298850574713,0.0856269113149847,0.0696,0.177160366972477,0,15.7,33.7
2010,REG+POST,00-0022397,,Vonta Leach,FB,RB,,9,HOU,0,0,0,0,0,0,0,0,0,0,0,0,,0,,,0,0,0,0,0,0,,0,8,15,91,0,0,0,47,69,3,1.63626669428777,0,1.93617021276596,0.0451807228915663,0.0180630284396618,0.0804152042451127,0,9.1,17.1
2010,REG+POST,00-0022405,,Lousaka Polite,FB,RB,,13,MIA,0,0,0,0,0,0,0,0,0,0,0,0,,0,,,26,62,1,0,0,15,6.16411431349115,0,12,17,61,0,0,0,25,45,3,-1.9434215373476,0,2.44,0.0429292929292929,0.0080723280594123,0.070044569035528,0,18.3,30.3
2010,REG+POST,00-0022414,,Malcom Floyd,WR,WR,"https://static.www.nfl.com/image/private/f_auto,q_auto/league/or8gm79eaonksxe8gl0t",11,LAC,0,0,0,0,0,0,0,0,0,0,0,0,,0,,,0,0,0,0,0,0,,0,37,77,717,6,1,0,1343,110,33,25.0131851041458,0,0.533879374534624,0.213296398891967,0.385144823630628,0.58954597487939,0,107.7,144.7
2010,REG+POST,00-0022421,,Ruvell Martin,WR,WR,,4,SEA,0,0,0,0,0,0,0,0,0,0,0,0,,0,,,0,0,0,0,0,0,,0,9,11,186,1,0,0,165,60,8,11.7153457220411,0,1.12727272727273,0.0700636942675159,0.141874462596733,0.204407665218987,0,24.6,33.6
2010,REG+POST,00-0022427,,Wes Welker,WR,WR,"https://static.www.nfl.com/image/private/f_auto,q_auto/league/rgjwexzif36vncjfdwap",16,NE,0,0,0,0,0,0,0,0,0,0,0,0,,0,,,0,0,0,0,0,0,,0,93,132,905,7,0,0,725,427,52,39.5681204701556,0,1.24827586206897,0.254826254826255,0.178088921640874,0.506901627387994,0,132.5,225.5
2010,REG+POST,00-0022714,,Kris Wilson,TE,TE,,6,LAC,0,0,0,0,0,0,0,0,0,0,0,0,,0,,,0,0,0,0,0,0,,0,6,9,73,0,1,1,28,58,2,-0.563152189075481,0,2.60714285714286,0.0420560747663551,0.0146290491118077,0.0733244465277981,0,5.3,11.3
2010,REG+POST,00-0022725,,Michael Clayton,WR,WR,,2,NYG,0,0,0,0,0,0,0,0,0,0,0,0,,0,,,0,0,0,0,0,0,,0,2,4,19,0,0,0,45,2,1,-1.85752605088055,0,0.422222222222222,0.0769230769230769,0.0849056603773585,0.174818577648766,0,1.9,3.9
2010,REG+POST,00-0022736,,Steven Jackson,RB,RB,"https://static.www.nfl.com/image/private/f_auto,q_auto/league/abl5wejuf448xw3jtphm",16,LA,0,0,0,0,0,0,0,0,0,0,0,0,,0,,,330,1241,6,1,1,60,-49.7331462379944,0,46,61,383,0,0,0,15,380,15,-0.124985908247916,0,25.5333333333333,0.104810996563574,0.0038530696121243,0.159913643573848,0,196.4,242.4
2010,REG+POST,00-0022738,,Chris Cooley,TE,TE,,16,WAS,0,0,0,0,0,0,0,0,0,0,0,0,,0,,,0,0,0,0,0,0,,0,77,126,849,3,3,1,793,372,40,10.7392475055498,1,1.07061790668348,0.211409395973154,0.158504897061763,0.428067521902966,0,102.9,179.9
2010,REG+POST,00-0022746,,Jeff Dugan,TE,TE,,5,MIN,0,0,0,0,0,0,0,0,0,0,0,0,,0,,,2,2,0,0,0,1,-1.00902847899124,0,4,5,30,0,0,0,8,23,3,-0.617903992184438,0,3.75,0.036231884057971,0.0094562647754137,0.0609672114297461,0,3.2,7.2
2010,REG+POST,00-0022766,,Patrick Crayton,WR,WR,,8,LAC,0,1,0,0,0,0,0,0,0,29,0,0,-0.685164669412188,0,0.0,,0,0,0,0,0,0,,0,28,42,514,1,0,0,537,214,24,38.9391496124449,0,0.957169459962756,0.145328719723183,0.212420886075949,0.36668769983794,0,57.4,85.4
2010,REG+POST,00-0022770,,Derrick Ward,RB,RB,,14,HOU,0,0,0,0,0,0,0,0,0,0,0,0,,0,,,51,317,4,0,0,17,11.6179372871933,0,7,11,61,0,0,0,23,52,2,-0.537709398777224,0,2.65217391304348,0.0458333333333333,0.0139902676399027,0.0785431873479319,0,61.8,68.8
2010,REG+POST,00-0022781,,Michael Jenkins,WR,WR,,12,ATL,0,0,0,0,0,0,0,0,0,0,0,0,,0,,,0,0,0,0,0,0,,0,47,81,572,2,1,1,1092,91,32,19.0068833369286,0,0.523809523809524,0.189252336448598,0.29362731917182,0.489417628093172,0,67.2,114.2
2010,REG+POST,00-0022787,M.Schaub,Matt Schaub,QB,QB,"https://static.www.nfl.com/image/private/f_auto,q_auto/league/mj2kh2nddxnw04ludcx0",16,HOU,365,574,4370,24,12,32,226,7,3,4411,1993,222,76.9160259105983,1,0.990705055542961,0.104824527559807,22,28,0,2,0,7,-8.0118500845856,0,0,0,0,0,0,0,0,0,0,,0,,,,,0,245.6,245.6
2010,REG+POST,00-0022796,,Mike Karney,FB,RB,,7,LA,0,0,0,0,0,0,0,0,0,0,0,0,,0,,,6,12,0,0,0,3,1.05265435075853,0,5,5,14,0,0,0,3,11,1,-1.21473335375777,0,4.66666666666667,0.0273224043715847,0.0025337837837837,0.0427572552060257,0,2.6,7.6
2010,REG+POST,00-0022803,E.Manning,Eli Manning,QB,QB,"https://static.www.nfl.com/image/private/f_auto,q_auto/league/w51tf8uedjftbr4qpaex",16,NYG,339,539,4002,31,25,16,117,5,3,4991,1611,192,43.2175029436255,0,0.80184331797235,0.101290334726431,32,70,0,2,2,4,-24.9851760044985,0,0,0,0,0,0,0,0,0,0,,0,,,,,0,231.08,231.08
2010,REG+POST,00-0022807,,Bernard Berrian,WR,WR,,12,MIN,0,0,0,0,0,0,0,0,0,0,0,0,,0,,,1,-8,0,0,0,0,-0.963105191709474,0,28,54,252,0,0,0,569,73,14,-17.0700292322346,0,0.442882249560633,0.143236074270557,0.184560493026273,0.344046456524227,0,24.4,52.4
2010,REG+POST,00-0022811,,Jerricho Cotchery,WR,WR,"https://static.www.nfl.com/image/private/f_auto,q_auto/league/hkq2dmfj7mbgbuejiloy",16,NYJ,0,0,0,0,0,0,0,0,0,0,0,0,,0,,,5,-7,0,1,0,0,-3.17951765435282,0,53,104,579,3,0,0,1021,220,33,0.414218962110061,0,0.567091087169442,0.202729044834308,0.21195764998962,0.452463922244196,0,75.2,128.2
2010,REG+POST,00-0022821,,Michael Turner,RB,RB,,17,ATL,0,0,0,0,0,0,0,0,0,0,0,0,,0,,,344,1410,13,2,2,72,-17.6927482164806,0,12,21,85,0,0,0,25,89,2,-2.14831115625566,0,3.4,0.0507246376811594,0.0072129255626081,0.0811360044155649,0,223.5,235.5
2010,REG+POST,00-0022840,,Julius Jones,RB,RB,,14,NO,0,0,0,0,0,0,0,0,0,0,0,0,,0,,,75,282,2,2,2,14,-16.3775688122259,0,23,32,120,0,0,0,-50,189,5,-6.3664861535351,0,-2.4,0.078239608801956,-0.0163880694854146,0.105887764563144,0,48.2,71.2
2010,REG+POST,00-0022847,,Ben Hartsock,TE,TE,,5,NYJ,0,0,0,0,0,0,0,0,0,0,0,0,,0,,,0,0,0,0,0,0,,0,2,6,12,0,0,0,29,4,1,-1.75679389783181,0,0.413793103448276,0.0397350993377483,0.0211833455076698,0.0744309908619914,0,1.2,3.2
2010,REG+POST,00-0022864,L.McCown,Luke McCown,QB,QB,"https://static.www.nfl.com/image/private/f_auto,q_auto/league/pj2lbdhplppzlywlzsbr",1,JAX,11,19,120,0,0,0,0,0,0,190,58,6,-2.69336949195713,0,0.631578947368421,0.0329991269988805,1,4,0,0,0,0,-1.08305821032263,0,0,0,0,0,0,0,0,0,0,,0,,,,,0,5.2,5.2
2010,REG+POST,00-0022897,,Greg Jones,RB,RB,,9,JAX,0,0,0,0,0,0,0,0,0,0,0,0,,0,,,2,4,0,0,0,0,-0.73348385700956,0,11,11,47,0,0,0,8,39,2,0.192834642482921,0,5.875,0.0443548387096774,0.0052253429131286,0.0701899981037062,0,5.1,16.1
2010,REG+POST,00-0022901,,Ernest Wilford,WR,WR,,2,JAX,0,0,0,0,0,0,0,0,0,0,0,0,,0,,,0,0,0,0,0,0,,0,1,2,3,0,0,0,5,0,0,-5.39979004010093,0,0.6,0.028169014084507,0.0072358900144717,0.0473186441368908,0,0.3,1.3
2010,REG+POST,00-0022909,,Roy Williams,WR,WR,,15,DAL,0,0,0,0,0,0,0,0,0,0,0,0,,0,,,0,0,0,0,0,0,,0,37,64,530,5,3,2,686,197,25,-4.64705815695925,1,0.772594752186589,0.120527306967985,0.190238491403217,0.313957904434229,0,81.0,118.0
2010,REG+POST,00-0022910,,Lee Evans,WR,WR,,12,BUF,0,0,0,0,0,0,0,0,0,0,0,0,,0,,,0,0,0,0,0,0,,0,37,83,578,4,2,1,1317,120,26,6.54825392420745,0,0.438876233864844,0.204433497536946,0.373405160192798,0.568033858440378,0,79.8,116.8
2010,REG+POST,00-0022921,L.Fitzgerald,Larry Fitzgerald,WR,WR,"https://static.www.nfl.com/image/private/f_auto,q_auto/league/ycgjjaad5un42gy4pnga",16,ARI,0,0,0,0,0,0,0,0,0,0,0,0,,0,,,0,0,0,0,0,0,,0,90,173,1137,6,0,0,2147,210,59,-15.251388411263,1,0.529576152771309,0.312839059674503,0.414398764717236,0.759337724813819,0,151.7,241.7
2010,REG+POST,00-0022922,,Kellen Winslow,TE,TE,,16,TB,0,0,0,0,0,0,0,0,0,0,0,0,,0,,,0,0,0,0,0,0,,0,66,98,730,5,1,0,857,231,36,30.5405919423733,0,0.851808634772462,0.201232032854209,0.192670863309353,0.436717653597861,0,103.0,169.0
2010,REG+POST,00-0022924,B.Roethlisberger,Ben Roethlisberger,QB,QB,"https://static.www.nfl.com/image/private/f_auto,q_auto/league/vziogpnyp9d0xtpiuqhr",15,PIT,294,480,3822,21,9,41,268,5,2,4621,1584,180,74.7888153256019,0,0.827093702661762,0.136389945157645,55,239,3,5,2,21,11.2114255708961,0,0,0,0,0,0,0,0,0,0,,0,,,,,0,252.78,252.78
2010,REG+POST,00-0022929,,Devery Henderson,WR,WR,,17,NO,0,0,0,0,0,0,0,0,0,0,0,0,,0,,,3,8,0,0,0,1,-1.08500593528152,0,41,67,541,2,0,0,884,140,24,10.1504363279808,0,0.611990950226244,0.0949008498583569,0.174324590810491,0.264378488354879,0,66.9,107.9
2010,REG+POST,00-0022942,P.Rivers,Philip Rivers,QB,QB,"https://static.www.nfl.com/image/private/f_auto,q_auto/league/voakyrtj34sghkwxaxxf",16,LAC,357,541,4710,30,13,38,227,4,3,4612,2223,234,164.920846363268,1,1.02124891587164,0.179922575865464,29,52,0,3,1,6,-10.6680952298921,0,0,0,0,0,0,0,0,0,0,,0,,,,,0,281.6,281.6
2010,REG+POST,00-0022943,B.Watson,Benjamin Watson,TE,TE,"https://static.www.nfl.com/image/private/f_auto,q_auto/league/dorymozpdnrllkqlfzpu",16,CLE,0,0,0,0,0,0,0,0,0,0,0,0,,0,,,1,-1,0,0,0,0,-1.34174045454711,0,68,102,763,3,0,0,903,282,40,16.2979038986513,0,0.844961240310077,0.217948717948718,0.234789391575663,0.491275651026041,0,94.2,162.2
2010,REG+POST,00-0022984,,Ryan Grant,RB,RB,,1,GB,0,0,0,0,0,0,0,0,0,0,0,0,,0,,,8,45,0,0,0,2,0.142897341400385,0,0,0,0,0,0,0,0,0,0,,0,,,,,0,4.5,4.5
2010,REG+POST,00-0022999,J.Kuhn,John Kuhn,FB,RB,"https://static.www.nfl.com/image/private/f_auto,q_auto/league/nbcwgq2o0ymmx4czvr4b",18,GB,0,0,0,0,0,0,0,0,0,0,0,0,,0,,,90,289,5,2,0,28,-2.02943674419657,0,21,25,150,3,0,0,-14,161,10,13.0869352140003,0,-10.7142857142857,0.0527426160337553,-0.0045001607200257,0.0759638115466149,0,91.9,112.9
2010,REG+POST,00-0023063,,Leonard Weaver,FB,RB,,1,PHI,0,0,0,0,0,0,0,0,0,0,0,0,,0,,,1,0,0,0,0,0,-0.399053623201326,0,0,0,0,0,0,0,0,0,0,,0,,,,,0,0.0,0.0
2010,REG+POST,00-0023108,,Stephen Spach,TE,TE,,11,ARI,0,0,0,0,0,0,0,0,0,0,0,0,,0,,,0,0,0,0,0,0,,0,7,17,40,0,0,0,126,20,3,-7.68084335676394,0,0.317460317460317,0.045945945945946,0.0409489762755931,0.0975832023118341,0,4.0,11.0
2010,REG+POST,00-0023176,,Josh Cribbs,WR,WR,,13,CLE,2,3,19,0,0,0,0,0,0,25,16,2,1.3762514651753,0,0.76,,21,67,0,2,0,5,-1.51507312402828,0,23,39,292,1,0,0,451,139,11,11.2378428994797,0,0.647450110864745,0.103723404255319,0.138470985569543,0.252514796281659,0,42.66,65.66
2010,REG+POST,00-0023210,,Tory Humphrey,TE,TE,,2,NO,0,0,0,0,0,0,0,0,0,0,0,0,,0,,,0,0,0,0,0,0,,0,1,2,12,0,0,0,17,12,1,1.16355944374826,0,0.705882352941177,0.0246913580246914,0.0592334494773519,0.0785004516711834,0,1.2,2.2
2010,REG+POST,00-0023310,,Lance Moore,WR,WR,"https://static.www.nfl.com/image/private/f_auto,q_auto/league/bfjxc892mfkni8ywtheh",16,NO,0,0,0,0,0,0,0,0,0,0,0,0,,0,,,0,0,0,0,0,0,,0,70,103,812,8,1,1,904,299,43,37.7513595292795,0,0.898230088495575,0.153961136023916,0.174281858492385,0.352939004980544,0,127.2,197.2
2010,REG+POST,00-0023367,,Nate Washington,WR,WR,,16,TEN,0,0,0,0,0,0,0,0,0,0,0,0,,0,,,1,-8,0,0,0,0,-1.25249448604882,0,42,94,687,6,0,0,1544,114,34,5.36855389196949,0,0.444948186528498,0.201284796573876,0.315875613747954,0.523040124484382,0,103.9,145.9
2010,REG+POST,00-0023408,,Greg Camarillo,WR,WR,,12,MIN,0,0,0,0,0,0,0,0,0,0,0,0,,0,,,0,0,0,0,0,0,,0,20,34,240,1,0,0,310,87,12,-5.76351409568205,0,0.774193548387097,0.0901856763925729,0.100388601036269,0.205550535314248,0,30.0,50.0
2010,REG+POST,00-0023429,,Rashied Davis,WR,WR,,4,CHI,0,0,0,0,0,0,0,0,0,0,0,0,,0,,,0,0,0,0,0,0,,0,9,14,84,1,0,0,85,26,6,3.15850197634427,0,0.988235294117647,0.116666666666667,0.0847457627118644,0.234322033898305,0,14.4,23.4
2010,REG+POST,00-0023436,A.Smith,Alex Smith,QB,QB,"https://static.www.nfl.com/image/private/f_auto,q_auto/league/dpa5d1a8jj6jdymocjkx",11,SF,204,342,2370,14,10,25,140,4,2,2548,1242,103,-15.1854725631489,1,0.930141287284144,0.0377150321281596,18,60,0,0,0,3,-4.36370647390964,0,0,0,0,0,0,0,0,0,0,,0,,,,,0,134.8,134.8
2010,REG+POST,00-0023437,,Ronnie Brown,RB,RB,,16,MIA,0,2,0,0,0,0,0,0,0,37,0,0,-1.19912437954918,0,0.0,,200,734,5,3,2,40,-30.6923195759849,0,33,42,242,0,0,0,33,204,13,-7.54890152405063,0,7.33333333333333,0.0803059273422562,0.0081622557506801,0.12617247003886,0,123.6,156.6
2010,REG+POST,00-0023438,,Braylon Edwards,WR,WR,,19,NYJ,0,0,0,0,0,0,0,0,0,0,0,0,,0,,,1,4,0,0,0,0,0.0980195184238255,0,62,116,1068,8,2,1,1858,314,48,45.4853524254105,1,0.57481162540366,0.191103789126853,0.326595183687819,0.515272312271753,0,155.2,217.2
2010,REG+POST,00-0023439,,Cedric Benson,RB,RB,,16,CIN,0,0,0,0,0,0,0,0,0,0,0,0,,0,,,321,1111,7,7,5,59,-64.6033567999798,1,28,37,178,1,0,0,20,174,9,2.41470659419429,0,8.9,0.0699432892249527,0.0048320850446967,0.108297393368717,0,168.9,196.9
2010,REG+POST,00-0023440,,Cadillac Williams,RB,RB,,16,TB,0,0,0,0,0,0,0,0,0,0,0,0,,0,,,125,437,2,1,1,19,-18.3757556296187,0,46,64,355,1,0,0,108,317,18,1.17165010529012,0,3.28703703703704,0.139130434782609,0.0266535044422507,0.227353105283489,0,95.2,141.2
2010,REG+POST,00-0023452,,Mike Williams,WR,WR,,15,SEA,0,0,0,0,0,0,0,0,0,0,0,0,,0,,,1,0,0,0,0,0,-2.74637059488898,0,74,131,834,5,0,0,1381,229,45,34.8323826958157,0,0.603910209992759,0.256862745098039,0.332130832130832,0.617785700138641,0,113.4,187.4
2010,REG+POST,00-0023457,,Mark Clayton,WR,WR,,5,LA,0,0,0,0,0,0,0,0,0,0,0,0,,0,,,1,6,0,0,0,0,0.237590516218916,0,23,42,306,2,0,0,399,96,15,2.31066568524693,0,0.766917293233083,0.208955223880597,0.313679245283019,0.533008307519009,0,43.2,66.2
2010,REG+POST,00-0023459,A.Rodgers,Aaron Rodgers,QB,QB,"https://static.www.nfl.com/image/upload/f_auto,q_auto/league/jdcb4nomlc4rd6k5l6to",19,GB,402,607,5016,37,13,39,246,3,1,5602,2177,236,163.242397506726,0,0.895394501963584,0.181834155154348,78,410,6,3,1,28,15.256564460745,0,0,0,0,0,0,0,0,0,0,,0,,,,,0,395.64,395.64
2010,REG+POST,00-0023460,,Jason Campbell,QB,QB,,13,LV,194,329,2387,13,8,33,208,7,1,2792,1274,108,14.0748920597998,0,0.854942693409742,0.0697785661793235,46,221,1,3,0,13,9.00949498044793,0,1,1,1,0,0,0,-8,9,0,-0.393919147085398,0,0.0,0.0263157894736842,-0.0344827586206897,0.0153357531760436,0,157.68,158.68
2010,REG+POST,00-0023462,,Roddy White,WR,WR,"https://static.www.nfl.com/image/private/f_auto,q_auto/league/f7dgklg6z49fbdltwuki",17,ATL,0,0,0,0,0,0,0,0,0,0,0,0,,0,,,1,3,0,0,0,0,-0.313601851928979,0,121,189,1446,11,1,1,1840,376,77,54.3157397372085,2,0.785869565217391,0.313953488372093,0.363564512942106,0.725425391617614,0,212.9,333.9
2010,REG+POST,00-0023465,,Heath Miller,TE,TE,"https://static.www.nfl.com/image/private/f_auto,q_auto/league/iqw8fry4hgfvegs9nfuf",17,PIT,0,0,0,0,0,0,0,0,0,0,0,0,,0,,,0,0,0,0,0,0,,0,51,82,601,3,1,1,749,255,29,13.0182065890589,0,0.802403204272363,0.169072164948454,0.158619229140195,0.364641707820817,0,76.1,127.1
2010,REG+POST,00-0023486,,Nick Collins,FS,DB,,1,GB,0,0,0,0,0,0,0,0,0,0,0,0,,0,,,0,0,0,0,0,0,,0,0,0,0,0,0,0,0,0,0,,0,,,,,1,6.0,6.0
2010,REG+POST,00-0023487,K.Barnes,Khalif Barnes,OT,OL,"https://static.www.nfl.com/image/private/f_auto,q_auto/league/p4ratiy2u5rwyfmlgrvz",2,LV,0,0,0,0,0,0,0,0,0,0,0,0,,0,,,0,0,0,0,0,0,,0,2,2,8,1,0,0,6,2,1,1.38028486439725,0,1.33333333333333,0.0338983050847458,0.0087336244541484,0.0569609947450226,0,6.8,8.8
2010,REG+POST,00-0023490,,Roscoe Parrish,WR,WR,,8,BUF,0,0,0,0,0,0,0,0,0,0,0,0,,0,,,3,23,0,0,0,2,2.63116773881484,0,33,53,392,2,1,0,479,109,20,7.96557450249928,0,0.818371607515658,0.192028985507246,0.206554549374731,0.432631662823181,0,53.5,86.5
2010,REG+POST,00-0023496,,Vincent Jackson,WR,WR,"https://static.www.nfl.com/image/private/f_auto,q_auto/league/kdquag2thcfulvrs0cbz",4,LAC,0,0,0,0,0,0,0,0,0,0,0,0,,0,,,1,14,0,0,0,1,1.19572545564733,0,14,24,248,3,0,0,269,48,12,13.6493654919825,0,0.921933085501859,0.195121951219512,0.265024630541872,0.478200168208579,0,44.2,58.2
2010,REG+POST,00-0023500,F.Gore,Frank Gore,RB,RB,"https://static.www.nfl.com/image/private/f_auto,q_auto/league/lxxkhd2suyalrbruzut7",11,SF,0,0,0,0,0,0,0,0,0,0,0,0,,0,,,203,853,3,3,2,42,-21.2784623207498,0,46,72,452,2,1,0,40,449,16,4.5033092271932,0,11.3,0.206896551724138,0.0147058823529412,0.320638945233266,0,156.5,202.5
2010,REG+POST,00-0023506,,Alex Smith,TE,TE,"https://static.www.nfl.com/image/private/f_auto,q_auto/league/zcpxncjwcm6ggoiqt6ub",1,CLE,0,0,0,0,0,0,0,0,0,0,0,0,,0,,,0,0,0,0,0,0,,0,1,1,6,0,0,0,3,3,0,0.256160639692098,0,2.0,0.0333333333333333,0.0098684210526315,0.0569078947368421,0,0.6,1.6
2010,REG+POST,00-0023529,,Adam Snyder,G,OL,,1,SF,0,0,0,0,0,0,0,0,0,0,0,0,,0,,,0,0,0,0,0,0,,0,0,1,0,0,0,0,3,0,0,-0.42589265917195,0,0.0,0.0344827586206897,0.0082872928176795,0.0575252429034102,0,0.0,0.0
2010,REG+POST,00-0023541,,Kyle Orton,QB,QB,,13,DEN,293,498,3652,20,9,34,242,1,1,4556,1480,173,31.8104301053871,0,0.801580333625988,0.0664684361652532,22,98,0,3,3,9,-6.07062069838867,0,0,0,0,0,0,0,0,0,0,,0,,,,,0,209.88,209.88
2010,REG+POST,00-0023544,,Marion Barber,RB,RB,,13,DAL,0,1,0,0,0,0,0,0,0,12,0,0,-0.423489075736143,0,0.0,,113,374,4,0,0,29,-10.2104241182722,0,11,15,49,0,0,0,-35,76,1,-4.59609559003729,0,-1.4,0.0524475524475525,-0.0242214532871972,0.0617163113702906,0,66.3,77.3
2010,REG+POST,00-0023545,,Brandon Jacobs,RB,RB,,16,NYG,0,0,0,0,0,0,0,0,0,0,0,0,,0,,,147,823,9,2,2,39,4.80772820839775,0,7,13,59,0,0,0,32,35,3,-1.70976554707158,0,1.84375,0.051792828685259,0.0146991272393202,0.0879786320954126,0,138.2,145.2
2010,REG+POST,00-0023560,,Todd Herremans,G,OL,"https://static.www.nfl.com/image/private/f_auto,q_auto/league/cfpuccfslanowlsv1ljy",1,PHI,0,0,0,0,0,0,0,0,0,0,0,0,,0,,,0,0,0,0,0,0,,0,1,1,2,1,0,0,2,0,1,2.01218961225823,0,1.0,0.04,0.0066006600660066,0.0646204620462046,0,6.2,7.2
2010,REG+POST,00-0023564,D.Sproles,Darren Sproles,RB,RB,"https://static.www.nfl.com/image/private/f_auto,q_auto/league/gvj5ng27blmwuz170aeo",16,LAC,0,0,0,0,0,0,0,0,0,0,0,0,,0,,,51,270,0,1,1,10,-12.0542369816103,0,59,75,520,2,0,0,68,486,25,18.1979714116897,0,7.64705882352941,0.146484375,0.0200826934435913,0.233784447910514,0,89.0,148.0
2010,REG+POST,00-0023570,,Roydell Williams,WR,WR,,10,WAS,0,0,0,0,0,0,0,0,0,0,0,0,,0,,,0,0,0,0,0,0,,0,8,18,109,0,0,0,153,59,4,-2.29482872621821,0,0.712418300653595,0.0489130434782609,0.0540445072412575,0.111200720286272,0,10.9,18.9
2010,REG+POST,00-0023606,,Tyjuan Hagler,OLB,LB,,1,IND,0,0,0,0,0,0,0,0,0,0,0,0,,0,,,0,0,0,0,0,0,,0,0,0,0,0,0,0,0,0,0,,0,,,,,1,6.0,6.0
2010,REG+POST,00-0023612,,Bo Scaife,TE,TE,,13,TEN,0,0,0,0,0,0,0,0,0,0,0,0,,0,,,0,0,0,0,0,0,,0,36,52,318,4,2,1,325,95,17,11.082988335139,0,0.978461538461539,0.141304347826087,0.0858425779186477,0.272046326282184,0,53.8,89.8
2010,REG+POST,00-0023630,,Joel Dreessen,TE,TE,,15,HOU,0,0,0,0,0,0,0,0,0,0,0,0,,0,,,0,0,0,0,0,0,,0,36,55,518,4,1,1,472,182,24,25.084356009488,0,1.09745762711864,0.100182149362477,0.117383735389207,0.232441838816161,0,73.8,109.8
2010,REG+POST,00-0023642,,Reggie Hodges,P,SPEC,,1,CLE,0,0,0,0,0,0,0,0,0,0,0,0,,0,,,1,68,0,0,0,1,6.48373180418275,0,0,0,0,0,0,0,0,0,0,,0,,,,,0,6.8,6.8
2010,REG+POST,00-0023645,D.Anderson,Derek Anderson,QB,QB,"https://static.www.nfl.com/image/private/f_auto,q_auto/league/w191gsxivnqgdwgydka6",12,ARI,169,327,2065,7,10,25,176,5,2,3234,691,97,-57.6693924949519,1,0.638528138528139,-0.0210056780422146,5,25,0,1,1,2,-3.44725585356355,0,0,0,0,0,0,0,0,0,0,,0,,,,,0,89.1,89.1
2010,REG+POST,00-0023662,M.Cassel,Matt Cassel,QB,QB,"https://static.www.nfl.com/image/private/f_auto,q_auto/league/n1ucqggyu5hlsqzuv5gj",16,KC,271,468,3186,27,10,29,199,2,1,3786,1545,165,55.7454168921728,0,0.841521394611727,0.0907604596762214,36,131,0,1,0,5,-4.36185236705933,0,0,0,0,0,0,0,0,0,0,,0,,,,,0,226.54,226.54
2010,REG+POST,00-0023679,,Billy Bajema,TE,TE,,8,LA,0,0,0,0,0,0,0,0,0,0,0,0,,0,,,0,0,0,0,0,0,,0,14,24,145,2,1,0,152,73,8,3.71518201515427,0,0.953947368421053,0.0830449826989619,0.078593588417787,0.179582985940894,0,26.5,40.5
2010,REG+POST,00-0023682,R.Fitzpatrick,Ryan Fitzpatrick,QB,QB,"https://static.www.nfl.com/image/private/f_auto,q_auto/league/pkhhxwplsawnhln9rsun",13,BUF,255,441,2992,23,15,24,145,4,3,3980,1182,151,11.1586627035603,0,0.751758793969849,0.0556464698654266,40,269,0,4,2,13,-2.27858129206078,0,0,0,0,0,0,0,0,0,0,,0,,,,,0,198.58,198.58
2010,REG+POST,00-0023683,,Madison Hedgecock,FB,RB,,2,NYG,0,0,0,0,0,0,0,0,0,0,0,0,,0,,,0,0,0,0,0,0,,0,2,2,8,0,0,0,-2,10,0,0.786798382294364,0,-4.0,0.0256410256410256,-0.0088495575221238,0.0322668481960517,0,0.8,2.8
2010,REG+POST,00-0023742,J.Ryan,Jon Ryan,P,SPEC,"https://static.www.nfl.com/image/private/f_auto,q_auto/league/jarcsmohj6vbznthlni8",1,SEA,0,0,0,0,0,0,0,0,0,0,0,0,,0,,,1,-9,0,0,0,0,-3.12884448817931,0,0,0,0,0,0,0,0,0,0,,0,,,,,0,-0.9,-0.9
2010,REG+POST,00-0023752,,Daniel Fells,TE,TE,"https://static.www.nfl.com/image/private/f_auto,q_auto/league/lhecgqac5nourex1czfo",16,LA,0,0,0,0,0,0,0,0,0,0,0,0,,0,,,0,0,0,0,0,0,,0,41,65,391,2,0,0,286,267,24,4.45512118590286,0,1.36713286713287,0.111683848797251,0.0763481046449546,0.220969446447345,0,51.1,92.1
2010,REG+POST,00-0023774,,Naufahu Tahi,FB,RB,,6,MIN,0,0,0,0,0,0,0,0,0,0,0,0,,0,,,1,1,0,0,0,1,1.55867578473408,0,6,6,39,1,0,0,3,36,3,3.67530421598349,0,13.0,0.0384615384615385,0.0022438294689603,0.05926298832058,0,10.0,16.0
2010,REG+POST,00-0023790,,Brian Clark,WR,WR,,1,DET,0,0,0,0,0,0,0,0,0,0,0,0,,0,,,0,0,0,0,0,0,,0,0,1,0,0,0,0,3,0,0,-0.748040507769863,0,0.0,0.0384615384615385,0.0147058823529412,0.0679864253393665,0,0.0,0.0
2010,REG+POST,00-0023797,,Darcy Johnson,TE,TE,,2,LA,0,0,0,0,0,0,0,0,0,0,0,0,,0,,,0,0,0,0,0,0,,0,0,2,0,0,0,0,9,0,0,-1.21573603432626,0,0.0,0.024390243902439,0.046875,0.0693978658536585,0,0.0,0.0
2010,REG+POST,00-0023894,D.Penn,Donald Penn,T,OL,"https://static.www.nfl.com/image/private/f_auto,q_auto/league/lbarhx9omymxl236etax",1,TB,0,0,0,0,0,0,0,0,0,0,0,0,,0,,,0,0,0,0,0,0,,0,1,1,1,1,0,0,1,0,1,1.62827527784975,0,1.0,0.0454545454545455,0.0076335877862595,0.0735253296321999,0,6.1,7.1
2010,REG+POST,00-0023921,,Miles Austin,WR,WR,"https://static.www.nfl.com/image/private/f_auto,q_auto/league/tuwhvxan7v0gisbei4an",16,DAL,0,0,0,0,0,0,0,0,0,0,0,0,,0,,,7,93,1,0,0,3,4.09293444588548,0,69,119,1041,7,1,1,1196,448,50,26.7557145747429,0,0.870401337792642,0.209507042253521,0.308645161290323,0.530312176283507,0,159.4,228.4
2010,REG+POST,00-0023953,,Sam Hurd,WR,WR,,10,DAL,0,0,0,0,0,0,0,0,0,0,0,0,,0,,,0,0,0,0,0,0,,0,14,23,120,0,0,0,158,67,11,4.0777649069912,0,0.759493670886076,0.0625,0.0601217656012177,0.135835235920852,0,12.0,26.0
2010,REG+POST,00-0023968,,Micheal Spurlock,WR,WR,,16,TB,0,3,0,0,0,0,0,0,0,27,0,0,-3.80142797389999,0,0.0,,0,0,0,0,0,0,,0,17,33,250,2,0,0,516,33,12,11.3269349675247,0,0.484496124031008,0.0797101449275362,0.134445023449713,0.213676733806104,1,43.0,60.0
2010,REG+POST,00-0024011,,Mike Bell,RB,RB,,12,CLE,0,0,0,0,0,0,0,0,0,0,0,0,,0,,,47,99,0,1,0,6,-15.3777645582071,0,7,10,67,0,1,0,14,48,4,0.460518142877845,0,4.78571428571429,0.0675675675675676,0.0157835400225479,0.112399829367135,0,16.6,23.6
2010,REG+POST,00-0024013,,Hank Baskett,WR,WR,,2,MIN,0,0,0,0,0,0,0,0,0,0,0,0,,0,,,0,0,0,0,0,0,,0,1,4,18,0,0,0,59,6,1,-6.01828676759033,0,0.305084745762712,0.0606060606060606,0.130820399113082,0.182483370288248,0,1.8,2.8
2010,REG+POST,00-0024110,,Steve Weatherford,P,SPEC,"https://static.www.nfl.com/image/private/f_auto,q_auto/league/jkpdalshsrmuxdn1jj4h",1,NYJ,0,0,0,0,0,0,0,0,0,0,0,0,,0,,,1,17,0,0,0,0,-1.37471914826892,0,0,0,0,0,0,0,0,0,0,,0,,,,,0,1.7,1.7
2010,REG+POST,00-0024172,,Patrick Cobbs,RB,RB,,9,MIA,0,0,0,0,0,0,0,0,0,0,0,0,,0,,,4,0,0,0,0,0,-4.49568701721728,0,8,19,91,2,0,0,169,27,4,-6.64683921957477,0,0.538461538461538,0.063973063973064,0.0725321888412017,0.146732128148437,0,21.1,29.1
2010,REG+POST,00-0024201,,Hiram Eugene,DB,DB,,1,LV,0,0,0,0,0,0,0,0,0,0,0,0,,0,,,0,0,0,0,0,0,,0,0,0,0,0,0,0,0,0,0,,0,,,,,1,6.0,6.0
2010,REG+POST,00-0024204,,Fred Jackson,RB,RB,"https://static.www.nfl.com/image/private/f_auto,q_auto/league/ibu4ltouiplhatsn4ptq",16,BUF,0,0,0,0,0,0,0,0,0,0,0,0,,0,,,222,927,5,4,1,42,-17.5855817720292,0,31,54,215,2,1,1,5,237,9,-11.7370821931981,0,43.0,0.111340206185567,0.0014310246136233,0.168012026507887,0,152.2,183.2
2010,REG+POST,00-0024217,,Reggie Bush,RB,RB,"https://static.www.nfl.com/image/private/f_auto,q_auto/league/z2m2heolqx9sgobdks9v",9,NO,0,0,0,0,0,0,0,0,0,0,0,0,,0,,,41,162,0,0,0,7,-8.50114122545347,0,39,48,245,1,0,0,13,238,13,6.5909649726425,0,18.8461538461538,0.130081300813008,0.0045678144764581,0.198319421353033,0,46.7,85.7
2010,REG+POST,00-0024218,,Vince Young,QB,QB,,9,TEN,93,156,1255,10,3,13,80,3,3,1763,402,58,22.9103632648076,0,0.711854792966534,0.120872559720557,25,125,0,3,1,6,-6.86475847486872,0,0,0,0,0,0,0,0,0,0,,0,,,,,0,88.7,88.7
2010,REG+POST,00-0024221,V.Davis,Vernon Davis,TE,TE,"https://static.www.nfl.com/image/private/f_auto,q_auto/league/so5ywayfeeu4zeijln5m",16,SF,0,0,0,0,0,0,0,0,0,0,0,0,,0,,,0,0,0,0,0,0,,0,56,93,914,7,0,0,988,422,35,43.8922629841107,1,0.925101214574899,0.190573770491803,0.240858117991224,0.454461338331562,0,135.4,191.4
2010,REG+POST,00-0024226,J.Cutler,Jay Cutler,QB,QB,"https://static.www.nfl.com/image/private/f_auto,q_auto/league/ks6n7gvw4vccihlse6bn",17,CHI,282,474,3628,25,17,57,380,11,5,4276,1624,173,-12.8752771667841,1,0.848456501403181,0.0717544444040894,60,285,3,1,1,20,21.4755793348374,0,0,0,0,0,0,0,0,0,0,,0,,,,,0,247.62,247.62
2010,REG+POST,00-0024236,,Laurence Maroney,RB,RB,,4,DEN,0,0,0,0,0,0,0,0,0,0,0,0,,0,,,36,74,0,1,0,1,-14.8198038721457,0,4,7,50,0,0,0,6,47,2,0.274641148454975,0,8.33333333333333,0.0654205607476636,0.00836820083682,0.103988581707269,0,12.4,16.4
2010,REG+POST,00-0024240,,Santonio Holmes,WR,WR,,15,NYJ,0,0,0,0,0,0,0,0,0,0,0,0,,0,,,2,17,0,2,2,0,-8.64533053571358,0,61,113,873,8,0,0,1389,249,43,24.9429149041685,0,0.628509719222462,0.224206349206349,0.291194968553459,0.540146001796945,0,133.0,194.0
2010,REG+POST,00-0024242,,DeAngelo Williams,RB,RB,"https://static.www.nfl.com/image/private/f_auto,q_auto/league/oky9ooitgqa1fgwdll6b",6,CAR,0,0,0,0,0,0,0,0,0,0,0,0,,0,,,87,361,1,1,1,12,-18.5382285622719,0,11,13,61,0,0,0,-7,69,3,0.906532348890323,0,-8.71428571428571,0.112068965517241,-0.0074866310160427,0.162862806564632,0,46.2,57.2
2010,REG+POST,00-0024243,M.Lewis,Marcedes Lewis,TE,TE,"https://static.www.nfl.com/image/private/f_auto,q_auto/league/ppq07tipygpftz5csipx",16,JAX,0,0,0,0,0,0,0,0,0,0,0,0,,0,,,0,0,0,0,0,0,,0,58,89,700,10,2,2,658,266,37,14.2416452601612,0,1.06382978723404,0.191810344827586,0.167771545130036,0.405155598832404,0,126.0,184.0
2010,REG+POST,00-0024245,,Joseph Addai,RB,RB,,9,IND,0,0,0,0,0,0,0,0,0,0,0,0,,0,,,129,555,4,2,1,33,2.87605596765704,0,19,27,124,0,0,0,52,95,5,-1.78841317593469,0,2.38461538461538,0.0769230769230769,0.0167202572347267,0.127088795448924,0,89.9,108.9
2010,REG+POST,00-0024264,K.Clemens,Kellen Clemens,QB,QB,"https://static.www.nfl.com/image/private/f_auto,q_auto/league/pxungqbhh61ov73tzaxk",1,NYJ,1,2,6,0,0,0,0,0,0,20,2,1,0.370808946609031,0,0.3,,2,9,1,0,0,1,-1.71165386837674,0,0,0,0,0,0,0,0,0,0,,0,,,,,0,7.14,7.14
2010,REG+POST,00-0024267,,Greg Jennings,WR,WR,"https://static.www.nfl.com/image/private/f_auto,q_auto/league/jiemkcfkc893pfova8xv",20,GB,0,0,0,0,0,0,0,0,0,0,0,0,,0,,,1,-1,0,0,0,0,-0.758136147283949,0,97,158,1568,14,3,1,2235,476,63,70.6485668692971,0,0.701565995525727,0.239031770045386,0.366333387969185,0.614981026646508,0,238.7,335.7
2010,REG+POST,00-0024268,A.Fasano,Anthony Fasano,TE,TE,"https://static.www.nfl.com/image/private/f_auto,q_auto/league/twcrap9uhjbazmplq5x3",15,MIA,0,0,0,0,0,0,0,0,0,0,0,0,,0,,,0,0,0,0,0,0,,0,39,60,528,4,0,0,483,198,29,27.5744576254553,0,1.09316770186335,0.116504854368932,0.115716339242932,0.255758719023451,0,76.8,115.8
2010,REG+POST,00-0024270,A.Whitworth,Andrew Whitworth,T,OL,"https://static.www.nfl.com/image/private/f_auto,q_auto/league/jcpd1mheqjofcqoy8bd5",1,CIN,0,0,0,0,0,0,0,0,0,0,0,0,,0,,,0,0,0,0,0,0,,0,1,1,1,1,0,0,1,0,1,0.759700193419121,0,1.0,0.03125,0.0044843049327354,0.0500140134529148,0,6.1,7.1
2010,REG+POST,00-0024272,,Devin Hester,WR,WR,"https://static.www.nfl.com/image/private/f_auto,q_auto/league/jtntm2ci9doez4qxbx0c",18,CHI,0,0,0,0,0,0,0,0,0,0,0,0,,0,,,7,30,0,0,0,2,-0.816777075873688,0,42,81,479,4,0,0,852,225,23,-6.22301689180677,0,0.562206572769953,0.154875717017208,0.18062327750689,0.358749869780636,3,92.9,134.9
2010,REG+POST,00-0024275,,Maurice Jones-Drew,RB,RB,,14,JAX,0,1,0,0,1,0,0,0,0,23,0,0,-3.59097735723481,0,0.0,,299,1324,5,2,2,75,-5.7229668142284,0,34,44,317,2,0,0,-8,323,11,10.6411066643133,0,-39.625,0.109725685785536,-0.0032773453502662,0.162294386933118,0,200.1,234.1
2010,REG+POST,00-0024276,,Tony Scheffler,TE,TE,,15,DET,0,0,0,0,0,0,0,0,0,0,0,0,,0,,,0,0,0,0,0,0,,0,45,72,378,1,1,1,527,149,24,-12.8466227237471,0,0.717267552182163,0.125,0.128286270691334,0.277300389483934,0,41.8,86.8
2010,REG+POST,00-0024279,,Tarvaris Jackson,QB,QB,"https://static.www.nfl.com/image/private/f_auto,q_auto/league/bqukmeneztibnhrjko0q",3,MIN,34,58,341,3,4,6,43,0,0,498,117,18,-15.6223991801863,1,0.684738955823293,0.000653011158336,7,63,0,1,0,3,0.494991171988659,0,0,0,0,0,0,0,0,0,0,,0,,,,,0,25.94,25.94
2010,REG+POST,00-0024287,,Leonard Pope,TE,TE,,14,KC,0,0,0,0,0,0,0,0,0,0,0,0,,0,,,0,0,0,0,0,0,,0,10,19,76,2,0,0,117,34,7,2.2412349715014,0,0.64957264957265,0.0457831325301205,0.0451040863531226,0.100247559242367,0,19.6,29.6
2010,REG+POST,00-0024294,,Jerious Norwood,RB,RB,,1,ATL,0,0,0,0,0,0,0,0,0,0,0,0,,0,,,2,8,0,0,0,1,0.818907710490748,0,1,3,9,0,0,0,5,11,0,-1.29399522569725,0,1.8,0.0697674418604651,0.013550135501355,0.114136257641646,0,1.7,2.7
2010,REG+POST,00-0024296,,Charlie Whitehurst,QB,QB,,5,SEA,57,99,507,2,3,5,13,1,0,700,236,22,-23.9712346298037,2,0.724285714285714,-0.006818267779708,20,43,1,1,0,4,0.70304974145256,0,0,0,0,0,0,0,0,0,0,,0,,,,,0,36.58,36.58
2010,REG+POST,00-0024297,,Derek Hagan,WR,WR,,7,NYG,0,0,0,0,0,0,0,0,0,0,0,0,,0,,,0,0,0,0,0,0,,0,24,43,223,1,0,0,427,32,15,3.42824954161188,0,0.522248243559719,0.199074074074074,0.216421692853523,0.450106296108577,0,28.3,52.3
2010,REG+POST,00-0024300,,Brodie Croyle,QB,QB,,2,KC,8,19,38,0,1,4,29,0,0,213,14,2,-18.9257820502971,0,0.178403755868545,-0.0334887790414711,0,0,0,0,0,0,,0,0,0,0,0,0,0,0,0,0,,0,,,,,0,-0.48,-0.48
2010,REG+POST,00-0024301,,David Thomas,TE,TE,,13,NO,0,0,0,0,0,0,0,0,0,0,0,0,,0,,,0,0,0,0,0,0,,0,34,51,257,2,0,0,230,145,13,3.30130197268343,0,1.11739130434783,0.0955056179775281,0.0578470824949698,0.183751384712771,0,37.7,71.7
2010,REG+POST,00-0024305,,Maurice Stovall,WR,WR,,4,TB,0,0,0,0,0,0,0,0,0,0,0,0,,0,,,0,0,0,0,0,0,,0,7,9,81,1,0,0,38,56,4,2.83081284862702,0,2.13157894736842,0.0882352941176471,0.0721062618595826,0.182827324478178,0,14.1,21.1
2010,REG+POST,00-0024313,,Owen Daniels,TE,TE,"https://static.www.nfl.com/image/private/f_auto,q_auto/league/ktxkz5tzddboxst5xfh8",11,HOU,0,0,0,0,0,0,0,0,0,0,0,0,,0,,,0,0,0,0,0,0,,0,38,68,471,2,0,0,506,249,25,12.1280390240552,0,0.930830039525692,0.169576059850374,0.161300605674211,0.367274513747509,0,59.1,97.1
2010,REG+POST,00-0024315,,Michael Robinson,FB,RB,,11,SEA,1,1,28,0,0,0,0,0,0,28,0,1,2.11712317494676,0,1.0,,13,78,0,0,0,9,6.25122993881814,0,9,14,40,0,0,0,35,47,0,-12.6986639837269,0,1.14285714285714,0.043343653250774,0.0178298522669384,0.0774963764630178,0,12.92,21.92
2010,REG+POST,00-0024318,,Brad Smith,QB,QB,,17,NYJ,2,3,6,1,0,0,0,0,0,37,3,1,1.77879577915883,0,0.162162162162162,,39,309,1,1,1,12,9.31623700166113,0,6,9,69,0,0,0,48,30,3,-0.535827818534508,0,1.4375,0.0376569037656904,0.0259319286871961,0.0746377057295729,2,58.04,64.04
2010,REG+POST,00-0024321,,Garrett Mills,TE,TE,,3,PHI,0,0,0,0,0,0,0,0,0,0,0,0,,0,,,0,0,0,0,0,0,,0,2,3,19,0,0,0,-52,1,1,0.168541202788948,0,0.0,0.0272727272727273,-0.0480147737765466,0.0072987492655082,0,1.9,3.9
2010,REG+POST,00-0024324,,Jason Avant,WR,WR,"https://static.www.nfl.com/image/private/f_auto,q_auto/league/nnis5ib42eoeu8bjjpdc",17,PHI,0,0,0,0,0,0,0,0,0,0,0,0,,0,,,0,0,0,0,0,0,,0,58,84,666,2,0,0,833,174,34,35.3125670502283,1,0.799519807923169,0.143835616438356,0.157645722937169,0.326105430713552,0,80.6,138.6
2010,REG+POST,00-0024326,,Demetrius Williams,WR,WR,,1,CLE,0,0,0,0,0,0,0,0,0,0,0,0,,0,,,0,0,0,0,0,0,,0,0,2,0,0,0,0,48,0,0,-1.7399623778183,0,0.0,0.0666666666666667,0.157894736842105,0.210526315789474,0,0.0,0.0
2010,REG+POST,00-0024332,,Leon Washington,RB,RB,,16,SEA,0,0,0,0,0,2,8,0,0,0,0,0,-2.33547626354266,0,,,28,109,1,0,0,5,0.754886874521617,0,10,14,89,0,0,0,17,68,4,-0.0162355486536399,0,5.23529411764706,0.0445859872611465,0.0075354609929078,0.0721538035867552,3,43.8,53.8
2010,REG+POST,00-0024334,B.Marshall,Brandon Marshall,WR,WR,"https://static.www.nfl.com/image/private/f_auto,q_auto/league/jhziqh0scfksvxen6f3s",14,MIA,0,1,0,0,0,0,0,0,0,45,0,0,-0.941252076532692,0,0.0,,2,3,0,0,0,0,-1.04369040712481,0,86,146,1014,3,2,1,1553,235,57,15.5248932554093,0,0.652929813264649,0.29735234215886,0.385455448001986,0.715847326839679,0,117.7,203.7
2010,REG+POST,00-0024359,,Jerome Harrison,RB,RB,,11,PHI,0,0,0,0,0,0,0,0,0,0,0,0,,0,,,72,333,1,2,1,13,-10.315576965746,0,12,13,85,0,0,0,2,80,2,-0.26858452198212,0,42.5,0.0628019323671498,0.0009866798223976,0.094893574426403,0,45.8,57.8
2010,REG+POST,00-0024369,,Jeff King,TE,TE,,14,CAR,0,0,0,0,0,0,0,0,0,0,0,0,,0,,,0,0,0,0,0,0,,0,19,32,121,2,0,0,155,34,8,-0.157286159927638,0,0.780645161290323,0.0796019900497513,0.0523118461019237,0.156021277345973,0,24.1,43.1
2010,REG+POST,00-0024389,De.Walker,Delanie Walker,TE,TE,"https://static.www.nfl.com/image/private/f_auto,q_auto/league/diknegkpqy0qnri7877z",13,SF,0,0,0,0,0,0,0,0,0,0,0,0,,0,,,3,18,0,0,0,1,0.251491733477451,0,29,45,331,0,1,1,260,166,13,5.59100883288243,0,1.27307692307692,0.116279069767442,0.0805951642901426,0.230835219654263,0,32.9,61.9
2010,REG+POST,00-0024394,,Lawrence Vickers,FB,RB,,8,CLE,0,0,0,0,0,0,0,0,0,0,0,0,,0,,,5,11,0,0,0,2,-1.03532120701857,0,4,9,15,0,0,0,13,13,1,-2.87981479696464,0,1.15384615384615,0.0514285714285714,0.0291479820627803,0.0975464445868033,0,2.6,6.6
2010,REG+POST,00-0024408,,Bruce Gradkowski,QB,QB,,6,LV,83,158,1059,5,7,10,77,3,1,1392,516,50,-20.4339445975195,0,0.760775862068966,-0.0128995862468014,12,41,0,0,0,2,-2.95752394123701,0,0,0,0,0,0,0,0,0,0,,0,,,,,0,50.46,50.46
2010,REG+POST,00-0024417,S.Koch,Sam Koch,P,SPEC,"https://static.www.nfl.com/image/private/f_auto,q_auto/league/dw34lcf6qit1i1knjhpv",1,BAL,1,1,13,0,0,0,0,0,0,4,9,1,3.8383247628808,0,3.25,,1,0,0,1,0,0,-3.68638688349165,0,0,0,0,0,0,0,0,0,0,,0,,,,,0,0.52,0.52
2010,REG+POST,00-0024424,Z.Strief,Zach Strief,OT,OL,"https://static.www.nfl.com/image/private/f_auto,q_auto/league/lsckapwvkijnzlivuskw",1,NO,0,0,0,0,0,0,0,0,0,0,0,0,,0,,,0,0,0,0,0,0,,0,0,1,0,0,0,0,1,0,0,-0.255326842714567,0,0.0,0.0227272727272727,0.0040322580645161,0.0369134897360704,0,0.0,0.0
2010,REG+POST,00-0024447,,Devin Aromashodu,WR,WR,,9,CHI,0,0,0,0,0,0,0,0,0,0,0,0,,0,,,0,0,0,0,0,0,,0,10,24,149,0,0,0,271,51,8,0.262264725228306,0,0.549815498154982,0.0888888888888889,0.112354892205638,0.21198175787728,0,14.9,24.9
2010,REG+POST,00-0024460,,Quinton Ganther,RB,RB,,5,BUF,0,0,0,0,0,0,0,0,0,0,0,0,,0,,,9,18,0,0,0,1,-2.34614581882488,0,2,3,9,0,0,0,4,5,0,-0.317940458655357,0,2.25,0.0379746835443038,0.0106666666666667,0.0644286919831224,0,2.7,4.7
2010,REG+POST,00-0024463,,Ben Obomanu,WR,WR,,14,SEA,0,0,0,0,0,0,0,0,0,0,0,0,,0,,,2,17,0,0,0,1,0.783997397287749,0,39,68,605,4,0,0,701,210,22,-2.46867763428152,2,0.863052781740371,0.14498933901919,0.174812967581047,0.339853085835518,0,90.2,129.2
2010,REG+POST,00-0024465,,David Anderson,WR,WR,,8,HOU,0,0,0,0,0,0,0,0,0,0,0,0,,0,,,0,0,0,0,0,0,,0,11,18,117,0,0,0,189,53,5,5.17784234907595,0,0.619047619047619,0.0592105263157895,0.0711328566051938,0.13860878909732,0,11.7,22.7
2010,REG+POST,00-0024466,,Marques Colston,WR,WR,"https://static.www.nfl.com/image/private/f_auto,q_auto/league/hnnuo9nfwzwlakr2srdq",16,NO,0,0,0,0,0,0,0,0,0,0,0,0,,0,,,1,1,0,0,0,0,-0.461688004434109,0,88,140,1089,7,0,0,1446,293,61,57.4722386989989,0,0.753112033195021,0.21021021021021,0.286336633663366,0.515750958879672,0,151.0,239.0
2010,REG+POST,00-0024489,,Ahmard Hall,FB,RB,,12,TEN,0,0,0,0,0,0,0,0,0,0,0,0,,0,,,1,1,0,0,0,1,0.611246173270047,0,15,20,100,0,0,0,-5,107,5,2.00754230808749,0,-20.0,0.0615384615384615,-0.0020764119601328,0.0908542039355993,0,10.1,25.1
2010,REG+POST,00-0024529,,Gijon Robinson,TE,TE,,5,IND,0,0,0,0,0,0,0,0,0,0,0,0,,0,,,0,0,0,0,0,0,,0,3,7,12,1,0,0,29,5,2,-0.527422048908193,0,0.413793103448276,0.031390134529148,0.0154173312068049,0.0578773336384854,0,7.2,10.2
2010,REG+POST,00-0024535,E.Weems,Eric Weems,WR,WR,"https://static.www.nfl.com/image/private/f_auto,q_auto/league/kptsfekcpfukewtim9kz",6,ATL,0,0,0,0,0,0,0,0,0,0,0,0,,0,,,0,0,0,0,0,0,,0,6,6,61,0,0,0,39,22,3,5.95014778510085,0,1.56410256410256,0.0517241379310345,0.0379008746355685,0.10411681914145,3,24.1,30.1
2010,REG+POST,00-0024559,,D.J. Ware,RB,RB,,7,NYG,0,0,0,0,0,0,0,0,0,0,0,0,,0,,,20,73,0,0,0,7,-1.96578430547379,0,7,9,67,0,0,0,24,61,3,1.54172186559299,0,2.79166666666667,0.0532544378698225,0.0148423005565863,0.0902712671943441,0,14.0,21.0
2010,REG+POST,00-0024607,,Daniel Coats,TE,TE,,2,DEN,0,0,0,0,0,0,0,0,0,0,0,0,,0,,,0,0,0,0,0,0,,0,0,2,0,0,0,0,12,0,0,-2.2841292549856,0,0.0,0.0235294117647059,0.0240480961923848,0.0521277849817282,0,0.0,0.0
2010,REG+POST,00-0024687,,Dominique Zeigler,WR,WR,,8,SF,0,0,0,0,0,0,0,0,0,0,0,0,,0,,,0,0,0,0,0,0,,0,9,15,98,0,0,0,212,14,5,-2.63401926291059,0,0.462264150943396,0.0561797752808989,0.10316301703163,0.156483774843489,0,9.8,18.8
2010,REG+POST,00-0024738,,Eldra Buckley,RB,RB,,6,PHI,0,0,0,0,0,0,0,0,0,0,0,0,,0,,,21,67,0,0,0,4,-5.58012095743277,0,1,2,10,0,1,1,6,5,0,-5.74961118679494,0,1.66666666666667,0.0294117647058824,0.0097244732576985,0.0509247783392125,0,5.7,6.7
2010,REG+POST,00-0024756,,Matt Willis,WR,WR,,1,DEN,0,0,0,0,0,0,0,0,0,0,0,0,,0,,,0,0,0,0,0,0,,0,1,2,17,0,0,0,34,0,1,2.99762865743833,0,0.5,0.0350877192982456,0.0765765765765766,0.106235182550972,0,1.7,2.7
2010,REG+POST,00-0024812,,Tyler Palko,QB,QB,,2,KC,4,6,35,0,0,2,10,0,0,23,13,2,0.89640189812053,0,1.52173913043478,0.113047443579298,2,5,0,0,0,1,0.446204007137567,0,0,0,0,0,0,0,0,0,0,,0,,,,,0,1.9,1.9
2010,REG+POST,00-0024813,,Pierre Thomas,RB,RB,"https://static.www.nfl.com/image/private/f_auto,q_auto/league/w58uf8rmlucv7qagwrfv",6,NO,0,0,0,0,0,0,0,0,0,0,0,0,,0,,,83,269,2,0,0,19,-8.77211015761714,0,29,29,201,0,0,0,-54,255,9,5.94517190116412,0,-3.72222222222222,0.120331950207469,-0.0406320541760722,0.152055487387953,0,59.0,88.0
2010,REG+POST,00-0025389,,Calvin Johnson,WR,WR,"https://static.www.nfl.com/image/private/f_auto,q_auto/league/z6dxib9sientn4m9cljh",15,DET,0,0,0,0,0,0,0,0,0,0,0,0,,0,,,4,32,0,0,0,2,0.94321515946649,0,77,137,1120,12,1,0,1930,304,57,47.0064096066352,1,0.580310880829016,0.23458904109589,0.449255121042831,0.666362146373817,0,189.2,266.2
2010,REG+POST,00-0025394,A.Peterson,Adrian Peterson,RB,RB,"https://static.www.nfl.com/image/private/f_auto,q_auto/league/ug2ua3skqc9f6vkbowxc",15,MIN,0,0,0,0,0,0,0,0,0,0,0,0,,0,,,283,1298,12,1,1,70,-10.6912059899943,0,36,50,341,1,0,0,28,330,17,3.09203509870044,0,12.1785714285714,0.114942528735632,0.0073859140068583,0.177583932908249,0,239.9,275.9
2010,REG+POST,00-0025396,T.Ginn,Ted Ginn,WR,WR,"https://static.www.nfl.com/image/private/f_auto,q_auto/league/o4m4txrv9l7odyebnea4",13,SF,0,0,0,0,0,0,0,0,0,0,0,0,,0,,,2,11,0,0,0,0,-0.244781492510811,0,12,35,163,1,0,0,532,21,6,-15.1806362738873,0,0.306390977443609,0.0913838120104439,0.152654232424677,0.24393368071294,1,29.4,41.4
2010,REG+POST,00-0025399,M.Lynch,Marshawn Lynch,RB,RB,"https://static.www.nfl.com/image/private/f_auto,q_auto/league/ddhpebfqtr9yxsnbx9ht",18,SEA,0,0,0,0,0,0,0,0,0,0,0,0,,0,,,225,870,7,2,2,41,-39.719917405272,0,22,29,145,0,2,2,9,142,5,-8.49434262304567,0,16.1111111111111,0.0698795180722892,0.0028809218950064,0.106835922434938,0,135.5,157.5
2010,REG+POST,00-0025410,,Dwayne Bowe,WR,WR,"https://static.www.nfl.com/image/private/f_auto,q_auto/league/ihvktvkw198qeclu6mtk",16,KC,0,0,0,0,0,0,0,0,0,0,0,0,,0,,,1,4,0,0,0,0,-0.464889203198254,0,72,133,1162,15,1,0,1756,368,55,63.7629311166042,0,0.661731207289294,0.286637931034483,0.462470371345799,0.753686156493784,0,206.6,278.6
2010,REG+POST,00-0025414,,Robert Meachem,WR,WR,,17,NO,0,0,0,0,0,0,0,0,0,0,0,0,,0,,,4,14,0,0,0,1,-0.479240469750948,0,47,69,667,5,0,0,974,133,29,21.2459688753864,0,0.684804928131417,0.0977337110481587,0.182499531572044,0.274350238672669,0,98.1,145.1
2010,REG+POST,00-0025417,,Craig Davis,WR,WR,,7,LAC,0,0,0,0,0,0,0,0,0,0,0,0,,0,,,0,0,0,0,0,0,,0,21,39,259,1,0,0,400,89,14,5.70432487002703,0,0.6475,0.14828897338403,0.1640016400164,0.337234608087526,0,31.9,52.9
2010,REG+POST,00-0025418,G.Olsen,Greg Olsen,TE,TE,"https://static.www.nfl.com/image/private/f_auto,q_auto/league/jevf1bubmrv2vvmiwq3r",18,CHI,0,0,0,0,0,0,0,0,0,0,0,0,,0,,,0,0,0,0,0,0,,0,47,83,547,6,2,1,759,221,27,12.8815350085837,0,0.72068511198946,0.158699808795411,0.160907356370575,0.350684862652519,0,88.7,135.7
2010,REG+POST,00-0025419,,Anthony Gonzalez,WR,WR,,2,IND,0,0,0,0,0,0,0,0,0,0,0,0,,0,,,0,0,0,0,0,0,,0,5,9,67,0,0,0,94,16,3,-0.715824293872964,0,0.712765957446809,0.0882352941176471,0.119440914866582,0.215961581583078,0,6.7,11.7
2010,REG+POST,00-0025423,,Kevin Kolb,QB,QB,,7,PHI,115,189,1197,7,7,14,99,4,2,1552,590,58,-13.4433472149814,0,0.771262886597938,0.0341197361841245,16,66,0,2,1,6,-0.759261866990801,0,0,0,0,0,0,0,0,0,0,,0,,,,,0,62.48,62.48
2010,REG+POST,00-0025425,,Zach Miller,TE,TE,,15,LV,0,0,0,0,0,0,0,0,0,0,0,0,,0,,,0,0,0,0,0,0,,0,60,92,685,5,1,0,669,273,36,15.0262482856701,0,1.02391629297459,0.203090507726269,0.189036450974852,0.4369612772718,0,98.5,158.5
2010,REG+POST,00-0025426,,Justin Blalock,G,OL,,1,ATL,0,0,0,0,0,0,0,0,0,0,0,0,,0,,,0,0,0,0,0,0,,0,0,1,0,0,0,0,-3,0,0,-1.5807755413698,0,0.0,0.0232558139534884,-0.0085959885386819,0.0288665289531552,0,0.0,0.0
2010,REG+POST,00-0025430,D.Stanton,Drew Stanton,QB,QB,"https://static.www.nfl.com/image/private/f_auto,q_auto/league/di5hc0mwbomreqx7ojbu",6,DET,69,119,780,4,3,6,42,3,1,844,422,39,1.74021230164137,0,0.924170616113744,0.0317495160573946,18,113,1,0,0,8,7.98985592328245,0,0,0,0,0,0,0,0,0,0,,0,,,,,0,56.5,56.5
2010,REG+POST,00-0025431,,Sidney Rice,WR,WR,,6,MIN,0,0,0,0,0,0,0,0,0,0,0,0,,0,,,0,0,0,0,0,0,,0,17,42,280,2,0,0,734,43,14,0.0146548591666287,0,0.381471389645777,0.235955056179775,0.460765850596359,0.676468679687114,0,40.0,57.0
2010,REG+POST,00-0025432,,Dwayne Jarrett,WR,WR,,2,CAR,0,0,0,0,0,0,0,0,0,0,0,0,,0,,,0,0,0,0,0,0,,0,2,5,40,0,0,0,78,4,2,4.02883235644549,0,0.512820512820513,0.0961538461538462,0.193548387096774,0.279714640198511,0,4.0,6.0
2010,REG+POST,00-0025438,,Steve Smith,WR,WR,,9,NYG,0,0,0,0,0,0,0,0,0,0,0,0,,0,,,0,0,0,0,0,0,,0,48,75,529,3,0,0,944,107,29,20.9037463248407,0,0.560381355932203,0.244299674267101,0.332628611698379,0.599289539589517,0,70.9,118.9
2010,REG+POST,00-0025439,,Brian Leonard,RB,RB,,11,CIN,0,0,0,0,0,0,0,0,0,0,0,0,,0,,,9,61,0,0,0,4,6.32412171084434,0,20,26,137,1,0,0,67,96,9,0.937485949427806,0,2.04477611940299,0.0670103092783505,0.0236916548797737,0.117099622333367,0,25.8,45.8
2010,REG+POST,00-0025447,,Samson Satele,C,OL,,1,LV,0,0,0,0,0,0,0,0,0,0,0,0,,0,,,1,0,0,1,0,0,-1.44583167834207,0,0,0,0,0,0,0,0,0,0,,0,,,,,0,0.0,0.0
2010,REG+POST,00-0025450,,Brandon Jackson,RB,RB,,20,GB,0,0,0,0,0,0,0,0,0,0,0,0,,0,,,196,731,3,1,0,29,-17.9810950302666,0,48,58,406,2,0,0,-17,425,21,16.4843771745692,0,-23.8823529411765,0.0877458396369138,-0.0027864284543517,0.129668259537324,0,143.7,191.7
2010,REG+POST,00-0025458,,Lorenzo Booker,RB,RB,,4,MIN,0,0,0,0,0,0,0,0,0,0,0,0,,0,,,0,0,0,0,0,0,,0,5,6,32,0,1,1,37,29,3,-1.64695053762989,0,0.864864864864865,0.0476190476190476,0.0459057071960298,0.103562566465792,0,1.2,6.2
2010,REG+POST,00-0025460,,Jacoby Jones,WR,WR,"https://static.www.nfl.com/image/private/f_auto,q_auto/league/yhjtycrpq7jtfarxkhcx",15,HOU,0,0,0,0,0,0,0,0,0,0,0,0,,0,,,2,7,0,0,0,1,-0.0516498589422554,0,51,78,562,3,1,0,648,231,31,18.134775795246,1,0.867283950617284,0.146616541353383,0.157319737800437,0.330048628490381,0,76.9,127.9
2010,REG+POST,00-0025461,,Yamon Figurs,WR,WR,,2,CLE,0,0,0,0,0,0,0,0,0,0,0,0,,0,,,1,-4,0,0,0,0,-1.05345425987616,0,2,2,17,0,0,0,10,7,1,1.05254756123759,0,1.7,0.0526315789473684,0.0431034482758621,0.109119782214156,0,1.3,3.3
2010,REG+POST,00-0025462,,Laurent Robinson,WR,WR,,13,LA,0,0,0,0,0,0,0,0,0,0,0,0,,0,,,2,-14,0,0,0,0,-2.01714712701505,0,34,75,344,2,0,0,731,109,19,-3.92865718797404,0,0.470588235294118,0.157894736842105,0.223547400611621,0.393325285691292,0,45.0,79.0
2010,REG+POST,00-0025463,,Jason Hill,WR,WR,,6,JAX,0,0,0,0,0,0,0,0,0,0,0,0,,0,,,0,0,0,0,0,0,,0,11,21,248,1,0,0,371,42,9,9.74293941578958,0,0.668463611859838,0.120689655172414,0.251866938221317,0.357341339513543,0,30.8,41.8
2010,REG+POST,00-0025464,,Matt Spaeth,TE,TE,"https://static.www.nfl.com/image/private/f_auto,q_auto/league/wywcnns8be7rzlrwnjwh",9,PIT,0,0,0,0,0,0,0,0,0,0,0,0,,0,,,0,0,0,0,0,0,,0,10,20,89,1,0,0,152,41,4,-1.51034395000897,0,0.585526315789474,0.0746268656716418,0.0559234731420162,0.151086729706874,0,14.9,24.9
2010,REG+POST,00-0025465,,James Jones,WR,WR,,20,GB,0,0,0,0,0,0,0,0,0,0,0,0,,0,,,0,0,0,0,0,0,,0,61,100,823,7,3,1,1151,320,40,35.5874702584462,0,0.715030408340573,0.151285930408472,0.188657597115227,0.358989213593367,0,122.3,183.3
2010,REG+POST,00-0025466,,Mike Sims-Walker,WR,WR,,14,JAX,0,0,0,0,0,0,0,0,0,0,0,0,,0,,,0,0,0,0,0,0,,0,43,80,562,7,1,1,906,117,32,18.1803512986312,0,0.620309050772627,0.195121951219512,0.256657223796034,0.472342983486492,0,96.2,139.2
2010,REG+POST,00-0025479,,Trent Edwards,QB,QB,,4,JAX,55,101,521,2,5,11,95,0,0,589,246,23,-39.8212180196586,0,0.884550084889644,-0.0119596620576334,14,58,0,0,0,7,8.0864612335572,0,0,0,0,0,0,0,0,0,0,,0,,,,,0,24.64,24.64
2010,REG+POST,00-0025480,,Garrett Wolfe,RB,RB,,1,CHI,0,0,0,0,0,0,0,0,0,0,0,0,,0,,,4,8,0,0,0,0,-3.84377028234303,0,0,0,0,0,0,0,0,0,0,,0,,,,,0,0.8,0.8
2010,REG+POST,00-0025486,,Johnnie Lee Higgins,WR,WR,,10,LV,1,1,1,0,0,0,0,0,0,-8,9,0,-0.393919147085398,0,0.0,,0,0,0,0,0,0,,0,10,30,103,0,0,0,348,18,5,-17.158781863465,0,0.295977011494253,0.0920245398773006,0.118852459016393,0.221233531127426,0,10.34,20.34
2010,REG+POST,00-0025487,,Michael Bush,RB,RB,,14,LV,0,0,0,0,0,0,0,0,0,0,0,0,,0,,,158,655,8,0,0,32,1.8776495403103,0,18,24,194,0,0,0,16,190,11,9.57237476006507,0,12.125,0.0885608856088561,0.0076555023923445,0.138200180087925,0,132.9,150.9
2010,REG+POST,00-0025516,,Scott Chandler,TE,TE,"https://static.www.nfl.com/image/private/f_auto,q_auto/league/zktr2miqzub2buwa19x7",3,BUF,0,0,0,0,0,0,0,0,0,0,0,0,,0,,,0,0,0,0,0,0,,0,1,3,8,0,0,0,41,5,0,-1.11676728981547,0,0.195121951219512,0.04,0.0624048706240487,0.103683409436834,0,0.8,1.8
2010,REG+POST,00-0025524,,Le'Ron McClain,FB,RB,,15,BAL,0,0,0,0,0,0,0,0,0,0,0,0,,0,,,29,86,0,0,0,15,-0.999195655025533,0,21,26,134,0,0,0,-11,145,6,1.34649091440951,0,-12.1818181818182,0.0658227848101266,-0.0029802221620157,0.0966480217017789,0,22.0,43.0
2010,REG+POST,00-0025529,,Steve Breaston,WR,WR,,12,ARI,1,2,17,0,0,0,0,0,0,50,6,1,0.635375871439464,0,0.34,,3,35,0,0,0,2,1.88234427530551,0,47,87,718,1,0,0,1171,168,32,13.0468603727832,0,0.613151152860803,0.197278911564626,0.275529411764706,0.488788955582233,0,81.98,128.98
2010,REG+POST,00-0025540,,Kevin Boss,TE,TE,,15,NYG,0,0,0,0,0,0,0,0,0,0,0,0,,0,,,0,0,0,0,0,0,,0,35,70,531,5,1,1,580,246,22,-4.99458984100278,0,0.91551724137931,0.137254901960784,0.125378296584522,0.293647160550342,0,81.1,116.1
2010,REG+POST,00-0025542,,Dante Rosario,TE,TE,,16,CAR,0,0,0,0,0,0,0,0,0,0,0,0,,0,,,1,-2,0,0,0,0,-0.912520082434639,0,32,58,264,0,0,0,352,136,15,-23.5760385613984,0,0.75,0.123931623931624,0.101763515466898,0.257131896724264,0,26.2,58.2
2010,REG+POST,00-0025544,,David Clowney,WR,WR,,8,CAR,0,0,0,0,0,0,0,0,0,0,0,0,,0,,,0,0,0,0,0,0,,0,7,16,124,0,0,0,240,39,4,3.4385705452296,0,0.516666666666667,0.064,0.113475177304965,0.175432624113475,0,12.4,19.4
2010,REG+POST,00-0025549,B.Celek,Brent Celek,TE,TE,"https://static.www.nfl.com/image/private/f_auto,q_auto/league/mit6ahic4gkdhy1hkejt",15,PHI,0,0,0,0,0,0,0,0,0,0,0,0,,0,,,0,0,0,0,0,0,,0,44,83,536,4,0,0,744,251,24,14.1056872078154,0,0.720430107526882,0.162109375,0.163408741489128,0.35755018154239,0,77.6,121.6
2010,REG+POST,00-0025559,,Legedu Naanee,WR,WR,,9,LAC,0,0,0,0,0,0,0,0,0,0,0,0,,0,,,3,-2,0,0,0,0,-2.23585926531814,0,23,46,371,1,1,1,548,106,20,9.42346458958155,1,0.677007299270073,0.167883211678832,0.224222585924714,0.408780627665548,0,42.9,65.9
2010,REG+POST,00-0025561,,Troy Smith,QB,QB,,6,SF,73,145,1176,5,4,18,112,3,0,1460,580,43,-6.14869257596761,0,0.805479452054795,0.011965420244896,23,121,1,3,0,9,3.7274076599419,0,0,0,0,0,0,0,0,0,0,,0,,,,,0,77.14,77.14
2010,REG+POST,00-0025568,,Reagan Maui'a,FB,RB,,6,ARI,0,0,0,0,0,0,0,0,0,0,0,0,,0,,,0,0,0,0,0,0,,0,2,6,20,0,0,0,30,19,2,-0.588930318859639,0,0.666666666666667,0.032258064516129,0.021398002853067,0.0633656987713405,0,2.0,4.0
2010,REG+POST,00-0025573,,Thomas Clayton,RB,RB,,2,NE,0,0,0,0,0,0,0,0,0,0,0,0,,0,,,7,17,0,0,0,1,-3.48004101990955,0,0,0,0,0,0,0,0,0,0,,0,,,,,0,1.7,1.7
2010,REG+POST,00-0025578,,Korey Hall,RB,RB,,2,GB,0,0,0,0,0,0,0,0,0,0,0,0,,0,,,0,0,0,0,0,0,,0,2,2,11,0,0,0,2,9,0,0.456158068729565,0,5.5,0.0294117647058824,0.0051020408163265,0.0476890756302521,0,1.1,3.1
2010,REG+POST,00-0025592,,Jordan Palmer,QB,QB,,1,CIN,3,3,18,0,0,2,20,0,0,3,15,1,-0.812060851603746,0,6.0,,0,0,0,0,0,0,,0,0,0,0,0,0,0,0,0,0,,0,,,,,0,0.72,0.72
2010,REG+POST,00-0025602,,Ben Patrick,TE,TE,,9,ARI,0,0,0,0,0,0,0,0,0,0,0,0,,0,,,0,0,0,0,0,0,,0,15,18,123,0,1,0,114,53,5,1.76309197890805,0,1.07894736842105,0.0602006688963211,0.039832285115304,0.118183602925194,0,12.3,27.3
2010,REG+POST,00-0025604,,Tyler Thigpen,QB,QB,,5,MIA,33,62,435,2,2,8,50,0,0,677,129,20,-10.930949949602,0,0.642540620384047,-0.0143967212122043,13,73,0,2,0,3,-1.2769151602017,0,0,0,0,0,0,0,0,0,0,,0,,,,,0,28.7,28.7
2010,REG+POST,00-0025622,,Chansi Stuckey,WR,WR,,15,CLE,0,0,0,0,0,0,0,0,0,0,0,0,,0,,,3,9,1,0,0,1,0.66966495779343,0,40,63,346,0,2,1,368,204,21,-20.9391039241373,0,0.940217391304348,0.141891891891892,0.0995670995670996,0.282534807534808,0,39.5,79.5
2010,REG+POST,00-0025631,,Jason Snelling,FB,RB,,15,ATL,0,0,0,0,0,0,0,0,0,0,0,0,,0,,,88,325,2,1,0,21,-6.28710272595206,0,46,53,309,3,1,0,66,254,12,9.19405745560654,0,4.68181818181818,0.0996240601503759,0.0163609320773426,0.160888742679704,0,93.4,139.4
2010,REG+POST,00-0025633,,Kenneth Darby,RB,RB,,13,LA,0,0,0,0,0,0,0,0,0,0,0,0,,0,,,34,107,2,0,0,7,-4.01392795009613,0,10,13,61,1,0,0,-22,77,2,-3.78929383257761,0,-2.77272727272727,0.0367231638418079,-0.0096322241681261,0.0483421888450236,0,34.8,44.8
2010,REG+POST,00-0025637,,Ahmad Bradshaw,RB,RB,"https://static.www.nfl.com/image/private/f_auto,q_auto/league/vlgcz2so2urjgowxz3tz",16,NYG,0,0,0,0,0,0,0,0,0,0,0,0,,0,,,276,1235,8,7,6,62,-33.3940159077566,1,47,58,314,0,0,0,-56,366,18,-1.1071767189127,0,-5.60714285714286,0.108614232209738,-0.0133111480865225,0.153603544654041,0,192.9,239.9
2010,REG+POST,00-0025668,,Michael Adams,DB,DB,,1,ARI,0,0,0,0,0,0,0,0,0,0,0,0,,0,,,0,0,0,0,0,0,,0,0,0,0,0,0,0,0,0,0,,0,,,,,1,6.0,6.0
2010,REG+POST,00-0025672,,Tim Castille,FB,RB,,8,KC,0,0,0,0,0,0,0,0,0,0,0,0,,0,,,5,3,0,0,0,0,-4.09540083818138,0,10,12,43,0,0,0,19,49,3,-1.96371631120564,0,2.26315789473684,0.0863309352517986,0.021689497716895,0.144679051279524,0,4.6,14.6
2010,REG+POST,00-0025701,,Jackie Battle,RB,RB,,8,KC,0,0,0,0,0,0,0,0,0,0,0,0,,0,,,20,50,1,0,0,7,-3.97837484319462,0,1,3,9,0,0,0,5,7,0,-1.40251124254428,0,1.8,0.0483870967741936,0.0124069478908189,0.0812655086848635,0,11.9,12.9
2010,REG+POST,00-0025708,M.Moore,Matt Moore,QB,QB,"https://static.www.nfl.com/image/private/f_auto,q_auto/league/h04zarfikqlgerdftbgp",6,CAR,79,143,857,5,10,13,90,4,2,1247,351,47,-37.049706099115,0,0.687249398556536,0.0054394676851068,5,25,0,0,0,1,0.578454814618453,0,0,0,0,0,0,0,0,0,0,,0,,,,,0,32.78,32.78
2010,REG+POST,00-0025749,,Richard Bartel,QB,QB,,1,ARI,16,28,150,0,1,2,12,0,0,168,39,7,-15.7717588974338,0,0.892857142857143,-0.0006914972472315,0,0,0,0,0,0,,0,0,0,0,0,0,0,0,0,0,,0,,,,,0,4.0,4.0
2010,REG+POST,00-0025825,B.Kern,Brett Kern,P,SPEC,"https://static.www.nfl.com/image/private/f_auto,q_auto/league/dbph1kuozunx3aorpeiw",1,TEN,0,0,0,0,0,0,0,0,0,0,0,0,,0,,,1,0,0,0,0,0,-4.36872428958304,0,0,0,0,0,0,0,0,0,0,,0,,,,,0,0.0,0.0
2010,REG+POST,00-0025860,,BenJarvus Green-Ellis,RB,RB,,17,NE,0,0,0,0,0,0,0,0,0,0,0,0,,0,,,238,1051,13,0,0,64,25.4678893137231,0,14,19,96,0,0,0,42,55,5,-4.94155844926312,0,2.28571428571429,0.0605095541401274,0.0170593013809911,0.102705842176885,0,192.7,206.7
2010,REG+POST,00-0025864,,Jonathan Stupar,TE,TE,,7,BUF,0,0,0,0,0,0,0,0,0,0,0,0,,0,,,0,0,0,0,0,0,,0,12,13,111,0,1,0,26,85,4,0.790094031137414,0,4.26923076923077,0.0670103092783505,0.0187454938716655,0.113637309627692,0,11.1,23.1
2010,REG+POST,00-0025955,,Albert Young,RB,RB,,2,MIN,0,0,0,0,0,0,0,0,0,0,0,0,,0,,,13,29,0,0,0,1,-4.31733331817668,0,2,2,11,0,0,0,7,4,0,-1.25091427587904,0,1.57142857142857,0.0740740740740741,0.025,0.128611111111111,0,4.0,6.0
2010,REG+POST,00-0025970,,Caleb Hanie,QB,QB,,3,CHI,18,27,208,1,2,2,15,0,0,235,74,9,-4.19242312165443,0,0.885106382978723,0.0660169488922801,2,2,0,0,0,0,-0.179017848102376,0,0,0,0,0,0,0,0,0,0,,0,,,,,0,8.52,8.52
2010,REG+POST,00-0025995,,Jordan Senn,LB,LB,,1,CAR,0,0,0,0,0,0,0,0,0,0,0,0,,0,,,1,5,0,0,0,1,2.73177848942578,0,0,0,0,0,0,0,0,0,0,,0,,,,,0,0.5,0.5
2010,REG+POST,00-0026000,,Davone Bess,WR,WR,,16,MIA,0,0,0,0,0,0,0,0,0,0,0,0,,0,,,1,0,0,0,0,0,-0.484463885426521,0,80,126,817,5,0,0,993,310,43,13.2887972355762,0,0.822759315206445,0.228260869565217,0.212270200940573,0.490980445006227,0,111.7,191.7
2010,REG+POST,00-0026008,,Matthew Mulligan,TE,TE,"https://static.www.nfl.com/image/private/f_auto,q_auto/league/okuwvdnxk6weqzz3tglf",2,NYJ,0,0,0,0,0,0,0,0,0,0,0,0,,0,,,0,0,0,0,0,0,,0,0,2,0,0,0,0,8,0,0,-1.23815751960501,0,0.0,0.0333333333333333,0.0343347639484979,0.0740343347639485,0,0.0,0.0
2010,REG+POST,00-0026012,,Jehuu Caulcrick,RB,RB,,1,BUF,0,0,0,0,0,0,0,0,0,0,0,0,,0,,,1,2,0,0,0,1,0.330936094978824,0,0,0,0,0,0,0,0,0,0,,0,,,,,0,0.2,0.2
2010,REG+POST,00-0026019,D.Woodhead,Danny Woodhead,RB,RB,"https://static.www.nfl.com/image/private/f_auto,q_auto/league/gorlqe0etvc8ek5wob7j",15,NE,0,0,0,0,0,0,0,0,0,0,0,0,,0,,,111,593,5,2,1,24,19.507491449971,0,40,53,431,1,0,0,87,373,18,12.1870022778178,0,4.95402298850575,0.125890736342043,0.0273241206030151,0.207962988935175,0,136.4,176.4
2010,REG+POST,00-0026029,,Kregg Lumpkin,RB,RB,,2,TB,0,0,0,0,0,0,0,0,0,0,0,0,,0,,,1,0,0,0,0,0,-1.65480472659692,0,1,1,12,0,0,0,-4,16,1,1.11131526832469,0,-3.0,0.037037037037037,-0.0216216216216216,0.0404204204204204,0,1.2,2.2
2010,REG+POST,00-0026032,,Taj Smith,WR,WR,,1,IND,0,0,0,0,0,0,0,0,0,0,0,0,,0,,,0,0,0,0,0,0,,0,0,0,0,0,0,0,0,0,0,,0,,,,,1,6.0,6.0
2010,REG+POST,00-0026033,,Mike Cox,FB,RB,,4,KC,0,0,0,0,0,0,0,0,0,0,0,0,,0,,,0,0,0,0,0,0,,0,4,4,27,0,0,0,1,26,1,1.26489693042822,0,27.0,0.0305343511450382,0.0023866348448687,0.0474721711089654,0,2.7,6.7
2010,REG+POST,00-0026035,D.Amendola,Danny Amendola,WR,WR,"https://static.www.nfl.com/image/private/f_auto,q_auto/league/etz06w7s0ardf49mnayz",16,LA,0,0,0,0,0,0,0,0,0,0,0,0,,0,,,7,81,0,0,0,4,3.21242262294982,0,85,123,689,3,1,1,630,363,35,-1.32108954608109,0,1.09365079365079,0.211340206185567,0.161828923709222,0.430290555874806,0,93.0,178.0
2010,REG+POST,00-0026056,,Gary Banks,WR,WR,,2,LAC,0,0,0,0,0,0,0,0,0,0,0,0,,0,,,0,0,0,0,0,0,,0,1,3,2,0,0,0,21,0,0,-3.14263020816725,0,0.0952380952380952,0.0517241379310345,0.0567567567567568,0.117315936626281,0,0.2,1.2
2010,REG+POST,00-0026069,M.Tolbert,Mike Tolbert,FB,RB,"https://static.www.nfl.com/image/private/f_auto,q_auto/league/frwhwdhbcteyg7xjha7a",15,LAC,0,0,0,0,0,0,0,0,0,0,0,0,,0,,,182,735,11,5,3,42,-12.7661914582386,1,25,29,216,0,0,0,24,192,8,11.8141529446584,0,9.0,0.0767195767195767,0.007631160572337,0.120421177480001,0,157.1,182.1
2010,REG+POST,00-0026071,,Kyle Arrington,CB,DB,"https://static.www.nfl.com/image/private/f_auto,q_auto/league/xzz3lmkcfvtjnghrleat",1,NE,0,0,0,0,0,0,0,0,0,0,0,0,,0,,,0,0,0,0,0,0,,0,0,0,0,0,0,0,0,0,0,,0,,,,,1,6.0,6.0
2010,REG+POST,00-0026123,,Evan Moore,TE,TE,,9,CLE,0,0,0,0,0,0,0,0,0,0,0,0,,0,,,0,0,0,0,0,0,,0,16,26,322,1,1,1,382,89,11,12.2370282053208,0,0.842931937172775,0.0935251798561151,0.164797238999137,0.255645837083569,0,36.2,52.2
2010,REG+POST,00-0026143,M.Ryan,Matt Ryan,QB,QB,"https://static.www.nfl.com/image/private/f_auto,q_auto/league/s6zam4ekrrnonsck6vak",17,ATL,377,600,3891,29,11,28,195,3,2,5052,1393,208,91.7202754387635,2,0.770190023752969,0.116973552274415,47,122,0,2,2,9,-19.7186577557586,0,0,0,0,0,0,0,0,0,0,,0,,,,,0,257.84,257.84
2010,REG+POST,00-0026144,D.McFadden,Darren McFadden,RB,RB,"https://static.www.nfl.com/image/private/f_auto,q_auto/league/bfvionxxsfckmjqtw4kv",13,LV,0,1,0,0,0,0,0,0,0,33,0,0,-0.438823980512098,0,0.0,,223,1157,7,3,2,45,-7.1598270549364,0,47,61,507,3,1,1,1,518,21,22.1620912702347,0,507.0,0.146634615384615,0.0003160556257901,0.220173162014976,0,220.4,267.4
2010,REG+POST,00-0026153,J.Stewart,Jonathan Stewart,RB,RB,"https://static.www.nfl.com/image/private/f_auto,q_auto/league/dzvxfj3xrgnzc3jbag2n",14,CAR,0,0,0,0,0,0,0,0,0,0,0,0,,0,,,178,770,2,4,4,32,-38.406578140088,0,8,14,103,1,0,0,30,67,2,-3.05359488527877,0,3.43333333333333,0.048951048951049,0.0170261066969353,0.0853448481144281,0,97.3,105.3
2010,REG+POST,00-0026154,,Chris Williams,G,OL,,1,CHI,0,0,0,0,0,0,0,0,0,0,0,0,,0,,,0,0,0,0,0,0,,0,1,1,4,0,0,0,4,0,0,-0.421161846257746,0,1.0,0.025,0.0113636363636364,0.0454545454545455,0,0.4,1.4
2010,REG+POST,00-0026158,J.Flacco,Joe Flacco,QB,QB,"https://static.www.nfl.com/image/upload/f_auto,q_auto/league/yxvyoeojkif7tnfviamc",18,BAL,347,553,4012,28,11,49,345,8,3,4840,1742,201,47.2131500487431,0,0.828925619834711,0.100440024936959,52,109,1,4,3,11,-13.0299700560281,0,0,0,0,0,0,0,0,0,0,,0,,,,,0,255.38,255.38
2010,REG+POST,00-0026162,,Felix Jones,RB,RB,,16,DAL,0,0,0,0,0,0,0,0,0,0,0,0,,0,,,185,800,1,1,1,44,-12.7870484043283,0,48,52,450,1,1,0,-95,540,15,13.1779901246093,0,-4.73684210526316,0.0964749536178108,-0.0283921099820681,0.124837953439268,0,135.0,183.0
2010,REG+POST,00-0026163,,Rashard Mendenhall,RB,RB,,19,PIT,0,0,0,0,0,0,0,0,0,0,0,0,,0,,,385,1503,17,4,4,73,-37.6078759436368,0,27,39,219,0,0,0,-17,232,9,1.19612913363497,0,-12.8823529411765,0.0719557195571956,-0.0036201022146507,0.105399507785538,0,266.2,293.2
2010,REG+POST,00-0026164,C.Johnson,Chris Johnson,RB,RB,"https://static.www.nfl.com/image/private/f_auto,q_auto/league/ryf9nc84eovvdbf0cz79",16,TEN,0,0,0,0,0,0,0,0,0,0,0,0,,0,,,316,1364,11,2,2,55,-35.4343254638718,0,44,57,245,1,1,0,32,243,9,-10.5206026847287,0,7.65625,0.122055674518201,0.0067638976960473,0.187818240164535,0,228.9,272.9
2010,REG+POST,00-0026170,,Dustin Keller,TE,TE,,18,NYJ,0,0,0,0,0,0,0,0,0,0,0,0,,0,,,0,0,0,0,0,0,,0,69,124,808,5,0,0,1069,261,39,8.57995031213807,0,0.755846585594013,0.209459459459459,0.193799854967368,0.449849087666347,0,110.8,179.8
2010,REG+POST,00-0026174,,Devin Thomas,WR,WR,,1,CAR,0,0,0,0,0,0,0,0,0,0,0,0,,0,,,0,0,0,0,0,0,,0,0,1,0,0,0,0,-2,0,0,-0.679642834700644,0,0.0,0.0357142857142857,-0.0103626943005181,0.0463175425610659,0,0.0,0.0
2010,REG+POST,00-0026176,J.Nelson,Jordy Nelson,WR,WR,"https://static.www.nfl.com/image/private/f_auto,q_auto/league/bde2n4ozsakatgs4yyp2",20,GB,0,0,0,0,0,0,0,0,0,0,0,0,,0,,,0,0,0,0,0,0,,0,66,93,868,4,1,1,1000,327,39,52.8482388127831,0,0.868,0.140695915279879,0.163907556138338,0.325779162216655,0,108.8,174.8
2010,REG+POST,00-0026178,,John Carlson,TE,TE,,16,SEA,0,0,0,0,0,0,0,0,0,0,0,0,,0,,,0,0,0,0,0,0,,0,35,62,349,3,0,0,489,150,15,-11.8044674349706,0,0.713701431492843,0.113553113553114,0.117013639626705,0.252239218068364,0,52.9,87.9
2010,REG+POST,00-0026182,,Eddie Royal,WR,WR,"https://static.www.nfl.com/image/private/f_auto,q_auto/league/xoejgvlit9inmaazsvk4",16,DEN,0,0,0,0,0,0,0,0,0,0,0,0,,0,,,6,61,0,1,1,4,-0.83395373809617,0,59,105,627,3,1,0,738,367,32,-3.15433802238716,0,0.849593495934959,0.181975736568458,0.132662232608305,0.3658271676785,0,84.8,143.8
2010,REG+POST,00-0026184,M.Forte,Matt Forte,RB,RB,"https://static.www.nfl.com/image/private/f_auto,q_auto/league/olqssssjykcx7tx7xsy3",18,CHI,0,1,0,0,1,0,0,0,0,13,0,0,-5.51885838876478,0,0.0,,279,1219,6,0,0,47,-25.0025904922426,0,64,88,691,3,3,2,350,542,29,2.14437598514448,1,1.97428571428571,0.168260038240918,0.079167609138204,0.307807383758119,0,241.0,305.0
2010,REG+POST,00-0026186,,Jerome Simpson,WR,WR,,4,CIN,0,0,0,0,0,0,0,0,0,0,0,0,,0,,,1,2,0,0,0,0,-0.477621697820723,0,20,25,277,3,2,2,278,78,14,14.8391940857178,0,0.996402877697842,0.203252032520325,0.272282076395691,0.495475502257471,0,41.9,61.9
2010,REG+POST,00-0026188,,Fred Davis,TE,TE,,13,WAS,0,0,0,0,0,0,0,0,0,0,0,0,,0,,,0,0,0,0,0,0,,0,21,31,316,3,0,0,217,168,11,18.1226644975541,0,1.45622119815668,0.0651260504201681,0.0553430247385871,0.136429192947263,0,49.6,70.6
2010,REG+POST,00-0026189,D.Jackson,DeSean Jackson,WR,WR,"https://static.www.nfl.com/image/private/f_auto,q_auto/league/pr5m864fqvnoozihylrh",15,PHI,0,0,0,0,0,0,0,0,0,0,0,0,,0,,,16,104,1,0,0,5,4.25958404014818,0,49,100,1103,6,2,1,1624,382,35,45.9149967912433,0,0.679187192118227,0.198412698412698,0.364861828802516,0.553022327780809,1,166.7,215.7
2010,REG+POST,00-0026195,,Ray Rice,RB,RB,,18,BAL,0,0,0,0,0,0,0,0,0,0,0,0,,0,,,336,1309,6,0,0,54,-25.2744992539336,0,75,96,630,2,1,1,39,613,27,7.98608802477309,0,16.1538461538462,0.172972972972973,0.008569545154911,0.265458141067897,0,239.9,314.9
2010,REG+POST,00-0026196,,Brian Brohm,QB,QB,,1,BUF,10,23,106,0,3,3,5,1,1,228,39,4,-21.0193127377424,0,0.464912280701754,6.53883074783201e-05,0,0,0,0,0,0,,0,0,0,0,0,0,0,0,0,0,,0,,,,,0,-3.76,-3.76
2010,REG+POST,00-0026197,C.Henne,Chad Henne,QB,QB,"https://static.www.nfl.com/image/private/f_auto,q_auto/league/ornr9pcnzveqlntqc7jx",15,MIA,302,491,3298,15,18,30,178,1,1,3965,1306,168,-3.10556122696007,0,0.831778058007566,0.0487187029091057,35,52,0,4,1,5,-12.1813237960697,0,0,0,0,0,0,0,0,0,0,,0,,,,,0,157.12,157.12
2010,REG+POST,00-0026201,M.Bennett,Martellus Bennett,TE,TE,"https://static.www.nfl.com/image/private/f_auto,q_auto/league/repls3tq1d4jnvwmaqia",15,DAL,0,0,0,0,0,0,0,0,0,0,0,0,,0,,,0,0,0,0,0,0,,0,33,48,260,0,1,0,162,187,12,-10.8428197081273,0,1.60493827160494,0.0880733944954129,0.0432230522945571,0.162366228349309,0,26.0,59.0
2010,REG+POST,00-0026204,,Kevin Smith,RB,RB,,6,DET,0,0,0,0,0,0,0,0,0,0,0,0,,0,,,33,125,0,0,0,5,-7.24614046068199,0,11,16,123,0,0,0,25,104,7,7.26490341554173,0,4.92,0.0601503759398496,0.0161498708010336,0.101530473470498,0,24.8,35.8
2010,REG+POST,00-0026209,,Jacob Hester,RB,RB,,14,LAC,0,0,0,0,0,0,0,0,0,0,0,0,,0,,,26,60,0,0,0,9,-1.82878694619285,0,22,26,145,1,0,0,-6,150,9,8.05081051334855,0,-24.1666666666667,0.0817610062893082,-0.0027397260273972,0.120723701214784,0,26.5,48.5
2010,REG+POST,00-0026210,,Earl Bennett,WR,WR,,16,CHI,0,0,0,0,0,0,0,0,0,0,0,0,,0,,,4,16,0,0,0,1,0.449261368252337,0,50,79,619,4,1,0,655,228,29,17.744450587392,0,0.945038167938931,0.175946547884187,0.159717142160449,0.375721821338595,0,87.5,137.5
2010,REG+POST,00-0026213,J.Charles,Jamaal Charles,RB,RB,"https://static.www.nfl.com/image/private/f_auto,q_auto/league/mdrlzgankwwjldxllgcx",17,KC,0,0,0,0,0,0,0,0,0,0,0,0,,0,,,239,1549,6,3,2,74,35.1041923708942,0,46,66,483,3,1,1,142,423,22,19.2898886891582,0,3.40140845070423,0.142857142857143,0.0397091722595078,0.24208213486737,0,251.2,297.2
2010,REG+POST,00-0026221,,Early Doucet,WR,WR,,10,ARI,0,0,0,0,0,0,0,0,0,0,0,0,,0,,,2,5,0,0,0,1,-0.452779978397302,0,26,59,291,1,0,0,503,80,10,-19.4744325726616,0,0.578528827037773,0.162087912087912,0.138682106424042,0.340209342628698,0,35.6,61.6
2010,REG+POST,00-0026224,H.Douglas,Harry Douglas,WR,WR,"https://static.www.nfl.com/image/private/f_auto,q_auto/league/hblmz1iaov5vqx7cd9cv",16,ATL,0,0,0,0,0,0,0,0,0,0,0,0,,0,,,2,-5,0,0,0,0,-2.52818748017307,0,23,54,296,1,0,0,657,121,15,-4.08342407333364,0,0.450532724505327,0.0949033391915641,0.138461538461538,0.239278085710423,0,35.1,58.1
2010,REG+POST,00-0026225,,Craig Stevens,TE,TE,,13,TEN,0,0,0,0,0,0,0,0,0,0,0,0,,0,,,0,0,0,0,0,0,,0,11,23,122,2,0,0,90,68,6,6.38647966616554,0,1.35555555555556,0.0618279569892473,0.0229357798165138,0.108796981355431,0,24.2,35.2
2010,REG+POST,00-0026229,,Steve Slaton,RB,RB,,5,HOU,0,0,0,0,0,0,0,0,0,0,0,0,,0,,,19,93,0,0,0,4,-0.0288577292230912,0,3,4,11,0,0,0,-3,19,1,-2.32969956676243,0,-3.66666666666667,0.0666666666666667,-0.0071428571428571,0.095,0,10.4,13.4
2010,REG+POST,00-0026231,,Jermichael Finley,TE,TE,,4,GB,0,0,0,0,0,0,0,0,0,0,0,0,,0,,,0,0,0,0,0,0,,0,21,26,301,1,0,0,262,98,12,19.3874732965386,0,1.14885496183206,0.220338983050847,0.208267090620032,0.476295438010294,0,36.1,57.1
2010,REG+POST,00-0026235,,Mario Manningham,WR,WR,,16,NYG,0,0,0,0,0,0,0,0,0,0,0,0,,0,,,1,2,0,0,0,0,-0.611662632785738,0,60,92,944,9,1,1,1184,350,32,29.2950544061011,0,0.797297297297297,0.172284644194757,0.239385361908613,0.425996719628164,0,146.6,206.6
2010,REG+POST,00-0026237,,Andre Caldwell,WR,WR,,9,CIN,0,0,0,0,0,0,0,0,0,0,0,0,,0,,,1,-2,0,0,0,0,-0.848744492977858,0,25,37,345,0,0,0,410,106,16,14.9664962274292,0,0.841463414634146,0.131205673758865,0.179745725558965,0.322630518529574,0,34.3,59.3
2010,REG+POST,00-0026249,,Mike McGlynn,OT,OL,"https://static.www.nfl.com/image/private/f_auto,q_auto/league/u2e7bucwqe3getqs3rau",1,PHI,0,0,0,0,0,0,0,0,0,0,0,0,,0,,,0,0,0,0,0,0,,0,1,1,1,0,0,0,0,1,0,-0.647875238326378,0,0.0,0.0294117647058824,,,0,0.1,1.1
2010,REG+POST,00-0026262,,Tashard Choice,RB,RB,,12,DAL,0,0,0,0,0,0,0,0,0,0,0,0,,0,,,66,243,3,0,0,14,-7.72084762871177,0,17,22,109,0,1,1,-16,123,6,-5.38777896381201,0,-6.8125,0.0660660660660661,-0.0081799591002045,0.0933731277289559,0,51.2,68.2
2010,REG+POST,00-0026266,,Lavelle Hawkins,WR,WR,,2,TEN,0,0,0,0,0,0,0,0,0,0,0,0,,0,,,0,0,0,0,0,0,,0,5,6,61,0,0,0,89,5,3,6.12584530806635,0,0.685393258426966,0.0895522388059701,0.0963203463203463,0.201752600633198,0,6.1,11.1
2010,REG+POST,00-0026267,,Jacob Tamme,TE,TE,"https://static.www.nfl.com/image/private/f_auto,q_auto/league/kfyqh9qmtwufzixwuoo2",11,IND,0,0,0,0,0,0,0,0,0,0,0,0,,0,,,0,0,0,0,0,0,,0,72,101,677,4,0,0,650,331,39,19.4710495776876,0,1.04153846153846,0.223946784922395,0.169270833333333,0.454409760716925,0,91.7,163.7
2010,REG+POST,00-0026279,,Ryan Torain,RB,RB,,10,WAS,0,0,0,0,0,0,0,0,0,0,0,0,,0,,,164,742,4,2,1,35,-20.3030536599297,0,18,27,125,2,0,0,-45,155,6,3.50026432416247,0,-2.77777777777778,0.0769230769230769,-0.0186954715413378,0.102297785305679,0,120.7,138.7
2010,REG+POST,00-0026281,,Gary Barnidge,TE,TE,"https://static.www.nfl.com/image/private/f_auto,q_auto/league/qhfzxti66ga02dok4etx",5,CAR,0,0,0,0,0,0,0,0,0,0,0,0,,0,,,0,0,0,0,0,0,,0,0,9,0,0,0,0,103,0,0,-21.206350749572,0,0.0,0.0584415584415584,0.09245960502693,0.152384061181189,0,0.0,0.0
2010,REG+POST,00-0026286,,Jerome Felton,FB,RB,"https://static.www.nfl.com/image/private/f_auto,q_auto/league/mkg1584egfz8psc6gca7",13,DET,0,0,0,0,0,0,0,0,0,0,0,0,,0,,,22,76,0,1,1,3,-5.60405095119495,0,8,15,54,0,0,0,4,62,3,-3.14037503011059,0,13.5,0.0372208436724566,0.001987083954297,0.0572222242766928,0,11.0,19.0
2010,REG+POST,00-0026289,T.Hightower,Tim Hightower,RB,RB,"https://static.www.nfl.com/image/private/f_auto,q_auto/league/azokebvu5bctrltqy38r",16,ARI,0,0,0,0,0,0,0,0,0,0,0,0,,0,,,153,736,5,4,4,30,-21.8627727750233,0,21,42,136,0,1,0,15,136,7,-18.3627580921815,0,9.06666666666667,0.0759493670886076,0.0031472933277381,0.116127155962328,0,109.2,130.2
2010,REG+POST,00-0026293,M.Slater,Matt Slater,WR,WR,"https://static.www.nfl.com/image/private/f_auto,q_auto/league/cs1ojdzhxjuanbw6vflv",1,NE,0,0,0,0,0,0,0,0,0,0,0,0,,0,,,0,0,0,0,0,0,,0,0,1,0,0,0,0,51,0,0,-0.768609866965562,0,0.0,0.037037037037037,0.191011235955056,0.189263420724095,0,0.0,0.0
2010,REG+POST,00-0026296,,Dennis Dixon,QB,QB,,2,PIT,22,32,254,0,1,5,41,1,1,214,99,8,-7.31193971003459,0,1.18691588785047,0.0404681878483191,5,32,0,1,0,1,-1.7451000992692,0,0,0,0,0,0,0,0,0,0,,0,,,,,0,9.36,9.36
2010,REG+POST,00-0026298,,Kellen Davis,TE,TE,"https://static.www.nfl.com/image/private/f_auto,q_auto/league/bftuje5hq6fnlmpc0uhy",4,CHI,0,0,0,0,0,0,0,0,0,0,0,0,,0,,,0,0,0,0,0,0,,0,3,5,61,2,0,0,58,20,2,6.08296976744896,0,1.05172413793103,0.0396825396825397,0.0512367491166078,0.095389533905435,0,18.1,21.1
2010,REG+POST,00-0026300,J.Johnson,Josh Johnson,QB,QB,"https://static.www.nfl.com/image/upload/f_auto,q_auto/league/gbaye18gptzb1jpyswv8",8,TB,14,16,111,0,0,2,8,0,0,108,51,5,-1.16187389701372,0,1.02777777777778,0.180415588998903,4,39,0,0,0,3,2.46169040660607,0,0,1,0,0,0,0,15,0,0,-0.539835539180785,0,0.0,0.037037037037037,0.0810810810810811,0.112312312312312,0,8.34,8.34
2010,REG+POST,00-0026303,,Owen Schmitt,FB,RB,,13,PHI,0,0,0,0,0,0,0,0,0,0,0,0,,0,,,0,0,0,0,0,0,,0,19,24,136,1,0,0,75,90,9,3.11404186760167,0,1.81333333333333,0.0547945205479452,0.0191717791411043,0.0956120262206908,0,19.6,38.6
2010,REG+POST,00-0026314,,Josh Morgan,WR,WR,,16,SF,0,0,0,0,0,0,0,0,0,0,0,0,,0,,,2,17,0,0,0,2,1.10069689503871,0,44,80,698,2,1,1,1007,299,27,15.5736995910269,0,0.693147964250248,0.163934426229508,0.24549000487567,0.417744642757232,0,81.5,125.5
2010,REG+POST,00-0026316,,Jalen Parmele,RB,RB,,1,BAL,0,0,0,0,0,0,0,0,0,0,0,0,,0,,,4,13,0,0,0,1,-1.11549343634397,0,0,0,0,0,0,0,0,0,0,,0,,,,,0,1.3,1.3
2010,REG+POST,00-0026323,,Spencer Larsen,FB,RB,,6,DEN,0,0,0,0,0,0,0,0,0,0,0,0,,0,,,3,18,0,0,0,3,1.94531747908331,0,5,5,51,1,0,0,10,41,3,3.87668289249996,0,5.1,0.0290697674418605,0.0114025085518814,0.0515864071491077,0,12.9,17.9
2010,REG+POST,00-0026324,,Mike Gibson,T,OL,,1,SEA,0,0,0,0,0,0,0,0,0,0,0,0,,0,,,0,0,0,0,0,0,,0,1,1,-2,0,0,0,-4,2,0,-1.69461330818012,0,0.0,0.0238095238095238,-0.0126182965299685,0.0268814781433078,0,-0.2,0.8
2010,REG+POST,00-0026331,,Paul Hubbard,WR,WR,,1,BUF,0,0,0,0,0,0,0,0,0,0,0,0,,0,,,0,0,0,0,0,0,,0,1,3,8,0,0,0,18,2,0,-1.4955098729115,0,0.444444444444444,0.115384615384615,0.0636042402826855,0.217599891274803,0,0.8,1.8
2010,REG+POST,00-0026342,,Mike Hart,RB,RB,,6,IND,0,0,0,0,0,0,0,0,0,0,0,0,,0,,,43,185,1,0,0,10,-3.32166182560078,0,6,6,25,0,0,0,1,24,2,0.200646547833458,0,25.0,0.0437956204379562,0.0008591065292096,0.066294805227381,0,27.0,33.0
2010,REG+POST,00-0026344,,Lex Hilliard,FB,RB,,2,MIA,0,0,0,0,0,0,0,0,0,0,0,0,,0,,,0,0,0,0,0,0,,0,1,2,3,0,0,0,0,5,0,-1.17072257836116,0,0.0,0.0246913580246914,0.0,0.037037037037037,0,0.3,1.3
2010,REG+POST,00-0026345,P.Garcon,Pierre Garcon,WR,WR,"https://static.www.nfl.com/image/private/f_auto,q_auto/league/xwjogot7xrfj9qwhsgtn",15,IND,0,0,0,0,0,0,0,0,0,0,0,0,,0,,,2,6,0,0,0,1,-0.526905602368061,0,73,127,928,7,1,1,1573,303,44,33.9045168910827,0,0.589955499046408,0.206168831168831,0.298199052132701,0.517992583246138,0,133.4,206.4
2010,REG+POST,00-0026349,,Matt Flynn,QB,QB,"https://static.www.nfl.com/image/private/f_auto,q_auto/league/goh8anyqhyvmkfmfbejp",7,GB,40,66,433,3,2,7,38,1,1,585,238,21,-5.26073758876983,0,0.74017094017094,0.0529282563096475,10,25,0,0,0,2,-0.264557886577677,0,0,0,0,0,0,0,0,0,0,,0,,,,,0,25.82,25.82
2010,REG+POST,00-0026357,,Brett Swain,WR,WR,,7,GB,0,0,0,0,0,0,0,0,0,0,0,0,,0,,,0,0,0,0,0,0,,0,6,11,72,0,0,0,95,59,3,-0.224891856196336,0,0.757894736842105,0.0445344129554656,0.0452812202097236,0.0984984735800048,0,7.2,13.2
2010,REG+POST,00-0026364,,Steve Johnson,WR,WR,"https://static.www.nfl.com/image/private/f_auto,q_auto/league/vlyzq1v53slatimy6v5q",16,BUF,0,0,0,0,0,0,0,0,0,0,0,0,,0,,,0,0,0,0,0,0,,0,82,142,1073,10,1,1,1432,394,61,19.4834123653356,0,0.749301675977654,0.276803118908382,0.317798490901021,0.637663621993288,0,165.3,247.3
2010,REG+POST,00-0026366,,Chaz Schilens,WR,WR,,4,LV,0,0,0,0,0,0,0,0,0,0,0,0,,0,,,0,0,0,0,0,0,,0,5,9,40,1,0,0,108,13,4,0.609411727171391,0,0.37037037037037,0.0789473684210526,0.119866814650388,0.202327822886851,0,10.0,15.0
2010,REG+POST,00-0026367,,Peyton Hillis,RB,RB,,16,CLE,1,2,13,0,0,0,0,0,0,14,7,1,1.46454431692837,0,0.928571428571429,,270,1177,11,8,5,57,-22.9867501685765,0,61,77,477,2,0,0,31,440,25,18.2953894432709,0,15.3870967741935,0.164529914529915,0.0094454600853138,0.253406693854592,0,233.92,294.92
2010,REG+POST,00-0026369,,Cary Williams,CB,DB,"https://static.www.nfl.com/image/private/f_auto,q_auto/league/iht8sg6tk9iejlud3bqf",1,BAL,0,0,0,0,0,0,0,0,0,0,0,0,,0,,,0,0,0,0,0,0,,0,1,1,13,0,0,0,4,9,1,3.8383247628808,0,3.25,0.0357142857142857,0.0202020202020202,0.0677128427128427,0,1.3,2.3
2010,REG+POST,00-0026373,,Justin Forsett,RB,RB,"https://static.www.nfl.com/image/private/f_auto,q_auto/league/o86dvbcs8dcubcpj6fnu",18,SEA,0,0,0,0,0,0,0,0,0,0,0,0,,0,,,126,552,2,0,0,26,-14.4406651858079,0,38,58,286,0,0,0,92,255,10,-0.535767715874921,0,3.10869565217391,0.0938511326860841,0.0176991150442478,0.1531660795601,0,95.8,133.8
2010,REG+POST,00-0026377,,Adrian Arrington,WR,WR,,1,NO,0,0,0,0,0,0,0,0,0,0,0,0,,0,,,0,0,0,0,0,0,,0,7,9,79,0,0,0,87,25,3,4.86632423638366,0,0.908045977011494,0.225,0.303135888501742,0.54969512195122,0,7.9,14.9
2010,REG+POST,00-0026393,M.Reece,Marcel Reece,FB,RB,"https://static.www.nfl.com/image/private/f_auto,q_auto/league/nqy3arwxgk4lwh3pfrr3",16,LV,0,0,0,0,0,0,0,0,0,0,0,0,,0,,,30,122,1,1,1,9,-5.36610484641278,0,25,43,333,3,0,0,183,304,12,1.92688027805599,0,1.81967213114754,0.0932754880694143,0.0485539931016185,0.173901027275254,0,67.5,92.5
2010,REG+POST,00-0026432,,Lance Ball,RB,RB,,7,DEN,0,0,0,0,0,0,0,0,0,0,0,0,,0,,,41,158,0,1,0,8,-7.99849960987922,0,3,6,16,0,0,0,18,25,1,-8.685282737948,0,0.888888888888889,0.0495867768595041,0.013719512195122,0.0839838238258416,0,17.4,20.4
2010,REG+POST,00-0026465,,Anthony Armstrong,WR,WR,,15,WAS,0,0,0,0,0,0,0,0,0,0,0,0,,0,,,0,0,0,0,0,0,,0,44,86,871,3,1,1,1481,160,32,21.0725792657923,0,0.588116137744767,0.152212389380531,0.315710935834577,0.449316239155,0,103.1,147.1
2010,REG+POST,00-0026491,,Stefan Logan,WR,WR,,9,DET,0,1,0,0,0,0,0,0,0,9,0,0,-0.413923758082092,0,0.0,,15,95,0,0,0,5,2.1501233347808,0,0,1,0,0,0,0,-1,0,0,-0.540078882710077,0,0.0,0.0188679245283019,-0.003257328990228,0.0260217564992932,1,15.5,15.5
2010,REG+POST,00-0026498,M.Stafford,Matthew Stafford,QB,QB,"https://static.www.nfl.com/image/upload/f_auto,q_auto/league/xdlnnbapdbk8trxqlasu",4,DET,57,96,535,6,1,4,36,1,1,673,297,27,-0.0562482454697602,1,0.794947994056464,0.0347136267403247,4,11,1,1,0,1,-0.704902698867954,0,0,0,0,0,0,0,0,0,0,,0,,,,,0,50.5,50.5
2010,REG+POST,00-0026516,B.Colquitt,Britton Colquitt,P,SPEC,"https://static.www.nfl.com/image/private/f_auto,q_auto/league/daujufaxsde6k6yj2ph1",1,DEN,0,0,0,0,0,0,0,0,0,0,0,0,,0,,,1,0,0,1,0,0,-3.17910098889843,0,0,0,0,0,0,0,0,0,0,,0,,,,,0,0.0,0.0
2010,REG+POST,00-0026536,,Nick Miller,WR,WR,,3,LV,0,0,0,0,0,0,0,0,0,0,0,0,,0,,,0,0,0,0,0,0,,0,3,4,40,0,0,0,59,3,1,1.86160418668558,0,0.677966101694915,0.0449438202247191,0.0772251308900524,0.121473321960115,0,4.0,7.0
2010,REG+POST,00-0026544,C.Daniel,Chase Daniel,QB,QB,"https://static.www.nfl.com/image/private/f_auto,q_auto/league/jt8fvgeyuhsbpo9m9t4x",2,NO,2,3,16,0,0,0,0,0,0,6,11,0,-0.462095965398476,0,2.66666666666667,,2,16,0,1,0,1,-2.10707309941063,0,0,0,0,0,0,0,0,0,0,,0,,,,,0,2.24,2.24
2010,REG+POST,00-0026566,,Isaac Redman,RB,RB,,18,PIT,0,0,0,0,0,0,0,0,0,0,0,0,,0,,,59,297,0,1,0,25,4.00405138004839,0,9,10,72,2,0,0,5,81,3,8.59971720853355,0,14.4,0.0467289719626168,0.0028376844494892,0.0720798370585677,0,48.9,57.9
2010,REG+POST,00-0026598,,Jerome Johnson,RB,RB,,1,ARI,0,0,0,0,0,0,0,0,0,0,0,0,,0,,,0,0,0,0,0,0,,0,0,1,0,0,0,0,2,0,0,-0.713180576451123,0,0.0,0.025,0.0048543689320388,0.0408980582524272,0,0.0,0.0
2010,REG+POST,00-0026607,,Brock Bolen,RB,RB,,1,JAX,0,0,0,0,0,0,0,0,0,0,0,0,,0,,,0,0,0,0,0,0,,0,1,3,15,0,0,0,26,4,1,0.389698709128425,0,0.576923076923077,0.0789473684210526,0.0783132530120482,0.173240329740013,0,1.5,2.5
2010,REG+POST,00-0026620,,Devin Moore,RB,RB,,1,IND,0,0,0,0,0,0,0,0,0,0,0,0,,0,,,2,-2,0,1,1,0,-4.45341798372101,0,0,0,0,0,0,0,0,0,0,,0,,,,,0,-2.2,-2.2
2010,REG+POST,00-0026625,B.Hoyer,Brian Hoyer,QB,QB,"https://static.www.nfl.com/image/private/f_auto,q_auto/league/japt3mj2xctm7saqndxn",5,NE,7,15,122,1,1,0,0,0,0,152,41,7,5.05823804845568,0,0.802631578947369,0.0722165893602083,10,-8,0,0,0,0,-8.7085223046015,0,0,0,0,0,0,0,0,0,0,,0,,,,,0,6.08,6.08
2010,REG+POST,00-0026644,,Josh Vaughan,RB,RB,,1,CAR,0,0,0,0,0,0,0,0,0,0,0,0,,0,,,3,7,1,0,0,1,0.902931325312238,0,0,0,0,0,0,0,0,0,0,,0,,,,,0,6.7,6.7
2010,REG+POST,00-0026658,,Zach Potter,TE,TE,,4,JAX,0,0,0,0,0,0,0,0,0,0,0,0,,0,,,0,0,0,0,0,0,,0,3,7,24,0,0,0,38,14,1,-6.23411742784083,0,0.631578947368421,0.0564516129032258,0.043230944254835,0.114939080333223,0,2.4,5.4
2010,REG+POST,00-0026665,,John Matthews,WR,WR,,1,JAX,0,0,0,0,0,0,0,0,0,0,0,0,,0,,,0,0,0,0,0,0,,0,0,1,0,0,0,0,21,0,0,-1.62782120145857,0,0.0,0.0476190476190476,0.130434782608696,0.162732919254658,0,0.0,0.0
2010,REG+POST,00-0026716,,Quan Cosby,WR,WR,,2,CIN,0,0,0,0,0,0,0,0,0,0,0,0,,0,,,0,0,0,0,0,0,,0,2,2,16,0,0,0,8,8,1,1.37192722898908,0,2.0,0.0338983050847458,0.016597510373444,0.0624657148885294,0,1.6,3.6
2010,REG+POST,00-0026723,,Chris Pressley,FB,RB,,1,CIN,0,0,0,0,0,0,0,0,0,0,0,0,,0,,,1,0,0,0,0,0,-1.6777797343675,0,1,1,6,0,0,0,4,2,0,0.275233535037842,0,1.5,0.0227272727272727,0.0133333333333333,0.0434242424242424,0,0.6,1.6
2010,REG+POST,00-0026745,,Curtis Brinkley,RB,RB,,2,LAC,0,0,0,0,0,0,0,0,0,0,0,0,,0,,,2,11,0,0,0,1,-0.465244158753194,0,0,0,0,0,0,0,0,0,0,,0,,,,,0,1.1,1.1
2010,REG+POST,00-0026757,,Kory Sperry,TE,TE,,3,LAC,0,0,0,0,0,0,0,0,0,0,0,0,,0,,,0,0,0,0,0,0,,0,4,4,73,0,0,0,34,39,3,5.63885156728793,0,2.14705882352941,0.0459770114942529,0.042875157629256,0.0989781275818585,0,7.3,11.3
2010,REG+POST,00-0026780,,Kevin Ogletree,WR,WR,,2,DAL,0,0,0,0,0,0,0,0,0,0,0,0,,0,,,0,0,0,0,0,0,,0,3,6,34,0,0,0,56,6,2,-0.481880090929064,0,0.607142857142857,0.0740740740740741,0.0972222222222222,0.179166666666667,0,3.4,6.4
2010,REG+POST,00-0026790,,Tyrell Sutton,RB,RB,,4,CAR,0,0,0,0,0,0,0,0,0,0,0,0,,0,,,13,71,0,0,0,2,1.64538737872499,0,12,12,70,0,0,0,-3,73,3,-3.3114392744028,0,-23.3333333333333,0.0952380952380952,-0.0034562211981566,0.140437788018433,0,14.1,26.1
2010,REG+POST,00-0026796,,Arian Foster,RB,RB,,16,HOU,0,0,0,0,0,0,0,0,0,0,0,0,,0,,,326,1614,16,3,2,89,11.8022576049238,0,66,84,604,2,0,0,24,591,34,19.4476324999431,0,25.1666666666667,0.148409893992933,0.0054632369679034,0.226439106866932,0,325.8,391.8
2010,REG+POST,00-0026804,,Ryan Purvis,TE,TE,,5,TB,0,0,0,0,0,0,0,0,0,0,0,0,,0,,,0,0,0,0,0,0,,0,5,6,38,0,0,0,27,26,3,2.17666827444918,0,1.40740740740741,0.0372670807453416,0.0226130653266332,0.0717297668466556,0,3.8,8.8
2010,REG+POST,00-0026819,,Kareem Huggins,RB,RB,,2,TB,0,0,0,0,0,0,0,0,0,0,0,0,,0,,,4,11,0,0,0,0,-1.27592924423516,0,1,2,7,0,0,0,35,0,1,0.619056621799246,0,0.2,0.0425531914893617,0.0837320574162679,0.12244222742543,0,1.8,2.8
2010,REG+POST,00-0026844,G.Sanborn,Garrison Sanborn,LS,SPEC,"https://static.www.nfl.com/image/private/f_auto,q_auto/league/hf5lgpcdcidclrjmppfy",1,BUF,0,0,0,0,0,0,0,0,0,0,0,0,,0,,,1,0,0,1,0,0,-0.380567122832872,0,0,0,0,0,0,0,0,0,0,,0,,,,,0,0.0,0.0
2010,REG+POST,00-0026852,D.Young,Darrel Young,FB,RB,"https://static.www.nfl.com/image/private/f_auto,q_auto/league/znfzmkdrjpzxrhv8j0r7",2,WAS,0,0,0,0,0,0,0,0,0,0,0,0,,0,,,4,19,0,0,0,1,-0.726120105362497,0,1,1,3,1,0,0,0,3,1,1.03389346896438,0,0.0,0.032258064516129,,,0,8.2,9.2
2010,REG+POST,00-0026855,,Antone Smith,RB,RB,"https://static.www.nfl.com/image/private/f_auto,q_auto/league/m45j6r43nwv5bsy0ooyo",1,ATL,0,0,0,0,0,0,0,0,0,0,0,0,,0,,,1,-3,0,0,0,0,-0.826900916406885,0,0,1,0,0,0,0,0,0,0,-0.926394586451352,0,,0.0256410256410256,,,0,-0.3,-0.3
2010,REG+POST,00-0026878,,Tom Crabtree,TE,TE,,8,GB,0,0,0,0,0,0,0,0,0,0,0,0,,0,,,0,0,0,0,0,0,,0,6,10,69,1,0,0,36,38,3,-0.334357037905906,0,1.91666666666667,0.036101083032491,0.0196613872200983,0.0679145956028053,0,12.9,18.9
2010,REG+POST,00-0026898,M.Sanchez,Mark Sanchez,QB,QB,"https://static.www.nfl.com/image/private/f_auto,q_auto/league/e12qugcuc1cpgkf0crfn",18,NYJ,332,596,3907,22,14,30,190,6,2,5470,1576,194,6.0477965376521,1,0.714259597806216,0.033974097841883,35,116,3,5,0,12,-0.424721424607067,0,0,0,0,0,0,0,0,0,0,,0,,,,,0,243.88,243.88
2010,REG+POST,00-0026899,,Shonn Greene,RB,RB,,18,NYJ,0,0,0,0,0,0,0,0,0,0,0,0,,0,,,230,964,3,2,2,49,-1.83272526081419,0,17,25,129,0,1,0,43,93,9,1.0560499621497,0,3.0,0.0577367205542725,0.0124313385371495,0.0953070178074134,0,123.3,140.3
2010,REG+POST,00-0026901,M.Wallace,Mike Wallace,WR,WR,"https://static.www.nfl.com/image/private/f_auto,q_auto/league/dy9z5wbsitf6l9psjq4y",19,PIT,0,0,0,0,0,0,0,0,0,0,0,0,,0,,,7,37,0,0,0,2,-0.649488990253303,0,73,124,1372,11,1,0,1846,424,53,58.7369783071128,0,0.743228602383532,0.222222222222222,0.340653257058498,0.571790613274282,0,206.9,279.9
2010,REG+POST,00-0026902,,Ramses Barden,WR,WR,,4,NYG,0,0,0,0,0,0,0,0,0,0,0,0,,0,,,0,0,0,0,0,0,,0,5,7,64,0,0,0,71,10,2,0.101396412299477,0,0.901408450704225,0.0454545454545455,0.0484641638225256,0.102106732857586,0,6.4,11.4
2010,REG+POST,00-0026913,,Johnny Knox,WR,WR,,18,CHI,0,0,0,0,0,0,0,0,0,0,0,0,,0,,,1,2,0,0,0,0,-0.548006894707214,0,57,112,1064,5,2,1,1621,265,47,3.59430537198415,0,0.656384947563233,0.21414913957935,0.343650625397498,0.561779147147274,0,134.6,191.6
2010,REG+POST,00-0026931,,Bear Pascoe,TE,TE,,8,NYG,0,0,0,0,0,0,0,0,0,0,0,0,,0,,,0,0,0,0,0,0,,0,9,13,72,0,0,0,26,54,5,-3.5835293319542,0,2.76923076923077,0.0505836575875486,0.0129482071713147,0.0849392314012433,0,7.2,16.2
2010,REG+POST,00-0026932,C.Peerman,Cedric Peerman,RB,RB,"https://static.www.nfl.com/image/private/f_auto,q_auto/league/a2vztwdw7rtpl9q9hzds",2,CIN,0,0,0,0,0,0,0,0,0,0,0,0,,0,,,2,1,0,0,0,0,-4.56255000317469,0,1,3,11,0,0,0,10,4,1,-2.43310686876066,0,1.1,0.0461538461538462,0.0181488203266788,0.0819349434594444,0,1.2,2.2
2010,REG+POST,00-0026937,,Brandon Gibson,WR,WR,"https://static.www.nfl.com/image/private/f_auto,q_auto/league/surhprm3dsmqjollulmn",14,LA,0,0,0,0,0,0,0,0,0,0,0,0,,0,,,3,28,0,0,0,2,1.38293316069758,0,53,91,620,2,0,0,966,206,33,-0.334286642245433,0,0.641821946169772,0.181274900398406,0.288272157564906,0.473702860893044,0,76.8,129.8
2010,REG+POST,00-0026941,,Bernard Scott,RB,RB,,14,CIN,0,0,0,0,0,0,0,0,0,0,0,0,,0,,,61,299,1,0,0,16,2.67118545357464,0,11,13,60,0,0,0,-14,77,3,1.05264163092943,0,-4.28571428571429,0.0553191489361702,-0.0082401412595644,0.0772106245225602,0,41.9,52.9
2010,REG+POST,00-0026953,,Sammie Stroughter,WR,WR,,11,TB,0,0,0,0,0,0,0,0,0,0,0,0,,0,,,1,2,0,0,0,1,0.793632681947202,0,24,38,239,0,0,0,318,100,13,-4.40976767296873,0,0.751572327044025,0.105263157894737,0.0934195064629847,0.223288391366195,0,24.1,48.1
2010,REG+POST,00-0026956,,LaRod Stephens-Howling,RB,RB,,13,ARI,0,0,0,0,0,0,0,0,0,0,0,0,,0,,,23,113,1,0,0,5,-0.694696786173154,0,16,23,111,0,0,0,66,97,8,-2.06576480219845,0,1.68181818181818,0.0657142857142857,0.0199275362318841,0.112520703933747,2,40.4,56.4
2010,REG+POST,00-0026957,D.Johnson,David Johnson,TE,TE,"https://static.www.nfl.com/image/private/f_auto,q_auto/league/td6y6zc2m3ifhcfd4yz9",4,PIT,0,0,0,0,0,0,0,0,0,0,0,0,,0,,,0,0,0,0,0,0,,0,4,6,46,0,0,0,28,30,2,1.12024433817932,0,1.64285714285714,0.0491803278688525,0.029504741833509,0.0944238110867349,0,4.6,8.6
2010,REG+POST,00-0026963,,Cameron Morrah,TE,TE,,10,SEA,0,0,0,0,0,0,0,0,0,0,0,0,,0,,,0,0,0,0,0,0,,0,13,24,181,0,0,0,224,87,7,6.491303627874,0,0.808035714285714,0.0707964601769912,0.0827484299963059,0.164118591262901,0,18.1,31.1
2010,REG+POST,00-0026983,D.Heyward-Bey,Darrius Heyward-Bey,WR,WR,"https://static.www.nfl.com/image/private/f_auto,q_auto/league/d5otkkbb0z2rdd2bjatd",14,LV,0,0,0,0,0,0,0,0,0,0,0,0,,0,,,4,48,0,1,1,2,-2.23723203875124,0,26,65,366,1,0,0,960,101,17,0.166265665201836,0,0.38125,0.172872340425532,0.288548241659152,0.461292279799705,0,45.4,71.4
2010,REG+POST,00-0026986,M.Crabtree,Michael Crabtree,WR,WR,"https://static.www.nfl.com/image/private/f_auto,q_auto/league/kcavcmeyaion38ewxwyk",16,SF,0,0,0,0,0,0,0,0,0,0,0,0,,0,,,0,0,0,0,0,0,,0,55,101,741,6,0,0,1043,292,40,0.649437116098854,0,0.710450623202301,0.206967213114754,0.254266211604096,0.488437167794998,0,110.1,165.1
2010,REG+POST,00-0026988,,Knowshon Moreno,RB,RB,,13,DEN,0,0,0,0,0,0,0,0,0,0,0,0,,0,,,182,779,5,3,2,34,-10.3072140034637,0,37,48,372,3,0,0,14,363,15,10.9875422401595,0,26.5714285714286,0.120603015075377,0.0038398244651673,0.183592399738682,0,159.1,196.1
2010,REG+POST,00-0026993,,Josh Freeman,QB,QB,"https://static.www.nfl.com/image/private/f_auto,q_auto/league/cwcasm6m73fx1mjpjk3n",16,TB,291,474,3451,25,6,28,195,6,1,4350,1510,166,75.2841072741026,0,0.793333333333333,0.132182851878065,68,364,0,2,2,29,19.8396858635794,1,0,0,0,0,0,0,0,0,0,,0,,,,,0,258.44,258.44
2010,REG+POST,00-0026995,J.Maclin,Jeremy Maclin,WR,WR,"https://static.www.nfl.com/image/private/f_auto,q_auto/league/tvlsuugnbn0idb0tbtgw",17,PHI,0,0,0,0,0,0,0,0,0,0,0,0,,0,,,3,36,0,0,0,3,2.97059013089165,0,73,122,1037,10,1,1,1589,312,48,31.8642330752861,0,0.652611705475142,0.208904109589041,0.300719152157456,0.523859570893781,0,165.3,238.3
2010,REG+POST,00-0026996,,Brandon Pettigrew,TE,TE,,16,DET,0,0,0,0,0,0,0,0,0,0,0,0,,0,,,0,0,0,0,0,0,,0,71,111,722,4,0,0,625,351,35,11.2660745198973,0,1.1552,0.178456591639871,0.139477795135015,0.365319344054317,0,96.2,167.2
2010,REG+POST,00-0026998,,Percy Harvin,WR,WR,"https://static.www.nfl.com/image/private/f_auto,q_auto/league/ly7xvqfvoehf5jqrzzcq",14,MIN,0,0,0,0,0,0,0,0,0,0,0,0,,0,,,18,107,1,0,0,7,6.3175127216382,0,71,109,868,5,0,0,1006,425,41,18.5689708509308,1,0.862823061630219,0.244943820224719,0.263695937090433,0.552002886300381,1,141.5,212.5
2010,REG+POST,00-0027003,,Donald Brown,RB,RB,,13,IND,0,0,0,0,0,0,0,0,0,0,0,0,,0,,,129,497,2,0,0,26,-10.348981069491,0,20,28,205,0,0,0,68,180,9,6.37361027085699,0,3.01470588235294,0.053742802303263,0.0152500560663826,0.0912892427013623,0,82.2,102.2
2010,REG+POST,00-0027005,,Hakeem Nicks,WR,WR,"https://static.www.nfl.com/image/private/f_auto,q_auto/league/nbgeeeuhd0n4zrctfxce",13,NYG,0,0,0,0,0,0,0,0,0,0,0,0,,0,,,0,0,0,0,0,0,,0,79,128,1052,11,1,0,1537,294,55,30.2214835151049,0,0.68445022771633,0.280087527352298,0.362414524876208,0.673821458441792,0,171.2,250.2
2010,REG+POST,00-0027006,K.Britt,Kenny Britt,WR,WR,"https://static.www.nfl.com/image/private/f_auto,q_auto/league/joozpvuyykyxjogcg3r5",11,TEN,0,0,0,0,0,0,0,0,0,0,0,0,,0,,,0,0,0,0,0,0,,0,42,73,775,9,1,1,1223,123,33,44.8206838792588,1,0.633687653311529,0.223926380368098,0.356351981351981,0.585335957498534,0,131.5,173.5
2010,REG+POST,00-0027007,,Beanie Wells,RB,RB,,13,ARI,0,0,0,0,0,0,0,0,0,0,0,0,,0,,,116,397,2,1,0,18,-18.1556839273919,0,5,8,74,0,0,0,53,27,3,3.43699086550623,0,1.39622641509434,0.0327868852459016,0.0284640171858217,0.0691051398989276,0,59.1,64.1
2010,REG+POST,00-0027010,P.Chung,Patrick Chung,SS,DB,"https://static.www.nfl.com/image/private/f_auto,q_auto/league/a47ekoy2j1fb1jd3qqo4",1,NE,0,0,0,0,0,0,0,0,0,0,0,0,,0,,,1,0,0,1,0,0,-2.45624653430423,0,0,0,0,0,0,0,0,0,0,,0,,,,,0,0.0,0.0
2010,REG+POST,00-0027012,,Brian Robiskie,WR,WR,,13,CLE,0,0,0,0,0,0,0,0,0,0,0,0,,0,,,0,0,0,0,0,0,,0,29,49,310,3,0,0,546,58,12,3.5726276979328,0,0.567765567765568,0.127937336814621,0.164013217182337,0.306715257249568,0,49.0,78.0
2010,REG+POST,00-0027026,,Mohamed Massaquoi,WR,WR,,15,CLE,1,1,29,1,0,0,0,0,0,29,0,1,2.90950958011672,0,1.0,,1,-3,0,0,0,0,-1.16398602724075,0,36,73,483,2,1,1,946,137,24,-19.5406645319243,0,0.510570824524313,0.161504424778761,0.250529661016949,0.417627399880006,0,63.16,99.16
2010,REG+POST,00-0027029,L.McCoy,LeSean McCoy,RB,RB,"https://static.www.nfl.com/image/private/f_auto,q_auto/league/cpc1a2dgivdyevuncz7p",16,PHI,0,0,0,0,0,0,0,0,0,0,0,0,,0,,,219,1126,7,1,1,49,10.4928948213853,0,82,97,628,2,2,0,-127,746,34,17.8314696064596,0,-4.94488188976378,0.176363636363636,-0.0287655719139298,0.244409554205704,0,227.4,309.4
2010,REG+POST,00-0027040,,Richard Quinn,TE,TE,,2,DEN,0,0,0,0,0,0,0,0,0,0,0,0,,0,,,0,0,0,0,0,0,,0,1,2,9,0,0,0,3,10,0,0.177804254926741,0,3.0,0.0444444444444444,0.0059288537549407,0.0708168642951252,0,0.9,1.9
2010,REG+POST,00-0027056,,Derrick Williams,WR,WR,,2,DET,0,0,0,0,0,0,0,0,0,0,0,0,,0,,,0,0,0,0,0,0,,0,3,5,30,0,0,0,32,8,1,-1.55491019744659,0,0.9375,0.0561797752808989,0.0504731861198738,0.11960089320526,0,3.0,6.0
2010,REG+POST,00-0027057,B.Tate,Brandon Tate,WR,WR,"https://static.www.nfl.com/image/private/f_auto,q_auto/league/uzpf58ijo44jfqakwv83",16,NE,0,0,0,0,0,0,0,0,0,0,0,0,,0,,,6,73,0,0,0,4,4.44694589858409,0,24,47,432,3,1,1,683,139,14,9.88138731050178,0,0.632503660322108,0.0900383141762452,0.165736471730163,0.251073001475482,2,78.5,102.5
2010,REG+POST,00-0027059,,Patrick Turner,WR,WR,,2,NYJ,0,0,0,0,0,0,0,0,0,0,0,0,,0,,,0,0,0,0,0,0,,0,2,2,26,0,0,0,23,3,0,1.18492059689015,0,1.1304347826087,0.0307692307692308,0.0359937402190923,0.0713494643072108,0,2.6,4.6
2010,REG+POST,00-0027061,J.Cook,Jared Cook,TE,TE,"https://static.www.nfl.com/image/private/f_auto,q_auto/league/cthoenebptadlu4g928v",11,TEN,0,0,0,0,0,0,0,0,0,0,0,0,,0,,,0,0,0,0,0,0,,0,29,45,361,1,0,0,407,135,18,11.1542896241556,0,0.886977886977887,0.13353115727003,0.123221313957009,0.286551655674951,0,42.1,71.1
2010,REG+POST,00-0027063,,Deon Butler,WR,WR,,13,SEA,0,0,0,0,0,0,0,0,0,0,0,0,,0,,,2,6,0,0,0,0,-0.4923965978669,0,36,70,385,4,0,0,807,116,20,6.88177446757271,0,0.477075588599752,0.15625,0.202661978905073,0.376238385233551,0,63.1,99.1
2010,REG+POST,00-0027069,,Chase Coffman,TE,TE,,1,CIN,0,0,0,0,0,0,0,0,0,0,0,0,,0,,,0,0,0,0,0,0,,0,3,5,30,0,0,0,20,18,2,0.844231248833239,0,1.5,0.113636363636364,0.0666666666666667,0.217121212121212,0,3.0,6.0
2010,REG+POST,00-0027070,,Travis Beckum,TE,TE,,13,NYG,0,0,0,0,0,0,0,0,0,0,0,0,,0,,,0,0,0,0,0,0,,0,13,18,116,2,0,0,127,40,7,1.21883856109719,0,0.913385826771654,0.0408163265306122,0.0329100803316921,0.0842615460281029,0,23.6,36.6
2010,REG+POST,00-0027071,,Stephen McGee,QB,QB,,2,DAL,22,44,238,2,0,3,25,0,0,238,119,9,-8.25775910742328,0,1.0,-0.0382796800558353,13,74,0,1,0,4,3.19716049206627,0,0,0,0,0,0,0,0,0,0,,0,,,,,0,24.92,24.92
2010,REG+POST,00-0027076,,Mike Thomas,WR,WR,,16,JAX,0,0,0,0,0,0,0,0,0,0,0,0,,0,,,12,114,0,0,0,5,5.01610947895097,0,66,101,820,4,0,0,1101,304,39,34.5829425836222,0,0.744777475022707,0.217672413793103,0.280724120346762,0.523015504932388,1,123.4,189.4
2010,REG+POST,00-0027077,,Brian Hartline,WR,WR,"https://static.www.nfl.com/image/private/f_auto,q_auto/league/vuqaw5utqkgyqtp7hwbu",12,MIA,0,0,0,0,0,0,0,0,0,0,0,0,,0,,,2,27,0,0,0,1,1.53473003092222,0,43,73,615,1,1,1,941,211,27,6.16947079024871,0,0.65356004250797,0.178921568627451,0.264325842696629,0.453410442828817,0,68.2,111.2
2010,REG+POST,00-0027080,,Mike Goodson,RB,RB,,15,CAR,0,0,0,0,0,0,0,0,0,0,0,0,,0,,,103,452,3,4,2,20,-13.8281669034332,0,40,57,310,0,0,0,-22,351,15,-3.18556108202497,0,-14.0909090909091,0.146907216494845,-0.0076842472930492,0.214981851637134,0,90.2,130.2
2010,REG+POST,00-0027088,,Shawn Nelson,TE,TE,,2,BUF,0,0,0,0,0,0,0,0,0,0,0,0,,0,,,0,0,0,0,0,0,,0,3,4,25,0,1,1,29,0,1,-3.33001285692444,0,0.862068965517241,0.051948051948052,0.0438729198184569,0.108633121794998,0,0.5,3.5
2010,REG+POST,00-0027089,L.Murphy,Louis Murphy,WR,WR,"https://static.www.nfl.com/image/private/f_auto,q_auto/league/rivj8wgktddc22qdtpsn",14,LV,0,0,0,0,0,0,0,0,0,0,0,0,,0,,,1,43,0,0,0,1,3.46063355350634,0,41,78,609,2,2,1,1001,206,27,8.69705976047142,0,0.608391608391608,0.182669789227166,0.281100814377984,0.470775253905338,0,75.2,116.2
2010,REG+POST,00-0027092,,Austin Collie,WR,WR,,9,IND,0,0,0,0,0,0,0,0,0,0,0,0,,0,,,0,0,0,0,0,0,,0,57,70,617,8,0,0,583,281,32,48.5708645224513,0,1.05831903945111,0.176767676767677,0.165577960806589,0.381056087716128,0,109.7,166.7
2010,REG+POST,00-0027093,,Tony Fiammetta,FB,RB,,8,CAR,0,0,0,0,0,0,0,0,0,0,0,0,,0,,,7,22,0,0,0,4,1.04534666280961,0,5,10,34,0,0,0,14,21,3,-9.29724656359758,0,2.42857142857143,0.0546448087431694,0.0115606936416185,0.090059698663887,0,5.6,10.6
2010,REG+POST,00-0027094,,Andre Brown,RB,RB,,1,DEN,0,0,0,0,0,0,0,0,0,0,0,0,,0,,,2,-1,0,0,0,0,-1.15847913711332,0,0,0,0,0,0,0,0,0,0,,0,,,,,0,-0.1,-0.1
2010,REG+POST,00-0027098,,Gartrell Johnson,RB,RB,,7,ATL,0,0,0,0,0,0,0,0,0,0,0,0,,0,,,11,40,0,0,0,2,-2.24535416637082,0,3,5,6,0,1,0,2,9,0,-2.51076756732073,0,3.0,0.0367647058823529,0.0021164021164021,0.0566285403050109,0,4.6,7.6
2010,REG+POST,00-0027106,,Quinn Johnson,FB,RB,,4,GB,0,0,0,0,0,0,0,0,0,0,0,0,,0,,,0,0,0,0,0,0,,0,4,5,30,0,0,0,6,26,3,2.14942964009242,0,5.0,0.0393700787401575,0.0081190798376184,0.0647384739965691,0,3.0,7.0
2010,REG+POST,00-0027109,,James Casey,FB,TE,"https://static.www.nfl.com/image/private/f_auto,q_auto/league/atra5outunyi3dikmjez",6,HOU,0,0,0,0,0,0,0,0,0,0,0,0,,0,,,0,0,0,0,0,0,,0,8,14,98,0,0,0,72,61,5,1.81503507116577,0,1.36111111111111,0.0707070707070707,0.0487144790257104,0.140160741378603,0,9.8,17.8
2010,REG+POST,00-0027120,,Javon Ringer,RB,RB,,16,TEN,0,0,0,0,0,0,0,0,0,0,0,0,,0,,,51,239,2,0,0,10,-0.307293312100228,0,7,8,44,0,0,0,24,26,2,0.33679962734459,0,1.83333333333333,0.0310077519379845,0.0095541401273885,0.0531995259961487,0,40.3,47.3
2010,REG+POST,00-0027125,Z.Miller,Zach Miller,TE,TE,"https://static.www.nfl.com/image/private/f_auto,q_auto/league/ghvzkuugli86zstauzvr",10,JAX,0,0,0,0,0,0,0,0,0,0,0,0,,0,,,2,9,0,0,0,0,-0.594398954068311,0,20,26,216,1,0,0,190,98,10,2.90511653685368,0,1.13684210526316,0.0915492957746479,0.0878003696857671,0.198784202442009,0,28.5,48.5
2010,REG+POST,00-0027129,,Aaron Brown,RB,RB,,3,DET,0,0,0,0,0,0,0,0,0,0,0,0,,0,,,17,58,0,0,0,2,-2.43826814758359,0,8,13,45,0,0,0,32,25,3,-1.12981187761761,0,1.40625,0.0970149253731343,0.030622009569378,0.166957794758266,0,10.3,18.3
2010,REG+POST,00-0027130,,James Davis,RB,RB,,3,WAS,0,0,0,0,0,0,0,0,0,0,0,0,,0,,,19,60,0,0,0,1,-3.04576380882645,0,4,5,45,0,0,0,-7,56,1,1.95465263025835,0,-6.42857142857143,0.0632911392405063,-0.0113821138211382,0.0869692291859628,0,10.5,14.5
2010,REG+POST,00-0027135,,Brandon Myers,TE,TE,"https://static.www.nfl.com/image/private/f_auto,q_auto/league/tzyfv93n3bgtbmywjczu",9,LV,0,0,0,0,0,0,0,0,0,0,0,0,,0,,,0,0,0,0,0,0,,0,12,16,80,0,0,0,77,38,4,-2.67777094399449,0,1.03896103896104,0.0521172638436482,0.0325581395348837,0.100966593439891,0,8.0,20.0
2010,REG+POST,00-0027149,,Manuel Johnson,WR,WR,,2,DAL,0,0,0,0,0,0,0,0,0,0,0,0,,0,,,0,0,0,0,0,0,,0,1,5,6,0,0,0,52,0,0,-4.5587717788876,0,0.115384615384615,0.0806451612903226,0.135416666666667,0.215759408602151,0,0.6,1.6
2010,REG+POST,00-0027150,J.Edelman,Julian Edelman,WR,WR,"https://static.www.nfl.com/image/private/f_auto,q_auto/league/u0hbuo2bsvtlg7lnxm43",8,NE,0,0,0,0,0,0,0,0,0,0,0,0,,0,,,3,25,0,0,0,2,3.04423922568094,0,8,15,98,0,0,0,41,116,4,-2.34961862647515,0,2.39024390243902,0.0561797752808989,0.0190697674418605,0.0976185001306506,1,18.3,26.3
2010,REG+POST,00-0027154,,Jake O'Connell,TE,TE,,3,KC,0,0,0,0,0,0,0,0,0,0,0,0,,0,,,0,0,0,0,0,0,,0,3,4,31,0,0,0,17,22,2,1.37234151613666,0,1.82352941176471,0.0449438202247191,0.0265210608424337,0.0859804729267822,0,3.1,6.1
2010,REG+POST,00-0027155,,Rashad Jennings,RB,RB,"https://static.www.nfl.com/image/private/f_auto,q_auto/league/r48elxgcxhdkfkazlqab",12,JAX,0,0,0,0,0,0,0,0,0,0,0,0,,0,,,84,459,4,0,0,25,12.2177785062564,0,26,34,223,0,0,0,52,217,8,-0.0142847421477876,0,4.28846153846154,0.117647058823529,0.0203125,0.190689338235294,0,92.2,118.2
2010,REG+POST,00-0027156,,Tiquan Underwood,WR,WR,,7,JAX,0,0,0,0,0,0,0,0,0,0,0,0,,0,,,0,0,0,0,0,0,,0,8,22,111,0,0,0,374,19,6,-16.0309969694641,0,0.296791443850267,0.0964912280701754,0.192584963954686,0.279546316873543,0,11.1,19.1
2010,REG+POST,00-0027157,,Dan Gronkowski,TE,TE,,9,DEN,0,0,0,0,0,0,0,0,0,0,0,0,,0,,,0,0,0,0,0,0,,0,8,13,64,0,0,0,77,29,3,-2.75673455040669,0,0.831168831168831,0.0389221556886228,0.0244755244755245,0.0755161006658013,0,6.4,14.4
2010,REG+POST,00-0027188,,Chad Hall,WR,WR,,6,PHI,0,0,0,0,0,0,0,0,0,0,0,0,,0,,,9,29,0,0,0,3,0.113842148100957,0,11,18,115,1,0,0,186,21,5,1.7195435432368,0,0.618279569892473,0.109090909090909,0.116468378209142,0.245164228382763,0,20.4,31.4
2010,REG+POST,00-0027201,,Dimitri Nance,RB,RB,,8,GB,0,0,0,0,0,0,0,0,0,0,0,0,,0,,,36,95,0,0,0,4,-12.7358978440582,0,3,4,30,0,0,0,-11,35,2,-3.45806883857586,0,-2.72727272727273,0.037037037037037,-0.0109780439121756,0.0478709248170326,0,12.5,15.5
2010,REG+POST,00-0027202,,Michael Palmer,TE,TE,,6,ATL,0,0,0,0,0,0,0,0,0,0,0,0,,0,,,0,0,0,0,0,0,,0,5,8,29,1,0,0,50,16,3,-0.817525617895733,0,0.58,0.0353982300884956,0.0361271676300578,0.0783863624737838,0,8.9,13.9
2010,REG+POST,00-0027214,,Keiland Williams,RB,RB,,14,WAS,0,0,0,0,0,0,0,0,0,0,0,0,,0,,,65,261,3,0,0,14,-3.80802779933483,0,39,58,309,2,1,1,49,309,11,-12.2712401399933,0,6.30612244897959,0.112403100775194,0.0115593300306676,0.176696182184258,0,85.0,124.0
2010,REG+POST,00-0027215,L.Paulsen,Logan Paulsen,TE,TE,"https://static.www.nfl.com/image/private/f_auto,q_auto/league/rckjvflmpzh9tiescxcd",2,WAS,0,0,0,0,0,0,0,0,0,0,0,0,,0,,,0,0,0,0,0,0,,0,2,2,10,1,0,0,1,9,1,3.47372935776366,0,10.0,0.0253164556962025,0.0084745762711864,0.0439068869341343,0,7.0,9.0
2010,REG+POST,00-0027220,,Naaman Roosevelt,WR,WR,,3,BUF,0,0,0,0,0,0,0,0,0,0,0,0,,0,,,1,3,0,0,0,0,-0.332241349387914,0,9,17,139,0,0,0,194,33,7,1.29299389445805,0,0.716494845360825,0.191011235955056,0.203995793901157,0.429313909663394,0,14.2,23.2
2010,REG+POST,00-0027257,,Keith Toston,RB,RB,,5,LA,0,0,0,0,0,0,0,0,0,0,0,0,,0,,,19,54,0,0,0,2,-5.64090912532993,0,2,2,29,0,0,0,-4,33,1,3.10057625791524,0,-7.25,0.03125,-0.0084566596194503,0.0409553382663848,0,8.3,10.3
2010,REG+POST,00-0027261,,Duke Calhoun,WR,WR,,1,NYG,0,0,0,0,0,0,0,0,0,0,0,0,,0,,,0,0,0,0,0,0,,0,1,2,4,0,0,0,7,4,0,-0.622513948823325,0,0.571428571428571,0.0606060606060606,0.0267175572519084,0.109611380985427,0,0.4,1.4
2010,REG+POST,00-0027290,,Cassius Vaughn,CB,DB,"https://static.www.nfl.com/image/private/f_auto,q_auto/league/ggtdsbfpyc7kzpuvgzrv",1,DEN,0,0,0,0,0,0,0,0,0,0,0,0,,0,,,0,0,0,0,0,0,,0,0,0,0,0,0,0,0,0,0,,0,,,,,1,6.0,6.0
2010,REG+POST,00-0027308,,Jeremy Horne,WR,WR,,1,KC,0,0,0,0,0,0,0,0,0,0,0,0,,0,,,0,0,0,0,0,0,,0,0,1,0,0,0,0,21,0,0,-0.261722044233466,0,0.0,0.0344827586206897,0.122093023255814,0.137189254210104,0,0.0,0.0
2010,REG+POST,00-0027321,J.Cumberland,Jeff Cumberland,TE,TE,"https://static.www.nfl.com/image/private/f_auto,q_auto/league/c87plzwz1aj8haowwxcq",1,NYJ,0,0,0,0,0,0,0,0,0,0,0,0,,0,,,0,0,0,0,0,0,,0,1,2,3,0,0,0,9,3,0,-1.77265257650288,0,0.333333333333333,0.133333333333333,0.0520231213872832,0.236416184971098,0,0.3,1.3
2010,REG+POST,00-0027322,,David Nelson,WR,WR,,14,BUF,0,0,0,0,0,0,0,0,0,0,0,0,,0,,,0,0,0,0,0,0,,0,31,47,353,3,0,0,493,78,19,15.8159534467514,0,0.716024340770791,0.101511879049676,0.125,0.239767818574514,0,53.3,84.3
2010,REG+POST,00-0027325,L.Blount,LeGarrette Blount,RB,RB,"https://static.www.nfl.com/image/private/f_auto,q_auto/league/s3eilto1yi0yhoamvvo3",13,TB,0,0,0,0,0,0,0,0,0,0,0,0,,0,,,201,1007,6,3,2,38,-20.4330908154952,0,5,7,14,0,1,1,9,19,0,-6.7165988041088,0,1.55555555555556,0.0546875,0.0081818181818181,0.0877585227272727,0,132.1,137.1
2010,REG+POST,00-0027347,,Max Hall,QB,QB,,6,ARI,39,78,370,1,6,14,100,5,2,654,140,19,-54.7709292948681,0,0.565749235474006,-0.0314216232488752,1,-5,0,0,0,0,-1.13370326044969,0,0,0,0,0,0,0,0,0,0,,0,,,,,0,2.3,2.3
2010,REG+POST,00-0027349,,Stephen Williams,WR,WR,,6,ARI,0,0,0,0,0,0,0,0,0,0,0,0,,0,,,0,0,0,0,0,0,,0,9,23,101,0,0,0,246,33,5,-6.03984206006862,0,0.410569105691057,0.111650485436893,0.139297848244621,0.264984221926574,0,10.1,19.1
2010,REG+POST,00-0027352,,Max Komar,WR,WR,,8,ARI,0,0,0,0,0,0,0,0,0,0,0,0,,0,,,0,0,0,0,0,0,,0,12,22,117,0,1,1,212,40,6,-19.2361769684358,0,0.55188679245283,0.083969465648855,0.0945162728488631,0.192115589467487,0,9.7,21.7
2010,REG+POST,00-0027356,,Marlon Moore,WR,WR,,7,MIA,0,0,0,0,0,0,0,0,0,0,0,0,,0,,,1,16,0,0,0,1,0.992328956956044,0,6,19,128,1,0,0,241,72,4,0.995162485077908,0,0.531120331950207,0.0848214285714286,0.123589743589744,0.213744963369963,0,20.4,26.4
2010,REG+POST,00-0027358,,Roberto Wallace,WR,WR,,7,MIA,0,0,0,0,0,0,0,0,0,0,0,0,,0,,,0,0,0,0,0,0,,0,6,10,62,0,0,0,84,16,1,3.1272480277407,0,0.738095238095238,0.0386100386100386,0.0389069013432145,0.085149888855308,0,6.2,12.2
2010,REG+POST,00-0027419,,Chris Gronkowski,RB,RB,,8,DAL,0,0,0,0,0,0,0,0,0,0,0,0,,0,,,5,17,0,0,0,2,2.73184339981526,0,7,14,35,1,0,0,17,30,2,-1.81254865185474,0,2.05882352941176,0.0686274509803922,0.0137096774193548,0.112537950664137,0,11.2,18.2
2010,REG+POST,00-0027421,,Bryan McCann,DB,DB,,1,DAL,0,0,0,0,0,0,0,0,0,0,0,0,,0,,,0,0,0,0,0,0,,0,0,0,0,0,0,0,0,0,0,,0,,,,,1,6.0,6.0
2010,REG+POST,00-0027429,,Verran Tucker,WR,WR,,9,KC,0,0,0,0,0,0,0,0,0,0,0,0,,0,,,0,0,0,0,0,0,,0,7,22,119,1,0,0,344,25,5,2.24835019325066,0,0.34593023255814,0.0883534136546185,0.150943396226415,0.238190497840418,0,17.9,24.9
2010,REG+POST,00-0027445,,Jeron Mastrud,TE,TE,,1,MIA,0,0,0,0,0,0,0,0,0,0,0,0,,0,,,0,0,0,0,0,0,,0,0,1,0,0,0,0,1,0,0,-0.647579827927984,0,0.0,0.0344827586206897,0.0029239766081871,0.0537709215567655,0,0.0,0.0
2010,REG+POST,00-0027450,,Preston Parker,WR,WR,"https://static.www.nfl.com/image/private/f_auto,q_auto/league/uposmry1docri5fwr22y",4,TB,0,0,0,0,0,0,0,0,0,0,0,0,,0,,,1,7,0,0,0,0,0.0165986477513798,0,4,9,42,0,0,0,76,31,3,-0.74519952504119,0,0.552631578947369,0.0891089108910891,0.0912364945978391,0.197528912555121,0,4.9,8.9
2010,REG+POST,00-0027467,,Javarris James,RB,RB,,8,IND,0,0,0,0,0,0,0,0,0,0,0,0,,0,,,46,112,6,0,0,9,1.35847529106654,0,9,11,63,0,1,1,-21,79,3,-4.05944187921705,0,-3.0,0.0601092896174863,-0.0137254901960784,0.0805560912889746,0,51.5,60.5
2010,REG+POST,00-0027470,,Brandon James,WR,WR,,2,IND,0,0,0,0,0,0,0,0,0,0,0,0,,0,,,0,0,0,0,0,0,,0,6,11,40,0,0,0,81,14,3,-5.01168523239903,0,0.493827160493827,0.130952380952381,0.113924050632911,0.276175406871609,0,4.0,10.0
2010,REG+POST,00-0027477,,Blair White,WR,WR,,12,IND,0,0,0,0,0,0,0,0,0,0,0,0,,0,,,0,0,0,0,0,0,,0,42,65,409,5,0,0,609,101,27,-0.638431800388816,0,0.671592775041051,0.130784708249497,0.137316798196167,0.292298821111562,0,70.9,112.9
2010,REG+POST,00-0027518,,Donald Jones,WR,WR,,8,BUF,0,0,0,0,0,0,0,0,0,0,0,0,,0,,,3,1,0,0,0,0,-1.83066954114474,0,18,41,213,1,0,0,365,86,8,-14.4489758451902,0,0.583561643835617,0.156488549618321,0.169530887134231,0.353404445421443,0,27.4,45.4
2010,REG+POST,00-0027531,C.Ivory,Chris Ivory,RB,RB,"https://static.www.nfl.com/image/private/f_auto,q_auto/league/wuhrkffigvt55hcqd4yw",12,NO,0,0,0,0,0,0,0,0,0,0,0,0,,0,,,137,716,5,4,2,44,10.2267230061698,0,1,1,17,0,0,0,-5,22,1,1.28748664422892,0,-3.4,0.03125,-0.0136612021857924,0.0373121584699454,0,99.3,100.3
2010,REG+POST,00-0027581,,Seyi Ajirotutu,WR,WR,"https://static.www.nfl.com/image/private/f_auto,q_auto/league/tmbglbojtv1psbkhejsg",6,LAC,0,0,0,0,0,0,0,0,0,0,0,0,,0,,,0,0,0,0,0,0,,0,13,23,262,2,0,0,377,70,12,17.0548721808562,0,0.694960212201592,0.112745098039216,0.229179331306991,0.329543178973717,0,38.2,51.2
2010,REG+POST,00-0027585,,Richard Goodman,WR,WR,,2,LAC,0,0,0,0,0,0,0,0,0,0,0,0,,0,,,0,0,0,0,0,0,,0,1,2,25,0,1,1,47,4,0,-3.64117781002681,0,0.531914893617021,0.0235294117647059,0.073094867807154,0.0864605251120666,0,0.5,1.5
2010,REG+POST,00-0027608,,Kyle Williams,WR,WR,"https://static.www.nfl.com/image/private/f_auto,q_auto/league/uc0hi9tbued5ff0osfmq",1,SF,0,0,0,0,0,0,0,0,0,0,0,0,,0,,,0,0,0,0,0,0,,0,1,1,8,0,0,0,4,4,0,0.202227862784639,0,2.0,0.032258064516129,0.0184331797235023,0.0612903225806452,0,0.8,1.8
2010,REG+POST,00-0027618,,Brandon Banks,DL,DL,,6,WAS,0,0,0,0,0,0,0,0,0,0,0,0,,0,,,2,6,0,0,0,0,-0.0839412114582956,0,2,5,10,0,0,0,85,-2,1,-2.61507419066038,0,0.117647058823529,0.0263157894736842,0.0516089860352155,0.0755999744351772,1,7.6,9.6
2010,REG+POST,00-0027651,,Dexter McCluster,WR,WR,"https://static.www.nfl.com/image/private/f_auto,q_auto/league/vawlifwslfzekg0e35ig",11,KC,0,0,0,0,0,0,0,0,0,0,0,0,,0,,,20,76,0,1,1,6,-6.22197078648862,0,25,43,226,1,1,1,138,180,11,-11.6524754371167,0,1.63768115942029,0.146757679180887,0.0621341737955876,0.263630440428242,1,38.2,63.2
2010,REG+POST,00-0027654,A.Benn,Arrelious Benn,WR,WR,"https://static.www.nfl.com/image/private/f_auto,q_auto/league/mrdtswjobu20gukdl2cp",13,TB,0,0,0,0,0,0,0,0,0,0,0,0,,0,,,6,35,0,0,0,2,0.535801048215944,0,25,38,395,2,1,0,475,159,17,27.7442883163749,0,0.831578947368421,0.0931372549019608,0.13099834528406,0.231404724051783,0,55.0,80.0
2010,REG+POST,00-0027656,R.Gronkowski,Rob Gronkowski,TE,TE,"https://static.www.nfl.com/image/private/f_auto,q_auto/league/svpo7chliiymc0r7hegp",17,NE,0,0,0,0,0,0,0,0,0,0,0,0,,0,,,0,0,0,0,0,0,,0,46,65,611,10,1,1,597,224,33,46.2416723335628,0,1.02345058626466,0.118829981718464,0.139063591893781,0.275589486903343,0,119.1,165.1
2010,REG+POST,00-0027659,,Jimmy Clausen,QB,QB,"https://static.www.nfl.com/image/private/f_auto,q_auto/league/n5lf1tlpkvtck2j24krd",13,CAR,157,299,1558,3,9,33,223,1,0,1974,813,73,-92.9927586087408,0,0.789260385005066,-0.018966144415208,23,57,0,7,2,2,-22.1191573318793,0,0,0,0,0,0,0,0,0,0,,0,,,,,0,58.02,58.02
2010,REG+POST,00-0027660,,Javier Arenas,DB,DB,"https://static.www.nfl.com/image/private/f_auto,q_auto/league/algezgrklvzxvyljttv8",1,KC,0,0,0,0,0,0,0,0,0,0,0,0,,0,,,1,5,0,0,0,0,-1.81705405307002,0,0,0,0,0,0,0,0,0,0,,0,,,,,0,0.5,0.5
2010,REG+POST,00-0027675,E.Dickson,Ed Dickson,TE,TE,"https://static.www.nfl.com/image/private/f_auto,q_auto/league/qtxat8xwaclkqfkj5lrq",13,BAL,0,0,0,0,0,0,0,0,0,0,0,0,,0,,,0,0,0,0,0,0,,0,12,24,154,1,0,0,237,73,5,-1.25388516817475,0,0.649789029535865,0.0610687022900763,0.0646128680479826,0.136832061068702,0,21.4,33.4
2010,REG+POST,00-0027681,B.LaFell,Brandon LaFell,WR,WR,"https://static.www.nfl.com/image/private/f_auto,q_auto/league/x4wifb5arw0neuwg1cch",14,CAR,0,1,0,0,0,0,0,0,0,-4,0,0,-2.15325532120187,0,0.0,,1,60,0,0,0,1,4.26233275036793,0,38,77,468,1,0,0,792,133,23,2.89721697935883,0,0.590909090909091,0.187347931873479,0.261299901022765,0.463931828526154,0,58.8,96.8
2010,REG+POST,00-0027685,E.Sanders,Emmanuel Sanders,WR,WR,"https://static.www.nfl.com/image/private/f_auto,q_auto/league/potkibjtm855tsawozs0",14,PIT,0,0,0,0,0,0,0,0,0,0,0,0,,0,,,0,0,0,0,0,0,,0,35,63,467,2,0,0,803,94,24,15.6884383165334,0,0.581569115815691,0.139689578713969,0.183879093198992,0.338249733310248,0,58.7,93.7
2010,REG+POST,00-0027687,,Jordan Shipley,WR,WR,,15,CIN,0,0,0,0,0,0,0,0,0,0,0,0,,0,,,0,0,0,0,0,0,,0,52,74,600,3,0,0,570,206,30,21.6625563473025,0,1.05263157894737,0.134545454545455,0.122291353786741,0.287422129468901,0,78.0,130.0
2010,REG+POST,00-0027688,C.McCoy,Colt McCoy,QB,QB,"https://static.www.nfl.com/image/private/f_auto,q_auto/league/mvcoi7f6thyudufnh0dx",8,CLE,135,222,1576,6,9,23,132,1,0,1945,723,79,0.351944836539291,0,0.810282776349614,0.0734230348529007,28,136,1,0,0,10,8.53012266868433,0,1,1,13,0,0,0,6,7,1,2.00518801843282,0,2.16666666666667,0.0625,0.0857142857142857,0.15375,0,89.94,90.94
2010,REG+POST,00-0027690,E.Decker,Eric Decker,WR,WR,"https://static.www.nfl.com/image/private/f_auto,q_auto/league/jg5ftnvxz4jdiajzeoyn",5,DEN,0,0,0,0,0,0,0,0,0,0,0,0,,0,,,0,0,0,0,0,0,,0,6,8,106,1,1,1,120,24,4,3.67372837424045,0,0.883333333333333,0.0459770114942529,0.062992125984252,0.113060005430356,0,14.6,20.6
2010,REG+POST,00-0027691,A.Roberts,Andre Roberts,WR,WR,"https://static.www.nfl.com/image/private/f_auto,q_auto/league/hjoyjewh7knoafxt4k93",11,ARI,0,0,0,0,0,0,0,0,0,0,0,0,,0,,,0,0,0,0,0,0,,0,24,49,307,2,1,0,433,138,10,-7.97671466154675,0,0.709006928406467,0.125641025641026,0.120848451018699,0.273055454174628,0,42.7,66.7
2010,REG+POST,00-0027692,,Armanti Edwards,WR,WR,,2,CAR,1,1,0,0,0,0,0,0,0,0,0,0,-1.44134923489764,0,,,1,7,0,0,0,0,0.171542726282496,0,0,2,0,0,0,0,22,0,0,-3.81935464014532,0,0.0,0.0714285714285714,0.0894308943089431,0.169744483159117,0,0.7,0.7
2010,REG+POST,00-0027693,,Taylor Price,WR,WR,,1,NE,0,0,0,0,0,0,0,0,0,0,0,0,,0,,,0,0,0,0,0,0,,0,3,4,41,0,0,0,20,24,3,3.1384889325127,0,2.05,0.137931034482759,0.0900900900900901,0.269959614787201,0,4.1,7.1
2010,REG+POST,00-0027695,,Tony Moeaki,TE,TE,,16,KC,0,0,0,0,0,0,0,0,0,0,0,0,,0,,,0,0,0,0,0,0,,0,48,77,578,3,0,0,637,197,32,22.0217180868707,0,0.907378335949764,0.168859649122807,0.168875927889714,0.37150262320701,0,75.8,123.8
2010,REG+POST,00-0027696,J.Graham,Jimmy Graham,TE,TE,"https://static.www.nfl.com/image/private/f_auto,q_auto/league/h7xs06oj6g03mippwtse",12,NO,0,0,0,0,0,0,0,0,0,0,0,0,,0,,,1,3,0,0,0,1,0.484982693567872,0,31,44,356,5,1,0,366,138,21,21.1038875153488,0,0.972677595628415,0.0986547085201794,0.0983606557377049,0.216834521796662,0,65.9,96.9
2010,REG+POST,00-0027700,,Mardy Gilyard,WR,WR,,5,LA,0,0,0,0,0,0,0,0,0,0,0,0,,0,,,0,0,0,0,0,0,,0,6,16,63,0,0,0,143,20,4,-2.85649948715877,0,0.440559440559441,0.0772946859903382,0.108910891089109,0.192179652747883,0,6.3,12.3
2010,REG+POST,00-0027702,,Mike Williams,WR,WR,,16,TB,0,0,0,0,0,0,0,0,0,0,0,0,,0,,,0,0,0,0,0,0,,0,65,129,964,11,3,2,1718,314,44,22.4218523199329,0,0.561117578579744,0.264887063655031,0.386241007194245,0.667699300518517,0,158.4,223.4
2010,REG+POST,00-0027709,,Jacoby Ford,WR,WR,,12,LV,0,0,0,0,0,0,0,0,0,0,0,0,,0,,,10,155,2,0,0,7,12.5765244336865,0,25,54,470,2,0,0,792,103,19,2.42999188277375,0,0.593434343434343,0.171428571428571,0.285097192224622,0.456710891700093,3,104.5,129.5
2010,REG+POST,00-0027712,,Joe McKnight,RB,RB,,5,NYJ,0,0,0,0,0,0,0,0,0,0,0,0,,0,,,40,191,0,0,0,7,-3.6355826810468,0,3,4,20,0,0,0,7,11,2,-7.22510707058245,0,2.85714285714286,0.0689655172413793,0.0117056856187291,0.111642255795179,0,21.1,24.1
2010,REG+POST,00-0027713,,Aaron Hernandez,TE,TE,,15,NE,0,0,0,0,0,0,0,0,0,0,0,0,,0,,,3,47,0,0,0,3,3.23198006069288,0,46,65,567,6,0,0,455,292,27,30.8725643062163,0,1.24615384615385,0.132382892057026,0.118273979724461,0.281366123892662,0,97.4,143.4
2010,REG+POST,00-0027714,,Dennis Pitta,TE,TE,"https://static.www.nfl.com/image/private/f_auto,q_auto/league/liu0pixlkbyftxesaq06",3,BAL,0,0,0,0,0,0,0,0,0,0,0,0,,0,,,0,0,0,0,0,0,,0,1,5,1,0,0,0,66,0,0,-2.56764415837824,0,0.0151515151515152,0.0543478260869565,0.0683937823834197,0.129397386798829,0,0.1,1.1
2010,REG+POST,00-0027725,C.Harbor,Clay Harbor,TE,TE,"https://static.www.nfl.com/image/private/f_auto,q_auto/league/spuxscdmedvqosq5yrho",5,PHI,0,0,0,0,0,0,0,0,0,0,0,0,,0,,,0,0,0,0,0,0,,0,9,15,72,1,0,0,133,23,3,0.42243961070041,0,0.541353383458647,0.078125,0.0707823310271421,0.166735131718999,0,13.2,22.2
2010,REG+POST,00-0027732,M.Hoomanawanui,Michael Hoomanawanui,TE,TE,"https://static.www.nfl.com/image/private/f_auto,q_auto/league/fgfwj67pbxmp1bpjm7ti",7,LA,0,0,0,0,0,0,0,0,0,0,0,0,,0,,,0,0,0,0,0,0,,0,13,22,146,3,0,0,84,109,9,5.2655161616276,0,1.73809523809524,0.0830188679245283,0.0477544059124503,0.157956386025508,0,32.6,45.6
2010,REG+POST,00-0027739,,John Conner,RB,RB,,5,NYJ,0,0,0,0,0,0,0,0,0,0,0,0,,0,,,8,44,1,0,0,2,0.967267976957373,0,2,4,9,0,0,0,16,2,1,-0.904351017787121,0,0.5625,0.032,0.0129136400322841,0.0570395480225989,0,11.3,13.3
2010,REG+POST,00-0027753,,Andrew Quarless,TE,TE,,16,GB,0,0,0,0,0,0,0,0,0,0,0,0,,0,,,0,0,0,0,0,0,,0,26,43,284,1,1,1,332,133,15,-4.81697528797668,0,0.855421686746988,0.0780399274047187,0.0665064102564103,0.163614378286565,0,32.4,58.4
2010,REG+POST,00-0027754,,John Skelton,QB,QB,,5,ARI,60,126,662,3,2,9,65,2,1,1128,204,30,-40.0982070857805,0,0.586879432624114,-0.0419408544050273,10,49,0,1,0,3,-2.08055885735666,0,0,0,0,0,0,0,0,0,0,,0,,,,,0,37.38,37.38
2010,REG+POST,00-0027755,,David Reed,WR,WR,,3,BAL,0,0,0,0,0,0,0,0,0,0,0,0,,0,,,1,15,0,0,0,1,0.865670453058556,0,0,1,0,0,0,0,8,0,0,-0.405287898669485,0,0.0,0.05,0.0406091370558376,0.103426395939086,1,7.5,7.5
2010,REG+POST,00-0027758,,Riley Cooper,WR,WR,"https://static.www.nfl.com/image/private/f_auto,q_auto/league/vpongpty2wm06bsmm7hb",8,PHI,0,0,0,0,0,0,0,0,0,0,0,0,,0,,,0,0,0,0,0,0,,0,9,22,134,1,0,0,266,21,6,-8.18886940832269,0,0.503759398496241,0.08,0.0981912144702842,0.188733850129199,0,19.4,28.4
2010,REG+POST,00-0027761,,Brody Eldridge,TE,TE,,6,IND,0,0,0,0,0,0,0,0,0,0,0,0,,0,,,0,0,0,0,0,0,,0,5,9,39,0,0,0,65,22,1,-7.11810668432253,0,0.6,0.0352941176470588,0.0334190231362468,0.076334492665961,0,3.9,8.9
2010,REG+POST,00-0027769,,Fendi Onobun,TE,TE,,1,LA,0,0,0,0,0,0,0,0,0,0,0,0,,0,,,0,0,0,0,0,0,,0,2,4,15,0,0,0,17,5,1,-0.587577940187298,0,0.882352941176471,0.108108108108108,0.0885416666666667,0.224141328828829,0,1.5,3.5
2010,REG+POST,00-0027772,,Anthony Dixon,RB,RB,"https://static.www.nfl.com/image/private/f_auto,q_auto/league/lvbgbxspmjn0xo1kw8g9",12,SF,0,0,0,0,0,0,0,0,0,0,0,0,,0,,,70,237,2,0,0,11,-12.5130887905834,0,5,5,11,0,0,0,1,10,1,-1.10163994668983,0,11.0,0.0384615384615385,0.001150747986191,0.0584978312826414,0,36.8,41.8
2010,REG+POST,00-0027775,,Rusty Smith,QB,QB,,2,TEN,20,40,200,0,4,1,0,0,0,401,84,7,-19.9216526423891,0,0.498753117206983,-0.0154349563089808,0,0,0,0,0,0,,0,0,0,0,0,0,0,0,0,0,,0,,,,,0,4.44089209850063e-16,4.44089209850063e-16
2010,REG+POST,00-0027776,,Carlton Mitchell,WR,WR,,1,CLE,0,0,0,0,0,0,0,0,0,0,0,0,,0,,,1,9,0,0,0,0,0.622667078452651,0,0,1,0,0,0,0,12,0,0,-0.786120785167441,0,0.0,0.0303030303030303,0.0677966101694915,0.0929121725731895,0,0.9,0.9
2010,REG+POST,00-0027779,,Deji Karim,RB,RB,,6,JAX,0,0,0,0,0,0,0,0,0,0,0,0,,0,,,35,160,0,1,0,8,-1.79649127548984,0,3,7,10,0,0,0,14,11,1,-1.7032621827384,0,0.714285714285714,0.101449275362319,0.0286885245901639,0.172255880256593,0,17.0,20.0
2010,REG+POST,00-0027780,,Nate Byham,TE,TE,,6,SF,0,0,0,0,0,0,0,0,0,0,0,0,,0,,,0,0,0,0,0,0,,0,5,7,27,0,0,0,1,26,0,-1.63816145248711,0,27.0,0.0333333333333333,0.0013774104683195,0.0509641873278237,0,2.7,7.7
2010,REG+POST,00-0027786,,Jonathan Dwyer,RB,RB,,1,PIT,0,0,0,0,0,0,0,0,0,0,0,0,,0,,,9,28,0,0,0,0,-2.86584144743392,0,0,0,0,0,0,0,0,0,0,,0,,,,,0,2.8,2.8
2010,REG+POST,00-0027789,,Dezmon Briscoe,WR,WR,,2,TB,0,0,0,0,0,0,0,0,0,0,0,0,,0,,,0,0,0,0,0,0,,0,6,7,93,1,0,0,75,33,4,5.0980423166369,0,1.24,0.127272727272727,0.179425837320574,0.316507177033493,0,15.3,21.3
2010,REG+POST,00-0027791,,James Starks,RB,RB,"https://static.www.nfl.com/image/private/f_auto,q_auto/league/ohxqulg4xjfmbbkkltqj",7,GB,0,0,0,0,0,0,0,0,0,0,0,0,,0,,,110,416,1,0,0,21,-10.752295188354,0,5,8,30,0,0,0,-6,33,3,-0.69336867867969,0,-5.0,0.0496894409937888,-0.0051546391752577,0.0709259140680028,0,50.6,55.6
2010,REG+POST,00-0027793,A.Brown,Antonio Brown,WR,WR,"https://static.www.nfl.com/image/private/f_auto,q_auto/league/ecxsx9t7bfg42bgfwj3v",11,PIT,0,0,0,0,0,0,0,0,0,0,0,0,,0,,,0,0,0,0,0,0,,0,21,27,257,0,0,0,208,134,12,11.3573627636943,0,1.23557692307692,0.0865384615384615,0.0690571049136786,0.178147665747267,1,31.7,52.7
2010,REG+POST,00-0027795,,David Gettis,WR,WR,,14,CAR,0,0,0,0,0,0,0,0,0,0,0,0,,0,,,3,2,0,0,0,1,-2.09484528109897,0,37,67,508,3,0,0,799,155,24,12.6404972161935,0,0.635794743429287,0.16421568627451,0.259415584415584,0.427914438502674,0,69.0,106.0
2010,REG+POST,00-0027796,J.Webb,Joe Webb,QB,QB,"https://static.www.nfl.com/image/private/f_auto,q_auto/league/hjieero9ugbyu7n1629h",4,MIN,54,89,477,0,3,8,48,1,0,769,219,27,-20.9888072266556,0,0.620286085825748,0.0092716279722018,18,120,2,0,0,7,9.34411129599903,0,0,0,0,0,0,0,0,0,0,,0,,,,,0,37.08,37.08
2010,REG+POST,00-0027801,,Tony Pike,QB,QB,,1,CAR,6,12,47,0,0,1,10,0,0,75,23,2,-5.86418259434868,0,0.626666666666667,0.0290592443790359,0,0,0,0,0,0,,0,0,0,0,0,0,0,0,0,0,,0,,,,,0,1.88,1.88
2010,REG+POST,00-0027804,,Levi Brown,QB,QB,,1,BUF,2,3,24,0,1,0,0,0,0,55,3,1,-1.98706303711515,0,0.436363636363636,,0,0,0,0,0,0,,0,0,0,0,0,0,0,0,0,0,,0,,,,,0,-1.04,-1.04
2010,REG+POST,00-0027809,,Mickey Shuler,TE,TE,"https://static.www.nfl.com/image/private/f_auto,q_auto/league/zjbwgcsjnmgxgigktqtl",2,MIA,0,0,0,0,0,0,0,0,0,0,0,0,,0,,,0,0,0,0,0,0,,0,2,5,44,0,0,0,53,13,2,-0.522572316142032,0,0.830188679245283,0.0617283950617284,0.0772594752186589,0.146674225245654,0,4.4,6.4
2010,REG+POST,00-0027813,,Terrence Austin,WR,WR,,2,WAS,0,0,0,0,0,0,0,0,0,0,0,0,,0,,,0,0,0,0,0,0,,0,3,5,47,0,0,0,59,20,3,2.69944705272792,0,0.796610169491525,0.0602409638554217,0.0954692556634304,0.157189924747534,0,4.7,7.7
2010,REG+POST,00-0027815,,Matt Dodge,P,SPEC,,1,NYG,0,0,0,0,0,0,0,0,0,0,0,0,,0,,,1,0,0,1,1,0,-2.66930425912142,0,0,0,0,0,0,0,0,0,0,,0,,,,,0,-2.0,-2.0
2010,REG+POST,00-0027816,,Marc Mariani,WR,WR,"https://static.www.nfl.com/image/private/f_auto,q_auto/league/jdhln1ulusmjybwdha4k",4,TEN,0,0,0,0,0,0,0,0,0,0,0,0,,0,,,0,0,0,0,0,0,,0,0,2,0,0,0,0,-4,0,0,-1.74084458546713,0,0.0,0.037037037037037,-0.0380952380952381,0.0288888888888889,2,12.0,12.0
2010,REG+POST,00-0027819,,Dorin Dickerson,TE,TE,"https://static.www.nfl.com/image/private/f_auto,q_auto/league/rzyr56chrrn9v5xjjvmd",1,HOU,0,0,0,0,0,0,0,0,0,0,0,0,,0,,,0,0,0,0,0,0,,0,0,1,0,0,0,0,28,0,0,-2.37387836520793,0,0.0,0.0185185185185185,0.0677966101694915,0.0752354048964218,0,0.0,0.0
2010,REG+POST,00-0027825,J.Dray,Jim Dray,TE,TE,"https://static.www.nfl.com/image/private/f_auto,q_auto/league/p8pyujltnfdj3qnbh7yi",7,ARI,0,0,0,0,0,0,0,0,0,0,0,0,,0,,,0,0,0,0,0,0,,0,3,9,47,0,0,0,50,20,3,-2.21939085219374,0,0.94,0.0410958904109589,0.0305997552019584,0.0830636642578092,0,4.7,7.7
2010,REG+POST,00-0027844,,Erik Lorig,FB,RB,,2,TB,0,0,0,0,0,0,0,0,0,0,0,0,,0,,,0,0,0,0,0,0,,0,1,2,10,0,0,0,3,8,1,0.229384547797963,0,3.33333333333333,0.0408163265306122,0.0076726342710997,0.0665953337856882,0,1.0,2.0
2010,REG+POST,00-0027854,S.Bradford,Sam Bradford,QB,QB,"https://static.www.nfl.com/image/private/f_auto,q_auto/league/fizwrxzfdaw7v2vzzpn6",16,LA,354,590,3512,18,15,34,244,6,2,3919,1862,179,-44.4240802020084,0,0.896146976269457,0.0119876618335152,27,63,1,1,0,6,-8.01856226916425,0,0,0,0,0,0,0,0,0,0,,0,,,,,0,190.78,190.78
2010,REG+POST,00-0027861,C.Spiller,C.J. Spiller,RB,RB,"https://static.www.nfl.com/image/private/f_auto,q_auto/league/jqbnrdpq9c2nbchzntxt",14,BUF,0,0,0,0,0,0,0,0,0,0,0,0,,0,,,74,283,0,2,1,10,-15.7885049703764,0,24,32,157,1,0,0,59,158,7,0.229766609024965,0,2.66101694915254,0.100313479623824,0.023046875,0.166603031935737,1,54.0,78.0
2010,REG+POST,00-0027864,,Ryan Mathews,RB,RB,"https://static.www.nfl.com/image/private/f_auto,q_auto/league/mai5izn84cdrvxlkwagb",12,LAC,0,0,0,0,0,0,0,0,0,0,0,0,,0,,,157,675,7,4,2,25,-10.063903181353,0,22,26,145,0,1,1,-55,180,7,-4.51195131172426,0,-2.63636363636364,0.0702702702702703,-0.0178051149239236,0.0929418249586589,0,118.0,140.0
2010,REG+POST,00-0027866,E.Thomas III,Earl Thomas,FS,DB,"https://static.www.nfl.com/image/private/f_auto,q_auto/league/zqeizl8cu6rbtyjwbjka",1,SEA,0,0,0,0,0,0,0,0,0,0,0,0,,0,,,0,0,0,0,0,0,,0,0,0,0,0,0,0,0,0,0,,0,,,,,1,6.0,6.0
2010,REG+POST,00-0027873,J.Gresham,Jermaine Gresham,TE,TE,"https://static.www.nfl.com/image/private/f_auto,q_auto/league/higvmot083ues41wbdgi",15,CIN,0,0,0,0,0,0,0,0,0,0,0,0,,0,,,0,0,0,0,0,0,,0,52,83,471,4,2,1,326,341,26,-4.87725875993149,1,1.44478527607362,0.153136531365314,0.0700924532358633,0.278769514313075,0,71.1,123.1
2010,REG+POST,00-0027874,D.Thomas,Demaryius Thomas,WR,WR,"https://static.www.nfl.com/image/private/f_auto,q_auto/league/p1yjsqtqimjd6iazu3h9",10,DEN,0,0,0,0,0,0,0,0,0,0,0,0,,0,,,2,1,0,1,1,0,-6.68766440346371,0,22,39,283,2,1,0,350,139,15,8.93406571079351,0,0.808571428571429,0.10025706940874,0.104916067146283,0.223826851115509,0,38.4,60.4
2010,REG+POST,00-0027876,T.Tebow,Tim Tebow,TE,TE,,7,DEN,41,82,654,5,3,6,26,0,0,1007,248,31,10.2948831664541,0,0.649453823237339,0.0956765297603195,43,227,6,1,0,12,13.3016248688522,0,0,0,0,0,0,0,0,0,0,,0,,,,,0,98.86,98.86
2010,REG+POST,00-0027880,,Jahvid Best,RB,RB,,15,DET,0,1,0,0,0,0,0,0,0,15,0,0,-0.393758253427222,0,0.0,,172,563,4,1,1,25,-40.4938998094003,0,58,80,487,2,0,0,-49,590,16,0.781671288478154,0,-9.93877551020408,0.138888888888889,-0.0119279454722493,0.199983771502759,0,139.0,197.0
2010,REG+POST,00-0027887,,Taylor Mays,FS,DB,"https://static.www.nfl.com/image/private/f_auto,q_auto/league/fhs7yfs8e18qkmfbqgwc",1,SF,0,0,0,0,0,0,0,0,0,0,0,0,,0,,,0,0,0,0,0,0,,0,0,0,0,0,0,0,0,0,0,,0,,,,,1,6.0,6.0
2010,REG+POST,00-0027888,,Toby Gerhart,RB,RB,"https://static.www.nfl.com/image/private/f_auto,q_auto/league/pne2o7x8dw3cngbahihv",15,MIN,0,0,0,0,0,0,0,0,0,0,0,0,,0,,,81,322,1,1,1,13,-10.9981851556222,0,21,29,167,0,2,2,2,173,6,-20.1936752245704,0,83.5,0.0672853828306265,0.0006084575600851,0.101353994537999,0,48.9,69.9
2010,REG+POST,00-0027891,G.Tate,Golden Tate,WR,WR,"https://static.www.nfl.com/image/private/f_auto,q_auto/league/yfqebrp2o9t1gt1wqjku",13,SEA,0,0,0,0,0,0,0,0,0,0,0,0,,0,,,3,17,0,0,0,1,0.0155117930844426,0,22,42,232,0,0,0,432,116,8,-7.94263418562315,0,0.537037037037037,0.0919037199124726,0.110684089162183,0.215334442282237,0,24.9,46.9
2010,REG+POST,00-0027893,,Damian Williams,WR,WR,,9,TEN,0,0,0,0,0,0,0,0,0,0,0,0,,0,,,1,5,0,0,0,0,0.315437803044915,0,16,28,219,0,0,0,317,40,10,9.71854056052967,0,0.690851735015773,0.104089219330855,0.111111111111111,0.23391160677406,0,22.4,38.4
2010,REG+POST,00-0027902,D.Bryant,Dez Bryant,WR,WR,"https://static.www.nfl.com/image/private/f_auto,q_auto/league/jmggujwkiv7osgkhhnhl",12,DAL,0,0,0,0,0,0,0,0,0,0,0,0,,0,,,1,0,0,0,0,0,-0.649928559665568,0,45,72,561,6,0,0,789,192,27,24.838974221462,0,0.711026615969582,0.165137614678899,0.25996705107084,0.429683357767937,2,104.1,149.1
2010,REG+POST,00-0027912,,Danario Alexander,WR,WR,,8,LA,0,0,0,0,0,0,0,0,0,0,0,0,,0,,,0,0,0,0,0,0,,0,20,37,306,1,0,0,484,113,12,6.23709163244421,0,0.632231404958678,0.139622641509434,0.253005750130685,0.38653798735563,0,36.6,56.6
2011,REG,00-0000108,,David Akers,K,SPEC,,1,SF,1,1,14,1,0,0,0,0,0,9,5,1,4.22313360706903,0,1.55555555555556,,0,0,0,0,0,0,,0,0,0,0,0,0,0,0,0,0,,0,,,,,0,4.56,4.56
2011,REG,00-0000865,,Charlie Batch,QB,QB,,3,PIT,15,24,208,0,1,2,10,0,0,189,92,9,-0.096866613965231,0,1.1005291005291,0.0574721312485491,3,-2,0,0,0,0,0.0,0,0,0,0,0,0,0,0,0,0,,0,,,,,0,6.12,6.12
2011,REG,00-0002110,,Mark Brunell,QB,QB,,1,NYJ,1,3,27,0,0,0,0,0,0,46,26,1,-0.356037270394154,0,0.586956521739131,,0,0,0,0,0,0,,0,0,0,0,0,0,0,0,0,0,,0,,,,,0,1.08,1.08
2011,REG,00-0003292,,Kerry Collins,QB,QB,,3,IND,48,98,481,2,1,5,40,3,2,806,216,29,-25.0974297383107,0,0.596774193548387,-0.0328302747713782,2,-1,0,1,1,0,-5.23582660534885,0,0,0,0,0,0,0,0,0,0,,0,,,,,0,19.14,19.14
2011,REG,00-0004161,,Jake Delhomme,QB,QB,,1,HOU,18,28,211,1,0,2,18,1,1,217,56,9,-1.41043508292922,0,0.972350230414747,0.057701437321681,0,0,0,0,0,0,,0,0,0,0,0,0,0,0,0,0,,0,,,,,0,10.44,10.44
2011,REG,00-0004541,,Donald Driver,WR,WR,,16,GB,0,0,0,0,0,0,0,0,0,0,0,0,,0,,,0,0,0,0,0,0,,0,37,56,445,6,0,0,528,138,20,33.9079855336527,0,0.84280303030303,0.103896103896104,0.106602059357965,0.230465597394731,0,80.5,117.5
2011,REG,00-0005091,,Kevin Faulk,RB,RB,,5,NE,0,0,0,0,0,0,0,0,0,0,0,0,,0,,,17,57,0,0,0,1,-2.66424500897537,0,7,9,34,0,0,0,-5,32,2,-2.62117641032293,0,-6.8,0.0629370629370629,-0.0058962264150943,0.0902782359150284,0,9.1,16.1
2011,REG,00-0006101,,Tony Gonzalez,TE,TE,,16,ATL,0,0,0,0,0,0,0,0,0,0,0,0,,0,,,0,0,0,0,0,0,,0,80,116,875,7,0,0,1037,243,53,45.4214439981,0,0.843780135004822,0.199312714776632,0.195993195993196,0.436164309360186,0,129.5,209.5
2011,REG,00-0007091,,Matt Hasselbeck,QB,QB,"https://static.www.nfl.com/image/private/f_auto,q_auto/league/t1nf9avoy2kauqwrvzza",16,TEN,319,518,3571,18,14,19,153,4,1,4129,1631,163,7.89897982831261,0,0.864858319205619,0.0604828957347929,20,52,0,0,0,4,2.41524203273002,0,0,0,0,0,0,0,0,0,0,,0,,,,,0,190.04,190.04
2011,REG,00-0009119,,Reggie Kelly,TE,TE,,2,ATL,0,0,0,0,0,0,0,0,0,0,0,0,,0,,,0,0,0,0,0,0,,0,1,2,7,0,0,0,4,5,0,-1.22744829207659,0,1.75,0.0253164556962025,0.0059970014992503,0.0421725845937791,0,0.7,1.7
2011,REG,00-0009311,,Jon Kitna,QB,QB,,3,DAL,6,10,87,1,2,0,0,0,0,110,30,5,-0.0806328957551159,0,0.790909090909091,0.0727585890039437,3,-2,0,0,0,0,0.0,0,0,0,0,0,0,0,0,0,0,,0,,,,,0,3.28,3.28
2011,REG,00-0009323,,Jimmy Kleinsasser,TE,TE,,5,MIN,0,0,0,0,0,0,0,0,0,0,0,0,,0,,,0,0,0,0,0,0,,0,1,6,4,0,0,0,54,0,0,-2.8003844395862,0,0.0740740740740741,0.0350877192982456,0.0372157133011716,0.0786825782581885,0,0.4,1.4
2011,REG,00-0010500,,Derrick Mason,WR,WR,,11,HOU,0,0,0,0,0,0,0,0,0,0,0,0,,0,,,0,0,0,0,0,0,,0,19,35,170,0,0,0,282,38,11,-3.57560002300858,0,0.602836879432624,0.102040816326531,0.0973420780117363,0.221200679098011,0,17.0,36.0
2011,REG,00-0011022,,Donovan McNabb,QB,QB,,6,MIN,94,156,1026,4,2,16,113,1,0,1231,424,52,-17.4551714814916,0,0.833468724614135,0.0190967975805895,14,59,1,1,0,5,2.1879356810241,0,0,0,0,0,0,0,0,0,0,,0,,,,,0,64.94,64.94
2011,REG,00-0014655,,Mike Sellers,TE,TE,,2,WAS,0,0,0,0,0,0,0,0,0,0,0,0,,0,,,0,0,0,0,0,0,,0,1,2,15,0,0,0,15,8,1,0.217809271998703,0,1.0,0.032258064516129,0.0301810865191147,0.0695138573375738,0,1.5,2.5
2011,REG,00-0015754,,Brandon Stokley,WR,WR,,2,NYG,0,0,0,0,0,0,0,0,0,0,0,0,,0,,,0,0,0,0,0,0,,0,1,3,7,0,0,0,26,4,0,-2.99151577614248,0,0.269230769230769,0.0566037735849057,0.0512820512820513,0.120803096274794,0,0.7,1.7
2011,REG,00-0016689,,Matt Turk,P,SPEC,,1,JAX,0,0,0,0,0,0,0,0,0,0,0,0,,0,,,1,0,0,1,0,0,-2.84290397027507,0,0,0,0,0,0,0,0,0,0,,0,,,,,0,0.0,0.0
2011,REG,00-0017162,,Hines Ward,WR,WR,,14,PIT,0,0,0,0,0,0,0,0,0,0,0,0,,0,,,0,0,0,0,0,0,,0,46,63,381,2,1,1,392,163,20,-1.74397145354727,0,0.971938775510204,0.142212189616253,0.10082304526749,0.283894416111622,0,48.1,94.1
2011,REG,00-0017915,,Ricky Williams,RB,RB,,16,BAL,0,0,0,0,0,0,0,0,0,0,0,0,,0,,,108,444,2,2,2,20,-11.8112103916635,0,13,20,83,0,0,0,19,67,5,0.340171753640594,0,4.36842105263158,0.05,0.0052675353479345,0.0786872747435542,0,60.7,73.7
2011,REG,00-0019041,,Billy Volek,QB,QB,,2,LAC,0,0,0,0,0,0,0,0,0,0,0,0,,0,,,5,-5,0,0,0,0,-3.76836597139481,0,0,0,0,0,0,0,0,0,0,,0,,,,,0,-0.5,-0.5
2011,REG,00-0019457,,Anthony Becht,TE,TE,,3,KC,0,0,0,0,0,0,0,0,0,0,0,0,,0,,,0,0,0,0,0,0,,0,3,4,26,0,0,0,22,10,2,1.58593070926145,0,1.18181818181818,0.0421052631578947,0.0304709141274238,0.0844875346260388,0,2.6,5.6
2011,REG,00-0019484,,Sammy Morris,RB,RB,,3,DAL,0,0,0,0,0,0,0,0,0,0,0,0,,0,,,28,98,0,0,0,7,-4.58467856532661,0,5,7,13,0,0,0,7,15,0,-4.19990294543095,0,1.85714285714286,0.0654205607476636,0.0169082125603865,0.109966589913766,0,11.1,16.1
2011,REG,00-0019596,T.Brady,Tom Brady,QB,QB,"https://static.www.nfl.com/image/private/f_auto,q_auto/league/q7dpdlxyu5rs05rgh1le",16,NE,401,611,5235,39,12,32,173,4,2,4989,2566,261,198.033485546049,0,1.04930847865304,0.183906210972241,43,109,3,2,0,20,7.56491082781577,0,0,0,0,0,0,0,0,0,0,,0,,,,,0,366.3,366.3
2011,REG,00-0019641,,Thomas Jones,RB,RB,,16,KC,0,0,0,0,0,0,0,0,0,0,0,0,,0,,,153,478,0,0,0,19,-31.4531190085995,0,5,7,43,0,0,0,-10,56,1,0.19788103341125,0,-4.3,0.049645390070922,-0.0114285714285714,0.066468085106383,0,52.1,57.1
2011,REG,00-0019642,,Plaxico Burress,WR,WR,,16,NYJ,0,0,0,0,0,0,0,0,0,0,0,0,,0,,,0,0,0,0,0,0,,0,45,96,612,8,0,0,1246,144,38,14.7913054833128,0,0.491171749598716,0.177449168207024,0.279184405108671,0.461602835886606,0,109.2,154.2
2011,REG,00-0019709,,Chris Redman,QB,QB,,4,ATL,18,28,188,0,1,0,0,0,0,229,68,10,-8.57218178152107,0,0.820960698689956,0.0144015571817052,5,-6,0,0,0,0,-3.41119857825106,0,0,0,0,0,0,0,0,0,0,,0,,,,,0,4.92,4.92
2011,REG,00-0019714,S.Lechler,Shane Lechler,P,SPEC,"https://static.www.nfl.com/image/private/f_auto,q_auto/league/we3oe5jqnrb4ag3d4pqu",3,LV,1,3,35,1,0,0,0,0,0,40,30,1,-0.518233745067846,0,0.875,,0,0,0,0,0,0,,0,0,0,0,0,0,0,0,0,0,,0,,,,,0,5.4,5.4
2011,REG,00-0020245,,Mike Vick,QB,QB,"https://static.www.nfl.com/image/private/f_auto,q_auto/league/hrg4riwhpjbijfovsjrk",13,PHI,253,423,3303,18,14,23,126,3,2,3878,1332,155,49.7767437878465,0,0.851727694687984,0.111710867110348,76,589,1,7,2,28,24.2785083134405,0,0,0,0,0,0,0,0,0,0,,0,,,,,0,233.02,233.02
2011,REG,00-0020267,,Nick Harris,P,SPEC,"https://static.www.nfl.com/image/private/f_auto,q_auto/league/ko6iq143yffkkrsidnyh",1,JAX,0,0,0,0,0,0,0,0,0,0,0,0,,0,,,1,0,0,0,0,0,-5.00459305767436,0,0,0,0,0,0,0,0,0,0,,0,,,,,0,0.0,0.0
2011,REG,00-0020305,,A.J. Feeley,QB,QB,,4,LA,53,97,548,1,2,10,72,3,2,617,369,27,-24.9591764591169,0,0.888168557536467,-0.0232035562034306,3,4,0,0,0,1,0.87475515838014,0,0,0,0,0,0,0,0,0,0,,0,,,,,0,18.32,18.32
2011,REG,00-0020337,,Steve Smith,WR,WR,"https://static.www.nfl.com/image/private/f_auto,q_auto/league/k23e0b8cto93he9rt0zc",16,CAR,0,0,0,0,0,0,0,0,0,0,0,0,,0,,,6,56,0,0,0,3,4.23591527924873,0,79,129,1394,7,3,2,1780,459,53,39.8306438459485,1,0.78314606741573,0.251953125,0.363043034876606,0.632059811913624,0,185.0,264.0
2011,REG,00-0020397,,Chad Johnson,WR,WR,,14,NE,0,0,0,0,0,0,0,0,0,0,0,0,,0,,,0,0,0,0,0,0,,0,15,32,276,1,0,0,585,53,13,7.31305767512375,0,0.471794871794872,0.058287795992714,0.126678215677783,0.176106444963519,0,33.6,48.6
2011,REG,00-0020438,,T.J. Houshmandzadeh,WR,WR,,6,LV,0,0,0,0,0,0,0,0,0,0,0,0,,0,,,0,0,0,0,0,0,,0,11,19,146,1,0,0,226,31,5,3.81758997647974,0,0.646017699115044,0.0931372549019608,0.110136452241715,0.216801398922142,0,20.6,31.6
2011,REG,00-0020494,,Santana Moss,WR,WR,,12,WAS,0,0,0,0,0,0,0,0,0,0,0,0,,0,,,0,0,0,0,0,0,,0,46,96,584,4,0,0,1058,185,35,1.2427068689742,0,0.551984877126654,0.222222222222222,0.261170081461368,0.516152390356291,0,82.4,128.4
2011,REG,00-0020498,,Reggie Wayne,WR,WR,,16,IND,0,0,0,0,0,0,0,0,0,0,0,0,,0,,,0,0,0,0,0,0,,0,75,131,960,4,0,0,1451,276,50,19.3548039354688,0,0.661612680909718,0.24952380952381,0.337834691501746,0.610769998336937,0,120.0,195.0
2011,REG,00-0020516,,Todd Heap,TE,TE,,7,ARI,0,0,0,0,0,0,0,0,0,0,0,0,,0,,,0,0,0,0,0,0,,0,24,36,283,1,0,0,283,110,9,6.17425768074463,0,1.0,0.141732283464567,0.126339285714286,0.30103592519685,0,34.3,58.3
2011,REG,00-0020531,D.Brees,Drew Brees,QB,QB,"https://static.www.nfl.com/image/private/f_auto,q_auto/league/i20xlpzdmn7xubotijjd",16,NO,471,660,5535,46,14,24,158,0,0,5070,2449,280,225.52100298146,2,1.09171597633136,0.206445073649393,21,86,1,1,1,5,-10.5258965983521,0,0,0,0,0,0,0,0,0,0,,0,,,,,0,394.0,394.0
2011,REG,00-0020536,,LaDainian Tomlinson,RB,RB,,14,NYJ,0,0,0,0,0,1,2,0,0,0,0,0,-1.71352876676247,0,,,75,280,1,0,0,15,-8.56737558406894,0,42,61,449,2,0,0,109,384,12,2.75132757881505,0,4.11926605504587,0.130620985010707,0.0285564579512706,0.215920998081949,0,90.9,132.9
2011,REG,00-0020679,,Shaun Hill,QB,QB,"https://static.www.nfl.com/image/private/f_auto,q_auto/league/dn42ccbwrshm7uksyphy",2,DET,2,3,33,0,0,0,0,0,0,47,0,1,1.48044857929926,0,0.702127659574468,,1,-1,0,0,0,0,0.0,0,0,0,0,0,0,0,0,0,0,,0,,,,,0,1.22,1.22
2011,REG,00-0020804,,Corey McIntyre,FB,RB,,1,BUF,0,0,0,0,0,0,0,0,0,0,0,0,,0,,,0,0,0,0,0,0,,0,1,1,4,0,0,0,0,4,0,-0.171803759993054,0,0.0,0.0222222222222222,,,0,0.4,1.4
2011,REG,00-0021147,,Donte' Stallworth,WR,WR,,11,WAS,0,0,0,0,0,0,0,0,0,0,0,0,,0,,,2,1,0,0,0,0,-1.75177429895848,0,22,38,309,2,0,0,408,104,15,12.9707559133947,0,0.757352941176471,0.0952380952380952,0.112551724137931,0.221643349753695,0,43.0,65.0
2011,REG,00-0021148,,Jeremy Shockey,TE,TE,,15,CAR,0,0,0,0,0,0,0,0,0,0,0,0,,0,,,0,0,0,0,0,0,,0,37,62,455,4,2,1,570,190,24,16.3339743803497,0,0.798245614035088,0.130526315789474,0.125716806352007,0.283791238130616,0,67.5,104.5
2011,REG,00-0021154,,Daniel Graham,TE,TE,,5,TEN,0,0,0,0,0,0,0,0,0,0,0,0,,0,,,0,0,0,0,0,0,,0,2,5,25,1,0,0,27,6,2,1.29900789406383,0,0.925925925925926,0.028735632183908,0.01932712956335,0.0566324389702071,0,8.5,10.5
2011,REG,00-0021163,,Jabar Gaffney,WR,WR,,16,WAS,0,0,0,0,0,0,0,0,0,0,0,0,,0,,,0,0,0,0,0,0,,0,68,115,947,5,1,1,1521,181,50,28.1846464971027,0,0.622616699539777,0.197934595524957,0.289383561643836,0.49947038643812,0,122.7,190.7
2011,REG,00-0021182,,Maurice Morris,RB,RB,,13,DET,0,0,0,0,0,0,0,0,0,0,0,0,,0,,,82,319,1,1,0,12,-9.01121046661865,0,27,36,241,1,0,0,24,204,10,-1.84709394489065,0,10.0416666666667,0.0751565762004175,0.0081521739130434,0.118441386039757,0,68.0,95.0
2011,REG,00-0021192,,Deion Branch,WR,WR,,14,NE,0,0,0,0,0,0,0,0,0,0,0,0,,0,,,0,0,0,0,0,0,,0,51,90,702,5,0,0,827,331,37,25.0037625386417,0,0.848851269649335,0.166666666666667,0.184392419175028,0.37907469342252,0,100.2,151.2
2011,REG,00-0021206,J.McCown,Josh McCown,QB,QB,"https://static.www.nfl.com/image/private/f_auto,q_auto/league/qcauc37wqjdaxdbq1evu",3,CHI,35,55,414,2,4,7,43,2,0,490,167,18,-2.08952924331121,0,0.844897959183674,0.0665816350976883,12,68,0,0,0,5,5.5859497662168,1,0,0,0,0,0,0,0,0,0,,0,,,,,0,25.36,25.36
2011,REG,00-0021227,,Justin Peelle,TE,TE,,4,SF,0,0,0,0,0,0,0,0,0,0,0,0,,0,,,0,0,0,0,0,0,,0,1,4,19,0,0,0,39,6,1,-0.566591072245501,0,0.487179487179487,0.0357142857142857,0.046875,0.0863839285714286,0,1.9,2.9
2011,REG,00-0021236,,Randy McMichael,TE,TE,,15,LAC,0,0,0,0,0,0,0,0,0,0,0,0,,0,,,0,0,0,0,0,0,,0,30,44,271,0,0,0,153,189,12,12.5275795355486,0,1.77124183006536,0.0813308687615527,0.0315659170621003,0.144092445085799,0,27.1,57.1
2011,REG,00-0021304,,John Gilmore,TE,TE,,5,NO,0,0,0,0,0,0,0,0,0,0,0,0,,0,,,0,0,0,0,0,0,,0,3,6,20,1,0,0,19,12,1,-2.35389041912276,0,1.05263157894737,0.0283018867924528,0.0144267274107821,0.0525515393762267,0,8.0,11.0
2011,REG,00-0021314,,Chester Taylor,RB,RB,,11,ARI,0,0,0,0,0,0,0,0,0,0,0,0,,0,,,20,77,1,0,0,4,-1.54772667068755,0,14,24,91,0,0,0,32,81,3,-10.5225329329714,0,2.84375,0.0689655172413793,0.0107998650016875,0.11100818136325,0,22.8,36.8
2011,REG,00-0021357,,Rock Cartwright,RB,RB,,7,LV,0,0,0,0,0,0,0,0,0,0,0,0,,0,,,4,45,0,0,0,1,4.27906431118026,0,4,6,24,0,0,0,8,26,1,-4.2131679605227,0,3.0,0.0454545454545455,0.009367681498829,0.0747391952309985,0,6.9,10.9
2011,REG,00-0021429,C.Palmer,Carson Palmer,QB,QB,"https://static.www.nfl.com/image/private/f_auto,q_auto/league/belgna3tokxga0gjjmwk",10,LV,199,328,2753,13,16,17,119,1,1,3389,1051,122,34.3640495794419,0,0.81233402183535,0.112826584756965,16,20,1,1,0,5,-1.57680809061276,0,0,0,0,0,0,0,0,0,0,,0,,,,,0,136.12,136.12
2011,REG,00-0021547,A.Gates,Antonio Gates,TE,TE,"https://static.www.nfl.com/image/private/f_auto,q_auto/league/kndulvysinvn4tpvt0bc",13,LAC,0,0,0,0,0,0,0,0,0,0,0,0,,0,,,0,0,0,0,0,0,,0,64,88,778,7,0,0,799,256,45,50.9847828273482,0,0.973717146433041,0.186836518046709,0.182503426222019,0.408007175425477,0,119.8,183.8
2011,REG,00-0021570,,Kassim Osgood,WR,WR,,5,JAX,0,0,0,0,0,0,0,0,0,0,0,0,,0,,,0,0,0,0,0,0,,0,5,11,42,0,0,0,80,18,2,-4.88346942065982,0,0.525,0.0797101449275362,0.140105078809107,0.217638772557679,0,4.2,9.2
2011,REG,00-0021647,,Jerheme Urban,WR,WR,,5,KC,0,0,0,0,0,0,0,0,0,0,0,0,,0,,,1,7,0,0,0,0,0.442088082432747,0,4,13,35,1,0,0,140,3,1,-12.3095285229045,0,0.25,0.0822784810126582,0.111376292760541,0.201381126451366,0,10.2,14.2
2011,REG,00-0021678,,Tony Romo,QB,QB,"https://static.www.nfl.com/image/private/f_auto,q_auto/league/rdgaxf7djip2ovlkeqjk",16,DAL,346,522,4184,31,10,36,227,5,3,4020,1946,203,93.954418204766,0,1.0407960199005,0.140424166345105,22,46,1,1,0,4,-10.9052873335957,0,0,0,0,0,0,0,0,0,0,,0,,,,,0,275.96,275.96
2011,REG,00-0021755,,Earnest Graham,RB,RB,,7,TB,0,0,0,0,0,0,0,0,0,0,0,0,,0,,,37,206,0,1,0,6,-5.5976033238112,0,26,31,163,0,0,0,45,141,8,-2.64156804703782,0,3.62222222222222,0.130252100840336,0.0253093363329584,0.213094686693575,0,36.9,62.9
2011,REG,00-0021756,,Will Heller,TE,TE,,9,DET,0,0,0,0,0,0,0,0,0,0,0,0,,0,,,0,0,0,0,0,0,,0,6,13,42,0,0,0,42,21,3,-9.62645468104165,0,1.0,0.0359116022099448,0.0161725067385445,0.0651881580318983,0,4.2,10.2
2011,REG,00-0021929,,Donald Lee,TE,TE,,6,CIN,0,0,0,0,0,0,0,0,0,0,0,0,,0,,,0,0,0,0,0,0,,0,11,13,115,0,0,0,69,69,5,6.08282250256605,0,1.66666666666667,0.0646766169154229,0.0611702127659575,0.139834074309305,0,11.5,22.5
2011,REG,00-0021931,,Kevin Walter,WR,WR,,15,HOU,0,0,0,0,0,0,0,0,0,0,0,0,,0,,,0,0,0,0,0,0,,0,39,59,474,3,0,0,625,130,26,21.3594467651649,0,0.7584,0.13785046728972,0.177154195011338,0.330783637442516,0,65.4,104.4
2011,REG,00-0021976,,Larry Johnson,RB,RB,,1,MIA,0,0,0,0,0,0,0,0,0,0,0,0,,0,,,1,2,0,0,0,0,-0.331110082683153,0,0,0,0,0,0,0,0,0,0,,0,,,,,0,0.2,0.2
2011,REG,00-0021999,,Nate Burleson,WR,WR,,16,DET,0,0,0,0,0,0,0,0,0,0,0,0,,0,,,11,85,0,0,0,6,4.8230636472581,0,74,112,771,3,1,1,724,419,37,19.3556052218111,0,1.06491712707182,0.167664670658683,0.131876138433515,0.343810302891485,0,101.6,175.6
2011,REG,00-0022044,,Andre Johnson,WR,WR,,7,HOU,0,0,0,0,0,0,0,0,0,0,0,0,,0,,,1,8,0,0,0,0,0.49475885136053,0,33,51,492,2,0,0,677,137,23,14.0844375630227,0,0.726735598227474,0.264248704663212,0.433974358974359,0.70015510827687,0,62.0,95.0
2011,REG,00-0022054,,Visanthe Shiancoe,TE,TE,,15,MIN,0,0,0,0,0,0,0,0,0,0,0,0,,0,,,0,0,0,0,0,0,,0,36,71,409,3,0,0,608,130,26,5.01022662287645,0,0.672697368421053,0.15301724137931,0.147788040836169,0.332977490654284,0,58.9,94.9
2011,REG,00-0022055,,Seneca Wallace,QB,QB,,6,CLE,55,107,567,2,2,6,30,1,1,823,178,29,-20.5737066471216,0,0.688942891859052,-0.0322654230613408,7,70,0,0,0,4,5.17745398543775,0,1,1,21,0,0,0,16,5,1,1.35563955025282,0,1.3125,0.0384615384615385,0.098159509202454,0.126403964134026,0,33.78,34.78
2011,REG,00-0022064,,Arnaz Battle,WR,WR,,1,PIT,0,0,0,0,0,0,0,0,0,0,0,0,,0,,,0,0,0,0,0,0,,0,0,1,0,0,0,0,10,0,0,-0.236292694113217,0,0.0,0.024390243902439,0.0235849056603774,0.0530947998159227,0,0.0,0.0
2011,REG,00-0022084,,Anquan Boldin,WR,WR,"https://static.www.nfl.com/image/private/f_auto,q_auto/league/ajabgwxbliupgkwjbnut",14,BAL,0,0,0,0,0,0,0,0,0,0,0,0,,0,,,0,0,0,0,0,0,,0,57,106,887,3,0,0,1255,222,44,29.2951713258639,0,0.706772908366534,0.21285140562249,0.271292693471682,0.509181993863912,0,106.7,163.7
2011,REG,00-0022097,,Brandon Lloyd,WR,WR,,15,LA,0,1,0,0,0,0,0,0,0,31,0,0,-0.39640825567767,0,0.0,,0,0,0,0,0,0,,0,70,148,966,5,1,0,2178,128,46,6.72563032104575,0,0.443526170798898,0.305154639175258,0.511027686532145,0.815451339335388,0,126.6,196.6
2011,REG,00-0022121,,Rex Grossman,QB,QB,,13,WAS,265,458,3151,16,20,25,201,6,5,4139,1315,159,-13.9722733774451,0,0.761294998791979,0.0424835604956128,20,11,1,2,0,2,-9.58939483793802,0,0,0,0,0,0,0,0,0,0,,0,,,,,0,147.14,147.14
2011,REG,00-0022127,J.Witten,Jason Witten,TE,TE,"https://static.www.nfl.com/image/private/f_auto,q_auto/league/r7uafhtwuexuaty0nhsc",16,DAL,0,0,0,0,0,0,0,0,0,0,0,0,,0,,,0,0,0,0,0,0,,0,79,117,942,5,1,0,900,363,47,34.8228090963414,0,1.04666666666667,0.208185053380783,0.206753962784287,0.457005354020175,0,124.2,203.2
2011,REG,00-0022143,,Ovie Mughelli,FB,RB,,6,ATL,0,0,0,0,0,0,0,0,0,0,0,0,,0,,,2,1,0,0,0,0,-0.858682352642063,0,4,8,25,2,0,0,13,18,2,1.65399864310166,0,1.92307692307692,0.0394088669950739,0.0081761006289308,0.0648365709328624,0,14.6,18.6
2011,REG,00-0022156,,Bryant Johnson,WR,WR,,8,HOU,0,0,0,0,0,0,0,0,0,0,0,0,,0,,,1,1,0,0,0,0,-0.524796933867037,0,6,12,90,1,0,0,169,11,4,4.6599927170597,0,0.532544378698225,0.06,0.111772486772487,0.168240740740741,0,15.1,21.1
2011,REG,00-0022164,,Kyle Boller,QB,QB,,2,LV,15,28,161,0,3,3,19,1,0,319,84,7,-13.7031370234618,0,0.504702194357367,-0.0006290883962738,9,38,0,2,0,3,0.0709306264654726,0,0,0,0,0,0,0,0,0,0,,0,,,,,0,4.24,4.24
2011,REG,00-0022165,,Dallas Clark,TE,TE,,10,IND,0,0,0,0,0,0,0,0,0,0,0,0,,0,,,0,0,0,0,0,0,,0,34,65,352,2,1,1,379,150,22,-2.38940732249811,0,0.928759894459103,0.18361581920904,0.133309883925431,0.368740647561361,0,45.2,79.2
2011,REG,00-0022178,,Willis McGahee,RB,RB,,15,DEN,0,0,0,0,0,0,0,0,0,0,0,0,,0,,,249,1199,4,3,3,52,-17.3527900137251,1,12,20,51,1,1,0,18,52,2,-1.34792187757557,0,2.83333333333333,0.08,0.0089285714285714,0.12625,0,151.0,163.0
2011,REG,00-0022217,,Mewelde Moore,RB,RB,,12,PIT,0,0,0,0,0,0,0,0,0,0,0,0,,0,,,22,157,0,1,1,6,-3.44409070277802,0,11,14,104,1,1,1,13,95,4,-0.0657987204452617,0,8.0,0.0476190476190476,0.0065228299046663,0.0759945523618379,0,28.1,39.1
2011,REG,00-0022341,,George Wilson,SS,DB,,1,BUF,0,0,0,0,0,0,0,0,0,0,0,0,,0,,,1,6,0,0,0,1,2.59601849853061,0,0,0,0,0,0,0,0,0,0,,0,,,,,0,0.6,0.6
2011,REG,00-0022388,,Terrance Copper,WR,WR,,6,KC,0,0,0,0,0,0,0,0,0,0,0,0,,0,,,0,0,0,0,0,0,,0,8,12,114,0,0,0,134,36,6,9.32048125263978,0,0.850746268656716,0.0628272251308901,0.0925414364640884,0.159019843221197,0,11.4,19.4
2011,REG,00-0022397,,Vonta Leach,FB,RB,,15,BAL,0,0,0,0,0,0,0,0,0,0,0,0,,0,,,12,35,0,0,0,9,2.57154850524967,0,15,27,69,0,0,0,2,72,3,-7.7187239795619,0,34.5,0.0533596837944664,0.0006218905472636,0.0804748490747842,0,10.4,25.4
2011,REG,00-0022414,,Malcom Floyd,WR,WR,"https://static.www.nfl.com/image/private/f_auto,q_auto/league/or8gm79eaonksxe8gl0t",12,LAC,0,0,0,0,0,0,0,0,0,0,0,0,,0,,,0,0,0,0,0,0,,0,43,70,856,5,0,0,1153,181,41,63.1349731376302,0,0.742411101474415,0.168674698795181,0.305026455026455,0.46653056671129,0,115.6,158.6
2011,REG,00-0022421,,Ruvell Martin,WR,WR,,6,BUF,0,0,0,0,0,0,0,0,0,0,0,0,,0,,,0,0,0,0,0,0,,0,7,16,82,0,0,0,132,30,5,-3.32386606546708,0,0.621212121212121,0.0655737704918033,0.0752565564424173,0.151040245247397,0,8.2,15.2
2011,REG,00-0022427,,Wes Welker,WR,WR,"https://static.www.nfl.com/image/private/f_auto,q_auto/league/rgjwexzif36vncjfdwap",16,NE,0,0,0,0,0,0,0,0,0,0,0,0,,0,,,4,30,0,0,0,2,0.845791232655756,0,122,173,1569,9,0,0,1315,708,77,100.344516825602,0,1.19315589353612,0.284072249589491,0.262632314759337,0.609950994715772,0,213.9,335.9
2011,REG,00-0022684,D.Jones,Donnie Jones,P,SPEC,"https://static.www.nfl.com/image/private/f_auto,q_auto/league/qds7simibz6lt6ckf5yo",1,LA,0,0,0,0,0,0,0,0,0,0,0,0,,0,,,1,9,0,0,0,0,-1.20005685952492,0,0,0,0,0,0,0,0,0,0,,0,,,,,0,0.9,0.9
2011,REG,00-0022725,,Michael Clayton,WR,WR,,1,NYG,0,0,0,0,0,0,0,0,0,0,0,0,,0,,,0,0,0,0,0,0,,0,0,1,0,0,0,0,2,0,0,-0.439114130917005,0,0.0,0.0256410256410256,0.0051679586563307,0.04207910952097,0,0.0,0.0
2011,REG,00-0022726,,Keary Colbert,WR,WR,,6,KC,0,0,0,0,0,0,0,0,0,0,0,0,,0,,,0,0,0,0,0,0,,0,9,12,89,0,1,0,86,31,4,-1.25129688880406,0,1.03488372093023,0.0641711229946524,0.053582554517134,0.133764472653972,0,8.9,17.9
2011,REG,00-0022736,,Steven Jackson,RB,RB,"https://static.www.nfl.com/image/private/f_auto,q_auto/league/abl5wejuf448xw3jtphm",15,LA,0,0,0,0,0,0,0,0,0,0,0,0,,0,,,260,1145,5,1,0,50,-18.008186612032,0,42,58,333,1,1,1,89,311,17,-6.61998063543394,0,3.74157303370787,0.124197002141328,0.0210950462194833,0.20106203556563,0,181.8,223.8
2011,REG,00-0022738,,Chris Cooley,TE,TE,,5,WAS,0,0,0,0,0,0,0,0,0,0,0,0,,0,,,2,3,0,0,0,1,-1.28243549796753,0,8,13,65,0,0,0,43,42,3,-2.11765640450176,0,1.51162790697674,0.0738636363636364,0.0289367429340511,0.13105117459929,0,6.8,14.8
2011,REG,00-0022766,,Patrick Crayton,WR,WR,,12,LAC,0,0,0,0,0,0,0,0,0,0,0,0,,0,,,0,0,0,0,0,0,,0,23,34,248,1,1,0,249,99,17,0.123278666101454,0,0.995983935742972,0.0796252927400469,0.0616489230007428,0.16259218521059,0,30.8,53.8
2011,REG,00-0022770,,Derrick Ward,RB,RB,,5,HOU,0,0,0,0,0,0,0,0,0,0,0,0,,0,,,45,154,2,0,0,11,-6.53966916160425,0,0,1,0,0,0,0,2,0,0,-1.19150045316201,0,0.0,0.032258064516129,0.0087719298245614,0.0545274476513865,0,27.4,27.4
2011,REG,00-0022771,,Eugene Amano,C,OL,,1,TEN,0,0,0,0,0,0,0,0,0,0,0,0,,0,,,0,0,0,0,0,0,,0,1,1,7,0,0,0,0,7,0,0.275928622926585,0,0.0,0.0294117647058824,,,0,0.7,1.7
2011,REG,00-0022781,,Michael Jenkins,WR,WR,,11,MIN,0,0,0,0,0,0,0,0,0,0,0,0,,0,,,0,0,0,0,0,0,,0,38,55,466,3,2,2,634,101,23,0.77853113978074,0,0.735015772870662,0.169230769230769,0.222222222222222,0.409401709401709,0,60.6,98.6
2011,REG,00-0022787,M.Schaub,Matt Schaub,QB,QB,"https://static.www.nfl.com/image/private/f_auto,q_auto/league/mj2kh2nddxnw04ludcx0",10,HOU,178,292,2479,15,6,16,98,2,1,2463,1189,118,63.5449550266121,0,1.00649614291514,0.126390168063107,15,9,2,1,0,3,-6.55771542066941,0,0,0,0,0,0,0,0,0,0,,0,,,,,0,158.06,158.06
2011,REG,00-0022803,E.Manning,Eli Manning,QB,QB,"https://static.www.nfl.com/image/private/f_auto,q_auto/league/w51tf8uedjftbr4qpaex",16,NYG,359,589,4933,29,16,28,199,6,4,5770,2089,216,89.4352440483955,0,0.854939341421144,0.125051965089088,35,15,1,2,0,2,-15.0249298778978,0,0,0,0,0,0,0,0,0,0,,0,,,,,0,280.82,280.82
2011,REG,00-0022807,,Bernard Berrian,WR,WR,,5,MIN,0,0,0,0,0,0,0,0,0,0,0,0,,0,,,0,0,0,0,0,0,,0,7,23,91,0,0,0,355,7,3,-9.79955946192471,0,0.256338028169014,0.150326797385621,0.27734375,0.419630821078431,0,9.1,16.1
2011,REG,00-0022811,,Jerricho Cotchery,WR,WR,"https://static.www.nfl.com/image/private/f_auto,q_auto/league/hkq2dmfj7mbgbuejiloy",10,PIT,0,0,0,0,0,0,0,0,0,0,0,0,,0,,,1,3,0,0,0,0,0.100789403339149,0,16,30,237,2,0,0,310,64,13,12.1710123150771,0,0.764516129032258,0.0833333333333333,0.107266435986159,0.200086505190311,0,36.0,52.0
2011,REG,00-0022821,,Michael Turner,RB,RB,,16,ATL,0,0,0,0,0,0,0,0,0,0,0,0,,0,,,301,1340,11,3,2,62,-16.8373497684974,0,17,26,168,0,0,0,34,146,8,6.16861335374415,0,4.94117647058824,0.0563991323210412,0.0102688009664754,0.0917868591580946,0,212.8,229.8
2011,REG,00-0022824,A.Lee,Andy Lee,P,SPEC,"https://static.www.nfl.com/image/private/f_auto,q_auto/league/bfozbs2h9jueavslvw3z",1,SF,0,0,0,0,0,0,0,0,0,0,0,0,,0,,,1,-18,0,0,0,0,-1.77496128698112,0,0,0,0,0,0,0,0,0,0,,0,,,,,0,-1.8,-1.8
2011,REG,00-0022863,,Isaac Sopoaga,NT,DL,,1,SF,0,0,0,0,0,0,0,0,0,0,0,0,,0,,,0,0,0,0,0,0,,0,1,1,18,0,0,0,4,14,1,1.87919952147058,0,4.5,0.0416666666666667,0.0194174757281553,0.0760922330097087,0,1.8,2.8
2011,REG,00-0022864,L.McCown,Luke McCown,QB,QB,"https://static.www.nfl.com/image/private/f_auto,q_auto/league/pj2lbdhplppzlywlzsbr",4,JAX,30,56,296,0,4,4,38,1,0,362,140,13,-28.0839341610306,0,0.81767955801105,-0.0327444760739347,7,23,0,1,1,3,-1.68969720113091,0,0,0,0,0,0,0,0,0,0,,0,,,,,0,4.14,4.14
2011,REG,00-0022897,,Greg Jones,RB,RB,,8,JAX,0,0,0,0,0,0,0,0,0,0,0,0,,0,,,2,7,1,0,0,1,1.50125502067385,0,4,9,19,0,0,0,18,16,2,-1.66718810232123,0,1.05555555555556,0.0394736842105263,0.0115163147792706,0.0672719466612789,0,8.6,12.6
2011,REG,00-0022909,,Roy Williams,WR,WR,,15,CHI,0,0,0,0,0,0,0,0,0,0,0,0,,0,,,0,0,0,0,0,0,,0,37,63,507,2,0,0,812,117,29,10.2761777745184,0,0.624384236453202,0.149289099526066,0.210199326947968,0.371073178152677,0,62.7,99.7
2011,REG,00-0022910,,Lee Evans,WR,WR,,9,BAL,0,0,0,0,0,0,0,0,0,0,0,0,,0,,,0,0,0,0,0,0,,0,4,26,74,0,0,0,464,9,4,-22.2692276162735,0,0.15948275862069,0.107883817427386,0.235055724417427,0.326364733233277,0,7.4,11.4
2011,REG,00-0022912,,J.P. Losman,QB,QB,,1,MIA,6,10,60,0,0,5,38,0,0,90,23,3,-4.51448617098504,0,0.666666666666667,0.061227522847141,2,1,0,1,0,0,-3.39404537831433,0,0,0,0,0,0,0,0,0,0,,0,,,,,0,2.5,2.5
2011,REG,00-0022921,L.Fitzgerald,Larry Fitzgerald,WR,WR,"https://static.www.nfl.com/image/private/f_auto,q_auto/league/ycgjjaad5un42gy4pnga",16,ARI,0,0,0,0,0,0,0,0,0,0,0,0,,0,,,0,0,0,0,0,0,,0,80,154,1411,8,0,0,2054,488,61,32.1266368845037,0,0.686952288218111,0.284658040665434,0.422720724428895,0.722891568098378,0,189.1,269.1
2011,REG,00-0022922,,Kellen Winslow,TE,TE,,16,TB,0,0,0,0,0,0,0,0,0,0,0,0,,0,,,0,0,0,0,0,0,,0,75,121,763,2,2,1,963,248,40,-26.3050471732065,2,0.792315680166148,0.208620689655172,0.220820912634717,0.46750567332706,0,90.3,165.3
2011,REG,00-0022924,B.Roethlisberger,Ben Roethlisberger,QB,QB,"https://static.www.nfl.com/image/private/f_auto,q_auto/league/vziogpnyp9d0xtpiuqhr",15,PIT,324,513,4077,21,14,40,269,7,5,4793,1741,210,81.6798707916836,0,0.85061548090966,0.123086685207928,31,70,0,1,0,6,-2.10587418198773,0,0,0,0,0,0,0,0,0,0,,0,,,,,0,216.08,216.08
2011,REG,00-0022929,,Devery Henderson,WR,WR,,15,NO,0,0,0,0,0,0,0,0,0,0,0,0,,0,,,1,9,0,0,0,1,1.13938928028801,0,32,50,503,2,1,0,628,174,22,26.4595234744945,0,0.800955414012739,0.0805152979066023,0.132601351351351,0.213593892805849,0,63.2,95.2
2011,REG,00-0022942,P.Rivers,Philip Rivers,QB,QB,"https://static.www.nfl.com/image/private/f_auto,q_auto/league/voakyrtj34sghkwxaxxf",16,LAC,366,582,4624,27,20,30,198,7,4,5222,1974,234,101.689213275046,1,0.885484488701647,0.13900540847118,26,36,1,1,1,6,-9.41229405864125,0,0,0,0,0,0,0,0,0,0,,0,,,,,0,254.56,254.56
2011,REG,00-0022943,B.Watson,Benjamin Watson,TE,TE,"https://static.www.nfl.com/image/private/f_auto,q_auto/league/dorymozpdnrllkqlfzpu",13,CLE,0,0,0,0,0,0,0,0,0,0,0,0,,0,,,0,0,0,0,0,0,,0,37,71,410,2,0,0,491,193,21,5.6858328338538,0,0.835030549898167,0.154684095860566,0.145567743848206,0.333923564484594,0,53.0,90.0
2011,REG,00-0022984,,Ryan Grant,RB,RB,,15,GB,0,0,0,0,0,0,0,0,0,0,0,0,,0,,,134,559,2,1,1,27,-14.6809201142079,0,19,24,268,1,0,0,-10,275,10,16.4856894683908,0,-26.8,0.0581113801452785,-0.0027925160569673,0.0852123089780406,0,98.7,117.7
2011,REG,00-0022999,J.Kuhn,John Kuhn,FB,RB,"https://static.www.nfl.com/image/private/f_auto,q_auto/league/nbcwgq2o0ymmx4czvr4b",15,GB,0,0,0,0,0,0,0,0,0,0,0,0,,0,,,30,78,4,0,0,9,-4.26230875734473,0,15,18,77,2,0,0,19,61,5,2.33282806188527,0,4.05263157894737,0.0374220374220374,0.0048064760941057,0.0594975893989302,0,51.5,66.5
2011,REG,00-0023060,,Chris Kluwe,P,SPEC,,2,MIN,0,0,0,0,0,0,0,0,0,0,0,0,,0,,,2,-12,0,1,0,0,-7.16259161499329,0,0,0,0,0,0,0,0,0,0,,0,,,,,0,-1.2,-1.2
2011,REG,00-0023108,,Stephen Spach,TE,TE,,2,LA,0,0,0,0,0,0,0,0,0,0,0,0,,0,,,0,0,0,0,0,0,,0,2,3,2,0,0,0,4,0,0,-3.58769642841071,0,0.5,0.0416666666666667,0.0052562417871222,0.0661793692509855,0,0.2,2.2
2011,REG,00-0023176,,Josh Cribbs,WR,WR,,15,CLE,0,0,0,0,0,1,7,0,0,0,0,0,-2.35160991900047,0,,,7,25,0,0,0,0,-1.77774844062515,0,41,67,518,4,0,0,592,231,27,20.075018023031,0,0.875,0.127376425855513,0.150025342118601,0.296082378266291,1,84.3,125.3
2011,REG,00-0023310,,Lance Moore,WR,WR,"https://static.www.nfl.com/image/private/f_auto,q_auto/league/bfjxc892mfkni8ywtheh",14,NO,0,0,0,0,0,0,0,0,0,0,0,0,,0,,,0,0,0,0,0,0,,0,52,73,627,8,0,0,740,157,35,45.5987321531258,2,0.847297297297297,0.127177700348432,0.170193192272309,0.309901785113265,0,114.7,166.7
2011,REG,00-0023367,,Nate Washington,WR,WR,,16,TEN,0,0,0,0,0,0,0,0,0,0,0,0,,0,,,2,5,1,0,0,1,2.59007316318457,0,74,121,1023,7,0,0,1339,318,47,31.1620565758078,0,0.764002987303958,0.208261617900172,0.285014899957429,0.511902856820458,0,150.8,224.8
2011,REG,00-0023408,,Greg Camarillo,WR,WR,,8,MIN,0,0,0,0,0,0,0,0,0,0,0,0,,0,,,0,0,0,0,0,0,,0,9,24,121,0,0,0,260,12,6,-1.22524352680193,0,0.465384615384615,0.0872727272727273,0.10061919504644,0.201342527441599,0,12.1,21.1
2011,REG,00-0023429,,Rashied Davis,WR,WR,,4,DET,0,0,0,0,0,0,0,0,0,0,0,0,,0,,,0,0,0,0,0,0,,0,4,5,63,0,0,0,30,35,4,1.49662310612621,0,2.1,0.027027027027027,0.0216919739696312,0.0557249223192824,0,6.3,10.3
2011,REG,00-0023436,A.Smith,Alex Smith,QB,QB,"https://static.www.nfl.com/image/private/f_auto,q_auto/league/dpa5d1a8jj6jdymocjkx",16,SF,273,445,3144,17,5,44,263,5,2,3386,1429,147,21.331183642427,1,0.928529238038984,0.0638819783794527,52,179,2,2,0,13,1.61139953022338,0,0,0,0,0,0,0,0,0,0,,0,,,,,0,211.66,211.66
2011,REG,00-0023437,,Ronnie Brown,RB,RB,,13,PHI,0,0,0,0,0,0,0,0,0,0,0,0,,0,,,42,136,1,1,1,11,-5.03802219666312,0,0,2,0,0,0,0,8,0,0,-0.853396982303821,0,0.0,0.025974025974026,0.0106809078771696,0.0464376744750577,0,17.6,17.6
2011,REG,00-0023438,,Braylon Edwards,WR,WR,,9,SF,0,0,0,0,0,0,0,0,0,0,0,0,,0,,,0,0,0,0,0,0,,0,15,34,181,0,0,0,307,47,9,-0.392127259857062,0,0.58957654723127,0.137651821862348,0.158084449021627,0.317136847108661,0,18.1,33.1
2011,REG,00-0023439,,Cedric Benson,RB,RB,,15,CIN,0,0,0,0,0,0,0,0,0,0,0,0,,0,,,273,1067,6,5,2,53,-28.1494514689445,0,15,22,82,0,0,0,10,86,3,-0.643392201222014,0,8.2,0.0558375634517767,0.0044984255510571,0.086905243063405,0,146.9,161.9
2011,REG,00-0023440,,Cadillac Williams,RB,RB,,11,LA,0,0,0,0,0,0,0,0,0,0,0,0,,0,,,87,361,1,0,0,19,-5.58378756372258,0,14,23,93,0,1,1,24,89,5,-7.02430093038129,0,3.875,0.0881226053639847,0.0112201963534362,0.140038045493382,0,49.4,63.4
2011,REG,00-0023452,,Mike Williams,WR,WR,,12,SEA,0,0,0,0,0,0,0,0,0,0,0,0,,0,,,0,0,0,0,0,0,,0,18,38,236,1,0,0,414,58,13,-2.60658244183287,0,0.570048309178744,0.107954545454545,0.134941329856584,0.256390749081427,0,29.6,47.6
2011,REG,00-0023457,,Mark Clayton,WR,WR,,1,LA,0,0,0,0,0,0,0,0,0,0,0,0,,0,,,0,0,0,0,0,0,,0,3,4,26,0,0,0,28,5,1,0.502846490591765,0,0.928571428571429,0.1,0.0693069306930693,0.198514851485149,0,2.6,5.6
2011,REG,00-0023459,A.Rodgers,Aaron Rodgers,QB,QB,"https://static.www.nfl.com/image/upload/f_auto,q_auto/league/jdcb4nomlc4rd6k5l6to",15,GB,342,501,4636,45,6,36,219,4,0,4549,2015,208,224.314926988073,0,1.0191250824357,0.235830355509868,60,257,3,0,0,18,3.96973683853867,0,0,0,0,0,0,0,0,0,0,,0,,,,,0,397.14,397.14
2011,REG,00-0023460,,Jason Campbell,QB,QB,,6,LV,100,165,1170,6,4,5,19,1,0,1664,445,56,20.3167558613518,0,0.703125,0.116666312245823,18,60,2,2,1,7,-1.94226288114442,0,0,0,0,0,0,0,0,0,0,,0,,,,,0,78.8,78.8
2011,REG,00-0023462,,Roddy White,WR,WR,"https://static.www.nfl.com/image/private/f_auto,q_auto/league/f7dgklg6z49fbdltwuki",16,ATL,0,0,0,0,0,0,0,0,0,0,0,0,,0,,,0,0,0,0,0,0,,0,100,180,1296,8,0,0,1982,360,77,28.8938818442315,0,0.653884964682139,0.309278350515464,0.374598374598375,0.726136387992058,0,177.6,277.6
2011,REG,00-0023465,,Heath Miller,TE,TE,"https://static.www.nfl.com/image/private/f_auto,q_auto/league/iqw8fry4hgfvegs9nfuf",16,PIT,0,0,0,0,0,0,0,0,0,0,0,0,,0,,,1,6,0,0,0,1,0.561612877994776,0,51,75,631,2,1,1,617,238,36,23.1799595576595,0,1.0226904376013,0.139664804469274,0.123178279097624,0.295722002072248,0,73.7,124.7
2011,REG,00-0023490,,Roscoe Parrish,WR,WR,,2,BUF,0,0,0,0,0,0,0,0,0,0,0,0,,0,,,0,0,0,0,0,0,,0,1,4,16,0,0,0,59,16,1,-2.22552521899343,0,0.271186440677966,0.0563380281690141,0.101549053356282,0.155591379602919,0,1.6,2.6
2011,REG,00-0023496,,Vincent Jackson,WR,WR,"https://static.www.nfl.com/image/private/f_auto,q_auto/league/kdquag2thcfulvrs0cbz",16,LAC,0,0,0,0,0,0,0,0,0,0,0,0,,0,,,3,51,0,0,0,1,2.50339485506993,0,60,115,1106,9,0,0,1998,192,54,22.6791181003084,0,0.553553553553554,0.202821869488536,0.389170237631476,0.576651970574838,0,169.7,229.7
2011,REG,00-0023500,F.Gore,Frank Gore,RB,RB,"https://static.www.nfl.com/image/private/f_auto,q_auto/league/lxxkhd2suyalrbruzut7",16,SF,0,0,0,0,0,0,0,0,0,0,0,0,,0,,,282,1211,8,2,2,53,-33.3497445769338,0,17,31,114,0,0,0,16,102,5,-9.72462307612797,0,7.125,0.0840108401084011,0.0063593004769475,0.130467770496465,0,176.5,193.5
2011,REG,00-0023506,,Alex Smith,TE,TE,"https://static.www.nfl.com/image/private/f_auto,q_auto/league/zcpxncjwcm6ggoiqt6ub",9,CLE,0,0,0,0,0,0,0,0,0,0,0,0,,0,,,0,0,0,0,0,0,,0,14,25,131,1,0,0,127,58,9,6.68727977689691,0,1.03149606299213,0.0748502994011976,0.0502174772637406,0.147427683186415,0,19.1,33.1
2011,REG,00-0023534,D.Colquitt,Dustin Colquitt,P,SPEC,"https://static.www.nfl.com/image/private/f_auto,q_auto/league/v1aymd6o0vpg73ytxzhu",1,KC,0,0,0,0,0,0,0,0,0,0,0,0,,0,,,1,-3,0,1,0,0,-2.33312571700662,0,0,0,0,0,0,0,0,0,0,,0,,,,,0,-0.3,-0.3
2011,REG,00-0023541,,Kyle Orton,QB,QB,,9,KC,150,252,1758,9,9,10,54,2,2,1981,751,94,17.4748851856494,0,0.887430590610803,0.0700725775569723,11,13,0,0,0,2,-1.52062792438664,0,0,0,0,0,0,0,0,0,0,,0,,,,,0,85.62,85.62
2011,REG,00-0023544,,Marion Barber,RB,RB,,11,CHI,0,0,0,0,0,0,0,0,0,0,0,0,,0,,,114,422,6,1,1,26,-11.972849810496,0,5,9,50,0,0,0,15,49,1,-7.85794828872155,0,3.33333333333333,0.0514285714285714,0.0122249388753056,0.0857003143555711,0,81.2,86.2
2011,REG,00-0023545,,Brandon Jacobs,RB,RB,,14,NYG,0,0,0,0,0,0,0,0,0,0,0,0,,0,,,152,571,7,3,0,32,-16.2158154243371,1,15,23,128,1,0,0,13,119,6,2.09985893359408,0,9.84615384615385,0.0536130536130536,0.0030915576694411,0.0825836707881892,0,119.9,134.9
2011,REG,00-0023564,D.Sproles,Darren Sproles,RB,RB,"https://static.www.nfl.com/image/private/f_auto,q_auto/league/gvj5ng27blmwuz170aeo",16,NO,0,0,0,0,0,0,0,0,0,0,0,0,,0,,,88,604,2,0,0,27,20.6182990893297,0,86,112,710,7,0,0,84,712,35,8.39857109008637,0,8.45238095238095,0.16969696969697,0.0165321787049793,0.26611797963894,1,191.4,277.4
2011,REG,00-0023578,D.Orlovsky,Dan Orlovsky,QB,QB,"https://static.www.nfl.com/image/private/f_auto,q_auto/league/vr8juuraecwssjnviglf",8,IND,122,193,1201,6,4,14,84,7,3,1475,379,70,4.89246466945884,0,0.814237288135593,0.0832510996566103,6,5,0,0,0,0,1.52545907365857,0,0,0,0,0,0,0,0,0,0,,0,,,,,0,58.54,58.54
2011,REG,00-0023630,,Joel Dreessen,TE,TE,,16,HOU,0,0,0,0,0,0,0,0,0,0,0,0,,0,,,0,0,0,0,0,0,,0,28,39,353,6,0,0,308,149,17,26.3082270220891,0,1.1461038961039,0.0857142857142857,0.0840152755046372,0.187382121424675,0,71.3,99.3
2011,REG,00-0023645,D.Anderson,Derek Anderson,QB,QB,"https://static.www.nfl.com/image/private/f_auto,q_auto/league/w191gsxivnqgdwgydka6",2,CAR,0,0,0,0,0,0,0,0,0,0,0,0,,0,,,2,-2,0,0,0,0,0.0,0,0,0,0,0,0,0,0,0,0,,0,,,,,0,-0.2,-0.2
2011,REG,00-0023662,M.Cassel,Matt Cassel,QB,QB,"https://static.www.nfl.com/image/private/f_auto,q_auto/league/n1ucqggyu5hlsqzuv5gj",9,KC,160,269,1713,10,9,22,120,4,2,2444,682,83,-20.8250085755145,0,0.700900163666121,0.0274707933092966,25,99,0,1,0,5,-3.95054884059937,0,1,1,-4,0,0,0,-4,0,0,-1.0850285589695,0,0.0,0.0277777777777778,-0.0145454545454545,0.0314848484848485,0,96.02,97.02
2011,REG,00-0023679,,Billy Bajema,TE,TE,,8,LA,0,0,0,0,0,0,0,0,0,0,0,0,,0,,,0,0,0,0,0,0,,0,9,14,71,0,0,0,89,17,2,-1.13198294182075,0,0.797752808988764,0.0474576271186441,0.0359305611626968,0.0963378334918539,0,7.1,16.1
2011,REG,00-0023682,R.Fitzpatrick,Ryan Fitzpatrick,QB,QB,"https://static.www.nfl.com/image/private/f_auto,q_auto/league/pkhhxwplsawnhln9rsun",16,BUF,353,569,3832,24,23,22,148,2,0,4315,1866,178,-6.18484555746476,0,0.888064889918888,0.0702818709623421,56,215,0,5,2,19,-2.49494602932178,1,0,0,0,0,0,0,0,0,0,,0,,,,,0,222.78,222.78
2011,REG,00-0023752,,Daniel Fells,TE,TE,"https://static.www.nfl.com/image/private/f_auto,q_auto/league/lhecgqac5nourex1czfo",13,DEN,0,0,0,0,0,0,0,0,0,0,0,0,,0,,,0,0,0,0,0,0,,0,19,31,256,3,2,1,315,86,13,6.01414304793926,0,0.812698412698413,0.0824468085106383,0.0782608695652174,0.17845282146161,0,41.6,60.6
2011,REG,00-0023921,,Miles Austin,WR,WR,"https://static.www.nfl.com/image/private/f_auto,q_auto/league/tuwhvxan7v0gisbei4an",10,DAL,0,0,0,0,0,0,0,0,0,0,0,0,,0,,,2,3,0,1,0,0,-0.763306262212845,0,43,73,579,7,0,0,749,191,31,26.0533314236102,0,0.773030707610147,0.211594202898551,0.295580110497238,0.524297381695892,0,100.2,143.2
2011,REG,00-0023953,,Sam Hurd,WR,WR,,7,CHI,0,0,0,0,0,0,0,0,0,0,0,0,,0,,,0,0,0,0,0,0,,0,8,15,109,0,1,0,188,35,5,-1.10610121816191,0,0.579787234042553,0.0704225352112676,0.0986876640419947,0.174715167646298,0,10.9,18.9
2011,REG,00-0023968,,Micheal Spurlock,WR,WR,,5,TB,0,1,0,0,0,0,0,0,0,38,0,0,-0.467064268654212,0,0.0,,0,0,0,0,0,0,,0,2,6,13,0,0,0,100,4,0,-9.3340542348451,0,0.13,0.0437956204379562,0.101522842639594,0.13675942050465,0,1.3,3.3
2011,REG,00-0024103,,Montell Owens,RB,RB,,5,JAX,0,0,0,0,0,0,0,0,0,0,0,0,,0,,,10,39,0,0,0,3,1.30948791326955,0,2,3,2,0,0,0,0,8,0,-2.21883126662578,0,0.0,0.0410958904109589,0.0,0.0616438356164384,0,4.1,6.1
2011,REG,00-0024110,,Steve Weatherford,P,SPEC,"https://static.www.nfl.com/image/private/f_auto,q_auto/league/jkpdalshsrmuxdn1jj4h",1,NYG,0,0,0,0,0,0,0,0,0,0,0,0,,0,,,1,0,0,0,0,0,-1.7408263089601,0,0,0,0,0,0,0,0,0,0,,0,,,,,0,0.0,0.0
2011,REG,00-0024204,,Fred Jackson,RB,RB,"https://static.www.nfl.com/image/private/f_auto,q_auto/league/ibu4ltouiplhatsn4ptq",10,BUF,0,0,0,0,0,0,0,0,0,0,0,0,,0,,,170,934,6,2,2,40,-2.15174112950234,0,39,50,442,0,0,0,92,473,13,12.9916022644006,0,4.80434782608696,0.152439024390244,0.0382536382536383,0.255436083362913,0,169.6,208.6
2011,REG,00-0024217,,Reggie Bush,RB,RB,"https://static.www.nfl.com/image/private/f_auto,q_auto/league/z2m2heolqx9sgobdks9v",15,MIA,0,0,0,0,0,0,0,0,0,0,0,0,,0,,,216,1086,6,4,2,40,-7.05971948960924,0,43,52,296,1,0,0,34,297,12,6.6988446956726,0,8.70588235294118,0.120092378752887,0.0083847102342786,0.186007865293325,0,176.2,219.2
2011,REG,00-0024218,,Vince Young,QB,QB,,5,PHI,66,114,866,4,9,8,34,2,0,1293,312,39,-5.75062066798362,0,0.669760247486466,0.0391278814744072,18,79,0,0,0,4,-3.76956755379797,0,0,0,0,0,0,0,0,0,0,,0,,,,,0,40.54,40.54
2011,REG,00-0024221,V.Davis,Vernon Davis,TE,TE,"https://static.www.nfl.com/image/private/f_auto,q_auto/league/so5ywayfeeu4zeijln5m",16,SF,0,0,0,0,0,0,0,0,0,0,0,0,,0,,,2,-5,0,0,0,0,-1.82468297689534,0,67,95,792,6,3,1,871,329,33,27.5739211272126,0,0.909299655568312,0.211581291759465,0.255051244509517,0.49590780879586,0,112.7,179.7
2011,REG,00-0024225,,Matt Leinart,QB,QB,,2,HOU,10,13,57,1,0,0,0,0,0,18,39,1,-2.61074360943369,0,3.16666666666667,0.0687959282878376,1,-1,0,0,0,0,0.0,0,0,0,0,0,0,0,0,0,0,,0,,,,,0,6.18,6.18
2011,REG,00-0024226,J.Cutler,Jay Cutler,QB,QB,"https://static.www.nfl.com/image/private/f_auto,q_auto/league/ks6n7gvw4vccihlse6bn",10,CHI,182,314,2319,13,7,23,159,4,2,2753,972,106,4.54388131963946,0,0.842353795859063,0.0570227978154948,18,55,1,4,1,4,-9.09739532388628,0,0,0,0,0,0,0,0,0,0,,0,,,,,0,136.26,136.26
2011,REG,00-0024234,,Antonio Cromartie,CB,DB,,1,NYJ,0,0,0,0,0,0,0,0,0,0,0,0,,0,,,1,1,0,0,0,0,-0.482962344074622,0,0,0,0,0,0,0,0,0,0,,0,,,,,0,0.1,0.1
2011,REG,00-0024240,,Santonio Holmes,WR,WR,,16,NYJ,0,0,0,0,0,0,0,0,0,0,0,0,,0,,,3,27,0,0,0,1,1.35286417347379,0,51,101,654,8,2,1,1060,187,34,-6.97473185925416,0,0.616981132075472,0.186691312384473,0.237508402419897,0.446292850270638,0,114.1,165.1
2011,REG,00-0024242,,DeAngelo Williams,RB,RB,"https://static.www.nfl.com/image/private/f_auto,q_auto/league/oky9ooitgqa1fgwdll6b",16,CAR,0,0,0,0,0,0,0,0,0,0,0,0,,0,,,155,836,7,0,0,32,5.53426941216458,0,16,25,135,0,0,0,-13,156,6,-3.88441380951554,0,-10.3846153846154,0.0649350649350649,-0.0041989664082687,0.0944633209168093,0,139.1,155.1
2011,REG,00-0024243,M.Lewis,Marcedes Lewis,TE,TE,"https://static.www.nfl.com/image/private/f_auto,q_auto/league/ppq07tipygpftz5csipx",15,JAX,0,0,0,0,0,0,0,0,0,0,0,0,,0,,,0,0,0,0,0,0,,0,39,85,460,0,0,0,725,154,22,-25.198578468492,0,0.63448275862069,0.192307692307692,0.215581326196848,0.439368466799332,0,46.0,85.0
2011,REG,00-0024245,,Joseph Addai,RB,RB,,12,IND,0,0,0,0,0,0,0,0,0,0,0,0,,0,,,118,433,1,1,0,16,-16.600961234989,0,15,22,93,0,0,0,-4,102,5,-8.27190430165501,0,-23.25,0.0578947368421053,-0.0012139605462822,0.0859923328807603,0,58.6,73.6
2011,REG,00-0024264,K.Clemens,Kellen Clemens,QB,QB,"https://static.www.nfl.com/image/private/f_auto,q_auto/league/pxungqbhh61ov73tzaxk",3,LA,48,91,546,2,1,9,68,1,0,887,187,28,-15.3294226769294,0,0.615558060879369,-0.0275860144274731,6,37,1,0,0,1,0.125428076018579,0,0,1,0,0,0,0,6,0,0,-4.66049173334613,0,0.0,0.0294117647058824,0.0146699266503667,0.0543865957140803,0,37.54,37.54
2011,REG,00-0024267,,Greg Jennings,WR,WR,"https://static.www.nfl.com/image/private/f_auto,q_auto/league/jiemkcfkc893pfova8xv",13,GB,0,0,0,0,0,0,0,0,0,0,0,0,,0,,,0,0,0,0,0,0,,0,67,101,949,9,0,0,1200,276,43,54.0887694663497,0,0.790833333333333,0.233256351039261,0.30808729139923,0.565545630538352,0,148.9,215.9
2011,REG,00-0024268,A.Fasano,Anthony Fasano,TE,TE,"https://static.www.nfl.com/image/private/f_auto,q_auto/league/twcrap9uhjbazmplq5x3",15,MIA,0,0,0,0,0,0,0,0,0,0,0,0,,0,,,0,0,0,0,0,0,,0,32,54,451,5,0,0,575,99,25,20.1743721252079,0,0.784347826086957,0.124711316397229,0.139023210831722,0.284383222178048,0,75.1,107.1
2011,REG,00-0024272,,Devin Hester,WR,WR,"https://static.www.nfl.com/image/private/f_auto,q_auto/league/jtntm2ci9doez4qxbx0c",12,CHI,0,0,0,0,0,0,0,0,0,0,0,0,,0,,,1,-6,0,0,0,0,-1.36784842587076,0,26,56,369,1,1,0,592,148,15,6.63180796497228,0,0.623310810810811,0.16969696969697,0.209929078014184,0.401495809155384,3,60.3,86.3
2011,REG,00-0024275,,Maurice Jones-Drew,RB,RB,,16,JAX,0,0,0,0,0,0,0,0,0,0,0,0,,0,,,343,1606,8,3,1,75,-14.4665896212715,0,43,63,374,3,2,0,3,400,18,10.9967479699891,0,124.666666666667,0.151807228915663,0.0009389671361502,0.228368120368799,0,262.0,305.0
2011,REG,00-0024276,,Tony Scheffler,TE,TE,,15,DET,0,0,0,0,0,0,0,0,0,0,0,0,,0,,,1,5,0,1,0,0,0.176797361113131,0,26,43,347,6,0,0,486,48,20,23.0317413297016,1,0.713991769547325,0.0693548387096774,0.0945157526254376,0.170193284902322,0,73.2,99.2
2011,REG,00-0024279,,Tarvaris Jackson,QB,QB,"https://static.www.nfl.com/image/private/f_auto,q_auto/league/bqukmeneztibnhrjko0q",15,SEA,271,450,3091,14,13,42,293,6,4,3969,1362,138,-13.8082576295128,0,0.778785588309398,0.0543811466934146,40,108,1,3,1,7,-18.9299037947444,0,0,0,0,0,0,0,0,0,0,,0,,,,,0,160.44,160.44
2011,REG,00-0024287,,Leonard Pope,TE,TE,,14,KC,0,0,0,0,0,0,0,0,0,0,0,0,,0,,,0,0,0,0,0,0,,0,24,34,247,1,0,0,186,125,12,6.37058077390398,0,1.32795698924731,0.0783410138248848,0.0533409807857757,0.15485020728737,0,30.7,54.7
2011,REG,00-0024294,,Jerious Norwood,RB,RB,,7,LA,0,1,0,0,1,0,0,0,0,6,0,0,-4.66049173334613,0,0.0,,24,61,0,0,0,1,-8.3994837788954,0,0,1,0,0,0,0,3,0,0,-0.555100737605244,0,0.0,0.03125,0.0084033613445378,0.0527573529411765,0,4.1,4.1
2011,REG,00-0024296,,Charlie Whitehurst,QB,QB,,3,SEA,27,56,298,1,1,8,46,2,1,561,124,14,-22.3900479282238,0,0.531194295900178,-0.0242426952283338,4,13,0,0,0,1,0.807031319243833,0,0,0,0,0,0,0,0,0,0,,0,,,,,0,13.22,13.22
2011,REG,00-0024297,,Derek Hagan,WR,WR,,9,BUF,0,0,0,0,0,0,0,0,0,0,0,0,,0,,,0,0,0,0,0,0,,0,24,42,252,1,0,0,483,42,15,4.47856271292173,0,0.521739130434783,0.130030959752322,0.156716417910448,0.304747932165796,0,31.2,55.2
2011,REG,00-0024301,,David Thomas,TE,TE,,5,NO,0,0,0,0,0,0,0,0,0,0,0,0,,0,,,0,0,0,0,0,0,,0,5,9,16,0,0,0,32,13,0,-3.24234201485524,0,0.5,0.0434782608695652,0.0239700374531835,0.0819964175215763,0,1.6,6.6
2011,REG,00-0024305,,Maurice Stovall,WR,WR,,3,DET,0,0,0,0,0,0,0,0,0,0,0,0,,0,,,0,0,0,0,0,0,,0,1,3,8,0,0,0,16,10,1,-0.553022047737613,0,0.5,0.0230769230769231,0.0162932790224033,0.0460206799310669,0,0.8,1.8
2011,REG,00-0024313,,Owen Daniels,TE,TE,"https://static.www.nfl.com/image/private/f_auto,q_auto/league/ktxkz5tzddboxst5xfh8",15,HOU,0,0,0,0,0,0,0,0,0,0,0,0,,0,,,0,0,0,0,0,0,,0,54,85,677,3,0,0,697,292,41,28.3079682813741,0,0.971305595408895,0.200471698113208,0.197059655074922,0.438649305722257,0,85.7,139.7
2011,REG,00-0024315,,Michael Robinson,FB,RB,,10,SEA,0,0,0,0,0,0,0,0,0,0,0,0,,0,,,4,7,0,1,1,1,-5.20594367384911,0,9,14,74,1,0,0,45,69,4,3.04575638892129,0,1.64444444444444,0.0562248995983936,0.0226244343891403,0.100174453469989,1,18.1,27.1
2011,REG,00-0024318,,Brad Smith,QB,QB,,13,BUF,0,1,0,0,1,1,6,0,0,51,0,0,-2.2971893590875,0,0.0,,20,87,1,0,0,7,0.812395303917583,0,23,42,240,1,0,0,419,104,10,-0.794865702438139,0,0.572792362768496,0.116022099447514,0.157637321294206,0.284379274077215,0,42.7,65.7
2011,REG,00-0024324,,Jason Avant,WR,WR,"https://static.www.nfl.com/image/private/f_auto,q_auto/league/nnis5ib42eoeu8bjjpdc",16,PHI,0,0,0,0,0,0,0,0,0,0,0,0,,0,,,0,0,0,0,0,0,,0,52,81,679,1,2,1,856,173,33,21.6965342647585,0,0.793224299065421,0.149446494464945,0.161083929243508,0.336928492167872,0,71.9,123.9
2011,REG,00-0024332,,Leon Washington,RB,RB,,16,SEA,0,0,0,0,0,0,0,0,0,0,0,0,,0,,,53,248,1,0,0,8,-5.30047687661136,0,10,14,48,0,0,0,-9,52,2,-3.59937600739067,0,-5.33333333333333,0.0492957746478873,-0.0034735623311462,0.0715121683400286,0,35.6,45.6
2011,REG,00-0024334,B.Marshall,Brandon Marshall,WR,WR,"https://static.www.nfl.com/image/private/f_auto,q_auto/league/jhziqh0scfksvxen6f3s",16,MIA,0,0,0,0,0,0,0,0,0,0,0,0,,0,,,1,13,0,0,0,1,0.81974483281374,0,81,142,1214,6,1,1,1779,293,53,33.98759299984,0,0.682405845980888,0.305376344086022,0.388427947598253,0.72996407944781,0,156.7,237.7
2011,REG,00-0024344,,Guy Whimper,T,OL,,1,JAX,0,0,0,0,0,0,0,0,0,0,0,0,,0,,,0,0,0,0,0,0,,0,1,1,17,0,0,0,4,13,1,1.37299273209646,0,4.25,0.0303030303030303,0.032258064516129,0.0680351906158358,0,1.7,2.7
2011,REG,00-0024345,,Domenik Hixon,WR,WR,,2,NYG,0,0,0,0,0,0,0,0,0,0,0,0,,0,,,0,0,0,0,0,0,,0,4,6,50,1,0,0,61,0,3,2.81329452170758,0,0.819672131147541,0.0967741935483871,0.101328903654485,0.21609152288072,0,11.0,15.0
2011,REG,00-0024359,,Jerome Harrison,RB,RB,,3,DET,0,0,0,0,0,0,0,0,0,0,0,0,,0,,,14,41,0,0,0,3,-4.51002617418999,0,1,2,3,0,0,0,3,-1,0,-0.64651190629229,0,1.0,0.0434782608695652,0.008695652173913,0.071304347826087,0,4.4,5.4
2011,REG,00-0024369,,Jeff King,TE,TE,,13,ARI,0,0,0,0,0,0,0,0,0,0,0,0,,0,,,0,0,0,0,0,0,,0,27,34,271,3,0,0,215,129,13,11.3107322767028,0,1.26046511627907,0.0767494356659142,0.0540201005025126,0.15293822385063,0,45.1,72.1
2011,REG,00-0024389,De.Walker,Delanie Walker,TE,TE,"https://static.www.nfl.com/image/private/f_auto,q_auto/league/diknegkpqy0qnri7877z",12,SF,0,0,0,0,0,0,0,0,0,0,0,0,,0,,,3,5,0,0,0,1,-2.63739288458601,0,19,35,198,3,0,0,223,77,9,4.95666261013392,0,0.887892376681614,0.101744186046512,0.0845657944634054,0.211812335194151,0,38.3,57.3
2011,REG,00-0024394,,Lawrence Vickers,FB,RB,,6,HOU,0,0,0,0,0,0,0,0,0,0,0,0,,0,,,1,0,0,0,0,0,-1.29458381142467,0,4,8,29,0,0,0,18,21,2,-1.81184916460188,0,1.61111111111111,0.0457142857142857,0.0133729569093611,0.0779324984079813,0,2.9,6.9
2011,REG,00-0024408,,Bruce Gradkowski,QB,QB,,2,CIN,8,18,109,1,1,1,7,0,0,179,68,4,-4.67018818622455,0,0.608938547486034,-0.0609126269121181,3,1,0,0,0,1,0.426110284694005,0,0,0,0,0,0,0,0,0,0,,0,,,,,0,6.46,6.46
2011,REG,00-0024417,S.Koch,Sam Koch,P,SPEC,"https://static.www.nfl.com/image/private/f_auto,q_auto/league/dw34lcf6qit1i1knjhpv",1,BAL,0,0,0,0,0,0,0,0,0,0,0,0,,0,,,0,0,0,0,0,0,,1,0,0,0,0,0,0,0,0,0,,0,,,,,0,2.0,2.0
2011,REG,00-0024447,,Devin Aromashodu,WR,WR,,15,MIN,0,0,0,0,0,0,0,0,0,0,0,0,,0,,,0,0,0,0,0,0,,0,26,84,468,1,1,0,1395,115,21,-18.7865112327446,0,0.335483870967742,0.171079429735234,0.31798495555049,0.479208613488194,0,52.8,78.8
2011,REG,00-0024463,,Ben Obomanu,WR,WR,,16,SEA,0,0,0,0,0,0,0,0,0,0,0,0,,0,,,1,13,0,0,0,1,0.785458473488689,0,37,61,436,2,0,0,710,124,16,6.78115212514703,0,0.614084507042254,0.121756487025948,0.155429071803853,0.291435080801619,0,56.9,93.9
2011,REG,00-0024465,,David Anderson,WR,WR,,5,WAS,0,0,0,0,0,0,0,0,0,0,0,0,,0,,,0,0,0,0,0,0,,0,7,16,79,1,0,0,167,16,5,3.04740247286774,0,0.473053892215569,0.0812182741116751,0.101150817686251,0.192632983547888,0,13.9,20.9
2011,REG,00-0024466,,Marques Colston,WR,WR,"https://static.www.nfl.com/image/private/f_auto,q_auto/league/hnnuo9nfwzwlakr2srdq",14,NO,0,0,0,0,0,0,0,0,0,0,0,0,,0,,,0,0,0,0,0,0,,0,82,109,1164,8,1,1,1239,276,56,81.8423137533072,0,0.939467312348668,0.188255613126079,0.269406392694064,0.470967894574964,0,162.4,244.4
2011,REG,00-0024489,,Ahmard Hall,FB,RB,,8,TEN,0,0,0,0,0,0,0,0,0,0,0,0,,0,,,6,24,0,1,1,3,-0.659686309169047,0,9,14,46,0,0,0,-4,53,1,-2.57283768593334,0,-11.5,0.0549019607843137,-0.0022002200220022,0.0808127871610691,0,5.0,14.0
2011,REG,00-0024535,E.Weems,Eric Weems,WR,WR,"https://static.www.nfl.com/image/private/f_auto,q_auto/league/kptsfekcpfukewtim9kz",5,ATL,0,0,0,0,0,0,0,0,0,0,0,0,,0,,,0,0,0,0,0,0,,0,11,14,90,0,0,0,100,30,5,4.73908582556815,0,0.9,0.0729166666666667,0.0552181115405853,0.14802767807841,0,9.0,20.0
2011,REG,00-0024559,,D.J. Ware,RB,RB,,15,NYG,0,0,0,0,0,0,0,0,0,0,0,0,,0,,,46,163,0,0,0,7,-9.59807971613158,2,27,37,170,0,0,0,19,185,6,-15.3178811676439,0,8.94736842105263,0.074,0.0042667864361104,0.113986750505277,0,37.3,64.3
2011,REG,00-0024609,,Jesse Holley,WR,WR,,4,DAL,0,0,0,0,0,0,0,0,0,0,0,0,,0,,,0,0,0,0,0,0,,0,7,7,169,0,0,0,109,60,6,10.8070290612731,0,1.55045871559633,0.0476190476190476,0.0769230769230769,0.125274725274725,0,16.9,23.9
2011,REG,00-0024756,,Matt Willis,WR,WR,,14,DEN,0,0,0,0,0,0,0,0,0,0,0,0,,0,,,0,0,0,0,0,0,,0,18,36,267,1,0,0,406,93,15,8.06992694904329,0,0.657635467980296,0.0947368421052632,0.0967588179218303,0.209836435703176,0,32.7,50.7
2011,REG,00-0024812,,Tyler Palko,QB,QB,,6,KC,80,134,796,2,7,11,83,0,0,965,338,40,-26.4086538140268,0,0.824870466321243,0.0110930558545852,5,15,0,1,1,1,-5.05611778085586,0,0,0,0,0,0,0,0,0,0,,0,,,,,0,25.34,25.34
2011,REG,00-0024813,,Pierre Thomas,RB,RB,"https://static.www.nfl.com/image/private/f_auto,q_auto/league/w58uf8rmlucv7qagwrfv",16,NO,0,0,0,0,0,0,0,0,0,0,0,0,,0,,,110,562,5,1,1,28,12.2595193456509,0,50,59,425,1,0,0,-43,468,18,11.7773120020311,0,-9.88372093023256,0.0893939393939394,-0.0088313822140069,0.127908941541104,0,132.7,182.7
2011,REG,00-0025389,,Calvin Johnson,WR,WR,"https://static.www.nfl.com/image/private/f_auto,q_auto/league/z6dxib9sientn4m9cljh",16,DET,0,0,0,0,0,0,0,0,0,0,0,0,,0,,,1,11,0,0,0,0,-0.0477253450080752,0,97,161,1686,16,1,1,2246,493,76,64.4391373294151,0,0.7506678539626,0.241017964071856,0.409107468123862,0.647902173794488,0,263.7,360.7
2011,REG,00-0025394,A.Peterson,Adrian Peterson,RB,RB,"https://static.www.nfl.com/image/private/f_auto,q_auto/league/ug2ua3skqc9f6vkbowxc",12,MIN,0,0,0,0,0,0,0,0,0,0,0,0,,0,,,208,970,12,1,0,49,10.5159998160671,0,18,23,139,1,0,0,-3,128,5,0.0003031422892303,0,-46.3333333333333,0.0777027027027027,-0.0012798634812286,0.115658149617194,0,188.9,206.9
2011,REG,00-0025396,T.Ginn,Ted Ginn,WR,WR,"https://static.www.nfl.com/image/private/f_auto,q_auto/league/o4m4txrv9l7odyebnea4",12,SF,0,0,0,0,0,0,0,0,0,0,0,0,,0,,,8,68,0,0,0,4,3.29164189496078,0,19,33,220,0,0,0,365,43,11,1.86970133112941,0,0.602739726027397,0.117021276595745,0.166666666666667,0.292198581560284,2,40.8,59.8
2011,REG,00-0025399,M.Lynch,Marshawn Lynch,RB,RB,"https://static.www.nfl.com/image/private/f_auto,q_auto/league/ddhpebfqtr9yxsnbx9ht",15,SEA,0,2,0,0,0,0,0,0,0,29,0,0,-0.749661591020413,0,0.0,,284,1204,12,3,2,63,-8.15386928693624,0,28,41,212,1,0,0,7,216,8,-5.57449835043594,0,30.2857142857143,0.100244498777506,0.0019230769230769,0.151712902012413,0,215.6,243.6
2011,REG,00-0025410,,Dwayne Bowe,WR,WR,"https://static.www.nfl.com/image/private/f_auto,q_auto/league/ihvktvkw198qeclu6mtk",16,KC,0,0,0,0,0,0,0,0,0,0,0,0,,0,,,1,12,0,0,0,0,0.961450322996825,0,81,141,1159,5,1,0,1643,344,57,26.7068981987212,0,0.705416920267803,0.284274193548387,0.392968189428366,0.701489022922437,0,147.1,228.1
2011,REG,00-0025414,,Robert Meachem,WR,WR,,15,NO,0,0,0,0,0,0,0,0,0,0,0,0,,0,,,5,26,0,0,0,1,0.304952610051259,0,41,61,658,6,0,0,963,109,30,29.6479777086643,0,0.683281412253375,0.0980707395498392,0.202056231640789,0.288545471473311,0,104.4,145.4
2011,REG,00-0025415,J.Staley,Joe Staley,T,OL,"https://static.www.nfl.com/image/private/f_auto,q_auto/league/vzmoz5duiuoocv4qnyhl",1,SF,0,0,0,0,0,0,0,0,0,0,0,0,,0,,,0,0,0,0,0,0,,0,1,1,17,0,0,0,5,12,1,1.06390722433571,0,3.4,0.0416666666666667,0.0242718446601942,0.0794902912621359,0,1.7,2.7
2011,REG,00-0025418,G.Olsen,Greg Olsen,TE,TE,"https://static.www.nfl.com/image/private/f_auto,q_auto/league/jevf1bubmrv2vvmiwq3r",16,CAR,0,0,0,0,0,0,0,0,0,0,0,0,,0,,,0,0,0,0,0,0,,0,45,89,540,5,1,1,953,199,27,8.84955453906838,1,0.566631689401889,0.173828125,0.194370793391801,0.396801742874261,0,84.0,129.0
2011,REG,00-0025419,,Anthony Gonzalez,WR,WR,,2,IND,0,0,0,0,0,0,0,0,0,0,0,0,,0,,,0,0,0,0,0,0,,0,0,2,0,0,0,0,10,0,0,-2.80569305183599,0,0.0,0.0454545454545455,0.0255754475703325,0.0860846314810509,0,0.0,0.0
2011,REG,00-0025423,,Kevin Kolb,QB,QB,,9,ARI,146,253,1955,9,8,30,219,7,2,2042,905,88,-8.0292221606531,0,0.957394711067581,0.0229631837484224,17,65,0,1,1,6,-0.594013545080088,0,0,0,0,0,0,0,0,0,0,,0,,,,,0,98.7,98.7
2011,REG,00-0025424,E.Weddle,Eric Weddle,FS,DB,"https://static.www.nfl.com/image/private/f_auto,q_auto/league/lkawujcrkiyelnzqnups",1,LAC,0,0,0,0,0,0,0,0,0,0,0,0,,0,,,1,10,0,0,0,1,2.81882255920209,0,0,0,0,0,0,0,0,0,0,,0,,,,,0,1.0,1.0
2011,REG,00-0025425,,Zach Miller,TE,TE,,13,SEA,0,0,0,0,0,0,0,0,0,0,0,0,,0,,,0,0,0,0,0,0,,0,25,44,233,0,0,0,356,81,10,-9.72810343850456,0,0.654494382022472,0.109452736318408,0.0967391304347826,0.23189649578196,0,23.3,48.3
2011,REG,00-0025427,,John Beck,QB,QB,,4,WAS,80,132,858,2,4,16,84,3,1,1097,402,44,-22.6078729666317,1,0.782133090246126,0.0132240540143841,10,43,2,0,0,3,4.75613580353092,0,0,0,0,0,0,0,0,0,0,,0,,,,,0,50.62,50.62
2011,REG,00-0025431,,Sidney Rice,WR,WR,,9,SEA,1,1,55,0,0,0,0,0,0,45,10,1,4.03945299610496,0,1.22222222222222,,2,3,0,1,0,0,-0.77905706432648,0,32,57,484,2,0,0,915,123,19,14.7674673873607,0,0.52896174863388,0.194539249146758,0.32713621737576,0.520804225883168,0,62.9,94.9
2011,REG,00-0025438,,Steve Smith,WR,WR,,5,PHI,0,0,0,0,0,0,0,0,0,0,0,0,,0,,,0,0,0,0,0,0,,0,11,20,124,1,0,0,271,33,5,-3.09655449197212,0,0.457564575645757,0.119760479041916,0.170333123821496,0.298873905237921,0,18.4,29.4
2011,REG,00-0025439,,Brian Leonard,RB,RB,,13,CIN,0,0,0,0,0,0,0,0,0,0,0,0,,0,,,17,85,0,0,0,5,0.0085456003066366,0,22,31,210,0,0,0,53,188,10,4.95583763566019,0,3.9622641509434,0.081151832460733,0.015992757996379,0.132922679288565,0,29.5,51.5
2011,REG,00-0025458,,Lorenzo Booker,RB,RB,,10,MIN,0,0,0,0,0,0,0,0,0,0,0,0,,0,,,13,52,0,2,1,3,-3.6522451012861,0,8,14,82,0,0,0,-1,91,3,-3.0775524644041,0,-82.0,0.0593220338983051,-0.000654022236756,0.0885252352817284,0,11.4,19.4
2011,REG,00-0025460,,Jacoby Jones,WR,WR,"https://static.www.nfl.com/image/private/f_auto,q_auto/league/yhjtycrpq7jtfarxkhcx",16,HOU,0,0,0,0,0,0,0,0,0,0,0,0,,0,,,4,17,0,0,0,1,-1.18148060305975,0,31,65,512,2,0,0,930,140,23,2.6250171024357,0,0.550537634408602,0.142857142857143,0.247011952191235,0.387194080819579,1,70.9,101.9
2011,REG,00-0025462,,Laurent Robinson,WR,WR,,14,DAL,0,0,0,0,0,0,0,0,0,0,0,0,,0,,,0,0,0,0,0,0,,0,54,81,858,11,0,0,981,266,36,40.3331059766987,0,0.874617737003058,0.167701863354037,0.265709642470206,0.4375495447602,0,151.8,205.8
2011,REG,00-0025463,,Jason Hill,WR,WR,,10,JAX,0,0,0,0,0,0,0,0,0,0,0,0,,0,,,0,0,0,0,0,0,,0,25,55,367,3,0,0,644,127,17,-3.84937100938987,0,0.569875776397516,0.187713310580205,0.277705907718844,0.475964101273498,0,54.7,79.7
2011,REG,00-0025464,,Matt Spaeth,TE,TE,"https://static.www.nfl.com/image/private/f_auto,q_auto/league/wywcnns8be7rzlrwnjwh",9,CHI,0,0,0,0,0,0,0,0,0,0,0,0,,0,,,0,0,0,0,0,0,,0,7,11,50,2,0,0,57,18,4,-1.13934370664546,0,0.87719298245614,0.0384615384615385,0.031404958677686,0.0796757787666879,0,17.0,24.0
2011,REG,00-0025465,,James Jones,WR,WR,,15,GB,0,0,0,0,0,0,0,0,0,0,0,0,,0,,,0,0,0,0,0,0,,0,38,55,635,7,1,0,664,270,27,35.3296049088964,0,0.956325301204819,0.111336032388664,0.147391786903441,0.270178299415404,0,105.5,143.5
2011,REG,00-0025466,,Mike Sims-Walker,WR,WR,,6,JAX,0,0,0,0,0,0,0,0,0,0,0,0,,0,,,0,0,0,0,0,0,,0,12,33,150,0,0,0,351,32,8,-5.25129514263244,0,0.427350427350427,0.159420289855072,0.196198993851314,0.376469730478528,0,15.0,27.0
2011,REG,00-0025487,,Michael Bush,RB,RB,,16,LV,0,0,0,0,0,0,0,0,0,0,0,0,,0,,,256,977,7,1,1,53,-30.7407121667954,0,37,47,418,1,0,0,113,317,14,14.5952829445775,0,3.69911504424779,0.104212860310421,0.0263280521901212,0.174748926998717,0,185.5,222.5
2011,REG,00-0025488,,Adam Podlesh,P,SPEC,,1,CHI,0,1,0,0,0,0,0,0,0,7,0,0,-1.4504092251882,0,0.0,,0,0,0,0,0,0,,0,0,0,0,0,0,0,0,0,0,,0,,,,,0,0.0,0.0
2011,REG,00-0025499,,Daniel Sepulveda,P,SPEC,,1,PIT,1,1,33,0,0,0,0,0,0,12,21,1,4.41920654266141,0,2.75,,0,0,0,0,0,0,,0,0,0,0,0,0,0,0,0,0,,0,,,,,0,1.32,1.32
2011,REG,00-0025516,,Scott Chandler,TE,TE,"https://static.www.nfl.com/image/private/f_auto,q_auto/league/zktr2miqzub2buwa19x7",14,BUF,0,0,0,0,0,0,0,0,0,0,0,0,,0,,,0,0,0,0,0,0,,0,38,46,389,6,1,1,280,153,25,31.5234949229925,0,1.38928571428571,0.0948453608247423,0.075839653304442,0.195355798550223,0,72.9,110.9
2011,REG,00-0025524,,Le'Ron McClain,FB,RB,,11,KC,0,0,0,0,0,0,0,0,0,0,0,0,,0,,,15,51,1,0,0,3,-2.19203786543221,0,14,22,82,1,0,0,28,61,6,-1.44469956638248,0,2.92857142857143,0.0709677419354839,0.010119262739429,0.113535096820826,0,25.3,39.3
2011,REG,00-0025529,,Steve Breaston,WR,WR,,16,KC,0,0,0,0,0,0,0,0,0,0,0,0,,0,,,1,25,0,0,0,1,1.57580564555246,0,61,98,785,2,0,0,994,311,39,13.8182701510856,0,0.789738430583501,0.19758064516129,0.237742166945707,0.46279048460393,0,93.0,154.0
2011,REG,00-0025540,,Kevin Boss,TE,TE,,12,LV,0,0,0,0,0,0,0,0,0,0,0,0,,0,,,0,0,0,0,0,0,,0,28,40,368,3,0,0,330,132,18,11.9500979278964,0,1.11515151515152,0.101522842639594,0.0846587993842996,0.211545423528401,0,54.8,82.8
2011,REG,00-0025542,,Dante Rosario,TE,TE,,9,DEN,0,0,0,0,0,0,0,0,0,0,0,0,,0,,,0,0,0,0,0,0,,0,7,11,117,0,0,0,151,28,4,5.93371167517034,0,0.774834437086093,0.0536585365853659,0.057370820668693,0.120647379346134,0,11.7,18.7
2011,REG,00-0025549,B.Celek,Brent Celek,TE,TE,"https://static.www.nfl.com/image/private/f_auto,q_auto/league/mit6ahic4gkdhy1hkejt",16,PHI,0,0,0,0,0,0,0,0,0,0,0,0,,0,,,0,0,0,0,0,0,,0,62,97,811,5,0,0,694,463,35,6.96763106973074,0,1.1685878962536,0.178966789667897,0.130598419269853,0.359869077990742,0,111.1,173.1
2011,REG,00-0025559,,Legedu Naanee,WR,WR,,15,CAR,1,1,27,0,0,0,0,0,0,-5,32,1,2.31917213392444,0,0.0,,0,0,0,0,0,0,,0,44,76,467,1,0,0,897,167,20,2.68842603141555,0,0.520624303232999,0.155419222903886,0.189600507292327,0.365849189460457,0,53.78,97.78
2011,REG,00-0025568,,Reagan Maui'a,FB,RB,,2,ARI,0,0,0,0,0,0,0,0,0,0,0,0,,0,,,0,0,0,0,0,0,,0,1,2,12,0,0,0,3,10,1,0.7518965897616,0,4.0,0.027027027027027,0.004231311706629,0.0435024587351809,0,1.2,2.2
2011,REG,00-0025573,,Thomas Clayton,RB,RB,,3,CLE,0,0,0,0,0,0,0,0,0,0,0,0,,0,,,8,12,0,0,0,1,-1.12845627887873,0,1,1,3,0,0,0,-4,7,0,-0.435101935639977,0,-0.75,0.0384615384615385,-0.0245398773006135,0.0405143935818782,0,1.5,2.5
2011,REG,00-0025604,,Tyler Thigpen,QB,QB,,2,BUF,3,8,25,0,1,0,0,0,0,60,10,2,-5.54489585361444,0,0.416666666666667,-0.0927415321554054,1,8,0,0,0,0,0.313478194759227,0,0,0,0,0,0,0,0,0,0,,0,,,,,0,-0.2,-0.2
2011,REG,00-0025610,,Michael Otto,T,OL,,1,TEN,0,0,0,0,0,0,0,0,0,0,0,0,,0,,,0,0,0,0,0,0,,0,0,1,0,0,0,0,4,0,0,-0.457661364576779,0,0.0,0.0204081632653061,0.009685230024213,0.0373919059149083,0,0.0,0.0
2011,REG,00-0025622,,Chansi Stuckey,WR,WR,,4,ARI,0,0,0,0,0,0,0,0,0,0,0,0,,0,,,0,0,0,0,0,0,,0,4,8,39,0,1,1,62,10,2,-3.96736066322774,0,0.629032258064516,0.0506329113924051,0.0425531914893617,0.105736601131161,0,1.9,5.9
2011,REG,00-0025631,,Jason Snelling,FB,RB,,15,ATL,0,0,0,0,0,0,0,0,0,0,0,0,,0,,,44,151,0,0,0,8,-12.0478503808528,0,26,32,179,1,0,0,24,164,6,0.178267209767073,0,7.45833333333333,0.0677966101694915,0.0058924625583108,0.105819639045055,0,39.0,65.0
2011,REG,00-0025637,,Ahmad Bradshaw,RB,RB,"https://static.www.nfl.com/image/private/f_auto,q_auto/league/vlgcz2so2urjgowxz3tz",12,NYG,0,0,0,0,0,0,0,0,0,0,0,0,,0,,,171,659,9,0,0,42,-10.1978972170996,1,34,44,267,2,1,1,-64,298,10,-0.295829226630759,0,-4.171875,0.103529411764706,-0.0152963671128107,0.144586660668091,0,158.6,192.6
2011,REG,00-0025701,,Jackie Battle,RB,RB,,15,KC,0,0,0,0,0,0,0,0,0,0,0,0,,0,,,149,597,2,0,0,27,-13.7276188576181,0,9,13,68,0,0,0,-3,79,2,-4.85078963749401,0,-22.6666666666667,0.0404984423676012,-0.00119189511323,0.0599133369721408,0,78.5,87.5
2011,REG,00-0025708,M.Moore,Matt Moore,QB,QB,"https://static.www.nfl.com/image/private/f_auto,q_auto/league/h04zarfikqlgerdftbgp",13,MIA,210,347,2497,16,9,36,229,9,4,3471,838,122,3.75122829681326,0,0.719389225007203,0.0784217076476347,32,65,2,5,2,5,-8.5238785840271,0,0,0,0,0,0,0,0,0,0,,0,,,,,0,152.38,152.38
2011,REG,00-0025749,,Richard Bartel,QB,QB,,2,ARI,10,22,86,1,1,1,6,0,0,202,17,5,-9.3000059693004,0,0.425742574257426,-0.0664500726487673,1,9,0,0,0,0,4.09740275947843,0,0,0,0,0,0,0,0,0,0,,0,,,,,0,6.34,6.34
2011,REG,00-0025825,B.Kern,Brett Kern,P,SPEC,"https://static.www.nfl.com/image/private/f_auto,q_auto/league/dbph1kuozunx3aorpeiw",1,TEN,0,0,0,0,0,0,0,0,0,0,0,0,,0,,,1,21,0,1,0,1,3.13179195561679,0,0,0,0,0,0,0,0,0,0,,0,,,,,0,2.1,2.1
2011,REG,00-0025860,,BenJarvus Green-Ellis,RB,RB,,16,NE,0,0,0,0,0,0,0,0,0,0,0,0,,0,,,181,667,11,0,0,41,2.91709439331238,0,9,13,159,0,0,0,17,142,7,7.79892046010325,0,9.35294117647059,0.0316301703163017,0.0049418604651162,0.050904557800034,0,148.6,157.6
2011,REG,00-0025970,,Caleb Hanie,QB,QB,,4,CHI,51,102,613,3,9,19,133,1,0,925,216,29,-61.2634890421604,0,0.662702702702703,-0.0077665151844265,13,98,0,0,0,5,5.83690774725983,0,0,0,0,0,0,0,0,0,0,,0,,,,,0,28.32,28.32
2011,REG,00-0026000,,Davone Bess,WR,WR,,16,MIA,0,0,0,0,0,0,0,0,0,0,0,0,,0,,,2,9,0,0,0,0,0.0686032873345539,0,51,86,537,3,2,2,652,227,25,-9.53381082718396,0,0.82361963190184,0.18494623655914,0.14235807860262,0.377070009860544,0,68.6,119.6
2011,REG,00-0026008,,Matthew Mulligan,TE,TE,"https://static.www.nfl.com/image/private/f_auto,q_auto/league/okuwvdnxk6weqzz3tglf",6,NYJ,0,0,0,0,0,0,0,0,0,0,0,0,,0,,,0,0,0,0,0,0,,0,5,9,58,0,0,0,32,41,1,-2.62593907186079,0,1.8125,0.0473684210526316,0.0223619846261356,0.0867060208172423,0,5.8,10.8
2011,REG,00-0026019,D.Woodhead,Danny Woodhead,RB,RB,"https://static.www.nfl.com/image/private/f_auto,q_auto/league/gorlqe0etvc8ek5wob7j",14,NE,0,0,0,0,0,0,0,0,0,0,0,0,,0,,,77,351,1,0,0,18,2.48032631698879,2,18,31,157,0,0,0,102,128,8,-4.84074921875027,0,1.53921568627451,0.0719257540603248,0.0294372294372294,0.128494691696548,0,60.8,78.8
2011,REG,00-0026029,,Kregg Lumpkin,RB,RB,,15,TB,0,0,0,0,0,0,0,0,0,0,0,0,,0,,,31,105,0,0,0,5,-5.31359134422382,0,41,53,291,0,0,0,86,225,13,1.35571627268069,0,3.38372093023256,0.11018711018711,0.0249492312155498,0.18274512713155,0,39.6,80.6
2011,REG,00-0026033,,Mike Cox,FB,RB,,1,ATL,0,0,0,0,0,0,0,0,0,0,0,0,,0,,,0,0,0,0,0,0,,0,2,3,8,0,1,0,15,7,0,-1.61077221937012,0,0.533333333333333,0.06,0.0260416666666667,0.108229166666667,0,0.8,2.8
2011,REG,00-0026035,D.Amendola,Danny Amendola,WR,WR,"https://static.www.nfl.com/image/private/f_auto,q_auto/league/etz06w7s0ardf49mnayz",1,LA,0,0,0,0,0,0,0,0,0,0,0,0,,0,,,0,0,0,0,0,0,,0,5,6,45,0,0,0,26,25,3,2.65318280990741,0,1.73076923076923,0.171428571428571,0.134020618556701,0.350957290132548,0,4.5,9.5
2011,REG,00-0026069,M.Tolbert,Mike Tolbert,FB,RB,"https://static.www.nfl.com/image/private/f_auto,q_auto/league/frwhwdhbcteyg7xjha7a",15,LAC,0,0,0,0,0,0,0,0,0,0,0,0,,0,,,121,490,8,1,1,25,-7.12005733038746,0,54,79,433,2,1,0,67,431,23,1.4575775520413,0,6.46268656716418,0.149905123339658,0.0163934426229508,0.236333094845553,0,150.3,204.3
2011,REG,00-0026072,,Jed Collins,FB,RB,,10,NO,0,0,0,0,0,0,0,0,0,0,0,0,,0,,,4,4,2,0,0,3,1.82006510824431,0,11,14,50,2,0,0,5,52,6,0.2450674410793,0,10.0,0.036745406824147,0.0024618414574101,0.0568413992564076,0,29.4,40.4
2011,REG,00-0026123,,Evan Moore,TE,TE,,13,CLE,0,0,0,0,0,0,0,0,0,0,0,0,,0,,,0,0,0,0,0,0,,0,34,47,324,4,0,0,393,78,19,6.18610280538998,0,0.824427480916031,0.0977130977130977,0.108473640629313,0.222501195010165,0,56.4,90.4
2011,REG,00-0026143,M.Ryan,Matt Ryan,QB,QB,"https://static.www.nfl.com/image/private/f_auto,q_auto/league/s6zam4ekrrnonsck6vak",16,ATL,347,566,4177,29,12,26,173,5,3,5099,1718,205,87.7810960954575,0,0.819180231417925,0.121234740127364,37,84,2,0,0,11,0.265611314156558,0,0,0,0,0,0,0,0,0,0,,0,,,,,0,273.48,273.48
2011,REG,00-0026144,D.McFadden,Darren McFadden,RB,RB,"https://static.www.nfl.com/image/private/f_auto,q_auto/league/bfvionxxsfckmjqtw4kv",7,LV,0,0,0,0,0,0,0,0,0,0,0,0,,0,,,113,614,4,1,1,23,3.75159956252901,0,19,23,154,1,0,0,0,155,7,-0.355724745608768,0,0.0,0.108490566037736,0.0,0.162735849056604,0,104.8,123.8
2011,REG,00-0026151,,Leodis McKelvin,CB,DB,"https://static.www.nfl.com/image/private/f_auto,q_auto/league/b8nkgdsecnksiw76siwq",1,BUF,0,0,0,0,0,0,0,0,0,0,0,0,,0,,,0,0,0,0,0,0,,0,0,0,0,0,0,0,0,0,0,,0,,,,,1,6.0,6.0
2011,REG,00-0026153,J.Stewart,Jonathan Stewart,RB,RB,"https://static.www.nfl.com/image/private/f_auto,q_auto/league/dzvxfj3xrgnzc3jbag2n",16,CAR,0,0,0,0,0,0,0,0,0,0,0,0,,0,,,142,761,4,1,0,47,16.6737246146627,0,47,61,413,1,0,0,-57,485,18,2.93414011813837,0,-7.24561403508772,0.124744376278119,-0.0135359772025647,0.177641380375383,0,147.4,194.4
2011,REG,00-0026158,J.Flacco,Joe Flacco,QB,QB,"https://static.www.nfl.com/image/upload/f_auto,q_auto/league/yxvyoeojkif7tnfviamc",16,BAL,312,542,3610,20,12,31,203,9,6,5020,1586,179,30.5412836263067,0,0.719123505976096,0.0798304281946749,39,88,1,2,0,13,-6.33188590042758,0,1,1,-8,0,0,0,0,-8,0,-0.0199860692955554,0,0.0,0.0263157894736842,,,0,202.4,203.4
2011,REG,00-0026162,,Felix Jones,RB,RB,,12,DAL,0,0,0,0,0,0,0,0,0,0,0,0,,0,,,127,575,1,3,1,27,-12.8647852127324,0,33,44,221,0,2,1,-25,243,13,2.92100550482287,0,-8.84,0.0984340044742729,-0.0072317037894127,0.14258881405882,0,81.6,114.6
2011,REG,00-0026163,,Rashard Mendenhall,RB,RB,,15,PIT,0,0,0,0,0,0,0,0,0,0,0,0,,0,,,228,928,9,1,1,45,-13.6280317396449,0,18,28,154,0,0,0,-6,156,5,1.34506366588175,0,-25.6666666666667,0.0646651270207852,-0.0016629711751663,0.0958336107085614,0,160.2,178.2
2011,REG,00-0026164,C.Johnson,Chris Johnson,RB,RB,"https://static.www.nfl.com/image/private/f_auto,q_auto/league/ryf9nc84eovvdbf0cz79",16,TEN,0,0,0,0,0,0,0,0,0,0,0,0,,0,,,262,1047,4,3,1,47,-32.7399476599301,0,57,79,418,0,0,0,118,336,13,-14.1030038230123,0,3.54237288135593,0.135972461273666,0.0293459338473017,0.22450084560361,0,168.5,225.5
2011,REG,00-0026170,,Dustin Keller,TE,TE,,16,NYJ,0,0,0,0,0,0,0,0,0,0,0,0,,0,,,0,0,0,0,0,0,,0,65,115,815,5,1,1,992,289,39,-2.14573418470777,0,0.821572580645161,0.212569316081331,0.22227201434013,0.474444384160087,0,109.5,174.5
2011,REG,00-0026173,,Donnie Avery,WR,WR,,4,TEN,0,0,0,0,0,0,0,0,0,0,0,0,,0,,,0,0,0,0,0,0,,0,3,11,45,1,0,0,106,21,3,-12.190264128762,0,0.424528301886792,0.0827067669172932,0.0916955017301038,0.188247001587013,0,10.5,13.5
2011,REG,00-0026174,,Devin Thomas,WR,WR,,3,NYG,0,0,0,0,0,0,0,0,0,0,0,0,,0,,,0,0,0,0,0,0,,0,3,3,37,0,0,0,28,9,2,2.05743903203984,0,1.32142857142857,0.0285714285714286,0.0336943441636582,0.0664431837717036,0,3.7,6.7
2011,REG,00-0026176,J.Nelson,Jordy Nelson,WR,WR,"https://static.www.nfl.com/image/private/f_auto,q_auto/league/bde2n4ozsakatgs4yyp2",16,GB,0,0,0,0,0,0,0,0,0,0,0,0,,0,,,0,0,0,0,0,0,,0,68,96,1263,15,0,0,1196,411,47,83.6254023153077,0,1.05602006688963,0.178107606679035,0.241469816272966,0.436190281409629,0,216.3,284.3
2011,REG,00-0026182,,Eddie Royal,WR,WR,"https://static.www.nfl.com/image/private/f_auto,q_auto/league/xoejgvlit9inmaazsvk4",12,DEN,0,0,0,0,0,0,0,0,0,0,0,0,,0,,,7,48,0,0,0,3,2.25633408537558,0,19,50,155,1,0,0,583,66,8,-19.5432817043038,0,0.265866209262436,0.171821305841924,0.167818077144502,0.375204612764038,1,32.3,51.3
2011,REG,00-0026184,M.Forte,Matt Forte,RB,RB,"https://static.www.nfl.com/image/private/f_auto,q_auto/league/olqssssjykcx7tx7xsy3",12,CHI,0,1,0,0,0,0,0,0,0,15,0,0,-0.457288553006947,0,0.0,,203,997,3,1,1,40,-10.2927782286661,0,52,76,490,1,1,1,197,418,19,-15.8780696010325,0,2.48730964467005,0.219020172910663,0.0702818408847663,0.377727547985331,0,168.7,220.7
2011,REG,00-0026186,,Jerome Simpson,WR,WR,,16,CIN,0,0,0,0,0,0,0,0,0,0,0,0,,0,,,0,0,0,0,0,0,,0,50,105,725,4,0,0,1185,232,34,19.0154426058306,0,0.611814345991561,0.200764818355641,0.269563239308462,0.489841495049384,0,96.5,146.5
2011,REG,00-0026188,,Fred Davis,TE,TE,,12,WAS,0,0,0,0,0,0,0,0,0,0,0,0,,0,,,0,0,0,0,0,0,,0,59,88,796,3,1,1,761,347,39,15.5987221016171,0,1.04599211563732,0.200455580865604,0.19807391983342,0.439335115181799,0,95.6,154.6
2011,REG,00-0026189,D.Jackson,DeSean Jackson,WR,WR,"https://static.www.nfl.com/image/private/f_auto,q_auto/league/pr5m864fqvnoozihylrh",15,PHI,0,0,0,0,0,0,0,0,0,0,0,0,,0,,,7,41,0,0,0,2,1.23300213704351,0,58,104,961,4,0,0,1577,227,39,26.993409570778,0,0.609384908053266,0.204322200392927,0.316222177661921,0.527838824952736,0,124.2,182.2
2011,REG,00-0026195,,Ray Rice,RB,RB,,16,BAL,1,1,1,1,0,0,0,0,0,1,0,1,1.09378267504508,0,1.0,,291,1364,12,2,2,52,-15.7457110719209,0,76,104,704,3,0,0,109,658,30,16.0632573180292,0,6.45871559633028,0.192236598890943,0.0228559446424827,0.304354059586152,0,296.84,372.84
2011,REG,00-0026197,C.Henne,Chad Henne,QB,QB,"https://static.www.nfl.com/image/private/f_auto,q_auto/league/ornr9pcnzveqlntqc7jx",4,MIA,64,112,868,4,4,11,67,0,0,1028,333,41,5.66286448674533,0,0.844357976653697,0.104636414720091,15,112,1,1,0,7,11.4623601099884,0,0,0,0,0,0,0,0,0,0,,0,,,,,0,59.92,59.92
2011,REG,00-0026201,M.Bennett,Martellus Bennett,TE,TE,"https://static.www.nfl.com/image/private/f_auto,q_auto/league/repls3tq1d4jnvwmaqia",10,DAL,0,0,0,0,0,0,0,0,0,0,0,0,,0,,,0,0,0,0,0,0,,0,17,26,144,0,0,0,135,95,7,-6.64665769107523,0,1.06666666666667,0.0726256983240224,0.0548780487804878,0.147353181632375,0,14.4,31.4
2011,REG,00-0026204,,Kevin Smith,RB,RB,,7,DET,0,0,0,0,0,0,0,0,0,0,0,0,,0,,,74,364,5,0,0,18,1.91264328995021,0,24,30,202,3,1,1,-5,211,10,1.93730124493595,0,-40.4,0.087463556851312,-0.0021514629948364,0.129689311180582,0,102.6,126.6
2011,REG,00-0026209,,Jacob Hester,RB,RB,,16,LAC,0,0,0,0,0,0,0,0,0,0,0,0,,0,,,28,90,0,0,0,8,-0.245092014814746,0,12,18,48,1,2,0,32,46,3,-2.48155282583321,0,1.5,0.0523255813953488,0.0104472739144629,0.0858014638331473,0,19.8,31.8
2011,REG,00-0026210,,Earl Bennett,WR,WR,,11,CHI,0,0,0,0,0,0,0,0,0,0,0,0,,0,,,0,0,0,0,0,0,,0,24,43,381,1,1,1,514,125,14,3.43572407468452,0,0.741245136186771,0.138263665594855,0.180035026269702,0.333420016781075,0,42.1,66.1
2011,REG,00-0026213,J.Charles,Jamaal Charles,RB,RB,"https://static.www.nfl.com/image/private/f_auto,q_auto/league/mdrlzgankwwjldxllgcx",2,KC,0,0,0,0,0,0,0,0,0,0,0,0,,0,,,12,83,0,1,1,3,-3.2948174103434,0,5,6,9,1,0,0,16,-2,2,0.981183429365046,0,0.5625,0.166666666666667,0.0581818181818182,0.290727272727273,0,13.2,18.2
2011,REG,00-0026221,,Early Doucet,WR,WR,,16,ARI,0,0,0,0,0,0,0,0,0,0,0,0,,0,,,0,0,0,0,0,0,,0,54,98,689,5,1,0,843,323,35,3.33551722908268,0,0.817319098457889,0.181146025878004,0.173492488166289,0.393163780533408,0,98.9,152.9
2011,REG,00-0026224,H.Douglas,Harry Douglas,WR,WR,"https://static.www.nfl.com/image/private/f_auto,q_auto/league/hblmz1iaov5vqx7cd9cv",13,ATL,0,0,0,0,0,0,0,0,0,0,0,0,,0,,,1,3,0,0,0,0,-0.246276034973562,0,39,62,498,1,0,0,649,232,20,10.831724938991,0,0.7673343605547,0.125252525252525,0.144866071428571,0.289285037878788,0,56.1,95.1
2011,REG,00-0026225,,Craig Stevens,TE,TE,,9,TEN,0,0,0,0,0,0,0,0,0,0,0,0,,0,,,0,0,0,0,0,0,,0,9,14,166,1,0,0,167,71,6,7.25421629578341,0,0.994011976047904,0.0417910447761194,0.0608822457163689,0.105304139165637,0,22.6,31.6
2011,REG,00-0026229,,Steve Slaton,RB,RB,,6,MIA,0,0,0,0,0,0,0,0,0,0,0,0,,0,,,24,84,1,0,0,3,-5.09003820061481,0,3,4,3,0,0,0,-7,9,0,-6.63796870684018,0,-0.428571428571429,0.0465116279069768,-0.0093333333333333,0.0632341085271318,0,14.7,17.7
2011,REG,00-0026231,,Jermichael Finley,TE,TE,,16,GB,0,0,0,0,0,0,0,0,0,0,0,0,,0,,,0,0,0,0,0,0,,0,55,92,767,8,0,0,1080,226,44,44.9022481155131,0,0.710185185185185,0.170686456400742,0.218049666868564,0.408664451409108,0,124.7,179.7
2011,REG,00-0026235,,Mario Manningham,WR,WR,,11,NYG,0,0,0,0,0,0,0,0,0,0,0,0,,0,,,0,0,0,0,0,0,,0,39,77,523,4,0,0,1138,107,25,7.02595820088704,0,0.459578207381371,0.185096153846154,0.268649669499528,0.4656989994189,0,76.3,115.3
2011,REG,00-0026237,,Andre Caldwell,WR,WR,,12,CIN,0,0,0,0,0,0,0,0,0,0,0,0,,0,,,0,0,0,0,0,0,,0,37,68,317,3,0,0,494,113,15,-29.2410091429304,0,0.6417004048583,0.171717171717172,0.143855562026791,0.358274650994511,0,49.7,86.7
2011,REG,00-0026251,,Martin Rucker,TE,TE,,1,JAX,0,0,0,0,0,0,0,0,0,0,0,0,,0,,,0,0,0,0,0,0,,0,0,1,0,0,0,0,15,0,0,-0.710842000786215,0,0.0,0.032258064516129,0.0604838709677419,0.0907258064516129,0,0.0,0.0
2011,REG,00-0026260,,Craig Steltz,SS,DB,,1,CHI,0,0,0,0,0,0,0,0,0,0,0,0,,0,,,0,0,0,0,0,0,,0,0,1,0,0,0,0,7,0,0,-1.4504092251882,0,0.0,0.03125,0.018716577540107,0.0599766042780749,0,0.0,0.0
2011,REG,00-0026262,,Tashard Choice,RB,RB,,13,BUF,0,0,0,0,0,0,0,0,0,0,0,0,,0,,,57,152,1,3,2,10,-23.5541144713977,0,19,30,124,0,0,0,-9,156,2,-14.0720516367098,0,-13.7777777777778,0.0681818181818182,-0.0026905829596412,0.100389319200978,0,29.6,48.6
2011,REG,00-0026266,,Lavelle Hawkins,WR,WR,,15,TEN,0,0,0,0,0,0,0,0,0,0,0,0,,0,,,0,0,0,0,0,0,,0,47,77,470,1,1,0,663,199,23,-6.5243765154163,0,0.708898944193062,0.14051094890511,0.149762819064829,0.315600396703045,0,53.0,100.0
2011,REG,00-0026267,,Jacob Tamme,TE,TE,"https://static.www.nfl.com/image/private/f_auto,q_auto/league/kfyqh9qmtwufzixwuoo2",9,IND,0,0,0,0,0,0,0,0,0,0,0,0,,0,,,0,0,0,0,0,0,,0,19,31,177,1,0,0,151,92,10,7.52615500014508,0,1.17218543046358,0.109540636042403,0.0671111111111111,0.211288731841382,0,23.7,42.7
2011,REG,00-0026279,,Ryan Torain,RB,RB,,8,WAS,0,0,0,0,0,0,0,0,0,0,0,0,,0,,,59,200,1,1,0,5,-10.2174895566423,0,6,9,23,0,0,0,-20,35,0,-3.49972414289368,0,-1.15,0.0398230088495575,-0.0102880658436214,0.0525328671838013,0,28.3,34.3
2011,REG,00-0026286,,Jerome Felton,FB,RB,"https://static.www.nfl.com/image/private/f_auto,q_auto/league/mkg1584egfz8psc6gca7",7,IND,0,0,0,0,0,0,0,0,0,0,0,0,,0,,,3,10,0,0,0,3,0.663431767839938,0,4,7,40,0,0,0,18,29,1,1.6515792143764,0,2.22222222222222,0.0372340425531915,0.0121375590020229,0.0643473551312033,0,5.0,9.0
2011,REG,00-0026289,T.Hightower,Tim Hightower,RB,RB,"https://static.www.nfl.com/image/private/f_auto,q_auto/league/azokebvu5bctrltqy38r",5,WAS,0,0,0,0,0,0,0,0,0,0,0,0,,0,,,83,299,1,0,0,12,-10.4166371631727,0,10,15,78,1,0,0,5,79,6,-0.427305584393497,0,15.6,0.0857142857142857,0.0032594524119947,0.130853045259825,0,49.7,59.7
2011,REG,00-0026293,M.Slater,Matt Slater,WR,WR,"https://static.www.nfl.com/image/private/f_auto,q_auto/league/cs1ojdzhxjuanbw6vflv",2,NE,0,0,0,0,0,0,0,0,0,0,0,0,,0,,,0,0,0,0,0,0,,0,1,3,46,0,0,0,126,0,1,2.08067507774103,0,0.365079365079365,0.0384615384615385,0.139226519337017,0.155150871228219,0,4.6,5.6
2011,REG,00-0026298,,Kellen Davis,TE,TE,"https://static.www.nfl.com/image/private/f_auto,q_auto/league/bftuje5hq6fnlmpc0uhy",15,CHI,0,0,0,0,0,0,0,0,0,0,0,0,,0,,,0,0,0,0,0,0,,0,18,35,206,5,0,0,333,60,13,-2.15188572033451,0,0.618618618618619,0.0793650793650794,0.0844106463878327,0.178135071519102,0,50.6,68.6
2011,REG,00-0026300,J.Johnson,Josh Johnson,QB,QB,"https://static.www.nfl.com/image/upload/f_auto,q_auto/league/gbaye18gptzb1jpyswv8",9,TB,19,36,246,1,2,3,24,0,0,363,32,12,-5.63099219182445,0,0.677685950413223,0.0051043494488607,11,67,0,1,1,3,-1.78515959635291,0,0,2,0,0,0,0,84,0,0,-0.984845289262012,0,0.0,0.0454545454545455,0.264984227129338,0.253670777172354,0,14.54,14.54
2011,REG,00-0026303,,Owen Schmitt,FB,RB,,6,PHI,0,0,0,0,0,0,0,0,0,0,0,0,,0,,,4,6,0,0,0,0,-3.26027727900498,0,3,7,32,0,0,0,12,27,2,-0.438178479345819,0,2.66666666666667,0.0344827586206897,0.0073349633251833,0.0568586122586629,0,3.8,6.8
2011,REG,00-0026314,,Josh Morgan,WR,WR,,5,SF,0,0,0,0,0,0,0,0,0,0,0,0,,0,,,0,0,0,0,0,0,,0,15,20,220,1,0,0,163,96,12,15.1313349298143,0,1.34969325153374,0.15748031496063,0.175268817204301,0.358908644483956,0,28.0,43.0
2011,REG,00-0026323,,Spencer Larsen,FB,RB,,11,DEN,0,0,0,0,0,0,0,0,0,0,0,0,,0,,,14,44,0,0,0,3,-1.41917458962416,0,9,9,76,0,0,0,33,43,4,7.36052624817239,0,2.3030303030303,0.0476190476190476,0.0191082802547771,0.0848043676069154,0,12.0,21.0
2011,REG,00-0026334,,Ryan Mundy,SS,DB,"https://static.www.nfl.com/image/private/f_auto,q_auto/league/urlf3kfmyffuwnw5y17a",1,PIT,0,0,0,0,0,0,0,0,0,0,0,0,,0,,,0,0,0,0,0,0,,0,1,1,33,0,0,0,12,21,1,4.41920654266141,0,2.75,0.0285714285714286,0.0430107526881721,0.0729646697388633,0,3.3,4.3
2011,REG,00-0026344,,Lex Hilliard,FB,RB,,10,MIA,0,0,0,0,0,0,0,0,0,0,0,0,,0,,,16,41,1,0,0,9,2.38886834454024,0,5,7,49,0,0,0,12,37,2,2.16677350562532,0,4.08333333333333,0.0393258426966292,0.0063593004769475,0.0634402743788071,1,21.0,26.0
2011,REG,00-0026345,P.Garcon,Pierre Garcon,WR,WR,"https://static.www.nfl.com/image/private/f_auto,q_auto/league/xwjogot7xrfj9qwhsgtn",16,IND,0,0,0,0,0,0,0,0,0,0,0,0,,0,,,4,28,0,0,0,1,1.57427751730291,0,70,134,947,6,2,2,1551,351,42,0.90551019642951,0,0.610573823339781,0.255238095238095,0.361117578579744,0.635639447862964,0,129.5,199.5
2011,REG,00-0026349,,Matt Flynn,QB,QB,"https://static.www.nfl.com/image/private/f_auto,q_auto/league/goh8anyqhyvmkfmfbejp",5,GB,33,49,518,6,2,5,18,1,1,474,227,22,14.9589530091816,0,1.09282700421941,0.212590811602664,13,-6,1,0,0,1,-0.351463511906331,0,0,0,0,0,0,0,0,0,0,,0,,,,,0,44.12,44.12
2011,REG,00-0026353,,Chauncey Washington,RB,RB,,1,DAL,0,0,0,0,0,0,0,0,0,0,0,0,,0,,,1,-1,0,0,0,0,-0.882718645036221,0,2,3,13,0,0,0,-2,15,1,0.713987769791856,0,-6.5,0.075,-0.0084745762711864,0.106567796610169,0,1.2,3.2
2011,REG,00-0026357,,Brett Swain,WR,WR,,2,SF,0,0,0,0,0,0,0,0,0,0,0,0,,0,,,0,0,0,0,0,0,,0,2,7,15,0,0,0,46,15,1,-5.94445664522808,0,0.326086956521739,0.112903225806452,0.127777777777778,0.258799283154122,0,1.5,3.5
2011,REG,00-0026364,,Steve Johnson,WR,WR,"https://static.www.nfl.com/image/private/f_auto,q_auto/league/vlyzq1v53slatimy6v5q",16,BUF,0,0,0,0,0,0,0,0,0,0,0,0,,0,,,0,0,0,0,0,0,,0,76,134,1004,7,0,0,1320,320,45,8.19744318192841,0,0.760606060606061,0.235500878734622,0.298845370160743,0.562443077214453,0,142.4,218.4
2011,REG,00-0026366,,Chaz Schilens,WR,WR,,11,LV,0,0,0,0,0,0,0,0,0,0,0,0,,0,,,0,0,0,0,0,0,,0,23,34,271,2,0,0,430,36,13,14.7949406118448,0,0.630232558139535,0.0909090909090909,0.113696456901111,0.215951156194414,0,39.1,62.1
2011,REG,00-0026367,,Peyton Hillis,RB,RB,,10,CLE,0,0,0,0,0,0,0,0,0,0,0,0,,0,,,161,587,3,1,1,33,-18.0333451496985,0,22,34,130,0,1,0,16,118,5,-23.1556427070227,0,8.125,0.0890052356020942,0.0056457304163726,0.137459864694602,0,87.7,109.7
2011,REG,00-0026373,,Justin Forsett,RB,RB,"https://static.www.nfl.com/image/private/f_auto,q_auto/league/o86dvbcs8dcubcpj6fnu",16,SEA,0,0,0,0,0,0,0,0,0,0,0,0,,0,,,46,145,1,0,0,6,-11.6817684744601,0,23,34,128,0,0,0,-32,150,6,-6.53151740187351,0,-4.0,0.0740740740740741,-0.0086416419119632,0.105061961772737,0,33.3,56.3
2011,REG,00-0026377,,Adrian Arrington,WR,WR,,2,NO,0,0,0,0,0,0,0,0,0,0,0,0,,0,,,0,0,0,0,0,0,,0,2,3,31,0,0,0,36,0,2,1.46095595997758,0,0.861111111111111,0.04,0.0774193548387097,0.114193548387097,0,3.1,5.1
2011,REG,00-0026393,M.Reece,Marcel Reece,FB,RB,"https://static.www.nfl.com/image/private/f_auto,q_auto/league/nqy3arwxgk4lwh3pfrr3",11,LV,0,0,0,0,0,0,0,0,0,0,0,0,,0,,,17,112,0,0,0,7,2.97797483234899,0,27,36,301,2,1,1,151,207,13,6.50662971066786,0,1.99337748344371,0.0994475138121547,0.0400636773680021,0.177215844875834,0,51.3,78.3
2011,REG,00-0026432,,Lance Ball,RB,RB,,15,DEN,0,0,0,0,0,0,0,0,0,0,0,0,,0,,,96,402,1,1,1,25,-7.74712381151234,0,16,31,148,1,1,1,77,126,8,-4.67675633797936,0,1.92207792207792,0.0990415335463259,0.0260840108401084,0.166821107907565,0,63.0,79.0
2011,REG,00-0026465,,Anthony Armstrong,WR,WR,,10,WAS,0,0,0,0,0,0,0,0,0,0,0,0,,0,,,2,19,0,0,0,1,1.58467304264195,0,7,27,103,2,0,0,571,7,4,-12.7243228879001,0,0.180385288966725,0.0723860589812333,0.165028901734104,0.224099319685723,0,24.2,31.2
2011,REG,00-0026491,,Stefan Logan,WR,WR,,9,DET,0,0,0,0,0,0,0,0,0,0,0,0,,0,,,9,32,0,0,0,2,-1.52662970428355,0,1,1,19,0,0,0,-4,23,1,1.32573847332969,0,0.0,0.0196078431372549,-0.0071428571428571,0.0244117647058824,0,5.1,6.1
2011,REG,00-0026498,M.Stafford,Matthew Stafford,QB,QB,"https://static.www.nfl.com/image/upload/f_auto,q_auto/league/xdlnnbapdbk8trxqlasu",16,DET,428,673,5100,41,16,38,265,3,1,5457,2271,246,92.2065568490447,2,0.934579439252336,0.100799483123107,22,78,0,2,0,6,6.32591739902273,0,0,0,0,0,0,0,0,0,0,,0,,,,,0,345.8,345.8
2011,REG,00-0026500,M.Slauson,Matt Slauson,G,OL,"https://static.www.nfl.com/image/private/f_auto,q_auto/league/oilqzwvf5kwhgq3kgpsz",1,NYJ,0,0,0,0,0,0,0,0,0,0,0,0,,0,,,0,0,0,0,0,0,,0,1,1,1,0,0,0,-2,3,0,-0.352984654018655,0,0.0,0.0303030303030303,-0.0101522842639594,0.0383479464697739,0,0.1,1.1
2011,REG,00-0026516,B.Colquitt,Britton Colquitt,P,SPEC,"https://static.www.nfl.com/image/private/f_auto,q_auto/league/daujufaxsde6k6yj2ph1",1,DEN,0,1,0,0,0,0,0,0,0,2,0,0,-2.45829197572311,0,0.0,,0,0,0,0,0,0,,0,0,0,0,0,0,0,0,0,0,,0,,,,,0,0.0,0.0
2011,REG,00-0026536,,Nick Miller,WR,WR,,2,LA,0,0,0,0,0,0,0,0,0,0,0,0,,0,,,0,0,0,0,0,0,,0,1,1,8,0,0,0,-2,10,0,-0.513127888087183,0,0.0,0.0454545454545455,-0.0093896713615023,0.0616090482287665,1,6.8,7.8
2011,REG,00-0026544,C.Daniel,Chase Daniel,QB,QB,"https://static.www.nfl.com/image/private/f_auto,q_auto/league/jt8fvgeyuhsbpo9m9t4x",3,NO,4,5,29,0,0,0,0,0,0,23,23,2,-3.00209905253718,0,1.26086956521739,0.0910650312773593,3,-3,0,0,0,0,-4.83594615018228,0,0,0,0,0,0,0,0,0,0,,0,,,,,0,0.86,0.86
2011,REG,00-0026566,,Isaac Redman,RB,RB,,16,PIT,0,0,0,0,0,0,0,0,0,0,0,0,,0,,,110,479,3,2,2,29,-5.42561491500377,0,18,22,78,0,0,0,-31,117,6,-2.81480165635757,0,-2.51612903225806,0.0532687651331719,-0.008410200759631,0.0740160071680162,0,69.7,87.7
2011,REG,00-0026578,C.Anderson,Colt Anderson,DB,DB,"https://static.www.nfl.com/image/private/f_auto,q_auto/league/rknpd9m4mm4aflc5k6ff",1,PHI,0,0,0,0,0,0,0,0,0,0,0,0,,0,,,0,0,0,0,0,0,,0,0,1,0,0,0,0,5,0,0,-1.91000898904167,0,0.0,0.0263157894736842,0.0166112956810631,0.0511015911872705,0,0.0,0.0
2011,REG,00-0026579,,Kahlil Bell,RB,RB,,7,CHI,0,0,0,0,0,0,0,0,0,0,0,0,,0,,,79,337,0,2,1,14,-11.3478506863175,0,19,23,133,1,1,0,13,129,4,2.15981624568512,0,10.2307692307692,0.117948717948718,0.0118505013673655,0.185218427880233,0,51.0,70.0
2011,REG,00-0026607,,Brock Bolen,RB,RB,,6,JAX,0,0,0,0,0,0,0,0,0,0,0,0,,0,,,2,14,0,0,0,1,0.230765818152577,0,2,5,6,0,0,0,23,0,0,-2.3908563349396,0,0.260869565217391,0.029585798816568,0.0169117647058824,0.0562169335189697,0,2.0,4.0
2011,REG,00-0026625,B.Hoyer,Brian Hoyer,QB,QB,"https://static.www.nfl.com/image/private/f_auto,q_auto/league/japt3mj2xctm7saqndxn",2,NE,1,1,22,0,0,0,0,0,0,22,0,1,-0.577757010003552,0,1.0,,4,-3,0,0,0,0,-0.908172616211232,0,0,0,0,0,0,0,0,0,0,,0,,,,,0,0.58,0.58
2011,REG,00-0026644,,Josh Vaughan,RB,RB,,1,CAR,0,0,0,0,0,0,0,0,0,0,0,0,,0,,,7,24,0,0,0,0,-2.03963000630029,0,0,0,0,0,0,0,0,0,0,,0,,,,,0,2.4,2.4
2011,REG,00-0026658,,Zach Potter,TE,TE,,4,JAX,0,0,0,0,0,0,0,0,0,0,0,0,,0,,,0,0,0,0,0,0,,0,5,7,50,0,0,0,28,41,1,1.99160841817502,0,1.78571428571429,0.0729166666666667,0.051948051948052,0.145738636363636,1,11.0,16.0
2011,REG,00-0026664,,Tim Masthay,P,SPEC,,1,GB,0,0,0,0,0,0,0,0,0,0,0,0,,0,,,1,6,0,1,0,1,2.6217756299302,0,0,0,0,0,0,0,0,0,0,,0,,,,,0,0.6,0.6
2011,REG,00-0026669,,Colin Cloherty,TE,TE,,4,JAX,0,0,0,0,0,0,0,0,0,0,0,0,,0,,,0,0,0,0,0,0,,0,4,8,57,0,0,0,52,33,3,2.19693257717881,0,1.09615384615385,0.0963855421686747,0.0763582966226138,0.198029120888842,1,11.7,15.7
2011,REG,00-0026699,,Kevin Brock,TE,TE,,2,BUF,0,0,0,0,0,0,0,0,0,0,0,0,,0,,,0,0,0,0,0,0,,0,2,2,27,0,0,0,-8,35,2,1.83176364563406,0,0.0,0.0273972602739726,-0.0151515151515152,0.0304898298048983,0,2.7,4.7
2011,REG,00-0026712,,Brit Miller,FB,RB,,5,LA,0,0,0,0,0,0,0,0,0,0,0,0,,0,,,5,14,0,0,0,1,-2.83841548848432,0,3,3,41,0,0,0,5,36,2,2.42057649092749,0,8.2,0.0333333333333333,0.0263157894736842,0.068421052631579,0,5.5,8.5
2011,REG,00-0026723,,Chris Pressley,FB,RB,,3,CIN,0,0,0,0,0,0,0,0,0,0,0,0,,0,,,0,0,0,0,0,0,,0,3,5,19,0,0,0,-1,19,1,-1.24025383708067,0,-19.0,0.0531914893617021,-0.0037593984962406,0.0771556550951848,0,1.9,4.9
2011,REG,00-0026739,,Jordan Norwood,WR,WR,"https://static.www.nfl.com/image/private/f_auto,q_auto/league/kdrgruvmcbm12bfluhna",10,CLE,0,0,0,0,0,0,0,0,0,0,0,0,,0,,,0,0,0,0,0,0,,0,23,34,268,1,0,0,305,84,15,12.3615649671754,0,0.878688524590164,0.0997067448680352,0.120458135860979,0.233880812404738,0,32.8,55.8
2011,REG,00-0026745,,Curtis Brinkley,RB,RB,,4,LAC,0,0,0,0,0,0,0,0,0,0,0,0,,0,,,30,101,1,0,0,4,-4.3650348361698,0,7,9,41,0,0,0,0,34,1,0.453386983484961,1,0.0,0.0909090909090909,0.0,0.136363636363636,0,22.2,29.2
2011,REG,00-0026757,,Kory Sperry,TE,TE,,5,LAC,0,0,0,0,0,0,0,0,0,0,0,0,,0,,,0,0,0,0,0,0,,0,1,5,32,0,0,0,19,17,1,-1.47299619554762,0,1.68421052631579,0.0290697674418605,0.0195272353545735,0.0572737159109921,0,3.2,4.2
2011,REG,00-0026780,,Kevin Ogletree,WR,WR,,9,DAL,0,0,0,0,0,0,0,0,0,0,0,0,,0,,,2,3,0,0,0,1,-0.567391027696431,0,15,26,164,0,1,1,252,55,11,-4.01670023883228,0,0.650793650793651,0.0778443113772455,0.0956719817767654,0.183736854309604,0,14.7,29.7
2011,REG,00-0026796,,Arian Foster,RB,RB,,13,HOU,0,0,0,0,0,0,0,0,0,0,0,0,,0,,,278,1224,10,4,2,58,-20.2384538565963,0,53,72,617,2,1,1,28,604,19,17.5372325304021,0,22.0357142857143,0.198895027624309,0.0109503324208056,0.306007774131028,0,250.1,303.1
2011,REG,00-0026799,,Jeremiah Johnson,RB,RB,,6,DEN,0,0,0,0,0,0,0,0,0,0,0,0,,0,,,14,77,0,0,0,4,-2.57985751707709,0,7,9,62,0,0,0,45,56,3,1.41671100974781,0,1.37777777777778,0.0857142857142857,0.0335070737155622,0.152026380172322,0,13.9,20.9
2011,REG,00-0026852,D.Young,Darrel Young,FB,RB,"https://static.www.nfl.com/image/private/f_auto,q_auto/league/znfzmkdrjpzxrhv8j0r7",10,WAS,0,0,0,0,0,0,0,0,0,0,0,0,,0,,,6,33,1,0,0,6,3.8905398544739,0,15,20,146,0,0,0,36,111,7,4.7324874997139,0,4.05555555555556,0.0543478260869565,0.0191693290734824,0.0949402694818725,0,23.9,38.9
2011,REG,00-0026878,,Tom Crabtree,TE,TE,,6,GB,0,0,0,0,0,0,0,0,0,0,0,0,,0,,,0,0,0,0,0,0,,0,6,8,38,1,0,0,44,20,4,2.17950929974904,0,0.863636363636364,0.0373831775700935,0.0204841713221601,0.0704136862806523,0,9.8,15.8
2011,REG,00-0026898,M.Sanchez,Mark Sanchez,QB,QB,"https://static.www.nfl.com/image/private/f_auto,q_auto/league/e12qugcuc1cpgkf0crfn",16,NYJ,308,543,3474,26,18,39,243,4,4,4384,1506,171,-57.6504614916172,0,0.79242700729927,0.0209386578516698,37,103,6,6,4,13,-3.18860588781536,0,0,0,0,0,0,0,0,0,0,,0,,,,,0,237.26,237.26
2011,REG,00-0026899,,Shonn Greene,RB,RB,,16,NYJ,0,0,0,0,0,0,0,0,0,0,0,0,,0,,,253,1054,6,1,0,46,-6.53040601779565,0,30,41,211,0,0,0,38,206,6,-7.02051815131563,0,5.55263157894737,0.0857740585774059,0.0116779348494161,0.1368356422607,0,162.5,192.5
2011,REG,00-0026901,M.Wallace,Mike Wallace,WR,WR,"https://static.www.nfl.com/image/private/f_auto,q_auto/league/dy9z5wbsitf6l9psjq4y",16,PIT,0,0,0,0,0,0,0,0,0,0,0,0,,0,,,5,57,0,0,0,4,2.84033926855773,0,72,113,1193,8,1,1,1456,466,54,52.4606618228186,0,0.819368131868132,0.210428305400372,0.290676781792773,0.5191162053555,0,171.0,243.0
2011,REG,00-0026902,,Ramses Barden,WR,WR,,6,NYG,0,0,0,0,0,0,0,0,0,0,0,0,,0,,,0,0,0,0,0,0,,0,9,19,94,0,0,0,174,27,5,-0.478564833087148,0,0.540229885057471,0.084070796460177,0.0789473684210526,0.181369352585002,0,9.4,18.4
2011,REG,00-0026908,,Anthony Hill,TE,TE,,2,IND,0,0,0,0,0,0,0,0,0,0,0,0,,0,,,0,0,0,0,0,0,,0,2,3,10,0,0,0,7,6,0,-0.327034629415721,0,1.42857142857143,0.0416666666666667,0.0238907849829352,0.0792235494880546,0,1.0,3.0
2011,REG,00-0026913,,Johnny Knox,WR,WR,,14,CHI,0,0,0,0,0,0,0,0,0,0,0,0,,0,,,0,0,0,0,0,0,,0,37,69,727,2,1,1,1025,161,31,5.97772306418283,0,0.709268292682927,0.167070217917676,0.277777777777778,0.445049771320958,0,82.7,119.7
2011,REG,00-0026931,,Bear Pascoe,TE,TE,,10,NYG,0,0,0,0,0,0,0,0,0,0,0,0,,0,,,0,0,0,0,0,0,,0,12,16,136,0,0,0,59,94,7,8.90840807111817,0,2.30508474576271,0.041343669250646,0.0161026200873362,0.0732873379371044,0,13.6,25.6
2011,REG,00-0026932,C.Peerman,Cedric Peerman,RB,RB,"https://static.www.nfl.com/image/private/f_auto,q_auto/league/a2vztwdw7rtpl9q9hzds",2,CIN,0,0,0,0,0,0,0,0,0,0,0,0,,0,,,3,15,0,0,0,0,-0.029907309653936,0,0,1,0,0,0,0,5,0,0,-1.21361192711629,0,0.0,0.0384615384615385,0.0306748466257669,0.0791647003303445,0,1.5,1.5
2011,REG,00-0026937,,Brandon Gibson,WR,WR,"https://static.www.nfl.com/image/private/f_auto,q_auto/league/surhprm3dsmqjollulmn",14,LA,0,0,0,0,0,0,0,0,0,0,0,0,,0,,,2,16,0,0,0,2,1.35695897950791,0,36,71,431,1,0,0,762,103,28,9.32373089334212,0,0.565616797900263,0.148225469728601,0.173536779776816,0.343813950436673,0,50.7,86.7
2011,REG,00-0026941,,Bernard Scott,RB,RB,,16,CIN,0,1,0,0,0,0,0,0,0,-6,0,0,-0.71510504744947,0,0.0,,112,380,3,0,0,20,-8.29799559927778,0,13,17,38,0,0,0,-8,46,1,-6.861128457007,0,-4.75,0.0498533724340176,-0.0028021015761821,0.0728185875476989,0,59.8,72.8
2011,REG,00-0026947,,Eddie Williams,RB,RB,,2,SEA,0,0,0,0,0,0,0,0,0,0,0,0,,0,,,2,2,0,0,0,1,-0.548344757524319,0,1,1,17,0,0,0,10,7,1,0.936559184687212,0,1.7,0.0357142857142857,0.0625,0.0973214285714286,0,1.9,2.9
2011,REG,00-0026953,,Sammie Stroughter,WR,WR,,3,TB,0,0,0,0,0,0,0,0,0,0,0,0,,0,,,0,0,0,0,0,0,,0,4,7,52,0,0,0,58,20,2,1.78272423714998,0,0.896551724137931,0.0707070707070707,0.0669745958429561,0.152942823150675,0,5.2,9.2
2011,REG,00-0026956,,LaRod Stephens-Howling,RB,RB,,14,ARI,0,0,0,0,0,0,0,0,0,0,0,0,,0,,,43,167,0,0,0,5,-8.2308870540035,0,13,17,234,2,0,0,44,210,7,12.0460284486762,0,5.31818181818182,0.0485714285714286,0.0152618799861256,0.0835404588474308,0,52.1,65.1
2011,REG,00-0026957,D.Johnson,David Johnson,TE,TE,"https://static.www.nfl.com/image/private/f_auto,q_auto/league/td6y6zc2m3ifhcfd4yz9",10,PIT,0,0,0,0,0,0,0,0,0,0,0,0,,0,,,0,0,0,0,0,0,,0,12,14,91,1,0,0,38,56,5,5.61119922267972,0,2.39473684210526,0.0425531914893617,0.0165721761883995,0.0754303105659222,0,15.1,27.1
2011,REG,00-0026963,,Cameron Morrah,TE,TE,,5,SEA,0,0,0,0,0,0,0,0,0,0,0,0,,0,,,1,1,0,0,0,0,-0.467139732732903,0,6,13,74,0,0,0,101,42,4,1.29591504672634,0,0.732673267326733,0.0738636363636364,0.0596926713947991,0.152580324521814,0,7.5,13.5
2011,REG,00-0026983,D.Heyward-Bey,Darrius Heyward-Bey,WR,WR,"https://static.www.nfl.com/image/private/f_auto,q_auto/league/d5otkkbb0z2rdd2bjatd",14,LV,0,0,0,0,0,0,0,0,0,0,0,0,,0,,,0,0,0,0,0,0,,0,64,115,975,4,1,1,1652,250,44,30.0219855516563,0,0.590193704600484,0.247311827956989,0.347058823529412,0.613908918406072,0,119.5,183.5
2011,REG,00-0026985,,B.J. Raji,NT,DL,"https://static.www.nfl.com/image/private/f_auto,q_auto/league/bzwbflnlm7rx6hwmje81",1,GB,0,0,0,0,0,0,0,0,0,0,0,0,,0,,,1,1,1,0,0,1,0.938873408245854,0,0,0,0,0,0,0,0,0,0,,0,,,,,0,6.1,6.1
2011,REG,00-0026986,M.Crabtree,Michael Crabtree,WR,WR,"https://static.www.nfl.com/image/private/f_auto,q_auto/league/kcavcmeyaion38ewxwyk",15,SF,0,0,0,0,0,0,0,0,0,0,0,0,,0,,,1,6,0,0,0,0,0.447396184667014,0,72,114,874,4,0,0,1068,358,40,27.0494695741525,1,0.818352059925094,0.268235294117647,0.328413284132841,0.63224224006946,0,114.0,186.0
2011,REG,00-0026988,,Knowshon Moreno,RB,RB,,7,DEN,0,0,0,0,0,0,0,0,0,0,0,0,,0,,,37,179,0,1,1,5,-8.28069408572628,0,11,15,101,1,0,0,30,96,3,1.47781816652579,0,3.36666666666667,0.0806451612903226,0.0148075024679171,0.131332993663026,0,32.0,43.0
2011,REG,00-0026993,,Josh Freeman,QB,QB,"https://static.www.nfl.com/image/private/f_auto,q_auto/league/cwcasm6m73fx1mjpjk3n",15,TB,346,551,3592,16,22,29,164,6,3,4004,1650,168,-37.9302181076436,2,0.897102897102897,0.0346185589477243,55,238,4,3,2,25,4.60714867548724,0,0,0,0,0,0,0,0,0,0,,0,,,,,0,205.48,205.48
2011,REG,00-0026995,J.Maclin,Jeremy Maclin,WR,WR,"https://static.www.nfl.com/image/private/f_auto,q_auto/league/tvlsuugnbn0idb0tbtgw",13,PHI,0,0,0,0,0,0,0,0,0,0,0,0,,0,,,1,1,0,0,0,0,-0.509346323553473,0,63,97,859,5,1,1,1155,260,43,31.9910505886695,0,0.743722943722944,0.226107226107226,0.28617443012884,0.539482940251028,0,114.0,177.0
2011,REG,00-0026996,,Brandon Pettigrew,TE,TE,,16,DET,0,0,0,0,0,0,0,0,0,0,0,0,,0,,,0,0,0,0,0,0,,0,83,126,777,5,0,0,817,309,37,10.6910487102838,0,0.951040391676867,0.188622754491018,0.148816029143898,0.387105352137256,0,107.7,190.7
2011,REG,00-0026997,A.Mack,Alex Mack,C,OL,"https://static.www.nfl.com/image/private/f_auto,q_auto/league/ebzxqyz5e7h7wrszr5vn",1,CLE,0,0,0,0,0,0,0,0,0,0,0,0,,0,,,0,0,0,0,0,0,,0,0,1,0,0,0,0,0,0,0,-2.01811242301483,0,,0.025,,,0,0.0,0.0
2011,REG,00-0026998,,Percy Harvin,WR,WR,"https://static.www.nfl.com/image/private/f_auto,q_auto/league/ly7xvqfvoehf5jqrzzcq",16,MIN,0,0,0,0,0,0,0,0,0,0,0,0,,0,,,52,345,2,0,0,15,7.25769694250339,0,87,122,967,6,2,2,697,544,45,23.8989002351195,0,1.38737446197991,0.241106719367589,0.161492122335496,0.474704564686231,1,181.2,268.2
2011,REG,00-0027003,,Donald Brown,RB,RB,,12,IND,0,0,0,0,0,0,0,0,0,0,0,0,,0,,,134,645,5,0,0,26,0.974828348465905,0,16,19,86,0,0,0,-10,94,3,-1.80262589725544,0,-8.6,0.0555555555555556,-0.003831417624521,0.0806513409961686,0,103.1,119.1
2011,REG,00-0027005,,Hakeem Nicks,WR,WR,"https://static.www.nfl.com/image/private/f_auto,q_auto/league/nbgeeeuhd0n4zrctfxce",15,NYG,0,0,0,0,0,0,0,0,0,0,0,0,,0,,,0,0,0,0,0,0,,0,76,133,1192,7,0,0,1843,349,54,41.4946082189174,0,0.646771568095497,0.244036697247706,0.347604677480196,0.609378320107697,0,161.2,237.2
2011,REG,00-0027006,K.Britt,Kenny Britt,WR,WR,"https://static.www.nfl.com/image/private/f_auto,q_auto/league/joozpvuyykyxjogcg3r5",3,TEN,0,0,0,0,0,0,0,0,0,0,0,0,,0,,,0,0,0,0,0,0,,0,17,26,289,3,1,1,332,125,14,19.1584955485014,0,0.870481927710844,0.234234234234234,0.383815028901734,0.620021871582565,0,44.9,61.9
2011,REG,00-0027007,,Beanie Wells,RB,RB,,14,ARI,0,0,0,0,0,0,0,0,0,0,0,0,,0,,,245,1047,10,4,2,48,-11.2627253583244,0,10,16,52,0,0,0,27,19,1,-4.04317755921093,0,1.92592592592593,0.0461095100864553,0.008626198083067,0.07520260378783,0,165.9,175.9
2011,REG,00-0027012,,Brian Robiskie,WR,WR,,4,CLE,0,0,0,0,0,0,0,0,0,0,0,0,,0,,,0,0,0,0,0,0,,0,3,9,25,0,0,0,114,2,2,-4.20375233556349,0,0.219298245614035,0.0520231213872832,0.0916398713826367,0.142182592048771,0,2.5,5.5
2011,REG,00-0027026,,Mohamed Massaquoi,WR,WR,,14,CLE,0,0,0,0,0,0,0,0,0,0,0,0,,0,,,0,0,0,0,0,0,,0,31,74,384,2,0,0,773,75,19,-15.0783269083967,0,0.496765847347995,0.147410358565737,0.20624332977588,0.365485868691722,0,50.4,81.4
2011,REG,00-0027029,L.McCoy,LeSean McCoy,RB,RB,"https://static.www.nfl.com/image/private/f_auto,q_auto/league/cpc1a2dgivdyevuncz7p",15,PHI,0,0,0,0,0,0,0,0,0,0,0,0,,0,,,273,1309,17,1,1,84,17.6866336577355,0,48,69,315,3,0,0,-105,388,18,-11.3026473002957,0,-3.0,0.137176938369781,-0.0215782983970407,0.190660598676744,0,280.4,328.4
2011,REG,00-0027057,B.Tate,Brandon Tate,WR,WR,"https://static.www.nfl.com/image/private/f_auto,q_auto/league/uzpf58ijo44jfqakwv83",1,CIN,0,0,0,0,0,0,0,0,0,0,0,0,,0,,,0,0,0,0,0,0,,0,0,0,0,0,0,0,0,0,0,,0,,,,,1,6.0,6.0
2011,REG,00-0027059,,Patrick Turner,WR,WR,,8,NYJ,0,0,0,0,0,0,0,0,0,0,0,0,,0,,,0,0,0,0,0,0,,0,8,15,96,1,0,0,172,24,6,3.70354006866374,0,0.558139534883721,0.0553505535055351,0.0805620608899297,0.139419272881253,0,15.6,23.6
2011,REG,00-0027060,L.Webb,Lardarius Webb,FS,DB,"https://static.www.nfl.com/image/private/f_auto,q_auto/league/ltgpknt9ianx6u1mqvrw",1,BAL,0,0,0,0,0,0,0,0,0,0,0,0,,0,,,0,0,0,0,0,0,,0,0,0,0,0,0,0,0,0,0,,0,,,,,1,6.0,6.0
2011,REG,00-0027061,J.Cook,Jared Cook,TE,TE,"https://static.www.nfl.com/image/private/f_auto,q_auto/league/cthoenebptadlu4g928v",16,TEN,0,0,0,0,0,0,0,0,0,0,0,0,,0,,,0,0,0,0,0,0,,0,49,81,759,3,2,2,705,280,34,15.1837671849533,0,1.07659574468085,0.139414802065404,0.150063856960409,0.314166902970393,0,89.9,138.9
2011,REG,00-0027063,,Deon Butler,WR,WR,,4,SEA,0,0,0,0,0,0,0,0,0,0,0,0,,0,,,0,0,0,0,0,0,,0,6,7,51,0,0,0,60,10,3,1.99484737903336,0,0.85,0.0551181102362205,0.0523560209424084,0.119326380014017,0,5.1,11.1
2011,REG,00-0027070,,Travis Beckum,TE,TE,,7,NYG,0,0,0,0,0,0,0,0,0,0,0,0,,0,,,0,0,0,0,0,0,,0,5,10,93,1,0,0,86,40,2,0.798089380550664,0,1.08139534883721,0.0420168067226891,0.0360435875943001,0.0882557214000437,0,15.3,20.3
2011,REG,00-0027071,,Stephen McGee,QB,QB,,1,DAL,24,38,182,1,0,3,25,0,0,236,87,11,-4.94097135111224,0,0.771186440677966,0.0338037936644162,4,28,0,0,0,1,1.29623515187996,0,0,0,0,0,0,0,0,0,0,,0,,,,,0,14.08,14.08
2011,REG,00-0027076,,Mike Thomas,WR,WR,,15,JAX,0,0,0,0,0,0,0,0,0,0,0,0,,0,,,3,11,0,0,0,1,-0.122725277324207,0,44,91,415,1,1,1,827,197,20,-24.5178281190112,0,0.501813784764208,0.204494382022472,0.247234678624813,0.479805848071077,0,46.6,90.6
2011,REG,00-0027077,,Brian Hartline,WR,WR,"https://static.www.nfl.com/image/private/f_auto,q_auto/league/vuqaw5utqkgyqtp7hwbu",15,MIA,0,0,0,0,0,0,0,0,0,0,0,0,,0,,,1,9,0,0,0,1,1.77851293783169,0,35,66,549,1,0,0,950,94,30,16.6475989281514,0,0.577894736842105,0.149321266968326,0.217989903625516,0.37657483299035,0,61.8,96.8
2011,REG,00-0027080,,Mike Goodson,RB,RB,,2,CAR,0,0,0,0,0,0,0,0,0,0,0,0,,0,,,0,0,0,0,0,0,,0,1,3,4,0,0,0,15,0,0,-4.11990350048291,0,0.266666666666667,0.0422535211267606,0.0210970464135021,0.0781482141795923,0,0.4,1.4
2011,REG,00-0027089,L.Murphy,Louis Murphy,WR,WR,"https://static.www.nfl.com/image/private/f_auto,q_auto/league/rivj8wgktddc22qdtpsn",9,LV,0,0,0,0,0,0,0,0,0,0,0,0,,0,,,6,69,1,0,0,4,5.24256538238842,0,15,33,241,0,0,0,478,81,11,-5.51254407121879,0,0.50418410041841,0.10410094637224,0.141378290446613,0.255116222870989,0,37.0,52.0
2011,REG,00-0027092,,Austin Collie,WR,WR,,16,IND,0,0,0,0,0,0,0,0,0,0,0,0,,0,,,0,0,0,0,0,0,,0,54,97,514,1,0,0,732,212,35,-11.7708815016946,0,0.702185792349727,0.184761904761905,0.170430733410943,0.396444370530517,0,57.4,111.4
2011,REG,00-0027093,,Tony Fiammetta,FB,RB,,4,DAL,0,0,0,0,0,0,0,0,0,0,0,0,,0,,,4,4,0,0,0,1,-2.16391585771561,0,3,5,39,0,0,0,2,34,3,0.914687693701126,0,19.5,0.0357142857142857,0.0021905805038335,0.055104834924112,0,4.3,7.3
2011,REG,00-0027105,,Jarett Dillard,WR,WR,,13,JAX,0,0,0,0,0,0,0,0,0,0,0,0,,0,,,0,0,0,0,0,0,,0,29,50,292,1,0,0,508,42,16,8.4979439227141,0,0.574803149606299,0.124378109452736,0.165634170198891,0.302511083318329,0,35.2,64.2
2011,REG,00-0027106,,Quinn Johnson,FB,RB,,2,TEN,0,0,0,0,0,0,0,0,0,0,0,0,,0,,,0,0,0,0,0,0,,0,3,3,30,0,0,0,1,29,1,3.65227674157359,0,30.0,0.0384615384615385,0.0028735632183908,0.0597038019451813,0,3.0,6.0
2011,REG,00-0027109,,James Casey,FB,TE,"https://static.www.nfl.com/image/private/f_auto,q_auto/league/atra5outunyi3dikmjez",8,HOU,0,0,0,0,0,0,0,0,0,0,0,0,,0,,,1,11,0,0,0,1,1.28103735949844,0,18,24,260,1,0,0,162,164,11,13.0689390129119,0,1.60493827160494,0.104803493449782,0.0975903614457831,0.225518493186721,0,33.1,51.1
2011,REG,00-0027120,,Javon Ringer,RB,RB,,12,TEN,0,0,0,0,0,0,0,0,0,0,0,0,,0,,,59,185,1,0,0,7,-14.8462387425524,0,28,36,187,0,1,1,-14,188,13,-2.89393397769564,0,-13.3571428571429,0.0909090909090909,-0.005090909090909,0.1328,0,41.2,69.2
2011,REG,00-0027121,,Tom Brandstater,QB,QB,,1,LA,0,2,0,0,0,0,0,0,0,31,0,0,-2.76555877685314,0,0.0,,0,0,0,0,0,0,,0,0,0,0,0,0,0,0,0,0,,0,,,,,0,0.0,0.0
2011,REG,00-0027125,Z.Miller,Zach Miller,TE,TE,"https://static.www.nfl.com/image/private/f_auto,q_auto/league/ghvzkuugli86zstauzvr",2,JAX,0,0,0,0,0,0,0,0,0,0,0,0,,0,,,0,0,0,0,0,0,,0,4,7,42,1,0,0,73,17,2,2.37539833167102,0,0.575342465753425,0.104477611940299,0.117363344051447,0.238870758746461,0,10.2,14.2
2011,REG,00-0027129,,Aaron Brown,RB,RB,,1,DET,0,0,0,0,0,0,0,0,0,0,0,0,,0,,,1,0,0,0,0,0,-0.641311982180923,0,1,1,9,0,0,0,0,9,0,0.771837106905878,0,0.0,0.0344827586206897,,,0,0.9,1.9
2011,REG,00-0027134,,Curtis Painter,QB,QB,,9,IND,132,243,1541,6,9,16,104,3,2,2034,748,71,-45.336370571954,0,0.757620452310718,-0.0189566650319126,17,107,0,2,1,7,0.72016325435834,0,0,0,0,0,0,0,0,0,0,,0,,,,,0,72.34,72.34
2011,REG,00-0027135,,Brandon Myers,TE,TE,"https://static.www.nfl.com/image/private/f_auto,q_auto/league/tzyfv93n3bgtbmywjczu",12,LV,0,0,0,0,0,0,0,0,0,0,0,0,,0,,,0,0,0,0,0,0,,0,16,27,151,0,0,0,166,55,8,-1.77544480855158,0,0.909638554216867,0.072,0.0395520609959495,0.135686442697165,0,15.1,31.1
2011,REG,00-0027136,J.McCourty,Jason McCourty,FS,DB,"https://static.www.nfl.com/image/private/f_auto,q_auto/league/myk5ccdezt1lhjc8szbm",1,TEN,0,0,0,0,0,0,0,0,0,0,0,0,,0,,,0,0,0,0,0,0,,0,0,0,0,0,0,0,0,0,0,,0,,,,,1,6.0,6.0
2011,REG,00-0027139,J.Phillips,John Phillips,TE,TE,"https://static.www.nfl.com/image/private/f_auto,q_auto/league/i1t7zl2f5t0wwj72yxj7",9,DAL,0,0,0,0,0,0,0,0,0,0,0,0,,0,,,0,0,0,0,0,0,,0,15,18,101,1,0,0,20,90,4,2.52369273852695,0,5.05,0.0534124629080119,0.0068189566996249,0.0848919640517553,0,16.1,31.1
2011,REG,00-0027140,,Chris Ogbonnaya,RB,RB,,12,CLE,0,0,0,0,0,0,0,0,0,0,0,0,,0,,,76,340,1,2,1,13,-6.45585841645318,0,23,31,165,0,0,0,41,145,7,-2.43127570228332,0,4.02439024390244,0.1,0.0174319727891156,0.162202380952381,0,54.5,77.5
2011,REG,00-0027150,J.Edelman,Julian Edelman,WR,WR,"https://static.www.nfl.com/image/private/f_auto,q_auto/league/u0hbuo2bsvtlg7lnxm43",7,NE,0,0,0,0,0,0,0,0,0,0,0,0,,0,,,4,8,0,0,0,2,-1.00910327839665,0,4,8,32,0,0,0,55,9,0,-16.3037358984002,0,0.581818181818182,0.0390243902439024,0.027390438247012,0.077709892138762,1,10.0,14.0
2011,REG,00-0027154,,Jake O'Connell,TE,TE,,5,KC,0,0,0,0,0,0,0,0,0,0,0,0,,0,,,0,0,0,0,0,0,,0,7,12,52,0,0,0,64,14,4,0.226008062076289,0,0.8125,0.0701754385964912,0.0428954423592493,0.135289967546211,0,5.2,12.2
2011,REG,00-0027156,,Tiquan Underwood,WR,WR,,4,NE,0,0,0,0,0,0,0,0,0,0,0,0,,0,,,0,0,0,0,0,0,,0,3,6,30,0,0,0,74,6,2,-4.00557082722662,0,0.405405405405405,0.0422535211267606,0.0689655172413793,0.111656143759106,0,3.0,6.0
2011,REG,00-0027188,,Chad Hall,WR,WR,,6,PHI,0,0,0,0,0,0,0,0,0,0,0,0,,0,,,3,13,0,0,0,0,-0.312475568964146,0,3,9,20,1,0,0,80,11,1,-2.20331870083464,0,0.25,0.0514285714285714,0.0407539480387163,0.105670620769959,0,9.3,12.3
2011,REG,00-0027202,,Michael Palmer,TE,TE,,11,ATL,0,0,0,0,0,0,0,0,0,0,0,0,,0,,,0,0,0,0,0,0,,0,10,16,72,1,0,0,56,49,3,1.1111359648757,0,1.28571428571429,0.0405063291139241,0.015242242787153,0.0714290636218932,0,13.2,23.2
2011,REG,00-0027214,,Keiland Williams,RB,RB,,12,DET,0,0,0,0,0,0,0,0,0,0,0,0,,0,,,58,195,2,2,1,10,-11.1636160751514,0,8,8,62,0,0,0,12,50,3,2.91428552329307,0,5.16666666666667,0.0509554140127389,0.0124352331606218,0.0851377842315435,0,35.7,43.7
2011,REG,00-0027215,L.Paulsen,Logan Paulsen,TE,TE,"https://static.www.nfl.com/image/private/f_auto,q_auto/league/rckjvflmpzh9tiescxcd",10,WAS,0,0,0,0,0,0,0,0,0,0,0,0,,0,,,0,0,0,0,0,0,,0,11,19,138,0,0,0,151,62,7,2.57356165998083,0,0.913907284768212,0.0509383378016086,0.0439081128234952,0.10714318567886,0,13.8,24.8
2011,REG,00-0027220,,Naaman Roosevelt,WR,WR,,10,BUF,0,0,0,0,0,0,0,0,0,0,0,0,,0,,,0,0,0,0,0,0,,0,16,26,257,1,0,0,235,131,11,9.19084599026246,0,1.0936170212766,0.0747126436781609,0.091120589375727,0.17585337808025,0,31.7,47.7
2011,REG,00-0027237,,Dane Fletcher,LB,LB,"https://static.www.nfl.com/image/private/f_auto,q_auto/league/xxjaemixdqxmuhyz7mjv",1,NE,0,0,0,0,0,0,0,0,0,0,0,0,,0,,,0,0,0,0,0,0,,0,0,1,0,0,0,0,2,0,0,-1.74762808380329,0,0.0,0.0208333333333333,0.0039215686274509,0.0339950980392157,0,0.0,0.0
2011,REG,00-0027259,,Jake Ballard,TE,TE,,14,NYG,0,0,0,0,0,0,0,0,0,0,0,0,,0,,,0,0,0,0,0,0,,0,38,61,604,4,0,0,698,183,31,23.7453225257168,0,0.865329512893983,0.116412213740458,0.135297538282613,0.269326597408516,0,84.4,122.4
2011,REG,00-0027265,V.Cruz,Victor Cruz,WR,WR,"https://static.www.nfl.com/image/private/f_auto,q_auto/league/q15bky6cm2stbiy0zafu",16,NYG,0,0,0,0,0,0,0,0,0,0,0,0,,0,,,1,3,0,0,0,0,-0.240932102838997,0,82,131,1536,9,1,1,1558,588,59,77.9856511617817,0,0.985879332477535,0.224315068493151,0.273861838635964,0.528175889784901,0,205.9,287.9
2011,REG,00-0027308,,Jeremy Horne,WR,WR,,2,KC,0,0,0,0,0,0,0,0,0,0,0,0,,0,,,1,5,0,0,0,0,-0.846756568178535,0,0,2,0,0,0,0,-9,0,0,-2.0623648755718,0,0.0,0.0298507462686567,-0.0188284518828452,0.0315962030849934,0,0.5,0.5
2011,REG,00-0027321,J.Cumberland,Jeff Cumberland,TE,TE,"https://static.www.nfl.com/image/private/f_auto,q_auto/league/c87plzwz1aj8haowwxcq",3,NYJ,0,0,0,0,0,0,0,0,0,0,0,0,,0,,,0,0,0,0,0,0,,0,2,5,35,0,0,0,53,17,1,0.37053550593555,0,0.660377358490566,0.0446428571428571,0.0601589103291714,0.109075522944706,0,3.5,5.5
2011,REG,00-0027322,,David Nelson,WR,WR,,16,BUF,0,0,0,0,0,0,0,0,0,0,0,0,,0,,,0,0,0,0,0,0,,0,61,98,658,5,0,0,833,199,32,-1.78165364452468,0,0.789915966386555,0.172231985940246,0.188589540412044,0.3903606571988,0,95.8,156.8
2011,REG,00-0027325,L.Blount,LeGarrette Blount,RB,RB,"https://static.www.nfl.com/image/private/f_auto,q_auto/league/s3eilto1yi0yhoamvvo3",14,TB,0,0,0,0,0,0,0,0,0,0,0,0,,0,,,184,781,5,3,2,32,-23.1889953446225,0,15,25,148,0,2,1,-4,150,6,-6.49277056849678,0,-37.0,0.0720461095100865,-0.0015723270440251,0.106968535334312,0,116.9,131.9
2011,REG,00-0027346,,Alfonso Smith,RB,RB,,7,ARI,0,0,0,0,0,0,0,0,0,0,0,0,,0,,,30,102,1,0,0,7,-0.424785756447818,0,3,5,21,0,0,0,1,23,2,-0.284927060129121,0,21.0,0.131578947368421,0.0035971223021582,0.199886406664142,0,18.3,21.3
2011,REG,00-0027412,,Manase Tonga,RB,RB,,3,LV,0,0,0,0,0,0,0,0,0,0,0,0,,0,,,1,12,0,0,0,1,1.15867138805334,0,3,4,18,0,0,0,6,15,1,-0.61082077539366,0,3.0,0.0470588235294118,0.0066592674805771,0.0752497225305216,0,3.0,6.0
2011,REG,00-0027437,,Quinn Porter,RB,RB,,1,LA,0,0,0,0,0,0,0,0,0,0,0,0,,0,,,0,0,0,0,0,0,,0,0,1,0,0,0,0,8,0,0,-0.661221110960469,0,0.0,0.0294117647058824,0.019559902200489,0.0578095785991658,0,0.0,0.0
2011,REG,00-0027441,,Chastin West,WR,WR,,8,JAX,0,0,0,0,0,0,0,0,0,0,0,0,,0,,,0,0,0,0,0,0,,0,13,27,163,2,0,0,297,49,9,0.431131187884603,0,0.548821548821549,0.108870967741935,0.14580265095729,0.265368307283006,0,28.3,41.3
2011,REG,00-0027445,,Jeron Mastrud,TE,TE,,2,MIA,0,0,0,0,0,0,0,0,0,0,0,0,,0,,,0,0,0,0,0,0,,0,1,2,8,0,0,0,8,2,1,0.341845055576414,0,1.0,0.0333333333333333,0.0141592920353982,0.0599115044247788,0,0.8,1.8
2011,REG,00-0027450,,Preston Parker,WR,WR,"https://static.www.nfl.com/image/private/f_auto,q_auto/league/uposmry1docri5fwr22y",16,TB,0,0,0,0,0,0,0,0,0,0,0,0,,0,,,1,-3,0,0,0,0,-0.937368916871492,0,40,64,554,3,0,0,452,287,25,15.6228729325877,0,1.22566371681416,0.110344827586207,0.103645952763128,0.2380694083135,0,73.1,113.1
2011,REG,00-0027500,,Mike Caussin,TE,TE,,3,BUF,0,0,0,0,0,0,0,0,0,0,0,0,,0,,,0,0,0,0,0,0,,0,5,6,41,0,0,0,28,13,2,1.82269193665707,0,1.46428571428571,0.055045871559633,0.0328253223915592,0.105546533013541,0,4.1,9.1
2011,REG,00-0027518,,Donald Jones,WR,WR,,8,BUF,0,0,0,0,0,0,0,0,0,0,0,0,,0,,,1,2,0,0,0,0,-0.378800437785685,0,23,46,231,1,0,0,561,68,9,-17.6238281290342,0,0.411764705882353,0.169741697416974,0.274865262126409,0.447018229613947,0,29.3,52.3
2011,REG,00-0027531,C.Ivory,Chris Ivory,RB,RB,"https://static.www.nfl.com/image/private/f_auto,q_auto/league/wuhrkffigvt55hcqd4yw",6,NO,0,0,0,0,0,0,0,0,0,0,0,0,,0,,,79,374,1,0,0,21,-2.87725047781856,0,0,1,0,0,0,0,3,0,0,-0.512383515248075,0,0.0,0.0212765957446809,0.0097087378640776,0.0387110101218756,0,43.4,43.4
2011,REG,00-0027567,,Steve Maneri,,,,2,KC,0,0,0,0,0,0,0,0,0,0,0,0,,0,,,0,0,0,0,0,0,,0,1,2,1,0,0,0,7,2,0,-1.06712785514537,0,0.142857142857143,0.03125,0.0146137787056367,0.0571046450939457,0,0.1,1.1
2011,REG,00-0027581,,Seyi Ajirotutu,WR,WR,"https://static.www.nfl.com/image/private/f_auto,q_auto/league/tmbglbojtv1psbkhejsg",2,CAR,0,0,0,0,0,0,0,0,0,0,0,0,,0,,,0,0,0,0,0,0,,0,1,2,4,0,0,0,20,2,1,0.179749368922785,0,0.2,0.0444444444444444,0.0435729847494553,0.0971677559912854,0,0.4,1.4
2011,REG,00-0027583,,Richie Brockel,TE,TE,"https://static.www.nfl.com/image/private/f_auto,q_auto/league/fcqa6vamgjb4adwfpbac",3,CAR,0,0,0,0,0,0,0,0,0,0,0,0,,0,,,3,12,1,0,0,3,1.95722990989452,0,3,3,13,0,0,0,4,9,1,0.438478707335889,0,3.25,0.0384615384615385,0.0061068702290076,0.061967116852613,0,8.5,11.5
2011,REG,00-0027585,,Richard Goodman,WR,WR,,3,LAC,0,0,0,0,0,0,0,0,0,0,0,0,,0,,,0,0,0,0,0,0,,0,0,2,0,0,0,0,29,0,0,-1.4861419727914,0,0.0,0.025,0.0364779874213837,0.0630345911949686,1,6.0,6.0
2011,REG,00-0027595,,Bryan Walters,WR,WR,,2,LAC,0,0,0,0,0,0,0,0,0,0,0,0,,0,,,0,0,0,0,0,0,,0,3,4,27,0,0,0,34,15,2,0.796910382399801,0,0.794117647058824,0.0459770114942529,0.0544,0.107045517241379,0,2.7,5.7
2011,REG,00-0027608,,Kyle Williams,WR,WR,"https://static.www.nfl.com/image/private/f_auto,q_auto/league/uc0hi9tbued5ff0osfmq",12,SF,0,0,0,0,0,0,0,0,0,0,0,0,,0,,,2,32,0,0,0,1,2.10956322372658,0,20,31,241,3,0,0,237,107,14,15.594320090005,0,1.0168776371308,0.0901162790697674,0.0851598993891484,0.194786348177055,0,45.3,65.3
2011,REG,00-0027612,,Ryan D'Imperio,LB,LB,,6,MIN,0,0,0,0,0,0,0,0,0,0,0,0,,0,,,0,0,0,0,0,0,,0,2,6,7,0,0,0,22,4,1,-2.24784330301918,0,0.318181818181818,0.032258064516129,0.0126801152737752,0.0572631774658362,0,0.7,2.7
2011,REG,00-0027618,,Brandon Banks,DL,DL,,3,WAS,1,1,49,1,0,0,0,0,0,34,15,1,4.28229683369864,0,1.44117647058824,,1,1,0,0,0,0,-1.05345192691311,0,1,1,10,0,0,0,-2,12,1,1.24093012267258,0,0.0,0.0222222222222222,-0.0044642857142857,0.0302083333333333,0,7.06,8.06
2011,REG,00-0027651,,Dexter McCluster,WR,WR,"https://static.www.nfl.com/image/private/f_auto,q_auto/league/vawlifwslfzekg0e35ig",16,KC,0,0,0,0,0,0,0,0,0,0,0,0,,0,,,114,516,1,1,1,28,-5.35206942189747,0,46,64,328,1,1,1,137,280,14,-9.54638675517357,0,2.39416058394161,0.129032258064516,0.037027027027027,0.219467306015693,0,92.4,138.4
2011,REG,00-0027654,A.Benn,Arrelious Benn,WR,WR,"https://static.www.nfl.com/image/private/f_auto,q_auto/league/mrdtswjobu20gukdl2cp",14,TB,0,0,0,0,0,0,0,0,0,0,0,0,,0,,,6,-7,0,0,0,0,-5.07449005311793,0,30,51,441,3,0,0,602,174,15,4.64592415221868,0,0.732558139534884,0.100196463654224,0.155154639175258,0.258902942904016,0,61.4,91.4
2011,REG,00-0027656,R.Gronkowski,Rob Gronkowski,TE,TE,"https://static.www.nfl.com/image/private/f_auto,q_auto/league/svpo7chliiymc0r7hegp",16,NE,0,0,0,0,0,0,0,0,0,0,0,0,,0,,,1,2,1,0,0,1,1.17883009492653,0,90,124,1327,17,0,0,1147,637,69,97.1004882620266,0,1.15693112467306,0.203612479474548,0.229079288995406,0.465774221508607,0,240.9,330.9
2011,REG,00-0027660,,Javier Arenas,DB,DB,"https://static.www.nfl.com/image/private/f_auto,q_auto/league/algezgrklvzxvyljttv8",2,KC,0,0,0,0,0,0,0,0,0,0,0,0,,0,,,3,12,1,0,0,2,2.72069347969955,0,0,0,0,0,0,0,0,0,0,,0,,,,,0,7.2,7.2
2011,REG,00-0027666,,Montario Hardesty,RB,RB,,9,CLE,0,0,0,0,0,0,0,0,0,0,0,0,,0,,,88,266,0,1,0,6,-19.6827057703049,0,14,21,122,0,0,0,13,119,8,5.23288983252132,0,9.38461538461539,0.0990566037735849,0.0075757575757575,0.153887935963408,0,38.8,52.8
2011,REG,00-0027675,E.Dickson,Ed Dickson,TE,TE,"https://static.www.nfl.com/image/private/f_auto,q_auto/league/qtxat8xwaclkqfkj5lrq",16,BAL,0,0,0,0,0,0,0,0,0,0,0,0,,0,,,0,0,0,0,0,0,,0,54,89,528,5,0,0,892,159,30,12.1306854183989,0,0.591928251121076,0.164510166358595,0.178043912175649,0.371395988060847,0,82.8,136.8
2011,REG,00-0027681,B.LaFell,Brandon LaFell,WR,WR,"https://static.www.nfl.com/image/private/f_auto,q_auto/league/x4wifb5arw0neuwg1cch",15,CAR,0,0,0,0,0,0,0,0,0,0,0,0,,0,,,0,0,0,0,0,0,,0,36,56,613,3,0,0,728,235,23,29.8162332427804,0,0.842032967032967,0.117154811715481,0.157201468365364,0.285773245428977,0,79.3,115.3
2011,REG,00-0027685,E.Sanders,Emmanuel Sanders,WR,WR,"https://static.www.nfl.com/image/private/f_auto,q_auto/league/potkibjtm855tsawozs0",11,PIT,1,1,15,0,0,0,0,0,0,15,0,1,0.95982254302362,0,1.0,,0,0,0,0,0,0,,0,22,43,288,2,0,0,570,128,17,4.27505113410151,0,0.505263157894737,0.113756613756614,0.16598718695399,0.286825951502713,0,41.4,63.4
2011,REG,00-0027687,,Jordan Shipley,WR,WR,,2,CIN,0,0,0,0,0,0,0,0,0,0,0,0,,0,,,0,0,0,0,0,0,,0,4,5,14,0,1,0,30,0,0,-1.54147674038541,0,0.466666666666667,0.0735294117647059,0.0470957613814757,0.143261150614092,0,1.4,5.4
2011,REG,00-0027688,C.McCoy,Colt McCoy,QB,QB,"https://static.www.nfl.com/image/private/f_auto,q_auto/league/mvcoi7f6thyudufnh0dx",13,CLE,265,463,2733,14,11,32,173,5,1,3383,1213,144,-34.8848735882075,0,0.807862843629914,0.0163782945156096,61,212,0,6,1,17,2.85326898735124,0,1,1,-5,0,0,0,0,-5,0,-1.29259452270344,0,0.0,0.025,,,0,160.02,161.02
2011,REG,00-0027690,E.Decker,Eric Decker,WR,WR,"https://static.www.nfl.com/image/private/f_auto,q_auto/league/jg5ftnvxz4jdiajzeoyn",16,DEN,0,1,0,0,0,0,0,0,0,29,0,0,-0.610636333585717,0,0.0,,1,1,0,0,0,0,-0.628848980937619,0,44,97,612,8,1,1,1370,170,29,-21.7406815455104,0,0.446715328467153,0.229857819905213,0.292609995728321,0.549613726867645,1,113.3,157.3
2011,REG,00-0027691,A.Roberts,Andre Roberts,WR,WR,"https://static.www.nfl.com/image/private/f_auto,q_auto/league/hjoyjewh7knoafxt4k93",15,ARI,0,0,0,0,0,0,0,0,0,0,0,0,,0,,,3,27,0,0,0,1,2.35478208737914,0,51,98,586,2,1,0,894,226,29,-22.8944543992055,0,0.655480984340045,0.191780821917808,0.192299419229942,0.422280826337672,0,73.3,124.3
2011,REG,00-0027692,,Armanti Edwards,WR,WR,,2,CAR,1,1,11,0,0,0,0,0,0,0,11,1,0.690205453080125,0,0.0,,1,5,0,0,0,0,-0.0298003491479903,0,0,0,0,0,0,0,0,0,0,,0,,,,,0,0.94,0.94
2011,REG,00-0027693,,Taylor Price,WR,WR,,2,JAX,0,0,0,0,0,0,0,0,0,0,0,0,,0,,,0,0,0,0,0,0,,0,2,4,39,0,0,0,82,7,2,1.56413870363031,0,0.475609756097561,0.0701754385964912,0.164658634538153,0.220524202071444,0,3.9,5.9
2011,REG,00-0027696,J.Graham,Jimmy Graham,TE,TE,"https://static.www.nfl.com/image/private/f_auto,q_auto/league/h7xs06oj6g03mippwtse",16,NO,0,0,0,0,0,0,0,0,0,0,0,0,,0,,,0,0,0,0,0,0,,0,99,149,1310,11,1,1,1374,457,74,48.7180788066903,0,0.953420669577875,0.225757575757576,0.270419208817162,0.527929809808377,0,195.0,294.0
2011,REG,00-0027702,,Mike Williams,WR,WR,,15,TB,0,0,0,0,0,0,0,0,0,0,0,0,,0,,,1,3,0,0,0,0,-0.362390157999471,0,65,124,771,3,2,2,1285,211,41,6.38993423515917,0,0.6,0.224231464737794,0.306171074577079,0.550666949310646,0,91.4,156.4
2011,REG,00-0027709,,Jacoby Ford,WR,WR,,8,LV,0,0,0,0,0,0,0,0,0,0,0,0,,0,,,4,31,0,0,0,1,0.372032429557294,0,19,33,279,1,2,1,340,126,14,-7.57340143262491,0,0.820588235294118,0.130952380952381,0.119047619047619,0.279761904761905,1,41.0,60.0
2011,REG,00-0027712,,Joe McKnight,RB,RB,,11,NYJ,0,0,0,0,0,0,0,0,0,0,0,0,,0,,,43,134,0,0,0,8,-6.80177329032449,0,13,18,139,0,0,0,64,111,7,5.2326509464184,0,2.171875,0.0734693877551021,0.0320962888665998,0.132671483839273,1,33.3,46.3
2011,REG,00-0027713,,Aaron Hernandez,TE,TE,,14,NE,0,0,0,0,0,0,0,0,0,0,0,0,,0,,,5,45,0,0,0,2,2.49184968601912,0,79,113,910,7,1,1,726,507,46,35.9240026708218,0,1.2534435261708,0.211610486891386,0.172774869109948,0.438358138714042,0,135.5,214.5
2011,REG,00-0027714,,Dennis Pitta,TE,TE,"https://static.www.nfl.com/image/private/f_auto,q_auto/league/liu0pixlkbyftxesaq06",14,BAL,0,0,0,0,0,0,0,0,0,0,0,0,,0,,,0,0,0,0,0,0,,0,40,56,405,3,0,0,368,178,28,32.9491733677076,0,1.10054347826087,0.114285714285714,0.0808613491540321,0.228031515836394,0,58.5,98.5
2011,REG,00-0027718,,Garrett Graham,TE,TE,,2,HOU,0,0,0,0,0,0,0,0,0,0,0,0,,0,,,0,0,0,0,0,0,,0,1,2,24,0,0,0,16,8,1,0.845212297339458,0,1.5,0.0246913580246914,0.0701754385964912,0.0861598440545809,0,2.4,3.4
2011,REG,00-0027722,,Mike Kafka,QB,QB,"https://static.www.nfl.com/image/private/f_auto,q_auto/league/jbpqdkzygpdgouw6h5ds",3,PHI,11,16,107,0,2,1,6,0,0,203,39,3,-4.23985502694268,0,0.527093596059113,0.0569887434078405,3,0,0,0,0,0,-0.286913432937581,0,0,0,0,0,0,0,0,0,0,,0,,,,,0,0.28,0.28
2011,REG,00-0027725,C.Harbor,Clay Harbor,TE,TE,"https://static.www.nfl.com/image/private/f_auto,q_auto/league/spuxscdmedvqosq5yrho",13,PHI,0,0,0,0,0,0,0,0,0,0,0,0,,0,,,0,0,0,0,0,0,,0,13,19,163,1,0,0,185,40,8,4.97581491468009,0,0.881081081081081,0.0428893905191874,0.0422085329682866,0.0938800588565816,0,22.3,35.3
2011,REG,00-0027732,M.Hoomanawanui,Michael Hoomanawanui,TE,TE,"https://static.www.nfl.com/image/private/f_auto,q_auto/league/fgfwj67pbxmp1bpjm7ti",6,LA,0,0,0,0,0,0,0,0,0,0,0,0,,0,,,0,0,0,0,0,0,,0,7,13,83,0,0,0,107,61,4,-3.21711438486818,0,0.775700934579439,0.0601851851851852,0.0594774874930517,0.131912019022914,0,8.3,15.3
2011,REG,00-0027739,,John Conner,RB,RB,,11,NYJ,0,0,0,0,0,0,0,0,0,0,0,0,,0,,,13,44,1,0,0,7,4.17601134959841,0,2,5,9,0,0,0,8,0,1,-8.47361601533465,0,1.125,0.0316455696202532,0.0104031209362809,0.0547505390857764,0,11.3,13.3
2011,REG,00-0027753,,Andrew Quarless,TE,TE,,4,GB,0,0,0,0,0,0,0,0,0,0,0,0,,0,,,0,0,0,0,0,0,,0,3,4,36,0,0,0,18,19,3,2.63968579657376,0,2.0,0.0291970802919708,0.0158450704225352,0.0548871697337309,0,3.6,6.6
2011,REG,00-0027754,,John Skelton,QB,QB,,8,ARI,151,275,1913,11,14,23,162,2,0,2632,808,82,-49.7049559717604,0,0.726823708206687,-0.0074087990974055,28,128,0,2,1,11,2.55621428460794,0,0,0,0,0,0,0,0,0,0,,0,,,,,0,103.32,103.32
2011,REG,00-0027755,,David Reed,WR,WR,,3,BAL,0,0,0,0,0,0,0,0,0,0,0,0,,0,,,1,16,0,0,0,1,1.21345548494719,0,0,2,0,0,0,0,42,0,0,-0.483589356881566,0,0.0,0.0238095238095238,0.0540540540540541,0.0735521235521236,0,1.6,1.6
2011,REG,00-0027758,,Riley Cooper,WR,WR,"https://static.www.nfl.com/image/private/f_auto,q_auto/league/vpongpty2wm06bsmm7hb",8,PHI,0,0,0,0,0,0,0,0,0,0,0,0,,0,,,0,0,0,0,0,0,,0,16,35,315,1,0,0,584,56,13,5.74255401906492,0,0.539383561643836,0.133079847908745,0.212905577834488,0.348653676347259,0,37.5,53.5
2011,REG,00-0027761,,Brody Eldridge,TE,TE,,7,IND,0,0,0,0,0,0,0,0,0,0,0,0,,0,,,0,0,0,0,0,0,,0,9,10,45,0,0,0,35,15,2,1.00856658926932,0,1.28571428571429,0.0462962962962963,0.0190114068441065,0.082752429235319,0,4.5,13.5
2011,REG,00-0027764,,Kerry Meier,WR,WR,,1,ATL,0,0,0,0,0,0,0,0,0,0,0,0,,0,,,0,0,0,0,0,0,,0,0,1,0,0,0,0,10,0,0,-0.641697616549209,0,0.0,0.0285714285714286,0.0386100386100386,0.0698841698841699,0,0.0,0.0
2011,REG,00-0027769,,Fendi Onobun,TE,TE,,1,JAX,0,0,0,0,0,0,0,0,0,0,0,0,,0,,,0,0,0,0,0,0,,0,0,1,0,0,0,0,3,0,0,-1.24887202575337,0,0.0,0.0303030303030303,0.0241935483870968,0.0623900293255132,0,0.0,0.0
2011,REG,00-0027772,,Anthony Dixon,RB,RB,"https://static.www.nfl.com/image/private/f_auto,q_auto/league/lvbgbxspmjn0xo1kw8g9",8,SF,0,0,0,0,0,0,0,0,0,0,0,0,,0,,,29,87,2,0,0,6,-2.84032314812066,0,1,1,6,0,0,0,0,6,0,-0.796864702366293,0,0.0,0.032258064516129,,,0,21.3,22.3
2011,REG,00-0027776,,Carlton Mitchell,WR,WR,,2,CLE,0,0,0,0,0,0,0,0,0,0,0,0,,0,,,0,0,0,0,0,0,,0,3,4,31,0,0,0,36,3,2,2.37163663416868,0,0.861111111111111,0.0555555555555556,0.0652173913043478,0.128985507246377,0,3.1,6.1
2011,REG,00-0027779,,Deji Karim,RB,RB,,12,JAX,0,0,0,0,0,0,0,0,0,0,0,0,,0,,,63,130,0,0,0,9,-17.0986406204415,0,14,19,120,0,0,0,-33,150,4,-4.12196805781961,0,-3.63636363636364,0.0739299610894942,-0.0185393258426966,0.0979174135443536,0,25.0,39.0
2011,REG,00-0027783,,Anthony McCoy,TE,TE,"https://static.www.nfl.com/image/private/f_auto,q_auto/league/jmfnncc5wt3g5btrsvav",11,SEA,0,0,0,0,0,0,0,0,0,0,0,0,,0,,,0,0,0,0,0,0,,0,13,24,146,0,0,0,174,77,7,1.34631160739809,0,0.839080459770115,0.0670391061452514,0.054699779943414,0.138848505178267,0,14.6,27.6
2011,REG,00-0027786,,Jonathan Dwyer,RB,RB,,3,PIT,0,0,0,0,0,0,0,0,0,0,0,0,,0,,,16,123,0,0,0,2,0.631861507252324,0,1,1,6,0,0,0,2,4,0,-1.07728016969843,0,3.0,0.0285714285714286,0.007168458781362,0.0478750640040963,0,12.9,13.9
2011,REG,00-0027789,,Dezmon Briscoe,WR,WR,,13,TB,0,0,0,0,0,0,0,0,0,0,0,0,,0,,,0,0,0,0,0,0,,0,35,51,387,6,0,0,448,97,20,7.81862758446368,0,0.863839285714286,0.106694560669456,0.121048365306674,0.244775696718856,0,74.7,109.7
2011,REG,00-0027791,,James Starks,RB,RB,"https://static.www.nfl.com/image/private/f_auto,q_auto/league/ohxqulg4xjfmbbkkltqj",13,GB,0,0,0,0,0,0,0,0,0,0,0,0,,0,,,133,578,1,2,1,31,-12.2720812734965,0,29,37,216,0,0,0,-60,265,9,3.02836319151451,0,-3.6,0.095360824742268,-0.0193174500965873,0.129519022045791,0,83.4,112.4
2011,REG,00-0027793,A.Brown,Antonio Brown,WR,WR,"https://static.www.nfl.com/image/private/f_auto,q_auto/league/ecxsx9t7bfg42bgfwj3v",16,PIT,0,0,0,0,0,0,0,0,0,0,0,0,,0,,,7,41,0,0,0,2,1.67978943930939,0,69,124,1108,2,0,0,1566,338,57,50.9437809964025,0,0.707535121328225,0.230912476722533,0.3126372529447,0.565214792145089,1,132.9,201.9
2011,REG,00-0027796,J.Webb,Joe Webb,QB,QB,"https://static.www.nfl.com/image/private/f_auto,q_auto/league/hjieero9ugbyu7n1629h",8,MIN,34,63,376,3,2,3,21,1,1,605,141,16,0.829358919523656,0,0.621487603305785,0.0450278638256318,22,154,2,0,0,9,9.77957410362572,0,1,5,9,0,0,0,63,0,0,-2.76446266949653,0,0.142857142857143,0.0326797385620915,0.0502793296089386,0.0842151385693943,0,49.34,50.34
2011,REG,00-0027813,,Terrence Austin,WR,WR,,9,WAS,0,0,0,0,0,0,0,0,0,0,0,0,,0,,,0,0,0,0,0,0,,0,12,26,137,0,1,1,258,34,6,-13.0038952545639,0,0.531007751937985,0.0771513353115727,0.0854587611791984,0.175548135792798,0,11.7,23.7
2011,REG,00-0027816,,Marc Mariani,WR,WR,"https://static.www.nfl.com/image/private/f_auto,q_auto/league/jdhln1ulusmjybwdha4k",11,TEN,0,0,0,0,0,0,0,0,0,0,0,0,,0,,,1,4,0,0,0,0,-0.0403419719077647,0,5,12,24,0,0,0,84,15,0,-8.00875960840494,0,0.285714285714286,0.032171581769437,0.0272993175170621,0.067366894916099,1,8.8,13.8
2011,REG,00-0027825,J.Dray,Jim Dray,TE,TE,"https://static.www.nfl.com/image/private/f_auto,q_auto/league/p8pyujltnfdj3qnbh7yi",2,ARI,0,0,0,0,0,0,0,0,0,0,0,0,,0,,,0,0,0,0,0,0,,0,2,5,25,0,0,0,33,3,1,-1.46515564775411,0,0.757575757575758,0.0684931506849315,0.0466760961810467,0.13541299335413,0,2.5,4.5
2011,REG,00-0027844,,Erik Lorig,FB,RB,,6,TB,0,0,0,0,0,0,0,0,0,0,0,0,,0,,,0,0,0,0,0,0,,0,6,9,53,0,0,0,37,41,2,0.373830073513091,0,1.43243243243243,0.042654028436019,0.0234622701331642,0.0804046317472434,0,5.3,11.3
2011,REG,00-0027854,S.Bradford,Sam Bradford,QB,QB,"https://static.www.nfl.com/image/private/f_auto,q_auto/league/fizwrxzfdaw7v2vzzpn6",10,LA,191,357,2164,6,6,36,248,6,5,3269,854,104,-79.5534111252532,0,0.661976139492199,-0.0194782397869357,18,26,0,4,2,3,-21.8347499225056,0,0,0,0,0,0,0,0,0,0,,0,,,,,0,87.16,87.16
2011,REG,00-0027861,C.Spiller,C.J. Spiller,RB,RB,"https://static.www.nfl.com/image/private/f_auto,q_auto/league/jqbnrdpq9c2nbchzntxt",16,BUF,0,0,0,0,0,0,0,0,0,0,0,0,,0,,,107,561,4,2,0,26,10.7176905226079,0,39,53,269,2,0,0,131,225,17,-4.35644564827528,0,2.05343511450382,0.104125736738703,0.0333587980646804,0.179539763753331,0,119.0,158.0
2011,REG,00-0027864,,Ryan Mathews,RB,RB,"https://static.www.nfl.com/image/private/f_auto,q_auto/league/mai5izn84cdrvxlkwagb",14,LAC,0,0,0,0,0,0,0,0,0,0,0,0,,0,,,222,1091,6,5,2,52,-4.80595438351156,0,50,59,455,0,0,0,14,437,18,8.68266980612089,0,32.5,0.118712273641851,0.0031446540880503,0.180269668324412,0,186.6,236.6
2011,REG,00-0027873,J.Gresham,Jermaine Gresham,TE,TE,"https://static.www.nfl.com/image/private/f_auto,q_auto/league/higvmot083ues41wbdgi",14,CIN,0,0,0,0,0,0,0,0,0,0,0,0,,0,,,0,0,0,0,0,0,,0,56,92,596,6,1,1,714,190,31,10.4544466449878,0,0.834733893557423,0.201312910284464,0.183311938382542,0.430287722294475,0,93.6,149.6
2011,REG,00-0027874,D.Thomas,Demaryius Thomas,WR,WR,"https://static.www.nfl.com/image/private/f_auto,q_auto/league/p1yjsqtqimjd6iazu3h9",10,DEN,0,1,0,0,0,0,0,0,0,9,0,0,-0.446307447273284,0,0.0,,1,5,0,0,0,0,-0.0085908486507833,0,32,70,551,4,0,0,1089,113,24,21.7404023763817,0,0.505968778696051,0.278884462151394,0.343533123028391,0.658799879346965,0,79.6,111.6
2011,REG,00-0027876,T.Tebow,Tim Tebow,TE,TE,,13,DEN,126,271,1729,12,6,33,225,7,4,3491,605,76,-62.1103914492602,0,0.49527356058436,-0.0149934267129399,122,660,6,6,2,35,13.1447270932597,2,0,0,0,0,0,0,0,0,0,,0,,,,,0,199.16,199.16
2011,REG,00-0027880,,Jahvid Best,RB,RB,,6,DET,0,0,0,0,0,0,0,0,0,0,0,0,,0,,,84,390,2,0,0,15,-2.84451672557981,0,27,40,287,1,0,0,-18,308,11,6.34842301232166,0,-15.9444444444444,0.172413793103448,-0.0118110236220472,0.250352973119739,0,85.7,112.7
2011,REG,00-0027888,,Toby Gerhart,RB,RB,"https://static.www.nfl.com/image/private/f_auto,q_auto/league/pne2o7x8dw3cngbahihv",15,MIN,0,0,0,0,0,0,0,0,0,0,0,0,,0,,,109,531,1,1,0,24,-4.62818697531475,0,23,28,190,3,0,0,13,175,8,-3.215445106456,0,14.6153846153846,0.074468085106383,0.0043889264010803,0.114774376140331,0,96.1,119.1
2011,REG,00-0027890,,Ben Tate,RB,RB,,15,HOU,0,0,0,0,0,0,0,0,0,0,0,0,,0,,,175,942,4,4,3,53,0.766190274159409,0,13,19,98,0,0,0,24,82,4,0.592452115204651,0,4.08333333333333,0.0837004405286344,0.0178970917225951,0.138078624998768,0,122.0,135.0
2011,REG,00-0027891,G.Tate,Golden Tate,WR,WR,"https://static.www.nfl.com/image/private/f_auto,q_auto/league/yfqebrp2o9t1gt1wqjku",15,SEA,0,0,0,0,0,0,0,0,0,0,0,0,,0,,,5,14,0,0,0,1,-1.5158384796232,0,35,58,382,3,1,0,662,155,16,15.6785580921007,0,0.577039274924471,0.125,0.156834873252784,0.297284411276949,0,57.6,92.6
2011,REG,00-0027893,,Damian Williams,WR,WR,,15,TEN,0,0,0,0,0,0,0,0,0,0,0,0,,0,,,0,0,0,0,0,0,,0,45,94,592,5,0,0,1152,213,27,15.8672910476074,0,0.513888888888889,0.174397031539889,0.264827586206897,0.446974857654661,0,89.2,134.2
2011,REG,00-0027902,D.Bryant,Dez Bryant,WR,WR,"https://static.www.nfl.com/image/private/f_auto,q_auto/league/jmggujwkiv7osgkhhnhl",15,DAL,0,0,0,0,0,0,0,0,0,0,0,0,,0,,,1,5,0,0,0,0,0.083188809803687,0,63,103,928,9,1,1,1256,299,48,44.7156570359015,0,0.738853503184713,0.198458574181118,0.314550463310794,0.517873185589232,0,145.3,208.3
2011,REG,00-0027912,,Danario Alexander,WR,WR,,10,LA,0,0,0,0,0,0,0,0,0,0,0,0,,0,,,0,0,0,0,0,0,,0,26,60,431,2,0,0,759,132,19,2.13438849865072,0,0.567852437417655,0.174927113702624,0.248689384010485,0.436473239361275,0,55.1,81.1
2011,REG,00-0027915,,Isaiah Trufant,DB,DB,,1,NYJ,0,0,0,0,0,0,0,0,0,0,0,0,,0,,,0,0,0,0,0,0,,0,0,0,0,0,0,0,0,0,0,,0,,,,,1,6.0,6.0
2011,REG,00-0027917,,Tyler Clutts,FB,RB,"https://static.www.nfl.com/image/private/f_auto,q_auto/league/a1knpd9e7x4pxech8xhg",8,CHI,0,0,0,0,0,0,0,0,0,0,0,0,,0,,,0,0,0,0,0,0,,0,8,10,48,0,1,0,13,37,2,-3.18122457957361,0,3.69230769230769,0.0366300366300366,0.0067148760330578,0.0596454681681954,0,4.8,12.8
2011,REG,00-0027918,,Andrew Hawkins,WR,WR,,12,CIN,0,0,0,0,0,0,0,0,0,0,0,0,,0,,,5,25,0,0,0,2,2.73176857293583,0,23,34,263,0,0,0,227,144,12,3.22601361275698,0,1.15859030837004,0.0952380952380952,0.0865751334858886,0.203459736297265,0,28.8,51.8
2011,REG,00-0027920,,Emmanuel Arceneaux,WR,WR,,1,MIN,0,0,0,0,0,0,0,0,0,0,0,0,,0,,,0,0,0,0,0,0,,0,1,2,10,0,0,0,19,3,1,0.464646519278176,0,0.526315789473684,0.0645161290322581,0.0664335664335664,0.143277690051884,0,1.0,2.0
2011,REG,00-0027939,C.Newton,Cam Newton,QB,QB,"https://static.www.nfl.com/image/private/f_auto,q_auto/league/zwmgw2gmnn2kch4nquft",16,CAR,310,517,4051,21,17,35,260,3,2,4907,1911,173,48.2962174884042,2,0.825555329121663,0.102114517034282,126,706,14,2,0,51,40.5295018981992,0,1,1,27,0,0,0,-5,32,1,2.31917213392444,0,0.0,0.0454545454545455,-0.0174216027874564,0.0559866962305987,0,369.34,370.34
2011,REG,00-0027942,A.Green,A.J. Green,WR,WR,"https://static.www.nfl.com/image/private/f_auto,q_auto/league/guj5a9vnnzqfiljupzuj",15,CIN,0,0,0,0,0,0,0,0,0,0,0,0,,0,,,5,53,0,1,0,3,2.9411513179075,0,65,115,1057,7,0,0,1559,265,43,35.8926785187753,0,0.677998717126363,0.241090146750524,0.401597114889232,0.642753200548249,0,153.0,218.0
2011,REG,00-0027943,P.Peterson,Patrick Peterson,CB,DB,"https://static.www.nfl.com/image/private/f_auto,q_auto/league/hefuj7lvfmgvr4tme7te",5,ARI,0,0,0,0,0,0,0,0,0,0,0,0,,0,,,1,0,0,1,0,0,-0.7155019082129,0,1,1,-1,0,0,0,-2,1,0,-0.931700030807406,0,0.0,0.0232558139534884,-0.0044843049327354,0.0317447074773178,4,23.9,24.9
2011,REG,00-0027944,J.Jones,Julio Jones,WR,WR,"https://static.www.nfl.com/image/upload/f_auto,q_auto/league/omrddf2phtyztzx2nup1",12,ATL,0,0,0,0,0,0,0,0,0,0,0,0,,0,,,6,56,0,0,0,4,2.24962605378823,0,54,95,959,8,1,1,1295,404,34,36.875017048569,0,0.740540540540541,0.206521739130435,0.299352750809061,0.519329534261995,0,147.5,201.5
2011,REG,00-0027946,,Jake Locker,QB,QB,,5,TEN,34,66,542,4,0,5,37,0,0,586,265,22,9.17893913083692,0,0.924914675767918,0.0615595660087834,8,56,1,0,0,4,2.94908583833603,0,0,0,0,0,0,0,0,0,0,,0,,,,,0,49.28,49.28
2011,REG,00-0027948,B.Gabbert,Blaine Gabbert,QB,QB,"https://static.www.nfl.com/image/private/f_auto,q_auto/league/fphhd3wedamgkps6e0dl",15,JAX,210,413,2214,12,11,40,293,5,3,3216,1135,109,-101.764241966782,0,0.688432835820896,-0.0353727096359122,48,98,0,8,1,8,-14.1785229404923,0,0,0,0,0,0,0,0,0,0,,0,,,,,0,116.36,116.36
2011,REG,00-0027950,,Christian Ponder,QB,QB,"https://static.www.nfl.com/image/private/f_auto,q_auto/league/zbs6aql0ucbsqdrclqrs",11,MIN,158,291,1853,13,13,30,164,5,2,2667,831,91,-56.4469257097757,0,0.694788151481065,-0.0104781709665809,28,219,0,1,0,13,17.5738814054639,0,0,0,0,0,0,0,0,0,0,,0,,,,,0,118.02,118.02
2011,REG,00-0027964,,Jon Baldwin,WR,WR,,11,KC,0,0,0,0,0,0,0,0,0,0,0,0,,0,,,0,0,0,0,0,0,,0,21,53,254,1,0,0,750,42,13,-7.94032185149531,0,0.338666666666667,0.149295774647887,0.244061178001953,0.394786486573198,0,31.4,52.4
2011,REG,00-0027966,M.Ingram,Mark Ingram,RB,RB,"https://static.www.nfl.com/image/private/f_auto,q_auto/league/qyju9wutyssrf0b26ran",10,NO,0,0,0,0,0,0,0,0,0,0,0,0,,0,,,123,478,5,1,1,30,-15.0161244331172,0,11,13,46,0,0,0,-1,40,3,-1.92468460282544,0,-46.0,0.0391566265060241,-0.0005540166204986,0.0583471281246871,1,86.4,97.4
2011,REG,00-0027973,A.Dalton,Andy Dalton,QB,QB,"https://static.www.nfl.com/image/upload/f_auto,q_auto/league/az1zo7fl2tozg50tgs0d",16,CIN,300,516,3398,20,13,24,160,3,2,4298,1317,156,2.65462368038453,0,0.790600279199628,0.0498473160136571,37,152,1,1,0,9,-7.2510748267215,0,0,1,0,0,0,0,-6,0,0,-0.71510504744947,0,0.0,0.0217391304347826,-0.0116731517509728,0.024437489426493,0,207.12,207.12
2011,REG,00-0027974,,Colin Kaepernick,QB,QB,"https://static.www.nfl.com/image/private/f_auto,q_auto/league/nnvil5vbsj1nbldpc9nl",2,SF,3,5,35,0,0,0,0,0,0,44,9,2,2.10888558308943,0,0.795454545454545,0.183408745593369,2,-2,0,0,0,0,0.0,0,0,0,0,0,0,0,0,0,0,,0,,,,,0,1.2,1.2
2011,REG,00-0027981,K.Rudolph,Kyle Rudolph,TE,TE,"https://static.www.nfl.com/image/private/f_auto,q_auto/league/mtvrkfel5750mlevcvtp",14,MIN,0,0,0,0,0,0,0,0,0,0,0,0,,0,,,0,0,0,0,0,0,,0,26,39,249,3,0,0,285,88,14,6.8004200552241,0,0.873684210526316,0.0847826086956522,0.0752773375594295,0.179868049335079,0,42.9,68.9
2011,REG,00-0027982,,Titus Young,WR,WR,,16,DET,0,0,0,0,0,0,0,0,0,0,0,0,,0,,,2,15,0,0,0,1,0.716895264107734,0,50,87,616,6,1,0,1117,131,34,22.7175522603203,1,0.551477170993733,0.130239520958084,0.203460837887067,0.337781867958073,0,101.1,151.1
2011,REG,00-0027985,L.Kendricks,Lance Kendricks,TE,TE,"https://static.www.nfl.com/image/private/f_auto,q_auto/league/njjeo5udwowpbfnufl5l",15,LA,0,0,0,0,0,0,0,0,0,0,0,0,,0,,,1,-8,0,0,0,0,-1.80458432622254,0,28,59,352,0,1,1,418,185,15,-4.70634061898952,0,0.842105263157895,0.112810707456979,0.0898924731182796,0.232140792368264,0,32.4,60.4
2011,REG,00-0027994,S.Vereen,Shane Vereen,RB,RB,"https://static.www.nfl.com/image/private/f_auto,q_auto/league/grirsvo53nqb22jzb1zk",2,NE,0,0,0,0,0,0,0,0,0,0,0,0,,0,,,15,57,1,0,0,2,2.98104803057504,0,0,0,0,0,0,0,0,0,0,,0,,,,,0,11.7,11.7
2011,REG,00-0027996,T.Smith,Torrey Smith,WR,WR,"https://static.www.nfl.com/image/private/f_auto,q_auto/league/sqvbn4ybxagyfwva3i51",15,BAL,0,0,0,0,0,0,0,0,0,0,0,0,,0,,,4,39,0,0,0,3,2.87406102463137,0,50,96,841,7,1,0,1702,228,34,35.6283946548566,0,0.494124559341951,0.187866927592955,0.359602788928798,0.533522343639591,0,130.0,180.0
2011,REG,00-0027997,G.Little,Greg Little,WR,WR,"https://static.www.nfl.com/image/private/f_auto,q_auto/league/gunq4pae9yx2zlfz7qil",16,CLE,0,0,0,0,0,0,0,0,0,0,0,0,,0,,,3,15,0,0,0,2,-1.094692160259,0,61,121,709,2,0,0,1147,243,35,-0.558664708256065,0,0.618134263295554,0.215302491103203,0.274467575975114,0.515081039837384,0,84.4,145.4
2011,REG,00-0028000,,Daniel Thomas,RB,RB,,13,MIA,0,0,0,0,0,0,0,0,0,0,0,0,,0,,,165,581,0,2,1,24,-33.3074853931188,0,12,16,72,1,0,0,21,64,5,1.89393802782937,0,3.42857142857143,0.0677966101694915,0.0106598984771574,0.109156844188247,0,69.3,81.3
2011,REG,00-0028002,R.Cobb,Randall Cobb,WR,WR,"https://static.www.nfl.com/image/private/f_auto,q_auto/league/kuwo5hnkbtesfw6n9w1s",14,GB,0,1,0,0,0,0,0,0,0,22,0,0,-0.441248774994165,0,0.0,,2,5,0,0,0,0,-0.552345858421177,0,25,31,375,1,0,0,268,188,15,25.4382856951585,0,1.39925373134328,0.0660980810234542,0.0657184894556155,0.145150064154112,2,56.0,81.0
2011,REG,00-0028007,,Rob Housler,TE,TE,"https://static.www.nfl.com/image/private/f_auto,q_auto/league/lnu7z4mvnadgcnppqbxz",8,ARI,0,0,0,0,0,0,0,0,0,0,0,0,,0,,,0,0,0,0,0,0,,0,12,26,133,0,1,1,258,49,5,-11.1504451735958,0,0.515503875968992,0.0966542750929368,0.102952913008779,0.21704845174555,0,11.3,23.3
2011,REG,00-0028009,D.Murray,DeMarco Murray,RB,RB,"https://static.www.nfl.com/image/private/f_auto,q_auto/league/lu4pqg7cvxbz7z4oormo",13,DAL,0,0,0,0,0,0,0,0,0,0,0,0,,0,,,164,897,2,1,0,41,9.1696518701503,0,26,35,183,0,0,0,-36,224,9,-0.674131078994833,0,-5.08333333333333,0.0921052631578947,-0.0136312003029156,0.128616054524801,0,120.0,146.0
2011,REG,00-0028011,S.Ridley,Stevan Ridley,RB,RB,"https://static.www.nfl.com/image/private/f_auto,q_auto/league/futdstbe48qaqcvtolzj",12,NE,0,0,0,0,0,0,0,0,0,0,0,0,,0,,,87,441,1,1,0,18,-0.0344466734095477,0,3,5,13,0,0,0,-4,13,0,-1.27917586360127,0,-3.25,0.0294117647058824,-0.010126582278481,0.0370290394638868,0,51.4,54.4
2011,REG,00-0028016,,Austin Pettis,WR,WR,,10,LA,0,0,0,0,0,0,0,0,0,0,0,0,,0,,,1,-6,0,0,0,0,-2.37669992912561,0,27,48,256,0,0,0,385,95,14,-8.25141979433829,0,0.664935064935065,0.145015105740181,0.124878365228673,0.304937514270343,0,25.0,52.0
2011,REG,00-0028017,,Leonard Hankerson,WR,WR,,4,WAS,0,0,0,0,0,0,0,0,0,0,0,0,,0,,,0,0,0,0,0,0,,0,13,20,163,0,0,0,240,29,8,2.05344058357878,1,0.679166666666667,0.136054421768708,0.200166805671393,0.344198396623036,0,18.3,31.3
2011,REG,00-0028020,,Vincent Brown,WR,WR,"https://static.www.nfl.com/image/private/f_auto,q_auto/league/oh5svrazghe5xnwz5jpw",10,LAC,0,0,0,0,0,0,0,0,0,0,0,0,,0,,,0,0,0,0,0,0,,0,19,40,329,2,0,0,587,77,17,8.83897794946097,0,0.560477001703578,0.112994350282486,0.182354768561665,0.297139863416894,0,44.9,63.9
2011,REG,00-0028021,,Jerrel Jernigan,WR,WR,,2,NYG,0,0,0,0,0,0,0,0,0,0,0,0,,0,,,0,0,0,0,0,0,,0,0,2,0,0,0,0,13,0,0,-2.7546024690665,0,0.0,0.0344827586206897,0.0204081632653061,0.0660098522167488,0,0.0,0.0
2011,REG,00-0028034,,Alex Green,RB,RB,,2,GB,0,0,0,0,0,0,0,0,0,0,0,0,,0,,,3,11,0,0,0,0,-1.36177412344841,0,1,1,6,0,0,0,-8,14,1,1.03501167841023,0,-0.75,0.0263157894736842,-0.0209424083769634,0.024813998346652,0,1.7,2.7
2011,REG,00-0028040,,Jordan Cameron,TE,TE,"https://static.www.nfl.com/image/private/f_auto,q_auto/league/oyhmlsxyzwbznmeqnf9i",5,CLE,0,0,0,0,0,0,0,0,0,0,0,0,,0,,,0,0,0,0,0,0,,0,6,13,33,0,0,0,88,12,1,-6.39557403895634,0,0.375,0.0860927152317881,0.0767218831734961,0.182844391069129,0,3.3,9.3
2011,REG,00-0028042,L.Stocker,Luke Stocker,TE,TE,"https://static.www.nfl.com/image/private/f_auto,q_auto/league/keoilbfzupthtliuou1a",9,TB,0,0,0,0,0,0,0,0,0,0,0,0,,0,,,0,0,0,0,0,0,,0,12,17,92,0,0,0,99,51,5,1.38717985854601,0,0.929292929292929,0.0515151515151515,0.0469194312796209,0.110116329168462,0,9.2,21.2
2011,REG,00-0028043,,Roy Helu,RB,RB,"https://static.www.nfl.com/image/private/f_auto,q_auto/league/ahtlpumbpwlc7xm9ci9h",15,WAS,0,0,0,0,0,0,0,0,0,0,0,0,,0,,,151,640,2,1,1,31,-9.79079565390869,0,49,59,379,1,1,1,-14,420,12,0.116576651703807,0,-27.0714285714286,0.123173277661795,-0.003258087037468,0.182479255566466,0,115.9,164.9
2011,REG,00-0028045,,Kris Durham,WR,WR,,2,SEA,0,0,0,0,0,0,0,0,0,0,0,0,,0,,,0,0,0,0,0,0,,0,3,4,30,0,0,0,46,3,2,-5.22925837806542,0,0.652173913043478,0.0540540540540541,0.0655270655270655,0.126950026950027,0,3.0,6.0
2011,REG,00-0028049,,Clyde Gates,WR,WR,,7,MIA,0,0,0,0,0,0,0,0,0,0,0,0,,0,,,1,4,0,0,0,0,1.06605028256308,0,2,12,19,0,0,0,240,1,1,-8.02550337457797,0,0.0791666666666667,0.06,0.118168389955687,0.172717872968981,0,2.3,4.3
2011,REG,00-0028050,,Greg Salas,WR,WR,,6,LA,0,0,0,0,0,0,0,0,0,0,0,0,,0,,,1,8,0,0,0,1,1.26958278636448,0,27,38,264,0,2,0,141,218,11,1.61552937074845,0,1.87234042553192,0.163793103448276,0.0804335424985739,0.301993134921416,0,27.2,54.2
2011,REG,00-0028052,,Cecil Shorts,WR,WR,"https://static.www.nfl.com/image/private/f_auto,q_auto/league/zdsyqinswn0k8664k9qs",8,JAX,0,0,0,0,0,0,0,0,0,0,0,0,,0,,,0,0,0,0,0,0,,0,2,12,30,1,0,0,168,3,2,-11.3604354975978,0,0.178571428571429,0.0495867768595041,0.0926130099228225,0.139209272235232,0,9.0,11.0
2011,REG,00-0028053,,Kendall Hunter,RB,RB,"https://static.www.nfl.com/image/private/f_auto,q_auto/league/m9tciwm7ffejuubhfh7n",15,SF,0,0,0,0,0,0,0,0,0,0,0,0,,0,,,112,473,2,0,0,21,-6.39968491588939,0,16,26,195,0,0,0,35,176,10,9.88226831046632,0,5.57142857142857,0.0858085808580858,0.0156599552572707,0.139674839967218,0,78.8,94.8
2011,REG,00-0028057,,Delone Carter,RB,RB,,15,IND,0,0,0,0,0,0,0,0,0,0,0,0,,0,,,101,377,2,3,3,19,-31.657095618238,0,5,8,18,0,0,0,-17,34,0,-3.05738439055858,0,-1.05882352941176,0.0421052631578947,-0.01140174379611,0.0551766740795651,0,45.5,50.5
2011,REG,00-0028061,,Tandon Doss,WR,WR,,2,BAL,0,0,0,0,0,0,0,0,0,0,0,0,,0,,,0,0,0,0,0,0,,0,0,2,0,0,0,0,24,0,0,-1.50957194550765,0,0.0,0.0277777777777778,0.0313725490196078,0.0636274509803922,0,0.0,0.0
2011,REG,00-0028062,,Owen Marecic,RB,RB,,6,CLE,0,0,0,0,0,0,0,0,0,0,0,0,,0,,,4,8,0,0,0,1,-1.16250035411213,0,5,6,31,0,1,0,10,23,2,1.41754574829247,0,3.1,0.0526315789473684,0.0374531835205993,0.105164596885472,0,3.9,8.9
2011,REG,00-0028063,T.Jones,Taiwan Jones,RB,RB,"https://static.www.nfl.com/image/private/f_auto,q_auto/league/va09vgfr7bdc2wb6ikq4",6,LV,0,0,0,0,0,0,0,0,0,0,0,0,,0,,,16,73,0,0,0,2,-1.97239913535304,0,2,3,25,0,0,0,-1,31,1,0.0141248162835836,0,-25.0,0.0491803278688525,-0.0015037593984962,0.0727178602243313,0,9.8,11.8
2011,REG,00-0028064,B.Powell,Bilal Powell,RB,RB,"https://static.www.nfl.com/image/private/f_auto,q_auto/league/a5qlloemeetaqawzwuf7",2,NYJ,0,0,0,0,0,0,0,0,0,0,0,0,,0,,,13,21,0,1,0,1,-6.22345561452676,0,1,1,7,0,0,0,5,2,0,-0.689797479736199,0,1.4,0.0256410256410256,0.0189393939393939,0.0517191142191142,0,2.8,3.8
2011,REG,00-0028067,J.Thomas,Julius Thomas,TE,TE,"https://static.www.nfl.com/image/private/f_auto,q_auto/league/ephrfopvlebj4fdcl67a",4,DEN,0,0,0,0,0,0,0,0,0,0,0,0,,0,,,0,0,0,0,0,0,,0,1,7,5,0,0,0,75,7,0,-3.60161284008063,0,0.0666666666666667,0.0538461538461539,0.057427258805513,0.12096831193309,0,0.5,1.5
2011,REG,00-0028068,,Jamie Harper,RB,RB,,8,TEN,0,0,0,0,0,0,0,0,0,0,0,0,,0,,,17,44,1,1,1,4,-7.36146429157816,0,4,6,32,0,0,0,18,36,1,-1.12307377718389,0,1.77777777777778,0.0292682926829268,0.0136054421768707,0.0534262485481998,0,11.6,15.6
2011,REG,00-0028070,,Kealoha Pilares,WR,WR,,1,CAR,0,0,0,0,0,0,0,0,0,0,0,0,,0,,,0,0,0,0,0,0,,0,0,0,0,0,0,0,0,0,0,,0,,,,,1,6.0,6.0
2011,REG,00-0028071,,Johnny White,RB,RB,,4,BUF,0,0,0,0,0,0,0,0,0,0,0,0,,0,,,12,38,0,0,0,1,-3.03321422613226,0,1,4,-3,0,0,0,6,0,0,-2.79773761890829,0,-0.5,0.1,0.0271493212669683,0.169004524886878,0,3.5,4.5
2011,REG,00-0028074,A.Sherman,Anthony Sherman,RB,RB,"https://static.www.nfl.com/image/private/f_auto,q_auto/league/ibmfpy4ztgmqfwtood5x",7,ARI,0,0,0,0,0,0,0,0,0,0,0,0,,0,,,1,3,0,0,0,1,-0.0265843966044486,0,8,9,72,0,0,0,37,41,3,2.66345631377772,0,1.94594594594595,0.0379746835443038,0.0182806324110672,0.0697584680042027,0,7.5,15.5
2011,REG,00-0028079,,D.J. Williams,TE,TE,,4,GB,0,0,0,0,0,0,0,0,0,0,0,0,,0,,,0,0,0,0,0,0,,0,2,4,13,0,0,0,24,4,0,-0.940367596689612,0,0.541666666666667,0.0285714285714286,0.0165745856353591,0.0544593528018942,0,1.3,3.3
2011,REG,00-0028083,J.Rodgers,Jacquizz Rodgers,RB,RB,"https://static.www.nfl.com/image/private/f_auto,q_auto/league/ztmescfueap5glplyf7w",16,ATL,0,0,0,0,0,0,0,0,0,0,0,0,,0,,,57,205,1,1,1,15,-6.73501602216857,0,21,27,188,1,0,0,72,128,7,-3.93260558386131,0,2.61111111111111,0.0517241379310345,0.0161725067385445,0.0889069616135329,0,49.3,70.3
2011,REG,00-0028086,,Denarius Moore,WR,WR,"https://static.www.nfl.com/image/private/f_auto,q_auto/league/sttop34l1fezi28ls4d9",13,LV,0,0,0,0,0,0,0,0,0,0,0,0,,0,,,5,61,1,0,0,3,4.25173918396467,0,33,76,618,5,0,0,1344,126,26,2.94640044805726,0,0.459821428571429,0.190954773869347,0.321685016754428,0.51161167253212,0,103.9,136.9
2011,REG,00-0028087,D.Lewis,Dion Lewis,RB,RB,"https://static.www.nfl.com/image/private/f_auto,q_auto/league/erzmtaaz3eimbg998hyq",8,PHI,0,0,0,0,0,0,0,0,0,0,0,0,,0,,,23,102,1,0,0,5,1.44074602355249,0,1,1,-3,0,0,0,-8,5,0,-1.2840089884703,0,0.375,0.032258064516129,-0.0238805970149254,0.0316706788637458,0,15.9,16.9
2011,REG,00-0028090,T.Yates,T.J. Yates,QB,QB,"https://static.www.nfl.com/image/private/f_auto,q_auto/league/h8x0pbhc1s5dwjuzipsb",6,HOU,82,134,949,3,3,15,74,4,3,1116,469,48,-4.50537552548773,0,0.850358422939068,0.0441126806054711,14,57,0,1,0,3,2.5501697594882,0,0,0,0,0,0,0,0,0,0,,0,,,,,0,43.66,43.66
2011,REG,00-0028091,J.Kerley,Jeremy Kerley,WR,WR,"https://static.www.nfl.com/image/private/f_auto,q_auto/league/lsfc40maht2r3k0ctu1b",12,NYJ,1,1,41,0,0,0,0,0,0,16,25,1,2.93751163338311,0,2.5625,,5,28,0,0,0,1,-0.143028693739325,0,29,47,314,1,0,0,473,100,19,7.86878875372073,0,0.66384778012685,0.132394366197183,0.161103542234332,0.311364028859807,0,41.84,70.84
2011,REG,00-0028093,N.Paul,Niles Paul,TE,TE,"https://static.www.nfl.com/image/private/f_auto,q_auto/league/c2hufhhjyuitenxujhpz",5,WAS,0,0,0,0,0,0,0,0,0,0,0,0,,0,,,1,7,0,0,0,0,1.43079739017412,0,2,5,25,0,0,0,49,1,2,1.36646721494617,0,0.510204081632653,0.0292397660818713,0.0366218236173393,0.0694949256549445,0,3.2,5.2
2011,REG,00-0028097,L.Smith,Lee Smith,TE,TE,"https://static.www.nfl.com/image/private/f_auto,q_auto/league/gcaqwhzrinlqicrljwlr",2,BUF,0,0,0,0,0,0,0,0,0,0,0,0,,0,,,0,0,0,0,0,0,,0,4,4,11,0,0,0,7,4,0,-1.05164243723266,0,1.57142857142857,0.0487804878048781,0.0196078431372549,0.0868962219033955,0,1.1,5.1
2011,REG,00-0028105,,Ryan Whalen,WR,WR,,3,CIN,0,0,0,0,0,0,0,0,0,0,0,0,,0,,,0,0,0,0,0,0,,0,4,5,27,0,0,0,19,8,2,0.736425590441659,0,1.42105263157895,0.0515463917525773,0.0502645502645503,0.112504772814051,0,2.7,6.7
2011,REG,00-0028112,C.Clay,Charles Clay,TE,TE,"https://static.www.nfl.com/image/private/f_auto,q_auto/league/gbfhfjn5cxtou5aazegt",13,MIA,0,0,0,0,0,0,0,0,0,0,0,0,,0,,,0,0,0,0,0,0,,0,16,25,233,3,0,0,294,80,12,12.9724077140124,0,0.792517006802721,0.0698324022346369,0.0812603648424544,0.161630858741673,0,41.3,57.3
2011,REG,00-0028115,,Evan Royster,RB,RB,,6,WAS,0,0,0,0,0,0,0,0,0,0,0,0,,0,,,56,328,0,0,0,17,11.1781647534808,0,9,13,68,0,0,0,15,62,4,1.71281697846187,0,4.53333333333333,0.0802469135802469,0.0108538350217077,0.127968054885566,0,39.6,48.6
2011,REG,00-0028118,T.Taylor,Tyrod Taylor,QB,QB,"https://static.www.nfl.com/image/upload/f_auto,q_auto/league/xk8e04jdsvigd6fky3uy",2,BAL,1,1,18,0,0,2,3,0,0,13,5,1,-0.401248222158756,0,1.38461538461538,,1,2,0,0,0,0,-0.245160247082822,0,0,0,0,0,0,0,0,0,0,,0,,,,,0,0.92,0.92
2011,REG,00-0028119,,Richard Gordon,TE,TE,"https://static.www.nfl.com/image/private/f_auto,q_auto/league/d6n88ld1jh7hkg7lynur",1,LV,0,0,0,0,0,0,0,0,0,0,0,0,,0,,,0,0,0,0,0,0,,0,1,1,2,0,0,0,-3,5,0,-0.254937891382724,0,0.0,0.027027027027027,-0.0097402597402597,0.0337223587223587,0,0.2,1.2
2011,REG,00-0028125,,Allen Bradford,LB,LB,"https://static.www.nfl.com/image/private/f_auto,q_auto/league/jwmibchcqvro6p3hdqxi",1,TB,0,0,0,0,0,0,0,0,0,0,0,0,,0,,,5,13,0,0,0,0,-1.2261419108836,0,0,0,0,0,0,0,0,0,0,,0,,,,,0,1.3,1.3
2011,REG,00-0028142,V.Green,Virgil Green,TE,TE,"https://static.www.nfl.com/image/private/f_auto,q_auto/league/wcdedz1qf7ybkujat6bu",4,DEN,0,0,0,0,0,0,0,0,0,0,0,0,,0,,,0,0,0,0,0,0,,0,3,5,24,0,0,0,31,11,2,1.58187348896172,0,0.774193548387097,0.0416666666666667,0.0262267343485618,0.0808587140439932,0,2.4,5.4
2011,REG,00-0028149,B.Miller,Bruce Miller,FB,RB,"https://static.www.nfl.com/image/private/f_auto,q_auto/league/xmxfgtmbvqxhpp3ldkwq",11,SF,0,0,0,0,0,0,0,0,0,0,0,0,,0,,,4,8,0,1,0,2,-0.648588618467329,0,11,15,83,1,0,0,34,55,3,3.3914621816366,0,2.44117647058824,0.0570342205323194,0.0250922509225092,0.103115906444236,0,15.1,26.1
2011,REG,00-0028156,,Ryan Taylor,TE,TE,,1,GB,0,0,0,0,0,0,0,0,0,0,0,0,,0,,,0,0,0,0,0,0,,0,1,1,4,1,0,0,4,0,1,1.13337162369862,0,1.0,0.0344827586206897,0.0113636363636364,0.0596786833855799,0,6.4,7.4
2011,REG,00-0028158,,Shaun Chapas,RB,RB,,1,DAL,0,0,0,0,0,0,0,0,0,0,0,0,,0,,,0,0,0,0,0,0,,0,1,1,9,0,0,0,-1,10,0,0.810693620005623,0,-9.0,0.024390243902439,-0.0020746887966805,0.0351330836959822,0,0.9,1.9
2011,REG,00-0028159,,Da'Rel Scott,RB,RB,,4,NYG,0,0,0,0,0,0,0,0,0,0,0,0,,0,,,5,16,0,1,1,1,-3.67496939888224,0,2,2,13,0,0,0,8,5,0,0.644096133532003,0,1.625,0.0303030303030303,0.0108108108108108,0.053022113022113,0,0.9,2.9
2011,REG,00-0028163,,Anthony Allen,RB,RB,,1,BAL,0,0,0,0,0,0,0,0,0,0,0,0,,0,,,3,8,0,0,0,0,-0.522814656957053,0,0,0,0,0,0,0,0,0,0,,0,,,,,0,0.8,0.8
2011,REG,00-0028174,,Stephen Burton,WR,WR,,1,MIN,0,0,0,0,0,0,0,0,0,0,0,0,,0,,,0,0,0,0,0,0,,0,2,3,38,0,0,0,47,6,2,3.07645471050637,0,0.808510638297872,0.0652173913043478,0.13782991202346,0.194307025372944,0,3.8,5.8
2011,REG,00-0028179,,David Ausberry,TE,TE,,2,LV,0,0,0,0,0,0,0,0,0,0,0,0,,0,,,1,-2,0,0,0,0,-0.762624558992684,0,2,2,14,0,0,0,14,0,2,2.02106460154755,0,1.0,0.0298507462686567,0.0192572214580468,0.0582561744236178,0,1.2,3.2
2011,REG,00-0028187,,DeMarco Sampson,WR,WR,,5,ARI,0,0,0,0,0,0,0,0,0,0,0,0,,0,,,0,0,0,0,0,0,,0,3,8,36,0,0,0,75,7,3,0.617866894928739,0,0.48,0.0465116279069768,0.0500667556742323,0.104814170832428,0,3.6,6.6
2011,REG,00-0028189,,Tommie Campbell,DB,DB,,1,TEN,0,0,0,0,0,0,0,0,0,0,0,0,,0,,,0,0,0,0,0,0,,0,0,0,0,0,0,0,0,0,0,,0,,,,,1,6.0,6.0
2011,REG,00-0028208,,John Clay,RB,RB,,2,PIT,0,0,0,0,0,0,0,0,0,0,0,0,,0,,,10,41,1,0,0,1,0.506641109997872,0,0,0,0,0,0,0,0,0,0,,0,,,,,0,10.1,10.1
2011,REG,00-0028242,,Joe Hastings,WR,WR,,1,SF,0,0,0,0,0,0,0,0,0,0,0,0,,0,,,0,0,0,0,0,0,,0,0,1,0,0,0,0,2,0,0,-0.911321144551002,0,0.0,0.032258064516129,0.0128205128205128,0.0573614557485525,0,0.0,0.0
2011,REG,00-0028253,,Will Yeatman,T,OL,,1,MIA,0,0,0,0,0,0,0,0,0,0,0,0,,0,,,0,0,0,0,0,0,,0,0,1,0,0,0,0,18,0,0,-0.770704078022391,0,0.0,0.03125,0.0405405405405405,0.0752533783783784,0,0.0,0.0
2011,REG,00-0028267,,Allen Reisner,TE,TE,"https://static.www.nfl.com/image/private/f_auto,q_auto/league/onxfr5rajtibpckwkgol",1,MIN,0,0,0,0,0,0,0,0,0,0,0,0,,0,,,0,0,0,0,0,0,,0,1,1,5,0,0,0,5,0,1,0.7622211931739,0,1.0,0.04,0.0227272727272727,0.0759090909090909,0,0.5,1.5
2011,REG,00-0028270,,Weslye Saunders,TE,TE,,7,PIT,0,0,0,0,0,0,0,0,0,0,0,0,,0,,,0,0,0,0,0,0,,0,4,8,29,1,0,0,60,8,3,-1.26012462003461,0,0.483333333333333,0.0323886639676113,0.0287081339712919,0.0686786897313213,0,8.9,12.9
2011,REG,00-0028288,,LaQuan Williams,WR,WR,,7,BAL,0,0,0,0,0,0,0,0,0,0,0,0,,0,,,0,0,0,0,0,0,,0,4,12,46,0,0,0,133,6,3,-4.8725451721453,0,0.345864661654135,0.04,0.0438076416337286,0.09066534914361,0,4.6,8.6
2011,REG,00-0028291,,Josh Baker,TE,TE,,4,NYJ,0,0,0,0,0,0,0,0,0,0,0,0,,0,,,0,0,0,0,0,0,,0,3,4,27,1,0,0,37,15,2,1.51986446697265,0,0.72972972972973,0.0296296296296296,0.0452876376988984,0.0761457908336733,0,8.7,11.7
2011,REG,00-0028295,,Collin Franklin,TE,TE,,1,TB,0,0,0,0,0,0,0,0,0,0,0,0,,0,,,0,0,0,0,0,0,,0,0,2,0,0,0,0,7,0,0,-1.42925167130306,0,0.0,0.0571428571428571,0.0220820189274448,0.101171698963497,0,0.0,0.0
2011,REG,00-0028352,,Dane Sanzenbacher,WR,WR,,13,CHI,0,0,0,0,0,0,0,0,0,0,0,0,,0,,,1,-4,0,0,0,0,-1.2728974968195,0,27,54,276,3,0,0,404,58,16,2.1148387016539,0,0.683168316831683,0.137055837563452,0.114837976122797,0.285970339631136,0,45.2,72.2
2011,REG,00-0028409,D.Harris,DuJuan Harris,RB,RB,"https://static.www.nfl.com/image/private/f_auto,q_auto/league/bm9b6aulywolcwjqjcpo",5,JAX,0,0,0,0,0,0,0,0,0,0,0,0,,0,,,9,42,0,0,0,2,-0.814636368915672,0,1,2,4,0,0,0,-7,7,0,-1.41563419601434,0,-0.571428571428571,0.0487804878048781,-0.02,0.0591707317073171,0,4.6,5.6
2011,REG,00-0028417,,Jamar Newsome,WR,WR,,1,JAX,0,0,0,0,0,0,0,0,0,0,0,0,,0,,,0,0,0,0,0,0,,0,0,1,0,0,0,0,16,0,0,-1.570602202788,0,0.0,0.04,0.0780487804878049,0.114634146341463,0,0.0,0.0
2011,REG,00-0028427,,Chas Henry,P,SPEC,,1,PHI,0,1,0,0,0,0,0,0,0,5,0,0,-1.91000898904167,0,0.0,,0,0,0,0,0,0,,0,0,0,0,0,0,0,0,0,0,,0,,,,,0,0.0,0.0
2011,REG,00-0028434,D.Baldwin,Doug Baldwin,WR,WR,"https://static.www.nfl.com/image/private/f_auto,q_auto/league/kccmcttfdtl7m3g49vb8",16,SEA,0,0,0,0,0,0,0,0,0,0,0,0,,0,,,1,-2,0,0,0,0,-0.73742559668608,0,51,87,788,4,0,0,974,310,40,47.8119087008869,0,0.809034907597536,0.173652694610778,0.213222416812609,0.409734733684994,0,102.6,153.6
2011,REG,00-0028442,,Ricardo Lockette,WR,WR,"https://static.www.nfl.com/image/private/f_auto,q_auto/league/ndopq6pewcj9dfr27hlc",2,SEA,0,0,0,0,0,0,0,0,0,0,0,0,,0,,,0,0,0,0,0,0,,0,2,4,105,1,0,0,135,19,2,6.98186218366027,0,0.777777777777778,0.0645161290322581,0.21259842519685,0.245593091186182,0,16.5,18.5
2011,REG,00-0028486,,Ryan Mahaffey,FB,RB,,1,IND,0,0,0,0,0,0,0,0,0,0,0,0,,0,,,0,0,0,0,0,0,,0,1,1,5,0,0,0,3,2,1,0.398090028611477,0,1.66666666666667,0.0357142857142857,0.010989010989011,0.0612637362637363,0,0.5,1.5
2011,REG,00-0028492,,Henry Hynoski,FB,RB,,8,NYG,0,0,0,0,0,0,0,0,0,0,0,0,,0,,,0,0,0,0,0,0,,0,12,16,83,0,0,0,27,81,6,1.40281916916138,0,3.07407407407407,0.0555555555555556,0.0117085862966175,0.0915293437409656,0,8.3,20.3
2011,REG,00-0028509,,Zack Pianalto,TE,TE,,4,TB,0,0,0,0,0,0,0,0,0,0,0,0,,0,,,0,0,0,0,0,0,,0,4,5,40,0,0,0,44,10,2,1.27776749787154,0,0.909090909090909,0.0359712230215827,0.0456905503634476,0.0859402197867874,0,4.0,8.0
2011,REG,00-0028522,,Mike Higgins,TE,TE,,1,NO,0,0,0,0,0,0,0,0,0,0,0,0,,0,,,0,0,0,0,0,0,,0,1,1,4,0,0,0,2,2,0,-0.252608785405755,0,2.0,0.0263157894736842,0.0063897763578274,0.0439465276610056,0,0.4,1.4
2011,REG,00-0028543,,Jeff Maehl,,,,1,HOU,0,0,0,0,0,0,0,0,0,0,0,0,,0,,,0,0,0,0,0,0,,0,0,1,0,0,0,0,3,0,0,-1.18520844075829,0,0.0,0.032258064516129,0.0131578947368421,0.057597623089983,0,0.0,0.0
2011,REG,00-0028550,,Colin Cochart,TE,TE,,6,CIN,0,0,0,0,0,0,0,0,0,0,0,0,,0,,,0,0,0,0,0,0,,0,5,9,44,1,0,0,46,25,3,1.57537588203559,0,0.956521739130435,0.0432692307692308,0.0259009009009009,0.0830344767844768,0,10.4,15.4
2011,REG,00-0028565,,Armando Allen,RB,RB,,2,CHI,0,0,0,0,0,0,0,0,0,0,0,0,,0,,,15,48,0,0,0,3,-2.8631288225309,0,0,1,0,0,0,0,0,0,0,-0.721636523958296,0,,0.04,,,0,4.8,4.8
2011,REG,00-0028574,,Mossis Madu,RB,RB,,5,TB,0,0,0,0,0,0,0,0,0,0,0,0,,0,,,15,55,0,0,0,3,-3.22638634574832,0,10,12,72,0,0,0,55,27,1,1.50540215964429,0,1.30909090909091,0.0857142857142857,0.055668016194332,0.167539039907461,0,12.7,22.7
2011,REG,00-0028602,,Brandon Saine,RB,RB,,5,GB,0,0,0,0,0,0,0,0,0,0,0,0,,0,,,18,69,0,0,0,1,-2.86317251422517,0,9,11,62,0,0,0,-14,75,1,0.431068080296572,0,-4.42857142857143,0.0728476821192053,-0.0097833682739343,0.102423165387054,0,13.1,22.1
2011,REG,00-0028613,,Phillip Tanner,RB,RB,,4,DAL,0,0,0,0,0,0,0,0,0,0,0,0,,0,,,22,76,1,0,0,5,-2.5709918718314,0,2,2,19,0,0,0,4,15,2,0.645181319268886,0,4.75,0.0588235294117647,0.0172413793103448,0.100304259634888,0,15.5,17.5
2011,REG,00-0028706,,Armond Smith,RB,RB,,2,CLE,0,0,0,0,0,0,0,0,0,0,0,0,,0,,,3,2,0,0,0,0,-4.20902757905424,0,0,1,0,0,0,0,21,0,0,-0.79330470180139,0,0.0,0.0169491525423729,0.0570652173913044,0.0653693809874724,0,0.2,0.2
2011,POST,00-0004541,,Donald Driver,WR,WR,,1,GB,0,0,0,0,0,0,0,0,0,0,0,0,,0,,,0,0,0,0,0,0,,0,3,3,45,1,0,0,44,1,3,6.73339705559192,0,1.02272727272727,0.0652173913043478,0.111675126903553,0.175998675789009,0,10.5,13.5
2011,POST,00-0006101,,Tony Gonzalez,TE,TE,,1,ATL,0,0,0,0,0,0,0,0,0,0,0,0,,0,,,0,0,0,0,0,0,,0,4,6,44,0,0,0,56,7,4,1.13460689119529,0,0.785714285714286,0.153846153846154,0.176656151419558,0.354428536762922,0,4.4,8.4
2011,POST,00-0017162,,Hines Ward,WR,WR,,1,PIT,0,0,0,0,0,0,0,0,0,0,0,0,,0,,,0,0,0,0,0,0,,0,0,2,0,0,0,0,11,0,0,-0.707025698618963,0,0.0,0.05,0.0248306997742664,0.0923814898419865,0,0.0,0.0
2011,POST,00-0017915,,Ricky Williams,RB,RB,,2,BAL,0,0,0,0,0,0,0,0,0,0,0,0,,0,,,12,49,0,0,0,3,-0.36111082410207,0,0,0,0,0,0,0,0,0,0,,0,,,,,0,4.9,4.9
2011,POST,00-0019596,T.Brady,Tom Brady,QB,QB,"https://static.www.nfl.com/image/private/f_auto,q_auto/league/q7dpdlxyu5rs05rgh1le",3,NE,75,111,878,8,4,3,15,0,0,1050,368,49,40.185098810337,0,0.836190476190476,0.208288854276152,9,10,1,0,0,4,2.47053468972445,0,0,0,0,0,0,0,0,0,0,,0,,,,,0,66.12,66.12
2011,POST,00-0020397,,Chad Johnson,WR,WR,,1,NE,0,0,0,0,0,0,0,0,0,0,0,0,,0,,,0,0,0,0,0,0,,0,1,1,21,0,0,0,20,1,1,1.37413494614884,0,1.05,0.0256410256410256,0.0568181818181818,0.0782342657342657,0,2.1,3.1
2011,POST,00-0020531,D.Brees,Drew Brees,QB,QB,"https://static.www.nfl.com/image/private/f_auto,q_auto/league/i20xlpzdmn7xubotijjd",2,NO,73,106,928,7,2,5,34,1,1,847,443,43,39.4058353422274,1,1.09563164108619,0.227286443798731,5,4,0,0,0,1,-3.10343513870612,0,0,0,0,0,0,0,0,0,0,,0,,,,,0,61.52,61.52
2011,POST,00-0021192,,Deion Branch,WR,WR,,3,NE,0,0,0,0,0,0,0,0,0,0,0,0,,0,,,0,0,0,0,0,0,,0,8,13,148,1,0,0,177,59,7,8.93719106569188,0,0.836158192090396,0.119266055045872,0.175074183976261,0.30145101135219,0,20.8,28.8
2011,POST,00-0021227,,Justin Peelle,TE,TE,,1,SF,0,0,0,0,0,0,0,0,0,0,0,0,,0,,,0,0,0,0,0,0,,0,1,1,4,0,0,0,1,3,0,-0.208320197882131,0,4.0,0.024390243902439,0.0034364261168384,0.0389908641354455,0,0.4,1.4
2011,POST,00-0021756,,Will Heller,TE,TE,,1,DET,0,0,0,0,0,0,0,0,0,0,0,0,,0,,,0,0,0,0,0,0,,0,1,1,10,1,0,0,6,4,1,1.98015727498569,0,1.66666666666667,0.0232558139534884,0.0127118644067797,0.0437820260149783,0,7.0,8.0
2011,POST,00-0021929,,Donald Lee,TE,TE,,1,CIN,0,0,0,0,0,0,0,0,0,0,0,0,,0,,,0,0,0,0,0,0,,0,1,1,36,0,0,0,10,26,1,3.49256252590567,0,3.6,0.0238095238095238,0.0346020761245675,0.0599357390014829,0,3.6,4.6
2011,POST,00-0021931,,Kevin Walter,WR,WR,,2,HOU,0,0,0,0,0,0,0,0,0,0,0,0,,0,,,0,0,0,0,0,0,,0,3,10,36,0,0,0,174,1,2,-4.87754244229291,0,0.206896551724138,0.181818181818182,0.267281105990783,0.459824046920821,0,3.6,6.6
2011,POST,00-0021999,,Nate Burleson,WR,WR,,1,DET,0,0,0,0,0,0,0,0,0,0,0,0,,0,,,1,2,0,0,0,1,0.51269825687632,0,4,5,50,0,0,0,52,15,2,-3.56369082012679,0,0.961538461538461,0.116279069767442,0.110169491525424,0.251537248718959,0,5.2,9.2
2011,POST,00-0022044,,Andre Johnson,WR,WR,,2,HOU,0,0,0,0,0,0,0,0,0,0,0,0,,0,,,0,0,0,0,0,0,,0,13,24,201,1,0,0,363,33,11,3.36586670177201,0,0.553719008264463,0.436363636363636,0.557603686635945,1.04486803519062,0,26.1,39.1
2011,POST,00-0022084,,Anquan Boldin,WR,WR,"https://static.www.nfl.com/image/private/f_auto,q_auto/league/ajabgwxbliupgkwjbnut",2,BAL,0,0,0,0,0,0,0,0,0,0,0,0,,0,,,0,0,0,0,0,0,,0,10,16,174,1,1,0,204,54,7,9.97434297995375,0,0.852941176470588,0.253968253968254,0.28936170212766,0.583505572441743,0,23.4,33.4
2011,POST,00-0022178,,Willis McGahee,RB,RB,,2,DEN,0,0,0,0,0,0,0,0,0,0,0,0,,0,,,36,137,1,2,1,7,-6.50309506978374,0,0,2,0,0,0,0,-2,0,0,-1.28204018692486,0,0.0,0.0769230769230769,-0.0079365079365079,0.10982905982906,0,17.7,17.7
2011,POST,00-0022397,,Vonta Leach,FB,RB,,2,BAL,0,0,0,0,0,0,0,0,0,0,0,0,,0,,,2,1,0,0,0,1,-0.561029856384266,0,2,3,9,0,0,0,7,5,0,-0.793017973308452,0,1.28571428571429,0.0833333333333333,0.0173697270471464,0.137158808933002,0,1.0,3.0
2011,POST,00-0022405,,Lousaka Polite,FB,RB,,1,NE,0,0,0,0,0,0,0,0,0,0,0,0,,0,,,1,3,0,0,0,1,-0.0316245779395103,0,0,0,0,0,0,0,0,0,0,,0,,,,,0,0.3,0.3
2011,POST,00-0022427,,Wes Welker,WR,WR,"https://static.www.nfl.com/image/private/f_auto,q_auto/league/rgjwexzif36vncjfdwap",3,NE,0,0,0,0,0,0,0,0,0,0,0,0,,0,,,2,21,0,0,0,2,2.0808561660233,0,19,23,168,1,0,0,159,60,9,10.587853194293,0,1.05660377358491,0.211009174311927,0.157270029673591,0.426602782239403,0,24.9,43.9
2011,POST,00-0022714,,Kris Wilson,TE,TE,,2,BAL,0,0,0,0,0,0,0,0,0,0,0,0,,0,,,0,0,0,0,0,0,,0,1,2,1,1,0,0,12,0,1,0.891904821328353,0,0.0833333333333333,0.0317460317460317,0.0170212765957447,0.0595339412360689,0,6.1,7.1
2011,POST,00-0022803,E.Manning,Eli Manning,QB,QB,"https://static.www.nfl.com/image/private/f_auto,q_auto/league/w51tf8uedjftbr4qpaex",4,NYG,106,163,1219,9,1,11,75,1,0,1357,493,61,46.4350685360938,0,0.898305084745763,0.173196305187314,8,20,0,0,0,1,0.552093767910264,0,0,0,0,0,0,0,0,0,0,,0,,,,,0,84.76,84.76
2011,POST,00-0022811,,Jerricho Cotchery,WR,WR,"https://static.www.nfl.com/image/private/f_auto,q_auto/league/hkq2dmfj7mbgbuejiloy",1,PIT,0,0,0,0,0,0,0,0,0,0,0,0,,0,,,0,0,0,0,0,0,,0,1,2,31,1,0,0,37,0,1,2.14826319756685,0,0.837837837837838,0.05,0.0835214446952596,0.133465011286682,0,9.1,10.1
2011,POST,00-0022821,,Michael Turner,RB,RB,,1,ATL,0,0,0,0,0,0,0,0,0,0,0,0,,0,,,15,41,0,0,0,3,-3.06354896700941,0,1,1,5,0,0,0,5,0,0,0.107781794504263,0,1.0,0.0256410256410256,0.0157728706624606,0.0495025479252609,0,4.6,5.6
2011,POST,00-0022910,,Lee Evans,WR,WR,,2,BAL,0,0,0,0,0,0,0,0,0,0,0,0,,0,,,0,0,0,0,0,0,,0,4,5,69,0,0,0,78,5,3,6.10414961451897,0,0.884615384615385,0.0793650793650794,0.11063829787234,0.196494427558257,0,6.9,10.9
2011,POST,00-0022924,B.Roethlisberger,Ben Roethlisberger,QB,QB,"https://static.www.nfl.com/image/private/f_auto,q_auto/league/vziogpnyp9d0xtpiuqhr",1,PIT,22,40,289,1,1,5,45,1,0,443,116,11,0.155190482864501,0,0.652370203160271,0.0275688555007866,3,15,0,0,0,0,-1.94562342128484,0,0,0,0,0,0,0,0,0,0,,0,,,,,0,15.06,15.06
2011,POST,00-0022929,,Devery Henderson,WR,WR,,2,NO,0,0,0,0,0,0,0,0,0,0,0,0,,0,,,1,4,0,0,0,0,0.183440269785933,0,6,10,113,1,0,0,171,27,5,7.59782362484839,0,0.660818713450292,0.0952380952380952,0.204301075268817,0.285867895545315,0,17.7,23.7
2011,POST,00-0022984,,Ryan Grant,RB,RB,,1,GB,0,0,0,0,0,0,0,0,0,0,0,0,,0,,,8,33,0,0,0,1,-1.60936730250251,0,3,5,17,0,1,1,12,18,0,-8.75894191121915,0,1.41666666666667,0.108695652173913,0.0304568527918782,0.184363275215184,0,3.0,6.0
2011,POST,00-0022999,J.Kuhn,John Kuhn,FB,RB,"https://static.www.nfl.com/image/private/f_auto,q_auto/league/nbcwgq2o0ymmx4czvr4b",1,GB,0,0,0,0,0,0,0,0,0,0,0,0,,0,,,1,2,0,1,1,0,-4.53449833212653,0,1,3,8,1,0,0,11,2,1,1.52379363222281,0,0.727272727272727,0.0652173913043478,0.0279187817258883,0.117369234164644,0,5.0,6.0
2011,POST,00-0023436,A.Smith,Alex Smith,QB,QB,"https://static.www.nfl.com/image/private/f_auto,q_auto/league/dpa5d1a8jj6jdymocjkx",2,SF,36,68,495,5,0,7,53,2,1,553,260,16,-3.50086502725722,0,0.895117540687161,0.0247325218076377,7,70,1,0,0,2,7.17816335236421,0,0,0,0,0,0,0,0,0,0,,0,,,,,0,50.8,50.8
2011,POST,00-0023439,,Cedric Benson,RB,RB,,1,CIN,0,0,0,0,0,0,0,0,0,0,0,0,,0,,,7,14,1,0,0,1,-1.57152769062668,0,1,2,-2,0,0,0,2,0,0,-2.64851730584633,0,-1.0,0.0476190476190476,0.0069204152249135,0.0762728620860109,0,7.2,8.2
2011,POST,00-0023459,A.Rodgers,Aaron Rodgers,QB,QB,"https://static.www.nfl.com/image/upload/f_auto,q_auto/league/jdcb4nomlc4rd6k5l6to",1,GB,26,46,264,2,1,4,23,1,1,394,93,15,-1.56003798190946,0,0.67005076142132,0.0599987683949323,7,66,0,0,0,6,7.68690164363943,0,0,0,0,0,0,0,0,0,0,,0,,,,,0,21.16,21.16
2011,POST,00-0023462,,Roddy White,WR,WR,"https://static.www.nfl.com/image/private/f_auto,q_auto/league/f7dgklg6z49fbdltwuki",1,ATL,0,0,0,0,0,0,0,0,0,0,0,0,,0,,,0,0,0,0,0,0,,0,5,12,52,0,0,0,117,1,2,-0.365627894119825,0,0.444444444444444,0.307692307692308,0.369085173501577,0.719898082989566,0,5.2,10.2
2011,POST,00-0023465,,Heath Miller,TE,TE,"https://static.www.nfl.com/image/private/f_auto,q_auto/league/iqw8fry4hgfvegs9nfuf",1,PIT,0,0,0,0,0,0,0,0,0,0,0,0,,0,,,0,0,0,0,0,0,,0,5,7,60,0,0,0,36,41,2,0.493510501092252,0,1.66666666666667,0.175,0.0812641083521445,0.319384875846501,0,6.0,11.0
2011,POST,00-0023500,F.Gore,Frank Gore,RB,RB,"https://static.www.nfl.com/image/private/f_auto,q_auto/league/lxxkhd2suyalrbruzut7",2,SF,0,0,0,0,0,0,0,0,0,0,0,0,,0,,,29,163,0,1,0,7,-0.0851129596121609,0,13,15,83,0,0,0,-6,93,3,-3.62144136255149,0,-13.8333333333333,0.223880597014925,-0.0206185567010309,0.321387905831666,0,24.6,37.6
2011,POST,00-0023545,,Brandon Jacobs,RB,RB,,4,NYG,0,0,0,0,0,0,0,0,0,0,0,0,,0,,,37,164,1,0,0,9,-0.0930616694968194,0,4,5,16,0,0,0,2,17,0,-0.686635551275685,0,8.0,0.0393700787401575,0.0023121387283237,0.0606736152200628,0,24.0,28.0
2011,POST,00-0023564,D.Sproles,Darren Sproles,RB,RB,"https://static.www.nfl.com/image/private/f_auto,q_auto/league/gvj5ng27blmwuz170aeo",2,NO,0,0,0,0,0,0,0,0,0,0,0,0,,0,,,13,54,2,0,0,5,5.60969019256299,0,19,24,152,1,0,0,37,126,6,7.56231922601,1,4.10810810810811,0.228571428571429,0.044205495818399,0.373800989930022,0,40.6,59.6
2011,POST,00-0023630,,Joel Dreessen,TE,TE,,1,HOU,0,0,0,0,0,0,0,0,0,0,0,0,,0,,,0,0,0,0,0,0,,0,0,1,0,0,0,0,5,0,0,-0.688722782768309,0,0.0,0.0285714285714286,0.0124378109452736,0.0515636105188344,0,0.0,0.0
2011,POST,00-0023752,,Daniel Fells,TE,TE,"https://static.www.nfl.com/image/private/f_auto,q_auto/league/lhecgqac5nourex1czfo",1,DEN,0,0,0,0,0,0,0,0,0,0,0,0,,0,,,0,0,0,0,0,0,,0,2,2,57,0,0,0,47,10,2,4.09058627829654,0,1.21276595744681,0.0952380952380952,0.13314447592068,0.236058276001619,0,5.7,7.7
2011,POST,00-0024221,V.Davis,Vernon Davis,TE,TE,"https://static.www.nfl.com/image/private/f_auto,q_auto/league/so5ywayfeeu4zeijln5m",2,SF,0,0,0,0,0,0,0,0,0,0,0,0,,0,,,0,0,0,0,0,0,,0,10,15,292,4,0,0,225,109,7,22.0262639649154,0,1.29777777777778,0.223880597014925,0.406871609403255,0.620631022104667,0,53.2,63.2
2011,POST,00-0024267,,Greg Jennings,WR,WR,"https://static.www.nfl.com/image/private/f_auto,q_auto/league/jiemkcfkc893pfova8xv",1,GB,0,0,0,0,0,0,0,0,0,0,0,0,,0,,,0,0,0,0,0,0,,0,4,7,40,0,0,0,96,6,3,0.607744076797049,0,0.416666666666667,0.152173913043478,0.243654822335025,0.398819245199735,0,4.0,8.0
2011,POST,00-0024276,,Tony Scheffler,TE,TE,,1,DET,0,0,0,0,0,0,0,0,0,0,0,0,,0,,,0,0,0,0,0,0,,0,1,3,7,0,0,0,28,2,1,0.369256931357086,0,0.25,0.0697674418604651,0.0593220338983051,0.146176586519511,0,0.7,1.7
2011,POST,00-0024313,,Owen Daniels,TE,TE,"https://static.www.nfl.com/image/private/f_auto,q_auto/league/ktxkz5tzddboxst5xfh8",2,HOU,0,0,0,0,0,0,0,0,0,0,0,0,,0,,,0,0,0,0,0,0,,0,4,9,55,0,0,0,112,3,3,1.95514273288427,0,0.491071428571429,0.163636363636364,0.172043010752688,0.365884652981427,0,5.5,9.5
2011,POST,00-0024389,De.Walker,Delanie Walker,TE,TE,"https://static.www.nfl.com/image/private/f_auto,q_auto/league/diknegkpqy0qnri7877z",1,SF,0,0,0,0,0,0,0,0,0,0,0,0,,0,,,0,0,0,0,0,0,,0,2,4,36,0,1,0,53,15,1,-0.744318493118044,0,0.679245283018868,0.153846153846154,0.202290076335878,0.372372284204345,0,3.6,5.6
2011,POST,00-0024466,,Marques Colston,WR,WR,"https://static.www.nfl.com/image/private/f_auto,q_auto/league/hnnuo9nfwzwlakr2srdq",2,NO,0,0,0,0,0,0,0,0,0,0,0,0,,0,,,0,0,0,0,0,0,,0,16,19,256,1,1,1,253,55,14,16.9035410324701,0,1.01185770750988,0.180952380952381,0.302270011947431,0.483017579791773,0,29.6,45.6
2011,POST,00-0024535,E.Weems,Eric Weems,WR,WR,"https://static.www.nfl.com/image/private/f_auto,q_auto/league/kptsfekcpfukewtim9kz",1,ATL,0,0,0,0,0,0,0,0,0,0,0,0,,0,,,0,0,0,0,0,0,,0,0,1,0,0,0,0,47,0,0,-0.165672209579498,0,0.0,0.0256410256410256,0.148264984227129,0.142247027420529,0,0.0,0.0
2011,POST,00-0024559,,D.J. Ware,RB,RB,,4,NYG,0,0,0,0,0,0,0,0,0,0,0,0,,0,,,4,10,0,0,0,0,-3.19850698974915,0,2,3,21,0,0,0,-7,26,0,0.549183143302798,0,-3.0,0.0236220472440945,-0.0065359477124183,0.0308579074674489,0,3.1,5.1
2011,POST,00-0024756,,Matt Willis,WR,WR,,2,DEN,0,0,0,0,0,0,0,0,0,0,0,0,,0,,,0,0,0,0,0,0,,0,1,5,18,0,0,0,57,7,1,-1.12423050751573,0,0.315789473684211,0.106382978723404,0.0942148760330578,0.225524881308247,0,1.8,2.8
2011,POST,00-0024813,,Pierre Thomas,RB,RB,"https://static.www.nfl.com/image/private/f_auto,q_auto/league/w58uf8rmlucv7qagwrfv",2,NO,0,0,0,0,0,0,0,0,0,0,0,0,,0,,,9,72,1,0,0,3,2.75467970711179,0,7,7,60,0,1,1,-2,62,3,0.717350662744138,0,-30.0,0.0666666666666667,-0.002389486260454,0.0983273596176822,0,17.2,24.2
2011,POST,00-0025389,,Calvin Johnson,WR,WR,"https://static.www.nfl.com/image/private/f_auto,q_auto/league/z6dxib9sientn4m9cljh",1,DET,0,0,0,0,0,0,0,0,0,0,0,0,,0,,,0,0,0,0,0,0,,0,12,15,211,2,0,0,215,71,10,16.2203096160083,0,0.981395348837209,0.348837209302326,0.455508474576271,0.842111746156878,0,33.1,45.1
2011,POST,00-0025396,T.Ginn,Ted Ginn,WR,WR,"https://static.www.nfl.com/image/private/f_auto,q_auto/league/o4m4txrv9l7odyebnea4",1,SF,0,0,0,0,0,0,0,0,0,0,0,0,,0,,,1,3,0,0,0,0,-0.343148665502667,0,1,3,11,0,0,0,31,3,1,-0.0325193838216364,0,0.354838709677419,0.0731707317073171,0.106529209621993,0.184326544296371,0,1.4,2.4
2011,POST,00-0025414,,Robert Meachem,WR,WR,,2,NO,0,0,0,0,0,0,0,0,0,0,0,0,,0,,,0,0,0,0,0,0,,0,7,12,130,1,0,0,159,46,3,8.20143184205507,0,0.817610062893082,0.114285714285714,0.189964157706093,0.304403481822837,0,19.0,26.0
2011,POST,00-0025439,,Brian Leonard,RB,RB,,1,CIN,0,0,0,0,0,0,0,0,0,0,0,0,,0,,,3,34,0,0,0,2,0.594940561510157,0,6,7,36,0,0,0,2,40,3,0.0490316323369795,0,18.0,0.166666666666667,0.0069204152249135,0.25484429065744,0,7.0,13.0
2011,POST,00-0025465,,James Jones,WR,WR,,1,GB,0,0,0,0,0,0,0,0,0,0,0,0,,0,,,0,0,0,0,0,0,,0,1,2,16,0,0,0,14,10,1,0.809619023930281,0,1.14285714285714,0.0434782608695652,0.0355329949238579,0.0900904877510483,0,1.6,2.6
2011,POST,00-0025542,,Dante Rosario,TE,TE,,2,DEN,0,0,0,0,0,0,0,0,0,0,0,0,,0,,,0,0,0,0,0,0,,0,0,2,0,0,0,0,34,0,0,-1.13794844568474,0,0.0,0.0425531914893617,0.056198347107438,0.103168630209249,0,0.0,0.0
2011,POST,00-0025631,,Jason Snelling,FB,RB,,1,ATL,0,0,0,0,0,0,0,0,0,0,0,0,,0,,,2,7,0,0,0,0,-0.488106711767614,0,2,3,9,0,0,0,2,7,0,-0.61449212487787,0,4.5,0.0769230769230769,0.0063091482649842,0.119801019170104,0,1.6,3.6
2011,POST,00-0025637,,Ahmad Bradshaw,RB,RB,"https://static.www.nfl.com/image/private/f_auto,q_auto/league/vlgcz2so2urjgowxz3tz",4,NYG,0,0,0,0,0,0,0,0,0,0,0,0,,0,,,63,272,1,1,0,11,-4.98240826020837,0,16,21,114,0,0,0,7,91,3,-1.61572399927536,0,16.2857142857143,0.13125,0.0069306930693069,0.201726485148515,0,44.6,60.6
2011,POST,00-0025860,,BenJarvus Green-Ellis,RB,RB,,3,NE,0,0,0,0,0,0,0,0,0,0,0,0,,0,,,38,140,1,0,0,9,-3.80181595198339,0,3,5,23,0,0,0,9,18,0,0.422643114929087,0,2.55555555555556,0.0458715596330275,0.0089020771513353,0.075038793455476,0,22.3,25.3
2011,POST,00-0026019,D.Woodhead,Danny Woodhead,RB,RB,"https://static.www.nfl.com/image/private/f_auto,q_auto/league/gorlqe0etvc8ek5wob7j",3,NE,0,0,0,0,0,0,0,0,0,0,0,0,,0,,,17,61,0,0,0,3,-2.67384802409072,0,5,6,49,1,0,0,15,36,3,6.44526901678182,0,3.26666666666667,0.08,0.0220913107511046,0.135463917525773,0,17.0,22.0
2011,POST,00-0026072,,Jed Collins,FB,RB,,2,NO,0,0,0,0,0,0,0,0,0,0,0,0,,0,,,0,0,0,0,0,0,,0,3,5,28,0,0,0,-7,33,2,-0.160153178847395,0,-4.0,0.0476190476190476,-0.008363201911589,0.0655743300904591,0,2.8,5.8
2011,POST,00-0026143,M.Ryan,Matt Ryan,QB,QB,"https://static.www.nfl.com/image/private/f_auto,q_auto/league/s6zam4ekrrnonsck6vak",1,ATL,24,41,199,0,0,2,16,0,0,330,51,9,-3.7430861373432,0,0.603030303030303,0.0363479222060299,3,3,0,0,0,0,-7.36501913319808,0,0,0,0,0,0,0,0,0,0,,0,,,,,0,8.26,8.26
2011,POST,00-0026158,J.Flacco,Joe Flacco,QB,QB,"https://static.www.nfl.com/image/upload/f_auto,q_auto/league/yxvyoeojkif7tnfviamc",2,BAL,36,63,482,4,1,8,60,1,0,705,174,22,1.74254778633507,0,0.683687943262411,0.0576724772454581,6,26,0,0,0,1,-0.0902766318176873,0,0,0,0,0,0,0,0,0,0,,0,,,,,0,35.88,35.88
2011,POST,00-0026174,,Devin Thomas,WR,WR,,1,NYG,0,0,0,0,0,0,0,0,0,0,0,0,,0,,,0,0,0,0,0,0,,0,0,1,0,0,0,0,7,0,0,-1.24718030496607,0,0.0,0.0303030303030303,0.0242214532871972,0.0624095627555835,0,0.0,0.0
2011,POST,00-0026176,J.Nelson,Jordy Nelson,WR,WR,"https://static.www.nfl.com/image/private/f_auto,q_auto/league/bde2n4ozsakatgs4yyp2",1,GB,0,0,0,0,0,0,0,0,0,0,0,0,,0,,,0,0,0,0,0,0,,0,3,7,39,0,0,0,96,6,3,0.461740416008979,0,0.40625,0.152173913043478,0.243654822335025,0.398819245199735,0,3.9,6.9
2011,POST,00-0026182,,Eddie Royal,WR,WR,"https://static.www.nfl.com/image/private/f_auto,q_auto/league/xoejgvlit9inmaazsvk4",2,DEN,0,0,0,0,0,0,0,0,0,0,0,0,,0,,,1,1,0,0,0,0,-0.72622648300603,0,5,15,74,1,0,0,183,16,4,-0.632035651807154,0,0.404371584699454,0.319148936170213,0.302479338842975,0.690458941445402,0,13.5,18.5
2011,POST,00-0026186,,Jerome Simpson,WR,WR,,1,CIN,0,0,0,0,0,0,0,0,0,0,0,0,,0,,,0,0,0,0,0,0,,0,3,6,33,0,0,0,87,11,1,0.545354623347521,0,0.379310344827586,0.142857142857143,0.301038062283737,0.42501235788433,0,3.3,6.3
2011,POST,00-0026195,,Ray Rice,RB,RB,,2,BAL,0,0,0,0,0,0,0,0,0,0,0,0,,0,,,42,127,0,1,0,3,-10.0538412463502,0,5,8,31,0,0,0,-3,36,2,-1.3777043511509,0,-10.3333333333333,0.126984126984127,-0.0042553191489361,0.187497467071935,0,15.8,20.8
2011,POST,00-0026204,,Kevin Smith,RB,RB,,1,DET,0,0,0,0,0,0,0,0,0,0,0,0,,0,,,6,21,0,0,0,0,-0.840684137074277,0,2,4,20,0,0,0,-8,29,1,0.116446235391777,0,-2.5,0.0930232558139535,-0.0169491525423729,0.127670476941269,0,4.1,6.1
2011,POST,00-0026224,H.Douglas,Harry Douglas,WR,WR,"https://static.www.nfl.com/image/private/f_auto,q_auto/league/hblmz1iaov5vqx7cd9cv",1,ATL,0,0,0,0,0,0,0,0,0,0,0,0,,0,,,0,0,0,0,0,0,,0,1,2,7,0,0,0,14,2,0,-0.972507161553949,0,0.5,0.0512820512820513,0.0441640378548896,0.1078379034215,0,0.7,1.7
2011,POST,00-0026231,,Jermichael Finley,TE,TE,,1,GB,0,0,0,0,0,0,0,0,0,0,0,0,,0,,,0,0,0,0,0,0,,0,4,9,37,0,0,0,85,10,2,-2.17549912625691,0,0.435294117647059,0.195652173913043,0.215736040609137,0.444493489295961,0,3.7,7.7
2011,POST,00-0026235,,Mario Manningham,WR,WR,,4,NYG,0,0,0,0,0,0,0,0,0,0,0,0,,0,,,0,0,0,0,0,0,,0,13,22,189,3,0,0,360,27,10,11.8069106919304,0,0.525,0.1375,0.264705882352941,0.391544117647059,0,36.9,49.9
2011,POST,00-0026293,M.Slater,Matt Slater,WR,WR,"https://static.www.nfl.com/image/private/f_auto,q_auto/league/cs1ojdzhxjuanbw6vflv",1,NE,0,0,0,0,0,0,0,0,0,0,0,0,,0,,,0,0,0,0,0,0,,0,0,1,0,0,0,0,50,0,0,-4.22481845295988,0,0.0,0.0277777777777778,0.152905198776758,0.148700305810398,0,0.0,0.0
2011,POST,00-0026357,,Brett Swain,WR,WR,,1,SF,0,0,0,0,0,0,0,0,0,0,0,0,,0,,,0,0,0,0,0,0,,0,0,1,0,0,0,0,29,0,0,-0.19533461437095,0,0.0,0.024390243902439,0.0996563573883162,0.10634481602548,0,0.0,0.0
2011,POST,00-0026377,,Adrian Arrington,WR,WR,,2,NO,0,0,0,0,0,0,0,0,0,0,0,0,,0,,,0,0,0,0,0,0,,0,2,7,21,0,0,0,106,8,1,-7.57117897603894,0,0.19811320754717,0.0666666666666667,0.126642771804062,0.188649940262843,0,2.1,4.1
2011,POST,00-0026432,,Lance Ball,RB,RB,,2,DEN,0,0,0,0,0,0,0,0,0,0,0,0,,0,,,17,55,0,0,0,1,-5.37203018258935,0,1,3,6,0,0,0,25,1,1,0.188470501918346,0,0.24,0.0638297872340426,0.0413223140495868,0.124670300685775,0,6.1,7.1
2011,POST,00-0026498,M.Stafford,Matthew Stafford,QB,QB,"https://static.www.nfl.com/image/upload/f_auto,q_auto/league/xdlnnbapdbk8trxqlasu",1,DET,28,43,380,3,2,0,0,0,0,472,141,20,15.7782442836324,0,0.805084745762712,0.194919203646341,2,1,1,0,0,1,0.944577498012222,0,0,0,0,0,0,0,0,0,0,,0,,,,,0,29.3,29.3
2011,POST,00-0026566,,Isaac Redman,RB,RB,,1,PIT,0,0,0,0,0,0,0,0,0,0,0,0,,0,,,17,121,0,0,0,7,6.85679297946626,0,2,2,21,0,0,0,4,17,0,0.890980080410373,0,5.25,0.05,0.0090293453724605,0.0813205417607224,0,14.2,16.2
2011,POST,00-0026796,,Arian Foster,RB,RB,,2,HOU,0,0,0,0,0,0,0,0,0,0,0,0,,0,,,51,285,3,1,0,12,7.0808469977219,0,8,8,51,0,0,0,-17,68,4,4.36596865014872,0,-3.0,0.145454545454545,-0.0261136712749616,0.199902248289345,0,51.6,59.6
2011,POST,00-0026799,,Jeremiah Johnson,RB,RB,,1,DEN,0,0,0,0,0,0,0,0,0,0,0,0,,0,,,4,10,0,0,0,0,-0.964582293643616,0,0,0,0,0,0,0,0,0,0,,0,,,,,0,1.0,1.0
2011,POST,00-0026878,,Tom Crabtree,TE,TE,,1,GB,0,0,0,0,0,0,0,0,0,0,0,0,,0,,,0,0,0,0,0,0,,0,0,1,0,0,0,0,9,0,0,-1.52669559745118,0,0.0,0.0217391304347826,0.0228426395939086,0.04859854336791,0,0.0,0.0
2011,POST,00-0026901,M.Wallace,Mike Wallace,WR,WR,"https://static.www.nfl.com/image/private/f_auto,q_auto/league/dy9z5wbsitf6l9psjq4y",1,PIT,0,0,0,0,0,0,0,0,0,0,0,0,,0,,,1,1,1,0,0,1,0.770506863424089,0,3,10,26,0,0,0,160,11,1,-3.96101428758648,0,0.1625,0.25,0.36117381489842,0.627821670428894,0,8.7,11.7
2011,POST,00-0026931,,Bear Pascoe,TE,TE,,2,NYG,0,0,0,0,0,0,0,0,0,0,0,0,,0,,,0,0,0,0,0,0,,0,5,5,39,1,0,0,18,21,3,3.96423148020403,0,2.16666666666667,0.0520833333333333,0.0208092485549133,0.0926914739884393,0,9.9,14.9
2011,POST,00-0026941,,Bernard Scott,RB,RB,,1,CIN,0,0,0,0,0,0,0,0,0,0,0,0,,0,,,6,11,0,0,0,3,-0.408729139599018,0,3,4,29,0,0,0,8,26,1,2.5609602004406,0,3.625,0.0952380952380952,0.027681660899654,0.162234305486901,0,4.0,7.0
2011,POST,00-0026957,D.Johnson,David Johnson,TE,TE,"https://static.www.nfl.com/image/private/f_auto,q_auto/league/td6y6zc2m3ifhcfd4yz9",1,PIT,0,0,0,0,0,0,0,0,0,0,0,0,,0,,,0,0,0,0,0,0,,0,0,2,0,0,0,0,13,0,0,-1.2239048583433,0,0.0,0.05,0.0293453724604966,0.0955417607223476,0,0.0,0.0
2011,POST,00-0026986,M.Crabtree,Michael Crabtree,WR,WR,"https://static.www.nfl.com/image/private/f_auto,q_auto/league/kcavcmeyaion38ewxwyk",2,SF,0,0,0,0,0,0,0,0,0,0,0,0,,0,,,0,0,0,0,0,0,,0,5,16,28,1,0,0,81,12,1,-5.0536175665887,0,0.345679012345679,0.238805970149254,0.146473779385172,0.460740600793501,0,8.8,13.8
2011,POST,00-0026996,,Brandon Pettigrew,TE,TE,,1,DET,0,0,0,0,0,0,0,0,0,0,0,0,,0,,,0,0,0,0,0,0,,0,4,5,49,0,0,0,34,15,2,3.46799430379178,0,1.44117647058824,0.116279069767442,0.0720338983050848,0.224842333464722,0,4.9,8.9
2011,POST,00-0027005,,Hakeem Nicks,WR,WR,"https://static.www.nfl.com/image/private/f_auto,q_auto/league/nbgeeeuhd0n4zrctfxce",4,NYG,0,0,0,0,0,0,0,0,0,0,0,0,,0,,,0,0,0,0,0,0,,0,28,43,444,4,1,0,437,195,19,32.5140319693164,0,1.01601830663616,0.26875,0.321323529411765,0.628051470588235,0,68.4,96.4
2011,POST,00-0027070,,Travis Beckum,TE,TE,,3,NYG,0,0,0,0,0,0,0,0,0,0,0,0,,0,,,0,0,0,0,0,0,,0,7,8,45,0,0,0,48,28,4,1.52576034679078,0,0.9375,0.0666666666666667,0.0475247524752475,0.133267326732673,0,4.5,11.5
2011,POST,00-0027109,,James Casey,FB,TE,"https://static.www.nfl.com/image/private/f_auto,q_auto/league/atra5outunyi3dikmjez",2,HOU,0,0,0,0,0,0,0,0,0,0,0,0,,0,,,1,0,0,0,0,0,-1.57392771681771,0,0,2,0,0,0,0,12,0,0,-2.30566441966221,0,0.0,0.0571428571428571,0.0298507462686567,0.106609808102345,0,0.0,0.0
2011,POST,00-0027150,J.Edelman,Julian Edelman,WR,WR,"https://static.www.nfl.com/image/private/f_auto,q_auto/league/u0hbuo2bsvtlg7lnxm43",2,NE,0,0,0,0,0,0,0,0,0,0,0,0,,0,,,1,-1,0,0,0,0,-0.803985169040971,0,2,5,19,0,0,0,88,4,2,-1.8958208662807,0,0.215909090909091,0.0714285714285714,0.133535660091047,0.20061781920659,0,1.8,3.8
2011,POST,00-0027259,,Jake Ballard,TE,TE,,4,NYG,0,0,0,0,0,0,0,0,0,0,0,0,,0,,,0,0,0,0,0,0,,0,5,15,43,0,0,0,104,9,2,-3.7880054576024,0,0.413461538461538,0.09375,0.0764705882352941,0.194154411764706,0,4.3,9.3
2011,POST,00-0027265,V.Cruz,Victor Cruz,WR,WR,"https://static.www.nfl.com/image/private/f_auto,q_auto/league/q15bky6cm2stbiy0zafu",4,NYG,0,0,0,0,0,0,0,0,0,0,0,0,,0,,,0,0,0,0,0,0,,0,21,31,269,1,0,0,376,46,17,21.9630910256528,0,0.715425531914894,0.19375,0.276470588235294,0.484154411764706,0,32.9,53.9
2011,POST,00-0027531,C.Ivory,Chris Ivory,RB,RB,"https://static.www.nfl.com/image/private/f_auto,q_auto/league/wuhrkffigvt55hcqd4yw",2,NO,0,0,0,0,0,0,0,0,0,0,0,0,,0,,,22,70,0,0,0,5,-2.41339042078471,0,0,0,0,0,0,0,0,0,0,,0,,,,,0,7.0,7.0
2011,POST,00-0027608,,Kyle Williams,WR,WR,"https://static.www.nfl.com/image/private/f_auto,q_auto/league/uc0hi9tbued5ff0osfmq",2,SF,0,0,0,0,0,0,0,0,0,0,0,0,,0,,,0,0,0,0,0,0,,0,2,10,12,0,0,0,135,0,1,-5.76467914832756,0,0.0888888888888889,0.149253731343284,0.244122965641953,0.394766672964292,0,1.2,3.2
2011,POST,00-0027656,R.Gronkowski,Rob Gronkowski,TE,TE,"https://static.www.nfl.com/image/private/f_auto,q_auto/league/svpo7chliiymc0r7hegp",3,NE,0,0,0,0,0,0,0,0,0,0,0,0,,0,,,0,0,0,0,0,0,,0,17,23,258,3,0,0,278,84,15,16.7869229263307,0,0.928057553956835,0.211009174311927,0.274975272007913,0.508996451873429,0,43.8,60.8
2011,POST,00-0027675,E.Dickson,Ed Dickson,TE,TE,"https://static.www.nfl.com/image/private/f_auto,q_auto/league/qtxat8xwaclkqfkj5lrq",2,BAL,0,0,0,0,0,0,0,0,0,0,0,0,,0,,,0,0,0,0,0,0,,0,3,8,37,0,0,0,45,36,1,-6.94546003237104,0,0.822222222222222,0.126984126984127,0.0638297872340426,0.23515704154002,0,3.7,6.7
2011,POST,00-0027685,E.Sanders,Emmanuel Sanders,WR,WR,"https://static.www.nfl.com/image/private/f_auto,q_auto/league/potkibjtm855tsawozs0",1,PIT,0,0,0,0,0,0,0,0,0,0,0,0,,0,,,0,0,0,0,0,0,,0,6,8,81,0,0,0,103,30,3,5.26614196406445,0,0.786407766990291,0.2,0.232505643340858,0.462753950338601,0,8.1,14.1
2011,POST,00-0027690,E.Decker,Eric Decker,WR,WR,"https://static.www.nfl.com/image/private/f_auto,q_auto/league/jg5ftnvxz4jdiajzeoyn",1,DEN,0,0,0,0,0,0,0,0,0,0,0,0,,0,,,1,9,0,0,0,0,-0.275025364942849,0,0,1,0,0,0,0,17,0,0,-0.72983099007979,0,0.0,0.0476190476190476,0.0481586402266289,0.105139619587212,0,0.9,0.9
2011,POST,00-0027696,J.Graham,Jimmy Graham,TE,TE,"https://static.www.nfl.com/image/private/f_auto,q_auto/league/h7xs06oj6g03mippwtse",2,NO,0,0,0,0,0,0,0,0,0,0,0,0,,0,,,0,0,0,0,0,0,,0,12,19,158,3,0,0,115,78,8,9.72177307150559,0,1.37391304347826,0.180952380952381,0.137395459976105,0.367605393411845,0,33.8,45.8
2011,POST,00-0027713,,Aaron Hernandez,TE,TE,,3,NE,0,0,0,0,0,0,0,0,0,0,0,0,,0,,,8,70,0,0,0,3,4.27364532428328,0,19,31,188,2,0,0,212,105,12,6.30375700159354,0,0.886792452830189,0.284403669724771,0.209693372898121,0.57339086561584,0,37.8,56.8
2011,POST,00-0027714,,Dennis Pitta,TE,TE,"https://static.www.nfl.com/image/private/f_auto,q_auto/league/liu0pixlkbyftxesaq06",2,BAL,0,0,0,0,0,0,0,0,0,0,0,0,,0,,,0,0,0,0,0,0,,0,7,12,70,1,0,0,125,9,5,1.68529904598167,0,0.56,0.19047619047619,0.177304964539007,0.409827760891591,0,13.0,20.0
2011,POST,00-0027772,,Anthony Dixon,RB,RB,"https://static.www.nfl.com/image/private/f_auto,q_auto/league/lvbgbxspmjn0xo1kw8g9",2,SF,0,0,0,0,0,0,0,0,0,0,0,0,,0,,,3,3,0,0,0,0,-2.303281978413,0,0,0,0,0,0,0,0,0,0,,0,,,,,0,0.3,0.3
2011,POST,00-0027791,,James Starks,RB,RB,"https://static.www.nfl.com/image/private/f_auto,q_auto/league/ohxqulg4xjfmbbkkltqj",1,GB,0,0,0,0,0,0,0,0,0,0,0,0,,0,,,6,43,0,0,0,1,0.750092608621344,0,4,5,24,0,0,0,7,18,1,0.205812825646717,0,3.42857142857143,0.108695652173913,0.0177664974619289,0.17548002648422,0,6.7,10.7
2011,POST,00-0027793,A.Brown,Antonio Brown,WR,WR,"https://static.www.nfl.com/image/private/f_auto,q_auto/league/ecxsx9t7bfg42bgfwj3v",1,PIT,0,0,0,0,0,0,0,0,0,0,0,0,,0,,,1,18,0,0,0,1,1.44360060151666,0,5,7,70,0,0,0,79,17,4,2.16010370173663,0,0.886075949367089,0.175,0.178329571106095,0.387330699774266,0,8.8,13.8
2011,POST,00-0027873,J.Gresham,Jermaine Gresham,TE,TE,"https://static.www.nfl.com/image/private/f_auto,q_auto/league/higvmot083ues41wbdgi",1,CIN,0,0,0,0,0,0,0,0,0,0,0,0,,0,,,0,0,0,0,0,0,,0,5,6,46,0,0,0,30,25,2,1.50679962203139,0,1.53333333333333,0.142857142857143,0.103806228373702,0.286950074147306,0,4.6,9.6
2011,POST,00-0027874,D.Thomas,Demaryius Thomas,WR,WR,"https://static.www.nfl.com/image/private/f_auto,q_auto/league/p1yjsqtqimjd6iazu3h9",2,DEN,0,0,0,0,0,0,0,0,0,0,0,0,,0,,,0,0,0,0,0,0,,0,10,17,297,1,0,0,244,149,8,21.5519194027293,0,1.2172131147541,0.361702127659575,0.403305785123967,0.824867241076139,0,35.7,45.7
2011,POST,00-0027876,T.Tebow,Tim Tebow,TE,TE,,2,DEN,19,47,452,2,0,5,28,1,1,605,183,16,11.4862197653592,0,0.747107438016529,0.0726621923589559,15,63,1,0,0,5,3.6479222868802,0,0,0,0,0,0,0,0,0,0,,0,,,,,0,36.38,36.38
2011,POST,00-0027890,,Ben Tate,RB,RB,,2,HOU,0,0,0,0,0,0,0,0,0,0,0,0,,0,,,9,37,0,0,0,2,-0.924223462701775,0,0,1,0,0,0,0,2,0,0,-0.655549309914932,0,0.0,0.0285714285714286,0.0049751243781094,0.0463397299218195,0,3.7,3.7
2011,POST,00-0027918,,Andrew Hawkins,WR,WR,,1,CIN,0,0,0,0,0,0,0,0,0,0,0,0,,0,,,0,0,0,0,0,0,,0,1,2,8,0,0,0,8,7,0,-0.180432679073419,0,1.0,0.0476190476190476,0.027681660899654,0.0908057340583292,0,0.8,1.8
2011,POST,00-0027942,A.Green,A.J. Green,WR,WR,"https://static.www.nfl.com/image/private/f_auto,q_auto/league/guj5a9vnnzqfiljupzuj",1,CIN,0,0,0,0,0,0,0,0,0,0,0,0,,0,,,0,0,0,0,0,0,,0,5,12,47,0,0,0,122,13,2,-12.3791305045015,0,0.385245901639344,0.285714285714286,0.422145328719723,0.724073158675235,0,4.7,9.7
2011,POST,00-0027944,J.Jones,Julio Jones,WR,WR,"https://static.www.nfl.com/image/upload/f_auto,q_auto/league/omrddf2phtyztzx2nup1",1,ATL,0,0,0,0,0,0,0,0,0,0,0,0,,0,,,1,13,0,0,0,1,1.04804394836538,0,7,8,64,0,0,0,57,24,2,2.71436512982473,0,1.12280701754386,0.205128205128205,0.17981072555205,0.433559815578743,0,7.7,14.7
2011,POST,00-0027973,A.Dalton,Andy Dalton,QB,QB,"https://static.www.nfl.com/image/upload/f_auto,q_auto/league/az1zo7fl2tozg50tgs0d",1,CIN,27,42,257,0,3,4,33,0,0,289,152,11,-11.3271414949083,0,0.889273356401384,0.0261621787384577,3,17,0,1,0,2,0.335749396588653,0,0,0,0,0,0,0,0,0,0,,0,,,,,0,5.98,5.98
2011,POST,00-0027982,,Titus Young,WR,WR,,1,DET,0,0,0,0,0,0,0,0,0,0,0,0,,0,,,1,8,0,0,0,0,0.573985477443785,0,4,10,33,0,0,0,145,5,3,-2.81222925777547,0,0.227586206896552,0.232558139534884,0.307203389830509,0.563879582183682,0,4.1,8.1
2011,POST,00-0027996,T.Smith,Torrey Smith,WR,WR,"https://static.www.nfl.com/image/private/f_auto,q_auto/league/sqvbn4ybxagyfwva3i51",2,BAL,0,0,0,0,0,0,0,0,0,0,0,0,,0,,,0,0,0,0,0,0,,0,4,9,91,1,0,0,237,29,3,6.09143937693443,0,0.383966244725738,0.142857142857143,0.336170212765957,0.449604863221884,0,15.1,19.1
2011,POST,00-0028002,R.Cobb,Randall Cobb,WR,WR,"https://static.www.nfl.com/image/private/f_auto,q_auto/league/kuwo5hnkbtesfw6n9w1s",1,GB,0,0,0,0,0,0,0,0,0,0,0,0,,0,,,0,0,0,0,0,0,,0,3,3,38,0,0,0,16,22,1,2.35942706558853,0,2.375,0.0652173913043478,0.0406091370558376,0.126252482895608,0,3.8,6.8
2011,POST,00-0028011,S.Ridley,Stevan Ridley,RB,RB,"https://static.www.nfl.com/image/private/f_auto,q_auto/league/futdstbe48qaqcvtolzj",1,NE,0,0,0,0,0,0,0,0,0,0,0,0,,0,,,4,21,0,0,0,1,0.246735865832306,0,1,1,4,0,1,1,3,1,0,-4.59303821576759,0,1.33333333333333,0.0294117647058824,0.0090361445783132,0.0504429482636428,0,0.5,1.5
2011,POST,00-0028021,,Jerrel Jernigan,WR,WR,,1,NYG,0,0,0,0,0,0,0,0,0,0,0,0,,0,,,0,0,0,0,0,0,,0,0,1,0,0,0,0,2,0,0,-1.14392763189971,0,0.0,0.0178571428571429,0.003883495145631,0.029504160887656,0,0.0,0.0
2011,POST,00-0028053,,Kendall Hunter,RB,RB,"https://static.www.nfl.com/image/private/f_auto,q_auto/league/m9tciwm7ffejuubhfh7n",2,SF,0,0,0,0,0,0,0,0,0,0,0,0,,0,,,10,54,0,1,0,3,-1.14740210102173,0,1,1,13,0,0,0,4,9,1,0.750272926990874,0,3.25,0.024390243902439,0.013745704467354,0.0462073589808063,0,6.7,7.7
2011,POST,00-0028083,J.Rodgers,Jacquizz Rodgers,RB,RB,"https://static.www.nfl.com/image/private/f_auto,q_auto/league/ztmescfueap5glplyf7w",1,ATL,0,0,0,0,0,0,0,0,0,0,0,0,,0,,,0,0,0,0,0,0,,0,4,6,18,0,0,0,19,10,1,-0.383115514996462,0,0.947368421052632,0.153846153846154,0.0599369085173502,0.272725066731376,0,1.8,5.8
2011,POST,00-0028090,T.Yates,T.J. Yates,QB,QB,"https://static.www.nfl.com/image/private/f_auto,q_auto/league/h8x0pbhc1s5dwjuzipsb",2,HOU,28,55,343,1,3,2,7,0,0,651,105,20,-1.45176548189341,0,0.526881720430108,-0.009958756994337,2,-3,0,0,0,0,0.0,0,0,0,0,0,0,0,0,0,0,,0,,,,,0,11.42,11.42
2011,POST,00-0028105,,Ryan Whalen,WR,WR,,1,CIN,0,0,0,0,0,0,0,0,0,0,0,0,,0,,,0,0,0,0,0,0,,0,2,2,24,0,0,0,20,4,1,1.01151292049326,0,1.2,0.0476190476190476,0.069204152249135,0.119871478002966,0,2.4,4.4
2011,POST,00-0028149,B.Miller,Bruce Miller,FB,RB,"https://static.www.nfl.com/image/private/f_auto,q_auto/league/xmxfgtmbvqxhpp3ldkwq",1,SF,0,0,0,0,0,0,0,0,0,0,0,0,,0,,,0,0,0,0,0,0,,0,1,1,16,0,0,0,0,16,1,1.08631565142423,0,0.0,0.024390243902439,,,0,1.6,2.6
2011,POST,00-0028156,,Ryan Taylor,TE,TE,,1,GB,0,0,0,0,0,0,0,0,0,0,0,0,,0,,,0,0,0,0,0,0,,0,0,1,0,0,0,0,4,0,0,-0.599522448144853,0,0.0,0.0217391304347826,0.0101522842639594,0.0397152946369455,0,0.0,0.0
2011,POST,00-0028208,,John Clay,RB,RB,,1,PIT,0,0,0,0,0,0,0,0,0,0,0,0,,0,,,1,1,0,0,0,0,-0.437501477543265,0,0,0,0,0,0,0,0,0,0,,0,,,,,0,0.1,0.1
2011,POST,00-0028492,,Henry Hynoski,FB,RB,,2,NYG,0,0,0,0,0,0,0,0,0,0,0,0,,0,,,0,0,0,0,0,0,,0,5,5,39,0,0,0,6,33,3,2.09634670079686,0,6.5,0.0520833333333333,0.0069364161849711,0.0829804913294798,0,3.9,8.9
2011,POST,00-0028522,,Mike Higgins,TE,TE,,1,NO,0,0,0,0,0,0,0,0,0,0,0,0,,0,,,0,0,0,0,0,0,,0,1,2,10,0,0,0,5,8,1,0.360686580650508,0,2.0,0.032258064516129,0.0109649122807018,0.0560625353706848,0,1.0,2.0
2011,POST,00-0028602,,Brandon Saine,RB,RB,,1,GB,0,0,0,0,0,0,0,0,0,0,0,0,,0,,,1,3,0,0,0,0,-0.163826654665172,0,0,0,0,0,0,0,0,0,0,,0,,,,,0,0.3,0.3
2011,REG+POST,00-0000108,,David Akers,K,SPEC,,1,SF,1,1,14,1,0,0,0,0,0,9,5,1,4.22313360706903,0,1.55555555555556,,0,0,0,0,0,0,,0,0,0,0,0,0,0,0,0,0,,0,,,,,0,4.56,4.56
2011,REG+POST,00-0000865,,Charlie Batch,QB,QB,,3,PIT,15,24,208,0,1,2,10,0,0,189,92,9,-0.096866613965231,0,1.1005291005291,0.0574721312485491,3,-2,0,0,0,0,0.0,0,0,0,0,0,0,0,0,0,0,,0,,,,,0,6.12,6.12
2011,REG+POST,00-0002110,,Mark Brunell,QB,QB,,1,NYJ,1,3,27,0,0,0,0,0,0,46,26,1,-0.356037270394154,0,0.586956521739131,,0,0,0,0,0,0,,0,0,0,0,0,0,0,0,0,0,,0,,,,,0,1.08,1.08
2011,REG+POST,00-0003292,,Kerry Collins,QB,QB,,3,IND,48,98,481,2,1,5,40,3,2,806,216,29,-25.0974297383107,0,0.596774193548387,-0.0328302747713782,2,-1,0,1,1,0,-5.23582660534885,0,0,0,0,0,0,0,0,0,0,,0,,,,,0,19.14,19.14
2011,REG+POST,00-0004161,,Jake Delhomme,QB,QB,,1,HOU,18,28,211,1,0,2,18,1,1,217,56,9,-1.41043508292922,0,0.972350230414747,0.057701437321681,0,0,0,0,0,0,,0,0,0,0,0,0,0,0,0,0,,0,,,,,0,10.44,10.44
2011,REG+POST,00-0004541,,Donald Driver,WR,WR,,17,GB,0,0,0,0,0,0,0,0,0,0,0,0,,0,,,0,0,0,0,0,0,,0,40,59,490,7,0,0,572,139,23,40.6413825892447,0,0.856643356643357,0.100854700854701,0.10697587432205,0.226165163307486,0,91.0,131.0
2011,REG+POST,00-0005091,,Kevin Faulk,RB,RB,,5,NE,0,0,0,0,0,0,0,0,0,0,0,0,,0,,,17,57,0,0,0,1,-2.66424500897537,0,7,9,34,0,0,0,-5,32,2,-2.62117641032293,0,-6.8,0.0629370629370629,-0.0058962264150943,0.0902782359150284,0,9.1,16.1
2011,REG+POST,00-0006101,,Tony Gonzalez,TE,TE,,17,ATL,0,0,0,0,0,0,0,0,0,0,0,0,,0,,,0,0,0,0,0,0,,0,84,122,919,7,0,0,1093,250,57,46.5560508892953,0,0.840805123513266,0.19645732689211,0.194900142653352,0.431116090195511,0,133.9,217.9
2011,REG+POST,00-0007091,,Matt Hasselbeck,QB,QB,"https://static.www.nfl.com/image/private/f_auto,q_auto/league/t1nf9avoy2kauqwrvzza",16,TEN,319,518,3571,18,14,19,153,4,1,4129,1631,163,7.89897982831261,0,0.864858319205619,0.0604828957347929,20,52,0,0,0,4,2.41524203273002,0,0,0,0,0,0,0,0,0,0,,0,,,,,0,190.04,190.04
2011,REG+POST,00-0009119,,Reggie Kelly,TE,TE,,2,ATL,0,0,0,0,0,0,0,0,0,0,0,0,,0,,,0,0,0,0,0,0,,0,1,2,7,0,0,0,4,5,0,-1.22744829207659,0,1.75,0.0253164556962025,0.0059970014992503,0.0421725845937791,0,0.7,1.7
2011,REG+POST,00-0009311,,Jon Kitna,QB,QB,,3,DAL,6,10,87,1,2,0,0,0,0,110,30,5,-0.0806328957551159,0,0.790909090909091,0.0727585890039437,3,-2,0,0,0,0,0.0,0,0,0,0,0,0,0,0,0,0,,0,,,,,0,3.28,3.28
2011,REG+POST,00-0009323,,Jimmy Kleinsasser,TE,TE,,5,MIN,0,0,0,0,0,0,0,0,0,0,0,0,,0,,,0,0,0,0,0,0,,0,1,6,4,0,0,0,54,0,0,-2.8003844395862,0,0.0740740740740741,0.0350877192982456,0.0372157133011716,0.0786825782581885,0,0.4,1.4
2011,REG+POST,00-0010500,,Derrick Mason,WR,WR,,11,HOU,0,0,0,0,0,0,0,0,0,0,0,0,,0,,,0,0,0,0,0,0,,0,19,35,170,0,0,0,282,38,11,-3.57560002300858,0,0.602836879432624,0.102040816326531,0.0973420780117363,0.221200679098011,0,17.0,36.0
2011,REG+POST,00-0011022,,Donovan McNabb,QB,QB,,6,MIN,94,156,1026,4,2,16,113,1,0,1231,424,52,-17.4551714814916,0,0.833468724614135,0.0190967975805895,14,59,1,1,0,5,2.1879356810241,0,0,0,0,0,0,0,0,0,0,,0,,,,,0,64.94,64.94
2011,REG+POST,00-0014655,,Mike Sellers,TE,TE,,2,WAS,0,0,0,0,0,0,0,0,0,0,0,0,,0,,,0,0,0,0,0,0,,0,1,2,15,0,0,0,15,8,1,0.217809271998703,0,1.0,0.032258064516129,0.0301810865191147,0.0695138573375738,0,1.5,2.5
2011,REG+POST,00-0015754,,Brandon Stokley,WR,WR,,2,NYG,0,0,0,0,0,0,0,0,0,0,0,0,,0,,,0,0,0,0,0,0,,0,1,3,7,0,0,0,26,4,0,-2.99151577614248,0,0.269230769230769,0.0566037735849057,0.0512820512820513,0.120803096274794,0,0.7,1.7
2011,REG+POST,00-0016689,,Matt Turk,P,SPEC,,1,JAX,0,0,0,0,0,0,0,0,0,0,0,0,,0,,,1,0,0,1,0,0,-2.84290397027507,0,0,0,0,0,0,0,0,0,0,,0,,,,,0,0.0,0.0
2011,REG+POST,00-0017162,,Hines Ward,WR,WR,,15,PIT,0,0,0,0,0,0,0,0,0,0,0,0,,0,,,0,0,0,0,0,0,,0,46,65,381,2,1,1,403,163,20,-2.45099715216623,0,0.945409429280397,0.134575569358178,0.0930501039021011,0.266998426768738,0,48.1,94.1
2011,REG+POST,00-0017915,,Ricky Williams,RB,RB,,18,BAL,0,0,0,0,0,0,0,0,0,0,0,0,,0,,,120,493,2,2,2,23,-12.1723212157656,0,13,20,83,0,0,0,19,67,5,0.340171753640594,0,4.36842105263158,0.05,0.0052675353479345,0.0786872747435542,0,65.6,78.6
2011,REG+POST,00-0019041,,Billy Volek,QB,QB,,2,LAC,0,0,0,0,0,0,0,0,0,0,0,0,,0,,,5,-5,0,0,0,0,-3.76836597139481,0,0,0,0,0,0,0,0,0,0,,0,,,,,0,-0.5,-0.5
2011,REG+POST,00-0019457,,Anthony Becht,TE,TE,,3,KC,0,0,0,0,0,0,0,0,0,0,0,0,,0,,,0,0,0,0,0,0,,0,3,4,26,0,0,0,22,10,2,1.58593070926145,0,1.18181818181818,0.0421052631578947,0.0304709141274238,0.0844875346260388,0,2.6,5.6
2011,REG+POST,00-0019484,,Sammy Morris,RB,RB,,3,DAL,0,0,0,0,0,0,0,0,0,0,0,0,,0,,,28,98,0,0,0,7,-4.58467856532661,0,5,7,13,0,0,0,7,15,0,-4.19990294543095,0,1.85714285714286,0.0654205607476636,0.0169082125603865,0.109966589913766,0,11.1,16.1
2011,REG+POST,00-0019596,T.Brady,Tom Brady,QB,QB,"https://static.www.nfl.com/image/private/f_auto,q_auto/league/q7dpdlxyu5rs05rgh1le",19,NE,476,722,6113,47,16,35,188,4,2,6039,2934,310,238.218584356386,0,1.01225368438483,0.187624903589084,52,119,4,2,0,24,10.0354455175402,0,0,0,0,0,0,0,0,0,0,,0,,,,,0,432.42,432.42
2011,REG+POST,00-0019641,,Thomas Jones,RB,RB,,16,KC,0,0,0,0,0,0,0,0,0,0,0,0,,0,,,153,478,0,0,0,19,-31.4531190085995,0,5,7,43,0,0,0,-10,56,1,0.19788103341125,0,-4.3,0.049645390070922,-0.0114285714285714,0.066468085106383,0,52.1,57.1
2011,REG+POST,00-0019642,,Plaxico Burress,WR,WR,,16,NYJ,0,0,0,0,0,0,0,0,0,0,0,0,,0,,,0,0,0,0,0,0,,0,45,96,612,8,0,0,1246,144,38,14.7913054833128,0,0.491171749598716,0.177449168207024,0.279184405108671,0.461602835886606,0,109.2,154.2
2011,REG+POST,00-0019709,,Chris Redman,QB,QB,,4,ATL,18,28,188,0,1,0,0,0,0,229,68,10,-8.57218178152107,0,0.820960698689956,0.0144015571817052,5,-6,0,0,0,0,-3.41119857825106,0,0,0,0,0,0,0,0,0,0,,0,,,,,0,4.92,4.92
2011,REG+POST,00-0019714,S.Lechler,Shane Lechler,P,SPEC,"https://static.www.nfl.com/image/private/f_auto,q_auto/league/we3oe5jqnrb4ag3d4pqu",3,LV,1,3,35,1,0,0,0,0,0,40,30,1,-0.518233745067846,0,0.875,,0,0,0,0,0,0,,0,0,0,0,0,0,0,0,0,0,,0,,,,,0,5.4,5.4
2011,REG+POST,00-0020245,,Mike Vick,QB,QB,"https://static.www.nfl.com/image/private/f_auto,q_auto/league/hrg4riwhpjbijfovsjrk",13,PHI,253,423,3303,18,14,23,126,3,2,3878,1332,155,49.7767437878465,0,0.851727694687984,0.111710867110348,76,589,1,7,2,28,24.2785083134405,0,0,0,0,0,0,0,0,0,0,,0,,,,,0,233.02,233.02
2011,REG+POST,00-0020267,,Nick Harris,P,SPEC,"https://static.www.nfl.com/image/private/f_auto,q_auto/league/ko6iq143yffkkrsidnyh",1,JAX,0,0,0,0,0,0,0,0,0,0,0,0,,0,,,1,0,0,0,0,0,-5.00459305767436,0,0,0,0,0,0,0,0,0,0,,0,,,,,0,0.0,0.0
2011,REG+POST,00-0020305,,A.J. Feeley,QB,QB,,4,LA,53,97,548,1,2,10,72,3,2,617,369,27,-24.9591764591169,0,0.888168557536467,-0.0232035562034306,3,4,0,0,0,1,0.87475515838014,0,0,0,0,0,0,0,0,0,0,,0,,,,,0,18.32,18.32
2011,REG+POST,00-0020337,,Steve Smith,WR,WR,"https://static.www.nfl.com/image/private/f_auto,q_auto/league/k23e0b8cto93he9rt0zc",16,CAR,0,0,0,0,0,0,0,0,0,0,0,0,,0,,,6,56,0,0,0,3,4.23591527924873,0,79,129,1394,7,3,2,1780,459,53,39.8306438459485,1,0.78314606741573,0.251953125,0.363043034876606,0.632059811913624,0,185.0,264.0
2011,REG+POST,00-0020397,,Chad Johnson,WR,WR,,15,NE,0,0,0,0,0,0,0,0,0,0,0,0,,0,,,0,0,0,0,0,0,,0,16,33,297,1,0,0,605,54,14,8.6871926212726,0,0.490909090909091,0.0561224489795918,0.121730382293763,0.169394941075022,0,35.7,51.7
2011,REG+POST,00-0020438,,T.J. Houshmandzadeh,WR,WR,,6,LV,0,0,0,0,0,0,0,0,0,0,0,0,,0,,,0,0,0,0,0,0,,0,11,19,146,1,0,0,226,31,5,3.81758997647974,0,0.646017699115044,0.0931372549019608,0.110136452241715,0.216801398922142,0,20.6,31.6
2011,REG+POST,00-0020494,,Santana Moss,WR,WR,,12,WAS,0,0,0,0,0,0,0,0,0,0,0,0,,0,,,0,0,0,0,0,0,,0,46,96,584,4,0,0,1058,185,35,1.2427068689742,0,0.551984877126654,0.222222222222222,0.261170081461368,0.516152390356291,0,82.4,128.4
2011,REG+POST,00-0020498,,Reggie Wayne,WR,WR,,16,IND,0,0,0,0,0,0,0,0,0,0,0,0,,0,,,0,0,0,0,0,0,,0,75,131,960,4,0,0,1451,276,50,19.3548039354688,0,0.661612680909718,0.24952380952381,0.337834691501746,0.610769998336937,0,120.0,195.0
2011,REG+POST,00-0020516,,Todd Heap,TE,TE,,7,ARI,0,0,0,0,0,0,0,0,0,0,0,0,,0,,,0,0,0,0,0,0,,0,24,36,283,1,0,0,283,110,9,6.17425768074463,0,1.0,0.141732283464567,0.126339285714286,0.30103592519685,0,34.3,58.3
2011,REG+POST,00-0020531,D.Brees,Drew Brees,QB,QB,"https://static.www.nfl.com/image/private/f_auto,q_auto/league/i20xlpzdmn7xubotijjd",18,NO,544,766,6463,53,16,29,192,1,1,5917,2892,323,264.926838323687,3,1.09227649146527,0.209530592136575,26,90,1,1,1,6,-13.6293317370582,0,0,0,0,0,0,0,0,0,0,,0,,,,,0,455.52,455.52
2011,REG+POST,00-0020536,,LaDainian Tomlinson,RB,RB,,14,NYJ,0,0,0,0,0,1,2,0,0,0,0,0,-1.71352876676247,0,,,75,280,1,0,0,15,-8.56737558406894,0,42,61,449,2,0,0,109,384,12,2.75132757881505,0,4.11926605504587,0.130620985010707,0.0285564579512706,0.215920998081949,0,90.9,132.9
2011,REG+POST,00-0020679,,Shaun Hill,QB,QB,"https://static.www.nfl.com/image/private/f_auto,q_auto/league/dn42ccbwrshm7uksyphy",2,DET,2,3,33,0,0,0,0,0,0,47,0,1,1.48044857929926,0,0.702127659574468,,1,-1,0,0,0,0,0.0,0,0,0,0,0,0,0,0,0,0,,0,,,,,0,1.22,1.22
2011,REG+POST,00-0020804,,Corey McIntyre,FB,RB,,1,BUF,0,0,0,0,0,0,0,0,0,0,0,0,,0,,,0,0,0,0,0,0,,0,1,1,4,0,0,0,0,4,0,-0.171803759993054,0,0.0,0.0222222222222222,,,0,0.4,1.4
2011,REG+POST,00-0021147,,Donte' Stallworth,WR,WR,,11,WAS,0,0,0,0,0,0,0,0,0,0,0,0,,0,,,2,1,0,0,0,0,-1.75177429895848,0,22,38,309,2,0,0,408,104,15,12.9707559133947,0,0.757352941176471,0.0952380952380952,0.112551724137931,0.221643349753695,0,43.0,65.0
2011,REG+POST,00-0021148,,Jeremy Shockey,TE,TE,,15,CAR,0,0,0,0,0,0,0,0,0,0,0,0,,0,,,0,0,0,0,0,0,,0,37,62,455,4,2,1,570,190,24,16.3339743803497,0,0.798245614035088,0.130526315789474,0.125716806352007,0.283791238130616,0,67.5,104.5
2011,REG+POST,00-0021154,,Daniel Graham,TE,TE,,5,TEN,0,0,0,0,0,0,0,0,0,0,0,0,,0,,,0,0,0,0,0,0,,0,2,5,25,1,0,0,27,6,2,1.29900789406383,0,0.925925925925926,0.028735632183908,0.01932712956335,0.0566324389702071,0,8.5,10.5
2011,REG+POST,00-0021163,,Jabar Gaffney,WR,WR,,16,WAS,0,0,0,0,0,0,0,0,0,0,0,0,,0,,,0,0,0,0,0,0,,0,68,115,947,5,1,1,1521,181,50,28.1846464971027,0,0.622616699539777,0.197934595524957,0.289383561643836,0.49947038643812,0,122.7,190.7
2011,REG+POST,00-0021182,,Maurice Morris,RB,RB,,13,DET,0,0,0,0,0,0,0,0,0,0,0,0,,0,,,82,319,1,1,0,12,-9.01121046661865,0,27,36,241,1,0,0,24,204,10,-1.84709394489065,0,10.0416666666667,0.0751565762004175,0.0081521739130434,0.118441386039757,0,68.0,95.0
2011,REG+POST,00-0021192,,Deion Branch,WR,WR,,17,NE,0,0,0,0,0,0,0,0,0,0,0,0,,0,,,0,0,0,0,0,0,,0,59,103,850,6,0,0,1004,390,44,33.9409536043335,0,0.846613545816733,0.158705701078582,0.182678311499272,0.365933369667364,0,121.0,180.0
2011,REG+POST,00-0021206,J.McCown,Josh McCown,QB,QB,"https://static.www.nfl.com/image/private/f_auto,q_auto/league/qcauc37wqjdaxdbq1evu",3,CHI,35,55,414,2,4,7,43,2,0,490,167,18,-2.08952924331121,0,0.844897959183674,0.0665816350976883,12,68,0,0,0,5,5.5859497662168,1,0,0,0,0,0,0,0,0,0,,0,,,,,0,25.36,25.36
2011,REG+POST,00-0021227,,Justin Peelle,TE,TE,,5,SF,0,0,0,0,0,0,0,0,0,0,0,0,,0,,,0,0,0,0,0,0,,0,2,5,23,0,0,0,40,9,1,-0.774911270127632,0,0.575,0.0326797385620915,0.0356188780053428,0.0739528224468772,0,2.3,4.3
2011,REG+POST,00-0021236,,Randy McMichael,TE,TE,,15,LAC,0,0,0,0,0,0,0,0,0,0,0,0,,0,,,0,0,0,0,0,0,,0,30,44,271,0,0,0,153,189,12,12.5275795355486,0,1.77124183006536,0.0813308687615527,0.0315659170621003,0.144092445085799,0,27.1,57.1
2011,REG+POST,00-0021304,,John Gilmore,TE,TE,,5,NO,0,0,0,0,0,0,0,0,0,0,0,0,,0,,,0,0,0,0,0,0,,0,3,6,20,1,0,0,19,12,1,-2.35389041912276,0,1.05263157894737,0.0283018867924528,0.0144267274107821,0.0525515393762267,0,8.0,11.0
2011,REG+POST,00-0021314,,Chester Taylor,RB,RB,,11,ARI,0,0,0,0,0,0,0,0,0,0,0,0,,0,,,20,77,1,0,0,4,-1.54772667068755,0,14,24,91,0,0,0,32,81,3,-10.5225329329714,0,2.84375,0.0689655172413793,0.0107998650016875,0.11100818136325,0,22.8,36.8
2011,REG+POST,00-0021357,,Rock Cartwright,RB,RB,,7,LV,0,0,0,0,0,0,0,0,0,0,0,0,,0,,,4,45,0,0,0,1,4.27906431118026,0,4,6,24,0,0,0,8,26,1,-4.2131679605227,0,3.0,0.0454545454545455,0.009367681498829,0.0747391952309985,0,6.9,10.9
2011,REG+POST,00-0021429,C.Palmer,Carson Palmer,QB,QB,"https://static.www.nfl.com/image/private/f_auto,q_auto/league/belgna3tokxga0gjjmwk",10,LV,199,328,2753,13,16,17,119,1,1,3389,1051,122,34.3640495794419,0,0.81233402183535,0.112826584756965,16,20,1,1,0,5,-1.57680809061276,0,0,0,0,0,0,0,0,0,0,,0,,,,,0,136.12,136.12
2011,REG+POST,00-0021547,A.Gates,Antonio Gates,TE,TE,"https://static.www.nfl.com/image/private/f_auto,q_auto/league/kndulvysinvn4tpvt0bc",13,LAC,0,0,0,0,0,0,0,0,0,0,0,0,,0,,,0,0,0,0,0,0,,0,64,88,778,7,0,0,799,256,45,50.9847828273482,0,0.973717146433041,0.186836518046709,0.182503426222019,0.408007175425477,0,119.8,183.8
2011,REG+POST,00-0021570,,Kassim Osgood,WR,WR,,5,JAX,0,0,0,0,0,0,0,0,0,0,0,0,,0,,,0,0,0,0,0,0,,0,5,11,42,0,0,0,80,18,2,-4.88346942065982,0,0.525,0.0797101449275362,0.140105078809107,0.217638772557679,0,4.2,9.2
2011,REG+POST,00-0021647,,Jerheme Urban,WR,WR,,5,KC,0,0,0,0,0,0,0,0,0,0,0,0,,0,,,1,7,0,0,0,0,0.442088082432747,0,4,13,35,1,0,0,140,3,1,-12.3095285229045,0,0.25,0.0822784810126582,0.111376292760541,0.201381126451366,0,10.2,14.2
2011,REG+POST,00-0021678,,Tony Romo,QB,QB,"https://static.www.nfl.com/image/private/f_auto,q_auto/league/rdgaxf7djip2ovlkeqjk",16,DAL,346,522,4184,31,10,36,227,5,3,4020,1946,203,93.954418204766,0,1.0407960199005,0.140424166345105,22,46,1,1,0,4,-10.9052873335957,0,0,0,0,0,0,0,0,0,0,,0,,,,,0,275.96,275.96
2011,REG+POST,00-0021755,,Earnest Graham,RB,RB,,7,TB,0,0,0,0,0,0,0,0,0,0,0,0,,0,,,37,206,0,1,0,6,-5.5976033238112,0,26,31,163,0,0,0,45,141,8,-2.64156804703782,0,3.62222222222222,0.130252100840336,0.0253093363329584,0.213094686693575,0,36.9,62.9
2011,REG+POST,00-0021756,,Will Heller,TE,TE,,10,DET,0,0,0,0,0,0,0,0,0,0,0,0,,0,,,0,0,0,0,0,0,,0,7,14,52,1,0,0,48,25,4,-7.64629740605597,0,1.08333333333333,0.0345679012345679,0.0156402737047898,0.0628000434452047,0,11.2,18.2
2011,REG+POST,00-0021929,,Donald Lee,TE,TE,,7,CIN,0,0,0,0,0,0,0,0,0,0,0,0,,0,,,0,0,0,0,0,0,,0,12,14,151,0,0,0,79,95,6,9.57538502847172,0,1.91139240506329,0.0576131687242798,0.0557515878616796,0.125445864589595,0,15.1,27.1
2011,REG+POST,00-0021931,,Kevin Walter,WR,WR,,17,HOU,0,0,0,0,0,0,0,0,0,0,0,0,,0,,,0,0,0,0,0,0,,0,42,69,510,3,0,0,799,131,28,16.481904322872,0,0.638297872340426,0.142857142857143,0.191194065565925,0.348121560181862,0,69.0,111.0
2011,REG+POST,00-0021976,,Larry Johnson,RB,RB,,1,MIA,0,0,0,0,0,0,0,0,0,0,0,0,,0,,,1,2,0,0,0,0,-0.331110082683153,0,0,0,0,0,0,0,0,0,0,,0,,,,,0,0.2,0.2
2011,REG+POST,00-0021999,,Nate Burleson,WR,WR,,17,DET,0,0,0,0,0,0,0,0,0,0,0,0,,0,,,12,87,0,0,0,7,5.33576190413442,0,78,117,821,3,1,1,776,434,39,15.7919144016843,0,1.05798969072165,0.164556962025316,0.130157665213016,0.337945808687086,0,106.8,184.8
2011,REG+POST,00-0022044,,Andre Johnson,WR,WR,,9,HOU,0,0,0,0,0,0,0,0,0,0,0,0,,0,,,1,8,0,0,0,0,0.49475885136053,0,46,75,693,3,0,0,1040,170,34,17.4503042647947,0,0.666346153846154,0.30241935483871,0.47037539574853,0.782891809282036,0,88.1,134.1
2011,REG+POST,00-0022054,,Visanthe Shiancoe,TE,TE,,15,MIN,0,0,0,0,0,0,0,0,0,0,0,0,,0,,,0,0,0,0,0,0,,0,36,71,409,3,0,0,608,130,26,5.01022662287645,0,0.672697368421053,0.15301724137931,0.147788040836169,0.332977490654284,0,58.9,94.9
2011,REG+POST,00-0022055,,Seneca Wallace,QB,QB,,6,CLE,55,107,567,2,2,6,30,1,1,823,178,29,-20.5737066471216,0,0.688942891859052,-0.0322654230613408,7,70,0,0,0,4,5.17745398543775,0,1,1,21,0,0,0,16,5,1,1.35563955025282,0,1.3125,0.0384615384615385,0.098159509202454,0.126403964134026,0,33.78,34.78
2011,REG+POST,00-0022064,,Arnaz Battle,WR,WR,,1,PIT,0,0,0,0,0,0,0,0,0,0,0,0,,0,,,0,0,0,0,0,0,,0,0,1,0,0,0,0,10,0,0,-0.236292694113217,0,0.0,0.024390243902439,0.0235849056603774,0.0530947998159227,0,0.0,0.0
2011,REG+POST,00-0022084,,Anquan Boldin,WR,WR,"https://static.www.nfl.com/image/private/f_auto,q_auto/league/ajabgwxbliupgkwjbnut",16,BAL,0,0,0,0,0,0,0,0,0,0,0,0,,0,,,0,0,0,0,0,0,,0,67,122,1061,4,1,0,1459,276,51,39.2695143058177,0,0.727210418094585,0.2174688057041,0.273682235978241,0.517780773740918,0,130.1,197.1
2011,REG+POST,00-0022097,,Brandon Lloyd,WR,WR,,15,LA,0,1,0,0,0,0,0,0,0,31,0,0,-0.39640825567767,0,0.0,,0,0,0,0,0,0,,0,70,148,966,5,1,0,2178,128,46,6.72563032104575,0,0.443526170798898,0.305154639175258,0.511027686532145,0.815451339335388,0,126.6,196.6
2011,REG+POST,00-0022121,,Rex Grossman,QB,QB,,13,WAS,265,458,3151,16,20,25,201,6,5,4139,1315,159,-13.9722733774451,0,0.761294998791979,0.0424835604956128,20,11,1,2,0,2,-9.58939483793802,0,0,0,0,0,0,0,0,0,0,,0,,,,,0,147.14,147.14
2011,REG+POST,00-0022127,J.Witten,Jason Witten,TE,TE,"https://static.www.nfl.com/image/private/f_auto,q_auto/league/r7uafhtwuexuaty0nhsc",16,DAL,0,0,0,0,0,0,0,0,0,0,0,0,,0,,,0,0,0,0,0,0,,0,79,117,942,5,1,0,900,363,47,34.8228090963414,0,1.04666666666667,0.208185053380783,0.206753962784287,0.457005354020175,0,124.2,203.2
2011,REG+POST,00-0022143,,Ovie Mughelli,FB,RB,,6,ATL,0,0,0,0,0,0,0,0,0,0,0,0,,0,,,2,1,0,0,0,0,-0.858682352642063,0,4,8,25,2,0,0,13,18,2,1.65399864310166,0,1.92307692307692,0.0394088669950739,0.0081761006289308,0.0648365709328624,0,14.6,18.6
2011,REG+POST,00-0022156,,Bryant Johnson,WR,WR,,8,HOU,0,0,0,0,0,0,0,0,0,0,0,0,,0,,,1,1,0,0,0,0,-0.524796933867037,0,6,12,90,1,0,0,169,11,4,4.6599927170597,0,0.532544378698225,0.06,0.111772486772487,0.168240740740741,0,15.1,21.1
2011,REG+POST,00-0022164,,Kyle Boller,QB,QB,,2,LV,15,28,161,0,3,3,19,1,0,319,84,7,-13.7031370234618,0,0.504702194357367,-0.0006290883962738,9,38,0,2,0,3,0.0709306264654726,0,0,0,0,0,0,0,0,0,0,,0,,,,,0,4.24,4.24
2011,REG+POST,00-0022165,,Dallas Clark,TE,TE,,10,IND,0,0,0,0,0,0,0,0,0,0,0,0,,0,,,0,0,0,0,0,0,,0,34,65,352,2,1,1,379,150,22,-2.38940732249811,0,0.928759894459103,0.18361581920904,0.133309883925431,0.368740647561361,0,45.2,79.2
2011,REG+POST,00-0022178,,Willis McGahee,RB,RB,,17,DEN,0,0,0,0,0,0,0,0,0,0,0,0,,0,,,285,1336,5,5,4,59,-23.8558850835089,1,12,22,51,1,1,0,16,52,2,-2.62996206450043,0,3.1875,0.0797101449275362,0.0070546737213403,0.124503488996243,0,168.7,180.7
2011,REG+POST,00-0022217,,Mewelde Moore,RB,RB,,12,PIT,0,0,0,0,0,0,0,0,0,0,0,0,,0,,,22,157,0,1,1,6,-3.44409070277802,0,11,14,104,1,1,1,13,95,4,-0.0657987204452617,0,8.0,0.0476190476190476,0.0065228299046663,0.0759945523618379,0,28.1,39.1
2011,REG+POST,00-0022341,,George Wilson,SS,DB,,1,BUF,0,0,0,0,0,0,0,0,0,0,0,0,,0,,,1,6,0,0,0,1,2.59601849853061,0,0,0,0,0,0,0,0,0,0,,0,,,,,0,0.6,0.6
2011,REG+POST,00-0022388,,Terrance Copper,WR,WR,,6,KC,0,0,0,0,0,0,0,0,0,0,0,0,,0,,,0,0,0,0,0,0,,0,8,12,114,0,0,0,134,36,6,9.32048125263978,0,0.850746268656716,0.0628272251308901,0.0925414364640884,0.159019843221197,0,11.4,19.4
2011,REG+POST,00-0022397,,Vonta Leach,FB,RB,,17,BAL,0,0,0,0,0,0,0,0,0,0,0,0,,0,,,14,36,0,0,0,10,2.0105186488654,0,17,30,78,0,0,0,9,77,3,-8.51174195287036,0,8.66666666666667,0.0553505535055351,0.0024868748273003,0.0847666426374128,0,11.4,28.4
2011,REG+POST,00-0022405,,Lousaka Polite,FB,RB,,1,NE,0,0,0,0,0,0,0,0,0,0,0,0,,0,,,1,3,0,0,0,1,-0.0316245779395103,0,0,0,0,0,0,0,0,0,0,,0,,,,,0,0.3,0.3
2011,REG+POST,00-0022414,,Malcom Floyd,WR,WR,"https://static.www.nfl.com/image/private/f_auto,q_auto/league/or8gm79eaonksxe8gl0t",12,LAC,0,0,0,0,0,0,0,0,0,0,0,0,,0,,,0,0,0,0,0,0,,0,43,70,856,5,0,0,1153,181,41,63.1349731376302,0,0.742411101474415,0.168674698795181,0.305026455026455,0.46653056671129,0,115.6,158.6
2011,REG+POST,00-0022421,,Ruvell Martin,WR,WR,,6,BUF,0,0,0,0,0,0,0,0,0,0,0,0,,0,,,0,0,0,0,0,0,,0,7,16,82,0,0,0,132,30,5,-3.32386606546708,0,0.621212121212121,0.0655737704918033,0.0752565564424173,0.151040245247397,0,8.2,15.2
2011,REG+POST,00-0022427,,Wes Welker,WR,WR,"https://static.www.nfl.com/image/private/f_auto,q_auto/league/rgjwexzif36vncjfdwap",19,NE,0,0,0,0,0,0,0,0,0,0,0,0,,0,,,6,51,0,0,0,4,2.92664739867905,0,141,196,1737,10,0,0,1474,768,86,110.932370019895,0,1.17842605156038,0.272980501392758,0.244931871053506,0.580923061826591,0,238.8,379.8
2011,REG+POST,00-0022684,D.Jones,Donnie Jones,P,SPEC,"https://static.www.nfl.com/image/private/f_auto,q_auto/league/qds7simibz6lt6ckf5yo",1,LA,0,0,0,0,0,0,0,0,0,0,0,0,,0,,,1,9,0,0,0,0,-1.20005685952492,0,0,0,0,0,0,0,0,0,0,,0,,,,,0,0.9,0.9
2011,REG+POST,00-0022714,,Kris Wilson,TE,TE,,2,BAL,0,0,0,0,0,0,0,0,0,0,0,0,,0,,,0,0,0,0,0,0,,0,1,2,1,1,0,0,12,0,1,0.891904821328353,0,0.0833333333333333,0.0317460317460317,0.0170212765957447,0.0595339412360689,0,6.1,7.1
2011,REG+POST,00-0022725,,Michael Clayton,WR,WR,,1,NYG,0,0,0,0,0,0,0,0,0,0,0,0,,0,,,0,0,0,0,0,0,,0,0,1,0,0,0,0,2,0,0,-0.439114130917005,0,0.0,0.0256410256410256,0.0051679586563307,0.04207910952097,0,0.0,0.0
2011,REG+POST,00-0022726,,Keary Colbert,WR,WR,,6,KC,0,0,0,0,0,0,0,0,0,0,0,0,,0,,,0,0,0,0,0,0,,0,9,12,89,0,1,0,86,31,4,-1.25129688880406,0,1.03488372093023,0.0641711229946524,0.053582554517134,0.133764472653972,0,8.9,17.9
2011,REG+POST,00-0022736,,Steven Jackson,RB,RB,"https://static.www.nfl.com/image/private/f_auto,q_auto/league/abl5wejuf448xw3jtphm",15,LA,0,0,0,0,0,0,0,0,0,0,0,0,,0,,,260,1145,5,1,0,50,-18.008186612032,0,42,58,333,1,1,1,89,311,17,-6.61998063543394,0,3.74157303370787,0.124197002141328,0.0210950462194833,0.20106203556563,0,181.8,223.8
2011,REG+POST,00-0022738,,Chris Cooley,TE,TE,,5,WAS,0,0,0,0,0,0,0,0,0,0,0,0,,0,,,2,3,0,0,0,1,-1.28243549796753,0,8,13,65,0,0,0,43,42,3,-2.11765640450176,0,1.51162790697674,0.0738636363636364,0.0289367429340511,0.13105117459929,0,6.8,14.8
2011,REG+POST,00-0022766,,Patrick Crayton,WR,WR,,12,LAC,0,0,0,0,0,0,0,0,0,0,0,0,,0,,,0,0,0,0,0,0,,0,23,34,248,1,1,0,249,99,17,0.123278666101454,0,0.995983935742972,0.0796252927400469,0.0616489230007428,0.16259218521059,0,30.8,53.8
2011,REG+POST,00-0022770,,Derrick Ward,RB,RB,,5,HOU,0,0,0,0,0,0,0,0,0,0,0,0,,0,,,45,154,2,0,0,11,-6.53966916160425,0,0,1,0,0,0,0,2,0,0,-1.19150045316201,0,0.0,0.032258064516129,0.0087719298245614,0.0545274476513865,0,27.4,27.4
2011,REG+POST,00-0022771,,Eugene Amano,C,OL,,1,TEN,0,0,0,0,0,0,0,0,0,0,0,0,,0,,,0,0,0,0,0,0,,0,1,1,7,0,0,0,0,7,0,0.275928622926585,0,0.0,0.0294117647058824,,,0,0.7,1.7
2011,REG+POST,00-0022781,,Michael Jenkins,WR,WR,,11,MIN,0,0,0,0,0,0,0,0,0,0,0,0,,0,,,0,0,0,0,0,0,,0,38,55,466,3,2,2,634,101,23,0.77853113978074,0,0.735015772870662,0.169230769230769,0.222222222222222,0.409401709401709,0,60.6,98.6
2011,REG+POST,00-0022787,M.Schaub,Matt Schaub,QB,QB,"https://static.www.nfl.com/image/private/f_auto,q_auto/league/mj2kh2nddxnw04ludcx0",10,HOU,178,292,2479,15,6,16,98,2,1,2463,1189,118,63.5449550266121,0,1.00649614291514,0.126390168063107,15,9,2,1,0,3,-6.55771542066941,0,0,0,0,0,0,0,0,0,0,,0,,,,,0,158.06,158.06
2011,REG+POST,00-0022803,E.Manning,Eli Manning,QB,QB,"https://static.www.nfl.com/image/private/f_auto,q_auto/league/w51tf8uedjftbr4qpaex",20,NYG,465,752,6152,38,17,39,274,7,4,7127,2582,277,135.870312584489,0,0.863196295776624,0.135483359751301,43,35,1,2,0,3,-14.4728361099875,0,0,0,0,0,0,0,0,0,0,,0,,,,,0,365.58,365.58
2011,REG+POST,00-0022807,,Bernard Berrian,WR,WR,,5,MIN,0,0,0,0,0,0,0,0,0,0,0,0,,0,,,0,0,0,0,0,0,,0,7,23,91,0,0,0,355,7,3,-9.79955946192471,0,0.256338028169014,0.150326797385621,0.27734375,0.419630821078431,0,9.1,16.1
2011,REG+POST,00-0022811,,Jerricho Cotchery,WR,WR,"https://static.www.nfl.com/image/private/f_auto,q_auto/league/hkq2dmfj7mbgbuejiloy",11,PIT,0,0,0,0,0,0,0,0,0,0,0,0,,0,,,1,3,0,0,0,0,0.100789403339149,0,17,32,268,3,0,0,347,64,14,14.319275512644,0,0.772334293948127,0.08,0.104110411041104,0.192877287728773,0,45.1,62.1
2011,REG+POST,00-0022821,,Michael Turner,RB,RB,,17,ATL,0,0,0,0,0,0,0,0,0,0,0,0,,0,,,316,1381,11,3,2,65,-19.9008987355068,0,18,27,173,0,0,0,39,146,8,6.27639514824841,0,4.43589743589744,0.054,0.0107497243660419,0.0885248070562293,0,217.4,235.4
2011,REG+POST,00-0022824,A.Lee,Andy Lee,P,SPEC,"https://static.www.nfl.com/image/private/f_auto,q_auto/league/bfozbs2h9jueavslvw3z",1,SF,0,0,0,0,0,0,0,0,0,0,0,0,,0,,,1,-18,0,0,0,0,-1.77496128698112,0,0,0,0,0,0,0,0,0,0,,0,,,,,0,-1.8,-1.8
2011,REG+POST,00-0022863,,Isaac Sopoaga,NT,DL,,1,SF,0,0,0,0,0,0,0,0,0,0,0,0,,0,,,0,0,0,0,0,0,,0,1,1,18,0,0,0,4,14,1,1.87919952147058,0,4.5,0.0416666666666667,0.0194174757281553,0.0760922330097087,0,1.8,2.8
2011,REG+POST,00-0022864,L.McCown,Luke McCown,QB,QB,"https://static.www.nfl.com/image/private/f_auto,q_auto/league/pj2lbdhplppzlywlzsbr",4,JAX,30,56,296,0,4,4,38,1,0,362,140,13,-28.0839341610306,0,0.81767955801105,-0.0327444760739347,7,23,0,1,1,3,-1.68969720113091,0,0,0,0,0,0,0,0,0,0,,0,,,,,0,4.14,4.14
2011,REG+POST,00-0022897,,Greg Jones,RB,RB,,8,JAX,0,0,0,0,0,0,0,0,0,0,0,0,,0,,,2,7,1,0,0,1,1.50125502067385,0,4,9,19,0,0,0,18,16,2,-1.66718810232123,0,1.05555555555556,0.0394736842105263,0.0115163147792706,0.0672719466612789,0,8.6,12.6
2011,REG+POST,00-0022909,,Roy Williams,WR,WR,,15,CHI,0,0,0,0,0,0,0,0,0,0,0,0,,0,,,0,0,0,0,0,0,,0,37,63,507,2,0,0,812,117,29,10.2761777745184,0,0.624384236453202,0.149289099526066,0.210199326947968,0.371073178152677,0,62.7,99.7
2011,REG+POST,00-0022910,,Lee Evans,WR,WR,,11,BAL,0,0,0,0,0,0,0,0,0,0,0,0,,0,,,0,0,0,0,0,0,,0,8,31,143,0,0,0,542,14,7,-16.1650780017545,0,0.263837638376384,0.101973684210526,0.202314296379246,0.294580533781262,0,14.3,22.3
2011,REG+POST,00-0022912,,J.P. Losman,QB,QB,,1,MIA,6,10,60,0,0,5,38,0,0,90,23,3,-4.51448617098504,0,0.666666666666667,0.061227522847141,2,1,0,1,0,0,-3.39404537831433,0,0,0,0,0,0,0,0,0,0,,0,,,,,0,2.5,2.5
2011,REG+POST,00-0022921,L.Fitzgerald,Larry Fitzgerald,WR,WR,"https://static.www.nfl.com/image/private/f_auto,q_auto/league/ycgjjaad5un42gy4pnga",16,ARI,0,0,0,0,0,0,0,0,0,0,0,0,,0,,,0,0,0,0,0,0,,0,80,154,1411,8,0,0,2054,488,61,32.1266368845037,0,0.686952288218111,0.284658040665434,0.422720724428895,0.722891568098378,0,189.1,269.1
2011,REG+POST,00-0022922,,Kellen Winslow,TE,TE,,16,TB,0,0,0,0,0,0,0,0,0,0,0,0,,0,,,0,0,0,0,0,0,,0,75,121,763,2,2,1,963,248,40,-26.3050471732065,2,0.792315680166148,0.208620689655172,0.220820912634717,0.46750567332706,0,90.3,165.3
2011,REG+POST,00-0022924,B.Roethlisberger,Ben Roethlisberger,QB,QB,"https://static.www.nfl.com/image/private/f_auto,q_auto/league/vziogpnyp9d0xtpiuqhr",16,PIT,346,553,4366,22,15,45,314,8,5,5236,1857,221,81.8350612745481,0,0.833842627960275,0.115966272945654,34,85,0,1,0,6,-4.05149760327257,0,0,0,0,0,0,0,0,0,0,,0,,,,,0,231.14,231.14
2011,REG+POST,00-0022929,,Devery Henderson,WR,WR,,17,NO,0,0,0,0,0,0,0,0,0,0,0,0,,0,,,2,13,0,0,0,1,1.32282955007395,0,38,60,616,3,1,0,799,201,27,34.0573470993429,0,0.770963704630788,0.0826446280991736,0.143369818769065,0.224325815287106,0,80.9,118.9
2011,REG+POST,00-0022942,P.Rivers,Philip Rivers,QB,QB,"https://static.www.nfl.com/image/private/f_auto,q_auto/league/voakyrtj34sghkwxaxxf",16,LAC,366,582,4624,27,20,30,198,7,4,5222,1974,234,101.689213275046,1,0.885484488701647,0.13900540847118,26,36,1,1,1,6,-9.41229405864125,0,0,0,0,0,0,0,0,0,0,,0,,,,,0,254.56,254.56
2011,REG+POST,00-0022943,B.Watson,Benjamin Watson,TE,TE,"https://static.www.nfl.com/image/private/f_auto,q_auto/league/dorymozpdnrllkqlfzpu",13,CLE,0,0,0,0,0,0,0,0,0,0,0,0,,0,,,0,0,0,0,0,0,,0,37,71,410,2,0,0,491,193,21,5.6858328338538,0,0.835030549898167,0.154684095860566,0.145567743848206,0.333923564484594,0,53.0,90.0
2011,REG+POST,00-0022984,,Ryan Grant,RB,RB,,16,GB,0,0,0,0,0,0,0,0,0,0,0,0,,0,,,142,592,2,1,1,28,-16.2902874167105,0,22,29,285,1,1,1,2,293,10,7.72674755717162,0,142.5,0.0631808278867102,0.000503144654088,0.095123443087927,0,101.7,123.7
2011,REG+POST,00-0022999,J.Kuhn,John Kuhn,FB,RB,"https://static.www.nfl.com/image/private/f_auto,q_auto/league/nbcwgq2o0ymmx4czvr4b",16,GB,0,0,0,0,0,0,0,0,0,0,0,0,,0,,,31,80,4,1,1,9,-8.79680708947126,0,16,21,85,3,0,0,30,63,6,3.85662169410808,0,2.83333333333333,0.0398481973434535,0.0069013112491373,0.0646032138895764,0,56.5,72.5
2011,REG+POST,00-0023060,,Chris Kluwe,P,SPEC,,2,MIN,0,0,0,0,0,0,0,0,0,0,0,0,,0,,,2,-12,0,1,0,0,-7.16259161499329,0,0,0,0,0,0,0,0,0,0,,0,,,,,0,-1.2,-1.2
2011,REG+POST,00-0023108,,Stephen Spach,TE,TE,,2,LA,0,0,0,0,0,0,0,0,0,0,0,0,,0,,,0,0,0,0,0,0,,0,2,3,2,0,0,0,4,0,0,-3.58769642841071,0,0.5,0.0416666666666667,0.0052562417871222,0.0661793692509855,0,0.2,2.2
2011,REG+POST,00-0023176,,Josh Cribbs,WR,WR,,15,CLE,0,0,0,0,0,1,7,0,0,0,0,0,-2.35160991900047,0,,,7,25,0,0,0,0,-1.77774844062515,0,41,67,518,4,0,0,592,231,27,20.075018023031,0,0.875,0.127376425855513,0.150025342118601,0.296082378266291,1,84.3,125.3
2011,REG+POST,00-0023310,,Lance Moore,WR,WR,"https://static.www.nfl.com/image/private/f_auto,q_auto/league/bfjxc892mfkni8ywtheh",14,NO,0,0,0,0,0,0,0,0,0,0,0,0,,0,,,0,0,0,0,0,0,,0,52,73,627,8,0,0,740,157,35,45.5987321531258,2,0.847297297297297,0.127177700348432,0.170193192272309,0.309901785113265,0,114.7,166.7
2011,REG+POST,00-0023367,,Nate Washington,WR,WR,,16,TEN,0,0,0,0,0,0,0,0,0,0,0,0,,0,,,2,5,1,0,0,1,2.59007316318457,0,74,121,1023,7,0,0,1339,318,47,31.1620565758078,0,0.764002987303958,0.208261617900172,0.285014899957429,0.511902856820458,0,150.8,224.8
2011,REG+POST,00-0023408,,Greg Camarillo,WR,WR,,8,MIN,0,0,0,0,0,0,0,0,0,0,0,0,,0,,,0,0,0,0,0,0,,0,9,24,121,0,0,0,260,12,6,-1.22524352680193,0,0.465384615384615,0.0872727272727273,0.10061919504644,0.201342527441599,0,12.1,21.1
2011,REG+POST,00-0023429,,Rashied Davis,WR,WR,,4,DET,0,0,0,0,0,0,0,0,0,0,0,0,,0,,,0,0,0,0,0,0,,0,4,5,63,0,0,0,30,35,4,1.49662310612621,0,2.1,0.027027027027027,0.0216919739696312,0.0557249223192824,0,6.3,10.3
2011,REG+POST,00-0023436,A.Smith,Alex Smith,QB,QB,"https://static.www.nfl.com/image/private/f_auto,q_auto/league/dpa5d1a8jj6jdymocjkx",18,SF,309,513,3639,22,5,51,316,7,3,3939,1689,163,17.8303186151698,1,0.923838537699924,0.0587290426805456,59,249,3,2,0,15,8.78956288258759,0,0,0,0,0,0,0,0,0,0,,0,,,,,0,262.46,262.46
2011,REG+POST,00-0023437,,Ronnie Brown,RB,RB,,13,PHI,0,0,0,0,0,0,0,0,0,0,0,0,,0,,,42,136,1,1,1,11,-5.03802219666312,0,0,2,0,0,0,0,8,0,0,-0.853396982303821,0,0.0,0.025974025974026,0.0106809078771696,0.0464376744750577,0,17.6,17.6
2011,REG+POST,00-0023438,,Braylon Edwards,WR,WR,,9,SF,0,0,0,0,0,0,0,0,0,0,0,0,,0,,,0,0,0,0,0,0,,0,15,34,181,0,0,0,307,47,9,-0.392127259857062,0,0.58957654723127,0.137651821862348,0.158084449021627,0.317136847108661,0,18.1,33.1
2011,REG+POST,00-0023439,,Cedric Benson,RB,RB,,16,CIN,0,0,0,0,0,0,0,0,0,0,0,0,,0,,,280,1081,7,5,2,54,-29.7209791595712,0,16,24,80,0,0,0,12,86,3,-3.29190950706834,0,6.66666666666667,0.055045871559633,0.0047770700636942,0.0859127563840355,0,154.1,170.1
2011,REG+POST,00-0023440,,Cadillac Williams,RB,RB,,11,LA,0,0,0,0,0,0,0,0,0,0,0,0,,0,,,87,361,1,0,0,19,-5.58378756372258,0,14,23,93,0,1,1,24,89,5,-7.02430093038129,0,3.875,0.0881226053639847,0.0112201963534362,0.140038045493382,0,49.4,63.4
2011,REG+POST,00-0023452,,Mike Williams,WR,WR,,12,SEA,0,0,0,0,0,0,0,0,0,0,0,0,,0,,,0,0,0,0,0,0,,0,18,38,236,1,0,0,414,58,13,-2.60658244183287,0,0.570048309178744,0.107954545454545,0.134941329856584,0.256390749081427,0,29.6,47.6
2011,REG+POST,00-0023457,,Mark Clayton,WR,WR,,1,LA,0,0,0,0,0,0,0,0,0,0,0,0,,0,,,0,0,0,0,0,0,,0,3,4,26,0,0,0,28,5,1,0.502846490591765,0,0.928571428571429,0.1,0.0693069306930693,0.198514851485149,0,2.6,5.6
2011,REG+POST,00-0023459,A.Rodgers,Aaron Rodgers,QB,QB,"https://static.www.nfl.com/image/upload/f_auto,q_auto/league/jdcb4nomlc4rd6k5l6to",16,GB,368,547,4900,47,7,40,242,5,1,4943,2108,223,222.754889006163,0,0.991300829455796,0.221343275407137,67,323,3,0,0,24,11.6566384821781,0,0,0,0,0,0,0,0,0,0,,0,,,,,0,418.3,418.3
2011,REG+POST,00-0023460,,Jason Campbell,QB,QB,,6,LV,100,165,1170,6,4,5,19,1,0,1664,445,56,20.3167558613518,0,0.703125,0.116666312245823,18,60,2,2,1,7,-1.94226288114442,0,0,0,0,0,0,0,0,0,0,,0,,,,,0,78.8,78.8
2011,REG+POST,00-0023462,,Roddy White,WR,WR,"https://static.www.nfl.com/image/private/f_auto,q_auto/league/f7dgklg6z49fbdltwuki",17,ATL,0,0,0,0,0,0,0,0,0,0,0,0,,0,,,0,0,0,0,0,0,,0,105,192,1348,8,0,0,2099,361,79,28.5282539501116,0,0.642210576464983,0.309178743961353,0.374286733238231,0.725768829208791,0,182.8,287.8
2011,REG+POST,00-0023465,,Heath Miller,TE,TE,"https://static.www.nfl.com/image/private/f_auto,q_auto/league/iqw8fry4hgfvegs9nfuf",17,PIT,0,0,0,0,0,0,0,0,0,0,0,0,,0,,,1,6,0,0,0,1,0.561612877994776,0,56,82,691,2,1,1,653,279,38,23.6734700587517,0,1.05819295558959,0.1421143847487,0.119772560528247,0.297012369492823,0,79.7,135.7
2011,REG+POST,00-0023490,,Roscoe Parrish,WR,WR,,2,BUF,0,0,0,0,0,0,0,0,0,0,0,0,,0,,,0,0,0,0,0,0,,0,1,4,16,0,0,0,59,16,1,-2.22552521899343,0,0.271186440677966,0.0563380281690141,0.101549053356282,0.155591379602919,0,1.6,2.6
2011,REG+POST,00-0023496,,Vincent Jackson,WR,WR,"https://static.www.nfl.com/image/private/f_auto,q_auto/league/kdquag2thcfulvrs0cbz",16,LAC,0,0,0,0,0,0,0,0,0,0,0,0,,0,,,3,51,0,0,0,1,2.50339485506993,0,60,115,1106,9,0,0,1998,192,54,22.6791181003084,0,0.553553553553554,0.202821869488536,0.389170237631476,0.576651970574838,0,169.7,229.7
2011,REG+POST,00-0023500,F.Gore,Frank Gore,RB,RB,"https://static.www.nfl.com/image/private/f_auto,q_auto/league/lxxkhd2suyalrbruzut7",18,SF,0,0,0,0,0,0,0,0,0,0,0,0,,0,,,311,1374,8,3,2,60,-33.434857536546,0,30,46,197,0,0,0,10,195,8,-13.3460644386795,0,19.7,0.105504587155963,0.0035625222657641,0.16075064631998,0,201.1,231.1
2011,REG+POST,00-0023506,,Alex Smith,TE,TE,"https://static.www.nfl.com/image/private/f_auto,q_auto/league/zcpxncjwcm6ggoiqt6ub",9,CLE,0,0,0,0,0,0,0,0,0,0,0,0,,0,,,0,0,0,0,0,0,,0,14,25,131,1,0,0,127,58,9,6.68727977689691,0,1.03149606299213,0.0748502994011976,0.0502174772637406,0.147427683186415,0,19.1,33.1
2011,REG+POST,00-0023534,D.Colquitt,Dustin Colquitt,P,SPEC,"https://static.www.nfl.com/image/private/f_auto,q_auto/league/v1aymd6o0vpg73ytxzhu",1,KC,0,0,0,0,0,0,0,0,0,0,0,0,,0,,,1,-3,0,1,0,0,-2.33312571700662,0,0,0,0,0,0,0,0,0,0,,0,,,,,0,-0.3,-0.3
2011,REG+POST,00-0023541,,Kyle Orton,QB,QB,,9,KC,150,252,1758,9,9,10,54,2,2,1981,751,94,17.4748851856494,0,0.887430590610803,0.0700725775569723,11,13,0,0,0,2,-1.52062792438664,0,0,0,0,0,0,0,0,0,0,,0,,,,,0,85.62,85.62
2011,REG+POST,00-0023544,,Marion Barber,RB,RB,,11,CHI,0,0,0,0,0,0,0,0,0,0,0,0,,0,,,114,422,6,1,1,26,-11.972849810496,0,5,9,50,0,0,0,15,49,1,-7.85794828872155,0,3.33333333333333,0.0514285714285714,0.0122249388753056,0.0857003143555711,0,81.2,86.2
2011,REG+POST,00-0023545,,Brandon Jacobs,RB,RB,,18,NYG,0,0,0,0,0,0,0,0,0,0,0,0,,0,,,189,735,8,3,0,41,-16.3088770938339,1,19,28,144,1,0,0,15,136,6,1.41322338231839,0,9.6,0.0503597122302158,0.0029585798816568,0.0776105742624835,0,143.9,162.9
2011,REG+POST,00-0023564,D.Sproles,Darren Sproles,RB,RB,"https://static.www.nfl.com/image/private/f_auto,q_auto/league/gvj5ng27blmwuz170aeo",18,NO,0,0,0,0,0,0,0,0,0,0,0,0,,0,,,101,658,4,0,0,32,26.2279892818927,0,105,136,862,8,0,0,121,838,41,15.9608903160964,1,7.12396694214876,0.177777777777778,0.0204460966542751,0.280978934324659,1,232.0,337.0
2011,REG+POST,00-0023578,D.Orlovsky,Dan Orlovsky,QB,QB,"https://static.www.nfl.com/image/private/f_auto,q_auto/league/vr8juuraecwssjnviglf",8,IND,122,193,1201,6,4,14,84,7,3,1475,379,70,4.89246466945884,0,0.814237288135593,0.0832510996566103,6,5,0,0,0,0,1.52545907365857,0,0,0,0,0,0,0,0,0,0,,0,,,,,0,58.54,58.54
2011,REG+POST,00-0023630,,Joel Dreessen,TE,TE,,17,HOU,0,0,0,0,0,0,0,0,0,0,0,0,,0,,,0,0,0,0,0,0,,0,28,40,353,6,0,0,313,149,17,25.6195042393207,0,1.12779552715655,0.0816326530612245,0.0769419862340216,0.176308369955652,0,71.3,99.3
2011,REG+POST,00-0023645,D.Anderson,Derek Anderson,QB,QB,"https://static.www.nfl.com/image/private/f_auto,q_auto/league/w191gsxivnqgdwgydka6",2,CAR,0,0,0,0,0,0,0,0,0,0,0,0,,0,,,2,-2,0,0,0,0,0.0,0,0,0,0,0,0,0,0,0,0,,0,,,,,0,-0.2,-0.2
2011,REG+POST,00-0023662,M.Cassel,Matt Cassel,QB,QB,"https://static.www.nfl.com/image/private/f_auto,q_auto/league/n1ucqggyu5hlsqzuv5gj",9,KC,160,269,1713,10,9,22,120,4,2,2444,682,83,-20.8250085755145,0,0.700900163666121,0.0274707933092966,25,99,0,1,0,5,-3.95054884059937,0,1,1,-4,0,0,0,-4,0,0,-1.0850285589695,0,0.0,0.0277777777777778,-0.0145454545454545,0.0314848484848485,0,96.02,97.02
2011,REG+POST,00-0023679,,Billy Bajema,TE,TE,,8,LA,0,0,0,0,0,0,0,0,0,0,0,0,,0,,,0,0,0,0,0,0,,0,9,14,71,0,0,0,89,17,2,-1.13198294182075,0,0.797752808988764,0.0474576271186441,0.0359305611626968,0.0963378334918539,0,7.1,16.1
2011,REG+POST,00-0023682,R.Fitzpatrick,Ryan Fitzpatrick,QB,QB,"https://static.www.nfl.com/image/private/f_auto,q_auto/league/pkhhxwplsawnhln9rsun",16,BUF,353,569,3832,24,23,22,148,2,0,4315,1866,178,-6.18484555746476,0,0.888064889918888,0.0702818709623421,56,215,0,5,2,19,-2.49494602932178,1,0,0,0,0,0,0,0,0,0,,0,,,,,0,222.78,222.78
2011,REG+POST,00-0023752,,Daniel Fells,TE,TE,"https://static.www.nfl.com/image/private/f_auto,q_auto/league/lhecgqac5nourex1czfo",14,DEN,0,0,0,0,0,0,0,0,0,0,0,0,,0,,,0,0,0,0,0,0,,0,21,33,313,3,2,1,362,96,15,10.1047293262358,0,0.864640883977901,0.0831234256926952,0.0826861580630425,0.182565449183173,0,47.3,68.3
2011,REG+POST,00-0023921,,Miles Austin,WR,WR,"https://static.www.nfl.com/image/private/f_auto,q_auto/league/tuwhvxan7v0gisbei4an",10,DAL,0,0,0,0,0,0,0,0,0,0,0,0,,0,,,2,3,0,1,0,0,-0.763306262212845,0,43,73,579,7,0,0,749,191,31,26.0533314236102,0,0.773030707610147,0.211594202898551,0.295580110497238,0.524297381695892,0,100.2,143.2
2011,REG+POST,00-0023953,,Sam Hurd,WR,WR,,7,CHI,0,0,0,0,0,0,0,0,0,0,0,0,,0,,,0,0,0,0,0,0,,0,8,15,109,0,1,0,188,35,5,-1.10610121816191,0,0.579787234042553,0.0704225352112676,0.0986876640419947,0.174715167646298,0,10.9,18.9
2011,REG+POST,00-0023968,,Micheal Spurlock,WR,WR,,5,TB,0,1,0,0,0,0,0,0,0,38,0,0,-0.467064268654212,0,0.0,,0,0,0,0,0,0,,0,2,6,13,0,0,0,100,4,0,-9.3340542348451,0,0.13,0.0437956204379562,0.101522842639594,0.13675942050465,0,1.3,3.3
2011,REG+POST,00-0024103,,Montell Owens,RB,RB,,5,JAX,0,0,0,0,0,0,0,0,0,0,0,0,,0,,,10,39,0,0,0,3,1.30948791326955,0,2,3,2,0,0,0,0,8,0,-2.21883126662578,0,0.0,0.0410958904109589,0.0,0.0616438356164384,0,4.1,6.1
2011,REG+POST,00-0024110,,Steve Weatherford,P,SPEC,"https://static.www.nfl.com/image/private/f_auto,q_auto/league/jkpdalshsrmuxdn1jj4h",1,NYG,0,0,0,0,0,0,0,0,0,0,0,0,,0,,,1,0,0,0,0,0,-1.7408263089601,0,0,0,0,0,0,0,0,0,0,,0,,,,,0,0.0,0.0
2011,REG+POST,00-0024204,,Fred Jackson,RB,RB,"https://static.www.nfl.com/image/private/f_auto,q_auto/league/ibu4ltouiplhatsn4ptq",10,BUF,0,0,0,0,0,0,0,0,0,0,0,0,,0,,,170,934,6,2,2,40,-2.15174112950234,0,39,50,442,0,0,0,92,473,13,12.9916022644006,0,4.80434782608696,0.152439024390244,0.0382536382536383,0.255436083362913,0,169.6,208.6
2011,REG+POST,00-0024217,,Reggie Bush,RB,RB,"https://static.www.nfl.com/image/private/f_auto,q_auto/league/z2m2heolqx9sgobdks9v",15,MIA,0,0,0,0,0,0,0,0,0,0,0,0,,0,,,216,1086,6,4,2,40,-7.05971948960924,0,43,52,296,1,0,0,34,297,12,6.6988446956726,0,8.70588235294118,0.120092378752887,0.0083847102342786,0.186007865293325,0,176.2,219.2
2011,REG+POST,00-0024218,,Vince Young,QB,QB,,5,PHI,66,114,866,4,9,8,34,2,0,1293,312,39,-5.75062066798362,0,0.669760247486466,0.0391278814744072,18,79,0,0,0,4,-3.76956755379797,0,0,0,0,0,0,0,0,0,0,,0,,,,,0,40.54,40.54
2011,REG+POST,00-0024221,V.Davis,Vernon Davis,TE,TE,"https://static.www.nfl.com/image/private/f_auto,q_auto/league/so5ywayfeeu4zeijln5m",18,SF,0,0,0,0,0,0,0,0,0,0,0,0,,0,,,2,-5,0,0,0,0,-1.82468297689534,0,77,110,1084,10,3,1,1096,438,40,49.600185092128,0,0.989051094890511,0.213178294573643,0.276209677419355,0.513114216054014,0,165.9,242.9
2011,REG+POST,00-0024225,,Matt Leinart,QB,QB,,2,HOU,10,13,57,1,0,0,0,0,0,18,39,1,-2.61074360943369,0,3.16666666666667,0.0687959282878376,1,-1,0,0,0,0,0.0,0,0,0,0,0,0,0,0,0,0,,0,,,,,0,6.18,6.18
2011,REG+POST,00-0024226,J.Cutler,Jay Cutler,QB,QB,"https://static.www.nfl.com/image/private/f_auto,q_auto/league/ks6n7gvw4vccihlse6bn",10,CHI,182,314,2319,13,7,23,159,4,2,2753,972,106,4.54388131963946,0,0.842353795859063,0.0570227978154948,18,55,1,4,1,4,-9.09739532388628,0,0,0,0,0,0,0,0,0,0,,0,,,,,0,136.26,136.26
2011,REG+POST,00-0024234,,Antonio Cromartie,CB,DB,,1,NYJ,0,0,0,0,0,0,0,0,0,0,0,0,,0,,,1,1,0,0,0,0,-0.482962344074622,0,0,0,0,0,0,0,0,0,0,,0,,,,,0,0.1,0.1
2011,REG+POST,00-0024240,,Santonio Holmes,WR,WR,,16,NYJ,0,0,0,0,0,0,0,0,0,0,0,0,,0,,,3,27,0,0,0,1,1.35286417347379,0,51,101,654,8,2,1,1060,187,34,-6.97473185925416,0,0.616981132075472,0.186691312384473,0.237508402419897,0.446292850270638,0,114.1,165.1
2011,REG+POST,00-0024242,,DeAngelo Williams,RB,RB,"https://static.www.nfl.com/image/private/f_auto,q_auto/league/oky9ooitgqa1fgwdll6b",16,CAR,0,0,0,0,0,0,0,0,0,0,0,0,,0,,,155,836,7,0,0,32,5.53426941216458,0,16,25,135,0,0,0,-13,156,6,-3.88441380951554,0,-10.3846153846154,0.0649350649350649,-0.0041989664082687,0.0944633209168093,0,139.1,155.1
2011,REG+POST,00-0024243,M.Lewis,Marcedes Lewis,TE,TE,"https://static.www.nfl.com/image/private/f_auto,q_auto/league/ppq07tipygpftz5csipx",15,JAX,0,0,0,0,0,0,0,0,0,0,0,0,,0,,,0,0,0,0,0,0,,0,39,85,460,0,0,0,725,154,22,-25.198578468492,0,0.63448275862069,0.192307692307692,0.215581326196848,0.439368466799332,0,46.0,85.0
2011,REG+POST,00-0024245,,Joseph Addai,RB,RB,,12,IND,0,0,0,0,0,0,0,0,0,0,0,0,,0,,,118,433,1,1,0,16,-16.600961234989,0,15,22,93,0,0,0,-4,102,5,-8.27190430165501,0,-23.25,0.0578947368421053,-0.0012139605462822,0.0859923328807603,0,58.6,73.6
2011,REG+POST,00-0024264,K.Clemens,Kellen Clemens,QB,QB,"https://static.www.nfl.com/image/private/f_auto,q_auto/league/pxungqbhh61ov73tzaxk",3,LA,48,91,546,2,1,9,68,1,0,887,187,28,-15.3294226769294,0,0.615558060879369,-0.0275860144274731,6,37,1,0,0,1,0.125428076018579,0,0,1,0,0,0,0,6,0,0,-4.66049173334613,0,0.0,0.0294117647058824,0.0146699266503667,0.0543865957140803,0,37.54,37.54
2011,REG+POST,00-0024267,,Greg Jennings,WR,WR,"https://static.www.nfl.com/image/private/f_auto,q_auto/league/jiemkcfkc893pfova8xv",14,GB,0,0,0,0,0,0,0,0,0,0,0,0,,0,,,0,0,0,0,0,0,,0,71,108,989,9,0,0,1296,282,46,54.6965135431468,0,0.763117283950617,0.225469728601253,0.302168337607834,0.549722429227363,0,152.9,223.9
2011,REG+POST,00-0024268,A.Fasano,Anthony Fasano,TE,TE,"https://static.www.nfl.com/image/private/f_auto,q_auto/league/twcrap9uhjbazmplq5x3",15,MIA,0,0,0,0,0,0,0,0,0,0,0,0,,0,,,0,0,0,0,0,0,,0,32,54,451,5,0,0,575,99,25,20.1743721252079,0,0.784347826086957,0.124711316397229,0.139023210831722,0.284383222178048,0,75.1,107.1
2011,REG+POST,00-0024272,,Devin Hester,WR,WR,"https://static.www.nfl.com/image/private/f_auto,q_auto/league/jtntm2ci9doez4qxbx0c",12,CHI,0,0,0,0,0,0,0,0,0,0,0,0,,0,,,1,-6,0,0,0,0,-1.36784842587076,0,26,56,369,1,1,0,592,148,15,6.63180796497228,0,0.623310810810811,0.16969696969697,0.209929078014184,0.401495809155384,3,60.3,86.3
2011,REG+POST,00-0024275,,Maurice Jones-Drew,RB,RB,,16,JAX,0,0,0,0,0,0,0,0,0,0,0,0,,0,,,343,1606,8,3,1,75,-14.4665896212715,0,43,63,374,3,2,0,3,400,18,10.9967479699891,0,124.666666666667,0.151807228915663,0.0009389671361502,0.228368120368799,0,262.0,305.0
2011,REG+POST,00-0024276,,Tony Scheffler,TE,TE,,16,DET,0,0,0,0,0,0,0,0,0,0,0,0,,0,,,1,5,0,1,0,0,0.176797361113131,0,27,46,354,6,0,0,514,50,21,23.4009982610587,1,0.688715953307393,0.0693815987933635,0.0915568222301389,0.168162173751143,0,73.9,100.9
2011,REG+POST,00-0024279,,Tarvaris Jackson,QB,QB,"https://static.www.nfl.com/image/private/f_auto,q_auto/league/bqukmeneztibnhrjko0q",15,SEA,271,450,3091,14,13,42,293,6,4,3969,1362,138,-13.8082576295128,0,0.778785588309398,0.0543811466934146,40,108,1,3,1,7,-18.9299037947444,0,0,0,0,0,0,0,0,0,0,,0,,,,,0,160.44,160.44
2011,REG+POST,00-0024287,,Leonard Pope,TE,TE,,14,KC,0,0,0,0,0,0,0,0,0,0,0,0,,0,,,0,0,0,0,0,0,,0,24,34,247,1,0,0,186,125,12,6.37058077390398,0,1.32795698924731,0.0783410138248848,0.0533409807857757,0.15485020728737,0,30.7,54.7
2011,REG+POST,00-0024294,,Jerious Norwood,RB,RB,,7,LA,0,1,0,0,1,0,0,0,0,6,0,0,-4.66049173334613,0,0.0,,24,61,0,0,0,1,-8.3994837788954,0,0,1,0,0,0,0,3,0,0,-0.555100737605244,0,0.0,0.03125,0.0084033613445378,0.0527573529411765,0,4.1,4.1
2011,REG+POST,00-0024296,,Charlie Whitehurst,QB,QB,,3,SEA,27,56,298,1,1,8,46,2,1,561,124,14,-22.3900479282238,0,0.531194295900178,-0.0242426952283338,4,13,0,0,0,1,0.807031319243833,0,0,0,0,0,0,0,0,0,0,,0,,,,,0,13.22,13.22
2011,REG+POST,00-0024297,,Derek Hagan,WR,WR,,9,BUF,0,0,0,0,0,0,0,0,0,0,0,0,,0,,,0,0,0,0,0,0,,0,24,42,252,1,0,0,483,42,15,4.47856271292173,0,0.521739130434783,0.130030959752322,0.156716417910448,0.304747932165796,0,31.2,55.2
2011,REG+POST,00-0024301,,David Thomas,TE,TE,,5,NO,0,0,0,0,0,0,0,0,0,0,0,0,,0,,,0,0,0,0,0,0,,0,5,9,16,0,0,0,32,13,0,-3.24234201485524,0,0.5,0.0434782608695652,0.0239700374531835,0.0819964175215763,0,1.6,6.6
2011,REG+POST,00-0024305,,Maurice Stovall,WR,WR,,3,DET,0,0,0,0,0,0,0,0,0,0,0,0,,0,,,0,0,0,0,0,0,,0,1,3,8,0,0,0,16,10,1,-0.553022047737613,0,0.5,0.0230769230769231,0.0162932790224033,0.0460206799310669,0,0.8,1.8
2011,REG+POST,00-0024313,,Owen Daniels,TE,TE,"https://static.www.nfl.com/image/private/f_auto,q_auto/league/ktxkz5tzddboxst5xfh8",17,HOU,0,0,0,0,0,0,0,0,0,0,0,0,,0,,,0,0,0,0,0,0,,0,58,94,732,3,0,0,809,295,44,30.2631110142584,0,0.904820766378245,0.196242171189979,0.193170964660936,0.429582932047624,0,91.2,149.2
2011,REG+POST,00-0024315,,Michael Robinson,FB,RB,,10,SEA,0,0,0,0,0,0,0,0,0,0,0,0,,0,,,4,7,0,1,1,1,-5.20594367384911,0,9,14,74,1,0,0,45,69,4,3.04575638892129,0,1.64444444444444,0.0562248995983936,0.0226244343891403,0.100174453469989,1,18.1,27.1
2011,REG+POST,00-0024318,,Brad Smith,QB,QB,,13,BUF,0,1,0,0,1,1,6,0,0,51,0,0,-2.2971893590875,0,0.0,,20,87,1,0,0,7,0.812395303917583,0,23,42,240,1,0,0,419,104,10,-0.794865702438139,0,0.572792362768496,0.116022099447514,0.157637321294206,0.284379274077215,0,42.7,65.7
2011,REG+POST,00-0024324,,Jason Avant,WR,WR,"https://static.www.nfl.com/image/private/f_auto,q_auto/league/nnis5ib42eoeu8bjjpdc",16,PHI,0,0,0,0,0,0,0,0,0,0,0,0,,0,,,0,0,0,0,0,0,,0,52,81,679,1,2,1,856,173,33,21.6965342647585,0,0.793224299065421,0.149446494464945,0.161083929243508,0.336928492167872,0,71.9,123.9
2011,REG+POST,00-0024332,,Leon Washington,RB,RB,,16,SEA,0,0,0,0,0,0,0,0,0,0,0,0,,0,,,53,248,1,0,0,8,-5.30047687661136,0,10,14,48,0,0,0,-9,52,2,-3.59937600739067,0,-5.33333333333333,0.0492957746478873,-0.0034735623311462,0.0715121683400286,0,35.6,45.6
2011,REG+POST,00-0024334,B.Marshall,Brandon Marshall,WR,WR,"https://static.www.nfl.com/image/private/f_auto,q_auto/league/jhziqh0scfksvxen6f3s",16,MIA,0,0,0,0,0,0,0,0,0,0,0,0,,0,,,1,13,0,0,0,1,0.81974483281374,0,81,142,1214,6,1,1,1779,293,53,33.98759299984,0,0.682405845980888,0.305376344086022,0.388427947598253,0.72996407944781,0,156.7,237.7
2011,REG+POST,00-0024344,,Guy Whimper,T,OL,,1,JAX,0,0,0,0,0,0,0,0,0,0,0,0,,0,,,0,0,0,0,0,0,,0,1,1,17,0,0,0,4,13,1,1.37299273209646,0,4.25,0.0303030303030303,0.032258064516129,0.0680351906158358,0,1.7,2.7
2011,REG+POST,00-0024345,,Domenik Hixon,WR,WR,,2,NYG,0,0,0,0,0,0,0,0,0,0,0,0,,0,,,0,0,0,0,0,0,,0,4,6,50,1,0,0,61,0,3,2.81329452170758,0,0.819672131147541,0.0967741935483871,0.101328903654485,0.21609152288072,0,11.0,15.0
2011,REG+POST,00-0024359,,Jerome Harrison,RB,RB,,3,DET,0,0,0,0,0,0,0,0,0,0,0,0,,0,,,14,41,0,0,0,3,-4.51002617418999,0,1,2,3,0,0,0,3,-1,0,-0.64651190629229,0,1.0,0.0434782608695652,0.008695652173913,0.071304347826087,0,4.4,5.4
2011,REG+POST,00-0024369,,Jeff King,TE,TE,,13,ARI,0,0,0,0,0,0,0,0,0,0,0,0,,0,,,0,0,0,0,0,0,,0,27,34,271,3,0,0,215,129,13,11.3107322767028,0,1.26046511627907,0.0767494356659142,0.0540201005025126,0.15293822385063,0,45.1,72.1
2011,REG+POST,00-0024389,De.Walker,Delanie Walker,TE,TE,"https://static.www.nfl.com/image/private/f_auto,q_auto/league/diknegkpqy0qnri7877z",13,SF,0,0,0,0,0,0,0,0,0,0,0,0,,0,,,3,5,0,0,0,1,-2.63739288458601,0,21,39,234,3,1,0,276,92,10,4.21234411701587,0,0.847826086956522,0.105405405405405,0.095205243187306,0.224751778339222,0,41.9,62.9
2011,REG+POST,00-0024394,,Lawrence Vickers,FB,RB,,6,HOU,0,0,0,0,0,0,0,0,0,0,0,0,,0,,,1,0,0,0,0,0,-1.29458381142467,0,4,8,29,0,0,0,18,21,2,-1.81184916460188,0,1.61111111111111,0.0457142857142857,0.0133729569093611,0.0779324984079813,0,2.9,6.9
2011,REG+POST,00-0024408,,Bruce Gradkowski,QB,QB,,2,CIN,8,18,109,1,1,1,7,0,0,179,68,4,-4.67018818622455,0,0.608938547486034,-0.0609126269121181,3,1,0,0,0,1,0.426110284694005,0,0,0,0,0,0,0,0,0,0,,0,,,,,0,6.46,6.46
2011,REG+POST,00-0024417,S.Koch,Sam Koch,P,SPEC,"https://static.www.nfl.com/image/private/f_auto,q_auto/league/dw34lcf6qit1i1knjhpv",1,BAL,0,0,0,0,0,0,0,0,0,0,0,0,,0,,,0,0,0,0,0,0,,1,0,0,0,0,0,0,0,0,0,,0,,,,,0,2.0,2.0
2011,REG+POST,00-0024447,,Devin Aromashodu,WR,WR,,15,MIN,0,0,0,0,0,0,0,0,0,0,0,0,,0,,,0,0,0,0,0,0,,0,26,84,468,1,1,0,1395,115,21,-18.7865112327446,0,0.335483870967742,0.171079429735234,0.31798495555049,0.479208613488194,0,52.8,78.8
2011,REG+POST,00-0024463,,Ben Obomanu,WR,WR,,16,SEA,0,0,0,0,0,0,0,0,0,0,0,0,,0,,,1,13,0,0,0,1,0.785458473488689,0,37,61,436,2,0,0,710,124,16,6.78115212514703,0,0.614084507042254,0.121756487025948,0.155429071803853,0.291435080801619,0,56.9,93.9
2011,REG+POST,00-0024465,,David Anderson,WR,WR,,5,WAS,0,0,0,0,0,0,0,0,0,0,0,0,,0,,,0,0,0,0,0,0,,0,7,16,79,1,0,0,167,16,5,3.04740247286774,0,0.473053892215569,0.0812182741116751,0.101150817686251,0.192632983547888,0,13.9,20.9
2011,REG+POST,00-0024466,,Marques Colston,WR,WR,"https://static.www.nfl.com/image/private/f_auto,q_auto/league/hnnuo9nfwzwlakr2srdq",16,NO,0,0,0,0,0,0,0,0,0,0,0,0,,0,,,0,0,0,0,0,0,,0,98,128,1420,9,2,2,1492,331,70,98.7458547857773,0,0.951742627345844,0.187134502923977,0.274466519499632,0.472828318035707,0,192.0,290.0
2011,REG+POST,00-0024489,,Ahmard Hall,FB,RB,,8,TEN,0,0,0,0,0,0,0,0,0,0,0,0,,0,,,6,24,0,1,1,3,-0.659686309169047,0,9,14,46,0,0,0,-4,53,1,-2.57283768593334,0,-11.5,0.0549019607843137,-0.0022002200220022,0.0808127871610691,0,5.0,14.0
2011,REG+POST,00-0024535,E.Weems,Eric Weems,WR,WR,"https://static.www.nfl.com/image/private/f_auto,q_auto/league/kptsfekcpfukewtim9kz",6,ATL,0,0,0,0,0,0,0,0,0,0,0,0,,0,,,0,0,0,0,0,0,,0,11,15,90,0,0,0,147,30,5,4.57341361598865,0,0.612244897959184,0.0649350649350649,0.0690789473684211,0.145757860560492,0,9.0,20.0
2011,REG+POST,00-0024559,,D.J. Ware,RB,RB,,19,NYG,0,0,0,0,0,0,0,0,0,0,0,0,,0,,,50,173,0,0,0,7,-12.7965867058807,2,29,40,191,0,0,0,12,211,6,-14.7686980243411,0,15.9166666666667,0.0637958532695375,0.002172338884866,0.0972144171237124,0,40.4,69.4
2011,REG+POST,00-0024609,,Jesse Holley,WR,WR,,4,DAL,0,0,0,0,0,0,0,0,0,0,0,0,,0,,,0,0,0,0,0,0,,0,7,7,169,0,0,0,109,60,6,10.8070290612731,0,1.55045871559633,0.0476190476190476,0.0769230769230769,0.125274725274725,0,16.9,23.9
2011,REG+POST,00-0024756,,Matt Willis,WR,WR,,16,DEN,0,0,0,0,0,0,0,0,0,0,0,0,,0,,,0,0,0,0,0,0,,0,19,41,285,1,0,0,463,100,16,6.94569644152757,0,0.615550755939525,0.0960187353629976,0.0964382420329098,0.211534872467533,0,34.5,53.5
2011,REG+POST,00-0024812,,Tyler Palko,QB,QB,,6,KC,80,134,796,2,7,11,83,0,0,965,338,40,-26.4086538140268,0,0.824870466321243,0.0110930558545852,5,15,0,1,1,1,-5.05611778085586,0,0,0,0,0,0,0,0,0,0,,0,,,,,0,25.34,25.34
2011,REG+POST,00-0024813,,Pierre Thomas,RB,RB,"https://static.www.nfl.com/image/private/f_auto,q_auto/league/w58uf8rmlucv7qagwrfv",18,NO,0,0,0,0,0,0,0,0,0,0,0,0,,0,,,119,634,6,1,1,31,15.0141990527627,0,57,66,485,1,1,1,-45,530,21,12.4946626647753,0,-10.7777777777778,0.0862745098039216,-0.0078864353312302,0.123891259974021,0,149.9,206.9
2011,REG+POST,00-0025389,,Calvin Johnson,WR,WR,"https://static.www.nfl.com/image/private/f_auto,q_auto/league/z6dxib9sientn4m9cljh",17,DET,0,0,0,0,0,0,0,0,0,0,0,0,,0,,,1,11,0,0,0,0,-0.0477253450080752,0,109,176,1897,18,1,1,2461,564,86,80.6594469454234,0,0.770824867939862,0.247538677918425,0.412780945991278,0.660254679071532,0,296.8,405.8
2011,REG+POST,00-0025394,A.Peterson,Adrian Peterson,RB,RB,"https://static.www.nfl.com/image/private/f_auto,q_auto/league/ug2ua3skqc9f6vkbowxc",12,MIN,0,0,0,0,0,0,0,0,0,0,0,0,,0,,,208,970,12,1,0,49,10.5159998160671,0,18,23,139,1,0,0,-3,128,5,0.0003031422892303,0,-46.3333333333333,0.0777027027027027,-0.0012798634812286,0.115658149617194,0,188.9,206.9
2011,REG+POST,00-0025396,T.Ginn,Ted Ginn,WR,WR,"https://static.www.nfl.com/image/private/f_auto,q_auto/league/o4m4txrv9l7odyebnea4",13,SF,0,0,0,0,0,0,0,0,0,0,0,0,,0,,,9,71,0,0,0,4,2.94849322945811,0,20,36,231,0,0,0,396,46,12,1.83718194730777,0,0.583333333333333,0.111455108359133,0.159613059250302,0.278911804013911,2,42.2,62.2
2011,REG+POST,00-0025399,M.Lynch,Marshawn Lynch,RB,RB,"https://static.www.nfl.com/image/private/f_auto,q_auto/league/ddhpebfqtr9yxsnbx9ht",15,SEA,0,2,0,0,0,0,0,0,0,29,0,0,-0.749661591020413,0,0.0,,284,1204,12,3,2,63,-8.15386928693624,0,28,41,212,1,0,0,7,216,8,-5.57449835043594,0,30.2857142857143,0.100244498777506,0.0019230769230769,0.151712902012413,0,215.6,243.6
2011,REG+POST,00-0025410,,Dwayne Bowe,WR,WR,"https://static.www.nfl.com/image/private/f_auto,q_auto/league/ihvktvkw198qeclu6mtk",16,KC,0,0,0,0,0,0,0,0,0,0,0,0,,0,,,1,12,0,0,0,0,0.961450322996825,0,81,141,1159,5,1,0,1643,344,57,26.7068981987212,0,0.705416920267803,0.284274193548387,0.392968189428366,0.701489022922437,0,147.1,228.1
2011,REG+POST,00-0025414,,Robert Meachem,WR,WR,,17,NO,0,0,0,0,0,0,0,0,0,0,0,0,,0,,,5,26,0,0,0,1,0.304952610051259,0,48,73,788,7,0,0,1122,155,33,37.8494095507193,0,0.702317290552585,0.10041265474553,0.200249866143138,0.290793888418491,0,123.4,171.4
2011,REG+POST,00-0025415,J.Staley,Joe Staley,T,OL,"https://static.www.nfl.com/image/private/f_auto,q_auto/league/vzmoz5duiuoocv4qnyhl",1,SF,0,0,0,0,0,0,0,0,0,0,0,0,,0,,,0,0,0,0,0,0,,0,1,1,17,0,0,0,5,12,1,1.06390722433571,0,3.4,0.0416666666666667,0.0242718446601942,0.0794902912621359,0,1.7,2.7
2011,REG+POST,00-0025418,G.Olsen,Greg Olsen,TE,TE,"https://static.www.nfl.com/image/private/f_auto,q_auto/league/jevf1bubmrv2vvmiwq3r",16,CAR,0,0,0,0,0,0,0,0,0,0,0,0,,0,,,0,0,0,0,0,0,,0,45,89,540,5,1,1,953,199,27,8.84955453906838,1,0.566631689401889,0.173828125,0.194370793391801,0.396801742874261,0,84.0,129.0
2011,REG+POST,00-0025419,,Anthony Gonzalez,WR,WR,,2,IND,0,0,0,0,0,0,0,0,0,0,0,0,,0,,,0,0,0,0,0,0,,0,0,2,0,0,0,0,10,0,0,-2.80569305183599,0,0.0,0.0454545454545455,0.0255754475703325,0.0860846314810509,0,0.0,0.0
2011,REG+POST,00-0025423,,Kevin Kolb,QB,QB,,9,ARI,146,253,1955,9,8,30,219,7,2,2042,905,88,-8.0292221606531,0,0.957394711067581,0.0229631837484224,17,65,0,1,1,6,-0.594013545080088,0,0,0,0,0,0,0,0,0,0,,0,,,,,0,98.7,98.7
2011,REG+POST,00-0025424,E.Weddle,Eric Weddle,FS,DB,"https://static.www.nfl.com/image/private/f_auto,q_auto/league/lkawujcrkiyelnzqnups",1,LAC,0,0,0,0,0,0,0,0,0,0,0,0,,0,,,1,10,0,0,0,1,2.81882255920209,0,0,0,0,0,0,0,0,0,0,,0,,,,,0,1.0,1.0
2011,REG+POST,00-0025425,,Zach Miller,TE,TE,,13,SEA,0,0,0,0,0,0,0,0,0,0,0,0,,0,,,0,0,0,0,0,0,,0,25,44,233,0,0,0,356,81,10,-9.72810343850456,0,0.654494382022472,0.109452736318408,0.0967391304347826,0.23189649578196,0,23.3,48.3
2011,REG+POST,00-0025427,,John Beck,QB,QB,,4,WAS,80,132,858,2,4,16,84,3,1,1097,402,44,-22.6078729666317,1,0.782133090246126,0.0132240540143841,10,43,2,0,0,3,4.75613580353092,0,0,0,0,0,0,0,0,0,0,,0,,,,,0,50.62,50.62
2011,REG+POST,00-0025431,,Sidney Rice,WR,WR,,9,SEA,1,1,55,0,0,0,0,0,0,45,10,1,4.03945299610496,0,1.22222222222222,,2,3,0,1,0,0,-0.77905706432648,0,32,57,484,2,0,0,915,123,19,14.7674673873607,0,0.52896174863388,0.194539249146758,0.32713621737576,0.520804225883168,0,62.9,94.9
2011,REG+POST,00-0025438,,Steve Smith,WR,WR,,5,PHI,0,0,0,0,0,0,0,0,0,0,0,0,,0,,,0,0,0,0,0,0,,0,11,20,124,1,0,0,271,33,5,-3.09655449197212,0,0.457564575645757,0.119760479041916,0.170333123821496,0.298873905237921,0,18.4,29.4
2011,REG+POST,00-0025439,,Brian Leonard,RB,RB,,14,CIN,0,0,0,0,0,0,0,0,0,0,0,0,,0,,,20,119,0,0,0,7,0.603486161816794,0,28,38,246,0,0,0,55,228,13,5.00486926799717,0,4.47272727272727,0.089622641509434,0.0152650568970303,0.145119502092072,0,36.5,64.5
2011,REG+POST,00-0025458,,Lorenzo Booker,RB,RB,,10,MIN,0,0,0,0,0,0,0,0,0,0,0,0,,0,,,13,52,0,2,1,3,-3.6522451012861,0,8,14,82,0,0,0,-1,91,3,-3.0775524644041,0,-82.0,0.0593220338983051,-0.000654022236756,0.0885252352817284,0,11.4,19.4
2011,REG+POST,00-0025460,,Jacoby Jones,WR,WR,"https://static.www.nfl.com/image/private/f_auto,q_auto/league/yhjtycrpq7jtfarxkhcx",16,HOU,0,0,0,0,0,0,0,0,0,0,0,0,,0,,,4,17,0,0,0,1,-1.18148060305975,0,31,65,512,2,0,0,930,140,23,2.6250171024357,0,0.550537634408602,0.142857142857143,0.247011952191235,0.387194080819579,1,70.9,101.9
2011,REG+POST,00-0025462,,Laurent Robinson,WR,WR,,14,DAL,0,0,0,0,0,0,0,0,0,0,0,0,,0,,,0,0,0,0,0,0,,0,54,81,858,11,0,0,981,266,36,40.3331059766987,0,0.874617737003058,0.167701863354037,0.265709642470206,0.4375495447602,0,151.8,205.8
2011,REG+POST,00-0025463,,Jason Hill,WR,WR,,10,JAX,0,0,0,0,0,0,0,0,0,0,0,0,,0,,,0,0,0,0,0,0,,0,25,55,367,3,0,0,644,127,17,-3.84937100938987,0,0.569875776397516,0.187713310580205,0.277705907718844,0.475964101273498,0,54.7,79.7
2011,REG+POST,00-0025464,,Matt Spaeth,TE,TE,"https://static.www.nfl.com/image/private/f_auto,q_auto/league/wywcnns8be7rzlrwnjwh",9,CHI,0,0,0,0,0,0,0,0,0,0,0,0,,0,,,0,0,0,0,0,0,,0,7,11,50,2,0,0,57,18,4,-1.13934370664546,0,0.87719298245614,0.0384615384615385,0.031404958677686,0.0796757787666879,0,17.0,24.0
2011,REG+POST,00-0025465,,James Jones,WR,WR,,16,GB,0,0,0,0,0,0,0,0,0,0,0,0,,0,,,0,0,0,0,0,0,,0,39,57,651,7,1,0,678,280,28,36.1392239328266,0,0.960176991150442,0.105555555555556,0.138395590936926,0.255210246989182,0,107.1,146.1
2011,REG+POST,00-0025466,,Mike Sims-Walker,WR,WR,,6,JAX,0,0,0,0,0,0,0,0,0,0,0,0,,0,,,0,0,0,0,0,0,,0,12,33,150,0,0,0,351,32,8,-5.25129514263244,0,0.427350427350427,0.159420289855072,0.196198993851314,0.376469730478528,0,15.0,27.0
2011,REG+POST,00-0025487,,Michael Bush,RB,RB,,16,LV,0,0,0,0,0,0,0,0,0,0,0,0,,0,,,256,977,7,1,1,53,-30.7407121667954,0,37,47,418,1,0,0,113,317,14,14.5952829445775,0,3.69911504424779,0.104212860310421,0.0263280521901212,0.174748926998717,0,185.5,222.5
2011,REG+POST,00-0025488,,Adam Podlesh,P,SPEC,,1,CHI,0,1,0,0,0,0,0,0,0,7,0,0,-1.4504092251882,0,0.0,,0,0,0,0,0,0,,0,0,0,0,0,0,0,0,0,0,,0,,,,,0,0.0,0.0
2011,REG+POST,00-0025499,,Daniel Sepulveda,P,SPEC,,1,PIT,1,1,33,0,0,0,0,0,0,12,21,1,4.41920654266141,0,2.75,,0,0,0,0,0,0,,0,0,0,0,0,0,0,0,0,0,,0,,,,,0,1.32,1.32
2011,REG+POST,00-0025516,,Scott Chandler,TE,TE,"https://static.www.nfl.com/image/private/f_auto,q_auto/league/zktr2miqzub2buwa19x7",14,BUF,0,0,0,0,0,0,0,0,0,0,0,0,,0,,,0,0,0,0,0,0,,0,38,46,389,6,1,1,280,153,25,31.5234949229925,0,1.38928571428571,0.0948453608247423,0.075839653304442,0.195355798550223,0,72.9,110.9
2011,REG+POST,00-0025524,,Le'Ron McClain,FB,RB,,11,KC,0,0,0,0,0,0,0,0,0,0,0,0,,0,,,15,51,1,0,0,3,-2.19203786543221,0,14,22,82,1,0,0,28,61,6,-1.44469956638248,0,2.92857142857143,0.0709677419354839,0.010119262739429,0.113535096820826,0,25.3,39.3
2011,REG+POST,00-0025529,,Steve Breaston,WR,WR,,16,KC,0,0,0,0,0,0,0,0,0,0,0,0,,0,,,1,25,0,0,0,1,1.57580564555246,0,61,98,785,2,0,0,994,311,39,13.8182701510856,0,0.789738430583501,0.19758064516129,0.237742166945707,0.46279048460393,0,93.0,154.0
2011,REG+POST,00-0025540,,Kevin Boss,TE,TE,,12,LV,0,0,0,0,0,0,0,0,0,0,0,0,,0,,,0,0,0,0,0,0,,0,28,40,368,3,0,0,330,132,18,11.9500979278964,0,1.11515151515152,0.101522842639594,0.0846587993842996,0.211545423528401,0,54.8,82.8
2011,REG+POST,00-0025542,,Dante Rosario,TE,TE,,11,DEN,0,0,0,0,0,0,0,0,0,0,0,0,,0,,,0,0,0,0,0,0,,0,7,13,117,0,0,0,185,28,4,4.7957632294856,0,0.632432432432433,0.0515873015873016,0.0571516836577078,0.117387130941348,0,11.7,18.7
2011,REG+POST,00-0025549,B.Celek,Brent Celek,TE,TE,"https://static.www.nfl.com/image/private/f_auto,q_auto/league/mit6ahic4gkdhy1hkejt",16,PHI,0,0,0,0,0,0,0,0,0,0,0,0,,0,,,0,0,0,0,0,0,,0,62,97,811,5,0,0,694,463,35,6.96763106973074,0,1.1685878962536,0.178966789667897,0.130598419269853,0.359869077990742,0,111.1,173.1
2011,REG+POST,00-0025559,,Legedu Naanee,WR,WR,,15,CAR,1,1,27,0,0,0,0,0,0,-5,32,1,2.31917213392444,0,0.0,,0,0,0,0,0,0,,0,44,76,467,1,0,0,897,167,20,2.68842603141555,0,0.520624303232999,0.155419222903886,0.189600507292327,0.365849189460457,0,53.78,97.78
2011,REG+POST,00-0025568,,Reagan Maui'a,FB,RB,,2,ARI,0,0,0,0,0,0,0,0,0,0,0,0,,0,,,0,0,0,0,0,0,,0,1,2,12,0,0,0,3,10,1,0.7518965897616,0,4.0,0.027027027027027,0.004231311706629,0.0435024587351809,0,1.2,2.2
2011,REG+POST,00-0025573,,Thomas Clayton,RB,RB,,3,CLE,0,0,0,0,0,0,0,0,0,0,0,0,,0,,,8,12,0,0,0,1,-1.12845627887873,0,1,1,3,0,0,0,-4,7,0,-0.435101935639977,0,-0.75,0.0384615384615385,-0.0245398773006135,0.0405143935818782,0,1.5,2.5
2011,REG+POST,00-0025604,,Tyler Thigpen,QB,QB,,2,BUF,3,8,25,0,1,0,0,0,0,60,10,2,-5.54489585361444,0,0.416666666666667,-0.0927415321554054,1,8,0,0,0,0,0.313478194759227,0,0,0,0,0,0,0,0,0,0,,0,,,,,0,-0.2,-0.2
2011,REG+POST,00-0025610,,Michael Otto,T,OL,,1,TEN,0,0,0,0,0,0,0,0,0,0,0,0,,0,,,0,0,0,0,0,0,,0,0,1,0,0,0,0,4,0,0,-0.457661364576779,0,0.0,0.0204081632653061,0.009685230024213,0.0373919059149083,0,0.0,0.0
2011,REG+POST,00-0025622,,Chansi Stuckey,WR,WR,,4,ARI,0,0,0,0,0,0,0,0,0,0,0,0,,0,,,0,0,0,0,0,0,,0,4,8,39,0,1,1,62,10,2,-3.96736066322774,0,0.629032258064516,0.0506329113924051,0.0425531914893617,0.105736601131161,0,1.9,5.9
2011,REG+POST,00-0025631,,Jason Snelling,FB,RB,,16,ATL,0,0,0,0,0,0,0,0,0,0,0,0,,0,,,46,158,0,0,0,8,-12.5359570926204,0,28,35,188,1,0,0,26,171,6,-0.436224915110797,0,7.23076923076923,0.0684931506849315,0.0059225512528473,0.10688551190439,0,40.6,68.6
2011,REG+POST,00-0025637,,Ahmad Bradshaw,RB,RB,"https://static.www.nfl.com/image/private/f_auto,q_auto/league/vlgcz2so2urjgowxz3tz",16,NYG,0,0,0,0,0,0,0,0,0,0,0,0,,0,,,234,931,10,1,0,53,-15.180305477308,1,50,65,381,2,1,1,-57,389,13,-1.91155322590612,0,-6.68421052631579,0.111111111111111,-0.0109742010011552,0.158984725965858,0,203.2,253.2
2011,REG+POST,00-0025701,,Jackie Battle,RB,RB,,15,KC,0,0,0,0,0,0,0,0,0,0,0,0,,0,,,149,597,2,0,0,27,-13.7276188576181,0,9,13,68,0,0,0,-3,79,2,-4.85078963749401,0,-22.6666666666667,0.0404984423676012,-0.00119189511323,0.0599133369721408,0,78.5,87.5
2011,REG+POST,00-0025708,M.Moore,Matt Moore,QB,QB,"https://static.www.nfl.com/image/private/f_auto,q_auto/league/h04zarfikqlgerdftbgp",13,MIA,210,347,2497,16,9,36,229,9,4,3471,838,122,3.75122829681326,0,0.719389225007203,0.0784217076476347,32,65,2,5,2,5,-8.5238785840271,0,0,0,0,0,0,0,0,0,0,,0,,,,,0,152.38,152.38
2011,REG+POST,00-0025749,,Richard Bartel,QB,QB,,2,ARI,10,22,86,1,1,1,6,0,0,202,17,5,-9.3000059693004,0,0.425742574257426,-0.0664500726487673,1,9,0,0,0,0,4.09740275947843,0,0,0,0,0,0,0,0,0,0,,0,,,,,0,6.34,6.34
2011,REG+POST,00-0025825,B.Kern,Brett Kern,P,SPEC,"https://static.www.nfl.com/image/private/f_auto,q_auto/league/dbph1kuozunx3aorpeiw",1,TEN,0,0,0,0,0,0,0,0,0,0,0,0,,0,,,1,21,0,1,0,1,3.13179195561679,0,0,0,0,0,0,0,0,0,0,,0,,,,,0,2.1,2.1
2011,REG+POST,00-0025860,,BenJarvus Green-Ellis,RB,RB,,19,NE,0,0,0,0,0,0,0,0,0,0,0,0,,0,,,219,807,12,0,0,50,-0.884721558671003,0,12,18,182,0,0,0,26,160,7,8.22156357503234,0,7.0,0.0346153846153846,0.0058413839586609,0.0560120456941396,0,170.9,182.9
2011,REG+POST,00-0025970,,Caleb Hanie,QB,QB,,4,CHI,51,102,613,3,9,19,133,1,0,925,216,29,-61.2634890421604,0,0.662702702702703,-0.0077665151844265,13,98,0,0,0,5,5.83690774725983,0,0,0,0,0,0,0,0,0,0,,0,,,,,0,28.32,28.32
2011,REG+POST,00-0026000,,Davone Bess,WR,WR,,16,MIA,0,0,0,0,0,0,0,0,0,0,0,0,,0,,,2,9,0,0,0,0,0.0686032873345539,0,51,86,537,3,2,2,652,227,25,-9.53381082718396,0,0.82361963190184,0.18494623655914,0.14235807860262,0.377070009860544,0,68.6,119.6
2011,REG+POST,00-0026008,,Matthew Mulligan,TE,TE,"https://static.www.nfl.com/image/private/f_auto,q_auto/league/okuwvdnxk6weqzz3tglf",6,NYJ,0,0,0,0,0,0,0,0,0,0,0,0,,0,,,0,0,0,0,0,0,,0,5,9,58,0,0,0,32,41,1,-2.62593907186079,0,1.8125,0.0473684210526316,0.0223619846261356,0.0867060208172423,0,5.8,10.8
2011,REG+POST,00-0026019,D.Woodhead,Danny Woodhead,RB,RB,"https://static.www.nfl.com/image/private/f_auto,q_auto/league/gorlqe0etvc8ek5wob7j",17,NE,0,0,0,0,0,0,0,0,0,0,0,0,,0,,,94,412,1,0,0,21,-0.193521707101926,2,23,37,206,1,0,0,117,164,11,1.60451979803155,0,1.76068376068376,0.0731225296442688,0.0282335907335907,0.129447307979917,0,77.8,100.8
2011,REG+POST,00-0026029,,Kregg Lumpkin,RB,RB,,15,TB,0,0,0,0,0,0,0,0,0,0,0,0,,0,,,31,105,0,0,0,5,-5.31359134422382,0,41,53,291,0,0,0,86,225,13,1.35571627268069,0,3.38372093023256,0.11018711018711,0.0249492312155498,0.18274512713155,0,39.6,80.6
2011,REG+POST,00-0026033,,Mike Cox,FB,RB,,1,ATL,0,0,0,0,0,0,0,0,0,0,0,0,,0,,,0,0,0,0,0,0,,0,2,3,8,0,1,0,15,7,0,-1.61077221937012,0,0.533333333333333,0.06,0.0260416666666667,0.108229166666667,0,0.8,2.8
2011,REG+POST,00-0026035,D.Amendola,Danny Amendola,WR,WR,"https://static.www.nfl.com/image/private/f_auto,q_auto/league/etz06w7s0ardf49mnayz",1,LA,0,0,0,0,0,0,0,0,0,0,0,0,,0,,,0,0,0,0,0,0,,0,5,6,45,0,0,0,26,25,3,2.65318280990741,0,1.73076923076923,0.171428571428571,0.134020618556701,0.350957290132548,0,4.5,9.5
2011,REG+POST,00-0026069,M.Tolbert,Mike Tolbert,FB,RB,"https://static.www.nfl.com/image/private/f_auto,q_auto/league/frwhwdhbcteyg7xjha7a",15,LAC,0,0,0,0,0,0,0,0,0,0,0,0,,0,,,121,490,8,1,1,25,-7.12005733038746,0,54,79,433,2,1,0,67,431,23,1.4575775520413,0,6.46268656716418,0.149905123339658,0.0163934426229508,0.236333094845553,0,150.3,204.3
2011,REG+POST,00-0026072,,Jed Collins,FB,RB,,12,NO,0,0,0,0,0,0,0,0,0,0,0,0,,0,,,4,4,2,0,0,3,1.82006510824431,0,14,19,78,2,0,0,-2,85,8,0.084914262231905,0,-39.0,0.0390946502057613,-0.000697350069735,0.0581538302598275,0,32.2,46.2
2011,REG+POST,00-0026123,,Evan Moore,TE,TE,,13,CLE,0,0,0,0,0,0,0,0,0,0,0,0,,0,,,0,0,0,0,0,0,,0,34,47,324,4,0,0,393,78,19,6.18610280538998,0,0.824427480916031,0.0977130977130977,0.108473640629313,0.222501195010165,0,56.4,90.4
2011,REG+POST,00-0026143,M.Ryan,Matt Ryan,QB,QB,"https://static.www.nfl.com/image/private/f_auto,q_auto/league/s6zam4ekrrnonsck6vak",17,ATL,371,607,4376,29,12,28,189,5,3,5429,1769,214,84.0380099581143,0,0.806041628292503,0.110590298430377,40,87,2,0,0,11,-7.09940781904152,0,0,0,0,0,0,0,0,0,0,,0,,,,,0,281.74,281.74
2011,REG+POST,00-0026144,D.McFadden,Darren McFadden,RB,RB,"https://static.www.nfl.com/image/private/f_auto,q_auto/league/bfvionxxsfckmjqtw4kv",7,LV,0,0,0,0,0,0,0,0,0,0,0,0,,0,,,113,614,4,1,1,23,3.75159956252901,0,19,23,154,1,0,0,0,155,7,-0.355724745608768,0,0.0,0.108490566037736,0.0,0.162735849056604,0,104.8,123.8
2011,REG+POST,00-0026151,,Leodis McKelvin,CB,DB,"https://static.www.nfl.com/image/private/f_auto,q_auto/league/b8nkgdsecnksiw76siwq",1,BUF,0,0,0,0,0,0,0,0,0,0,0,0,,0,,,0,0,0,0,0,0,,0,0,0,0,0,0,0,0,0,0,,0,,,,,1,6.0,6.0
2011,REG+POST,00-0026153,J.Stewart,Jonathan Stewart,RB,RB,"https://static.www.nfl.com/image/private/f_auto,q_auto/league/dzvxfj3xrgnzc3jbag2n",16,CAR,0,0,0,0,0,0,0,0,0,0,0,0,,0,,,142,761,4,1,0,47,16.6737246146627,0,47,61,413,1,0,0,-57,485,18,2.93414011813837,0,-7.24561403508772,0.124744376278119,-0.0135359772025647,0.177641380375383,0,147.4,194.4
2011,REG+POST,00-0026158,J.Flacco,Joe Flacco,QB,QB,"https://static.www.nfl.com/image/upload/f_auto,q_auto/league/yxvyoeojkif7tnfviamc",18,BAL,348,605,4092,24,13,39,263,10,6,5725,1760,201,32.2838314126418,0,0.714759825327511,0.0773211911072588,45,114,1,2,0,14,-6.42216253224527,0,1,1,-8,0,0,0,0,-8,0,-0.0199860692955554,0,0.0,0.0263157894736842,,,0,238.28,239.28
2011,REG+POST,00-0026162,,Felix Jones,RB,RB,,12,DAL,0,0,0,0,0,0,0,0,0,0,0,0,,0,,,127,575,1,3,1,27,-12.8647852127324,0,33,44,221,0,2,1,-25,243,13,2.92100550482287,0,-8.84,0.0984340044742729,-0.0072317037894127,0.14258881405882,0,81.6,114.6
2011,REG+POST,00-0026163,,Rashard Mendenhall,RB,RB,,15,PIT,0,0,0,0,0,0,0,0,0,0,0,0,,0,,,228,928,9,1,1,45,-13.6280317396449,0,18,28,154,0,0,0,-6,156,5,1.34506366588175,0,-25.6666666666667,0.0646651270207852,-0.0016629711751663,0.0958336107085614,0,160.2,178.2
2011,REG+POST,00-0026164,C.Johnson,Chris Johnson,RB,RB,"https://static.www.nfl.com/image/private/f_auto,q_auto/league/ryf9nc84eovvdbf0cz79",16,TEN,0,0,0,0,0,0,0,0,0,0,0,0,,0,,,262,1047,4,3,1,47,-32.7399476599301,0,57,79,418,0,0,0,118,336,13,-14.1030038230123,0,3.54237288135593,0.135972461273666,0.0293459338473017,0.22450084560361,0,168.5,225.5
2011,REG+POST,00-0026170,,Dustin Keller,TE,TE,,16,NYJ,0,0,0,0,0,0,0,0,0,0,0,0,,0,,,0,0,0,0,0,0,,0,65,115,815,5,1,1,992,289,39,-2.14573418470777,0,0.821572580645161,0.212569316081331,0.22227201434013,0.474444384160087,0,109.5,174.5
2011,REG+POST,00-0026173,,Donnie Avery,WR,WR,,4,TEN,0,0,0,0,0,0,0,0,0,0,0,0,,0,,,0,0,0,0,0,0,,0,3,11,45,1,0,0,106,21,3,-12.190264128762,0,0.424528301886792,0.0827067669172932,0.0916955017301038,0.188247001587013,0,10.5,13.5
2011,REG+POST,00-0026174,,Devin Thomas,WR,WR,,4,NYG,0,0,0,0,0,0,0,0,0,0,0,0,,0,,,0,0,0,0,0,0,,0,3,4,37,0,0,0,35,9,2,0.810258727073764,0,1.05714285714286,0.0289855072463768,0.03125,0.0653532608695652,0,3.7,6.7
2011,REG+POST,00-0026176,J.Nelson,Jordy Nelson,WR,WR,"https://static.www.nfl.com/image/private/f_auto,q_auto/league/bde2n4ozsakatgs4yyp2",17,GB,0,0,0,0,0,0,0,0,0,0,0,0,,0,,,0,0,0,0,0,0,,0,71,103,1302,15,0,0,1292,417,50,84.0871427313167,0,1.0077399380805,0.176068376068376,0.241630821021133,0.433244138817357,0,220.2,291.2
2011,REG+POST,00-0026182,,Eddie Royal,WR,WR,"https://static.www.nfl.com/image/private/f_auto,q_auto/league/xoejgvlit9inmaazsvk4",14,DEN,0,0,0,0,0,0,0,0,0,0,0,0,,0,,,8,49,0,0,0,3,1.53010760236955,0,24,65,229,2,0,0,766,82,12,-20.175317356111,0,0.298955613577024,0.192307692307692,0.187791125275803,0.419915326154601,1,45.8,69.8
2011,REG+POST,00-0026184,M.Forte,Matt Forte,RB,RB,"https://static.www.nfl.com/image/private/f_auto,q_auto/league/olqssssjykcx7tx7xsy3",12,CHI,0,1,0,0,0,0,0,0,0,15,0,0,-0.457288553006947,0,0.0,,203,997,3,1,1,40,-10.2927782286661,0,52,76,490,1,1,1,197,418,19,-15.8780696010325,0,2.48730964467005,0.219020172910663,0.0702818408847663,0.377727547985331,0,168.7,220.7
2011,REG+POST,00-0026186,,Jerome Simpson,WR,WR,,17,CIN,0,0,0,0,0,0,0,0,0,0,0,0,,0,,,0,0,0,0,0,0,,0,53,111,758,4,0,0,1272,243,35,19.5607972291781,0,0.595911949685535,0.19646017699115,0.271504802561366,0.484743627279682,0,99.8,152.8
2011,REG+POST,00-0026188,,Fred Davis,TE,TE,,12,WAS,0,0,0,0,0,0,0,0,0,0,0,0,,0,,,0,0,0,0,0,0,,0,59,88,796,3,1,1,761,347,39,15.5987221016171,0,1.04599211563732,0.200455580865604,0.19807391983342,0.439335115181799,0,95.6,154.6
2011,REG+POST,00-0026189,D.Jackson,DeSean Jackson,WR,WR,"https://static.www.nfl.com/image/private/f_auto,q_auto/league/pr5m864fqvnoozihylrh",15,PHI,0,0,0,0,0,0,0,0,0,0,0,0,,0,,,7,41,0,0,0,2,1.23300213704351,0,58,104,961,4,0,0,1577,227,39,26.993409570778,0,0.609384908053266,0.204322200392927,0.316222177661921,0.527838824952736,0,124.2,182.2
2011,REG+POST,00-0026195,,Ray Rice,RB,RB,,18,BAL,1,1,1,1,0,0,0,0,0,1,0,1,1.09378267504508,0,1.0,,333,1491,12,3,2,55,-25.7995523182712,0,81,112,735,3,0,0,106,694,32,14.6855529668783,0,6.93396226415094,0.185430463576159,0.0193642674461089,0.291700682576515,0,312.64,393.64
2011,REG+POST,00-0026197,C.Henne,Chad Henne,QB,QB,"https://static.www.nfl.com/image/private/f_auto,q_auto/league/ornr9pcnzveqlntqc7jx",4,MIA,64,112,868,4,4,11,67,0,0,1028,333,41,5.66286448674533,0,0.844357976653697,0.104636414720091,15,112,1,1,0,7,11.4623601099884,0,0,0,0,0,0,0,0,0,0,,0,,,,,0,59.92,59.92
2011,REG+POST,00-0026201,M.Bennett,Martellus Bennett,TE,TE,"https://static.www.nfl.com/image/private/f_auto,q_auto/league/repls3tq1d4jnvwmaqia",10,DAL,0,0,0,0,0,0,0,0,0,0,0,0,,0,,,0,0,0,0,0,0,,0,17,26,144,0,0,0,135,95,7,-6.64665769107523,0,1.06666666666667,0.0726256983240224,0.0548780487804878,0.147353181632375,0,14.4,31.4
2011,REG+POST,00-0026204,,Kevin Smith,RB,RB,,8,DET,0,0,0,0,0,0,0,0,0,0,0,0,,0,,,80,385,5,0,0,18,1.07195915287593,0,26,34,222,3,1,1,-13,240,11,2.05374748032773,0,-17.0769230769231,0.0880829015544041,-0.0046494992846924,0.128869702832322,0,106.7,132.7
2011,REG+POST,00-0026209,,Jacob Hester,RB,RB,,16,LAC,0,0,0,0,0,0,0,0,0,0,0,0,,0,,,28,90,0,0,0,8,-0.245092014814746,0,12,18,48,1,2,0,32,46,3,-2.48155282583321,0,1.5,0.0523255813953488,0.0104472739144629,0.0858014638331473,0,19.8,31.8
2011,REG+POST,00-0026210,,Earl Bennett,WR,WR,,11,CHI,0,0,0,0,0,0,0,0,0,0,0,0,,0,,,0,0,0,0,0,0,,0,24,43,381,1,1,1,514,125,14,3.43572407468452,0,0.741245136186771,0.138263665594855,0.180035026269702,0.333420016781075,0,42.1,66.1
2011,REG+POST,00-0026213,J.Charles,Jamaal Charles,RB,RB,"https://static.www.nfl.com/image/private/f_auto,q_auto/league/mdrlzgankwwjldxllgcx",2,KC,0,0,0,0,0,0,0,0,0,0,0,0,,0,,,12,83,0,1,1,3,-3.2948174103434,0,5,6,9,1,0,0,16,-2,2,0.981183429365046,0,0.5625,0.166666666666667,0.0581818181818182,0.290727272727273,0,13.2,18.2
2011,REG+POST,00-0026221,,Early Doucet,WR,WR,,16,ARI,0,0,0,0,0,0,0,0,0,0,0,0,,0,,,0,0,0,0,0,0,,0,54,98,689,5,1,0,843,323,35,3.33551722908268,0,0.817319098457889,0.181146025878004,0.173492488166289,0.393163780533408,0,98.9,152.9
2011,REG+POST,00-0026224,H.Douglas,Harry Douglas,WR,WR,"https://static.www.nfl.com/image/private/f_auto,q_auto/league/hblmz1iaov5vqx7cd9cv",14,ATL,0,0,0,0,0,0,0,0,0,0,0,0,,0,,,1,3,0,0,0,0,-0.246276034973562,0,40,64,505,1,0,0,663,234,20,9.85921777743705,0,0.761689291101056,0.119850187265918,0.138211382113821,0.276523248378551,0,56.8,96.8
2011,REG+POST,00-0026225,,Craig Stevens,TE,TE,,9,TEN,0,0,0,0,0,0,0,0,0,0,0,0,,0,,,0,0,0,0,0,0,,0,9,14,166,1,0,0,167,71,6,7.25421629578341,0,0.994011976047904,0.0417910447761194,0.0608822457163689,0.105304139165637,0,22.6,31.6
2011,REG+POST,00-0026229,,Steve Slaton,RB,RB,,6,MIA,0,0,0,0,0,0,0,0,0,0,0,0,,0,,,24,84,1,0,0,3,-5.09003820061481,0,3,4,3,0,0,0,-7,9,0,-6.63796870684018,0,-0.428571428571429,0.0465116279069768,-0.0093333333333333,0.0632341085271318,0,14.7,17.7
2011,REG+POST,00-0026231,,Jermichael Finley,TE,TE,,17,GB,0,0,0,0,0,0,0,0,0,0,0,0,,0,,,0,0,0,0,0,0,,0,59,101,804,8,0,0,1165,236,46,42.7267489892562,0,0.690128755364807,0.172649572649573,0.217879184589489,0.411489788187002,0,128.4,187.4
2011,REG+POST,00-0026235,,Mario Manningham,WR,WR,,15,NYG,0,0,0,0,0,0,0,0,0,0,0,0,,0,,,0,0,0,0,0,0,,0,52,99,712,7,0,0,1498,134,35,18.8328688928175,0,0.475300400534045,0.171875,0.267691208005718,0.445196345604003,0,113.2,165.2
2011,REG+POST,00-0026237,,Andre Caldwell,WR,WR,,12,CIN,0,0,0,0,0,0,0,0,0,0,0,0,,0,,,0,0,0,0,0,0,,0,37,68,317,3,0,0,494,113,15,-29.2410091429304,0,0.6417004048583,0.171717171717172,0.143855562026791,0.358274650994511,0,49.7,86.7
2011,REG+POST,00-0026251,,Martin Rucker,TE,TE,,1,JAX,0,0,0,0,0,0,0,0,0,0,0,0,,0,,,0,0,0,0,0,0,,0,0,1,0,0,0,0,15,0,0,-0.710842000786215,0,0.0,0.032258064516129,0.0604838709677419,0.0907258064516129,0,0.0,0.0
2011,REG+POST,00-0026260,,Craig Steltz,SS,DB,,1,CHI,0,0,0,0,0,0,0,0,0,0,0,0,,0,,,0,0,0,0,0,0,,0,0,1,0,0,0,0,7,0,0,-1.4504092251882,0,0.0,0.03125,0.018716577540107,0.0599766042780749,0,0.0,0.0
2011,REG+POST,00-0026262,,Tashard Choice,RB,RB,,13,BUF,0,0,0,0,0,0,0,0,0,0,0,0,,0,,,57,152,1,3,2,10,-23.5541144713977,0,19,30,124,0,0,0,-9,156,2,-14.0720516367098,0,-13.7777777777778,0.0681818181818182,-0.0026905829596412,0.100389319200978,0,29.6,48.6
2011,REG+POST,00-0026266,,Lavelle Hawkins,WR,WR,,15,TEN,0,0,0,0,0,0,0,0,0,0,0,0,,0,,,0,0,0,0,0,0,,0,47,77,470,1,1,0,663,199,23,-6.5243765154163,0,0.708898944193062,0.14051094890511,0.149762819064829,0.315600396703045,0,53.0,100.0
2011,REG+POST,00-0026267,,Jacob Tamme,TE,TE,"https://static.www.nfl.com/image/private/f_auto,q_auto/league/kfyqh9qmtwufzixwuoo2",9,IND,0,0,0,0,0,0,0,0,0,0,0,0,,0,,,0,0,0,0,0,0,,0,19,31,177,1,0,0,151,92,10,7.52615500014508,0,1.17218543046358,0.109540636042403,0.0671111111111111,0.211288731841382,0,23.7,42.7
2011,REG+POST,00-0026279,,Ryan Torain,RB,RB,,8,WAS,0,0,0,0,0,0,0,0,0,0,0,0,,0,,,59,200,1,1,0,5,-10.2174895566423,0,6,9,23,0,0,0,-20,35,0,-3.49972414289368,0,-1.15,0.0398230088495575,-0.0102880658436214,0.0525328671838013,0,28.3,34.3
2011,REG+POST,00-0026286,,Jerome Felton,FB,RB,"https://static.www.nfl.com/image/private/f_auto,q_auto/league/mkg1584egfz8psc6gca7",7,IND,0,0,0,0,0,0,0,0,0,0,0,0,,0,,,3,10,0,0,0,3,0.663431767839938,0,4,7,40,0,0,0,18,29,1,1.6515792143764,0,2.22222222222222,0.0372340425531915,0.0121375590020229,0.0643473551312033,0,5.0,9.0
2011,REG+POST,00-0026289,T.Hightower,Tim Hightower,RB,RB,"https://static.www.nfl.com/image/private/f_auto,q_auto/league/azokebvu5bctrltqy38r",5,WAS,0,0,0,0,0,0,0,0,0,0,0,0,,0,,,83,299,1,0,0,12,-10.4166371631727,0,10,15,78,1,0,0,5,79,6,-0.427305584393497,0,15.6,0.0857142857142857,0.0032594524119947,0.130853045259825,0,49.7,59.7
2011,REG+POST,00-0026293,M.Slater,Matt Slater,WR,WR,"https://static.www.nfl.com/image/private/f_auto,q_auto/league/cs1ojdzhxjuanbw6vflv",3,NE,0,0,0,0,0,0,0,0,0,0,0,0,,0,,,0,0,0,0,0,0,,0,1,4,46,0,0,0,176,0,1,-2.14414337521885,0,0.261363636363636,0.0350877192982456,0.142857142857143,0.152631578947368,0,4.6,5.6
2011,REG+POST,00-0026298,,Kellen Davis,TE,TE,"https://static.www.nfl.com/image/private/f_auto,q_auto/league/bftuje5hq6fnlmpc0uhy",15,CHI,0,0,0,0,0,0,0,0,0,0,0,0,,0,,,0,0,0,0,0,0,,0,18,35,206,5,0,0,333,60,13,-2.15188572033451,0,0.618618618618619,0.0793650793650794,0.0844106463878327,0.178135071519102,0,50.6,68.6
2011,REG+POST,00-0026300,J.Johnson,Josh Johnson,QB,QB,"https://static.www.nfl.com/image/upload/f_auto,q_auto/league/gbaye18gptzb1jpyswv8",9,TB,19,36,246,1,2,3,24,0,0,363,32,12,-5.63099219182445,0,0.677685950413223,0.0051043494488607,11,67,0,1,1,3,-1.78515959635291,0,0,2,0,0,0,0,84,0,0,-0.984845289262012,0,0.0,0.0454545454545455,0.264984227129338,0.253670777172354,0,14.54,14.54
2011,REG+POST,00-0026303,,Owen Schmitt,FB,RB,,6,PHI,0,0,0,0,0,0,0,0,0,0,0,0,,0,,,4,6,0,0,0,0,-3.26027727900498,0,3,7,32,0,0,0,12,27,2,-0.438178479345819,0,2.66666666666667,0.0344827586206897,0.0073349633251833,0.0568586122586629,0,3.8,6.8
2011,REG+POST,00-0026314,,Josh Morgan,WR,WR,,5,SF,0,0,0,0,0,0,0,0,0,0,0,0,,0,,,0,0,0,0,0,0,,0,15,20,220,1,0,0,163,96,12,15.1313349298143,0,1.34969325153374,0.15748031496063,0.175268817204301,0.358908644483956,0,28.0,43.0
2011,REG+POST,00-0026323,,Spencer Larsen,FB,RB,,11,DEN,0,0,0,0,0,0,0,0,0,0,0,0,,0,,,14,44,0,0,0,3,-1.41917458962416,0,9,9,76,0,0,0,33,43,4,7.36052624817239,0,2.3030303030303,0.0476190476190476,0.0191082802547771,0.0848043676069154,0,12.0,21.0
2011,REG+POST,00-0026334,,Ryan Mundy,SS,DB,"https://static.www.nfl.com/image/private/f_auto,q_auto/league/urlf3kfmyffuwnw5y17a",1,PIT,0,0,0,0,0,0,0,0,0,0,0,0,,0,,,0,0,0,0,0,0,,0,1,1,33,0,0,0,12,21,1,4.41920654266141,0,2.75,0.0285714285714286,0.0430107526881721,0.0729646697388633,0,3.3,4.3
2011,REG+POST,00-0026344,,Lex Hilliard,FB,RB,,10,MIA,0,0,0,0,0,0,0,0,0,0,0,0,,0,,,16,41,1,0,0,9,2.38886834454024,0,5,7,49,0,0,0,12,37,2,2.16677350562532,0,4.08333333333333,0.0393258426966292,0.0063593004769475,0.0634402743788071,1,21.0,26.0
2011,REG+POST,00-0026345,P.Garcon,Pierre Garcon,WR,WR,"https://static.www.nfl.com/image/private/f_auto,q_auto/league/xwjogot7xrfj9qwhsgtn",16,IND,0,0,0,0,0,0,0,0,0,0,0,0,,0,,,4,28,0,0,0,1,1.57427751730291,0,70,134,947,6,2,2,1551,351,42,0.90551019642951,0,0.610573823339781,0.255238095238095,0.361117578579744,0.635639447862964,0,129.5,199.5
2011,REG+POST,00-0026349,,Matt Flynn,QB,QB,"https://static.www.nfl.com/image/private/f_auto,q_auto/league/goh8anyqhyvmkfmfbejp",5,GB,33,49,518,6,2,5,18,1,1,474,227,22,14.9589530091816,0,1.09282700421941,0.212590811602664,13,-6,1,0,0,1,-0.351463511906331,0,0,0,0,0,0,0,0,0,0,,0,,,,,0,44.12,44.12
2011,REG+POST,00-0026353,,Chauncey Washington,RB,RB,,1,DAL,0,0,0,0,0,0,0,0,0,0,0,0,,0,,,1,-1,0,0,0,0,-0.882718645036221,0,2,3,13,0,0,0,-2,15,1,0.713987769791856,0,-6.5,0.075,-0.0084745762711864,0.106567796610169,0,1.2,3.2
2011,REG+POST,00-0026357,,Brett Swain,WR,WR,,3,SF,0,0,0,0,0,0,0,0,0,0,0,0,,0,,,0,0,0,0,0,0,,0,2,8,15,0,0,0,75,15,1,-6.13979125959903,0,0.2,0.0776699029126214,0.115207373271889,0.197150015659255,0,1.5,3.5
2011,REG+POST,00-0026364,,Steve Johnson,WR,WR,"https://static.www.nfl.com/image/private/f_auto,q_auto/league/vlyzq1v53slatimy6v5q",16,BUF,0,0,0,0,0,0,0,0,0,0,0,0,,0,,,0,0,0,0,0,0,,0,76,134,1004,7,0,0,1320,320,45,8.19744318192841,0,0.760606060606061,0.235500878734622,0.298845370160743,0.562443077214453,0,142.4,218.4
2011,REG+POST,00-0026366,,Chaz Schilens,WR,WR,,11,LV,0,0,0,0,0,0,0,0,0,0,0,0,,0,,,0,0,0,0,0,0,,0,23,34,271,2,0,0,430,36,13,14.7949406118448,0,0.630232558139535,0.0909090909090909,0.113696456901111,0.215951156194414,0,39.1,62.1
2011,REG+POST,00-0026367,,Peyton Hillis,RB,RB,,10,CLE,0,0,0,0,0,0,0,0,0,0,0,0,,0,,,161,587,3,1,1,33,-18.0333451496985,0,22,34,130,0,1,0,16,118,5,-23.1556427070227,0,8.125,0.0890052356020942,0.0056457304163726,0.137459864694602,0,87.7,109.7
2011,REG+POST,00-0026373,,Justin Forsett,RB,RB,"https://static.www.nfl.com/image/private/f_auto,q_auto/league/o86dvbcs8dcubcpj6fnu",16,SEA,0,0,0,0,0,0,0,0,0,0,0,0,,0,,,46,145,1,0,0,6,-11.6817684744601,0,23,34,128,0,0,0,-32,150,6,-6.53151740187351,0,-4.0,0.0740740740740741,-0.0086416419119632,0.105061961772737,0,33.3,56.3
2011,REG+POST,00-0026377,,Adrian Arrington,WR,WR,,4,NO,0,0,0,0,0,0,0,0,0,0,0,0,,0,,,0,0,0,0,0,0,,0,4,10,52,0,0,0,142,8,3,-6.11022301606135,0,0.366197183098592,0.0555555555555556,0.109062980030722,0.159677419354839,0,5.2,9.2
2011,REG+POST,00-0026393,M.Reece,Marcel Reece,FB,RB,"https://static.www.nfl.com/image/private/f_auto,q_auto/league/nqy3arwxgk4lwh3pfrr3",11,LV,0,0,0,0,0,0,0,0,0,0,0,0,,0,,,17,112,0,0,0,7,2.97797483234899,0,27,36,301,2,1,1,151,207,13,6.50662971066786,0,1.99337748344371,0.0994475138121547,0.0400636773680021,0.177215844875834,0,51.3,78.3
2011,REG+POST,00-0026432,,Lance Ball,RB,RB,,17,DEN,0,0,0,0,0,0,0,0,0,0,0,0,,0,,,113,457,1,1,1,26,-13.1191539941017,0,17,34,154,1,1,1,102,127,9,-4.48828583606101,0,1.50980392156863,0.0944444444444444,0.0286758504357605,0.161739761971699,0,69.1,86.1
2011,REG+POST,00-0026465,,Anthony Armstrong,WR,WR,,10,WAS,0,0,0,0,0,0,0,0,0,0,0,0,,0,,,2,19,0,0,0,1,1.58467304264195,0,7,27,103,2,0,0,571,7,4,-12.7243228879001,0,0.180385288966725,0.0723860589812333,0.165028901734104,0.224099319685723,0,24.2,31.2
2011,REG+POST,00-0026491,,Stefan Logan,WR,WR,,9,DET,0,0,0,0,0,0,0,0,0,0,0,0,,0,,,9,32,0,0,0,2,-1.52662970428355,0,1,1,19,0,0,0,-4,23,1,1.32573847332969,0,0.0,0.0196078431372549,-0.0071428571428571,0.0244117647058824,0,5.1,6.1
2011,REG+POST,00-0026498,M.Stafford,Matthew Stafford,QB,QB,"https://static.www.nfl.com/image/upload/f_auto,q_auto/league/xdlnnbapdbk8trxqlasu",17,DET,456,716,5480,44,18,38,265,3,1,5929,2412,266,107.984801132677,2,0.924270534660145,0.106414017132238,24,79,1,2,0,7,7.27049489703495,0,0,0,0,0,0,0,0,0,0,,0,,,,,0,375.1,375.1
2011,REG+POST,00-0026500,M.Slauson,Matt Slauson,G,OL,"https://static.www.nfl.com/image/private/f_auto,q_auto/league/oilqzwvf5kwhgq3kgpsz",1,NYJ,0,0,0,0,0,0,0,0,0,0,0,0,,0,,,0,0,0,0,0,0,,0,1,1,1,0,0,0,-2,3,0,-0.352984654018655,0,0.0,0.0303030303030303,-0.0101522842639594,0.0383479464697739,0,0.1,1.1
2011,REG+POST,00-0026516,B.Colquitt,Britton Colquitt,P,SPEC,"https://static.www.nfl.com/image/private/f_auto,q_auto/league/daujufaxsde6k6yj2ph1",1,DEN,0,1,0,0,0,0,0,0,0,2,0,0,-2.45829197572311,0,0.0,,0,0,0,0,0,0,,0,0,0,0,0,0,0,0,0,0,,0,,,,,0,0.0,0.0
2011,REG+POST,00-0026536,,Nick Miller,WR,WR,,2,LA,0,0,0,0,0,0,0,0,0,0,0,0,,0,,,0,0,0,0,0,0,,0,1,1,8,0,0,0,-2,10,0,-0.513127888087183,0,0.0,0.0454545454545455,-0.0093896713615023,0.0616090482287665,1,6.8,7.8
2011,REG+POST,00-0026544,C.Daniel,Chase Daniel,QB,QB,"https://static.www.nfl.com/image/private/f_auto,q_auto/league/jt8fvgeyuhsbpo9m9t4x",3,NO,4,5,29,0,0,0,0,0,0,23,23,2,-3.00209905253718,0,1.26086956521739,0.0910650312773593,3,-3,0,0,0,0,-4.83594615018228,0,0,0,0,0,0,0,0,0,0,,0,,,,,0,0.86,0.86
2011,REG+POST,00-0026566,,Isaac Redman,RB,RB,,17,PIT,0,0,0,0,0,0,0,0,0,0,0,0,,0,,,127,600,3,2,2,36,1.4311780644625,0,20,24,99,0,0,0,-27,134,6,-1.92382157594719,0,-3.66666666666667,0.0529801324503311,-0.0065391135868249,0.0748928191647193,0,83.9,103.9
2011,REG+POST,00-0026578,C.Anderson,Colt Anderson,DB,DB,"https://static.www.nfl.com/image/private/f_auto,q_auto/league/rknpd9m4mm4aflc5k6ff",1,PHI,0,0,0,0,0,0,0,0,0,0,0,0,,0,,,0,0,0,0,0,0,,0,0,1,0,0,0,0,5,0,0,-1.91000898904167,0,0.0,0.0263157894736842,0.0166112956810631,0.0511015911872705,0,0.0,0.0
2011,REG+POST,00-0026579,,Kahlil Bell,RB,RB,,7,CHI,0,0,0,0,0,0,0,0,0,0,0,0,,0,,,79,337,0,2,1,14,-11.3478506863175,0,19,23,133,1,1,0,13,129,4,2.15981624568512,0,10.2307692307692,0.117948717948718,0.0118505013673655,0.185218427880233,0,51.0,70.0
2011,REG+POST,00-0026607,,Brock Bolen,RB,RB,,6,JAX,0,0,0,0,0,0,0,0,0,0,0,0,,0,,,2,14,0,0,0,1,0.230765818152577,0,2,5,6,0,0,0,23,0,0,-2.3908563349396,0,0.260869565217391,0.029585798816568,0.0169117647058824,0.0562169335189697,0,2.0,4.0
2011,REG+POST,00-0026625,B.Hoyer,Brian Hoyer,QB,QB,"https://static.www.nfl.com/image/private/f_auto,q_auto/league/japt3mj2xctm7saqndxn",2,NE,1,1,22,0,0,0,0,0,0,22,0,1,-0.577757010003552,0,1.0,,4,-3,0,0,0,0,-0.908172616211232,0,0,0,0,0,0,0,0,0,0,,0,,,,,0,0.58,0.58
2011,REG+POST,00-0026644,,Josh Vaughan,RB,RB,,1,CAR,0,0,0,0,0,0,0,0,0,0,0,0,,0,,,7,24,0,0,0,0,-2.03963000630029,0,0,0,0,0,0,0,0,0,0,,0,,,,,0,2.4,2.4
2011,REG+POST,00-0026658,,Zach Potter,TE,TE,,4,JAX,0,0,0,0,0,0,0,0,0,0,0,0,,0,,,0,0,0,0,0,0,,0,5,7,50,0,0,0,28,41,1,1.99160841817502,0,1.78571428571429,0.0729166666666667,0.051948051948052,0.145738636363636,1,11.0,16.0
2011,REG+POST,00-0026664,,Tim Masthay,P,SPEC,,1,GB,0,0,0,0,0,0,0,0,0,0,0,0,,0,,,1,6,0,1,0,1,2.6217756299302,0,0,0,0,0,0,0,0,0,0,,0,,,,,0,0.6,0.6
2011,REG+POST,00-0026669,,Colin Cloherty,TE,TE,,4,JAX,0,0,0,0,0,0,0,0,0,0,0,0,,0,,,0,0,0,0,0,0,,0,4,8,57,0,0,0,52,33,3,2.19693257717881,0,1.09615384615385,0.0963855421686747,0.0763582966226138,0.198029120888842,1,11.7,15.7
2011,REG+POST,00-0026699,,Kevin Brock,TE,TE,,2,BUF,0,0,0,0,0,0,0,0,0,0,0,0,,0,,,0,0,0,0,0,0,,0,2,2,27,0,0,0,-8,35,2,1.83176364563406,0,0.0,0.0273972602739726,-0.0151515151515152,0.0304898298048983,0,2.7,4.7
2011,REG+POST,00-0026712,,Brit Miller,FB,RB,,5,LA,0,0,0,0,0,0,0,0,0,0,0,0,,0,,,5,14,0,0,0,1,-2.83841548848432,0,3,3,41,0,0,0,5,36,2,2.42057649092749,0,8.2,0.0333333333333333,0.0263157894736842,0.068421052631579,0,5.5,8.5
2011,REG+POST,00-0026723,,Chris Pressley,FB,RB,,3,CIN,0,0,0,0,0,0,0,0,0,0,0,0,,0,,,0,0,0,0,0,0,,0,3,5,19,0,0,0,-1,19,1,-1.24025383708067,0,-19.0,0.0531914893617021,-0.0037593984962406,0.0771556550951848,0,1.9,4.9
2011,REG+POST,00-0026739,,Jordan Norwood,WR,WR,"https://static.www.nfl.com/image/private/f_auto,q_auto/league/kdrgruvmcbm12bfluhna",10,CLE,0,0,0,0,0,0,0,0,0,0,0,0,,0,,,0,0,0,0,0,0,,0,23,34,268,1,0,0,305,84,15,12.3615649671754,0,0.878688524590164,0.0997067448680352,0.120458135860979,0.233880812404738,0,32.8,55.8
2011,REG+POST,00-0026745,,Curtis Brinkley,RB,RB,,4,LAC,0,0,0,0,0,0,0,0,0,0,0,0,,0,,,30,101,1,0,0,4,-4.3650348361698,0,7,9,41,0,0,0,0,34,1,0.453386983484961,1,0.0,0.0909090909090909,0.0,0.136363636363636,0,22.2,29.2
2011,REG+POST,00-0026757,,Kory Sperry,TE,TE,,5,LAC,0,0,0,0,0,0,0,0,0,0,0,0,,0,,,0,0,0,0,0,0,,0,1,5,32,0,0,0,19,17,1,-1.47299619554762,0,1.68421052631579,0.0290697674418605,0.0195272353545735,0.0572737159109921,0,3.2,4.2
2011,REG+POST,00-0026780,,Kevin Ogletree,WR,WR,,9,DAL,0,0,0,0,0,0,0,0,0,0,0,0,,0,,,2,3,0,0,0,1,-0.567391027696431,0,15,26,164,0,1,1,252,55,11,-4.01670023883228,0,0.650793650793651,0.0778443113772455,0.0956719817767654,0.183736854309604,0,14.7,29.7
2011,REG+POST,00-0026796,,Arian Foster,RB,RB,,15,HOU,0,0,0,0,0,0,0,0,0,0,0,0,,0,,,329,1509,13,5,2,70,-13.1576068588744,0,61,80,668,2,1,1,11,672,23,21.9032011805508,0,60.7272727272727,0.191846522781775,0.003428927680798,0.29017003354922,0,301.7,362.7
2011,REG+POST,00-0026799,,Jeremiah Johnson,RB,RB,,7,DEN,0,0,0,0,0,0,0,0,0,0,0,0,,0,,,18,87,0,0,0,4,-3.54443981072071,0,7,9,62,0,0,0,45,56,3,1.41671100974781,0,1.37777777777778,0.0857142857142857,0.0335070737155622,0.152026380172322,0,14.9,21.9
2011,REG+POST,00-0026852,D.Young,Darrel Young,FB,RB,"https://static.www.nfl.com/image/private/f_auto,q_auto/league/znfzmkdrjpzxrhv8j0r7",10,WAS,0,0,0,0,0,0,0,0,0,0,0,0,,0,,,6,33,1,0,0,6,3.8905398544739,0,15,20,146,0,0,0,36,111,7,4.7324874997139,0,4.05555555555556,0.0543478260869565,0.0191693290734824,0.0949402694818725,0,23.9,38.9
2011,REG+POST,00-0026878,,Tom Crabtree,TE,TE,,7,GB,0,0,0,0,0,0,0,0,0,0,0,0,,0,,,0,0,0,0,0,0,,0,6,9,38,1,0,0,53,20,4,0.652813702297863,0,0.716981132075472,0.0346153846153846,0.0208497246262785,0.0665178841614719,0,9.8,15.8
2011,REG+POST,00-0026898,M.Sanchez,Mark Sanchez,QB,QB,"https://static.www.nfl.com/image/private/f_auto,q_auto/league/e12qugcuc1cpgkf0crfn",16,NYJ,308,543,3474,26,18,39,243,4,4,4384,1506,171,-57.6504614916172,0,0.79242700729927,0.0209386578516698,37,103,6,6,4,13,-3.18860588781536,0,0,0,0,0,0,0,0,0,0,,0,,,,,0,237.26,237.26
2011,REG+POST,00-0026899,,Shonn Greene,RB,RB,,16,NYJ,0,0,0,0,0,0,0,0,0,0,0,0,,0,,,253,1054,6,1,0,46,-6.53040601779565,0,30,41,211,0,0,0,38,206,6,-7.02051815131563,0,5.55263157894737,0.0857740585774059,0.0116779348494161,0.1368356422607,0,162.5,192.5
2011,REG+POST,00-0026901,M.Wallace,Mike Wallace,WR,WR,"https://static.www.nfl.com/image/private/f_auto,q_auto/league/dy9z5wbsitf6l9psjq4y",17,PIT,0,0,0,0,0,0,0,0,0,0,0,0,,0,,,6,58,1,0,0,5,3.61084613198182,0,75,123,1219,8,1,1,1616,477,55,48.4996475352321,0,0.754331683168317,0.21317157712305,0.296404988994864,0.52724085798098,0,179.7,254.7
2011,REG+POST,00-0026902,,Ramses Barden,WR,WR,,6,NYG,0,0,0,0,0,0,0,0,0,0,0,0,,0,,,0,0,0,0,0,0,,0,9,19,94,0,0,0,174,27,5,-0.478564833087148,0,0.540229885057471,0.084070796460177,0.0789473684210526,0.181369352585002,0,9.4,18.4
2011,REG+POST,00-0026908,,Anthony Hill,TE,TE,,2,IND,0,0,0,0,0,0,0,0,0,0,0,0,,0,,,0,0,0,0,0,0,,0,2,3,10,0,0,0,7,6,0,-0.327034629415721,0,1.42857142857143,0.0416666666666667,0.0238907849829352,0.0792235494880546,0,1.0,3.0
2011,REG+POST,00-0026913,,Johnny Knox,WR,WR,,14,CHI,0,0,0,0,0,0,0,0,0,0,0,0,,0,,,0,0,0,0,0,0,,0,37,69,727,2,1,1,1025,161,31,5.97772306418283,0,0.709268292682927,0.167070217917676,0.277777777777778,0.445049771320958,0,82.7,119.7
2011,REG+POST,00-0026931,,Bear Pascoe,TE,TE,,12,NYG,0,0,0,0,0,0,0,0,0,0,0,0,,0,,,0,0,0,0,0,0,,0,17,21,175,1,0,0,77,115,10,12.8726395513222,0,2.27272727272727,0.0434782608695652,0.0170015455950541,0.0771184732208857,0,23.5,40.5
2011,REG+POST,00-0026932,C.Peerman,Cedric Peerman,RB,RB,"https://static.www.nfl.com/image/private/f_auto,q_auto/league/a2vztwdw7rtpl9q9hzds",2,CIN,0,0,0,0,0,0,0,0,0,0,0,0,,0,,,3,15,0,0,0,0,-0.029907309653936,0,0,1,0,0,0,0,5,0,0,-1.21361192711629,0,0.0,0.0384615384615385,0.0306748466257669,0.0791647003303445,0,1.5,1.5
2011,REG+POST,00-0026937,,Brandon Gibson,WR,WR,"https://static.www.nfl.com/image/private/f_auto,q_auto/league/surhprm3dsmqjollulmn",14,LA,0,0,0,0,0,0,0,0,0,0,0,0,,0,,,2,16,0,0,0,2,1.35695897950791,0,36,71,431,1,0,0,762,103,28,9.32373089334212,0,0.565616797900263,0.148225469728601,0.173536779776816,0.343813950436673,0,50.7,86.7
2011,REG+POST,00-0026941,,Bernard Scott,RB,RB,,17,CIN,0,1,0,0,0,0,0,0,0,-6,0,0,-0.71510504744947,0,0.0,,118,391,3,0,0,23,-8.7067247388768,0,16,21,67,0,0,0,0,72,2,-4.30016825656639,0,0.0,0.0548302872062663,0.0,0.0822454308093995,0,63.8,79.8
2011,REG+POST,00-0026947,,Eddie Williams,RB,RB,,2,SEA,0,0,0,0,0,0,0,0,0,0,0,0,,0,,,2,2,0,0,0,1,-0.548344757524319,0,1,1,17,0,0,0,10,7,1,0.936559184687212,0,1.7,0.0357142857142857,0.0625,0.0973214285714286,0,1.9,2.9
2011,REG+POST,00-0026953,,Sammie Stroughter,WR,WR,,3,TB,0,0,0,0,0,0,0,0,0,0,0,0,,0,,,0,0,0,0,0,0,,0,4,7,52,0,0,0,58,20,2,1.78272423714998,0,0.896551724137931,0.0707070707070707,0.0669745958429561,0.152942823150675,0,5.2,9.2
2011,REG+POST,00-0026956,,LaRod Stephens-Howling,RB,RB,,14,ARI,0,0,0,0,0,0,0,0,0,0,0,0,,0,,,43,167,0,0,0,5,-8.2308870540035,0,13,17,234,2,0,0,44,210,7,12.0460284486762,0,5.31818181818182,0.0485714285714286,0.0152618799861256,0.0835404588474308,0,52.1,65.1
2011,REG+POST,00-0026957,D.Johnson,David Johnson,TE,TE,"https://static.www.nfl.com/image/private/f_auto,q_auto/league/td6y6zc2m3ifhcfd4yz9",11,PIT,0,0,0,0,0,0,0,0,0,0,0,0,,0,,,0,0,0,0,0,0,,0,12,16,91,1,0,0,51,56,5,4.38729436433641,0,1.7843137254902,0.043360433604336,0.018640350877193,0.0780888960205392,0,15.1,27.1
2011,REG+POST,00-0026963,,Cameron Morrah,TE,TE,,5,SEA,0,0,0,0,0,0,0,0,0,0,0,0,,0,,,1,1,0,0,0,0,-0.467139732732903,0,6,13,74,0,0,0,101,42,4,1.29591504672634,0,0.732673267326733,0.0738636363636364,0.0596926713947991,0.152580324521814,0,7.5,13.5
2011,REG+POST,00-0026983,D.Heyward-Bey,Darrius Heyward-Bey,WR,WR,"https://static.www.nfl.com/image/private/f_auto,q_auto/league/d5otkkbb0z2rdd2bjatd",14,LV,0,0,0,0,0,0,0,0,0,0,0,0,,0,,,0,0,0,0,0,0,,0,64,115,975,4,1,1,1652,250,44,30.0219855516563,0,0.590193704600484,0.247311827956989,0.347058823529412,0.613908918406072,0,119.5,183.5
2011,REG+POST,00-0026985,,B.J. Raji,NT,DL,"https://static.www.nfl.com/image/private/f_auto,q_auto/league/bzwbflnlm7rx6hwmje81",1,GB,0,0,0,0,0,0,0,0,0,0,0,0,,0,,,1,1,1,0,0,1,0.938873408245854,0,0,0,0,0,0,0,0,0,0,,0,,,,,0,6.1,6.1
2011,REG+POST,00-0026986,M.Crabtree,Michael Crabtree,WR,WR,"https://static.www.nfl.com/image/private/f_auto,q_auto/league/kcavcmeyaion38ewxwyk",17,SF,0,0,0,0,0,0,0,0,0,0,0,0,,0,,,1,6,0,0,0,0,0.447396184667014,0,77,130,902,5,0,0,1149,370,41,21.9958520075638,1,0.78503046127067,0.264227642276423,0.301971090670171,0.607721226883754,0,122.8,199.8
2011,REG+POST,00-0026988,,Knowshon Moreno,RB,RB,,7,DEN,0,0,0,0,0,0,0,0,0,0,0,0,,0,,,37,179,0,1,1,5,-8.28069408572628,0,11,15,101,1,0,0,30,96,3,1.47781816652579,0,3.36666666666667,0.0806451612903226,0.0148075024679171,0.131332993663026,0,32.0,43.0
2011,REG+POST,00-0026993,,Josh Freeman,QB,QB,"https://static.www.nfl.com/image/private/f_auto,q_auto/league/cwcasm6m73fx1mjpjk3n",15,TB,346,551,3592,16,22,29,164,6,3,4004,1650,168,-37.9302181076436,2,0.897102897102897,0.0346185589477243,55,238,4,3,2,25,4.60714867548724,0,0,0,0,0,0,0,0,0,0,,0,,,,,0,205.48,205.48
2011,REG+POST,00-0026995,J.Maclin,Jeremy Maclin,WR,WR,"https://static.www.nfl.com/image/private/f_auto,q_auto/league/tvlsuugnbn0idb0tbtgw",13,PHI,0,0,0,0,0,0,0,0,0,0,0,0,,0,,,1,1,0,0,0,0,-0.509346323553473,0,63,97,859,5,1,1,1155,260,43,31.9910505886695,0,0.743722943722944,0.226107226107226,0.28617443012884,0.539482940251028,0,114.0,177.0
2011,REG+POST,00-0026996,,Brandon Pettigrew,TE,TE,,17,DET,0,0,0,0,0,0,0,0,0,0,0,0,,0,,,0,0,0,0,0,0,,0,87,131,826,5,0,0,851,324,39,14.1590430140756,0,0.970622796709753,0.184247538677918,0.142737336464274,0.376287443541869,0,112.6,199.6
2011,REG+POST,00-0026997,A.Mack,Alex Mack,C,OL,"https://static.www.nfl.com/image/private/f_auto,q_auto/league/ebzxqyz5e7h7wrszr5vn",1,CLE,0,0,0,0,0,0,0,0,0,0,0,0,,0,,,0,0,0,0,0,0,,0,0,1,0,0,0,0,0,0,0,-2.01811242301483,0,,0.025,,,0,0.0,0.0
2011,REG+POST,00-0026998,,Percy Harvin,WR,WR,"https://static.www.nfl.com/image/private/f_auto,q_auto/league/ly7xvqfvoehf5jqrzzcq",16,MIN,0,0,0,0,0,0,0,0,0,0,0,0,,0,,,52,345,2,0,0,15,7.25769694250339,0,87,122,967,6,2,2,697,544,45,23.8989002351195,0,1.38737446197991,0.241106719367589,0.161492122335496,0.474704564686231,1,181.2,268.2
2011,REG+POST,00-0027003,,Donald Brown,RB,RB,,12,IND,0,0,0,0,0,0,0,0,0,0,0,0,,0,,,134,645,5,0,0,26,0.974828348465905,0,16,19,86,0,0,0,-10,94,3,-1.80262589725544,0,-8.6,0.0555555555555556,-0.003831417624521,0.0806513409961686,0,103.1,119.1
2011,REG+POST,00-0027005,,Hakeem Nicks,WR,WR,"https://static.www.nfl.com/image/private/f_auto,q_auto/league/nbgeeeuhd0n4zrctfxce",19,NYG,0,0,0,0,0,0,0,0,0,0,0,0,,0,,,0,0,0,0,0,0,,0,104,176,1636,11,1,0,2280,544,73,74.0086401882337,0,0.717543859649123,0.249645390070922,0.342239567697388,0.614035782494555,0,229.6,333.6
2011,REG+POST,00-0027006,K.Britt,Kenny Britt,WR,WR,"https://static.www.nfl.com/image/private/f_auto,q_auto/league/joozpvuyykyxjogcg3r5",3,TEN,0,0,0,0,0,0,0,0,0,0,0,0,,0,,,0,0,0,0,0,0,,0,17,26,289,3,1,1,332,125,14,19.1584955485014,0,0.870481927710844,0.234234234234234,0.383815028901734,0.620021871582565,0,44.9,61.9
2011,REG+POST,00-0027007,,Beanie Wells,RB,RB,,14,ARI,0,0,0,0,0,0,0,0,0,0,0,0,,0,,,245,1047,10,4,2,48,-11.2627253583244,0,10,16,52,0,0,0,27,19,1,-4.04317755921093,0,1.92592592592593,0.0461095100864553,0.008626198083067,0.07520260378783,0,165.9,175.9
2011,REG+POST,00-0027012,,Brian Robiskie,WR,WR,,4,CLE,0,0,0,0,0,0,0,0,0,0,0,0,,0,,,0,0,0,0,0,0,,0,3,9,25,0,0,0,114,2,2,-4.20375233556349,0,0.219298245614035,0.0520231213872832,0.0916398713826367,0.142182592048771,0,2.5,5.5
2011,REG+POST,00-0027026,,Mohamed Massaquoi,WR,WR,,14,CLE,0,0,0,0,0,0,0,0,0,0,0,0,,0,,,0,0,0,0,0,0,,0,31,74,384,2,0,0,773,75,19,-15.0783269083967,0,0.496765847347995,0.147410358565737,0.20624332977588,0.365485868691722,0,50.4,81.4
2011,REG+POST,00-0027029,L.McCoy,LeSean McCoy,RB,RB,"https://static.www.nfl.com/image/private/f_auto,q_auto/league/cpc1a2dgivdyevuncz7p",15,PHI,0,0,0,0,0,0,0,0,0,0,0,0,,0,,,273,1309,17,1,1,84,17.6866336577355,0,48,69,315,3,0,0,-105,388,18,-11.3026473002957,0,-3.0,0.137176938369781,-0.0215782983970407,0.190660598676744,0,280.4,328.4
2011,REG+POST,00-0027057,B.Tate,Brandon Tate,WR,WR,"https://static.www.nfl.com/image/private/f_auto,q_auto/league/uzpf58ijo44jfqakwv83",1,CIN,0,0,0,0,0,0,0,0,0,0,0,0,,0,,,0,0,0,0,0,0,,0,0,0,0,0,0,0,0,0,0,,0,,,,,1,6.0,6.0
2011,REG+POST,00-0027059,,Patrick Turner,WR,WR,,8,NYJ,0,0,0,0,0,0,0,0,0,0,0,0,,0,,,0,0,0,0,0,0,,0,8,15,96,1,0,0,172,24,6,3.70354006866374,0,0.558139534883721,0.0553505535055351,0.0805620608899297,0.139419272881253,0,15.6,23.6
2011,REG+POST,00-0027060,L.Webb,Lardarius Webb,FS,DB,"https://static.www.nfl.com/image/private/f_auto,q_auto/league/ltgpknt9ianx6u1mqvrw",1,BAL,0,0,0,0,0,0,0,0,0,0,0,0,,0,,,0,0,0,0,0,0,,0,0,0,0,0,0,0,0,0,0,,0,,,,,1,6.0,6.0
2011,REG+POST,00-0027061,J.Cook,Jared Cook,TE,TE,"https://static.www.nfl.com/image/private/f_auto,q_auto/league/cthoenebptadlu4g928v",16,TEN,0,0,0,0,0,0,0,0,0,0,0,0,,0,,,0,0,0,0,0,0,,0,49,81,759,3,2,2,705,280,34,15.1837671849533,0,1.07659574468085,0.139414802065404,0.150063856960409,0.314166902970393,0,89.9,138.9
2011,REG+POST,00-0027063,,Deon Butler,WR,WR,,4,SEA,0,0,0,0,0,0,0,0,0,0,0,0,,0,,,0,0,0,0,0,0,,0,6,7,51,0,0,0,60,10,3,1.99484737903336,0,0.85,0.0551181102362205,0.0523560209424084,0.119326380014017,0,5.1,11.1
2011,REG+POST,00-0027070,,Travis Beckum,TE,TE,,10,NYG,0,0,0,0,0,0,0,0,0,0,0,0,,0,,,0,0,0,0,0,0,,0,12,18,138,1,0,0,134,68,6,2.32384972734144,0,1.02985074626866,0.0502793296089386,0.0394581861012956,0.103039724684315,0,19.8,31.8
2011,REG+POST,00-0027071,,Stephen McGee,QB,QB,,1,DAL,24,38,182,1,0,3,25,0,0,236,87,11,-4.94097135111224,0,0.771186440677966,0.0338037936644162,4,28,0,0,0,1,1.29623515187996,0,0,0,0,0,0,0,0,0,0,,0,,,,,0,14.08,14.08
2011,REG+POST,00-0027076,,Mike Thomas,WR,WR,,15,JAX,0,0,0,0,0,0,0,0,0,0,0,0,,0,,,3,11,0,0,0,1,-0.122725277324207,0,44,91,415,1,1,1,827,197,20,-24.5178281190112,0,0.501813784764208,0.204494382022472,0.247234678624813,0.479805848071077,0,46.6,90.6
2011,REG+POST,00-0027077,,Brian Hartline,WR,WR,"https://static.www.nfl.com/image/private/f_auto,q_auto/league/vuqaw5utqkgyqtp7hwbu",15,MIA,0,0,0,0,0,0,0,0,0,0,0,0,,0,,,1,9,0,0,0,1,1.77851293783169,0,35,66,549,1,0,0,950,94,30,16.6475989281514,0,0.577894736842105,0.149321266968326,0.217989903625516,0.37657483299035,0,61.8,96.8
2011,REG+POST,00-0027080,,Mike Goodson,RB,RB,,2,CAR,0,0,0,0,0,0,0,0,0,0,0,0,,0,,,0,0,0,0,0,0,,0,1,3,4,0,0,0,15,0,0,-4.11990350048291,0,0.266666666666667,0.0422535211267606,0.0210970464135021,0.0781482141795923,0,0.4,1.4
2011,REG+POST,00-0027089,L.Murphy,Louis Murphy,WR,WR,"https://static.www.nfl.com/image/private/f_auto,q_auto/league/rivj8wgktddc22qdtpsn",9,LV,0,0,0,0,0,0,0,0,0,0,0,0,,0,,,6,69,1,0,0,4,5.24256538238842,0,15,33,241,0,0,0,478,81,11,-5.51254407121879,0,0.50418410041841,0.10410094637224,0.141378290446613,0.255116222870989,0,37.0,52.0
2011,REG+POST,00-0027092,,Austin Collie,WR,WR,,16,IND,0,0,0,0,0,0,0,0,0,0,0,0,,0,,,0,0,0,0,0,0,,0,54,97,514,1,0,0,732,212,35,-11.7708815016946,0,0.702185792349727,0.184761904761905,0.170430733410943,0.396444370530517,0,57.4,111.4
2011,REG+POST,00-0027093,,Tony Fiammetta,FB,RB,,4,DAL,0,0,0,0,0,0,0,0,0,0,0,0,,0,,,4,4,0,0,0,1,-2.16391585771561,0,3,5,39,0,0,0,2,34,3,0.914687693701126,0,19.5,0.0357142857142857,0.0021905805038335,0.055104834924112,0,4.3,7.3
2011,REG+POST,00-0027105,,Jarett Dillard,WR,WR,,13,JAX,0,0,0,0,0,0,0,0,0,0,0,0,,0,,,0,0,0,0,0,0,,0,29,50,292,1,0,0,508,42,16,8.4979439227141,0,0.574803149606299,0.124378109452736,0.165634170198891,0.302511083318329,0,35.2,64.2
2011,REG+POST,00-0027106,,Quinn Johnson,FB,RB,,2,TEN,0,0,0,0,0,0,0,0,0,0,0,0,,0,,,0,0,0,0,0,0,,0,3,3,30,0,0,0,1,29,1,3.65227674157359,0,30.0,0.0384615384615385,0.0028735632183908,0.0597038019451813,0,3.0,6.0
2011,REG+POST,00-0027109,,James Casey,FB,TE,"https://static.www.nfl.com/image/private/f_auto,q_auto/league/atra5outunyi3dikmjez",10,HOU,0,0,0,0,0,0,0,0,0,0,0,0,,0,,,2,11,0,0,0,1,-0.292890357319266,0,18,26,260,1,0,0,174,164,11,10.7632745932497,0,1.49425287356322,0.0984848484848485,0.0843840931134821,0.20679613790671,0,33.1,51.1
2011,REG+POST,00-0027120,,Javon Ringer,RB,RB,,12,TEN,0,0,0,0,0,0,0,0,0,0,0,0,,0,,,59,185,1,0,0,7,-14.8462387425524,0,28,36,187,0,1,1,-14,188,13,-2.89393397769564,0,-13.3571428571429,0.0909090909090909,-0.005090909090909,0.1328,0,41.2,69.2
2011,REG+POST,00-0027121,,Tom Brandstater,QB,QB,,1,LA,0,2,0,0,0,0,0,0,0,31,0,0,-2.76555877685314,0,0.0,,0,0,0,0,0,0,,0,0,0,0,0,0,0,0,0,0,,0,,,,,0,0.0,0.0
2011,REG+POST,00-0027125,Z.Miller,Zach Miller,TE,TE,"https://static.www.nfl.com/image/private/f_auto,q_auto/league/ghvzkuugli86zstauzvr",2,JAX,0,0,0,0,0,0,0,0,0,0,0,0,,0,,,0,0,0,0,0,0,,0,4,7,42,1,0,0,73,17,2,2.37539833167102,0,0.575342465753425,0.104477611940299,0.117363344051447,0.238870758746461,0,10.2,14.2
2011,REG+POST,00-0027129,,Aaron Brown,RB,RB,,1,DET,0,0,0,0,0,0,0,0,0,0,0,0,,0,,,1,0,0,0,0,0,-0.641311982180923,0,1,1,9,0,0,0,0,9,0,0.771837106905878,0,0.0,0.0344827586206897,,,0,0.9,1.9
2011,REG+POST,00-0027134,,Curtis Painter,QB,QB,,9,IND,132,243,1541,6,9,16,104,3,2,2034,748,71,-45.336370571954,0,0.757620452310718,-0.0189566650319126,17,107,0,2,1,7,0.72016325435834,0,0,0,0,0,0,0,0,0,0,,0,,,,,0,72.34,72.34
2011,REG+POST,00-0027135,,Brandon Myers,TE,TE,"https://static.www.nfl.com/image/private/f_auto,q_auto/league/tzyfv93n3bgtbmywjczu",12,LV,0,0,0,0,0,0,0,0,0,0,0,0,,0,,,0,0,0,0,0,0,,0,16,27,151,0,0,0,166,55,8,-1.77544480855158,0,0.909638554216867,0.072,0.0395520609959495,0.135686442697165,0,15.1,31.1
2011,REG+POST,00-0027136,J.McCourty,Jason McCourty,FS,DB,"https://static.www.nfl.com/image/private/f_auto,q_auto/league/myk5ccdezt1lhjc8szbm",1,TEN,0,0,0,0,0,0,0,0,0,0,0,0,,0,,,0,0,0,0,0,0,,0,0,0,0,0,0,0,0,0,0,,0,,,,,1,6.0,6.0
2011,REG+POST,00-0027139,J.Phillips,John Phillips,TE,TE,"https://static.www.nfl.com/image/private/f_auto,q_auto/league/i1t7zl2f5t0wwj72yxj7",9,DAL,0,0,0,0,0,0,0,0,0,0,0,0,,0,,,0,0,0,0,0,0,,0,15,18,101,1,0,0,20,90,4,2.52369273852695,0,5.05,0.0534124629080119,0.0068189566996249,0.0848919640517553,0,16.1,31.1
2011,REG+POST,00-0027140,,Chris Ogbonnaya,RB,RB,,12,CLE,0,0,0,0,0,0,0,0,0,0,0,0,,0,,,76,340,1,2,1,13,-6.45585841645318,0,23,31,165,0,0,0,41,145,7,-2.43127570228332,0,4.02439024390244,0.1,0.0174319727891156,0.162202380952381,0,54.5,77.5
2011,REG+POST,00-0027150,J.Edelman,Julian Edelman,WR,WR,"https://static.www.nfl.com/image/private/f_auto,q_auto/league/u0hbuo2bsvtlg7lnxm43",9,NE,0,0,0,0,0,0,0,0,0,0,0,0,,0,,,5,7,0,0,0,2,-1.81308844743762,0,6,13,51,0,0,0,143,13,2,-18.1995567646809,0,0.356643356643357,0.0472727272727273,0.0536182977127859,0.108441899308041,1,11.8,17.8
2011,REG+POST,00-0027154,,Jake O'Connell,TE,TE,,5,KC,0,0,0,0,0,0,0,0,0,0,0,0,,0,,,0,0,0,0,0,0,,0,7,12,52,0,0,0,64,14,4,0.226008062076289,0,0.8125,0.0701754385964912,0.0428954423592493,0.135289967546211,0,5.2,12.2
2011,REG+POST,00-0027156,,Tiquan Underwood,WR,WR,,4,NE,0,0,0,0,0,0,0,0,0,0,0,0,,0,,,0,0,0,0,0,0,,0,3,6,30,0,0,0,74,6,2,-4.00557082722662,0,0.405405405405405,0.0422535211267606,0.0689655172413793,0.111656143759106,0,3.0,6.0
2011,REG+POST,00-0027188,,Chad Hall,WR,WR,,6,PHI,0,0,0,0,0,0,0,0,0,0,0,0,,0,,,3,13,0,0,0,0,-0.312475568964146,0,3,9,20,1,0,0,80,11,1,-2.20331870083464,0,0.25,0.0514285714285714,0.0407539480387163,0.105670620769959,0,9.3,12.3
2011,REG+POST,00-0027202,,Michael Palmer,TE,TE,,11,ATL,0,0,0,0,0,0,0,0,0,0,0,0,,0,,,0,0,0,0,0,0,,0,10,16,72,1,0,0,56,49,3,1.1111359648757,0,1.28571428571429,0.0405063291139241,0.015242242787153,0.0714290636218932,0,13.2,23.2
2011,REG+POST,00-0027214,,Keiland Williams,RB,RB,,12,DET,0,0,0,0,0,0,0,0,0,0,0,0,,0,,,58,195,2,2,1,10,-11.1636160751514,0,8,8,62,0,0,0,12,50,3,2.91428552329307,0,5.16666666666667,0.0509554140127389,0.0124352331606218,0.0851377842315435,0,35.7,43.7
2011,REG+POST,00-0027215,L.Paulsen,Logan Paulsen,TE,TE,"https://static.www.nfl.com/image/private/f_auto,q_auto/league/rckjvflmpzh9tiescxcd",10,WAS,0,0,0,0,0,0,0,0,0,0,0,0,,0,,,0,0,0,0,0,0,,0,11,19,138,0,0,0,151,62,7,2.57356165998083,0,0.913907284768212,0.0509383378016086,0.0439081128234952,0.10714318567886,0,13.8,24.8
2011,REG+POST,00-0027220,,Naaman Roosevelt,WR,WR,,10,BUF,0,0,0,0,0,0,0,0,0,0,0,0,,0,,,0,0,0,0,0,0,,0,16,26,257,1,0,0,235,131,11,9.19084599026246,0,1.0936170212766,0.0747126436781609,0.091120589375727,0.17585337808025,0,31.7,47.7
2011,REG+POST,00-0027237,,Dane Fletcher,LB,LB,"https://static.www.nfl.com/image/private/f_auto,q_auto/league/xxjaemixdqxmuhyz7mjv",1,NE,0,0,0,0,0,0,0,0,0,0,0,0,,0,,,0,0,0,0,0,0,,0,0,1,0,0,0,0,2,0,0,-1.74762808380329,0,0.0,0.0208333333333333,0.0039215686274509,0.0339950980392157,0,0.0,0.0
2011,REG+POST,00-0027259,,Jake Ballard,TE,TE,,18,NYG,0,0,0,0,0,0,0,0,0,0,0,0,,0,,,0,0,0,0,0,0,,0,43,76,647,4,0,0,802,192,33,19.9573170681144,0,0.806733167082294,0.111111111111111,0.123025003834944,0.252784169351127,0,88.7,131.7
2011,REG+POST,00-0027265,V.Cruz,Victor Cruz,WR,WR,"https://static.www.nfl.com/image/private/f_auto,q_auto/league/q15bky6cm2stbiy0zafu",20,NYG,0,0,0,0,0,0,0,0,0,0,0,0,,0,,,1,3,0,0,0,0,-0.240932102838997,0,103,162,1805,10,1,1,1934,634,76,99.9487421874345,0,0.93329886246122,0.217741935483871,0.274365158178465,0.518668513950732,0,238.8,341.8
2011,REG+POST,00-0027308,,Jeremy Horne,WR,WR,,2,KC,0,0,0,0,0,0,0,0,0,0,0,0,,0,,,1,5,0,0,0,0,-0.846756568178535,0,0,2,0,0,0,0,-9,0,0,-2.0623648755718,0,0.0,0.0298507462686567,-0.0188284518828452,0.0315962030849934,0,0.5,0.5
2011,REG+POST,00-0027321,J.Cumberland,Jeff Cumberland,TE,TE,"https://static.www.nfl.com/image/private/f_auto,q_auto/league/c87plzwz1aj8haowwxcq",3,NYJ,0,0,0,0,0,0,0,0,0,0,0,0,,0,,,0,0,0,0,0,0,,0,2,5,35,0,0,0,53,17,1,0.37053550593555,0,0.660377358490566,0.0446428571428571,0.0601589103291714,0.109075522944706,0,3.5,5.5
2011,REG+POST,00-0027322,,David Nelson,WR,WR,,16,BUF,0,0,0,0,0,0,0,0,0,0,0,0,,0,,,0,0,0,0,0,0,,0,61,98,658,5,0,0,833,199,32,-1.78165364452468,0,0.789915966386555,0.172231985940246,0.188589540412044,0.3903606571988,0,95.8,156.8
2011,REG+POST,00-0027325,L.Blount,LeGarrette Blount,RB,RB,"https://static.www.nfl.com/image/private/f_auto,q_auto/league/s3eilto1yi0yhoamvvo3",14,TB,0,0,0,0,0,0,0,0,0,0,0,0,,0,,,184,781,5,3,2,32,-23.1889953446225,0,15,25,148,0,2,1,-4,150,6,-6.49277056849678,0,-37.0,0.0720461095100865,-0.0015723270440251,0.106968535334312,0,116.9,131.9
2011,REG+POST,00-0027346,,Alfonso Smith,RB,RB,,7,ARI,0,0,0,0,0,0,0,0,0,0,0,0,,0,,,30,102,1,0,0,7,-0.424785756447818,0,3,5,21,0,0,0,1,23,2,-0.284927060129121,0,21.0,0.131578947368421,0.0035971223021582,0.199886406664142,0,18.3,21.3
2011,REG+POST,00-0027412,,Manase Tonga,RB,RB,,3,LV,0,0,0,0,0,0,0,0,0,0,0,0,,0,,,1,12,0,0,0,1,1.15867138805334,0,3,4,18,0,0,0,6,15,1,-0.61082077539366,0,3.0,0.0470588235294118,0.0066592674805771,0.0752497225305216,0,3.0,6.0
2011,REG+POST,00-0027437,,Quinn Porter,RB,RB,,1,LA,0,0,0,0,0,0,0,0,0,0,0,0,,0,,,0,0,0,0,0,0,,0,0,1,0,0,0,0,8,0,0,-0.661221110960469,0,0.0,0.0294117647058824,0.019559902200489,0.0578095785991658,0,0.0,0.0
2011,REG+POST,00-0027441,,Chastin West,WR,WR,,8,JAX,0,0,0,0,0,0,0,0,0,0,0,0,,0,,,0,0,0,0,0,0,,0,13,27,163,2,0,0,297,49,9,0.431131187884603,0,0.548821548821549,0.108870967741935,0.14580265095729,0.265368307283006,0,28.3,41.3
2011,REG+POST,00-0027445,,Jeron Mastrud,TE,TE,,2,MIA,0,0,0,0,0,0,0,0,0,0,0,0,,0,,,0,0,0,0,0,0,,0,1,2,8,0,0,0,8,2,1,0.341845055576414,0,1.0,0.0333333333333333,0.0141592920353982,0.0599115044247788,0,0.8,1.8
2011,REG+POST,00-0027450,,Preston Parker,WR,WR,"https://static.www.nfl.com/image/private/f_auto,q_auto/league/uposmry1docri5fwr22y",16,TB,0,0,0,0,0,0,0,0,0,0,0,0,,0,,,1,-3,0,0,0,0,-0.937368916871492,0,40,64,554,3,0,0,452,287,25,15.6228729325877,0,1.22566371681416,0.110344827586207,0.103645952763128,0.2380694083135,0,73.1,113.1
2011,REG+POST,00-0027500,,Mike Caussin,TE,TE,,3,BUF,0,0,0,0,0,0,0,0,0,0,0,0,,0,,,0,0,0,0,0,0,,0,5,6,41,0,0,0,28,13,2,1.82269193665707,0,1.46428571428571,0.055045871559633,0.0328253223915592,0.105546533013541,0,4.1,9.1
2011,REG+POST,00-0027518,,Donald Jones,WR,WR,,8,BUF,0,0,0,0,0,0,0,0,0,0,0,0,,0,,,1,2,0,0,0,0,-0.378800437785685,0,23,46,231,1,0,0,561,68,9,-17.6238281290342,0,0.411764705882353,0.169741697416974,0.274865262126409,0.447018229613947,0,29.3,52.3
2011,REG+POST,00-0027531,C.Ivory,Chris Ivory,RB,RB,"https://static.www.nfl.com/image/private/f_auto,q_auto/league/wuhrkffigvt55hcqd4yw",8,NO,0,0,0,0,0,0,0,0,0,0,0,0,,0,,,101,444,1,0,0,26,-5.29064089860327,0,0,1,0,0,0,0,3,0,0,-0.512383515248075,0,0.0,0.0212765957446809,0.0097087378640776,0.0387110101218756,0,50.4,50.4
2011,REG+POST,00-0027567,,Steve Maneri,,,,2,KC,0,0,0,0,0,0,0,0,0,0,0,0,,0,,,0,0,0,0,0,0,,0,1,2,1,0,0,0,7,2,0,-1.06712785514537,0,0.142857142857143,0.03125,0.0146137787056367,0.0571046450939457,0,0.1,1.1
2011,REG+POST,00-0027581,,Seyi Ajirotutu,WR,WR,"https://static.www.nfl.com/image/private/f_auto,q_auto/league/tmbglbojtv1psbkhejsg",2,CAR,0,0,0,0,0,0,0,0,0,0,0,0,,0,,,0,0,0,0,0,0,,0,1,2,4,0,0,0,20,2,1,0.179749368922785,0,0.2,0.0444444444444444,0.0435729847494553,0.0971677559912854,0,0.4,1.4
2011,REG+POST,00-0027583,,Richie Brockel,TE,TE,"https://static.www.nfl.com/image/private/f_auto,q_auto/league/fcqa6vamgjb4adwfpbac",3,CAR,0,0,0,0,0,0,0,0,0,0,0,0,,0,,,3,12,1,0,0,3,1.95722990989452,0,3,3,13,0,0,0,4,9,1,0.438478707335889,0,3.25,0.0384615384615385,0.0061068702290076,0.061967116852613,0,8.5,11.5
2011,REG+POST,00-0027585,,Richard Goodman,WR,WR,,3,LAC,0,0,0,0,0,0,0,0,0,0,0,0,,0,,,0,0,0,0,0,0,,0,0,2,0,0,0,0,29,0,0,-1.4861419727914,0,0.0,0.025,0.0364779874213837,0.0630345911949686,1,6.0,6.0
2011,REG+POST,00-0027595,,Bryan Walters,WR,WR,,2,LAC,0,0,0,0,0,0,0,0,0,0,0,0,,0,,,0,0,0,0,0,0,,0,3,4,27,0,0,0,34,15,2,0.796910382399801,0,0.794117647058824,0.0459770114942529,0.0544,0.107045517241379,0,2.7,5.7
2011,REG+POST,00-0027608,,Kyle Williams,WR,WR,"https://static.www.nfl.com/image/private/f_auto,q_auto/league/uc0hi9tbued5ff0osfmq",14,SF,0,0,0,0,0,0,0,0,0,0,0,0,,0,,,2,32,0,0,0,1,2.10956322372658,0,22,41,253,3,0,0,372,107,15,9.82964094167749,0,0.68010752688172,0.0997566909975669,0.111510791366906,0.227692590453185,0,46.5,68.5
2011,REG+POST,00-0027612,,Ryan D'Imperio,LB,LB,,6,MIN,0,0,0,0,0,0,0,0,0,0,0,0,,0,,,0,0,0,0,0,0,,0,2,6,7,0,0,0,22,4,1,-2.24784330301918,0,0.318181818181818,0.032258064516129,0.0126801152737752,0.0572631774658362,0,0.7,2.7
2011,REG+POST,00-0027618,,Brandon Banks,DL,DL,,3,WAS,1,1,49,1,0,0,0,0,0,34,15,1,4.28229683369864,0,1.44117647058824,,1,1,0,0,0,0,-1.05345192691311,0,1,1,10,0,0,0,-2,12,1,1.24093012267258,0,0.0,0.0222222222222222,-0.0044642857142857,0.0302083333333333,0,7.06,8.06
2011,REG+POST,00-0027651,,Dexter McCluster,WR,WR,"https://static.www.nfl.com/image/private/f_auto,q_auto/league/vawlifwslfzekg0e35ig",16,KC,0,0,0,0,0,0,0,0,0,0,0,0,,0,,,114,516,1,1,1,28,-5.35206942189747,0,46,64,328,1,1,1,137,280,14,-9.54638675517357,0,2.39416058394161,0.129032258064516,0.037027027027027,0.219467306015693,0,92.4,138.4
2011,REG+POST,00-0027654,A.Benn,Arrelious Benn,WR,WR,"https://static.www.nfl.com/image/private/f_auto,q_auto/league/mrdtswjobu20gukdl2cp",14,TB,0,0,0,0,0,0,0,0,0,0,0,0,,0,,,6,-7,0,0,0,0,-5.07449005311793,0,30,51,441,3,0,0,602,174,15,4.64592415221868,0,0.732558139534884,0.100196463654224,0.155154639175258,0.258902942904016,0,61.4,91.4
2011,REG+POST,00-0027656,R.Gronkowski,Rob Gronkowski,TE,TE,"https://static.www.nfl.com/image/private/f_auto,q_auto/league/svpo7chliiymc0r7hegp",19,NE,0,0,0,0,0,0,0,0,0,0,0,0,,0,,,1,2,1,0,0,1,1.17883009492653,0,107,147,1585,20,0,0,1425,721,84,113.887411188357,0,1.11228070175439,0.204735376044568,0.23678963110668,0.472855805841528,0,284.7,391.7
2011,REG+POST,00-0027660,,Javier Arenas,DB,DB,"https://static.www.nfl.com/image/private/f_auto,q_auto/league/algezgrklvzxvyljttv8",2,KC,0,0,0,0,0,0,0,0,0,0,0,0,,0,,,3,12,1,0,0,2,2.72069347969955,0,0,0,0,0,0,0,0,0,0,,0,,,,,0,7.2,7.2
2011,REG+POST,00-0027666,,Montario Hardesty,RB,RB,,9,CLE,0,0,0,0,0,0,0,0,0,0,0,0,,0,,,88,266,0,1,0,6,-19.6827057703049,0,14,21,122,0,0,0,13,119,8,5.23288983252132,0,9.38461538461539,0.0990566037735849,0.0075757575757575,0.153887935963408,0,38.8,52.8
2011,REG+POST,00-0027675,E.Dickson,Ed Dickson,TE,TE,"https://static.www.nfl.com/image/private/f_auto,q_auto/league/qtxat8xwaclkqfkj5lrq",18,BAL,0,0,0,0,0,0,0,0,0,0,0,0,,0,,,0,0,0,0,0,0,,0,57,97,565,5,0,0,937,195,31,5.18522538602786,0,0.60298826040555,0.160596026490066,0.163954505686789,0.355662193715852,0,86.5,143.5
2011,REG+POST,00-0027681,B.LaFell,Brandon LaFell,WR,WR,"https://static.www.nfl.com/image/private/f_auto,q_auto/league/x4wifb5arw0neuwg1cch",15,CAR,0,0,0,0,0,0,0,0,0,0,0,0,,0,,,0,0,0,0,0,0,,0,36,56,613,3,0,0,728,235,23,29.8162332427804,0,0.842032967032967,0.117154811715481,0.157201468365364,0.285773245428977,0,79.3,115.3
2011,REG+POST,00-0027685,E.Sanders,Emmanuel Sanders,WR,WR,"https://static.www.nfl.com/image/private/f_auto,q_auto/league/potkibjtm855tsawozs0",12,PIT,1,1,15,0,0,0,0,0,0,15,0,1,0.95982254302362,0,1.0,,0,0,0,0,0,0,,0,28,51,369,2,0,0,673,158,20,9.54119309816595,0,0.548291233283804,0.12200956937799,0.17358782563838,0.304525832013852,0,49.5,77.5
2011,REG+POST,00-0027687,,Jordan Shipley,WR,WR,,2,CIN,0,0,0,0,0,0,0,0,0,0,0,0,,0,,,0,0,0,0,0,0,,0,4,5,14,0,1,0,30,0,0,-1.54147674038541,0,0.466666666666667,0.0735294117647059,0.0470957613814757,0.143261150614092,0,1.4,5.4
2011,REG+POST,00-0027688,C.McCoy,Colt McCoy,QB,QB,"https://static.www.nfl.com/image/private/f_auto,q_auto/league/mvcoi7f6thyudufnh0dx",13,CLE,265,463,2733,14,11,32,173,5,1,3383,1213,144,-34.8848735882075,0,0.807862843629914,0.0163782945156096,61,212,0,6,1,17,2.85326898735124,0,1,1,-5,0,0,0,0,-5,0,-1.29259452270344,0,0.0,0.025,,,0,160.02,161.02
2011,REG+POST,00-0027690,E.Decker,Eric Decker,WR,WR,"https://static.www.nfl.com/image/private/f_auto,q_auto/league/jg5ftnvxz4jdiajzeoyn",17,DEN,0,1,0,0,0,0,0,0,0,29,0,0,-0.610636333585717,0,0.0,,2,10,0,0,0,0,-0.903874345880467,0,44,98,612,8,1,1,1387,170,29,-22.4705125355902,0,0.441240086517664,0.221218961625282,0.275471698113208,0.524658631117169,1,114.2,158.2
2011,REG+POST,00-0027691,A.Roberts,Andre Roberts,WR,WR,"https://static.www.nfl.com/image/private/f_auto,q_auto/league/hjoyjewh7knoafxt4k93",15,ARI,0,0,0,0,0,0,0,0,0,0,0,0,,0,,,3,27,0,0,0,1,2.35478208737914,0,51,98,586,2,1,0,894,226,29,-22.8944543992055,0,0.655480984340045,0.191780821917808,0.192299419229942,0.422280826337672,0,73.3,124.3
2011,REG+POST,00-0027692,,Armanti Edwards,WR,WR,,2,CAR,1,1,11,0,0,0,0,0,0,0,11,1,0.690205453080125,0,0.0,,1,5,0,0,0,0,-0.0298003491479903,0,0,0,0,0,0,0,0,0,0,,0,,,,,0,0.94,0.94
2011,REG+POST,00-0027693,,Taylor Price,WR,WR,,2,JAX,0,0,0,0,0,0,0,0,0,0,0,0,,0,,,0,0,0,0,0,0,,0,2,4,39,0,0,0,82,7,2,1.56413870363031,0,0.475609756097561,0.0701754385964912,0.164658634538153,0.220524202071444,0,3.9,5.9
2011,REG+POST,00-0027696,J.Graham,Jimmy Graham,TE,TE,"https://static.www.nfl.com/image/private/f_auto,q_auto/league/h7xs06oj6g03mippwtse",18,NO,0,0,0,0,0,0,0,0,0,0,0,0,,0,,,0,0,0,0,0,0,,0,111,168,1468,14,1,1,1489,535,82,58.4398518781959,0,0.985896574882472,0.219607843137255,0.251605272051369,0.50553545514184,0,228.8,339.8
2011,REG+POST,00-0027702,,Mike Williams,WR,WR,,15,TB,0,0,0,0,0,0,0,0,0,0,0,0,,0,,,1,3,0,0,0,0,-0.362390157999471,0,65,124,771,3,2,2,1285,211,41,6.38993423515917,0,0.6,0.224231464737794,0.306171074577079,0.550666949310646,0,91.4,156.4
2011,REG+POST,00-0027709,,Jacoby Ford,WR,WR,,8,LV,0,0,0,0,0,0,0,0,0,0,0,0,,0,,,4,31,0,0,0,1,0.372032429557294,0,19,33,279,1,2,1,340,126,14,-7.57340143262491,0,0.820588235294118,0.130952380952381,0.119047619047619,0.279761904761905,1,41.0,60.0
2011,REG+POST,00-0027712,,Joe McKnight,RB,RB,,11,NYJ,0,0,0,0,0,0,0,0,0,0,0,0,,0,,,43,134,0,0,0,8,-6.80177329032449,0,13,18,139,0,0,0,64,111,7,5.2326509464184,0,2.171875,0.0734693877551021,0.0320962888665998,0.132671483839273,1,33.3,46.3
2011,REG+POST,00-0027713,,Aaron Hernandez,TE,TE,,17,NE,0,0,0,0,0,0,0,0,0,0,0,0,,0,,,13,115,0,0,0,5,6.7654950103024,0,98,144,1098,9,1,1,938,612,58,42.2277596724153,0,1.17057569296375,0.223950233281493,0.179934778438519,0.461879694829203,0,173.3,271.3
2011,REG+POST,00-0027714,,Dennis Pitta,TE,TE,"https://static.www.nfl.com/image/private/f_auto,q_auto/league/liu0pixlkbyftxesaq06",16,BAL,0,0,0,0,0,0,0,0,0,0,0,0,,0,,,0,0,0,0,0,0,,0,47,68,475,4,0,0,493,187,33,34.6344724136893,0,0.963488843813387,0.122965641952984,0.0937975646879756,0.250106758211059,0,71.5,118.5
2011,REG+POST,00-0027718,,Garrett Graham,TE,TE,,2,HOU,0,0,0,0,0,0,0,0,0,0,0,0,,0,,,0,0,0,0,0,0,,0,1,2,24,0,0,0,16,8,1,0.845212297339458,0,1.5,0.0246913580246914,0.0701754385964912,0.0861598440545809,0,2.4,3.4
2011,REG+POST,00-0027722,,Mike Kafka,QB,QB,"https://static.www.nfl.com/image/private/f_auto,q_auto/league/jbpqdkzygpdgouw6h5ds",3,PHI,11,16,107,0,2,1,6,0,0,203,39,3,-4.23985502694268,0,0.527093596059113,0.0569887434078405,3,0,0,0,0,0,-0.286913432937581,0,0,0,0,0,0,0,0,0,0,,0,,,,,0,0.28,0.28
2011,REG+POST,00-0027725,C.Harbor,Clay Harbor,TE,TE,"https://static.www.nfl.com/image/private/f_auto,q_auto/league/spuxscdmedvqosq5yrho",13,PHI,0,0,0,0,0,0,0,0,0,0,0,0,,0,,,0,0,0,0,0,0,,0,13,19,163,1,0,0,185,40,8,4.97581491468009,0,0.881081081081081,0.0428893905191874,0.0422085329682866,0.0938800588565816,0,22.3,35.3
2011,REG+POST,00-0027732,M.Hoomanawanui,Michael Hoomanawanui,TE,TE,"https://static.www.nfl.com/image/private/f_auto,q_auto/league/fgfwj67pbxmp1bpjm7ti",6,LA,0,0,0,0,0,0,0,0,0,0,0,0,,0,,,0,0,0,0,0,0,,0,7,13,83,0,0,0,107,61,4,-3.21711438486818,0,0.775700934579439,0.0601851851851852,0.0594774874930517,0.131912019022914,0,8.3,15.3
2011,REG+POST,00-0027739,,John Conner,RB,RB,,11,NYJ,0,0,0,0,0,0,0,0,0,0,0,0,,0,,,13,44,1,0,0,7,4.17601134959841,0,2,5,9,0,0,0,8,0,1,-8.47361601533465,0,1.125,0.0316455696202532,0.0104031209362809,0.0547505390857764,0,11.3,13.3
2011,REG+POST,00-0027753,,Andrew Quarless,TE,TE,,4,GB,0,0,0,0,0,0,0,0,0,0,0,0,,0,,,0,0,0,0,0,0,,0,3,4,36,0,0,0,18,19,3,2.63968579657376,0,2.0,0.0291970802919708,0.0158450704225352,0.0548871697337309,0,3.6,6.6
2011,REG+POST,00-0027754,,John Skelton,QB,QB,,8,ARI,151,275,1913,11,14,23,162,2,0,2632,808,82,-49.7049559717604,0,0.726823708206687,-0.0074087990974055,28,128,0,2,1,11,2.55621428460794,0,0,0,0,0,0,0,0,0,0,,0,,,,,0,103.32,103.32
2011,REG+POST,00-0027755,,David Reed,WR,WR,,3,BAL,0,0,0,0,0,0,0,0,0,0,0,0,,0,,,1,16,0,0,0,1,1.21345548494719,0,0,2,0,0,0,0,42,0,0,-0.483589356881566,0,0.0,0.0238095238095238,0.0540540540540541,0.0735521235521236,0,1.6,1.6
2011,REG+POST,00-0027758,,Riley Cooper,WR,WR,"https://static.www.nfl.com/image/private/f_auto,q_auto/league/vpongpty2wm06bsmm7hb",8,PHI,0,0,0,0,0,0,0,0,0,0,0,0,,0,,,0,0,0,0,0,0,,0,16,35,315,1,0,0,584,56,13,5.74255401906492,0,0.539383561643836,0.133079847908745,0.212905577834488,0.348653676347259,0,37.5,53.5
2011,REG+POST,00-0027761,,Brody Eldridge,TE,TE,,7,IND,0,0,0,0,0,0,0,0,0,0,0,0,,0,,,0,0,0,0,0,0,,0,9,10,45,0,0,0,35,15,2,1.00856658926932,0,1.28571428571429,0.0462962962962963,0.0190114068441065,0.082752429235319,0,4.5,13.5
2011,REG+POST,00-0027764,,Kerry Meier,WR,WR,,1,ATL,0,0,0,0,0,0,0,0,0,0,0,0,,0,,,0,0,0,0,0,0,,0,0,1,0,0,0,0,10,0,0,-0.641697616549209,0,0.0,0.0285714285714286,0.0386100386100386,0.0698841698841699,0,0.0,0.0
2011,REG+POST,00-0027769,,Fendi Onobun,TE,TE,,1,JAX,0,0,0,0,0,0,0,0,0,0,0,0,,0,,,0,0,0,0,0,0,,0,0,1,0,0,0,0,3,0,0,-1.24887202575337,0,0.0,0.0303030303030303,0.0241935483870968,0.0623900293255132,0,0.0,0.0
2011,REG+POST,00-0027772,,Anthony Dixon,RB,RB,"https://static.www.nfl.com/image/private/f_auto,q_auto/league/lvbgbxspmjn0xo1kw8g9",10,SF,0,0,0,0,0,0,0,0,0,0,0,0,,0,,,32,90,2,0,0,6,-5.14360512653366,0,1,1,6,0,0,0,0,6,0,-0.796864702366293,0,0.0,0.032258064516129,,,0,21.6,22.6
2011,REG+POST,00-0027776,,Carlton Mitchell,WR,WR,,2,CLE,0,0,0,0,0,0,0,0,0,0,0,0,,0,,,0,0,0,0,0,0,,0,3,4,31,0,0,0,36,3,2,2.37163663416868,0,0.861111111111111,0.0555555555555556,0.0652173913043478,0.128985507246377,0,3.1,6.1
2011,REG+POST,00-0027779,,Deji Karim,RB,RB,,12,JAX,0,0,0,0,0,0,0,0,0,0,0,0,,0,,,63,130,0,0,0,9,-17.0986406204415,0,14,19,120,0,0,0,-33,150,4,-4.12196805781961,0,-3.63636363636364,0.0739299610894942,-0.0185393258426966,0.0979174135443536,0,25.0,39.0
2011,REG+POST,00-0027783,,Anthony McCoy,TE,TE,"https://static.www.nfl.com/image/private/f_auto,q_auto/league/jmfnncc5wt3g5btrsvav",11,SEA,0,0,0,0,0,0,0,0,0,0,0,0,,0,,,0,0,0,0,0,0,,0,13,24,146,0,0,0,174,77,7,1.34631160739809,0,0.839080459770115,0.0670391061452514,0.054699779943414,0.138848505178267,0,14.6,27.6
2011,REG+POST,00-0027786,,Jonathan Dwyer,RB,RB,,3,PIT,0,0,0,0,0,0,0,0,0,0,0,0,,0,,,16,123,0,0,0,2,0.631861507252324,0,1,1,6,0,0,0,2,4,0,-1.07728016969843,0,3.0,0.0285714285714286,0.007168458781362,0.0478750640040963,0,12.9,13.9
2011,REG+POST,00-0027789,,Dezmon Briscoe,WR,WR,,13,TB,0,0,0,0,0,0,0,0,0,0,0,0,,0,,,0,0,0,0,0,0,,0,35,51,387,6,0,0,448,97,20,7.81862758446368,0,0.863839285714286,0.106694560669456,0.121048365306674,0.244775696718856,0,74.7,109.7
2011,REG+POST,00-0027791,,James Starks,RB,RB,"https://static.www.nfl.com/image/private/f_auto,q_auto/league/ohxqulg4xjfmbbkkltqj",14,GB,0,0,0,0,0,0,0,0,0,0,0,0,,0,,,139,621,1,2,1,32,-11.5219886648752,0,33,42,240,0,0,0,-53,283,10,3.23417601716123,0,-4.52830188679245,0.0967741935483871,-0.0151428571428571,0.134561290322581,0,90.1,123.1
2011,REG+POST,00-0027793,A.Brown,Antonio Brown,WR,WR,"https://static.www.nfl.com/image/private/f_auto,q_auto/league/ecxsx9t7bfg42bgfwj3v",17,PIT,0,0,0,0,0,0,0,0,0,0,0,0,,0,,,8,59,0,0,0,3,3.12339004082605,0,74,131,1178,2,0,0,1645,355,61,53.1038846981391,0,0.716109422492401,0.227036395147314,0.301724137931035,0.551761489272695,1,141.7,215.7
2011,REG+POST,00-0027796,J.Webb,Joe Webb,QB,QB,"https://static.www.nfl.com/image/private/f_auto,q_auto/league/hjieero9ugbyu7n1629h",8,MIN,34,63,376,3,2,3,21,1,1,605,141,16,0.829358919523656,0,0.621487603305785,0.0450278638256318,22,154,2,0,0,9,9.77957410362572,0,1,5,9,0,0,0,63,0,0,-2.76446266949653,0,0.142857142857143,0.0326797385620915,0.0502793296089386,0.0842151385693943,0,49.34,50.34
2011,REG+POST,00-0027813,,Terrence Austin,WR,WR,,9,WAS,0,0,0,0,0,0,0,0,0,0,0,0,,0,,,0,0,0,0,0,0,,0,12,26,137,0,1,1,258,34,6,-13.0038952545639,0,0.531007751937985,0.0771513353115727,0.0854587611791984,0.175548135792798,0,11.7,23.7
2011,REG+POST,00-0027816,,Marc Mariani,WR,WR,"https://static.www.nfl.com/image/private/f_auto,q_auto/league/jdhln1ulusmjybwdha4k",11,TEN,0,0,0,0,0,0,0,0,0,0,0,0,,0,,,1,4,0,0,0,0,-0.0403419719077647,0,5,12,24,0,0,0,84,15,0,-8.00875960840494,0,0.285714285714286,0.032171581769437,0.0272993175170621,0.067366894916099,1,8.8,13.8
2011,REG+POST,00-0027825,J.Dray,Jim Dray,TE,TE,"https://static.www.nfl.com/image/private/f_auto,q_auto/league/p8pyujltnfdj3qnbh7yi",2,ARI,0,0,0,0,0,0,0,0,0,0,0,0,,0,,,0,0,0,0,0,0,,0,2,5,25,0,0,0,33,3,1,-1.46515564775411,0,0.757575757575758,0.0684931506849315,0.0466760961810467,0.13541299335413,0,2.5,4.5
2011,REG+POST,00-0027844,,Erik Lorig,FB,RB,,6,TB,0,0,0,0,0,0,0,0,0,0,0,0,,0,,,0,0,0,0,0,0,,0,6,9,53,0,0,0,37,41,2,0.373830073513091,0,1.43243243243243,0.042654028436019,0.0234622701331642,0.0804046317472434,0,5.3,11.3
2011,REG+POST,00-0027854,S.Bradford,Sam Bradford,QB,QB,"https://static.www.nfl.com/image/private/f_auto,q_auto/league/fizwrxzfdaw7v2vzzpn6",10,LA,191,357,2164,6,6,36,248,6,5,3269,854,104,-79.5534111252532,0,0.661976139492199,-0.0194782397869357,18,26,0,4,2,3,-21.8347499225056,0,0,0,0,0,0,0,0,0,0,,0,,,,,0,87.16,87.16
2011,REG+POST,00-0027861,C.Spiller,C.J. Spiller,RB,RB,"https://static.www.nfl.com/image/private/f_auto,q_auto/league/jqbnrdpq9c2nbchzntxt",16,BUF,0,0,0,0,0,0,0,0,0,0,0,0,,0,,,107,561,4,2,0,26,10.7176905226079,0,39,53,269,2,0,0,131,225,17,-4.35644564827528,0,2.05343511450382,0.104125736738703,0.0333587980646804,0.179539763753331,0,119.0,158.0
2011,REG+POST,00-0027864,,Ryan Mathews,RB,RB,"https://static.www.nfl.com/image/private/f_auto,q_auto/league/mai5izn84cdrvxlkwagb",14,LAC,0,0,0,0,0,0,0,0,0,0,0,0,,0,,,222,1091,6,5,2,52,-4.80595438351156,0,50,59,455,0,0,0,14,437,18,8.68266980612089,0,32.5,0.118712273641851,0.0031446540880503,0.180269668324412,0,186.6,236.6
2011,REG+POST,00-0027873,J.Gresham,Jermaine Gresham,TE,TE,"https://static.www.nfl.com/image/private/f_auto,q_auto/league/higvmot083ues41wbdgi",15,CIN,0,0,0,0,0,0,0,0,0,0,0,0,,0,,,0,0,0,0,0,0,,0,61,98,642,6,1,1,744,215,33,11.9612462670192,0,0.862903225806452,0.196392785571142,0.177820267686424,0.419063365737211,0,98.2,159.2
2011,REG+POST,00-0027874,D.Thomas,Demaryius Thomas,WR,WR,"https://static.www.nfl.com/image/private/f_auto,q_auto/league/p1yjsqtqimjd6iazu3h9",12,DEN,0,1,0,0,0,0,0,0,0,9,0,0,-0.446307447273284,0,0.0,,1,5,0,0,0,0,-0.0085908486507833,0,42,87,848,5,0,0,1333,262,32,43.2923217791109,0,0.63615903975994,0.291946308724832,0.353112582781457,0.685098271034268,0,115.3,157.3
2011,REG+POST,00-0027876,T.Tebow,Tim Tebow,TE,TE,,15,DEN,145,318,2181,14,6,38,253,8,5,4096,788,92,-50.6241716839009,0,0.532470703125,-0.008490837765068,137,723,7,6,2,40,16.7926493801399,2,0,0,0,0,0,0,0,0,0,,0,,,,,0,235.54,235.54
2011,REG+POST,00-0027880,,Jahvid Best,RB,RB,,6,DET,0,0,0,0,0,0,0,0,0,0,0,0,,0,,,84,390,2,0,0,15,-2.84451672557981,0,27,40,287,1,0,0,-18,308,11,6.34842301232166,0,-15.9444444444444,0.172413793103448,-0.0118110236220472,0.250352973119739,0,85.7,112.7
2011,REG+POST,00-0027888,,Toby Gerhart,RB,RB,"https://static.www.nfl.com/image/private/f_auto,q_auto/league/pne2o7x8dw3cngbahihv",15,MIN,0,0,0,0,0,0,0,0,0,0,0,0,,0,,,109,531,1,1,0,24,-4.62818697531475,0,23,28,190,3,0,0,13,175,8,-3.215445106456,0,14.6153846153846,0.074468085106383,0.0043889264010803,0.114774376140331,0,96.1,119.1
2011,REG+POST,00-0027890,,Ben Tate,RB,RB,,17,HOU,0,0,0,0,0,0,0,0,0,0,0,0,,0,,,184,979,4,4,3,55,-0.158033188542366,0,13,20,98,0,0,0,26,82,4,-0.0630971947102808,0,3.76923076923077,0.0763358778625954,0.014916810097533,0.124945583862166,0,125.7,138.7
2011,REG+POST,00-0027891,G.Tate,Golden Tate,WR,WR,"https://static.www.nfl.com/image/private/f_auto,q_auto/league/yfqebrp2o9t1gt1wqjku",15,SEA,0,0,0,0,0,0,0,0,0,0,0,0,,0,,,5,14,0,0,0,1,-1.5158384796232,0,35,58,382,3,1,0,662,155,16,15.6785580921007,0,0.577039274924471,0.125,0.156834873252784,0.297284411276949,0,57.6,92.6
2011,REG+POST,00-0027893,,Damian Williams,WR,WR,,15,TEN,0,0,0,0,0,0,0,0,0,0,0,0,,0,,,0,0,0,0,0,0,,0,45,94,592,5,0,0,1152,213,27,15.8672910476074,0,0.513888888888889,0.174397031539889,0.264827586206897,0.446974857654661,0,89.2,134.2
2011,REG+POST,00-0027902,D.Bryant,Dez Bryant,WR,WR,"https://static.www.nfl.com/image/private/f_auto,q_auto/league/jmggujwkiv7osgkhhnhl",15,DAL,0,0,0,0,0,0,0,0,0,0,0,0,,0,,,1,5,0,0,0,0,0.083188809803687,0,63,103,928,9,1,1,1256,299,48,44.7156570359015,0,0.738853503184713,0.198458574181118,0.314550463310794,0.517873185589232,0,145.3,208.3
2011,REG+POST,00-0027912,,Danario Alexander,WR,WR,,10,LA,0,0,0,0,0,0,0,0,0,0,0,0,,0,,,0,0,0,0,0,0,,0,26,60,431,2,0,0,759,132,19,2.13438849865072,0,0.567852437417655,0.174927113702624,0.248689384010485,0.436473239361275,0,55.1,81.1
2011,REG+POST,00-0027915,,Isaiah Trufant,DB,DB,,1,NYJ,0,0,0,0,0,0,0,0,0,0,0,0,,0,,,0,0,0,0,0,0,,0,0,0,0,0,0,0,0,0,0,,0,,,,,1,6.0,6.0
2011,REG+POST,00-0027917,,Tyler Clutts,FB,RB,"https://static.www.nfl.com/image/private/f_auto,q_auto/league/a1knpd9e7x4pxech8xhg",8,CHI,0,0,0,0,0,0,0,0,0,0,0,0,,0,,,0,0,0,0,0,0,,0,8,10,48,0,1,0,13,37,2,-3.18122457957361,0,3.69230769230769,0.0366300366300366,0.0067148760330578,0.0596454681681954,0,4.8,12.8
2011,REG+POST,00-0027918,,Andrew Hawkins,WR,WR,,13,CIN,0,0,0,0,0,0,0,0,0,0,0,0,,0,,,5,25,0,0,0,2,2.73176857293583,0,24,36,271,0,0,0,235,151,12,3.04558093368356,0,1.1531914893617,0.0902255639097744,0.0807282720714531,0.191848136314679,0,29.6,53.6
2011,REG+POST,00-0027920,,Emmanuel Arceneaux,WR,WR,,1,MIN,0,0,0,0,0,0,0,0,0,0,0,0,,0,,,0,0,0,0,0,0,,0,1,2,10,0,0,0,19,3,1,0.464646519278176,0,0.526315789473684,0.0645161290322581,0.0664335664335664,0.143277690051884,0,1.0,2.0
2011,REG+POST,00-0027939,C.Newton,Cam Newton,QB,QB,"https://static.www.nfl.com/image/private/f_auto,q_auto/league/zwmgw2gmnn2kch4nquft",16,CAR,310,517,4051,21,17,35,260,3,2,4907,1911,173,48.2962174884042,2,0.825555329121663,0.102114517034282,126,706,14,2,0,51,40.5295018981992,0,1,1,27,0,0,0,-5,32,1,2.31917213392444,0,0.0,0.0454545454545455,-0.0174216027874564,0.0559866962305987,0,369.34,370.34
2011,REG+POST,00-0027942,A.Green,A.J. Green,WR,WR,"https://static.www.nfl.com/image/private/f_auto,q_auto/league/guj5a9vnnzqfiljupzuj",16,CIN,0,0,0,0,0,0,0,0,0,0,0,0,,0,,,5,53,0,1,0,3,2.9411513179075,0,70,127,1104,7,0,0,1681,278,45,23.5135480142737,0,0.656751933372992,0.244701348747592,0.40302085830736,0.64916662393654,0,157.7,227.7
2011,REG+POST,00-0027943,P.Peterson,Patrick Peterson,CB,DB,"https://static.www.nfl.com/image/private/f_auto,q_auto/league/hefuj7lvfmgvr4tme7te",5,ARI,0,0,0,0,0,0,0,0,0,0,0,0,,0,,,1,0,0,1,0,0,-0.7155019082129,0,1,1,-1,0,0,0,-2,1,0,-0.931700030807406,0,0.0,0.0232558139534884,-0.0044843049327354,0.0317447074773178,4,23.9,24.9
2011,REG+POST,00-0027944,J.Jones,Julio Jones,WR,WR,"https://static.www.nfl.com/image/upload/f_auto,q_auto/league/omrddf2phtyztzx2nup1",13,ATL,0,0,0,0,0,0,0,0,0,0,0,0,,0,,,7,69,0,0,0,5,3.29767000215361,0,61,103,1023,8,1,1,1352,428,36,39.5893821783938,0,0.756656804733728,0.206412825651303,0.291191040275684,0.513452966669933,0,155.2,216.2
2011,REG+POST,00-0027946,,Jake Locker,QB,QB,,5,TEN,34,66,542,4,0,5,37,0,0,586,265,22,9.17893913083692,0,0.924914675767918,0.0615595660087834,8,56,1,0,0,4,2.94908583833603,0,0,0,0,0,0,0,0,0,0,,0,,,,,0,49.28,49.28
2011,REG+POST,00-0027948,B.Gabbert,Blaine Gabbert,QB,QB,"https://static.www.nfl.com/image/private/f_auto,q_auto/league/fphhd3wedamgkps6e0dl",15,JAX,210,413,2214,12,11,40,293,5,3,3216,1135,109,-101.764241966782,0,0.688432835820896,-0.0353727096359122,48,98,0,8,1,8,-14.1785229404923,0,0,0,0,0,0,0,0,0,0,,0,,,,,0,116.36,116.36
2011,REG+POST,00-0027950,,Christian Ponder,QB,QB,"https://static.www.nfl.com/image/private/f_auto,q_auto/league/zbs6aql0ucbsqdrclqrs",11,MIN,158,291,1853,13,13,30,164,5,2,2667,831,91,-56.4469257097757,0,0.694788151481065,-0.0104781709665809,28,219,0,1,0,13,17.5738814054639,0,0,0,0,0,0,0,0,0,0,,0,,,,,0,118.02,118.02
2011,REG+POST,00-0027964,,Jon Baldwin,WR,WR,,11,KC,0,0,0,0,0,0,0,0,0,0,0,0,,0,,,0,0,0,0,0,0,,0,21,53,254,1,0,0,750,42,13,-7.94032185149531,0,0.338666666666667,0.149295774647887,0.244061178001953,0.394786486573198,0,31.4,52.4
2011,REG+POST,00-0027966,M.Ingram,Mark Ingram,RB,RB,"https://static.www.nfl.com/image/private/f_auto,q_auto/league/qyju9wutyssrf0b26ran",10,NO,0,0,0,0,0,0,0,0,0,0,0,0,,0,,,123,478,5,1,1,30,-15.0161244331172,0,11,13,46,0,0,0,-1,40,3,-1.92468460282544,0,-46.0,0.0391566265060241,-0.0005540166204986,0.0583471281246871,1,86.4,97.4
2011,REG+POST,00-0027973,A.Dalton,Andy Dalton,QB,QB,"https://static.www.nfl.com/image/upload/f_auto,q_auto/league/az1zo7fl2tozg50tgs0d",17,CIN,327,558,3655,20,16,28,193,3,2,4587,1469,167,-8.67251781452374,0,0.796817091781121,0.0474445662741356,40,169,1,2,0,11,-6.91532543013285,0,0,1,0,0,0,0,-6,0,0,-0.71510504744947,0,0.0,0.0217391304347826,-0.0116731517509728,0.024437489426493,0,213.1,213.1
2011,REG+POST,00-0027974,,Colin Kaepernick,QB,QB,"https://static.www.nfl.com/image/private/f_auto,q_auto/league/nnvil5vbsj1nbldpc9nl",2,SF,3,5,35,0,0,0,0,0,0,44,9,2,2.10888558308943,0,0.795454545454545,0.183408745593369,2,-2,0,0,0,0,0.0,0,0,0,0,0,0,0,0,0,0,,0,,,,,0,1.2,1.2
2011,REG+POST,00-0027981,K.Rudolph,Kyle Rudolph,TE,TE,"https://static.www.nfl.com/image/private/f_auto,q_auto/league/mtvrkfel5750mlevcvtp",14,MIN,0,0,0,0,0,0,0,0,0,0,0,0,,0,,,0,0,0,0,0,0,,0,26,39,249,3,0,0,285,88,14,6.8004200552241,0,0.873684210526316,0.0847826086956522,0.0752773375594295,0.179868049335079,0,42.9,68.9
2011,REG+POST,00-0027982,,Titus Young,WR,WR,,17,DET,0,0,0,0,0,0,0,0,0,0,0,0,,0,,,3,23,0,0,0,1,1.29088074155152,0,54,97,649,6,1,0,1262,136,37,19.9053230025448,1,0.514263074484945,0.136427566807314,0.211673934921167,0.352813104655788,0,105.2,159.2
2011,REG+POST,00-0027985,L.Kendricks,Lance Kendricks,TE,TE,"https://static.www.nfl.com/image/private/f_auto,q_auto/league/njjeo5udwowpbfnufl5l",15,LA,0,0,0,0,0,0,0,0,0,0,0,0,,0,,,1,-8,0,0,0,0,-1.80458432622254,0,28,59,352,0,1,1,418,185,15,-4.70634061898952,0,0.842105263157895,0.112810707456979,0.0898924731182796,0.232140792368264,0,32.4,60.4
2011,REG+POST,00-0027994,S.Vereen,Shane Vereen,RB,RB,"https://static.www.nfl.com/image/private/f_auto,q_auto/league/grirsvo53nqb22jzb1zk",2,NE,0,0,0,0,0,0,0,0,0,0,0,0,,0,,,15,57,1,0,0,2,2.98104803057504,0,0,0,0,0,0,0,0,0,0,,0,,,,,0,11.7,11.7
2011,REG+POST,00-0027996,T.Smith,Torrey Smith,WR,WR,"https://static.www.nfl.com/image/private/f_auto,q_auto/league/sqvbn4ybxagyfwva3i51",17,BAL,0,0,0,0,0,0,0,0,0,0,0,0,,0,,,4,39,0,0,0,3,2.87406102463137,0,54,105,932,8,1,0,1939,257,37,41.7198340317911,0,0.480660134089737,0.182926829268293,0.356564913571166,0.523985683402255,0,145.1,199.1
2011,REG+POST,00-0027997,G.Little,Greg Little,WR,WR,"https://static.www.nfl.com/image/private/f_auto,q_auto/league/gunq4pae9yx2zlfz7qil",16,CLE,0,0,0,0,0,0,0,0,0,0,0,0,,0,,,3,15,0,0,0,2,-1.094692160259,0,61,121,709,2,0,0,1147,243,35,-0.558664708256065,0,0.618134263295554,0.215302491103203,0.274467575975114,0.515081039837384,0,84.4,145.4
2011,REG+POST,00-0028000,,Daniel Thomas,RB,RB,,13,MIA,0,0,0,0,0,0,0,0,0,0,0,0,,0,,,165,581,0,2,1,24,-33.3074853931188,0,12,16,72,1,0,0,21,64,5,1.89393802782937,0,3.42857142857143,0.0677966101694915,0.0106598984771574,0.109156844188247,0,69.3,81.3
2011,REG+POST,00-0028002,R.Cobb,Randall Cobb,WR,WR,"https://static.www.nfl.com/image/private/f_auto,q_auto/league/kuwo5hnkbtesfw6n9w1s",15,GB,0,1,0,0,0,0,0,0,0,22,0,0,-0.441248774994165,0,0.0,,2,5,0,0,0,0,-0.552345858421177,0,28,34,413,1,0,0,284,210,16,27.797712760747,0,1.45422535211268,0.0660194174757282,0.0635062611806798,0.143483509040068,2,59.8,87.8
2011,REG+POST,00-0028007,,Rob Housler,TE,TE,"https://static.www.nfl.com/image/private/f_auto,q_auto/league/lnu7z4mvnadgcnppqbxz",8,ARI,0,0,0,0,0,0,0,0,0,0,0,0,,0,,,0,0,0,0,0,0,,0,12,26,133,0,1,1,258,49,5,-11.1504451735958,0,0.515503875968992,0.0966542750929368,0.102952913008779,0.21704845174555,0,11.3,23.3
2011,REG+POST,00-0028009,D.Murray,DeMarco Murray,RB,RB,"https://static.www.nfl.com/image/private/f_auto,q_auto/league/lu4pqg7cvxbz7z4oormo",13,DAL,0,0,0,0,0,0,0,0,0,0,0,0,,0,,,164,897,2,1,0,41,9.1696518701503,0,26,35,183,0,0,0,-36,224,9,-0.674131078994833,0,-5.08333333333333,0.0921052631578947,-0.0136312003029156,0.128616054524801,0,120.0,146.0
2011,REG+POST,00-0028011,S.Ridley,Stevan Ridley,RB,RB,"https://static.www.nfl.com/image/private/f_auto,q_auto/league/futdstbe48qaqcvtolzj",13,NE,0,0,0,0,0,0,0,0,0,0,0,0,,0,,,91,462,1,1,0,19,0.212289192422759,0,4,6,17,0,1,1,-1,14,0,-5.87221407936886,0,-17.0,0.0294117647058824,-0.0013755158184319,0.0431547859859212,0,51.9,55.9
2011,REG+POST,00-0028016,,Austin Pettis,WR,WR,,10,LA,0,0,0,0,0,0,0,0,0,0,0,0,,0,,,1,-6,0,0,0,0,-2.37669992912561,0,27,48,256,0,0,0,385,95,14,-8.25141979433829,0,0.664935064935065,0.145015105740181,0.124878365228673,0.304937514270343,0,25.0,52.0
2011,REG+POST,00-0028017,,Leonard Hankerson,WR,WR,,4,WAS,0,0,0,0,0,0,0,0,0,0,0,0,,0,,,0,0,0,0,0,0,,0,13,20,163,0,0,0,240,29,8,2.05344058357878,1,0.679166666666667,0.136054421768708,0.200166805671393,0.344198396623036,0,18.3,31.3
2011,REG+POST,00-0028020,,Vincent Brown,WR,WR,"https://static.www.nfl.com/image/private/f_auto,q_auto/league/oh5svrazghe5xnwz5jpw",10,LAC,0,0,0,0,0,0,0,0,0,0,0,0,,0,,,0,0,0,0,0,0,,0,19,40,329,2,0,0,587,77,17,8.83897794946097,0,0.560477001703578,0.112994350282486,0.182354768561665,0.297139863416894,0,44.9,63.9
2011,REG+POST,00-0028021,,Jerrel Jernigan,WR,WR,,3,NYG,0,0,0,0,0,0,0,0,0,0,0,0,,0,,,0,0,0,0,0,0,,0,0,3,0,0,0,0,15,0,0,-3.89853010096621,0,0.0,0.0263157894736842,0.0130208333333333,0.0485882675438597,0,0.0,0.0
2011,REG+POST,00-0028034,,Alex Green,RB,RB,,2,GB,0,0,0,0,0,0,0,0,0,0,0,0,,0,,,3,11,0,0,0,0,-1.36177412344841,0,1,1,6,0,0,0,-8,14,1,1.03501167841023,0,-0.75,0.0263157894736842,-0.0209424083769634,0.024813998346652,0,1.7,2.7
2011,REG+POST,00-0028040,,Jordan Cameron,TE,TE,"https://static.www.nfl.com/image/private/f_auto,q_auto/league/oyhmlsxyzwbznmeqnf9i",5,CLE,0,0,0,0,0,0,0,0,0,0,0,0,,0,,,0,0,0,0,0,0,,0,6,13,33,0,0,0,88,12,1,-6.39557403895634,0,0.375,0.0860927152317881,0.0767218831734961,0.182844391069129,0,3.3,9.3
2011,REG+POST,00-0028042,L.Stocker,Luke Stocker,TE,TE,"https://static.www.nfl.com/image/private/f_auto,q_auto/league/keoilbfzupthtliuou1a",9,TB,0,0,0,0,0,0,0,0,0,0,0,0,,0,,,0,0,0,0,0,0,,0,12,17,92,0,0,0,99,51,5,1.38717985854601,0,0.929292929292929,0.0515151515151515,0.0469194312796209,0.110116329168462,0,9.2,21.2
2011,REG+POST,00-0028043,,Roy Helu,RB,RB,"https://static.www.nfl.com/image/private/f_auto,q_auto/league/ahtlpumbpwlc7xm9ci9h",15,WAS,0,0,0,0,0,0,0,0,0,0,0,0,,0,,,151,640,2,1,1,31,-9.79079565390869,0,49,59,379,1,1,1,-14,420,12,0.116576651703807,0,-27.0714285714286,0.123173277661795,-0.003258087037468,0.182479255566466,0,115.9,164.9
2011,REG+POST,00-0028045,,Kris Durham,WR,WR,,2,SEA,0,0,0,0,0,0,0,0,0,0,0,0,,0,,,0,0,0,0,0,0,,0,3,4,30,0,0,0,46,3,2,-5.22925837806542,0,0.652173913043478,0.0540540540540541,0.0655270655270655,0.126950026950027,0,3.0,6.0
2011,REG+POST,00-0028049,,Clyde Gates,WR,WR,,7,MIA,0,0,0,0,0,0,0,0,0,0,0,0,,0,,,1,4,0,0,0,0,1.06605028256308,0,2,12,19,0,0,0,240,1,1,-8.02550337457797,0,0.0791666666666667,0.06,0.118168389955687,0.172717872968981,0,2.3,4.3
2011,REG+POST,00-0028050,,Greg Salas,WR,WR,,6,LA,0,0,0,0,0,0,0,0,0,0,0,0,,0,,,1,8,0,0,0,1,1.26958278636448,0,27,38,264,0,2,0,141,218,11,1.61552937074845,0,1.87234042553192,0.163793103448276,0.0804335424985739,0.301993134921416,0,27.2,54.2
2011,REG+POST,00-0028052,,Cecil Shorts,WR,WR,"https://static.www.nfl.com/image/private/f_auto,q_auto/league/zdsyqinswn0k8664k9qs",8,JAX,0,0,0,0,0,0,0,0,0,0,0,0,,0,,,0,0,0,0,0,0,,0,2,12,30,1,0,0,168,3,2,-11.3604354975978,0,0.178571428571429,0.0495867768595041,0.0926130099228225,0.139209272235232,0,9.0,11.0
2011,REG+POST,00-0028053,,Kendall Hunter,RB,RB,"https://static.www.nfl.com/image/private/f_auto,q_auto/league/m9tciwm7ffejuubhfh7n",17,SF,0,0,0,0,0,0,0,0,0,0,0,0,,0,,,122,527,2,1,0,24,-7.54708701691111,0,17,27,208,0,0,0,39,185,11,10.6325412374572,0,5.33333333333333,0.0784883720930233,0.0154394299287411,0.128540159089654,0,85.5,102.5
2011,REG+POST,00-0028057,,Delone Carter,RB,RB,,15,IND,0,0,0,0,0,0,0,0,0,0,0,0,,0,,,101,377,2,3,3,19,-31.657095618238,0,5,8,18,0,0,0,-17,34,0,-3.05738439055858,0,-1.05882352941176,0.0421052631578947,-0.01140174379611,0.0551766740795651,0,45.5,50.5
2011,REG+POST,00-0028061,,Tandon Doss,WR,WR,,2,BAL,0,0,0,0,0,0,0,0,0,0,0,0,,0,,,0,0,0,0,0,0,,0,0,2,0,0,0,0,24,0,0,-1.50957194550765,0,0.0,0.0277777777777778,0.0313725490196078,0.0636274509803922,0,0.0,0.0
2011,REG+POST,00-0028062,,Owen Marecic,RB,RB,,6,CLE,0,0,0,0,0,0,0,0,0,0,0,0,,0,,,4,8,0,0,0,1,-1.16250035411213,0,5,6,31,0,1,0,10,23,2,1.41754574829247,0,3.1,0.0526315789473684,0.0374531835205993,0.105164596885472,0,3.9,8.9
2011,REG+POST,00-0028063,T.Jones,Taiwan Jones,RB,RB,"https://static.www.nfl.com/image/private/f_auto,q_auto/league/va09vgfr7bdc2wb6ikq4",6,LV,0,0,0,0,0,0,0,0,0,0,0,0,,0,,,16,73,0,0,0,2,-1.97239913535304,0,2,3,25,0,0,0,-1,31,1,0.0141248162835836,0,-25.0,0.0491803278688525,-0.0015037593984962,0.0727178602243313,0,9.8,11.8
2011,REG+POST,00-0028064,B.Powell,Bilal Powell,RB,RB,"https://static.www.nfl.com/image/private/f_auto,q_auto/league/a5qlloemeetaqawzwuf7",2,NYJ,0,0,0,0,0,0,0,0,0,0,0,0,,0,,,13,21,0,1,0,1,-6.22345561452676,0,1,1,7,0,0,0,5,2,0,-0.689797479736199,0,1.4,0.0256410256410256,0.0189393939393939,0.0517191142191142,0,2.8,3.8
2011,REG+POST,00-0028067,J.Thomas,Julius Thomas,TE,TE,"https://static.www.nfl.com/image/private/f_auto,q_auto/league/ephrfopvlebj4fdcl67a",4,DEN,0,0,0,0,0,0,0,0,0,0,0,0,,0,,,0,0,0,0,0,0,,0,1,7,5,0,0,0,75,7,0,-3.60161284008063,0,0.0666666666666667,0.0538461538461539,0.057427258805513,0.12096831193309,0,0.5,1.5
2011,REG+POST,00-0028068,,Jamie Harper,RB,RB,,8,TEN,0,0,0,0,0,0,0,0,0,0,0,0,,0,,,17,44,1,1,1,4,-7.36146429157816,0,4,6,32,0,0,0,18,36,1,-1.12307377718389,0,1.77777777777778,0.0292682926829268,0.0136054421768707,0.0534262485481998,0,11.6,15.6
2011,REG+POST,00-0028070,,Kealoha Pilares,WR,WR,,1,CAR,0,0,0,0,0,0,0,0,0,0,0,0,,0,,,0,0,0,0,0,0,,0,0,0,0,0,0,0,0,0,0,,0,,,,,1,6.0,6.0
2011,REG+POST,00-0028071,,Johnny White,RB,RB,,4,BUF,0,0,0,0,0,0,0,0,0,0,0,0,,0,,,12,38,0,0,0,1,-3.03321422613226,0,1,4,-3,0,0,0,6,0,0,-2.79773761890829,0,-0.5,0.1,0.0271493212669683,0.169004524886878,0,3.5,4.5
2011,REG+POST,00-0028074,A.Sherman,Anthony Sherman,RB,RB,"https://static.www.nfl.com/image/private/f_auto,q_auto/league/ibmfpy4ztgmqfwtood5x",7,ARI,0,0,0,0,0,0,0,0,0,0,0,0,,0,,,1,3,0,0,0,1,-0.0265843966044486,0,8,9,72,0,0,0,37,41,3,2.66345631377772,0,1.94594594594595,0.0379746835443038,0.0182806324110672,0.0697584680042027,0,7.5,15.5
2011,REG+POST,00-0028079,,D.J. Williams,TE,TE,,4,GB,0,0,0,0,0,0,0,0,0,0,0,0,,0,,,0,0,0,0,0,0,,0,2,4,13,0,0,0,24,4,0,-0.940367596689612,0,0.541666666666667,0.0285714285714286,0.0165745856353591,0.0544593528018942,0,1.3,3.3
2011,REG+POST,00-0028083,J.Rodgers,Jacquizz Rodgers,RB,RB,"https://static.www.nfl.com/image/private/f_auto,q_auto/league/ztmescfueap5glplyf7w",17,ATL,0,0,0,0,0,0,0,0,0,0,0,0,,0,,,57,205,1,1,1,15,-6.73501602216857,0,25,33,206,1,0,0,91,138,8,-4.31572109885778,0,2.26373626373626,0.0588235294117647,0.0190815684629901,0.10159239204174,0,51.1,76.1
2011,REG+POST,00-0028086,,Denarius Moore,WR,WR,"https://static.www.nfl.com/image/private/f_auto,q_auto/league/sttop34l1fezi28ls4d9",13,LV,0,0,0,0,0,0,0,0,0,0,0,0,,0,,,5,61,1,0,0,3,4.25173918396467,0,33,76,618,5,0,0,1344,126,26,2.94640044805726,0,0.459821428571429,0.190954773869347,0.321685016754428,0.51161167253212,0,103.9,136.9
2011,REG+POST,00-0028087,D.Lewis,Dion Lewis,RB,RB,"https://static.www.nfl.com/image/private/f_auto,q_auto/league/erzmtaaz3eimbg998hyq",8,PHI,0,0,0,0,0,0,0,0,0,0,0,0,,0,,,23,102,1,0,0,5,1.44074602355249,0,1,1,-3,0,0,0,-8,5,0,-1.2840089884703,0,0.375,0.032258064516129,-0.0238805970149254,0.0316706788637458,0,15.9,16.9
2011,REG+POST,00-0028090,T.Yates,T.J. Yates,QB,QB,"https://static.www.nfl.com/image/private/f_auto,q_auto/league/h8x0pbhc1s5dwjuzipsb",8,HOU,110,189,1292,4,6,17,81,4,3,1767,574,68,-5.95714100738113,0,0.731182795698925,0.0283221279503095,16,54,0,1,0,3,2.5501697594882,0,0,0,0,0,0,0,0,0,0,,0,,,,,0,55.08,55.08
2011,REG+POST,00-0028091,J.Kerley,Jeremy Kerley,WR,WR,"https://static.www.nfl.com/image/private/f_auto,q_auto/league/lsfc40maht2r3k0ctu1b",12,NYJ,1,1,41,0,0,0,0,0,0,16,25,1,2.93751163338311,0,2.5625,,5,28,0,0,0,1,-0.143028693739325,0,29,47,314,1,0,0,473,100,19,7.86878875372073,0,0.66384778012685,0.132394366197183,0.161103542234332,0.311364028859807,0,41.84,70.84
2011,REG+POST,00-0028093,N.Paul,Niles Paul,TE,TE,"https://static.www.nfl.com/image/private/f_auto,q_auto/league/c2hufhhjyuitenxujhpz",5,WAS,0,0,0,0,0,0,0,0,0,0,0,0,,0,,,1,7,0,0,0,0,1.43079739017412,0,2,5,25,0,0,0,49,1,2,1.36646721494617,0,0.510204081632653,0.0292397660818713,0.0366218236173393,0.0694949256549445,0,3.2,5.2
2011,REG+POST,00-0028097,L.Smith,Lee Smith,TE,TE,"https://static.www.nfl.com/image/private/f_auto,q_auto/league/gcaqwhzrinlqicrljwlr",2,BUF,0,0,0,0,0,0,0,0,0,0,0,0,,0,,,0,0,0,0,0,0,,0,4,4,11,0,0,0,7,4,0,-1.05164243723266,0,1.57142857142857,0.0487804878048781,0.0196078431372549,0.0868962219033955,0,1.1,5.1
2011,REG+POST,00-0028105,,Ryan Whalen,WR,WR,,4,CIN,0,0,0,0,0,0,0,0,0,0,0,0,,0,,,0,0,0,0,0,0,,0,6,7,51,0,0,0,39,12,3,1.74793851093492,0,1.30769230769231,0.0503597122302158,0.0584707646176912,0.116469103577708,0,5.1,11.1
2011,REG+POST,00-0028112,C.Clay,Charles Clay,TE,TE,"https://static.www.nfl.com/image/private/f_auto,q_auto/league/gbfhfjn5cxtou5aazegt",13,MIA,0,0,0,0,0,0,0,0,0,0,0,0,,0,,,0,0,0,0,0,0,,0,16,25,233,3,0,0,294,80,12,12.9724077140124,0,0.792517006802721,0.0698324022346369,0.0812603648424544,0.161630858741673,0,41.3,57.3
2011,REG+POST,00-0028115,,Evan Royster,RB,RB,,6,WAS,0,0,0,0,0,0,0,0,0,0,0,0,,0,,,56,328,0,0,0,17,11.1781647534808,0,9,13,68,0,0,0,15,62,4,1.71281697846187,0,4.53333333333333,0.0802469135802469,0.0108538350217077,0.127968054885566,0,39.6,48.6
2011,REG+POST,00-0028118,T.Taylor,Tyrod Taylor,QB,QB,"https://static.www.nfl.com/image/upload/f_auto,q_auto/league/xk8e04jdsvigd6fky3uy",2,BAL,1,1,18,0,0,2,3,0,0,13,5,1,-0.401248222158756,0,1.38461538461538,,1,2,0,0,0,0,-0.245160247082822,0,0,0,0,0,0,0,0,0,0,,0,,,,,0,0.92,0.92
2011,REG+POST,00-0028119,,Richard Gordon,TE,TE,"https://static.www.nfl.com/image/private/f_auto,q_auto/league/d6n88ld1jh7hkg7lynur",1,LV,0,0,0,0,0,0,0,0,0,0,0,0,,0,,,0,0,0,0,0,0,,0,1,1,2,0,0,0,-3,5,0,-0.254937891382724,0,0.0,0.027027027027027,-0.0097402597402597,0.0337223587223587,0,0.2,1.2
2011,REG+POST,00-0028125,,Allen Bradford,LB,LB,"https://static.www.nfl.com/image/private/f_auto,q_auto/league/jwmibchcqvro6p3hdqxi",1,TB,0,0,0,0,0,0,0,0,0,0,0,0,,0,,,5,13,0,0,0,0,-1.2261419108836,0,0,0,0,0,0,0,0,0,0,,0,,,,,0,1.3,1.3
2011,REG+POST,00-0028142,V.Green,Virgil Green,TE,TE,"https://static.www.nfl.com/image/private/f_auto,q_auto/league/wcdedz1qf7ybkujat6bu",4,DEN,0,0,0,0,0,0,0,0,0,0,0,0,,0,,,0,0,0,0,0,0,,0,3,5,24,0,0,0,31,11,2,1.58187348896172,0,0.774193548387097,0.0416666666666667,0.0262267343485618,0.0808587140439932,0,2.4,5.4
2011,REG+POST,00-0028149,B.Miller,Bruce Miller,FB,RB,"https://static.www.nfl.com/image/private/f_auto,q_auto/league/xmxfgtmbvqxhpp3ldkwq",12,SF,0,0,0,0,0,0,0,0,0,0,0,0,,0,,,4,8,0,1,0,2,-0.648588618467329,0,12,16,99,1,0,0,34,71,4,4.47777783306083,0,2.91176470588235,0.0526315789473684,0.0250922509225092,0.0965119440668091,0,16.7,28.7
2011,REG+POST,00-0028156,,Ryan Taylor,TE,TE,,2,GB,0,0,0,0,0,0,0,0,0,0,0,0,,0,,,0,0,0,0,0,0,,0,1,2,4,1,0,0,8,0,1,0.533849175553769,0,0.5,0.0266666666666667,0.0107238605898123,0.0475067024128686,0,6.4,7.4
2011,REG+POST,00-0028158,,Shaun Chapas,RB,RB,,1,DAL,0,0,0,0,0,0,0,0,0,0,0,0,,0,,,0,0,0,0,0,0,,0,1,1,9,0,0,0,-1,10,0,0.810693620005623,0,-9.0,0.024390243902439,-0.0020746887966805,0.0351330836959822,0,0.9,1.9
2011,REG+POST,00-0028159,,Da'Rel Scott,RB,RB,,4,NYG,0,0,0,0,0,0,0,0,0,0,0,0,,0,,,5,16,0,1,1,1,-3.67496939888224,0,2,2,13,0,0,0,8,5,0,0.644096133532003,0,1.625,0.0303030303030303,0.0108108108108108,0.053022113022113,0,0.9,2.9
2011,REG+POST,00-0028163,,Anthony Allen,RB,RB,,1,BAL,0,0,0,0,0,0,0,0,0,0,0,0,,0,,,3,8,0,0,0,0,-0.522814656957053,0,0,0,0,0,0,0,0,0,0,,0,,,,,0,0.8,0.8
2011,REG+POST,00-0028174,,Stephen Burton,WR,WR,,1,MIN,0,0,0,0,0,0,0,0,0,0,0,0,,0,,,0,0,0,0,0,0,,0,2,3,38,0,0,0,47,6,2,3.07645471050637,0,0.808510638297872,0.0652173913043478,0.13782991202346,0.194307025372944,0,3.8,5.8
2011,REG+POST,00-0028179,,David Ausberry,TE,TE,,2,LV,0,0,0,0,0,0,0,0,0,0,0,0,,0,,,1,-2,0,0,0,0,-0.762624558992684,0,2,2,14,0,0,0,14,0,2,2.02106460154755,0,1.0,0.0298507462686567,0.0192572214580468,0.0582561744236178,0,1.2,3.2
2011,REG+POST,00-0028187,,DeMarco Sampson,WR,WR,,5,ARI,0,0,0,0,0,0,0,0,0,0,0,0,,0,,,0,0,0,0,0,0,,0,3,8,36,0,0,0,75,7,3,0.617866894928739,0,0.48,0.0465116279069768,0.0500667556742323,0.104814170832428,0,3.6,6.6
2011,REG+POST,00-0028189,,Tommie Campbell,DB,DB,,1,TEN,0,0,0,0,0,0,0,0,0,0,0,0,,0,,,0,0,0,0,0,0,,0,0,0,0,0,0,0,0,0,0,,0,,,,,1,6.0,6.0
2011,REG+POST,00-0028208,,John Clay,RB,RB,,3,PIT,0,0,0,0,0,0,0,0,0,0,0,0,,0,,,11,42,1,0,0,1,0.0691396324546076,0,0,0,0,0,0,0,0,0,0,,0,,,,,0,10.2,10.2
2011,REG+POST,00-0028242,,Joe Hastings,WR,WR,,1,SF,0,0,0,0,0,0,0,0,0,0,0,0,,0,,,0,0,0,0,0,0,,0,0,1,0,0,0,0,2,0,0,-0.911321144551002,0,0.0,0.032258064516129,0.0128205128205128,0.0573614557485525,0,0.0,0.0
2011,REG+POST,00-0028253,,Will Yeatman,T,OL,,1,MIA,0,0,0,0,0,0,0,0,0,0,0,0,,0,,,0,0,0,0,0,0,,0,0,1,0,0,0,0,18,0,0,-0.770704078022391,0,0.0,0.03125,0.0405405405405405,0.0752533783783784,0,0.0,0.0
2011,REG+POST,00-0028267,,Allen Reisner,TE,TE,"https://static.www.nfl.com/image/private/f_auto,q_auto/league/onxfr5rajtibpckwkgol",1,MIN,0,0,0,0,0,0,0,0,0,0,0,0,,0,,,0,0,0,0,0,0,,0,1,1,5,0,0,0,5,0,1,0.7622211931739,0,1.0,0.04,0.0227272727272727,0.0759090909090909,0,0.5,1.5
2011,REG+POST,00-0028270,,Weslye Saunders,TE,TE,,7,PIT,0,0,0,0,0,0,0,0,0,0,0,0,,0,,,0,0,0,0,0,0,,0,4,8,29,1,0,0,60,8,3,-1.26012462003461,0,0.483333333333333,0.0323886639676113,0.0287081339712919,0.0686786897313213,0,8.9,12.9
2011,REG+POST,00-0028288,,LaQuan Williams,WR,WR,,7,BAL,0,0,0,0,0,0,0,0,0,0,0,0,,0,,,0,0,0,0,0,0,,0,4,12,46,0,0,0,133,6,3,-4.8725451721453,0,0.345864661654135,0.04,0.0438076416337286,0.09066534914361,0,4.6,8.6
2011,REG+POST,00-0028291,,Josh Baker,TE,TE,,4,NYJ,0,0,0,0,0,0,0,0,0,0,0,0,,0,,,0,0,0,0,0,0,,0,3,4,27,1,0,0,37,15,2,1.51986446697265,0,0.72972972972973,0.0296296296296296,0.0452876376988984,0.0761457908336733,0,8.7,11.7
2011,REG+POST,00-0028295,,Collin Franklin,TE,TE,,1,TB,0,0,0,0,0,0,0,0,0,0,0,0,,0,,,0,0,0,0,0,0,,0,0,2,0,0,0,0,7,0,0,-1.42925167130306,0,0.0,0.0571428571428571,0.0220820189274448,0.101171698963497,0,0.0,0.0
2011,REG+POST,00-0028352,,Dane Sanzenbacher,WR,WR,,13,CHI,0,0,0,0,0,0,0,0,0,0,0,0,,0,,,1,-4,0,0,0,0,-1.2728974968195,0,27,54,276,3,0,0,404,58,16,2.1148387016539,0,0.683168316831683,0.137055837563452,0.114837976122797,0.285970339631136,0,45.2,72.2
2011,REG+POST,00-0028409,D.Harris,DuJuan Harris,RB,RB,"https://static.www.nfl.com/image/private/f_auto,q_auto/league/bm9b6aulywolcwjqjcpo",5,JAX,0,0,0,0,0,0,0,0,0,0,0,0,,0,,,9,42,0,0,0,2,-0.814636368915672,0,1,2,4,0,0,0,-7,7,0,-1.41563419601434,0,-0.571428571428571,0.0487804878048781,-0.02,0.0591707317073171,0,4.6,5.6
2011,REG+POST,00-0028417,,Jamar Newsome,WR,WR,,1,JAX,0,0,0,0,0,0,0,0,0,0,0,0,,0,,,0,0,0,0,0,0,,0,0,1,0,0,0,0,16,0,0,-1.570602202788,0,0.0,0.04,0.0780487804878049,0.114634146341463,0,0.0,0.0
2011,REG+POST,00-0028427,,Chas Henry,P,SPEC,,1,PHI,0,1,0,0,0,0,0,0,0,5,0,0,-1.91000898904167,0,0.0,,0,0,0,0,0,0,,0,0,0,0,0,0,0,0,0,0,,0,,,,,0,0.0,0.0
2011,REG+POST,00-0028434,D.Baldwin,Doug Baldwin,WR,WR,"https://static.www.nfl.com/image/private/f_auto,q_auto/league/kccmcttfdtl7m3g49vb8",16,SEA,0,0,0,0,0,0,0,0,0,0,0,0,,0,,,1,-2,0,0,0,0,-0.73742559668608,0,51,87,788,4,0,0,974,310,40,47.8119087008869,0,0.809034907597536,0.173652694610778,0.213222416812609,0.409734733684994,0,102.6,153.6
2011,REG+POST,00-0028442,,Ricardo Lockette,WR,WR,"https://static.www.nfl.com/image/private/f_auto,q_auto/league/ndopq6pewcj9dfr27hlc",2,SEA,0,0,0,0,0,0,0,0,0,0,0,0,,0,,,0,0,0,0,0,0,,0,2,4,105,1,0,0,135,19,2,6.98186218366027,0,0.777777777777778,0.0645161290322581,0.21259842519685,0.245593091186182,0,16.5,18.5
2011,REG+POST,00-0028486,,Ryan Mahaffey,FB,RB,,1,IND,0,0,0,0,0,0,0,0,0,0,0,0,,0,,,0,0,0,0,0,0,,0,1,1,5,0,0,0,3,2,1,0.398090028611477,0,1.66666666666667,0.0357142857142857,0.010989010989011,0.0612637362637363,0,0.5,1.5
2011,REG+POST,00-0028492,,Henry Hynoski,FB,RB,,10,NYG,0,0,0,0,0,0,0,0,0,0,0,0,,0,,,0,0,0,0,0,0,,0,17,21,122,0,0,0,33,114,9,3.49916586995823,0,3.6969696969697,0.0546875,0.010406811731315,0.0893160182119205,0,12.2,29.2
2011,REG+POST,00-0028509,,Zack Pianalto,TE,TE,,4,TB,0,0,0,0,0,0,0,0,0,0,0,0,,0,,,0,0,0,0,0,0,,0,4,5,40,0,0,0,44,10,2,1.27776749787154,0,0.909090909090909,0.0359712230215827,0.0456905503634476,0.0859402197867874,0,4.0,8.0
2011,REG+POST,00-0028522,,Mike Higgins,TE,TE,,2,NO,0,0,0,0,0,0,0,0,0,0,0,0,,0,,,0,0,0,0,0,0,,0,2,3,14,0,0,0,7,10,1,0.108077795244753,0,2.0,0.03,0.0091027308192457,0.051371911573472,0,1.4,3.4
2011,REG+POST,00-0028543,,Jeff Maehl,,,,1,HOU,0,0,0,0,0,0,0,0,0,0,0,0,,0,,,0,0,0,0,0,0,,0,0,1,0,0,0,0,3,0,0,-1.18520844075829,0,0.0,0.032258064516129,0.0131578947368421,0.057597623089983,0,0.0,0.0
2011,REG+POST,00-0028550,,Colin Cochart,TE,TE,,6,CIN,0,0,0,0,0,0,0,0,0,0,0,0,,0,,,0,0,0,0,0,0,,0,5,9,44,1,0,0,46,25,3,1.57537588203559,0,0.956521739130435,0.0432692307692308,0.0259009009009009,0.0830344767844768,0,10.4,15.4
2011,REG+POST,00-0028565,,Armando Allen,RB,RB,,2,CHI,0,0,0,0,0,0,0,0,0,0,0,0,,0,,,15,48,0,0,0,3,-2.8631288225309,0,0,1,0,0,0,0,0,0,0,-0.721636523958296,0,,0.04,,,0,4.8,4.8
2011,REG+POST,00-0028574,,Mossis Madu,RB,RB,,5,TB,0,0,0,0,0,0,0,0,0,0,0,0,,0,,,15,55,0,0,0,3,-3.22638634574832,0,10,12,72,0,0,0,55,27,1,1.50540215964429,0,1.30909090909091,0.0857142857142857,0.055668016194332,0.167539039907461,0,12.7,22.7
2011,REG+POST,00-0028602,,Brandon Saine,RB,RB,,6,GB,0,0,0,0,0,0,0,0,0,0,0,0,,0,,,19,72,0,0,0,1,-3.02699916889034,0,9,11,62,0,0,0,-14,75,1,0.431068080296572,0,-4.42857142857143,0.0728476821192053,-0.0097833682739343,0.102423165387054,0,13.4,22.4
2011,REG+POST,00-0028613,,Phillip Tanner,RB,RB,,4,DAL,0,0,0,0,0,0,0,0,0,0,0,0,,0,,,22,76,1,0,0,5,-2.5709918718314,0,2,2,19,0,0,0,4,15,2,0.645181319268886,0,4.75,0.0588235294117647,0.0172413793103448,0.100304259634888,0,15.5,17.5
2011,REG+POST,00-0028706,,Armond Smith,RB,RB,,2,CLE,0,0,0,0,0,0,0,0,0,0,0,0,,0,,,3,2,0,0,0,0,-4.20902757905424,0,0,1,0,0,0,0,21,0,0,-0.79330470180139,0,0.0,0.0169491525423729,0.0570652173913044,0.0653693809874724,0,0.2,0.2
2012,REG,00-0000865,,Charlie Batch,QB,QB,,2,PIT,45,70,475,1,4,3,12,1,0,663,257,22,-1.64603170053556,0,0.716440422322775,0.0587206116370464,0,0,0,0,0,0,,0,0,0,0,0,0,0,0,0,0,,0,,,,,0,15.0,15.0
2012,REG,00-0004541,,Donald Driver,WR,WR,,9,GB,0,0,0,0,0,0,0,0,0,0,0,0,,0,,,0,0,0,0,0,0,,0,8,13,77,2,0,0,121,12,5,4.14056947726428,0,0.636363636363636,0.0419354838709678,0.0511844331641286,0.0987323290213416,0,19.7,27.7
2012,REG,00-0006101,,Tony Gonzalez,TE,TE,,16,ATL,0,0,0,0,0,0,0,0,0,0,0,0,,0,,,0,0,0,0,0,0,,0,93,124,930,8,0,0,965,252,65,61.1236635018501,0,0.963730569948187,0.202945990180033,0.195107157298827,0.440993995379228,0,141.0,234.0
2012,REG,00-0007091,,Matt Hasselbeck,QB,QB,"https://static.www.nfl.com/image/private/f_auto,q_auto/league/t1nf9avoy2kauqwrvzza",8,TEN,138,221,1367,7,5,14,103,2,1,1707,557,71,-14.8563098729978,1,0.800820152314001,0.0385699938210084,13,38,0,1,0,2,-3.94424024492037,0,0,0,0,0,0,0,0,0,0,,0,,,,,0,76.48,76.48
2012,REG,00-0010346,,Peyton Manning,QB,QB,"https://static.www.nfl.com/image/private/f_auto,q_auto/league/xpcd6auodk3w0vda6jal",16,DEN,400,583,4659,37,11,21,137,2,2,4841,1872,230,161.963483909458,1,0.96240446188804,0.201750165141159,23,6,0,0,0,2,-14.1174747559417,0,0,0,0,0,0,0,0,0,0,,0,,,,,0,310.96,310.96
2012,REG,00-0011754,,Randy Moss,WR,WR,,16,SF,0,0,0,0,0,0,0,0,0,0,0,0,,0,,,0,0,0,0,0,0,,0,28,50,434,3,1,0,704,83,22,11.4804740979768,0,0.616477272727273,0.116009280742459,0.187483355525965,0.305252269981865,0,61.4,89.4
2012,REG,00-0015754,,Brandon Stokley,WR,WR,,14,DEN,0,0,0,0,0,0,0,0,0,0,0,0,,0,,,0,0,0,0,0,0,,0,45,59,544,5,0,0,589,148,30,27.585153833661,0,0.923599320882852,0.115686274509804,0.13716814159292,0.26954711087975,0,84.4,129.4
2012,REG,00-0019596,T.Brady,Tom Brady,QB,QB,"https://static.www.nfl.com/image/private/f_auto,q_auto/league/q7dpdlxyu5rs05rgh1le",16,NE,401,637,4827,35,8,27,182,1,0,5508,2218,255,190.18863977084,0,0.87636165577342,0.168852727105561,23,32,4,1,0,11,8.53000585969344,0,0,0,0,0,0,0,0,0,0,,0,,,,,0,344.28,344.28
2012,REG,00-0019642,,Plaxico Burress,WR,WR,,3,PIT,0,0,0,0,0,0,0,0,0,0,0,0,,0,,,0,0,0,0,0,0,,0,3,7,42,1,0,0,95,4,3,2.22880913462723,0,0.442105263157895,0.0714285714285714,0.0943396226415094,0.173180592991914,0,10.2,13.2
2012,REG,00-0019714,S.Lechler,Shane Lechler,P,SPEC,"https://static.www.nfl.com/image/private/f_auto,q_auto/league/we3oe5jqnrb4ag3d4pqu",2,LV,1,1,4,0,0,0,0,0,0,1,3,0,-1.83312511094846,0,4.0,,2,0,0,0,0,0,-5.66086978651583,0,0,0,0,0,0,0,0,0,0,,0,,,,,0,0.16,0.16
2012,REG,00-0019770,,Jay Feely,K,SPEC,,1,ARI,0,0,0,0,0,0,0,0,0,0,0,0,,0,,,1,0,0,1,0,0,-2.91037128900643,0,0,0,0,0,0,0,0,0,0,,0,,,,,0,0.0,0.0
2012,REG,00-0020245,,Mike Vick,QB,QB,"https://static.www.nfl.com/image/private/f_auto,q_auto/league/hrg4riwhpjbijfovsjrk",10,PHI,204,351,2362,12,10,28,153,4,2,3111,1004,114,-2.25061192759998,0,0.759241401478624,0.0593540093762143,62,332,1,7,3,20,-15.077450827607,0,0,0,0,0,0,0,0,0,0,,0,,,,,0,151.68,151.68
2012,REG,00-0020337,,Steve Smith,WR,WR,"https://static.www.nfl.com/image/private/f_auto,q_auto/league/k23e0b8cto93he9rt0zc",16,CAR,0,0,0,0,0,0,0,0,0,0,0,0,,0,,,3,27,0,1,1,1,-3.85916675196495,0,73,138,1174,4,0,0,1832,268,51,25.5083784205739,0,0.640829694323144,0.284536082474227,0.402725873818422,0.708712235384235,0,142.1,215.1
2012,REG,00-0020494,,Santana Moss,WR,WR,,16,WAS,0,0,0,0,0,0,0,0,0,0,0,0,,0,,,3,14,0,0,0,1,-0.0507320769829676,0,41,62,573,8,2,1,589,235,27,34.1122260030757,0,0.972835314091681,0.150121065375303,0.17979242979243,0.351036298917655,0,104.7,145.7
2012,REG,00-0020498,,Reggie Wayne,WR,WR,,16,IND,0,0,0,0,0,0,0,0,0,0,0,0,,0,,,1,-5,0,0,0,0,-1.3365797935985,0,106,195,1355,5,1,1,2068,360,73,4.24784415934592,0,0.655222437137331,0.315533980582524,0.323377638780297,0.699665318019994,0,163.0,269.0
2012,REG,00-0020516,,Todd Heap,TE,TE,,2,ARI,0,0,0,0,0,0,0,0,0,0,0,0,,0,,,0,0,0,0,0,0,,0,8,13,94,0,0,0,101,37,5,5.05747562900772,0,0.930693069306931,0.209677419354839,0.241050119331742,0.483251212564478,0,9.4,17.4
2012,REG,00-0020531,D.Brees,Drew Brees,QB,QB,"https://static.www.nfl.com/image/private/f_auto,q_auto/league/i20xlpzdmn7xubotijjd",16,NO,422,670,5177,43,19,26,190,5,1,5468,2158,266,114.685097106569,0,0.946781272860278,0.126467482259334,15,5,1,0,0,2,-0.874598496535327,0,0,0,0,0,0,0,0,0,0,,0,,,,,0,345.58,345.58
2012,REG,00-0020608,,David Carr,QB,QB,,2,NYG,2,3,19,0,0,1,6,1,0,10,17,1,-0.878738114086445,0,1.9,,3,-3,0,0,0,0,-2.42650092585245,0,0,0,0,0,0,0,0,0,0,,0,,,,,0,0.46,0.46
2012,REG,00-0020679,,Shaun Hill,QB,QB,"https://static.www.nfl.com/image/private/f_auto,q_auto/league/dn42ccbwrshm7uksyphy",1,DET,10,13,172,2,0,0,0,0,0,141,47,8,13.7429767113063,0,1.21985815602837,0.457202072154644,1,-1,0,0,0,0,-3.32400850392878,0,0,0,0,0,0,0,0,0,0,,0,,,,,0,14.78,14.78
2012,REG,00-0020804,,Corey McIntyre,FB,RB,,1,BUF,0,0,0,0,0,0,0,0,0,0,0,0,,0,,,0,0,0,0,0,0,,0,1,2,9,0,0,0,-5,10,0,0.448375620879233,0,-1.8,0.0571428571428571,-0.0318471337579618,0.0634212920837125,0,0.9,1.9
2012,REG,00-0021147,,Donte' Stallworth,WR,WR,,1,NE,0,0,0,0,0,0,0,0,0,0,0,0,,0,,,0,0,0,0,0,0,,0,1,2,63,1,0,0,64,30,1,4.90764506068081,0,0.984375,0.0555555555555556,0.169312169312169,0.201851851851852,0,12.3,13.3
2012,REG,00-0021163,,Jabar Gaffney,WR,WR,,3,MIA,0,0,0,0,0,0,0,0,0,0,0,0,,0,,,0,0,0,0,0,0,,0,4,10,68,0,0,0,131,11,3,-4.68404759850819,0,0.519083969465649,0.099009900990099,0.166243654822335,0.264885409860783,0,6.8,10.8
2012,REG,00-0021192,,Deion Branch,WR,WR,,9,NE,0,0,0,0,0,0,0,0,0,0,0,0,,0,,,0,0,0,0,0,0,,0,16,29,145,0,0,0,281,44,10,3.54225739115313,0,0.516014234875445,0.0753246753246753,0.0891214716143356,0.175372043117048,0,14.5,30.5
2012,REG,00-0021236,,Randy McMichael,TE,TE,,7,LAC,0,0,0,0,0,0,0,0,0,0,0,0,,0,,,0,0,0,0,0,0,,0,9,13,51,0,1,0,31,54,3,0.571473793359473,0,1.64516129032258,0.0494296577946768,0.0151441133365901,0.0847453660276283,0,5.1,14.1
2012,REG,00-0021429,C.Palmer,Carson Palmer,QB,QB,"https://static.www.nfl.com/image/private/f_auto,q_auto/league/belgna3tokxga0gjjmwk",15,LV,345,565,4018,22,14,26,199,5,4,4712,1959,184,16.9111764714525,2,0.852716468590832,0.0756541317014079,18,36,1,2,1,7,-5.07669269794686,0,0,0,0,0,0,0,0,0,0,,0,,,,,0,224.32,224.32
2012,REG,00-0021547,A.Gates,Antonio Gates,TE,TE,"https://static.www.nfl.com/image/private/f_auto,q_auto/league/kndulvysinvn4tpvt0bc",15,LAC,0,0,0,0,0,0,0,0,0,0,0,0,,0,,,0,0,0,0,0,0,,0,49,80,538,7,0,0,858,133,30,23.2348528892014,0,0.627039627039627,0.166320166320166,0.235714285714286,0.414480249480249,0,95.8,144.8
2012,REG,00-0021678,,Tony Romo,QB,QB,"https://static.www.nfl.com/image/private/f_auto,q_auto/league/rdgaxf7djip2ovlkeqjk",16,DAL,425,648,4903,28,19,36,263,3,3,5715,1952,231,83.7117780611943,1,0.857917760279965,0.117050709861515,30,49,1,3,0,5,-5.93440548995651,1,1,1,-1,0,0,0,-4,3,0,-0.650154293514788,0,0.0,0.0263157894736842,-0.0102040816326531,0.0323308270676692,0,278.92,279.92
2012,REG,00-0021756,,Will Heller,TE,TE,,10,DET,0,0,0,0,0,0,0,0,0,0,0,0,,0,,,0,0,0,0,0,0,,0,17,23,150,1,0,0,95,84,9,1.39765106368577,0,1.57894736842105,0.0526315789473684,0.0250990752972259,0.0965167211291108,0,21.0,38.0
2012,REG,00-0021931,,Kevin Walter,WR,WR,,16,HOU,0,0,0,0,0,0,0,0,0,0,0,0,,0,,,0,0,0,0,0,0,,0,41,68,518,2,0,0,806,94,27,17.3467217205433,0,0.642679900744417,0.123861566484517,0.183431952662722,0.314194716590681,0,63.8,104.8
2012,REG,00-0021999,,Nate Burleson,WR,WR,,6,DET,0,0,0,0,0,0,0,0,0,0,0,0,,0,,,8,48,0,0,0,2,1.22350523271598,0,27,43,240,2,0,0,320,83,14,11.8887884033833,1,0.75,0.156934306569343,0.141781125387683,0.334648247625393,0,42.8,69.8
2012,REG,00-0022044,,Andre Johnson,WR,WR,,16,HOU,0,0,0,0,0,0,0,0,0,0,0,0,,0,,,0,0,0,0,0,0,,0,112,163,1598,4,0,0,1848,548,79,75.8915754275992,0,0.864718614718615,0.296903460837887,0.420573509330906,0.739756647788465,0,183.8,295.8
2012,REG,00-0022054,,Visanthe Shiancoe,TE,TE,,1,NE,0,0,0,0,0,0,0,0,0,0,0,0,,0,,,0,0,0,0,0,0,,0,0,1,0,0,0,0,13,0,0,-3.28064194030594,0,0.0,0.0277777777777778,0.0343915343915344,0.0657407407407407,0,0.0,0.0
2012,REG,00-0022084,,Anquan Boldin,WR,WR,"https://static.www.nfl.com/image/private/f_auto,q_auto/league/ajabgwxbliupgkwjbnut",15,BAL,0,0,0,0,0,0,0,0,0,0,0,0,,0,,,1,3,0,0,0,0,-0.157322518993169,0,65,112,921,4,0,0,1206,237,45,20.6613558054253,1,0.763681592039801,0.213333333333333,0.228755690440061,0.480128983308043,0,118.4,183.4
2012,REG,00-0022097,,Brandon Lloyd,WR,WR,,16,NE,0,0,0,0,0,0,0,0,0,0,0,0,,0,,,0,0,0,0,0,0,,0,74,130,911,4,0,0,1740,168,50,38.3444613944292,0,0.523563218390805,0.205047318611987,0.314647377938517,0.527824142474943,0,115.1,189.1
2012,REG,00-0022127,J.Witten,Jason Witten,TE,TE,"https://static.www.nfl.com/image/private/f_auto,q_auto/league/r7uafhtwuexuaty0nhsc",16,DAL,0,0,0,0,0,0,0,0,0,0,0,0,,0,,,0,0,0,0,0,0,,0,110,149,1039,3,0,0,1191,313,56,38.2966866309095,0,0.872376154492024,0.229938271604938,0.209793905231636,0.491763141069553,0,121.9,231.9
2012,REG,00-0022165,,Dallas Clark,TE,TE,,16,TB,0,0,0,0,0,0,0,0,0,0,0,0,,0,,,0,0,0,0,0,0,,0,47,75,435,4,0,0,575,111,23,-8.65793621781899,0,0.756521739130435,0.134168157423971,0.1022767698328,0.272845975018917,0,67.5,114.5
2012,REG,00-0022177,,Byron Leftwich,QB,QB,,2,PIT,25,53,272,0,1,3,24,1,0,541,115,13,-4.41014247443591,0,0.502772643253235,-0.0010416344534715,1,31,1,0,0,1,3.07590314513072,0,0,0,0,0,0,0,0,0,0,,0,,,,,0,17.98,17.98
2012,REG,00-0022178,,Willis McGahee,RB,RB,,10,DEN,0,0,0,0,0,0,0,0,0,0,0,0,,0,,,167,731,4,5,4,43,-9.6752823731549,0,26,33,221,0,0,0,-30,234,10,6.8385025130619,1,-7.36666666666667,0.0891891891891892,-0.0123406005758947,0.125145363380658,0,113.2,139.2
2012,REG,00-0022217,,Mewelde Moore,RB,RB,,9,IND,0,0,0,0,0,0,0,0,0,0,0,0,,0,,,13,20,0,1,1,1,-10.2046798697556,0,6,8,77,1,0,0,61,44,4,4.98518721745508,0,1.26229508196721,0.0363636363636364,0.0295113691340106,0.075203412939262,0,13.7,19.7
2012,REG,00-0022388,,Terrance Copper,WR,WR,,5,KC,0,0,0,0,0,0,0,0,0,0,0,0,,0,,,1,1,0,0,0,0,-0.616019011707977,0,8,12,79,0,0,0,127,16,3,-0.376713983760342,0,0.622047244094488,0.0930232558139535,0.100474683544304,0.209867162201943,0,8.0,16.0
2012,REG,00-0022397,,Vonta Leach,FB,RB,,14,BAL,0,0,0,0,0,0,0,0,0,0,0,0,,0,,,9,32,1,0,0,3,2.23742135101929,0,21,24,143,0,0,0,11,130,7,3.01236744018388,0,13.0,0.0568720379146919,0.002675747993189,0.0871810804672702,0,23.5,44.5
2012,REG,00-0022405,,Lousaka Polite,FB,RB,,5,ATL,0,0,0,0,0,0,0,0,0,0,0,0,,0,,,0,0,0,0,0,0,,0,1,7,8,0,0,0,8,10,0,-2.83901180303656,0,1.0,0.0421686746987952,0.0084835630965005,0.0691915062157431,0,0.8,1.8
2012,REG,00-0022409,,Jordan Babineaux,SS,DB,,1,TEN,0,0,0,0,0,0,0,0,0,0,0,0,,0,,,1,10,0,0,0,1,2.80352439079434,0,0,0,0,0,0,0,0,0,0,,0,,,,,0,1.0,1.0
2012,REG,00-0022414,,Malcom Floyd,WR,WR,"https://static.www.nfl.com/image/private/f_auto,q_auto/league/or8gm79eaonksxe8gl0t",14,LAC,0,0,0,0,0,0,0,0,0,0,0,0,,0,,,0,0,0,0,0,0,,0,56,85,814,5,0,0,1237,98,47,46.7735061005668,0,0.658043654001617,0.178947368421053,0.349533766600735,0.513094689252093,0,111.4,167.4
2012,REG,00-0022421,,Ruvell Martin,WR,WR,,4,BUF,0,0,0,0,0,0,0,0,0,0,0,0,,0,,,0,0,0,0,0,0,,0,4,6,41,0,0,0,47,10,3,1.00131636401056,0,0.872340425531915,0.0425531914893617,0.0366900858704137,0.0895128473433322,0,4.1,8.1
2012,REG,00-0022427,,Wes Welker,WR,WR,"https://static.www.nfl.com/image/private/f_auto,q_auto/league/rgjwexzif36vncjfdwap",16,NE,0,0,0,0,0,0,0,0,0,0,0,0,,0,,,2,20,0,0,0,2,1.67977372487076,0,118,175,1354,6,2,1,1347,687,72,55.5889556762637,0,1.00519673348181,0.27602523659306,0.243580470162749,0.584544184003514,0,171.4,289.4
2012,REG,00-0022736,,Steven Jackson,RB,RB,"https://static.www.nfl.com/image/private/f_auto,q_auto/league/abl5wejuf448xw3jtphm",16,LA,0,0,0,0,0,0,0,0,0,0,0,0,,0,,,258,1045,4,0,0,47,-21.4909505707185,0,38,53,321,0,0,0,75,280,13,6.66358343849598,1,4.28,0.116228070175439,0.0216450216450216,0.189493620414673,0,162.6,200.6
2012,REG,00-0022738,,Chris Cooley,TE,TE,,3,WAS,0,0,0,0,0,0,0,0,0,0,0,0,,0,,,0,0,0,0,0,0,,0,1,3,8,0,0,0,8,6,1,0.1492008860223,0,1.0,0.0306122448979592,0.0102827763496144,0.0531163107916689,0,0.8,1.8
2012,REG,00-0022781,,Michael Jenkins,WR,WR,,16,MIN,0,0,0,0,0,0,0,0,0,0,0,0,,0,,,0,0,0,0,0,0,,0,40,72,449,2,0,0,775,128,25,1.19285534507379,0,0.579354838709677,0.150313152400835,0.233856366928183,0.389169185450981,0,56.9,96.9
2012,REG,00-0022787,M.Schaub,Matt Schaub,QB,QB,"https://static.www.nfl.com/image/private/f_auto,q_auto/league/mj2kh2nddxnw04ludcx0",16,HOU,350,544,4008,22,12,27,216,3,0,4351,1758,202,84.8040864662798,0,0.921167547690186,0.110832129644016,21,-9,0,1,0,0,-14.8893115372048,0,1,1,-6,0,0,0,-6,0,0,-1.48238437063992,0,0.0,0.0285714285714286,-0.03,0.0218571428571429,0,222.82,223.82
2012,REG,00-0022803,E.Manning,Eli Manning,QB,QB,"https://static.www.nfl.com/image/private/f_auto,q_auto/league/w51tf8uedjftbr4qpaex",16,NYG,321,536,3948,26,15,19,136,4,1,5122,1389,186,57.4811723668283,0,0.770792659117532,0.110015546153778,20,30,0,1,0,2,-6.47775433214091,0,0,0,0,0,0,0,0,0,0,,0,,,,,0,232.92,232.92
2012,REG,00-0022811,,Jerricho Cotchery,WR,WR,"https://static.www.nfl.com/image/private/f_auto,q_auto/league/hkq2dmfj7mbgbuejiloy",12,PIT,0,0,0,0,0,0,0,0,0,0,0,0,,0,,,0,0,0,0,0,0,,0,17,27,205,0,0,0,286,43,12,10.5403613857835,0,0.716783216783217,0.0642857142857143,0.0758218451749735,0.149503863051053,0,20.5,37.5
2012,REG,00-0022821,,Michael Turner,RB,RB,,16,ATL,0,0,0,0,0,0,0,0,0,0,0,0,,0,,,222,800,10,3,1,40,-32.5117797153348,0,19,30,128,1,0,0,14,145,2,-4.78844009735622,0,9.14285714285714,0.0616016427104723,0.0035443037974683,0.0948834767239363,0,156.8,175.8
2012,REG,00-0022847,,Ben Hartsock,TE,TE,,3,CAR,0,0,0,0,0,0,0,0,0,0,0,0,,0,,,0,0,0,0,0,0,,0,2,3,30,0,0,0,13,18,1,-0.670574136544019,0,2.30769230769231,0.0303030303030303,0.0161090458488228,0.0567308775487214,0,3.0,5.0
2012,REG,00-0022864,L.McCown,Luke McCown,QB,QB,"https://static.www.nfl.com/image/private/f_auto,q_auto/league/pj2lbdhplppzlywlzsbr",1,ATL,0,0,0,0,0,0,0,0,0,0,0,0,,0,,,2,-3,0,0,0,0,-5.19880225951783,0,0,0,0,0,0,0,0,0,0,,0,,,,,0,-0.3,-0.3
2012,REG,00-0022897,,Greg Jones,RB,RB,,8,JAX,0,0,0,0,0,0,0,0,0,0,0,0,,0,,,5,8,0,0,0,3,0.196946078576103,0,11,14,64,0,0,0,27,50,1,0.508246142591815,0,2.37037037037037,0.0564516129032258,0.012924844423169,0.093724810451057,0,7.2,18.2
2012,REG,00-0022921,L.Fitzgerald,Larry Fitzgerald,WR,WR,"https://static.www.nfl.com/image/private/f_auto,q_auto/league/ycgjjaad5un42gy4pnga",16,ARI,0,0,0,0,0,0,0,0,0,0,0,0,,0,,,0,0,0,0,0,0,,0,71,156,798,4,0,0,1649,272,44,-53.0982738806495,0,0.483929654335961,0.257851239669421,0.34091378953897,0.625416512181412,0,103.8,174.8
2012,REG,00-0022922,,Kellen Winslow,TE,TE,,1,NE,0,0,0,0,0,0,0,0,0,0,0,0,,0,,,0,0,0,0,0,0,,0,1,2,12,0,0,0,15,3,1,0.0047964816913008,0,0.8,0.0487804878048781,0.0503355704697987,0.108405631036176,0,1.2,2.2
2012,REG,00-0022924,B.Roethlisberger,Ben Roethlisberger,QB,QB,"https://static.www.nfl.com/image/private/f_auto,q_auto/league/vziogpnyp9d0xtpiuqhr",13,PIT,284,449,3265,26,8,30,182,5,2,3704,1474,167,67.953837362016,1,0.881479481641469,0.12346203931661,26,92,0,1,1,5,-8.10159814956216,0,0,0,0,0,0,0,0,0,0,,0,,,,,0,223.8,223.8
2012,REG,00-0022929,,Devery Henderson,WR,WR,,15,NO,0,0,0,0,0,0,0,0,0,0,0,0,,0,,,1,13,0,0,0,1,1.11990902223624,0,22,47,316,1,1,0,747,79,10,-10.5902246447165,0,0.423025435073628,0.0773026315789474,0.143653846153846,0.216511639676113,0,38.9,60.9
2012,REG,00-0022942,P.Rivers,Philip Rivers,QB,QB,"https://static.www.nfl.com/image/private/f_auto,q_auto/league/voakyrtj34sghkwxaxxf",16,LAC,338,527,3606,26,15,49,311,13,7,3960,1796,184,-2.15631764249042,0,0.910606060606061,0.0766206619632969,27,40,0,2,0,2,-11.826142218722,0,0,1,0,0,0,0,1,0,0,-0.65909140650183,0,0.0,0.0238095238095238,0.0033222591362126,0.0380398671096346,0,208.24,208.24
2012,REG,00-0022943,B.Watson,Benjamin Watson,TE,TE,"https://static.www.nfl.com/image/private/f_auto,q_auto/league/dorymozpdnrllkqlfzpu",16,CLE,0,0,0,0,0,0,0,0,0,0,0,0,,0,,,0,0,0,0,0,0,,0,49,81,501,3,1,0,541,215,27,-3.26097301636452,0,0.926062846580407,0.144128113879004,0.127534181989628,0.305466098211245,0,68.1,117.1
2012,REG,00-0022984,,Ryan Grant,RB,RB,,5,GB,0,0,0,0,0,0,0,0,0,0,0,0,,0,,,32,132,2,1,1,7,0.705918315507006,0,1,2,34,0,0,0,4,35,1,2.6317982886103,0,8.5,0.05,0.010989010989011,0.0826923076923077,0,26.6,27.6
2012,REG,00-0022999,J.Kuhn,John Kuhn,FB,RB,"https://static.www.nfl.com/image/private/f_auto,q_auto/league/nbcwgq2o0ymmx4czvr4b",12,GB,0,0,0,0,0,0,0,0,0,0,0,0,,0,,,23,63,1,0,0,4,-5.48039324495746,0,15,18,148,0,0,0,31,128,7,4.81718757213726,0,4.7741935483871,0.0692307692307692,0.0170893054024256,0.115808667627852,0,27.1,42.1
2012,REG,00-0023001,,Shaun Suisham,K,SPEC,"https://static.www.nfl.com/image/private/f_auto,q_auto/league/vyx61i2zefrmgr91rrvd",1,PIT,0,0,0,0,0,0,0,0,0,0,0,0,,0,,,1,-1,0,0,0,0,-3.36391609476414,0,0,0,0,0,0,0,0,0,0,,0,,,,,0,-0.1,-0.1
2012,REG,00-0023176,,Josh Cribbs,WR,WR,,11,CLE,0,0,0,0,0,0,0,0,0,0,0,0,,0,,,6,42,0,1,0,2,0.402810581377707,0,7,12,63,0,0,0,16,50,2,-3.87111298806394,0,3.9375,0.0365853658536585,0.0063770426464727,0.0593419786330187,0,10.5,17.5
2012,REG,00-0023310,,Lance Moore,WR,WR,"https://static.www.nfl.com/image/private/f_auto,q_auto/league/bfjxc892mfkni8ywtheh",15,NO,0,0,0,0,0,0,0,0,0,0,0,0,,0,,,0,0,0,0,0,0,,0,65,104,1041,6,0,0,1427,143,55,49.8427829922465,0,0.729502452697968,0.170491803278689,0.282966488201467,0.45381424665906,0,140.1,205.1
2012,REG,00-0023316,,Raymond Ventrone,DB,DB,,1,CLE,0,0,0,0,0,0,0,0,0,0,0,0,,0,,,1,35,0,0,0,1,4.91353441542015,0,0,0,0,0,0,0,0,0,0,,0,,,,,0,3.5,3.5
2012,REG,00-0023367,,Nate Washington,WR,WR,,16,TEN,0,0,0,0,0,0,0,0,0,0,0,0,,0,,,0,0,0,0,0,0,,0,46,90,746,4,1,0,1223,243,31,20.7151134827684,0,0.609975470155356,0.167597765363128,0.256018421603517,0.430609543167154,0,98.6,144.6
2012,REG,00-0023408,,Greg Camarillo,WR,WR,,1,NO,0,0,0,0,0,0,0,0,0,0,0,0,,0,,,0,0,0,0,0,0,,0,4,5,44,0,0,0,34,10,3,4.27646872762125,0,1.29411764705882,0.111111111111111,0.0901856763925729,0.229796640141468,0,4.4,8.4
2012,REG,00-0023436,A.Smith,Alex Smith,QB,QB,"https://static.www.nfl.com/image/private/f_auto,q_auto/league/dpa5d1a8jj6jdymocjkx",10,SF,153,218,1737,13,5,24,137,3,1,1674,775,87,33.561665137593,0,1.03763440860215,0.130731865303528,31,132,0,1,0,6,-0.758655802471323,0,0,0,0,0,0,0,0,0,0,,0,,,,,0,122.68,122.68
2012,REG,00-0023437,,Ronnie Brown,RB,RB,,14,LAC,0,0,0,0,0,0,0,0,0,0,0,0,,0,,,46,220,0,0,0,12,-2.94518697161265,0,49,60,371,0,0,0,14,384,16,-3.61088303389917,0,26.5,0.132450331125828,0.0044289781714647,0.201775781408767,0,59.1,108.1
2012,REG,00-0023438,,Braylon Edwards,WR,WR,,8,NYJ,0,0,0,0,0,0,0,0,0,0,0,0,,0,,,0,0,0,0,0,0,,0,18,35,199,1,0,0,486,33,12,-0.912724669262486,0,0.409465020576132,0.14957264957265,0.195337620578778,0.361095308764119,0,25.9,43.9
2012,REG,00-0023439,,Cedric Benson,RB,RB,,5,GB,0,0,0,0,0,0,0,0,0,0,0,0,,0,,,71,248,1,1,0,10,-6.74698868583073,0,14,15,97,0,0,0,-6,100,4,6.47833853866905,0,-16.1666666666667,0.105633802816901,-0.0109689213893967,0.150772459252774,0,40.5,54.5
2012,REG,00-0023441,A.Jones,Adam Jones,CB,DB,"https://static.www.nfl.com/image/private/f_auto,q_auto/league/hvbjym05mpvfkdhy3bsz",1,CIN,0,0,0,0,0,0,0,0,0,0,0,0,,0,,,0,0,0,0,0,0,,0,0,0,0,0,0,0,0,0,0,,0,,,,,1,6.0,6.0
2012,REG,00-0023459,A.Rodgers,Aaron Rodgers,QB,QB,"https://static.www.nfl.com/image/upload/f_auto,q_auto/league/jdcb4nomlc4rd6k5l6to",16,GB,371,552,4295,39,8,51,293,5,4,4467,2044,211,115.059854994404,1,0.96149541079024,0.162588913438458,54,259,2,0,0,20,4.81890506259297,0,1,1,-1,0,0,0,-6,5,0,-2.07828764151782,0,0.0,0.0294117647058824,-0.0196078431372549,0.0303921568627451,0,343.6,344.6
2012,REG,00-0023460,,Jason Campbell,QB,QB,,5,CHI,32,51,265,2,2,6,49,2,0,389,78,10,-12.9520958499363,0,0.681233933161954,0.0387129241774136,7,28,0,0,0,1,-2.40686448471388,0,0,0,0,0,0,0,0,0,0,,0,,,,,0,17.4,17.4
2012,REG,00-0023462,,Roddy White,WR,WR,"https://static.www.nfl.com/image/private/f_auto,q_auto/league/f7dgklg6z49fbdltwuki",16,ATL,0,0,0,0,0,0,0,0,0,0,0,0,,0,,,0,0,0,0,0,0,,0,92,143,1351,7,1,0,1772,326,73,59.9500321726016,0,0.762415349887133,0.234042553191489,0.358269308532147,0.601852345759737,0,177.1,269.1
2012,REG,00-0023465,,Heath Miller,TE,TE,"https://static.www.nfl.com/image/private/f_auto,q_auto/league/iqw8fry4hgfvegs9nfuf",15,PIT,0,0,0,0,0,0,0,0,0,0,0,0,,0,,,0,0,0,0,0,0,,0,71,101,816,8,0,0,742,343,44,39.8708419086011,1,1.09973045822102,0.187037037037037,0.155718782791186,0.389558703509386,0,131.6,202.6
2012,REG,00-0023496,,Vincent Jackson,WR,WR,"https://static.www.nfl.com/image/private/f_auto,q_auto/league/kdquag2thcfulvrs0cbz",16,TB,0,0,0,0,0,0,0,0,0,0,0,0,,0,,,0,0,0,0,0,0,,0,72,147,1384,8,0,0,2314,361,61,57.2263421332542,1,0.5980985306828,0.262969588550984,0.411597296335824,0.682572490261552,0,188.4,260.4
2012,REG,00-0023500,F.Gore,Frank Gore,RB,RB,"https://static.www.nfl.com/image/private/f_auto,q_auto/league/lxxkhd2suyalrbruzut7",16,SF,0,0,0,0,0,0,0,0,0,0,0,0,,0,,,258,1214,8,2,1,67,-2.01144921797064,0,28,36,234,1,0,0,17,221,10,5.457386961265,0,13.7647058823529,0.09375,0.005570117955439,0.144524082568807,0,196.8,224.8
2012,REG,00-0023503,,Courtney Roby,WR,WR,,3,NO,0,0,0,0,0,0,0,0,0,0,0,0,,0,,,0,0,0,0,0,0,,0,1,2,9,0,0,0,7,5,0,-0.0152481314726174,0,1.28571428571429,0.0224719101123596,0.012216404886562,0.0422593485891327,1,6.9,7.9
2012,REG,00-0023506,,Alex Smith,TE,TE,"https://static.www.nfl.com/image/private/f_auto,q_auto/league/zcpxncjwcm6ggoiqt6ub",9,CLE,0,0,0,0,0,0,0,0,0,0,0,0,,0,,,0,0,0,0,0,0,,0,13,18,47,0,0,0,26,37,2,-7.68013456890504,0,1.80769230769231,0.0596026490066225,0.0136986301369863,0.0989930146058242,0,4.7,17.7
2012,REG,00-0023537,,Sean Considine,DB,DB,,1,BAL,0,0,0,0,0,0,0,0,0,0,0,0,,0,,,1,3,0,0,0,0,-2.31883442902472,0,0,0,0,0,0,0,0,0,0,,0,,,,,0,0.3,0.3
2012,REG,00-0023541,,Kyle Orton,QB,QB,,1,DAL,9,10,89,1,0,0,0,0,0,67,24,6,6.39840768277645,1,1.32835820895522,0.370622291850404,0,0,0,0,0,0,,0,0,0,0,0,0,0,0,0,0,,0,,,,,0,9.56,9.56
2012,REG,00-0023545,,Brandon Jacobs,RB,RB,,2,SF,0,0,0,0,0,0,0,0,0,0,0,0,,0,,,5,7,0,0,0,1,-0.666724936338142,0,0,0,0,0,0,0,0,0,0,,0,,,,,0,0.7,0.7
2012,REG,00-0023564,D.Sproles,Darren Sproles,RB,RB,"https://static.www.nfl.com/image/private/f_auto,q_auto/league/gvj5ng27blmwuz170aeo",13,NO,0,0,0,0,0,0,0,0,0,0,0,0,,0,,,48,244,1,0,0,9,-2.44812106099361,1,75,104,667,7,0,0,48,665,29,23.5671133897138,0,13.8958333333333,0.182776801405975,0.0102871838834119,0.281366230827351,0,141.1,216.1
2012,REG,00-0023578,D.Orlovsky,Dan Orlovsky,QB,QB,"https://static.www.nfl.com/image/private/f_auto,q_auto/league/vr8juuraecwssjnviglf",1,TB,4,7,51,0,0,0,0,0,0,73,14,2,-0.78796887997305,0,0.698630136986301,0.0168831152286191,0,0,0,0,0,0,,0,0,0,0,0,0,0,0,0,0,,0,,,,,0,2.04,2.04
2012,REG,00-0023630,,Joel Dreessen,TE,TE,,16,DEN,0,0,0,0,0,0,0,0,0,0,0,0,,0,,,0,0,0,0,0,0,,0,41,58,356,5,0,0,325,140,19,14.124632641576,0,1.09538461538462,0.0993150684931507,0.0666393274554029,0.195620131958508,0,65.6,106.6
2012,REG,00-0023645,D.Anderson,Derek Anderson,QB,QB,"https://static.www.nfl.com/image/private/f_auto,q_auto/league/w191gsxivnqgdwgydka6",2,CAR,4,4,58,0,0,0,0,0,0,27,31,3,0.893221655278467,0,2.14814814814815,,0,0,0,0,0,0,,0,0,0,0,0,0,0,0,0,0,,0,,,,,0,2.32,2.32
2012,REG,00-0023662,M.Cassel,Matt Cassel,QB,QB,"https://static.www.nfl.com/image/private/f_auto,q_auto/league/n1ucqggyu5hlsqzuv5gj",9,KC,161,277,1796,6,12,19,101,6,4,2298,784,96,-38.921063091794,0,0.781549173194082,0.0194670957958993,27,145,1,3,3,12,-5.63199045408128,0,0,0,0,0,0,0,0,0,0,,0,,,,,0,78.34,78.34
2012,REG,00-0023679,,Billy Bajema,TE,TE,,1,BAL,0,0,0,0,0,0,0,0,0,0,0,0,,0,,,0,0,0,0,0,0,,0,0,1,0,0,0,0,-5,0,0,-0.551570751471445,0,0.0,0.032258064516129,-0.0255102040816327,0.0305299539170507,0,0.0,0.0
2012,REG,00-0023682,R.Fitzpatrick,Ryan Fitzpatrick,QB,QB,"https://static.www.nfl.com/image/private/f_auto,q_auto/league/pkhhxwplsawnhln9rsun",16,BUF,306,505,3400,24,16,30,161,8,6,3906,1796,174,8.69493312184167,0,0.870455709165387,0.0591066652955656,48,197,1,0,0,9,-6.96749810854175,0,0,0,0,0,0,0,0,0,0,,0,,,,,0,213.7,213.7
2012,REG,00-0023742,J.Ryan,Jon Ryan,P,SPEC,"https://static.www.nfl.com/image/private/f_auto,q_auto/league/jarcsmohj6vbznthlni8",2,SEA,0,0,0,0,0,0,0,0,0,0,0,0,,0,,,2,-18,0,1,0,0,-4.96462608117145,0,0,0,0,0,0,0,0,0,0,,0,,,,,0,-1.8,-1.8
2012,REG,00-0023752,,Daniel Fells,TE,TE,"https://static.www.nfl.com/image/private/f_auto,q_auto/league/lhecgqac5nourex1czfo",6,NE,0,0,0,0,0,0,0,0,0,0,0,0,,0,,,0,0,0,0,0,0,,0,4,9,85,0,0,0,143,26,3,2.838676644722,0,0.594405594405594,0.0391304347826087,0.0728476821192053,0.109689029657357,0,8.5,12.5
2012,REG,00-0023853,M.Prater,Matt Prater,K,SPEC,"https://static.www.nfl.com/image/upload/f_auto,q_auto/league/mwlrdghrm5chsum2kzic",1,DEN,0,1,0,0,0,0,0,0,0,21,0,0,-2.64267413865309,0,0.0,,0,0,0,0,0,0,,0,0,0,0,0,0,0,0,0,0,,0,,,,,0,0.0,0.0
2012,REG,00-0023921,,Miles Austin,WR,WR,"https://static.www.nfl.com/image/private/f_auto,q_auto/league/tuwhvxan7v0gisbei4an",16,DAL,0,0,0,0,0,0,0,0,0,0,0,0,,0,,,0,0,0,0,0,0,,0,66,119,943,6,1,1,1470,292,48,35.5435828979538,0,0.641496598639456,0.183641975308642,0.258939580764488,0.456720669498105,0,128.3,194.3
2012,REG,00-0023968,,Micheal Spurlock,WR,WR,,9,LAC,0,0,0,0,0,0,0,0,0,0,0,0,,0,,,0,0,0,0,0,0,,0,23,29,200,1,0,0,157,65,12,11.1986407006132,0,1.27388535031847,0.106227106227106,0.0692239858906526,0.207797449464116,2,38.0,61.0
2012,REG,00-0024103,,Montell Owens,RB,RB,,5,JAX,0,0,0,0,0,0,0,0,0,0,0,0,,0,,,42,209,1,0,0,10,-1.96931852382841,1,8,10,113,0,0,0,15,102,5,5.85642893187469,0,7.53333333333333,0.0485436893203884,0.010924981791697,0.0804630212347704,0,40.2,48.2
2012,REG,00-0024204,,Fred Jackson,RB,RB,"https://static.www.nfl.com/image/private/f_auto,q_auto/league/ibu4ltouiplhatsn4ptq",10,BUF,0,0,0,0,0,0,0,0,0,0,0,0,,0,,,115,437,3,4,4,25,-25.2549595220189,0,34,42,217,1,1,0,-2,218,10,4.2202650851503,0,-108.5,0.143344709897611,-0.0008884940026654,0.214395119044551,0,81.4,115.4
2012,REG,00-0024217,,Reggie Bush,RB,RB,"https://static.www.nfl.com/image/private/f_auto,q_auto/league/z2m2heolqx9sgobdks9v",16,MIA,0,0,0,0,0,0,0,0,0,0,0,0,,0,,,227,986,6,4,2,43,-18.5926931302748,0,35,51,292,2,0,0,48,272,14,7.49251780994551,0,6.08333333333333,0.102,0.0121703853955375,0.161519269776876,0,171.8,206.8
2012,REG,00-0024221,V.Davis,Vernon Davis,TE,TE,"https://static.www.nfl.com/image/private/f_auto,q_auto/league/so5ywayfeeu4zeijln5m",15,SF,0,0,0,0,0,0,0,0,0,0,0,0,,0,,,0,0,0,0,0,0,,0,41,61,548,5,0,0,701,169,26,27.3710681869052,0,0.781740370898716,0.149509803921569,0.196193674783095,0.36160027823052,0,84.8,125.8
2012,REG,00-0024225,,Matt Leinart,QB,QB,,2,LV,16,33,115,0,1,1,9,0,0,249,40,7,-10.824813695594,0,0.461847389558233,-0.0299849578513226,0,0,0,0,0,0,,0,0,0,0,0,0,0,0,0,0,,0,,,,,0,2.6,2.6
2012,REG,00-0024226,J.Cutler,Jay Cutler,QB,QB,"https://static.www.nfl.com/image/private/f_auto,q_auto/league/ks6n7gvw4vccihlse6bn",15,CHI,255,434,3033,19,14,38,250,7,4,4441,1153,153,-21.7601158787516,0,0.68295428957442,0.0566472580857723,41,233,0,1,0,15,12.785145531001,0,0,0,0,0,0,0,0,0,0,,0,,,,,0,184.62,184.62
2012,REG,00-0024234,,Antonio Cromartie,CB,DB,,2,NYJ,0,0,0,0,0,0,0,0,0,0,0,0,,0,,,0,0,0,0,0,0,,0,1,3,-2,0,0,0,33,4,0,-1.87041381048039,0,-0.0606060606060606,0.0588235294117647,0.0686070686070686,0.136260242142595,0,-0.2,0.8
2012,REG,00-0024240,,Santonio Holmes,WR,WR,,4,NYJ,0,0,0,0,0,0,0,0,0,0,0,0,,0,,,0,0,0,0,0,0,,0,20,41,272,1,1,1,515,104,15,2.31480048450653,0,0.528155339805825,0.322834645669291,0.399534522885958,0.763926134524108,0,31.2,51.2
2012,REG,00-0024242,,DeAngelo Williams,RB,RB,"https://static.www.nfl.com/image/private/f_auto,q_auto/league/oky9ooitgqa1fgwdll6b",16,CAR,0,0,0,0,0,0,0,0,0,0,0,0,,0,,,173,737,5,2,2,32,-14.5745060168044,0,13,20,187,2,0,0,-38,213,5,0.755633588443743,0,-4.92105263157895,0.0586510263929619,-0.013446567586695,0.0785639422787563,0,130.4,143.4
2012,REG,00-0024243,M.Lewis,Marcedes Lewis,TE,TE,"https://static.www.nfl.com/image/private/f_auto,q_auto/league/ppq07tipygpftz5csipx",15,JAX,0,0,0,0,0,0,0,0,0,0,0,0,,0,,,0,0,0,0,0,0,,0,52,77,540,4,0,0,519,244,25,3.65455088666965,0,1.04046242774566,0.137745974955277,0.108102478650281,0.282290697488113,0,78.0,130.0
2012,REG,00-0024264,K.Clemens,Kellen Clemens,QB,QB,"https://static.www.nfl.com/image/private/f_auto,q_auto/league/pxungqbhh61ov73tzaxk",2,LA,1,3,39,0,1,0,0,0,0,56,1,1,-4.02354181837291,0,0.696428571428571,,2,5,0,1,0,1,0.0911571297328919,0,0,0,0,0,0,0,0,0,0,,0,,,,,0,0.0600000000000001,0.0600000000000001
2012,REG,00-0024267,,Greg Jennings,WR,WR,"https://static.www.nfl.com/image/private/f_auto,q_auto/league/jiemkcfkc893pfova8xv",8,GB,0,0,0,0,0,0,0,0,0,0,0,0,,0,,,0,0,0,0,0,0,,0,36,62,366,4,0,0,619,164,22,5.7987037841306,0,0.591276252019386,0.213058419243986,0.258671124111993,0.500657415744375,0,60.6,96.6
2012,REG,00-0024268,A.Fasano,Anthony Fasano,TE,TE,"https://static.www.nfl.com/image/private/f_auto,q_auto/league/twcrap9uhjbazmplq5x3",16,MIA,0,0,0,0,0,0,0,0,0,0,0,0,,0,,,0,0,0,0,0,0,,0,41,69,332,5,0,0,466,90,18,-7.52808936041345,1,0.71244635193133,0.138,0.107845406155982,0.282491784309188,0,65.2,106.2
2012,REG,00-0024272,,Devin Hester,WR,WR,"https://static.www.nfl.com/image/private/f_auto,q_auto/league/jtntm2ci9doez4qxbx0c",13,CHI,0,0,0,0,0,0,0,0,0,0,0,0,,0,,,3,6,0,0,0,0,-0.859388999291696,0,23,40,242,1,0,0,394,103,9,-8.88096641382435,0,0.614213197969543,0.108108108108108,0.109262340543539,0.238645800542639,0,30.8,53.8
2012,REG,00-0024275,,Maurice Jones-Drew,RB,RB,,6,JAX,0,0,0,0,0,0,0,0,0,0,0,0,,0,,,86,414,1,1,0,21,-0.0091148448409512,0,14,18,86,1,0,0,23,72,3,-14.1269711242372,0,3.73913043478261,0.121621621621622,0.0205908683974933,0.196846040310678,0,62.0,76.0
2012,REG,00-0024276,,Tony Scheffler,TE,TE,,15,DET,0,0,0,0,0,0,0,0,0,0,0,0,,0,,,0,0,0,0,0,0,,0,42,85,504,1,0,0,1083,117,28,-20.8622913168026,0,0.465373961218837,0.125739644970414,0.181619989937951,0.315743460412187,0,56.4,98.4
2012,REG,00-0024287,,Leonard Pope,TE,TE,,3,PIT,0,0,0,0,0,0,0,0,0,0,0,0,,0,,,0,0,0,0,0,0,,0,3,4,9,2,0,0,2,7,2,2.91298351075966,0,4.5,0.0459770114942529,0.0059523809523809,0.073132183908046,0,12.9,15.9
2012,REG,00-0024297,,Derek Hagan,WR,WR,,12,LV,0,0,0,0,0,0,0,0,0,0,0,0,,0,,,0,0,0,0,0,0,,0,20,36,259,0,0,0,421,68,14,4.08154699029192,0,0.61520190023753,0.0717131474103586,0.0997866793078929,0.177420396631063,0,25.9,45.9
2012,REG,00-0024301,,David Thomas,TE,TE,,7,NO,0,0,0,0,0,0,0,0,0,0,0,0,,0,,,0,0,0,0,0,0,,0,11,17,86,4,0,0,66,43,6,0.468077222059947,0,1.3030303030303,0.054140127388535,0.0313241575700047,0.103137101381806,0,32.6,43.6
2012,REG,00-0024313,,Owen Daniels,TE,TE,"https://static.www.nfl.com/image/private/f_auto,q_auto/league/ktxkz5tzddboxst5xfh8",15,HOU,0,0,0,0,0,0,0,0,0,0,0,0,,0,,,0,0,0,0,0,0,,0,62,104,716,6,0,0,814,313,37,22.5806373661622,0,0.87960687960688,0.198473282442748,0.192298606189464,0.432318947996747,0,107.6,169.6
2012,REG,00-0024315,,Michael Robinson,FB,RB,,11,SEA,0,0,0,0,0,0,0,0,0,0,0,0,,0,,,12,49,0,0,0,10,6.1084496199619,0,13,15,126,2,0,0,22,115,8,10.3087004391127,0,5.72727272727273,0.0643776824034335,0.0108161258603736,0.104137811707412,0,29.5,42.5
2012,REG,00-0024318,,Brad Smith,QB,QB,,13,BUF,0,1,0,0,1,0,0,0,0,36,0,0,-3.24871730495943,0,0.0,,14,116,1,1,0,7,6.44097781192977,0,14,22,152,2,0,0,192,44,7,7.46392228371143,0,0.791666666666667,0.0705128205128205,0.0715883668903803,0.155881087592497,1,48.8,62.8
2012,REG,00-0024324,,Jason Avant,WR,WR,"https://static.www.nfl.com/image/private/f_auto,q_auto/league/nnis5ib42eoeu8bjjpdc",14,PHI,0,0,0,0,0,0,0,0,0,0,0,0,,0,,,0,0,0,0,0,0,,0,53,76,648,0,1,0,771,162,32,30.9920142295887,0,0.840466926070039,0.143126177024482,0.164955070603338,0.33015781495906,0,64.8,117.8
2012,REG,00-0024332,,Leon Washington,RB,RB,,12,SEA,0,0,0,0,0,0,0,0,0,0,0,0,,0,,,23,83,1,0,0,3,-5.55865693442021,0,4,8,31,0,0,0,7,23,1,0.511771613033488,0,4.42857142857143,0.0571428571428571,0.0054474708171206,0.0895275152862702,1,23.4,27.4
2012,REG,00-0024334,B.Marshall,Brandon Marshall,WR,WR,"https://static.www.nfl.com/image/private/f_auto,q_auto/league/jhziqh0scfksvxen6f3s",16,CHI,0,0,0,0,0,0,0,0,0,0,0,0,,0,,,1,-2,0,0,0,0,-0.895607912621927,0,118,194,1508,11,2,0,2411,347,75,34.6984051569059,0,0.625466611364579,0.400826446280992,0.499689119170984,0.951022052841177,0,216.6,334.6
2012,REG,00-0024344,,Guy Whimper,T,OL,,3,JAX,0,0,0,0,0,0,0,0,0,0,0,0,,0,,,0,0,0,0,0,0,,0,2,3,11,1,0,0,1,8,2,2.25290533993393,0,11.0,0.0241935483870968,0.0010214504596527,0.0370053379024021,0,7.1,9.1
2012,REG,00-0024345,,Domenik Hixon,WR,WR,,13,NYG,0,0,0,0,0,0,0,0,0,0,0,0,,0,,,0,0,0,0,0,0,,0,39,59,567,2,0,0,754,135,24,30.4597371085433,0,0.751989389920424,0.135321100917431,0.180124223602484,0.329068607897886,0,68.7,107.7
2012,REG,00-0024369,,Jeff King,TE,TE,,11,ARI,0,0,0,0,0,0,0,0,0,0,0,0,,0,,,0,0,0,0,0,0,,0,17,29,129,0,0,0,132,61,6,-7.06933429752826,0,0.977272727272727,0.0650224215246637,0.0367688022284123,0.123271793846884,0,12.9,29.9
2012,REG,00-0024389,De.Walker,Delanie Walker,TE,TE,"https://static.www.nfl.com/image/private/f_auto,q_auto/league/diknegkpqy0qnri7877z",15,SF,0,0,0,0,0,0,0,0,0,0,0,0,,0,,,0,0,0,0,0,0,,0,21,39,344,3,1,1,474,55,14,11.9801712137525,0,0.725738396624473,0.0960591133004926,0.14455626715462,0.245278056958973,0,50.4,71.4
2012,REG,00-0024394,,Lawrence Vickers,FB,RB,,11,DAL,0,0,0,0,0,0,0,0,0,0,0,0,,0,,,3,11,0,0,0,1,-3.18784842151217,0,13,15,104,0,0,0,23,89,8,7.46746244368842,0,4.52173913043478,0.0376884422110553,0.008524833209785,0.0625000465634324,0,11.5,24.5
2012,REG,00-0024401,,Jeromey Clary,G,OL,,1,LAC,0,0,0,0,0,0,0,0,0,0,0,0,,0,,,0,0,0,0,0,0,,0,1,1,-8,0,0,0,-11,3,0,-0.660341323825233,0,0.0,0.0303030303030303,-0.03886925795053,0.0182460648891744,0,-0.8,0.2
2012,REG,00-0024408,,Bruce Gradkowski,QB,QB,,2,CIN,5,11,65,0,0,0,0,0,0,110,5,1,-3.0611009185792,0,0.590909090909091,-0.0419299530317232,4,-2,0,1,0,0,-4.32839841058012,0,0,0,0,0,0,0,0,0,0,,0,,,,,0,2.4,2.4
2012,REG,00-0024417,S.Koch,Sam Koch,P,SPEC,"https://static.www.nfl.com/image/private/f_auto,q_auto/league/dw34lcf6qit1i1knjhpv",2,BAL,0,0,0,0,0,0,0,0,0,0,0,0,,0,,,2,17,1,0,0,2,5.75484293332556,0,0,0,0,0,0,0,0,0,0,,0,,,,,0,7.7,7.7
2012,REG,00-0024447,,Devin Aromashodu,WR,WR,,11,MIN,0,0,0,0,0,0,0,0,0,0,0,0,,0,,,0,0,0,0,0,0,,0,11,22,182,0,0,0,324,38,10,-0.405595531678582,0,0.561728395061729,0.0626780626780627,0.131707317073171,0.186212215968314,0,18.2,29.2
2012,REG,00-0024463,,Ben Obomanu,WR,WR,,5,SEA,0,0,0,0,0,0,0,0,0,0,0,0,,0,,,1,11,0,0,0,1,-0.355741831939667,0,4,9,58,0,0,0,132,21,1,-5.0317755060673,0,0.439393939393939,0.0857142857142857,0.102964118564743,0.200646311566748,0,6.9,10.9
2012,REG,00-0024466,,Marques Colston,WR,WR,"https://static.www.nfl.com/image/private/f_auto,q_auto/league/hnnuo9nfwzwlakr2srdq",16,NO,0,0,0,0,0,0,0,0,0,0,0,0,,0,,,0,0,0,0,0,0,,0,83,130,1154,10,4,1,1405,292,65,52.8913354868082,0,0.82135231316726,0.198473282442748,0.259225092250923,0.479167488239768,0,173.4,256.4
2012,REG,00-0024535,E.Weems,Eric Weems,WR,WR,"https://static.www.nfl.com/image/private/f_auto,q_auto/league/kptsfekcpfukewtim9kz",3,CHI,0,0,0,0,0,0,0,0,0,0,0,0,,0,,,0,0,0,0,0,0,,0,2,4,27,0,0,0,42,1,2,0.842142823035829,0,0.642857142857143,0.0481927710843374,0.0812379110251451,0.129155694344108,0,2.7,4.7
2012,REG,00-0024559,,D.J. Ware,RB,RB,,14,TB,0,0,0,0,0,0,0,0,0,0,0,0,,0,,,11,51,0,0,0,5,-0.0500900175033565,0,14,20,100,0,0,0,21,102,4,-7.33295068647259,0,4.76190476190476,0.050251256281407,0.0057127312295973,0.0793757962828287,0,15.1,29.1
2012,REG,00-0024714,,Edgar Jones,DE,DL,,1,KC,0,0,0,0,0,0,0,0,0,0,0,0,,0,,,0,0,0,0,0,0,,0,0,0,0,0,0,0,0,0,0,,0,,,,,1,6.0,6.0
2012,REG,00-0024756,,Matt Willis,WR,WR,,12,DEN,0,0,0,0,0,0,0,0,0,0,0,0,,0,,,0,0,0,0,0,0,,0,10,22,90,0,0,0,127,28,5,-23.6460875029017,0,0.708661417322835,0.0503432494279176,0.0361823361823362,0.100842509469512,0,9.0,19.0
2012,REG,00-0024813,,Pierre Thomas,RB,RB,"https://static.www.nfl.com/image/private/f_auto,q_auto/league/w58uf8rmlucv7qagwrfv",15,NO,0,0,0,0,0,0,0,0,0,0,0,0,,0,,,105,473,1,0,0,16,2.92442832776578,0,39,53,354,1,0,0,-25,363,20,11.6170666303879,0,-14.16,0.0866013071895425,-0.0049603174603174,0.126429738562092,0,94.7,133.7
2012,REG,00-0025389,,Calvin Johnson,WR,WR,"https://static.www.nfl.com/image/private/f_auto,q_auto/league/z6dxib9sientn4m9cljh",16,DET,0,0,0,0,0,0,0,0,0,0,0,0,,0,,,0,0,0,0,0,0,,0,122,204,1964,5,3,3,2753,503,92,70.4605824100931,0,0.713403559752997,0.279452054794521,0.431775407779172,0.721420867637201,0,220.4,342.4
2012,REG,00-0025394,A.Peterson,Adrian Peterson,RB,RB,"https://static.www.nfl.com/image/private/f_auto,q_auto/league/ug2ua3skqc9f6vkbowxc",16,MIN,0,0,0,0,0,0,0,0,0,0,0,0,,0,,,348,2097,12,3,2,85,23.9637339349346,1,40,51,217,1,1,0,93,186,10,-4.29802714403997,0,2.33333333333333,0.112087912087912,0.0309896701099633,0.189824637208842,0,307.4,347.4
2012,REG,00-0025396,T.Ginn,Ted Ginn,WR,WR,"https://static.www.nfl.com/image/private/f_auto,q_auto/league/o4m4txrv9l7odyebnea4",3,SF,0,0,0,0,0,0,0,0,0,0,0,0,,0,,,1,7,0,0,0,0,0.638538270257413,0,2,2,1,0,0,0,-4,5,0,-0.839377105352469,0,0.0,0.04,-0.0129449838187702,0.0509385113268608,0,0.8,2.8
2012,REG,00-0025399,M.Lynch,Marshawn Lynch,RB,RB,"https://static.www.nfl.com/image/private/f_auto,q_auto/league/ddhpebfqtr9yxsnbx9ht",16,SEA,0,0,0,0,0,0,0,0,0,0,0,0,,0,,,315,1590,11,4,2,69,12.3745962683537,0,23,30,196,1,1,0,3,199,11,4.44070867443224,0,65.3333333333333,0.078740157480315,0.0008992805755395,0.11873973262335,0,246.6,269.6
2012,REG,00-0025409,,Brady Quinn,QB,QB,,10,KC,112,197,1141,2,8,21,123,1,0,1620,477,48,-76.6235484523336,0,0.704320987654321,0.0052683186503087,19,66,0,0,0,2,-3.290402272949,0,0,1,0,0,0,0,1,0,0,-1.57229286616519,0,0.0,0.0384615384615385,0.0032051282051282,0.0599358974358974,0,44.24,44.24
2012,REG,00-0025410,,Dwayne Bowe,WR,WR,"https://static.www.nfl.com/image/private/f_auto,q_auto/league/ihvktvkw198qeclu6mtk",13,KC,0,0,0,0,0,0,0,0,0,0,0,0,,0,,,0,0,0,0,0,0,,0,59,114,801,3,1,1,1433,237,43,10.2264702222489,0,0.558967201674808,0.287878787878788,0.422713864306785,0.727717886832931,0,96.1,155.1
2012,REG,00-0025414,,Robert Meachem,WR,WR,,9,LAC,0,0,0,0,0,0,0,0,0,0,0,0,,0,,,1,-6,0,0,0,0,-1.13620722061023,0,14,32,207,2,0,0,526,34,8,-0.492443681752775,0,0.393536121673004,0.100946372239748,0.202697495183044,0.293307804987752,0,32.1,46.1
2012,REG,00-0025418,G.Olsen,Greg Olsen,TE,TE,"https://static.www.nfl.com/image/private/f_auto,q_auto/league/jevf1bubmrv2vvmiwq3r",16,CAR,0,0,0,0,0,0,0,0,0,0,0,0,,0,,,0,0,0,0,0,0,,0,69,104,843,5,0,0,925,244,42,41.7189366391589,0,0.911351351351351,0.214432989690722,0.203341393712904,0.463988460135115,0,114.3,183.3
2012,REG,00-0025423,,Kevin Kolb,QB,QB,,6,ARI,109,183,1169,8,3,27,159,2,2,1446,478,62,-21.0655829184949,0,0.808437067773167,0.0023737758944414,16,100,1,0,0,7,4.13702564913547,0,0,0,0,0,0,0,0,0,0,,0,,,,,0,84.76,84.76
2012,REG,00-0025424,E.Weddle,Eric Weddle,FS,DB,"https://static.www.nfl.com/image/private/f_auto,q_auto/league/lkawujcrkiyelnzqnups",2,LAC,0,0,0,0,0,0,0,0,0,0,0,0,,0,,,2,10,0,0,0,2,4.54943016800098,0,0,0,0,0,0,0,0,0,0,,0,,,,,0,1.0,1.0
2012,REG,00-0025425,,Zach Miller,TE,TE,,16,SEA,0,0,0,0,0,0,0,0,0,0,0,0,,0,,,0,0,0,0,0,0,,0,38,53,396,3,1,1,390,128,18,15.7984794435105,0,1.01538461538462,0.13216957605985,0.0975243810952738,0.266521430856467,0,55.6,93.6
2012,REG,00-0025431,,Sidney Rice,WR,WR,,16,SEA,1,2,25,0,0,0,0,0,0,56,0,1,1.3941912073642,0,0.446428571428571,,2,6,0,0,0,0,-0.6468272106722,0,50,82,748,7,0,0,1104,143,37,40.7317818238419,0,0.677536231884058,0.204488778054863,0.276069017254314,0.499981479160314,0,118.4,168.4
2012,REG,00-0025438,,Steve Smith,WR,WR,,9,LA,0,0,0,0,0,0,0,0,0,0,0,0,,0,,,0,0,0,0,0,0,,0,14,25,131,0,0,0,191,39,7,-6.92986750381207,0,0.68586387434555,0.0801282051282051,0.0770471964501815,0.174125345207435,0,13.1,27.1
2012,REG,00-0025439,,Brian Leonard,RB,RB,,12,CIN,0,0,0,0,0,0,0,0,0,0,0,0,,0,,,33,106,0,0,0,7,-5.99399145174539,0,11,15,67,0,0,0,-5,78,2,-0.133222327451222,0,-13.4,0.0495049504950495,-0.0019809825673534,0.0728707379454269,0,17.3,28.3
2012,REG,00-0025450,,Brandon Jackson,RB,RB,,2,CLE,0,0,0,0,0,0,0,0,0,0,0,0,,0,,,8,54,0,0,0,2,1.73650044371607,0,2,4,20,0,0,0,-11,27,2,-0.0421290833619423,0,-1.81818181818182,0.114285714285714,-0.0380622837370242,0.144784972812654,0,7.4,9.4
2012,REG,00-0025460,,Jacoby Jones,WR,WR,"https://static.www.nfl.com/image/private/f_auto,q_auto/league/yhjtycrpq7jtfarxkhcx",16,BAL,0,0,0,0,0,0,0,0,0,0,0,0,,0,,,1,6,0,0,0,0,0.41759122419171,0,30,55,406,1,0,0,786,83,16,15.373729582591,0,0.516539440203562,0.0989208633093525,0.143745427944404,0.249003094525111,3,65.2,95.2
2012,REG,00-0025462,,Laurent Robinson,WR,WR,,7,JAX,0,0,0,0,0,0,0,0,0,0,0,0,,0,,,0,0,0,0,0,0,,0,24,43,252,0,1,1,479,54,8,-2.11712328944122,0,0.526096033402923,0.184549356223176,0.247801345059493,0.450284975876409,0,23.2,47.2
2012,REG,00-0025463,,Jason Hill,WR,WR,,2,NYJ,0,0,0,0,0,0,0,0,0,0,0,0,,0,,,0,0,0,0,0,0,,0,2,3,15,1,0,0,46,1,2,1.34790352359414,0,0.326086956521739,0.0588235294117647,0.0972515856236786,0.156311404054222,0,7.5,9.5
2012,REG,00-0025464,,Matt Spaeth,TE,TE,"https://static.www.nfl.com/image/private/f_auto,q_auto/league/wywcnns8be7rzlrwnjwh",6,CHI,0,0,0,0,0,0,0,0,0,0,0,0,,0,,,0,0,0,0,0,0,,0,6,10,28,1,0,0,37,14,2,-0.0897983363829553,0,0.756756756756757,0.054945054945055,0.0246502331778814,0.0996727456420994,0,8.8,14.8
2012,REG,00-0025465,,James Jones,WR,WR,,15,GB,0,0,0,0,0,0,0,0,0,0,0,0,,0,,,0,0,0,0,0,0,,0,64,98,784,14,0,0,1068,230,45,48.1422213181386,0,0.734082397003745,0.188824662813102,0.249183387774148,0.457665365661557,0,162.4,226.4
2012,REG,00-0025479,,Trent Edwards,QB,QB,,1,PHI,2,2,14,0,0,0,0,0,0,6,8,0,0.014045633841306,0,2.33333333333333,,0,0,0,0,0,0,,0,0,0,0,0,0,0,0,0,0,,0,,,,,0,0.56,0.56
2012,REG,00-0025487,,Michael Bush,RB,RB,,13,CHI,0,0,0,0,0,0,0,0,0,0,0,0,,0,,,114,411,5,1,1,28,-10.5863419615693,0,9,11,83,0,0,0,-6,84,6,5.58916027017708,0,-13.8333333333333,0.0476190476190476,-0.003076923076923,0.0692747252747253,0,77.4,86.4
2012,REG,00-0025488,,Adam Podlesh,P,SPEC,,1,CHI,0,0,0,0,0,0,0,0,0,0,0,0,,0,,,0,0,0,0,0,0,,1,0,0,0,0,0,0,0,0,0,,0,,,,,0,2.0,2.0
2012,REG,00-0025490,,Isaiah Stanback,TE,TE,,1,JAX,0,0,0,0,0,0,0,0,0,0,0,0,,0,,,0,0,0,0,0,0,,0,1,1,6,0,0,0,5,1,0,-0.30398940644227,0,1.2,0.0204081632653061,0.0119617224880383,0.038985450639586,0,0.6,1.6
2012,REG,00-0025513,,Dashon Goldson,DB,DB,"https://static.www.nfl.com/image/private/f_auto,q_auto/league/wkw6tgmp3xngaiqhe44h",1,SF,0,0,0,0,0,0,0,0,0,0,0,0,,0,,,1,31,0,0,0,1,4.9371770855505,0,0,0,0,0,0,0,0,0,0,,0,,,,,0,3.1,3.1
2012,REG,00-0025516,,Scott Chandler,TE,TE,"https://static.www.nfl.com/image/private/f_auto,q_auto/league/zktr2miqzub2buwa19x7",15,BUF,0,0,0,0,0,0,0,0,0,0,0,0,,0,,,0,0,0,0,0,0,,0,43,74,571,6,2,1,682,191,36,13.3719140814782,0,0.837243401759531,0.153209109730849,0.183136412459721,0.358009153318078,0,91.1,134.1
2012,REG,00-0025524,,Le'Ron McClain,FB,RB,,9,LAC,0,0,0,0,0,0,0,0,0,0,0,0,,0,,,14,42,0,0,0,2,-4.22965363319963,0,8,10,29,0,0,0,3,36,2,-1.97567130613606,0,9.66666666666667,0.0613496932515337,0.0024896265560166,0.0937672784665122,0,7.1,15.1
2012,REG,00-0025529,,Steve Breaston,WR,WR,,7,KC,0,0,0,0,0,0,0,0,0,0,0,0,,0,,,0,0,0,0,0,0,,0,7,15,74,0,0,0,169,6,5,-5.3538903510198,0,0.437869822485207,0.0607287449392713,0.0827214880078316,0.148998159014389,0,7.4,14.4
2012,REG,00-0025540,,Kevin Boss,TE,TE,,2,KC,0,0,0,0,0,0,0,0,0,0,0,0,,0,,,0,0,0,0,0,0,,0,3,3,65,1,0,0,60,5,3,7.05313576839399,0,1.08333333333333,0.0405405405405405,0.0823045267489712,0.118423979535091,0,12.5,15.5
2012,REG,00-0025542,,Dante Rosario,TE,TE,,10,LAC,0,0,0,0,0,0,0,0,0,0,0,0,,0,,,0,0,0,0,0,0,,0,10,18,95,3,1,1,163,37,6,-3.32522365165642,0,0.582822085889571,0.0534124629080119,0.0620715917745621,0.123568808604211,0,25.5,35.5
2012,REG,00-0025549,B.Celek,Brent Celek,TE,TE,"https://static.www.nfl.com/image/private/f_auto,q_auto/league/mit6ahic4gkdhy1hkejt",15,PHI,0,0,0,0,0,0,0,0,0,0,0,0,,0,,,0,0,0,0,0,0,,0,57,88,684,1,1,1,659,306,32,-2.95059883058574,0,1.03793626707132,0.155202821869489,0.135429510891903,0.327604890428565,0,72.4,129.4
2012,REG,00-0025559,,Legedu Naanee,WR,WR,,3,MIA,0,0,0,0,0,0,0,0,0,0,0,0,,0,,,0,0,0,0,0,0,,0,1,5,19,0,1,1,53,0,0,-21.0478850142099,0,0.358490566037736,0.0471698113207547,0.0622065727699531,0.114299317920099,0,-0.0999999999999999,0.9
2012,REG,00-0025568,,Reagan Maui'a,FB,RB,,1,ARI,0,0,0,0,0,0,0,0,0,0,0,0,,0,,,0,0,0,0,0,0,,0,1,1,7,0,0,0,2,5,0,-0.256030873279087,0,3.5,0.0285714285714286,0.0072202166064982,0.0479112944816916,0,0.7,1.7
2012,REG,00-0025569,,Adam Hayward,,,,1,TB,0,0,0,0,0,0,0,0,0,0,0,0,,0,,,0,0,0,0,0,0,,0,0,0,0,0,0,0,0,0,0,,0,,,,,1,6.0,6.0
2012,REG,00-0025604,,Tyler Thigpen,QB,QB,,2,BUF,3,5,30,0,0,0,0,0,0,30,9,2,-0.125295211561024,0,1.0,-0.0254701524768128,1,-1,0,0,0,0,0.236065956763923,0,0,0,0,0,0,0,0,0,0,,0,,,,,0,1.1,1.1
2012,REG,00-0025612,,Brandon Fields,P,SPEC,"https://static.www.nfl.com/image/private/f_auto,q_auto/league/wanoipfufy1xfdlzg5ex",2,MIA,0,1,0,0,0,0,0,0,0,5,0,0,-2.10324921295978,0,0.0,,1,0,0,1,0,0,-3.26608165795915,0,0,0,0,0,0,0,0,0,0,,0,,,,,0,0.0,0.0
2012,REG,00-0025631,,Jason Snelling,FB,RB,,16,ATL,0,0,0,0,0,0,0,0,0,0,0,0,,0,,,18,63,0,0,0,3,-5.80396335644289,0,31,35,203,1,1,1,1,214,9,-2.69349288001695,0,203.0,0.0644567219152855,0.0002886836027713,0.0968871613948681,0,30.6,61.6
2012,REG,00-0025637,,Ahmad Bradshaw,RB,RB,"https://static.www.nfl.com/image/private/f_auto,q_auto/league/vlgcz2so2urjgowxz3tz",14,NYG,0,0,0,0,0,0,0,0,0,0,0,0,,0,,,221,1015,6,3,3,56,-0.783435658476691,0,23,31,245,0,0,0,-38,273,7,4.90356185018937,0,-6.44736842105263,0.0840108401084011,-0.0117175454825779,0.117813978324797,0,156.0,179.0
2012,REG,00-0025701,,Jackie Battle,RB,RB,,14,LAC,0,0,0,0,0,0,0,0,0,0,0,0,,0,,,95,311,3,0,0,19,-16.0789937786758,0,15,15,108,1,0,0,-3,111,7,8.31068760392373,0,-36.0,0.077319587628866,-0.0026478375992939,0.114125895123793,0,65.9,80.9
2012,REG,00-0025708,M.Moore,Matt Moore,QB,QB,"https://static.www.nfl.com/image/private/f_auto,q_auto/league/h04zarfikqlgerdftbgp",2,MIA,11,19,131,1,0,2,9,0,0,225,28,7,2.33741422890192,0,0.582222222222222,0.179627155161484,5,-3,0,0,0,0,-0.471315374132246,0,0,0,0,0,0,0,0,0,0,,0,,,,,0,8.94,8.94
2012,REG,00-0025860,,BenJarvus Green-Ellis,RB,RB,,15,CIN,0,0,0,0,0,0,0,0,0,0,0,0,,0,,,278,1094,6,3,2,54,-14.283391330505,0,22,29,104,0,0,0,25,90,4,-8.65776170027675,0,4.16,0.0606694560669456,0.0074294205052005,0.0962047784540588,0,151.8,173.8
2012,REG,00-0025951,,Darius Reynaud,WR,WR,,9,TEN,0,0,0,0,0,0,0,0,0,0,0,0,,0,,,16,33,0,0,0,1,-7.58649439725559,0,5,9,35,0,0,0,51,34,3,-0.824694169543642,0,0.686274509803922,0.0652173913043478,0.0422185430463576,0.127379067088972,3,24.8,29.8
2012,REG,00-0026000,,Davone Bess,WR,WR,,13,MIA,0,0,0,0,0,0,0,0,0,0,0,0,,0,,,0,0,0,0,0,0,,0,61,105,778,1,1,0,1057,249,38,13.5909516254615,0,0.7360454115421,0.255474452554745,0.293937708565072,0.588968074827668,0,83.8,144.8
2012,REG,00-0026008,,Matthew Mulligan,TE,TE,"https://static.www.nfl.com/image/private/f_auto,q_auto/league/okuwvdnxk6weqzz3tglf",8,LA,0,0,0,0,0,0,0,0,0,0,0,0,,0,,,0,0,0,0,0,0,,0,8,12,84,1,0,0,54,35,6,5.19510139158228,0,1.55555555555556,0.0459770114942529,0.0277207392197125,0.0883700346951781,0,14.4,22.4
2012,REG,00-0026019,D.Woodhead,Danny Woodhead,RB,RB,"https://static.www.nfl.com/image/private/f_auto,q_auto/league/gorlqe0etvc8ek5wob7j",15,NE,0,0,0,0,0,0,0,0,0,0,0,0,,0,,,76,301,4,0,0,19,4.25596011514426,0,40,55,446,3,1,0,165,371,22,22.1980581908251,0,2.7030303030303,0.096830985915493,0.0377229080932785,0.171652514538534,0,116.7,156.7
2012,REG,00-0026029,,Kregg Lumpkin,RB,RB,,2,NYG,0,0,0,0,0,0,0,0,0,0,0,0,,0,,,9,42,0,1,1,2,-4.20611193176592,0,0,2,0,0,0,0,-7,0,0,-4.40683042339515,0,0.0,0.0350877192982456,-0.0117647058823529,0.0443962848297214,0,2.2,2.2
2012,REG,00-0026033,,Mike Cox,FB,RB,,3,ATL,0,0,0,0,0,0,0,0,0,0,0,0,,0,,,0,0,0,0,0,0,,0,3,3,22,0,0,0,2,20,1,1.28576154331677,0,11.0,0.0288461538461538,0.0031897926634768,0.0455020856336646,0,2.2,5.2
2012,REG,00-0026035,D.Amendola,Danny Amendola,WR,WR,"https://static.www.nfl.com/image/private/f_auto,q_auto/league/etz06w7s0ardf49mnayz",11,LA,0,0,0,0,0,0,0,0,0,0,0,0,,0,,,2,8,0,0,0,0,-0.184927006717771,0,63,101,666,3,2,2,785,237,37,5.00009337314826,1,0.848407643312102,0.275956284153005,0.251925545571245,0.59028230812938,0,83.4,146.4
2012,REG,00-0026069,M.Tolbert,Mike Tolbert,FB,RB,"https://static.www.nfl.com/image/private/f_auto,q_auto/league/frwhwdhbcteyg7xjha7a",16,CAR,0,0,0,0,0,0,0,0,0,0,0,0,,0,,,54,183,7,0,0,24,8.34907717720489,0,27,39,268,0,0,0,26,276,13,8.96264328650432,0,10.3076923076923,0.0804123711340206,0.0060115606936416,0.12482664918658,0,87.1,114.1
2012,REG,00-0026072,,Jed Collins,FB,RB,,11,NO,0,0,0,0,0,0,0,0,0,0,0,0,,0,,,0,0,0,0,0,0,,0,14,16,70,2,1,1,16,55,5,-3.22468884929549,0,4.375,0.0365296803652968,0.0058672533920058,0.0589015979223493,0,17.0,31.0
2012,REG,00-0026123,,Evan Moore,TE,TE,,6,PHI,0,0,0,0,0,0,0,0,0,0,0,0,,0,,,0,0,0,0,0,0,,0,1,8,6,0,0,0,114,4,1,-1.92126393162585,0,0.0526315789473684,0.046242774566474,0.0705445544554455,0.118745349968523,0,0.6,1.6
2012,REG,00-0026143,M.Ryan,Matt Ryan,QB,QB,"https://static.www.nfl.com/image/private/f_auto,q_auto/league/s6zam4ekrrnonsck6vak",16,ATL,422,615,4719,32,14,28,210,2,1,5004,2061,246,141.755007167902,0,0.943045563549161,0.168204085147272,34,141,1,1,1,7,4.33985483062384,0,0,0,0,0,0,0,0,0,0,,0,,,,,0,304.86,304.86
2012,REG,00-0026144,D.McFadden,Darren McFadden,RB,RB,"https://static.www.nfl.com/image/private/f_auto,q_auto/league/bfvionxxsfckmjqtw4kv",12,LV,0,0,0,0,0,0,0,0,0,0,0,0,,0,,,216,707,2,1,1,33,-53.7798863139095,0,42,62,258,1,1,1,58,260,11,-14.9657946802784,0,4.44827586206897,0.136865342163355,0.0151951794603091,0.21593463886725,0,110.5,152.5
2012,REG,00-0026151,,Leodis McKelvin,CB,DB,"https://static.www.nfl.com/image/private/f_auto,q_auto/league/b8nkgdsecnksiw76siwq",2,BUF,0,0,0,0,0,0,0,0,0,0,0,0,,0,,,0,0,0,0,0,0,,0,0,0,0,0,0,0,0,0,0,,0,,,,,2,12.0,12.0
2012,REG,00-0026153,J.Stewart,Jonathan Stewart,RB,RB,"https://static.www.nfl.com/image/private/f_auto,q_auto/league/dzvxfj3xrgnzc3jbag2n",9,CAR,0,0,0,0,0,0,0,0,0,0,0,0,,0,,,93,336,1,1,0,14,-15.5363451556186,0,17,23,157,1,1,0,-33,179,5,5.28672478830189,0,-4.75757575757576,0.0877862595419847,-0.0141752577319588,0.121756708900606,0,61.3,78.3
2012,REG,00-0026158,J.Flacco,Joe Flacco,QB,QB,"https://static.www.nfl.com/image/upload/f_auto,q_auto/league/yxvyoeojkif7tnfviamc",16,BAL,317,531,3817,22,10,35,227,6,3,5341,1544,174,15.8206178834773,1,0.714660175997004,0.0759945914106658,32,22,3,3,1,11,-8.1510496687244,0,0,0,0,0,0,0,0,0,0,,0,,,,,0,234.88,234.88
2012,REG,00-0026162,,Felix Jones,RB,RB,,16,DAL,0,0,0,0,0,0,0,0,0,0,0,0,,0,,,111,402,3,1,1,23,-9.79614530471736,0,25,36,262,2,0,0,32,226,10,-0.633832684679615,0,8.1875,0.0759493670886076,0.0078624078624078,0.119427736136597,0,94.4,119.4
2012,REG,00-0026163,,Rashard Mendenhall,RB,RB,,6,PIT,0,0,0,0,0,0,0,0,0,0,0,0,,0,,,51,182,0,3,1,8,-11.8289629368228,0,9,11,62,1,0,0,-43,98,5,2.44461897946894,0,-1.44186046511628,0.0797101449275362,-0.0363482671174979,0.0941214304090558,0,28.4,37.4
2012,REG,00-0026164,C.Johnson,Chris Johnson,RB,RB,"https://static.www.nfl.com/image/private/f_auto,q_auto/league/ryf9nc84eovvdbf0cz79",16,TEN,0,0,0,0,0,0,0,0,0,0,0,0,,0,,,276,1243,6,3,3,45,-32.9740835421235,0,36,49,232,0,2,1,24,223,7,-10.4625924183056,0,9.66666666666667,0.0951456310679612,0.0053835800807537,0.146486952658469,0,175.5,211.5
2012,REG,00-0026170,,Dustin Keller,TE,TE,,8,NYJ,0,0,0,0,0,0,0,0,0,0,0,0,,0,,,0,0,0,0,0,0,,0,28,36,317,2,0,0,295,92,18,11.6353072264174,0,1.07457627118644,0.145748987854251,0.145535273803651,0.320498173443932,0,43.7,71.7
2012,REG,00-0026173,,Donnie Avery,WR,WR,,16,IND,0,0,0,0,0,0,0,0,0,0,0,0,,0,,,4,9,0,0,0,0,-1.08045640401542,0,60,126,781,3,1,0,1584,207,37,10.8596066907553,0,0.493055555555556,0.203883495145631,0.247693510555121,0.479210700107031,0,97.0,157.0
2012,REG,00-0026176,J.Nelson,Jordy Nelson,WR,WR,"https://static.www.nfl.com/image/private/f_auto,q_auto/league/bde2n4ozsakatgs4yyp2",12,GB,0,0,0,0,0,0,0,0,0,0,0,0,,0,,,0,0,0,0,0,0,,0,49,73,745,7,0,0,898,251,36,47.8810922406847,1,0.829621380846325,0.178048780487805,0.272286234081261,0.45767353458859,0,118.5,167.5
2012,REG,00-0026178,,John Carlson,TE,TE,,9,MIN,0,0,0,0,0,0,0,0,0,0,0,0,,0,,,0,0,0,0,0,0,,0,8,14,43,0,0,0,70,18,4,-4.19483129240936,0,0.614285714285714,0.0463576158940397,0.0459317585301837,0.101688654812188,0,4.3,12.3
2012,REG,00-0026182,,Eddie Royal,WR,WR,"https://static.www.nfl.com/image/private/f_auto,q_auto/league/xoejgvlit9inmaazsvk4",10,LAC,0,0,0,0,0,0,0,0,0,0,0,0,,0,,,3,22,0,0,0,2,1.63631548406556,0,23,44,234,1,0,0,325,90,15,-19.8471403034274,0,0.72,0.136645962732919,0.121268656716418,0.289857003800871,0,31.6,54.6
2012,REG,00-0026184,M.Forte,Matt Forte,RB,RB,"https://static.www.nfl.com/image/private/f_auto,q_auto/league/olqssssjykcx7tx7xsy3",15,CHI,0,0,0,0,0,0,0,0,0,0,0,0,,0,,,248,1094,5,2,1,45,-10.3459053583071,0,44,60,340,1,0,0,146,295,15,-10.0477768357941,0,2.32876712328767,0.132450331125828,0.03164968567093,0.220830276658393,0,177.4,221.4
2012,REG,00-0026186,,Jerome Simpson,WR,WR,,12,MIN,0,0,0,0,0,0,0,0,0,0,0,0,,0,,,0,0,0,0,0,0,,0,26,51,274,0,2,1,594,56,16,-5.48925376560978,0,0.461279461279461,0.154545454545455,0.244143033292232,0.402718305122744,0,25.4,51.4
2012,REG,00-0026188,,Fred Davis,TE,TE,,7,WAS,0,0,0,0,0,0,0,0,0,0,0,0,,0,,,1,1,0,0,0,0,-0.469767331611365,0,24,32,325,0,0,0,253,132,17,13.5565078585083,0,1.28458498023715,0.16580310880829,0.15607649599013,0.357958210405526,0,32.6,56.6
2012,REG,00-0026189,D.Jackson,DeSean Jackson,WR,WR,"https://static.www.nfl.com/image/private/f_auto,q_auto/league/pr5m864fqvnoozihylrh",11,PHI,0,0,0,0,0,0,0,0,0,0,0,0,,0,,,3,-7,0,0,0,0,-2.68462785845622,0,45,88,700,2,1,0,1323,228,30,15.6676773209838,0,0.529100529100529,0.218905472636816,0.377784123358081,0.592807095305881,0,81.3,126.3
2012,REG,00-0026195,,Ray Rice,RB,RB,,16,BAL,0,0,0,0,0,0,0,0,0,0,0,0,,0,,,257,1143,9,1,0,51,-0.95467807673069,0,61,83,478,1,0,0,44,472,22,0.244618664573107,0,10.8636363636364,0.158095238095238,0.0087336244541484,0.243256394260761,0,222.1,283.1
2012,REG,00-0026197,C.Henne,Chad Henne,QB,QB,"https://static.www.nfl.com/image/private/f_auto,q_auto/league/ornr9pcnzveqlntqc7jx",10,JAX,166,308,2084,11,11,28,169,1,1,2802,853,85,-44.9155637623734,0,0.743754461099215,-0.0009770082477466,19,64,1,2,1,5,-4.9706513617299,0,1,1,-6,0,0,0,-6,0,0,-1.11518403049558,0,0.0,0.0238095238095238,-0.0128205128205128,0.0267399267399267,0,113.16,114.16
2012,REG,00-0026201,M.Bennett,Martellus Bennett,TE,TE,"https://static.www.nfl.com/image/private/f_auto,q_auto/league/repls3tq1d4jnvwmaqia",16,NYG,0,0,0,0,0,0,0,0,0,0,0,0,,0,,,0,0,0,0,0,0,,0,55,90,626,5,0,0,887,198,35,12.7248121309871,0,0.705749718151071,0.168224299065421,0.174503246114499,0.37448872087828,0,92.6,147.6
2012,REG,00-0026204,,Kevin Smith,RB,RB,,9,DET,0,0,0,0,0,0,0,0,0,0,0,0,,0,,,37,134,1,0,0,4,-2.14378110604594,0,10,16,79,1,0,0,-9,100,6,1.65221354139293,0,-8.77777777777778,0.0432432432432432,-0.0029920212765957,0.0627704499712479,0,33.3,43.3
2012,REG,00-0026209,,Jacob Hester,RB,RB,,3,DEN,0,0,0,0,0,0,0,0,0,0,0,0,,0,,,17,81,2,0,0,5,-0.0066413169843144,0,1,1,7,0,0,0,3,4,1,2.03533154953038,0,2.33333333333333,0.03125,0.0120481927710843,0.055308734939759,0,20.8,21.8
2012,REG,00-0026210,,Earl Bennett,WR,WR,,12,CHI,0,0,0,0,0,0,0,0,0,0,0,0,,0,,,0,0,0,0,0,0,,0,29,49,375,2,0,0,405,187,20,7.42761475600678,0,0.925925925925926,0.140804597701149,0.120967741935484,0.295884315906563,0,49.5,78.5
2012,REG,00-0026213,J.Charles,Jamaal Charles,RB,RB,"https://static.www.nfl.com/image/private/f_auto,q_auto/league/mdrlzgankwwjldxllgcx",16,KC,0,0,0,0,0,0,0,0,0,0,0,0,,0,,,285,1509,5,5,3,62,-3.19954691468049,0,35,48,236,1,0,0,-33,255,11,-7.02731944824336,0,-7.15151515151515,0.12565445026178,-0.0107632093933464,0.180947428817328,0,204.5,239.5
2012,REG,00-0026221,,Early Doucet,WR,WR,,12,ARI,0,0,0,0,0,0,0,0,0,0,0,0,,0,,,2,9,0,0,0,0,-0.182576991152018,0,28,53,207,0,0,0,291,81,11,-12.7919539945045,0,0.711340206185567,0.11804008908686,0.0810810810810811,0.233816890387046,0,21.6,49.6
2012,REG,00-0026224,H.Douglas,Harry Douglas,WR,WR,"https://static.www.nfl.com/image/private/f_auto,q_auto/league/hblmz1iaov5vqx7cd9cv",15,ATL,0,0,0,0,0,0,0,0,0,0,0,0,,0,,,2,4,0,0,0,1,-1.09513518414997,0,38,59,395,1,1,0,519,152,17,-1.87609852101869,0,0.761078998073218,0.101374570446735,0.113541894552614,0.231541181856933,0,45.9,83.9
2012,REG,00-0026225,,Craig Stevens,TE,TE,,14,TEN,0,0,0,0,0,0,0,0,0,0,0,0,,0,,,0,0,0,0,0,0,,0,23,33,275,1,2,0,274,129,14,17.9950199270552,0,1.0036496350365,0.0691823899371069,0.0654719235364397,0.149603931381168,0,33.5,56.5
2012,REG,00-0026231,,Jermichael Finley,TE,TE,,16,GB,0,0,0,0,0,0,0,0,0,0,0,0,,0,,,0,0,0,0,0,0,,0,61,87,667,2,1,1,720,290,31,19.0219532909163,0,0.926388888888889,0.159926470588235,0.162198693399414,0.353428791261943,0,76.7,137.7
2012,REG,00-0026235,,Mario Manningham,WR,WR,,12,SF,0,0,0,0,0,0,0,0,0,0,0,0,,0,,,3,64,0,0,0,2,5.45739800436422,0,42,57,449,1,2,1,543,173,21,7.71784529592087,0,0.826887661141805,0.172205438066465,0.197886297376093,0.396828565262963,0,55.3,97.3
2012,REG,00-0026237,,Andre Caldwell,WR,WR,,3,DEN,0,0,0,0,0,0,0,0,0,0,0,0,,0,,,1,14,0,0,0,1,1.23641921079252,0,1,4,18,0,0,0,47,2,1,-1.51184134033974,0,0.382978723404255,0.0377358490566038,0.061038961038961,0.0993310463121784,0,3.2,4.2
2012,REG,00-0026262,,Tashard Choice,RB,RB,,8,BUF,0,0,0,0,0,0,0,0,0,0,0,0,,0,,,47,193,1,0,0,9,-0.699482761556283,0,4,9,9,0,0,0,-11,23,0,-6.62398268881952,0,-0.818181818181818,0.075,-0.0128354725787631,0.103515169194866,0,26.2,30.2
2012,REG,00-0026266,,Lavelle Hawkins,WR,WR,,6,TEN,0,0,0,0,0,0,0,0,0,0,0,0,,0,,,0,0,0,0,0,0,,0,5,11,62,0,0,0,106,7,2,-1.54344119445886,0,0.584905660377359,0.0666666666666667,0.0696909927679159,0.148783694937541,0,6.2,11.2
2012,REG,00-0026267,,Jacob Tamme,TE,TE,"https://static.www.nfl.com/image/private/f_auto,q_auto/league/kfyqh9qmtwufzixwuoo2",15,DEN,0,0,0,0,0,0,0,0,0,0,0,0,,0,,,0,0,0,0,0,0,,0,52,84,555,2,0,0,701,198,29,8.14704338496658,0,0.791726105563481,0.151079136690647,0.15584704313028,0.335711635227167,0,67.5,119.5
2012,REG,00-0026281,,Gary Barnidge,TE,TE,"https://static.www.nfl.com/image/private/f_auto,q_auto/league/qhfzxti66ga02dok4etx",6,CAR,0,0,0,0,0,0,0,0,0,0,0,0,,0,,,0,0,0,0,0,0,,0,6,6,78,1,0,0,35,43,3,6.53648709651316,0,2.22857142857143,0.03125,0.0208209399167162,0.0614496579417014,0,13.8,19.8
2012,REG,00-0026286,,Jerome Felton,FB,RB,"https://static.www.nfl.com/image/private/f_auto,q_auto/league/mkg1584egfz8psc6gca7",4,MIN,0,0,0,0,0,0,0,0,0,0,0,0,,0,,,0,0,0,0,0,0,,0,3,4,35,0,0,0,12,25,2,2.48385373177007,0,2.91666666666667,0.0373831775700935,0.0191693290734824,0.0694932967065779,0,3.5,6.5
2012,REG,00-0026298,,Kellen Davis,TE,TE,"https://static.www.nfl.com/image/private/f_auto,q_auto/league/bftuje5hq6fnlmpc0uhy",14,CHI,0,0,0,0,0,0,0,0,0,0,0,0,,0,,,0,0,0,0,0,0,,0,19,44,229,2,1,1,515,70,11,-1.77133276336826,0,0.444660194174757,0.100686498855835,0.116226585420898,0.232388358078382,0,32.9,51.9
2012,REG,00-0026300,J.Johnson,Josh Johnson,QB,QB,"https://static.www.nfl.com/image/upload/f_auto,q_auto/league/gbaye18gptzb1jpyswv8",1,CLE,0,0,0,0,0,1,8,1,1,0,0,0,-2.27315173501847,0,,,0,0,0,0,0,0,,0,0,0,0,0,0,0,0,0,0,,0,,,,,0,-2.0,-2.0
2012,REG,00-0026303,,Owen Schmitt,FB,RB,,2,LV,0,0,0,0,0,0,0,0,0,0,0,0,,0,,,2,1,0,0,0,1,-2.0444160006009,0,0,0,0,0,0,0,0,0,0,,0,,,,,0,0.1,0.1
2012,REG,00-0026314,,Josh Morgan,WR,WR,,16,WAS,0,1,0,0,0,0,0,0,0,32,0,0,-1.41710216761567,0,0.0,,3,25,0,0,0,1,1.4358749872772,0,48,73,510,2,1,0,581,234,29,12.7047642288992,0,0.877796901893287,0.168202764976959,0.153096179183136,0.359471472893633,0,65.5,113.5
2012,REG,00-0026316,,Jalen Parmele,RB,RB,,7,JAX,0,0,0,0,0,0,0,0,0,0,0,0,,0,,,40,143,0,0,0,8,-3.40011944831349,0,7,9,60,0,0,0,10,54,2,1.46225469862111,0,6.0,0.0401785714285714,0.0051387461459403,0.0638649794450154,0,20.3,27.3
2012,REG,00-0026344,,Lex Hilliard,FB,RB,,8,NYJ,0,0,0,0,0,0,0,0,0,0,0,0,,0,,,9,33,0,0,0,5,2.59780129435239,0,4,9,23,0,0,0,33,18,2,-0.82844844693318,0,0.696969696969697,0.0409090909090909,0.0188571428571429,0.0745636363636364,0,5.6,9.6
2012,REG,00-0026345,P.Garcon,Pierre Garcon,WR,WR,"https://static.www.nfl.com/image/private/f_auto,q_auto/league/xwjogot7xrfj9qwhsgtn",10,WAS,0,0,0,0,0,0,0,0,0,0,0,0,,0,,,2,9,0,0,0,0,-0.0390133865876123,0,44,67,633,4,0,0,622,309,26,22.1133290426211,0,1.01768488745981,0.266932270916335,0.280939476061427,0.597056039617501,0,88.2,132.2
2012,REG,00-0026346,,Haruki Nakamura,FS,DB,,1,CAR,0,0,0,0,0,0,0,0,0,0,0,0,,0,,,1,-4,0,0,0,0,-2.96279790182598,0,0,0,0,0,0,0,0,0,0,,0,,,,,0,-0.4,-0.4
2012,REG,00-0026349,,Matt Flynn,QB,QB,"https://static.www.nfl.com/image/private/f_auto,q_auto/league/goh8anyqhyvmkfmfbejp",2,SEA,5,9,68,0,0,0,0,0,0,82,41,2,3.65400547611226,0,0.829268292682927,0.164398482483724,4,-5,0,0,0,0,-2.06893699977081,0,0,0,0,0,0,0,0,0,0,,0,,,,,0,2.22,2.22
2012,REG,00-0026364,,Steve Johnson,WR,WR,"https://static.www.nfl.com/image/private/f_auto,q_auto/league/vlyzq1v53slatimy6v5q",16,BUF,0,0,0,0,0,0,0,0,0,0,0,0,,0,,,0,0,0,0,0,0,,0,79,148,1046,6,1,1,1533,365,52,19.3930388013881,0,0.68232224396608,0.290766208251474,0.38595166163142,0.706315475519204,0,138.6,217.6
2012,REG,00-0026366,,Chaz Schilens,WR,WR,,12,NYJ,0,0,0,0,0,0,0,0,0,0,0,0,,0,,,0,0,0,0,0,0,,0,28,41,289,2,1,1,420,49,16,5.06317641131528,0,0.688095238095238,0.110215053763441,0.129789864029666,0.256175485465928,0,38.9,66.9
2012,REG,00-0026367,,Peyton Hillis,RB,RB,,13,KC,0,1,0,0,0,0,0,0,0,1,0,0,-1.57229286616519,0,0.0,,85,309,1,2,2,19,-10.9071877770845,0,10,14,62,0,0,0,-13,74,2,-3.89553654131071,0,-4.76923076923077,0.0463576158940397,-0.0049675200611387,0.0660591597982625,0,39.1,49.1
2012,REG,00-0026373,,Justin Forsett,RB,RB,"https://static.www.nfl.com/image/private/f_auto,q_auto/league/o86dvbcs8dcubcpj6fnu",11,HOU,0,0,0,0,0,0,0,0,0,0,0,0,,0,,,63,374,1,0,0,14,3.9921266171732,0,3,5,38,0,0,0,-12,43,2,1.07595720107201,0,-3.16666666666667,0.0282485875706215,-0.0084151472650771,0.0364822782703782,0,47.2,50.2
2012,REG,00-0026393,M.Reece,Marcel Reece,FB,RB,"https://static.www.nfl.com/image/private/f_auto,q_auto/league/nqy3arwxgk4lwh3pfrr3",15,LV,0,0,0,0,0,0,0,0,0,0,0,0,,0,,,59,271,0,1,0,16,-3.90954067258281,0,52,73,496,1,1,0,345,325,21,15.4284216363148,0,1.43768115942029,0.122278056951424,0.0718450645564348,0.23370863061664,0,82.7,134.7
2012,REG,00-0026432,,Lance Ball,RB,RB,,10,DEN,0,0,0,0,0,0,0,0,0,0,0,0,,0,,,42,158,1,0,0,10,-8.68890024785947,0,7,11,61,1,1,1,58,34,4,-3.57810254949185,0,1.05172413793103,0.0544554455445545,0.0357583230579531,0.106713994457399,0,31.9,38.9
2012,REG,00-0026465,,Anthony Armstrong,WR,WR,,2,MIA,0,0,0,0,0,0,0,0,0,0,0,0,,0,,,0,0,0,0,0,0,,0,3,9,12,0,0,0,107,3,0,-4.80684935644968,0,0.11214953271028,0.125,0.190391459074733,0.320774021352313,0,1.2,4.2
2012,REG,00-0026491,,Stefan Logan,WR,WR,,5,DET,0,0,0,0,0,0,0,0,0,0,0,0,,0,,,3,17,0,0,0,1,0.137251364765689,0,6,7,28,0,0,0,6,26,2,1.12787868216401,0,4.66666666666667,0.0283400809716599,0.0029498525073746,0.0445750182126521,0,4.5,10.5
2012,REG,00-0026498,M.Stafford,Matthew Stafford,QB,QB,"https://static.www.nfl.com/image/upload/f_auto,q_auto/league/xdlnnbapdbk8trxqlasu",16,DET,435,727,4967,20,17,29,212,3,3,6317,2048,264,32.4417225808413,1,0.786290960899161,0.0691876707731083,35,126,4,3,1,11,4.27737795241265,0,1,1,3,0,0,0,1,2,0,-0.397000275785103,0,3.0,0.0212765957446809,0.0026178010471204,0.0337473543500056,0,275.58,276.58
2012,REG,00-0026544,C.Daniel,Chase Daniel,QB,QB,"https://static.www.nfl.com/image/private/f_auto,q_auto/league/jt8fvgeyuhsbpo9m9t4x",1,NO,1,1,10,0,0,0,0,0,0,5,5,1,1.46743227157276,0,2.0,,3,17,0,0,0,1,-1.87804101436632,0,0,0,0,0,0,0,0,0,0,,0,,,,,0,2.1,2.1
2012,REG,00-0026557,,Will Ta'ufo'ou,FB,RB,,1,JAX,0,0,0,0,0,0,0,0,0,0,0,0,,0,,,0,0,0,0,0,0,,0,1,1,5,0,0,0,1,4,0,0.0239017209969461,0,5.0,0.0384615384615385,0.0037037037037037,0.0602849002849003,0,0.5,1.5
2012,REG,00-0026566,,Isaac Redman,RB,RB,,14,PIT,0,0,0,0,0,0,0,0,0,0,0,0,,0,,,110,410,2,2,2,27,-15.3563742865598,0,19,23,244,0,1,1,51,199,10,8.52251325007312,0,4.7843137254902,0.0552884615384615,0.0134458212496704,0.0923447671824616,0,71.4,90.4
2012,REG,00-0026577,,Marcus Thigpen,WR,WR,"https://static.www.nfl.com/image/private/f_auto,q_auto/league/yjyhu6hejsynzkfiayqm",4,MIA,0,0,0,0,0,0,0,0,0,0,0,0,,0,,,1,8,0,0,0,1,0.850629502325319,0,1,2,15,0,0,0,33,3,1,1.54682607576251,0,0.454545454545455,0.0689655172413793,0.147321428571429,0.206573275862069,2,14.3,15.3
2012,REG,00-0026579,,Kahlil Bell,RB,RB,,5,CHI,0,0,0,0,0,0,0,0,0,0,0,0,,0,,,29,76,0,0,0,4,-10.9810784179325,0,2,2,13,0,1,1,-4,17,1,-2.86345352884382,0,-3.25,0.0350877192982456,-0.0082644628099173,0.0468464549804263,0,6.9,8.9
2012,REG,00-0026625,B.Hoyer,Brian Hoyer,QB,QB,"https://static.www.nfl.com/image/private/f_auto,q_auto/league/japt3mj2xctm7saqndxn",2,ARI,30,53,330,1,2,4,30,1,0,479,92,13,-11.088999664039,0,0.688935281837161,-0.0066970549460004,1,6,0,0,0,1,1.68443279480562,0,0,0,0,0,0,0,0,0,0,,0,,,,,0,13.8,13.8
2012,REG,00-0026658,,Zach Potter,TE,TE,,4,JAX,0,0,0,0,0,0,0,0,0,0,0,0,,0,,,0,0,0,0,0,0,,0,2,6,6,0,0,0,10,4,0,-2.90259796613827,0,0.6,0.046875,0.0090579710144927,0.0766530797101449,0,0.6,2.6
2012,REG,00-0026664,,Tim Masthay,P,SPEC,,2,GB,1,2,27,1,0,0,0,0,0,21,30,1,3.00512136984617,0,1.28571428571429,,0,0,0,0,0,0,,0,0,0,0,0,0,0,0,0,0,,0,,,,,0,5.08,5.08
2012,REG,00-0026712,,Brit Miller,FB,RB,,3,LA,0,0,0,0,0,0,0,0,0,0,0,0,,0,,,0,0,0,0,0,0,,0,0,3,0,0,0,0,-10,0,0,-2.46573007653933,0,0.0,0.0294117647058824,-0.0186567164179104,0.0310579455662862,0,0.0,0.0
2012,REG,00-0026723,,Chris Pressley,FB,RB,,2,CIN,0,0,0,0,0,0,0,0,0,0,0,0,,0,,,0,0,0,0,0,0,,0,1,3,1,1,0,0,3,0,1,0.262240082665812,0,0.333333333333333,0.046875,0.0053667262969588,0.0740692084078712,0,6.1,7.1
2012,REG,00-0026739,,Jordan Norwood,WR,WR,"https://static.www.nfl.com/image/private/f_auto,q_auto/league/kdrgruvmcbm12bfluhna",2,CLE,0,0,0,0,0,0,0,0,0,0,0,0,,0,,,1,1,0,0,0,0,-0.507794602541253,0,13,19,137,0,0,0,171,62,5,2.60523301508656,0,0.801169590643275,0.223529411764706,0.239831697054698,0.503176305585348,0,13.8,26.8
2012,REG,00-0026745,,Curtis Brinkley,RB,RB,,6,LAC,0,0,0,0,0,0,0,0,0,0,0,0,,0,,,39,115,0,1,0,8,-7.94038573082071,0,12,15,77,0,0,0,-18,103,3,-0.542576389969327,0,-4.27777777777778,0.102739726027397,-0.0202020202020202,0.139968174899682,0,19.2,31.2
2012,REG,00-0026753,,Charly Martin,WR,WR,,3,SEA,0,0,0,0,0,0,0,0,0,0,0,0,,0,,,0,0,0,0,0,0,,0,4,6,42,0,0,0,58,18,2,0.580587728036335,0,0.724137931034483,0.0666666666666667,0.0697954271961492,0.148856799037304,0,4.2,8.2
2012,REG,00-0026780,,Kevin Ogletree,WR,WR,,14,DAL,0,0,0,0,0,0,0,0,0,0,0,0,,0,,,2,9,0,0,0,0,-0.0334478837903589,0,32,55,436,4,0,0,706,84,19,3.98520331933742,0,0.617563739376771,0.097864768683274,0.139718978824461,0.244600438202034,0,68.5,100.5
2012,REG,00-0026796,,Arian Foster,RB,RB,,16,HOU,0,0,0,0,0,0,0,0,0,0,0,0,,0,,,351,1424,15,3,2,78,-19.7884553733793,0,40,58,217,2,0,0,-46,274,10,-13.1367857856564,0,-4.71739130434783,0.105646630236794,-0.0108978914949064,0.150841421308757,0,262.1,302.1
2012,REG,00-0026852,D.Young,Darrel Young,FB,RB,"https://static.www.nfl.com/image/private/f_auto,q_auto/league/znfzmkdrjpzxrhv8j0r7",10,WAS,0,0,0,0,0,0,0,0,0,0,0,0,,0,,,14,60,0,0,0,7,7.10846798436251,0,8,9,109,2,0,0,30,77,6,9.78136720260954,0,3.63333333333333,0.0412844036697248,0.0196979645436638,0.0757151806851518,0,28.9,36.9
2012,REG,00-0026855,,Antone Smith,RB,RB,"https://static.www.nfl.com/image/private/f_auto,q_auto/league/m45j6r43nwv5bsy0ooyo",1,ATL,0,0,0,0,0,0,0,0,0,0,0,0,,0,,,0,0,0,0,0,0,,0,0,1,0,0,0,0,-5,0,0,-0.725508330389857,0,0.0,0.0204081632653061,-0.0119331742243437,0.0222590229409186,0,0.0,0.0
2012,REG,00-0026878,,Tom Crabtree,TE,TE,,8,GB,0,0,0,0,0,0,0,0,0,0,0,0,,0,,,0,0,0,0,0,0,,0,8,12,203,3,0,0,64,145,6,18.4098274887074,0,3.171875,0.0454545454545455,0.0282685512367491,0.0879698040475426,0,38.3,46.3
2012,REG,00-0026898,M.Sanchez,Mark Sanchez,QB,QB,"https://static.www.nfl.com/image/private/f_auto,q_auto/league/e12qugcuc1cpgkf0crfn",15,NYJ,246,453,2883,13,18,34,209,9,6,4065,976,146,-63.8682887735039,0,0.709225092250923,-0.0077194902016245,22,28,0,5,2,3,-14.7513742475473,0,0,0,0,0,0,0,0,0,0,,0,,,,,0,118.12,118.12
2012,REG,00-0026899,,Shonn Greene,RB,RB,,16,NYJ,0,0,0,0,0,0,0,0,0,0,0,0,,0,,,276,1063,8,3,1,52,-5.20096624543977,0,19,31,151,0,1,0,11,132,3,-5.90512619033689,0,13.7272727272727,0.0824468085106383,0.0032295948326482,0.125930929148811,0,167.4,186.4
2012,REG,00-0026901,M.Wallace,Mike Wallace,WR,WR,"https://static.www.nfl.com/image/private/f_auto,q_auto/league/dy9z5wbsitf6l9psjq4y",15,PIT,0,0,0,0,0,0,0,0,0,0,0,0,,0,,,5,7,0,0,0,1,-2.74266047467245,0,64,119,836,8,2,1,1621,272,33,6.48995924618786,0,0.515731030228254,0.22037037037037,0.340188877229801,0.568687769616416,0,130.3,194.3
2012,REG,00-0026902,,Ramses Barden,WR,WR,,6,NYG,0,0,0,0,0,0,0,0,0,0,0,0,,0,,,0,0,0,0,0,0,,0,14,21,220,0,0,0,231,48,11,7.80537886539241,0,0.952380952380952,0.0886075949367089,0.108348968105066,0.208755670078609,0,22.0,36.0
2012,REG,00-0026929,A.Gardner,Andrew Gardner,OG,OL,"https://static.www.nfl.com/image/private/f_auto,q_auto/league/jxc1sogvif2f5h4venxc",1,HOU,0,0,0,0,0,0,0,0,0,0,0,0,,0,,,0,0,0,0,0,0,,0,0,1,0,0,0,0,1,0,0,-0.313958587008528,0,0.0,0.0277777777777778,0.0046296296296296,0.0449074074074074,0,0.0,0.0
2012,REG,00-0026931,,Bear Pascoe,TE,TE,,8,NYG,0,0,0,0,0,0,0,0,0,0,0,0,,0,,,0,0,0,0,0,0,,0,4,9,35,1,0,0,31,18,2,0.737495397916064,0,1.12903225806452,0.0307167235494881,0.0118683001531394,0.0543828954314296,0,9.5,13.5
2012,REG,00-0026932,C.Peerman,Cedric Peerman,RB,RB,"https://static.www.nfl.com/image/private/f_auto,q_auto/league/a2vztwdw7rtpl9q9hzds",10,CIN,0,0,0,0,0,0,0,0,0,0,0,0,,0,,,36,258,1,0,0,10,13.7120590578998,0,9,9,85,0,0,0,11,74,6,3.14592385897413,0,7.72727272727273,0.121621621621622,0.0181818181818182,0.195159705159705,0,40.3,49.3
2012,REG,00-0026937,,Brandon Gibson,WR,WR,"https://static.www.nfl.com/image/private/f_auto,q_auto/league/surhprm3dsmqjollulmn",15,LA,0,0,0,0,0,0,0,0,0,0,0,0,,0,,,0,0,0,0,0,0,,0,51,82,691,5,0,0,1017,112,43,37.0283968481305,0,0.67944936086529,0.161735700197239,0.236017637502901,0.407815896547889,0,99.1,150.1
2012,REG,00-0026941,,Bernard Scott,RB,RB,,2,CIN,0,0,0,0,0,0,0,0,0,0,0,0,,0,,,8,35,0,0,0,2,-0.242522669956088,0,0,0,0,0,0,0,0,0,0,,0,,,,,0,3.5,3.5
2012,REG,00-0026953,,Sammie Stroughter,WR,WR,,1,TB,0,0,0,0,0,0,0,0,0,0,0,0,,0,,,0,0,0,0,0,0,,0,1,2,14,0,0,0,24,2,1,-1.43835633632261,0,0.583333333333333,0.0714285714285714,0.0615384615384615,0.15021978021978,0,1.4,2.4
2012,REG,00-0026956,,LaRod Stephens-Howling,RB,RB,,14,ARI,0,0,0,0,0,0,0,0,0,0,0,0,,0,,,110,356,4,0,0,15,-25.9868580907759,0,17,30,106,0,0,0,-30,134,5,-19.9326459232597,0,-3.53333333333333,0.066815144766147,-0.008481764206955,0.094285482204352,0,70.2,87.2
2012,REG,00-0026961,,Lance Louis,G,OL,"https://static.www.nfl.com/image/private/f_auto,q_auto/league/b6ny11uwdutxf9lutjga",1,CHI,0,0,0,0,0,0,0,0,0,0,0,0,,0,,,0,0,0,0,0,0,,0,1,1,4,0,0,0,-1,5,0,-0.366974911186844,0,0.0,0.0384615384615385,-0.0052910052910052,0.053988603988604,0,0.4,1.4
2012,REG,00-0026983,D.Heyward-Bey,Darrius Heyward-Bey,WR,WR,"https://static.www.nfl.com/image/private/f_auto,q_auto/league/d5otkkbb0z2rdd2bjatd",15,LV,0,0,0,0,0,0,0,0,0,0,0,0,,0,,,2,16,0,0,0,1,1.57325218245387,0,41,80,606,5,0,0,1017,231,25,7.2797325454871,0,0.595870206489676,0.135593220338983,0.207254941919707,0.348468289852269,0,92.2,133.2
2012,REG,00-0026986,M.Crabtree,Michael Crabtree,WR,WR,"https://static.www.nfl.com/image/private/f_auto,q_auto/league/kcavcmeyaion38ewxwyk",16,SF,0,0,0,0,0,0,0,0,0,0,0,0,,0,,,1,8,0,0,0,0,-0.414972457103431,0,85,126,1105,9,0,0,953,544,57,65.7457016579045,0,1.1594963273872,0.292343387470998,0.253794940079893,0.616171539262422,0,165.3,250.3
2012,REG,00-0026988,,Knowshon Moreno,RB,RB,,8,DEN,0,0,0,0,0,0,0,0,0,0,0,0,,0,,,138,525,4,1,1,32,-5.17089633711405,0,21,26,167,0,0,0,58,126,11,4.98354582180036,0,2.87931034482759,0.103585657370518,0.0257777777777778,0.173422930500221,0,91.2,112.2
2012,REG,00-0026993,,Josh Freeman,QB,QB,"https://static.www.nfl.com/image/private/f_auto,q_auto/league/cwcasm6m73fx1mjpjk3n",16,TB,306,558,4065,27,17,26,161,8,1,5579,1642,185,25.4850315314699,1,0.728625201649041,0.0459039847849346,39,139,0,2,1,16,-1.21557842779845,0,0,0,0,0,0,0,0,0,0,,0,,,,,0,248.5,248.5
2012,REG,00-0026995,J.Maclin,Jeremy Maclin,WR,WR,"https://static.www.nfl.com/image/private/f_auto,q_auto/league/tvlsuugnbn0idb0tbtgw",15,PHI,0,0,0,0,0,0,0,0,0,0,0,0,,0,,,0,0,0,0,0,0,,0,69,122,857,7,1,1,1313,269,36,14.4781166244367,0,0.652703731911653,0.2174688057041,0.273712737127371,0.51780212454531,0,125.7,194.7
2012,REG,00-0026996,,Brandon Pettigrew,TE,TE,,13,DET,0,0,0,0,0,0,0,0,0,0,0,0,,0,,,0,0,0,0,0,0,,0,59,102,567,3,4,2,643,235,33,-7.67944183859127,0,0.881804043545879,0.174657534246575,0.125170332879112,0.349605534385242,0,70.7,129.7
2012,REG,00-0026998,,Percy Harvin,WR,WR,"https://static.www.nfl.com/image/private/f_auto,q_auto/league/ly7xvqfvoehf5jqrzzcq",9,MIN,0,0,0,0,0,0,0,0,0,0,0,0,,0,,,22,96,1,2,1,6,-1.98247303179232,0,62,85,677,3,0,0,367,537,36,33.2390959348059,0,1.84468664850136,0.301418439716312,0.207461842849067,0.597350949568815,1,105.3,167.3
2012,REG,00-0027003,,Donald Brown,RB,RB,,10,IND,0,0,0,0,0,0,0,0,0,0,0,0,,0,,,108,417,1,0,0,20,-11.3957726209284,1,9,13,93,0,0,0,-11,99,2,-0.646328481554519,0,-8.45454545454546,0.032994923857868,-0.0029208709506107,0.0474477761213745,0,59.0,68.0
2012,REG,00-0027005,,Hakeem Nicks,WR,WR,"https://static.www.nfl.com/image/private/f_auto,q_auto/league/nbgeeeuhd0n4zrctfxce",12,NYG,0,0,0,0,0,0,0,0,0,0,0,0,,0,,,0,0,0,0,0,0,,0,53,100,692,3,0,0,1202,195,35,4.60273721084361,0,0.575707154742097,0.251256281407035,0.315237345921846,0.597550564255845,0,87.2,140.2
2012,REG,00-0027006,K.Britt,Kenny Britt,WR,WR,"https://static.www.nfl.com/image/private/f_auto,q_auto/league/joozpvuyykyxjogcg3r5",14,TEN,0,0,0,0,0,0,0,0,0,0,0,0,,0,,,0,0,0,0,0,0,,0,45,90,589,4,2,1,1133,131,24,1.29483984103194,1,0.519858781994704,0.192307692307692,0.263795110593714,0.473118115877138,0,82.9,127.9
2012,REG,00-0027007,,Beanie Wells,RB,RB,,8,ARI,0,0,0,0,0,0,0,0,0,0,0,0,,0,,,88,234,5,1,1,11,-27.6396239136811,0,1,1,24,0,0,0,5,19,1,1.64961260836571,0,4.8,0.0384615384615385,0.0326797385620915,0.0805681246857717,0,53.8,54.8
2012,REG,00-0027012,,Brian Robiskie,WR,WR,,3,DET,0,0,0,0,0,0,0,0,0,0,0,0,,0,,,0,0,0,0,0,0,,0,4,6,44,1,0,0,61,8,3,2.60869754111627,0,0.721311475409836,0.0422535211267606,0.0554041780199818,0.102163206304128,0,10.4,14.4
2012,REG,00-0027026,,Mohamed Massaquoi,WR,WR,,9,CLE,0,0,0,0,0,0,0,0,0,0,0,0,,0,,,0,0,0,0,0,0,,0,17,33,254,0,0,0,400,103,11,2.12383735439719,0,0.635,0.105769230769231,0.188768286927796,0.290791647003303,0,25.4,42.4
2012,REG,00-0027029,L.McCoy,LeSean McCoy,RB,RB,"https://static.www.nfl.com/image/private/f_auto,q_auto/league/cpc1a2dgivdyevuncz7p",12,PHI,0,0,0,0,0,0,0,0,0,0,0,0,,0,,,200,840,2,4,3,45,-16.2663526103351,0,54,67,373,3,0,0,-100,478,19,10.4812009148591,0,-3.73,0.144086021505376,-0.0251572327044025,0.198518969364983,0,145.3,199.3
2012,REG,00-0027036,W.Beatty,Will Beatty,T,OL,"https://static.www.nfl.com/image/private/f_auto,q_auto/league/nfdsdnlhffir7knww7vo",1,NYG,0,0,0,0,0,0,0,0,0,0,0,0,,0,,,0,0,0,0,0,0,,0,0,1,0,0,0,0,2,0,0,-0.393800190475304,0,0.0,0.0196078431372549,0.0038167938931297,0.0320835204310732,0,0.0,0.0
2012,REG,00-0027057,B.Tate,Brandon Tate,WR,WR,"https://static.www.nfl.com/image/private/f_auto,q_auto/league/uzpf58ijo44jfqakwv83",12,CIN,0,0,0,0,0,0,0,0,0,0,0,0,,0,,,1,0,0,0,0,0,-0.949114679242484,0,13,25,211,1,0,0,309,64,6,-7.90135353969148,0,0.682847896440129,0.0666666666666667,0.103171953255426,0.172220367278798,0,27.1,40.1
2012,REG,00-0027059,,Patrick Turner,WR,WR,,1,NYJ,0,0,0,0,0,0,0,0,0,0,0,0,,0,,,0,0,0,0,0,0,,0,0,5,0,0,0,0,28,0,0,-1.22608330316143,0,0.0,0.166666666666667,0.133971291866029,0.34377990430622,0,0.0,0.0
2012,REG,00-0027061,J.Cook,Jared Cook,TE,TE,"https://static.www.nfl.com/image/private/f_auto,q_auto/league/cthoenebptadlu4g928v",13,TEN,0,0,0,0,0,0,0,0,0,0,0,0,,0,,,0,0,0,0,0,0,,0,44,72,523,4,1,1,587,162,24,1.81685069868326,0,0.890971039182283,0.153191489361702,0.147784491440081,0.33323637805061,0,74.3,118.3
2012,REG,00-0027067,,Rashad Johnson,FS,DB,"https://static.www.nfl.com/image/private/f_auto,q_auto/league/uhqzxihe7l5k8vsrjwsw",2,ARI,0,0,0,0,0,0,0,0,0,0,0,0,,0,,,2,64,0,0,0,2,5.51705541991396,0,0,0,0,0,0,0,0,0,0,,0,,,,,0,6.4,6.4
2012,REG,00-0027069,,Chase Coffman,TE,TE,,1,ATL,0,0,0,0,0,0,0,0,0,0,0,0,,0,,,0,0,0,0,0,0,,0,1,1,12,0,0,0,12,0,1,0.678664327773731,0,1.0,0.0204081632653061,0.0286396181384248,0.0506599775948566,0,1.2,2.2
2012,REG,00-0027070,,Travis Beckum,TE,TE,,1,NYG,0,0,0,0,0,0,0,0,0,0,0,0,,0,,,0,0,0,0,0,0,,0,0,1,0,0,0,0,3,0,0,-0.472977787489072,0,0.0,0.0217391304347826,0.0093167701863354,0.0391304347826087,0,0.0,0.0
2012,REG,00-0027076,,Mike Thomas,WR,WR,,14,DET,0,0,0,0,0,0,0,0,0,0,0,0,,0,,,7,57,0,0,0,3,2.1149329066975,0,18,40,108,1,0,0,256,27,6,-11.5888373671733,0,0.421875,0.0930232558139535,0.074245939675174,0.191507041493552,0,22.5,40.5
2012,REG,00-0027077,,Brian Hartline,WR,WR,"https://static.www.nfl.com/image/private/f_auto,q_auto/league/vuqaw5utqkgyqtp7hwbu",15,MIA,0,0,0,0,0,0,0,0,0,0,0,0,,0,,,0,0,0,0,0,0,,0,74,131,1083,1,1,1,1661,240,48,34.8765149542535,0,0.652016857314871,0.278131634819533,0.393695188433278,0.692784084132594,0,112.3,186.3
2012,REG,00-0027080,,Mike Goodson,RB,RB,,11,LV,0,0,0,0,0,0,0,0,0,0,0,0,,0,,,35,221,0,0,0,6,-0.287885936675593,0,16,16,195,1,0,0,-21,216,9,14.1863337229006,0,-9.28571428571429,0.0555555555555556,-0.0087939698492462,0.077177554438861,0,47.6,63.6
2012,REG,00-0027089,L.Murphy,Louis Murphy,WR,WR,"https://static.www.nfl.com/image/private/f_auto,q_auto/league/rivj8wgktddc22qdtpsn",15,CAR,0,0,0,0,0,0,0,0,0,0,0,0,,0,,,1,3,0,0,0,0,-0.572189967613667,0,25,61,336,1,1,0,882,61,16,-4.17122891108184,0,0.380952380952381,0.130901287553648,0.200956937799043,0.337021787789802,0,39.9,64.9
2012,REG,00-0027092,,Austin Collie,WR,WR,,1,IND,0,0,0,0,0,0,0,0,0,0,0,0,,0,,,0,0,0,0,0,0,,0,1,1,6,0,0,0,4,2,0,-0.0249387780204415,0,1.5,0.0227272727272727,0.007380073800738,0.0392569607514257,0,0.6,1.6
2012,REG,00-0027094,,Andre Brown,RB,RB,,8,NYG,0,0,0,0,0,0,0,0,0,0,0,0,,0,,,73,385,8,0,0,25,17.9172065120656,1,12,17,86,0,0,0,17,73,2,2.73229810863791,0,5.05882352941176,0.069672131147541,0.0078703703703703,0.110017455980571,0,97.1,109.1
2012,REG,00-0027103,K.Huber,Kevin Huber,P,SPEC,"https://static.www.nfl.com/image/private/f_auto,q_auto/league/yrd8jgpvefr8jvu7oejg",1,CIN,0,0,0,0,0,0,0,0,0,0,0,0,,0,,,1,-1,0,0,0,0,-2.70218029816169,0,0,0,0,0,0,0,0,0,0,,0,,,,,0,-0.1,-0.1
2012,REG,00-0027106,,Quinn Johnson,FB,RB,,9,TEN,0,0,0,0,0,0,0,0,0,0,0,0,,0,,,4,5,0,0,0,2,-0.170504135196097,0,5,8,40,0,0,0,6,32,2,-0.887159305275418,0,6.66666666666667,0.0300751879699248,0.0033482142857142,0.0474565319548872,0,4.5,9.5
2012,REG,00-0027109,,James Casey,FB,TE,"https://static.www.nfl.com/image/private/f_auto,q_auto/league/atra5outunyi3dikmjez",16,HOU,0,0,0,0,0,0,0,0,0,0,0,0,,0,,,1,6,0,0,0,1,0.721204086439684,0,34,44,330,3,0,0,149,210,18,15.9965727411092,0,2.21476510067114,0.0801457194899818,0.0339098771051434,0.143955493208573,0,51.6,85.6
2012,REG,00-0027115,,Chris Clemons,DB,DB,"https://static.www.nfl.com/image/private/f_auto,q_auto/league/iiodgd9qgyn4qhoythj9",1,MIA,0,0,0,0,0,0,0,0,0,0,0,0,,0,,,1,3,0,0,0,1,1.62581353954738,0,0,0,0,0,0,0,0,0,0,,0,,,,,0,0.3,0.3
2012,REG,00-0027120,,Javon Ringer,RB,RB,,2,TEN,0,0,0,0,0,0,0,0,0,0,0,0,,0,,,2,14,0,0,0,0,-0.115325405902695,0,3,5,12,0,0,0,-10,18,0,-1.17928980878787,0,-1.2,0.104166666666667,-0.0340136054421769,0.132440476190476,0,2.6,5.6
2012,REG,00-0027135,,Brandon Myers,TE,TE,"https://static.www.nfl.com/image/private/f_auto,q_auto/league/tzyfv93n3bgtbmywjczu",16,LV,0,0,0,0,0,0,0,0,0,0,0,0,,0,,,0,0,0,0,0,0,,0,79,105,806,4,0,0,719,286,41,24.85026494787,0,1.12100139082058,0.168269230769231,0.136432637571158,0.347906692453656,0,104.6,183.6
2012,REG,00-0027139,J.Phillips,John Phillips,TE,TE,"https://static.www.nfl.com/image/private/f_auto,q_auto/league/i1t7zl2f5t0wwj72yxj7",6,DAL,0,0,0,0,0,0,0,0,0,0,0,0,,0,,,0,0,0,0,0,0,,0,8,10,55,1,0,0,66,6,3,3.22619531006785,0,0.833333333333333,0.0431034482758621,0.0289219982471516,0.0849005711867993,0,11.5,19.5
2012,REG,00-0027140,,Chris Ogbonnaya,RB,RB,,11,CLE,0,0,0,0,0,0,0,0,0,0,0,0,,0,,,8,30,0,0,0,1,-0.962516107189003,0,24,32,187,0,1,1,9,209,10,-5.79191616672324,0,20.7777777777778,0.0876712328767123,0.0031768443346276,0.133730640349308,0,19.7,43.7
2012,REG,00-0027150,J.Edelman,Julian Edelman,WR,WR,"https://static.www.nfl.com/image/private/f_auto,q_auto/league/u0hbuo2bsvtlg7lnxm43",8,NE,0,0,0,0,0,0,0,0,0,0,0,0,,0,,,4,45,0,1,1,2,-2.6077915506321,0,21,32,235,3,0,0,229,141,12,19.4842320948991,0,1.02620087336245,0.107744107744108,0.0872380952380953,0.222682828282828,2,56.0,77.0
2012,REG,00-0027154,,Jake O'Connell,TE,TE,,1,KC,0,0,0,0,0,0,0,0,0,0,0,0,,0,,,0,0,0,0,0,0,,0,3,3,18,0,0,0,10,8,1,0.267726202262566,0,1.8,0.0882352941176471,0.0425531914893617,0.162140175219024,0,1.8,4.8
2012,REG,00-0027155,,Rashad Jennings,RB,RB,"https://static.www.nfl.com/image/private/f_auto,q_auto/league/r48elxgcxhdkfkazlqab",10,JAX,0,0,0,0,0,0,0,0,0,0,0,0,,0,,,101,283,2,3,1,16,-22.5403410305495,0,19,26,130,0,0,0,12,155,5,-12.3657672368005,1,10.8333333333333,0.0875420875420875,0.0049607275733774,0.134785640614496,0,53.3,72.3
2012,REG,00-0027156,,Tiquan Underwood,WR,WR,,14,TB,0,0,0,0,0,0,0,0,0,0,0,0,,0,,,1,1,0,0,0,0,-0.441339366370812,0,28,55,425,2,0,0,694,102,20,4.2523286086276,0,0.612391930835735,0.108481262327416,0.135732446704479,0.257734606184259,0,54.6,82.6
2012,REG,00-0027202,,Michael Palmer,TE,TE,,6,ATL,0,0,0,0,0,0,0,0,0,0,0,0,,0,,,0,0,0,0,0,0,,0,6,6,22,1,0,0,5,17,2,0.609884396777488,0,4.4,0.0254237288135593,0.0025987525987526,0.0399547200394658,0,8.2,14.2
2012,REG,00-0027214,,Keiland Williams,RB,RB,,3,DET,0,0,0,0,0,0,0,0,0,0,0,0,,0,,,2,3,0,0,0,0,-1.61630042327213,0,2,2,9,0,0,0,6,3,0,-0.464686679188162,0,1.5,0.0206185567010309,0.0071513706793802,0.0359337945271125,0,1.2,3.2
2012,REG,00-0027215,L.Paulsen,Logan Paulsen,TE,TE,"https://static.www.nfl.com/image/private/f_auto,q_auto/league/rckjvflmpzh9tiescxcd",12,WAS,0,0,0,0,0,0,0,0,0,0,0,0,,0,,,0,0,0,0,0,0,,0,25,37,308,1,0,0,308,109,17,11.7901531781245,0,1.0,0.113149847094801,0.102906782492482,0.24175951838694,0,36.8,61.8
2012,REG,00-0027218,,Joique Bell,RB,RB,"https://static.www.nfl.com/image/private/f_auto,q_auto/league/mpibe74w5hnraxk823vf",16,DET,0,0,0,0,0,0,0,0,0,0,0,0,,0,,,82,414,3,1,1,16,-1.19047293289335,0,52,69,485,0,0,0,117,429,28,13.2226006944737,0,4.14529914529915,0.101024890190337,0.0195195195195195,0.165200998949169,0,105.9,157.9
2012,REG,00-0027253,T.Lewis,Thad Lewis,QB,QB,"https://static.www.nfl.com/image/private/f_auto,q_auto/league/rvq63xyplycjcoqgkqag",1,CLE,22,32,204,1,1,3,14,0,0,276,61,12,-0.278732113530318,0,0.739130434782609,0.102163280897174,1,3,0,0,0,0,-0.200355245964602,0,0,0,0,0,0,0,0,0,0,,0,,,,,0,10.46,10.46
2012,REG,00-0027257,,Keith Toston,RB,RB,,1,JAX,0,0,0,0,0,0,0,0,0,0,0,0,,0,,,17,74,0,0,0,2,-1.6244853863609,0,3,4,41,0,0,0,-1,44,2,2.32102265761932,0,-41.0,0.0975609756097561,-0.0025,0.144591463414634,0,11.5,14.5
2012,REG,00-0027265,V.Cruz,Victor Cruz,WR,WR,"https://static.www.nfl.com/image/private/f_auto,q_auto/league/q15bky6cm2stbiy0zafu",16,NYG,0,0,0,0,0,0,0,0,0,0,0,0,,0,,,0,0,0,0,0,0,,0,86,143,1092,10,0,0,1546,328,52,34.0831244298927,0,0.70633893919793,0.267289719626168,0.304151091874877,0.613840343751666,0,169.2,255.2
2012,REG,00-0027321,J.Cumberland,Jeff Cumberland,TE,TE,"https://static.www.nfl.com/image/private/f_auto,q_auto/league/c87plzwz1aj8haowwxcq",14,NYJ,0,0,0,0,0,0,0,0,0,0,0,0,,0,,,0,0,0,0,0,0,,0,29,53,359,3,0,0,538,112,18,-6.71856741084545,0,0.66728624535316,0.12958435207824,0.141653501843075,0.293533979407512,0,53.9,82.9
2012,REG,00-0027322,,David Nelson,WR,WR,,1,BUF,0,0,0,0,0,0,0,0,0,0,0,0,,0,,,0,0,0,0,0,0,,0,2,5,31,0,0,0,40,10,2,-8.76074762677308,0,0.775,0.15625,0.130718954248366,0.325878267973856,0,3.1,5.1
2012,REG,00-0027325,L.Blount,LeGarrette Blount,RB,RB,"https://static.www.nfl.com/image/private/f_auto,q_auto/league/s3eilto1yi0yhoamvvo3",10,TB,0,0,0,0,0,0,0,0,0,0,0,0,,0,,,41,151,2,0,0,7,-3.34049518447137,0,1,2,2,0,0,0,-2,7,0,-0.830591734033078,0,-1.0,0.0307692307692308,-0.0037174721189591,0.0435516156705748,0,27.3,28.3
2012,REG,00-0027346,,Alfonso Smith,RB,RB,,2,ARI,0,0,0,0,0,0,0,0,0,0,0,0,,0,,,0,0,0,0,0,0,,0,2,3,21,0,0,0,8,20,0,0.606861305976054,0,2.625,0.0303030303030303,0.0101137800252845,0.0525341914722446,0,2.1,4.1
2012,REG,00-0027356,,Marlon Moore,WR,WR,,8,MIA,0,0,0,0,0,0,0,0,0,0,0,0,,0,,,1,9,0,0,0,0,0.573986538918689,0,6,11,116,1,0,0,156,23,5,4.84568037305604,0,0.743589743589744,0.0533980582524272,0.0904872389791183,0.143438154664024,0,18.5,24.5
2012,REG,00-0027419,,Chris Gronkowski,RB,RB,,1,DEN,0,0,0,0,0,0,0,0,0,0,0,0,,0,,,0,0,0,0,0,0,,0,1,1,11,0,0,0,1,10,1,0.663283032597974,0,11.0,0.0196078431372549,0.002127659574468,0.03090112640801,0,1.1,2.1
2012,REG,00-0027450,,Preston Parker,WR,WR,"https://static.www.nfl.com/image/private/f_auto,q_auto/league/uposmry1docri5fwr22y",2,TB,0,0,0,0,0,0,0,0,0,0,0,0,,0,,,1,7,0,0,0,1,0.358932309783995,0,0,2,0,0,0,0,7,0,0,-1.81387466040111,0,0.0,0.0384615384615385,0.0137524557956778,0.0673190267492822,0,0.7,0.7
2012,REG,00-0027518,,Donald Jones,WR,WR,,12,BUF,0,0,0,0,0,0,0,0,0,0,0,0,,0,,,0,0,0,0,0,0,,0,41,67,443,4,1,0,627,179,25,4.12055375395659,0,0.706539074960128,0.172236503856041,0.223211107155571,0.414602530792962,0,68.3,109.3
2012,REG,00-0027531,C.Ivory,Chris Ivory,RB,RB,"https://static.www.nfl.com/image/private/f_auto,q_auto/league/wuhrkffigvt55hcqd4yw",6,NO,0,0,0,0,0,0,0,0,0,0,0,0,,0,,,40,217,2,0,0,7,1.46661752706859,0,2,3,15,0,0,0,-13,28,1,-5.00476614350919,0,-1.15384615384615,0.0280373831775701,-0.0613207547169811,-0.0008684535355316,0,35.2,37.2
2012,REG,00-0027547,M.Sherels,Marcus Sherels,CB,DB,"https://static.www.nfl.com/image/private/f_auto,q_auto/league/qgwd89z8jxh5o9ln6cmp",1,MIN,0,0,0,0,0,0,0,0,0,0,0,0,,0,,,0,0,0,0,0,0,,0,0,0,0,0,0,0,0,0,0,,0,,,,,1,6.0,6.0
2012,REG,00-0027567,,Steve Maneri,,,,5,KC,0,0,0,0,0,0,0,0,0,0,0,0,,0,,,0,0,0,0,0,0,,0,5,12,51,0,0,0,73,30,3,-3.49567753239535,0,0.698630136986301,0.0736196319018405,0.0567210567210567,0.1501341875575,0,5.1,10.1
2012,REG,00-0027573,M.Unrein,Mitch Unrein,DT,DL,"https://static.www.nfl.com/image/private/f_auto,q_auto/league/ca7jpvbeqxt9gyfzbh5a",1,DEN,0,0,0,0,0,0,0,0,0,0,0,0,,0,,,0,0,0,0,0,0,,0,1,1,1,1,0,0,1,0,1,0.630729119700845,0,1.0,0.0263157894736842,0.0037735849056603,0.0421151936444886,0,6.1,7.1
2012,REG,00-0027581,,Seyi Ajirotutu,WR,WR,"https://static.www.nfl.com/image/private/f_auto,q_auto/league/tmbglbojtv1psbkhejsg",2,LAC,0,0,0,0,0,0,0,0,0,0,0,0,,0,,,0,0,0,0,0,0,,0,3,4,45,0,0,0,45,0,2,1.37468519993126,0,1.0,0.08,0.16304347826087,0.234130434782609,0,4.5,7.5
2012,REG,00-0027583,,Richie Brockel,TE,TE,"https://static.www.nfl.com/image/private/f_auto,q_auto/league/fcqa6vamgjb4adwfpbac",1,CAR,0,0,0,0,0,0,0,0,0,0,0,0,,0,,,0,0,0,0,0,0,,0,0,1,0,0,0,0,1,0,0,-0.876826544408687,0,0.0,0.0294117647058824,0.0023364485981308,0.0457531610775151,0,0.0,0.0
2012,REG,00-0027585,,Richard Goodman,WR,WR,,1,LAC,0,0,0,0,0,0,0,0,0,0,0,0,,0,,,0,0,0,0,0,0,,0,0,2,0,0,0,0,48,0,0,-0.916891790227965,0,0.0,0.0487804878048781,0.130081300813008,0.164227642276423,0,0.0,0.0
2012,REG,00-0027602,,Graham Harrell,QB,QB,,3,GB,2,4,20,0,0,0,0,0,0,28,10,1,-0.655648826912511,0,0.714285714285714,,4,-3,0,1,1,0,-8.13941351562971,0,0,0,0,0,0,0,0,0,0,,0,,,,,0,-1.5,-1.5
2012,REG,00-0027603,,Corey Wootton,DE,DL,"https://static.www.nfl.com/image/private/f_auto,q_auto/league/wyqa1pcccdbgno0rduew",1,CHI,0,0,0,0,0,0,0,0,0,0,0,0,,0,,,0,0,0,0,0,0,,0,0,0,0,0,0,0,0,0,0,,0,,,,,1,6.0,6.0
2012,REG,00-0027606,,Trindon Holliday,WR,WR,,2,DEN,0,0,0,0,0,0,0,0,0,0,0,0,,0,,,0,0,0,0,0,0,,0,2,2,17,0,0,0,1,16,1,0.713184125721455,0,17.0,0.0526315789473684,0.0034965034965035,0.0813949208686051,2,13.7,15.7
2012,REG,00-0027608,,Kyle Williams,WR,WR,"https://static.www.nfl.com/image/private/f_auto,q_auto/league/uc0hi9tbued5ff0osfmq",11,SF,0,0,0,0,0,0,0,0,0,0,0,0,,0,,,4,21,0,0,0,0,0.762127892812714,0,14,22,212,1,1,0,258,73,10,7.29039982752764,0,0.821705426356589,0.0916666666666667,0.13915857605178,0.234911003236246,0,29.3,43.3
2012,REG,00-0027618,,Brandon Banks,DL,DL,,6,WAS,0,0,0,0,0,0,0,0,0,0,0,0,,0,,,7,36,0,0,0,2,-0.83774075715175,0,8,8,15,0,1,0,-19,34,2,-1.02732028672472,0,0.0,0.05,-0.0138686131386861,0.0652919708029197,0,5.1,13.1
2012,REG,00-0027647,D.McCourty,Devin McCourty,FS,DB,"https://static.www.nfl.com/image/private/f_auto,q_auto/league/ykgtrwxckxvxdvadgqjf",1,NE,0,0,0,0,0,0,0,0,0,0,0,0,,0,,,0,0,0,0,0,0,,0,0,0,0,0,0,0,0,0,0,,0,,,,,1,6.0,6.0
2012,REG,00-0027651,,Dexter McCluster,WR,WR,"https://static.www.nfl.com/image/private/f_auto,q_auto/league/vawlifwslfzekg0e35ig",15,KC,0,0,0,0,0,0,0,0,0,0,0,0,,0,,,12,70,0,0,0,4,0.534181525639724,0,52,76,452,1,1,1,403,205,24,-26.9391742090078,0,1.12158808933002,0.168888888888889,0.107038512616202,0.328260292164675,0,56.2,108.2
2012,REG,00-0027654,A.Benn,Arrelious Benn,WR,WR,"https://static.www.nfl.com/image/private/f_auto,q_auto/league/mrdtswjobu20gukdl2cp",4,TB,0,0,0,0,0,0,0,0,0,0,0,0,,0,,,3,16,0,0,0,1,0.481964371865615,0,4,6,26,0,0,0,20,23,0,-0.72379257902503,0,1.3,0.0588235294117647,0.025706940874036,0.106230152729472,0,4.2,8.2
2012,REG,00-0027656,R.Gronkowski,Rob Gronkowski,TE,TE,"https://static.www.nfl.com/image/private/f_auto,q_auto/league/svpo7chliiymc0r7hegp",11,NE,0,0,0,0,0,0,0,0,0,0,0,0,,0,,,0,0,0,0,0,0,,0,55,80,790,11,1,1,796,300,45,57.0136604937753,0,0.992462311557789,0.186915887850467,0.219162995594714,0.433787928692,0,143.0,198.0
2012,REG,00-0027658,Z.Beadles,Zane Beadles,G,OL,"https://static.www.nfl.com/image/private/f_auto,q_auto/league/rppve04bslxftp1vkgzk",1,DEN,0,0,0,0,0,0,0,0,0,0,0,0,,0,,,0,0,0,0,0,0,,0,0,1,0,0,0,0,21,0,0,-2.64267413865309,0,0.0,0.0263157894736842,0.103448275862069,0.111887477313975,0,0.0,0.0
2012,REG,00-0027666,,Montario Hardesty,RB,RB,,10,CLE,0,0,0,0,0,0,0,0,0,0,0,0,,0,,,65,271,1,2,0,12,-2.37171079989639,0,2,5,16,0,0,0,5,18,1,-0.069994816207327,0,3.2,0.0306748466257669,0.0043516100957354,0.0490583970056651,0,34.7,36.7
2012,REG,00-0027675,E.Dickson,Ed Dickson,TE,TE,"https://static.www.nfl.com/image/private/f_auto,q_auto/league/qtxat8xwaclkqfkj5lrq",11,BAL,0,0,0,0,0,0,0,0,0,0,0,0,,0,,,0,0,0,0,0,0,,0,21,33,225,0,0,0,245,83,10,-3.27534648487217,0,0.918367346938776,0.0904109589041096,0.0712416400116313,0.185485586364306,0,22.5,43.5
2012,REG,00-0027681,B.LaFell,Brandon LaFell,WR,WR,"https://static.www.nfl.com/image/private/f_auto,q_auto/league/x4wifb5arw0neuwg1cch",13,CAR,0,0,0,0,0,0,0,0,0,0,0,0,,0,,,3,35,0,0,0,1,1.71076677989913,0,44,76,677,4,1,0,765,312,31,13.3146399394152,0,0.884967320261438,0.192405063291139,0.206032857527606,0.432830595206033,0,95.2,139.2
2012,REG,00-0027685,E.Sanders,Emmanuel Sanders,WR,WR,"https://static.www.nfl.com/image/private/f_auto,q_auto/league/potkibjtm855tsawozs0",16,PIT,0,0,0,0,0,1,7,0,0,0,0,0,-1.36036210646853,0,,,1,4,0,0,0,0,-0.170444413553923,0,44,74,626,1,2,2,850,211,31,19.7615400872775,0,0.736470588235294,0.131438721136767,0.171995143666532,0.317554682271723,0,65.0,109.0
2012,REG,00-0027687,,Jordan Shipley,WR,WR,,6,JAX,0,0,0,0,0,0,0,0,0,0,0,0,,0,,,0,0,0,0,0,0,,0,23,39,244,1,0,0,373,42,10,-1.31090604519704,0,0.654155495978552,0.166666666666667,0.170009115770283,0.369006381039198,0,30.4,53.4
2012,REG,00-0027688,C.McCoy,Colt McCoy,QB,QB,"https://static.www.nfl.com/image/private/f_auto,q_auto/league/mvcoi7f6thyudufnh0dx",2,CLE,9,17,79,1,0,4,25,0,0,137,24,5,-6.62859962839866,0,0.576642335766423,-0.0424906353942642,4,15,0,0,0,2,0.114117666846141,0,0,0,0,0,0,0,0,0,0,,0,,,,,0,8.66,8.66
2012,REG,00-0027690,E.Decker,Eric Decker,WR,WR,"https://static.www.nfl.com/image/private/f_auto,q_auto/league/jg5ftnvxz4jdiajzeoyn",16,DEN,0,0,0,0,0,0,0,0,0,0,0,0,,0,,,0,0,0,0,0,0,,0,85,122,1064,13,0,0,1403,273,52,68.4934256565455,0,0.758374910905203,0.208904109589041,0.287676850522862,0.514729959749565,0,184.4,269.4
2012,REG,00-0027691,A.Roberts,Andre Roberts,WR,WR,"https://static.www.nfl.com/image/private/f_auto,q_auto/league/hjoyjewh7knoafxt4k93",15,ARI,0,0,0,0,0,0,0,0,0,0,0,0,,0,,,4,29,0,0,0,2,0.87970901269,0,64,114,759,5,1,0,1091,221,40,9.29203277468253,0,0.695692025664528,0.198606271777004,0.248973071656778,0.47219055782525,0,108.8,172.8
2012,REG,00-0027692,,Armanti Edwards,WR,WR,,6,CAR,0,1,0,0,0,0,0,0,0,24,0,0,-0.544562003342435,0,0.0,,0,0,0,0,0,0,,0,5,9,121,0,0,0,147,72,3,3.25833437768021,0,0.82312925170068,0.0517241379310345,0.0849220103986135,0.137031614175581,0,12.1,17.1
2012,REG,00-0027695,,Tony Moeaki,TE,TE,,14,KC,0,0,0,0,0,0,0,0,0,0,0,0,,0,,,0,0,0,0,0,0,,0,33,56,453,1,0,0,564,125,24,-0.360866341675976,0,0.803191489361702,0.134615384615385,0.16366802089379,0.31649069154873,0,51.3,84.3
2012,REG,00-0027696,J.Graham,Jimmy Graham,TE,TE,"https://static.www.nfl.com/image/private/f_auto,q_auto/league/h7xs06oj6g03mippwtse",15,NO,0,0,0,0,0,0,0,0,0,0,0,0,,0,,,0,0,0,0,0,0,,0,85,135,982,9,1,0,1155,306,59,19.8353486054382,0,0.85021645021645,0.217741935483871,0.227810650887574,0.486080358847108,0,152.2,237.2
2012,REG,00-0027699,,Mike Johnson,G,OL,,1,ATL,0,0,0,0,0,0,0,0,0,0,0,0,,0,,,0,0,0,0,0,0,,0,1,1,1,1,0,0,1,0,1,0.918312289053574,0,1.0,0.0196078431372549,0.0021929824561403,0.0309468524251806,0,6.1,7.1
2012,REG,00-0027700,,Mardy Gilyard,WR,WR,,3,NYJ,0,0,0,0,0,0,0,0,0,0,0,0,,0,,,0,0,0,0,0,0,,0,2,6,15,0,0,0,42,11,0,-2.3122764674481,0,0.357142857142857,0.0705882352941176,0.0997624703087886,0.175716082157328,0,1.5,3.5
2012,REG,00-0027702,,Mike Williams,WR,WR,,16,TB,1,1,28,0,0,0,0,0,0,28,0,1,2.2761370059452,0,1.0,,0,0,0,0,0,0,,0,63,126,996,9,0,0,1634,324,44,25.3786455020532,0,0.609547123623011,0.225402504472272,0.290643898968339,0.541554485986245,0,154.72,217.72
2012,REG,00-0027712,,Joe McKnight,RB,RB,,12,NYJ,0,0,0,0,0,0,0,0,0,0,0,0,,0,,,30,179,0,1,0,7,0.642753820458893,0,1,2,18,0,0,0,5,9,1,1.41679561883211,0,3.6,0.0952380952380952,0.0301204819277108,0.16394148020654,1,25.7,26.7
2012,REG,00-0027713,,Aaron Hernandez,TE,TE,,10,NE,0,0,0,0,0,0,0,0,0,0,0,0,,0,,,1,5,0,0,0,1,1.03478163975524,0,51,83,483,5,0,0,596,222,27,13.9307032222605,0,0.810402684563758,0.2,0.155006501950585,0.40850455136541,0,78.8,129.8
2012,REG,00-0027714,,Dennis Pitta,TE,TE,"https://static.www.nfl.com/image/private/f_auto,q_auto/league/liu0pixlkbyftxesaq06",16,BAL,0,0,0,0,0,0,0,0,0,0,0,0,,0,,,0,0,0,0,0,0,,0,61,94,669,7,0,0,832,253,29,13.2702142782267,0,0.804086538461539,0.169064748201439,0.152158010241405,0.360107729471141,0,108.9,169.9
2012,REG,00-0027717,J.Hawley,Joe Hawley,C,OL,"https://static.www.nfl.com/image/private/f_auto,q_auto/league/deoboccbllw3uer38kdn",1,ATL,0,0,0,0,0,0,0,0,0,0,0,0,,0,,,0,0,0,0,0,0,,0,0,2,0,0,0,0,9,0,0,-1.03525277739391,0,0.0,0.0384615384615385,0.0181086519114688,0.0703683640303359,0,0.0,0.0
2012,REG,00-0027718,,Garrett Graham,TE,TE,,14,HOU,0,0,0,0,0,0,0,0,0,0,0,0,,0,,,0,0,0,0,0,0,,0,28,40,263,3,0,0,234,116,16,11.6401873427466,0,1.12393162393162,0.0829875518672199,0.0598925006398772,0.166406078248744,0,44.3,72.3
2012,REG,00-0027725,C.Harbor,Clay Harbor,TE,TE,"https://static.www.nfl.com/image/private/f_auto,q_auto/league/spuxscdmedvqosq5yrho",11,PHI,0,0,0,0,0,0,0,0,0,0,0,0,,0,,,0,0,0,0,0,0,,0,25,39,186,2,1,1,281,69,8,-12.7598417146484,0,0.661921708185053,0.0926365795724466,0.0727979274611399,0.189913418581468,0,28.6,53.6
2012,REG,00-0027732,M.Hoomanawanui,Michael Hoomanawanui,TE,TE,"https://static.www.nfl.com/image/private/f_auto,q_auto/league/fgfwj67pbxmp1bpjm7ti",6,NE,0,0,0,0,0,0,0,0,0,0,0,0,,0,,,0,0,0,0,0,0,,0,5,7,109,0,0,0,81,48,4,6.84622521192068,0,1.34567901234568,0.0272373540856031,0.0469837587006961,0.0737446622188919,0,10.9,15.9
2012,REG,00-0027739,,John Conner,RB,RB,,2,CIN,0,0,0,0,0,0,0,0,0,0,0,0,,0,,,0,0,0,0,0,0,,0,0,2,0,0,0,0,6,0,0,-2.35559785319532,0,0.0,0.0363636363636364,0.0147420147420147,0.0648648648648649,0,0.0,0.0
2012,REG,00-0027754,,John Skelton,QB,QB,,7,ARI,109,201,1132,2,9,15,98,3,2,1531,531,55,-67.3318118467083,0,0.739386022207707,-0.0245400351116097,4,5,0,1,0,1,-1.65730521298246,0,0,0,0,0,0,0,0,0,0,,0,,,,,0,31.78,31.78
2012,REG,00-0027755,,David Reed,WR,WR,,2,BAL,0,0,0,0,0,0,0,0,0,0,0,0,,0,,,0,0,0,0,0,0,,0,5,6,66,0,0,0,60,23,2,3.18297013200237,0,1.1,0.0857142857142857,0.11605415860735,0.209809339596574,0,6.6,11.6
2012,REG,00-0027757,,Matt Tennant,OG,OL,,1,PHI,0,0,0,0,0,0,0,0,0,0,0,0,,0,,,0,0,0,0,0,0,,0,0,1,0,0,0,0,1,0,0,-0.629387762921397,0,0.0,0.032258064516129,0.0032362459546925,0.0506524689424783,0,0.0,0.0
2012,REG,00-0027758,,Riley Cooper,WR,WR,"https://static.www.nfl.com/image/private/f_auto,q_auto/league/vpongpty2wm06bsmm7hb",11,PHI,0,0,0,0,0,0,0,0,0,0,0,0,,0,,,0,0,0,0,0,0,,0,23,48,248,3,0,0,523,91,14,10.829215714999,0,0.474187380497132,0.114832535885167,0.165401644528779,0.288029954997897,0,42.8,65.8
2012,REG,00-0027772,,Anthony Dixon,RB,RB,"https://static.www.nfl.com/image/private/f_auto,q_auto/league/lvbgbxspmjn0xo1kw8g9",8,SF,0,0,0,0,0,0,0,0,0,0,0,0,,0,,,21,78,2,0,0,3,1.23438103834633,0,0,0,0,0,0,0,0,0,0,,0,,,,,0,19.8,19.8
2012,REG,00-0027775,,Rusty Smith,QB,QB,,1,TEN,3,5,34,0,0,0,0,0,0,45,17,2,-0.411579600011464,0,0.755555555555556,-0.0175890265366795,0,0,0,0,0,0,,0,0,0,0,0,0,0,0,0,0,,0,,,,,0,1.36,1.36
2012,REG,00-0027779,,Deji Karim,RB,RB,,1,IND,0,0,0,0,0,0,0,0,0,0,0,0,,0,,,0,0,0,0,0,0,,0,0,0,0,0,0,0,0,0,0,,0,,,,,1,6.0,6.0
2012,REG,00-0027780,,Nate Byham,TE,TE,,3,TB,0,0,0,0,0,0,0,0,0,0,0,0,,0,,,0,0,0,0,0,0,,0,3,4,18,1,0,0,28,6,2,2.90919235046022,0,0.642857142857143,0.031496062992126,0.0209737827715356,0.0619257424282639,0,7.8,10.8
2012,REG,00-0027783,,Anthony McCoy,TE,TE,"https://static.www.nfl.com/image/private/f_auto,q_auto/league/jmfnncc5wt3g5btrsvav",14,SEA,0,0,0,0,0,0,0,0,0,0,0,0,,0,,,0,0,0,0,0,0,,0,18,28,291,3,0,0,222,152,13,11.9655819250151,0,1.31081081081081,0.0784313725490196,0.061478814732761,0.160682229136462,0,47.1,65.1
2012,REG,00-0027786,,Jonathan Dwyer,RB,RB,,13,PIT,0,0,0,0,0,0,0,0,0,0,0,0,,0,,,156,623,2,2,2,27,-16.1662054514454,0,18,25,106,0,0,0,49,105,7,-0.959068830299657,0,2.16326530612245,0.0637755102040816,0.0152126668736417,0.106312132117672,0,80.9,98.9
2012,REG,00-0027789,,Dezmon Briscoe,WR,WR,,4,WAS,0,0,0,0,0,0,0,0,0,0,0,0,,0,,,1,1,0,0,0,0,-1.26347367512062,0,2,5,22,0,0,0,48,12,1,-0.757185392139945,0,0.458333333333333,0.040650406504065,0.0485338725985844,0.0949493205751067,0,2.3,4.3
2012,REG,00-0027791,,James Starks,RB,RB,"https://static.www.nfl.com/image/private/f_auto,q_auto/league/ohxqulg4xjfmbbkkltqj",6,GB,0,0,0,0,0,0,0,0,0,0,0,0,,0,,,71,255,1,1,0,12,-7.30490912603443,0,4,6,31,0,0,0,-12,42,0,0.454757997300476,0,-2.58333333333333,0.0491803278688525,-0.013172338090011,0.064549855140271,0,34.6,38.6
2012,REG,00-0027793,A.Brown,Antonio Brown,WR,WR,"https://static.www.nfl.com/image/private/f_auto,q_auto/league/ecxsx9t7bfg42bgfwj3v",13,PIT,0,2,0,0,1,0,0,0,0,41,0,0,-3.31294357124716,0,0.0,,7,24,0,0,0,2,0.876478014746681,0,66,106,787,5,2,1,1059,348,43,32.0179210728177,0,0.743153918791313,0.231441048034935,0.271538461538462,0.537238495129325,0,107.1,173.1
2012,REG,00-0027796,J.Webb,Joe Webb,QB,QB,"https://static.www.nfl.com/image/private/f_auto,q_auto/league/hjieero9ugbyu7n1629h",1,MIN,0,0,0,0,0,0,0,0,0,0,0,0,,0,,,1,-1,0,0,0,0,0.0053575718775391,0,0,0,0,0,0,0,0,0,0,,0,,,,,0,-0.1,-0.1
2012,REG,00-0027819,,Dorin Dickerson,TE,TE,"https://static.www.nfl.com/image/private/f_auto,q_auto/league/rzyr56chrrn9v5xjjvmd",7,BUF,0,0,0,0,0,0,0,0,0,0,0,0,,0,,,1,-8,0,0,0,0,-1.69091375626158,0,9,15,117,0,1,1,128,65,5,1.22427189748851,0,0.9140625,0.0700934579439252,0.0688172043010753,0.153312229926641,0,8.9,17.9
2012,REG,00-0027825,J.Dray,Jim Dray,TE,TE,"https://static.www.nfl.com/image/private/f_auto,q_auto/league/p8pyujltnfdj3qnbh7yi",2,ARI,0,0,0,0,0,0,0,0,0,0,0,0,,0,,,0,0,0,0,0,0,,0,2,2,15,0,0,0,14,1,1,0.977981366217136,0,1.07142857142857,0.0240963855421687,0.0203784570596798,0.0504094982550289,0,1.5,3.5
2012,REG,00-0027827,,Dedrick Epps,TE,TE,,1,NYJ,0,0,0,0,0,0,0,0,0,0,0,0,,0,,,0,0,0,0,0,0,,0,1,1,9,0,1,1,6,3,0,-4.15553516545333,0,1.5,0.0333333333333333,0.0287081339712919,0.0700956937799043,0,-1.1,-0.1
2012,REG,00-0027844,,Erik Lorig,FB,RB,,12,TB,0,0,0,0,0,0,0,0,0,0,0,0,,0,,,0,0,0,0,0,0,,0,12,19,83,1,0,0,30,83,6,-0.421340014297945,0,2.76666666666667,0.0462287104622871,0.0080753701211305,0.074995824778222,0,14.3,26.3
2012,REG,00-0027854,S.Bradford,Sam Bradford,QB,QB,"https://static.www.nfl.com/image/private/f_auto,q_auto/league/fizwrxzfdaw7v2vzzpn6",16,LA,328,551,3702,21,13,35,233,5,1,4507,1518,185,0.281634985583218,4,0.821388950521411,0.0452945158539713,36,124,1,2,0,9,-4.12838048793492,0,0,0,0,0,0,0,0,0,0,,0,,,,,0,230.48,230.48
2012,REG,00-0027861,C.Spiller,C.J. Spiller,RB,RB,"https://static.www.nfl.com/image/private/f_auto,q_auto/league/jqbnrdpq9c2nbchzntxt",16,BUF,0,0,0,0,0,0,0,0,0,0,0,0,,0,,,207,1244,6,2,2,52,21.7662856751704,0,43,57,459,2,1,1,19,506,19,8.28371151271858,0,24.1578947368421,0.111984282907662,0.0047834843907351,0.171324863435008,0,212.3,255.3
2012,REG,00-0027864,,Ryan Mathews,RB,RB,"https://static.www.nfl.com/image/private/f_auto,q_auto/league/mai5izn84cdrvxlkwagb",12,LAC,0,0,0,0,0,0,0,0,0,0,0,0,,0,,,184,707,1,2,2,34,-16.8736892954836,0,39,57,252,0,0,0,-94,345,9,-4.14824272229453,0,-2.68085106382979,0.139024390243902,-0.0343567251461988,0.184486877763515,0,97.9,136.9
2012,REG,00-0027873,J.Gresham,Jermaine Gresham,TE,TE,"https://static.www.nfl.com/image/private/f_auto,q_auto/league/higvmot083ues41wbdgi",16,CIN,0,0,0,0,0,0,0,0,0,0,0,0,,0,,,0,0,0,0,0,0,,0,64,94,737,5,2,1,625,413,33,25.9652464266934,0,1.1792,0.177693761814745,0.141562853907135,0.365634640457112,0,101.7,165.7
2012,REG,00-0027874,D.Thomas,Demaryius Thomas,WR,WR,"https://static.www.nfl.com/image/private/f_auto,q_auto/league/p1yjsqtqimjd6iazu3h9",16,DEN,0,0,0,0,0,0,0,0,0,0,0,0,,0,,,0,0,0,0,0,0,,0,94,141,1434,10,3,3,1571,541,60,77.9596378358438,0,0.912794398472311,0.241438356164384,0.322124256715194,0.587644513947211,0,197.4,291.4
2012,REG,00-0027876,T.Tebow,Tim Tebow,TE,TE,,11,NYJ,6,8,39,0,0,2,7,0,0,69,25,2,-2.68273736763513,0,0.565217391304348,0.101656399368454,32,102,0,0,0,10,1.09090960220783,0,0,1,0,0,0,0,3,0,0,-1.47989910515025,0,0.0,0.0227272727272727,0.0060483870967741,0.038324780058651,0,11.76,11.76
2012,REG,00-0027888,,Toby Gerhart,RB,RB,"https://static.www.nfl.com/image/private/f_auto,q_auto/league/pne2o7x8dw3cngbahihv",15,MIN,0,0,0,0,0,0,0,0,0,0,0,0,,0,,,50,169,1,2,2,10,-11.3628535644282,0,20,27,155,0,0,0,32,145,9,-2.51229091542251,0,4.84375,0.0697674418604651,0.0118694362017804,0.112959768131944,0,34.4,54.4
2012,REG,00-0027890,,Ben Tate,RB,RB,,11,HOU,0,0,0,0,0,0,0,0,0,0,0,0,,0,,,65,279,2,1,1,17,1.34837950702058,0,11,11,49,0,0,0,9,40,2,-0.785140376712661,0,5.44444444444445,0.0674846625766871,0.0084190832553788,0.107120352143796,0,42.8,53.8
2012,REG,00-0027891,G.Tate,Golden Tate,WR,WR,"https://static.www.nfl.com/image/private/f_auto,q_auto/league/yfqebrp2o9t1gt1wqjku",15,SEA,1,1,23,1,0,0,0,0,0,23,0,1,3.19385000725742,0,1.0,,3,20,0,0,0,1,0.626992635894567,0,45,67,688,7,1,1,935,259,29,42.3241918710964,0,0.735828877005348,0.182561307901907,0.253113156469951,0.451021171381827,0,115.72,160.72
2012,REG,00-0027893,,Damian Williams,WR,WR,,13,TEN,0,0,0,0,0,0,0,0,0,0,0,0,,0,,,0,0,0,0,0,0,,0,30,45,324,0,0,0,422,75,18,-14.3929111061498,0,0.767772511848341,0.0965665236051502,0.105420934299276,0.218644439417218,0,32.4,62.4
2012,REG,00-0027902,D.Bryant,Dez Bryant,WR,WR,"https://static.www.nfl.com/image/private/f_auto,q_auto/league/jmggujwkiv7osgkhhnhl",16,DAL,0,0,0,0,0,0,0,0,0,0,0,0,,0,,,2,-5,0,0,0,0,-1.28388446755707,0,90,136,1371,12,2,1,1651,455,53,50.4972903220348,1,0.830405814657783,0.209876543209877,0.290822617579708,0.51839064712061,0,208.6,298.6
2012,REG,00-0027912,,Danario Alexander,WR,WR,,10,LAC,0,1,0,0,0,0,0,0,0,1,0,0,-0.65909140650183,0,0.0,,0,0,0,0,0,0,,0,37,62,658,7,0,0,727,283,29,40.8328460087068,0,0.905089408528198,0.202614379084967,0.313632441760138,0.523464277859548,0,107.8,144.8
2012,REG,00-0027918,,Andrew Hawkins,WR,WR,,14,CIN,0,0,0,0,0,0,0,0,0,0,0,0,,0,,,6,30,0,0,0,2,0.93675938580418,0,51,80,533,4,1,0,455,342,24,9.97751354900181,0,1.17142857142857,0.169491525423729,0.11318407960199,0.333466143856986,0,80.3,131.3
2012,REG,00-0027939,C.Newton,Cam Newton,QB,QB,"https://static.www.nfl.com/image/private/f_auto,q_auto/league/zwmgw2gmnn2kch4nquft",16,CAR,280,485,3869,19,12,36,244,6,2,4511,1715,168,54.9580554986388,0,0.85768122367546,0.104751044843534,127,741,8,4,1,49,30.827340639453,0,0,0,0,0,0,0,0,0,0,,0,,,,,0,322.86,322.86
2012,REG,00-0027942,A.Green,A.J. Green,WR,WR,"https://static.www.nfl.com/image/private/f_auto,q_auto/league/guj5a9vnnzqfiljupzuj",16,CIN,0,0,0,0,0,0,0,0,0,0,0,0,,0,,,4,38,0,0,0,2,1.50280849722913,0,97,164,1350,11,2,1,2235,381,61,34.7296296094461,0,0.604026845637584,0.310018903591682,0.484500325168003,0.804178583005126,0,202.8,299.8
2012,REG,00-0027943,P.Peterson,Patrick Peterson,CB,DB,"https://static.www.nfl.com/image/private/f_auto,q_auto/league/hefuj7lvfmgvr4tme7te",5,ARI,0,0,0,0,0,0,0,0,0,0,0,0,,0,,,2,13,0,0,0,1,0.329896233975887,0,3,3,11,0,0,0,4,7,0,-0.684882017783821,0,2.75,0.0214285714285714,0.0037105751391465,0.0347402597402597,0,2.4,5.4
2012,REG,00-0027944,J.Jones,Julio Jones,WR,WR,"https://static.www.nfl.com/image/upload/f_auto,q_auto/league/omrddf2phtyztzx2nup1",16,ATL,0,0,0,0,0,0,0,0,0,0,0,0,,0,,,6,30,0,0,0,3,1.2025445724139,0,79,129,1198,10,0,0,1574,464,56,60.737704004636,0,0.761118170266836,0.211129296235679,0.318236959158916,0.53945981576476,0,182.8,261.8
2012,REG,00-0027946,,Jake Locker,QB,QB,,11,TEN,177,314,2176,10,11,25,151,2,2,3031,824,93,-23.8942357879193,0,0.717914879577697,0.0203336953504767,41,291,1,2,2,13,9.38514532863184,0,0,0,0,0,0,0,0,0,0,,0,,,,,0,132.14,132.14
2012,REG,00-0027948,B.Gabbert,Blaine Gabbert,QB,QB,"https://static.www.nfl.com/image/private/f_auto,q_auto/league/fphhd3wedamgkps6e0dl",10,JAX,162,278,1662,9,6,22,158,4,2,2194,691,72,-37.6667482665597,2,0.757520510483136,-0.0010202835395568,18,56,0,1,1,6,-3.17650125426007,0,0,0,0,0,0,0,0,0,0,,0,,,,,0,94.08,94.08
2012,REG,00-0027950,,Christian Ponder,QB,QB,"https://static.www.nfl.com/image/private/f_auto,q_auto/league/zbs6aql0ucbsqdrclqrs",16,MIN,300,483,2935,18,12,32,184,5,4,3344,1610,163,-8.96750798814706,1,0.877691387559809,0.0446560129969047,60,253,2,2,1,11,-3.92377710415474,0,1,1,-15,0,0,0,-15,0,0,-1.96123747783713,0,0.0,0.03125,-0.072463768115942,-0.0038496376811594,0,193.2,194.2
2012,REG,00-0027964,,Jon Baldwin,WR,WR,,14,KC,0,0,0,0,0,0,0,0,0,0,0,0,,0,,,0,0,0,0,0,0,,0,20,47,325,1,0,0,731,109,14,-9.07064657858403,0,0.444596443228454,0.116336633663366,0.215761511216057,0.325538008346289,0,38.5,58.5
2012,REG,00-0027966,M.Ingram,Mark Ingram,RB,RB,"https://static.www.nfl.com/image/private/f_auto,q_auto/league/qyju9wutyssrf0b26ran",16,NO,0,0,0,0,0,0,0,0,0,0,0,0,,0,,,156,602,5,0,0,28,-11.0551812239842,0,6,10,29,0,0,0,-5,32,2,-2.13454625790473,0,-5.8,0.0269541778975741,-0.0018011527377521,0.0391704599299347,0,93.1,99.1
2012,REG,00-0027973,A.Dalton,Andy Dalton,QB,QB,"https://static.www.nfl.com/image/upload/f_auto,q_auto/league/az1zo7fl2tozg50tgs0d",16,CIN,329,528,3669,27,16,46,229,4,4,4528,1660,171,-0.901850358487154,0,0.810291519434629,0.0732896682172494,47,120,4,0,0,14,6.65848304052628,0,0,0,0,0,0,0,0,0,0,,0,,,,,0,250.76,250.76
2012,REG,00-0027974,,Colin Kaepernick,QB,QB,"https://static.www.nfl.com/image/private/f_auto,q_auto/league/nnvil5vbsj1nbldpc9nl",13,SF,136,218,1814,10,3,16,112,2,0,2140,705,85,52.8663107106011,0,0.847663551401869,0.145651378012674,63,415,5,7,2,20,-3.50453889080317,0,0,0,0,0,0,0,0,0,0,,0,,,,,0,174.06,174.06
2012,REG,00-0027976,,Ryan Williams,RB,RB,,5,ARI,0,0,0,0,0,0,0,0,0,0,0,0,,0,,,58,164,0,2,2,7,-21.4684133503375,0,7,10,44,0,0,0,10,35,3,-1.12230676741134,0,4.4,0.0543478260869565,0.0100502512562814,0.0885569150098318,0,16.8,23.8
2012,REG,00-0027981,K.Rudolph,Kyle Rudolph,TE,TE,"https://static.www.nfl.com/image/private/f_auto,q_auto/league/mtvrkfel5750mlevcvtp",16,MIN,0,0,0,0,0,0,0,0,0,0,0,0,,0,,,0,0,0,0,0,0,,0,53,94,493,9,0,0,604,275,34,14.6314711398212,1,0.816225165562914,0.196242171189979,0.182257091128546,0.421943220574951,0,105.3,158.3
2012,REG,00-0027982,,Titus Young,WR,WR,,10,DET,0,0,0,0,0,0,0,0,0,0,0,0,,0,,,2,16,0,0,0,1,0.60564068169333,0,33,56,383,4,0,0,620,79,20,9.01225225648439,0,0.617741935483871,0.128146453089245,0.166532366371206,0.308792336093712,0,63.9,96.9
2012,REG,00-0027985,L.Kendricks,Lance Kendricks,TE,TE,"https://static.www.nfl.com/image/private/f_auto,q_auto/league/njjeo5udwowpbfnufl5l",16,LA,0,0,0,0,0,0,0,0,0,0,0,0,,0,,,0,0,0,0,0,0,,0,42,64,519,4,1,0,429,225,25,21.9106325018517,1,1.20979020979021,0.11743119266055,0.0936885782922035,0.241728793795368,0,77.9,119.9
2012,REG,00-0027994,S.Vereen,Shane Vereen,RB,RB,"https://static.www.nfl.com/image/private/f_auto,q_auto/league/grirsvo53nqb22jzb1zk",11,NE,0,0,0,0,0,0,0,0,0,0,0,0,,0,,,62,251,3,0,0,15,4.93780662846984,0,8,13,149,1,1,1,33,140,6,8.3741134039592,0,4.51515151515152,0.0368271954674221,0.0130383247728171,0.0643676205421051,0,62.0,70.0
2012,REG,00-0027995,,Mikel Leshoure,RB,RB,,14,DET,0,0,0,0,0,0,0,0,0,0,0,0,,0,,,215,798,9,3,3,46,-32.7979706857462,0,34,48,214,0,0,0,2,231,11,-2.78839827986667,0,107.0,0.0790774299835255,0.0003752345215759,0.118878809140391,0,149.2,183.2
2012,REG,00-0027996,T.Smith,Torrey Smith,WR,WR,"https://static.www.nfl.com/image/private/f_auto,q_auto/league/sqvbn4ybxagyfwva3i51",16,BAL,0,0,0,0,0,0,0,0,0,0,0,0,,0,,,3,9,0,0,0,1,-0.865713394479826,0,49,110,855,8,0,0,2042,211,38,17.4587457949043,0,0.418707149853085,0.197841726618705,0.373445501097293,0.558174440696163,0,134.4,183.4
2012,REG,00-0027997,G.Little,Greg Little,WR,WR,"https://static.www.nfl.com/image/private/f_auto,q_auto/league/gunq4pae9yx2zlfz7qil",16,CLE,0,0,0,0,0,0,0,0,0,0,0,0,,0,,,2,15,0,0,0,1,1.99155327116023,0,53,92,647,4,0,0,930,189,35,2.95085749072825,0,0.695698924731183,0.163701067615658,0.219236209335219,0.399016947958141,0,90.2,143.2
2012,REG,00-0028000,,Daniel Thomas,RB,RB,,12,MIA,0,0,0,0,0,0,0,0,0,0,0,0,,0,,,91,325,4,3,2,15,-11.1395183072097,0,15,22,156,0,0,0,12,144,5,0.632160330908347,0,13.0,0.0753424657534247,0.0046153846153846,0.116244467860906,0,68.1,83.1
2012,REG,00-0028002,R.Cobb,Randall Cobb,WR,WR,"https://static.www.nfl.com/image/private/f_auto,q_auto/league/kuwo5hnkbtesfw6n9w1s",15,GB,0,0,0,0,0,0,0,0,0,0,0,0,,0,,,10,132,0,0,0,7,8.86687014030758,0,80,104,954,8,0,0,817,455,45,48.2674245869803,0,1.16768665850673,0.205533596837945,0.197009886665059,0.446207315922458,1,162.6,242.6
2012,REG,00-0028007,,Rob Housler,TE,TE,"https://static.www.nfl.com/image/private/f_auto,q_auto/league/lnu7z4mvnadgcnppqbxz",13,ARI,0,0,0,0,0,0,0,0,0,0,0,0,,0,,,0,0,0,0,0,0,,0,45,68,417,0,0,0,463,182,17,-1.98653628847164,0,0.900647948164147,0.133858267716535,0.115375031148767,0.28154992337894,0,41.7,86.7
2012,REG,00-0028009,D.Murray,DeMarco Murray,RB,RB,"https://static.www.nfl.com/image/private/f_auto,q_auto/league/lu4pqg7cvxbz7z4oormo",10,DAL,0,0,0,0,0,0,0,0,0,0,0,0,,0,,,161,663,4,2,2,39,-6.91818184332489,0,35,42,251,0,1,0,7,240,11,1.26099430292379,0,35.8571428571429,0.109660574412533,0.0020864381520119,0.165951368325207,0,111.4,146.4
2012,REG,00-0028011,S.Ridley,Stevan Ridley,RB,RB,"https://static.www.nfl.com/image/private/f_auto,q_auto/league/futdstbe48qaqcvtolzj",16,NE,0,0,0,0,0,0,0,0,0,0,0,0,,0,,,290,1263,12,4,2,82,3.97427813943863,0,6,14,51,0,0,0,26,47,2,-6.43756965879584,0,1.96153846153846,0.0444444444444444,0.0097781120722076,0.073511345117212,0,199.4,205.4
2012,REG,00-0028012,R.Mallett,Ryan Mallett,QB,QB,"https://static.www.nfl.com/image/private/f_auto,q_auto/league/tvn03oot2ttdoog5x0qr",3,NE,1,4,17,0,1,0,0,0,0,23,19,1,-2.61382184608374,0,0.739130434782609,,8,-9,0,0,0,0,-2.56559653999284,0,0,0,0,0,0,0,0,0,0,,0,,,,,0,-2.22,-2.22
2012,REG,00-0028016,,Austin Pettis,WR,WR,,13,LA,0,0,0,0,0,0,0,0,0,0,0,0,,0,,,0,0,0,0,0,0,,0,30,48,261,4,0,0,428,79,16,5.07138363003057,0,0.60981308411215,0.106430155210643,0.112129944982971,0.238136194304044,0,50.1,80.1
2012,REG,00-0028017,,Leonard Hankerson,WR,WR,,15,WAS,0,0,0,0,0,0,0,0,0,0,0,0,,0,,,2,5,0,0,0,0,-1.16915483912453,0,38,57,543,3,0,0,763,150,25,33.9479978982446,0,0.711664482306684,0.139705882352941,0.213845291479821,0.359250527565286,0,72.8,110.8
2012,REG,00-0028021,,Jerrel Jernigan,WR,WR,,6,NYG,0,0,0,0,0,0,0,0,0,0,0,0,,0,,,1,6,0,0,0,0,0.183039170689881,0,3,5,22,0,0,0,38,7,2,-8.99206684762612,0,0.578947368421053,0.032258064516129,0.0251655629139073,0.0660029908139287,0,2.8,5.8
2012,REG,00-0028034,,Alex Green,RB,RB,,11,GB,0,0,0,0,0,0,0,0,0,0,0,0,,0,,,135,464,0,0,0,17,-25.5306654703816,0,18,29,125,0,1,0,-33,158,5,-5.35845384381423,0,-3.78787878787879,0.102836879432624,-0.0146862483311081,0.14397494531716,0,58.9,76.9
2012,REG,00-0028040,,Jordan Cameron,TE,TE,"https://static.www.nfl.com/image/private/f_auto,q_auto/league/oyhmlsxyzwbznmeqnf9i",13,CLE,0,0,0,0,0,0,0,0,0,0,0,0,,0,,,0,0,0,0,0,0,,0,20,40,226,1,0,0,286,108,12,-3.62380572789473,0,0.79020979020979,0.0873362445414847,0.0837236533957846,0.189610924189276,0,28.6,48.6
2012,REG,00-0028042,L.Stocker,Luke Stocker,TE,TE,"https://static.www.nfl.com/image/private/f_auto,q_auto/league/keoilbfzupthtliuou1a",12,TB,0,0,0,0,0,0,0,0,0,0,0,0,,0,,,0,0,0,0,0,0,,0,16,28,165,1,0,0,157,88,8,0.297844222513959,0,1.05095541401274,0.0629213483146067,0.0342645133129638,0.118367181790985,0,22.5,38.5
2012,REG,00-0028043,,Roy Helu,RB,RB,"https://static.www.nfl.com/image/private/f_auto,q_auto/league/ahtlpumbpwlc7xm9ci9h",3,WAS,0,0,0,0,0,0,0,0,0,0,0,0,,0,,,2,2,0,0,0,0,-1.26483008568175,0,7,7,45,0,0,0,-2,47,1,2.08691148168273,0,-22.5,0.0813953488372093,-0.0028169014084507,0.120121192269898,0,4.7,11.7
2012,REG,00-0028045,,Kris Durham,WR,WR,,4,DET,0,0,0,0,0,0,0,0,0,0,0,0,,0,,,0,0,0,0,0,0,,0,8,21,125,1,0,0,304,25,7,-11.1219733001114,0,0.411184210526316,0.112903225806452,0.192283364958887,0.303953194180898,0,18.5,26.5
2012,REG,00-0028049,,Clyde Gates,WR,WR,,10,NYJ,0,0,0,0,0,0,0,0,0,0,0,0,,0,,,1,12,0,0,0,1,0.900512255378999,0,16,35,224,0,0,0,393,20,12,-4.7506363994231,0,0.569974554707379,0.107033639143731,0.129148866250411,0.250954665090884,0,23.6,39.6
2012,REG,00-0028052,,Cecil Shorts,WR,WR,"https://static.www.nfl.com/image/private/f_auto,q_auto/league/zdsyqinswn0k8664k9qs",14,JAX,0,0,0,0,0,0,0,0,0,0,0,0,,0,,,1,-4,0,0,0,0,-1.12102782400325,0,55,105,979,7,1,1,1307,360,36,34.0745439841424,0,0.749043611323642,0.211267605633803,0.312082139446036,0.53535890606293,0,137.5,192.5
2012,REG,00-0028053,,Kendall Hunter,RB,RB,"https://static.www.nfl.com/image/private/f_auto,q_auto/league/m9tciwm7ffejuubhfh7n",11,SF,0,0,0,0,0,1,4,0,0,0,0,0,-1.27874393376987,0,,,72,371,2,0,0,18,10.9553666513821,0,9,12,60,0,0,0,13,57,3,-2.78110754181398,0,4.61538461538462,0.05,0.0070118662351672,0.0799083063646171,0,55.1,64.1
2012,REG,00-0028057,,Delone Carter,RB,RB,,7,IND,0,0,0,0,0,0,0,0,0,0,0,0,,0,,,32,122,3,0,0,11,5.90552935609594,0,1,2,13,0,1,0,5,11,1,0.269864645670168,0,2.6,0.0317460317460317,0.0065876152832674,0.0522303783173348,0,31.5,32.5
2012,REG,00-0028061,,Tandon Doss,WR,WR,,8,BAL,0,0,0,0,0,0,0,0,0,0,0,0,,0,,,0,0,0,0,0,0,,0,7,17,123,1,0,0,196,52,6,2.46740339464981,0,0.627551020408163,0.053968253968254,0.0620253164556962,0.124370102471368,0,18.3,25.3
2012,REG,00-0028062,,Owen Marecic,RB,RB,,3,CLE,0,0,0,0,0,0,0,0,0,0,0,0,,0,,,0,0,0,0,0,0,,0,0,5,0,0,0,0,30,0,0,-3.54322418413358,0,0.0,0.05,0.0424929178470255,0.104745042492918,0,0.0,0.0
2012,REG,00-0028063,T.Jones,Taiwan Jones,RB,RB,"https://static.www.nfl.com/image/private/f_auto,q_auto/league/va09vgfr7bdc2wb6ikq4",3,LV,0,0,0,0,0,0,0,0,0,0,0,0,,0,,,6,21,0,0,0,1,-1.88518025923986,0,2,2,11,0,1,0,-5,16,0,-1.80211174977012,0,-2.2,0.0185185185185185,-0.0053304904051172,0.0240464344941957,0,3.2,5.2
2012,REG,00-0028064,B.Powell,Bilal Powell,RB,RB,"https://static.www.nfl.com/image/private/f_auto,q_auto/league/a5qlloemeetaqawzwuf7",14,NYJ,0,0,0,0,0,0,0,0,0,0,0,0,,0,,,110,437,4,0,0,23,-3.85367236175839,0,17,36,140,0,0,0,82,120,9,-13.0643839645848,0,1.70731707317073,0.0962566844919786,0.0235294117647059,0.160855614973262,0,81.7,98.7
2012,REG,00-0028068,,Jamie Harper,RB,RB,,6,TEN,0,0,0,0,0,0,0,0,0,0,0,0,,0,,,19,30,3,0,0,4,-1.96247553505236,0,1,1,8,0,0,0,3,5,0,-0.330262811854482,0,2.66666666666667,0.0232558139534884,0.0100334448160535,0.04190713230147,0,21.8,22.8
2012,REG,00-0028070,,Kealoha Pilares,WR,WR,,4,CAR,0,0,0,0,0,0,0,0,0,0,0,0,,0,,,1,5,0,0,0,1,0.580769840627909,0,2,4,42,1,0,0,-8,49,1,3.48004319152096,0,0.0,0.04,-0.0127591706539075,0.0510685805422648,0,10.7,12.7
2012,REG,00-0028071,,Johnny White,RB,RB,,3,BUF,0,0,0,0,0,0,0,0,0,0,0,0,,0,,,8,34,0,0,0,1,-0.588907949102577,0,0,0,0,0,0,0,0,0,0,,0,,,,,0,3.4,3.4
2012,REG,00-0028074,A.Sherman,Anthony Sherman,RB,RB,"https://static.www.nfl.com/image/private/f_auto,q_auto/league/ibmfpy4ztgmqfwtood5x",6,ARI,0,0,0,0,0,0,0,0,0,0,0,0,,0,,,0,0,0,0,0,0,,0,5,8,39,0,0,0,-3,41,1,-1.97642741778724,0,-13.0,0.032258064516129,-0.0031512605042016,0.0461812144212524,0,3.9,8.9
2012,REG,00-0028079,,D.J. Williams,TE,TE,,7,GB,0,0,0,0,0,0,0,0,0,0,0,0,,0,,,0,0,0,0,0,0,,0,7,15,57,0,0,0,101,40,3,-2.00578240462346,0,0.564356435643564,0.0625,0.058584686774942,0.134759280742459,0,5.7,12.7
2012,REG,00-0028083,J.Rodgers,Jacquizz Rodgers,RB,RB,"https://static.www.nfl.com/image/private/f_auto,q_auto/league/ztmescfueap5glplyf7w",16,ATL,0,0,0,0,0,0,0,0,0,0,0,0,,0,,,94,362,1,0,0,16,-18.8170243215384,0,53,59,402,1,0,0,-25,437,17,10.3238135484571,0,-16.08,0.0965630114566285,-0.0050545895673271,0.141306304487814,0,88.4,141.4
2012,REG,00-0028086,,Denarius Moore,WR,WR,"https://static.www.nfl.com/image/private/f_auto,q_auto/league/sttop34l1fezi28ls4d9",15,LV,0,0,0,0,0,0,0,0,0,0,0,0,,0,,,1,-5,0,0,0,0,-1.39316628314555,0,51,114,741,7,1,0,1417,258,33,-8.75803287463177,0,0.522935779816514,0.197231833910035,0.288183851942241,0.497576447224621,0,115.6,166.6
2012,REG,00-0028087,D.Lewis,Dion Lewis,RB,RB,"https://static.www.nfl.com/image/private/f_auto,q_auto/league/erzmtaaz3eimbg998hyq",6,PHI,0,0,0,0,0,0,0,0,0,0,0,0,,0,,,13,69,1,0,0,5,3.68427410448203,0,2,2,24,0,0,0,-5,29,1,-0.346129787096288,0,-4.8,0.0246913580246914,-0.0062189054726368,0.0326838032061913,0,15.3,17.3
2012,REG,00-0028090,T.Yates,T.J. Yates,QB,QB,"https://static.www.nfl.com/image/private/f_auto,q_auto/league/h8x0pbhc1s5dwjuzipsb",3,HOU,4,10,38,0,1,1,0,1,0,64,29,3,-5.19841304625152,0,0.59375,-0.0683236700733502,2,-1,1,0,0,1,1.60050205653533,0,0,0,0,0,0,0,0,0,0,,0,,,,,0,5.42,5.42
2012,REG,00-0028091,J.Kerley,Jeremy Kerley,WR,WR,"https://static.www.nfl.com/image/private/f_auto,q_auto/league/lsfc40maht2r3k0ctu1b",16,NYJ,1,1,42,0,0,0,0,0,0,42,0,1,2.3229690536391,0,1.0,,5,8,0,0,0,0,-1.97372158884536,0,56,96,827,2,2,1,929,292,31,6.0639242882733,0,0.890204520990312,0.19672131147541,0.212488563586459,0.443823961723636,1,101.18,157.18
2012,REG,00-0028092,R.Sherman,Richard Sherman,CB,DB,"https://static.www.nfl.com/image/private/f_auto,q_auto/league/bdfb1uulaykfcryanimb",1,SEA,0,0,0,0,0,0,0,0,0,0,0,0,,0,,,0,0,0,0,0,0,,0,0,0,0,0,0,0,0,0,0,,0,,,,,1,6.0,6.0
2012,REG,00-0028093,N.Paul,Niles Paul,TE,TE,"https://static.www.nfl.com/image/private/f_auto,q_auto/league/c2hufhhjyuitenxujhpz",10,WAS,0,0,0,0,0,0,0,0,0,0,0,0,,0,,,1,-1,0,0,0,0,-1.36044482068636,0,8,15,152,1,0,0,145,56,5,5.75811120399158,0,1.04827586206897,0.0541516245487365,0.0633741258741259,0.125589324934993,0,21.1,29.1
2012,REG,00-0028097,L.Smith,Lee Smith,TE,TE,"https://static.www.nfl.com/image/private/f_auto,q_auto/league/gcaqwhzrinlqicrljwlr",4,BUF,0,0,0,0,0,0,0,0,0,0,0,0,,0,,,0,0,0,0,0,0,,0,4,4,13,2,0,0,8,5,3,2.07722269854276,0,1.625,0.0289855072463768,0.0098643649815043,0.0503833163566182,0,13.3,17.3
2012,REG,00-0028105,,Ryan Whalen,WR,WR,,5,CIN,0,0,0,0,0,0,0,0,0,0,0,0,,0,,,0,0,0,0,0,0,,0,7,12,53,0,0,0,104,14,3,-5.09726072533522,0,0.509615384615385,0.0764331210191083,0.07202216066482,0.165065193994036,0,5.3,12.3
2012,REG,00-0028112,C.Clay,Charles Clay,TE,TE,"https://static.www.nfl.com/image/private/f_auto,q_auto/league/gbfhfjn5cxtou5aazegt",13,MIA,0,0,0,0,0,0,0,0,0,0,0,0,,0,,,0,0,0,0,0,0,,0,18,33,212,2,0,0,228,81,8,-3.02932799834525,0,0.929824561403509,0.0816831683168317,0.0737864077669903,0.174175237912141,0,33.2,51.2
2012,REG,00-0028114,D.Harris,Dwayne Harris,WR,WR,"https://static.www.nfl.com/image/private/f_auto,q_auto/league/cz34jefkstkm3mvjznvg",9,DAL,0,0,0,0,0,0,0,0,0,0,0,0,,0,,,0,0,0,0,0,0,,0,17,31,222,1,0,0,308,110,9,6.81739670272548,1,0.720779220779221,0.0880681818181818,0.10562414266118,0.206039172590099,1,36.2,53.2
2012,REG,00-0028115,,Evan Royster,RB,RB,,15,WAS,0,0,0,0,0,0,0,0,0,0,0,0,,0,,,23,88,2,0,0,8,2.09069871422253,0,15,23,109,0,0,0,7,115,2,-7.52352125855396,0,15.5714285714286,0.0754098360655738,0.0029300962745918,0.115165821490575,0,31.7,46.7
2012,REG,00-0028116,A.Robinson,Aldrick Robinson,WR,WR,"https://static.www.nfl.com/image/private/f_auto,q_auto/league/lzdmahvzc7tm4pulh2sj",9,WAS,0,0,0,0,0,0,0,0,0,0,0,0,,0,,,1,14,0,0,0,1,1.70349741331302,0,11,19,237,3,0,0,407,62,9,16.6106487007055,0,0.582309582309582,0.0756972111553785,0.181372549019608,0.240506601046793,0,43.1,54.1
2012,REG,00-0028118,T.Taylor,Tyrod Taylor,QB,QB,"https://static.www.nfl.com/image/upload/f_auto,q_auto/league/xk8e04jdsvigd6fky3uy",5,BAL,17,29,179,0,1,3,30,0,0,157,80,8,-6.62988118241165,0,1.14012738853503,0.039958234321425,14,73,1,0,0,5,0.987569336552157,0,0,0,0,0,0,0,0,0,0,,0,,,,,0,18.46,18.46
2012,REG,00-0028119,,Richard Gordon,TE,TE,"https://static.www.nfl.com/image/private/f_auto,q_auto/league/d6n88ld1jh7hkg7lynur",3,LV,0,0,0,0,0,0,0,0,0,0,0,0,,0,,,0,0,0,0,0,0,,0,2,7,9,1,0,0,54,6,1,-2.48660947817305,0,0.166666666666667,0.0486111111111111,0.0453781512605042,0.10468137254902,0,6.9,8.9
2012,REG,00-0028121,J.Todman,Jordan Todman,RB,RB,"https://static.www.nfl.com/image/private/f_auto,q_auto/league/lhoxroo20gf8a3mbiczr",1,JAX,0,0,0,0,0,0,0,0,0,0,0,0,,0,,,3,8,0,0,0,0,-0.906047232274432,0,1,1,0,0,0,0,-3,3,0,-1.41956732829567,0,0.0,0.0238095238095238,-0.0075187969924812,0.0304511278195489,0,0.8,1.8
2012,REG,00-0028142,V.Green,Virgil Green,TE,TE,"https://static.www.nfl.com/image/private/f_auto,q_auto/league/wcdedz1qf7ybkujat6bu",3,DEN,0,0,0,0,0,0,0,0,0,0,0,0,,0,,,0,0,0,0,0,0,,0,5,6,63,0,0,0,2,62,4,5.05110362847336,0,31.5,0.0612244897959184,0.0024968789013732,0.0935845499248388,0,6.3,11.3
2012,REG,00-0028146,,Greg McElroy,QB,QB,,2,NYJ,19,31,214,1,1,11,71,1,1,222,123,13,-15.8495007543675,0,0.963963963963964,0.0365948243830073,8,30,0,0,0,2,-2.94929516076809,0,0,0,0,0,0,0,0,0,0,,0,,,,,0,11.56,11.56
2012,REG,00-0028149,B.Miller,Bruce Miller,FB,RB,"https://static.www.nfl.com/image/private/f_auto,q_auto/league/xmxfgtmbvqxhpp3ldkwq",10,SF,0,0,0,0,0,0,0,0,0,0,0,0,,0,,,5,18,0,0,0,2,0.300330728525296,0,12,13,84,0,0,0,24,63,4,4.65647883556085,0,3.5,0.0590909090909091,0.0135746606334842,0.0981386260798025,0,10.2,22.2
2012,REG,00-0028156,,Ryan Taylor,TE,TE,,1,GB,0,0,0,0,0,0,0,0,0,0,0,0,,0,,,0,0,0,0,0,0,,0,1,1,11,0,0,0,6,5,1,1.16426027542911,0,1.83333333333333,0.025,0.0164835164835165,0.0490384615384615,0,1.1,2.1
2012,REG,00-0028158,,Shaun Chapas,RB,RB,,2,DET,0,0,0,0,0,0,0,0,0,0,0,0,,0,,,0,0,0,0,0,0,,0,1,2,6,0,0,0,6,3,0,-0.698397064814344,0,1.0,0.0210526315789474,0.0084269662921348,0.0374778237729154,0,0.6,1.6
2012,REG,00-0028159,,Da'Rel Scott,RB,RB,,1,NYG,0,0,0,0,0,0,0,0,0,0,0,0,,0,,,6,9,0,0,0,1,-1.67420995465716,0,0,0,0,0,0,0,0,0,0,,0,,,,,0,0.9,0.9
2012,REG,00-0028163,,Anthony Allen,RB,RB,,6,BAL,0,0,0,0,0,0,0,0,0,0,0,0,,0,,,16,61,1,0,0,4,0.839569445757661,0,2,4,12,0,0,0,10,14,1,-0.252530416473746,0,1.2,0.0285714285714286,0.0085324232081911,0.0488298391028766,0,13.3,15.3
2012,REG,00-0028170,,Baron Batch,RB,RB,,8,PIT,0,0,0,0,0,0,0,0,0,0,0,0,,0,,,25,49,1,0,0,4,-5.07546901638852,0,4,5,31,0,0,0,20,30,3,1.12350058316952,0,1.55,0.0320512820512821,0.0172413793103448,0.0601458885941644,0,14.0,18.0
2012,REG,00-0028174,,Stephen Burton,WR,WR,,7,MIN,0,0,0,0,0,0,0,0,0,0,0,0,,0,,,0,0,0,0,0,0,,0,5,11,35,1,0,0,59,21,1,-1.51290547944514,0,0.593220338983051,0.0484581497797357,0.0382372002592353,0.0994532648510682,0,9.5,14.5
2012,REG,00-0028178,,Stanley Havili,FB,RB,,9,PHI,0,0,0,0,0,0,0,0,0,0,0,0,,0,,,6,22,1,0,0,1,0.210050109802978,0,7,12,43,0,0,0,30,21,1,-4.35786482662661,0,1.43333333333333,0.0449438202247191,0.0138632162661738,0.0771199817234003,0,12.5,19.5
2012,REG,00-0028179,,David Ausberry,TE,TE,,7,LV,0,0,0,0,0,0,0,0,0,0,0,0,,0,,,0,0,0,0,0,0,,0,7,12,92,0,0,0,64,43,5,2.83968124743303,0,1.4375,0.044280442804428,0.0267335004177109,0.0851341144990397,0,9.2,16.2
2012,REG,00-0028180,M.Smith,Malcolm Smith,MLB,LB,"https://static.www.nfl.com/image/private/f_auto,q_auto/league/uelur2x665hhkdopr9qb",1,SEA,0,0,0,0,0,0,0,0,0,0,0,0,,0,,,0,0,0,0,0,0,,0,0,0,0,0,0,0,0,0,0,,0,,,,,1,6.0,6.0
2012,REG,00-0028189,,Tommie Campbell,DB,DB,,1,TEN,0,0,0,0,0,0,0,0,0,0,0,0,,0,,,0,0,0,0,0,0,,0,0,0,0,0,0,0,0,0,0,,0,,,,,1,6.0,6.0
2012,REG,00-0028198,,Matt Asiata,RB,RB,,3,MIN,0,0,0,0,0,0,0,0,0,0,0,0,,0,,,3,9,0,0,0,0,-1.27724022441544,0,1,1,2,0,0,0,-2,4,0,-0.488543118466623,0,-1.0,0.037037037037037,-0.0103626943005181,0.0483016695451929,0,1.1,2.1
2012,REG,00-0028202,S.Draughn,Shaun Draughn,RB,RB,"https://static.www.nfl.com/image/private/f_auto,q_auto/league/bxkirs3zrup0djv8x2ns",14,KC,0,0,0,0,0,0,0,0,0,0,0,0,,0,,,59,233,2,1,1,16,-2.54360653167822,0,24,30,158,0,0,0,27,144,5,-6.92276075459085,0,5.85185185185185,0.0810810810810811,0.0093232044198895,0.128147864715544,0,49.1,73.1
2012,REG,00-0028238,,Konrad Reuland,TE,TE,,11,NYJ,0,0,0,0,0,0,0,0,0,0,0,0,,0,,,0,0,0,0,0,0,,0,11,16,83,0,0,0,40,49,6,2.55202071368694,0,2.075,0.0441988950276243,0.0119189511323004,0.0746416083340467,0,8.3,19.3
2012,REG,00-0028263,A.Holmes,Andre Holmes,WR,WR,"https://static.www.nfl.com/image/private/f_auto,q_auto/league/ujb4sism9jdte3o8ofve",2,DAL,0,0,0,0,0,0,0,0,0,0,0,0,,0,,,0,0,0,0,0,0,,0,2,2,11,0,0,0,8,3,1,0.367660698073451,0,1.375,0.0176991150442478,0.0093240093240093,0.0330754790931782,0,1.1,3.1
2012,REG,00-0028267,,Allen Reisner,TE,TE,"https://static.www.nfl.com/image/private/f_auto,q_auto/league/onxfr5rajtibpckwkgol",1,MIN,0,0,0,0,0,0,0,0,0,0,0,0,,0,,,0,0,0,0,0,0,,0,1,1,13,0,0,0,11,2,1,1.52255753515055,0,1.18181818181818,0.0454545454545455,0.0846153846153846,0.127412587412587,0,1.3,2.3
2012,REG,00-0028270,,Weslye Saunders,TE,TE,,3,IND,0,0,0,0,0,0,0,0,0,0,0,0,,0,,,0,0,0,0,0,0,,0,2,4,15,0,0,0,63,2,1,-0.515896781289484,0,0.238095238095238,0.0327868852459016,0.0524126455906822,0.08586917978233,0,1.5,3.5
2012,REG,00-0028292,N.Bellore,Nick Bellore,ILB,LB,"https://static.www.nfl.com/image/upload/f_auto,q_auto/league/wlj7zdf6h9p9dnhdtmih",1,NYJ,0,0,0,0,0,0,0,0,0,0,0,0,,0,,,0,0,0,0,0,0,,0,1,1,23,0,0,0,9,14,1,4.00069773488212,0,2.55555555555556,0.0526315789473684,0.0891089108910891,0.141323606044815,0,2.3,3.3
2012,REG,00-0028307,,Drew Davis,WR,WR,,4,ATL,0,0,0,0,0,0,0,0,0,0,0,0,,0,,,0,0,0,0,0,0,,0,4,6,40,1,0,0,76,23,2,2.79225433815736,0,0.526315789473684,0.0342857142857143,0.0558412931667891,0.0905174766453238,0,10.0,14.0
2012,REG,00-0028337,,Kyle Adams,TE,TE,,6,CHI,0,0,0,0,0,0,0,0,0,0,0,0,,0,,,0,0,0,0,0,0,,0,4,8,40,0,0,0,84,5,2,-1.17453976790421,0,0.476190476190476,0.036036036036036,0.0387990762124711,0.0812134074027838,0,4.0,8.0
2012,REG,00-0028338,,Kris Adams,WR,WR,,3,IND,0,0,0,0,0,0,0,0,0,0,0,0,,0,,,0,0,0,0,0,0,,0,2,8,26,0,0,0,98,5,2,-2.5019794308464,0,0.26530612244898,0.0677966101694915,0.0809917355371901,0.15838913013027,0,2.6,4.6
2012,REG,00-0028345,,Robert Hughes,RB,RB,,2,IND,0,0,0,0,0,0,0,0,0,0,0,0,,0,,,1,5,0,0,0,1,0.571678005624563,0,1,1,3,0,0,0,3,0,0,-0.273213801207021,0,1.0,0.0384615384615385,0.0102739726027397,0.0648840885142255,0,0.8,1.8
2012,REG,00-0028352,,Dane Sanzenbacher,WR,WR,,2,CHI,0,0,0,0,0,0,0,0,0,0,0,0,,0,,,0,0,0,0,0,0,,0,1,3,7,0,0,0,14,4,1,-0.0510677660931833,0,0.5,0.0476190476190476,0.0221169036334913,0.0869104039720154,0,0.7,1.7
2012,REG,00-0028362,,Michael Preston,WR,WR,,3,TEN,0,0,0,0,0,0,0,0,0,0,0,0,,0,,,0,0,0,0,0,0,,0,5,7,59,0,0,0,126,9,3,2.315463617153,0,0.468253968253968,0.0813953488372093,0.134328358208955,0.216122874002083,0,5.9,10.9
2012,REG,00-0028400,,Armon Binns,WR,WR,,8,MIA,0,0,0,0,0,0,0,0,0,0,0,0,,0,,,0,0,0,0,0,0,,0,24,40,277,1,1,1,348,112,11,4.61200664614062,0,0.795977011494253,0.145985401459854,0.147896302592435,0.322505514004486,0,31.7,55.7
2012,REG,00-0028406,,Tommy Gallarda,TE,TE,,3,ATL,0,0,0,0,0,0,0,0,0,0,0,0,,0,,,0,0,0,0,0,0,,0,1,4,7,0,0,0,17,1,0,-1.49667808925733,0,0.411764705882353,0.03125,0.0159325210871603,0.0580277647610122,0,0.7,1.7
2012,REG,00-0028409,D.Harris,DuJuan Harris,RB,RB,"https://static.www.nfl.com/image/private/f_auto,q_auto/league/bm9b6aulywolcwjqjcpo",4,GB,0,0,0,0,0,0,0,0,0,0,0,0,,0,,,34,157,2,0,0,8,3.57386112015229,0,2,2,17,0,0,0,-3,20,1,0.952487022150308,0,-5.66666666666667,0.0526315789473684,-0.0102739726027397,0.0717555875991348,0,29.4,31.4
2012,REG,00-0028416,,Richard Murphy,RB,RB,,4,JAX,0,0,0,0,0,0,0,0,0,0,0,0,,0,,,23,92,0,0,0,3,-0.195404340542154,0,0,1,0,0,0,0,4,0,0,-1.59948922605136,0,0.0,0.0204081632653061,0.0095693779904306,0.0373108094912606,0,9.2,9.2
2012,REG,00-0028417,,Jamar Newsome,WR,WR,,6,KC,0,0,0,0,0,0,0,0,0,0,0,0,,0,,,0,0,0,0,0,0,,0,5,16,73,0,0,0,251,19,3,-4.95942416787148,0,0.290836653386454,0.114285714285714,0.207781456953642,0.316875591296121,0,7.3,12.3
2012,REG,00-0028434,D.Baldwin,Doug Baldwin,WR,WR,"https://static.www.nfl.com/image/private/f_auto,q_auto/league/kccmcttfdtl7m3g49vb8",14,SEA,0,0,0,0,0,0,0,0,0,0,0,0,,0,,,0,0,0,0,0,0,,0,29,50,366,3,0,0,622,78,18,15.5636120620071,0,0.588424437299035,0.144927536231884,0.179095882522315,0.342758422113447,0,54.6,83.6
2012,REG,00-0028441,J.Johnson,Jeron Johnson,DB,DB,"https://static.www.nfl.com/image/private/f_auto,q_auto/league/ldlvegsfcqtjduas1ge2",1,SEA,0,0,0,0,0,0,0,0,0,0,0,0,,0,,,0,0,0,0,0,0,,0,0,0,0,0,0,0,0,0,0,,0,,,,,1,6.0,6.0
2012,REG,00-0028492,,Henry Hynoski,FB,RB,,12,NYG,0,0,0,0,0,0,0,0,0,0,0,0,,0,,,5,20,0,0,0,0,-0.489740761811845,0,11,15,50,1,0,0,8,44,2,-1.4374529334018,0,6.25,0.040983606557377,0.003003003003003,0.0635775119381677,0,13.0,24.0
2012,REG,00-0028522,,Mike Higgins,TE,TE,,1,NO,0,0,0,0,0,0,0,0,0,0,0,0,,0,,,0,0,0,0,0,0,,0,1,1,-3,0,0,0,-4,1,0,-0.793157008476555,0,0.0,0.0208333333333333,-0.0076775431861804,0.0258757197696737,0,-0.3,0.7
2012,REG,00-0028532,,Joseph Morgan,WR,WR,"https://static.www.nfl.com/image/private/f_auto,q_auto/league/xbylwiooxrpv38gourpe",11,NO,0,0,0,0,0,0,0,0,0,0,0,0,,0,,,1,1,0,0,0,0,-0.511218044906855,0,10,20,379,3,0,0,548,87,9,23.0100080646225,0,0.691605839416058,0.0428265524625268,0.136556192374782,0.159829163356138,0,56.0,66.0
2012,REG,00-0028536,B.Braman,Bryan Braman,LB,LB,"https://static.www.nfl.com/image/private/f_auto,q_auto/league/kqmagzpldnz3zwvkes8l",1,HOU,0,0,0,0,0,0,0,0,0,0,0,0,,0,,,0,0,0,0,0,0,,0,0,0,0,0,0,0,0,0,0,,0,,,,,1,6.0,6.0
2012,REG,00-0028542,,Lestar Jean,WR,WR,,7,HOU,0,0,0,0,0,0,0,0,0,0,0,0,,0,,,0,0,0,0,0,0,,0,6,12,151,1,0,0,228,83,5,9.6872339315596,0,0.662280701754386,0.0476190476190476,0.106442577030812,0.14593837535014,0,21.1,27.1
2012,REG,00-0028565,,Armando Allen,RB,RB,,9,CHI,0,0,0,0,0,0,0,0,0,0,0,0,,0,,,27,124,1,0,0,6,-2.88805071823299,0,2,3,16,0,0,0,-11,23,0,-1.6327821847517,0,-1.45454545454545,0.0638297872340426,-0.0197486535008977,0.0819206234004355,0,20.0,22.0
2012,REG,00-0028581,P.DiMarco,Patrick DiMarco,FB,RB,"https://static.www.nfl.com/image/private/f_auto,q_auto/league/chit1zcsfqaoqzkqc9eh",1,KC,0,0,0,0,0,0,0,0,0,0,0,0,,0,,,0,0,0,0,0,0,,0,0,1,0,0,0,0,4,0,0,-0.587954532471485,0,0.0,0.0434782608695652,0.0222222222222222,0.0807729468599034,0,0.0,0.0
2012,REG,00-0028613,,Phillip Tanner,RB,RB,,5,DAL,0,0,0,0,0,0,0,0,0,0,0,0,,0,,,25,61,0,0,0,3,-4.89816101331049,0,4,5,41,0,0,0,15,28,3,2.40241700108163,0,2.73333333333333,0.0340136054421769,0.0109970674486804,0.0587183553773416,0,10.2,14.2
2012,REG,00-0028646,,David Gilreath,WR,WR,,2,PIT,0,0,0,0,0,0,0,0,0,0,0,0,,0,,,1,7,0,0,0,0,0.388628962449729,0,0,2,0,0,0,0,50,0,0,-0.179055234591942,0,0.0,0.0273972602739726,0.0673854447439353,0.0882657017317136,0,0.7,0.7
2012,REG,00-0028651,,Mike McNeill,TE,TE,,5,LA,0,0,0,0,0,0,0,0,0,0,0,0,,0,,,0,0,0,0,0,0,,0,4,7,31,0,0,0,43,15,1,-4.36878080759197,0,0.72093023255814,0.0421686746987952,0.0308464849354376,0.0848455515029991,0,3.1,7.1
2012,REG,00-0028706,,Armond Smith,RB,RB,,1,CAR,0,0,0,0,0,0,0,0,0,0,0,0,,0,,,3,0,0,0,0,0,-2.24684349918971,0,0,0,0,0,0,0,0,0,0,,0,,,,,0,0.0,0.0
2012,REG,00-0028736,,William Powell,RB,RB,,12,ARI,0,0,0,0,0,0,0,0,0,0,0,0,,0,,,60,217,0,0,0,10,-5.39563506486593,0,19,25,132,0,0,0,94,81,6,-6.4505346424703,0,1.40425531914894,0.0728862973760933,0.033535497681056,0.132804294440879,0,34.9,53.9
2012,REG,00-0028792,,Kevin Cone,WR,WR,,1,ATL,0,0,0,0,0,0,0,0,0,0,0,0,,0,,,0,0,0,0,0,0,,0,0,1,0,0,0,0,1,0,0,-0.567963764711749,0,0.0,0.0204081632653061,0.0023866348448687,0.0322828892893673,0,0.0,0.0
2012,REG,00-0028825,T.Pryor,Terrelle Pryor,WR,WR,"https://static.www.nfl.com/image/private/f_auto,q_auto/league/ac6blk5o4ztsr7hvtil9",3,LV,14,30,155,2,1,0,0,0,0,338,25,9,1.3403564269247,0,0.458579881656805,0.0184210873956209,10,51,1,0,0,4,1.31941125774756,0,1,1,22,0,0,0,1,21,1,2.13026719493791,0,22.0,0.0277777777777778,0.0040160642570281,0.0444779116465863,0,25.5,26.5
2012,REG,00-0028841,,Will Johnson,RB,RB,"https://static.www.nfl.com/image/private/f_auto,q_auto/league/zon7oejkgzgqyzcdhach",13,PIT,0,0,0,0,0,0,0,0,0,0,0,0,,0,,,2,7,0,0,0,0,-0.181901961099356,0,15,26,137,1,0,0,128,78,8,2.3695298146049,0,1.0703125,0.0568927789934355,0.0329557157569516,0.108408169520019,0,20.4,35.4
2012,REG,00-0028842,,Hayden Smith,TE,TE,,1,NYJ,0,0,0,0,0,0,0,0,0,0,0,0,,0,,,0,0,0,0,0,0,,0,1,1,16,0,0,0,-5,21,1,1.19540854846127,0,0.0,0.04,-0.0261780104712042,0.0416753926701571,0,1.6,2.6
2012,REG,00-0028872,J.Hekker,Johnny Hekker,P,SPEC,"https://static.www.nfl.com/image/upload/f_auto,q_auto/league/bcl8kjfwubicyywpxfny",3,LA,3,3,42,1,0,0,0,0,0,21,21,3,8.20049924816703,0,2.0,,1,-9,0,0,0,0,-2.50769411423244,0,0,0,0,0,0,0,0,0,0,,0,,,,,0,4.78,4.78
2012,REG,00-0028876,,Collin Mooney,RB,RB,,1,TEN,0,0,0,0,0,0,0,0,0,0,0,0,,0,,,5,19,0,0,0,2,-2.19939900340978,0,0,0,0,0,0,0,0,0,0,,0,,,,,0,1.9,1.9
2012,REG,00-0028899,R.McLeod,Rodney McLeod,FS,DB,"https://static.www.nfl.com/image/upload/f_auto,q_auto/league/ettne7rdpnkozuyhx8be",1,LA,0,0,0,0,0,0,0,0,0,0,0,0,,0,,,0,0,0,0,0,0,,0,1,1,21,0,0,0,10,11,1,1.02746309206123,0,2.1,0.0256410256410256,0.0393700787401575,0.0660205935796487,0,2.1,3.1
2012,REG,00-0028903,G.Celek,Garrett Celek,TE,TE,"https://static.www.nfl.com/image/private/f_auto,q_auto/league/hin5nyuakhpbngjhepty",4,SF,0,0,0,0,0,0,0,0,0,0,0,0,,0,,,0,0,0,0,0,0,,0,4,7,51,0,0,0,54,21,2,1.82101944793249,0,0.944444444444444,0.0555555555555556,0.0406320541760722,0.111775771256584,0,5.1,9.1
2012,REG,00-0028905,,Chris Owusu,WR,WR,"https://static.www.nfl.com/image/private/f_auto,q_auto/league/jt4c83h8nuz5einex0ya",2,TB,0,0,0,0,0,0,0,0,0,0,0,0,,0,,,0,0,0,0,0,0,,0,1,3,24,0,0,0,27,11,1,-2.52957909269026,0,0.888888888888889,0.0416666666666667,0.0338770388958595,0.0862139272271016,0,2.4,3.4
2012,REG,00-0028906,,Nathan Palmer,WR,WR,,3,IND,0,0,0,0,0,0,0,0,0,0,0,0,,0,,,0,0,0,0,0,0,,0,1,4,-4,0,0,0,44,-1,0,-2.87334562910334,0,-0.0909090909090909,0.027027027027027,0.0279187817258883,0.0600836877486624,0,-0.4,0.6
2012,REG,00-0028930,,Josh Cooper,WR,WR,,6,CLE,0,0,0,0,0,0,0,0,0,0,0,0,,0,,,0,0,0,0,0,0,,0,8,18,106,0,0,0,136,52,6,2.95323841459507,0,0.779411764705882,0.09,0.0953048353188507,0.201713384723196,0,10.6,18.6
2012,REG,00-0028958,C.Harkey,Cory Harkey,TE,TE,"https://static.www.nfl.com/image/private/f_auto,q_auto/league/qnxxlalj3rx8oueqjgsv",2,LA,0,0,0,0,0,0,0,0,0,0,0,0,,0,,,0,0,0,0,0,0,,0,1,2,21,0,0,0,25,7,1,0.709235931339208,0,0.84,0.0204081632653061,0.0342935528120713,0.0546177318664091,0,2.1,3.1
2012,REG,00-0028994,,Dominique Jones,TE,TE,"https://static.www.nfl.com/image/private/f_auto,q_auto/league/idkomraqkcnmkivkqjwk",1,IND,0,0,0,0,0,0,0,0,0,0,0,0,,0,,,0,0,0,0,0,0,,0,1,1,8,0,0,0,3,5,0,0.540751696331427,0,2.66666666666667,0.0222222222222222,0.0068649885583524,0.03813882532418,0,0.8,1.8
2012,REG,00-0028995,,Stephen Hill,WR,WR,,11,NYJ,0,0,0,0,0,0,0,0,0,0,0,0,,0,,,0,0,0,0,0,0,,0,21,47,252,3,0,0,636,32,17,0.217604411448559,0,0.39622641509434,0.13946587537092,0.215593220338983,0.360114067293668,0,43.2,64.2
2012,REG,00-0029000,C.Beasley,Cole Beasley,WR,WR,"https://static.www.nfl.com/image/private/f_auto,q_auto/league/y5r0fhwctl6ljwvmktvu",8,DAL,0,0,0,0,0,0,0,0,0,0,0,0,,0,,,0,0,0,0,0,0,,0,15,24,128,0,0,0,125,59,8,-2.75521965674317,0,1.024,0.0731707317073171,0.0480399692544197,0.143384076039069,0,12.8,27.8
2012,REG,00-0029004,L.Dunbar,Lance Dunbar,RB,RB,"https://static.www.nfl.com/image/private/f_auto,q_auto/league/mwxzuvjfvoecnoze3aty",6,DAL,0,0,0,0,0,0,0,0,0,0,0,0,,0,,,21,75,0,0,0,5,-4.17437301326414,0,6,12,33,0,0,0,28,24,3,-2.19134715851396,0,1.17857142857143,0.0638297872340426,0.0178685386088066,0.108252657877228,0,10.8,16.8
2012,REG,00-0029051,,Jarrett Boykin,WR,WR,,5,GB,0,0,0,0,0,0,0,0,0,0,0,0,,0,,,0,0,0,0,0,0,,0,5,6,27,0,0,0,50,6,1,1.5190884333602,0,0.54,0.0372670807453416,0.0446030330062444,0.0871227442223835,0,2.7,7.7
2012,REG,00-0029055,,Kevin Elliott,WR,WR,,8,JAX,0,0,0,0,0,0,0,0,0,0,0,0,,0,,,0,0,0,0,0,0,,0,10,31,108,0,0,0,322,27,6,-14.8776996474946,0,0.335403726708075,0.111510791366906,0.137137989778535,0.263262779895334,0,10.8,20.8
2012,REG,00-0029129,R.Streater,Rod Streater,WR,WR,"https://static.www.nfl.com/image/private/f_auto,q_auto/league/szf4hqnrz6egphxvcwnf",15,LV,0,0,0,0,0,0,0,0,0,0,0,0,,0,,,0,0,0,0,0,0,,0,39,75,584,3,1,1,983,140,27,15.0912024998003,1,0.594099694811801,0.127118644067797,0.193542035833826,0.326157391185373,0,76.4,115.4
2012,REG,00-0029130,,Dezman Moses,LB,LB,,1,GB,0,0,0,0,0,0,0,0,0,0,0,0,,0,,,0,0,0,0,0,0,,0,0,0,0,0,0,0,0,0,0,,0,,,,,1,6.0,6.0
2012,REG,00-0029137,A.Jeffery,Alshon Jeffery,WR,WR,"https://static.www.nfl.com/image/private/f_auto,q_auto/league/qrbsgwhzlsmwgkdfjryh",10,CHI,0,0,0,0,0,0,0,0,0,0,0,0,,0,,,0,0,0,0,0,0,,0,24,48,367,3,0,0,797,65,17,4.33910664829954,0,0.460476787954831,0.155844155844156,0.241588360109124,0.402878085842621,0,54.7,78.7
2012,REG,00-0029140,,Chris Rainey,RB,RB,,14,PIT,0,0,0,0,0,0,0,0,0,0,0,0,,0,,,26,102,2,0,0,5,1.78919866479229,0,14,22,60,0,3,1,-9,81,1,-14.6659621637213,0,-6.66666666666667,0.0511627906976744,-0.0026124818577648,0.0749154487460762,0,26.2,40.2
2012,REG,00-0029141,A.Morris,Alfred Morris,RB,RB,"https://static.www.nfl.com/image/private/f_auto,q_auto/league/igrm4hy4pishp4rdamin",16,WAS,0,0,0,0,0,0,0,0,0,0,0,0,,0,,,335,1613,13,4,3,83,-1.29913624106044,0,11,16,77,0,0,0,23,65,3,-0.879558199671687,0,3.34782608695652,0.0533333333333333,0.0089009287925696,0.0862306501547988,0,241.0,252.0
2012,REG,00-0029155,,Mike Brown,WR,WR,,1,JAX,0,0,0,0,0,0,0,0,0,0,0,0,,0,,,0,0,0,0,0,0,,0,0,1,0,0,0,0,6,0,0,-0.527605554554611,0,0.0,0.024390243902439,0.015,0.0470853658536585,0,0.0,0.0
2012,REG,00-0029159,J.Kearse,Jermaine Kearse,WR,WR,"https://static.www.nfl.com/image/private/f_auto,q_auto/league/tvnzajvst7kdglamw4t6",5,SEA,0,0,0,0,0,0,0,0,0,0,0,0,,0,,,0,0,0,0,0,0,,0,3,7,31,0,0,0,93,1,2,0.068417594069615,0,0.333333333333333,0.0603448275862069,0.0882352941176471,0.152281947261663,0,3.1,6.1
2012,REG,00-0029204,,Toney Clemons,WR,WR,,4,JAX,0,0,0,0,0,0,0,0,0,0,0,0,,0,,,0,0,0,0,0,0,,0,3,11,41,0,0,0,163,2,2,-5.682515264838,0,0.251533742331288,0.0662650602409639,0.111950549450549,0.17776297497683,0,4.1,7.1
2012,REG,00-0029205,T.Cadet,Travaris Cadet,RB,RB,"https://static.www.nfl.com/image/private/f_auto,q_auto/league/gj0pjzj0zzefpabtuki1",4,NO,0,0,0,0,0,0,0,0,0,0,0,0,,0,,,1,5,0,0,0,0,-0.57102210377343,0,5,8,44,0,0,0,14,54,3,1.21229276875965,0,3.14285714285714,0.0824742268041237,0.0175438596491228,0.135992041960572,0,4.9,9.9
2012,REG,00-0029209,,Ryan Broyles,WR,WR,,8,DET,0,0,0,0,0,0,0,0,0,0,0,0,,0,,,0,0,0,0,0,0,,0,22,32,310,2,0,0,296,152,16,18.2251804281841,0,1.0472972972973,0.0874316939890711,0.0872384320660183,0.192214443429819,0,43.0,65.0
2012,REG,00-0029218,,David Paulson,TE,TE,,8,PIT,0,0,0,0,0,0,0,0,0,0,0,0,,0,,,0,0,0,0,0,0,,0,7,11,51,0,1,0,41,29,0,0.811002735776128,0,1.24390243902439,0.0415094339622642,0.0208333333333333,0.0768474842767296,0,5.1,12.1
2012,REG,00-0029239,B.Bolden,Brandon Bolden,RB,RB,"https://static.www.nfl.com/image/private/f_auto,q_auto/league/kqqwz35z9brhkzbs4bcn",8,NE,0,0,0,0,0,0,0,0,0,0,0,0,,0,,,56,274,2,0,0,18,3.51287227489925,0,2,2,11,0,0,0,1,10,1,0.185783816035837,0,11.0,0.0298507462686567,0.0017094017094017,0.0459727005995663,0,40.5,42.5
2012,REG,00-0029251,,David Wilson,RB,RB,,14,NYG,0,0,0,0,0,0,0,0,0,0,0,0,,0,,,71,358,4,1,1,17,-4.30687104121555,0,4,9,34,1,0,0,30,14,2,-1.07665538856397,0,1.13333333333333,0.0436893203883495,0.0153767298821117,0.0762976915000025,1,73.2,77.2
2012,REG,00-0029260,,LaMichael James,RB,RB,"https://static.www.nfl.com/image/private/f_auto,q_auto/league/roxgufvnndlwl05chvur",4,SF,0,0,0,0,0,0,0,0,0,0,0,0,,0,,,27,125,0,1,0,8,1.9079037843124,0,3,5,29,0,0,0,16,16,3,0.103717707737815,0,1.8125,0.0602409638554217,0.0236686390532544,0.106929493120411,0,15.4,18.4
2012,REG,00-0029262,R.Randle,Rueben Randle,WR,WR,"https://static.www.nfl.com/image/private/f_auto,q_auto/league/qsjafvitrrheqq3uku9g",10,NYG,0,0,0,0,0,0,0,0,0,0,0,0,,0,,,0,0,0,0,0,0,,0,19,32,298,3,0,0,379,73,13,12.9802968571623,0,0.786279683377309,0.098159509202454,0.121864951768489,0.232544730041623,0,47.8,66.8
2012,REG,00-0029263,R.Wilson,Russell Wilson,QB,QB,"https://static.www.nfl.com/image/upload/f_auto,q_auto/league/u36rhg0md8ey3b4khbre",16,SEA,252,393,3118,26,10,33,203,4,2,3903,1230,149,82.4457528151917,0,0.79887266205483,0.158402082072624,94,489,4,2,1,30,10.5445869014017,0,0,0,0,0,0,0,0,0,0,,0,,,,,0,275.62,275.62
2012,REG,00-0029264,B.Pierce,Bernard Pierce,RB,RB,"https://static.www.nfl.com/image/private/f_auto,q_auto/league/fpkdvnu4uzvwxhwaryzm",15,BAL,0,0,0,0,0,0,0,0,0,0,0,0,,0,,,108,532,1,0,0,21,-10.2611406812616,0,7,11,47,0,0,0,-4,43,4,-0.103967661270872,0,-11.75,0.0502283105022831,-0.0021356113187399,0.0738475378303067,0,63.9,70.9
2012,REG,00-0029269,T.Benjamin,Travis Benjamin,WR,WR,"https://static.www.nfl.com/image/private/f_auto,q_auto/league/io9silocxbywvisvcvpx",12,CLE,0,0,0,0,0,0,0,0,0,0,0,0,,0,,,6,66,0,0,0,3,2.6045517171151,0,18,37,298,2,1,1,560,65,13,-7.00779625307861,0,0.532142857142857,0.1,0.18111254851229,0.276778783958603,1,52.4,70.4
2012,REG,00-0029271,,Joe Adams,WR,WR,,3,CAR,0,0,0,0,0,0,0,0,0,0,0,0,,0,,,3,13,0,0,0,0,-0.140520080109127,0,1,1,7,0,0,0,2,5,0,0.312817619065754,0,3.5,0.037037037037037,0.0055865921787709,0.0594661700806952,0,2.0,3.0
2012,REG,00-0029273,R.Turbin,Robert Turbin,RB,RB,"https://static.www.nfl.com/image/private/f_auto,q_auto/league/vkqpomzfvo7kei1729jm",15,SEA,0,0,0,0,0,0,0,0,0,0,0,0,,0,,,80,354,0,0,0,15,-9.1718110179354,0,19,23,181,0,0,0,96,127,8,0.832573475459631,0,1.88541666666667,0.0709876543209877,0.030661130629192,0.127944272921916,0,53.5,72.5
2012,REG,00-0029274,,Devon Wylie,WR,WR,,4,KC,0,0,0,0,0,0,0,0,0,0,0,0,,0,,,0,0,0,0,0,0,,0,6,12,53,0,0,0,76,11,2,-4.00100376003531,0,0.697368421052632,0.121212121212121,0.0976863753213368,0.250198644543118,0,5.3,11.3
2012,REG,00-0029275,,Ladarius Green,TE,TE,"https://static.www.nfl.com/image/private/f_auto,q_auto/league/h6emukrr14tvhufmdy1c",2,LAC,0,0,0,0,0,0,0,0,0,0,0,0,,0,,,0,0,0,0,0,0,,0,4,4,56,0,0,0,14,42,1,3.01743857903057,0,4.0,0.0555555555555556,0.0224358974358974,0.0990384615384615,0,5.6,9.6
2012,REG,00-0029276,,Evan Rodriguez,TE,TE,,7,CHI,0,0,0,0,0,0,0,0,0,0,0,0,,0,,,0,0,0,0,0,0,,0,4,8,21,0,0,0,-4,19,2,-1.71793959412025,0,0.0,0.0406091370558376,-0.0020100502512562,0.0595066704078769,0,2.1,6.1
2012,REG,00-0029293,M.Jones,Marvin Jones,WR,WR,"https://static.www.nfl.com/image/private/f_auto,q_auto/league/ciy9sxefmcnwjw7ln3h2",8,CIN,0,0,0,0,0,0,0,0,0,0,0,0,,0,,,3,47,0,0,0,2,2.52272487885784,0,18,32,201,1,0,0,397,34,11,-3.28077533546946,0,0.506297229219144,0.121673003802281,0.167439898776887,0.299717434847243,0,30.8,48.8
2012,REG,00-0029298,,Cyrus Gray,RB,RB,,4,KC,0,0,0,0,0,0,0,0,0,0,0,0,,0,,,7,44,0,0,0,3,1.44812839530641,0,2,3,18,0,0,0,3,12,0,-1.28581587550494,0,6.0,0.0384615384615385,0.0051457975986277,0.0612943660113472,0,6.2,8.2
2012,REG,00-0029315,,Brad Smelley,TE,TE,,1,CLE,0,0,0,0,0,0,0,0,0,0,0,0,,0,,,0,0,0,0,0,0,,0,1,1,3,0,0,0,3,0,0,-0.232410763506778,0,1.0,0.0277777777777778,0.0115384615384615,0.0497435897435897,0,0.3,1.3
2012,REG,00-0029343,,LaRon Byrd,WR,WR,,2,ARI,0,0,0,0,0,0,0,0,0,0,0,0,,0,,,0,0,0,0,0,0,,0,1,2,8,0,0,0,12,2,1,0.886922713398235,0,0.666666666666667,0.0198019801980198,0.014268727705113,0.0396910796906088,0,0.8,1.8
2012,REG,00-0029358,,Nate Eachus,FB,RB,,2,KC,0,0,0,0,0,0,0,0,0,0,0,0,,0,,,5,18,0,0,0,0,-0.75752337439917,0,1,3,19,0,0,0,19,5,1,0.375308390939608,0,1.0,0.038961038961039,0.0376984126984127,0.0848304473304473,0,3.7,4.7
2012,REG,00-0029388,D.Thompson,Deonte Thompson,WR,WR,"https://static.www.nfl.com/image/private/f_auto,q_auto/league/bvfgozqccoo627wuitkb",2,BAL,0,0,0,0,0,0,0,0,0,0,0,0,,0,,,0,0,0,0,0,0,,0,5,6,51,0,0,0,45,23,2,1.36835303541878,0,1.13333333333333,0.0952380952380952,0.0831792975970425,0.201082651175073,0,5.1,10.1
2012,REG,00-0029414,O.Charles,Orson Charles,TE,TE,"https://static.www.nfl.com/image/private/f_auto,q_auto/league/shbtvc2u3xznv47nzvm2",8,CIN,0,0,0,0,0,0,0,0,0,0,0,0,,0,,,0,0,0,0,0,0,,0,8,10,101,0,0,0,55,48,5,4.48770698724547,0,1.83636363636364,0.0384615384615385,0.0244661921708185,0.0748186422118806,0,10.1,18.1
2012,REG,00-0029415,K.Martin,Keshawn Martin,WR,WR,"https://static.www.nfl.com/image/private/f_auto,q_auto/league/guf4yzrzgnpmx7uonpqs",13,HOU,0,0,0,0,0,0,0,0,0,0,0,0,,0,,,4,53,0,0,0,3,2.7433246273431,0,10,28,85,1,0,0,209,37,6,-12.955422624119,0,0.406698564593301,0.0707070707070707,0.0691823899371069,0.154488279016581,0,19.8,29.8
2012,REG,00-0029422,K.Tandy,Keith Tandy,FS,DB,"https://static.www.nfl.com/image/private/f_auto,q_auto/league/pbv9t31rlpijuppxc3ey",1,TB,0,0,0,0,0,0,0,0,0,0,0,0,,0,,,1,18,0,0,0,1,3.34764555376023,0,0,0,0,0,0,0,0,0,0,,0,,,,,0,1.8,1.8
2012,REG,00-0029424,,Marvin McNutt,WR,WR,,1,PHI,0,0,0,0,0,0,0,0,0,0,0,0,,0,,,0,0,0,0,0,0,,0,0,2,0,0,0,0,64,0,0,-1.17591694032308,0,0.0,0.04,0.129292929292929,0.150505050505051,0,0.0,0.0
2012,REG,00-0029429,,Bryce Brown,RB,RB,"https://static.www.nfl.com/image/private/f_auto,q_auto/league/sf0mz0q1kzqu2v3lmmsa",16,PHI,0,0,0,0,0,0,0,0,0,0,0,0,,0,,,115,564,4,4,3,33,-21.5911761454105,0,13,19,56,0,0,0,-29,91,3,-5.96122801184123,0,-1.93103448275862,0.0917874396135266,-0.0158383397050792,0.126594321626734,0,80.0,93.0
2012,REG,00-0029435,,Damaris Johnson,WR,WR,"https://static.www.nfl.com/image/private/f_auto,q_auto/league/fbcf86kaohvtyvoz2t0y",11,PHI,0,0,0,0,0,0,0,0,0,0,0,0,,0,,,3,12,0,0,0,2,0.0442748973146081,0,19,31,256,0,0,0,321,100,14,16.8142948403313,0,0.797507788161994,0.0736342042755344,0.0886985355070462,0.172540281268234,1,32.8,51.8
2012,REG,00-0029441,,Jeremy Stewart,RB,RB,,4,LV,0,0,0,0,0,0,0,0,0,0,0,0,,0,,,25,101,0,0,0,3,-3.93415871122852,0,8,8,62,0,0,0,-15,77,2,0.107575952541083,0,-4.13333333333333,0.064,-0.014792899408284,0.0856449704142012,0,16.3,24.3
2012,REG,00-0029510,J.Grimes,Jonathan Grimes,RB,RB,"https://static.www.nfl.com/image/private/f_auto,q_auto/league/kzodfrw342cy91lw12n4",2,NYJ,0,0,0,0,0,0,0,0,0,0,0,0,,0,,,2,6,0,0,0,0,-0.252940501202829,0,2,2,7,0,0,0,1,6,1,0.499368814285845,0,7.0,0.0210526315789474,0.0024630541871921,0.0333030852994555,0,1.3,3.3
2012,REG,00-0029530,J.Bethel,Justin Bethel,CB,DB,"https://static.www.nfl.com/image/private/f_auto,q_auto/league/ctqpivwrs2u9gwrohbce",1,ARI,0,0,0,0,0,0,0,0,0,0,0,0,,0,,,0,0,0,0,0,0,,0,0,0,0,0,0,0,0,0,0,,0,,,,,1,6.0,6.0
2012,REG,00-0029531,,Ryan Lindley,QB,QB,"https://static.www.nfl.com/image/private/f_auto,q_auto/league/hkcspynbhidpjfs3npao",6,ARI,89,171,752,0,7,12,91,2,2,1406,262,38,-87.9419833903546,0,0.534850640113798,-0.0328553195965856,4,7,0,1,0,1,-2.62249655631604,0,0,0,0,0,0,0,0,0,0,,0,,,,,0,12.78,12.78
2012,REG,00-0029546,S.Kelemete,Senio Kelemete,G,OL,"https://static.www.nfl.com/image/private/f_auto,q_auto/league/t9irjxooncg3zlidmyuk",1,ARI,0,0,0,0,0,0,0,0,0,0,0,0,,0,,,0,0,0,0,0,0,,0,1,1,10,0,0,0,2,8,1,0.612260031979531,0,5.0,0.0294117647058824,0.0064516129032258,0.0486337760910816,0,1.0,2.0
2012,REG,00-0029547,,Vick Ballard,RB,RB,"https://static.www.nfl.com/image/private/f_auto,q_auto/league/uggql1lgrwzanbof6mfd",16,IND,0,0,0,0,0,0,0,0,0,0,0,0,,0,,,211,814,2,3,0,50,-16.8856382297236,0,17,27,152,1,0,0,90,118,7,3.39269609688976,0,1.68888888888889,0.0547667342799189,0.0178112012665743,0.0946179423064803,0,114.6,131.6
2012,REG,00-0029548,,LaVon Brazill,WR,WR,,11,IND,0,0,0,0,0,0,0,0,0,0,0,0,,0,,,0,0,0,0,0,0,,0,11,24,186,1,0,0,426,72,7,3.38420642488509,0,0.436619718309859,0.0549199084668192,0.100471698113208,0.152710051379474,0,24.6,35.6
2012,REG,00-0029567,N.Foles,Nick Foles,QB,QB,"https://static.www.nfl.com/image/private/f_auto,q_auto/league/dxuz2ir773wylutxo7zs",7,PHI,161,265,1699,6,5,20,131,5,2,2164,818,76,-15.8221128215809,0,0.785120147874307,0.0449410929834055,11,42,1,3,1,5,-3.24795480479952,0,0,0,0,0,0,0,0,0,0,,0,,,,,0,86.16,86.16
2012,REG,00-0029572,J.Wright,Jarius Wright,WR,WR,"https://static.www.nfl.com/image/private/f_auto,q_auto/league/f4xgfra44cd6qjy6havp",7,MIN,0,0,0,0,0,0,0,0,0,0,0,0,,0,,,2,11,0,0,0,1,0.696639833273366,0,22,36,310,2,0,0,383,109,13,14.3560764476722,0,0.809399477806789,0.182741116751269,0.24789644012945,0.447639183217518,0,44.1,66.1
2012,REG,00-0029580,R.Matthews,Rishard Matthews,WR,WR,"https://static.www.nfl.com/image/private/f_auto,q_auto/league/fr7nzgwarzuorvi8cvlc",6,MIA,0,0,0,0,0,0,0,0,0,0,0,0,,0,,,0,0,0,0,0,0,,0,11,20,151,0,0,0,241,30,7,-2.99047544439588,0,0.62655601659751,0.112359550561798,0.139872315728381,0.266449946852563,0,15.1,26.1
2012,REG,00-0029587,R.Ellison,Rhett Ellison,TE,TE,"https://static.www.nfl.com/image/private/f_auto,q_auto/league/pqvmhpdoritjtp8ng7ep",7,MIN,0,0,0,0,0,0,0,0,0,0,0,0,,0,,,0,0,0,0,0,0,,0,7,9,65,0,0,0,7,66,2,1.43953113787575,0,9.28571428571429,0.0393013100436681,0.005595523581135,0.0628688315722968,0,6.5,13.5
2012,REG,00-0029588,,Dan Herron,RB,RB,,2,CIN,0,0,0,0,0,0,0,0,0,0,0,0,,0,,,4,5,0,0,0,0,-2.41494509024778,0,0,1,0,0,0,0,-7,0,0,-0.771462233038619,0,0.0,0.04,-0.0353535353535354,0.0352525252525253,0,0.5,0.5
2012,REG,00-0029590,,Taylor Thompson,TE,TE,,9,TEN,0,0,0,0,0,0,0,0,0,0,0,0,,0,,,0,0,0,0,0,0,,0,6,13,46,0,0,0,132,15,0,-10.9702225477668,0,0.348484848484849,0.0426229508196721,0.0497175141242938,0.0987366861165138,0,4.6,10.6
2012,REG,00-0029604,K.Cousins,Kirk Cousins,QB,QB,"https://static.www.nfl.com/image/upload/f_auto,q_auto/league/yt6n07jezvfmcsoq0j13",3,WAS,33,48,466,4,3,3,27,1,0,445,193,20,12.0565946934549,0,1.04719101123596,0.190188718033095,3,22,0,0,0,1,-3.99471779796295,1,0,0,0,0,0,0,0,0,0,,0,,,,,0,32.84,32.84
2012,REG,00-0029608,T.Hilton,T.Y. Hilton,WR,WR,"https://static.www.nfl.com/image/private/f_auto,q_auto/league/b8kor0sgeynyd8u8cush",15,IND,0,1,0,0,0,0,0,0,0,6,0,0,-0.883335445832927,0,0.0,,5,29,0,0,0,2,-0.554169706359971,0,50,90,861,7,0,0,1090,387,30,37.4670667758291,0,0.789908256880734,0.157068062827225,0.182947297750923,0.363665202666484,1,137.0,187.0
2012,REG,00-0029610,,Mike Harris,DB,DB,,1,JAX,0,0,0,0,0,0,0,0,0,0,0,0,,0,,,0,0,0,0,0,0,,0,0,0,0,0,0,0,0,0,0,,0,,,,,1,6.0,6.0
2012,REG,00-0029612,D.Richardson,Daryl Richardson,RB,RB,"https://static.www.nfl.com/image/private/f_auto,q_auto/league/taqrenf1eqcvd1nibre5",16,LA,0,0,0,0,0,0,0,0,0,0,0,0,,0,,,98,475,0,2,2,19,-7.66398669104285,1,24,36,163,0,1,0,-32,183,7,-12.1521309470825,0,-5.09375,0.0775862068965517,-0.0093869169844529,0.109808468455711,0,61.8,85.8
2012,REG,00-0029613,D.Martin,Doug Martin,RB,RB,"https://static.www.nfl.com/image/private/f_auto,q_auto/league/lhazttk4tjpi7ggf7du4",16,TB,0,0,0,0,0,0,0,0,0,0,0,0,,0,,,319,1454,11,1,1,58,-4.39877217962919,0,49,70,472,1,0,0,93,436,18,12.9802674624953,0,5.0752688172043,0.125223613595707,0.0177956371986223,0.200292366432596,0,262.6,311.6
2012,REG,00-0029614,,Chris Givens,WR,WR,,15,LA,0,0,0,0,0,0,0,0,0,0,0,0,,0,,,3,12,0,0,0,1,-0.65766600612551,0,42,80,698,3,0,0,1188,277,25,20.0188052535697,1,0.587542087542088,0.158102766798419,0.274682080924856,0.429431606845027,0,91.0,133.0
2012,REG,00-0029615,L.Miller,Lamar Miller,RB,RB,"https://static.www.nfl.com/image/private/f_auto,q_auto/league/vqxh6ynpmczzfyl9kcgq",9,MIA,0,0,0,0,0,0,0,0,0,0,0,0,,0,,,51,250,1,0,0,12,0.720931091665989,0,6,9,45,0,0,0,-1,40,4,1.16190922108945,0,-45.0,0.0559006211180124,-0.0007530120481927,0.0833238232432837,0,35.5,41.5
2012,REG,00-0029619,,Jorvorskie Lane,FB,RB,"https://static.www.nfl.com/image/private/f_auto,q_auto/league/fru99ajpyfcvy4hrigtx",12,MIA,0,0,0,0,0,0,0,0,0,0,0,0,,0,,,13,13,2,1,1,5,-8.65912270513945,0,11,12,79,1,1,0,18,59,3,4.69577496298007,1,4.38888888888889,0.046875,0.0107462686567164,0.0778348880597015,0,27.2,38.2
2012,REG,00-0029626,,Isaiah Pead,RB,RB,,8,LA,0,0,0,0,0,0,0,0,0,0,0,0,,0,,,10,54,0,0,0,2,1.17391893890454,0,3,4,16,0,1,0,32,17,0,-1.24583784566494,0,0.5,0.0268456375838926,0.0307396733909702,0.0617862277495181,0,7.0,10.0
2012,REG,00-0029632,M.Sanu,Mohamed Sanu,WR,WR,"https://static.www.nfl.com/image/private/f_auto,q_auto/league/a6loroqhta6g65aqnsrk",6,CIN,1,1,73,1,0,0,0,0,0,43,30,1,6.47074075881392,0,1.69767441860465,,5,15,0,0,0,2,-0.4724524426274,0,16,25,154,4,0,0,167,71,10,15.6254362334374,0,0.922155688622755,0.161290322580645,0.128858024691358,0.332136101154918,0,47.82,63.82
2012,REG,00-0029634,J.Hanna,James Hanna,TE,TE,"https://static.www.nfl.com/image/private/f_auto,q_auto/league/rtnxe02klclu847zqbdq",6,DAL,0,0,0,0,0,0,0,0,0,0,0,0,,0,,,0,0,0,0,0,0,,0,8,11,86,0,0,0,51,50,4,2.31848084158451,0,1.68627450980392,0.0434782608695652,0.0218790218790219,0.0805327066196631,0,8.6,16.6
2012,REG,00-0029638,M.Floyd,Michael Floyd,WR,WR,"https://static.www.nfl.com/image/private/f_auto,q_auto/league/lisxjuyoo7hiux1ac4jb",15,ARI,0,0,0,0,0,0,0,0,0,0,0,0,,0,,,0,0,0,0,0,0,,0,45,86,562,2,1,1,992,156,26,4.90687706032943,0,0.566532258064516,0.14853195164076,0.224535989135355,0.379973119855889,0,66.2,111.2
2012,REG,00-0029640,B.Quick,Brian Quick,WR,WR,"https://static.www.nfl.com/image/private/f_auto,q_auto/league/tayczwuhluj2hyrva3cp",14,LA,0,0,0,0,0,0,0,0,0,0,0,0,,0,,,0,0,0,0,0,0,,0,11,27,156,2,0,0,344,23,6,-13.9780048627527,0,0.453488372093023,0.0555555555555556,0.0842517756551555,0.142309576291942,0,27.6,38.6
2012,REG,00-0029642,,Jordan White,WR,WR,,1,NYJ,0,0,0,0,0,0,0,0,0,0,0,0,,0,,,0,0,0,0,0,0,,0,1,3,13,0,0,0,52,3,1,-1.59407761879265,0,0.25,0.0857142857142857,0.153846153846154,0.236263736263736,0,1.3,2.3
2012,REG,00-0029654,,A.J. Jenkins,WR,WR,,1,SF,0,0,0,0,0,0,0,0,0,0,0,0,,0,,,0,0,0,0,0,0,,0,0,1,0,0,0,0,2,0,0,-1.38836289942265,0,0.0,0.0344827586206897,0.0056338028169014,0.0556677999028655,0,0.0,0.0
2012,REG,00-0029660,T.Graham,Trevor Graham,WR,WR,"https://static.www.nfl.com/image/private/f_auto,q_auto/league/wlgjczfjbekzvbjmgtzc",15,BUF,0,0,0,0,0,0,0,0,0,0,0,0,,0,,,1,5,0,0,0,0,0.0206817735452205,0,31,58,322,1,0,0,714,179,14,0.841930499562295,0,0.450980392156863,0.121593291404612,0.194762684124386,0.318723815993989,0,38.7,69.7
2012,REG,00-0029664,J.Gordon,Josh Gordon,WR,WR,"https://static.www.nfl.com/image/private/f_auto,q_auto/league/wwqz2ujrj7wp86tyaxof",16,CLE,0,0,0,0,0,0,0,0,0,0,0,0,,0,,,0,0,0,0,0,0,,0,50,95,805,5,1,1,1259,302,40,20.9512602818046,0,0.639396346306593,0.169039145907473,0.296793965110797,0.461314494438768,0,108.5,158.5
2012,REG,00-0029665,R.Griffin,Robert Griffin,QB,QB,"https://static.www.nfl.com/image/private/f_auto,q_auto/league/f9gitqxxg3f1uybdcfhc",15,WAS,258,393,3200,20,5,30,217,3,0,3328,1450,151,85.0470963146171,0,0.961538461538461,0.158094026754234,120,815,7,9,2,40,35.6991320350935,0,0,1,0,0,0,0,32,0,0,-1.41710216761567,0,0.0,0.0285714285714286,0.103225806451613,0.115115207373272,0,317.5,317.5
2012,REG,00-0029668,A.Luck,Andrew Luck,QB,QB,"https://static.www.nfl.com/image/private/f_auto,q_auto/league/ojix2ha2u58zqozaw756",16,IND,339,627,4374,23,18,41,246,9,5,6377,1656,208,14.1060119544686,0,0.685902461972714,0.0693564460581105,62,255,5,1,0,23,25.0383366187032,0,0,0,0,0,0,0,0,0,0,,0,,,,,0,276.46,276.46
2012,REG,00-0029673,D.Posey,DeVier Posey,WR,WR,"https://static.www.nfl.com/image/private/f_auto,q_auto/league/neyvfbqn4cma8ecy22hb",6,HOU,0,0,0,0,0,0,0,0,0,0,0,0,,0,,,1,-3,0,0,0,0,-1.34066071128473,0,6,14,87,0,0,0,160,29,3,3.9149483688816,0,0.54375,0.0804597701149425,0.117733627667403,0.203103194539596,1,14.4,20.4
2012,REG,00-0029675,,Trent Richardson,,,,15,CLE,0,0,0,0,0,0,0,0,0,0,0,0,,0,,,267,950,11,3,0,36,-31.0635157668074,0,51,70,367,1,0,0,-119,440,18,12.452362397541,0,0.0,0.132075471698113,-0.030005042864347,0.177109677542127,0,203.7,254.7
2012,REG,00-0029677,B.Weeden,Brandon Weeden,QB,QB,"https://static.www.nfl.com/image/private/f_auto,q_auto/league/m8oocp4p9nskilnakgnw",15,CLE,297,517,3385,14,17,28,186,4,1,3845,1775,168,-30.3930540297605,0,0.88036410923277,0.0157839585716288,27,111,0,1,0,11,9.17473222033214,0,0,0,0,0,0,0,0,0,0,,0,,,,,0,166.5,166.5
2012,REG,00-0029682,B.Osweiler,Brock Osweiler,QB,QB,"https://static.www.nfl.com/image/private/f_auto,q_auto/league/pwkmtgeitdi79qtumb2x",5,DEN,2,4,12,0,0,0,0,0,0,23,3,2,-0.2667718182003,0,0.521739130434783,,8,-13,0,0,0,0,-5.54422921972178,0,0,0,0,0,0,0,0,0,0,,0,,,,,0,-0.82,-0.82
2012,REG,00-0029683,R.Hillman,Ronnie Hillman,RB,RB,"https://static.www.nfl.com/image/private/f_auto,q_auto/league/quqwvjr2zciit0emquzg",14,DEN,0,0,0,0,0,0,0,0,0,0,0,0,,0,,,85,330,1,2,1,19,-17.0433016383087,0,10,12,62,0,0,0,-1,69,3,0.987149391265201,0,-62.0,0.0337078651685393,-0.0003536067892503,0.0503142730003337,0,43.2,53.2
2012,REG,00-0029689,D.Allen,Dwayne Allen,TE,TE,"https://static.www.nfl.com/image/private/f_auto,q_auto/league/wduwt0ibzoutozuywe4b",15,IND,0,0,0,0,0,0,0,0,0,0,0,0,,0,,,3,5,0,0,0,2,-1.23621217397549,0,45,66,521,3,1,0,470,242,30,23.9587872372649,0,1.10851063829787,0.115183246073298,0.0788855320577375,0.227994741550364,0,70.6,115.6
2012,REG,00-0029693,O.Vernon,Olivier Vernon,DE,DL,"https://static.www.nfl.com/image/private/f_auto,q_auto/league/duns00snyaxpnzssaciy",1,MIA,0,0,0,0,0,0,0,0,0,0,0,0,,0,,,0,0,0,0,0,0,,0,0,0,0,0,0,0,0,0,0,,0,,,,,1,6.0,6.0
2012,REG,00-0029697,C.Fleener,Coby Fleener,TE,TE,"https://static.www.nfl.com/image/private/f_auto,q_auto/league/csj8khi0e2rpkvqqjmc1",12,IND,0,0,0,0,0,0,0,0,0,0,0,0,,0,,,0,0,0,0,0,0,,0,26,48,281,2,0,0,397,103,14,2.86931436114954,0,0.707808564231738,0.104803493449782,0.0865866957470011,0.217815927197573,0,40.1,66.1
2012,REG,00-0029701,R.Tannehill,Ryan Tannehill,QB,QB,"https://static.www.nfl.com/image/private/f_auto,q_auto/league/yvwju12dl6haf3r8uzrm",16,MIA,282,484,3294,12,13,35,234,5,3,4111,1243,151,-21.7259838251019,2,0.801264899051326,0.0387470171524821,49,211,2,4,1,16,6.67450028296671,0,0,0,0,0,0,0,0,0,0,,0,,,,,0,182.86,182.86
2012,REG,00-0029702,,Juron Criner,WR,WR,,9,LV,0,0,0,0,0,0,0,0,0,0,0,0,,0,,,0,0,0,0,0,0,,0,16,33,151,1,1,0,232,80,10,-2.90999908240032,1,0.650862068965517,0.107491856677524,0.0882800608828006,0.223033827634247,0,23.1,39.1
2012,REG,00-0029707,,Justin Blackmon,WR,WR,"https://static.www.nfl.com/image/private/f_auto,q_auto/league/tsf8br1swmhlkwnf7gtv",16,JAX,0,0,0,0,0,0,0,0,0,0,0,0,,0,,,2,23,0,0,0,2,1.39277385664172,0,64,132,865,5,1,0,1420,284,41,10.3815034641074,1,0.609154929577465,0.227586206896552,0.284740324844596,0.540697537736045,0,120.8,184.8
2012,REG,00-0029708,K.Wright,Kendall Wright,WR,WR,"https://static.www.nfl.com/image/private/f_auto,q_auto/league/edsrjypqphqpfqezc5k9",15,TEN,0,0,0,0,0,0,0,0,0,0,0,0,,0,,,1,4,0,0,0,0,-0.131557628978044,0,64,104,626,4,1,1,700,314,38,10.4771691498657,0,0.894285714285714,0.205128205128205,0.166587339362208,0.424303445245854,0,85.0,149.0
2012,POST,00-0006101,,Tony Gonzalez,TE,TE,,2,ATL,0,0,0,0,0,0,0,0,0,0,0,0,,0,,,0,0,0,0,0,0,,0,14,15,129,2,0,0,112,31,10,9.14690349111329,0,1.15178571428571,0.194805194805195,0.121739130434783,0.37742518351214,0,24.9,38.9
2012,POST,00-0010346,,Peyton Manning,QB,QB,"https://static.www.nfl.com/image/private/f_auto,q_auto/league/xpcd6auodk3w0vda6jal",1,DEN,28,43,290,3,2,3,17,2,1,301,111,15,3.31699349696314,0,0.963455149501661,0.111818317261779,1,-1,0,0,0,0,0.0,0,0,0,0,0,0,0,0,0,0,,0,,,,,0,17.5,17.5
2012,POST,00-0011754,,Randy Moss,WR,WR,,3,SF,0,0,0,0,0,0,0,0,0,0,0,0,,0,,,0,0,0,0,0,0,,0,7,13,112,0,0,0,217,21,6,2.82734880666249,0,0.516129032258065,0.1625,0.222564102564103,0.399544871794872,0,11.2,18.2
2012,POST,00-0015754,,Brandon Stokley,WR,WR,,1,DEN,0,0,0,0,0,0,0,0,0,0,0,0,,0,,,0,0,0,0,0,0,,0,3,6,27,1,0,0,44,2,2,-0.312710643396713,0,0.613636363636364,0.13953488372093,0.146179401993356,0.311627906976744,0,8.7,11.7
2012,POST,00-0019596,T.Brady,Tom Brady,QB,QB,"https://static.www.nfl.com/image/private/f_auto,q_auto/league/q7dpdlxyu5rs05rgh1le",2,NE,54,94,664,4,2,1,9,0,0,746,333,34,16.8286918135305,0,0.890080428954424,0.0766649388136851,3,4,0,0,0,0,-1.42182448624416,0,0,0,0,0,0,0,0,0,0,,0,,,,,0,38.96,38.96
2012,POST,00-0020494,,Santana Moss,WR,WR,,1,WAS,0,0,0,0,0,0,0,0,0,0,0,0,,0,,,0,0,0,0,0,0,,0,3,5,19,0,0,0,49,0,2,-0.695467198849656,0,0.387755102040816,0.172413793103448,0.19758064516129,0.396927141268076,0,1.9,4.9
2012,POST,00-0020498,,Reggie Wayne,WR,WR,,1,IND,0,0,0,0,0,0,0,0,0,0,0,0,,0,,,0,0,0,0,0,0,,0,9,17,114,0,0,0,204,26,7,0.556643154754108,0,0.558823529411765,0.320754716981132,0.426778242677824,0.779876845346175,0,11.4,20.4
2012,POST,00-0021192,,Deion Branch,WR,WR,,1,NE,0,0,0,0,0,0,0,0,0,0,0,0,,0,,,0,0,0,0,0,0,,0,2,5,16,0,0,0,65,2,1,-3.12871681770775,0,0.246153846153846,0.0961538461538462,0.154394299287411,0.252306778731957,0,1.6,3.6
2012,POST,00-0021931,,Kevin Walter,WR,WR,,2,HOU,0,0,0,0,0,0,0,0,0,0,0,0,,0,,,0,0,0,0,0,0,,0,6,7,41,0,1,0,38,7,2,0.984307587939311,0,1.07894736842105,0.0804597701149425,0.0721062618595826,0.171164038474122,0,4.1,10.1
2012,POST,00-0022044,,Andre Johnson,WR,WR,,2,HOU,0,0,0,0,0,0,0,0,0,0,0,0,,0,,,0,0,0,0,0,0,,0,12,17,157,0,0,0,164,29,9,4.13158056038294,1,0.957317073170732,0.195402298850575,0.311195445920304,0.510940260420075,0,17.7,29.7
2012,POST,00-0022084,,Anquan Boldin,WR,WR,"https://static.www.nfl.com/image/private/f_auto,q_auto/league/ajabgwxbliupgkwjbnut",4,BAL,0,0,0,0,0,0,0,0,0,0,0,0,,0,,,0,0,0,0,0,0,,0,22,36,380,4,0,0,517,64,19,28.921865087992,0,0.735009671179884,0.288,0.335714285714286,0.667,0,62.0,84.0
2012,POST,00-0022097,,Brandon Lloyd,WR,WR,,2,NE,0,0,0,0,0,0,0,0,0,0,0,0,,0,,,0,0,0,0,0,0,,0,12,23,102,1,0,0,227,16,7,-4.61609417610453,0,0.449339207048458,0.25,0.304289544235925,0.588002680965147,0,16.2,28.2
2012,POST,00-0022217,,Mewelde Moore,RB,RB,,1,IND,0,0,0,0,0,0,0,0,0,0,0,0,,0,,,3,11,0,0,0,0,-0.585956539958715,0,0,0,0,0,0,0,0,0,0,,0,,,,,0,1.1,1.1
2012,POST,00-0022397,,Vonta Leach,FB,RB,,4,BAL,0,0,0,0,0,0,0,0,0,0,0,0,,0,,,5,15,1,0,0,2,1.6454149914789,0,6,6,31,0,1,0,-6,37,2,0.340137683902867,0,-5.16666666666667,0.0588235294117647,-0.004720692368214,0.0849308094598973,0,10.6,16.6
2012,POST,00-0022427,,Wes Welker,WR,WR,"https://static.www.nfl.com/image/private/f_auto,q_auto/league/rgjwexzif36vncjfdwap",2,NE,0,0,0,0,0,0,0,0,0,0,0,0,,0,,,0,0,0,0,0,0,,0,16,25,248,1,0,0,206,124,9,12.7554181230953,0,1.20388349514563,0.271739130434783,0.276139410187668,0.600906282783541,0,30.8,46.8
2012,POST,00-0022781,,Michael Jenkins,WR,WR,,1,MIN,0,0,0,0,0,0,0,0,0,0,0,0,,0,,,0,0,0,0,0,0,,0,3,5,96,1,0,0,86,32,3,5.58580564511032,0,1.11627906976744,0.185185185185185,0.220512820512821,0.432136752136752,0,15.6,18.6
2012,POST,00-0022787,M.Schaub,Matt Schaub,QB,QB,"https://static.www.nfl.com/image/private/f_auto,q_auto/league/mj2kh2nddxnw04ludcx0",2,HOU,63,89,605,2,2,1,9,1,0,527,254,32,-0.312673184019061,1,1.14800759013283,0.0828118492670312,5,2,0,0,0,1,-2.73043634567875,0,0,0,0,0,0,0,0,0,0,,0,,,,,0,30.4,30.4
2012,POST,00-0022821,,Michael Turner,RB,RB,,2,ATL,0,0,0,0,0,0,0,0,0,0,0,0,,0,,,22,128,0,0,0,7,4.92842209129594,0,0,0,0,0,0,0,0,0,0,,0,,,,,0,12.8,12.8
2012,POST,00-0022984,,Ryan Grant,RB,RB,,1,GB,0,0,0,0,0,0,0,0,0,0,0,0,,0,,,7,7,0,0,0,0,-3.28784333204385,0,1,1,16,0,0,0,-2,18,1,1.52957079431508,0,-8.0,0.0303030303030303,-0.0081967213114754,0.0397168405365127,0,2.3,3.3
2012,POST,00-0022999,J.Kuhn,John Kuhn,FB,RB,"https://static.www.nfl.com/image/private/f_auto,q_auto/league/nbcwgq2o0ymmx4czvr4b",2,GB,0,0,0,0,0,0,0,0,0,0,0,0,,0,,,3,4,1,0,0,1,-1.0939088887825,0,2,4,15,1,0,0,10,17,1,-0.679273601155728,0,1.5,0.0555555555555556,0.0169779286926995,0.095217883418223,0,13.9,15.9
2012,POST,00-0023459,A.Rodgers,Aaron Rodgers,QB,QB,"https://static.www.nfl.com/image/upload/f_auto,q_auto/league/jdcb4nomlc4rd6k5l6to",2,GB,49,72,531,3,1,4,33,0,0,589,225,27,13.6701186729099,0,0.901528013582343,0.162260619479336,5,40,0,1,0,1,2.31508840370225,0,0,0,0,0,0,0,0,0,0,,0,,,,,0,35.24,35.24
2012,POST,00-0023462,,Roddy White,WR,WR,"https://static.www.nfl.com/image/private/f_auto,q_auto/league/f7dgklg6z49fbdltwuki",2,ATL,0,0,0,0,0,0,0,0,0,0,0,0,,0,,,0,0,0,0,0,0,,0,12,24,176,1,0,0,362,7,9,-3.05377017389405,0,0.486187845303867,0.311688311688312,0.393478260869565,0.742967250141163,0,23.6,35.6
2012,POST,00-0023500,F.Gore,Frank Gore,RB,RB,"https://static.www.nfl.com/image/private/f_auto,q_auto/league/lxxkhd2suyalrbruzut7",3,SF,0,0,0,0,0,0,0,0,0,0,0,0,,0,,,63,319,4,0,0,15,9.01433117408305,0,2,2,48,0,0,0,18,30,1,3.01751314057037,0,2.66666666666667,0.0645161290322581,0.047244094488189,0.129845059690119,0,60.7,62.7
2012,POST,00-0023630,,Joel Dreessen,TE,TE,,1,DEN,0,0,0,0,0,0,0,0,0,0,0,0,,0,,,0,0,0,0,0,0,,0,6,8,46,0,0,0,42,14,1,2.53705807309598,0,1.0952380952381,0.186046511627907,0.13953488372093,0.376744186046512,0,4.6,10.6
2012,POST,00-0024221,V.Davis,Vernon Davis,TE,TE,"https://static.www.nfl.com/image/private/f_auto,q_auto/league/so5ywayfeeu4zeijln5m",3,SF,0,0,0,0,0,0,0,0,0,0,0,0,,0,,,0,0,0,0,0,0,,0,12,19,254,1,0,0,278,89,11,6.9950236378354,0,0.913669064748201,0.2375,0.285128205128205,0.555839743589744,0,31.4,43.4
2012,POST,00-0024267,,Greg Jennings,WR,WR,"https://static.www.nfl.com/image/private/f_auto,q_auto/league/jiemkcfkc893pfova8xv",2,GB,0,0,0,0,0,0,0,0,0,0,0,0,,0,,,0,0,0,0,0,0,,0,10,14,115,1,0,0,156,40,4,5.95686468158965,0,0.737179487179487,0.194444444444444,0.264855687606112,0.477065647990945,0,17.5,27.5
2012,POST,00-0024313,,Owen Daniels,TE,TE,"https://static.www.nfl.com/image/private/f_auto,q_auto/league/ktxkz5tzddboxst5xfh8",2,HOU,0,0,0,0,0,0,0,0,0,0,0,0,,0,,,0,0,0,0,0,0,,0,18,26,172,0,0,0,186,56,8,0.51625468722002,0,0.924731182795699,0.298850574712644,0.352941176470588,0.695334685598377,0,17.2,35.2
2012,POST,00-0024315,,Michael Robinson,FB,RB,,2,SEA,0,0,0,0,0,0,0,0,0,0,0,0,,0,,,2,2,0,0,0,1,-3.07814048288856,0,2,3,23,1,0,0,13,21,2,1.21290403942112,0,1.76923076923077,0.115384615384615,0.0524193548387097,0.20977047146402,0,8.5,10.5
2012,POST,00-0024389,De.Walker,Delanie Walker,TE,TE,"https://static.www.nfl.com/image/private/f_auto,q_auto/league/diknegkpqy0qnri7877z",3,SF,0,0,0,0,0,0,0,0,0,0,0,0,,0,,,0,0,0,0,0,0,,0,5,11,85,0,0,0,151,4,4,2.48809393960983,0,0.562913907284768,0.1375,0.154871794871795,0.314660256410256,0,8.5,13.5
2012,POST,00-0024417,S.Koch,Sam Koch,P,SPEC,"https://static.www.nfl.com/image/private/f_auto,q_auto/league/dw34lcf6qit1i1knjhpv",1,BAL,0,0,0,0,0,0,0,0,0,0,0,0,,0,,,1,-8,0,0,0,0,-1.67774055682821,0,0,0,0,0,0,0,0,0,0,,0,,,,,0,-0.8,-0.8
2012,POST,00-0024447,,Devin Aromashodu,WR,WR,,1,MIN,0,0,0,0,0,0,0,0,0,0,0,0,,0,,,0,0,0,0,0,0,,0,0,3,0,0,0,0,70,0,0,-2.62542235525325,0,0.0,0.111111111111111,0.17948717948718,0.292307692307692,0,0.0,0.0
2012,POST,00-0024756,,Matt Willis,WR,WR,,1,DEN,0,0,0,0,0,0,0,0,0,0,0,0,,0,,,0,0,0,0,0,0,,0,1,1,4,0,0,0,-7,11,0,-0.0256024593254551,0,0.0,0.0232558139534884,-0.0232558139534884,0.0186046511627907,0,0.4,1.4
2012,POST,00-0025394,A.Peterson,Adrian Peterson,RB,RB,"https://static.www.nfl.com/image/private/f_auto,q_auto/league/ug2ua3skqc9f6vkbowxc",1,MIN,0,0,0,0,0,0,0,0,0,0,0,0,,0,,,22,99,0,0,0,7,-1.08626482693944,0,1,3,8,0,0,0,4,5,0,-0.684386445966084,0,2.0,0.111111111111111,0.0102564102564103,0.173846153846154,0,10.7,11.7
2012,POST,00-0025396,T.Ginn,Ted Ginn,WR,WR,"https://static.www.nfl.com/image/private/f_auto,q_auto/league/o4m4txrv9l7odyebnea4",2,SF,0,0,0,0,0,0,0,0,0,0,0,0,,0,,,0,0,0,0,0,0,,0,1,3,3,0,0,0,50,0,0,-1.40642711723922,0,0.06,0.0508474576271187,0.0650195058517555,0.121784840536907,0,0.3,1.3
2012,POST,00-0025399,M.Lynch,Marshawn Lynch,RB,RB,"https://static.www.nfl.com/image/private/f_auto,q_auto/league/ddhpebfqtr9yxsnbx9ht",2,SEA,0,0,0,0,0,0,0,0,0,0,0,0,,0,,,36,178,2,2,2,9,-4.53127307933755,0,4,4,46,0,0,0,-5,51,2,4.52705700983643,0,-9.2,0.0645161290322581,-0.0072992700729927,0.0916647044972922,0,30.4,34.4
2012,POST,00-0025425,,Zach Miller,TE,TE,,2,SEA,0,0,0,0,0,0,0,0,0,0,0,0,,0,,,0,0,0,0,0,0,,0,12,15,190,1,0,0,144,77,9,16.7310530247632,1,1.31944444444444,0.241935483870968,0.21021897810219,0.510056510477985,0,27.0,39.0
2012,POST,00-0025431,,Sidney Rice,WR,WR,,2,SEA,0,0,0,0,0,0,0,0,0,0,0,0,,0,,,0,0,0,0,0,0,,0,5,13,87,0,0,0,225,4,5,0.348491461405674,0,0.386666666666667,0.209677419354839,0.328467153284672,0.544443136331528,0,8.7,13.7
2012,POST,00-0025439,,Brian Leonard,RB,RB,,1,CIN,0,0,0,0,0,0,0,0,0,0,0,0,,0,,,1,2,0,0,0,0,-0.0435219744686037,0,0,0,0,0,0,0,0,0,0,,0,,,,,0,0.2,0.2
2012,POST,00-0025460,,Jacoby Jones,WR,WR,"https://static.www.nfl.com/image/private/f_auto,q_auto/league/yhjtycrpq7jtfarxkhcx",4,BAL,0,0,0,0,0,0,0,0,0,0,0,0,,0,,,0,0,0,0,0,0,,0,5,12,147,2,0,0,193,24,3,8.77659216139,0,0.761658031088083,0.096,0.125324675324675,0.231727272727273,1,32.7,37.7
2012,POST,00-0025465,,James Jones,WR,WR,,2,GB,0,0,0,0,0,0,0,0,0,0,0,0,,0,,,0,0,0,0,0,0,,0,8,10,138,1,0,0,132,26,6,11.9529071247671,0,1.04545454545455,0.138888888888889,0.224108658743633,0.365209394453877,0,19.8,27.8
2012,POST,00-0025631,,Jason Snelling,FB,RB,,2,ATL,0,0,0,0,0,0,0,0,0,0,0,0,,0,,,2,12,0,0,0,1,0.100877626799047,0,2,2,10,1,0,0,2,8,1,1.55278666515369,0,5.0,0.025974025974026,0.0041322314049586,0.04185360094451,0,8.2,10.2
2012,POST,00-0025860,,BenJarvus Green-Ellis,RB,RB,,1,CIN,0,0,0,0,0,0,0,0,0,0,0,0,,0,,,11,63,0,0,0,4,1.6030370137305,0,2,2,-9,0,0,0,-10,1,0,-2.91191762103699,0,0.9,0.0689655172413793,-0.0297619047619048,0.0826149425287356,0,5.4,7.4
2012,POST,00-0026019,D.Woodhead,Danny Woodhead,RB,RB,"https://static.www.nfl.com/image/private/f_auto,q_auto/league/gorlqe0etvc8ek5wob7j",2,NE,0,0,0,0,0,0,0,0,0,0,0,0,,0,,,4,11,0,0,0,1,-0.455638412910048,0,1,3,12,0,0,0,5,11,1,0.376208726374898,0,2.4,0.0576923076923077,0.0118764845605701,0.0948520007308606,0,2.3,3.3
2012,POST,00-0026033,,Mike Cox,FB,RB,,1,ATL,0,0,0,0,0,0,0,0,0,0,0,0,,0,,,1,4,0,0,0,0,-0.321417870698497,0,0,0,0,0,0,0,0,0,0,,0,,,,,0,0.4,0.4
2012,POST,00-0026143,M.Ryan,Matt Ryan,QB,QB,"https://static.www.nfl.com/image/private/f_auto,q_auto/league/s6zam4ekrrnonsck6vak",2,ATL,54,77,646,6,3,1,0,0,0,920,121,37,23.9811959168041,0,0.702173913043478,0.188824945670622,3,9,0,1,1,0,-5.39515968388878,0,0,0,0,0,0,0,0,0,0,,0,,,,,0,42.74,42.74
2012,POST,00-0026158,J.Flacco,Joe Flacco,QB,QB,"https://static.www.nfl.com/image/upload/f_auto,q_auto/league/yxvyoeojkif7tnfviamc",4,BAL,73,126,1140,11,0,6,38,0,0,1541,366,53,49.9491827239499,0,0.739779364049319,0.193808068848868,8,16,0,1,1,1,-5.80248856253456,0,0,0,0,0,0,0,0,0,0,,0,,,,,0,89.2,89.2
2012,POST,00-0026173,,Donnie Avery,WR,WR,,1,IND,0,0,0,0,0,0,0,0,0,0,0,0,,0,,,1,15,0,0,0,1,0.980793037917465,0,2,8,12,0,0,0,53,9,1,-2.82223386438249,0,0.226415094339623,0.150943396226415,0.110878661087866,0.304030157101129,0,2.7,4.7
2012,POST,00-0026176,J.Nelson,Jordy Nelson,WR,WR,"https://static.www.nfl.com/image/private/f_auto,q_auto/league/bde2n4ozsakatgs4yyp2",2,GB,0,0,0,0,0,0,0,0,0,0,0,0,,0,,,0,0,0,0,0,0,,0,8,13,97,0,0,0,205,13,7,3.28999616487999,0,0.473170731707317,0.180555555555556,0.34804753820034,0.514466610073571,0,9.7,17.7
2012,POST,00-0026178,,John Carlson,TE,TE,,1,MIN,0,0,0,0,0,0,0,0,0,0,0,0,,0,,,0,0,0,0,0,0,,0,0,2,0,0,0,0,33,0,0,-1.2273440528661,0,0.0,0.0740740740740741,0.0846153846153846,0.17034188034188,0,0.0,0.0
2012,POST,00-0026186,,Jerome Simpson,WR,WR,,1,MIN,0,0,0,0,0,0,0,0,0,0,0,0,,0,,,0,0,0,0,0,0,,0,2,6,21,0,0,0,130,8,0,-2.4562339426484,0,0.161538461538462,0.222222222222222,0.333333333333333,0.566666666666667,0,2.1,4.1
2012,POST,00-0026195,,Ray Rice,RB,RB,,4,BAL,0,0,0,0,0,0,0,0,0,0,0,0,,0,,,84,306,2,2,2,12,-12.0734414552265,0,8,14,88,0,1,1,4,99,4,-3.69427162525244,0,22.0,0.112,0.0025974025974026,0.169818181818182,0,45.4,53.4
2012,POST,00-0026209,,Jacob Hester,RB,RB,,1,DEN,0,0,0,0,0,0,0,0,0,0,0,0,,0,,,8,11,0,0,0,2,-2.82533229701221,0,1,2,7,0,0,0,10,4,0,-0.874081138637534,0,0.7,0.0465116279069768,0.0332225913621263,0.0930232558139535,0,1.8,2.8
2012,POST,00-0026224,H.Douglas,Harry Douglas,WR,WR,"https://static.www.nfl.com/image/private/f_auto,q_auto/league/hblmz1iaov5vqx7cd9cv",2,ATL,0,0,0,0,0,0,0,0,0,0,0,0,,0,,,0,0,0,0,0,0,,0,5,6,60,0,0,0,90,4,4,3.21946126810508,0,0.666666666666667,0.0779220779220779,0.0978260869565217,0.185361377752682,0,6.0,11.0
2012,POST,00-0026231,,Jermichael Finley,TE,TE,,2,GB,0,0,0,0,0,0,0,0,0,0,0,0,,0,,,0,0,0,0,0,0,,0,5,8,45,0,0,0,56,13,3,-0.960128820268437,0,0.803571428571429,0.111111111111111,0.0950764006791171,0.233220147142049,0,4.5,9.5
2012,POST,00-0026267,,Jacob Tamme,TE,TE,"https://static.www.nfl.com/image/private/f_auto,q_auto/league/kfyqh9qmtwufzixwuoo2",1,DEN,0,0,0,0,0,0,0,0,0,0,0,0,,0,,,0,0,0,0,0,0,,0,3,3,44,0,0,0,28,16,2,5.45877566095442,0,1.57142857142857,0.0697674418604651,0.0930232558139535,0.169767441860465,0,4.4,7.4
2012,POST,00-0026314,,Josh Morgan,WR,WR,,1,WAS,0,0,0,0,0,0,0,0,0,0,0,0,,0,,,0,0,0,0,0,0,,0,1,7,0,0,0,0,46,1,0,-5.06946205359418,0,0.0,0.241379310344828,0.185483870967742,0.491907675194661,0,0.0,1.0
2012,POST,00-0026345,P.Garcon,Pierre Garcon,WR,WR,"https://static.www.nfl.com/image/private/f_auto,q_auto/league/xwjogot7xrfj9qwhsgtn",1,WAS,0,0,0,0,0,0,0,0,0,0,0,0,,0,,,0,0,0,0,0,0,,0,4,6,50,0,0,0,68,33,2,0.366711326816585,0,0.735294117647059,0.206896551724138,0.274193548387097,0.502280311457175,0,5.0,9.0
2012,POST,00-0026796,,Arian Foster,RB,RB,,2,HOU,0,0,0,0,0,0,0,0,0,0,0,0,,0,,,54,230,2,0,0,11,2.69642907264642,0,15,17,97,1,0,0,1,106,6,3.86953897884748,0,97.0,0.195402298850575,0.0018975332068311,0.294431721520644,0,50.7,65.7
2012,POST,00-0026852,D.Young,Darrel Young,FB,RB,"https://static.www.nfl.com/image/private/f_auto,q_auto/league/znfzmkdrjpzxrhv8j0r7",1,WAS,0,0,0,0,0,0,0,0,0,0,0,0,,0,,,1,3,0,0,0,0,-0.22333887941204,0,0,1,0,0,0,0,1,0,0,-0.481961032375693,0,0.0,0.0344827586206897,0.0040322580645161,0.0545467185761958,0,0.3,0.3
2012,POST,00-0026878,,Tom Crabtree,TE,TE,,2,GB,0,0,0,0,0,0,0,0,0,0,0,0,,0,,,0,0,0,0,0,0,,0,1,3,10,0,0,0,-3,11,1,-0.319461073726416,0,0.0,0.0416666666666667,-0.0050933786078098,0.0589346349745331,0,1.0,2.0
2012,POST,00-0026986,M.Crabtree,Michael Crabtree,WR,WR,"https://static.www.nfl.com/image/private/f_auto,q_auto/league/kcavcmeyaion38ewxwyk",3,SF,0,0,0,0,0,0,0,0,0,0,0,0,,0,,,0,0,0,0,0,0,,0,20,28,285,3,1,1,254,131,13,12.8819149063784,0,1.12204724409449,0.35,0.260512820512821,0.707358974358974,0,44.5,64.5
2012,POST,00-0026988,,Knowshon Moreno,RB,RB,,1,DEN,0,0,0,0,0,0,0,0,0,0,0,0,,0,,,10,32,0,0,0,2,-0.432897541322745,0,2,2,21,1,0,0,20,1,1,2.34328302706126,0,1.05,0.0465116279069768,0.0664451827242525,0.116279069767442,0,11.3,13.3
2012,POST,00-0027069,,Chase Coffman,TE,TE,,1,ATL,0,0,0,0,0,0,0,0,0,0,0,0,,0,,,0,0,0,0,0,0,,0,1,1,16,0,0,0,15,1,1,1.46225229837,0,1.06666666666667,0.0285714285714286,0.0344036697247706,0.0669397116644823,0,1.6,2.6
2012,POST,00-0027109,,James Casey,FB,TE,"https://static.www.nfl.com/image/private/f_auto,q_auto/league/atra5outunyi3dikmjez",2,HOU,0,0,0,0,0,0,0,0,0,0,0,0,,0,,,0,0,0,0,0,0,,0,4,9,49,0,0,0,37,33,3,-9.92614078125916,0,1.32432432432432,0.103448275862069,0.0702087286527514,0.204318523850029,0,4.9,8.9
2012,POST,00-0027188,,Chad Hall,WR,WR,,1,SF,0,0,0,0,0,0,0,0,0,0,0,0,,0,,,0,0,0,0,0,0,,0,0,1,0,0,0,0,5,0,0,-1.09135340444018,0,0.0,0.0476190476190476,0.0242718446601942,0.0884188626907073,0,0.0,0.0
2012,POST,00-0027215,L.Paulsen,Logan Paulsen,TE,TE,"https://static.www.nfl.com/image/private/f_auto,q_auto/league/rckjvflmpzh9tiescxcd",1,WAS,0,0,0,0,0,0,0,0,0,0,0,0,,0,,,0,0,0,0,0,0,,0,2,4,15,1,0,0,19,12,2,2.11520014872076,0,0.789473684210526,0.137931034482759,0.0766129032258065,0.260525583982202,0,7.5,9.5
2012,POST,00-0027606,,Trindon Holliday,WR,WR,,1,DEN,0,0,0,0,0,0,0,0,0,0,0,0,,0,,,0,0,0,0,0,0,,0,0,0,0,0,0,0,0,0,0,,0,,,,,2,12.0,12.0
2012,POST,00-0027656,R.Gronkowski,Rob Gronkowski,TE,TE,"https://static.www.nfl.com/image/private/f_auto,q_auto/league/svpo7chliiymc0r7hegp",1,NE,0,0,0,0,0,0,0,0,0,0,0,0,,0,,,0,0,0,0,0,0,,0,0,1,0,0,0,0,32,0,0,-0.805237425956875,0,0.0,0.025,0.0984615384615385,0.106423076923077,0,0.0,0.0
2012,POST,00-0027675,E.Dickson,Ed Dickson,TE,TE,"https://static.www.nfl.com/image/private/f_auto,q_auto/league/qtxat8xwaclkqfkj5lrq",4,BAL,0,0,0,0,0,0,0,0,0,0,0,0,,0,,,0,0,0,0,0,0,,0,6,8,90,0,0,0,72,44,5,5.77791306946892,0,1.25,0.064,0.0467532467532468,0.128727272727273,0,9.0,15.0
2012,POST,00-0027690,E.Decker,Eric Decker,WR,WR,"https://static.www.nfl.com/image/private/f_auto,q_auto/league/jg5ftnvxz4jdiajzeoyn",1,DEN,0,0,0,0,0,0,0,0,0,0,0,0,,0,,,0,0,0,0,0,0,,0,6,10,84,0,0,0,83,23,6,-2.1370240803808,0,1.01204819277108,0.232558139534884,0.275747508305648,0.541860465116279,0,8.4,14.4
2012,POST,00-0027713,,Aaron Hernandez,TE,TE,,2,NE,0,0,0,0,0,0,0,0,0,0,0,0,,0,,,1,6,0,0,0,0,0.212999316456262,0,15,23,168,0,0,0,158,108,11,7.15061367095367,0,1.06329113924051,0.25,0.211796246648794,0.523257372654156,0,17.4,32.4
2012,POST,00-0027714,,Dennis Pitta,TE,TE,"https://static.www.nfl.com/image/private/f_auto,q_auto/league/liu0pixlkbyftxesaq06",4,BAL,0,0,0,0,0,0,0,0,0,0,0,0,,0,,,0,0,0,0,0,0,,0,14,19,163,3,0,0,149,66,10,13.1842571314578,0,1.09395973154362,0.152,0.0967532467532468,0.295727272727273,0,34.3,48.3
2012,POST,00-0027718,,Garrett Graham,TE,TE,,2,HOU,0,0,0,0,0,0,0,0,0,0,0,0,,0,,,0,0,0,0,0,0,,0,5,5,42,0,0,0,25,17,2,2.05894593289122,0,1.68,0.0574712643678161,0.047438330170778,0.119413727671269,0,4.2,9.2
2012,POST,00-0027772,,Anthony Dixon,RB,RB,"https://static.www.nfl.com/image/private/f_auto,q_auto/league/lvbgbxspmjn0xo1kw8g9",2,SF,0,0,0,0,0,0,0,0,0,0,0,0,,0,,,2,6,1,0,0,2,1.96912302880082,0,0,0,0,0,0,0,0,0,0,,0,,,,,0,6.6,6.6
2012,POST,00-0027783,,Anthony McCoy,TE,TE,"https://static.www.nfl.com/image/private/f_auto,q_auto/league/jmfnncc5wt3g5btrsvav",2,SEA,0,0,0,0,0,0,0,0,0,0,0,0,,0,,,0,0,0,0,0,0,,0,0,2,0,0,0,0,10,0,0,-0.855334609921556,0,0.0,0.032258064516129,0.0145985401459854,0.0586060748763833,0,0.0,0.0
2012,POST,00-0027796,J.Webb,Joe Webb,QB,QB,"https://static.www.nfl.com/image/private/f_auto,q_auto/league/hjieero9ugbyu7n1629h",1,MIN,11,30,180,1,1,3,23,1,1,387,59,6,-10.2036092225902,0,0.465116279069768,-0.0464416680441137,7,68,0,0,0,4,4.51554811303504,0,0,0,0,0,0,0,0,0,0,,0,,,,,0,14.0,14.0
2012,POST,00-0027873,J.Gresham,Jermaine Gresham,TE,TE,"https://static.www.nfl.com/image/private/f_auto,q_auto/league/higvmot083ues41wbdgi",1,CIN,0,0,0,0,0,0,0,0,0,0,0,0,,0,,,0,0,0,0,0,0,,0,2,7,7,0,0,0,58,2,0,-4.48481764190365,0,0.120689655172414,0.241379310344828,0.172619047619048,0.482902298850575,0,0.7,2.7
2012,POST,00-0027874,D.Thomas,Demaryius Thomas,WR,WR,"https://static.www.nfl.com/image/private/f_auto,q_auto/league/p1yjsqtqimjd6iazu3h9",1,DEN,0,0,0,0,0,0,0,0,0,0,0,0,,0,,,0,0,0,0,0,0,,0,3,7,37,1,0,0,74,23,2,2.16251561132958,0,0.5,0.162790697674419,0.245847176079734,0.416279069767442,0,9.7,12.7
2012,POST,00-0027890,,Ben Tate,RB,RB,,1,HOU,0,0,0,0,0,0,0,0,0,0,0,0,,0,,,2,1,0,0,0,0,-1.15826336131431,0,0,0,0,0,0,0,0,0,0,,0,,,,,0,0.1,0.1
2012,POST,00-0027891,G.Tate,Golden Tate,WR,WR,"https://static.www.nfl.com/image/private/f_auto,q_auto/league/yfqebrp2o9t1gt1wqjku",2,SEA,0,0,0,0,0,0,0,0,0,0,0,0,,0,,,0,0,0,0,0,0,,0,10,13,138,1,0,0,134,36,7,6.07075092897561,0,1.02985074626866,0.209677419354839,0.195620437956204,0.451450435601601,0,19.8,29.8
2012,POST,00-0027918,,Andrew Hawkins,WR,WR,,1,CIN,0,0,0,0,0,0,0,0,0,0,0,0,,0,,,0,0,0,0,0,0,,0,2,4,15,0,0,0,39,8,1,-0.854459210881032,0,0.384615384615385,0.137931034482759,0.116071428571429,0.288146551724138,0,1.5,3.5
2012,POST,00-0027942,A.Green,A.J. Green,WR,WR,"https://static.www.nfl.com/image/private/f_auto,q_auto/league/guj5a9vnnzqfiljupzuj",1,CIN,0,0,0,0,0,0,0,0,0,0,0,0,,0,,,0,0,0,0,0,0,,0,5,11,80,0,0,0,167,25,2,-3.48911715023999,0,0.479041916167665,0.379310344827586,0.49702380952381,0.916882183908046,0,8.0,13.0
2012,POST,00-0027944,J.Jones,Julio Jones,WR,WR,"https://static.www.nfl.com/image/upload/f_auto,q_auto/league/omrddf2phtyztzx2nup1",2,ATL,0,0,0,0,0,0,0,0,0,0,0,0,,0,,,1,-1,0,0,0,0,-0.829873302951455,0,17,23,241,2,0,0,325,57,12,16.5221685128054,0,0.741538461538462,0.298701298701299,0.353260869565217,0.6953345567476,0,36.0,53.0
2012,POST,00-0027973,A.Dalton,Andy Dalton,QB,QB,"https://static.www.nfl.com/image/upload/f_auto,q_auto/league/az1zo7fl2tozg50tgs0d",1,CIN,14,30,127,0,1,2,9,0,0,330,40,5,-16.9648022961465,0,0.384848484848485,-0.0404910105595097,4,15,0,0,0,1,-0.304143762565218,0,0,0,0,0,0,0,0,0,0,,0,,,,,0,4.58,4.58
2012,POST,00-0027974,,Colin Kaepernick,QB,QB,"https://static.www.nfl.com/image/private/f_auto,q_auto/league/nnvil5vbsj1nbldpc9nl",3,SF,49,80,798,4,2,5,32,0,0,975,284,35,22.8621684405844,0,0.818461538461538,0.211969815462896,25,264,3,1,0,12,16.6083171726154,0,0,0,0,0,0,0,0,0,0,,0,,,,,0,88.32,88.32
2012,POST,00-0027981,K.Rudolph,Kyle Rudolph,TE,TE,"https://static.www.nfl.com/image/private/f_auto,q_auto/league/mtvrkfel5750mlevcvtp",1,MIN,0,0,0,0,0,0,0,0,0,0,0,0,,0,,,0,0,0,0,0,0,,0,3,3,42,0,0,0,38,4,2,0.294795176014304,0,1.10526315789474,0.111111111111111,0.0974358974358974,0.234871794871795,0,4.2,7.2
2012,POST,00-0027994,S.Vereen,Shane Vereen,RB,RB,"https://static.www.nfl.com/image/private/f_auto,q_auto/league/grirsvo53nqb22jzb1zk",2,NE,0,0,0,0,0,0,0,0,0,0,0,0,,0,,,11,57,1,0,0,4,1.82977017527446,0,7,10,105,2,0,0,50,61,4,6.38522240569,0,2.1,0.108695652173913,0.0670241286863271,0.209960368341299,0,34.2,41.2
2012,POST,00-0027996,T.Smith,Torrey Smith,WR,WR,"https://static.www.nfl.com/image/private/f_auto,q_auto/league/sqvbn4ybxagyfwva3i51",4,BAL,0,0,0,0,0,0,0,0,0,0,0,0,,0,,,1,0,0,0,0,0,-0.488364725839347,0,11,25,233,2,0,0,567,21,9,8.52030287613161,0,0.410934744268078,0.2,0.368181818181818,0.557727272727273,0,35.3,46.3
2012,POST,00-0028002,R.Cobb,Randall Cobb,WR,WR,"https://static.www.nfl.com/image/private/f_auto,q_auto/league/kuwo5hnkbtesfw6n9w1s",2,GB,0,0,0,0,0,0,0,0,0,0,0,0,,0,,,4,29,0,0,0,1,0.877606383524835,0,6,8,31,0,1,0,25,24,0,-1.17177192294345,0,1.24,0.111111111111111,0.0424448217317487,0.196378041878891,0,6.0,12.0
2012,POST,00-0028011,S.Ridley,Stevan Ridley,RB,RB,"https://static.www.nfl.com/image/private/f_auto,q_auto/league/futdstbe48qaqcvtolzj",2,NE,0,0,0,0,0,0,0,0,0,0,0,0,,0,,,33,152,1,1,1,9,-1.37027679805487,0,1,2,13,0,0,0,3,11,1,0.953526746015996,0,4.33333333333333,0.05,0.0092307692307692,0.0814615384615385,0,20.5,21.5
2012,POST,00-0028017,,Leonard Hankerson,WR,WR,,1,WAS,0,0,0,0,0,0,0,0,0,0,0,0,,0,,,0,0,0,0,0,0,,0,2,5,27,0,0,0,61,9,2,-1.26520592271118,0,0.442622950819672,0.172413793103448,0.245967741935484,0.430798109010011,0,2.7,4.7
2012,POST,00-0028061,,Tandon Doss,WR,WR,,2,BAL,0,0,0,0,0,0,0,0,0,0,0,0,,0,,,0,0,0,0,0,0,,0,0,4,0,0,0,0,47,0,0,-4.11229243213495,0,0.0,0.0677966101694915,0.0671428571428571,0.148694915254237,0,0.0,0.0
2012,POST,00-0028083,J.Rodgers,Jacquizz Rodgers,RB,RB,"https://static.www.nfl.com/image/private/f_auto,q_auto/league/ztmescfueap5glplyf7w",2,ATL,0,0,0,0,0,0,0,0,0,0,0,0,,0,,,20,96,0,0,0,3,-1.70549755432876,0,2,5,8,0,0,0,11,10,0,-3.99745019204732,0,0.727272727272727,0.0649350649350649,0.0119565217391304,0.105772162619989,0,10.4,12.4
2012,POST,00-0028115,,Evan Royster,RB,RB,,1,WAS,0,0,0,0,0,0,0,0,0,0,0,0,,0,,,0,0,0,0,0,0,,0,1,1,4,1,0,0,4,0,1,2.56287645234261,0,1.0,0.0344827586206897,0.0161290322580645,0.0630144605116796,0,6.4,7.4
2012,POST,00-0028149,B.Miller,Bruce Miller,FB,RB,"https://static.www.nfl.com/image/private/f_auto,q_auto/league/xmxfgtmbvqxhpp3ldkwq",1,SF,0,0,0,0,0,0,0,0,0,0,0,0,,0,,,0,0,0,0,0,0,,0,0,1,0,0,0,0,0,0,0,-0.520916890061926,0,,0.032258064516129,,,0,0.0,0.0
2012,POST,00-0028156,,Ryan Taylor,TE,TE,,1,GB,0,0,0,0,0,0,0,0,0,0,0,0,,0,,,0,0,0,0,0,0,,0,1,1,0,0,0,0,0,0,0,-0.237585010123439,0,,0.0303030303030303,,,0,0.0,1.0
2012,POST,00-0028307,,Drew Davis,WR,WR,,1,ATL,0,0,0,0,0,0,0,0,0,0,0,0,,0,,,0,0,0,0,0,0,,0,1,1,6,0,0,0,3,3,0,-0.372442488092929,0,2.0,0.0285714285714286,0.0068807339449541,0.0476736566186108,0,0.6,1.6
2012,POST,00-0028409,D.Harris,DuJuan Harris,RB,RB,"https://static.www.nfl.com/image/private/f_auto,q_auto/league/bm9b6aulywolcwjqjcpo",2,GB,0,0,0,0,0,0,0,0,0,0,0,0,,0,,,28,100,2,0,0,4,0.953577434818726,0,7,10,64,0,0,0,10,63,4,0.882560379977804,0,6.4,0.138888888888889,0.0169779286926995,0.220217883418223,0,28.4,35.4
2012,POST,00-0028434,D.Baldwin,Doug Baldwin,WR,WR,"https://static.www.nfl.com/image/private/f_auto,q_auto/league/kccmcttfdtl7m3g49vb8",2,SEA,0,0,0,0,0,0,0,0,0,0,0,0,,0,,,0,0,0,0,0,0,,0,3,8,45,0,0,0,165,20,2,0.0225678683491424,0,0.272727272727273,0.129032258064516,0.240875912408759,0.362161525782906,0,4.5,7.5
2012,POST,00-0028542,,Lestar Jean,WR,WR,,1,HOU,0,0,0,0,0,0,0,0,0,0,0,0,,0,,,0,0,0,0,0,0,,0,0,1,0,0,0,0,7,0,0,-0.177360278728884,0,0.0,0.0196078431372549,0.0201729106628242,0.0435328021698593,0,0.0,0.0
2012,POST,00-0029141,A.Morris,Alfred Morris,RB,RB,"https://static.www.nfl.com/image/private/f_auto,q_auto/league/igrm4hy4pishp4rdamin",1,WAS,0,0,0,0,0,0,0,0,0,0,0,0,,0,,,16,80,0,0,0,3,0.922656299546361,0,0,0,0,0,0,0,0,0,0,,0,,,,,0,8.0,8.0
2012,POST,00-0029260,,LaMichael James,RB,RB,"https://static.www.nfl.com/image/private/f_auto,q_auto/league/roxgufvnndlwl05chvur",3,SF,0,0,0,0,0,0,0,0,0,0,0,0,,0,,,11,65,1,1,1,3,-0.185523217427544,0,2,2,11,0,0,0,2,9,0,0.455440680263564,0,5.5,0.0384615384615385,0.0034071550255536,0.0600773162101953,0,11.6,13.6
2012,POST,00-0029263,R.Wilson,Russell Wilson,QB,QB,"https://static.www.nfl.com/image/upload/f_auto,q_auto/league/u36rhg0md8ey3b4khbre",2,SEA,39,62,572,3,1,7,48,0,0,685,248,28,15.757629493405,1,0.835036496350365,0.197523012688093,15,127,1,1,0,9,10.5059546425473,0,0,0,0,0,0,0,0,0,0,,0,,,,,0,53.58,53.58
2012,POST,00-0029264,B.Pierce,Bernard Pierce,RB,RB,"https://static.www.nfl.com/image/private/f_auto,q_auto/league/fpkdvnu4uzvwxhwaryzm",4,BAL,0,0,0,0,0,0,0,0,0,0,0,0,,0,,,39,202,0,0,0,10,3.05393950128928,0,1,1,8,0,0,0,-3,11,1,1.02040884364396,0,-2.66666666666667,0.0277777777777778,-0.0069605568445475,0.0367942768754834,0,21.0,22.0
2012,POST,00-0029273,R.Turbin,Robert Turbin,RB,RB,"https://static.www.nfl.com/image/private/f_auto,q_auto/league/vkqpomzfvo7kei1729jm",2,SEA,0,0,0,0,0,0,0,0,0,0,0,0,,0,,,12,40,0,0,0,2,-2.48967182426713,0,3,4,43,0,0,0,-1,39,1,2.60675227735192,0,-43.0,0.0645161290322581,-0.0014598540145985,0.0957522957381681,0,8.3,11.3
2012,POST,00-0029293,M.Jones,Marvin Jones,WR,WR,"https://static.www.nfl.com/image/private/f_auto,q_auto/league/ciy9sxefmcnwjw7ln3h2",1,CIN,0,0,0,0,0,0,0,0,0,0,0,0,,0,,,0,0,0,0,0,0,,0,3,5,34,0,0,0,82,4,2,-1.70978434762219,0,0.414634146341463,0.172413793103448,0.244047619047619,0.429454022988506,0,3.4,6.4
2012,POST,00-0029415,K.Martin,Keshawn Martin,WR,WR,"https://static.www.nfl.com/image/private/f_auto,q_auto/league/guf4yzrzgnpmx7uonpqs",1,HOU,0,0,0,0,0,0,0,0,0,0,0,0,,0,,,1,16,0,0,0,1,1.32039087545127,0,0,0,0,0,0,0,0,0,0,,0,,,,,0,1.6,1.6
2012,POST,00-0029547,,Vick Ballard,RB,RB,"https://static.www.nfl.com/image/private/f_auto,q_auto/league/uggql1lgrwzanbof6mfd",1,IND,0,0,0,0,0,0,0,0,0,0,0,0,,0,,,22,91,0,0,0,2,-1.66428561706562,0,1,2,3,0,0,0,5,3,1,-1.02567773550982,0,0.6,0.0377358490566038,0.0104602510460251,0.0639259493171232,0,9.4,10.4
2012,POST,00-0029548,,LaVon Brazill,WR,WR,,1,IND,0,0,0,0,0,0,0,0,0,0,0,0,,0,,,0,0,0,0,0,0,,0,1,2,17,0,0,0,50,2,1,0.531370837299619,0,0.34,0.0377358490566038,0.104602510460251,0.129825530907081,0,1.7,2.7
2012,POST,00-0029572,J.Wright,Jarius Wright,WR,WR,"https://static.www.nfl.com/image/private/f_auto,q_auto/league/f4xgfra44cd6qjy6havp",1,MIN,0,0,0,0,0,0,0,0,0,0,0,0,,0,,,0,0,0,0,0,0,,0,2,4,13,0,0,0,36,10,1,0.300252183515113,0,0.361111111111111,0.148148148148148,0.0923076923076923,0.286837606837607,0,1.3,3.3
2012,POST,00-0029587,R.Ellison,Rhett Ellison,TE,TE,"https://static.www.nfl.com/image/private/f_auto,q_auto/league/pqvmhpdoritjtp8ng7ep",1,MIN,0,0,0,0,0,0,0,0,0,0,0,0,,0,,,0,0,0,0,0,0,,0,0,1,0,0,0,0,-7,0,0,-1.8796471352689,0,0.0,0.037037037037037,-0.0179487179487179,0.042991452991453,0,0.0,0.0
2012,POST,00-0029597,J.Tucker,Justin Tucker,K,SPEC,"https://static.www.nfl.com/image/upload/f_auto,q_auto/league/thawkkxcbyuddwuidgb0",1,BAL,0,0,0,0,0,0,0,0,0,0,0,0,,0,,,1,8,0,0,0,0,-2.47522147995187,0,0,0,0,0,0,0,0,0,0,,0,,,,,0,0.8,0.8
2012,POST,00-0029604,K.Cousins,Kirk Cousins,QB,QB,"https://static.www.nfl.com/image/upload/f_auto,q_auto/league/yt6n07jezvfmcsoq0j13",1,WAS,3,10,31,0,0,0,0,0,0,96,9,2,-4.81408684974304,0,0.322916666666667,-0.124142766929481,1,0,0,1,0,0,-0.97519862477202,0,0,0,0,0,0,0,0,0,0,,0,,,,,0,1.24,1.24
2012,POST,00-0029608,T.Hilton,T.Y. Hilton,WR,WR,"https://static.www.nfl.com/image/private/f_auto,q_auto/league/b8kor0sgeynyd8u8cush",1,IND,0,0,0,0,0,0,0,0,0,0,0,0,,0,,,0,0,0,0,0,0,,0,8,13,66,0,0,0,110,34,1,1.1671529621121,0,0.6,0.245283018867925,0.230125523012552,0.529012394410673,0,6.6,14.6
2012,POST,00-0029665,R.Griffin,Robert Griffin,QB,QB,"https://static.www.nfl.com/image/private/f_auto,q_auto/league/f9gitqxxg3f1uybdcfhc",1,WAS,10,19,84,2,1,2,16,0,0,152,46,7,-0.550821639015339,0,0.552631578947369,-0.0219245211051396,5,21,0,1,1,2,-3.56680636049714,0,0,0,0,0,0,0,0,0,0,,0,,,,,0,9.46,9.46
2012,POST,00-0029668,A.Luck,Andrew Luck,QB,QB,"https://static.www.nfl.com/image/private/f_auto,q_auto/league/ojix2ha2u58zqozaw756",1,IND,28,54,288,0,1,3,21,1,1,477,110,16,-8.59736744245646,0,0.60377358490566,-0.0105607661268349,4,35,0,0,0,3,3.69357926939847,0,0,0,0,0,0,0,0,0,0,,0,,,,,0,11.02,11.02
2012,POST,00-0029673,D.Posey,DeVier Posey,WR,WR,"https://static.www.nfl.com/image/private/f_auto,q_auto/league/neyvfbqn4cma8ecy22hb",1,HOU,0,0,0,0,0,0,0,0,0,0,0,0,,0,,,0,0,0,0,0,0,,0,3,5,47,1,0,0,69,6,2,0.552123396308161,0,0.681159420289855,0.0980392156862745,0.198847262247839,0.286251907102899,0,10.7,13.7
2012,POST,00-0029683,R.Hillman,Ronnie Hillman,RB,RB,"https://static.www.nfl.com/image/private/f_auto,q_auto/league/quqwvjr2zciit0emquzg",1,DEN,0,0,0,0,0,0,0,0,0,0,0,0,,0,,,22,83,0,0,0,5,-1.09687074634712,0,3,4,20,0,0,0,7,17,1,-0.223018654214684,0,2.85714285714286,0.0930232558139535,0.0232558139534884,0.155813953488372,0,10.3,13.3
2012,POST,00-0029689,D.Allen,Dwayne Allen,TE,TE,"https://static.www.nfl.com/image/private/f_auto,q_auto/league/wduwt0ibzoutozuywe4b",1,IND,0,0,0,0,0,0,0,0,0,0,0,0,,0,,,0,0,0,0,0,0,,0,4,6,51,0,0,0,18,33,3,1.93483209743863,0,2.83333333333333,0.113207547169811,0.0376569037656904,0.1961711533907,0,5.1,9.1
2012,POST,00-0029697,C.Fleener,Coby Fleener,TE,TE,"https://static.www.nfl.com/image/private/f_auto,q_auto/league/csj8khi0e2rpkvqqjmc1",1,IND,0,0,0,0,0,0,0,0,0,0,0,0,,0,,,0,0,0,0,0,0,,0,3,5,25,0,0,0,38,3,2,0.521371743054758,0,0.657894736842105,0.0943396226415094,0.0794979079497908,0.197157969527118,0,2.5,5.5
2012,REG+POST,00-0000865,,Charlie Batch,QB,QB,,2,PIT,45,70,475,1,4,3,12,1,0,663,257,22,-1.64603170053556,0,0.716440422322775,0.0587206116370464,0,0,0,0,0,0,,0,0,0,0,0,0,0,0,0,0,,0,,,,,0,15.0,15.0
2012,REG+POST,00-0004541,,Donald Driver,WR,WR,,9,GB,0,0,0,0,0,0,0,0,0,0,0,0,,0,,,0,0,0,0,0,0,,0,8,13,77,2,0,0,121,12,5,4.14056947726428,0,0.636363636363636,0.0419354838709678,0.0511844331641286,0.0987323290213416,0,19.7,27.7
2012,REG+POST,00-0006101,,Tony Gonzalez,TE,TE,,18,ATL,0,0,0,0,0,0,0,0,0,0,0,0,,0,,,0,0,0,0,0,0,,0,107,139,1059,10,0,0,1077,283,75,70.2705669929634,0,0.983286908077995,0.20203488372093,0.183600409137402,0.431572611977577,0,165.9,272.9
2012,REG+POST,00-0007091,,Matt Hasselbeck,QB,QB,"https://static.www.nfl.com/image/private/f_auto,q_auto/league/t1nf9avoy2kauqwrvzza",8,TEN,138,221,1367,7,5,14,103,2,1,1707,557,71,-14.8563098729978,1,0.800820152314001,0.0385699938210084,13,38,0,1,0,2,-3.94424024492037,0,0,0,0,0,0,0,0,0,0,,0,,,,,0,76.48,76.48
2012,REG+POST,00-0010346,,Peyton Manning,QB,QB,"https://static.www.nfl.com/image/private/f_auto,q_auto/league/xpcd6auodk3w0vda6jal",17,DEN,428,626,4949,40,13,24,154,4,3,5142,1983,245,165.280477406421,1,0.962465966549981,0.195851472765864,24,5,0,0,0,2,-14.1174747559417,0,0,0,0,0,0,0,0,0,0,,0,,,,,0,328.46,328.46
2012,REG+POST,00-0011754,,Randy Moss,WR,WR,,19,SF,0,0,0,0,0,0,0,0,0,0,0,0,,0,,,0,0,0,0,0,0,,0,35,63,546,3,1,0,921,104,28,14.3078229046393,0,0.592833876221499,0.123287671232877,0.194714587737844,0.321231718265806,0,72.6,107.6
2012,REG+POST,00-0015754,,Brandon Stokley,WR,WR,,15,DEN,0,0,0,0,0,0,0,0,0,0,0,0,,0,,,0,0,0,0,0,0,,0,48,65,571,6,0,0,633,150,32,27.2724431902642,0,0.902053712480253,0.11754068716094,0.137758433079434,0.272741933897014,0,93.1,141.1
2012,REG+POST,00-0019596,T.Brady,Tom Brady,QB,QB,"https://static.www.nfl.com/image/private/f_auto,q_auto/league/q7dpdlxyu5rs05rgh1le",18,NE,455,731,5491,39,10,28,191,1,0,6254,2551,289,207.01733158437,0,0.877998081228014,0.158285943761643,26,36,4,1,0,11,7.10818137344928,0,0,0,0,0,0,0,0,0,0,,0,,,,,0,383.24,383.24
2012,REG+POST,00-0019642,,Plaxico Burress,WR,WR,,3,PIT,0,0,0,0,0,0,0,0,0,0,0,0,,0,,,0,0,0,0,0,0,,0,3,7,42,1,0,0,95,4,3,2.22880913462723,0,0.442105263157895,0.0714285714285714,0.0943396226415094,0.173180592991914,0,10.2,13.2
2012,REG+POST,00-0019714,S.Lechler,Shane Lechler,P,SPEC,"https://static.www.nfl.com/image/private/f_auto,q_auto/league/we3oe5jqnrb4ag3d4pqu",2,LV,1,1,4,0,0,0,0,0,0,1,3,0,-1.83312511094846,0,4.0,,2,0,0,0,0,0,-5.66086978651583,0,0,0,0,0,0,0,0,0,0,,0,,,,,0,0.16,0.16
2012,REG+POST,00-0019770,,Jay Feely,K,SPEC,,1,ARI,0,0,0,0,0,0,0,0,0,0,0,0,,0,,,1,0,0,1,0,0,-2.91037128900643,0,0,0,0,0,0,0,0,0,0,,0,,,,,0,0.0,0.0
2012,REG+POST,00-0020245,,Mike Vick,QB,QB,"https://static.www.nfl.com/image/private/f_auto,q_auto/league/hrg4riwhpjbijfovsjrk",10,PHI,204,351,2362,12,10,28,153,4,2,3111,1004,114,-2.25061192759998,0,0.759241401478624,0.0593540093762143,62,332,1,7,3,20,-15.077450827607,0,0,0,0,0,0,0,0,0,0,,0,,,,,0,151.68,151.68
2012,REG+POST,00-0020337,,Steve Smith,WR,WR,"https://static.www.nfl.com/image/private/f_auto,q_auto/league/k23e0b8cto93he9rt0zc",16,CAR,0,0,0,0,0,0,0,0,0,0,0,0,,0,,,3,27,0,1,1,1,-3.85916675196495,0,73,138,1174,4,0,0,1832,268,51,25.5083784205739,0,0.640829694323144,0.284536082474227,0.402725873818422,0.708712235384235,0,142.1,215.1
2012,REG+POST,00-0020494,,Santana Moss,WR,WR,,17,WAS,0,0,0,0,0,0,0,0,0,0,0,0,,0,,,3,14,0,0,0,1,-0.0507320769829676,0,44,67,592,8,2,1,638,235,29,33.416758804226,0,0.927899686520376,0.15158371040724,0.181044267877412,0.354106553125048,0,106.6,150.6
2012,REG+POST,00-0020498,,Reggie Wayne,WR,WR,,17,IND,0,0,0,0,0,0,0,0,0,0,0,0,,0,,,1,-5,0,0,0,0,-1.3365797935985,0,115,212,1469,5,1,1,2272,386,80,4.80448731410003,0,0.646566901408451,0.315946348733234,0.330568892768806,0.705317748038015,0,174.4,289.4
2012,REG+POST,00-0020516,,Todd Heap,TE,TE,,2,ARI,0,0,0,0,0,0,0,0,0,0,0,0,,0,,,0,0,0,0,0,0,,0,8,13,94,0,0,0,101,37,5,5.05747562900772,0,0.930693069306931,0.209677419354839,0.241050119331742,0.483251212564478,0,9.4,17.4
2012,REG+POST,00-0020531,D.Brees,Drew Brees,QB,QB,"https://static.www.nfl.com/image/private/f_auto,q_auto/league/i20xlpzdmn7xubotijjd",16,NO,422,670,5177,43,19,26,190,5,1,5468,2158,266,114.685097106569,0,0.946781272860278,0.126467482259334,15,5,1,0,0,2,-0.874598496535327,0,0,0,0,0,0,0,0,0,0,,0,,,,,0,345.58,345.58
2012,REG+POST,00-0020608,,David Carr,QB,QB,,2,NYG,2,3,19,0,0,1,6,1,0,10,17,1,-0.878738114086445,0,1.9,,3,-3,0,0,0,0,-2.42650092585245,0,0,0,0,0,0,0,0,0,0,,0,,,,,0,0.46,0.46
2012,REG+POST,00-0020679,,Shaun Hill,QB,QB,"https://static.www.nfl.com/image/private/f_auto,q_auto/league/dn42ccbwrshm7uksyphy",1,DET,10,13,172,2,0,0,0,0,0,141,47,8,13.7429767113063,0,1.21985815602837,0.457202072154644,1,-1,0,0,0,0,-3.32400850392878,0,0,0,0,0,0,0,0,0,0,,0,,,,,0,14.78,14.78
2012,REG+POST,00-0020804,,Corey McIntyre,FB,RB,,1,BUF,0,0,0,0,0,0,0,0,0,0,0,0,,0,,,0,0,0,0,0,0,,0,1,2,9,0,0,0,-5,10,0,0.448375620879233,0,-1.8,0.0571428571428571,-0.0318471337579618,0.0634212920837125,0,0.9,1.9
2012,REG+POST,00-0021147,,Donte' Stallworth,WR,WR,,1,NE,0,0,0,0,0,0,0,0,0,0,0,0,,0,,,0,0,0,0,0,0,,0,1,2,63,1,0,0,64,30,1,4.90764506068081,0,0.984375,0.0555555555555556,0.169312169312169,0.201851851851852,0,12.3,13.3
2012,REG+POST,00-0021163,,Jabar Gaffney,WR,WR,,3,MIA,0,0,0,0,0,0,0,0,0,0,0,0,,0,,,0,0,0,0,0,0,,0,4,10,68,0,0,0,131,11,3,-4.68404759850819,0,0.519083969465649,0.099009900990099,0.166243654822335,0.264885409860783,0,6.8,10.8
2012,REG+POST,00-0021192,,Deion Branch,WR,WR,,10,NE,0,0,0,0,0,0,0,0,0,0,0,0,,0,,,0,0,0,0,0,0,,0,18,34,161,0,0,0,346,46,11,0.413540573445379,0,0.465317919075145,0.0778032036613272,0.0968102965864577,0.184472013102511,0,16.1,34.1
2012,REG+POST,00-0021236,,Randy McMichael,TE,TE,,7,LAC,0,0,0,0,0,0,0,0,0,0,0,0,,0,,,0,0,0,0,0,0,,0,9,13,51,0,1,0,31,54,3,0.571473793359473,0,1.64516129032258,0.0494296577946768,0.0151441133365901,0.0847453660276283,0,5.1,14.1
2012,REG+POST,00-0021429,C.Palmer,Carson Palmer,QB,QB,"https://static.www.nfl.com/image/private/f_auto,q_auto/league/belgna3tokxga0gjjmwk",15,LV,345,565,4018,22,14,26,199,5,4,4712,1959,184,16.9111764714525,2,0.852716468590832,0.0756541317014079,18,36,1,2,1,7,-5.07669269794686,0,0,0,0,0,0,0,0,0,0,,0,,,,,0,224.32,224.32
2012,REG+POST,00-0021547,A.Gates,Antonio Gates,TE,TE,"https://static.www.nfl.com/image/private/f_auto,q_auto/league/kndulvysinvn4tpvt0bc",15,LAC,0,0,0,0,0,0,0,0,0,0,0,0,,0,,,0,0,0,0,0,0,,0,49,80,538,7,0,0,858,133,30,23.2348528892014,0,0.627039627039627,0.166320166320166,0.235714285714286,0.414480249480249,0,95.8,144.8
2012,REG+POST,00-0021678,,Tony Romo,QB,QB,"https://static.www.nfl.com/image/private/f_auto,q_auto/league/rdgaxf7djip2ovlkeqjk",16,DAL,425,648,4903,28,19,36,263,3,3,5715,1952,231,83.7117780611943,1,0.857917760279965,0.117050709861515,30,49,1,3,0,5,-5.93440548995651,1,1,1,-1,0,0,0,-4,3,0,-0.650154293514788,0,0.0,0.0263157894736842,-0.0102040816326531,0.0323308270676692,0,278.92,279.92
2012,REG+POST,00-0021756,,Will Heller,TE,TE,,10,DET,0,0,0,0,0,0,0,0,0,0,0,0,,0,,,0,0,0,0,0,0,,0,17,23,150,1,0,0,95,84,9,1.39765106368577,0,1.57894736842105,0.0526315789473684,0.0250990752972259,0.0965167211291108,0,21.0,38.0
2012,REG+POST,00-0021931,,Kevin Walter,WR,WR,,18,HOU,0,0,0,0,0,0,0,0,0,0,0,0,,0,,,0,0,0,0,0,0,,0,47,75,559,2,1,0,844,101,29,18.3310293084826,0,0.662322274881517,0.117924528301887,0.171509855720382,0.296943691457098,0,67.9,114.9
2012,REG+POST,00-0021999,,Nate Burleson,WR,WR,,6,DET,0,0,0,0,0,0,0,0,0,0,0,0,,0,,,8,48,0,0,0,2,1.22350523271598,0,27,43,240,2,0,0,320,83,14,11.8887884033833,1,0.75,0.156934306569343,0.141781125387683,0.334648247625393,0,42.8,69.8
2012,REG+POST,00-0022044,,Andre Johnson,WR,WR,,18,HOU,0,0,0,0,0,0,0,0,0,0,0,0,,0,,,0,0,0,0,0,0,,0,124,180,1755,4,0,0,2012,577,88,80.0231559879822,1,0.872266401590457,0.283018867924528,0.408859987807356,0.710730293351942,0,201.5,325.5
2012,REG+POST,00-0022054,,Visanthe Shiancoe,TE,TE,,1,NE,0,0,0,0,0,0,0,0,0,0,0,0,,0,,,0,0,0,0,0,0,,0,0,1,0,0,0,0,13,0,0,-3.28064194030594,0,0.0,0.0277777777777778,0.0343915343915344,0.0657407407407407,0,0.0,0.0
2012,REG+POST,00-0022084,,Anquan Boldin,WR,WR,"https://static.www.nfl.com/image/private/f_auto,q_auto/league/ajabgwxbliupgkwjbnut",19,BAL,0,0,0,0,0,0,0,0,0,0,0,0,,0,,,1,3,0,0,0,0,-0.157322518993169,0,87,148,1301,8,0,0,1723,301,64,49.5832208934173,1,0.75507835171213,0.227692307692308,0.252935995302408,0.518593658250147,0,180.4,267.4
2012,REG+POST,00-0022097,,Brandon Lloyd,WR,WR,,18,NE,0,0,0,0,0,0,0,0,0,0,0,0,,0,,,0,0,0,0,0,0,,0,86,153,1013,5,0,0,1967,184,57,33.7283672183246,0,0.514997458057956,0.210743801652893,0.313416188655194,0.535507034537975,0,131.3,217.3
2012,REG+POST,00-0022127,J.Witten,Jason Witten,TE,TE,"https://static.www.nfl.com/image/private/f_auto,q_auto/league/r7uafhtwuexuaty0nhsc",16,DAL,0,0,0,0,0,0,0,0,0,0,0,0,,0,,,0,0,0,0,0,0,,0,110,149,1039,3,0,0,1191,313,56,38.2966866309095,0,0.872376154492024,0.229938271604938,0.209793905231636,0.491763141069553,0,121.9,231.9
2012,REG+POST,00-0022165,,Dallas Clark,TE,TE,,16,TB,0,0,0,0,0,0,0,0,0,0,0,0,,0,,,0,0,0,0,0,0,,0,47,75,435,4,0,0,575,111,23,-8.65793621781899,0,0.756521739130435,0.134168157423971,0.1022767698328,0.272845975018917,0,67.5,114.5
2012,REG+POST,00-0022177,,Byron Leftwich,QB,QB,,2,PIT,25,53,272,0,1,3,24,1,0,541,115,13,-4.41014247443591,0,0.502772643253235,-0.0010416344534715,1,31,1,0,0,1,3.07590314513072,0,0,0,0,0,0,0,0,0,0,,0,,,,,0,17.98,17.98
2012,REG+POST,00-0022178,,Willis McGahee,RB,RB,,10,DEN,0,0,0,0,0,0,0,0,0,0,0,0,,0,,,167,731,4,5,4,43,-9.6752823731549,0,26,33,221,0,0,0,-30,234,10,6.8385025130619,1,-7.36666666666667,0.0891891891891892,-0.0123406005758947,0.125145363380658,0,113.2,139.2
2012,REG+POST,00-0022217,,Mewelde Moore,RB,RB,,10,IND,0,0,0,0,0,0,0,0,0,0,0,0,,0,,,16,31,0,1,1,1,-10.7906364097144,0,6,8,77,1,0,0,61,44,4,4.98518721745508,0,1.26229508196721,0.0363636363636364,0.0295113691340106,0.075203412939262,0,14.8,20.8
2012,REG+POST,00-0022388,,Terrance Copper,WR,WR,,5,KC,0,0,0,0,0,0,0,0,0,0,0,0,,0,,,1,1,0,0,0,0,-0.616019011707977,0,8,12,79,0,0,0,127,16,3,-0.376713983760342,0,0.622047244094488,0.0930232558139535,0.100474683544304,0.209867162201943,0,8.0,16.0
2012,REG+POST,00-0022397,,Vonta Leach,FB,RB,,18,BAL,0,0,0,0,0,0,0,0,0,0,0,0,,0,,,14,47,2,0,0,5,3.88283634249819,0,27,30,174,0,1,0,5,167,9,3.35250512408675,0,34.8,0.0572519083969466,0.0009290226681531,0.086528178463127,0,34.1,61.1
2012,REG+POST,00-0022405,,Lousaka Polite,FB,RB,,5,ATL,0,0,0,0,0,0,0,0,0,0,0,0,,0,,,0,0,0,0,0,0,,0,1,7,8,0,0,0,8,10,0,-2.83901180303656,0,1.0,0.0421686746987952,0.0084835630965005,0.0691915062157431,0,0.8,1.8
2012,REG+POST,00-0022409,,Jordan Babineaux,SS,DB,,1,TEN,0,0,0,0,0,0,0,0,0,0,0,0,,0,,,1,10,0,0,0,1,2.80352439079434,0,0,0,0,0,0,0,0,0,0,,0,,,,,0,1.0,1.0
2012,REG+POST,00-0022414,,Malcom Floyd,WR,WR,"https://static.www.nfl.com/image/private/f_auto,q_auto/league/or8gm79eaonksxe8gl0t",14,LAC,0,0,0,0,0,0,0,0,0,0,0,0,,0,,,0,0,0,0,0,0,,0,56,85,814,5,0,0,1237,98,47,46.7735061005668,0,0.658043654001617,0.178947368421053,0.349533766600735,0.513094689252093,0,111.4,167.4
2012,REG+POST,00-0022421,,Ruvell Martin,WR,WR,,4,BUF,0,0,0,0,0,0,0,0,0,0,0,0,,0,,,0,0,0,0,0,0,,0,4,6,41,0,0,0,47,10,3,1.00131636401056,0,0.872340425531915,0.0425531914893617,0.0366900858704137,0.0895128473433322,0,4.1,8.1
2012,REG+POST,00-0022427,,Wes Welker,WR,WR,"https://static.www.nfl.com/image/private/f_auto,q_auto/league/rgjwexzif36vncjfdwap",18,NE,0,0,0,0,0,0,0,0,0,0,0,0,,0,,,2,20,0,0,0,2,1.67977372487076,0,134,200,1602,7,2,1,1553,811,81,68.344373799359,0,1.03155183515776,0.275482093663912,0.247450605481198,0.586438564332707,0,202.2,336.2
2012,REG+POST,00-0022736,,Steven Jackson,RB,RB,"https://static.www.nfl.com/image/private/f_auto,q_auto/league/abl5wejuf448xw3jtphm",16,LA,0,0,0,0,0,0,0,0,0,0,0,0,,0,,,258,1045,4,0,0,47,-21.4909505707185,0,38,53,321,0,0,0,75,280,13,6.66358343849598,1,4.28,0.116228070175439,0.0216450216450216,0.189493620414673,0,162.6,200.6
2012,REG+POST,00-0022738,,Chris Cooley,TE,TE,,3,WAS,0,0,0,0,0,0,0,0,0,0,0,0,,0,,,0,0,0,0,0,0,,0,1,3,8,0,0,0,8,6,1,0.1492008860223,0,1.0,0.0306122448979592,0.0102827763496144,0.0531163107916689,0,0.8,1.8
2012,REG+POST,00-0022781,,Michael Jenkins,WR,WR,,17,MIN,0,0,0,0,0,0,0,0,0,0,0,0,,0,,,0,0,0,0,0,0,,0,43,77,545,3,0,0,861,160,28,6.77866099018411,0,0.632984901277584,0.152173913043478,0.232451403887689,0.3909768522866,0,72.5,115.5
2012,REG+POST,00-0022787,M.Schaub,Matt Schaub,QB,QB,"https://static.www.nfl.com/image/private/f_auto,q_auto/league/mj2kh2nddxnw04ludcx0",18,HOU,413,633,4613,24,14,28,225,4,0,4878,2012,234,84.4914132822608,1,0.945674456744567,0.106910310300704,26,-7,0,1,0,1,-17.6197478828835,0,1,1,-6,0,0,0,-6,0,0,-1.48238437063992,0,0.0,0.0285714285714286,-0.03,0.0218571428571429,0,253.22,254.22
2012,REG+POST,00-0022803,E.Manning,Eli Manning,QB,QB,"https://static.www.nfl.com/image/private/f_auto,q_auto/league/w51tf8uedjftbr4qpaex",16,NYG,321,536,3948,26,15,19,136,4,1,5122,1389,186,57.4811723668283,0,0.770792659117532,0.110015546153778,20,30,0,1,0,2,-6.47775433214091,0,0,0,0,0,0,0,0,0,0,,0,,,,,0,232.92,232.92
2012,REG+POST,00-0022811,,Jerricho Cotchery,WR,WR,"https://static.www.nfl.com/image/private/f_auto,q_auto/league/hkq2dmfj7mbgbuejiloy",12,PIT,0,0,0,0,0,0,0,0,0,0,0,0,,0,,,0,0,0,0,0,0,,0,17,27,205,0,0,0,286,43,12,10.5403613857835,0,0.716783216783217,0.0642857142857143,0.0758218451749735,0.149503863051053,0,20.5,37.5
2012,REG+POST,00-0022821,,Michael Turner,RB,RB,,18,ATL,0,0,0,0,0,0,0,0,0,0,0,0,,0,,,244,928,10,3,1,47,-27.5833576240388,0,19,30,128,1,0,0,14,145,2,-4.78844009735622,0,9.14285714285714,0.0616016427104723,0.0035443037974683,0.0948834767239363,0,169.6,188.6
2012,REG+POST,00-0022847,,Ben Hartsock,TE,TE,,3,CAR,0,0,0,0,0,0,0,0,0,0,0,0,,0,,,0,0,0,0,0,0,,0,2,3,30,0,0,0,13,18,1,-0.670574136544019,0,2.30769230769231,0.0303030303030303,0.0161090458488228,0.0567308775487214,0,3.0,5.0
2012,REG+POST,00-0022864,L.McCown,Luke McCown,QB,QB,"https://static.www.nfl.com/image/private/f_auto,q_auto/league/pj2lbdhplppzlywlzsbr",1,ATL,0,0,0,0,0,0,0,0,0,0,0,0,,0,,,2,-3,0,0,0,0,-5.19880225951783,0,0,0,0,0,0,0,0,0,0,,0,,,,,0,-0.3,-0.3
2012,REG+POST,00-0022897,,Greg Jones,RB,RB,,8,JAX,0,0,0,0,0,0,0,0,0,0,0,0,,0,,,5,8,0,0,0,3,0.196946078576103,0,11,14,64,0,0,0,27,50,1,0.508246142591815,0,2.37037037037037,0.0564516129032258,0.012924844423169,0.093724810451057,0,7.2,18.2
2012,REG+POST,00-0022921,L.Fitzgerald,Larry Fitzgerald,WR,WR,"https://static.www.nfl.com/image/private/f_auto,q_auto/league/ycgjjaad5un42gy4pnga",16,ARI,0,0,0,0,0,0,0,0,0,0,0,0,,0,,,0,0,0,0,0,0,,0,71,156,798,4,0,0,1649,272,44,-53.0982738806495,0,0.483929654335961,0.257851239669421,0.34091378953897,0.625416512181412,0,103.8,174.8
2012,REG+POST,00-0022922,,Kellen Winslow,TE,TE,,1,NE,0,0,0,0,0,0,0,0,0,0,0,0,,0,,,0,0,0,0,0,0,,0,1,2,12,0,0,0,15,3,1,0.0047964816913008,0,0.8,0.0487804878048781,0.0503355704697987,0.108405631036176,0,1.2,2.2
2012,REG+POST,00-0022924,B.Roethlisberger,Ben Roethlisberger,QB,QB,"https://static.www.nfl.com/image/private/f_auto,q_auto/league/vziogpnyp9d0xtpiuqhr",13,PIT,284,449,3265,26,8,30,182,5,2,3704,1474,167,67.953837362016,1,0.881479481641469,0.12346203931661,26,92,0,1,1,5,-8.10159814956216,0,0,0,0,0,0,0,0,0,0,,0,,,,,0,223.8,223.8
2012,REG+POST,00-0022929,,Devery Henderson,WR,WR,,15,NO,0,0,0,0,0,0,0,0,0,0,0,0,,0,,,1,13,0,0,0,1,1.11990902223624,0,22,47,316,1,1,0,747,79,10,-10.5902246447165,0,0.423025435073628,0.0773026315789474,0.143653846153846,0.216511639676113,0,38.9,60.9
2012,REG+POST,00-0022942,P.Rivers,Philip Rivers,QB,QB,"https://static.www.nfl.com/image/private/f_auto,q_auto/league/voakyrtj34sghkwxaxxf",16,LAC,338,527,3606,26,15,49,311,13,7,3960,1796,184,-2.15631764249042,0,0.910606060606061,0.0766206619632969,27,40,0,2,0,2,-11.826142218722,0,0,1,0,0,0,0,1,0,0,-0.65909140650183,0,0.0,0.0238095238095238,0.0033222591362126,0.0380398671096346,0,208.24,208.24
2012,REG+POST,00-0022943,B.Watson,Benjamin Watson,TE,TE,"https://static.www.nfl.com/image/private/f_auto,q_auto/league/dorymozpdnrllkqlfzpu",16,CLE,0,0,0,0,0,0,0,0,0,0,0,0,,0,,,0,0,0,0,0,0,,0,49,81,501,3,1,0,541,215,27,-3.26097301636452,0,0.926062846580407,0.144128113879004,0.127534181989628,0.305466098211245,0,68.1,117.1
2012,REG+POST,00-0022984,,Ryan Grant,RB,RB,,6,GB,0,0,0,0,0,0,0,0,0,0,0,0,,0,,,39,139,2,1,1,7,-2.58192501653684,0,2,3,50,0,0,0,2,53,2,4.16136908292538,0,25.0,0.0410958904109589,0.0032894736842105,0.0639464671953857,0,28.9,30.9
2012,REG+POST,00-0022999,J.Kuhn,John Kuhn,FB,RB,"https://static.www.nfl.com/image/private/f_auto,q_auto/league/nbcwgq2o0ymmx4czvr4b",14,GB,0,0,0,0,0,0,0,0,0,0,0,0,,0,,,26,67,2,0,0,5,-6.57430213373995,0,17,22,163,1,0,0,41,145,8,4.13791397098153,0,3.97560975609756,0.0662650602409639,0.0170620058260508,0.111340994439681,0,41.0,58.0
2012,REG+POST,00-0023001,,Shaun Suisham,K,SPEC,"https://static.www.nfl.com/image/private/f_auto,q_auto/league/vyx61i2zefrmgr91rrvd",1,PIT,0,0,0,0,0,0,0,0,0,0,0,0,,0,,,1,-1,0,0,0,0,-3.36391609476414,0,0,0,0,0,0,0,0,0,0,,0,,,,,0,-0.1,-0.1
2012,REG+POST,00-0023176,,Josh Cribbs,WR,WR,,11,CLE,0,0,0,0,0,0,0,0,0,0,0,0,,0,,,6,42,0,1,0,2,0.402810581377707,0,7,12,63,0,0,0,16,50,2,-3.87111298806394,0,3.9375,0.0365853658536585,0.0063770426464727,0.0593419786330187,0,10.5,17.5
2012,REG+POST,00-0023310,,Lance Moore,WR,WR,"https://static.www.nfl.com/image/private/f_auto,q_auto/league/bfjxc892mfkni8ywtheh",15,NO,0,0,0,0,0,0,0,0,0,0,0,0,,0,,,0,0,0,0,0,0,,0,65,104,1041,6,0,0,1427,143,55,49.8427829922465,0,0.729502452697968,0.170491803278689,0.282966488201467,0.45381424665906,0,140.1,205.1
2012,REG+POST,00-0023316,,Raymond Ventrone,DB,DB,,1,CLE,0,0,0,0,0,0,0,0,0,0,0,0,,0,,,1,35,0,0,0,1,4.91353441542015,0,0,0,0,0,0,0,0,0,0,,0,,,,,0,3.5,3.5
2012,REG+POST,00-0023367,,Nate Washington,WR,WR,,16,TEN,0,0,0,0,0,0,0,0,0,0,0,0,,0,,,0,0,0,0,0,0,,0,46,90,746,4,1,0,1223,243,31,20.7151134827684,0,0.609975470155356,0.167597765363128,0.256018421603517,0.430609543167154,0,98.6,144.6
2012,REG+POST,00-0023408,,Greg Camarillo,WR,WR,,1,NO,0,0,0,0,0,0,0,0,0,0,0,0,,0,,,0,0,0,0,0,0,,0,4,5,44,0,0,0,34,10,3,4.27646872762125,0,1.29411764705882,0.111111111111111,0.0901856763925729,0.229796640141468,0,4.4,8.4
2012,REG+POST,00-0023436,A.Smith,Alex Smith,QB,QB,"https://static.www.nfl.com/image/private/f_auto,q_auto/league/dpa5d1a8jj6jdymocjkx",10,SF,153,218,1737,13,5,24,137,3,1,1674,775,87,33.561665137593,0,1.03763440860215,0.130731865303528,31,132,0,1,0,6,-0.758655802471323,0,0,0,0,0,0,0,0,0,0,,0,,,,,0,122.68,122.68
2012,REG+POST,00-0023437,,Ronnie Brown,RB,RB,,14,LAC,0,0,0,0,0,0,0,0,0,0,0,0,,0,,,46,220,0,0,0,12,-2.94518697161265,0,49,60,371,0,0,0,14,384,16,-3.61088303389917,0,26.5,0.132450331125828,0.0044289781714647,0.201775781408767,0,59.1,108.1
2012,REG+POST,00-0023438,,Braylon Edwards,WR,WR,,8,NYJ,0,0,0,0,0,0,0,0,0,0,0,0,,0,,,0,0,0,0,0,0,,0,18,35,199,1,0,0,486,33,12,-0.912724669262486,0,0.409465020576132,0.14957264957265,0.195337620578778,0.361095308764119,0,25.9,43.9
2012,REG+POST,00-0023439,,Cedric Benson,RB,RB,,5,GB,0,0,0,0,0,0,0,0,0,0,0,0,,0,,,71,248,1,1,0,10,-6.74698868583073,0,14,15,97,0,0,0,-6,100,4,6.47833853866905,0,-16.1666666666667,0.105633802816901,-0.0109689213893967,0.150772459252774,0,40.5,54.5
2012,REG+POST,00-0023441,A.Jones,Adam Jones,CB,DB,"https://static.www.nfl.com/image/private/f_auto,q_auto/league/hvbjym05mpvfkdhy3bsz",1,CIN,0,0,0,0,0,0,0,0,0,0,0,0,,0,,,0,0,0,0,0,0,,0,0,0,0,0,0,0,0,0,0,,0,,,,,1,6.0,6.0
2012,REG+POST,00-0023459,A.Rodgers,Aaron Rodgers,QB,QB,"https://static.www.nfl.com/image/upload/f_auto,q_auto/league/jdcb4nomlc4rd6k5l6to",18,GB,420,624,4826,42,9,55,326,5,4,5056,2269,238,128.729973667313,1,0.954509493670886,0.162570700864007,59,299,2,1,0,21,7.13399346629522,0,1,1,-1,0,0,0,-6,5,0,-2.07828764151782,0,0.0,0.0294117647058824,-0.0196078431372549,0.0303921568627451,0,378.84,379.84
2012,REG+POST,00-0023460,,Jason Campbell,QB,QB,,5,CHI,32,51,265,2,2,6,49,2,0,389,78,10,-12.9520958499363,0,0.681233933161954,0.0387129241774136,7,28,0,0,0,1,-2.40686448471388,0,0,0,0,0,0,0,0,0,0,,0,,,,,0,17.4,17.4
2012,REG+POST,00-0023462,,Roddy White,WR,WR,"https://static.www.nfl.com/image/private/f_auto,q_auto/league/f7dgklg6z49fbdltwuki",18,ATL,0,0,0,0,0,0,0,0,0,0,0,0,,0,,,0,0,0,0,0,0,,0,104,167,1527,8,1,0,2134,333,82,56.8962619987075,0,0.715557638238051,0.242732558139535,0.363791339924991,0.618752775156796,0,200.7,304.7
2012,REG+POST,00-0023465,,Heath Miller,TE,TE,"https://static.www.nfl.com/image/private/f_auto,q_auto/league/iqw8fry4hgfvegs9nfuf",15,PIT,0,0,0,0,0,0,0,0,0,0,0,0,,0,,,0,0,0,0,0,0,,0,71,101,816,8,0,0,742,343,44,39.8708419086011,1,1.09973045822102,0.187037037037037,0.155718782791186,0.389558703509386,0,131.6,202.6
2012,REG+POST,00-0023496,,Vincent Jackson,WR,WR,"https://static.www.nfl.com/image/private/f_auto,q_auto/league/kdquag2thcfulvrs0cbz",16,TB,0,0,0,0,0,0,0,0,0,0,0,0,,0,,,0,0,0,0,0,0,,0,72,147,1384,8,0,0,2314,361,61,57.2263421332542,1,0.5980985306828,0.262969588550984,0.411597296335824,0.682572490261552,0,188.4,260.4
2012,REG+POST,00-0023500,F.Gore,Frank Gore,RB,RB,"https://static.www.nfl.com/image/private/f_auto,q_auto/league/lxxkhd2suyalrbruzut7",19,SF,0,0,0,0,0,0,0,0,0,0,0,0,,0,,,321,1533,12,2,1,82,7.00288195611241,0,30,38,282,1,0,0,35,251,11,8.47490010183537,0,8.05714285714286,0.091566265060241,0.0101951645790854,0.144486012795721,0,257.5,287.5
2012,REG+POST,00-0023503,,Courtney Roby,WR,WR,,3,NO,0,0,0,0,0,0,0,0,0,0,0,0,,0,,,0,0,0,0,0,0,,0,1,2,9,0,0,0,7,5,0,-0.0152481314726174,0,1.28571428571429,0.0224719101123596,0.012216404886562,0.0422593485891327,1,6.9,7.9
2012,REG+POST,00-0023506,,Alex Smith,TE,TE,"https://static.www.nfl.com/image/private/f_auto,q_auto/league/zcpxncjwcm6ggoiqt6ub",9,CLE,0,0,0,0,0,0,0,0,0,0,0,0,,0,,,0,0,0,0,0,0,,0,13,18,47,0,0,0,26,37,2,-7.68013456890504,0,1.80769230769231,0.0596026490066225,0.0136986301369863,0.0989930146058242,0,4.7,17.7
2012,REG+POST,00-0023537,,Sean Considine,DB,DB,,1,BAL,0,0,0,0,0,0,0,0,0,0,0,0,,0,,,1,3,0,0,0,0,-2.31883442902472,0,0,0,0,0,0,0,0,0,0,,0,,,,,0,0.3,0.3
2012,REG+POST,00-0023541,,Kyle Orton,QB,QB,,1,DAL,9,10,89,1,0,0,0,0,0,67,24,6,6.39840768277645,1,1.32835820895522,0.370622291850404,0,0,0,0,0,0,,0,0,0,0,0,0,0,0,0,0,,0,,,,,0,9.56,9.56
2012,REG+POST,00-0023545,,Brandon Jacobs,RB,RB,,2,SF,0,0,0,0,0,0,0,0,0,0,0,0,,0,,,5,7,0,0,0,1,-0.666724936338142,0,0,0,0,0,0,0,0,0,0,,0,,,,,0,0.7,0.7
2012,REG+POST,00-0023564,D.Sproles,Darren Sproles,RB,RB,"https://static.www.nfl.com/image/private/f_auto,q_auto/league/gvj5ng27blmwuz170aeo",13,NO,0,0,0,0,0,0,0,0,0,0,0,0,,0,,,48,244,1,0,0,9,-2.44812106099361,1,75,104,667,7,0,0,48,665,29,23.5671133897138,0,13.8958333333333,0.182776801405975,0.0102871838834119,0.281366230827351,0,141.1,216.1
2012,REG+POST,00-0023578,D.Orlovsky,Dan Orlovsky,QB,QB,"https://static.www.nfl.com/image/private/f_auto,q_auto/league/vr8juuraecwssjnviglf",1,TB,4,7,51,0,0,0,0,0,0,73,14,2,-0.78796887997305,0,0.698630136986301,0.0168831152286191,0,0,0,0,0,0,,0,0,0,0,0,0,0,0,0,0,,0,,,,,0,2.04,2.04
2012,REG+POST,00-0023630,,Joel Dreessen,TE,TE,,17,DEN,0,0,0,0,0,0,0,0,0,0,0,0,,0,,,0,0,0,0,0,0,,0,47,66,402,5,0,0,367,154,20,16.661690714672,0,1.09536784741144,0.105263157894737,0.070876786404017,0.207508487324917,0,70.2,117.2
2012,REG+POST,00-0023645,D.Anderson,Derek Anderson,QB,QB,"https://static.www.nfl.com/image/private/f_auto,q_auto/league/w191gsxivnqgdwgydka6",2,CAR,4,4,58,0,0,0,0,0,0,27,31,3,0.893221655278467,0,2.14814814814815,,0,0,0,0,0,0,,0,0,0,0,0,0,0,0,0,0,,0,,,,,0,2.32,2.32
2012,REG+POST,00-0023662,M.Cassel,Matt Cassel,QB,QB,"https://static.www.nfl.com/image/private/f_auto,q_auto/league/n1ucqggyu5hlsqzuv5gj",9,KC,161,277,1796,6,12,19,101,6,4,2298,784,96,-38.921063091794,0,0.781549173194082,0.0194670957958993,27,145,1,3,3,12,-5.63199045408128,0,0,0,0,0,0,0,0,0,0,,0,,,,,0,78.34,78.34
2012,REG+POST,00-0023679,,Billy Bajema,TE,TE,,1,BAL,0,0,0,0,0,0,0,0,0,0,0,0,,0,,,0,0,0,0,0,0,,0,0,1,0,0,0,0,-5,0,0,-0.551570751471445,0,0.0,0.032258064516129,-0.0255102040816327,0.0305299539170507,0,0.0,0.0
2012,REG+POST,00-0023682,R.Fitzpatrick,Ryan Fitzpatrick,QB,QB,"https://static.www.nfl.com/image/private/f_auto,q_auto/league/pkhhxwplsawnhln9rsun",16,BUF,306,505,3400,24,16,30,161,8,6,3906,1796,174,8.69493312184167,0,0.870455709165387,0.0591066652955656,48,197,1,0,0,9,-6.96749810854175,0,0,0,0,0,0,0,0,0,0,,0,,,,,0,213.7,213.7
2012,REG+POST,00-0023742,J.Ryan,Jon Ryan,P,SPEC,"https://static.www.nfl.com/image/private/f_auto,q_auto/league/jarcsmohj6vbznthlni8",2,SEA,0,0,0,0,0,0,0,0,0,0,0,0,,0,,,2,-18,0,1,0,0,-4.96462608117145,0,0,0,0,0,0,0,0,0,0,,0,,,,,0,-1.8,-1.8
2012,REG+POST,00-0023752,,Daniel Fells,TE,TE,"https://static.www.nfl.com/image/private/f_auto,q_auto/league/lhecgqac5nourex1czfo",6,NE,0,0,0,0,0,0,0,0,0,0,0,0,,0,,,0,0,0,0,0,0,,0,4,9,85,0,0,0,143,26,3,2.838676644722,0,0.594405594405594,0.0391304347826087,0.0728476821192053,0.109689029657357,0,8.5,12.5
2012,REG+POST,00-0023853,M.Prater,Matt Prater,K,SPEC,"https://static.www.nfl.com/image/upload/f_auto,q_auto/league/mwlrdghrm5chsum2kzic",1,DEN,0,1,0,0,0,0,0,0,0,21,0,0,-2.64267413865309,0,0.0,,0,0,0,0,0,0,,0,0,0,0,0,0,0,0,0,0,,0,,,,,0,0.0,0.0
2012,REG+POST,00-0023921,,Miles Austin,WR,WR,"https://static.www.nfl.com/image/private/f_auto,q_auto/league/tuwhvxan7v0gisbei4an",16,DAL,0,0,0,0,0,0,0,0,0,0,0,0,,0,,,0,0,0,0,0,0,,0,66,119,943,6,1,1,1470,292,48,35.5435828979538,0,0.641496598639456,0.183641975308642,0.258939580764488,0.456720669498105,0,128.3,194.3
2012,REG+POST,00-0023968,,Micheal Spurlock,WR,WR,,9,LAC,0,0,0,0,0,0,0,0,0,0,0,0,,0,,,0,0,0,0,0,0,,0,23,29,200,1,0,0,157,65,12,11.1986407006132,0,1.27388535031847,0.106227106227106,0.0692239858906526,0.207797449464116,2,38.0,61.0
2012,REG+POST,00-0024103,,Montell Owens,RB,RB,,5,JAX,0,0,0,0,0,0,0,0,0,0,0,0,,0,,,42,209,1,0,0,10,-1.96931852382841,1,8,10,113,0,0,0,15,102,5,5.85642893187469,0,7.53333333333333,0.0485436893203884,0.010924981791697,0.0804630212347704,0,40.2,48.2
2012,REG+POST,00-0024204,,Fred Jackson,RB,RB,"https://static.www.nfl.com/image/private/f_auto,q_auto/league/ibu4ltouiplhatsn4ptq",10,BUF,0,0,0,0,0,0,0,0,0,0,0,0,,0,,,115,437,3,4,4,25,-25.2549595220189,0,34,42,217,1,1,0,-2,218,10,4.2202650851503,0,-108.5,0.143344709897611,-0.0008884940026654,0.214395119044551,0,81.4,115.4
2012,REG+POST,00-0024217,,Reggie Bush,RB,RB,"https://static.www.nfl.com/image/private/f_auto,q_auto/league/z2m2heolqx9sgobdks9v",16,MIA,0,0,0,0,0,0,0,0,0,0,0,0,,0,,,227,986,6,4,2,43,-18.5926931302748,0,35,51,292,2,0,0,48,272,14,7.49251780994551,0,6.08333333333333,0.102,0.0121703853955375,0.161519269776876,0,171.8,206.8
2012,REG+POST,00-0024221,V.Davis,Vernon Davis,TE,TE,"https://static.www.nfl.com/image/private/f_auto,q_auto/league/so5ywayfeeu4zeijln5m",18,SF,0,0,0,0,0,0,0,0,0,0,0,0,,0,,,0,0,0,0,0,0,,0,53,80,802,6,0,0,979,258,37,34.3660918247406,0,0.819203268641471,0.163934426229508,0.215259454705365,0.396583257638018,0,116.2,169.2
2012,REG+POST,00-0024225,,Matt Leinart,QB,QB,,2,LV,16,33,115,0,1,1,9,0,0,249,40,7,-10.824813695594,0,0.461847389558233,-0.0299849578513226,0,0,0,0,0,0,,0,0,0,0,0,0,0,0,0,0,,0,,,,,0,2.6,2.6
2012,REG+POST,00-0024226,J.Cutler,Jay Cutler,QB,QB,"https://static.www.nfl.com/image/private/f_auto,q_auto/league/ks6n7gvw4vccihlse6bn",15,CHI,255,434,3033,19,14,38,250,7,4,4441,1153,153,-21.7601158787516,0,0.68295428957442,0.0566472580857723,41,233,0,1,0,15,12.785145531001,0,0,0,0,0,0,0,0,0,0,,0,,,,,0,184.62,184.62
2012,REG+POST,00-0024234,,Antonio Cromartie,CB,DB,,2,NYJ,0,0,0,0,0,0,0,0,0,0,0,0,,0,,,0,0,0,0,0,0,,0,1,3,-2,0,0,0,33,4,0,-1.87041381048039,0,-0.0606060606060606,0.0588235294117647,0.0686070686070686,0.136260242142595,0,-0.2,0.8
2012,REG+POST,00-0024240,,Santonio Holmes,WR,WR,,4,NYJ,0,0,0,0,0,0,0,0,0,0,0,0,,0,,,0,0,0,0,0,0,,0,20,41,272,1,1,1,515,104,15,2.31480048450653,0,0.528155339805825,0.322834645669291,0.399534522885958,0.763926134524108,0,31.2,51.2
2012,REG+POST,00-0024242,,DeAngelo Williams,RB,RB,"https://static.www.nfl.com/image/private/f_auto,q_auto/league/oky9ooitgqa1fgwdll6b",16,CAR,0,0,0,0,0,0,0,0,0,0,0,0,,0,,,173,737,5,2,2,32,-14.5745060168044,0,13,20,187,2,0,0,-38,213,5,0.755633588443743,0,-4.92105263157895,0.0586510263929619,-0.013446567586695,0.0785639422787563,0,130.4,143.4
2012,REG+POST,00-0024243,M.Lewis,Marcedes Lewis,TE,TE,"https://static.www.nfl.com/image/private/f_auto,q_auto/league/ppq07tipygpftz5csipx",15,JAX,0,0,0,0,0,0,0,0,0,0,0,0,,0,,,0,0,0,0,0,0,,0,52,77,540,4,0,0,519,244,25,3.65455088666965,0,1.04046242774566,0.137745974955277,0.108102478650281,0.282290697488113,0,78.0,130.0
2012,REG+POST,00-0024264,K.Clemens,Kellen Clemens,QB,QB,"https://static.www.nfl.com/image/private/f_auto,q_auto/league/pxungqbhh61ov73tzaxk",2,LA,1,3,39,0,1,0,0,0,0,56,1,1,-4.02354181837291,0,0.696428571428571,,2,5,0,1,0,1,0.0911571297328919,0,0,0,0,0,0,0,0,0,0,,0,,,,,0,0.0600000000000001,0.0600000000000001
2012,REG+POST,00-0024267,,Greg Jennings,WR,WR,"https://static.www.nfl.com/image/private/f_auto,q_auto/league/jiemkcfkc893pfova8xv",10,GB,0,0,0,0,0,0,0,0,0,0,0,0,,0,,,0,0,0,0,0,0,,0,46,76,481,5,0,0,775,204,26,11.7555684657202,0,0.620645161290323,0.209366391184573,0.259892689470154,0.495974469405967,0,78.1,124.1
2012,REG+POST,00-0024268,A.Fasano,Anthony Fasano,TE,TE,"https://static.www.nfl.com/image/private/f_auto,q_auto/league/twcrap9uhjbazmplq5x3",16,MIA,0,0,0,0,0,0,0,0,0,0,0,0,,0,,,0,0,0,0,0,0,,0,41,69,332,5,0,0,466,90,18,-7.52808936041345,1,0.71244635193133,0.138,0.107845406155982,0.282491784309188,0,65.2,106.2
2012,REG+POST,00-0024272,,Devin Hester,WR,WR,"https://static.www.nfl.com/image/private/f_auto,q_auto/league/jtntm2ci9doez4qxbx0c",13,CHI,0,0,0,0,0,0,0,0,0,0,0,0,,0,,,3,6,0,0,0,0,-0.859388999291696,0,23,40,242,1,0,0,394,103,9,-8.88096641382435,0,0.614213197969543,0.108108108108108,0.109262340543539,0.238645800542639,0,30.8,53.8
2012,REG+POST,00-0024275,,Maurice Jones-Drew,RB,RB,,6,JAX,0,0,0,0,0,0,0,0,0,0,0,0,,0,,,86,414,1,1,0,21,-0.0091148448409512,0,14,18,86,1,0,0,23,72,3,-14.1269711242372,0,3.73913043478261,0.121621621621622,0.0205908683974933,0.196846040310678,0,62.0,76.0
2012,REG+POST,00-0024276,,Tony Scheffler,TE,TE,,15,DET,0,0,0,0,0,0,0,0,0,0,0,0,,0,,,0,0,0,0,0,0,,0,42,85,504,1,0,0,1083,117,28,-20.8622913168026,0,0.465373961218837,0.125739644970414,0.181619989937951,0.315743460412187,0,56.4,98.4
2012,REG+POST,00-0024287,,Leonard Pope,TE,TE,,3,PIT,0,0,0,0,0,0,0,0,0,0,0,0,,0,,,0,0,0,0,0,0,,0,3,4,9,2,0,0,2,7,2,2.91298351075966,0,4.5,0.0459770114942529,0.0059523809523809,0.073132183908046,0,12.9,15.9
2012,REG+POST,00-0024297,,Derek Hagan,WR,WR,,12,LV,0,0,0,0,0,0,0,0,0,0,0,0,,0,,,0,0,0,0,0,0,,0,20,36,259,0,0,0,421,68,14,4.08154699029192,0,0.61520190023753,0.0717131474103586,0.0997866793078929,0.177420396631063,0,25.9,45.9
2012,REG+POST,00-0024301,,David Thomas,TE,TE,,7,NO,0,0,0,0,0,0,0,0,0,0,0,0,,0,,,0,0,0,0,0,0,,0,11,17,86,4,0,0,66,43,6,0.468077222059947,0,1.3030303030303,0.054140127388535,0.0313241575700047,0.103137101381806,0,32.6,43.6
2012,REG+POST,00-0024313,,Owen Daniels,TE,TE,"https://static.www.nfl.com/image/private/f_auto,q_auto/league/ktxkz5tzddboxst5xfh8",17,HOU,0,0,0,0,0,0,0,0,0,0,0,0,,0,,,0,0,0,0,0,0,,0,80,130,888,6,0,0,1000,369,45,23.0968920533822,0,0.888,0.212765957446809,0.210084033613445,0.466207759699625,0,124.8,204.8
2012,REG+POST,00-0024315,,Michael Robinson,FB,RB,,13,SEA,0,0,0,0,0,0,0,0,0,0,0,0,,0,,,14,51,0,0,0,11,3.03030913707335,0,15,18,149,3,0,0,35,136,10,11.5216044785338,0,4.25714285714286,0.0694980694980695,0.0153374233128834,0.114983300566123,0,38.0,53.0
2012,REG+POST,00-0024318,,Brad Smith,QB,QB,,13,BUF,0,1,0,0,1,0,0,0,0,36,0,0,-3.24871730495943,0,0.0,,14,116,1,1,0,7,6.44097781192977,0,14,22,152,2,0,0,192,44,7,7.46392228371143,0,0.791666666666667,0.0705128205128205,0.0715883668903803,0.155881087592497,1,48.8,62.8
2012,REG+POST,00-0024324,,Jason Avant,WR,WR,"https://static.www.nfl.com/image/private/f_auto,q_auto/league/nnis5ib42eoeu8bjjpdc",14,PHI,0,0,0,0,0,0,0,0,0,0,0,0,,0,,,0,0,0,0,0,0,,0,53,76,648,0,1,0,771,162,32,30.9920142295887,0,0.840466926070039,0.143126177024482,0.164955070603338,0.33015781495906,0,64.8,117.8
2012,REG+POST,00-0024332,,Leon Washington,RB,RB,,12,SEA,0,0,0,0,0,0,0,0,0,0,0,0,,0,,,23,83,1,0,0,3,-5.55865693442021,0,4,8,31,0,0,0,7,23,1,0.511771613033488,0,4.42857142857143,0.0571428571428571,0.0054474708171206,0.0895275152862702,1,23.4,27.4
2012,REG+POST,00-0024334,B.Marshall,Brandon Marshall,WR,WR,"https://static.www.nfl.com/image/private/f_auto,q_auto/league/jhziqh0scfksvxen6f3s",16,CHI,0,0,0,0,0,0,0,0,0,0,0,0,,0,,,1,-2,0,0,0,0,-0.895607912621927,0,118,194,1508,11,2,0,2411,347,75,34.6984051569059,0,0.625466611364579,0.400826446280992,0.499689119170984,0.951022052841177,0,216.6,334.6
2012,REG+POST,00-0024344,,Guy Whimper,T,OL,,3,JAX,0,0,0,0,0,0,0,0,0,0,0,0,,0,,,0,0,0,0,0,0,,0,2,3,11,1,0,0,1,8,2,2.25290533993393,0,11.0,0.0241935483870968,0.0010214504596527,0.0370053379024021,0,7.1,9.1
2012,REG+POST,00-0024345,,Domenik Hixon,WR,WR,,13,NYG,0,0,0,0,0,0,0,0,0,0,0,0,,0,,,0,0,0,0,0,0,,0,39,59,567,2,0,0,754,135,24,30.4597371085433,0,0.751989389920424,0.135321100917431,0.180124223602484,0.329068607897886,0,68.7,107.7
2012,REG+POST,00-0024369,,Jeff King,TE,TE,,11,ARI,0,0,0,0,0,0,0,0,0,0,0,0,,0,,,0,0,0,0,0,0,,0,17,29,129,0,0,0,132,61,6,-7.06933429752826,0,0.977272727272727,0.0650224215246637,0.0367688022284123,0.123271793846884,0,12.9,29.9
2012,REG+POST,00-0024389,De.Walker,Delanie Walker,TE,TE,"https://static.www.nfl.com/image/private/f_auto,q_auto/league/diknegkpqy0qnri7877z",18,SF,0,0,0,0,0,0,0,0,0,0,0,0,,0,,,0,0,0,0,0,0,,0,26,50,429,3,1,1,625,59,18,14.4682651533623,0,0.6864,0.102880658436214,0.146920545369064,0.257165369412666,0,58.9,84.9
2012,REG+POST,00-0024394,,Lawrence Vickers,FB,RB,,11,DAL,0,0,0,0,0,0,0,0,0,0,0,0,,0,,,3,11,0,0,0,1,-3.18784842151217,0,13,15,104,0,0,0,23,89,8,7.46746244368842,0,4.52173913043478,0.0376884422110553,0.008524833209785,0.0625000465634324,0,11.5,24.5
2012,REG+POST,00-0024401,,Jeromey Clary,G,OL,,1,LAC,0,0,0,0,0,0,0,0,0,0,0,0,,0,,,0,0,0,0,0,0,,0,1,1,-8,0,0,0,-11,3,0,-0.660341323825233,0,0.0,0.0303030303030303,-0.03886925795053,0.0182460648891744,0,-0.8,0.2
2012,REG+POST,00-0024408,,Bruce Gradkowski,QB,QB,,2,CIN,5,11,65,0,0,0,0,0,0,110,5,1,-3.0611009185792,0,0.590909090909091,-0.0419299530317232,4,-2,0,1,0,0,-4.32839841058012,0,0,0,0,0,0,0,0,0,0,,0,,,,,0,2.4,2.4
2012,REG+POST,00-0024417,S.Koch,Sam Koch,P,SPEC,"https://static.www.nfl.com/image/private/f_auto,q_auto/league/dw34lcf6qit1i1knjhpv",3,BAL,0,0,0,0,0,0,0,0,0,0,0,0,,0,,,3,9,1,0,0,2,4.07710237649735,0,0,0,0,0,0,0,0,0,0,,0,,,,,0,6.9,6.9
2012,REG+POST,00-0024447,,Devin Aromashodu,WR,WR,,12,MIN,0,0,0,0,0,0,0,0,0,0,0,0,,0,,,0,0,0,0,0,0,,0,11,25,182,0,0,0,394,38,10,-3.03101788693183,0,0.461928934010152,0.0661375661375661,0.138245614035088,0.195978279030911,0,18.2,29.2
2012,REG+POST,00-0024463,,Ben Obomanu,WR,WR,,5,SEA,0,0,0,0,0,0,0,0,0,0,0,0,,0,,,1,11,0,0,0,1,-0.355741831939667,0,4,9,58,0,0,0,132,21,1,-5.0317755060673,0,0.439393939393939,0.0857142857142857,0.102964118564743,0.200646311566748,0,6.9,10.9
2012,REG+POST,00-0024466,,Marques Colston,WR,WR,"https://static.www.nfl.com/image/private/f_auto,q_auto/league/hnnuo9nfwzwlakr2srdq",16,NO,0,0,0,0,0,0,0,0,0,0,0,0,,0,,,0,0,0,0,0,0,,0,83,130,1154,10,4,1,1405,292,65,52.8913354868082,0,0.82135231316726,0.198473282442748,0.259225092250923,0.479167488239768,0,173.4,256.4
2012,REG+POST,00-0024535,E.Weems,Eric Weems,WR,WR,"https://static.www.nfl.com/image/private/f_auto,q_auto/league/kptsfekcpfukewtim9kz",3,CHI,0,0,0,0,0,0,0,0,0,0,0,0,,0,,,0,0,0,0,0,0,,0,2,4,27,0,0,0,42,1,2,0.842142823035829,0,0.642857142857143,0.0481927710843374,0.0812379110251451,0.129155694344108,0,2.7,4.7
2012,REG+POST,00-0024559,,D.J. Ware,RB,RB,,14,TB,0,0,0,0,0,0,0,0,0,0,0,0,,0,,,11,51,0,0,0,5,-0.0500900175033565,0,14,20,100,0,0,0,21,102,4,-7.33295068647259,0,4.76190476190476,0.050251256281407,0.0057127312295973,0.0793757962828287,0,15.1,29.1
2012,REG+POST,00-0024714,,Edgar Jones,DE,DL,,1,KC,0,0,0,0,0,0,0,0,0,0,0,0,,0,,,0,0,0,0,0,0,,0,0,0,0,0,0,0,0,0,0,,0,,,,,1,6.0,6.0
2012,REG+POST,00-0024756,,Matt Willis,WR,WR,,13,DEN,0,0,0,0,0,0,0,0,0,0,0,0,,0,,,0,0,0,0,0,0,,0,11,23,94,0,0,0,120,39,5,-23.6716899622272,0,0.783333333333333,0.0479166666666667,0.0314877984780897,0.0939164589346628,0,9.4,20.4
2012,REG+POST,00-0024813,,Pierre Thomas,RB,RB,"https://static.www.nfl.com/image/private/f_auto,q_auto/league/w58uf8rmlucv7qagwrfv",15,NO,0,0,0,0,0,0,0,0,0,0,0,0,,0,,,105,473,1,0,0,16,2.92442832776578,0,39,53,354,1,0,0,-25,363,20,11.6170666303879,0,-14.16,0.0866013071895425,-0.0049603174603174,0.126429738562092,0,94.7,133.7
2012,REG+POST,00-0025389,,Calvin Johnson,WR,WR,"https://static.www.nfl.com/image/private/f_auto,q_auto/league/z6dxib9sientn4m9cljh",16,DET,0,0,0,0,0,0,0,0,0,0,0,0,,0,,,0,0,0,0,0,0,,0,122,204,1964,5,3,3,2753,503,92,70.4605824100931,0,0.713403559752997,0.279452054794521,0.431775407779172,0.721420867637201,0,220.4,342.4
2012,REG+POST,00-0025394,A.Peterson,Adrian Peterson,RB,RB,"https://static.www.nfl.com/image/private/f_auto,q_auto/league/ug2ua3skqc9f6vkbowxc",17,MIN,0,0,0,0,0,0,0,0,0,0,0,0,,0,,,370,2196,12,3,2,92,22.8774691079951,1,41,54,225,1,1,0,97,191,10,-4.98241359000605,0,2.31958762886598,0.112033195020747,0.0286051312297257,0.188073384391928,0,318.1,359.1
2012,REG+POST,00-0025396,T.Ginn,Ted Ginn,WR,WR,"https://static.www.nfl.com/image/private/f_auto,q_auto/league/o4m4txrv9l7odyebnea4",5,SF,0,0,0,0,0,0,0,0,0,0,0,0,,0,,,1,7,0,0,0,0,0.638538270257413,0,3,5,4,0,0,0,46,5,0,-2.24580422259169,0,0.0869565217391304,0.0458715596330275,0.0426716141001855,0.0986774693196712,0,1.1,4.1
2012,REG+POST,00-0025399,M.Lynch,Marshawn Lynch,RB,RB,"https://static.www.nfl.com/image/private/f_auto,q_auto/league/ddhpebfqtr9yxsnbx9ht",18,SEA,0,0,0,0,0,0,0,0,0,0,0,0,,0,,,351,1768,13,6,4,78,7.84332318901611,0,27,34,242,1,1,0,-2,250,13,8.96776568426867,0,-121.0,0.0767494356659142,-0.0004973887092762,0.114775981402378,0,277.0,304.0
2012,REG+POST,00-0025409,,Brady Quinn,QB,QB,,10,KC,112,197,1141,2,8,21,123,1,0,1620,477,48,-76.6235484523336,0,0.704320987654321,0.0052683186503087,19,66,0,0,0,2,-3.290402272949,0,0,1,0,0,0,0,1,0,0,-1.57229286616519,0,0.0,0.0384615384615385,0.0032051282051282,0.0599358974358974,0,44.24,44.24
2012,REG+POST,00-0025410,,Dwayne Bowe,WR,WR,"https://static.www.nfl.com/image/private/f_auto,q_auto/league/ihvktvkw198qeclu6mtk",13,KC,0,0,0,0,0,0,0,0,0,0,0,0,,0,,,0,0,0,0,0,0,,0,59,114,801,3,1,1,1433,237,43,10.2264702222489,0,0.558967201674808,0.287878787878788,0.422713864306785,0.727717886832931,0,96.1,155.1
2012,REG+POST,00-0025414,,Robert Meachem,WR,WR,,9,LAC,0,0,0,0,0,0,0,0,0,0,0,0,,0,,,1,-6,0,0,0,0,-1.13620722061023,0,14,32,207,2,0,0,526,34,8,-0.492443681752775,0,0.393536121673004,0.100946372239748,0.202697495183044,0.293307804987752,0,32.1,46.1
2012,REG+POST,00-0025418,G.Olsen,Greg Olsen,TE,TE,"https://static.www.nfl.com/image/private/f_auto,q_auto/league/jevf1bubmrv2vvmiwq3r",16,CAR,0,0,0,0,0,0,0,0,0,0,0,0,,0,,,0,0,0,0,0,0,,0,69,104,843,5,0,0,925,244,42,41.7189366391589,0,0.911351351351351,0.214432989690722,0.203341393712904,0.463988460135115,0,114.3,183.3
2012,REG+POST,00-0025423,,Kevin Kolb,QB,QB,,6,ARI,109,183,1169,8,3,27,159,2,2,1446,478,62,-21.0655829184949,0,0.808437067773167,0.0023737758944414,16,100,1,0,0,7,4.13702564913547,0,0,0,0,0,0,0,0,0,0,,0,,,,,0,84.76,84.76
2012,REG+POST,00-0025424,E.Weddle,Eric Weddle,FS,DB,"https://static.www.nfl.com/image/private/f_auto,q_auto/league/lkawujcrkiyelnzqnups",2,LAC,0,0,0,0,0,0,0,0,0,0,0,0,,0,,,2,10,0,0,0,2,4.54943016800098,0,0,0,0,0,0,0,0,0,0,,0,,,,,0,1.0,1.0
2012,REG+POST,00-0025425,,Zach Miller,TE,TE,,18,SEA,0,0,0,0,0,0,0,0,0,0,0,0,,0,,,0,0,0,0,0,0,,0,50,68,586,4,1,1,534,205,27,32.5295324682737,1,1.09737827715356,0.146868250539957,0.11400512382579,0.300105962487988,0,82.6,132.6
2012,REG+POST,00-0025431,,Sidney Rice,WR,WR,,18,SEA,1,2,25,0,0,0,0,0,0,56,0,1,1.3941912073642,0,0.446428571428571,,2,6,0,0,0,0,-0.6468272106722,0,55,95,835,7,0,0,1329,147,42,41.0802732852475,0,0.62829194883371,0.205183585313175,0.283731853116994,0.506387675151658,0,127.1,182.1
2012,REG+POST,00-0025438,,Steve Smith,WR,WR,,9,LA,0,0,0,0,0,0,0,0,0,0,0,0,,0,,,0,0,0,0,0,0,,0,14,25,131,0,0,0,191,39,7,-6.92986750381207,0,0.68586387434555,0.0801282051282051,0.0770471964501815,0.174125345207435,0,13.1,27.1
2012,REG+POST,00-0025439,,Brian Leonard,RB,RB,,13,CIN,0,0,0,0,0,0,0,0,0,0,0,0,,0,,,34,108,0,0,0,7,-6.03751342621399,0,11,15,67,0,0,0,-5,78,2,-0.133222327451222,0,-13.4,0.0495049504950495,-0.0019809825673534,0.0728707379454269,0,17.5,28.5
2012,REG+POST,00-0025450,,Brandon Jackson,RB,RB,,2,CLE,0,0,0,0,0,0,0,0,0,0,0,0,,0,,,8,54,0,0,0,2,1.73650044371607,0,2,4,20,0,0,0,-11,27,2,-0.0421290833619423,0,-1.81818181818182,0.114285714285714,-0.0380622837370242,0.144784972812654,0,7.4,9.4
2012,REG+POST,00-0025460,,Jacoby Jones,WR,WR,"https://static.www.nfl.com/image/private/f_auto,q_auto/league/yhjtycrpq7jtfarxkhcx",20,BAL,0,0,0,0,0,0,0,0,0,0,0,0,,0,,,1,6,0,0,0,0,0.41759122419171,0,35,67,553,3,0,0,979,107,19,24.150321743981,0,0.564862104187947,0.0983847283406755,0.139697488584475,0.245365334520146,4,97.9,132.9
2012,REG+POST,00-0025462,,Laurent Robinson,WR,WR,,7,JAX,0,0,0,0,0,0,0,0,0,0,0,0,,0,,,0,0,0,0,0,0,,0,24,43,252,0,1,1,479,54,8,-2.11712328944122,0,0.526096033402923,0.184549356223176,0.247801345059493,0.450284975876409,0,23.2,47.2
2012,REG+POST,00-0025463,,Jason Hill,WR,WR,,2,NYJ,0,0,0,0,0,0,0,0,0,0,0,0,,0,,,0,0,0,0,0,0,,0,2,3,15,1,0,0,46,1,2,1.34790352359414,0,0.326086956521739,0.0588235294117647,0.0972515856236786,0.156311404054222,0,7.5,9.5
2012,REG+POST,00-0025464,,Matt Spaeth,TE,TE,"https://static.www.nfl.com/image/private/f_auto,q_auto/league/wywcnns8be7rzlrwnjwh",6,CHI,0,0,0,0,0,0,0,0,0,0,0,0,,0,,,0,0,0,0,0,0,,0,6,10,28,1,0,0,37,14,2,-0.0897983363829553,0,0.756756756756757,0.054945054945055,0.0246502331778814,0.0996727456420994,0,8.8,14.8
2012,REG+POST,00-0025465,,James Jones,WR,WR,,17,GB,0,0,0,0,0,0,0,0,0,0,0,0,,0,,,0,0,0,0,0,0,,0,72,108,922,15,0,0,1200,256,51,60.0951284429057,0,0.768333333333333,0.182741116751269,0.246153846153846,0.446419367434596,0,182.2,254.2
2012,REG+POST,00-0025479,,Trent Edwards,QB,QB,,1,PHI,2,2,14,0,0,0,0,0,0,6,8,0,0.014045633841306,0,2.33333333333333,,0,0,0,0,0,0,,0,0,0,0,0,0,0,0,0,0,,0,,,,,0,0.56,0.56
2012,REG+POST,00-0025487,,Michael Bush,RB,RB,,13,CHI,0,0,0,0,0,0,0,0,0,0,0,0,,0,,,114,411,5,1,1,28,-10.5863419615693,0,9,11,83,0,0,0,-6,84,6,5.58916027017708,0,-13.8333333333333,0.0476190476190476,-0.003076923076923,0.0692747252747253,0,77.4,86.4
2012,REG+POST,00-0025488,,Adam Podlesh,P,SPEC,,1,CHI,0,0,0,0,0,0,0,0,0,0,0,0,,0,,,0,0,0,0,0,0,,1,0,0,0,0,0,0,0,0,0,,0,,,,,0,2.0,2.0
2012,REG+POST,00-0025490,,Isaiah Stanback,TE,TE,,1,JAX,0,0,0,0,0,0,0,0,0,0,0,0,,0,,,0,0,0,0,0,0,,0,1,1,6,0,0,0,5,1,0,-0.30398940644227,0,1.2,0.0204081632653061,0.0119617224880383,0.038985450639586,0,0.6,1.6
2012,REG+POST,00-0025513,,Dashon Goldson,DB,DB,"https://static.www.nfl.com/image/private/f_auto,q_auto/league/wkw6tgmp3xngaiqhe44h",1,SF,0,0,0,0,0,0,0,0,0,0,0,0,,0,,,1,31,0,0,0,1,4.9371770855505,0,0,0,0,0,0,0,0,0,0,,0,,,,,0,3.1,3.1
2012,REG+POST,00-0025516,,Scott Chandler,TE,TE,"https://static.www.nfl.com/image/private/f_auto,q_auto/league/zktr2miqzub2buwa19x7",15,BUF,0,0,0,0,0,0,0,0,0,0,0,0,,0,,,0,0,0,0,0,0,,0,43,74,571,6,2,1,682,191,36,13.3719140814782,0,0.837243401759531,0.153209109730849,0.183136412459721,0.358009153318078,0,91.1,134.1
2012,REG+POST,00-0025524,,Le'Ron McClain,FB,RB,,9,LAC,0,0,0,0,0,0,0,0,0,0,0,0,,0,,,14,42,0,0,0,2,-4.22965363319963,0,8,10,29,0,0,0,3,36,2,-1.97567130613606,0,9.66666666666667,0.0613496932515337,0.0024896265560166,0.0937672784665122,0,7.1,15.1
2012,REG+POST,00-0025529,,Steve Breaston,WR,WR,,7,KC,0,0,0,0,0,0,0,0,0,0,0,0,,0,,,0,0,0,0,0,0,,0,7,15,74,0,0,0,169,6,5,-5.3538903510198,0,0.437869822485207,0.0607287449392713,0.0827214880078316,0.148998159014389,0,7.4,14.4
2012,REG+POST,00-0025540,,Kevin Boss,TE,TE,,2,KC,0,0,0,0,0,0,0,0,0,0,0,0,,0,,,0,0,0,0,0,0,,0,3,3,65,1,0,0,60,5,3,7.05313576839399,0,1.08333333333333,0.0405405405405405,0.0823045267489712,0.118423979535091,0,12.5,15.5
2012,REG+POST,00-0025542,,Dante Rosario,TE,TE,,10,LAC,0,0,0,0,0,0,0,0,0,0,0,0,,0,,,0,0,0,0,0,0,,0,10,18,95,3,1,1,163,37,6,-3.32522365165642,0,0.582822085889571,0.0534124629080119,0.0620715917745621,0.123568808604211,0,25.5,35.5
2012,REG+POST,00-0025549,B.Celek,Brent Celek,TE,TE,"https://static.www.nfl.com/image/private/f_auto,q_auto/league/mit6ahic4gkdhy1hkejt",15,PHI,0,0,0,0,0,0,0,0,0,0,0,0,,0,,,0,0,0,0,0,0,,0,57,88,684,1,1,1,659,306,32,-2.95059883058574,0,1.03793626707132,0.155202821869489,0.135429510891903,0.327604890428565,0,72.4,129.4
2012,REG+POST,00-0025559,,Legedu Naanee,WR,WR,,3,MIA,0,0,0,0,0,0,0,0,0,0,0,0,,0,,,0,0,0,0,0,0,,0,1,5,19,0,1,1,53,0,0,-21.0478850142099,0,0.358490566037736,0.0471698113207547,0.0622065727699531,0.114299317920099,0,-0.0999999999999999,0.9
2012,REG+POST,00-0025568,,Reagan Maui'a,FB,RB,,1,ARI,0,0,0,0,0,0,0,0,0,0,0,0,,0,,,0,0,0,0,0,0,,0,1,1,7,0,0,0,2,5,0,-0.256030873279087,0,3.5,0.0285714285714286,0.0072202166064982,0.0479112944816916,0,0.7,1.7
2012,REG+POST,00-0025569,,Adam Hayward,,,,1,TB,0,0,0,0,0,0,0,0,0,0,0,0,,0,,,0,0,0,0,0,0,,0,0,0,0,0,0,0,0,0,0,,0,,,,,1,6.0,6.0
2012,REG+POST,00-0025604,,Tyler Thigpen,QB,QB,,2,BUF,3,5,30,0,0,0,0,0,0,30,9,2,-0.125295211561024,0,1.0,-0.0254701524768128,1,-1,0,0,0,0,0.236065956763923,0,0,0,0,0,0,0,0,0,0,,0,,,,,0,1.1,1.1
2012,REG+POST,00-0025612,,Brandon Fields,P,SPEC,"https://static.www.nfl.com/image/private/f_auto,q_auto/league/wanoipfufy1xfdlzg5ex",2,MIA,0,1,0,0,0,0,0,0,0,5,0,0,-2.10324921295978,0,0.0,,1,0,0,1,0,0,-3.26608165795915,0,0,0,0,0,0,0,0,0,0,,0,,,,,0,0.0,0.0
2012,REG+POST,00-0025631,,Jason Snelling,FB,RB,,18,ATL,0,0,0,0,0,0,0,0,0,0,0,0,,0,,,20,75,0,0,0,4,-5.70308572964384,0,33,37,213,2,1,1,3,222,10,-1.14070621486326,0,71.0,0.0596774193548387,0.0007598784194528,0.0900480439258751,0,38.8,71.8
2012,REG+POST,00-0025637,,Ahmad Bradshaw,RB,RB,"https://static.www.nfl.com/image/private/f_auto,q_auto/league/vlgcz2so2urjgowxz3tz",14,NYG,0,0,0,0,0,0,0,0,0,0,0,0,,0,,,221,1015,6,3,3,56,-0.783435658476691,0,23,31,245,0,0,0,-38,273,7,4.90356185018937,0,-6.44736842105263,0.0840108401084011,-0.0117175454825779,0.117813978324797,0,156.0,179.0
2012,REG+POST,00-0025701,,Jackie Battle,RB,RB,,14,LAC,0,0,0,0,0,0,0,0,0,0,0,0,,0,,,95,311,3,0,0,19,-16.0789937786758,0,15,15,108,1,0,0,-3,111,7,8.31068760392373,0,-36.0,0.077319587628866,-0.0026478375992939,0.114125895123793,0,65.9,80.9
2012,REG+POST,00-0025708,M.Moore,Matt Moore,QB,QB,"https://static.www.nfl.com/image/private/f_auto,q_auto/league/h04zarfikqlgerdftbgp",2,MIA,11,19,131,1,0,2,9,0,0,225,28,7,2.33741422890192,0,0.582222222222222,0.179627155161484,5,-3,0,0,0,0,-0.471315374132246,0,0,0,0,0,0,0,0,0,0,,0,,,,,0,8.94,8.94
2012,REG+POST,00-0025860,,BenJarvus Green-Ellis,RB,RB,,16,CIN,0,0,0,0,0,0,0,0,0,0,0,0,,0,,,289,1157,6,3,2,58,-12.6803543167745,0,24,31,95,0,0,0,15,91,4,-11.5696793213137,0,6.33333333333333,0.0611439842209073,0.0040529586598216,0.0945530473932361,0,157.2,181.2
2012,REG+POST,00-0025951,,Darius Reynaud,WR,WR,,9,TEN,0,0,0,0,0,0,0,0,0,0,0,0,,0,,,16,33,0,0,0,1,-7.58649439725559,0,5,9,35,0,0,0,51,34,3,-0.824694169543642,0,0.686274509803922,0.0652173913043478,0.0422185430463576,0.127379067088972,3,24.8,29.8
2012,REG+POST,00-0026000,,Davone Bess,WR,WR,,13,MIA,0,0,0,0,0,0,0,0,0,0,0,0,,0,,,0,0,0,0,0,0,,0,61,105,778,1,1,0,1057,249,38,13.5909516254615,0,0.7360454115421,0.255474452554745,0.293937708565072,0.588968074827668,0,83.8,144.8
2012,REG+POST,00-0026008,,Matthew Mulligan,TE,TE,"https://static.www.nfl.com/image/private/f_auto,q_auto/league/okuwvdnxk6weqzz3tglf",8,LA,0,0,0,0,0,0,0,0,0,0,0,0,,0,,,0,0,0,0,0,0,,0,8,12,84,1,0,0,54,35,6,5.19510139158228,0,1.55555555555556,0.0459770114942529,0.0277207392197125,0.0883700346951781,0,14.4,22.4
2012,REG+POST,00-0026019,D.Woodhead,Danny Woodhead,RB,RB,"https://static.www.nfl.com/image/private/f_auto,q_auto/league/gorlqe0etvc8ek5wob7j",17,NE,0,0,0,0,0,0,0,0,0,0,0,0,,0,,,80,312,4,0,0,20,3.80032170223421,0,41,58,458,3,1,0,170,382,23,22.5742669172,0,2.69411764705882,0.0935483870967742,0.0354535974973931,0.165140098893336,0,119.0,160.0
2012,REG+POST,00-0026029,,Kregg Lumpkin,RB,RB,,2,NYG,0,0,0,0,0,0,0,0,0,0,0,0,,0,,,9,42,0,1,1,2,-4.20611193176592,0,0,2,0,0,0,0,-7,0,0,-4.40683042339515,0,0.0,0.0350877192982456,-0.0117647058823529,0.0443962848297214,0,2.2,2.2
2012,REG+POST,00-0026033,,Mike Cox,FB,RB,,4,ATL,0,0,0,0,0,0,0,0,0,0,0,0,,0,,,1,4,0,0,0,0,-0.321417870698497,0,3,3,22,0,0,0,2,20,1,1.28576154331677,0,11.0,0.0288461538461538,0.0031897926634768,0.0455020856336646,0,2.6,5.6
2012,REG+POST,00-0026035,D.Amendola,Danny Amendola,WR,WR,"https://static.www.nfl.com/image/private/f_auto,q_auto/league/etz06w7s0ardf49mnayz",11,LA,0,0,0,0,0,0,0,0,0,0,0,0,,0,,,2,8,0,0,0,0,-0.184927006717771,0,63,101,666,3,2,2,785,237,37,5.00009337314826,1,0.848407643312102,0.275956284153005,0.251925545571245,0.59028230812938,0,83.4,146.4
2012,REG+POST,00-0026069,M.Tolbert,Mike Tolbert,FB,RB,"https://static.www.nfl.com/image/private/f_auto,q_auto/league/frwhwdhbcteyg7xjha7a",16,CAR,0,0,0,0,0,0,0,0,0,0,0,0,,0,,,54,183,7,0,0,24,8.34907717720489,0,27,39,268,0,0,0,26,276,13,8.96264328650432,0,10.3076923076923,0.0804123711340206,0.0060115606936416,0.12482664918658,0,87.1,114.1
2012,REG+POST,00-0026072,,Jed Collins,FB,RB,,11,NO,0,0,0,0,0,0,0,0,0,0,0,0,,0,,,0,0,0,0,0,0,,0,14,16,70,2,1,1,16,55,5,-3.22468884929549,0,4.375,0.0365296803652968,0.0058672533920058,0.0589015979223493,0,17.0,31.0
2012,REG+POST,00-0026123,,Evan Moore,TE,TE,,6,PHI,0,0,0,0,0,0,0,0,0,0,0,0,,0,,,0,0,0,0,0,0,,0,1,8,6,0,0,0,114,4,1,-1.92126393162585,0,0.0526315789473684,0.046242774566474,0.0705445544554455,0.118745349968523,0,0.6,1.6
2012,REG+POST,00-0026143,M.Ryan,Matt Ryan,QB,QB,"https://static.www.nfl.com/image/private/f_auto,q_auto/league/s6zam4ekrrnonsck6vak",18,ATL,476,692,5365,38,17,29,210,2,1,5924,2182,283,165.736203084706,0,0.905638082376773,0.170528748419698,37,150,1,2,2,7,-1.05530485326494,0,0,0,0,0,0,0,0,0,0,,0,,,,,0,347.6,347.6
2012,REG+POST,00-0026144,D.McFadden,Darren McFadden,RB,RB,"https://static.www.nfl.com/image/private/f_auto,q_auto/league/bfvionxxsfckmjqtw4kv",12,LV,0,0,0,0,0,0,0,0,0,0,0,0,,0,,,216,707,2,1,1,33,-53.7798863139095,0,42,62,258,1,1,1,58,260,11,-14.9657946802784,0,4.44827586206897,0.136865342163355,0.0151951794603091,0.21593463886725,0,110.5,152.5
2012,REG+POST,00-0026151,,Leodis McKelvin,CB,DB,"https://static.www.nfl.com/image/private/f_auto,q_auto/league/b8nkgdsecnksiw76siwq",2,BUF,0,0,0,0,0,0,0,0,0,0,0,0,,0,,,0,0,0,0,0,0,,0,0,0,0,0,0,0,0,0,0,,0,,,,,2,12.0,12.0
2012,REG+POST,00-0026153,J.Stewart,Jonathan Stewart,RB,RB,"https://static.www.nfl.com/image/private/f_auto,q_auto/league/dzvxfj3xrgnzc3jbag2n",9,CAR,0,0,0,0,0,0,0,0,0,0,0,0,,0,,,93,336,1,1,0,14,-15.5363451556186,0,17,23,157,1,1,0,-33,179,5,5.28672478830189,0,-4.75757575757576,0.0877862595419847,-0.0141752577319588,0.121756708900606,0,61.3,78.3
2012,REG+POST,00-0026158,J.Flacco,Joe Flacco,QB,QB,"https://static.www.nfl.com/image/upload/f_auto,q_auto/league/yxvyoeojkif7tnfviamc",20,BAL,390,657,4957,33,10,41,265,6,3,6882,1910,227,65.7698006074272,1,0.720284800929962,0.0994961742585999,40,38,3,4,2,12,-13.953538231259,0,0,0,0,0,0,0,0,0,0,,0,,,,,0,324.08,324.08
2012,REG+POST,00-0026162,,Felix Jones,RB,RB,,16,DAL,0,0,0,0,0,0,0,0,0,0,0,0,,0,,,111,402,3,1,1,23,-9.79614530471736,0,25,36,262,2,0,0,32,226,10,-0.633832684679615,0,8.1875,0.0759493670886076,0.0078624078624078,0.119427736136597,0,94.4,119.4
2012,REG+POST,00-0026163,,Rashard Mendenhall,RB,RB,,6,PIT,0,0,0,0,0,0,0,0,0,0,0,0,,0,,,51,182,0,3,1,8,-11.8289629368228,0,9,11,62,1,0,0,-43,98,5,2.44461897946894,0,-1.44186046511628,0.0797101449275362,-0.0363482671174979,0.0941214304090558,0,28.4,37.4
2012,REG+POST,00-0026164,C.Johnson,Chris Johnson,RB,RB,"https://static.www.nfl.com/image/private/f_auto,q_auto/league/ryf9nc84eovvdbf0cz79",16,TEN,0,0,0,0,0,0,0,0,0,0,0,0,,0,,,276,1243,6,3,3,45,-32.9740835421235,0,36,49,232,0,2,1,24,223,7,-10.4625924183056,0,9.66666666666667,0.0951456310679612,0.0053835800807537,0.146486952658469,0,175.5,211.5
2012,REG+POST,00-0026170,,Dustin Keller,TE,TE,,8,NYJ,0,0,0,0,0,0,0,0,0,0,0,0,,0,,,0,0,0,0,0,0,,0,28,36,317,2,0,0,295,92,18,11.6353072264174,0,1.07457627118644,0.145748987854251,0.145535273803651,0.320498173443932,0,43.7,71.7
2012,REG+POST,00-0026173,,Donnie Avery,WR,WR,,17,IND,0,0,0,0,0,0,0,0,0,0,0,0,,0,,,5,24,0,0,0,1,-0.0996633660979569,0,62,134,793,3,1,0,1637,216,38,8.03737282637281,0,0.484422724496029,0.199701937406855,0.238178379164848,0.466277771525677,0,99.7,161.7
2012,REG+POST,00-0026176,J.Nelson,Jordy Nelson,WR,WR,"https://static.www.nfl.com/image/private/f_auto,q_auto/league/bde2n4ozsakatgs4yyp2",14,GB,0,0,0,0,0,0,0,0,0,0,0,0,,0,,,0,0,0,0,0,0,,0,57,86,842,7,0,0,1103,264,43,51.1710884055647,1,0.763372620126927,0.178423236514523,0.283766400823257,0.466271335348064,0,128.2,185.2
2012,REG+POST,00-0026178,,John Carlson,TE,TE,,10,MIN,0,0,0,0,0,0,0,0,0,0,0,0,,0,,,0,0,0,0,0,0,,0,8,16,43,0,0,0,103,18,4,-5.42217534527546,0,0.41747572815534,0.0486322188449848,0.0538140020898642,0.110618129730382,0,4.3,12.3
2012,REG+POST,00-0026182,,Eddie Royal,WR,WR,"https://static.www.nfl.com/image/private/f_auto,q_auto/league/xoejgvlit9inmaazsvk4",10,LAC,0,0,0,0,0,0,0,0,0,0,0,0,,0,,,3,22,0,0,0,2,1.63631548406556,0,23,44,234,1,0,0,325,90,15,-19.8471403034274,0,0.72,0.136645962732919,0.121268656716418,0.289857003800871,0,31.6,54.6
2012,REG+POST,00-0026184,M.Forte,Matt Forte,RB,RB,"https://static.www.nfl.com/image/private/f_auto,q_auto/league/olqssssjykcx7tx7xsy3",15,CHI,0,0,0,0,0,0,0,0,0,0,0,0,,0,,,248,1094,5,2,1,45,-10.3459053583071,0,44,60,340,1,0,0,146,295,15,-10.0477768357941,0,2.32876712328767,0.132450331125828,0.03164968567093,0.220830276658393,0,177.4,221.4
2012,REG+POST,00-0026186,,Jerome Simpson,WR,WR,,13,MIN,0,0,0,0,0,0,0,0,0,0,0,0,,0,,,0,0,0,0,0,0,,0,28,57,295,0,2,1,724,64,16,-7.94548770825818,0,0.407458563535912,0.159663865546218,0.256464753808006,0.419021125984932,0,27.5,55.5
2012,REG+POST,00-0026188,,Fred Davis,TE,TE,,7,WAS,0,0,0,0,0,0,0,0,0,0,0,0,,0,,,1,1,0,0,0,0,-0.469767331611365,0,24,32,325,0,0,0,253,132,17,13.5565078585083,0,1.28458498023715,0.16580310880829,0.15607649599013,0.357958210405526,0,32.6,56.6
2012,REG+POST,00-0026189,D.Jackson,DeSean Jackson,WR,WR,"https://static.www.nfl.com/image/private/f_auto,q_auto/league/pr5m864fqvnoozihylrh",11,PHI,0,0,0,0,0,0,0,0,0,0,0,0,,0,,,3,-7,0,0,0,0,-2.68462785845622,0,45,88,700,2,1,0,1323,228,30,15.6676773209838,0,0.529100529100529,0.218905472636816,0.377784123358081,0.592807095305881,0,81.3,126.3
2012,REG+POST,00-0026195,,Ray Rice,RB,RB,,20,BAL,0,0,0,0,0,0,0,0,0,0,0,0,,0,,,341,1449,11,3,2,63,-13.0281195319572,0,69,97,566,1,1,1,48,571,26,-3.44965296067933,0,11.7916666666667,0.149230769230769,0.0072970507753116,0.228954089388872,0,267.5,336.5
2012,REG+POST,00-0026197,C.Henne,Chad Henne,QB,QB,"https://static.www.nfl.com/image/private/f_auto,q_auto/league/ornr9pcnzveqlntqc7jx",10,JAX,166,308,2084,11,11,28,169,1,1,2802,853,85,-44.9155637623734,0,0.743754461099215,-0.0009770082477466,19,64,1,2,1,5,-4.9706513617299,0,1,1,-6,0,0,0,-6,0,0,-1.11518403049558,0,0.0,0.0238095238095238,-0.0128205128205128,0.0267399267399267,0,113.16,114.16
2012,REG+POST,00-0026201,M.Bennett,Martellus Bennett,TE,TE,"https://static.www.nfl.com/image/private/f_auto,q_auto/league/repls3tq1d4jnvwmaqia",16,NYG,0,0,0,0,0,0,0,0,0,0,0,0,,0,,,0,0,0,0,0,0,,0,55,90,626,5,0,0,887,198,35,12.7248121309871,0,0.705749718151071,0.168224299065421,0.174503246114499,0.37448872087828,0,92.6,147.6
2012,REG+POST,00-0026204,,Kevin Smith,RB,RB,,9,DET,0,0,0,0,0,0,0,0,0,0,0,0,,0,,,37,134,1,0,0,4,-2.14378110604594,0,10,16,79,1,0,0,-9,100,6,1.65221354139293,0,-8.77777777777778,0.0432432432432432,-0.0029920212765957,0.0627704499712479,0,33.3,43.3
2012,REG+POST,00-0026209,,Jacob Hester,RB,RB,,4,DEN,0,0,0,0,0,0,0,0,0,0,0,0,,0,,,25,92,2,0,0,7,-2.83197361399652,0,2,3,14,0,0,0,13,8,1,1.16125041089285,0,1.07692307692308,0.04,0.0236363636363636,0.0765454545454545,0,22.6,24.6
2012,REG+POST,00-0026210,,Earl Bennett,WR,WR,,12,CHI,0,0,0,0,0,0,0,0,0,0,0,0,,0,,,0,0,0,0,0,0,,0,29,49,375,2,0,0,405,187,20,7.42761475600678,0,0.925925925925926,0.140804597701149,0.120967741935484,0.295884315906563,0,49.5,78.5
2012,REG+POST,00-0026213,J.Charles,Jamaal Charles,RB,RB,"https://static.www.nfl.com/image/private/f_auto,q_auto/league/mdrlzgankwwjldxllgcx",16,KC,0,0,0,0,0,0,0,0,0,0,0,0,,0,,,285,1509,5,5,3,62,-3.19954691468049,0,35,48,236,1,0,0,-33,255,11,-7.02731944824336,0,-7.15151515151515,0.12565445026178,-0.0107632093933464,0.180947428817328,0,204.5,239.5
2012,REG+POST,00-0026221,,Early Doucet,WR,WR,,12,ARI,0,0,0,0,0,0,0,0,0,0,0,0,,0,,,2,9,0,0,0,0,-0.182576991152018,0,28,53,207,0,0,0,291,81,11,-12.7919539945045,0,0.711340206185567,0.11804008908686,0.0810810810810811,0.233816890387046,0,21.6,49.6
2012,REG+POST,00-0026224,H.Douglas,Harry Douglas,WR,WR,"https://static.www.nfl.com/image/private/f_auto,q_auto/league/hblmz1iaov5vqx7cd9cv",17,ATL,0,0,0,0,0,0,0,0,0,0,0,0,,0,,,2,4,0,0,0,1,-1.09513518414997,0,43,65,455,1,1,0,609,156,21,1.34336274708639,0,0.747126436781609,0.0986342943854325,0.110908759788745,0.22558757343027,0,51.9,94.9
2012,REG+POST,00-0026225,,Craig Stevens,TE,TE,,14,TEN,0,0,0,0,0,0,0,0,0,0,0,0,,0,,,0,0,0,0,0,0,,0,23,33,275,1,2,0,274,129,14,17.9950199270552,0,1.0036496350365,0.0691823899371069,0.0654719235364397,0.149603931381168,0,33.5,56.5
2012,REG+POST,00-0026231,,Jermichael Finley,TE,TE,,18,GB,0,0,0,0,0,0,0,0,0,0,0,0,,0,,,0,0,0,0,0,0,,0,66,95,712,2,1,1,776,303,34,18.0618244706479,0,0.917525773195876,0.154220779220779,0.154335719968178,0.339366172808894,0,81.2,147.2
2012,REG+POST,00-0026235,,Mario Manningham,WR,WR,,12,SF,0,0,0,0,0,0,0,0,0,0,0,0,,0,,,3,64,0,0,0,2,5.45739800436422,0,42,57,449,1,2,1,543,173,21,7.71784529592087,0,0.826887661141805,0.172205438066465,0.197886297376093,0.396828565262963,0,55.3,97.3
2012,REG+POST,00-0026237,,Andre Caldwell,WR,WR,,3,DEN,0,0,0,0,0,0,0,0,0,0,0,0,,0,,,1,14,0,0,0,1,1.23641921079252,0,1,4,18,0,0,0,47,2,1,-1.51184134033974,0,0.382978723404255,0.0377358490566038,0.061038961038961,0.0993310463121784,0,3.2,4.2
2012,REG+POST,00-0026262,,Tashard Choice,RB,RB,,8,BUF,0,0,0,0,0,0,0,0,0,0,0,0,,0,,,47,193,1,0,0,9,-0.699482761556283,0,4,9,9,0,0,0,-11,23,0,-6.62398268881952,0,-0.818181818181818,0.075,-0.0128354725787631,0.103515169194866,0,26.2,30.2
2012,REG+POST,00-0026266,,Lavelle Hawkins,WR,WR,,6,TEN,0,0,0,0,0,0,0,0,0,0,0,0,,0,,,0,0,0,0,0,0,,0,5,11,62,0,0,0,106,7,2,-1.54344119445886,0,0.584905660377359,0.0666666666666667,0.0696909927679159,0.148783694937541,0,6.2,11.2
2012,REG+POST,00-0026267,,Jacob Tamme,TE,TE,"https://static.www.nfl.com/image/private/f_auto,q_auto/league/kfyqh9qmtwufzixwuoo2",16,DEN,0,0,0,0,0,0,0,0,0,0,0,0,,0,,,0,0,0,0,0,0,,0,55,87,599,2,0,0,729,214,31,13.605819045921,0,0.821673525377229,0.145242070116861,0.15190664721817,0.324197758228012,0,71.9,126.9
2012,REG+POST,00-0026281,,Gary Barnidge,TE,TE,"https://static.www.nfl.com/image/private/f_auto,q_auto/league/qhfzxti66ga02dok4etx",6,CAR,0,0,0,0,0,0,0,0,0,0,0,0,,0,,,0,0,0,0,0,0,,0,6,6,78,1,0,0,35,43,3,6.53648709651316,0,2.22857142857143,0.03125,0.0208209399167162,0.0614496579417014,0,13.8,19.8
2012,REG+POST,00-0026286,,Jerome Felton,FB,RB,"https://static.www.nfl.com/image/private/f_auto,q_auto/league/mkg1584egfz8psc6gca7",4,MIN,0,0,0,0,0,0,0,0,0,0,0,0,,0,,,0,0,0,0,0,0,,0,3,4,35,0,0,0,12,25,2,2.48385373177007,0,2.91666666666667,0.0373831775700935,0.0191693290734824,0.0694932967065779,0,3.5,6.5
2012,REG+POST,00-0026298,,Kellen Davis,TE,TE,"https://static.www.nfl.com/image/private/f_auto,q_auto/league/bftuje5hq6fnlmpc0uhy",14,CHI,0,0,0,0,0,0,0,0,0,0,0,0,,0,,,0,0,0,0,0,0,,0,19,44,229,2,1,1,515,70,11,-1.77133276336826,0,0.444660194174757,0.100686498855835,0.116226585420898,0.232388358078382,0,32.9,51.9
2012,REG+POST,00-0026300,J.Johnson,Josh Johnson,QB,QB,"https://static.www.nfl.com/image/upload/f_auto,q_auto/league/gbaye18gptzb1jpyswv8",1,CLE,0,0,0,0,0,1,8,1,1,0,0,0,-2.27315173501847,0,,,0,0,0,0,0,0,,0,0,0,0,0,0,0,0,0,0,,0,,,,,0,-2.0,-2.0
2012,REG+POST,00-0026303,,Owen Schmitt,FB,RB,,2,LV,0,0,0,0,0,0,0,0,0,0,0,0,,0,,,2,1,0,0,0,1,-2.0444160006009,0,0,0,0,0,0,0,0,0,0,,0,,,,,0,0.1,0.1
2012,REG+POST,00-0026314,,Josh Morgan,WR,WR,,17,WAS,0,1,0,0,0,0,0,0,0,32,0,0,-1.41710216761567,0,0.0,,3,25,0,0,0,1,1.4358749872772,0,49,80,510,2,1,0,627,235,29,7.63530217530507,0,0.813397129186603,0.172786177105832,0.155082859262924,0.367737267142794,0,65.5,114.5
2012,REG+POST,00-0026316,,Jalen Parmele,RB,RB,,7,JAX,0,0,0,0,0,0,0,0,0,0,0,0,,0,,,40,143,0,0,0,8,-3.40011944831349,0,7,9,60,0,0,0,10,54,2,1.46225469862111,0,6.0,0.0401785714285714,0.0051387461459403,0.0638649794450154,0,20.3,27.3
2012,REG+POST,00-0026344,,Lex Hilliard,FB,RB,,8,NYJ,0,0,0,0,0,0,0,0,0,0,0,0,,0,,,9,33,0,0,0,5,2.59780129435239,0,4,9,23,0,0,0,33,18,2,-0.82844844693318,0,0.696969696969697,0.0409090909090909,0.0188571428571429,0.0745636363636364,0,5.6,9.6
2012,REG+POST,00-0026345,P.Garcon,Pierre Garcon,WR,WR,"https://static.www.nfl.com/image/private/f_auto,q_auto/league/xwjogot7xrfj9qwhsgtn",11,WAS,0,0,0,0,0,0,0,0,0,0,0,0,,0,,,2,9,0,0,0,0,-0.0390133865876123,0,48,73,683,4,0,0,690,342,28,22.4800403694377,0,0.989855072463768,0.260714285714286,0.280259951259139,0.587253394452826,0,93.2,141.2
2012,REG+POST,00-0026346,,Haruki Nakamura,FS,DB,,1,CAR,0,0,0,0,0,0,0,0,0,0,0,0,,0,,,1,-4,0,0,0,0,-2.96279790182598,0,0,0,0,0,0,0,0,0,0,,0,,,,,0,-0.4,-0.4
2012,REG+POST,00-0026349,,Matt Flynn,QB,QB,"https://static.www.nfl.com/image/private/f_auto,q_auto/league/goh8anyqhyvmkfmfbejp",2,SEA,5,9,68,0,0,0,0,0,0,82,41,2,3.65400547611226,0,0.829268292682927,0.164398482483724,4,-5,0,0,0,0,-2.06893699977081,0,0,0,0,0,0,0,0,0,0,,0,,,,,0,2.22,2.22
2012,REG+POST,00-0026364,,Steve Johnson,WR,WR,"https://static.www.nfl.com/image/private/f_auto,q_auto/league/vlyzq1v53slatimy6v5q",16,BUF,0,0,0,0,0,0,0,0,0,0,0,0,,0,,,0,0,0,0,0,0,,0,79,148,1046,6,1,1,1533,365,52,19.3930388013881,0,0.68232224396608,0.290766208251474,0.38595166163142,0.706315475519204,0,138.6,217.6
2012,REG+POST,00-0026366,,Chaz Schilens,WR,WR,,12,NYJ,0,0,0,0,0,0,0,0,0,0,0,0,,0,,,0,0,0,0,0,0,,0,28,41,289,2,1,1,420,49,16,5.06317641131528,0,0.688095238095238,0.110215053763441,0.129789864029666,0.256175485465928,0,38.9,66.9
2012,REG+POST,00-0026367,,Peyton Hillis,RB,RB,,13,KC,0,1,0,0,0,0,0,0,0,1,0,0,-1.57229286616519,0,0.0,,85,309,1,2,2,19,-10.9071877770845,0,10,14,62,0,0,0,-13,74,2,-3.89553654131071,0,-4.76923076923077,0.0463576158940397,-0.0049675200611387,0.0660591597982625,0,39.1,49.1
2012,REG+POST,00-0026373,,Justin Forsett,RB,RB,"https://static.www.nfl.com/image/private/f_auto,q_auto/league/o86dvbcs8dcubcpj6fnu",11,HOU,0,0,0,0,0,0,0,0,0,0,0,0,,0,,,63,374,1,0,0,14,3.9921266171732,0,3,5,38,0,0,0,-12,43,2,1.07595720107201,0,-3.16666666666667,0.0282485875706215,-0.0084151472650771,0.0364822782703782,0,47.2,50.2
2012,REG+POST,00-0026393,M.Reece,Marcel Reece,FB,RB,"https://static.www.nfl.com/image/private/f_auto,q_auto/league/nqy3arwxgk4lwh3pfrr3",15,LV,0,0,0,0,0,0,0,0,0,0,0,0,,0,,,59,271,0,1,0,16,-3.90954067258281,0,52,73,496,1,1,0,345,325,21,15.4284216363148,0,1.43768115942029,0.122278056951424,0.0718450645564348,0.23370863061664,0,82.7,134.7
2012,REG+POST,00-0026432,,Lance Ball,RB,RB,,10,DEN,0,0,0,0,0,0,0,0,0,0,0,0,,0,,,42,158,1,0,0,10,-8.68890024785947,0,7,11,61,1,1,1,58,34,4,-3.57810254949185,0,1.05172413793103,0.0544554455445545,0.0357583230579531,0.106713994457399,0,31.9,38.9
2012,REG+POST,00-0026465,,Anthony Armstrong,WR,WR,,2,MIA,0,0,0,0,0,0,0,0,0,0,0,0,,0,,,0,0,0,0,0,0,,0,3,9,12,0,0,0,107,3,0,-4.80684935644968,0,0.11214953271028,0.125,0.190391459074733,0.320774021352313,0,1.2,4.2
2012,REG+POST,00-0026491,,Stefan Logan,WR,WR,,5,DET,0,0,0,0,0,0,0,0,0,0,0,0,,0,,,3,17,0,0,0,1,0.137251364765689,0,6,7,28,0,0,0,6,26,2,1.12787868216401,0,4.66666666666667,0.0283400809716599,0.0029498525073746,0.0445750182126521,0,4.5,10.5
2012,REG+POST,00-0026498,M.Stafford,Matthew Stafford,QB,QB,"https://static.www.nfl.com/image/upload/f_auto,q_auto/league/xdlnnbapdbk8trxqlasu",16,DET,435,727,4967,20,17,29,212,3,3,6317,2048,264,32.4417225808413,1,0.786290960899161,0.0691876707731083,35,126,4,3,1,11,4.27737795241265,0,1,1,3,0,0,0,1,2,0,-0.397000275785103,0,3.0,0.0212765957446809,0.0026178010471204,0.0337473543500056,0,275.58,276.58
2012,REG+POST,00-0026544,C.Daniel,Chase Daniel,QB,QB,"https://static.www.nfl.com/image/private/f_auto,q_auto/league/jt8fvgeyuhsbpo9m9t4x",1,NO,1,1,10,0,0,0,0,0,0,5,5,1,1.46743227157276,0,2.0,,3,17,0,0,0,1,-1.87804101436632,0,0,0,0,0,0,0,0,0,0,,0,,,,,0,2.1,2.1
2012,REG+POST,00-0026557,,Will Ta'ufo'ou,FB,RB,,1,JAX,0,0,0,0,0,0,0,0,0,0,0,0,,0,,,0,0,0,0,0,0,,0,1,1,5,0,0,0,1,4,0,0.0239017209969461,0,5.0,0.0384615384615385,0.0037037037037037,0.0602849002849003,0,0.5,1.5
2012,REG+POST,00-0026566,,Isaac Redman,RB,RB,,14,PIT,0,0,0,0,0,0,0,0,0,0,0,0,,0,,,110,410,2,2,2,27,-15.3563742865598,0,19,23,244,0,1,1,51,199,10,8.52251325007312,0,4.7843137254902,0.0552884615384615,0.0134458212496704,0.0923447671824616,0,71.4,90.4
2012,REG+POST,00-0026577,,Marcus Thigpen,WR,WR,"https://static.www.nfl.com/image/private/f_auto,q_auto/league/yjyhu6hejsynzkfiayqm",4,MIA,0,0,0,0,0,0,0,0,0,0,0,0,,0,,,1,8,0,0,0,1,0.850629502325319,0,1,2,15,0,0,0,33,3,1,1.54682607576251,0,0.454545454545455,0.0689655172413793,0.147321428571429,0.206573275862069,2,14.3,15.3
2012,REG+POST,00-0026579,,Kahlil Bell,RB,RB,,5,CHI,0,0,0,0,0,0,0,0,0,0,0,0,,0,,,29,76,0,0,0,4,-10.9810784179325,0,2,2,13,0,1,1,-4,17,1,-2.86345352884382,0,-3.25,0.0350877192982456,-0.0082644628099173,0.0468464549804263,0,6.9,8.9
2012,REG+POST,00-0026625,B.Hoyer,Brian Hoyer,QB,QB,"https://static.www.nfl.com/image/private/f_auto,q_auto/league/japt3mj2xctm7saqndxn",2,ARI,30,53,330,1,2,4,30,1,0,479,92,13,-11.088999664039,0,0.688935281837161,-0.0066970549460004,1,6,0,0,0,1,1.68443279480562,0,0,0,0,0,0,0,0,0,0,,0,,,,,0,13.8,13.8
2012,REG+POST,00-0026658,,Zach Potter,TE,TE,,4,JAX,0,0,0,0,0,0,0,0,0,0,0,0,,0,,,0,0,0,0,0,0,,0,2,6,6,0,0,0,10,4,0,-2.90259796613827,0,0.6,0.046875,0.0090579710144927,0.0766530797101449,0,0.6,2.6
2012,REG+POST,00-0026664,,Tim Masthay,P,SPEC,,2,GB,1,2,27,1,0,0,0,0,0,21,30,1,3.00512136984617,0,1.28571428571429,,0,0,0,0,0,0,,0,0,0,0,0,0,0,0,0,0,,0,,,,,0,5.08,5.08
2012,REG+POST,00-0026712,,Brit Miller,FB,RB,,3,LA,0,0,0,0,0,0,0,0,0,0,0,0,,0,,,0,0,0,0,0,0,,0,0,3,0,0,0,0,-10,0,0,-2.46573007653933,0,0.0,0.0294117647058824,-0.0186567164179104,0.0310579455662862,0,0.0,0.0
2012,REG+POST,00-0026723,,Chris Pressley,FB,RB,,2,CIN,0,0,0,0,0,0,0,0,0,0,0,0,,0,,,0,0,0,0,0,0,,0,1,3,1,1,0,0,3,0,1,0.262240082665812,0,0.333333333333333,0.046875,0.0053667262969588,0.0740692084078712,0,6.1,7.1
2012,REG+POST,00-0026739,,Jordan Norwood,WR,WR,"https://static.www.nfl.com/image/private/f_auto,q_auto/league/kdrgruvmcbm12bfluhna",2,CLE,0,0,0,0,0,0,0,0,0,0,0,0,,0,,,1,1,0,0,0,0,-0.507794602541253,0,13,19,137,0,0,0,171,62,5,2.60523301508656,0,0.801169590643275,0.223529411764706,0.239831697054698,0.503176305585348,0,13.8,26.8
2012,REG+POST,00-0026745,,Curtis Brinkley,RB,RB,,6,LAC,0,0,0,0,0,0,0,0,0,0,0,0,,0,,,39,115,0,1,0,8,-7.94038573082071,0,12,15,77,0,0,0,-18,103,3,-0.542576389969327,0,-4.27777777777778,0.102739726027397,-0.0202020202020202,0.139968174899682,0,19.2,31.2
2012,REG+POST,00-0026753,,Charly Martin,WR,WR,,3,SEA,0,0,0,0,0,0,0,0,0,0,0,0,,0,,,0,0,0,0,0,0,,0,4,6,42,0,0,0,58,18,2,0.580587728036335,0,0.724137931034483,0.0666666666666667,0.0697954271961492,0.148856799037304,0,4.2,8.2
2012,REG+POST,00-0026780,,Kevin Ogletree,WR,WR,,14,DAL,0,0,0,0,0,0,0,0,0,0,0,0,,0,,,2,9,0,0,0,0,-0.0334478837903589,0,32,55,436,4,0,0,706,84,19,3.98520331933742,0,0.617563739376771,0.097864768683274,0.139718978824461,0.244600438202034,0,68.5,100.5
2012,REG+POST,00-0026796,,Arian Foster,RB,RB,,18,HOU,0,0,0,0,0,0,0,0,0,0,0,0,,0,,,405,1654,17,3,2,89,-17.0920263007329,0,55,75,314,3,0,0,-45,380,16,-9.26724680680887,0,-6.97777777777778,0.117924528301887,-0.0094776748104465,0.170252420085518,0,312.8,367.8
2012,REG+POST,00-0026852,D.Young,Darrel Young,FB,RB,"https://static.www.nfl.com/image/private/f_auto,q_auto/league/znfzmkdrjpzxrhv8j0r7",11,WAS,0,0,0,0,0,0,0,0,0,0,0,0,,0,,,15,63,0,0,0,7,6.88512910495047,0,8,10,109,2,0,0,31,77,6,9.29940617023385,0,3.51612903225806,0.0404858299595142,0.0175042348955392,0.0729817093661487,0,29.2,37.2
2012,REG+POST,00-0026855,,Antone Smith,RB,RB,"https://static.www.nfl.com/image/private/f_auto,q_auto/league/m45j6r43nwv5bsy0ooyo",1,ATL,0,0,0,0,0,0,0,0,0,0,0,0,,0,,,0,0,0,0,0,0,,0,0,1,0,0,0,0,-5,0,0,-0.725508330389857,0,0.0,0.0204081632653061,-0.0119331742243437,0.0222590229409186,0,0.0,0.0
2012,REG+POST,00-0026878,,Tom Crabtree,TE,TE,,10,GB,0,0,0,0,0,0,0,0,0,0,0,0,,0,,,0,0,0,0,0,0,,0,9,15,213,3,0,0,61,156,7,18.090366414981,0,3.49180327868852,0.0446428571428571,0.0213810024535577,0.0819309874317761,0,39.3,48.3
2012,REG+POST,00-0026898,M.Sanchez,Mark Sanchez,QB,QB,"https://static.www.nfl.com/image/private/f_auto,q_auto/league/e12qugcuc1cpgkf0crfn",15,NYJ,246,453,2883,13,18,34,209,9,6,4065,976,146,-63.8682887735039,0,0.709225092250923,-0.0077194902016245,22,28,0,5,2,3,-14.7513742475473,0,0,0,0,0,0,0,0,0,0,,0,,,,,0,118.12,118.12
2012,REG+POST,00-0026899,,Shonn Greene,RB,RB,,16,NYJ,0,0,0,0,0,0,0,0,0,0,0,0,,0,,,276,1063,8,3,1,52,-5.20096624543977,0,19,31,151,0,1,0,11,132,3,-5.90512619033689,0,13.7272727272727,0.0824468085106383,0.0032295948326482,0.125930929148811,0,167.4,186.4
2012,REG+POST,00-0026901,M.Wallace,Mike Wallace,WR,WR,"https://static.www.nfl.com/image/private/f_auto,q_auto/league/dy9z5wbsitf6l9psjq4y",15,PIT,0,0,0,0,0,0,0,0,0,0,0,0,,0,,,5,7,0,0,0,1,-2.74266047467245,0,64,119,836,8,2,1,1621,272,33,6.48995924618786,0,0.515731030228254,0.22037037037037,0.340188877229801,0.568687769616416,0,130.3,194.3
2012,REG+POST,00-0026902,,Ramses Barden,WR,WR,,6,NYG,0,0,0,0,0,0,0,0,0,0,0,0,,0,,,0,0,0,0,0,0,,0,14,21,220,0,0,0,231,48,11,7.80537886539241,0,0.952380952380952,0.0886075949367089,0.108348968105066,0.208755670078609,0,22.0,36.0
2012,REG+POST,00-0026929,A.Gardner,Andrew Gardner,OG,OL,"https://static.www.nfl.com/image/private/f_auto,q_auto/league/jxc1sogvif2f5h4venxc",1,HOU,0,0,0,0,0,0,0,0,0,0,0,0,,0,,,0,0,0,0,0,0,,0,0,1,0,0,0,0,1,0,0,-0.313958587008528,0,0.0,0.0277777777777778,0.0046296296296296,0.0449074074074074,0,0.0,0.0
2012,REG+POST,00-0026931,,Bear Pascoe,TE,TE,,8,NYG,0,0,0,0,0,0,0,0,0,0,0,0,,0,,,0,0,0,0,0,0,,0,4,9,35,1,0,0,31,18,2,0.737495397916064,0,1.12903225806452,0.0307167235494881,0.0118683001531394,0.0543828954314296,0,9.5,13.5
2012,REG+POST,00-0026932,C.Peerman,Cedric Peerman,RB,RB,"https://static.www.nfl.com/image/private/f_auto,q_auto/league/a2vztwdw7rtpl9q9hzds",10,CIN,0,0,0,0,0,0,0,0,0,0,0,0,,0,,,36,258,1,0,0,10,13.7120590578998,0,9,9,85,0,0,0,11,74,6,3.14592385897413,0,7.72727272727273,0.121621621621622,0.0181818181818182,0.195159705159705,0,40.3,49.3
2012,REG+POST,00-0026937,,Brandon Gibson,WR,WR,"https://static.www.nfl.com/image/private/f_auto,q_auto/league/surhprm3dsmqjollulmn",15,LA,0,0,0,0,0,0,0,0,0,0,0,0,,0,,,0,0,0,0,0,0,,0,51,82,691,5,0,0,1017,112,43,37.0283968481305,0,0.67944936086529,0.161735700197239,0.236017637502901,0.407815896547889,0,99.1,150.1
2012,REG+POST,00-0026941,,Bernard Scott,RB,RB,,2,CIN,0,0,0,0,0,0,0,0,0,0,0,0,,0,,,8,35,0,0,0,2,-0.242522669956088,0,0,0,0,0,0,0,0,0,0,,0,,,,,0,3.5,3.5
2012,REG+POST,00-0026953,,Sammie Stroughter,WR,WR,,1,TB,0,0,0,0,0,0,0,0,0,0,0,0,,0,,,0,0,0,0,0,0,,0,1,2,14,0,0,0,24,2,1,-1.43835633632261,0,0.583333333333333,0.0714285714285714,0.0615384615384615,0.15021978021978,0,1.4,2.4
2012,REG+POST,00-0026956,,LaRod Stephens-Howling,RB,RB,,14,ARI,0,0,0,0,0,0,0,0,0,0,0,0,,0,,,110,356,4,0,0,15,-25.9868580907759,0,17,30,106,0,0,0,-30,134,5,-19.9326459232597,0,-3.53333333333333,0.066815144766147,-0.008481764206955,0.094285482204352,0,70.2,87.2
2012,REG+POST,00-0026961,,Lance Louis,G,OL,"https://static.www.nfl.com/image/private/f_auto,q_auto/league/b6ny11uwdutxf9lutjga",1,CHI,0,0,0,0,0,0,0,0,0,0,0,0,,0,,,0,0,0,0,0,0,,0,1,1,4,0,0,0,-1,5,0,-0.366974911186844,0,0.0,0.0384615384615385,-0.0052910052910052,0.053988603988604,0,0.4,1.4
2012,REG+POST,00-0026983,D.Heyward-Bey,Darrius Heyward-Bey,WR,WR,"https://static.www.nfl.com/image/private/f_auto,q_auto/league/d5otkkbb0z2rdd2bjatd",15,LV,0,0,0,0,0,0,0,0,0,0,0,0,,0,,,2,16,0,0,0,1,1.57325218245387,0,41,80,606,5,0,0,1017,231,25,7.2797325454871,0,0.595870206489676,0.135593220338983,0.207254941919707,0.348468289852269,0,92.2,133.2
2012,REG+POST,00-0026986,M.Crabtree,Michael Crabtree,WR,WR,"https://static.www.nfl.com/image/private/f_auto,q_auto/league/kcavcmeyaion38ewxwyk",19,SF,0,0,0,0,0,0,0,0,0,0,0,0,,0,,,1,8,0,0,0,0,-0.414972457103431,0,105,154,1390,12,1,1,1207,675,70,78.6276165642828,0,1.15161557580779,0.301369863013699,0.255179704016913,0.630680587332387,0,209.8,314.8
2012,REG+POST,00-0026988,,Knowshon Moreno,RB,RB,,9,DEN,0,0,0,0,0,0,0,0,0,0,0,0,,0,,,148,557,4,1,1,34,-5.6037938784368,0,23,28,188,1,0,0,78,127,12,7.32682884886162,0,2.41025641025641,0.0952380952380952,0.0305762446099569,0.164260514084113,0,102.5,125.5
2012,REG+POST,00-0026993,,Josh Freeman,QB,QB,"https://static.www.nfl.com/image/private/f_auto,q_auto/league/cwcasm6m73fx1mjpjk3n",16,TB,306,558,4065,27,17,26,161,8,1,5579,1642,185,25.4850315314699,1,0.728625201649041,0.0459039847849346,39,139,0,2,1,16,-1.21557842779845,0,0,0,0,0,0,0,0,0,0,,0,,,,,0,248.5,248.5
2012,REG+POST,00-0026995,J.Maclin,Jeremy Maclin,WR,WR,"https://static.www.nfl.com/image/private/f_auto,q_auto/league/tvlsuugnbn0idb0tbtgw",15,PHI,0,0,0,0,0,0,0,0,0,0,0,0,,0,,,0,0,0,0,0,0,,0,69,122,857,7,1,1,1313,269,36,14.4781166244367,0,0.652703731911653,0.2174688057041,0.273712737127371,0.51780212454531,0,125.7,194.7
2012,REG+POST,00-0026996,,Brandon Pettigrew,TE,TE,,13,DET,0,0,0,0,0,0,0,0,0,0,0,0,,0,,,0,0,0,0,0,0,,0,59,102,567,3,4,2,643,235,33,-7.67944183859127,0,0.881804043545879,0.174657534246575,0.125170332879112,0.349605534385242,0,70.7,129.7
2012,REG+POST,00-0026998,,Percy Harvin,WR,WR,"https://static.www.nfl.com/image/private/f_auto,q_auto/league/ly7xvqfvoehf5jqrzzcq",9,MIN,0,0,0,0,0,0,0,0,0,0,0,0,,0,,,22,96,1,2,1,6,-1.98247303179232,0,62,85,677,3,0,0,367,537,36,33.2390959348059,0,1.84468664850136,0.301418439716312,0.207461842849067,0.597350949568815,1,105.3,167.3
2012,REG+POST,00-0027003,,Donald Brown,RB,RB,,10,IND,0,0,0,0,0,0,0,0,0,0,0,0,,0,,,108,417,1,0,0,20,-11.3957726209284,1,9,13,93,0,0,0,-11,99,2,-0.646328481554519,0,-8.45454545454546,0.032994923857868,-0.0029208709506107,0.0474477761213745,0,59.0,68.0
2012,REG+POST,00-0027005,,Hakeem Nicks,WR,WR,"https://static.www.nfl.com/image/private/f_auto,q_auto/league/nbgeeeuhd0n4zrctfxce",12,NYG,0,0,0,0,0,0,0,0,0,0,0,0,,0,,,0,0,0,0,0,0,,0,53,100,692,3,0,0,1202,195,35,4.60273721084361,0,0.575707154742097,0.251256281407035,0.315237345921846,0.597550564255845,0,87.2,140.2
2012,REG+POST,00-0027006,K.Britt,Kenny Britt,WR,WR,"https://static.www.nfl.com/image/private/f_auto,q_auto/league/joozpvuyykyxjogcg3r5",14,TEN,0,0,0,0,0,0,0,0,0,0,0,0,,0,,,0,0,0,0,0,0,,0,45,90,589,4,2,1,1133,131,24,1.29483984103194,1,0.519858781994704,0.192307692307692,0.263795110593714,0.473118115877138,0,82.9,127.9
2012,REG+POST,00-0027007,,Beanie Wells,RB,RB,,8,ARI,0,0,0,0,0,0,0,0,0,0,0,0,,0,,,88,234,5,1,1,11,-27.6396239136811,0,1,1,24,0,0,0,5,19,1,1.64961260836571,0,4.8,0.0384615384615385,0.0326797385620915,0.0805681246857717,0,53.8,54.8
2012,REG+POST,00-0027012,,Brian Robiskie,WR,WR,,3,DET,0,0,0,0,0,0,0,0,0,0,0,0,,0,,,0,0,0,0,0,0,,0,4,6,44,1,0,0,61,8,3,2.60869754111627,0,0.721311475409836,0.0422535211267606,0.0554041780199818,0.102163206304128,0,10.4,14.4
2012,REG+POST,00-0027026,,Mohamed Massaquoi,WR,WR,,9,CLE,0,0,0,0,0,0,0,0,0,0,0,0,,0,,,0,0,0,0,0,0,,0,17,33,254,0,0,0,400,103,11,2.12383735439719,0,0.635,0.105769230769231,0.188768286927796,0.290791647003303,0,25.4,42.4
2012,REG+POST,00-0027029,L.McCoy,LeSean McCoy,RB,RB,"https://static.www.nfl.com/image/private/f_auto,q_auto/league/cpc1a2dgivdyevuncz7p",12,PHI,0,0,0,0,0,0,0,0,0,0,0,0,,0,,,200,840,2,4,3,45,-16.2663526103351,0,54,67,373,3,0,0,-100,478,19,10.4812009148591,0,-3.73,0.144086021505376,-0.0251572327044025,0.198518969364983,0,145.3,199.3
2012,REG+POST,00-0027036,W.Beatty,Will Beatty,T,OL,"https://static.www.nfl.com/image/private/f_auto,q_auto/league/nfdsdnlhffir7knww7vo",1,NYG,0,0,0,0,0,0,0,0,0,0,0,0,,0,,,0,0,0,0,0,0,,0,0,1,0,0,0,0,2,0,0,-0.393800190475304,0,0.0,0.0196078431372549,0.0038167938931297,0.0320835204310732,0,0.0,0.0
2012,REG+POST,00-0027057,B.Tate,Brandon Tate,WR,WR,"https://static.www.nfl.com/image/private/f_auto,q_auto/league/uzpf58ijo44jfqakwv83",12,CIN,0,0,0,0,0,0,0,0,0,0,0,0,,0,,,1,0,0,0,0,0,-0.949114679242484,0,13,25,211,1,0,0,309,64,6,-7.90135353969148,0,0.682847896440129,0.0666666666666667,0.103171953255426,0.172220367278798,0,27.1,40.1
2012,REG+POST,00-0027059,,Patrick Turner,WR,WR,,1,NYJ,0,0,0,0,0,0,0,0,0,0,0,0,,0,,,0,0,0,0,0,0,,0,0,5,0,0,0,0,28,0,0,-1.22608330316143,0,0.0,0.166666666666667,0.133971291866029,0.34377990430622,0,0.0,0.0
2012,REG+POST,00-0027061,J.Cook,Jared Cook,TE,TE,"https://static.www.nfl.com/image/private/f_auto,q_auto/league/cthoenebptadlu4g928v",13,TEN,0,0,0,0,0,0,0,0,0,0,0,0,,0,,,0,0,0,0,0,0,,0,44,72,523,4,1,1,587,162,24,1.81685069868326,0,0.890971039182283,0.153191489361702,0.147784491440081,0.33323637805061,0,74.3,118.3
2012,REG+POST,00-0027067,,Rashad Johnson,FS,DB,"https://static.www.nfl.com/image/private/f_auto,q_auto/league/uhqzxihe7l5k8vsrjwsw",2,ARI,0,0,0,0,0,0,0,0,0,0,0,0,,0,,,2,64,0,0,0,2,5.51705541991396,0,0,0,0,0,0,0,0,0,0,,0,,,,,0,6.4,6.4
2012,REG+POST,00-0027069,,Chase Coffman,TE,TE,,2,ATL,0,0,0,0,0,0,0,0,0,0,0,0,,0,,,0,0,0,0,0,0,,0,2,2,28,0,0,0,27,1,2,2.14091662614374,0,1.03703703703704,0.0238095238095238,0.0315789473684211,0.0578195488721805,0,2.8,4.8
2012,REG+POST,00-0027070,,Travis Beckum,TE,TE,,1,NYG,0,0,0,0,0,0,0,0,0,0,0,0,,0,,,0,0,0,0,0,0,,0,0,1,0,0,0,0,3,0,0,-0.472977787489072,0,0.0,0.0217391304347826,0.0093167701863354,0.0391304347826087,0,0.0,0.0
2012,REG+POST,00-0027076,,Mike Thomas,WR,WR,,14,DET,0,0,0,0,0,0,0,0,0,0,0,0,,0,,,7,57,0,0,0,3,2.1149329066975,0,18,40,108,1,0,0,256,27,6,-11.5888373671733,0,0.421875,0.0930232558139535,0.074245939675174,0.191507041493552,0,22.5,40.5
2012,REG+POST,00-0027077,,Brian Hartline,WR,WR,"https://static.www.nfl.com/image/private/f_auto,q_auto/league/vuqaw5utqkgyqtp7hwbu",15,MIA,0,0,0,0,0,0,0,0,0,0,0,0,,0,,,0,0,0,0,0,0,,0,74,131,1083,1,1,1,1661,240,48,34.8765149542535,0,0.652016857314871,0.278131634819533,0.393695188433278,0.692784084132594,0,112.3,186.3
2012,REG+POST,00-0027080,,Mike Goodson,RB,RB,,11,LV,0,0,0,0,0,0,0,0,0,0,0,0,,0,,,35,221,0,0,0,6,-0.287885936675593,0,16,16,195,1,0,0,-21,216,9,14.1863337229006,0,-9.28571428571429,0.0555555555555556,-0.0087939698492462,0.077177554438861,0,47.6,63.6
2012,REG+POST,00-0027089,L.Murphy,Louis Murphy,WR,WR,"https://static.www.nfl.com/image/private/f_auto,q_auto/league/rivj8wgktddc22qdtpsn",15,CAR,0,0,0,0,0,0,0,0,0,0,0,0,,0,,,1,3,0,0,0,0,-0.572189967613667,0,25,61,336,1,1,0,882,61,16,-4.17122891108184,0,0.380952380952381,0.130901287553648,0.200956937799043,0.337021787789802,0,39.9,64.9
2012,REG+POST,00-0027092,,Austin Collie,WR,WR,,1,IND,0,0,0,0,0,0,0,0,0,0,0,0,,0,,,0,0,0,0,0,0,,0,1,1,6,0,0,0,4,2,0,-0.0249387780204415,0,1.5,0.0227272727272727,0.007380073800738,0.0392569607514257,0,0.6,1.6
2012,REG+POST,00-0027094,,Andre Brown,RB,RB,,8,NYG,0,0,0,0,0,0,0,0,0,0,0,0,,0,,,73,385,8,0,0,25,17.9172065120656,1,12,17,86,0,0,0,17,73,2,2.73229810863791,0,5.05882352941176,0.069672131147541,0.0078703703703703,0.110017455980571,0,97.1,109.1
2012,REG+POST,00-0027103,K.Huber,Kevin Huber,P,SPEC,"https://static.www.nfl.com/image/private/f_auto,q_auto/league/yrd8jgpvefr8jvu7oejg",1,CIN,0,0,0,0,0,0,0,0,0,0,0,0,,0,,,1,-1,0,0,0,0,-2.70218029816169,0,0,0,0,0,0,0,0,0,0,,0,,,,,0,-0.1,-0.1
2012,REG+POST,00-0027106,,Quinn Johnson,FB,RB,,9,TEN,0,0,0,0,0,0,0,0,0,0,0,0,,0,,,4,5,0,0,0,2,-0.170504135196097,0,5,8,40,0,0,0,6,32,2,-0.887159305275418,0,6.66666666666667,0.0300751879699248,0.0033482142857142,0.0474565319548872,0,4.5,9.5
2012,REG+POST,00-0027109,,James Casey,FB,TE,"https://static.www.nfl.com/image/private/f_auto,q_auto/league/atra5outunyi3dikmjez",18,HOU,0,0,0,0,0,0,0,0,0,0,0,0,,0,,,1,6,0,0,0,1,0.721204086439684,0,38,53,379,3,0,0,186,243,21,6.07043195985007,0,2.03763440860215,0.0833333333333333,0.0377971956919325,0.151458036984353,0,56.5,94.5
2012,REG+POST,00-0027115,,Chris Clemons,DB,DB,"https://static.www.nfl.com/image/private/f_auto,q_auto/league/iiodgd9qgyn4qhoythj9",1,MIA,0,0,0,0,0,0,0,0,0,0,0,0,,0,,,1,3,0,0,0,1,1.62581353954738,0,0,0,0,0,0,0,0,0,0,,0,,,,,0,0.3,0.3
2012,REG+POST,00-0027120,,Javon Ringer,RB,RB,,2,TEN,0,0,0,0,0,0,0,0,0,0,0,0,,0,,,2,14,0,0,0,0,-0.115325405902695,0,3,5,12,0,0,0,-10,18,0,-1.17928980878787,0,-1.2,0.104166666666667,-0.0340136054421769,0.132440476190476,0,2.6,5.6
2012,REG+POST,00-0027135,,Brandon Myers,TE,TE,"https://static.www.nfl.com/image/private/f_auto,q_auto/league/tzyfv93n3bgtbmywjczu",16,LV,0,0,0,0,0,0,0,0,0,0,0,0,,0,,,0,0,0,0,0,0,,0,79,105,806,4,0,0,719,286,41,24.85026494787,0,1.12100139082058,0.168269230769231,0.136432637571158,0.347906692453656,0,104.6,183.6
2012,REG+POST,00-0027139,J.Phillips,John Phillips,TE,TE,"https://static.www.nfl.com/image/private/f_auto,q_auto/league/i1t7zl2f5t0wwj72yxj7",6,DAL,0,0,0,0,0,0,0,0,0,0,0,0,,0,,,0,0,0,0,0,0,,0,8,10,55,1,0,0,66,6,3,3.22619531006785,0,0.833333333333333,0.0431034482758621,0.0289219982471516,0.0849005711867993,0,11.5,19.5
2012,REG+POST,00-0027140,,Chris Ogbonnaya,RB,RB,,11,CLE,0,0,0,0,0,0,0,0,0,0,0,0,,0,,,8,30,0,0,0,1,-0.962516107189003,0,24,32,187,0,1,1,9,209,10,-5.79191616672324,0,20.7777777777778,0.0876712328767123,0.0031768443346276,0.133730640349308,0,19.7,43.7
2012,REG+POST,00-0027150,J.Edelman,Julian Edelman,WR,WR,"https://static.www.nfl.com/image/private/f_auto,q_auto/league/u0hbuo2bsvtlg7lnxm43",8,NE,0,0,0,0,0,0,0,0,0,0,0,0,,0,,,4,45,0,1,1,2,-2.6077915506321,0,21,32,235,3,0,0,229,141,12,19.4842320948991,0,1.02620087336245,0.107744107744108,0.0872380952380953,0.222682828282828,2,56.0,77.0
2012,REG+POST,00-0027154,,Jake O'Connell,TE,TE,,1,KC,0,0,0,0,0,0,0,0,0,0,0,0,,0,,,0,0,0,0,0,0,,0,3,3,18,0,0,0,10,8,1,0.267726202262566,0,1.8,0.0882352941176471,0.0425531914893617,0.162140175219024,0,1.8,4.8
2012,REG+POST,00-0027155,,Rashad Jennings,RB,RB,"https://static.www.nfl.com/image/private/f_auto,q_auto/league/r48elxgcxhdkfkazlqab",10,JAX,0,0,0,0,0,0,0,0,0,0,0,0,,0,,,101,283,2,3,1,16,-22.5403410305495,0,19,26,130,0,0,0,12,155,5,-12.3657672368005,1,10.8333333333333,0.0875420875420875,0.0049607275733774,0.134785640614496,0,53.3,72.3
2012,REG+POST,00-0027156,,Tiquan Underwood,WR,WR,,14,TB,0,0,0,0,0,0,0,0,0,0,0,0,,0,,,1,1,0,0,0,0,-0.441339366370812,0,28,55,425,2,0,0,694,102,20,4.2523286086276,0,0.612391930835735,0.108481262327416,0.135732446704479,0.257734606184259,0,54.6,82.6
2012,REG+POST,00-0027188,,Chad Hall,WR,WR,,1,SF,0,0,0,0,0,0,0,0,0,0,0,0,,0,,,0,0,0,0,0,0,,0,0,1,0,0,0,0,5,0,0,-1.09135340444018,0,0.0,0.0476190476190476,0.0242718446601942,0.0884188626907073,0,0.0,0.0
2012,REG+POST,00-0027202,,Michael Palmer,TE,TE,,6,ATL,0,0,0,0,0,0,0,0,0,0,0,0,,0,,,0,0,0,0,0,0,,0,6,6,22,1,0,0,5,17,2,0.609884396777488,0,4.4,0.0254237288135593,0.0025987525987526,0.0399547200394658,0,8.2,14.2
2012,REG+POST,00-0027214,,Keiland Williams,RB,RB,,3,DET,0,0,0,0,0,0,0,0,0,0,0,0,,0,,,2,3,0,0,0,0,-1.61630042327213,0,2,2,9,0,0,0,6,3,0,-0.464686679188162,0,1.5,0.0206185567010309,0.0071513706793802,0.0359337945271125,0,1.2,3.2
2012,REG+POST,00-0027215,L.Paulsen,Logan Paulsen,TE,TE,"https://static.www.nfl.com/image/private/f_auto,q_auto/league/rckjvflmpzh9tiescxcd",13,WAS,0,0,0,0,0,0,0,0,0,0,0,0,,0,,,0,0,0,0,0,0,,0,27,41,323,2,0,0,327,121,19,13.9053533268452,0,0.987767584097859,0.115168539325843,0.100894785560012,0.243379158880773,0,44.3,71.3
2012,REG+POST,00-0027218,,Joique Bell,RB,RB,"https://static.www.nfl.com/image/private/f_auto,q_auto/league/mpibe74w5hnraxk823vf",16,DET,0,0,0,0,0,0,0,0,0,0,0,0,,0,,,82,414,3,1,1,16,-1.19047293289335,0,52,69,485,0,0,0,117,429,28,13.2226006944737,0,4.14529914529915,0.101024890190337,0.0195195195195195,0.165200998949169,0,105.9,157.9
2012,REG+POST,00-0027253,T.Lewis,Thad Lewis,QB,QB,"https://static.www.nfl.com/image/private/f_auto,q_auto/league/rvq63xyplycjcoqgkqag",1,CLE,22,32,204,1,1,3,14,0,0,276,61,12,-0.278732113530318,0,0.739130434782609,0.102163280897174,1,3,0,0,0,0,-0.200355245964602,0,0,0,0,0,0,0,0,0,0,,0,,,,,0,10.46,10.46
2012,REG+POST,00-0027257,,Keith Toston,RB,RB,,1,JAX,0,0,0,0,0,0,0,0,0,0,0,0,,0,,,17,74,0,0,0,2,-1.6244853863609,0,3,4,41,0,0,0,-1,44,2,2.32102265761932,0,-41.0,0.0975609756097561,-0.0025,0.144591463414634,0,11.5,14.5
2012,REG+POST,00-0027265,V.Cruz,Victor Cruz,WR,WR,"https://static.www.nfl.com/image/private/f_auto,q_auto/league/q15bky6cm2stbiy0zafu",16,NYG,0,0,0,0,0,0,0,0,0,0,0,0,,0,,,0,0,0,0,0,0,,0,86,143,1092,10,0,0,1546,328,52,34.0831244298927,0,0.70633893919793,0.267289719626168,0.304151091874877,0.613840343751666,0,169.2,255.2
2012,REG+POST,00-0027321,J.Cumberland,Jeff Cumberland,TE,TE,"https://static.www.nfl.com/image/private/f_auto,q_auto/league/c87plzwz1aj8haowwxcq",14,NYJ,0,0,0,0,0,0,0,0,0,0,0,0,,0,,,0,0,0,0,0,0,,0,29,53,359,3,0,0,538,112,18,-6.71856741084545,0,0.66728624535316,0.12958435207824,0.141653501843075,0.293533979407512,0,53.9,82.9
2012,REG+POST,00-0027322,,David Nelson,WR,WR,,1,BUF,0,0,0,0,0,0,0,0,0,0,0,0,,0,,,0,0,0,0,0,0,,0,2,5,31,0,0,0,40,10,2,-8.76074762677308,0,0.775,0.15625,0.130718954248366,0.325878267973856,0,3.1,5.1
2012,REG+POST,00-0027325,L.Blount,LeGarrette Blount,RB,RB,"https://static.www.nfl.com/image/private/f_auto,q_auto/league/s3eilto1yi0yhoamvvo3",10,TB,0,0,0,0,0,0,0,0,0,0,0,0,,0,,,41,151,2,0,0,7,-3.34049518447137,0,1,2,2,0,0,0,-2,7,0,-0.830591734033078,0,-1.0,0.0307692307692308,-0.0037174721189591,0.0435516156705748,0,27.3,28.3
2012,REG+POST,00-0027346,,Alfonso Smith,RB,RB,,2,ARI,0,0,0,0,0,0,0,0,0,0,0,0,,0,,,0,0,0,0,0,0,,0,2,3,21,0,0,0,8,20,0,0.606861305976054,0,2.625,0.0303030303030303,0.0101137800252845,0.0525341914722446,0,2.1,4.1
2012,REG+POST,00-0027356,,Marlon Moore,WR,WR,,8,MIA,0,0,0,0,0,0,0,0,0,0,0,0,,0,,,1,9,0,0,0,0,0.573986538918689,0,6,11,116,1,0,0,156,23,5,4.84568037305604,0,0.743589743589744,0.0533980582524272,0.0904872389791183,0.143438154664024,0,18.5,24.5
2012,REG+POST,00-0027419,,Chris Gronkowski,RB,RB,,1,DEN,0,0,0,0,0,0,0,0,0,0,0,0,,0,,,0,0,0,0,0,0,,0,1,1,11,0,0,0,1,10,1,0.663283032597974,0,11.0,0.0196078431372549,0.002127659574468,0.03090112640801,0,1.1,2.1
2012,REG+POST,00-0027450,,Preston Parker,WR,WR,"https://static.www.nfl.com/image/private/f_auto,q_auto/league/uposmry1docri5fwr22y",2,TB,0,0,0,0,0,0,0,0,0,0,0,0,,0,,,1,7,0,0,0,1,0.358932309783995,0,0,2,0,0,0,0,7,0,0,-1.81387466040111,0,0.0,0.0384615384615385,0.0137524557956778,0.0673190267492822,0,0.7,0.7
2012,REG+POST,00-0027518,,Donald Jones,WR,WR,,12,BUF,0,0,0,0,0,0,0,0,0,0,0,0,,0,,,0,0,0,0,0,0,,0,41,67,443,4,1,0,627,179,25,4.12055375395659,0,0.706539074960128,0.172236503856041,0.223211107155571,0.414602530792962,0,68.3,109.3
2012,REG+POST,00-0027531,C.Ivory,Chris Ivory,RB,RB,"https://static.www.nfl.com/image/private/f_auto,q_auto/league/wuhrkffigvt55hcqd4yw",6,NO,0,0,0,0,0,0,0,0,0,0,0,0,,0,,,40,217,2,0,0,7,1.46661752706859,0,2,3,15,0,0,0,-13,28,1,-5.00476614350919,0,-1.15384615384615,0.0280373831775701,-0.0613207547169811,-0.0008684535355316,0,35.2,37.2
2012,REG+POST,00-0027547,M.Sherels,Marcus Sherels,CB,DB,"https://static.www.nfl.com/image/private/f_auto,q_auto/league/qgwd89z8jxh5o9ln6cmp",1,MIN,0,0,0,0,0,0,0,0,0,0,0,0,,0,,,0,0,0,0,0,0,,0,0,0,0,0,0,0,0,0,0,,0,,,,,1,6.0,6.0
2012,REG+POST,00-0027567,,Steve Maneri,,,,5,KC,0,0,0,0,0,0,0,0,0,0,0,0,,0,,,0,0,0,0,0,0,,0,5,12,51,0,0,0,73,30,3,-3.49567753239535,0,0.698630136986301,0.0736196319018405,0.0567210567210567,0.1501341875575,0,5.1,10.1
2012,REG+POST,00-0027573,M.Unrein,Mitch Unrein,DT,DL,"https://static.www.nfl.com/image/private/f_auto,q_auto/league/ca7jpvbeqxt9gyfzbh5a",1,DEN,0,0,0,0,0,0,0,0,0,0,0,0,,0,,,0,0,0,0,0,0,,0,1,1,1,1,0,0,1,0,1,0.630729119700845,0,1.0,0.0263157894736842,0.0037735849056603,0.0421151936444886,0,6.1,7.1
2012,REG+POST,00-0027581,,Seyi Ajirotutu,WR,WR,"https://static.www.nfl.com/image/private/f_auto,q_auto/league/tmbglbojtv1psbkhejsg",2,LAC,0,0,0,0,0,0,0,0,0,0,0,0,,0,,,0,0,0,0,0,0,,0,3,4,45,0,0,0,45,0,2,1.37468519993126,0,1.0,0.08,0.16304347826087,0.234130434782609,0,4.5,7.5
2012,REG+POST,00-0027583,,Richie Brockel,TE,TE,"https://static.www.nfl.com/image/private/f_auto,q_auto/league/fcqa6vamgjb4adwfpbac",1,CAR,0,0,0,0,0,0,0,0,0,0,0,0,,0,,,0,0,0,0,0,0,,0,0,1,0,0,0,0,1,0,0,-0.876826544408687,0,0.0,0.0294117647058824,0.0023364485981308,0.0457531610775151,0,0.0,0.0
2012,REG+POST,00-0027585,,Richard Goodman,WR,WR,,1,LAC,0,0,0,0,0,0,0,0,0,0,0,0,,0,,,0,0,0,0,0,0,,0,0,2,0,0,0,0,48,0,0,-0.916891790227965,0,0.0,0.0487804878048781,0.130081300813008,0.164227642276423,0,0.0,0.0
2012,REG+POST,00-0027602,,Graham Harrell,QB,QB,,3,GB,2,4,20,0,0,0,0,0,0,28,10,1,-0.655648826912511,0,0.714285714285714,,4,-3,0,1,1,0,-8.13941351562971,0,0,0,0,0,0,0,0,0,0,,0,,,,,0,-1.5,-1.5
2012,REG+POST,00-0027603,,Corey Wootton,DE,DL,"https://static.www.nfl.com/image/private/f_auto,q_auto/league/wyqa1pcccdbgno0rduew",1,CHI,0,0,0,0,0,0,0,0,0,0,0,0,,0,,,0,0,0,0,0,0,,0,0,0,0,0,0,0,0,0,0,,0,,,,,1,6.0,6.0
2012,REG+POST,00-0027606,,Trindon Holliday,WR,WR,,3,DEN,0,0,0,0,0,0,0,0,0,0,0,0,,0,,,0,0,0,0,0,0,,0,2,2,17,0,0,0,1,16,1,0.713184125721455,0,17.0,0.0526315789473684,0.0034965034965035,0.0813949208686051,4,25.7,27.7
2012,REG+POST,00-0027608,,Kyle Williams,WR,WR,"https://static.www.nfl.com/image/private/f_auto,q_auto/league/uc0hi9tbued5ff0osfmq",11,SF,0,0,0,0,0,0,0,0,0,0,0,0,,0,,,4,21,0,0,0,0,0.762127892812714,0,14,22,212,1,1,0,258,73,10,7.29039982752764,0,0.821705426356589,0.0916666666666667,0.13915857605178,0.234911003236246,0,29.3,43.3
2012,REG+POST,00-0027618,,Brandon Banks,DL,DL,,6,WAS,0,0,0,0,0,0,0,0,0,0,0,0,,0,,,7,36,0,0,0,2,-0.83774075715175,0,8,8,15,0,1,0,-19,34,2,-1.02732028672472,0,0.0,0.05,-0.0138686131386861,0.0652919708029197,0,5.1,13.1
2012,REG+POST,00-0027647,D.McCourty,Devin McCourty,FS,DB,"https://static.www.nfl.com/image/private/f_auto,q_auto/league/ykgtrwxckxvxdvadgqjf",1,NE,0,0,0,0,0,0,0,0,0,0,0,0,,0,,,0,0,0,0,0,0,,0,0,0,0,0,0,0,0,0,0,,0,,,,,1,6.0,6.0
2012,REG+POST,00-0027651,,Dexter McCluster,WR,WR,"https://static.www.nfl.com/image/private/f_auto,q_auto/league/vawlifwslfzekg0e35ig",15,KC,0,0,0,0,0,0,0,0,0,0,0,0,,0,,,12,70,0,0,0,4,0.534181525639724,0,52,76,452,1,1,1,403,205,24,-26.9391742090078,0,1.12158808933002,0.168888888888889,0.107038512616202,0.328260292164675,0,56.2,108.2
2012,REG+POST,00-0027654,A.Benn,Arrelious Benn,WR,WR,"https://static.www.nfl.com/image/private/f_auto,q_auto/league/mrdtswjobu20gukdl2cp",4,TB,0,0,0,0,0,0,0,0,0,0,0,0,,0,,,3,16,0,0,0,1,0.481964371865615,0,4,6,26,0,0,0,20,23,0,-0.72379257902503,0,1.3,0.0588235294117647,0.025706940874036,0.106230152729472,0,4.2,8.2
2012,REG+POST,00-0027656,R.Gronkowski,Rob Gronkowski,TE,TE,"https://static.www.nfl.com/image/private/f_auto,q_auto/league/svpo7chliiymc0r7hegp",12,NE,0,0,0,0,0,0,0,0,0,0,0,0,,0,,,0,0,0,0,0,0,,0,55,81,790,11,1,1,828,300,45,56.2084230678184,0,0.954106280193237,0.173076923076923,0.209249431387415,0.406089986586575,0,143.0,198.0
2012,REG+POST,00-0027658,Z.Beadles,Zane Beadles,G,OL,"https://static.www.nfl.com/image/private/f_auto,q_auto/league/rppve04bslxftp1vkgzk",1,DEN,0,0,0,0,0,0,0,0,0,0,0,0,,0,,,0,0,0,0,0,0,,0,0,1,0,0,0,0,21,0,0,-2.64267413865309,0,0.0,0.0263157894736842,0.103448275862069,0.111887477313975,0,0.0,0.0
2012,REG+POST,00-0027666,,Montario Hardesty,RB,RB,,10,CLE,0,0,0,0,0,0,0,0,0,0,0,0,,0,,,65,271,1,2,0,12,-2.37171079989639,0,2,5,16,0,0,0,5,18,1,-0.069994816207327,0,3.2,0.0306748466257669,0.0043516100957354,0.0490583970056651,0,34.7,36.7
2012,REG+POST,00-0027675,E.Dickson,Ed Dickson,TE,TE,"https://static.www.nfl.com/image/private/f_auto,q_auto/league/qtxat8xwaclkqfkj5lrq",15,BAL,0,0,0,0,0,0,0,0,0,0,0,0,,0,,,0,0,0,0,0,0,,0,27,41,315,0,0,0,317,127,15,2.50256658459675,0,0.993690851735016,0.0836734693877551,0.0636674030929906,0.170077386246726,0,31.5,58.5
2012,REG+POST,00-0027681,B.LaFell,Brandon LaFell,WR,WR,"https://static.www.nfl.com/image/private/f_auto,q_auto/league/x4wifb5arw0neuwg1cch",13,CAR,0,0,0,0,0,0,0,0,0,0,0,0,,0,,,3,35,0,0,0,1,1.71076677989913,0,44,76,677,4,1,0,765,312,31,13.3146399394152,0,0.884967320261438,0.192405063291139,0.206032857527606,0.432830595206033,0,95.2,139.2
2012,REG+POST,00-0027685,E.Sanders,Emmanuel Sanders,WR,WR,"https://static.www.nfl.com/image/private/f_auto,q_auto/league/potkibjtm855tsawozs0",16,PIT,0,0,0,0,0,1,7,0,0,0,0,0,-1.36036210646853,0,,,1,4,0,0,0,0,-0.170444413553923,0,44,74,626,1,2,2,850,211,31,19.7615400872775,0,0.736470588235294,0.131438721136767,0.171995143666532,0.317554682271723,0,65.0,109.0
2012,REG+POST,00-0027687,,Jordan Shipley,WR,WR,,6,JAX,0,0,0,0,0,0,0,0,0,0,0,0,,0,,,0,0,0,0,0,0,,0,23,39,244,1,0,0,373,42,10,-1.31090604519704,0,0.654155495978552,0.166666666666667,0.170009115770283,0.369006381039198,0,30.4,53.4
2012,REG+POST,00-0027688,C.McCoy,Colt McCoy,QB,QB,"https://static.www.nfl.com/image/private/f_auto,q_auto/league/mvcoi7f6thyudufnh0dx",2,CLE,9,17,79,1,0,4,25,0,0,137,24,5,-6.62859962839866,0,0.576642335766423,-0.0424906353942642,4,15,0,0,0,2,0.114117666846141,0,0,0,0,0,0,0,0,0,0,,0,,,,,0,8.66,8.66
2012,REG+POST,00-0027690,E.Decker,Eric Decker,WR,WR,"https://static.www.nfl.com/image/private/f_auto,q_auto/league/jg5ftnvxz4jdiajzeoyn",17,DEN,0,0,0,0,0,0,0,0,0,0,0,0,,0,,,0,0,0,0,0,0,,0,91,132,1148,13,0,0,1486,296,58,66.3564015761646,0,0.772543741588156,0.210526315789474,0.286983391270761,0.516677847573743,0,192.8,283.8
2012,REG+POST,00-0027691,A.Roberts,Andre Roberts,WR,WR,"https://static.www.nfl.com/image/private/f_auto,q_auto/league/hjoyjewh7knoafxt4k93",15,ARI,0,0,0,0,0,0,0,0,0,0,0,0,,0,,,4,29,0,0,0,2,0.87970901269,0,64,114,759,5,1,0,1091,221,40,9.29203277468253,0,0.695692025664528,0.198606271777004,0.248973071656778,0.47219055782525,0,108.8,172.8
2012,REG+POST,00-0027692,,Armanti Edwards,WR,WR,,6,CAR,0,1,0,0,0,0,0,0,0,24,0,0,-0.544562003342435,0,0.0,,0,0,0,0,0,0,,0,5,9,121,0,0,0,147,72,3,3.25833437768021,0,0.82312925170068,0.0517241379310345,0.0849220103986135,0.137031614175581,0,12.1,17.1
2012,REG+POST,00-0027695,,Tony Moeaki,TE,TE,,14,KC,0,0,0,0,0,0,0,0,0,0,0,0,,0,,,0,0,0,0,0,0,,0,33,56,453,1,0,0,564,125,24,-0.360866341675976,0,0.803191489361702,0.134615384615385,0.16366802089379,0.31649069154873,0,51.3,84.3
2012,REG+POST,00-0027696,J.Graham,Jimmy Graham,TE,TE,"https://static.www.nfl.com/image/private/f_auto,q_auto/league/h7xs06oj6g03mippwtse",15,NO,0,0,0,0,0,0,0,0,0,0,0,0,,0,,,0,0,0,0,0,0,,0,85,135,982,9,1,0,1155,306,59,19.8353486054382,0,0.85021645021645,0.217741935483871,0.227810650887574,0.486080358847108,0,152.2,237.2
2012,REG+POST,00-0027699,,Mike Johnson,G,OL,,1,ATL,0,0,0,0,0,0,0,0,0,0,0,0,,0,,,0,0,0,0,0,0,,0,1,1,1,1,0,0,1,0,1,0.918312289053574,0,1.0,0.0196078431372549,0.0021929824561403,0.0309468524251806,0,6.1,7.1
2012,REG+POST,00-0027700,,Mardy Gilyard,WR,WR,,3,NYJ,0,0,0,0,0,0,0,0,0,0,0,0,,0,,,0,0,0,0,0,0,,0,2,6,15,0,0,0,42,11,0,-2.3122764674481,0,0.357142857142857,0.0705882352941176,0.0997624703087886,0.175716082157328,0,1.5,3.5
2012,REG+POST,00-0027702,,Mike Williams,WR,WR,,16,TB,1,1,28,0,0,0,0,0,0,28,0,1,2.2761370059452,0,1.0,,0,0,0,0,0,0,,0,63,126,996,9,0,0,1634,324,44,25.3786455020532,0,0.609547123623011,0.225402504472272,0.290643898968339,0.541554485986245,0,154.72,217.72
2012,REG+POST,00-0027712,,Joe McKnight,RB,RB,,12,NYJ,0,0,0,0,0,0,0,0,0,0,0,0,,0,,,30,179,0,1,0,7,0.642753820458893,0,1,2,18,0,0,0,5,9,1,1.41679561883211,0,3.6,0.0952380952380952,0.0301204819277108,0.16394148020654,1,25.7,26.7
2012,REG+POST,00-0027713,,Aaron Hernandez,TE,TE,,12,NE,0,0,0,0,0,0,0,0,0,0,0,0,,0,,,2,11,0,0,0,1,1.2477809562115,0,66,106,651,5,0,0,754,330,38,21.0813168932142,0,0.863395225464191,0.209072978303748,0.164234371596602,0.428573527573243,0,96.2,162.2
2012,REG+POST,00-0027714,,Dennis Pitta,TE,TE,"https://static.www.nfl.com/image/private/f_auto,q_auto/league/liu0pixlkbyftxesaq06",20,BAL,0,0,0,0,0,0,0,0,0,0,0,0,,0,,,0,0,0,0,0,0,,0,75,113,832,10,0,0,981,319,39,26.4544714096845,0,0.848114169215087,0.165932452276065,0.139982876712329,0.346886692112727,0,143.2,218.2
2012,REG+POST,00-0027717,J.Hawley,Joe Hawley,C,OL,"https://static.www.nfl.com/image/private/f_auto,q_auto/league/deoboccbllw3uer38kdn",1,ATL,0,0,0,0,0,0,0,0,0,0,0,0,,0,,,0,0,0,0,0,0,,0,0,2,0,0,0,0,9,0,0,-1.03525277739391,0,0.0,0.0384615384615385,0.0181086519114688,0.0703683640303359,0,0.0,0.0
2012,REG+POST,00-0027718,,Garrett Graham,TE,TE,,16,HOU,0,0,0,0,0,0,0,0,0,0,0,0,,0,,,0,0,0,0,0,0,,0,33,45,305,3,0,0,259,133,18,13.6991332756378,0,1.17760617760618,0.0790861159929701,0.0584122688317546,0.159517762171683,0,48.5,81.5
2012,REG+POST,00-0027725,C.Harbor,Clay Harbor,TE,TE,"https://static.www.nfl.com/image/private/f_auto,q_auto/league/spuxscdmedvqosq5yrho",11,PHI,0,0,0,0,0,0,0,0,0,0,0,0,,0,,,0,0,0,0,0,0,,0,25,39,186,2,1,1,281,69,8,-12.7598417146484,0,0.661921708185053,0.0926365795724466,0.0727979274611399,0.189913418581468,0,28.6,53.6
2012,REG+POST,00-0027732,M.Hoomanawanui,Michael Hoomanawanui,TE,TE,"https://static.www.nfl.com/image/private/f_auto,q_auto/league/fgfwj67pbxmp1bpjm7ti",6,NE,0,0,0,0,0,0,0,0,0,0,0,0,,0,,,0,0,0,0,0,0,,0,5,7,109,0,0,0,81,48,4,6.84622521192068,0,1.34567901234568,0.0272373540856031,0.0469837587006961,0.0737446622188919,0,10.9,15.9
2012,REG+POST,00-0027739,,John Conner,RB,RB,,2,CIN,0,0,0,0,0,0,0,0,0,0,0,0,,0,,,0,0,0,0,0,0,,0,0,2,0,0,0,0,6,0,0,-2.35559785319532,0,0.0,0.0363636363636364,0.0147420147420147,0.0648648648648649,0,0.0,0.0
2012,REG+POST,00-0027754,,John Skelton,QB,QB,,7,ARI,109,201,1132,2,9,15,98,3,2,1531,531,55,-67.3318118467083,0,0.739386022207707,-0.0245400351116097,4,5,0,1,0,1,-1.65730521298246,0,0,0,0,0,0,0,0,0,0,,0,,,,,0,31.78,31.78
2012,REG+POST,00-0027755,,David Reed,WR,WR,,2,BAL,0,0,0,0,0,0,0,0,0,0,0,0,,0,,,0,0,0,0,0,0,,0,5,6,66,0,0,0,60,23,2,3.18297013200237,0,1.1,0.0857142857142857,0.11605415860735,0.209809339596574,0,6.6,11.6
2012,REG+POST,00-0027757,,Matt Tennant,OG,OL,,1,PHI,0,0,0,0,0,0,0,0,0,0,0,0,,0,,,0,0,0,0,0,0,,0,0,1,0,0,0,0,1,0,0,-0.629387762921397,0,0.0,0.032258064516129,0.0032362459546925,0.0506524689424783,0,0.0,0.0
2012,REG+POST,00-0027758,,Riley Cooper,WR,WR,"https://static.www.nfl.com/image/private/f_auto,q_auto/league/vpongpty2wm06bsmm7hb",11,PHI,0,0,0,0,0,0,0,0,0,0,0,0,,0,,,0,0,0,0,0,0,,0,23,48,248,3,0,0,523,91,14,10.829215714999,0,0.474187380497132,0.114832535885167,0.165401644528779,0.288029954997897,0,42.8,65.8
2012,REG+POST,00-0027772,,Anthony Dixon,RB,RB,"https://static.www.nfl.com/image/private/f_auto,q_auto/league/lvbgbxspmjn0xo1kw8g9",10,SF,0,0,0,0,0,0,0,0,0,0,0,0,,0,,,23,84,3,0,0,5,3.20350406714715,0,0,0,0,0,0,0,0,0,0,,0,,,,,0,26.4,26.4
2012,REG+POST,00-0027775,,Rusty Smith,QB,QB,,1,TEN,3,5,34,0,0,0,0,0,0,45,17,2,-0.411579600011464,0,0.755555555555556,-0.0175890265366795,0,0,0,0,0,0,,0,0,0,0,0,0,0,0,0,0,,0,,,,,0,1.36,1.36
2012,REG+POST,00-0027779,,Deji Karim,RB,RB,,1,IND,0,0,0,0,0,0,0,0,0,0,0,0,,0,,,0,0,0,0,0,0,,0,0,0,0,0,0,0,0,0,0,,0,,,,,1,6.0,6.0
2012,REG+POST,00-0027780,,Nate Byham,TE,TE,,3,TB,0,0,0,0,0,0,0,0,0,0,0,0,,0,,,0,0,0,0,0,0,,0,3,4,18,1,0,0,28,6,2,2.90919235046022,0,0.642857142857143,0.031496062992126,0.0209737827715356,0.0619257424282639,0,7.8,10.8
2012,REG+POST,00-0027783,,Anthony McCoy,TE,TE,"https://static.www.nfl.com/image/private/f_auto,q_auto/league/jmfnncc5wt3g5btrsvav",16,SEA,0,0,0,0,0,0,0,0,0,0,0,0,,0,,,0,0,0,0,0,0,,0,18,30,291,3,0,0,232,152,13,11.1102473150936,0,1.25431034482759,0.0715990453460621,0.0540037243947858,0.145201175095443,0,47.1,65.1
2012,REG+POST,00-0027786,,Jonathan Dwyer,RB,RB,,13,PIT,0,0,0,0,0,0,0,0,0,0,0,0,,0,,,156,623,2,2,2,27,-16.1662054514454,0,18,25,106,0,0,0,49,105,7,-0.959068830299657,0,2.16326530612245,0.0637755102040816,0.0152126668736417,0.106312132117672,0,80.9,98.9
2012,REG+POST,00-0027789,,Dezmon Briscoe,WR,WR,,4,WAS,0,0,0,0,0,0,0,0,0,0,0,0,,0,,,1,1,0,0,0,0,-1.26347367512062,0,2,5,22,0,0,0,48,12,1,-0.757185392139945,0,0.458333333333333,0.040650406504065,0.0485338725985844,0.0949493205751067,0,2.3,4.3
2012,REG+POST,00-0027791,,James Starks,RB,RB,"https://static.www.nfl.com/image/private/f_auto,q_auto/league/ohxqulg4xjfmbbkkltqj",6,GB,0,0,0,0,0,0,0,0,0,0,0,0,,0,,,71,255,1,1,0,12,-7.30490912603443,0,4,6,31,0,0,0,-12,42,0,0.454757997300476,0,-2.58333333333333,0.0491803278688525,-0.013172338090011,0.064549855140271,0,34.6,38.6
2012,REG+POST,00-0027793,A.Brown,Antonio Brown,WR,WR,"https://static.www.nfl.com/image/private/f_auto,q_auto/league/ecxsx9t7bfg42bgfwj3v",13,PIT,0,2,0,0,1,0,0,0,0,41,0,0,-3.31294357124716,0,0.0,,7,24,0,0,0,2,0.876478014746681,0,66,106,787,5,2,1,1059,348,43,32.0179210728177,0,0.743153918791313,0.231441048034935,0.271538461538462,0.537238495129325,0,107.1,173.1
2012,REG+POST,00-0027796,J.Webb,Joe Webb,QB,QB,"https://static.www.nfl.com/image/private/f_auto,q_auto/league/hjieero9ugbyu7n1629h",2,MIN,11,30,180,1,1,3,23,1,1,387,59,6,-10.2036092225902,0,0.465116279069768,-0.0464416680441137,8,67,0,0,0,4,4.52090568491258,0,0,0,0,0,0,0,0,0,0,,0,,,,,0,13.9,13.9
2012,REG+POST,00-0027819,,Dorin Dickerson,TE,TE,"https://static.www.nfl.com/image/private/f_auto,q_auto/league/rzyr56chrrn9v5xjjvmd",7,BUF,0,0,0,0,0,0,0,0,0,0,0,0,,0,,,1,-8,0,0,0,0,-1.69091375626158,0,9,15,117,0,1,1,128,65,5,1.22427189748851,0,0.9140625,0.0700934579439252,0.0688172043010753,0.153312229926641,0,8.9,17.9
2012,REG+POST,00-0027825,J.Dray,Jim Dray,TE,TE,"https://static.www.nfl.com/image/private/f_auto,q_auto/league/p8pyujltnfdj3qnbh7yi",2,ARI,0,0,0,0,0,0,0,0,0,0,0,0,,0,,,0,0,0,0,0,0,,0,2,2,15,0,0,0,14,1,1,0.977981366217136,0,1.07142857142857,0.0240963855421687,0.0203784570596798,0.0504094982550289,0,1.5,3.5
2012,REG+POST,00-0027827,,Dedrick Epps,TE,TE,,1,NYJ,0,0,0,0,0,0,0,0,0,0,0,0,,0,,,0,0,0,0,0,0,,0,1,1,9,0,1,1,6,3,0,-4.15553516545333,0,1.5,0.0333333333333333,0.0287081339712919,0.0700956937799043,0,-1.1,-0.1
2012,REG+POST,00-0027844,,Erik Lorig,FB,RB,,12,TB,0,0,0,0,0,0,0,0,0,0,0,0,,0,,,0,0,0,0,0,0,,0,12,19,83,1,0,0,30,83,6,-0.421340014297945,0,2.76666666666667,0.0462287104622871,0.0080753701211305,0.074995824778222,0,14.3,26.3
2012,REG+POST,00-0027854,S.Bradford,Sam Bradford,QB,QB,"https://static.www.nfl.com/image/private/f_auto,q_auto/league/fizwrxzfdaw7v2vzzpn6",16,LA,328,551,3702,21,13,35,233,5,1,4507,1518,185,0.281634985583218,4,0.821388950521411,0.0452945158539713,36,124,1,2,0,9,-4.12838048793492,0,0,0,0,0,0,0,0,0,0,,0,,,,,0,230.48,230.48
2012,REG+POST,00-0027861,C.Spiller,C.J. Spiller,RB,RB,"https://static.www.nfl.com/image/private/f_auto,q_auto/league/jqbnrdpq9c2nbchzntxt",16,BUF,0,0,0,0,0,0,0,0,0,0,0,0,,0,,,207,1244,6,2,2,52,21.7662856751704,0,43,57,459,2,1,1,19,506,19,8.28371151271858,0,24.1578947368421,0.111984282907662,0.0047834843907351,0.171324863435008,0,212.3,255.3
2012,REG+POST,00-0027864,,Ryan Mathews,RB,RB,"https://static.www.nfl.com/image/private/f_auto,q_auto/league/mai5izn84cdrvxlkwagb",12,LAC,0,0,0,0,0,0,0,0,0,0,0,0,,0,,,184,707,1,2,2,34,-16.8736892954836,0,39,57,252,0,0,0,-94,345,9,-4.14824272229453,0,-2.68085106382979,0.139024390243902,-0.0343567251461988,0.184486877763515,0,97.9,136.9
2012,REG+POST,00-0027873,J.Gresham,Jermaine Gresham,TE,TE,"https://static.www.nfl.com/image/private/f_auto,q_auto/league/higvmot083ues41wbdgi",17,CIN,0,0,0,0,0,0,0,0,0,0,0,0,,0,,,0,0,0,0,0,0,,0,66,101,744,5,2,1,683,415,33,21.4804287847898,0,1.08931185944363,0.181003584229391,0.143759208587666,0.372136822355452,0,102.4,168.4
2012,REG+POST,00-0027874,D.Thomas,Demaryius Thomas,WR,WR,"https://static.www.nfl.com/image/private/f_auto,q_auto/league/p1yjsqtqimjd6iazu3h9",17,DEN,0,0,0,0,0,0,0,0,0,0,0,0,,0,,,0,0,0,0,0,0,,0,97,148,1471,11,3,3,1645,564,62,80.1221534471734,0,0.894224924012158,0.236044657097289,0.317690227887215,0.576450145166984,0,207.1,304.1
2012,REG+POST,00-0027876,T.Tebow,Tim Tebow,TE,TE,,11,NYJ,6,8,39,0,0,2,7,0,0,69,25,2,-2.68273736763513,0,0.565217391304348,0.101656399368454,32,102,0,0,0,10,1.09090960220783,0,0,1,0,0,0,0,3,0,0,-1.47989910515025,0,0.0,0.0227272727272727,0.0060483870967741,0.038324780058651,0,11.76,11.76
2012,REG+POST,00-0027888,,Toby Gerhart,RB,RB,"https://static.www.nfl.com/image/private/f_auto,q_auto/league/pne2o7x8dw3cngbahihv",15,MIN,0,0,0,0,0,0,0,0,0,0,0,0,,0,,,50,169,1,2,2,10,-11.3628535644282,0,20,27,155,0,0,0,32,145,9,-2.51229091542251,0,4.84375,0.0697674418604651,0.0118694362017804,0.112959768131944,0,34.4,54.4
2012,REG+POST,00-0027890,,Ben Tate,RB,RB,,12,HOU,0,0,0,0,0,0,0,0,0,0,0,0,,0,,,67,280,2,1,1,17,0.19011614570627,0,11,11,49,0,0,0,9,40,2,-0.785140376712661,0,5.44444444444445,0.0674846625766871,0.0084190832553788,0.107120352143796,0,42.9,53.9
2012,REG+POST,00-0027891,G.Tate,Golden Tate,WR,WR,"https://static.www.nfl.com/image/private/f_auto,q_auto/league/yfqebrp2o9t1gt1wqjku",17,SEA,1,1,23,1,0,0,0,0,0,23,0,1,3.19385000725742,0,1.0,,3,20,0,0,0,1,0.626992635894567,0,55,80,826,8,1,1,1069,295,36,48.394942800072,0,0.772684752104771,0.186480186480187,0.244119662023293,0.450604043136585,0,135.52,190.52
2012,REG+POST,00-0027893,,Damian Williams,WR,WR,,13,TEN,0,0,0,0,0,0,0,0,0,0,0,0,,0,,,0,0,0,0,0,0,,0,30,45,324,0,0,0,422,75,18,-14.3929111061498,0,0.767772511848341,0.0965665236051502,0.105420934299276,0.218644439417218,0,32.4,62.4
2012,REG+POST,00-0027902,D.Bryant,Dez Bryant,WR,WR,"https://static.www.nfl.com/image/private/f_auto,q_auto/league/jmggujwkiv7osgkhhnhl",16,DAL,0,0,0,0,0,0,0,0,0,0,0,0,,0,,,2,-5,0,0,0,0,-1.28388446755707,0,90,136,1371,12,2,1,1651,455,53,50.4972903220348,1,0.830405814657783,0.209876543209877,0.290822617579708,0.51839064712061,0,208.6,298.6
2012,REG+POST,00-0027912,,Danario Alexander,WR,WR,,10,LAC,0,1,0,0,0,0,0,0,0,1,0,0,-0.65909140650183,0,0.0,,0,0,0,0,0,0,,0,37,62,658,7,0,0,727,283,29,40.8328460087068,0,0.905089408528198,0.202614379084967,0.313632441760138,0.523464277859548,0,107.8,144.8
2012,REG+POST,00-0027918,,Andrew Hawkins,WR,WR,,15,CIN,0,0,0,0,0,0,0,0,0,0,0,0,,0,,,6,30,0,0,0,2,0.93675938580418,0,53,84,548,4,1,0,494,350,25,9.12305433812078,0,1.10931174089069,0.167664670658683,0.113406795224977,0.330881762645508,0,81.8,134.8
2012,REG+POST,00-0027939,C.Newton,Cam Newton,QB,QB,"https://static.www.nfl.com/image/private/f_auto,q_auto/league/zwmgw2gmnn2kch4nquft",16,CAR,280,485,3869,19,12,36,244,6,2,4511,1715,168,54.9580554986388,0,0.85768122367546,0.104751044843534,127,741,8,4,1,49,30.827340639453,0,0,0,0,0,0,0,0,0,0,,0,,,,,0,322.86,322.86
2012,REG+POST,00-0027942,A.Green,A.J. Green,WR,WR,"https://static.www.nfl.com/image/private/f_auto,q_auto/league/guj5a9vnnzqfiljupzuj",17,CIN,0,0,0,0,0,0,0,0,0,0,0,0,,0,,,4,38,0,0,0,2,1.50280849722913,0,102,175,1430,11,2,1,2402,406,63,31.2405124592062,0,0.59533721898418,0.313620071684588,0.485350575873914,0.810175510638621,0,210.8,312.8
2012,REG+POST,00-0027943,P.Peterson,Patrick Peterson,CB,DB,"https://static.www.nfl.com/image/private/f_auto,q_auto/league/hefuj7lvfmgvr4tme7te",5,ARI,0,0,0,0,0,0,0,0,0,0,0,0,,0,,,2,13,0,0,0,1,0.329896233975887,0,3,3,11,0,0,0,4,7,0,-0.684882017783821,0,2.75,0.0214285714285714,0.0037105751391465,0.0347402597402597,0,2.4,5.4
2012,REG+POST,00-0027944,J.Jones,Julio Jones,WR,WR,"https://static.www.nfl.com/image/upload/f_auto,q_auto/league/omrddf2phtyztzx2nup1",18,ATL,0,0,0,0,0,0,0,0,0,0,0,0,,0,,,7,29,0,0,0,3,0.372671269462444,0,96,152,1439,12,0,0,1899,521,68,77.2598725174414,0,0.757767245918905,0.22093023255814,0.323729969314695,0.558006327357496,0,218.8,314.8
2012,REG+POST,00-0027946,,Jake Locker,QB,QB,,11,TEN,177,314,2176,10,11,25,151,2,2,3031,824,93,-23.8942357879193,0,0.717914879577697,0.0203336953504767,41,291,1,2,2,13,9.38514532863184,0,0,0,0,0,0,0,0,0,0,,0,,,,,0,132.14,132.14
2012,REG+POST,00-0027948,B.Gabbert,Blaine Gabbert,QB,QB,"https://static.www.nfl.com/image/private/f_auto,q_auto/league/fphhd3wedamgkps6e0dl",10,JAX,162,278,1662,9,6,22,158,4,2,2194,691,72,-37.6667482665597,2,0.757520510483136,-0.0010202835395568,18,56,0,1,1,6,-3.17650125426007,0,0,0,0,0,0,0,0,0,0,,0,,,,,0,94.08,94.08
2012,REG+POST,00-0027950,,Christian Ponder,QB,QB,"https://static.www.nfl.com/image/private/f_auto,q_auto/league/zbs6aql0ucbsqdrclqrs",16,MIN,300,483,2935,18,12,32,184,5,4,3344,1610,163,-8.96750798814706,1,0.877691387559809,0.0446560129969047,60,253,2,2,1,11,-3.92377710415474,0,1,1,-15,0,0,0,-15,0,0,-1.96123747783713,0,0.0,0.03125,-0.072463768115942,-0.0038496376811594,0,193.2,194.2
2012,REG+POST,00-0027964,,Jon Baldwin,WR,WR,,14,KC,0,0,0,0,0,0,0,0,0,0,0,0,,0,,,0,0,0,0,0,0,,0,20,47,325,1,0,0,731,109,14,-9.07064657858403,0,0.444596443228454,0.116336633663366,0.215761511216057,0.325538008346289,0,38.5,58.5
2012,REG+POST,00-0027966,M.Ingram,Mark Ingram,RB,RB,"https://static.www.nfl.com/image/private/f_auto,q_auto/league/qyju9wutyssrf0b26ran",16,NO,0,0,0,0,0,0,0,0,0,0,0,0,,0,,,156,602,5,0,0,28,-11.0551812239842,0,6,10,29,0,0,0,-5,32,2,-2.13454625790473,0,-5.8,0.0269541778975741,-0.0018011527377521,0.0391704599299347,0,93.1,99.1
2012,REG+POST,00-0027973,A.Dalton,Andy Dalton,QB,QB,"https://static.www.nfl.com/image/upload/f_auto,q_auto/league/az1zo7fl2tozg50tgs0d",17,CIN,343,558,3796,27,17,48,238,4,4,4858,1700,176,-17.8666526546337,0,0.781391519143681,0.0601919998363596,51,135,4,0,0,15,6.35433927796106,0,0,0,0,0,0,0,0,0,0,,0,,,,,0,255.34,255.34
2012,REG+POST,00-0027974,,Colin Kaepernick,QB,QB,"https://static.www.nfl.com/image/private/f_auto,q_auto/league/nnvil5vbsj1nbldpc9nl",16,SF,185,298,2612,14,5,21,144,2,0,3115,989,120,75.7284791511855,0,0.838523274478331,0.166736478502373,88,679,8,8,2,32,13.1037782818122,0,0,0,0,0,0,0,0,0,0,,0,,,,,0,262.38,262.38
2012,REG+POST,00-0027976,,Ryan Williams,RB,RB,,5,ARI,0,0,0,0,0,0,0,0,0,0,0,0,,0,,,58,164,0,2,2,7,-21.4684133503375,0,7,10,44,0,0,0,10,35,3,-1.12230676741134,0,4.4,0.0543478260869565,0.0100502512562814,0.0885569150098318,0,16.8,23.8
2012,REG+POST,00-0027981,K.Rudolph,Kyle Rudolph,TE,TE,"https://static.www.nfl.com/image/private/f_auto,q_auto/league/mtvrkfel5750mlevcvtp",17,MIN,0,0,0,0,0,0,0,0,0,0,0,0,,0,,,0,0,0,0,0,0,,0,56,97,535,9,0,0,642,279,36,14.9262663158355,1,0.833333333333333,0.191699604743083,0.173326133909287,0.408877700851126,0,109.5,165.5
2012,REG+POST,00-0027982,,Titus Young,WR,WR,,10,DET,0,0,0,0,0,0,0,0,0,0,0,0,,0,,,2,16,0,0,0,1,0.60564068169333,0,33,56,383,4,0,0,620,79,20,9.01225225648439,0,0.617741935483871,0.128146453089245,0.166532366371206,0.308792336093712,0,63.9,96.9
2012,REG+POST,00-0027985,L.Kendricks,Lance Kendricks,TE,TE,"https://static.www.nfl.com/image/private/f_auto,q_auto/league/njjeo5udwowpbfnufl5l",16,LA,0,0,0,0,0,0,0,0,0,0,0,0,,0,,,0,0,0,0,0,0,,0,42,64,519,4,1,0,429,225,25,21.9106325018517,1,1.20979020979021,0.11743119266055,0.0936885782922035,0.241728793795368,0,77.9,119.9
2012,REG+POST,00-0027994,S.Vereen,Shane Vereen,RB,RB,"https://static.www.nfl.com/image/private/f_auto,q_auto/league/grirsvo53nqb22jzb1zk",13,NE,0,0,0,0,0,0,0,0,0,0,0,0,,0,,,73,308,4,0,0,19,6.76757680374431,0,15,23,254,3,1,1,83,201,10,14.7593358096492,0,3.06024096385542,0.051685393258427,0.0253280439426305,0.0952577206474817,0,96.2,111.2
2012,REG+POST,00-0027995,,Mikel Leshoure,RB,RB,,14,DET,0,0,0,0,0,0,0,0,0,0,0,0,,0,,,215,798,9,3,3,46,-32.7979706857462,0,34,48,214,0,0,0,2,231,11,-2.78839827986667,0,107.0,0.0790774299835255,0.0003752345215759,0.118878809140391,0,149.2,183.2
2012,REG+POST,00-0027996,T.Smith,Torrey Smith,WR,WR,"https://static.www.nfl.com/image/private/f_auto,q_auto/league/sqvbn4ybxagyfwva3i51",20,BAL,0,0,0,0,0,0,0,0,0,0,0,0,,0,,,4,9,0,0,0,1,-1.35407812031917,0,60,135,1088,10,0,0,2609,232,47,25.9790486710359,0,0.417018014564967,0.198237885462555,0.372288812785388,0.557958997143604,0,169.7,229.7
2012,REG+POST,00-0027997,G.Little,Greg Little,WR,WR,"https://static.www.nfl.com/image/private/f_auto,q_auto/league/gunq4pae9yx2zlfz7qil",16,CLE,0,0,0,0,0,0,0,0,0,0,0,0,,0,,,2,15,0,0,0,1,1.99155327116023,0,53,92,647,4,0,0,930,189,35,2.95085749072825,0,0.695698924731183,0.163701067615658,0.219236209335219,0.399016947958141,0,90.2,143.2
2012,REG+POST,00-0028000,,Daniel Thomas,RB,RB,,12,MIA,0,0,0,0,0,0,0,0,0,0,0,0,,0,,,91,325,4,3,2,15,-11.1395183072097,0,15,22,156,0,0,0,12,144,5,0.632160330908347,0,13.0,0.0753424657534247,0.0046153846153846,0.116244467860906,0,68.1,83.1
2012,REG+POST,00-0028002,R.Cobb,Randall Cobb,WR,WR,"https://static.www.nfl.com/image/private/f_auto,q_auto/league/kuwo5hnkbtesfw6n9w1s",17,GB,0,0,0,0,0,0,0,0,0,0,0,0,,0,,,14,161,0,0,0,8,9.74447652383242,0,86,112,985,8,1,0,842,479,45,47.0956526640369,0,1.16983372921615,0.193771626297578,0.177787162162162,0.41510845295988,1,168.6,254.6
2012,REG+POST,00-0028007,,Rob Housler,TE,TE,"https://static.www.nfl.com/image/private/f_auto,q_auto/league/lnu7z4mvnadgcnppqbxz",13,ARI,0,0,0,0,0,0,0,0,0,0,0,0,,0,,,0,0,0,0,0,0,,0,45,68,417,0,0,0,463,182,17,-1.98653628847164,0,0.900647948164147,0.133858267716535,0.115375031148767,0.28154992337894,0,41.7,86.7
2012,REG+POST,00-0028009,D.Murray,DeMarco Murray,RB,RB,"https://static.www.nfl.com/image/private/f_auto,q_auto/league/lu4pqg7cvxbz7z4oormo",10,DAL,0,0,0,0,0,0,0,0,0,0,0,0,,0,,,161,663,4,2,2,39,-6.91818184332489,0,35,42,251,0,1,0,7,240,11,1.26099430292379,0,35.8571428571429,0.109660574412533,0.0020864381520119,0.165951368325207,0,111.4,146.4
2012,REG+POST,00-0028011,S.Ridley,Stevan Ridley,RB,RB,"https://static.www.nfl.com/image/private/f_auto,q_auto/league/futdstbe48qaqcvtolzj",18,NE,0,0,0,0,0,0,0,0,0,0,0,0,,0,,,323,1415,13,5,3,91,2.60400134138376,0,7,16,64,0,0,0,29,58,3,-5.48404291277984,0,2.20689655172414,0.0450704225352113,0.0097184986595174,0.0744085828644791,0,219.9,226.9
2012,REG+POST,00-0028012,R.Mallett,Ryan Mallett,QB,QB,"https://static.www.nfl.com/image/private/f_auto,q_auto/league/tvn03oot2ttdoog5x0qr",3,NE,1,4,17,0,1,0,0,0,0,23,19,1,-2.61382184608374,0,0.739130434782609,,8,-9,0,0,0,0,-2.56559653999284,0,0,0,0,0,0,0,0,0,0,,0,,,,,0,-2.22,-2.22
2012,REG+POST,00-0028016,,Austin Pettis,WR,WR,,13,LA,0,0,0,0,0,0,0,0,0,0,0,0,,0,,,0,0,0,0,0,0,,0,30,48,261,4,0,0,428,79,16,5.07138363003057,0,0.60981308411215,0.106430155210643,0.112129944982971,0.238136194304044,0,50.1,80.1
2012,REG+POST,00-0028017,,Leonard Hankerson,WR,WR,,16,WAS,0,0,0,0,0,0,0,0,0,0,0,0,,0,,,2,5,0,0,0,0,-1.16915483912453,0,40,62,570,3,0,0,824,159,27,32.6827919755335,0,0.691747572815534,0.14187643020595,0.215932914046122,0.36396768514121,0,75.5,115.5
2012,REG+POST,00-0028021,,Jerrel Jernigan,WR,WR,,6,NYG,0,0,0,0,0,0,0,0,0,0,0,0,,0,,,1,6,0,0,0,0,0.183039170689881,0,3,5,22,0,0,0,38,7,2,-8.99206684762612,0,0.578947368421053,0.032258064516129,0.0251655629139073,0.0660029908139287,0,2.8,5.8
2012,REG+POST,00-0028034,,Alex Green,RB,RB,,11,GB,0,0,0,0,0,0,0,0,0,0,0,0,,0,,,135,464,0,0,0,17,-25.5306654703816,0,18,29,125,0,1,0,-33,158,5,-5.35845384381423,0,-3.78787878787879,0.102836879432624,-0.0146862483311081,0.14397494531716,0,58.9,76.9
2012,REG+POST,00-0028040,,Jordan Cameron,TE,TE,"https://static.www.nfl.com/image/private/f_auto,q_auto/league/oyhmlsxyzwbznmeqnf9i",13,CLE,0,0,0,0,0,0,0,0,0,0,0,0,,0,,,0,0,0,0,0,0,,0,20,40,226,1,0,0,286,108,12,-3.62380572789473,0,0.79020979020979,0.0873362445414847,0.0837236533957846,0.189610924189276,0,28.6,48.6
2012,REG+POST,00-0028042,L.Stocker,Luke Stocker,TE,TE,"https://static.www.nfl.com/image/private/f_auto,q_auto/league/keoilbfzupthtliuou1a",12,TB,0,0,0,0,0,0,0,0,0,0,0,0,,0,,,0,0,0,0,0,0,,0,16,28,165,1,0,0,157,88,8,0.297844222513959,0,1.05095541401274,0.0629213483146067,0.0342645133129638,0.118367181790985,0,22.5,38.5
2012,REG+POST,00-0028043,,Roy Helu,RB,RB,"https://static.www.nfl.com/image/private/f_auto,q_auto/league/ahtlpumbpwlc7xm9ci9h",3,WAS,0,0,0,0,0,0,0,0,0,0,0,0,,0,,,2,2,0,0,0,0,-1.26483008568175,0,7,7,45,0,0,0,-2,47,1,2.08691148168273,0,-22.5,0.0813953488372093,-0.0028169014084507,0.120121192269898,0,4.7,11.7
2012,REG+POST,00-0028045,,Kris Durham,WR,WR,,4,DET,0,0,0,0,0,0,0,0,0,0,0,0,,0,,,0,0,0,0,0,0,,0,8,21,125,1,0,0,304,25,7,-11.1219733001114,0,0.411184210526316,0.112903225806452,0.192283364958887,0.303953194180898,0,18.5,26.5
2012,REG+POST,00-0028049,,Clyde Gates,WR,WR,,10,NYJ,0,0,0,0,0,0,0,0,0,0,0,0,,0,,,1,12,0,0,0,1,0.900512255378999,0,16,35,224,0,0,0,393,20,12,-4.7506363994231,0,0.569974554707379,0.107033639143731,0.129148866250411,0.250954665090884,0,23.6,39.6
2012,REG+POST,00-0028052,,Cecil Shorts,WR,WR,"https://static.www.nfl.com/image/private/f_auto,q_auto/league/zdsyqinswn0k8664k9qs",14,JAX,0,0,0,0,0,0,0,0,0,0,0,0,,0,,,1,-4,0,0,0,0,-1.12102782400325,0,55,105,979,7,1,1,1307,360,36,34.0745439841424,0,0.749043611323642,0.211267605633803,0.312082139446036,0.53535890606293,0,137.5,192.5
2012,REG+POST,00-0028053,,Kendall Hunter,RB,RB,"https://static.www.nfl.com/image/private/f_auto,q_auto/league/m9tciwm7ffejuubhfh7n",11,SF,0,0,0,0,0,1,4,0,0,0,0,0,-1.27874393376987,0,,,72,371,2,0,0,18,10.9553666513821,0,9,12,60,0,0,0,13,57,3,-2.78110754181398,0,4.61538461538462,0.05,0.0070118662351672,0.0799083063646171,0,55.1,64.1
2012,REG+POST,00-0028057,,Delone Carter,RB,RB,,7,IND,0,0,0,0,0,0,0,0,0,0,0,0,,0,,,32,122,3,0,0,11,5.90552935609594,0,1,2,13,0,1,0,5,11,1,0.269864645670168,0,2.6,0.0317460317460317,0.0065876152832674,0.0522303783173348,0,31.5,32.5
2012,REG+POST,00-0028061,,Tandon Doss,WR,WR,,10,BAL,0,0,0,0,0,0,0,0,0,0,0,0,,0,,,0,0,0,0,0,0,,0,7,21,123,1,0,0,243,52,6,-1.64488903748514,0,0.506172839506173,0.0561497326203209,0.0629533678756477,0.128291956443435,0,18.3,25.3
2012,REG+POST,00-0028062,,Owen Marecic,RB,RB,,3,CLE,0,0,0,0,0,0,0,0,0,0,0,0,,0,,,0,0,0,0,0,0,,0,0,5,0,0,0,0,30,0,0,-3.54322418413358,0,0.0,0.05,0.0424929178470255,0.104745042492918,0,0.0,0.0
2012,REG+POST,00-0028063,T.Jones,Taiwan Jones,RB,RB,"https://static.www.nfl.com/image/private/f_auto,q_auto/league/va09vgfr7bdc2wb6ikq4",3,LV,0,0,0,0,0,0,0,0,0,0,0,0,,0,,,6,21,0,0,0,1,-1.88518025923986,0,2,2,11,0,1,0,-5,16,0,-1.80211174977012,0,-2.2,0.0185185185185185,-0.0053304904051172,0.0240464344941957,0,3.2,5.2
2012,REG+POST,00-0028064,B.Powell,Bilal Powell,RB,RB,"https://static.www.nfl.com/image/private/f_auto,q_auto/league/a5qlloemeetaqawzwuf7",14,NYJ,0,0,0,0,0,0,0,0,0,0,0,0,,0,,,110,437,4,0,0,23,-3.85367236175839,0,17,36,140,0,0,0,82,120,9,-13.0643839645848,0,1.70731707317073,0.0962566844919786,0.0235294117647059,0.160855614973262,0,81.7,98.7
2012,REG+POST,00-0028068,,Jamie Harper,RB,RB,,6,TEN,0,0,0,0,0,0,0,0,0,0,0,0,,0,,,19,30,3,0,0,4,-1.96247553505236,0,1,1,8,0,0,0,3,5,0,-0.330262811854482,0,2.66666666666667,0.0232558139534884,0.0100334448160535,0.04190713230147,0,21.8,22.8
2012,REG+POST,00-0028070,,Kealoha Pilares,WR,WR,,4,CAR,0,0,0,0,0,0,0,0,0,0,0,0,,0,,,1,5,0,0,0,1,0.580769840627909,0,2,4,42,1,0,0,-8,49,1,3.48004319152096,0,0.0,0.04,-0.0127591706539075,0.0510685805422648,0,10.7,12.7
2012,REG+POST,00-0028071,,Johnny White,RB,RB,,3,BUF,0,0,0,0,0,0,0,0,0,0,0,0,,0,,,8,34,0,0,0,1,-0.588907949102577,0,0,0,0,0,0,0,0,0,0,,0,,,,,0,3.4,3.4
2012,REG+POST,00-0028074,A.Sherman,Anthony Sherman,RB,RB,"https://static.www.nfl.com/image/private/f_auto,q_auto/league/ibmfpy4ztgmqfwtood5x",6,ARI,0,0,0,0,0,0,0,0,0,0,0,0,,0,,,0,0,0,0,0,0,,0,5,8,39,0,0,0,-3,41,1,-1.97642741778724,0,-13.0,0.032258064516129,-0.0031512605042016,0.0461812144212524,0,3.9,8.9
2012,REG+POST,00-0028079,,D.J. Williams,TE,TE,,7,GB,0,0,0,0,0,0,0,0,0,0,0,0,,0,,,0,0,0,0,0,0,,0,7,15,57,0,0,0,101,40,3,-2.00578240462346,0,0.564356435643564,0.0625,0.058584686774942,0.134759280742459,0,5.7,12.7
2012,REG+POST,00-0028083,J.Rodgers,Jacquizz Rodgers,RB,RB,"https://static.www.nfl.com/image/private/f_auto,q_auto/league/ztmescfueap5glplyf7w",18,ATL,0,0,0,0,0,0,0,0,0,0,0,0,,0,,,114,458,1,0,0,19,-20.5225218758672,0,55,64,410,1,0,0,-14,447,17,6.32636335640977,0,-29.2857142857143,0.0930232558139535,-0.0023866348448687,0.137864239329522,0,98.8,153.8
2012,REG+POST,00-0028086,,Denarius Moore,WR,WR,"https://static.www.nfl.com/image/private/f_auto,q_auto/league/sttop34l1fezi28ls4d9",15,LV,0,0,0,0,0,0,0,0,0,0,0,0,,0,,,1,-5,0,0,0,0,-1.39316628314555,0,51,114,741,7,1,0,1417,258,33,-8.75803287463177,0,0.522935779816514,0.197231833910035,0.288183851942241,0.497576447224621,0,115.6,166.6
2012,REG+POST,00-0028087,D.Lewis,Dion Lewis,RB,RB,"https://static.www.nfl.com/image/private/f_auto,q_auto/league/erzmtaaz3eimbg998hyq",6,PHI,0,0,0,0,0,0,0,0,0,0,0,0,,0,,,13,69,1,0,0,5,3.68427410448203,0,2,2,24,0,0,0,-5,29,1,-0.346129787096288,0,-4.8,0.0246913580246914,-0.0062189054726368,0.0326838032061913,0,15.3,17.3
2012,REG+POST,00-0028090,T.Yates,T.J. Yates,QB,QB,"https://static.www.nfl.com/image/private/f_auto,q_auto/league/h8x0pbhc1s5dwjuzipsb",3,HOU,4,10,38,0,1,1,0,1,0,64,29,3,-5.19841304625152,0,0.59375,-0.0683236700733502,2,-1,1,0,0,1,1.60050205653533,0,0,0,0,0,0,0,0,0,0,,0,,,,,0,5.42,5.42
2012,REG+POST,00-0028091,J.Kerley,Jeremy Kerley,WR,WR,"https://static.www.nfl.com/image/private/f_auto,q_auto/league/lsfc40maht2r3k0ctu1b",16,NYJ,1,1,42,0,0,0,0,0,0,42,0,1,2.3229690536391,0,1.0,,5,8,0,0,0,0,-1.97372158884536,0,56,96,827,2,2,1,929,292,31,6.0639242882733,0,0.890204520990312,0.19672131147541,0.212488563586459,0.443823961723636,1,101.18,157.18
2012,REG+POST,00-0028092,R.Sherman,Richard Sherman,CB,DB,"https://static.www.nfl.com/image/private/f_auto,q_auto/league/bdfb1uulaykfcryanimb",1,SEA,0,0,0,0,0,0,0,0,0,0,0,0,,0,,,0,0,0,0,0,0,,0,0,0,0,0,0,0,0,0,0,,0,,,,,1,6.0,6.0
2012,REG+POST,00-0028093,N.Paul,Niles Paul,TE,TE,"https://static.www.nfl.com/image/private/f_auto,q_auto/league/c2hufhhjyuitenxujhpz",10,WAS,0,0,0,0,0,0,0,0,0,0,0,0,,0,,,1,-1,0,0,0,0,-1.36044482068636,0,8,15,152,1,0,0,145,56,5,5.75811120399158,0,1.04827586206897,0.0541516245487365,0.0633741258741259,0.125589324934993,0,21.1,29.1
2012,REG+POST,00-0028097,L.Smith,Lee Smith,TE,TE,"https://static.www.nfl.com/image/private/f_auto,q_auto/league/gcaqwhzrinlqicrljwlr",4,BUF,0,0,0,0,0,0,0,0,0,0,0,0,,0,,,0,0,0,0,0,0,,0,4,4,13,2,0,0,8,5,3,2.07722269854276,0,1.625,0.0289855072463768,0.0098643649815043,0.0503833163566182,0,13.3,17.3
2012,REG+POST,00-0028105,,Ryan Whalen,WR,WR,,5,CIN,0,0,0,0,0,0,0,0,0,0,0,0,,0,,,0,0,0,0,0,0,,0,7,12,53,0,0,0,104,14,3,-5.09726072533522,0,0.509615384615385,0.0764331210191083,0.07202216066482,0.165065193994036,0,5.3,12.3
2012,REG+POST,00-0028112,C.Clay,Charles Clay,TE,TE,"https://static.www.nfl.com/image/private/f_auto,q_auto/league/gbfhfjn5cxtou5aazegt",13,MIA,0,0,0,0,0,0,0,0,0,0,0,0,,0,,,0,0,0,0,0,0,,0,18,33,212,2,0,0,228,81,8,-3.02932799834525,0,0.929824561403509,0.0816831683168317,0.0737864077669903,0.174175237912141,0,33.2,51.2
2012,REG+POST,00-0028114,D.Harris,Dwayne Harris,WR,WR,"https://static.www.nfl.com/image/private/f_auto,q_auto/league/cz34jefkstkm3mvjznvg",9,DAL,0,0,0,0,0,0,0,0,0,0,0,0,,0,,,0,0,0,0,0,0,,0,17,31,222,1,0,0,308,110,9,6.81739670272548,1,0.720779220779221,0.0880681818181818,0.10562414266118,0.206039172590099,1,36.2,53.2
2012,REG+POST,00-0028115,,Evan Royster,RB,RB,,16,WAS,0,0,0,0,0,0,0,0,0,0,0,0,,0,,,23,88,2,0,0,8,2.09069871422253,0,16,24,113,1,0,0,11,115,3,-4.96064480621135,0,10.2727272727273,0.0718562874251497,0.0041714069017823,0.110704415968972,0,38.1,54.1
2012,REG+POST,00-0028116,A.Robinson,Aldrick Robinson,WR,WR,"https://static.www.nfl.com/image/private/f_auto,q_auto/league/lzdmahvzc7tm4pulh2sj",9,WAS,0,0,0,0,0,0,0,0,0,0,0,0,,0,,,1,14,0,0,0,1,1.70349741331302,0,11,19,237,3,0,0,407,62,9,16.6106487007055,0,0.582309582309582,0.0756972111553785,0.181372549019608,0.240506601046793,0,43.1,54.1
2012,REG+POST,00-0028118,T.Taylor,Tyrod Taylor,QB,QB,"https://static.www.nfl.com/image/upload/f_auto,q_auto/league/xk8e04jdsvigd6fky3uy",5,BAL,17,29,179,0,1,3,30,0,0,157,80,8,-6.62988118241165,0,1.14012738853503,0.039958234321425,14,73,1,0,0,5,0.987569336552157,0,0,0,0,0,0,0,0,0,0,,0,,,,,0,18.46,18.46
2012,REG+POST,00-0028119,,Richard Gordon,TE,TE,"https://static.www.nfl.com/image/private/f_auto,q_auto/league/d6n88ld1jh7hkg7lynur",3,LV,0,0,0,0,0,0,0,0,0,0,0,0,,0,,,0,0,0,0,0,0,,0,2,7,9,1,0,0,54,6,1,-2.48660947817305,0,0.166666666666667,0.0486111111111111,0.0453781512605042,0.10468137254902,0,6.9,8.9
2012,REG+POST,00-0028121,J.Todman,Jordan Todman,RB,RB,"https://static.www.nfl.com/image/private/f_auto,q_auto/league/lhoxroo20gf8a3mbiczr",1,JAX,0,0,0,0,0,0,0,0,0,0,0,0,,0,,,3,8,0,0,0,0,-0.906047232274432,0,1,1,0,0,0,0,-3,3,0,-1.41956732829567,0,0.0,0.0238095238095238,-0.0075187969924812,0.0304511278195489,0,0.8,1.8
2012,REG+POST,00-0028142,V.Green,Virgil Green,TE,TE,"https://static.www.nfl.com/image/private/f_auto,q_auto/league/wcdedz1qf7ybkujat6bu",3,DEN,0,0,0,0,0,0,0,0,0,0,0,0,,0,,,0,0,0,0,0,0,,0,5,6,63,0,0,0,2,62,4,5.05110362847336,0,31.5,0.0612244897959184,0.0024968789013732,0.0935845499248388,0,6.3,11.3
2012,REG+POST,00-0028146,,Greg McElroy,QB,QB,,2,NYJ,19,31,214,1,1,11,71,1,1,222,123,13,-15.8495007543675,0,0.963963963963964,0.0365948243830073,8,30,0,0,0,2,-2.94929516076809,0,0,0,0,0,0,0,0,0,0,,0,,,,,0,11.56,11.56
2012,REG+POST,00-0028149,B.Miller,Bruce Miller,FB,RB,"https://static.www.nfl.com/image/private/f_auto,q_auto/league/xmxfgtmbvqxhpp3ldkwq",11,SF,0,0,0,0,0,0,0,0,0,0,0,0,,0,,,5,18,0,0,0,2,0.300330728525296,0,12,14,84,0,0,0,24,63,4,4.13556194549892,0,3.5,0.0557768924302789,0.0135746606334842,0.0931676010888572,0,10.2,22.2
2012,REG+POST,00-0028156,,Ryan Taylor,TE,TE,,2,GB,0,0,0,0,0,0,0,0,0,0,0,0,,0,,,0,0,0,0,0,0,,0,2,2,11,0,0,0,6,5,1,0.926675265305676,0,1.83333333333333,0.0273972602739726,0.0164835164835165,0.0526343519494204,0,1.1,3.1
2012,REG+POST,00-0028158,,Shaun Chapas,RB,RB,,2,DET,0,0,0,0,0,0,0,0,0,0,0,0,,0,,,0,0,0,0,0,0,,0,1,2,6,0,0,0,6,3,0,-0.698397064814344,0,1.0,0.0210526315789474,0.0084269662921348,0.0374778237729154,0,0.6,1.6
2012,REG+POST,00-0028159,,Da'Rel Scott,RB,RB,,1,NYG,0,0,0,0,0,0,0,0,0,0,0,0,,0,,,6,9,0,0,0,1,-1.67420995465716,0,0,0,0,0,0,0,0,0,0,,0,,,,,0,0.9,0.9
2012,REG+POST,00-0028163,,Anthony Allen,RB,RB,,6,BAL,0,0,0,0,0,0,0,0,0,0,0,0,,0,,,16,61,1,0,0,4,0.839569445757661,0,2,4,12,0,0,0,10,14,1,-0.252530416473746,0,1.2,0.0285714285714286,0.0085324232081911,0.0488298391028766,0,13.3,15.3
2012,REG+POST,00-0028170,,Baron Batch,RB,RB,,8,PIT,0,0,0,0,0,0,0,0,0,0,0,0,,0,,,25,49,1,0,0,4,-5.07546901638852,0,4,5,31,0,0,0,20,30,3,1.12350058316952,0,1.55,0.0320512820512821,0.0172413793103448,0.0601458885941644,0,14.0,18.0
2012,REG+POST,00-0028174,,Stephen Burton,WR,WR,,7,MIN,0,0,0,0,0,0,0,0,0,0,0,0,,0,,,0,0,0,0,0,0,,0,5,11,35,1,0,0,59,21,1,-1.51290547944514,0,0.593220338983051,0.0484581497797357,0.0382372002592353,0.0994532648510682,0,9.5,14.5
2012,REG+POST,00-0028178,,Stanley Havili,FB,RB,,9,PHI,0,0,0,0,0,0,0,0,0,0,0,0,,0,,,6,22,1,0,0,1,0.210050109802978,0,7,12,43,0,0,0,30,21,1,-4.35786482662661,0,1.43333333333333,0.0449438202247191,0.0138632162661738,0.0771199817234003,0,12.5,19.5
2012,REG+POST,00-0028179,,David Ausberry,TE,TE,,7,LV,0,0,0,0,0,0,0,0,0,0,0,0,,0,,,0,0,0,0,0,0,,0,7,12,92,0,0,0,64,43,5,2.83968124743303,0,1.4375,0.044280442804428,0.0267335004177109,0.0851341144990397,0,9.2,16.2
2012,REG+POST,00-0028180,M.Smith,Malcolm Smith,MLB,LB,"https://static.www.nfl.com/image/private/f_auto,q_auto/league/uelur2x665hhkdopr9qb",1,SEA,0,0,0,0,0,0,0,0,0,0,0,0,,0,,,0,0,0,0,0,0,,0,0,0,0,0,0,0,0,0,0,,0,,,,,1,6.0,6.0
2012,REG+POST,00-0028189,,Tommie Campbell,DB,DB,,1,TEN,0,0,0,0,0,0,0,0,0,0,0,0,,0,,,0,0,0,0,0,0,,0,0,0,0,0,0,0,0,0,0,,0,,,,,1,6.0,6.0
2012,REG+POST,00-0028198,,Matt Asiata,RB,RB,,3,MIN,0,0,0,0,0,0,0,0,0,0,0,0,,0,,,3,9,0,0,0,0,-1.27724022441544,0,1,1,2,0,0,0,-2,4,0,-0.488543118466623,0,-1.0,0.037037037037037,-0.0103626943005181,0.0483016695451929,0,1.1,2.1
2012,REG+POST,00-0028202,S.Draughn,Shaun Draughn,RB,RB,"https://static.www.nfl.com/image/private/f_auto,q_auto/league/bxkirs3zrup0djv8x2ns",14,KC,0,0,0,0,0,0,0,0,0,0,0,0,,0,,,59,233,2,1,1,16,-2.54360653167822,0,24,30,158,0,0,0,27,144,5,-6.92276075459085,0,5.85185185185185,0.0810810810810811,0.0093232044198895,0.128147864715544,0,49.1,73.1
2012,REG+POST,00-0028238,,Konrad Reuland,TE,TE,,11,NYJ,0,0,0,0,0,0,0,0,0,0,0,0,,0,,,0,0,0,0,0,0,,0,11,16,83,0,0,0,40,49,6,2.55202071368694,0,2.075,0.0441988950276243,0.0119189511323004,0.0746416083340467,0,8.3,19.3
2012,REG+POST,00-0028263,A.Holmes,Andre Holmes,WR,WR,"https://static.www.nfl.com/image/private/f_auto,q_auto/league/ujb4sism9jdte3o8ofve",2,DAL,0,0,0,0,0,0,0,0,0,0,0,0,,0,,,0,0,0,0,0,0,,0,2,2,11,0,0,0,8,3,1,0.367660698073451,0,1.375,0.0176991150442478,0.0093240093240093,0.0330754790931782,0,1.1,3.1
2012,REG+POST,00-0028267,,Allen Reisner,TE,TE,"https://static.www.nfl.com/image/private/f_auto,q_auto/league/onxfr5rajtibpckwkgol",1,MIN,0,0,0,0,0,0,0,0,0,0,0,0,,0,,,0,0,0,0,0,0,,0,1,1,13,0,0,0,11,2,1,1.52255753515055,0,1.18181818181818,0.0454545454545455,0.0846153846153846,0.127412587412587,0,1.3,2.3
2012,REG+POST,00-0028270,,Weslye Saunders,TE,TE,,3,IND,0,0,0,0,0,0,0,0,0,0,0,0,,0,,,0,0,0,0,0,0,,0,2,4,15,0,0,0,63,2,1,-0.515896781289484,0,0.238095238095238,0.0327868852459016,0.0524126455906822,0.08586917978233,0,1.5,3.5
2012,REG+POST,00-0028292,N.Bellore,Nick Bellore,ILB,LB,"https://static.www.nfl.com/image/upload/f_auto,q_auto/league/wlj7zdf6h9p9dnhdtmih",1,NYJ,0,0,0,0,0,0,0,0,0,0,0,0,,0,,,0,0,0,0,0,0,,0,1,1,23,0,0,0,9,14,1,4.00069773488212,0,2.55555555555556,0.0526315789473684,0.0891089108910891,0.141323606044815,0,2.3,3.3
2012,REG+POST,00-0028307,,Drew Davis,WR,WR,,5,ATL,0,0,0,0,0,0,0,0,0,0,0,0,,0,,,0,0,0,0,0,0,,0,5,7,46,1,0,0,79,26,2,2.41981185006443,0,0.582278481012658,0.0333333333333333,0.0439621591541458,0.0807735114079021,0,10.6,15.6
2012,REG+POST,00-0028337,,Kyle Adams,TE,TE,,6,CHI,0,0,0,0,0,0,0,0,0,0,0,0,,0,,,0,0,0,0,0,0,,0,4,8,40,0,0,0,84,5,2,-1.17453976790421,0,0.476190476190476,0.036036036036036,0.0387990762124711,0.0812134074027838,0,4.0,8.0
2012,REG+POST,00-0028338,,Kris Adams,WR,WR,,3,IND,0,0,0,0,0,0,0,0,0,0,0,0,,0,,,0,0,0,0,0,0,,0,2,8,26,0,0,0,98,5,2,-2.5019794308464,0,0.26530612244898,0.0677966101694915,0.0809917355371901,0.15838913013027,0,2.6,4.6
2012,REG+POST,00-0028345,,Robert Hughes,RB,RB,,2,IND,0,0,0,0,0,0,0,0,0,0,0,0,,0,,,1,5,0,0,0,1,0.571678005624563,0,1,1,3,0,0,0,3,0,0,-0.273213801207021,0,1.0,0.0384615384615385,0.0102739726027397,0.0648840885142255,0,0.8,1.8
2012,REG+POST,00-0028352,,Dane Sanzenbacher,WR,WR,,2,CHI,0,0,0,0,0,0,0,0,0,0,0,0,,0,,,0,0,0,0,0,0,,0,1,3,7,0,0,0,14,4,1,-0.0510677660931833,0,0.5,0.0476190476190476,0.0221169036334913,0.0869104039720154,0,0.7,1.7
2012,REG+POST,00-0028362,,Michael Preston,WR,WR,,3,TEN,0,0,0,0,0,0,0,0,0,0,0,0,,0,,,0,0,0,0,0,0,,0,5,7,59,0,0,0,126,9,3,2.315463617153,0,0.468253968253968,0.0813953488372093,0.134328358208955,0.216122874002083,0,5.9,10.9
2012,REG+POST,00-0028400,,Armon Binns,WR,WR,,8,MIA,0,0,0,0,0,0,0,0,0,0,0,0,,0,,,0,0,0,0,0,0,,0,24,40,277,1,1,1,348,112,11,4.61200664614062,0,0.795977011494253,0.145985401459854,0.147896302592435,0.322505514004486,0,31.7,55.7
2012,REG+POST,00-0028406,,Tommy Gallarda,TE,TE,,3,ATL,0,0,0,0,0,0,0,0,0,0,0,0,,0,,,0,0,0,0,0,0,,0,1,4,7,0,0,0,17,1,0,-1.49667808925733,0,0.411764705882353,0.03125,0.0159325210871603,0.0580277647610122,0,0.7,1.7
2012,REG+POST,00-0028409,D.Harris,DuJuan Harris,RB,RB,"https://static.www.nfl.com/image/private/f_auto,q_auto/league/bm9b6aulywolcwjqjcpo",6,GB,0,0,0,0,0,0,0,0,0,0,0,0,,0,,,62,257,4,0,0,12,4.52743855497101,0,9,12,81,0,0,0,7,83,5,1.83504740212811,0,11.5714285714286,0.109090909090909,0.0079455164585698,0.169198225157363,0,57.8,66.8
2012,REG+POST,00-0028416,,Richard Murphy,RB,RB,,4,JAX,0,0,0,0,0,0,0,0,0,0,0,0,,0,,,23,92,0,0,0,3,-0.195404340542154,0,0,1,0,0,0,0,4,0,0,-1.59948922605136,0,0.0,0.0204081632653061,0.0095693779904306,0.0373108094912606,0,9.2,9.2
2012,REG+POST,00-0028417,,Jamar Newsome,WR,WR,,6,KC,0,0,0,0,0,0,0,0,0,0,0,0,,0,,,0,0,0,0,0,0,,0,5,16,73,0,0,0,251,19,3,-4.95942416787148,0,0.290836653386454,0.114285714285714,0.207781456953642,0.316875591296121,0,7.3,12.3
2012,REG+POST,00-0028434,D.Baldwin,Doug Baldwin,WR,WR,"https://static.www.nfl.com/image/private/f_auto,q_auto/league/kccmcttfdtl7m3g49vb8",16,SEA,0,0,0,0,0,0,0,0,0,0,0,0,,0,,,0,0,0,0,0,0,,0,32,58,411,3,0,0,787,98,20,15.5861799303563,0,0.522236340533672,0.142506142506143,0.189273689273689,0.346250796250796,0,59.1,91.1
2012,REG+POST,00-0028441,J.Johnson,Jeron Johnson,DB,DB,"https://static.www.nfl.com/image/private/f_auto,q_auto/league/ldlvegsfcqtjduas1ge2",1,SEA,0,0,0,0,0,0,0,0,0,0,0,0,,0,,,0,0,0,0,0,0,,0,0,0,0,0,0,0,0,0,0,,0,,,,,1,6.0,6.0
2012,REG+POST,00-0028492,,Henry Hynoski,FB,RB,,12,NYG,0,0,0,0,0,0,0,0,0,0,0,0,,0,,,5,20,0,0,0,0,-0.489740761811845,0,11,15,50,1,0,0,8,44,2,-1.4374529334018,0,6.25,0.040983606557377,0.003003003003003,0.0635775119381677,0,13.0,24.0
2012,REG+POST,00-0028522,,Mike Higgins,TE,TE,,1,NO,0,0,0,0,0,0,0,0,0,0,0,0,,0,,,0,0,0,0,0,0,,0,1,1,-3,0,0,0,-4,1,0,-0.793157008476555,0,0.0,0.0208333333333333,-0.0076775431861804,0.0258757197696737,0,-0.3,0.7
2012,REG+POST,00-0028532,,Joseph Morgan,WR,WR,"https://static.www.nfl.com/image/private/f_auto,q_auto/league/xbylwiooxrpv38gourpe",11,NO,0,0,0,0,0,0,0,0,0,0,0,0,,0,,,1,1,0,0,0,0,-0.511218044906855,0,10,20,379,3,0,0,548,87,9,23.0100080646225,0,0.691605839416058,0.0428265524625268,0.136556192374782,0.159829163356138,0,56.0,66.0
2012,REG+POST,00-0028536,B.Braman,Bryan Braman,LB,LB,"https://static.www.nfl.com/image/private/f_auto,q_auto/league/kqmagzpldnz3zwvkes8l",1,HOU,0,0,0,0,0,0,0,0,0,0,0,0,,0,,,0,0,0,0,0,0,,0,0,0,0,0,0,0,0,0,0,,0,,,,,1,6.0,6.0
2012,REG+POST,00-0028542,,Lestar Jean,WR,WR,,8,HOU,0,0,0,0,0,0,0,0,0,0,0,0,,0,,,0,0,0,0,0,0,,0,6,13,151,1,0,0,235,83,5,9.50987365283072,0,0.642553191489362,0.0429042904290429,0.0944154278826838,0.130447235161443,0,21.1,27.1
2012,REG+POST,00-0028565,,Armando Allen,RB,RB,,9,CHI,0,0,0,0,0,0,0,0,0,0,0,0,,0,,,27,124,1,0,0,6,-2.88805071823299,0,2,3,16,0,0,0,-11,23,0,-1.6327821847517,0,-1.45454545454545,0.0638297872340426,-0.0197486535008977,0.0819206234004355,0,20.0,22.0
2012,REG+POST,00-0028581,P.DiMarco,Patrick DiMarco,FB,RB,"https://static.www.nfl.com/image/private/f_auto,q_auto/league/chit1zcsfqaoqzkqc9eh",1,KC,0,0,0,0,0,0,0,0,0,0,0,0,,0,,,0,0,0,0,0,0,,0,0,1,0,0,0,0,4,0,0,-0.587954532471485,0,0.0,0.0434782608695652,0.0222222222222222,0.0807729468599034,0,0.0,0.0
2012,REG+POST,00-0028613,,Phillip Tanner,RB,RB,,5,DAL,0,0,0,0,0,0,0,0,0,0,0,0,,0,,,25,61,0,0,0,3,-4.89816101331049,0,4,5,41,0,0,0,15,28,3,2.40241700108163,0,2.73333333333333,0.0340136054421769,0.0109970674486804,0.0587183553773416,0,10.2,14.2
2012,REG+POST,00-0028646,,David Gilreath,WR,WR,,2,PIT,0,0,0,0,0,0,0,0,0,0,0,0,,0,,,1,7,0,0,0,0,0.388628962449729,0,0,2,0,0,0,0,50,0,0,-0.179055234591942,0,0.0,0.0273972602739726,0.0673854447439353,0.0882657017317136,0,0.7,0.7
2012,REG+POST,00-0028651,,Mike McNeill,TE,TE,,5,LA,0,0,0,0,0,0,0,0,0,0,0,0,,0,,,0,0,0,0,0,0,,0,4,7,31,0,0,0,43,15,1,-4.36878080759197,0,0.72093023255814,0.0421686746987952,0.0308464849354376,0.0848455515029991,0,3.1,7.1
2012,REG+POST,00-0028706,,Armond Smith,RB,RB,,1,CAR,0,0,0,0,0,0,0,0,0,0,0,0,,0,,,3,0,0,0,0,0,-2.24684349918971,0,0,0,0,0,0,0,0,0,0,,0,,,,,0,0.0,0.0
2012,REG+POST,00-0028736,,William Powell,RB,RB,,12,ARI,0,0,0,0,0,0,0,0,0,0,0,0,,0,,,60,217,0,0,0,10,-5.39563506486593,0,19,25,132,0,0,0,94,81,6,-6.4505346424703,0,1.40425531914894,0.0728862973760933,0.033535497681056,0.132804294440879,0,34.9,53.9
2012,REG+POST,00-0028792,,Kevin Cone,WR,WR,,1,ATL,0,0,0,0,0,0,0,0,0,0,0,0,,0,,,0,0,0,0,0,0,,0,0,1,0,0,0,0,1,0,0,-0.567963764711749,0,0.0,0.0204081632653061,0.0023866348448687,0.0322828892893673,0,0.0,0.0
2012,REG+POST,00-0028825,T.Pryor,Terrelle Pryor,WR,WR,"https://static.www.nfl.com/image/private/f_auto,q_auto/league/ac6blk5o4ztsr7hvtil9",3,LV,14,30,155,2,1,0,0,0,0,338,25,9,1.3403564269247,0,0.458579881656805,0.0184210873956209,10,51,1,0,0,4,1.31941125774756,0,1,1,22,0,0,0,1,21,1,2.13026719493791,0,22.0,0.0277777777777778,0.0040160642570281,0.0444779116465863,0,25.5,26.5
2012,REG+POST,00-0028841,,Will Johnson,RB,RB,"https://static.www.nfl.com/image/private/f_auto,q_auto/league/zon7oejkgzgqyzcdhach",13,PIT,0,0,0,0,0,0,0,0,0,0,0,0,,0,,,2,7,0,0,0,0,-0.181901961099356,0,15,26,137,1,0,0,128,78,8,2.3695298146049,0,1.0703125,0.0568927789934355,0.0329557157569516,0.108408169520019,0,20.4,35.4
2012,REG+POST,00-0028842,,Hayden Smith,TE,TE,,1,NYJ,0,0,0,0,0,0,0,0,0,0,0,0,,0,,,0,0,0,0,0,0,,0,1,1,16,0,0,0,-5,21,1,1.19540854846127,0,0.0,0.04,-0.0261780104712042,0.0416753926701571,0,1.6,2.6
2012,REG+POST,00-0028872,J.Hekker,Johnny Hekker,P,SPEC,"https://static.www.nfl.com/image/upload/f_auto,q_auto/league/bcl8kjfwubicyywpxfny",3,LA,3,3,42,1,0,0,0,0,0,21,21,3,8.20049924816703,0,2.0,,1,-9,0,0,0,0,-2.50769411423244,0,0,0,0,0,0,0,0,0,0,,0,,,,,0,4.78,4.78
2012,REG+POST,00-0028876,,Collin Mooney,RB,RB,,1,TEN,0,0,0,0,0,0,0,0,0,0,0,0,,0,,,5,19,0,0,0,2,-2.19939900340978,0,0,0,0,0,0,0,0,0,0,,0,,,,,0,1.9,1.9
2012,REG+POST,00-0028899,R.McLeod,Rodney McLeod,FS,DB,"https://static.www.nfl.com/image/upload/f_auto,q_auto/league/ettne7rdpnkozuyhx8be",1,LA,0,0,0,0,0,0,0,0,0,0,0,0,,0,,,0,0,0,0,0,0,,0,1,1,21,0,0,0,10,11,1,1.02746309206123,0,2.1,0.0256410256410256,0.0393700787401575,0.0660205935796487,0,2.1,3.1
2012,REG+POST,00-0028903,G.Celek,Garrett Celek,TE,TE,"https://static.www.nfl.com/image/private/f_auto,q_auto/league/hin5nyuakhpbngjhepty",4,SF,0,0,0,0,0,0,0,0,0,0,0,0,,0,,,0,0,0,0,0,0,,0,4,7,51,0,0,0,54,21,2,1.82101944793249,0,0.944444444444444,0.0555555555555556,0.0406320541760722,0.111775771256584,0,5.1,9.1
2012,REG+POST,00-0028905,,Chris Owusu,WR,WR,"https://static.www.nfl.com/image/private/f_auto,q_auto/league/jt4c83h8nuz5einex0ya",2,TB,0,0,0,0,0,0,0,0,0,0,0,0,,0,,,0,0,0,0,0,0,,0,1,3,24,0,0,0,27,11,1,-2.52957909269026,0,0.888888888888889,0.0416666666666667,0.0338770388958595,0.0862139272271016,0,2.4,3.4
2012,REG+POST,00-0028906,,Nathan Palmer,WR,WR,,3,IND,0,0,0,0,0,0,0,0,0,0,0,0,,0,,,0,0,0,0,0,0,,0,1,4,-4,0,0,0,44,-1,0,-2.87334562910334,0,-0.0909090909090909,0.027027027027027,0.0279187817258883,0.0600836877486624,0,-0.4,0.6
2012,REG+POST,00-0028930,,Josh Cooper,WR,WR,,6,CLE,0,0,0,0,0,0,0,0,0,0,0,0,,0,,,0,0,0,0,0,0,,0,8,18,106,0,0,0,136,52,6,2.95323841459507,0,0.779411764705882,0.09,0.0953048353188507,0.201713384723196,0,10.6,18.6
2012,REG+POST,00-0028958,C.Harkey,Cory Harkey,TE,TE,"https://static.www.nfl.com/image/private/f_auto,q_auto/league/qnxxlalj3rx8oueqjgsv",2,LA,0,0,0,0,0,0,0,0,0,0,0,0,,0,,,0,0,0,0,0,0,,0,1,2,21,0,0,0,25,7,1,0.709235931339208,0,0.84,0.0204081632653061,0.0342935528120713,0.0546177318664091,0,2.1,3.1
2012,REG+POST,00-0028994,,Dominique Jones,TE,TE,"https://static.www.nfl.com/image/private/f_auto,q_auto/league/idkomraqkcnmkivkqjwk",1,IND,0,0,0,0,0,0,0,0,0,0,0,0,,0,,,0,0,0,0,0,0,,0,1,1,8,0,0,0,3,5,0,0.540751696331427,0,2.66666666666667,0.0222222222222222,0.0068649885583524,0.03813882532418,0,0.8,1.8
2012,REG+POST,00-0028995,,Stephen Hill,WR,WR,,11,NYJ,0,0,0,0,0,0,0,0,0,0,0,0,,0,,,0,0,0,0,0,0,,0,21,47,252,3,0,0,636,32,17,0.217604411448559,0,0.39622641509434,0.13946587537092,0.215593220338983,0.360114067293668,0,43.2,64.2
2012,REG+POST,00-0029000,C.Beasley,Cole Beasley,WR,WR,"https://static.www.nfl.com/image/private/f_auto,q_auto/league/y5r0fhwctl6ljwvmktvu",8,DAL,0,0,0,0,0,0,0,0,0,0,0,0,,0,,,0,0,0,0,0,0,,0,15,24,128,0,0,0,125,59,8,-2.75521965674317,0,1.024,0.0731707317073171,0.0480399692544197,0.143384076039069,0,12.8,27.8
2012,REG+POST,00-0029004,L.Dunbar,Lance Dunbar,RB,RB,"https://static.www.nfl.com/image/private/f_auto,q_auto/league/mwxzuvjfvoecnoze3aty",6,DAL,0,0,0,0,0,0,0,0,0,0,0,0,,0,,,21,75,0,0,0,5,-4.17437301326414,0,6,12,33,0,0,0,28,24,3,-2.19134715851396,0,1.17857142857143,0.0638297872340426,0.0178685386088066,0.108252657877228,0,10.8,16.8
2012,REG+POST,00-0029051,,Jarrett Boykin,WR,WR,,5,GB,0,0,0,0,0,0,0,0,0,0,0,0,,0,,,0,0,0,0,0,0,,0,5,6,27,0,0,0,50,6,1,1.5190884333602,0,0.54,0.0372670807453416,0.0446030330062444,0.0871227442223835,0,2.7,7.7
2012,REG+POST,00-0029055,,Kevin Elliott,WR,WR,,8,JAX,0,0,0,0,0,0,0,0,0,0,0,0,,0,,,0,0,0,0,0,0,,0,10,31,108,0,0,0,322,27,6,-14.8776996474946,0,0.335403726708075,0.111510791366906,0.137137989778535,0.263262779895334,0,10.8,20.8
2012,REG+POST,00-0029129,R.Streater,Rod Streater,WR,WR,"https://static.www.nfl.com/image/private/f_auto,q_auto/league/szf4hqnrz6egphxvcwnf",15,LV,0,0,0,0,0,0,0,0,0,0,0,0,,0,,,0,0,0,0,0,0,,0,39,75,584,3,1,1,983,140,27,15.0912024998003,1,0.594099694811801,0.127118644067797,0.193542035833826,0.326157391185373,0,76.4,115.4
2012,REG+POST,00-0029130,,Dezman Moses,LB,LB,,1,GB,0,0,0,0,0,0,0,0,0,0,0,0,,0,,,0,0,0,0,0,0,,0,0,0,0,0,0,0,0,0,0,,0,,,,,1,6.0,6.0
2012,REG+POST,00-0029137,A.Jeffery,Alshon Jeffery,WR,WR,"https://static.www.nfl.com/image/private/f_auto,q_auto/league/qrbsgwhzlsmwgkdfjryh",10,CHI,0,0,0,0,0,0,0,0,0,0,0,0,,0,,,0,0,0,0,0,0,,0,24,48,367,3,0,0,797,65,17,4.33910664829954,0,0.460476787954831,0.155844155844156,0.241588360109124,0.402878085842621,0,54.7,78.7
2012,REG+POST,00-0029140,,Chris Rainey,RB,RB,,14,PIT,0,0,0,0,0,0,0,0,0,0,0,0,,0,,,26,102,2,0,0,5,1.78919866479229,0,14,22,60,0,3,1,-9,81,1,-14.6659621637213,0,-6.66666666666667,0.0511627906976744,-0.0026124818577648,0.0749154487460762,0,26.2,40.2
2012,REG+POST,00-0029141,A.Morris,Alfred Morris,RB,RB,"https://static.www.nfl.com/image/private/f_auto,q_auto/league/igrm4hy4pishp4rdamin",17,WAS,0,0,0,0,0,0,0,0,0,0,0,0,,0,,,351,1693,13,4,3,86,-0.376479941514075,0,11,16,77,0,0,0,23,65,3,-0.879558199671687,0,3.34782608695652,0.0533333333333333,0.0089009287925696,0.0862306501547988,0,249.0,260.0
2012,REG+POST,00-0029155,,Mike Brown,WR,WR,,1,JAX,0,0,0,0,0,0,0,0,0,0,0,0,,0,,,0,0,0,0,0,0,,0,0,1,0,0,0,0,6,0,0,-0.527605554554611,0,0.0,0.024390243902439,0.015,0.0470853658536585,0,0.0,0.0
2012,REG+POST,00-0029159,J.Kearse,Jermaine Kearse,WR,WR,"https://static.www.nfl.com/image/private/f_auto,q_auto/league/tvnzajvst7kdglamw4t6",5,SEA,0,0,0,0,0,0,0,0,0,0,0,0,,0,,,0,0,0,0,0,0,,0,3,7,31,0,0,0,93,1,2,0.068417594069615,0,0.333333333333333,0.0603448275862069,0.0882352941176471,0.152281947261663,0,3.1,6.1
2012,REG+POST,00-0029204,,Toney Clemons,WR,WR,,4,JAX,0,0,0,0,0,0,0,0,0,0,0,0,,0,,,0,0,0,0,0,0,,0,3,11,41,0,0,0,163,2,2,-5.682515264838,0,0.251533742331288,0.0662650602409639,0.111950549450549,0.17776297497683,0,4.1,7.1
2012,REG+POST,00-0029205,T.Cadet,Travaris Cadet,RB,RB,"https://static.www.nfl.com/image/private/f_auto,q_auto/league/gj0pjzj0zzefpabtuki1",4,NO,0,0,0,0,0,0,0,0,0,0,0,0,,0,,,1,5,0,0,0,0,-0.57102210377343,0,5,8,44,0,0,0,14,54,3,1.21229276875965,0,3.14285714285714,0.0824742268041237,0.0175438596491228,0.135992041960572,0,4.9,9.9
2012,REG+POST,00-0029209,,Ryan Broyles,WR,WR,,8,DET,0,0,0,0,0,0,0,0,0,0,0,0,,0,,,0,0,0,0,0,0,,0,22,32,310,2,0,0,296,152,16,18.2251804281841,0,1.0472972972973,0.0874316939890711,0.0872384320660183,0.192214443429819,0,43.0,65.0
2012,REG+POST,00-0029218,,David Paulson,TE,TE,,8,PIT,0,0,0,0,0,0,0,0,0,0,0,0,,0,,,0,0,0,0,0,0,,0,7,11,51,0,1,0,41,29,0,0.811002735776128,0,1.24390243902439,0.0415094339622642,0.0208333333333333,0.0768474842767296,0,5.1,12.1
2012,REG+POST,00-0029239,B.Bolden,Brandon Bolden,RB,RB,"https://static.www.nfl.com/image/private/f_auto,q_auto/league/kqqwz35z9brhkzbs4bcn",8,NE,0,0,0,0,0,0,0,0,0,0,0,0,,0,,,56,274,2,0,0,18,3.51287227489925,0,2,2,11,0,0,0,1,10,1,0.185783816035837,0,11.0,0.0298507462686567,0.0017094017094017,0.0459727005995663,0,40.5,42.5
2012,REG+POST,00-0029251,,David Wilson,RB,RB,,14,NYG,0,0,0,0,0,0,0,0,0,0,0,0,,0,,,71,358,4,1,1,17,-4.30687104121555,0,4,9,34,1,0,0,30,14,2,-1.07665538856397,0,1.13333333333333,0.0436893203883495,0.0153767298821117,0.0762976915000025,1,73.2,77.2
2012,REG+POST,00-0029260,,LaMichael James,RB,RB,"https://static.www.nfl.com/image/private/f_auto,q_auto/league/roxgufvnndlwl05chvur",7,SF,0,0,0,0,0,0,0,0,0,0,0,0,,0,,,38,190,1,2,1,11,1.72238056688486,0,5,7,40,0,0,0,18,25,3,0.559158388001379,0,2.22222222222222,0.0518518518518519,0.0142517814726841,0.0877540248086566,0,27.0,32.0
2012,REG+POST,00-0029262,R.Randle,Rueben Randle,WR,WR,"https://static.www.nfl.com/image/private/f_auto,q_auto/league/qsjafvitrrheqq3uku9g",10,NYG,0,0,0,0,0,0,0,0,0,0,0,0,,0,,,0,0,0,0,0,0,,0,19,32,298,3,0,0,379,73,13,12.9802968571623,0,0.786279683377309,0.098159509202454,0.121864951768489,0.232544730041623,0,47.8,66.8
2012,REG+POST,00-0029263,R.Wilson,Russell Wilson,QB,QB,"https://static.www.nfl.com/image/upload/f_auto,q_auto/league/u36rhg0md8ey3b4khbre",18,SEA,291,455,3690,29,11,40,251,4,2,4588,1478,177,98.2033823085967,1,0.804272013949433,0.164337648097537,109,616,5,3,1,39,21.050541543949,0,0,0,0,0,0,0,0,0,0,,0,,,,,0,329.2,329.2
2012,REG+POST,00-0029264,B.Pierce,Bernard Pierce,RB,RB,"https://static.www.nfl.com/image/private/f_auto,q_auto/league/fpkdvnu4uzvwxhwaryzm",19,BAL,0,0,0,0,0,0,0,0,0,0,0,0,,0,,,147,734,1,0,0,31,-7.20720117997231,0,8,12,55,0,0,0,-7,54,5,0.916441182373092,0,-7.85714285714286,0.0470588235294118,-0.0030381944444444,0.0684614991830065,0,84.9,92.9
2012,REG+POST,00-0029269,T.Benjamin,Travis Benjamin,WR,WR,"https://static.www.nfl.com/image/private/f_auto,q_auto/league/io9silocxbywvisvcvpx",12,CLE,0,0,0,0,0,0,0,0,0,0,0,0,,0,,,6,66,0,0,0,3,2.6045517171151,0,18,37,298,2,1,1,560,65,13,-7.00779625307861,0,0.532142857142857,0.1,0.18111254851229,0.276778783958603,1,52.4,70.4
2012,REG+POST,00-0029271,,Joe Adams,WR,WR,,3,CAR,0,0,0,0,0,0,0,0,0,0,0,0,,0,,,3,13,0,0,0,0,-0.140520080109127,0,1,1,7,0,0,0,2,5,0,0.312817619065754,0,3.5,0.037037037037037,0.0055865921787709,0.0594661700806952,0,2.0,3.0
2012,REG+POST,00-0029273,R.Turbin,Robert Turbin,RB,RB,"https://static.www.nfl.com/image/private/f_auto,q_auto/league/vkqpomzfvo7kei1729jm",17,SEA,0,0,0,0,0,0,0,0,0,0,0,0,,0,,,92,394,0,0,0,17,-11.6614828422025,0,22,27,224,0,0,0,95,166,9,3.43932575281155,0,2.35789473684211,0.0699481865284974,0.024895178197065,0.122348904530692,0,61.8,83.8
2012,REG+POST,00-0029274,,Devon Wylie,WR,WR,,4,KC,0,0,0,0,0,0,0,0,0,0,0,0,,0,,,0,0,0,0,0,0,,0,6,12,53,0,0,0,76,11,2,-4.00100376003531,0,0.697368421052632,0.121212121212121,0.0976863753213368,0.250198644543118,0,5.3,11.3
2012,REG+POST,00-0029275,,Ladarius Green,TE,TE,"https://static.www.nfl.com/image/private/f_auto,q_auto/league/h6emukrr14tvhufmdy1c",2,LAC,0,0,0,0,0,0,0,0,0,0,0,0,,0,,,0,0,0,0,0,0,,0,4,4,56,0,0,0,14,42,1,3.01743857903057,0,4.0,0.0555555555555556,0.0224358974358974,0.0990384615384615,0,5.6,9.6
2012,REG+POST,00-0029276,,Evan Rodriguez,TE,TE,,7,CHI,0,0,0,0,0,0,0,0,0,0,0,0,,0,,,0,0,0,0,0,0,,0,4,8,21,0,0,0,-4,19,2,-1.71793959412025,0,0.0,0.0406091370558376,-0.0020100502512562,0.0595066704078769,0,2.1,6.1
2012,REG+POST,00-0029293,M.Jones,Marvin Jones,WR,WR,"https://static.www.nfl.com/image/private/f_auto,q_auto/league/ciy9sxefmcnwjw7ln3h2",9,CIN,0,0,0,0,0,0,0,0,0,0,0,0,,0,,,3,47,0,0,0,2,2.52272487885784,0,21,37,235,1,0,0,479,38,13,-4.99055968309165,0,0.490605427974948,0.126712328767123,0.176948651643886,0.313932549301405,0,34.2,55.2
2012,REG+POST,00-0029298,,Cyrus Gray,RB,RB,,4,KC,0,0,0,0,0,0,0,0,0,0,0,0,,0,,,7,44,0,0,0,3,1.44812839530641,0,2,3,18,0,0,0,3,12,0,-1.28581587550494,0,6.0,0.0384615384615385,0.0051457975986277,0.0612943660113472,0,6.2,8.2
2012,REG+POST,00-0029315,,Brad Smelley,TE,TE,,1,CLE,0,0,0,0,0,0,0,0,0,0,0,0,,0,,,0,0,0,0,0,0,,0,1,1,3,0,0,0,3,0,0,-0.232410763506778,0,1.0,0.0277777777777778,0.0115384615384615,0.0497435897435897,0,0.3,1.3
2012,REG+POST,00-0029343,,LaRon Byrd,WR,WR,,2,ARI,0,0,0,0,0,0,0,0,0,0,0,0,,0,,,0,0,0,0,0,0,,0,1,2,8,0,0,0,12,2,1,0.886922713398235,0,0.666666666666667,0.0198019801980198,0.014268727705113,0.0396910796906088,0,0.8,1.8
2012,REG+POST,00-0029358,,Nate Eachus,FB,RB,,2,KC,0,0,0,0,0,0,0,0,0,0,0,0,,0,,,5,18,0,0,0,0,-0.75752337439917,0,1,3,19,0,0,0,19,5,1,0.375308390939608,0,1.0,0.038961038961039,0.0376984126984127,0.0848304473304473,0,3.7,4.7
2012,REG+POST,00-0029388,D.Thompson,Deonte Thompson,WR,WR,"https://static.www.nfl.com/image/private/f_auto,q_auto/league/bvfgozqccoo627wuitkb",2,BAL,0,0,0,0,0,0,0,0,0,0,0,0,,0,,,0,0,0,0,0,0,,0,5,6,51,0,0,0,45,23,2,1.36835303541878,0,1.13333333333333,0.0952380952380952,0.0831792975970425,0.201082651175073,0,5.1,10.1
2012,REG+POST,00-0029414,O.Charles,Orson Charles,TE,TE,"https://static.www.nfl.com/image/private/f_auto,q_auto/league/shbtvc2u3xznv47nzvm2",8,CIN,0,0,0,0,0,0,0,0,0,0,0,0,,0,,,0,0,0,0,0,0,,0,8,10,101,0,0,0,55,48,5,4.48770698724547,0,1.83636363636364,0.0384615384615385,0.0244661921708185,0.0748186422118806,0,10.1,18.1
2012,REG+POST,00-0029415,K.Martin,Keshawn Martin,WR,WR,"https://static.www.nfl.com/image/private/f_auto,q_auto/league/guf4yzrzgnpmx7uonpqs",14,HOU,0,0,0,0,0,0,0,0,0,0,0,0,,0,,,5,69,0,0,0,4,4.06371550279437,0,10,28,85,1,0,0,209,37,6,-12.955422624119,0,0.406698564593301,0.0707070707070707,0.0691823899371069,0.154488279016581,0,21.4,31.4
2012,REG+POST,00-0029422,K.Tandy,Keith Tandy,FS,DB,"https://static.www.nfl.com/image/private/f_auto,q_auto/league/pbv9t31rlpijuppxc3ey",1,TB,0,0,0,0,0,0,0,0,0,0,0,0,,0,,,1,18,0,0,0,1,3.34764555376023,0,0,0,0,0,0,0,0,0,0,,0,,,,,0,1.8,1.8
2012,REG+POST,00-0029424,,Marvin McNutt,WR,WR,,1,PHI,0,0,0,0,0,0,0,0,0,0,0,0,,0,,,0,0,0,0,0,0,,0,0,2,0,0,0,0,64,0,0,-1.17591694032308,0,0.0,0.04,0.129292929292929,0.150505050505051,0,0.0,0.0
2012,REG+POST,00-0029429,,Bryce Brown,RB,RB,"https://static.www.nfl.com/image/private/f_auto,q_auto/league/sf0mz0q1kzqu2v3lmmsa",16,PHI,0,0,0,0,0,0,0,0,0,0,0,0,,0,,,115,564,4,4,3,33,-21.5911761454105,0,13,19,56,0,0,0,-29,91,3,-5.96122801184123,0,-1.93103448275862,0.0917874396135266,-0.0158383397050792,0.126594321626734,0,80.0,93.0
2012,REG+POST,00-0029435,,Damaris Johnson,WR,WR,"https://static.www.nfl.com/image/private/f_auto,q_auto/league/fbcf86kaohvtyvoz2t0y",11,PHI,0,0,0,0,0,0,0,0,0,0,0,0,,0,,,3,12,0,0,0,2,0.0442748973146081,0,19,31,256,0,0,0,321,100,14,16.8142948403313,0,0.797507788161994,0.0736342042755344,0.0886985355070462,0.172540281268234,1,32.8,51.8
2012,REG+POST,00-0029441,,Jeremy Stewart,RB,RB,,4,LV,0,0,0,0,0,0,0,0,0,0,0,0,,0,,,25,101,0,0,0,3,-3.93415871122852,0,8,8,62,0,0,0,-15,77,2,0.107575952541083,0,-4.13333333333333,0.064,-0.014792899408284,0.0856449704142012,0,16.3,24.3
2012,REG+POST,00-0029510,J.Grimes,Jonathan Grimes,RB,RB,"https://static.www.nfl.com/image/private/f_auto,q_auto/league/kzodfrw342cy91lw12n4",2,NYJ,0,0,0,0,0,0,0,0,0,0,0,0,,0,,,2,6,0,0,0,0,-0.252940501202829,0,2,2,7,0,0,0,1,6,1,0.499368814285845,0,7.0,0.0210526315789474,0.0024630541871921,0.0333030852994555,0,1.3,3.3
2012,REG+POST,00-0029530,J.Bethel,Justin Bethel,CB,DB,"https://static.www.nfl.com/image/private/f_auto,q_auto/league/ctqpivwrs2u9gwrohbce",1,ARI,0,0,0,0,0,0,0,0,0,0,0,0,,0,,,0,0,0,0,0,0,,0,0,0,0,0,0,0,0,0,0,,0,,,,,1,6.0,6.0
2012,REG+POST,00-0029531,,Ryan Lindley,QB,QB,"https://static.www.nfl.com/image/private/f_auto,q_auto/league/hkcspynbhidpjfs3npao",6,ARI,89,171,752,0,7,12,91,2,2,1406,262,38,-87.9419833903546,0,0.534850640113798,-0.0328553195965856,4,7,0,1,0,1,-2.62249655631604,0,0,0,0,0,0,0,0,0,0,,0,,,,,0,12.78,12.78
2012,REG+POST,00-0029546,S.Kelemete,Senio Kelemete,G,OL,"https://static.www.nfl.com/image/private/f_auto,q_auto/league/t9irjxooncg3zlidmyuk",1,ARI,0,0,0,0,0,0,0,0,0,0,0,0,,0,,,0,0,0,0,0,0,,0,1,1,10,0,0,0,2,8,1,0.612260031979531,0,5.0,0.0294117647058824,0.0064516129032258,0.0486337760910816,0,1.0,2.0
2012,REG+POST,00-0029547,,Vick Ballard,RB,RB,"https://static.www.nfl.com/image/private/f_auto,q_auto/league/uggql1lgrwzanbof6mfd",17,IND,0,0,0,0,0,0,0,0,0,0,0,0,,0,,,233,905,2,3,0,52,-18.5499238467892,0,18,29,155,1,0,0,95,121,8,2.36701836137994,0,1.63157894736842,0.0531135531135531,0.0171759175555957,0.0916934719592467,0,124.0,142.0
2012,REG+POST,00-0029548,,LaVon Brazill,WR,WR,,12,IND,0,0,0,0,0,0,0,0,0,0,0,0,,0,,,0,0,0,0,0,0,,0,12,26,203,1,0,0,476,74,8,3.91557726218471,0,0.426470588235294,0.0530612244897959,0.100890207715134,0.150214982135287,0,26.3,38.3
2012,REG+POST,00-0029567,N.Foles,Nick Foles,QB,QB,"https://static.www.nfl.com/image/private/f_auto,q_auto/league/dxuz2ir773wylutxo7zs",7,PHI,161,265,1699,6,5,20,131,5,2,2164,818,76,-15.8221128215809,0,0.785120147874307,0.0449410929834055,11,42,1,3,1,5,-3.24795480479952,0,0,0,0,0,0,0,0,0,0,,0,,,,,0,86.16,86.16
2012,REG+POST,00-0029572,J.Wright,Jarius Wright,WR,WR,"https://static.www.nfl.com/image/private/f_auto,q_auto/league/f4xgfra44cd6qjy6havp",8,MIN,0,0,0,0,0,0,0,0,0,0,0,0,,0,,,2,11,0,0,0,1,0.696639833273366,0,24,40,323,2,0,0,419,119,14,14.6563286311873,0,0.770883054892602,0.178571428571429,0.216537467700258,0.419433370247324,0,45.4,69.4
2012,REG+POST,00-0029580,R.Matthews,Rishard Matthews,WR,WR,"https://static.www.nfl.com/image/private/f_auto,q_auto/league/fr7nzgwarzuorvi8cvlc",6,MIA,0,0,0,0,0,0,0,0,0,0,0,0,,0,,,0,0,0,0,0,0,,0,11,20,151,0,0,0,241,30,7,-2.99047544439588,0,0.62655601659751,0.112359550561798,0.139872315728381,0.266449946852563,0,15.1,26.1
2012,REG+POST,00-0029587,R.Ellison,Rhett Ellison,TE,TE,"https://static.www.nfl.com/image/private/f_auto,q_auto/league/pqvmhpdoritjtp8ng7ep",8,MIN,0,0,0,0,0,0,0,0,0,0,0,0,,0,,,0,0,0,0,0,0,,0,7,10,65,0,0,0,0,66,2,-0.44011599739315,0,0.0,0.0390625,0.0,0.05859375,0,6.5,13.5
2012,REG+POST,00-0029588,,Dan Herron,RB,RB,,2,CIN,0,0,0,0,0,0,0,0,0,0,0,0,,0,,,4,5,0,0,0,0,-2.41494509024778,0,0,1,0,0,0,0,-7,0,0,-0.771462233038619,0,0.0,0.04,-0.0353535353535354,0.0352525252525253,0,0.5,0.5
2012,REG+POST,00-0029590,,Taylor Thompson,TE,TE,,9,TEN,0,0,0,0,0,0,0,0,0,0,0,0,,0,,,0,0,0,0,0,0,,0,6,13,46,0,0,0,132,15,0,-10.9702225477668,0,0.348484848484849,0.0426229508196721,0.0497175141242938,0.0987366861165138,0,4.6,10.6
2012,REG+POST,00-0029597,J.Tucker,Justin Tucker,K,SPEC,"https://static.www.nfl.com/image/upload/f_auto,q_auto/league/thawkkxcbyuddwuidgb0",1,BAL,0,0,0,0,0,0,0,0,0,0,0,0,,0,,,1,8,0,0,0,0,-2.47522147995187,0,0,0,0,0,0,0,0,0,0,,0,,,,,0,0.8,0.8
2012,REG+POST,00-0029604,K.Cousins,Kirk Cousins,QB,QB,"https://static.www.nfl.com/image/upload/f_auto,q_auto/league/yt6n07jezvfmcsoq0j13",4,WAS,36,58,497,4,3,3,27,1,0,541,202,22,7.24250784371191,0,0.918669131238447,0.103749640300592,4,22,0,1,0,1,-4.96991642273497,1,0,0,0,0,0,0,0,0,0,,0,,,,,0,34.08,34.08
2012,REG+POST,00-0029608,T.Hilton,T.Y. Hilton,WR,WR,"https://static.www.nfl.com/image/private/f_auto,q_auto/league/b8kor0sgeynyd8u8cush",16,IND,0,1,0,0,0,0,0,0,0,6,0,0,-0.883335445832927,0,0.0,,5,29,0,0,0,2,-0.554169706359971,0,58,103,927,7,0,0,1200,421,31,38.6342197379412,0,0.7725,0.164536741214058,0.186451211932878,0.377320960174101,1,143.6,201.6
2012,REG+POST,00-0029610,,Mike Harris,DB,DB,,1,JAX,0,0,0,0,0,0,0,0,0,0,0,0,,0,,,0,0,0,0,0,0,,0,0,0,0,0,0,0,0,0,0,,0,,,,,1,6.0,6.0
2012,REG+POST,00-0029612,D.Richardson,Daryl Richardson,RB,RB,"https://static.www.nfl.com/image/private/f_auto,q_auto/league/taqrenf1eqcvd1nibre5",16,LA,0,0,0,0,0,0,0,0,0,0,0,0,,0,,,98,475,0,2,2,19,-7.66398669104285,1,24,36,163,0,1,0,-32,183,7,-12.1521309470825,0,-5.09375,0.0775862068965517,-0.0093869169844529,0.109808468455711,0,61.8,85.8
2012,REG+POST,00-0029613,D.Martin,Doug Martin,RB,RB,"https://static.www.nfl.com/image/private/f_auto,q_auto/league/lhazttk4tjpi7ggf7du4",16,TB,0,0,0,0,0,0,0,0,0,0,0,0,,0,,,319,1454,11,1,1,58,-4.39877217962919,0,49,70,472,1,0,0,93,436,18,12.9802674624953,0,5.0752688172043,0.125223613595707,0.0177956371986223,0.200292366432596,0,262.6,311.6
2012,REG+POST,00-0029614,,Chris Givens,WR,WR,,15,LA,0,0,0,0,0,0,0,0,0,0,0,0,,0,,,3,12,0,0,0,1,-0.65766600612551,0,42,80,698,3,0,0,1188,277,25,20.0188052535697,1,0.587542087542088,0.158102766798419,0.274682080924856,0.429431606845027,0,91.0,133.0
2012,REG+POST,00-0029615,L.Miller,Lamar Miller,RB,RB,"https://static.www.nfl.com/image/private/f_auto,q_auto/league/vqxh6ynpmczzfyl9kcgq",9,MIA,0,0,0,0,0,0,0,0,0,0,0,0,,0,,,51,250,1,0,0,12,0.720931091665989,0,6,9,45,0,0,0,-1,40,4,1.16190922108945,0,-45.0,0.0559006211180124,-0.0007530120481927,0.0833238232432837,0,35.5,41.5
2012,REG+POST,00-0029619,,Jorvorskie Lane,FB,RB,"https://static.www.nfl.com/image/private/f_auto,q_auto/league/fru99ajpyfcvy4hrigtx",12,MIA,0,0,0,0,0,0,0,0,0,0,0,0,,0,,,13,13,2,1,1,5,-8.65912270513945,0,11,12,79,1,1,0,18,59,3,4.69577496298007,1,4.38888888888889,0.046875,0.0107462686567164,0.0778348880597015,0,27.2,38.2
2012,REG+POST,00-0029626,,Isaiah Pead,RB,RB,,8,LA,0,0,0,0,0,0,0,0,0,0,0,0,,0,,,10,54,0,0,0,2,1.17391893890454,0,3,4,16,0,1,0,32,17,0,-1.24583784566494,0,0.5,0.0268456375838926,0.0307396733909702,0.0617862277495181,0,7.0,10.0
2012,REG+POST,00-0029632,M.Sanu,Mohamed Sanu,WR,WR,"https://static.www.nfl.com/image/private/f_auto,q_auto/league/a6loroqhta6g65aqnsrk",6,CIN,1,1,73,1,0,0,0,0,0,43,30,1,6.47074075881392,0,1.69767441860465,,5,15,0,0,0,2,-0.4724524426274,0,16,25,154,4,0,0,167,71,10,15.6254362334374,0,0.922155688622755,0.161290322580645,0.128858024691358,0.332136101154918,0,47.82,63.82
2012,REG+POST,00-0029634,J.Hanna,James Hanna,TE,TE,"https://static.www.nfl.com/image/private/f_auto,q_auto/league/rtnxe02klclu847zqbdq",6,DAL,0,0,0,0,0,0,0,0,0,0,0,0,,0,,,0,0,0,0,0,0,,0,8,11,86,0,0,0,51,50,4,2.31848084158451,0,1.68627450980392,0.0434782608695652,0.0218790218790219,0.0805327066196631,0,8.6,16.6
2012,REG+POST,00-0029638,M.Floyd,Michael Floyd,WR,WR,"https://static.www.nfl.com/image/private/f_auto,q_auto/league/lisxjuyoo7hiux1ac4jb",15,ARI,0,0,0,0,0,0,0,0,0,0,0,0,,0,,,0,0,0,0,0,0,,0,45,86,562,2,1,1,992,156,26,4.90687706032943,0,0.566532258064516,0.14853195164076,0.224535989135355,0.379973119855889,0,66.2,111.2
2012,REG+POST,00-0029640,B.Quick,Brian Quick,WR,WR,"https://static.www.nfl.com/image/private/f_auto,q_auto/league/tayczwuhluj2hyrva3cp",14,LA,0,0,0,0,0,0,0,0,0,0,0,0,,0,,,0,0,0,0,0,0,,0,11,27,156,2,0,0,344,23,6,-13.9780048627527,0,0.453488372093023,0.0555555555555556,0.0842517756551555,0.142309576291942,0,27.6,38.6
2012,REG+POST,00-0029642,,Jordan White,WR,WR,,1,NYJ,0,0,0,0,0,0,0,0,0,0,0,0,,0,,,0,0,0,0,0,0,,0,1,3,13,0,0,0,52,3,1,-1.59407761879265,0,0.25,0.0857142857142857,0.153846153846154,0.236263736263736,0,1.3,2.3
2012,REG+POST,00-0029654,,A.J. Jenkins,WR,WR,,1,SF,0,0,0,0,0,0,0,0,0,0,0,0,,0,,,0,0,0,0,0,0,,0,0,1,0,0,0,0,2,0,0,-1.38836289942265,0,0.0,0.0344827586206897,0.0056338028169014,0.0556677999028655,0,0.0,0.0
2012,REG+POST,00-0029660,T.Graham,Trevor Graham,WR,WR,"https://static.www.nfl.com/image/private/f_auto,q_auto/league/wlgjczfjbekzvbjmgtzc",15,BUF,0,0,0,0,0,0,0,0,0,0,0,0,,0,,,1,5,0,0,0,0,0.0206817735452205,0,31,58,322,1,0,0,714,179,14,0.841930499562295,0,0.450980392156863,0.121593291404612,0.194762684124386,0.318723815993989,0,38.7,69.7
2012,REG+POST,00-0029664,J.Gordon,Josh Gordon,WR,WR,"https://static.www.nfl.com/image/private/f_auto,q_auto/league/wwqz2ujrj7wp86tyaxof",16,CLE,0,0,0,0,0,0,0,0,0,0,0,0,,0,,,0,0,0,0,0,0,,0,50,95,805,5,1,1,1259,302,40,20.9512602818046,0,0.639396346306593,0.169039145907473,0.296793965110797,0.461314494438768,0,108.5,158.5
2012,REG+POST,00-0029665,R.Griffin,Robert Griffin,QB,QB,"https://static.www.nfl.com/image/private/f_auto,q_auto/league/f9gitqxxg3f1uybdcfhc",16,WAS,268,412,3284,22,6,32,233,3,0,3480,1496,158,84.4962746756018,0,0.94367816091954,0.148166537461797,125,836,7,10,3,42,32.1323256745963,0,0,1,0,0,0,0,32,0,0,-1.41710216761567,0,0.0,0.0285714285714286,0.103225806451613,0.115115207373272,0,326.96,326.96
2012,REG+POST,00-0029668,A.Luck,Andrew Luck,QB,QB,"https://static.www.nfl.com/image/private/f_auto,q_auto/league/ojix2ha2u58zqozaw756",17,IND,367,681,4662,23,19,44,267,10,6,6854,1766,224,5.50864451201212,0,0.680186752261453,0.0628547040976947,66,290,5,1,0,26,28.7319158881017,0,0,0,0,0,0,0,0,0,0,,0,,,,,0,287.48,287.48
2012,REG+POST,00-0029673,D.Posey,DeVier Posey,WR,WR,"https://static.www.nfl.com/image/private/f_auto,q_auto/league/neyvfbqn4cma8ecy22hb",7,HOU,0,0,0,0,0,0,0,0,0,0,0,0,,0,,,1,-3,0,0,0,0,-1.34066071128473,0,9,19,134,1,0,0,229,35,5,4.46707176518976,0,0.585152838427948,0.0844444444444445,0.134232121922626,0.220629152012505,1,25.1,34.1
2012,REG+POST,00-0029675,,Trent Richardson,,,,15,CLE,0,0,0,0,0,0,0,0,0,0,0,0,,0,,,267,950,11,3,0,36,-31.0635157668074,0,51,70,367,1,0,0,-119,440,18,12.452362397541,0,0.0,0.132075471698113,-0.030005042864347,0.177109677542127,0,203.7,254.7
2012,REG+POST,00-0029677,B.Weeden,Brandon Weeden,QB,QB,"https://static.www.nfl.com/image/private/f_auto,q_auto/league/m8oocp4p9nskilnakgnw",15,CLE,297,517,3385,14,17,28,186,4,1,3845,1775,168,-30.3930540297605,0,0.88036410923277,0.0157839585716288,27,111,0,1,0,11,9.17473222033214,0,0,0,0,0,0,0,0,0,0,,0,,,,,0,166.5,166.5
2012,REG+POST,00-0029682,B.Osweiler,Brock Osweiler,QB,QB,"https://static.www.nfl.com/image/private/f_auto,q_auto/league/pwkmtgeitdi79qtumb2x",5,DEN,2,4,12,0,0,0,0,0,0,23,3,2,-0.2667718182003,0,0.521739130434783,,8,-13,0,0,0,0,-5.54422921972178,0,0,0,0,0,0,0,0,0,0,,0,,,,,0,-0.82,-0.82
2012,REG+POST,00-0029683,R.Hillman,Ronnie Hillman,RB,RB,"https://static.www.nfl.com/image/private/f_auto,q_auto/league/quqwvjr2zciit0emquzg",15,DEN,0,0,0,0,0,0,0,0,0,0,0,0,,0,,,107,413,1,2,1,24,-18.1401723846558,0,13,16,82,0,0,0,6,86,4,0.764130737050517,0,13.6666666666667,0.0401002506265664,0.0019175455417066,0.0614926578190443,0,53.5,66.5
2012,REG+POST,00-0029689,D.Allen,Dwayne Allen,TE,TE,"https://static.www.nfl.com/image/private/f_auto,q_auto/league/wduwt0ibzoutozuywe4b",16,IND,0,0,0,0,0,0,0,0,0,0,0,0,,0,,,3,5,0,0,0,2,-1.23621217397549,0,49,72,572,3,1,0,488,275,33,25.8936193347035,0,1.17213114754098,0.115015974440895,0.0758234928527035,0.225600406658234,0,75.7,124.7
2012,REG+POST,00-0029693,O.Vernon,Olivier Vernon,DE,DL,"https://static.www.nfl.com/image/private/f_auto,q_auto/league/duns00snyaxpnzssaciy",1,MIA,0,0,0,0,0,0,0,0,0,0,0,0,,0,,,0,0,0,0,0,0,,0,0,0,0,0,0,0,0,0,0,,0,,,,,1,6.0,6.0
2012,REG+POST,00-0029697,C.Fleener,Coby Fleener,TE,TE,"https://static.www.nfl.com/image/private/f_auto,q_auto/league/csj8khi0e2rpkvqqjmc1",13,IND,0,0,0,0,0,0,0,0,0,0,0,0,,0,,,0,0,0,0,0,0,,0,29,53,306,2,0,0,435,106,16,3.39068610420429,0,0.703448275862069,0.103718199608611,0.0859174402528145,0.215719507589886,0,42.6,71.6
2012,REG+POST,00-0029701,R.Tannehill,Ryan Tannehill,QB,QB,"https://static.www.nfl.com/image/private/f_auto,q_auto/league/yvwju12dl6haf3r8uzrm",16,MIA,282,484,3294,12,13,35,234,5,3,4111,1243,151,-21.7259838251019,2,0.801264899051326,0.0387470171524821,49,211,2,4,1,16,6.67450028296671,0,0,0,0,0,0,0,0,0,0,,0,,,,,0,182.86,182.86
2012,REG+POST,00-0029702,,Juron Criner,WR,WR,,9,LV,0,0,0,0,0,0,0,0,0,0,0,0,,0,,,0,0,0,0,0,0,,0,16,33,151,1,1,0,232,80,10,-2.90999908240032,1,0.650862068965517,0.107491856677524,0.0882800608828006,0.223033827634247,0,23.1,39.1
2012,REG+POST,00-0029707,,Justin Blackmon,WR,WR,"https://static.www.nfl.com/image/private/f_auto,q_auto/league/tsf8br1swmhlkwnf7gtv",16,JAX,0,0,0,0,0,0,0,0,0,0,0,0,,0,,,2,23,0,0,0,2,1.39277385664172,0,64,132,865,5,1,0,1420,284,41,10.3815034641074,1,0.609154929577465,0.227586206896552,0.284740324844596,0.540697537736045,0,120.8,184.8
2012,REG+POST,00-0029708,K.Wright,Kendall Wright,WR,WR,"https://static.www.nfl.com/image/private/f_auto,q_auto/league/edsrjypqphqpfqezc5k9",15,TEN,0,0,0,0,0,0,0,0,0,0,0,0,,0,,,1,4,0,0,0,0,-0.131557628978044,0,64,104,626,4,1,1,700,314,38,10.4771691498657,0,0.894285714285714,0.205128205128205,0.166587339362208,0.424303445245854,0,85.0,149.0
2013,REG,00-0006101,,Tony Gonzalez,TE,TE,,16,ATL,0,0,0,0,0,0,0,0,0,0,0,0,,0,,,0,0,0,0,0,0,,0,83,121,859,8,0,0,964,224,56,50.2037568868837,1,0.891078838174274,0.186728395061728,0.218198279764599,0.432831388427812,0,135.9,218.9
2013,REG,00-0007091,,Matt Hasselbeck,QB,QB,"https://static.www.nfl.com/image/private/f_auto,q_auto/league/t1nf9avoy2kauqwrvzza",3,IND,7,12,130,0,1,0,0,0,0,77,90,6,3.80997199737036,0,1.68831168831169,0.152742597507077,2,-2,0,0,0,0,0.0,0,0,0,0,0,0,0,0,0,0,,0,,,,,0,3.0,3.0
2013,REG,00-0010346,,Peyton Manning,QB,QB,"https://static.www.nfl.com/image/private/f_auto,q_auto/league/xpcd6auodk3w0vda6jal",16,DEN,450,659,5477,55,10,18,120,5,3,5169,2581,289,263.186097570483,0,1.05958599342233,0.21049007093559,32,-31,1,5,3,1,-28.8023836124042,0,0,0,0,0,0,0,0,0,0,,0,,,,,0,409.98,409.98
2013,REG,00-0015754,,Brandon Stokley,WR,WR,,6,BAL,0,0,0,0,0,0,0,0,0,0,0,0,,0,,,0,0,0,0,0,0,,0,13,21,115,0,0,0,174,60,8,-0.0546655165962875,0,0.660919540229885,0.091703056768559,0.0860108749382106,0.197762197609586,0,11.5,24.5
2013,REG,00-0018956,,Brad Meester,G,OL,,1,JAX,0,0,0,0,0,0,0,0,0,0,0,0,,0,,,0,0,0,0,0,0,,0,1,1,9,0,0,0,-1,10,1,1.28331331559457,0,0.0,0.0294117647058824,-0.0043859649122807,0.041047471620227,0,0.9,1.9
2013,REG,00-0019596,T.Brady,Tom Brady,QB,QB,"https://static.www.nfl.com/image/private/f_auto,q_auto/league/q7dpdlxyu5rs05rgh1le",16,NE,380,628,4343,25,11,40,256,6,2,5304,2014,225,69.3923826903171,2,0.818815987933635,0.0915762069838465,32,18,0,3,1,5,-10.2924546251279,0,0,0,0,0,0,0,0,0,0,,0,,,,,0,251.52,251.52
2013,REG,00-0020245,,Mike Vick,QB,QB,"https://static.www.nfl.com/image/private/f_auto,q_auto/league/hrg4riwhpjbijfovsjrk",7,PHI,77,141,1215,5,3,15,99,3,1,1531,571,51,1.83823128909625,0,0.793598954931417,0.0797913938539801,36,306,2,1,1,17,8.11031382664805,0,0,0,0,0,0,0,0,0,0,,0,,,,,0,101.2,101.2
2013,REG,00-0020337,,Steve Smith,WR,WR,"https://static.www.nfl.com/image/private/f_auto,q_auto/league/k23e0b8cto93he9rt0zc",15,CAR,0,0,0,0,0,0,0,0,0,0,0,0,,0,,,0,0,0,0,0,0,,0,64,110,745,4,0,0,1219,178,44,24.9149143783043,0,0.611156685808039,0.25,0.305743666917482,0.589020566842237,0,98.5,162.5
2013,REG,00-0020494,,Santana Moss,WR,WR,,16,WAS,0,0,0,0,0,0,0,0,0,0,0,0,,0,,,3,25,0,0,0,1,1.17207946616691,0,42,78,452,2,1,1,641,182,28,-12.3201094638621,0,0.705148205928237,0.130217028380634,0.125048770971518,0.282859682251014,0,57.7,99.7
2013,REG,00-0020498,,Reggie Wayne,WR,WR,,7,IND,0,0,0,0,0,0,0,0,0,0,0,0,,0,,,1,5,0,0,0,0,0.198097222018987,0,38,58,503,2,0,0,600,158,28,22.3694693068147,1,0.838333333333333,0.256637168141593,0.27919962773383,0.58039549162607,0,64.8,102.8
2013,REG,00-0020531,D.Brees,Drew Brees,QB,QB,"https://static.www.nfl.com/image/private/f_auto,q_auto/league/i20xlpzdmn7xubotijjd",16,NO,446,650,5162,39,12,37,244,6,2,5181,2435,244,147.933844466703,0,0.996332754294538,0.157430296972848,35,52,3,0,0,6,1.20689950481756,0,0,0,0,0,0,0,0,0,0,,0,,,,,0,357.68,357.68
2013,REG,00-0020679,,Shaun Hill,QB,QB,"https://static.www.nfl.com/image/private/f_auto,q_auto/league/dn42ccbwrshm7uksyphy",1,DET,0,0,0,0,0,0,0,0,0,0,0,0,,0,,,2,-2,0,0,0,0,0.0,0,0,0,0,0,0,0,0,0,0,,0,,,,,0,-0.2,-0.2
2013,REG,00-0021206,J.McCown,Josh McCown,QB,QB,"https://static.www.nfl.com/image/private/f_auto,q_auto/league/qcauc37wqjdaxdbq1evu",8,CHI,149,224,1829,13,1,11,37,2,1,1769,835,90,82.0139167562695,1,1.03391746749576,0.210376868901957,13,69,1,1,0,5,4.75045120087452,0,0,0,0,0,0,0,0,0,0,,0,,,,,0,136.06,136.06
2013,REG,00-0021429,C.Palmer,Carson Palmer,QB,QB,"https://static.www.nfl.com/image/private/f_auto,q_auto/league/belgna3tokxga0gjjmwk",16,ARI,362,572,4274,24,22,41,289,6,3,5266,1756,204,12.8257274780928,0,0.811621724268895,0.0929436589983085,27,3,0,0,0,1,-13.6781445237904,0,0,0,0,0,0,0,0,0,0,,0,,,,,0,217.26,217.26
2013,REG,00-0021488,,Mat McBriar,P,SPEC,,1,PIT,1,1,30,0,0,0,0,0,0,19,11,1,5.57097293797415,0,1.57894736842105,,0,0,0,0,0,0,,0,0,0,0,0,0,0,0,0,0,,0,,,,,0,1.2,1.2
2013,REG,00-0021547,A.Gates,Antonio Gates,TE,TE,"https://static.www.nfl.com/image/private/f_auto,q_auto/league/kndulvysinvn4tpvt0bc",16,LAC,0,0,0,0,0,0,0,0,0,0,0,0,,0,,,0,0,0,0,0,0,,0,77,113,872,4,2,2,804,366,49,30.8202794623903,0,1.08457711442786,0.211214953271028,0.191155492154066,0.450631274414388,0,107.2,184.2
2013,REG,00-0021570,,Kassim Osgood,WR,WR,,2,SF,0,0,0,0,0,0,0,0,0,0,0,0,,0,,,0,0,0,0,0,0,,0,1,1,17,0,0,0,12,5,0,1.37916759541258,0,1.41666666666667,0.0476190476190476,0.0530973451327434,0.108596713021492,1,7.7,8.7
2013,REG,00-0021678,,Tony Romo,QB,QB,"https://static.www.nfl.com/image/private/f_auto,q_auto/league/rdgaxf7djip2ovlkeqjk",15,DAL,342,535,3828,31,10,35,272,2,1,4248,1778,194,61.2434755938795,1,0.901129943502825,0.0928264952646488,20,38,0,2,0,3,-4.34149702999054,0,0,0,0,0,0,0,0,0,0,,0,,,,,0,260.92,260.92
2013,REG,00-0021999,,Nate Burleson,WR,WR,,9,DET,0,0,0,0,0,0,0,0,0,0,0,0,,0,,,2,-8,0,0,0,0,-2.01948270830326,0,39,54,461,1,1,0,353,216,23,13.0043518781613,0,1.30594900849858,0.163141993957704,0.141653290529695,0.343870294307342,0,51.3,90.3
2013,REG,00-0022044,,Andre Johnson,WR,WR,,16,HOU,0,0,0,0,0,0,0,0,0,0,0,0,,0,,,0,0,0,0,0,0,,0,109,181,1407,5,0,0,2004,405,69,10.841439816444,0,0.702095808383234,0.2914653784219,0.390491036632892,0.710541793275874,0,170.7,279.7
2013,REG,00-0022054,,Visanthe Shiancoe,TE,TE,,1,TEN,0,0,0,0,0,0,0,0,0,0,0,0,,0,,,0,0,0,0,0,0,,0,2,2,2,0,0,0,-3,5,0,-0.725400638533756,0,0.0,0.0833333333333333,-0.0112781954887218,0.117105263157895,0,0.2,2.2
2013,REG,00-0022055,,Seneca Wallace,QB,QB,,2,GB,16,24,139,0,1,4,25,0,0,126,54,7,-12.0912499507588,0,1.1031746031746,0.0258906333047402,0,0,0,0,0,0,,0,0,0,0,0,0,0,0,0,0,,0,,,,,0,3.56,3.56
2013,REG,00-0022084,,Anquan Boldin,WR,WR,"https://static.www.nfl.com/image/private/f_auto,q_auto/league/ajabgwxbliupgkwjbnut",16,SF,0,0,0,0,0,0,0,0,0,0,0,0,,0,,,2,11,0,0,0,1,0.268847234139685,0,85,129,1179,7,0,0,1230,425,62,88.2882880564765,0,0.958536585365854,0.313868613138686,0.315222962583291,0.691458993516333,0,161.0,246.0
2013,REG,00-0022127,J.Witten,Jason Witten,TE,TE,"https://static.www.nfl.com/image/private/f_auto,q_auto/league/r7uafhtwuexuaty0nhsc",16,DAL,0,0,0,0,0,0,0,0,0,0,0,0,,0,,,0,0,0,0,0,0,,0,73,111,851,8,0,0,911,323,44,35.8693766965355,0,0.934138309549945,0.191379310344828,0.195409695409695,0.423855752304028,0,133.1,206.1
2013,REG,00-0022165,,Dallas Clark,TE,TE,,11,BAL,0,0,0,0,0,0,0,0,0,0,0,0,,0,,,0,0,0,0,0,0,,0,31,52,343,3,0,0,324,181,19,17.9338073061461,0,1.05864197530864,0.128395061728395,0.0854430379746835,0.252402719174871,0,52.3,83.3
2013,REG,00-0022178,,Willis McGahee,RB,RB,,11,CLE,0,0,0,0,0,0,0,0,0,0,0,0,,0,,,138,377,2,1,1,28,-24.7760777902521,0,8,11,20,0,0,0,12,12,0,-5.87440992093915,0,1.66666666666667,0.0392857142857143,0.0056577086280056,0.0628889674681754,0,49.7,57.7
2013,REG,00-0022397,,Vonta Leach,FB,RB,,13,BAL,0,0,0,0,0,0,0,0,0,0,0,0,,0,,,11,23,0,0,0,3,-3.1499308438998,0,11,19,47,1,0,0,16,49,3,-10.6647779474443,0,2.9375,0.0456730769230769,0.0041226488018551,0.071395469545914,0,13.0,24.0
2013,REG,00-0022414,,Malcom Floyd,WR,WR,"https://static.www.nfl.com/image/private/f_auto,q_auto/league/or8gm79eaonksxe8gl0t",2,LAC,0,0,0,0,0,0,0,0,0,0,0,0,,0,,,0,0,0,0,0,0,,0,6,11,149,0,0,0,177,12,5,7.57073940895498,0,0.84180790960452,0.150684931506849,0.275272161741835,0.418717910479559,0,14.9,20.9
2013,REG,00-0022427,,Wes Welker,WR,WR,"https://static.www.nfl.com/image/private/f_auto,q_auto/league/rgjwexzif36vncjfdwap",13,DEN,0,0,0,0,0,0,0,0,0,0,0,0,,0,,,0,0,0,0,0,0,,0,73,111,778,10,0,0,829,322,49,37.1319395968453,0,0.938480096501809,0.206703910614525,0.19761620977354,0.448387212763266,0,137.8,210.8
2013,REG,00-0022736,,Steven Jackson,RB,RB,"https://static.www.nfl.com/image/private/f_auto,q_auto/league/abl5wejuf448xw3jtphm",12,ATL,0,0,0,0,0,0,0,0,0,0,0,0,,0,,,157,543,6,0,0,26,-21.9980092144486,0,33,49,191,1,0,0,10,202,10,-10.9299099626793,0,19.1,0.100409836065574,0.0030950170225936,0.152781266014176,0,115.4,148.4
2013,REG,00-0022740,,Jared Allen,DE,DL,"https://static.www.nfl.com/image/private/f_auto,q_auto/league/kvicq39281koeupyxqvz",1,MIN,0,0,0,0,0,0,0,0,0,0,0,0,,0,,,0,0,0,0,0,0,,0,0,1,0,0,0,0,2,0,0,-0.38611551001668,0,0.0,0.0303030303030303,0.0098522167487684,0.0523510971786834,0,0.0,0.0
2013,REG,00-0022787,M.Schaub,Matt Schaub,QB,QB,"https://static.www.nfl.com/image/private/f_auto,q_auto/league/mj2kh2nddxnw04ludcx0",10,HOU,219,358,2310,10,14,21,162,1,0,2796,910,115,-32.3288961020238,0,0.82618025751073,0.0233156275998899,5,24,0,1,1,1,-3.93183762487024,0,0,0,0,0,0,0,0,0,0,,0,,,,,0,104.8,104.8
2013,REG,00-0022803,E.Manning,Eli Manning,QB,QB,"https://static.www.nfl.com/image/private/f_auto,q_auto/league/w51tf8uedjftbr4qpaex",16,NYG,317,551,3818,18,27,39,281,4,1,5241,1463,174,-46.2777727616231,0,0.728486929975196,0.022122780687959,18,36,0,3,1,3,-6.65541632946263,0,0,0,0,0,0,0,0,0,0,,0,,,,,0,170.32,170.32
2013,REG,00-0022811,,Jerricho Cotchery,WR,WR,"https://static.www.nfl.com/image/private/f_auto,q_auto/league/hkq2dmfj7mbgbuejiloy",15,PIT,0,0,0,0,0,0,0,0,0,0,0,0,,0,,,1,-5,0,0,0,0,-1.50123543525115,0,46,76,602,10,0,0,763,213,36,35.5694592673839,0,0.788990825688074,0.138686131386861,0.162133446663833,0.321522609744975,0,119.7,165.7
2013,REG,00-0022864,L.McCown,Luke McCown,QB,QB,"https://static.www.nfl.com/image/private/f_auto,q_auto/league/pj2lbdhplppzlywlzsbr",3,NO,0,1,0,0,0,0,0,0,0,24,0,0,-2.33884951029904,0,0.0,,3,-4,0,0,0,0,-4.96225606481312,0,0,0,0,0,0,0,0,0,0,,0,,,,,0,-0.4,-0.4
2013,REG,00-0022897,,Greg Jones,RB,RB,,10,HOU,0,0,0,0,0,0,0,0,0,0,0,0,,0,,,2,2,0,0,0,0,-1.33488666202175,0,5,11,34,0,0,0,48,10,1,-0.142837847175542,0,0.708333333333333,0.0292553191489362,0.015180265654649,0.0545091646816585,0,3.6,8.6
2013,REG,00-0022921,L.Fitzgerald,Larry Fitzgerald,WR,WR,"https://static.www.nfl.com/image/private/f_auto,q_auto/league/ycgjjaad5un42gy4pnga",16,ARI,0,1,0,0,0,0,0,0,0,1,0,0,-0.265538466046564,0,0.0,,2,8,0,0,0,0,-0.244436807464808,0,82,134,954,10,1,1,1363,335,49,21.1701442447766,0,0.699926632428467,0.238434163701068,0.258633776091082,0.538694888815359,0,154.2,236.2
2013,REG,00-0022922,,Kellen Winslow,TE,TE,,11,NYJ,0,0,0,0,0,0,0,0,0,0,0,0,,0,,,0,0,0,0,0,0,,0,31,47,388,2,0,0,395,127,20,16.8261437750376,0,0.982278481012658,0.144171779141104,0.139182522903453,0.313685434744074,0,50.8,81.8
2013,REG,00-0022924,B.Roethlisberger,Ben Roethlisberger,QB,QB,"https://static.www.nfl.com/image/private/f_auto,q_auto/league/vziogpnyp9d0xtpiuqhr",16,PIT,375,584,4261,28,14,42,282,6,5,4928,2042,205,60.6719468591952,0,0.864650974025974,0.104162139041598,27,99,1,3,1,5,-9.59445461456198,0,0,0,0,0,0,0,0,0,0,,0,,,,,0,258.34,258.34
2013,REG,00-0022942,P.Rivers,Philip Rivers,QB,QB,"https://static.www.nfl.com/image/private/f_auto,q_auto/league/voakyrtj34sghkwxaxxf",16,LAC,378,544,4478,32,11,30,150,1,1,4218,2066,230,173.443349868294,0,1.06164058795638,0.200972169563761,28,72,0,2,1,5,-8.55565009875652,0,0,0,0,0,0,0,0,0,0,,0,,,,,0,288.32,288.32
2013,REG,00-0022943,B.Watson,Benjamin Watson,TE,TE,"https://static.www.nfl.com/image/private/f_auto,q_auto/league/dorymozpdnrllkqlfzpu",14,NO,0,0,0,0,0,0,0,0,0,0,0,0,,0,,,0,0,0,0,0,0,,0,19,30,226,2,0,0,305,94,14,5.86553074215772,0,0.740983606557377,0.0537634408602151,0.0675825393308221,0.127952938821898,0,34.6,53.6
2013,REG,00-0022999,J.Kuhn,John Kuhn,FB,RB,"https://static.www.nfl.com/image/private/f_auto,q_auto/league/nbcwgq2o0ymmx4czvr4b",12,GB,0,0,0,0,0,0,0,0,0,0,0,0,,0,,,10,38,1,0,0,7,5.62110119636054,0,13,19,81,0,0,0,12,83,2,-7.07004218711518,0,6.75,0.0496083550913838,0.0046620046620046,0.077675935900479,0,17.9,30.9
2013,REG,00-0023001,,Shaun Suisham,K,SPEC,"https://static.www.nfl.com/image/private/f_auto,q_auto/league/vyx61i2zefrmgr91rrvd",1,PIT,0,0,0,0,0,0,0,0,0,0,0,0,,0,,,1,-12,0,0,0,0,-3.50518293620553,0,0,0,0,0,0,0,0,0,0,,0,,,,,0,-1.2,-1.2
2013,REG,00-0023176,,Josh Cribbs,WR,WR,,4,NYJ,2,3,38,0,0,0,0,0,0,48,9,2,2.39693665201776,0,0.791666666666667,,13,55,0,0,0,2,1.00242017567507,0,2,2,6,0,0,0,4,2,0,-1.22383015509695,0,1.5,0.1,0.051948051948052,0.186363636363636,0,7.62,9.62
2013,REG,00-0023234,,Michael Koenen,P,SPEC,,2,TB,0,2,0,0,0,0,0,0,0,30,0,0,-4.14606131764594,0,0.0,,0,0,0,0,0,0,,0,0,0,0,0,0,0,0,0,0,,0,,,,,0,0.0,0.0
2013,REG,00-0023310,,Lance Moore,WR,WR,"https://static.www.nfl.com/image/private/f_auto,q_auto/league/bfjxc892mfkni8ywtheh",13,NO,0,0,0,0,0,0,0,0,0,0,0,0,,0,,,0,0,0,0,0,0,,0,37,54,457,2,0,0,632,67,26,17.971795215672,0,0.723101265822785,0.100934579439252,0.145992145992146,0.253596371353381,0,57.7,94.7
2013,REG,00-0023367,,Nate Washington,WR,WR,,16,TEN,0,0,0,0,0,0,0,0,0,0,0,0,,0,,,0,0,0,0,0,0,,0,58,104,919,3,0,0,1430,233,43,25.1254900275691,0,0.642657342657343,0.197718631178707,0.299100606567664,0.505948371365425,0,109.9,167.9
2013,REG,00-0023436,A.Smith,Alex Smith,QB,QB,"https://static.www.nfl.com/image/private/f_auto,q_auto/league/dpa5d1a8jj6jdymocjkx",15,KC,308,508,3313,23,7,39,210,4,3,3362,1756,165,24.3945258866726,0,0.985425342058299,0.0606678264087821,76,431,1,3,0,23,7.33528954089806,0,1,1,-4,0,0,0,-5,1,0,-1.48717106925324,0,0.0,0.0294117647058824,-0.024390243902439,0.0270444763271162,0,253.22,254.22
2013,REG,00-0023437,,Ronnie Brown,RB,RB,,12,LAC,0,0,0,0,0,0,0,0,0,0,0,0,,0,,,45,157,1,0,0,8,-1.6807927348016,0,8,8,60,0,0,0,5,55,3,4.75602777604945,0,12.0,0.0425531914893617,0.0032113037893384,0.0660776998865795,0,27.7,35.7
2013,REG,00-0023459,A.Rodgers,Aaron Rodgers,QB,QB,"https://static.www.nfl.com/image/upload/f_auto,q_auto/league/jdcb4nomlc4rd6k5l6to",9,GB,193,290,2536,17,6,21,117,3,0,2364,1251,108,94.2014997188724,0,1.07275803722504,0.194046737903083,30,120,0,1,0,9,0.192206333911983,0,0,0,0,0,0,0,0,0,0,,0,,,,,0,169.44,169.44
2013,REG,00-0023460,,Jason Campbell,QB,QB,,9,CLE,180,317,2015,11,8,16,97,3,2,2387,1026,86,-24.348667441982,0,0.844155844155844,0.0200202862514711,14,107,0,0,0,6,9.73158934176899,0,0,0,0,0,0,0,0,0,0,,0,,,,,0,115.3,115.3
2013,REG,00-0023462,,Roddy White,WR,WR,"https://static.www.nfl.com/image/private/f_auto,q_auto/league/f7dgklg6z49fbdltwuki",13,ATL,0,0,0,0,0,0,0,0,0,0,0,0,,0,,,0,0,0,0,0,0,,0,63,97,711,3,2,1,981,115,37,33.480103379565,0,0.724770642201835,0.180633147113594,0.263143776824034,0.455150364447215,0,87.1,150.1
2013,REG,00-0023465,,Heath Miller,TE,TE,"https://static.www.nfl.com/image/private/f_auto,q_auto/league/iqw8fry4hgfvegs9nfuf",14,PIT,0,0,0,0,0,0,0,0,0,0,0,0,,0,,,0,0,0,0,0,0,,0,58,78,593,1,1,1,538,224,30,13.3575318888832,0,1.10223048327138,0.152941176470588,0.127186761229314,0.318442497566402,0,63.3,121.3
2013,REG,00-0023496,,Vincent Jackson,WR,WR,"https://static.www.nfl.com/image/private/f_auto,q_auto/league/kdquag2thcfulvrs0cbz",16,TB,0,0,0,0,0,0,0,0,0,0,0,0,,0,,,1,0,0,0,0,0,-0.645279803662561,0,78,160,1224,7,1,0,2045,319,60,13.1283000792332,0,0.598533007334963,0.323886639676113,0.442353450140601,0.795477374612591,0,164.4,242.4
2013,REG,00-0023500,F.Gore,Frank Gore,RB,RB,"https://static.www.nfl.com/image/private/f_auto,q_auto/league/lxxkhd2suyalrbruzut7",16,SF,0,0,0,0,0,0,0,0,0,0,0,0,,0,,,276,1128,9,3,3,55,-32.7037337549767,0,16,26,141,0,0,0,126,101,5,-9.58095894831875,0,1.11904761904762,0.0849673202614379,0.042,0.156850980392157,0,174.9,190.9
2013,REG,00-0023506,,Alex Smith,TE,TE,"https://static.www.nfl.com/image/private/f_auto,q_auto/league/zcpxncjwcm6ggoiqt6ub",5,CIN,0,0,0,0,0,0,0,0,0,0,0,0,,0,,,0,0,0,0,0,0,,0,3,6,12,1,1,0,36,6,1,-0.883225278055761,0,0.333333333333333,0.0315789473684211,0.0205714285714286,0.0617684210526316,0,7.2,10.2
2013,REG,00-0023541,,Kyle Orton,QB,QB,,2,DAL,33,51,398,2,2,0,0,0,0,425,229,19,2.45638589315834,0,0.936470588235294,0.0781401862997852,1,8,0,0,0,1,0.48784777650144,0,0,0,0,0,0,0,0,0,0,,0,,,,,0,20.72,20.72
2013,REG,00-0023545,,Brandon Jacobs,RB,RB,,7,NYG,0,0,0,0,0,0,0,0,0,0,0,0,,0,,,58,238,4,1,1,16,-0.395474425429711,0,2,7,13,0,0,0,-6,15,0,-7.33347962005064,0,-2.16666666666667,0.0434782608695652,-0.0031645569620253,0.0630022014309301,0,47.1,49.1
2013,REG,00-0023564,D.Sproles,Darren Sproles,RB,RB,"https://static.www.nfl.com/image/private/f_auto,q_auto/league/gvj5ng27blmwuz170aeo",15,NO,0,0,0,0,0,0,0,0,0,0,0,0,,0,,,53,220,2,1,1,11,-2.91188596432383,0,71,89,604,2,0,0,138,518,24,27.9181807986716,0,4.3768115942029,0.145662847790507,0.0278506559031282,0.237989730817951,0,104.4,175.4
2013,REG,00-0023569,,Matt Giordano,FS,DB,,1,LA,0,0,0,0,0,0,0,0,0,0,0,0,,0,,,1,-5,0,0,0,0,-2.66073434619466,0,0,0,0,0,0,0,0,0,0,,0,,,,,0,-0.5,-0.5
2013,REG,00-0023630,,Joel Dreessen,TE,TE,,5,DEN,0,0,0,0,0,0,0,0,0,0,0,0,,0,,,0,0,0,0,0,0,,0,7,9,47,1,0,0,38,27,3,4.13654755469179,0,1.23684210526316,0.0410958904109589,0.0246913580246914,0.0789277862337223,0,10.7,17.7
2013,REG,00-0023645,D.Anderson,Derek Anderson,QB,QB,"https://static.www.nfl.com/image/private/f_auto,q_auto/league/w191gsxivnqgdwgydka6",3,CAR,0,0,0,0,0,0,0,0,0,0,0,0,,0,,,5,0,0,0,0,1,-4.16704376565758,0,0,0,0,0,0,0,0,0,0,,0,,,,,0,0.0,0.0
2013,REG,00-0023662,M.Cassel,Matt Cassel,QB,QB,"https://static.www.nfl.com/image/private/f_auto,q_auto/league/n1ucqggyu5hlsqzuv5gj",9,MIN,153,254,1807,11,9,16,85,2,1,2145,792,80,-11.8765815046077,0,0.842424242424242,0.042848506018252,18,57,1,1,0,3,-4.02640813228209,0,0,0,0,0,0,0,0,0,0,,0,,,,,0,107.98,107.98
2013,REG,00-0023679,,Billy Bajema,TE,TE,,2,BAL,0,0,0,0,0,0,0,0,0,0,0,0,,0,,,0,0,0,0,0,0,,0,2,2,18,0,0,0,9,9,1,0.571353738429025,0,2.0,0.0298507462686567,0.0297029702970297,0.0655681986109059,0,1.8,3.8
2013,REG,00-0023682,R.Fitzpatrick,Ryan Fitzpatrick,QB,QB,"https://static.www.nfl.com/image/private/f_auto,q_auto/league/pkhhxwplsawnhln9rsun",11,TEN,217,350,2454,14,12,21,109,8,2,3011,1094,116,27.3159287032946,0,0.815011624045168,0.105548257241103,43,225,3,1,0,15,19.7142238779406,0,1,1,0,0,0,0,-6,6,0,-0.457072183577111,0,0.0,0.024390243902439,-0.015748031496063,0.0255617438064144,0,166.66,167.66
2013,REG,00-0023894,D.Penn,Donald Penn,T,OL,"https://static.www.nfl.com/image/private/f_auto,q_auto/league/lbarhx9omymxl236etax",1,TB,0,0,0,0,0,0,0,0,0,0,0,0,,0,,,0,0,0,0,0,0,,0,1,1,1,1,0,0,1,0,1,1.35651452391176,0,1.0,0.0476190476190476,0.0039215686274509,0.0741736694677871,0,6.1,7.1
2013,REG,00-0023921,,Miles Austin,WR,WR,"https://static.www.nfl.com/image/private/f_auto,q_auto/league/tuwhvxan7v0gisbei4an",11,DAL,0,0,0,0,0,0,0,0,0,0,0,0,,0,,,0,0,0,0,0,0,,0,24,49,244,0,0,0,357,101,14,-11.1736506755097,0,0.683473389355742,0.120987654320988,0.11347743165925,0.260915683642956,0,24.4,48.4
2013,REG,00-0024110,,Steve Weatherford,P,SPEC,"https://static.www.nfl.com/image/private/f_auto,q_auto/league/jkpdalshsrmuxdn1jj4h",1,NYG,0,0,0,0,0,0,0,0,0,0,0,0,,0,,,1,0,0,0,0,0,-6.2552512139082,0,0,0,0,0,0,0,0,0,0,,0,,,,,0,0.0,0.0
2013,REG,00-0024204,,Fred Jackson,RB,RB,"https://static.www.nfl.com/image/private/f_auto,q_auto/league/ibu4ltouiplhatsn4ptq",16,BUF,0,0,0,0,0,0,0,0,0,0,0,0,,0,,,206,890,9,2,0,54,2.98247575389665,0,47,66,387,1,1,0,-28,399,16,5.88835484872677,0,-13.8214285714286,0.132796780684105,-0.0071210579857578,0.194210430436126,0,187.7,234.7
2013,REG,00-0024217,,Reggie Bush,RB,RB,"https://static.www.nfl.com/image/private/f_auto,q_auto/league/z2m2heolqx9sgobdks9v",14,DET,0,0,0,0,0,0,0,0,0,0,0,0,,0,,,223,1006,4,5,4,47,-27.5614635442616,0,54,80,506,3,0,0,73,470,22,13.0020523482817,0,6.93150684931507,0.143626570915619,0.0169491525423729,0.22730426315309,0,185.2,239.2
2013,REG,00-0024221,V.Davis,Vernon Davis,TE,TE,"https://static.www.nfl.com/image/private/f_auto,q_auto/league/so5ywayfeeu4zeijln5m",15,SF,0,0,0,0,0,0,0,0,0,0,0,0,,0,,,0,0,0,0,0,0,,0,52,84,850,13,1,1,1129,264,35,39.2000702915067,0,0.752878653675819,0.21875,0.306211011662598,0.542472708163819,0,161.0,213.0
2013,REG,00-0024226,J.Cutler,Jay Cutler,QB,QB,"https://static.www.nfl.com/image/private/f_auto,q_auto/league/ks6n7gvw4vccihlse6bn",11,CHI,224,355,2621,19,12,19,132,4,3,3261,928,125,11.7713634770593,3,0.803741183685986,0.115902557134043,23,118,0,1,0,7,3.81514513248112,0,0,0,0,0,0,0,0,0,0,,0,,,,,0,168.64,168.64
2013,REG,00-0024240,,Santonio Holmes,WR,WR,,10,NYJ,0,0,0,0,0,0,0,0,0,0,0,0,,0,,,0,0,0,0,0,0,,0,23,59,456,1,0,0,690,124,19,-2.2467177029795,0,0.660869565217391,0.192182410423453,0.24485450674237,0.459671770354839,0,51.6,74.6
2013,REG,00-0024242,,DeAngelo Williams,RB,RB,"https://static.www.nfl.com/image/private/f_auto,q_auto/league/oky9ooitgqa1fgwdll6b",15,CAR,0,0,0,0,0,0,0,0,0,0,0,0,,0,,,201,843,3,1,1,35,-14.6798790547219,0,26,36,333,1,2,1,-52,373,10,9.320275828999,0,-6.40384615384615,0.0897755610972569,-0.01625,0.123288341645885,0,137.6,163.6
2013,REG,00-0024243,M.Lewis,Marcedes Lewis,TE,TE,"https://static.www.nfl.com/image/private/f_auto,q_auto/league/ppq07tipygpftz5csipx",10,JAX,0,0,0,0,0,0,0,0,0,0,0,0,,0,,,0,0,0,0,0,0,,0,25,47,359,4,1,1,324,225,17,-0.571324136923067,0,1.10802469135802,0.128415300546448,0.140320485058467,0.290847290360599,0,57.9,82.9
2013,REG,00-0024264,K.Clemens,Kellen Clemens,QB,QB,"https://static.www.nfl.com/image/private/f_auto,q_auto/league/pxungqbhh61ov73tzaxk",10,LA,142,242,1673,8,7,21,138,5,2,2123,742,80,-16.9290461570556,1,0.788035798398493,0.0136876213254256,23,64,0,2,2,4,-10.6380468546413,0,0,0,0,0,0,0,0,0,0,,0,,,,,0,85.32,85.32
2013,REG,00-0024267,,Greg Jennings,WR,WR,"https://static.www.nfl.com/image/private/f_auto,q_auto/league/jiemkcfkc893pfova8xv",15,MIN,0,0,0,0,0,0,0,0,0,0,0,0,,0,,,0,0,0,0,0,0,,0,68,105,804,4,0,0,1023,342,36,7.93887994242268,0,0.785923753665689,0.209580838323353,0.232817478379609,0.477343492350756,0,104.4,172.4
2013,REG,00-0024268,A.Fasano,Anthony Fasano,TE,TE,"https://static.www.nfl.com/image/private/f_auto,q_auto/league/twcrap9uhjbazmplq5x3",9,KC,0,0,0,0,0,0,0,0,0,0,0,0,,0,,,0,0,0,0,0,0,,0,23,33,200,3,0,0,243,73,12,-0.601443207996406,0,0.823045267489712,0.104761904761905,0.115111321648508,0.237720782296813,0,38.0,61.0
2013,REG,00-0024272,,Devin Hester,WR,WR,"https://static.www.nfl.com/image/private/f_auto,q_auto/league/jtntm2ci9doez4qxbx0c",1,CHI,0,0,0,0,0,0,0,0,0,0,0,0,,0,,,0,0,0,0,0,0,,0,0,0,0,0,0,0,0,0,0,,0,,,,,1,6.0,6.0
2013,REG,00-0024275,,Maurice Jones-Drew,RB,RB,,15,JAX,1,1,8,1,0,0,0,0,0,8,0,1,2.37729096593102,0,1.0,,234,803,5,1,1,43,-27.0032580303428,0,43,60,314,0,0,0,21,330,13,-2.08802220999496,0,14.952380952381,0.109289617486339,0.0061928634621055,0.168269430652982,0,144.02,187.02
2013,REG,00-0024276,,Tony Scheffler,TE,TE,,4,DET,0,0,0,0,0,0,0,0,0,0,0,0,,0,,,0,0,0,0,0,0,,0,7,12,82,0,0,0,109,28,4,1.13913713201236,0,0.752293577981651,0.0754716981132076,0.0927659574468085,0.178143717382577,0,8.2,15.2
2013,REG,00-0024279,,Tarvaris Jackson,QB,QB,"https://static.www.nfl.com/image/private/f_auto,q_auto/league/bqukmeneztibnhrjko0q",3,SEA,10,13,151,1,0,0,0,0,0,117,75,7,7.3129552451662,0,1.29059829059829,0.343106412025621,4,1,1,0,0,1,-1.17686432745541,0,0,0,0,0,0,0,0,0,0,,0,,,,,0,16.14,16.14
2013,REG,00-0024296,,Charlie Whitehurst,QB,QB,,2,LAC,0,0,0,0,0,0,0,0,0,0,0,0,,0,,,6,-5,0,0,0,0,-1.95951875919127,0,0,0,0,0,0,0,0,0,0,,0,,,,,0,-0.5,-0.5
2013,REG,00-0024313,,Owen Daniels,TE,TE,"https://static.www.nfl.com/image/private/f_auto,q_auto/league/ktxkz5tzddboxst5xfh8",5,HOU,0,0,0,0,0,0,0,0,0,0,0,0,,0,,,0,0,0,0,0,0,,0,24,41,252,3,0,0,263,84,18,-11.0086715676792,0,0.958174904942966,0.191588785046729,0.166561114629512,0.403975957810752,0,43.2,67.2
2013,REG,00-0024315,,Michael Robinson,FB,RB,,4,SEA,0,0,0,0,0,0,0,0,0,0,0,0,,0,,,1,0,0,0,0,0,-0.531206397572532,0,2,3,27,0,0,0,17,10,1,0.386953645152971,0,1.58823529411765,0.0410958904109589,0.0326923076923077,0.0845284510010538,0,2.7,4.7
2013,REG,00-0024318,,Brad Smith,QB,QB,,5,PHI,0,1,0,0,0,0,0,0,0,6,0,0,-0.504471427702811,0,0.0,,2,2,0,1,0,0,-1.27998456486966,0,2,2,27,0,0,0,11,16,2,2.41033498512115,0,2.45454545454545,0.0289855072463768,0.0143979057591623,0.0535567949009788,0,2.9,4.9
2013,REG,00-0024324,,Jason Avant,WR,WR,"https://static.www.nfl.com/image/private/f_auto,q_auto/league/nnis5ib42eoeu8bjjpdc",15,PHI,0,0,0,0,0,0,0,0,0,0,0,0,,0,,,0,0,0,0,0,0,,0,38,76,447,2,1,1,888,79,23,-5.5320918401074,0,0.503378378378378,0.161016949152542,0.190231362467866,0.37468737745632,0,54.7,92.7
2013,REG,00-0024332,,Leon Washington,RB,RB,,1,NE,0,0,0,0,0,0,0,0,0,0,0,0,,0,,,1,1,0,0,0,0,-0.973916754126549,0,0,1,0,0,0,0,7,0,0,-0.233881533902604,0,0.0,0.0256410256410256,0.0179028132992327,0.0509935077710014,0,0.1,0.1
2013,REG,00-0024334,B.Marshall,Brandon Marshall,WR,WR,"https://static.www.nfl.com/image/private/f_auto,q_auto/league/jhziqh0scfksvxen6f3s",16,CHI,0,0,0,0,0,0,0,0,0,0,0,0,,0,,,0,0,0,0,0,0,,0,100,163,1295,12,0,0,1986,283,70,54.9876134045229,2,0.652064451158107,0.285964912280702,0.396723931282461,0.706654120318775,0,205.5,305.5
2013,REG,00-0024345,,Domenik Hixon,WR,WR,,5,CAR,0,0,0,0,0,0,0,0,0,0,0,0,,0,,,0,0,0,0,0,0,,0,7,9,55,1,0,0,70,9,2,0.273593065270688,0,0.785714285714286,0.0647482014388489,0.0516224188790561,0.133257995373613,0,11.5,18.5
2013,REG,00-0024389,De.Walker,Delanie Walker,TE,TE,"https://static.www.nfl.com/image/private/f_auto,q_auto/league/diknegkpqy0qnri7877z",15,TEN,0,0,0,0,0,0,0,0,0,0,0,0,,0,,,0,0,0,0,0,0,,0,60,86,571,6,1,0,702,173,30,28.9567050794443,0,0.813390313390313,0.171314741035857,0.155481727574751,0.36580932085611,0,93.1,153.1
2013,REG,00-0024463,,Ben Obomanu,WR,WR,,1,NYJ,0,0,0,0,0,0,0,0,0,0,0,0,,0,,,0,0,0,0,0,0,,0,1,1,8,0,0,0,6,2,0,0.240041942335665,0,1.33333333333333,0.0294117647058824,0.0194805194805195,0.0577540106951872,0,0.8,1.8
2013,REG,00-0024466,,Marques Colston,WR,WR,"https://static.www.nfl.com/image/private/f_auto,q_auto/league/hnnuo9nfwzwlakr2srdq",15,NO,0,0,0,0,0,0,0,0,0,0,0,0,,0,,,0,0,0,0,0,0,,0,75,110,943,5,0,0,1181,248,54,58.1832448520942,0,0.798475867908552,0.185497470489039,0.250956226094348,0.453915563999602,0,124.3,199.3
2013,REG,00-0024535,E.Weems,Eric Weems,WR,WR,"https://static.www.nfl.com/image/private/f_auto,q_auto/league/kptsfekcpfukewtim9kz",1,CHI,0,0,0,0,0,0,0,0,0,0,0,0,,0,,,0,0,0,0,0,0,,0,1,2,8,0,0,0,22,4,1,-0.611345355864614,0,0.363636363636364,0.0555555555555556,0.0614525139664804,0.12635009310987,0,0.8,1.8
2013,REG,00-0024813,,Pierre Thomas,RB,RB,"https://static.www.nfl.com/image/private/f_auto,q_auto/league/w58uf8rmlucv7qagwrfv",16,NO,0,0,0,0,0,0,0,0,0,0,0,0,,0,,,147,549,2,0,0,31,-5.27689122874195,0,77,84,513,3,1,0,-125,642,21,8.07568370090196,0,-4.104,0.130434782608696,-0.0240246011916202,0.178834953078909,0,136.2,213.2
2013,REG,00-0025389,,Calvin Johnson,WR,WR,"https://static.www.nfl.com/image/private/f_auto,q_auto/league/z6dxib9sientn4m9cljh",14,DET,0,0,0,0,0,0,0,0,0,0,0,0,,0,,,0,0,0,0,0,0,,0,84,157,1492,12,1,1,2184,458,69,37.4152911479903,0,0.683150183150183,0.284936479128857,0.463989802421925,0.752197580388632,0,219.2,303.2
2013,REG,00-0025394,A.Peterson,Adrian Peterson,RB,RB,"https://static.www.nfl.com/image/private/f_auto,q_auto/league/ug2ua3skqc9f6vkbowxc",14,MIN,0,0,0,0,0,0,0,0,0,0,0,0,,0,,,279,1266,10,3,2,59,-4.32291738455276,0,29,40,171,1,2,1,14,157,11,-6.4858182271211,0,12.2142857142857,0.0856531049250535,0.0036988110964332,0.131068825155084,0,203.7,232.7
2013,REG,00-0025396,T.Ginn,Ted Ginn,WR,WR,"https://static.www.nfl.com/image/private/f_auto,q_auto/league/o4m4txrv9l7odyebnea4",16,CAR,0,0,0,0,0,0,0,0,0,0,0,0,,0,,,4,29,0,0,0,2,1.54898905078881,0,36,68,556,5,0,0,986,211,24,24.0326730538608,0,0.563894523326572,0.145610278372591,0.233704669352927,0.382008686105936,0,88.5,124.5
2013,REG,00-0025399,M.Lynch,Marshawn Lynch,RB,RB,"https://static.www.nfl.com/image/private/f_auto,q_auto/league/ddhpebfqtr9yxsnbx9ht",16,SEA,0,0,0,0,0,0,0,0,0,0,0,0,,0,,,301,1257,12,3,1,68,-6.46644591731437,0,36,44,316,2,1,0,52,284,12,9.476476122609,0,6.07692307692308,0.123943661971831,0.0172700099634673,0.198004499932174,0,239.3,275.3
2013,REG,00-0025410,,Dwayne Bowe,WR,WR,"https://static.www.nfl.com/image/private/f_auto,q_auto/league/ihvktvkw198qeclu6mtk",15,KC,0,0,0,0,0,0,0,0,0,0,0,0,,0,,,0,0,0,0,0,0,,0,57,103,673,5,0,0,954,195,39,25.2027871451561,0,0.705450733752621,0.203960396039604,0.285372419982052,0.505701288046842,0,97.3,154.3
2013,REG,00-0025414,,Robert Meachem,WR,WR,,15,NO,0,0,0,0,0,0,0,0,0,0,0,0,,0,,,2,-1,0,0,0,0,-1.53932897327468,0,16,30,324,2,0,0,584,87,9,15.3501190864036,0,0.554794520547945,0.0492610837438424,0.120910973084886,0.158529306775184,0,44.3,60.3
2013,REG,00-0025415,J.Staley,Joe Staley,T,OL,"https://static.www.nfl.com/image/private/f_auto,q_auto/league/vzmoz5duiuoocv4qnyhl",1,SF,0,0,0,0,0,0,0,0,0,0,0,0,,0,,,0,0,0,0,0,0,,0,1,1,14,0,0,0,2,12,1,1.00119398429524,0,7.0,0.03125,0.0091324200913242,0.0532676940639269,0,1.4,2.4
2013,REG,00-0025418,G.Olsen,Greg Olsen,TE,TE,"https://static.www.nfl.com/image/private/f_auto,q_auto/league/jevf1bubmrv2vvmiwq3r",16,CAR,0,0,0,0,0,0,0,0,0,0,0,0,,0,,,0,0,0,0,0,0,,0,73,111,816,6,0,0,983,328,44,35.4198006974201,0,0.830111902339776,0.237687366167024,0.232993600379237,0.519626569516001,0,117.6,190.6
2013,REG,00-0025424,E.Weddle,Eric Weddle,FS,DB,"https://static.www.nfl.com/image/private/f_auto,q_auto/league/lkawujcrkiyelnzqnups",2,LAC,0,0,0,0,0,0,0,0,0,0,0,0,,0,,,2,4,0,0,0,2,4.204377544811,0,0,0,0,0,0,0,0,0,0,,0,,,,,0,0.4,0.4
2013,REG,00-0025425,,Zach Miller,TE,TE,,13,SEA,0,0,0,0,0,0,0,0,0,0,0,0,,0,,,0,0,0,0,0,0,,0,33,56,387,5,0,0,379,150,18,18.1365988420607,0,1.02110817941953,0.173913043478261,0.120012666244459,0.344878431588512,0,68.7,101.7
2013,REG,00-0025431,,Sidney Rice,WR,WR,,8,SEA,0,0,0,0,0,0,0,0,0,0,0,0,,0,,,0,0,0,0,0,0,,0,15,35,231,3,1,1,507,20,11,1.95328055743047,0,0.455621301775148,0.167464114832536,0.266701735928459,0.437887387398725,0,39.1,54.1
2013,REG,00-0025439,,Brian Leonard,RB,RB,,16,TB,0,0,0,0,0,0,0,0,0,0,0,0,,0,,,47,182,0,0,0,12,-1.38229723583208,0,29,37,179,0,0,0,77,153,9,-4.81447831090304,0,2.32467532467533,0.0825892857142857,0.0189795415331526,0.137169607644635,0,36.1,65.1
2013,REG,00-0025447,,Samson Satele,C,OL,,1,IND,0,0,0,0,0,0,0,0,0,0,0,0,,0,,,0,0,0,0,0,0,,0,1,1,0,0,0,0,-5,5,0,-0.322975655202754,0,0.0,0.0263157894736842,-0.015527950310559,0.028604118993135,0,0.0,1.0
2013,REG,00-0025460,,Jacoby Jones,WR,WR,"https://static.www.nfl.com/image/private/f_auto,q_auto/league/yhjtycrpq7jtfarxkhcx",12,BAL,0,0,0,0,0,0,0,0,0,0,0,0,,0,,,2,0,0,0,0,0,-1.55259259231389,0,37,67,455,2,0,0,1006,111,21,5.84269392564163,0,0.452286282306163,0.140756302521008,0.232978230662344,0.374219215245153,1,63.5,100.5
2013,REG,00-0025464,,Matt Spaeth,TE,TE,"https://static.www.nfl.com/image/private/f_auto,q_auto/league/wywcnns8be7rzlrwnjwh",2,PIT,0,0,0,0,0,0,0,0,0,0,0,0,,0,,,0,0,0,0,0,0,,0,1,2,11,1,0,0,16,0,1,1.75916068995139,0,0.6875,0.037037037037037,0.0390243902439024,0.0828726287262873,0,7.1,8.1
2013,REG,00-0025465,,James Jones,WR,WR,,14,GB,0,0,0,0,0,0,0,0,0,0,0,0,,0,,,0,0,0,0,0,0,,0,59,93,817,3,2,0,963,365,30,21.7393717728831,0,0.848390446521288,0.188640973630832,0.250520291363163,0.458325664400462,0,99.7,158.7
2013,REG,00-0025487,,Michael Bush,RB,RB,,14,CHI,0,0,0,0,0,0,0,0,0,0,0,0,,0,,,63,197,3,0,0,10,-11.8873597747297,0,4,8,48,1,0,0,12,47,2,-3.23917232209351,0,4.0,0.0365296803652968,0.0088235294117647,0.0609709911361805,0,48.5,52.5
2013,REG,00-0025513,,Dashon Goldson,DB,DB,"https://static.www.nfl.com/image/private/f_auto,q_auto/league/wkw6tgmp3xngaiqhe44h",1,TB,0,0,0,0,0,0,0,0,0,0,0,0,,0,,,1,22,0,0,0,1,2.9571149838157,0,0,0,0,0,0,0,0,0,0,,0,,,,,0,2.2,2.2
2013,REG,00-0025516,,Scott Chandler,TE,TE,"https://static.www.nfl.com/image/private/f_auto,q_auto/league/zktr2miqzub2buwa19x7",16,BUF,0,0,0,0,0,0,0,0,0,0,0,0,,0,,,0,0,0,0,0,0,,0,53,81,655,2,1,1,718,277,26,16.7144256228477,0,0.912256267409471,0.15606936416185,0.159697508896797,0.345892302470533,0,75.5,128.5
2013,REG,00-0025524,,Le'Ron McClain,FB,RB,,9,LAC,0,0,0,0,0,0,0,0,0,0,0,0,,0,,,11,32,0,0,0,7,2.55763308267342,0,2,3,-7,0,0,0,2,-9,0,-1.11629197216826,0,-3.5,0.0394736842105263,0.0051413881748072,0.0628094980381545,0,2.5,4.5
2013,REG,00-0025542,,Dante Rosario,TE,TE,,3,CHI,0,0,0,0,0,0,0,0,0,0,0,0,,0,,,0,0,0,0,0,0,,0,1,4,13,0,0,0,14,15,1,-0.822022940497845,0,0.928571428571429,0.0338983050847458,0.0132200188857413,0.0601014708471375,0,1.3,2.3
2013,REG,00-0025549,B.Celek,Brent Celek,TE,TE,"https://static.www.nfl.com/image/private/f_auto,q_auto/league/mit6ahic4gkdhy1hkejt",16,PHI,0,0,0,0,0,0,0,0,0,0,0,0,,0,,,0,0,0,0,0,0,,0,32,51,502,6,1,1,419,278,22,17.1431869380168,0,1.19809069212411,0.103238866396761,0.0849209566274828,0.21430296923438,0,84.2,116.2
2013,REG,00-0025612,,Brandon Fields,P,SPEC,"https://static.www.nfl.com/image/private/f_auto,q_auto/league/wanoipfufy1xfdlzg5ex",1,MIA,0,0,0,0,0,0,0,0,0,0,0,0,,0,,,1,0,0,1,1,0,-3.65876054938417,0,0,0,0,0,0,0,0,0,0,,0,,,,,0,-2.0,-2.0
2013,REG,00-0025631,,Jason Snelling,FB,RB,,13,ATL,0,0,0,0,0,0,0,0,0,0,0,0,,0,,,44,164,1,0,0,9,-4.87531336422096,0,28,33,224,3,0,0,50,183,11,8.515501140683,0,4.48,0.0668016194331984,0.0146498681511866,0.110457336855628,0,62.8,90.8
2013,REG,00-0025637,,Ahmad Bradshaw,RB,RB,"https://static.www.nfl.com/image/private/f_auto,q_auto/league/vlgcz2so2urjgowxz3tz",3,IND,0,0,0,0,0,0,0,0,0,0,0,0,,0,,,41,186,2,0,0,11,2.15578508173348,0,7,8,42,0,0,0,-1,39,2,1.2923137616576,0,-42.0,0.0869565217391304,-0.0012180267965895,0.129582163851083,0,34.8,41.8
2013,REG,00-0025701,,Jackie Battle,RB,RB,,8,TEN,0,0,0,0,0,0,0,0,0,0,0,0,,0,,,36,142,1,0,0,7,-9.00844811284333,0,4,5,36,0,0,0,2,40,1,-1.27575591071859,0,18.0,0.0378787878787879,0.0016181229773462,0.0579508679023242,0,23.8,27.8
2013,REG,00-0025708,M.Moore,Matt Moore,QB,QB,"https://static.www.nfl.com/image/private/f_auto,q_auto/league/h04zarfikqlgerdftbgp",1,MIA,2,6,53,0,2,0,0,1,0,117,13,1,-2.10769753379282,0,0.452991452991453,-0.0637547669504907,0,0,0,0,0,0,,0,0,0,0,0,0,0,0,0,0,,0,,,,,0,-1.88,-1.88
2013,REG,00-0025825,B.Kern,Brett Kern,P,SPEC,"https://static.www.nfl.com/image/private/f_auto,q_auto/league/dbph1kuozunx3aorpeiw",2,TEN,0,0,0,0,0,0,0,0,0,0,0,0,,0,,,2,0,0,2,0,0,-6.10846096172463,0,0,0,0,0,0,0,0,0,0,,0,,,,,0,0.0,0.0
2013,REG,00-0025860,,BenJarvus Green-Ellis,RB,RB,,16,CIN,0,0,0,0,0,0,0,0,0,0,0,0,,0,,,220,756,7,2,2,48,-23.4460807539581,0,4,8,22,0,0,0,25,8,1,-2.31830472208094,0,0.88,0.0340425531914894,0.0135354629128316,0.0605386538262162,0,115.8,119.8
2013,REG,00-0025951,,Darius Reynaud,WR,WR,,2,TEN,0,0,0,0,0,0,0,0,0,0,0,0,,0,,,1,0,0,0,0,0,-1.70844227075577,0,1,2,4,0,0,0,3,6,0,-1.46569441817701,0,1.33333333333333,0.0487804878048781,0.0072992700729927,0.078280220758412,0,0.4,1.4
2013,REG,00-0026000,,Davone Bess,WR,WR,,14,CLE,0,0,0,0,0,0,0,0,0,0,0,0,,0,,,0,0,0,0,0,0,,0,42,86,362,2,0,0,524,149,23,-11.0402706557468,1,0.690839694656489,0.146010186757216,0.107575446520222,0.294318092699979,0,50.2,92.2
2013,REG,00-0026008,,Matthew Mulligan,TE,TE,"https://static.www.nfl.com/image/private/f_auto,q_auto/league/okuwvdnxk6weqzz3tglf",3,NE,0,0,0,0,0,0,0,0,0,0,0,0,,0,,,0,0,0,0,0,0,,0,2,3,16,1,0,0,14,18,1,0.584631753736176,0,1.14285714285714,0.0247933884297521,0.0154015401540154,0.0479711607524389,0,7.6,9.6
2013,REG,00-0026019,D.Woodhead,Danny Woodhead,RB,RB,"https://static.www.nfl.com/image/private/f_auto,q_auto/league/gorlqe0etvc8ek5wob7j",16,LAC,0,0,0,0,0,0,0,0,0,0,0,0,,0,,,106,429,2,1,1,26,-6.50314681889722,0,76,87,605,6,1,1,176,456,30,28.4016759226505,0,3.4375,0.162616822429907,0.0418449833571089,0.273216721994836,0,147.4,223.4
2013,REG,00-0026035,D.Amendola,Danny Amendola,WR,WR,"https://static.www.nfl.com/image/private/f_auto,q_auto/league/etz06w7s0ardf49mnayz",12,NE,0,0,0,0,0,0,0,0,0,0,0,0,,0,,,1,1,0,0,0,0,-1.17757017153781,0,54,83,633,2,0,0,674,252,37,29.5681472161954,0,0.939169139465875,0.178111587982833,0.17597911227154,0.390352760564327,0,75.4,129.4
2013,REG,00-0026069,M.Tolbert,Mike Tolbert,FB,RB,"https://static.www.nfl.com/image/private/f_auto,q_auto/league/frwhwdhbcteyg7xjha7a",16,CAR,0,0,0,0,0,0,0,0,0,0,0,0,,0,,,101,361,5,0,0,31,-1.67873759244909,0,27,32,184,2,0,0,-4,192,10,7.81046630455626,0,-46.0,0.0810126582278481,-0.0012161751292186,0.120667664751319,0,96.5,123.5
2013,REG,00-0026072,,Jed Collins,FB,RB,,14,NO,0,0,0,0,0,0,0,0,0,0,0,0,,0,,,15,45,1,0,0,9,6.06288183576544,0,14,18,54,0,0,0,-9,61,3,-3.02444478787947,0,-6.0,0.0335820895522388,-0.0023053278688524,0.0487594048201615,0,15.9,29.9
2013,REG,00-0026143,M.Ryan,Matt Ryan,QB,QB,"https://static.www.nfl.com/image/private/f_auto,q_auto/league/s6zam4ekrrnonsck6vak",16,ATL,439,651,4515,26,17,44,298,4,3,4439,2117,225,37.0658542005357,0,1.01712097319216,0.102620299277504,17,55,0,1,1,5,2.02393242455759,0,0,0,0,0,0,0,0,0,0,,0,,,,,0,248.1,248.1
2013,REG,00-0026144,D.McFadden,Darren McFadden,RB,RB,"https://static.www.nfl.com/image/private/f_auto,q_auto/league/bfvionxxsfckmjqtw4kv",10,LV,1,1,16,1,0,0,0,0,0,16,0,1,2.5105038335314,0,1.0,,114,379,5,1,1,16,-23.1542238920958,0,17,25,108,0,0,0,24,125,3,1.01639178510837,0,4.5,0.0865051903114187,0.0096463022508038,0.136510197042691,0,81.34,98.34
2013,REG,00-0026153,J.Stewart,Jonathan Stewart,RB,RB,"https://static.www.nfl.com/image/private/f_auto,q_auto/league/dzvxfj3xrgnzc3jbag2n",6,CAR,0,0,0,0,0,0,0,0,0,0,0,0,,0,,,48,180,0,1,0,7,-5.3126664062147,0,7,7,44,0,0,0,2,42,3,1.72597843786934,0,22.0,0.0518518518518519,0.0016246953696182,0.0789150645365105,0,22.4,29.4
2013,REG,00-0026158,J.Flacco,Joe Flacco,QB,QB,"https://static.www.nfl.com/image/upload/f_auto,q_auto/league/yxvyoeojkif7tnfviamc",16,BAL,362,614,3912,19,22,48,324,8,2,5754,1750,189,-35.6445458961708,2,0.679874869655892,0.0480042165026718,27,131,1,0,0,11,15.9069694770151,0,0,0,0,0,0,0,0,0,0,,0,,,,,0,207.58,207.58
2013,REG,00-0026162,,Felix Jones,RB,RB,,14,PIT,0,0,0,0,0,0,0,0,0,0,0,0,,0,,,48,184,0,1,1,9,-8.57807661810115,0,9,13,63,0,0,0,21,43,2,0.741826959040827,0,3.0,0.0439189189189189,0.0082905645479668,0.0716817735619552,0,22.7,31.7
2013,REG,00-0026163,,Rashard Mendenhall,RB,RB,,15,ARI,0,0,0,0,0,0,0,0,0,0,0,0,,0,,,217,687,8,4,3,43,-31.9535830807397,1,18,21,134,0,0,0,-11,141,5,3.96321296982933,0,-12.1818181818182,0.0522388059701493,-0.00304203539823,0.0762287841764628,0,126.1,144.1
2013,REG,00-0026164,C.Johnson,Chris Johnson,RB,RB,"https://static.www.nfl.com/image/private/f_auto,q_auto/league/ryf9nc84eovvdbf0cz79",16,TEN,0,0,0,0,0,0,0,0,0,0,0,0,,0,,,279,1077,6,2,1,54,-23.1383944213435,0,42,52,345,4,1,1,-43,396,10,8.74991934791041,0,-8.02325581395349,0.102766798418972,-0.0094880847308031,0.147508538316896,0,198.2,240.2
2013,REG,00-0026173,,Donnie Avery,WR,WR,,15,KC,0,0,0,0,0,0,0,0,0,0,0,0,,0,,,2,6,0,0,0,0,-0.614276475738734,0,40,72,596,2,1,1,863,183,25,22.7382661368174,0,0.690614136732329,0.142574257425743,0.258151361052946,0.394567338875676,0,70.2,110.2
2013,REG,00-0026176,J.Nelson,Jordy Nelson,WR,WR,"https://static.www.nfl.com/image/private/f_auto,q_auto/league/bde2n4ozsakatgs4yyp2",16,GB,0,0,0,0,0,0,0,0,0,0,0,0,,0,,,0,0,0,0,0,0,,0,85,127,1314,8,0,0,1367,408,60,55.6446572914107,0,0.961228968544258,0.228828828828829,0.321118158327461,0.568025954072466,0,179.4,264.4
2013,REG,00-0026178,,John Carlson,TE,TE,,13,MIN,0,0,0,0,0,0,0,0,0,0,0,0,,0,,,0,0,0,0,0,0,,0,32,47,344,1,0,0,327,153,19,8.92395762470047,0,1.0519877675841,0.106818181818182,0.0861660079051383,0.22054347826087,0,40.4,72.4
2013,REG,00-0026182,,Eddie Royal,WR,WR,"https://static.www.nfl.com/image/private/f_auto,q_auto/league/xoejgvlit9inmaazsvk4",15,LAC,0,0,0,0,0,0,0,0,0,0,0,0,,0,,,3,21,0,0,0,1,0.254903221037239,0,47,67,631,8,0,0,667,338,33,43.7312323410182,0,0.946026986506747,0.143468950749465,0.178676667559604,0.340277093415919,0,113.2,160.2
2013,REG,00-0026184,M.Forte,Matt Forte,RB,RB,"https://static.www.nfl.com/image/private/f_auto,q_auto/league/olqssssjykcx7tx7xsy3",16,CHI,0,0,0,0,0,0,0,0,0,0,0,0,,0,,,289,1339,9,2,2,74,-4.76770013393758,1,74,94,594,3,0,0,90,515,23,20.7229637100556,0,6.6,0.164912280701754,0.0197498354180382,0.261193305845258,0,263.3,337.3
2013,REG,00-0026186,,Jerome Simpson,WR,WR,,16,MIN,0,0,0,0,0,0,0,0,0,0,0,0,,0,,,0,0,0,0,0,0,,0,48,100,726,1,1,0,1388,170,35,1.66619680494039,0,0.523054755043228,0.186915887850467,0.300367885739018,0.490631351793013,0,78.6,126.6
2013,REG,00-0026188,,Fred Davis,TE,TE,,7,WAS,0,0,0,0,0,0,0,0,0,0,0,0,,0,,,0,0,0,0,0,0,,0,7,18,70,1,0,0,186,21,5,0.150241762632504,0,0.376344086021505,0.0669144981412639,0.0828138913624221,0.158341471165591,0,13.0,20.0
2013,REG,00-0026189,D.Jackson,DeSean Jackson,WR,WR,"https://static.www.nfl.com/image/private/f_auto,q_auto/league/pr5m864fqvnoozihylrh",16,PHI,0,0,0,0,0,0,0,0,0,0,0,0,,0,,,3,2,0,0,0,0,-1.46324934338918,0,82,125,1332,9,1,0,1660,487,60,82.9180232491107,0,0.802409638554217,0.253036437246964,0.336441021483583,0.615063370908954,0,187.4,269.4
2013,REG,00-0026195,,Ray Rice,RB,RB,,15,BAL,0,0,0,0,0,0,0,0,0,0,0,0,,0,,,214,660,4,2,2,28,-52.7649112066092,1,58,73,321,0,0,0,9,367,13,-8.22197186581346,0,35.6666666666667,0.123728813559322,0.0017264530980241,0.1868017375076,0,120.1,178.1
2013,REG,00-0026197,C.Henne,Chad Henne,QB,QB,"https://static.www.nfl.com/image/private/f_auto,q_auto/league/ornr9pcnzveqlntqc7jx",15,JAX,305,503,3241,13,14,38,243,1,0,3266,1801,151,-33.6087461201781,0,0.992345376607471,0.0199705232044197,27,77,0,1,0,7,-8.49288248470437,0,0,0,0,0,0,0,0,0,0,,0,,,,,0,161.34,161.34
2013,REG,00-0026201,M.Bennett,Martellus Bennett,TE,TE,"https://static.www.nfl.com/image/private/f_auto,q_auto/league/repls3tq1d4jnvwmaqia",16,CHI,0,0,0,0,0,0,0,0,0,0,0,0,,0,,,0,0,0,0,0,0,,0,65,94,759,5,1,1,647,370,40,27.6494298849525,0,1.17310664605873,0.164912280701754,0.129244906112665,0.337839855331497,0,103.9,168.9
2013,REG,00-0026210,,Earl Bennett,WR,WR,,14,CHI,0,0,0,0,0,0,0,0,0,0,0,0,,0,,,0,0,0,0,0,0,,0,32,43,243,4,0,0,327,61,13,3.60828874599986,1,0.743119266055046,0.0849802371541502,0.0745214220601641,0.17963535117334,0,50.3,82.3
2013,REG,00-0026213,J.Charles,Jamaal Charles,RB,RB,"https://static.www.nfl.com/image/private/f_auto,q_auto/league/mdrlzgankwwjldxllgcx",15,KC,0,0,0,0,0,0,0,0,0,0,0,0,,0,,,259,1287,12,4,2,72,4.20563086531444,0,70,104,693,7,0,0,136,657,32,20.6389663147618,0,5.09558823529412,0.205940594059406,0.0406820221358062,0.337388306584173,0,308.0,378.0
2013,REG,00-0026224,H.Douglas,Harry Douglas,WR,WR,"https://static.www.nfl.com/image/private/f_auto,q_auto/league/hblmz1iaov5vqx7cd9cv",16,ATL,0,0,0,0,0,0,0,0,0,0,0,0,,0,,,0,0,0,0,0,0,,0,85,132,1067,2,2,1,1107,514,47,18.2523651593778,0,0.96386630532972,0.203703703703704,0.250565866908103,0.480951662391228,0,116.7,201.7
2013,REG,00-0026225,,Craig Stevens,TE,TE,,6,TEN,0,0,0,0,0,0,0,0,0,0,0,0,,0,,,0,0,0,0,0,0,,0,2,6,5,0,0,0,28,3,0,-3.75092198560014,0,0.178571428571429,0.0327868852459016,0.018348623853211,0.0620243645661002,0,0.5,2.5
2013,REG,00-0026231,,Jermichael Finley,TE,TE,,6,GB,0,0,0,0,0,0,0,0,0,0,0,0,,0,,,0,0,0,0,0,0,,0,25,34,300,3,0,0,203,225,13,11.8374435260827,0,1.47783251231527,0.15962441314554,0.113789237668161,0.319089086086023,0,48.0,73.0
2013,REG,00-0026235,,Mario Manningham,WR,WR,,5,SF,0,0,0,0,0,0,0,0,0,0,0,0,,0,,,0,0,0,0,0,0,,0,9,23,85,0,0,0,207,17,5,-4.0426536739605,0,0.410628019323671,0.172932330827068,0.165203511572227,0.37504095434116,0,8.5,17.5
2013,REG,00-0026237,,Andre Caldwell,WR,WR,,12,DEN,0,0,0,0,0,0,0,0,0,0,0,0,,0,,,1,7,0,0,0,0,0.163423272198997,0,16,29,200,3,0,0,416,41,11,13.2306672912039,0,0.480769230769231,0.061965811965812,0.121247449723113,0.177821932754897,0,38.7,54.7
2013,REG,00-0026257,Q.Demps,Quintin Demps,SS,DB,"https://static.www.nfl.com/image/private/f_auto,q_auto/league/qjmlprqtukd45wqsaif6",1,KC,0,0,0,0,0,0,0,0,0,0,0,0,,0,,,0,0,0,0,0,0,,0,0,0,0,0,0,0,0,0,0,,0,,,,,1,6.0,6.0
2013,REG,00-0026262,,Tashard Choice,RB,RB,,13,IND,0,0,0,0,0,0,0,0,0,0,0,0,,0,,,46,170,0,0,0,8,-3.94627827349414,0,5,9,15,0,0,0,-16,22,1,-5.65388998325216,0,-0.9375,0.0358565737051793,-0.0073834794646977,0.0486164249324805,0,18.5,23.5
2013,REG,00-0026267,,Jacob Tamme,TE,TE,"https://static.www.nfl.com/image/private/f_auto,q_auto/league/kfyqh9qmtwufzixwuoo2",9,DEN,0,0,0,0,0,0,0,0,0,0,0,0,,0,,,0,0,0,0,0,0,,0,20,25,184,1,0,0,179,66,14,13.1512011066515,0,1.02793296089385,0.06426735218509,0.0555383183369532,0.135277851113502,0,24.4,44.4
2013,REG,00-0026281,,Gary Barnidge,TE,TE,"https://static.www.nfl.com/image/private/f_auto,q_auto/league/qhfzxti66ga02dok4etx",12,CLE,0,0,0,0,0,0,0,0,0,0,0,0,,0,,,0,0,0,0,0,0,,0,13,18,127,2,0,0,83,91,6,5.80945705462364,0,1.53012048192771,0.0368852459016393,0.0212656930566231,0.0702138539920952,0,24.7,37.7
2013,REG,00-0026286,,Jerome Felton,FB,RB,"https://static.www.nfl.com/image/private/f_auto,q_auto/league/mkg1584egfz8psc6gca7",6,MIN,0,0,0,0,0,0,0,0,0,0,0,0,,0,,,0,0,0,0,0,0,,0,6,8,37,0,0,0,20,23,3,1.4086625885684,0,1.85,0.0353982300884956,0.0126182965299685,0.0619301527037213,0,3.7,9.7
2013,REG,00-0026298,,Kellen Davis,TE,TE,"https://static.www.nfl.com/image/private/f_auto,q_auto/league/bftuje5hq6fnlmpc0uhy",3,SEA,0,0,0,0,0,0,0,0,0,0,0,0,,0,,,0,0,0,0,0,0,,0,3,4,32,1,0,0,34,10,2,2.25491165305721,0,0.941176470588235,0.0454545454545455,0.0452127659574468,0.0998307543520309,0,9.2,12.2
2013,REG,00-0026300,J.Johnson,Josh Johnson,QB,QB,"https://static.www.nfl.com/image/upload/f_auto,q_auto/league/gbaye18gptzb1jpyswv8",2,CIN,0,0,0,0,0,0,0,0,0,0,0,0,,0,,,7,20,0,1,0,2,-0.589685063576326,0,0,0,0,0,0,0,0,0,0,,0,,,,,0,2.0,2.0
2013,REG,00-0026314,,Josh Morgan,WR,WR,,13,WAS,0,0,0,0,0,0,0,0,0,0,0,0,,0,,,2,13,0,0,0,1,1.02846529940143,0,20,33,214,0,0,0,272,95,13,0.986777266312856,0,0.786764705882353,0.0674846625766871,0.0730397422126746,0.152354813413903,0,22.7,42.7
2013,REG,00-0026317,,Corey Lynch,DB,DB,,1,IND,0,0,0,0,0,0,0,0,0,0,0,0,,0,,,1,3,0,0,0,0,-2.09201778261922,0,0,0,0,0,0,0,0,0,0,,0,,,,,0,0.3,0.3
2013,REG,00-0026345,P.Garcon,Pierre Garcon,WR,WR,"https://static.www.nfl.com/image/private/f_auto,q_auto/league/xwjogot7xrfj9qwhsgtn",16,WAS,0,0,0,0,0,0,0,0,0,0,0,0,,0,,,2,19,0,0,0,1,1.70351112354547,0,113,181,1346,5,1,1,1651,661,60,26.6350453242024,0,0.8152634766808,0.302170283806344,0.322083495903238,0.678713872841783,0,164.5,277.5
2013,REG,00-0026349,,Matt Flynn,QB,QB,"https://static.www.nfl.com/image/private/f_auto,q_auto/league/goh8anyqhyvmkfmfbejp",7,GB,124,200,1392,8,5,24,135,3,3,1424,721,69,-25.6549666198581,0,0.97752808988764,0.0325289806770584,20,65,0,4,3,3,-11.8197365339101,0,0,0,0,0,0,0,0,0,0,,0,,,,,0,72.18,72.18
2013,REG,00-0026364,,Steve Johnson,WR,WR,"https://static.www.nfl.com/image/private/f_auto,q_auto/league/vlyzq1v53slatimy6v5q",12,BUF,0,0,0,0,0,0,0,0,0,0,0,0,,0,,,1,10,0,0,0,1,1.14964372123359,0,52,101,597,3,1,1,889,211,33,-11.6735547702072,1,0.671541057367829,0.248768472906404,0.257085020242915,0.553112223529646,0,78.7,130.7
2013,REG,00-0026367,,Peyton Hillis,RB,RB,,7,NYG,0,0,0,0,0,0,0,0,0,0,0,0,,0,,,73,247,2,1,0,12,-7.18934801980504,0,13,21,96,0,1,1,-4,103,5,-3.44499867293559,0,-24.0,0.10880829015544,-0.0032388663967611,0.160945228755428,0,44.3,57.3
2013,REG,00-0026373,,Justin Forsett,RB,RB,"https://static.www.nfl.com/image/private/f_auto,q_auto/league/o86dvbcs8dcubcpj6fnu",8,JAX,0,0,0,0,0,0,0,0,0,0,0,0,,0,,,6,31,0,0,0,1,-0.921743681596419,0,15,16,82,0,1,0,-28,108,5,-5.44818546116585,0,-2.92857142857143,0.0606060606060606,-0.0191256830601093,0.0775211127670144,0,11.3,26.3
2013,REG,00-0026393,M.Reece,Marcel Reece,FB,RB,"https://static.www.nfl.com/image/private/f_auto,q_auto/league/nqy3arwxgk4lwh3pfrr3",16,LV,1,1,22,0,0,0,0,0,0,10,12,1,3.84682386787608,0,2.2,,46,218,2,0,0,8,2.34541740105487,0,32,54,331,2,0,0,230,227,12,-6.5335140755849,0,1.43913043478261,0.110429447852761,0.0574138791812282,0.205833887206001,0,79.78,111.78
2013,REG,00-0026498,M.Stafford,Matthew Stafford,QB,QB,"https://static.www.nfl.com/image/upload/f_auto,q_auto/league/xdlnnbapdbk8trxqlasu",16,DET,371,634,4650,29,19,23,168,4,2,5241,2270,221,56.6230737605955,2,0.88723526044648,0.0702114768851581,37,69,2,8,2,12,-7.63205999977072,0,0,0,0,0,0,0,0,0,0,,0,,,,,0,278.9,278.9
2013,REG,00-0026544,C.Daniel,Chase Daniel,QB,QB,"https://static.www.nfl.com/image/private/f_auto,q_auto/league/jt8fvgeyuhsbpo9m9t4x",5,KC,25,38,248,1,1,2,11,0,0,193,148,14,2.54770822392704,0,1.28497409326425,0.104845482527091,14,52,0,0,0,3,-2.31734131177655,0,0,0,0,0,0,0,0,0,0,,0,,,,,0,17.12,17.12
2013,REG,00-0026557,,Will Ta'ufo'ou,FB,RB,,9,JAX,0,0,0,0,0,0,0,0,0,0,0,0,,0,,,1,1,0,0,0,0,-2.35214264295064,0,10,15,40,0,0,0,22,37,1,-2.56015918933554,0,1.81818181818182,0.0454545454545455,0.0101429230059935,0.0752818642860137,0,4.1,14.1
2013,REG,00-0026566,,Isaac Redman,RB,RB,,2,PIT,0,0,0,0,0,0,0,0,0,0,0,0,,0,,,10,12,0,1,0,0,-5.15342965989839,0,4,5,14,0,0,0,6,9,1,-2.08784404714243,0,2.33333333333333,0.072463768115942,0.0083798882681564,0.114561573961623,0,2.6,6.6
2013,REG,00-0026577,,Marcus Thigpen,WR,WR,"https://static.www.nfl.com/image/private/f_auto,q_auto/league/yjyhu6hejsynzkfiayqm",10,MIA,0,0,0,0,0,0,0,0,0,0,0,0,,0,,,6,18,0,0,0,1,-1.53517170733539,0,8,11,97,1,0,0,26,75,4,7.12653135805944,0,3.73076923076923,0.0376712328767123,0.0093023255813953,0.0630184772220452,0,17.5,25.5
2013,REG,00-0026625,B.Hoyer,Brian Hoyer,QB,QB,"https://static.www.nfl.com/image/private/f_auto,q_auto/league/japt3mj2xctm7saqndxn",3,CLE,57,96,615,5,3,6,48,0,0,774,312,33,-1.34176506812194,0,0.794573643410853,0.0307914607149753,6,16,0,0,0,1,-1.51092599279946,0,0,0,0,0,0,0,0,0,0,,0,,,,,0,40.2,40.2
2013,REG,00-0026644,,Josh Vaughan,RB,RB,,1,ATL,0,0,0,0,0,0,0,0,0,0,0,0,,0,,,1,1,0,0,0,0,-0.0164417749620043,0,1,1,-5,0,0,0,-5,0,0,-1.00521905208007,0,1.0,0.0232558139534884,-0.0158730158730159,0.0237726098191214,0,-0.4,0.6
2013,REG,00-0026699,,Kevin Brock,TE,TE,,4,KC,0,0,0,0,0,0,0,0,0,0,0,0,,0,,,0,0,0,0,0,0,,0,3,6,36,0,0,0,51,4,1,0.58582612266764,0,0.705882352941177,0.0422535211267606,0.053347280334728,0.10072337792445,0,3.6,6.6
2013,REG,00-0026757,,Kory Sperry,TE,TE,,1,ARI,0,0,0,0,0,0,0,0,0,0,0,0,,0,,,0,0,0,0,0,0,,0,1,1,16,0,0,0,16,0,1,1.03024847991765,0,1.0,0.025,0.0415584415584416,0.0665909090909091,0,1.6,2.6
2013,REG,00-0026780,,Kevin Ogletree,WR,WR,,11,DET,0,0,0,0,0,0,0,0,0,0,0,0,,0,,,0,0,0,0,0,0,,0,21,45,269,2,0,0,576,90,15,4.66579141087485,0,0.467013888888889,0.107913669064748,0.15217965653897,0.268396263174401,0,38.9,59.9
2013,REG,00-0026796,,Arian Foster,RB,RB,,8,HOU,0,0,0,0,0,0,0,0,0,0,0,0,,0,,,121,542,1,0,0,31,-2.17297053803136,1,22,35,183,1,0,0,-14,209,6,-7.51709192834096,0,-13.0714285714286,0.12280701754386,-0.0071065989847715,0.179235907026449,0,86.5,108.5
2013,REG,00-0026852,D.Young,Darrel Young,FB,RB,"https://static.www.nfl.com/image/private/f_auto,q_auto/league/znfzmkdrjpzxrhv8j0r7",9,WAS,0,0,0,0,0,0,0,0,0,0,0,0,,0,,,12,41,3,0,0,7,5.94776119472226,0,4,9,71,1,0,0,55,40,1,2.45751564297825,0,1.29090909090909,0.05,0.0481189851268591,0.108683289588801,0,35.2,39.2
2013,REG,00-0026855,,Antone Smith,RB,RB,"https://static.www.nfl.com/image/private/f_auto,q_auto/league/m45j6r43nwv5bsy0ooyo",4,ATL,0,0,0,0,0,0,0,0,0,0,0,0,,0,,,5,145,2,0,0,4,12.4711444502464,0,2,3,10,0,0,0,46,5,0,-2.26488866151371,0,0.217391304347826,0.0333333333333333,0.061744966442953,0.0932214765100671,0,27.5,29.5
2013,REG,00-0026878,,Tom Crabtree,TE,TE,,5,TB,0,0,0,0,0,0,0,0,0,0,0,0,,0,,,0,0,0,0,0,0,,0,4,7,21,1,0,0,36,13,2,0.255159979686141,0,0.583333333333333,0.0391061452513967,0.0247933884297521,0.0760145897779214,0,8.1,12.1
2013,REG,00-0026899,,Shonn Greene,RB,RB,,11,TEN,0,0,0,0,0,0,0,0,0,0,0,0,,0,,,77,295,4,0,0,18,-0.609683728804694,0,6,7,39,0,0,0,-23,61,1,-1.93123130052118,0,-1.69565217391304,0.0419161676646707,-0.0172284644194757,0.050814326403373,0,57.4,63.4
2013,REG,00-0026901,M.Wallace,Mike Wallace,WR,WR,"https://static.www.nfl.com/image/private/f_auto,q_auto/league/dy9z5wbsitf6l9psjq4y",16,MIA,0,0,0,0,0,0,0,0,0,0,0,0,,0,,,3,33,0,0,0,2,2.34975359181408,0,73,141,930,5,0,0,2215,273,46,12.9539810533737,0,0.419864559819413,0.242268041237113,0.390583671310175,0.636810631772792,0,126.3,199.3
2013,REG,00-0026926,,Frank Summers,FB,RB,,8,BUF,0,0,0,0,0,0,0,0,0,0,0,0,,0,,,12,46,1,0,0,3,0.053105298207019,0,7,8,79,1,0,0,28,56,5,5.60980265412945,0,2.82142857142857,0.0493827160493827,0.0201438848920863,0.0881747934985345,0,24.5,31.5
2013,REG,00-0026931,,Bear Pascoe,TE,TE,,11,NYG,0,0,0,0,0,0,0,0,0,0,0,0,,0,,,1,2,0,0,0,0,-0.356202098424546,0,12,20,81,0,0,0,96,48,3,-3.4291385950055,0,0.84375,0.0527704485488127,0.0263953808083585,0.09763243938907,0,8.3,20.3
2013,REG,00-0026932,C.Peerman,Cedric Peerman,RB,RB,"https://static.www.nfl.com/image/private/f_auto,q_auto/league/a2vztwdw7rtpl9q9hzds",2,CIN,0,0,0,0,0,0,0,0,0,0,0,0,,0,,,8,17,0,0,0,0,-3.24812618910801,0,0,0,0,0,0,0,0,0,0,,0,,,,,0,1.7,1.7
2013,REG,00-0026937,,Brandon Gibson,WR,WR,"https://static.www.nfl.com/image/private/f_auto,q_auto/league/surhprm3dsmqjollulmn",7,MIA,0,0,0,0,0,0,0,0,0,0,0,0,,0,,,0,0,0,0,0,0,,0,30,43,326,3,0,0,373,113,19,14.5530359632225,0,0.873994638069705,0.1699604743083,0.155741127348643,0.363959500606501,0,50.6,80.6
2013,REG,00-0026941,,Bernard Scott,RB,RB,,2,BAL,0,0,0,0,0,0,0,0,0,0,0,0,,0,,,4,14,0,0,0,0,-1.30358416214585,0,2,2,10,0,0,0,1,9,0,0.600279930513352,0,10.0,0.0222222222222222,0.0023980815347721,0.0350119904076739,0,2.4,4.4
2013,REG,00-0026956,,LaRod Stephens-Howling,RB,RB,,1,PIT,0,0,0,0,0,0,0,0,0,0,0,0,,0,,,6,19,0,0,0,0,-2.02834195294417,0,2,3,11,0,0,0,2,11,0,-1.35938760545105,0,5.5,0.0909090909090909,0.0069204152249135,0.141207927021076,0,3.0,5.0
2013,REG,00-0026957,D.Johnson,David Johnson,TE,TE,"https://static.www.nfl.com/image/private/f_auto,q_auto/league/td6y6zc2m3ifhcfd4yz9",4,PIT,0,0,0,0,0,0,0,0,0,0,0,0,,0,,,0,0,0,0,0,0,,0,4,6,70,0,0,0,48,31,3,4.41277452104259,0,1.45833333333333,0.0382165605095541,0.0321285140562249,0.0798148006036887,0,7.0,11.0
2013,REG,00-0026983,D.Heyward-Bey,Darrius Heyward-Bey,WR,WR,"https://static.www.nfl.com/image/private/f_auto,q_auto/league/d5otkkbb0z2rdd2bjatd",13,IND,0,0,0,0,0,0,0,0,0,0,0,0,,0,,,3,26,0,0,0,1,0.360133846639656,0,29,64,309,1,0,0,658,124,16,-10.2871743232136,1,0.469604863221885,0.136752136752137,0.164747120681022,0.32045118960492,0,41.5,70.5
2013,REG,00-0026986,M.Crabtree,Michael Crabtree,WR,WR,"https://static.www.nfl.com/image/private/f_auto,q_auto/league/kcavcmeyaion38ewxwyk",5,SF,0,0,0,0,0,0,0,0,0,0,0,0,,0,,,0,0,0,0,0,0,,0,19,33,284,1,0,0,308,137,13,12.5529104521797,0,0.922077922077922,0.237410071942446,0.253289473684211,0.533417739492616,0,34.4,53.4
2013,REG,00-0026988,,Knowshon Moreno,RB,RB,,16,DEN,0,0,0,0,0,0,0,0,0,0,0,0,,0,,,241,1038,10,1,0,53,8.34559529959626,0,60,74,548,3,0,0,126,473,29,37.4760046744502,0,4.34920634920635,0.11044776119403,0.0240045722994856,0.182474842400685,0,236.6,296.6
2013,REG,00-0026993,,Josh Freeman,QB,QB,"https://static.www.nfl.com/image/private/f_auto,q_auto/league/cwcasm6m73fx1mjpjk3n",4,MIN,63,147,761,2,4,8,61,1,1,1579,306,40,-37.2048962108683,0,0.481950601646612,-0.0514557231927824,5,20,0,1,0,1,0.860871840297477,0,0,0,0,0,0,0,0,0,0,,0,,,,,0,30.44,30.44
2013,REG,00-0026996,,Brandon Pettigrew,TE,TE,,14,DET,0,0,0,0,0,0,0,0,0,0,0,0,,0,,,0,0,0,0,0,0,,0,41,63,416,2,1,1,406,188,19,5.99445224687618,0,1.02463054187192,0.114545454545455,0.0850618059920386,0.231361446012609,0,51.6,92.6
2013,REG,00-0026998,,Percy Harvin,WR,WR,"https://static.www.nfl.com/image/private/f_auto,q_auto/league/ly7xvqfvoehf5jqrzzcq",1,SEA,0,0,0,0,0,0,0,0,0,0,0,0,,0,,,0,0,0,0,0,0,,0,1,1,17,0,0,0,12,5,1,2.22221637936309,0,1.41666666666667,0.05,0.0491803278688525,0.109426229508197,0,1.7,2.7
2013,REG,00-0027003,,Donald Brown,RB,RB,,15,IND,0,0,0,0,0,0,0,0,0,0,0,0,,0,,,102,537,6,0,0,20,10.6200471675126,0,27,35,214,2,0,0,-38,236,10,5.64831824609586,0,-5.63157894736842,0.0730688935281837,-0.0098573281452658,0.102703210590589,0,123.1,150.1
2013,REG,00-0027005,,Hakeem Nicks,WR,WR,"https://static.www.nfl.com/image/private/f_auto,q_auto/league/nbgeeeuhd0n4zrctfxce",15,NYG,0,0,0,0,0,0,0,0,0,0,0,0,,0,,,0,0,0,0,0,0,,0,56,101,896,0,0,0,1355,267,38,12.2503988630245,0,0.661254612546126,0.190566037735849,0.268636003172086,0.473894258824234,0,89.6,145.6
2013,REG,00-0027006,K.Britt,Kenny Britt,WR,WR,"https://static.www.nfl.com/image/private/f_auto,q_auto/league/joozpvuyykyxjogcg3r5",10,TEN,0,0,0,0,0,0,0,0,0,0,0,0,,0,,,0,0,0,0,0,0,,0,11,35,96,0,0,0,459,13,5,-14.7776872797403,0,0.209150326797386,0.098314606741573,0.139301972685888,0.244983290992481,0,9.6,20.6
2013,REG,00-0027012,,Brian Robiskie,WR,WR,,1,ATL,0,0,0,0,0,0,0,0,0,0,0,0,,0,,,0,0,0,0,0,0,,0,0,1,0,0,0,0,5,0,0,-0.977828151546419,0,0.0,0.04,0.0357142857142857,0.085,0,0.0,0.0
2013,REG,00-0027029,L.McCoy,LeSean McCoy,RB,RB,"https://static.www.nfl.com/image/private/f_auto,q_auto/league/cpc1a2dgivdyevuncz7p",16,PHI,0,0,0,0,0,0,0,0,0,0,0,0,,0,,,314,1607,9,1,1,79,11.236225661202,0,52,64,539,2,0,0,-40,588,23,18.7915854671491,0,-13.475,0.129554655870445,-0.0088809946714032,0.188115287535686,0,278.6,330.6
2013,REG,00-0027057,B.Tate,Brandon Tate,WR,WR,"https://static.www.nfl.com/image/private/f_auto,q_auto/league/uzpf58ijo44jfqakwv83",2,CIN,0,0,0,0,0,0,0,0,0,0,0,0,,0,,,0,0,0,0,0,0,,0,1,2,6,0,0,0,13,0,0,-0.0679586214246228,0,0.461538461538462,0.0289855072463768,0.0236794171220401,0.0600538528549933,0,0.6,1.6
2013,REG,00-0027061,J.Cook,Jared Cook,TE,TE,"https://static.www.nfl.com/image/private/f_auto,q_auto/league/cthoenebptadlu4g928v",16,LA,0,0,0,0,0,0,0,0,0,0,0,0,,0,,,0,0,0,0,0,0,,0,51,86,671,5,1,1,806,260,34,4.61204757138696,0,0.832506203473946,0.170974155069583,0.209513906940473,0.403120967462705,0,95.1,146.1
2013,REG,00-0027069,,Chase Coffman,TE,TE,,1,ATL,0,0,0,0,0,0,0,0,0,0,0,0,,0,,,0,0,0,0,0,0,,0,0,2,0,0,0,0,22,0,0,-4.42193536076229,0,0.0,0.0338983050847458,0.0582010582010582,0.0915881983678594,0,0.0,0.0
2013,REG,00-0027077,,Brian Hartline,WR,WR,"https://static.www.nfl.com/image/private/f_auto,q_auto/league/vuqaw5utqkgyqtp7hwbu",16,MIA,0,0,0,0,0,0,0,0,0,0,0,0,,0,,,0,0,0,0,0,0,,0,76,133,1016,4,0,0,1485,269,53,22.1985476663563,0,0.684175084175084,0.228522336769759,0.261858578733909,0.526084510268376,0,125.6,201.6
2013,REG,00-0027080,,Mike Goodson,RB,RB,,2,NYJ,0,0,0,0,0,0,0,0,0,0,0,0,,0,,,7,61,0,0,0,2,1.79719988181023,0,2,3,19,0,0,0,6,22,2,1.46989939769264,0,3.16666666666667,0.0555555555555556,0.011605415860735,0.0914571244358478,0,8.0,10.0
2013,REG,00-0027083,,David Bruton,SS,DB,,1,DEN,0,0,0,0,0,0,0,0,0,0,0,0,,0,,,1,35,0,0,0,1,4.50759082322475,0,0,0,0,0,0,0,0,0,0,,0,,,,,0,3.5,3.5
2013,REG,00-0027089,L.Murphy,Louis Murphy,WR,WR,"https://static.www.nfl.com/image/private/f_auto,q_auto/league/rivj8wgktddc22qdtpsn",7,NYG,0,0,0,0,0,0,0,0,0,0,0,0,,0,,,0,0,0,0,0,0,,0,6,13,37,1,1,1,124,6,2,-12.8624022122822,0,0.298387096774194,0.0562770562770563,0.0579710144927536,0.124995294560512,0,7.7,13.7
2013,REG,00-0027092,,Austin Collie,WR,WR,,4,NE,0,0,0,0,0,0,0,0,0,0,0,0,,0,,,0,0,0,0,0,0,,0,6,11,63,0,0,0,130,4,6,1.1605650027905,0,0.484615384615385,0.0572916666666667,0.0800985828712261,0.142006508009858,0,6.3,12.3
2013,REG,00-0027093,,Tony Fiammetta,FB,RB,,4,CHI,0,0,0,0,0,0,0,0,0,0,0,0,,0,,,0,0,0,0,0,0,,0,4,5,57,0,0,0,11,45,2,2.33444221998798,0,5.18181818181818,0.031055900621118,0.0089503661513425,0.0528491072376168,0,5.7,9.7
2013,REG,00-0027094,,Andre Brown,RB,RB,,8,NYG,0,0,0,0,0,0,0,0,0,0,0,0,,0,,,139,492,3,3,3,31,-30.5899477004984,1,20,29,103,0,0,0,12,117,3,-5.79134879243728,0,8.58333333333333,0.130044843049327,0.0059494298463064,0.199231865466405,0,73.5,93.5
2013,REG,00-0027103,K.Huber,Kevin Huber,P,SPEC,"https://static.www.nfl.com/image/private/f_auto,q_auto/league/yrd8jgpvefr8jvu7oejg",1,CIN,0,0,0,0,0,0,0,0,0,0,0,0,,0,,,1,0,0,1,0,0,-4.22223966970341,0,0,0,0,0,0,0,0,0,0,,0,,,,,0,0.0,0.0
2013,REG,00-0027106,,Quinn Johnson,FB,RB,,1,TEN,0,0,0,0,0,0,0,0,0,0,0,0,,0,,,0,0,0,0,0,0,,0,0,1,0,0,0,0,-1,0,0,-0.460039786528796,0,0.0,0.0181818181818182,-0.0021786492374727,0.0257476728064963,0,0.0,0.0
2013,REG,00-0027109,,James Casey,FB,TE,"https://static.www.nfl.com/image/private/f_auto,q_auto/league/atra5outunyi3dikmjez",5,PHI,0,0,0,0,0,0,0,0,0,0,0,0,,0,,,0,0,0,0,0,0,,0,3,6,31,0,0,0,33,24,3,0.868856390938163,0,0.939393939393939,0.0402684563758389,0.021724818959842,0.0756100578356478,0,3.1,6.1
2013,REG,00-0027134,,Curtis Painter,QB,QB,,3,NYG,8,16,57,0,2,1,6,0,0,131,27,2,-13.2565538958879,0,0.435114503816794,-0.0072096100600361,3,-2,0,2,0,0,-1.80790610041004,0,0,0,0,0,0,0,0,0,0,,0,,,,,0,-1.92,-1.92
2013,REG,00-0027135,,Brandon Myers,TE,TE,"https://static.www.nfl.com/image/private/f_auto,q_auto/league/tzyfv93n3bgtbmywjczu",15,NYG,0,0,0,0,0,0,0,0,0,0,0,0,,0,,,0,0,0,0,0,0,,0,47,75,522,4,0,0,605,171,28,8.28313007281131,0,0.862809917355372,0.139405204460967,0.116189744574611,0.290440627893678,0,76.2,123.2
2013,REG,00-0027139,J.Phillips,John Phillips,TE,TE,"https://static.www.nfl.com/image/private/f_auto,q_auto/league/i1t7zl2f5t0wwj72yxj7",6,LAC,0,0,0,0,0,0,0,0,0,0,0,0,,0,,,0,0,0,0,0,0,,0,4,6,30,0,0,0,26,17,1,-0.305559089408039,0,1.15384615384615,0.0307692307692308,0.0210355987055016,0.0608787652476973,0,3.0,7.0
2013,REG,00-0027140,,Chris Ogbonnaya,RB,RB,,16,CLE,0,0,0,0,0,0,0,0,0,0,0,0,,0,,,49,240,0,1,1,14,2.97554368854277,0,48,75,343,2,1,1,86,267,15,-12.7681408100748,0,3.98837209302326,0.111940298507463,0.0174477581659566,0.180123878477364,0,66.3,114.3
2013,REG,00-0027150,J.Edelman,Julian Edelman,WR,WR,"https://static.www.nfl.com/image/private/f_auto,q_auto/league/u0hbuo2bsvtlg7lnxm43",16,NE,0,0,0,0,0,0,0,0,0,0,0,0,,0,,,2,11,0,0,0,2,1.07250509271398,0,105,151,1056,6,0,0,1218,497,54,47.1449089466413,2,0.866995073891626,0.244336569579288,0.234095714011147,0.530371854176735,0,146.7,251.7
2013,REG,00-0027155,,Rashad Jennings,RB,RB,"https://static.www.nfl.com/image/private/f_auto,q_auto/league/r48elxgcxhdkfkazlqab",15,LV,0,0,0,0,0,0,0,0,0,0,0,0,,0,,,163,733,6,0,0,34,3.97879447982996,0,36,47,292,0,0,0,4,312,12,1.9260864882147,0,73.0,0.117206982543641,0.0012406947890818,0.176678960167819,0,138.5,174.5
2013,REG,00-0027156,,Tiquan Underwood,WR,WR,,12,TB,0,0,0,0,0,0,0,0,0,0,0,0,,0,,,0,0,0,0,0,0,,0,24,46,440,4,0,0,625,102,19,19.7907030923161,0,0.704,0.127423822714681,0.187744067287474,0.322556581173254,0,68.0,92.0
2013,REG,00-0027188,,Chad Hall,WR,WR,,4,KC,0,0,0,0,0,0,0,0,0,0,0,0,,0,,,0,0,0,0,0,0,,0,2,7,20,0,0,0,39,17,2,-3.610963366905,0,0.512820512820513,0.053030303030303,0.0463182897862233,0.111968257395811,0,2.0,4.0
2013,REG,00-0027202,,Michael Palmer,TE,TE,,1,PIT,0,0,0,0,0,0,0,0,0,0,0,0,,0,,,0,0,0,0,0,0,,0,1,1,8,0,0,0,1,7,0,0.748268934432417,0,8.0,0.0333333333333333,0.0042918454935622,0.0530042918454936,0,0.8,1.8
2013,REG,00-0027215,L.Paulsen,Logan Paulsen,TE,TE,"https://static.www.nfl.com/image/private/f_auto,q_auto/league/rckjvflmpzh9tiescxcd",14,WAS,0,0,0,0,0,0,0,0,0,0,0,0,,0,,,0,0,0,0,0,0,,0,28,50,267,3,2,2,331,96,11,-7.29743329752148,0,0.806646525679758,0.0974658869395711,0.0750056650804441,0.198702795965668,0,40.7,68.7
2013,REG,00-0027218,,Joique Bell,RB,RB,"https://static.www.nfl.com/image/private/f_auto,q_auto/league/mpibe74w5hnraxk823vf",16,DET,0,0,0,0,0,0,0,0,0,0,0,0,,0,,,166,650,8,4,3,43,-7.47960184233988,0,53,69,547,0,0,0,18,546,22,17.9139923892016,1,30.3888888888889,0.110754414125201,0.0039630118890356,0.168905729510126,0,163.7,216.7
2013,REG,00-0027253,T.Lewis,Thad Lewis,QB,QB,"https://static.www.nfl.com/image/private/f_auto,q_auto/league/rvq63xyplycjcoqgkqag",5,BUF,93,157,1092,4,3,18,100,4,1,1397,457,48,0.38310818274755,0,0.78167501789549,0.0286341545920905,24,52,1,3,2,3,-8.59628150579875,0,0,0,0,0,0,0,0,0,0,,0,,,,,0,58.88,58.88
2013,REG,00-0027259,,Jake Ballard,TE,TE,,5,ARI,0,0,0,0,0,0,0,0,0,0,0,0,,0,,,0,0,0,0,0,0,,0,7,9,75,2,0,0,56,38,5,7.31191764527466,0,1.33928571428571,0.0514285714285714,0.0332936979785969,0.100448445727875,0,19.5,26.5
2013,REG,00-0027265,V.Cruz,Victor Cruz,WR,WR,"https://static.www.nfl.com/image/private/f_auto,q_auto/league/q15bky6cm2stbiy0zafu",14,NYG,0,0,0,0,0,0,0,0,0,0,0,0,,0,,,0,0,0,0,0,0,,0,73,122,998,4,1,1,1459,250,45,18.970558835763,0,0.684030157642221,0.250513347022587,0.311485909479078,0.593810157169235,0,121.8,194.8
2013,REG,00-0027321,J.Cumberland,Jeff Cumberland,TE,TE,"https://static.www.nfl.com/image/private/f_auto,q_auto/league/c87plzwz1aj8haowwxcq",12,NYJ,0,0,0,0,0,0,0,0,0,0,0,0,,0,,,0,0,0,0,0,0,,0,26,39,398,4,0,0,409,154,15,27.8291847080691,0,0.973105134474328,0.108333333333333,0.120329508679023,0.246730656075316,0,63.8,89.8
2013,REG,00-0027322,,David Nelson,WR,WR,,12,NYJ,0,0,0,0,0,0,0,0,0,0,0,0,,0,,,0,0,0,0,0,0,,0,36,61,423,2,0,0,686,108,20,-3.94469884645415,0,0.616618075801749,0.178362573099415,0.23573883161512,0.432561041779707,0,54.3,90.3
2013,REG,00-0027325,L.Blount,LeGarrette Blount,RB,RB,"https://static.www.nfl.com/image/private/f_auto,q_auto/league/s3eilto1yi0yhoamvvo3",16,NE,0,0,0,0,0,0,0,0,0,0,0,0,,0,,,153,772,7,3,2,35,1.69744779414032,0,2,5,38,0,0,0,0,41,1,0.324057746271137,0,0.0,0.027027027027027,0.0,0.0405405405405405,0,119.0,121.0
2013,REG,00-0027346,,Alfonso Smith,RB,RB,,8,ARI,0,0,0,0,0,0,0,0,0,0,0,0,,0,,,18,54,1,2,1,5,-5.93210348044522,0,10,13,68,0,0,0,-5,76,1,-0.568067939633178,0,-13.6,0.0439189189189189,-0.0023934897079942,0.0642029355827824,0,16.2,26.2
2013,REG,00-0027349,,Stephen Williams,WR,WR,,3,JAX,0,0,0,0,0,0,0,0,0,0,0,0,,0,,,0,0,0,0,0,0,,0,0,4,0,0,0,0,101,0,0,-3.32530534989201,0,0.0,0.0412371134020619,0.125465838509317,0.149681757059615,0,0.0,0.0
2013,REG,00-0027356,,Marlon Moore,WR,WR,,8,MIA,0,0,0,0,0,0,0,0,0,0,0,0,,0,,,1,9,0,0,0,0,0.743904024595395,0,7,15,62,0,0,0,173,8,4,-6.44159426505212,0,0.358381502890173,0.0535714285714286,0.0614564831261101,0.12337668104542,0,7.1,14.1
2013,REG,00-0027378,C.Maragos,Chris Maragos,FS,DB,"https://static.www.nfl.com/image/private/f_auto,q_auto/league/pojk8qu8tparbcu35qxo",1,SEA,0,0,0,0,0,0,0,0,0,0,0,0,,0,,,1,0,0,1,0,0,-9.70197022263892,0,0,0,0,0,0,0,0,0,0,,0,,,,,0,0.0,0.0
2013,REG,00-0027445,,Jeron Mastrud,TE,TE,,9,LV,0,0,0,0,0,0,0,0,0,0,0,0,,0,,,0,0,0,0,0,0,,0,6,13,88,0,0,0,85,55,3,0.8499460919993,0,1.03529411764706,0.0442176870748299,0.0401511572980633,0.0944323407208892,0,8.8,14.8
2013,REG,00-0027531,C.Ivory,Chris Ivory,RB,RB,"https://static.www.nfl.com/image/private/f_auto,q_auto/league/wuhrkffigvt55hcqd4yw",15,NYJ,0,0,0,0,0,0,0,0,0,0,0,0,,0,,,182,833,3,2,0,34,-9.33138143012318,0,2,7,10,0,0,0,-7,8,1,-2.72258573886938,0,-1.42857142857143,0.0448717948717949,-0.0047912388774811,0.0639538250934555,0,102.3,104.3
2013,REG,00-0027547,M.Sherels,Marcus Sherels,CB,DB,"https://static.www.nfl.com/image/private/f_auto,q_auto/league/qgwd89z8jxh5o9ln6cmp",1,MIN,0,0,0,0,0,0,0,0,0,0,0,0,,0,,,0,0,0,0,0,0,,0,0,0,0,0,0,0,0,0,0,,0,,,,,1,6.0,6.0
2013,REG,00-0027567,,Steve Maneri,,,,2,CHI,0,0,0,0,0,0,0,0,0,0,0,0,,0,,,0,0,0,0,0,0,,0,0,2,0,0,0,0,4,0,0,-7.44484423514223,0,0.0,0.0298507462686567,0.00836820083682,0.0506338599887591,0,0.0,0.0
2013,REG,00-0027581,,Seyi Ajirotutu,WR,WR,"https://static.www.nfl.com/image/private/f_auto,q_auto/league/tmbglbojtv1psbkhejsg",3,LAC,0,0,0,0,0,0,0,0,0,0,0,0,,0,,,0,0,0,0,0,0,,0,3,4,64,1,0,0,100,2,3,5.53767020208761,0,0.64,0.0384615384615385,0.112485939257593,0.136432465172623,0,12.4,15.4
2013,REG,00-0027583,,Richie Brockel,TE,TE,"https://static.www.nfl.com/image/private/f_auto,q_auto/league/fcqa6vamgjb4adwfpbac",2,CAR,0,0,0,0,0,0,0,0,0,0,0,0,,0,,,1,1,0,0,0,0,-0.347505687735975,0,1,1,12,0,0,0,1,11,1,1.53428257541964,0,12.0,0.03125,0.0043478260869565,0.0499184782608696,0,1.3,2.3
2013,REG,00-0027606,,Trindon Holliday,WR,WR,,3,DEN,0,0,0,0,0,0,0,0,0,0,0,0,,0,,,1,7,0,0,0,0,0.383685298264027,0,0,0,0,0,0,0,0,0,0,,0,,,,,2,12.7,12.7
2013,REG,00-0027608,,Kyle Williams,WR,WR,"https://static.www.nfl.com/image/private/f_auto,q_auto/league/uc0hi9tbued5ff0osfmq",9,SF,0,0,0,0,0,0,0,0,0,0,0,0,,0,,,2,23,0,0,0,2,2.2938025634503,0,12,27,113,0,0,0,292,57,5,-11.3940814802481,0,0.386986301369863,0.132352941176471,0.146365914786967,0.300985552115583,0,13.6,25.6
2013,REG,00-0027651,,Dexter McCluster,WR,WR,"https://static.www.nfl.com/image/private/f_auto,q_auto/league/vawlifwslfzekg0e35ig",15,KC,0,0,0,0,0,0,0,0,0,0,0,0,,0,,,8,5,0,0,0,0,-4.9617225555703,0,53,83,511,2,0,0,556,258,28,8.97977578821593,0,0.919064748201439,0.162745098039216,0.164985163204748,0.359607261302147,2,75.6,128.6
2013,REG,00-0027656,R.Gronkowski,Rob Gronkowski,TE,TE,"https://static.www.nfl.com/image/private/f_auto,q_auto/league/svpo7chliiymc0r7hegp",7,NE,0,0,0,0,0,0,0,0,0,0,0,0,,0,,,0,0,0,0,0,0,,0,39,66,592,4,0,0,711,194,31,19.5880397236579,0,0.832630098452883,0.236559139784946,0.293075020610058,0.55999122410446,0,83.2,122.2
2013,REG,00-0027675,E.Dickson,Ed Dickson,TE,TE,"https://static.www.nfl.com/image/private/f_auto,q_auto/league/qtxat8xwaclkqfkj5lrq",13,BAL,0,0,0,0,0,0,0,0,0,0,0,0,,0,,,0,0,0,0,0,0,,0,25,43,273,1,0,0,398,101,16,-0.246533613360953,0,0.685929648241206,0.0846456692913386,0.0819435865760758,0.184329014540261,0,33.3,58.3
2013,REG,00-0027681,B.LaFell,Brandon LaFell,WR,WR,"https://static.www.nfl.com/image/private/f_auto,q_auto/league/x4wifb5arw0neuwg1cch",15,CAR,0,0,0,0,0,0,0,0,0,0,0,0,,0,,,2,15,0,0,0,1,1.50124415551545,0,49,85,627,5,1,0,977,257,31,3.23263625331754,0,0.641760491299898,0.191441441441441,0.239931237721022,0.455114028566877,0,94.2,143.2
2013,REG,00-0027685,E.Sanders,Emmanuel Sanders,WR,WR,"https://static.www.nfl.com/image/private/f_auto,q_auto/league/potkibjtm855tsawozs0",16,PIT,0,0,0,0,0,0,0,0,0,0,0,0,,0,,,1,25,0,0,0,1,1.49625054991338,1,67,112,740,6,1,0,1274,286,36,11.4623760735325,0,0.580847723704867,0.193436960276339,0.257581884350991,0.470462759460201,0,114.5,181.5
2013,REG,00-0027688,C.McCoy,Colt McCoy,QB,QB,"https://static.www.nfl.com/image/private/f_auto,q_auto/league/mvcoi7f6thyudufnh0dx",3,SF,1,1,13,0,0,0,0,0,0,0,13,1,1.66243796539493,0,0.0,,6,-6,0,0,0,0,-7.05662459536688,0,0,0,0,0,0,0,0,0,0,,0,,,,,0,-0.0800000000000001,-0.0800000000000001
2013,REG,00-0027690,E.Decker,Eric Decker,WR,WR,"https://static.www.nfl.com/image/private/f_auto,q_auto/league/jg5ftnvxz4jdiajzeoyn",16,DEN,0,0,0,0,0,0,0,0,0,0,0,0,,0,,,0,0,0,0,0,0,,0,87,136,1288,11,2,1,1495,385,63,62.1123095179905,0,0.861538461538462,0.202985074626866,0.284816155458183,0.503848920761026,0,192.8,279.8
2013,REG,00-0027691,A.Roberts,Andre Roberts,WR,WR,"https://static.www.nfl.com/image/private/f_auto,q_auto/league/hjoyjewh7knoafxt4k93",16,ARI,0,0,0,0,0,0,0,0,0,0,0,0,,0,,,0,0,0,0,0,0,,0,43,76,471,2,0,0,850,113,22,0.790100013137256,0,0.554117647058824,0.135231316725979,0.161290322580645,0.31575020089542,0,59.1,102.1
2013,REG,00-0027692,,Armanti Edwards,WR,WR,,4,CLE,0,0,0,0,0,0,0,0,0,0,0,0,,0,,,1,0,0,0,0,0,-0.580901434528641,0,1,5,10,0,0,0,28,6,0,-2.022296309995,0,0.357142857142857,0.0442477876106195,0.0477001703577513,0.0997618006663551,0,1.0,2.0
2013,REG,00-0027696,J.Graham,Jimmy Graham,TE,TE,"https://static.www.nfl.com/image/private/f_auto,q_auto/league/h7xs06oj6g03mippwtse",16,NO,0,0,0,0,0,0,0,0,0,0,0,0,,0,,,0,0,0,0,0,0,,0,86,143,1215,16,0,0,1415,397,61,40.5606270298305,0,0.858657243816255,0.222049689440994,0.271958485489141,0.523445474003889,0,217.5,303.5
2013,REG,00-0027702,,Mike Williams,WR,WR,,6,TB,0,0,0,0,0,0,0,0,0,0,0,0,,0,,,0,0,0,0,0,0,,0,22,40,216,2,0,0,404,67,12,6.05510826129466,0,0.534653465346535,0.176211453744493,0.200297471492315,0.404525410661361,0,33.6,55.6
2013,REG,00-0027708,,Marcus Easley,WR,WR,"https://static.www.nfl.com/image/private/f_auto,q_auto/league/lkfgdzlivzsgnbotnnpr",4,BUF,0,0,0,0,0,0,0,0,0,0,0,0,,0,,,0,0,0,0,0,0,,0,2,5,13,0,0,0,40,1,0,-4.24991739186225,0,0.325,0.0352112676056338,0.0330305532617671,0.0759382886916877,0,1.3,3.3
2013,REG,00-0027709,,Jacoby Ford,WR,WR,,13,LV,0,0,0,0,0,0,0,0,0,0,0,0,,0,,,5,15,0,0,0,0,-0.988084746524692,0,13,24,99,0,1,1,172,73,5,-13.4359917479413,0,0.575581395348837,0.0634920634920635,0.0530700401110768,0.132387123315849,0,9.4,22.4
2013,REG,00-0027714,,Dennis Pitta,TE,TE,"https://static.www.nfl.com/image/private/f_auto,q_auto/league/liu0pixlkbyftxesaq06",4,BAL,0,0,0,0,0,0,0,0,0,0,0,0,,0,,,0,0,0,0,0,0,,0,20,33,169,1,0,0,243,46,11,-1.28006831042653,0,0.695473251028807,0.186440677966102,0.149446494464945,0.384273563074614,0,22.9,42.9
2013,REG,00-0027718,,Garrett Graham,TE,TE,,12,HOU,0,0,0,0,0,0,0,0,0,0,0,0,,0,,,0,0,0,0,0,0,,0,49,89,545,5,2,1,714,217,26,-9.76558466971304,0,0.763305322128852,0.184647302904564,0.178947368421053,0.402234112251583,0,82.5,131.5
2013,REG,00-0027725,C.Harbor,Clay Harbor,TE,TE,"https://static.www.nfl.com/image/private/f_auto,q_auto/league/spuxscdmedvqosq5yrho",14,JAX,0,0,0,0,0,0,0,0,0,0,0,0,,0,,,0,0,0,0,0,0,,0,24,35,292,2,2,1,277,127,16,10.7521001073586,0,1.05415162454874,0.0671785028790787,0.0809231668127374,0.157413971087534,0,39.2,63.2
2013,REG,00-0027732,M.Hoomanawanui,Michael Hoomanawanui,TE,TE,"https://static.www.nfl.com/image/private/f_auto,q_auto/league/fgfwj67pbxmp1bpjm7ti",10,NE,0,0,0,0,0,0,0,0,0,0,0,0,,0,,,0,0,0,0,0,0,,0,12,19,136,1,0,0,130,83,7,8.85767406148466,0,1.04615384615385,0.0498687664041995,0.0420168067226891,0.104214914312182,0,19.6,31.6
2013,REG,00-0027739,,John Conner,RB,RB,,4,NYG,0,0,0,0,0,0,0,0,0,0,0,0,,0,,,0,0,0,0,0,0,,0,6,11,31,0,0,0,4,29,2,-2.10466847999487,0,7.75,0.0769230769230769,0.0049813200498132,0.118871539419485,0,3.1,9.1
2013,REG,00-0027753,,Andrew Quarless,TE,TE,,13,GB,0,0,0,0,0,0,0,0,0,0,0,0,,0,,,0,0,0,0,0,0,,0,32,53,312,2,0,0,331,137,18,-2.08387169577285,0,0.942598187311178,0.115720524017467,0.0996687744655224,0.243348928152067,0,43.2,75.2
2013,REG,00-0027755,,David Reed,WR,WR,,2,IND,0,0,0,0,0,0,0,0,0,0,0,0,,0,,,0,0,0,0,0,0,,0,1,3,2,0,0,0,37,2,0,-2.14183340931777,0,0.0540540540540541,0.0340909090909091,0.114906832298137,0.131571146245059,0,0.2,1.2
2013,REG,00-0027758,,Riley Cooper,WR,WR,"https://static.www.nfl.com/image/private/f_auto,q_auto/league/vpongpty2wm06bsmm7hb",16,PHI,0,0,0,0,0,0,0,0,0,0,0,0,,0,,,0,0,0,0,0,0,,0,47,84,835,8,0,0,1219,232,33,33.6837117833355,2,0.684987694831829,0.17004048582996,0.247061207944872,0.42800357430635,0,135.5,182.5
2013,REG,00-0027772,,Anthony Dixon,RB,RB,"https://static.www.nfl.com/image/private/f_auto,q_auto/league/lvbgbxspmjn0xo1kw8g9",10,SF,0,0,0,0,0,0,0,0,0,0,0,0,,0,,,28,56,2,0,0,5,-12.194020287483,0,3,3,30,0,0,0,2,28,1,2.34292815858498,0,15.0,0.0491803278688525,0.00418410041841,0.0766993620961657,0,20.6,23.6
2013,REG,00-0027779,,Deji Karim,RB,RB,,2,HOU,0,0,0,0,0,0,0,0,0,0,0,0,,0,,,12,51,0,0,0,3,0.0876762971747667,0,1,2,-1,0,0,0,27,3,0,-1.34931204962777,0,-0.037037037037037,0.0285714285714286,0.0421875,0.0723883928571429,0,5.0,6.0
2013,REG,00-0027780,,Nate Byham,TE,TE,,3,TB,0,0,0,0,0,0,0,0,0,0,0,0,,0,,,0,0,0,0,0,0,,0,3,3,38,0,0,0,29,9,2,2.30213770025875,0,1.31034482758621,0.032967032967033,0.0522522522522523,0.086027126027126,0,3.8,6.8
2013,REG,00-0027786,,Jonathan Dwyer,RB,RB,,14,PIT,0,0,0,0,0,0,0,0,0,0,0,0,,0,,,49,197,0,0,0,16,-7.37799505569274,0,8,11,64,0,0,0,21,51,3,0.899882366298698,0,3.04761904761905,0.0428015564202335,0.0089781958101752,0.0704870716974729,0,26.1,34.1
2013,REG,00-0027791,,James Starks,RB,RB,"https://static.www.nfl.com/image/private/f_auto,q_auto/league/ohxqulg4xjfmbbkkltqj",13,GB,0,0,0,0,0,0,0,0,0,0,0,0,,0,,,89,493,3,1,0,27,14.4579207027564,0,10,13,89,1,0,0,-23,109,3,3.51671952771721,0,-3.8695652173913,0.0456140350877193,-0.0130237825594564,0.0593044048399595,0,82.2,92.2
2013,REG,00-0027793,A.Brown,Antonio Brown,WR,WR,"https://static.www.nfl.com/image/private/f_auto,q_auto/league/ecxsx9t7bfg42bgfwj3v",16,PIT,1,1,15,0,0,1,7,0,0,11,4,1,-0.200084702698604,0,1.36363636363636,,7,4,0,0,0,2,-2.73629370576236,0,110,166,1499,8,0,0,1763,626,70,63.5396334082687,0,0.850255246738514,0.286701208981002,0.356449656287909,0.679566572873039,1,204.9,314.9
2013,REG,00-0027796,J.Webb,Joe Webb,QB,QB,"https://static.www.nfl.com/image/private/f_auto,q_auto/league/hjieero9ugbyu7n1629h",6,MIN,0,0,0,0,0,0,0,0,0,0,0,0,,0,,,0,0,0,0,0,0,,0,5,11,33,0,0,0,84,3,2,-5.51505618553517,0,0.392857142857143,0.0476190476190476,0.042042042042042,0.100858000858001,0,3.3,8.3
2013,REG,00-0027819,,Dorin Dickerson,TE,TE,"https://static.www.nfl.com/image/private/f_auto,q_auto/league/rzyr56chrrn9v5xjjvmd",3,DET,0,0,0,0,0,0,0,0,0,0,0,0,,0,,,0,0,0,0,0,0,,0,2,5,34,0,0,0,43,26,1,-0.0893040676601231,0,0.790697674418605,0.0505050505050505,0.052760736196319,0.112690091094999,0,3.4,5.4
2013,REG,00-0027825,J.Dray,Jim Dray,TE,TE,"https://static.www.nfl.com/image/private/f_auto,q_auto/league/p8pyujltnfdj3qnbh7yi",14,ARI,0,0,0,0,0,0,0,0,0,0,0,0,,0,,,0,0,0,0,0,0,,0,26,32,215,2,1,1,136,104,13,-9.55076773492821,0,1.58088235294118,0.0625,0.0304659498207885,0.115076164874552,0,31.5,57.5
2013,REG,00-0027844,,Erik Lorig,FB,RB,,9,TB,0,0,0,0,0,0,0,0,0,0,0,0,,0,,,0,0,0,0,0,0,,0,11,14,47,0,0,0,-4,55,2,-3.01176609919639,0,-11.75,0.0491228070175439,-0.0017286084701815,0.0724741845971887,0,4.7,15.7
2013,REG,00-0027853,T.Williams,Teddy Williams,DB,DB,"https://static.www.nfl.com/image/private/f_auto,q_auto/league/py6u7bpxdawx1a8eozbu",1,ARI,0,0,0,0,0,0,0,0,0,0,0,0,,0,,,0,0,0,0,0,0,,0,1,1,51,0,0,0,51,0,1,3.13743667351082,0,1.0,0.0555555555555556,0.228699551569507,0.243423019431988,0,5.1,6.1
2013,REG,00-0027854,S.Bradford,Sam Bradford,QB,QB,"https://static.www.nfl.com/image/private/f_auto,q_auto/league/fizwrxzfdaw7v2vzzpn6",7,LA,159,262,1687,14,4,15,97,2,1,1824,903,85,-2.0485884717077,0,0.924890350877193,0.053676675536361,15,31,0,1,0,1,-8.88916425965726,1,0,0,0,0,0,0,0,0,0,,0,,,,,0,118.58,118.58
2013,REG,00-0027861,C.Spiller,C.J. Spiller,RB,RB,"https://static.www.nfl.com/image/private/f_auto,q_auto/league/jqbnrdpq9c2nbchzntxt",15,BUF,0,0,0,0,0,0,0,0,0,0,0,0,,0,,,202,933,2,4,1,26,-15.6253754888603,0,33,40,185,0,0,0,-39,227,5,-6.92259942911915,0,-4.74358974358974,0.0956937799043062,-0.0155688622754491,0.132642466263645,0,121.8,154.8
2013,REG,00-0027864,,Ryan Mathews,RB,RB,"https://static.www.nfl.com/image/private/f_auto,q_auto/league/mai5izn84cdrvxlkwagb",16,LAC,0,0,0,0,0,0,0,0,0,0,0,0,,0,,,285,1255,6,2,1,54,-3.85070592083414,0,26,33,189,1,0,0,0,189,9,7.36384364421247,0,0.0,0.0843989769820972,0.0,0.126598465473146,0,184.4,210.4
2013,REG,00-0027873,J.Gresham,Jermaine Gresham,TE,TE,"https://static.www.nfl.com/image/private/f_auto,q_auto/league/higvmot083ues41wbdgi",14,CIN,0,0,0,0,0,0,0,0,0,0,0,0,,0,,,0,0,0,0,0,0,,0,46,67,458,4,3,3,417,265,24,13.3965219791571,0,1.09832134292566,0.136734693877551,0.101459854014599,0.276123938626546,0,63.8,109.8
2013,REG,00-0027874,D.Thomas,Demaryius Thomas,WR,WR,"https://static.www.nfl.com/image/private/f_auto,q_auto/league/p1yjsqtqimjd6iazu3h9",16,DEN,0,0,0,0,0,0,0,0,0,0,0,0,,0,,,0,0,0,0,0,0,,0,92,142,1430,14,1,0,1399,697,66,72.3849314614628,0,1.02215868477484,0.211940298507463,0.266526957515717,0.504479318022196,0,227.0,319.0
2013,REG,00-0027888,,Toby Gerhart,RB,RB,"https://static.www.nfl.com/image/private/f_auto,q_auto/league/pne2o7x8dw3cngbahihv",12,MIN,0,0,0,0,0,0,0,0,0,0,0,0,,0,,,36,283,2,1,1,13,9.74362588109216,0,13,19,88,0,0,0,1,83,3,-3.30950780055719,0,88.0,0.0493506493506494,0.0003424657534246,0.0742657000533713,0,47.1,60.1
2013,REG,00-0027890,,Ben Tate,RB,RB,,14,HOU,0,0,0,0,0,0,0,0,0,0,0,0,,0,,,181,771,4,4,2,34,-16.4260190511251,0,34,49,140,0,1,0,-34,160,1,-11.4332445105111,0,-4.11764705882353,0.0936902485659656,-0.0087787245029692,0.13439026569687,0,111.1,145.1
2013,REG,00-0027891,G.Tate,Golden Tate,WR,WR,"https://static.www.nfl.com/image/private/f_auto,q_auto/league/yfqebrp2o9t1gt1wqjku",16,SEA,0,0,0,0,0,0,0,0,0,0,0,0,,0,,,3,31,0,0,0,1,1.41470050252974,0,64,98,898,5,1,0,1073,474,41,41.1039015640761,0,0.83690587138863,0.23960880195599,0.274144098109351,0.551314071610531,0,122.9,186.9
2013,REG,00-0027893,,Damian Williams,WR,WR,,8,TEN,0,0,0,0,0,0,0,0,0,0,0,0,,0,,,0,0,0,0,0,0,,0,15,23,178,0,0,0,266,47,10,8.99516286014114,0,0.669172932330827,0.0942622950819672,0.111064718162839,0.219138745336938,0,17.8,32.8
2013,REG,00-0027902,D.Bryant,Dez Bryant,WR,WR,"https://static.www.nfl.com/image/private/f_auto,q_auto/league/jmggujwkiv7osgkhhnhl",16,DAL,0,0,0,0,0,0,0,0,0,0,0,0,,0,,,1,1,0,0,0,0,-0.397336941212416,0,93,160,1233,13,3,1,1849,524,67,46.5958696758464,0,0.666846944294213,0.275862068965517,0.396610896610897,0.691420731075904,0,199.4,292.4
2013,REG,00-0027915,,Isaiah Trufant,DB,DB,,1,NYJ,0,0,0,0,0,0,0,0,0,0,0,0,,0,,,0,0,0,0,0,0,,0,0,1,0,0,0,0,11,0,0,-2.31462632957846,0,0.0,0.027027027027027,0.0419847328244275,0.0699298535176398,0,0.0,0.0
2013,REG,00-0027917,,Tyler Clutts,FB,RB,"https://static.www.nfl.com/image/private/f_auto,q_auto/league/a1knpd9e7x4pxech8xhg",2,DAL,0,0,0,0,0,0,0,0,0,0,0,0,,0,,,0,0,0,0,0,0,,0,1,2,4,0,1,1,0,3,0,-5.17229272495024,0,0.0,0.0338983050847458,0.0,0.0508474576271187,0,-1.6,-0.6
2013,REG,00-0027918,,Andrew Hawkins,WR,WR,,8,CIN,0,0,0,0,0,0,0,0,0,0,0,0,,0,,,2,3,0,1,0,1,0.219014015980065,0,12,18,199,0,0,0,112,136,7,7.19836996302388,0,1.77678571428571,0.0717131474103586,0.0521901211556384,0.144102805924485,0,20.2,32.2
2013,REG,00-0027925,J.Develin,James Develin,FB,RB,"https://static.www.nfl.com/image/private/f_auto,q_auto/league/ryhocvpml27otxnncc2h",6,NE,0,0,0,0,0,0,0,0,0,0,0,0,,0,,,4,10,1,0,0,4,2.77263094909722,0,4,4,62,0,0,0,30,32,3,3.52505805890542,0,2.06666666666667,0.0248447204968944,0.020746887966805,0.0517899023221051,0,13.2,17.2
2013,REG,00-0027939,C.Newton,Cam Newton,QB,QB,"https://static.www.nfl.com/image/private/f_auto,q_auto/league/zwmgw2gmnn2kch4nquft",16,CAR,292,473,3379,24,13,43,336,1,1,4238,1613,169,33.1253804500164,0,0.797310051911279,0.102429349527042,111,585,6,2,0,45,37.3183086619553,0,0,0,0,0,0,0,0,0,0,,0,,,,,0,297.66,297.66
2013,REG,00-0027942,A.Green,A.J. Green,WR,WR,"https://static.www.nfl.com/image/private/f_auto,q_auto/league/guj5a9vnnzqfiljupzuj",16,CIN,0,0,0,0,0,0,0,0,0,0,0,0,,0,,,0,0,0,0,0,0,,0,98,178,1426,11,1,0,2256,393,65,20.2887065462904,0,0.63209219858156,0.309027777777778,0.45447219983884,0.781672206553854,0,208.6,306.6
2013,REG,00-0027943,P.Peterson,Patrick Peterson,CB,DB,"https://static.www.nfl.com/image/private/f_auto,q_auto/league/hefuj7lvfmgvr4tme7te",9,ARI,1,1,17,0,0,0,0,0,0,17,0,1,1.09784198197303,0,1.0,,4,21,0,0,0,2,1.05316801019944,0,6,8,54,0,0,0,36,38,3,0.0332869330304675,0,1.5,0.0318725099601594,0.0181451612903226,0.0605103778434649,0,8.18,14.18
2013,REG,00-0027944,J.Jones,Julio Jones,WR,WR,"https://static.www.nfl.com/image/upload/f_auto,q_auto/league/omrddf2phtyztzx2nup1",5,ATL,0,0,0,0,0,0,0,0,0,0,0,0,,0,,,1,7,0,0,0,1,0.536285034671892,0,41,60,580,2,2,1,620,245,25,16.5895640144173,0,0.935483870967742,0.28169014084507,0.421768707482993,0.717773306505701,0,68.7,109.7
2013,REG,00-0027946,,Jake Locker,QB,QB,,7,TEN,111,183,1256,8,4,16,105,0,0,1788,561,56,7.3820694193893,0,0.702460850111857,0.0863423294366209,24,155,2,3,1,9,8.38816496828804,0,0,0,0,0,0,0,0,0,0,,0,,,,,0,99.74,99.74
2013,REG,00-0027948,B.Gabbert,Blaine Gabbert,QB,QB,"https://static.www.nfl.com/image/private/f_auto,q_auto/league/fphhd3wedamgkps6e0dl",3,JAX,42,86,481,1,7,12,67,2,0,581,277,23,-60.3753199726768,0,0.827882960413081,-0.0423699109827105,9,32,0,0,0,0,-2.06505158287473,0,0,0,0,0,0,0,0,0,0,,0,,,,,0,12.44,12.44
2013,REG,00-0027950,,Christian Ponder,QB,QB,"https://static.www.nfl.com/image/private/f_auto,q_auto/league/zbs6aql0ucbsqdrclqrs",9,MIN,152,239,1648,7,9,27,119,4,3,2041,705,83,-23.0374716171754,0,0.807447329740323,0.061923475662997,34,151,4,3,1,12,8.05522074689478,0,0,0,0,0,0,0,0,0,0,,0,,,,,0,107.02,107.02
2013,REG,00-0027955,N.Solder,Nate Solder,T,OL,"https://static.www.nfl.com/image/private/f_auto,q_auto/league/kbzznhzm6nub46htfcse",1,NE,0,0,0,0,0,0,0,0,0,0,0,0,,0,,,0,0,0,0,0,0,,0,0,1,0,0,0,0,1,0,0,-0.486082516727038,0,0.0,0.0285714285714286,0.003125,0.0450446428571429,0,0.0,0.0
2013,REG,00-0027964,,Jon Baldwin,WR,WR,,4,SF,0,0,0,0,0,0,0,0,0,0,0,0,,0,,,0,0,0,0,0,0,,0,3,9,28,0,0,0,126,6,1,-3.75127077708249,0,0.222222222222222,0.09375,0.152173913043478,0.247146739130435,0,2.8,5.8
2013,REG,00-0027966,M.Ingram,Mark Ingram,RB,RB,"https://static.www.nfl.com/image/private/f_auto,q_auto/league/qyju9wutyssrf0b26ran",11,NO,0,0,0,0,0,0,0,0,0,0,0,0,,0,,,78,386,1,0,0,18,-7.16519860381959,0,7,11,68,0,0,0,-11,76,2,-0.381644307519309,0,-6.18181818181818,0.0355987055016181,-0.0052859202306583,0.0496979140909664,0,51.4,58.4
2013,REG,00-0027973,A.Dalton,Andy Dalton,QB,QB,"https://static.www.nfl.com/image/upload/f_auto,q_auto/league/az1zo7fl2tozg50tgs0d",16,CIN,363,586,4293,33,20,29,182,3,3,5001,2077,204,67.8600847372613,0,0.858428314337133,0.109262992743902,61,183,2,1,0,15,9.72153011815405,0,0,0,0,0,0,0,0,0,0,,0,,,,,0,288.02,288.02
2013,REG,00-0027974,,Colin Kaepernick,QB,QB,"https://static.www.nfl.com/image/private/f_auto,q_auto/league/nnvil5vbsj1nbldpc9nl",16,SF,243,416,3197,21,8,39,231,3,3,3950,1326,147,56.7781520729781,0,0.809367088607595,0.094584665719452,92,524,4,3,1,28,16.2372785005885,0,0,0,0,0,0,0,0,0,0,,0,,,,,0,264.28,264.28
2013,REG,00-0027981,K.Rudolph,Kyle Rudolph,TE,TE,"https://static.www.nfl.com/image/private/f_auto,q_auto/league/mtvrkfel5750mlevcvtp",8,MIN,0,0,0,0,0,0,0,0,0,0,0,0,,0,,,0,0,0,0,0,0,,0,30,46,313,3,0,0,383,119,12,4.11410075256425,0,0.817232375979112,0.167883211678832,0.160184023421163,0.363953633913062,0,49.3,79.3
2013,REG,00-0027985,L.Kendricks,Lance Kendricks,TE,TE,"https://static.www.nfl.com/image/private/f_auto,q_auto/league/njjeo5udwowpbfnufl5l",14,LA,0,0,0,0,0,0,0,0,0,0,0,0,,0,,,0,0,0,0,0,0,,0,32,46,258,4,0,0,210,108,16,-1.4513154255922,0,1.22857142857143,0.102449888641425,0.0622775800711744,0.19726913901196,0,49.8,81.8
2013,REG,00-0027994,S.Vereen,Shane Vereen,RB,RB,"https://static.www.nfl.com/image/private/f_auto,q_auto/league/grirsvo53nqb22jzb1zk",8,NE,0,0,0,0,0,0,0,0,0,0,0,0,,0,,,44,208,1,1,0,11,2.61719066806836,0,47,69,427,3,0,0,274,275,25,12.464970286626,0,1.55839416058394,0.205970149253731,0.109424920127796,0.385552667970054,0,87.5,134.5
2013,REG,00-0027995,,Mikel Leshoure,RB,RB,,1,DET,0,0,0,0,0,0,0,0,0,0,0,0,,0,,,2,9,0,0,0,0,-0.260984684107825,0,0,0,0,0,0,0,0,0,0,,0,,,,,0,0.9,0.9
2013,REG,00-0027996,T.Smith,Torrey Smith,WR,WR,"https://static.www.nfl.com/image/private/f_auto,q_auto/league/sqvbn4ybxagyfwva3i51",16,BAL,0,0,0,0,0,0,0,0,0,0,0,0,,0,,,0,0,0,0,0,0,,0,65,137,1128,4,1,0,2116,363,48,34.082499661469,1,0.533081285444234,0.223127035830619,0.369155617585485,0.593099486055768,0,138.8,203.8
2013,REG,00-0027997,G.Little,Greg Little,WR,WR,"https://static.www.nfl.com/image/private/f_auto,q_auto/league/gunq4pae9yx2zlfz7qil",16,CLE,0,0,0,0,0,0,0,0,0,0,0,0,,0,,,0,0,0,0,0,0,,0,41,99,465,2,0,0,1126,190,22,-40.3615739018449,0,0.412966252220249,0.147761194029851,0.201539287632003,0.362719292387178,0,58.5,99.5
2013,REG,00-0028000,,Daniel Thomas,RB,RB,,15,MIA,0,0,0,0,0,0,0,0,0,0,0,0,,0,,,109,406,4,0,0,17,-8.21021037899871,0,15,17,63,2,0,0,-24,84,6,3.50306351610322,0,-2.625,0.037037037037037,-0.0052968439638049,0.0518477647808921,0,82.9,97.9
2013,REG,00-0028002,R.Cobb,Randall Cobb,WR,WR,"https://static.www.nfl.com/image/private/f_auto,q_auto/league/kuwo5hnkbtesfw6n9w1s",6,GB,0,0,0,0,0,0,0,0,0,0,0,0,,0,,,4,78,0,0,0,1,3.88897514768178,0,31,47,433,4,0,0,383,175,18,19.2929827759672,0,1.13054830287206,0.214611872146119,0.203290870488323,0.464221417561004,0,75.1,106.1
2013,REG,00-0028007,,Rob Housler,TE,TE,"https://static.www.nfl.com/image/private/f_auto,q_auto/league/lnu7z4mvnadgcnppqbxz",13,ARI,0,0,0,0,0,0,0,0,0,0,0,0,,0,,,0,0,0,0,0,0,,0,39,57,454,1,1,0,535,199,22,2.21598838656137,0,0.848598130841122,0.125827814569536,0.126867441308987,0.277548930770596,0,51.4,90.4
2013,REG,00-0028009,D.Murray,DeMarco Murray,RB,RB,"https://static.www.nfl.com/image/private/f_auto,q_auto/league/lu4pqg7cvxbz7z4oormo",14,DAL,0,0,0,0,0,0,0,0,0,0,0,0,,0,,,217,1121,9,2,1,59,16.2320825380518,0,53,66,350,1,1,0,16,380,18,5.27350103495861,0,21.875,0.131212723658052,0.004346644933442,0.199861736940487,0,205.1,258.1
2013,REG,00-0028011,S.Ridley,Stevan Ridley,RB,RB,"https://static.www.nfl.com/image/private/f_auto,q_auto/league/futdstbe48qaqcvtolzj",14,NE,0,0,0,0,0,0,0,0,0,0,0,0,,0,,,178,773,7,3,3,39,-19.242551649455,0,10,12,62,0,1,1,6,57,2,-3.65469115739688,0,10.3333333333333,0.0454545454545455,0.0029717682020802,0.0702620559232743,0,117.5,127.5
2013,REG,00-0028016,,Austin Pettis,WR,WR,,14,LA,0,0,0,0,0,0,0,0,0,0,0,0,,0,,,0,0,0,0,0,0,,0,38,63,399,4,0,0,628,118,25,21.2658891540658,0,0.635350318471338,0.135483870967742,0.17434758467518,0.325269115724239,0,63.9,101.9
2013,REG,00-0028017,,Leonard Hankerson,WR,WR,,10,WAS,0,0,0,0,0,0,0,0,0,0,0,0,,0,,,0,0,0,0,0,0,,0,30,50,375,3,0,0,500,131,21,8.1507968029355,0,0.75,0.134048257372654,0.182348650619985,0.328716441492971,0,55.5,85.5
2013,REG,00-0028020,,Vincent Brown,WR,WR,"https://static.www.nfl.com/image/private/f_auto,q_auto/league/oh5svrazghe5xnwz5jpw",16,LAC,0,0,0,0,0,0,0,0,0,0,0,0,,0,,,0,0,0,0,0,0,,0,41,69,472,1,0,0,843,84,28,9.24119994502923,0,0.559905100830368,0.128971962616822,0.200427960057061,0.333757515965177,0,53.2,94.2
2013,REG,00-0028021,,Jerrel Jernigan,WR,WR,,9,NYG,0,0,0,0,0,0,0,0,0,0,0,0,,0,,,2,57,1,0,0,1,4.83491415833123,0,29,44,329,2,0,0,462,126,16,12.317672797828,0,0.712121212121212,0.130952380952381,0.149951314508277,0.301394491584365,0,56.6,85.6
2013,REG,00-0028034,,Alex Green,RB,RB,,4,NYJ,0,0,0,0,0,0,0,0,0,0,0,0,,0,,,11,35,0,0,0,2,-4.51630598068005,0,2,2,8,0,0,0,-9,17,0,-0.11673633614555,0,-0.888888888888889,0.0285714285714286,-0.0169172932330827,0.031015037593985,0,4.3,6.3
2013,REG,00-0028040,,Jordan Cameron,TE,TE,"https://static.www.nfl.com/image/private/f_auto,q_auto/league/oyhmlsxyzwbznmeqnf9i",15,CLE,0,0,0,0,0,0,0,0,0,0,0,0,,0,,,0,0,0,0,0,0,,0,80,118,917,7,1,0,1094,238,47,23.3064217456749,0,0.838208409506399,0.187301587301587,0.208619374523265,0.426985943118666,0,133.7,213.7
2013,REG,00-0028043,,Roy Helu,RB,RB,"https://static.www.nfl.com/image/private/f_auto,q_auto/league/ahtlpumbpwlc7xm9ci9h",16,WAS,0,0,0,0,0,0,0,0,0,0,0,0,,0,,,62,274,4,1,0,18,-4.35352223057507,0,31,42,251,0,1,0,82,174,9,-7.26025193607948,0,3.0609756097561,0.0701168614357262,0.0159968786578229,0.116373107214065,0,76.5,107.5
2013,REG,00-0028045,,Kris Durham,WR,WR,,16,DET,0,0,0,0,0,0,0,0,0,0,0,0,,0,,,0,0,0,0,0,0,,0,38,85,490,2,1,1,983,123,25,-7.8894924990485,0,0.498474059003052,0.136436597110754,0.188386354925259,0.336525344113813,0,59.0,97.0
2013,REG,00-0028049,,Clyde Gates,WR,WR,,6,NYJ,0,0,0,0,0,0,0,0,0,0,0,0,,0,,,0,0,0,0,0,0,,0,12,24,122,0,0,0,259,26,5,-12.373917922223,0,0.471042471042471,0.126315789473684,0.134336099585062,0.28350895392007,0,12.2,24.2
2013,REG,00-0028050,,Greg Salas,WR,WR,,5,NYJ,0,0,0,0,0,0,0,0,0,0,0,0,,0,,,0,0,0,0,0,0,,0,8,13,143,0,0,0,152,78,5,2.31033249822018,0,0.94078947368421,0.10077519379845,0.135593220338983,0.246078044934963,0,14.3,22.3
2013,REG,00-0028051,,Chimdi Chekwa,DB,DB,"https://static.www.nfl.com/image/private/f_auto,q_auto/league/yxubap1powl4qoafgoob",1,LV,0,0,0,0,0,0,0,0,0,0,0,0,,0,,,0,0,0,0,0,0,,0,1,1,22,0,0,0,10,12,1,3.84682386787608,0,2.2,0.025,0.0291545189504373,0.0579081632653061,0,2.2,3.2
2013,REG,00-0028052,,Cecil Shorts,WR,WR,"https://static.www.nfl.com/image/private/f_auto,q_auto/league/zdsyqinswn0k8664k9qs",13,JAX,0,0,0,0,0,0,0,0,0,0,0,0,,0,,,0,0,0,0,0,0,,0,66,125,777,3,0,0,1293,275,41,-11.1043329946801,0,0.60092807424594,0.268240343347639,0.413363171355499,0.691714734970308,0,95.7,161.7
2013,REG,00-0028053,,Kendall Hunter,RB,RB,"https://static.www.nfl.com/image/private/f_auto,q_auto/league/m9tciwm7ffejuubhfh7n",16,SF,0,0,0,0,0,0,0,0,0,0,0,0,,0,,,78,358,3,1,1,18,-5.19555947363697,0,2,4,13,0,0,0,4,16,0,-0.879183620505501,0,3.25,0.0396039603960396,0.006269592476489,0.0637946553276017,1,59.1,61.1
2013,REG,00-0028061,,Tandon Doss,WR,WR,,11,BAL,0,0,0,0,0,0,0,0,0,0,0,0,,0,,,0,0,0,0,0,0,,0,19,36,305,0,0,0,374,86,13,3.15031397060199,0,0.815508021390374,0.0962566844919786,0.116076970825574,0.22563890631587,1,36.5,55.5
2013,REG,00-0028063,T.Jones,Taiwan Jones,RB,RB,"https://static.www.nfl.com/image/private/f_auto,q_auto/league/va09vgfr7bdc2wb6ikq4",4,LV,0,0,0,0,0,0,0,0,0,0,0,0,,0,,,5,23,0,0,0,1,0.817617578199133,0,2,3,55,0,0,0,12,40,1,2.74878048844403,0,4.58333333333333,0.0394736842105263,0.0185471406491499,0.0721935247701944,0,7.8,9.8
2013,REG,00-0028064,B.Powell,Bilal Powell,RB,RB,"https://static.www.nfl.com/image/private/f_auto,q_auto/league/a5qlloemeetaqawzwuf7",16,NYJ,1,1,30,0,0,0,0,0,0,20,10,1,2.28308671922423,0,1.5,,176,697,1,1,0,35,-20.3138142154286,0,36,57,272,0,0,0,-2,313,13,-6.89888403627632,0,-136.0,0.119246861924686,-0.0005571030640668,0.178480320742183,0,104.1,140.1
2013,REG,00-0028067,J.Thomas,Julius Thomas,TE,TE,"https://static.www.nfl.com/image/private/f_auto,q_auto/league/ephrfopvlebj4fdcl67a",14,DEN,0,0,0,0,0,0,0,0,0,0,0,0,,0,,,0,0,0,0,0,0,,0,65,90,788,12,0,0,632,408,41,51.1524535660785,0,1.24683544303797,0.149750415973378,0.135042735042735,0.319155538489981,0,150.8,215.8
2013,REG,00-0028074,A.Sherman,Anthony Sherman,RB,RB,"https://static.www.nfl.com/image/private/f_auto,q_auto/league/ibmfpy4ztgmqfwtood5x",11,KC,0,0,0,0,0,0,0,0,0,0,0,0,,0,,,2,3,0,0,0,1,0.444237646501279,0,18,24,155,1,1,1,-14,162,8,3.71235444952617,0,-11.0714285714286,0.0661157024793388,-0.0056519983851433,0.0952171548494079,0,19.8,37.8
2013,REG,00-0028079,,D.J. Williams,TE,TE,,2,NE,0,0,0,0,0,0,0,0,0,0,0,0,,0,,,0,0,0,0,0,0,,0,0,2,0,0,0,0,19,0,0,-5.95251651125727,0,0.0,0.0333333333333333,0.0477386934673367,0.0834170854271357,0,0.0,0.0
2013,REG,00-0028082,,Shiloh Keo,DB,DB,"https://static.www.nfl.com/image/private/f_auto,q_auto/league/gfwxapy3hno4ewpowrcm",1,HOU,0,0,0,0,0,0,0,0,0,0,0,0,,0,,,1,8,0,0,0,1,2.32155332993716,0,0,0,0,0,0,0,0,0,0,,0,,,,,0,0.8,0.8
2013,REG,00-0028083,J.Rodgers,Jacquizz Rodgers,RB,RB,"https://static.www.nfl.com/image/private/f_auto,q_auto/league/ztmescfueap5glplyf7w",15,ATL,0,0,0,0,0,0,0,0,0,0,0,0,,0,,,96,332,2,0,0,19,-12.0503125784162,0,52,62,341,2,1,1,19,359,12,0.574350508973831,0,17.9473684210526,0.101973684210526,0.0046082949308755,0.156186332767402,0,89.3,141.3
2013,REG,00-0028086,,Denarius Moore,WR,WR,"https://static.www.nfl.com/image/private/f_auto,q_auto/league/sttop34l1fezi28ls4d9",13,LV,0,0,0,0,0,0,0,0,0,0,0,0,,0,,,0,0,0,0,0,0,,0,46,86,695,5,0,0,860,274,36,8.82031803761493,0,0.808139534883721,0.209756097560976,0.262515262515263,0.498394830102147,0,99.5,145.5
2013,REG,00-0028090,T.Yates,T.J. Yates,QB,QB,"https://static.www.nfl.com/image/private/f_auto,q_auto/league/h8x0pbhc1s5dwjuzipsb",2,HOU,15,22,113,0,2,2,7,1,0,113,45,7,-11.5007390751853,0,1.0,0.0401652602373628,1,0,0,0,0,0,-3.82723386329599,0,0,0,0,0,0,0,0,0,0,,0,,,,,0,0.52,0.52
2013,REG,00-0028091,J.Kerley,Jeremy Kerley,WR,WR,"https://static.www.nfl.com/image/private/f_auto,q_auto/league/lsfc40maht2r3k0ctu1b",12,NYJ,0,1,0,0,0,0,0,0,0,8,0,0,-1.83867442747578,0,0.0,,4,11,0,0,0,0,-2.18856388749555,0,43,72,523,3,0,0,633,178,30,17.9857561850328,0,0.826224328593997,0.198895027624309,0.206862745098039,0.443146463005092,0,71.4,114.4
2013,REG,00-0028093,N.Paul,Niles Paul,TE,TE,"https://static.www.nfl.com/image/private/f_auto,q_auto/league/c2hufhhjyuitenxujhpz",5,WAS,0,0,0,0,0,0,0,0,0,0,0,0,,0,,,0,0,0,0,0,0,,0,4,8,51,0,0,0,51,22,2,-0.218707285408229,0,1.0,0.04,0.0297723292469352,0.0808406304728547,0,5.1,9.1
2013,REG,00-0028097,L.Smith,Lee Smith,TE,TE,"https://static.www.nfl.com/image/private/f_auto,q_auto/league/gcaqwhzrinlqicrljwlr",7,BUF,0,0,0,0,0,0,0,0,0,0,0,0,,0,,,0,0,0,0,0,0,,0,5,9,78,0,0,0,55,41,4,2.37373612918112,0,1.41818181818182,0.0412844036697248,0.0355297157622739,0.0867974065381789,0,7.8,12.8
2013,REG,00-0028112,C.Clay,Charles Clay,TE,TE,"https://static.www.nfl.com/image/private/f_auto,q_auto/league/gbfhfjn5cxtou5aazegt",16,MIA,0,0,0,0,0,0,0,0,0,0,0,0,,0,,,7,15,1,0,0,2,-4.02963844646001,0,69,102,759,6,0,0,715,357,36,31.7812252819052,0,1.06153846153846,0.175257731958763,0.126080056427438,0.351142637437351,0,119.4,188.4
2013,REG,00-0028114,D.Harris,Dwayne Harris,WR,WR,"https://static.www.nfl.com/image/private/f_auto,q_auto/league/cz34jefkstkm3mvjznvg",10,DAL,0,0,0,0,0,0,0,0,0,0,0,0,,0,,,1,6,0,0,0,0,0.345162095036358,0,9,14,80,2,0,0,97,36,5,2.50776568186831,0,0.824742268041237,0.0482758620689655,0.0437725631768953,0.103054587327275,1,26.6,35.6
2013,REG,00-0028115,,Evan Royster,RB,RB,,2,WAS,0,0,0,0,0,0,0,0,0,0,0,0,,0,,,2,0,0,0,0,0,-1.91482657194138,0,1,1,3,0,0,0,-4,7,0,-0.859055686276406,0,-0.75,0.024390243902439,-0.0099009900990099,0.0296546727843516,0,0.3,1.3
2013,REG,00-0028116,A.Robinson,Aldrick Robinson,WR,WR,"https://static.www.nfl.com/image/private/f_auto,q_auto/league/lzdmahvzc7tm4pulh2sj",13,WAS,0,0,0,0,0,0,0,0,0,0,0,0,,0,,,3,-4,0,0,0,0,-2.12600233731791,0,18,46,365,2,0,0,862,86,14,8.38602967394903,0,0.423433874709977,0.0925553319919517,0.195686719636776,0.275813701733671,0,48.1,66.1
2013,REG,00-0028118,T.Taylor,Tyrod Taylor,QB,QB,"https://static.www.nfl.com/image/upload/f_auto,q_auto/league/xk8e04jdsvigd6fky3uy",3,BAL,1,5,2,0,1,0,0,0,0,27,1,0,-10.2417774235364,0,0.0740740740740741,-0.272304878891162,8,64,0,0,0,5,-4.91080387012335,0,1,1,6,0,0,0,-2,8,0,-1.10158764291555,0,0.0,0.037037037037037,-0.006578947368421,0.0509502923976608,0,5.08,6.08
2013,REG,00-0028119,,Richard Gordon,TE,TE,"https://static.www.nfl.com/image/private/f_auto,q_auto/league/d6n88ld1jh7hkg7lynur",1,KC,0,0,0,0,0,0,0,0,0,0,0,0,,0,,,0,0,0,0,0,0,,0,1,1,3,0,0,0,1,2,0,-0.168912638211623,0,3.0,0.0333333333333333,0.006060606060606,0.0542424242424243,0,0.3,1.3
2013,REG,00-0028121,J.Todman,Jordan Todman,RB,RB,"https://static.www.nfl.com/image/private/f_auto,q_auto/league/lhoxroo20gf8a3mbiczr",15,JAX,0,0,0,0,0,0,0,0,0,0,0,0,,0,,,76,256,2,0,0,16,-4.59810952456966,0,14,26,116,1,0,0,31,96,6,-5.79568796808599,0,3.74193548387097,0.0716253443526171,0.0134257254222607,0.116836024324508,0,55.2,69.2
2013,REG,00-0028142,V.Green,Virgil Green,TE,TE,"https://static.www.nfl.com/image/private/f_auto,q_auto/league/wcdedz1qf7ybkujat6bu",9,DEN,0,0,0,0,0,0,0,0,0,0,0,0,,0,,,0,0,0,0,0,0,,0,9,12,45,0,0,0,44,17,0,-2.9488563524792,0,1.02272727272727,0.0335195530726257,0.0163447251114413,0.0617206371869475,0,4.5,13.5
2013,REG,00-0028149,B.Miller,Bruce Miller,FB,RB,"https://static.www.nfl.com/image/private/f_auto,q_auto/league/xmxfgtmbvqxhpp3ldkwq",13,SF,0,0,0,0,0,0,0,0,0,0,0,0,,0,,,7,13,0,0,0,3,-0.543491620537099,0,25,36,243,0,1,0,115,180,12,6.05818292486947,0,2.11304347826087,0.107784431137725,0.0365543547361729,0.187264695021908,0,25.6,50.6
2013,REG,00-0028156,,Ryan Taylor,TE,TE,,6,GB,0,0,0,0,0,0,0,0,0,0,0,0,,0,,,0,0,0,0,0,0,,0,6,9,30,0,1,0,44,15,2,0.94213145703543,0,0.681818181818182,0.0441176470588235,0.0280612244897959,0.0858193277310924,0,3.0,9.0
2013,REG,00-0028159,,Da'Rel Scott,RB,RB,,5,NYG,0,0,0,0,0,0,0,0,0,0,0,0,,0,,,20,73,0,0,0,3,-5.8640796727268,0,11,19,102,1,0,0,-1,112,3,-6.89022263715742,0,-102.0,0.105555555555556,-0.0005282620179609,0.157963549920761,0,23.5,34.5
2013,REG,00-0028174,,Stephen Burton,WR,WR,,3,JAX,0,0,0,0,0,0,0,0,0,0,0,0,,0,,,1,-9,0,0,0,0,-1.51054573943838,0,8,13,76,0,0,0,75,35,4,1.32865097542521,0,1.01333333333333,0.135416666666667,0.106685633001422,0.277804943100996,0,6.7,14.7
2013,REG,00-0028178,,Stanley Havili,FB,RB,,11,IND,0,0,0,0,0,0,0,0,0,0,0,0,,0,,,7,7,0,0,0,1,-4.73483594489517,0,18,21,128,1,0,0,26,116,6,2.62860229141211,0,4.92307692307692,0.0513447432762836,0.0092890317970703,0.0835194371723747,0,19.5,37.5
2013,REG,00-0028198,,Matt Asiata,RB,RB,,2,MIN,0,0,0,0,0,0,0,0,0,0,0,0,,0,,,44,166,3,1,1,11,-6.62394073486212,0,5,8,13,0,0,0,-15,22,1,-3.38096058869269,0,-0.866666666666667,0.117647058823529,-0.0283018867924528,0.156659267480577,0,33.9,38.9
2013,REG,00-0028202,S.Draughn,Shaun Draughn,RB,RB,"https://static.www.nfl.com/image/private/f_auto,q_auto/league/bxkirs3zrup0djv8x2ns",1,BAL,0,0,0,0,0,0,0,0,0,0,0,0,,0,,,4,2,0,0,0,1,-1.15590972767677,0,0,0,0,0,0,0,0,0,0,,0,,,,,0,0.2,0.2
2013,REG,00-0028237,C.Hogan,Chris Hogan,WR,WR,"https://static.www.nfl.com/image/private/f_auto,q_auto/league/fmpqnciwjqicsjzy63mc",6,BUF,0,0,0,0,0,0,0,0,0,0,0,0,,0,,,0,0,0,0,0,0,,0,10,17,83,0,0,0,132,27,4,-0.129978187228013,0,0.628787878787879,0.086734693877551,0.0858257477243173,0.190180064223349,0,8.3,18.3
2013,REG,00-0028238,,Konrad Reuland,TE,TE,,2,NYJ,0,0,0,0,0,0,0,0,0,0,0,0,,0,,,0,0,0,0,0,0,,0,1,3,7,0,0,0,44,5,0,-5.68417719576974,0,0.159090909090909,0.0416666666666667,0.0688575899843506,0.110700312989045,0,0.7,1.7
2013,REG,00-0028249,J.Ross,Jeremy Ross,WR,WR,"https://static.www.nfl.com/image/private/f_auto,q_auto/league/r5cp8mxbvtn7tomfavni",7,DET,0,0,0,0,0,0,0,0,0,0,0,0,,0,,,2,40,0,0,0,2,2.62278320686892,0,6,12,67,1,0,0,71,19,6,-5.78064374827517,0,0.943661971830986,0.0597014925373134,0.0373880989994734,0.115723908105602,2,28.7,34.7
2013,REG,00-0028263,A.Holmes,Andre Holmes,WR,WR,"https://static.www.nfl.com/image/private/f_auto,q_auto/league/ujb4sism9jdte3o8ofve",10,LV,0,0,0,0,0,0,0,0,0,0,0,0,,0,,,0,0,0,0,0,0,,0,25,52,431,1,0,0,750,111,21,6.18147367849117,0,0.574666666666667,0.161993769470405,0.276141384388807,0.436289623277772,0,49.1,74.1
2013,REG,00-0028267,,Allen Reisner,TE,TE,"https://static.www.nfl.com/image/private/f_auto,q_auto/league/onxfr5rajtibpckwkgol",4,JAX,0,0,0,0,0,0,0,0,0,0,0,0,,0,,,0,0,0,0,0,0,,0,5,9,40,0,0,0,61,10,1,-1.97411449899664,0,0.655737704918033,0.0620689655172414,0.0638075313807531,0.137768720242389,0,4.0,9.0
2013,REG,00-0028270,,Weslye Saunders,TE,TE,,5,IND,0,0,0,0,0,0,0,0,0,0,0,0,,0,,,0,0,0,0,0,0,,0,4,11,46,0,0,0,103,13,3,-1.35467438865453,0,0.446601941747573,0.0558375634517767,0.0727401129943503,0.13467442427371,0,4.6,8.6
2013,REG,00-0028293,,Michael Campbell,WR,WR,,1,NYJ,0,0,0,0,0,0,0,0,0,0,0,0,,0,,,0,0,0,0,0,0,,0,0,2,0,0,0,0,49,0,0,-1.00852297840174,0,0.0,0.0555555555555556,0.21875,0.236458333333333,0,0.0,0.0
2013,REG,00-0028307,,Drew Davis,WR,WR,,8,ATL,0,0,0,0,0,0,0,0,0,0,0,0,,0,,,0,0,0,0,0,0,,0,12,17,216,2,0,0,169,110,9,6.86572305858135,0,1.27810650887574,0.055921052631579,0.085010060362173,0.14338862120089,0,33.6,45.6
2013,REG,00-0028345,,Robert Hughes,RB,RB,,1,IND,0,0,0,0,0,0,0,0,0,0,0,0,,0,,,0,0,0,0,0,0,,0,1,2,6,0,0,0,10,7,0,-0.387020043097436,0,0.6,0.0689655172413793,0.0387596899224806,0.130580058807805,0,0.6,1.6
2013,REG,00-0028347,,Spencer Lanning,P,SPEC,"https://static.www.nfl.com/image/private/f_auto,q_auto/league/fs56vzwpahenlqxrlt58",1,CLE,1,1,11,1,0,0,0,0,0,10,1,1,4.24524055962684,0,1.1,,0,0,0,0,0,0,,0,0,0,0,0,0,0,0,0,0,,0,,,,,0,4.44,4.44
2013,REG,00-0028352,,Dane Sanzenbacher,WR,WR,,6,CIN,0,0,0,0,0,0,0,0,0,0,0,0,,0,,,0,0,0,0,0,0,,0,6,8,61,0,0,0,64,32,3,4.50912681453215,0,0.953125,0.0344827586206897,0.0311435523114355,0.0735246245490394,0,6.1,12.1
2013,REG,00-0028362,,Michael Preston,WR,WR,,3,TEN,0,0,0,0,0,0,0,0,0,0,0,0,,0,,,0,0,0,0,0,0,,0,5,7,37,2,0,0,52,4,2,-0.361246771464009,0,0.711538461538462,0.0608695652173913,0.0441051738761662,0.122177969539403,0,15.7,20.7
2013,REG,00-0028434,D.Baldwin,Doug Baldwin,WR,WR,"https://static.www.nfl.com/image/private/f_auto,q_auto/league/kccmcttfdtl7m3g49vb8",16,SEA,0,0,0,0,0,0,0,0,0,0,0,0,,0,,,2,6,0,0,0,0,-0.332115168857854,0,50,73,778,5,0,0,842,227,36,45.1030600813519,0,0.923990498812351,0.178484107579462,0.215125191619826,0.418313795503072,0,108.4,158.4
2013,REG,00-0028442,,Ricardo Lockette,WR,WR,"https://static.www.nfl.com/image/private/f_auto,q_auto/league/ndopq6pewcj9dfr27hlc",7,SEA,0,0,0,0,0,0,0,0,0,0,0,0,,0,,,1,-2,0,0,0,0,-0.835696381982416,0,5,7,82,0,0,0,144,12,3,2.43709354632301,0,0.569444444444445,0.04,0.0836722835560721,0.11857059848925,0,8.0,13.0
2013,REG,00-0028492,,Henry Hynoski,FB,RB,,2,NYG,0,0,0,0,0,0,0,0,0,0,0,0,,0,,,0,0,0,0,0,0,,0,1,2,5,0,0,0,-5,11,0,-0.726871519582346,0,-1.0,0.0294117647058824,-0.007587253414264,0.0388065696688387,0,0.5,1.5
2013,REG,00-0028542,,Lestar Jean,WR,WR,,6,HOU,0,0,0,0,0,0,0,0,0,0,0,0,,0,,,0,0,0,0,0,0,,0,4,8,35,0,0,0,95,3,3,2.51143902252079,0,0.368421052631579,0.0361990950226244,0.0512958963282937,0.0902057699637423,0,3.5,7.5
2013,REG,00-0028543,,Jeff Maehl,,,,5,PHI,0,0,0,0,0,0,0,0,0,0,0,0,,0,,,0,0,0,0,0,0,,0,4,9,67,1,0,0,100,34,3,3.35727599973325,0,0.67,0.0545454545454545,0.0664893617021277,0.128360735009671,0,12.7,16.7
2013,REG,00-0028581,P.DiMarco,Patrick DiMarco,FB,RB,"https://static.www.nfl.com/image/private/f_auto,q_auto/league/chit1zcsfqaoqzkqc9eh",9,ATL,0,0,0,0,0,0,0,0,0,0,0,0,,0,,,0,0,0,0,0,0,,0,8,10,49,0,0,0,14,36,1,-7.10284434776986,0,3.5,0.026246719160105,0.0060189165950129,0.0435833203566665,0,4.9,12.9
2013,REG,00-0028595,S.Tolzien,Scott Tolzien,QB,QB,"https://static.www.nfl.com/image/private/f_auto,q_auto/league/kt8ji3aejylpnpskeqzn",3,GB,55,90,717,1,5,3,26,0,0,653,338,29,-12.4101228005593,0,1.09800918836141,0.0529120404714722,5,55,1,0,0,4,2.93457923116512,0,0,0,0,0,0,0,0,0,0,,0,,,,,0,34.18,34.18
2013,REG,00-0028596,,Tori Gurley,WR,WR,,2,CLE,0,0,0,0,0,0,0,0,0,0,0,0,,0,,,0,0,0,0,0,0,,0,1,3,15,0,0,0,36,2,1,-0.116592741804197,0,0.416666666666667,0.0333333333333333,0.0482573726541555,0.0837801608579088,0,1.5,2.5
2013,REG,00-0028598,,M.D. Jennings,FS,DB,,1,GB,0,0,0,0,0,0,0,0,0,0,0,0,,0,,,1,6,0,0,0,0,-1.66270224098116,0,0,0,0,0,0,0,0,0,0,,0,,,,,0,0.6,0.6
2013,REG,00-0028606,,Kerry Taylor,WR,WR,,6,JAX,0,0,0,0,0,0,0,0,0,0,0,0,,0,,,0,0,0,0,0,0,,0,22,34,229,1,0,0,239,84,12,4.24726039147049,0,0.9581589958159,0.146551724137931,0.152618135376756,0.326660280970626,0,28.9,50.9
2013,REG,00-0028613,,Phillip Tanner,RB,RB,,5,DAL,0,0,0,0,0,0,0,0,0,0,0,0,,0,,,9,12,1,1,0,2,-2.80927893240363,0,3,4,33,0,0,0,1,33,1,-4.20883882953785,0,33.0,0.0317460317460317,0.0017889087656529,0.0488712837550047,0,10.5,13.5
2013,REG,00-0028651,,Mike McNeill,TE,TE,,1,LA,0,0,0,0,0,0,0,0,0,0,0,0,,0,,,0,0,0,0,0,0,,0,1,1,5,0,0,0,-3,8,0,-0.0535473974887282,0,0.0,0.0185185185185185,-0.0078947368421052,0.0222514619883041,0,0.5,1.5
2013,REG,00-0028706,,Armond Smith,RB,RB,,2,CAR,0,0,0,0,0,0,0,0,0,0,0,0,,0,,,4,5,0,0,0,0,-3.25368062104099,0,0,0,0,0,0,0,0,0,0,,0,,,,,0,0.5,0.5
2013,REG,00-0028792,,Kevin Cone,WR,WR,,1,ATL,0,0,0,0,0,0,0,0,0,0,0,0,,0,,,0,0,0,0,0,0,,0,1,1,12,0,0,0,8,4,1,1.60099685820751,0,1.5,0.0222222222222222,0.025,0.0508333333333333,0,1.2,2.2
2013,REG,00-0028825,T.Pryor,Terrelle Pryor,WR,WR,"https://static.www.nfl.com/image/private/f_auto,q_auto/league/ac6blk5o4ztsr7hvtil9",11,LV,156,272,1798,7,11,31,203,5,1,2107,926,85,-38.6524728494457,0,0.853345989558614,0.0126371858164345,83,576,2,2,1,27,11.9574298278443,0,0,0,0,0,0,0,0,0,0,,0,,,,,0,143.52,143.52
2013,REG,00-0028838,L.Donnell,Larry Donnell,TE,TE,"https://static.www.nfl.com/image/private/f_auto,q_auto/league/beuv1dnhzlntfnnvh2zv",4,NYG,0,0,0,0,0,0,0,0,0,0,0,0,,0,,,0,0,0,0,0,0,,0,3,6,31,0,0,0,74,10,2,-0.613367457757704,0,0.418918918918919,0.0394736842105263,0.053314121037464,0.0965304110420142,0,3.1,6.1
2013,REG,00-0028841,,Will Johnson,RB,RB,"https://static.www.nfl.com/image/private/f_auto,q_auto/league/zon7oejkgzgqyzcdhach",9,PIT,0,0,0,0,0,0,0,0,0,0,0,0,,0,,,0,0,0,0,0,0,,0,8,11,41,1,0,0,35,37,2,4.17977748438716,0,1.17142857142857,0.0348101265822785,0.0146321070234114,0.0624576647898057,0,10.1,18.1
2013,REG,00-0028862,B.Harris,Bryce Harris,T,OL,"https://static.www.nfl.com/image/private/f_auto,q_auto/league/fkjroxfotaqt7b66myao",1,NO,0,0,0,0,0,0,0,0,0,0,0,0,,0,,,0,0,0,0,0,0,,0,0,1,0,0,0,0,1,0,0,-0.29326670645969,0,0.0,0.0178571428571429,0.0033222591362126,0.0291112956810631,0,0.0,0.0
2013,REG,00-0028863,,Dominique Davis,QB,QB,,1,ATL,5,7,34,0,0,0,0,0,0,43,15,2,0.165296938503161,1,0.790697674418605,0.160187394772214,0,0,0,0,0,0,,0,0,0,0,0,0,0,0,0,0,,0,,,,,0,3.36,3.36
2013,REG,00-0028872,J.Hekker,Johnny Hekker,P,SPEC,"https://static.www.nfl.com/image/upload/f_auto,q_auto/league/bcl8kjfwubicyywpxfny",1,LA,0,1,0,0,0,0,0,0,0,18,0,0,-1.82400769251399,0,0.0,,0,0,0,0,0,0,,0,0,0,0,0,0,0,0,0,0,,0,,,,,0,0.0,0.0
2013,REG,00-0028876,,Collin Mooney,RB,RB,,5,TEN,0,0,0,0,0,0,0,0,0,0,0,0,,0,,,0,0,0,0,0,0,,0,6,6,32,0,0,0,0,32,1,-0.0250375626492314,0,0.0,0.0372670807453416,0.0,0.0559006211180124,0,3.2,9.2
2013,REG,00-0028895,,Delano Howell,FS,DB,,1,IND,0,0,0,0,0,0,0,0,0,0,0,0,,0,,,0,0,0,0,0,0,,0,0,0,0,0,0,0,0,0,0,,0,,,,,1,6.0,6.0
2013,REG,00-0028903,G.Celek,Garrett Celek,TE,TE,"https://static.www.nfl.com/image/private/f_auto,q_auto/league/hin5nyuakhpbngjhepty",3,SF,0,0,0,0,0,0,0,0,0,0,0,0,,0,,,0,0,0,0,0,0,,0,2,4,38,0,1,0,51,22,1,1.57221263810061,0,0.745098039215686,0.0454545454545455,0.0725462304409673,0.118964179490495,0,3.8,5.8
2013,REG,00-0028905,,Chris Owusu,WR,WR,"https://static.www.nfl.com/image/private/f_auto,q_auto/league/jt4c83h8nuz5einex0ya",6,TB,0,0,0,0,0,0,0,0,0,0,0,0,,0,,,0,0,0,0,0,0,,0,13,20,114,0,0,0,210,39,5,-0.465630592778325,0,0.542857142857143,0.1,0.113390928725702,0.229373650107991,0,11.4,24.4
2013,REG,00-0028930,,Josh Cooper,WR,WR,,2,CLE,0,0,0,0,0,0,0,0,0,0,0,0,,0,,,0,0,0,0,0,0,,0,9,14,60,0,0,0,82,20,5,-0.481219819572289,0,0.731707317073171,0.17283950617284,0.114525139664804,0.339426857024622,0,6.0,15.0
2013,REG,00-0028943,S.Johnson,Steven Johnson,ILB,LB,"https://static.www.nfl.com/image/private/f_auto,q_auto/league/rexvwdi8c46s7uuztqup",1,DEN,0,0,0,0,0,0,0,0,0,0,0,0,,0,,,0,0,0,0,0,0,,0,0,0,0,0,0,0,0,0,0,,0,,,,,1,6.0,6.0
2013,REG,00-0028958,C.Harkey,Cory Harkey,TE,TE,"https://static.www.nfl.com/image/private/f_auto,q_auto/league/qnxxlalj3rx8oueqjgsv",10,LA,0,0,0,0,0,0,0,0,0,0,0,0,,0,,,0,0,0,0,0,0,,0,13,18,113,2,0,0,1,113,7,7.08715099720623,0,113.0,0.06,0.000463392029657,0.09032437442076,0,23.3,36.3
2013,REG,00-0028984,,Brian Tyms,WR,WR,"https://static.www.nfl.com/image/private/f_auto,q_auto/league/elkf36ujpqmgvkv7griq",4,CLE,0,0,0,0,0,0,0,0,0,0,0,0,,0,,,0,0,0,0,0,0,,0,2,5,12,0,0,0,43,0,2,0.638035536278039,0,0.27906976744186,0.0280898876404494,0.0323065364387678,0.0647494069678116,0,1.2,3.2
2013,REG,00-0028986,C.Keenum,Case Keenum,QB,QB,"https://static.www.nfl.com/image/upload/f_auto,q_auto/league/zj2xieg6nctsabgzu65n",8,HOU,137,253,1760,9,6,19,201,6,2,2247,697,76,-31.3143730154049,0,0.783266577659101,-0.0040953645351921,14,72,1,0,0,6,6.75259466096759,0,0,0,0,0,0,0,0,0,0,,0,,,,,0,103.6,103.6
2013,REG,00-0028994,,Dominique Jones,TE,TE,"https://static.www.nfl.com/image/private/f_auto,q_auto/league/idkomraqkcnmkivkqjwk",2,IND,0,0,0,0,0,0,0,0,0,0,0,0,,0,,,0,0,0,0,0,0,,0,2,3,34,0,0,0,25,27,2,2.43849100341322,0,1.36,0.037037037037037,0.028604118993135,0.0755784388507501,0,3.4,5.4
2013,REG,00-0028995,,Stephen Hill,WR,WR,,12,NYJ,0,0,0,0,0,0,0,0,0,0,0,0,,0,,,0,0,0,0,0,0,,0,24,59,342,1,1,1,861,91,15,-25.110304083208,0,0.397212543554007,0.163888888888889,0.247983870967742,0.419422043010753,0,38.2,62.2
2013,REG,00-0029000,C.Beasley,Cole Beasley,WR,WR,"https://static.www.nfl.com/image/private/f_auto,q_auto/league/y5r0fhwctl6ljwvmktvu",14,DAL,0,0,0,0,0,0,0,0,0,0,0,0,,0,,,0,0,0,0,0,0,,0,39,54,368,2,1,0,257,183,20,19.8530018692686,0,1.43190661478599,0.110429447852761,0.0619127920982896,0.208983126247944,0,48.8,87.8
2013,REG,00-0029004,L.Dunbar,Lance Dunbar,RB,RB,"https://static.www.nfl.com/image/private/f_auto,q_auto/league/mwxzuvjfvoecnoze3aty",7,DAL,0,0,0,0,0,0,0,0,0,0,0,0,,0,,,30,150,0,0,0,8,1.37089143937919,0,7,7,59,0,1,1,-2,61,2,-1.84369474533014,0,-29.5,0.0432098765432099,-0.0017921146953405,0.0635603345280765,0,18.9,25.9
2013,REG,00-0029006,,Saalim Hakim,WR,WR,"https://static.www.nfl.com/image/private/f_auto,q_auto/league/iu0lhei1kyagagdhf9zg",2,NYJ,0,0,0,0,0,0,0,0,0,0,0,0,,0,,,2,-3,0,0,0,0,-1.21455857739784,0,0,1,0,0,0,0,43,0,0,-0.764715906232595,0,0.0,0.0357142857142857,0.18695652173913,0.18444099378882,0,-0.3,-0.3
2013,REG,00-0029033,G.Whalen,Griff Whalen,WR,WR,"https://static.www.nfl.com/image/private/f_auto,q_auto/league/zx4nnnnmgl0kvguwpiuz",7,IND,0,0,0,0,0,0,0,0,0,0,0,0,,0,,,0,0,0,0,0,0,,0,24,40,259,2,0,0,322,121,14,13.3436513626176,0,0.804347826086957,0.143884892086331,0.15669099756691,0.325511036426333,0,37.9,61.9
2013,REG,00-0029048,J.Banyard,Joe Banyard,RB,RB,"https://static.www.nfl.com/image/private/f_auto,q_auto/league/lfs1r2hsxdjmhp57mjvw",1,MIN,0,0,0,0,0,0,0,0,0,0,0,0,,0,,,0,0,0,0,0,0,,0,1,1,11,0,0,0,-1,12,1,0.422149342717603,0,-11.0,0.037037037037037,-0.0033783783783783,0.0531906906906907,0,1.1,2.1
2013,REG,00-0029051,,Jarrett Boykin,WR,WR,,12,GB,0,0,0,0,0,0,0,0,0,0,0,0,,0,,,0,0,0,0,0,0,,0,49,83,681,3,0,0,833,256,34,18.7623151822433,0,0.817527010804322,0.203931203931204,0.275008253549026,0.498402583381124,0,86.1,135.1
2013,REG,00-0029068,D.Coleman,Derrick Coleman,FB,RB,"https://static.www.nfl.com/image/private/f_auto,q_auto/league/jmgzlxi6qlrvvyrzkuh2",6,SEA,0,0,0,0,0,0,0,0,0,0,0,0,,0,,,2,3,0,0,0,0,-1.70099164661951,0,8,8,62,1,1,0,16,46,4,7.80507051403401,0,3.875,0.0487804878048781,0.014519056261343,0.0833340710902572,0,12.5,20.5
2013,REG,00-0029098,,Eric Page,WR,WR,,5,TB,0,0,0,0,0,0,0,0,0,0,0,0,,0,,,2,14,0,0,0,1,0.703538246743847,0,4,9,68,0,0,0,92,21,3,-2.44236955331871,0,0.739130434782609,0.075,0.0824372759856631,0.170206093189964,0,8.2,12.2
2013,REG,00-0029108,,Derek Moye,WR,WR,,4,PIT,0,0,0,0,0,0,0,0,0,0,0,0,,0,,,0,0,0,0,0,0,,0,2,6,20,1,0,0,122,1,2,-0.999554060603207,0,0.163934426229508,0.0434782608695652,0.0832196452933152,0.123471143009668,0,8.0,10.0
2013,REG,00-0029129,R.Streater,Rod Streater,WR,WR,"https://static.www.nfl.com/image/private/f_auto,q_auto/league/szf4hqnrz6egphxvcwnf",16,LV,0,0,0,0,0,0,0,0,0,0,0,0,,0,,,2,17,0,0,0,0,-0.602268391055986,0,60,99,888,4,1,1,1140,314,39,26.4982965195156,0,0.778947368421053,0.19488188976378,0.272792534099067,0.483277608515016,0,112.5,172.5
2013,REG,00-0029137,A.Jeffery,Alshon Jeffery,WR,WR,"https://static.www.nfl.com/image/private/f_auto,q_auto/league/qrbsgwhzlsmwgkdfjryh",16,CHI,0,0,0,0,0,0,0,0,0,0,0,0,,0,,,16,105,0,0,0,6,1.38277557399124,0,89,150,1421,7,3,1,1867,415,62,56.2925160826433,1,0.76111408677022,0.263157894736842,0.372952457051538,0.65580356204134,0,194.6,283.6
2013,REG,00-0029140,,Chris Rainey,RB,RB,,1,IND,0,0,0,0,0,0,0,0,0,0,0,0,,0,,,0,0,0,0,0,0,,0,0,1,0,0,0,0,0,0,0,-0.431572293746285,0,,0.0217391304347826,,,0,0.0,0.0
2013,REG,00-0029141,A.Morris,Alfred Morris,RB,RB,"https://static.www.nfl.com/image/private/f_auto,q_auto/league/igrm4hy4pishp4rdamin",16,WAS,0,0,0,0,0,0,0,0,0,0,0,0,,0,,,276,1275,7,5,4,57,-16.8458329625428,0,9,12,78,0,0,0,11,79,2,1.8399695752305,0,7.09090909090909,0.0358208955223881,0.0040366972477064,0.0565570313569766,0,169.3,178.3
2013,REG,00-0029143,,Josh Bush,DB,DB,"https://static.www.nfl.com/image/private/f_auto,q_auto/league/tjyy21f6wt9yzdzpinzs",1,NYJ,0,1,0,0,0,0,0,0,0,11,0,0,-2.31462632957846,0,0.0,,0,0,0,0,0,0,,0,0,0,0,0,0,0,0,0,0,,0,,,,,0,0.0,0.0
2013,REG,00-0029151,M.Simms,Matt Simms,QB,QB,"https://static.www.nfl.com/image/private/f_auto,q_auto/league/cp7lmyzswrpku14vurnj",3,NYJ,16,31,156,1,1,4,23,0,0,276,66,8,-10.8989751765039,0,0.565217391304348,0.007386486788699,5,37,0,1,1,1,-5.83178763708565,0,0,0,0,0,0,0,0,0,0,,0,,,,,0,9.94,9.94
2013,REG,00-0029155,,Mike Brown,WR,WR,,11,JAX,0,0,0,0,0,0,0,0,0,0,0,0,,0,,,0,0,0,0,0,0,,0,32,56,446,2,2,1,550,154,20,8.10075533152742,0,0.810909090909091,0.134292565947242,0.204613095238095,0.34466801558753,0,54.6,86.6
2013,REG,00-0029159,J.Kearse,Jermaine Kearse,WR,WR,"https://static.www.nfl.com/image/private/f_auto,q_auto/league/tvnzajvst7kdglamw4t6",14,SEA,0,0,0,0,0,0,0,0,0,0,0,0,,0,,,0,0,0,0,0,0,,0,22,38,346,4,0,0,639,37,16,20.1463024147134,0,0.541471048513302,0.102425876010782,0.178441776040212,0.278548057244321,0,58.6,80.6
2013,REG,00-0029183,,Danny Noble,TE,TE,,2,JAX,0,0,0,0,0,0,0,0,0,0,0,0,,0,,,0,0,0,0,0,0,,0,2,3,63,1,0,0,40,50,1,2.98105093371123,0,1.575,0.032967032967033,0.0801603206412826,0.105562773899447,0,12.3,14.3
2013,REG,00-0029205,T.Cadet,Travaris Cadet,RB,RB,"https://static.www.nfl.com/image/private/f_auto,q_auto/league/gj0pjzj0zzefpabtuki1",2,NO,0,0,0,0,0,0,0,0,0,0,0,0,,0,,,0,0,0,0,0,0,,0,2,2,5,1,0,0,-1,6,1,1.81335636496078,0,-5.0,0.0289855072463768,-0.0015748031496063,0.0423758986648408,0,6.5,8.5
2013,REG,00-0029209,,Ryan Broyles,WR,WR,,6,DET,0,0,0,0,0,0,0,0,0,0,0,0,,0,,,0,0,0,0,0,0,,0,8,14,85,0,0,0,116,38,4,1.37758845865028,0,0.732758620689655,0.0551181102362205,0.0518551631649531,0.118975779569798,0,8.5,16.5
2013,REG,00-0029218,,David Paulson,TE,TE,,5,PIT,0,0,0,0,0,0,0,0,0,0,0,0,,0,,,0,0,0,0,0,0,,0,6,10,102,0,1,1,79,34,3,3.590957877459,0,1.29113924050633,0.0574712643678161,0.0477341389728097,0.119620793832691,0,8.2,14.2
2013,REG,00-0029227,,Pat Edwards,WR,WR,,3,DET,0,0,0,0,0,0,0,0,0,0,0,0,,0,,,0,0,0,0,0,0,,0,5,11,46,0,0,0,183,25,2,-4.54668019083329,0,0.251366120218579,0.088,0.197198275862069,0.270038793103448,0,4.6,9.6
2013,REG,00-0029239,B.Bolden,Brandon Bolden,RB,RB,"https://static.www.nfl.com/image/private/f_auto,q_auto/league/kqqwz35z9brhkzbs4bcn",10,NE,0,0,0,0,0,0,0,0,0,0,0,0,,0,,,55,271,3,0,0,14,-3.01159701059369,0,21,29,152,0,0,0,13,159,6,-3.60276605157932,0,11.6923076923077,0.0889570552147239,0.0061349693251533,0.137730061349693,0,60.3,81.3
2013,REG,00-0029251,,David Wilson,RB,RB,,5,NYG,0,0,0,0,0,0,0,0,0,0,0,0,,0,,,44,146,1,2,2,10,-18.8715442646062,0,2,6,8,0,0,0,29,11,0,-8.08514477710011,0,0.275862068965517,0.0340909090909091,0.0146984287886467,0.0614252637884163,0,17.4,19.4
2013,REG,00-0029260,,LaMichael James,RB,RB,"https://static.www.nfl.com/image/private/f_auto,q_auto/league/roxgufvnndlwl05chvur",7,SF,0,0,0,0,0,0,0,0,0,0,0,0,,0,,,12,59,0,0,0,2,-1.17268841637997,0,2,3,16,0,0,0,-4,14,1,-0.793367686565034,0,-4.0,0.0352941176470588,-0.0052980132450331,0.0492325671990651,0,7.5,9.5
2013,REG,00-0029262,R.Randle,Rueben Randle,WR,WR,"https://static.www.nfl.com/image/private/f_auto,q_auto/league/qsjafvitrrheqq3uku9g",16,NYG,0,0,0,0,0,0,0,0,0,0,0,0,,0,,,0,0,0,0,0,0,,0,41,79,611,6,1,0,1151,198,28,-3.85279227694426,0,0.530842745438749,0.141071428571429,0.214578672632364,0.361812213699798,0,97.1,138.1
2013,REG,00-0029263,R.Wilson,Russell Wilson,QB,QB,"https://static.www.nfl.com/image/upload/f_auto,q_auto/league/u36rhg0md8ey3b4khbre",16,SEA,257,407,3357,26,9,44,272,8,5,3878,1442,153,73.3010205419535,0,0.865652398143373,0.140347383245868,96,539,1,2,0,31,-0.796967310642629,0,0,0,0,0,0,0,0,0,0,,0,,,,,0,270.18,270.18
2013,REG,00-0029264,B.Pierce,Bernard Pierce,RB,RB,"https://static.www.nfl.com/image/private/f_auto,q_auto/league/fpkdvnu4uzvwxhwaryzm",16,BAL,0,0,0,0,0,0,0,0,0,0,0,0,,0,,,152,436,2,0,0,20,-38.3993813325255,0,20,25,104,0,0,0,5,113,3,-7.81251757248129,0,20.8,0.0561797752808989,0.001231527093596,0.0851317318868656,0,66.0,86.0
2013,REG,00-0029269,T.Benjamin,Travis Benjamin,WR,WR,"https://static.www.nfl.com/image/private/f_auto,q_auto/league/io9silocxbywvisvcvpx",5,CLE,0,0,0,0,0,0,0,0,0,0,0,0,,0,,,1,45,0,0,0,1,2.70325390261132,0,5,13,105,0,0,0,236,60,4,2.0515227986034,0,0.444915254237288,0.0659898477157361,0.136574074074074,0.194586623425456,1,21.0,26.0
2013,REG,00-0029273,R.Turbin,Robert Turbin,RB,RB,"https://static.www.nfl.com/image/private/f_auto,q_auto/league/vkqpomzfvo7kei1729jm",15,SEA,0,0,0,0,0,0,0,0,0,0,0,0,,0,,,77,264,0,0,0,9,-13.3909478824935,0,8,12,60,0,0,0,-7,64,2,-3.53219140231732,0,-8.57142857142857,0.0530973451327434,-0.003827227993439,0.0769669581037077,0,32.4,40.4
2013,REG,00-0029275,,Ladarius Green,TE,TE,"https://static.www.nfl.com/image/private/f_auto,q_auto/league/h6emukrr14tvhufmdy1c",13,LAC,0,0,0,0,0,0,0,0,0,0,0,0,,0,,,0,0,0,0,0,0,,0,17,30,376,3,0,0,361,166,15,21.7232918033929,0,1.0415512465374,0.0697674418604651,0.108604091456077,0.180674026809952,0,55.6,72.6
2013,REG,00-0029276,,Evan Rodriguez,TE,TE,,1,BUF,0,0,0,0,0,0,0,0,0,0,0,0,,0,,,0,0,0,0,0,0,,0,0,1,0,0,0,0,-2,0,0,-0.474046214483678,0,0.0,0.0357142857142857,-0.0079681274900398,0.0479937393284007,0,0.0,0.0
2013,REG,00-0029293,M.Jones,Marvin Jones,WR,WR,"https://static.www.nfl.com/image/private/f_auto,q_auto/league/ciy9sxefmcnwjw7ln3h2",16,CIN,0,0,0,0,0,0,0,0,0,0,0,0,,0,,,8,65,0,0,0,3,5.11837420857046,0,51,80,712,10,0,0,868,224,36,42.9383250693399,0,0.820276497695853,0.138888888888889,0.174858984689766,0.33073462261617,0,137.7,188.7
2013,REG,00-0029298,,Cyrus Gray,RB,RB,,8,KC,0,0,0,0,0,0,0,0,0,0,0,0,,0,,,9,24,0,0,0,1,-1.66700465034228,0,7,10,46,0,0,0,27,52,2,-5.23953328462085,0,1.7037037037037,0.0467289719626168,0.0263929618768328,0.0885685312577082,0,7.0,14.0
2013,REG,00-0029311,,Junior Hemingway,WR,WR,,10,KC,0,0,0,0,0,0,0,0,0,0,0,0,,0,,,0,0,0,0,0,0,,0,13,19,125,2,1,0,180,25,6,4.65028320985243,0,0.694444444444445,0.0588235294117647,0.0872093023255814,0.149281805745554,0,24.5,37.5
2013,REG,00-0029317,,Edwin Baker,RB,RB,,3,CLE,0,0,0,0,0,0,0,0,0,0,0,0,,0,,,43,171,2,0,0,11,0.104961360513698,0,8,9,57,0,0,0,-8,66,3,2.358098041208,0,-7.125,0.0756302521008403,-0.0111731843575419,0.105624149100981,0,34.8,42.8
2013,REG,00-0029336,B.Golden,Brittan Golden,WR,WR,"https://static.www.nfl.com/image/private/f_auto,q_auto/league/ccqjg5sjhxmgmsvraig5",5,ARI,0,0,0,0,0,0,0,0,0,0,0,0,,0,,,0,0,0,0,0,0,,0,4,10,136,0,0,0,180,75,3,5.98464563710149,0,0.755555555555556,0.0543478260869565,0.0954907161803713,0.148365240456695,0,13.6,17.6
2013,REG,00-0029367,,Julian Talley,WR,WR,,1,NYG,0,0,0,0,0,0,0,0,0,0,0,0,,0,,,0,0,0,0,0,0,,0,0,2,0,0,0,0,13,0,0,-1.90976554970257,0,0.0,0.0645161290322581,0.0567685589519651,0.136512184814763,0,0.0,0.0
2013,REG,00-0029384,B.Rainey,Bobby Rainey,RB,RB,"https://static.www.nfl.com/image/private/f_auto,q_auto/league/vf2lmyxgjhrah1hfed1x",12,TB,0,1,0,0,0,0,0,0,0,13,0,0,-0.352467489661649,0,0.0,,150,566,5,1,1,23,-22.2080546959769,0,15,19,46,1,0,0,-15,68,3,-7.16285505864653,0,-3.06666666666667,0.0581039755351682,-0.0054565296471444,0.0833363925497512,0,95.2,110.2
2013,REG,00-0029388,D.Thompson,Deonte Thompson,WR,WR,"https://static.www.nfl.com/image/private/f_auto,q_auto/league/bvfgozqccoo627wuitkb",5,BAL,0,0,0,0,0,0,0,0,0,0,0,0,,0,,,0,0,0,0,0,0,,0,10,19,96,0,0,0,226,17,4,-4.84302335913526,0,0.424778761061947,0.100529100529101,0.120276742948377,0.234987370857515,0,9.6,19.6
2013,REG,00-0029391,S.McGrath,Sean McGrath,TE,TE,"https://static.www.nfl.com/image/private/f_auto,q_auto/league/cuxa874rsldhqt5rver9",13,KC,0,0,0,0,0,0,0,0,0,0,0,0,,0,,,0,0,0,0,0,0,,0,26,40,302,2,0,0,298,140,16,11.867259367105,0,1.01342281879195,0.0898876404494382,0.100404312668464,0.205114479542082,0,42.2,68.2
2013,REG,00-0029414,O.Charles,Orson Charles,TE,TE,"https://static.www.nfl.com/image/private/f_auto,q_auto/league/shbtvc2u3xznv47nzvm2",1,CIN,0,0,0,0,0,0,0,0,0,0,0,0,,0,,,0,0,0,0,0,0,,0,1,2,8,0,0,0,-2,7,0,0.221121034584939,0,0.0,0.0555555555555556,-0.0058823529411764,0.0792156862745098,0,0.8,1.8
2013,REG,00-0029415,K.Martin,Keshawn Martin,WR,WR,"https://static.www.nfl.com/image/private/f_auto,q_auto/league/guf4yzrzgnpmx7uonpqs",12,HOU,0,0,0,0,0,0,0,0,0,0,0,0,,0,,,0,0,0,0,0,0,,0,22,40,253,2,0,0,314,89,12,1.34181425783579,0,0.805732484076433,0.0836820083682008,0.0815584415584416,0.18261392164321,1,43.3,65.3
2013,REG,00-0029420,,Bradie Ewing,FB,RB,,2,ATL,0,0,0,0,0,0,0,0,0,0,0,0,,0,,,0,0,0,0,0,0,,0,2,2,29,0,0,0,4,25,2,1.95177448284812,0,7.25,0.0256410256410256,0.0094562647754137,0.0450809238043281,0,2.9,4.9
2013,REG,00-0029424,,Marvin McNutt,WR,WR,,1,CAR,0,0,0,0,0,0,0,0,0,0,0,0,,0,,,0,0,0,0,0,0,,0,0,1,0,0,0,0,20,0,0,-0.338705599599052,0,0.0,0.037037037037037,0.0862068965517242,0.115900383141762,0,0.0,0.0
2013,REG,00-0029429,,Bryce Brown,RB,RB,"https://static.www.nfl.com/image/private/f_auto,q_auto/league/sf0mz0q1kzqu2v3lmmsa",15,PHI,0,0,0,0,0,0,0,0,0,0,0,0,,0,,,75,314,2,0,0,16,-7.50611048023719,1,8,13,84,0,0,0,26,94,2,0.164974139712285,0,3.23076923076923,0.0479704797047971,0.0120649651972158,0.0804011951952466,0,53.8,61.8
2013,REG,00-0029431,,Tony Dye,DB,DB,,1,CIN,0,0,0,0,0,0,0,0,0,0,0,0,,0,,,0,0,0,0,0,0,,0,0,0,0,0,0,0,0,0,0,,0,,,,,1,6.0,6.0
2013,REG,00-0029432,,Chase Ford,TE,TE,"https://static.www.nfl.com/image/private/f_auto,q_auto/league/vul6yi2s6klresxw9tsl",8,MIN,0,0,0,0,0,0,0,0,0,0,0,0,,0,,,0,0,0,0,0,0,,0,11,16,133,0,0,0,141,61,7,6.20003854835522,0,0.943262411347518,0.0613026819923372,0.0632286995515695,0.136214112674604,0,13.3,24.3
2013,REG,00-0029435,,Damaris Johnson,WR,WR,"https://static.www.nfl.com/image/private/f_auto,q_auto/league/fbcf86kaohvtyvoz2t0y",3,PHI,0,0,0,0,0,0,0,0,0,0,0,0,,0,,,0,0,0,0,0,0,,0,2,3,14,0,0,0,40,1,0,-0.451678893528879,0,0.35,0.0267857142857143,0.0421940928270042,0.0697144364074744,0,1.4,3.4
2013,REG,00-0029438,,Chris Polk,RB,RB,"https://static.www.nfl.com/image/private/f_auto,q_auto/league/yuwqhwdnbrd2ie34zxz8",6,PHI,0,0,0,0,0,0,0,0,0,0,0,0,,0,,,11,98,3,0,0,5,8.48420587577857,0,4,5,61,0,0,0,11,49,1,2.91085220815148,0,5.54545454545455,0.0396825396825397,0.0102040816326531,0.0666666666666667,0,33.9,37.9
2013,REG,00-0029441,,Jeremy Stewart,RB,RB,,3,LV,0,0,0,0,0,0,0,0,0,0,0,0,,0,,,2,2,1,0,0,1,1.84299568645656,0,2,2,6,0,0,0,0,6,0,-2.09120393544436,0,0.0,0.0363636363636364,0.0,0.0545454545454545,1,12.8,14.8
2013,REG,00-0029492,J.Olawale,Jamize Olawale,FB,RB,"https://static.www.nfl.com/image/private/f_auto,q_auto/league/dp7xdilrkk9f2i5ovne9",6,LV,0,0,0,0,0,0,0,0,0,0,0,0,,0,,,3,6,0,0,0,0,-2.78909759575119,0,7,11,63,0,0,0,49,50,3,-5.79803198509405,0,1.28571428571429,0.0552763819095477,0.0313499680102367,0.104859550471487,0,6.9,13.9
2013,REG,00-0029494,,Joe Anderson,WR,WR,,1,CHI,0,0,0,0,0,0,0,0,0,0,0,0,,0,,,0,0,0,0,0,0,,0,0,1,0,0,0,0,16,0,0,-0.356940263067372,0,0.0,0.0285714285714286,0.0542372881355932,0.0808232445520581,0,0.0,0.0
2013,REG,00-0029510,J.Grimes,Jonathan Grimes,RB,RB,"https://static.www.nfl.com/image/private/f_auto,q_auto/league/kzodfrw342cy91lw12n4",2,HOU,0,0,0,0,0,0,0,0,0,0,0,0,,0,,,21,73,1,0,0,6,-0.357805829145946,0,6,6,76,0,1,1,18,58,2,0.326317507657222,0,4.22222222222222,0.176470588235294,0.0645161290322581,0.309867172675522,0,18.9,24.9
2013,REG,00-0029547,,Vick Ballard,RB,RB,"https://static.www.nfl.com/image/private/f_auto,q_auto/league/uggql1lgrwzanbof6mfd",1,IND,0,0,0,0,0,0,0,0,0,0,0,0,,0,,,13,63,0,0,0,4,0.522494723729324,0,1,2,-5,0,0,0,-5,-1,0,-2.06191555201076,0,1.0,0.0869565217391304,-0.0198412698412698,0.116545893719807,0,5.8,6.8
2013,REG,00-0029548,,LaVon Brazill,WR,WR,,8,IND,0,0,0,0,0,0,0,0,0,0,0,0,,0,,,0,0,0,0,0,0,,0,12,27,161,2,1,0,313,53,7,-3.52842591555444,0,0.514376996805112,0.0846394984326019,0.130362349021241,0.218212891963772,0,28.1,40.1
2013,REG,00-0029552,,Jeremy Ebert,WR,WR,,4,JAX,0,0,0,0,0,0,0,0,0,0,0,0,,0,,,0,0,0,0,0,0,,0,3,8,18,0,0,0,46,6,0,-5.51831391731569,0,0.391304347826087,0.0588235294117647,0.0456349206349206,0.120179738562092,0,1.8,4.8
2013,REG,00-0029553,,Antonio Allen,DB,DB,"https://static.www.nfl.com/image/private/f_auto,q_auto/league/zvjllxf9ig93mh3zakdj",1,NYJ,0,0,0,0,0,0,0,0,0,0,0,0,,0,,,0,0,0,0,0,0,,0,0,0,0,0,0,0,0,0,0,,0,,,,,1,6.0,6.0
2013,REG,00-0029567,N.Foles,Nick Foles,QB,QB,"https://static.www.nfl.com/image/private/f_auto,q_auto/league/dxuz2ir773wylutxo7zs",13,PHI,203,317,2891,27,2,28,173,2,2,2962,1385,129,104.9308452791,2,0.976029709655638,0.18870551020244,57,221,3,2,0,15,-8.5361354514341,0,0,0,0,0,0,0,0,0,0,,0,,,,,0,259.74,259.74
2013,REG,00-0029572,J.Wright,Jarius Wright,WR,WR,"https://static.www.nfl.com/image/private/f_auto,q_auto/league/f4xgfra44cd6qjy6havp",15,MIN,0,0,0,0,0,0,0,0,0,0,0,0,,0,,,0,0,0,0,0,0,,0,26,43,434,3,0,0,618,118,20,22.6879560169903,0,0.702265372168285,0.083495145631068,0.137608550434202,0.221568703750543,0,61.4,87.4
2013,REG,00-0029580,R.Matthews,Rishard Matthews,WR,WR,"https://static.www.nfl.com/image/private/f_auto,q_auto/league/fr7nzgwarzuorvi8cvlc",13,MIA,0,0,0,0,0,0,0,0,0,0,0,0,,0,,,0,0,0,0,0,0,,0,41,67,448,2,0,0,577,151,26,14.3681654676287,0,0.776429809358752,0.141052631578947,0.126010045861542,0.2997859794715,0,56.8,97.8
2013,REG,00-0029587,R.Ellison,Rhett Ellison,TE,TE,"https://static.www.nfl.com/image/private/f_auto,q_auto/league/pqvmhpdoritjtp8ng7ep",5,MIN,0,0,0,0,0,0,0,0,0,0,0,0,,0,,,0,0,0,0,0,0,,0,5,10,61,1,0,0,32,40,4,-4.81421864987351,0,1.90625,0.0606060606060606,0.0253565768621236,0.108658694712577,0,12.1,17.1
2013,REG,00-0029588,,Dan Herron,RB,RB,,2,IND,0,0,0,0,0,0,0,0,0,0,0,0,,0,,,5,33,0,0,0,2,-1.10025049021351,0,1,1,57,0,0,0,-3,60,1,4.15908960378147,0,-19.0,0.02,-0.0084269662921348,0.0241011235955056,0,9.0,10.0
2013,REG,00-0029590,,Taylor Thompson,TE,TE,,4,TEN,0,0,0,0,0,0,0,0,0,0,0,0,,0,,,0,0,0,0,0,0,,0,3,7,13,1,0,0,52,3,1,-5.94253496424062,0,0.25,0.048951048951049,0.0418679549114332,0.102734141864577,0,7.3,10.3
2013,REG,00-0029601,,Brandon Bostick,TE,TE,"https://static.www.nfl.com/image/private/f_auto,q_auto/league/eazsm9q05wcs2st2dsht",5,GB,0,0,0,0,0,0,0,0,0,0,0,0,,0,,,0,0,0,0,0,0,,0,7,14,120,1,0,0,154,62,5,-0.0795329192245382,0,0.779220779220779,0.0721649484536082,0.11622641509434,0.18960591324645,0,18.0,25.0
2013,REG,00-0029604,K.Cousins,Kirk Cousins,QB,QB,"https://static.www.nfl.com/image/upload/f_auto,q_auto/league/yt6n07jezvfmcsoq0j13",5,WAS,81,155,854,4,7,5,32,3,2,1243,319,41,-31.646294512821,0,0.687047465808528,-0.0381476365050565,4,14,0,0,0,2,0.0605748772892869,0,0,0,0,0,0,0,0,0,0,,0,,,,,0,33.56,33.56
2013,REG,00-0029608,T.Hilton,T.Y. Hilton,WR,WR,"https://static.www.nfl.com/image/private/f_auto,q_auto/league/b8kor0sgeynyd8u8cush",16,IND,0,0,0,0,0,0,0,0,0,0,0,0,,0,,,2,6,0,0,0,0,-0.563173418864608,0,82,138,1083,5,0,0,1639,380,46,38.9700186642918,0,0.660768761439902,0.239168110918544,0.34939245363462,0.60332688392205,0,138.9,220.9
2013,REG,00-0029612,D.Richardson,Daryl Richardson,RB,RB,"https://static.www.nfl.com/image/private/f_auto,q_auto/league/taqrenf1eqcvd1nibre5",7,LA,0,0,0,0,0,0,0,0,0,0,0,0,,0,,,69,215,0,0,0,12,-13.1828078636674,0,14,18,121,0,0,0,6,119,3,-8.63983979233308,0,20.1666666666667,0.0725806451612903,0.0032804811372334,0.111167304537999,0,33.6,47.6
2013,REG,00-0029613,D.Martin,Doug Martin,RB,RB,"https://static.www.nfl.com/image/private/f_auto,q_auto/league/lhazttk4tjpi7ggf7du4",6,TB,0,0,0,0,0,0,0,0,0,0,0,0,,0,,,127,456,1,1,0,16,-17.7863682202,0,12,24,66,0,0,0,107,57,1,-10.1098896882922,0,0.616822429906542,0.111111111111111,0.0533665835411471,0.20402327514547,0,58.2,70.2
2013,REG,00-0029614,,Chris Givens,WR,WR,,16,LA,0,0,0,0,0,0,0,0,0,0,0,0,,0,,,3,8,0,0,0,1,-1.03612404526211,0,34,83,569,0,1,1,1095,257,27,-10.2268426833286,0,0.519634703196347,0.165009940357853,0.275541016607952,0.440393622162345,0,55.7,89.7
2013,REG,00-0029615,L.Miller,Lamar Miller,RB,RB,"https://static.www.nfl.com/image/private/f_auto,q_auto/league/vqxh6ynpmczzfyl9kcgq",16,MIA,0,0,0,0,0,0,0,0,0,0,0,0,,0,,,177,709,2,1,1,26,-28.5267807716354,0,26,35,170,0,0,0,50,171,6,-7.90248480633972,0,3.4,0.068359375,0.0104405930256839,0.109847477617979,0,97.9,123.9
2013,REG,00-0029626,,Isaiah Pead,RB,RB,,5,LA,0,0,0,0,0,0,0,0,0,0,0,0,,0,,,7,21,0,0,0,2,1.68263289309107,0,11,15,78,0,0,0,12,71,2,-0.232209673617035,1,6.5,0.0862068965517242,0.0082815734989648,0.135107446276862,0,11.9,22.9
2013,REG,00-0029632,M.Sanu,Mohamed Sanu,WR,WR,"https://static.www.nfl.com/image/private/f_auto,q_auto/league/a6loroqhta6g65aqnsrk",16,CIN,1,1,25,0,0,0,0,0,0,22,3,1,1.82629013975384,0,1.13636363636364,,4,16,0,0,0,0,-0.666626123827882,0,47,78,455,2,1,1,703,254,28,6.0199059641837,0,0.647226173541963,0.135416666666667,0.141619661563255,0.302258763094279,0,58.1,105.1
2013,REG,00-0029634,J.Hanna,James Hanna,TE,TE,"https://static.www.nfl.com/image/private/f_auto,q_auto/league/rtnxe02klclu847zqbdq",8,DAL,0,0,0,0,0,0,0,0,0,0,0,0,,0,,,0,0,0,0,0,0,,0,12,15,73,0,0,0,21,61,2,-2.63535608595703,0,3.47619047619048,0.0531914893617021,0.0097629009762901,0.0866212647259563,0,7.3,19.3
2013,REG,00-0029638,M.Floyd,Michael Floyd,WR,WR,"https://static.www.nfl.com/image/private/f_auto,q_auto/league/lisxjuyoo7hiux1ac4jb",16,ARI,0,0,0,0,0,0,0,0,0,0,0,0,,0,,,0,0,0,0,0,0,,0,65,112,1041,5,0,0,1529,282,48,26.4935841537051,0,0.680837148463048,0.199288256227758,0.290132827324478,0.502025363468772,0,134.1,199.1
2013,REG,00-0029640,B.Quick,Brian Quick,WR,WR,"https://static.www.nfl.com/image/private/f_auto,q_auto/league/tayczwuhluj2hyrva3cp",14,LA,0,0,0,0,0,0,0,0,0,0,0,0,,0,,,0,0,0,0,0,0,,0,18,34,302,2,0,0,371,105,15,4.21670917540043,0,0.814016172506739,0.0739130434782609,0.107692307692308,0.186254180602007,0,42.2,60.2
2013,REG,00-0029654,,A.J. Jenkins,WR,WR,,7,KC,0,0,0,0,0,0,0,0,0,0,0,0,,0,,,2,6,0,0,0,0,-0.130596871662419,0,8,17,130,0,0,0,200,44,4,2.70847326565624,0,0.65,0.0726495726495727,0.123609394313968,0.195500934994136,0,13.6,21.6
2013,REG,00-0029660,T.Graham,Trevor Graham,WR,WR,"https://static.www.nfl.com/image/private/f_auto,q_auto/league/wlgjczfjbekzvbjmgtzc",16,BUF,0,0,0,0,0,0,0,0,0,0,0,0,,0,,,4,14,0,0,0,2,0.697493939078413,0,23,58,361,2,1,1,890,78,13,-24.8425087635558,0,0.40561797752809,0.111753371868979,0.197953736654804,0.306197673461831,0,47.5,70.5
2013,REG,00-0029664,J.Gordon,Josh Gordon,WR,WR,"https://static.www.nfl.com/image/private/f_auto,q_auto/league/wwqz2ujrj7wp86tyaxof",14,CLE,0,0,0,0,0,0,0,0,0,0,0,0,,0,,,5,88,0,0,0,4,5.03150867740624,0,87,159,1646,9,0,0,2177,631,64,61.0264411795343,0,0.756086357372531,0.274137931034483,0.449700475108449,0.725997229127638,0,227.4,314.4
2013,REG,00-0029665,R.Griffin,Robert Griffin,QB,QB,"https://static.www.nfl.com/image/private/f_auto,q_auto/league/f9gitqxxg3f1uybdcfhc",13,WAS,274,456,3203,16,12,38,274,6,3,3949,1524,157,7.59036820214002,1,0.81109141554824,0.0475322174978337,86,489,0,5,1,24,1.93991061820708,1,0,0,0,0,0,0,0,0,0,,0,,,,,0,213.02,213.02
2013,REG,00-0029667,,Nick Toon,WR,WR,"https://static.www.nfl.com/image/private/f_auto,q_auto/league/sysnfy8ooabjvvjwj4rs",5,NO,0,0,0,0,0,0,0,0,0,0,0,0,,0,,,0,0,0,0,0,0,,0,4,12,68,0,0,0,218,9,2,-3.25444359884033,0,0.311926605504587,0.0594059405940594,0.131961259079903,0.181481792247021,0,6.8,10.8
2013,REG,00-0029668,A.Luck,Andrew Luck,QB,QB,"https://static.www.nfl.com/image/private/f_auto,q_auto/league/ojix2ha2u58zqozaw756",16,IND,343,570,3822,23,9,32,227,5,2,4662,1896,185,17.8893871080723,4,0.81981981981982,0.0824052262941735,63,377,4,1,0,23,30.3963095080166,0,0,0,0,0,0,0,0,0,0,,0,,,,,0,292.58,292.58
2013,REG,00-0029673,D.Posey,DeVier Posey,WR,WR,"https://static.www.nfl.com/image/private/f_auto,q_auto/league/neyvfbqn4cma8ecy22hb",9,HOU,0,0,0,0,0,0,0,0,0,0,0,0,,0,,,0,0,0,0,0,0,,0,15,25,155,0,0,0,218,74,5,-1.65899716933045,0,0.711009174311927,0.0716332378223496,0.0769774011299435,0.161334037524485,0,15.5,30.5
2013,REG,00-0029675,,Trent Richardson,,,,16,IND,0,0,0,0,0,0,0,0,0,0,0,0,,0,,,188,563,3,2,1,28,-36.4959698346793,0,35,52,316,1,0,0,1,303,15,7.07744995606658,0,316.0,0.0979284369114878,0.0002462447672986,0.147065026704341,0,109.9,144.9
2013,REG,00-0029677,B.Weeden,Brandon Weeden,QB,QB,"https://static.www.nfl.com/image/private/f_auto,q_auto/league/m8oocp4p9nskilnakgnw",8,CLE,141,267,1731,9,9,27,180,6,2,2480,636,80,-42.4234921033509,1,0.697983870967742,0.0022352534290701,12,44,0,0,0,2,0.98235135531595,0,0,0,0,0,0,0,0,0,0,,0,,,,,0,89.64,89.64
2013,REG,00-0029682,B.Osweiler,Brock Osweiler,QB,QB,"https://static.www.nfl.com/image/private/f_auto,q_auto/league/pwkmtgeitdi79qtumb2x",2,DEN,11,16,95,0,0,2,8,0,0,94,68,4,-4.73513238425797,0,1.01063829787234,0.0272634679248689,3,2,0,0,0,1,-2.66879945975961,0,0,0,0,0,0,0,0,0,0,,0,,,,,0,4.0,4.0
2013,REG,00-0029683,R.Hillman,Ronnie Hillman,RB,RB,"https://static.www.nfl.com/image/private/f_auto,q_auto/league/quqwvjr2zciit0emquzg",9,DEN,0,0,0,0,0,0,0,0,0,0,0,0,,0,,,55,218,1,2,1,13,-4.57885734253796,0,12,14,119,0,0,0,33,76,7,6.32021773268934,0,3.60606060606061,0.0486111111111111,0.0146862483311081,0.0831970404984424,0,37.7,49.7
2013,REG,00-0029689,D.Allen,Dwayne Allen,TE,TE,"https://static.www.nfl.com/image/private/f_auto,q_auto/league/wduwt0ibzoutozuywe4b",1,IND,0,0,0,0,0,0,0,0,0,0,0,0,,0,,,0,0,0,0,0,0,,0,1,2,20,1,0,0,34,5,1,1.99716636684025,0,0.588235294117647,0.0869565217391304,0.134920634920635,0.22487922705314,0,8.0,9.0
2013,REG,00-0029692,B.Anger,Bryan Anger,P,SPEC,"https://static.www.nfl.com/image/upload/f_auto,q_auto/league/kx1m6byniti4tkeiwkqk",1,JAX,0,0,0,0,0,0,0,0,0,0,0,0,,0,,,1,0,0,0,0,0,-3.25309757707873,0,0,0,0,0,0,0,0,0,0,,0,,,,,0,0.0,0.0
2013,REG,00-0029694,,Michael Egnew,TE,TE,,7,MIA,0,0,0,0,0,0,0,0,0,0,0,0,,0,,,0,0,0,0,0,0,,0,7,11,69,0,0,0,76,30,2,1.006649236253,0,0.907894736842105,0.0421455938697318,0.0291970802919708,0.0836563470089773,0,6.9,13.9
2013,REG,00-0029697,C.Fleener,Coby Fleener,TE,TE,"https://static.www.nfl.com/image/private/f_auto,q_auto/league/csj8khi0e2rpkvqqjmc1",16,IND,0,0,0,0,0,0,0,0,0,0,0,0,,0,,,0,0,0,0,0,0,,0,52,87,608,4,1,0,723,254,32,5.09841445884164,2,0.840940525587829,0.150779896013865,0.154124920059689,0.334057288062579,0,88.8,140.8
2013,REG,00-0029701,R.Tannehill,Ryan Tannehill,QB,QB,"https://static.www.nfl.com/image/private/f_auto,q_auto/league/yvwju12dl6haf3r8uzrm",16,MIA,355,588,3913,24,17,58,399,6,4,5573,1522,204,0.127234432110537,0,0.702135295173156,0.054099324975138,40,238,1,3,1,12,-0.0632575973421243,0,0,0,0,0,0,0,0,0,0,,0,,,,,0,238.32,238.32
2013,REG,00-0029702,,Juron Criner,WR,WR,,1,LV,0,0,0,0,0,0,0,0,0,0,0,0,,0,,,0,0,0,0,0,0,,0,3,8,32,0,0,0,77,9,2,-0.535652727994602,0,0.415584415584416,0.156862745098039,0.234756097560976,0.399623385939742,0,3.2,6.2
2013,REG,00-0029707,,Justin Blackmon,WR,WR,"https://static.www.nfl.com/image/private/f_auto,q_auto/league/tsf8br1swmhlkwnf7gtv",4,JAX,0,0,0,0,0,0,0,0,0,0,0,0,,0,,,1,-1,0,0,0,0,-0.867750442004763,0,29,48,415,1,0,0,402,219,17,2.04706539071708,0,1.03233830845771,0.309677419354839,0.364460562103355,0.719638522504606,0,47.4,76.4
2013,REG,00-0029708,K.Wright,Kendall Wright,WR,WR,"https://static.www.nfl.com/image/private/f_auto,q_auto/league/edsrjypqphqpfqezc5k9",16,TEN,0,0,0,0,0,0,0,0,0,0,0,0,,0,,,0,0,0,0,0,0,,0,94,140,1079,2,2,0,1101,548,52,30.5514513889315,0,0.980018165304269,0.266159695817491,0.230286550930768,0.560440129377773,0,119.9,213.9
2013,REG,00-0029722,,Jeff Demps,RB,RB,,2,TB,0,0,0,0,0,0,0,0,0,0,0,0,,0,,,1,14,0,0,0,1,0.946862301323563,0,3,3,21,0,0,0,-10,31,1,0.970995638519526,0,-2.1,0.037037037037037,-0.0150602409638554,0.0450133868808568,0,3.5,6.5
2013,REG,00-0029731,F.Whittaker,Fozzy Whittaker,RB,RB,"https://static.www.nfl.com/image/private/f_auto,q_auto/league/lyk6elzqjynnxbxe6qlr",9,CLE,0,0,0,0,0,0,0,0,0,0,0,0,,0,,,28,79,0,0,0,3,-4.27988424146315,0,21,35,155,2,0,0,26,156,6,2.01620120369943,0,5.96153846153846,0.0923482849604222,0.0083547557840617,0.144370756489476,0,35.4,56.4
2013,REG,00-0029778,,Darius Johnson,WR,WR,,10,ATL,0,0,0,0,0,0,0,0,0,0,0,0,,0,,,0,0,0,0,0,0,,0,22,43,210,1,1,1,362,83,12,-5.88558829301478,0,0.580110497237569,0.111111111111111,0.139822325222093,0.264542294322132,0,25.0,47.0
2013,REG,00-0029791,,Ronnie Wingo,RB,RB,,1,BUF,0,0,0,0,0,0,0,0,0,0,0,0,,0,,,1,4,0,0,0,0,-0.0701132847170811,0,1,1,2,0,0,0,-4,6,0,-0.441250660456717,0,-0.5,0.0303030303030303,-0.0196078431372549,0.031729055258467,0,0.6,1.6
2013,REG,00-0029794,D.Bates,Daren Bates,ILB,LB,"https://static.www.nfl.com/image/private/f_auto,q_auto/league/mj5z3knorwvmtfiyya1z",1,LA,0,0,0,0,0,0,0,0,0,0,0,0,,0,,,0,0,0,0,0,0,,0,0,0,0,0,0,0,0,0,0,,0,,,,,1,6.0,6.0
2013,REG,00-0029795,B.Cunningham,Benny Cunningham,RB,RB,"https://static.www.nfl.com/image/private/f_auto,q_auto/league/yo9hvf3gnoxj7prmruo8",13,LA,0,0,0,0,0,0,0,0,0,0,0,0,,0,,,47,261,1,2,1,11,-7.81088562175864,1,6,10,59,0,0,0,2,61,2,0.325103359355126,0,29.5,0.0423728813559322,0.0011286681715575,0.0643493897539886,0,38.0,44.0
2013,REG,00-0029848,N.Williams,Nick Williams,WR,WR,"https://static.www.nfl.com/image/private/f_auto,q_auto/league/xzbqirh5sxfjtmmnrupw",4,WAS,0,0,0,0,0,0,0,0,0,0,0,0,,0,,,0,0,0,0,0,0,,0,3,11,15,0,0,0,104,1,2,-4.91449145102524,1,0.144230769230769,0.0700636942675159,0.0717241379310345,0.155302437952998,0,3.5,6.5
2013,REG,00-0029853,,Josh Aubrey,DB,DB,"https://static.www.nfl.com/image/private/f_auto,q_auto/league/cn53nq0evfhpymfyh91k",1,CLE,0,0,0,0,0,0,0,0,0,0,0,0,,0,,,1,34,0,0,0,1,4.26723432634026,0,0,0,0,0,0,0,0,0,0,,0,,,,,0,3.4,3.4
2013,REG,00-0029854,C.Anderson,C.J. Anderson,RB,RB,"https://static.www.nfl.com/image/private/f_auto,q_auto/league/jqqdxuowpdgl06zy0g0a",2,DEN,0,0,0,0,0,0,0,0,0,0,0,0,,0,,,7,38,0,0,0,3,1.67794717359357,0,0,1,0,0,0,0,5,0,0,-0.490767653333023,0,0.0,0.0294117647058824,0.0224215246636771,0.0598127143233975,0,3.8,3.8
2013,REG,00-0029856,,Lamaar Thomas,WR,WR,,2,JAX,0,0,0,0,0,0,0,0,0,0,0,0,,0,,,0,0,0,0,0,0,,0,2,3,31,0,0,0,27,18,2,2.44647183106281,0,1.14814814814815,0.036144578313253,0.0522243713733075,0.0907739274311948,0,3.1,5.1
2013,REG,00-0029868,,Skye Dawson,WR,WR,,6,TB,0,0,0,0,0,0,0,0,0,0,0,0,,0,,,2,15,0,0,0,1,0.518184439977631,0,2,7,12,0,0,0,145,5,0,-4.51418709617578,0,0.0827586206896552,0.0551181102362205,0.119834710743802,0.166561462874992,0,2.7,4.7
2013,REG,00-0029878,M.Gray,MarQueis Gray,TE,TE,"https://static.www.nfl.com/image/private/f_auto,q_auto/league/pbuxaz8hy9fxow3zq5sr",8,CLE,0,0,0,0,0,0,0,0,0,0,0,0,,0,,,6,43,0,0,0,3,1.77855492400704,0,2,9,8,0,0,0,77,6,0,-5.80044957838254,0,0.103896103896104,0.0454545454545455,0.0566593083149375,0.107843334002274,0,5.1,7.1
2013,REG,00-0029883,,Joseph Fauria,TE,TE,"https://static.www.nfl.com/image/private/f_auto,q_auto/league/e6tne3enp0difyhuwlqj",11,DET,0,0,0,0,0,0,0,0,0,0,0,0,,0,,,0,0,0,0,0,0,,0,18,30,207,7,0,0,293,52,14,12.4085104959518,1,0.706484641638225,0.0677200902934537,0.0772475612971263,0.155653428348169,0,64.7,82.7
2013,REG,00-0029892,K.Juszczyk,Kyle Juszczyk,FB,RB,"https://static.www.nfl.com/image/upload/f_auto,q_auto/league/mfhpygabawkeioplae7a",1,BAL,0,0,0,0,0,0,0,0,0,0,0,0,,0,,,0,0,0,0,0,0,,0,0,1,0,0,0,0,4,0,0,-1.19398492349547,0,0.0,0.03125,0.0127388535031847,0.0557921974522293,0,0.0,0.0
2013,REG,00-0029910,T.Wright,Timothy Wright,TE,TE,"https://static.www.nfl.com/image/private/f_auto,q_auto/league/wydzzhwo9is11uqaeffj",14,TB,0,0,0,0,0,0,0,0,0,0,0,0,,0,,,1,2,0,0,0,0,-0.493950078263879,0,54,75,571,5,0,0,640,142,30,39.6361519597613,0,0.8921875,0.170068027210884,0.15732546705998,0.365229867758313,0,87.3,141.3
2013,REG,00-0029931,Z.Line,Zach Line,FB,RB,"https://static.www.nfl.com/image/private/f_auto,q_auto/league/dddfiilg9qy54xtorb6r",3,MIN,0,0,0,0,0,0,0,0,0,0,0,0,,0,,,0,0,0,0,0,0,,0,1,3,8,0,0,0,3,5,0,-0.718189799925312,0,2.66666666666667,0.0306122448979592,0.0030927835051546,0.048083315800547,0,0.8,1.8
2013,REG,00-0029999,,Zach Sudfeld,TE,TE,,5,NYJ,0,0,0,0,0,0,0,0,0,0,0,0,,0,,,0,0,0,0,0,0,,0,5,10,63,0,0,0,72,29,4,-1.98538314888719,0,0.875,0.0581395348837209,0.0672268907563025,0.134268125854993,0,6.3,11.3
2013,REG,00-0030000,K.Thompkins,Kenbrell Thompkins,WR,WR,"https://static.www.nfl.com/image/private/f_auto,q_auto/league/coyaltbvkpvvojjd5sjh",11,NE,0,0,0,0,0,0,0,0,0,0,0,0,,0,,,0,0,0,0,0,0,,0,32,69,466,4,0,0,795,139,21,16.8724800323705,0,0.586163522012579,0.160092807424594,0.211323763955343,0.388065845905631,0,70.6,102.6
2013,REG,00-0030024,,Jeff Tuel,QB,QB,,2,BUF,26,59,309,1,3,2,11,0,0,603,141,15,-29.3770269125653,0,0.512437810945274,-0.0630393345765398,3,17,0,0,0,1,-0.0893183868029155,0,0,0,0,0,0,0,0,0,0,,0,,,,,0,12.06,12.06
2013,REG,00-0030043,,Da'Rick Rogers,WR,WR,,4,IND,0,0,0,0,0,0,0,0,0,0,0,0,,0,,,1,0,0,0,0,0,-0.452595129143447,0,14,23,192,2,0,0,245,117,9,4.65350825390844,0,0.783673469387755,0.148387096774194,0.245737211634905,0.394596693305724,0,31.2,45.2
2013,REG,00-0030047,M.Wilson,Marquess Wilson,WR,WR,"https://static.www.nfl.com/image/private/f_auto,q_auto/league/gtmp1bvlbgxnadkq3w7e",3,CHI,0,0,0,0,0,0,0,0,0,0,0,0,,0,,,0,0,0,0,0,0,,0,2,3,13,0,0,0,10,9,1,-0.127887792768888,0,1.3,0.0326086956521739,0.0115740740740741,0.0570148953301127,0,1.3,3.3
2013,REG,00-0030049,C.Gragg,Chris Gragg,TE,TE,"https://static.www.nfl.com/image/private/f_auto,q_auto/league/wljmssrm2nmd3y4pbejd",2,BUF,0,0,0,0,0,0,0,0,0,0,0,0,,0,,,0,0,0,0,0,0,,0,5,7,53,1,0,0,52,10,4,6.60221379445284,0,1.01923076923077,0.112903225806452,0.137931034482759,0.265906562847608,0,11.3,16.3
2013,REG,00-0030061,Z.Ertz,Zach Ertz,TE,TE,"https://static.www.nfl.com/image/upload/f_auto,q_auto/league/xktmmeumuoglbuam75iz",15,PHI,0,0,0,0,0,0,0,0,0,0,0,0,,0,,,0,0,0,0,0,0,,0,36,56,469,4,0,0,567,158,25,18.6717281568398,0,0.82716049382716,0.117647058823529,0.120561343823092,0.260863528911458,0,70.9,106.9
2013,REG,00-0030068,M.Goodwin,Marquise Goodwin,WR,WR,"https://static.www.nfl.com/image/upload/f_auto,q_auto/league/cof5bbih1o9dtnonwmjp",9,BUF,0,0,0,0,0,0,0,0,0,0,0,0,,0,,,3,13,0,0,0,1,-0.369930509128608,0,17,32,283,3,1,1,640,45,13,3.84395985622541,0,0.4421875,0.111111111111111,0.248930377285103,0.340917930766239,0,45.6,62.6
2013,REG,00-0030078,,Johnathan Franklin,RB,RB,,4,GB,0,0,0,0,0,0,0,0,0,0,0,0,,0,,,19,107,1,2,1,7,-6.34821437398205,0,4,5,30,0,0,0,26,27,2,2.63663559168344,0,1.15384615384615,0.0467289719626168,0.0289855072463768,0.090383313016389,0,17.7,21.7
2013,REG,00-0030085,K.Stills,Kenny Stills,WR,WR,"https://static.www.nfl.com/image/private/f_auto,q_auto/league/wswn6tehkzj8mdfbablx",16,NO,0,0,0,0,0,0,0,0,0,0,0,0,,0,,,3,10,0,0,0,0,-0.517907653120346,0,32,50,641,5,0,0,815,197,24,40.0381695710821,0,0.786503067484663,0.077639751552795,0.156640399769364,0.226107907167747,0,95.1,127.1
2013,REG,00-0030087,,Cooper Taylor,DB,DB,,1,NYG,0,0,0,0,0,0,0,0,0,0,0,0,,0,,,0,0,0,0,0,0,,0,0,0,0,0,0,0,0,0,0,,0,,,,,1,6.0,6.0
2013,REG,00-0030089,L.Willson,Luke Willson,TE,TE,"https://static.www.nfl.com/image/private/f_auto,q_auto/league/a6zcpjyfusebcm8i3w2w",12,SEA,0,0,0,0,0,0,0,0,0,0,0,0,,0,,,0,0,0,0,0,0,,0,20,28,272,1,0,0,170,178,13,15.1665681718861,0,1.6,0.0903225806451613,0.060305072720823,0.177697421872318,0,33.2,53.2
2013,REG,00-0030090,M.Hyde,Micah Hyde,FS,DB,"https://static.www.nfl.com/image/private/f_auto,q_auto/league/xxdwo2ndjc4qm9q5lpgx",1,GB,0,0,0,0,0,0,0,0,0,0,0,0,,0,,,0,0,0,0,0,0,,0,0,0,0,0,0,0,0,0,0,,0,,,,,1,6.0,6.0
2013,REG,00-0030092,S.Martin,Sam Martin,P,SPEC,"https://static.www.nfl.com/image/private/f_auto,q_auto/league/xujpdorpiugkhag0ydtl",2,DET,0,0,0,0,0,0,0,0,0,0,0,0,,0,,,2,3,0,2,1,0,-6.81185832427582,0,0,0,0,0,0,0,0,0,0,,0,,,,,0,-1.7,-1.7
2013,REG,00-0030107,T.Riddick,Theo Riddick,RB,RB,"https://static.www.nfl.com/image/private/f_auto,q_auto/league/aptuag5ocazmionhvnt6",9,DET,0,0,0,0,0,0,0,0,0,0,0,0,,0,,,9,25,1,0,0,2,-0.991592308913823,0,4,8,26,0,0,0,38,17,1,-1.1402832143358,0,0.68421052631579,0.029520295202952,0.0197095435684647,0.0580771233023534,0,11.1,15.1
2013,REG,00-0030108,R.Griffin,Ryan Griffin,TE,TE,"https://static.www.nfl.com/image/private/f_auto,q_auto/league/izjfxtmk2dhzhrlwpt9g",8,HOU,0,0,0,0,0,0,0,0,0,0,0,0,,0,,,0,0,0,0,0,0,,0,19,28,244,1,0,0,244,98,14,8.85180516337277,0,1.0,0.0869565217391304,0.0947204968944099,0.196739130434783,0,30.4,49.4
2013,REG,00-0030112,T.Bohanon,Tommy Bohanon,FB,RB,"https://static.www.nfl.com/image/private/f_auto,q_auto/league/lmoesdqqzu6v8rmnyqlk",11,NYJ,0,0,0,0,0,0,0,0,0,0,0,0,,0,,,17,62,0,0,0,4,-3.15530591699644,0,11,16,69,0,0,0,19,61,4,-3.13997258709408,0,3.63157894736842,0.0581818181818182,0.0095142714071106,0.0939327172577048,0,13.1,24.1
2013,REG,00-0030127,M.Cooper,Marcus Cooper,CB,DB,"https://static.www.nfl.com/image/private/f_auto,q_auto/league/od4q4wn2w2tisel3j1uk",1,KC,0,0,0,0,0,0,0,0,0,0,0,0,,0,,,0,0,0,0,0,0,,0,0,0,0,0,0,0,0,0,0,,0,,,,,1,6.0,6.0
2013,REG,00-0030128,,Michael Cox,RB,RB,,3,NYG,0,0,0,0,0,0,0,0,0,0,0,0,,0,,,22,43,0,0,0,1,-7.47607808362227,0,3,3,12,0,0,0,-4,16,1,-1.24235735434922,0,-3.0,0.038961038961039,-0.0071047957371225,0.0534682014255727,0,5.5,8.5
2013,REG,00-0030129,,Justice Cunningham,TE,TE,,1,IND,0,0,0,0,0,0,0,0,0,0,0,0,,0,,,0,0,0,0,0,0,,0,1,1,4,0,0,0,2,2,0,-0.134338097181171,0,2.0,0.0263157894736842,0.0062111801242236,0.0438215102974828,0,0.4,1.4
2013,REG,00-0030175,,Ryan Spadola,WR,WR,"https://static.www.nfl.com/image/private/f_auto,q_auto/league/gmvnh64gnrbwwj2llipr",1,NYJ,0,0,0,0,0,0,0,0,0,0,0,0,,0,,,0,0,0,0,0,0,,0,0,1,0,0,0,0,19,0,0,-0.517081718426198,0,0.0,0.0285714285714286,0.0428893905191874,0.072879716220574,0,0.0,0.0
2013,REG,00-0030181,J.Doyle,Jack Doyle,TE,TE,"https://static.www.nfl.com/image/private/f_auto,q_auto/league/h6abyvmg2g93llboizi6",5,IND,0,0,0,0,0,0,0,0,0,0,0,0,,0,,,0,0,0,0,0,0,,0,5,7,19,0,0,0,3,13,0,-1.74689307092289,0,6.33333333333333,0.0362694300518135,0.0021897810218978,0.0559369917930487,0,1.9,6.9
2013,REG,00-0030216,J.Hill,Josh Hill,TE,TE,"https://static.www.nfl.com/image/private/f_auto,q_auto/league/vdva7m1fxklv6gxbsg7q",6,NO,0,0,0,0,0,0,0,0,0,0,0,0,,0,,,1,-8,0,0,0,0,-3.69207228207961,0,6,10,44,1,0,0,60,33,3,-1.06544687994756,0,0.733333333333333,0.043859649122807,0.0306748466257669,0.0872618663222473,0,9.6,15.6
2013,REG,00-0030233,,Ray Graham,RB,RB,,1,HOU,0,0,0,0,0,0,0,0,0,0,0,0,,0,,,4,8,0,0,0,0,-1.42383530293591,0,1,3,12,0,0,0,14,7,1,-0.0265243039466441,0,0.857142857142857,0.0882352941176471,0.0501792114695341,0.167478389205144,0,2.0,3.0
2013,REG,00-0030236,,Dennis Johnson,RB,RB,,8,HOU,0,0,0,0,0,0,0,0,0,0,0,0,,0,,,49,183,0,0,0,8,-8.78599829102916,0,8,12,46,0,0,0,0,54,2,-3.73578899671458,0,0.0,0.0524017467248908,0.0,0.0786026200873362,0,22.9,30.9
2013,REG,00-0030248,,Cierre Wood,RB,RB,"https://static.www.nfl.com/image/private/f_auto,q_auto/league/m3yfsak9gf6s9ioab39h",2,HOU,0,0,0,0,0,0,0,0,0,0,0,0,,0,,,3,9,0,0,0,0,-0.268175521166995,0,0,0,0,0,0,0,0,0,0,,0,,,,,0,0.9,0.9
2013,REG,00-0030274,M.White,Myles White,WR,WR,"https://static.www.nfl.com/image/private/f_auto,q_auto/league/yci9mc5ska3b3a5so93l",5,GB,0,0,0,0,0,0,0,0,0,0,0,0,,0,,,0,0,0,0,0,0,,0,9,12,66,0,0,0,29,55,1,-1.15433544814005,0,2.27586206896552,0.0754716981132076,0.027992277992278,0.132802141764406,0,6.6,15.6
2013,REG,00-0030279,K.Allen,Keenan Allen,WR,WR,"https://static.www.nfl.com/image/upload/f_auto,q_auto/league/lngo1onvkcqjnq7ozkuu",15,LAC,0,0,0,0,0,0,0,0,0,0,0,0,,0,,,0,0,0,0,0,0,,0,71,104,1046,8,1,1,1045,410,54,58.3310828624757,0,1.00095693779904,0.205128205128205,0.265295760345265,0.493399339933994,0,150.6,221.6
2013,REG,00-0030280,K.Davis,Knile Davis,RB,RB,"https://static.www.nfl.com/image/private/f_auto,q_auto/league/iyq9jy1o5g05fdvqftez",14,KC,0,0,0,0,0,0,0,0,0,0,0,0,,0,,,70,242,4,1,1,10,-9.59602823406764,0,11,15,75,0,1,0,-21,91,4,0.0090656454558484,0,-3.57142857142857,0.05,-0.0105105105105105,0.0676426426426427,1,59.7,70.7
2013,REG,00-0030282,,Stepfan Taylor,RB,RB,"https://static.www.nfl.com/image/private/f_auto,q_auto/league/lmm9nz05jrntbpuaveqc",11,ARI,0,0,0,0,0,0,0,0,0,0,0,0,,0,,,36,115,0,0,0,6,-6.26226738031454,0,8,9,71,0,0,0,25,60,2,-0.989499032323709,0,2.84,0.0473684210526316,0.0128205128205128,0.0800269905533063,0,18.6,26.6
2013,REG,00-0030287,A.Ellington,Andre Ellington,RB,RB,"https://static.www.nfl.com/image/private/f_auto,q_auto/league/seb6k3tjdcgi8tqmzt2z",15,ARI,0,0,0,0,0,0,0,0,0,0,0,0,,0,,,118,652,3,1,0,27,7.66822113886792,0,39,57,371,1,0,0,248,260,21,3.80329206632896,0,1.49596774193548,0.109404990403071,0.0588095802703344,0.205274191793841,0,126.3,165.3
2013,REG,00-0030300,J.Brown,Jaron Brown,WR,WR,"https://static.www.nfl.com/image/private/f_auto,q_auto/league/y41u4egwigms9rg2p3ln",11,ARI,0,0,0,0,0,0,0,0,0,0,0,0,,0,,,0,0,0,0,0,0,,0,11,18,140,1,0,0,219,32,6,9.56034277912113,0,0.639269406392694,0.0427553444180523,0.0556968463886063,0.103120809099103,0,20.0,31.0
2013,REG,00-0030320,,Michael Hill,RB,RB,,3,TB,0,0,0,0,0,0,0,0,0,0,0,0,,0,,,9,23,0,0,0,1,-5.31906754506053,0,2,2,23,0,0,0,8,15,1,1.02079025882052,0,2.875,0.0512820512820513,0.020460358056266,0.0912453275624631,0,4.6,6.6
2013,REG,00-0030348,,Khiry Robinson,RB,RB,"https://static.www.nfl.com/image/private/f_auto,q_auto/league/voprwcuquojlvepcmzmh",10,NO,0,0,0,0,0,0,0,0,0,0,0,0,,0,,,54,224,1,0,0,12,-6.64311054925202,0,0,0,0,0,0,0,0,0,0,,0,,,,,0,28.4,28.4
2013,REG,00-0030370,,Greg Jenkins,WR,WR,,2,LV,0,0,0,0,0,0,0,0,0,0,0,0,,0,,,0,0,0,0,0,0,,0,0,1,0,0,0,0,17,0,0,-1.16769574163482,0,0.0,0.0277777777777778,0.0574324324324324,0.0818693693693694,1,6.0,6.0
2013,REG,00-0030388,,Joseph Randle,RB,RB,"https://static.www.nfl.com/image/private/f_auto,q_auto/league/ok4rzlin9g6kxfr9lajx",5,DAL,0,0,0,0,0,0,0,0,0,0,0,0,,0,,,54,164,2,0,0,7,-4.42122878917144,0,8,10,61,0,0,0,-2,61,2,1.6461707855342,0,-30.5,0.0943396226415094,-0.0028368794326241,0.139523618359427,0,34.5,42.5
2013,REG,00-0030391,,Mike James,RB,RB,"https://static.www.nfl.com/image/private/f_auto,q_auto/league/wurn2arjq72gyjcyzgo9",7,TB,1,1,2,1,0,0,0,0,0,2,0,1,1.01666128385114,0,1.0,,60,295,0,0,0,14,5.51957581570605,0,10,11,43,0,0,0,-7,49,1,-1.1725390853826,0,-6.14285714285714,0.0700636942675159,-0.0059726962457337,0.10091465402926,0,37.88,47.88
2013,REG,00-0030400,M.Brown,Marlon Brown,WR,WR,"https://static.www.nfl.com/image/private/f_auto,q_auto/league/zdfywwd0yvsd6okfa5sr",14,BAL,0,0,0,0,0,0,0,0,0,0,0,0,,0,,,1,-2,0,0,0,0,-0.805333015043289,0,49,83,524,7,0,0,829,237,29,1.09217833785036,1,0.632086851628468,0.150635208711434,0.159025513140226,0.337270672265309,0,96.2,145.2
2013,REG,00-0030414,S.Ware,Spencer Ware,RB,RB,"https://static.www.nfl.com/image/private/f_auto,q_auto/league/qr04afpcu3fqpgxnws6t",1,SEA,0,0,0,0,0,0,0,0,0,0,0,0,,0,,,3,10,0,0,0,1,0.91972108813934,0,0,0,0,0,0,0,0,0,0,,0,,,,,0,1.0,1.0
2013,REG,00-0030419,M.McGloin,Matt McGloin,QB,QB,"https://static.www.nfl.com/image/private/f_auto,q_auto/league/zwrox2g1yauaa1csdhrw",7,LV,118,211,1547,8,8,6,53,2,0,1828,653,69,4.25054789098549,0,0.846280087527352,0.0438549509224481,11,27,0,2,1,2,-8.46877267793752,0,0,0,0,0,0,0,0,0,0,,0,,,,,0,78.58,78.58
2013,REG,00-0030422,D.Sims,Dion Sims,TE,TE,"https://static.www.nfl.com/image/private/f_auto,q_auto/league/gvok1agdl3xtz9nceqfr",7,MIA,0,0,0,0,0,0,0,0,0,0,0,0,,0,,,0,0,0,0,0,0,,0,6,10,32,1,0,0,51,4,3,1.39265332065406,0,0.627450980392157,0.0381679389312977,0.0212677231025855,0.0721393145687564,0,9.2,15.2
2013,REG,00-0030431,R.Woods,Robert Woods,WR,WR,"https://static.www.nfl.com/image/upload/f_auto,q_auto/league/ydjg5fylwkf5aaxiul6v",14,BUF,0,0,0,0,0,0,0,0,0,0,0,0,,0,,,2,16,0,0,0,1,0.585708786034957,0,40,85,587,3,0,0,1143,111,26,4.4497013224783,1,0.513560804899388,0.187637969094923,0.285892946473237,0.48158201617365,0,80.3,120.3
2013,REG,00-0030432,C.Michael,Christine Michael,RB,RB,"https://static.www.nfl.com/image/private/f_auto,q_auto/league/qlysbozgkexeoohnqrvz",3,SEA,0,0,0,0,0,0,0,0,0,0,0,0,,0,,,18,79,0,0,0,5,-0.665494326851331,0,0,0,0,0,0,0,0,0,0,,0,,,,,0,7.9,7.9
2013,REG,00-0030433,M.Gillislee,Mike Gillislee,RB,RB,"https://static.www.nfl.com/image/private/f_auto,q_auto/league/bz85uuhwz2daip0avjrg",1,MIA,0,0,0,0,0,0,0,0,0,0,0,0,,0,,,6,21,0,0,0,1,-0.281730344053358,0,0,0,0,0,0,0,0,0,0,,0,,,,,0,2.1,2.1
2013,REG,00-0030441,K.Long,Kyle Long,G,OL,"https://static.www.nfl.com/image/private/f_auto,q_auto/league/nzhbqhrtqaw6kg3ffzvr",1,CHI,0,0,0,0,0,0,0,0,0,0,0,0,,0,,,0,0,0,0,0,0,,0,1,1,-1,0,1,1,0,-1,0,-4.59299810661469,0,0.0,0.0285714285714286,,,0,-2.1,-1.1
2013,REG,00-0030443,L.Toilolo,Levine Toilolo,TE,TE,"https://static.www.nfl.com/image/private/f_auto,q_auto/league/w6qnlfw0cuxest48srd0",9,ATL,0,0,0,0,0,0,0,0,0,0,0,0,,0,,,0,0,0,0,0,0,,0,11,14,55,2,0,0,42,28,4,-0.367875584498778,0,1.30952380952381,0.0348258706467662,0.0148777895855473,0.0626532586800324,0,17.5,28.5
2013,REG,00-0030450,,Quinton Patton,WR,WR,,3,SF,0,0,0,0,0,0,0,0,0,0,0,0,,0,,,1,26,0,0,0,1,1.84231431788066,0,3,5,34,0,0,0,44,8,1,-2.51145930359821,0,0.772727272727273,0.0609756097560976,0.0706260032102729,0.140901616881337,0,6.0,9.0
2013,REG,00-0030456,G.Bernard,Giovani Bernard,RB,RB,"https://static.www.nfl.com/image/private/f_auto,q_auto/league/guht9y14gftgsugb87xz",16,CIN,0,0,0,0,0,0,0,0,0,0,0,0,,0,,,170,695,5,1,1,32,-12.6932607132122,0,56,70,514,3,0,0,36,528,21,17.1810988028088,0,14.2777777777778,0.121527777777778,0.0072522159548751,0.187368217835079,0,166.9,222.9
2013,REG,00-0030460,M.Wheaton,Markus Wheaton,WR,WR,"https://static.www.nfl.com/image/private/f_auto,q_auto/league/hd28smxn43jzwkdikpd0",5,PIT,0,0,0,0,0,0,0,0,0,0,0,0,,0,,,0,0,0,0,0,0,,0,6,13,64,0,0,0,159,36,5,-6.28874299727645,0,0.40251572327044,0.0643564356435644,0.0960725075528701,0.163785408752356,0,6.4,12.4
2013,REG,00-0030465,K.Barner,Kenjon Barner,RB,RB,"https://static.www.nfl.com/image/private/f_auto,q_auto/league/n8hvbyw7vdlj7svjwqg4",3,CAR,0,0,0,0,0,0,0,0,0,0,0,0,,0,,,6,7,0,0,0,0,-3.0398399286205,0,2,3,7,0,0,0,-7,12,0,-1.23346778657287,0,-1.0,0.0428571428571429,-0.0193905817174515,0.0507123070834982,0,1.4,3.4
2013,REG,00-0030470,V.McDonald,Vance McDonald,TE,TE,"https://static.www.nfl.com/image/private/f_auto,q_auto/league/apafzol1dcqu56cqotv9",10,SF,0,0,0,0,0,0,0,0,0,0,0,0,,0,,,0,0,0,0,0,0,,0,8,19,119,0,0,0,213,47,5,2.03525526079302,0,0.55868544600939,0.0727969348659004,0.0808963159893657,0.165822823491407,0,11.9,19.9
2013,REG,00-0030472,J.Reed,Jordan Reed,TE,TE,"https://static.www.nfl.com/image/private/f_auto,q_auto/league/jur0qgejd3lzv8flmxcq",9,WAS,0,0,0,0,0,0,0,0,0,0,0,0,,0,,,1,18,0,0,0,1,1.28926983475685,0,45,60,499,3,0,0,384,248,30,34.2769697494916,0,1.29947916666667,0.174418604651163,0.13070115724983,0.353118717051625,0,69.7,114.7
2013,REG,00-0030474,J.Boyce,Josh Boyce,WR,WR,"https://static.www.nfl.com/image/private/f_auto,q_auto/league/c6cis2muytjycxmgueru",6,NE,0,0,0,0,0,0,0,0,0,0,0,0,,0,,,0,0,0,0,0,0,,0,9,19,121,0,0,0,156,78,6,0.123155126488361,0,0.775641025641026,0.071969696969697,0.08,0.163954545454545,0,12.1,21.1
2013,REG,00-0030485,E.Lacy,Eddie Lacy,RB,RB,"https://static.www.nfl.com/image/private/f_auto,q_auto/league/ckn4luxcj2oc2c24fh7i",15,GB,0,0,0,0,0,0,0,0,0,0,0,0,,0,,,284,1178,11,1,1,61,-2.46043665285905,0,35,44,257,0,0,0,-64,310,12,-2.20098008971511,0,-4.015625,0.0975609756097561,-0.0181869849389031,0.133610573957402,0,207.5,242.5
2013,REG,00-0030496,L.Bell,Le'Veon Bell,RB,RB,"https://static.www.nfl.com/image/private/f_auto,q_auto/league/sm3ij3pcby5ciqwaaqa1",13,PIT,0,0,0,0,0,0,0,0,0,0,0,0,,0,,,244,860,8,1,1,48,-25.2686711389483,0,45,66,399,0,0,0,98,445,13,11.07372730019,0,4.07142857142857,0.140724946695096,0.0261124433786304,0.229366130407685,0,171.9,216.9
2013,REG,00-0030512,,Nick Kasa,TE,TE,,4,LV,0,0,0,0,0,0,0,0,0,0,0,0,,0,,,0,0,0,0,0,0,,0,1,5,9,1,0,0,56,0,1,-1.22098778947839,0,0.160714285714286,0.031055900621118,0.0447641886490807,0.0779187829860335,0,6.9,7.9
2013,REG,00-0030514,M.Rivera,Mychal Rivera,TE,TE,"https://static.www.nfl.com/image/private/f_auto,q_auto/league/nnbvmfg9qugawrxv2qyt",16,LV,0,0,0,0,0,0,0,0,0,0,0,0,,0,,,0,0,0,0,0,0,,0,38,60,407,4,0,0,505,90,25,15.6061883315019,0,0.805940594059406,0.118110236220472,0.120842306771955,0.261754969071077,0,64.7,102.7
2013,REG,00-0030516,B.Butler,Brice Butler,WR,WR,"https://static.www.nfl.com/image/private/f_auto,q_auto/league/xnr2lcdlhui4vyu6z4ir",8,LV,0,0,0,0,0,0,0,0,0,0,0,0,,0,,,0,0,0,0,0,0,,0,9,17,103,0,0,0,188,31,4,-5.56510664425378,0,0.547872340425532,0.0769230769230769,0.10415512465374,0.188293202642233,0,10.3,19.3
2013,REG,00-0030520,M.Glennon,Mike Glennon,QB,QB,"https://static.www.nfl.com/image/private/f_auto,q_auto/league/mubobrjbeudtezxv0t0p",13,TB,247,416,2608,19,9,40,314,3,3,3624,917,126,-33.9362073424748,0,0.719646799116998,0.0344966756663161,27,37,0,4,1,4,-7.29555929040922,0,0,0,0,0,0,0,0,0,0,,0,,,,,0,158.02,158.02
2013,REG,00-0030521,J.Hunter,Justin Hunter,WR,WR,"https://static.www.nfl.com/image/private/f_auto,q_auto/league/jwfx9spolez2cofb3kvq",13,TEN,0,0,0,0,0,0,0,0,0,0,0,0,,0,,,0,0,0,0,0,0,,0,18,42,354,4,0,0,762,91,16,20.0519273843534,0,0.464566929133858,0.0997624703087886,0.201267828843106,0.290531185653357,0,59.4,77.4
2013,REG,00-0030522,,Montee Ball,RB,RB,,15,DEN,0,0,0,0,0,0,0,0,0,0,0,0,,0,,,120,559,4,2,2,35,-1.90013966339757,0,20,27,145,0,1,1,53,140,10,-0.698137178318575,0,2.73584905660377,0.0629370629370629,0.0178151260504202,0.106876182640889,0,88.4,108.4
2013,REG,00-0030525,T.Austin,Tavon Austin,WR,WR,"https://static.www.nfl.com/image/private/f_auto,q_auto/league/ulagxqgjnrft4wub0gus",13,LA,0,1,0,0,0,0,0,0,0,11,0,0,-0.411348556168377,0,0.0,,9,151,1,0,0,3,9.8065158938407,0,40,69,418,4,1,1,552,230,17,1.52310037957998,0,0.757246376811594,0.159353348729792,0.157804459691252,0.349493144878565,1,90.9,130.9
2013,REG,00-0030526,E.Manuel,EJ Manuel,QB,QB,"https://static.www.nfl.com/image/private/f_auto,q_auto/league/day0kzescuwievdhlacd",10,BUF,180,306,1972,11,9,28,159,3,3,2506,910,86,-42.4261892495731,2,0.786911412609737,0.0188194998774705,53,186,2,3,0,14,10.9202911846854,0,0,0,0,0,0,0,0,0,0,,0,,,,,0,133.48,133.48
2013,REG,00-0030532,,Stedman Bailey,WR,WR,,8,LA,0,0,0,0,0,0,0,0,0,0,0,0,,0,,,2,33,1,0,0,1,3.01952491240809,0,17,25,226,0,0,0,280,46,10,6.35032502739341,0,0.807142857142857,0.104602510460251,0.137999014292755,0.253503075695305,0,31.9,48.9
2013,REG,00-0030533,M.Barkley,Matt Barkley,QB,QB,"https://static.www.nfl.com/image/private/f_auto,q_auto/league/ejvscebj0ufugx5vrouq",3,PHI,30,49,300,0,4,3,24,3,1,497,82,17,-15.6658608735888,0,0.603621730382294,0.021485827546702,2,-2,0,0,0,0,-2.29065996344434,0,0,0,0,0,0,0,0,0,0,,0,,,,,0,1.8,1.8
2013,REG,00-0030536,,Zac Stacy,RB,RB,"https://static.www.nfl.com/image/private/f_auto,q_auto/league/oo0cmp2wjrwqz3arii0f",13,LA,0,0,0,0,0,0,0,0,0,0,0,0,,0,,,250,973,7,1,1,47,-26.0006815110063,0,26,35,141,1,0,0,14,149,7,-0.0071956601765093,0,10.0714285714286,0.108695652173913,0.0063520871143375,0.167489939240906,0,157.4,183.4
2013,REG,00-0030540,A.Dobson,Aaron Dobson,WR,WR,"https://static.www.nfl.com/image/private/f_auto,q_auto/league/es1l8zn20xgfxqh8ophi",11,NE,0,0,0,0,0,0,0,0,0,0,0,0,,0,,,0,0,0,0,0,0,,0,37,72,519,4,1,0,995,185,25,17.9513813513628,0,0.521608040201005,0.193029490616622,0.298172010788133,0.498264643476626,0,75.9,112.9
2013,REG,00-0030542,T.Williams,Terrance Williams,WR,WR,"https://static.www.nfl.com/image/private/f_auto,q_auto/league/emdrh1uwgitgnw1wytiv",15,DAL,0,0,0,0,0,0,0,0,0,0,0,0,,0,,,3,4,0,0,0,0,-1.24088592414103,0,44,74,736,5,1,1,1027,204,31,15.9381501046604,1,0.716650438169426,0.133093525179856,0.229599821149117,0.360360162574166,0,104.0,148.0
2013,REG,00-0030544,G.Escobar,Gavin Escobar,TE,TE,"https://static.www.nfl.com/image/private/f_auto,q_auto/league/zpne5eocfe1wlkabs4gq",9,DAL,0,0,0,0,0,0,0,0,0,0,0,0,,0,,,0,0,0,0,0,0,,0,9,15,134,2,0,0,129,37,7,2.49000779118424,0,1.03875968992248,0.0426136363636364,0.0451680672268908,0.0955381016042781,0,25.4,34.4
2013,REG,00-0030547,,Denard Robinson,RB,RB,"https://static.www.nfl.com/image/private/f_auto,q_auto/league/qxucqizbxstsxgtv0jpn",12,JAX,0,1,0,0,0,0,0,0,0,35,0,0,-0.487677488476038,0,0.0,,20,66,0,3,1,3,-15.2836085542222,0,0,1,0,0,0,0,-5,0,0,-0.555886890273541,0,0.0,0.032258064516129,-0.0233644859813084,0.0320319565872777,0,4.6,4.6
2013,REG,00-0030549,T.Eifert,Tyler Eifert,TE,TE,"https://static.www.nfl.com/image/private/f_auto,q_auto/league/sextvbehmeu7ydutxtsu",15,CIN,0,0,0,0,0,0,0,0,0,0,0,0,,0,,,0,0,0,0,0,0,,0,39,59,445,2,0,0,436,227,19,4.57548015918016,0,1.02064220183486,0.109259259259259,0.0942906574394464,0.229892349096501,0,56.5,95.5
2013,REG,00-0030550,,Ace Sanders,WR,WR,,15,JAX,1,1,21,1,0,0,0,0,0,21,0,1,2.42098749277648,0,1.0,,2,4,0,0,0,1,0.0431346090044826,0,51,86,484,1,0,0,502,297,22,-15.3508981911945,0,0.964143426294821,0.156648451730419,0.137647381409378,0.331325844582193,0,59.64,110.64
2013,REG,00-0030564,D.Hopkins,DeAndre Hopkins,WR,WR,"https://static.www.nfl.com/image/upload/f_auto,q_auto/league/viymeohipdn0voptrkzh",16,HOU,0,0,0,0,0,0,0,0,0,0,0,0,,0,,,0,0,0,0,0,0,,0,52,91,802,2,1,1,1221,181,38,14.0400569463476,0,0.656838656838657,0.146537842190016,0.237918939984412,0.386350021274112,0,90.2,142.2
2013,REG,00-0030565,G.Smith,Geno Smith,QB,QB,"https://static.www.nfl.com/image/upload/f_auto,q_auto/league/izkm5yyxybb5uy5dkcgf",16,NYJ,247,443,3046,12,21,43,315,4,3,3963,1260,143,-59.775809620783,0,0.768609639162251,0.0195291370361437,72,366,6,4,1,23,14.1422143637535,0,1,1,13,0,0,0,13,0,1,1.30999318347313,0,1.0,0.0416666666666667,0.0459363957597173,0.0946554770318021,0,193.74,194.74
2013,REG,00-0030573,S.Richardson,Sheldon Richardson,DT,DL,"https://static.www.nfl.com/image/private/f_auto,q_auto/league/yfbo8yxqsqwpmwrusnjj",2,NYJ,0,0,0,0,0,0,0,0,0,0,0,0,,0,,,4,4,2,0,0,2,0.839579692546977,0,0,0,0,0,0,0,0,0,0,,0,,,,,0,12.4,12.4
2013,REG,00-0030578,C.Patterson,Cordarrelle Patterson,RB,RB,"https://static.www.nfl.com/image/upload/f_auto,q_auto/league/jktdrwmujfuqp94csnav",16,MIN,0,0,0,0,0,0,0,0,0,0,0,0,,0,,,12,158,3,0,0,7,14.6420631819055,0,45,77,469,4,0,0,601,276,19,-8.10843582791695,0,0.780366056572379,0.14392523364486,0.13928157589803,0.313384953595911,2,116.7,161.7
2013,POST,00-0010346,,Peyton Manning,QB,QB,"https://static.www.nfl.com/image/private/f_auto,q_auto/league/xpcd6auodk3w0vda6jal",3,DEN,91,128,910,5,3,1,1,1,1,933,441,45,20.2008937383421,1,0.97534833869239,0.162506082232163,3,-2,0,0,0,0,-7.32236921196454,0,0,0,0,0,0,0,0,0,0,,0,,,,,0,50.2,50.2
2013,POST,00-0019596,T.Brady,Tom Brady,QB,QB,"https://static.www.nfl.com/image/private/f_auto,q_auto/league/q7dpdlxyu5rs05rgh1le",2,NE,37,63,475,1,0,4,34,1,0,606,185,24,13.7565061651687,0,0.783828382838284,0.117671999015676,3,6,1,0,0,2,2.47262114862679,0,0,0,0,0,0,0,0,0,0,,0,,,,,0,29.6,29.6
2013,POST,00-0020337,,Steve Smith,WR,WR,"https://static.www.nfl.com/image/private/f_auto,q_auto/league/k23e0b8cto93he9rt0zc",1,CAR,0,0,0,0,0,0,0,0,0,0,0,0,,0,,,0,0,0,0,0,0,,0,4,5,74,1,0,0,72,10,2,4.62993153504795,0,1.02777777777778,0.2,0.301255230125523,0.510878661087866,0,13.4,17.4
2013,POST,00-0020531,D.Brees,Drew Brees,QB,QB,"https://static.www.nfl.com/image/private/f_auto,q_auto/league/i20xlpzdmn7xubotijjd",2,NO,44,73,559,2,2,3,9,1,0,651,167,27,4.21285762289173,0,0.858678955453149,0.0510033816261641,5,13,0,0,0,3,1.40397728270268,0,0,0,0,0,0,0,0,0,0,,0,,,,,0,27.66,27.66
2013,POST,00-0021547,A.Gates,Antonio Gates,TE,TE,"https://static.www.nfl.com/image/private/f_auto,q_auto/league/kndulvysinvn4tpvt0bc",2,LAC,0,0,0,0,0,0,0,0,0,0,0,0,,0,,,0,0,0,0,0,0,,0,3,5,15,0,0,0,41,1,0,-2.15387526005237,0,0.365853658536585,0.116279069767442,0.119883040935673,0.258336733306134,0,1.5,4.5
2013,POST,00-0021570,,Kassim Osgood,WR,WR,,1,SF,0,0,0,0,0,0,0,0,0,0,0,0,,0,,,0,0,0,0,0,0,,0,0,1,0,0,0,0,2,0,0,-1.02404682955239,0,0.0,0.0333333333333333,0.0068027210884353,0.0547619047619048,0,0.0,0.0
2013,POST,00-0022084,,Anquan Boldin,WR,WR,"https://static.www.nfl.com/image/private/f_auto,q_auto/league/ajabgwxbliupgkwjbnut",3,SF,0,1,0,0,0,0,0,0,0,20,0,0,-0.420688047306612,0,0.0,,0,0,0,0,0,0,,0,16,27,227,1,0,0,337,54,11,12.7699754865607,0,0.673590504451039,0.325301204819277,0.369517543859649,0.74661408793067,0,28.7,44.7
2013,POST,00-0022427,,Wes Welker,WR,WR,"https://static.www.nfl.com/image/private/f_auto,q_auto/league/rgjwexzif36vncjfdwap",3,DEN,0,0,0,0,0,0,0,0,0,0,0,0,,0,,,0,0,0,0,0,0,,0,18,24,160,1,0,0,175,66,7,10.6153869699095,1,0.914285714285714,0.1875,0.187566988210075,0.412546891747053,0,24.0,42.0
2013,POST,00-0022824,A.Lee,Andy Lee,P,SPEC,"https://static.www.nfl.com/image/private/f_auto,q_auto/league/bfozbs2h9jueavslvw3z",1,SF,0,1,0,0,0,0,0,0,0,2,0,0,-1.02404682955239,0,0.0,,0,0,0,0,0,0,,0,0,0,0,0,0,0,0,0,0,,0,,,,,0,0.0,0.0
2013,POST,00-0022942,P.Rivers,Philip Rivers,QB,QB,"https://static.www.nfl.com/image/private/f_auto,q_auto/league/voakyrtj34sghkwxaxxf",2,LAC,30,43,345,3,0,5,29,0,0,342,130,19,13.1259835611525,0,1.00877192982456,0.169114901745664,5,14,0,0,0,0,-0.976667000621092,0,0,0,0,0,0,0,0,0,0,,0,,,,,0,27.2,27.2
2013,POST,00-0022943,B.Watson,Benjamin Watson,TE,TE,"https://static.www.nfl.com/image/private/f_auto,q_auto/league/dorymozpdnrllkqlfzpu",2,NO,0,0,0,0,0,0,0,0,0,0,0,0,,0,,,0,0,0,0,0,0,,0,2,3,27,0,0,0,16,11,1,0.669598797219805,0,1.6875,0.0416666666666667,0.0245775729646697,0.0797043010752688,0,2.7,4.7
2013,POST,00-0022999,J.Kuhn,John Kuhn,FB,RB,"https://static.www.nfl.com/image/private/f_auto,q_auto/league/nbcwgq2o0ymmx4czvr4b",1,GB,0,0,0,0,0,0,0,0,0,0,0,0,,0,,,2,2,1,1,0,1,-0.410555104259402,0,2,2,16,0,0,0,7,9,2,2.5842249316629,0,2.28571428571429,0.0833333333333333,0.0269230769230769,0.143846153846154,0,7.8,9.8
2013,POST,00-0023310,,Lance Moore,WR,WR,"https://static.www.nfl.com/image/private/f_auto,q_auto/league/bfjxc892mfkni8ywtheh",2,NO,0,0,0,0,0,0,0,0,0,0,0,0,,0,,,0,0,0,0,0,0,,0,4,9,51,1,0,0,94,16,4,-2.73611269297024,0,0.542553191489362,0.125,0.144393241167435,0.288575268817204,0,11.1,15.1
2013,POST,00-0023436,A.Smith,Alex Smith,QB,QB,"https://static.www.nfl.com/image/private/f_auto,q_auto/league/dpa5d1a8jj6jdymocjkx",1,KC,30,46,378,4,0,2,15,1,1,278,249,16,10.6902001084708,0,1.35971223021583,0.208242450654525,8,57,0,0,0,4,5.18734889116604,0,0,0,0,0,0,0,0,0,0,,0,,,,,0,34.82,34.82
2013,POST,00-0023437,,Ronnie Brown,RB,RB,,2,LAC,0,0,0,0,0,0,0,0,0,0,0,0,,0,,,9,77,1,0,0,2,2.10531396638085,0,5,6,27,0,0,0,0,32,2,-0.762508129351772,0,0.0,0.13953488372093,0.0,0.209302325581395,0,16.4,21.4
2013,POST,00-0023459,A.Rodgers,Aaron Rodgers,QB,QB,"https://static.www.nfl.com/image/upload/f_auto,q_auto/league/jdcb4nomlc4rd6k5l6to",1,GB,17,26,177,1,0,4,20,1,0,264,61,8,4.67050838180265,0,0.670454545454545,0.138782703205608,2,11,0,0,0,1,-0.135507100396433,0,0,0,0,0,0,0,0,0,0,,0,,,,,0,12.18,12.18
2013,POST,00-0023500,F.Gore,Frank Gore,RB,RB,"https://static.www.nfl.com/image/private/f_auto,q_auto/league/lxxkhd2suyalrbruzut7",3,SF,0,0,0,0,0,0,0,0,0,0,0,0,,0,,,48,164,1,0,0,6,-3.43350744674477,0,3,5,36,0,0,0,42,14,3,3.41143794340314,0,0.857142857142857,0.0602409638554217,0.0460526315789474,0.122598287888396,0,26.0,29.0
2013,POST,00-0023564,D.Sproles,Darren Sproles,RB,RB,"https://static.www.nfl.com/image/private/f_auto,q_auto/league/gvj5ng27blmwuz170aeo",2,NO,0,0,0,0,0,0,0,0,0,0,0,0,,0,,,7,31,0,0,0,2,-1.28599185624626,0,9,13,63,0,0,0,45,41,2,-0.491672049041258,0,1.4,0.180555555555556,0.0691244239631337,0.319220430107527,0,9.4,18.4
2013,POST,00-0024221,V.Davis,Vernon Davis,TE,TE,"https://static.www.nfl.com/image/private/f_auto,q_auto/league/so5ywayfeeu4zeijln5m",3,SF,0,0,0,0,0,0,0,0,0,0,0,0,,0,,,0,0,0,0,0,0,,0,5,14,54,2,0,0,205,6,4,-2.89022585615749,0,0.263414634146342,0.168674698795181,0.224780701754386,0.410358539420841,0,17.4,22.4
2013,POST,00-0024242,,DeAngelo Williams,RB,RB,"https://static.www.nfl.com/image/private/f_auto,q_auto/league/oky9ooitgqa1fgwdll6b",1,CAR,0,0,0,0,0,0,0,0,0,0,0,0,,0,,,5,13,0,0,0,0,-1.43281227292027,0,0,1,0,0,0,0,-1,0,0,-0.385704797343351,0,0.0,0.04,-0.00418410041841,0.057071129707113,0,1.3,1.3
2013,POST,00-0024268,A.Fasano,Anthony Fasano,TE,TE,"https://static.www.nfl.com/image/private/f_auto,q_auto/league/twcrap9uhjbazmplq5x3",1,KC,0,0,0,0,0,0,0,0,0,0,0,0,,0,,,0,0,0,0,0,0,,0,2,3,6,0,0,0,-6,12,1,-0.213117503852118,0,0.0,0.0731707317073171,-0.021978021978022,0.0943714821763602,0,0.6,2.6
2013,POST,00-0024279,,Tarvaris Jackson,QB,QB,"https://static.www.nfl.com/image/private/f_auto,q_auto/league/bqukmeneztibnhrjko0q",1,SEA,0,1,0,0,0,0,0,0,0,11,0,0,-0.901785042951815,0,0.0,,0,0,0,0,0,0,,0,0,0,0,0,0,0,0,0,0,,0,,,,,0,0.0,0.0
2013,POST,00-0024315,,Michael Robinson,FB,RB,,1,SEA,0,0,0,0,0,0,0,0,0,0,0,0,,0,,,0,0,0,0,0,0,,0,1,1,7,0,0,0,1,6,0,0.518026529112831,0,7.0,0.0384615384615385,0.0064102564102564,0.0621794871794872,0,0.7,1.7
2013,POST,00-0024324,,Jason Avant,WR,WR,"https://static.www.nfl.com/image/private/f_auto,q_auto/league/nnis5ib42eoeu8bjjpdc",1,PHI,0,0,0,0,0,0,0,0,0,0,0,0,,0,,,0,0,0,0,0,0,,0,5,6,21,0,0,0,16,6,1,0.197805812960723,0,1.3125,0.1875,0.0675105485232067,0.328507383966245,0,2.1,7.1
2013,POST,00-0024466,,Marques Colston,WR,WR,"https://static.www.nfl.com/image/private/f_auto,q_auto/league/hnnuo9nfwzwlakr2srdq",2,NO,0,0,0,0,0,0,0,0,0,0,0,0,,0,,,0,0,0,0,0,0,,0,13,18,160,1,0,0,174,50,10,7.27461802883772,0,0.919540229885057,0.25,0.267281105990783,0.562096774193548,0,22.0,35.0
2013,POST,00-0025396,T.Ginn,Ted Ginn,WR,WR,"https://static.www.nfl.com/image/private/f_auto,q_auto/league/o4m4txrv9l7odyebnea4",1,CAR,0,0,0,0,0,0,0,0,0,0,0,0,,0,,,0,0,0,0,0,0,,0,4,6,104,0,0,0,53,74,3,2.72888921084814,0,1.9622641509434,0.24,0.221757322175732,0.515230125523013,0,10.4,14.4
2013,POST,00-0025399,M.Lynch,Marshawn Lynch,RB,RB,"https://static.www.nfl.com/image/private/f_auto,q_auto/league/ddhpebfqtr9yxsnbx9ht",3,SEA,0,0,0,0,0,0,0,0,0,0,0,0,,0,,,65,288,4,0,0,14,0.471417532564374,0,1,3,3,0,0,0,8,1,0,-2.25708630686859,0,0.375,0.176470588235294,0.0522875816993464,0.301307189542484,0,53.1,54.1
2013,POST,00-0025410,,Dwayne Bowe,WR,WR,"https://static.www.nfl.com/image/private/f_auto,q_auto/league/ihvktvkw198qeclu6mtk",1,KC,0,0,0,0,0,0,0,0,0,0,0,0,,0,,,0,0,0,0,0,0,,0,8,13,150,1,0,0,159,86,7,9.50622389570344,0,0.943396226415094,0.317073170731707,0.582417582417583,0.883302063789869,0,21.0,29.0
2013,POST,00-0025414,,Robert Meachem,WR,WR,,2,NO,0,0,0,0,0,0,0,0,0,0,0,0,,0,,,0,0,0,0,0,0,,0,3,3,109,0,0,0,99,10,3,7.33757781767054,0,1.1010101010101,0.0416666666666667,0.152073732718894,0.168951612903226,0,10.9,13.9
2013,POST,00-0025418,G.Olsen,Greg Olsen,TE,TE,"https://static.www.nfl.com/image/private/f_auto,q_auto/league/jevf1bubmrv2vvmiwq3r",1,CAR,0,0,0,0,0,0,0,0,0,0,0,0,,0,,,0,0,0,0,0,0,,0,4,6,55,0,0,0,63,15,2,-0.489506606420036,0,0.873015873015873,0.24,0.263598326359833,0.544518828451883,0,5.5,9.5
2013,POST,00-0025425,,Zach Miller,TE,TE,,3,SEA,0,0,0,0,0,0,0,0,0,0,0,0,,0,,,0,0,0,0,0,0,,0,5,6,46,0,0,0,9,38,1,0.714283407316543,0,5.11111111111111,0.0923076923076923,0.029126213592233,0.158849887976102,0,4.6,9.6
2013,POST,00-0025465,,James Jones,WR,WR,,1,GB,0,0,0,0,0,0,0,0,0,0,0,0,,0,,,0,0,0,0,0,0,,0,2,5,20,0,0,0,104,4,0,-1.657484749594,0,0.192307692307692,0.208333333333333,0.4,0.5925,0,2.0,4.0
2013,POST,00-0025524,,Le'Ron McClain,FB,RB,,1,LAC,0,0,0,0,0,0,0,0,0,0,0,0,,0,,,1,0,0,0,0,0,-1.66372223221697,0,0,0,0,0,0,0,0,0,0,,0,,,,,0,0.0,0.0
2013,POST,00-0025549,B.Celek,Brent Celek,TE,TE,"https://static.www.nfl.com/image/private/f_auto,q_auto/league/mit6ahic4gkdhy1hkejt",1,PHI,0,0,0,0,0,0,0,0,0,0,0,0,,0,,,0,0,0,0,0,0,,0,2,3,16,0,0,0,27,5,1,-1.2374130958342,0,0.592592592592593,0.09375,0.113924050632911,0.220371835443038,0,1.6,3.6
2013,POST,00-0025860,,BenJarvus Green-Ellis,RB,RB,,1,CIN,0,0,0,0,0,0,0,0,0,0,0,0,,0,,,8,42,0,0,0,4,2.02409847645322,0,0,0,0,0,0,0,0,0,0,,0,,,,,0,4.2,4.2
2013,POST,00-0026008,,Matthew Mulligan,TE,TE,"https://static.www.nfl.com/image/private/f_auto,q_auto/league/okuwvdnxk6weqzz3tglf",1,NE,0,0,0,0,0,0,0,0,0,0,0,0,,0,,,0,0,0,0,0,0,,0,1,1,6,0,0,0,1,5,0,0.317218699492514,0,6.0,0.0263157894736842,0.0025906735751295,0.041287155713117,0,0.6,1.6
2013,POST,00-0026019,D.Woodhead,Danny Woodhead,RB,RB,"https://static.www.nfl.com/image/private/f_auto,q_auto/league/gorlqe0etvc8ek5wob7j",2,LAC,0,0,0,0,0,0,0,0,0,0,0,0,,0,,,24,83,1,0,0,2,2.78123383200727,0,5,7,24,0,0,0,0,26,3,-1.10521293947463,0,0.0,0.162790697674419,0.0,0.244186046511628,0,16.7,21.7
2013,POST,00-0026035,D.Amendola,Danny Amendola,WR,WR,"https://static.www.nfl.com/image/private/f_auto,q_auto/league/etz06w7s0ardf49mnayz",2,NE,0,0,0,0,0,0,0,0,0,0,0,0,,0,,,0,0,0,0,0,0,,0,3,6,77,0,0,0,73,16,3,4.37168043898419,0,1.05479452054795,0.0952380952380952,0.12046204620462,0.227180575200377,0,7.7,10.7
2013,POST,00-0026069,M.Tolbert,Mike Tolbert,FB,RB,"https://static.www.nfl.com/image/private/f_auto,q_auto/league/frwhwdhbcteyg7xjha7a",1,CAR,0,0,0,0,0,0,0,0,0,0,0,0,,0,,,8,20,0,0,0,2,-3.28765896279947,0,0,0,0,0,0,0,0,0,0,,0,,,,,0,2.0,2.0
2013,POST,00-0026072,,Jed Collins,FB,RB,,1,NO,0,0,0,0,0,0,0,0,0,0,0,0,,0,,,0,0,0,0,0,0,,0,0,1,0,0,0,0,4,0,0,-0.510447462787852,0,0.0,0.0333333333333333,0.0131578947368421,0.0592105263157895,0,0.0,0.0
2013,POST,00-0026173,,Donnie Avery,WR,WR,,1,KC,0,0,0,0,0,0,0,0,0,0,0,0,,0,,,0,0,0,0,0,0,,0,1,3,79,1,0,0,54,35,1,6.3281116168946,0,1.46296296296296,0.0731707317073171,0.197802197802198,0.248217636022514,0,13.9,14.9
2013,POST,00-0026176,J.Nelson,Jordy Nelson,WR,WR,"https://static.www.nfl.com/image/private/f_auto,q_auto/league/bde2n4ozsakatgs4yyp2",1,GB,0,0,0,0,0,0,0,0,0,0,0,0,,0,,,0,0,0,0,0,0,,0,7,8,62,1,0,0,99,16,3,5.39161063500796,0,0.626262626262626,0.333333333333333,0.380769230769231,0.766538461538462,0,12.2,19.2
2013,POST,00-0026182,,Eddie Royal,WR,WR,"https://static.www.nfl.com/image/private/f_auto,q_auto/league/xoejgvlit9inmaazsvk4",2,LAC,0,0,0,0,0,0,0,0,0,0,0,0,,0,,,1,9,0,0,0,0,0.706152976956219,0,2,4,63,0,0,0,70,19,2,3.9938736887998,0,0.9,0.0930232558139535,0.204678362573099,0.2828097375221,0,7.2,9.2
2013,POST,00-0026189,D.Jackson,DeSean Jackson,WR,WR,"https://static.www.nfl.com/image/private/f_auto,q_auto/league/pr5m864fqvnoozihylrh",1,PHI,0,0,0,0,0,0,0,0,0,0,0,0,,0,,,0,0,0,0,0,0,,0,3,6,53,0,0,0,82,10,2,2.12045718351146,0,0.646341463414634,0.1875,0.345991561181435,0.523444092827004,0,5.3,8.3
2013,POST,00-0026213,J.Charles,Jamaal Charles,RB,RB,"https://static.www.nfl.com/image/private/f_auto,q_auto/league/mdrlzgankwwjldxllgcx",1,KC,0,0,0,0,0,0,0,0,0,0,0,0,,0,,,3,18,0,0,0,1,1.37789840193,0,0,0,0,0,0,0,0,0,0,,0,,,,,0,1.8,1.8
2013,POST,00-0026237,,Andre Caldwell,WR,WR,,2,DEN,0,0,0,0,0,0,0,0,0,0,0,0,,0,,,0,0,0,0,0,0,,0,2,3,26,0,0,0,33,8,2,0.891679471649695,0,0.787878787878788,0.0379746835443038,0.0574912891986063,0.0972059277554801,0,2.6,4.6
2013,POST,00-0026267,,Jacob Tamme,TE,TE,"https://static.www.nfl.com/image/private/f_auto,q_auto/league/kfyqh9qmtwufzixwuoo2",2,DEN,0,0,0,0,0,0,0,0,0,0,0,0,,0,,,0,0,0,0,0,0,,0,4,4,33,1,0,0,5,28,3,2.25689834111836,0,6.6,0.0434782608695652,0.0073637702503681,0.0703720304796056,0,9.3,13.3
2013,POST,00-0026293,M.Slater,Matt Slater,WR,WR,"https://static.www.nfl.com/image/private/f_auto,q_auto/league/cs1ojdzhxjuanbw6vflv",1,NE,0,0,0,0,0,0,0,0,0,0,0,0,,0,,,0,0,0,0,0,0,,0,0,1,0,0,0,0,33,0,0,-1.45304512185976,0,0.0,0.0263157894736842,0.0854922279792746,0.0993182437960185,0,0.0,0.0
2013,POST,00-0026986,M.Crabtree,Michael Crabtree,WR,WR,"https://static.www.nfl.com/image/private/f_auto,q_auto/league/kcavcmeyaion38ewxwyk",3,SF,0,0,0,0,0,0,0,0,0,0,0,0,,0,,,0,0,0,0,0,0,,0,15,28,203,0,1,0,283,56,10,4.44564962472007,0,0.717314487632509,0.337349397590361,0.31030701754386,0.723239008666244,0,20.3,35.3
2013,POST,00-0026988,,Knowshon Moreno,RB,RB,,3,DEN,0,0,0,0,0,0,0,0,0,0,0,0,,0,,,42,158,1,1,0,11,-1.95743576441633,0,6,8,54,0,0,0,11,51,1,-7.8776709049837,0,4.90909090909091,0.0625,0.0117899249732047,0.102002947481243,0,27.2,33.2
2013,POST,00-0026998,,Percy Harvin,WR,WR,"https://static.www.nfl.com/image/private/f_auto,q_auto/league/ly7xvqfvoehf5jqrzzcq",2,SEA,0,0,0,0,0,0,0,0,0,0,0,0,,0,,,3,54,0,0,0,2,4.42334355512867,0,4,6,26,0,0,0,17,12,1,-1.08905372541631,0,1.52941176470588,0.13953488372093,0.0550161812297735,0.247813652442237,1,14.0,18.0
2013,POST,00-0027003,,Donald Brown,RB,RB,,2,IND,0,0,0,0,0,0,0,0,0,0,0,0,,0,,,28,118,1,1,0,5,1.73235446098261,0,5,7,50,1,0,0,0,53,3,-1.88557924318593,0,0.0,0.0813953488372093,0.0,0.122093023255814,0,28.8,33.8
2013,POST,00-0027029,L.McCoy,LeSean McCoy,RB,RB,"https://static.www.nfl.com/image/private/f_auto,q_auto/league/cpc1a2dgivdyevuncz7p",1,PHI,0,0,0,0,0,0,0,0,0,0,0,0,,0,,,21,77,1,0,0,6,1.07966291165797,0,4,5,15,0,0,0,1,11,0,-2.8250447078608,0,15.0,0.15625,0.0042194092827004,0.23732858649789,0,15.2,19.2
2013,POST,00-0027092,,Austin Collie,WR,WR,,2,NE,0,0,0,0,0,0,0,0,0,0,0,0,,0,,,0,0,0,0,0,0,,0,5,7,72,0,0,0,96,21,5,5.98519079049584,0,0.75,0.111111111111111,0.158415841584158,0.277557755775578,0,7.2,12.2
2013,POST,00-0027150,J.Edelman,Julian Edelman,WR,WR,"https://static.www.nfl.com/image/private/f_auto,q_auto/league/u0hbuo2bsvtlg7lnxm43",2,NE,0,0,0,0,0,0,0,0,0,0,0,0,,0,,,0,0,0,0,0,0,,0,16,24,173,1,0,0,199,73,9,10.1859881952696,0,0.869346733668342,0.380952380952381,0.328382838283828,0.801296558227251,0,23.3,39.3
2013,POST,00-0027325,L.Blount,LeGarrette Blount,RB,RB,"https://static.www.nfl.com/image/private/f_auto,q_auto/league/s3eilto1yi0yhoamvvo3",2,NE,0,0,0,0,0,0,0,0,0,0,0,0,,0,,,29,172,4,0,0,8,4.43082941137254,0,0,0,0,0,0,0,0,0,0,,0,,,,,0,41.2,41.2
2013,POST,00-0027651,,Dexter McCluster,WR,WR,"https://static.www.nfl.com/image/private/f_auto,q_auto/league/vawlifwslfzekg0e35ig",1,KC,0,0,0,0,0,0,0,0,0,0,0,0,,0,,,1,3,0,0,0,0,-0.119749530451372,0,7,8,52,0,0,0,2,51,1,0.746121612312646,0,26.0,0.195121951219512,0.0073260073260073,0.297811131957473,0,5.5,12.5
2013,POST,00-0027681,B.LaFell,Brandon LaFell,WR,WR,"https://static.www.nfl.com/image/private/f_auto,q_auto/league/x4wifb5arw0neuwg1cch",1,CAR,0,0,0,0,0,0,0,0,0,0,0,0,,0,,,1,6,0,0,0,1,0.674083933699876,0,4,7,34,0,0,0,52,4,2,-2.52664280368481,0,0.653846153846154,0.28,0.217573221757322,0.572301255230126,0,4.0,8.0
2013,POST,00-0027690,E.Decker,Eric Decker,WR,WR,"https://static.www.nfl.com/image/private/f_auto,q_auto/league/jg5ftnvxz4jdiajzeoyn",3,DEN,0,0,0,0,0,0,0,0,0,0,0,0,,0,,,0,0,0,0,0,0,,0,8,18,111,0,0,0,188,38,8,-1.94643841489468,0,0.590425531914894,0.140625,0.201500535905681,0.351987875133976,0,11.1,19.1
2013,POST,00-0027696,J.Graham,Jimmy Graham,TE,TE,"https://static.www.nfl.com/image/private/f_auto,q_auto/league/h7xs06oj6g03mippwtse",2,NO,0,0,0,0,0,0,0,0,0,0,0,0,,0,,,0,0,0,0,0,0,,0,4,10,52,0,0,0,114,8,2,-0.758463682373986,0,0.456140350877193,0.138888888888889,0.175115207373272,0.330913978494624,0,5.2,9.2
2013,POST,00-0027732,M.Hoomanawanui,Michael Hoomanawanui,TE,TE,"https://static.www.nfl.com/image/private/f_auto,q_auto/league/fgfwj67pbxmp1bpjm7ti",2,NE,0,0,0,0,0,0,0,0,0,0,0,0,,0,,,0,0,0,0,0,0,,0,3,4,39,0,0,0,36,6,2,2.50577847938985,0,1.08333333333333,0.0634920634920635,0.0594059405940594,0.136822253653937,0,3.9,6.9
2013,POST,00-0027753,,Andrew Quarless,TE,TE,,1,GB,0,0,0,0,0,0,0,0,0,0,0,0,,0,,,0,0,0,0,0,0,,0,1,1,8,0,0,0,4,4,0,0.626241920166649,0,2.0,0.0416666666666667,0.0153846153846154,0.0732692307692308,0,0.8,1.8
2013,POST,00-0027758,,Riley Cooper,WR,WR,"https://static.www.nfl.com/image/private/f_auto,q_auto/league/vpongpty2wm06bsmm7hb",1,PHI,0,0,0,0,0,0,0,0,0,0,0,0,,0,,,0,0,0,0,0,0,,0,6,8,68,1,0,0,81,9,4,5.27797757461667,0,0.839506172839506,0.25,0.341772151898734,0.614240506329114,0,12.8,18.8
2013,POST,00-0027772,,Anthony Dixon,RB,RB,"https://static.www.nfl.com/image/private/f_auto,q_auto/league/lvbgbxspmjn0xo1kw8g9",3,SF,0,0,0,0,0,0,0,0,0,0,0,0,,0,,,2,1,1,0,0,1,1.59141555416863,0,1,2,10,0,0,0,16,6,1,0.731956011382863,0,0.625,0.0338983050847458,0.0239520958083832,0.0676139246929869,0,7.1,8.1
2013,POST,00-0027791,,James Starks,RB,RB,"https://static.www.nfl.com/image/private/f_auto,q_auto/league/ohxqulg4xjfmbbkkltqj",1,GB,0,0,0,0,0,0,0,0,0,0,0,0,,0,,,5,29,0,0,0,2,0.409118532785215,0,1,2,13,0,0,0,8,4,1,1.05087692518398,0,1.625,0.0833333333333333,0.0307692307692308,0.146538461538462,0,4.2,5.2
2013,POST,00-0027864,,Ryan Mathews,RB,RB,"https://static.www.nfl.com/image/private/f_auto,q_auto/league/mai5izn84cdrvxlkwagb",2,LAC,0,0,0,0,0,0,0,0,0,0,0,0,,0,,,18,78,0,0,0,3,1.81582641066052,0,2,2,12,0,0,0,2,10,0,0.622814589878544,0,6.0,0.125,0.0206185567010309,0.201932989690722,0,9.0,11.0
2013,POST,00-0027873,J.Gresham,Jermaine Gresham,TE,TE,"https://static.www.nfl.com/image/private/f_auto,q_auto/league/higvmot083ues41wbdgi",1,CIN,0,0,0,0,0,0,0,0,0,0,0,0,,0,,,0,0,0,0,0,0,,0,7,8,64,1,0,0,47,27,5,4.86577066362753,0,1.36170212765957,0.173913043478261,0.10352422907489,0.333336525569814,0,12.4,19.4
2013,POST,00-0027874,D.Thomas,Demaryius Thomas,WR,WR,"https://static.www.nfl.com/image/private/f_auto,q_auto/league/p1yjsqtqimjd6iazu3h9",3,DEN,0,0,0,0,0,0,0,0,0,0,0,0,,0,,,0,0,0,0,0,0,,0,28,38,306,3,1,1,354,130,13,7.16490807748381,0,0.864406779661017,0.296875,0.379421221864952,0.710907355305466,0,46.6,74.6
2013,POST,00-0027891,G.Tate,Golden Tate,WR,WR,"https://static.www.nfl.com/image/private/f_auto,q_auto/league/yfqebrp2o9t1gt1wqjku",3,SEA,0,0,0,0,0,0,0,0,0,0,0,0,,0,,,0,0,0,0,0,0,,0,8,15,61,0,0,0,111,22,5,-0.472905708156556,0,0.54954954954955,0.230769230769231,0.209433962264151,0.492757619738752,0,6.1,14.1
2013,POST,00-0027905,,Will Tukuafu,FB,RB,"https://static.www.nfl.com/image/private/f_auto,q_auto/league/szb9kincx0nhxnwxxmcj",1,SF,0,0,0,0,0,0,0,0,0,0,0,0,,0,,,0,0,0,0,0,0,,0,1,1,2,0,0,0,-2,4,0,-0.457237152848393,0,-1.0,0.0333333333333333,-0.0068027210884353,0.0452380952380953,0,0.2,1.2
2013,POST,00-0027918,,Andrew Hawkins,WR,WR,,1,CIN,0,0,0,0,0,0,0,0,0,0,0,0,,0,,,0,0,0,0,0,0,,0,3,3,20,0,0,0,9,11,2,2.38936271582497,0,2.22222222222222,0.0652173913043478,0.0198237885462555,0.111702738938901,0,2.0,5.0
2013,POST,00-0027925,J.Develin,James Develin,FB,RB,"https://static.www.nfl.com/image/private/f_auto,q_auto/league/ryhocvpml27otxnncc2h",1,NE,0,0,0,0,0,0,0,0,0,0,0,0,,0,,,1,0,0,0,0,0,-1.6593239409849,0,0,0,0,0,0,0,0,0,0,,0,,,,,0,0.0,0.0
2013,POST,00-0027939,C.Newton,Cam Newton,QB,QB,"https://static.www.nfl.com/image/private/f_auto,q_auto/league/zwmgw2gmnn2kch4nquft",1,CAR,16,25,267,1,2,5,35,0,0,239,103,9,-0.177838125615381,0,1.11715481171548,0.0841200316844203,10,54,0,0,0,4,1.57395505579188,0,0,0,0,0,0,0,0,0,0,,0,,,,,0,16.08,16.08
2013,POST,00-0027942,A.Green,A.J. Green,WR,WR,"https://static.www.nfl.com/image/private/f_auto,q_auto/league/guj5a9vnnzqfiljupzuj",1,CIN,0,0,0,0,0,0,0,0,0,0,0,0,,0,,,0,0,0,0,0,0,,0,3,9,34,0,0,0,173,2,2,-0.995225604245206,0,0.196531791907514,0.195652173913043,0.381057268722467,0.560218348975292,0,3.4,6.4
2013,POST,00-0027966,M.Ingram,Mark Ingram,RB,RB,"https://static.www.nfl.com/image/private/f_auto,q_auto/league/qyju9wutyssrf0b26ran",2,NO,0,0,0,0,0,0,0,0,0,0,0,0,,0,,,28,146,1,1,1,10,0.71436413662741,1,3,6,17,0,0,0,12,3,1,-3.00259792001452,0,1.41666666666667,0.0833333333333333,0.0184331797235023,0.137903225806452,0,22.3,25.3
2013,POST,00-0027973,A.Dalton,Andy Dalton,QB,QB,"https://static.www.nfl.com/image/upload/f_auto,q_auto/league/az1zo7fl2tozg50tgs0d",1,CIN,29,51,334,1,2,3,8,0,0,458,132,20,-9.58030785166392,0,0.729257641921397,0.0322567769015499,5,26,0,2,1,0,-2.86926430952735,0,0,0,0,0,0,0,0,0,0,,0,,,,,0,13.96,13.96
2013,POST,00-0027974,,Colin Kaepernick,QB,QB,"https://static.www.nfl.com/image/private/f_auto,q_auto/league/nnvil5vbsj1nbldpc9nl",3,SF,45,82,576,3,3,6,26,2,1,894,152,31,8.90741596896517,0,0.644295302013423,0.127783273163991,26,243,1,1,0,11,13.6914900670107,0,0,0,0,0,0,0,0,0,0,,0,,,,,0,57.34,57.34
2013,POST,00-0027994,S.Vereen,Shane Vereen,RB,RB,"https://static.www.nfl.com/image/private/f_auto,q_auto/league/grirsvo53nqb22jzb1zk",2,NE,0,0,0,0,0,0,0,0,0,0,0,0,,0,,,9,51,0,0,0,4,4.75763263844419,0,7,14,75,0,0,0,73,58,4,1.22419445734704,0,1.02739726027397,0.222222222222222,0.12046204620462,0.417656765676568,0,12.6,19.6
2013,POST,00-0028002,R.Cobb,Randall Cobb,WR,WR,"https://static.www.nfl.com/image/private/f_auto,q_auto/league/kuwo5hnkbtesfw6n9w1s",1,GB,0,0,0,0,0,0,0,0,0,0,0,0,,0,,,1,1,0,0,0,0,-0.36590656574117,0,2,2,51,0,0,0,39,12,2,5.1617428099853,0,1.30769230769231,0.0833333333333333,0.15,0.23,0,5.2,7.2
2013,POST,00-0028011,S.Ridley,Stevan Ridley,RB,RB,"https://static.www.nfl.com/image/private/f_auto,q_auto/league/futdstbe48qaqcvtolzj",2,NE,0,0,0,0,0,0,0,0,0,0,0,0,,0,,,19,69,2,0,0,3,1.36893620260526,1,0,0,0,0,0,0,0,0,0,,0,,,,,0,20.9,20.9
2013,POST,00-0028020,,Vincent Brown,WR,WR,"https://static.www.nfl.com/image/private/f_auto,q_auto/league/oh5svrazghe5xnwz5jpw",1,LAC,0,0,0,0,0,0,0,0,0,0,0,0,,0,,,0,0,0,0,0,0,,0,0,1,0,0,0,0,9,0,0,-0.39605134294834,0,0.0,0.037037037037037,0.036734693877551,0.0812698412698413,0,0.0,0.0
2013,POST,00-0028053,,Kendall Hunter,RB,RB,"https://static.www.nfl.com/image/private/f_auto,q_auto/league/m9tciwm7ffejuubhfh7n",3,SF,0,0,0,0,0,0,0,0,0,0,0,0,,0,,,14,47,0,0,0,3,-1.28608839027584,0,0,1,0,0,0,0,-3,0,0,-0.90131663880311,0,0.0,0.0333333333333333,-0.0102040816326531,0.0428571428571429,0,4.7,4.7
2013,POST,00-0028067,J.Thomas,Julius Thomas,TE,TE,"https://static.www.nfl.com/image/private/f_auto,q_auto/league/ephrfopvlebj4fdcl67a",3,DEN,0,0,0,0,0,0,0,0,0,0,0,0,,0,,,0,0,0,0,0,0,,0,18,24,188,0,1,1,157,87,9,2.98837448617491,0,1.19745222929936,0.1875,0.168274383708467,0.399042068595927,0,16.8,34.8
2013,POST,00-0028074,A.Sherman,Anthony Sherman,RB,RB,"https://static.www.nfl.com/image/private/f_auto,q_auto/league/ibmfpy4ztgmqfwtood5x",1,KC,0,0,0,0,0,0,0,0,0,0,0,0,,0,,,0,0,0,0,0,0,,0,2,2,1,1,0,0,-2,3,1,0.729716221918352,0,-0.5,0.0487804878048781,-0.0073260073260073,0.068042526579112,0,6.1,8.1
2013,POST,00-0028142,V.Green,Virgil Green,TE,TE,"https://static.www.nfl.com/image/private/f_auto,q_auto/league/wcdedz1qf7ybkujat6bu",2,DEN,0,0,0,0,0,0,0,0,0,0,0,0,,0,,,1,6,0,0,0,0,0.362656453624368,0,1,1,3,0,0,0,1,2,0,0.0665450098458678,0,3.0,0.0277777777777778,0.0039370078740157,0.0444225721784777,0,0.9,1.9
2013,POST,00-0028178,,Stanley Havili,FB,RB,,1,IND,0,0,0,0,0,0,0,0,0,0,0,0,,0,,,0,0,0,0,0,0,,0,1,3,4,0,0,0,12,1,0,-4.45878662832547,0,0.333333333333333,0.0731707317073171,0.0233918128654971,0.126130366566824,0,0.4,1.4
2013,POST,00-0028434,D.Baldwin,Doug Baldwin,WR,WR,"https://static.www.nfl.com/image/private/f_auto,q_auto/league/kccmcttfdtl7m3g49vb8",3,SEA,0,0,0,0,0,0,0,0,0,0,0,0,,0,,,0,0,0,0,0,0,,0,13,15,202,1,0,0,166,50,9,16.1503878109079,0,1.21686746987952,0.230769230769231,0.313207547169811,0.565399129172714,0,26.2,39.2
2013,POST,00-0028442,,Ricardo Lockette,WR,WR,"https://static.www.nfl.com/image/private/f_auto,q_auto/league/ndopq6pewcj9dfr27hlc",1,SEA,0,0,0,0,0,0,0,0,0,0,0,0,,0,,,0,0,0,0,0,0,,0,1,2,19,0,0,0,29,1,1,1.03222028294113,0,0.655172413793103,0.0769230769230769,0.185897435897436,0.245512820512821,0,1.9,2.9
2013,POST,00-0028903,G.Celek,Garrett Celek,TE,TE,"https://static.www.nfl.com/image/private/f_auto,q_auto/league/hin5nyuakhpbngjhepty",1,SF,0,0,0,0,0,0,0,0,0,0,0,0,,0,,,0,0,0,0,0,0,,0,1,1,6,0,0,0,6,0,0,0.17670647893101,0,1.0,0.0344827586206897,0.0160427807486631,0.0629540844550987,0,0.6,1.6
2013,POST,00-0029033,G.Whalen,Griff Whalen,WR,WR,"https://static.www.nfl.com/image/private/f_auto,q_auto/league/zx4nnnnmgl0kvguwpiuz",2,IND,0,0,0,0,0,0,0,0,0,0,0,0,,0,,,0,0,0,0,0,0,,0,7,13,93,0,0,0,104,33,6,4.63654175685952,0,0.894230769230769,0.151162790697674,0.110403397027601,0.304026563965832,0,9.3,16.3
2013,POST,00-0029051,,Jarrett Boykin,WR,WR,,1,GB,0,0,0,0,0,0,0,0,0,0,0,0,,0,,,0,0,0,0,0,0,,0,0,1,0,0,0,0,5,0,0,-1.17395538743585,0,0.0,0.0416666666666667,0.0192307692307692,0.0759615384615385,0,0.0,0.0
2013,POST,00-0029159,J.Kearse,Jermaine Kearse,WR,WR,"https://static.www.nfl.com/image/private/f_auto,q_auto/league/tvnzajvst7kdglamw4t6",3,SEA,0,0,0,0,0,0,0,0,0,0,0,0,,0,,,0,0,0,0,0,0,,0,7,11,134,2,1,0,181,37,5,13.2063691558686,0,0.740331491712707,0.169230769230769,0.341509433962264,0.492902757619739,0,25.4,32.4
2013,POST,00-0029205,T.Cadet,Travaris Cadet,RB,RB,"https://static.www.nfl.com/image/private/f_auto,q_auto/league/gj0pjzj0zzefpabtuki1",1,NO,0,0,0,0,0,0,0,0,0,0,0,0,,0,,,0,0,0,0,0,0,,0,0,1,0,0,0,0,-6,0,0,-0.555385712534189,0,0.0,0.0238095238095238,-0.0172910662824208,0.0236105393165912,0,0.0,0.0
2013,POST,00-0029260,,LaMichael James,RB,RB,"https://static.www.nfl.com/image/private/f_auto,q_auto/league/roxgufvnndlwl05chvur",1,SF,0,0,0,0,0,0,0,0,0,0,0,0,,0,,,1,0,0,0,0,0,-0.405877758515999,0,0,0,0,0,0,0,0,0,0,,0,,,,,0,0.0,0.0
2013,POST,00-0029263,R.Wilson,Russell Wilson,QB,QB,"https://static.www.nfl.com/image/upload/f_auto,q_auto/league/u36rhg0md8ey3b4khbre",3,SEA,43,68,524,3,0,7,22,1,1,532,192,23,11.1124524715648,0,0.984962406015038,0.125045145497393,11,42,0,1,0,0,-4.11474381730659,0,0,0,0,0,0,0,0,0,0,,0,,,,,0,35.16,35.16
2013,POST,00-0029273,R.Turbin,Robert Turbin,RB,RB,"https://static.www.nfl.com/image/private/f_auto,q_auto/league/vkqpomzfvo7kei1729jm",3,SEA,0,0,0,0,0,0,0,0,0,0,0,0,,0,,,14,40,0,0,0,1,-5.2529853315209,0,1,2,9,0,0,0,1,11,0,-3.34755282104015,0,9.0,0.0416666666666667,0.0026525198938992,0.0643567639257295,0,4.9,5.9
2013,POST,00-0029275,,Ladarius Green,TE,TE,"https://static.www.nfl.com/image/private/f_auto,q_auto/league/h6emukrr14tvhufmdy1c",2,LAC,0,0,0,0,0,0,0,0,0,0,0,0,,0,,,0,0,0,0,0,0,,0,5,6,41,1,0,0,48,10,4,4.97737895272439,0,0.854166666666667,0.13953488372093,0.140350877192982,0.307547939616483,0,10.1,15.1
2013,POST,00-0029293,M.Jones,Marvin Jones,WR,WR,"https://static.www.nfl.com/image/private/f_auto,q_auto/league/ciy9sxefmcnwjw7ln3h2",1,CIN,0,0,0,0,0,0,0,0,0,0,0,0,,0,,,0,0,0,0,0,0,,0,8,12,130,0,0,0,184,28,6,2.56824151074397,0,0.706521739130435,0.260869565217391,0.405286343612335,0.675004788354721,0,13.0,21.0
2013,POST,00-0029298,,Cyrus Gray,RB,RB,,1,KC,0,0,0,0,0,0,0,0,0,0,0,0,,0,,,2,5,0,0,0,0,-0.579995418607723,0,0,1,0,0,0,0,32,0,0,-0.806861592223868,0,0.0,0.024390243902439,0.117216117216117,0.118636647904941,0,0.5,0.5
2013,POST,00-0029311,,Junior Hemingway,WR,WR,,1,KC,0,0,0,0,0,0,0,0,0,0,0,0,,0,,,0,0,0,0,0,0,,0,2,3,30,0,0,0,29,7,2,2.18045847420581,0,1.03448275862069,0.0731707317073171,0.106227106227106,0.18411507191995,0,3.0,5.0
2013,POST,00-0029548,,LaVon Brazill,WR,WR,,2,IND,0,0,0,0,0,0,0,0,0,0,0,0,,0,,,0,0,0,0,0,0,,0,6,13,127,2,0,0,210,27,4,-1.9812860602048,0,0.604761904761905,0.151162790697674,0.222929936305732,0.382795141460524,0,24.7,30.7
2013,POST,00-0029567,N.Foles,Nick Foles,QB,QB,"https://static.www.nfl.com/image/private/f_auto,q_auto/league/dxuz2ir773wylutxo7zs",1,PHI,23,33,195,2,0,2,19,0,0,241,43,10,1.08593472212669,0,0.809128630705394,0.126731227159311,1,3,0,0,0,0,-0.24406678462401,0,0,0,0,0,0,0,0,0,0,,0,,,,,0,16.1,16.1
2013,POST,00-0029608,T.Hilton,T.Y. Hilton,WR,WR,"https://static.www.nfl.com/image/private/f_auto,q_auto/league/b8kor0sgeynyd8u8cush",2,IND,0,0,0,0,0,0,0,0,0,0,0,0,,0,,,0,0,0,0,0,0,,0,17,24,327,2,0,0,332,85,14,16.5888499534533,0,0.984939759036145,0.27906976744186,0.35244161358811,0.665313780674468,0,44.7,61.7
2013,POST,00-0029632,M.Sanu,Mohamed Sanu,WR,WR,"https://static.www.nfl.com/image/private/f_auto,q_auto/league/a6loroqhta6g65aqnsrk",1,CIN,0,0,0,0,0,0,0,0,0,0,0,0,,0,,,0,0,0,0,0,0,,0,1,2,13,0,0,0,11,9,1,-5.65647914569126,0,1.18181818181818,0.0434782608695652,0.0242290748898678,0.0821777437272553,0,1.3,2.3
2013,POST,00-0029654,,A.J. Jenkins,WR,WR,,1,KC,0,0,0,0,0,0,0,0,0,0,0,0,,0,,,0,0,0,0,0,0,,0,1,1,27,0,0,0,1,26,1,2.75485655345256,0,27.0,0.024390243902439,0.0036630036630036,0.0391494684177611,0,2.7,3.7
2013,POST,00-0029668,A.Luck,Andrew Luck,QB,QB,"https://static.www.nfl.com/image/private/f_auto,q_auto/league/ojix2ha2u58zqozaw756",2,IND,49,86,774,6,7,4,21,0,0,942,244,36,10.7523036276027,0,0.821656050955414,0.109580926039327,8,50,0,0,0,3,4.59559873398393,0,0,0,0,0,0,0,0,0,0,,0,,,,,0,45.96,45.96
2013,POST,00-0029675,,Trent Richardson,,,,2,IND,0,0,0,0,0,0,0,0,0,0,0,0,,0,,,4,1,0,1,1,0,-7.93765928060748,0,0,0,0,0,0,0,0,0,0,,0,,,,,0,-1.9,-1.9
2013,POST,00-0029697,C.Fleener,Coby Fleener,TE,TE,"https://static.www.nfl.com/image/private/f_auto,q_auto/league/csj8khi0e2rpkvqqjmc1",2,IND,0,0,0,0,0,0,0,0,0,0,0,0,,0,,,0,0,0,0,0,0,,0,11,18,120,1,0,0,166,37,8,2.56007263349208,0,0.72289156626506,0.209302325581395,0.176220806794055,0.437308053127932,0,18.0,29.0
2013,POST,00-0029854,C.Anderson,C.J. Anderson,RB,RB,"https://static.www.nfl.com/image/private/f_auto,q_auto/league/jqqdxuowpdgl06zy0g0a",1,DEN,0,0,0,0,0,0,0,0,0,0,0,0,,0,,,2,9,0,0,0,0,-1.26383022300433,0,1,1,14,0,0,0,1,13,1,0.661699013900943,0,14.0,0.0204081632653061,0.0027855153203342,0.0325621056221932,0,2.3,3.3
2013,POST,00-0029984,R.Allen,Ryan Allen,P,SPEC,"https://static.www.nfl.com/image/private/f_auto,q_auto/league/zjzneh4hbafefnduix4t",1,NE,0,0,0,0,0,0,0,0,0,0,0,0,,0,,,1,0,0,0,0,0,-1.85973368573468,0,0,0,0,0,0,0,0,0,0,,0,,,,,0,0.0,0.0
2013,POST,00-0030000,K.Thompkins,Kenbrell Thompkins,WR,WR,"https://static.www.nfl.com/image/private/f_auto,q_auto/league/coyaltbvkpvvojjd5sjh",1,NE,0,0,0,0,0,0,0,0,0,0,0,0,,0,,,0,0,0,0,0,0,,0,0,3,0,0,0,0,21,0,0,-2.40394725254737,0,0.0,0.12,0.0954545454545455,0.246818181818182,0,0.0,0.0
2013,POST,00-0030043,,Da'Rick Rogers,WR,WR,,2,IND,0,0,0,0,0,0,0,0,0,0,0,0,,0,,,0,0,0,0,0,0,,0,1,6,46,0,0,0,118,0,1,0.422111862280872,0,0.389830508474576,0.0697674418604651,0.125265392781316,0.192336937737619,0,4.6,5.6
2013,POST,00-0030061,Z.Ertz,Zach Ertz,TE,TE,"https://static.www.nfl.com/image/upload/f_auto,q_auto/league/xktmmeumuoglbuam75iz",1,PHI,0,0,0,0,0,0,0,0,0,0,0,0,,0,,,0,0,0,0,0,0,,0,3,4,22,1,0,0,30,2,2,3.14508062077221,0,0.733333333333333,0.125,0.126582278481013,0.276107594936709,0,8.2,11.2
2013,POST,00-0030085,K.Stills,Kenny Stills,WR,WR,"https://static.www.nfl.com/image/private/f_auto,q_auto/league/wswn6tehkzj8mdfbablx",1,NO,0,0,0,0,0,0,0,0,0,0,0,0,,0,,,1,1,0,0,0,0,-0.343884393572807,0,3,4,35,0,0,0,75,6,2,-0.906205542036332,0,0.466666666666667,0.133333333333333,0.246710526315789,0.372697368421053,0,3.6,6.6
2013,POST,00-0030089,L.Willson,Luke Willson,TE,TE,"https://static.www.nfl.com/image/private/f_auto,q_auto/league/a6zcpjyfusebcm8i3w2w",1,SEA,0,0,0,0,0,0,0,0,0,0,0,0,,0,,,0,0,0,0,0,0,,0,2,4,17,0,0,0,7,14,1,0.574149617459625,0,2.42857142857143,0.153846153846154,0.0448717948717949,0.262179487179487,0,1.7,3.7
2013,POST,00-0030181,J.Doyle,Jack Doyle,TE,TE,"https://static.www.nfl.com/image/private/f_auto,q_auto/league/h6abyvmg2g93llboizi6",1,IND,0,0,0,0,0,0,0,0,0,0,0,0,,0,,,0,0,0,0,0,0,,0,1,2,7,0,0,0,0,8,0,-0.234850984998047,0,0.0,0.0487804878048781,,,0,0.7,1.7
2013,POST,00-0030216,J.Hill,Josh Hill,TE,TE,"https://static.www.nfl.com/image/private/f_auto,q_auto/league/vdva7m1fxklv6gxbsg7q",2,NO,0,0,0,0,0,0,0,0,0,0,0,0,,0,,,0,0,0,0,0,0,,0,2,3,32,0,0,0,25,8,1,1.06928170565516,0,1.28,0.0416666666666667,0.0384024577572965,0.0893817204301075,0,3.2,5.2
2013,POST,00-0030279,K.Allen,Keenan Allen,WR,WR,"https://static.www.nfl.com/image/upload/f_auto,q_auto/league/lngo1onvkcqjnq7ozkuu",2,LAC,0,0,0,0,0,0,0,0,0,0,0,0,,0,,,0,0,0,0,0,0,,0,8,12,163,2,0,0,172,32,8,15.9396070959629,0,0.947674418604651,0.27906976744186,0.502923976608187,0.770651434788522,0,28.3,36.3
2013,POST,00-0030280,K.Davis,Knile Davis,RB,RB,"https://static.www.nfl.com/image/private/f_auto,q_auto/league/iyq9jy1o5g05fdvqftez",1,KC,0,0,0,0,0,0,0,0,0,0,0,0,,0,,,18,67,1,0,0,6,-0.542160820558714,0,7,7,33,1,0,0,4,29,2,1.58876268478343,0,8.25,0.170731707317073,0.0146520146520147,0.26635397123202,0,22.0,29.0
2013,POST,00-0030348,,Khiry Robinson,RB,RB,"https://static.www.nfl.com/image/private/f_auto,q_auto/league/voprwcuquojlvepcmzmh",2,NO,0,0,0,0,0,0,0,0,0,0,0,0,,0,,,21,102,1,0,0,5,5.61251441115746,0,1,1,13,0,0,0,-1,14,1,0.984033231157809,0,-13.0,0.0238095238095238,-0.0028818443804034,0.0336969946480033,0,17.5,18.5
2013,POST,00-0030450,,Quinton Patton,WR,WR,,3,SF,0,0,0,0,0,0,0,0,0,0,0,0,,0,,,1,-1,0,0,0,0,-0.657190277357586,0,2,2,25,0,0,0,25,0,1,2.49360239738598,0,1.0,0.037037037037037,0.0464684014869888,0.0880834365964477,0,2.4,4.4
2013,POST,00-0030456,G.Bernard,Giovani Bernard,RB,RB,"https://static.www.nfl.com/image/private/f_auto,q_auto/league/guht9y14gftgsugb87xz",1,CIN,0,0,0,0,0,0,0,0,0,0,0,0,,0,,,12,45,0,0,0,2,-1.06545560102677,0,7,11,73,0,1,1,27,55,4,-6.59026253776392,0,2.7037037037037,0.239130434782609,0.0594713656387665,0.40032560812105,0,9.8,16.8
2013,POST,00-0030470,V.McDonald,Vance McDonald,TE,TE,"https://static.www.nfl.com/image/private/f_auto,q_auto/league/apafzol1dcqu56cqotv9",1,SF,0,0,0,0,0,0,0,0,0,0,0,0,,0,,,0,0,0,0,0,0,,0,1,1,13,0,0,0,1,12,1,1.40817433781922,0,13.0,0.0416666666666667,0.0040983606557377,0.0653688524590164,0,1.3,2.3
2013,POST,00-0030485,E.Lacy,Eddie Lacy,RB,RB,"https://static.www.nfl.com/image/private/f_auto,q_auto/league/ckn4luxcj2oc2c24fh7i",1,GB,0,0,0,0,0,0,0,0,0,0,0,0,,0,,,21,81,0,0,0,6,-1.67081636126386,0,2,3,7,0,0,0,-6,12,0,-0.791902935539838,0,-1.16666666666667,0.125,-0.0230769230769231,0.171346153846154,0,8.8,10.8
2013,POST,00-0030522,,Montee Ball,RB,RB,,3,DEN,0,0,0,0,0,0,0,0,0,0,0,0,,0,,,28,96,0,0,0,9,1.50524804770248,0,5,7,15,0,0,0,8,18,1,-3.08909034990938,0,1.875,0.0760869565217391,0.0117820324005891,0.122377857463021,0,11.1,16.1
2013,POST,00-0030540,A.Dobson,Aaron Dobson,WR,WR,"https://static.www.nfl.com/image/private/f_auto,q_auto/league/es1l8zn20xgfxqh8ophi",1,NE,0,0,0,0,0,0,0,0,0,0,0,0,,0,,,0,0,0,0,0,0,,0,2,3,33,0,0,0,74,6,1,1.44337876001373,0,0.445945945945946,0.0789473684210526,0.191709844559585,0.252617943823289,0,3.3,5.3
2013,POST,00-0030549,T.Eifert,Tyler Eifert,TE,TE,"https://static.www.nfl.com/image/private/f_auto,q_auto/league/sextvbehmeu7ydutxtsu",1,CIN,0,0,0,0,0,0,0,0,0,0,0,0,,0,,,0,0,0,0,0,0,,0,0,1,0,0,0,0,3,0,0,-5.83810493978672,0,0.0,0.0217391304347826,0.0066079295154185,0.0372342463129669,0,0.0,0.0
2013,REG+POST,00-0006101,,Tony Gonzalez,TE,TE,,16,ATL,0,0,0,0,0,0,0,0,0,0,0,0,,0,,,0,0,0,0,0,0,,0,83,121,859,8,0,0,964,224,56,50.2037568868837,1,0.891078838174274,0.186728395061728,0.218198279764599,0.432831388427812,0,135.9,218.9
2013,REG+POST,00-0007091,,Matt Hasselbeck,QB,QB,"https://static.www.nfl.com/image/private/f_auto,q_auto/league/t1nf9avoy2kauqwrvzza",3,IND,7,12,130,0,1,0,0,0,0,77,90,6,3.80997199737036,0,1.68831168831169,0.152742597507077,2,-2,0,0,0,0,0.0,0,0,0,0,0,0,0,0,0,0,,0,,,,,0,3.0,3.0
2013,REG+POST,00-0010346,,Peyton Manning,QB,QB,"https://static.www.nfl.com/image/private/f_auto,q_auto/league/xpcd6auodk3w0vda6jal",19,DEN,541,787,6387,60,13,19,121,6,4,6102,3022,334,283.386991308825,1,1.04670599803343,0.204002801749527,35,-33,1,5,3,1,-36.1247528243688,0,0,0,0,0,0,0,0,0,0,,0,,,,,0,460.18,460.18
2013,REG+POST,00-0015754,,Brandon Stokley,WR,WR,,6,BAL,0,0,0,0,0,0,0,0,0,0,0,0,,0,,,0,0,0,0,0,0,,0,13,21,115,0,0,0,174,60,8,-0.0546655165962875,0,0.660919540229885,0.091703056768559,0.0860108749382106,0.197762197609586,0,11.5,24.5
2013,REG+POST,00-0018956,,Brad Meester,G,OL,,1,JAX,0,0,0,0,0,0,0,0,0,0,0,0,,0,,,0,0,0,0,0,0,,0,1,1,9,0,0,0,-1,10,1,1.28331331559457,0,0.0,0.0294117647058824,-0.0043859649122807,0.041047471620227,0,0.9,1.9
2013,REG+POST,00-0019596,T.Brady,Tom Brady,QB,QB,"https://static.www.nfl.com/image/private/f_auto,q_auto/league/q7dpdlxyu5rs05rgh1le",18,NE,417,691,4818,26,11,44,290,7,2,5910,2199,249,83.1488888554858,2,0.815228426395939,0.093908857219344,35,24,1,3,1,7,-7.81983347650107,0,0,0,0,0,0,0,0,0,0,,0,,,,,0,281.12,281.12
2013,REG+POST,00-0020245,,Mike Vick,QB,QB,"https://static.www.nfl.com/image/private/f_auto,q_auto/league/hrg4riwhpjbijfovsjrk",7,PHI,77,141,1215,5,3,15,99,3,1,1531,571,51,1.83823128909625,0,0.793598954931417,0.0797913938539801,36,306,2,1,1,17,8.11031382664805,0,0,0,0,0,0,0,0,0,0,,0,,,,,0,101.2,101.2
2013,REG+POST,00-0020337,,Steve Smith,WR,WR,"https://static.www.nfl.com/image/private/f_auto,q_auto/league/k23e0b8cto93he9rt0zc",16,CAR,0,0,0,0,0,0,0,0,0,0,0,0,,0,,,0,0,0,0,0,0,,0,68,115,819,5,0,0,1291,188,46,29.5448459133522,0,0.63439194422928,0.247311827956989,0.305489824893516,0.584810619360945,0,111.9,179.9
2013,REG+POST,00-0020494,,Santana Moss,WR,WR,,16,WAS,0,0,0,0,0,0,0,0,0,0,0,0,,0,,,3,25,0,0,0,1,1.17207946616691,0,42,78,452,2,1,1,641,182,28,-12.3201094638621,0,0.705148205928237,0.130217028380634,0.125048770971518,0.282859682251014,0,57.7,99.7
2013,REG+POST,00-0020498,,Reggie Wayne,WR,WR,,7,IND,0,0,0,0,0,0,0,0,0,0,0,0,,0,,,1,5,0,0,0,0,0.198097222018987,0,38,58,503,2,0,0,600,158,28,22.3694693068147,1,0.838333333333333,0.256637168141593,0.27919962773383,0.58039549162607,0,64.8,102.8
2013,REG+POST,00-0020531,D.Brees,Drew Brees,QB,QB,"https://static.www.nfl.com/image/private/f_auto,q_auto/league/i20xlpzdmn7xubotijjd",18,NO,490,723,5721,41,14,40,253,7,2,5832,2602,271,152.146702089594,0,0.9809670781893,0.146482336969947,40,65,3,0,0,9,2.61087678752024,0,0,0,0,0,0,0,0,0,0,,0,,,,,0,385.34,385.34
2013,REG+POST,00-0020679,,Shaun Hill,QB,QB,"https://static.www.nfl.com/image/private/f_auto,q_auto/league/dn42ccbwrshm7uksyphy",1,DET,0,0,0,0,0,0,0,0,0,0,0,0,,0,,,2,-2,0,0,0,0,0.0,0,0,0,0,0,0,0,0,0,0,,0,,,,,0,-0.2,-0.2
2013,REG+POST,00-0021206,J.McCown,Josh McCown,QB,QB,"https://static.www.nfl.com/image/private/f_auto,q_auto/league/qcauc37wqjdaxdbq1evu",8,CHI,149,224,1829,13,1,11,37,2,1,1769,835,90,82.0139167562695,1,1.03391746749576,0.210376868901957,13,69,1,1,0,5,4.75045120087452,0,0,0,0,0,0,0,0,0,0,,0,,,,,0,136.06,136.06
2013,REG+POST,00-0021429,C.Palmer,Carson Palmer,QB,QB,"https://static.www.nfl.com/image/private/f_auto,q_auto/league/belgna3tokxga0gjjmwk",16,ARI,362,572,4274,24,22,41,289,6,3,5266,1756,204,12.8257274780928,0,0.811621724268895,0.0929436589983085,27,3,0,0,0,1,-13.6781445237904,0,0,0,0,0,0,0,0,0,0,,0,,,,,0,217.26,217.26
2013,REG+POST,00-0021488,,Mat McBriar,P,SPEC,,1,PIT,1,1,30,0,0,0,0,0,0,19,11,1,5.57097293797415,0,1.57894736842105,,0,0,0,0,0,0,,0,0,0,0,0,0,0,0,0,0,,0,,,,,0,1.2,1.2
2013,REG+POST,00-0021547,A.Gates,Antonio Gates,TE,TE,"https://static.www.nfl.com/image/private/f_auto,q_auto/league/kndulvysinvn4tpvt0bc",18,LAC,0,0,0,0,0,0,0,0,0,0,0,0,,0,,,0,0,0,0,0,0,,0,80,118,887,4,2,2,845,367,49,28.666404202338,0,1.04970414201183,0.204152249134948,0.185795954265611,0.43628554168835,0,108.7,188.7
2013,REG+POST,00-0021570,,Kassim Osgood,WR,WR,,3,SF,0,0,0,0,0,0,0,0,0,0,0,0,,0,,,0,0,0,0,0,0,,0,1,2,17,0,0,0,14,5,0,0.355120765860193,0,1.21428571428571,0.0392156862745098,0.0269230769230769,0.0776696832579186,1,7.7,8.7
2013,REG+POST,00-0021678,,Tony Romo,QB,QB,"https://static.www.nfl.com/image/private/f_auto,q_auto/league/rdgaxf7djip2ovlkeqjk",15,DAL,342,535,3828,31,10,35,272,2,1,4248,1778,194,61.2434755938795,1,0.901129943502825,0.0928264952646488,20,38,0,2,0,3,-4.34149702999054,0,0,0,0,0,0,0,0,0,0,,0,,,,,0,260.92,260.92
2013,REG+POST,00-0021999,,Nate Burleson,WR,WR,,9,DET,0,0,0,0,0,0,0,0,0,0,0,0,,0,,,2,-8,0,0,0,0,-2.01948270830326,0,39,54,461,1,1,0,353,216,23,13.0043518781613,0,1.30594900849858,0.163141993957704,0.141653290529695,0.343870294307342,0,51.3,90.3
2013,REG+POST,00-0022044,,Andre Johnson,WR,WR,,16,HOU,0,0,0,0,0,0,0,0,0,0,0,0,,0,,,0,0,0,0,0,0,,0,109,181,1407,5,0,0,2004,405,69,10.841439816444,0,0.702095808383234,0.2914653784219,0.390491036632892,0.710541793275874,0,170.7,279.7
2013,REG+POST,00-0022054,,Visanthe Shiancoe,TE,TE,,1,TEN,0,0,0,0,0,0,0,0,0,0,0,0,,0,,,0,0,0,0,0,0,,0,2,2,2,0,0,0,-3,5,0,-0.725400638533756,0,0.0,0.0833333333333333,-0.0112781954887218,0.117105263157895,0,0.2,2.2
2013,REG+POST,00-0022055,,Seneca Wallace,QB,QB,,2,GB,16,24,139,0,1,4,25,0,0,126,54,7,-12.0912499507588,0,1.1031746031746,0.0258906333047402,0,0,0,0,0,0,,0,0,0,0,0,0,0,0,0,0,,0,,,,,0,3.56,3.56
2013,REG+POST,00-0022084,,Anquan Boldin,WR,WR,"https://static.www.nfl.com/image/private/f_auto,q_auto/league/ajabgwxbliupgkwjbnut",19,SF,0,1,0,0,0,0,0,0,0,20,0,0,-0.420688047306612,0,0.0,,2,11,0,0,0,1,0.268847234139685,0,101,156,1406,8,0,0,1567,479,73,101.058263543037,0,0.897255902999362,0.315789473684211,0.325508932280848,0.701540463122909,0,189.7,290.7
2013,REG+POST,00-0022127,J.Witten,Jason Witten,TE,TE,"https://static.www.nfl.com/image/private/f_auto,q_auto/league/r7uafhtwuexuaty0nhsc",16,DAL,0,0,0,0,0,0,0,0,0,0,0,0,,0,,,0,0,0,0,0,0,,0,73,111,851,8,0,0,911,323,44,35.8693766965355,0,0.934138309549945,0.191379310344828,0.195409695409695,0.423855752304028,0,133.1,206.1
2013,REG+POST,00-0022165,,Dallas Clark,TE,TE,,11,BAL,0,0,0,0,0,0,0,0,0,0,0,0,,0,,,0,0,0,0,0,0,,0,31,52,343,3,0,0,324,181,19,17.9338073061461,0,1.05864197530864,0.128395061728395,0.0854430379746835,0.252402719174871,0,52.3,83.3
2013,REG+POST,00-0022178,,Willis McGahee,RB,RB,,11,CLE,0,0,0,0,0,0,0,0,0,0,0,0,,0,,,138,377,2,1,1,28,-24.7760777902521,0,8,11,20,0,0,0,12,12,0,-5.87440992093915,0,1.66666666666667,0.0392857142857143,0.0056577086280056,0.0628889674681754,0,49.7,57.7
2013,REG+POST,00-0022397,,Vonta Leach,FB,RB,,13,BAL,0,0,0,0,0,0,0,0,0,0,0,0,,0,,,11,23,0,0,0,3,-3.1499308438998,0,11,19,47,1,0,0,16,49,3,-10.6647779474443,0,2.9375,0.0456730769230769,0.0041226488018551,0.071395469545914,0,13.0,24.0
2013,REG+POST,00-0022414,,Malcom Floyd,WR,WR,"https://static.www.nfl.com/image/private/f_auto,q_auto/league/or8gm79eaonksxe8gl0t",2,LAC,0,0,0,0,0,0,0,0,0,0,0,0,,0,,,0,0,0,0,0,0,,0,6,11,149,0,0,0,177,12,5,7.57073940895498,0,0.84180790960452,0.150684931506849,0.275272161741835,0.418717910479559,0,14.9,20.9
2013,REG+POST,00-0022427,,Wes Welker,WR,WR,"https://static.www.nfl.com/image/private/f_auto,q_auto/league/rgjwexzif36vncjfdwap",16,DEN,0,0,0,0,0,0,0,0,0,0,0,0,,0,,,0,0,0,0,0,0,,0,91,135,938,11,0,0,1004,388,56,47.7473265667548,1,0.934262948207171,0.203007518796992,0.195787831513261,0.441562760254771,0,161.8,252.8
2013,REG+POST,00-0022736,,Steven Jackson,RB,RB,"https://static.www.nfl.com/image/private/f_auto,q_auto/league/abl5wejuf448xw3jtphm",12,ATL,0,0,0,0,0,0,0,0,0,0,0,0,,0,,,157,543,6,0,0,26,-21.9980092144486,0,33,49,191,1,0,0,10,202,10,-10.9299099626793,0,19.1,0.100409836065574,0.0030950170225936,0.152781266014176,0,115.4,148.4
2013,REG+POST,00-0022740,,Jared Allen,DE,DL,"https://static.www.nfl.com/image/private/f_auto,q_auto/league/kvicq39281koeupyxqvz",1,MIN,0,0,0,0,0,0,0,0,0,0,0,0,,0,,,0,0,0,0,0,0,,0,0,1,0,0,0,0,2,0,0,-0.38611551001668,0,0.0,0.0303030303030303,0.0098522167487684,0.0523510971786834,0,0.0,0.0
2013,REG+POST,00-0022787,M.Schaub,Matt Schaub,QB,QB,"https://static.www.nfl.com/image/private/f_auto,q_auto/league/mj2kh2nddxnw04ludcx0",10,HOU,219,358,2310,10,14,21,162,1,0,2796,910,115,-32.3288961020238,0,0.82618025751073,0.0233156275998899,5,24,0,1,1,1,-3.93183762487024,0,0,0,0,0,0,0,0,0,0,,0,,,,,0,104.8,104.8
2013,REG+POST,00-0022803,E.Manning,Eli Manning,QB,QB,"https://static.www.nfl.com/image/private/f_auto,q_auto/league/w51tf8uedjftbr4qpaex",16,NYG,317,551,3818,18,27,39,281,4,1,5241,1463,174,-46.2777727616231,0,0.728486929975196,0.022122780687959,18,36,0,3,1,3,-6.65541632946263,0,0,0,0,0,0,0,0,0,0,,0,,,,,0,170.32,170.32
2013,REG+POST,00-0022811,,Jerricho Cotchery,WR,WR,"https://static.www.nfl.com/image/private/f_auto,q_auto/league/hkq2dmfj7mbgbuejiloy",15,PIT,0,0,0,0,0,0,0,0,0,0,0,0,,0,,,1,-5,0,0,0,0,-1.50123543525115,0,46,76,602,10,0,0,763,213,36,35.5694592673839,0,0.788990825688074,0.138686131386861,0.162133446663833,0.321522609744975,0,119.7,165.7
2013,REG+POST,00-0022824,A.Lee,Andy Lee,P,SPEC,"https://static.www.nfl.com/image/private/f_auto,q_auto/league/bfozbs2h9jueavslvw3z",1,SF,0,1,0,0,0,0,0,0,0,2,0,0,-1.02404682955239,0,0.0,,0,0,0,0,0,0,,0,0,0,0,0,0,0,0,0,0,,0,,,,,0,0.0,0.0
2013,REG+POST,00-0022864,L.McCown,Luke McCown,QB,QB,"https://static.www.nfl.com/image/private/f_auto,q_auto/league/pj2lbdhplppzlywlzsbr",3,NO,0,1,0,0,0,0,0,0,0,24,0,0,-2.33884951029904,0,0.0,,3,-4,0,0,0,0,-4.96225606481312,0,0,0,0,0,0,0,0,0,0,,0,,,,,0,-0.4,-0.4
2013,REG+POST,00-0022897,,Greg Jones,RB,RB,,10,HOU,0,0,0,0,0,0,0,0,0,0,0,0,,0,,,2,2,0,0,0,0,-1.33488666202175,0,5,11,34,0,0,0,48,10,1,-0.142837847175542,0,0.708333333333333,0.0292553191489362,0.015180265654649,0.0545091646816585,0,3.6,8.6
2013,REG+POST,00-0022921,L.Fitzgerald,Larry Fitzgerald,WR,WR,"https://static.www.nfl.com/image/private/f_auto,q_auto/league/ycgjjaad5un42gy4pnga",16,ARI,0,1,0,0,0,0,0,0,0,1,0,0,-0.265538466046564,0,0.0,,2,8,0,0,0,0,-0.244436807464808,0,82,134,954,10,1,1,1363,335,49,21.1701442447766,0,0.699926632428467,0.238434163701068,0.258633776091082,0.538694888815359,0,154.2,236.2
2013,REG+POST,00-0022922,,Kellen Winslow,TE,TE,,11,NYJ,0,0,0,0,0,0,0,0,0,0,0,0,,0,,,0,0,0,0,0,0,,0,31,47,388,2,0,0,395,127,20,16.8261437750376,0,0.982278481012658,0.144171779141104,0.139182522903453,0.313685434744074,0,50.8,81.8
2013,REG+POST,00-0022924,B.Roethlisberger,Ben Roethlisberger,QB,QB,"https://static.www.nfl.com/image/private/f_auto,q_auto/league/vziogpnyp9d0xtpiuqhr",16,PIT,375,584,4261,28,14,42,282,6,5,4928,2042,205,60.6719468591952,0,0.864650974025974,0.104162139041598,27,99,1,3,1,5,-9.59445461456198,0,0,0,0,0,0,0,0,0,0,,0,,,,,0,258.34,258.34
2013,REG+POST,00-0022942,P.Rivers,Philip Rivers,QB,QB,"https://static.www.nfl.com/image/private/f_auto,q_auto/league/voakyrtj34sghkwxaxxf",18,LAC,408,587,4823,35,11,35,179,1,1,4560,2196,249,186.569333429447,0,1.05767543859649,0.198707452006421,33,86,0,2,1,5,-9.53231709937761,0,0,0,0,0,0,0,0,0,0,,0,,,,,0,315.52,315.52
2013,REG+POST,00-0022943,B.Watson,Benjamin Watson,TE,TE,"https://static.www.nfl.com/image/private/f_auto,q_auto/league/dorymozpdnrllkqlfzpu",16,NO,0,0,0,0,0,0,0,0,0,0,0,0,,0,,,0,0,0,0,0,0,,0,21,33,253,2,0,0,321,105,15,6.53512953937752,0,0.78816199376947,0.0523809523809524,0.0621611154144074,0.122084209361514,0,37.3,58.3
2013,REG+POST,00-0022999,J.Kuhn,John Kuhn,FB,RB,"https://static.www.nfl.com/image/private/f_auto,q_auto/league/nbcwgq2o0ymmx4czvr4b",13,GB,0,0,0,0,0,0,0,0,0,0,0,0,,0,,,12,40,2,1,0,8,5.21054609210114,0,15,21,97,0,0,0,19,92,4,-4.48581725545228,0,5.10526315789474,0.0515970515970516,0.0067043048694424,0.0820885908041871,0,25.7,40.7
2013,REG+POST,00-0023001,,Shaun Suisham,K,SPEC,"https://static.www.nfl.com/image/private/f_auto,q_auto/league/vyx61i2zefrmgr91rrvd",1,PIT,0,0,0,0,0,0,0,0,0,0,0,0,,0,,,1,-12,0,0,0,0,-3.50518293620553,0,0,0,0,0,0,0,0,0,0,,0,,,,,0,-1.2,-1.2
2013,REG+POST,00-0023176,,Josh Cribbs,WR,WR,,4,NYJ,2,3,38,0,0,0,0,0,0,48,9,2,2.39693665201776,0,0.791666666666667,,13,55,0,0,0,2,1.00242017567507,0,2,2,6,0,0,0,4,2,0,-1.22383015509695,0,1.5,0.1,0.051948051948052,0.186363636363636,0,7.62,9.62
2013,REG+POST,00-0023234,,Michael Koenen,P,SPEC,,2,TB,0,2,0,0,0,0,0,0,0,30,0,0,-4.14606131764594,0,0.0,,0,0,0,0,0,0,,0,0,0,0,0,0,0,0,0,0,,0,,,,,0,0.0,0.0
2013,REG+POST,00-0023310,,Lance Moore,WR,WR,"https://static.www.nfl.com/image/private/f_auto,q_auto/league/bfjxc892mfkni8ywtheh",15,NO,0,0,0,0,0,0,0,0,0,0,0,0,,0,,,0,0,0,0,0,0,,0,41,63,508,3,0,0,726,83,30,15.2356825227018,0,0.699724517906336,0.103789126853377,0.14578313253012,0.25773188305115,0,68.8,109.8
2013,REG+POST,00-0023367,,Nate Washington,WR,WR,,16,TEN,0,0,0,0,0,0,0,0,0,0,0,0,,0,,,0,0,0,0,0,0,,0,58,104,919,3,0,0,1430,233,43,25.1254900275691,0,0.642657342657343,0.197718631178707,0.299100606567664,0.505948371365425,0,109.9,167.9
2013,REG+POST,00-0023436,A.Smith,Alex Smith,QB,QB,"https://static.www.nfl.com/image/private/f_auto,q_auto/league/dpa5d1a8jj6jdymocjkx",16,KC,338,554,3691,27,7,41,225,5,4,3640,2005,181,35.0847259951433,0,1.01401098901099,0.0726195806938301,84,488,1,3,0,27,12.5226384320641,0,1,1,-4,0,0,0,-5,1,0,-1.48717106925324,0,0.0,0.0294117647058824,-0.024390243902439,0.0270444763271162,0,288.04,289.04
2013,REG+POST,00-0023437,,Ronnie Brown,RB,RB,,14,LAC,0,0,0,0,0,0,0,0,0,0,0,0,,0,,,54,234,2,0,0,10,0.42452123157926,0,13,14,87,0,0,0,5,87,5,3.99351964669768,0,17.4,0.0606060606060606,0.0026329647182727,0.0927521662118819,0,44.1,57.1
2013,REG+POST,00-0023459,A.Rodgers,Aaron Rodgers,QB,QB,"https://static.www.nfl.com/image/upload/f_auto,q_auto/league/jdcb4nomlc4rd6k5l6to",10,GB,210,316,2713,18,6,25,137,4,0,2628,1312,116,98.8720081006751,0,1.03234398782344,0.189680724028686,32,131,0,1,0,10,0.0566992335155496,0,0,0,0,0,0,0,0,0,0,,0,,,,,0,181.62,181.62
2013,REG+POST,00-0023460,,Jason Campbell,QB,QB,,9,CLE,180,317,2015,11,8,16,97,3,2,2387,1026,86,-24.348667441982,0,0.844155844155844,0.0200202862514711,14,107,0,0,0,6,9.73158934176899,0,0,0,0,0,0,0,0,0,0,,0,,,,,0,115.3,115.3
2013,REG+POST,00-0023462,,Roddy White,WR,WR,"https://static.www.nfl.com/image/private/f_auto,q_auto/league/f7dgklg6z49fbdltwuki",13,ATL,0,0,0,0,0,0,0,0,0,0,0,0,,0,,,0,0,0,0,0,0,,0,63,97,711,3,2,1,981,115,37,33.480103379565,0,0.724770642201835,0.180633147113594,0.263143776824034,0.455150364447215,0,87.1,150.1
2013,REG+POST,00-0023465,,Heath Miller,TE,TE,"https://static.www.nfl.com/image/private/f_auto,q_auto/league/iqw8fry4hgfvegs9nfuf",14,PIT,0,0,0,0,0,0,0,0,0,0,0,0,,0,,,0,0,0,0,0,0,,0,58,78,593,1,1,1,538,224,30,13.3575318888832,0,1.10223048327138,0.152941176470588,0.127186761229314,0.318442497566402,0,63.3,121.3
2013,REG+POST,00-0023496,,Vincent Jackson,WR,WR,"https://static.www.nfl.com/image/private/f_auto,q_auto/league/kdquag2thcfulvrs0cbz",16,TB,0,0,0,0,0,0,0,0,0,0,0,0,,0,,,1,0,0,0,0,0,-0.645279803662561,0,78,160,1224,7,1,0,2045,319,60,13.1283000792332,0,0.598533007334963,0.323886639676113,0.442353450140601,0.795477374612591,0,164.4,242.4
2013,REG+POST,00-0023500,F.Gore,Frank Gore,RB,RB,"https://static.www.nfl.com/image/private/f_auto,q_auto/league/lxxkhd2suyalrbruzut7",19,SF,0,0,0,0,0,0,0,0,0,0,0,0,,0,,,324,1292,10,3,3,61,-36.1372412017215,0,19,31,177,0,0,0,168,115,8,-6.1695210049156,0,1.05357142857143,0.0796915167095116,0.0429447852760736,0.149598624757519,0,200.9,219.9
2013,REG+POST,00-0023506,,Alex Smith,TE,TE,"https://static.www.nfl.com/image/private/f_auto,q_auto/league/zcpxncjwcm6ggoiqt6ub",5,CIN,0,0,0,0,0,0,0,0,0,0,0,0,,0,,,0,0,0,0,0,0,,0,3,6,12,1,1,0,36,6,1,-0.883225278055761,0,0.333333333333333,0.0315789473684211,0.0205714285714286,0.0617684210526316,0,7.2,10.2
2013,REG+POST,00-0023541,,Kyle Orton,QB,QB,,2,DAL,33,51,398,2,2,0,0,0,0,425,229,19,2.45638589315834,0,0.936470588235294,0.0781401862997852,1,8,0,0,0,1,0.48784777650144,0,0,0,0,0,0,0,0,0,0,,0,,,,,0,20.72,20.72
2013,REG+POST,00-0023545,,Brandon Jacobs,RB,RB,,7,NYG,0,0,0,0,0,0,0,0,0,0,0,0,,0,,,58,238,4,1,1,16,-0.395474425429711,0,2,7,13,0,0,0,-6,15,0,-7.33347962005064,0,-2.16666666666667,0.0434782608695652,-0.0031645569620253,0.0630022014309301,0,47.1,49.1
2013,REG+POST,00-0023564,D.Sproles,Darren Sproles,RB,RB,"https://static.www.nfl.com/image/private/f_auto,q_auto/league/gvj5ng27blmwuz170aeo",17,NO,0,0,0,0,0,0,0,0,0,0,0,0,,0,,,60,251,2,1,1,13,-4.19787782057009,0,80,102,667,2,0,0,183,559,26,27.4265087496303,0,3.6448087431694,0.149341142020498,0.0326435961469854,0.246862230333637,0,113.8,193.8
2013,REG+POST,00-0023569,,Matt Giordano,FS,DB,,1,LA,0,0,0,0,0,0,0,0,0,0,0,0,,0,,,1,-5,0,0,0,0,-2.66073434619466,0,0,0,0,0,0,0,0,0,0,,0,,,,,0,-0.5,-0.5
2013,REG+POST,00-0023630,,Joel Dreessen,TE,TE,,5,DEN,0,0,0,0,0,0,0,0,0,0,0,0,,0,,,0,0,0,0,0,0,,0,7,9,47,1,0,0,38,27,3,4.13654755469179,0,1.23684210526316,0.0410958904109589,0.0246913580246914,0.0789277862337223,0,10.7,17.7
2013,REG+POST,00-0023645,D.Anderson,Derek Anderson,QB,QB,"https://static.www.nfl.com/image/private/f_auto,q_auto/league/w191gsxivnqgdwgydka6",3,CAR,0,0,0,0,0,0,0,0,0,0,0,0,,0,,,5,0,0,0,0,1,-4.16704376565758,0,0,0,0,0,0,0,0,0,0,,0,,,,,0,0.0,0.0
2013,REG+POST,00-0023662,M.Cassel,Matt Cassel,QB,QB,"https://static.www.nfl.com/image/private/f_auto,q_auto/league/n1ucqggyu5hlsqzuv5gj",9,MIN,153,254,1807,11,9,16,85,2,1,2145,792,80,-11.8765815046077,0,0.842424242424242,0.042848506018252,18,57,1,1,0,3,-4.02640813228209,0,0,0,0,0,0,0,0,0,0,,0,,,,,0,107.98,107.98
2013,REG+POST,00-0023679,,Billy Bajema,TE,TE,,2,BAL,0,0,0,0,0,0,0,0,0,0,0,0,,0,,,0,0,0,0,0,0,,0,2,2,18,0,0,0,9,9,1,0.571353738429025,0,2.0,0.0298507462686567,0.0297029702970297,0.0655681986109059,0,1.8,3.8
2013,REG+POST,00-0023682,R.Fitzpatrick,Ryan Fitzpatrick,QB,QB,"https://static.www.nfl.com/image/private/f_auto,q_auto/league/pkhhxwplsawnhln9rsun",11,TEN,217,350,2454,14,12,21,109,8,2,3011,1094,116,27.3159287032946,0,0.815011624045168,0.105548257241103,43,225,3,1,0,15,19.7142238779406,0,1,1,0,0,0,0,-6,6,0,-0.457072183577111,0,0.0,0.024390243902439,-0.015748031496063,0.0255617438064144,0,166.66,167.66
2013,REG+POST,00-0023894,D.Penn,Donald Penn,T,OL,"https://static.www.nfl.com/image/private/f_auto,q_auto/league/lbarhx9omymxl236etax",1,TB,0,0,0,0,0,0,0,0,0,0,0,0,,0,,,0,0,0,0,0,0,,0,1,1,1,1,0,0,1,0,1,1.35651452391176,0,1.0,0.0476190476190476,0.0039215686274509,0.0741736694677871,0,6.1,7.1
2013,REG+POST,00-0023921,,Miles Austin,WR,WR,"https://static.www.nfl.com/image/private/f_auto,q_auto/league/tuwhvxan7v0gisbei4an",11,DAL,0,0,0,0,0,0,0,0,0,0,0,0,,0,,,0,0,0,0,0,0,,0,24,49,244,0,0,0,357,101,14,-11.1736506755097,0,0.683473389355742,0.120987654320988,0.11347743165925,0.260915683642956,0,24.4,48.4
2013,REG+POST,00-0024110,,Steve Weatherford,P,SPEC,"https://static.www.nfl.com/image/private/f_auto,q_auto/league/jkpdalshsrmuxdn1jj4h",1,NYG,0,0,0,0,0,0,0,0,0,0,0,0,,0,,,1,0,0,0,0,0,-6.2552512139082,0,0,0,0,0,0,0,0,0,0,,0,,,,,0,0.0,0.0
2013,REG+POST,00-0024204,,Fred Jackson,RB,RB,"https://static.www.nfl.com/image/private/f_auto,q_auto/league/ibu4ltouiplhatsn4ptq",16,BUF,0,0,0,0,0,0,0,0,0,0,0,0,,0,,,206,890,9,2,0,54,2.98247575389665,0,47,66,387,1,1,0,-28,399,16,5.88835484872677,0,-13.8214285714286,0.132796780684105,-0.0071210579857578,0.194210430436126,0,187.7,234.7
2013,REG+POST,00-0024217,,Reggie Bush,RB,RB,"https://static.www.nfl.com/image/private/f_auto,q_auto/league/z2m2heolqx9sgobdks9v",14,DET,0,0,0,0,0,0,0,0,0,0,0,0,,0,,,223,1006,4,5,4,47,-27.5614635442616,0,54,80,506,3,0,0,73,470,22,13.0020523482817,0,6.93150684931507,0.143626570915619,0.0169491525423729,0.22730426315309,0,185.2,239.2
2013,REG+POST,00-0024221,V.Davis,Vernon Davis,TE,TE,"https://static.www.nfl.com/image/private/f_auto,q_auto/league/so5ywayfeeu4zeijln5m",18,SF,0,0,0,0,0,0,0,0,0,0,0,0,,0,,,0,0,0,0,0,0,,0,57,98,904,15,1,1,1334,270,39,36.3098444353492,0,0.677661169415292,0.209850107066381,0.290063057186345,0.517819300630013,0,178.4,235.4
2013,REG+POST,00-0024226,J.Cutler,Jay Cutler,QB,QB,"https://static.www.nfl.com/image/private/f_auto,q_auto/league/ks6n7gvw4vccihlse6bn",11,CHI,224,355,2621,19,12,19,132,4,3,3261,928,125,11.7713634770593,3,0.803741183685986,0.115902557134043,23,118,0,1,0,7,3.81514513248112,0,0,0,0,0,0,0,0,0,0,,0,,,,,0,168.64,168.64
2013,REG+POST,00-0024240,,Santonio Holmes,WR,WR,,10,NYJ,0,0,0,0,0,0,0,0,0,0,0,0,,0,,,0,0,0,0,0,0,,0,23,59,456,1,0,0,690,124,19,-2.2467177029795,0,0.660869565217391,0.192182410423453,0.24485450674237,0.459671770354839,0,51.6,74.6
2013,REG+POST,00-0024242,,DeAngelo Williams,RB,RB,"https://static.www.nfl.com/image/private/f_auto,q_auto/league/oky9ooitgqa1fgwdll6b",16,CAR,0,0,0,0,0,0,0,0,0,0,0,0,,0,,,206,856,3,1,1,35,-16.1126913276422,0,26,37,333,1,2,1,-53,373,10,8.93457103165565,0,-6.28301886792453,0.0868544600938967,-0.0154114568188427,0.119493670367655,0,138.9,164.9
2013,REG+POST,00-0024243,M.Lewis,Marcedes Lewis,TE,TE,"https://static.www.nfl.com/image/private/f_auto,q_auto/league/ppq07tipygpftz5csipx",10,JAX,0,0,0,0,0,0,0,0,0,0,0,0,,0,,,0,0,0,0,0,0,,0,25,47,359,4,1,1,324,225,17,-0.571324136923067,0,1.10802469135802,0.128415300546448,0.140320485058467,0.290847290360599,0,57.9,82.9
2013,REG+POST,00-0024264,K.Clemens,Kellen Clemens,QB,QB,"https://static.www.nfl.com/image/private/f_auto,q_auto/league/pxungqbhh61ov73tzaxk",10,LA,142,242,1673,8,7,21,138,5,2,2123,742,80,-16.9290461570556,1,0.788035798398493,0.0136876213254256,23,64,0,2,2,4,-10.6380468546413,0,0,0,0,0,0,0,0,0,0,,0,,,,,0,85.32,85.32
2013,REG+POST,00-0024267,,Greg Jennings,WR,WR,"https://static.www.nfl.com/image/private/f_auto,q_auto/league/jiemkcfkc893pfova8xv",15,MIN,0,0,0,0,0,0,0,0,0,0,0,0,,0,,,0,0,0,0,0,0,,0,68,105,804,4,0,0,1023,342,36,7.93887994242268,0,0.785923753665689,0.209580838323353,0.232817478379609,0.477343492350756,0,104.4,172.4
2013,REG+POST,00-0024268,A.Fasano,Anthony Fasano,TE,TE,"https://static.www.nfl.com/image/private/f_auto,q_auto/league/twcrap9uhjbazmplq5x3",10,KC,0,0,0,0,0,0,0,0,0,0,0,0,,0,,,0,0,0,0,0,0,,0,25,36,206,3,0,0,237,85,13,-0.814560711848523,0,0.869198312236287,0.101123595505618,0.0994127516778524,0.221274319432924,0,38.6,63.6
2013,REG+POST,00-0024272,,Devin Hester,WR,WR,"https://static.www.nfl.com/image/private/f_auto,q_auto/league/jtntm2ci9doez4qxbx0c",1,CHI,0,0,0,0,0,0,0,0,0,0,0,0,,0,,,0,0,0,0,0,0,,0,0,0,0,0,0,0,0,0,0,,0,,,,,1,6.0,6.0
2013,REG+POST,00-0024275,,Maurice Jones-Drew,RB,RB,,15,JAX,1,1,8,1,0,0,0,0,0,8,0,1,2.37729096593102,0,1.0,,234,803,5,1,1,43,-27.0032580303428,0,43,60,314,0,0,0,21,330,13,-2.08802220999496,0,14.952380952381,0.109289617486339,0.0061928634621055,0.168269430652982,0,144.02,187.02
2013,REG+POST,00-0024276,,Tony Scheffler,TE,TE,,4,DET,0,0,0,0,0,0,0,0,0,0,0,0,,0,,,0,0,0,0,0,0,,0,7,12,82,0,0,0,109,28,4,1.13913713201236,0,0.752293577981651,0.0754716981132076,0.0927659574468085,0.178143717382577,0,8.2,15.2
2013,REG+POST,00-0024279,,Tarvaris Jackson,QB,QB,"https://static.www.nfl.com/image/private/f_auto,q_auto/league/bqukmeneztibnhrjko0q",4,SEA,10,14,151,1,0,0,0,0,0,128,75,7,6.41117020221439,0,1.1796875,0.286581936511639,4,1,1,0,0,1,-1.17686432745541,0,0,0,0,0,0,0,0,0,0,,0,,,,,0,16.14,16.14
2013,REG+POST,00-0024296,,Charlie Whitehurst,QB,QB,,2,LAC,0,0,0,0,0,0,0,0,0,0,0,0,,0,,,6,-5,0,0,0,0,-1.95951875919127,0,0,0,0,0,0,0,0,0,0,,0,,,,,0,-0.5,-0.5
2013,REG+POST,00-0024313,,Owen Daniels,TE,TE,"https://static.www.nfl.com/image/private/f_auto,q_auto/league/ktxkz5tzddboxst5xfh8",5,HOU,0,0,0,0,0,0,0,0,0,0,0,0,,0,,,0,0,0,0,0,0,,0,24,41,252,3,0,0,263,84,18,-11.0086715676792,0,0.958174904942966,0.191588785046729,0.166561114629512,0.403975957810752,0,43.2,67.2
2013,REG+POST,00-0024315,,Michael Robinson,FB,RB,,5,SEA,0,0,0,0,0,0,0,0,0,0,0,0,,0,,,1,0,0,0,0,0,-0.531206397572532,0,3,4,34,0,0,0,18,16,1,0.904980174265802,0,1.88888888888889,0.0404040404040404,0.0266272189349112,0.0792451138604985,0,3.4,6.4
2013,REG+POST,00-0024318,,Brad Smith,QB,QB,,5,PHI,0,1,0,0,0,0,0,0,0,6,0,0,-0.504471427702811,0,0.0,,2,2,0,1,0,0,-1.27998456486966,0,2,2,27,0,0,0,11,16,2,2.41033498512115,0,2.45454545454545,0.0289855072463768,0.0143979057591623,0.0535567949009788,0,2.9,4.9
2013,REG+POST,00-0024324,,Jason Avant,WR,WR,"https://static.www.nfl.com/image/private/f_auto,q_auto/league/nnis5ib42eoeu8bjjpdc",16,PHI,0,0,0,0,0,0,0,0,0,0,0,0,,0,,,0,0,0,0,0,0,,0,43,82,468,2,1,1,904,85,24,-5.33428602714668,0,0.517699115044248,0.162698412698413,0.184301732925586,0.373058832095529,0,56.8,99.8
2013,REG+POST,00-0024332,,Leon Washington,RB,RB,,1,NE,0,0,0,0,0,0,0,0,0,0,0,0,,0,,,1,1,0,0,0,0,-0.973916754126549,0,0,1,0,0,0,0,7,0,0,-0.233881533902604,0,0.0,0.0256410256410256,0.0179028132992327,0.0509935077710014,0,0.1,0.1
2013,REG+POST,00-0024334,B.Marshall,Brandon Marshall,WR,WR,"https://static.www.nfl.com/image/private/f_auto,q_auto/league/jhziqh0scfksvxen6f3s",16,CHI,0,0,0,0,0,0,0,0,0,0,0,0,,0,,,0,0,0,0,0,0,,0,100,163,1295,12,0,0,1986,283,70,54.9876134045229,2,0.652064451158107,0.285964912280702,0.396723931282461,0.706654120318775,0,205.5,305.5
2013,REG+POST,00-0024345,,Domenik Hixon,WR,WR,,5,CAR,0,0,0,0,0,0,0,0,0,0,0,0,,0,,,0,0,0,0,0,0,,0,7,9,55,1,0,0,70,9,2,0.273593065270688,0,0.785714285714286,0.0647482014388489,0.0516224188790561,0.133257995373613,0,11.5,18.5
2013,REG+POST,00-0024389,De.Walker,Delanie Walker,TE,TE,"https://static.www.nfl.com/image/private/f_auto,q_auto/league/diknegkpqy0qnri7877z",15,TEN,0,0,0,0,0,0,0,0,0,0,0,0,,0,,,0,0,0,0,0,0,,0,60,86,571,6,1,0,702,173,30,28.9567050794443,0,0.813390313390313,0.171314741035857,0.155481727574751,0.36580932085611,0,93.1,153.1
2013,REG+POST,00-0024463,,Ben Obomanu,WR,WR,,1,NYJ,0,0,0,0,0,0,0,0,0,0,0,0,,0,,,0,0,0,0,0,0,,0,1,1,8,0,0,0,6,2,0,0.240041942335665,0,1.33333333333333,0.0294117647058824,0.0194805194805195,0.0577540106951872,0,0.8,1.8
2013,REG+POST,00-0024466,,Marques Colston,WR,WR,"https://static.www.nfl.com/image/private/f_auto,q_auto/league/hnnuo9nfwzwlakr2srdq",17,NO,0,0,0,0,0,0,0,0,0,0,0,0,,0,,,0,0,0,0,0,0,,0,88,128,1103,6,0,0,1355,298,64,65.4578628809319,0,0.814022140221402,0.192481203007519,0.252940078402091,0.465779859392742,0,146.3,234.3
2013,REG+POST,00-0024535,E.Weems,Eric Weems,WR,WR,"https://static.www.nfl.com/image/private/f_auto,q_auto/league/kptsfekcpfukewtim9kz",1,CHI,0,0,0,0,0,0,0,0,0,0,0,0,,0,,,0,0,0,0,0,0,,0,1,2,8,0,0,0,22,4,1,-0.611345355864614,0,0.363636363636364,0.0555555555555556,0.0614525139664804,0.12635009310987,0,0.8,1.8
2013,REG+POST,00-0024813,,Pierre Thomas,RB,RB,"https://static.www.nfl.com/image/private/f_auto,q_auto/league/w58uf8rmlucv7qagwrfv",16,NO,0,0,0,0,0,0,0,0,0,0,0,0,,0,,,147,549,2,0,0,31,-5.27689122874195,0,77,84,513,3,1,0,-125,642,21,8.07568370090196,0,-4.104,0.130434782608696,-0.0240246011916202,0.178834953078909,0,136.2,213.2
2013,REG+POST,00-0025389,,Calvin Johnson,WR,WR,"https://static.www.nfl.com/image/private/f_auto,q_auto/league/z6dxib9sientn4m9cljh",14,DET,0,0,0,0,0,0,0,0,0,0,0,0,,0,,,0,0,0,0,0,0,,0,84,157,1492,12,1,1,2184,458,69,37.4152911479903,0,0.683150183150183,0.284936479128857,0.463989802421925,0.752197580388632,0,219.2,303.2
2013,REG+POST,00-0025394,A.Peterson,Adrian Peterson,RB,RB,"https://static.www.nfl.com/image/private/f_auto,q_auto/league/ug2ua3skqc9f6vkbowxc",14,MIN,0,0,0,0,0,0,0,0,0,0,0,0,,0,,,279,1266,10,3,2,59,-4.32291738455276,0,29,40,171,1,2,1,14,157,11,-6.4858182271211,0,12.2142857142857,0.0856531049250535,0.0036988110964332,0.131068825155084,0,203.7,232.7
2013,REG+POST,00-0025396,T.Ginn,Ted Ginn,WR,WR,"https://static.www.nfl.com/image/private/f_auto,q_auto/league/o4m4txrv9l7odyebnea4",17,CAR,0,0,0,0,0,0,0,0,0,0,0,0,,0,,,4,29,0,0,0,2,1.54898905078881,0,40,74,660,5,0,0,1039,285,27,26.761562264709,0,0.635226179018287,0.150406504065041,0.233064154329296,0.388754664128068,0,98.9,138.9
2013,REG+POST,00-0025399,M.Lynch,Marshawn Lynch,RB,RB,"https://static.www.nfl.com/image/private/f_auto,q_auto/league/ddhpebfqtr9yxsnbx9ht",19,SEA,0,0,0,0,0,0,0,0,0,0,0,0,,0,,,366,1545,16,3,1,82,-5.99502838474999,0,37,47,319,2,1,0,60,285,12,7.21938981574042,0,5.31666666666667,0.126344086021505,0.0189633375474083,0.202790465315444,0,292.4,329.4
2013,REG+POST,00-0025410,,Dwayne Bowe,WR,WR,"https://static.www.nfl.com/image/private/f_auto,q_auto/league/ihvktvkw198qeclu6mtk",16,KC,0,0,0,0,0,0,0,0,0,0,0,0,,0,,,0,0,0,0,0,0,,0,65,116,823,6,0,0,1113,281,46,34.7090110408595,0,0.739442946990117,0.212454212454212,0.307798672566372,0.534140389477779,0,118.3,183.3
2013,REG+POST,00-0025414,,Robert Meachem,WR,WR,,17,NO,0,0,0,0,0,0,0,0,0,0,0,0,,0,,,2,-1,0,0,0,0,-1.53932897327468,0,19,33,433,2,0,0,683,97,12,22.6876969040741,0,0.633967789165447,0.0484581497797357,0.12461229702609,0.159915832587867,0,55.2,74.2
2013,REG+POST,00-0025415,J.Staley,Joe Staley,T,OL,"https://static.www.nfl.com/image/private/f_auto,q_auto/league/vzmoz5duiuoocv4qnyhl",1,SF,0,0,0,0,0,0,0,0,0,0,0,0,,0,,,0,0,0,0,0,0,,0,1,1,14,0,0,0,2,12,1,1.00119398429524,0,7.0,0.03125,0.0091324200913242,0.0532676940639269,0,1.4,2.4
2013,REG+POST,00-0025418,G.Olsen,Greg Olsen,TE,TE,"https://static.www.nfl.com/image/private/f_auto,q_auto/league/jevf1bubmrv2vvmiwq3r",17,CAR,0,0,0,0,0,0,0,0,0,0,0,0,,0,,,0,0,0,0,0,0,,0,77,117,871,6,0,0,1046,343,46,34.9302940910001,0,0.832695984703633,0.237804878048781,0.234634365186182,0.520951372703498,0,123.1,200.1
2013,REG+POST,00-0025424,E.Weddle,Eric Weddle,FS,DB,"https://static.www.nfl.com/image/private/f_auto,q_auto/league/lkawujcrkiyelnzqnups",2,LAC,0,0,0,0,0,0,0,0,0,0,0,0,,0,,,2,4,0,0,0,2,4.204377544811,0,0,0,0,0,0,0,0,0,0,,0,,,,,0,0.4,0.4
2013,REG+POST,00-0025425,,Zach Miller,TE,TE,,16,SEA,0,0,0,0,0,0,0,0,0,0,0,0,,0,,,0,0,0,0,0,0,,0,38,62,433,5,0,0,388,188,19,18.8508822493772,0,1.1159793814433,0.160206718346253,0.11191231612345,0.318648698805795,0,73.3,111.3
2013,REG+POST,00-0025431,,Sidney Rice,WR,WR,,8,SEA,0,0,0,0,0,0,0,0,0,0,0,0,,0,,,0,0,0,0,0,0,,0,15,35,231,3,1,1,507,20,11,1.95328055743047,0,0.455621301775148,0.167464114832536,0.266701735928459,0.437887387398725,0,39.1,54.1
2013,REG+POST,00-0025439,,Brian Leonard,RB,RB,,16,TB,0,0,0,0,0,0,0,0,0,0,0,0,,0,,,47,182,0,0,0,12,-1.38229723583208,0,29,37,179,0,0,0,77,153,9,-4.81447831090304,0,2.32467532467533,0.0825892857142857,0.0189795415331526,0.137169607644635,0,36.1,65.1
2013,REG+POST,00-0025447,,Samson Satele,C,OL,,1,IND,0,0,0,0,0,0,0,0,0,0,0,0,,0,,,0,0,0,0,0,0,,0,1,1,0,0,0,0,-5,5,0,-0.322975655202754,0,0.0,0.0263157894736842,-0.015527950310559,0.028604118993135,0,0.0,1.0
2013,REG+POST,00-0025460,,Jacoby Jones,WR,WR,"https://static.www.nfl.com/image/private/f_auto,q_auto/league/yhjtycrpq7jtfarxkhcx",12,BAL,0,0,0,0,0,0,0,0,0,0,0,0,,0,,,2,0,0,0,0,0,-1.55259259231389,0,37,67,455,2,0,0,1006,111,21,5.84269392564163,0,0.452286282306163,0.140756302521008,0.232978230662344,0.374219215245153,1,63.5,100.5
2013,REG+POST,00-0025464,,Matt Spaeth,TE,TE,"https://static.www.nfl.com/image/private/f_auto,q_auto/league/wywcnns8be7rzlrwnjwh",2,PIT,0,0,0,0,0,0,0,0,0,0,0,0,,0,,,0,0,0,0,0,0,,0,1,2,11,1,0,0,16,0,1,1.75916068995139,0,0.6875,0.037037037037037,0.0390243902439024,0.0828726287262873,0,7.1,8.1
2013,REG+POST,00-0025465,,James Jones,WR,WR,,15,GB,0,0,0,0,0,0,0,0,0,0,0,0,,0,,,0,0,0,0,0,0,,0,61,98,837,3,2,0,1067,369,30,20.0818870232891,0,0.784442361761949,0.189555125725339,0.259990253411306,0.466325865975922,0,101.7,162.7
2013,REG+POST,00-0025487,,Michael Bush,RB,RB,,14,CHI,0,0,0,0,0,0,0,0,0,0,0,0,,0,,,63,197,3,0,0,10,-11.8873597747297,0,4,8,48,1,0,0,12,47,2,-3.23917232209351,0,4.0,0.0365296803652968,0.0088235294117647,0.0609709911361805,0,48.5,52.5
2013,REG+POST,00-0025513,,Dashon Goldson,DB,DB,"https://static.www.nfl.com/image/private/f_auto,q_auto/league/wkw6tgmp3xngaiqhe44h",1,TB,0,0,0,0,0,0,0,0,0,0,0,0,,0,,,1,22,0,0,0,1,2.9571149838157,0,0,0,0,0,0,0,0,0,0,,0,,,,,0,2.2,2.2
2013,REG+POST,00-0025516,,Scott Chandler,TE,TE,"https://static.www.nfl.com/image/private/f_auto,q_auto/league/zktr2miqzub2buwa19x7",16,BUF,0,0,0,0,0,0,0,0,0,0,0,0,,0,,,0,0,0,0,0,0,,0,53,81,655,2,1,1,718,277,26,16.7144256228477,0,0.912256267409471,0.15606936416185,0.159697508896797,0.345892302470533,0,75.5,128.5
2013,REG+POST,00-0025524,,Le'Ron McClain,FB,RB,,10,LAC,0,0,0,0,0,0,0,0,0,0,0,0,,0,,,12,32,0,0,0,7,0.89391085045645,0,2,3,-7,0,0,0,2,-9,0,-1.11629197216826,0,-3.5,0.0394736842105263,0.0051413881748072,0.0628094980381545,0,2.5,4.5
2013,REG+POST,00-0025542,,Dante Rosario,TE,TE,,3,CHI,0,0,0,0,0,0,0,0,0,0,0,0,,0,,,0,0,0,0,0,0,,0,1,4,13,0,0,0,14,15,1,-0.822022940497845,0,0.928571428571429,0.0338983050847458,0.0132200188857413,0.0601014708471375,0,1.3,2.3
2013,REG+POST,00-0025549,B.Celek,Brent Celek,TE,TE,"https://static.www.nfl.com/image/private/f_auto,q_auto/league/mit6ahic4gkdhy1hkejt",17,PHI,0,0,0,0,0,0,0,0,0,0,0,0,,0,,,0,0,0,0,0,0,,0,34,54,518,6,1,1,446,283,23,15.9057738421826,0,1.16143497757848,0.102661596958175,0.0862502417327403,0.214367564650181,0,85.8,119.8
2013,REG+POST,00-0025612,,Brandon Fields,P,SPEC,"https://static.www.nfl.com/image/private/f_auto,q_auto/league/wanoipfufy1xfdlzg5ex",1,MIA,0,0,0,0,0,0,0,0,0,0,0,0,,0,,,1,0,0,1,1,0,-3.65876054938417,0,0,0,0,0,0,0,0,0,0,,0,,,,,0,-2.0,-2.0
2013,REG+POST,00-0025631,,Jason Snelling,FB,RB,,13,ATL,0,0,0,0,0,0,0,0,0,0,0,0,,0,,,44,164,1,0,0,9,-4.87531336422096,0,28,33,224,3,0,0,50,183,11,8.515501140683,0,4.48,0.0668016194331984,0.0146498681511866,0.110457336855628,0,62.8,90.8
2013,REG+POST,00-0025637,,Ahmad Bradshaw,RB,RB,"https://static.www.nfl.com/image/private/f_auto,q_auto/league/vlgcz2so2urjgowxz3tz",3,IND,0,0,0,0,0,0,0,0,0,0,0,0,,0,,,41,186,2,0,0,11,2.15578508173348,0,7,8,42,0,0,0,-1,39,2,1.2923137616576,0,-42.0,0.0869565217391304,-0.0012180267965895,0.129582163851083,0,34.8,41.8
2013,REG+POST,00-0025701,,Jackie Battle,RB,RB,,8,TEN,0,0,0,0,0,0,0,0,0,0,0,0,,0,,,36,142,1,0,0,7,-9.00844811284333,0,4,5,36,0,0,0,2,40,1,-1.27575591071859,0,18.0,0.0378787878787879,0.0016181229773462,0.0579508679023242,0,23.8,27.8
2013,REG+POST,00-0025708,M.Moore,Matt Moore,QB,QB,"https://static.www.nfl.com/image/private/f_auto,q_auto/league/h04zarfikqlgerdftbgp",1,MIA,2,6,53,0,2,0,0,1,0,117,13,1,-2.10769753379282,0,0.452991452991453,-0.0637547669504907,0,0,0,0,0,0,,0,0,0,0,0,0,0,0,0,0,,0,,,,,0,-1.88,-1.88
2013,REG+POST,00-0025825,B.Kern,Brett Kern,P,SPEC,"https://static.www.nfl.com/image/private/f_auto,q_auto/league/dbph1kuozunx3aorpeiw",2,TEN,0,0,0,0,0,0,0,0,0,0,0,0,,0,,,2,0,0,2,0,0,-6.10846096172463,0,0,0,0,0,0,0,0,0,0,,0,,,,,0,0.0,0.0
2013,REG+POST,00-0025860,,BenJarvus Green-Ellis,RB,RB,,17,CIN,0,0,0,0,0,0,0,0,0,0,0,0,,0,,,228,798,7,2,2,52,-21.4219822775049,0,4,8,22,0,0,0,25,8,1,-2.31830472208094,0,0.88,0.0340425531914894,0.0135354629128316,0.0605386538262162,0,120.0,124.0
2013,REG+POST,00-0025951,,Darius Reynaud,WR,WR,,2,TEN,0,0,0,0,0,0,0,0,0,0,0,0,,0,,,1,0,0,0,0,0,-1.70844227075577,0,1,2,4,0,0,0,3,6,0,-1.46569441817701,0,1.33333333333333,0.0487804878048781,0.0072992700729927,0.078280220758412,0,0.4,1.4
2013,REG+POST,00-0026000,,Davone Bess,WR,WR,,14,CLE,0,0,0,0,0,0,0,0,0,0,0,0,,0,,,0,0,0,0,0,0,,0,42,86,362,2,0,0,524,149,23,-11.0402706557468,1,0.690839694656489,0.146010186757216,0.107575446520222,0.294318092699979,0,50.2,92.2
2013,REG+POST,00-0026008,,Matthew Mulligan,TE,TE,"https://static.www.nfl.com/image/private/f_auto,q_auto/league/okuwvdnxk6weqzz3tglf",4,NE,0,0,0,0,0,0,0,0,0,0,0,0,,0,,,0,0,0,0,0,0,,0,3,4,22,1,0,0,15,23,1,0.90185045322869,0,1.46666666666667,0.0251572327044025,0.0115830115830116,0.0458439571647119,0,8.2,11.2
2013,REG+POST,00-0026019,D.Woodhead,Danny Woodhead,RB,RB,"https://static.www.nfl.com/image/private/f_auto,q_auto/league/gorlqe0etvc8ek5wob7j",18,LAC,0,0,0,0,0,0,0,0,0,0,0,0,,0,,,130,512,3,1,1,28,-3.72191298688995,0,81,94,629,6,1,1,176,482,33,27.2964629831759,0,3.57386363636364,0.162629757785467,0.038698328935796,0.271033466933258,0,164.1,245.1
2013,REG+POST,00-0026035,D.Amendola,Danny Amendola,WR,WR,"https://static.www.nfl.com/image/private/f_auto,q_auto/league/etz06w7s0ardf49mnayz",14,NE,0,0,0,0,0,0,0,0,0,0,0,0,,0,,,1,1,0,0,0,0,-1.17757017153781,0,57,89,710,2,0,0,747,268,40,33.9398276551796,0,0.950468540829987,0.168241965973535,0.168394950405771,0.370239414244342,0,83.1,140.1
2013,REG+POST,00-0026069,M.Tolbert,Mike Tolbert,FB,RB,"https://static.www.nfl.com/image/private/f_auto,q_auto/league/frwhwdhbcteyg7xjha7a",17,CAR,0,0,0,0,0,0,0,0,0,0,0,0,,0,,,109,381,5,0,0,33,-4.96639655524856,0,27,32,184,2,0,0,-4,192,10,7.81046630455626,0,-46.0,0.0810126582278481,-0.0012161751292186,0.120667664751319,0,98.5,125.5
2013,REG+POST,00-0026072,,Jed Collins,FB,RB,,15,NO,0,0,0,0,0,0,0,0,0,0,0,0,,0,,,15,45,1,0,0,9,6.06288183576544,0,14,19,54,0,0,0,-5,61,3,-3.53489225066733,0,-10.8,0.0335689045936396,-0.0011882129277566,0.0495216078410297,0,15.9,29.9
2013,REG+POST,00-0026143,M.Ryan,Matt Ryan,QB,QB,"https://static.www.nfl.com/image/private/f_auto,q_auto/league/s6zam4ekrrnonsck6vak",16,ATL,439,651,4515,26,17,44,298,4,3,4439,2117,225,37.0658542005357,0,1.01712097319216,0.102620299277504,17,55,0,1,1,5,2.02393242455759,0,0,0,0,0,0,0,0,0,0,,0,,,,,0,248.1,248.1
2013,REG+POST,00-0026144,D.McFadden,Darren McFadden,RB,RB,"https://static.www.nfl.com/image/private/f_auto,q_auto/league/bfvionxxsfckmjqtw4kv",10,LV,1,1,16,1,0,0,0,0,0,16,0,1,2.5105038335314,0,1.0,,114,379,5,1,1,16,-23.1542238920958,0,17,25,108,0,0,0,24,125,3,1.01639178510837,0,4.5,0.0865051903114187,0.0096463022508038,0.136510197042691,0,81.34,98.34
2013,REG+POST,00-0026153,J.Stewart,Jonathan Stewart,RB,RB,"https://static.www.nfl.com/image/private/f_auto,q_auto/league/dzvxfj3xrgnzc3jbag2n",6,CAR,0,0,0,0,0,0,0,0,0,0,0,0,,0,,,48,180,0,1,0,7,-5.3126664062147,0,7,7,44,0,0,0,2,42,3,1.72597843786934,0,22.0,0.0518518518518519,0.0016246953696182,0.0789150645365105,0,22.4,29.4
2013,REG+POST,00-0026158,J.Flacco,Joe Flacco,QB,QB,"https://static.www.nfl.com/image/upload/f_auto,q_auto/league/yxvyoeojkif7tnfviamc",16,BAL,362,614,3912,19,22,48,324,8,2,5754,1750,189,-35.6445458961708,2,0.679874869655892,0.0480042165026718,27,131,1,0,0,11,15.9069694770151,0,0,0,0,0,0,0,0,0,0,,0,,,,,0,207.58,207.58
2013,REG+POST,00-0026162,,Felix Jones,RB,RB,,14,PIT,0,0,0,0,0,0,0,0,0,0,0,0,,0,,,48,184,0,1,1,9,-8.57807661810115,0,9,13,63,0,0,0,21,43,2,0.741826959040827,0,3.0,0.0439189189189189,0.0082905645479668,0.0716817735619552,0,22.7,31.7
2013,REG+POST,00-0026163,,Rashard Mendenhall,RB,RB,,15,ARI,0,0,0,0,0,0,0,0,0,0,0,0,,0,,,217,687,8,4,3,43,-31.9535830807397,1,18,21,134,0,0,0,-11,141,5,3.96321296982933,0,-12.1818181818182,0.0522388059701493,-0.00304203539823,0.0762287841764628,0,126.1,144.1
2013,REG+POST,00-0026164,C.Johnson,Chris Johnson,RB,RB,"https://static.www.nfl.com/image/private/f_auto,q_auto/league/ryf9nc84eovvdbf0cz79",16,TEN,0,0,0,0,0,0,0,0,0,0,0,0,,0,,,279,1077,6,2,1,54,-23.1383944213435,0,42,52,345,4,1,1,-43,396,10,8.74991934791041,0,-8.02325581395349,0.102766798418972,-0.0094880847308031,0.147508538316896,0,198.2,240.2
2013,REG+POST,00-0026173,,Donnie Avery,WR,WR,,16,KC,0,0,0,0,0,0,0,0,0,0,0,0,,0,,,2,6,0,0,0,0,-0.614276475738734,0,41,75,675,3,1,1,917,218,26,29.066377753712,0,0.736095965103599,0.137362637362637,0.253595132743363,0.38356054896431,0,84.1,125.1
2013,REG+POST,00-0026176,J.Nelson,Jordy Nelson,WR,WR,"https://static.www.nfl.com/image/private/f_auto,q_auto/league/bde2n4ozsakatgs4yyp2",17,GB,0,0,0,0,0,0,0,0,0,0,0,0,,0,,,0,0,0,0,0,0,,0,92,135,1376,9,0,0,1466,424,63,61.0362679264187,0,0.938608458390177,0.233160621761658,0.324551693601948,0.576927118163851,0,191.6,283.6
2013,REG+POST,00-0026178,,John Carlson,TE,TE,,13,MIN,0,0,0,0,0,0,0,0,0,0,0,0,,0,,,0,0,0,0,0,0,,0,32,47,344,1,0,0,327,153,19,8.92395762470047,0,1.0519877675841,0.106818181818182,0.0861660079051383,0.22054347826087,0,40.4,72.4
2013,REG+POST,00-0026182,,Eddie Royal,WR,WR,"https://static.www.nfl.com/image/private/f_auto,q_auto/league/xoejgvlit9inmaazsvk4",17,LAC,0,0,0,0,0,0,0,0,0,0,0,0,,0,,,4,30,0,0,0,1,0.961056197993457,0,49,71,694,8,0,0,737,357,35,47.725106029818,0,0.941655359565807,0.13921568627451,0.180858895705521,0.33542475640563,0,120.4,169.4
2013,REG+POST,00-0026184,M.Forte,Matt Forte,RB,RB,"https://static.www.nfl.com/image/private/f_auto,q_auto/league/olqssssjykcx7tx7xsy3",16,CHI,0,0,0,0,0,0,0,0,0,0,0,0,,0,,,289,1339,9,2,2,74,-4.76770013393758,1,74,94,594,3,0,0,90,515,23,20.7229637100556,0,6.6,0.164912280701754,0.0197498354180382,0.261193305845258,0,263.3,337.3
2013,REG+POST,00-0026186,,Jerome Simpson,WR,WR,,16,MIN,0,0,0,0,0,0,0,0,0,0,0,0,,0,,,0,0,0,0,0,0,,0,48,100,726,1,1,0,1388,170,35,1.66619680494039,0,0.523054755043228,0.186915887850467,0.300367885739018,0.490631351793013,0,78.6,126.6
2013,REG+POST,00-0026188,,Fred Davis,TE,TE,,7,WAS,0,0,0,0,0,0,0,0,0,0,0,0,,0,,,0,0,0,0,0,0,,0,7,18,70,1,0,0,186,21,5,0.150241762632504,0,0.376344086021505,0.0669144981412639,0.0828138913624221,0.158341471165591,0,13.0,20.0
2013,REG+POST,00-0026189,D.Jackson,DeSean Jackson,WR,WR,"https://static.www.nfl.com/image/private/f_auto,q_auto/league/pr5m864fqvnoozihylrh",17,PHI,0,0,0,0,0,0,0,0,0,0,0,0,,0,,,3,2,0,0,0,0,-1.46324934338918,0,85,131,1385,9,1,0,1742,497,62,85.0384804326222,0,0.795063145809415,0.249049429657795,0.336878746857474,0.609389267286924,0,192.7,277.7
2013,REG+POST,00-0026195,,Ray Rice,RB,RB,,15,BAL,0,0,0,0,0,0,0,0,0,0,0,0,,0,,,214,660,4,2,2,28,-52.7649112066092,1,58,73,321,0,0,0,9,367,13,-8.22197186581346,0,35.6666666666667,0.123728813559322,0.0017264530980241,0.1868017375076,0,120.1,178.1
2013,REG+POST,00-0026197,C.Henne,Chad Henne,QB,QB,"https://static.www.nfl.com/image/private/f_auto,q_auto/league/ornr9pcnzveqlntqc7jx",15,JAX,305,503,3241,13,14,38,243,1,0,3266,1801,151,-33.6087461201781,0,0.992345376607471,0.0199705232044197,27,77,0,1,0,7,-8.49288248470437,0,0,0,0,0,0,0,0,0,0,,0,,,,,0,161.34,161.34
2013,REG+POST,00-0026201,M.Bennett,Martellus Bennett,TE,TE,"https://static.www.nfl.com/image/private/f_auto,q_auto/league/repls3tq1d4jnvwmaqia",16,CHI,0,0,0,0,0,0,0,0,0,0,0,0,,0,,,0,0,0,0,0,0,,0,65,94,759,5,1,1,647,370,40,27.6494298849525,0,1.17310664605873,0.164912280701754,0.129244906112665,0.337839855331497,0,103.9,168.9
2013,REG+POST,00-0026210,,Earl Bennett,WR,WR,,14,CHI,0,0,0,0,0,0,0,0,0,0,0,0,,0,,,0,0,0,0,0,0,,0,32,43,243,4,0,0,327,61,13,3.60828874599986,1,0.743119266055046,0.0849802371541502,0.0745214220601641,0.17963535117334,0,50.3,82.3
2013,REG+POST,00-0026213,J.Charles,Jamaal Charles,RB,RB,"https://static.www.nfl.com/image/private/f_auto,q_auto/league/mdrlzgankwwjldxllgcx",16,KC,0,0,0,0,0,0,0,0,0,0,0,0,,0,,,262,1305,12,4,2,73,5.58352926724444,0,70,104,693,7,0,0,136,657,32,20.6389663147618,0,5.09558823529412,0.205940594059406,0.0406820221358062,0.337388306584173,0,309.8,379.8
2013,REG+POST,00-0026224,H.Douglas,Harry Douglas,WR,WR,"https://static.www.nfl.com/image/private/f_auto,q_auto/league/hblmz1iaov5vqx7cd9cv",16,ATL,0,0,0,0,0,0,0,0,0,0,0,0,,0,,,0,0,0,0,0,0,,0,85,132,1067,2,2,1,1107,514,47,18.2523651593778,0,0.96386630532972,0.203703703703704,0.250565866908103,0.480951662391228,0,116.7,201.7
2013,REG+POST,00-0026225,,Craig Stevens,TE,TE,,6,TEN,0,0,0,0,0,0,0,0,0,0,0,0,,0,,,0,0,0,0,0,0,,0,2,6,5,0,0,0,28,3,0,-3.75092198560014,0,0.178571428571429,0.0327868852459016,0.018348623853211,0.0620243645661002,0,0.5,2.5
2013,REG+POST,00-0026231,,Jermichael Finley,TE,TE,,6,GB,0,0,0,0,0,0,0,0,0,0,0,0,,0,,,0,0,0,0,0,0,,0,25,34,300,3,0,0,203,225,13,11.8374435260827,0,1.47783251231527,0.15962441314554,0.113789237668161,0.319089086086023,0,48.0,73.0
2013,REG+POST,00-0026235,,Mario Manningham,WR,WR,,5,SF,0,0,0,0,0,0,0,0,0,0,0,0,,0,,,0,0,0,0,0,0,,0,9,23,85,0,0,0,207,17,5,-4.0426536739605,0,0.410628019323671,0.172932330827068,0.165203511572227,0.37504095434116,0,8.5,17.5
2013,REG+POST,00-0026237,,Andre Caldwell,WR,WR,,14,DEN,0,0,0,0,0,0,0,0,0,0,0,0,,0,,,1,7,0,0,0,0,0.163423272198997,0,18,32,226,3,0,0,449,49,13,14.1223467628536,0,0.503340757238307,0.0585009140767825,0.11210986267166,0.166228274985336,0,41.3,59.3
2013,REG+POST,00-0026257,Q.Demps,Quintin Demps,SS,DB,"https://static.www.nfl.com/image/private/f_auto,q_auto/league/qjmlprqtukd45wqsaif6",1,KC,0,0,0,0,0,0,0,0,0,0,0,0,,0,,,0,0,0,0,0,0,,0,0,0,0,0,0,0,0,0,0,,0,,,,,1,6.0,6.0
2013,REG+POST,00-0026262,,Tashard Choice,RB,RB,,13,IND,0,0,0,0,0,0,0,0,0,0,0,0,,0,,,46,170,0,0,0,8,-3.94627827349414,0,5,9,15,0,0,0,-16,22,1,-5.65388998325216,0,-0.9375,0.0358565737051793,-0.0073834794646977,0.0486164249324805,0,18.5,23.5
2013,REG+POST,00-0026267,,Jacob Tamme,TE,TE,"https://static.www.nfl.com/image/private/f_auto,q_auto/league/kfyqh9qmtwufzixwuoo2",11,DEN,0,0,0,0,0,0,0,0,0,0,0,0,,0,,,0,0,0,0,0,0,,0,24,29,217,2,0,0,184,94,17,15.4080994477699,0,1.17934782608696,0.0602910602910603,0.0471553049718093,0.123445303916857,0,33.7,57.7
2013,REG+POST,00-0026281,,Gary Barnidge,TE,TE,"https://static.www.nfl.com/image/private/f_auto,q_auto/league/qhfzxti66ga02dok4etx",12,CLE,0,0,0,0,0,0,0,0,0,0,0,0,,0,,,0,0,0,0,0,0,,0,13,18,127,2,0,0,83,91,6,5.80945705462364,0,1.53012048192771,0.0368852459016393,0.0212656930566231,0.0702138539920952,0,24.7,37.7
2013,REG+POST,00-0026286,,Jerome Felton,FB,RB,"https://static.www.nfl.com/image/private/f_auto,q_auto/league/mkg1584egfz8psc6gca7",6,MIN,0,0,0,0,0,0,0,0,0,0,0,0,,0,,,0,0,0,0,0,0,,0,6,8,37,0,0,0,20,23,3,1.4086625885684,0,1.85,0.0353982300884956,0.0126182965299685,0.0619301527037213,0,3.7,9.7
2013,REG+POST,00-0026293,M.Slater,Matt Slater,WR,WR,"https://static.www.nfl.com/image/private/f_auto,q_auto/league/cs1ojdzhxjuanbw6vflv",1,NE,0,0,0,0,0,0,0,0,0,0,0,0,,0,,,0,0,0,0,0,0,,0,0,1,0,0,0,0,33,0,0,-1.45304512185976,0,0.0,0.0263157894736842,0.0854922279792746,0.0993182437960185,0,0.0,0.0
2013,REG+POST,00-0026298,,Kellen Davis,TE,TE,"https://static.www.nfl.com/image/private/f_auto,q_auto/league/bftuje5hq6fnlmpc0uhy",3,SEA,0,0,0,0,0,0,0,0,0,0,0,0,,0,,,0,0,0,0,0,0,,0,3,4,32,1,0,0,34,10,2,2.25491165305721,0,0.941176470588235,0.0454545454545455,0.0452127659574468,0.0998307543520309,0,9.2,12.2
2013,REG+POST,00-0026300,J.Johnson,Josh Johnson,QB,QB,"https://static.www.nfl.com/image/upload/f_auto,q_auto/league/gbaye18gptzb1jpyswv8",2,CIN,0,0,0,0,0,0,0,0,0,0,0,0,,0,,,7,20,0,1,0,2,-0.589685063576326,0,0,0,0,0,0,0,0,0,0,,0,,,,,0,2.0,2.0
2013,REG+POST,00-0026314,,Josh Morgan,WR,WR,,13,WAS,0,0,0,0,0,0,0,0,0,0,0,0,,0,,,2,13,0,0,0,1,1.02846529940143,0,20,33,214,0,0,0,272,95,13,0.986777266312856,0,0.786764705882353,0.0674846625766871,0.0730397422126746,0.152354813413903,0,22.7,42.7
2013,REG+POST,00-0026317,,Corey Lynch,DB,DB,,1,IND,0,0,0,0,0,0,0,0,0,0,0,0,,0,,,1,3,0,0,0,0,-2.09201778261922,0,0,0,0,0,0,0,0,0,0,,0,,,,,0,0.3,0.3
2013,REG+POST,00-0026345,P.Garcon,Pierre Garcon,WR,WR,"https://static.www.nfl.com/image/private/f_auto,q_auto/league/xwjogot7xrfj9qwhsgtn",16,WAS,0,0,0,0,0,0,0,0,0,0,0,0,,0,,,2,19,0,0,0,1,1.70351112354547,0,113,181,1346,5,1,1,1651,661,60,26.6350453242024,0,0.8152634766808,0.302170283806344,0.322083495903238,0.678713872841783,0,164.5,277.5
2013,REG+POST,00-0026349,,Matt Flynn,QB,QB,"https://static.www.nfl.com/image/private/f_auto,q_auto/league/goh8anyqhyvmkfmfbejp",7,GB,124,200,1392,8,5,24,135,3,3,1424,721,69,-25.6549666198581,0,0.97752808988764,0.0325289806770584,20,65,0,4,3,3,-11.8197365339101,0,0,0,0,0,0,0,0,0,0,,0,,,,,0,72.18,72.18
2013,REG+POST,00-0026364,,Steve Johnson,WR,WR,"https://static.www.nfl.com/image/private/f_auto,q_auto/league/vlyzq1v53slatimy6v5q",12,BUF,0,0,0,0,0,0,0,0,0,0,0,0,,0,,,1,10,0,0,0,1,1.14964372123359,0,52,101,597,3,1,1,889,211,33,-11.6735547702072,1,0.671541057367829,0.248768472906404,0.257085020242915,0.553112223529646,0,78.7,130.7
2013,REG+POST,00-0026367,,Peyton Hillis,RB,RB,,7,NYG,0,0,0,0,0,0,0,0,0,0,0,0,,0,,,73,247,2,1,0,12,-7.18934801980504,0,13,21,96,0,1,1,-4,103,5,-3.44499867293559,0,-24.0,0.10880829015544,-0.0032388663967611,0.160945228755428,0,44.3,57.3
2013,REG+POST,00-0026373,,Justin Forsett,RB,RB,"https://static.www.nfl.com/image/private/f_auto,q_auto/league/o86dvbcs8dcubcpj6fnu",8,JAX,0,0,0,0,0,0,0,0,0,0,0,0,,0,,,6,31,0,0,0,1,-0.921743681596419,0,15,16,82,0,1,0,-28,108,5,-5.44818546116585,0,-2.92857142857143,0.0606060606060606,-0.0191256830601093,0.0775211127670144,0,11.3,26.3
2013,REG+POST,00-0026393,M.Reece,Marcel Reece,FB,RB,"https://static.www.nfl.com/image/private/f_auto,q_auto/league/nqy3arwxgk4lwh3pfrr3",16,LV,1,1,22,0,0,0,0,0,0,10,12,1,3.84682386787608,0,2.2,,46,218,2,0,0,8,2.34541740105487,0,32,54,331,2,0,0,230,227,12,-6.5335140755849,0,1.43913043478261,0.110429447852761,0.0574138791812282,0.205833887206001,0,79.78,111.78
2013,REG+POST,00-0026498,M.Stafford,Matthew Stafford,QB,QB,"https://static.www.nfl.com/image/upload/f_auto,q_auto/league/xdlnnbapdbk8trxqlasu",16,DET,371,634,4650,29,19,23,168,4,2,5241,2270,221,56.6230737605955,2,0.88723526044648,0.0702114768851581,37,69,2,8,2,12,-7.63205999977072,0,0,0,0,0,0,0,0,0,0,,0,,,,,0,278.9,278.9
2013,REG+POST,00-0026544,C.Daniel,Chase Daniel,QB,QB,"https://static.www.nfl.com/image/private/f_auto,q_auto/league/jt8fvgeyuhsbpo9m9t4x",5,KC,25,38,248,1,1,2,11,0,0,193,148,14,2.54770822392704,0,1.28497409326425,0.104845482527091,14,52,0,0,0,3,-2.31734131177655,0,0,0,0,0,0,0,0,0,0,,0,,,,,0,17.12,17.12
2013,REG+POST,00-0026557,,Will Ta'ufo'ou,FB,RB,,9,JAX,0,0,0,0,0,0,0,0,0,0,0,0,,0,,,1,1,0,0,0,0,-2.35214264295064,0,10,15,40,0,0,0,22,37,1,-2.56015918933554,0,1.81818181818182,0.0454545454545455,0.0101429230059935,0.0752818642860137,0,4.1,14.1
2013,REG+POST,00-0026566,,Isaac Redman,RB,RB,,2,PIT,0,0,0,0,0,0,0,0,0,0,0,0,,0,,,10,12,0,1,0,0,-5.15342965989839,0,4,5,14,0,0,0,6,9,1,-2.08784404714243,0,2.33333333333333,0.072463768115942,0.0083798882681564,0.114561573961623,0,2.6,6.6
2013,REG+POST,00-0026577,,Marcus Thigpen,WR,WR,"https://static.www.nfl.com/image/private/f_auto,q_auto/league/yjyhu6hejsynzkfiayqm",10,MIA,0,0,0,0,0,0,0,0,0,0,0,0,,0,,,6,18,0,0,0,1,-1.53517170733539,0,8,11,97,1,0,0,26,75,4,7.12653135805944,0,3.73076923076923,0.0376712328767123,0.0093023255813953,0.0630184772220452,0,17.5,25.5
2013,REG+POST,00-0026625,B.Hoyer,Brian Hoyer,QB,QB,"https://static.www.nfl.com/image/private/f_auto,q_auto/league/japt3mj2xctm7saqndxn",3,CLE,57,96,615,5,3,6,48,0,0,774,312,33,-1.34176506812194,0,0.794573643410853,0.0307914607149753,6,16,0,0,0,1,-1.51092599279946,0,0,0,0,0,0,0,0,0,0,,0,,,,,0,40.2,40.2
2013,REG+POST,00-0026644,,Josh Vaughan,RB,RB,,1,ATL,0,0,0,0,0,0,0,0,0,0,0,0,,0,,,1,1,0,0,0,0,-0.0164417749620043,0,1,1,-5,0,0,0,-5,0,0,-1.00521905208007,0,1.0,0.0232558139534884,-0.0158730158730159,0.0237726098191214,0,-0.4,0.6
2013,REG+POST,00-0026699,,Kevin Brock,TE,TE,,4,KC,0,0,0,0,0,0,0,0,0,0,0,0,,0,,,0,0,0,0,0,0,,0,3,6,36,0,0,0,51,4,1,0.58582612266764,0,0.705882352941177,0.0422535211267606,0.053347280334728,0.10072337792445,0,3.6,6.6
2013,REG+POST,00-0026757,,Kory Sperry,TE,TE,,1,ARI,0,0,0,0,0,0,0,0,0,0,0,0,,0,,,0,0,0,0,0,0,,0,1,1,16,0,0,0,16,0,1,1.03024847991765,0,1.0,0.025,0.0415584415584416,0.0665909090909091,0,1.6,2.6
2013,REG+POST,00-0026780,,Kevin Ogletree,WR,WR,,11,DET,0,0,0,0,0,0,0,0,0,0,0,0,,0,,,0,0,0,0,0,0,,0,21,45,269,2,0,0,576,90,15,4.66579141087485,0,0.467013888888889,0.107913669064748,0.15217965653897,0.268396263174401,0,38.9,59.9
2013,REG+POST,00-0026796,,Arian Foster,RB,RB,,8,HOU,0,0,0,0,0,0,0,0,0,0,0,0,,0,,,121,542,1,0,0,31,-2.17297053803136,1,22,35,183,1,0,0,-14,209,6,-7.51709192834096,0,-13.0714285714286,0.12280701754386,-0.0071065989847715,0.179235907026449,0,86.5,108.5
2013,REG+POST,00-0026852,D.Young,Darrel Young,FB,RB,"https://static.www.nfl.com/image/private/f_auto,q_auto/league/znfzmkdrjpzxrhv8j0r7",9,WAS,0,0,0,0,0,0,0,0,0,0,0,0,,0,,,12,41,3,0,0,7,5.94776119472226,0,4,9,71,1,0,0,55,40,1,2.45751564297825,0,1.29090909090909,0.05,0.0481189851268591,0.108683289588801,0,35.2,39.2
2013,REG+POST,00-0026855,,Antone Smith,RB,RB,"https://static.www.nfl.com/image/private/f_auto,q_auto/league/m45j6r43nwv5bsy0ooyo",4,ATL,0,0,0,0,0,0,0,0,0,0,0,0,,0,,,5,145,2,0,0,4,12.4711444502464,0,2,3,10,0,0,0,46,5,0,-2.26488866151371,0,0.217391304347826,0.0333333333333333,0.061744966442953,0.0932214765100671,0,27.5,29.5
2013,REG+POST,00-0026878,,Tom Crabtree,TE,TE,,5,TB,0,0,0,0,0,0,0,0,0,0,0,0,,0,,,0,0,0,0,0,0,,0,4,7,21,1,0,0,36,13,2,0.255159979686141,0,0.583333333333333,0.0391061452513967,0.0247933884297521,0.0760145897779214,0,8.1,12.1
2013,REG+POST,00-0026899,,Shonn Greene,RB,RB,,11,TEN,0,0,0,0,0,0,0,0,0,0,0,0,,0,,,77,295,4,0,0,18,-0.609683728804694,0,6,7,39,0,0,0,-23,61,1,-1.93123130052118,0,-1.69565217391304,0.0419161676646707,-0.0172284644194757,0.050814326403373,0,57.4,63.4
2013,REG+POST,00-0026901,M.Wallace,Mike Wallace,WR,WR,"https://static.www.nfl.com/image/private/f_auto,q_auto/league/dy9z5wbsitf6l9psjq4y",16,MIA,0,0,0,0,0,0,0,0,0,0,0,0,,0,,,3,33,0,0,0,2,2.34975359181408,0,73,141,930,5,0,0,2215,273,46,12.9539810533737,0,0.419864559819413,0.242268041237113,0.390583671310175,0.636810631772792,0,126.3,199.3
2013,REG+POST,00-0026926,,Frank Summers,FB,RB,,8,BUF,0,0,0,0,0,0,0,0,0,0,0,0,,0,,,12,46,1,0,0,3,0.053105298207019,0,7,8,79,1,0,0,28,56,5,5.60980265412945,0,2.82142857142857,0.0493827160493827,0.0201438848920863,0.0881747934985345,0,24.5,31.5
2013,REG+POST,00-0026931,,Bear Pascoe,TE,TE,,11,NYG,0,0,0,0,0,0,0,0,0,0,0,0,,0,,,1,2,0,0,0,0,-0.356202098424546,0,12,20,81,0,0,0,96,48,3,-3.4291385950055,0,0.84375,0.0527704485488127,0.0263953808083585,0.09763243938907,0,8.3,20.3
2013,REG+POST,00-0026932,C.Peerman,Cedric Peerman,RB,RB,"https://static.www.nfl.com/image/private/f_auto,q_auto/league/a2vztwdw7rtpl9q9hzds",2,CIN,0,0,0,0,0,0,0,0,0,0,0,0,,0,,,8,17,0,0,0,0,-3.24812618910801,0,0,0,0,0,0,0,0,0,0,,0,,,,,0,1.7,1.7
2013,REG+POST,00-0026937,,Brandon Gibson,WR,WR,"https://static.www.nfl.com/image/private/f_auto,q_auto/league/surhprm3dsmqjollulmn",7,MIA,0,0,0,0,0,0,0,0,0,0,0,0,,0,,,0,0,0,0,0,0,,0,30,43,326,3,0,0,373,113,19,14.5530359632225,0,0.873994638069705,0.1699604743083,0.155741127348643,0.363959500606501,0,50.6,80.6
2013,REG+POST,00-0026941,,Bernard Scott,RB,RB,,2,BAL,0,0,0,0,0,0,0,0,0,0,0,0,,0,,,4,14,0,0,0,0,-1.30358416214585,0,2,2,10,0,0,0,1,9,0,0.600279930513352,0,10.0,0.0222222222222222,0.0023980815347721,0.0350119904076739,0,2.4,4.4
2013,REG+POST,00-0026956,,LaRod Stephens-Howling,RB,RB,,1,PIT,0,0,0,0,0,0,0,0,0,0,0,0,,0,,,6,19,0,0,0,0,-2.02834195294417,0,2,3,11,0,0,0,2,11,0,-1.35938760545105,0,5.5,0.0909090909090909,0.0069204152249135,0.141207927021076,0,3.0,5.0
2013,REG+POST,00-0026957,D.Johnson,David Johnson,TE,TE,"https://static.www.nfl.com/image/private/f_auto,q_auto/league/td6y6zc2m3ifhcfd4yz9",4,PIT,0,0,0,0,0,0,0,0,0,0,0,0,,0,,,0,0,0,0,0,0,,0,4,6,70,0,0,0,48,31,3,4.41277452104259,0,1.45833333333333,0.0382165605095541,0.0321285140562249,0.0798148006036887,0,7.0,11.0
2013,REG+POST,00-0026983,D.Heyward-Bey,Darrius Heyward-Bey,WR,WR,"https://static.www.nfl.com/image/private/f_auto,q_auto/league/d5otkkbb0z2rdd2bjatd",13,IND,0,0,0,0,0,0,0,0,0,0,0,0,,0,,,3,26,0,0,0,1,0.360133846639656,0,29,64,309,1,0,0,658,124,16,-10.2871743232136,1,0.469604863221885,0.136752136752137,0.164747120681022,0.32045118960492,0,41.5,70.5
2013,REG+POST,00-0026986,M.Crabtree,Michael Crabtree,WR,WR,"https://static.www.nfl.com/image/private/f_auto,q_auto/league/kcavcmeyaion38ewxwyk",8,SF,0,0,0,0,0,0,0,0,0,0,0,0,,0,,,0,0,0,0,0,0,,0,34,61,487,1,1,0,591,193,23,16.9985600768998,0,0.824027072758037,0.274774774774775,0.277725563909774,0.606570056899004,0,54.7,88.7
2013,REG+POST,00-0026988,,Knowshon Moreno,RB,RB,,19,DEN,0,0,0,0,0,0,0,0,0,0,0,0,,0,,,283,1196,11,2,0,64,6.38815953517993,0,66,82,602,3,0,0,137,524,30,29.5983337694665,0,4.39416058394161,0.102756892230576,0.0221611129084439,0.169648117381775,0,263.8,329.8
2013,REG+POST,00-0026993,,Josh Freeman,QB,QB,"https://static.www.nfl.com/image/private/f_auto,q_auto/league/cwcasm6m73fx1mjpjk3n",4,MIN,63,147,761,2,4,8,61,1,1,1579,306,40,-37.2048962108683,0,0.481950601646612,-0.0514557231927824,5,20,0,1,0,1,0.860871840297477,0,0,0,0,0,0,0,0,0,0,,0,,,,,0,30.44,30.44
2013,REG+POST,00-0026996,,Brandon Pettigrew,TE,TE,,14,DET,0,0,0,0,0,0,0,0,0,0,0,0,,0,,,0,0,0,0,0,0,,0,41,63,416,2,1,1,406,188,19,5.99445224687618,0,1.02463054187192,0.114545454545455,0.0850618059920386,0.231361446012609,0,51.6,92.6
2013,REG+POST,00-0026998,,Percy Harvin,WR,WR,"https://static.www.nfl.com/image/private/f_auto,q_auto/league/ly7xvqfvoehf5jqrzzcq",3,SEA,0,0,0,0,0,0,0,0,0,0,0,0,,0,,,3,54,0,0,0,2,4.42334355512867,0,5,7,43,0,0,0,29,17,2,1.13316265394678,0,1.48275862068966,0.111111111111111,0.0524412296564195,0.20337552742616,1,15.7,20.7
2013,REG+POST,00-0027003,,Donald Brown,RB,RB,,17,IND,0,0,0,0,0,0,0,0,0,0,0,0,,0,,,130,655,7,1,0,25,12.3524016284952,0,32,42,264,3,0,0,-38,289,13,3.76273900290993,0,-6.94736842105263,0.0743362831858407,-0.0079216176777152,0.10595929240436,0,151.9,183.9
2013,REG+POST,00-0027005,,Hakeem Nicks,WR,WR,"https://static.www.nfl.com/image/private/f_auto,q_auto/league/nbgeeeuhd0n4zrctfxce",15,NYG,0,0,0,0,0,0,0,0,0,0,0,0,,0,,,0,0,0,0,0,0,,0,56,101,896,0,0,0,1355,267,38,12.2503988630245,0,0.661254612546126,0.190566037735849,0.268636003172086,0.473894258824234,0,89.6,145.6
2013,REG+POST,00-0027006,K.Britt,Kenny Britt,WR,WR,"https://static.www.nfl.com/image/private/f_auto,q_auto/league/joozpvuyykyxjogcg3r5",10,TEN,0,0,0,0,0,0,0,0,0,0,0,0,,0,,,0,0,0,0,0,0,,0,11,35,96,0,0,0,459,13,5,-14.7776872797403,0,0.209150326797386,0.098314606741573,0.139301972685888,0.244983290992481,0,9.6,20.6
2013,REG+POST,00-0027012,,Brian Robiskie,WR,WR,,1,ATL,0,0,0,0,0,0,0,0,0,0,0,0,,0,,,0,0,0,0,0,0,,0,0,1,0,0,0,0,5,0,0,-0.977828151546419,0,0.0,0.04,0.0357142857142857,0.085,0,0.0,0.0
2013,REG+POST,00-0027029,L.McCoy,LeSean McCoy,RB,RB,"https://static.www.nfl.com/image/private/f_auto,q_auto/league/cpc1a2dgivdyevuncz7p",17,PHI,0,0,0,0,0,0,0,0,0,0,0,0,,0,,,335,1684,10,1,1,85,12.31588857286,0,56,69,554,2,0,0,-39,599,23,15.9665407592883,0,-14.2051282051282,0.131178707224335,-0.0082261126344653,0.191009781992376,0,293.8,349.8
2013,REG+POST,00-0027057,B.Tate,Brandon Tate,WR,WR,"https://static.www.nfl.com/image/private/f_auto,q_auto/league/uzpf58ijo44jfqakwv83",2,CIN,0,0,0,0,0,0,0,0,0,0,0,0,,0,,,0,0,0,0,0,0,,0,1,2,6,0,0,0,13,0,0,-0.0679586214246228,0,0.461538461538462,0.0289855072463768,0.0236794171220401,0.0600538528549933,0,0.6,1.6
2013,REG+POST,00-0027061,J.Cook,Jared Cook,TE,TE,"https://static.www.nfl.com/image/private/f_auto,q_auto/league/cthoenebptadlu4g928v",16,LA,0,0,0,0,0,0,0,0,0,0,0,0,,0,,,0,0,0,0,0,0,,0,51,86,671,5,1,1,806,260,34,4.61204757138696,0,0.832506203473946,0.170974155069583,0.209513906940473,0.403120967462705,0,95.1,146.1
2013,REG+POST,00-0027069,,Chase Coffman,TE,TE,,1,ATL,0,0,0,0,0,0,0,0,0,0,0,0,,0,,,0,0,0,0,0,0,,0,0,2,0,0,0,0,22,0,0,-4.42193536076229,0,0.0,0.0338983050847458,0.0582010582010582,0.0915881983678594,0,0.0,0.0
2013,REG+POST,00-0027077,,Brian Hartline,WR,WR,"https://static.www.nfl.com/image/private/f_auto,q_auto/league/vuqaw5utqkgyqtp7hwbu",16,MIA,0,0,0,0,0,0,0,0,0,0,0,0,,0,,,0,0,0,0,0,0,,0,76,133,1016,4,0,0,1485,269,53,22.1985476663563,0,0.684175084175084,0.228522336769759,0.261858578733909,0.526084510268376,0,125.6,201.6
2013,REG+POST,00-0027080,,Mike Goodson,RB,RB,,2,NYJ,0,0,0,0,0,0,0,0,0,0,0,0,,0,,,7,61,0,0,0,2,1.79719988181023,0,2,3,19,0,0,0,6,22,2,1.46989939769264,0,3.16666666666667,0.0555555555555556,0.011605415860735,0.0914571244358478,0,8.0,10.0
2013,REG+POST,00-0027083,,David Bruton,SS,DB,,1,DEN,0,0,0,0,0,0,0,0,0,0,0,0,,0,,,1,35,0,0,0,1,4.50759082322475,0,0,0,0,0,0,0,0,0,0,,0,,,,,0,3.5,3.5
2013,REG+POST,00-0027089,L.Murphy,Louis Murphy,WR,WR,"https://static.www.nfl.com/image/private/f_auto,q_auto/league/rivj8wgktddc22qdtpsn",7,NYG,0,0,0,0,0,0,0,0,0,0,0,0,,0,,,0,0,0,0,0,0,,0,6,13,37,1,1,1,124,6,2,-12.8624022122822,0,0.298387096774194,0.0562770562770563,0.0579710144927536,0.124995294560512,0,7.7,13.7
2013,REG+POST,00-0027092,,Austin Collie,WR,WR,,6,NE,0,0,0,0,0,0,0,0,0,0,0,0,,0,,,0,0,0,0,0,0,,0,11,18,135,0,0,0,226,25,11,7.14575579328634,0,0.597345132743363,0.0705882352941176,0.101390758187528,0.176855883672446,0,13.5,24.5
2013,REG+POST,00-0027093,,Tony Fiammetta,FB,RB,,4,CHI,0,0,0,0,0,0,0,0,0,0,0,0,,0,,,0,0,0,0,0,0,,0,4,5,57,0,0,0,11,45,2,2.33444221998798,0,5.18181818181818,0.031055900621118,0.0089503661513425,0.0528491072376168,0,5.7,9.7
2013,REG+POST,00-0027094,,Andre Brown,RB,RB,,8,NYG,0,0,0,0,0,0,0,0,0,0,0,0,,0,,,139,492,3,3,3,31,-30.5899477004984,1,20,29,103,0,0,0,12,117,3,-5.79134879243728,0,8.58333333333333,0.130044843049327,0.0059494298463064,0.199231865466405,0,73.5,93.5
2013,REG+POST,00-0027103,K.Huber,Kevin Huber,P,SPEC,"https://static.www.nfl.com/image/private/f_auto,q_auto/league/yrd8jgpvefr8jvu7oejg",1,CIN,0,0,0,0,0,0,0,0,0,0,0,0,,0,,,1,0,0,1,0,0,-4.22223966970341,0,0,0,0,0,0,0,0,0,0,,0,,,,,0,0.0,0.0
2013,REG+POST,00-0027106,,Quinn Johnson,FB,RB,,1,TEN,0,0,0,0,0,0,0,0,0,0,0,0,,0,,,0,0,0,0,0,0,,0,0,1,0,0,0,0,-1,0,0,-0.460039786528796,0,0.0,0.0181818181818182,-0.0021786492374727,0.0257476728064963,0,0.0,0.0
2013,REG+POST,00-0027109,,James Casey,FB,TE,"https://static.www.nfl.com/image/private/f_auto,q_auto/league/atra5outunyi3dikmjez",5,PHI,0,0,0,0,0,0,0,0,0,0,0,0,,0,,,0,0,0,0,0,0,,0,3,6,31,0,0,0,33,24,3,0.868856390938163,0,0.939393939393939,0.0402684563758389,0.021724818959842,0.0756100578356478,0,3.1,6.1
2013,REG+POST,00-0027134,,Curtis Painter,QB,QB,,3,NYG,8,16,57,0,2,1,6,0,0,131,27,2,-13.2565538958879,0,0.435114503816794,-0.0072096100600361,3,-2,0,2,0,0,-1.80790610041004,0,0,0,0,0,0,0,0,0,0,,0,,,,,0,-1.92,-1.92
2013,REG+POST,00-0027135,,Brandon Myers,TE,TE,"https://static.www.nfl.com/image/private/f_auto,q_auto/league/tzyfv93n3bgtbmywjczu",15,NYG,0,0,0,0,0,0,0,0,0,0,0,0,,0,,,0,0,0,0,0,0,,0,47,75,522,4,0,0,605,171,28,8.28313007281131,0,0.862809917355372,0.139405204460967,0.116189744574611,0.290440627893678,0,76.2,123.2
2013,REG+POST,00-0027139,J.Phillips,John Phillips,TE,TE,"https://static.www.nfl.com/image/private/f_auto,q_auto/league/i1t7zl2f5t0wwj72yxj7",6,LAC,0,0,0,0,0,0,0,0,0,0,0,0,,0,,,0,0,0,0,0,0,,0,4,6,30,0,0,0,26,17,1,-0.305559089408039,0,1.15384615384615,0.0307692307692308,0.0210355987055016,0.0608787652476973,0,3.0,7.0
2013,REG+POST,00-0027140,,Chris Ogbonnaya,RB,RB,,16,CLE,0,0,0,0,0,0,0,0,0,0,0,0,,0,,,49,240,0,1,1,14,2.97554368854277,0,48,75,343,2,1,1,86,267,15,-12.7681408100748,0,3.98837209302326,0.111940298507463,0.0174477581659566,0.180123878477364,0,66.3,114.3
2013,REG+POST,00-0027150,J.Edelman,Julian Edelman,WR,WR,"https://static.www.nfl.com/image/private/f_auto,q_auto/league/u0hbuo2bsvtlg7lnxm43",18,NE,0,0,0,0,0,0,0,0,0,0,0,0,,0,,,2,11,0,0,0,2,1.07250509271398,0,121,175,1229,7,0,0,1417,570,63,57.3308971419109,2,0.867325335215243,0.25697503671072,0.243931829919091,0.556214836009443,0,170.0,291.0
2013,REG+POST,00-0027155,,Rashad Jennings,RB,RB,"https://static.www.nfl.com/image/private/f_auto,q_auto/league/r48elxgcxhdkfkazlqab",15,LV,0,0,0,0,0,0,0,0,0,0,0,0,,0,,,163,733,6,0,0,34,3.97879447982996,0,36,47,292,0,0,0,4,312,12,1.9260864882147,0,73.0,0.117206982543641,0.0012406947890818,0.176678960167819,0,138.5,174.5
2013,REG+POST,00-0027156,,Tiquan Underwood,WR,WR,,12,TB,0,0,0,0,0,0,0,0,0,0,0,0,,0,,,0,0,0,0,0,0,,0,24,46,440,4,0,0,625,102,19,19.7907030923161,0,0.704,0.127423822714681,0.187744067287474,0.322556581173254,0,68.0,92.0
2013,REG+POST,00-0027188,,Chad Hall,WR,WR,,4,KC,0,0,0,0,0,0,0,0,0,0,0,0,,0,,,0,0,0,0,0,0,,0,2,7,20,0,0,0,39,17,2,-3.610963366905,0,0.512820512820513,0.053030303030303,0.0463182897862233,0.111968257395811,0,2.0,4.0
2013,REG+POST,00-0027202,,Michael Palmer,TE,TE,,1,PIT,0,0,0,0,0,0,0,0,0,0,0,0,,0,,,0,0,0,0,0,0,,0,1,1,8,0,0,0,1,7,0,0.748268934432417,0,8.0,0.0333333333333333,0.0042918454935622,0.0530042918454936,0,0.8,1.8
2013,REG+POST,00-0027215,L.Paulsen,Logan Paulsen,TE,TE,"https://static.www.nfl.com/image/private/f_auto,q_auto/league/rckjvflmpzh9tiescxcd",14,WAS,0,0,0,0,0,0,0,0,0,0,0,0,,0,,,0,0,0,0,0,0,,0,28,50,267,3,2,2,331,96,11,-7.29743329752148,0,0.806646525679758,0.0974658869395711,0.0750056650804441,0.198702795965668,0,40.7,68.7
2013,REG+POST,00-0027218,,Joique Bell,RB,RB,"https://static.www.nfl.com/image/private/f_auto,q_auto/league/mpibe74w5hnraxk823vf",16,DET,0,0,0,0,0,0,0,0,0,0,0,0,,0,,,166,650,8,4,3,43,-7.47960184233988,0,53,69,547,0,0,0,18,546,22,17.9139923892016,1,30.3888888888889,0.110754414125201,0.0039630118890356,0.168905729510126,0,163.7,216.7
2013,REG+POST,00-0027253,T.Lewis,Thad Lewis,QB,QB,"https://static.www.nfl.com/image/private/f_auto,q_auto/league/rvq63xyplycjcoqgkqag",5,BUF,93,157,1092,4,3,18,100,4,1,1397,457,48,0.38310818274755,0,0.78167501789549,0.0286341545920905,24,52,1,3,2,3,-8.59628150579875,0,0,0,0,0,0,0,0,0,0,,0,,,,,0,58.88,58.88
2013,REG+POST,00-0027259,,Jake Ballard,TE,TE,,5,ARI,0,0,0,0,0,0,0,0,0,0,0,0,,0,,,0,0,0,0,0,0,,0,7,9,75,2,0,0,56,38,5,7.31191764527466,0,1.33928571428571,0.0514285714285714,0.0332936979785969,0.100448445727875,0,19.5,26.5
2013,REG+POST,00-0027265,V.Cruz,Victor Cruz,WR,WR,"https://static.www.nfl.com/image/private/f_auto,q_auto/league/q15bky6cm2stbiy0zafu",14,NYG,0,0,0,0,0,0,0,0,0,0,0,0,,0,,,0,0,0,0,0,0,,0,73,122,998,4,1,1,1459,250,45,18.970558835763,0,0.684030157642221,0.250513347022587,0.311485909479078,0.593810157169235,0,121.8,194.8
2013,REG+POST,00-0027321,J.Cumberland,Jeff Cumberland,TE,TE,"https://static.www.nfl.com/image/private/f_auto,q_auto/league/c87plzwz1aj8haowwxcq",12,NYJ,0,0,0,0,0,0,0,0,0,0,0,0,,0,,,0,0,0,0,0,0,,0,26,39,398,4,0,0,409,154,15,27.8291847080691,0,0.973105134474328,0.108333333333333,0.120329508679023,0.246730656075316,0,63.8,89.8
2013,REG+POST,00-0027322,,David Nelson,WR,WR,,12,NYJ,0,0,0,0,0,0,0,0,0,0,0,0,,0,,,0,0,0,0,0,0,,0,36,61,423,2,0,0,686,108,20,-3.94469884645415,0,0.616618075801749,0.178362573099415,0.23573883161512,0.432561041779707,0,54.3,90.3
2013,REG+POST,00-0027325,L.Blount,LeGarrette Blount,RB,RB,"https://static.www.nfl.com/image/private/f_auto,q_auto/league/s3eilto1yi0yhoamvvo3",18,NE,0,0,0,0,0,0,0,0,0,0,0,0,,0,,,182,944,11,3,2,43,6.12827720551286,0,2,5,38,0,0,0,0,41,1,0.324057746271137,0,0.0,0.027027027027027,0.0,0.0405405405405405,0,160.2,162.2
2013,REG+POST,00-0027346,,Alfonso Smith,RB,RB,,8,ARI,0,0,0,0,0,0,0,0,0,0,0,0,,0,,,18,54,1,2,1,5,-5.93210348044522,0,10,13,68,0,0,0,-5,76,1,-0.568067939633178,0,-13.6,0.0439189189189189,-0.0023934897079942,0.0642029355827824,0,16.2,26.2
2013,REG+POST,00-0027349,,Stephen Williams,WR,WR,,3,JAX,0,0,0,0,0,0,0,0,0,0,0,0,,0,,,0,0,0,0,0,0,,0,0,4,0,0,0,0,101,0,0,-3.32530534989201,0,0.0,0.0412371134020619,0.125465838509317,0.149681757059615,0,0.0,0.0
2013,REG+POST,00-0027356,,Marlon Moore,WR,WR,,8,MIA,0,0,0,0,0,0,0,0,0,0,0,0,,0,,,1,9,0,0,0,0,0.743904024595395,0,7,15,62,0,0,0,173,8,4,-6.44159426505212,0,0.358381502890173,0.0535714285714286,0.0614564831261101,0.12337668104542,0,7.1,14.1
2013,REG+POST,00-0027378,C.Maragos,Chris Maragos,FS,DB,"https://static.www.nfl.com/image/private/f_auto,q_auto/league/pojk8qu8tparbcu35qxo",1,SEA,0,0,0,0,0,0,0,0,0,0,0,0,,0,,,1,0,0,1,0,0,-9.70197022263892,0,0,0,0,0,0,0,0,0,0,,0,,,,,0,0.0,0.0
2013,REG+POST,00-0027445,,Jeron Mastrud,TE,TE,,9,LV,0,0,0,0,0,0,0,0,0,0,0,0,,0,,,0,0,0,0,0,0,,0,6,13,88,0,0,0,85,55,3,0.8499460919993,0,1.03529411764706,0.0442176870748299,0.0401511572980633,0.0944323407208892,0,8.8,14.8
2013,REG+POST,00-0027531,C.Ivory,Chris Ivory,RB,RB,"https://static.www.nfl.com/image/private/f_auto,q_auto/league/wuhrkffigvt55hcqd4yw",15,NYJ,0,0,0,0,0,0,0,0,0,0,0,0,,0,,,182,833,3,2,0,34,-9.33138143012318,0,2,7,10,0,0,0,-7,8,1,-2.72258573886938,0,-1.42857142857143,0.0448717948717949,-0.0047912388774811,0.0639538250934555,0,102.3,104.3
2013,REG+POST,00-0027547,M.Sherels,Marcus Sherels,CB,DB,"https://static.www.nfl.com/image/private/f_auto,q_auto/league/qgwd89z8jxh5o9ln6cmp",1,MIN,0,0,0,0,0,0,0,0,0,0,0,0,,0,,,0,0,0,0,0,0,,0,0,0,0,0,0,0,0,0,0,,0,,,,,1,6.0,6.0
2013,REG+POST,00-0027567,,Steve Maneri,,,,2,CHI,0,0,0,0,0,0,0,0,0,0,0,0,,0,,,0,0,0,0,0,0,,0,0,2,0,0,0,0,4,0,0,-7.44484423514223,0,0.0,0.0298507462686567,0.00836820083682,0.0506338599887591,0,0.0,0.0
2013,REG+POST,00-0027581,,Seyi Ajirotutu,WR,WR,"https://static.www.nfl.com/image/private/f_auto,q_auto/league/tmbglbojtv1psbkhejsg",3,LAC,0,0,0,0,0,0,0,0,0,0,0,0,,0,,,0,0,0,0,0,0,,0,3,4,64,1,0,0,100,2,3,5.53767020208761,0,0.64,0.0384615384615385,0.112485939257593,0.136432465172623,0,12.4,15.4
2013,REG+POST,00-0027583,,Richie Brockel,TE,TE,"https://static.www.nfl.com/image/private/f_auto,q_auto/league/fcqa6vamgjb4adwfpbac",2,CAR,0,0,0,0,0,0,0,0,0,0,0,0,,0,,,1,1,0,0,0,0,-0.347505687735975,0,1,1,12,0,0,0,1,11,1,1.53428257541964,0,12.0,0.03125,0.0043478260869565,0.0499184782608696,0,1.3,2.3
2013,REG+POST,00-0027606,,Trindon Holliday,WR,WR,,3,DEN,0,0,0,0,0,0,0,0,0,0,0,0,,0,,,1,7,0,0,0,0,0.383685298264027,0,0,0,0,0,0,0,0,0,0,,0,,,,,2,12.7,12.7
2013,REG+POST,00-0027608,,Kyle Williams,WR,WR,"https://static.www.nfl.com/image/private/f_auto,q_auto/league/uc0hi9tbued5ff0osfmq",9,SF,0,0,0,0,0,0,0,0,0,0,0,0,,0,,,2,23,0,0,0,2,2.2938025634503,0,12,27,113,0,0,0,292,57,5,-11.3940814802481,0,0.386986301369863,0.132352941176471,0.146365914786967,0.300985552115583,0,13.6,25.6
2013,REG+POST,00-0027651,,Dexter McCluster,WR,WR,"https://static.www.nfl.com/image/private/f_auto,q_auto/league/vawlifwslfzekg0e35ig",16,KC,0,0,0,0,0,0,0,0,0,0,0,0,,0,,,9,8,0,0,0,0,-5.08147208602168,0,60,91,563,2,0,0,558,309,29,9.72589740052857,0,1.0089605734767,0.165154264972777,0.153170463903376,0.354950722191529,2,81.1,141.1
2013,REG+POST,00-0027656,R.Gronkowski,Rob Gronkowski,TE,TE,"https://static.www.nfl.com/image/private/f_auto,q_auto/league/svpo7chliiymc0r7hegp",7,NE,0,0,0,0,0,0,0,0,0,0,0,0,,0,,,0,0,0,0,0,0,,0,39,66,592,4,0,0,711,194,31,19.5880397236579,0,0.832630098452883,0.236559139784946,0.293075020610058,0.55999122410446,0,83.2,122.2
2013,REG+POST,00-0027675,E.Dickson,Ed Dickson,TE,TE,"https://static.www.nfl.com/image/private/f_auto,q_auto/league/qtxat8xwaclkqfkj5lrq",13,BAL,0,0,0,0,0,0,0,0,0,0,0,0,,0,,,0,0,0,0,0,0,,0,25,43,273,1,0,0,398,101,16,-0.246533613360953,0,0.685929648241206,0.0846456692913386,0.0819435865760758,0.184329014540261,0,33.3,58.3
2013,REG+POST,00-0027681,B.LaFell,Brandon LaFell,WR,WR,"https://static.www.nfl.com/image/private/f_auto,q_auto/league/x4wifb5arw0neuwg1cch",16,CAR,0,0,0,0,0,0,0,0,0,0,0,0,,0,,,3,21,0,0,0,2,2.17532808921533,0,53,92,661,5,1,0,1029,261,33,0.705993449632736,0,0.642371234207969,0.196162046908316,0.238691718858733,0.461327273563587,0,98.2,151.2
2013,REG+POST,00-0027685,E.Sanders,Emmanuel Sanders,WR,WR,"https://static.www.nfl.com/image/private/f_auto,q_auto/league/potkibjtm855tsawozs0",16,PIT,0,0,0,0,0,0,0,0,0,0,0,0,,0,,,1,25,0,0,0,1,1.49625054991338,1,67,112,740,6,1,0,1274,286,36,11.4623760735325,0,0.580847723704867,0.193436960276339,0.257581884350991,0.470462759460201,0,114.5,181.5
2013,REG+POST,00-0027688,C.McCoy,Colt McCoy,QB,QB,"https://static.www.nfl.com/image/private/f_auto,q_auto/league/mvcoi7f6thyudufnh0dx",3,SF,1,1,13,0,0,0,0,0,0,0,13,1,1.66243796539493,0,0.0,,6,-6,0,0,0,0,-7.05662459536688,0,0,0,0,0,0,0,0,0,0,,0,,,,,0,-0.0800000000000001,-0.0800000000000001
2013,REG+POST,00-0027690,E.Decker,Eric Decker,WR,WR,"https://static.www.nfl.com/image/private/f_auto,q_auto/league/jg5ftnvxz4jdiajzeoyn",19,DEN,0,0,0,0,0,0,0,0,0,0,0,0,,0,,,0,0,0,0,0,0,,0,95,154,1399,11,2,1,1683,423,71,60.1658711030958,0,0.831253713606655,0.192982456140351,0.272241992882562,0.48004307922832,0,203.9,298.9
2013,REG+POST,00-0027691,A.Roberts,Andre Roberts,WR,WR,"https://static.www.nfl.com/image/private/f_auto,q_auto/league/hjoyjewh7knoafxt4k93",16,ARI,0,0,0,0,0,0,0,0,0,0,0,0,,0,,,0,0,0,0,0,0,,0,43,76,471,2,0,0,850,113,22,0.790100013137256,0,0.554117647058824,0.135231316725979,0.161290322580645,0.31575020089542,0,59.1,102.1
2013,REG+POST,00-0027692,,Armanti Edwards,WR,WR,,4,CLE,0,0,0,0,0,0,0,0,0,0,0,0,,0,,,1,0,0,0,0,0,-0.580901434528641,0,1,5,10,0,0,0,28,6,0,-2.022296309995,0,0.357142857142857,0.0442477876106195,0.0477001703577513,0.0997618006663551,0,1.0,2.0
2013,REG+POST,00-0027696,J.Graham,Jimmy Graham,TE,TE,"https://static.www.nfl.com/image/private/f_auto,q_auto/league/h7xs06oj6g03mippwtse",18,NO,0,0,0,0,0,0,0,0,0,0,0,0,,0,,,0,0,0,0,0,0,,0,90,153,1267,16,0,0,1529,405,63,39.8021633474565,0,0.828646173969915,0.213687150837989,0.261188930645712,0.503362977708982,0,222.7,312.7
2013,REG+POST,00-0027702,,Mike Williams,WR,WR,,6,TB,0,0,0,0,0,0,0,0,0,0,0,0,,0,,,0,0,0,0,0,0,,0,22,40,216,2,0,0,404,67,12,6.05510826129466,0,0.534653465346535,0.176211453744493,0.200297471492315,0.404525410661361,0,33.6,55.6
2013,REG+POST,00-0027708,,Marcus Easley,WR,WR,"https://static.www.nfl.com/image/private/f_auto,q_auto/league/lkfgdzlivzsgnbotnnpr",4,BUF,0,0,0,0,0,0,0,0,0,0,0,0,,0,,,0,0,0,0,0,0,,0,2,5,13,0,0,0,40,1,0,-4.24991739186225,0,0.325,0.0352112676056338,0.0330305532617671,0.0759382886916877,0,1.3,3.3
2013,REG+POST,00-0027709,,Jacoby Ford,WR,WR,,13,LV,0,0,0,0,0,0,0,0,0,0,0,0,,0,,,5,15,0,0,0,0,-0.988084746524692,0,13,24,99,0,1,1,172,73,5,-13.4359917479413,0,0.575581395348837,0.0634920634920635,0.0530700401110768,0.132387123315849,0,9.4,22.4
2013,REG+POST,00-0027714,,Dennis Pitta,TE,TE,"https://static.www.nfl.com/image/private/f_auto,q_auto/league/liu0pixlkbyftxesaq06",4,BAL,0,0,0,0,0,0,0,0,0,0,0,0,,0,,,0,0,0,0,0,0,,0,20,33,169,1,0,0,243,46,11,-1.28006831042653,0,0.695473251028807,0.186440677966102,0.149446494464945,0.384273563074614,0,22.9,42.9
2013,REG+POST,00-0027718,,Garrett Graham,TE,TE,,12,HOU,0,0,0,0,0,0,0,0,0,0,0,0,,0,,,0,0,0,0,0,0,,0,49,89,545,5,2,1,714,217,26,-9.76558466971304,0,0.763305322128852,0.184647302904564,0.178947368421053,0.402234112251583,0,82.5,131.5
2013,REG+POST,00-0027725,C.Harbor,Clay Harbor,TE,TE,"https://static.www.nfl.com/image/private/f_auto,q_auto/league/spuxscdmedvqosq5yrho",14,JAX,0,0,0,0,0,0,0,0,0,0,0,0,,0,,,0,0,0,0,0,0,,0,24,35,292,2,2,1,277,127,16,10.7521001073586,0,1.05415162454874,0.0671785028790787,0.0809231668127374,0.157413971087534,0,39.2,63.2
2013,REG+POST,00-0027732,M.Hoomanawanui,Michael Hoomanawanui,TE,TE,"https://static.www.nfl.com/image/private/f_auto,q_auto/league/fgfwj67pbxmp1bpjm7ti",12,NE,0,0,0,0,0,0,0,0,0,0,0,0,,0,,,0,0,0,0,0,0,,0,15,23,175,1,0,0,166,89,9,11.3634525408745,0,1.05421686746988,0.0518018018018018,0.0448648648648649,0.109108108108108,0,23.5,38.5
2013,REG+POST,00-0027739,,John Conner,RB,RB,,4,NYG,0,0,0,0,0,0,0,0,0,0,0,0,,0,,,0,0,0,0,0,0,,0,6,11,31,0,0,0,4,29,2,-2.10466847999487,0,7.75,0.0769230769230769,0.0049813200498132,0.118871539419485,0,3.1,9.1
2013,REG+POST,00-0027753,,Andrew Quarless,TE,TE,,14,GB,0,0,0,0,0,0,0,0,0,0,0,0,,0,,,0,0,0,0,0,0,,0,33,54,320,2,0,0,335,141,18,-1.4576297756062,0,0.955223880597015,0.112033195020747,0.0935492879084055,0.233534294067004,0,44.0,77.0
2013,REG+POST,00-0027755,,David Reed,WR,WR,,2,IND,0,0,0,0,0,0,0,0,0,0,0,0,,0,,,0,0,0,0,0,0,,0,1,3,2,0,0,0,37,2,0,-2.14183340931777,0,0.0540540540540541,0.0340909090909091,0.114906832298137,0.131571146245059,0,0.2,1.2
2013,REG+POST,00-0027758,,Riley Cooper,WR,WR,"https://static.www.nfl.com/image/private/f_auto,q_auto/league/vpongpty2wm06bsmm7hb",17,PHI,0,0,0,0,0,0,0,0,0,0,0,0,,0,,,0,0,0,0,0,0,,0,53,92,903,9,0,0,1300,241,37,38.9616893579522,2,0.694615384615385,0.174904942965779,0.251402049893638,0.438338849374216,0,148.3,201.3
2013,REG+POST,00-0027772,,Anthony Dixon,RB,RB,"https://static.www.nfl.com/image/private/f_auto,q_auto/league/lvbgbxspmjn0xo1kw8g9",13,SF,0,0,0,0,0,0,0,0,0,0,0,0,,0,,,30,57,3,0,0,6,-10.6026047333144,0,4,5,40,0,0,0,18,34,2,3.07488416996785,0,2.22222222222222,0.0416666666666667,0.0157068062827225,0.0734947643979058,0,27.7,31.7
2013,REG+POST,00-0027779,,Deji Karim,RB,RB,,2,HOU,0,0,0,0,0,0,0,0,0,0,0,0,,0,,,12,51,0,0,0,3,0.0876762971747667,0,1,2,-1,0,0,0,27,3,0,-1.34931204962777,0,-0.037037037037037,0.0285714285714286,0.0421875,0.0723883928571429,0,5.0,6.0
2013,REG+POST,00-0027780,,Nate Byham,TE,TE,,3,TB,0,0,0,0,0,0,0,0,0,0,0,0,,0,,,0,0,0,0,0,0,,0,3,3,38,0,0,0,29,9,2,2.30213770025875,0,1.31034482758621,0.032967032967033,0.0522522522522523,0.086027126027126,0,3.8,6.8
2013,REG+POST,00-0027786,,Jonathan Dwyer,RB,RB,,14,PIT,0,0,0,0,0,0,0,0,0,0,0,0,,0,,,49,197,0,0,0,16,-7.37799505569274,0,8,11,64,0,0,0,21,51,3,0.899882366298698,0,3.04761904761905,0.0428015564202335,0.0089781958101752,0.0704870716974729,0,26.1,34.1
2013,REG+POST,00-0027791,,James Starks,RB,RB,"https://static.www.nfl.com/image/private/f_auto,q_auto/league/ohxqulg4xjfmbbkkltqj",14,GB,0,0,0,0,0,0,0,0,0,0,0,0,,0,,,94,522,3,1,0,29,14.8670392355416,0,11,15,102,1,0,0,-15,113,4,4.5675964529012,0,-6.8,0.0485436893203884,-0.0074037512339585,0.0676329081168115,0,86.4,97.4
2013,REG+POST,00-0027793,A.Brown,Antonio Brown,WR,WR,"https://static.www.nfl.com/image/private/f_auto,q_auto/league/ecxsx9t7bfg42bgfwj3v",16,PIT,1,1,15,0,0,1,7,0,0,11,4,1,-0.200084702698604,0,1.36363636363636,,7,4,0,0,0,2,-2.73629370576236,0,110,166,1499,8,0,0,1763,626,70,63.5396334082687,0,0.850255246738514,0.286701208981002,0.356449656287909,0.679566572873039,1,204.9,314.9
2013,REG+POST,00-0027796,J.Webb,Joe Webb,QB,QB,"https://static.www.nfl.com/image/private/f_auto,q_auto/league/hjieero9ugbyu7n1629h",6,MIN,0,0,0,0,0,0,0,0,0,0,0,0,,0,,,0,0,0,0,0,0,,0,5,11,33,0,0,0,84,3,2,-5.51505618553517,0,0.392857142857143,0.0476190476190476,0.042042042042042,0.100858000858001,0,3.3,8.3
2013,REG+POST,00-0027819,,Dorin Dickerson,TE,TE,"https://static.www.nfl.com/image/private/f_auto,q_auto/league/rzyr56chrrn9v5xjjvmd",3,DET,0,0,0,0,0,0,0,0,0,0,0,0,,0,,,0,0,0,0,0,0,,0,2,5,34,0,0,0,43,26,1,-0.0893040676601231,0,0.790697674418605,0.0505050505050505,0.052760736196319,0.112690091094999,0,3.4,5.4
2013,REG+POST,00-0027825,J.Dray,Jim Dray,TE,TE,"https://static.www.nfl.com/image/private/f_auto,q_auto/league/p8pyujltnfdj3qnbh7yi",14,ARI,0,0,0,0,0,0,0,0,0,0,0,0,,0,,,0,0,0,0,0,0,,0,26,32,215,2,1,1,136,104,13,-9.55076773492821,0,1.58088235294118,0.0625,0.0304659498207885,0.115076164874552,0,31.5,57.5
2013,REG+POST,00-0027844,,Erik Lorig,FB,RB,,9,TB,0,0,0,0,0,0,0,0,0,0,0,0,,0,,,0,0,0,0,0,0,,0,11,14,47,0,0,0,-4,55,2,-3.01176609919639,0,-11.75,0.0491228070175439,-0.0017286084701815,0.0724741845971887,0,4.7,15.7
2013,REG+POST,00-0027853,T.Williams,Teddy Williams,DB,DB,"https://static.www.nfl.com/image/private/f_auto,q_auto/league/py6u7bpxdawx1a8eozbu",1,ARI,0,0,0,0,0,0,0,0,0,0,0,0,,0,,,0,0,0,0,0,0,,0,1,1,51,0,0,0,51,0,1,3.13743667351082,0,1.0,0.0555555555555556,0.228699551569507,0.243423019431988,0,5.1,6.1
2013,REG+POST,00-0027854,S.Bradford,Sam Bradford,QB,QB,"https://static.www.nfl.com/image/private/f_auto,q_auto/league/fizwrxzfdaw7v2vzzpn6",7,LA,159,262,1687,14,4,15,97,2,1,1824,903,85,-2.0485884717077,0,0.924890350877193,0.053676675536361,15,31,0,1,0,1,-8.88916425965726,1,0,0,0,0,0,0,0,0,0,,0,,,,,0,118.58,118.58
2013,REG+POST,00-0027861,C.Spiller,C.J. Spiller,RB,RB,"https://static.www.nfl.com/image/private/f_auto,q_auto/league/jqbnrdpq9c2nbchzntxt",15,BUF,0,0,0,0,0,0,0,0,0,0,0,0,,0,,,202,933,2,4,1,26,-15.6253754888603,0,33,40,185,0,0,0,-39,227,5,-6.92259942911915,0,-4.74358974358974,0.0956937799043062,-0.0155688622754491,0.132642466263645,0,121.8,154.8
2013,REG+POST,00-0027864,,Ryan Mathews,RB,RB,"https://static.www.nfl.com/image/private/f_auto,q_auto/league/mai5izn84cdrvxlkwagb",18,LAC,0,0,0,0,0,0,0,0,0,0,0,0,,0,,,303,1333,6,2,1,57,-2.03487951017362,0,28,35,201,1,0,0,2,199,9,7.98665823409101,0,100.5,0.085995085995086,0.000672268907563,0.129463217227923,0,193.4,221.4
2013,REG+POST,00-0027873,J.Gresham,Jermaine Gresham,TE,TE,"https://static.www.nfl.com/image/private/f_auto,q_auto/league/higvmot083ues41wbdgi",15,CIN,0,0,0,0,0,0,0,0,0,0,0,0,,0,,,0,0,0,0,0,0,,0,53,75,522,5,3,3,464,292,29,18.2622926427846,0,1.125,0.139925373134328,0.101665205959684,0.281053703873272,0,76.2,129.2
2013,REG+POST,00-0027874,D.Thomas,Demaryius Thomas,WR,WR,"https://static.www.nfl.com/image/private/f_auto,q_auto/league/p1yjsqtqimjd6iazu3h9",19,DEN,0,0,0,0,0,0,0,0,0,0,0,0,,0,,,0,0,0,0,0,0,,0,120,180,1736,17,2,1,1753,827,79,79.5498395389466,0,0.99030233884769,0.225563909774436,0.283565189259139,0.536841497143052,0,273.6,393.6
2013,REG+POST,00-0027888,,Toby Gerhart,RB,RB,"https://static.www.nfl.com/image/private/f_auto,q_auto/league/pne2o7x8dw3cngbahihv",12,MIN,0,0,0,0,0,0,0,0,0,0,0,0,,0,,,36,283,2,1,1,13,9.74362588109216,0,13,19,88,0,0,0,1,83,3,-3.30950780055719,0,88.0,0.0493506493506494,0.0003424657534246,0.0742657000533713,0,47.1,60.1
2013,REG+POST,00-0027890,,Ben Tate,RB,RB,,14,HOU,0,0,0,0,0,0,0,0,0,0,0,0,,0,,,181,771,4,4,2,34,-16.4260190511251,0,34,49,140,0,1,0,-34,160,1,-11.4332445105111,0,-4.11764705882353,0.0936902485659656,-0.0087787245029692,0.13439026569687,0,111.1,145.1
2013,REG+POST,00-0027891,G.Tate,Golden Tate,WR,WR,"https://static.www.nfl.com/image/private/f_auto,q_auto/league/yfqebrp2o9t1gt1wqjku",19,SEA,0,0,0,0,0,0,0,0,0,0,0,0,,0,,,3,31,0,0,0,1,1.41470050252974,0,72,113,959,5,1,0,1184,496,46,40.6309958559196,0,0.809966216216216,0.238396624472574,0.266426642664266,0.544093586573847,0,129.0,201.0
2013,REG+POST,00-0027893,,Damian Williams,WR,WR,,8,TEN,0,0,0,0,0,0,0,0,0,0,0,0,,0,,,0,0,0,0,0,0,,0,15,23,178,0,0,0,266,47,10,8.99516286014114,0,0.669172932330827,0.0942622950819672,0.111064718162839,0.219138745336938,0,17.8,32.8
2013,REG+POST,00-0027902,D.Bryant,Dez Bryant,WR,WR,"https://static.www.nfl.com/image/private/f_auto,q_auto/league/jmggujwkiv7osgkhhnhl",16,DAL,0,0,0,0,0,0,0,0,0,0,0,0,,0,,,1,1,0,0,0,0,-0.397336941212416,0,93,160,1233,13,3,1,1849,524,67,46.5958696758464,0,0.666846944294213,0.275862068965517,0.396610896610897,0.691420731075904,0,199.4,292.4
2013,REG+POST,00-0027905,,Will Tukuafu,FB,RB,"https://static.www.nfl.com/image/private/f_auto,q_auto/league/szb9kincx0nhxnwxxmcj",1,SF,0,0,0,0,0,0,0,0,0,0,0,0,,0,,,0,0,0,0,0,0,,0,1,1,2,0,0,0,-2,4,0,-0.457237152848393,0,-1.0,0.0333333333333333,-0.0068027210884353,0.0452380952380953,0,0.2,1.2
2013,REG+POST,00-0027915,,Isaiah Trufant,DB,DB,,1,NYJ,0,0,0,0,0,0,0,0,0,0,0,0,,0,,,0,0,0,0,0,0,,0,0,1,0,0,0,0,11,0,0,-2.31462632957846,0,0.0,0.027027027027027,0.0419847328244275,0.0699298535176398,0,0.0,0.0
2013,REG+POST,00-0027917,,Tyler Clutts,FB,RB,"https://static.www.nfl.com/image/private/f_auto,q_auto/league/a1knpd9e7x4pxech8xhg",2,DAL,0,0,0,0,0,0,0,0,0,0,0,0,,0,,,0,0,0,0,0,0,,0,1,2,4,0,1,1,0,3,0,-5.17229272495024,0,0.0,0.0338983050847458,0.0,0.0508474576271187,0,-1.6,-0.6
2013,REG+POST,00-0027918,,Andrew Hawkins,WR,WR,,9,CIN,0,0,0,0,0,0,0,0,0,0,0,0,,0,,,2,3,0,1,0,1,0.219014015980065,0,15,21,219,0,0,0,121,147,9,9.58773267884885,0,1.8099173553719,0.0707070707070707,0.0465384615384615,0.138637529137529,0,22.2,37.2
2013,REG+POST,00-0027925,J.Develin,James Develin,FB,RB,"https://static.www.nfl.com/image/private/f_auto,q_auto/league/ryhocvpml27otxnncc2h",7,NE,0,0,0,0,0,0,0,0,0,0,0,0,,0,,,5,10,1,0,0,4,1.11330700811232,0,4,4,62,0,0,0,30,32,3,3.52505805890542,0,2.06666666666667,0.0248447204968944,0.020746887966805,0.0517899023221051,0,13.2,17.2
2013,REG+POST,00-0027939,C.Newton,Cam Newton,QB,QB,"https://static.www.nfl.com/image/private/f_auto,q_auto/league/zwmgw2gmnn2kch4nquft",17,CAR,308,498,3646,25,15,48,371,1,1,4477,1716,178,32.947542324401,0,0.814384632566451,0.101132067997421,121,639,6,2,0,49,38.8922637177472,0,0,0,0,0,0,0,0,0,0,,0,,,,,0,313.74,313.74
2013,REG+POST,00-0027942,A.Green,A.J. Green,WR,WR,"https://static.www.nfl.com/image/private/f_auto,q_auto/league/guj5a9vnnzqfiljupzuj",17,CIN,0,0,0,0,0,0,0,0,0,0,0,0,,0,,,0,0,0,0,0,0,,0,101,187,1460,11,1,0,2429,395,67,19.2934809420452,0,0.601070399341293,0.30064308681672,0.448320413436693,0.764788919630765,0,212.0,313.0
2013,REG+POST,00-0027943,P.Peterson,Patrick Peterson,CB,DB,"https://static.www.nfl.com/image/private/f_auto,q_auto/league/hefuj7lvfmgvr4tme7te",9,ARI,1,1,17,0,0,0,0,0,0,17,0,1,1.09784198197303,0,1.0,,4,21,0,0,0,2,1.05316801019944,0,6,8,54,0,0,0,36,38,3,0.0332869330304675,0,1.5,0.0318725099601594,0.0181451612903226,0.0605103778434649,0,8.18,14.18
2013,REG+POST,00-0027944,J.Jones,Julio Jones,WR,WR,"https://static.www.nfl.com/image/upload/f_auto,q_auto/league/omrddf2phtyztzx2nup1",5,ATL,0,0,0,0,0,0,0,0,0,0,0,0,,0,,,1,7,0,0,0,1,0.536285034671892,0,41,60,580,2,2,1,620,245,25,16.5895640144173,0,0.935483870967742,0.28169014084507,0.421768707482993,0.717773306505701,0,68.7,109.7
2013,REG+POST,00-0027946,,Jake Locker,QB,QB,,7,TEN,111,183,1256,8,4,16,105,0,0,1788,561,56,7.3820694193893,0,0.702460850111857,0.0863423294366209,24,155,2,3,1,9,8.38816496828804,0,0,0,0,0,0,0,0,0,0,,0,,,,,0,99.74,99.74
2013,REG+POST,00-0027948,B.Gabbert,Blaine Gabbert,QB,QB,"https://static.www.nfl.com/image/private/f_auto,q_auto/league/fphhd3wedamgkps6e0dl",3,JAX,42,86,481,1,7,12,67,2,0,581,277,23,-60.3753199726768,0,0.827882960413081,-0.0423699109827105,9,32,0,0,0,0,-2.06505158287473,0,0,0,0,0,0,0,0,0,0,,0,,,,,0,12.44,12.44
2013,REG+POST,00-0027950,,Christian Ponder,QB,QB,"https://static.www.nfl.com/image/private/f_auto,q_auto/league/zbs6aql0ucbsqdrclqrs",9,MIN,152,239,1648,7,9,27,119,4,3,2041,705,83,-23.0374716171754,0,0.807447329740323,0.061923475662997,34,151,4,3,1,12,8.05522074689478,0,0,0,0,0,0,0,0,0,0,,0,,,,,0,107.02,107.02
2013,REG+POST,00-0027955,N.Solder,Nate Solder,T,OL,"https://static.www.nfl.com/image/private/f_auto,q_auto/league/kbzznhzm6nub46htfcse",1,NE,0,0,0,0,0,0,0,0,0,0,0,0,,0,,,0,0,0,0,0,0,,0,0,1,0,0,0,0,1,0,0,-0.486082516727038,0,0.0,0.0285714285714286,0.003125,0.0450446428571429,0,0.0,0.0
2013,REG+POST,00-0027964,,Jon Baldwin,WR,WR,,4,SF,0,0,0,0,0,0,0,0,0,0,0,0,,0,,,0,0,0,0,0,0,,0,3,9,28,0,0,0,126,6,1,-3.75127077708249,0,0.222222222222222,0.09375,0.152173913043478,0.247146739130435,0,2.8,5.8
2013,REG+POST,00-0027966,M.Ingram,Mark Ingram,RB,RB,"https://static.www.nfl.com/image/private/f_auto,q_auto/league/qyju9wutyssrf0b26ran",13,NO,0,0,0,0,0,0,0,0,0,0,0,0,,0,,,106,532,2,1,1,28,-6.45083446719218,1,10,17,85,0,0,0,1,79,3,-3.38424222753383,0,85.0,0.0446194225721785,0.0003660322108345,0.0671853564058519,0,73.7,83.7
2013,REG+POST,00-0027973,A.Dalton,Andy Dalton,QB,QB,"https://static.www.nfl.com/image/upload/f_auto,q_auto/league/az1zo7fl2tozg50tgs0d",17,CIN,392,637,4627,34,22,32,190,3,3,5459,2209,224,58.2797768855974,0,0.847591133907309,0.10065452164745,66,209,2,3,1,15,6.8522658086267,0,0,0,0,0,0,0,0,0,0,,0,,,,,0,301.98,301.98
2013,REG+POST,00-0027974,,Colin Kaepernick,QB,QB,"https://static.www.nfl.com/image/private/f_auto,q_auto/league/nnvil5vbsj1nbldpc9nl",19,SF,288,498,3773,24,11,45,257,5,4,4844,1478,178,65.6855680419433,0,0.778901734104046,0.100280249671189,118,767,5,4,1,39,29.9287685675992,0,0,0,0,0,0,0,0,0,0,,0,,,,,0,321.62,321.62
2013,REG+POST,00-0027981,K.Rudolph,Kyle Rudolph,TE,TE,"https://static.www.nfl.com/image/private/f_auto,q_auto/league/mtvrkfel5750mlevcvtp",8,MIN,0,0,0,0,0,0,0,0,0,0,0,0,,0,,,0,0,0,0,0,0,,0,30,46,313,3,0,0,383,119,12,4.11410075256425,0,0.817232375979112,0.167883211678832,0.160184023421163,0.363953633913062,0,49.3,79.3
2013,REG+POST,00-0027985,L.Kendricks,Lance Kendricks,TE,TE,"https://static.www.nfl.com/image/private/f_auto,q_auto/league/njjeo5udwowpbfnufl5l",14,LA,0,0,0,0,0,0,0,0,0,0,0,0,,0,,,0,0,0,0,0,0,,0,32,46,258,4,0,0,210,108,16,-1.4513154255922,0,1.22857142857143,0.102449888641425,0.0622775800711744,0.19726913901196,0,49.8,81.8
2013,REG+POST,00-0027994,S.Vereen,Shane Vereen,RB,RB,"https://static.www.nfl.com/image/private/f_auto,q_auto/league/grirsvo53nqb22jzb1zk",10,NE,0,0,0,0,0,0,0,0,0,0,0,0,,0,,,53,259,1,1,0,15,7.37482330651255,0,54,83,502,3,0,0,347,333,29,13.689164743973,0,1.44668587896254,0.208542713567839,0.111575562700965,0.390916964242434,0,100.1,154.1
2013,REG+POST,00-0027995,,Mikel Leshoure,RB,RB,,1,DET,0,0,0,0,0,0,0,0,0,0,0,0,,0,,,2,9,0,0,0,0,-0.260984684107825,0,0,0,0,0,0,0,0,0,0,,0,,,,,0,0.9,0.9
2013,REG+POST,00-0027996,T.Smith,Torrey Smith,WR,WR,"https://static.www.nfl.com/image/private/f_auto,q_auto/league/sqvbn4ybxagyfwva3i51",16,BAL,0,0,0,0,0,0,0,0,0,0,0,0,,0,,,0,0,0,0,0,0,,0,65,137,1128,4,1,0,2116,363,48,34.082499661469,1,0.533081285444234,0.223127035830619,0.369155617585485,0.593099486055768,0,138.8,203.8
2013,REG+POST,00-0027997,G.Little,Greg Little,WR,WR,"https://static.www.nfl.com/image/private/f_auto,q_auto/league/gunq4pae9yx2zlfz7qil",16,CLE,0,0,0,0,0,0,0,0,0,0,0,0,,0,,,0,0,0,0,0,0,,0,41,99,465,2,0,0,1126,190,22,-40.3615739018449,0,0.412966252220249,0.147761194029851,0.201539287632003,0.362719292387178,0,58.5,99.5
2013,REG+POST,00-0028000,,Daniel Thomas,RB,RB,,15,MIA,0,0,0,0,0,0,0,0,0,0,0,0,,0,,,109,406,4,0,0,17,-8.21021037899871,0,15,17,63,2,0,0,-24,84,6,3.50306351610322,0,-2.625,0.037037037037037,-0.0052968439638049,0.0518477647808921,0,82.9,97.9
2013,REG+POST,00-0028002,R.Cobb,Randall Cobb,WR,WR,"https://static.www.nfl.com/image/private/f_auto,q_auto/league/kuwo5hnkbtesfw6n9w1s",7,GB,0,0,0,0,0,0,0,0,0,0,0,0,,0,,,5,79,0,0,0,1,3.52306858194061,0,33,49,484,4,0,0,422,187,20,24.4547255859525,0,1.14691943127962,0.201646090534979,0.196828358208955,0.440248986548738,0,80.3,113.3
2013,REG+POST,00-0028007,,Rob Housler,TE,TE,"https://static.www.nfl.com/image/private/f_auto,q_auto/league/lnu7z4mvnadgcnppqbxz",13,ARI,0,0,0,0,0,0,0,0,0,0,0,0,,0,,,0,0,0,0,0,0,,0,39,57,454,1,1,0,535,199,22,2.21598838656137,0,0.848598130841122,0.125827814569536,0.126867441308987,0.277548930770596,0,51.4,90.4
2013,REG+POST,00-0028009,D.Murray,DeMarco Murray,RB,RB,"https://static.www.nfl.com/image/private/f_auto,q_auto/league/lu4pqg7cvxbz7z4oormo",14,DAL,0,0,0,0,0,0,0,0,0,0,0,0,,0,,,217,1121,9,2,1,59,16.2320825380518,0,53,66,350,1,1,0,16,380,18,5.27350103495861,0,21.875,0.131212723658052,0.004346644933442,0.199861736940487,0,205.1,258.1
2013,REG+POST,00-0028011,S.Ridley,Stevan Ridley,RB,RB,"https://static.www.nfl.com/image/private/f_auto,q_auto/league/futdstbe48qaqcvtolzj",16,NE,0,0,0,0,0,0,0,0,0,0,0,0,,0,,,197,842,9,3,3,42,-17.8736154468497,1,10,12,62,0,1,1,6,57,2,-3.65469115739688,0,10.3333333333333,0.0454545454545455,0.0029717682020802,0.0702620559232743,0,138.4,148.4
2013,REG+POST,00-0028016,,Austin Pettis,WR,WR,,14,LA,0,0,0,0,0,0,0,0,0,0,0,0,,0,,,0,0,0,0,0,0,,0,38,63,399,4,0,0,628,118,25,21.2658891540658,0,0.635350318471338,0.135483870967742,0.17434758467518,0.325269115724239,0,63.9,101.9
2013,REG+POST,00-0028017,,Leonard Hankerson,WR,WR,,10,WAS,0,0,0,0,0,0,0,0,0,0,0,0,,0,,,0,0,0,0,0,0,,0,30,50,375,3,0,0,500,131,21,8.1507968029355,0,0.75,0.134048257372654,0.182348650619985,0.328716441492971,0,55.5,85.5
2013,REG+POST,00-0028020,,Vincent Brown,WR,WR,"https://static.www.nfl.com/image/private/f_auto,q_auto/league/oh5svrazghe5xnwz5jpw",17,LAC,0,0,0,0,0,0,0,0,0,0,0,0,,0,,,0,0,0,0,0,0,,0,41,70,472,1,0,0,852,84,28,8.84514860208089,0,0.553990610328639,0.124555160142349,0.191417658953044,0.320825101480654,0,53.2,94.2
2013,REG+POST,00-0028021,,Jerrel Jernigan,WR,WR,,9,NYG,0,0,0,0,0,0,0,0,0,0,0,0,,0,,,2,57,1,0,0,1,4.83491415833123,0,29,44,329,2,0,0,462,126,16,12.317672797828,0,0.712121212121212,0.130952380952381,0.149951314508277,0.301394491584365,0,56.6,85.6
2013,REG+POST,00-0028034,,Alex Green,RB,RB,,4,NYJ,0,0,0,0,0,0,0,0,0,0,0,0,,0,,,11,35,0,0,0,2,-4.51630598068005,0,2,2,8,0,0,0,-9,17,0,-0.11673633614555,0,-0.888888888888889,0.0285714285714286,-0.0169172932330827,0.031015037593985,0,4.3,6.3
2013,REG+POST,00-0028040,,Jordan Cameron,TE,TE,"https://static.www.nfl.com/image/private/f_auto,q_auto/league/oyhmlsxyzwbznmeqnf9i",15,CLE,0,0,0,0,0,0,0,0,0,0,0,0,,0,,,0,0,0,0,0,0,,0,80,118,917,7,1,0,1094,238,47,23.3064217456749,0,0.838208409506399,0.187301587301587,0.208619374523265,0.426985943118666,0,133.7,213.7
2013,REG+POST,00-0028043,,Roy Helu,RB,RB,"https://static.www.nfl.com/image/private/f_auto,q_auto/league/ahtlpumbpwlc7xm9ci9h",16,WAS,0,0,0,0,0,0,0,0,0,0,0,0,,0,,,62,274,4,1,0,18,-4.35352223057507,0,31,42,251,0,1,0,82,174,9,-7.26025193607948,0,3.0609756097561,0.0701168614357262,0.0159968786578229,0.116373107214065,0,76.5,107.5
2013,REG+POST,00-0028045,,Kris Durham,WR,WR,,16,DET,0,0,0,0,0,0,0,0,0,0,0,0,,0,,,0,0,0,0,0,0,,0,38,85,490,2,1,1,983,123,25,-7.8894924990485,0,0.498474059003052,0.136436597110754,0.188386354925259,0.336525344113813,0,59.0,97.0
2013,REG+POST,00-0028049,,Clyde Gates,WR,WR,,6,NYJ,0,0,0,0,0,0,0,0,0,0,0,0,,0,,,0,0,0,0,0,0,,0,12,24,122,0,0,0,259,26,5,-12.373917922223,0,0.471042471042471,0.126315789473684,0.134336099585062,0.28350895392007,0,12.2,24.2
2013,REG+POST,00-0028050,,Greg Salas,WR,WR,,5,NYJ,0,0,0,0,0,0,0,0,0,0,0,0,,0,,,0,0,0,0,0,0,,0,8,13,143,0,0,0,152,78,5,2.31033249822018,0,0.94078947368421,0.10077519379845,0.135593220338983,0.246078044934963,0,14.3,22.3
2013,REG+POST,00-0028051,,Chimdi Chekwa,DB,DB,"https://static.www.nfl.com/image/private/f_auto,q_auto/league/yxubap1powl4qoafgoob",1,LV,0,0,0,0,0,0,0,0,0,0,0,0,,0,,,0,0,0,0,0,0,,0,1,1,22,0,0,0,10,12,1,3.84682386787608,0,2.2,0.025,0.0291545189504373,0.0579081632653061,0,2.2,3.2
2013,REG+POST,00-0028052,,Cecil Shorts,WR,WR,"https://static.www.nfl.com/image/private/f_auto,q_auto/league/zdsyqinswn0k8664k9qs",13,JAX,0,0,0,0,0,0,0,0,0,0,0,0,,0,,,0,0,0,0,0,0,,0,66,125,777,3,0,0,1293,275,41,-11.1043329946801,0,0.60092807424594,0.268240343347639,0.413363171355499,0.691714734970308,0,95.7,161.7
2013,REG+POST,00-0028053,,Kendall Hunter,RB,RB,"https://static.www.nfl.com/image/private/f_auto,q_auto/league/m9tciwm7ffejuubhfh7n",19,SF,0,0,0,0,0,0,0,0,0,0,0,0,,0,,,92,405,3,1,1,21,-6.4816478639128,0,2,5,13,0,0,0,1,16,0,-1.78050025930861,0,13.0,0.0381679389312977,0.0010729613733905,0.05800298135832,1,63.8,65.8
2013,REG+POST,00-0028061,,Tandon Doss,WR,WR,,11,BAL,0,0,0,0,0,0,0,0,0,0,0,0,,0,,,0,0,0,0,0,0,,0,19,36,305,0,0,0,374,86,13,3.15031397060199,0,0.815508021390374,0.0962566844919786,0.116076970825574,0.22563890631587,1,36.5,55.5
2013,REG+POST,00-0028063,T.Jones,Taiwan Jones,RB,RB,"https://static.www.nfl.com/image/private/f_auto,q_auto/league/va09vgfr7bdc2wb6ikq4",4,LV,0,0,0,0,0,0,0,0,0,0,0,0,,0,,,5,23,0,0,0,1,0.817617578199133,0,2,3,55,0,0,0,12,40,1,2.74878048844403,0,4.58333333333333,0.0394736842105263,0.0185471406491499,0.0721935247701944,0,7.8,9.8
2013,REG+POST,00-0028064,B.Powell,Bilal Powell,RB,RB,"https://static.www.nfl.com/image/private/f_auto,q_auto/league/a5qlloemeetaqawzwuf7",16,NYJ,1,1,30,0,0,0,0,0,0,20,10,1,2.28308671922423,0,1.5,,176,697,1,1,0,35,-20.3138142154286,0,36,57,272,0,0,0,-2,313,13,-6.89888403627632,0,-136.0,0.119246861924686,-0.0005571030640668,0.178480320742183,0,104.1,140.1
2013,REG+POST,00-0028067,J.Thomas,Julius Thomas,TE,TE,"https://static.www.nfl.com/image/private/f_auto,q_auto/league/ephrfopvlebj4fdcl67a",17,DEN,0,0,0,0,0,0,0,0,0,0,0,0,,0,,,0,0,0,0,0,0,,0,83,114,976,12,1,1,789,495,50,54.1408280522534,0,1.23700887198986,0.156378600823045,0.140566541956173,0.332964480603889,0,167.6,250.6
2013,REG+POST,00-0028074,A.Sherman,Anthony Sherman,RB,RB,"https://static.www.nfl.com/image/private/f_auto,q_auto/league/ibmfpy4ztgmqfwtood5x",12,KC,0,0,0,0,0,0,0,0,0,0,0,0,,0,,,2,3,0,0,0,1,0.444237646501279,0,20,26,156,2,1,1,-16,165,9,4.44207067144453,0,-9.75,0.0643564356435644,-0.0058181818181818,0.0924619261926193,0,25.9,45.9
2013,REG+POST,00-0028079,,D.J. Williams,TE,TE,,2,NE,0,0,0,0,0,0,0,0,0,0,0,0,,0,,,0,0,0,0,0,0,,0,0,2,0,0,0,0,19,0,0,-5.95251651125727,0,0.0,0.0333333333333333,0.0477386934673367,0.0834170854271357,0,0.0,0.0
2013,REG+POST,00-0028082,,Shiloh Keo,DB,DB,"https://static.www.nfl.com/image/private/f_auto,q_auto/league/gfwxapy3hno4ewpowrcm",1,HOU,0,0,0,0,0,0,0,0,0,0,0,0,,0,,,1,8,0,0,0,1,2.32155332993716,0,0,0,0,0,0,0,0,0,0,,0,,,,,0,0.8,0.8
2013,REG+POST,00-0028083,J.Rodgers,Jacquizz Rodgers,RB,RB,"https://static.www.nfl.com/image/private/f_auto,q_auto/league/ztmescfueap5glplyf7w",15,ATL,0,0,0,0,0,0,0,0,0,0,0,0,,0,,,96,332,2,0,0,19,-12.0503125784162,0,52,62,341,2,1,1,19,359,12,0.574350508973831,0,17.9473684210526,0.101973684210526,0.0046082949308755,0.156186332767402,0,89.3,141.3
2013,REG+POST,00-0028086,,Denarius Moore,WR,WR,"https://static.www.nfl.com/image/private/f_auto,q_auto/league/sttop34l1fezi28ls4d9",13,LV,0,0,0,0,0,0,0,0,0,0,0,0,,0,,,0,0,0,0,0,0,,0,46,86,695,5,0,0,860,274,36,8.82031803761493,0,0.808139534883721,0.209756097560976,0.262515262515263,0.498394830102147,0,99.5,145.5
2013,REG+POST,00-0028090,T.Yates,T.J. Yates,QB,QB,"https://static.www.nfl.com/image/private/f_auto,q_auto/league/h8x0pbhc1s5dwjuzipsb",2,HOU,15,22,113,0,2,2,7,1,0,113,45,7,-11.5007390751853,0,1.0,0.0401652602373628,1,0,0,0,0,0,-3.82723386329599,0,0,0,0,0,0,0,0,0,0,,0,,,,,0,0.52,0.52
2013,REG+POST,00-0028091,J.Kerley,Jeremy Kerley,WR,WR,"https://static.www.nfl.com/image/private/f_auto,q_auto/league/lsfc40maht2r3k0ctu1b",12,NYJ,0,1,0,0,0,0,0,0,0,8,0,0,-1.83867442747578,0,0.0,,4,11,0,0,0,0,-2.18856388749555,0,43,72,523,3,0,0,633,178,30,17.9857561850328,0,0.826224328593997,0.198895027624309,0.206862745098039,0.443146463005092,0,71.4,114.4
2013,REG+POST,00-0028093,N.Paul,Niles Paul,TE,TE,"https://static.www.nfl.com/image/private/f_auto,q_auto/league/c2hufhhjyuitenxujhpz",5,WAS,0,0,0,0,0,0,0,0,0,0,0,0,,0,,,0,0,0,0,0,0,,0,4,8,51,0,0,0,51,22,2,-0.218707285408229,0,1.0,0.04,0.0297723292469352,0.0808406304728547,0,5.1,9.1
2013,REG+POST,00-0028097,L.Smith,Lee Smith,TE,TE,"https://static.www.nfl.com/image/private/f_auto,q_auto/league/gcaqwhzrinlqicrljwlr",7,BUF,0,0,0,0,0,0,0,0,0,0,0,0,,0,,,0,0,0,0,0,0,,0,5,9,78,0,0,0,55,41,4,2.37373612918112,0,1.41818181818182,0.0412844036697248,0.0355297157622739,0.0867974065381789,0,7.8,12.8
2013,REG+POST,00-0028112,C.Clay,Charles Clay,TE,TE,"https://static.www.nfl.com/image/private/f_auto,q_auto/league/gbfhfjn5cxtou5aazegt",16,MIA,0,0,0,0,0,0,0,0,0,0,0,0,,0,,,7,15,1,0,0,2,-4.02963844646001,0,69,102,759,6,0,0,715,357,36,31.7812252819052,0,1.06153846153846,0.175257731958763,0.126080056427438,0.351142637437351,0,119.4,188.4
2013,REG+POST,00-0028114,D.Harris,Dwayne Harris,WR,WR,"https://static.www.nfl.com/image/private/f_auto,q_auto/league/cz34jefkstkm3mvjznvg",10,DAL,0,0,0,0,0,0,0,0,0,0,0,0,,0,,,1,6,0,0,0,0,0.345162095036358,0,9,14,80,2,0,0,97,36,5,2.50776568186831,0,0.824742268041237,0.0482758620689655,0.0437725631768953,0.103054587327275,1,26.6,35.6
2013,REG+POST,00-0028115,,Evan Royster,RB,RB,,2,WAS,0,0,0,0,0,0,0,0,0,0,0,0,,0,,,2,0,0,0,0,0,-1.91482657194138,0,1,1,3,0,0,0,-4,7,0,-0.859055686276406,0,-0.75,0.024390243902439,-0.0099009900990099,0.0296546727843516,0,0.3,1.3
2013,REG+POST,00-0028116,A.Robinson,Aldrick Robinson,WR,WR,"https://static.www.nfl.com/image/private/f_auto,q_auto/league/lzdmahvzc7tm4pulh2sj",13,WAS,0,0,0,0,0,0,0,0,0,0,0,0,,0,,,3,-4,0,0,0,0,-2.12600233731791,0,18,46,365,2,0,0,862,86,14,8.38602967394903,0,0.423433874709977,0.0925553319919517,0.195686719636776,0.275813701733671,0,48.1,66.1
2013,REG+POST,00-0028118,T.Taylor,Tyrod Taylor,QB,QB,"https://static.www.nfl.com/image/upload/f_auto,q_auto/league/xk8e04jdsvigd6fky3uy",3,BAL,1,5,2,0,1,0,0,0,0,27,1,0,-10.2417774235364,0,0.0740740740740741,-0.272304878891162,8,64,0,0,0,5,-4.91080387012335,0,1,1,6,0,0,0,-2,8,0,-1.10158764291555,0,0.0,0.037037037037037,-0.006578947368421,0.0509502923976608,0,5.08,6.08
2013,REG+POST,00-0028119,,Richard Gordon,TE,TE,"https://static.www.nfl.com/image/private/f_auto,q_auto/league/d6n88ld1jh7hkg7lynur",1,KC,0,0,0,0,0,0,0,0,0,0,0,0,,0,,,0,0,0,0,0,0,,0,1,1,3,0,0,0,1,2,0,-0.168912638211623,0,3.0,0.0333333333333333,0.006060606060606,0.0542424242424243,0,0.3,1.3
2013,REG+POST,00-0028121,J.Todman,Jordan Todman,RB,RB,"https://static.www.nfl.com/image/private/f_auto,q_auto/league/lhoxroo20gf8a3mbiczr",15,JAX,0,0,0,0,0,0,0,0,0,0,0,0,,0,,,76,256,2,0,0,16,-4.59810952456966,0,14,26,116,1,0,0,31,96,6,-5.79568796808599,0,3.74193548387097,0.0716253443526171,0.0134257254222607,0.116836024324508,0,55.2,69.2
2013,REG+POST,00-0028142,V.Green,Virgil Green,TE,TE,"https://static.www.nfl.com/image/private/f_auto,q_auto/league/wcdedz1qf7ybkujat6bu",11,DEN,0,0,0,0,0,0,0,0,0,0,0,0,,0,,,1,6,0,0,0,0,0.362656453624368,0,10,13,48,0,0,0,45,19,0,-2.88231134263333,0,1.06666666666667,0.032994923857868,0.0152749490835031,0.0601848501452542,0,5.4,15.4
2013,REG+POST,00-0028149,B.Miller,Bruce Miller,FB,RB,"https://static.www.nfl.com/image/private/f_auto,q_auto/league/xmxfgtmbvqxhpp3ldkwq",13,SF,0,0,0,0,0,0,0,0,0,0,0,0,,0,,,7,13,0,0,0,3,-0.543491620537099,0,25,36,243,0,1,0,115,180,12,6.05818292486947,0,2.11304347826087,0.107784431137725,0.0365543547361729,0.187264695021908,0,25.6,50.6
2013,REG+POST,00-0028156,,Ryan Taylor,TE,TE,,6,GB,0,0,0,0,0,0,0,0,0,0,0,0,,0,,,0,0,0,0,0,0,,0,6,9,30,0,1,0,44,15,2,0.94213145703543,0,0.681818181818182,0.0441176470588235,0.0280612244897959,0.0858193277310924,0,3.0,9.0
2013,REG+POST,00-0028159,,Da'Rel Scott,RB,RB,,5,NYG,0,0,0,0,0,0,0,0,0,0,0,0,,0,,,20,73,0,0,0,3,-5.8640796727268,0,11,19,102,1,0,0,-1,112,3,-6.89022263715742,0,-102.0,0.105555555555556,-0.0005282620179609,0.157963549920761,0,23.5,34.5
2013,REG+POST,00-0028174,,Stephen Burton,WR,WR,,3,JAX,0,0,0,0,0,0,0,0,0,0,0,0,,0,,,1,-9,0,0,0,0,-1.51054573943838,0,8,13,76,0,0,0,75,35,4,1.32865097542521,0,1.01333333333333,0.135416666666667,0.106685633001422,0.277804943100996,0,6.7,14.7
2013,REG+POST,00-0028178,,Stanley Havili,FB,RB,,12,IND,0,0,0,0,0,0,0,0,0,0,0,0,,0,,,7,7,0,0,0,1,-4.73483594489517,0,19,24,132,1,0,0,38,117,6,-1.83018433691336,0,3.47368421052632,0.0533333333333333,0.0114734299516908,0.0880314009661836,0,19.9,38.9
2013,REG+POST,00-0028198,,Matt Asiata,RB,RB,,2,MIN,0,0,0,0,0,0,0,0,0,0,0,0,,0,,,44,166,3,1,1,11,-6.62394073486212,0,5,8,13,0,0,0,-15,22,1,-3.38096058869269,0,-0.866666666666667,0.117647058823529,-0.0283018867924528,0.156659267480577,0,33.9,38.9
2013,REG+POST,00-0028202,S.Draughn,Shaun Draughn,RB,RB,"https://static.www.nfl.com/image/private/f_auto,q_auto/league/bxkirs3zrup0djv8x2ns",1,BAL,0,0,0,0,0,0,0,0,0,0,0,0,,0,,,4,2,0,0,0,1,-1.15590972767677,0,0,0,0,0,0,0,0,0,0,,0,,,,,0,0.2,0.2
2013,REG+POST,00-0028237,C.Hogan,Chris Hogan,WR,WR,"https://static.www.nfl.com/image/private/f_auto,q_auto/league/fmpqnciwjqicsjzy63mc",6,BUF,0,0,0,0,0,0,0,0,0,0,0,0,,0,,,0,0,0,0,0,0,,0,10,17,83,0,0,0,132,27,4,-0.129978187228013,0,0.628787878787879,0.086734693877551,0.0858257477243173,0.190180064223349,0,8.3,18.3
2013,REG+POST,00-0028238,,Konrad Reuland,TE,TE,,2,NYJ,0,0,0,0,0,0,0,0,0,0,0,0,,0,,,0,0,0,0,0,0,,0,1,3,7,0,0,0,44,5,0,-5.68417719576974,0,0.159090909090909,0.0416666666666667,0.0688575899843506,0.110700312989045,0,0.7,1.7
2013,REG+POST,00-0028249,J.Ross,Jeremy Ross,WR,WR,"https://static.www.nfl.com/image/private/f_auto,q_auto/league/r5cp8mxbvtn7tomfavni",7,DET,0,0,0,0,0,0,0,0,0,0,0,0,,0,,,2,40,0,0,0,2,2.62278320686892,0,6,12,67,1,0,0,71,19,6,-5.78064374827517,0,0.943661971830986,0.0597014925373134,0.0373880989994734,0.115723908105602,2,28.7,34.7
2013,REG+POST,00-0028263,A.Holmes,Andre Holmes,WR,WR,"https://static.www.nfl.com/image/private/f_auto,q_auto/league/ujb4sism9jdte3o8ofve",10,LV,0,0,0,0,0,0,0,0,0,0,0,0,,0,,,0,0,0,0,0,0,,0,25,52,431,1,0,0,750,111,21,6.18147367849117,0,0.574666666666667,0.161993769470405,0.276141384388807,0.436289623277772,0,49.1,74.1
2013,REG+POST,00-0028267,,Allen Reisner,TE,TE,"https://static.www.nfl.com/image/private/f_auto,q_auto/league/onxfr5rajtibpckwkgol",4,JAX,0,0,0,0,0,0,0,0,0,0,0,0,,0,,,0,0,0,0,0,0,,0,5,9,40,0,0,0,61,10,1,-1.97411449899664,0,0.655737704918033,0.0620689655172414,0.0638075313807531,0.137768720242389,0,4.0,9.0
2013,REG+POST,00-0028270,,Weslye Saunders,TE,TE,,5,IND,0,0,0,0,0,0,0,0,0,0,0,0,,0,,,0,0,0,0,0,0,,0,4,11,46,0,0,0,103,13,3,-1.35467438865453,0,0.446601941747573,0.0558375634517767,0.0727401129943503,0.13467442427371,0,4.6,8.6
2013,REG+POST,00-0028293,,Michael Campbell,WR,WR,,1,NYJ,0,0,0,0,0,0,0,0,0,0,0,0,,0,,,0,0,0,0,0,0,,0,0,2,0,0,0,0,49,0,0,-1.00852297840174,0,0.0,0.0555555555555556,0.21875,0.236458333333333,0,0.0,0.0
2013,REG+POST,00-0028307,,Drew Davis,WR,WR,,8,ATL,0,0,0,0,0,0,0,0,0,0,0,0,,0,,,0,0,0,0,0,0,,0,12,17,216,2,0,0,169,110,9,6.86572305858135,0,1.27810650887574,0.055921052631579,0.085010060362173,0.14338862120089,0,33.6,45.6
2013,REG+POST,00-0028345,,Robert Hughes,RB,RB,,1,IND,0,0,0,0,0,0,0,0,0,0,0,0,,0,,,0,0,0,0,0,0,,0,1,2,6,0,0,0,10,7,0,-0.387020043097436,0,0.6,0.0689655172413793,0.0387596899224806,0.130580058807805,0,0.6,1.6
2013,REG+POST,00-0028347,,Spencer Lanning,P,SPEC,"https://static.www.nfl.com/image/private/f_auto,q_auto/league/fs56vzwpahenlqxrlt58",1,CLE,1,1,11,1,0,0,0,0,0,10,1,1,4.24524055962684,0,1.1,,0,0,0,0,0,0,,0,0,0,0,0,0,0,0,0,0,,0,,,,,0,4.44,4.44
2013,REG+POST,00-0028352,,Dane Sanzenbacher,WR,WR,,6,CIN,0,0,0,0,0,0,0,0,0,0,0,0,,0,,,0,0,0,0,0,0,,0,6,8,61,0,0,0,64,32,3,4.50912681453215,0,0.953125,0.0344827586206897,0.0311435523114355,0.0735246245490394,0,6.1,12.1
2013,REG+POST,00-0028362,,Michael Preston,WR,WR,,3,TEN,0,0,0,0,0,0,0,0,0,0,0,0,,0,,,0,0,0,0,0,0,,0,5,7,37,2,0,0,52,4,2,-0.361246771464009,0,0.711538461538462,0.0608695652173913,0.0441051738761662,0.122177969539403,0,15.7,20.7
2013,REG+POST,00-0028434,D.Baldwin,Doug Baldwin,WR,WR,"https://static.www.nfl.com/image/private/f_auto,q_auto/league/kccmcttfdtl7m3g49vb8",19,SEA,0,0,0,0,0,0,0,0,0,0,0,0,,0,,,2,6,0,0,0,0,-0.332115168857854,0,63,88,980,6,0,0,1008,277,45,61.2534478922598,0,0.972222222222222,0.185654008438819,0.226822682268227,0.437256890245987,0,134.6,197.6
2013,REG+POST,00-0028442,,Ricardo Lockette,WR,WR,"https://static.www.nfl.com/image/private/f_auto,q_auto/league/ndopq6pewcj9dfr27hlc",8,SEA,0,0,0,0,0,0,0,0,0,0,0,0,,0,,,1,-2,0,0,0,0,-0.835696381982416,0,6,9,101,0,0,0,173,13,4,3.46931382926414,0,0.583815028901734,0.0447761194029851,0.0921683537559936,0.131682026733673,0,9.9,15.9
2013,REG+POST,00-0028492,,Henry Hynoski,FB,RB,,2,NYG,0,0,0,0,0,0,0,0,0,0,0,0,,0,,,0,0,0,0,0,0,,0,1,2,5,0,0,0,-5,11,0,-0.726871519582346,0,-1.0,0.0294117647058824,-0.007587253414264,0.0388065696688387,0,0.5,1.5
2013,REG+POST,00-0028542,,Lestar Jean,WR,WR,,6,HOU,0,0,0,0,0,0,0,0,0,0,0,0,,0,,,0,0,0,0,0,0,,0,4,8,35,0,0,0,95,3,3,2.51143902252079,0,0.368421052631579,0.0361990950226244,0.0512958963282937,0.0902057699637423,0,3.5,7.5
2013,REG+POST,00-0028543,,Jeff Maehl,,,,5,PHI,0,0,0,0,0,0,0,0,0,0,0,0,,0,,,0,0,0,0,0,0,,0,4,9,67,1,0,0,100,34,3,3.35727599973325,0,0.67,0.0545454545454545,0.0664893617021277,0.128360735009671,0,12.7,16.7
2013,REG+POST,00-0028581,P.DiMarco,Patrick DiMarco,FB,RB,"https://static.www.nfl.com/image/private/f_auto,q_auto/league/chit1zcsfqaoqzkqc9eh",9,ATL,0,0,0,0,0,0,0,0,0,0,0,0,,0,,,0,0,0,0,0,0,,0,8,10,49,0,0,0,14,36,1,-7.10284434776986,0,3.5,0.026246719160105,0.0060189165950129,0.0435833203566665,0,4.9,12.9
2013,REG+POST,00-0028595,S.Tolzien,Scott Tolzien,QB,QB,"https://static.www.nfl.com/image/private/f_auto,q_auto/league/kt8ji3aejylpnpskeqzn",3,GB,55,90,717,1,5,3,26,0,0,653,338,29,-12.4101228005593,0,1.09800918836141,0.0529120404714722,5,55,1,0,0,4,2.93457923116512,0,0,0,0,0,0,0,0,0,0,,0,,,,,0,34.18,34.18
2013,REG+POST,00-0028596,,Tori Gurley,WR,WR,,2,CLE,0,0,0,0,0,0,0,0,0,0,0,0,,0,,,0,0,0,0,0,0,,0,1,3,15,0,0,0,36,2,1,-0.116592741804197,0,0.416666666666667,0.0333333333333333,0.0482573726541555,0.0837801608579088,0,1.5,2.5
2013,REG+POST,00-0028598,,M.D. Jennings,FS,DB,,1,GB,0,0,0,0,0,0,0,0,0,0,0,0,,0,,,1,6,0,0,0,0,-1.66270224098116,0,0,0,0,0,0,0,0,0,0,,0,,,,,0,0.6,0.6
2013,REG+POST,00-0028606,,Kerry Taylor,WR,WR,,6,JAX,0,0,0,0,0,0,0,0,0,0,0,0,,0,,,0,0,0,0,0,0,,0,22,34,229,1,0,0,239,84,12,4.24726039147049,0,0.9581589958159,0.146551724137931,0.152618135376756,0.326660280970626,0,28.9,50.9
2013,REG+POST,00-0028613,,Phillip Tanner,RB,RB,,5,DAL,0,0,0,0,0,0,0,0,0,0,0,0,,0,,,9,12,1,1,0,2,-2.80927893240363,0,3,4,33,0,0,0,1,33,1,-4.20883882953785,0,33.0,0.0317460317460317,0.0017889087656529,0.0488712837550047,0,10.5,13.5
2013,REG+POST,00-0028651,,Mike McNeill,TE,TE,,1,LA,0,0,0,0,0,0,0,0,0,0,0,0,,0,,,0,0,0,0,0,0,,0,1,1,5,0,0,0,-3,8,0,-0.0535473974887282,0,0.0,0.0185185185185185,-0.0078947368421052,0.0222514619883041,0,0.5,1.5
2013,REG+POST,00-0028706,,Armond Smith,RB,RB,,2,CAR,0,0,0,0,0,0,0,0,0,0,0,0,,0,,,4,5,0,0,0,0,-3.25368062104099,0,0,0,0,0,0,0,0,0,0,,0,,,,,0,0.5,0.5
2013,REG+POST,00-0028792,,Kevin Cone,WR,WR,,1,ATL,0,0,0,0,0,0,0,0,0,0,0,0,,0,,,0,0,0,0,0,0,,0,1,1,12,0,0,0,8,4,1,1.60099685820751,0,1.5,0.0222222222222222,0.025,0.0508333333333333,0,1.2,2.2
2013,REG+POST,00-0028825,T.Pryor,Terrelle Pryor,WR,WR,"https://static.www.nfl.com/image/private/f_auto,q_auto/league/ac6blk5o4ztsr7hvtil9",11,LV,156,272,1798,7,11,31,203,5,1,2107,926,85,-38.6524728494457,0,0.853345989558614,0.0126371858164345,83,576,2,2,1,27,11.9574298278443,0,0,0,0,0,0,0,0,0,0,,0,,,,,0,143.52,143.52
2013,REG+POST,00-0028838,L.Donnell,Larry Donnell,TE,TE,"https://static.www.nfl.com/image/private/f_auto,q_auto/league/beuv1dnhzlntfnnvh2zv",4,NYG,0,0,0,0,0,0,0,0,0,0,0,0,,0,,,0,0,0,0,0,0,,0,3,6,31,0,0,0,74,10,2,-0.613367457757704,0,0.418918918918919,0.0394736842105263,0.053314121037464,0.0965304110420142,0,3.1,6.1
2013,REG+POST,00-0028841,,Will Johnson,RB,RB,"https://static.www.nfl.com/image/private/f_auto,q_auto/league/zon7oejkgzgqyzcdhach",9,PIT,0,0,0,0,0,0,0,0,0,0,0,0,,0,,,0,0,0,0,0,0,,0,8,11,41,1,0,0,35,37,2,4.17977748438716,0,1.17142857142857,0.0348101265822785,0.0146321070234114,0.0624576647898057,0,10.1,18.1
2013,REG+POST,00-0028862,B.Harris,Bryce Harris,T,OL,"https://static.www.nfl.com/image/private/f_auto,q_auto/league/fkjroxfotaqt7b66myao",1,NO,0,0,0,0,0,0,0,0,0,0,0,0,,0,,,0,0,0,0,0,0,,0,0,1,0,0,0,0,1,0,0,-0.29326670645969,0,0.0,0.0178571428571429,0.0033222591362126,0.0291112956810631,0,0.0,0.0
2013,REG+POST,00-0028863,,Dominique Davis,QB,QB,,1,ATL,5,7,34,0,0,0,0,0,0,43,15,2,0.165296938503161,1,0.790697674418605,0.160187394772214,0,0,0,0,0,0,,0,0,0,0,0,0,0,0,0,0,,0,,,,,0,3.36,3.36
2013,REG+POST,00-0028872,J.Hekker,Johnny Hekker,P,SPEC,"https://static.www.nfl.com/image/upload/f_auto,q_auto/league/bcl8kjfwubicyywpxfny",1,LA,0,1,0,0,0,0,0,0,0,18,0,0,-1.82400769251399,0,0.0,,0,0,0,0,0,0,,0,0,0,0,0,0,0,0,0,0,,0,,,,,0,0.0,0.0
2013,REG+POST,00-0028876,,Collin Mooney,RB,RB,,5,TEN,0,0,0,0,0,0,0,0,0,0,0,0,,0,,,0,0,0,0,0,0,,0,6,6,32,0,0,0,0,32,1,-0.0250375626492314,0,0.0,0.0372670807453416,0.0,0.0559006211180124,0,3.2,9.2
2013,REG+POST,00-0028895,,Delano Howell,FS,DB,,1,IND,0,0,0,0,0,0,0,0,0,0,0,0,,0,,,0,0,0,0,0,0,,0,0,0,0,0,0,0,0,0,0,,0,,,,,1,6.0,6.0
2013,REG+POST,00-0028903,G.Celek,Garrett Celek,TE,TE,"https://static.www.nfl.com/image/private/f_auto,q_auto/league/hin5nyuakhpbngjhepty",4,SF,0,0,0,0,0,0,0,0,0,0,0,0,,0,,,0,0,0,0,0,0,,0,3,5,44,0,1,0,57,22,1,1.74891911703162,0,0.771929824561403,0.0427350427350427,0.052924791086351,0.10114991786301,0,4.4,7.4
2013,REG+POST,00-0028905,,Chris Owusu,WR,WR,"https://static.www.nfl.com/image/private/f_auto,q_auto/league/jt4c83h8nuz5einex0ya",6,TB,0,0,0,0,0,0,0,0,0,0,0,0,,0,,,0,0,0,0,0,0,,0,13,20,114,0,0,0,210,39,5,-0.465630592778325,0,0.542857142857143,0.1,0.113390928725702,0.229373650107991,0,11.4,24.4
2013,REG+POST,00-0028930,,Josh Cooper,WR,WR,,2,CLE,0,0,0,0,0,0,0,0,0,0,0,0,,0,,,0,0,0,0,0,0,,0,9,14,60,0,0,0,82,20,5,-0.481219819572289,0,0.731707317073171,0.17283950617284,0.114525139664804,0.339426857024622,0,6.0,15.0
2013,REG+POST,00-0028943,S.Johnson,Steven Johnson,ILB,LB,"https://static.www.nfl.com/image/private/f_auto,q_auto/league/rexvwdi8c46s7uuztqup",1,DEN,0,0,0,0,0,0,0,0,0,0,0,0,,0,,,0,0,0,0,0,0,,0,0,0,0,0,0,0,0,0,0,,0,,,,,1,6.0,6.0
2013,REG+POST,00-0028958,C.Harkey,Cory Harkey,TE,TE,"https://static.www.nfl.com/image/private/f_auto,q_auto/league/qnxxlalj3rx8oueqjgsv",10,LA,0,0,0,0,0,0,0,0,0,0,0,0,,0,,,0,0,0,0,0,0,,0,13,18,113,2,0,0,1,113,7,7.08715099720623,0,113.0,0.06,0.000463392029657,0.09032437442076,0,23.3,36.3
2013,REG+POST,00-0028984,,Brian Tyms,WR,WR,"https://static.www.nfl.com/image/private/f_auto,q_auto/league/elkf36ujpqmgvkv7griq",4,CLE,0,0,0,0,0,0,0,0,0,0,0,0,,0,,,0,0,0,0,0,0,,0,2,5,12,0,0,0,43,0,2,0.638035536278039,0,0.27906976744186,0.0280898876404494,0.0323065364387678,0.0647494069678116,0,1.2,3.2
2013,REG+POST,00-0028986,C.Keenum,Case Keenum,QB,QB,"https://static.www.nfl.com/image/upload/f_auto,q_auto/league/zj2xieg6nctsabgzu65n",8,HOU,137,253,1760,9,6,19,201,6,2,2247,697,76,-31.3143730154049,0,0.783266577659101,-0.0040953645351921,14,72,1,0,0,6,6.75259466096759,0,0,0,0,0,0,0,0,0,0,,0,,,,,0,103.6,103.6
2013,REG+POST,00-0028994,,Dominique Jones,TE,TE,"https://static.www.nfl.com/image/private/f_auto,q_auto/league/idkomraqkcnmkivkqjwk",2,IND,0,0,0,0,0,0,0,0,0,0,0,0,,0,,,0,0,0,0,0,0,,0,2,3,34,0,0,0,25,27,2,2.43849100341322,0,1.36,0.037037037037037,0.028604118993135,0.0755784388507501,0,3.4,5.4
2013,REG+POST,00-0028995,,Stephen Hill,WR,WR,,12,NYJ,0,0,0,0,0,0,0,0,0,0,0,0,,0,,,0,0,0,0,0,0,,0,24,59,342,1,1,1,861,91,15,-25.110304083208,0,0.397212543554007,0.163888888888889,0.247983870967742,0.419422043010753,0,38.2,62.2
2013,REG+POST,00-0029000,C.Beasley,Cole Beasley,WR,WR,"https://static.www.nfl.com/image/private/f_auto,q_auto/league/y5r0fhwctl6ljwvmktvu",14,DAL,0,0,0,0,0,0,0,0,0,0,0,0,,0,,,0,0,0,0,0,0,,0,39,54,368,2,1,0,257,183,20,19.8530018692686,0,1.43190661478599,0.110429447852761,0.0619127920982896,0.208983126247944,0,48.8,87.8
2013,REG+POST,00-0029004,L.Dunbar,Lance Dunbar,RB,RB,"https://static.www.nfl.com/image/private/f_auto,q_auto/league/mwxzuvjfvoecnoze3aty",7,DAL,0,0,0,0,0,0,0,0,0,0,0,0,,0,,,30,150,0,0,0,8,1.37089143937919,0,7,7,59,0,1,1,-2,61,2,-1.84369474533014,0,-29.5,0.0432098765432099,-0.0017921146953405,0.0635603345280765,0,18.9,25.9
2013,REG+POST,00-0029006,,Saalim Hakim,WR,WR,"https://static.www.nfl.com/image/private/f_auto,q_auto/league/iu0lhei1kyagagdhf9zg",2,NYJ,0,0,0,0,0,0,0,0,0,0,0,0,,0,,,2,-3,0,0,0,0,-1.21455857739784,0,0,1,0,0,0,0,43,0,0,-0.764715906232595,0,0.0,0.0357142857142857,0.18695652173913,0.18444099378882,0,-0.3,-0.3
2013,REG+POST,00-0029033,G.Whalen,Griff Whalen,WR,WR,"https://static.www.nfl.com/image/private/f_auto,q_auto/league/zx4nnnnmgl0kvguwpiuz",9,IND,0,0,0,0,0,0,0,0,0,0,0,0,,0,,,0,0,0,0,0,0,,0,31,53,352,2,0,0,426,154,20,17.9801931194771,0,0.826291079812207,0.145604395604396,0.142142142142142,0.317906092906093,0,47.2,78.2
2013,REG+POST,00-0029048,J.Banyard,Joe Banyard,RB,RB,"https://static.www.nfl.com/image/private/f_auto,q_auto/league/lfs1r2hsxdjmhp57mjvw",1,MIN,0,0,0,0,0,0,0,0,0,0,0,0,,0,,,0,0,0,0,0,0,,0,1,1,11,0,0,0,-1,12,1,0.422149342717603,0,-11.0,0.037037037037037,-0.0033783783783783,0.0531906906906907,0,1.1,2.1
2013,REG+POST,00-0029051,,Jarrett Boykin,WR,WR,,13,GB,0,0,0,0,0,0,0,0,0,0,0,0,,0,,,0,0,0,0,0,0,,0,49,84,681,3,0,0,838,256,34,17.5883597948075,0,0.812649164677804,0.194895591647332,0.254788689571298,0.470695470170906,0,86.1,135.1
2013,REG+POST,00-0029068,D.Coleman,Derrick Coleman,FB,RB,"https://static.www.nfl.com/image/private/f_auto,q_auto/league/jmgzlxi6qlrvvyrzkuh2",6,SEA,0,0,0,0,0,0,0,0,0,0,0,0,,0,,,2,3,0,0,0,0,-1.70099164661951,0,8,8,62,1,1,0,16,46,4,7.80507051403401,0,3.875,0.0487804878048781,0.014519056261343,0.0833340710902572,0,12.5,20.5
2013,REG+POST,00-0029098,,Eric Page,WR,WR,,5,TB,0,0,0,0,0,0,0,0,0,0,0,0,,0,,,2,14,0,0,0,1,0.703538246743847,0,4,9,68,0,0,0,92,21,3,-2.44236955331871,0,0.739130434782609,0.075,0.0824372759856631,0.170206093189964,0,8.2,12.2
2013,REG+POST,00-0029108,,Derek Moye,WR,WR,,4,PIT,0,0,0,0,0,0,0,0,0,0,0,0,,0,,,0,0,0,0,0,0,,0,2,6,20,1,0,0,122,1,2,-0.999554060603207,0,0.163934426229508,0.0434782608695652,0.0832196452933152,0.123471143009668,0,8.0,10.0
2013,REG+POST,00-0029129,R.Streater,Rod Streater,WR,WR,"https://static.www.nfl.com/image/private/f_auto,q_auto/league/szf4hqnrz6egphxvcwnf",16,LV,0,0,0,0,0,0,0,0,0,0,0,0,,0,,,2,17,0,0,0,0,-0.602268391055986,0,60,99,888,4,1,1,1140,314,39,26.4982965195156,0,0.778947368421053,0.19488188976378,0.272792534099067,0.483277608515016,0,112.5,172.5
2013,REG+POST,00-0029137,A.Jeffery,Alshon Jeffery,WR,WR,"https://static.www.nfl.com/image/private/f_auto,q_auto/league/qrbsgwhzlsmwgkdfjryh",16,CHI,0,0,0,0,0,0,0,0,0,0,0,0,,0,,,16,105,0,0,0,6,1.38277557399124,0,89,150,1421,7,3,1,1867,415,62,56.2925160826433,1,0.76111408677022,0.263157894736842,0.372952457051538,0.65580356204134,0,194.6,283.6
2013,REG+POST,00-0029140,,Chris Rainey,RB,RB,,1,IND,0,0,0,0,0,0,0,0,0,0,0,0,,0,,,0,0,0,0,0,0,,0,0,1,0,0,0,0,0,0,0,-0.431572293746285,0,,0.0217391304347826,,,0,0.0,0.0
2013,REG+POST,00-0029141,A.Morris,Alfred Morris,RB,RB,"https://static.www.nfl.com/image/private/f_auto,q_auto/league/igrm4hy4pishp4rdamin",16,WAS,0,0,0,0,0,0,0,0,0,0,0,0,,0,,,276,1275,7,5,4,57,-16.8458329625428,0,9,12,78,0,0,0,11,79,2,1.8399695752305,0,7.09090909090909,0.0358208955223881,0.0040366972477064,0.0565570313569766,0,169.3,178.3
2013,REG+POST,00-0029143,,Josh Bush,DB,DB,"https://static.www.nfl.com/image/private/f_auto,q_auto/league/tjyy21f6wt9yzdzpinzs",1,NYJ,0,1,0,0,0,0,0,0,0,11,0,0,-2.31462632957846,0,0.0,,0,0,0,0,0,0,,0,0,0,0,0,0,0,0,0,0,,0,,,,,0,0.0,0.0
2013,REG+POST,00-0029151,M.Simms,Matt Simms,QB,QB,"https://static.www.nfl.com/image/private/f_auto,q_auto/league/cp7lmyzswrpku14vurnj",3,NYJ,16,31,156,1,1,4,23,0,0,276,66,8,-10.8989751765039,0,0.565217391304348,0.007386486788699,5,37,0,1,1,1,-5.83178763708565,0,0,0,0,0,0,0,0,0,0,,0,,,,,0,9.94,9.94
2013,REG+POST,00-0029155,,Mike Brown,WR,WR,,11,JAX,0,0,0,0,0,0,0,0,0,0,0,0,,0,,,0,0,0,0,0,0,,0,32,56,446,2,2,1,550,154,20,8.10075533152742,0,0.810909090909091,0.134292565947242,0.204613095238095,0.34466801558753,0,54.6,86.6
2013,REG+POST,00-0029159,J.Kearse,Jermaine Kearse,WR,WR,"https://static.www.nfl.com/image/private/f_auto,q_auto/league/tvnzajvst7kdglamw4t6",17,SEA,0,0,0,0,0,0,0,0,0,0,0,0,,0,,,0,0,0,0,0,0,,0,29,49,480,6,1,0,820,74,21,33.352671570582,0,0.585365853658537,0.112385321100917,0.199464850401362,0.30820337693233,0,84.0,113.0
2013,REG+POST,00-0029183,,Danny Noble,TE,TE,,2,JAX,0,0,0,0,0,0,0,0,0,0,0,0,,0,,,0,0,0,0,0,0,,0,2,3,63,1,0,0,40,50,1,2.98105093371123,0,1.575,0.032967032967033,0.0801603206412826,0.105562773899447,0,12.3,14.3
2013,REG+POST,00-0029205,T.Cadet,Travaris Cadet,RB,RB,"https://static.www.nfl.com/image/private/f_auto,q_auto/league/gj0pjzj0zzefpabtuki1",3,NO,0,0,0,0,0,0,0,0,0,0,0,0,,0,,,0,0,0,0,0,0,,0,2,3,5,1,0,0,-7,6,1,1.25797065242659,0,-0.714285714285714,0.027027027027027,-0.0071283095723014,0.0355507238399295,0,6.5,8.5
2013,REG+POST,00-0029209,,Ryan Broyles,WR,WR,,6,DET,0,0,0,0,0,0,0,0,0,0,0,0,,0,,,0,0,0,0,0,0,,0,8,14,85,0,0,0,116,38,4,1.37758845865028,0,0.732758620689655,0.0551181102362205,0.0518551631649531,0.118975779569798,0,8.5,16.5
2013,REG+POST,00-0029218,,David Paulson,TE,TE,,5,PIT,0,0,0,0,0,0,0,0,0,0,0,0,,0,,,0,0,0,0,0,0,,0,6,10,102,0,1,1,79,34,3,3.590957877459,0,1.29113924050633,0.0574712643678161,0.0477341389728097,0.119620793832691,0,8.2,14.2
2013,REG+POST,00-0029227,,Pat Edwards,WR,WR,,3,DET,0,0,0,0,0,0,0,0,0,0,0,0,,0,,,0,0,0,0,0,0,,0,5,11,46,0,0,0,183,25,2,-4.54668019083329,0,0.251366120218579,0.088,0.197198275862069,0.270038793103448,0,4.6,9.6
2013,REG+POST,00-0029239,B.Bolden,Brandon Bolden,RB,RB,"https://static.www.nfl.com/image/private/f_auto,q_auto/league/kqqwz35z9brhkzbs4bcn",10,NE,0,0,0,0,0,0,0,0,0,0,0,0,,0,,,55,271,3,0,0,14,-3.01159701059369,0,21,29,152,0,0,0,13,159,6,-3.60276605157932,0,11.6923076923077,0.0889570552147239,0.0061349693251533,0.137730061349693,0,60.3,81.3
2013,REG+POST,00-0029251,,David Wilson,RB,RB,,5,NYG,0,0,0,0,0,0,0,0,0,0,0,0,,0,,,44,146,1,2,2,10,-18.8715442646062,0,2,6,8,0,0,0,29,11,0,-8.08514477710011,0,0.275862068965517,0.0340909090909091,0.0146984287886467,0.0614252637884163,0,17.4,19.4
2013,REG+POST,00-0029260,,LaMichael James,RB,RB,"https://static.www.nfl.com/image/private/f_auto,q_auto/league/roxgufvnndlwl05chvur",8,SF,0,0,0,0,0,0,0,0,0,0,0,0,,0,,,13,59,0,0,0,2,-1.57856617489597,0,2,3,16,0,0,0,-4,14,1,-0.793367686565034,0,-4.0,0.0352941176470588,-0.0052980132450331,0.0492325671990651,0,7.5,9.5
2013,REG+POST,00-0029262,R.Randle,Rueben Randle,WR,WR,"https://static.www.nfl.com/image/private/f_auto,q_auto/league/qsjafvitrrheqq3uku9g",16,NYG,0,0,0,0,0,0,0,0,0,0,0,0,,0,,,0,0,0,0,0,0,,0,41,79,611,6,1,0,1151,198,28,-3.85279227694426,0,0.530842745438749,0.141071428571429,0.214578672632364,0.361812213699798,0,97.1,138.1
2013,REG+POST,00-0029263,R.Wilson,Russell Wilson,QB,QB,"https://static.www.nfl.com/image/upload/f_auto,q_auto/league/u36rhg0md8ey3b4khbre",19,SEA,300,475,3881,29,9,51,294,9,6,4410,1634,176,84.4134730135183,0,0.880045351473923,0.138228665732181,107,581,1,3,0,31,-4.91171112794922,0,0,0,0,0,0,0,0,0,0,,0,,,,,0,305.34,305.34
2013,REG+POST,00-0029264,B.Pierce,Bernard Pierce,RB,RB,"https://static.www.nfl.com/image/private/f_auto,q_auto/league/fpkdvnu4uzvwxhwaryzm",16,BAL,0,0,0,0,0,0,0,0,0,0,0,0,,0,,,152,436,2,0,0,20,-38.3993813325255,0,20,25,104,0,0,0,5,113,3,-7.81251757248129,0,20.8,0.0561797752808989,0.001231527093596,0.0851317318868656,0,66.0,86.0
2013,REG+POST,00-0029269,T.Benjamin,Travis Benjamin,WR,WR,"https://static.www.nfl.com/image/private/f_auto,q_auto/league/io9silocxbywvisvcvpx",5,CLE,0,0,0,0,0,0,0,0,0,0,0,0,,0,,,1,45,0,0,0,1,2.70325390261132,0,5,13,105,0,0,0,236,60,4,2.0515227986034,0,0.444915254237288,0.0659898477157361,0.136574074074074,0.194586623425456,1,21.0,26.0
2013,REG+POST,00-0029273,R.Turbin,Robert Turbin,RB,RB,"https://static.www.nfl.com/image/private/f_auto,q_auto/league/vkqpomzfvo7kei1729jm",18,SEA,0,0,0,0,0,0,0,0,0,0,0,0,,0,,,91,304,0,0,0,10,-18.6439332140144,0,9,14,69,0,0,0,-6,75,2,-6.87974422335748,0,-11.5,0.0510948905109489,-0.0027198549410698,0.0747384373076745,0,37.3,46.3
2013,REG+POST,00-0029275,,Ladarius Green,TE,TE,"https://static.www.nfl.com/image/private/f_auto,q_auto/league/h6emukrr14tvhufmdy1c",15,LAC,0,0,0,0,0,0,0,0,0,0,0,0,,0,,,0,0,0,0,0,0,,0,22,36,417,4,0,0,409,176,19,26.7006707561173,0,1.01955990220049,0.0761099365750529,0.111565739225314,0.192260922320299,0,65.7,87.7
2013,REG+POST,00-0029276,,Evan Rodriguez,TE,TE,,1,BUF,0,0,0,0,0,0,0,0,0,0,0,0,,0,,,0,0,0,0,0,0,,0,0,1,0,0,0,0,-2,0,0,-0.474046214483678,0,0.0,0.0357142857142857,-0.0079681274900398,0.0479937393284007,0,0.0,0.0
2013,REG+POST,00-0029293,M.Jones,Marvin Jones,WR,WR,"https://static.www.nfl.com/image/private/f_auto,q_auto/league/ciy9sxefmcnwjw7ln3h2",17,CIN,0,0,0,0,0,0,0,0,0,0,0,0,,0,,,8,65,0,0,0,3,5.11837420857046,0,59,92,842,10,0,0,1052,252,42,45.5065665800839,0,0.800380228136882,0.147909967845659,0.194167589516427,0.357782264429987,0,150.7,209.7
2013,REG+POST,00-0029298,,Cyrus Gray,RB,RB,,9,KC,0,0,0,0,0,0,0,0,0,0,0,0,,0,,,11,29,0,0,0,1,-2.24700006895,0,7,11,46,0,0,0,59,52,2,-6.04639487684472,0,0.779661016949153,0.0431372549019608,0.0455246913580247,0.0965731663035584,0,7.5,14.5
2013,REG+POST,00-0029311,,Junior Hemingway,WR,WR,,11,KC,0,0,0,0,0,0,0,0,0,0,0,0,,0,,,0,0,0,0,0,0,,0,15,22,155,2,1,0,209,32,8,6.83074168405823,0,0.741626794258373,0.0604395604395604,0.0894308943089431,0.153260966675601,0,27.5,42.5
2013,REG+POST,00-0029317,,Edwin Baker,RB,RB,,3,CLE,0,0,0,0,0,0,0,0,0,0,0,0,,0,,,43,171,2,0,0,11,0.104961360513698,0,8,9,57,0,0,0,-8,66,3,2.358098041208,0,-7.125,0.0756302521008403,-0.0111731843575419,0.105624149100981,0,34.8,42.8
2013,REG+POST,00-0029336,B.Golden,Brittan Golden,WR,WR,"https://static.www.nfl.com/image/private/f_auto,q_auto/league/ccqjg5sjhxmgmsvraig5",5,ARI,0,0,0,0,0,0,0,0,0,0,0,0,,0,,,0,0,0,0,0,0,,0,4,10,136,0,0,0,180,75,3,5.98464563710149,0,0.755555555555556,0.0543478260869565,0.0954907161803713,0.148365240456695,0,13.6,17.6
2013,REG+POST,00-0029367,,Julian Talley,WR,WR,,1,NYG,0,0,0,0,0,0,0,0,0,0,0,0,,0,,,0,0,0,0,0,0,,0,0,2,0,0,0,0,13,0,0,-1.90976554970257,0,0.0,0.0645161290322581,0.0567685589519651,0.136512184814763,0,0.0,0.0
2013,REG+POST,00-0029384,B.Rainey,Bobby Rainey,RB,RB,"https://static.www.nfl.com/image/private/f_auto,q_auto/league/vf2lmyxgjhrah1hfed1x",12,TB,0,1,0,0,0,0,0,0,0,13,0,0,-0.352467489661649,0,0.0,,150,566,5,1,1,23,-22.2080546959769,0,15,19,46,1,0,0,-15,68,3,-7.16285505864653,0,-3.06666666666667,0.0581039755351682,-0.0054565296471444,0.0833363925497512,0,95.2,110.2
2013,REG+POST,00-0029388,D.Thompson,Deonte Thompson,WR,WR,"https://static.www.nfl.com/image/private/f_auto,q_auto/league/bvfgozqccoo627wuitkb",5,BAL,0,0,0,0,0,0,0,0,0,0,0,0,,0,,,0,0,0,0,0,0,,0,10,19,96,0,0,0,226,17,4,-4.84302335913526,0,0.424778761061947,0.100529100529101,0.120276742948377,0.234987370857515,0,9.6,19.6
2013,REG+POST,00-0029391,S.McGrath,Sean McGrath,TE,TE,"https://static.www.nfl.com/image/private/f_auto,q_auto/league/cuxa874rsldhqt5rver9",13,KC,0,0,0,0,0,0,0,0,0,0,0,0,,0,,,0,0,0,0,0,0,,0,26,40,302,2,0,0,298,140,16,11.867259367105,0,1.01342281879195,0.0898876404494382,0.100404312668464,0.205114479542082,0,42.2,68.2
2013,REG+POST,00-0029414,O.Charles,Orson Charles,TE,TE,"https://static.www.nfl.com/image/private/f_auto,q_auto/league/shbtvc2u3xznv47nzvm2",1,CIN,0,0,0,0,0,0,0,0,0,0,0,0,,0,,,0,0,0,0,0,0,,0,1,2,8,0,0,0,-2,7,0,0.221121034584939,0,0.0,0.0555555555555556,-0.0058823529411764,0.0792156862745098,0,0.8,1.8
2013,REG+POST,00-0029415,K.Martin,Keshawn Martin,WR,WR,"https://static.www.nfl.com/image/private/f_auto,q_auto/league/guf4yzrzgnpmx7uonpqs",12,HOU,0,0,0,0,0,0,0,0,0,0,0,0,,0,,,0,0,0,0,0,0,,0,22,40,253,2,0,0,314,89,12,1.34181425783579,0,0.805732484076433,0.0836820083682008,0.0815584415584416,0.18261392164321,1,43.3,65.3
2013,REG+POST,00-0029420,,Bradie Ewing,FB,RB,,2,ATL,0,0,0,0,0,0,0,0,0,0,0,0,,0,,,0,0,0,0,0,0,,0,2,2,29,0,0,0,4,25,2,1.95177448284812,0,7.25,0.0256410256410256,0.0094562647754137,0.0450809238043281,0,2.9,4.9
2013,REG+POST,00-0029424,,Marvin McNutt,WR,WR,,1,CAR,0,0,0,0,0,0,0,0,0,0,0,0,,0,,,0,0,0,0,0,0,,0,0,1,0,0,0,0,20,0,0,-0.338705599599052,0,0.0,0.037037037037037,0.0862068965517242,0.115900383141762,0,0.0,0.0
2013,REG+POST,00-0029429,,Bryce Brown,RB,RB,"https://static.www.nfl.com/image/private/f_auto,q_auto/league/sf0mz0q1kzqu2v3lmmsa",15,PHI,0,0,0,0,0,0,0,0,0,0,0,0,,0,,,75,314,2,0,0,16,-7.50611048023719,1,8,13,84,0,0,0,26,94,2,0.164974139712285,0,3.23076923076923,0.0479704797047971,0.0120649651972158,0.0804011951952466,0,53.8,61.8
2013,REG+POST,00-0029431,,Tony Dye,DB,DB,,1,CIN,0,0,0,0,0,0,0,0,0,0,0,0,,0,,,0,0,0,0,0,0,,0,0,0,0,0,0,0,0,0,0,,0,,,,,1,6.0,6.0
2013,REG+POST,00-0029432,,Chase Ford,TE,TE,"https://static.www.nfl.com/image/private/f_auto,q_auto/league/vul6yi2s6klresxw9tsl",8,MIN,0,0,0,0,0,0,0,0,0,0,0,0,,0,,,0,0,0,0,0,0,,0,11,16,133,0,0,0,141,61,7,6.20003854835522,0,0.943262411347518,0.0613026819923372,0.0632286995515695,0.136214112674604,0,13.3,24.3
2013,REG+POST,00-0029435,,Damaris Johnson,WR,WR,"https://static.www.nfl.com/image/private/f_auto,q_auto/league/fbcf86kaohvtyvoz2t0y",3,PHI,0,0,0,0,0,0,0,0,0,0,0,0,,0,,,0,0,0,0,0,0,,0,2,3,14,0,0,0,40,1,0,-0.451678893528879,0,0.35,0.0267857142857143,0.0421940928270042,0.0697144364074744,0,1.4,3.4
2013,REG+POST,00-0029438,,Chris Polk,RB,RB,"https://static.www.nfl.com/image/private/f_auto,q_auto/league/yuwqhwdnbrd2ie34zxz8",6,PHI,0,0,0,0,0,0,0,0,0,0,0,0,,0,,,11,98,3,0,0,5,8.48420587577857,0,4,5,61,0,0,0,11,49,1,2.91085220815148,0,5.54545454545455,0.0396825396825397,0.0102040816326531,0.0666666666666667,0,33.9,37.9
2013,REG+POST,00-0029441,,Jeremy Stewart,RB,RB,,3,LV,0,0,0,0,0,0,0,0,0,0,0,0,,0,,,2,2,1,0,0,1,1.84299568645656,0,2,2,6,0,0,0,0,6,0,-2.09120393544436,0,0.0,0.0363636363636364,0.0,0.0545454545454545,1,12.8,14.8
2013,REG+POST,00-0029492,J.Olawale,Jamize Olawale,FB,RB,"https://static.www.nfl.com/image/private/f_auto,q_auto/league/dp7xdilrkk9f2i5ovne9",6,LV,0,0,0,0,0,0,0,0,0,0,0,0,,0,,,3,6,0,0,0,0,-2.78909759575119,0,7,11,63,0,0,0,49,50,3,-5.79803198509405,0,1.28571428571429,0.0552763819095477,0.0313499680102367,0.104859550471487,0,6.9,13.9
2013,REG+POST,00-0029494,,Joe Anderson,WR,WR,,1,CHI,0,0,0,0,0,0,0,0,0,0,0,0,,0,,,0,0,0,0,0,0,,0,0,1,0,0,0,0,16,0,0,-0.356940263067372,0,0.0,0.0285714285714286,0.0542372881355932,0.0808232445520581,0,0.0,0.0
2013,REG+POST,00-0029510,J.Grimes,Jonathan Grimes,RB,RB,"https://static.www.nfl.com/image/private/f_auto,q_auto/league/kzodfrw342cy91lw12n4",2,HOU,0,0,0,0,0,0,0,0,0,0,0,0,,0,,,21,73,1,0,0,6,-0.357805829145946,0,6,6,76,0,1,1,18,58,2,0.326317507657222,0,4.22222222222222,0.176470588235294,0.0645161290322581,0.309867172675522,0,18.9,24.9
2013,REG+POST,00-0029547,,Vick Ballard,RB,RB,"https://static.www.nfl.com/image/private/f_auto,q_auto/league/uggql1lgrwzanbof6mfd",1,IND,0,0,0,0,0,0,0,0,0,0,0,0,,0,,,13,63,0,0,0,4,0.522494723729324,0,1,2,-5,0,0,0,-5,-1,0,-2.06191555201076,0,1.0,0.0869565217391304,-0.0198412698412698,0.116545893719807,0,5.8,6.8
2013,REG+POST,00-0029548,,LaVon Brazill,WR,WR,,10,IND,0,0,0,0,0,0,0,0,0,0,0,0,,0,,,0,0,0,0,0,0,,0,18,40,288,4,1,0,523,80,11,-5.50971197575923,0,0.550669216061186,0.0987654320987654,0.156446305713431,0.25766056214755,0,52.8,70.8
2013,REG+POST,00-0029552,,Jeremy Ebert,WR,WR,,4,JAX,0,0,0,0,0,0,0,0,0,0,0,0,,0,,,0,0,0,0,0,0,,0,3,8,18,0,0,0,46,6,0,-5.51831391731569,0,0.391304347826087,0.0588235294117647,0.0456349206349206,0.120179738562092,0,1.8,4.8
2013,REG+POST,00-0029553,,Antonio Allen,DB,DB,"https://static.www.nfl.com/image/private/f_auto,q_auto/league/zvjllxf9ig93mh3zakdj",1,NYJ,0,0,0,0,0,0,0,0,0,0,0,0,,0,,,0,0,0,0,0,0,,0,0,0,0,0,0,0,0,0,0,,0,,,,,1,6.0,6.0
2013,REG+POST,00-0029567,N.Foles,Nick Foles,QB,QB,"https://static.www.nfl.com/image/private/f_auto,q_auto/league/dxuz2ir773wylutxo7zs",14,PHI,226,350,3086,29,2,30,192,2,2,3203,1428,139,106.016780001227,2,0.963471745238839,0.184348896951285,58,224,3,2,0,15,-8.78020223605811,0,0,0,0,0,0,0,0,0,0,,0,,,,,0,275.84,275.84
2013,REG+POST,00-0029572,J.Wright,Jarius Wright,WR,WR,"https://static.www.nfl.com/image/private/f_auto,q_auto/league/f4xgfra44cd6qjy6havp",15,MIN,0,0,0,0,0,0,0,0,0,0,0,0,,0,,,0,0,0,0,0,0,,0,26,43,434,3,0,0,618,118,20,22.6879560169903,0,0.702265372168285,0.083495145631068,0.137608550434202,0.221568703750543,0,61.4,87.4
2013,REG+POST,00-0029580,R.Matthews,Rishard Matthews,WR,WR,"https://static.www.nfl.com/image/private/f_auto,q_auto/league/fr7nzgwarzuorvi8cvlc",13,MIA,0,0,0,0,0,0,0,0,0,0,0,0,,0,,,0,0,0,0,0,0,,0,41,67,448,2,0,0,577,151,26,14.3681654676287,0,0.776429809358752,0.141052631578947,0.126010045861542,0.2997859794715,0,56.8,97.8
2013,REG+POST,00-0029587,R.Ellison,Rhett Ellison,TE,TE,"https://static.www.nfl.com/image/private/f_auto,q_auto/league/pqvmhpdoritjtp8ng7ep",5,MIN,0,0,0,0,0,0,0,0,0,0,0,0,,0,,,0,0,0,0,0,0,,0,5,10,61,1,0,0,32,40,4,-4.81421864987351,0,1.90625,0.0606060606060606,0.0253565768621236,0.108658694712577,0,12.1,17.1
2013,REG+POST,00-0029588,,Dan Herron,RB,RB,,2,IND,0,0,0,0,0,0,0,0,0,0,0,0,,0,,,5,33,0,0,0,2,-1.10025049021351,0,1,1,57,0,0,0,-3,60,1,4.15908960378147,0,-19.0,0.02,-0.0084269662921348,0.0241011235955056,0,9.0,10.0
2013,REG+POST,00-0029590,,Taylor Thompson,TE,TE,,4,TEN,0,0,0,0,0,0,0,0,0,0,0,0,,0,,,0,0,0,0,0,0,,0,3,7,13,1,0,0,52,3,1,-5.94253496424062,0,0.25,0.048951048951049,0.0418679549114332,0.102734141864577,0,7.3,10.3
2013,REG+POST,00-0029601,,Brandon Bostick,TE,TE,"https://static.www.nfl.com/image/private/f_auto,q_auto/league/eazsm9q05wcs2st2dsht",5,GB,0,0,0,0,0,0,0,0,0,0,0,0,,0,,,0,0,0,0,0,0,,0,7,14,120,1,0,0,154,62,5,-0.0795329192245382,0,0.779220779220779,0.0721649484536082,0.11622641509434,0.18960591324645,0,18.0,25.0
2013,REG+POST,00-0029604,K.Cousins,Kirk Cousins,QB,QB,"https://static.www.nfl.com/image/upload/f_auto,q_auto/league/yt6n07jezvfmcsoq0j13",5,WAS,81,155,854,4,7,5,32,3,2,1243,319,41,-31.646294512821,0,0.687047465808528,-0.0381476365050565,4,14,0,0,0,2,0.0605748772892869,0,0,0,0,0,0,0,0,0,0,,0,,,,,0,33.56,33.56
2013,REG+POST,00-0029608,T.Hilton,T.Y. Hilton,WR,WR,"https://static.www.nfl.com/image/private/f_auto,q_auto/league/b8kor0sgeynyd8u8cush",18,IND,0,0,0,0,0,0,0,0,0,0,0,0,,0,,,2,6,0,0,0,0,-0.563173418864608,0,99,162,1410,7,0,0,1971,465,60,55.5588686177451,0,0.715372907153729,0.244343891402715,0.349902361086455,0.611447489864591,0,183.6,282.6
2013,REG+POST,00-0029612,D.Richardson,Daryl Richardson,RB,RB,"https://static.www.nfl.com/image/private/f_auto,q_auto/league/taqrenf1eqcvd1nibre5",7,LA,0,0,0,0,0,0,0,0,0,0,0,0,,0,,,69,215,0,0,0,12,-13.1828078636674,0,14,18,121,0,0,0,6,119,3,-8.63983979233308,0,20.1666666666667,0.0725806451612903,0.0032804811372334,0.111167304537999,0,33.6,47.6
2013,REG+POST,00-0029613,D.Martin,Doug Martin,RB,RB,"https://static.www.nfl.com/image/private/f_auto,q_auto/league/lhazttk4tjpi7ggf7du4",6,TB,0,0,0,0,0,0,0,0,0,0,0,0,,0,,,127,456,1,1,0,16,-17.7863682202,0,12,24,66,0,0,0,107,57,1,-10.1098896882922,0,0.616822429906542,0.111111111111111,0.0533665835411471,0.20402327514547,0,58.2,70.2
2013,REG+POST,00-0029614,,Chris Givens,WR,WR,,16,LA,0,0,0,0,0,0,0,0,0,0,0,0,,0,,,3,8,0,0,0,1,-1.03612404526211,0,34,83,569,0,1,1,1095,257,27,-10.2268426833286,0,0.519634703196347,0.165009940357853,0.275541016607952,0.440393622162345,0,55.7,89.7
2013,REG+POST,00-0029615,L.Miller,Lamar Miller,RB,RB,"https://static.www.nfl.com/image/private/f_auto,q_auto/league/vqxh6ynpmczzfyl9kcgq",16,MIA,0,0,0,0,0,0,0,0,0,0,0,0,,0,,,177,709,2,1,1,26,-28.5267807716354,0,26,35,170,0,0,0,50,171,6,-7.90248480633972,0,3.4,0.068359375,0.0104405930256839,0.109847477617979,0,97.9,123.9
2013,REG+POST,00-0029626,,Isaiah Pead,RB,RB,,5,LA,0,0,0,0,0,0,0,0,0,0,0,0,,0,,,7,21,0,0,0,2,1.68263289309107,0,11,15,78,0,0,0,12,71,2,-0.232209673617035,1,6.5,0.0862068965517242,0.0082815734989648,0.135107446276862,0,11.9,22.9
2013,REG+POST,00-0029632,M.Sanu,Mohamed Sanu,WR,WR,"https://static.www.nfl.com/image/private/f_auto,q_auto/league/a6loroqhta6g65aqnsrk",17,CIN,1,1,25,0,0,0,0,0,0,22,3,1,1.82629013975384,0,1.13636363636364,,4,16,0,0,0,0,-0.666626123827882,0,48,80,468,2,1,1,714,263,29,0.36342681849244,0,0.65546218487395,0.128617363344051,0.131782945736434,0.285174107031581,0,59.4,107.4
2013,REG+POST,00-0029634,J.Hanna,James Hanna,TE,TE,"https://static.www.nfl.com/image/private/f_auto,q_auto/league/rtnxe02klclu847zqbdq",8,DAL,0,0,0,0,0,0,0,0,0,0,0,0,,0,,,0,0,0,0,0,0,,0,12,15,73,0,0,0,21,61,2,-2.63535608595703,0,3.47619047619048,0.0531914893617021,0.0097629009762901,0.0866212647259563,0,7.3,19.3
2013,REG+POST,00-0029638,M.Floyd,Michael Floyd,WR,WR,"https://static.www.nfl.com/image/private/f_auto,q_auto/league/lisxjuyoo7hiux1ac4jb",16,ARI,0,0,0,0,0,0,0,0,0,0,0,0,,0,,,0,0,0,0,0,0,,0,65,112,1041,5,0,0,1529,282,48,26.4935841537051,0,0.680837148463048,0.199288256227758,0.290132827324478,0.502025363468772,0,134.1,199.1
2013,REG+POST,00-0029640,B.Quick,Brian Quick,WR,WR,"https://static.www.nfl.com/image/private/f_auto,q_auto/league/tayczwuhluj2hyrva3cp",14,LA,0,0,0,0,0,0,0,0,0,0,0,0,,0,,,0,0,0,0,0,0,,0,18,34,302,2,0,0,371,105,15,4.21670917540043,0,0.814016172506739,0.0739130434782609,0.107692307692308,0.186254180602007,0,42.2,60.2
2013,REG+POST,00-0029654,,A.J. Jenkins,WR,WR,,8,KC,0,0,0,0,0,0,0,0,0,0,0,0,,0,,,2,6,0,0,0,0,-0.130596871662419,0,9,18,157,0,0,0,201,70,5,5.46332981910879,0,0.781094527363184,0.0654545454545455,0.106292966684294,0.172586894860824,0,16.3,25.3
2013,REG+POST,00-0029660,T.Graham,Trevor Graham,WR,WR,"https://static.www.nfl.com/image/private/f_auto,q_auto/league/wlgjczfjbekzvbjmgtzc",16,BUF,0,0,0,0,0,0,0,0,0,0,0,0,,0,,,4,14,0,0,0,2,0.697493939078413,0,23,58,361,2,1,1,890,78,13,-24.8425087635558,0,0.40561797752809,0.111753371868979,0.197953736654804,0.306197673461831,0,47.5,70.5
2013,REG+POST,00-0029664,J.Gordon,Josh Gordon,WR,WR,"https://static.www.nfl.com/image/private/f_auto,q_auto/league/wwqz2ujrj7wp86tyaxof",14,CLE,0,0,0,0,0,0,0,0,0,0,0,0,,0,,,5,88,0,0,0,4,5.03150867740624,0,87,159,1646,9,0,0,2177,631,64,61.0264411795343,0,0.756086357372531,0.274137931034483,0.449700475108449,0.725997229127638,0,227.4,314.4
2013,REG+POST,00-0029665,R.Griffin,Robert Griffin,QB,QB,"https://static.www.nfl.com/image/private/f_auto,q_auto/league/f9gitqxxg3f1uybdcfhc",13,WAS,274,456,3203,16,12,38,274,6,3,3949,1524,157,7.59036820214002,1,0.81109141554824,0.0475322174978337,86,489,0,5,1,24,1.93991061820708,1,0,0,0,0,0,0,0,0,0,,0,,,,,0,213.02,213.02
2013,REG+POST,00-0029667,,Nick Toon,WR,WR,"https://static.www.nfl.com/image/private/f_auto,q_auto/league/sysnfy8ooabjvvjwj4rs",5,NO,0,0,0,0,0,0,0,0,0,0,0,0,,0,,,0,0,0,0,0,0,,0,4,12,68,0,0,0,218,9,2,-3.25444359884033,0,0.311926605504587,0.0594059405940594,0.131961259079903,0.181481792247021,0,6.8,10.8
2013,REG+POST,00-0029668,A.Luck,Andrew Luck,QB,QB,"https://static.www.nfl.com/image/private/f_auto,q_auto/league/ojix2ha2u58zqozaw756",18,IND,392,656,4596,29,16,36,248,5,2,5604,2140,221,28.641690735675,4,0.820128479657388,0.0857259572828863,71,427,4,1,0,26,34.9919082420006,0,0,0,0,0,0,0,0,0,0,,0,,,,,0,338.54,338.54
2013,REG+POST,00-0029673,D.Posey,DeVier Posey,WR,WR,"https://static.www.nfl.com/image/private/f_auto,q_auto/league/neyvfbqn4cma8ecy22hb",9,HOU,0,0,0,0,0,0,0,0,0,0,0,0,,0,,,0,0,0,0,0,0,,0,15,25,155,0,0,0,218,74,5,-1.65899716933045,0,0.711009174311927,0.0716332378223496,0.0769774011299435,0.161334037524485,0,15.5,30.5
2013,REG+POST,00-0029675,,Trent Richardson,,,,18,IND,0,0,0,0,0,0,0,0,0,0,0,0,,0,,,192,564,3,3,2,28,-44.4336291152868,0,35,52,316,1,0,0,1,303,15,7.07744995606658,0,316.0,0.0979284369114878,0.0002462447672986,0.147065026704341,0,108.0,143.0
2013,REG+POST,00-0029677,B.Weeden,Brandon Weeden,QB,QB,"https://static.www.nfl.com/image/private/f_auto,q_auto/league/m8oocp4p9nskilnakgnw",8,CLE,141,267,1731,9,9,27,180,6,2,2480,636,80,-42.4234921033509,1,0.697983870967742,0.0022352534290701,12,44,0,0,0,2,0.98235135531595,0,0,0,0,0,0,0,0,0,0,,0,,,,,0,89.64,89.64
2013,REG+POST,00-0029682,B.Osweiler,Brock Osweiler,QB,QB,"https://static.www.nfl.com/image/private/f_auto,q_auto/league/pwkmtgeitdi79qtumb2x",2,DEN,11,16,95,0,0,2,8,0,0,94,68,4,-4.73513238425797,0,1.01063829787234,0.0272634679248689,3,2,0,0,0,1,-2.66879945975961,0,0,0,0,0,0,0,0,0,0,,0,,,,,0,4.0,4.0
2013,REG+POST,00-0029683,R.Hillman,Ronnie Hillman,RB,RB,"https://static.www.nfl.com/image/private/f_auto,q_auto/league/quqwvjr2zciit0emquzg",9,DEN,0,0,0,0,0,0,0,0,0,0,0,0,,0,,,55,218,1,2,1,13,-4.57885734253796,0,12,14,119,0,0,0,33,76,7,6.32021773268934,0,3.60606060606061,0.0486111111111111,0.0146862483311081,0.0831970404984424,0,37.7,49.7
2013,REG+POST,00-0029689,D.Allen,Dwayne Allen,TE,TE,"https://static.www.nfl.com/image/private/f_auto,q_auto/league/wduwt0ibzoutozuywe4b",1,IND,0,0,0,0,0,0,0,0,0,0,0,0,,0,,,0,0,0,0,0,0,,0,1,2,20,1,0,0,34,5,1,1.99716636684025,0,0.588235294117647,0.0869565217391304,0.134920634920635,0.22487922705314,0,8.0,9.0
2013,REG+POST,00-0029692,B.Anger,Bryan Anger,P,SPEC,"https://static.www.nfl.com/image/upload/f_auto,q_auto/league/kx1m6byniti4tkeiwkqk",1,JAX,0,0,0,0,0,0,0,0,0,0,0,0,,0,,,1,0,0,0,0,0,-3.25309757707873,0,0,0,0,0,0,0,0,0,0,,0,,,,,0,0.0,0.0
2013,REG+POST,00-0029694,,Michael Egnew,TE,TE,,7,MIA,0,0,0,0,0,0,0,0,0,0,0,0,,0,,,0,0,0,0,0,0,,0,7,11,69,0,0,0,76,30,2,1.006649236253,0,0.907894736842105,0.0421455938697318,0.0291970802919708,0.0836563470089773,0,6.9,13.9
2013,REG+POST,00-0029697,C.Fleener,Coby Fleener,TE,TE,"https://static.www.nfl.com/image/private/f_auto,q_auto/league/csj8khi0e2rpkvqqjmc1",18,IND,0,0,0,0,0,0,0,0,0,0,0,0,,0,,,0,0,0,0,0,0,,0,63,105,728,5,1,0,889,291,40,7.65848709233372,2,0.818897637795276,0.158371040723982,0.157819989348482,0.34803055362991,0,106.8,169.8
2013,REG+POST,00-0029701,R.Tannehill,Ryan Tannehill,QB,QB,"https://static.www.nfl.com/image/private/f_auto,q_auto/league/yvwju12dl6haf3r8uzrm",16,MIA,355,588,3913,24,17,58,399,6,4,5573,1522,204,0.127234432110537,0,0.702135295173156,0.054099324975138,40,238,1,3,1,12,-0.0632575973421243,0,0,0,0,0,0,0,0,0,0,,0,,,,,0,238.32,238.32
2013,REG+POST,00-0029702,,Juron Criner,WR,WR,,1,LV,0,0,0,0,0,0,0,0,0,0,0,0,,0,,,0,0,0,0,0,0,,0,3,8,32,0,0,0,77,9,2,-0.535652727994602,0,0.415584415584416,0.156862745098039,0.234756097560976,0.399623385939742,0,3.2,6.2
2013,REG+POST,00-0029707,,Justin Blackmon,WR,WR,"https://static.www.nfl.com/image/private/f_auto,q_auto/league/tsf8br1swmhlkwnf7gtv",4,JAX,0,0,0,0,0,0,0,0,0,0,0,0,,0,,,1,-1,0,0,0,0,-0.867750442004763,0,29,48,415,1,0,0,402,219,17,2.04706539071708,0,1.03233830845771,0.309677419354839,0.364460562103355,0.719638522504606,0,47.4,76.4
2013,REG+POST,00-0029708,K.Wright,Kendall Wright,WR,WR,"https://static.www.nfl.com/image/private/f_auto,q_auto/league/edsrjypqphqpfqezc5k9",16,TEN,0,0,0,0,0,0,0,0,0,0,0,0,,0,,,0,0,0,0,0,0,,0,94,140,1079,2,2,0,1101,548,52,30.5514513889315,0,0.980018165304269,0.266159695817491,0.230286550930768,0.560440129377773,0,119.9,213.9
2013,REG+POST,00-0029722,,Jeff Demps,RB,RB,,2,TB,0,0,0,0,0,0,0,0,0,0,0,0,,0,,,1,14,0,0,0,1,0.946862301323563,0,3,3,21,0,0,0,-10,31,1,0.970995638519526,0,-2.1,0.037037037037037,-0.0150602409638554,0.0450133868808568,0,3.5,6.5
2013,REG+POST,00-0029731,F.Whittaker,Fozzy Whittaker,RB,RB,"https://static.www.nfl.com/image/private/f_auto,q_auto/league/lyk6elzqjynnxbxe6qlr",9,CLE,0,0,0,0,0,0,0,0,0,0,0,0,,0,,,28,79,0,0,0,3,-4.27988424146315,0,21,35,155,2,0,0,26,156,6,2.01620120369943,0,5.96153846153846,0.0923482849604222,0.0083547557840617,0.144370756489476,0,35.4,56.4
2013,REG+POST,00-0029778,,Darius Johnson,WR,WR,,10,ATL,0,0,0,0,0,0,0,0,0,0,0,0,,0,,,0,0,0,0,0,0,,0,22,43,210,1,1,1,362,83,12,-5.88558829301478,0,0.580110497237569,0.111111111111111,0.139822325222093,0.264542294322132,0,25.0,47.0
2013,REG+POST,00-0029791,,Ronnie Wingo,RB,RB,,1,BUF,0,0,0,0,0,0,0,0,0,0,0,0,,0,,,1,4,0,0,0,0,-0.0701132847170811,0,1,1,2,0,0,0,-4,6,0,-0.441250660456717,0,-0.5,0.0303030303030303,-0.0196078431372549,0.031729055258467,0,0.6,1.6
2013,REG+POST,00-0029794,D.Bates,Daren Bates,ILB,LB,"https://static.www.nfl.com/image/private/f_auto,q_auto/league/mj5z3knorwvmtfiyya1z",1,LA,0,0,0,0,0,0,0,0,0,0,0,0,,0,,,0,0,0,0,0,0,,0,0,0,0,0,0,0,0,0,0,,0,,,,,1,6.0,6.0
2013,REG+POST,00-0029795,B.Cunningham,Benny Cunningham,RB,RB,"https://static.www.nfl.com/image/private/f_auto,q_auto/league/yo9hvf3gnoxj7prmruo8",13,LA,0,0,0,0,0,0,0,0,0,0,0,0,,0,,,47,261,1,2,1,11,-7.81088562175864,1,6,10,59,0,0,0,2,61,2,0.325103359355126,0,29.5,0.0423728813559322,0.0011286681715575,0.0643493897539886,0,38.0,44.0
2013,REG+POST,00-0029848,N.Williams,Nick Williams,WR,WR,"https://static.www.nfl.com/image/private/f_auto,q_auto/league/xzbqirh5sxfjtmmnrupw",4,WAS,0,0,0,0,0,0,0,0,0,0,0,0,,0,,,0,0,0,0,0,0,,0,3,11,15,0,0,0,104,1,2,-4.91449145102524,1,0.144230769230769,0.0700636942675159,0.0717241379310345,0.155302437952998,0,3.5,6.5
2013,REG+POST,00-0029853,,Josh Aubrey,DB,DB,"https://static.www.nfl.com/image/private/f_auto,q_auto/league/cn53nq0evfhpymfyh91k",1,CLE,0,0,0,0,0,0,0,0,0,0,0,0,,0,,,1,34,0,0,0,1,4.26723432634026,0,0,0,0,0,0,0,0,0,0,,0,,,,,0,3.4,3.4
2013,REG+POST,00-0029854,C.Anderson,C.J. Anderson,RB,RB,"https://static.www.nfl.com/image/private/f_auto,q_auto/league/jqqdxuowpdgl06zy0g0a",3,DEN,0,0,0,0,0,0,0,0,0,0,0,0,,0,,,9,47,0,0,0,3,0.414116950589232,0,1,2,14,0,0,0,6,13,1,0.17093136056792,0,2.33333333333333,0.0240963855421687,0.0103092783505155,0.0433610731586138,0,6.1,7.1
2013,REG+POST,00-0029856,,Lamaar Thomas,WR,WR,,2,JAX,0,0,0,0,0,0,0,0,0,0,0,0,,0,,,0,0,0,0,0,0,,0,2,3,31,0,0,0,27,18,2,2.44647183106281,0,1.14814814814815,0.036144578313253,0.0522243713733075,0.0907739274311948,0,3.1,5.1
2013,REG+POST,00-0029868,,Skye Dawson,WR,WR,,6,TB,0,0,0,0,0,0,0,0,0,0,0,0,,0,,,2,15,0,0,0,1,0.518184439977631,0,2,7,12,0,0,0,145,5,0,-4.51418709617578,0,0.0827586206896552,0.0551181102362205,0.119834710743802,0.166561462874992,0,2.7,4.7
2013,REG+POST,00-0029878,M.Gray,MarQueis Gray,TE,TE,"https://static.www.nfl.com/image/private/f_auto,q_auto/league/pbuxaz8hy9fxow3zq5sr",8,CLE,0,0,0,0,0,0,0,0,0,0,0,0,,0,,,6,43,0,0,0,3,1.77855492400704,0,2,9,8,0,0,0,77,6,0,-5.80044957838254,0,0.103896103896104,0.0454545454545455,0.0566593083149375,0.107843334002274,0,5.1,7.1
2013,REG+POST,00-0029883,,Joseph Fauria,TE,TE,"https://static.www.nfl.com/image/private/f_auto,q_auto/league/e6tne3enp0difyhuwlqj",11,DET,0,0,0,0,0,0,0,0,0,0,0,0,,0,,,0,0,0,0,0,0,,0,18,30,207,7,0,0,293,52,14,12.4085104959518,1,0.706484641638225,0.0677200902934537,0.0772475612971263,0.155653428348169,0,64.7,82.7
2013,REG+POST,00-0029892,K.Juszczyk,Kyle Juszczyk,FB,RB,"https://static.www.nfl.com/image/upload/f_auto,q_auto/league/mfhpygabawkeioplae7a",1,BAL,0,0,0,0,0,0,0,0,0,0,0,0,,0,,,0,0,0,0,0,0,,0,0,1,0,0,0,0,4,0,0,-1.19398492349547,0,0.0,0.03125,0.0127388535031847,0.0557921974522293,0,0.0,0.0
2013,REG+POST,00-0029910,T.Wright,Timothy Wright,TE,TE,"https://static.www.nfl.com/image/private/f_auto,q_auto/league/wydzzhwo9is11uqaeffj",14,TB,0,0,0,0,0,0,0,0,0,0,0,0,,0,,,1,2,0,0,0,0,-0.493950078263879,0,54,75,571,5,0,0,640,142,30,39.6361519597613,0,0.8921875,0.170068027210884,0.15732546705998,0.365229867758313,0,87.3,141.3
2013,REG+POST,00-0029931,Z.Line,Zach Line,FB,RB,"https://static.www.nfl.com/image/private/f_auto,q_auto/league/dddfiilg9qy54xtorb6r",3,MIN,0,0,0,0,0,0,0,0,0,0,0,0,,0,,,0,0,0,0,0,0,,0,1,3,8,0,0,0,3,5,0,-0.718189799925312,0,2.66666666666667,0.0306122448979592,0.0030927835051546,0.048083315800547,0,0.8,1.8
2013,REG+POST,00-0029984,R.Allen,Ryan Allen,P,SPEC,"https://static.www.nfl.com/image/private/f_auto,q_auto/league/zjzneh4hbafefnduix4t",1,NE,0,0,0,0,0,0,0,0,0,0,0,0,,0,,,1,0,0,0,0,0,-1.85973368573468,0,0,0,0,0,0,0,0,0,0,,0,,,,,0,0.0,0.0
2013,REG+POST,00-0029999,,Zach Sudfeld,TE,TE,,5,NYJ,0,0,0,0,0,0,0,0,0,0,0,0,,0,,,0,0,0,0,0,0,,0,5,10,63,0,0,0,72,29,4,-1.98538314888719,0,0.875,0.0581395348837209,0.0672268907563025,0.134268125854993,0,6.3,11.3
2013,REG+POST,00-0030000,K.Thompkins,Kenbrell Thompkins,WR,WR,"https://static.www.nfl.com/image/private/f_auto,q_auto/league/coyaltbvkpvvojjd5sjh",12,NE,0,0,0,0,0,0,0,0,0,0,0,0,,0,,,0,0,0,0,0,0,,0,32,72,466,4,0,0,816,139,21,14.4685327798231,0,0.571078431372549,0.157894736842105,0.204922149673531,0.38028761003463,0,70.6,102.6
2013,REG+POST,00-0030024,,Jeff Tuel,QB,QB,,2,BUF,26,59,309,1,3,2,11,0,0,603,141,15,-29.3770269125653,0,0.512437810945274,-0.0630393345765398,3,17,0,0,0,1,-0.0893183868029155,0,0,0,0,0,0,0,0,0,0,,0,,,,,0,12.06,12.06
2013,REG+POST,00-0030043,,Da'Rick Rogers,WR,WR,,6,IND,0,0,0,0,0,0,0,0,0,0,0,0,,0,,,1,0,0,0,0,0,-0.452595129143447,0,15,29,238,2,0,0,363,117,10,5.07562011618931,0,0.65564738292011,0.120331950207469,0.187209902011346,0.311544856719146,0,35.8,50.8
2013,REG+POST,00-0030047,M.Wilson,Marquess Wilson,WR,WR,"https://static.www.nfl.com/image/private/f_auto,q_auto/league/gtmp1bvlbgxnadkq3w7e",3,CHI,0,0,0,0,0,0,0,0,0,0,0,0,,0,,,0,0,0,0,0,0,,0,2,3,13,0,0,0,10,9,1,-0.127887792768888,0,1.3,0.0326086956521739,0.0115740740740741,0.0570148953301127,0,1.3,3.3
2013,REG+POST,00-0030049,C.Gragg,Chris Gragg,TE,TE,"https://static.www.nfl.com/image/private/f_auto,q_auto/league/wljmssrm2nmd3y4pbejd",2,BUF,0,0,0,0,0,0,0,0,0,0,0,0,,0,,,0,0,0,0,0,0,,0,5,7,53,1,0,0,52,10,4,6.60221379445284,0,1.01923076923077,0.112903225806452,0.137931034482759,0.265906562847608,0,11.3,16.3
2013,REG+POST,00-0030061,Z.Ertz,Zach Ertz,TE,TE,"https://static.www.nfl.com/image/upload/f_auto,q_auto/league/xktmmeumuoglbuam75iz",16,PHI,0,0,0,0,0,0,0,0,0,0,0,0,,0,,,0,0,0,0,0,0,,0,39,60,491,5,0,0,597,160,27,21.816808777612,0,0.822445561139029,0.118110236220472,0.12085020242915,0.261760496031114,0,79.1,118.1
2013,REG+POST,00-0030068,M.Goodwin,Marquise Goodwin,WR,WR,"https://static.www.nfl.com/image/upload/f_auto,q_auto/league/cof5bbih1o9dtnonwmjp",9,BUF,0,0,0,0,0,0,0,0,0,0,0,0,,0,,,3,13,0,0,0,1,-0.369930509128608,0,17,32,283,3,1,1,640,45,13,3.84395985622541,0,0.4421875,0.111111111111111,0.248930377285103,0.340917930766239,0,45.6,62.6
2013,REG+POST,00-0030078,,Johnathan Franklin,RB,RB,,4,GB,0,0,0,0,0,0,0,0,0,0,0,0,,0,,,19,107,1,2,1,7,-6.34821437398205,0,4,5,30,0,0,0,26,27,2,2.63663559168344,0,1.15384615384615,0.0467289719626168,0.0289855072463768,0.090383313016389,0,17.7,21.7
2013,REG+POST,00-0030085,K.Stills,Kenny Stills,WR,WR,"https://static.www.nfl.com/image/private/f_auto,q_auto/league/wswn6tehkzj8mdfbablx",17,NO,0,0,0,0,0,0,0,0,0,0,0,0,,0,,,4,11,0,0,0,0,-0.861792046693154,0,35,54,676,5,0,0,890,203,26,39.1319640290458,0,0.759550561797753,0.0801186943620178,0.161612493190485,0.233306786776366,0,98.7,133.7
2013,REG+POST,00-0030087,,Cooper Taylor,DB,DB,,1,NYG,0,0,0,0,0,0,0,0,0,0,0,0,,0,,,0,0,0,0,0,0,,0,0,0,0,0,0,0,0,0,0,,0,,,,,1,6.0,6.0
2013,REG+POST,00-0030089,L.Willson,Luke Willson,TE,TE,"https://static.www.nfl.com/image/private/f_auto,q_auto/league/a6zcpjyfusebcm8i3w2w",13,SEA,0,0,0,0,0,0,0,0,0,0,0,0,,0,,,0,0,0,0,0,0,,0,22,32,289,1,0,0,177,192,14,15.7407177893457,0,1.63276836158192,0.0952380952380952,0.0594957983193277,0.184504201680672,0,34.9,56.9
2013,REG+POST,00-0030090,M.Hyde,Micah Hyde,FS,DB,"https://static.www.nfl.com/image/private/f_auto,q_auto/league/xxdwo2ndjc4qm9q5lpgx",1,GB,0,0,0,0,0,0,0,0,0,0,0,0,,0,,,0,0,0,0,0,0,,0,0,0,0,0,0,0,0,0,0,,0,,,,,1,6.0,6.0
2013,REG+POST,00-0030092,S.Martin,Sam Martin,P,SPEC,"https://static.www.nfl.com/image/private/f_auto,q_auto/league/xujpdorpiugkhag0ydtl",2,DET,0,0,0,0,0,0,0,0,0,0,0,0,,0,,,2,3,0,2,1,0,-6.81185832427582,0,0,0,0,0,0,0,0,0,0,,0,,,,,0,-1.7,-1.7
2013,REG+POST,00-0030107,T.Riddick,Theo Riddick,RB,RB,"https://static.www.nfl.com/image/private/f_auto,q_auto/league/aptuag5ocazmionhvnt6",9,DET,0,0,0,0,0,0,0,0,0,0,0,0,,0,,,9,25,1,0,0,2,-0.991592308913823,0,4,8,26,0,0,0,38,17,1,-1.1402832143358,0,0.68421052631579,0.029520295202952,0.0197095435684647,0.0580771233023534,0,11.1,15.1
2013,REG+POST,00-0030108,R.Griffin,Ryan Griffin,TE,TE,"https://static.www.nfl.com/image/private/f_auto,q_auto/league/izjfxtmk2dhzhrlwpt9g",8,HOU,0,0,0,0,0,0,0,0,0,0,0,0,,0,,,0,0,0,0,0,0,,0,19,28,244,1,0,0,244,98,14,8.85180516337277,0,1.0,0.0869565217391304,0.0947204968944099,0.196739130434783,0,30.4,49.4
2013,REG+POST,00-0030112,T.Bohanon,Tommy Bohanon,FB,RB,"https://static.www.nfl.com/image/private/f_auto,q_auto/league/lmoesdqqzu6v8rmnyqlk",11,NYJ,0,0,0,0,0,0,0,0,0,0,0,0,,0,,,17,62,0,0,0,4,-3.15530591699644,0,11,16,69,0,0,0,19,61,4,-3.13997258709408,0,3.63157894736842,0.0581818181818182,0.0095142714071106,0.0939327172577048,0,13.1,24.1
2013,REG+POST,00-0030127,M.Cooper,Marcus Cooper,CB,DB,"https://static.www.nfl.com/image/private/f_auto,q_auto/league/od4q4wn2w2tisel3j1uk",1,KC,0,0,0,0,0,0,0,0,0,0,0,0,,0,,,0,0,0,0,0,0,,0,0,0,0,0,0,0,0,0,0,,0,,,,,1,6.0,6.0
2013,REG+POST,00-0030128,,Michael Cox,RB,RB,,3,NYG,0,0,0,0,0,0,0,0,0,0,0,0,,0,,,22,43,0,0,0,1,-7.47607808362227,0,3,3,12,0,0,0,-4,16,1,-1.24235735434922,0,-3.0,0.038961038961039,-0.0071047957371225,0.0534682014255727,0,5.5,8.5
2013,REG+POST,00-0030129,,Justice Cunningham,TE,TE,,1,IND,0,0,0,0,0,0,0,0,0,0,0,0,,0,,,0,0,0,0,0,0,,0,1,1,4,0,0,0,2,2,0,-0.134338097181171,0,2.0,0.0263157894736842,0.0062111801242236,0.0438215102974828,0,0.4,1.4
2013,REG+POST,00-0030175,,Ryan Spadola,WR,WR,"https://static.www.nfl.com/image/private/f_auto,q_auto/league/gmvnh64gnrbwwj2llipr",1,NYJ,0,0,0,0,0,0,0,0,0,0,0,0,,0,,,0,0,0,0,0,0,,0,0,1,0,0,0,0,19,0,0,-0.517081718426198,0,0.0,0.0285714285714286,0.0428893905191874,0.072879716220574,0,0.0,0.0
2013,REG+POST,00-0030181,J.Doyle,Jack Doyle,TE,TE,"https://static.www.nfl.com/image/private/f_auto,q_auto/league/h6abyvmg2g93llboizi6",6,IND,0,0,0,0,0,0,0,0,0,0,0,0,,0,,,0,0,0,0,0,0,,0,6,9,26,0,0,0,3,21,0,-1.98174405592093,0,8.66666666666667,0.0384615384615385,0.0021897810218978,0.0592251544076362,0,2.6,8.6
2013,REG+POST,00-0030216,J.Hill,Josh Hill,TE,TE,"https://static.www.nfl.com/image/private/f_auto,q_auto/league/vdva7m1fxklv6gxbsg7q",8,NO,0,0,0,0,0,0,0,0,0,0,0,0,,0,,,1,-8,0,0,0,0,-3.69207228207961,0,8,13,76,1,0,0,85,41,4,0.0038348257075995,0,0.894117647058824,0.0433333333333333,0.0326045262754124,0.0878231683927887,0,12.8,20.8
2013,REG+POST,00-0030233,,Ray Graham,RB,RB,,1,HOU,0,0,0,0,0,0,0,0,0,0,0,0,,0,,,4,8,0,0,0,0,-1.42383530293591,0,1,3,12,0,0,0,14,7,1,-0.0265243039466441,0,0.857142857142857,0.0882352941176471,0.0501792114695341,0.167478389205144,0,2.0,3.0
2013,REG+POST,00-0030236,,Dennis Johnson,RB,RB,,8,HOU,0,0,0,0,0,0,0,0,0,0,0,0,,0,,,49,183,0,0,0,8,-8.78599829102916,0,8,12,46,0,0,0,0,54,2,-3.73578899671458,0,0.0,0.0524017467248908,0.0,0.0786026200873362,0,22.9,30.9
2013,REG+POST,00-0030248,,Cierre Wood,RB,RB,"https://static.www.nfl.com/image/private/f_auto,q_auto/league/m3yfsak9gf6s9ioab39h",2,HOU,0,0,0,0,0,0,0,0,0,0,0,0,,0,,,3,9,0,0,0,0,-0.268175521166995,0,0,0,0,0,0,0,0,0,0,,0,,,,,0,0.9,0.9
2013,REG+POST,00-0030274,M.White,Myles White,WR,WR,"https://static.www.nfl.com/image/private/f_auto,q_auto/league/yci9mc5ska3b3a5so93l",5,GB,0,0,0,0,0,0,0,0,0,0,0,0,,0,,,0,0,0,0,0,0,,0,9,12,66,0,0,0,29,55,1,-1.15433544814005,0,2.27586206896552,0.0754716981132076,0.027992277992278,0.132802141764406,0,6.6,15.6
2013,REG+POST,00-0030279,K.Allen,Keenan Allen,WR,WR,"https://static.www.nfl.com/image/upload/f_auto,q_auto/league/lngo1onvkcqjnq7ozkuu",17,LAC,0,0,0,0,0,0,0,0,0,0,0,0,,0,,,0,0,0,0,0,0,,0,79,116,1209,10,1,1,1217,442,62,74.2706899584385,0,0.993426458504519,0.210909090909091,0.284279373978043,0.515359198148266,0,178.9,257.9
2013,REG+POST,00-0030280,K.Davis,Knile Davis,RB,RB,"https://static.www.nfl.com/image/private/f_auto,q_auto/league/iyq9jy1o5g05fdvqftez",15,KC,0,0,0,0,0,0,0,0,0,0,0,0,,0,,,88,309,5,1,1,16,-10.1381890546264,0,18,22,108,1,1,0,-17,120,6,1.59782833023928,0,-6.35294117647059,0.0645161290322581,-0.007485689123734,0.0915342111617733,1,81.7,99.7
2013,REG+POST,00-0030282,,Stepfan Taylor,RB,RB,"https://static.www.nfl.com/image/private/f_auto,q_auto/league/lmm9nz05jrntbpuaveqc",11,ARI,0,0,0,0,0,0,0,0,0,0,0,0,,0,,,36,115,0,0,0,6,-6.26226738031454,0,8,9,71,0,0,0,25,60,2,-0.989499032323709,0,2.84,0.0473684210526316,0.0128205128205128,0.0800269905533063,0,18.6,26.6
2013,REG+POST,00-0030287,A.Ellington,Andre Ellington,RB,RB,"https://static.www.nfl.com/image/private/f_auto,q_auto/league/seb6k3tjdcgi8tqmzt2z",15,ARI,0,0,0,0,0,0,0,0,0,0,0,0,,0,,,118,652,3,1,0,27,7.66822113886792,0,39,57,371,1,0,0,248,260,21,3.80329206632896,0,1.49596774193548,0.109404990403071,0.0588095802703344,0.205274191793841,0,126.3,165.3
2013,REG+POST,00-0030300,J.Brown,Jaron Brown,WR,WR,"https://static.www.nfl.com/image/private/f_auto,q_auto/league/y41u4egwigms9rg2p3ln",11,ARI,0,0,0,0,0,0,0,0,0,0,0,0,,0,,,0,0,0,0,0,0,,0,11,18,140,1,0,0,219,32,6,9.56034277912113,0,0.639269406392694,0.0427553444180523,0.0556968463886063,0.103120809099103,0,20.0,31.0
2013,REG+POST,00-0030320,,Michael Hill,RB,RB,,3,TB,0,0,0,0,0,0,0,0,0,0,0,0,,0,,,9,23,0,0,0,1,-5.31906754506053,0,2,2,23,0,0,0,8,15,1,1.02079025882052,0,2.875,0.0512820512820513,0.020460358056266,0.0912453275624631,0,4.6,6.6
2013,REG+POST,00-0030348,,Khiry Robinson,RB,RB,"https://static.www.nfl.com/image/private/f_auto,q_auto/league/voprwcuquojlvepcmzmh",12,NO,0,0,0,0,0,0,0,0,0,0,0,0,,0,,,75,326,2,0,0,17,-1.03059613809455,0,1,1,13,0,0,0,-1,14,1,0.984033231157809,0,-13.0,0.0238095238095238,-0.0028818443804034,0.0336969946480033,0,45.9,46.9
2013,REG+POST,00-0030370,,Greg Jenkins,WR,WR,,2,LV,0,0,0,0,0,0,0,0,0,0,0,0,,0,,,0,0,0,0,0,0,,0,0,1,0,0,0,0,17,0,0,-1.16769574163482,0,0.0,0.0277777777777778,0.0574324324324324,0.0818693693693694,1,6.0,6.0
2013,REG+POST,00-0030388,,Joseph Randle,RB,RB,"https://static.www.nfl.com/image/private/f_auto,q_auto/league/ok4rzlin9g6kxfr9lajx",5,DAL,0,0,0,0,0,0,0,0,0,0,0,0,,0,,,54,164,2,0,0,7,-4.42122878917144,0,8,10,61,0,0,0,-2,61,2,1.6461707855342,0,-30.5,0.0943396226415094,-0.0028368794326241,0.139523618359427,0,34.5,42.5
2013,REG+POST,00-0030391,,Mike James,RB,RB,"https://static.www.nfl.com/image/private/f_auto,q_auto/league/wurn2arjq72gyjcyzgo9",7,TB,1,1,2,1,0,0,0,0,0,2,0,1,1.01666128385114,0,1.0,,60,295,0,0,0,14,5.51957581570605,0,10,11,43,0,0,0,-7,49,1,-1.1725390853826,0,-6.14285714285714,0.0700636942675159,-0.0059726962457337,0.10091465402926,0,37.88,47.88
2013,REG+POST,00-0030400,M.Brown,Marlon Brown,WR,WR,"https://static.www.nfl.com/image/private/f_auto,q_auto/league/zdfywwd0yvsd6okfa5sr",14,BAL,0,0,0,0,0,0,0,0,0,0,0,0,,0,,,1,-2,0,0,0,0,-0.805333015043289,0,49,83,524,7,0,0,829,237,29,1.09217833785036,1,0.632086851628468,0.150635208711434,0.159025513140226,0.337270672265309,0,96.2,145.2
2013,REG+POST,00-0030414,S.Ware,Spencer Ware,RB,RB,"https://static.www.nfl.com/image/private/f_auto,q_auto/league/qr04afpcu3fqpgxnws6t",1,SEA,0,0,0,0,0,0,0,0,0,0,0,0,,0,,,3,10,0,0,0,1,0.91972108813934,0,0,0,0,0,0,0,0,0,0,,0,,,,,0,1.0,1.0
2013,REG+POST,00-0030419,M.McGloin,Matt McGloin,QB,QB,"https://static.www.nfl.com/image/private/f_auto,q_auto/league/zwrox2g1yauaa1csdhrw",7,LV,118,211,1547,8,8,6,53,2,0,1828,653,69,4.25054789098549,0,0.846280087527352,0.0438549509224481,11,27,0,2,1,2,-8.46877267793752,0,0,0,0,0,0,0,0,0,0,,0,,,,,0,78.58,78.58
2013,REG+POST,00-0030422,D.Sims,Dion Sims,TE,TE,"https://static.www.nfl.com/image/private/f_auto,q_auto/league/gvok1agdl3xtz9nceqfr",7,MIA,0,0,0,0,0,0,0,0,0,0,0,0,,0,,,0,0,0,0,0,0,,0,6,10,32,1,0,0,51,4,3,1.39265332065406,0,0.627450980392157,0.0381679389312977,0.0212677231025855,0.0721393145687564,0,9.2,15.2
2013,REG+POST,00-0030431,R.Woods,Robert Woods,WR,WR,"https://static.www.nfl.com/image/upload/f_auto,q_auto/league/ydjg5fylwkf5aaxiul6v",14,BUF,0,0,0,0,0,0,0,0,0,0,0,0,,0,,,2,16,0,0,0,1,0.585708786034957,0,40,85,587,3,0,0,1143,111,26,4.4497013224783,1,0.513560804899388,0.187637969094923,0.285892946473237,0.48158201617365,0,80.3,120.3
2013,REG+POST,00-0030432,C.Michael,Christine Michael,RB,RB,"https://static.www.nfl.com/image/private/f_auto,q_auto/league/qlysbozgkexeoohnqrvz",3,SEA,0,0,0,0,0,0,0,0,0,0,0,0,,0,,,18,79,0,0,0,5,-0.665494326851331,0,0,0,0,0,0,0,0,0,0,,0,,,,,0,7.9,7.9
2013,REG+POST,00-0030433,M.Gillislee,Mike Gillislee,RB,RB,"https://static.www.nfl.com/image/private/f_auto,q_auto/league/bz85uuhwz2daip0avjrg",1,MIA,0,0,0,0,0,0,0,0,0,0,0,0,,0,,,6,21,0,0,0,1,-0.281730344053358,0,0,0,0,0,0,0,0,0,0,,0,,,,,0,2.1,2.1
2013,REG+POST,00-0030441,K.Long,Kyle Long,G,OL,"https://static.www.nfl.com/image/private/f_auto,q_auto/league/nzhbqhrtqaw6kg3ffzvr",1,CHI,0,0,0,0,0,0,0,0,0,0,0,0,,0,,,0,0,0,0,0,0,,0,1,1,-1,0,1,1,0,-1,0,-4.59299810661469,0,0.0,0.0285714285714286,,,0,-2.1,-1.1
2013,REG+POST,00-0030443,L.Toilolo,Levine Toilolo,TE,TE,"https://static.www.nfl.com/image/private/f_auto,q_auto/league/w6qnlfw0cuxest48srd0",9,ATL,0,0,0,0,0,0,0,0,0,0,0,0,,0,,,0,0,0,0,0,0,,0,11,14,55,2,0,0,42,28,4,-0.367875584498778,0,1.30952380952381,0.0348258706467662,0.0148777895855473,0.0626532586800324,0,17.5,28.5
2013,REG+POST,00-0030450,,Quinton Patton,WR,WR,,6,SF,0,0,0,0,0,0,0,0,0,0,0,0,,0,,,2,25,0,0,0,1,1.18512404052308,0,5,7,59,0,0,0,69,8,2,-0.0178569062122209,0,0.855072463768116,0.0514705882352941,0.0594315245478036,0.118807949536404,0,8.4,13.4
2013,REG+POST,00-0030456,G.Bernard,Giovani Bernard,RB,RB,"https://static.www.nfl.com/image/private/f_auto,q_auto/league/guht9y14gftgsugb87xz",17,CIN,0,0,0,0,0,0,0,0,0,0,0,0,,0,,,182,740,5,1,1,34,-13.758716314239,0,63,81,587,3,1,1,63,583,25,10.5908362650448,0,9.31746031746032,0.130225080385852,0.0116279069767442,0.203477155462499,0,176.7,239.7
2013,REG+POST,00-0030460,M.Wheaton,Markus Wheaton,WR,WR,"https://static.www.nfl.com/image/private/f_auto,q_auto/league/hd28smxn43jzwkdikpd0",5,PIT,0,0,0,0,0,0,0,0,0,0,0,0,,0,,,0,0,0,0,0,0,,0,6,13,64,0,0,0,159,36,5,-6.28874299727645,0,0.40251572327044,0.0643564356435644,0.0960725075528701,0.163785408752356,0,6.4,12.4
2013,REG+POST,00-0030465,K.Barner,Kenjon Barner,RB,RB,"https://static.www.nfl.com/image/private/f_auto,q_auto/league/n8hvbyw7vdlj7svjwqg4",3,CAR,0,0,0,0,0,0,0,0,0,0,0,0,,0,,,6,7,0,0,0,0,-3.0398399286205,0,2,3,7,0,0,0,-7,12,0,-1.23346778657287,0,-1.0,0.0428571428571429,-0.0193905817174515,0.0507123070834982,0,1.4,3.4
2013,REG+POST,00-0030470,V.McDonald,Vance McDonald,TE,TE,"https://static.www.nfl.com/image/private/f_auto,q_auto/league/apafzol1dcqu56cqotv9",11,SF,0,0,0,0,0,0,0,0,0,0,0,0,,0,,,0,0,0,0,0,0,,0,9,20,132,0,0,0,214,59,6,3.44342959861224,0,0.616822429906542,0.0701754385964912,0.0743830378866875,0.157331284415418,0,13.2,22.2
2013,REG+POST,00-0030472,J.Reed,Jordan Reed,TE,TE,"https://static.www.nfl.com/image/private/f_auto,q_auto/league/jur0qgejd3lzv8flmxcq",9,WAS,0,0,0,0,0,0,0,0,0,0,0,0,,0,,,1,18,0,0,0,1,1.28926983475685,0,45,60,499,3,0,0,384,248,30,34.2769697494916,0,1.29947916666667,0.174418604651163,0.13070115724983,0.353118717051625,0,69.7,114.7
2013,REG+POST,00-0030474,J.Boyce,Josh Boyce,WR,WR,"https://static.www.nfl.com/image/private/f_auto,q_auto/league/c6cis2muytjycxmgueru",6,NE,0,0,0,0,0,0,0,0,0,0,0,0,,0,,,0,0,0,0,0,0,,0,9,19,121,0,0,0,156,78,6,0.123155126488361,0,0.775641025641026,0.071969696969697,0.08,0.163954545454545,0,12.1,21.1
2013,REG+POST,00-0030485,E.Lacy,Eddie Lacy,RB,RB,"https://static.www.nfl.com/image/private/f_auto,q_auto/league/ckn4luxcj2oc2c24fh7i",16,GB,0,0,0,0,0,0,0,0,0,0,0,0,,0,,,305,1259,11,1,1,67,-4.13125301412291,0,37,47,264,0,0,0,-70,322,12,-2.99288302525495,0,-3.77142857142857,0.0989473684210526,-0.0185234188938873,0.135454659405858,0,216.3,253.3
2013,REG+POST,00-0030496,L.Bell,Le'Veon Bell,RB,RB,"https://static.www.nfl.com/image/private/f_auto,q_auto/league/sm3ij3pcby5ciqwaaqa1",13,PIT,0,0,0,0,0,0,0,0,0,0,0,0,,0,,,244,860,8,1,1,48,-25.2686711389483,0,45,66,399,0,0,0,98,445,13,11.07372730019,0,4.07142857142857,0.140724946695096,0.0261124433786304,0.229366130407685,0,171.9,216.9
2013,REG+POST,00-0030512,,Nick Kasa,TE,TE,,4,LV,0,0,0,0,0,0,0,0,0,0,0,0,,0,,,0,0,0,0,0,0,,0,1,5,9,1,0,0,56,0,1,-1.22098778947839,0,0.160714285714286,0.031055900621118,0.0447641886490807,0.0779187829860335,0,6.9,7.9
2013,REG+POST,00-0030514,M.Rivera,Mychal Rivera,TE,TE,"https://static.www.nfl.com/image/private/f_auto,q_auto/league/nnbvmfg9qugawrxv2qyt",16,LV,0,0,0,0,0,0,0,0,0,0,0,0,,0,,,0,0,0,0,0,0,,0,38,60,407,4,0,0,505,90,25,15.6061883315019,0,0.805940594059406,0.118110236220472,0.120842306771955,0.261754969071077,0,64.7,102.7
2013,REG+POST,00-0030516,B.Butler,Brice Butler,WR,WR,"https://static.www.nfl.com/image/private/f_auto,q_auto/league/xnr2lcdlhui4vyu6z4ir",8,LV,0,0,0,0,0,0,0,0,0,0,0,0,,0,,,0,0,0,0,0,0,,0,9,17,103,0,0,0,188,31,4,-5.56510664425378,0,0.547872340425532,0.0769230769230769,0.10415512465374,0.188293202642233,0,10.3,19.3
2013,REG+POST,00-0030520,M.Glennon,Mike Glennon,QB,QB,"https://static.www.nfl.com/image/private/f_auto,q_auto/league/mubobrjbeudtezxv0t0p",13,TB,247,416,2608,19,9,40,314,3,3,3624,917,126,-33.9362073424748,0,0.719646799116998,0.0344966756663161,27,37,0,4,1,4,-7.29555929040922,0,0,0,0,0,0,0,0,0,0,,0,,,,,0,158.02,158.02
2013,REG+POST,00-0030521,J.Hunter,Justin Hunter,WR,WR,"https://static.www.nfl.com/image/private/f_auto,q_auto/league/jwfx9spolez2cofb3kvq",13,TEN,0,0,0,0,0,0,0,0,0,0,0,0,,0,,,0,0,0,0,0,0,,0,18,42,354,4,0,0,762,91,16,20.0519273843534,0,0.464566929133858,0.0997624703087886,0.201267828843106,0.290531185653357,0,59.4,77.4
2013,REG+POST,00-0030522,,Montee Ball,RB,RB,,18,DEN,0,0,0,0,0,0,0,0,0,0,0,0,,0,,,148,655,4,2,2,44,-0.394891615695087,0,25,34,160,0,1,1,61,158,11,-3.78722752822796,0,2.62295081967213,0.0652591170825336,0.0166940339354132,0.10957449937859,0,99.5,124.5
2013,REG+POST,00-0030525,T.Austin,Tavon Austin,WR,WR,"https://static.www.nfl.com/image/private/f_auto,q_auto/league/ulagxqgjnrft4wub0gus",13,LA,0,1,0,0,0,0,0,0,0,11,0,0,-0.411348556168377,0,0.0,,9,151,1,0,0,3,9.8065158938407,0,40,69,418,4,1,1,552,230,17,1.52310037957998,0,0.757246376811594,0.159353348729792,0.157804459691252,0.349493144878565,1,90.9,130.9
2013,REG+POST,00-0030526,E.Manuel,EJ Manuel,QB,QB,"https://static.www.nfl.com/image/private/f_auto,q_auto/league/day0kzescuwievdhlacd",10,BUF,180,306,1972,11,9,28,159,3,3,2506,910,86,-42.4261892495731,2,0.786911412609737,0.0188194998774705,53,186,2,3,0,14,10.9202911846854,0,0,0,0,0,0,0,0,0,0,,0,,,,,0,133.48,133.48
2013,REG+POST,00-0030532,,Stedman Bailey,WR,WR,,8,LA,0,0,0,0,0,0,0,0,0,0,0,0,,0,,,2,33,1,0,0,1,3.01952491240809,0,17,25,226,0,0,0,280,46,10,6.35032502739341,0,0.807142857142857,0.104602510460251,0.137999014292755,0.253503075695305,0,31.9,48.9
2013,REG+POST,00-0030533,M.Barkley,Matt Barkley,QB,QB,"https://static.www.nfl.com/image/private/f_auto,q_auto/league/ejvscebj0ufugx5vrouq",3,PHI,30,49,300,0,4,3,24,3,1,497,82,17,-15.6658608735888,0,0.603621730382294,0.021485827546702,2,-2,0,0,0,0,-2.29065996344434,0,0,0,0,0,0,0,0,0,0,,0,,,,,0,1.8,1.8
2013,REG+POST,00-0030536,,Zac Stacy,RB,RB,"https://static.www.nfl.com/image/private/f_auto,q_auto/league/oo0cmp2wjrwqz3arii0f",13,LA,0,0,0,0,0,0,0,0,0,0,0,0,,0,,,250,973,7,1,1,47,-26.0006815110063,0,26,35,141,1,0,0,14,149,7,-0.0071956601765093,0,10.0714285714286,0.108695652173913,0.0063520871143375,0.167489939240906,0,157.4,183.4
2013,REG+POST,00-0030540,A.Dobson,Aaron Dobson,WR,WR,"https://static.www.nfl.com/image/private/f_auto,q_auto/league/es1l8zn20xgfxqh8ophi",12,NE,0,0,0,0,0,0,0,0,0,0,0,0,,0,,,0,0,0,0,0,0,,0,39,75,552,4,1,0,1069,191,26,19.3947601113765,0,0.516370439663237,0.182481751824818,0.28713403169487,0.474716449923635,0,79.2,118.2
2013,REG+POST,00-0030542,T.Williams,Terrance Williams,WR,WR,"https://static.www.nfl.com/image/private/f_auto,q_auto/league/emdrh1uwgitgnw1wytiv",15,DAL,0,0,0,0,0,0,0,0,0,0,0,0,,0,,,3,4,0,0,0,0,-1.24088592414103,0,44,74,736,5,1,1,1027,204,31,15.9381501046604,1,0.716650438169426,0.133093525179856,0.229599821149117,0.360360162574166,0,104.0,148.0
2013,REG+POST,00-0030544,G.Escobar,Gavin Escobar,TE,TE,"https://static.www.nfl.com/image/private/f_auto,q_auto/league/zpne5eocfe1wlkabs4gq",9,DAL,0,0,0,0,0,0,0,0,0,0,0,0,,0,,,0,0,0,0,0,0,,0,9,15,134,2,0,0,129,37,7,2.49000779118424,0,1.03875968992248,0.0426136363636364,0.0451680672268908,0.0955381016042781,0,25.4,34.4
2013,REG+POST,00-0030547,,Denard Robinson,RB,RB,"https://static.www.nfl.com/image/private/f_auto,q_auto/league/qxucqizbxstsxgtv0jpn",12,JAX,0,1,0,0,0,0,0,0,0,35,0,0,-0.487677488476038,0,0.0,,20,66,0,3,1,3,-15.2836085542222,0,0,1,0,0,0,0,-5,0,0,-0.555886890273541,0,0.0,0.032258064516129,-0.0233644859813084,0.0320319565872777,0,4.6,4.6
2013,REG+POST,00-0030549,T.Eifert,Tyler Eifert,TE,TE,"https://static.www.nfl.com/image/private/f_auto,q_auto/league/sextvbehmeu7ydutxtsu",16,CIN,0,0,0,0,0,0,0,0,0,0,0,0,,0,,,0,0,0,0,0,0,,0,39,60,445,2,0,0,439,227,19,-1.26262478060656,0,1.01366742596811,0.102389078498294,0.0864513588026782,0.214099568909315,0,56.5,95.5
2013,REG+POST,00-0030550,,Ace Sanders,WR,WR,,15,JAX,1,1,21,1,0,0,0,0,0,21,0,1,2.42098749277648,0,1.0,,2,4,0,0,0,1,0.0431346090044826,0,51,86,484,1,0,0,502,297,22,-15.3508981911945,0,0.964143426294821,0.156648451730419,0.137647381409378,0.331325844582193,0,59.64,110.64
2013,REG+POST,00-0030564,D.Hopkins,DeAndre Hopkins,WR,WR,"https://static.www.nfl.com/image/upload/f_auto,q_auto/league/viymeohipdn0voptrkzh",16,HOU,0,0,0,0,0,0,0,0,0,0,0,0,,0,,,0,0,0,0,0,0,,0,52,91,802,2,1,1,1221,181,38,14.0400569463476,0,0.656838656838657,0.146537842190016,0.237918939984412,0.386350021274112,0,90.2,142.2
2013,REG+POST,00-0030565,G.Smith,Geno Smith,QB,QB,"https://static.www.nfl.com/image/upload/f_auto,q_auto/league/izkm5yyxybb5uy5dkcgf",16,NYJ,247,443,3046,12,21,43,315,4,3,3963,1260,143,-59.775809620783,0,0.768609639162251,0.0195291370361437,72,366,6,4,1,23,14.1422143637535,0,1,1,13,0,0,0,13,0,1,1.30999318347313,0,1.0,0.0416666666666667,0.0459363957597173,0.0946554770318021,0,193.74,194.74
2013,REG+POST,00-0030573,S.Richardson,Sheldon Richardson,DT,DL,"https://static.www.nfl.com/image/private/f_auto,q_auto/league/yfbo8yxqsqwpmwrusnjj",2,NYJ,0,0,0,0,0,0,0,0,0,0,0,0,,0,,,4,4,2,0,0,2,0.839579692546977,0,0,0,0,0,0,0,0,0,0,,0,,,,,0,12.4,12.4
2013,REG+POST,00-0030578,C.Patterson,Cordarrelle Patterson,RB,RB,"https://static.www.nfl.com/image/upload/f_auto,q_auto/league/jktdrwmujfuqp94csnav",16,MIN,0,0,0,0,0,0,0,0,0,0,0,0,,0,,,12,158,3,0,0,7,14.6420631819055,0,45,77,469,4,0,0,601,276,19,-8.10843582791695,0,0.780366056572379,0.14392523364486,0.13928157589803,0.313384953595911,2,116.7,161.7
2014,REG,00-0007091,,Matt Hasselbeck,QB,QB,"https://static.www.nfl.com/image/private/f_auto,q_auto/league/t1nf9avoy2kauqwrvzza",4,IND,30,44,301,2,0,2,7,1,1,313,182,17,-0.628050634928208,0,0.961661341853035,0.124950599633781,8,-11,0,0,0,0,-7.7569808671833,0,0,0,0,0,0,0,0,0,0,,0,,,,,0,16.94,16.94
2014,REG,00-0010346,,Peyton Manning,QB,QB,"https://static.www.nfl.com/image/private/f_auto,q_auto/league/xpcd6auodk3w0vda6jal",16,DEN,395,597,4727,39,15,17,118,2,1,5071,1882,225,119.710891078571,2,0.932163281404062,0.13764270374638,24,-24,0,3,1,0,-24.8124112918158,0,0,0,0,0,0,0,0,0,0,,0,,,,,0,312.68,312.68
2014,REG,00-0019596,T.Brady,Tom Brady,QB,QB,"https://static.www.nfl.com/image/private/f_auto,q_auto/league/q7dpdlxyu5rs05rgh1le",16,NE,373,582,4109,33,9,21,134,5,3,4691,1862,220,110.730815034961,0,0.8759326369644,0.12642852769349,36,57,0,1,0,11,-4.36786090457463,0,0,0,0,0,0,0,0,0,0,,0,,,,,0,278.06,278.06
2014,REG,00-0019714,S.Lechler,Shane Lechler,P,SPEC,"https://static.www.nfl.com/image/private/f_auto,q_auto/league/we3oe5jqnrb4ag3d4pqu",1,HOU,1,1,10,0,0,0,0,0,0,0,10,1,2.79223562870175,0,0.0,,0,0,0,0,0,0,,0,0,0,0,0,0,0,0,0,0,,0,,,,,0,0.4,0.4
2014,REG,00-0020245,,Mike Vick,QB,QB,"https://static.www.nfl.com/image/private/f_auto,q_auto/league/hrg4riwhpjbijfovsjrk",9,NYJ,64,121,604,3,2,19,85,3,1,1055,250,33,-48.4193069326558,0,0.572511848341232,0.0033490505478461,26,153,0,2,1,10,-2.78648311563302,0,0,0,0,0,0,0,0,0,0,,0,,,,,0,43.46,43.46
2014,REG,00-0020337,,Steve Smith,WR,WR,"https://static.www.nfl.com/image/private/f_auto,q_auto/league/k23e0b8cto93he9rt0zc",16,BAL,0,0,0,0,0,0,0,0,0,0,0,0,,0,,,0,0,0,0,0,0,,0,79,134,1065,6,2,1,1413,363,45,39.1618422158068,0,0.753715498938429,0.247689463955638,0.306042884990253,0.585764215426634,0,140.5,219.5
2014,REG,00-0020494,,Santana Moss,WR,WR,,5,WAS,0,0,0,0,0,0,0,0,0,0,0,0,,0,,,0,0,0,0,0,0,,0,10,15,116,0,0,0,111,74,6,4.04795922181802,0,1.04504504504505,0.0833333333333333,0.0949529512403764,0.191467065868263,0,11.6,21.6
2014,REG,00-0020498,,Reggie Wayne,WR,WR,,15,IND,0,0,0,0,0,0,0,0,0,0,0,0,,0,,,0,0,0,0,0,0,,0,64,116,779,2,1,1,1124,273,40,-8.98855159084517,0,0.693060498220641,0.192371475953566,0.213728845788173,0.438167405982069,0,87.9,151.9
2014,REG,00-0020531,D.Brees,Drew Brees,QB,QB,"https://static.www.nfl.com/image/private/f_auto,q_auto/league/i20xlpzdmn7xubotijjd",16,NO,456,659,4952,33,17,29,186,5,3,5072,2173,258,103.029788144097,0,0.976340694006309,0.13908210001837,27,68,1,2,0,6,-3.02074464561883,0,1,1,1,0,0,0,0,1,0,-0.543649147031829,0,0.0,0.0263157894736842,,,0,302.98,303.98
2014,REG,00-0020679,,Shaun Hill,QB,QB,"https://static.www.nfl.com/image/private/f_auto,q_auto/league/dn42ccbwrshm7uksyphy",8,LA,145,229,1657,8,7,18,116,5,1,1807,809,81,-23.8988136999166,0,0.916989485334809,0.0157045863932888,10,10,1,2,0,1,-7.34511819202453,0,1,1,0,0,0,0,0,0,0,-1.4523300213316,0,,0.0344827586206897,,,0,89.28,90.28
2014,REG,00-0021140,J.Peppers,Julius Peppers,DE,DL,"https://static.www.nfl.com/image/private/f_auto,q_auto/league/c7tpbqsqzbg4vw5axw71",1,GB,0,0,0,0,0,0,0,0,0,0,0,0,,0,,,0,0,0,0,0,0,,0,0,1,0,0,0,0,3,0,0,-1.00952622015029,0,0.0,0.025,0.0125523012552301,0.0462866108786611,0,0.0,0.0
2014,REG,00-0021206,J.McCown,Josh McCown,QB,QB,"https://static.www.nfl.com/image/private/f_auto,q_auto/league/qcauc37wqjdaxdbq1evu",11,TB,184,327,2206,11,14,36,235,9,3,3268,738,98,-29.446014844427,0,0.675030599755202,0.0211167243646529,25,127,3,1,1,10,1.3190884016332,0,0,0,0,0,0,0,0,0,0,,0,,,,,0,126.94,126.94
2014,REG,00-0021429,C.Palmer,Carson Palmer,QB,QB,"https://static.www.nfl.com/image/private/f_auto,q_auto/league/belgna3tokxga0gjjmwk",6,ARI,141,224,1626,11,3,9,59,2,1,2050,747,82,32.8193431550319,0,0.793170731707317,0.113067899140353,8,25,0,1,0,1,-4.40535474458011,0,0,0,0,0,0,0,0,0,0,,0,,,,,0,103.54,103.54
2014,REG,00-0021547,A.Gates,Antonio Gates,TE,TE,"https://static.www.nfl.com/image/private/f_auto,q_auto/league/kndulvysinvn4tpvt0bc",16,LAC,0,0,0,0,0,0,0,0,0,0,0,0,,0,,,0,0,0,0,0,0,,0,69,98,821,12,1,0,913,251,44,46.4011008704928,0,0.899233296823658,0.17283950617284,0.187551355792933,0.390545208314313,0,154.1,223.1
2014,REG,00-0021570,,Kassim Osgood,WR,WR,,1,SF,0,0,0,0,0,0,0,0,0,0,0,0,,0,,,0,0,0,0,0,0,,0,0,1,0,0,0,0,5,0,0,-0.363758682273328,0,0.0,0.0217391304347826,0.0096711798839458,0.039378521570936,0,0.0,0.0
2014,REG,00-0021678,,Tony Romo,QB,QB,"https://static.www.nfl.com/image/private/f_auto,q_auto/league/rdgaxf7djip2ovlkeqjk",15,DAL,304,435,3705,34,9,29,215,4,2,3924,1626,189,145.6905271308,0,0.944189602446483,0.207799760670181,26,61,0,3,1,4,-4.62172107488732,0,0,0,0,0,0,0,0,0,0,,0,,,,,0,266.3,266.3
2014,REG,00-0022044,,Andre Johnson,WR,WR,,15,HOU,0,0,0,0,0,0,0,0,0,0,0,0,,0,,,0,0,0,0,0,0,,0,85,147,936,3,3,3,1358,389,49,-3.75712390081582,0,0.689248895434463,0.323076923076923,0.365643511039311,0.740565842342902,0,105.6,190.6
2014,REG,00-0022084,,Anquan Boldin,WR,WR,"https://static.www.nfl.com/image/private/f_auto,q_auto/league/ajabgwxbliupgkwjbnut",16,SF,0,1,0,0,0,0,0,0,0,18,0,0,-0.415317703038454,0,0.0,,1,4,0,0,0,0,-0.0285268041188829,0,83,131,1062,5,0,0,1270,400,56,54.7082614496279,0,0.836220472440945,0.270661157024793,0.269524617996604,0.594658968134813,0,136.6,219.6
2014,REG,00-0022097,,Brandon Lloyd,WR,WR,,12,SF,0,0,0,0,0,0,0,0,0,0,0,0,,0,,,0,0,0,0,0,0,,0,14,35,294,1,0,0,677,74,11,-2.7320169453742,0,0.434268833087149,0.0966850828729282,0.199469652327637,0.284656380938738,0,35.4,49.4
2014,REG,00-0022127,J.Witten,Jason Witten,TE,TE,"https://static.www.nfl.com/image/private/f_auto,q_auto/league/r7uafhtwuexuaty0nhsc",16,DAL,0,0,0,0,0,0,0,0,0,0,0,0,,0,,,0,0,0,0,0,0,,0,64,90,703,5,0,0,831,229,48,39.4194741908662,0,0.845968712394705,0.191082802547771,0.197246617612153,0.424696836150163,0,100.3,164.3
2014,REG,00-0022414,,Malcom Floyd,WR,WR,"https://static.www.nfl.com/image/private/f_auto,q_auto/league/or8gm79eaonksxe8gl0t",16,LAC,0,0,0,0,0,0,0,0,0,0,0,0,,0,,,0,0,0,0,0,0,,0,52,92,856,6,0,0,1568,124,39,40.2449563329574,0,0.545918367346939,0.162257495590829,0.322103533278554,0.468858716681231,0,121.6,173.6
2014,REG,00-0022427,,Wes Welker,WR,WR,"https://static.www.nfl.com/image/private/f_auto,q_auto/league/rgjwexzif36vncjfdwap",14,DEN,0,0,0,0,0,0,0,0,0,0,0,0,,0,,,0,0,0,0,0,0,,0,49,64,464,2,0,0,408,193,24,5.18497346878059,0,1.13725490196078,0.118299445471349,0.0879689521345408,0.239027434701203,0,58.4,107.4
2014,REG,00-0022736,,Steven Jackson,RB,RB,"https://static.www.nfl.com/image/private/f_auto,q_auto/league/abl5wejuf448xw3jtphm",15,ATL,0,0,0,0,0,0,0,0,0,0,0,0,,0,,,190,707,6,0,0,37,-16.4244117212415,0,20,27,148,0,0,0,33,121,6,1.62170924706152,0,4.48484848484848,0.0561330561330561,0.0085669781931464,0.0901964689347867,0,121.5,141.5
2014,REG,00-0022787,M.Schaub,Matt Schaub,QB,QB,"https://static.www.nfl.com/image/private/f_auto,q_auto/league/mj2kh2nddxnw04ludcx0",2,LV,5,10,57,0,2,3,24,3,1,96,24,4,-16.3594946658704,0,0.59375,-0.0342607209437962,0,0,0,0,0,0,,0,0,0,0,0,0,0,0,0,0,,0,,,,,0,-3.72,-3.72
2014,REG,00-0022803,E.Manning,Eli Manning,QB,QB,"https://static.www.nfl.com/image/private/f_auto,q_auto/league/w51tf8uedjftbr4qpaex",16,NYG,379,601,4410,30,14,28,187,7,4,4953,1938,216,66.4086782888102,0,0.890369473046638,0.0987659265864906,12,31,1,0,0,3,1.86253923709677,0,0,0,0,0,0,0,0,0,0,,0,,,,,0,269.5,269.5
2014,REG,00-0022811,,Jerricho Cotchery,WR,WR,"https://static.www.nfl.com/image/private/f_auto,q_auto/league/hkq2dmfj7mbgbuejiloy",15,CAR,0,0,0,0,0,0,0,0,0,0,0,0,,0,,,0,0,0,0,0,0,,0,48,78,580,1,0,0,888,199,30,14.6487452481612,1,0.653153153153153,0.156312625250501,0.179611650485437,0.360197093215557,0,66.0,114.0
2014,REG,00-0022824,A.Lee,Andy Lee,P,SPEC,"https://static.www.nfl.com/image/private/f_auto,q_auto/league/bfozbs2h9jueavslvw3z",1,SF,0,1,0,0,0,0,0,1,0,7,0,0,-3.40103726647794,0,0.0,,0,0,0,0,0,0,,0,0,0,0,0,0,0,0,0,0,,0,,,,,0,0.0,0.0
2014,REG,00-0022900,,Will Allen,SS,DB,"https://static.www.nfl.com/image/private/f_auto,q_auto/league/yhh8zeu0ctc5acmtm00i",1,PIT,0,0,0,0,0,0,0,0,0,0,0,0,,0,,,0,0,0,0,0,0,,0,0,1,0,0,0,0,10,0,0,-2.11284523480572,0,0.0,0.0263157894736842,0.029940119760479,0.0604317680428616,0,0.0,0.0
2014,REG,00-0022921,L.Fitzgerald,Larry Fitzgerald,WR,WR,"https://static.www.nfl.com/image/private/f_auto,q_auto/league/ycgjjaad5un42gy4pnga",14,ARI,0,0,0,0,0,0,0,0,0,0,0,0,,0,,,0,0,0,0,0,0,,0,63,104,784,2,1,1,1037,333,39,33.9605138780797,0,0.75602700096432,0.209677419354839,0.197110815434328,0.452493699836288,0,88.4,151.4
2014,REG,00-0022924,B.Roethlisberger,Ben Roethlisberger,QB,QB,"https://static.www.nfl.com/image/private/f_auto,q_auto/league/vziogpnyp9d0xtpiuqhr",16,PIT,408,608,4952,32,9,33,172,4,3,5198,2259,240,155.466906316967,3,0.952674105425164,0.167588485361678,33,27,0,5,2,5,-25.7001126812137,0,0,0,0,0,0,0,0,0,0,,0,,,,,0,306.78,306.78
2014,REG,00-0022942,P.Rivers,Philip Rivers,QB,QB,"https://static.www.nfl.com/image/private/f_auto,q_auto/league/voakyrtj34sghkwxaxxf",16,LAC,379,570,4286,31,18,36,189,4,2,4853,1925,213,77.7765977830405,0,0.883165052544818,0.129974646409219,37,102,0,4,0,9,-2.14805322107999,0,0,0,0,0,0,0,0,0,0,,0,,,,,0,265.64,265.64
2014,REG,00-0022943,B.Watson,Benjamin Watson,TE,TE,"https://static.www.nfl.com/image/private/f_auto,q_auto/league/dorymozpdnrllkqlfzpu",14,NO,0,0,0,0,0,0,0,0,0,0,0,0,,0,,,0,0,0,0,0,0,,0,20,31,136,2,0,0,134,78,9,2.00163484124316,0,1.01492537313433,0.0538194444444445,0.0324455205811138,0.103441031073446,0,25.6,45.6
2014,REG,00-0022999,J.Kuhn,John Kuhn,FB,RB,"https://static.www.nfl.com/image/private/f_auto,q_auto/league/nbcwgq2o0ymmx4czvr4b",11,GB,0,0,0,0,0,0,0,0,0,0,0,0,,0,,,24,85,1,0,0,4,-2.40585673868191,0,4,4,23,0,0,0,-2,25,0,1.34124599467032,0,-11.5,0.03125,-0.0032102728731942,0.0446278089887641,0,16.8,20.8
2014,REG,00-0023176,,Josh Cribbs,WR,WR,,1,IND,0,0,0,0,0,0,0,0,0,0,0,0,,0,,,0,0,0,0,0,0,,0,1,1,8,0,0,0,7,1,0,0.688750395318493,0,1.14285714285714,0.0227272727272727,0.0263157894736842,0.052511961722488,0,0.8,1.8
2014,REG,00-0023310,,Lance Moore,WR,WR,"https://static.www.nfl.com/image/private/f_auto,q_auto/league/bfjxc892mfkni8ywtheh",11,PIT,0,0,0,0,0,0,0,0,0,0,0,0,,0,,,0,0,0,0,0,0,,0,14,26,198,2,0,0,324,40,11,7.19804848430795,1,0.611111111111111,0.0590909090909091,0.0803372179518969,0.144872416202691,0,33.8,47.8
2014,REG,00-0023367,,Nate Washington,WR,WR,,16,TEN,0,0,0,0,0,0,0,0,0,0,0,0,,0,,,0,0,0,0,0,0,,0,40,72,647,2,0,0,1002,140,26,16.5001504611573,0,0.645708582834331,0.142574257425743,0.212468193384224,0.362589121507571,0,76.7,116.7
2014,REG,00-0023436,A.Smith,Alex Smith,QB,QB,"https://static.www.nfl.com/image/private/f_auto,q_auto/league/dpa5d1a8jj6jdymocjkx",15,KC,303,464,3265,18,6,45,229,3,1,2702,1818,175,63.4630659447683,0,1.20836417468542,0.0905895811714067,49,254,1,1,0,12,10.0595501142339,0,0,0,0,0,0,0,0,0,0,,0,,,,,0,220.0,220.0
2014,REG,00-0023437,,Ronnie Brown,RB,RB,,8,LAC,0,0,0,0,0,0,0,0,0,0,0,0,,0,,,20,63,0,0,0,5,-3.35992252230118,0,5,8,44,0,0,0,12,30,1,0.163692174479365,0,3.66666666666667,0.0361990950226244,0.0059582919563058,0.0584694469033508,0,10.7,15.7
2014,REG,00-0023459,A.Rodgers,Aaron Rodgers,QB,QB,"https://static.www.nfl.com/image/private/f_auto,q_auto/league/gnta8ufi2vdp967dui9e",16,GB,341,520,4381,38,5,28,174,7,1,4204,2059,219,170.947494261497,1,1.04210275927688,0.190818493108251,43,269,2,3,1,20,18.9015711022075,0,0,0,0,0,0,0,0,0,0,,0,,,,,0,354.14,354.14
2014,REG,00-0023460,,Jason Campbell,QB,QB,,4,CIN,11,19,74,0,0,1,0,1,1,75,57,3,-9.78515635145595,0,0.986666666666667,-0.0333051161031227,1,1,0,0,0,0,-0.847177428659052,0,0,0,0,0,0,0,0,0,0,,0,,,,,0,1.06,1.06
2014,REG,00-0023462,,Roddy White,WR,WR,"https://static.www.nfl.com/image/private/f_auto,q_auto/league/f7dgklg6z49fbdltwuki",14,ATL,0,0,0,0,0,0,0,0,0,0,0,0,,0,,,0,0,0,0,0,0,,0,80,125,921,7,3,1,1235,182,54,29.3620386454486,0,0.745748987854251,0.225631768953069,0.287610619469027,0.539775087057921,0,132.1,212.1
2014,REG,00-0023465,,Heath Miller,TE,TE,"https://static.www.nfl.com/image/private/f_auto,q_auto/league/iqw8fry4hgfvegs9nfuf",16,PIT,0,0,0,0,0,0,0,0,0,0,0,0,,0,,,0,0,0,0,0,0,,0,66,91,761,3,1,1,666,325,42,36.6032868202941,1,1.14264264264264,0.151414309484193,0.127635109237256,0.316466040692369,0,94.1,160.1
2014,REG,00-0023487,K.Barnes,Khalif Barnes,OT,OL,"https://static.www.nfl.com/image/private/f_auto,q_auto/league/p4ratiy2u5rwyfmlgrvz",1,LV,0,0,0,0,0,0,0,0,0,0,0,0,,0,,,0,0,0,0,0,0,,0,1,1,1,0,1,1,-2,3,0,-3.77921769220848,0,0.0,0.0217391304347826,-0.0062893081761006,0.0282061799289035,0,-1.9,-0.9
2014,REG,00-0023496,,Vincent Jackson,WR,WR,"https://static.www.nfl.com/image/private/f_auto,q_auto/league/kdquag2thcfulvrs0cbz",16,TB,0,0,0,0,0,0,0,0,0,0,0,0,,0,,,0,0,0,0,0,0,,0,70,142,1002,2,1,1,2027,140,50,7.51610561056903,0,0.494326591021214,0.27151051625239,0.369351311953353,0.665811692745932,0,110.2,180.2
2014,REG,00-0023500,F.Gore,Frank Gore,RB,RB,"https://static.www.nfl.com/image/private/f_auto,q_auto/league/lxxkhd2suyalrbruzut7",16,SF,0,0,0,0,0,0,0,0,0,0,0,0,,0,,,255,1106,4,2,2,53,-24.9176880435641,0,11,19,111,1,0,0,84,102,2,1.44532840192551,0,1.32142857142857,0.059190031152648,0.0258780036968577,0.106899649316772,0,147.7,158.7
2014,REG,00-0023503,,Courtney Roby,WR,WR,,1,ATL,0,0,0,0,0,0,0,0,0,0,0,0,,0,,,0,0,0,0,0,0,,0,1,2,11,0,0,0,15,1,1,-5.26858150470071,0,0.733333333333333,0.0714285714285714,0.0483870967741936,0.141013824884793,0,1.1,2.1
2014,REG,00-0023534,D.Colquitt,Dustin Colquitt,P,SPEC,"https://static.www.nfl.com/image/private/f_auto,q_auto/league/v1aymd6o0vpg73ytxzhu",1,KC,1,1,6,0,0,0,0,0,0,-4,10,1,2.59301443456206,0,0.0,,0,0,0,0,0,0,,0,0,0,0,0,0,0,0,0,0,,0,,,,,0,0.24,0.24
2014,REG,00-0023541,,Kyle Orton,QB,QB,,12,BUF,287,447,3018,18,10,33,198,3,3,3170,1541,147,7.32114179822932,1,0.95205047318612,0.0529378701090994,15,14,1,0,0,2,-4.64647767502759,0,0,0,0,0,0,0,0,0,0,,0,,,,,0,176.12,176.12
2014,REG,00-0023564,D.Sproles,Darren Sproles,RB,RB,"https://static.www.nfl.com/image/private/f_auto,q_auto/league/gvj5ng27blmwuz170aeo",15,PHI,0,0,0,0,0,0,0,0,0,0,0,0,,0,,,57,329,6,2,1,18,4.59256952105668,0,40,62,387,0,0,0,45,404,17,-1.86516904650478,0,8.6,0.125,0.0113722517058378,0.195460576194086,2,117.6,157.6
2014,REG,00-0023645,D.Anderson,Derek Anderson,QB,QB,"https://static.www.nfl.com/image/private/f_auto,q_auto/league/w191gsxivnqgdwgydka6",5,CAR,65,97,701,5,0,4,17,0,0,900,181,44,24.722784850687,0,0.778888888888889,0.18173144557825,8,24,0,2,0,3,0.580947595706675,0,0,0,0,0,0,0,0,0,0,,0,,,,,0,50.44,50.44
2014,REG,00-0023662,M.Cassel,Matt Cassel,QB,QB,"https://static.www.nfl.com/image/private/f_auto,q_auto/league/n1ucqggyu5hlsqzuv5gj",3,MIN,41,71,425,3,4,6,39,1,0,434,295,21,-12.5528081266464,0,0.97926267281106,-0.027431476157599,9,18,0,2,0,1,-4.93870003616284,0,0,0,0,0,0,0,0,0,0,,0,,,,,0,22.8,22.8
2014,REG,00-0023682,R.Fitzpatrick,Ryan Fitzpatrick,QB,QB,"https://static.www.nfl.com/image/private/f_auto,q_auto/league/pkhhxwplsawnhln9rsun",12,HOU,197,312,2483,17,8,21,83,3,1,2646,1076,119,47.8544729692607,0,0.938397581254724,0.100621866633381,50,184,2,2,0,13,4.35834747459817,0,0,0,0,0,0,0,0,0,0,,0,,,,,0,179.72,179.72
2014,REG,00-0023742,J.Ryan,Jon Ryan,P,SPEC,"https://static.www.nfl.com/image/private/f_auto,q_auto/league/jarcsmohj6vbznthlni8",2,SEA,0,0,0,0,0,0,0,0,0,0,0,0,,0,,,2,5,0,1,1,1,-2.6933302754187,0,0,0,0,0,0,0,0,0,0,,0,,,,,0,-1.5,-1.5
2014,REG,00-0023752,,Daniel Fells,TE,TE,"https://static.www.nfl.com/image/private/f_auto,q_auto/league/lhecgqac5nourex1czfo",12,NYG,0,0,0,0,0,0,0,0,0,0,0,0,,0,,,0,0,0,0,0,0,,0,16,20,188,4,1,1,128,85,12,14.3491779119115,0,1.46875,0.0475059382422803,0.0414776409591704,0.10029325603484,0,40.8,56.8
2014,REG,00-0023894,D.Penn,Donald Penn,T,OL,"https://static.www.nfl.com/image/private/f_auto,q_auto/league/lbarhx9omymxl236etax",1,LV,0,0,0,0,0,0,0,0,0,0,0,0,,0,,,0,0,0,0,0,0,,0,1,1,3,1,0,0,3,0,1,2.35205541271716,0,1.0,0.0357142857142857,0.0126050420168067,0.0623949579831933,0,6.3,7.3
2014,REG,00-0023921,,Miles Austin,WR,WR,"https://static.www.nfl.com/image/private/f_auto,q_auto/league/tuwhvxan7v0gisbei4an",12,CLE,0,0,0,0,0,0,0,0,0,0,0,0,,0,,,0,0,0,0,0,0,,0,47,72,568,2,0,0,588,200,34,23.5021768332029,0,0.965986394557823,0.17910447761194,0.145006165228113,0.37016103207759,0,68.8,115.8
2014,REG,00-0023968,,Micheal Spurlock,WR,WR,,1,CHI,0,0,0,0,0,0,0,0,0,0,0,0,,0,,,0,0,0,0,0,0,,0,1,3,8,0,0,0,25,6,0,-1.73021760324528,0,0.32,0.0612244897959184,0.0683060109289618,0.139650942344151,0,0.8,1.8
2014,REG,00-0024110,,Steve Weatherford,P,SPEC,"https://static.www.nfl.com/image/private/f_auto,q_auto/league/jkpdalshsrmuxdn1jj4h",1,NYG,0,0,0,0,0,0,0,0,0,0,0,0,,0,,,1,0,0,0,0,0,-4.57305041141808,0,0,0,0,0,0,0,0,0,0,,0,,,,,0,0.0,0.0
2014,REG,00-0024204,,Fred Jackson,RB,RB,"https://static.www.nfl.com/image/private/f_auto,q_auto/league/ibu4ltouiplhatsn4ptq",14,BUF,0,1,0,0,0,0,0,0,0,30,0,0,-0.391690449148882,0,0.0,,141,525,2,0,0,24,-14.4394131725674,1,66,90,501,1,3,0,-67,581,25,-13.2230597959415,0,-7.47761194029851,0.174081237911025,-0.0182312925170068,0.248359952104633,0,122.6,188.6
2014,REG,00-0024217,,Reggie Bush,RB,RB,"https://static.www.nfl.com/image/private/f_auto,q_auto/league/z2m2heolqx9sgobdks9v",11,DET,0,0,0,0,0,0,0,0,0,0,0,0,,0,,,76,297,2,0,0,9,-12.2710233943653,0,40,56,253,0,0,0,59,252,13,-7.37447449713802,0,4.28813559322034,0.142131979695431,0.0184375,0.226104219543147,0,67.0,107.0
2014,REG,00-0024221,V.Davis,Vernon Davis,TE,TE,"https://static.www.nfl.com/image/private/f_auto,q_auto/league/so5ywayfeeu4zeijln5m",13,SF,0,0,0,0,0,0,0,0,0,0,0,0,,0,,,1,4,0,0,0,0,-0.936803949996829,0,26,50,245,2,0,0,593,49,11,-6.46462071771384,0,0.413153456998314,0.125628140703518,0.148696088264794,0.292529472840632,0,36.9,62.9
2014,REG,00-0024226,J.Cutler,Jay Cutler,QB,QB,"https://static.www.nfl.com/image/private/f_auto,q_auto/league/ks6n7gvw4vccihlse6bn",15,CHI,370,561,3812,28,18,38,223,9,6,4106,2038,181,-28.6308665887468,4,0.928397467121286,0.061756628687907,39,191,2,3,0,14,10.1737515376881,0,0,0,0,0,0,0,0,0,0,,0,,,,,0,255.58,255.58
2014,REG,00-0024237,,Manny Lawson,OLB,LB,,1,BUF,0,0,0,0,0,0,0,0,0,0,0,0,,0,,,0,0,0,0,0,0,,0,0,0,0,0,0,0,0,0,0,,0,,,,,1,6.0,6.0
2014,REG,00-0024240,,Santonio Holmes,WR,WR,,5,CHI,0,0,0,0,0,0,0,0,0,0,0,0,,0,,,0,0,0,0,0,0,,0,8,14,67,0,0,0,143,25,6,-6.28777261245286,0,0.468531468531469,0.0710659898477157,0.101346562721474,0.177541578676606,0,6.7,14.7
2014,REG,00-0024242,,DeAngelo Williams,RB,RB,"https://static.www.nfl.com/image/private/f_auto,q_auto/league/oky9ooitgqa1fgwdll6b",6,CAR,0,0,0,0,0,0,0,0,0,0,0,0,,0,,,62,219,0,1,1,6,-11.5394676174308,0,5,6,44,0,0,0,-18,57,2,1.39800316357287,0,-2.44444444444444,0.0437956204379562,-0.0120080053368913,0.0572878269211104,0,24.3,29.3
2014,REG,00-0024243,M.Lewis,Marcedes Lewis,TE,TE,"https://static.www.nfl.com/image/private/f_auto,q_auto/league/ppq07tipygpftz5csipx",8,JAX,0,0,0,0,0,0,0,0,0,0,0,0,,0,,,0,0,0,0,0,0,,0,18,31,206,2,0,0,200,141,10,-1.79988105717348,0,1.03,0.114814814814815,0.10482180293501,0.24559748427673,0,32.6,50.6
2014,REG,00-0024264,K.Clemens,Kellen Clemens,QB,QB,"https://static.www.nfl.com/image/private/f_auto,q_auto/league/pxungqbhh61ov73tzaxk",1,LAC,1,3,10,0,0,1,9,0,0,27,2,1,-3.40449273912236,0,0.37037037037037,,0,0,0,0,0,0,,0,0,0,0,0,0,0,0,0,0,,0,,,,,0,0.4,0.4
2014,REG,00-0024267,,Greg Jennings,WR,WR,"https://static.www.nfl.com/image/private/f_auto,q_auto/league/jiemkcfkc893pfova8xv",16,MIN,0,0,0,0,0,0,0,0,0,0,0,0,,0,,,0,0,0,0,0,0,,0,59,92,742,6,1,0,1007,197,40,27.9397021622162,0,0.736842105263158,0.180392156862745,0.255259822560203,0.44927011108626,0,110.2,169.2
2014,REG,00-0024268,A.Fasano,Anthony Fasano,TE,TE,"https://static.www.nfl.com/image/private/f_auto,q_auto/league/twcrap9uhjbazmplq5x3",14,KC,0,0,0,0,0,0,0,0,0,0,0,0,,0,,,0,0,0,0,0,0,,0,25,36,226,4,0,0,262,80,15,12.4116149849508,0,0.862595419847328,0.0812641083521445,0.100846805234796,0.192488926192574,0,46.6,71.6
2014,REG,00-0024272,,Devin Hester,WR,WR,"https://static.www.nfl.com/image/private/f_auto,q_auto/league/jtntm2ci9doez4qxbx0c",15,ATL,0,0,0,0,0,0,0,0,0,0,0,0,,0,,,6,36,1,0,0,1,1.7411303112749,0,38,59,504,2,1,1,478,257,21,7.52148902663912,0,1.05439330543933,0.0988274706867672,0.100886449978894,0.218861721015377,1,76.0,114.0
2014,REG,00-0024275,,Maurice Jones-Drew,RB,RB,,11,LV,0,0,0,0,0,0,0,0,0,0,0,0,,0,,,43,96,0,1,0,2,-14.8017477279645,0,11,16,71,0,0,0,10,65,3,-3.35196872183587,0,7.1,0.0458452722063037,0.0038535645472061,0.0714654034924999,0,16.7,27.7
2014,REG,00-0024279,,Tarvaris Jackson,QB,QB,"https://static.www.nfl.com/image/private/f_auto,q_auto/league/bqukmeneztibnhrjko0q",1,SEA,1,1,0,0,0,0,0,0,0,0,0,0,-0.541864283848554,0,,,0,0,0,0,0,0,,0,0,0,0,0,0,0,0,0,0,,0,,,,,0,0.0,0.0
2014,REG,00-0024296,,Charlie Whitehurst,QB,QB,,7,TEN,105,185,1326,7,2,18,103,2,0,1731,550,56,-3.81763828893416,0,0.766031195840555,0.024773040467877,20,90,0,1,0,6,-0.254613773315214,0,0,0,0,0,0,0,0,0,0,,0,,,,,0,86.04,86.04
2014,REG,00-0024297,,Derek Hagan,WR,WR,,10,TEN,0,0,0,0,0,0,0,0,0,0,0,0,,0,,,0,0,0,0,0,0,,0,19,34,254,1,0,0,421,28,10,4.02728925255623,0,0.60332541567696,0.105919003115265,0.144574175824176,0.26008042774982,0,31.4,50.4
2014,REG,00-0024313,,Owen Daniels,TE,TE,"https://static.www.nfl.com/image/private/f_auto,q_auto/league/ktxkz5tzddboxst5xfh8",15,BAL,0,0,0,0,0,0,0,0,0,0,0,0,,0,,,0,0,0,0,0,0,,0,48,79,527,4,0,0,628,177,32,9.74495094222481,0,0.839171974522293,0.155511811023622,0.146763262444496,0.336002000246581,0,76.7,124.7
2014,REG,00-0024318,,Brad Smith,QB,QB,,3,PHI,0,0,0,0,0,0,0,0,0,0,0,0,,0,,,0,0,0,0,0,0,,0,1,3,11,0,0,0,17,13,1,-0.737178069306538,0,0.647058823529412,0.0258620689655172,0.0148601398601399,0.0491952013503738,1,7.1,8.1
2014,REG,00-0024324,,Jason Avant,WR,WR,"https://static.www.nfl.com/image/private/f_auto,q_auto/league/nnis5ib42eoeu8bjjpdc",15,KC,0,0,0,0,0,0,0,0,0,0,0,0,,0,,,1,1,0,0,0,0,-0.352594519965351,0,34,62,353,1,0,0,550,146,19,1.97598438900732,0,0.641818181818182,0.120388349514563,0.131296252088804,0.272489900734008,0,41.4,75.4
2014,REG,00-0024332,,Leon Washington,RB,RB,,11,TEN,0,0,0,0,0,0,0,0,0,0,0,0,,0,,,13,57,0,0,0,1,-7.09572621487213,0,22,31,159,2,0,0,49,138,8,-6.35926627888694,0,3.24489795918367,0.0888252148997135,0.0183520599250936,0.146084264297136,0,33.6,55.6
2014,REG,00-0024334,B.Marshall,Brandon Marshall,WR,WR,"https://static.www.nfl.com/image/private/f_auto,q_auto/league/jhziqh0scfksvxen6f3s",13,CHI,0,0,0,0,0,0,0,0,0,0,0,0,,0,,,0,0,0,0,0,0,,0,61,106,721,8,1,1,1241,224,41,11.1284626868437,0,0.580983078162772,0.210735586481113,0.327873183619551,0.545614608255356,0,118.1,179.1
2014,REG,00-0024389,De.Walker,Delanie Walker,TE,TE,"https://static.www.nfl.com/image/private/f_auto,q_auto/league/diknegkpqy0qnri7877z",15,TEN,0,0,0,0,0,0,0,0,0,0,0,0,,0,,,0,0,0,0,0,0,,0,63,106,890,4,2,0,946,408,35,-1.11773848473041,0,0.940803382663848,0.22037422037422,0.20850782455367,0.476516807748899,0,113.0,176.0
2014,REG,00-0024408,,Bruce Gradkowski,QB,QB,,1,PIT,0,0,0,0,0,0,0,0,0,0,0,0,,0,,,2,-2,0,0,0,0,-3.31601142708678,0,0,0,0,0,0,0,0,0,0,,0,,,,,0,-0.2,-0.2
2014,REG,00-0024466,,Marques Colston,WR,WR,"https://static.www.nfl.com/image/private/f_auto,q_auto/league/hnnuo9nfwzwlakr2srdq",15,NO,0,0,0,0,0,0,0,0,0,0,0,0,,0,,,0,0,0,0,0,0,,0,59,99,902,5,1,1,1110,295,45,34.0788876254519,0,0.812612612612613,0.162295081967213,0.231346394330971,0.4053850989825,0,118.2,177.2
2014,REG,00-0024535,E.Weems,Eric Weems,WR,WR,"https://static.www.nfl.com/image/private/f_auto,q_auto/league/kptsfekcpfukewtim9kz",6,ATL,0,0,0,0,0,0,0,0,0,0,0,0,,0,,,0,0,0,0,0,0,,0,10,11,102,2,0,0,93,28,5,11.4618220642151,0,1.09677419354839,0.0482456140350877,0.0502974580854516,0.107576641712448,0,22.2,32.2
2014,REG,00-0024796,,Craig Dahl,DB,DB,"https://static.www.nfl.com/image/private/f_auto,q_auto/league/ikx6ey1gv9nbfwwpzq31",1,SF,0,0,0,0,0,0,0,0,0,0,0,0,,0,,,1,3,0,0,0,1,2.19120286637917,0,0,0,0,0,0,0,0,0,0,,0,,,,,0,0.3,0.3
2014,REG,00-0024813,,Pierre Thomas,RB,RB,"https://static.www.nfl.com/image/private/f_auto,q_auto/league/w58uf8rmlucv7qagwrfv",11,NO,0,0,0,0,0,0,0,0,0,0,0,0,,0,,,45,222,2,0,0,13,-0.74477831312106,0,45,55,378,1,0,0,-54,424,19,11.933487832385,0,-7.0,0.119825708061002,-0.0154153582643448,0.168947811306462,0,78.0,123.0
2014,REG,00-0025389,,Calvin Johnson,WR,WR,"https://static.www.nfl.com/image/private/f_auto,q_auto/league/z6dxib9sientn4m9cljh",13,DET,0,0,0,0,0,0,0,0,0,0,0,0,,0,,,0,0,0,0,0,0,,0,71,128,1077,8,0,0,1907,229,59,47.2235671896573,0,0.564761405348715,0.27061310782241,0.487848554617549,0.7474136499659,0,155.7,226.7
2014,REG,00-0025394,A.Peterson,Adrian Peterson,RB,RB,"https://static.www.nfl.com/image/private/f_auto,q_auto/league/ug2ua3skqc9f6vkbowxc",1,MIN,0,0,0,0,0,0,0,0,0,0,0,0,,0,,,21,75,0,0,0,3,-4.46041942866118,0,2,3,18,0,0,0,-7,20,1,2.26494254014688,0,-2.57142857142857,0.125,-0.0583333333333333,0.146666666666667,0,9.3,11.3
2014,REG,00-0025396,T.Ginn,Ted Ginn,WR,WR,"https://static.www.nfl.com/image/private/f_auto,q_auto/league/o4m4txrv9l7odyebnea4",13,ARI,1,1,10,0,0,0,0,0,0,10,0,1,0.87028825643938,0,1.0,,3,6,0,0,0,0,-1.06084877520334,0,14,26,190,0,0,0,388,46,9,2.00683275166964,0,0.489690721649485,0.0597701149425287,0.0973651191969887,0.157810755851685,1,26.0,40.0
2014,REG,00-0025399,M.Lynch,Marshawn Lynch,RB,RB,"https://static.www.nfl.com/image/private/f_auto,q_auto/league/ddhpebfqtr9yxsnbx9ht",16,SEA,0,0,0,0,0,0,0,0,0,0,0,0,,0,,,280,1306,13,1,0,65,11.1551693123127,0,37,48,367,4,2,2,-14,404,16,4.45068040594181,0,-26.2142857142857,0.119106699751861,-0.0043263288009888,0.175631619467099,0,265.3,302.3
2014,REG,00-0025410,,Dwayne Bowe,WR,WR,"https://static.www.nfl.com/image/private/f_auto,q_auto/league/ihvktvkw198qeclu6mtk",15,KC,0,0,0,0,0,0,0,0,0,0,0,0,,0,,,0,0,0,0,0,0,,0,60,95,754,0,2,0,871,228,42,35.6333610329325,0,0.865671641791045,0.210176991150442,0.346046881207787,0.557498303571115,0,75.4,135.4
2014,REG,00-0025414,,Robert Meachem,WR,WR,,10,NO,0,0,0,0,0,0,0,0,0,0,0,0,,0,,,0,0,0,0,0,0,,0,7,21,114,0,0,0,417,21,7,-8.17657408199739,0,0.273381294964029,0.0508474576271187,0.131545741324921,0.168353205368123,0,11.4,18.4
2014,REG,00-0025418,G.Olsen,Greg Olsen,TE,TE,"https://static.www.nfl.com/image/private/f_auto,q_auto/league/jevf1bubmrv2vvmiwq3r",16,CAR,0,0,0,0,0,0,0,0,0,0,0,0,,0,,,0,0,0,0,0,0,,0,84,123,1008,6,1,0,1079,338,57,43.0901986339351,0,0.934198331788693,0.227777777777778,0.204627346861369,0.484905809469625,0,136.8,220.8
2014,REG,00-0025424,E.Weddle,Eric Weddle,FS,DB,"https://static.www.nfl.com/image/private/f_auto,q_auto/league/lkawujcrkiyelnzqnups",1,LAC,0,1,0,0,0,0,0,0,0,21,0,0,-2.32448586449027,0,0.0,,0,0,0,0,0,0,,0,0,0,0,0,0,0,0,0,0,,0,,,,,0,0.0,0.0
2014,REG,00-0025425,,Zach Miller,TE,TE,,3,SEA,0,0,0,0,0,0,0,0,0,0,0,0,,0,,,0,0,0,0,0,0,,0,6,7,76,0,0,0,52,29,3,2.088586163125,0,1.46153846153846,0.0875,0.0961182994454713,0.19853280961183,0,7.6,13.6
2014,REG,00-0025430,D.Stanton,Drew Stanton,QB,QB,"https://static.www.nfl.com/image/private/f_auto,q_auto/league/di5hc0mwbomreqx7ojbu",9,ARI,132,240,1711,7,5,11,66,1,0,2656,639,77,4.50646139539416,1,0.644201807228916,0.0515679084177904,25,63,0,0,0,5,-1.32762978062885,0,0,0,0,0,0,0,0,0,0,,0,,,,,0,94.74,94.74
2014,REG,00-0025439,,Brian Leonard,RB,RB,,1,NO,0,0,0,0,0,0,0,0,0,0,0,0,,0,,,0,0,0,0,0,0,,0,1,1,15,0,0,0,5,10,1,1.63086454488803,0,3.0,0.024390243902439,0.0185185185185185,0.0495483288166215,0,1.5,2.5
2014,REG,00-0025460,,Jacoby Jones,WR,WR,"https://static.www.nfl.com/image/private/f_auto,q_auto/league/yhjtycrpq7jtfarxkhcx",12,BAL,0,0,0,0,0,0,0,0,0,0,0,0,,0,,,3,16,0,0,0,2,0.561875982501078,0,9,18,131,0,0,0,191,83,6,3.75976985431043,0,0.68586387434555,0.0507042253521127,0.0631822692689381,0.120283926516426,1,20.7,29.7
2014,REG,00-0025464,,Matt Spaeth,TE,TE,"https://static.www.nfl.com/image/private/f_auto,q_auto/league/wywcnns8be7rzlrwnjwh",3,PIT,0,0,0,0,0,0,0,0,0,0,0,0,,0,,,0,0,0,0,0,0,,0,3,4,46,1,0,0,33,16,2,4.92768972658087,1,1.39393939393939,0.0350877192982456,0.0349206349206349,0.0770760233918129,0,12.6,15.6
2014,REG,00-0025465,,James Jones,WR,WR,,16,LV,0,0,0,0,0,0,0,0,0,0,0,0,,0,,,0,0,0,0,0,0,,0,73,112,666,6,2,0,954,217,40,7.52004477595776,0,0.69811320754717,0.180936995153473,0.193078324225865,0.406560319688316,0,102.6,175.6
2014,REG,00-0025516,,Scott Chandler,TE,TE,"https://static.www.nfl.com/image/private/f_auto,q_auto/league/zktr2miqzub2buwa19x7",16,BUF,0,0,0,0,0,0,0,0,0,0,0,0,,0,,,0,0,0,0,0,0,,0,47,70,497,3,0,0,502,193,28,17.9748186460349,0,0.99003984063745,0.122377622377622,0.121608527131783,0.268692402558682,0,67.7,114.7
2014,REG,00-0025542,,Dante Rosario,TE,TE,,13,CHI,0,0,0,0,0,0,0,0,0,0,0,0,,0,,,0,0,0,0,0,0,,0,16,22,116,0,1,1,101,54,3,-2.51858506021784,1,1.14851485148515,0.046218487394958,0.0294203320710749,0.0899219635421894,0,11.6,27.6
2014,REG,00-0025549,B.Celek,Brent Celek,TE,TE,"https://static.www.nfl.com/image/private/f_auto,q_auto/league/mit6ahic4gkdhy1hkejt",16,PHI,0,0,0,0,0,0,0,0,0,0,0,0,,0,,,0,0,0,0,0,0,,0,32,51,340,1,1,1,387,132,16,-14.0973837669415,0,0.878552971576227,0.0833333333333333,0.0700199022978107,0.174013931608468,0,38.0,70.0
2014,REG,00-0025592,,Jordan Palmer,QB,QB,,1,TEN,1,3,7,0,0,0,0,0,0,30,0,0,-4.00420621800004,0,0.233333333333333,,1,-1,0,0,0,0,0.0,0,0,0,0,0,0,0,0,0,0,,0,,,,,0,0.18,0.18
2014,REG,00-0025637,,Ahmad Bradshaw,RB,RB,"https://static.www.nfl.com/image/private/f_auto,q_auto/league/vlgcz2so2urjgowxz3tz",10,IND,0,0,0,0,0,0,0,0,0,0,0,0,,0,,,90,425,2,3,2,18,-14.7733422281045,0,38,47,300,6,0,0,-18,333,20,18.3543070856898,0,-16.6666666666667,0.110588235294118,-0.0055762081784386,0.161979007216269,0,116.5,154.5
2014,REG,00-0025701,,Jackie Battle,RB,RB,,6,TEN,0,0,0,0,0,0,0,0,0,0,0,0,,0,,,5,9,1,0,0,4,3.52806943404721,0,5,5,28,0,0,0,4,24,2,0.712939061049838,0,7.0,0.0649350649350649,0.0065681444991789,0.102000298552023,0,9.7,14.7
2014,REG,00-0025708,M.Moore,Matt Moore,QB,QB,"https://static.www.nfl.com/image/private/f_auto,q_auto/league/h04zarfikqlgerdftbgp",2,MIA,2,4,21,0,0,0,0,0,0,93,10,2,1.32159040262923,0,0.225806451612903,,2,-2,0,0,0,0,-3.78789670893457,0,0,0,0,0,0,0,0,0,0,,0,,,,,0,0.64,0.64
2014,REG,00-0026019,D.Woodhead,Danny Woodhead,RB,RB,"https://static.www.nfl.com/image/private/f_auto,q_auto/league/gorlqe0etvc8ek5wob7j",3,LAC,0,0,0,0,0,0,0,0,0,0,0,0,,0,,,15,38,0,0,0,2,-4.66308712039609,0,5,6,34,0,0,0,9,33,4,2.88635737146251,0,3.77777777777778,0.0845070422535211,0.0154109589041096,0.137548234613158,0,7.2,12.2
2014,REG,00-0026035,D.Amendola,Danny Amendola,WR,WR,"https://static.www.nfl.com/image/private/f_auto,q_auto/league/etz06w7s0ardf49mnayz",14,NE,0,0,0,0,0,0,0,0,0,0,0,0,,0,,,0,0,0,0,0,0,,0,27,42,200,1,0,0,315,74,12,-2.25391415959304,0,0.634920634920635,0.0786516853932584,0.0722974523754877,0.168585744752729,0,26.0,53.0
2014,REG,00-0026069,M.Tolbert,Mike Tolbert,FB,RB,"https://static.www.nfl.com/image/private/f_auto,q_auto/league/frwhwdhbcteyg7xjha7a",8,CAR,0,0,0,0,0,0,0,0,0,0,0,0,,0,,,37,78,0,0,0,4,-16.611103696576,0,12,17,93,0,0,0,0,100,4,-4.32089710218133,0,0.0,0.0833333333333333,0.0,0.125,0,17.1,29.1
2014,REG,00-0026071,,Kyle Arrington,CB,DB,"https://static.www.nfl.com/image/private/f_auto,q_auto/league/xzz3lmkcfvtjnghrleat",2,NE,0,0,0,0,0,0,0,0,0,0,0,0,,0,,,0,0,0,0,0,0,,0,0,0,0,0,0,0,0,0,0,,0,,,,,2,12.0,12.0
2014,REG,00-0026072,,Jed Collins,FB,RB,,8,DET,0,0,0,0,0,0,0,0,0,0,0,0,,0,,,8,19,0,0,0,5,0.776287755055819,0,5,6,39,1,0,0,7,38,2,4.8424351712456,0,5.57142857142857,0.0357142857142857,0.0063520871143375,0.0580178895514649,0,11.8,16.8
2014,REG,00-0026143,M.Ryan,Matt Ryan,QB,QB,"https://static.www.nfl.com/image/private/f_auto,q_auto/league/s6zam4ekrrnonsck6vak",16,ATL,415,628,4694,28,14,31,205,4,2,4853,2073,230,71.8474786533478,1,0.967236760766536,0.105897732103411,29,145,0,1,0,10,1.22791819331294,0,0,0,0,0,0,0,0,0,0,,0,,,,,0,284.26,284.26
2014,REG,00-0026144,D.McFadden,Darren McFadden,RB,RB,"https://static.www.nfl.com/image/private/f_auto,q_auto/league/bfvionxxsfckmjqtw4kv",16,LV,0,1,0,0,0,0,0,0,0,17,0,0,-0.504617658210918,0,0.0,,155,534,2,1,1,20,-31.5683237448975,0,36,56,212,0,0,0,-1,261,8,-17.3764559923898,0,-212.0,0.104477611940299,-0.0002562788313685,0.15653702272849,0,84.6,120.6
2014,REG,00-0026153,J.Stewart,Jonathan Stewart,RB,RB,"https://static.www.nfl.com/image/private/f_auto,q_auto/league/dzvxfj3xrgnzc3jbag2n",13,CAR,0,0,0,0,0,0,0,0,0,0,0,0,,0,,,175,809,3,2,1,42,-16.2150928196282,0,25,31,181,1,0,0,-57,214,7,-3.96696103579598,0,-3.17543859649123,0.0778894472361809,-0.0147821576763485,0.106486660480827,0,121.0,146.0
2014,REG,00-0026158,J.Flacco,Joe Flacco,QB,QB,"https://static.www.nfl.com/image/upload/f_auto,q_auto/league/dwsbpmlhoqud0puidizt",16,BAL,344,554,3986,27,12,19,167,2,0,4623,1751,194,73.2945529080026,0,0.862210685701925,0.108949887366452,39,70,2,2,0,17,-7.90216068839072,0,0,0,0,0,0,0,0,0,0,,0,,,,,0,262.44,262.44
2014,REG,00-0026164,C.Johnson,Chris Johnson,RB,RB,"https://static.www.nfl.com/image/private/f_auto,q_auto/league/ryf9nc84eovvdbf0cz79",16,NYJ,0,0,0,0,0,0,0,0,0,0,0,0,,0,,,155,663,1,1,1,21,-13.7832790327086,0,24,34,151,1,0,0,16,146,9,-12.6310165109462,0,9.4375,0.0724946695095949,0.0041797283176593,0.111667814086754,0,91.4,115.4
2014,REG,00-0026173,,Donnie Avery,WR,WR,,5,KC,0,0,0,0,0,0,0,0,0,0,0,0,,0,,,0,0,0,0,0,0,,0,15,26,176,0,1,1,336,37,8,-5.310491025559,0,0.523809523809524,0.17687074829932,0.338709677419355,0.502402896642528,0,15.6,30.6
2014,REG,00-0026176,J.Nelson,Jordy Nelson,WR,WR,"https://static.www.nfl.com/image/private/f_auto,q_auto/league/bde2n4ozsakatgs4yyp2",16,GB,0,0,0,0,0,0,0,0,0,0,0,0,,0,,,0,0,0,0,0,0,,0,98,151,1519,13,0,0,1733,501,71,85.0624971622747,0,0.876514714368148,0.28436911487759,0.403210795718939,0.708801229319642,0,229.9,327.9
2014,REG,00-0026178,,John Carlson,TE,TE,,16,ARI,0,0,0,0,0,0,0,0,0,0,0,0,,0,,,0,0,0,0,0,0,,0,33,55,350,1,0,0,386,143,17,-8.89540588413335,1,0.906735751295337,0.0980392156862745,0.0691880265280516,0.195490442099048,0,43.0,76.0
2014,REG,00-0026182,,Eddie Royal,WR,WR,"https://static.www.nfl.com/image/private/f_auto,q_auto/league/xoejgvlit9inmaazsvk4",16,LAC,0,0,0,0,0,0,0,0,0,0,0,0,,0,,,3,14,0,0,0,1,-0.475693151121959,0,62,91,778,7,1,1,883,360,39,35.4364928697703,0,0.881087202718007,0.160493827160494,0.18138866064092,0.367712803189385,0,119.2,181.2
2014,REG,00-0026184,M.Forte,Matt Forte,RB,RB,"https://static.www.nfl.com/image/private/f_auto,q_auto/league/olqssssjykcx7tx7xsy3",16,CHI,0,0,0,0,0,0,0,0,0,0,0,0,,0,,,266,1038,6,1,1,63,-18.0386738790863,1,102,130,808,4,1,1,55,788,28,-2.52886480616239,1,14.6909090909091,0.213815789473684,0.0127344292660338,0.32963778469675,0,244.6,346.6
2014,REG,00-0026189,D.Jackson,DeSean Jackson,WR,WR,"https://static.www.nfl.com/image/private/f_auto,q_auto/league/pr5m864fqvnoozihylrh",15,WAS,0,0,0,0,0,0,0,0,0,0,0,0,,0,,,4,7,0,0,0,1,-0.304166586603969,0,56,95,1169,6,0,0,1380,470,35,48.0299708817483,0,0.847101449275362,0.187007874015748,0.347257171615501,0.523591831154473,0,153.6,209.6
2014,REG,00-0026197,C.Henne,Chad Henne,QB,QB,"https://static.www.nfl.com/image/private/f_auto,q_auto/league/ornr9pcnzveqlntqc7jx",3,JAX,42,78,492,3,1,16,105,1,1,699,215,19,-36.8824928951693,0,0.703862660944206,-0.0122607533533594,4,25,0,0,0,2,1.69597134937067,0,0,0,0,0,0,0,0,0,0,,0,,,,,0,30.18,30.18
2014,REG,00-0026201,M.Bennett,Martellus Bennett,TE,TE,"https://static.www.nfl.com/image/private/f_auto,q_auto/league/repls3tq1d4jnvwmaqia",16,CHI,0,0,0,0,0,0,0,0,0,0,0,0,,0,,,0,0,0,0,0,0,,0,90,128,916,6,0,0,784,453,43,0.434228825933893,2,1.16836734693878,0.210526315789474,0.175234689316048,0.438453756205444,0,131.6,221.6
2014,REG,00-0026213,J.Charles,Jamaal Charles,RB,RB,"https://static.www.nfl.com/image/private/f_auto,q_auto/league/mdrlzgankwwjldxllgcx",15,KC,0,0,0,0,0,0,0,0,0,0,0,0,,0,,,206,1033,9,4,2,50,7.63365788385272,0,40,59,291,5,1,1,-31,314,15,-0.613557670405444,0,-9.38709677419355,0.128260869565217,-0.0110912343470483,0.184627440304892,0,210.4,250.4
2014,REG,00-0026224,H.Douglas,Harry Douglas,WR,WR,"https://static.www.nfl.com/image/private/f_auto,q_auto/league/hblmz1iaov5vqx7cd9cv",12,ATL,0,0,0,0,0,0,0,0,0,0,0,0,,0,,,0,0,0,0,0,0,,0,51,74,556,2,0,0,614,238,28,3.53312545428083,1,0.905537459283387,0.160869565217391,0.17286036036036,0.362306600078339,0,69.6,120.6
2014,REG,00-0026225,,Craig Stevens,TE,TE,,1,TEN,0,0,0,0,0,0,0,0,0,0,0,0,,0,,,0,0,0,0,0,0,,0,2,2,26,0,0,0,9,17,1,2.36251902382355,0,2.88888888888889,0.0606060606060606,0.0227272727272727,0.106818181818182,0,2.6,4.6
2014,REG,00-0026237,,Andre Caldwell,WR,WR,,8,DEN,0,0,0,0,0,0,0,0,0,0,0,0,,0,,,0,0,0,0,0,0,,0,5,15,47,0,0,0,155,18,4,-5.57375617159414,0,0.303225806451613,0.0482315112540193,0.0613375544123467,0.115283554969672,0,4.7,9.7
2014,REG,00-0026267,,Jacob Tamme,TE,TE,"https://static.www.nfl.com/image/private/f_auto,q_auto/league/kfyqh9qmtwufzixwuoo2",11,DEN,0,0,0,0,0,0,0,0,0,0,0,0,,0,,,0,0,0,0,0,0,,0,14,28,109,2,1,1,267,21,4,-16.8639334175147,0,0.408239700374532,0.0648148148148148,0.0709728867623605,0.146903242955875,0,20.9,34.9
2014,REG,00-0026281,,Gary Barnidge,TE,TE,"https://static.www.nfl.com/image/private/f_auto,q_auto/league/qhfzxti66ga02dok4etx",9,CLE,0,0,0,0,0,0,0,0,0,0,0,0,,0,,,0,0,0,0,0,0,,0,13,25,156,0,0,0,238,41,9,-4.09275342774345,0,0.65546218487395,0.0773993808049536,0.0758928571428571,0.16922407120743,0,15.6,28.6
2014,REG,00-0026286,,Jerome Felton,FB,RB,"https://static.www.nfl.com/image/private/f_auto,q_auto/league/mkg1584egfz8psc6gca7",5,MIN,0,0,0,0,0,0,0,0,0,0,0,0,,0,,,4,27,0,0,0,2,0.775364785222337,0,0,2,0,0,0,0,-2,0,0,-0.859755588404369,0,0.0,0.025,-0.0035906642728904,0.0349865350089767,0,2.7,2.7
2014,REG,00-0026298,,Kellen Davis,TE,TE,"https://static.www.nfl.com/image/private/f_auto,q_auto/league/bftuje5hq6fnlmpc0uhy",2,DET,0,0,0,0,0,0,0,0,0,0,0,0,,0,,,0,0,0,0,0,0,,0,0,3,0,0,0,0,39,0,0,-2.01389227178879,0,0.0,0.0352941176470588,0.0540915395284327,0.0908052541404911,0,0.0,0.0
2014,REG,00-0026314,,Josh Morgan,WR,WR,,8,CHI,0,0,0,0,0,0,0,0,0,0,0,0,,0,,,2,30,0,0,0,1,2.00368366512703,0,10,19,70,1,0,0,135,50,4,-14.5727305803448,0,0.518518518518519,0.060702875399361,0.0585683297180043,0.132052143901645,0,16.0,26.0
2014,REG,00-0026316,,Jalen Parmele,RB,RB,,1,ARI,0,0,0,0,0,0,0,0,0,0,0,0,,0,,,1,0,0,0,0,0,-1.77812313102186,0,0,0,0,0,0,0,0,0,0,,0,,,,,0,0.0,0.0
2014,REG,00-0026345,P.Garcon,Pierre Garcon,WR,WR,"https://static.www.nfl.com/image/private/f_auto,q_auto/league/xwjogot7xrfj9qwhsgtn",16,WAS,0,1,0,0,0,0,0,0,0,52,0,0,-0.656639283988625,0,0.0,,0,0,0,0,0,0,,0,68,105,752,3,0,0,977,341,32,-2.94442561523588,0,0.769703172978506,0.193014705882353,0.231791221826809,0.451775914102296,0,93.2,161.2
2014,REG,00-0026349,,Matt Flynn,QB,QB,"https://static.www.nfl.com/image/private/f_auto,q_auto/league/goh8anyqhyvmkfmfbejp",7,GB,8,16,66,0,1,2,12,1,1,121,33,3,-13.654873651908,0,0.545454545454545,-0.0307684251801724,10,-10,0,0,0,0,-4.60927836241899,0,0,0,0,0,0,0,0,0,0,,0,,,,,0,-2.36,-2.36
2014,REG,00-0026364,,Steve Johnson,WR,WR,"https://static.www.nfl.com/image/private/f_auto,q_auto/league/vlyzq1v53slatimy6v5q",13,SF,0,0,0,0,0,0,0,0,0,0,0,0,,0,,,0,0,0,0,0,0,,0,35,50,435,3,0,0,490,185,24,24.2797152513521,0,0.887755102040816,0.120481927710843,0.116306669831474,0.262137560448297,0,61.5,96.5
2014,REG,00-0026367,,Peyton Hillis,RB,RB,,6,NYG,0,0,0,0,0,0,0,0,0,0,0,0,,0,,,26,115,0,0,0,4,-5.50448419587337,0,10,16,87,0,0,0,-5,93,2,-1.62816416926216,0,-17.4,0.104575163398693,-0.0048875855327468,0.153441435225116,0,20.2,30.2
2014,REG,00-0026373,,Justin Forsett,RB,RB,"https://static.www.nfl.com/image/private/f_auto,q_auto/league/o86dvbcs8dcubcpj6fnu",16,BAL,0,0,0,0,0,0,0,0,0,0,0,0,,0,,,235,1266,8,1,0,56,7.2796293101227,1,44,59,263,0,0,0,-47,326,10,-8.53666422759282,0,-5.59574468085106,0.114563106796117,-0.0114522417153996,0.163828090993395,0,202.9,246.9
2014,REG,00-0026393,M.Reece,Marcel Reece,FB,RB,"https://static.www.nfl.com/image/private/f_auto,q_auto/league/nqy3arwxgk4lwh3pfrr3",15,LV,0,0,0,0,0,0,0,0,0,0,0,0,,0,,,21,85,0,1,1,5,-7.41449496598216,0,37,59,265,1,0,0,176,202,12,0.222514603781747,0,1.50568181818182,0.0998307952622674,0.0376470588235294,0.176099134069872,0,39.0,76.0
2014,REG,00-0026498,M.Stafford,Matthew Stafford,QB,QB,"https://static.www.nfl.com/image/private/f_auto,q_auto/league/icjfdfsncqlsqe49iujv",16,DET,363,602,4257,22,12,45,254,6,2,4822,2206,209,30.4999207859693,1,0.882828701783492,0.0468777626889476,43,93,2,2,1,8,-7.06822725620639,0,0,0,0,0,0,0,0,0,0,,0,,,,,0,251.58,251.58
2014,REG,00-0026544,C.Daniel,Chase Daniel,QB,QB,"https://static.www.nfl.com/image/private/f_auto,q_auto/league/jt8fvgeyuhsbpo9m9t4x",2,KC,16,28,157,1,0,4,17,0,0,200,66,8,-8.61100356921782,0,0.785,-0.0134583384384983,4,15,0,0,0,1,1.46128492010757,0,0,0,0,0,0,0,0,0,0,,0,,,,,0,11.78,11.78
2014,REG,00-0026557,,Will Ta'ufo'ou,FB,RB,,7,JAX,0,0,0,0,0,0,0,0,0,0,0,0,,0,,,0,0,0,0,0,0,,0,7,8,81,0,0,0,9,69,4,7.18192140384984,0,9.0,0.0311284046692607,0.0047694753577106,0.0500312397542885,0,8.1,15.1
2014,REG,00-0026577,,Marcus Thigpen,WR,WR,"https://static.www.nfl.com/image/private/f_auto,q_auto/league/yjyhu6hejsynzkfiayqm",2,BUF,0,0,0,0,0,0,0,0,0,0,0,0,,0,,,0,0,0,0,0,0,,0,0,1,0,0,0,0,0,0,0,-0.768217664211988,0,,0.024390243902439,,,1,6.0,6.0
2014,REG,00-0026625,B.Hoyer,Brian Hoyer,QB,QB,"https://static.www.nfl.com/image/private/f_auto,q_auto/league/japt3mj2xctm7saqndxn",14,CLE,242,438,3326,12,13,24,160,2,1,4535,1343,163,-2.00794273202818,0,0.733406835722161,0.012688953538851,24,39,0,2,0,5,-9.04734731684132,0,0,1,0,0,0,0,0,0,0,-0.776239039376378,0,,0.025,,,0,156.94,156.94
2014,REG,00-0026691,,Chris Williams,WR,WR,"https://static.www.nfl.com/image/private/f_auto,q_auto/league/qjyxpk7sxwqlequuxrxd",1,CHI,0,0,0,0,0,0,0,0,0,0,0,0,,0,,,1,-8,0,0,0,0,-1.33954613376409,0,0,0,0,0,0,0,0,0,0,,0,,,,,1,5.2,5.2
2014,REG,00-0026699,,Kevin Brock,TE,TE,,4,CIN,0,0,0,0,0,0,0,0,0,0,0,0,,0,,,0,0,0,0,0,0,,0,5,6,21,0,0,0,17,10,2,-1.91795460974399,0,1.23529411764706,0.0491803278688525,0.0165530671859786,0.0853576388334637,0,2.1,7.1
2014,REG,00-0026780,,Kevin Ogletree,WR,WR,,4,NYG,0,0,0,0,0,0,0,0,0,0,0,0,,0,,,0,0,0,0,0,0,,0,5,9,50,0,0,0,113,14,2,2.25866155116852,0,0.442477876106195,0.05625,0.088074824629774,0.146027377240842,0,5.0,10.0
2014,REG,00-0026796,,Arian Foster,RB,RB,,13,HOU,1,1,5,1,0,0,0,0,0,5,0,1,1.307154664275,0,1.0,,260,1246,8,2,2,52,-4.01008465326609,0,38,59,327,5,0,0,175,259,15,-10.8129101070762,0,1.86857142857143,0.158176943699732,0.0598290598290598,0.27914575742994,0,235.5,273.5
2014,REG,00-0026852,D.Young,Darrel Young,FB,RB,"https://static.www.nfl.com/image/private/f_auto,q_auto/league/znfzmkdrjpzxrhv8j0r7",12,WAS,0,0,0,0,0,0,0,0,0,0,0,0,,0,,,9,22,3,0,0,6,2.78240339472541,0,11,14,81,2,0,0,41,53,5,8.10793000488775,0,1.97560975609756,0.0344827586206897,0.0153328347045625,0.0624571222242282,0,40.3,51.3
2014,REG,00-0026855,,Antone Smith,RB,RB,"https://static.www.nfl.com/image/private/f_auto,q_auto/league/m45j6r43nwv5bsy0ooyo",10,ATL,0,0,0,0,0,0,0,0,0,0,0,0,,0,,,23,144,2,1,1,6,0.955236613343004,0,13,15,222,3,0,0,-5,233,5,14.8470038535629,0,-44.4,0.0595238095238095,-0.0030469226081657,0.0871528684599982,0,64.6,77.6
2014,REG,00-0026898,M.Sanchez,Mark Sanchez,QB,QB,"https://static.www.nfl.com/image/private/f_auto,q_auto/league/e12qugcuc1cpgkf0crfn",9,PHI,198,309,2418,14,11,23,151,3,1,2582,1124,117,38.8000444930888,0,0.936483346243222,0.0916864593682746,34,87,1,4,2,5,-23.0740611738826,0,0,0,0,0,0,0,0,0,0,,0,,,,,0,139.42,139.42
2014,REG,00-0026899,,Shonn Greene,RB,RB,,13,TEN,0,0,0,0,0,0,0,0,0,0,0,0,,0,,,94,392,2,1,1,18,-5.28822605664027,0,1,3,13,0,0,0,12,10,1,0.0223834284697659,0,1.08333333333333,0.0454545454545455,0.018018018018018,0.0807944307944308,0,50.5,51.5
2014,REG,00-0026901,M.Wallace,Mike Wallace,WR,WR,"https://static.www.nfl.com/image/private/f_auto,q_auto/league/dy9z5wbsitf6l9psjq4y",16,MIA,0,1,0,0,0,0,0,0,0,25,0,0,-0.437614554888569,0,0.0,,4,16,0,1,0,1,-0.284150924824644,0,67,115,862,10,1,1,1499,235,47,36.3059220253879,0,0.57505003335557,0.193929173693086,0.32537443021489,0.518655861690052,0,145.8,212.8
2014,REG,00-0026926,,Frank Summers,FB,RB,,8,BUF,0,0,0,0,0,0,0,0,0,0,0,0,,0,,,6,17,1,0,0,4,2.54423797037452,0,5,8,9,0,0,0,1,7,0,-3.86037423391826,0,9.0,0.0406091370558376,0.0008244023083264,0.0614907871995849,0,8.6,13.6
2014,REG,00-0026931,,Bear Pascoe,TE,TE,,2,ATL,0,0,0,0,0,0,0,0,0,0,0,0,,0,,,0,0,0,0,0,0,,0,2,2,3,1,0,0,2,1,1,0.0937151204561815,0,1.5,0.0273972602739726,0.004524886877828,0.0442633112254385,0,6.3,8.3
2014,REG,00-0026932,C.Peerman,Cedric Peerman,RB,RB,"https://static.www.nfl.com/image/private/f_auto,q_auto/league/a2vztwdw7rtpl9q9hzds",6,CIN,0,0,0,0,0,0,0,0,0,0,0,0,,0,,,15,43,0,1,0,2,-6.43130458536325,0,3,5,27,0,0,0,3,24,1,0.922001466271468,0,9.0,0.0746268656716418,0.0112781954887218,0.119835035349568,0,7.0,10.0
2014,REG,00-0026937,,Brandon Gibson,WR,WR,"https://static.www.nfl.com/image/private/f_auto,q_auto/league/surhprm3dsmqjollulmn",14,MIA,0,0,0,0,0,0,0,0,0,0,0,0,,0,,,0,0,0,0,0,0,,0,29,51,295,1,2,0,488,109,15,-2.23219424755951,0,0.604508196721312,0.096045197740113,0.117959874305052,0.226639708623706,0,35.5,64.5
2014,REG,00-0026957,D.Johnson,David Johnson,TE,TE,"https://static.www.nfl.com/image/private/f_auto,q_auto/league/td6y6zc2m3ifhcfd4yz9",1,LAC,0,0,0,0,0,0,0,0,0,0,0,0,,0,,,0,0,0,0,0,0,,0,1,1,4,0,0,0,2,2,0,-0.0798659853171557,0,2.0,0.0294117647058824,0.0097087378640776,0.0509137635636779,0,0.4,1.4
2014,REG,00-0026983,D.Heyward-Bey,Darrius Heyward-Bey,WR,WR,"https://static.www.nfl.com/image/private/f_auto,q_auto/league/d5otkkbb0z2rdd2bjatd",5,PIT,0,0,0,0,0,0,0,0,0,0,0,0,,0,,,0,0,0,0,0,0,,0,3,5,33,0,1,1,83,0,1,-7.20715517003555,0,0.397590361445783,0.0231481481481482,0.0439385918475384,0.0654792365154991,0,1.3,4.3
2014,REG,00-0026986,M.Crabtree,Michael Crabtree,WR,WR,"https://static.www.nfl.com/image/private/f_auto,q_auto/league/kcavcmeyaion38ewxwyk",16,SF,0,0,0,0,0,0,0,0,0,0,0,0,,0,,,1,4,0,0,0,0,-0.0124767327215523,0,68,108,698,4,0,0,967,258,35,14.8905761687335,0,0.72182006204757,0.223140495867769,0.205220713073005,0.478365242952757,0,94.2,162.2
2014,REG,00-0026988,,Knowshon Moreno,RB,RB,,3,MIA,0,0,0,0,0,0,0,0,0,0,0,0,,0,,,31,148,1,0,0,8,0.0755166619152394,0,1,1,8,0,0,0,-1,9,0,0.265508994925767,0,-8.0,0.032258064516129,-0.0036363636363636,0.045841642228739,0,21.6,22.6
2014,REG,00-0026995,J.Maclin,Jeremy Maclin,WR,WR,"https://static.www.nfl.com/image/private/f_auto,q_auto/league/tvlsuugnbn0idb0tbtgw",16,PHI,0,0,0,0,0,0,0,0,0,0,0,0,,0,,,0,0,0,0,0,0,,0,85,143,1318,10,0,0,1892,496,56,55.5563874601666,0,0.69661733615222,0.233660130718954,0.342319522344853,0.590113861719828,0,191.8,276.8
2014,REG,00-0026996,,Brandon Pettigrew,TE,TE,,7,DET,0,0,0,0,0,0,0,0,0,0,0,0,,0,,,0,0,0,0,0,0,,0,10,15,70,0,0,0,58,31,4,-4.05349353131856,0,1.20689655172414,0.0576923076923077,0.0285152409046214,0.106499130171697,0,7.0,17.0
2014,REG,00-0026998,,Percy Harvin,WR,WR,"https://static.www.nfl.com/image/private/f_auto,q_auto/league/ly7xvqfvoehf5jqrzzcq",13,NYJ,0,0,0,0,0,0,0,0,0,0,0,0,,0,,,33,202,1,0,0,11,7.39232700056833,0,51,78,483,1,1,0,601,259,23,-6.89011656297121,0,0.803660565723794,0.222857142857143,0.203867028493894,0.47699263423144,0,80.5,131.5
2014,REG,00-0027003,,Donald Brown,RB,RB,,13,LAC,0,0,0,0,0,0,0,0,0,0,0,0,,0,,,85,223,0,0,0,11,-19.8339091259404,0,29,41,211,0,1,0,-19,286,7,-4.5786909271354,0,-11.1052631578947,0.0966981132075472,-0.0057768318637883,0.141003387506669,0,43.4,72.4
2014,REG,00-0027005,,Hakeem Nicks,WR,WR,"https://static.www.nfl.com/image/private/f_auto,q_auto/league/nbgeeeuhd0n4zrctfxce",15,IND,0,0,0,0,0,0,0,0,0,0,0,0,,0,,,0,0,0,0,0,0,,0,38,68,405,4,0,0,681,130,18,-11.5513014509938,0,0.594713656387665,0.109149277688604,0.126462395543176,0.252247593413128,0,64.5,102.5
2014,REG,00-0027006,K.Britt,Kenny Britt,WR,WR,"https://static.www.nfl.com/image/private/f_auto,q_auto/league/joozpvuyykyxjogcg3r5",16,LA,0,0,0,0,0,0,0,0,0,0,0,0,,0,,,2,14,0,0,0,1,0.555521922418848,0,48,84,748,3,0,0,1357,166,33,3.3035065269464,0,0.551215917464996,0.16600790513834,0.323095238095238,0.475178524374177,0,94.2,142.2
2014,REG,00-0027015,,Eben Britton,T,OL,,1,CHI,0,0,0,0,0,0,0,0,0,0,0,0,,0,,,0,0,0,0,0,0,,0,0,1,0,0,0,0,1,0,0,-4.70404028671328,0,0.0,0.0263157894736842,0.0042194092827004,0.0424272707084166,0,0.0,0.0
2014,REG,00-0027029,L.McCoy,LeSean McCoy,RB,RB,"https://static.www.nfl.com/image/private/f_auto,q_auto/league/cpc1a2dgivdyevuncz7p",16,PHI,0,0,0,0,0,0,0,0,0,0,0,0,,0,,,312,1319,5,3,2,67,-27.5739074015689,0,28,37,155,0,1,1,-36,182,10,-7.57469770383233,0,-4.30555555555556,0.0711538461538462,-0.0078826363039194,0.101212923818026,0,171.4,199.4
2014,REG,00-0027057,B.Tate,Brandon Tate,WR,WR,"https://static.www.nfl.com/image/private/f_auto,q_auto/league/uzpf58ijo44jfqakwv83",12,CIN,0,0,0,0,0,0,0,0,0,0,0,0,,0,,,3,21,0,0,0,1,1.04124227410648,0,17,26,193,1,0,0,296,71,12,10.1713159279443,0,0.652027027027027,0.075801749271137,0.115264797507788,0.194387982162157,0,27.4,44.4
2014,REG,00-0027061,J.Cook,Jared Cook,TE,TE,"https://static.www.nfl.com/image/private/f_auto,q_auto/league/cthoenebptadlu4g928v",16,LA,0,0,0,0,0,0,0,0,0,0,0,0,,0,,,1,0,0,0,0,0,-0.682230898877606,0,52,99,634,3,0,0,845,263,32,-7.7093303652617,0,0.750295857988166,0.195652173913043,0.201190476190476,0.434311594202899,0,81.4,133.4
2014,REG,00-0027069,,Chase Coffman,TE,TE,,8,TEN,0,0,0,0,0,0,0,0,0,0,0,0,,0,,,0,0,0,0,0,0,,0,6,14,64,1,0,0,111,19,4,-3.78877562173875,0,0.576576576576577,0.0585774058577406,0.0548961424332344,0.126293408489875,0,12.4,18.4
2014,REG,00-0027077,,Brian Hartline,WR,WR,"https://static.www.nfl.com/image/private/f_auto,q_auto/league/vuqaw5utqkgyqtp7hwbu",16,MIA,0,0,0,0,0,0,0,0,0,0,0,0,,0,,,0,0,0,0,0,0,,0,39,63,474,2,1,0,710,121,27,21.1219571357989,0,0.667605633802817,0.106239460370995,0.154113305838941,0.267238504643751,0,59.4,98.4
2014,REG,00-0027083,,David Bruton,SS,DB,,1,DEN,0,0,0,0,0,0,0,0,0,0,0,0,,0,,,1,13,0,0,0,1,3.37553627905436,0,0,0,0,0,0,0,0,0,0,,0,,,,,0,1.3,1.3
2014,REG,00-0027089,L.Murphy,Louis Murphy,WR,WR,"https://static.www.nfl.com/image/private/f_auto,q_auto/league/rivj8wgktddc22qdtpsn",11,TB,0,0,0,0,0,0,0,0,0,0,0,0,,0,,,0,0,0,0,0,0,,0,31,56,380,2,1,0,642,127,14,-1.04185113957747,0,0.59190031152648,0.145077720207254,0.151308036766439,0.323532206047388,0,50.0,81.0
2014,REG,00-0027109,,James Casey,FB,TE,"https://static.www.nfl.com/image/private/f_auto,q_auto/league/atra5outunyi3dikmjez",3,PHI,0,0,0,0,0,0,0,0,0,0,0,0,,0,,,0,0,0,0,0,0,,0,3,3,59,2,0,0,55,4,3,6.30313268915052,0,1.07272727272727,0.0256410256410256,0.0583244962884411,0.0792886858634473,0,17.9,20.9
2014,REG,00-0027114,T.Morstead,Thomas Morstead,P,SPEC,"https://static.www.nfl.com/image/private/f_auto,q_auto/league/p409gqqycwejqpolv89t",1,NO,0,0,0,0,0,1,2,0,0,0,0,0,-2.98992373107467,0,,,0,0,0,0,0,0,,0,0,0,0,0,0,0,0,0,0,,0,,,,,0,0.0,0.0
2014,REG,00-0027135,,Brandon Myers,TE,TE,"https://static.www.nfl.com/image/private/f_auto,q_auto/league/tzyfv93n3bgtbmywjczu",11,TB,0,0,0,0,0,0,0,0,0,0,0,0,,0,,,0,0,0,0,0,0,,0,22,32,190,0,0,0,175,60,8,-2.18161012907512,0,1.08571428571429,0.0914285714285714,0.0485706355814599,0.171142302049879,0,19.0,41.0
2014,REG,00-0027139,J.Phillips,John Phillips,TE,TE,"https://static.www.nfl.com/image/private/f_auto,q_auto/league/i1t7zl2f5t0wwj72yxj7",1,LAC,0,0,0,0,0,0,0,0,0,0,0,0,,0,,,0,0,0,0,0,0,,0,1,1,1,1,0,0,1,0,1,0.552012551168446,0,1.0,0.032258064516129,0.0022222222222222,0.0499426523297491,0,6.1,7.1
2014,REG,00-0027140,,Chris Ogbonnaya,RB,RB,,3,CAR,0,0,0,0,0,0,0,0,0,0,0,0,,0,,,14,50,1,0,0,3,-0.498863321059616,0,0,1,0,0,0,0,-3,0,0,-0.761088888859376,0,0.0,0.0256410256410256,-0.0081521739130434,0.032755016722408,0,11.0,11.0
2014,REG,00-0027145,,Pat McAfee,P,SPEC,"https://static.www.nfl.com/image/private/f_auto,q_auto/league/giz54xrdfqrdu9nezfee",1,IND,0,1,0,0,0,0,0,0,0,16,0,0,-2.49500997137511,0,0.0,,0,0,0,0,0,0,,0,0,0,0,0,0,0,0,0,0,,0,,,,,0,0.0,0.0
2014,REG,00-0027150,J.Edelman,Julian Edelman,WR,WR,"https://static.www.nfl.com/image/private/f_auto,q_auto/league/u0hbuo2bsvtlg7lnxm43",14,NE,0,0,0,0,0,0,0,0,0,0,0,0,,0,,,10,94,0,0,0,7,7.10077610804001,0,92,134,972,4,2,0,1001,431,49,50.5086736161237,0,0.971028971028971,0.250936329588015,0.229009380004576,0.536711060385225,1,136.6,228.6
2014,REG,00-0027155,,Rashad Jennings,RB,RB,"https://static.www.nfl.com/image/private/f_auto,q_auto/league/r48elxgcxhdkfkazlqab",11,NYG,0,0,0,0,0,0,0,0,0,0,0,0,,0,,,167,639,4,0,0,38,-12.3683044684547,0,30,41,226,0,1,1,-93,313,8,-8.66738942786437,0,-2.43010752688172,0.116477272727273,-0.0312080536912752,0.152870271507016,0,108.5,138.5
2014,REG,00-0027202,,Michael Palmer,TE,TE,,2,PIT,0,0,0,0,0,0,0,0,0,0,0,0,,0,,,0,0,0,0,0,0,,0,1,2,1,1,0,0,9,0,1,0.893826174200513,0,0.111111111111111,0.0327868852459016,0.0226700251889169,0.0650493455010943,0,6.1,7.1
2014,REG,00-0027215,L.Paulsen,Logan Paulsen,TE,TE,"https://static.www.nfl.com/image/private/f_auto,q_auto/league/rckjvflmpzh9tiescxcd",10,WAS,0,0,0,0,0,0,0,0,0,0,0,0,,0,,,0,0,0,0,0,0,,0,13,16,78,1,1,1,42,46,2,-3.83120209473418,0,1.85714285714286,0.0465116279069768,0.0161787365177196,0.0810925574228688,0,11.8,24.8
2014,REG,00-0027218,,Joique Bell,RB,RB,"https://static.www.nfl.com/image/private/f_auto,q_auto/league/mpibe74w5hnraxk823vf",15,DET,0,0,0,0,0,0,0,0,0,0,0,0,,0,,,223,860,7,5,1,43,-24.9351770584763,0,34,53,322,1,0,0,13,337,14,6.86877719867746,0,24.7692307692308,0.109278350515464,0.0038736591179976,0.166629087155794,0,164.2,198.2
2014,REG,00-0027265,V.Cruz,Victor Cruz,WR,WR,"https://static.www.nfl.com/image/private/f_auto,q_auto/league/q15bky6cm2stbiy0zafu",6,NYG,0,0,0,0,0,0,0,0,0,0,0,0,,0,,,0,0,0,0,0,0,,0,23,41,337,1,0,0,442,174,13,-2.30510474889291,0,0.762443438914027,0.209183673469388,0.291749174917492,0.517999932646326,0,39.7,62.7
2014,REG,00-0027321,J.Cumberland,Jeff Cumberland,TE,TE,"https://static.www.nfl.com/image/private/f_auto,q_auto/league/c87plzwz1aj8haowwxcq",15,NYJ,0,0,0,0,0,0,0,0,0,0,0,0,,0,,,0,0,0,0,0,0,,0,23,47,247,3,0,0,437,96,12,-2.03077497609976,0,0.565217391304348,0.101293103448276,0.111026422764228,0.229658151107373,0,42.7,65.7
2014,REG,00-0027322,,David Nelson,WR,WR,,6,NYJ,0,0,0,0,0,0,0,0,0,0,0,0,,0,,,0,0,0,0,0,0,,0,8,16,65,0,2,0,187,3,4,-7.20371511316934,0,0.347593582887701,0.0816326530612245,0.114024390243902,0.202266052762568,0,6.5,14.5
2014,REG,00-0027325,L.Blount,LeGarrette Blount,RB,RB,"https://static.www.nfl.com/image/private/f_auto,q_auto/league/s3eilto1yi0yhoamvvo3",15,NE,0,0,0,0,0,0,0,0,0,0,0,0,,0,,,125,547,5,1,1,30,-10.0046763681737,0,10,12,54,0,0,0,8,61,4,1.55732965038624,0,6.75,0.0449438202247191,0.0042105263157894,0.0703630987581313,0,88.1,98.1
2014,REG,00-0027346,,Alfonso Smith,RB,RB,,3,SF,0,0,0,0,0,0,0,0,0,0,0,0,,0,,,7,19,0,0,0,1,-2.91994392423658,0,3,4,11,0,0,0,-13,20,0,-2.46235314442311,0,-0.846153846153846,0.08,-0.035230352303523,0.0953387533875339,0,3.0,6.0
2014,REG,00-0027378,C.Maragos,Chris Maragos,FS,DB,"https://static.www.nfl.com/image/private/f_auto,q_auto/league/pojk8qu8tparbcu35qxo",1,PHI,0,0,0,0,0,0,0,0,0,0,0,0,,0,,,0,0,0,0,0,0,,0,0,0,0,0,0,0,0,0,0,,0,,,,,1,6.0,6.0
2014,REG,00-0027422,,Danny McCray,SS,DB,"https://static.www.nfl.com/image/private/f_auto,q_auto/league/v9sdrp20tlu0pyikb2gy",1,CHI,0,0,0,0,0,0,0,0,0,0,0,0,,0,,,1,2,0,0,0,0,-2.57212745444849,0,0,0,0,0,0,0,0,0,0,,0,,,,,0,0.2,0.2
2014,REG,00-0027450,,Preston Parker,WR,WR,"https://static.www.nfl.com/image/private/f_auto,q_auto/league/uposmry1docri5fwr22y",15,NYG,0,0,0,0,0,0,0,0,0,0,0,0,,0,,,0,0,0,0,0,0,,0,36,56,418,2,0,0,563,118,25,21.0307815427315,0,0.742451154529307,0.0987654320987654,0.117905759162304,0.230682179561761,0,53.8,89.8
2014,REG,00-0027531,C.Ivory,Chris Ivory,RB,RB,"https://static.www.nfl.com/image/private/f_auto,q_auto/league/wuhrkffigvt55hcqd4yw",16,NYJ,0,0,0,0,0,0,0,0,0,0,0,0,,0,,,198,821,6,2,1,42,-16.6837850561018,0,18,27,123,1,0,0,-12,120,4,0.514360969187692,0,-10.25,0.0752089136490251,-0.0038461538461538,0.11012106278123,0,134.4,152.4
2014,REG,00-0027567,,Steve Maneri,,,,1,NE,0,0,0,0,0,0,0,0,0,0,0,0,,0,,,0,0,0,0,0,0,,0,0,1,0,0,0,0,2,0,0,-0.440679721534252,0,0.0,0.03125,0.0068027210884353,0.0516369047619048,0,0.0,0.0
2014,REG,00-0027581,,Seyi Ajirotutu,WR,WR,"https://static.www.nfl.com/image/private/f_auto,q_auto/league/tmbglbojtv1psbkhejsg",7,LAC,0,0,0,0,0,0,0,0,0,0,0,0,,0,,,0,0,0,0,0,0,,0,4,12,45,0,0,0,140,10,4,-4.02940678386949,0,0.321428571428571,0.0446096654275093,0.0606585788561525,0.109375503340571,0,4.5,8.5
2014,REG,00-0027595,,Bryan Walters,WR,WR,,4,SEA,0,0,0,0,0,0,0,0,0,0,0,0,,0,,,1,-2,0,0,0,0,-0.883767302380875,0,6,11,57,0,0,0,71,39,3,-3.91922913939901,0,0.802816901408451,0.0990990990990991,0.0821759259259259,0.206171796796797,0,5.5,11.5
2014,REG,00-0027651,,Dexter McCluster,WR,WR,"https://static.www.nfl.com/image/private/f_auto,q_auto/league/vawlifwslfzekg0e35ig",13,TEN,0,0,0,0,0,0,0,0,0,0,0,0,,0,,,40,131,0,0,0,7,-8.58056949276943,0,26,36,197,1,0,0,137,138,9,0.341158916198227,0,1.43795620437956,0.0869565217391304,0.0345523329129887,0.154621415647788,0,38.8,64.8
2014,REG,00-0027656,R.Gronkowski,Rob Gronkowski,TE,TE,"https://static.www.nfl.com/image/private/f_auto,q_auto/league/svpo7chliiymc0r7hegp",15,NE,0,0,0,0,0,0,0,0,0,0,0,0,,0,,,0,0,0,0,0,0,,0,82,131,1124,12,0,0,1279,458,60,60.3470307083756,0,0.878811571540266,0.230228471001757,0.280790340285401,0.541895944702417,0,184.4,266.4
2014,REG,00-0027659,,Jimmy Clausen,QB,QB,"https://static.www.nfl.com/image/private/f_auto,q_auto/league/n5lf1tlpkvtck2j24krd",4,CHI,26,48,223,2,1,3,20,0,0,368,123,13,-10.473095975176,0,0.605978260869565,0.0010005100329596,3,9,0,0,0,1,0.944494707859121,0,0,0,0,0,0,0,0,0,0,,0,,,,,0,15.82,15.82
2014,REG,00-0027675,E.Dickson,Ed Dickson,TE,TE,"https://static.www.nfl.com/image/private/f_auto,q_auto/league/qtxat8xwaclkqfkj5lrq",12,CAR,0,0,0,0,0,0,0,0,0,0,0,0,,0,,,0,0,0,0,0,0,,0,10,17,115,1,1,0,96,63,9,7.13438561052317,0,1.19791666666667,0.042713567839196,0.0234776228906823,0.0805046877822716,0,17.5,27.5
2014,REG,00-0027681,B.LaFell,Brandon LaFell,WR,WR,"https://static.www.nfl.com/image/private/f_auto,q_auto/league/x4wifb5arw0neuwg1cch",15,NE,0,0,0,0,0,0,0,0,0,0,0,0,,0,,,2,13,0,0,0,0,0.606779042049311,0,74,119,953,7,1,1,1265,368,50,16.6689124020218,0,0.753359683794466,0.205172413793103,0.270414707139803,0.497048915687518,0,136.6,210.6
2014,REG,00-0027685,E.Sanders,Emmanuel Sanders,WR,WR,"https://static.www.nfl.com/image/private/f_auto,q_auto/league/potkibjtm855tsawozs0",16,DEN,0,0,0,0,0,0,0,0,0,0,0,0,,0,,,8,44,0,0,0,3,0.726119409839157,0,101,141,1404,9,1,0,1777,353,69,81.5856397192836,1,0.790095666854249,0.233830845771144,0.347341673182174,0.593885439884238,0,200.8,301.8
2014,REG,00-0027688,C.McCoy,Colt McCoy,QB,QB,"https://static.www.nfl.com/image/private/f_auto,q_auto/league/mvcoi7f6thyudufnh0dx",5,WAS,91,128,1057,4,3,17,117,4,1,916,546,44,-0.298772753510992,0,1.15393013100437,0.0805866720013786,16,66,1,2,0,4,-1.40947525173214,0,0,0,0,0,0,0,0,0,0,,0,,,,,0,62.88,62.88
2014,REG,00-0027690,E.Decker,Eric Decker,WR,WR,"https://static.www.nfl.com/image/private/f_auto,q_auto/league/jg5ftnvxz4jdiajzeoyn",15,NYJ,0,0,0,0,0,0,0,0,0,0,0,0,,0,,,0,0,0,0,0,0,,0,74,115,962,5,0,0,1257,322,47,35.1914677527869,0,0.765314240254574,0.253863134657837,0.337359098228663,0.616946070746819,0,126.2,200.2
2014,REG,00-0027691,A.Roberts,Andre Roberts,WR,WR,"https://static.www.nfl.com/image/private/f_auto,q_auto/league/hjoyjewh7knoafxt4k93",16,WAS,0,0,0,0,0,0,0,0,0,0,0,0,,0,,,2,21,0,0,0,1,0.609787527355366,0,36,73,453,2,1,1,733,207,28,-16.0513123506605,0,0.618008185538881,0.134191176470588,0.173902728351127,0.323018674551671,0,57.4,93.4
2014,REG,00-0027695,,Tony Moeaki,TE,TE,,6,SEA,0,0,0,0,0,0,0,0,0,0,0,0,,0,,,0,0,0,0,0,0,,0,8,13,134,1,0,0,103,72,6,5.32892603511227,0,1.30097087378641,0.0849673202614379,0.0800933125972006,0.183516299210197,0,19.4,27.4
2014,REG,00-0027696,J.Graham,Jimmy Graham,TE,TE,"https://static.www.nfl.com/image/private/f_auto,q_auto/league/h7xs06oj6g03mippwtse",15,NO,0,0,0,0,0,0,0,0,0,0,0,0,,0,,,0,0,0,0,0,0,,0,85,124,889,10,2,2,1039,294,54,22.1029933795651,0,0.85563041385948,0.199036918138042,0.216323131376223,0.449981569170419,0,144.9,229.9
2014,REG,00-0027701,E.Griffen,Everson Griffen,DE,DL,"https://static.www.nfl.com/image/private/f_auto,q_auto/league/fqvc0dkghdix5fq9tfaq",1,MIN,0,0,0,0,0,0,0,0,0,0,0,0,,0,,,0,0,0,0,0,0,,0,0,0,0,0,0,0,0,0,0,,0,,,,,1,6.0,6.0
2014,REG,00-0027702,,Mike Williams,WR,WR,,6,BUF,0,0,0,0,0,0,0,0,0,0,0,0,,0,,,0,0,0,0,0,0,,0,8,19,142,1,0,0,273,35,3,0.768144660770559,0,0.52014652014652,0.0900473933649289,0.182730923694779,0.262982736633739,0,20.2,28.2
2014,REG,00-0027712,,Joe McKnight,RB,RB,,1,KC,0,0,0,0,0,0,0,0,0,0,0,0,,0,,,1,3,0,0,0,0,-0.438536236761138,0,6,7,64,2,0,0,6,52,5,7.90823521325365,0,10.6666666666667,0.28,0.0769230769230769,0.473846153846154,0,18.7,24.7
2014,REG,00-0027714,,Dennis Pitta,TE,TE,"https://static.www.nfl.com/image/private/f_auto,q_auto/league/liu0pixlkbyftxesaq06",3,BAL,0,0,0,0,0,0,0,0,0,0,0,0,,0,,,0,0,0,0,0,0,,0,16,21,125,0,0,0,107,55,7,5.04025004867147,0,1.16822429906542,0.173553719008264,0.119553072625698,0.344017729350386,0,12.5,28.5
2014,REG,00-0027718,,Garrett Graham,TE,TE,,10,HOU,0,0,0,0,0,0,0,0,0,0,0,0,,0,,,0,0,0,0,0,0,,0,18,28,197,1,0,0,177,63,10,4.97658499807585,0,1.11299435028249,0.0921052631578947,0.069113627489262,0.186537433979326,0,25.7,43.7
2014,REG,00-0027725,C.Harbor,Clay Harbor,TE,TE,"https://static.www.nfl.com/image/private/f_auto,q_auto/league/spuxscdmedvqosq5yrho",9,JAX,0,0,0,0,0,0,0,0,0,0,0,0,,0,,,0,0,0,0,0,0,,0,26,35,289,1,0,0,210,179,12,5.89618759392761,0,1.37619047619048,0.109375,0.101204819277108,0.234905873493976,0,34.9,60.9
2014,REG,00-0027732,M.Hoomanawanui,Michael Hoomanawanui,TE,TE,"https://static.www.nfl.com/image/private/f_auto,q_auto/league/fgfwj67pbxmp1bpjm7ti",6,NE,0,0,0,0,0,0,0,0,0,0,0,0,,0,,,0,0,0,0,0,0,,0,3,6,44,0,0,0,84,5,2,1.19552975991974,0,0.523809523809524,0.0317460317460317,0.0478087649402391,0.0810851830772149,0,4.4,7.4
2014,REG,00-0027739,,John Conner,RB,RB,,6,NYJ,0,0,0,0,0,0,0,0,0,0,0,0,,0,,,6,20,0,0,0,1,-1.75455576495733,0,2,3,35,1,0,0,-1,27,2,3.84988692111801,0,-35.0,0.0319148936170213,-0.0013003901170351,0.0469620673436073,0,11.5,13.5
2014,REG,00-0027753,,Andrew Quarless,TE,TE,,15,GB,0,0,0,0,0,0,0,0,0,0,0,0,,0,,,0,0,0,0,0,0,,0,29,46,323,3,0,0,260,160,20,16.4643259935838,0,1.24230769230769,0.0914512922465209,0.0639449090014757,0.181938374670814,0,50.3,79.3
2014,REG,00-0027758,,Riley Cooper,WR,WR,"https://static.www.nfl.com/image/private/f_auto,q_auto/league/vpongpty2wm06bsmm7hb",16,PHI,0,0,0,0,0,0,0,0,0,0,0,0,,0,,,0,0,0,0,0,0,,0,55,95,577,3,1,1,1119,153,25,1.6934825577298,0,0.515638963360143,0.155228758169935,0.202460647729329,0.374565590665432,0,73.7,128.7
2014,REG,00-0027772,,Anthony Dixon,RB,RB,"https://static.www.nfl.com/image/private/f_auto,q_auto/league/lvbgbxspmjn0xo1kw8g9",13,BUF,0,0,0,0,0,0,0,0,0,0,0,0,,0,,,105,432,2,1,0,13,-8.15838129250915,0,8,9,49,0,0,0,11,44,3,1.82961935907703,0,4.45454545454545,0.05625,0.0095569070373588,0.0910648349261512,0,60.1,68.1
2014,REG,00-0027786,,Jonathan Dwyer,RB,RB,,2,ARI,0,0,0,0,0,0,0,0,0,0,0,0,,0,,,16,51,1,0,0,3,-3.03228879347444,0,2,3,8,0,0,0,7,9,0,-1.00868945999537,0,1.14285714285714,0.0833333333333333,0.0183246073298429,0.13782722513089,0,11.9,13.9
2014,REG,00-0027791,,James Starks,RB,RB,"https://static.www.nfl.com/image/private/f_auto,q_auto/league/ohxqulg4xjfmbbkkltqj",14,GB,0,0,0,0,0,0,0,0,0,0,0,0,,0,,,85,333,2,1,0,16,-11.2027105413727,0,18,29,140,0,0,0,115,121,6,-2.25620285352084,0,1.21739130434783,0.0660592255125285,0.0317504141358366,0.121314128163878,0,59.3,77.3
2014,REG,00-0027793,A.Brown,Antonio Brown,WR,WR,"https://static.www.nfl.com/image/private/f_auto,q_auto/league/ecxsx9t7bfg42bgfwj3v",16,PIT,2,2,20,1,0,0,0,0,0,9,11,2,1.98824522324139,0,2.22222222222222,,4,13,0,0,0,0,-1.58642123462924,0,129,181,1698,13,1,1,1823,600,85,87.8572297493554,1,0.931431705979155,0.301164725457571,0.349367573783059,0.696304389834497,1,259.9,388.9
2014,REG,00-0027796,J.Webb,Joe Webb,QB,QB,"https://static.www.nfl.com/image/private/f_auto,q_auto/league/hjieero9ugbyu7n1629h",1,CAR,0,0,0,0,0,0,0,0,0,0,0,0,,0,,,0,0,0,0,0,0,,0,1,3,16,0,0,0,54,0,1,1.76143815880641,0,0.296296296296296,0.075,0.104854368932039,0.185898058252427,0,1.6,2.6
2014,REG,00-0027809,,Mickey Shuler,TE,TE,"https://static.www.nfl.com/image/private/f_auto,q_auto/league/zjbwgcsjnmgxgigktqtl",3,JAX,0,0,0,0,0,0,0,0,0,0,0,0,,0,,,0,0,0,0,0,0,,0,0,3,0,0,0,0,17,0,0,-2.52468758216128,0,0.0,0.0297029702970297,0.0187224669603524,0.0576601823177913,0,0.0,0.0
2014,REG,00-0027825,J.Dray,Jim Dray,TE,TE,"https://static.www.nfl.com/image/private/f_auto,q_auto/league/p8pyujltnfdj3qnbh7yi",13,CLE,0,0,0,0,0,0,0,0,0,0,0,0,,0,,,0,0,0,0,0,0,,0,17,27,242,1,0,0,231,103,12,4.92996220065496,0,1.04761904761905,0.0666666666666667,0.0555288461538462,0.138870192307692,0,30.2,47.2
2014,REG,00-0027844,,Erik Lorig,FB,RB,,7,NO,0,0,0,0,0,0,0,0,0,0,0,0,,0,,,3,4,0,1,1,0,-4.58422875183169,0,9,10,27,1,0,0,-7,34,2,-5.43485789914848,0,-3.85714285714286,0.0442477876106195,-0.0052950075642965,0.0626651761209216,0,7.1,16.1
2014,REG,00-0027861,C.Spiller,C.J. Spiller,RB,RB,"https://static.www.nfl.com/image/private/f_auto,q_auto/league/jqbnrdpq9c2nbchzntxt",9,BUF,0,0,0,0,0,0,0,0,0,0,0,0,,0,,,78,300,0,3,1,12,-16.9114547527861,0,19,22,125,1,0,0,-58,186,6,3.63675506936852,0,-2.1551724137931,0.0679012345679012,-0.0278044103547459,0.0823887646035297,1,52.5,71.5
2014,REG,00-0027864,,Ryan Mathews,RB,RB,"https://static.www.nfl.com/image/private/f_auto,q_auto/league/mai5izn84cdrvxlkwagb",6,LAC,0,0,0,0,0,0,0,0,0,0,0,0,,0,,,74,330,3,1,0,17,2.91313246433856,0,9,10,69,0,0,0,7,63,4,2.38278218824416,0,9.85714285714286,0.0460829493087558,0.0048577376821651,0.0725248403406493,0,57.9,66.9
2014,REG,00-0027870,M.Pouncey,Maurkice Pouncey,C,OL,"https://static.www.nfl.com/image/private/f_auto,q_auto/league/tmwaifzvklcmjs4ubrgo",1,PIT,0,0,0,0,0,0,0,0,0,0,0,0,,0,,,0,0,0,0,0,0,,0,1,1,0,0,0,0,0,0,0,-1.58407148625702,0,,0.0263157894736842,,,0,0.0,1.0
2014,REG,00-0027873,J.Gresham,Jermaine Gresham,TE,TE,"https://static.www.nfl.com/image/private/f_auto,q_auto/league/higvmot083ues41wbdgi",15,CIN,0,0,0,0,0,0,0,0,0,0,0,0,,0,,,0,0,0,0,0,0,,0,62,79,460,5,3,0,341,254,24,0.20254204771604,0,1.34897360703812,0.168443496801706,0.0988692374601334,0.321873711424652,0,76.0,138.0
2014,REG,00-0027874,D.Thomas,Demaryius Thomas,WR,WR,"https://static.www.nfl.com/image/private/f_auto,q_auto/league/p1yjsqtqimjd6iazu3h9",16,DEN,0,0,0,0,0,0,0,0,0,0,0,0,,0,,,0,0,0,0,0,0,,0,111,184,1619,11,0,0,1820,642,69,46.4087486449594,1,0.889560439560439,0.30514096185738,0.355746677091478,0.706734116750104,0,229.9,340.9
2014,REG,00-0027888,,Toby Gerhart,RB,RB,"https://static.www.nfl.com/image/private/f_auto,q_auto/league/pne2o7x8dw3cngbahihv",14,JAX,0,0,0,0,0,0,0,0,0,0,0,0,,0,,,101,326,2,1,1,23,-20.8005507523464,0,20,24,186,0,0,0,-20,229,10,0.805869924836589,0,-9.3,0.0645161290322581,-0.0077821011673151,0.0913267227312665,0,61.2,81.2
2014,REG,00-0027890,,Ben Tate,RB,RB,,11,MIN,0,0,0,0,0,0,0,0,0,0,0,0,,0,,,119,371,4,0,0,18,-21.944542705262,0,9,12,60,0,0,0,17,45,3,-8.81128999064547,0,3.52941176470588,0.0566037735849057,0.0073688773298656,0.0900638745082644,0,67.1,76.1
2014,REG,00-0027891,G.Tate,Golden Tate,WR,WR,"https://static.www.nfl.com/image/private/f_auto,q_auto/league/yfqebrp2o9t1gt1wqjku",16,DET,0,0,0,0,0,0,0,0,0,0,0,0,,0,,,5,30,0,0,0,1,1.07953115622513,0,99,144,1331,4,1,0,1131,690,58,50.0473747795773,0,1.17683465959328,0.24406779661017,0.238809121621622,0.533268080050389,0,160.1,259.1
2014,REG,00-0027893,,Damian Williams,WR,WR,,1,MIA,0,0,0,0,0,0,0,0,0,0,0,0,,0,,,0,0,0,0,0,0,,0,1,1,14,0,0,0,13,1,1,2.0191807289375,0,1.07692307692308,0.032258064516129,0.0472727272727273,0.0814780058651026,0,1.4,2.4
2014,REG,00-0027902,D.Bryant,Dez Bryant,WR,WR,"https://static.www.nfl.com/image/private/f_auto,q_auto/league/jmggujwkiv7osgkhhnhl",16,DAL,0,0,0,0,0,0,0,0,0,0,0,0,,0,,,0,0,0,0,0,0,,0,88,137,1320,16,0,0,1699,407,60,65.0763023721153,0,0.77692760447322,0.290870488322718,0.403275575599335,0.718598635403611,0,228.0,316.0
2014,REG,00-0027905,,Will Tukuafu,FB,RB,"https://static.www.nfl.com/image/private/f_auto,q_auto/league/szb9kincx0nhxnwxxmcj",3,SEA,0,0,0,0,0,0,0,0,0,0,0,0,,0,,,1,2,0,0,0,1,0.555301486048847,0,1,2,4,0,0,0,5,2,1,0.308715291437693,0,0.8,0.0298507462686567,0.0081833060556464,0.0505044336419376,0,0.6,1.6
2014,REG,00-0027914,A.Sendejo,Andrew Sendejo,FS,DB,"https://static.www.nfl.com/image/private/f_auto,q_auto/league/siupf4yvtt6m2vo8eed9",1,MIN,0,0,0,0,0,0,0,0,0,0,0,0,,0,,,1,48,0,0,0,1,5.99786131415749,0,0,0,0,0,0,0,0,0,0,,0,,,,,0,4.8,4.8
2014,REG,00-0027917,,Tyler Clutts,FB,RB,"https://static.www.nfl.com/image/private/f_auto,q_auto/league/a1knpd9e7x4pxech8xhg",1,DAL,0,0,0,0,0,0,0,0,0,0,0,0,,0,,,0,0,0,0,0,0,,0,1,1,1,0,0,0,1,0,0,-0.79689496406354,0,1.0,0.03125,0.0032154340836012,0.0491258038585209,0,0.1,1.1
2014,REG,00-0027918,,Andrew Hawkins,WR,WR,,15,CLE,0,0,0,0,0,0,0,0,0,0,0,0,,0,,,3,15,0,0,0,0,-0.0482057672925293,0,63,112,824,2,0,0,940,396,44,16.3715253447324,0,0.876595744680851,0.235294117647059,0.197147651006711,0.490944532175286,0,95.9,158.9
2014,REG,00-0027925,J.Develin,James Develin,FB,RB,"https://static.www.nfl.com/image/private/f_auto,q_auto/league/ryhocvpml27otxnncc2h",6,NE,0,0,0,0,0,0,0,0,0,0,0,0,,0,,,3,5,0,0,0,0,-2.34414625837235,0,6,8,43,0,1,0,14,32,3,0.473579152836464,0,3.07142857142857,0.0373831775700935,0.0184453227931489,0.0689864923103444,0,4.8,10.8
2014,REG,00-0027939,C.Newton,Cam Newton,QB,QB,"https://static.www.nfl.com/image/private/f_auto,q_auto/league/zwmgw2gmnn2kch4nquft",14,CAR,262,448,3127,18,12,38,300,6,4,4421,1246,155,-10.557302570439,1,0.707306039357611,0.0533559938173111,103,539,5,4,1,45,27.0485222235122,0,0,0,0,0,0,0,0,0,0,,0,,,,,0,248.98,248.98
2014,REG,00-0027942,A.Green,A.J. Green,WR,WR,"https://static.www.nfl.com/image/private/f_auto,q_auto/league/guj5a9vnnzqfiljupzuj",12,CIN,0,0,0,0,0,0,0,0,0,0,0,0,,0,,,2,2,0,1,0,0,-0.916486395057291,0,69,116,1041,6,2,2,1548,314,46,12.9564837053657,0,0.672480620155039,0.316939890710383,0.522267206477733,0.840996880599987,0,136.3,205.3
2014,REG,00-0027944,J.Jones,Julio Jones,WR,WR,"https://static.www.nfl.com/image/upload/f_auto,q_auto/league/omrddf2phtyztzx2nup1",15,ATL,0,0,0,0,0,0,0,0,0,0,0,0,,0,,,1,1,0,0,0,0,-0.748864482389763,0,104,163,1593,6,2,1,2006,538,76,66.1823757257411,0,0.794117647058824,0.278156996587031,0.43176926388291,0.719473979598583,0,193.4,297.4
2014,REG,00-0027946,,Jake Locker,QB,QB,,7,TEN,86,146,993,5,7,14,85,2,1,1403,462,47,-32.4528400678651,0,0.707769066286529,0.0254536191826585,22,142,1,1,0,10,10.0129767348141,0,0,0,0,0,0,0,0,0,0,,0,,,,,0,63.92,63.92
2014,REG,00-0027948,B.Gabbert,Blaine Gabbert,QB,QB,"https://static.www.nfl.com/image/private/f_auto,q_auto/league/fphhd3wedamgkps6e0dl",1,SF,3,7,38,1,0,0,0,0,0,91,5,2,3.99110510078026,0,0.417582417582418,0.165116766778304,1,5,0,0,0,0,0.0552805874031037,0,0,0,0,0,0,0,0,0,0,,0,,,,,0,6.02,6.02
2014,REG,00-0027949,J.Watt,J.J. Watt,DE,DL,"https://static.www.nfl.com/image/private/f_auto,q_auto/league/pooulgm7mdcx5x9gza7l",3,HOU,0,0,0,0,0,0,0,0,0,0,0,0,,0,,,0,0,0,0,0,0,,0,3,3,4,3,0,0,2,2,3,2.21910033081076,0,2.0,0.0365853658536585,0.0050761421319797,0.0584313482728736,0,18.4,21.4
2014,REG,00-0027950,,Christian Ponder,QB,QB,"https://static.www.nfl.com/image/private/f_auto,q_auto/league/zbs6aql0ucbsqdrclqrs",2,MIN,22,44,222,0,2,6,34,0,0,370,99,13,-19.1141313704208,0,0.6,-0.0246245031064002,4,16,1,0,0,2,2.20311762076268,0,0,0,0,0,0,0,0,0,0,,0,,,,,0,12.48,12.48
2014,REG,00-0027960,A.Castonzo,Anthony Castonzo,T,OL,"https://static.www.nfl.com/image/private/f_auto,q_auto/league/rpvpwfga4faox3xntek1",1,IND,0,0,0,0,0,0,0,0,0,0,0,0,,0,,,0,0,0,0,0,0,,0,1,1,1,1,0,0,1,0,1,1.22620455169817,0,1.0,0.027027027027027,0.0025125628140703,0.0422993345103898,0,6.1,7.1
2014,REG,00-0027966,M.Ingram,Mark Ingram,RB,RB,"https://static.www.nfl.com/image/private/f_auto,q_auto/league/qyju9wutyssrf0b26ran",13,NO,0,0,0,0,0,0,0,0,0,0,0,0,,0,,,226,964,9,1,0,47,-2.31363984119076,0,29,36,145,0,2,1,-13,145,5,-13.1163537708344,0,-11.1538461538462,0.0753138075313808,-0.0034237555965235,0.110574082379505,0,162.9,191.9
2014,REG,00-0027973,A.Dalton,Andy Dalton,QB,QB,"https://static.www.nfl.com/image/private/f_auto,q_auto/league/xrwmjyexhhwpoxhtrhl2",16,CIN,309,481,3398,19,17,21,124,1,1,3751,1737,158,3.26334951690935,1,0.905891762196747,0.0751563412462395,60,169,4,2,1,21,1.34670507718891,0,1,1,18,1,0,0,0,18,1,2.17889578395989,0,0.0,0.0384615384615385,,,0,224.62,225.62
2014,REG,00-0027974,,Colin Kaepernick,QB,QB,"https://static.www.nfl.com/image/private/f_auto,q_auto/league/nnvil5vbsj1nbldpc9nl",16,SF,289,478,3369,19,10,52,344,3,3,4621,1388,163,3.26745590817573,0,0.729062973382385,0.0523805295225863,104,639,1,5,2,28,-8.9515769010288,0,0,0,0,0,0,0,0,0,0,,0,,,,,0,250.66,250.66
2014,REG,00-0027981,K.Rudolph,Kyle Rudolph,TE,TE,"https://static.www.nfl.com/image/private/f_auto,q_auto/league/mtvrkfel5750mlevcvtp",7,MIN,0,0,0,0,0,0,0,0,0,0,0,0,,0,,,0,0,0,0,0,0,,0,24,34,231,2,1,0,195,116,13,12.7924553773026,0,1.18461538461538,0.160377358490566,0.136842105263158,0.33635551142006,0,35.1,59.1
2014,REG,00-0027985,L.Kendricks,Lance Kendricks,TE,TE,"https://static.www.nfl.com/image/private/f_auto,q_auto/league/njjeo5udwowpbfnufl5l",16,LA,0,0,0,0,0,0,0,0,0,0,0,0,,0,,,0,0,0,0,0,0,,0,27,38,259,5,0,0,227,104,17,6.62186078849829,0,1.14096916299559,0.075098814229249,0.054047619047619,0.150481554677207,0,55.9,82.9
2014,REG,00-0027994,S.Vereen,Shane Vereen,RB,RB,"https://static.www.nfl.com/image/private/f_auto,q_auto/league/grirsvo53nqb22jzb1zk",16,NE,0,0,0,0,0,0,0,0,0,0,0,0,,0,,,96,391,2,0,0,15,-6.32911236163699,0,52,77,447,3,0,0,217,383,24,11.2253361141272,0,2.05990783410138,0.128119800332779,0.0447514951536399,0.223505747106716,0,113.8,165.8
2014,REG,00-0027996,T.Smith,Torrey Smith,WR,WR,"https://static.www.nfl.com/image/private/f_auto,q_auto/league/sqvbn4ybxagyfwva3i51",15,BAL,0,0,0,0,0,0,0,0,0,0,0,0,,0,,,0,0,0,0,0,0,,0,49,92,767,11,0,0,1377,167,38,20.831984499704,0,0.557007988380537,0.180039138943249,0.31267029972752,0.488927918224137,0,142.7,191.7
2014,REG,00-0027997,G.Little,Greg Little,WR,WR,"https://static.www.nfl.com/image/private/f_auto,q_auto/league/gunq4pae9yx2zlfz7qil",4,CIN,0,0,0,0,0,0,0,0,0,0,0,0,,0,,,0,0,0,0,0,0,,0,6,12,69,0,0,0,88,33,3,-4.05337647330928,0,0.784090909090909,0.0888888888888889,0.0858536585365854,0.193430894308943,0,6.9,12.9
2014,REG,00-0028000,,Daniel Thomas,RB,RB,,12,MIA,0,0,0,0,0,0,0,0,0,0,0,0,,0,,,44,168,2,1,1,9,-7.27240703842836,1,13,19,121,0,0,0,19,122,8,1.48981813187129,0,6.36842105263158,0.0581039755351682,0.0076674737691686,0.0925231949411704,0,40.9,53.9
2014,REG,00-0028002,R.Cobb,Randall Cobb,WR,WR,"https://static.www.nfl.com/image/private/f_auto,q_auto/league/kuwo5hnkbtesfw6n9w1s",16,GB,0,0,0,0,0,0,0,0,0,0,0,0,,0,,,11,37,0,0,0,1,-2.17072261607973,0,91,127,1287,12,1,1,1135,584,71,82.5259388161058,1,1.13392070484582,0.239171374764595,0.264076314564914,0.543610482342332,0,204.4,295.4
2014,REG,00-0028007,,Rob Housler,TE,TE,"https://static.www.nfl.com/image/private/f_auto,q_auto/league/lnu7z4mvnadgcnppqbxz",12,ARI,0,0,0,0,0,0,0,0,0,0,0,0,,0,,,1,1,0,0,0,1,0.517852110089734,0,9,17,129,0,0,0,162,84,7,3.97723816012758,0,0.796296296296296,0.0429292929292929,0.0422755741127349,0.0939868412728538,0,13.0,22.0
2014,REG,00-0028009,D.Murray,DeMarco Murray,RB,RB,"https://static.www.nfl.com/image/private/f_auto,q_auto/league/lu4pqg7cvxbz7z4oormo",16,DAL,0,0,0,0,0,0,0,0,0,0,0,0,,0,,,392,1845,13,3,3,85,-4.33572377385548,0,57,64,416,0,2,2,-80,497,16,-0.615049058417353,0,-5.2,0.142222222222222,-0.0214822771213749,0.198295739348371,0,294.1,351.1
2014,REG,00-0028011,S.Ridley,Stevan Ridley,RB,RB,"https://static.www.nfl.com/image/private/f_auto,q_auto/league/futdstbe48qaqcvtolzj",6,NE,0,0,0,0,0,0,0,0,0,0,0,0,,0,,,94,340,2,0,0,16,-6.75091475306706,0,4,5,20,0,0,0,-5,31,0,-0.330490647233091,0,-4.0,0.03125,-0.003831417624521,0.0441930076628353,0,48.0,52.0
2014,REG,00-0028012,R.Mallett,Ryan Mallett,QB,QB,"https://static.www.nfl.com/image/private/f_auto,q_auto/league/tvn03oot2ttdoog5x0qr",3,HOU,41,75,400,2,2,1,5,0,0,621,161,23,-4.69287202243942,0,0.644122383252818,0.0026391790469239,6,-2,0,0,0,2,-3.13771658565383,0,0,0,0,0,0,0,0,0,0,,0,,,,,0,19.8,19.8
2014,REG,00-0028016,,Austin Pettis,WR,WR,,4,LA,0,0,0,0,0,0,0,0,0,0,0,0,,0,,,0,0,0,0,0,0,,0,12,18,118,1,0,0,135,50,7,6.79030534754425,0,0.874074074074074,0.113207547169811,0.0860420650095602,0.230040766261409,0,17.8,29.8
2014,REG,00-0028017,,Leonard Hankerson,WR,WR,,1,WAS,0,0,0,0,0,0,0,0,0,0,0,0,,0,,,0,0,0,0,0,0,,0,0,1,0,0,0,0,15,0,0,-0.804458500584588,0,0.0,0.03125,0.113636363636364,0.126420454545455,0,0.0,0.0
2014,REG,00-0028020,,Vincent Brown,WR,WR,"https://static.www.nfl.com/image/private/f_auto,q_auto/league/oh5svrazghe5xnwz5jpw",6,LV,0,0,0,0,0,0,0,0,0,0,0,0,,0,,,0,0,0,0,0,0,,0,12,21,118,0,0,0,206,47,6,-7.59660579246702,0,0.572815533980583,0.0823529411764706,0.106459948320413,0.198051375588995,0,11.8,23.8
2014,REG,00-0028021,,Jerrel Jernigan,WR,WR,,2,NYG,0,0,0,0,0,0,0,0,0,0,0,0,,0,,,1,-2,0,0,0,0,-1.07647798769176,0,6,9,40,0,0,0,81,10,2,-0.966774562490173,0,0.493827160493827,0.126760563380282,0.145161290322581,0.291753748296229,0,3.8,9.8
2014,REG,00-0028040,,Jordan Cameron,TE,TE,"https://static.www.nfl.com/image/private/f_auto,q_auto/league/oyhmlsxyzwbznmeqnf9i",10,CLE,0,0,0,0,0,0,0,0,0,0,0,0,,0,,,0,0,0,0,0,0,,0,24,48,424,2,0,0,482,169,13,1.30156287049929,0,0.879668049792531,0.174545454545455,0.172574292875045,0.382620186830713,0,54.4,78.4
2014,REG,00-0028042,L.Stocker,Luke Stocker,TE,TE,"https://static.www.nfl.com/image/private/f_auto,q_auto/league/keoilbfzupthtliuou1a",5,TB,0,0,0,0,0,0,0,0,0,0,0,0,,0,,,0,0,0,0,0,0,,0,7,11,41,0,0,0,63,17,2,-0.0248257229104638,0,0.650793650793651,0.0604395604395604,0.0353337072349972,0.115392935723839,0,4.1,11.1
2014,REG,00-0028043,,Roy Helu,RB,RB,"https://static.www.nfl.com/image/private/f_auto,q_auto/league/ahtlpumbpwlc7xm9ci9h",13,WAS,0,0,0,0,0,0,0,0,0,0,0,0,,0,,,40,216,1,0,0,10,-2.9103659948312,0,42,47,477,2,2,1,9,486,16,14.5232712811194,0,53.0,0.104212860310421,0.0025575447570332,0.158109571795555,0,85.3,127.3
2014,REG,00-0028045,,Kris Durham,WR,WR,,4,TEN,0,0,0,0,0,0,0,0,0,0,0,0,,0,,,0,0,0,0,0,0,,0,6,11,54,0,0,0,121,15,2,-2.79327777179424,0,0.446280991735537,0.0827067669172932,0.107939339875112,0.199617688288518,0,5.4,11.4
2014,REG,00-0028050,,Greg Salas,WR,WR,,8,NYJ,0,0,0,0,0,0,0,0,0,0,0,0,,0,,,1,20,1,0,0,1,2.34693180816248,0,8,23,167,0,0,0,392,114,6,3.20853161453852,0,0.426020408163265,0.096234309623431,0.206098843322818,0.288620654761119,0,24.7,32.7
2014,REG,00-0028052,,Cecil Shorts,WR,WR,"https://static.www.nfl.com/image/private/f_auto,q_auto/league/zdsyqinswn0k8664k9qs",13,JAX,2,2,32,1,0,0,0,0,0,25,7,2,3.3220988616813,0,1.28,,0,0,0,0,0,0,,0,53,110,557,1,1,1,903,259,26,-33.1081227550135,0,0.616832779623477,0.246085011185682,0.290634052140328,0.572571353276753,0,64.98,117.98
2014,REG,00-0028064,B.Powell,Bilal Powell,RB,RB,"https://static.www.nfl.com/image/private/f_auto,q_auto/league/a5qlloemeetaqawzwuf7",14,NYJ,0,0,0,0,0,0,0,0,0,0,0,0,,0,,,33,141,1,0,0,7,-2.30637809322116,0,11,15,92,0,0,0,-11,96,5,0.850708970522484,0,-8.36363636363636,0.0789473684210526,-0.0116402116402116,0.110272904483431,0,29.3,40.3
2014,REG,00-0028067,J.Thomas,Julius Thomas,TE,TE,"https://static.www.nfl.com/image/private/f_auto,q_auto/league/ephrfopvlebj4fdcl67a",12,DEN,0,0,0,0,0,0,0,0,0,0,0,0,,0,,,0,0,0,0,0,0,,0,43,62,489,12,1,0,420,162,30,29.8512405780577,0,1.16428571428571,0.130526315789474,0.107033639143731,0.270713021084822,0,120.9,163.9
2014,REG,00-0028074,A.Sherman,Anthony Sherman,RB,RB,"https://static.www.nfl.com/image/private/f_auto,q_auto/league/ibmfpy4ztgmqfwtood5x",11,KC,0,0,0,0,0,0,0,0,0,0,0,0,,0,,,2,8,0,0,0,1,0.717222472507274,0,10,14,71,1,0,0,30,65,4,0.415066376503091,0,2.36666666666667,0.0482758620689655,0.0212615166548547,0.0872968547618466,0,13.9,23.9
2014,REG,00-0028080,K.Klug,Karl Klug,DT,DL,"https://static.www.nfl.com/image/private/f_auto,q_auto/league/t5wpqg7qws4gabyrjvk5",1,TEN,0,0,0,0,0,0,0,0,0,0,0,0,,0,,,0,0,0,0,0,0,,0,1,1,9,0,0,0,3,6,1,2.40910558018368,0,3.0,0.0285714285714286,0.012448132780083,0.0515708358032009,0,0.9,1.9
2014,REG,00-0028083,J.Rodgers,Jacquizz Rodgers,RB,RB,"https://static.www.nfl.com/image/private/f_auto,q_auto/league/ztmescfueap5glplyf7w",16,ATL,0,0,0,0,0,0,0,0,0,0,0,0,,0,,,58,217,1,1,0,12,-6.02544887424564,0,29,40,173,1,0,0,-2,185,9,-5.93594588945939,0,-86.5,0.0642054574638844,-0.0004660918200885,0.0959819219217646,0,51.0,80.0
2014,REG,00-0028086,,Denarius Moore,WR,WR,"https://static.www.nfl.com/image/private/f_auto,q_auto/league/sttop34l1fezi28ls4d9",8,LV,0,0,0,0,0,0,0,0,0,0,0,0,,0,,,1,1,0,0,0,0,-0.829825110384263,0,12,27,115,0,0,0,250,40,6,-11.5525465892572,0,0.46,0.0879478827361564,0.107020547945205,0.206836207665878,0,11.6,23.6
2014,REG,00-0028090,T.Yates,T.J. Yates,QB,QB,"https://static.www.nfl.com/image/private/f_auto,q_auto/league/h8x0pbhc1s5dwjuzipsb",1,ATL,3,4,64,0,1,0,0,0,0,43,26,3,0.215272133995313,0,1.48837209302326,,0,0,0,0,0,0,,0,0,0,0,0,0,0,0,0,0,,0,,,,,0,0.56,0.56
2014,REG,00-0028091,J.Kerley,Jeremy Kerley,WR,WR,"https://static.www.nfl.com/image/private/f_auto,q_auto/league/lsfc40maht2r3k0ctu1b",16,NYJ,0,1,0,0,0,0,0,0,0,0,0,0,-1.32061038034407,0,,,4,49,0,0,0,2,3.96566831239034,0,38,75,409,1,0,0,630,150,20,-15.5615880721322,0,0.649206349206349,0.155601659751037,0.154034229828851,0.341226450506752,0,51.8,89.8
2014,REG,00-0028093,N.Paul,Niles Paul,TE,TE,"https://static.www.nfl.com/image/private/f_auto,q_auto/league/c2hufhhjyuitenxujhpz",15,WAS,0,0,0,0,0,0,0,0,0,0,0,0,,0,,,0,0,0,0,0,0,,0,39,52,507,1,1,1,406,258,20,17.9756449747365,0,1.2487684729064,0.0998080614203455,0.10763520678685,0.225056736881314,0,54.7,93.7
2014,REG,00-0028097,L.Smith,Lee Smith,TE,TE,"https://static.www.nfl.com/image/private/f_auto,q_auto/league/gcaqwhzrinlqicrljwlr",6,BUF,0,0,0,0,0,0,0,0,0,0,0,0,,0,,,0,0,0,0,0,0,,0,7,8,42,1,0,0,22,24,3,2.50261182914255,0,1.90909090909091,0.0394088669950739,0.0153417015341702,0.0698524915665299,0,10.2,17.2
2014,REG,00-0028112,C.Clay,Charles Clay,TE,TE,"https://static.www.nfl.com/image/private/f_auto,q_auto/league/gbfhfjn5cxtou5aazegt",14,MIA,0,0,0,0,0,0,0,0,0,0,0,0,,0,,,0,0,0,0,0,0,,0,58,84,605,3,0,0,547,257,31,15.5594092565755,0,1.10603290676417,0.160919540229885,0.134563345633456,0.335573652288247,0,78.5,136.5
2014,REG,00-0028114,D.Harris,Dwayne Harris,WR,WR,"https://static.www.nfl.com/image/private/f_auto,q_auto/league/cz34jefkstkm3mvjznvg",10,DAL,0,0,0,0,0,0,0,0,0,0,0,0,,0,,,4,7,0,0,0,0,-1.28464823961258,0,7,12,116,0,0,0,117,36,2,4.77133193606278,0,0.991452991452991,0.0483870967741936,0.0602471678681771,0.114753662669014,0,12.3,19.3
2014,REG,00-0028116,A.Robinson,Aldrick Robinson,WR,WR,"https://static.www.nfl.com/image/private/f_auto,q_auto/league/lzdmahvzc7tm4pulh2sj",2,WAS,0,0,0,0,0,0,0,0,0,0,0,0,,0,,,0,0,0,0,0,0,,0,1,3,6,0,0,0,40,8,0,-0.70612334262114,0,0.15,0.0434782608695652,0.0532623169107856,0.102501013141898,0,0.6,1.6
2014,REG,00-0028118,T.Taylor,Tyrod Taylor,QB,QB,"https://static.www.nfl.com/image/private/f_auto,q_auto/league/qx6t1lqmc9ws9ledobzn",1,BAL,0,0,0,0,0,0,0,0,0,0,0,0,,0,,,4,-3,0,0,0,0,-4.78744482103502,0,0,0,0,0,0,0,0,0,0,,0,,,,,0,-0.3,-0.3
2014,REG,00-0028119,,Richard Gordon,TE,TE,"https://static.www.nfl.com/image/private/f_auto,q_auto/league/d6n88ld1jh7hkg7lynur",1,KC,0,0,0,0,0,0,0,0,0,0,0,0,,0,,,0,0,0,0,0,0,,0,0,1,0,0,0,0,13,0,0,-0.608133501489647,0,0.0,0.037037037037037,0.0637254901960784,0.10016339869281,0,0.0,0.0
2014,REG,00-0028121,J.Todman,Jordan Todman,RB,RB,"https://static.www.nfl.com/image/private/f_auto,q_auto/league/lhoxroo20gf8a3mbiczr",15,JAX,0,0,0,0,0,0,0,0,0,0,0,0,,0,,,32,186,1,0,0,5,-0.250210332887946,0,25,37,198,1,0,0,74,198,6,-6.45048304912182,0,2.67567567567568,0.0704761904761905,0.023619533992978,0.12224795950937,0,50.4,75.4
2014,REG,00-0028142,V.Green,Virgil Green,TE,TE,"https://static.www.nfl.com/image/private/f_auto,q_auto/league/wcdedz1qf7ybkujat6bu",5,DEN,0,0,0,0,0,0,0,0,0,0,0,0,,0,,,2,3,0,0,0,0,-1.79220185708255,0,6,6,74,1,0,0,29,45,5,8.32001459764433,0,2.55172413793103,0.0382165605095541,0.020393811533052,0.0716005088374676,0,13.7,19.7
2014,REG,00-0028149,B.Miller,Bruce Miller,FB,RB,"https://static.www.nfl.com/image/private/f_auto,q_auto/league/xmxfgtmbvqxhpp3ldkwq",14,SF,0,0,0,0,0,0,0,0,0,0,0,0,,0,,,6,9,0,1,1,2,-7.72684625186957,0,18,25,189,2,0,0,126,137,11,10.7787030388135,0,1.5,0.0735294117647059,0.0370152761457109,0.136204810949056,0,29.8,47.8
2014,REG,00-0028179,,David Ausberry,TE,TE,,1,LV,0,0,0,0,0,0,0,0,0,0,0,0,,0,,,0,0,0,0,0,0,,0,2,4,14,0,0,0,28,2,0,-6.9970255093649,0,0.5,0.0930232558139535,0.0875,0.20078488372093,0,1.4,3.4
2014,REG,00-0028198,M.Asiata,Matt Asiata,RB,RB,,15,MIN,0,0,0,0,0,0,0,0,0,0,0,0,,0,,,164,570,9,1,1,33,-14.186723599783,2,44,63,312,1,0,0,-1,337,7,-20.8430480091954,0,-312.0,0.132911392405063,-0.0002988643156007,0.199157883586674,0,150.2,194.2
2014,REG,00-0028202,S.Draughn,Shaun Draughn,RB,RB,"https://static.www.nfl.com/image/private/f_auto,q_auto/league/bxkirs3zrup0djv8x2ns",1,LAC,0,0,0,0,0,0,0,0,0,0,0,0,,0,,,10,19,0,0,0,0,-4.5073552337708,0,0,0,0,0,0,0,0,0,0,,0,,,,,0,1.9,1.9
2014,REG,00-0028237,C.Hogan,Chris Hogan,WR,WR,"https://static.www.nfl.com/image/private/f_auto,q_auto/league/fmpqnciwjqicsjzy63mc",12,BUF,0,0,0,0,0,0,0,0,0,0,0,0,,0,,,0,0,0,0,0,0,,0,41,61,426,4,2,2,486,180,20,13.5509311972697,0,0.876543209876543,0.138009049773756,0.155221973810284,0.315668956327832,0,62.6,103.6
2014,REG,00-0028249,J.Ross,Jeremy Ross,WR,WR,"https://static.www.nfl.com/image/private/f_auto,q_auto/league/r5cp8mxbvtn7tomfavni",15,DET,0,0,0,0,0,0,0,0,0,0,0,0,,0,,,2,-1,0,0,0,0,-2.05339471064508,0,24,35,314,1,1,0,339,138,15,14.9885458826809,0,0.926253687315634,0.0625,0.0768010874490258,0.147510761214318,0,37.3,61.3
2014,REG,00-0028263,A.Holmes,Andre Holmes,WR,WR,"https://static.www.nfl.com/image/private/f_auto,q_auto/league/ujb4sism9jdte3o8ofve",15,LV,0,0,0,0,0,0,0,0,0,0,0,0,,0,,,0,0,0,0,0,0,,0,47,98,693,4,0,0,1380,193,32,11.9024356633075,0,0.502173913043478,0.166666666666667,0.28924753720394,0.452473276042758,0,93.3,140.3
2014,REG,00-0028345,,Robert Hughes,RB,RB,,11,ARI,0,0,0,0,0,0,0,0,0,0,0,0,,0,,,7,11,0,0,0,3,-4.14702358422801,0,8,12,140,0,0,0,44,110,7,6.28698034587433,0,3.18181818181818,0.0427046263345196,0.0149812734082397,0.0745438308875472,0,15.1,23.1
2014,REG,00-0028352,,Dane Sanzenbacher,WR,WR,,6,CIN,0,0,0,0,0,0,0,0,0,0,0,0,,0,,,1,-1,0,0,0,0,0.821946103125811,0,9,15,105,0,1,1,123,43,5,-0.297649798224395,0,0.853658536585366,0.0785340314136126,0.107705779334501,0.193195092654569,0,8.4,17.4
2014,REG,00-0028409,D.Harris,DuJuan Harris,RB,RB,"https://static.www.nfl.com/image/private/f_auto,q_auto/league/bm9b6aulywolcwjqjcpo",6,GB,0,0,0,0,0,0,0,0,0,0,0,0,,0,,,16,64,0,0,0,5,-3.74624456971651,0,1,2,11,0,0,0,-2,10,1,0.997786773659755,0,-5.5,0.0487804878048781,-0.0063897763578274,0.0686978882568379,0,7.5,8.5
2014,REG,00-0028411,D.Inman,Dontrelle Inman,WR,WR,"https://static.www.nfl.com/image/private/f_auto,q_auto/league/josp2o2ri6tknqzt87qc",2,LAC,0,0,0,0,0,0,0,0,0,0,0,0,,0,,,0,0,0,0,0,0,,0,12,17,158,0,0,0,214,14,7,4.26940870173642,0,0.738317757009346,0.193181818181818,0.234135667396061,0.45366769444997,0,15.8,27.8
2014,REG,00-0028434,D.Baldwin,Doug Baldwin,WR,WR,"https://static.www.nfl.com/image/private/f_auto,q_auto/league/kccmcttfdtl7m3g49vb8",16,SEA,0,0,0,0,0,0,0,0,0,0,0,0,,0,,,1,8,0,0,0,0,0.61134431976825,0,66,98,825,3,0,0,903,338,42,34.4926281934055,0,0.913621262458472,0.226851851851852,0.260230547550432,0.52243916106308,0,101.3,167.3
2014,REG,00-0028442,,Ricardo Lockette,WR,WR,"https://static.www.nfl.com/image/private/f_auto,q_auto/league/ndopq6pewcj9dfr27hlc",10,SEA,0,0,0,0,0,0,0,0,0,0,0,0,,0,,,1,2,0,0,0,0,-0.348573421593756,0,11,15,195,2,0,0,186,68,5,10.3448601945545,0,1.04838709677419,0.054945054945055,0.0923535253227408,0.147065050143501,0,31.7,42.7
2014,REG,00-0028443,M.Morgan,Mike Morgan,OLB,LB,"https://static.www.nfl.com/image/private/f_auto,q_auto/league/jyuya6ky8a5evq76umbc",1,SEA,0,0,0,0,0,0,0,0,0,0,0,0,,0,,,0,0,0,0,0,0,,0,0,0,0,0,0,0,0,0,0,,0,,,,,1,6.0,6.0
2014,REG,00-0028492,,Henry Hynoski,FB,RB,,5,NYG,0,0,0,0,0,0,0,0,0,0,0,0,,0,,,7,13,0,0,0,4,1.11134537059115,0,0,0,0,0,0,0,0,0,0,,0,,,,,0,1.3,1.3
2014,REG,00-0028497,K.Aiken,Kamar Aiken,WR,WR,"https://static.www.nfl.com/image/private/f_auto,q_auto/league/u0fe10u5kbeyhe65spby",13,BAL,0,0,0,0,0,0,0,0,0,0,0,0,,0,,,0,0,0,0,0,0,,0,24,32,267,3,0,0,385,61,15,12.989697809855,0,0.693506493506494,0.0698689956331878,0.0948743223262691,0.17121551907817,1,50.7,74.7
2014,REG,00-0028532,,Joseph Morgan,WR,WR,"https://static.www.nfl.com/image/private/f_auto,q_auto/league/xbylwiooxrpv38gourpe",4,NO,0,0,0,0,0,0,0,0,0,0,0,0,,0,,,1,67,0,0,0,1,4.10798763320781,0,4,10,92,0,0,0,287,23,3,-2.42429290978994,0,0.320557491289199,0.0571428571428571,0.219251336898396,0.239190221543163,0,15.9,19.9
2014,REG,00-0028543,,Jeff Maehl,,,,4,PHI,0,0,0,0,0,0,0,0,0,0,0,0,,0,,,0,0,0,0,0,0,,0,5,5,46,0,0,0,35,11,1,2.63122457591817,0,1.31428571428571,0.0282485875706215,0.0201612903225806,0.0564857845817387,0,4.6,9.6
2014,REG,00-0028564,,Isa Abdul-Quddus,SS,DB,"https://static.www.nfl.com/image/private/f_auto,q_auto/league/wbmpf9gwwtipcoyrmpr4",1,DET,0,0,0,0,0,0,0,0,0,0,0,0,,0,,,0,0,0,0,0,0,,0,1,1,3,0,0,0,-4,7,0,-2.37394313258119,0,0.0,0.024390243902439,-0.010443864229765,0.029274660892823,0,0.3,1.3
2014,REG,00-0028581,P.DiMarco,Patrick DiMarco,FB,RB,"https://static.www.nfl.com/image/private/f_auto,q_auto/league/chit1zcsfqaoqzkqc9eh",9,ATL,0,0,0,0,0,0,0,0,0,0,0,0,,0,,,0,0,0,0,0,0,,0,9,14,62,1,0,0,34,45,4,1.7713276653667,0,1.82352941176471,0.0417910447761194,0.0173469387755102,0.0748294243070363,0,12.2,21.2
2014,REG,00-0028838,L.Donnell,Larry Donnell,TE,TE,"https://static.www.nfl.com/image/private/f_auto,q_auto/league/beuv1dnhzlntfnnvh2zv",16,NYG,0,0,0,0,0,0,0,0,0,0,0,0,,0,,,0,0,0,0,0,0,,0,63,92,623,6,4,4,685,214,36,-1.95028017120566,0,0.909489051094891,0.153589315525876,0.137329591018444,0.326514687001726,0,90.3,153.3
2014,REG,00-0028841,,Will Johnson,RB,RB,"https://static.www.nfl.com/image/private/f_auto,q_auto/league/zon7oejkgzgqyzcdhach",9,PIT,0,0,0,0,0,0,0,0,0,0,0,0,,0,,,2,0,0,0,0,0,-2.15573708061129,0,6,10,41,0,0,0,26,33,3,-1.43820334342308,0,1.57692307692308,0.0297619047619048,0.008959338387319,0.0509143940139805,0,4.1,10.1
2014,REG,00-0028872,J.Hekker,Johnny Hekker,P,SPEC,"https://static.www.nfl.com/image/private/f_auto,q_auto/league/rh1qt7cwusun5o56bwyh",3,LA,2,2,37,0,0,0,0,0,0,8,29,2,5.74603314173874,1,4.625,,0,0,0,0,0,0,,0,0,0,0,0,0,0,0,0,0,,0,,,,,0,3.48,3.48
2014,REG,00-0028892,,Gerell Robinson,TE,TE,,1,MIA,0,0,0,0,0,0,0,0,0,0,0,0,,0,,,0,0,0,0,0,0,,0,0,1,0,0,0,0,3,0,0,-0.478185006184503,0,0.0,0.0212765957446809,0.0112781954887218,0.0398096304591265,0,0.0,0.0
2014,REG,00-0028903,G.Celek,Garrett Celek,TE,TE,"https://static.www.nfl.com/image/private/f_auto,q_auto/league/hin5nyuakhpbngjhepty",2,SF,0,0,0,0,0,0,0,0,0,0,0,0,,0,,,0,0,0,0,0,0,,0,2,2,53,0,0,0,46,7,2,3.53696037060581,0,1.15217391304348,0.0384615384615385,0.0916334661354582,0.121835733987128,0,5.3,7.3
2014,REG,00-0028905,,Chris Owusu,WR,WR,"https://static.www.nfl.com/image/private/f_auto,q_auto/league/jt4c83h8nuz5einex0ya",5,NYJ,0,0,0,0,0,0,0,0,0,0,0,0,,0,,,1,23,1,0,0,1,2.81293438118883,0,6,6,78,1,0,0,74,4,4,5.91223585209809,0,1.05405405405405,0.0382165605095541,0.0533910533910534,0.0946985781380686,0,22.1,28.1
2014,REG,00-0028954,R.Golden,Robert Golden,SS,DB,"https://static.www.nfl.com/image/private/f_auto,q_auto/league/x34qsxf2ita6cddyhped",2,PIT,1,1,25,0,0,0,0,0,0,13,12,1,3.79812661535107,0,1.92307692307692,,0,0,0,0,0,0,,0,0,0,0,0,0,0,0,0,0,,0,,,,,1,7.0,7.0
2014,REG,00-0028957,A.Davis,Austin Davis,QB,QB,"https://static.www.nfl.com/image/private/f_auto,q_auto/league/wmquxjs1nuwferz7o9q2",9,LA,180,284,2001,12,9,29,179,4,3,2417,891,106,-33.2168642267675,0,0.827885808853951,0.0324878930430727,16,36,0,1,0,1,-7.12753373400325,0,0,0,0,0,0,0,0,0,0,,0,,,,,0,107.64,107.64
2014,REG,00-0028958,C.Harkey,Cory Harkey,TE,TE,"https://static.www.nfl.com/image/private/f_auto,q_auto/league/qnxxlalj3rx8oueqjgsv",9,LA,0,0,0,0,0,0,0,0,0,0,0,0,,0,,,0,0,0,0,0,0,,0,8,11,55,1,0,0,19,37,5,0.471142252208665,1,2.89473684210526,0.0464135021097046,0.0126498002663116,0.0784751133509751,0,13.5,21.5
2014,REG,00-0028984,,Brian Tyms,WR,WR,"https://static.www.nfl.com/image/private/f_auto,q_auto/league/elkf36ujpqmgvkv7griq",4,NE,0,0,0,0,0,0,0,0,0,0,0,0,,0,,,0,0,0,0,0,0,,0,5,11,82,1,0,0,284,3,3,1.19448771700263,0,0.288732394366197,0.0827067669172932,0.226294820717131,0.282466524877932,0,14.2,19.2
2014,REG,00-0028986,C.Keenum,Case Keenum,QB,QB,"https://static.www.nfl.com/image/private/f_auto,q_auto/league/tymwoe3wpwzln78uzbvu",2,HOU,45,77,435,2,2,3,15,1,1,494,263,21,-17.6951268914908,0,0.880566801619433,-0.0153960155678976,10,35,0,0,0,6,4.74602687280276,0,0,0,0,0,0,0,0,0,0,,0,,,,,0,22.9,22.9
2014,REG,00-0028987,P.Supernaw,Phillip Supernaw,TE,TE,"https://static.www.nfl.com/image/private/f_auto,q_auto/league/wltyuqbgmkisakjqkua5",3,BAL,0,0,0,0,0,0,0,0,0,0,0,0,,0,,,0,0,0,0,0,0,,0,3,3,30,0,0,0,8,22,1,1.29367330030072,0,3.75,0.0337078651685393,0.0142348754448399,0.0605262105641969,0,3.0,6.0
2014,REG,00-0029000,C.Beasley,Cole Beasley,WR,WR,"https://static.www.nfl.com/image/private/f_auto,q_auto/league/y5r0fhwctl6ljwvmktvu",15,DAL,0,0,0,0,0,0,0,0,0,0,0,0,,0,,,0,0,0,0,0,0,,0,37,49,420,4,2,2,316,246,26,26.835649321884,0,1.32911392405063,0.109375,0.0815063193190611,0.221116923523343,0,62.0,99.0
2014,REG,00-0029004,L.Dunbar,Lance Dunbar,RB,RB,"https://static.www.nfl.com/image/private/f_auto,q_auto/league/mwxzuvjfvoecnoze3aty",14,DAL,0,0,0,0,0,0,0,0,0,0,0,0,,0,,,29,99,0,0,0,5,-6.53811988106463,0,18,22,217,0,0,0,33,194,11,14.4646038702922,0,6.57575757575758,0.0758620689655172,0.0125237191650854,0.122559706863836,0,31.6,49.6
2014,REG,00-0029033,G.Whalen,Griff Whalen,WR,WR,"https://static.www.nfl.com/image/private/f_auto,q_auto/league/zx4nnnnmgl0kvguwpiuz",1,IND,0,0,0,0,0,0,0,0,0,0,0,0,,0,,,0,0,0,0,0,0,,0,2,3,23,0,0,0,36,1,2,1.63111424579984,0,0.638888888888889,0.0681818181818182,0.0807174887892377,0.158774969425194,0,2.3,4.3
2014,REG,00-0029048,J.Banyard,Joe Banyard,RB,RB,"https://static.www.nfl.com/image/private/f_auto,q_auto/league/lfs1r2hsxdjmhp57mjvw",7,MIN,0,0,0,0,0,0,0,0,0,0,0,0,,0,,,21,88,0,0,0,4,0.229765917349141,0,9,11,62,0,0,0,-3,71,4,0.108692509194258,0,-20.6666666666667,0.0700636942675159,-0.0030456852791878,0.102963561705842,0,15.0,24.0
2014,REG,00-0029050,A.Blake,Valentino Blake,DB,DB,"https://static.www.nfl.com/image/private/f_auto,q_auto/league/kx8xfykjtscwutceweud",1,PIT,0,0,0,0,0,0,0,0,0,0,0,0,,0,,,0,0,0,0,0,0,,0,1,1,25,0,0,0,13,12,1,3.79812661535107,0,1.92307692307692,0.03125,0.0398773006134969,0.0747891104294479,0,2.5,3.5
2014,REG,00-0029051,,Jarrett Boykin,WR,WR,,7,GB,0,0,0,0,0,0,0,0,0,0,0,0,,0,,,0,0,0,0,0,0,,0,3,12,23,0,0,0,133,27,1,-9.83803613216151,0,0.172932330827068,0.0470588235294118,0.063393708293613,0.114963831099647,0,2.3,5.3
2014,REG,00-0029068,D.Coleman,Derrick Coleman,FB,RB,"https://static.www.nfl.com/image/private/f_auto,q_auto/league/jmgzlxi6qlrvvyrzkuh2",2,SEA,0,0,0,0,0,0,0,0,0,0,0,0,,0,,,0,0,0,0,0,0,,0,2,2,29,1,0,0,5,24,2,4.62974391970784,0,5.8,0.0344827586206897,0.012531328320802,0.0604960677555959,0,8.9,10.9
2014,REG,00-0029104,,Jonas Gray,RB,RB,,8,NE,0,0,0,0,0,0,0,0,0,0,0,0,,0,,,89,412,5,0,0,26,7.34787372662686,0,1,3,7,0,0,0,10,3,0,-0.653949587373063,0,0.7,0.0252100840336134,0.0102880658436214,0.0450167721409552,0,71.9,72.9
2014,REG,00-0029119,D.Carrier,Derek Carrier,TE,TE,"https://static.www.nfl.com/image/private/f_auto,q_auto/league/fohbnjxhixammxtonhnd",6,SF,0,0,0,0,0,0,0,0,0,0,0,0,,0,,,1,2,0,0,0,1,0.517363154736813,0,9,14,105,0,1,0,159,37,4,2.53767006500857,0,0.660377358490566,0.0686274509803922,0.0865070729053319,0.163496127504321,0,10.7,19.7
2014,REG,00-0029129,R.Streater,Rod Streater,WR,WR,"https://static.www.nfl.com/image/private/f_auto,q_auto/league/szf4hqnrz6egphxvcwnf",3,LV,0,0,0,0,0,0,0,0,0,0,0,0,,0,,,0,0,0,0,0,0,,0,9,13,84,1,0,0,127,30,5,5.39401496452047,0,0.661417322834646,0.121495327102804,0.168658698539177,0.300304079631629,0,14.4,23.4
2014,REG,00-0029137,A.Jeffery,Alshon Jeffery,WR,WR,"https://static.www.nfl.com/image/private/f_auto,q_auto/league/qrbsgwhzlsmwgkdfjryh",16,CHI,0,0,0,0,0,0,0,0,0,0,0,0,,0,,,6,33,0,1,0,1,1.87833896069787,0,85,145,1133,10,0,0,1592,466,60,49.5811196026769,0,0.711683417085427,0.238486842105263,0.355833705856057,0.606813857257135,0,176.6,261.6
2014,REG,00-0029141,A.Morris,Alfred Morris,RB,RB,"https://static.www.nfl.com/image/private/f_auto,q_auto/league/igrm4hy4pishp4rdamin",16,WAS,0,0,0,0,0,0,0,0,0,0,0,0,,0,,,265,1074,8,2,0,48,-23.8341476267804,0,17,26,155,0,0,0,18,154,8,2.61615154194441,0,8.61111111111111,0.0764705882352941,0.0073891625615763,0.119878296146045,0,170.9,187.9
2014,REG,00-0029151,M.Simms,Matt Simms,QB,QB,"https://static.www.nfl.com/image/private/f_auto,q_auto/league/cp7lmyzswrpku14vurnj",1,NYJ,3,8,39,0,0,0,0,0,0,54,23,2,-2.79204016202129,0,0.722222222222222,-0.119514330674672,1,2,0,0,0,1,2.15738499956205,0,0,0,0,0,0,0,0,0,0,,0,,,,,0,1.76,1.76
2014,REG,00-0029155,,Mike Brown,WR,WR,,5,JAX,0,0,0,0,0,0,0,0,0,0,0,0,,0,,,0,0,0,0,0,0,,0,7,15,88,0,1,1,168,17,5,-4.03689426303026,0,0.523809523809524,0.0867052023121387,0.122093023255814,0.215522919747278,0,6.8,13.8
2014,REG,00-0029159,J.Kearse,Jermaine Kearse,WR,WR,"https://static.www.nfl.com/image/private/f_auto,q_auto/league/tvnzajvst7kdglamw4t6",15,SEA,1,1,17,0,0,0,0,0,0,15,2,1,1.08230032440042,0,1.13333333333333,,2,15,0,0,0,1,-0.241236346075311,0,38,69,537,1,0,0,825,223,21,12.8998023427447,0,0.650909090909091,0.168292682926829,0.247822168819465,0.42591454256387,0,61.88,99.88
2014,REG,00-0029205,T.Cadet,Travaris Cadet,RB,RB,"https://static.www.nfl.com/image/private/f_auto,q_auto/league/gj0pjzj0zzefpabtuki1",13,NO,0,0,0,0,0,0,0,0,0,0,0,0,,0,,,10,32,0,1,1,1,-5.40389500098536,0,38,51,296,1,1,1,64,244,15,2.17727624071168,0,4.625,0.103238866396761,0.0190023752969121,0.16815996230298,0,34.8,72.8
2014,REG,00-0029209,,Ryan Broyles,WR,WR,,3,DET,0,0,0,0,0,0,0,0,0,0,0,0,,0,,,0,0,0,0,0,0,,0,2,5,25,0,0,0,46,9,2,1.07482500688639,0,0.543478260869565,0.0462962962962963,0.0557575757575758,0.108474747474747,0,2.5,4.5
2014,REG,00-0029239,B.Bolden,Brandon Bolden,RB,RB,"https://static.www.nfl.com/image/private/f_auto,q_auto/league/kqqwz35z9brhkzbs4bcn",9,NE,0,0,0,0,0,0,0,0,0,0,0,0,,0,,,28,89,1,0,0,4,-2.56562556093559,0,2,6,8,0,0,0,-4,11,0,-4.96611853246577,0,-2.0,0.0483870967741936,-0.003228410008071,0.0703207581556406,0,15.7,17.7
2014,REG,00-0029260,,LaMichael James,RB,RB,"https://static.www.nfl.com/image/private/f_auto,q_auto/league/roxgufvnndlwl05chvur",3,MIA,0,0,0,0,0,0,0,0,0,0,0,0,,0,,,5,9,0,0,0,0,-1.68901492306031,0,0,1,0,0,0,0,5,0,0,-0.459423679625616,0,0.0,0.0277777777777778,0.0214592274678112,0.0566881258941345,0,0.9,0.9
2014,REG,00-0029262,R.Randle,Rueben Randle,WR,WR,"https://static.www.nfl.com/image/private/f_auto,q_auto/league/qsjafvitrrheqq3uku9g",16,NYG,0,0,0,0,0,0,0,0,0,0,0,0,,0,,,0,0,0,0,0,0,,0,71,127,938,3,0,0,1521,232,48,10.010259754598,0,0.616699539776463,0.212020033388982,0.304931836407378,0.531482335568637,0,111.8,182.8
2014,REG,00-0029263,R.Wilson,Russell Wilson,QB,QB,"https://static.www.nfl.com/image/private/f_auto,q_auto/league/gebzv2aljujgleboe4ns",16,SEA,285,452,3475,20,7,42,242,6,0,3700,1879,159,42.1652065707758,0,0.939189189189189,0.132941291031024,118,849,6,5,0,45,28.1784253835709,0,1,1,17,0,0,0,15,2,1,1.08230032440042,0,1.13333333333333,0.0303030303030303,0.0717703349282297,0.0956937799043062,0,327.6,328.6
2014,REG,00-0029264,B.Pierce,Bernard Pierce,RB,RB,"https://static.www.nfl.com/image/private/f_auto,q_auto/league/fpkdvnu4uzvwxhwaryzm",13,BAL,0,0,0,0,0,0,0,0,0,0,0,0,,0,,,93,366,2,1,1,20,-12.9006428606625,0,2,6,13,0,0,0,7,10,0,-2.26620283565717,0,1.85714285714286,0.0431654676258993,0.0105263157894737,0.0721166224914805,0,47.9,49.9
2014,REG,00-0029269,T.Benjamin,Travis Benjamin,WR,WR,"https://static.www.nfl.com/image/private/f_auto,q_auto/league/io9silocxbywvisvcvpx",16,CLE,0,0,0,0,0,0,0,0,0,0,0,0,,0,,,3,11,0,0,0,1,0.442448849556968,0,18,46,314,3,0,0,857,43,14,7.72629488936024,0,0.366394399066511,0.0921843687374749,0.170513330680462,0.257635884582536,0,50.5,68.5
2014,REG,00-0029273,R.Turbin,Robert Turbin,RB,RB,"https://static.www.nfl.com/image/private/f_auto,q_auto/league/vkqpomzfvo7kei1729jm",16,SEA,0,0,0,0,0,0,0,0,0,0,0,0,,0,,,74,310,0,1,1,16,-7.82297918897683,0,16,20,186,2,0,0,27,168,9,13.8476545234735,0,6.88888888888889,0.0784313725490196,0.0142555438225977,0.127625939499348,0,59.6,75.6
2014,REG,00-0029275,,Ladarius Green,TE,TE,"https://static.www.nfl.com/image/private/f_auto,q_auto/league/h6emukrr14tvhufmdy1c",10,LAC,0,0,0,0,0,0,0,0,0,0,0,0,,0,,,0,0,0,0,0,0,,0,19,25,226,0,0,0,155,114,12,13.3690133629815,0,1.45806451612903,0.0744047619047619,0.0568598679383713,0.151409050414003,0,22.6,41.6
2014,REG,00-0029281,,Adrien Robinson,TE,TE,,6,NYG,0,0,0,0,0,0,0,0,0,0,0,0,,0,,,0,0,0,0,0,0,,0,5,7,50,1,0,0,27,50,3,1.06192433316028,0,1.85185185185185,0.0304347826086957,0.0161386730424387,0.0569492450427506,0,11.0,16.0
2014,REG,00-0029298,,Cyrus Gray,RB,RB,,3,KC,0,0,0,0,0,0,0,0,0,0,0,0,,0,,,8,31,1,0,0,1,-0.825817430741154,0,0,0,0,0,0,0,0,0,0,,0,,,,,0,9.1,9.1
2014,REG,00-0029300,,Tommy Streeter,WR,WR,,1,JAX,0,0,0,0,0,0,0,0,0,0,0,0,,0,,,0,0,0,0,0,0,,0,0,1,0,0,0,0,44,0,0,0.0725783365196548,0,0.0,0.0263157894736842,0.129411764705882,0.130061919504644,0,0.0,0.0
2014,REG,00-0029311,,Junior Hemingway,WR,WR,,9,KC,0,0,0,0,0,0,0,0,0,0,0,0,,0,,,0,0,0,0,0,0,,0,12,21,108,0,0,0,131,68,8,-1.84616557943914,0,0.824427480916031,0.0760869565217391,0.0911621433542102,0.177943935130556,0,10.8,22.8
2014,REG,00-0029317,,Edwin Baker,RB,RB,,1,NO,0,0,0,0,0,0,0,0,0,0,0,0,,0,,,1,2,0,0,0,1,-1.73424254055135,0,0,0,0,0,0,0,0,0,0,,0,,,,,0,0.2,0.2
2014,REG,00-0029319,J.Bellamy,Josh Bellamy,WR,WR,"https://static.www.nfl.com/image/private/f_auto,q_auto/league/kgyz7lr35xl5j7oxjwlw",1,CHI,0,0,0,0,0,0,0,0,0,0,0,0,,0,,,0,0,0,0,0,0,,0,0,1,0,0,0,0,51,0,0,-0.548167787492275,0,0.0,0.0294117647058824,0.166666666666667,0.16078431372549,0,0.0,0.0
2014,REG,00-0029384,B.Rainey,Bobby Rainey,RB,RB,"https://static.www.nfl.com/image/private/f_auto,q_auto/league/vf2lmyxgjhrah1hfed1x",12,TB,0,1,0,0,0,0,0,0,0,14,0,0,-0.426043068757281,0,0.0,,94,406,1,1,1,20,-9.13933263724936,0,33,45,315,1,2,2,113,278,12,-1.20665445699794,0,2.78761061946903,0.109756097560976,0.0262485481997677,0.183008130081301,0,78.1,111.1
2014,REG,00-0029394,B.Bersin,Brenton Bersin,WR,WR,"https://static.www.nfl.com/image/private/f_auto,q_auto/league/gjkirn3lffpdr7gn8ars",12,CAR,0,0,0,0,0,0,0,0,0,0,0,0,,0,,,0,0,0,0,0,0,,0,13,20,151,1,0,0,222,34,11,0.172165742260404,0,0.68018018018018,0.0483091787439614,0.0531609195402299,0.109676411794103,0,21.1,34.1
2014,REG,00-0029401,,Tauren Poole,RB,RB,,1,CAR,0,0,0,0,0,0,0,0,0,0,0,0,,0,,,1,0,0,1,1,0,-5.26927255350165,0,0,0,0,0,0,0,0,0,0,,0,,,,,0,-2.0,-2.0
2014,REG,00-0029415,K.Martin,Keshawn Martin,WR,WR,"https://static.www.nfl.com/image/private/f_auto,q_auto/league/guf4yzrzgnpmx7uonpqs",9,HOU,0,0,0,0,0,0,0,0,0,0,0,0,,0,,,0,0,0,0,0,0,,0,6,12,78,0,0,0,81,57,3,-4.95823675132124,0,0.962962962962963,0.0430107526881721,0.0371730151445617,0.0905372396334513,0,7.8,13.8
2014,REG,00-0029429,,Bryce Brown,RB,RB,"https://static.www.nfl.com/image/private/f_auto,q_auto/league/sf0mz0q1kzqu2v3lmmsa",7,BUF,0,0,0,0,0,0,0,0,0,0,0,0,,0,,,36,126,0,1,0,6,-12.4535552682064,0,16,25,176,0,0,0,42,177,8,2.95032459263653,0,4.19047619047619,0.133689839572193,0.0384615384615385,0.227457836281366,0,30.2,46.2
2014,REG,00-0029432,,Chase Ford,TE,TE,"https://static.www.nfl.com/image/private/f_auto,q_auto/league/vul6yi2s6klresxw9tsl",10,MIN,0,0,0,0,0,0,0,0,0,0,0,0,,0,,,0,0,0,0,0,0,,0,23,35,258,1,0,0,352,62,15,6.60350859028454,0,0.732954545454545,0.100574712643678,0.125222340803984,0.238517707528306,0,31.8,54.8
2014,REG,00-0029435,,Damaris Johnson,WR,WR,"https://static.www.nfl.com/image/private/f_auto,q_auto/league/fbcf86kaohvtyvoz2t0y",16,HOU,0,0,0,0,0,0,0,0,0,0,0,0,,0,,,5,19,0,0,0,1,-0.548043664195575,0,31,49,331,1,1,0,287,183,15,5.73682306310223,0,1.15331010452962,0.102083333333333,0.0719118015534954,0.203463261087447,0,41.0,72.0
2014,REG,00-0029438,,Chris Polk,RB,RB,"https://static.www.nfl.com/image/private/f_auto,q_auto/league/yuwqhwdnbrd2ie34zxz8",9,PHI,0,0,0,0,0,0,0,0,0,0,0,0,,0,,,46,172,4,0,0,12,-4.41887511039412,0,2,3,16,0,0,0,2,21,1,0.704999998677522,0,8.0,0.0218978102189781,0.0016025641025641,0.033968510200262,1,48.8,50.8
2014,REG,00-0029441,,Jeremy Stewart,RB,RB,,3,DEN,0,0,0,0,0,0,0,0,0,0,0,0,,0,,,6,22,0,0,0,1,-0.359058993635699,0,0,0,0,0,0,0,0,0,0,,0,,,,,0,2.2,2.2
2014,REG,00-0029463,,De'Andre Presley,WR,WR,,1,CAR,0,0,0,0,0,0,0,0,0,0,0,0,,0,,,1,-2,0,0,0,0,-0.780974745284766,0,0,1,0,0,0,0,24,0,0,-4.70736338960705,0,0.0,0.0285714285714286,0.0743034055727554,0.0948695267580716,0,-0.2,-0.2
2014,REG,00-0029492,J.Olawale,Jamize Olawale,FB,RB,"https://static.www.nfl.com/image/private/f_auto,q_auto/league/dp7xdilrkk9f2i5ovne9",8,LV,0,0,0,0,0,0,0,0,0,0,0,0,,0,,,2,0,0,0,0,0,-3.57352357613854,0,5,6,18,2,0,0,15,7,2,2.07165034045465,0,1.2,0.0272727272727273,0.0075834175935288,0.0462174832245611,0,13.8,18.8
2014,REG,00-0029493,R.Quigley,Ryan Quigley,P,SPEC,"https://static.www.nfl.com/image/private/f_auto,q_auto/league/x4iusmtkekesjjq4rcvn",1,NYJ,1,1,38,0,0,0,0,0,0,11,27,1,4.48934302531416,0,3.45454545454545,,0,0,0,0,0,0,,0,0,0,0,0,0,0,0,0,0,,0,,,,,0,1.52,1.52
2014,REG,00-0029510,J.Grimes,Jonathan Grimes,RB,RB,"https://static.www.nfl.com/image/private/f_auto,q_auto/league/kzodfrw342cy91lw12n4",9,HOU,0,0,0,0,0,0,0,0,0,0,0,0,,0,,,39,153,0,0,0,5,-4.22076090397127,0,6,8,86,0,0,0,6,75,4,1.32839445205173,0,14.3333333333333,0.0714285714285714,0.0074719800747198,0.112373243195161,0,23.9,29.9
2014,REG,00-0029531,,Ryan Lindley,QB,QB,"https://static.www.nfl.com/image/private/f_auto,q_auto/league/hkcspynbhidpjfs3npao",3,ARI,45,93,562,2,4,6,46,1,0,1161,154,30,-16.3934680873783,0,0.484065460809647,-0.0411747526927496,0,0,0,0,0,0,,0,0,0,0,0,0,0,0,0,0,,0,,,,,0,22.48,22.48
2014,REG,00-0029534,C.Helfet,Cooper Helfet,TE,TE,"https://static.www.nfl.com/image/private/f_auto,q_auto/league/qwcm0hofeezyv0fr1wbf",8,SEA,0,0,0,0,0,0,0,0,0,0,0,0,,0,,,0,0,0,0,0,0,,0,12,24,185,2,0,0,230,69,9,9.81399121693527,0,0.804347826086957,0.110091743119266,0.131956397016638,0.257507092590546,0,30.5,42.5
2014,REG,00-0029567,N.Foles,Nick Foles,QB,QB,"https://static.www.nfl.com/image/private/f_auto,q_auto/league/dxuz2ir773wylutxo7zs",8,PHI,186,311,2163,13,10,9,74,3,2,2999,980,101,10.8105811413418,0,0.721240413471157,0.0621239281666682,16,68,0,1,1,6,-4.92040883367123,0,0,0,0,0,0,0,0,0,0,,0,,,,,0,119.32,119.32
2014,REG,00-0029572,J.Wright,Jarius Wright,WR,WR,"https://static.www.nfl.com/image/private/f_auto,q_auto/league/f4xgfra44cd6qjy6havp",15,MIN,0,0,0,0,0,0,0,0,0,0,0,0,,0,,,5,71,0,0,0,3,3.19720127549954,0,42,62,588,2,0,0,647,327,25,22.4931941658782,0,0.908809891808346,0.129166666666667,0.17053241960991,0.313122693726937,0,77.9,119.9
2014,REG,00-0029580,R.Matthews,Rishard Matthews,WR,WR,"https://static.www.nfl.com/image/private/f_auto,q_auto/league/fr7nzgwarzuorvi8cvlc",10,MIA,0,0,0,0,0,0,0,0,0,0,0,0,,0,,,1,3,0,0,0,0,-0.202022483688779,0,12,22,135,2,1,0,260,42,9,-0.591045393899549,0,0.519230769230769,0.0582010582010582,0.0898721050812306,0.150212060858449,0,25.8,37.8
2014,REG,00-0029585,C.Jones,Chandler Jones,DE,DL,"https://static.www.nfl.com/image/private/f_auto,q_auto/league/o12yqn0vbknt7gmu5owf",1,NE,0,0,0,0,0,0,0,0,0,0,0,0,,0,,,0,0,0,0,0,0,,0,0,0,0,0,0,0,0,0,0,,0,,,,,1,6.0,6.0
2014,REG,00-0029587,R.Ellison,Rhett Ellison,TE,TE,"https://static.www.nfl.com/image/private/f_auto,q_auto/league/pqvmhpdoritjtp8ng7ep",14,MIN,0,0,0,0,0,0,0,0,0,0,0,0,,0,,,0,0,0,0,0,0,,0,19,26,208,1,0,0,68,158,12,11.1035453318618,1,3.05882352941176,0.0561555075593953,0.0213971050975456,0.0992112349073748,0,28.8,47.8
2014,REG,00-0029588,,Dan Herron,RB,RB,,11,IND,0,0,0,0,0,0,0,0,0,0,0,0,,0,,,78,351,1,1,1,17,-6.81498753372961,0,21,26,173,0,1,1,-4,193,7,-0.597458403935889,0,-43.25,0.0836012861736334,-0.0015122873345935,0.124343328126235,0,54.4,75.4
2014,REG,00-0029590,,Taylor Thompson,TE,TE,,3,TEN,0,0,0,0,0,0,0,0,0,0,0,0,,0,,,0,0,0,0,0,0,,0,2,4,24,0,0,0,57,10,2,-0.506566615658812,0,0.421052631578947,0.0404040404040404,0.0557729941291585,0.0996471564964716,0,2.4,4.4
2014,REG,00-0029601,,Brandon Bostick,TE,TE,"https://static.www.nfl.com/image/private/f_auto,q_auto/league/eazsm9q05wcs2st2dsht",2,GB,0,0,0,0,0,0,0,0,0,0,0,0,,0,,,0,0,0,0,0,0,,0,2,4,3,1,0,0,5,1,1,-0.513317840280236,0,0.6,0.0714285714285714,0.0139275766016713,0.116892160764027,0,6.3,8.3
2014,REG,00-0029604,K.Cousins,Kirk Cousins,QB,QB,"https://static.www.nfl.com/image/private/f_auto,q_auto/league/viuxnyezrwdfjnxsfssb",6,WAS,126,204,1710,10,9,8,70,2,2,1781,901,75,14.2554894173785,0,0.960134755755194,0.0711758719431498,7,20,0,0,0,3,-2.80794144584375,0,0,0,0,0,0,0,0,0,0,,0,,,,,0,88.4,88.4
2014,REG,00-0029608,T.Hilton,T.Y. Hilton,WR,WR,"https://static.www.nfl.com/image/private/f_auto,q_auto/league/b8kor0sgeynyd8u8cush",15,IND,0,0,0,0,0,0,0,0,0,0,0,0,,0,,,2,20,0,0,0,1,0.976025695679709,0,82,131,1345,7,3,1,1811,370,63,57.8338712867365,0,0.742683600220873,0.217247097844113,0.332965618679904,0.558946579842102,0,176.5,258.5
2014,REG,00-0029613,D.Martin,Doug Martin,RB,RB,"https://static.www.nfl.com/image/private/f_auto,q_auto/league/lhazttk4tjpi7ggf7du4",11,TB,0,0,0,0,0,0,0,0,0,0,0,0,,0,,,134,494,2,0,0,23,-16.1665651645453,0,13,20,64,0,0,0,-4,63,3,-4.9650143008912,0,-16.0,0.0571428571428571,-0.0012221203788573,0.0848588014490856,0,67.8,80.8
2014,REG,00-0029614,,Chris Givens,WR,WR,,9,LA,0,0,0,0,0,0,0,0,0,0,0,0,,0,,,1,4,0,0,0,0,1.12205062783323,0,11,20,159,1,0,0,252,44,5,-2.21652907836916,0,0.630952380952381,0.0732600732600733,0.122270742358079,0.195479629540765,0,22.3,33.3
2014,REG,00-0029615,L.Miller,Lamar Miller,RB,RB,"https://static.www.nfl.com/image/private/f_auto,q_auto/league/vqxh6ynpmczzfyl9kcgq",16,MIA,0,0,0,0,0,0,0,0,0,0,0,0,,0,,,216,1099,8,2,2,57,0.516636396697529,0,38,52,275,1,1,1,73,243,10,-15.1990974017308,0,3.76712328767123,0.0876897133220911,0.0166590597900502,0.143195911836172,0,185.4,223.4
2014,REG,00-0029619,,Jorvorskie Lane,FB,RB,"https://static.www.nfl.com/image/private/f_auto,q_auto/league/fru99ajpyfcvy4hrigtx",4,TB,0,0,0,0,0,0,0,0,0,0,0,0,,0,,,3,58,0,0,0,1,3.1804023666773,0,1,1,3,0,0,0,1,2,0,-0.470072931842879,0,3.0,0.05,0.0066666666666666,0.0796666666666667,0,6.1,7.1
2014,REG,00-0029632,M.Sanu,Mohamed Sanu,WR,WR,"https://static.www.nfl.com/image/private/f_auto,q_auto/league/a6loroqhta6g65aqnsrk",16,CIN,3,3,79,1,0,1,6,0,0,61,18,3,4.41974096628837,0,1.29508196721311,,7,51,0,0,0,2,1.49069944757503,0,56,98,790,5,0,0,1059,322,37,26.5825748999971,1,0.745986779981114,0.198782961460446,0.274993508179694,0.490669897916455,0,123.26,179.26
2014,REG,00-0029634,J.Hanna,James Hanna,TE,TE,"https://static.www.nfl.com/image/private/f_auto,q_auto/league/rtnxe02klclu847zqbdq",5,DAL,0,0,0,0,0,0,0,0,0,0,0,0,,0,,,0,0,0,0,0,0,,0,4,6,48,0,0,0,43,14,3,1.69618956191698,0,1.11627906976744,0.04,0.0315712187958884,0.0820998531571219,0,4.8,8.8
2014,REG,00-0029638,M.Floyd,Michael Floyd,WR,WR,"https://static.www.nfl.com/image/private/f_auto,q_auto/league/lisxjuyoo7hiux1ac4jb",16,ARI,0,0,0,0,0,0,0,0,0,0,0,0,,0,,,1,2,0,0,0,0,-0.483970231376588,0,47,99,841,6,3,1,1747,115,34,14.0806069097543,0,0.481396680022896,0.176470588235294,0.295500676589986,0.471556355965932,0,118.3,165.3
2014,REG,00-0029640,B.Quick,Brian Quick,WR,WR,"https://static.www.nfl.com/image/private/f_auto,q_auto/league/tayczwuhluj2hyrva3cp",7,LA,0,0,0,0,0,0,0,0,0,0,0,0,,0,,,0,0,0,0,0,0,,0,25,39,375,3,0,0,625,72,19,18.4264187084542,0,0.6,0.1625,0.276182059213433,0.437077441449403,0,55.5,80.5
2014,REG,00-0029654,,A.J. Jenkins,WR,WR,,7,KC,0,0,0,0,0,0,0,0,0,0,0,0,,0,,,2,-2,0,1,0,0,-2.96203665854409,0,9,15,93,0,0,0,131,43,5,3.40839826903539,0,0.709923664122137,0.0815217391304348,0.121072088724584,0.207033070802861,0,9.1,18.1
2014,REG,00-0029660,T.Graham,Trevor Graham,WR,WR,"https://static.www.nfl.com/image/private/f_auto,q_auto/league/wlgjczfjbekzvbjmgtzc",7,NYJ,0,0,0,0,0,0,0,0,0,0,0,0,,0,,,0,0,0,0,0,0,,0,3,8,87,1,0,0,195,21,2,3.77758101525251,0,0.446153846153846,0.0372093023255814,0.104111051788574,0.128691689740374,0,14.7,17.7
2014,REG,00-0029664,J.Gordon,Josh Gordon,WR,WR,"https://static.www.nfl.com/image/private/f_auto,q_auto/league/wwqz2ujrj7wp86tyaxof",5,CLE,0,1,0,0,0,0,0,0,0,0,0,0,-0.776239039376378,0,,,0,0,0,0,0,0,,0,24,47,303,0,0,0,539,161,16,-5.86570900077203,0,0.562152133580705,0.321917808219178,0.394871794871795,0.759286968739024,0,30.3,54.3
2014,REG,00-0029665,R.Griffin,Robert Griffin,QB,QB,"https://static.www.nfl.com/image/private/f_auto,q_auto/league/f9gitqxxg3f1uybdcfhc",9,WAS,147,214,1694,4,6,33,227,5,2,1474,1096,67,-30.8465703358321,0,1.14925373134328,0.0457367446622208,38,176,1,4,1,9,-7.16831155844716,0,0,0,0,0,0,0,0,0,0,,0,,,,,0,89.36,89.36
2014,REG,00-0029667,,Nick Toon,WR,WR,"https://static.www.nfl.com/image/private/f_auto,q_auto/league/sysnfy8ooabjvvjwj4rs",6,NO,0,0,0,0,0,0,0,0,0,0,0,0,,0,,,1,4,0,0,0,0,-0.238979906309396,0,17,23,215,1,1,1,311,42,13,9.66667420594604,0,0.691318327974277,0.0970464135021097,0.156754032258065,0.25529744283381,0,25.9,42.9
2014,REG,00-0029668,A.Luck,Andrew Luck,QB,QB,"https://static.www.nfl.com/image/private/f_auto,q_auto/league/ojix2ha2u58zqozaw756",16,IND,380,616,4761,40,16,27,161,8,4,5476,2209,234,86.4587391517727,0,0.869430241051863,0.110204989638284,64,273,3,5,2,19,-8.78647866311902,0,0,0,0,0,0,0,0,0,0,,0,,,,,0,351.74,351.74
2014,REG,00-0029673,D.Posey,DeVier Posey,WR,WR,"https://static.www.nfl.com/image/private/f_auto,q_auto/league/neyvfbqn4cma8ecy22hb",1,HOU,0,0,0,0,0,0,0,0,0,0,0,0,,0,,,0,0,0,0,0,0,,0,1,1,30,0,0,0,27,3,1,2.67686605360359,0,1.11111111111111,0.04,0.0974729241877256,0.128231046931408,0,3.0,4.0
2014,REG,00-0029675,,Trent Richardson,,,,15,IND,0,0,0,0,0,0,0,0,0,0,0,0,,0,,,159,519,3,2,1,25,-26.9945073183917,0,27,34,229,0,0,0,-1,240,9,4.09223273390671,0,0.0,0.0705394190871369,-0.0002749518834204,0.105616662312311,0,90.8,117.8
2014,REG,00-0029677,B.Weeden,Brandon Weeden,QB,QB,"https://static.www.nfl.com/image/private/f_auto,q_auto/league/m8oocp4p9nskilnakgnw",4,DAL,24,41,303,3,2,1,9,0,0,351,161,16,2.73884518178965,0,0.863247863247863,0.0362134386884176,6,-1,0,1,0,0,-4.10140131262597,0,0,0,0,0,0,0,0,0,0,,0,,,,,0,20.02,20.02
2014,REG,00-0029682,B.Osweiler,Brock Osweiler,QB,QB,"https://static.www.nfl.com/image/private/f_auto,q_auto/league/pwkmtgeitdi79qtumb2x",4,DEN,4,10,52,1,0,0,0,0,0,50,30,2,0.774277127435198,0,1.04,-0.0766040727038675,8,0,0,0,0,0,-4.22014053622843,0,0,0,0,0,0,0,0,0,0,,0,,,,,0,6.08,6.08
2014,REG,00-0029683,R.Hillman,Ronnie Hillman,RB,RB,"https://static.www.nfl.com/image/private/f_auto,q_auto/league/quqwvjr2zciit0emquzg",8,DEN,0,0,0,0,0,0,0,0,0,0,0,0,,0,,,106,434,3,1,0,20,-5.61193595570512,0,21,34,139,1,0,0,78,108,6,-1.71049511485035,0,1.78205128205128,0.102102102102102,0.0274647887323944,0.172378505265829,0,81.3,102.3
2014,REG,00-0029689,D.Allen,Dwayne Allen,TE,TE,"https://static.www.nfl.com/image/private/f_auto,q_auto/league/wduwt0ibzoutozuywe4b",12,IND,0,0,0,0,0,0,0,0,0,0,0,0,,0,,,0,0,0,0,0,0,,0,29,50,395,8,1,0,444,167,24,25.4612204661244,0,0.88963963963964,0.0963391136801541,0.100090171325519,0.214571790448094,0,87.5,116.5
2014,REG,00-0029692,B.Anger,Bryan Anger,P,SPEC,"https://static.www.nfl.com/image/private/f_auto,q_auto/league/zv7j4fzg4qrz4hktx756",1,JAX,1,1,19,0,0,0,0,0,0,-5,24,1,3.74977805279195,0,0.0,,0,0,0,0,0,0,,0,0,0,0,0,0,0,0,0,0,,0,,,,,0,0.76,0.76
2014,REG,00-0029697,C.Fleener,Coby Fleener,TE,TE,"https://static.www.nfl.com/image/private/f_auto,q_auto/league/csj8khi0e2rpkvqqjmc1",16,IND,0,0,0,0,0,0,0,0,0,0,0,0,,0,,,0,0,0,0,0,0,,0,51,92,774,8,0,0,976,295,40,27.6727505685685,0,0.793032786885246,0.142194744976816,0.171078001752848,0.333046718692218,0,125.4,176.4
2014,REG,00-0029701,R.Tannehill,Ryan Tannehill,QB,QB,"https://static.www.nfl.com/image/private/f_auto,q_auto/league/yvwju12dl6haf3r8uzrm",16,MIA,392,590,4045,27,12,46,337,4,1,4498,1866,224,28.4210438764434,0,0.899288572698977,0.0939164525166375,56,311,1,4,1,18,-4.15794663960553,0,1,1,-4,0,0,0,-7,3,0,-0.793949523358606,0,0.0,0.0294117647058824,-0.0285714285714286,0.0241176470588235,0,278.5,279.5
2014,REG,00-0029708,K.Wright,Kendall Wright,WR,WR,"https://static.www.nfl.com/image/private/f_auto,q_auto/league/edsrjypqphqpfqezc5k9",14,TEN,0,0,0,0,0,0,0,0,0,0,0,0,,0,,,4,54,0,0,0,2,2.4030954069458,0,57,93,715,6,1,1,809,365,33,13.5594263060665,0,0.88380716934487,0.213302752293578,0.195505074915418,0.45680768088116,0,110.9,167.9
2014,REG,00-0029729,A.Johnson,Austin Johnson,FB,RB,"https://static.www.nfl.com/image/private/f_auto,q_auto/league/se6aqbzkyvpmtcr46bwz",6,NO,0,0,0,0,0,0,0,0,0,0,0,0,,0,,,8,22,0,0,0,5,0.0399516171310097,0,2,2,15,1,0,0,-1,16,2,2.59750581899425,0,-15.0,0.0263157894736842,-0.002932551319648,0.0374208982867727,0,9.7,11.7
2014,REG,00-0029731,F.Whittaker,Fozzy Whittaker,RB,RB,"https://static.www.nfl.com/image/private/f_auto,q_auto/league/lyk6elzqjynnxbxe6qlr",8,CAR,0,0,0,0,0,0,0,0,0,0,0,0,,0,,,32,145,1,0,0,8,-2.61301102873404,0,5,6,60,1,0,0,-14,78,2,4.27001228398876,0,-4.28571428571429,0.0392156862745098,-0.0087173100871731,0.0527214123507435,0,32.5,37.5
2014,REG,00-0029738,D.Fells,Darren Fells,TE,TE,"https://static.www.nfl.com/image/private/f_auto,q_auto/league/eh0rbweg4wbzgzpvprnv",5,ARI,0,0,0,0,0,0,0,0,0,0,0,0,,0,,,0,0,0,0,0,0,,0,5,11,71,0,0,0,106,21,4,0.706705638498534,0,0.669811320754717,0.0617977528089888,0.0483797352806938,0.126562443909969,0,7.1,12.1
2014,REG,00-0029755,,Brian Leonhardt,TE,TE,,7,LV,0,0,0,0,0,0,0,0,0,0,0,0,,0,,,0,0,0,0,0,0,,0,6,8,35,1,0,0,47,9,2,1.83079815341625,0,0.74468085106383,0.0313725490196078,0.0249469214437367,0.0645216685400275,0,9.5,15.5
2014,REG,00-0029793,B.Williams,Brandon Williams,TE,TE,"https://static.www.nfl.com/image/private/f_auto,q_auto/league/ozqjjoxr1sukcx2207hd",5,CAR,0,0,0,0,0,0,0,0,0,0,0,0,,0,,,0,0,0,0,0,0,,0,4,8,44,0,0,0,73,8,4,-2.88017827481963,0,0.602739726027397,0.0427807486631016,0.0362462760675273,0.0895435162419215,0,4.4,8.4
2014,REG,00-0029795,B.Cunningham,Benny Cunningham,RB,RB,"https://static.www.nfl.com/image/private/f_auto,q_auto/league/yo9hvf3gnoxj7prmruo8",16,LA,0,0,0,0,0,0,0,0,0,0,0,0,,0,,,66,246,3,0,0,12,-10.880681211797,0,45,53,352,1,1,0,66,306,21,9.74267489551569,0,5.33333333333333,0.109278350515464,0.0174096544447375,0.176104283884512,0,83.8,128.8
2014,REG,00-0029854,C.Anderson,C.J. Anderson,RB,RB,"https://static.www.nfl.com/image/private/f_auto,q_auto/league/jqqdxuowpdgl06zy0g0a",14,DEN,0,0,0,0,0,0,0,0,0,0,0,0,,0,,,179,849,8,0,0,47,6.12143638276068,0,34,44,324,2,1,0,82,281,13,13.8460314538679,0,3.95121951219512,0.115789473684211,0.0256651017214398,0.191649781731324,0,177.3,211.3
2014,REG,00-0029878,M.Gray,MarQueis Gray,TE,TE,"https://static.www.nfl.com/image/private/f_auto,q_auto/league/pbuxaz8hy9fxow3zq5sr",6,BUF,0,0,0,0,0,0,0,0,0,0,0,0,,0,,,0,0,0,0,0,0,,0,9,11,134,0,0,0,46,90,4,10.377187204489,0,2.91304347826087,0.0478260869565217,0.0354664610639938,0.0965656531795783,0,13.4,22.4
2014,REG,00-0029883,,Joseph Fauria,TE,TE,"https://static.www.nfl.com/image/private/f_auto,q_auto/league/e6tne3enp0difyhuwlqj",6,DET,0,0,0,0,0,0,0,0,0,0,0,0,,0,,,0,0,0,0,0,0,,0,6,12,74,1,0,0,73,34,4,1.90800340075607,1,1.01369863013699,0.0515021459227468,0.0372829417773238,0.103351278128247,0,15.4,21.4
2014,REG,00-0029892,K.Juszczyk,Kyle Juszczyk,FB,RB,"https://static.www.nfl.com/image/private/f_auto,q_auto/league/eqb3lq4bip6oa5kiz1ze",13,BAL,0,0,0,0,0,0,0,0,0,0,0,0,,0,,,0,0,0,0,0,0,,0,19,27,182,1,2,2,33,170,6,-3.06630376864657,0,5.51515151515152,0.0630841121495327,0.011482254697286,0.102663746512399,0,20.2,39.2
2014,REG,00-0029910,T.Wright,Timothy Wright,TE,TE,"https://static.www.nfl.com/image/private/f_auto,q_auto/league/wydzzhwo9is11uqaeffj",12,NE,0,0,0,0,0,0,0,0,0,0,0,0,,0,,,1,-2,0,0,0,0,-2.14175168424845,0,26,33,259,6,0,0,244,94,18,14.9991357263643,0,1.06147540983607,0.0731707317073171,0.069634703196347,0.158500389798419,0,61.7,87.7
2014,REG,00-0029934,R.Smith,Rodney Smith,WR,WR,"https://static.www.nfl.com/image/private/f_auto,q_auto/league/zvlr1vbbimnvgssqlh8k",1,CLE,0,0,0,0,0,0,0,0,0,0,0,0,,0,,,0,0,0,0,0,0,,0,0,1,0,0,0,0,23,0,0,-2.52968103531748,0,0.0,0.0357142857142857,0.092,0.117971428571429,0,0.0,0.0
2014,REG,00-0029999,,Zach Sudfeld,TE,TE,,6,NYJ,0,0,0,0,0,0,0,0,0,0,0,0,,0,,,0,0,0,0,0,0,,0,5,7,85,0,0,0,60,58,3,4.05153503764615,0,1.41666666666667,0.0406976744186047,0.0400801603206413,0.0891026238523559,0,8.5,13.5
2014,REG,00-0030000,K.Thompkins,Kenbrell Thompkins,WR,WR,"https://static.www.nfl.com/image/private/f_auto,q_auto/league/coyaltbvkpvvojjd5sjh",13,LV,0,0,0,0,0,0,0,0,0,0,0,0,,0,,,2,5,0,0,0,0,-0.420246584457345,0,21,47,262,0,0,0,558,95,13,-8.33982211827848,0,0.469534050179211,0.0973084886128364,0.138564688353613,0.242958014766784,0,26.7,47.7
2014,REG,00-0030035,A.Thielen,Adam Thielen,WR,WR,"https://static.www.nfl.com/image/private/f_auto,q_auto/league/kmldtl8p9h7h5dzvkwsw",7,MIN,0,0,0,0,0,0,0,0,0,0,0,0,,0,,,0,0,0,0,0,0,,0,8,13,137,1,0,0,170,34,7,3.0838632172944,0,0.805882352941176,0.0659898477157361,0.103975535168196,0.171767646191341,1,25.7,33.7
2014,REG,00-0030047,M.Wilson,Marquess Wilson,WR,WR,"https://static.www.nfl.com/image/private/f_auto,q_auto/league/gtmp1bvlbgxnadkq3w7e",7,CHI,0,0,0,0,0,0,0,0,0,0,0,0,,0,,,0,0,0,0,0,0,,0,17,32,140,1,0,0,330,51,7,-4.82685353403005,0,0.424242424242424,0.118959107806691,0.179934569247546,0.30439286018332,0,20.0,37.0
2014,REG,00-0030049,C.Gragg,Chris Gragg,TE,TE,"https://static.www.nfl.com/image/private/f_auto,q_auto/league/wljmssrm2nmd3y4pbejd",6,BUF,0,0,0,0,0,0,0,0,0,0,0,0,,0,,,0,0,0,0,0,0,,0,7,10,48,1,0,0,31,22,4,1.19730527559295,0,1.54838709677419,0.0440528634361234,0.0207635632953784,0.0806137894609499,0,10.8,17.8
2014,REG,00-0030061,Z.Ertz,Zach Ertz,TE,TE,"https://static.www.nfl.com/image/private/f_auto,q_auto/league/t7my0kesdhb2iefvempm",16,PHI,0,0,0,0,0,0,0,0,0,0,0,0,,0,,,0,0,0,0,0,0,,0,58,89,702,3,1,1,924,225,42,24.4622641904761,0,0.75974025974026,0.145424836601307,0.167179301610277,0.335162766029155,0,86.2,144.2
2014,REG,00-0030068,M.Goodwin,Marquise Goodwin,WR,WR,"https://static.www.nfl.com/image/upload/f_auto,q_auto/league/cof5bbih1o9dtnonwmjp",7,BUF,0,0,0,0,0,0,0,0,0,0,0,0,,0,,,3,8,0,0,0,1,-0.496372713707387,0,1,9,42,0,1,0,169,6,1,-9.36830595706124,0,0.248520710059172,0.0393013100436681,0.106289308176101,0.133354480788773,0,5.0,6.0
2014,REG,00-0030085,K.Stills,Kenny Stills,WR,WR,"https://static.www.nfl.com/image/private/f_auto,q_auto/league/wswn6tehkzj8mdfbablx",15,NO,0,0,0,0,0,0,0,0,0,0,0,0,,0,,,1,-2,0,0,0,0,-0.891255235066637,0,63,84,931,3,1,0,1063,188,47,56.5013641380866,0,0.8758231420508,0.13838550247117,0.225929861849097,0.365729157001122,0,110.9,173.9
2014,REG,00-0030089,L.Willson,Luke Willson,TE,TE,"https://static.www.nfl.com/image/private/f_auto,q_auto/league/a6zcpjyfusebcm8i3w2w",12,SEA,0,0,0,0,0,0,0,0,0,0,0,0,,0,,,0,0,0,0,0,0,,0,22,40,362,3,0,0,388,213,14,12.1624699372872,0,0.93298969072165,0.123456790123457,0.147978642257818,0.288770234765658,0,54.2,76.2
2014,REG,00-0030090,M.Hyde,Micah Hyde,FS,DB,"https://static.www.nfl.com/image/private/f_auto,q_auto/league/xxdwo2ndjc4qm9q5lpgx",2,GB,0,0,0,0,0,0,0,0,0,0,0,0,,0,,,0,0,0,0,0,0,,0,0,0,0,0,0,0,0,0,0,,0,,,,,2,12.0,12.0
2014,REG,00-0030091,T.King,Tavarres King,WR,WR,"https://static.www.nfl.com/image/private/f_auto,q_auto/league/yfkwzczsoeihruafz1kg",1,TB,0,0,0,0,0,0,0,0,0,0,0,0,,0,,,0,0,0,0,0,0,,0,2,3,13,0,0,0,15,4,1,-2.51614671130665,0,0.866666666666667,0.142857142857143,0.0909090909090909,0.277922077922078,0,1.3,3.3
2014,REG,00-0030092,S.Martin,Sam Martin,P,SPEC,"https://static.www.nfl.com/image/private/f_auto,q_auto/league/xujpdorpiugkhag0ydtl",1,DET,2,2,27,0,0,0,0,0,0,-3,30,1,1.85629146615975,0,0.0,,0,0,0,0,0,0,,0,0,0,0,0,0,0,0,0,0,,0,,,,,0,1.08,1.08
2014,REG,00-0030095,C.Fuller,Corey Fuller,WR,WR,"https://static.www.nfl.com/image/private/f_auto,q_auto/league/omxsxhwznxnay3ynkjph",12,DET,0,0,0,0,0,0,0,0,0,0,0,0,,0,,,0,0,0,0,0,0,,0,14,31,212,1,1,1,507,41,11,-3.03913461731281,0,0.418145956607495,0.0678336980306346,0.141107709435013,0.200525943650461,0,25.2,39.2
2014,REG,00-0030107,T.Riddick,Theo Riddick,RB,RB,"https://static.www.nfl.com/image/private/f_auto,q_auto/league/aptuag5ocazmionhvnt6",13,DET,0,0,0,0,0,0,0,0,0,0,0,0,,0,,,20,51,0,0,0,2,-7.54375862548276,0,34,50,316,4,0,0,93,305,14,13.7613334288161,0,3.39784946236559,0.158227848101266,0.0354826402136589,0.26217962030146,0,60.7,94.7
2014,REG,00-0030108,R.Griffin,Ryan Griffin,TE,TE,"https://static.www.nfl.com/image/private/f_auto,q_auto/league/izjfxtmk2dhzhrlwpt9g",8,HOU,0,0,0,0,0,0,0,0,0,0,0,0,,0,,,0,0,0,0,0,0,,0,10,16,91,1,0,0,133,36,5,6.8020238126046,0,0.68421052631579,0.065843621399177,0.0692708333333333,0.147255015432099,0,15.1,25.1
2014,REG,00-0030112,T.Bohanon,Tommy Bohanon,FB,RB,"https://static.www.nfl.com/image/private/f_auto,q_auto/league/lmoesdqqzu6v8rmnyqlk",1,NYJ,0,0,0,0,0,0,0,0,0,0,0,0,,0,,,1,3,0,0,0,1,0.599903946975246,0,2,2,30,0,0,0,0,30,2,2.44547818158753,0,0.0,0.0666666666666667,,,0,3.3,5.3
2014,REG,00-0030113,C.Johnson,Charles D. Johnson,WR,WR,"https://static.www.nfl.com/image/private/f_auto,q_auto/league/g9xhdanrpvnxwrqhran5",11,MIN,0,0,0,0,0,0,0,0,0,0,0,0,,0,,,1,-11,0,0,0,0,-2.32401326997206,0,31,59,475,2,1,0,871,171,19,11.5350797226968,1,0.545350172215844,0.162087912087912,0.302851182197497,0.455127695670116,0,60.4,91.4
2014,REG,00-0030116,,Kevin Dorsey,WR,WR,,1,GB,0,0,0,0,0,0,0,0,0,0,0,0,,0,,,0,0,0,0,0,0,,0,1,2,4,0,0,0,9,9,0,-0.659911247668788,0,0.444444444444444,0.0833333333333333,0.0775862068965517,0.179310344827586,0,0.4,1.4
2014,REG,00-0030117,K.Williams,Kerwynn Williams,RB,RB,"https://static.www.nfl.com/image/private/f_auto,q_auto/league/g8b72moacoymckyvl0ig",4,ARI,0,0,0,0,0,0,0,0,0,0,0,0,,0,,,53,246,0,1,0,11,-0.254587206163613,0,2,6,11,0,0,0,13,13,0,-5.46648749794592,0,0.846153846153846,0.0857142857142857,0.015990159901599,0.139764540502548,0,25.7,27.7
2014,REG,00-0030128,,Michael Cox,RB,RB,,2,NYG,0,0,0,0,0,0,0,0,0,0,0,0,,0,,,4,33,0,0,0,1,0.0054665286936188,0,2,3,9,0,0,0,-8,16,0,-1.51335424662102,0,-1.125,0.0697674418604651,-0.0252365930599369,0.0869855476487418,0,4.2,6.2
2014,REG,00-0030140,T.Way,Tress Way,P,SPEC,"https://static.www.nfl.com/image/private/f_auto,q_auto/league/mb64ugskbogtoljml7q0",1,WAS,0,0,0,0,0,0,0,0,0,0,0,0,,0,,,1,2,0,0,0,0,-2.84775292617269,0,0,0,0,0,0,0,0,0,0,,0,,,,,0,0.2,0.2
2014,REG,00-0030142,B.Wing,Brad Wing,P,SPEC,"https://static.www.nfl.com/image/private/f_auto,q_auto/league/breqxoaezzig1jriolcm",3,PIT,0,1,0,0,1,0,0,0,0,10,0,0,-2.11284523480572,1,0.0,,1,0,0,1,0,0,-4.44941981177544,0,0,0,0,0,0,0,0,0,0,,0,,,,,0,0.0,0.0
2014,REG,00-0030147,R.Shepard,Russell Shepard,WR,WR,"https://static.www.nfl.com/image/private/f_auto,q_auto/league/gk2saq7m1jxl90g9slks",4,TB,0,0,0,0,0,0,0,0,0,0,0,0,,0,,,0,0,0,0,0,0,,0,4,8,63,0,0,0,127,22,3,2.86565529293148,0,0.496062992125984,0.0683760683760684,0.097542242703533,0.170843672456576,0,6.3,10.3
2014,REG,00-0030154,F.Hammond,Frankie Hammond,WR,WR,"https://static.www.nfl.com/image/private/f_auto,q_auto/league/ltfmkyja5eaw30hmnw9w",7,KC,0,0,0,0,0,0,0,0,0,0,0,0,,0,,,0,0,0,0,0,0,,0,4,11,45,0,0,0,91,15,2,-0.812251823663246,0,0.494505494505495,0.0484581497797357,0.0722795869737887,0.123282935551256,0,4.5,8.5
2014,REG,00-0030155,D.Harris,Demetrius Harris,TE,TE,"https://static.www.nfl.com/image/private/f_auto,q_auto/league/nlajcnjlosuajmqswxvl",5,KC,0,0,0,0,0,0,0,0,0,0,0,0,,0,,,0,0,0,0,0,0,,0,3,5,20,0,0,0,27,4,1,-0.942858729278669,0,0.740740740740741,0.0316455696202532,0.0395894428152493,0.0751809644010542,0,2.0,5.0
2014,REG,00-0030181,J.Doyle,Jack Doyle,TE,TE,"https://static.www.nfl.com/image/private/f_auto,q_auto/league/h6abyvmg2g93llboizi6",10,IND,0,0,0,0,0,0,0,0,0,0,0,0,,0,,,0,0,0,0,0,0,,0,18,22,118,2,0,0,40,108,7,4.9428540591126,0,2.95,0.0592991913746631,0.0173837461973055,0.101117409400108,0,23.8,41.8
2014,REG,00-0030216,J.Hill,Josh Hill,TE,TE,"https://static.www.nfl.com/image/private/f_auto,q_auto/league/vdva7m1fxklv6gxbsg7q",12,NO,0,0,0,0,0,0,0,0,0,0,0,0,,0,,,0,0,0,0,0,0,,0,14,20,176,5,0,0,133,99,9,9.85704600540621,0,1.32330827067669,0.0417536534446764,0.0374226223972988,0.0888263158451238,0,47.6,61.6
2014,REG,00-0030247,G.Winn,George Winn,RB,RB,"https://static.www.nfl.com/image/private/f_auto,q_auto/league/bpqkhgre4v8qec7nnrov",5,DET,0,0,0,0,0,0,0,0,0,0,0,0,,0,,,19,73,0,0,0,4,-1.3746312155854,0,0,3,0,0,0,0,1,0,0,-3.00680927217533,0,0.0,0.04,0.0017889087656529,0.0612522361359571,0,7.3,7.3
2014,REG,00-0030279,K.Allen,Keenan Allen,WR,WR,"https://static.www.nfl.com/image/private/f_auto,q_auto/league/xs7h2igf85nta81v7zb8",14,LAC,0,0,0,0,0,0,0,0,0,0,0,0,,0,,,0,0,0,0,0,0,,0,77,121,783,4,1,1,1029,304,41,-11.4996003196475,0,0.760932944606414,0.252609603340292,0.260242792109256,0.561084359486918,0,100.3,177.3
2014,REG,00-0030280,K.Davis,Knile Davis,RB,RB,"https://static.www.nfl.com/image/private/f_auto,q_auto/league/iyq9jy1o5g05fdvqftez",15,KC,0,0,0,0,0,0,0,0,0,0,0,0,,0,,,134,463,6,3,2,23,-28.9835007582584,0,16,25,147,1,1,0,12,157,6,2.18041321792598,0,12.25,0.0618811881188119,0.0057831325301204,0.0968699749493022,1,105.0,121.0
2014,REG,00-0030282,,Stepfan Taylor,RB,RB,"https://static.www.nfl.com/image/private/f_auto,q_auto/league/lmm9nz05jrntbpuaveqc",12,ARI,0,0,0,0,0,0,0,0,0,0,0,0,,0,,,63,208,1,0,0,13,-8.61646822143669,1,11,15,79,3,0,0,32,65,5,5.52587609340674,0,2.46875,0.0510204081632653,0.0102008288173414,0.083671192417037,0,54.7,65.7
2014,REG,00-0030287,A.Ellington,Andre Ellington,RB,RB,"https://static.www.nfl.com/image/private/f_auto,q_auto/league/seb6k3tjdcgi8tqmzt2z",12,ARI,0,0,0,0,0,0,0,0,0,0,0,0,,0,,,201,660,3,2,2,27,-35.8486889499792,0,46,64,395,2,0,0,113,365,19,5.94738049249193,0,3.49557522123894,0.169312169312169,0.0332157554379777,0.277219282774838,0,131.5,177.5
2014,REG,00-0030288,R.Burkhead,Rex Burkhead,RB,RB,"https://static.www.nfl.com/image/private/f_auto,q_auto/league/ysgdnkasvp07qmrkasve",4,CIN,0,0,0,0,0,0,0,0,0,0,0,0,,0,,,9,27,1,0,0,1,0.0448812243412249,0,7,10,49,0,0,0,13,39,3,-2.50199469341896,0,3.76923076923077,0.111111111111111,0.01625,0.178041666666667,0,13.6,20.6
2014,REG,00-0030300,J.Brown,Jaron Brown,WR,WR,"https://static.www.nfl.com/image/private/f_auto,q_auto/league/y41u4egwigms9rg2p3ln",12,ARI,0,0,0,0,0,0,0,0,0,0,0,0,,0,,,0,0,0,0,0,0,,0,22,32,229,2,1,0,328,61,14,5.00768084805731,0,0.698170731707317,0.0745920745920746,0.0739404869251578,0.163646452735722,0,34.9,56.9
2014,REG,00-0030348,,Khiry Robinson,RB,RB,"https://static.www.nfl.com/image/private/f_auto,q_auto/league/voprwcuquojlvepcmzmh",9,NO,0,0,0,0,0,0,0,0,0,0,0,0,,0,,,76,362,3,1,1,23,-3.61386962680263,0,8,11,63,0,0,0,-22,86,2,1.37695436328067,0,-2.86363636363636,0.0421455938697318,-0.0104265402843602,0.0559198126055456,0,58.5,66.5
2014,REG,00-0030388,,Joseph Randle,RB,RB,"https://static.www.nfl.com/image/private/f_auto,q_auto/league/ok4rzlin9g6kxfr9lajx",14,DAL,0,0,0,0,0,0,0,0,0,0,0,0,,0,,,51,343,3,2,2,12,0.822281263303012,0,4,5,23,0,0,0,3,27,1,-4.57209666760173,0,7.66666666666667,0.0467289719626168,0.0027347310847766,0.0720077697032689,0,50.6,54.6
2014,REG,00-0030391,,Mike James,RB,RB,"https://static.www.nfl.com/image/private/f_auto,q_auto/league/wurn2arjq72gyjcyzgo9",5,TB,0,0,0,0,0,0,0,0,0,0,0,0,,0,,,19,37,0,0,0,4,-3.41594349008368,0,1,1,-5,0,0,0,-5,0,0,-1.3982746922411,0,1.0,0.0285714285714286,-0.0127226463104326,0.0339512904398401,0,3.2,4.2
2014,REG,00-0030400,M.Brown,Marlon Brown,WR,WR,"https://static.www.nfl.com/image/private/f_auto,q_auto/league/zdfywwd0yvsd6okfa5sr",13,BAL,0,0,0,0,0,0,0,0,0,0,0,0,,0,,,0,0,0,0,0,0,,0,24,31,255,0,0,0,308,98,16,10.6994079311369,0,0.827922077922078,0.0672451193058568,0.0781527531083482,0.155574606134629,0,25.5,49.5
2014,REG,00-0030404,C.Thompson,Chris Thompson,RB,RB,"https://static.www.nfl.com/image/private/f_auto,q_auto/league/ypyldro2efcy5jcrytft",2,WAS,0,0,0,0,0,0,0,0,0,0,0,0,,0,,,3,12,0,0,0,0,0.0321119619184174,0,6,7,27,1,0,0,-6,36,2,0.903772431542166,0,-4.5,0.12280701754386,-0.0131868131868132,0.17497975708502,0,9.9,15.9
2014,REG,00-0030419,M.McGloin,Matt McGloin,QB,QB,"https://static.www.nfl.com/image/private/f_auto,q_auto/league/zwrox2g1yauaa1csdhrw",1,LV,12,19,129,1,2,1,8,0,0,172,58,6,-11.4962645955384,0,0.75,0.0434161252893796,2,3,0,0,0,1,-9.76387852744665,0,0,0,0,0,0,0,0,0,0,,0,,,,,0,5.46,5.46
2014,REG,00-0030422,D.Sims,Dion Sims,TE,TE,"https://static.www.nfl.com/image/private/f_auto,q_auto/league/gvok1agdl3xtz9nceqfr",14,MIA,0,0,0,0,0,0,0,0,0,0,0,0,,0,,,0,0,0,0,0,0,,0,24,36,284,2,0,0,296,111,13,10.2046969523653,0,0.959459459459459,0.0696324951644101,0.0738154613466334,0.156119565689258,0,40.4,64.4
2014,REG,00-0030431,R.Woods,Robert Woods,WR,WR,"https://static.www.nfl.com/image/upload/f_auto,q_auto/league/owppysuai4ipxu5d27nu",16,BUF,0,0,0,0,0,0,0,0,0,0,0,0,,0,,,0,0,0,0,0,0,,0,65,104,699,5,1,1,976,198,35,8.24406747392167,1,0.716188524590164,0.181818181818182,0.236434108527132,0.438231148696265,0,99.9,164.9
2014,REG,00-0030432,C.Michael,Christine Michael,RB,RB,"https://static.www.nfl.com/image/private/f_auto,q_auto/league/qlysbozgkexeoohnqrvz",10,SEA,0,0,0,0,0,0,0,0,0,0,0,0,,0,,,34,175,0,1,0,11,2.1647497677186,0,1,2,12,0,0,0,9,18,0,0.531915633007884,0,1.33333333333333,0.0444444444444444,0.0207373271889401,0.0811827956989247,0,18.7,19.7
2014,REG,00-0030443,L.Toilolo,Levine Toilolo,TE,TE,"https://static.www.nfl.com/image/private/f_auto,q_auto/league/w6qnlfw0cuxest48srd0",15,ATL,0,0,0,0,0,0,0,0,0,0,0,0,,0,,,0,0,0,0,0,0,,0,31,53,238,2,1,1,285,100,15,-2.00904171107113,0,0.835087719298246,0.0893760539629005,0.0618758141554494,0.177377150853165,0,33.8,64.8
2014,REG,00-0030450,,Quinton Patton,WR,WR,,3,SF,0,0,0,0,0,0,0,0,0,0,0,0,,0,,,1,20,0,1,1,0,-2.9042357574217,0,3,8,44,0,0,0,121,0,1,-2.71423306205543,0,0.363636363636364,0.0963855421686747,0.163292847503374,0.258883306505374,0,4.4,7.4
2014,REG,00-0030456,G.Bernard,Giovani Bernard,RB,RB,"https://static.www.nfl.com/image/private/f_auto,q_auto/league/guht9y14gftgsugb87xz",13,CIN,0,0,0,0,0,0,0,0,0,0,0,0,,0,,,168,680,5,0,0,32,-11.8976539654568,0,43,59,349,2,0,0,10,362,13,-2.26580194121436,0,34.9,0.146401985111663,0.0032776138970829,0.221897307395452,0,144.9,187.9
2014,REG,00-0030460,M.Wheaton,Markus Wheaton,WR,WR,"https://static.www.nfl.com/image/private/f_auto,q_auto/league/hd28smxn43jzwkdikpd0",16,PIT,0,0,0,0,0,0,0,0,0,0,0,0,,0,,,4,19,0,0,0,1,-0.844056145986542,0,53,86,644,2,0,0,1080,157,33,10.961484573619,0,0.596296296296296,0.143094841930116,0.206975852817171,0.359525359867195,0,78.3,131.3
2014,REG,00-0030466,,Justin Brown,WR,WR,,6,PIT,0,0,0,0,0,0,0,0,0,0,0,0,,0,,,0,0,0,0,0,0,,0,12,21,94,0,1,1,181,22,4,-8.09872213372491,0,0.519337016574586,0.0972222222222222,0.102899374644684,0.217862895584612,0,7.4,19.4
2014,REG,00-0030470,V.McDonald,Vance McDonald,TE,TE,"https://static.www.nfl.com/image/private/f_auto,q_auto/league/apafzol1dcqu56cqotv9",4,SF,0,0,0,0,0,0,0,0,0,0,0,0,,0,,,0,0,0,0,0,0,,0,2,8,30,0,1,1,77,26,0,-11.455535768661,0,0.38961038961039,0.064,0.0572065378900446,0.136044576523031,0,1.0,3.0
2014,REG,00-0030472,J.Reed,Jordan Reed,TE,TE,"https://static.www.nfl.com/image/private/f_auto,q_auto/league/jur0qgejd3lzv8flmxcq",11,WAS,0,0,0,0,0,0,0,0,0,0,0,0,,0,,,0,0,0,0,0,0,,0,50,65,465,0,1,1,272,284,23,3.13144540600526,0,1.70955882352941,0.175202156334232,0.108452950558214,0.338720299892097,0,44.5,94.5
2014,REG,00-0030485,E.Lacy,Eddie Lacy,RB,RB,"https://static.www.nfl.com/image/private/f_auto,q_auto/league/ckn4luxcj2oc2c24fh7i",16,GB,0,0,0,0,0,0,0,0,0,0,0,0,,0,,,246,1139,9,3,2,58,-21.6495802950928,0,42,55,427,4,0,0,-13,432,17,21.948254012665,0,-32.8461538461539,0.112244897959184,-0.003475935828877,0.165934191858562,0,230.6,272.6
2014,REG,00-0030486,B.Schwenke,Brian Schwenke,C,OL,"https://static.www.nfl.com/image/private/f_auto,q_auto/league/swc134obyt0q7uxuhfbd",1,TEN,0,0,0,0,0,0,0,0,0,0,0,0,,0,,,0,0,0,0,0,0,,0,1,1,6,0,1,1,-2,8,0,-2.73963730945252,0,0.0,0.0263157894736842,-0.00625,0.0350986842105263,0,-1.4,-0.4
2014,REG,00-0030496,L.Bell,Le'Veon Bell,RB,RB,"https://static.www.nfl.com/image/private/f_auto,q_auto/league/sm3ij3pcby5ciqwaaqa1",16,PIT,0,0,0,0,0,0,0,0,0,0,0,0,,0,,,290,1361,8,0,0,73,4.94343580766624,0,83,105,854,3,0,0,108,816,41,36.035734358414,0,7.90740740740741,0.174708818635607,0.0206975852817171,0.276551537650613,0,287.5,370.5
2014,REG,00-0030506,T.Kelce,Travis Kelce,TE,TE,"https://static.www.nfl.com/image/private/f_auto,q_auto/league/ryzr3vbragwe50vtj9af",16,KC,0,0,0,0,0,0,0,0,0,0,0,0,,0,,,0,0,0,0,0,0,,0,67,87,862,5,4,3,523,479,45,49.1860854000552,0,1.64818355640535,0.179381443298969,0.182039679777236,0.396499940792519,0,110.2,177.2
2014,REG,00-0030513,L.Murray,Latavius Murray,RB,RB,"https://static.www.nfl.com/image/private/f_auto,q_auto/league/zepm7ghltyeqydn0qxcg",10,LV,0,0,0,0,0,0,0,0,0,0,0,0,,0,,,82,424,2,1,0,18,0.191662539062091,0,17,23,143,0,0,0,15,153,3,-2.43735690004675,0,9.53333333333333,0.0845588235294118,0.0066964285714285,0.131525735294118,0,68.7,85.7
2014,REG,00-0030514,M.Rivera,Mychal Rivera,TE,TE,"https://static.www.nfl.com/image/private/f_auto,q_auto/league/nnbvmfg9qugawrxv2qyt",16,LV,0,0,0,0,0,0,0,0,0,0,0,0,,0,,,0,0,0,0,0,0,,0,58,99,534,4,3,1,815,171,29,-12.7194807691561,0,0.65521472392638,0.159935379644588,0.16494636713216,0.355365526459394,0,75.4,133.4
2014,REG,00-0030516,B.Butler,Brice Butler,WR,WR,"https://static.www.nfl.com/image/private/f_auto,q_auto/league/xnr2lcdlhui4vyu6z4ir",14,LV,0,0,0,0,0,0,0,0,0,0,0,0,,0,,,0,0,0,0,0,0,,0,21,36,280,2,0,0,429,83,14,7.37474395125173,0,0.652680652680653,0.0649819494584838,0.102240228789323,0.169041084340252,1,46.0,67.0
2014,REG,00-0030520,M.Glennon,Mike Glennon,QB,QB,"https://static.www.nfl.com/image/private/f_auto,q_auto/league/mubobrjbeudtezxv0t0p",6,TB,117,203,1417,10,6,16,91,1,0,2206,416,64,-0.537375662410693,0,0.64233907524932,0.0427411059791381,10,49,0,1,0,3,-5.7042083997178,0,0,0,0,0,0,0,0,0,0,,0,,,,,0,89.58,89.58
2014,REG,00-0030521,J.Hunter,Justin Hunter,WR,WR,"https://static.www.nfl.com/image/private/f_auto,q_auto/league/jwfx9spolez2cofb3kvq",12,TEN,0,0,0,0,0,0,0,0,0,0,0,0,,0,,,0,0,0,0,0,0,,0,28,67,498,3,0,0,1048,178,20,-5.62907412773499,0,0.475190839694657,0.18010752688172,0.291515994436718,0.474222486428283,0,67.8,95.8
2014,REG,00-0030522,,Montee Ball,RB,RB,,5,DEN,0,0,0,0,0,0,0,0,0,0,0,0,,0,,,55,172,1,1,1,9,-9.98435518171755,0,9,13,62,0,0,0,18,52,2,-8.12818916872493,0,3.44444444444444,0.0616113744075829,0.009972299168975,0.0993976710296569,0,27.4,36.4
2014,REG,00-0030525,T.Austin,Tavon Austin,WR,WR,"https://static.www.nfl.com/image/private/f_auto,q_auto/league/ulagxqgjnrft4wub0gus",15,LA,0,0,0,0,0,0,0,0,0,0,0,0,,0,,,36,224,2,0,0,11,8.92187887866749,0,31,44,242,0,0,0,173,169,12,-9.79835121604265,0,1.39884393063584,0.0948275862068965,0.0450873077925463,0.173802494765127,1,64.6,95.6
2014,REG,00-0030526,E.Manuel,EJ Manuel,QB,QB,"https://static.www.nfl.com/image/private/f_auto,q_auto/league/day0kzescuwievdhlacd",4,BUF,76,131,838,5,3,6,44,1,0,973,536,39,-14.6926009472467,0,0.86125385405961,0.005567678730826,16,52,1,0,0,2,-4.78779566675526,0,0,0,0,0,0,0,0,0,0,,0,,,,,0,58.72,58.72
2014,REG,00-0030532,,Stedman Bailey,WR,WR,,13,LA,0,0,0,0,0,0,0,0,0,0,0,0,,0,,,1,13,0,0,0,1,0.794107021763921,0,30,46,435,1,0,0,526,182,19,24.776861432858,0,0.826996197718631,0.121693121693122,0.168589743589744,0.300552503052503,1,56.8,86.8
2014,REG,00-0030533,M.Barkley,Matt Barkley,QB,QB,"https://static.www.nfl.com/image/private/f_auto,q_auto/league/ejvscebj0ufugx5vrouq",1,PHI,0,1,0,0,0,0,0,0,0,4,0,0,-1.17992095369846,0,0.0,,3,0,0,0,0,0,0.0,0,0,0,0,0,0,0,0,0,0,,0,,,,,0,0.0,0.0
2014,REG,00-0030536,,Zac Stacy,RB,RB,"https://static.www.nfl.com/image/private/f_auto,q_auto/league/oo0cmp2wjrwqz3arii0f",9,LA,0,0,0,0,0,0,0,0,0,0,0,0,,0,,,76,293,1,2,2,13,-18.1645937612564,0,18,23,152,0,0,0,-8,157,9,-3.14230455592042,0,-19.0,0.101769911504425,-0.0039331366764995,0.149901671583088,0,46.5,64.5
2014,REG,00-0030540,A.Dobson,Aaron Dobson,WR,WR,"https://static.www.nfl.com/image/private/f_auto,q_auto/league/es1l8zn20xgfxqh8ophi",4,NE,0,0,0,0,0,0,0,0,0,0,0,0,,0,,,0,0,0,0,0,0,,0,3,5,38,0,0,0,54,21,2,1.59550339821726,0,0.703703703703704,0.0393700787401575,0.0489130434782609,0.0932942485450188,0,3.8,6.8
2014,REG,00-0030542,T.Williams,Terrance Williams,WR,WR,"https://static.www.nfl.com/image/private/f_auto,q_auto/league/emdrh1uwgitgnw1wytiv",15,DAL,0,0,0,0,0,0,0,0,0,0,0,0,,0,,,0,0,0,0,0,0,,0,37,65,621,8,0,0,1028,110,30,29.108838944842,0,0.604085603112841,0.146067415730337,0.253639279546015,0.396648619277716,0,110.1,147.1
2014,REG,00-0030544,G.Escobar,Gavin Escobar,TE,TE,"https://static.www.nfl.com/image/private/f_auto,q_auto/league/zpne5eocfe1wlkabs4gq",10,DAL,0,0,0,0,0,0,0,0,0,0,0,0,,0,,,0,0,0,0,0,0,,0,9,13,105,4,0,0,98,22,7,12.7368183690845,0,1.07142857142857,0.0454545454545455,0.0374904361132364,0.0944251234610837,0,34.5,43.5
2014,REG,00-0030547,,Denard Robinson,RB,RB,"https://static.www.nfl.com/image/private/f_auto,q_auto/league/qxucqizbxstsxgtv0jpn",13,JAX,0,1,0,0,0,0,0,0,0,1,0,0,-1.75463089696132,0,0.0,,135,582,4,2,2,23,-18.9708529554708,0,23,31,124,0,0,0,-82,201,6,-3.51192067278316,0,-1.51219512195122,0.0681318681318681,-0.027215399933621,0.0831470222442675,0,90.6,113.6
2014,REG,00-0030549,T.Eifert,Tyler Eifert,TE,TE,"https://static.www.nfl.com/image/private/f_auto,q_auto/league/sextvbehmeu7ydutxtsu",1,CIN,0,0,0,0,0,0,0,0,0,0,0,0,,0,,,0,0,0,0,0,0,,0,3,3,37,0,0,0,29,8,2,1.6458177029136,0,1.27586206896552,0.0789473684210526,0.110687022900763,0.195901968662113,0,3.7,6.7
2014,REG,00-0030550,,Ace Sanders,WR,WR,,6,JAX,0,0,0,0,0,0,0,0,0,0,0,0,,0,,,0,0,0,0,0,0,,0,6,7,55,0,0,0,26,24,1,-0.949935565760825,0,2.11538461538462,0.0315315315315315,0.0173333333333333,0.0594306306306306,0,5.5,11.5
2014,REG,00-0030564,D.Hopkins,DeAndre Hopkins,WR,WR,"https://static.www.nfl.com/image/upload/f_auto,q_auto/league/jgatj8mtftu06pegapip",16,HOU,0,0,0,0,0,0,0,0,0,0,0,0,,0,,,0,0,0,0,0,0,,0,76,127,1210,6,2,1,1642,373,57,36.4734367001495,0,0.736906211936663,0.264583333333333,0.411425707842646,0.684872995489852,0,155.0,231.0
2014,REG,00-0030565,G.Smith,Geno Smith,QB,QB,"https://static.www.nfl.com/image/private/f_auto,q_auto/league/bxp32udtvwnpu3rl2cht",14,NYJ,219,367,2525,13,13,28,175,3,1,3008,1206,118,-11.4634121496379,0,0.839428191489362,0.0378267798900463,59,238,1,5,2,17,-9.13947991471661,0,0,1,0,0,0,0,0,0,0,-1.32061038034407,0,,0.037037037037037,,,0,150.8,150.8
2014,REG,00-0030578,C.Patterson,Cordarrelle Patterson,RB,RB,"https://static.www.nfl.com/image/private/f_auto,q_auto/league/gy2bb38cns4nxypehbqi",16,MIN,0,0,0,0,0,0,0,0,0,0,0,0,,0,,,10,117,1,0,0,4,4.6834833418252,0,33,67,384,1,0,0,651,159,20,-20.7189023663922,0,0.589861751152074,0.13871635610766,0.177577741407529,0.332378953146761,0,62.1,95.1
2014,REG,00-0030586,R.Nassib,Ryan Nassib,QB,QB,"https://static.www.nfl.com/image/private/f_auto,q_auto/league/mwpobkoqx8dcyv4yin6n",2,NYG,4,5,60,0,0,2,11,1,0,19,43,2,-1.28099066950381,0,3.15789473684211,0.11252224787239,2,-3,0,0,0,0,0.0,0,0,0,0,0,0,0,0,0,0,,0,,,,,0,2.1,2.1
2014,REG,00-0030647,,Jordan Thompson,TE,TE,,1,DET,0,0,0,0,0,0,0,0,0,0,0,0,,0,,,0,0,0,0,0,0,,0,0,1,0,0,0,0,7,0,0,-7.48746152280364,0,0.0,0.025,0.027027027027027,0.0564189189189189,0,0.0,0.0
2014,REG,00-0030650,D.McDonald,Dewey McDonald,LB,LB,"https://static.www.nfl.com/image/private/f_auto,q_auto/league/fqi1y0yraftyqmhmu1s9",1,IND,0,0,0,0,0,0,0,0,0,0,0,0,,0,,,0,0,0,0,0,0,,0,0,1,0,0,0,0,16,0,0,-2.49500997137511,0,0.0,0.0227272727272727,0.0601503759398496,0.0761961722488038,0,0.0,0.0
2014,REG,00-0030653,,Ray Agnew,RB,RB,,9,CLE,0,0,0,0,0,0,0,0,0,0,0,0,,0,,,2,2,0,0,0,1,0.198925852862885,0,3,9,15,0,0,0,41,10,1,-3.69098739192123,0,0.365853658536585,0.0342205323193916,0.0204386839481555,0.0656378772427963,0,1.7,4.7
2014,REG,00-0030656,I.Crowell,Isaiah Crowell,RB,RB,"https://static.www.nfl.com/image/private/f_auto,q_auto/league/oruiw5myfimtssv6j2ar",15,CLE,0,0,0,0,0,0,0,0,0,0,0,0,,0,,,148,607,8,3,2,34,-9.99037693889113,0,9,14,87,0,0,0,33,68,4,-1.2229799804627,0,2.63636363636364,0.0576131687242798,0.01528485409912,0.0971191509558037,0,113.4,122.4
2014,REG,00-0030661,C.Shaw,Connor Shaw,QB,QB,"https://static.www.nfl.com/image/private/f_auto,q_auto/league/wni9fjikvlbolbnhmcbw",1,CLE,14,28,177,0,1,4,27,0,0,250,117,10,-1.81277436999723,0,0.708,-0.0477121074531512,7,9,0,1,1,1,-5.79909181082621,0,0,0,0,0,0,0,0,0,0,,0,,,,,0,3.98,3.98
2014,REG,00-0030668,C.West,Charcandrick West,RB,RB,"https://static.www.nfl.com/image/private/f_auto,q_auto/league/ccvw7oos9bzr4ojdiuac",1,KC,0,0,0,0,0,0,0,0,0,0,0,0,,0,,,0,0,0,0,0,0,,0,0,1,0,0,0,0,2,0,0,-1.44806514540687,0,0.0,0.032258064516129,0.0079365079365079,0.0539426523297491,0,0.0,0.0
2014,REG,00-0030669,A.Wilson,Albert Wilson,WR,WR,"https://static.www.nfl.com/image/private/f_auto,q_auto/league/slythouwdcrug0poiios",7,KC,0,0,0,0,0,0,0,0,0,0,0,0,,0,,,0,0,0,0,0,0,,0,16,28,260,0,0,0,264,119,12,5.74297441548233,0,0.984848484848485,0.119148936170213,0.198645598194131,0.317775322991211,0,26.0,42.0
2014,REG,00-0030671,I.Burse,Isaiah Burse,WR,WR,"https://static.www.nfl.com/image/private/f_auto,q_auto/league/bjzajklr8jusc5v60vzl",1,DEN,0,0,0,0,0,0,0,0,0,0,0,0,,0,,,0,0,0,0,0,0,,0,0,1,0,0,0,0,20,0,0,-0.888791702920571,0,0.0,0.037037037037037,0.0816326530612245,0.112698412698413,0,0.0,0.0
2014,REG,00-0030705,J.Thompson,Juwan Thompson,RB,RB,"https://static.www.nfl.com/image/private/f_auto,q_auto/league/x1gerktg0cgy6em36vgl",12,DEN,0,0,0,0,0,0,0,0,0,0,0,0,,0,,,54,272,3,1,0,17,9.18308431259356,0,4,7,25,0,0,0,-3,21,0,-2.71377378138065,0,-8.33333333333333,0.0289256198347107,-0.0017045454545454,0.0421952479338843,0,47.7,51.7
2014,REG,00-0030710,T.Burton,Trey Burton,TE,TE,"https://static.www.nfl.com/image/private/f_auto,q_auto/league/vt2ce0szit4ozyh5s5iw",2,PHI,0,0,0,0,0,0,0,0,0,0,0,0,,0,,,5,10,0,0,0,0,-2.69039378577145,0,0,0,0,0,0,0,0,0,0,,0,,,,,1,7.0,7.0
2014,REG,00-0030737,F.Martino,Freddie Martino,WR,WR,"https://static.www.nfl.com/image/private/f_auto,q_auto/league/ztiguqllxmcbjynsqwn9",1,ATL,0,0,0,0,0,0,0,0,0,0,0,0,,0,,,0,0,0,0,0,0,,0,0,1,0,0,0,0,9,0,0,-0.40847399039194,0,0.0,0.0227272727272727,0.0314685314685315,0.0561188811188811,0,0.0,0.0
2014,REG,00-0030780,R.Hewitt,Ryan Hewitt,TE,TE,"https://static.www.nfl.com/image/private/f_auto,q_auto/league/egbpiaml7idnpcxa1x8q",6,CIN,0,0,0,0,0,0,0,0,0,0,0,0,,0,,,1,0,0,0,0,0,-0.389274341636337,0,10,15,86,0,0,0,81,57,3,-0.319634004612453,0,1.06172839506173,0.0867052023121387,0.0586956521739131,0.171144759989947,0,8.6,18.6
2014,REG,00-0030789,,Antonio Andrews,RB,RB,"https://static.www.nfl.com/image/private/f_auto,q_auto/league/wwy4g14dflaelkretfzv",1,TEN,0,0,0,0,0,0,0,0,0,0,0,0,,0,,,0,0,0,0,0,0,,0,2,2,11,0,0,0,2,9,0,0.132914773945231,0,5.5,0.0666666666666667,0.0082304526748971,0.105761316872428,0,1.1,3.1
2014,REG,00-0030806,,Nic Jacobs,TE,TE,,3,JAX,0,0,0,0,0,0,0,0,0,0,0,0,,0,,,0,0,0,0,0,0,,0,2,3,16,1,0,0,21,4,2,-7.5435027643689,0,0.761904761904762,0.0280373831775701,0.029045643153527,0.062388024973824,0,7.6,9.6
2014,REG,00-0030821,A.Hurns,Allen Hurns,WR,WR,"https://static.www.nfl.com/image/private/f_auto,q_auto/league/ficrwzwu4bfswpzu61fv",16,JAX,0,0,0,0,0,0,0,0,0,0,0,0,,0,,,0,0,0,0,0,0,,0,51,97,677,6,0,0,1051,205,26,-6.29551346706528,0,0.644148430066603,0.175406871609403,0.26111801242236,0.445892916109757,0,103.7,154.7
2014,REG,00-0030822,,Marcel Jensen,TE,TE,,1,JAX,0,0,0,0,0,0,0,0,0,0,0,0,,0,,,0,0,0,0,0,0,,0,1,1,8,0,0,0,5,3,0,-0.4925694570411,0,1.6,0.032258064516129,0.0181159420289855,0.0610682561944834,0,0.8,1.8
2014,REG,00-0030832,A.Cleveland,Asante Cleveland,TE,TE,"https://static.www.nfl.com/image/private/f_auto,q_auto/league/jla4z1dsbqt6t2khi1t1",1,SF,0,0,0,0,0,0,0,0,0,0,0,0,,0,,,0,0,0,0,0,0,,0,0,1,0,0,0,0,4,0,0,-1.57219137996435,0,0.0,0.0526315789473684,0.0307692307692308,0.100485829959514,0,0.0,0.0
2014,REG,00-0030839,,Solomon Patton,WR,WR,,1,TB,0,0,0,0,0,0,0,0,0,0,0,0,,0,,,1,19,0,0,0,1,1.15462353033945,0,0,0,0,0,0,0,0,0,0,,0,,,,,0,1.9,1.9
2014,REG,00-0030855,,Zurlon Tipton,RB,RB,"https://static.www.nfl.com/image/private/f_auto,q_auto/league/d2zoqlarp9qvyvlmcxih",2,IND,0,0,0,0,0,0,0,0,0,0,0,0,,0,,,10,18,0,0,0,0,-6.66557742032455,0,6,6,68,1,0,0,-4,72,5,4.35413764650002,0,-17.0,0.0759493670886076,-0.0074487895716946,0.108709897932725,0,14.6,20.6
2014,REG,00-0030860,O.Darkwa,Orleans Darkwa,RB,RB,"https://static.www.nfl.com/image/private/f_auto,q_auto/league/tumagun0uid3uujm4kkg",4,NYG,0,0,0,0,0,0,0,0,0,0,0,0,,0,,,9,23,1,0,0,1,-5.37032220320543,0,5,6,48,0,0,0,1,41,2,2.50101377937244,0,48.0,0.0487804878048781,0.0010152284263959,0.0738813916057942,0,13.1,18.1
2014,REG,00-0030865,,Gator Hoskins,TE,TE,,4,MIA,0,0,0,0,0,0,0,0,0,0,0,0,,0,,,0,0,0,0,0,0,,0,3,4,21,0,0,0,14,12,2,-4.55005895305658,0,1.5,0.027972027972028,0.0165094339622642,0.0535146457316269,0,2.1,5.1
2014,REG,00-0030874,D.Williams,Damien Williams,RB,RB,"https://static.www.nfl.com/image/private/f_auto,q_auto/league/ga4vusnfwfvhp2ksqw7x",12,MIA,0,0,0,0,0,0,0,0,0,0,0,0,,0,,,36,122,0,0,0,6,-7.34293446457014,0,21,27,187,1,0,0,80,151,13,9.96750534809234,0,2.3375,0.0787172011661808,0.029940119760479,0.139033885581606,0,36.9,57.9
2014,REG,00-0030897,C.Washington,Corey Washington,WR,WR,"https://static.www.nfl.com/image/private/f_auto,q_auto/league/ce8tzaiv0phol3srwykf",3,NYG,0,0,0,0,0,0,0,0,0,0,0,0,,0,,,0,0,0,0,0,0,,0,5,8,52,1,0,0,64,14,4,3.17220874023042,0,0.8125,0.0689655172413793,0.0668058455114822,0.150212367720107,0,11.2,16.2
2014,REG,00-0030985,,Trey Watts,RB,RB,"https://static.www.nfl.com/image/private/f_auto,q_auto/league/dme8ddvrfgpnq53ywdzg",4,LA,0,0,0,0,0,0,0,0,0,0,0,0,,0,,,7,30,0,0,0,2,-0.48049433180131,0,3,4,18,0,0,0,8,15,2,0.143335265252972,0,2.25,0.0430107526881721,0.0117994100294985,0.072775716052907,0,4.8,7.8
2014,REG,00-0030990,J.Huff,Josh Huff,WR,WR,"https://static.www.nfl.com/image/private/f_auto,q_auto/league/fbihlh4lbx3xco7v75yg",10,PHI,0,0,0,0,0,0,0,0,0,0,0,0,,0,,,1,7,0,0,0,1,-0.155208116164431,0,8,18,98,0,1,1,182,77,4,-14.3207026571617,0,0.538461538461538,0.0588235294117647,0.0663023679417122,0.134646951676846,1,14.5,22.5
2014,REG,00-0030992,C.Gillmore,Crockett Gillmore,TE,TE,"https://static.www.nfl.com/image/private/f_auto,q_auto/league/wdnss99dxs771hd8ifpn",9,BAL,0,0,0,0,0,0,0,0,0,0,0,0,,0,,,0,0,0,0,0,0,,0,10,15,121,1,0,0,88,59,8,0.870298022520728,0,1.375,0.05,0.0315751704341586,0.097102619303911,0,18.1,28.1
2014,REG,00-0030999,,Marion Grice,RB,RB,,6,ARI,0,1,0,0,0,0,0,0,0,15,0,0,-0.444401080196258,0,0.0,,15,41,1,0,0,3,-1.16167325680726,0,7,11,29,0,0,0,1,41,3,-7.72758052835997,0,29.0,0.0666666666666667,0.0005246589716684,0.100367261280168,0,13.0,20.0
2014,REG,00-0031001,J.Janis,Jeff Janis,WR,WR,"https://static.www.nfl.com/image/private/f_auto,q_auto/league/fldhv9nvnmafss3r9tn2",1,GB,0,0,0,0,0,0,0,0,0,0,0,0,,0,,,0,0,0,0,0,0,,0,2,2,16,0,0,0,15,1,2,2.60051927017048,0,1.06666666666667,0.0909090909090909,0.0614754098360656,0.179396423248882,0,1.6,3.6
2014,REG,00-0031008,,Silas Redd,RB,RB,,6,WAS,0,0,0,0,0,0,0,0,0,0,0,0,,0,,,16,75,1,1,0,6,2.37217166693881,0,8,10,107,0,0,0,7,103,5,5.57500947557855,0,15.2857142857143,0.0980392156862745,0.0187667560321716,0.160195552751932,0,24.2,32.2
2014,REG,00-0031025,M.Campanaro,Michael Campanaro,WR,WR,"https://static.www.nfl.com/image/private/f_auto,q_auto/league/zpr9fkukakcfyfefypf7",4,BAL,0,0,0,0,0,0,0,0,0,0,0,0,,0,,,0,0,0,0,0,0,,0,7,9,102,1,0,0,83,35,5,9.0487581752268,0,1.2289156626506,0.075,0.0676446617766911,0.159851263243684,0,16.2,23.2
2014,REG,00-0031042,J.Amaro,Jace Amaro,TE,TE,"https://static.www.nfl.com/image/private/f_auto,q_auto/league/i68ljijl5jzg6tg8755p",13,NYJ,0,0,0,0,0,0,0,0,0,0,0,0,,0,,,0,0,0,0,0,0,,0,38,53,345,2,1,0,360,167,20,11.9636311416468,0,0.958333333333333,0.131188118811881,0.1040763226366,0.269635604063442,0,46.5,84.5
2014,REG,00-0031044,T.Niklas,Troy Niklas,TE,TE,"https://static.www.nfl.com/image/private/f_auto,q_auto/league/cfkufqkxuqf9htsyqfxj",3,ARI,0,0,0,0,0,0,0,0,0,0,0,0,,0,,,0,0,0,0,0,0,,0,3,3,38,0,0,0,20,18,2,2.79119628854096,0,1.9,0.0297029702970297,0.0186046511627907,0.057577711259498,0,3.8,6.8
2014,REG,00-0031045,C.Hyde,Carlos Hyde,RB,RB,"https://static.www.nfl.com/image/private/f_auto,q_auto/league/qpmv42ldpkpdf1gpgeua",14,SF,0,0,0,0,0,0,0,0,0,0,0,0,,0,,,83,333,4,1,1,16,-11.2440000223019,0,12,16,68,0,0,0,5,65,3,-4.54162452796746,0,13.6,0.0483383685800604,0.0015713387806411,0.0736074900165394,0,62.1,74.1
2014,REG,00-0031051,J.Brown,John Brown,WR,WR,"https://static.www.nfl.com/image/private/f_auto,q_auto/league/xwyc2a0qfdxbbct6lso6",16,ARI,0,0,0,0,0,0,0,0,0,0,0,0,,0,,,3,-6,0,0,0,0,-3.26064056809992,0,48,103,696,5,0,0,1528,180,31,1.47299069212885,0,0.455497382198953,0.183600713012478,0.258457374830853,0.456321231900313,0,99.0,147.0
2014,REG,00-0031053,,Jalen Saunders,WR,WR,,1,NO,0,0,0,0,0,0,0,0,0,0,0,0,,0,,,0,0,0,0,0,0,,0,1,1,7,0,0,0,4,3,0,0.171853575389832,0,1.75,0.0222222222222222,0.009685230024213,0.0401129943502825,0,0.7,1.7
2014,REG,00-0031055,A.Williams,Andre Williams,RB,RB,"https://static.www.nfl.com/image/private/f_auto,q_auto/league/bkjjrp3sdtq2ubuzywyd",16,NYG,0,0,0,0,0,0,0,0,0,0,0,0,,0,,,217,721,7,1,0,30,-34.8196915534209,0,18,37,130,0,0,0,-22,147,6,-6.51977494565654,0,-5.90909090909091,0.0681399631675875,-0.0064896755162241,0.0976671718900243,0,127.1,145.1
2014,REG,00-0031057,K.Carey,Ka'Deem Carey,RB,RB,"https://static.www.nfl.com/image/private/f_auto,q_auto/league/hxertoawlphk8ljtylct",10,CHI,0,0,0,0,0,0,0,0,0,0,0,0,,0,,,36,158,0,0,0,11,-2.23806310084183,0,5,6,57,0,0,0,18,43,2,1.91695027094102,0,3.16666666666667,0.0410958904109589,0.017458777885548,0.073864980136322,0,21.5,26.5
2014,REG,00-0031060,D.Thomas,De'Anthony Thomas,WR,WR,"https://static.www.nfl.com/image/private/f_auto,q_auto/league/ubevvtu8f1snobsxnnwl",12,KC,0,0,0,0,0,0,0,0,0,0,0,0,,0,,,14,113,1,0,0,4,6.20511106582126,0,23,31,156,0,0,0,14,169,7,1.6381924100864,0,11.1428571428571,0.102649006622517,0.0089171974522293,0.160215548150335,1,38.9,61.9
2014,REG,00-0031062,J.White,James White,RB,RB,"https://static.www.nfl.com/image/private/f_auto,q_auto/league/z1nnkmnstccnqya5d5ee",3,NE,0,0,0,0,0,0,0,0,0,0,0,0,,0,,,9,38,0,0,0,1,-1.60331679676892,0,5,5,23,0,0,0,-1,24,1,0.229120665346272,0,-23.0,0.0806451612903226,-0.0020408163265306,0.119539170506912,0,6.1,11.1
2014,REG,00-0031064,T.Savage,Tom Savage,QB,QB,"https://static.www.nfl.com/image/private/f_auto,q_auto/league/ovqvn8ei0thwn7si83n8",2,HOU,10,19,127,0,1,1,5,0,0,222,33,6,-2.21830215863884,0,0.572072072072072,-0.0002856641078748,6,-6,0,2,1,0,-10.2503900208976,0,0,0,0,0,0,0,0,0,0,,0,,,,,0,0.48,0.48
2014,REG,00-0031066,L.Taliaferro,Lorenzo Taliaferro,RB,RB,"https://static.www.nfl.com/image/private/f_auto,q_auto/league/kuwhpbnxob4eht6fndqh",10,BAL,0,0,0,0,0,0,0,0,0,0,0,0,,0,,,68,292,4,1,1,17,-7.43128518104807,0,8,10,114,0,0,0,39,94,4,1.92246328223188,0,2.92307692307692,0.0512820512820513,0.0246056782334385,0.0941470516864839,0,62.6,70.6
2014,REG,00-0031068,R.Grant,Ryan Grant,WR,WR,"https://static.www.nfl.com/image/private/f_auto,q_auto/league/im7fnk7uti759btkrdok",5,WAS,0,0,0,0,0,0,0,0,0,0,0,0,,0,,,0,0,0,0,0,0,,0,7,15,68,0,0,0,170,23,4,-7.6116324760369,0,0.4,0.077319587628866,0.105263157894737,0.189663591969615,0,6.8,13.8
2014,REG,00-0031075,A.Blue,Alfred Blue,RB,RB,"https://static.www.nfl.com/image/private/f_auto,q_auto/league/qt9zmmipmlcin4gxs8wt",16,HOU,0,0,0,0,0,0,0,0,0,0,0,0,,0,,,169,528,2,0,0,29,-24.4597638590203,0,15,18,113,1,0,0,40,75,7,6.41425298660761,0,2.825,0.0740740740740741,0.0230017251293847,0.12721231870168,1,88.1,103.1
2014,REG,00-0031079,P.O'Donnell,Pat O'Donnell,P,SPEC,"https://static.www.nfl.com/image/upload/f_auto,q_auto/league/winapvs0xg8c3eaq2sak",1,CHI,0,0,0,0,0,0,0,0,0,0,0,0,,0,,,1,-12,0,1,0,0,-3.2827128979261,0,0,0,0,0,0,0,0,0,0,,0,,,,,0,-1.2,-1.2
2014,REG,00-0031085,J.Prosch,Jay Prosch,RB,RB,"https://static.www.nfl.com/image/private/f_auto,q_auto/league/qfxm205gqvzzpy0z2oyw",3,HOU,0,0,0,0,0,0,0,0,0,0,0,0,,0,,,0,0,0,0,0,0,,0,1,4,24,0,0,0,13,17,1,-0.503109824436251,0,1.84615384615385,0.0353982300884956,0.0230088495575221,0.0692035398230089,0,2.4,3.4
2014,REG,00-0031118,C.Brown,Corey Brown,WR,WR,"https://static.www.nfl.com/image/private/f_auto,q_auto/league/lgk5rlkpxd0vw28nhrrq",11,CAR,0,0,0,0,0,0,0,0,0,0,0,0,,0,,,8,95,0,0,0,3,6.02435839897953,0,21,36,296,2,0,0,517,52,12,12.9494273898566,0,0.572533849129594,0.104347826086957,0.157095107869948,0.266488314639399,1,57.1,78.1
2014,REG,00-0031123,,Darrin Reaves,RB,RB,,5,CAR,0,0,0,0,0,0,0,0,0,0,0,0,,0,,,31,78,0,0,0,3,-8.87486014937167,0,5,8,31,0,0,0,-5,42,1,-2.74697615893092,0,-6.2,0.0516129032258065,-0.0036258158085569,0.0748812837727198,0,10.9,15.9
2014,REG,00-0031187,,Robert Herron,WR,WR,,6,TB,0,0,0,0,0,0,0,0,0,0,0,0,,0,,,1,0,0,0,0,0,-0.429595655761659,0,6,12,58,1,0,0,69,26,3,0.470010373857804,0,0.840579710144928,0.075,0.0413421210305572,0.14143948472139,0,11.8,17.8
2014,REG,00-0031209,S.Perry,Senorise Perry,RB,RB,"https://static.www.nfl.com/image/private/f_auto,q_auto/league/oswxcmdccm8me6v2n6ao",1,CHI,0,0,0,0,0,0,0,0,0,0,0,0,,0,,,0,0,0,0,0,0,,0,1,1,-1,0,0,0,-2,1,0,-0.673750663292594,0,0.5,0.0208333333333333,-0.0058651026392961,0.0271444281524927,0,-0.1,0.9
2014,REG,00-0031228,T.Gabriel,Taylor Gabriel,WR,WR,"https://static.www.nfl.com/image/private/f_auto,q_auto/league/nc4aoax8j5mnnrjewu7p",16,CLE,0,0,0,0,0,0,0,0,0,0,0,0,,0,,,4,10,0,0,0,0,-1.09627206571167,0,36,72,621,1,0,0,1014,255,26,6.22641552747047,0,0.612426035502959,0.144288577154309,0.20175089534421,0.35765849247241,0,69.1,105.1
2014,REG,00-0031235,O.Beckham,Odell Beckham,WR,WR,"https://static.www.nfl.com/image/private/f_auto,q_auto/league/etl34lkiscs2lpc4to2f",12,NYG,0,1,0,0,0,0,0,0,0,51,0,0,-0.485848294105381,0,0.0,,7,35,0,0,0,2,-2.4465181970736,0,91,130,1305,12,0,0,1496,486,57,70.1866050578308,0,0.872326203208556,0.281995661605206,0.380855397148676,0.689592270411882,0,206.0,297.0
2014,REG,00-0031236,B.Cooks,Brandin Cooks,WR,WR,"https://static.www.nfl.com/image/private/f_auto,q_auto/league/wy6qidqm8jjp6buvu3lp",10,NO,0,0,0,0,0,0,0,0,0,0,0,0,,0,,,7,73,1,0,0,4,4.11254104337422,0,53,69,550,3,0,0,566,170,25,19.0237694653267,0,0.971731448763251,0.16747572815534,0.185452162516383,0.381030105994478,0,86.3,139.3
2014,REG,00-0031237,T.Bridgewater,Teddy Bridgewater,QB,QB,"https://static.www.nfl.com/image/private/f_auto,q_auto/league/q5p8afhezmpvc1xbwibf",13,MIN,259,402,2919,15,12,39,249,3,0,3139,1442,137,-1.99909208679695,2,0.929913985345651,0.058037392404508,47,209,1,0,0,13,12.5873876754406,0,0,0,0,0,0,0,0,0,0,,0,,,,,0,183.66,183.66
2014,REG,00-0031243,S.Johnson,Storm Johnson,RB,RB,"https://static.www.nfl.com/image/private/f_auto,q_auto/league/puhhpztc3ljne2hbds2w",5,JAX,0,0,0,0,0,0,0,0,0,0,0,0,,0,,,29,86,2,0,0,5,-5.59104067957378,0,1,1,-4,0,0,0,-4,0,0,-1.22585971828084,0,1.0,0.0222222222222222,-0.0123839009287926,0.0246646026831785,0,20.2,21.2
2014,REG,00-0031257,P.Richardson,Paul Richardson,WR,WR,"https://static.www.nfl.com/image/private/f_auto,q_auto/league/jxsldwomavxfbs7gueqt",11,SEA,0,0,0,0,0,0,0,0,0,0,0,0,,0,,,0,0,0,0,0,0,,0,29,44,271,1,0,0,481,65,15,-3.66441084461703,0,0.563409563409563,0.140575079872204,0.187378262563303,0.342027403602619,0,33.1,62.1
2014,REG,00-0031260,L.Thomas,Logan Thomas,TE,TE,"https://static.www.nfl.com/image/private/f_auto,q_auto/league/acm0ymhqdzqxdibwjphv",2,ARI,1,9,81,1,0,2,11,0,0,136,64,1,-2.7238815035671,0,0.595588235294118,-0.197593003787494,0,0,0,0,0,0,,0,0,0,0,0,0,0,0,0,0,,0,,,,,0,7.24,7.24
2014,REG,00-0031266,,Zach Mettenberger,QB,QB,,7,TEN,107,179,1412,8,7,18,138,4,2,1537,659,56,-29.1788442503438,0,0.918672739102147,0.0119230726841974,5,4,0,0,0,1,1.48480472387746,0,0,0,0,0,0,0,0,0,0,,0,,,,,0,70.88,70.88
2014,REG,00-0031273,C.Brate,Cameron Brate,TE,TE,"https://static.www.nfl.com/image/private/f_auto,q_auto/league/jhioqec65qy4z7s6w9a6",1,TB,0,0,0,0,0,0,0,0,0,0,0,0,,0,,,0,0,0,0,0,0,,0,1,1,17,0,0,0,13,4,1,1.44720104942098,0,1.30769230769231,0.0344827586206897,0.0469314079422383,0.0845761234906013,0,1.7,2.7
2014,REG,00-0031277,B.Oliver,Branden Oliver,RB,RB,"https://static.www.nfl.com/image/private/f_auto,q_auto/league/wuvcmhjtwgqanezt6f79",14,LAC,0,0,0,0,0,0,0,0,0,0,0,0,,0,,,160,582,3,0,0,30,-23.2600979518795,0,36,45,271,1,0,0,-42,337,11,4.51329685373935,0,-6.45238095238095,0.105633802816901,-0.011781206171108,0.150203859905577,0,109.3,145.3
2014,REG,00-0031280,D.Carr,Derek Carr,QB,QB,"https://static.www.nfl.com/image/private/f_auto,q_auto/league/cffbp9sqfioxa2jk2oqf",16,LV,348,599,3270,21,12,24,149,4,2,4664,1462,163,-61.50931025804,0,0.701114922813036,-0.0058482872830796,29,92,0,5,2,10,-11.1916342176846,0,0,1,0,0,0,0,17,0,0,-0.504617658210918,0,0.0,0.0188679245283019,0.0388127853881279,0.0554708365641423,0,192.0,192.0
2014,REG,00-0031285,D.Freeman,Devonta Freeman,RB,RB,"https://static.www.nfl.com/image/private/f_auto,q_auto/league/vjhvfwypu1byxfo2uvki",16,ATL,0,0,0,0,0,0,0,0,0,0,0,0,,0,,,65,248,1,1,1,9,-25.7225562813585,0,30,37,225,1,0,0,76,170,8,0.585214127757354,0,2.96052631578947,0.0639032815198618,0.0165253315938247,0.10742265439547,0,57.3,87.3
2014,REG,00-0031291,J.Wright,James Wright,WR,WR,"https://static.www.nfl.com/image/private/f_auto,q_auto/league/n4ultyvj4gsjijuq5qo4",10,CIN,0,0,0,0,0,0,0,0,0,0,0,0,,0,,,3,30,0,0,0,2,1.95933770685224,0,5,16,91,0,0,0,255,36,5,-3.08231551432982,0,0.356862745098039,0.0579710144927536,0.120738636363636,0.171473567193676,0,12.1,17.1
2014,REG,00-0031299,J.Matthews,Jordan Matthews,TE,TE,"https://static.www.nfl.com/image/private/f_auto,q_auto/league/lzmaxofoalitaiiuchm7",16,PHI,0,0,0,0,0,0,0,0,0,0,0,0,,0,,,0,0,0,0,0,0,,0,67,103,872,8,0,0,905,387,42,38.147146471635,0,0.96353591160221,0.168300653594771,0.163741631988421,0.367070122784051,0,135.2,202.2
2014,REG,00-0031301,J.Hill,Jeremy Hill,RB,RB,"https://static.www.nfl.com/image/private/f_auto,q_auto/league/rafvidcbp023aupumccx",16,CIN,0,0,0,0,0,0,0,0,0,0,0,0,,0,,,222,1124,9,4,2,61,3.77180683187465,0,27,32,215,0,1,0,-12,221,7,2.52322014775126,0,-17.9166666666667,0.0790123456790123,-0.0039512676983865,0.115752631129648,0,183.9,210.9
2014,REG,00-0031302,C.Fiedorowicz,C.J. Fiedorowicz,TE,TE,"https://static.www.nfl.com/image/private/f_auto,q_auto/league/syuzjdnhzquetrf9jqvp",5,HOU,0,0,0,0,0,0,0,0,0,0,0,0,,0,,,0,0,0,0,0,0,,0,4,7,28,1,0,0,46,10,1,-0.360866481933044,0,0.608695652173913,0.0448717948717949,0.0356865787432118,0.0922882974279406,0,8.8,12.8
2014,REG,00-0031310,D.Street,Devin Street,WR,WR,"https://static.www.nfl.com/image/private/f_auto,q_auto/league/y2xezm37npdrqvgrhuga",4,DAL,0,0,0,0,0,0,0,0,0,0,0,0,,0,,,0,0,0,0,0,0,,0,2,7,18,0,0,0,124,5,1,-4.36396436736686,0,0.145161290322581,0.0546875,0.100813008130081,0.152600355691057,0,1.8,3.8
2014,REG,00-0031325,S.Watkins,Sammy Watkins,WR,WR,"https://static.www.nfl.com/image/private/f_auto,q_auto/league/nkqk4ac4uncxocqlgp2k",16,BUF,0,0,0,0,0,0,0,0,0,0,0,0,,0,,,2,8,0,0,0,1,0.0796749001601711,0,65,128,982,6,1,1,1702,344,47,17.0490715838154,0,0.576968272620447,0.223776223776224,0.412306201550388,0.624278676749607,0,133.0,198.0
2014,REG,00-0031326,B.Ellington,Bruce Ellington,WR,WR,"https://static.www.nfl.com/image/private/f_auto,q_auto/league/qqlup3kfumh2ifrixmfn",7,SF,0,0,0,0,0,0,0,0,0,0,0,0,,0,,,6,28,1,0,0,2,2.73608063958818,0,6,12,62,2,0,0,101,33,5,5.41567276552087,0,0.613861386138614,0.0606060606060606,0.0569014084507042,0.130740076824584,0,27.0,33.0
2014,REG,00-0031327,,Kevin Norwood,WR,WR,"https://static.www.nfl.com/image/private/f_auto,q_auto/league/l7maq8et7k8xcudhevwp",6,SEA,0,0,0,0,0,0,0,0,0,0,0,0,,0,,,0,0,0,0,0,0,,0,9,10,102,0,0,0,109,40,5,6.1698282371508,0,0.935779816513761,0.0561797752808989,0.0770862800565771,0.138230058960952,0,10.2,19.2
2014,REG,00-0031332,F.Toussaint,Fitzgerald Toussaint,RB,RB,"https://static.www.nfl.com/image/private/f_auto,q_auto/league/rckiakioqzv7cjqaeg1d",2,BAL,0,0,0,0,0,0,0,0,0,0,0,0,,0,,,6,12,0,0,0,1,-0.689712881547166,0,3,6,27,0,0,0,0,31,1,-1.65573430995573,0,0.0,0.0714285714285714,0.0,0.107142857142857,0,3.9,6.9
2014,REG,00-0031339,D.Moncrief,Donte Moncrief,WR,WR,"https://static.www.nfl.com/image/private/f_auto,q_auto/league/iippulnxfyjgrlj2p5qw",14,IND,0,0,0,0,0,0,0,0,0,0,0,0,,0,,,4,17,0,0,0,0,1.32982943212846,0,32,49,444,3,0,0,596,208,15,21.39521163475,0,0.74496644295302,0.0881294964028777,0.122633744855967,0.218037866003493,0,64.1,96.1
2014,REG,00-0031344,C.Latimer,Cody Latimer,WR,WR,"https://static.www.nfl.com/image/private/f_auto,q_auto/league/whgchcrp9pqx0waocewu",3,DEN,0,0,0,0,0,0,0,0,0,0,0,0,,0,,,0,0,0,0,0,0,,0,2,4,23,0,0,0,45,16,1,1.66275772207882,0,0.511111111111111,0.0330578512396694,0.0495049504950495,0.0842402422060388,0,2.3,4.3
2014,REG,00-0031345,J.Garoppolo,Jimmy Garoppolo,QB,QB,"https://static.www.nfl.com/image/private/f_auto,q_auto/league/dielobmypljj7e27eiob",5,NE,19,27,182,1,0,5,36,0,0,178,119,8,-6.82712504892136,0,1.02247191011236,0.0223753711839568,10,9,0,0,0,2,-4.84949218237307,0,0,0,0,0,0,0,0,0,0,,0,,,,,0,12.18,12.18
2014,REG,00-0031359,K.Benjamin,Kelvin Benjamin,WR,WR,"https://static.www.nfl.com/image/private/f_auto,q_auto/league/ygtlhauauds9yoyatu5e",16,CAR,0,0,0,0,0,0,0,0,0,0,0,0,,0,,,0,0,0,0,0,0,,0,73,145,1008,9,1,1,2055,160,49,21.5858866949539,0,0.49051094890511,0.268518518518519,0.389721221316139,0.675582632699075,0,152.8,225.8
2014,REG,00-0031367,G.Jackson,Gabe Jackson,G,OL,"https://static.www.nfl.com/image/private/f_auto,q_auto/league/ayii0hagj1u5f1kzuxqy",2,LV,0,0,0,0,0,0,0,0,0,0,0,0,,0,,,0,0,0,0,0,0,,0,2,2,-5,0,0,0,-1,-4,0,-1.42154452542309,0,0.0,0.0253164556962025,-0.002053388090349,0.0365373118810594,0,-0.5,1.5
2014,REG,00-0031373,M.Bryant,Martavis Bryant,WR,WR,"https://static.www.nfl.com/image/private/f_auto,q_auto/league/davxza3iibzg7aw6c5jm",10,PIT,0,0,0,0,0,0,0,0,0,0,0,0,,0,,,3,12,0,0,0,0,-0.042879791231826,0,26,49,549,8,0,0,864,190,16,24.39543654933,0,0.635416666666667,0.127272727272727,0.24978317432784,0.365757312938579,0,104.1,130.1
2014,REG,00-0031375,T.West,Terrance West,RB,RB,"https://static.www.nfl.com/image/private/f_auto,q_auto/league/vzmf3p3k4ywfa5vjn9za",14,CLE,0,0,0,0,0,0,0,0,0,0,0,0,,0,,,171,673,4,1,1,30,-13.4819071553065,0,11,13,64,1,0,0,23,53,3,-0.2737492013257,0,2.78260869565217,0.0476190476190476,0.0128276631344116,0.0804079356226596,0,101.7,112.7
2014,REG,00-0031376,J.McKinnon,Jerick McKinnon,RB,RB,"https://static.www.nfl.com/image/private/f_auto,q_auto/league/yezxe2j778cndbhkxwez",11,MIN,0,0,0,0,0,0,0,0,0,0,0,0,,0,,,113,538,0,0,0,21,-4.77223390197162,0,27,41,135,0,0,0,-11,174,7,-14.0861252293812,0,-12.2727272727273,0.117142857142857,-0.0042000763650248,0.172774232258768,0,67.3,94.3
2014,REG,00-0031381,D.Adams,Davante Adams,WR,WR,"https://static.www.nfl.com/image/private/f_auto,q_auto/league/grvqvmdzu2lsbgvqoxku",14,GB,0,0,0,0,0,0,0,0,0,0,0,0,,0,,,0,0,0,0,0,0,,0,38,66,446,3,0,0,675,173,23,9.28573482203717,0,0.660740740740741,0.138947368421053,0.172149961744453,0.328926025852696,0,62.6,100.6
2014,REG,00-0031382,J.Landry,Jarvis Landry,WR,WR,"https://static.www.nfl.com/image/private/f_auto,q_auto/league/w2q9uwsjvgadwyvnvopb",16,MIA,0,0,0,0,0,0,0,0,0,0,0,0,,0,,,2,-4,0,0,0,0,-1.93265571584925,0,84,112,758,5,1,0,603,434,48,22.9860769432994,0,1.25704809286899,0.188870151770658,0.13088777946603,0.374926673282207,0,105.4,189.4
2014,REG,00-0031384,R.Rodgers,Richard Rodgers,TE,TE,"https://static.www.nfl.com/image/private/f_auto,q_auto/league/l9zei9dkcmbml3q1nshk",13,GB,0,0,0,0,0,0,0,0,0,0,0,0,,0,,,0,0,0,0,0,0,,0,20,30,225,2,0,0,232,48,9,6.56918983463123,0,0.969827586206897,0.0697674418604651,0.0663995420721237,0.151130842241184,0,34.5,54.5
2014,REG,00-0031387,E.Ebron,Eric Ebron,TE,TE,"https://static.www.nfl.com/image/private/f_auto,q_auto/league/uaxsxymncppase7ihczd",12,DET,0,0,0,0,0,0,0,0,0,0,0,0,,0,,,0,0,0,0,0,0,,0,25,47,248,1,0,0,460,125,14,3.55809257354996,0,0.539130434782609,0.110328638497653,0.133256083429896,0.258772216147406,0,30.8,55.8
2014,REG,00-0031390,C.Sims,Charles Sims,RB,RB,"https://static.www.nfl.com/image/private/f_auto,q_auto/league/w1yff81pb8rfp9sytx5l",8,TB,0,0,0,0,0,0,0,0,0,0,0,0,,0,,,66,185,1,2,1,10,-15.6428321738786,0,19,27,190,0,0,0,21,197,6,-3.66786786242927,0,9.04761904761905,0.106299212598425,0.007774898185857,0.164891247627738,0,41.5,60.5
2014,REG,00-0031391,,Tre Mason,RB,RB,,12,LA,0,0,0,0,0,0,0,0,0,0,0,0,,0,,,179,765,4,2,1,37,-25.7071986746884,0,16,26,148,1,0,0,-25,164,8,-1.75798541208496,0,-5.92,0.0787878787878788,-0.0102880658436214,0.110980172091283,0,119.3,135.3
2014,REG,00-0031392,,Dri Archer,RB,RB,,10,PIT,0,0,0,0,0,0,0,0,0,0,0,0,,0,,,10,40,0,0,0,2,-1.33720565465046,0,7,10,23,0,0,0,-5,28,0,-2.74558059097035,0,-4.6,0.0326797385620915,-0.0017587055926837,0.0477885139282586,0,6.3,13.3
2014,REG,00-0031407,B.Bortles,Blake Bortles,QB,QB,"https://static.www.nfl.com/image/private/f_auto,q_auto/league/jvoui3bptgsfvgkz5e1b",14,JAX,280,475,2908,11,17,55,345,4,0,3326,1620,132,-111.9155851599,1,0.874323511725797,-0.0113383657459422,56,419,0,3,1,27,14.8942749780687,0,0,0,0,0,0,0,0,0,0,,0,,,,,0,168.22,168.22
2014,REG,00-0031408,M.Evans,Mike Evans,WR,WR,"https://static.www.nfl.com/image/private/f_auto,q_auto/league/w6eq27k2xs8vawwgkzbl",15,TB,0,0,0,0,0,0,0,0,0,0,0,0,,0,,,0,0,0,0,0,0,,0,68,123,1051,12,0,0,1826,173,46,42.7004779071187,0,0.575575027382256,0.25050916496945,0.354907677356657,0.624199121603835,0,177.1,245.1
2014,REG,00-0031409,,Johnny Manziel,QB,QB,"https://static.www.nfl.com/image/private/f_auto,q_auto/league/a0ql3eziqinxvo0szfhk",4,CLE,18,35,175,0,2,3,26,1,0,245,84,6,-15.8127582180199,0,0.714285714285714,-0.0298588386867413,9,29,1,0,0,1,-2.18149896315299,0,0,0,0,0,0,0,0,0,0,,0,,,,,0,11.9,11.9
2014,REG,00-0031413,,Bishop Sankey,RB,RB,"https://static.www.nfl.com/image/private/f_auto,q_auto/league/igga9u3pw5h2rlcgs80c",16,TEN,0,0,0,0,0,0,0,0,0,0,0,0,,0,,,152,569,2,2,2,26,-26.1668824980213,0,18,23,133,0,0,0,-13,148,5,3.2398814545013,0,-10.2307692307692,0.0563725490196079,-0.0039597928723728,0.0817869685187508,0,78.2,96.2
2014,REG,00-0031418,A.Seferian-Jenkins,Austin Seferian-Jenkins,TE,TE,"https://static.www.nfl.com/image/private/f_auto,q_auto/league/mvuoyejl5hzfzrkfezuj",9,TB,0,0,0,0,0,0,0,0,0,0,0,0,,0,,,0,0,0,0,0,0,,0,21,38,221,2,1,1,385,41,12,-8.72832675327663,0,0.574025974025974,0.116564417177914,0.110473457675753,0.252178046139898,0,32.1,53.1
2014,REG,00-0031428,A.Robinson,Allen Robinson,WR,WR,"https://static.www.nfl.com/image/private/f_auto,q_auto/league/tucplhxtb3c626iekuzv",10,JAX,0,0,0,0,0,0,0,0,0,0,0,0,,0,,,0,0,0,0,0,0,,0,48,81,548,2,0,0,897,159,26,7.210412434824,1,0.610925306577481,0.229461756373938,0.372353673723537,0.604840206167382,0,68.8,116.8
2014,REG,00-0031431,M.Lee,Marqise Lee,WR,WR,"https://static.www.nfl.com/image/private/f_auto,q_auto/league/drsesqqzwhkilsx51j4i",12,JAX,0,0,0,0,0,0,0,0,0,0,0,0,,0,,,3,9,0,0,0,1,-0.317868855432607,0,37,68,422,1,0,0,506,178,20,2.72330316724422,0,0.83399209486166,0.163069544364508,0.167494207216154,0.36185026159807,0,49.1,86.1
2014,REG,00-0031450,,Josh Harris,RB,RB,"https://static.www.nfl.com/image/private/f_auto,q_auto/league/qal5jbwkbcmsctnnvjoi",2,PIT,0,0,0,0,0,0,0,0,0,0,0,0,,0,,,9,16,0,0,0,1,-4.15229442424607,0,0,0,0,0,0,0,0,0,0,,0,,,,,0,1.6,1.6
2014,POST,00-0010346,,Peyton Manning,QB,QB,"https://static.www.nfl.com/image/private/f_auto,q_auto/league/xpcd6auodk3w0vda6jal",1,DEN,26,46,211,1,0,2,11,1,1,475,78,10,-15.9232565314032,0,0.44421052631579,0.0087079413670001,0,0,0,0,0,0,,0,0,0,0,0,0,0,0,0,0,,0,,,,,0,10.44,10.44
2014,POST,00-0019596,T.Brady,Tom Brady,QB,QB,"https://static.www.nfl.com/image/private/f_auto,q_auto/league/q7dpdlxyu5rs05rgh1le",3,NE,93,135,921,10,4,4,24,0,0,968,429,55,41.0496148500828,0,0.951446280991736,0.181764569157432,11,10,1,0,0,4,4.16412352985935,0,0,0,0,0,0,0,0,0,0,,0,,,,,0,75.84,75.84
2014,POST,00-0020337,,Steve Smith,WR,WR,"https://static.www.nfl.com/image/private/f_auto,q_auto/league/k23e0b8cto93he9rt0zc",2,BAL,0,0,0,0,0,0,0,0,0,0,0,0,,0,,,0,0,0,0,0,0,,0,8,11,145,1,0,0,158,24,6,10.8635903736259,0,0.917721518987342,0.148648648648649,0.212365591397849,0.371628886951468,0,20.5,28.5
2014,POST,00-0020498,,Reggie Wayne,WR,WR,,3,IND,0,0,0,0,0,0,0,0,0,0,0,0,,0,,,0,0,0,0,0,0,,0,1,5,12,0,0,0,61,5,1,-3.48269513257005,0,0.19672131147541,0.0427350427350427,0.0565862708719852,0.103712953712954,0,1.2,2.2
2014,POST,00-0021678,,Tony Romo,QB,QB,"https://static.www.nfl.com/image/private/f_auto,q_auto/league/rdgaxf7djip2ovlkeqjk",2,DAL,34,50,484,4,0,10,72,3,0,373,298,20,11.1630267586338,0,1.29758713136729,0.157984971038837,3,5,0,0,0,0,-1.59534805477597,0,0,0,0,0,0,0,0,0,0,,0,,,,,0,35.86,35.86
2014,POST,00-0022127,J.Witten,Jason Witten,TE,TE,"https://static.www.nfl.com/image/private/f_auto,q_auto/league/r7uafhtwuexuaty0nhsc",2,DAL,0,0,0,0,0,0,0,0,0,0,0,0,,0,,,0,0,0,0,0,0,,0,11,14,134,0,0,0,98,50,8,12.4033030348946,0,1.36734693877551,0.28,0.262734584450402,0.603914209115282,0,13.4,24.4
2014,POST,00-0022427,,Wes Welker,WR,WR,"https://static.www.nfl.com/image/private/f_auto,q_auto/league/rgjwexzif36vncjfdwap",1,DEN,0,0,0,0,0,0,0,0,0,0,0,0,,0,,,0,0,0,0,0,0,,0,1,2,20,0,0,0,15,14,1,-0.0618718904443085,0,1.33333333333333,0.0444444444444444,0.0315789473684211,0.0887719298245614,0,2.0,3.0
2014,POST,00-0022811,,Jerricho Cotchery,WR,WR,"https://static.www.nfl.com/image/private/f_auto,q_auto/league/hkq2dmfj7mbgbuejiloy",2,CAR,0,0,0,0,0,0,0,0,0,0,0,0,,0,,,2,5,0,0,0,1,-0.163612626260147,0,6,11,39,0,0,0,93,8,1,-7.8901959771174,0,0.419354838709677,0.161764705882353,0.160899653979239,0.355276816608997,0,4.4,10.4
2014,POST,00-0022921,L.Fitzgerald,Larry Fitzgerald,WR,WR,"https://static.www.nfl.com/image/private/f_auto,q_auto/league/ycgjjaad5un42gy4pnga",1,ARI,0,0,0,0,0,0,0,0,0,0,0,0,,0,,,0,0,0,0,0,0,,0,3,8,31,0,0,0,72,9,2,-7.79580534377601,0,0.430555555555556,0.285714285714286,0.289156626506024,0.630981067125645,0,3.1,6.1
2014,POST,00-0022924,B.Roethlisberger,Ben Roethlisberger,QB,QB,"https://static.www.nfl.com/image/private/f_auto,q_auto/league/vziogpnyp9d0xtpiuqhr",1,PIT,31,45,334,1,2,5,37,0,0,431,114,14,-4.93187960023436,0,0.774941995359629,0.0510172882891927,2,16,0,0,0,1,-0.852897865173873,0,0,0,0,0,0,0,0,0,0,,0,,,,,0,14.96,14.96
2014,POST,00-0022999,J.Kuhn,John Kuhn,FB,RB,"https://static.www.nfl.com/image/private/f_auto,q_auto/league/nbcwgq2o0ymmx4czvr4b",2,GB,0,0,0,0,0,0,0,0,0,0,0,0,,0,,,3,7,0,0,0,1,0.109101609676145,0,2,3,10,0,0,0,1,11,0,-0.361345347948372,0,10.0,0.0434782608695652,0.0016556291390728,0.0663763317016988,0,1.7,3.7
2014,POST,00-0023459,A.Rodgers,Aaron Rodgers,QB,QB,"https://static.www.nfl.com/image/private/f_auto,q_auto/league/gnta8ufi2vdp967dui9e",2,GB,43,69,494,4,2,3,26,1,0,604,207,27,2.7075421175708,0,0.817880794701987,0.0904090165854627,4,8,0,0,0,1,-1.73775351035874,0,0,0,0,0,0,0,0,0,0,,0,,,,,0,32.56,32.56
2014,POST,00-0023465,,Heath Miller,TE,TE,"https://static.www.nfl.com/image/private/f_auto,q_auto/league/iqw8fry4hgfvegs9nfuf",1,PIT,0,0,0,0,0,0,0,0,0,0,0,0,,0,,,0,0,0,0,0,0,,0,6,9,76,0,1,1,81,27,2,-1.81994391235292,0,0.938271604938272,0.1875,0.176855895196507,0.405049126637555,0,5.6,11.6
2014,POST,00-0023742,J.Ryan,Jon Ryan,P,SPEC,"https://static.www.nfl.com/image/private/f_auto,q_auto/league/jarcsmohj6vbznthlni8",1,SEA,1,1,19,1,0,0,0,0,0,19,0,1,4.42529469291912,0,1.0,,0,0,0,0,0,0,,0,0,0,0,0,0,0,0,0,0,,0,,,,,0,4.76,4.76
2014,POST,00-0024217,,Reggie Bush,RB,RB,"https://static.www.nfl.com/image/private/f_auto,q_auto/league/z2m2heolqx9sgobdks9v",1,DET,0,0,0,0,0,0,0,0,0,0,0,0,,0,,,8,37,1,0,0,1,1.55377445800696,0,3,5,10,0,1,0,-1,12,0,-4.05415223620366,0,-10.0,0.119047619047619,-0.0034843205574912,0.176132404181185,0,10.7,13.7
2014,POST,00-0024242,,DeAngelo Williams,RB,RB,"https://static.www.nfl.com/image/private/f_auto,q_auto/league/oky9ooitgqa1fgwdll6b",2,CAR,0,0,0,0,0,0,0,0,0,0,0,0,,0,,,6,30,0,0,0,1,0.496037854172755,0,2,2,2,0,0,0,-5,7,0,-0.828424161649309,0,-0.4,0.0555555555555556,-0.0134770889487871,0.0738993710691824,0,3.2,5.2
2014,POST,00-0024313,,Owen Daniels,TE,TE,"https://static.www.nfl.com/image/private/f_auto,q_auto/league/ktxkz5tzddboxst5xfh8",2,BAL,0,0,0,0,0,0,0,0,0,0,0,0,,0,,,0,0,0,0,0,0,,0,8,16,111,1,0,0,137,44,7,7.41667459479827,0,0.81021897810219,0.216216216216216,0.184139784946237,0.45322217378669,0,17.1,25.1
2014,POST,00-0024408,,Bruce Gradkowski,QB,QB,,1,PIT,2,3,22,0,0,0,0,0,0,27,9,1,2.4093360095867,0,0.814814814814815,,0,0,0,0,0,0,,0,0,0,0,0,0,0,0,0,0,,0,,,,,0,0.88,0.88
2014,POST,00-0025389,,Calvin Johnson,WR,WR,"https://static.www.nfl.com/image/private/f_auto,q_auto/league/z6dxib9sientn4m9cljh",1,DET,0,0,0,0,0,0,0,0,0,0,0,0,,0,,,0,0,0,0,0,0,,0,5,8,85,0,0,0,102,25,4,7.10525058147632,0,0.833333333333333,0.19047619047619,0.355400696864112,0.534494773519164,0,8.5,13.5
2014,POST,00-0025396,T.Ginn,Ted Ginn,WR,WR,"https://static.www.nfl.com/image/private/f_auto,q_auto/league/o4m4txrv9l7odyebnea4",1,ARI,0,0,0,0,0,0,0,0,0,0,0,0,,0,,,0,0,0,0,0,0,,0,0,1,0,0,0,0,50,0,0,-0.162834119633771,0,0.0,0.0357142857142857,0.200803212851406,0.194133677567413,0,0.0,0.0
2014,POST,00-0025399,M.Lynch,Marshawn Lynch,RB,RB,"https://static.www.nfl.com/image/private/f_auto,q_auto/league/ddhpebfqtr9yxsnbx9ht",3,SEA,0,0,0,0,0,0,0,0,0,0,0,0,,0,,,63,318,2,1,0,15,1.22077990594326,0,5,8,63,0,0,0,72,27,2,-1.51815031145816,0,0.875,0.112676056338028,0.0747663551401869,0.221350533105173,0,50.1,55.1
2014,POST,00-0025418,G.Olsen,Greg Olsen,TE,TE,"https://static.www.nfl.com/image/private/f_auto,q_auto/league/jevf1bubmrv2vvmiwq3r",2,CAR,0,0,0,0,0,0,0,0,0,0,0,0,,0,,,0,0,0,0,0,0,,0,7,11,95,0,0,0,136,13,4,2.08021988664405,0,0.698529411764706,0.161764705882353,0.235294117647059,0.407352941176471,0,9.5,16.5
2014,POST,00-0025460,,Jacoby Jones,WR,WR,"https://static.www.nfl.com/image/private/f_auto,q_auto/league/yhjtycrpq7jtfarxkhcx",1,BAL,0,0,0,0,0,0,0,0,0,0,0,0,,0,,,0,0,0,0,0,0,,0,1,1,3,0,0,0,-1,4,0,-0.641296033281833,0,0.0,0.0344827586206897,-0.0029761904761904,0.0496408045977011,0,0.3,1.3
2014,POST,00-0026035,D.Amendola,Danny Amendola,WR,WR,"https://static.www.nfl.com/image/private/f_auto,q_auto/league/etz06w7s0ardf49mnayz",3,NE,0,0,0,0,0,0,0,0,0,0,0,0,,0,,,1,-2,0,0,0,0,-0.552645681193098,0,11,16,137,3,0,0,99,80,7,8.73321384633891,0,1.38383838383838,0.118518518518519,0.0991983967935872,0.247216655533289,0,31.5,42.5
2014,POST,00-0026069,M.Tolbert,Mike Tolbert,FB,RB,"https://static.www.nfl.com/image/private/f_auto,q_auto/league/frwhwdhbcteyg7xjha7a",2,CAR,0,0,0,0,0,0,0,0,0,0,0,0,,0,,,4,17,0,0,0,2,-0.265306681161746,0,2,4,15,1,0,0,-9,16,2,0.503115007595625,0,-1.66666666666667,0.0588235294117647,-0.0155709342560554,0.0773356401384083,0,9.2,11.2
2014,POST,00-0026072,,Jed Collins,FB,RB,,1,DET,0,0,0,0,0,0,0,0,0,0,0,0,,0,,,1,1,0,0,0,0,-0.30793276662007,0,0,0,0,0,0,0,0,0,0,,0,,,,,0,0.1,0.1
2014,POST,00-0026153,J.Stewart,Jonathan Stewart,RB,RB,"https://static.www.nfl.com/image/private/f_auto,q_auto/league/dzvxfj3xrgnzc3jbag2n",2,CAR,0,0,0,0,0,0,0,0,0,0,0,0,,0,,,37,193,1,0,0,8,0.292283752816729,0,2,2,1,0,1,0,-11,12,0,-1.39339431247208,0,-0.0909090909090909,0.0294117647058824,-0.0190311418685121,0.0307958477508651,0,25.4,27.4
2014,POST,00-0026158,J.Flacco,Joe Flacco,QB,QB,"https://static.www.nfl.com/image/upload/f_auto,q_auto/league/dwsbpmlhoqud0puidizt",2,BAL,46,74,551,6,2,1,13,1,0,744,218,27,25.0697258773404,0,0.740591397849462,0.198275937972688,8,8,0,0,0,1,-1.48639250581618,0,0,0,0,0,0,0,0,0,0,,0,,,,,0,42.84,42.84
2014,POST,00-0026176,J.Nelson,Jordy Nelson,WR,WR,"https://static.www.nfl.com/image/private/f_auto,q_auto/league/bde2n4ozsakatgs4yyp2",2,GB,0,0,0,0,0,0,0,0,0,0,0,0,,0,,,0,0,0,0,0,0,,0,7,13,93,0,0,0,158,22,6,3.27568291281833,0,0.588607594936709,0.188405797101449,0.26158940397351,0.465721278433631,0,9.3,16.3
2014,POST,00-0026178,,John Carlson,TE,TE,,1,ARI,0,0,0,0,0,0,0,0,0,0,0,0,,0,,,0,0,0,0,0,0,,0,3,4,25,0,0,0,33,1,0,0.0359951599966735,0,0.757575757575758,0.142857142857143,0.132530120481928,0.307056798623064,0,2.5,5.5
2014,POST,00-0026237,,Andre Caldwell,WR,WR,,1,DEN,0,0,0,0,0,0,0,0,0,0,0,0,,0,,,0,0,0,0,0,0,,0,0,1,0,0,0,0,16,0,0,-0.600697064364795,0,0.0,0.0222222222222222,0.0336842105263158,0.0569122807017544,0,0.0,0.0
2014,POST,00-0026373,,Justin Forsett,RB,RB,"https://static.www.nfl.com/image/private/f_auto,q_auto/league/o86dvbcs8dcubcpj6fnu",2,BAL,0,0,0,0,0,0,0,0,0,0,0,0,,0,,,40,169,0,1,1,13,-5.76389233302325,0,3,5,24,1,0,0,-8,30,1,-0.0950819430872798,0,-3.0,0.0675675675675676,-0.010752688172043,0.0938244696309213,0,23.3,26.3
2014,POST,00-0026498,M.Stafford,Matthew Stafford,QB,QB,"https://static.www.nfl.com/image/private/f_auto,q_auto/league/icjfdfsncqlsqe49iujv",1,DET,28,42,323,1,1,3,16,2,2,287,210,14,3.14858739553883,0,1.12543554006969,0.0795531996942689,1,9,0,0,0,1,1.78376381937414,0,0,0,0,0,0,0,0,0,0,,0,,,,,0,11.82,11.82
2014,POST,00-0026699,,Kevin Brock,TE,TE,,1,CIN,0,0,0,0,0,0,0,0,0,0,0,0,,0,,,0,0,0,0,0,0,,0,1,2,7,0,0,0,15,2,0,-0.00477906485321,0,0.466666666666667,0.0588235294117647,0.0496688741721854,0.123003506038177,0,0.7,1.7
2014,POST,00-0026983,D.Heyward-Bey,Darrius Heyward-Bey,WR,WR,"https://static.www.nfl.com/image/private/f_auto,q_auto/league/d5otkkbb0z2rdd2bjatd",1,PIT,0,0,0,0,0,0,0,0,0,0,0,0,,0,,,0,0,0,0,0,0,,0,1,1,6,0,0,0,5,1,1,0.336042083683424,0,1.2,0.0208333333333333,0.0109170305676856,0.0388919213973799,0,0.6,1.6
2014,POST,00-0026996,,Brandon Pettigrew,TE,TE,,1,DET,0,0,0,0,0,0,0,0,0,0,0,0,,0,,,0,0,0,0,0,0,,0,1,2,11,0,0,0,20,7,1,-0.491232539294288,0,0.55,0.0476190476190476,0.0696864111498258,0.120209059233449,0,1.1,2.1
2014,POST,00-0027005,,Hakeem Nicks,WR,WR,"https://static.www.nfl.com/image/private/f_auto,q_auto/league/nbgeeeuhd0n4zrctfxce",3,IND,0,0,0,0,0,0,0,0,0,0,0,0,,0,,,0,0,0,0,0,0,,0,6,8,98,1,0,0,146,22,5,8.08385120710591,0,0.671232876712329,0.0683760683760684,0.13543599257885,0.197369297369297,0,15.8,21.8
2014,POST,00-0027057,B.Tate,Brandon Tate,WR,WR,"https://static.www.nfl.com/image/private/f_auto,q_auto/league/uzpf58ijo44jfqakwv83",1,CIN,0,0,0,0,0,0,0,0,0,0,0,0,,0,,,0,0,0,0,0,0,,0,0,5,0,0,0,0,92,0,0,-3.96736515732482,0,0.0,0.147058823529412,0.304635761589404,0.4338332684067,0,0.0,0.0
2014,POST,00-0027150,J.Edelman,Julian Edelman,WR,WR,"https://static.www.nfl.com/image/private/f_auto,q_auto/league/u0hbuo2bsvtlg7lnxm43",3,NE,1,1,51,1,0,0,0,0,0,33,18,1,4.19763215107378,0,1.54545454545455,,2,19,0,1,0,1,0.931642461684532,0,26,37,281,1,1,0,277,127,18,18.6802482286585,0,1.014440433213,0.274074074074074,0.277555110220441,0.60539968826542,0,42.04,68.04
2014,POST,00-0027218,,Joique Bell,RB,RB,"https://static.www.nfl.com/image/private/f_auto,q_auto/league/mpibe74w5hnraxk823vf",1,DET,0,0,0,0,0,0,0,0,0,0,0,0,,0,,,12,43,0,0,0,2,-1.77940787601983,0,4,4,42,0,0,0,-4,46,2,2.41275294777006,0,-10.5,0.0952380952380952,-0.0139372822299652,0.133101045296167,0,8.5,12.5
2014,POST,00-0027325,L.Blount,LeGarrette Blount,RB,RB,"https://static.www.nfl.com/image/private/f_auto,q_auto/league/s3eilto1yi0yhoamvvo3",3,NE,0,0,0,0,0,0,0,0,0,0,0,0,,0,,,47,189,3,0,0,12,2.29505454347236,0,0,0,0,0,0,0,0,0,0,,0,,,,,0,36.9,36.9
2014,POST,00-0027595,,Bryan Walters,WR,WR,,1,SEA,0,0,0,0,0,0,0,0,0,0,0,0,,0,,,0,0,0,0,0,0,,0,0,1,0,0,0,0,19,0,0,-1.4195970306173,0,0.0,0.05,0.0482233502538071,0.108756345177665,0,0.0,0.0
2014,POST,00-0027656,R.Gronkowski,Rob Gronkowski,TE,TE,"https://static.www.nfl.com/image/private/f_auto,q_auto/league/svpo7chliiymc0r7hegp",3,NE,0,0,0,0,0,0,0,0,0,0,0,0,,0,,,0,0,0,0,0,0,,0,16,31,204,3,0,0,297,75,12,3.26862416008953,0,0.686868686868687,0.22962962962963,0.297595190380762,0.552761077710978,0,38.4,54.4
2014,POST,00-0027675,E.Dickson,Ed Dickson,TE,TE,"https://static.www.nfl.com/image/private/f_auto,q_auto/league/qtxat8xwaclkqfkj5lrq",2,CAR,0,0,0,0,0,0,0,0,0,0,0,0,,0,,,0,0,0,0,0,0,,0,3,7,67,0,0,0,65,41,3,-6.08992769441102,0,1.03076923076923,0.102941176470588,0.112456747404844,0.233131487889273,0,6.7,9.7
2014,POST,00-0027681,B.LaFell,Brandon LaFell,WR,WR,"https://static.www.nfl.com/image/private/f_auto,q_auto/league/x4wifb5arw0neuwg1cch",3,NE,0,0,0,0,0,0,0,0,0,0,0,0,,0,,,0,0,0,0,0,0,,0,13,20,119,2,0,0,212,36,6,5.49396580498433,0,0.561320754716981,0.148148148148148,0.212424849699399,0.370919617011801,0,23.9,36.9
2014,POST,00-0027685,E.Sanders,Emmanuel Sanders,WR,WR,"https://static.www.nfl.com/image/private/f_auto,q_auto/league/potkibjtm855tsawozs0",1,DEN,0,0,0,0,0,0,0,0,0,0,0,0,,0,,,0,0,0,0,0,0,,0,7,15,46,0,0,0,215,14,2,-5.22631483987955,0,0.213953488372093,0.333333333333333,0.452631578947368,0.816842105263158,0,4.6,11.6
2014,POST,00-0027732,M.Hoomanawanui,Michael Hoomanawanui,TE,TE,"https://static.www.nfl.com/image/private/f_auto,q_auto/league/fgfwj67pbxmp1bpjm7ti",3,NE,0,0,0,0,0,0,0,0,0,0,0,0,,0,,,0,0,0,0,0,0,,0,6,6,53,0,0,0,37,16,2,2.99550510942936,0,1.43243243243243,0.0444444444444444,0.0370741482965932,0.0926185704742819,0,5.3,11.3
2014,POST,00-0027753,,Andrew Quarless,TE,TE,,2,GB,0,0,0,0,0,0,0,0,0,0,0,0,,0,,,0,0,0,0,0,0,,0,4,5,31,1,0,0,14,20,3,2.76949993660674,0,2.21428571428571,0.072463768115942,0.0231788079470199,0.124920817736827,0,9.1,13.1
2014,POST,00-0027791,,James Starks,RB,RB,"https://static.www.nfl.com/image/private/f_auto,q_auto/league/ohxqulg4xjfmbbkkltqj",2,GB,0,0,0,0,0,0,0,0,0,0,0,0,,0,,,10,60,0,0,0,2,0.567457567085512,0,1,3,0,0,0,0,25,1,0,-2.26854427395824,0,0.0,0.0882352941176471,0.088339222614841,0.194190397006859,0,6.0,7.0
2014,POST,00-0027793,A.Brown,Antonio Brown,WR,WR,"https://static.www.nfl.com/image/private/f_auto,q_auto/league/ecxsx9t7bfg42bgfwj3v",1,PIT,0,0,0,0,0,0,0,0,0,0,0,0,,0,,,0,0,0,0,0,0,,0,9,14,117,0,0,0,189,31,5,0.930948901601369,0,0.619047619047619,0.291666666666667,0.412663755458515,0.726364628820961,0,11.7,20.7
2014,POST,00-0027874,D.Thomas,Demaryius Thomas,WR,WR,"https://static.www.nfl.com/image/private/f_auto,q_auto/league/p1yjsqtqimjd6iazu3h9",1,DEN,0,0,0,0,0,0,0,0,0,0,0,0,,0,,,0,0,0,0,0,0,,0,5,12,59,1,0,0,166,12,4,-2.79209579651082,0,0.355421686746988,0.266666666666667,0.349473684210526,0.644631578947369,0,11.9,16.9
2014,POST,00-0027890,,Ben Tate,RB,RB,,1,PIT,0,0,0,0,0,0,0,0,0,0,0,0,,0,,,5,19,0,1,0,1,-0.250901927938685,0,2,3,9,0,0,0,1,6,0,-4.32295481883921,0,9.0,0.0625,0.0021834061135371,0.095278384279476,0,2.8,4.8
2014,POST,00-0027891,G.Tate,Golden Tate,WR,WR,"https://static.www.nfl.com/image/private/f_auto,q_auto/league/yfqebrp2o9t1gt1wqjku",1,DET,0,0,0,0,0,0,0,0,0,0,0,0,,0,,,0,0,0,0,0,0,,0,6,9,89,1,0,0,111,50,4,0.473928177755172,0,0.801801801801802,0.214285714285714,0.386759581881533,0.592160278745645,0,14.9,20.9
2014,POST,00-0027902,D.Bryant,Dez Bryant,WR,WR,"https://static.www.nfl.com/image/private/f_auto,q_auto/league/jmggujwkiv7osgkhhnhl",2,DAL,0,0,0,0,0,0,0,0,0,0,0,0,,0,,,0,0,0,0,0,0,,0,6,7,86,0,1,0,65,52,3,2.8387885284028,0,1.32307692307692,0.14,0.17426273458445,0.331983914209115,0,8.6,14.6
2014,POST,00-0027905,,Will Tukuafu,FB,RB,"https://static.www.nfl.com/image/private/f_auto,q_auto/league/szb9kincx0nhxnwxxmcj",1,SEA,0,0,0,0,0,0,0,0,0,0,0,0,,0,,,0,0,0,0,0,0,,0,1,1,8,0,0,0,2,6,0,0.79410752048716,0,4.0,0.0344827586206897,0.0056497175141242,0.0556789401909215,0,0.8,1.8
2014,POST,00-0027917,,Tyler Clutts,FB,RB,"https://static.www.nfl.com/image/private/f_auto,q_auto/league/a1knpd9e7x4pxech8xhg",1,DAL,0,0,0,0,0,0,0,0,0,0,0,0,,0,,,0,0,0,0,0,0,,0,1,1,1,1,0,0,0,1,1,0.632325858867262,0,0.0,0.0526315789473684,,,0,6.1,7.1
2014,POST,00-0027925,J.Develin,James Develin,FB,RB,"https://static.www.nfl.com/image/private/f_auto,q_auto/league/ryhocvpml27otxnncc2h",2,NE,0,0,0,0,0,0,0,0,0,0,0,0,,0,,,0,0,0,0,0,0,,0,2,2,7,1,0,0,3,4,1,1.32632223871769,0,2.33333333333333,0.0235294117647059,0.0101694915254237,0.0424127617148554,0,6.7,8.7
2014,POST,00-0027939,C.Newton,Cam Newton,QB,QB,"https://static.www.nfl.com/image/private/f_auto,q_auto/league/zwmgw2gmnn2kch4nquft",2,CAR,41,68,444,4,3,3,16,1,1,578,197,23,-14.7383342766259,0,0.768166089965398,0.0383904296256929,18,72,0,2,1,5,-1.21834260149626,0,0,0,0,0,0,0,0,0,0,,0,,,,,0,30.96,30.96
2014,POST,00-0027955,N.Solder,Nate Solder,T,OL,"https://static.www.nfl.com/image/private/f_auto,q_auto/league/kbzznhzm6nub46htfcse",1,NE,0,0,0,0,0,0,0,0,0,0,0,0,,0,,,0,0,0,0,0,0,,0,1,1,16,1,0,0,4,12,1,2.49424194474705,0,4.0,0.0285714285714286,0.0149812734082397,0.0533440342429107,0,7.6,8.6
2014,POST,00-0027973,A.Dalton,Andy Dalton,QB,QB,"https://static.www.nfl.com/image/private/f_auto,q_auto/league/xrwmjyexhhwpoxhtrhl2",1,CIN,18,35,155,0,0,3,11,1,1,307,111,7,-13.7837616351177,0,0.504885993485342,-0.0471778403746142,4,34,0,0,0,2,0.810431147547206,0,0,0,0,0,0,0,0,0,0,,0,,,,,0,7.6,7.6
2014,POST,00-0027994,S.Vereen,Shane Vereen,RB,RB,"https://static.www.nfl.com/image/private/f_auto,q_auto/league/grirsvo53nqb22jzb1zk",3,NE,0,0,0,0,0,0,0,0,0,0,0,0,,0,,,6,21,0,0,0,1,-0.637841697316617,0,18,21,144,0,0,0,71,84,8,7.25417456758475,0,2.02816901408451,0.155555555555556,0.0711422845691383,0.28313293253173,0,16.5,34.5
2014,POST,00-0027996,T.Smith,Torrey Smith,WR,WR,"https://static.www.nfl.com/image/private/f_auto,q_auto/league/sqvbn4ybxagyfwva3i51",2,BAL,0,0,0,0,0,0,0,0,0,0,0,0,,0,,,0,0,0,0,0,0,,0,5,12,90,1,0,0,289,9,4,1.28274242516333,0,0.311418685121107,0.162162162162162,0.388440860215054,0.515151845393781,0,15.0,20.0
2014,POST,00-0027997,G.Little,Greg Little,WR,WR,"https://static.www.nfl.com/image/private/f_auto,q_auto/league/gunq4pae9yx2zlfz7qil",1,CIN,0,0,0,0,0,0,0,0,0,0,0,0,,0,,,0,0,0,0,0,0,,0,0,1,0,0,0,0,45,0,0,-1.48822458623908,0,0.0,0.0294117647058824,0.149006622516556,0.148422282820413,0,0.0,0.0
2014,POST,00-0028002,R.Cobb,Randall Cobb,WR,WR,"https://static.www.nfl.com/image/private/f_auto,q_auto/league/kuwo5hnkbtesfw6n9w1s",2,GB,0,0,0,0,0,0,0,0,0,0,0,0,,0,,,2,5,0,0,0,0,-0.499661490204744,0,15,21,178,1,0,0,215,59,9,1.26168066193836,0,0.827906976744186,0.304347826086957,0.355960264900662,0.705693924560898,0,24.3,39.3
2014,POST,00-0028007,,Rob Housler,TE,TE,"https://static.www.nfl.com/image/private/f_auto,q_auto/league/lnu7z4mvnadgcnppqbxz",1,ARI,0,0,0,0,0,0,0,0,0,0,0,0,,0,,,0,0,0,0,0,0,,0,0,2,0,0,0,0,22,0,0,-1.27867432462517,0,0.0,0.0714285714285714,0.0883534136546185,0.16899024670109,0,0.0,0.0
2014,POST,00-0028009,D.Murray,DeMarco Murray,RB,RB,"https://static.www.nfl.com/image/private/f_auto,q_auto/league/lu4pqg7cvxbz7z4oormo",2,DAL,0,0,0,0,0,0,0,0,0,0,0,0,,0,,,44,198,2,1,1,12,-0.264909372926923,0,4,6,27,0,0,0,0,27,1,-2.05726657167543,0,0.0,0.12,0.0,0.18,0,32.5,36.5
2014,POST,00-0028067,J.Thomas,Julius Thomas,TE,TE,"https://static.www.nfl.com/image/private/f_auto,q_auto/league/ephrfopvlebj4fdcl67a",1,DEN,0,0,0,0,0,0,0,0,0,0,0,0,,0,,,0,0,0,0,0,0,,0,6,7,53,0,0,0,58,10,2,1.83889343973715,0,0.913793103448276,0.155555555555556,0.122105263157895,0.31880701754386,0,5.3,11.3
2014,POST,00-0028114,D.Harris,Dwayne Harris,WR,WR,"https://static.www.nfl.com/image/private/f_auto,q_auto/league/cz34jefkstkm3mvjznvg",1,DAL,0,0,0,0,0,0,0,0,0,0,0,0,,0,,,0,0,0,0,0,0,,0,1,1,5,0,0,0,-2,7,0,0.105561640812084,0,0.0,0.032258064516129,-0.008695652173913,0.0423001402524544,0,0.5,1.5
2014,POST,00-0028142,V.Green,Virgil Green,TE,TE,"https://static.www.nfl.com/image/private/f_auto,q_auto/league/wcdedz1qf7ybkujat6bu",1,DEN,0,0,0,0,0,0,0,0,0,0,0,0,,0,,,0,0,0,0,0,0,,0,1,2,4,0,0,0,2,2,0,-0.815150302601978,0,2.0,0.0444444444444444,0.0042105263157894,0.0696140350877193,0,0.4,1.4
2014,POST,00-0028249,J.Ross,Jeremy Ross,WR,WR,"https://static.www.nfl.com/image/private/f_auto,q_auto/league/r5cp8mxbvtn7tomfavni",1,DET,0,0,0,0,0,0,0,0,0,0,0,0,,0,,,0,0,0,0,0,0,,0,0,1,0,0,0,0,11,0,0,-0.331261987506878,0,0.0,0.0238095238095238,0.0383275261324042,0.0625435540069686,0,0.0,0.0
2014,POST,00-0028345,,Robert Hughes,RB,RB,,1,ARI,0,0,0,0,0,0,0,0,0,0,0,0,,0,,,1,0,0,0,0,0,-1.71897372510284,0,1,1,6,0,0,0,-1,7,0,-0.708403233904392,0,-6.0,0.0357142857142857,-0.0040160642570281,0.0507601835915089,0,0.6,1.6
2014,POST,00-0028434,D.Baldwin,Doug Baldwin,WR,WR,"https://static.www.nfl.com/image/private/f_auto,q_auto/league/kccmcttfdtl7m3g49vb8",3,SEA,0,0,0,0,0,0,0,0,0,0,0,0,,0,,,0,0,0,0,0,0,,0,10,14,147,2,0,0,131,50,8,10.7454666178091,0,1.12213740458015,0.197183098591549,0.136033229491173,0.390997908531145,0,26.7,36.7
2014,POST,00-0028442,,Ricardo Lockette,WR,WR,"https://static.www.nfl.com/image/private/f_auto,q_auto/league/ndopq6pewcj9dfr27hlc",3,SEA,0,0,0,0,0,0,0,0,0,0,0,0,,0,,,1,4,0,0,0,0,0.163750190637074,0,6,9,90,0,0,0,117,18,5,-0.672818554798141,0,0.769230769230769,0.126760563380282,0.121495327102804,0.275187574042385,0,9.4,15.4
2014,POST,00-0028497,K.Aiken,Kamar Aiken,WR,WR,"https://static.www.nfl.com/image/private/f_auto,q_auto/league/u0fe10u5kbeyhe65spby",2,BAL,0,0,0,0,0,0,0,0,0,0,0,0,,0,,,0,0,0,0,0,0,,0,2,3,23,1,0,0,17,14,1,1.91345175862079,0,1.35294117647059,0.0405405405405405,0.0228494623655914,0.0768054344667248,0,8.3,10.3
2014,POST,00-0028702,C.Matthews,Chris Matthews,WR,WR,"https://static.www.nfl.com/image/private/f_auto,q_auto/league/yhaaa3gyqbin9feahr0v",1,SEA,0,0,0,0,0,0,0,0,0,0,0,0,,0,,,0,0,0,0,0,0,,0,4,5,109,1,0,0,146,10,3,11.2886189325945,0,0.746575342465753,0.25,0.370558375634518,0.634390862944162,0,16.9,20.9
2014,POST,00-0028841,,Will Johnson,RB,RB,"https://static.www.nfl.com/image/private/f_auto,q_auto/league/zon7oejkgzgqyzcdhach",1,PIT,0,0,0,0,0,0,0,0,0,0,0,0,,0,,,1,3,0,0,0,1,2.16069408855401,0,0,0,0,0,0,0,0,0,0,,0,,,,,0,0.3,0.3
2014,POST,00-0029000,C.Beasley,Cole Beasley,WR,WR,"https://static.www.nfl.com/image/private/f_auto,q_auto/league/y5r0fhwctl6ljwvmktvu",2,DAL,0,0,0,0,0,0,0,0,0,0,0,0,,0,,,0,0,0,0,0,0,,0,7,11,101,0,0,0,53,64,4,5.09641424438451,0,1.90566037735849,0.22,0.142091152815013,0.429463806970509,0,10.1,17.1
2014,POST,00-0029104,,Jonas Gray,RB,RB,,1,NE,0,0,0,0,0,0,0,0,0,0,0,0,,0,,,4,4,0,0,0,0,-2.34807524923235,0,0,0,0,0,0,0,0,0,0,,0,,,,,0,0.4,0.4
2014,POST,00-0029159,J.Kearse,Jermaine Kearse,WR,WR,"https://static.www.nfl.com/image/private/f_auto,q_auto/league/tvnzajvst7kdglamw4t6",3,SEA,0,0,0,0,0,0,0,0,0,0,0,0,,0,,,0,0,0,0,0,0,,0,7,15,209,2,0,0,345,51,6,0.178520584129728,0,0.605797101449275,0.211267605633803,0.358255451713396,0.567680224650081,0,32.9,39.9
2014,POST,00-0029239,B.Bolden,Brandon Bolden,RB,RB,"https://static.www.nfl.com/image/private/f_auto,q_auto/league/kqqwz35z9brhkzbs4bcn",1,NE,0,0,0,0,0,0,0,0,0,0,0,0,,0,,,3,7,0,0,0,1,-0.29044987243833,0,1,1,11,0,0,0,-2,13,1,0.909812925383449,0,-5.5,0.02,-0.0045871559633027,0.0267889908256881,0,1.8,2.8
2014,POST,00-0029263,R.Wilson,Russell Wilson,QB,QB,"https://static.www.nfl.com/image/private/f_auto,q_auto/league/gebzv2aljujgleboe4ns",3,SEA,41,72,724,6,5,10,58,0,0,975,229,29,8.77605153571605,1,0.742564102564103,0.108496278208189,17,86,1,2,0,6,0.361210120550822,0,0,0,0,0,0,0,0,0,0,,0,,,,,0,59.56,59.56
2014,POST,00-0029264,B.Pierce,Bernard Pierce,RB,RB,"https://static.www.nfl.com/image/private/f_auto,q_auto/league/fpkdvnu4uzvwxhwaryzm",2,BAL,0,0,0,0,0,0,0,0,0,0,0,0,,0,,,2,7,1,0,0,1,1.34961001313059,0,0,0,0,0,0,0,0,0,0,,0,,,,,0,6.7,6.7
2014,POST,00-0029273,R.Turbin,Robert Turbin,RB,RB,"https://static.www.nfl.com/image/private/f_auto,q_auto/league/vkqpomzfvo7kei1729jm",3,SEA,0,0,0,0,0,0,0,0,0,0,0,0,,0,,,11,48,0,0,0,2,-1.86724405214773,0,1,2,-2,0,0,0,-10,3,0,-0.523456188617274,0,0.2,0.0392156862745098,-0.0175746924428823,0.0465212447017471,0,4.6,5.6
2014,POST,00-0029304,B.Nortman,Brad Nortman,P,SPEC,"https://static.www.nfl.com/image/private/f_auto,q_auto/league/aps6fvcgwuqcpsnlkcy5",1,CAR,0,0,0,0,0,0,0,0,0,0,0,0,,0,,,2,-2,0,1,0,0,-3.80955524998717,0,0,0,0,0,0,0,0,0,0,,0,,,,,0,-0.2,-0.2
2014,POST,00-0029394,B.Bersin,Brenton Bersin,WR,WR,"https://static.www.nfl.com/image/private/f_auto,q_auto/league/gjkirn3lffpdr7gn8ars",2,CAR,0,0,0,0,0,0,0,0,0,0,0,0,,0,,,0,0,0,0,0,0,,0,2,2,17,0,0,0,7,10,1,-0.340206588269211,0,2.42857142857143,0.0294117647058824,0.0121107266435986,0.0525951557093426,0,1.7,3.7
2014,POST,00-0029531,,Ryan Lindley,QB,QB,"https://static.www.nfl.com/image/private/f_auto,q_auto/league/hkcspynbhidpjfs3npao",1,ARI,16,28,82,1,2,4,31,1,0,249,19,5,-16.8409853824705,0,0.329317269076305,0.0159730028235727,0,0,0,0,0,0,,0,0,0,0,0,0,0,0,0,0,,0,,,,,0,3.28,3.28
2014,POST,00-0029534,C.Helfet,Cooper Helfet,TE,TE,"https://static.www.nfl.com/image/private/f_auto,q_auto/league/qwcm0hofeezyv0fr1wbf",1,SEA,0,0,0,0,0,0,0,0,0,0,0,0,,0,,,0,0,0,0,0,0,,0,0,3,0,0,0,0,21,0,0,-1.98061920085456,0,0.0,0.136363636363636,0.0976744186046512,0.27291754756871,0,0.0,0.0
2014,POST,00-0029588,,Dan Herron,RB,RB,,3,IND,0,0,0,0,0,0,0,0,0,0,0,0,,0,,,45,170,2,1,0,10,-3.04934847991747,0,20,23,128,0,1,1,37,123,5,-3.69148953570309,0,3.45945945945946,0.196581196581197,0.0343228200371058,0.318897768897769,0,39.8,59.8
2014,POST,00-0029608,T.Hilton,T.Y. Hilton,WR,WR,"https://static.www.nfl.com/image/private/f_auto,q_auto/league/b8kor0sgeynyd8u8cush",3,IND,0,0,0,0,0,0,0,0,0,0,0,0,,0,,,1,1,0,0,0,0,-0.470421585254371,0,11,28,211,0,0,0,414,58,10,0.180680653910545,0,0.509661835748792,0.239316239316239,0.38404452690167,0.627805527805528,0,21.2,32.2
2014,POST,00-0029632,M.Sanu,Mohamed Sanu,WR,WR,"https://static.www.nfl.com/image/private/f_auto,q_auto/league/a6loroqhta6g65aqnsrk",1,CIN,0,0,0,0,0,0,0,0,0,0,0,0,,0,,,0,0,0,0,0,0,,0,3,7,31,0,0,0,59,15,2,-1.13638860464562,0,0.525423728813559,0.205882352941176,0.195364238410596,0.445578496299182,0,3.1,6.1
2014,POST,00-0029638,M.Floyd,Michael Floyd,WR,WR,"https://static.www.nfl.com/image/private/f_auto,q_auto/league/lisxjuyoo7hiux1ac4jb",1,ARI,0,0,0,0,0,0,0,0,0,0,0,0,,0,,,0,0,0,0,0,0,,0,1,2,-12,0,1,0,38,-20,1,0.798141130013391,0,-0.315789473684211,0.0714285714285714,0.152610441767068,0.213970166379805,0,-1.2,-0.2
2014,POST,00-0029668,A.Luck,Andrew Luck,QB,QB,"https://static.www.nfl.com/image/private/f_auto,q_auto/league/ojix2ha2u58zqozaw756",3,IND,70,120,767,3,4,1,8,0,0,1131,348,37,8.49897693228152,0,0.67816091954023,0.0718204633306718,8,57,0,0,0,3,3.23701497790171,0,0,0,0,0,0,0,0,0,0,,0,,,,,0,40.38,40.38
2014,POST,00-0029683,R.Hillman,Ronnie Hillman,RB,RB,"https://static.www.nfl.com/image/private/f_auto,q_auto/league/quqwvjr2zciit0emquzg",1,DEN,0,0,0,0,0,0,0,0,0,0,0,0,,0,,,2,8,0,0,0,1,-0.0328945517539978,0,0,0,0,0,0,0,0,0,0,,0,,,,,0,0.8,0.8
2014,POST,00-0029689,D.Allen,Dwayne Allen,TE,TE,"https://static.www.nfl.com/image/private/f_auto,q_auto/league/wduwt0ibzoutozuywe4b",3,IND,0,0,0,0,0,0,0,0,0,0,0,0,,0,,,0,0,0,0,0,0,,0,11,13,90,1,0,0,80,41,6,7.62073170061922,0,1.125,0.111111111111111,0.0742115027829314,0.218614718614719,0,15.0,26.0
2014,POST,00-0029697,C.Fleener,Coby Fleener,TE,TE,"https://static.www.nfl.com/image/private/f_auto,q_auto/league/csj8khi0e2rpkvqqjmc1",3,IND,0,0,0,0,0,0,0,0,0,0,0,0,,0,,,0,0,0,0,0,0,,0,7,12,97,0,0,0,113,49,5,5.81641276058266,0,0.858407079646018,0.102564102564103,0.104823747680891,0.227222777222777,0,9.7,16.7
2014,POST,00-0029731,F.Whittaker,Fozzy Whittaker,RB,RB,"https://static.www.nfl.com/image/private/f_auto,q_auto/league/lyk6elzqjynnxbxe6qlr",2,CAR,0,0,0,0,0,0,0,0,0,0,0,0,,0,,,2,5,0,0,0,1,-0.226258669223171,0,1,1,39,1,0,0,-6,45,1,3.35078636324033,0,-6.5,0.03125,-0.0289855072463768,0.0265851449275362,0,10.4,11.4
2014,POST,00-0029738,D.Fells,Darren Fells,TE,TE,"https://static.www.nfl.com/image/private/f_auto,q_auto/league/eh0rbweg4wbzgzpvprnv",1,ARI,0,0,0,0,0,0,0,0,0,0,0,0,,0,,,0,0,0,0,0,0,,0,1,1,1,1,0,0,1,0,1,0.667306368181016,0,1.0,0.0357142857142857,0.0040160642570281,0.0563826735513483,0,6.1,7.1
2014,POST,00-0029854,C.Anderson,C.J. Anderson,RB,RB,"https://static.www.nfl.com/image/private/f_auto,q_auto/league/jqqdxuowpdgl06zy0g0a",1,DEN,0,0,0,0,0,0,0,0,0,0,0,0,,0,,,18,80,0,0,0,5,0.143162398249842,0,6,6,29,0,0,0,3,26,1,-2.39970119658392,0,9.66666666666667,0.133333333333333,0.0063157894736842,0.204421052631579,0,10.9,16.9
2014,POST,00-0029892,K.Juszczyk,Kyle Juszczyk,FB,RB,"https://static.www.nfl.com/image/private/f_auto,q_auto/league/eqb3lq4bip6oa5kiz1ze",2,BAL,0,0,0,0,0,0,0,0,0,0,0,0,,0,,,0,0,0,0,0,0,,0,6,9,45,0,1,0,56,33,3,2.62366546673002,0,0.803571428571429,0.121621621621622,0.0752688172043011,0.235120604475443,0,4.5,10.5
2014,POST,00-0030089,L.Willson,Luke Willson,TE,TE,"https://static.www.nfl.com/image/private/f_auto,q_auto/league/a6zcpjyfusebcm8i3w2w",2,SEA,0,0,0,0,0,0,0,0,0,0,0,0,,0,,,0,0,0,0,0,0,,0,6,9,79,1,0,0,31,54,4,4.70479152037296,1,2.54838709677419,0.176470588235294,0.054481546572935,0.302842964953996,0,15.9,21.9
2014,POST,00-0030095,C.Fuller,Corey Fuller,WR,WR,"https://static.www.nfl.com/image/private/f_auto,q_auto/league/omxsxhwznxnay3ynkjph",1,DET,0,0,0,0,0,0,0,0,0,0,0,0,,0,,,0,0,0,0,0,0,,0,2,3,26,0,0,0,34,14,1,1.29299427667866,0,0.764705882352941,0.0714285714285714,0.118466898954704,0.19006968641115,0,2.6,4.6
2014,POST,00-0030107,T.Riddick,Theo Riddick,RB,RB,"https://static.www.nfl.com/image/private/f_auto,q_auto/league/aptuag5ocazmionhvnt6",1,DET,0,0,0,0,0,0,0,0,0,0,0,0,,0,,,0,0,0,0,0,0,,0,4,7,39,0,0,0,11,38,2,-0.284488419711124,0,3.54545454545455,0.166666666666667,0.0383275261324042,0.276829268292683,0,3.9,7.9
2014,POST,00-0030117,K.Williams,Kerwynn Williams,RB,RB,"https://static.www.nfl.com/image/private/f_auto,q_auto/league/g8b72moacoymckyvl0ig",1,ARI,0,0,0,0,0,0,0,0,0,0,0,0,,0,,,10,23,0,0,0,1,-1.1505062909855,0,3,3,0,0,0,0,-8,8,0,-0.138164326082915,0,0.0,0.107142857142857,-0.0321285140562249,0.138224325874928,0,2.3,5.3
2014,POST,00-0030181,J.Doyle,Jack Doyle,TE,TE,"https://static.www.nfl.com/image/private/f_auto,q_auto/league/h6abyvmg2g93llboizi6",3,IND,0,0,0,0,0,0,0,0,0,0,0,0,,0,,,0,0,0,0,0,0,,0,6,9,23,0,0,0,2,22,0,-4.02709949976997,0,11.5,0.0769230769230769,0.0018552875695732,0.116683316683317,0,2.3,8.3
2014,POST,00-0030282,,Stepfan Taylor,RB,RB,"https://static.www.nfl.com/image/private/f_auto,q_auto/league/lmm9nz05jrntbpuaveqc",1,ARI,0,0,0,0,0,0,0,0,0,0,0,0,,0,,,3,3,0,0,0,0,-1.19069963891525,0,0,0,0,0,0,0,0,0,0,,0,,,,,0,0.3,0.3
2014,POST,00-0030288,R.Burkhead,Rex Burkhead,RB,RB,"https://static.www.nfl.com/image/private/f_auto,q_auto/league/ysgdnkasvp07qmrkasve",1,CIN,0,0,0,0,0,0,0,0,0,0,0,0,,0,,,1,23,0,0,0,1,1.4796617818065,0,3,3,34,0,0,0,13,21,1,1.10648245672928,0,2.61538461538462,0.0882352941176471,0.043046357615894,0.162485391507596,0,5.7,8.7
2014,POST,00-0030290,C.Hamilton,Cobi Hamilton,WR,WR,"https://static.www.nfl.com/image/private/f_auto,q_auto/league/fslk4pbx1mtdjdl5zk9g",1,CIN,0,0,0,0,0,0,0,0,0,0,0,0,,0,,,0,0,0,0,0,0,,0,0,2,0,0,0,0,53,0,0,-1.23074870527489,0,0.0,0.0588235294117647,0.175496688741722,0.211082976236852,0,0.0,0.0
2014,POST,00-0030300,J.Brown,Jaron Brown,WR,WR,"https://static.www.nfl.com/image/private/f_auto,q_auto/league/y41u4egwigms9rg2p3ln",1,ARI,0,0,0,0,0,0,0,0,0,0,0,0,,0,,,0,0,0,0,0,0,,0,0,1,0,0,0,0,2,0,0,-1.50900200894102,0,0.0,0.0357142857142857,0.0080321285140562,0.0591939185312679,0,0.0,0.0
2014,POST,00-0030388,,Joseph Randle,RB,RB,"https://static.www.nfl.com/image/private/f_auto,q_auto/league/ok4rzlin9g6kxfr9lajx",1,DAL,0,0,0,0,0,0,0,0,0,0,0,0,,0,,,2,15,0,0,0,1,0.875484936404973,0,0,0,0,0,0,0,0,0,0,,0,,,,,0,1.5,1.5
2014,POST,00-0030400,M.Brown,Marlon Brown,WR,WR,"https://static.www.nfl.com/image/private/f_auto,q_auto/league/zdfywwd0yvsd6okfa5sr",2,BAL,0,0,0,0,0,0,0,0,0,0,0,0,,0,,,0,0,0,0,0,0,,0,6,10,48,0,0,0,80,14,2,-0.559481168748483,0,0.6,0.135135135135135,0.10752688172043,0.277971519907004,0,4.8,10.8
2014,POST,00-0030456,G.Bernard,Giovani Bernard,RB,RB,"https://static.www.nfl.com/image/private/f_auto,q_auto/league/guht9y14gftgsugb87xz",1,CIN,0,0,0,0,0,0,0,0,0,0,0,0,,0,,,3,6,0,0,0,0,-0.845426378538832,0,8,9,46,0,0,0,-6,49,2,-0.570979579628875,0,-7.66666666666667,0.264705882352941,-0.0198675496688742,0.3831515387612,0,5.2,13.2
2014,POST,00-0030460,M.Wheaton,Markus Wheaton,WR,WR,"https://static.www.nfl.com/image/private/f_auto,q_auto/league/hd28smxn43jzwkdikpd0",1,PIT,0,0,0,0,0,0,0,0,0,0,0,0,,0,,,0,0,0,0,0,0,,0,5,6,66,0,0,0,58,27,4,4.70654110412579,0,1.13793103448276,0.125,0.126637554585153,0.276146288209607,0,6.6,11.6
2014,POST,00-0030485,E.Lacy,Eddie Lacy,RB,RB,"https://static.www.nfl.com/image/private/f_auto,q_auto/league/ckn4luxcj2oc2c24fh7i",2,GB,0,0,0,0,0,0,0,0,0,0,0,0,,0,,,40,174,0,0,0,8,-4.10076373510904,0,1,4,10,0,0,0,-2,8,0,-1.58293462208726,0,-5.0,0.0579710144927536,-0.0033112582781457,0.0846386409444284,0,18.4,19.4
2014,POST,00-0030542,T.Williams,Terrance Williams,WR,WR,"https://static.www.nfl.com/image/private/f_auto,q_auto/league/emdrh1uwgitgnw1wytiv",2,DAL,0,0,0,0,0,0,0,0,0,0,0,0,,0,,,0,0,0,0,0,0,,0,4,8,130,3,0,0,126,97,3,10.9082142717962,0,1.03174603174603,0.16,0.337801608579088,0.476461126005362,0,31.0,35.0
2014,POST,00-0030544,G.Escobar,Gavin Escobar,TE,TE,"https://static.www.nfl.com/image/private/f_auto,q_auto/league/zpne5eocfe1wlkabs4gq",1,DAL,0,0,0,0,0,0,0,0,0,0,0,0,,0,,,0,0,0,0,0,0,,0,0,2,0,0,0,0,33,0,0,-1.91746704903198,0,0.0,0.0645161290322581,0.143478260869565,0.197208976157083,0,0.0,0.0
2014,POST,00-0030780,R.Hewitt,Ryan Hewitt,TE,TE,"https://static.www.nfl.com/image/private/f_auto,q_auto/league/egbpiaml7idnpcxa1x8q",1,CIN,0,0,0,0,0,0,0,0,0,0,0,0,,0,,,0,0,0,0,0,0,,0,3,5,37,0,0,0,31,24,2,0.564204947149847,0,1.19354838709677,0.147058823529412,0.102649006622517,0.292442539929879,0,3.7,6.7
2014,POST,00-0030855,,Zurlon Tipton,RB,RB,"https://static.www.nfl.com/image/private/f_auto,q_auto/league/d2zoqlarp9qvyvlmcxih",3,IND,0,0,0,0,0,0,0,0,0,0,0,0,,0,,,18,68,1,0,0,5,-3.91527336428952,0,3,7,22,0,0,0,8,19,1,-7.18975652416702,0,2.75,0.0598290598290598,0.0074211502782931,0.0949383949383949,0,15.0,18.0
2014,POST,00-0030899,G.Gilliam,Garry Gilliam,OT,OL,"https://static.www.nfl.com/image/private/f_auto,q_auto/league/euek9fsawjricagf7mwu",1,SEA,0,0,0,0,0,0,0,0,0,0,0,0,,0,,,0,0,0,0,0,0,,0,1,1,19,1,0,0,19,0,1,4.42529469291912,0,1.0,0.0344827586206897,0.0536723163841808,0.089294759399961,0,7.9,8.9
2014,POST,00-0030992,C.Gillmore,Crockett Gillmore,TE,TE,"https://static.www.nfl.com/image/private/f_auto,q_auto/league/wdnss99dxs771hd8ifpn",2,BAL,0,0,0,0,0,0,0,0,0,0,0,0,,0,,,0,0,0,0,0,0,,0,2,2,30,1,0,0,5,25,1,3.42409465881065,0,6.0,0.027027027027027,0.0067204301075268,0.0452448416158094,0,9.0,11.0
2014,POST,00-0030999,,Marion Grice,RB,RB,,1,ARI,0,0,0,0,0,0,0,0,0,0,0,0,,0,,,1,1,1,0,0,1,0.769944229075918,0,0,0,0,0,0,0,0,0,0,,0,,,,,0,6.1,6.1
2014,POST,00-0031025,M.Campanaro,Michael Campanaro,WR,WR,"https://static.www.nfl.com/image/private/f_auto,q_auto/league/zpr9fkukakcfyfefypf7",1,BAL,0,0,0,0,0,0,0,0,0,0,0,0,,0,,,1,0,0,0,0,0,-1.56917033786885,0,4,4,39,0,0,0,18,21,2,2.33701208292041,0,2.16666666666667,0.0888888888888889,0.0441176470588235,0.16421568627451,0,3.9,7.9
2014,POST,00-0031051,J.Brown,John Brown,WR,WR,"https://static.www.nfl.com/image/private/f_auto,q_auto/league/xwyc2a0qfdxbbct6lso6",1,ARI,0,0,0,0,0,0,0,0,0,0,0,0,,0,,,0,0,0,0,0,0,,0,4,5,34,0,0,0,40,17,1,-0.800009852129733,0,0.85,0.178571428571429,0.160642570281125,0.38030694205393,0,3.4,7.4
2014,POST,00-0031118,C.Brown,Corey Brown,WR,WR,"https://static.www.nfl.com/image/private/f_auto,q_auto/league/lgk5rlkpxd0vw28nhrrq",2,CAR,0,0,0,0,0,0,0,0,0,0,0,0,,0,,,0,0,0,0,0,0,,0,5,11,61,0,0,0,132,13,4,-1.89781092793124,0,0.462121212121212,0.161764705882353,0.228373702422145,0.402508650519031,0,6.1,11.1
2014,POST,00-0031257,P.Richardson,Paul Richardson,WR,WR,"https://static.www.nfl.com/image/private/f_auto,q_auto/league/jxsldwomavxfbs7gueqt",1,SEA,0,0,0,0,0,0,0,0,0,0,0,0,,0,,,0,0,0,0,0,0,,0,1,2,21,0,0,0,58,10,1,1.77730608545244,0,0.362068965517241,0.0909090909090909,0.269767441860465,0.325200845665962,0,2.1,3.1
2014,POST,00-0031301,J.Hill,Jeremy Hill,RB,RB,"https://static.www.nfl.com/image/private/f_auto,q_auto/league/rafvidcbp023aupumccx",1,CIN,0,0,0,0,0,0,0,0,0,0,0,0,,0,,,13,47,1,0,0,3,0.575867401203141,0,0,0,0,0,0,0,0,0,0,,0,,,,,0,10.7,10.7
2014,POST,00-0031327,,Kevin Norwood,WR,WR,"https://static.www.nfl.com/image/private/f_auto,q_auto/league/l7maq8et7k8xcudhevwp",1,SEA,0,0,0,0,0,0,0,0,0,0,0,0,,0,,,0,0,0,0,0,0,,0,0,1,0,0,0,0,12,0,0,-0.826990316621959,0,0.0,0.0344827586206897,0.0338983050847458,0.0754529514903565,0,0.0,0.0
2014,POST,00-0031332,F.Toussaint,Fitzgerald Toussaint,RB,RB,"https://static.www.nfl.com/image/private/f_auto,q_auto/league/rckiakioqzv7cjqaeg1d",1,BAL,0,0,0,0,0,0,0,0,0,0,0,0,,0,,,2,5,0,0,0,0,-0.371793702011928,0,1,1,-7,0,0,0,-7,0,0,-1.54761169245467,0,1.0,0.0222222222222222,-0.017156862745098,0.0213235294117647,0,-0.2,0.8
2014,POST,00-0031339,D.Moncrief,Donte Moncrief,WR,WR,"https://static.www.nfl.com/image/private/f_auto,q_auto/league/iippulnxfyjgrlj2p5qw",3,IND,0,0,0,0,0,0,0,0,0,0,0,0,,0,,,0,0,0,0,0,0,,0,5,12,86,1,0,0,217,9,4,3.44572420482291,0,0.3963133640553,0.102564102564103,0.201298701298701,0.294755244755245,0,14.6,19.6
2014,POST,00-0031359,K.Benjamin,Kelvin Benjamin,WR,WR,"https://static.www.nfl.com/image/private/f_auto,q_auto/league/ygtlhauauds9yoyatu5e",2,CAR,0,0,0,0,0,0,0,0,0,0,0,0,,0,,,0,0,0,0,0,0,,0,11,17,108,2,0,0,176,32,7,7.28555103844424,0,0.613636363636364,0.25,0.304498269896194,0.588148788927336,0,22.8,33.8
2014,POST,00-0031373,M.Bryant,Martavis Bryant,WR,WR,"https://static.www.nfl.com/image/private/f_auto,q_auto/league/davxza3iibzg7aw6c5jm",1,PIT,0,0,0,0,0,0,0,0,0,0,0,0,,0,,,1,6,0,0,0,0,0.20715283032041,0,5,9,61,1,0,0,121,10,3,1.91719477860266,0,0.504132231404959,0.1875,0.264192139737991,0.466184497816594,0,12.7,17.7
2014,POST,00-0031381,D.Adams,Davante Adams,WR,WR,"https://static.www.nfl.com/image/private/f_auto,q_auto/league/grvqvmdzu2lsbgvqoxku",2,GB,0,0,0,0,0,0,0,0,0,0,0,0,,0,,,0,0,0,0,0,0,,0,8,14,124,1,0,0,140,80,5,2.15747448455476,0,0.885714285714286,0.202898550724638,0.231788079470199,0.466599481716096,0,18.4,26.4
2014,POST,00-0031384,R.Rodgers,Richard Rodgers,TE,TE,"https://static.www.nfl.com/image/private/f_auto,q_auto/league/l9zei9dkcmbml3q1nshk",2,GB,0,0,0,0,0,0,0,0,0,0,0,0,,0,,,0,0,0,0,0,0,,0,5,6,48,1,0,0,53,6,4,5.14245317067253,0,0.905660377358491,0.0869565217391304,0.0877483443708609,0.191858623668298,0,10.8,15.8
2014,POST,00-0031387,E.Ebron,Eric Ebron,TE,TE,"https://static.www.nfl.com/image/private/f_auto,q_auto/league/uaxsxymncppase7ihczd",1,DET,0,0,0,0,0,0,0,0,0,0,0,0,,0,,,0,0,0,0,0,0,,0,3,3,21,0,0,0,3,18,0,0.549275731144007,0,7.0,0.0714285714285714,0.0104529616724739,0.114459930313589,0,2.1,5.1
2014,POST,00-0031392,,Dri Archer,RB,RB,,1,PIT,0,0,0,0,0,0,0,0,0,0,0,0,,0,,,1,-1,0,0,0,0,-0.941083063720725,0,3,4,15,0,0,0,10,8,0,-0.201305253896862,0,1.5,0.0833333333333333,0.0218340611353712,0.14028384279476,0,1.4,4.4
2014,POST,00-0031450,,Josh Harris,RB,RB,"https://static.www.nfl.com/image/private/f_auto,q_auto/league/qal5jbwkbcmsctnnvjoi",1,PIT,0,0,0,0,0,0,0,0,0,0,0,0,,0,,,9,25,0,0,0,2,-0.967095312313177,0,2,2,6,0,0,0,-7,13,0,0.0209754235111177,0,-0.857142857142857,0.0416666666666667,-0.0152838427947598,0.0518013100436681,0,3.1,5.1
2014,REG+POST,00-0007091,,Matt Hasselbeck,QB,QB,"https://static.www.nfl.com/image/private/f_auto,q_auto/league/t1nf9avoy2kauqwrvzza",4,IND,30,44,301,2,0,2,7,1,1,313,182,17,-0.628050634928208,0,0.961661341853035,0.124950599633781,8,-11,0,0,0,0,-7.7569808671833,0,0,0,0,0,0,0,0,0,0,,0,,,,,0,16.94,16.94
2014,REG+POST,00-0010346,,Peyton Manning,QB,QB,"https://static.www.nfl.com/image/private/f_auto,q_auto/league/xpcd6auodk3w0vda6jal",17,DEN,421,643,4938,40,15,19,129,3,2,5546,1960,235,103.787634547168,2,0.890371438874865,0.121740275359587,24,-24,0,3,1,0,-24.8124112918158,0,0,0,0,0,0,0,0,0,0,,0,,,,,0,323.12,323.12
2014,REG+POST,00-0019596,T.Brady,Tom Brady,QB,QB,"https://static.www.nfl.com/image/private/f_auto,q_auto/league/q7dpdlxyu5rs05rgh1le",19,NE,466,717,5030,43,13,25,158,5,3,5659,2291,275,151.780429885044,0,0.888849620074218,0.136851654058099,47,67,1,1,0,15,-0.203737374715274,0,0,0,0,0,0,0,0,0,0,,0,,,,,0,353.9,353.9
2014,REG+POST,00-0019714,S.Lechler,Shane Lechler,P,SPEC,"https://static.www.nfl.com/image/private/f_auto,q_auto/league/we3oe5jqnrb4ag3d4pqu",1,HOU,1,1,10,0,0,0,0,0,0,0,10,1,2.79223562870175,0,0.0,,0,0,0,0,0,0,,0,0,0,0,0,0,0,0,0,0,,0,,,,,0,0.4,0.4
2014,REG+POST,00-0020245,,Mike Vick,QB,QB,"https://static.www.nfl.com/image/private/f_auto,q_auto/league/hrg4riwhpjbijfovsjrk",9,NYJ,64,121,604,3,2,19,85,3,1,1055,250,33,-48.4193069326558,0,0.572511848341232,0.0033490505478461,26,153,0,2,1,10,-2.78648311563302,0,0,0,0,0,0,0,0,0,0,,0,,,,,0,43.46,43.46
2014,REG+POST,00-0020337,,Steve Smith,WR,WR,"https://static.www.nfl.com/image/private/f_auto,q_auto/league/k23e0b8cto93he9rt0zc",18,BAL,0,0,0,0,0,0,0,0,0,0,0,0,,0,,,0,0,0,0,0,0,,0,87,145,1210,7,2,1,1571,387,51,50.0254325894327,0,0.770210057288351,0.235772357723577,0.293042342846484,0.558788176577905,0,161.0,248.0
2014,REG+POST,00-0020494,,Santana Moss,WR,WR,,5,WAS,0,0,0,0,0,0,0,0,0,0,0,0,,0,,,0,0,0,0,0,0,,0,10,15,116,0,0,0,111,74,6,4.04795922181802,0,1.04504504504505,0.0833333333333333,0.0949529512403764,0.191467065868263,0,11.6,21.6
2014,REG+POST,00-0020498,,Reggie Wayne,WR,WR,,18,IND,0,0,0,0,0,0,0,0,0,0,0,0,,0,,,0,0,0,0,0,0,,0,65,121,791,2,1,1,1185,278,41,-12.4712467234152,0,0.667510548523207,0.168055555555556,0.186997001735837,0.382981234548419,0,89.1,154.1
2014,REG+POST,00-0020531,D.Brees,Drew Brees,QB,QB,"https://static.www.nfl.com/image/private/f_auto,q_auto/league/i20xlpzdmn7xubotijjd",16,NO,456,659,4952,33,17,29,186,5,3,5072,2173,258,103.029788144097,0,0.976340694006309,0.13908210001837,27,68,1,2,0,6,-3.02074464561883,0,1,1,1,0,0,0,0,1,0,-0.543649147031829,0,0.0,0.0263157894736842,,,0,302.98,303.98
2014,REG+POST,00-0020679,,Shaun Hill,QB,QB,"https://static.www.nfl.com/image/private/f_auto,q_auto/league/dn42ccbwrshm7uksyphy",8,LA,145,229,1657,8,7,18,116,5,1,1807,809,81,-23.8988136999166,0,0.916989485334809,0.0157045863932888,10,10,1,2,0,1,-7.34511819202453,0,1,1,0,0,0,0,0,0,0,-1.4523300213316,0,,0.0344827586206897,,,0,89.28,90.28
2014,REG+POST,00-0021140,J.Peppers,Julius Peppers,DE,DL,"https://static.www.nfl.com/image/private/f_auto,q_auto/league/c7tpbqsqzbg4vw5axw71",1,GB,0,0,0,0,0,0,0,0,0,0,0,0,,0,,,0,0,0,0,0,0,,0,0,1,0,0,0,0,3,0,0,-1.00952622015029,0,0.0,0.025,0.0125523012552301,0.0462866108786611,0,0.0,0.0
2014,REG+POST,00-0021206,J.McCown,Josh McCown,QB,QB,"https://static.www.nfl.com/image/private/f_auto,q_auto/league/qcauc37wqjdaxdbq1evu",11,TB,184,327,2206,11,14,36,235,9,3,3268,738,98,-29.446014844427,0,0.675030599755202,0.0211167243646529,25,127,3,1,1,10,1.3190884016332,0,0,0,0,0,0,0,0,0,0,,0,,,,,0,126.94,126.94
2014,REG+POST,00-0021429,C.Palmer,Carson Palmer,QB,QB,"https://static.www.nfl.com/image/private/f_auto,q_auto/league/belgna3tokxga0gjjmwk",6,ARI,141,224,1626,11,3,9,59,2,1,2050,747,82,32.8193431550319,0,0.793170731707317,0.113067899140353,8,25,0,1,0,1,-4.40535474458011,0,0,0,0,0,0,0,0,0,0,,0,,,,,0,103.54,103.54
2014,REG+POST,00-0021547,A.Gates,Antonio Gates,TE,TE,"https://static.www.nfl.com/image/private/f_auto,q_auto/league/kndulvysinvn4tpvt0bc",16,LAC,0,0,0,0,0,0,0,0,0,0,0,0,,0,,,0,0,0,0,0,0,,0,69,98,821,12,1,0,913,251,44,46.4011008704928,0,0.899233296823658,0.17283950617284,0.187551355792933,0.390545208314313,0,154.1,223.1
2014,REG+POST,00-0021570,,Kassim Osgood,WR,WR,,1,SF,0,0,0,0,0,0,0,0,0,0,0,0,,0,,,0,0,0,0,0,0,,0,0,1,0,0,0,0,5,0,0,-0.363758682273328,0,0.0,0.0217391304347826,0.0096711798839458,0.039378521570936,0,0.0,0.0
2014,REG+POST,00-0021678,,Tony Romo,QB,QB,"https://static.www.nfl.com/image/private/f_auto,q_auto/league/rdgaxf7djip2ovlkeqjk",17,DAL,338,485,4189,38,9,39,287,7,2,4297,1924,209,156.853553889434,0,0.974866185710961,0.202522177049231,29,66,0,3,1,4,-6.21706912966329,0,0,0,0,0,0,0,0,0,0,,0,,,,,0,302.16,302.16
2014,REG+POST,00-0022044,,Andre Johnson,WR,WR,,15,HOU,0,0,0,0,0,0,0,0,0,0,0,0,,0,,,0,0,0,0,0,0,,0,85,147,936,3,3,3,1358,389,49,-3.75712390081582,0,0.689248895434463,0.323076923076923,0.365643511039311,0.740565842342902,0,105.6,190.6
2014,REG+POST,00-0022084,,Anquan Boldin,WR,WR,"https://static.www.nfl.com/image/private/f_auto,q_auto/league/ajabgwxbliupgkwjbnut",16,SF,0,1,0,0,0,0,0,0,0,18,0,0,-0.415317703038454,0,0.0,,1,4,0,0,0,0,-0.0285268041188829,0,83,131,1062,5,0,0,1270,400,56,54.7082614496279,0,0.836220472440945,0.270661157024793,0.269524617996604,0.594658968134813,0,136.6,219.6
2014,REG+POST,00-0022097,,Brandon Lloyd,WR,WR,,12,SF,0,0,0,0,0,0,0,0,0,0,0,0,,0,,,0,0,0,0,0,0,,0,14,35,294,1,0,0,677,74,11,-2.7320169453742,0,0.434268833087149,0.0966850828729282,0.199469652327637,0.284656380938738,0,35.4,49.4
2014,REG+POST,00-0022127,J.Witten,Jason Witten,TE,TE,"https://static.www.nfl.com/image/private/f_auto,q_auto/league/r7uafhtwuexuaty0nhsc",18,DAL,0,0,0,0,0,0,0,0,0,0,0,0,,0,,,0,0,0,0,0,0,,0,75,104,837,5,0,0,929,279,56,51.8227772257608,0,0.900968783638321,0.199616122840691,0.202573048408199,0.441225318146776,0,113.7,188.7
2014,REG+POST,00-0022414,,Malcom Floyd,WR,WR,"https://static.www.nfl.com/image/private/f_auto,q_auto/league/or8gm79eaonksxe8gl0t",16,LAC,0,0,0,0,0,0,0,0,0,0,0,0,,0,,,0,0,0,0,0,0,,0,52,92,856,6,0,0,1568,124,39,40.2449563329574,0,0.545918367346939,0.162257495590829,0.322103533278554,0.468858716681231,0,121.6,173.6
2014,REG+POST,00-0022427,,Wes Welker,WR,WR,"https://static.www.nfl.com/image/private/f_auto,q_auto/league/rgjwexzif36vncjfdwap",15,DEN,0,0,0,0,0,0,0,0,0,0,0,0,,0,,,0,0,0,0,0,0,,0,50,66,484,2,0,0,423,207,25,5.12310157833628,0,1.14420803782506,0.112627986348123,0.0827302953256405,0.226853186250133,0,60.4,110.4
2014,REG+POST,00-0022736,,Steven Jackson,RB,RB,"https://static.www.nfl.com/image/private/f_auto,q_auto/league/abl5wejuf448xw3jtphm",15,ATL,0,0,0,0,0,0,0,0,0,0,0,0,,0,,,190,707,6,0,0,37,-16.4244117212415,0,20,27,148,0,0,0,33,121,6,1.62170924706152,0,4.48484848484848,0.0561330561330561,0.0085669781931464,0.0901964689347867,0,121.5,141.5
2014,REG+POST,00-0022787,M.Schaub,Matt Schaub,QB,QB,"https://static.www.nfl.com/image/private/f_auto,q_auto/league/mj2kh2nddxnw04ludcx0",2,LV,5,10,57,0,2,3,24,3,1,96,24,4,-16.3594946658704,0,0.59375,-0.0342607209437962,0,0,0,0,0,0,,0,0,0,0,0,0,0,0,0,0,,0,,,,,0,-3.72,-3.72
2014,REG+POST,00-0022803,E.Manning,Eli Manning,QB,QB,"https://static.www.nfl.com/image/private/f_auto,q_auto/league/w51tf8uedjftbr4qpaex",16,NYG,379,601,4410,30,14,28,187,7,4,4953,1938,216,66.4086782888102,0,0.890369473046638,0.0987659265864906,12,31,1,0,0,3,1.86253923709677,0,0,0,0,0,0,0,0,0,0,,0,,,,,0,269.5,269.5
2014,REG+POST,00-0022811,,Jerricho Cotchery,WR,WR,"https://static.www.nfl.com/image/private/f_auto,q_auto/league/hkq2dmfj7mbgbuejiloy",17,CAR,0,0,0,0,0,0,0,0,0,0,0,0,,0,,,2,5,0,0,0,1,-0.163612626260147,0,54,89,619,1,0,0,981,207,31,6.75854927104381,1,0.63098878695209,0.156966490299824,0.17765302426657,0.359806852436335,0,70.4,124.4
2014,REG+POST,00-0022824,A.Lee,Andy Lee,P,SPEC,"https://static.www.nfl.com/image/private/f_auto,q_auto/league/bfozbs2h9jueavslvw3z",1,SF,0,1,0,0,0,0,0,1,0,7,0,0,-3.40103726647794,0,0.0,,0,0,0,0,0,0,,0,0,0,0,0,0,0,0,0,0,,0,,,,,0,0.0,0.0
2014,REG+POST,00-0022900,,Will Allen,SS,DB,"https://static.www.nfl.com/image/private/f_auto,q_auto/league/yhh8zeu0ctc5acmtm00i",1,PIT,0,0,0,0,0,0,0,0,0,0,0,0,,0,,,0,0,0,0,0,0,,0,0,1,0,0,0,0,10,0,0,-2.11284523480572,0,0.0,0.0263157894736842,0.029940119760479,0.0604317680428616,0,0.0,0.0
2014,REG+POST,00-0022921,L.Fitzgerald,Larry Fitzgerald,WR,WR,"https://static.www.nfl.com/image/private/f_auto,q_auto/league/ycgjjaad5un42gy4pnga",15,ARI,0,0,0,0,0,0,0,0,0,0,0,0,,0,,,0,0,0,0,0,0,,0,66,112,815,2,1,1,1109,342,41,26.1647085343037,0,0.734896302975654,0.213740458015267,0.201270417422868,0.461499979218908,0,91.5,157.5
2014,REG+POST,00-0022924,B.Roethlisberger,Ben Roethlisberger,QB,QB,"https://static.www.nfl.com/image/private/f_auto,q_auto/league/vziogpnyp9d0xtpiuqhr",17,PIT,439,653,5286,33,11,38,209,4,3,5629,2373,254,150.535026716732,3,0.93906555338426,0.157135752351356,35,43,0,5,2,6,-26.5530105463876,0,0,0,0,0,0,0,0,0,0,,0,,,,,0,321.74,321.74
2014,REG+POST,00-0022942,P.Rivers,Philip Rivers,QB,QB,"https://static.www.nfl.com/image/private/f_auto,q_auto/league/voakyrtj34sghkwxaxxf",16,LAC,379,570,4286,31,18,36,189,4,2,4853,1925,213,77.7765977830405,0,0.883165052544818,0.129974646409219,37,102,0,4,0,9,-2.14805322107999,0,0,0,0,0,0,0,0,0,0,,0,,,,,0,265.64,265.64
2014,REG+POST,00-0022943,B.Watson,Benjamin Watson,TE,TE,"https://static.www.nfl.com/image/private/f_auto,q_auto/league/dorymozpdnrllkqlfzpu",14,NO,0,0,0,0,0,0,0,0,0,0,0,0,,0,,,0,0,0,0,0,0,,0,20,31,136,2,0,0,134,78,9,2.00163484124316,0,1.01492537313433,0.0538194444444445,0.0324455205811138,0.103441031073446,0,25.6,45.6
2014,REG+POST,00-0022999,J.Kuhn,John Kuhn,FB,RB,"https://static.www.nfl.com/image/private/f_auto,q_auto/league/nbcwgq2o0ymmx4czvr4b",13,GB,0,0,0,0,0,0,0,0,0,0,0,0,,0,,,27,92,1,0,0,5,-2.29675512900576,0,6,7,33,0,0,0,-1,36,0,0.979900646721944,0,-33.0,0.0355329949238579,-0.0008149959250203,0.0527289952382726,0,18.5,24.5
2014,REG+POST,00-0023176,,Josh Cribbs,WR,WR,,1,IND,0,0,0,0,0,0,0,0,0,0,0,0,,0,,,0,0,0,0,0,0,,0,1,1,8,0,0,0,7,1,0,0.688750395318493,0,1.14285714285714,0.0227272727272727,0.0263157894736842,0.052511961722488,0,0.8,1.8
2014,REG+POST,00-0023310,,Lance Moore,WR,WR,"https://static.www.nfl.com/image/private/f_auto,q_auto/league/bfjxc892mfkni8ywtheh",11,PIT,0,0,0,0,0,0,0,0,0,0,0,0,,0,,,0,0,0,0,0,0,,0,14,26,198,2,0,0,324,40,11,7.19804848430795,1,0.611111111111111,0.0590909090909091,0.0803372179518969,0.144872416202691,0,33.8,47.8
2014,REG+POST,00-0023367,,Nate Washington,WR,WR,,16,TEN,0,0,0,0,0,0,0,0,0,0,0,0,,0,,,0,0,0,0,0,0,,0,40,72,647,2,0,0,1002,140,26,16.5001504611573,0,0.645708582834331,0.142574257425743,0.212468193384224,0.362589121507571,0,76.7,116.7
2014,REG+POST,00-0023436,A.Smith,Alex Smith,QB,QB,"https://static.www.nfl.com/image/private/f_auto,q_auto/league/dpa5d1a8jj6jdymocjkx",15,KC,303,464,3265,18,6,45,229,3,1,2702,1818,175,63.4630659447683,0,1.20836417468542,0.0905895811714067,49,254,1,1,0,12,10.0595501142339,0,0,0,0,0,0,0,0,0,0,,0,,,,,0,220.0,220.0
2014,REG+POST,00-0023437,,Ronnie Brown,RB,RB,,8,LAC,0,0,0,0,0,0,0,0,0,0,0,0,,0,,,20,63,0,0,0,5,-3.35992252230118,0,5,8,44,0,0,0,12,30,1,0.163692174479365,0,3.66666666666667,0.0361990950226244,0.0059582919563058,0.0584694469033508,0,10.7,15.7
2014,REG+POST,00-0023459,A.Rodgers,Aaron Rodgers,QB,QB,"https://static.www.nfl.com/image/private/f_auto,q_auto/league/gnta8ufi2vdp967dui9e",18,GB,384,589,4875,42,7,31,200,8,1,4808,2266,246,173.655036379068,1,1.01393510815308,0.180780688057565,47,277,2,3,1,21,17.1638175918488,0,0,0,0,0,0,0,0,0,0,,0,,,,,0,386.7,386.7
2014,REG+POST,00-0023460,,Jason Campbell,QB,QB,,4,CIN,11,19,74,0,0,1,0,1,1,75,57,3,-9.78515635145595,0,0.986666666666667,-0.0333051161031227,1,1,0,0,0,0,-0.847177428659052,0,0,0,0,0,0,0,0,0,0,,0,,,,,0,1.06,1.06
2014,REG+POST,00-0023462,,Roddy White,WR,WR,"https://static.www.nfl.com/image/private/f_auto,q_auto/league/f7dgklg6z49fbdltwuki",14,ATL,0,0,0,0,0,0,0,0,0,0,0,0,,0,,,0,0,0,0,0,0,,0,80,125,921,7,3,1,1235,182,54,29.3620386454486,0,0.745748987854251,0.225631768953069,0.287610619469027,0.539775087057921,0,132.1,212.1
2014,REG+POST,00-0023465,,Heath Miller,TE,TE,"https://static.www.nfl.com/image/private/f_auto,q_auto/league/iqw8fry4hgfvegs9nfuf",17,PIT,0,0,0,0,0,0,0,0,0,0,0,0,,0,,,0,0,0,0,0,0,,0,72,100,837,3,2,2,747,352,44,34.7833429079411,1,1.12048192771084,0.154083204930663,0.131606765327696,0.323249543125381,0,99.7,171.7
2014,REG+POST,00-0023487,K.Barnes,Khalif Barnes,OT,OL,"https://static.www.nfl.com/image/private/f_auto,q_auto/league/p4ratiy2u5rwyfmlgrvz",1,LV,0,0,0,0,0,0,0,0,0,0,0,0,,0,,,0,0,0,0,0,0,,0,1,1,1,0,1,1,-2,3,0,-3.77921769220848,0,0.0,0.0217391304347826,-0.0062893081761006,0.0282061799289035,0,-1.9,-0.9
2014,REG+POST,00-0023496,,Vincent Jackson,WR,WR,"https://static.www.nfl.com/image/private/f_auto,q_auto/league/kdquag2thcfulvrs0cbz",16,TB,0,0,0,0,0,0,0,0,0,0,0,0,,0,,,0,0,0,0,0,0,,0,70,142,1002,2,1,1,2027,140,50,7.51610561056903,0,0.494326591021214,0.27151051625239,0.369351311953353,0.665811692745932,0,110.2,180.2
2014,REG+POST,00-0023500,F.Gore,Frank Gore,RB,RB,"https://static.www.nfl.com/image/private/f_auto,q_auto/league/lxxkhd2suyalrbruzut7",16,SF,0,0,0,0,0,0,0,0,0,0,0,0,,0,,,255,1106,4,2,2,53,-24.9176880435641,0,11,19,111,1,0,0,84,102,2,1.44532840192551,0,1.32142857142857,0.059190031152648,0.0258780036968577,0.106899649316772,0,147.7,158.7
2014,REG+POST,00-0023503,,Courtney Roby,WR,WR,,1,ATL,0,0,0,0,0,0,0,0,0,0,0,0,,0,,,0,0,0,0,0,0,,0,1,2,11,0,0,0,15,1,1,-5.26858150470071,0,0.733333333333333,0.0714285714285714,0.0483870967741936,0.141013824884793,0,1.1,2.1
2014,REG+POST,00-0023534,D.Colquitt,Dustin Colquitt,P,SPEC,"https://static.www.nfl.com/image/private/f_auto,q_auto/league/v1aymd6o0vpg73ytxzhu",1,KC,1,1,6,0,0,0,0,0,0,-4,10,1,2.59301443456206,0,0.0,,0,0,0,0,0,0,,0,0,0,0,0,0,0,0,0,0,,0,,,,,0,0.24,0.24
2014,REG+POST,00-0023541,,Kyle Orton,QB,QB,,12,BUF,287,447,3018,18,10,33,198,3,3,3170,1541,147,7.32114179822932,1,0.95205047318612,0.0529378701090994,15,14,1,0,0,2,-4.64647767502759,0,0,0,0,0,0,0,0,0,0,,0,,,,,0,176.12,176.12
2014,REG+POST,00-0023564,D.Sproles,Darren Sproles,RB,RB,"https://static.www.nfl.com/image/private/f_auto,q_auto/league/gvj5ng27blmwuz170aeo",15,PHI,0,0,0,0,0,0,0,0,0,0,0,0,,0,,,57,329,6,2,1,18,4.59256952105668,0,40,62,387,0,0,0,45,404,17,-1.86516904650478,0,8.6,0.125,0.0113722517058378,0.195460576194086,2,117.6,157.6
2014,REG+POST,00-0023645,D.Anderson,Derek Anderson,QB,QB,"https://static.www.nfl.com/image/private/f_auto,q_auto/league/w191gsxivnqgdwgydka6",5,CAR,65,97,701,5,0,4,17,0,0,900,181,44,24.722784850687,0,0.778888888888889,0.18173144557825,8,24,0,2,0,3,0.580947595706675,0,0,0,0,0,0,0,0,0,0,,0,,,,,0,50.44,50.44
2014,REG+POST,00-0023662,M.Cassel,Matt Cassel,QB,QB,"https://static.www.nfl.com/image/private/f_auto,q_auto/league/n1ucqggyu5hlsqzuv5gj",3,MIN,41,71,425,3,4,6,39,1,0,434,295,21,-12.5528081266464,0,0.97926267281106,-0.027431476157599,9,18,0,2,0,1,-4.93870003616284,0,0,0,0,0,0,0,0,0,0,,0,,,,,0,22.8,22.8
2014,REG+POST,00-0023682,R.Fitzpatrick,Ryan Fitzpatrick,QB,QB,"https://static.www.nfl.com/image/private/f_auto,q_auto/league/pkhhxwplsawnhln9rsun",12,HOU,197,312,2483,17,8,21,83,3,1,2646,1076,119,47.8544729692607,0,0.938397581254724,0.100621866633381,50,184,2,2,0,13,4.35834747459817,0,0,0,0,0,0,0,0,0,0,,0,,,,,0,179.72,179.72
2014,REG+POST,00-0023742,J.Ryan,Jon Ryan,P,SPEC,"https://static.www.nfl.com/image/private/f_auto,q_auto/league/jarcsmohj6vbznthlni8",3,SEA,1,1,19,1,0,0,0,0,0,19,0,1,4.42529469291912,0,1.0,,2,5,0,1,1,1,-2.6933302754187,0,0,0,0,0,0,0,0,0,0,,0,,,,,0,3.26,3.26
2014,REG+POST,00-0023752,,Daniel Fells,TE,TE,"https://static.www.nfl.com/image/private/f_auto,q_auto/league/lhecgqac5nourex1czfo",12,NYG,0,0,0,0,0,0,0,0,0,0,0,0,,0,,,0,0,0,0,0,0,,0,16,20,188,4,1,1,128,85,12,14.3491779119115,0,1.46875,0.0475059382422803,0.0414776409591704,0.10029325603484,0,40.8,56.8
2014,REG+POST,00-0023894,D.Penn,Donald Penn,T,OL,"https://static.www.nfl.com/image/private/f_auto,q_auto/league/lbarhx9omymxl236etax",1,LV,0,0,0,0,0,0,0,0,0,0,0,0,,0,,,0,0,0,0,0,0,,0,1,1,3,1,0,0,3,0,1,2.35205541271716,0,1.0,0.0357142857142857,0.0126050420168067,0.0623949579831933,0,6.3,7.3
2014,REG+POST,00-0023921,,Miles Austin,WR,WR,"https://static.www.nfl.com/image/private/f_auto,q_auto/league/tuwhvxan7v0gisbei4an",12,CLE,0,0,0,0,0,0,0,0,0,0,0,0,,0,,,0,0,0,0,0,0,,0,47,72,568,2,0,0,588,200,34,23.5021768332029,0,0.965986394557823,0.17910447761194,0.145006165228113,0.37016103207759,0,68.8,115.8
2014,REG+POST,00-0023968,,Micheal Spurlock,WR,WR,,1,CHI,0,0,0,0,0,0,0,0,0,0,0,0,,0,,,0,0,0,0,0,0,,0,1,3,8,0,0,0,25,6,0,-1.73021760324528,0,0.32,0.0612244897959184,0.0683060109289618,0.139650942344151,0,0.8,1.8
2014,REG+POST,00-0024110,,Steve Weatherford,P,SPEC,"https://static.www.nfl.com/image/private/f_auto,q_auto/league/jkpdalshsrmuxdn1jj4h",1,NYG,0,0,0,0,0,0,0,0,0,0,0,0,,0,,,1,0,0,0,0,0,-4.57305041141808,0,0,0,0,0,0,0,0,0,0,,0,,,,,0,0.0,0.0
2014,REG+POST,00-0024204,,Fred Jackson,RB,RB,"https://static.www.nfl.com/image/private/f_auto,q_auto/league/ibu4ltouiplhatsn4ptq",14,BUF,0,1,0,0,0,0,0,0,0,30,0,0,-0.391690449148882,0,0.0,,141,525,2,0,0,24,-14.4394131725674,1,66,90,501,1,3,0,-67,581,25,-13.2230597959415,0,-7.47761194029851,0.174081237911025,-0.0182312925170068,0.248359952104633,0,122.6,188.6
2014,REG+POST,00-0024217,,Reggie Bush,RB,RB,"https://static.www.nfl.com/image/private/f_auto,q_auto/league/z2m2heolqx9sgobdks9v",12,DET,0,0,0,0,0,0,0,0,0,0,0,0,,0,,,84,334,3,0,0,10,-10.7172489363584,0,43,61,263,0,1,0,58,264,13,-11.4286267333417,0,4.53448275862069,0.139908256880734,0.0166332090622311,0.221505631664663,0,77.7,120.7
2014,REG+POST,00-0024221,V.Davis,Vernon Davis,TE,TE,"https://static.www.nfl.com/image/private/f_auto,q_auto/league/so5ywayfeeu4zeijln5m",13,SF,0,0,0,0,0,0,0,0,0,0,0,0,,0,,,1,4,0,0,0,0,-0.936803949996829,0,26,50,245,2,0,0,593,49,11,-6.46462071771384,0,0.413153456998314,0.125628140703518,0.148696088264794,0.292529472840632,0,36.9,62.9
2014,REG+POST,00-0024226,J.Cutler,Jay Cutler,QB,QB,"https://static.www.nfl.com/image/private/f_auto,q_auto/league/ks6n7gvw4vccihlse6bn",15,CHI,370,561,3812,28,18,38,223,9,6,4106,2038,181,-28.6308665887468,4,0.928397467121286,0.061756628687907,39,191,2,3,0,14,10.1737515376881,0,0,0,0,0,0,0,0,0,0,,0,,,,,0,255.58,255.58
2014,REG+POST,00-0024237,,Manny Lawson,OLB,LB,,1,BUF,0,0,0,0,0,0,0,0,0,0,0,0,,0,,,0,0,0,0,0,0,,0,0,0,0,0,0,0,0,0,0,,0,,,,,1,6.0,6.0
2014,REG+POST,00-0024240,,Santonio Holmes,WR,WR,,5,CHI,0,0,0,0,0,0,0,0,0,0,0,0,,0,,,0,0,0,0,0,0,,0,8,14,67,0,0,0,143,25,6,-6.28777261245286,0,0.468531468531469,0.0710659898477157,0.101346562721474,0.177541578676606,0,6.7,14.7
2014,REG+POST,00-0024242,,DeAngelo Williams,RB,RB,"https://static.www.nfl.com/image/private/f_auto,q_auto/league/oky9ooitgqa1fgwdll6b",8,CAR,0,0,0,0,0,0,0,0,0,0,0,0,,0,,,68,249,0,1,1,7,-11.043429763258,0,7,8,46,0,0,0,-23,64,2,0.569579001923557,0,-2.0,0.046242774566474,-0.0122994652406417,0.0607545361812618,0,27.5,34.5
2014,REG+POST,00-0024243,M.Lewis,Marcedes Lewis,TE,TE,"https://static.www.nfl.com/image/private/f_auto,q_auto/league/ppq07tipygpftz5csipx",8,JAX,0,0,0,0,0,0,0,0,0,0,0,0,,0,,,0,0,0,0,0,0,,0,18,31,206,2,0,0,200,141,10,-1.79988105717348,0,1.03,0.114814814814815,0.10482180293501,0.24559748427673,0,32.6,50.6
2014,REG+POST,00-0024264,K.Clemens,Kellen Clemens,QB,QB,"https://static.www.nfl.com/image/private/f_auto,q_auto/league/pxungqbhh61ov73tzaxk",1,LAC,1,3,10,0,0,1,9,0,0,27,2,1,-3.40449273912236,0,0.37037037037037,,0,0,0,0,0,0,,0,0,0,0,0,0,0,0,0,0,,0,,,,,0,0.4,0.4
2014,REG+POST,00-0024267,,Greg Jennings,WR,WR,"https://static.www.nfl.com/image/private/f_auto,q_auto/league/jiemkcfkc893pfova8xv",16,MIN,0,0,0,0,0,0,0,0,0,0,0,0,,0,,,0,0,0,0,0,0,,0,59,92,742,6,1,0,1007,197,40,27.9397021622162,0,0.736842105263158,0.180392156862745,0.255259822560203,0.44927011108626,0,110.2,169.2
2014,REG+POST,00-0024268,A.Fasano,Anthony Fasano,TE,TE,"https://static.www.nfl.com/image/private/f_auto,q_auto/league/twcrap9uhjbazmplq5x3",14,KC,0,0,0,0,0,0,0,0,0,0,0,0,,0,,,0,0,0,0,0,0,,0,25,36,226,4,0,0,262,80,15,12.4116149849508,0,0.862595419847328,0.0812641083521445,0.100846805234796,0.192488926192574,0,46.6,71.6
2014,REG+POST,00-0024272,,Devin Hester,WR,WR,"https://static.www.nfl.com/image/private/f_auto,q_auto/league/jtntm2ci9doez4qxbx0c",15,ATL,0,0,0,0,0,0,0,0,0,0,0,0,,0,,,6,36,1,0,0,1,1.7411303112749,0,38,59,504,2,1,1,478,257,21,7.52148902663912,0,1.05439330543933,0.0988274706867672,0.100886449978894,0.218861721015377,1,76.0,114.0
2014,REG+POST,00-0024275,,Maurice Jones-Drew,RB,RB,,11,LV,0,0,0,0,0,0,0,0,0,0,0,0,,0,,,43,96,0,1,0,2,-14.8017477279645,0,11,16,71,0,0,0,10,65,3,-3.35196872183587,0,7.1,0.0458452722063037,0.0038535645472061,0.0714654034924999,0,16.7,27.7
2014,REG+POST,00-0024279,,Tarvaris Jackson,QB,QB,"https://static.www.nfl.com/image/private/f_auto,q_auto/league/bqukmeneztibnhrjko0q",1,SEA,1,1,0,0,0,0,0,0,0,0,0,0,-0.541864283848554,0,,,0,0,0,0,0,0,,0,0,0,0,0,0,0,0,0,0,,0,,,,,0,0.0,0.0
2014,REG+POST,00-0024296,,Charlie Whitehurst,QB,QB,,7,TEN,105,185,1326,7,2,18,103,2,0,1731,550,56,-3.81763828893416,0,0.766031195840555,0.024773040467877,20,90,0,1,0,6,-0.254613773315214,0,0,0,0,0,0,0,0,0,0,,0,,,,,0,86.04,86.04
2014,REG+POST,00-0024297,,Derek Hagan,WR,WR,,10,TEN,0,0,0,0,0,0,0,0,0,0,0,0,,0,,,0,0,0,0,0,0,,0,19,34,254,1,0,0,421,28,10,4.02728925255623,0,0.60332541567696,0.105919003115265,0.144574175824176,0.26008042774982,0,31.4,50.4
2014,REG+POST,00-0024313,,Owen Daniels,TE,TE,"https://static.www.nfl.com/image/private/f_auto,q_auto/league/ktxkz5tzddboxst5xfh8",17,BAL,0,0,0,0,0,0,0,0,0,0,0,0,,0,,,0,0,0,0,0,0,,0,56,95,638,5,0,0,765,221,39,17.1616255370231,0,0.833986928104575,0.163230240549828,0.152299422655783,0.351454956683791,0,93.8,149.8
2014,REG+POST,00-0024318,,Brad Smith,QB,QB,,3,PHI,0,0,0,0,0,0,0,0,0,0,0,0,,0,,,0,0,0,0,0,0,,0,1,3,11,0,0,0,17,13,1,-0.737178069306538,0,0.647058823529412,0.0258620689655172,0.0148601398601399,0.0491952013503738,1,7.1,8.1
2014,REG+POST,00-0024324,,Jason Avant,WR,WR,"https://static.www.nfl.com/image/private/f_auto,q_auto/league/nnis5ib42eoeu8bjjpdc",15,KC,0,0,0,0,0,0,0,0,0,0,0,0,,0,,,1,1,0,0,0,0,-0.352594519965351,0,34,62,353,1,0,0,550,146,19,1.97598438900732,0,0.641818181818182,0.120388349514563,0.131296252088804,0.272489900734008,0,41.4,75.4
2014,REG+POST,00-0024332,,Leon Washington,RB,RB,,11,TEN,0,0,0,0,0,0,0,0,0,0,0,0,,0,,,13,57,0,0,0,1,-7.09572621487213,0,22,31,159,2,0,0,49,138,8,-6.35926627888694,0,3.24489795918367,0.0888252148997135,0.0183520599250936,0.146084264297136,0,33.6,55.6
2014,REG+POST,00-0024334,B.Marshall,Brandon Marshall,WR,WR,"https://static.www.nfl.com/image/private/f_auto,q_auto/league/jhziqh0scfksvxen6f3s",13,CHI,0,0,0,0,0,0,0,0,0,0,0,0,,0,,,0,0,0,0,0,0,,0,61,106,721,8,1,1,1241,224,41,11.1284626868437,0,0.580983078162772,0.210735586481113,0.327873183619551,0.545614608255356,0,118.1,179.1
2014,REG+POST,00-0024389,De.Walker,Delanie Walker,TE,TE,"https://static.www.nfl.com/image/private/f_auto,q_auto/league/diknegkpqy0qnri7877z",15,TEN,0,0,0,0,0,0,0,0,0,0,0,0,,0,,,0,0,0,0,0,0,,0,63,106,890,4,2,0,946,408,35,-1.11773848473041,0,0.940803382663848,0.22037422037422,0.20850782455367,0.476516807748899,0,113.0,176.0
2014,REG+POST,00-0024408,,Bruce Gradkowski,QB,QB,,2,PIT,2,3,22,0,0,0,0,0,0,27,9,1,2.4093360095867,0,0.814814814814815,,2,-2,0,0,0,0,-3.31601142708678,0,0,0,0,0,0,0,0,0,0,,0,,,,,0,0.68,0.68
2014,REG+POST,00-0024466,,Marques Colston,WR,WR,"https://static.www.nfl.com/image/private/f_auto,q_auto/league/hnnuo9nfwzwlakr2srdq",15,NO,0,0,0,0,0,0,0,0,0,0,0,0,,0,,,0,0,0,0,0,0,,0,59,99,902,5,1,1,1110,295,45,34.0788876254519,0,0.812612612612613,0.162295081967213,0.231346394330971,0.4053850989825,0,118.2,177.2
2014,REG+POST,00-0024535,E.Weems,Eric Weems,WR,WR,"https://static.www.nfl.com/image/private/f_auto,q_auto/league/kptsfekcpfukewtim9kz",6,ATL,0,0,0,0,0,0,0,0,0,0,0,0,,0,,,0,0,0,0,0,0,,0,10,11,102,2,0,0,93,28,5,11.4618220642151,0,1.09677419354839,0.0482456140350877,0.0502974580854516,0.107576641712448,0,22.2,32.2
2014,REG+POST,00-0024796,,Craig Dahl,DB,DB,"https://static.www.nfl.com/image/private/f_auto,q_auto/league/ikx6ey1gv9nbfwwpzq31",1,SF,0,0,0,0,0,0,0,0,0,0,0,0,,0,,,1,3,0,0,0,1,2.19120286637917,0,0,0,0,0,0,0,0,0,0,,0,,,,,0,0.3,0.3
2014,REG+POST,00-0024813,,Pierre Thomas,RB,RB,"https://static.www.nfl.com/image/private/f_auto,q_auto/league/w58uf8rmlucv7qagwrfv",11,NO,0,0,0,0,0,0,0,0,0,0,0,0,,0,,,45,222,2,0,0,13,-0.74477831312106,0,45,55,378,1,0,0,-54,424,19,11.933487832385,0,-7.0,0.119825708061002,-0.0154153582643448,0.168947811306462,0,78.0,123.0
2014,REG+POST,00-0025389,,Calvin Johnson,WR,WR,"https://static.www.nfl.com/image/private/f_auto,q_auto/league/z6dxib9sientn4m9cljh",14,DET,0,0,0,0,0,0,0,0,0,0,0,0,,0,,,0,0,0,0,0,0,,0,76,136,1162,8,0,0,2009,254,63,54.3288177711336,0,0.578397212543554,0.264077669902913,0.478789323164919,0.731269031069812,0,164.2,240.2
2014,REG+POST,00-0025394,A.Peterson,Adrian Peterson,RB,RB,"https://static.www.nfl.com/image/private/f_auto,q_auto/league/ug2ua3skqc9f6vkbowxc",1,MIN,0,0,0,0,0,0,0,0,0,0,0,0,,0,,,21,75,0,0,0,3,-4.46041942866118,0,2,3,18,0,0,0,-7,20,1,2.26494254014688,0,-2.57142857142857,0.125,-0.0583333333333333,0.146666666666667,0,9.3,11.3
2014,REG+POST,00-0025396,T.Ginn,Ted Ginn,WR,WR,"https://static.www.nfl.com/image/private/f_auto,q_auto/league/o4m4txrv9l7odyebnea4",14,ARI,1,1,10,0,0,0,0,0,0,10,0,1,0.87028825643938,0,1.0,,3,6,0,0,0,0,-1.06084877520334,0,14,27,190,0,0,0,438,46,9,1.84399863203587,0,0.4337899543379,0.0583153347732181,0.103448275862069,0.159886795263275,1,26.0,40.0
2014,REG+POST,00-0025399,M.Lynch,Marshawn Lynch,RB,RB,"https://static.www.nfl.com/image/private/f_auto,q_auto/league/ddhpebfqtr9yxsnbx9ht",19,SEA,0,0,0,0,0,0,0,0,0,0,0,0,,0,,,343,1624,15,2,0,80,12.375949218256,0,42,56,430,4,2,2,58,431,18,2.93253009448365,0,7.41379310344828,0.118143459915612,0.0138128125744225,0.186884158675513,0,315.4,357.4
2014,REG+POST,00-0025410,,Dwayne Bowe,WR,WR,"https://static.www.nfl.com/image/private/f_auto,q_auto/league/ihvktvkw198qeclu6mtk",15,KC,0,0,0,0,0,0,0,0,0,0,0,0,,0,,,0,0,0,0,0,0,,0,60,95,754,0,2,0,871,228,42,35.6333610329325,0,0.865671641791045,0.210176991150442,0.346046881207787,0.557498303571115,0,75.4,135.4
2014,REG+POST,00-0025414,,Robert Meachem,WR,WR,,10,NO,0,0,0,0,0,0,0,0,0,0,0,0,,0,,,0,0,0,0,0,0,,0,7,21,114,0,0,0,417,21,7,-8.17657408199739,0,0.273381294964029,0.0508474576271187,0.131545741324921,0.168353205368123,0,11.4,18.4
2014,REG+POST,00-0025418,G.Olsen,Greg Olsen,TE,TE,"https://static.www.nfl.com/image/private/f_auto,q_auto/league/jevf1bubmrv2vvmiwq3r",18,CAR,0,0,0,0,0,0,0,0,0,0,0,0,,0,,,0,0,0,0,0,0,,0,91,134,1103,6,1,0,1215,351,61,45.1704185205791,0,0.907818930041152,0.220394736842105,0.207656810801572,0.475951872824259,0,146.3,237.3
2014,REG+POST,00-0025424,E.Weddle,Eric Weddle,FS,DB,"https://static.www.nfl.com/image/private/f_auto,q_auto/league/lkawujcrkiyelnzqnups",1,LAC,0,1,0,0,0,0,0,0,0,21,0,0,-2.32448586449027,0,0.0,,0,0,0,0,0,0,,0,0,0,0,0,0,0,0,0,0,,0,,,,,0,0.0,0.0
2014,REG+POST,00-0025425,,Zach Miller,TE,TE,,3,SEA,0,0,0,0,0,0,0,0,0,0,0,0,,0,,,0,0,0,0,0,0,,0,6,7,76,0,0,0,52,29,3,2.088586163125,0,1.46153846153846,0.0875,0.0961182994454713,0.19853280961183,0,7.6,13.6
2014,REG+POST,00-0025430,D.Stanton,Drew Stanton,QB,QB,"https://static.www.nfl.com/image/private/f_auto,q_auto/league/di5hc0mwbomreqx7ojbu",9,ARI,132,240,1711,7,5,11,66,1,0,2656,639,77,4.50646139539416,1,0.644201807228916,0.0515679084177904,25,63,0,0,0,5,-1.32762978062885,0,0,0,0,0,0,0,0,0,0,,0,,,,,0,94.74,94.74
2014,REG+POST,00-0025439,,Brian Leonard,RB,RB,,1,NO,0,0,0,0,0,0,0,0,0,0,0,0,,0,,,0,0,0,0,0,0,,0,1,1,15,0,0,0,5,10,1,1.63086454488803,0,3.0,0.024390243902439,0.0185185185185185,0.0495483288166215,0,1.5,2.5
2014,REG+POST,00-0025460,,Jacoby Jones,WR,WR,"https://static.www.nfl.com/image/private/f_auto,q_auto/league/yhjtycrpq7jtfarxkhcx",13,BAL,0,0,0,0,0,0,0,0,0,0,0,0,,0,,,3,16,0,0,0,2,0.561875982501078,0,10,19,134,0,0,0,190,87,6,3.1184738210286,0,0.705263157894737,0.0494791666666667,0.0565644537064603,0.113813867594522,1,21.0,31.0
2014,REG+POST,00-0025464,,Matt Spaeth,TE,TE,"https://static.www.nfl.com/image/private/f_auto,q_auto/league/wywcnns8be7rzlrwnjwh",3,PIT,0,0,0,0,0,0,0,0,0,0,0,0,,0,,,0,0,0,0,0,0,,0,3,4,46,1,0,0,33,16,2,4.92768972658087,1,1.39393939393939,0.0350877192982456,0.0349206349206349,0.0770760233918129,0,12.6,15.6
2014,REG+POST,00-0025465,,James Jones,WR,WR,,16,LV,0,0,0,0,0,0,0,0,0,0,0,0,,0,,,0,0,0,0,0,0,,0,73,112,666,6,2,0,954,217,40,7.52004477595776,0,0.69811320754717,0.180936995153473,0.193078324225865,0.406560319688316,0,102.6,175.6
2014,REG+POST,00-0025516,,Scott Chandler,TE,TE,"https://static.www.nfl.com/image/private/f_auto,q_auto/league/zktr2miqzub2buwa19x7",16,BUF,0,0,0,0,0,0,0,0,0,0,0,0,,0,,,0,0,0,0,0,0,,0,47,70,497,3,0,0,502,193,28,17.9748186460349,0,0.99003984063745,0.122377622377622,0.121608527131783,0.268692402558682,0,67.7,114.7
2014,REG+POST,00-0025542,,Dante Rosario,TE,TE,,13,CHI,0,0,0,0,0,0,0,0,0,0,0,0,,0,,,0,0,0,0,0,0,,0,16,22,116,0,1,1,101,54,3,-2.51858506021784,1,1.14851485148515,0.046218487394958,0.0294203320710749,0.0899219635421894,0,11.6,27.6
2014,REG+POST,00-0025549,B.Celek,Brent Celek,TE,TE,"https://static.www.nfl.com/image/private/f_auto,q_auto/league/mit6ahic4gkdhy1hkejt",16,PHI,0,0,0,0,0,0,0,0,0,0,0,0,,0,,,0,0,0,0,0,0,,0,32,51,340,1,1,1,387,132,16,-14.0973837669415,0,0.878552971576227,0.0833333333333333,0.0700199022978107,0.174013931608468,0,38.0,70.0
2014,REG+POST,00-0025592,,Jordan Palmer,QB,QB,,1,TEN,1,3,7,0,0,0,0,0,0,30,0,0,-4.00420621800004,0,0.233333333333333,,1,-1,0,0,0,0,0.0,0,0,0,0,0,0,0,0,0,0,,0,,,,,0,0.18,0.18
2014,REG+POST,00-0025637,,Ahmad Bradshaw,RB,RB,"https://static.www.nfl.com/image/private/f_auto,q_auto/league/vlgcz2so2urjgowxz3tz",10,IND,0,0,0,0,0,0,0,0,0,0,0,0,,0,,,90,425,2,3,2,18,-14.7733422281045,0,38,47,300,6,0,0,-18,333,20,18.3543070856898,0,-16.6666666666667,0.110588235294118,-0.0055762081784386,0.161979007216269,0,116.5,154.5
2014,REG+POST,00-0025701,,Jackie Battle,RB,RB,,6,TEN,0,0,0,0,0,0,0,0,0,0,0,0,,0,,,5,9,1,0,0,4,3.52806943404721,0,5,5,28,0,0,0,4,24,2,0.712939061049838,0,7.0,0.0649350649350649,0.0065681444991789,0.102000298552023,0,9.7,14.7
2014,REG+POST,00-0025708,M.Moore,Matt Moore,QB,QB,"https://static.www.nfl.com/image/private/f_auto,q_auto/league/h04zarfikqlgerdftbgp",2,MIA,2,4,21,0,0,0,0,0,0,93,10,2,1.32159040262923,0,0.225806451612903,,2,-2,0,0,0,0,-3.78789670893457,0,0,0,0,0,0,0,0,0,0,,0,,,,,0,0.64,0.64
2014,REG+POST,00-0026019,D.Woodhead,Danny Woodhead,RB,RB,"https://static.www.nfl.com/image/private/f_auto,q_auto/league/gorlqe0etvc8ek5wob7j",3,LAC,0,0,0,0,0,0,0,0,0,0,0,0,,0,,,15,38,0,0,0,2,-4.66308712039609,0,5,6,34,0,0,0,9,33,4,2.88635737146251,0,3.77777777777778,0.0845070422535211,0.0154109589041096,0.137548234613158,0,7.2,12.2
2014,REG+POST,00-0026035,D.Amendola,Danny Amendola,WR,WR,"https://static.www.nfl.com/image/private/f_auto,q_auto/league/etz06w7s0ardf49mnayz",17,NE,0,0,0,0,0,0,0,0,0,0,0,0,,0,,,1,-2,0,0,0,0,-0.552645681193098,0,38,58,337,4,0,0,414,154,19,6.47929968674587,0,0.814009661835749,0.0866965620328849,0.0773109243697479,0.184162490108151,0,57.5,95.5
2014,REG+POST,00-0026069,M.Tolbert,Mike Tolbert,FB,RB,"https://static.www.nfl.com/image/private/f_auto,q_auto/league/frwhwdhbcteyg7xjha7a",10,CAR,0,0,0,0,0,0,0,0,0,0,0,0,,0,,,41,95,0,0,0,6,-16.8764103777377,0,14,21,108,1,0,0,-9,116,6,-3.81778209458571,0,-12.0,0.0772058823529412,-0.0042056074766355,0.112864898295767,0,26.3,40.3
2014,REG+POST,00-0026071,,Kyle Arrington,CB,DB,"https://static.www.nfl.com/image/private/f_auto,q_auto/league/xzz3lmkcfvtjnghrleat",2,NE,0,0,0,0,0,0,0,0,0,0,0,0,,0,,,0,0,0,0,0,0,,0,0,0,0,0,0,0,0,0,0,,0,,,,,2,12.0,12.0
2014,REG+POST,00-0026072,,Jed Collins,FB,RB,,9,DET,0,0,0,0,0,0,0,0,0,0,0,0,,0,,,9,20,0,0,0,5,0.468354988435749,0,5,6,39,1,0,0,7,38,2,4.8424351712456,0,5.57142857142857,0.0357142857142857,0.0063520871143375,0.0580178895514649,0,11.9,16.9
2014,REG+POST,00-0026143,M.Ryan,Matt Ryan,QB,QB,"https://static.www.nfl.com/image/private/f_auto,q_auto/league/s6zam4ekrrnonsck6vak",16,ATL,415,628,4694,28,14,31,205,4,2,4853,2073,230,71.8474786533478,1,0.967236760766536,0.105897732103411,29,145,0,1,0,10,1.22791819331294,0,0,0,0,0,0,0,0,0,0,,0,,,,,0,284.26,284.26
2014,REG+POST,00-0026144,D.McFadden,Darren McFadden,RB,RB,"https://static.www.nfl.com/image/private/f_auto,q_auto/league/bfvionxxsfckmjqtw4kv",16,LV,0,1,0,0,0,0,0,0,0,17,0,0,-0.504617658210918,0,0.0,,155,534,2,1,1,20,-31.5683237448975,0,36,56,212,0,0,0,-1,261,8,-17.3764559923898,0,-212.0,0.104477611940299,-0.0002562788313685,0.15653702272849,0,84.6,120.6
2014,REG+POST,00-0026153,J.Stewart,Jonathan Stewart,RB,RB,"https://static.www.nfl.com/image/private/f_auto,q_auto/league/dzvxfj3xrgnzc3jbag2n",15,CAR,0,0,0,0,0,0,0,0,0,0,0,0,,0,,,212,1002,4,2,1,50,-15.9228090668115,0,27,33,182,1,1,0,-68,226,7,-5.36035534826806,0,-2.67647058823529,0.0708154506437768,-0.0153360396932792,0.0954879481803698,0,146.4,173.4
2014,REG+POST,00-0026158,J.Flacco,Joe Flacco,QB,QB,"https://static.www.nfl.com/image/upload/f_auto,q_auto/league/dwsbpmlhoqud0puidizt",18,BAL,390,628,4537,33,14,20,180,3,0,5367,1969,221,98.364278785343,0,0.845351220421092,0.12051843671819,47,78,2,2,0,18,-9.38855319420691,0,0,0,0,0,0,0,0,0,0,,0,,,,,0,305.28,305.28
2014,REG+POST,00-0026164,C.Johnson,Chris Johnson,RB,RB,"https://static.www.nfl.com/image/private/f_auto,q_auto/league/ryf9nc84eovvdbf0cz79",16,NYJ,0,0,0,0,0,0,0,0,0,0,0,0,,0,,,155,663,1,1,1,21,-13.7832790327086,0,24,34,151,1,0,0,16,146,9,-12.6310165109462,0,9.4375,0.0724946695095949,0.0041797283176593,0.111667814086754,0,91.4,115.4
2014,REG+POST,00-0026173,,Donnie Avery,WR,WR,,5,KC,0,0,0,0,0,0,0,0,0,0,0,0,,0,,,0,0,0,0,0,0,,0,15,26,176,0,1,1,336,37,8,-5.310491025559,0,0.523809523809524,0.17687074829932,0.338709677419355,0.502402896642528,0,15.6,30.6
2014,REG+POST,00-0026176,J.Nelson,Jordy Nelson,WR,WR,"https://static.www.nfl.com/image/private/f_auto,q_auto/league/bde2n4ozsakatgs4yyp2",18,GB,0,0,0,0,0,0,0,0,0,0,0,0,,0,,,0,0,0,0,0,0,,0,105,164,1612,13,0,0,1891,523,77,88.338180075093,0,0.852459016393443,0.273333333333333,0.385760913912689,0.680032639738882,0,239.2,344.2
2014,REG+POST,00-0026178,,John Carlson,TE,TE,,17,ARI,0,0,0,0,0,0,0,0,0,0,0,0,,0,,,0,0,0,0,0,0,,0,36,59,375,1,0,0,419,144,17,-8.85941072413667,1,0.894988066825776,0.100169779286927,0.0718943033630748,0.200580681284543,0,45.5,81.5
2014,REG+POST,00-0026182,,Eddie Royal,WR,WR,"https://static.www.nfl.com/image/private/f_auto,q_auto/league/xoejgvlit9inmaazsvk4",16,LAC,0,0,0,0,0,0,0,0,0,0,0,0,,0,,,3,14,0,0,0,1,-0.475693151121959,0,62,91,778,7,1,1,883,360,39,35.4364928697703,0,0.881087202718007,0.160493827160494,0.18138866064092,0.367712803189385,0,119.2,181.2
2014,REG+POST,00-0026184,M.Forte,Matt Forte,RB,RB,"https://static.www.nfl.com/image/private/f_auto,q_auto/league/olqssssjykcx7tx7xsy3",16,CHI,0,0,0,0,0,0,0,0,0,0,0,0,,0,,,266,1038,6,1,1,63,-18.0386738790863,1,102,130,808,4,1,1,55,788,28,-2.52886480616239,1,14.6909090909091,0.213815789473684,0.0127344292660338,0.32963778469675,0,244.6,346.6
2014,REG+POST,00-0026189,D.Jackson,DeSean Jackson,WR,WR,"https://static.www.nfl.com/image/private/f_auto,q_auto/league/pr5m864fqvnoozihylrh",15,WAS,0,0,0,0,0,0,0,0,0,0,0,0,,0,,,4,7,0,0,0,1,-0.304166586603969,0,56,95,1169,6,0,0,1380,470,35,48.0299708817483,0,0.847101449275362,0.187007874015748,0.347257171615501,0.523591831154473,0,153.6,209.6
2014,REG+POST,00-0026197,C.Henne,Chad Henne,QB,QB,"https://static.www.nfl.com/image/private/f_auto,q_auto/league/ornr9pcnzveqlntqc7jx",3,JAX,42,78,492,3,1,16,105,1,1,699,215,19,-36.8824928951693,0,0.703862660944206,-0.0122607533533594,4,25,0,0,0,2,1.69597134937067,0,0,0,0,0,0,0,0,0,0,,0,,,,,0,30.18,30.18
2014,REG+POST,00-0026201,M.Bennett,Martellus Bennett,TE,TE,"https://static.www.nfl.com/image/private/f_auto,q_auto/league/repls3tq1d4jnvwmaqia",16,CHI,0,0,0,0,0,0,0,0,0,0,0,0,,0,,,0,0,0,0,0,0,,0,90,128,916,6,0,0,784,453,43,0.434228825933893,2,1.16836734693878,0.210526315789474,0.175234689316048,0.438453756205444,0,131.6,221.6
2014,REG+POST,00-0026213,J.Charles,Jamaal Charles,RB,RB,"https://static.www.nfl.com/image/private/f_auto,q_auto/league/mdrlzgankwwjldxllgcx",15,KC,0,0,0,0,0,0,0,0,0,0,0,0,,0,,,206,1033,9,4,2,50,7.63365788385272,0,40,59,291,5,1,1,-31,314,15,-0.613557670405444,0,-9.38709677419355,0.128260869565217,-0.0110912343470483,0.184627440304892,0,210.4,250.4
2014,REG+POST,00-0026224,H.Douglas,Harry Douglas,WR,WR,"https://static.www.nfl.com/image/private/f_auto,q_auto/league/hblmz1iaov5vqx7cd9cv",12,ATL,0,0,0,0,0,0,0,0,0,0,0,0,,0,,,0,0,0,0,0,0,,0,51,74,556,2,0,0,614,238,28,3.53312545428083,1,0.905537459283387,0.160869565217391,0.17286036036036,0.362306600078339,0,69.6,120.6
2014,REG+POST,00-0026225,,Craig Stevens,TE,TE,,1,TEN,0,0,0,0,0,0,0,0,0,0,0,0,,0,,,0,0,0,0,0,0,,0,2,2,26,0,0,0,9,17,1,2.36251902382355,0,2.88888888888889,0.0606060606060606,0.0227272727272727,0.106818181818182,0,2.6,4.6
2014,REG+POST,00-0026237,,Andre Caldwell,WR,WR,,9,DEN,0,0,0,0,0,0,0,0,0,0,0,0,,0,,,0,0,0,0,0,0,,0,5,16,47,0,0,0,171,18,4,-6.17445323595894,0,0.274853801169591,0.0449438202247191,0.0569620253164557,0.107289148058598,0,4.7,9.7
2014,REG+POST,00-0026267,,Jacob Tamme,TE,TE,"https://static.www.nfl.com/image/private/f_auto,q_auto/league/kfyqh9qmtwufzixwuoo2",11,DEN,0,0,0,0,0,0,0,0,0,0,0,0,,0,,,0,0,0,0,0,0,,0,14,28,109,2,1,1,267,21,4,-16.8639334175147,0,0.408239700374532,0.0648148148148148,0.0709728867623605,0.146903242955875,0,20.9,34.9
2014,REG+POST,00-0026281,,Gary Barnidge,TE,TE,"https://static.www.nfl.com/image/private/f_auto,q_auto/league/qhfzxti66ga02dok4etx",9,CLE,0,0,0,0,0,0,0,0,0,0,0,0,,0,,,0,0,0,0,0,0,,0,13,25,156,0,0,0,238,41,9,-4.09275342774345,0,0.65546218487395,0.0773993808049536,0.0758928571428571,0.16922407120743,0,15.6,28.6
2014,REG+POST,00-0026286,,Jerome Felton,FB,RB,"https://static.www.nfl.com/image/private/f_auto,q_auto/league/mkg1584egfz8psc6gca7",5,MIN,0,0,0,0,0,0,0,0,0,0,0,0,,0,,,4,27,0,0,0,2,0.775364785222337,0,0,2,0,0,0,0,-2,0,0,-0.859755588404369,0,0.0,0.025,-0.0035906642728904,0.0349865350089767,0,2.7,2.7
2014,REG+POST,00-0026298,,Kellen Davis,TE,TE,"https://static.www.nfl.com/image/private/f_auto,q_auto/league/bftuje5hq6fnlmpc0uhy",2,DET,0,0,0,0,0,0,0,0,0,0,0,0,,0,,,0,0,0,0,0,0,,0,0,3,0,0,0,0,39,0,0,-2.01389227178879,0,0.0,0.0352941176470588,0.0540915395284327,0.0908052541404911,0,0.0,0.0
2014,REG+POST,00-0026314,,Josh Morgan,WR,WR,,8,CHI,0,0,0,0,0,0,0,0,0,0,0,0,,0,,,2,30,0,0,0,1,2.00368366512703,0,10,19,70,1,0,0,135,50,4,-14.5727305803448,0,0.518518518518519,0.060702875399361,0.0585683297180043,0.132052143901645,0,16.0,26.0
2014,REG+POST,00-0026316,,Jalen Parmele,RB,RB,,1,ARI,0,0,0,0,0,0,0,0,0,0,0,0,,0,,,1,0,0,0,0,0,-1.77812313102186,0,0,0,0,0,0,0,0,0,0,,0,,,,,0,0.0,0.0
2014,REG+POST,00-0026345,P.Garcon,Pierre Garcon,WR,WR,"https://static.www.nfl.com/image/private/f_auto,q_auto/league/xwjogot7xrfj9qwhsgtn",16,WAS,0,1,0,0,0,0,0,0,0,52,0,0,-0.656639283988625,0,0.0,,0,0,0,0,0,0,,0,68,105,752,3,0,0,977,341,32,-2.94442561523588,0,0.769703172978506,0.193014705882353,0.231791221826809,0.451775914102296,0,93.2,161.2
2014,REG+POST,00-0026349,,Matt Flynn,QB,QB,"https://static.www.nfl.com/image/private/f_auto,q_auto/league/goh8anyqhyvmkfmfbejp",7,GB,8,16,66,0,1,2,12,1,1,121,33,3,-13.654873651908,0,0.545454545454545,-0.0307684251801724,10,-10,0,0,0,0,-4.60927836241899,0,0,0,0,0,0,0,0,0,0,,0,,,,,0,-2.36,-2.36
2014,REG+POST,00-0026364,,Steve Johnson,WR,WR,"https://static.www.nfl.com/image/private/f_auto,q_auto/league/vlyzq1v53slatimy6v5q",13,SF,0,0,0,0,0,0,0,0,0,0,0,0,,0,,,0,0,0,0,0,0,,0,35,50,435,3,0,0,490,185,24,24.2797152513521,0,0.887755102040816,0.120481927710843,0.116306669831474,0.262137560448297,0,61.5,96.5
2014,REG+POST,00-0026367,,Peyton Hillis,RB,RB,,6,NYG,0,0,0,0,0,0,0,0,0,0,0,0,,0,,,26,115,0,0,0,4,-5.50448419587337,0,10,16,87,0,0,0,-5,93,2,-1.62816416926216,0,-17.4,0.104575163398693,-0.0048875855327468,0.153441435225116,0,20.2,30.2
2014,REG+POST,00-0026373,,Justin Forsett,RB,RB,"https://static.www.nfl.com/image/private/f_auto,q_auto/league/o86dvbcs8dcubcpj6fnu",18,BAL,0,0,0,0,0,0,0,0,0,0,0,0,,0,,,275,1435,8,2,1,69,1.51573697709945,1,47,64,287,1,0,0,-55,356,11,-8.6317461706801,0,-5.21818181818182,0.108658743633277,-0.0113448844884488,0.155046696308001,0,226.2,273.2
2014,REG+POST,00-0026393,M.Reece,Marcel Reece,FB,RB,"https://static.www.nfl.com/image/private/f_auto,q_auto/league/nqy3arwxgk4lwh3pfrr3",15,LV,0,0,0,0,0,0,0,0,0,0,0,0,,0,,,21,85,0,1,1,5,-7.41449496598216,0,37,59,265,1,0,0,176,202,12,0.222514603781747,0,1.50568181818182,0.0998307952622674,0.0376470588235294,0.176099134069872,0,39.0,76.0
2014,REG+POST,00-0026498,M.Stafford,Matthew Stafford,QB,QB,"https://static.www.nfl.com/image/private/f_auto,q_auto/league/icjfdfsncqlsqe49iujv",17,DET,391,644,4580,23,13,48,270,8,4,5109,2416,223,33.6485081815081,1,0.896457232335095,0.0489618436324119,44,102,2,2,1,9,-5.28446343683224,0,0,0,0,0,0,0,0,0,0,,0,,,,,0,263.4,263.4
2014,REG+POST,00-0026544,C.Daniel,Chase Daniel,QB,QB,"https://static.www.nfl.com/image/private/f_auto,q_auto/league/jt8fvgeyuhsbpo9m9t4x",2,KC,16,28,157,1,0,4,17,0,0,200,66,8,-8.61100356921782,0,0.785,-0.0134583384384983,4,15,0,0,0,1,1.46128492010757,0,0,0,0,0,0,0,0,0,0,,0,,,,,0,11.78,11.78
2014,REG+POST,00-0026557,,Will Ta'ufo'ou,FB,RB,,7,JAX,0,0,0,0,0,0,0,0,0,0,0,0,,0,,,0,0,0,0,0,0,,0,7,8,81,0,0,0,9,69,4,7.18192140384984,0,9.0,0.0311284046692607,0.0047694753577106,0.0500312397542885,0,8.1,15.1
2014,REG+POST,00-0026577,,Marcus Thigpen,WR,WR,"https://static.www.nfl.com/image/private/f_auto,q_auto/league/yjyhu6hejsynzkfiayqm",2,BUF,0,0,0,0,0,0,0,0,0,0,0,0,,0,,,0,0,0,0,0,0,,0,0,1,0,0,0,0,0,0,0,-0.768217664211988,0,,0.024390243902439,,,1,6.0,6.0
2014,REG+POST,00-0026625,B.Hoyer,Brian Hoyer,QB,QB,"https://static.www.nfl.com/image/private/f_auto,q_auto/league/japt3mj2xctm7saqndxn",14,CLE,242,438,3326,12,13,24,160,2,1,4535,1343,163,-2.00794273202818,0,0.733406835722161,0.012688953538851,24,39,0,2,0,5,-9.04734731684132,0,0,1,0,0,0,0,0,0,0,-0.776239039376378,0,,0.025,,,0,156.94,156.94
2014,REG+POST,00-0026691,,Chris Williams,WR,WR,"https://static.www.nfl.com/image/private/f_auto,q_auto/league/qjyxpk7sxwqlequuxrxd",1,CHI,0,0,0,0,0,0,0,0,0,0,0,0,,0,,,1,-8,0,0,0,0,-1.33954613376409,0,0,0,0,0,0,0,0,0,0,,0,,,,,1,5.2,5.2
2014,REG+POST,00-0026699,,Kevin Brock,TE,TE,,5,CIN,0,0,0,0,0,0,0,0,0,0,0,0,,0,,,0,0,0,0,0,0,,0,6,8,28,0,0,0,32,12,2,-1.9227336745972,0,0.875,0.0512820512820513,0.0240782543265613,0.0937778549516698,0,2.8,8.8
2014,REG+POST,00-0026780,,Kevin Ogletree,WR,WR,,4,NYG,0,0,0,0,0,0,0,0,0,0,0,0,,0,,,0,0,0,0,0,0,,0,5,9,50,0,0,0,113,14,2,2.25866155116852,0,0.442477876106195,0.05625,0.088074824629774,0.146027377240842,0,5.0,10.0
2014,REG+POST,00-0026796,,Arian Foster,RB,RB,,13,HOU,1,1,5,1,0,0,0,0,0,5,0,1,1.307154664275,0,1.0,,260,1246,8,2,2,52,-4.01008465326609,0,38,59,327,5,0,0,175,259,15,-10.8129101070762,0,1.86857142857143,0.158176943699732,0.0598290598290598,0.27914575742994,0,235.5,273.5
2014,REG+POST,00-0026852,D.Young,Darrel Young,FB,RB,"https://static.www.nfl.com/image/private/f_auto,q_auto/league/znfzmkdrjpzxrhv8j0r7",12,WAS,0,0,0,0,0,0,0,0,0,0,0,0,,0,,,9,22,3,0,0,6,2.78240339472541,0,11,14,81,2,0,0,41,53,5,8.10793000488775,0,1.97560975609756,0.0344827586206897,0.0153328347045625,0.0624571222242282,0,40.3,51.3
2014,REG+POST,00-0026855,,Antone Smith,RB,RB,"https://static.www.nfl.com/image/private/f_auto,q_auto/league/m45j6r43nwv5bsy0ooyo",10,ATL,0,0,0,0,0,0,0,0,0,0,0,0,,0,,,23,144,2,1,1,6,0.955236613343004,0,13,15,222,3,0,0,-5,233,5,14.8470038535629,0,-44.4,0.0595238095238095,-0.0030469226081657,0.0871528684599982,0,64.6,77.6
2014,REG+POST,00-0026898,M.Sanchez,Mark Sanchez,QB,QB,"https://static.www.nfl.com/image/private/f_auto,q_auto/league/e12qugcuc1cpgkf0crfn",9,PHI,198,309,2418,14,11,23,151,3,1,2582,1124,117,38.8000444930888,0,0.936483346243222,0.0916864593682746,34,87,1,4,2,5,-23.0740611738826,0,0,0,0,0,0,0,0,0,0,,0,,,,,0,139.42,139.42
2014,REG+POST,00-0026899,,Shonn Greene,RB,RB,,13,TEN,0,0,0,0,0,0,0,0,0,0,0,0,,0,,,94,392,2,1,1,18,-5.28822605664027,0,1,3,13,0,0,0,12,10,1,0.0223834284697659,0,1.08333333333333,0.0454545454545455,0.018018018018018,0.0807944307944308,0,50.5,51.5
2014,REG+POST,00-0026901,M.Wallace,Mike Wallace,WR,WR,"https://static.www.nfl.com/image/private/f_auto,q_auto/league/dy9z5wbsitf6l9psjq4y",16,MIA,0,1,0,0,0,0,0,0,0,25,0,0,-0.437614554888569,0,0.0,,4,16,0,1,0,1,-0.284150924824644,0,67,115,862,10,1,1,1499,235,47,36.3059220253879,0,0.57505003335557,0.193929173693086,0.32537443021489,0.518655861690052,0,145.8,212.8
2014,REG+POST,00-0026926,,Frank Summers,FB,RB,,8,BUF,0,0,0,0,0,0,0,0,0,0,0,0,,0,,,6,17,1,0,0,4,2.54423797037452,0,5,8,9,0,0,0,1,7,0,-3.86037423391826,0,9.0,0.0406091370558376,0.0008244023083264,0.0614907871995849,0,8.6,13.6
2014,REG+POST,00-0026931,,Bear Pascoe,TE,TE,,2,ATL,0,0,0,0,0,0,0,0,0,0,0,0,,0,,,0,0,0,0,0,0,,0,2,2,3,1,0,0,2,1,1,0.0937151204561815,0,1.5,0.0273972602739726,0.004524886877828,0.0442633112254385,0,6.3,8.3
2014,REG+POST,00-0026932,C.Peerman,Cedric Peerman,RB,RB,"https://static.www.nfl.com/image/private/f_auto,q_auto/league/a2vztwdw7rtpl9q9hzds",6,CIN,0,0,0,0,0,0,0,0,0,0,0,0,,0,,,15,43,0,1,0,2,-6.43130458536325,0,3,5,27,0,0,0,3,24,1,0.922001466271468,0,9.0,0.0746268656716418,0.0112781954887218,0.119835035349568,0,7.0,10.0
2014,REG+POST,00-0026937,,Brandon Gibson,WR,WR,"https://static.www.nfl.com/image/private/f_auto,q_auto/league/surhprm3dsmqjollulmn",14,MIA,0,0,0,0,0,0,0,0,0,0,0,0,,0,,,0,0,0,0,0,0,,0,29,51,295,1,2,0,488,109,15,-2.23219424755951,0,0.604508196721312,0.096045197740113,0.117959874305052,0.226639708623706,0,35.5,64.5
2014,REG+POST,00-0026957,D.Johnson,David Johnson,TE,TE,"https://static.www.nfl.com/image/private/f_auto,q_auto/league/td6y6zc2m3ifhcfd4yz9",1,LAC,0,0,0,0,0,0,0,0,0,0,0,0,,0,,,0,0,0,0,0,0,,0,1,1,4,0,0,0,2,2,0,-0.0798659853171557,0,2.0,0.0294117647058824,0.0097087378640776,0.0509137635636779,0,0.4,1.4
2014,REG+POST,00-0026983,D.Heyward-Bey,Darrius Heyward-Bey,WR,WR,"https://static.www.nfl.com/image/private/f_auto,q_auto/league/d5otkkbb0z2rdd2bjatd",6,PIT,0,0,0,0,0,0,0,0,0,0,0,0,,0,,,0,0,0,0,0,0,,0,4,6,39,0,1,1,88,1,2,-6.87111308635213,0,0.443181818181818,0.0227272727272727,0.0374946740519813,0.060337180927296,0,1.9,5.9
2014,REG+POST,00-0026986,M.Crabtree,Michael Crabtree,WR,WR,"https://static.www.nfl.com/image/private/f_auto,q_auto/league/kcavcmeyaion38ewxwyk",16,SF,0,0,0,0,0,0,0,0,0,0,0,0,,0,,,1,4,0,0,0,0,-0.0124767327215523,0,68,108,698,4,0,0,967,258,35,14.8905761687335,0,0.72182006204757,0.223140495867769,0.205220713073005,0.478365242952757,0,94.2,162.2
2014,REG+POST,00-0026988,,Knowshon Moreno,RB,RB,,3,MIA,0,0,0,0,0,0,0,0,0,0,0,0,,0,,,31,148,1,0,0,8,0.0755166619152394,0,1,1,8,0,0,0,-1,9,0,0.265508994925767,0,-8.0,0.032258064516129,-0.0036363636363636,0.045841642228739,0,21.6,22.6
2014,REG+POST,00-0026995,J.Maclin,Jeremy Maclin,WR,WR,"https://static.www.nfl.com/image/private/f_auto,q_auto/league/tvlsuugnbn0idb0tbtgw",16,PHI,0,0,0,0,0,0,0,0,0,0,0,0,,0,,,0,0,0,0,0,0,,0,85,143,1318,10,0,0,1892,496,56,55.5563874601666,0,0.69661733615222,0.233660130718954,0.342319522344853,0.590113861719828,0,191.8,276.8
2014,REG+POST,00-0026996,,Brandon Pettigrew,TE,TE,,8,DET,0,0,0,0,0,0,0,0,0,0,0,0,,0,,,0,0,0,0,0,0,,0,11,17,81,0,0,0,78,38,5,-4.54472607061285,0,1.03846153846154,0.0562913907284768,0.033606204222318,0.107961429048338,0,8.1,19.1
2014,REG+POST,00-0026998,,Percy Harvin,WR,WR,"https://static.www.nfl.com/image/private/f_auto,q_auto/league/ly7xvqfvoehf5jqrzzcq",13,NYJ,0,0,0,0,0,0,0,0,0,0,0,0,,0,,,33,202,1,0,0,11,7.39232700056833,0,51,78,483,1,1,0,601,259,23,-6.89011656297121,0,0.803660565723794,0.222857142857143,0.203867028493894,0.47699263423144,0,80.5,131.5
2014,REG+POST,00-0027003,,Donald Brown,RB,RB,,13,LAC,0,0,0,0,0,0,0,0,0,0,0,0,,0,,,85,223,0,0,0,11,-19.8339091259404,0,29,41,211,0,1,0,-19,286,7,-4.5786909271354,0,-11.1052631578947,0.0966981132075472,-0.0057768318637883,0.141003387506669,0,43.4,72.4
2014,REG+POST,00-0027005,,Hakeem Nicks,WR,WR,"https://static.www.nfl.com/image/private/f_auto,q_auto/league/nbgeeeuhd0n4zrctfxce",18,IND,0,0,0,0,0,0,0,0,0,0,0,0,,0,,,0,0,0,0,0,0,,0,44,76,503,5,0,0,827,152,23,-3.46745024388786,0,0.608222490931076,0.102702702702703,0.12795915209655,0.243625460521639,0,80.3,124.3
2014,REG+POST,00-0027006,K.Britt,Kenny Britt,WR,WR,"https://static.www.nfl.com/image/private/f_auto,q_auto/league/joozpvuyykyxjogcg3r5",16,LA,0,0,0,0,0,0,0,0,0,0,0,0,,0,,,2,14,0,0,0,1,0.555521922418848,0,48,84,748,3,0,0,1357,166,33,3.3035065269464,0,0.551215917464996,0.16600790513834,0.323095238095238,0.475178524374177,0,94.2,142.2
2014,REG+POST,00-0027015,,Eben Britton,T,OL,,1,CHI,0,0,0,0,0,0,0,0,0,0,0,0,,0,,,0,0,0,0,0,0,,0,0,1,0,0,0,0,1,0,0,-4.70404028671328,0,0.0,0.0263157894736842,0.0042194092827004,0.0424272707084166,0,0.0,0.0
2014,REG+POST,00-0027029,L.McCoy,LeSean McCoy,RB,RB,"https://static.www.nfl.com/image/private/f_auto,q_auto/league/cpc1a2dgivdyevuncz7p",16,PHI,0,0,0,0,0,0,0,0,0,0,0,0,,0,,,312,1319,5,3,2,67,-27.5739074015689,0,28,37,155,0,1,1,-36,182,10,-7.57469770383233,0,-4.30555555555556,0.0711538461538462,-0.0078826363039194,0.101212923818026,0,171.4,199.4
2014,REG+POST,00-0027057,B.Tate,Brandon Tate,WR,WR,"https://static.www.nfl.com/image/private/f_auto,q_auto/league/uzpf58ijo44jfqakwv83",13,CIN,0,0,0,0,0,0,0,0,0,0,0,0,,0,,,3,21,0,0,0,1,1.04124227410648,0,17,31,193,1,0,0,388,71,12,6.20395077061952,0,0.497422680412371,0.0822281167108753,0.135191637630662,0.217976321407776,0,27.4,44.4
2014,REG+POST,00-0027061,J.Cook,Jared Cook,TE,TE,"https://static.www.nfl.com/image/private/f_auto,q_auto/league/cthoenebptadlu4g928v",16,LA,0,0,0,0,0,0,0,0,0,0,0,0,,0,,,1,0,0,0,0,0,-0.682230898877606,0,52,99,634,3,0,0,845,263,32,-7.7093303652617,0,0.750295857988166,0.195652173913043,0.201190476190476,0.434311594202899,0,81.4,133.4
2014,REG+POST,00-0027069,,Chase Coffman,TE,TE,,8,TEN,0,0,0,0,0,0,0,0,0,0,0,0,,0,,,0,0,0,0,0,0,,0,6,14,64,1,0,0,111,19,4,-3.78877562173875,0,0.576576576576577,0.0585774058577406,0.0548961424332344,0.126293408489875,0,12.4,18.4
2014,REG+POST,00-0027077,,Brian Hartline,WR,WR,"https://static.www.nfl.com/image/private/f_auto,q_auto/league/vuqaw5utqkgyqtp7hwbu",16,MIA,0,0,0,0,0,0,0,0,0,0,0,0,,0,,,0,0,0,0,0,0,,0,39,63,474,2,1,0,710,121,27,21.1219571357989,0,0.667605633802817,0.106239460370995,0.154113305838941,0.267238504643751,0,59.4,98.4
2014,REG+POST,00-0027083,,David Bruton,SS,DB,,1,DEN,0,0,0,0,0,0,0,0,0,0,0,0,,0,,,1,13,0,0,0,1,3.37553627905436,0,0,0,0,0,0,0,0,0,0,,0,,,,,0,1.3,1.3
2014,REG+POST,00-0027089,L.Murphy,Louis Murphy,WR,WR,"https://static.www.nfl.com/image/private/f_auto,q_auto/league/rivj8wgktddc22qdtpsn",11,TB,0,0,0,0,0,0,0,0,0,0,0,0,,0,,,0,0,0,0,0,0,,0,31,56,380,2,1,0,642,127,14,-1.04185113957747,0,0.59190031152648,0.145077720207254,0.151308036766439,0.323532206047388,0,50.0,81.0
2014,REG+POST,00-0027109,,James Casey,FB,TE,"https://static.www.nfl.com/image/private/f_auto,q_auto/league/atra5outunyi3dikmjez",3,PHI,0,0,0,0,0,0,0,0,0,0,0,0,,0,,,0,0,0,0,0,0,,0,3,3,59,2,0,0,55,4,3,6.30313268915052,0,1.07272727272727,0.0256410256410256,0.0583244962884411,0.0792886858634473,0,17.9,20.9
2014,REG+POST,00-0027114,T.Morstead,Thomas Morstead,P,SPEC,"https://static.www.nfl.com/image/private/f_auto,q_auto/league/p409gqqycwejqpolv89t",1,NO,0,0,0,0,0,1,2,0,0,0,0,0,-2.98992373107467,0,,,0,0,0,0,0,0,,0,0,0,0,0,0,0,0,0,0,,0,,,,,0,0.0,0.0
2014,REG+POST,00-0027135,,Brandon Myers,TE,TE,"https://static.www.nfl.com/image/private/f_auto,q_auto/league/tzyfv93n3bgtbmywjczu",11,TB,0,0,0,0,0,0,0,0,0,0,0,0,,0,,,0,0,0,0,0,0,,0,22,32,190,0,0,0,175,60,8,-2.18161012907512,0,1.08571428571429,0.0914285714285714,0.0485706355814599,0.171142302049879,0,19.0,41.0
2014,REG+POST,00-0027139,J.Phillips,John Phillips,TE,TE,"https://static.www.nfl.com/image/private/f_auto,q_auto/league/i1t7zl2f5t0wwj72yxj7",1,LAC,0,0,0,0,0,0,0,0,0,0,0,0,,0,,,0,0,0,0,0,0,,0,1,1,1,1,0,0,1,0,1,0.552012551168446,0,1.0,0.032258064516129,0.0022222222222222,0.0499426523297491,0,6.1,7.1
2014,REG+POST,00-0027140,,Chris Ogbonnaya,RB,RB,,3,CAR,0,0,0,0,0,0,0,0,0,0,0,0,,0,,,14,50,1,0,0,3,-0.498863321059616,0,0,1,0,0,0,0,-3,0,0,-0.761088888859376,0,0.0,0.0256410256410256,-0.0081521739130434,0.032755016722408,0,11.0,11.0
2014,REG+POST,00-0027145,,Pat McAfee,P,SPEC,"https://static.www.nfl.com/image/private/f_auto,q_auto/league/giz54xrdfqrdu9nezfee",1,IND,0,1,0,0,0,0,0,0,0,16,0,0,-2.49500997137511,0,0.0,,0,0,0,0,0,0,,0,0,0,0,0,0,0,0,0,0,,0,,,,,0,0.0,0.0
2014,REG+POST,00-0027150,J.Edelman,Julian Edelman,WR,WR,"https://static.www.nfl.com/image/private/f_auto,q_auto/league/u0hbuo2bsvtlg7lnxm43",17,NE,1,1,51,1,0,0,0,0,0,33,18,1,4.19763215107378,0,1.54545454545455,,12,113,0,1,0,8,8.03241856972454,0,118,171,1253,5,3,0,1278,558,67,69.1889218447822,0,0.980438184663537,0.255605381165919,0.238033153287391,0.550031279050052,1,178.64,296.64
2014,REG+POST,00-0027155,,Rashad Jennings,RB,RB,"https://static.www.nfl.com/image/private/f_auto,q_auto/league/r48elxgcxhdkfkazlqab",11,NYG,0,0,0,0,0,0,0,0,0,0,0,0,,0,,,167,639,4,0,0,38,-12.3683044684547,0,30,41,226,0,1,1,-93,313,8,-8.66738942786437,0,-2.43010752688172,0.116477272727273,-0.0312080536912752,0.152870271507016,0,108.5,138.5
2014,REG+POST,00-0027202,,Michael Palmer,TE,TE,,2,PIT,0,0,0,0,0,0,0,0,0,0,0,0,,0,,,0,0,0,0,0,0,,0,1,2,1,1,0,0,9,0,1,0.893826174200513,0,0.111111111111111,0.0327868852459016,0.0226700251889169,0.0650493455010943,0,6.1,7.1
2014,REG+POST,00-0027215,L.Paulsen,Logan Paulsen,TE,TE,"https://static.www.nfl.com/image/private/f_auto,q_auto/league/rckjvflmpzh9tiescxcd",10,WAS,0,0,0,0,0,0,0,0,0,0,0,0,,0,,,0,0,0,0,0,0,,0,13,16,78,1,1,1,42,46,2,-3.83120209473418,0,1.85714285714286,0.0465116279069768,0.0161787365177196,0.0810925574228688,0,11.8,24.8
2014,REG+POST,00-0027218,,Joique Bell,RB,RB,"https://static.www.nfl.com/image/private/f_auto,q_auto/league/mpibe74w5hnraxk823vf",16,DET,0,0,0,0,0,0,0,0,0,0,0,0,,0,,,235,903,7,5,1,45,-26.7145849344961,0,38,57,364,1,0,0,9,383,16,9.28153014644752,0,40.4444444444444,0.108159392789374,0.0024704913532802,0.163968433131357,0,172.7,210.7
2014,REG+POST,00-0027265,V.Cruz,Victor Cruz,WR,WR,"https://static.www.nfl.com/image/private/f_auto,q_auto/league/q15bky6cm2stbiy0zafu",6,NYG,0,0,0,0,0,0,0,0,0,0,0,0,,0,,,0,0,0,0,0,0,,0,23,41,337,1,0,0,442,174,13,-2.30510474889291,0,0.762443438914027,0.209183673469388,0.291749174917492,0.517999932646326,0,39.7,62.7
2014,REG+POST,00-0027321,J.Cumberland,Jeff Cumberland,TE,TE,"https://static.www.nfl.com/image/private/f_auto,q_auto/league/c87plzwz1aj8haowwxcq",15,NYJ,0,0,0,0,0,0,0,0,0,0,0,0,,0,,,0,0,0,0,0,0,,0,23,47,247,3,0,0,437,96,12,-2.03077497609976,0,0.565217391304348,0.101293103448276,0.111026422764228,0.229658151107373,0,42.7,65.7
2014,REG+POST,00-0027322,,David Nelson,WR,WR,,6,NYJ,0,0,0,0,0,0,0,0,0,0,0,0,,0,,,0,0,0,0,0,0,,0,8,16,65,0,2,0,187,3,4,-7.20371511316934,0,0.347593582887701,0.0816326530612245,0.114024390243902,0.202266052762568,0,6.5,14.5
2014,REG+POST,00-0027325,L.Blount,LeGarrette Blount,RB,RB,"https://static.www.nfl.com/image/private/f_auto,q_auto/league/s3eilto1yi0yhoamvvo3",18,NE,0,0,0,0,0,0,0,0,0,0,0,0,,0,,,172,736,8,1,1,42,-7.70962182470131,0,10,12,54,0,0,0,8,61,4,1.55732965038624,0,6.75,0.0449438202247191,0.0042105263157894,0.0703630987581313,0,125.0,135.0
2014,REG+POST,00-0027346,,Alfonso Smith,RB,RB,,3,SF,0,0,0,0,0,0,0,0,0,0,0,0,,0,,,7,19,0,0,0,1,-2.91994392423658,0,3,4,11,0,0,0,-13,20,0,-2.46235314442311,0,-0.846153846153846,0.08,-0.035230352303523,0.0953387533875339,0,3.0,6.0
2014,REG+POST,00-0027378,C.Maragos,Chris Maragos,FS,DB,"https://static.www.nfl.com/image/private/f_auto,q_auto/league/pojk8qu8tparbcu35qxo",1,PHI,0,0,0,0,0,0,0,0,0,0,0,0,,0,,,0,0,0,0,0,0,,0,0,0,0,0,0,0,0,0,0,,0,,,,,1,6.0,6.0
2014,REG+POST,00-0027422,,Danny McCray,SS,DB,"https://static.www.nfl.com/image/private/f_auto,q_auto/league/v9sdrp20tlu0pyikb2gy",1,CHI,0,0,0,0,0,0,0,0,0,0,0,0,,0,,,1,2,0,0,0,0,-2.57212745444849,0,0,0,0,0,0,0,0,0,0,,0,,,,,0,0.2,0.2
2014,REG+POST,00-0027450,,Preston Parker,WR,WR,"https://static.www.nfl.com/image/private/f_auto,q_auto/league/uposmry1docri5fwr22y",15,NYG,0,0,0,0,0,0,0,0,0,0,0,0,,0,,,0,0,0,0,0,0,,0,36,56,418,2,0,0,563,118,25,21.0307815427315,0,0.742451154529307,0.0987654320987654,0.117905759162304,0.230682179561761,0,53.8,89.8
2014,REG+POST,00-0027531,C.Ivory,Chris Ivory,RB,RB,"https://static.www.nfl.com/image/private/f_auto,q_auto/league/wuhrkffigvt55hcqd4yw",16,NYJ,0,0,0,0,0,0,0,0,0,0,0,0,,0,,,198,821,6,2,1,42,-16.6837850561018,0,18,27,123,1,0,0,-12,120,4,0.514360969187692,0,-10.25,0.0752089136490251,-0.0038461538461538,0.11012106278123,0,134.4,152.4
2014,REG+POST,00-0027567,,Steve Maneri,,,,1,NE,0,0,0,0,0,0,0,0,0,0,0,0,,0,,,0,0,0,0,0,0,,0,0,1,0,0,0,0,2,0,0,-0.440679721534252,0,0.0,0.03125,0.0068027210884353,0.0516369047619048,0,0.0,0.0
2014,REG+POST,00-0027581,,Seyi Ajirotutu,WR,WR,"https://static.www.nfl.com/image/private/f_auto,q_auto/league/tmbglbojtv1psbkhejsg",7,LAC,0,0,0,0,0,0,0,0,0,0,0,0,,0,,,0,0,0,0,0,0,,0,4,12,45,0,0,0,140,10,4,-4.02940678386949,0,0.321428571428571,0.0446096654275093,0.0606585788561525,0.109375503340571,0,4.5,8.5
2014,REG+POST,00-0027595,,Bryan Walters,WR,WR,,5,SEA,0,0,0,0,0,0,0,0,0,0,0,0,,0,,,1,-2,0,0,0,0,-0.883767302380875,0,6,12,57,0,0,0,90,39,3,-5.3388261700163,0,0.633333333333333,0.0916030534351145,0.0715421303656598,0.187484071408634,0,5.5,11.5
2014,REG+POST,00-0027651,,Dexter McCluster,WR,WR,"https://static.www.nfl.com/image/private/f_auto,q_auto/league/vawlifwslfzekg0e35ig",13,TEN,0,0,0,0,0,0,0,0,0,0,0,0,,0,,,40,131,0,0,0,7,-8.58056949276943,0,26,36,197,1,0,0,137,138,9,0.341158916198227,0,1.43795620437956,0.0869565217391304,0.0345523329129887,0.154621415647788,0,38.8,64.8
2014,REG+POST,00-0027656,R.Gronkowski,Rob Gronkowski,TE,TE,"https://static.www.nfl.com/image/private/f_auto,q_auto/league/svpo7chliiymc0r7hegp",18,NE,0,0,0,0,0,0,0,0,0,0,0,0,,0,,,0,0,0,0,0,0,,0,98,162,1328,15,0,0,1576,533,72,63.6156548684651,0,0.842639593908629,0.230113636363636,0.283810552854313,0.543837841543474,0,222.8,320.8
2014,REG+POST,00-0027659,,Jimmy Clausen,QB,QB,"https://static.www.nfl.com/image/private/f_auto,q_auto/league/n5lf1tlpkvtck2j24krd",4,CHI,26,48,223,2,1,3,20,0,0,368,123,13,-10.473095975176,0,0.605978260869565,0.0010005100329596,3,9,0,0,0,1,0.944494707859121,0,0,0,0,0,0,0,0,0,0,,0,,,,,0,15.82,15.82
2014,REG+POST,00-0027675,E.Dickson,Ed Dickson,TE,TE,"https://static.www.nfl.com/image/private/f_auto,q_auto/league/qtxat8xwaclkqfkj5lrq",14,CAR,0,0,0,0,0,0,0,0,0,0,0,0,,0,,,0,0,0,0,0,0,,0,13,24,182,1,1,0,161,104,12,1.04445791611215,0,1.1304347826087,0.0515021459227468,0.0344975358902936,0.101401494007326,0,24.2,37.2
2014,REG+POST,00-0027681,B.LaFell,Brandon LaFell,WR,WR,"https://static.www.nfl.com/image/private/f_auto,q_auto/league/x4wifb5arw0neuwg1cch",18,NE,0,0,0,0,0,0,0,0,0,0,0,0,,0,,,2,13,0,0,0,0,0.606779042049311,0,87,139,1072,9,1,1,1477,404,56,22.1628782070062,0,0.725795531482735,0.194405594405594,0.260218463706836,0.473761316203177,0,160.5,247.5
2014,REG+POST,00-0027685,E.Sanders,Emmanuel Sanders,WR,WR,"https://static.www.nfl.com/image/private/f_auto,q_auto/league/potkibjtm855tsawozs0",17,DEN,0,0,0,0,0,0,0,0,0,0,0,0,,0,,,8,44,0,0,0,3,0.726119409839157,0,108,156,1450,9,1,0,1992,367,71,76.359324879404,1,0.727911646586345,0.240740740740741,0.356286889644071,0.610511933861961,0,205.4,313.4
2014,REG+POST,00-0027688,C.McCoy,Colt McCoy,QB,QB,"https://static.www.nfl.com/image/private/f_auto,q_auto/league/mvcoi7f6thyudufnh0dx",5,WAS,91,128,1057,4,3,17,117,4,1,916,546,44,-0.298772753510992,0,1.15393013100437,0.0805866720013786,16,66,1,2,0,4,-1.40947525173214,0,0,0,0,0,0,0,0,0,0,,0,,,,,0,62.88,62.88
2014,REG+POST,00-0027690,E.Decker,Eric Decker,WR,WR,"https://static.www.nfl.com/image/private/f_auto,q_auto/league/jg5ftnvxz4jdiajzeoyn",15,NYJ,0,0,0,0,0,0,0,0,0,0,0,0,,0,,,0,0,0,0,0,0,,0,74,115,962,5,0,0,1257,322,47,35.1914677527869,0,0.765314240254574,0.253863134657837,0.337359098228663,0.616946070746819,0,126.2,200.2
2014,REG+POST,00-0027691,A.Roberts,Andre Roberts,WR,WR,"https://static.www.nfl.com/image/private/f_auto,q_auto/league/hjoyjewh7knoafxt4k93",16,WAS,0,0,0,0,0,0,0,0,0,0,0,0,,0,,,2,21,0,0,0,1,0.609787527355366,0,36,73,453,2,1,1,733,207,28,-16.0513123506605,0,0.618008185538881,0.134191176470588,0.173902728351127,0.323018674551671,0,57.4,93.4
2014,REG+POST,00-0027695,,Tony Moeaki,TE,TE,,6,SEA,0,0,0,0,0,0,0,0,0,0,0,0,,0,,,0,0,0,0,0,0,,0,8,13,134,1,0,0,103,72,6,5.32892603511227,0,1.30097087378641,0.0849673202614379,0.0800933125972006,0.183516299210197,0,19.4,27.4
2014,REG+POST,00-0027696,J.Graham,Jimmy Graham,TE,TE,"https://static.www.nfl.com/image/private/f_auto,q_auto/league/h7xs06oj6g03mippwtse",15,NO,0,0,0,0,0,0,0,0,0,0,0,0,,0,,,0,0,0,0,0,0,,0,85,124,889,10,2,2,1039,294,54,22.1029933795651,0,0.85563041385948,0.199036918138042,0.216323131376223,0.449981569170419,0,144.9,229.9
2014,REG+POST,00-0027701,E.Griffen,Everson Griffen,DE,DL,"https://static.www.nfl.com/image/private/f_auto,q_auto/league/fqvc0dkghdix5fq9tfaq",1,MIN,0,0,0,0,0,0,0,0,0,0,0,0,,0,,,0,0,0,0,0,0,,0,0,0,0,0,0,0,0,0,0,,0,,,,,1,6.0,6.0
2014,REG+POST,00-0027702,,Mike Williams,WR,WR,,6,BUF,0,0,0,0,0,0,0,0,0,0,0,0,,0,,,0,0,0,0,0,0,,0,8,19,142,1,0,0,273,35,3,0.768144660770559,0,0.52014652014652,0.0900473933649289,0.182730923694779,0.262982736633739,0,20.2,28.2
2014,REG+POST,00-0027712,,Joe McKnight,RB,RB,,1,KC,0,0,0,0,0,0,0,0,0,0,0,0,,0,,,1,3,0,0,0,0,-0.438536236761138,0,6,7,64,2,0,0,6,52,5,7.90823521325365,0,10.6666666666667,0.28,0.0769230769230769,0.473846153846154,0,18.7,24.7
2014,REG+POST,00-0027714,,Dennis Pitta,TE,TE,"https://static.www.nfl.com/image/private/f_auto,q_auto/league/liu0pixlkbyftxesaq06",3,BAL,0,0,0,0,0,0,0,0,0,0,0,0,,0,,,0,0,0,0,0,0,,0,16,21,125,0,0,0,107,55,7,5.04025004867147,0,1.16822429906542,0.173553719008264,0.119553072625698,0.344017729350386,0,12.5,28.5
2014,REG+POST,00-0027718,,Garrett Graham,TE,TE,,10,HOU,0,0,0,0,0,0,0,0,0,0,0,0,,0,,,0,0,0,0,0,0,,0,18,28,197,1,0,0,177,63,10,4.97658499807585,0,1.11299435028249,0.0921052631578947,0.069113627489262,0.186537433979326,0,25.7,43.7
2014,REG+POST,00-0027725,C.Harbor,Clay Harbor,TE,TE,"https://static.www.nfl.com/image/private/f_auto,q_auto/league/spuxscdmedvqosq5yrho",9,JAX,0,0,0,0,0,0,0,0,0,0,0,0,,0,,,0,0,0,0,0,0,,0,26,35,289,1,0,0,210,179,12,5.89618759392761,0,1.37619047619048,0.109375,0.101204819277108,0.234905873493976,0,34.9,60.9
2014,REG+POST,00-0027732,M.Hoomanawanui,Michael Hoomanawanui,TE,TE,"https://static.www.nfl.com/image/private/f_auto,q_auto/league/fgfwj67pbxmp1bpjm7ti",9,NE,0,0,0,0,0,0,0,0,0,0,0,0,,0,,,0,0,0,0,0,0,,0,9,12,97,0,0,0,121,21,4,4.1910348693491,0,0.801652892561983,0.037037037037037,0.0439201451905626,0.0862996571889494,0,9.7,18.7
2014,REG+POST,00-0027739,,John Conner,RB,RB,,6,NYJ,0,0,0,0,0,0,0,0,0,0,0,0,,0,,,6,20,0,0,0,1,-1.75455576495733,0,2,3,35,1,0,0,-1,27,2,3.84988692111801,0,-35.0,0.0319148936170213,-0.0013003901170351,0.0469620673436073,0,11.5,13.5
2014,REG+POST,00-0027753,,Andrew Quarless,TE,TE,,17,GB,0,0,0,0,0,0,0,0,0,0,0,0,,0,,,0,0,0,0,0,0,,0,33,51,354,4,0,0,274,180,23,19.2338259301905,0,1.29197080291971,0.0891608391608392,0.0586723768736617,0.174811922552822,0,59.4,92.4
2014,REG+POST,00-0027758,,Riley Cooper,WR,WR,"https://static.www.nfl.com/image/private/f_auto,q_auto/league/vpongpty2wm06bsmm7hb",16,PHI,0,0,0,0,0,0,0,0,0,0,0,0,,0,,,0,0,0,0,0,0,,0,55,95,577,3,1,1,1119,153,25,1.6934825577298,0,0.515638963360143,0.155228758169935,0.202460647729329,0.374565590665432,0,73.7,128.7
2014,REG+POST,00-0027772,,Anthony Dixon,RB,RB,"https://static.www.nfl.com/image/private/f_auto,q_auto/league/lvbgbxspmjn0xo1kw8g9",13,BUF,0,0,0,0,0,0,0,0,0,0,0,0,,0,,,105,432,2,1,0,13,-8.15838129250915,0,8,9,49,0,0,0,11,44,3,1.82961935907703,0,4.45454545454545,0.05625,0.0095569070373588,0.0910648349261512,0,60.1,68.1
2014,REG+POST,00-0027786,,Jonathan Dwyer,RB,RB,,2,ARI,0,0,0,0,0,0,0,0,0,0,0,0,,0,,,16,51,1,0,0,3,-3.03228879347444,0,2,3,8,0,0,0,7,9,0,-1.00868945999537,0,1.14285714285714,0.0833333333333333,0.0183246073298429,0.13782722513089,0,11.9,13.9
2014,REG+POST,00-0027791,,James Starks,RB,RB,"https://static.www.nfl.com/image/private/f_auto,q_auto/league/ohxqulg4xjfmbbkkltqj",16,GB,0,0,0,0,0,0,0,0,0,0,0,0,,0,,,95,393,2,1,0,18,-10.6352529742871,0,19,32,140,0,0,0,140,122,6,-4.52474712747908,0,1.0,0.0676532769556025,0.0358514724711908,0.126575946163237,0,65.3,84.3
2014,REG+POST,00-0027793,A.Brown,Antonio Brown,WR,WR,"https://static.www.nfl.com/image/private/f_auto,q_auto/league/ecxsx9t7bfg42bgfwj3v",17,PIT,2,2,20,1,0,0,0,0,0,9,11,2,1.98824522324139,0,2.22222222222222,,4,13,0,0,0,0,-1.58642123462924,0,138,195,1815,13,1,1,2012,631,90,88.7881786509567,1,0.902087475149105,0.300462249614792,0.354474982381959,0.69882586208956,1,271.6,409.6
2014,REG+POST,00-0027796,J.Webb,Joe Webb,QB,QB,"https://static.www.nfl.com/image/private/f_auto,q_auto/league/hjieero9ugbyu7n1629h",1,CAR,0,0,0,0,0,0,0,0,0,0,0,0,,0,,,0,0,0,0,0,0,,0,1,3,16,0,0,0,54,0,1,1.76143815880641,0,0.296296296296296,0.075,0.104854368932039,0.185898058252427,0,1.6,2.6
2014,REG+POST,00-0027809,,Mickey Shuler,TE,TE,"https://static.www.nfl.com/image/private/f_auto,q_auto/league/zjbwgcsjnmgxgigktqtl",3,JAX,0,0,0,0,0,0,0,0,0,0,0,0,,0,,,0,0,0,0,0,0,,0,0,3,0,0,0,0,17,0,0,-2.52468758216128,0,0.0,0.0297029702970297,0.0187224669603524,0.0576601823177913,0,0.0,0.0
2014,REG+POST,00-0027825,J.Dray,Jim Dray,TE,TE,"https://static.www.nfl.com/image/private/f_auto,q_auto/league/p8pyujltnfdj3qnbh7yi",13,CLE,0,0,0,0,0,0,0,0,0,0,0,0,,0,,,0,0,0,0,0,0,,0,17,27,242,1,0,0,231,103,12,4.92996220065496,0,1.04761904761905,0.0666666666666667,0.0555288461538462,0.138870192307692,0,30.2,47.2
2014,REG+POST,00-0027844,,Erik Lorig,FB,RB,,7,NO,0,0,0,0,0,0,0,0,0,0,0,0,,0,,,3,4,0,1,1,0,-4.58422875183169,0,9,10,27,1,0,0,-7,34,2,-5.43485789914848,0,-3.85714285714286,0.0442477876106195,-0.0052950075642965,0.0626651761209216,0,7.1,16.1
2014,REG+POST,00-0027861,C.Spiller,C.J. Spiller,RB,RB,"https://static.www.nfl.com/image/private/f_auto,q_auto/league/jqbnrdpq9c2nbchzntxt",9,BUF,0,0,0,0,0,0,0,0,0,0,0,0,,0,,,78,300,0,3,1,12,-16.9114547527861,0,19,22,125,1,0,0,-58,186,6,3.63675506936852,0,-2.1551724137931,0.0679012345679012,-0.0278044103547459,0.0823887646035297,1,52.5,71.5
2014,REG+POST,00-0027864,,Ryan Mathews,RB,RB,"https://static.www.nfl.com/image/private/f_auto,q_auto/league/mai5izn84cdrvxlkwagb",6,LAC,0,0,0,0,0,0,0,0,0,0,0,0,,0,,,74,330,3,1,0,17,2.91313246433856,0,9,10,69,0,0,0,7,63,4,2.38278218824416,0,9.85714285714286,0.0460829493087558,0.0048577376821651,0.0725248403406493,0,57.9,66.9
2014,REG+POST,00-0027870,M.Pouncey,Maurkice Pouncey,C,OL,"https://static.www.nfl.com/image/private/f_auto,q_auto/league/tmwaifzvklcmjs4ubrgo",1,PIT,0,0,0,0,0,0,0,0,0,0,0,0,,0,,,0,0,0,0,0,0,,0,1,1,0,0,0,0,0,0,0,-1.58407148625702,0,,0.0263157894736842,,,0,0.0,1.0
2014,REG+POST,00-0027873,J.Gresham,Jermaine Gresham,TE,TE,"https://static.www.nfl.com/image/private/f_auto,q_auto/league/higvmot083ues41wbdgi",15,CIN,0,0,0,0,0,0,0,0,0,0,0,0,,0,,,0,0,0,0,0,0,,0,62,79,460,5,3,0,341,254,24,0.20254204771604,0,1.34897360703812,0.168443496801706,0.0988692374601334,0.321873711424652,0,76.0,138.0
2014,REG+POST,00-0027874,D.Thomas,Demaryius Thomas,WR,WR,"https://static.www.nfl.com/image/private/f_auto,q_auto/league/p1yjsqtqimjd6iazu3h9",17,DEN,0,0,0,0,0,0,0,0,0,0,0,0,,0,,,0,0,0,0,0,0,,0,116,196,1678,12,0,0,1986,654,73,43.6166528484486,1,0.84491440080564,0.302469135802469,0.35521373636201,0.702353319157111,0,241.8,357.8
2014,REG+POST,00-0027888,,Toby Gerhart,RB,RB,"https://static.www.nfl.com/image/private/f_auto,q_auto/league/pne2o7x8dw3cngbahihv",14,JAX,0,0,0,0,0,0,0,0,0,0,0,0,,0,,,101,326,2,1,1,23,-20.8005507523464,0,20,24,186,0,0,0,-20,229,10,0.805869924836589,0,-9.3,0.0645161290322581,-0.0077821011673151,0.0913267227312665,0,61.2,81.2
2014,REG+POST,00-0027890,,Ben Tate,RB,RB,,12,PIT,0,0,0,0,0,0,0,0,0,0,0,0,,0,,,124,390,4,1,0,19,-22.1954446332007,0,11,15,69,0,0,0,18,51,3,-13.1342448094847,0,3.83333333333333,0.0576923076923077,0.006509945750452,0.091095423563778,0,69.9,80.9
2014,REG+POST,00-0027891,G.Tate,Golden Tate,WR,WR,"https://static.www.nfl.com/image/private/f_auto,q_auto/league/yfqebrp2o9t1gt1wqjku",17,DET,0,0,0,0,0,0,0,0,0,0,0,0,,0,,,5,30,0,0,0,1,1.07953115622513,0,105,153,1420,5,1,0,1242,740,62,50.5213029573325,0,1.14331723027375,0.242088607594937,0.247262592076448,0.536216725845919,0,175.0,280.0
2014,REG+POST,00-0027893,,Damian Williams,WR,WR,,1,MIA,0,0,0,0,0,0,0,0,0,0,0,0,,0,,,0,0,0,0,0,0,,0,1,1,14,0,0,0,13,1,1,2.0191807289375,0,1.07692307692308,0.032258064516129,0.0472727272727273,0.0814780058651026,0,1.4,2.4
2014,REG+POST,00-0027902,D.Bryant,Dez Bryant,WR,WR,"https://static.www.nfl.com/image/private/f_auto,q_auto/league/jmggujwkiv7osgkhhnhl",18,DAL,0,0,0,0,0,0,0,0,0,0,0,0,,0,,,0,0,0,0,0,0,,0,94,144,1406,16,1,0,1764,459,63,67.9150909005181,0,0.797052154195011,0.276391554702495,0.384648931530746,0.683841584125265,0,236.6,330.6
2014,REG+POST,00-0027905,,Will Tukuafu,FB,RB,"https://static.www.nfl.com/image/private/f_auto,q_auto/league/szb9kincx0nhxnwxxmcj",4,SEA,0,0,0,0,0,0,0,0,0,0,0,0,,0,,,1,2,0,0,0,1,0.555301486048847,0,2,3,12,0,0,0,7,8,1,1.10282281192485,0,1.71428571428571,0.03125,0.0072538860103626,0.0519527202072539,0,1.4,3.4
2014,REG+POST,00-0027914,A.Sendejo,Andrew Sendejo,FS,DB,"https://static.www.nfl.com/image/private/f_auto,q_auto/league/siupf4yvtt6m2vo8eed9",1,MIN,0,0,0,0,0,0,0,0,0,0,0,0,,0,,,1,48,0,0,0,1,5.99786131415749,0,0,0,0,0,0,0,0,0,0,,0,,,,,0,4.8,4.8
2014,REG+POST,00-0027917,,Tyler Clutts,FB,RB,"https://static.www.nfl.com/image/private/f_auto,q_auto/league/a1knpd9e7x4pxech8xhg",2,DAL,0,0,0,0,0,0,0,0,0,0,0,0,,0,,,0,0,0,0,0,0,,0,2,2,2,1,0,0,1,1,1,-0.164569105196279,0,2.0,0.0392156862745098,0.0032154340836012,0.0610743332702856,0,6.2,8.2
2014,REG+POST,00-0027918,,Andrew Hawkins,WR,WR,,15,CLE,0,0,0,0,0,0,0,0,0,0,0,0,,0,,,3,15,0,0,0,0,-0.0482057672925293,0,63,112,824,2,0,0,940,396,44,16.3715253447324,0,0.876595744680851,0.235294117647059,0.197147651006711,0.490944532175286,0,95.9,158.9
2014,REG+POST,00-0027925,J.Develin,James Develin,FB,RB,"https://static.www.nfl.com/image/private/f_auto,q_auto/league/ryhocvpml27otxnncc2h",8,NE,0,0,0,0,0,0,0,0,0,0,0,0,,0,,,3,5,0,0,0,0,-2.34414625837235,0,8,10,50,1,1,0,17,36,4,1.79990139155416,0,2.94117647058824,0.0334448160535117,0.0161290322580645,0.0614575466609127,0,11.5,19.5
2014,REG+POST,00-0027939,C.Newton,Cam Newton,QB,QB,"https://static.www.nfl.com/image/private/f_auto,q_auto/league/zwmgw2gmnn2kch4nquft",16,CAR,303,516,3571,22,15,41,316,7,5,4999,1443,178,-25.2956368470649,1,0.714342868573715,0.050891666657801,121,611,5,6,2,50,25.8301796220159,0,0,0,0,0,0,0,0,0,0,,0,,,,,0,279.94,279.94
2014,REG+POST,00-0027942,A.Green,A.J. Green,WR,WR,"https://static.www.nfl.com/image/private/f_auto,q_auto/league/guj5a9vnnzqfiljupzuj",12,CIN,0,0,0,0,0,0,0,0,0,0,0,0,,0,,,2,2,0,1,0,0,-0.916486395057291,0,69,116,1041,6,2,2,1548,314,46,12.9564837053657,0,0.672480620155039,0.316939890710383,0.522267206477733,0.840996880599987,0,136.3,205.3
2014,REG+POST,00-0027944,J.Jones,Julio Jones,WR,WR,"https://static.www.nfl.com/image/upload/f_auto,q_auto/league/omrddf2phtyztzx2nup1",15,ATL,0,0,0,0,0,0,0,0,0,0,0,0,,0,,,1,1,0,0,0,0,-0.748864482389763,0,104,163,1593,6,2,1,2006,538,76,66.1823757257411,0,0.794117647058824,0.278156996587031,0.43176926388291,0.719473979598583,0,193.4,297.4
2014,REG+POST,00-0027946,,Jake Locker,QB,QB,,7,TEN,86,146,993,5,7,14,85,2,1,1403,462,47,-32.4528400678651,0,0.707769066286529,0.0254536191826585,22,142,1,1,0,10,10.0129767348141,0,0,0,0,0,0,0,0,0,0,,0,,,,,0,63.92,63.92
2014,REG+POST,00-0027948,B.Gabbert,Blaine Gabbert,QB,QB,"https://static.www.nfl.com/image/private/f_auto,q_auto/league/fphhd3wedamgkps6e0dl",1,SF,3,7,38,1,0,0,0,0,0,91,5,2,3.99110510078026,0,0.417582417582418,0.165116766778304,1,5,0,0,0,0,0.0552805874031037,0,0,0,0,0,0,0,0,0,0,,0,,,,,0,6.02,6.02
2014,REG+POST,00-0027949,J.Watt,J.J. Watt,DE,DL,"https://static.www.nfl.com/image/private/f_auto,q_auto/league/pooulgm7mdcx5x9gza7l",3,HOU,0,0,0,0,0,0,0,0,0,0,0,0,,0,,,0,0,0,0,0,0,,0,3,3,4,3,0,0,2,2,3,2.21910033081076,0,2.0,0.0365853658536585,0.0050761421319797,0.0584313482728736,0,18.4,21.4
2014,REG+POST,00-0027950,,Christian Ponder,QB,QB,"https://static.www.nfl.com/image/private/f_auto,q_auto/league/zbs6aql0ucbsqdrclqrs",2,MIN,22,44,222,0,2,6,34,0,0,370,99,13,-19.1141313704208,0,0.6,-0.0246245031064002,4,16,1,0,0,2,2.20311762076268,0,0,0,0,0,0,0,0,0,0,,0,,,,,0,12.48,12.48
2014,REG+POST,00-0027955,N.Solder,Nate Solder,T,OL,"https://static.www.nfl.com/image/private/f_auto,q_auto/league/kbzznhzm6nub46htfcse",1,NE,0,0,0,0,0,0,0,0,0,0,0,0,,0,,,0,0,0,0,0,0,,0,1,1,16,1,0,0,4,12,1,2.49424194474705,0,4.0,0.0285714285714286,0.0149812734082397,0.0533440342429107,0,7.6,8.6
2014,REG+POST,00-0027960,A.Castonzo,Anthony Castonzo,T,OL,"https://static.www.nfl.com/image/private/f_auto,q_auto/league/rpvpwfga4faox3xntek1",1,IND,0,0,0,0,0,0,0,0,0,0,0,0,,0,,,0,0,0,0,0,0,,0,1,1,1,1,0,0,1,0,1,1.22620455169817,0,1.0,0.027027027027027,0.0025125628140703,0.0422993345103898,0,6.1,7.1
2014,REG+POST,00-0027966,M.Ingram,Mark Ingram,RB,RB,"https://static.www.nfl.com/image/private/f_auto,q_auto/league/qyju9wutyssrf0b26ran",13,NO,0,0,0,0,0,0,0,0,0,0,0,0,,0,,,226,964,9,1,0,47,-2.31363984119076,0,29,36,145,0,2,1,-13,145,5,-13.1163537708344,0,-11.1538461538462,0.0753138075313808,-0.0034237555965235,0.110574082379505,0,162.9,191.9
2014,REG+POST,00-0027973,A.Dalton,Andy Dalton,QB,QB,"https://static.www.nfl.com/image/private/f_auto,q_auto/league/xrwmjyexhhwpoxhtrhl2",17,CIN,327,516,3553,19,17,24,135,2,2,4058,1848,165,-10.5204121182083,1,0.875554460325283,0.0604802665756116,64,203,4,2,1,23,2.15713622473611,0,1,1,18,1,0,0,0,18,1,2.17889578395989,0,0.0,0.0384615384615385,,,0,232.22,233.22
2014,REG+POST,00-0027974,,Colin Kaepernick,QB,QB,"https://static.www.nfl.com/image/private/f_auto,q_auto/league/nnvil5vbsj1nbldpc9nl",16,SF,289,478,3369,19,10,52,344,3,3,4621,1388,163,3.26745590817573,0,0.729062973382385,0.0523805295225863,104,639,1,5,2,28,-8.9515769010288,0,0,0,0,0,0,0,0,0,0,,0,,,,,0,250.66,250.66
2014,REG+POST,00-0027981,K.Rudolph,Kyle Rudolph,TE,TE,"https://static.www.nfl.com/image/private/f_auto,q_auto/league/mtvrkfel5750mlevcvtp",7,MIN,0,0,0,0,0,0,0,0,0,0,0,0,,0,,,0,0,0,0,0,0,,0,24,34,231,2,1,0,195,116,13,12.7924553773026,0,1.18461538461538,0.160377358490566,0.136842105263158,0.33635551142006,0,35.1,59.1
2014,REG+POST,00-0027985,L.Kendricks,Lance Kendricks,TE,TE,"https://static.www.nfl.com/image/private/f_auto,q_auto/league/njjeo5udwowpbfnufl5l",16,LA,0,0,0,0,0,0,0,0,0,0,0,0,,0,,,0,0,0,0,0,0,,0,27,38,259,5,0,0,227,104,17,6.62186078849829,0,1.14096916299559,0.075098814229249,0.054047619047619,0.150481554677207,0,55.9,82.9
2014,REG+POST,00-0027994,S.Vereen,Shane Vereen,RB,RB,"https://static.www.nfl.com/image/private/f_auto,q_auto/league/grirsvo53nqb22jzb1zk",19,NE,0,0,0,0,0,0,0,0,0,0,0,0,,0,,,102,412,2,0,0,16,-6.96695405895361,0,70,98,591,3,0,0,288,467,32,18.479510681712,0,2.05208333333333,0.133152173913043,0.0492560287326834,0.234207480982444,0,130.3,200.3
2014,REG+POST,00-0027996,T.Smith,Torrey Smith,WR,WR,"https://static.www.nfl.com/image/private/f_auto,q_auto/league/sqvbn4ybxagyfwva3i51",17,BAL,0,0,0,0,0,0,0,0,0,0,0,0,,0,,,0,0,0,0,0,0,,0,54,104,857,12,0,0,1666,176,42,22.1147269248674,0,0.514405762304922,0.177777777777778,0.323620823620824,0.493201243201243,0,157.7,211.7
2014,REG+POST,00-0027997,G.Little,Greg Little,WR,WR,"https://static.www.nfl.com/image/private/f_auto,q_auto/league/gunq4pae9yx2zlfz7qil",5,CIN,0,0,0,0,0,0,0,0,0,0,0,0,,0,,,0,0,0,0,0,0,,0,6,13,69,0,0,0,133,33,3,-5.54160105954836,0,0.518796992481203,0.0769230769230769,0.100226073850791,0.185542867080169,0,6.9,12.9
2014,REG+POST,00-0028000,,Daniel Thomas,RB,RB,,12,MIA,0,0,0,0,0,0,0,0,0,0,0,0,,0,,,44,168,2,1,1,9,-7.27240703842836,1,13,19,121,0,0,0,19,122,8,1.48981813187129,0,6.36842105263158,0.0581039755351682,0.0076674737691686,0.0925231949411704,0,40.9,53.9
2014,REG+POST,00-0028002,R.Cobb,Randall Cobb,WR,WR,"https://static.www.nfl.com/image/private/f_auto,q_auto/league/kuwo5hnkbtesfw6n9w1s",18,GB,0,0,0,0,0,0,0,0,0,0,0,0,,0,,,13,42,0,0,0,1,-2.67038410628447,0,106,148,1465,13,1,1,1350,643,80,83.7876194780441,1,1.08518518518519,0.246666666666667,0.275397796817625,0.562778457772338,0,228.7,334.7
2014,REG+POST,00-0028007,,Rob Housler,TE,TE,"https://static.www.nfl.com/image/private/f_auto,q_auto/league/lnu7z4mvnadgcnppqbxz",13,ARI,0,0,0,0,0,0,0,0,0,0,0,0,,0,,,1,1,0,0,0,1,0.517852110089734,0,9,19,129,0,0,0,184,84,7,2.69856383550241,0,0.701086956521739,0.044811320754717,0.0450869884832149,0.0987778730703259,0,13.0,22.0
2014,REG+POST,00-0028009,D.Murray,DeMarco Murray,RB,RB,"https://static.www.nfl.com/image/private/f_auto,q_auto/league/lu4pqg7cvxbz7z4oormo",18,DAL,0,0,0,0,0,0,0,0,0,0,0,0,,0,,,436,2043,15,4,4,97,-4.6006331467824,0,61,70,443,0,2,2,-80,524,17,-2.67231563009278,0,-5.5375,0.14,-0.019526482792287,0.196331462045399,0,326.6,387.6
2014,REG+POST,00-0028011,S.Ridley,Stevan Ridley,RB,RB,"https://static.www.nfl.com/image/private/f_auto,q_auto/league/futdstbe48qaqcvtolzj",6,NE,0,0,0,0,0,0,0,0,0,0,0,0,,0,,,94,340,2,0,0,16,-6.75091475306706,0,4,5,20,0,0,0,-5,31,0,-0.330490647233091,0,-4.0,0.03125,-0.003831417624521,0.0441930076628353,0,48.0,52.0
2014,REG+POST,00-0028012,R.Mallett,Ryan Mallett,QB,QB,"https://static.www.nfl.com/image/private/f_auto,q_auto/league/tvn03oot2ttdoog5x0qr",3,HOU,41,75,400,2,2,1,5,0,0,621,161,23,-4.69287202243942,0,0.644122383252818,0.0026391790469239,6,-2,0,0,0,2,-3.13771658565383,0,0,0,0,0,0,0,0,0,0,,0,,,,,0,19.8,19.8
2014,REG+POST,00-0028016,,Austin Pettis,WR,WR,,4,LA,0,0,0,0,0,0,0,0,0,0,0,0,,0,,,0,0,0,0,0,0,,0,12,18,118,1,0,0,135,50,7,6.79030534754425,0,0.874074074074074,0.113207547169811,0.0860420650095602,0.230040766261409,0,17.8,29.8
2014,REG+POST,00-0028017,,Leonard Hankerson,WR,WR,,1,WAS,0,0,0,0,0,0,0,0,0,0,0,0,,0,,,0,0,0,0,0,0,,0,0,1,0,0,0,0,15,0,0,-0.804458500584588,0,0.0,0.03125,0.113636363636364,0.126420454545455,0,0.0,0.0
2014,REG+POST,00-0028020,,Vincent Brown,WR,WR,"https://static.www.nfl.com/image/private/f_auto,q_auto/league/oh5svrazghe5xnwz5jpw",6,LV,0,0,0,0,0,0,0,0,0,0,0,0,,0,,,0,0,0,0,0,0,,0,12,21,118,0,0,0,206,47,6,-7.59660579246702,0,0.572815533980583,0.0823529411764706,0.106459948320413,0.198051375588995,0,11.8,23.8
2014,REG+POST,00-0028021,,Jerrel Jernigan,WR,WR,,2,NYG,0,0,0,0,0,0,0,0,0,0,0,0,,0,,,1,-2,0,0,0,0,-1.07647798769176,0,6,9,40,0,0,0,81,10,2,-0.966774562490173,0,0.493827160493827,0.126760563380282,0.145161290322581,0.291753748296229,0,3.8,9.8
2014,REG+POST,00-0028040,,Jordan Cameron,TE,TE,"https://static.www.nfl.com/image/private/f_auto,q_auto/league/oyhmlsxyzwbznmeqnf9i",10,CLE,0,0,0,0,0,0,0,0,0,0,0,0,,0,,,0,0,0,0,0,0,,0,24,48,424,2,0,0,482,169,13,1.30156287049929,0,0.879668049792531,0.174545454545455,0.172574292875045,0.382620186830713,0,54.4,78.4
2014,REG+POST,00-0028042,L.Stocker,Luke Stocker,TE,TE,"https://static.www.nfl.com/image/private/f_auto,q_auto/league/keoilbfzupthtliuou1a",5,TB,0,0,0,0,0,0,0,0,0,0,0,0,,0,,,0,0,0,0,0,0,,0,7,11,41,0,0,0,63,17,2,-0.0248257229104638,0,0.650793650793651,0.0604395604395604,0.0353337072349972,0.115392935723839,0,4.1,11.1
2014,REG+POST,00-0028043,,Roy Helu,RB,RB,"https://static.www.nfl.com/image/private/f_auto,q_auto/league/ahtlpumbpwlc7xm9ci9h",13,WAS,0,0,0,0,0,0,0,0,0,0,0,0,,0,,,40,216,1,0,0,10,-2.9103659948312,0,42,47,477,2,2,1,9,486,16,14.5232712811194,0,53.0,0.104212860310421,0.0025575447570332,0.158109571795555,0,85.3,127.3
2014,REG+POST,00-0028045,,Kris Durham,WR,WR,,4,TEN,0,0,0,0,0,0,0,0,0,0,0,0,,0,,,0,0,0,0,0,0,,0,6,11,54,0,0,0,121,15,2,-2.79327777179424,0,0.446280991735537,0.0827067669172932,0.107939339875112,0.199617688288518,0,5.4,11.4
2014,REG+POST,00-0028050,,Greg Salas,WR,WR,,8,NYJ,0,0,0,0,0,0,0,0,0,0,0,0,,0,,,1,20,1,0,0,1,2.34693180816248,0,8,23,167,0,0,0,392,114,6,3.20853161453852,0,0.426020408163265,0.096234309623431,0.206098843322818,0.288620654761119,0,24.7,32.7
2014,REG+POST,00-0028052,,Cecil Shorts,WR,WR,"https://static.www.nfl.com/image/private/f_auto,q_auto/league/zdsyqinswn0k8664k9qs",13,JAX,2,2,32,1,0,0,0,0,0,25,7,2,3.3220988616813,0,1.28,,0,0,0,0,0,0,,0,53,110,557,1,1,1,903,259,26,-33.1081227550135,0,0.616832779623477,0.246085011185682,0.290634052140328,0.572571353276753,0,64.98,117.98
2014,REG+POST,00-0028064,B.Powell,Bilal Powell,RB,RB,"https://static.www.nfl.com/image/private/f_auto,q_auto/league/a5qlloemeetaqawzwuf7",14,NYJ,0,0,0,0,0,0,0,0,0,0,0,0,,0,,,33,141,1,0,0,7,-2.30637809322116,0,11,15,92,0,0,0,-11,96,5,0.850708970522484,0,-8.36363636363636,0.0789473684210526,-0.0116402116402116,0.110272904483431,0,29.3,40.3
2014,REG+POST,00-0028067,J.Thomas,Julius Thomas,TE,TE,"https://static.www.nfl.com/image/private/f_auto,q_auto/league/ephrfopvlebj4fdcl67a",13,DEN,0,0,0,0,0,0,0,0,0,0,0,0,,0,,,0,0,0,0,0,0,,0,49,69,542,12,1,0,478,172,32,31.6901340177948,0,1.13389121338912,0.132692307692308,0.108661059331666,0.275101203070628,0,126.2,175.2
2014,REG+POST,00-0028074,A.Sherman,Anthony Sherman,RB,RB,"https://static.www.nfl.com/image/private/f_auto,q_auto/league/ibmfpy4ztgmqfwtood5x",11,KC,0,0,0,0,0,0,0,0,0,0,0,0,,0,,,2,8,0,0,0,1,0.717222472507274,0,10,14,71,1,0,0,30,65,4,0.415066376503091,0,2.36666666666667,0.0482758620689655,0.0212615166548547,0.0872968547618466,0,13.9,23.9
2014,REG+POST,00-0028080,K.Klug,Karl Klug,DT,DL,"https://static.www.nfl.com/image/private/f_auto,q_auto/league/t5wpqg7qws4gabyrjvk5",1,TEN,0,0,0,0,0,0,0,0,0,0,0,0,,0,,,0,0,0,0,0,0,,0,1,1,9,0,0,0,3,6,1,2.40910558018368,0,3.0,0.0285714285714286,0.012448132780083,0.0515708358032009,0,0.9,1.9
2014,REG+POST,00-0028083,J.Rodgers,Jacquizz Rodgers,RB,RB,"https://static.www.nfl.com/image/private/f_auto,q_auto/league/ztmescfueap5glplyf7w",16,ATL,0,0,0,0,0,0,0,0,0,0,0,0,,0,,,58,217,1,1,0,12,-6.02544887424564,0,29,40,173,1,0,0,-2,185,9,-5.93594588945939,0,-86.5,0.0642054574638844,-0.0004660918200885,0.0959819219217646,0,51.0,80.0
2014,REG+POST,00-0028086,,Denarius Moore,WR,WR,"https://static.www.nfl.com/image/private/f_auto,q_auto/league/sttop34l1fezi28ls4d9",8,LV,0,0,0,0,0,0,0,0,0,0,0,0,,0,,,1,1,0,0,0,0,-0.829825110384263,0,12,27,115,0,0,0,250,40,6,-11.5525465892572,0,0.46,0.0879478827361564,0.107020547945205,0.206836207665878,0,11.6,23.6
2014,REG+POST,00-0028090,T.Yates,T.J. Yates,QB,QB,"https://static.www.nfl.com/image/private/f_auto,q_auto/league/h8x0pbhc1s5dwjuzipsb",1,ATL,3,4,64,0,1,0,0,0,0,43,26,3,0.215272133995313,0,1.48837209302326,,0,0,0,0,0,0,,0,0,0,0,0,0,0,0,0,0,,0,,,,,0,0.56,0.56
2014,REG+POST,00-0028091,J.Kerley,Jeremy Kerley,WR,WR,"https://static.www.nfl.com/image/private/f_auto,q_auto/league/lsfc40maht2r3k0ctu1b",16,NYJ,0,1,0,0,0,0,0,0,0,0,0,0,-1.32061038034407,0,,,4,49,0,0,0,2,3.96566831239034,0,38,75,409,1,0,0,630,150,20,-15.5615880721322,0,0.649206349206349,0.155601659751037,0.154034229828851,0.341226450506752,0,51.8,89.8
2014,REG+POST,00-0028093,N.Paul,Niles Paul,TE,TE,"https://static.www.nfl.com/image/private/f_auto,q_auto/league/c2hufhhjyuitenxujhpz",15,WAS,0,0,0,0,0,0,0,0,0,0,0,0,,0,,,0,0,0,0,0,0,,0,39,52,507,1,1,1,406,258,20,17.9756449747365,0,1.2487684729064,0.0998080614203455,0.10763520678685,0.225056736881314,0,54.7,93.7
2014,REG+POST,00-0028097,L.Smith,Lee Smith,TE,TE,"https://static.www.nfl.com/image/private/f_auto,q_auto/league/gcaqwhzrinlqicrljwlr",6,BUF,0,0,0,0,0,0,0,0,0,0,0,0,,0,,,0,0,0,0,0,0,,0,7,8,42,1,0,0,22,24,3,2.50261182914255,0,1.90909090909091,0.0394088669950739,0.0153417015341702,0.0698524915665299,0,10.2,17.2
2014,REG+POST,00-0028112,C.Clay,Charles Clay,TE,TE,"https://static.www.nfl.com/image/private/f_auto,q_auto/league/gbfhfjn5cxtou5aazegt",14,MIA,0,0,0,0,0,0,0,0,0,0,0,0,,0,,,0,0,0,0,0,0,,0,58,84,605,3,0,0,547,257,31,15.5594092565755,0,1.10603290676417,0.160919540229885,0.134563345633456,0.335573652288247,0,78.5,136.5
2014,REG+POST,00-0028114,D.Harris,Dwayne Harris,WR,WR,"https://static.www.nfl.com/image/private/f_auto,q_auto/league/cz34jefkstkm3mvjznvg",11,DAL,0,0,0,0,0,0,0,0,0,0,0,0,,0,,,4,7,0,0,0,0,-1.28464823961258,0,8,13,121,0,0,0,115,43,2,4.87689357687486,0,1.05217391304348,0.0465949820788531,0.0529465930018416,0.106955088219569,0,12.8,20.8
2014,REG+POST,00-0028116,A.Robinson,Aldrick Robinson,WR,WR,"https://static.www.nfl.com/image/private/f_auto,q_auto/league/lzdmahvzc7tm4pulh2sj",2,WAS,0,0,0,0,0,0,0,0,0,0,0,0,,0,,,0,0,0,0,0,0,,0,1,3,6,0,0,0,40,8,0,-0.70612334262114,0,0.15,0.0434782608695652,0.0532623169107856,0.102501013141898,0,0.6,1.6
2014,REG+POST,00-0028118,T.Taylor,Tyrod Taylor,QB,QB,"https://static.www.nfl.com/image/private/f_auto,q_auto/league/qx6t1lqmc9ws9ledobzn",1,BAL,0,0,0,0,0,0,0,0,0,0,0,0,,0,,,4,-3,0,0,0,0,-4.78744482103502,0,0,0,0,0,0,0,0,0,0,,0,,,,,0,-0.3,-0.3
2014,REG+POST,00-0028119,,Richard Gordon,TE,TE,"https://static.www.nfl.com/image/private/f_auto,q_auto/league/d6n88ld1jh7hkg7lynur",1,KC,0,0,0,0,0,0,0,0,0,0,0,0,,0,,,0,0,0,0,0,0,,0,0,1,0,0,0,0,13,0,0,-0.608133501489647,0,0.0,0.037037037037037,0.0637254901960784,0.10016339869281,0,0.0,0.0
2014,REG+POST,00-0028121,J.Todman,Jordan Todman,RB,RB,"https://static.www.nfl.com/image/private/f_auto,q_auto/league/lhoxroo20gf8a3mbiczr",15,JAX,0,0,0,0,0,0,0,0,0,0,0,0,,0,,,32,186,1,0,0,5,-0.250210332887946,0,25,37,198,1,0,0,74,198,6,-6.45048304912182,0,2.67567567567568,0.0704761904761905,0.023619533992978,0.12224795950937,0,50.4,75.4
2014,REG+POST,00-0028142,V.Green,Virgil Green,TE,TE,"https://static.www.nfl.com/image/private/f_auto,q_auto/league/wcdedz1qf7ybkujat6bu",6,DEN,0,0,0,0,0,0,0,0,0,0,0,0,,0,,,2,3,0,0,0,0,-1.79220185708255,0,7,8,78,1,0,0,31,47,5,7.50486429504235,0,2.51612903225806,0.0396039603960396,0.0163415919873484,0.0708450549852033,0,14.1,21.1
2014,REG+POST,00-0028149,B.Miller,Bruce Miller,FB,RB,"https://static.www.nfl.com/image/private/f_auto,q_auto/league/xmxfgtmbvqxhpp3ldkwq",14,SF,0,0,0,0,0,0,0,0,0,0,0,0,,0,,,6,9,0,1,1,2,-7.72684625186957,0,18,25,189,2,0,0,126,137,11,10.7787030388135,0,1.5,0.0735294117647059,0.0370152761457109,0.136204810949056,0,29.8,47.8
2014,REG+POST,00-0028179,,David Ausberry,TE,TE,,1,LV,0,0,0,0,0,0,0,0,0,0,0,0,,0,,,0,0,0,0,0,0,,0,2,4,14,0,0,0,28,2,0,-6.9970255093649,0,0.5,0.0930232558139535,0.0875,0.20078488372093,0,1.4,3.4
2014,REG+POST,00-0028198,M.Asiata,Matt Asiata,RB,RB,,15,MIN,0,0,0,0,0,0,0,0,0,0,0,0,,0,,,164,570,9,1,1,33,-14.186723599783,2,44,63,312,1,0,0,-1,337,7,-20.8430480091954,0,-312.0,0.132911392405063,-0.0002988643156007,0.199157883586674,0,150.2,194.2
2014,REG+POST,00-0028202,S.Draughn,Shaun Draughn,RB,RB,"https://static.www.nfl.com/image/private/f_auto,q_auto/league/bxkirs3zrup0djv8x2ns",1,LAC,0,0,0,0,0,0,0,0,0,0,0,0,,0,,,10,19,0,0,0,0,-4.5073552337708,0,0,0,0,0,0,0,0,0,0,,0,,,,,0,1.9,1.9
2014,REG+POST,00-0028237,C.Hogan,Chris Hogan,WR,WR,"https://static.www.nfl.com/image/private/f_auto,q_auto/league/fmpqnciwjqicsjzy63mc",12,BUF,0,0,0,0,0,0,0,0,0,0,0,0,,0,,,0,0,0,0,0,0,,0,41,61,426,4,2,2,486,180,20,13.5509311972697,0,0.876543209876543,0.138009049773756,0.155221973810284,0.315668956327832,0,62.6,103.6
2014,REG+POST,00-0028249,J.Ross,Jeremy Ross,WR,WR,"https://static.www.nfl.com/image/private/f_auto,q_auto/league/r5cp8mxbvtn7tomfavni",16,DET,0,0,0,0,0,0,0,0,0,0,0,0,,0,,,2,-1,0,0,0,0,-2.05339471064508,0,24,36,314,1,1,0,350,138,15,14.657283895174,0,0.897142857142857,0.0598006644518272,0.074452244203361,0.141817567620094,0,37.3,61.3
2014,REG+POST,00-0028263,A.Holmes,Andre Holmes,WR,WR,"https://static.www.nfl.com/image/private/f_auto,q_auto/league/ujb4sism9jdte3o8ofve",15,LV,0,0,0,0,0,0,0,0,0,0,0,0,,0,,,0,0,0,0,0,0,,0,47,98,693,4,0,0,1380,193,32,11.9024356633075,0,0.502173913043478,0.166666666666667,0.28924753720394,0.452473276042758,0,93.3,140.3
2014,REG+POST,00-0028345,,Robert Hughes,RB,RB,,12,ARI,0,0,0,0,0,0,0,0,0,0,0,0,,0,,,8,11,0,0,0,3,-5.86599730933085,0,9,13,146,0,0,0,43,117,7,5.57857711196994,0,3.3953488372093,0.0420711974110032,0.0134965473948525,0.0725543792929016,0,15.7,24.7
2014,REG+POST,00-0028352,,Dane Sanzenbacher,WR,WR,,6,CIN,0,0,0,0,0,0,0,0,0,0,0,0,,0,,,1,-1,0,0,0,0,0.821946103125811,0,9,15,105,0,1,1,123,43,5,-0.297649798224395,0,0.853658536585366,0.0785340314136126,0.107705779334501,0.193195092654569,0,8.4,17.4
2014,REG+POST,00-0028409,D.Harris,DuJuan Harris,RB,RB,"https://static.www.nfl.com/image/private/f_auto,q_auto/league/bm9b6aulywolcwjqjcpo",6,GB,0,0,0,0,0,0,0,0,0,0,0,0,,0,,,16,64,0,0,0,5,-3.74624456971651,0,1,2,11,0,0,0,-2,10,1,0.997786773659755,0,-5.5,0.0487804878048781,-0.0063897763578274,0.0686978882568379,0,7.5,8.5
2014,REG+POST,00-0028411,D.Inman,Dontrelle Inman,WR,WR,"https://static.www.nfl.com/image/private/f_auto,q_auto/league/josp2o2ri6tknqzt87qc",2,LAC,0,0,0,0,0,0,0,0,0,0,0,0,,0,,,0,0,0,0,0,0,,0,12,17,158,0,0,0,214,14,7,4.26940870173642,0,0.738317757009346,0.193181818181818,0.234135667396061,0.45366769444997,0,15.8,27.8
2014,REG+POST,00-0028434,D.Baldwin,Doug Baldwin,WR,WR,"https://static.www.nfl.com/image/private/f_auto,q_auto/league/kccmcttfdtl7m3g49vb8",19,SEA,0,0,0,0,0,0,0,0,0,0,0,0,,0,,,1,8,0,0,0,0,0.61134431976825,0,76,112,972,5,0,0,1034,388,50,45.2380948112147,0,0.940038684719536,0.222664015904573,0.233250620347395,0.497271458100035,0,128.0,204.0
2014,REG+POST,00-0028442,,Ricardo Lockette,WR,WR,"https://static.www.nfl.com/image/private/f_auto,q_auto/league/ndopq6pewcj9dfr27hlc",13,SEA,0,0,0,0,0,0,0,0,0,0,0,0,,0,,,2,6,0,0,0,0,-0.184823230956681,0,17,24,285,2,0,0,303,86,10,9.67204163975637,0,0.940594059405941,0.0697674418604651,0.101780315754115,0.175897383818578,0,41.1,58.1
2014,REG+POST,00-0028443,M.Morgan,Mike Morgan,OLB,LB,"https://static.www.nfl.com/image/private/f_auto,q_auto/league/jyuya6ky8a5evq76umbc",1,SEA,0,0,0,0,0,0,0,0,0,0,0,0,,0,,,0,0,0,0,0,0,,0,0,0,0,0,0,0,0,0,0,,0,,,,,1,6.0,6.0
2014,REG+POST,00-0028492,,Henry Hynoski,FB,RB,,5,NYG,0,0,0,0,0,0,0,0,0,0,0,0,,0,,,7,13,0,0,0,4,1.11134537059115,0,0,0,0,0,0,0,0,0,0,,0,,,,,0,1.3,1.3
2014,REG+POST,00-0028497,K.Aiken,Kamar Aiken,WR,WR,"https://static.www.nfl.com/image/private/f_auto,q_auto/league/u0fe10u5kbeyhe65spby",15,BAL,0,0,0,0,0,0,0,0,0,0,0,0,,0,,,0,0,0,0,0,0,,0,26,35,290,4,0,0,402,75,16,14.9031495684758,0,0.721393034825871,0.0657894736842105,0.0837151187005414,0.157284793616695,1,59.0,85.0
2014,REG+POST,00-0028532,,Joseph Morgan,WR,WR,"https://static.www.nfl.com/image/private/f_auto,q_auto/league/xbylwiooxrpv38gourpe",4,NO,0,0,0,0,0,0,0,0,0,0,0,0,,0,,,1,67,0,0,0,1,4.10798763320781,0,4,10,92,0,0,0,287,23,3,-2.42429290978994,0,0.320557491289199,0.0571428571428571,0.219251336898396,0.239190221543163,0,15.9,19.9
2014,REG+POST,00-0028543,,Jeff Maehl,,,,4,PHI,0,0,0,0,0,0,0,0,0,0,0,0,,0,,,0,0,0,0,0,0,,0,5,5,46,0,0,0,35,11,1,2.63122457591817,0,1.31428571428571,0.0282485875706215,0.0201612903225806,0.0564857845817387,0,4.6,9.6
2014,REG+POST,00-0028564,,Isa Abdul-Quddus,SS,DB,"https://static.www.nfl.com/image/private/f_auto,q_auto/league/wbmpf9gwwtipcoyrmpr4",1,DET,0,0,0,0,0,0,0,0,0,0,0,0,,0,,,0,0,0,0,0,0,,0,1,1,3,0,0,0,-4,7,0,-2.37394313258119,0,0.0,0.024390243902439,-0.010443864229765,0.029274660892823,0,0.3,1.3
2014,REG+POST,00-0028581,P.DiMarco,Patrick DiMarco,FB,RB,"https://static.www.nfl.com/image/private/f_auto,q_auto/league/chit1zcsfqaoqzkqc9eh",9,ATL,0,0,0,0,0,0,0,0,0,0,0,0,,0,,,0,0,0,0,0,0,,0,9,14,62,1,0,0,34,45,4,1.7713276653667,0,1.82352941176471,0.0417910447761194,0.0173469387755102,0.0748294243070363,0,12.2,21.2
2014,REG+POST,00-0028702,C.Matthews,Chris Matthews,WR,WR,"https://static.www.nfl.com/image/private/f_auto,q_auto/league/yhaaa3gyqbin9feahr0v",1,SEA,0,0,0,0,0,0,0,0,0,0,0,0,,0,,,0,0,0,0,0,0,,0,4,5,109,1,0,0,146,10,3,11.2886189325945,0,0.746575342465753,0.25,0.370558375634518,0.634390862944162,0,16.9,20.9
2014,REG+POST,00-0028838,L.Donnell,Larry Donnell,TE,TE,"https://static.www.nfl.com/image/private/f_auto,q_auto/league/beuv1dnhzlntfnnvh2zv",16,NYG,0,0,0,0,0,0,0,0,0,0,0,0,,0,,,0,0,0,0,0,0,,0,63,92,623,6,4,4,685,214,36,-1.95028017120566,0,0.909489051094891,0.153589315525876,0.137329591018444,0.326514687001726,0,90.3,153.3
2014,REG+POST,00-0028841,,Will Johnson,RB,RB,"https://static.www.nfl.com/image/private/f_auto,q_auto/league/zon7oejkgzgqyzcdhach",10,PIT,0,0,0,0,0,0,0,0,0,0,0,0,,0,,,3,3,0,0,0,1,0.0049570079427212,0,6,10,41,0,0,0,26,33,3,-1.43820334342308,0,1.57692307692308,0.0297619047619048,0.008959338387319,0.0509143940139805,0,4.4,10.4
2014,REG+POST,00-0028872,J.Hekker,Johnny Hekker,P,SPEC,"https://static.www.nfl.com/image/private/f_auto,q_auto/league/rh1qt7cwusun5o56bwyh",3,LA,2,2,37,0,0,0,0,0,0,8,29,2,5.74603314173874,1,4.625,,0,0,0,0,0,0,,0,0,0,0,0,0,0,0,0,0,,0,,,,,0,3.48,3.48
2014,REG+POST,00-0028892,,Gerell Robinson,TE,TE,,1,MIA,0,0,0,0,0,0,0,0,0,0,0,0,,0,,,0,0,0,0,0,0,,0,0,1,0,0,0,0,3,0,0,-0.478185006184503,0,0.0,0.0212765957446809,0.0112781954887218,0.0398096304591265,0,0.0,0.0
2014,REG+POST,00-0028903,G.Celek,Garrett Celek,TE,TE,"https://static.www.nfl.com/image/private/f_auto,q_auto/league/hin5nyuakhpbngjhepty",2,SF,0,0,0,0,0,0,0,0,0,0,0,0,,0,,,0,0,0,0,0,0,,0,2,2,53,0,0,0,46,7,2,3.53696037060581,0,1.15217391304348,0.0384615384615385,0.0916334661354582,0.121835733987128,0,5.3,7.3
2014,REG+POST,00-0028905,,Chris Owusu,WR,WR,"https://static.www.nfl.com/image/private/f_auto,q_auto/league/jt4c83h8nuz5einex0ya",5,NYJ,0,0,0,0,0,0,0,0,0,0,0,0,,0,,,1,23,1,0,0,1,2.81293438118883,0,6,6,78,1,0,0,74,4,4,5.91223585209809,0,1.05405405405405,0.0382165605095541,0.0533910533910534,0.0946985781380686,0,22.1,28.1
2014,REG+POST,00-0028954,R.Golden,Robert Golden,SS,DB,"https://static.www.nfl.com/image/private/f_auto,q_auto/league/x34qsxf2ita6cddyhped",2,PIT,1,1,25,0,0,0,0,0,0,13,12,1,3.79812661535107,0,1.92307692307692,,0,0,0,0,0,0,,0,0,0,0,0,0,0,0,0,0,,0,,,,,1,7.0,7.0
2014,REG+POST,00-0028957,A.Davis,Austin Davis,QB,QB,"https://static.www.nfl.com/image/private/f_auto,q_auto/league/wmquxjs1nuwferz7o9q2",9,LA,180,284,2001,12,9,29,179,4,3,2417,891,106,-33.2168642267675,0,0.827885808853951,0.0324878930430727,16,36,0,1,0,1,-7.12753373400325,0,0,0,0,0,0,0,0,0,0,,0,,,,,0,107.64,107.64
2014,REG+POST,00-0028958,C.Harkey,Cory Harkey,TE,TE,"https://static.www.nfl.com/image/private/f_auto,q_auto/league/qnxxlalj3rx8oueqjgsv",9,LA,0,0,0,0,0,0,0,0,0,0,0,0,,0,,,0,0,0,0,0,0,,0,8,11,55,1,0,0,19,37,5,0.471142252208665,1,2.89473684210526,0.0464135021097046,0.0126498002663116,0.0784751133509751,0,13.5,21.5
2014,REG+POST,00-0028984,,Brian Tyms,WR,WR,"https://static.www.nfl.com/image/private/f_auto,q_auto/league/elkf36ujpqmgvkv7griq",4,NE,0,0,0,0,0,0,0,0,0,0,0,0,,0,,,0,0,0,0,0,0,,0,5,11,82,1,0,0,284,3,3,1.19448771700263,0,0.288732394366197,0.0827067669172932,0.226294820717131,0.282466524877932,0,14.2,19.2
2014,REG+POST,00-0028986,C.Keenum,Case Keenum,QB,QB,"https://static.www.nfl.com/image/private/f_auto,q_auto/league/tymwoe3wpwzln78uzbvu",2,HOU,45,77,435,2,2,3,15,1,1,494,263,21,-17.6951268914908,0,0.880566801619433,-0.0153960155678976,10,35,0,0,0,6,4.74602687280276,0,0,0,0,0,0,0,0,0,0,,0,,,,,0,22.9,22.9
2014,REG+POST,00-0028987,P.Supernaw,Phillip Supernaw,TE,TE,"https://static.www.nfl.com/image/private/f_auto,q_auto/league/wltyuqbgmkisakjqkua5",3,BAL,0,0,0,0,0,0,0,0,0,0,0,0,,0,,,0,0,0,0,0,0,,0,3,3,30,0,0,0,8,22,1,1.29367330030072,0,3.75,0.0337078651685393,0.0142348754448399,0.0605262105641969,0,3.0,6.0
2014,REG+POST,00-0029000,C.Beasley,Cole Beasley,WR,WR,"https://static.www.nfl.com/image/private/f_auto,q_auto/league/y5r0fhwctl6ljwvmktvu",17,DAL,0,0,0,0,0,0,0,0,0,0,0,0,,0,,,0,0,0,0,0,0,,0,44,60,521,4,2,2,369,310,30,31.9320635662685,0,1.41192411924119,0.120481927710843,0.0868235294117647,0.2414993621545,0,72.1,116.1
2014,REG+POST,00-0029004,L.Dunbar,Lance Dunbar,RB,RB,"https://static.www.nfl.com/image/private/f_auto,q_auto/league/mwxzuvjfvoecnoze3aty",14,DAL,0,0,0,0,0,0,0,0,0,0,0,0,,0,,,29,99,0,0,0,5,-6.53811988106463,0,18,22,217,0,0,0,33,194,11,14.4646038702922,0,6.57575757575758,0.0758620689655172,0.0125237191650854,0.122559706863836,0,31.6,49.6
2014,REG+POST,00-0029033,G.Whalen,Griff Whalen,WR,WR,"https://static.www.nfl.com/image/private/f_auto,q_auto/league/zx4nnnnmgl0kvguwpiuz",1,IND,0,0,0,0,0,0,0,0,0,0,0,0,,0,,,0,0,0,0,0,0,,0,2,3,23,0,0,0,36,1,2,1.63111424579984,0,0.638888888888889,0.0681818181818182,0.0807174887892377,0.158774969425194,0,2.3,4.3
2014,REG+POST,00-0029048,J.Banyard,Joe Banyard,RB,RB,"https://static.www.nfl.com/image/private/f_auto,q_auto/league/lfs1r2hsxdjmhp57mjvw",7,MIN,0,0,0,0,0,0,0,0,0,0,0,0,,0,,,21,88,0,0,0,4,0.229765917349141,0,9,11,62,0,0,0,-3,71,4,0.108692509194258,0,-20.6666666666667,0.0700636942675159,-0.0030456852791878,0.102963561705842,0,15.0,24.0
2014,REG+POST,00-0029050,A.Blake,Valentino Blake,DB,DB,"https://static.www.nfl.com/image/private/f_auto,q_auto/league/kx8xfykjtscwutceweud",1,PIT,0,0,0,0,0,0,0,0,0,0,0,0,,0,,,0,0,0,0,0,0,,0,1,1,25,0,0,0,13,12,1,3.79812661535107,0,1.92307692307692,0.03125,0.0398773006134969,0.0747891104294479,0,2.5,3.5
2014,REG+POST,00-0029051,,Jarrett Boykin,WR,WR,,7,GB,0,0,0,0,0,0,0,0,0,0,0,0,,0,,,0,0,0,0,0,0,,0,3,12,23,0,0,0,133,27,1,-9.83803613216151,0,0.172932330827068,0.0470588235294118,0.063393708293613,0.114963831099647,0,2.3,5.3
2014,REG+POST,00-0029068,D.Coleman,Derrick Coleman,FB,RB,"https://static.www.nfl.com/image/private/f_auto,q_auto/league/jmgzlxi6qlrvvyrzkuh2",2,SEA,0,0,0,0,0,0,0,0,0,0,0,0,,0,,,0,0,0,0,0,0,,0,2,2,29,1,0,0,5,24,2,4.62974391970784,0,5.8,0.0344827586206897,0.012531328320802,0.0604960677555959,0,8.9,10.9
2014,REG+POST,00-0029104,,Jonas Gray,RB,RB,,9,NE,0,0,0,0,0,0,0,0,0,0,0,0,,0,,,93,416,5,0,0,26,4.99979847739451,0,1,3,7,0,0,0,10,3,0,-0.653949587373063,0,0.7,0.0252100840336134,0.0102880658436214,0.0450167721409552,0,72.3,73.3
2014,REG+POST,00-0029119,D.Carrier,Derek Carrier,TE,TE,"https://static.www.nfl.com/image/private/f_auto,q_auto/league/fohbnjxhixammxtonhnd",6,SF,0,0,0,0,0,0,0,0,0,0,0,0,,0,,,1,2,0,0,0,1,0.517363154736813,0,9,14,105,0,1,0,159,37,4,2.53767006500857,0,0.660377358490566,0.0686274509803922,0.0865070729053319,0.163496127504321,0,10.7,19.7
2014,REG+POST,00-0029129,R.Streater,Rod Streater,WR,WR,"https://static.www.nfl.com/image/private/f_auto,q_auto/league/szf4hqnrz6egphxvcwnf",3,LV,0,0,0,0,0,0,0,0,0,0,0,0,,0,,,0,0,0,0,0,0,,0,9,13,84,1,0,0,127,30,5,5.39401496452047,0,0.661417322834646,0.121495327102804,0.168658698539177,0.300304079631629,0,14.4,23.4
2014,REG+POST,00-0029137,A.Jeffery,Alshon Jeffery,WR,WR,"https://static.www.nfl.com/image/private/f_auto,q_auto/league/qrbsgwhzlsmwgkdfjryh",16,CHI,0,0,0,0,0,0,0,0,0,0,0,0,,0,,,6,33,0,1,0,1,1.87833896069787,0,85,145,1133,10,0,0,1592,466,60,49.5811196026769,0,0.711683417085427,0.238486842105263,0.355833705856057,0.606813857257135,0,176.6,261.6
2014,REG+POST,00-0029141,A.Morris,Alfred Morris,RB,RB,"https://static.www.nfl.com/image/private/f_auto,q_auto/league/igrm4hy4pishp4rdamin",16,WAS,0,0,0,0,0,0,0,0,0,0,0,0,,0,,,265,1074,8,2,0,48,-23.8341476267804,0,17,26,155,0,0,0,18,154,8,2.61615154194441,0,8.61111111111111,0.0764705882352941,0.0073891625615763,0.119878296146045,0,170.9,187.9
2014,REG+POST,00-0029151,M.Simms,Matt Simms,QB,QB,"https://static.www.nfl.com/image/private/f_auto,q_auto/league/cp7lmyzswrpku14vurnj",1,NYJ,3,8,39,0,0,0,0,0,0,54,23,2,-2.79204016202129,0,0.722222222222222,-0.119514330674672,1,2,0,0,0,1,2.15738499956205,0,0,0,0,0,0,0,0,0,0,,0,,,,,0,1.76,1.76
2014,REG+POST,00-0029155,,Mike Brown,WR,WR,,5,JAX,0,0,0,0,0,0,0,0,0,0,0,0,,0,,,0,0,0,0,0,0,,0,7,15,88,0,1,1,168,17,5,-4.03689426303026,0,0.523809523809524,0.0867052023121387,0.122093023255814,0.215522919747278,0,6.8,13.8
2014,REG+POST,00-0029159,J.Kearse,Jermaine Kearse,WR,WR,"https://static.www.nfl.com/image/private/f_auto,q_auto/league/tvnzajvst7kdglamw4t6",18,SEA,1,1,17,0,0,0,0,0,0,15,2,1,1.08230032440042,0,1.13333333333333,,2,15,0,0,0,1,-0.241236346075311,0,45,84,746,3,0,0,1170,274,27,13.0783229268745,0,0.637606837606838,0.174636174636175,0.27260018639329,0.452774392429565,0,94.78,139.78
2014,REG+POST,00-0029205,T.Cadet,Travaris Cadet,RB,RB,"https://static.www.nfl.com/image/private/f_auto,q_auto/league/gj0pjzj0zzefpabtuki1",13,NO,0,0,0,0,0,0,0,0,0,0,0,0,,0,,,10,32,0,1,1,1,-5.40389500098536,0,38,51,296,1,1,1,64,244,15,2.17727624071168,0,4.625,0.103238866396761,0.0190023752969121,0.16815996230298,0,34.8,72.8
2014,REG+POST,00-0029209,,Ryan Broyles,WR,WR,,3,DET,0,0,0,0,0,0,0,0,0,0,0,0,,0,,,0,0,0,0,0,0,,0,2,5,25,0,0,0,46,9,2,1.07482500688639,0,0.543478260869565,0.0462962962962963,0.0557575757575758,0.108474747474747,0,2.5,4.5
2014,REG+POST,00-0029239,B.Bolden,Brandon Bolden,RB,RB,"https://static.www.nfl.com/image/private/f_auto,q_auto/league/kqqwz35z9brhkzbs4bcn",10,NE,0,0,0,0,0,0,0,0,0,0,0,0,,0,,,31,96,1,0,0,5,-2.85607543337392,0,3,7,19,0,0,0,-6,24,1,-4.05630560708232,0,-3.16666666666667,0.0402298850574713,-0.0035820895522388,0.0578373648996397,0,17.5,20.5
2014,REG+POST,00-0029260,,LaMichael James,RB,RB,"https://static.www.nfl.com/image/private/f_auto,q_auto/league/roxgufvnndlwl05chvur",3,MIA,0,0,0,0,0,0,0,0,0,0,0,0,,0,,,5,9,0,0,0,0,-1.68901492306031,0,0,1,0,0,0,0,5,0,0,-0.459423679625616,0,0.0,0.0277777777777778,0.0214592274678112,0.0566881258941345,0,0.9,0.9
2014,REG+POST,00-0029262,R.Randle,Rueben Randle,WR,WR,"https://static.www.nfl.com/image/private/f_auto,q_auto/league/qsjafvitrrheqq3uku9g",16,NYG,0,0,0,0,0,0,0,0,0,0,0,0,,0,,,0,0,0,0,0,0,,0,71,127,938,3,0,0,1521,232,48,10.010259754598,0,0.616699539776463,0.212020033388982,0.304931836407378,0.531482335568637,0,111.8,182.8
2014,REG+POST,00-0029263,R.Wilson,Russell Wilson,QB,QB,"https://static.www.nfl.com/image/private/f_auto,q_auto/league/gebzv2aljujgleboe4ns",19,SEA,326,524,4199,26,12,52,300,6,0,4675,2108,188,50.9412581064918,1,0.898181818181818,0.1295666943042,135,935,7,7,0,51,28.5396355041218,0,1,1,17,0,0,0,15,2,1,1.08230032440042,0,1.13333333333333,0.0303030303030303,0.0717703349282297,0.0956937799043062,0,387.16,388.16
2014,REG+POST,00-0029264,B.Pierce,Bernard Pierce,RB,RB,"https://static.www.nfl.com/image/private/f_auto,q_auto/league/fpkdvnu4uzvwxhwaryzm",15,BAL,0,0,0,0,0,0,0,0,0,0,0,0,,0,,,95,373,3,1,1,21,-11.5510328475319,0,2,6,13,0,0,0,7,10,0,-2.26620283565717,0,1.85714285714286,0.0431654676258993,0.0105263157894737,0.0721166224914805,0,54.6,56.6
2014,REG+POST,00-0029269,T.Benjamin,Travis Benjamin,WR,WR,"https://static.www.nfl.com/image/private/f_auto,q_auto/league/io9silocxbywvisvcvpx",16,CLE,0,0,0,0,0,0,0,0,0,0,0,0,,0,,,3,11,0,0,0,1,0.442448849556968,0,18,46,314,3,0,0,857,43,14,7.72629488936024,0,0.366394399066511,0.0921843687374749,0.170513330680462,0.257635884582536,0,50.5,68.5
2014,REG+POST,00-0029273,R.Turbin,Robert Turbin,RB,RB,"https://static.www.nfl.com/image/private/f_auto,q_auto/league/vkqpomzfvo7kei1729jm",19,SEA,0,0,0,0,0,0,0,0,0,0,0,0,,0,,,85,358,0,1,1,18,-9.69022324112455,0,17,22,184,2,0,0,17,171,9,13.3241983348562,0,10.8235294117647,0.0718954248366013,0.0069021518473406,0.11267464354804,0,64.2,81.2
2014,REG+POST,00-0029275,,Ladarius Green,TE,TE,"https://static.www.nfl.com/image/private/f_auto,q_auto/league/h6emukrr14tvhufmdy1c",10,LAC,0,0,0,0,0,0,0,0,0,0,0,0,,0,,,0,0,0,0,0,0,,0,19,25,226,0,0,0,155,114,12,13.3690133629815,0,1.45806451612903,0.0744047619047619,0.0568598679383713,0.151409050414003,0,22.6,41.6
2014,REG+POST,00-0029281,,Adrien Robinson,TE,TE,,6,NYG,0,0,0,0,0,0,0,0,0,0,0,0,,0,,,0,0,0,0,0,0,,0,5,7,50,1,0,0,27,50,3,1.06192433316028,0,1.85185185185185,0.0304347826086957,0.0161386730424387,0.0569492450427506,0,11.0,16.0
2014,REG+POST,00-0029298,,Cyrus Gray,RB,RB,,3,KC,0,0,0,0,0,0,0,0,0,0,0,0,,0,,,8,31,1,0,0,1,-0.825817430741154,0,0,0,0,0,0,0,0,0,0,,0,,,,,0,9.1,9.1
2014,REG+POST,00-0029300,,Tommy Streeter,WR,WR,,1,JAX,0,0,0,0,0,0,0,0,0,0,0,0,,0,,,0,0,0,0,0,0,,0,0,1,0,0,0,0,44,0,0,0.0725783365196548,0,0.0,0.0263157894736842,0.129411764705882,0.130061919504644,0,0.0,0.0
2014,REG+POST,00-0029304,B.Nortman,Brad Nortman,P,SPEC,"https://static.www.nfl.com/image/private/f_auto,q_auto/league/aps6fvcgwuqcpsnlkcy5",1,CAR,0,0,0,0,0,0,0,0,0,0,0,0,,0,,,2,-2,0,1,0,0,-3.80955524998717,0,0,0,0,0,0,0,0,0,0,,0,,,,,0,-0.2,-0.2
2014,REG+POST,00-0029311,,Junior Hemingway,WR,WR,,9,KC,0,0,0,0,0,0,0,0,0,0,0,0,,0,,,0,0,0,0,0,0,,0,12,21,108,0,0,0,131,68,8,-1.84616557943914,0,0.824427480916031,0.0760869565217391,0.0911621433542102,0.177943935130556,0,10.8,22.8
2014,REG+POST,00-0029317,,Edwin Baker,RB,RB,,1,NO,0,0,0,0,0,0,0,0,0,0,0,0,,0,,,1,2,0,0,0,1,-1.73424254055135,0,0,0,0,0,0,0,0,0,0,,0,,,,,0,0.2,0.2
2014,REG+POST,00-0029319,J.Bellamy,Josh Bellamy,WR,WR,"https://static.www.nfl.com/image/private/f_auto,q_auto/league/kgyz7lr35xl5j7oxjwlw",1,CHI,0,0,0,0,0,0,0,0,0,0,0,0,,0,,,0,0,0,0,0,0,,0,0,1,0,0,0,0,51,0,0,-0.548167787492275,0,0.0,0.0294117647058824,0.166666666666667,0.16078431372549,0,0.0,0.0
2014,REG+POST,00-0029384,B.Rainey,Bobby Rainey,RB,RB,"https://static.www.nfl.com/image/private/f_auto,q_auto/league/vf2lmyxgjhrah1hfed1x",12,TB,0,1,0,0,0,0,0,0,0,14,0,0,-0.426043068757281,0,0.0,,94,406,1,1,1,20,-9.13933263724936,0,33,45,315,1,2,2,113,278,12,-1.20665445699794,0,2.78761061946903,0.109756097560976,0.0262485481997677,0.183008130081301,0,78.1,111.1
2014,REG+POST,00-0029394,B.Bersin,Brenton Bersin,WR,WR,"https://static.www.nfl.com/image/private/f_auto,q_auto/league/gjkirn3lffpdr7gn8ars",14,CAR,0,0,0,0,0,0,0,0,0,0,0,0,,0,,,0,0,0,0,0,0,,0,15,22,168,1,0,0,229,44,12,-0.168040846008807,0,0.733624454148472,0.045643153526971,0.0481699621371477,0.10218370378646,0,22.8,37.8
2014,REG+POST,00-0029401,,Tauren Poole,RB,RB,,1,CAR,0,0,0,0,0,0,0,0,0,0,0,0,,0,,,1,0,0,1,1,0,-5.26927255350165,0,0,0,0,0,0,0,0,0,0,,0,,,,,0,-2.0,-2.0
2014,REG+POST,00-0029415,K.Martin,Keshawn Martin,WR,WR,"https://static.www.nfl.com/image/private/f_auto,q_auto/league/guf4yzrzgnpmx7uonpqs",9,HOU,0,0,0,0,0,0,0,0,0,0,0,0,,0,,,0,0,0,0,0,0,,0,6,12,78,0,0,0,81,57,3,-4.95823675132124,0,0.962962962962963,0.0430107526881721,0.0371730151445617,0.0905372396334513,0,7.8,13.8
2014,REG+POST,00-0029429,,Bryce Brown,RB,RB,"https://static.www.nfl.com/image/private/f_auto,q_auto/league/sf0mz0q1kzqu2v3lmmsa",7,BUF,0,0,0,0,0,0,0,0,0,0,0,0,,0,,,36,126,0,1,0,6,-12.4535552682064,0,16,25,176,0,0,0,42,177,8,2.95032459263653,0,4.19047619047619,0.133689839572193,0.0384615384615385,0.227457836281366,0,30.2,46.2
2014,REG+POST,00-0029432,,Chase Ford,TE,TE,"https://static.www.nfl.com/image/private/f_auto,q_auto/league/vul6yi2s6klresxw9tsl",10,MIN,0,0,0,0,0,0,0,0,0,0,0,0,,0,,,0,0,0,0,0,0,,0,23,35,258,1,0,0,352,62,15,6.60350859028454,0,0.732954545454545,0.100574712643678,0.125222340803984,0.238517707528306,0,31.8,54.8
2014,REG+POST,00-0029435,,Damaris Johnson,WR,WR,"https://static.www.nfl.com/image/private/f_auto,q_auto/league/fbcf86kaohvtyvoz2t0y",16,HOU,0,0,0,0,0,0,0,0,0,0,0,0,,0,,,5,19,0,0,0,1,-0.548043664195575,0,31,49,331,1,1,0,287,183,15,5.73682306310223,0,1.15331010452962,0.102083333333333,0.0719118015534954,0.203463261087447,0,41.0,72.0
2014,REG+POST,00-0029438,,Chris Polk,RB,RB,"https://static.www.nfl.com/image/private/f_auto,q_auto/league/yuwqhwdnbrd2ie34zxz8",9,PHI,0,0,0,0,0,0,0,0,0,0,0,0,,0,,,46,172,4,0,0,12,-4.41887511039412,0,2,3,16,0,0,0,2,21,1,0.704999998677522,0,8.0,0.0218978102189781,0.0016025641025641,0.033968510200262,1,48.8,50.8
2014,REG+POST,00-0029441,,Jeremy Stewart,RB,RB,,3,DEN,0,0,0,0,0,0,0,0,0,0,0,0,,0,,,6,22,0,0,0,1,-0.359058993635699,0,0,0,0,0,0,0,0,0,0,,0,,,,,0,2.2,2.2
2014,REG+POST,00-0029463,,De'Andre Presley,WR,WR,,1,CAR,0,0,0,0,0,0,0,0,0,0,0,0,,0,,,1,-2,0,0,0,0,-0.780974745284766,0,0,1,0,0,0,0,24,0,0,-4.70736338960705,0,0.0,0.0285714285714286,0.0743034055727554,0.0948695267580716,0,-0.2,-0.2
2014,REG+POST,00-0029492,J.Olawale,Jamize Olawale,FB,RB,"https://static.www.nfl.com/image/private/f_auto,q_auto/league/dp7xdilrkk9f2i5ovne9",8,LV,0,0,0,0,0,0,0,0,0,0,0,0,,0,,,2,0,0,0,0,0,-3.57352357613854,0,5,6,18,2,0,0,15,7,2,2.07165034045465,0,1.2,0.0272727272727273,0.0075834175935288,0.0462174832245611,0,13.8,18.8
2014,REG+POST,00-0029493,R.Quigley,Ryan Quigley,P,SPEC,"https://static.www.nfl.com/image/private/f_auto,q_auto/league/x4iusmtkekesjjq4rcvn",1,NYJ,1,1,38,0,0,0,0,0,0,11,27,1,4.48934302531416,0,3.45454545454545,,0,0,0,0,0,0,,0,0,0,0,0,0,0,0,0,0,,0,,,,,0,1.52,1.52
2014,REG+POST,00-0029510,J.Grimes,Jonathan Grimes,RB,RB,"https://static.www.nfl.com/image/private/f_auto,q_auto/league/kzodfrw342cy91lw12n4",9,HOU,0,0,0,0,0,0,0,0,0,0,0,0,,0,,,39,153,0,0,0,5,-4.22076090397127,0,6,8,86,0,0,0,6,75,4,1.32839445205173,0,14.3333333333333,0.0714285714285714,0.0074719800747198,0.112373243195161,0,23.9,29.9
2014,REG+POST,00-0029531,,Ryan Lindley,QB,QB,"https://static.www.nfl.com/image/private/f_auto,q_auto/league/hkcspynbhidpjfs3npao",4,ARI,61,121,644,3,6,10,77,2,0,1410,173,35,-33.2344534698488,0,0.456737588652482,-0.0313503158760703,0,0,0,0,0,0,,0,0,0,0,0,0,0,0,0,0,,0,,,,,0,25.76,25.76
2014,REG+POST,00-0029534,C.Helfet,Cooper Helfet,TE,TE,"https://static.www.nfl.com/image/private/f_auto,q_auto/league/qwcm0hofeezyv0fr1wbf",9,SEA,0,0,0,0,0,0,0,0,0,0,0,0,,0,,,0,0,0,0,0,0,,0,12,27,185,2,0,0,251,69,9,7.83337201608071,0,0.737051792828685,0.1125,0.128192032686415,0.25848442288049,0,30.5,42.5
2014,REG+POST,00-0029567,N.Foles,Nick Foles,QB,QB,"https://static.www.nfl.com/image/private/f_auto,q_auto/league/dxuz2ir773wylutxo7zs",8,PHI,186,311,2163,13,10,9,74,3,2,2999,980,101,10.8105811413418,0,0.721240413471157,0.0621239281666682,16,68,0,1,1,6,-4.92040883367123,0,0,0,0,0,0,0,0,0,0,,0,,,,,0,119.32,119.32
2014,REG+POST,00-0029572,J.Wright,Jarius Wright,WR,WR,"https://static.www.nfl.com/image/private/f_auto,q_auto/league/f4xgfra44cd6qjy6havp",15,MIN,0,0,0,0,0,0,0,0,0,0,0,0,,0,,,5,71,0,0,0,3,3.19720127549954,0,42,62,588,2,0,0,647,327,25,22.4931941658782,0,0.908809891808346,0.129166666666667,0.17053241960991,0.313122693726937,0,77.9,119.9
2014,REG+POST,00-0029580,R.Matthews,Rishard Matthews,WR,WR,"https://static.www.nfl.com/image/private/f_auto,q_auto/league/fr7nzgwarzuorvi8cvlc",10,MIA,0,0,0,0,0,0,0,0,0,0,0,0,,0,,,1,3,0,0,0,0,-0.202022483688779,0,12,22,135,2,1,0,260,42,9,-0.591045393899549,0,0.519230769230769,0.0582010582010582,0.0898721050812306,0.150212060858449,0,25.8,37.8
2014,REG+POST,00-0029585,C.Jones,Chandler Jones,DE,DL,"https://static.www.nfl.com/image/private/f_auto,q_auto/league/o12yqn0vbknt7gmu5owf",1,NE,0,0,0,0,0,0,0,0,0,0,0,0,,0,,,0,0,0,0,0,0,,0,0,0,0,0,0,0,0,0,0,,0,,,,,1,6.0,6.0
2014,REG+POST,00-0029587,R.Ellison,Rhett Ellison,TE,TE,"https://static.www.nfl.com/image/private/f_auto,q_auto/league/pqvmhpdoritjtp8ng7ep",14,MIN,0,0,0,0,0,0,0,0,0,0,0,0,,0,,,0,0,0,0,0,0,,0,19,26,208,1,0,0,68,158,12,11.1035453318618,1,3.05882352941176,0.0561555075593953,0.0213971050975456,0.0992112349073748,0,28.8,47.8
2014,REG+POST,00-0029588,,Dan Herron,RB,RB,,14,IND,0,0,0,0,0,0,0,0,0,0,0,0,,0,,,123,521,3,2,1,27,-9.86433601364707,0,41,49,301,0,2,2,33,316,12,-4.28894793963897,0,9.12121212121212,0.114485981308411,0.0088638195004029,0.177933645612899,0,94.2,135.2
2014,REG+POST,00-0029590,,Taylor Thompson,TE,TE,,3,TEN,0,0,0,0,0,0,0,0,0,0,0,0,,0,,,0,0,0,0,0,0,,0,2,4,24,0,0,0,57,10,2,-0.506566615658812,0,0.421052631578947,0.0404040404040404,0.0557729941291585,0.0996471564964716,0,2.4,4.4
2014,REG+POST,00-0029601,,Brandon Bostick,TE,TE,"https://static.www.nfl.com/image/private/f_auto,q_auto/league/eazsm9q05wcs2st2dsht",2,GB,0,0,0,0,0,0,0,0,0,0,0,0,,0,,,0,0,0,0,0,0,,0,2,4,3,1,0,0,5,1,1,-0.513317840280236,0,0.6,0.0714285714285714,0.0139275766016713,0.116892160764027,0,6.3,8.3
2014,REG+POST,00-0029604,K.Cousins,Kirk Cousins,QB,QB,"https://static.www.nfl.com/image/private/f_auto,q_auto/league/viuxnyezrwdfjnxsfssb",6,WAS,126,204,1710,10,9,8,70,2,2,1781,901,75,14.2554894173785,0,0.960134755755194,0.0711758719431498,7,20,0,0,0,3,-2.80794144584375,0,0,0,0,0,0,0,0,0,0,,0,,,,,0,88.4,88.4
2014,REG+POST,00-0029608,T.Hilton,T.Y. Hilton,WR,WR,"https://static.www.nfl.com/image/private/f_auto,q_auto/league/b8kor0sgeynyd8u8cush",18,IND,0,0,0,0,0,0,0,0,0,0,0,0,,0,,,3,21,0,0,0,1,0.505604110425338,0,93,159,1556,7,3,1,2225,428,73,58.0145519406471,0,0.699325842696629,0.220833333333333,0.341414761393279,0.570240332975295,0,197.7,290.7
2014,REG+POST,00-0029613,D.Martin,Doug Martin,RB,RB,"https://static.www.nfl.com/image/private/f_auto,q_auto/league/lhazttk4tjpi7ggf7du4",11,TB,0,0,0,0,0,0,0,0,0,0,0,0,,0,,,134,494,2,0,0,23,-16.1665651645453,0,13,20,64,0,0,0,-4,63,3,-4.9650143008912,0,-16.0,0.0571428571428571,-0.0012221203788573,0.0848588014490856,0,67.8,80.8
2014,REG+POST,00-0029614,,Chris Givens,WR,WR,,9,LA,0,0,0,0,0,0,0,0,0,0,0,0,,0,,,1,4,0,0,0,0,1.12205062783323,0,11,20,159,1,0,0,252,44,5,-2.21652907836916,0,0.630952380952381,0.0732600732600733,0.122270742358079,0.195479629540765,0,22.3,33.3
2014,REG+POST,00-0029615,L.Miller,Lamar Miller,RB,RB,"https://static.www.nfl.com/image/private/f_auto,q_auto/league/vqxh6ynpmczzfyl9kcgq",16,MIA,0,0,0,0,0,0,0,0,0,0,0,0,,0,,,216,1099,8,2,2,57,0.516636396697529,0,38,52,275,1,1,1,73,243,10,-15.1990974017308,0,3.76712328767123,0.0876897133220911,0.0166590597900502,0.143195911836172,0,185.4,223.4
2014,REG+POST,00-0029619,,Jorvorskie Lane,FB,RB,"https://static.www.nfl.com/image/private/f_auto,q_auto/league/fru99ajpyfcvy4hrigtx",4,TB,0,0,0,0,0,0,0,0,0,0,0,0,,0,,,3,58,0,0,0,1,3.1804023666773,0,1,1,3,0,0,0,1,2,0,-0.470072931842879,0,3.0,0.05,0.0066666666666666,0.0796666666666667,0,6.1,7.1
2014,REG+POST,00-0029632,M.Sanu,Mohamed Sanu,WR,WR,"https://static.www.nfl.com/image/private/f_auto,q_auto/league/a6loroqhta6g65aqnsrk",17,CIN,3,3,79,1,0,1,6,0,0,61,18,3,4.41974096628837,0,1.29508196721311,,7,51,0,0,0,2,1.49069944757503,0,59,105,821,5,0,0,1118,337,39,25.4461862953515,1,0.734347048300537,0.199240986717268,0.269202985793402,0.487303570131283,0,126.36,185.36
2014,REG+POST,00-0029634,J.Hanna,James Hanna,TE,TE,"https://static.www.nfl.com/image/private/f_auto,q_auto/league/rtnxe02klclu847zqbdq",5,DAL,0,0,0,0,0,0,0,0,0,0,0,0,,0,,,0,0,0,0,0,0,,0,4,6,48,0,0,0,43,14,3,1.69618956191698,0,1.11627906976744,0.04,0.0315712187958884,0.0820998531571219,0,4.8,8.8
2014,REG+POST,00-0029638,M.Floyd,Michael Floyd,WR,WR,"https://static.www.nfl.com/image/private/f_auto,q_auto/league/lisxjuyoo7hiux1ac4jb",17,ARI,0,0,0,0,0,0,0,0,0,0,0,0,,0,,,1,2,0,0,0,0,-0.483970231376588,0,48,101,829,6,4,1,1785,95,35,14.8787480397677,0,0.464425770308123,0.171477079796265,0.289725693880864,0.460023605411002,0,117.1,165.1
2014,REG+POST,00-0029640,B.Quick,Brian Quick,WR,WR,"https://static.www.nfl.com/image/private/f_auto,q_auto/league/tayczwuhluj2hyrva3cp",7,LA,0,0,0,0,0,0,0,0,0,0,0,0,,0,,,0,0,0,0,0,0,,0,25,39,375,3,0,0,625,72,19,18.4264187084542,0,0.6,0.1625,0.276182059213433,0.437077441449403,0,55.5,80.5
2014,REG+POST,00-0029654,,A.J. Jenkins,WR,WR,,7,KC,0,0,0,0,0,0,0,0,0,0,0,0,,0,,,2,-2,0,1,0,0,-2.96203665854409,0,9,15,93,0,0,0,131,43,5,3.40839826903539,0,0.709923664122137,0.0815217391304348,0.121072088724584,0.207033070802861,0,9.1,18.1
2014,REG+POST,00-0029660,T.Graham,Trevor Graham,WR,WR,"https://static.www.nfl.com/image/private/f_auto,q_auto/league/wlgjczfjbekzvbjmgtzc",7,NYJ,0,0,0,0,0,0,0,0,0,0,0,0,,0,,,0,0,0,0,0,0,,0,3,8,87,1,0,0,195,21,2,3.77758101525251,0,0.446153846153846,0.0372093023255814,0.104111051788574,0.128691689740374,0,14.7,17.7
2014,REG+POST,00-0029664,J.Gordon,Josh Gordon,WR,WR,"https://static.www.nfl.com/image/private/f_auto,q_auto/league/wwqz2ujrj7wp86tyaxof",5,CLE,0,1,0,0,0,0,0,0,0,0,0,0,-0.776239039376378,0,,,0,0,0,0,0,0,,0,24,47,303,0,0,0,539,161,16,-5.86570900077203,0,0.562152133580705,0.321917808219178,0.394871794871795,0.759286968739024,0,30.3,54.3
2014,REG+POST,00-0029665,R.Griffin,Robert Griffin,QB,QB,"https://static.www.nfl.com/image/private/f_auto,q_auto/league/f9gitqxxg3f1uybdcfhc",9,WAS,147,214,1694,4,6,33,227,5,2,1474,1096,67,-30.8465703358321,0,1.14925373134328,0.0457367446622208,38,176,1,4,1,9,-7.16831155844716,0,0,0,0,0,0,0,0,0,0,,0,,,,,0,89.36,89.36
2014,REG+POST,00-0029667,,Nick Toon,WR,WR,"https://static.www.nfl.com/image/private/f_auto,q_auto/league/sysnfy8ooabjvvjwj4rs",6,NO,0,0,0,0,0,0,0,0,0,0,0,0,,0,,,1,4,0,0,0,0,-0.238979906309396,0,17,23,215,1,1,1,311,42,13,9.66667420594604,0,0.691318327974277,0.0970464135021097,0.156754032258065,0.25529744283381,0,25.9,42.9
2014,REG+POST,00-0029668,A.Luck,Andrew Luck,QB,QB,"https://static.www.nfl.com/image/private/f_auto,q_auto/league/ojix2ha2u58zqozaw756",19,IND,450,736,5528,43,20,28,169,8,4,6607,2557,271,94.9577160840543,0,0.836688360829423,0.10402318951109,72,330,3,5,2,22,-5.54946368521731,0,0,0,0,0,0,0,0,0,0,,0,,,,,0,392.12,392.12
2014,REG+POST,00-0029673,D.Posey,DeVier Posey,WR,WR,"https://static.www.nfl.com/image/private/f_auto,q_auto/league/neyvfbqn4cma8ecy22hb",1,HOU,0,0,0,0,0,0,0,0,0,0,0,0,,0,,,0,0,0,0,0,0,,0,1,1,30,0,0,0,27,3,1,2.67686605360359,0,1.11111111111111,0.04,0.0974729241877256,0.128231046931408,0,3.0,4.0
2014,REG+POST,00-0029675,,Trent Richardson,,,,15,IND,0,0,0,0,0,0,0,0,0,0,0,0,,0,,,159,519,3,2,1,25,-26.9945073183917,0,27,34,229,0,0,0,-1,240,9,4.09223273390671,0,0.0,0.0705394190871369,-0.0002749518834204,0.105616662312311,0,90.8,117.8
2014,REG+POST,00-0029677,B.Weeden,Brandon Weeden,QB,QB,"https://static.www.nfl.com/image/private/f_auto,q_auto/league/m8oocp4p9nskilnakgnw",4,DAL,24,41,303,3,2,1,9,0,0,351,161,16,2.73884518178965,0,0.863247863247863,0.0362134386884176,6,-1,0,1,0,0,-4.10140131262597,0,0,0,0,0,0,0,0,0,0,,0,,,,,0,20.02,20.02
2014,REG+POST,00-0029682,B.Osweiler,Brock Osweiler,QB,QB,"https://static.www.nfl.com/image/private/f_auto,q_auto/league/pwkmtgeitdi79qtumb2x",4,DEN,4,10,52,1,0,0,0,0,0,50,30,2,0.774277127435198,0,1.04,-0.0766040727038675,8,0,0,0,0,0,-4.22014053622843,0,0,0,0,0,0,0,0,0,0,,0,,,,,0,6.08,6.08
2014,REG+POST,00-0029683,R.Hillman,Ronnie Hillman,RB,RB,"https://static.www.nfl.com/image/private/f_auto,q_auto/league/quqwvjr2zciit0emquzg",9,DEN,0,0,0,0,0,0,0,0,0,0,0,0,,0,,,108,442,3,1,0,21,-5.64483050745912,0,21,34,139,1,0,0,78,108,6,-1.71049511485035,0,1.78205128205128,0.102102102102102,0.0274647887323944,0.172378505265829,0,82.1,103.1
2014,REG+POST,00-0029689,D.Allen,Dwayne Allen,TE,TE,"https://static.www.nfl.com/image/private/f_auto,q_auto/league/wduwt0ibzoutozuywe4b",15,IND,0,0,0,0,0,0,0,0,0,0,0,0,,0,,,0,0,0,0,0,0,,0,40,63,485,9,1,0,524,208,30,33.0819521667436,0,0.925572519083969,0.0990566037735849,0.0950308306129851,0.215106487089467,0,102.5,142.5
2014,REG+POST,00-0029692,B.Anger,Bryan Anger,P,SPEC,"https://static.www.nfl.com/image/private/f_auto,q_auto/league/zv7j4fzg4qrz4hktx756",1,JAX,1,1,19,0,0,0,0,0,0,-5,24,1,3.74977805279195,0,0.0,,0,0,0,0,0,0,,0,0,0,0,0,0,0,0,0,0,,0,,,,,0,0.76,0.76
2014,REG+POST,00-0029697,C.Fleener,Coby Fleener,TE,TE,"https://static.www.nfl.com/image/private/f_auto,q_auto/league/csj8khi0e2rpkvqqjmc1",19,IND,0,0,0,0,0,0,0,0,0,0,0,0,,0,,,0,0,0,0,0,0,,0,58,104,871,8,0,0,1089,344,45,33.4891633291512,0,0.799816345270891,0.136125654450262,0.160548429898275,0.316572382604185,0,135.1,193.1
2014,REG+POST,00-0029701,R.Tannehill,Ryan Tannehill,QB,QB,"https://static.www.nfl.com/image/private/f_auto,q_auto/league/yvwju12dl6haf3r8uzrm",16,MIA,392,590,4045,27,12,46,337,4,1,4498,1866,224,28.4210438764434,0,0.899288572698977,0.0939164525166375,56,311,1,4,1,18,-4.15794663960553,0,1,1,-4,0,0,0,-7,3,0,-0.793949523358606,0,0.0,0.0294117647058824,-0.0285714285714286,0.0241176470588235,0,278.5,279.5
2014,REG+POST,00-0029708,K.Wright,Kendall Wright,WR,WR,"https://static.www.nfl.com/image/private/f_auto,q_auto/league/edsrjypqphqpfqezc5k9",14,TEN,0,0,0,0,0,0,0,0,0,0,0,0,,0,,,4,54,0,0,0,2,2.4030954069458,0,57,93,715,6,1,1,809,365,33,13.5594263060665,0,0.88380716934487,0.213302752293578,0.195505074915418,0.45680768088116,0,110.9,167.9
2014,REG+POST,00-0029729,A.Johnson,Austin Johnson,FB,RB,"https://static.www.nfl.com/image/private/f_auto,q_auto/league/se6aqbzkyvpmtcr46bwz",6,NO,0,0,0,0,0,0,0,0,0,0,0,0,,0,,,8,22,0,0,0,5,0.0399516171310097,0,2,2,15,1,0,0,-1,16,2,2.59750581899425,0,-15.0,0.0263157894736842,-0.002932551319648,0.0374208982867727,0,9.7,11.7
2014,REG+POST,00-0029731,F.Whittaker,Fozzy Whittaker,RB,RB,"https://static.www.nfl.com/image/private/f_auto,q_auto/league/lyk6elzqjynnxbxe6qlr",10,CAR,0,0,0,0,0,0,0,0,0,0,0,0,,0,,,34,150,1,0,0,9,-2.83926969795721,0,6,7,99,2,0,0,-20,123,3,7.62079864722909,0,-4.95,0.0378378378378378,-0.0110314396028682,0.049034749034749,0,42.9,48.9
2014,REG+POST,00-0029738,D.Fells,Darren Fells,TE,TE,"https://static.www.nfl.com/image/private/f_auto,q_auto/league/eh0rbweg4wbzgzpvprnv",6,ARI,0,0,0,0,0,0,0,0,0,0,0,0,,0,,,0,0,0,0,0,0,,0,6,12,72,1,0,0,107,21,5,1.37401200667955,0,0.672897196261682,0.058252427184466,0.0438524590163935,0.118075362088174,0,13.2,19.2
2014,REG+POST,00-0029755,,Brian Leonhardt,TE,TE,,7,LV,0,0,0,0,0,0,0,0,0,0,0,0,,0,,,0,0,0,0,0,0,,0,6,8,35,1,0,0,47,9,2,1.83079815341625,0,0.74468085106383,0.0313725490196078,0.0249469214437367,0.0645216685400275,0,9.5,15.5
2014,REG+POST,00-0029793,B.Williams,Brandon Williams,TE,TE,"https://static.www.nfl.com/image/private/f_auto,q_auto/league/ozqjjoxr1sukcx2207hd",5,CAR,0,0,0,0,0,0,0,0,0,0,0,0,,0,,,0,0,0,0,0,0,,0,4,8,44,0,0,0,73,8,4,-2.88017827481963,0,0.602739726027397,0.0427807486631016,0.0362462760675273,0.0895435162419215,0,4.4,8.4
2014,REG+POST,00-0029795,B.Cunningham,Benny Cunningham,RB,RB,"https://static.www.nfl.com/image/private/f_auto,q_auto/league/yo9hvf3gnoxj7prmruo8",16,LA,0,0,0,0,0,0,0,0,0,0,0,0,,0,,,66,246,3,0,0,12,-10.880681211797,0,45,53,352,1,1,0,66,306,21,9.74267489551569,0,5.33333333333333,0.109278350515464,0.0174096544447375,0.176104283884512,0,83.8,128.8
2014,REG+POST,00-0029854,C.Anderson,C.J. Anderson,RB,RB,"https://static.www.nfl.com/image/private/f_auto,q_auto/league/jqqdxuowpdgl06zy0g0a",15,DEN,0,0,0,0,0,0,0,0,0,0,0,0,,0,,,197,929,8,0,0,52,6.26459878101052,0,40,50,353,2,1,0,85,307,14,11.446330257284,0,4.15294117647059,0.117647058823529,0.0231607629427793,0.19268312229524,0,188.2,228.2
2014,REG+POST,00-0029878,M.Gray,MarQueis Gray,TE,TE,"https://static.www.nfl.com/image/private/f_auto,q_auto/league/pbuxaz8hy9fxow3zq5sr",6,BUF,0,0,0,0,0,0,0,0,0,0,0,0,,0,,,0,0,0,0,0,0,,0,9,11,134,0,0,0,46,90,4,10.377187204489,0,2.91304347826087,0.0478260869565217,0.0354664610639938,0.0965656531795783,0,13.4,22.4
2014,REG+POST,00-0029883,,Joseph Fauria,TE,TE,"https://static.www.nfl.com/image/private/f_auto,q_auto/league/e6tne3enp0difyhuwlqj",6,DET,0,0,0,0,0,0,0,0,0,0,0,0,,0,,,0,0,0,0,0,0,,0,6,12,74,1,0,0,73,34,4,1.90800340075607,1,1.01369863013699,0.0515021459227468,0.0372829417773238,0.103351278128247,0,15.4,21.4
2014,REG+POST,00-0029892,K.Juszczyk,Kyle Juszczyk,FB,RB,"https://static.www.nfl.com/image/private/f_auto,q_auto/league/eqb3lq4bip6oa5kiz1ze",15,BAL,0,0,0,0,0,0,0,0,0,0,0,0,,0,,,0,0,0,0,0,0,,0,25,36,227,1,3,2,89,203,9,-0.442638301916553,0,2.55056179775281,0.0717131474103586,0.0245992260917634,0.124789179379772,0,24.7,49.7
2014,REG+POST,00-0029910,T.Wright,Timothy Wright,TE,TE,"https://static.www.nfl.com/image/private/f_auto,q_auto/league/wydzzhwo9is11uqaeffj",12,NE,0,0,0,0,0,0,0,0,0,0,0,0,,0,,,1,-2,0,0,0,0,-2.14175168424845,0,26,33,259,6,0,0,244,94,18,14.9991357263643,0,1.06147540983607,0.0731707317073171,0.069634703196347,0.158500389798419,0,61.7,87.7
2014,REG+POST,00-0029934,R.Smith,Rodney Smith,WR,WR,"https://static.www.nfl.com/image/private/f_auto,q_auto/league/zvlr1vbbimnvgssqlh8k",1,CLE,0,0,0,0,0,0,0,0,0,0,0,0,,0,,,0,0,0,0,0,0,,0,0,1,0,0,0,0,23,0,0,-2.52968103531748,0,0.0,0.0357142857142857,0.092,0.117971428571429,0,0.0,0.0
2014,REG+POST,00-0029999,,Zach Sudfeld,TE,TE,,6,NYJ,0,0,0,0,0,0,0,0,0,0,0,0,,0,,,0,0,0,0,0,0,,0,5,7,85,0,0,0,60,58,3,4.05153503764615,0,1.41666666666667,0.0406976744186047,0.0400801603206413,0.0891026238523559,0,8.5,13.5
2014,REG+POST,00-0030000,K.Thompkins,Kenbrell Thompkins,WR,WR,"https://static.www.nfl.com/image/private/f_auto,q_auto/league/coyaltbvkpvvojjd5sjh",13,LV,0,0,0,0,0,0,0,0,0,0,0,0,,0,,,2,5,0,0,0,0,-0.420246584457345,0,21,47,262,0,0,0,558,95,13,-8.33982211827848,0,0.469534050179211,0.0973084886128364,0.138564688353613,0.242958014766784,0,26.7,47.7
2014,REG+POST,00-0030035,A.Thielen,Adam Thielen,WR,WR,"https://static.www.nfl.com/image/private/f_auto,q_auto/league/kmldtl8p9h7h5dzvkwsw",7,MIN,0,0,0,0,0,0,0,0,0,0,0,0,,0,,,0,0,0,0,0,0,,0,8,13,137,1,0,0,170,34,7,3.0838632172944,0,0.805882352941176,0.0659898477157361,0.103975535168196,0.171767646191341,1,25.7,33.7
2014,REG+POST,00-0030047,M.Wilson,Marquess Wilson,WR,WR,"https://static.www.nfl.com/image/private/f_auto,q_auto/league/gtmp1bvlbgxnadkq3w7e",7,CHI,0,0,0,0,0,0,0,0,0,0,0,0,,0,,,0,0,0,0,0,0,,0,17,32,140,1,0,0,330,51,7,-4.82685353403005,0,0.424242424242424,0.118959107806691,0.179934569247546,0.30439286018332,0,20.0,37.0
2014,REG+POST,00-0030049,C.Gragg,Chris Gragg,TE,TE,"https://static.www.nfl.com/image/private/f_auto,q_auto/league/wljmssrm2nmd3y4pbejd",6,BUF,0,0,0,0,0,0,0,0,0,0,0,0,,0,,,0,0,0,0,0,0,,0,7,10,48,1,0,0,31,22,4,1.19730527559295,0,1.54838709677419,0.0440528634361234,0.0207635632953784,0.0806137894609499,0,10.8,17.8
2014,REG+POST,00-0030061,Z.Ertz,Zach Ertz,TE,TE,"https://static.www.nfl.com/image/private/f_auto,q_auto/league/t7my0kesdhb2iefvempm",16,PHI,0,0,0,0,0,0,0,0,0,0,0,0,,0,,,0,0,0,0,0,0,,0,58,89,702,3,1,1,924,225,42,24.4622641904761,0,0.75974025974026,0.145424836601307,0.167179301610277,0.335162766029155,0,86.2,144.2
2014,REG+POST,00-0030068,M.Goodwin,Marquise Goodwin,WR,WR,"https://static.www.nfl.com/image/upload/f_auto,q_auto/league/cof5bbih1o9dtnonwmjp",7,BUF,0,0,0,0,0,0,0,0,0,0,0,0,,0,,,3,8,0,0,0,1,-0.496372713707387,0,1,9,42,0,1,0,169,6,1,-9.36830595706124,0,0.248520710059172,0.0393013100436681,0.106289308176101,0.133354480788773,0,5.0,6.0
2014,REG+POST,00-0030085,K.Stills,Kenny Stills,WR,WR,"https://static.www.nfl.com/image/private/f_auto,q_auto/league/wswn6tehkzj8mdfbablx",15,NO,0,0,0,0,0,0,0,0,0,0,0,0,,0,,,1,-2,0,0,0,0,-0.891255235066637,0,63,84,931,3,1,0,1063,188,47,56.5013641380866,0,0.8758231420508,0.13838550247117,0.225929861849097,0.365729157001122,0,110.9,173.9
2014,REG+POST,00-0030089,L.Willson,Luke Willson,TE,TE,"https://static.www.nfl.com/image/private/f_auto,q_auto/league/a6zcpjyfusebcm8i3w2w",14,SEA,0,0,0,0,0,0,0,0,0,0,0,0,,0,,,0,0,0,0,0,0,,0,28,49,441,4,0,0,419,267,18,16.8672614576602,1,1.05250596658711,0.130666666666667,0.131306800376058,0.28791476026324,0,70.1,98.1
2014,REG+POST,00-0030090,M.Hyde,Micah Hyde,FS,DB,"https://static.www.nfl.com/image/private/f_auto,q_auto/league/xxdwo2ndjc4qm9q5lpgx",2,GB,0,0,0,0,0,0,0,0,0,0,0,0,,0,,,0,0,0,0,0,0,,0,0,0,0,0,0,0,0,0,0,,0,,,,,2,12.0,12.0
2014,REG+POST,00-0030091,T.King,Tavarres King,WR,WR,"https://static.www.nfl.com/image/private/f_auto,q_auto/league/yfkwzczsoeihruafz1kg",1,TB,0,0,0,0,0,0,0,0,0,0,0,0,,0,,,0,0,0,0,0,0,,0,2,3,13,0,0,0,15,4,1,-2.51614671130665,0,0.866666666666667,0.142857142857143,0.0909090909090909,0.277922077922078,0,1.3,3.3
2014,REG+POST,00-0030092,S.Martin,Sam Martin,P,SPEC,"https://static.www.nfl.com/image/private/f_auto,q_auto/league/xujpdorpiugkhag0ydtl",1,DET,2,2,27,0,0,0,0,0,0,-3,30,1,1.85629146615975,0,0.0,,0,0,0,0,0,0,,0,0,0,0,0,0,0,0,0,0,,0,,,,,0,1.08,1.08
2014,REG+POST,00-0030095,C.Fuller,Corey Fuller,WR,WR,"https://static.www.nfl.com/image/private/f_auto,q_auto/league/omxsxhwznxnay3ynkjph",13,DET,0,0,0,0,0,0,0,0,0,0,0,0,,0,,,0,0,0,0,0,0,,0,16,34,238,1,1,1,541,55,12,-1.74614034063416,0,0.43992606284658,0.0681362725450902,0.139432989690722,0.19980750160114,0,27.8,43.8
2014,REG+POST,00-0030107,T.Riddick,Theo Riddick,RB,RB,"https://static.www.nfl.com/image/private/f_auto,q_auto/league/aptuag5ocazmionhvnt6",14,DET,0,0,0,0,0,0,0,0,0,0,0,0,,0,,,20,51,0,0,0,2,-7.54375862548276,0,38,57,355,4,0,0,104,343,16,13.476845009105,0,3.41346153846154,0.159217877094972,0.0357634112792297,0.263861203537919,0,64.6,102.6
2014,REG+POST,00-0030108,R.Griffin,Ryan Griffin,TE,TE,"https://static.www.nfl.com/image/private/f_auto,q_auto/league/izjfxtmk2dhzhrlwpt9g",8,HOU,0,0,0,0,0,0,0,0,0,0,0,0,,0,,,0,0,0,0,0,0,,0,10,16,91,1,0,0,133,36,5,6.8020238126046,0,0.68421052631579,0.065843621399177,0.0692708333333333,0.147255015432099,0,15.1,25.1
2014,REG+POST,00-0030112,T.Bohanon,Tommy Bohanon,FB,RB,"https://static.www.nfl.com/image/private/f_auto,q_auto/league/lmoesdqqzu6v8rmnyqlk",1,NYJ,0,0,0,0,0,0,0,0,0,0,0,0,,0,,,1,3,0,0,0,1,0.599903946975246,0,2,2,30,0,0,0,0,30,2,2.44547818158753,0,0.0,0.0666666666666667,,,0,3.3,5.3
2014,REG+POST,00-0030113,C.Johnson,Charles D. Johnson,WR,WR,"https://static.www.nfl.com/image/private/f_auto,q_auto/league/g9xhdanrpvnxwrqhran5",11,MIN,0,0,0,0,0,0,0,0,0,0,0,0,,0,,,1,-11,0,0,0,0,-2.32401326997206,0,31,59,475,2,1,0,871,171,19,11.5350797226968,1,0.545350172215844,0.162087912087912,0.302851182197497,0.455127695670116,0,60.4,91.4
2014,REG+POST,00-0030116,,Kevin Dorsey,WR,WR,,1,GB,0,0,0,0,0,0,0,0,0,0,0,0,,0,,,0,0,0,0,0,0,,0,1,2,4,0,0,0,9,9,0,-0.659911247668788,0,0.444444444444444,0.0833333333333333,0.0775862068965517,0.179310344827586,0,0.4,1.4
2014,REG+POST,00-0030117,K.Williams,Kerwynn Williams,RB,RB,"https://static.www.nfl.com/image/private/f_auto,q_auto/league/g8b72moacoymckyvl0ig",5,ARI,0,0,0,0,0,0,0,0,0,0,0,0,,0,,,63,269,0,1,0,12,-1.40509349714912,0,5,9,11,0,0,0,5,21,0,-5.60465182402884,0,2.2,0.0918367346938776,0.0047080979284369,0.141050770590722,0,28.0,33.0
2014,REG+POST,00-0030128,,Michael Cox,RB,RB,,2,NYG,0,0,0,0,0,0,0,0,0,0,0,0,,0,,,4,33,0,0,0,1,0.0054665286936188,0,2,3,9,0,0,0,-8,16,0,-1.51335424662102,0,-1.125,0.0697674418604651,-0.0252365930599369,0.0869855476487418,0,4.2,6.2
2014,REG+POST,00-0030140,T.Way,Tress Way,P,SPEC,"https://static.www.nfl.com/image/private/f_auto,q_auto/league/mb64ugskbogtoljml7q0",1,WAS,0,0,0,0,0,0,0,0,0,0,0,0,,0,,,1,2,0,0,0,0,-2.84775292617269,0,0,0,0,0,0,0,0,0,0,,0,,,,,0,0.2,0.2
2014,REG+POST,00-0030142,B.Wing,Brad Wing,P,SPEC,"https://static.www.nfl.com/image/private/f_auto,q_auto/league/breqxoaezzig1jriolcm",3,PIT,0,1,0,0,1,0,0,0,0,10,0,0,-2.11284523480572,1,0.0,,1,0,0,1,0,0,-4.44941981177544,0,0,0,0,0,0,0,0,0,0,,0,,,,,0,0.0,0.0
2014,REG+POST,00-0030147,R.Shepard,Russell Shepard,WR,WR,"https://static.www.nfl.com/image/private/f_auto,q_auto/league/gk2saq7m1jxl90g9slks",4,TB,0,0,0,0,0,0,0,0,0,0,0,0,,0,,,0,0,0,0,0,0,,0,4,8,63,0,0,0,127,22,3,2.86565529293148,0,0.496062992125984,0.0683760683760684,0.097542242703533,0.170843672456576,0,6.3,10.3
2014,REG+POST,00-0030154,F.Hammond,Frankie Hammond,WR,WR,"https://static.www.nfl.com/image/private/f_auto,q_auto/league/ltfmkyja5eaw30hmnw9w",7,KC,0,0,0,0,0,0,0,0,0,0,0,0,,0,,,0,0,0,0,0,0,,0,4,11,45,0,0,0,91,15,2,-0.812251823663246,0,0.494505494505495,0.0484581497797357,0.0722795869737887,0.123282935551256,0,4.5,8.5
2014,REG+POST,00-0030155,D.Harris,Demetrius Harris,TE,TE,"https://static.www.nfl.com/image/private/f_auto,q_auto/league/nlajcnjlosuajmqswxvl",5,KC,0,0,0,0,0,0,0,0,0,0,0,0,,0,,,0,0,0,0,0,0,,0,3,5,20,0,0,0,27,4,1,-0.942858729278669,0,0.740740740740741,0.0316455696202532,0.0395894428152493,0.0751809644010542,0,2.0,5.0
2014,REG+POST,00-0030181,J.Doyle,Jack Doyle,TE,TE,"https://static.www.nfl.com/image/private/f_auto,q_auto/league/h6abyvmg2g93llboizi6",13,IND,0,0,0,0,0,0,0,0,0,0,0,0,,0,,,0,0,0,0,0,0,,0,24,31,141,2,0,0,42,130,7,0.91575455934263,0,3.35714285714286,0.0635245901639344,0.0124297129328204,0.103987684298876,0,26.1,50.1
2014,REG+POST,00-0030216,J.Hill,Josh Hill,TE,TE,"https://static.www.nfl.com/image/private/f_auto,q_auto/league/vdva7m1fxklv6gxbsg7q",12,NO,0,0,0,0,0,0,0,0,0,0,0,0,,0,,,0,0,0,0,0,0,,0,14,20,176,5,0,0,133,99,9,9.85704600540621,0,1.32330827067669,0.0417536534446764,0.0374226223972988,0.0888263158451238,0,47.6,61.6
2014,REG+POST,00-0030247,G.Winn,George Winn,RB,RB,"https://static.www.nfl.com/image/private/f_auto,q_auto/league/bpqkhgre4v8qec7nnrov",5,DET,0,0,0,0,0,0,0,0,0,0,0,0,,0,,,19,73,0,0,0,4,-1.3746312155854,0,0,3,0,0,0,0,1,0,0,-3.00680927217533,0,0.0,0.04,0.0017889087656529,0.0612522361359571,0,7.3,7.3
2014,REG+POST,00-0030279,K.Allen,Keenan Allen,WR,WR,"https://static.www.nfl.com/image/private/f_auto,q_auto/league/xs7h2igf85nta81v7zb8",14,LAC,0,0,0,0,0,0,0,0,0,0,0,0,,0,,,0,0,0,0,0,0,,0,77,121,783,4,1,1,1029,304,41,-11.4996003196475,0,0.760932944606414,0.252609603340292,0.260242792109256,0.561084359486918,0,100.3,177.3
2014,REG+POST,00-0030280,K.Davis,Knile Davis,RB,RB,"https://static.www.nfl.com/image/private/f_auto,q_auto/league/iyq9jy1o5g05fdvqftez",15,KC,0,0,0,0,0,0,0,0,0,0,0,0,,0,,,134,463,6,3,2,23,-28.9835007582584,0,16,25,147,1,1,0,12,157,6,2.18041321792598,0,12.25,0.0618811881188119,0.0057831325301204,0.0968699749493022,1,105.0,121.0
2014,REG+POST,00-0030282,,Stepfan Taylor,RB,RB,"https://static.www.nfl.com/image/private/f_auto,q_auto/league/lmm9nz05jrntbpuaveqc",13,ARI,0,0,0,0,0,0,0,0,0,0,0,0,,0,,,66,211,1,0,0,13,-9.80716786035194,1,11,15,79,3,0,0,32,65,5,5.52587609340674,0,2.46875,0.0510204081632653,0.0102008288173414,0.083671192417037,0,55.0,66.0
2014,REG+POST,00-0030287,A.Ellington,Andre Ellington,RB,RB,"https://static.www.nfl.com/image/private/f_auto,q_auto/league/seb6k3tjdcgi8tqmzt2z",12,ARI,0,0,0,0,0,0,0,0,0,0,0,0,,0,,,201,660,3,2,2,27,-35.8486889499792,0,46,64,395,2,0,0,113,365,19,5.94738049249193,0,3.49557522123894,0.169312169312169,0.0332157554379777,0.277219282774838,0,131.5,177.5
2014,REG+POST,00-0030288,R.Burkhead,Rex Burkhead,RB,RB,"https://static.www.nfl.com/image/private/f_auto,q_auto/league/ysgdnkasvp07qmrkasve",5,CIN,0,0,0,0,0,0,0,0,0,0,0,0,,0,,,10,50,1,0,0,2,1.52454300614772,0,10,13,83,0,0,0,26,60,4,-1.39551223668968,0,3.19230769230769,0.104838709677419,0.0235934664246824,0.173773491013407,0,19.3,29.3
2014,REG+POST,00-0030290,C.Hamilton,Cobi Hamilton,WR,WR,"https://static.www.nfl.com/image/private/f_auto,q_auto/league/fslk4pbx1mtdjdl5zk9g",1,CIN,0,0,0,0,0,0,0,0,0,0,0,0,,0,,,0,0,0,0,0,0,,0,0,2,0,0,0,0,53,0,0,-1.23074870527489,0,0.0,0.0588235294117647,0.175496688741722,0.211082976236852,0,0.0,0.0
2014,REG+POST,00-0030300,J.Brown,Jaron Brown,WR,WR,"https://static.www.nfl.com/image/private/f_auto,q_auto/league/y41u4egwigms9rg2p3ln",13,ARI,0,0,0,0,0,0,0,0,0,0,0,0,,0,,,0,0,0,0,0,0,,0,22,33,229,2,1,0,330,61,14,3.49867883911629,0,0.693939393939394,0.0722100656455142,0.0704375667022412,0.15762139515984,0,34.9,56.9
2014,REG+POST,00-0030348,,Khiry Robinson,RB,RB,"https://static.www.nfl.com/image/private/f_auto,q_auto/league/voprwcuquojlvepcmzmh",9,NO,0,0,0,0,0,0,0,0,0,0,0,0,,0,,,76,362,3,1,1,23,-3.61386962680263,0,8,11,63,0,0,0,-22,86,2,1.37695436328067,0,-2.86363636363636,0.0421455938697318,-0.0104265402843602,0.0559198126055456,0,58.5,66.5
2014,REG+POST,00-0030388,,Joseph Randle,RB,RB,"https://static.www.nfl.com/image/private/f_auto,q_auto/league/ok4rzlin9g6kxfr9lajx",15,DAL,0,0,0,0,0,0,0,0,0,0,0,0,,0,,,53,358,3,2,2,13,1.69776619970799,0,4,5,23,0,0,0,3,27,1,-4.57209666760173,0,7.66666666666667,0.0467289719626168,0.0027347310847766,0.0720077697032689,0,52.1,56.1
2014,REG+POST,00-0030391,,Mike James,RB,RB,"https://static.www.nfl.com/image/private/f_auto,q_auto/league/wurn2arjq72gyjcyzgo9",5,TB,0,0,0,0,0,0,0,0,0,0,0,0,,0,,,19,37,0,0,0,4,-3.41594349008368,0,1,1,-5,0,0,0,-5,0,0,-1.3982746922411,0,1.0,0.0285714285714286,-0.0127226463104326,0.0339512904398401,0,3.2,4.2
2014,REG+POST,00-0030400,M.Brown,Marlon Brown,WR,WR,"https://static.www.nfl.com/image/private/f_auto,q_auto/league/zdfywwd0yvsd6okfa5sr",15,BAL,0,0,0,0,0,0,0,0,0,0,0,0,,0,,,0,0,0,0,0,0,,0,30,41,303,0,0,0,388,112,18,10.1399267623884,0,0.780927835051546,0.0766355140186916,0.0828175026680897,0.1729255228957,0,30.3,60.3
2014,REG+POST,00-0030404,C.Thompson,Chris Thompson,RB,RB,"https://static.www.nfl.com/image/private/f_auto,q_auto/league/ypyldro2efcy5jcrytft",2,WAS,0,0,0,0,0,0,0,0,0,0,0,0,,0,,,3,12,0,0,0,0,0.0321119619184174,0,6,7,27,1,0,0,-6,36,2,0.903772431542166,0,-4.5,0.12280701754386,-0.0131868131868132,0.17497975708502,0,9.9,15.9
2014,REG+POST,00-0030419,M.McGloin,Matt McGloin,QB,QB,"https://static.www.nfl.com/image/private/f_auto,q_auto/league/zwrox2g1yauaa1csdhrw",1,LV,12,19,129,1,2,1,8,0,0,172,58,6,-11.4962645955384,0,0.75,0.0434161252893796,2,3,0,0,0,1,-9.76387852744665,0,0,0,0,0,0,0,0,0,0,,0,,,,,0,5.46,5.46
2014,REG+POST,00-0030422,D.Sims,Dion Sims,TE,TE,"https://static.www.nfl.com/image/private/f_auto,q_auto/league/gvok1agdl3xtz9nceqfr",14,MIA,0,0,0,0,0,0,0,0,0,0,0,0,,0,,,0,0,0,0,0,0,,0,24,36,284,2,0,0,296,111,13,10.2046969523653,0,0.959459459459459,0.0696324951644101,0.0738154613466334,0.156119565689258,0,40.4,64.4
2014,REG+POST,00-0030431,R.Woods,Robert Woods,WR,WR,"https://static.www.nfl.com/image/upload/f_auto,q_auto/league/owppysuai4ipxu5d27nu",16,BUF,0,0,0,0,0,0,0,0,0,0,0,0,,0,,,0,0,0,0,0,0,,0,65,104,699,5,1,1,976,198,35,8.24406747392167,1,0.716188524590164,0.181818181818182,0.236434108527132,0.438231148696265,0,99.9,164.9
2014,REG+POST,00-0030432,C.Michael,Christine Michael,RB,RB,"https://static.www.nfl.com/image/private/f_auto,q_auto/league/qlysbozgkexeoohnqrvz",10,SEA,0,0,0,0,0,0,0,0,0,0,0,0,,0,,,34,175,0,1,0,11,2.1647497677186,0,1,2,12,0,0,0,9,18,0,0.531915633007884,0,1.33333333333333,0.0444444444444444,0.0207373271889401,0.0811827956989247,0,18.7,19.7
2014,REG+POST,00-0030443,L.Toilolo,Levine Toilolo,TE,TE,"https://static.www.nfl.com/image/private/f_auto,q_auto/league/w6qnlfw0cuxest48srd0",15,ATL,0,0,0,0,0,0,0,0,0,0,0,0,,0,,,0,0,0,0,0,0,,0,31,53,238,2,1,1,285,100,15,-2.00904171107113,0,0.835087719298246,0.0893760539629005,0.0618758141554494,0.177377150853165,0,33.8,64.8
2014,REG+POST,00-0030450,,Quinton Patton,WR,WR,,3,SF,0,0,0,0,0,0,0,0,0,0,0,0,,0,,,1,20,0,1,1,0,-2.9042357574217,0,3,8,44,0,0,0,121,0,1,-2.71423306205543,0,0.363636363636364,0.0963855421686747,0.163292847503374,0.258883306505374,0,4.4,7.4
2014,REG+POST,00-0030456,G.Bernard,Giovani Bernard,RB,RB,"https://static.www.nfl.com/image/private/f_auto,q_auto/league/guht9y14gftgsugb87xz",14,CIN,0,0,0,0,0,0,0,0,0,0,0,0,,0,,,171,686,5,0,0,32,-12.7430803439956,0,51,68,395,2,0,0,4,411,15,-2.83678152084324,0,98.75,0.155606407322654,0.0011929615269907,0.234244684052875,0,150.1,201.1
2014,REG+POST,00-0030460,M.Wheaton,Markus Wheaton,WR,WR,"https://static.www.nfl.com/image/private/f_auto,q_auto/league/hd28smxn43jzwkdikpd0",17,PIT,0,0,0,0,0,0,0,0,0,0,0,0,,0,,,4,19,0,0,0,1,-0.844056145986542,0,58,92,710,2,0,0,1138,184,37,15.6680256777448,0,0.62390158172232,0.14175654853621,0.200493305144468,0.352980136405442,0,84.9,142.9
2014,REG+POST,00-0030466,,Justin Brown,WR,WR,,6,PIT,0,0,0,0,0,0,0,0,0,0,0,0,,0,,,0,0,0,0,0,0,,0,12,21,94,0,1,1,181,22,4,-8.09872213372491,0,0.519337016574586,0.0972222222222222,0.102899374644684,0.217862895584612,0,7.4,19.4
2014,REG+POST,00-0030470,V.McDonald,Vance McDonald,TE,TE,"https://static.www.nfl.com/image/private/f_auto,q_auto/league/apafzol1dcqu56cqotv9",4,SF,0,0,0,0,0,0,0,0,0,0,0,0,,0,,,0,0,0,0,0,0,,0,2,8,30,0,1,1,77,26,0,-11.455535768661,0,0.38961038961039,0.064,0.0572065378900446,0.136044576523031,0,1.0,3.0
2014,REG+POST,00-0030472,J.Reed,Jordan Reed,TE,TE,"https://static.www.nfl.com/image/private/f_auto,q_auto/league/jur0qgejd3lzv8flmxcq",11,WAS,0,0,0,0,0,0,0,0,0,0,0,0,,0,,,0,0,0,0,0,0,,0,50,65,465,0,1,1,272,284,23,3.13144540600526,0,1.70955882352941,0.175202156334232,0.108452950558214,0.338720299892097,0,44.5,94.5
2014,REG+POST,00-0030485,E.Lacy,Eddie Lacy,RB,RB,"https://static.www.nfl.com/image/private/f_auto,q_auto/league/ckn4luxcj2oc2c24fh7i",18,GB,0,0,0,0,0,0,0,0,0,0,0,0,,0,,,286,1313,9,3,2,66,-25.7503440302018,0,43,59,437,4,0,0,-15,440,17,20.3653193905778,0,-29.1333333333333,0.105545617173524,-0.0034530386740331,0.155901298688463,0,249.0,292.0
2014,REG+POST,00-0030486,B.Schwenke,Brian Schwenke,C,OL,"https://static.www.nfl.com/image/private/f_auto,q_auto/league/swc134obyt0q7uxuhfbd",1,TEN,0,0,0,0,0,0,0,0,0,0,0,0,,0,,,0,0,0,0,0,0,,0,1,1,6,0,1,1,-2,8,0,-2.73963730945252,0,0.0,0.0263157894736842,-0.00625,0.0350986842105263,0,-1.4,-0.4
2014,REG+POST,00-0030496,L.Bell,Le'Veon Bell,RB,RB,"https://static.www.nfl.com/image/private/f_auto,q_auto/league/sm3ij3pcby5ciqwaaqa1",16,PIT,0,0,0,0,0,0,0,0,0,0,0,0,,0,,,290,1361,8,0,0,73,4.94343580766624,0,83,105,854,3,0,0,108,816,41,36.035734358414,0,7.90740740740741,0.174708818635607,0.0206975852817171,0.276551537650613,0,287.5,370.5
2014,REG+POST,00-0030506,T.Kelce,Travis Kelce,TE,TE,"https://static.www.nfl.com/image/private/f_auto,q_auto/league/ryzr3vbragwe50vtj9af",16,KC,0,0,0,0,0,0,0,0,0,0,0,0,,0,,,0,0,0,0,0,0,,0,67,87,862,5,4,3,523,479,45,49.1860854000552,0,1.64818355640535,0.179381443298969,0.182039679777236,0.396499940792519,0,110.2,177.2
2014,REG+POST,00-0030513,L.Murray,Latavius Murray,RB,RB,"https://static.www.nfl.com/image/private/f_auto,q_auto/league/zepm7ghltyeqydn0qxcg",10,LV,0,0,0,0,0,0,0,0,0,0,0,0,,0,,,82,424,2,1,0,18,0.191662539062091,0,17,23,143,0,0,0,15,153,3,-2.43735690004675,0,9.53333333333333,0.0845588235294118,0.0066964285714285,0.131525735294118,0,68.7,85.7
2014,REG+POST,00-0030514,M.Rivera,Mychal Rivera,TE,TE,"https://static.www.nfl.com/image/private/f_auto,q_auto/league/nnbvmfg9qugawrxv2qyt",16,LV,0,0,0,0,0,0,0,0,0,0,0,0,,0,,,0,0,0,0,0,0,,0,58,99,534,4,3,1,815,171,29,-12.7194807691561,0,0.65521472392638,0.159935379644588,0.16494636713216,0.355365526459394,0,75.4,133.4
2014,REG+POST,00-0030516,B.Butler,Brice Butler,WR,WR,"https://static.www.nfl.com/image/private/f_auto,q_auto/league/xnr2lcdlhui4vyu6z4ir",14,LV,0,0,0,0,0,0,0,0,0,0,0,0,,0,,,0,0,0,0,0,0,,0,21,36,280,2,0,0,429,83,14,7.37474395125173,0,0.652680652680653,0.0649819494584838,0.102240228789323,0.169041084340252,1,46.0,67.0
2014,REG+POST,00-0030520,M.Glennon,Mike Glennon,QB,QB,"https://static.www.nfl.com/image/private/f_auto,q_auto/league/mubobrjbeudtezxv0t0p",6,TB,117,203,1417,10,6,16,91,1,0,2206,416,64,-0.537375662410693,0,0.64233907524932,0.0427411059791381,10,49,0,1,0,3,-5.7042083997178,0,0,0,0,0,0,0,0,0,0,,0,,,,,0,89.58,89.58
2014,REG+POST,00-0030521,J.Hunter,Justin Hunter,WR,WR,"https://static.www.nfl.com/image/private/f_auto,q_auto/league/jwfx9spolez2cofb3kvq",12,TEN,0,0,0,0,0,0,0,0,0,0,0,0,,0,,,0,0,0,0,0,0,,0,28,67,498,3,0,0,1048,178,20,-5.62907412773499,0,0.475190839694657,0.18010752688172,0.291515994436718,0.474222486428283,0,67.8,95.8
2014,REG+POST,00-0030522,,Montee Ball,RB,RB,,5,DEN,0,0,0,0,0,0,0,0,0,0,0,0,,0,,,55,172,1,1,1,9,-9.98435518171755,0,9,13,62,0,0,0,18,52,2,-8.12818916872493,0,3.44444444444444,0.0616113744075829,0.009972299168975,0.0993976710296569,0,27.4,36.4
2014,REG+POST,00-0030525,T.Austin,Tavon Austin,WR,WR,"https://static.www.nfl.com/image/private/f_auto,q_auto/league/ulagxqgjnrft4wub0gus",15,LA,0,0,0,0,0,0,0,0,0,0,0,0,,0,,,36,224,2,0,0,11,8.92187887866749,0,31,44,242,0,0,0,173,169,12,-9.79835121604265,0,1.39884393063584,0.0948275862068965,0.0450873077925463,0.173802494765127,1,64.6,95.6
2014,REG+POST,00-0030526,E.Manuel,EJ Manuel,QB,QB,"https://static.www.nfl.com/image/private/f_auto,q_auto/league/day0kzescuwievdhlacd",4,BUF,76,131,838,5,3,6,44,1,0,973,536,39,-14.6926009472467,0,0.86125385405961,0.005567678730826,16,52,1,0,0,2,-4.78779566675526,0,0,0,0,0,0,0,0,0,0,,0,,,,,0,58.72,58.72
2014,REG+POST,00-0030532,,Stedman Bailey,WR,WR,,13,LA,0,0,0,0,0,0,0,0,0,0,0,0,,0,,,1,13,0,0,0,1,0.794107021763921,0,30,46,435,1,0,0,526,182,19,24.776861432858,0,0.826996197718631,0.121693121693122,0.168589743589744,0.300552503052503,1,56.8,86.8
2014,REG+POST,00-0030533,M.Barkley,Matt Barkley,QB,QB,"https://static.www.nfl.com/image/private/f_auto,q_auto/league/ejvscebj0ufugx5vrouq",1,PHI,0,1,0,0,0,0,0,0,0,4,0,0,-1.17992095369846,0,0.0,,3,0,0,0,0,0,0.0,0,0,0,0,0,0,0,0,0,0,,0,,,,,0,0.0,0.0
2014,REG+POST,00-0030536,,Zac Stacy,RB,RB,"https://static.www.nfl.com/image/private/f_auto,q_auto/league/oo0cmp2wjrwqz3arii0f",9,LA,0,0,0,0,0,0,0,0,0,0,0,0,,0,,,76,293,1,2,2,13,-18.1645937612564,0,18,23,152,0,0,0,-8,157,9,-3.14230455592042,0,-19.0,0.101769911504425,-0.0039331366764995,0.149901671583088,0,46.5,64.5
2014,REG+POST,00-0030540,A.Dobson,Aaron Dobson,WR,WR,"https://static.www.nfl.com/image/private/f_auto,q_auto/league/es1l8zn20xgfxqh8ophi",4,NE,0,0,0,0,0,0,0,0,0,0,0,0,,0,,,0,0,0,0,0,0,,0,3,5,38,0,0,0,54,21,2,1.59550339821726,0,0.703703703703704,0.0393700787401575,0.0489130434782609,0.0932942485450188,0,3.8,6.8
2014,REG+POST,00-0030542,T.Williams,Terrance Williams,WR,WR,"https://static.www.nfl.com/image/private/f_auto,q_auto/league/emdrh1uwgitgnw1wytiv",17,DAL,0,0,0,0,0,0,0,0,0,0,0,0,,0,,,0,0,0,0,0,0,,0,41,73,751,11,0,0,1154,207,33,40.0170532166381,0,0.650779896013865,0.147474747474748,0.260732037957524,0.403724547782388,0,141.1,182.1
2014,REG+POST,00-0030544,G.Escobar,Gavin Escobar,TE,TE,"https://static.www.nfl.com/image/private/f_auto,q_auto/league/zpne5eocfe1wlkabs4gq",11,DAL,0,0,0,0,0,0,0,0,0,0,0,0,,0,,,0,0,0,0,0,0,,0,9,15,105,4,0,0,131,22,7,10.8193513200525,0,0.801526717557252,0.0473186119873817,0.0460618846694796,0.103221237249708,0,34.5,43.5
2014,REG+POST,00-0030547,,Denard Robinson,RB,RB,"https://static.www.nfl.com/image/private/f_auto,q_auto/league/qxucqizbxstsxgtv0jpn",13,JAX,0,1,0,0,0,0,0,0,0,1,0,0,-1.75463089696132,0,0.0,,135,582,4,2,2,23,-18.9708529554708,0,23,31,124,0,0,0,-82,201,6,-3.51192067278316,0,-1.51219512195122,0.0681318681318681,-0.027215399933621,0.0831470222442675,0,90.6,113.6
2014,REG+POST,00-0030549,T.Eifert,Tyler Eifert,TE,TE,"https://static.www.nfl.com/image/private/f_auto,q_auto/league/sextvbehmeu7ydutxtsu",1,CIN,0,0,0,0,0,0,0,0,0,0,0,0,,0,,,0,0,0,0,0,0,,0,3,3,37,0,0,0,29,8,2,1.6458177029136,0,1.27586206896552,0.0789473684210526,0.110687022900763,0.195901968662113,0,3.7,6.7
2014,REG+POST,00-0030550,,Ace Sanders,WR,WR,,6,JAX,0,0,0,0,0,0,0,0,0,0,0,0,,0,,,0,0,0,0,0,0,,0,6,7,55,0,0,0,26,24,1,-0.949935565760825,0,2.11538461538462,0.0315315315315315,0.0173333333333333,0.0594306306306306,0,5.5,11.5
2014,REG+POST,00-0030564,D.Hopkins,DeAndre Hopkins,WR,WR,"https://static.www.nfl.com/image/upload/f_auto,q_auto/league/jgatj8mtftu06pegapip",16,HOU,0,0,0,0,0,0,0,0,0,0,0,0,,0,,,0,0,0,0,0,0,,0,76,127,1210,6,2,1,1642,373,57,36.4734367001495,0,0.736906211936663,0.264583333333333,0.411425707842646,0.684872995489852,0,155.0,231.0
2014,REG+POST,00-0030565,G.Smith,Geno Smith,QB,QB,"https://static.www.nfl.com/image/private/f_auto,q_auto/league/bxp32udtvwnpu3rl2cht",14,NYJ,219,367,2525,13,13,28,175,3,1,3008,1206,118,-11.4634121496379,0,0.839428191489362,0.0378267798900463,59,238,1,5,2,17,-9.13947991471661,0,0,1,0,0,0,0,0,0,0,-1.32061038034407,0,,0.037037037037037,,,0,150.8,150.8
2014,REG+POST,00-0030578,C.Patterson,Cordarrelle Patterson,RB,RB,"https://static.www.nfl.com/image/private/f_auto,q_auto/league/gy2bb38cns4nxypehbqi",16,MIN,0,0,0,0,0,0,0,0,0,0,0,0,,0,,,10,117,1,0,0,4,4.6834833418252,0,33,67,384,1,0,0,651,159,20,-20.7189023663922,0,0.589861751152074,0.13871635610766,0.177577741407529,0.332378953146761,0,62.1,95.1
2014,REG+POST,00-0030586,R.Nassib,Ryan Nassib,QB,QB,"https://static.www.nfl.com/image/private/f_auto,q_auto/league/mwpobkoqx8dcyv4yin6n",2,NYG,4,5,60,0,0,2,11,1,0,19,43,2,-1.28099066950381,0,3.15789473684211,0.11252224787239,2,-3,0,0,0,0,0.0,0,0,0,0,0,0,0,0,0,0,,0,,,,,0,2.1,2.1
2014,REG+POST,00-0030647,,Jordan Thompson,TE,TE,,1,DET,0,0,0,0,0,0,0,0,0,0,0,0,,0,,,0,0,0,0,0,0,,0,0,1,0,0,0,0,7,0,0,-7.48746152280364,0,0.0,0.025,0.027027027027027,0.0564189189189189,0,0.0,0.0
2014,REG+POST,00-0030650,D.McDonald,Dewey McDonald,LB,LB,"https://static.www.nfl.com/image/private/f_auto,q_auto/league/fqi1y0yraftyqmhmu1s9",1,IND,0,0,0,0,0,0,0,0,0,0,0,0,,0,,,0,0,0,0,0,0,,0,0,1,0,0,0,0,16,0,0,-2.49500997137511,0,0.0,0.0227272727272727,0.0601503759398496,0.0761961722488038,0,0.0,0.0
2014,REG+POST,00-0030653,,Ray Agnew,RB,RB,,9,CLE,0,0,0,0,0,0,0,0,0,0,0,0,,0,,,2,2,0,0,0,1,0.198925852862885,0,3,9,15,0,0,0,41,10,1,-3.69098739192123,0,0.365853658536585,0.0342205323193916,0.0204386839481555,0.0656378772427963,0,1.7,4.7
2014,REG+POST,00-0030656,I.Crowell,Isaiah Crowell,RB,RB,"https://static.www.nfl.com/image/private/f_auto,q_auto/league/oruiw5myfimtssv6j2ar",15,CLE,0,0,0,0,0,0,0,0,0,0,0,0,,0,,,148,607,8,3,2,34,-9.99037693889113,0,9,14,87,0,0,0,33,68,4,-1.2229799804627,0,2.63636363636364,0.0576131687242798,0.01528485409912,0.0971191509558037,0,113.4,122.4
2014,REG+POST,00-0030661,C.Shaw,Connor Shaw,QB,QB,"https://static.www.nfl.com/image/private/f_auto,q_auto/league/wni9fjikvlbolbnhmcbw",1,CLE,14,28,177,0,1,4,27,0,0,250,117,10,-1.81277436999723,0,0.708,-0.0477121074531512,7,9,0,1,1,1,-5.79909181082621,0,0,0,0,0,0,0,0,0,0,,0,,,,,0,3.98,3.98
2014,REG+POST,00-0030668,C.West,Charcandrick West,RB,RB,"https://static.www.nfl.com/image/private/f_auto,q_auto/league/ccvw7oos9bzr4ojdiuac",1,KC,0,0,0,0,0,0,0,0,0,0,0,0,,0,,,0,0,0,0,0,0,,0,0,1,0,0,0,0,2,0,0,-1.44806514540687,0,0.0,0.032258064516129,0.0079365079365079,0.0539426523297491,0,0.0,0.0
2014,REG+POST,00-0030669,A.Wilson,Albert Wilson,WR,WR,"https://static.www.nfl.com/image/private/f_auto,q_auto/league/slythouwdcrug0poiios",7,KC,0,0,0,0,0,0,0,0,0,0,0,0,,0,,,0,0,0,0,0,0,,0,16,28,260,0,0,0,264,119,12,5.74297441548233,0,0.984848484848485,0.119148936170213,0.198645598194131,0.317775322991211,0,26.0,42.0
2014,REG+POST,00-0030671,I.Burse,Isaiah Burse,WR,WR,"https://static.www.nfl.com/image/private/f_auto,q_auto/league/bjzajklr8jusc5v60vzl",1,DEN,0,0,0,0,0,0,0,0,0,0,0,0,,0,,,0,0,0,0,0,0,,0,0,1,0,0,0,0,20,0,0,-0.888791702920571,0,0.0,0.037037037037037,0.0816326530612245,0.112698412698413,0,0.0,0.0
2014,REG+POST,00-0030705,J.Thompson,Juwan Thompson,RB,RB,"https://static.www.nfl.com/image/private/f_auto,q_auto/league/x1gerktg0cgy6em36vgl",12,DEN,0,0,0,0,0,0,0,0,0,0,0,0,,0,,,54,272,3,1,0,17,9.18308431259356,0,4,7,25,0,0,0,-3,21,0,-2.71377378138065,0,-8.33333333333333,0.0289256198347107,-0.0017045454545454,0.0421952479338843,0,47.7,51.7
2014,REG+POST,00-0030710,T.Burton,Trey Burton,TE,TE,"https://static.www.nfl.com/image/private/f_auto,q_auto/league/vt2ce0szit4ozyh5s5iw",2,PHI,0,0,0,0,0,0,0,0,0,0,0,0,,0,,,5,10,0,0,0,0,-2.69039378577145,0,0,0,0,0,0,0,0,0,0,,0,,,,,1,7.0,7.0
2014,REG+POST,00-0030737,F.Martino,Freddie Martino,WR,WR,"https://static.www.nfl.com/image/private/f_auto,q_auto/league/ztiguqllxmcbjynsqwn9",1,ATL,0,0,0,0,0,0,0,0,0,0,0,0,,0,,,0,0,0,0,0,0,,0,0,1,0,0,0,0,9,0,0,-0.40847399039194,0,0.0,0.0227272727272727,0.0314685314685315,0.0561188811188811,0,0.0,0.0
2014,REG+POST,00-0030780,R.Hewitt,Ryan Hewitt,TE,TE,"https://static.www.nfl.com/image/private/f_auto,q_auto/league/egbpiaml7idnpcxa1x8q",7,CIN,0,0,0,0,0,0,0,0,0,0,0,0,,0,,,1,0,0,0,0,0,-0.389274341636337,0,13,20,123,0,0,0,112,81,5,0.244570942537393,0,1.09821428571429,0.0966183574879227,0.0665873959571938,0.19153871340192,0,12.3,25.3
2014,REG+POST,00-0030789,,Antonio Andrews,RB,RB,"https://static.www.nfl.com/image/private/f_auto,q_auto/league/wwy4g14dflaelkretfzv",1,TEN,0,0,0,0,0,0,0,0,0,0,0,0,,0,,,0,0,0,0,0,0,,0,2,2,11,0,0,0,2,9,0,0.132914773945231,0,5.5,0.0666666666666667,0.0082304526748971,0.105761316872428,0,1.1,3.1
2014,REG+POST,00-0030806,,Nic Jacobs,TE,TE,,3,JAX,0,0,0,0,0,0,0,0,0,0,0,0,,0,,,0,0,0,0,0,0,,0,2,3,16,1,0,0,21,4,2,-7.5435027643689,0,0.761904761904762,0.0280373831775701,0.029045643153527,0.062388024973824,0,7.6,9.6
2014,REG+POST,00-0030821,A.Hurns,Allen Hurns,WR,WR,"https://static.www.nfl.com/image/private/f_auto,q_auto/league/ficrwzwu4bfswpzu61fv",16,JAX,0,0,0,0,0,0,0,0,0,0,0,0,,0,,,0,0,0,0,0,0,,0,51,97,677,6,0,0,1051,205,26,-6.29551346706528,0,0.644148430066603,0.175406871609403,0.26111801242236,0.445892916109757,0,103.7,154.7
2014,REG+POST,00-0030822,,Marcel Jensen,TE,TE,,1,JAX,0,0,0,0,0,0,0,0,0,0,0,0,,0,,,0,0,0,0,0,0,,0,1,1,8,0,0,0,5,3,0,-0.4925694570411,0,1.6,0.032258064516129,0.0181159420289855,0.0610682561944834,0,0.8,1.8
2014,REG+POST,00-0030832,A.Cleveland,Asante Cleveland,TE,TE,"https://static.www.nfl.com/image/private/f_auto,q_auto/league/jla4z1dsbqt6t2khi1t1",1,SF,0,0,0,0,0,0,0,0,0,0,0,0,,0,,,0,0,0,0,0,0,,0,0,1,0,0,0,0,4,0,0,-1.57219137996435,0,0.0,0.0526315789473684,0.0307692307692308,0.100485829959514,0,0.0,0.0
2014,REG+POST,00-0030839,,Solomon Patton,WR,WR,,1,TB,0,0,0,0,0,0,0,0,0,0,0,0,,0,,,1,19,0,0,0,1,1.15462353033945,0,0,0,0,0,0,0,0,0,0,,0,,,,,0,1.9,1.9
2014,REG+POST,00-0030855,,Zurlon Tipton,RB,RB,"https://static.www.nfl.com/image/private/f_auto,q_auto/league/d2zoqlarp9qvyvlmcxih",5,IND,0,0,0,0,0,0,0,0,0,0,0,0,,0,,,28,86,1,0,0,5,-10.5808507846141,0,9,13,90,1,0,0,4,91,6,-2.835618877667,0,22.5,0.0663265306122449,0.0024767801857585,0.101223542048398,0,29.6,38.6
2014,REG+POST,00-0030860,O.Darkwa,Orleans Darkwa,RB,RB,"https://static.www.nfl.com/image/private/f_auto,q_auto/league/tumagun0uid3uujm4kkg",4,NYG,0,0,0,0,0,0,0,0,0,0,0,0,,0,,,9,23,1,0,0,1,-5.37032220320543,0,5,6,48,0,0,0,1,41,2,2.50101377937244,0,48.0,0.0487804878048781,0.0010152284263959,0.0738813916057942,0,13.1,18.1
2014,REG+POST,00-0030865,,Gator Hoskins,TE,TE,,4,MIA,0,0,0,0,0,0,0,0,0,0,0,0,,0,,,0,0,0,0,0,0,,0,3,4,21,0,0,0,14,12,2,-4.55005895305658,0,1.5,0.027972027972028,0.0165094339622642,0.0535146457316269,0,2.1,5.1
2014,REG+POST,00-0030874,D.Williams,Damien Williams,RB,RB,"https://static.www.nfl.com/image/private/f_auto,q_auto/league/ga4vusnfwfvhp2ksqw7x",12,MIA,0,0,0,0,0,0,0,0,0,0,0,0,,0,,,36,122,0,0,0,6,-7.34293446457014,0,21,27,187,1,0,0,80,151,13,9.96750534809234,0,2.3375,0.0787172011661808,0.029940119760479,0.139033885581606,0,36.9,57.9
2014,REG+POST,00-0030897,C.Washington,Corey Washington,WR,WR,"https://static.www.nfl.com/image/private/f_auto,q_auto/league/ce8tzaiv0phol3srwykf",3,NYG,0,0,0,0,0,0,0,0,0,0,0,0,,0,,,0,0,0,0,0,0,,0,5,8,52,1,0,0,64,14,4,3.17220874023042,0,0.8125,0.0689655172413793,0.0668058455114822,0.150212367720107,0,11.2,16.2
2014,REG+POST,00-0030899,G.Gilliam,Garry Gilliam,OT,OL,"https://static.www.nfl.com/image/private/f_auto,q_auto/league/euek9fsawjricagf7mwu",1,SEA,0,0,0,0,0,0,0,0,0,0,0,0,,0,,,0,0,0,0,0,0,,0,1,1,19,1,0,0,19,0,1,4.42529469291912,0,1.0,0.0344827586206897,0.0536723163841808,0.089294759399961,0,7.9,8.9
2014,REG+POST,00-0030985,,Trey Watts,RB,RB,"https://static.www.nfl.com/image/private/f_auto,q_auto/league/dme8ddvrfgpnq53ywdzg",4,LA,0,0,0,0,0,0,0,0,0,0,0,0,,0,,,7,30,0,0,0,2,-0.48049433180131,0,3,4,18,0,0,0,8,15,2,0.143335265252972,0,2.25,0.0430107526881721,0.0117994100294985,0.072775716052907,0,4.8,7.8
2014,REG+POST,00-0030990,J.Huff,Josh Huff,WR,WR,"https://static.www.nfl.com/image/private/f_auto,q_auto/league/fbihlh4lbx3xco7v75yg",10,PHI,0,0,0,0,0,0,0,0,0,0,0,0,,0,,,1,7,0,0,0,1,-0.155208116164431,0,8,18,98,0,1,1,182,77,4,-14.3207026571617,0,0.538461538461538,0.0588235294117647,0.0663023679417122,0.134646951676846,1,14.5,22.5
2014,REG+POST,00-0030992,C.Gillmore,Crockett Gillmore,TE,TE,"https://static.www.nfl.com/image/private/f_auto,q_auto/league/wdnss99dxs771hd8ifpn",11,BAL,0,0,0,0,0,0,0,0,0,0,0,0,,0,,,0,0,0,0,0,0,,0,12,17,151,2,0,0,93,84,9,4.29439268133137,0,1.62365591397849,0.0454545454545455,0.0263381478334749,0.0866185216652506,0,27.1,39.1
2014,REG+POST,00-0030999,,Marion Grice,RB,RB,,7,ARI,0,1,0,0,0,0,0,0,0,15,0,0,-0.444401080196258,0,0.0,,16,42,2,0,0,4,-0.391729027731344,0,7,11,29,0,0,0,1,41,3,-7.72758052835997,0,29.0,0.0666666666666667,0.0005246589716684,0.100367261280168,0,19.1,26.1
2014,REG+POST,00-0031001,J.Janis,Jeff Janis,WR,WR,"https://static.www.nfl.com/image/private/f_auto,q_auto/league/fldhv9nvnmafss3r9tn2",1,GB,0,0,0,0,0,0,0,0,0,0,0,0,,0,,,0,0,0,0,0,0,,0,2,2,16,0,0,0,15,1,2,2.60051927017048,0,1.06666666666667,0.0909090909090909,0.0614754098360656,0.179396423248882,0,1.6,3.6
2014,REG+POST,00-0031008,,Silas Redd,RB,RB,,6,WAS,0,0,0,0,0,0,0,0,0,0,0,0,,0,,,16,75,1,1,0,6,2.37217166693881,0,8,10,107,0,0,0,7,103,5,5.57500947557855,0,15.2857142857143,0.0980392156862745,0.0187667560321716,0.160195552751932,0,24.2,32.2
2014,REG+POST,00-0031025,M.Campanaro,Michael Campanaro,WR,WR,"https://static.www.nfl.com/image/private/f_auto,q_auto/league/zpr9fkukakcfyfefypf7",5,BAL,0,0,0,0,0,0,0,0,0,0,0,0,,0,,,1,0,0,0,0,0,-1.56917033786885,0,11,13,141,1,0,0,101,56,7,11.3857702581472,0,1.3960396039604,0.0787878787878788,0.0617737003058104,0.161423408395885,0,20.1,31.1
2014,REG+POST,00-0031042,J.Amaro,Jace Amaro,TE,TE,"https://static.www.nfl.com/image/private/f_auto,q_auto/league/i68ljijl5jzg6tg8755p",13,NYJ,0,0,0,0,0,0,0,0,0,0,0,0,,0,,,0,0,0,0,0,0,,0,38,53,345,2,1,0,360,167,20,11.9636311416468,0,0.958333333333333,0.131188118811881,0.1040763226366,0.269635604063442,0,46.5,84.5
2014,REG+POST,00-0031044,T.Niklas,Troy Niklas,TE,TE,"https://static.www.nfl.com/image/private/f_auto,q_auto/league/cfkufqkxuqf9htsyqfxj",3,ARI,0,0,0,0,0,0,0,0,0,0,0,0,,0,,,0,0,0,0,0,0,,0,3,3,38,0,0,0,20,18,2,2.79119628854096,0,1.9,0.0297029702970297,0.0186046511627907,0.057577711259498,0,3.8,6.8
2014,REG+POST,00-0031045,C.Hyde,Carlos Hyde,RB,RB,"https://static.www.nfl.com/image/private/f_auto,q_auto/league/qpmv42ldpkpdf1gpgeua",14,SF,0,0,0,0,0,0,0,0,0,0,0,0,,0,,,83,333,4,1,1,16,-11.2440000223019,0,12,16,68,0,0,0,5,65,3,-4.54162452796746,0,13.6,0.0483383685800604,0.0015713387806411,0.0736074900165394,0,62.1,74.1
2014,REG+POST,00-0031051,J.Brown,John Brown,WR,WR,"https://static.www.nfl.com/image/private/f_auto,q_auto/league/xwyc2a0qfdxbbct6lso6",17,ARI,0,0,0,0,0,0,0,0,0,0,0,0,,0,,,3,-6,0,0,0,0,-3.26064056809992,0,52,108,730,5,0,0,1568,197,32,0.672980839999115,0,0.465561224489796,0.183361629881155,0.254504138938484,0.453195342078671,0,102.4,154.4
2014,REG+POST,00-0031053,,Jalen Saunders,WR,WR,,1,NO,0,0,0,0,0,0,0,0,0,0,0,0,,0,,,0,0,0,0,0,0,,0,1,1,7,0,0,0,4,3,0,0.171853575389832,0,1.75,0.0222222222222222,0.009685230024213,0.0401129943502825,0,0.7,1.7
2014,REG+POST,00-0031055,A.Williams,Andre Williams,RB,RB,"https://static.www.nfl.com/image/private/f_auto,q_auto/league/bkjjrp3sdtq2ubuzywyd",16,NYG,0,0,0,0,0,0,0,0,0,0,0,0,,0,,,217,721,7,1,0,30,-34.8196915534209,0,18,37,130,0,0,0,-22,147,6,-6.51977494565654,0,-5.90909090909091,0.0681399631675875,-0.0064896755162241,0.0976671718900243,0,127.1,145.1
2014,REG+POST,00-0031057,K.Carey,Ka'Deem Carey,RB,RB,"https://static.www.nfl.com/image/private/f_auto,q_auto/league/hxertoawlphk8ljtylct",10,CHI,0,0,0,0,0,0,0,0,0,0,0,0,,0,,,36,158,0,0,0,11,-2.23806310084183,0,5,6,57,0,0,0,18,43,2,1.91695027094102,0,3.16666666666667,0.0410958904109589,0.017458777885548,0.073864980136322,0,21.5,26.5
2014,REG+POST,00-0031060,D.Thomas,De'Anthony Thomas,WR,WR,"https://static.www.nfl.com/image/private/f_auto,q_auto/league/ubevvtu8f1snobsxnnwl",12,KC,0,0,0,0,0,0,0,0,0,0,0,0,,0,,,14,113,1,0,0,4,6.20511106582126,0,23,31,156,0,0,0,14,169,7,1.6381924100864,0,11.1428571428571,0.102649006622517,0.0089171974522293,0.160215548150335,1,38.9,61.9
2014,REG+POST,00-0031062,J.White,James White,RB,RB,"https://static.www.nfl.com/image/private/f_auto,q_auto/league/z1nnkmnstccnqya5d5ee",3,NE,0,0,0,0,0,0,0,0,0,0,0,0,,0,,,9,38,0,0,0,1,-1.60331679676892,0,5,5,23,0,0,0,-1,24,1,0.229120665346272,0,-23.0,0.0806451612903226,-0.0020408163265306,0.119539170506912,0,6.1,11.1
2014,REG+POST,00-0031064,T.Savage,Tom Savage,QB,QB,"https://static.www.nfl.com/image/private/f_auto,q_auto/league/ovqvn8ei0thwn7si83n8",2,HOU,10,19,127,0,1,1,5,0,0,222,33,6,-2.21830215863884,0,0.572072072072072,-0.0002856641078748,6,-6,0,2,1,0,-10.2503900208976,0,0,0,0,0,0,0,0,0,0,,0,,,,,0,0.48,0.48
2014,REG+POST,00-0031066,L.Taliaferro,Lorenzo Taliaferro,RB,RB,"https://static.www.nfl.com/image/private/f_auto,q_auto/league/kuwhpbnxob4eht6fndqh",10,BAL,0,0,0,0,0,0,0,0,0,0,0,0,,0,,,68,292,4,1,1,17,-7.43128518104807,0,8,10,114,0,0,0,39,94,4,1.92246328223188,0,2.92307692307692,0.0512820512820513,0.0246056782334385,0.0941470516864839,0,62.6,70.6
2014,REG+POST,00-0031068,R.Grant,Ryan Grant,WR,WR,"https://static.www.nfl.com/image/private/f_auto,q_auto/league/im7fnk7uti759btkrdok",5,WAS,0,0,0,0,0,0,0,0,0,0,0,0,,0,,,0,0,0,0,0,0,,0,7,15,68,0,0,0,170,23,4,-7.6116324760369,0,0.4,0.077319587628866,0.105263157894737,0.189663591969615,0,6.8,13.8
2014,REG+POST,00-0031075,A.Blue,Alfred Blue,RB,RB,"https://static.www.nfl.com/image/private/f_auto,q_auto/league/qt9zmmipmlcin4gxs8wt",16,HOU,0,0,0,0,0,0,0,0,0,0,0,0,,0,,,169,528,2,0,0,29,-24.4597638590203,0,15,18,113,1,0,0,40,75,7,6.41425298660761,0,2.825,0.0740740740740741,0.0230017251293847,0.12721231870168,1,88.1,103.1
2014,REG+POST,00-0031079,P.O'Donnell,Pat O'Donnell,P,SPEC,"https://static.www.nfl.com/image/upload/f_auto,q_auto/league/winapvs0xg8c3eaq2sak",1,CHI,0,0,0,0,0,0,0,0,0,0,0,0,,0,,,1,-12,0,1,0,0,-3.2827128979261,0,0,0,0,0,0,0,0,0,0,,0,,,,,0,-1.2,-1.2
2014,REG+POST,00-0031085,J.Prosch,Jay Prosch,RB,RB,"https://static.www.nfl.com/image/private/f_auto,q_auto/league/qfxm205gqvzzpy0z2oyw",3,HOU,0,0,0,0,0,0,0,0,0,0,0,0,,0,,,0,0,0,0,0,0,,0,1,4,24,0,0,0,13,17,1,-0.503109824436251,0,1.84615384615385,0.0353982300884956,0.0230088495575221,0.0692035398230089,0,2.4,3.4
2014,REG+POST,00-0031118,C.Brown,Corey Brown,WR,WR,"https://static.www.nfl.com/image/private/f_auto,q_auto/league/lgk5rlkpxd0vw28nhrrq",13,CAR,0,0,0,0,0,0,0,0,0,0,0,0,,0,,,8,95,0,0,0,3,6.02435839897953,0,26,47,357,2,0,0,649,65,16,11.0516164619253,0,0.550077041602465,0.113801452784504,0.167743602998191,0.288122701275489,1,63.2,89.2
2014,REG+POST,00-0031123,,Darrin Reaves,RB,RB,,5,CAR,0,0,0,0,0,0,0,0,0,0,0,0,,0,,,31,78,0,0,0,3,-8.87486014937167,0,5,8,31,0,0,0,-5,42,1,-2.74697615893092,0,-6.2,0.0516129032258065,-0.0036258158085569,0.0748812837727198,0,10.9,15.9
2014,REG+POST,00-0031187,,Robert Herron,WR,WR,,6,TB,0,0,0,0,0,0,0,0,0,0,0,0,,0,,,1,0,0,0,0,0,-0.429595655761659,0,6,12,58,1,0,0,69,26,3,0.470010373857804,0,0.840579710144928,0.075,0.0413421210305572,0.14143948472139,0,11.8,17.8
2014,REG+POST,00-0031209,S.Perry,Senorise Perry,RB,RB,"https://static.www.nfl.com/image/private/f_auto,q_auto/league/oswxcmdccm8me6v2n6ao",1,CHI,0,0,0,0,0,0,0,0,0,0,0,0,,0,,,0,0,0,0,0,0,,0,1,1,-1,0,0,0,-2,1,0,-0.673750663292594,0,0.5,0.0208333333333333,-0.0058651026392961,0.0271444281524927,0,-0.1,0.9
2014,REG+POST,00-0031228,T.Gabriel,Taylor Gabriel,WR,WR,"https://static.www.nfl.com/image/private/f_auto,q_auto/league/nc4aoax8j5mnnrjewu7p",16,CLE,0,0,0,0,0,0,0,0,0,0,0,0,,0,,,4,10,0,0,0,0,-1.09627206571167,0,36,72,621,1,0,0,1014,255,26,6.22641552747047,0,0.612426035502959,0.144288577154309,0.20175089534421,0.35765849247241,0,69.1,105.1
2014,REG+POST,00-0031235,O.Beckham,Odell Beckham,WR,WR,"https://static.www.nfl.com/image/private/f_auto,q_auto/league/etl34lkiscs2lpc4to2f",12,NYG,0,1,0,0,0,0,0,0,0,51,0,0,-0.485848294105381,0,0.0,,7,35,0,0,0,2,-2.4465181970736,0,91,130,1305,12,0,0,1496,486,57,70.1866050578308,0,0.872326203208556,0.281995661605206,0.380855397148676,0.689592270411882,0,206.0,297.0
2014,REG+POST,00-0031236,B.Cooks,Brandin Cooks,WR,WR,"https://static.www.nfl.com/image/private/f_auto,q_auto/league/wy6qidqm8jjp6buvu3lp",10,NO,0,0,0,0,0,0,0,0,0,0,0,0,,0,,,7,73,1,0,0,4,4.11254104337422,0,53,69,550,3,0,0,566,170,25,19.0237694653267,0,0.971731448763251,0.16747572815534,0.185452162516383,0.381030105994478,0,86.3,139.3
2014,REG+POST,00-0031237,T.Bridgewater,Teddy Bridgewater,QB,QB,"https://static.www.nfl.com/image/private/f_auto,q_auto/league/q5p8afhezmpvc1xbwibf",13,MIN,259,402,2919,15,12,39,249,3,0,3139,1442,137,-1.99909208679695,2,0.929913985345651,0.058037392404508,47,209,1,0,0,13,12.5873876754406,0,0,0,0,0,0,0,0,0,0,,0,,,,,0,183.66,183.66
2014,REG+POST,00-0031243,S.Johnson,Storm Johnson,RB,RB,"https://static.www.nfl.com/image/private/f_auto,q_auto/league/puhhpztc3ljne2hbds2w",5,JAX,0,0,0,0,0,0,0,0,0,0,0,0,,0,,,29,86,2,0,0,5,-5.59104067957378,0,1,1,-4,0,0,0,-4,0,0,-1.22585971828084,0,1.0,0.0222222222222222,-0.0123839009287926,0.0246646026831785,0,20.2,21.2
2014,REG+POST,00-0031257,P.Richardson,Paul Richardson,WR,WR,"https://static.www.nfl.com/image/private/f_auto,q_auto/league/jxsldwomavxfbs7gueqt",12,SEA,0,0,0,0,0,0,0,0,0,0,0,0,,0,,,0,0,0,0,0,0,,0,30,46,292,1,0,0,539,75,16,-1.88710475916459,0,0.541743970315399,0.137313432835821,0.193745506829619,0.341592004034465,0,35.2,65.2
2014,REG+POST,00-0031260,L.Thomas,Logan Thomas,TE,TE,"https://static.www.nfl.com/image/private/f_auto,q_auto/league/acm0ymhqdzqxdibwjphv",2,ARI,1,9,81,1,0,2,11,0,0,136,64,1,-2.7238815035671,0,0.595588235294118,-0.197593003787494,0,0,0,0,0,0,,0,0,0,0,0,0,0,0,0,0,,0,,,,,0,7.24,7.24
2014,REG+POST,00-0031266,,Zach Mettenberger,QB,QB,,7,TEN,107,179,1412,8,7,18,138,4,2,1537,659,56,-29.1788442503438,0,0.918672739102147,0.0119230726841974,5,4,0,0,0,1,1.48480472387746,0,0,0,0,0,0,0,0,0,0,,0,,,,,0,70.88,70.88
2014,REG+POST,00-0031273,C.Brate,Cameron Brate,TE,TE,"https://static.www.nfl.com/image/private/f_auto,q_auto/league/jhioqec65qy4z7s6w9a6",1,TB,0,0,0,0,0,0,0,0,0,0,0,0,,0,,,0,0,0,0,0,0,,0,1,1,17,0,0,0,13,4,1,1.44720104942098,0,1.30769230769231,0.0344827586206897,0.0469314079422383,0.0845761234906013,0,1.7,2.7
2014,REG+POST,00-0031277,B.Oliver,Branden Oliver,RB,RB,"https://static.www.nfl.com/image/private/f_auto,q_auto/league/wuvcmhjtwgqanezt6f79",14,LAC,0,0,0,0,0,0,0,0,0,0,0,0,,0,,,160,582,3,0,0,30,-23.2600979518795,0,36,45,271,1,0,0,-42,337,11,4.51329685373935,0,-6.45238095238095,0.105633802816901,-0.011781206171108,0.150203859905577,0,109.3,145.3
2014,REG+POST,00-0031280,D.Carr,Derek Carr,QB,QB,"https://static.www.nfl.com/image/private/f_auto,q_auto/league/cffbp9sqfioxa2jk2oqf",16,LV,348,599,3270,21,12,24,149,4,2,4664,1462,163,-61.50931025804,0,0.701114922813036,-0.0058482872830796,29,92,0,5,2,10,-11.1916342176846,0,0,1,0,0,0,0,17,0,0,-0.504617658210918,0,0.0,0.0188679245283019,0.0388127853881279,0.0554708365641423,0,192.0,192.0
2014,REG+POST,00-0031285,D.Freeman,Devonta Freeman,RB,RB,"https://static.www.nfl.com/image/private/f_auto,q_auto/league/vjhvfwypu1byxfo2uvki",16,ATL,0,0,0,0,0,0,0,0,0,0,0,0,,0,,,65,248,1,1,1,9,-25.7225562813585,0,30,37,225,1,0,0,76,170,8,0.585214127757354,0,2.96052631578947,0.0639032815198618,0.0165253315938247,0.10742265439547,0,57.3,87.3
2014,REG+POST,00-0031291,J.Wright,James Wright,WR,WR,"https://static.www.nfl.com/image/private/f_auto,q_auto/league/n4ultyvj4gsjijuq5qo4",10,CIN,0,0,0,0,0,0,0,0,0,0,0,0,,0,,,3,30,0,0,0,2,1.95933770685224,0,5,16,91,0,0,0,255,36,5,-3.08231551432982,0,0.356862745098039,0.0579710144927536,0.120738636363636,0.171473567193676,0,12.1,17.1
2014,REG+POST,00-0031299,J.Matthews,Jordan Matthews,TE,TE,"https://static.www.nfl.com/image/private/f_auto,q_auto/league/lzmaxofoalitaiiuchm7",16,PHI,0,0,0,0,0,0,0,0,0,0,0,0,,0,,,0,0,0,0,0,0,,0,67,103,872,8,0,0,905,387,42,38.147146471635,0,0.96353591160221,0.168300653594771,0.163741631988421,0.367070122784051,0,135.2,202.2
2014,REG+POST,00-0031301,J.Hill,Jeremy Hill,RB,RB,"https://static.www.nfl.com/image/private/f_auto,q_auto/league/rafvidcbp023aupumccx",17,CIN,0,0,0,0,0,0,0,0,0,0,0,0,,0,,,235,1171,10,4,2,64,4.34767423307779,0,27,32,215,0,1,0,-12,221,7,2.52322014775126,0,-17.9166666666667,0.0790123456790123,-0.0039512676983865,0.115752631129648,0,194.6,221.6
2014,REG+POST,00-0031302,C.Fiedorowicz,C.J. Fiedorowicz,TE,TE,"https://static.www.nfl.com/image/private/f_auto,q_auto/league/syuzjdnhzquetrf9jqvp",5,HOU,0,0,0,0,0,0,0,0,0,0,0,0,,0,,,0,0,0,0,0,0,,0,4,7,28,1,0,0,46,10,1,-0.360866481933044,0,0.608695652173913,0.0448717948717949,0.0356865787432118,0.0922882974279406,0,8.8,12.8
2014,REG+POST,00-0031310,D.Street,Devin Street,WR,WR,"https://static.www.nfl.com/image/private/f_auto,q_auto/league/y2xezm37npdrqvgrhuga",4,DAL,0,0,0,0,0,0,0,0,0,0,0,0,,0,,,0,0,0,0,0,0,,0,2,7,18,0,0,0,124,5,1,-4.36396436736686,0,0.145161290322581,0.0546875,0.100813008130081,0.152600355691057,0,1.8,3.8
2014,REG+POST,00-0031325,S.Watkins,Sammy Watkins,WR,WR,"https://static.www.nfl.com/image/private/f_auto,q_auto/league/nkqk4ac4uncxocqlgp2k",16,BUF,0,0,0,0,0,0,0,0,0,0,0,0,,0,,,2,8,0,0,0,1,0.0796749001601711,0,65,128,982,6,1,1,1702,344,47,17.0490715838154,0,0.576968272620447,0.223776223776224,0.412306201550388,0.624278676749607,0,133.0,198.0
2014,REG+POST,00-0031326,B.Ellington,Bruce Ellington,WR,WR,"https://static.www.nfl.com/image/private/f_auto,q_auto/league/qqlup3kfumh2ifrixmfn",7,SF,0,0,0,0,0,0,0,0,0,0,0,0,,0,,,6,28,1,0,0,2,2.73608063958818,0,6,12,62,2,0,0,101,33,5,5.41567276552087,0,0.613861386138614,0.0606060606060606,0.0569014084507042,0.130740076824584,0,27.0,33.0
2014,REG+POST,00-0031327,,Kevin Norwood,WR,WR,"https://static.www.nfl.com/image/private/f_auto,q_auto/league/l7maq8et7k8xcudhevwp",7,SEA,0,0,0,0,0,0,0,0,0,0,0,0,,0,,,0,0,0,0,0,0,,0,9,11,102,0,0,0,121,40,5,5.34283792052884,0,0.84297520661157,0.0531400966183575,0.0684389140271493,0.127617384746541,0,10.2,19.2
2014,REG+POST,00-0031332,F.Toussaint,Fitzgerald Toussaint,RB,RB,"https://static.www.nfl.com/image/private/f_auto,q_auto/league/rckiakioqzv7cjqaeg1d",3,BAL,0,0,0,0,0,0,0,0,0,0,0,0,,0,,,8,17,0,0,0,1,-1.06150658355909,0,4,7,20,0,0,0,-7,31,1,-3.2033460024104,0,-2.85714285714286,0.0542635658914729,-0.0055599682287529,0.0775033710770822,0,3.7,7.7
2014,REG+POST,00-0031339,D.Moncrief,Donte Moncrief,WR,WR,"https://static.www.nfl.com/image/private/f_auto,q_auto/league/iippulnxfyjgrlj2p5qw",17,IND,0,0,0,0,0,0,0,0,0,0,0,0,,0,,,4,17,0,0,0,0,1.32982943212846,0,37,61,530,4,0,0,813,217,19,24.8409358395729,0,0.651906519065191,0.0906389301634472,0.136914786123274,0.231798745531463,0,78.7,115.7
2014,REG+POST,00-0031344,C.Latimer,Cody Latimer,WR,WR,"https://static.www.nfl.com/image/private/f_auto,q_auto/league/whgchcrp9pqx0waocewu",3,DEN,0,0,0,0,0,0,0,0,0,0,0,0,,0,,,0,0,0,0,0,0,,0,2,4,23,0,0,0,45,16,1,1.66275772207882,0,0.511111111111111,0.0330578512396694,0.0495049504950495,0.0842402422060388,0,2.3,4.3
2014,REG+POST,00-0031345,J.Garoppolo,Jimmy Garoppolo,QB,QB,"https://static.www.nfl.com/image/private/f_auto,q_auto/league/dielobmypljj7e27eiob",5,NE,19,27,182,1,0,5,36,0,0,178,119,8,-6.82712504892136,0,1.02247191011236,0.0223753711839568,10,9,0,0,0,2,-4.84949218237307,0,0,0,0,0,0,0,0,0,0,,0,,,,,0,12.18,12.18
2014,REG+POST,00-0031359,K.Benjamin,Kelvin Benjamin,WR,WR,"https://static.www.nfl.com/image/private/f_auto,q_auto/league/ygtlhauauds9yoyatu5e",18,CAR,0,0,0,0,0,0,0,0,0,0,0,0,,0,,,0,0,0,0,0,0,,0,84,162,1116,11,1,1,2231,192,56,28.8714377333981,0,0.50022411474675,0.266447368421053,0.381302341480089,0.666582691667641,0,175.6,259.6
2014,REG+POST,00-0031367,G.Jackson,Gabe Jackson,G,OL,"https://static.www.nfl.com/image/private/f_auto,q_auto/league/ayii0hagj1u5f1kzuxqy",2,LV,0,0,0,0,0,0,0,0,0,0,0,0,,0,,,0,0,0,0,0,0,,0,2,2,-5,0,0,0,-1,-4,0,-1.42154452542309,0,0.0,0.0253164556962025,-0.002053388090349,0.0365373118810594,0,-0.5,1.5
2014,REG+POST,00-0031373,M.Bryant,Martavis Bryant,WR,WR,"https://static.www.nfl.com/image/private/f_auto,q_auto/league/davxza3iibzg7aw6c5jm",11,PIT,0,0,0,0,0,0,0,0,0,0,0,0,,0,,,4,18,0,0,0,0,0.164273039088584,0,31,58,610,9,0,0,985,200,19,26.3126313279327,0,0.619289340101523,0.133949191685912,0.251467960173602,0.37695135965039,0,116.8,147.8
2014,REG+POST,00-0031375,T.West,Terrance West,RB,RB,"https://static.www.nfl.com/image/private/f_auto,q_auto/league/vzmf3p3k4ywfa5vjn9za",14,CLE,0,0,0,0,0,0,0,0,0,0,0,0,,0,,,171,673,4,1,1,30,-13.4819071553065,0,11,13,64,1,0,0,23,53,3,-0.2737492013257,0,2.78260869565217,0.0476190476190476,0.0128276631344116,0.0804079356226596,0,101.7,112.7
2014,REG+POST,00-0031376,J.McKinnon,Jerick McKinnon,RB,RB,"https://static.www.nfl.com/image/private/f_auto,q_auto/league/yezxe2j778cndbhkxwez",11,MIN,0,0,0,0,0,0,0,0,0,0,0,0,,0,,,113,538,0,0,0,21,-4.77223390197162,0,27,41,135,0,0,0,-11,174,7,-14.0861252293812,0,-12.2727272727273,0.117142857142857,-0.0042000763650248,0.172774232258768,0,67.3,94.3
2014,REG+POST,00-0031381,D.Adams,Davante Adams,WR,WR,"https://static.www.nfl.com/image/private/f_auto,q_auto/league/grvqvmdzu2lsbgvqoxku",16,GB,0,0,0,0,0,0,0,0,0,0,0,0,,0,,,0,0,0,0,0,0,,0,46,80,570,4,0,0,815,253,28,11.4432093065919,0,0.699386503067485,0.147058823529412,0.180110497237569,0.346665583360416,0,81.0,127.0
2014,REG+POST,00-0031382,J.Landry,Jarvis Landry,WR,WR,"https://static.www.nfl.com/image/private/f_auto,q_auto/league/w2q9uwsjvgadwyvnvopb",16,MIA,0,0,0,0,0,0,0,0,0,0,0,0,,0,,,2,-4,0,0,0,0,-1.93265571584925,0,84,112,758,5,1,0,603,434,48,22.9860769432994,0,1.25704809286899,0.188870151770658,0.13088777946603,0.374926673282207,0,105.4,189.4
2014,REG+POST,00-0031384,R.Rodgers,Richard Rodgers,TE,TE,"https://static.www.nfl.com/image/private/f_auto,q_auto/league/l9zei9dkcmbml3q1nshk",15,GB,0,0,0,0,0,0,0,0,0,0,0,0,,0,,,0,0,0,0,0,0,,0,25,36,273,3,0,0,285,54,13,11.7116430053038,0,0.957894736842105,0.0721442885771543,0.0695461200585652,0.156898716906727,0,45.3,70.3
2014,REG+POST,00-0031387,E.Ebron,Eric Ebron,TE,TE,"https://static.www.nfl.com/image/private/f_auto,q_auto/league/uaxsxymncppase7ihczd",13,DET,0,0,0,0,0,0,0,0,0,0,0,0,,0,,,0,0,0,0,0,0,,0,28,50,269,1,0,0,463,143,14,4.10736830469396,0,0.580993520518359,0.106837606837607,0.12382990104306,0.246937340986552,0,32.9,60.9
2014,REG+POST,00-0031390,C.Sims,Charles Sims,RB,RB,"https://static.www.nfl.com/image/private/f_auto,q_auto/league/w1yff81pb8rfp9sytx5l",8,TB,0,0,0,0,0,0,0,0,0,0,0,0,,0,,,66,185,1,2,1,10,-15.6428321738786,0,19,27,190,0,0,0,21,197,6,-3.66786786242927,0,9.04761904761905,0.106299212598425,0.007774898185857,0.164891247627738,0,41.5,60.5
2014,REG+POST,00-0031391,,Tre Mason,RB,RB,,12,LA,0,0,0,0,0,0,0,0,0,0,0,0,,0,,,179,765,4,2,1,37,-25.7071986746884,0,16,26,148,1,0,0,-25,164,8,-1.75798541208496,0,-5.92,0.0787878787878788,-0.0102880658436214,0.110980172091283,0,119.3,135.3
2014,REG+POST,00-0031392,,Dri Archer,RB,RB,,11,PIT,0,0,0,0,0,0,0,0,0,0,0,0,,0,,,11,39,0,0,0,2,-2.27828871837119,0,10,14,38,0,0,0,5,36,0,-2.94688584486721,0,7.6,0.0395480225988701,0.0015146925174189,0.0603823186604984,0,7.7,17.7
2014,REG+POST,00-0031407,B.Bortles,Blake Bortles,QB,QB,"https://static.www.nfl.com/image/private/f_auto,q_auto/league/jvoui3bptgsfvgkz5e1b",14,JAX,280,475,2908,11,17,55,345,4,0,3326,1620,132,-111.9155851599,1,0.874323511725797,-0.0113383657459422,56,419,0,3,1,27,14.8942749780687,0,0,0,0,0,0,0,0,0,0,,0,,,,,0,168.22,168.22
2014,REG+POST,00-0031408,M.Evans,Mike Evans,WR,WR,"https://static.www.nfl.com/image/private/f_auto,q_auto/league/w6eq27k2xs8vawwgkzbl",15,TB,0,0,0,0,0,0,0,0,0,0,0,0,,0,,,0,0,0,0,0,0,,0,68,123,1051,12,0,0,1826,173,46,42.7004779071187,0,0.575575027382256,0.25050916496945,0.354907677356657,0.624199121603835,0,177.1,245.1
2014,REG+POST,00-0031409,,Johnny Manziel,QB,QB,"https://static.www.nfl.com/image/private/f_auto,q_auto/league/a0ql3eziqinxvo0szfhk",4,CLE,18,35,175,0,2,3,26,1,0,245,84,6,-15.8127582180199,0,0.714285714285714,-0.0298588386867413,9,29,1,0,0,1,-2.18149896315299,0,0,0,0,0,0,0,0,0,0,,0,,,,,0,11.9,11.9
2014,REG+POST,00-0031413,,Bishop Sankey,RB,RB,"https://static.www.nfl.com/image/private/f_auto,q_auto/league/igga9u3pw5h2rlcgs80c",16,TEN,0,0,0,0,0,0,0,0,0,0,0,0,,0,,,152,569,2,2,2,26,-26.1668824980213,0,18,23,133,0,0,0,-13,148,5,3.2398814545013,0,-10.2307692307692,0.0563725490196079,-0.0039597928723728,0.0817869685187508,0,78.2,96.2
2014,REG+POST,00-0031418,A.Seferian-Jenkins,Austin Seferian-Jenkins,TE,TE,"https://static.www.nfl.com/image/private/f_auto,q_auto/league/mvuoyejl5hzfzrkfezuj",9,TB,0,0,0,0,0,0,0,0,0,0,0,0,,0,,,0,0,0,0,0,0,,0,21,38,221,2,1,1,385,41,12,-8.72832675327663,0,0.574025974025974,0.116564417177914,0.110473457675753,0.252178046139898,0,32.1,53.1
2014,REG+POST,00-0031428,A.Robinson,Allen Robinson,WR,WR,"https://static.www.nfl.com/image/private/f_auto,q_auto/league/tucplhxtb3c626iekuzv",10,JAX,0,0,0,0,0,0,0,0,0,0,0,0,,0,,,0,0,0,0,0,0,,0,48,81,548,2,0,0,897,159,26,7.210412434824,1,0.610925306577481,0.229461756373938,0.372353673723537,0.604840206167382,0,68.8,116.8
2014,REG+POST,00-0031431,M.Lee,Marqise Lee,WR,WR,"https://static.www.nfl.com/image/private/f_auto,q_auto/league/drsesqqzwhkilsx51j4i",12,JAX,0,0,0,0,0,0,0,0,0,0,0,0,,0,,,3,9,0,0,0,1,-0.317868855432607,0,37,68,422,1,0,0,506,178,20,2.72330316724422,0,0.83399209486166,0.163069544364508,0.167494207216154,0.36185026159807,0,49.1,86.1
2014,REG+POST,00-0031450,,Josh Harris,RB,RB,"https://static.www.nfl.com/image/private/f_auto,q_auto/league/qal5jbwkbcmsctnnvjoi",3,PIT,0,0,0,0,0,0,0,0,0,0,0,0,,0,,,18,41,0,0,0,3,-5.11938973655924,0,2,2,6,0,0,0,-7,13,0,0.0209754235111177,0,-0.857142857142857,0.0416666666666667,-0.0152838427947598,0.0518013100436681,0,4.7,6.7
2015,REG,00-0007091,,Matt Hasselbeck,QB,QB,"https://static.www.nfl.com/image/private/f_auto,q_auto/league/t1nf9avoy2kauqwrvzza",8,IND,156,256,1690,9,5,16,101,3,2,1900,779,85,-0.113061250119471,0,0.889473684210526,0.0532866543954575,16,15,0,0,0,2,-5.87065162456101,0,0,0,0,0,0,0,0,0,0,,0,,,,,0,91.1,91.1
2015,REG,00-0010346,,Peyton Manning,QB,QB,"https://static.www.nfl.com/image/private/f_auto,q_auto/league/xpcd6auodk3w0vda6jal",10,DEN,198,331,2249,9,17,16,95,1,0,3112,967,110,-31.9566445348305,0,0.722686375321337,0.0200857908226328,6,-6,0,0,0,0,-3.61659660475561,0,0,0,0,0,0,0,0,0,0,,0,,,,,0,91.36,91.36
2015,REG,00-0018227,,Charles Woodson,FS,DB,"https://static.www.nfl.com/image/private/f_auto,q_auto/league/gohbupnj3mhletq96zzu",1,LV,0,0,0,0,0,0,0,0,0,0,0,0,,0,,,1,-3,0,0,0,0,-0.917857711145189,0,0,0,0,0,0,0,0,0,0,,0,,,,,0,-0.3,-0.3
2015,REG,00-0019596,T.Brady,Tom Brady,QB,QB,"https://static.www.nfl.com/image/private/f_auto,q_auto/league/q7dpdlxyu5rs05rgh1le",16,NE,402,624,4770,36,7,38,225,5,2,4915,2414,228,127.536179393097,0,0.970498474059003,0.124125934994546,34,53,3,1,0,14,6.76819016496302,0,1,1,36,0,0,0,7,29,1,3.12903063558042,0,5.14285714285714,0.0178571428571429,0.0122591943957968,0.0353671503627721,0,343.7,344.7
2015,REG,00-0020245,,Mike Vick,QB,QB,"https://static.www.nfl.com/image/private/f_auto,q_auto/league/hrg4riwhpjbijfovsjrk",5,PIT,40,66,371,2,1,10,53,1,0,631,193,14,-30.6447069808103,0,0.587955625990491,0.0300949913632818,20,99,0,1,0,4,-0.0041893732519895,0,0,0,0,0,0,0,0,0,0,,0,,,,,0,30.74,30.74
2015,REG,00-0020337,,Steve Smith,WR,WR,"https://static.www.nfl.com/image/private/f_auto,q_auto/league/k23e0b8cto93he9rt0zc",7,BAL,0,0,0,0,0,0,0,0,0,0,0,0,,0,,,0,0,0,0,0,0,,0,46,73,670,3,0,0,719,256,28,22.4175988474965,0,0.931849791376912,0.255244755244755,0.321844225604297,0.608158090790141,0,85.0,131.0
2015,REG,00-0020531,D.Brees,Drew Brees,QB,QB,"https://static.www.nfl.com/image/private/f_auto,q_auto/league/i20xlpzdmn7xubotijjd",15,NO,428,627,4870,32,11,31,235,5,2,4908,2382,228,105.543604274585,0,0.992257538712306,0.126569686612197,24,14,1,0,0,5,-6.81156835036336,0,0,0,0,0,0,0,0,0,0,,0,,,,,0,304.2,304.2
2015,REG,00-0020679,,Shaun Hill,QB,QB,"https://static.www.nfl.com/image/private/f_auto,q_auto/league/dn42ccbwrshm7uksyphy",3,MIN,2,7,15,0,0,1,11,0,0,59,9,0,-6.62935111951083,0,0.254237288135593,-0.10311566697846,4,-5,0,0,0,0,-2.4824962374405,0,0,0,0,0,0,0,0,0,0,,0,,,,,0,0.1,0.1
2015,REG,00-0021206,J.McCown,Josh McCown,QB,QB,"https://static.www.nfl.com/image/private/f_auto,q_auto/league/qcauc37wqjdaxdbq1evu",8,CLE,186,292,2109,12,4,23,137,6,4,2266,1014,96,15.662762937372,2,0.930714916151809,0.0890442077215796,20,98,1,3,2,8,-0.510607199266918,0,0,0,0,0,0,0,0,0,0,,0,,,,,0,132.16,132.16
2015,REG,00-0021429,C.Palmer,Carson Palmer,QB,QB,"https://static.www.nfl.com/image/private/f_auto,q_auto/league/belgna3tokxga0gjjmwk",16,ARI,342,537,4671,35,11,25,151,4,2,5765,1756,231,157.617546129436,0,0.810234171725932,0.19262432306415,25,24,1,2,0,4,-2.54829034634167,0,0,0,0,0,0,0,0,0,0,,0,,,,,0,309.24,309.24
2015,REG,00-0021547,A.Gates,Antonio Gates,TE,TE,"https://static.www.nfl.com/image/private/f_auto,q_auto/league/kndulvysinvn4tpvt0bc",11,LAC,0,0,0,0,0,0,0,0,0,0,0,0,,0,,,0,0,0,0,0,0,,0,56,85,630,5,0,0,696,239,33,22.3142432262655,0,0.905172413793103,0.185185185185185,0.194359117564926,0.413829160073226,0,93.0,149.0
2015,REG,00-0021678,,Tony Romo,QB,QB,"https://static.www.nfl.com/image/private/f_auto,q_auto/league/rdgaxf7djip2ovlkeqjk",4,DAL,83,121,884,5,7,6,35,1,1,859,426,46,-10.0504360752689,0,1.0291036088475,0.0732576473955914,4,13,0,0,0,1,0.799337724689394,0,0,0,0,0,0,0,0,0,0,,0,,,,,0,40.66,40.66
2015,REG,00-0022044,,Andre Johnson,WR,WR,,16,IND,0,0,0,0,0,0,0,0,0,0,0,0,,0,,,0,0,0,0,0,0,,0,41,77,503,4,0,0,792,147,31,14.2443456147356,0,0.63510101010101,0.127483443708609,0.151986183074266,0.2976154937149,0,74.3,115.3
2015,REG,00-0022084,,Anquan Boldin,WR,WR,"https://static.www.nfl.com/image/private/f_auto,q_auto/league/ajabgwxbliupgkwjbnut",14,SF,0,0,0,0,0,0,0,0,0,0,0,0,,0,,,0,0,0,0,0,0,,0,69,111,789,4,1,1,894,282,35,1.1817033421155,0,0.88255033557047,0.24235807860262,0.266626901282434,0.550175948801634,0,100.9,169.9
2015,REG,00-0022127,J.Witten,Jason Witten,TE,TE,"https://static.www.nfl.com/image/private/f_auto,q_auto/league/r7uafhtwuexuaty0nhsc",16,DAL,0,0,0,0,0,0,0,0,0,0,0,0,,0,,,0,0,0,0,0,0,,0,77,104,713,3,1,1,727,230,36,-2.55254434186617,0,0.980742778541953,0.200385356454721,0.180935788949726,0.427233086946889,0,87.3,164.3
2015,REG,00-0022414,,Malcom Floyd,WR,WR,"https://static.www.nfl.com/image/private/f_auto,q_auto/league/or8gm79eaonksxe8gl0t",15,LAC,0,0,0,0,0,0,0,0,0,0,0,0,,0,,,0,0,0,0,0,0,,0,30,69,561,3,1,1,1387,86,19,-1.71427213953814,0,0.404470079307859,0.109697933227345,0.306451612903226,0.379063028873276,0,72.1,102.1
2015,REG,00-0022427,,Wes Welker,WR,WR,"https://static.www.nfl.com/image/private/f_auto,q_auto/league/rgjwexzif36vncjfdwap",7,LA,0,0,0,0,0,0,0,0,0,0,0,0,,0,,,0,0,0,0,0,0,,0,13,22,102,0,0,0,119,50,5,-11.1192872927752,0,0.857142857142857,0.0944206008583691,0.063230605738576,0.185892325304557,0,10.2,23.2
2015,REG,00-0022736,,Steven Jackson,RB,RB,"https://static.www.nfl.com/image/private/f_auto,q_auto/league/abl5wejuf448xw3jtphm",2,NE,0,0,0,0,0,0,0,0,0,0,0,0,,0,,,21,50,1,0,0,4,-2.73732453590492,0,1,1,20,0,0,0,-3,23,1,2.19068587990478,0,-6.66666666666667,0.04,-0.0151515151515152,0.0493939393939394,0,13.0,14.0
2015,REG,00-0022787,M.Schaub,Matt Schaub,QB,QB,"https://static.www.nfl.com/image/private/f_auto,q_auto/league/mj2kh2nddxnw04ludcx0",2,BAL,52,80,540,3,4,3,27,0,0,554,213,28,-4.68589260541293,0,0.974729241877256,0.0479422967719781,4,10,0,0,0,1,-2.86091036355356,0,0,0,0,0,0,0,0,0,0,,0,,,,,0,26.6,26.6
2015,REG,00-0022803,E.Manning,Eli Manning,QB,QB,"https://static.www.nfl.com/image/private/f_auto,q_auto/league/w51tf8uedjftbr4qpaex",16,NYG,387,618,4432,35,14,27,157,8,3,4668,2086,204,56.8725628637994,0,0.949443016281062,0.0857237386677813,20,61,0,3,1,4,-9.59137430629926,0,0,0,0,0,0,0,0,0,0,,0,,,,,0,287.38,287.38
2015,REG,00-0022811,,Jerricho Cotchery,WR,WR,"https://static.www.nfl.com/image/private/f_auto,q_auto/league/hkq2dmfj7mbgbuejiloy",14,CAR,0,0,0,0,0,0,0,0,0,0,0,0,,0,,,1,16,0,0,0,1,1.07269074441865,0,39,54,485,3,0,0,451,196,26,30.547715450156,0,1.07538802660754,0.122448979591837,0.0982356785014158,0.252438444338746,0,68.1,107.1
2015,REG,00-0022864,L.McCown,Luke McCown,QB,QB,"https://static.www.nfl.com/image/private/f_auto,q_auto/league/pj2lbdhplppzlywlzsbr",2,NO,32,39,335,0,1,1,0,0,0,285,153,19,16.9404348327084,0,1.17543859649123,0.276387948632511,0,0,0,0,0,0,,0,0,0,0,0,0,0,0,0,0,,0,,,,,0,11.4,11.4
2015,REG,00-0022921,L.Fitzgerald,Larry Fitzgerald,WR,WR,"https://static.www.nfl.com/image/private/f_auto,q_auto/league/ycgjjaad5un42gy4pnga",16,ARI,0,0,0,0,0,0,0,0,0,0,0,0,,0,,,0,0,0,0,0,0,,0,109,145,1215,9,2,2,1238,462,65,54.3764655998987,0,0.981421647819063,0.263636363636364,0.205647840531561,0.539408033826638,0,171.5,280.5
2015,REG,00-0022924,B.Roethlisberger,Ben Roethlisberger,QB,QB,"https://static.www.nfl.com/image/private/f_auto,q_auto/league/vziogpnyp9d0xtpiuqhr",12,PIT,319,469,3938,21,16,20,141,1,0,4738,1463,174,95.2705065240163,8,0.831152384972562,0.17307864268339,15,29,0,1,0,4,-6.23553468705048,0,0,0,0,0,0,0,0,0,0,,0,,,,,0,228.42,228.42
2015,REG,00-0022942,P.Rivers,Philip Rivers,QB,QB,"https://static.www.nfl.com/image/private/f_auto,q_auto/league/voakyrtj34sghkwxaxxf",16,LAC,437,661,4792,29,13,40,264,2,2,4754,2618,226,65.9225631161492,2,1.00799326882625,0.10252516860564,17,28,0,2,0,2,-6.7976620784296,0,0,0,0,0,0,0,0,0,0,,0,,,,,0,284.48,284.48
2015,REG,00-0022943,B.Watson,Benjamin Watson,TE,TE,"https://static.www.nfl.com/image/private/f_auto,q_auto/league/dorymozpdnrllkqlfzpu",16,NO,0,0,0,0,0,0,0,0,0,0,0,0,,0,,,0,0,0,0,0,0,,0,74,110,825,6,1,1,985,241,42,43.2493113434979,0,0.83756345177665,0.165912518853695,0.189532422551472,0.381541474066573,0,116.5,190.5
2015,REG,00-0022999,J.Kuhn,John Kuhn,FB,RB,"https://static.www.nfl.com/image/private/f_auto,q_auto/league/nbcwgq2o0ymmx4czvr4b",9,GB,0,0,0,0,0,0,0,0,0,0,0,0,,0,,,9,28,2,0,0,3,1.45073471521027,0,6,10,56,0,0,0,-1,59,3,-0.526509428491504,0,-56.0,0.0377358490566038,-0.0005868544600938,0.0561929754628399,0,20.4,26.4
2015,REG,00-0023310,,Lance Moore,WR,WR,"https://static.www.nfl.com/image/private/f_auto,q_auto/league/bfjxc892mfkni8ywtheh",13,DET,0,0,0,0,0,0,0,0,0,0,0,0,,0,,,0,0,0,0,0,0,,0,29,43,337,4,1,1,421,59,20,9.18354128903593,0,0.800475059382423,0.0853174603174603,0.125223081499108,0.215632347525566,0,55.7,84.7
2015,REG,00-0023367,,Nate Washington,WR,WR,,13,HOU,0,0,0,0,0,0,0,0,0,0,0,0,,0,,,0,0,0,0,0,0,,0,47,94,658,4,0,0,1067,162,33,13.6290099254307,0,0.61668228678538,0.195833333333333,0.241566674213267,0.462846671949287,0,89.8,136.8
2015,REG,00-0023436,A.Smith,Alex Smith,QB,QB,"https://static.www.nfl.com/image/private/f_auto,q_auto/league/dpa5d1a8jj6jdymocjkx",16,KC,307,470,3486,20,7,45,235,2,0,3173,1920,154,30.3289055174843,2,1.09864481563189,0.0859308970073475,84,498,2,2,0,30,18.2609830042692,0,0,0,0,0,0,0,0,0,0,,0,,,,,0,271.24,271.24
2015,REG,00-0023459,A.Rodgers,Aaron Rodgers,QB,QB,"https://static.www.nfl.com/image/upload/f_auto,q_auto/league/jdcb4nomlc4rd6k5l6to",16,GB,347,572,3821,31,8,46,314,8,4,4629,1952,173,-7.69270513824812,4,0.825448260963491,0.072335714709899,58,344,1,0,0,20,15.710952200908,0,0,0,0,0,0,0,0,0,0,,0,,,,,0,301.24,301.24
2015,REG,00-0023462,,Roddy White,WR,WR,"https://static.www.nfl.com/image/private/f_auto,q_auto/league/f7dgklg6z49fbdltwuki",15,ATL,0,0,0,0,0,0,0,0,0,0,0,0,,0,,,0,0,0,0,0,0,,0,43,70,506,1,0,0,704,105,27,3.22162365140788,0,0.71875,0.120274914089347,0.155305537171851,0.289126247154316,0,56.6,99.6
2015,REG,00-0023465,,Heath Miller,TE,TE,"https://static.www.nfl.com/image/private/f_auto,q_auto/league/iqw8fry4hgfvegs9nfuf",15,PIT,0,0,0,0,0,0,0,0,0,0,0,0,,0,,,1,2,0,0,0,0,-0.450850964523852,0,60,81,535,2,0,0,465,212,29,18.9031019340509,1,1.1505376344086,0.148623853211009,0.08660830694729,0.283561594679617,0,67.7,127.7
2015,REG,00-0023496,,Vincent Jackson,WR,WR,"https://static.www.nfl.com/image/private/f_auto,q_auto/league/kdquag2thcfulvrs0cbz",10,TB,0,0,0,0,0,0,0,0,0,0,0,0,,0,,,0,0,0,0,0,0,,0,33,62,543,3,0,0,831,103,28,22.4044259808217,1,0.653429602888087,0.208053691275168,0.284491612461486,0.511224665635792,0,74.3,107.3
2015,REG,00-0023500,F.Gore,Frank Gore,RB,RB,"https://static.www.nfl.com/image/private/f_auto,q_auto/league/lxxkhd2suyalrbruzut7",16,IND,0,0,0,0,0,0,0,0,0,0,0,0,,0,,,260,967,6,4,3,44,-49.753162172623,0,34,58,267,1,0,0,-13,273,10,-0.511967734170327,0,-20.5384615384615,0.100869565217391,-0.0026141162276292,0.149474466466747,0,159.4,193.4
2015,REG,00-0023506,,Alex Smith,TE,TE,"https://static.www.nfl.com/image/private/f_auto,q_auto/league/zcpxncjwcm6ggoiqt6ub",2,WAS,0,0,0,0,0,0,0,0,0,0,0,0,,0,,,0,0,0,0,0,0,,0,0,2,0,0,0,0,7,0,0,-1.48246875673067,0,0.0,0.0277777777777778,0.0372340425531915,0.0677304964539007,0,0.0,0.0
2015,REG,00-0023564,D.Sproles,Darren Sproles,RB,RB,"https://static.www.nfl.com/image/private/f_auto,q_auto/league/gvj5ng27blmwuz170aeo",16,PHI,0,0,0,0,0,0,0,0,0,0,0,0,,0,,,83,317,3,0,0,21,3.74024588250904,0,55,83,388,1,1,0,119,359,19,-6.50213842810507,0,3.26050420168067,0.133870967741936,0.0280197786672946,0.220420296680009,2,106.5,161.5
2015,REG,00-0023578,D.Orlovsky,Dan Orlovsky,QB,QB,"https://static.www.nfl.com/image/private/f_auto,q_auto/league/vr8juuraecwssjnviglf",2,DET,22,40,201,1,1,0,0,0,0,312,82,13,0.103389190152866,0,0.644230769230769,-0.014811184979405,0,0,0,0,0,0,,0,0,0,0,0,0,0,0,0,0,,0,,,,,0,10.04,10.04
2015,REG,00-0023645,D.Anderson,Derek Anderson,QB,QB,"https://static.www.nfl.com/image/private/f_auto,q_auto/league/w191gsxivnqgdwgydka6",3,CAR,4,6,36,0,0,0,0,0,0,66,21,2,-0.0039785685657989,0,0.545454545454545,0.10432484128284,7,-2,0,1,0,0,-3.75192429800518,0,0,0,0,0,0,0,0,0,0,,0,,,,,0,1.24,1.24
2015,REG,00-0023662,M.Cassel,Matt Cassel,QB,QB,"https://static.www.nfl.com/image/private/f_auto,q_auto/league/n1ucqggyu5hlsqzuv5gj",8,DAL,119,204,1276,5,7,14,86,2,0,1630,571,54,-37.7267825599868,1,0.782822085889571,0.0032375531663669,15,78,0,2,0,4,3.38746637667646,0,0,0,0,0,0,0,0,0,0,,0,,,,,0,66.84,66.84
2015,REG,00-0023682,R.Fitzpatrick,Ryan Fitzpatrick,QB,QB,"https://static.www.nfl.com/image/private/f_auto,q_auto/league/pkhhxwplsawnhln9rsun",16,NYJ,335,562,3905,31,15,19,94,2,2,5173,1800,196,72.5082973959145,0,0.754881113473806,0.0941911173047384,60,270,2,3,0,21,11.0673276903005,0,0,0,0,0,0,0,0,0,0,,0,,,,,0,285.2,285.2
2015,REG,00-0023752,,Daniel Fells,TE,TE,"https://static.www.nfl.com/image/private/f_auto,q_auto/league/lhecgqac5nourex1czfo",2,NYG,0,0,0,0,0,0,0,0,0,0,0,0,,0,,,0,0,0,0,0,0,,0,6,7,60,0,0,0,25,37,4,3.26112458208809,0,2.4,0.107692307692308,0.0569476082004556,0.20140178727878,0,6.0,12.0
2015,REG,00-0023894,D.Penn,Donald Penn,T,OL,"https://static.www.nfl.com/image/private/f_auto,q_auto/league/lbarhx9omymxl236etax",1,LV,0,0,0,0,0,0,0,0,0,0,0,0,,0,,,0,0,0,0,0,0,,0,1,1,3,0,0,0,-7,10,0,-0.388085463084281,0,0.0,0.0256410256410256,-0.0262172284644195,0.0201094785364448,0,0.3,1.3
2015,REG,00-0023921,,Miles Austin,WR,WR,"https://static.www.nfl.com/image/private/f_auto,q_auto/league/tuwhvxan7v0gisbei4an",11,PHI,0,0,0,0,0,0,0,0,0,0,0,0,,0,,,0,0,0,0,0,0,,0,13,31,224,1,0,0,413,62,9,-6.64233109424593,0,0.542372881355932,0.0729411764705882,0.14390243902439,0.210143472022956,0,28.4,41.4
2015,REG,00-0024204,,Fred Jackson,RB,RB,"https://static.www.nfl.com/image/private/f_auto,q_auto/league/ibu4ltouiplhatsn4ptq",15,SEA,0,0,0,0,0,0,0,0,0,0,0,0,,0,,,26,100,0,0,0,5,-4.78485358122271,0,32,41,257,2,1,1,71,256,12,9.2097888506555,0,3.61971830985916,0.0921348314606742,0.0197167453485143,0.152003968934971,0,45.7,77.7
2015,REG,00-0024217,,Reggie Bush,RB,RB,"https://static.www.nfl.com/image/private/f_auto,q_auto/league/z2m2heolqx9sgobdks9v",5,SF,0,0,0,0,0,0,0,0,0,0,0,0,,0,,,8,28,0,0,0,0,-4.26617127364031,0,4,10,19,0,0,0,30,23,1,-8.05456144702805,0,0.633333333333333,0.0862068965517242,0.0337837837837838,0.152958993476235,0,4.7,8.7
2015,REG,00-0024221,V.Davis,Vernon Davis,TE,TE,"https://static.www.nfl.com/image/private/f_auto,q_auto/league/so5ywayfeeu4zeijln5m",13,DEN,0,0,0,0,0,0,0,0,0,0,0,0,,0,,,0,0,0,0,0,0,,0,38,58,395,0,0,0,559,143,21,0.295488977865376,0,0.706618962432916,0.128318584070796,0.158806818181818,0.303642648833467,0,39.5,77.5
2015,REG,00-0024226,J.Cutler,Jay Cutler,QB,QB,"https://static.www.nfl.com/image/private/f_auto,q_auto/league/ks6n7gvw4vccihlse6bn",15,CHI,311,483,3659,21,11,29,150,6,5,4044,1736,171,27.5745444495175,1,0.904797230464886,0.106328637193383,38,201,1,2,0,16,5.47603540083628,0,0,0,0,0,0,0,0,0,0,,0,,,,,0,226.46,226.46
2015,REG,00-0024242,,DeAngelo Williams,RB,RB,"https://static.www.nfl.com/image/private/f_auto,q_auto/league/oky9ooitgqa1fgwdll6b",16,PIT,0,0,0,0,0,0,0,0,0,0,0,0,,0,,,200,907,11,3,1,51,-2.19260668648736,0,40,47,367,0,0,0,17,368,15,6.98248675287065,1,21.5882352941177,0.0971074380165289,0.0041738276454701,0.148582836376623,0,193.4,233.4
2015,REG,00-0024243,M.Lewis,Marcedes Lewis,TE,TE,"https://static.www.nfl.com/image/private/f_auto,q_auto/league/ppq07tipygpftz5csipx",15,JAX,0,0,0,0,0,0,0,0,0,0,0,0,,0,,,0,0,0,0,0,0,,0,16,37,226,0,0,0,255,161,8,-19.3200683181902,0,0.886274509803922,0.0658362989323843,0.0484422492401216,0.132664022866662,0,22.6,38.6
2015,REG,00-0024264,K.Clemens,Kellen Clemens,QB,QB,"https://static.www.nfl.com/image/private/f_auto,q_auto/league/pxungqbhh61ov73tzaxk",2,LAC,5,6,63,1,0,0,0,0,0,84,4,4,7.16460839501815,0,0.75,0.58259541675517,1,-1,0,0,0,0,-2.75969580991659,0,0,0,0,0,0,0,0,0,0,,0,,,,,0,6.42,6.42
2015,REG,00-0024267,,Greg Jennings,WR,WR,"https://static.www.nfl.com/image/private/f_auto,q_auto/league/jiemkcfkc893pfova8xv",12,MIA,0,0,0,0,0,0,0,0,0,0,0,0,,0,,,0,0,0,0,0,0,,0,19,36,208,1,0,0,338,71,7,-3.44506672088279,0,0.615384615384615,0.08,0.0855912889339073,0.179913902253735,0,26.8,45.8
2015,REG,00-0024268,A.Fasano,Anthony Fasano,TE,TE,"https://static.www.nfl.com/image/private/f_auto,q_auto/league/twcrap9uhjbazmplq5x3",14,TEN,0,0,0,0,0,0,0,0,0,0,0,0,,0,,,0,0,0,0,0,0,,0,26,42,289,2,0,0,275,151,16,8.92974630484241,0,1.05090909090909,0.0858895705521472,0.0622453598913536,0.172406107752168,0,40.9,66.9
2015,REG,00-0024279,,Tarvaris Jackson,QB,QB,"https://static.www.nfl.com/image/private/f_auto,q_auto/league/bqukmeneztibnhrjko0q",4,SEA,4,6,37,0,0,1,6,0,0,22,23,3,1.35953375202371,0,1.68181818181818,0.102734848667899,8,-8,0,0,0,0,-6.76970049715601,0,0,0,0,0,0,0,0,0,0,,0,,,,,0,0.68,0.68
2015,REG,00-0024296,,Charlie Whitehurst,QB,QB,,4,IND,16,32,150,0,1,5,28,0,0,277,92,9,-14.4437997555942,0,0.541516245487365,-0.040026320060107,2,1,0,0,0,1,1.78024707920849,0,0,0,0,0,0,0,0,0,0,,0,,,,,0,4.1,4.1
2015,REG,00-0024313,,Owen Daniels,TE,TE,"https://static.www.nfl.com/image/private/f_auto,q_auto/league/ktxkz5tzddboxst5xfh8",16,DEN,0,0,0,0,0,0,0,0,0,0,0,0,,0,,,0,0,0,0,0,0,,0,46,77,517,3,0,0,528,265,27,3.72052429362316,0,0.979166666666667,0.127483443708609,0.0956695053451712,0.258193819304534,0,69.7,115.7
2015,REG,00-0024324,,Jason Avant,WR,WR,"https://static.www.nfl.com/image/private/f_auto,q_auto/league/nnis5ib42eoeu8bjjpdc",10,KC,0,0,0,0,0,0,0,0,0,0,0,0,,0,,,0,0,0,0,0,0,,0,15,24,119,0,0,0,149,49,5,1.09765241687548,0,0.798657718120805,0.0789473684210526,0.0680676107811786,0.166068380178404,0,11.9,26.9
2015,REG,00-0024334,B.Marshall,Brandon Marshall,WR,WR,"https://static.www.nfl.com/image/private/f_auto,q_auto/league/jhziqh0scfksvxen6f3s",16,NYJ,0,0,0,0,0,0,0,0,0,0,0,0,,0,,,0,0,0,0,0,0,,0,109,173,1502,14,3,2,2102,438,76,56.8884836165094,0,0.714557564224548,0.287375415282392,0.379148629148629,0.696467163327629,0,230.2,339.2
2015,REG,00-0024389,De.Walker,Delanie Walker,TE,TE,"https://static.www.nfl.com/image/private/f_auto,q_auto/league/diknegkpqy0qnri7877z",15,TEN,0,0,0,0,0,0,0,0,0,0,0,0,,0,,,1,36,0,0,0,1,2.64273911877535,0,94,133,1088,6,0,0,1164,384,52,31.9329563749592,1,0.934707903780069,0.262845849802372,0.262398557258792,0.577947764784712,0,150.4,244.4
2015,REG,00-0024417,S.Koch,Sam Koch,P,SPEC,"https://static.www.nfl.com/image/private/f_auto,q_auto/league/dw34lcf6qit1i1knjhpv",2,BAL,1,1,-3,0,0,0,0,0,0,-6,3,0,-3.6138413445442,0,0.0,,1,7,0,0,0,0,-2.3018558077747,0,0,0,0,0,0,0,0,0,0,,0,,,,,0,0.58,0.58
2015,REG,00-0024466,,Marques Colston,WR,WR,"https://static.www.nfl.com/image/private/f_auto,q_auto/league/hnnuo9nfwzwlakr2srdq",13,NO,0,0,0,0,0,0,0,0,0,0,0,0,,0,,,0,0,0,0,0,0,,0,45,67,520,4,0,0,572,192,26,14.4685903417577,0,0.909090909090909,0.122710622710623,0.135931558935361,0.279218025320687,0,76.0,121.0
2015,REG,00-0024535,E.Weems,Eric Weems,WR,WR,"https://static.www.nfl.com/image/private/f_auto,q_auto/league/kptsfekcpfukewtim9kz",2,ATL,0,0,0,0,0,0,0,0,0,0,0,0,,0,,,1,4,0,0,0,0,-0.478133021388203,0,1,1,11,0,0,0,6,5,1,1.11209612293169,0,1.83333333333333,0.0222222222222222,0.0222222222222222,0.0488888888888889,0,1.5,2.5
2015,REG,00-0024813,,Pierre Thomas,RB,RB,"https://static.www.nfl.com/image/private/f_auto,q_auto/league/w58uf8rmlucv7qagwrfv",4,WAS,0,0,0,0,0,0,0,0,0,0,0,0,,0,,,15,64,0,0,0,3,0.788760075054597,0,9,11,84,0,0,0,19,63,4,3.09325033903588,0,4.42105263157895,0.106796116504854,0.0290519877675841,0.18053056619459,0,14.8,23.8
2015,REG,00-0025389,,Calvin Johnson,WR,WR,"https://static.www.nfl.com/image/private/f_auto,q_auto/league/z6dxib9sientn4m9cljh",16,DET,0,0,0,0,0,0,0,0,0,0,0,0,,0,,,0,0,0,0,0,0,,0,88,149,1214,9,1,0,1934,296,65,39.5890621945715,0,0.627714581178904,0.239549839228296,0.471707317073171,0.689519880793663,0,175.4,263.4
2015,REG,00-0025394,A.Peterson,Adrian Peterson,RB,RB,"https://static.www.nfl.com/image/private/f_auto,q_auto/league/ug2ua3skqc9f6vkbowxc",16,MIN,0,0,0,0,0,0,0,0,0,0,0,0,,0,,,327,1485,11,6,3,71,-15.8610064611714,0,30,36,222,0,1,0,-11,259,8,0.412419578290077,0,-20.1818181818182,0.0902255639097744,-0.004010207801677,0.132531200403488,0,230.7,260.7
2015,REG,00-0025396,T.Ginn,Ted Ginn,WR,WR,"https://static.www.nfl.com/image/private/f_auto,q_auto/league/o4m4txrv9l7odyebnea4",14,CAR,0,0,0,0,0,0,0,0,0,0,0,0,,0,,,4,60,0,0,0,2,3.15745969640557,0,44,96,739,10,0,0,1539,241,36,17.0104094623015,0,0.480181936322287,0.217687074829932,0.326959847036329,0.555402505170328,0,139.9,183.9
2015,REG,00-0025399,M.Lynch,Marshawn Lynch,RB,RB,"https://static.www.nfl.com/image/private/f_auto,q_auto/league/ddhpebfqtr9yxsnbx9ht",7,SEA,0,0,0,0,0,0,0,0,0,0,0,0,,0,,,111,417,3,0,0,29,-13.945017139602,1,13,21,80,0,0,0,3,87,5,-12.6241055472815,0,26.6666666666667,0.115384615384615,0.0018645121193287,0.174382081560453,0,69.7,82.7
2015,REG,00-0025410,,Dwayne Bowe,WR,WR,"https://static.www.nfl.com/image/private/f_auto,q_auto/league/ihvktvkw198qeclu6mtk",7,CLE,0,0,0,0,0,0,0,0,0,0,0,0,,0,,,0,0,0,0,0,0,,0,5,13,53,0,0,0,182,14,3,-3.45727898104815,0,0.291208791208791,0.0550847457627119,0.0950391644908616,0.149154533787671,0,5.3,10.3
2015,REG,00-0025418,G.Olsen,Greg Olsen,TE,TE,"https://static.www.nfl.com/image/private/f_auto,q_auto/league/jevf1bubmrv2vvmiwq3r",16,CAR,0,0,0,0,0,0,0,0,0,0,0,0,,0,,,0,0,0,0,0,0,,0,77,124,1104,7,1,1,1292,344,52,43.5126854908524,0,0.854489164086687,0.251012145748988,0.250679084206442,0.551993577567991,0,150.4,227.4
2015,REG,00-0025430,D.Stanton,Drew Stanton,QB,QB,"https://static.www.nfl.com/image/private/f_auto,q_auto/league/di5hc0mwbomreqx7ojbu",6,ARI,11,25,104,0,2,2,8,0,0,319,26,6,-15.1522864884464,0,0.326018808777429,-0.0503997196468198,13,-13,0,0,0,0,-6.79536890308373,0,0,0,0,0,0,0,0,0,0,,0,,,,,0,-1.14,-1.14
2015,REG,00-0025464,,Matt Spaeth,TE,TE,"https://static.www.nfl.com/image/private/f_auto,q_auto/league/wywcnns8be7rzlrwnjwh",3,PIT,0,0,0,0,0,0,0,0,0,0,0,0,,0,,,0,0,0,0,0,0,,0,2,3,10,0,0,0,13,8,1,-0.309192205371801,0,0.769230769230769,0.0236220472440945,0.0089779005524861,0.0417176012528821,0,1.0,3.0
2015,REG,00-0025465,,James Jones,WR,WR,,16,GB,0,0,0,0,0,0,0,0,0,0,0,0,,0,,,0,0,0,0,0,0,,0,50,99,890,8,1,0,1491,221,39,31.5112742879428,2,0.596914822266935,0.175221238938053,0.324978204010462,0.490316601214403,0,141.0,191.0
2015,REG,00-0025516,,Scott Chandler,TE,TE,"https://static.www.nfl.com/image/private/f_auto,q_auto/league/zktr2miqzub2buwa19x7",12,NE,0,0,0,0,0,0,0,0,0,0,0,0,,0,,,0,0,0,0,0,0,,0,23,42,259,4,0,0,429,72,14,10.6141523401947,0,0.603729603729604,0.0836653386454183,0.109915449654112,0.202438822726006,0,49.9,72.9
2015,REG,00-0025549,B.Celek,Brent Celek,TE,TE,"https://static.www.nfl.com/image/private/f_auto,q_auto/league/mit6ahic4gkdhy1hkejt",12,PHI,0,0,0,0,0,0,0,0,0,0,0,0,,0,,,0,0,0,0,0,0,,0,27,35,398,3,1,0,299,169,21,22.0989213158027,0,1.33110367892977,0.0726141078838174,0.0987450462351387,0.178042694190323,0,57.8,84.8
2015,REG,00-0025637,,Ahmad Bradshaw,RB,RB,"https://static.www.nfl.com/image/private/f_auto,q_auto/league/vlgcz2so2urjgowxz3tz",6,IND,0,0,0,0,0,0,0,0,0,0,0,0,,0,,,31,85,0,0,0,5,-7.0358359659497,0,10,14,64,3,0,0,11,54,5,4.45005715457955,0,5.81818181818182,0.0578512396694215,0.0059491617090319,0.0909412727004546,0,32.9,42.9
2015,REG,00-0025708,M.Moore,Matt Moore,QB,QB,"https://static.www.nfl.com/image/private/f_auto,q_auto/league/h04zarfikqlgerdftbgp",1,MIA,1,1,14,0,0,0,0,0,0,5,9,1,1.98970692406874,0,2.8,,3,-2,0,0,0,0,-4.14882387977559,0,0,0,0,0,0,0,0,0,0,,0,,,,,0,0.36,0.36
2015,REG,00-0026008,,Matthew Mulligan,TE,TE,"https://static.www.nfl.com/image/private/f_auto,q_auto/league/okuwvdnxk6weqzz3tglf",1,BUF,0,0,0,0,0,0,0,0,0,0,0,0,,0,,,0,0,0,0,0,0,,0,1,1,2,0,0,0,-1,3,0,-0.289080474060029,0,0.0,0.0333333333333333,-0.003831417624521,0.0473180076628353,0,0.2,1.2
2015,REG,00-0026019,D.Woodhead,Danny Woodhead,RB,RB,"https://static.www.nfl.com/image/private/f_auto,q_auto/league/gorlqe0etvc8ek5wob7j",16,LAC,0,0,0,0,0,0,0,0,0,0,0,0,,0,,,98,336,3,0,0,21,-14.0991638717349,0,80,106,755,6,0,0,79,713,39,12.5497711849399,0,9.55696202531646,0.160849772382398,0.0170773886727194,0.2532288306445,0,163.1,243.1
2015,REG,00-0026035,D.Amendola,Danny Amendola,WR,WR,"https://static.www.nfl.com/image/private/f_auto,q_auto/league/etz06w7s0ardf49mnayz",14,NE,1,1,36,0,0,0,0,0,0,7,29,1,3.12903063558042,0,5.14285714285714,,2,11,0,0,0,0,0.369487597374246,0,65,87,648,3,0,0,593,264,32,17.5624241378261,0,1.09274873524452,0.157894736842105,0.139990557129367,0.334835495253715,0,85.34,150.34
2015,REG,00-0026069,M.Tolbert,Mike Tolbert,FB,RB,"https://static.www.nfl.com/image/private/f_auto,q_auto/league/frwhwdhbcteyg7xjha7a",16,CAR,0,0,0,0,0,0,0,0,0,0,0,0,,0,,,62,256,1,0,0,18,0.0512058040943284,0,18,23,154,3,0,0,26,136,8,7.27915142587479,0,5.92307692307692,0.063013698630137,0.0075625363583478,0.099814323396049,0,65.0,83.0
2015,REG,00-0026143,M.Ryan,Matt Ryan,QB,QB,"https://static.www.nfl.com/image/private/f_auto,q_auto/league/s6zam4ekrrnonsck6vak",16,ATL,407,614,4591,21,16,30,206,8,3,4741,1835,229,79.6613424319076,1,0.968361105252056,0.0957746609148208,36,63,0,3,2,8,-32.1199242253206,0,0,0,0,0,0,0,0,0,0,,0,,,,,0,233.94,233.94
2015,REG,00-0026144,D.McFadden,Darren McFadden,RB,RB,"https://static.www.nfl.com/image/private/f_auto,q_auto/league/bfvionxxsfckmjqtw4kv",16,DAL,0,1,0,0,0,0,0,0,0,18,0,0,-0.360914252931252,0,0.0,,239,1089,3,3,2,52,-13.1756081658274,0,40,53,328,0,0,0,-4,317,12,-10.1604168496262,1,-82.0,0.113490364025696,-0.0011865915158706,0.169404931977434,0,157.7,197.7
2015,REG,00-0026153,J.Stewart,Jonathan Stewart,RB,RB,"https://static.www.nfl.com/image/private/f_auto,q_auto/league/dzvxfj3xrgnzc3jbag2n",13,CAR,0,0,0,0,0,0,0,0,0,0,0,0,,0,,,242,989,6,3,2,42,-14.7327927739313,0,16,21,99,1,0,0,-14,117,5,2.1562381830785,0,-7.07142857142857,0.06,-0.0042852770125497,0.0870003060912152,0,146.8,162.8
2015,REG,00-0026158,J.Flacco,Joe Flacco,QB,QB,"https://static.www.nfl.com/image/upload/f_auto,q_auto/league/yxvyoeojkif7tnfviamc",10,BAL,266,413,2791,14,12,16,124,2,2,3039,1487,123,6.08736031458182,1,0.918394208621257,0.0548172007414218,13,23,3,3,0,6,-2.66000136366347,0,0,0,0,0,0,0,0,0,0,,0,,,,,0,161.94,161.94
2015,REG,00-0026164,C.Johnson,Chris Johnson,RB,RB,"https://static.www.nfl.com/image/private/f_auto,q_auto/league/ryf9nc84eovvdbf0cz79",11,ARI,0,0,0,0,0,0,0,0,0,0,0,0,,0,,,196,814,3,2,2,31,-22.2800945531344,0,6,13,58,0,0,0,39,63,1,-3.07961965934373,0,1.48717948717949,0.0452961672473868,0.0163727959697733,0.0794052080499214,0,101.2,107.2
2015,REG,00-0026182,,Eddie Royal,WR,WR,"https://static.www.nfl.com/image/private/f_auto,q_auto/league/xoejgvlit9inmaazsvk4",9,CHI,0,0,0,0,0,0,0,0,0,0,0,0,,0,,,1,-1,0,0,0,0,-0.701069402275607,0,37,50,238,1,0,0,186,177,9,-7.13922879976783,0,1.27956989247312,0.169491525423729,0.0779220779220779,0.308782742681048,0,29.7,66.7
2015,REG,00-0026184,M.Forte,Matt Forte,RB,RB,"https://static.www.nfl.com/image/private/f_auto,q_auto/league/olqssssjykcx7tx7xsy3",13,CHI,0,0,0,0,0,0,0,0,0,0,0,0,,0,,,218,898,4,1,1,46,-15.7296146593222,0,44,58,389,3,1,0,112,351,17,4.89723596218281,1,3.47321428571429,0.136470588235294,0.032165422171166,0.227221677872757,0,170.7,214.7
2015,REG,00-0026186,,Jerome Simpson,WR,WR,,5,SF,0,0,0,0,0,0,0,0,0,0,0,0,,0,,,0,0,0,0,0,0,,0,5,19,54,1,0,0,269,16,4,-16.8920399751323,0,0.200743494423792,0.104972375690608,0.200596569724087,0.297876162342772,0,11.4,16.4
2015,REG,00-0026189,D.Jackson,DeSean Jackson,WR,WR,"https://static.www.nfl.com/image/private/f_auto,q_auto/league/pr5m864fqvnoozihylrh",9,WAS,0,0,0,0,0,0,0,0,0,0,0,0,,0,,,0,0,0,0,0,0,,0,30,49,528,4,0,0,770,158,15,19.4165005122703,0,0.685714285714286,0.168384879725086,0.31237322515213,0.47123857719412,0,76.8,106.8
2015,REG,00-0026201,M.Bennett,Martellus Bennett,TE,TE,"https://static.www.nfl.com/image/private/f_auto,q_auto/league/repls3tq1d4jnvwmaqia",11,CHI,0,0,0,0,0,0,0,0,0,0,0,0,,0,,,0,0,0,0,0,0,,0,53,80,439,3,2,0,451,228,24,-1.42529403738433,0,0.973392461197339,0.215633423180593,0.147145187601958,0.42645176609226,0,61.9,114.9
2015,REG,00-0026213,J.Charles,Jamaal Charles,RB,RB,"https://static.www.nfl.com/image/private/f_auto,q_auto/league/mdrlzgankwwjldxllgcx",5,KC,0,0,0,0,0,0,0,0,0,0,0,0,,0,,,71,364,4,2,1,21,1.8947599271778,0,21,30,177,1,1,1,-16,205,10,0.488891271958112,0,-11.0625,0.177514792899408,-0.0158415841584158,0.255183080438221,0,80.1,101.1
2015,REG,00-0026224,H.Douglas,Harry Douglas,WR,WR,"https://static.www.nfl.com/image/private/f_auto,q_auto/league/hblmz1iaov5vqx7cd9cv",14,TEN,0,0,0,0,0,0,0,0,0,0,0,0,,0,,,1,-6,0,0,0,0,0.0417588452401105,0,36,72,411,2,0,0,867,130,22,1.34385876947827,0,0.474048442906574,0.150943396226415,0.200694444444444,0.366901205450734,0,52.5,88.5
2015,REG,00-0026225,,Craig Stevens,TE,TE,,10,TEN,0,0,0,0,0,0,0,0,0,0,0,0,,0,,,0,0,0,0,0,0,,0,12,16,121,2,0,0,121,41,5,6.02711789122797,0,1.0,0.043956043956044,0.0411005434782609,0.0947044463688485,0,24.1,36.1
2015,REG,00-0026237,,Andre Caldwell,WR,WR,,12,DEN,0,0,0,0,0,0,0,0,0,0,0,0,,0,,,1,3,0,0,0,1,0.57209259935189,0,10,22,72,2,0,0,217,16,4,-9.16163512520143,0,0.331797235023041,0.0506912442396313,0.0607332773579625,0.118550160510021,0,19.5,29.5
2015,REG,00-0026267,,Jacob Tamme,TE,TE,"https://static.www.nfl.com/image/private/f_auto,q_auto/league/kfyqh9qmtwufzixwuoo2",15,ATL,0,0,0,0,0,0,0,0,0,0,0,0,,0,,,0,0,0,0,0,0,,0,59,81,657,1,0,0,640,196,31,15.2691470003912,0,1.0265625,0.13728813559322,0.137723262319776,0.302338487013674,0,71.7,130.7
2015,REG,00-0026281,,Gary Barnidge,TE,TE,"https://static.www.nfl.com/image/private/f_auto,q_auto/league/qhfzxti66ga02dok4etx",16,CLE,0,0,0,0,0,0,0,0,0,0,0,0,,0,,,0,0,0,0,0,0,,0,79,125,1043,9,0,0,1201,363,52,42.6991132849877,0,0.868442964196503,0.207986688851913,0.248551324503311,0.485965960430188,0,158.3,237.3
2015,REG,00-0026286,,Jerome Felton,FB,RB,"https://static.www.nfl.com/image/private/f_auto,q_auto/league/mkg1584egfz8psc6gca7",3,BUF,0,0,0,0,0,0,0,0,0,0,0,0,,0,,,1,2,0,0,0,1,-0.146631977986544,0,1,2,12,0,0,0,4,8,0,-0.526869897497818,0,3.0,0.0350877192982456,0.0095923261390887,0.0593462072447305,0,1.4,2.4
2015,REG,00-0026289,T.Hightower,Tim Hightower,RB,RB,"https://static.www.nfl.com/image/private/f_auto,q_auto/league/azokebvu5bctrltqy38r",6,NO,0,0,0,0,0,0,0,0,0,0,0,0,,0,,,96,375,4,0,0,25,-5.76738243807075,0,12,13,129,0,0,0,2,134,7,4.83419660275104,0,64.5,0.0760233918128655,0.0013840830449827,0.115003945850786,0,74.4,86.4
2015,REG,00-0026293,M.Slater,Matt Slater,WR,WR,"https://static.www.nfl.com/image/private/f_auto,q_auto/league/cs1ojdzhxjuanbw6vflv",1,NE,0,0,0,0,0,0,0,0,0,0,0,0,,0,,,0,0,0,0,0,0,,0,0,1,0,0,0,0,34,0,0,0.695688337205438,0,0.0,0.037037037037037,0.222222222222222,0.211111111111111,0,0.0,0.0
2015,REG,00-0026298,,Kellen Davis,TE,TE,"https://static.www.nfl.com/image/private/f_auto,q_auto/league/bftuje5hq6fnlmpc0uhy",8,NYJ,0,0,0,0,0,0,0,0,0,0,0,0,,0,,,0,0,0,0,0,0,,0,3,11,18,1,0,0,88,10,2,-4.62490258330945,0,0.204545454545455,0.0379310344827586,0.0351017151974471,0.0814677523623509,0,7.8,10.8
2015,REG,00-0026345,P.Garcon,Pierre Garcon,WR,WR,"https://static.www.nfl.com/image/private/f_auto,q_auto/league/xwjogot7xrfj9qwhsgtn",16,WAS,0,0,0,0,0,0,0,0,0,0,0,0,,0,,,0,0,0,0,0,0,,0,72,111,777,6,0,0,1189,164,43,25.7396917134598,0,0.653490328006728,0.2,0.266651715631307,0.486656200941915,0,113.7,185.7
2015,REG,00-0026364,,Steve Johnson,WR,WR,"https://static.www.nfl.com/image/private/f_auto,q_auto/league/vlyzq1v53slatimy6v5q",9,LAC,0,0,0,0,0,0,0,0,0,0,0,0,,0,,,0,0,0,0,0,0,,0,45,65,497,3,1,0,378,265,29,12.2378587282373,0,1.31481481481482,0.185185185185185,0.164490861618799,0.392921380910937,0,67.7,112.7
2015,REG,00-0026373,,Justin Forsett,RB,RB,"https://static.www.nfl.com/image/private/f_auto,q_auto/league/o86dvbcs8dcubcpj6fnu",10,BAL,0,0,0,0,0,0,0,0,0,0,0,0,,0,,,151,641,2,0,0,41,-12.3651862622551,0,31,41,153,0,0,0,21,140,4,-4.91983984661056,0,7.28571428571429,0.112021857923497,0.0074626865671641,0.173256667482261,0,91.4,122.4
2015,REG,00-0026393,M.Reece,Marcel Reece,FB,RB,"https://static.www.nfl.com/image/private/f_auto,q_auto/league/nqy3arwxgk4lwh3pfrr3",15,LV,0,0,0,0,0,0,0,0,0,0,0,0,,0,,,10,36,0,0,0,2,0.0991025596158579,0,30,37,269,3,0,0,101,217,12,3.81204361278189,0,2.66336633663366,0.0745967741935484,0.0267620561738209,0.130628600611997,0,48.5,78.5
2015,REG,00-0026408,,Joe Reitz,OT,OL,"https://static.www.nfl.com/image/private/f_auto,q_auto/league/u3fi3sbxkclnconzxsyx",2,IND,0,0,0,0,0,0,0,0,0,0,0,0,,0,,,1,0,0,0,0,0,-1.82132168533281,0,0,1,0,0,0,0,10,0,0,-0.606163524964359,0,0.0,0.0285714285714286,0.026525198938992,0.0614247821144373,0,0.0,0.0
2015,REG,00-0026498,M.Stafford,Matthew Stafford,QB,QB,"https://static.www.nfl.com/image/upload/f_auto,q_auto/league/xdlnnbapdbk8trxqlasu",16,DET,398,592,4262,32,13,44,251,3,2,3820,2413,223,25.5669386804947,0,1.11570680628272,0.0798161161918909,44,159,1,1,0,13,0.0495143076833862,0,1,1,-6,0,0,0,-7,1,0,-1.93818659405224,0,0.0,0.0222222222222222,-0.032258064516129,0.010752688172043,0,289.78,290.78
2015,REG,00-0026544,C.Daniel,Chase Daniel,QB,QB,"https://static.www.nfl.com/image/private/f_auto,q_auto/league/jt8fvgeyuhsbpo9m9t4x",2,KC,2,2,4,0,0,0,0,0,0,0,4,1,0.638592039118521,0,0.0,,2,-2,0,0,0,0,-2.67255889944499,0,0,0,0,0,0,0,0,0,0,,0,,,,,0,-0.04,-0.04
2015,REG,00-0026577,,Marcus Thigpen,WR,WR,"https://static.www.nfl.com/image/private/f_auto,q_auto/league/yjyhu6hejsynzkfiayqm",1,BUF,0,0,0,0,0,0,0,0,0,0,0,0,,0,,,1,-1,0,0,0,0,-0.931731611024588,0,0,0,0,0,0,0,0,0,0,,0,,,,,0,-0.1,-0.1
2015,REG,00-0026578,C.Anderson,Colt Anderson,DB,DB,"https://static.www.nfl.com/image/private/f_auto,q_auto/league/rknpd9m4mm4aflc5k6ff",1,IND,0,0,0,0,0,0,0,0,0,0,0,0,,0,,,1,-1,0,0,0,0,-3.30359809822403,0,0,0,0,0,0,0,0,0,0,,0,,,,,0,-0.1,-0.1
2015,REG,00-0026625,B.Hoyer,Brian Hoyer,QB,QB,"https://static.www.nfl.com/image/private/f_auto,q_auto/league/japt3mj2xctm7saqndxn",11,HOU,224,369,2606,19,7,25,185,6,2,3494,931,130,15.478775021735,0,0.745850028620492,0.0536140745464909,15,44,0,0,0,6,4.93128682760289,0,0,0,0,0,0,0,0,0,0,,0,,,,,0,166.64,166.64
2015,REG,00-0026664,,Tim Masthay,P,SPEC,,1,GB,0,0,0,0,0,0,0,0,0,0,0,0,,0,,,1,7,0,0,0,1,2.55188379669562,0,0,0,0,0,0,0,0,0,0,,0,,,,,0,0.7,0.7
2015,REG,00-0026739,,Jordan Norwood,WR,WR,"https://static.www.nfl.com/image/private/f_auto,q_auto/league/kdrgruvmcbm12bfluhna",10,DEN,0,0,0,0,0,0,0,0,0,0,0,0,,0,,,0,0,0,0,0,0,,0,22,32,207,0,0,0,276,69,11,-2.53412700837536,0,0.75,0.0798004987531172,0.0790830945558739,0.175058914318788,0,20.7,42.7
2015,REG,00-0026796,,Arian Foster,RB,RB,,4,HOU,0,0,0,0,0,0,0,0,0,0,0,0,,0,,,63,163,1,2,1,11,-19.9261342527752,0,22,28,227,2,0,0,90,161,13,5.76529398768769,0,2.52222222222222,0.153005464480874,0.0484131253362023,0.263397384456653,0,55.0,77.0
2015,REG,00-0026852,D.Young,Darrel Young,FB,RB,"https://static.www.nfl.com/image/private/f_auto,q_auto/league/znfzmkdrjpzxrhv8j0r7",9,WAS,0,0,0,0,0,0,0,0,0,0,0,0,,0,,,6,10,0,1,0,1,-1.95045131005463,0,6,6,22,0,0,0,2,20,0,-0.614518971997313,0,11.0,0.0324324324324324,0.0013717421124828,0.0496088681273867,0,3.2,9.2
2015,REG,00-0026855,,Antone Smith,RB,RB,"https://static.www.nfl.com/image/private/f_auto,q_auto/league/m45j6r43nwv5bsy0ooyo",1,CHI,0,0,0,0,0,0,0,0,0,0,0,0,,0,,,1,11,0,0,0,1,0.682352687581442,0,0,0,0,0,0,0,0,0,0,,0,,,,,0,1.1,1.1
2015,REG,00-0026898,M.Sanchez,Mark Sanchez,QB,QB,"https://static.www.nfl.com/image/private/f_auto,q_auto/league/e12qugcuc1cpgkf0crfn",3,PHI,59,91,616,4,4,9,54,1,1,538,317,29,-12.7142336023362,0,1.14498141263941,0.004828506637833,6,22,0,0,0,2,1.26539019448683,0,0,0,0,0,0,0,0,0,0,,0,,,,,0,32.84,32.84
2015,REG,00-0026901,M.Wallace,Mike Wallace,WR,WR,"https://static.www.nfl.com/image/private/f_auto,q_auto/league/dy9z5wbsitf6l9psjq4y",15,MIN,0,0,0,0,0,0,0,0,0,0,0,0,,0,,,1,6,0,0,0,0,0.101652840850875,0,39,72,473,2,0,0,774,169,27,4.41703410027523,0,0.611111111111111,0.173076923076923,0.250728862973761,0.435125588697017,0,59.9,98.9
2015,REG,00-0026957,D.Johnson,David Johnson,TE,TE,"https://static.www.nfl.com/image/private/f_auto,q_auto/league/td6y6zc2m3ifhcfd4yz9",4,LAC,0,0,0,0,0,0,0,0,0,0,0,0,,0,,,2,4,0,0,0,2,0.593333797063679,0,1,2,4,0,1,1,0,4,0,-7.80608824494993,0,0.0,0.0232558139534884,,,0,-1.2,-0.2
2015,REG,00-0026983,D.Heyward-Bey,Darrius Heyward-Bey,WR,WR,"https://static.www.nfl.com/image/private/f_auto,q_auto/league/d5otkkbb0z2rdd2bjatd",11,PIT,0,0,0,0,0,0,0,0,0,0,0,0,,0,,,0,0,0,0,0,0,,0,21,39,314,2,0,0,707,73,11,7.5702116845103,0,0.444130127298444,0.105691056910569,0.1814681724846,0.285564306105073,0,43.4,64.4
2015,REG,00-0026986,M.Crabtree,Michael Crabtree,WR,WR,"https://static.www.nfl.com/image/private/f_auto,q_auto/league/kcavcmeyaion38ewxwyk",16,LV,0,0,0,0,0,0,0,0,0,0,0,0,,0,,,0,0,0,0,0,0,,0,85,146,922,9,1,0,1440,263,45,25.5341333765352,0,0.640277777777778,0.242928452579035,0.304955527318933,0.577861547991805,0,146.2,231.2
2015,REG,00-0026993,,Josh Freeman,QB,QB,"https://static.www.nfl.com/image/private/f_auto,q_auto/league/cwcasm6m73fx1mjpjk3n",1,IND,15,28,149,1,1,1,7,0,0,201,67,7,-5.43483854935449,0,0.741293532338308,-0.0359602959513975,8,24,0,0,0,3,0.0850655910937139,0,0,0,0,0,0,0,0,0,0,,0,,,,,0,10.36,10.36
2015,REG,00-0026995,J.Maclin,Jeremy Maclin,WR,WR,"https://static.www.nfl.com/image/private/f_auto,q_auto/league/tvlsuugnbn0idb0tbtgw",15,KC,0,0,0,0,0,1,3,0,0,0,0,0,-1.10161064867862,0,,,3,14,0,0,0,1,-0.540502657589968,0,87,124,1088,8,2,1,1308,322,49,49.3509326472246,0,0.831804281345566,0.287037037037037,0.450879007238883,0.746170860622774,0,156.2,243.2
2015,REG,00-0026996,,Brandon Pettigrew,TE,TE,,7,DET,0,0,0,0,0,0,0,0,0,0,0,0,,0,,,0,0,0,0,0,0,,0,7,15,67,1,0,0,68,38,4,-3.94021333521232,0,0.985294117647059,0.0519031141868512,0.0401653868871825,0.105970442101305,0,12.7,19.7
2015,REG,00-0026998,,Percy Harvin,WR,WR,"https://static.www.nfl.com/image/private/f_auto,q_auto/league/ly7xvqfvoehf5jqrzzcq",5,BUF,0,0,0,0,0,0,0,0,0,0,0,0,,0,,,5,31,0,0,0,2,-0.0453748664003797,0,19,30,218,1,1,0,354,83,10,7.69736354083888,0,0.615819209039548,0.217391304347826,0.274631497284717,0.518329004621041,0,30.9,49.9
2015,REG,00-0027003,,Donald Brown,RB,RB,,6,LAC,0,0,0,0,0,0,0,0,0,0,0,0,,0,,,59,229,1,0,0,12,-7.83604635065422,0,8,13,88,0,1,0,-36,110,2,2.59597782895435,0,-2.44444444444444,0.0663265306122449,-0.0281910728269381,0.0797560449395107,0,37.7,45.7
2015,REG,00-0027005,,Hakeem Nicks,WR,WR,"https://static.www.nfl.com/image/private/f_auto,q_auto/league/nbgeeeuhd0n4zrctfxce",6,NYG,0,0,0,0,0,0,0,0,0,0,0,0,,0,,,0,0,0,0,0,0,,0,7,14,54,0,0,0,150,22,2,-11.6559519959882,0,0.36,0.0590717299578059,0.0800854244527496,0.144667392053634,0,5.4,12.4
2015,REG,00-0027006,K.Britt,Kenny Britt,WR,WR,"https://static.www.nfl.com/image/private/f_auto,q_auto/league/joozpvuyykyxjogcg3r5",16,LA,0,0,0,0,0,0,0,0,0,0,0,0,,0,,,0,0,0,0,0,0,,0,36,72,681,3,0,0,1153,118,29,8.97485684832818,0,0.590633130962706,0.153846153846154,0.303740779768177,0.443387776606955,0,86.1,122.1
2015,REG,00-0027029,L.McCoy,LeSean McCoy,RB,RB,"https://static.www.nfl.com/image/private/f_auto,q_auto/league/cpc1a2dgivdyevuncz7p",12,BUF,0,0,0,0,0,0,0,0,0,0,0,0,,0,,,203,895,3,1,1,42,-12.0932451843983,1,32,50,292,2,1,1,89,286,12,2.97281944938309,0,3.28089887640449,0.140449438202247,0.0239183015318463,0.227416968375663,0,146.7,178.7
2015,REG,00-0027057,B.Tate,Brandon Tate,WR,WR,"https://static.www.nfl.com/image/private/f_auto,q_auto/league/uzpf58ijo44jfqakwv83",3,CIN,0,0,0,0,0,0,0,0,0,0,0,0,,0,,,0,0,0,0,0,0,,0,2,3,59,1,0,0,59,10,1,2.73419606289826,0,1.0,0.0422535211267606,0.0907692307692308,0.126918743228602,0,11.9,13.9
2015,REG,00-0027061,J.Cook,Jared Cook,TE,TE,"https://static.www.nfl.com/image/private/f_auto,q_auto/league/cthoenebptadlu4g928v",16,LA,0,0,0,0,0,0,0,0,0,0,0,0,,0,,,0,0,0,0,0,0,,0,39,75,481,0,2,1,636,200,19,-18.7519045306951,1,0.756289308176101,0.16025641025641,0.16754478398314,0.357665964172814,0,48.1,87.1
2015,REG,00-0027069,,Chase Coffman,TE,TE,,2,SEA,0,0,0,0,0,0,0,0,0,0,0,0,,0,,,0,0,0,0,0,0,,0,8,11,71,1,0,0,64,21,5,4.2646853573169,0,1.109375,0.159420289855072,0.0937042459736457,0.304723406964161,0,13.1,21.1
2015,REG,00-0027077,,Brian Hartline,WR,WR,"https://static.www.nfl.com/image/private/f_auto,q_auto/league/vuqaw5utqkgyqtp7hwbu",12,CLE,0,0,0,0,0,0,0,0,0,0,0,0,,0,,,0,0,0,0,0,0,,0,46,77,523,2,1,0,719,166,30,15.1408337973943,0,0.72739916550765,0.166666666666667,0.194219340896813,0.385953538627769,0,64.3,110.3
2015,REG,00-0027089,L.Murphy,Louis Murphy,WR,WR,"https://static.www.nfl.com/image/private/f_auto,q_auto/league/rivj8wgktddc22qdtpsn",5,TB,0,0,0,0,0,0,0,0,0,0,0,0,,0,,,0,0,0,0,0,0,,0,10,18,198,0,0,0,255,37,6,7.55112327649589,0,0.776470588235294,0.113924050632911,0.175740868366644,0.293904683806018,0,19.8,29.8
2015,REG,00-0027125,Z.Miller,Zach Miller,TE,TE,"https://static.www.nfl.com/image/private/f_auto,q_auto/league/ghvzkuugli86zstauzvr",12,CHI,0,0,0,0,0,0,0,0,0,0,0,0,,0,,,0,0,0,0,0,0,,0,34,46,439,5,0,0,312,222,17,23.8717043688369,0,1.40705128205128,0.121372031662269,0.100645161290323,0.25250966039663,0,73.9,107.9
2015,REG,00-0027135,,Brandon Myers,TE,TE,"https://static.www.nfl.com/image/private/f_auto,q_auto/league/tzyfv93n3bgtbmywjczu",6,TB,0,0,0,0,0,0,0,0,0,0,0,0,,0,,,0,0,0,0,0,0,,0,12,17,127,0,0,0,161,22,7,-5.5761688144702,0,0.788819875776398,0.0899470899470899,0.086096256684492,0.195188014599779,0,12.7,24.7
2015,REG,00-0027139,J.Phillips,John Phillips,TE,TE,"https://static.www.nfl.com/image/private/f_auto,q_auto/league/i1t7zl2f5t0wwj72yxj7",6,LAC,0,0,0,0,0,0,0,0,0,0,0,0,,0,,,0,0,0,0,0,0,,0,10,11,69,1,0,0,48,24,6,5.44370464904932,0,1.4375,0.044,0.0283520378027171,0.085846426461902,0,12.9,22.9
2015,REG,00-0027145,,Pat McAfee,P,SPEC,"https://static.www.nfl.com/image/private/f_auto,q_auto/league/giz54xrdfqrdu9nezfee",1,IND,0,0,0,0,0,0,0,0,0,0,0,0,,0,,,1,18,0,0,0,1,3.74958629859611,0,0,0,0,0,0,0,0,0,0,,0,,,,,0,1.8,1.8
2015,REG,00-0027150,J.Edelman,Julian Edelman,WR,WR,"https://static.www.nfl.com/image/private/f_auto,q_auto/league/u0hbuo2bsvtlg7lnxm43",9,NE,0,0,0,0,0,0,0,0,0,0,0,0,,0,,,3,23,0,0,0,3,3.74634470447199,0,61,88,692,7,1,1,674,310,37,26.8844267252388,0,1.02670623145401,0.239130434782609,0.247885251930857,0.532215328525513,0,111.5,172.5
2015,REG,00-0027155,,Rashad Jennings,RB,RB,"https://static.www.nfl.com/image/private/f_auto,q_auto/league/r48elxgcxhdkfkazlqab",16,NYG,0,0,0,0,0,0,0,0,0,0,0,0,,0,,,195,863,3,1,1,40,-4.66906615921857,0,29,40,296,1,1,1,-16,310,8,6.92908980924403,0,-18.5,0.0676818950930626,-0.0037296037296037,0.0989121200288713,0,135.9,164.9
2015,REG,00-0027218,,Joique Bell,RB,RB,"https://static.www.nfl.com/image/private/f_auto,q_auto/league/mpibe74w5hnraxk823vf",13,DET,0,0,0,0,0,0,0,0,0,0,0,0,,0,,,90,311,4,1,0,18,-3.1319395492028,0,22,27,286,0,0,0,11,305,10,13.6405884177657,0,26.0,0.0563674321503132,0.0045435770342833,0.0877316521494681,0,83.7,105.7
2015,REG,00-0027321,J.Cumberland,Jeff Cumberland,TE,TE,"https://static.www.nfl.com/image/private/f_auto,q_auto/league/c87plzwz1aj8haowwxcq",5,NYJ,0,0,0,0,0,0,0,0,0,0,0,0,,0,,,0,0,0,0,0,0,,0,5,14,77,0,0,0,87,50,3,-2.05200728275705,0,0.885057471264368,0.0654205607476636,0.0499139414802065,0.13307060015764,0,7.7,12.7
2015,REG,00-0027325,L.Blount,LeGarrette Blount,RB,RB,"https://static.www.nfl.com/image/private/f_auto,q_auto/league/s3eilto1yi0yhoamvvo3",12,NE,0,0,0,0,0,0,0,0,0,0,0,0,,0,,,165,703,6,1,0,37,-4.77880971023272,0,6,7,43,1,0,0,18,31,3,2.1697364403517,0,2.38888888888889,0.0358974358974359,0.0152671755725191,0.0645331767469172,0,116.6,122.6
2015,REG,00-0027356,,Marlon Moore,WR,WR,,6,CLE,0,0,0,0,0,0,0,0,0,0,0,0,,0,,,0,0,0,0,0,0,,0,7,10,81,1,0,0,69,32,6,5.91896151559195,0,1.17391304347826,0.0446428571428571,0.0353483606557377,0.0917081381733021,0,14.1,21.1
2015,REG,00-0027450,,Preston Parker,WR,WR,"https://static.www.nfl.com/image/private/f_auto,q_auto/league/uposmry1docri5fwr22y",2,NYG,0,0,0,0,0,0,0,0,0,0,0,0,,0,,,0,0,0,0,0,0,,0,5,12,40,0,0,0,87,29,1,-4.95164853611674,0,0.459770114942529,0.164383561643836,0.173306772908367,0.36789008350161,0,4.0,9.0
2015,REG,00-0027531,C.Ivory,Chris Ivory,RB,RB,"https://static.www.nfl.com/image/private/f_auto,q_auto/league/wuhrkffigvt55hcqd4yw",15,NYJ,0,0,0,0,0,0,0,0,0,0,0,0,,0,,,247,1070,7,3,2,50,-33.92489365358,0,30,37,217,1,1,0,-85,275,9,6.56111970293568,0,-2.55294117647059,0.0728346456692913,-0.0196850393700787,0.0954724409448819,0,172.7,202.7
2015,REG,00-0027539,A.Levine,Anthony Levine,SS,DB,"https://static.www.nfl.com/image/private/f_auto,q_auto/league/gew5y4jtrh2jd7guowwk",1,BAL,0,0,0,0,0,0,0,0,0,0,0,0,,0,,,1,3,0,1,0,1,2.6217931592837,0,0,0,0,0,0,0,0,0,0,,0,,,,,0,0.3,0.3
2015,REG,00-0027547,M.Sherels,Marcus Sherels,CB,DB,"https://static.www.nfl.com/image/private/f_auto,q_auto/league/qgwd89z8jxh5o9ln6cmp",1,MIN,0,0,0,0,0,0,0,0,0,0,0,0,,0,,,0,0,0,0,0,0,,0,0,0,0,0,0,0,0,0,0,,0,,,,,1,6.0,6.0
2015,REG,00-0027581,,Seyi Ajirotutu,WR,WR,"https://static.www.nfl.com/image/private/f_auto,q_auto/league/tmbglbojtv1psbkhejsg",2,PHI,0,0,0,0,0,0,0,0,0,0,0,0,,0,,,0,0,0,0,0,0,,0,1,3,4,0,0,0,72,0,0,-1.35500958561897,0,0.0555555555555556,0.046875,0.123924268502582,0.157059487951807,0,0.4,1.4
2015,REG,00-0027595,,Bryan Walters,WR,WR,,11,JAX,0,1,0,0,0,0,0,0,0,26,0,0,-0.460090790758841,0,0.0,,0,0,0,0,0,0,,0,32,45,368,1,0,0,359,122,20,25.1169899172393,0,1.02506963788301,0.1036866359447,0.0906108026249369,0.218957515754507,0,42.8,74.8
2015,REG,00-0027651,,Dexter McCluster,WR,WR,"https://static.www.nfl.com/image/private/f_auto,q_auto/league/vawlifwslfzekg0e35ig",11,TEN,0,0,0,0,0,0,0,0,0,0,0,0,,0,,,55,247,1,1,1,6,-8.5481698692083,0,31,41,260,1,1,1,124,195,12,-3.07227374136949,1,2.09677419354839,0.115819209039548,0.0388958594730238,0.200955915190439,0,60.7,91.7
2015,REG,00-0027656,R.Gronkowski,Rob Gronkowski,TE,TE,"https://static.www.nfl.com/image/private/f_auto,q_auto/league/svpo7chliiymc0r7hegp",15,NE,0,0,0,0,0,0,0,0,0,0,0,0,,0,,,0,0,0,0,0,0,,0,72,120,1176,11,0,0,1204,554,52,65.1906091345698,0,0.976744186046512,0.211267605633803,0.27671799586302,0.510604005554818,0,183.6,255.6
2015,REG,00-0027659,,Jimmy Clausen,QB,QB,"https://static.www.nfl.com/image/private/f_auto,q_auto/league/n5lf1tlpkvtck2j24krd",4,BAL,72,125,739,2,4,7,38,0,0,1095,294,32,-35.7227474250296,0,0.674885844748859,0.0027142549655704,11,36,0,1,0,1,-2.81588273089432,0,0,0,0,0,0,0,0,0,0,,0,,,,,0,33.16,33.16
2015,REG,00-0027675,E.Dickson,Ed Dickson,TE,TE,"https://static.www.nfl.com/image/private/f_auto,q_auto/league/qtxat8xwaclkqfkj5lrq",12,CAR,0,0,0,0,0,0,0,0,0,0,0,0,,0,,,0,0,0,0,0,0,,0,17,26,121,2,0,0,182,53,10,4.03465170376599,0,0.664835164835165,0.0732394366197183,0.0505415162454874,0.145238216301419,0,24.1,41.1
2015,REG,00-0027681,B.LaFell,Brandon LaFell,WR,WR,"https://static.www.nfl.com/image/private/f_auto,q_auto/league/x4wifb5arw0neuwg1cch",11,NE,0,0,0,0,0,0,0,0,0,0,0,0,,0,,,2,9,0,0,0,0,0.0192954624071717,0,37,74,515,0,0,0,1006,224,22,-1.97046078578051,0,0.511928429423459,0.172897196261682,0.278438970384722,0.454253073661829,0,52.4,89.4
2015,REG,00-0027685,E.Sanders,Emmanuel Sanders,WR,WR,"https://static.www.nfl.com/image/private/f_auto,q_auto/league/potkibjtm855tsawozs0",15,DEN,0,0,0,0,0,0,0,0,0,0,0,0,,0,,,3,29,0,0,0,1,-1.95224829565268,0,76,137,1135,6,1,1,1950,363,51,35.5573689668726,0,0.582051282051282,0.237435008665511,0.36544227886057,0.611962108200666,0,150.4,226.4
2015,REG,00-0027688,C.McCoy,Colt McCoy,QB,QB,"https://static.www.nfl.com/image/private/f_auto,q_auto/league/mvcoi7f6thyudufnh0dx",1,WAS,7,11,128,1,0,1,13,1,0,91,81,4,6.69045098271983,0,1.40659340659341,0.234015343143155,3,-3,0,0,0,0,-3.04419575497741,0,0,0,0,0,0,0,0,0,0,,0,,,,,0,8.82,8.82
2015,REG,00-0027690,E.Decker,Eric Decker,WR,WR,"https://static.www.nfl.com/image/private/f_auto,q_auto/league/jg5ftnvxz4jdiajzeoyn",15,NYJ,0,0,0,0,0,0,0,0,0,0,0,0,,0,,,0,0,0,0,0,0,,0,80,132,1027,12,1,1,1520,214,60,56.3922916862699,0,0.675657894736842,0.242647058823529,0.301587301587302,0.575081699346405,0,172.7,252.7
2015,REG,00-0027691,A.Roberts,Andre Roberts,WR,WR,"https://static.www.nfl.com/image/private/f_auto,q_auto/league/hjoyjewh7knoafxt4k93",8,WAS,0,0,0,0,0,0,0,0,0,0,0,0,,0,,,0,0,0,0,0,0,,0,11,21,135,0,0,0,246,38,5,-1.30696752752505,0,0.548780487804878,0.0807692307692308,0.111111111111111,0.198931623931624,1,19.5,30.5
2015,REG,00-0027695,,Tony Moeaki,TE,TE,,3,ATL,0,0,0,0,0,0,0,0,0,0,0,0,,0,,,0,0,0,0,0,0,,0,3,5,58,1,0,0,12,53,3,3.77823233982781,0,4.83333333333333,0.0458715596330275,0.0134680134680135,0.0782349488771507,0,11.8,14.8
2015,REG,00-0027696,J.Graham,Jimmy Graham,TE,TE,"https://static.www.nfl.com/image/private/f_auto,q_auto/league/h7xs06oj6g03mippwtse",11,SEA,0,0,0,0,0,0,0,0,0,0,0,0,,0,,,0,0,0,0,0,0,,0,48,74,605,2,0,0,676,220,29,25.5235111004694,0,0.894970414201183,0.238709677419355,0.249446494464945,0.532677062254494,0,72.5,120.5
2015,REG,00-0027708,,Marcus Easley,WR,WR,"https://static.www.nfl.com/image/private/f_auto,q_auto/league/lkfgdzlivzsgnbotnnpr",3,BUF,0,0,0,0,0,0,0,0,0,0,0,0,,0,,,0,0,0,0,0,0,,0,1,3,58,1,0,0,74,16,1,5.01790115667973,0,0.783783783783784,0.027027027027027,0.0683918669131239,0.0884148473797272,0,11.8,12.8
2015,REG,00-0027718,,Garrett Graham,TE,TE,,7,HOU,0,0,0,0,0,0,0,0,0,0,0,0,,0,,,0,0,0,0,0,0,,0,4,19,30,1,0,0,206,9,1,-9.44984768211143,0,0.145631067961165,0.0588235294117647,0.0667530784186649,0.134962449010713,0,9.0,13.0
2015,REG,00-0027725,C.Harbor,Clay Harbor,TE,TE,"https://static.www.nfl.com/image/private/f_auto,q_auto/league/spuxscdmedvqosq5yrho",8,JAX,0,0,0,0,0,0,0,0,0,0,0,0,,0,,,0,0,0,0,0,0,,0,14,20,149,1,0,0,117,56,9,3.40624408004805,1,1.27350427350427,0.0675675675675676,0.0523489932885906,0.137995646653365,0,22.9,36.9
2015,REG,00-0027732,M.Hoomanawanui,Michael Hoomanawanui,TE,TE,"https://static.www.nfl.com/image/private/f_auto,q_auto/league/fgfwj67pbxmp1bpjm7ti",10,NO,0,0,0,0,0,0,0,0,0,0,0,0,,0,,,1,0,0,0,0,0,-0.411377123178681,0,11,16,76,3,1,1,77,25,4,-2.43876096222084,0,0.987012987012987,0.0424403183023873,0.0235979160281949,0.0801790186733173,0,23.6,34.6
2015,REG,00-0027753,,Andrew Quarless,TE,TE,,3,GB,0,0,0,0,0,0,0,0,0,0,0,0,,0,,,0,0,0,0,0,0,,0,4,5,31,0,0,0,30,9,1,2.09495135967154,0,1.03333333333333,0.0467289719626168,0.0319148936170213,0.0924338834758401,0,3.1,7.1
2015,REG,00-0027758,,Riley Cooper,WR,WR,"https://static.www.nfl.com/image/private/f_auto,q_auto/league/vpongpty2wm06bsmm7hb",12,PHI,0,0,0,0,0,0,0,0,0,0,0,0,,0,,,0,0,0,0,0,0,,0,21,41,327,2,0,0,617,62,15,-8.70029482192243,0,0.529983792544571,0.0887445887445888,0.182328605200946,0.260746906757545,0,44.7,65.7
2015,REG,00-0027772,,Anthony Dixon,RB,RB,"https://static.www.nfl.com/image/private/f_auto,q_auto/league/lvbgbxspmjn0xo1kw8g9",8,BUF,0,0,0,0,0,0,0,0,0,0,0,0,,0,,,21,44,1,0,0,5,-6.79222526317447,0,6,7,44,0,0,0,36,24,1,0.972095974721014,0,1.22222222222222,0.0804597701149425,0.0410490307867731,0.149423976723155,0,14.8,20.8
2015,REG,00-0027791,,James Starks,RB,RB,"https://static.www.nfl.com/image/private/f_auto,q_auto/league/ohxqulg4xjfmbbkkltqj",16,GB,0,0,0,0,0,0,0,0,0,0,0,0,,0,,,148,601,2,4,2,30,-16.921516888138,0,43,53,392,3,1,1,-72,489,15,5.44072164209246,0,-5.44444444444445,0.103313840155945,-0.0172869147659064,0.142869919897784,0,123.3,166.3
2015,REG,00-0027793,A.Brown,Antonio Brown,WR,WR,"https://static.www.nfl.com/image/private/f_auto,q_auto/league/ecxsx9t7bfg42bgfwj3v",16,PIT,0,0,0,0,0,1,8,0,0,0,0,0,-1.4314061118057,0,,,3,28,0,0,0,1,1.95998468017206,0,136,193,1834,10,1,1,2110,593,84,57.9911963282827,2,0.869194312796209,0.330479452054795,0.359210078311202,0.747166232900033,1,254.2,390.2
2015,REG,00-0027796,J.Webb,Joe Webb,QB,QB,"https://static.www.nfl.com/image/private/f_auto,q_auto/league/hjieero9ugbyu7n1629h",1,CAR,0,0,0,0,0,0,0,0,0,0,0,0,,0,,,1,-1,0,0,0,0,-0.794288407196291,0,0,0,0,0,0,0,0,0,0,,0,,,,,0,-0.1,-0.1
2015,REG,00-0027816,,Marc Mariani,WR,WR,"https://static.www.nfl.com/image/private/f_auto,q_auto/league/jdhln1ulusmjybwdha4k",11,CHI,0,0,0,0,0,1,3,0,0,0,0,0,-1.46599563024938,0,,,0,0,0,0,0,0,,0,22,33,300,0,0,0,313,130,19,18.6889318411483,0,0.958466453674122,0.0891891891891892,0.0970843672456576,0.201742840855744,0,30.0,52.0
2015,REG,00-0027825,J.Dray,Jim Dray,TE,TE,"https://static.www.nfl.com/image/private/f_auto,q_auto/league/p8pyujltnfdj3qnbh7yi",8,CLE,0,0,0,0,0,0,0,0,0,0,0,0,,0,,,0,0,0,0,0,0,,0,6,16,61,0,0,0,127,34,3,-0.521323847759049,0,0.480314960629921,0.0533333333333333,0.0541346973572037,0.117894288150043,0,6.1,12.1
2015,REG,00-0027854,S.Bradford,Sam Bradford,QB,QB,"https://static.www.nfl.com/image/private/f_auto,q_auto/league/fizwrxzfdaw7v2vzzpn6",14,PHI,346,532,3725,19,14,28,200,6,1,3707,1938,164,4.10935518048941,0,1.00485567844618,0.0520097645558751,26,39,0,4,2,2,-23.7591711846762,0,0,0,0,0,0,0,0,0,0,,0,,,,,0,194.9,194.9
2015,REG,00-0027861,C.Spiller,C.J. Spiller,RB,RB,"https://static.www.nfl.com/image/private/f_auto,q_auto/league/jqbnrdpq9c2nbchzntxt",13,NO,0,0,0,0,0,0,0,0,0,0,0,0,,0,,,36,112,0,1,0,5,-10.8373676943302,0,34,44,239,2,0,0,53,254,13,2.47504752964253,0,4.50943396226415,0.0819366852886406,0.0126250595521677,0.131742569619478,0,47.1,81.1
2015,REG,00-0027862,T.Alualu,Tyson Alualu,NT,DL,"https://static.www.nfl.com/image/private/f_auto,q_auto/league/wz7lyukjawvr7xfdszmb",4,JAX,0,0,0,0,0,0,0,0,0,0,0,0,,0,,,1,0,0,0,0,0,-1.48746418138035,0,2,3,19,0,0,0,14,7,2,-0.681151239886787,0,1.35714285714286,0.0254237288135593,0.0134615384615385,0.0475586701434159,0,1.9,3.9
2015,REG,00-0027864,,Ryan Mathews,RB,RB,"https://static.www.nfl.com/image/private/f_auto,q_auto/league/mai5izn84cdrvxlkwagb",13,PHI,0,0,0,0,0,0,0,0,0,0,0,0,,0,,,106,539,6,3,3,32,-6.47581694959504,0,20,28,146,1,0,0,23,152,5,-7.26856460426403,0,6.34782608695652,0.060475161987041,0.0089563862928348,0.096982213385546,0,104.5,124.5
2015,REG,00-0027869,M.Iupati,Mike Iupati,G,OL,"https://static.www.nfl.com/image/private/f_auto,q_auto/league/g86wdftsz8refubqztyk",1,ARI,0,0,0,0,0,0,0,0,0,0,0,0,,0,,,0,0,0,0,0,0,,0,1,1,10,0,0,0,3,7,1,0.630820178543218,0,3.33333333333333,0.0285714285714286,0.009375,0.0494196428571429,0,1.0,2.0
2015,REG,00-0027873,J.Gresham,Jermaine Gresham,TE,TE,"https://static.www.nfl.com/image/private/f_auto,q_auto/league/higvmot083ues41wbdgi",13,ARI,0,0,0,0,0,0,0,0,0,0,0,0,,0,,,0,0,0,0,0,0,,0,18,32,223,1,0,0,260,74,13,4.59993925444984,0,0.857692307692308,0.0706401766004415,0.0532786885245902,0.143255346867875,0,28.3,46.3
2015,REG,00-0027874,D.Thomas,Demaryius Thomas,WR,WR,"https://static.www.nfl.com/image/private/f_auto,q_auto/league/p1yjsqtqimjd6iazu3h9",16,DEN,0,0,0,0,0,0,0,0,0,0,0,0,,0,,,0,0,0,0,0,0,,0,105,177,1304,6,2,2,1852,479,63,6.49784010196125,0,0.704103671706264,0.293046357615894,0.335568037687987,0.674467162805432,0,162.4,267.4
2015,REG,00-0027888,,Toby Gerhart,RB,RB,"https://static.www.nfl.com/image/private/f_auto,q_auto/league/pne2o7x8dw3cngbahihv",5,JAX,0,0,0,0,0,0,0,0,0,0,0,0,,0,,,20,44,0,0,0,3,-8.80415757227456,0,3,5,23,0,0,0,7,23,1,0.120089678908698,0,3.28571428571429,0.0588235294117647,0.0085679314565483,0.0942328461372309,0,6.7,9.7
2015,REG,00-0027891,G.Tate,Golden Tate,WR,WR,"https://static.www.nfl.com/image/private/f_auto,q_auto/league/yfqebrp2o9t1gt1wqjku",16,DET,0,0,0,0,0,0,0,0,0,0,0,0,,0,,,6,41,0,0,0,3,0.328912718221545,0,90,128,813,6,1,1,758,533,50,15.3181927847307,0,1.07255936675462,0.205787781350482,0.184878048780488,0.438096306172065,0,119.4,209.4
2015,REG,00-0027902,D.Bryant,Dez Bryant,WR,WR,"https://static.www.nfl.com/image/private/f_auto,q_auto/league/jmggujwkiv7osgkhhnhl",9,DAL,0,0,0,0,0,0,0,0,0,0,0,0,,0,,,0,0,0,0,0,0,,0,31,72,401,3,0,0,945,131,18,-13.4103936974644,0,0.424338624338624,0.249134948096886,0.421310744538564,0.668619943322324,0,58.1,89.1
2015,REG,00-0027905,,Will Tukuafu,FB,RB,"https://static.www.nfl.com/image/private/f_auto,q_auto/league/szb9kincx0nhxnwxxmcj",4,SEA,0,0,0,0,0,0,0,0,0,0,0,0,,0,,,4,1,1,1,1,3,-6.50670465169242,0,1,1,7,1,0,0,2,5,1,2.18902224890189,0,3.5,0.03125,0.0075187969924812,0.0521381578947368,0,10.8,11.8
2015,REG,00-0027917,,Tyler Clutts,FB,RB,"https://static.www.nfl.com/image/private/f_auto,q_auto/league/a1knpd9e7x4pxech8xhg",1,DAL,0,0,0,0,0,0,0,0,0,0,0,0,,0,,,0,0,0,0,0,0,,0,1,1,4,0,0,0,-1,5,0,-0.135255077038892,0,-4.0,0.0384615384615385,-0.003831417624521,0.0550103153551429,0,0.4,1.4
2015,REG,00-0027918,,Andrew Hawkins,WR,WR,,8,CLE,0,0,0,0,0,0,0,0,0,0,0,0,,0,,,0,0,0,0,0,0,,0,27,43,276,0,1,1,302,127,10,1.14059342991095,1,0.913907284768212,0.140065146579805,0.12463887742468,0.297344934066983,0,27.6,54.6
2015,REG,00-0027939,C.Newton,Cam Newton,QB,QB,"https://static.www.nfl.com/image/private/f_auto,q_auto/league/zwmgw2gmnn2kch4nquft",16,CAR,296,495,3837,35,10,33,284,1,1,5114,1473,195,85.8700784737645,0,0.750293312475557,0.111718747143976,132,636,10,4,3,56,25.6635830009214,0,0,0,0,0,0,0,0,0,0,,0,,,,,0,389.08,389.08
2015,REG,00-0027942,A.Green,A.J. Green,WR,WR,"https://static.www.nfl.com/image/private/f_auto,q_auto/league/guj5a9vnnzqfiljupzuj",16,CIN,0,0,0,0,0,0,0,0,0,0,0,0,,0,,,0,0,0,0,0,0,,0,86,132,1297,10,1,1,1686,341,63,75.5267015981008,0,0.769276393831554,0.266666666666667,0.384931506849315,0.669452054794521,0,187.7,273.7
2015,REG,00-0027944,J.Jones,Julio Jones,WR,WR,"https://static.www.nfl.com/image/upload/f_auto,q_auto/league/omrddf2phtyztzx2nup1",16,ATL,0,0,0,0,0,0,0,0,0,0,0,0,,0,,,0,0,0,0,0,0,,0,136,203,1871,8,3,1,2061,641,93,82.9326195408232,0,0.907811741872877,0.329011345218801,0.431171548117155,0.795337101510209,0,233.1,369.1
2015,REG,00-0027948,B.Gabbert,Blaine Gabbert,QB,QB,"https://static.www.nfl.com/image/private/f_auto,q_auto/league/fphhd3wedamgkps6e0dl",8,SF,178,282,2031,10,7,25,164,2,1,2027,1083,83,-30.8726065863851,0,1.0019733596448,0.0218991461743995,32,185,1,2,0,8,8.57436245071726,0,0,0,0,0,0,0,0,0,0,,0,,,,,0,129.74,129.74
2015,REG,00-0027949,J.Watt,J.J. Watt,DE,DL,"https://static.www.nfl.com/image/private/f_auto,q_auto/league/pooulgm7mdcx5x9gza7l",1,HOU,0,0,0,0,0,0,0,0,0,0,0,0,,0,,,0,0,0,0,0,0,,0,0,1,0,0,0,0,2,0,0,-0.836097657040227,0,0.0,0.0294117647058824,0.0052356020942408,0.0477825685247921,0,0.0,0.0
2015,REG,00-0027966,M.Ingram,Mark Ingram,RB,RB,"https://static.www.nfl.com/image/private/f_auto,q_auto/league/qyju9wutyssrf0b26ran",12,NO,0,0,0,0,0,0,0,0,0,0,0,0,,0,,,166,769,6,1,0,44,2.31279297676151,1,50,60,405,0,1,1,-2,460,22,-3.75250955581895,0,-202.5,0.121951219512195,-0.0005667327854916,0.182530116318449,0,153.4,203.4
2015,REG,00-0027973,A.Dalton,Andy Dalton,QB,QB,"https://static.www.nfl.com/image/upload/f_auto,q_auto/league/az1zo7fl2tozg50tgs0d",13,CIN,255,386,3250,25,7,20,118,2,2,3460,1486,147,116.20513929193,0,0.939306358381503,0.173294652893925,57,142,3,3,0,13,-7.01277326189858,0,0,0,0,0,0,0,0,0,0,,0,,,,,0,244.2,244.2
2015,REG,00-0027974,,Colin Kaepernick,QB,QB,"https://static.www.nfl.com/image/private/f_auto,q_auto/league/nnvil5vbsj1nbldpc9nl",9,SF,144,244,1615,6,5,28,166,1,0,1875,840,71,-27.3802892753724,1,0.861333333333333,0.0082744873301838,45,256,1,4,1,13,6.24495770205976,0,0,0,0,0,0,0,0,0,0,,0,,,,,0,110.2,110.2
2015,REG,00-0027981,K.Rudolph,Kyle Rudolph,TE,TE,"https://static.www.nfl.com/image/private/f_auto,q_auto/league/mtvrkfel5750mlevcvtp",16,MIN,0,0,0,0,0,0,0,0,0,0,0,0,,0,,,0,0,0,0,0,0,,0,49,73,495,5,0,0,608,203,25,5.24386246491828,0,0.814144736842105,0.164785553047404,0.191194968553459,0.381014807558528,0,79.5,128.5
2015,REG,00-0027985,L.Kendricks,Lance Kendricks,TE,TE,"https://static.www.nfl.com/image/private/f_auto,q_auto/league/njjeo5udwowpbfnufl5l",14,LA,0,0,0,0,0,0,0,0,0,0,0,0,,0,,,0,0,0,0,0,0,,0,25,40,245,2,0,0,238,129,11,-4.09553958888864,0,1.02941176470588,0.097323600973236,0.0722964763061968,0.196592934874192,0,36.5,61.5
2015,REG,00-0027994,S.Vereen,Shane Vereen,RB,RB,"https://static.www.nfl.com/image/private/f_auto,q_auto/league/grirsvo53nqb22jzb1zk",16,NYG,0,0,0,0,0,0,0,0,0,0,0,0,,0,,,61,260,0,0,0,13,-5.87789392385275,0,59,81,494,4,1,0,130,421,23,5.07045721541241,0,3.8,0.139655172413793,0.0303030303030303,0.230694879832811,0,99.4,158.4
2015,REG,00-0027996,T.Smith,Torrey Smith,WR,WR,"https://static.www.nfl.com/image/private/f_auto,q_auto/league/sqvbn4ybxagyfwva3i51",16,SF,0,0,0,0,0,0,0,0,0,0,0,0,,0,,,0,0,0,0,0,0,,0,33,62,663,4,0,0,864,218,23,26.5347464877746,1,0.767361111111111,0.118095238095238,0.222222222222222,0.332698412698413,0,92.3,125.3
2015,REG,00-0028002,R.Cobb,Randall Cobb,WR,WR,"https://static.www.nfl.com/image/private/f_auto,q_auto/league/kuwo5hnkbtesfw6n9w1s",16,GB,0,0,0,0,0,0,0,0,0,0,0,0,,0,,,13,50,0,0,0,3,-1.63749921094859,0,79,129,829,6,0,0,974,436,42,25.9940125780711,0,0.851129363449692,0.228318584070796,0.21229293809939,0.491082932775768,0,123.9,202.9
2015,REG,00-0028007,,Rob Housler,TE,TE,"https://static.www.nfl.com/image/private/f_auto,q_auto/league/lnu7z4mvnadgcnppqbxz",5,CHI,0,0,0,0,0,0,0,0,0,0,0,0,,0,,,0,0,0,0,0,0,,0,4,7,33,0,0,0,46,9,3,-0.297255647368729,0,0.717391304347826,0.0366492146596859,0.0260475651189128,0.0732071175727678,0,3.3,7.3
2015,REG,00-0028009,D.Murray,DeMarco Murray,RB,RB,"https://static.www.nfl.com/image/private/f_auto,q_auto/league/lu4pqg7cvxbz7z4oormo",15,PHI,0,0,0,0,0,0,0,0,0,0,0,0,,0,,,193,702,6,2,2,47,-14.7026285452885,0,44,55,322,1,0,0,-46,383,12,6.81413519990747,0,-7.0,0.11,-0.0134936931651511,0.155554414784394,0,140.4,184.4
2015,REG,00-0028011,S.Ridley,Stevan Ridley,RB,RB,"https://static.www.nfl.com/image/private/f_auto,q_auto/league/futdstbe48qaqcvtolzj",8,NYJ,0,0,0,0,0,0,0,0,0,0,0,0,,0,,,36,90,0,0,0,5,-9.92154270067113,0,4,5,-2,0,0,0,-11,11,0,-3.12527464219602,0,0.181818181818182,0.043859649122807,-0.0092592592592592,0.059307992202729,0,8.8,12.8
2015,REG,00-0028012,R.Mallett,Ryan Mallett,QB,QB,"https://static.www.nfl.com/image/private/f_auto,q_auto/league/tvn03oot2ttdoog5x0qr",7,BAL,136,244,1336,5,6,6,32,0,0,2071,470,76,-17.338725583748,1,0.645098985997103,0.0007778623308618,5,15,1,0,0,2,2.86773457698291,0,0,0,0,0,0,0,0,0,0,,0,,,,,0,70.94,70.94
2015,REG,00-0028017,,Leonard Hankerson,WR,WR,,7,ATL,0,0,0,0,0,0,0,0,0,0,0,0,,0,,,0,0,0,0,0,0,,0,26,46,327,3,0,0,411,119,19,18.9418744451514,0,0.795620437956204,0.168498168498169,0.190101757631822,0.385818483089528,0,50.7,76.7
2015,REG,00-0028020,,Vincent Brown,WR,WR,"https://static.www.nfl.com/image/private/f_auto,q_auto/league/oh5svrazghe5xnwz5jpw",1,LAC,0,0,0,0,0,0,0,0,0,0,0,0,,0,,,0,0,0,0,0,0,,0,1,2,22,0,0,0,18,2,1,1.35823377541965,0,1.22222222222222,0.0476190476190476,0.0467532467532468,0.104155844155844,0,2.2,3.2
2015,REG,00-0028040,,Jordan Cameron,TE,TE,"https://static.www.nfl.com/image/private/f_auto,q_auto/league/oyhmlsxyzwbznmeqnf9i",16,MIA,0,0,0,0,0,0,0,0,0,0,0,0,,0,,,0,0,0,0,0,0,,0,35,70,386,3,1,0,730,82,21,-5.98079764783198,0,0.528767123287671,0.120481927710843,0.143757384797164,0.28135306092428,0,56.6,91.6
2015,REG,00-0028042,L.Stocker,Luke Stocker,TE,TE,"https://static.www.nfl.com/image/private/f_auto,q_auto/league/keoilbfzupthtliuou1a",8,TB,0,0,0,0,0,0,0,0,0,0,0,0,,0,,,0,0,0,0,0,0,,0,9,13,61,1,0,0,32,39,3,1.12054017868794,0,1.90625,0.0459363957597173,0.0107202680067002,0.0764087812442661,0,12.1,21.1
2015,REG,00-0028043,,Roy Helu,RB,RB,"https://static.www.nfl.com/image/private/f_auto,q_auto/league/ahtlpumbpwlc7xm9ci9h",8,LV,0,0,0,0,0,0,0,0,0,0,0,0,,0,,,17,39,0,0,0,4,-2.37820836287267,0,9,16,75,1,0,0,12,89,6,-8.31065208434353,0,6.25,0.0727272727272727,0.0082987551867219,0.114900037721614,0,17.4,26.4
2015,REG,00-0028050,,Greg Salas,WR,WR,,1,BUF,0,0,0,0,0,0,0,0,0,0,0,0,,0,,,0,0,0,0,0,0,,0,3,5,41,0,0,0,62,14,3,3.81043357617455,0,0.661290322580645,0.178571428571429,0.273127753303965,0.459046570169918,0,4.1,7.1
2015,REG,00-0028052,,Cecil Shorts,WR,WR,"https://static.www.nfl.com/image/private/f_auto,q_auto/league/zdsyqinswn0k8664k9qs",11,HOU,1,1,21,1,0,0,0,0,0,17,4,1,2.26592227281071,0,1.23529411764706,,10,47,0,1,0,3,0.410627088102046,0,42,75,484,2,1,1,648,210,27,-5.72549221556375,0,0.746913580246914,0.177304964539007,0.150697674418605,0.371445818901534,0,67.94,109.94
2015,REG,00-0028053,,Kendall Hunter,RB,RB,"https://static.www.nfl.com/image/private/f_auto,q_auto/league/m9tciwm7ffejuubhfh7n",1,NO,0,0,0,0,0,0,0,0,0,0,0,0,,0,,,1,2,0,0,0,0,-0.549489968921989,0,0,0,0,0,0,0,0,0,0,,0,,,,,0,0.2,0.2
2015,REG,00-0028063,T.Jones,Taiwan Jones,RB,RB,"https://static.www.nfl.com/image/private/f_auto,q_auto/league/va09vgfr7bdc2wb6ikq4",9,LV,0,0,0,0,0,0,0,0,0,0,0,0,,0,,,16,74,0,1,0,3,-0.442868012876716,0,7,9,106,1,0,0,-13,114,4,7.9279807771741,0,-8.15384615384615,0.0379746835443038,-0.0071902654867256,0.0519288394757477,0,24.0,31.0
2015,REG,00-0028064,B.Powell,Bilal Powell,RB,RB,"https://static.www.nfl.com/image/private/f_auto,q_auto/league/a5qlloemeetaqawzwuf7",11,NYJ,0,0,0,0,0,0,0,0,0,0,0,0,,0,,,70,313,1,1,0,18,-0.283290625305826,0,47,63,388,2,1,0,66,420,21,0.506453553095809,0,5.87878787878788,0.152912621359223,0.0175345377258236,0.241643108446911,0,88.1,135.1
2015,REG,00-0028067,J.Thomas,Julius Thomas,TE,TE,"https://static.www.nfl.com/image/private/f_auto,q_auto/league/ephrfopvlebj4fdcl67a",12,JAX,0,0,0,0,0,0,0,0,0,0,0,0,,0,,,0,0,0,0,0,0,,0,46,80,455,5,0,0,678,145,25,-0.225829180761742,0,0.671091445427729,0.178173719376392,0.165204678362573,0.382903853918389,0,75.5,121.5
2015,REG,00-0028074,A.Sherman,Anthony Sherman,RB,RB,"https://static.www.nfl.com/image/private/f_auto,q_auto/league/ibmfpy4ztgmqfwtood5x",4,KC,0,0,0,0,0,0,0,0,0,0,0,0,,0,,,1,0,0,0,0,0,-1.29563101974782,0,4,5,34,0,0,0,-7,39,1,-2.60122346529647,0,-4.85714285714286,0.0442477876106195,-0.008073817762399,0.0607200089822498,0,3.4,7.4
2015,REG,00-0028083,J.Rodgers,Jacquizz Rodgers,RB,RB,"https://static.www.nfl.com/image/private/f_auto,q_auto/league/ztmescfueap5glplyf7w",5,CHI,0,0,0,0,0,0,0,0,0,0,0,0,,0,,,14,41,0,0,0,3,-2.76039222480553,0,1,3,10,0,0,0,-11,14,0,-1.47072590654716,0,-0.909090909090909,0.0315789473684211,-0.0161054172767204,0.0360946289589273,0,5.1,6.1
2015,REG,00-0028087,D.Lewis,Dion Lewis,RB,RB,"https://static.www.nfl.com/image/private/f_auto,q_auto/league/erzmtaaz3eimbg998hyq",7,NE,0,0,0,0,0,0,0,0,0,0,0,0,,0,,,49,234,2,0,0,15,8.56677927843126,0,36,50,388,2,2,1,116,340,16,12.5922962267662,0,3.3448275862069,0.183150183150183,0.0610205155181483,0.317439635587979,0,84.2,120.2
2015,REG,00-0028090,T.Yates,T.J. Yates,QB,QB,"https://static.www.nfl.com/image/private/f_auto,q_auto/league/h8x0pbhc1s5dwjuzipsb",4,HOU,28,57,370,3,1,5,33,1,1,643,117,19,-4.81258677065842,0,0.57542768273717,-0.0194300379219695,6,0,0,0,0,0,-3.234745539492,0,0,0,0,0,0,0,0,0,0,,0,,,,,0,22.8,22.8
2015,REG,00-0028091,J.Kerley,Jeremy Kerley,WR,WR,"https://static.www.nfl.com/image/private/f_auto,q_auto/league/lsfc40maht2r3k0ctu1b",5,NYJ,0,0,0,0,0,0,0,0,0,0,0,0,,0,,,0,0,0,0,0,0,,0,16,26,152,2,0,0,134,95,8,3.23465086362558,0,1.13432835820896,0.122641509433962,0.0715429791777896,0.234042349575396,0,27.2,43.2
2015,REG,00-0028097,L.Smith,Lee Smith,TE,TE,"https://static.www.nfl.com/image/private/f_auto,q_auto/league/gcaqwhzrinlqicrljwlr",10,LV,0,0,0,0,0,0,0,0,0,0,0,0,,0,,,0,0,0,0,0,0,,0,12,13,70,1,0,0,20,57,4,1.42712833451936,0,3.5,0.0336787564766839,0.0066334991708126,0.0551615841345947,0,13.0,25.0
2015,REG,00-0028112,C.Clay,Charles Clay,TE,TE,"https://static.www.nfl.com/image/private/f_auto,q_auto/league/gbfhfjn5cxtou5aazegt",13,BUF,0,0,0,0,0,0,0,0,0,0,0,0,,0,,,0,0,0,0,0,0,,0,51,77,528,3,1,0,579,237,26,11.5073212604038,0,0.911917098445596,0.197943444730077,0.145697030699547,0.398903088584799,0,70.8,121.8
2015,REG,00-0028114,D.Harris,Dwayne Harris,WR,WR,"https://static.www.nfl.com/image/private/f_auto,q_auto/league/cz34jefkstkm3mvjznvg",14,NYG,0,0,0,0,0,0,0,0,0,0,0,0,,0,,,2,12,0,0,0,1,0.236443914938718,0,36,57,396,4,0,0,467,137,19,6.6886477687392,0,0.84796573875803,0.114,0.120516129032258,0.255361290322581,2,76.8,112.8
2015,REG,00-0028118,T.Taylor,Tyrod Taylor,QB,QB,"https://static.www.nfl.com/image/upload/f_auto,q_auto/league/xk8e04jdsvigd6fky3uy",14,BUF,242,380,3035,20,6,36,212,5,1,3997,1125,129,56.5951185201849,0,0.759319489617213,0.109210007106316,104,568,4,3,0,28,12.3270877625976,1,1,1,4,0,0,0,3,1,0,-0.0601255891378969,0,1.33333333333333,0.0555555555555556,0.0182926829268293,0.0961382113821138,0,270.6,271.6
2015,REG,00-0028121,J.Todman,Jordan Todman,RB,RB,"https://static.www.nfl.com/image/private/f_auto,q_auto/league/lhoxroo20gf8a3mbiczr",3,PIT,0,0,0,0,0,0,0,0,0,0,0,0,,0,,,4,22,0,0,0,1,0.0437945108860731,0,0,2,0,0,0,0,1,0,0,-0.826454560970888,0,0.0,0.04,0.0019801980198019,0.0613861386138614,0,2.2,2.2
2015,REG,00-0028142,V.Green,Virgil Green,TE,TE,"https://static.www.nfl.com/image/private/f_auto,q_auto/league/wcdedz1qf7ybkujat6bu",11,DEN,0,0,0,0,0,0,0,0,0,0,0,0,,0,,,0,0,0,0,0,0,,0,12,15,173,1,0,0,71,121,9,15.8597295725776,0,2.43661971830986,0.0366748166259169,0.019580805295091,0.068718788645439,0,23.3,35.3
2015,REG,00-0028149,B.Miller,Bruce Miller,FB,RB,"https://static.www.nfl.com/image/private/f_auto,q_auto/league/xmxfgtmbvqxhpp3ldkwq",10,SF,0,0,0,0,0,0,0,0,0,0,0,0,,0,,,6,14,1,0,0,5,5.2880955056753,0,10,14,135,0,0,0,39,99,5,2.98727243501271,0,3.46153846153846,0.0454545454545455,0.0297709923664122,0.0890215128383067,0,20.9,30.9
2015,REG,00-0028198,,Matt Asiata,RB,RB,,15,MIN,0,0,0,0,0,0,0,0,0,0,0,0,,0,,,29,112,0,0,0,3,-7.55555435264905,0,19,22,132,0,0,0,-78,200,5,-2.57766466220334,0,-1.69230769230769,0.0647058823529412,-0.0379377431906615,0.0705024032959488,0,24.4,43.4
2015,REG,00-0028202,S.Draughn,Shaun Draughn,RB,RB,"https://static.www.nfl.com/image/private/f_auto,q_auto/league/bxkirs3zrup0djv8x2ns",9,SF,0,0,0,0,0,0,0,0,0,0,0,0,,0,,,78,273,1,1,0,13,-11.594737486128,0,27,35,176,0,0,0,12,175,7,-5.97882331023011,0,14.6666666666667,0.107361963190184,0.0057831325301204,0.16509113755636,0,50.9,77.9
2015,REG,00-0028237,C.Hogan,Chris Hogan,WR,WR,"https://static.www.nfl.com/image/private/f_auto,q_auto/league/fmpqnciwjqicsjzy63mc",13,BUF,1,1,4,0,0,0,0,0,0,3,1,0,-0.0601255891378969,0,1.33333333333333,,1,4,0,0,0,0,-0.103901258902624,0,36,59,450,2,0,0,783,107,18,4.4573950079857,0,0.574712643678161,0.145679012345679,0.18576512455516,0.348554105707131,0,57.56,93.56
2015,REG,00-0028249,J.Ross,Jeremy Ross,WR,WR,"https://static.www.nfl.com/image/private/f_auto,q_auto/league/r5cp8mxbvtn7tomfavni",4,BAL,0,0,0,0,0,0,0,0,0,0,0,0,,0,,,1,2,0,0,0,1,0.235043041175231,0,9,14,88,0,0,0,84,72,4,1.67335713408867,0,1.04761904761905,0.0858895705521472,0.0634441087613293,0.173245231961151,0,9.0,18.0
2015,REG,00-0028263,A.Holmes,Andre Holmes,WR,WR,"https://static.www.nfl.com/image/private/f_auto,q_auto/league/ujb4sism9jdte3o8ofve",13,LV,0,0,0,0,0,0,0,0,0,0,0,0,,0,,,0,0,0,0,0,0,,0,14,33,201,4,0,0,496,43,9,3.02338010481855,0,0.405241935483871,0.0663983903420523,0.123352399900522,0.185944265443444,0,44.1,58.1
2015,REG,00-0028409,D.Harris,DuJuan Harris,RB,RB,"https://static.www.nfl.com/image/private/f_auto,q_auto/league/bm9b6aulywolcwjqjcpo",4,SF,0,0,0,0,0,0,0,0,0,0,0,0,,0,,,48,189,0,1,1,8,-8.63633956646663,0,9,14,97,0,0,0,10,98,5,4.58056424732786,0,9.7,0.181818181818182,0.0485436893203884,0.306707855251545,0,26.6,35.6
2015,REG,00-0028411,D.Inman,Dontrelle Inman,WR,WR,"https://static.www.nfl.com/image/private/f_auto,q_auto/league/josp2o2ri6tknqzt87qc",12,LAC,0,0,0,0,0,0,0,0,0,0,0,0,,0,,,0,0,0,0,0,0,,0,35,63,486,3,2,1,791,177,21,24.3043377889521,0,0.61441213653603,0.1237721021611,0.211214953271028,0.33350862053137,0,64.6,99.6
2015,REG,00-0028434,D.Baldwin,Doug Baldwin,WR,WR,"https://static.www.nfl.com/image/private/f_auto,q_auto/league/kccmcttfdtl7m3g49vb8",16,SEA,0,0,0,0,0,0,0,0,0,0,0,0,,0,,,0,0,0,0,0,0,,0,78,103,1069,14,1,0,990,440,47,66.427526243145,0,1.07979797979798,0.218220338983051,0.242290748898678,0.496934032703651,0,190.9,268.9
2015,REG,00-0028442,,Ricardo Lockette,WR,WR,"https://static.www.nfl.com/image/private/f_auto,q_auto/league/ndopq6pewcj9dfr27hlc",4,SEA,0,0,0,0,0,0,0,0,0,0,0,0,,0,,,0,0,0,0,0,0,,0,4,7,71,1,0,0,77,15,2,3.30508244154044,0,0.922077922077922,0.0642201834862385,0.0736842105263158,0.147909222597779,0,13.1,17.1
2015,REG,00-0028497,K.Aiken,Kamar Aiken,WR,WR,"https://static.www.nfl.com/image/private/f_auto,q_auto/league/u0fe10u5kbeyhe65spby",16,BAL,0,0,0,0,0,0,0,0,0,0,0,0,,0,,,0,0,0,0,0,0,,0,75,127,944,5,1,1,1564,211,53,17.6511315362606,0,0.603580562659847,0.190119760479042,0.307631785995279,0.500521890915258,0,122.4,197.4
2015,REG,00-0028564,,Isa Abdul-Quddus,SS,DB,"https://static.www.nfl.com/image/private/f_auto,q_auto/league/wbmpf9gwwtipcoyrmpr4",2,DET,0,0,0,0,0,0,0,0,0,0,0,0,,0,,,2,34,0,0,0,2,6.33429504878586,0,0,0,0,0,0,0,0,0,0,,0,,,,,0,3.4,3.4
2015,REG,00-0028581,P.DiMarco,Patrick DiMarco,FB,RB,"https://static.www.nfl.com/image/private/f_auto,q_auto/league/chit1zcsfqaoqzkqc9eh",10,ATL,0,0,0,0,0,0,0,0,0,0,0,0,,0,,,1,0,0,0,0,0,-1.4263419364579,0,13,17,110,2,0,0,66,49,9,6.81294911204262,0,1.66666666666667,0.046831955922865,0.0332326283987915,0.0935107737634516,0,23.0,36.0
2015,REG,00-0028595,S.Tolzien,Scott Tolzien,QB,QB,"https://static.www.nfl.com/image/private/f_auto,q_auto/league/kt8ji3aejylpnpskeqzn",2,GB,1,1,4,0,0,1,8,0,0,4,0,0,-1.92990322993137,0,1.0,,3,-3,0,1,0,0,-3.76182825147407,0,0,0,0,0,0,0,0,0,0,,0,,,,,0,-0.14,-0.14
2015,REG,00-0028702,C.Matthews,Chris Matthews,WR,WR,"https://static.www.nfl.com/image/private/f_auto,q_auto/league/yhaaa3gyqbin9feahr0v",11,BAL,0,0,0,0,0,0,0,0,0,0,0,0,,0,,,0,0,0,0,0,0,,0,13,25,151,1,0,0,339,42,9,2.56182185999678,0,0.445427728613569,0.0645994832041344,0.102789569436022,0.168851923411417,0,21.1,34.1
2015,REG,00-0028825,T.Pryor,Terrelle Pryor,WR,WR,"https://static.www.nfl.com/image/private/f_auto,q_auto/league/ac6blk5o4ztsr7hvtil9",2,CLE,0,0,0,0,0,0,0,0,0,0,0,0,,0,,,1,-1,0,0,0,0,-0.792778984643519,0,1,8,42,0,0,0,114,5,1,-2.05680269157933,0,0.368421052631579,0.103896103896104,0.209944751381215,0.302805481811007,0,4.1,5.1
2015,REG,00-0028838,L.Donnell,Larry Donnell,TE,TE,"https://static.www.nfl.com/image/private/f_auto,q_auto/league/beuv1dnhzlntfnnvh2zv",8,NYG,0,0,0,0,0,0,0,0,0,0,0,0,,0,,,0,0,0,0,0,0,,0,29,41,223,2,0,0,247,86,13,0.524318153995627,0,0.902834008097166,0.139455782312925,0.11897880539499,0.292468837245881,0,34.3,63.3
2015,REG,00-0028841,,Will Johnson,RB,RB,"https://static.www.nfl.com/image/private/f_auto,q_auto/league/zon7oejkgzgqyzcdhach",5,PIT,0,0,0,0,0,0,0,0,0,0,0,0,,0,,,4,7,1,0,0,1,0.423183380335104,0,2,4,16,0,0,0,46,5,1,-3.35840662446572,1,0.347826086956522,0.0291970802919708,0.0322354590049054,0.06636044174139,0,10.3,12.3
2015,REG,00-0028872,J.Hekker,Johnny Hekker,P,SPEC,"https://static.www.nfl.com/image/upload/f_auto,q_auto/league/bcl8kjfwubicyywpxfny",4,LA,1,4,20,0,0,0,0,0,0,64,0,1,-5.2535749868257,0,0.3125,,0,0,0,0,0,0,,0,0,0,0,0,0,0,0,0,0,,0,,,,,0,0.8,0.8
2015,REG,00-0028903,G.Celek,Garrett Celek,TE,TE,"https://static.www.nfl.com/image/private/f_auto,q_auto/league/hin5nyuakhpbngjhepty",10,SF,0,0,0,0,0,0,0,0,0,0,0,0,,0,,,0,0,0,0,0,0,,0,19,28,186,3,0,0,175,98,10,12.7957930129778,0,1.06285714285714,0.0927152317880795,0.0717801476620181,0.189318951045532,0,36.6,55.6
2015,REG,00-0028905,,Chris Owusu,WR,WR,"https://static.www.nfl.com/image/private/f_auto,q_auto/league/jt4c83h8nuz5einex0ya",3,NYJ,0,0,0,0,0,0,0,0,0,0,0,0,,0,,,0,0,0,0,0,0,,0,6,13,80,0,0,0,212,22,2,-1.68048527050996,0,0.377358490566038,0.134020618556701,0.217882836587873,0.353548913446562,0,8.0,14.0
2015,REG,00-0028957,A.Davis,Austin Davis,QB,QB,"https://static.www.nfl.com/image/private/f_auto,q_auto/league/wmquxjs1nuwferz7o9q2",3,CLE,56,94,547,1,3,11,96,1,1,776,213,25,-36.8369728113584,0,0.704896907216495,0.0228663895946023,7,33,0,1,1,4,-1.94330121128587,0,0,0,0,0,0,0,0,0,0,,0,,,,,0,19.18,19.18
2015,REG,00-0028958,C.Harkey,Cory Harkey,TE,TE,"https://static.www.nfl.com/image/private/f_auto,q_auto/league/qnxxlalj3rx8oueqjgsv",6,LA,0,0,0,0,0,0,0,0,0,0,0,0,,0,,,0,0,0,0,0,0,,0,5,6,26,0,0,0,4,22,2,0.986092447768897,0,6.5,0.0298507462686567,0.00390625,0.0475104944029851,0,2.6,7.6
2015,REG,00-0028986,C.Keenum,Case Keenum,QB,QB,"https://static.www.nfl.com/image/upload/f_auto,q_auto/league/zj2xieg6nctsabgzu65n",5,LA,76,125,828,4,1,4,28,1,1,1009,400,41,10.3894248723949,0,0.820614469772052,0.0506151703768282,12,5,0,2,1,1,-11.8020470819638,0,0,0,0,0,0,0,0,0,0,,0,,,,,0,43.62,43.62
2015,REG,00-0028987,P.Supernaw,Phillip Supernaw,TE,TE,"https://static.www.nfl.com/image/private/f_auto,q_auto/league/wltyuqbgmkisakjqkua5",2,TEN,0,0,0,0,0,0,0,0,0,0,0,0,,0,,,0,0,0,0,0,0,,0,3,4,32,0,1,1,28,13,1,-6.0724510694854,0,1.14285714285714,0.0547945205479452,0.0351758793969849,0.106814896399807,0,1.2,4.2
2015,REG,00-0029000,C.Beasley,Cole Beasley,WR,WR,"https://static.www.nfl.com/image/private/f_auto,q_auto/league/y5r0fhwctl6ljwvmktvu",16,DAL,0,0,0,0,0,0,0,0,0,0,0,0,,0,,,0,0,0,0,0,0,,0,52,75,536,5,1,1,351,324,31,16.2960358093573,0,1.52706552706553,0.144508670520231,0.0873568939771031,0.277912831564319,0,81.6,133.6
2015,REG,00-0029004,L.Dunbar,Lance Dunbar,RB,RB,"https://static.www.nfl.com/image/private/f_auto,q_auto/league/mwxzuvjfvoecnoze3aty",4,DAL,0,0,0,0,0,0,0,0,0,0,0,0,,0,,,5,67,0,0,0,1,2.2492715480621,0,21,23,215,0,0,0,100,151,9,8.8249242400052,0,2.15,0.219047619047619,0.17921146953405,0.454019457245264,0,28.2,49.2
2015,REG,00-0029033,G.Whalen,Griff Whalen,WR,WR,"https://static.www.nfl.com/image/private/f_auto,q_auto/league/zx4nnnnmgl0kvguwpiuz",7,IND,0,0,0,0,0,0,0,0,0,0,0,0,,0,,,0,0,0,0,0,0,,0,19,26,205,1,1,1,208,51,11,0.888906447798945,0,0.985576923076923,0.0962962962962963,0.0895779500430663,0.207149009474591,0,24.5,43.5
2015,REG,00-0029068,D.Coleman,Derrick Coleman,FB,RB,"https://static.www.nfl.com/image/private/f_auto,q_auto/league/jmgzlxi6qlrvvyrzkuh2",5,SEA,0,0,0,0,0,0,0,0,0,0,0,0,,0,,,8,32,0,0,0,3,1.94506059109699,0,1,1,0,0,0,0,0,0,0,-0.694319675443694,0,,0.0344827586206897,,,0,3.2,4.2
2015,REG,00-0029104,,Jonas Gray,RB,RB,,7,JAX,0,0,0,0,0,0,0,0,0,0,0,0,,0,,,45,176,0,0,0,11,-5.25620984067791,0,7,8,76,0,0,0,18,59,2,0.609422203153372,0,4.22222222222222,0.0645161290322581,0.0186335403726708,0.109817671809257,0,25.2,32.2
2015,REG,00-0029119,D.Carrier,Derek Carrier,TE,TE,"https://static.www.nfl.com/image/private/f_auto,q_auto/league/fohbnjxhixammxtonhnd",11,WAS,0,0,0,0,0,0,0,0,0,0,0,0,,0,,,0,0,0,0,0,0,,0,17,22,141,1,0,0,136,77,4,1.8180448327912,0,1.03676470588235,0.0554156171284635,0.0471567267683773,0.116133134430559,0,20.1,37.1
2015,REG,00-0029129,R.Streater,Rod Streater,WR,WR,"https://static.www.nfl.com/image/private/f_auto,q_auto/league/szf4hqnrz6egphxvcwnf",1,LV,0,0,0,0,0,0,0,0,0,0,0,0,,0,,,0,0,0,0,0,0,,0,1,1,8,0,0,0,7,1,1,0.770944681949914,0,1.14285714285714,0.0232558139534884,0.031390134529148,0.0568568151006361,0,0.8,1.8
2015,REG,00-0029137,A.Jeffery,Alshon Jeffery,WR,WR,"https://static.www.nfl.com/image/private/f_auto,q_auto/league/qrbsgwhzlsmwgkdfjryh",9,CHI,0,0,0,0,0,0,0,0,0,0,0,0,,0,,,0,0,0,0,0,0,,0,54,94,807,4,1,0,1371,177,43,19.6586568686843,0,0.588621444201313,0.313333333333333,0.515413533834586,0.830789473684211,0,104.7,158.7
2015,REG,00-0029141,A.Morris,Alfred Morris,RB,RB,"https://static.www.nfl.com/image/private/f_auto,q_auto/league/igrm4hy4pishp4rdamin",16,WAS,0,0,0,0,0,0,0,0,0,0,0,0,,0,,,202,751,1,0,0,32,-29.6785353711748,0,10,13,55,0,0,0,14,38,2,-0.320133410335984,0,3.92857142857143,0.0451388888888889,0.0074191838897721,0.0729017620561738,0,86.6,96.6
2015,REG,00-0029159,J.Kearse,Jermaine Kearse,WR,WR,"https://static.www.nfl.com/image/private/f_auto,q_auto/league/tvnzajvst7kdglamw4t6",16,SEA,0,0,0,0,0,0,0,0,0,0,0,0,,0,,,0,0,0,0,0,0,,0,49,68,685,5,1,0,811,228,32,41.6773331009521,0,0.844636251541307,0.14406779661017,0.198482623592756,0.355039531430183,0,98.5,147.5
2015,REG,00-0029205,T.Cadet,Travaris Cadet,RB,RB,"https://static.www.nfl.com/image/private/f_auto,q_auto/league/gj0pjzj0zzefpabtuki1",6,NO,0,1,0,0,0,0,0,0,0,15,0,0,-0.380782896187156,0,0.0,,11,28,0,1,1,0,-7.70232280652272,0,17,22,214,1,0,0,95,153,9,12.9620361284469,0,2.25263157894737,0.0890688259109312,0.0633755837224817,0.177966147472134,0,28.2,45.2
2015,REG,00-0029234,K.Moore,Kellen Moore,QB,QB,"https://static.www.nfl.com/image/private/f_auto,q_auto/league/cgppx5hltvlebgm5ywor",3,DAL,61,104,779,4,6,5,23,0,0,893,354,40,-0.488582166121596,0,0.872340425531915,0.0189426057652856,2,-1,0,1,1,0,-4.97037506906781,0,0,0,0,0,0,0,0,0,0,,0,,,,,0,33.06,33.06
2015,REG,00-0029239,B.Bolden,Brandon Bolden,RB,RB,"https://static.www.nfl.com/image/private/f_auto,q_auto/league/kqqwz35z9brhkzbs4bcn",11,NE,0,0,0,0,0,0,0,0,0,0,0,0,,0,,,63,207,0,0,0,9,-16.4031089571419,0,19,30,180,2,0,0,65,129,8,2.24234969017562,0,2.76923076923077,0.0755667506297229,0.0189504373177843,0.126615432067033,0,50.7,69.7
2015,REG,00-0029253,M.Schwartz,Mitchell Schwartz,T,OL,"https://static.www.nfl.com/image/private/f_auto,q_auto/league/medunik6gnlqevrkn2c5",1,CLE,0,0,0,0,0,0,0,0,0,0,0,0,,0,,,0,0,0,0,0,0,,0,0,1,0,0,0,0,-5,0,0,-1.69714945735177,0,0.0,0.0344827586206897,-0.0182481751824818,0.0389504153032973,0,0.0,0.0
2015,REG,00-0029262,R.Randle,Rueben Randle,WR,WR,"https://static.www.nfl.com/image/private/f_auto,q_auto/league/qsjafvitrrheqq3uku9g",16,NYG,0,0,0,0,0,0,0,0,0,0,0,0,,0,,,0,0,0,0,0,0,,0,57,90,801,8,0,0,984,205,35,26.3799503807805,0,0.814024390243903,0.146341463414634,0.208607165571338,0.365537211021888,0,128.1,185.1
2015,REG,00-0029263,R.Wilson,Russell Wilson,QB,QB,"https://static.www.nfl.com/image/upload/f_auto,q_auto/league/u36rhg0md8ey3b4khbre",16,SEA,329,483,4024,34,8,45,265,3,2,4122,1826,187,130.490345648988,0,0.976225133430374,0.188150255448954,103,553,1,4,1,31,4.0162710414694,0,0,0,0,0,0,0,0,0,0,,0,,,,,0,336.26,336.26
2015,REG,00-0029264,B.Pierce,Bernard Pierce,RB,RB,"https://static.www.nfl.com/image/private/f_auto,q_auto/league/fpkdvnu4uzvwxhwaryzm",4,JAX,0,0,0,0,0,0,0,0,0,0,0,0,,0,,,6,11,0,0,0,0,-3.76334761528414,0,3,5,7,0,0,0,32,2,0,-0.469878722418798,0,0.21875,0.0694444444444445,0.0473372781065089,0.137302761341223,0,1.8,4.8
2015,REG,00-0029269,T.Benjamin,Travis Benjamin,WR,WR,"https://static.www.nfl.com/image/private/f_auto,q_auto/league/io9silocxbywvisvcvpx",16,CLE,0,0,0,0,0,0,0,0,0,0,0,0,,0,,,4,12,0,0,0,1,0.120902510592714,0,68,125,966,5,1,1,1551,321,39,7.67471630026217,0,0.622823984526112,0.207986688851913,0.320985099337748,0.536669602814294,1,131.8,199.8
2015,REG,00-0029273,R.Turbin,Robert Turbin,RB,RB,"https://static.www.nfl.com/image/private/f_auto,q_auto/league/vkqpomzfvo7kei1729jm",10,DAL,0,0,0,0,0,0,0,0,0,0,0,0,,0,,,50,199,1,0,0,10,-5.18819793241874,0,7,10,23,0,0,0,-6,26,0,-8.81111042958219,0,-3.83333333333333,0.0404858299595142,-0.0035906642728904,0.0582152799482479,0,28.2,35.2
2015,REG,00-0029275,,Ladarius Green,TE,TE,"https://static.www.nfl.com/image/private/f_auto,q_auto/league/h6emukrr14tvhufmdy1c",13,LAC,0,0,0,0,0,0,0,0,0,0,0,0,,0,,,0,0,0,0,0,0,,0,37,63,429,4,0,0,485,222,24,20.3046889710275,2,0.884536082474227,0.116236162361624,0.125161290322581,0.261967146768242,0,70.9,107.9
2015,REG,00-0029293,M.Jones,Marvin Jones,WR,WR,"https://static.www.nfl.com/image/private/f_auto,q_auto/league/ciy9sxefmcnwjw7ln3h2",16,CIN,0,0,0,0,0,0,0,0,0,0,0,0,,0,,,5,33,0,0,0,1,-1.01294752355898,0,65,103,816,4,0,0,1330,289,33,26.8273240986065,0,0.613533834586466,0.208080808080808,0.30365296803653,0.524678289746783,0,108.9,173.9
2015,REG,00-0029304,B.Nortman,Brad Nortman,P,SPEC,"https://static.www.nfl.com/image/private/f_auto,q_auto/league/aps6fvcgwuqcpsnlkcy5",1,CAR,0,0,0,0,0,0,0,0,0,0,0,0,,0,,,1,-1,0,0,0,0,-1.11392400995828,0,0,0,0,0,0,0,0,0,0,,0,,,,,0,-0.1,-0.1
2015,REG,00-0029319,J.Bellamy,Josh Bellamy,WR,WR,"https://static.www.nfl.com/image/private/f_auto,q_auto/league/kgyz7lr35xl5j7oxjwlw",10,CHI,0,0,0,0,0,0,0,0,0,0,0,0,,0,,,0,0,0,0,0,0,,0,19,34,224,2,0,0,351,68,8,4.11664048676091,0,0.638176638176638,0.104938271604938,0.131313131313131,0.249326599326599,0,34.4,53.4
2015,REG,00-0029336,B.Golden,Brittan Golden,WR,WR,"https://static.www.nfl.com/image/private/f_auto,q_auto/league/ccqjg5sjhxmgmsvraig5",1,ARI,0,0,0,0,0,0,0,0,0,0,0,0,,0,,,0,0,0,0,0,0,,0,1,1,5,0,0,0,5,0,1,1.05905954958871,0,1.0,0.0232558139534884,0.0108459869848156,0.0424759118196035,0,0.5,1.5
2015,REG,00-0029384,B.Rainey,Bobby Rainey,RB,RB,"https://static.www.nfl.com/image/private/f_auto,q_auto/league/vf2lmyxgjhrah1hfed1x",5,TB,0,0,0,0,0,0,0,0,0,0,0,0,,0,,,5,18,0,1,0,0,-2.72189443587558,0,3,3,16,0,0,0,-5,21,1,0.601991248258855,0,-3.2,0.036144578313253,-0.0069348127600554,0.0493624985378407,0,3.4,6.4
2015,REG,00-0029388,D.Thompson,Deonte Thompson,WR,WR,"https://static.www.nfl.com/image/private/f_auto,q_auto/league/bvfgozqccoo627wuitkb",2,CHI,0,0,0,0,0,0,0,0,0,0,0,0,,0,,,0,0,0,0,0,0,,0,2,3,81,0,0,0,103,3,2,1.55429922137409,0,0.786407766990291,0.0555555555555556,0.164012738853503,0.198142250530786,0,8.1,10.1
2015,REG,00-0029394,B.Bersin,Brenton Bersin,WR,WR,"https://static.www.nfl.com/image/private/f_auto,q_auto/league/gjkirn3lffpdr7gn8ars",5,CAR,0,0,0,0,0,0,0,0,0,0,0,0,,0,,,0,0,0,0,0,0,,0,9,11,119,0,1,1,100,33,5,0.632787650742102,0,1.19,0.0785714285714286,0.0741289844329133,0.169747431960182,0,9.9,18.9
2015,REG,00-0029407,,Will Hill,SS,DB,"https://static.www.nfl.com/image/private/f_auto,q_auto/league/p6gjpupkmex1bb5ykoat",1,BAL,0,0,0,0,0,0,0,0,0,0,0,0,,0,,,0,0,0,0,0,0,,0,0,0,0,0,0,0,0,0,0,,0,,,,,1,6.0,6.0
2015,REG,00-0029415,K.Martin,Keshawn Martin,WR,WR,"https://static.www.nfl.com/image/private/f_auto,q_auto/league/guf4yzrzgnpmx7uonpqs",9,NE,0,0,0,0,0,0,0,0,0,0,0,0,,0,,,1,6,0,0,0,0,0.323847465682775,0,24,37,269,2,0,0,374,76,14,11.9261743894348,0,0.719251336898396,0.114551083591331,0.153782894736842,0.279474651702786,0,39.5,63.5
2015,REG,00-0029418,N.Goode,Najee Goode,OLB,LB,"https://static.www.nfl.com/image/private/f_auto,q_auto/league/ckpr6au1fwxxfcsbrrej",1,PHI,0,0,0,0,0,0,0,0,0,0,0,0,,0,,,0,0,0,0,0,0,,0,0,0,0,0,0,0,0,0,0,,0,,,,,1,6.0,6.0
2015,REG,00-0029429,,Bryce Brown,RB,RB,"https://static.www.nfl.com/image/private/f_auto,q_auto/league/sf0mz0q1kzqu2v3lmmsa",3,SEA,0,0,0,0,0,0,0,0,0,0,0,0,,0,,,25,72,1,0,0,6,-3.88617081812117,0,0,2,0,0,0,0,13,0,0,-1.37066501169465,0,0.0,0.0289855072463768,0.0212418300653595,0.0583475419153169,0,13.2,13.2
2015,REG,00-0029435,,Damaris Johnson,WR,WR,"https://static.www.nfl.com/image/private/f_auto,q_auto/league/fbcf86kaohvtyvoz2t0y",1,NE,0,0,0,0,0,0,0,0,0,0,0,0,,0,,,1,6,0,0,0,0,0.258830004837364,0,0,0,0,0,0,0,0,0,0,,0,,,,,0,0.6,0.6
2015,REG,00-0029438,,Chris Polk,RB,RB,"https://static.www.nfl.com/image/private/f_auto,q_auto/league/yuwqhwdnbrd2ie34zxz8",15,HOU,0,0,0,0,0,0,0,0,0,0,0,0,,0,,,99,334,1,0,0,13,-18.8337374870898,0,16,28,109,1,0,0,85,57,5,-5.43427068379242,0,1.28235294117647,0.0615384615384615,0.0196350196350196,0.106052206052206,0,56.3,72.3
2015,REG,00-0029492,J.Olawale,Jamize Olawale,FB,RB,"https://static.www.nfl.com/image/private/f_auto,q_auto/league/dp7xdilrkk9f2i5ovne9",10,LV,0,0,0,0,0,0,0,0,0,0,0,0,,0,,,24,110,1,0,0,9,2.37884656863753,0,9,11,84,0,0,0,20,67,5,0.122205718304031,0,4.2,0.0484581497797357,0.0164338537387017,0.0841909222866947,0,25.4,34.4
2015,REG,00-0029510,J.Grimes,Jonathan Grimes,RB,RB,"https://static.www.nfl.com/image/private/f_auto,q_auto/league/kzodfrw342cy91lw12n4",13,HOU,0,1,0,0,0,0,0,0,0,3,0,0,-0.958855908713304,0,0.0,,56,282,1,0,0,11,-3.01895350584528,1,26,31,173,1,0,0,74,131,7,-1.74527415541349,0,2.33783783783784,0.0725995316159251,0.0198711063372718,0.122809071859978,0,59.5,85.5
2015,REG,00-0029531,,Ryan Lindley,QB,QB,"https://static.www.nfl.com/image/private/f_auto,q_auto/league/hkcspynbhidpjfs3npao",1,IND,6,10,58,1,0,0,0,0,0,83,11,4,3.3890308131231,0,0.698795180722892,0.1376688429778,0,0,0,0,0,0,,0,0,0,0,0,0,0,0,0,0,,0,,,,,0,6.32,6.32
2015,REG,00-0029534,C.Helfet,Cooper Helfet,TE,TE,"https://static.www.nfl.com/image/private/f_auto,q_auto/league/qwcm0hofeezyv0fr1wbf",7,SEA,0,0,0,0,0,0,0,0,0,0,0,0,,0,,,0,0,0,0,0,0,,0,13,22,130,0,0,0,117,79,7,6.9185846443288,0,1.11111111111111,0.102325581395349,0.0683012259194396,0.201299230236631,0,13.0,26.0
2015,REG,00-0029563,,Omar Bolden,FS,DB,"https://static.www.nfl.com/image/private/f_auto,q_auto/league/tmfmpcunarxqwp3gt8yb",1,DEN,0,0,0,0,0,0,0,0,0,0,0,0,,0,,,0,0,0,0,0,0,,0,0,0,0,0,0,0,0,0,0,,0,,,,,1,6.0,6.0
2015,REG,00-0029567,N.Foles,Nick Foles,QB,QB,"https://static.www.nfl.com/image/private/f_auto,q_auto/league/dxuz2ir773wylutxo7zs",11,LA,190,337,2052,7,10,14,98,3,1,2707,1154,82,-89.1674896558741,1,0.758034724787588,-0.0127212482246795,17,20,1,1,1,4,-7.27369527381714,0,0,0,0,0,0,0,0,0,0,,0,,,,,0,96.08,96.08
2015,REG,00-0029572,J.Wright,Jarius Wright,WR,WR,"https://static.www.nfl.com/image/private/f_auto,q_auto/league/f4xgfra44cd6qjy6havp",15,MIN,0,0,0,0,0,0,0,0,0,0,0,0,,0,,,1,29,0,0,0,1,1.87679189059418,0,34,50,442,0,1,1,476,175,25,16.0330111316535,0,0.928571428571429,0.124378109452736,0.167664670658683,0.303932433640182,0,45.1,79.1
2015,REG,00-0029580,R.Matthews,Rishard Matthews,WR,WR,"https://static.www.nfl.com/image/private/f_auto,q_auto/league/fr7nzgwarzuorvi8cvlc",11,MIA,0,0,0,0,0,0,0,0,0,0,0,0,,0,,,1,4,0,0,0,0,-0.164231976959854,0,43,61,662,4,0,0,694,236,31,37.5477901066188,0,0.953890489913545,0.147342995169082,0.205751556477913,0.365040582288162,0,90.6,133.6
2015,REG,00-0029587,R.Ellison,Rhett Ellison,TE,TE,"https://static.www.nfl.com/image/private/f_auto,q_auto/league/pqvmhpdoritjtp8ng7ep",11,MIN,0,0,0,0,0,0,0,0,0,0,0,0,,0,,,0,0,0,0,0,0,,0,11,19,124,1,0,0,28,126,5,1.70016965709558,0,4.42857142857143,0.064406779661017,0.0133779264214047,0.105974717986509,0,18.4,29.4
2015,REG,00-0029588,,Dan Herron,RB,RB,,8,IND,0,0,0,0,0,0,0,0,0,0,0,0,,0,,,25,79,0,1,0,4,-5.93111212826021,0,9,10,47,0,0,0,13,35,1,-2.82716767588863,0,3.61538461538462,0.0444444444444444,0.0070118662351672,0.0715749730312837,0,12.6,21.6
2015,REG,00-0029604,K.Cousins,Kirk Cousins,QB,QB,"https://static.www.nfl.com/image/upload/f_auto,q_auto/league/yt6n07jezvfmcsoq0j13",16,WAS,379,543,4166,29,11,26,186,4,3,4352,1875,204,97.0948603164674,2,0.957261029411765,0.147934023306726,26,48,5,4,0,8,2.84844621634693,0,0,0,0,0,0,0,0,0,0,,0,,,,,0,293.44,293.44
2015,REG,00-0029608,T.Hilton,T.Y. Hilton,WR,WR,"https://static.www.nfl.com/image/private/f_auto,q_auto/league/b8kor0sgeynyd8u8cush",16,IND,0,0,0,0,0,0,0,0,0,0,0,0,,0,,,0,0,0,0,0,0,,0,69,134,1124,5,1,0,1724,381,49,16.0564718062349,0,0.651972157772622,0.221854304635762,0.330838610631357,0.564368484395592,0,142.4,211.4
2015,REG,00-0029613,D.Martin,Doug Martin,RB,RB,"https://static.www.nfl.com/image/private/f_auto,q_auto/league/lhazttk4tjpi7ggf7du4",16,TB,0,0,0,0,0,0,0,0,0,0,0,0,,0,,,288,1402,6,4,4,61,-19.9801715427895,0,33,44,271,1,1,1,91,231,10,3.09171033049781,0,2.97802197802198,0.0896130346232179,0.0196332254584682,0.148162809755755,0,199.3,232.3
2015,REG,00-0029614,,Chris Givens,WR,WR,,14,BAL,0,0,0,0,0,0,0,0,0,0,0,0,,0,,,4,18,0,0,0,1,-2.03651443694253,0,20,54,353,1,0,0,723,52,13,-10.0622536051595,0,0.488243430152144,0.0996309963099631,0.171733966745843,0.269660271187035,0,43.1,63.1
2015,REG,00-0029615,L.Miller,Lamar Miller,RB,RB,"https://static.www.nfl.com/image/private/f_auto,q_auto/league/vqxh6ynpmczzfyl9kcgq",16,MIA,0,0,0,0,0,0,0,0,0,0,0,0,,0,,,194,872,8,1,1,40,-15.3348288134786,0,47,57,397,2,0,0,-3,427,14,11.939983484539,0,-132.333333333333,0.105555555555556,-0.0006880733944954,0.157851681957187,0,184.9,231.9
2015,REG,00-0029619,,Jorvorskie Lane,FB,RB,"https://static.www.nfl.com/image/private/f_auto,q_auto/league/fru99ajpyfcvy4hrigtx",3,TB,0,0,0,0,0,0,0,0,0,0,0,0,,0,,,1,0,0,0,0,0,-0.440364166162908,0,2,2,13,0,0,0,2,11,0,0.723366240039468,0,6.5,0.027027027027027,0.0024183796856106,0.042233406320468,0,1.3,3.3
2015,REG,00-0029623,A.Tanney,Alex Tanney,QB,QB,"https://static.www.nfl.com/image/private/f_auto,q_auto/league/imvd4rxtknm0ob8oul5z",1,TEN,10,14,99,1,0,3,34,0,0,123,24,7,-0.563154807892338,0,0.804878048780488,0.0744311825583884,0,0,0,0,0,0,,0,0,0,0,0,0,0,0,0,0,,0,,,,,0,7.96,7.96
2015,REG,00-0029626,,Isaiah Pead,RB,RB,,1,LA,0,0,0,0,0,0,0,0,0,0,0,0,,0,,,2,3,0,1,1,0,-6.21652351028752,0,0,0,0,0,0,0,0,0,0,,0,,,,,0,-1.7,-1.7
2015,REG,00-0029632,M.Sanu,Mohamed Sanu,WR,WR,"https://static.www.nfl.com/image/private/f_auto,q_auto/league/a6loroqhta6g65aqnsrk",16,CIN,0,0,0,0,0,0,0,0,0,0,0,0,,0,,,10,71,2,0,0,3,5.29308092052816,0,33,49,394,0,1,0,341,203,17,6.45095374069993,0,1.15542521994135,0.098989898989899,0.0778538812785388,0.202982565379826,0,58.5,91.5
2015,REG,00-0029634,J.Hanna,James Hanna,TE,TE,"https://static.www.nfl.com/image/private/f_auto,q_auto/league/rtnxe02klclu847zqbdq",8,DAL,0,0,0,0,0,0,0,0,0,0,0,0,,0,,,0,0,0,0,0,0,,0,9,14,79,0,0,0,60,77,4,-2.27437935391208,0,1.31666666666667,0.0553359683794466,0.0327153762268266,0.105904715927949,0,7.9,16.9
2015,REG,00-0029638,M.Floyd,Michael Floyd,WR,WR,"https://static.www.nfl.com/image/private/f_auto,q_auto/league/lisxjuyoo7hiux1ac4jb",15,ARI,0,0,0,0,0,0,0,0,0,0,0,0,,0,,,0,0,0,0,0,0,,0,52,89,849,6,0,0,1413,208,40,41.1595286265496,0,0.600849256900212,0.171153846153846,0.248505100246219,0.430684339403122,0,120.9,172.9
2015,REG,00-0029640,B.Quick,Brian Quick,WR,WR,"https://static.www.nfl.com/image/private/f_auto,q_auto/league/tayczwuhluj2hyrva3cp",9,LA,0,0,0,0,0,0,0,0,0,0,0,0,,0,,,0,0,0,0,0,0,,0,10,32,102,0,0,0,512,39,5,-11.0339903984714,0,0.19921875,0.109965635738832,0.214225941422594,0.314906612604063,0,10.2,20.2
2015,REG,00-0029647,K.Wilber,Kyle Wilber,OLB,LB,"https://static.www.nfl.com/image/private/f_auto,q_auto/league/jihvpjzchro8ggkx2gus",1,DAL,0,0,0,0,0,0,0,0,0,0,0,0,,0,,,0,0,0,0,0,0,,0,0,0,0,0,0,0,0,0,0,,0,,,,,1,6.0,6.0
2015,REG,00-0029660,T.Graham,Trevor Graham,WR,WR,"https://static.www.nfl.com/image/private/f_auto,q_auto/league/wlgjczfjbekzvbjmgtzc",3,NO,0,0,0,0,0,0,0,0,0,0,0,0,,0,,,0,0,0,0,0,0,,0,4,4,24,0,0,0,-17,41,1,-0.530234975507483,0,0.0,0.0357142857142857,-0.0198830409356725,0.0396532999164578,0,2.4,6.4
2015,REG,00-0029668,A.Luck,Andrew Luck,QB,QB,"https://static.www.nfl.com/image/private/f_auto,q_auto/league/ojix2ha2u58zqozaw756",7,IND,162,293,1881,15,12,15,88,2,0,2824,698,90,-8.34606684258604,1,0.666076487252125,0.0245711723205558,33,196,0,1,1,13,-0.973800761217717,0,0,0,0,0,0,0,0,0,0,,0,,,,,0,130.84,130.84
2015,REG,00-0029677,B.Weeden,Brandon Weeden,QB,QB,"https://static.www.nfl.com/image/private/f_auto,q_auto/league/m8oocp4p9nskilnakgnw",6,HOU,97,140,1043,5,2,10,77,2,1,1016,484,53,12.1631909362093,0,1.02657480314961,0.145532865228883,16,47,1,0,0,5,7.11747635797176,0,0,0,0,0,0,0,0,0,0,,0,,,,,0,66.42,66.42
2015,REG,00-0029682,B.Osweiler,Brock Osweiler,QB,QB,"https://static.www.nfl.com/image/private/f_auto,q_auto/league/pwkmtgeitdi79qtumb2x",8,DEN,170,275,1967,10,6,23,151,3,1,2422,885,91,5.10807413850175,0,0.812138728323699,0.0549255197070556,21,61,1,1,0,5,-0.643406336322956,0,0,0,0,0,0,0,0,0,0,,0,,,,,0,116.78,116.78
2015,REG,00-0029683,R.Hillman,Ronnie Hillman,RB,RB,"https://static.www.nfl.com/image/private/f_auto,q_auto/league/quqwvjr2zciit0emquzg",16,DEN,0,0,0,0,0,0,0,0,0,0,0,0,,0,,,207,863,7,2,1,43,-16.9560508907967,0,24,35,111,0,1,0,33,122,3,-17.3291168515,0,3.36363636363636,0.0723140495867769,0.0081061164333087,0.114145355883481,0,137.4,161.4
2015,REG,00-0029688,D.Poe,Dontari Poe,DT,DL,"https://static.www.nfl.com/image/private/f_auto,q_auto/league/yphm7skgry6rvmkxgvyg",1,KC,0,0,0,0,0,0,0,0,0,0,0,0,,0,,,1,1,1,0,0,1,2.76251429051626,0,0,0,0,0,0,0,0,0,0,,0,,,,,0,6.1,6.1
2015,REG,00-0029689,D.Allen,Dwayne Allen,TE,TE,"https://static.www.nfl.com/image/private/f_auto,q_auto/league/wduwt0ibzoutozuywe4b",12,IND,0,0,0,0,0,0,0,0,0,0,0,0,,0,,,1,1,0,0,0,1,0.342033183609601,0,16,29,109,1,0,0,176,50,4,-2.72087476821616,0,0.619318181818182,0.0637362637362637,0.0479825517993457,0.129192181863938,0,17.0,33.0
2015,REG,00-0029697,C.Fleener,Coby Fleener,TE,TE,"https://static.www.nfl.com/image/private/f_auto,q_auto/league/csj8khi0e2rpkvqqjmc1",15,IND,0,0,0,0,0,0,0,0,0,0,0,0,,0,,,0,0,0,0,0,0,,0,54,84,491,3,0,0,671,178,23,-12.5117586077959,1,0.731743666169896,0.147627416520211,0.138808440215143,0.318607032930916,0,69.1,123.1
2015,REG,00-0029701,R.Tannehill,Ryan Tannehill,QB,QB,"https://static.www.nfl.com/image/private/f_auto,q_auto/league/yvwju12dl6haf3r8uzrm",16,MIA,363,586,4208,24,12,45,420,8,3,5146,1861,193,-2.8263507271417,1,0.817722502914885,0.0585618697516079,32,141,1,2,0,8,-0.0913043501204811,0,1,1,9,0,0,0,3,6,0,1.14097248273902,0,3.0,0.0285714285714286,0.014218009478673,0.0528097494922139,0,257.32,258.32
2015,REG,00-0029708,K.Wright,Kendall Wright,WR,WR,"https://static.www.nfl.com/image/private/f_auto,q_auto/league/edsrjypqphqpfqezc5k9",10,TEN,0,0,0,0,0,0,0,0,0,0,0,0,,0,,,5,17,0,0,0,1,-0.225007309461944,0,36,60,408,3,0,0,701,143,21,-1.35476471360648,0,0.582025677603424,0.171919770773639,0.227375932533247,0.417042808933731,0,60.5,96.5
2015,REG,00-0029729,A.Johnson,Austin Johnson,FB,RB,"https://static.www.nfl.com/image/private/f_auto,q_auto/league/se6aqbzkyvpmtcr46bwz",5,NO,0,0,0,0,0,0,0,0,0,0,0,0,,0,,,4,9,1,0,0,3,3.62258460384328,0,5,8,30,0,0,0,22,23,3,2.19480368215591,0,1.36363636363636,0.046242774566474,0.0158273381294964,0.0804432985403585,0,9.9,14.9
2015,REG,00-0029731,F.Whittaker,Fozzy Whittaker,RB,RB,"https://static.www.nfl.com/image/private/f_auto,q_auto/league/lyk6elzqjynnxbxe6qlr",13,CAR,0,0,0,0,0,0,0,0,0,0,0,0,,0,,,25,108,1,0,0,7,0.367359644093085,0,12,15,64,0,0,0,-38,112,2,-5.19318870885763,0,-1.68421052631579,0.0485436893203884,-0.0117356392835083,0.0646005864821267,0,23.2,35.2
2015,REG,00-0029738,D.Fells,Darren Fells,TE,TE,"https://static.www.nfl.com/image/private/f_auto,q_auto/league/eh0rbweg4wbzgzpvprnv",11,ARI,0,0,0,0,0,0,0,0,0,0,0,0,,0,,,0,0,0,0,0,0,,0,21,28,311,3,0,0,248,140,15,22.5458383831764,0,1.25403225806452,0.0708860759493671,0.0560959059036417,0.1455962480566,0,49.1,70.1
2015,REG,00-0029755,,Brian Leonhardt,TE,TE,,1,SF,0,0,0,0,0,0,0,0,0,0,0,0,,0,,,0,0,0,0,0,0,,0,1,1,4,0,0,0,2,2,0,0.0968183283694088,0,2.0,0.0357142857142857,0.0089285714285714,0.0598214285714286,0,0.4,1.4
2015,REG,00-0029764,C.Davis,Cody Davis,FS,DB,"https://static.www.nfl.com/image/private/f_auto,q_auto/league/pdijtrs1tnltal8g6cmx",2,LA,0,0,0,0,0,0,0,0,0,0,0,0,,0,,,0,0,0,0,0,0,,0,1,2,20,0,0,0,23,0,1,0.96658809541259,0,0.869565217391304,0.0303030303030303,0.0380165289256198,0.0720661157024793,0,2.0,3.0
2015,REG,00-0029795,B.Cunningham,Benny Cunningham,RB,RB,"https://static.www.nfl.com/image/private/f_auto,q_auto/league/yo9hvf3gnoxj7prmruo8",14,LA,0,0,0,0,0,0,0,0,0,0,0,0,,0,,,37,140,0,1,0,7,-8.09918833120986,0,26,36,250,0,0,0,8,239,12,4.05381028115563,0,31.25,0.0906801007556675,0.0031286664059444,0.138210217617662,0,39.0,65.0
2015,REG,00-0029848,N.Williams,Nick Williams,WR,WR,"https://static.www.nfl.com/image/private/f_auto,q_auto/league/xzbqirh5sxfjtmmnrupw",11,ATL,0,0,0,0,0,0,0,0,0,0,0,0,,0,,,0,0,0,0,0,0,,0,17,25,159,2,0,0,142,96,11,3.6353086954332,0,1.11971830985916,0.0586854460093897,0.0488476092191262,0.122221495467473,0,27.9,44.9
2015,REG,00-0029854,C.Anderson,C.J. Anderson,RB,RB,"https://static.www.nfl.com/image/private/f_auto,q_auto/league/jqqdxuowpdgl06zy0g0a",15,DEN,0,0,0,0,0,0,0,0,0,0,0,0,,0,,,152,720,5,2,2,33,-16.5145210980448,0,25,36,183,0,0,0,51,149,6,-10.0617051781704,0,3.58823529411765,0.0650994575045208,0.0121053880845004,0.106122957915931,0,116.3,141.3
2015,REG,00-0029878,M.Gray,MarQueis Gray,TE,TE,"https://static.www.nfl.com/image/private/f_auto,q_auto/league/pbuxaz8hy9fxow3zq5sr",1,BUF,0,0,0,0,0,0,0,0,0,0,0,0,,0,,,0,0,0,0,0,0,,0,1,1,2,0,0,0,-1,3,0,-0.286339706741273,0,0.0,0.0238095238095238,-0.0024937655860349,0.0339686498040613,0,0.2,1.2
2015,REG,00-0029892,K.Juszczyk,Kyle Juszczyk,FB,RB,"https://static.www.nfl.com/image/upload/f_auto,q_auto/league/mfhpygabawkeioplae7a",16,BAL,0,0,0,0,0,0,0,0,0,0,0,0,,0,,,2,3,0,0,0,0,-0.817071400815621,0,41,56,321,4,0,0,70,270,17,2.05839806907415,0,4.58571428571429,0.0838323353293413,0.0156915489800493,0.136732587280047,0,56.4,97.4
2015,REG,00-0029910,T.Wright,Timothy Wright,TE,TE,"https://static.www.nfl.com/image/private/f_auto,q_auto/league/wydzzhwo9is11uqaeffj",6,DET,0,0,0,0,0,0,0,0,0,0,0,0,,0,,,0,0,0,0,0,0,,0,9,16,77,2,0,0,127,25,6,-0.556918419822977,0,0.606299212598425,0.0686695278969957,0.074009324009324,0.15481081865202,0,19.7,28.7
2015,REG,00-0029931,Z.Line,Zach Line,FB,RB,"https://static.www.nfl.com/image/private/f_auto,q_auto/league/dddfiilg9qy54xtorb6r",10,MIN,0,0,0,0,0,0,0,0,0,0,0,0,,0,,,6,10,2,0,0,3,-1.09096100699389,0,6,9,95,1,0,0,11,82,4,7.27075399464229,0,8.63636363636364,0.0403587443946188,0.0093776641091219,0.0671024814683136,0,28.5,34.5
2015,REG,00-0030000,K.Thompkins,Kenbrell Thompkins,WR,WR,"https://static.www.nfl.com/image/private/f_auto,q_auto/league/coyaltbvkpvvojjd5sjh",6,NYJ,0,0,0,0,0,0,0,0,0,0,0,0,,0,,,0,0,0,0,0,0,,0,17,33,165,0,0,0,415,68,7,-11.1615573377327,0,0.397590361445783,0.143478260869565,0.190018315018315,0.348230211817168,0,16.5,33.5
2015,REG,00-0030035,A.Thielen,Adam Thielen,WR,WR,"https://static.www.nfl.com/image/upload/f_auto,q_auto/league/pxehgo0l9xl03n7dronf",9,MIN,0,0,0,0,0,0,0,0,0,0,0,0,,0,,,4,89,0,0,0,4,9.03918735642219,0,12,18,144,0,0,0,174,47,5,3.90596384456237,0,0.827586206896552,0.0853080568720379,0.106552357624005,0.20254873564486,0,23.3,35.3
2015,REG,00-0030039,,Kendall Gaskins,RB,RB,,4,SF,0,0,0,0,0,0,0,0,0,0,0,0,,0,,,16,38,0,0,0,3,-5.84972845809534,0,8,10,69,0,0,0,11,55,3,3.00514489301713,0,6.27272727272727,0.10989010989011,0.0195729537366548,0.178536232450823,0,10.7,18.7
2015,REG,00-0030047,M.Wilson,Marquess Wilson,WR,WR,"https://static.www.nfl.com/image/private/f_auto,q_auto/league/gtmp1bvlbgxnadkq3w7e",11,CHI,0,0,0,0,0,0,0,0,0,0,0,0,,0,,,0,0,0,0,0,0,,0,28,51,464,1,0,0,669,186,20,14.1465474118538,0,0.693572496263079,0.137466307277628,0.226702812605896,0.364891429740569,0,52.4,80.4
2015,REG,00-0030049,C.Gragg,Chris Gragg,TE,TE,"https://static.www.nfl.com/image/private/f_auto,q_auto/league/wljmssrm2nmd3y4pbejd",7,BUF,0,0,0,0,0,0,0,0,0,0,0,0,,0,,,0,0,0,0,0,0,,0,12,20,150,0,0,0,186,50,8,3.112424088883,0,0.806451612903226,0.0829875518672199,0.0741035856573705,0.176353837760989,0,15.0,27.0
2015,REG,00-0030061,Z.Ertz,Zach Ertz,TE,TE,"https://static.www.nfl.com/image/upload/f_auto,q_auto/league/xktmmeumuoglbuam75iz",15,PHI,0,0,0,0,0,0,0,0,0,0,0,0,,0,,,0,0,0,0,0,0,,0,75,112,853,2,1,1,948,298,39,6.46038967108111,0,0.899789029535865,0.188870151770658,0.234595397178916,0.447522005681228,0,95.3,170.3
2015,REG,00-0030068,M.Goodwin,Marquise Goodwin,WR,WR,"https://static.www.nfl.com/image/upload/f_auto,q_auto/league/cof5bbih1o9dtnonwmjp",1,BUF,0,0,0,0,0,0,0,0,0,0,0,0,,0,,,0,0,0,0,0,0,,0,2,2,24,0,0,0,22,2,2,2.80889771599323,0,1.09090909090909,0.111111111111111,0.134146341463415,0.260569105691057,0,2.4,4.4
2015,REG,00-0030073,,Duke Williams,SS,DB,"https://static.www.nfl.com/image/private/f_auto,q_auto/league/njjjb3opr1hkpzswdz7y",1,BUF,0,0,0,0,0,0,0,0,0,0,0,0,,0,,,0,0,0,0,0,0,,0,0,0,0,0,0,0,0,0,0,,0,,,,,1,6.0,6.0
2015,REG,00-0030085,K.Stills,Kenny Stills,WR,WR,"https://static.www.nfl.com/image/private/f_auto,q_auto/league/wswn6tehkzj8mdfbablx",15,MIA,0,0,0,0,0,0,0,0,0,0,0,0,,0,,,0,0,0,0,0,0,,0,27,63,440,3,0,0,1041,102,18,-2.38055343886342,0,0.422670509125841,0.112299465240642,0.207205414012739,0.31349298766988,0,62.0,89.0
2015,REG,00-0030089,L.Willson,Luke Willson,TE,TE,"https://static.www.nfl.com/image/private/f_auto,q_auto/league/a6zcpjyfusebcm8i3w2w",13,SEA,0,0,0,0,0,0,0,0,0,0,0,0,,0,,,0,0,0,0,0,0,,0,17,26,213,1,0,0,211,94,11,7.76205982420888,0,1.00947867298578,0.0666666666666667,0.0620223398001176,0.143415637860082,0,27.3,44.3
2015,REG,00-0030095,C.Fuller,Corey Fuller,WR,WR,"https://static.www.nfl.com/image/private/f_auto,q_auto/league/omxsxhwznxnay3ynkjph",4,DET,0,0,0,0,0,0,0,0,0,0,0,0,,0,,,0,0,0,0,0,0,,0,4,9,76,0,0,0,143,9,3,2.2595681460225,0,0.531468531468532,0.05,0.10310021629416,0.147170151405912,0,7.6,11.6
2015,REG,00-0030107,T.Riddick,Theo Riddick,RB,RB,"https://static.www.nfl.com/image/private/f_auto,q_auto/league/aptuag5ocazmionhvnt6",16,DET,0,0,0,0,0,0,0,0,0,0,0,0,,0,,,43,133,0,1,1,6,-14.7675080947811,0,80,99,697,3,0,0,74,653,32,17.874343796882,0,9.41891891891892,0.159163987138264,0.0205669816564758,0.253142867866929,0,99.0,179.0
2015,REG,00-0030108,R.Griffin,Ryan Griffin,TE,TE,"https://static.www.nfl.com/image/private/f_auto,q_auto/league/izjfxtmk2dhzhrlwpt9g",9,HOU,0,0,0,0,0,0,0,0,0,0,0,0,,0,,,0,0,0,0,0,0,,0,20,34,251,2,0,0,286,98,13,13.0418185992748,0,0.877622377622378,0.112956810631229,0.108869432813095,0.24564381891601,0,37.1,57.1
2015,REG,00-0030110,,Michael Williams,TE,TE,"https://static.www.nfl.com/image/private/f_auto,q_auto/league/ozmy8cykkhdsxad0854a",5,NE,0,0,0,0,0,0,0,0,0,0,0,0,,0,,,0,0,0,0,0,0,,0,3,6,26,0,0,0,31,13,1,-0.420976979250554,0,0.838709677419355,0.0273972602739726,0.0178571428571429,0.0535958904109589,0,2.6,5.6
2015,REG,00-0030112,T.Bohanon,Tommy Bohanon,FB,RB,"https://static.www.nfl.com/image/private/f_auto,q_auto/league/lmoesdqqzu6v8rmnyqlk",5,NYJ,0,0,0,0,0,0,0,0,0,0,0,0,,0,,,2,2,0,0,0,0,-3.65484661795199,0,4,8,56,0,0,0,15,38,3,1.13033835479291,0,3.73333333333333,0.0547945205479452,0.0109409190371991,0.0898504241479572,0,5.8,9.8
2015,REG,00-0030113,C.Johnson,Charles D. Johnson,WR,WR,"https://static.www.nfl.com/image/private/f_auto,q_auto/league/g9xhdanrpvnxwrqhran5",6,MIN,0,0,0,0,0,0,0,0,0,0,0,0,,0,,,0,0,0,0,0,0,,0,9,13,127,0,0,0,154,28,5,1.58236158850677,0,0.824675324675325,0.0797546012269939,0.11837048424289,0.202491240810514,0,12.7,21.7
2015,REG,00-0030114,J.Poyer,Jordan Poyer,SS,DB,"https://static.www.nfl.com/image/upload/f_auto,q_auto/league/jhigvtvtb3jielxsxiyl",1,CLE,0,0,0,0,0,0,0,0,0,0,0,0,,0,,,1,10,0,0,0,1,3.02082754066214,0,0,0,0,0,0,0,0,0,0,,0,,,,,0,1.0,1.0
2015,REG,00-0030117,K.Williams,Kerwynn Williams,RB,RB,"https://static.www.nfl.com/image/private/f_auto,q_auto/league/g8b72moacoymckyvl0ig",5,ARI,0,0,0,0,0,0,0,0,0,0,0,0,,0,,,27,142,1,1,1,6,-7.92283968426669,0,2,2,16,0,0,0,9,7,1,0.348041815334,0,1.77777777777778,0.0338983050847458,0.0129124820659971,0.0598861950733166,0,19.8,21.8
2015,REG,00-0030120,,B.J. Daniels,WR,WR,"https://static.www.nfl.com/image/private/f_auto,q_auto/league/hgb4nlos0ngzdfbbnxeo",3,HOU,1,2,7,0,0,0,0,0,0,32,10,0,0.194325051270425,0,0.21875,,6,6,0,0,0,0,-1.29509459418478,0,2,2,18,0,0,0,11,7,0,1.23469768906944,0,1.63636363636364,0.037037037037037,0.0271604938271605,0.0745679012345679,0,2.68,4.68
2015,REG,00-0030147,R.Shepard,Russell Shepard,WR,WR,"https://static.www.nfl.com/image/private/f_auto,q_auto/league/gk2saq7m1jxl90g9slks",7,TB,0,0,0,0,0,0,0,0,0,0,0,0,,0,,,0,0,0,0,0,0,,0,3,9,28,1,0,0,135,1,3,0.460586979475202,0,0.207407407407407,0.0350194552529183,0.0505050505050505,0.0878827182329128,0,8.8,11.8
2015,REG,00-0030155,D.Harris,Demetrius Harris,TE,TE,"https://static.www.nfl.com/image/private/f_auto,q_auto/league/nlajcnjlosuajmqswxvl",6,KC,0,0,0,0,0,0,0,0,0,0,0,0,,0,,,0,0,0,0,0,0,,0,7,11,74,1,0,0,81,22,2,3.57638930267422,0,0.91358024691358,0.0625,0.0641330166270784,0.138643111638955,0,13.4,20.4
2015,REG,00-0030162,,Rico Richardson,WR,WR,,3,TEN,0,0,0,0,0,0,0,0,0,0,0,0,,0,,,0,0,0,0,0,0,,0,0,5,0,0,0,0,106,0,0,-3.86368014157051,0,0.0,0.0568181818181818,0.132998745294856,0.178326394433672,0,0.0,0.0
2015,REG,00-0030181,J.Doyle,Jack Doyle,TE,TE,"https://static.www.nfl.com/image/private/f_auto,q_auto/league/h6abyvmg2g93llboizi6",7,IND,0,0,0,0,0,0,0,0,0,0,0,0,,0,,,0,0,0,0,0,0,,0,12,14,72,1,0,0,22,56,6,4.57987295446219,0,3.27272727272727,0.0566801619433198,0.0127241179872759,0.0939271255060729,0,13.2,25.2
2015,REG,00-0030187,R.Ross,Rashad Ross,WR,WR,"https://static.www.nfl.com/image/private/f_auto,q_auto/league/fp2xocefywdhxkdnagxm",5,WAS,0,0,0,0,0,0,0,0,0,0,0,0,,0,,,0,0,0,0,0,0,,0,8,13,184,1,0,0,261,64,5,10.4330424124757,0,0.704980842911877,0.0663265306122449,0.16581956797967,0.215563493504136,2,36.4,44.4
2015,REG,00-0030196,J.Heath,Jeff Heath,SS,DB,"https://static.www.nfl.com/image/private/f_auto,q_auto/league/knimytdhoo3rqiacbgtm",1,DAL,0,0,0,0,0,0,0,0,0,0,0,0,,0,,,1,2,0,0,0,1,1.98688658117317,0,0,0,0,0,0,0,0,0,0,,0,,,,,0,0.2,0.2
2015,REG,00-0030216,J.Hill,Josh Hill,TE,TE,"https://static.www.nfl.com/image/private/f_auto,q_auto/league/vdva7m1fxklv6gxbsg7q",13,NO,0,0,0,0,0,0,0,0,0,0,0,0,,0,,,0,0,0,0,0,0,,0,16,30,120,2,0,0,145,76,8,1.34963573102141,0,0.827586206896552,0.0560747663551402,0.0331504343850023,0.107317453602212,0,24.0,40.0
2015,REG,00-0030247,G.Winn,George Winn,RB,RB,"https://static.www.nfl.com/image/private/f_auto,q_auto/league/bpqkhgre4v8qec7nnrov",2,DET,0,0,0,0,0,0,0,0,0,0,0,0,,0,,,4,1,0,0,0,0,-2.03031522224774,0,0,0,0,0,0,0,0,0,0,,0,,,,,0,0.1,0.1
2015,REG,00-0030248,,Cierre Wood,RB,RB,"https://static.www.nfl.com/image/private/f_auto,q_auto/league/m3yfsak9gf6s9ioab39h",2,BUF,0,0,0,0,0,0,0,0,0,0,0,0,,0,,,2,3,0,0,0,0,-0.81019560014829,0,1,1,-6,0,0,0,-6,0,0,-1.5324897095561,0,1.0,0.0238095238095238,-0.0149625935162095,0.0252404702529391,0,-0.3,0.7
2015,REG,00-0030272,,Jake Stoneburner,TE,TE,"https://static.www.nfl.com/image/private/f_auto,q_auto/league/sjlionnvt0ghmgmxpng8",3,MIA,0,0,0,0,0,0,0,0,0,0,0,0,,0,,,0,0,0,0,0,0,,0,5,5,47,2,0,0,31,16,3,5.17501461156644,0,1.51612903225806,0.0367647058823529,0.0254515599343186,0.0729631507775524,0,16.7,21.7
2015,REG,00-0030274,M.White,Myles White,WR,WR,"https://static.www.nfl.com/image/private/f_auto,q_auto/league/yci9mc5ska3b3a5so93l",9,NYG,0,0,0,0,0,0,0,0,0,0,0,0,,0,,,0,0,0,0,0,0,,0,7,20,88,1,0,0,279,7,4,-2.39989925566058,0,0.315412186379928,0.0542005420054201,0.0996784565916399,0.151075732622278,0,14.8,21.8
2015,REG,00-0030279,K.Allen,Keenan Allen,WR,WR,"https://static.www.nfl.com/image/upload/f_auto,q_auto/league/lngo1onvkcqjnq7ozkuu",8,LAC,0,0,0,0,0,0,0,0,0,0,0,0,,0,,,0,0,0,0,0,0,,0,67,89,725,4,0,0,681,236,34,32.5403559146898,0,1.06461086637298,0.255014326647564,0.293534482758621,0.587995627902381,0,96.5,163.5
2015,REG,00-0030280,K.Davis,Knile Davis,RB,RB,"https://static.www.nfl.com/image/private/f_auto,q_auto/league/iyq9jy1o5g05fdvqftez",9,KC,0,0,0,0,0,0,0,0,0,0,0,0,,0,,,28,72,1,0,0,5,-6.7675280313124,0,2,3,24,0,0,0,6,25,1,0.265763908616582,0,4.0,0.032258064516129,0.0094191522762951,0.0549805033676001,0,15.6,17.6
2015,REG,00-0030282,,Stepfan Taylor,RB,RB,"https://static.www.nfl.com/image/private/f_auto,q_auto/league/lmm9nz05jrntbpuaveqc",6,ARI,0,0,0,0,0,0,0,0,0,0,0,0,,0,,,17,58,0,0,0,5,-1.3042100117309,0,1,3,4,0,0,0,8,0,0,-3.79183274816528,0,0.5,0.032258064516129,0.0082815734989648,0.0541841982234689,0,6.2,7.2
2015,REG,00-0030287,A.Ellington,Andre Ellington,RB,RB,"https://static.www.nfl.com/image/private/f_auto,q_auto/league/seb6k3tjdcgi8tqmzt2z",10,ARI,0,0,0,0,0,0,0,0,0,0,0,0,,0,,,45,289,3,1,1,11,2.18402803703793,0,15,24,148,0,0,0,87,80,8,1.98345697566401,0,1.70114942528736,0.0736196319018405,0.0245693306975431,0.127627979341041,0,59.7,74.7
2015,REG,00-0030288,R.Burkhead,Rex Burkhead,RB,RB,"https://static.www.nfl.com/image/private/f_auto,q_auto/league/ysgdnkasvp07qmrkasve",12,CIN,0,0,0,0,0,0,0,0,0,0,0,0,,0,,,4,4,0,1,1,0,-8.91911804670235,0,10,15,94,1,0,0,165,25,4,-1.55905427306984,0,0.56969696969697,0.0457317073170732,0.0562755798090041,0.107990466841913,0,13.8,23.8
2015,REG,00-0030300,J.Brown,Jaron Brown,WR,WR,"https://static.www.nfl.com/image/private/f_auto,q_auto/league/y41u4egwigms9rg2p3ln",10,ARI,0,0,0,0,0,0,0,0,0,0,0,0,,0,,,0,0,0,0,0,0,,0,11,23,144,1,0,0,313,22,8,-1.0434959293342,0,0.460063897763578,0.0631868131868132,0.0775328214020312,0.149053194761642,0,20.4,31.4
2015,REG,00-0030348,,Khiry Robinson,RB,RB,"https://static.www.nfl.com/image/private/f_auto,q_auto/league/voprwcuquojlvepcmzmh",8,NO,0,0,0,0,0,0,0,0,0,0,0,0,,0,,,56,180,4,0,0,14,-4.33322331830277,0,17,20,115,0,0,0,-37,155,4,1.92830944732858,0,-3.10810810810811,0.0586510263929619,-0.0148833467417538,0.0775581968702151,0,53.5,70.5
2015,REG,00-0030388,,Joseph Randle,RB,RB,"https://static.www.nfl.com/image/private/f_auto,q_auto/league/ok4rzlin9g6kxfr9lajx",6,DAL,0,0,0,0,0,0,0,0,0,0,0,0,,0,,,76,315,4,1,0,15,-6.53557127041859,0,10,10,86,0,0,0,8,78,6,5.21984942513518,0,10.75,0.0694444444444445,0.0100882723833544,0.111228457335015,0,64.1,74.1
2015,REG,00-0030392,M.Mauti,Michael Mauti,MLB,LB,"https://static.www.nfl.com/image/private/f_auto,q_auto/league/qbmzn7okusalzkyo5zgk",1,NO,0,0,0,0,0,0,0,0,0,0,0,0,,0,,,0,0,0,0,0,0,,0,0,0,0,0,0,0,0,0,0,,0,,,,,1,6.0,6.0
2015,REG,00-0030400,M.Brown,Marlon Brown,WR,WR,"https://static.www.nfl.com/image/private/f_auto,q_auto/league/zdfywwd0yvsd6okfa5sr",9,BAL,0,0,0,0,0,0,0,0,0,0,0,0,,0,,,0,0,0,0,0,0,,0,14,30,112,0,0,0,265,46,4,-3.87599682524733,0,0.422641509433962,0.0819672131147541,0.0941719971570718,0.188871217682081,0,11.2,25.2
2015,REG,00-0030404,C.Thompson,Chris Thompson,RB,RB,"https://static.www.nfl.com/image/private/f_auto,q_auto/league/ypyldro2efcy5jcrytft",13,WAS,0,0,0,0,0,0,0,0,0,0,0,0,,0,,,35,216,0,1,0,8,-3.63899918136467,0,35,48,240,2,1,0,172,164,14,4.26092607418822,0,1.3953488372093,0.111627906976744,0.0532178217821782,0.204694335712641,0,57.6,92.6
2015,REG,00-0030405,J.Locke,Jeff Locke,P,SPEC,"https://static.www.nfl.com/image/private/f_auto,q_auto/league/ehxspsqfck3sz2ju7t6x",1,MIN,0,0,0,0,0,0,0,0,0,0,0,0,,0,,,1,-6,0,0,0,0,-1.22488908411469,0,0,0,0,0,0,0,0,0,0,,0,,,,,0,-0.6,-0.6
2015,REG,00-0030414,S.Ware,Spencer Ware,RB,RB,"https://static.www.nfl.com/image/private/f_auto,q_auto/league/qr04afpcu3fqpgxnws6t",9,KC,0,0,0,0,0,0,0,0,0,0,0,0,,0,,,72,403,6,0,0,19,9.89821812909213,0,6,6,5,0,0,0,-7,12,0,-4.74118037521839,0,-0.714285714285714,0.0810810810810811,-0.0130111524163569,0.112513814930172,0,76.8,82.8
2015,REG,00-0030419,M.McGloin,Matt McGloin,QB,QB,"https://static.www.nfl.com/image/private/f_auto,q_auto/league/zwrox2g1yauaa1csdhrw",2,LV,23,32,142,2,1,2,20,1,1,173,64,10,-5.34820611705072,0,0.820809248554913,0.0282401774869544,0,0,0,0,0,0,,0,0,0,0,0,0,0,0,0,0,,0,,,,,0,9.68,9.68
2015,REG,00-0030422,D.Sims,Dion Sims,TE,TE,"https://static.www.nfl.com/image/private/f_auto,q_auto/league/gvok1agdl3xtz9nceqfr",12,MIA,0,0,0,0,0,0,0,0,0,0,0,0,,0,,,0,0,0,0,0,0,,0,18,25,127,1,1,1,157,81,7,-7.47723305817621,0,0.808917197452229,0.0592417061611374,0.0429548563611491,0.118930958694511,0,16.7,34.7
2015,REG,00-0030431,R.Woods,Robert Woods,WR,WR,"https://static.www.nfl.com/image/upload/f_auto,q_auto/league/ydjg5fylwkf5aaxiul6v",14,BUF,0,0,0,0,0,0,0,0,0,0,0,0,,0,,,1,0,0,0,0,0,-0.550486726686359,0,47,80,552,3,2,1,828,155,27,3.29389535755888,0,0.666666666666667,0.192307692307692,0.193187120858609,0.423692523062565,0,71.2,118.2
2015,REG,00-0030432,C.Michael,Christine Michael,RB,RB,"https://static.www.nfl.com/image/private/f_auto,q_auto/league/qlysbozgkexeoohnqrvz",8,SEA,0,0,0,0,0,0,0,0,0,0,0,0,,0,,,54,243,0,0,0,14,-2.15319900179748,0,3,6,16,0,0,0,-3,18,1,-1.84608540544286,0,-5.33333333333333,0.048,-0.0030706243602865,0.0698505629477994,0,25.9,28.9
2015,REG,00-0030433,M.Gillislee,Mike Gillislee,RB,RB,"https://static.www.nfl.com/image/private/f_auto,q_auto/league/bz85uuhwz2daip0avjrg",5,BUF,0,0,0,0,0,0,0,0,0,0,0,0,,0,,,47,267,3,1,1,8,0.0835903401602991,0,6,7,29,0,0,0,14,31,2,-0.579319217672452,0,2.07142857142857,0.0538461538461539,0.0091984231274638,0.0872081269584555,0,45.6,51.6
2015,REG,00-0030443,L.Toilolo,Levine Toilolo,TE,TE,"https://static.www.nfl.com/image/private/f_auto,q_auto/league/w6qnlfw0cuxest48srd0",9,ATL,0,0,0,0,0,0,0,0,0,0,0,0,,0,,,0,0,0,0,0,0,,0,7,12,44,0,0,0,48,20,3,-1.37871498864843,1,0.916666666666667,0.0333333333333333,0.0187134502923977,0.0630994152046784,0,6.4,13.4
2015,REG,00-0030450,,Quinton Patton,WR,WR,,15,SF,0,0,0,0,0,0,0,0,0,0,0,0,,0,,,1,5,0,0,0,0,0.0341294258832932,0,30,57,394,1,0,0,474,214,15,3.14265332438942,0,0.831223628691983,0.115618661257607,0.129155313351499,0.263836711232459,0,45.9,75.9
2015,REG,00-0030456,G.Bernard,Giovani Bernard,RB,RB,"https://static.www.nfl.com/image/private/f_auto,q_auto/league/guht9y14gftgsugb87xz",16,CIN,0,0,0,0,0,0,0,0,0,0,0,0,,0,,,154,730,2,0,0,34,-12.809246148245,0,49,66,472,0,1,0,44,462,18,5.93829377719739,0,10.7272727272727,0.140127388535032,0.0112676056338028,0.21807840674621,0,132.2,181.2
2015,REG,00-0030460,M.Wheaton,Markus Wheaton,WR,WR,"https://static.www.nfl.com/image/private/f_auto,q_auto/league/hd28smxn43jzwkdikpd0",16,PIT,0,0,0,0,0,0,0,0,0,0,0,0,,0,,,0,0,0,0,0,0,,0,44,79,749,5,0,0,1133,158,32,19.4526625624025,1,0.66107678729038,0.13527397260274,0.192883895131086,0.33792968549587,0,106.9,150.9
2015,REG,00-0030465,K.Barner,Kenjon Barner,RB,RB,"https://static.www.nfl.com/image/private/f_auto,q_auto/league/n8hvbyw7vdlj7svjwqg4",5,PHI,0,0,0,0,0,0,0,0,0,0,0,0,,0,,,28,124,0,1,1,6,-2.29581517580664,0,9,12,22,0,0,0,-29,43,1,-4.36213317880174,0,-0.758620689655172,0.0648648648648649,-0.0273584905660377,0.0781463539010709,0,12.6,21.6
2015,REG,00-0030470,V.McDonald,Vance McDonald,TE,TE,"https://static.www.nfl.com/image/private/f_auto,q_auto/league/apafzol1dcqu56cqotv9",14,SF,0,0,0,0,0,0,0,0,0,0,0,0,,0,,,0,0,0,0,0,0,,0,30,46,326,3,2,0,385,184,15,-0.422009133171908,0,0.846753246753247,0.096234309623431,0.109219858156028,0.220805365144366,0,50.6,80.6
2015,REG,00-0030472,J.Reed,Jordan Reed,TE,TE,"https://static.www.nfl.com/image/private/f_auto,q_auto/league/jur0qgejd3lzv8flmxcq",14,WAS,0,0,0,0,0,0,0,0,0,0,0,0,,0,,,0,0,0,0,0,0,,0,87,114,952,11,3,2,752,468,54,54.5240434557318,0,1.26595744680851,0.237995824634656,0.194516295913088,0.493155144091145,0,157.2,244.2
2015,REG,00-0030485,E.Lacy,Eddie Lacy,RB,RB,"https://static.www.nfl.com/image/private/f_auto,q_auto/league/ckn4luxcj2oc2c24fh7i",15,GB,0,0,0,0,0,0,0,0,0,0,0,0,,0,,,187,758,3,3,2,39,-20.5598298749897,0,20,28,188,2,1,0,-19,213,7,5.78054662171053,0,-9.89473684210526,0.0642201834862385,-0.0054069436539556,0.0925454146715889,0,120.6,140.6
2015,REG,00-0030496,L.Bell,Le'Veon Bell,RB,RB,"https://static.www.nfl.com/image/private/f_auto,q_auto/league/sm3ij3pcby5ciqwaaqa1",6,PIT,0,0,0,0,0,0,0,0,0,0,0,0,,0,,,113,556,3,0,0,27,0.0755129591666344,0,24,26,136,0,0,0,0,139,4,-2.61843836140588,0,0.0,0.169934640522876,0.0,0.254901960784314,0,87.2,111.2
2015,REG,00-0030506,T.Kelce,Travis Kelce,TE,TE,"https://static.www.nfl.com/image/upload/f_auto,q_auto/league/ilk4qbxxs6mt3v9zfvtg",16,KC,0,0,0,0,0,0,0,0,0,0,0,0,,0,,,0,0,0,0,0,0,,0,72,103,875,5,2,2,592,524,40,24.1782728637993,2,1.47804054054054,0.222462203023758,0.190844616376531,0.467284535999209,0,117.5,189.5
2015,REG,00-0030513,L.Murray,Latavius Murray,RB,RB,"https://static.www.nfl.com/image/private/f_auto,q_auto/league/zepm7ghltyeqydn0qxcg",16,LV,0,0,0,0,0,0,0,0,0,0,0,0,,0,,,266,1066,6,3,1,49,-32.5489948655094,0,41,53,232,0,1,0,-10,242,9,-12.7746734991379,0,-23.2,0.0920138888888889,-0.0026343519494204,0.136176786968739,0,163.8,204.8
2015,REG,00-0030514,M.Rivera,Mychal Rivera,TE,TE,"https://static.www.nfl.com/image/private/f_auto,q_auto/league/nnbvmfg9qugawrxv2qyt",14,LV,0,0,0,0,0,0,0,0,0,0,0,0,,0,,,0,0,0,0,0,0,,0,32,46,280,1,2,0,348,125,12,6.59560450028401,0,0.804597701149425,0.0871212121212121,0.0825426944971537,0.188461704329826,0,34.0,66.0
2015,REG,00-0030516,B.Butler,Brice Butler,WR,WR,"https://static.www.nfl.com/image/private/f_auto,q_auto/league/xnr2lcdlhui4vyu6z4ir",5,DAL,0,0,0,0,0,0,0,0,0,0,0,0,,0,,,0,0,0,0,0,0,,0,12,26,258,0,0,0,307,96,10,1.97178360538856,0,0.840390879478827,0.160493827160494,0.216654904728299,0.39239917405055,0,25.8,37.8
2015,REG,00-0030521,J.Hunter,Justin Hunter,WR,WR,"https://static.www.nfl.com/image/private/f_auto,q_auto/league/jwfx9spolez2cofb3kvq",9,TEN,0,0,0,0,0,0,0,0,0,0,0,0,,0,,,0,0,0,0,0,0,,0,22,31,264,1,0,0,377,33,12,8.30429647961748,0,0.70026525198939,0.10472972972973,0.150981177412895,0.262781418783621,0,32.4,54.4
2015,REG,00-0030524,L.Jones,Landry Jones,QB,QB,"https://static.www.nfl.com/image/private/f_auto,q_auto/league/rxewfnskdqvfmsui48ta",7,PIT,32,55,513,3,4,2,17,1,1,521,284,19,-0.0955156268554944,0,0.984644913627639,0.0642598790204529,5,-5,0,0,0,0,-2.27685791190015,0,0,0,0,0,0,0,0,0,0,,0,,,,,0,22.02,22.02
2015,REG,00-0030525,T.Austin,Tavon Austin,WR,WR,"https://static.www.nfl.com/image/private/f_auto,q_auto/league/ulagxqgjnrft4wub0gus",16,LA,0,0,0,0,0,0,0,0,0,0,0,0,,0,,,52,434,4,0,0,23,19.9867686346406,0,52,87,473,5,1,1,668,348,21,-9.26817476280507,0,0.708083832335329,0.185897435897436,0.175974710221286,0.402028451001054,1,148.7,200.7
2015,REG,00-0030526,E.Manuel,EJ Manuel,QB,QB,"https://static.www.nfl.com/image/private/f_auto,q_auto/league/day0kzescuwievdhlacd",4,BUF,52,84,561,3,3,6,45,2,1,737,164,26,-11.108962825688,0,0.761194029850746,0.0489254130141867,17,64,1,0,0,10,5.23037405042412,0,0,0,0,0,0,0,0,0,0,,0,,,,,0,38.84,38.84
2015,REG,00-0030532,,Stedman Bailey,WR,WR,,8,LA,0,0,0,0,0,0,0,0,0,0,0,0,,0,,,0,0,0,0,0,0,,0,12,25,182,1,0,0,262,71,6,-1.91694917933559,0,0.694656488549618,0.114678899082569,0.144991698948533,0.273512537887827,0,24.2,36.2
2015,REG,00-0030536,,Zac Stacy,RB,RB,"https://static.www.nfl.com/image/private/f_auto,q_auto/league/oo0cmp2wjrwqz3arii0f",6,NYJ,0,0,0,0,0,0,0,0,0,0,0,0,,0,,,31,89,1,0,0,4,-7.02394333505072,0,9,12,65,0,0,0,-21,80,4,-1.36381737626553,0,-3.0952380952381,0.0515021459227468,-0.0107858243451464,0.0697031418425177,0,21.4,30.4
2015,REG,00-0030540,A.Dobson,Aaron Dobson,WR,WR,"https://static.www.nfl.com/image/private/f_auto,q_auto/league/es1l8zn20xgfxqh8ophi",6,NE,0,0,0,0,0,0,0,0,0,0,0,0,,0,,,0,0,0,0,0,0,,0,13,21,141,0,0,0,209,29,9,6.48672180873109,0,0.674641148325359,0.0792452830188679,0.1,0.188867924528302,0,14.1,27.1
2015,REG,00-0030542,T.Williams,Terrance Williams,WR,WR,"https://static.www.nfl.com/image/private/f_auto,q_auto/league/emdrh1uwgitgnw1wytiv",16,DAL,0,0,0,0,0,0,0,0,0,0,0,0,,0,,,0,0,0,0,0,0,,0,52,93,840,3,0,0,1219,275,36,9.53623913761409,0,0.689089417555373,0.179190751445087,0.303384768541563,0.481155465146724,0,102.0,154.0
2015,REG,00-0030544,G.Escobar,Gavin Escobar,TE,TE,"https://static.www.nfl.com/image/private/f_auto,q_auto/league/zpne5eocfe1wlkabs4gq",7,DAL,0,0,0,0,0,0,0,0,0,0,0,0,,0,,,0,0,0,0,0,0,,0,8,13,64,1,1,1,79,27,5,-3.20348350879047,0,0.810126582278481,0.0546218487394958,0.0441340782122905,0.112826627857847,0,10.4,18.4
2015,REG,00-0030547,,Denard Robinson,RB,RB,"https://static.www.nfl.com/image/private/f_auto,q_auto/league/qxucqizbxstsxgtv0jpn",12,JAX,0,0,0,0,0,0,0,0,0,0,0,0,,0,,,67,266,1,3,1,10,-16.4687079828791,0,21,30,164,0,0,0,3,158,8,-1.13086033577565,0,54.6666666666667,0.0757575757575758,0.000877449546651,0.114250578319019,0,47.0,68.0
2015,REG,00-0030549,T.Eifert,Tyler Eifert,TE,TE,"https://static.www.nfl.com/image/private/f_auto,q_auto/league/sextvbehmeu7ydutxtsu",13,CIN,0,0,0,0,0,0,0,0,0,0,0,0,,0,,,0,0,0,0,0,0,,0,52,74,615,13,0,0,557,233,38,52.0504348946319,0,1.10412926391382,0.177033492822967,0.15156462585034,0.371645477329688,0,139.5,191.5
2015,REG,00-0030551,C.Schmidt,Colton Schmidt,P,SPEC,"https://static.www.nfl.com/image/private/f_auto,q_auto/league/ljknmshvxkk85fkaq8ar",1,BUF,0,0,0,0,0,0,0,0,0,0,0,0,,0,,,1,0,0,1,0,0,-4.26797624054598,0,0,0,0,0,0,0,0,0,0,,0,,,,,0,0.0,0.0
2015,REG,00-0030564,D.Hopkins,DeAndre Hopkins,WR,WR,"https://static.www.nfl.com/image/upload/f_auto,q_auto/league/viymeohipdn0voptrkzh",16,HOU,0,0,0,0,0,0,0,0,0,0,0,0,,0,,,0,0,0,0,0,0,,0,111,192,1521,11,1,0,2714,225,83,62.926021907181,1,0.560427413411938,0.312703583061889,0.45883347421809,0.790238806545497,0,220.1,331.1
2015,REG,00-0030565,G.Smith,Geno Smith,QB,QB,"https://static.www.nfl.com/image/upload/f_auto,q_auto/league/izkm5yyxybb5uy5dkcgf",1,NYJ,27,42,265,2,1,3,19,0,0,372,89,14,1.32179962419674,0,0.71236559139785,0.104470475694011,2,34,0,0,0,1,2.52644161047647,0,0,0,0,0,0,0,0,0,0,,0,,,,,0,20.0,20.0
2015,REG,00-0030569,,Sean Renfree,QB,QB,,2,ATL,3,7,11,0,1,2,17,0,0,47,21,1,-7.41889991168864,0,0.234042553191489,-0.0429617285832626,1,-4,0,0,0,0,-0.988658928545192,0,0,0,0,0,0,0,0,0,0,,0,,,,,0,-1.96,-1.96
2015,REG,00-0030578,C.Patterson,Cordarrelle Patterson,RB,RB,"https://static.www.nfl.com/image/upload/f_auto,q_auto/league/jktdrwmujfuqp94csnav",5,MIN,0,0,0,0,0,0,0,0,0,0,0,0,,0,,,2,15,0,0,0,1,1.04990249103867,0,2,2,10,0,0,0,6,4,1,0.582203125348315,0,1.66666666666667,0.0277777777777778,0.0097879282218597,0.0485182164219685,2,14.5,16.5
2015,REG,00-0030586,R.Nassib,Ryan Nassib,QB,QB,"https://static.www.nfl.com/image/private/f_auto,q_auto/league/mwpobkoqx8dcyv4yin6n",1,NYG,5,5,68,1,0,0,0,0,0,41,27,4,5.54729830543511,0,1.65853658536585,0.571006739782488,0,0,0,0,0,0,,0,0,0,0,0,0,0,0,0,0,,0,,,,,0,6.72,6.72
2015,REG,00-0030648,A.Villanueva,Alejandro Villanueva,T,OL,"https://static.www.nfl.com/image/private/f_auto,q_auto/league/u0iqbfj30q64ngrmwdvr",1,PIT,0,0,0,0,0,0,0,0,0,0,0,0,,0,,,0,0,0,0,0,0,,0,0,1,0,0,0,0,5,0,0,-6.56657829729375,0,0.0,0.0172413793103448,0.0074962518740629,0.0311094452773613,0,0.0,0.0
2015,REG,00-0030656,I.Crowell,Isaiah Crowell,RB,RB,"https://static.www.nfl.com/image/private/f_auto,q_auto/league/oruiw5myfimtssv6j2ar",16,CLE,0,0,0,0,0,0,0,0,0,0,0,0,,0,,,185,706,4,0,0,34,-20.9738491532309,0,19,22,182,1,0,0,-49,227,6,9.76007767383646,0,-3.71428571428571,0.0582010582010582,-0.0173451327433628,0.0751599943812333,0,118.8,137.8
2015,REG,00-0030659,J.Krause,Jonathan Krause,WR,WR,"https://static.www.nfl.com/image/private/f_auto,q_auto/league/jpjdauvc3yrbu6pots6o",2,PHI,0,0,0,0,0,0,0,0,0,0,0,0,,0,,,0,0,0,0,0,0,,0,2,4,11,0,0,0,43,6,0,-2.28799696685746,0,0.255813953488372,0.0506329113924051,0.0932754880694143,0.141242208737198,0,1.1,3.1
2015,REG,00-0030663,W.Snead,Willie Snead,WR,WR,"https://static.www.nfl.com/image/private/f_auto,q_auto/league/fr5xckiwhguuaishnbju",15,NO,0,0,0,0,0,0,0,0,0,0,0,0,,0,,,0,0,0,0,0,0,,0,69,101,984,3,2,1,1024,345,44,43.7980288489582,0,0.9609375,0.162379421221865,0.212315985900892,0.392190321963422,0,114.4,183.4
2015,REG,00-0030668,C.West,Charcandrick West,RB,RB,"https://static.www.nfl.com/image/private/f_auto,q_auto/league/ccvw7oos9bzr4ojdiuac",13,KC,0,0,0,0,0,0,0,0,0,0,0,0,,0,,,160,634,4,1,1,35,-17.6771847924347,0,20,34,214,1,0,0,-12,237,6,2.81982123357505,0,-17.8333333333333,0.0894736842105263,-0.0070093457943925,0.129303984259715,0,112.8,132.8
2015,REG,00-0030669,A.Wilson,Albert Wilson,WR,WR,"https://static.www.nfl.com/image/private/f_auto,q_auto/league/slythouwdcrug0poiios",14,KC,0,0,0,0,0,0,0,0,0,0,0,0,,0,,,5,26,0,0,0,1,0.92130941094365,0,35,57,451,2,0,0,581,219,19,4.54553014576353,0,0.776247848537005,0.146153846153846,0.219909159727479,0.373167181040005,0,59.7,94.7
2015,REG,00-0030670,B.Fowler,Bennie Fowler,WR,WR,"https://static.www.nfl.com/image/private/f_auto,q_auto/league/nfcmdcfhjf347rw1cstq",13,DEN,0,0,0,0,0,0,0,0,0,0,0,0,,0,,,0,0,0,0,0,0,,0,16,25,203,0,0,0,203,97,11,-0.0965057143192618,0,1.0,0.0508130081300813,0.0480587121212121,0.10986061067997,0,20.3,36.3
2015,REG,00-0030691,J.Butler,Jeremy Butler,WR,WR,"https://static.www.nfl.com/image/private/f_auto,q_auto/league/jjbnpsdo2knl6c710ix3",8,BAL,0,0,0,0,0,0,0,0,0,0,0,0,,0,,,0,0,0,0,0,0,,0,31,44,363,0,1,0,344,150,17,15.6744529087978,0,1.05523255813954,0.126801152737752,0.130798479087452,0.281760664467845,0,36.3,67.3
2015,REG,00-0030705,J.Thompson,Juwan Thompson,RB,RB,"https://static.www.nfl.com/image/private/f_auto,q_auto/league/x1gerktg0cgy6em36vgl",7,DEN,0,0,0,0,0,0,0,0,0,0,0,0,,0,,,18,48,0,0,0,2,-4.02517911605537,0,6,9,51,0,0,0,-14,69,1,-0.0729056260066765,0,-3.64285714285714,0.0580645161290323,-0.0107692307692308,0.0795583126550869,0,9.9,15.9
2015,REG,00-0030710,T.Burton,Trey Burton,TE,TE,"https://static.www.nfl.com/image/private/f_auto,q_auto/league/vt2ce0szit4ozyh5s5iw",3,PHI,0,0,0,0,0,0,0,0,0,0,0,0,,0,,,0,0,0,0,0,0,,0,3,4,54,0,0,0,27,31,1,1.94478297198657,0,2.0,0.0377358490566038,0.0450751252086811,0.0881563612309825,0,5.4,8.4
2015,REG,00-0030741,R.Nix,Roosevelt Nix,FB,RB,"https://static.www.nfl.com/image/private/f_auto,q_auto/league/ibpity8hbzwonppqziyb",3,PIT,0,0,0,0,0,0,0,0,0,0,0,0,,0,,,0,0,0,0,0,0,,0,2,3,16,0,0,0,16,12,1,0.379158710129559,0,1.0,0.0223880597014925,0.0136518771331058,0.0431384035454129,0,1.6,3.6
2015,REG,00-0030758,,Justin Perillo,TE,TE,,6,GB,0,0,0,0,0,0,0,0,0,0,0,0,,0,,,0,0,0,0,0,0,,0,11,13,102,1,0,0,95,21,5,7.3358054003534,0,1.07368421052632,0.0577777777777778,0.0625411454904543,0.130445468509985,0,16.2,27.2
2015,REG,00-0030780,R.Hewitt,Ryan Hewitt,TE,TE,"https://static.www.nfl.com/image/private/f_auto,q_auto/league/egbpiaml7idnpcxa1x8q",9,CIN,0,0,0,0,0,0,0,0,0,0,0,0,,0,,,0,0,0,0,0,0,,0,8,12,99,0,0,0,74,59,3,4.549241387704,0,1.33783783783784,0.0437956204379562,0.0340386384544618,0.0895204775750576,0,9.9,17.9
2015,REG,00-0030789,,Antonio Andrews,RB,RB,"https://static.www.nfl.com/image/private/f_auto,q_auto/league/wwy4g14dflaelkretfzv",14,TEN,1,1,41,1,0,0,0,0,0,26,15,1,3.95436355215497,0,1.57692307692308,,143,520,3,1,1,28,-28.6867399178959,0,21,29,174,0,0,0,43,175,8,-5.16642746299802,0,4.04651162790698,0.0671296296296296,0.0127106118829441,0.109591872762505,0,91.04,112.04
2015,REG,00-0030801,B.Coleman,Brandon Coleman,WR,WR,"https://static.www.nfl.com/image/private/f_auto,q_auto/league/mudu6l15nmg2cfvljd0d",16,NO,0,0,0,0,0,0,0,0,0,0,0,0,,0,,,0,0,0,0,0,0,,0,30,49,454,2,0,0,680,120,22,17.3764147676702,0,0.667647058823529,0.0739064856711916,0.1308447181066,0.202451031181407,0,57.4,87.4
2015,REG,00-0030806,,Nic Jacobs,TE,TE,,3,JAX,0,0,0,0,0,0,0,0,0,0,0,0,,0,,,0,0,0,0,0,0,,0,1,3,6,0,0,0,23,5,0,-0.720149637083523,0,0.260869565217391,0.0277777777777778,0.0202108963093146,0.0558142940831869,0,0.6,1.6
2015,REG,00-0030807,S.Jones,Seantavius Jones,WR,WR,"https://static.www.nfl.com/image/private/f_auto,q_auto/league/xmrq2zoqm6r6nwco8ajd",1,NO,0,0,0,0,0,0,0,0,0,0,0,0,,0,,,0,0,0,0,0,0,,0,0,1,0,0,0,0,7,0,0,-0.980056180851534,0,0.0,0.0285714285714286,0.0185185185185185,0.0558201058201058,0,0.0,0.0
2015,REG,00-0030821,A.Hurns,Allen Hurns,WR,WR,"https://static.www.nfl.com/image/private/f_auto,q_auto/league/ficrwzwu4bfswpzu61fv",15,JAX,0,0,0,0,0,0,0,0,0,0,0,0,,0,,,0,0,0,0,0,0,,0,64,105,1031,10,2,1,1216,347,48,43.5746077159655,0,0.847861842105263,0.185840707964602,0.231751477034496,0.44098709587105,0,161.1,225.1
2015,REG,00-0030832,A.Cleveland,Asante Cleveland,TE,TE,"https://static.www.nfl.com/image/private/f_auto,q_auto/league/jla4z1dsbqt6t2khi1t1",1,NE,0,0,0,0,0,0,0,0,0,0,0,0,,0,,,0,0,0,0,0,0,,0,1,1,1,0,0,0,1,0,0,-0.458892504451796,0,1.0,0.0238095238095238,0.0021786492374727,0.0372393401805166,0,0.1,1.1
2015,REG,00-0030855,,Zurlon Tipton,RB,RB,"https://static.www.nfl.com/image/private/f_auto,q_auto/league/d2zoqlarp9qvyvlmcxih",4,IND,0,0,0,0,0,0,0,0,0,0,0,0,,0,,,5,20,0,0,0,1,-2.5560747727837,0,5,8,57,0,0,0,28,50,2,-0.928353130362077,0,2.03571428571429,0.0754716981132076,0.0340632603406326,0.137051829408254,0,7.7,12.7
2015,REG,00-0030856,T.Washington,Tony Washington,WR,WR,"https://static.www.nfl.com/image/private/f_auto,q_auto/league/v7m1hggbznecn6xkqoac",1,JAX,0,0,0,0,0,0,0,0,0,0,0,0,,0,,,1,8,0,0,0,0,0.457194139948115,0,0,0,0,0,0,0,0,0,0,,0,,,,,0,0.8,0.8
2015,REG,00-0030860,O.Darkwa,Orleans Darkwa,RB,RB,"https://static.www.nfl.com/image/private/f_auto,q_auto/league/tumagun0uid3uujm4kkg",8,NYG,0,0,0,0,0,0,0,0,0,0,0,0,,0,,,36,153,1,0,0,7,-1.98735588981071,0,3,5,31,0,0,0,-2,26,2,1.47639776329743,0,-15.5,0.040650406504065,-0.0021953896816685,0.0594388369789296,0,24.4,27.4
2015,REG,00-0030874,D.Williams,Damien Williams,RB,RB,"https://static.www.nfl.com/image/private/f_auto,q_auto/league/ga4vusnfwfvhp2ksqw7x",13,MIA,0,0,0,0,0,0,0,0,0,0,0,0,,0,,,16,59,0,1,1,2,-9.23162294004578,0,21,28,142,1,0,0,115,88,6,1.38662897847848,0,1.23478260869565,0.0620842572062084,0.034965034965035,0.117601910284837,0,24.1,45.1
2015,REG,00-0030920,,Javontee Herndon,WR,WR,"https://static.www.nfl.com/image/private/f_auto,q_auto/league/ocgpnvzggzfmcsvupii1",7,LAC,0,0,0,0,0,0,0,0,0,0,0,0,,0,,,1,13,0,0,0,1,0.951929298928007,0,24,33,195,0,0,0,189,102,8,4.07339882497343,0,1.03174603174603,0.123595505617978,0.0861047835990888,0.245666606946328,0,20.8,44.8
2015,REG,00-0030990,J.Huff,Josh Huff,WR,WR,"https://static.www.nfl.com/image/private/f_auto,q_auto/league/fbihlh4lbx3xco7v75yg",13,PHI,0,0,0,0,0,0,0,0,0,0,0,0,,0,,,0,0,0,0,0,0,,0,27,40,312,3,0,0,218,181,16,10.4889849145031,0,1.43119266055046,0.0740740740740741,0.061030235162374,0.153832275724773,0,49.2,76.2
2015,REG,00-0030992,C.Gillmore,Crockett Gillmore,TE,TE,"https://static.www.nfl.com/image/private/f_auto,q_auto/league/wdnss99dxs771hd8ifpn",10,BAL,0,0,0,0,0,0,0,0,0,0,0,0,,0,,,0,0,0,0,0,0,,0,33,47,412,4,0,0,345,245,17,15.0327614669077,0,1.19420289855072,0.111638954869359,0.10879848628193,0.243617372701389,0,65.2,98.2
2015,REG,00-0031001,J.Janis,Jeff Janis,WR,WR,"https://static.www.nfl.com/image/private/f_auto,q_auto/league/fldhv9nvnmafss3r9tn2",5,GB,0,0,0,0,0,0,0,0,0,0,0,0,,0,,,0,0,0,0,0,0,,0,2,12,79,0,0,0,225,29,2,-4.09414933833206,0,0.351111111111111,0.0701754385964912,0.137698898408813,0.201652386780906,0,7.9,9.9
2015,REG,00-0031021,J.Abbrederis,Jared Abbrederis,WR,WR,"https://static.www.nfl.com/image/private/f_auto,q_auto/league/p5gqmcyci9youm2r6oeb",5,GB,0,0,0,0,0,0,0,0,0,0,0,0,,0,,,0,0,0,0,0,0,,0,9,16,111,0,1,0,249,15,5,2.72969497463782,0,0.445783132530121,0.082051282051282,0.145104895104895,0.22465034965035,0,11.1,20.1
2015,REG,00-0031023,Q.Enunwa,Quincy Enunwa,WR,WR,"https://static.www.nfl.com/image/private/f_auto,q_auto/league/vsd27gfxzjt7v7izbjet",11,NYJ,0,0,0,0,0,0,0,0,0,0,0,0,,0,,,0,0,0,0,0,0,,0,22,46,315,0,0,0,455,148,10,6.35293884410735,0,0.692307692307692,0.108490566037736,0.116041826064779,0.243965127301949,0,31.5,53.5
2015,REG,00-0031025,M.Campanaro,Michael Campanaro,WR,WR,"https://static.www.nfl.com/image/private/f_auto,q_auto/league/zpr9fkukakcfyfefypf7",3,BAL,0,0,0,0,0,0,0,0,0,0,0,0,,0,,,2,17,1,0,0,1,2.94177730986848,0,5,6,35,0,0,0,23,27,1,0.0508742850289612,0,1.52173913043478,0.0530973451327434,0.0339233038348083,0.103392330383481,0,11.2,16.2
2015,REG,00-0031044,T.Niklas,Troy Niklas,TE,TE,"https://static.www.nfl.com/image/private/f_auto,q_auto/league/cfkufqkxuqf9htsyqfxj",3,ARI,0,0,0,0,0,0,0,0,0,0,0,0,,0,,,0,0,0,0,0,0,,0,4,4,33,2,0,0,32,1,3,4.83034390001558,0,1.03125,0.032258064516129,0.0214046822742475,0.0633703743661668,0,15.3,19.3
2015,REG,00-0031045,C.Hyde,Carlos Hyde,RB,RB,"https://static.www.nfl.com/image/private/f_auto,q_auto/league/qpmv42ldpkpdf1gpgeua",7,SF,0,0,0,0,0,0,0,0,0,0,0,0,,0,,,115,470,3,1,0,25,-5.9904687400267,0,11,15,53,0,0,0,10,61,4,-2.24749543061593,0,5.3,0.0842696629213483,0.0071022727272727,0.131376085291113,0,70.3,81.3
2015,REG,00-0031051,J.Brown,John Brown,WR,WR,"https://static.www.nfl.com/image/private/f_auto,q_auto/league/xwyc2a0qfdxbbct6lso6",15,ARI,0,0,0,0,0,0,0,0,0,0,0,0,,0,,,3,22,0,0,0,1,0.61738623684505,0,65,101,1003,7,1,1,1491,315,49,44.5260283696281,0,0.67270288397049,0.196881091617934,0.269913106444605,0.484260811938124,0,142.5,207.5
2015,REG,00-0031055,A.Williams,Andre Williams,RB,RB,"https://static.www.nfl.com/image/private/f_auto,q_auto/league/bkjjrp3sdtq2ubuzywyd",16,NYG,0,0,0,0,0,0,0,0,0,0,0,0,,0,,,88,257,1,0,0,11,-23.6124055674391,1,1,3,7,0,0,0,6,3,0,-1.04004813870415,0,1.16666666666667,0.0275229357798165,0.007125890736342,0.0462725271851642,0,34.4,35.4
2015,REG,00-0031057,K.Carey,Ka'Deem Carey,RB,RB,"https://static.www.nfl.com/image/private/f_auto,q_auto/league/hxertoawlphk8ljtylct",7,CHI,0,0,0,0,0,0,0,0,0,0,0,0,,0,,,43,159,2,1,1,13,-4.98889865829752,0,3,3,19,1,0,0,11,8,2,1.11981383513194,0,1.72727272727273,0.0476190476190476,0.0261282660332542,0.0897183576518494,0,33.8,36.8
2015,REG,00-0031060,D.Thomas,De'Anthony Thomas,WR,WR,"https://static.www.nfl.com/image/private/f_auto,q_auto/league/ubevvtu8f1snobsxnnwl",10,KC,0,0,0,0,0,0,0,0,0,0,0,0,,0,,,9,34,1,0,0,3,0.787001807009801,0,17,24,140,1,0,0,29,149,6,-2.99334755630771,0,4.82758620689655,0.0810810810810811,0.0197952218430034,0.135478276911724,0,29.4,46.4
2015,REG,00-0031062,J.White,James White,RB,RB,"https://static.www.nfl.com/image/private/f_auto,q_auto/league/z1nnkmnstccnqya5d5ee",12,NE,0,0,0,0,0,0,0,0,0,0,0,0,,0,,,22,56,2,0,0,3,-4.70197621433741,0,40,54,410,4,0,0,108,347,19,24.9010543644461,0,3.7962962962963,0.125874125874126,0.031386224934612,0.210781546265417,0,82.6,122.6
2015,REG,00-0031066,L.Taliaferro,Lorenzo Taliaferro,RB,RB,"https://static.www.nfl.com/image/private/f_auto,q_auto/league/kuwhpbnxob4eht6fndqh",3,BAL,0,0,0,0,0,0,0,0,0,0,0,0,,0,,,13,47,1,0,0,2,-0.245957257400733,0,5,5,29,0,0,0,2,27,0,0.362804308728706,0,14.5,0.0396825396825397,0.0021321961620469,0.0610163468372424,0,13.6,18.6
2015,REG,00-0031068,R.Grant,Ryan Grant,WR,WR,"https://static.www.nfl.com/image/private/f_auto,q_auto/league/im7fnk7uti759btkrdok",12,WAS,0,0,0,0,0,0,0,0,0,0,0,0,,0,,,0,0,0,0,0,0,,0,23,42,268,2,0,0,389,98,18,-6.19610860134179,0,0.688946015424165,0.0979020979020979,0.112071449150101,0.225303161258217,0,38.8,61.8
2015,REG,00-0031075,A.Blue,Alfred Blue,RB,RB,"https://static.www.nfl.com/image/private/f_auto,q_auto/league/qt9zmmipmlcin4gxs8wt",14,HOU,0,0,0,0,0,0,0,0,0,0,0,0,,0,,,183,698,2,2,1,33,-29.5686010513861,0,15,16,109,1,0,0,43,68,2,3.40032499108929,0,2.53488372093023,0.0471976401179941,0.0138888888888889,0.0805186823992134,0,96.7,111.7
2015,REG,00-0031085,J.Prosch,Jay Prosch,RB,RB,"https://static.www.nfl.com/image/private/f_auto,q_auto/league/qfxm205gqvzzpy0z2oyw",4,HOU,0,0,0,0,0,0,0,0,0,0,0,0,,0,,,6,33,0,0,0,3,0.394627760621587,0,0,1,0,0,0,0,-1,0,0,-4.90229089627974,0,0.0,0.0256410256410256,-0.0030487804878048,0.0363273921200751,0,3.3,3.3
2015,REG,00-0031118,C.Brown,Corey Brown,WR,WR,"https://static.www.nfl.com/image/private/f_auto,q_auto/league/lgk5rlkpxd0vw28nhrrq",14,CAR,0,0,0,0,0,0,0,0,0,0,0,0,,0,,,6,38,0,0,0,4,2.06825640180614,0,31,54,447,4,0,0,787,81,24,19.0286878661163,0,0.567979669631512,0.134328358208955,0.183449883449883,0.329907455728351,0,72.5,103.5
2015,REG,00-0031166,S.Roberts,Seth Roberts,WR,WR,"https://static.www.nfl.com/image/private/f_auto,q_auto/league/wcralkq5mcdpsmjvkatl",16,LV,0,0,0,0,0,0,0,0,0,0,0,0,,0,,,0,0,0,0,0,0,,0,32,55,480,5,0,0,499,134,21,4.48102797410153,1,0.961923847695391,0.0915141430948419,0.10567556120288,0.211244107484279,0,80.0,112.0
2015,REG,00-0031167,S.Simonson,Scott Simonson,TE,TE,"https://static.www.nfl.com/image/private/f_auto,q_auto/league/cocieog4hemdjlipo1qh",1,CAR,0,0,0,0,0,0,0,0,0,0,0,0,,0,,,0,0,0,0,0,0,,0,1,1,10,0,0,0,2,8,1,1.72701620846055,0,5.0,0.0384615384615385,0.0066889632107023,0.0623745819397993,0,1.0,2.0
2015,REG,00-0031189,T.Jones,T.J. Jones,WR,WR,"https://static.www.nfl.com/image/private/f_auto,q_auto/league/fqv9h42uxtxjl7jjs2dt",7,DET,0,0,0,0,0,0,0,0,0,0,0,0,,0,,,1,-3,0,0,0,0,-1.38734214892611,0,10,18,132,1,0,0,194,41,5,-0.890329083159152,0,0.680412371134021,0.0725806451612903,0.12696335078534,0.197745313291674,0,18.9,28.9
2015,REG,00-0031203,C.Santos,Cairo Santos,K,SPEC,"https://static.www.nfl.com/image/upload/f_auto,q_auto/league/njxxbexsrepazoygyrpp",1,KC,1,1,3,0,0,0,0,0,0,-6,9,0,-2.56431650940795,0,0.0,,0,0,0,0,0,0,,0,0,0,0,0,0,0,0,0,0,,0,,,,,0,0.12,0.12
2015,REG,00-0031228,T.Gabriel,Taylor Gabriel,WR,WR,"https://static.www.nfl.com/image/private/f_auto,q_auto/league/nc4aoax8j5mnnrjewu7p",12,CLE,0,0,0,0,0,0,0,0,0,0,0,0,,0,,,0,0,0,0,0,0,,0,28,48,241,0,1,1,360,108,11,-9.64786266125157,1,0.669444444444444,0.109090909090909,0.102359965880011,0.235288339752372,0,24.1,52.1
2015,REG,00-0031235,O.Beckham,Odell Beckham,WR,WR,"https://static.www.nfl.com/image/upload/f_auto,q_auto/league/ffmalg3wr7lwnsz59i7v",15,NYG,0,0,0,0,0,0,0,0,0,0,0,0,,0,,,1,3,0,0,0,0,-1.04024865292013,0,96,158,1450,13,2,0,1819,590,67,85.5566076515192,0,0.797141286421111,0.271944922547332,0.405032286795814,0.691439984578068,0,223.3,319.3
2015,REG,00-0031236,B.Cooks,Brandin Cooks,WR,WR,"https://static.www.nfl.com/image/upload/f_auto,q_auto/league/pjoksfxpbba4hevwpuop",16,NO,0,0,0,0,0,0,0,0,0,0,0,0,,0,,,8,18,0,0,0,2,-2.64888916769996,0,84,129,1138,9,1,0,1597,384,45,25.6764419278308,0,0.712586098935504,0.194570135746606,0.307292668847412,0.506960071813098,0,169.6,253.6
2015,REG,00-0031237,T.Bridgewater,Teddy Bridgewater,QB,QB,"https://static.www.nfl.com/image/private/f_auto,q_auto/league/q5p8afhezmpvc1xbwibf",16,MIN,292,447,3231,14,9,44,307,5,2,3214,1799,153,0.641573634895522,0,1.00528935905414,0.0896315000472765,44,192,3,3,1,17,12.0117695745784,1,0,0,0,0,0,0,0,0,0,,0,,,,,0,200.44,200.44
2015,REG,00-0031257,P.Richardson,Paul Richardson,WR,WR,"https://static.www.nfl.com/image/private/f_auto,q_auto/league/jxsldwomavxfbs7gueqt",1,SEA,0,0,0,0,0,0,0,0,0,0,0,0,,0,,,0,0,0,0,0,0,,0,1,1,40,0,0,0,28,12,1,2.65214782353723,0,1.42857142857143,0.037037037037037,0.0845921450151058,0.11477005706613,0,4.0,5.0
2015,REG,00-0031266,,Zach Mettenberger,QB,QB,,7,TEN,101,166,935,4,7,13,98,2,2,1278,419,45,-62.3739764662265,0,0.731611893583725,0.0170986173846064,9,8,1,2,0,2,0.211135702964384,0,0,0,0,0,0,0,0,0,0,,0,,,,,0,42.2,42.2
2015,REG,00-0031273,C.Brate,Cameron Brate,TE,TE,"https://static.www.nfl.com/image/private/f_auto,q_auto/league/jhioqec65qy4z7s6w9a6",12,TB,0,0,0,0,0,0,0,0,0,0,0,0,,0,,,0,0,0,0,0,0,,0,23,30,288,3,0,0,305,50,14,13.5368959259477,0,0.944262295081967,0.0715990453460621,0.0715123094958968,0.157457184666221,0,46.8,69.8
2015,REG,00-0031277,B.Oliver,Branden Oliver,RB,RB,"https://static.www.nfl.com/image/private/f_auto,q_auto/league/wuvcmhjtwgqanezt6f79",6,LAC,0,0,0,0,0,0,0,0,0,0,0,0,,0,,,31,108,0,0,0,8,-1.70907944871578,0,13,15,112,0,0,0,-21,135,5,3.2379443005193,0,-5.33333333333333,0.0632911392405063,-0.0156366344005957,0.0839910647803425,0,22.0,35.0
2015,REG,00-0031280,D.Carr,Derek Carr,QB,QB,"https://static.www.nfl.com/image/upload/f_auto,q_auto/league/qsz1pyrlu6bmvby6maaf",16,LV,350,573,3987,32,13,31,230,6,1,4570,1785,183,-3.59208431222425,1,0.872428884026258,0.0504240927985718,33,138,0,3,2,7,-6.02226598717999,0,0,0,0,0,0,0,0,0,0,,0,,,,,0,271.28,271.28
2015,REG,00-0031285,D.Freeman,Devonta Freeman,RB,RB,"https://static.www.nfl.com/image/private/f_auto,q_auto/league/vjhvfwypu1byxfo2uvki",15,ATL,0,0,0,0,0,0,0,0,0,0,0,0,,0,,,265,1056,11,2,1,68,-11.5501989477286,0,73,97,578,3,1,1,293,437,21,9.65784557727893,0,1.97269624573379,0.17962962962963,0.0733784122213874,0.320809332999416,0,243.4,316.4
2015,REG,00-0031288,A.McCarron,AJ McCarron,QB,QB,"https://static.www.nfl.com/image/private/f_auto,q_auto/league/fvakqnmsg35llkcme11h",7,CIN,79,119,854,6,2,12,63,0,0,972,317,44,9.47940923794527,0,0.878600823045268,0.11747846603891,14,31,0,1,1,3,-4.52044819493312,0,0,0,0,0,0,0,0,0,0,,0,,,,,0,55.26,55.26
2015,REG,00-0031299,J.Matthews,Jordan Matthews,TE,TE,"https://static.www.nfl.com/image/upload/f_auto,q_auto/league/b9rddikwsnwmfh9girgn",16,PHI,0,0,0,0,0,0,0,0,0,0,0,0,,0,,,0,0,0,0,0,0,,0,85,128,997,8,2,1,1063,414,44,30.926548245772,0,0.9379115710254,0.206451612903226,0.250294325406169,0.484883447139157,0,145.7,230.7
2015,REG,00-0031301,J.Hill,Jeremy Hill,RB,RB,"https://static.www.nfl.com/image/private/f_auto,q_auto/league/rafvidcbp023aupumccx",16,CIN,0,0,0,0,0,0,0,0,0,0,0,0,,0,,,223,794,11,3,3,45,-26.7225635799758,1,15,19,79,1,0,0,-3,87,5,2.15836299106013,0,-26.3333333333333,0.0519125683060109,-0.001179709005112,0.077043056155438,0,155.3,170.3
2015,REG,00-0031302,C.Fiedorowicz,C.J. Fiedorowicz,TE,TE,"https://static.www.nfl.com/image/private/f_auto,q_auto/league/syuzjdnhzquetrf9jqvp",13,HOU,0,0,0,0,0,0,0,0,0,0,0,0,,0,,,0,0,0,0,0,0,,0,17,24,167,1,1,1,110,77,8,-6.60746523073311,0,1.51818181818182,0.04642166344294,0.0224260958205912,0.0853307622388239,0,20.7,37.7
2015,REG,00-0031310,D.Street,Devin Street,WR,WR,"https://static.www.nfl.com/image/private/f_auto,q_auto/league/y2xezm37npdrqvgrhuga",10,DAL,0,0,0,0,0,0,0,0,0,0,0,0,,0,,,0,0,0,0,0,0,,0,7,13,114,1,1,1,197,13,6,-3.80706142698182,0,0.578680203045685,0.0388059701492537,0.0745647236941711,0.1104042618098,0,15.4,22.4
2015,REG,00-0031314,W.Johnson,Wesley Johnson,C,OL,"https://static.www.nfl.com/image/private/f_auto,q_auto/league/fruwv3uyu8y9qsmyd6pc",1,NYJ,0,0,0,0,0,0,0,0,0,0,0,0,,0,,,0,0,0,0,0,0,,0,1,1,-5,0,0,0,-7,2,0,-1.32118928909767,0,0.0,0.0256410256410256,-0.0150214592274678,0.027946517002311,0,-0.5,0.5
2015,REG,00-0031315,M.Hazel,Matt Hazel,WR,WR,"https://static.www.nfl.com/image/private/f_auto,q_auto/league/ijcfzgvm0l5cmtleaejy",1,MIA,0,0,0,0,0,0,0,0,0,0,0,0,,0,,,0,0,0,0,0,0,,0,0,1,0,0,0,0,5,0,0,-0.90763526133378,0,0.0,0.0263157894736842,0.0170648464163823,0.0514190767019939,0,0.0,0.0
2015,REG,00-0031320,,Kevin Smith,WR,WR,,3,SEA,0,0,0,0,0,0,0,0,0,0,0,0,,0,,,0,0,0,0,0,0,,0,3,5,43,0,0,0,38,30,2,3.21130501446896,0,1.13157894736842,0.0531914893617021,0.0481012658227848,0.113458120118503,0,4.3,7.3
2015,REG,00-0031325,S.Watkins,Sammy Watkins,WR,WR,"https://static.www.nfl.com/image/private/f_auto,q_auto/league/nkqk4ac4uncxocqlgp2k",13,BUF,0,0,0,0,0,0,0,0,0,0,0,0,,0,,,1,1,0,0,0,0,-0.329169422388077,0,60,96,1047,9,0,0,1605,179,41,63.8814192663398,0,0.652336448598131,0.266666666666667,0.423036373220875,0.696125461254613,0,158.8,218.8
2015,REG,00-0031326,B.Ellington,Bruce Ellington,WR,WR,"https://static.www.nfl.com/image/private/f_auto,q_auto/league/qqlup3kfumh2ifrixmfn",10,SF,0,0,0,0,0,0,0,0,0,0,0,0,,0,,,1,7,0,0,0,0,0.579981201561168,0,13,19,153,0,1,0,167,110,4,2.0444302498363,0,0.916167664670659,0.0545977011494253,0.0690939180802648,0.130262294380323,0,16.0,29.0
2015,REG,00-0031327,,Kevin Norwood,WR,WR,"https://static.www.nfl.com/image/private/f_auto,q_auto/league/l7maq8et7k8xcudhevwp",1,CAR,0,0,0,0,0,0,0,0,0,0,0,0,,0,,,0,0,0,0,0,0,,0,0,1,0,0,0,0,21,0,0,-4.34911856491817,0,0.0,0.027027027027027,0.0545454545454545,0.0787223587223587,0,0.0,0.0
2015,REG,00-0031332,F.Toussaint,Fitzgerald Toussaint,RB,RB,"https://static.www.nfl.com/image/private/f_auto,q_auto/league/rckiakioqzv7cjqaeg1d",3,PIT,0,0,0,0,0,0,0,0,0,0,0,0,,0,,,18,42,0,0,0,0,-5.98971561569488,0,0,0,0,0,0,0,0,0,0,,1,,,,,0,6.2,6.2
2015,REG,00-0031339,D.Moncrief,Donte Moncrief,WR,WR,"https://static.www.nfl.com/image/private/f_auto,q_auto/league/iippulnxfyjgrlj2p5qw",16,IND,0,0,0,0,0,0,0,0,0,0,0,0,,0,,,0,0,0,0,0,0,,0,64,105,733,6,0,0,1077,267,40,36.9466252941814,0,0.680594243268338,0.173841059602649,0.206678180771445,0.405436315943985,0,109.3,173.3
2015,REG,00-0031344,C.Latimer,Cody Latimer,WR,WR,"https://static.www.nfl.com/image/private/f_auto,q_auto/league/whgchcrp9pqx0waocewu",6,DEN,0,0,0,0,0,0,0,0,0,0,0,0,,0,,,2,1,0,0,0,0,-0.896329972427338,0,6,11,59,1,0,0,112,32,4,2.61022347133257,0,0.526785714285714,0.0578947368421053,0.0599892876272094,0.128834606602204,0,12.0,18.0
2015,REG,00-0031345,J.Garoppolo,Jimmy Garoppolo,QB,QB,"https://static.www.nfl.com/image/upload/f_auto,q_auto/league/lbyjizqecoq4onrgectw",4,NE,1,4,6,0,0,0,0,0,0,13,1,0,-3.11313412562595,0,0.461538461538462,,5,-5,0,0,0,0,0.0,0,0,0,0,0,0,0,0,0,0,,0,,,,,0,-0.26,-0.26
2015,REG,00-0031373,M.Bryant,Martavis Bryant,WR,WR,"https://static.www.nfl.com/image/private/f_auto,q_auto/league/davxza3iibzg7aw6c5jm",11,PIT,0,0,0,0,0,0,0,0,0,0,0,0,,0,,,5,37,1,0,0,2,3.50935608253349,0,50,92,765,6,1,1,1260,350,25,8.72929667994364,0,0.607142857142857,0.209567198177677,0.286363636363636,0.51480534272106,0,120.2,170.2
2015,REG,00-0031375,T.West,Terrance West,RB,RB,"https://static.www.nfl.com/image/private/f_auto,q_auto/league/vzmf3p3k4ywfa5vjn9za",8,BAL,0,0,0,0,0,0,0,0,0,0,0,0,,0,,,62,231,0,2,2,10,-17.9315592304071,0,4,5,21,0,0,0,0,18,0,0.0117495879530907,0,0.0,0.0344827586206897,0.0,0.0517241379310345,0,21.2,25.2
2015,REG,00-0031376,J.McKinnon,Jerick McKinnon,RB,RB,"https://static.www.nfl.com/image/private/f_auto,q_auto/league/yezxe2j778cndbhkxwez",16,MIN,0,0,0,0,0,0,0,0,0,0,0,0,,0,,,52,271,2,0,0,12,6.79635126981884,0,21,29,173,1,0,0,29,177,9,1.99498099809548,0,5.96551724137931,0.0976430976430976,0.0135009310986965,0.155915298233734,0,62.4,83.4
2015,REG,00-0031381,D.Adams,Davante Adams,WR,WR,"https://static.www.nfl.com/image/upload/f_auto,q_auto/league/jweoujpjv9u2a8k7wnos",13,GB,0,0,0,0,0,0,0,0,0,0,0,0,,0,,,0,0,0,0,0,0,,0,50,94,495,1,0,0,951,148,20,-11.4090057833096,1,0.520504731861199,0.19831223628692,0.242169595110772,0.46698707100792,0,57.5,107.5
2015,REG,00-0031382,J.Landry,Jarvis Landry,WR,WR,"https://static.www.nfl.com/image/private/f_auto,q_auto/league/w2q9uwsjvgadwyvnvopb",16,MIA,1,1,9,0,0,0,0,0,0,3,6,0,1.14097248273902,0,3.0,,18,113,1,0,0,7,2.18133812828455,0,110,166,1157,4,0,0,1236,533,60,9.66081643697156,1,0.936084142394822,0.285714285714286,0.243402914533281,0.598953468744725,1,165.36,275.36
2015,REG,00-0031384,R.Rodgers,Richard Rodgers,TE,TE,"https://static.www.nfl.com/image/private/f_auto,q_auto/league/l9zei9dkcmbml3q1nshk",16,GB,0,0,0,0,0,0,0,0,0,0,0,0,,0,,,1,11,0,0,0,1,0.84140024939552,0,58,85,526,8,0,0,540,234,27,11.6933186465185,1,0.974074074074074,0.150442477876106,0.117698343504795,0.308052557267516,0,103.7,161.7
2015,REG,00-0031387,E.Ebron,Eric Ebron,TE,TE,"https://static.www.nfl.com/image/private/f_auto,q_auto/league/uaxsxymncppase7ihczd",14,DET,0,0,0,0,0,0,0,0,0,0,0,0,,0,,,0,0,0,0,0,0,,0,47,70,537,5,0,0,375,291,27,13.7884006648676,0,1.432,0.136186770428016,0.115919629057187,0.285423895982054,0,83.7,130.7
2015,REG,00-0031390,C.Sims,Charles Sims,RB,RB,"https://static.www.nfl.com/image/private/f_auto,q_auto/league/w1yff81pb8rfp9sytx5l",16,TB,0,0,0,0,0,0,0,0,0,0,0,0,,0,,,107,529,0,1,1,20,-8.98688750678827,0,51,70,561,4,1,1,227,476,22,7.83465016804985,0,2.47136563876652,0.133333333333333,0.0517202096149465,0.236204146730463,0,129.0,180.0
2015,REG,00-0031391,,Tre Mason,RB,RB,,13,LA,0,0,0,0,0,0,0,0,0,0,0,0,,0,,,75,207,1,3,1,10,-32.7252467453223,0,18,21,88,0,0,0,-6,119,4,-2.22929570084671,0,-14.6666666666667,0.073943661971831,-0.0026408450704225,0.109066901408451,0,33.5,51.5
2015,REG,00-0031407,B.Bortles,Blake Bortles,QB,QB,"https://static.www.nfl.com/image/private/f_auto,q_auto/league/jvoui3bptgsfvgkz5e1b",16,JAX,355,606,4428,35,18,51,320,9,3,5560,1841,215,5.36244512432466,1,0.796402877697842,0.0536502630808087,52,310,2,5,2,24,-5.03665489111334,0,0,0,0,0,0,0,0,0,0,,0,,,,,0,316.12,316.12
2015,REG,00-0031408,M.Evans,Mike Evans,WR,WR,"https://static.www.nfl.com/image/upload/f_auto,q_auto/league/vfsaie1uiokfczwv9p4d",15,TB,0,0,0,0,0,0,0,0,0,0,0,0,,0,,,0,0,0,0,0,0,,0,74,148,1206,3,1,1,2208,232,63,22.044482644259,0,0.546195652173913,0.300813008130081,0.43662250346055,0.756855264617507,0,136.6,210.6
2015,REG,00-0031409,,Johnny Manziel,QB,QB,"https://static.www.nfl.com/image/private/f_auto,q_auto/league/a0ql3eziqinxvo0szfhk",9,CLE,129,223,1500,7,5,19,141,6,3,1829,729,71,-16.2608228065343,0,0.820120284308365,0.0285003538258565,37,230,0,0,0,11,5.6882526358596,0,0,0,0,0,0,0,0,0,0,,0,,,,,0,95.0,95.0
2015,REG,00-0031413,,Bishop Sankey,RB,RB,"https://static.www.nfl.com/image/private/f_auto,q_auto/league/igga9u3pw5h2rlcgs80c",11,TEN,0,0,0,0,0,0,0,0,0,0,0,0,,0,,,47,193,1,1,0,5,-4.89677262545081,0,14,22,139,1,0,0,10,137,8,-0.090004212979693,0,13.9,0.0698412698412698,0.0042480883602378,0.107735566614071,0,45.2,59.2
2015,REG,00-0031418,A.Seferian-Jenkins,Austin Seferian-Jenkins,TE,TE,"https://static.www.nfl.com/image/private/f_auto,q_auto/league/mvuoyejl5hzfzrkfezuj",7,TB,0,0,0,0,0,0,0,0,0,0,0,0,,0,,,0,0,0,0,0,0,,0,21,39,338,4,0,0,439,96,18,28.5440988039636,0,0.769931662870159,0.165254237288136,0.193306913254073,0.383196195210055,0,57.8,78.8
2015,REG,00-0031428,A.Robinson,Allen Robinson,WR,WR,"https://static.www.nfl.com/image/upload/f_auto,q_auto/league/fyukft9lraurbsq0laom",16,JAX,0,0,0,0,0,0,0,0,0,0,0,0,,0,,,0,0,0,0,0,0,,0,80,151,1400,14,0,0,2245,356,61,43.2163189209774,0,0.623608017817372,0.251247920133112,0.404577401333574,0.660076061133169,0,224.0,304.0
2015,REG,00-0031431,M.Lee,Marqise Lee,WR,WR,"https://static.www.nfl.com/image/private/f_auto,q_auto/league/drsesqqzwhkilsx51j4i",9,JAX,0,0,0,0,0,0,0,0,0,0,0,0,,0,,,5,38,0,0,0,2,1.76621642988175,0,15,32,191,1,0,0,355,91,11,2.67703437575256,0,0.538028169014084,0.096969696969697,0.120666213460231,0.229920894876707,0,28.9,43.9
2015,REG,00-0031459,,Glenn Winston,RB,RB,,1,CLE,0,0,0,0,0,0,0,0,0,0,0,0,,0,,,1,-8,0,1,1,0,-5.95611498667859,0,0,0,0,0,0,0,0,0,0,,0,,,,,0,-2.8,-2.8
2015,REG,00-0031462,J.Cunningham,Jerome Cunningham,TE,TE,"https://static.www.nfl.com/image/private/f_auto,q_auto/league/hmszkqofxzqzxqbuawhq",6,NYG,0,0,0,0,0,0,0,0,0,0,0,0,,0,,,0,0,0,0,0,0,,0,8,16,59,0,0,0,128,26,4,-3.46081509010155,0,0.4609375,0.062992125984252,0.0608076009501188,0.137053509641461,0,5.9,13.9
2015,REG,00-0031493,,Jarryd Hayne,RB,RB,"https://static.www.nfl.com/image/private/f_auto,q_auto/league/u9zzumwdvyds5dwkvyp2",4,SF,0,0,0,0,0,0,0,0,0,0,0,0,,0,,,17,52,0,0,0,4,-1.27335956884781,0,6,7,27,0,0,0,5,22,2,-4.65399086091202,0,5.4,0.11864406779661,0.0116822429906542,0.186143671788373,0,7.9,13.9
2015,REG,00-0031503,J.Winston,Jameis Winston,QB,QB,"https://static.www.nfl.com/image/upload/f_auto,q_auto/league/chdeosreuupotgq0eqlm",16,TB,312,535,4042,22,15,27,190,3,1,5340,1476,201,49.2368138011915,1,0.756928838951311,0.0952210118759459,54,213,6,3,1,18,2.97738901877709,0,0,0,0,0,0,0,0,0,0,,0,,,,,0,274.98,274.98
2015,REG,00-0031511,D.White,DeAndrew White,WR,WR,"https://static.www.nfl.com/image/private/f_auto,q_auto/league/lqmfu6qd0olpnvocajbh",1,SF,0,0,0,0,0,0,0,0,0,0,0,0,,0,,,0,0,0,0,0,0,,0,2,2,18,0,0,0,14,4,2,1.55162605288206,0,1.28571428571429,0.0434782608695652,0.0422960725075529,0.0948246420596348,0,1.8,3.8
2015,REG,00-0031526,,Tyler Varga,RB,RB,"https://static.www.nfl.com/image/private/f_auto,q_auto/league/p0iora9terrvucx0qpax",2,IND,0,0,0,0,0,0,0,0,0,0,0,0,,0,,,1,2,0,0,0,0,-0.0769369401969016,0,1,2,18,0,0,0,0,18,1,-0.486229706380982,0,0.0,0.0253164556962025,,,0,2.0,3.0
2015,REG,00-0031531,Tr.Williams,Trey Williams,RB,RB,"https://static.www.nfl.com/image/private/f_auto,q_auto/league/hfiivtppnjghesffnpbc",1,IND,0,0,0,0,0,0,0,0,0,0,0,0,,0,,,2,12,0,0,0,1,0.569428052345756,0,0,0,0,0,0,0,0,0,0,,0,,,,,0,1.2,1.2
2015,REG,00-0031544,A.Cooper,Amari Cooper,WR,WR,"https://static.www.nfl.com/image/upload/f_auto,q_auto/league/zmtzqznqui37unmo5xv9",16,LV,0,0,0,0,0,0,0,0,0,0,0,0,,0,,,3,-3,0,0,0,0,-1.7943077487289,0,72,130,1082,6,1,1,1351,374,45,17.6288729783135,0,0.800888230940045,0.21630615640599,0.286107581533249,0.524734541682259,0,141.9,213.9
2015,REG,00-0031547,D.Parker,DeVante Parker,WR,WR,"https://static.www.nfl.com/image/private/f_auto,q_auto/league/beuyfjou6kckaoqqpa96",8,MIA,0,0,0,0,0,0,0,0,0,0,0,0,,0,,,0,0,0,0,0,0,,0,26,50,494,3,0,0,697,98,20,24.5618923079234,0,0.708751793400287,0.157728706624606,0.231330899435778,0.398524689541953,0,67.4,93.4
2015,REG,00-0031549,N.Agholor,Nelson Agholor,WR,WR,"https://static.www.nfl.com/image/upload/f_auto,q_auto/league/wyxfkarcjgqdz3pl8nnr",13,PHI,0,0,0,0,0,0,0,0,0,0,0,0,,0,,,0,0,0,0,0,0,,0,23,44,283,1,1,1,480,95,11,2.34939547552521,0,0.589583333333333,0.0878243512974052,0.138328530259366,0.228566498127664,0,32.3,55.3
2015,REG,00-0031558,M.Williams,Maxx Williams,TE,TE,"https://static.www.nfl.com/image/private/f_auto,q_auto/league/p0j7ax3rqhrzn5nvmc06",11,BAL,0,0,0,0,0,0,0,0,0,0,0,0,,0,,,0,0,0,0,0,0,,0,32,48,268,1,1,0,298,147,16,-1.14297420225835,0,0.899328859060403,0.101694915254237,0.087905604719764,0.214076296185191,0,32.8,64.8
2015,REG,00-0031560,J.Strong,Jaelen Strong,WR,WR,"https://static.www.nfl.com/image/private/f_auto,q_auto/league/eakjj5fee8ctysjrqhxj",10,HOU,0,0,0,0,0,0,0,0,0,0,0,0,,0,,,0,0,0,0,0,0,,0,14,24,161,3,0,0,248,63,9,11.5534564356785,0,0.649193548387097,0.0676056338028169,0.0744297719087635,0.15350929104036,0,34.1,48.1
2015,REG,00-0031569,J.Langford,Jeremy Langford,RB,RB,"https://static.www.nfl.com/image/private/f_auto,q_auto/league/ezohep8ggqmwfa1eqy4m",15,CHI,0,0,0,0,0,0,0,0,0,0,0,0,,0,,,148,537,6,0,0,28,-6.59887513821013,1,22,42,279,1,0,0,207,228,9,0.663517437120387,0,1.34782608695652,0.113821138211382,0.0656725888324873,0.216702519499814,0,125.6,147.6
2015,REG,00-0031570,J.Hardy,Justin Hardy,WR,WR,"https://static.www.nfl.com/image/private/f_auto,q_auto/league/bf30pn7pqvdiof0zb6a0",9,ATL,0,0,0,0,0,0,0,0,0,0,0,0,,0,,,0,0,0,0,0,0,,0,21,36,194,0,0,0,330,65,12,1.54273725131159,0,0.587878787878788,0.102272727272727,0.117731002497324,0.235820792657218,0,19.4,40.4
2015,REG,00-0031577,J.Allen,Javorius Allen,RB,RB,"https://static.www.nfl.com/image/private/f_auto,q_auto/league/jguqo1kwlkfamf537de0",16,BAL,0,0,0,0,0,0,0,0,0,0,0,0,,0,,,137,514,1,2,2,28,-28.2762970503285,0,45,62,353,2,0,0,114,314,16,-14.8767732550326,0,3.09649122807018,0.105621805792164,0.0247933884297521,0.175788080589072,0,100.7,145.7
2015,REG,00-0031585,M.Pruitt,MyCole Pruitt,TE,TE,"https://static.www.nfl.com/image/upload/f_auto,q_auto/league/jazo8egu5luwyxxcpjh8",10,MIN,0,0,0,0,0,0,0,0,0,0,0,0,,0,,,0,0,0,0,0,0,,0,10,16,89,0,0,0,119,46,3,0.938354844285641,0,0.747899159663866,0.0549828178694158,0.0540417801998184,0.120303472943997,0,8.9,18.9
2015,REG,00-0031588,S.Diggs,Stefon Diggs,WR,WR,"https://static.www.nfl.com/image/upload/f_auto,q_auto/league/to2qwuffjnjlouctglsl",13,MIN,0,0,0,0,0,0,0,0,0,0,0,0,,0,,,3,13,0,0,0,1,0.0823810138972476,0,52,84,720,4,2,0,890,292,31,21.836170082924,0,0.808988764044944,0.227027027027027,0.338789493719071,0.57769318614389,0,97.3,149.3
2015,REG,00-0031590,J.Ajayi,Jay Ajayi,RB,RB,"https://static.www.nfl.com/image/private/f_auto,q_auto/league/bt0drbhvsjykf2xxvskx",9,MIA,0,0,0,0,0,0,0,0,0,0,0,0,,0,,,49,187,1,0,0,7,-3.94096480763983,1,7,11,90,0,0,0,19,78,5,2.28638942685211,0,4.73684210526316,0.0982142857142857,0.0201698513800425,0.161440324537458,0,35.7,42.7
2015,REG,00-0031595,M.Burton,Michael Burton,FB,RB,"https://static.www.nfl.com/image/upload/f_auto,q_auto/league/edfaq7s9wuzedbfcarrp",8,DET,0,0,0,0,0,0,0,0,0,0,0,0,,0,,,4,2,0,0,0,1,-3.96589027694427,0,6,6,39,1,0,0,10,29,3,3.20993018092122,0,3.9,0.0283018867924528,0.0087412587412587,0.0485717113075604,0,10.1,16.1
2015,REG,00-0031598,N.Boyle,Nick Boyle,TE,TE,"https://static.www.nfl.com/image/private/f_auto,q_auto/league/emqvoudb71kgmkfphmuw",8,BAL,0,0,0,0,0,0,0,0,0,0,0,0,,0,,,0,0,0,0,0,0,,0,18,23,153,0,0,0,105,100,10,5.09427946815245,1,1.45714285714286,0.0725552050473186,0.0486561631139944,0.142892121750774,0,17.3,35.3
2015,REG,00-0031599,C.Artis-Payne,Cameron Artis-Payne,RB,RB,"https://static.www.nfl.com/image/private/f_auto,q_auto/league/vaeghufm3dkzmsjhb8hg",6,CAR,0,0,0,0,0,0,0,0,0,0,0,0,,0,,,45,183,1,0,0,6,-5.06847923900932,0,5,5,58,0,0,0,-3,61,4,4.39368283719523,0,-19.3333333333333,0.0515463917525773,-0.0038510911424903,0.0746238238291227,0,30.1,35.1
2015,REG,00-0031600,,Keith Mumphery,WR,WR,,8,HOU,0,0,0,0,0,0,0,0,0,0,0,0,,0,,,0,0,0,0,0,0,,0,14,32,129,0,0,0,337,20,5,-4.23382561948155,0,0.382789317507418,0.0886426592797784,0.100687182551539,0.203445016705745,0,12.9,26.9
2015,REG,00-0031610,D.Waller,Darren Waller,TE,TE,"https://static.www.nfl.com/image/private/f_auto,q_auto/league/qqzht46a66zbi9xyylf4",3,BAL,0,0,0,0,0,0,0,0,0,0,0,0,,0,,,0,0,0,0,0,0,,0,2,6,18,0,0,0,86,13,1,-1.74098431237508,0,0.209302325581395,0.0530973451327434,0.0989643268124281,0.148921046467815,0,1.8,3.8
2015,REG,00-0031611,,Josh Robinson,RB,RB,"https://static.www.nfl.com/image/private/f_auto,q_auto/league/nsyyo0xqwswxkzgirn9k",5,IND,0,0,0,0,0,0,0,0,0,0,0,0,,0,,,17,39,0,1,1,0,-9.32944092369871,0,6,6,33,0,0,0,-4,37,2,-0.420736709435005,0,-8.25,0.09375,-0.0065040650406504,0.136072154471545,0,5.2,11.2
2015,REG,00-0031612,A.Ripkowski,Aaron Ripkowski,FB,RB,"https://static.www.nfl.com/image/private/f_auto,q_auto/league/aln8oo1hxammcilgzi72",1,GB,0,0,0,0,0,0,0,0,0,0,0,0,,0,,,0,0,0,0,0,0,,0,1,1,18,0,0,0,3,15,1,1.90532457898371,0,6.0,0.0208333333333333,0.0067114093959731,0.0359479865771812,0,1.8,2.8
2015,REG,00-0031665,Z.Zenner,Zach Zenner,RB,RB,"https://static.www.nfl.com/image/private/f_auto,q_auto/league/deiznogchpv1vbrmyuax",4,DET,0,0,0,0,0,0,0,0,0,0,0,0,,0,,,17,60,0,0,0,1,-2.58586182422005,0,2,3,11,0,0,0,-6,12,0,-0.319157245568931,0,-1.83333333333333,0.029126213592233,-0.0080536912751677,0.0380517364957321,0,7.1,9.1
2015,REG,00-0031682,T.Ward,Terron Ward,RB,RB,"https://static.www.nfl.com/image/private/f_auto,q_auto/league/wcq3c0qgpkzoegi0yn6w",10,ATL,0,0,0,0,0,0,0,0,0,0,0,0,,0,,,29,95,1,0,0,5,-7.97426635990269,0,9,13,73,0,0,0,24,59,0,-5.89951154779604,0,3.04166666666667,0.0408805031446541,0.0109539023277042,0.0689884863463741,0,22.8,31.8
2015,REG,00-0031731,C.Grant,Corey Grant,RB,RB,"https://static.www.nfl.com/image/private/f_auto,q_auto/league/gj5yoyyx8nulm8ss037t",5,JAX,0,0,0,0,0,0,0,0,0,0,0,0,,0,,,6,2,0,1,1,1,-9.74638905690517,0,2,3,13,0,0,0,15,15,0,0.311553487321362,0,0.866666666666667,0.0416666666666667,0.022189349112426,0.0780325443786982,0,-0.5,1.5
2015,REG,00-0031743,A.Hunt,Akeem Hunt,RB,RB,"https://static.www.nfl.com/image/private/f_auto,q_auto/league/mjsxqeuw6ng12xa1z4zy",7,HOU,0,0,0,0,0,0,0,0,0,0,0,0,,0,,,17,96,0,0,0,6,4.81182746078236,0,6,10,39,0,0,0,5,49,2,-3.25714561517816,0,7.8,0.0505050505050505,0.0036523009495982,0.0783141864222945,0,13.5,19.5
2015,REG,00-0031744,M.LaCosse,Matt LaCosse,TE,TE,"https://static.www.nfl.com/image/private/f_auto,q_auto/league/yt2cjnrobixknkfi5vud",1,NYG,0,0,0,0,0,0,0,0,0,0,0,0,,0,,,0,0,0,0,0,0,,0,3,3,22,0,0,0,13,9,2,1.58376578270691,0,1.69230769230769,0.0882352941176471,0.0575221238938053,0.172618427902134,0,2.2,5.2
2015,REG,00-0031757,L.Whitehead,Lucky Whitehead,WR,WR,"https://static.www.nfl.com/image/private/f_auto,q_auto/league/kkkuu7hldjdxhklgejl0",9,DAL,0,0,0,0,0,0,0,0,0,0,0,0,,0,,,10,107,0,0,0,6,7.61412420787383,0,6,8,16,0,0,0,10,20,1,-2.65176142193377,0,1.6,0.0404040404040404,0.0060422960725075,0.0648356678568159,0,12.3,18.3
2015,REG,00-0031768,T.Magee,Terrence Magee,RB,RB,"https://static.www.nfl.com/image/private/f_auto,q_auto/league/cpwxutcnudoozh6jr2zo",1,BAL,0,0,0,0,0,0,0,0,0,0,0,0,,0,,,2,5,0,0,0,0,-0.419908287003636,0,1,1,2,0,0,0,1,1,0,-0.289625980658457,0,2.0,0.0222222222222222,0.0023255813953488,0.0349612403100775,0,0.7,1.7
2015,REG,00-0031806,M.Brown,Malcolm Brown,RB,RB,"https://static.www.nfl.com/image/private/f_auto,q_auto/league/zxnjheichwlnvvu5qdyl",1,LA,0,0,0,0,0,0,0,0,0,0,0,0,,0,,,4,17,0,0,0,1,-0.0546314933453687,0,1,1,-2,0,0,0,-5,3,0,1.13499371206854,0,0.4,0.0263157894736842,-0.0136612021857924,0.0299108426804717,0,1.5,2.5
2015,REG,00-0031816,,Tyler Murphy,WR,WR,"https://static.www.nfl.com/image/private/f_auto,q_auto/league/vibrpfk10d0t8zlpsc8j",1,PIT,0,0,0,0,0,0,0,0,0,0,0,0,,0,,,0,0,0,0,0,0,,0,1,1,16,0,0,0,15,1,1,1.32832813326968,0,1.06666666666667,0.0263157894736842,0.0337078651685393,0.0630691898285039,0,1.6,2.6
2015,REG,00-0031818,B.Marquez,Bradley Marquez,WR,WR,"https://static.www.nfl.com/image/private/f_auto,q_auto/league/p6olxbyymypgryvxovy3",9,LA,0,0,0,0,0,0,0,0,0,0,0,0,,0,,,0,0,0,0,0,0,,0,13,22,88,0,0,0,195,23,3,-12.9885338940824,0,0.451282051282051,0.079136690647482,0.0857519788918206,0.178731421195497,0,8.8,21.8
2015,REG,00-0031826,J.Crockett,John Crockett,RB,RB,"https://static.www.nfl.com/image/private/f_auto,q_auto/league/t3urtfod8890lrutmglh",2,GB,0,0,0,0,0,0,0,0,0,0,0,0,,0,,,9,21,0,0,0,2,-2.00256114825606,0,0,0,0,0,0,0,0,0,0,,0,,,,,0,2.1,2.1
2015,REG,00-0031830,,Alonzo Harris,RB,RB,"https://static.www.nfl.com/image/private/f_auto,q_auto/league/huk6z3s9eh6bqg1xvexz",3,GB,0,0,0,0,0,0,0,0,0,0,0,0,,0,,,4,19,0,0,0,1,0.3638967636507,0,0,1,0,0,0,0,-3,0,0,-0.852264324901626,0,0.0,0.0166666666666667,-0.0060362173038229,0.0207746478873239,0,1.9,1.9
2015,REG,00-0031854,C.Harper,Chris Harper,WR,WR,"https://static.www.nfl.com/image/private/f_auto,q_auto/league/eb0duhdzifs4ky3jpvhf",3,NE,0,0,0,0,0,0,0,0,0,0,0,0,,0,,,0,0,0,0,0,0,,0,1,3,6,0,0,0,56,1,0,-2.86262444866588,0,0.107142857142857,0.0285714285714286,0.0559440559440559,0.082017982017982,0,0.6,1.6
2015,REG,00-0031897,T.Rawls,Thomas Rawls,RB,RB,"https://static.www.nfl.com/image/private/f_auto,q_auto/league/uxyelm5j4nm67gmnbih9",12,SEA,0,0,0,0,0,0,0,0,0,0,0,0,,0,,,147,830,4,1,1,37,7.39685869368259,0,9,11,76,1,0,0,-10,76,2,2.89196194696706,0,-7.6,0.06875,-0.0082304526748971,0.097363683127572,0,118.6,127.6
2015,REG,00-0031900,R.Smith,Rod Smith,RB,RB,"https://static.www.nfl.com/image/private/f_auto,q_auto/league/zmhmhduytwid1kjim5rp",3,DAL,0,0,0,0,0,0,0,0,0,0,0,0,,0,,,2,5,0,0,0,1,-0.532858357648365,0,1,2,6,0,0,0,1,5,1,-0.572653734374952,0,6.0,0.03125,0.0032051282051282,0.0491185897435897,0,1.1,2.1
2015,REG,00-0031912,C.Meredith,Cameron Meredith,WR,WR,"https://static.www.nfl.com/image/private/f_auto,q_auto/league/galvhjzccy4mw0ipexho",6,CHI,0,0,0,0,0,0,0,0,0,0,0,0,,0,,,0,0,0,0,0,0,,0,11,16,120,0,0,0,178,37,5,-3.31975558423437,0,0.674157303370787,0.0740740740740741,0.101482326111745,0.182148739389332,0,12.0,23.0
2015,REG,00-0031921,K.Lamm,Kendall Lamm,T,OL,"https://static.www.nfl.com/image/upload/f_auto,q_auto/league/pbt4yhecwuv2usfmdz94",1,HOU,0,0,0,0,0,0,0,0,0,0,0,0,,0,,,0,0,0,0,0,0,,0,1,1,7,0,0,0,2,5,1,0.959262635791674,0,3.5,0.0232558139534884,0.0039447731755424,0.0376450621531122,0,0.7,1.7
2015,REG,00-0031922,K.Lee,Khari Lee,TE,TE,"https://static.www.nfl.com/image/private/f_auto,q_auto/league/na3rt3lesebmcwilj62y",3,CHI,0,0,0,0,0,0,0,0,0,0,0,0,,0,,,0,0,0,0,0,0,,0,1,3,7,0,0,0,35,4,0,-1.11884511180688,0,0.2,0.0280373831775701,0.0383771929824561,0.0689201098540744,0,0.7,1.7
2015,REG,00-0031932,,Chandler Worthy,WR,WR,,3,HOU,0,0,0,0,0,0,0,0,0,0,0,0,,0,,,0,0,0,0,0,0,,0,3,4,14,0,0,0,-1,21,1,-0.435144834744278,0,0.0,0.0291970802919708,-0.0008417508417508,0.0432063948487306,0,1.4,4.4
2015,REG,00-0031934,D.Smith,Devin Smith,WR,WR,"https://static.www.nfl.com/image/private/f_auto,q_auto/league/sxvloat4tcr7e6eghply",7,NYJ,0,0,0,0,0,0,0,0,0,0,0,0,,0,,,0,0,0,0,0,0,,0,9,28,115,1,0,0,574,18,5,-7.80933998010627,0,0.200348432055749,0.102941176470588,0.218500190331176,0.307361897937706,0,17.5,26.5
2015,REG,00-0031939,M.Jones,Matt Jones,RB,RB,"https://static.www.nfl.com/image/private/f_auto,q_auto/league/eektuvevqtzbqstzx3pv",13,WAS,0,0,0,0,0,0,0,0,0,0,0,0,,0,,,144,490,3,4,3,30,-35.8959598922936,0,19,25,304,1,1,0,43,266,10,12.5406000398216,0,7.06976744186047,0.0798722044728434,0.0205054840247973,0.134162145526623,0,97.4,116.4
2015,REG,00-0031941,J.Crowder,Jamison Crowder,WR,WR,"https://static.www.nfl.com/image/upload/f_auto,q_auto/league/rfysbrjrvfdr72cx8who",16,WAS,0,1,0,0,0,0,0,0,0,16,0,0,-0.453690749476664,0,0.0,,2,2,0,0,0,0,-0.664096987107769,0,59,78,604,2,2,0,459,338,34,28.751121925693,2,1.31590413943355,0.140540540540541,0.102937878448083,0.282867325724469,0,76.6,135.6
2015,REG,00-0031951,J.O'Shaughnessy,James O'Shaughnessy,TE,TE,"https://static.www.nfl.com/image/private/f_auto,q_auto/league/sz5g57zhnshipkpw39sz",5,KC,0,0,0,0,0,0,0,0,0,0,0,0,,0,,,0,0,0,0,0,0,,0,6,9,87,0,0,0,49,57,4,4.35872128163464,0,1.77551020408163,0.0538922155688623,0.0441441441441441,0.111739224254194,0,8.7,14.7
2015,REG,00-0031953,G.Davis,Geremy Davis,WR,WR,"https://static.www.nfl.com/image/private/f_auto,q_auto/league/q0pogtzy8q737pqb7zr2",3,NYG,0,0,0,0,0,0,0,0,0,0,0,0,,0,,,0,0,0,0,0,0,,0,2,3,21,0,0,0,37,8,1,-0.512164393789135,0,0.567567567567568,0.0232558139534884,0.0430232558139535,0.065,0,2.1,4.1
2015,REG,00-0031959,M.Murphy,Marcus Murphy,RB,RB,"https://static.www.nfl.com/image/private/f_auto,q_auto/league/y9j91g8089mu9tjj0zis",2,NO,0,0,0,0,0,0,0,0,0,0,0,0,,0,,,1,0,0,0,0,0,-0.500477341003716,0,0,0,0,0,0,0,0,0,0,,0,,,,,1,6.0,6.0
2015,REG,00-0031962,M.Alford,Mario Alford,WR,WR,"https://static.www.nfl.com/image/private/f_auto,q_auto/league/oakcuep40uvrcyx86q3o",1,CIN,0,0,0,0,0,0,0,0,0,0,0,0,,0,,,0,0,0,0,0,0,,0,1,1,15,0,0,0,10,5,1,1.67401416617213,0,1.5,0.0454545454545455,0.0571428571428571,0.108181818181818,0,1.5,2.5
2015,REG,00-0031968,E.Bibbs,E.J. Bibbs,TE,TE,"https://static.www.nfl.com/image/private/f_auto,q_auto/league/lvc2ffs7bbxbkvyciibj",2,CLE,0,0,0,0,0,0,0,0,0,0,0,0,,0,,,0,0,0,0,0,0,,0,1,2,7,0,0,0,5,2,0,-0.808128778240643,0,1.4,0.0238095238095238,0.0163398692810458,0.0471521942110177,0,0.7,1.7
2015,REG,00-0031972,D.Jennings,Darius Jennings,WR,WR,"https://static.www.nfl.com/image/private/f_auto,q_auto/league/ttzaqozynmreovwpwwlh",3,CLE,0,0,0,0,0,0,0,0,0,0,0,0,,0,,,0,0,0,0,0,0,,0,14,21,117,0,1,0,139,37,7,-2.23797114285277,0,0.841726618705036,0.189189189189189,0.147401908801697,0.386965119944971,0,11.7,25.7
2015,REG,00-0032001,,Ben Edwards,WR,WR,,1,NYG,0,0,0,0,0,0,0,0,0,0,0,0,,0,,,0,0,0,0,0,0,,0,1,2,9,0,0,0,18,7,0,-5.77766707912087,0,0.5,0.0588235294117647,0.079646017699115,0.143987506507028,0,0.9,1.9
2015,REG,00-0032004,W.Tye,Will Tye,TE,TE,"https://static.www.nfl.com/image/private/f_auto,q_auto/league/dv5nojtrswp6cprkwn2y",13,NYG,0,0,0,0,0,0,0,0,0,0,0,0,,0,,,0,0,0,0,0,0,,0,42,62,464,3,1,1,356,194,23,11.9463725979708,0,1.30337078651685,0.12156862745098,0.101569186875892,0.253451371989595,0,62.4,104.4
2015,REG,00-0032008,D.Dye,Donteea Dye,WR,WR,"https://static.www.nfl.com/image/private/f_auto,q_auto/league/fsdl4ssnmvwdec6uoafu",9,TB,0,0,0,0,0,0,0,0,0,0,0,0,,0,,,0,0,0,0,0,0,,0,11,30,132,1,1,0,365,34,8,-6.49217365828705,0,0.361643835616438,0.0983606557377049,0.11785598966742,0.230040176373751,0,19.2,30.2
2015,REG,00-0032009,A.Humphries,Adam Humphries,WR,WR,"https://static.www.nfl.com/image/private/f_auto,q_auto/league/l56ywjejfpraigzs4qia",11,TB,0,0,0,0,0,0,0,0,0,0,0,0,,0,,,0,0,0,0,0,0,,0,27,40,260,1,0,0,270,123,18,-3.46120213118077,0,0.962962962962963,0.104712041884817,0.0681818181818182,0.204795335554498,0,32.0,59.0
2015,REG,00-0032045,A.Turzilli,Andrew Turzilli,WR,WR,"https://static.www.nfl.com/image/private/f_auto,q_auto/league/vv21wvuslhuw1fdzawhc",1,TEN,0,0,0,0,0,0,0,0,0,0,0,0,,0,,,0,0,0,0,0,0,,0,2,2,25,0,0,0,21,4,1,2.08080325112678,0,1.19047619047619,0.05,0.0480549199084668,0.108638443935927,0,2.5,4.5
2015,REG,00-0032055,D.Funchess,Devin Funchess,TE,TE,"https://static.www.nfl.com/image/private/f_auto,q_auto/league/j0q0lmao9tg0rbviax6z",16,CAR,0,0,0,0,0,0,0,0,0,0,0,0,,0,,,0,0,0,0,0,0,,0,31,63,473,5,1,1,809,112,24,12.9427953459298,0,0.584672435105068,0.12753036437247,0.156965463717501,0.301171371160955,0,75.3,106.3
2015,REG,00-0032058,T.Coleman,Tevin Coleman,RB,RB,"https://static.www.nfl.com/image/private/f_auto,q_auto/league/wiu4r7bvhcafs9vamqc",12,ATL,0,0,0,0,0,0,0,0,0,0,0,0,,0,,,87,392,1,3,3,14,-17.560287341068,0,2,11,14,0,0,0,43,11,0,-10.0396957790945,0,0.325581395348837,0.0338461538461538,0.0170974155069583,0.0627374216241015,0,40.6,42.6
2015,REG,00-0032062,B.Bell,Blake Bell,TE,TE,"https://static.www.nfl.com/image/private/f_auto,q_auto/league/eqrmmjto8koqqc9j2kjj",9,SF,0,0,0,0,0,0,0,0,0,0,0,0,,0,,,0,0,0,0,0,0,,0,15,25,186,0,0,0,186,92,5,-2.16676567164117,0,1.0,0.0773993808049536,0.104435710275126,0.189204068400019,0,18.6,33.6
2015,REG,00-0032063,M.Davis,Mike Davis,RB,RB,"https://static.www.nfl.com/image/private/f_auto,q_auto/league/csrqinegeyunycijua2q",5,SF,0,0,0,0,0,0,0,0,0,0,0,0,,0,,,35,58,0,0,0,5,-11.1055972076429,0,7,13,38,0,0,0,10,35,1,-8.46937962810625,0,3.8,0.0866666666666667,0.014792899408284,0.140355029585799,0,9.6,16.6
2015,REG,00-0032068,M.Johnson,Malcolm Johnson,RB,RB,"https://static.www.nfl.com/image/private/f_auto,q_auto/league/n1vppalhmz7ekonqtmiq",5,CLE,0,0,0,0,0,0,0,0,0,0,0,0,,0,,,0,0,0,0,0,0,,0,4,6,15,0,0,0,4,20,0,-1.22893214726355,0,3.75,0.0352941176470588,0.0030911901081916,0.0551050095463224,0,1.5,5.5
2015,REG,00-0032089,B.Parker,Brian Parker,TE,TE,"https://static.www.nfl.com/image/private/f_auto,q_auto/league/lozfj8mnyln9bo6frq6r",2,KC,0,0,0,0,0,0,0,0,0,0,0,0,,0,,,0,0,0,0,0,0,,0,1,2,6,0,0,0,5,7,0,-0.26185788155999,0,1.2,0.0377358490566038,0.0132275132275132,0.0658630328441649,0,0.6,1.6
2015,REG,00-0032098,D.Brown,Daniel Brown,TE,TE,"https://static.www.nfl.com/image/private/f_auto,q_auto/league/fnhg5hbp5sjn3uuanqua",4,BAL,0,0,0,0,0,0,0,0,0,0,0,0,,0,,,0,0,0,0,0,0,,0,6,11,64,0,0,0,112,23,4,-13.0912549032154,0,0.571428571428571,0.0666666666666667,0.08199121522694,0.157393850658858,0,6.4,12.4
2015,REG,00-0032104,A.Abdullah,Ameer Abdullah,RB,RB,"https://static.www.nfl.com/image/upload/f_auto,q_auto/league/atwi5p12mlgnsl4y8cgt",16,DET,0,0,0,0,0,0,0,0,0,0,0,0,,0,,,143,597,2,4,2,27,-15.1277194612776,0,25,38,183,1,0,0,-2,203,11,-13.3124750335119,0,-91.5,0.063758389261745,-0.0006574621959237,0.0951773603554708,0,92.0,117.0
2015,REG,00-0032112,J.Nelson,J.J. Nelson,WR,WR,"https://static.www.nfl.com/image/private/f_auto,q_auto/league/rdpp1eiaqse92yvujbs0",9,ARI,0,0,0,0,0,0,0,0,0,0,0,0,,0,,,1,0,0,0,0,0,-0.554644718300551,0,11,27,299,2,0,0,605,56,11,7.40510890182948,0,0.494214876033058,0.0865384615384615,0.171388101983003,0.249779363695794,0,41.9,52.9
2015,REG,00-0032115,K.Clay,Kaelin Clay,WR,WR,"https://static.www.nfl.com/image/private/f_auto,q_auto/league/u1beu9elu48ry0b1rzjl",1,BAL,0,0,0,0,0,0,0,0,0,0,0,0,,0,,,0,0,0,0,0,0,,0,0,0,0,0,0,0,0,0,0,,0,,,,,1,6.0,6.0
2015,REG,00-0032117,N.O'Leary,Nick O'Leary,TE,TE,"https://static.www.nfl.com/image/private/f_auto,q_auto/league/f5411hjmqqxoa27quwfz",3,BUF,0,0,0,0,0,0,0,0,0,0,0,0,,0,,,0,0,0,0,0,0,,0,1,3,37,0,0,0,20,37,1,0.994442820795061,0,1.85,0.0410958904109589,0.0452488687782805,0.0933180437612347,0,3.7,4.7
2015,REG,00-0032122,,Joey Iosefa,FB,RB,,2,NE,0,0,0,0,0,0,0,0,0,0,0,0,,0,,,15,51,0,0,0,2,-4.12533601400968,0,0,0,0,0,0,0,0,0,0,,0,,,,,0,5.1,5.1
2015,REG,00-0032123,T.McBride,Tre McBride,WR,WR,"https://static.www.nfl.com/image/private/f_auto,q_auto/league/gxiebdueieuygbu3b14z",2,TEN,0,0,0,0,0,0,0,0,0,0,0,0,,0,,,1,8,0,0,0,0,1.67493114207173,0,2,4,8,1,0,0,37,1,1,1.13020388572477,0,0.216216216216216,0.0526315789473684,0.0677655677655678,0.12638326585695,0,7.6,9.6
2015,REG,00-0032128,C.Conley,Chris Conley,WR,WR,"https://static.www.nfl.com/image/upload/f_auto,q_auto/league/mr4h7vx02uwpr7xlfk6y",9,KC,0,0,0,0,0,0,0,0,0,0,0,0,,0,,,0,0,0,0,0,0,,0,17,31,199,1,0,0,344,69,12,2.87486440395803,0,0.578488372093023,0.109154929577465,0.175779253960143,0.286777872138297,0,25.9,42.9
2015,REG,00-0032130,J.Fowler,Jalston Fowler,FB,RB,"https://static.www.nfl.com/image/private/f_auto,q_auto/league/vzwokuiytin3pfyp1icy",7,TEN,0,0,0,0,0,0,0,0,0,0,0,0,,0,,,7,13,1,0,0,5,3.23063311984879,0,5,6,44,1,0,0,5,42,3,2.60403670329833,0,8.8,0.0319148936170213,0.0026723677177979,0.0497429978279905,0,17.7,22.7
2015,REG,00-0032133,,David Cobb,RB,RB,,7,TEN,0,0,0,0,0,0,0,0,0,0,0,0,,0,,,52,146,1,0,0,6,-10.462511469319,0,1,2,-2,0,0,0,-4,3,0,-1.86908209696412,0,0.5,0.0229885057471264,-0.005,0.0309827586206897,0,20.4,21.4
2015,REG,00-0032134,C.Uzomah,C.J. Uzomah,TE,TE,"https://static.www.nfl.com/image/private/f_auto,q_auto/league/hnkflpl5pzbfbdvtcv1c",1,CIN,0,0,0,0,0,0,0,0,0,0,0,0,,0,,,0,0,0,0,0,0,,0,1,1,4,0,0,0,2,2,1,2.1534673377173,0,2.0,0.0454545454545455,0.0114285714285714,0.0761818181818182,0,0.4,1.4
2015,REG,00-0032135,J.James,Jesse James,TE,TE,"https://static.www.nfl.com/image/private/f_auto,q_auto/league/rgk9zqdx9lmbcblem3xn",5,PIT,0,0,0,0,0,0,0,0,0,0,0,0,,0,,,0,0,0,0,0,0,,0,8,11,56,1,0,0,69,20,2,1.45041272445815,1,0.811594202898551,0.0504587155963303,0.0296264491197939,0.0964265877783511,0,13.6,21.6
2015,REG,00-0032141,G.Swaim,Geoff Swaim,TE,TE,"https://static.www.nfl.com/image/upload/f_auto,q_auto/league/kecuhwgbqvlqt6gb0dz6",1,DAL,0,0,0,0,0,0,0,0,0,0,0,0,,0,,,0,0,0,0,0,0,,0,1,1,0,0,0,0,0,0,0,-0.478337041800842,0,,0.0294117647058824,,,0,0.0,1.0
2015,REG,00-0032144,M.Gordon,Melvin Gordon,RB,RB,"https://static.www.nfl.com/image/private/f_auto,q_auto/league/i4g8x7yotpgszlyanow0",14,LAC,0,0,0,0,0,0,0,0,0,0,0,0,,0,,,184,641,0,5,4,33,-44.618104230758,0,33,37,192,0,1,0,-52,256,8,1.49879413371673,0,-3.69230769230769,0.0813186813186813,-0.0215678141849855,0.106880552048532,0,75.3,108.3
2015,REG,00-0032152,,Karlos Williams,RB,RB,,11,BUF,0,0,0,0,0,0,0,0,0,0,0,0,,0,,,93,517,7,1,0,25,17.0294689378352,0,11,14,96,2,1,1,67,44,3,-5.68005318182986,0,1.43283582089552,0.0818713450292398,0.0409535452322738,0.151474499206451,0,113.3,124.3
2015,REG,00-0032156,T.Siemian,Trevor Siemian,QB,QB,"https://static.www.nfl.com/image/private/f_auto,q_auto/league/vmksfbms9zefxezf39sb",1,DEN,0,0,0,0,0,0,0,0,0,0,0,0,,0,,,1,-1,0,0,0,0,0.0,0,0,0,0,0,0,0,0,0,0,,0,,,,,0,-0.1,-0.1
2015,REG,00-0032160,T.Williams,Tyrell Williams,WR,WR,"https://static.www.nfl.com/image/private/f_auto,q_auto/league/qixhze7yidydtc1vyeih",2,LAC,0,0,0,0,0,0,0,0,0,0,0,0,,0,,,0,0,0,0,0,0,,0,2,6,90,1,0,0,161,51,1,-0.613951276929583,0,0.559006211180124,0.0923076923076923,0.285968028419183,0.338639158354967,0,15.0,17.0
2015,REG,00-0032166,S.Coates,Sammie Coates,WR,WR,"https://static.www.nfl.com/image/private/f_auto,q_auto/league/qtqofzkmblah8ycd4687",1,PIT,0,0,0,0,0,0,0,0,0,0,0,0,,0,,,0,0,0,0,0,0,,0,1,2,11,0,0,0,17,4,1,-0.576132357616849,0,0.647058823529412,0.0769230769230769,0.0955056179775281,0.182238547968885,0,1.1,2.1
2015,REG,00-0032170,R.Greene,Rashad Greene,WR,WR,"https://static.www.nfl.com/image/private/f_auto,q_auto/league/xte6opvwocivpjpjplzp",9,JAX,0,0,0,0,0,0,0,0,0,0,0,0,,0,,,0,0,0,0,0,0,,0,19,35,93,2,0,0,219,54,8,-4.9515361378506,0,0.424657534246575,0.108695652173913,0.0783542039355993,0.217891421015789,1,27.3,46.3
2015,REG,00-0032187,D.Johnson,David Johnson,RB,RB,"https://static.www.nfl.com/image/private/f_auto,q_auto/league/y7dtsyyjnoafefkbylbb",16,ARI,0,0,0,0,0,0,0,0,0,0,0,0,,0,,,125,581,8,2,0,34,10.8571016310538,0,36,57,457,4,1,0,269,347,21,12.2590312014123,0,1.69888475836431,0.107142857142857,0.0465156493169635,0.19327524023616,1,181.8,217.8
2015,REG,00-0032188,V.Mayle,Vince Mayle,WR,WR,"https://static.www.nfl.com/image/private/f_auto,q_auto/league/rosldoxrxcni83bowf2y",1,DAL,0,0,0,0,0,0,0,0,0,0,0,0,,0,,,0,0,0,0,0,0,,0,0,1,0,0,0,0,23,0,0,-5.21075233677402,0,0.0,0.0256410256410256,0.0978723404255319,0.106972176759411,0,0.0,0.0
2015,REG,00-0032196,J.Fisher,Jake Fisher,OT,OL,"https://static.www.nfl.com/image/private/f_auto,q_auto/league/f23vwxf4i4ftskhycarb",5,CIN,0,0,0,0,0,0,0,0,0,0,0,0,,0,,,0,0,0,0,0,0,,0,1,5,31,0,0,0,27,19,1,-2.52677304398381,0,1.14814814814815,0.0354609929078014,0.0229007633587786,0.0692220237128472,0,3.1,4.1
2015,REG,00-0032200,T.Montgomery,Ty Montgomery,WR,WR,"https://static.www.nfl.com/image/private/f_auto,q_auto/league/eagn4fvhnc9cp3wxeqoz",5,GB,0,0,0,0,0,0,0,0,0,0,0,0,,0,,,3,14,0,0,0,0,0.074688566615805,0,15,19,136,2,0,0,125,91,6,9.15323498750244,0,1.088,0.121019108280255,0.107758620689655,0.256959696903141,0,27.0,42.0
2015,REG,00-0032208,P.Dorsett,Phillip Dorsett,WR,WR,"https://static.www.nfl.com/image/upload/f_auto,q_auto/league/nwsw01lcnmb5bdcc8glp",11,IND,0,0,0,0,0,0,0,0,0,0,0,0,,0,,,3,17,0,0,0,2,1.00988638721174,0,18,39,225,1,0,0,506,60,10,-4.83275972037236,0,0.444664031620553,0.0930787589498807,0.137201735357918,0.235659353175363,0,30.2,48.2
2015,REG,00-0032209,T.Yeldon,T.J. Yeldon,RB,RB,"https://static.www.nfl.com/image/private/f_auto,q_auto/league/ktxkn2ltkmqfb5ugunt4",12,JAX,0,0,0,0,0,0,0,0,0,0,0,0,,0,,,182,740,2,0,0,25,-19.864141843165,0,36,46,279,1,0,0,8,298,14,3.42628145680469,0,34.875,0.103603603603604,0.0019342359767891,0.156759370589158,0,119.9,155.9
2015,REG,00-0032211,T.Lockett,Tyler Lockett,WR,WR,"https://static.www.nfl.com/image/upload/f_auto,q_auto/league/yz9p4pfwr0iyakhnwj4z",16,SEA,0,0,0,0,0,0,0,0,0,0,0,0,,0,,,5,20,0,0,0,1,-0.451172049622983,0,51,69,664,6,0,0,905,255,31,53.3019615595443,0,0.733701657458564,0.146186440677966,0.22148800783162,0.374321266499083,2,116.4,167.4
2015,REG,00-0032214,T.Kroft,Tyler Kroft,TE,TE,"https://static.www.nfl.com/image/private/f_auto,q_auto/league/ztko1uhl01ebiutefibj",6,CIN,0,0,0,0,0,0,0,0,0,0,0,0,,0,,,0,0,0,0,0,0,,0,11,15,129,1,0,0,88,68,6,5.27767788496567,0,1.46590909090909,0.0833333333333333,0.0521018354055654,0.161471284783896,0,18.9,29.9
2015,REG,00-0032218,,Dorial Green-Beckham,WR,WR,"https://static.www.nfl.com/image/private/f_auto,q_auto/league/jyrzrpb37ybd9feblt3m",14,TEN,0,0,0,0,0,0,0,0,0,0,0,0,,0,,,0,0,0,0,0,0,,0,32,67,549,4,0,0,906,144,30,9.25168647216348,1,0.605960264900662,0.13508064516129,0.200132538104705,0.342713744415229,0,80.9,112.9
2015,REG,00-0032241,T.Gurley,Todd Gurley,RB,RB,"https://static.www.nfl.com/image/private/f_auto,q_auto/league/ym7oprwel3dxbab0k7x9",13,LA,0,0,0,0,0,0,0,0,0,0,0,0,,0,,,229,1106,10,3,1,45,-12.8942896739726,0,21,26,188,0,0,0,-16,202,8,1.65180591048556,0,-11.75,0.0921985815602837,-0.0087912087912087,0.132144026186579,0,187.4,208.4
2015,REG,00-0032245,S.Mannion,Sean Mannion,QB,QB,"https://static.www.nfl.com/image/private/f_auto,q_auto/league/lcuc7hhiijmt8xtitm77",1,LA,6,7,31,0,0,0,0,0,0,26,11,2,-1.28662044450175,0,1.19230769230769,0.0914223781915129,0,0,0,0,0,0,,0,0,0,0,0,0,0,0,0,0,,0,,,,,0,1.24,1.24
2015,REG,00-0032250,K.Williams,Kasen Williams,WR,WR,"https://static.www.nfl.com/image/private/f_auto,q_auto/league/wclsdffaruwekvlwbmx3",1,SEA,0,0,0,0,0,0,0,0,0,0,0,0,,0,,,1,5,0,0,0,0,-0.066784406080842,0,1,1,8,0,0,0,5,3,1,1.02502807893325,0,1.6,0.03125,0.018796992481203,0.0600328947368421,0,1.3,2.3
2015,REG,00-0032256,C.Walford,Clive Walford,TE,TE,"https://static.www.nfl.com/image/private/f_auto,q_auto/league/fjs40pz6ry6p7jqzckeg",15,LV,0,0,0,0,0,0,0,0,0,0,0,0,,0,,,0,0,0,0,0,0,,0,28,50,329,3,0,0,458,125,20,3.28407694439738,0,0.718340611353712,0.0878734622144112,0.102118171683389,0.203292913499989,0,50.9,78.9
2015,REG,00-0032257,D.Johnson,Duke Johnson,RB,RB,"https://static.www.nfl.com/image/private/f_auto,q_auto/league/hf7lxjjesduggqdfktsg",16,CLE,0,0,0,0,0,0,0,0,0,0,0,0,,0,,,104,379,0,0,0,19,-15.8935842901855,0,61,74,534,2,1,0,91,488,23,12.4141005295139,0,5.86813186813187,0.133574007220217,0.0208572083428833,0.214961056670343,0,103.3,164.3
2015,REG,00-0032259,E.Flowers,Ereck Flowers,G,OL,"https://static.www.nfl.com/image/private/f_auto,q_auto/league/dui4nltkl7uzpgeiguld",1,NYG,0,0,0,0,0,0,0,0,0,0,0,0,,0,,,0,0,0,0,0,0,,0,1,1,-11,0,0,0,-11,0,0,-1.54010056820698,0,0.0,0.0277777777777778,-0.0526315789473684,0.0048245614035087,0,-1.1,-0.1
2015,REG,00-0032268,M.Mariota,Marcus Mariota,QB,QB,"https://static.www.nfl.com/image/upload/f_auto,q_auto/league/b9ribxqudeehvmjlw0va",12,TEN,230,370,2818,19,10,38,258,8,6,3431,1161,142,-3.18582645889896,3,0.821334887787817,0.0805714069711247,34,252,2,2,0,10,4.61154972629251,0,1,1,41,1,0,0,26,15,1,3.95436355215497,0,1.57692307692308,0.025,0.0594965675057208,0.0791475972540046,0,210.02,211.02
2015,POST,00-0010346,,Peyton Manning,QB,QB,"https://static.www.nfl.com/image/private/f_auto,q_auto/league/xpcd6auodk3w0vda6jal",3,DEN,51,92,539,2,1,9,75,2,1,863,172,26,-22.9298068769576,2,0.624565469293163,-0.0141704731218109,5,10,0,2,1,1,-4.59835635607391,0,0,0,0,0,0,0,0,0,0,,0,,,,,0,28.56,28.56
2015,POST,00-0019596,T.Brady,Tom Brady,QB,QB,"https://static.www.nfl.com/image/private/f_auto,q_auto/league/q7dpdlxyu5rs05rgh1le",2,NE,55,98,612,3,2,4,18,0,0,736,253,30,-1.34315935763023,0,0.831521739130435,0.028458513164537,9,19,1,0,0,3,2.17759235593257,0,0,0,0,0,0,0,0,0,0,,0,,,,,0,40.38,40.38
2015,POST,00-0021429,C.Palmer,Carson Palmer,QB,QB,"https://static.www.nfl.com/image/private/f_auto,q_auto/league/belgna3tokxga0gjjmwk",2,ARI,48,81,584,4,6,6,29,3,2,856,275,30,-13.3340962560281,0,0.682242990654206,0.0185900098769176,0,0,0,0,0,0,,0,0,0,0,0,0,0,0,0,0,,0,,,,,0,23.36,23.36
2015,POST,00-0022736,,Steven Jackson,RB,RB,"https://static.www.nfl.com/image/private/f_auto,q_auto/league/abl5wejuf448xw3jtphm",2,NE,0,0,0,0,0,0,0,0,0,0,0,0,,0,,,10,24,1,0,0,2,-2.62718257243978,0,1,1,2,0,0,0,1,1,0,-0.58550890465267,0,2.0,0.024390243902439,0.0036496350364963,0.039140110379206,0,8.6,9.6
2015,POST,00-0022811,,Jerricho Cotchery,WR,WR,"https://static.www.nfl.com/image/private/f_auto,q_auto/league/hkq2dmfj7mbgbuejiloy",3,CAR,0,0,0,0,0,0,0,0,0,0,0,0,,0,,,0,0,0,0,0,0,,0,7,11,56,0,0,0,90,26,3,-0.948189212998841,0,0.622222222222222,0.122222222222222,0.0966702470461869,0.251002506265664,0,5.6,12.6
2015,POST,00-0022921,L.Fitzgerald,Larry Fitzgerald,WR,WR,"https://static.www.nfl.com/image/private/f_auto,q_auto/league/ycgjjaad5un42gy4pnga",2,ARI,0,1,0,0,0,0,0,0,0,15,0,0,-0.838490173220635,0,0.0,,0,0,0,0,0,0,,0,12,19,206,1,0,0,180,112,8,9.73910709511256,0,1.14444444444444,0.231707317073171,0.206659012629162,0.49222228445017,0,26.6,38.6
2015,POST,00-0022924,B.Roethlisberger,Ben Roethlisberger,QB,QB,"https://static.www.nfl.com/image/private/f_auto,q_auto/league/vziogpnyp9d0xtpiuqhr",2,PIT,42,68,568,1,0,6,55,0,0,486,337,20,3.26762042926948,0,1.16872427983539,0.0504048259767741,0,0,0,0,0,0,,0,0,0,0,0,0,0,0,0,0,,0,,,,,0,26.72,26.72
2015,POST,00-0022999,J.Kuhn,John Kuhn,FB,RB,"https://static.www.nfl.com/image/private/f_auto,q_auto/league/nbcwgq2o0ymmx4czvr4b",2,GB,0,0,0,0,0,0,0,0,0,0,0,0,,0,,,3,4,0,0,0,2,-2.04060467216186,0,3,3,16,0,0,0,1,15,1,0.926126274513081,0,16.0,0.0394736842105263,0.0018867924528301,0.0605312810327706,0,2.0,5.0
2015,POST,00-0023367,,Nate Washington,WR,WR,,1,HOU,0,0,0,0,0,0,0,0,0,0,0,0,,0,,,0,0,0,0,0,0,,0,1,6,3,0,0,0,88,0,1,-6.63841596117709,0,0.0340909090909091,0.176470588235294,0.261904761904762,0.448039215686275,0,0.3,1.3
2015,POST,00-0023436,A.Smith,Alex Smith,QB,QB,"https://static.www.nfl.com/image/private/f_auto,q_auto/league/dpa5d1a8jj6jdymocjkx",2,KC,46,72,436,2,1,4,20,0,0,571,178,22,4.23944225528042,0,0.763572679509632,0.117254188490168,14,71,0,0,0,6,4.794539988623,0,0,0,0,0,0,0,0,0,0,,0,,,,,0,30.54,30.54
2015,POST,00-0023459,A.Rodgers,Aaron Rodgers,QB,QB,"https://static.www.nfl.com/image/upload/f_auto,q_auto/league/jdcb4nomlc4rd6k5l6to",2,GB,45,80,471,4,1,2,15,0,0,903,156,23,10.2446271288243,1,0.521594684385382,0.106897790487611,3,20,0,0,0,1,1.37696417758707,0,0,0,0,0,0,0,0,0,0,,0,,,,,0,36.84,36.84
2015,POST,00-0023465,,Heath Miller,TE,TE,"https://static.www.nfl.com/image/private/f_auto,q_auto/league/iqw8fry4hgfvegs9nfuf",2,PIT,0,0,0,0,0,0,0,0,0,0,0,0,,0,,,0,0,0,0,0,0,,0,3,6,14,0,0,0,28,5,0,-2.76365655649722,0,0.5,0.0833333333333333,0.0528301886792453,0.161981132075472,0,1.4,4.4
2015,POST,00-0023506,,Alex Smith,TE,TE,"https://static.www.nfl.com/image/private/f_auto,q_auto/league/zcpxncjwcm6ggoiqt6ub",1,WAS,0,0,0,0,0,0,0,0,0,0,0,0,,0,,,0,0,0,0,0,0,,0,1,1,16,0,0,0,3,13,1,0.966063285712153,0,5.33333333333333,0.0217391304347826,0.0078740157480315,0.038120506675796,0,1.6,2.6
2015,POST,00-0023645,D.Anderson,Derek Anderson,QB,QB,"https://static.www.nfl.com/image/private/f_auto,q_auto/league/w191gsxivnqgdwgydka6",1,CAR,0,0,0,0,0,0,0,0,0,0,0,0,,0,,,2,-2,0,0,0,0,-3.80922917486168,0,0,0,0,0,0,0,0,0,0,,0,,,,,0,-0.2,-0.2
2015,POST,00-0023742,J.Ryan,Jon Ryan,P,SPEC,"https://static.www.nfl.com/image/private/f_auto,q_auto/league/jarcsmohj6vbznthlni8",1,SEA,0,0,0,0,0,0,0,0,0,0,0,0,,0,,,1,4,0,1,0,0,-2.17613003042061,0,0,0,0,0,0,0,0,0,0,,0,,,,,0,0.4,0.4
2015,POST,00-0024204,,Fred Jackson,RB,RB,"https://static.www.nfl.com/image/private/f_auto,q_auto/league/ibu4ltouiplhatsn4ptq",2,SEA,0,0,0,0,0,0,0,0,0,0,0,0,,0,,,3,11,0,0,0,2,0.298854788066819,0,4,8,42,0,0,0,44,27,2,-3.16484915353642,0,0.954545454545455,0.111111111111111,0.0592193808882907,0.20812023328847,0,5.3,9.3
2015,POST,00-0024221,V.Davis,Vernon Davis,TE,TE,"https://static.www.nfl.com/image/private/f_auto,q_auto/league/so5ywayfeeu4zeijln5m",1,DEN,0,0,0,0,0,0,0,0,0,0,0,0,,0,,,0,0,0,0,0,0,,0,0,1,0,0,0,0,18,0,0,-0.745924500748515,0,0.0,0.032258064516129,0.0487804878048781,0.0825334382376082,0,0.0,0.0
2015,POST,00-0024313,,Owen Daniels,TE,TE,"https://static.www.nfl.com/image/private/f_auto,q_auto/league/ktxkz5tzddboxst5xfh8",3,DEN,0,0,0,0,0,0,0,0,0,0,0,0,,0,,,0,0,0,0,0,0,,0,5,8,61,2,0,0,59,16,3,5.2806177479797,0,1.03389830508475,0.0879120879120879,0.0683661645422943,0.179724447047738,0,18.1,23.1
2015,POST,00-0024324,,Jason Avant,WR,WR,"https://static.www.nfl.com/image/private/f_auto,q_auto/league/nnis5ib42eoeu8bjjpdc",1,KC,0,0,0,0,0,0,0,0,0,0,0,0,,0,,,0,0,0,0,0,0,,0,4,5,69,0,0,0,81,1,3,7.92893751186784,0,0.851851851851852,0.106382978723404,0.213157894736842,0.308784994400896,0,6.9,10.9
2015,POST,00-0024813,,Pierre Thomas,RB,RB,"https://static.www.nfl.com/image/private/f_auto,q_auto/league/w58uf8rmlucv7qagwrfv",1,WAS,0,0,0,0,0,0,0,0,0,0,0,0,,0,,,4,7,0,0,0,0,-2.11068292323034,0,0,0,0,0,0,0,0,0,0,,0,,,,,0,0.7,0.7
2015,POST,00-0025394,A.Peterson,Adrian Peterson,RB,RB,"https://static.www.nfl.com/image/private/f_auto,q_auto/league/ug2ua3skqc9f6vkbowxc",1,MIN,0,0,0,0,0,0,0,0,0,0,0,0,,0,,,23,45,0,0,0,2,-10.624718599453,0,2,2,13,0,1,1,1,12,0,-4.12414594367147,0,13.0,0.0833333333333333,0.0074626865671641,0.130223880597015,0,3.8,5.8
2015,POST,00-0025396,T.Ginn,Ted Ginn,WR,WR,"https://static.www.nfl.com/image/private/f_auto,q_auto/league/o4m4txrv9l7odyebnea4",3,CAR,0,0,0,0,0,1,4,0,0,0,0,0,-1.28488686913624,0,,,2,33,1,0,0,2,3.2662582709454,0,6,13,126,0,0,0,176,55,5,4.91698880752255,0,0.715909090909091,0.144444444444444,0.189044038668099,0.348997493734336,0,21.9,27.9
2015,POST,00-0025399,M.Lynch,Marshawn Lynch,RB,RB,"https://static.www.nfl.com/image/private/f_auto,q_auto/league/ddhpebfqtr9yxsnbx9ht",1,SEA,0,0,0,0,0,0,0,0,0,0,0,0,,0,,,6,20,0,0,0,1,-1.31198131170822,0,2,3,15,0,0,0,8,10,0,-6.64368903945433,0,1.875,0.0652173913043478,0.0168067226890756,0.109590792838875,0,3.5,5.5
2015,POST,00-0025418,G.Olsen,Greg Olsen,TE,TE,"https://static.www.nfl.com/image/private/f_auto,q_auto/league/jevf1bubmrv2vvmiwq3r",3,CAR,0,0,0,0,0,0,0,0,0,0,0,0,,0,,,0,0,0,0,0,0,,0,16,23,231,1,0,0,205,91,10,13.316606502591,0,1.12682926829268,0.255555555555556,0.220193340494092,0.537468671679198,0,29.1,45.1
2015,POST,00-0025464,,Matt Spaeth,TE,TE,"https://static.www.nfl.com/image/private/f_auto,q_auto/league/wywcnns8be7rzlrwnjwh",1,PIT,0,0,0,0,0,0,0,0,0,0,0,0,,0,,,0,0,0,0,0,0,,0,1,1,1,0,0,0,-1,2,0,-0.305256507359445,0,0.0,0.0277777777777778,-0.0030864197530864,0.0395061728395062,0,0.1,1.1
2015,POST,00-0025465,,James Jones,WR,WR,,2,GB,0,0,0,0,0,0,0,0,0,0,0,0,,0,,,0,0,0,0,0,0,,0,7,13,81,0,0,0,203,12,3,-1.06868565262839,0,0.399014778325123,0.171052631578947,0.234140715109573,0.420477447945122,0,8.1,15.1
2015,POST,00-0026035,D.Amendola,Danny Amendola,WR,WR,"https://static.www.nfl.com/image/private/f_auto,q_auto/league/etz06w7s0ardf49mnayz",2,NE,0,0,0,0,0,0,0,0,0,0,0,0,,0,,,0,0,0,0,0,0,,0,7,11,57,0,0,0,50,22,2,-1.55263595269118,0,1.14,0.11340206185567,0.0681198910081744,0.217787016489227,0,5.7,12.7
2015,POST,00-0026069,M.Tolbert,Mike Tolbert,FB,RB,"https://static.www.nfl.com/image/private/f_auto,q_auto/league/frwhwdhbcteyg7xjha7a",3,CAR,0,0,0,0,0,0,0,0,0,0,0,0,,0,,,15,39,0,2,1,0,-9.37497831514338,0,1,3,14,0,0,0,5,11,1,0.532457436900586,1,2.8,0.0333333333333333,0.0053705692803437,0.0537593984962406,0,5.3,6.3
2015,POST,00-0026153,J.Stewart,Jonathan Stewart,RB,RB,"https://static.www.nfl.com/image/private/f_auto,q_auto/league/dzvxfj3xrgnzc3jbag2n",3,CAR,0,0,0,0,0,0,0,0,0,0,0,0,,0,,,50,218,3,0,0,10,-1.44135123002343,0,4,5,9,0,0,0,6,2,0,-1.75984809082001,0,1.5,0.0555555555555556,0.0064446831364124,0.0878446115288221,0,40.7,44.7
2015,POST,00-0026189,D.Jackson,DeSean Jackson,WR,WR,"https://static.www.nfl.com/image/private/f_auto,q_auto/league/pr5m864fqvnoozihylrh",1,WAS,0,0,0,0,0,0,0,0,0,0,0,0,,0,,,0,0,0,0,0,0,,0,2,5,17,0,0,0,70,12,1,-0.28123544351547,0,0.242857142857143,0.108695652173913,0.183727034120735,0.291652402145384,0,1.7,3.7
2015,POST,00-0026237,,Andre Caldwell,WR,WR,,3,DEN,0,0,0,0,0,0,0,0,0,0,0,0,,0,,,0,0,0,0,0,0,,0,3,4,36,0,0,0,47,4,2,1.40259176376276,0,0.765957446808511,0.043956043956044,0.0544611819235226,0.104056893280532,0,3.6,6.6
2015,POST,00-0026345,P.Garcon,Pierre Garcon,WR,WR,"https://static.www.nfl.com/image/private/f_auto,q_auto/league/xwjogot7xrfj9qwhsgtn",1,WAS,0,0,0,0,0,0,0,0,0,0,0,0,,0,,,0,0,0,0,0,0,,0,5,8,70,0,0,0,84,19,4,3.06553694563209,0,0.833333333333333,0.173913043478261,0.220472440944882,0.415200273878809,0,7.0,12.0
2015,POST,00-0026544,C.Daniel,Chase Daniel,QB,QB,"https://static.www.nfl.com/image/private/f_auto,q_auto/league/jt8fvgeyuhsbpo9m9t4x",1,KC,0,0,0,0,0,0,0,0,0,0,0,0,,0,,,2,-2,0,0,0,0,-2.83361198042985,0,0,0,0,0,0,0,0,0,0,,0,,,,,0,-0.2,-0.2
2015,POST,00-0026625,B.Hoyer,Brian Hoyer,QB,QB,"https://static.www.nfl.com/image/private/f_auto,q_auto/league/japt3mj2xctm7saqndxn",1,HOU,15,34,136,0,4,3,24,2,1,336,46,10,-26.8489401856205,0,0.404761904761905,-0.0595181871197014,1,-1,0,0,0,0,0.0,0,0,0,0,0,0,0,0,0,0,,0,,,,,0,-4.66,-4.66
2015,POST,00-0026739,,Jordan Norwood,WR,WR,"https://static.www.nfl.com/image/private/f_auto,q_auto/league/kdrgruvmcbm12bfluhna",3,DEN,0,0,0,0,0,0,0,0,0,0,0,0,,0,,,0,0,0,0,0,0,,0,3,8,26,0,0,0,84,8,2,-2.34142301077371,0,0.30952380952381,0.0879120879120879,0.0973348783314021,0.200002546700113,0,2.6,5.6
2015,POST,00-0026901,M.Wallace,Mike Wallace,WR,WR,"https://static.www.nfl.com/image/private/f_auto,q_auto/league/dy9z5wbsitf6l9psjq4y",1,MIN,0,0,0,0,0,0,0,0,0,0,0,0,,0,,,0,0,0,0,0,0,,0,1,1,10,0,0,0,9,1,0,1.26442783465609,0,1.11111111111111,0.0416666666666667,0.0671641791044776,0.109514925373134,0,1.0,2.0
2015,POST,00-0026983,D.Heyward-Bey,Darrius Heyward-Bey,WR,WR,"https://static.www.nfl.com/image/private/f_auto,q_auto/league/d5otkkbb0z2rdd2bjatd",2,PIT,0,0,0,0,0,0,0,0,0,0,0,0,,0,,,0,0,0,0,0,0,,0,2,4,64,0,0,0,66,26,1,2.57171997136742,0,0.96969696969697,0.0555555555555556,0.124528301886792,0.170503144654088,0,6.4,8.4
2015,POST,00-0026995,J.Maclin,Jeremy Maclin,WR,WR,"https://static.www.nfl.com/image/private/f_auto,q_auto/league/tvlsuugnbn0idb0tbtgw",2,KC,0,0,0,0,0,0,0,0,0,0,0,0,,0,,,0,0,0,0,0,0,,0,5,7,52,0,0,0,89,3,3,-0.295129653415643,0,0.584269662921348,0.101449275362319,0.159498207885305,0.263822658563192,0,5.2,10.2
2015,POST,00-0027069,,Chase Coffman,TE,TE,,1,SEA,0,0,0,0,0,0,0,0,0,0,0,0,,0,,,0,0,0,0,0,0,,0,0,3,0,0,0,0,32,0,0,-5.02069800952449,0,0.0,0.115384615384615,0.119850187265918,0.256972054163065,0,0.0,0.0
2015,POST,00-0027150,J.Edelman,Julian Edelman,WR,WR,"https://static.www.nfl.com/image/private/f_auto,q_auto/league/u0hbuo2bsvtlg7lnxm43",2,NE,0,0,0,0,0,0,0,0,0,0,0,0,,0,,,1,11,0,0,0,1,0.65322557464242,0,17,29,153,0,0,0,182,41,9,0.726704933693118,0,0.840659340659341,0.298969072164948,0.247956403269755,0.622023090536251,0,16.4,33.4
2015,POST,00-0027656,R.Gronkowski,Rob Gronkowski,TE,TE,"https://static.www.nfl.com/image/private/f_auto,q_auto/league/svpo7chliiymc0r7hegp",2,NE,0,0,0,0,0,0,0,0,0,0,0,0,,0,,,0,0,0,0,0,0,,0,15,23,227,3,0,0,219,82,10,10.2813388295472,0,1.0365296803653,0.237113402061856,0.298365122615804,0.564525688923846,0,40.7,55.7
2015,POST,00-0027675,E.Dickson,Ed Dickson,TE,TE,"https://static.www.nfl.com/image/private/f_auto,q_auto/league/qtxat8xwaclkqfkj5lrq",2,CAR,0,0,0,0,0,0,0,0,0,0,0,0,,0,,,0,0,0,0,0,0,,0,2,4,22,0,0,0,51,14,2,-4.57298186561093,0,0.431372549019608,0.08,0.0986460348162476,0.189052224371373,0,2.2,4.2
2015,POST,00-0027681,B.LaFell,Brandon LaFell,WR,WR,"https://static.www.nfl.com/image/private/f_auto,q_auto/league/x4wifb5arw0neuwg1cch",1,NE,0,0,0,0,0,0,0,0,0,0,0,0,,0,,,0,0,0,0,0,0,,0,3,5,6,0,0,0,9,6,1,-1.08787423733156,0,0.666666666666667,0.121951219512195,0.0328467153284672,0.20591952999822,0,0.6,3.6
2015,POST,00-0027685,E.Sanders,Emmanuel Sanders,WR,WR,"https://static.www.nfl.com/image/private/f_auto,q_auto/league/potkibjtm855tsawozs0",3,DEN,0,0,0,0,0,0,0,0,0,0,0,0,,0,,,0,0,0,0,0,0,,0,16,24,230,0,0,0,272,70,11,7.28415221802308,0,0.845588235294118,0.263736263736264,0.315179606025492,0.61623011982224,0,23.0,39.0
2015,POST,00-0027791,,James Starks,RB,RB,"https://static.www.nfl.com/image/private/f_auto,q_auto/league/ohxqulg4xjfmbbkkltqj",2,GB,0,0,0,0,0,0,0,0,0,0,0,0,,0,,,19,76,1,0,0,6,0.22232640306714,0,6,6,16,0,0,0,-16,32,1,-1.33961046457989,0,-1.0,0.0789473684210526,-0.0184544405997693,0.10550294421174,0,15.2,21.2
2015,POST,00-0027793,A.Brown,Antonio Brown,WR,WR,"https://static.www.nfl.com/image/private/f_auto,q_auto/league/ecxsx9t7bfg42bgfwj3v",1,PIT,0,0,0,0,0,0,0,0,0,0,0,0,,0,,,0,0,0,0,0,0,,0,7,12,119,0,0,0,93,87,4,4.31972180385496,0,1.27956989247312,0.333333333333333,0.451456310679612,0.816019417475728,0,11.9,18.9
2015,POST,00-0027874,D.Thomas,Demaryius Thomas,WR,WR,"https://static.www.nfl.com/image/private/f_auto,q_auto/league/p1yjsqtqimjd6iazu3h9",3,DEN,0,0,0,0,0,0,0,0,0,0,0,0,,0,,,0,0,0,0,0,0,,0,7,21,60,0,0,0,254,17,4,-9.85228963642798,1,0.236220472440945,0.230769230769231,0.294322132097335,0.552179338621981,0,8.0,15.0
2015,POST,00-0027939,C.Newton,Cam Newton,QB,QB,"https://static.www.nfl.com/image/private/f_auto,q_auto/league/zwmgw2gmnn2kch4nquft",3,CAR,53,91,761,3,2,8,85,2,2,936,312,33,7.42784048764066,1,0.813034188034188,0.0851866851286797,27,95,2,0,0,9,3.92621071959729,0,0,0,0,0,0,0,0,0,0,,0,,,,,0,57.94,57.94
2015,POST,00-0027942,A.Green,A.J. Green,WR,WR,"https://static.www.nfl.com/image/private/f_auto,q_auto/league/guj5a9vnnzqfiljupzuj",1,CIN,0,0,0,0,0,0,0,0,0,0,0,0,,0,,,0,0,0,0,0,0,,0,5,8,71,1,0,0,154,5,3,5.58434577932349,0,0.461038961038961,0.205128205128205,0.487341772151899,0.648831548198637,0,13.1,18.1
2015,POST,00-0027949,J.Watt,J.J. Watt,DE,DL,"https://static.www.nfl.com/image/private/f_auto,q_auto/league/pooulgm7mdcx5x9gza7l",1,HOU,0,0,0,0,0,0,0,0,0,0,0,0,,0,,,1,-1,0,0,0,0,-0.632930566614959,0,0,0,0,0,0,0,0,0,0,,0,,,,,0,-0.1,-0.1
2015,POST,00-0027981,K.Rudolph,Kyle Rudolph,TE,TE,"https://static.www.nfl.com/image/private/f_auto,q_auto/league/mtvrkfel5750mlevcvtp",1,MIN,0,0,0,0,0,0,0,0,0,0,0,0,,0,,,0,0,0,0,0,0,,0,1,1,24,0,0,0,8,16,1,1.72236717154738,0,3.0,0.0416666666666667,0.0597014925373134,0.104291044776119,0,2.4,3.4
2015,POST,00-0028002,R.Cobb,Randall Cobb,WR,WR,"https://static.www.nfl.com/image/private/f_auto,q_auto/league/kuwo5hnkbtesfw6n9w1s",2,GB,0,0,0,0,0,0,0,0,0,0,0,0,,0,,,5,24,0,0,0,1,0.577178534702398,0,3,9,38,1,0,0,132,13,3,1.80117228534073,0,0.287878787878788,0.118421052631579,0.152249134948097,0.284205973411036,0,12.2,15.2
2015,POST,00-0028052,,Cecil Shorts,WR,WR,"https://static.www.nfl.com/image/private/f_auto,q_auto/league/zdsyqinswn0k8664k9qs",1,HOU,0,0,0,0,0,0,0,0,0,0,0,0,,0,,,0,0,0,0,0,0,,0,1,3,5,0,0,0,18,3,0,-2.72124369360972,0,0.277777777777778,0.0882352941176471,0.0535714285714286,0.169852941176471,0,0.5,1.5
2015,POST,00-0028074,A.Sherman,Anthony Sherman,RB,RB,"https://static.www.nfl.com/image/private/f_auto,q_auto/league/ibmfpy4ztgmqfwtood5x",2,KC,0,0,0,0,0,0,0,0,0,0,0,0,,0,,,0,0,0,0,0,0,,0,2,2,4,0,0,0,2,2,0,-0.689674443099648,0,2.0,0.0289855072463768,0.003584229390681,0.0459872214430419,0,0.4,2.4
2015,POST,00-0028121,J.Todman,Jordan Todman,RB,RB,"https://static.www.nfl.com/image/private/f_auto,q_auto/league/lhoxroo20gf8a3mbiczr",2,PIT,0,0,0,0,0,0,0,0,0,0,0,0,,0,,,16,71,0,1,0,3,-3.78425316460198,0,0,0,0,0,0,0,0,0,0,,0,,,,,0,7.1,7.1
2015,POST,00-0028142,V.Green,Virgil Green,TE,TE,"https://static.www.nfl.com/image/private/f_auto,q_auto/league/wcdedz1qf7ybkujat6bu",2,DEN,0,0,0,0,0,0,0,0,0,0,0,0,,0,,,0,0,0,0,0,0,,0,2,3,14,0,0,0,11,7,1,0.0680225873365998,0,1.27272727272727,0.0441176470588235,0.015625,0.0771139705882353,0,1.4,3.4
2015,POST,00-0028198,,Matt Asiata,RB,RB,,1,MIN,0,0,0,0,0,0,0,0,0,0,0,0,,0,,,0,0,0,0,0,0,,0,1,1,13,0,0,0,4,9,0,0.0662074261344969,0,3.25,0.0416666666666667,0.0298507462686567,0.0833955223880597,0,1.3,2.3
2015,POST,00-0028434,D.Baldwin,Doug Baldwin,WR,WR,"https://static.www.nfl.com/image/private/f_auto,q_auto/league/kccmcttfdtl7m3g49vb8",2,SEA,0,0,0,0,0,0,0,0,0,0,0,0,,0,,,0,0,0,0,0,0,,0,13,19,124,1,0,0,198,28,9,2.52427625033306,0,0.626262626262626,0.263888888888889,0.266487213997308,0.582374383131449,0,18.4,31.4
2015,POST,00-0029141,A.Morris,Alfred Morris,RB,RB,"https://static.www.nfl.com/image/private/f_auto,q_auto/league/igrm4hy4pishp4rdamin",1,WAS,0,0,0,0,0,0,0,0,0,0,0,0,,0,,,11,50,0,0,0,3,-1.25499874041998,0,0,0,0,0,0,0,0,0,0,,0,,,,,0,5.0,5.0
2015,POST,00-0029159,J.Kearse,Jermaine Kearse,WR,WR,"https://static.www.nfl.com/image/private/f_auto,q_auto/league/tvnzajvst7kdglamw4t6",2,SEA,0,0,0,0,0,0,0,0,0,0,0,0,,0,,,0,0,0,0,0,0,,0,14,19,128,2,0,0,202,26,7,9.35139249680565,0,0.633663366336634,0.263888888888889,0.271870794078062,0.586142889187977,0,24.8,38.8
2015,POST,00-0029191,D.Shead,DeShawn Shead,CB,DB,"https://static.www.nfl.com/image/private/f_auto,q_auto/league/gj3liwtjkgotqaa5pav0",1,SEA,0,0,0,0,0,0,0,0,0,0,0,0,,0,,,1,17,0,0,0,1,3.44296084181406,0,0,0,0,0,0,0,0,0,0,,0,,,,,0,1.7,1.7
2015,POST,00-0029239,B.Bolden,Brandon Bolden,RB,RB,"https://static.www.nfl.com/image/private/f_auto,q_auto/league/kqqwz35z9brhkzbs4bcn",2,NE,0,0,0,0,0,0,0,0,0,0,0,0,,0,,,5,12,0,0,0,0,-1.48233471228741,0,3,4,26,0,0,0,30,26,2,1.12249014450936,0,0.866666666666667,0.0412371134020619,0.0408719346049046,0.090466024326526,0,3.8,6.8
2015,POST,00-0029263,R.Wilson,Russell Wilson,QB,QB,"https://static.www.nfl.com/image/upload/f_auto,q_auto/league/u36rhg0md8ey3b4khbre",2,SEA,44,74,508,4,3,7,54,1,0,743,181,27,-8.77064825982257,0,0.68371467025572,0.054872101260818,8,53,0,0,0,2,3.32872356957523,0,0,0,0,0,0,0,0,0,0,,0,,,,,0,35.62,35.62
2015,POST,00-0029293,M.Jones,Marvin Jones,WR,WR,"https://static.www.nfl.com/image/private/f_auto,q_auto/league/ciy9sxefmcnwjw7ln3h2",1,CIN,0,0,0,0,0,0,0,0,0,0,0,0,,0,,,0,0,0,0,0,0,,0,4,7,32,0,0,0,79,0,2,-1.44611492421245,0,0.405063291139241,0.17948717948718,0.25,0.444230769230769,0,3.2,7.2
2015,POST,00-0029415,K.Martin,Keshawn Martin,WR,WR,"https://static.www.nfl.com/image/private/f_auto,q_auto/league/guf4yzrzgnpmx7uonpqs",2,NE,0,0,0,0,0,0,0,0,0,0,0,0,,0,,,0,0,0,0,0,0,,0,2,5,57,0,0,0,69,19,2,1.35470606363309,0,0.826086956521739,0.0515463917525773,0.0940054495912807,0.143123402342762,0,5.7,7.7
2015,POST,00-0029510,J.Grimes,Jonathan Grimes,RB,RB,"https://static.www.nfl.com/image/private/f_auto,q_auto/league/kzodfrw342cy91lw12n4",1,HOU,0,0,0,0,0,0,0,0,0,0,0,0,,0,,,4,15,0,0,0,0,-0.236527400527848,0,2,2,12,0,0,0,3,9,1,1.88553855917417,0,4.0,0.0588235294117647,0.0089285714285714,0.0944852941176471,0,2.7,4.7
2015,POST,00-0029572,J.Wright,Jarius Wright,WR,WR,"https://static.www.nfl.com/image/private/f_auto,q_auto/league/f4xgfra44cd6qjy6havp",1,MIN,0,0,0,0,0,0,0,0,0,0,0,0,,0,,,0,0,0,0,0,0,,0,1,3,9,0,0,0,10,3,0,-0.983959143690299,0,0.9,0.125,0.0746268656716418,0.239738805970149,0,0.9,1.9
2015,POST,00-0029604,K.Cousins,Kirk Cousins,QB,QB,"https://static.www.nfl.com/image/upload/f_auto,q_auto/league/yt6n07jezvfmcsoq0j13",1,WAS,29,46,329,1,0,6,59,3,1,381,155,14,-11.5122314667575,0,0.863517060367454,0.017147698102291,2,2,1,0,0,1,2.22345482814126,0,0,0,0,0,0,0,0,0,0,,0,,,,,0,21.36,21.36
2015,POST,00-0029632,M.Sanu,Mohamed Sanu,WR,WR,"https://static.www.nfl.com/image/private/f_auto,q_auto/league/a6loroqhta6g65aqnsrk",1,CIN,0,0,0,0,0,0,0,0,0,0,0,0,,0,,,0,0,0,0,0,0,,0,3,5,17,0,0,0,11,3,2,1.44171616190579,0,1.54545454545455,0.128205128205128,0.0348101265822785,0.216674780915287,0,1.7,4.7
2015,POST,00-0029638,M.Floyd,Michael Floyd,WR,WR,"https://static.www.nfl.com/image/private/f_auto,q_auto/league/lisxjuyoo7hiux1ac4jb",2,ARI,0,0,0,0,0,0,0,0,0,0,0,0,,0,,,0,0,0,0,0,0,,0,6,15,63,2,0,0,218,27,6,-4.74772400871734,0,0.288990825688073,0.182926829268293,0.250287026406429,0.44959116238694,0,18.3,24.3
2015,POST,00-0029683,R.Hillman,Ronnie Hillman,RB,RB,"https://static.www.nfl.com/image/private/f_auto,q_auto/league/quqwvjr2zciit0emquzg",3,DEN,0,0,0,0,0,0,0,0,0,0,0,0,,0,,,32,54,0,0,0,2,-13.8703153548122,0,1,4,7,0,0,0,17,1,0,-1.84157327702269,0,0.411764705882353,0.043956043956044,0.0196987253765933,0.0797231736976812,0,6.1,7.1
2015,POST,00-0029731,F.Whittaker,Fozzy Whittaker,RB,RB,"https://static.www.nfl.com/image/private/f_auto,q_auto/league/lyk6elzqjynnxbxe6qlr",2,CAR,0,0,0,0,0,0,0,0,0,0,0,0,,0,,,6,24,0,0,0,2,-0.962629691406619,0,1,2,14,0,0,0,27,13,1,-1.56433769784053,0,0.518518518518519,0.0294117647058824,0.0350649350649351,0.0686631016042781,0,3.8,4.8
2015,POST,00-0029738,D.Fells,Darren Fells,TE,TE,"https://static.www.nfl.com/image/private/f_auto,q_auto/league/eh0rbweg4wbzgzpvprnv",2,ARI,0,0,0,0,0,0,0,0,0,0,0,0,,0,,,0,0,0,0,0,0,,0,4,6,50,1,0,0,42,20,2,3.51875781186391,0,1.19047619047619,0.0731707317073171,0.0482204362801378,0.143510402957072,0,11.0,15.0
2015,POST,00-0029854,C.Anderson,C.J. Anderson,RB,RB,"https://static.www.nfl.com/image/private/f_auto,q_auto/league/jqqdxuowpdgl06zy0g0a",3,DEN,0,0,0,0,0,0,0,0,0,0,0,0,,0,,,54,234,2,0,0,9,-8.63060394259273,0,9,10,39,0,0,0,17,28,0,-5.56865690650203,0,2.29411764705882,0.10989010989011,0.0196987253765933,0.17862427259878,0,39.3,48.3
2015,POST,00-0029931,Z.Line,Zach Line,FB,RB,"https://static.www.nfl.com/image/private/f_auto,q_auto/league/dddfiilg9qy54xtorb6r",1,MIN,0,0,0,0,0,0,0,0,0,0,0,0,,0,,,0,0,0,0,0,0,,0,2,2,7,0,0,0,-6,13,1,0.149627230886836,0,-1.16666666666667,0.0833333333333333,-0.0447761194029851,0.0936567164179105,0,0.7,2.7
2015,POST,00-0030035,A.Thielen,Adam Thielen,WR,WR,"https://static.www.nfl.com/image/upload/f_auto,q_auto/league/pxehgo0l9xl03n7dronf",1,MIN,0,0,0,0,0,0,0,0,0,0,0,0,,0,,,0,0,0,0,0,0,,0,0,1,0,0,0,0,-2,0,0,-0.804667328484356,0,0.0,0.0416666666666667,-0.0149253731343284,0.0520522388059702,0,0.0,0.0
2015,POST,00-0030089,L.Willson,Luke Willson,TE,TE,"https://static.www.nfl.com/image/private/f_auto,q_auto/league/a6zcpjyfusebcm8i3w2w",1,SEA,0,0,0,0,0,0,0,0,0,0,0,0,,0,,,0,0,0,0,0,0,,0,4,7,54,0,0,0,50,38,4,-2.64627314649988,0,1.08,0.152173913043478,0.105042016806723,0.301790281329923,0,5.4,9.4
2015,POST,00-0030108,R.Griffin,Ryan Griffin,TE,TE,"https://static.www.nfl.com/image/private/f_auto,q_auto/league/izjfxtmk2dhzhrlwpt9g",1,HOU,0,0,0,0,0,0,0,0,0,0,0,0,,0,,,0,0,0,0,0,0,,0,3,8,29,0,0,0,80,14,3,0.293267992092297,0,0.3625,0.235294117647059,0.238095238095238,0.519607843137255,0,2.9,5.9
2015,POST,00-0030154,F.Hammond,Frankie Hammond,WR,WR,"https://static.www.nfl.com/image/private/f_auto,q_auto/league/ltfmkyja5eaw30hmnw9w",2,KC,0,0,0,0,0,0,0,0,0,0,0,0,,0,,,0,0,0,0,0,0,,0,2,2,5,0,0,0,-3,8,0,-1.32049999677129,0,0.0,0.0289855072463768,-0.0053763440860215,0.0397148200093502,0,0.5,2.5
2015,POST,00-0030155,D.Harris,Demetrius Harris,TE,TE,"https://static.www.nfl.com/image/private/f_auto,q_auto/league/nlajcnjlosuajmqswxvl",1,KC,0,0,0,0,0,0,0,0,0,0,0,0,,0,,,0,0,0,0,0,0,,0,1,1,10,0,0,0,3,7,1,0.682309444993734,0,3.33333333333333,0.0212765957446809,0.0078947368421052,0.037441209406495,0,1.0,2.0
2015,POST,00-0030187,R.Ross,Rashad Ross,WR,WR,"https://static.www.nfl.com/image/private/f_auto,q_auto/league/fp2xocefywdhxkdnagxm",1,WAS,0,0,0,0,0,0,0,0,0,0,0,0,,0,,,0,0,0,0,0,0,,0,1,1,2,0,0,0,-4,6,0,-0.496317827375606,0,0.0,0.0217391304347826,-0.010498687664042,0.0252596142873445,0,0.2,1.2
2015,POST,00-0030280,K.Davis,Knile Davis,RB,RB,"https://static.www.nfl.com/image/private/f_auto,q_auto/league/iyq9jy1o5g05fdvqftez",2,KC,0,0,0,0,0,0,0,0,0,0,0,0,,0,,,10,42,0,0,0,2,0.790352806216106,0,2,3,13,0,1,1,6,12,0,-5.81399458507076,0,2.16666666666667,0.0638297872340426,0.0157894736842105,0.106797312430011,1,9.5,11.5
2015,POST,00-0030287,A.Ellington,Andre Ellington,RB,RB,"https://static.www.nfl.com/image/private/f_auto,q_auto/league/seb6k3tjdcgi8tqmzt2z",2,ARI,0,0,0,0,0,0,0,0,0,0,0,0,,0,,,4,3,0,0,0,0,-2.01405264553614,0,0,2,0,0,0,0,11,0,0,-1.28745449776761,0,0.0,0.024390243902439,0.0126291618828932,0.0454257791716838,0,0.3,0.3
2015,POST,00-0030288,R.Burkhead,Rex Burkhead,RB,RB,"https://static.www.nfl.com/image/private/f_auto,q_auto/league/ysgdnkasvp07qmrkasve",1,CIN,0,0,0,0,0,0,0,0,0,0,0,0,,0,,,1,4,0,0,0,0,-0.151148553239182,0,1,1,5,0,0,0,-1,6,0,-0.693418041952762,0,-5.0,0.0256410256410256,-0.0031645569620253,0.0362463485881207,0,0.9,1.9
2015,POST,00-0030300,J.Brown,Jaron Brown,WR,WR,"https://static.www.nfl.com/image/private/f_auto,q_auto/league/y41u4egwigms9rg2p3ln",1,ARI,0,0,0,0,0,0,0,0,0,0,0,0,,0,,,0,0,0,0,0,0,,0,1,1,16,0,0,0,11,5,1,1.09951786720194,0,1.45454545454545,0.024390243902439,0.022964509394572,0.052660522429859,0,1.6,2.6
2015,POST,00-0030404,C.Thompson,Chris Thompson,RB,RB,"https://static.www.nfl.com/image/private/f_auto,q_auto/league/ypyldro2efcy5jcrytft",1,WAS,0,0,0,0,0,0,0,0,0,0,0,0,,0,,,1,25,0,0,0,1,1.93850153218955,0,8,8,89,0,0,0,22,67,2,2.10455443465617,0,4.04545454545455,0.173913043478261,0.057742782152231,0.301289512723953,0,11.4,19.4
2015,POST,00-0030414,S.Ware,Spencer Ware,RB,RB,"https://static.www.nfl.com/image/private/f_auto,q_auto/league/qr04afpcu3fqpgxnws6t",1,KC,0,0,0,0,0,0,0,0,0,0,0,0,,0,,,16,67,1,0,0,4,0.970305622147862,0,0,0,0,0,0,0,0,0,0,,0,,,,,0,12.7,12.7
2015,POST,00-0030432,C.Michael,Christine Michael,RB,RB,"https://static.www.nfl.com/image/private/f_auto,q_auto/league/qlysbozgkexeoohnqrvz",2,SEA,0,0,0,0,0,0,0,0,0,0,0,0,,0,,,21,70,0,0,0,1,-5.67274470464326,0,1,2,14,0,0,0,6,13,1,0.865753919351846,0,2.33333333333333,0.0277777777777778,0.0080753701211305,0.0473194257514581,0,8.4,9.4
2015,POST,00-0030456,G.Bernard,Giovani Bernard,RB,RB,"https://static.www.nfl.com/image/private/f_auto,q_auto/league/guht9y14gftgsugb87xz",1,CIN,0,0,0,0,0,0,0,0,0,0,0,0,,0,,,6,28,0,0,0,1,0.215347643243149,0,2,4,2,0,1,1,2,-2,0,-5.81873272743542,0,1.0,0.102564102564103,0.0063291139240506,0.158276533592989,0,1.0,3.0
2015,POST,00-0030460,M.Wheaton,Markus Wheaton,WR,WR,"https://static.www.nfl.com/image/private/f_auto,q_auto/league/hd28smxn43jzwkdikpd0",2,PIT,0,0,0,0,0,0,0,0,0,0,0,0,,0,,,0,0,0,0,0,0,,0,7,13,53,0,1,1,188,18,2,-13.6421274282038,0,0.281914893617021,0.180555555555556,0.354716981132075,0.519135220125786,0,3.3,10.3
2015,POST,00-0030472,J.Reed,Jordan Reed,TE,TE,"https://static.www.nfl.com/image/private/f_auto,q_auto/league/jur0qgejd3lzv8flmxcq",1,WAS,0,0,0,0,0,0,0,0,0,0,0,0,,0,,,0,0,0,0,0,0,,0,9,17,120,1,0,0,157,37,6,3.92402175953612,0,0.764331210191083,0.369565217391304,0.412073490813648,0.84279926965651,0,18.0,27.0
2015,POST,00-0030485,E.Lacy,Eddie Lacy,RB,RB,"https://static.www.nfl.com/image/private/f_auto,q_auto/league/ckn4luxcj2oc2c24fh7i",2,GB,0,0,0,0,0,0,0,0,0,0,0,0,,0,,,24,152,1,1,1,6,1.58646189444698,0,2,2,2,0,0,0,-7,9,0,-1.24301813053899,0,-0.285714285714286,0.0476190476190476,-0.0132075471698113,0.0621832884097035,0,19.4,21.4
2015,POST,00-0030506,T.Kelce,Travis Kelce,TE,TE,"https://static.www.nfl.com/image/upload/f_auto,q_auto/league/ilk4qbxxs6mt3v9zfvtg",2,KC,0,0,0,0,0,0,0,0,0,0,0,0,,0,,,0,0,0,0,0,0,,0,14,19,151,0,0,0,103,85,6,5.77255916518497,0,1.46601941747573,0.27536231884058,0.184587813620072,0.54225494779492,0,15.1,29.1
2015,POST,00-0030524,L.Jones,Landry Jones,QB,QB,"https://static.www.nfl.com/image/private/f_auto,q_auto/league/rxewfnskdqvfmsui48ta",1,PIT,2,5,11,0,1,1,11,0,0,44,7,0,-8.67735028866446,0,0.25,-0.040319703541134,0,0,0,0,0,0,,0,0,0,0,0,0,0,0,0,0,,0,,,,,0,-1.56,-1.56
2015,POST,00-0030549,T.Eifert,Tyler Eifert,TE,TE,"https://static.www.nfl.com/image/private/f_auto,q_auto/league/sextvbehmeu7ydutxtsu",1,CIN,0,0,0,0,0,0,0,0,0,0,0,0,,0,,,0,0,0,0,0,0,,0,5,9,58,0,0,0,52,38,2,0.698401734349318,0,1.11538461538462,0.230769230769231,0.164556962025316,0.461343719571568,0,5.8,10.8
2015,POST,00-0030564,D.Hopkins,DeAndre Hopkins,WR,WR,"https://static.www.nfl.com/image/upload/f_auto,q_auto/league/viymeohipdn0voptrkzh",1,HOU,0,0,0,0,0,0,0,0,0,0,0,0,,0,,,0,0,0,0,0,0,,0,6,11,69,0,0,0,121,18,5,-2.92114879516885,0,0.570247933884298,0.323529411764706,0.360119047619048,0.737377450980392,0,6.9,12.9
2015,POST,00-0030668,C.West,Charcandrick West,RB,RB,"https://static.www.nfl.com/image/private/f_auto,q_auto/league/ccvw7oos9bzr4ojdiuac",2,KC,0,0,0,0,0,0,0,0,0,0,0,0,,0,,,25,87,1,0,0,6,-0.610599605541211,0,3,5,24,0,0,0,9,15,2,0.736376371700317,0,2.66666666666667,0.072463768115942,0.0161290322580645,0.119985974754558,0,17.1,20.1
2015,POST,00-0030669,A.Wilson,Albert Wilson,WR,WR,"https://static.www.nfl.com/image/private/f_auto,q_auto/league/slythouwdcrug0poiios",2,KC,0,0,0,0,0,0,0,0,0,0,0,0,,0,,,2,11,0,0,0,0,-0.51980239127432,0,7,15,66,1,0,0,216,23,5,-1.29959656664869,0,0.305555555555556,0.217391304347826,0.387096774193548,0.597054698457223,0,13.7,20.7
2015,POST,00-0030670,B.Fowler,Bennie Fowler,WR,WR,"https://static.www.nfl.com/image/private/f_auto,q_auto/league/nfcmdcfhjf347rw1cstq",3,DEN,0,0,0,0,0,0,0,0,0,0,0,0,,0,,,0,0,0,0,0,0,,0,2,5,35,0,0,0,60,14,1,0.648388693574816,1,0.583333333333333,0.0735294117647059,0.0852272727272727,0.16995320855615,0,5.5,7.5
2015,POST,00-0031001,J.Janis,Jeff Janis,WR,WR,"https://static.www.nfl.com/image/private/f_auto,q_auto/league/fldhv9nvnmafss3r9tn2",1,GB,0,0,0,0,0,0,0,0,0,0,0,0,,0,,,0,0,0,0,0,0,,0,7,11,145,2,0,0,278,10,5,12.533059210251,0,0.52158273381295,0.261904761904762,0.524528301886793,0.760026954177898,0,26.5,33.5
2015,POST,00-0031021,J.Abbrederis,Jared Abbrederis,WR,WR,"https://static.www.nfl.com/image/private/f_auto,q_auto/league/p5gqmcyci9youm2r6oeb",2,GB,0,0,0,0,0,0,0,0,0,0,0,0,,0,,,0,0,0,0,0,0,,0,6,16,69,0,0,0,171,27,4,-3.92227464311333,1,0.403508771929825,0.210526315789474,0.197231833910035,0.453851757421235,0,8.9,14.9
2015,POST,00-0031051,J.Brown,John Brown,WR,WR,"https://static.www.nfl.com/image/private/f_auto,q_auto/league/xwyc2a0qfdxbbct6lso6",2,ARI,0,0,0,0,0,0,0,0,0,0,0,0,,0,,,1,2,0,0,0,0,-1.51990679261507,0,7,17,105,0,0,0,282,23,6,-19.4088561931276,0,0.372340425531915,0.207317073170732,0.323765786452354,0.537611660272745,0,10.7,17.7
2015,POST,00-0031062,J.White,James White,RB,RB,"https://static.www.nfl.com/image/private/f_auto,q_auto/league/z1nnkmnstccnqya5d5ee",2,NE,0,0,0,0,0,0,0,0,0,0,0,0,,0,,,6,16,0,0,0,0,-2.27433041715995,0,7,19,84,0,1,0,174,56,4,-4.67599215864902,0,0.482758620689655,0.195876288659794,0.237057220708447,0.459754487485604,0,10.0,17.0
2015,POST,00-0031068,R.Grant,Ryan Grant,WR,WR,"https://static.www.nfl.com/image/private/f_auto,q_auto/league/im7fnk7uti759btkrdok",1,WAS,0,0,0,0,0,0,0,0,0,0,0,0,,0,,,0,0,0,0,0,0,,0,0,2,0,0,0,0,31,0,0,-2.21331173437648,0,0.0,0.0434782608695652,0.0813648293963255,0.122172771881776,0,0.0,0.0
2015,POST,00-0031075,A.Blue,Alfred Blue,RB,RB,"https://static.www.nfl.com/image/private/f_auto,q_auto/league/qt9zmmipmlcin4gxs8wt",1,HOU,0,0,0,0,0,0,0,0,0,0,0,0,,0,,,17,99,0,0,0,3,1.20045495327213,0,0,1,0,0,0,0,1,0,0,-6.3097379473038,0,0.0,0.0294117647058824,0.0029761904761904,0.0462009803921569,0,9.9,9.9
2015,POST,00-0031085,J.Prosch,Jay Prosch,RB,RB,"https://static.www.nfl.com/image/private/f_auto,q_auto/league/qfxm205gqvzzpy0z2oyw",1,HOU,0,0,0,0,0,0,0,0,0,0,0,0,,0,,,1,2,0,0,0,0,-0.459965867223218,0,0,0,0,0,0,0,0,0,0,,0,,,,,0,0.2,0.2
2015,POST,00-0031118,C.Brown,Corey Brown,WR,WR,"https://static.www.nfl.com/image/private/f_auto,q_auto/league/lgk5rlkpxd0vw28nhrrq",3,CAR,0,0,0,0,0,0,0,0,0,0,0,0,,0,,,0,0,0,0,0,0,,0,10,19,215,1,0,0,247,90,6,10.7264749618793,0,0.870445344129555,0.211111111111111,0.26530612244898,0.502380952380952,0,27.5,37.5
2015,POST,00-0031237,T.Bridgewater,Teddy Bridgewater,QB,QB,"https://static.www.nfl.com/image/private/f_auto,q_auto/league/q5p8afhezmpvc1xbwibf",1,MIN,17,24,146,0,0,3,21,0,0,134,87,6,-3.42810166071706,0,1.08955223880597,0.0687251849644513,3,0,0,0,0,1,2.18190317577682,0,0,0,0,0,0,0,0,0,0,,0,,,,,0,5.84,5.84
2015,POST,00-0031288,A.McCarron,AJ McCarron,QB,QB,"https://static.www.nfl.com/image/private/f_auto,q_auto/league/fvakqnmsg35llkcme11h",1,CIN,23,41,212,1,1,3,24,2,1,316,68,11,-7.97432946178444,0,0.670886075949367,-0.0005232817233488,5,9,0,1,0,1,-1.02893452678109,0,0,0,0,0,0,0,0,0,0,,0,,,,,0,9.38,9.38
2015,POST,00-0031301,J.Hill,Jeremy Hill,RB,RB,"https://static.www.nfl.com/image/private/f_auto,q_auto/league/rafvidcbp023aupumccx",1,CIN,0,0,0,0,0,0,0,0,0,0,0,0,,0,,,12,50,1,1,1,3,-4.69039040547796,0,3,4,27,0,0,0,15,18,2,0.483369191002566,0,1.8,0.102564102564103,0.0474683544303798,0.18707400194742,0,11.7,14.7
2015,POST,00-0031302,C.Fiedorowicz,C.J. Fiedorowicz,TE,TE,"https://static.www.nfl.com/image/private/f_auto,q_auto/league/syuzjdnhzquetrf9jqvp",1,HOU,0,0,0,0,0,0,0,0,0,0,0,0,,0,,,0,0,0,0,0,0,,0,1,1,1,0,0,0,0,1,0,-0.531964070163667,0,0.0,0.0294117647058824,,,0,0.1,1.1
2015,POST,00-0031320,,Kevin Smith,WR,WR,,2,SEA,0,0,0,0,0,0,0,0,0,0,0,0,,0,,,0,0,0,0,0,0,,0,2,2,21,0,0,0,6,15,1,1.1745324023068,0,3.5,0.0277777777777778,0.0080753701211305,0.0473194257514581,0,2.1,4.1
2015,POST,00-0031332,F.Toussaint,Fitzgerald Toussaint,RB,RB,"https://static.www.nfl.com/image/private/f_auto,q_auto/league/rckiakioqzv7cjqaeg1d",2,PIT,0,0,0,0,0,0,0,0,0,0,0,0,,0,,,29,97,1,1,1,5,-6.93369865842396,0,7,11,62,0,0,0,3,60,4,0.957960202300455,0,20.6666666666667,0.152777777777778,0.0056603773584905,0.23312893081761,0,19.9,26.9
2015,POST,00-0031344,C.Latimer,Cody Latimer,WR,WR,"https://static.www.nfl.com/image/private/f_auto,q_auto/league/whgchcrp9pqx0waocewu",2,DEN,0,0,0,0,0,0,0,0,0,0,0,0,,0,,,0,0,0,0,0,0,,0,3,3,31,0,0,0,24,7,2,1.42516211624024,0,1.29166666666667,0.0441176470588235,0.0340909090909091,0.0900401069518717,0,3.1,6.1
2015,POST,00-0031373,M.Bryant,Martavis Bryant,WR,WR,"https://static.www.nfl.com/image/private/f_auto,q_auto/league/davxza3iibzg7aw6c5jm",2,PIT,0,0,0,0,0,0,0,0,0,0,0,0,,0,,,3,84,0,0,0,2,4.2587820670451,0,14,21,183,1,0,0,110,89,6,5.2874326667299,0,1.66363636363636,0.291666666666667,0.207547169811321,0.582783018867925,0,32.7,46.7
2015,POST,00-0031376,J.McKinnon,Jerick McKinnon,RB,RB,"https://static.www.nfl.com/image/private/f_auto,q_auto/league/yezxe2j778cndbhkxwez",1,MIN,0,0,0,0,0,0,0,0,0,0,0,0,,0,,,2,7,0,0,0,1,0.112080316175707,0,3,5,22,0,0,0,26,16,0,-2.84934897577476,0,0.846153846153846,0.208333333333333,0.194029850746269,0.448320895522388,0,2.9,5.9
2015,POST,00-0031381,D.Adams,Davante Adams,WR,WR,"https://static.www.nfl.com/image/upload/f_auto,q_auto/league/jweoujpjv9u2a8k7wnos",1,GB,0,0,0,0,0,0,0,0,0,0,0,0,,0,,,0,0,0,0,0,0,,0,4,4,48,1,0,0,26,22,2,6.10431225510547,0,1.84615384615385,0.117647058823529,0.0771513353115727,0.230476522953395,0,10.8,14.8
2015,POST,00-0031384,R.Rodgers,Richard Rodgers,TE,TE,"https://static.www.nfl.com/image/private/f_auto,q_auto/league/l9zei9dkcmbml3q1nshk",2,GB,0,0,0,0,0,0,0,0,0,0,0,0,,0,,,0,0,0,0,0,0,,0,7,12,56,0,0,0,79,16,4,-0.997499960882124,0,0.708860759493671,0.157894736842105,0.091118800461361,0.300625265586111,0,5.6,12.6
2015,POST,00-0031560,J.Strong,Jaelen Strong,WR,WR,"https://static.www.nfl.com/image/private/f_auto,q_auto/league/eakjj5fee8ctysjrqhxj",1,HOU,0,0,0,0,0,0,0,0,0,0,0,0,,0,,,0,0,0,0,0,0,,0,1,2,17,0,0,0,25,1,0,0.22315318020992,0,0.68,0.0588235294117647,0.0744047619047619,0.14031862745098,0,1.7,2.7
2015,POST,00-0031585,M.Pruitt,MyCole Pruitt,TE,TE,"https://static.www.nfl.com/image/upload/f_auto,q_auto/league/jazo8egu5luwyxxcpjh8",1,MIN,0,0,0,0,0,0,0,0,0,0,0,0,,0,,,0,0,0,0,0,0,,0,2,2,22,0,0,0,11,11,1,0.131054768047761,0,2.0,0.0833333333333333,0.082089552238806,0.182462686567164,0,2.2,4.2
2015,POST,00-0031588,S.Diggs,Stefon Diggs,WR,WR,"https://static.www.nfl.com/image/upload/f_auto,q_auto/league/to2qwuffjnjlouctglsl",1,MIN,0,0,0,0,0,0,0,0,0,0,0,0,,0,,,1,6,0,0,0,0,0.200011543463916,0,4,6,26,0,0,0,73,6,3,2.18670006433968,0,0.356164383561644,0.25,0.544776119402985,0.75634328358209,0,3.2,7.2
2015,POST,00-0031599,C.Artis-Payne,Cameron Artis-Payne,RB,RB,"https://static.www.nfl.com/image/private/f_auto,q_auto/league/vaeghufm3dkzmsjhb8hg",1,CAR,0,0,0,0,0,0,0,0,0,0,0,0,,0,,,3,7,0,1,0,0,-0.343586217029952,0,1,1,1,0,0,0,-2,3,0,-0.325595071655698,0,-0.5,0.0454545454545455,-0.0124223602484472,0.0594861660079051,0,0.8,1.8
2015,POST,00-0031743,A.Hunt,Akeem Hunt,RB,RB,"https://static.www.nfl.com/image/private/f_auto,q_auto/league/mjsxqeuw6ng12xa1z4zy",1,HOU,0,0,0,0,0,0,0,0,0,0,0,0,,0,,,1,0,0,0,0,0,-0.5258157113567,0,0,0,0,0,0,0,0,0,0,,0,,,,,0,0.0,0.0
2015,POST,00-0031941,J.Crowder,Jamison Crowder,WR,WR,"https://static.www.nfl.com/image/upload/f_auto,q_auto/league/rfysbrjrvfdr72cx8who",1,WAS,0,0,0,0,0,0,0,0,0,0,0,0,,0,,,0,0,0,0,0,0,,0,3,4,15,0,0,0,18,1,0,-1.55673674319405,0,0.833333333333333,0.0869565217391304,0.047244094488189,0.163505648750428,0,1.5,4.5
2015,POST,00-0032055,D.Funchess,Devin Funchess,TE,TE,"https://static.www.nfl.com/image/private/f_auto,q_auto/league/j0q0lmao9tg0rbviax6z",3,CAR,0,0,0,0,0,0,0,0,0,0,0,0,,0,,,0,0,0,0,0,0,,0,5,9,73,1,0,0,126,7,5,5.73596611898392,0,0.579365079365079,0.1,0.135338345864662,0.244736842105263,0,13.3,18.3
2015,POST,00-0032112,J.Nelson,J.J. Nelson,WR,WR,"https://static.www.nfl.com/image/private/f_auto,q_auto/league/rdpp1eiaqse92yvujbs0",2,ARI,0,0,0,0,0,0,0,0,0,0,0,0,,0,,,0,0,0,0,0,0,,1,3,4,33,0,0,0,84,0,2,2.65454939898336,0,0.392857142857143,0.0487804878048781,0.0964408725602755,0.14067934249951,0,5.3,8.3
2015,POST,00-0032128,C.Conley,Chris Conley,WR,WR,"https://static.www.nfl.com/image/upload/f_auto,q_auto/league/mr4h7vx02uwpr7xlfk6y",2,KC,0,0,0,0,0,0,0,0,0,0,0,0,,0,,,0,0,0,0,0,0,,0,6,10,42,1,0,0,52,22,2,0.695193326847392,0,0.807692307692308,0.144927536231884,0.0931899641577061,0.28262427925822,0,10.2,16.2
2015,POST,00-0032135,J.James,Jesse James,TE,TE,"https://static.www.nfl.com/image/private/f_auto,q_auto/league/rgk9zqdx9lmbcblem3xn",1,PIT,0,0,0,0,0,0,0,0,0,0,0,0,,0,,,0,0,0,0,0,0,,0,1,1,22,0,0,0,9,13,1,1.20873691770248,0,2.44444444444444,0.0277777777777778,0.0277777777777778,0.0611111111111111,0,2.2,3.2
2015,POST,00-0032166,S.Coates,Sammie Coates,WR,WR,"https://static.www.nfl.com/image/private/f_auto,q_auto/league/qtqofzkmblah8ycd4687",1,PIT,0,0,0,0,0,0,0,0,0,0,0,0,,0,,,0,0,0,0,0,0,,0,2,3,61,0,0,0,34,43,2,4.63352250098251,0,1.79411764705882,0.0833333333333333,0.104938271604938,0.198456790123457,0,6.1,8.1
2015,POST,00-0032187,D.Johnson,David Johnson,RB,RB,"https://static.www.nfl.com/image/private/f_auto,q_auto/league/y7dtsyyjnoafefkbylbb",2,ARI,0,0,0,0,0,0,0,0,0,0,0,0,,0,,,30,95,1,0,0,7,-0.220907869003546,0,15,18,111,0,0,0,43,88,5,6.54945957090667,0,2.58139534883721,0.219512195121951,0.0493685419058553,0.363826272017026,0,26.6,41.6
2015,POST,00-0032211,T.Lockett,Tyler Lockett,WR,WR,"https://static.www.nfl.com/image/upload/f_auto,q_auto/league/yz9p4pfwr0iyakhnwj4z",2,SEA,0,0,0,0,0,0,0,0,0,0,0,0,,0,,,0,0,0,0,0,0,,0,4,9,110,1,0,0,197,24,3,6.54508183267083,0,0.558375634517767,0.125,0.26514131897712,0.373098923283984,0,17.0,21.0
2015,POST,00-0032214,T.Kroft,Tyler Kroft,TE,TE,"https://static.www.nfl.com/image/private/f_auto,q_auto/league/ztko1uhl01ebiutefibj",1,CIN,0,0,0,0,0,0,0,0,0,0,0,0,,0,,,0,0,0,0,0,0,,0,0,1,0,0,0,0,4,0,0,-0.433854080270976,0,0.0,0.0256410256410256,0.0126582278481013,0.0473222979552094,0,0.0,0.0
2015,REG+POST,00-0007091,,Matt Hasselbeck,QB,QB,"https://static.www.nfl.com/image/private/f_auto,q_auto/league/t1nf9avoy2kauqwrvzza",8,IND,156,256,1690,9,5,16,101,3,2,1900,779,85,-0.113061250119471,0,0.889473684210526,0.0532866543954575,16,15,0,0,0,2,-5.87065162456101,0,0,0,0,0,0,0,0,0,0,,0,,,,,0,91.1,91.1
2015,REG+POST,00-0010346,,Peyton Manning,QB,QB,"https://static.www.nfl.com/image/private/f_auto,q_auto/league/xpcd6auodk3w0vda6jal",13,DEN,249,423,2788,11,18,25,170,3,1,3975,1139,136,-54.8864514117881,2,0.701383647798742,0.0088144209032437,11,4,0,2,1,1,-8.21495296082952,0,0,0,0,0,0,0,0,0,0,,0,,,,,0,119.92,119.92
2015,REG+POST,00-0018227,,Charles Woodson,FS,DB,"https://static.www.nfl.com/image/private/f_auto,q_auto/league/gohbupnj3mhletq96zzu",1,LV,0,0,0,0,0,0,0,0,0,0,0,0,,0,,,1,-3,0,0,0,0,-0.917857711145189,0,0,0,0,0,0,0,0,0,0,,0,,,,,0,-0.3,-0.3
2015,REG+POST,00-0019596,T.Brady,Tom Brady,QB,QB,"https://static.www.nfl.com/image/private/f_auto,q_auto/league/q7dpdlxyu5rs05rgh1le",18,NE,457,722,5382,39,9,42,243,5,2,5651,2667,258,126.193020035467,0,0.952397805698106,0.111299703221004,43,72,4,1,0,17,8.94578252089559,0,1,1,36,0,0,0,7,29,1,3.12903063558042,0,5.14285714285714,0.0178571428571429,0.0122591943957968,0.0353671503627721,0,384.08,385.08
2015,REG+POST,00-0020245,,Mike Vick,QB,QB,"https://static.www.nfl.com/image/private/f_auto,q_auto/league/hrg4riwhpjbijfovsjrk",5,PIT,40,66,371,2,1,10,53,1,0,631,193,14,-30.6447069808103,0,0.587955625990491,0.0300949913632818,20,99,0,1,0,4,-0.0041893732519895,0,0,0,0,0,0,0,0,0,0,,0,,,,,0,30.74,30.74
2015,REG+POST,00-0020337,,Steve Smith,WR,WR,"https://static.www.nfl.com/image/private/f_auto,q_auto/league/k23e0b8cto93he9rt0zc",7,BAL,0,0,0,0,0,0,0,0,0,0,0,0,,0,,,0,0,0,0,0,0,,0,46,73,670,3,0,0,719,256,28,22.4175988474965,0,0.931849791376912,0.255244755244755,0.321844225604297,0.608158090790141,0,85.0,131.0
2015,REG+POST,00-0020531,D.Brees,Drew Brees,QB,QB,"https://static.www.nfl.com/image/private/f_auto,q_auto/league/i20xlpzdmn7xubotijjd",15,NO,428,627,4870,32,11,31,235,5,2,4908,2382,228,105.543604274585,0,0.992257538712306,0.126569686612197,24,14,1,0,0,5,-6.81156835036336,0,0,0,0,0,0,0,0,0,0,,0,,,,,0,304.2,304.2
2015,REG+POST,00-0020679,,Shaun Hill,QB,QB,"https://static.www.nfl.com/image/private/f_auto,q_auto/league/dn42ccbwrshm7uksyphy",3,MIN,2,7,15,0,0,1,11,0,0,59,9,0,-6.62935111951083,0,0.254237288135593,-0.10311566697846,4,-5,0,0,0,0,-2.4824962374405,0,0,0,0,0,0,0,0,0,0,,0,,,,,0,0.1,0.1
2015,REG+POST,00-0021206,J.McCown,Josh McCown,QB,QB,"https://static.www.nfl.com/image/private/f_auto,q_auto/league/qcauc37wqjdaxdbq1evu",8,CLE,186,292,2109,12,4,23,137,6,4,2266,1014,96,15.662762937372,2,0.930714916151809,0.0890442077215796,20,98,1,3,2,8,-0.510607199266918,0,0,0,0,0,0,0,0,0,0,,0,,,,,0,132.16,132.16
2015,REG+POST,00-0021429,C.Palmer,Carson Palmer,QB,QB,"https://static.www.nfl.com/image/private/f_auto,q_auto/league/belgna3tokxga0gjjmwk",18,ARI,390,618,5255,39,17,31,180,7,4,6621,2031,261,144.283449873408,0,0.793686754266727,0.170420249077866,25,24,1,2,0,4,-2.54829034634167,0,0,0,0,0,0,0,0,0,0,,0,,,,,0,332.6,332.6
2015,REG+POST,00-0021547,A.Gates,Antonio Gates,TE,TE,"https://static.www.nfl.com/image/private/f_auto,q_auto/league/kndulvysinvn4tpvt0bc",11,LAC,0,0,0,0,0,0,0,0,0,0,0,0,,0,,,0,0,0,0,0,0,,0,56,85,630,5,0,0,696,239,33,22.3142432262655,0,0.905172413793103,0.185185185185185,0.194359117564926,0.413829160073226,0,93.0,149.0
2015,REG+POST,00-0021678,,Tony Romo,QB,QB,"https://static.www.nfl.com/image/private/f_auto,q_auto/league/rdgaxf7djip2ovlkeqjk",4,DAL,83,121,884,5,7,6,35,1,1,859,426,46,-10.0504360752689,0,1.0291036088475,0.0732576473955914,4,13,0,0,0,1,0.799337724689394,0,0,0,0,0,0,0,0,0,0,,0,,,,,0,40.66,40.66
2015,REG+POST,00-0022044,,Andre Johnson,WR,WR,,16,IND,0,0,0,0,0,0,0,0,0,0,0,0,,0,,,0,0,0,0,0,0,,0,41,77,503,4,0,0,792,147,31,14.2443456147356,0,0.63510101010101,0.127483443708609,0.151986183074266,0.2976154937149,0,74.3,115.3
2015,REG+POST,00-0022084,,Anquan Boldin,WR,WR,"https://static.www.nfl.com/image/private/f_auto,q_auto/league/ajabgwxbliupgkwjbnut",14,SF,0,0,0,0,0,0,0,0,0,0,0,0,,0,,,0,0,0,0,0,0,,0,69,111,789,4,1,1,894,282,35,1.1817033421155,0,0.88255033557047,0.24235807860262,0.266626901282434,0.550175948801634,0,100.9,169.9
2015,REG+POST,00-0022127,J.Witten,Jason Witten,TE,TE,"https://static.www.nfl.com/image/private/f_auto,q_auto/league/r7uafhtwuexuaty0nhsc",16,DAL,0,0,0,0,0,0,0,0,0,0,0,0,,0,,,0,0,0,0,0,0,,0,77,104,713,3,1,1,727,230,36,-2.55254434186617,0,0.980742778541953,0.200385356454721,0.180935788949726,0.427233086946889,0,87.3,164.3
2015,REG+POST,00-0022414,,Malcom Floyd,WR,WR,"https://static.www.nfl.com/image/private/f_auto,q_auto/league/or8gm79eaonksxe8gl0t",15,LAC,0,0,0,0,0,0,0,0,0,0,0,0,,0,,,0,0,0,0,0,0,,0,30,69,561,3,1,1,1387,86,19,-1.71427213953814,0,0.404470079307859,0.109697933227345,0.306451612903226,0.379063028873276,0,72.1,102.1
2015,REG+POST,00-0022427,,Wes Welker,WR,WR,"https://static.www.nfl.com/image/private/f_auto,q_auto/league/rgjwexzif36vncjfdwap",7,LA,0,0,0,0,0,0,0,0,0,0,0,0,,0,,,0,0,0,0,0,0,,0,13,22,102,0,0,0,119,50,5,-11.1192872927752,0,0.857142857142857,0.0944206008583691,0.063230605738576,0.185892325304557,0,10.2,23.2
2015,REG+POST,00-0022736,,Steven Jackson,RB,RB,"https://static.www.nfl.com/image/private/f_auto,q_auto/league/abl5wejuf448xw3jtphm",4,NE,0,0,0,0,0,0,0,0,0,0,0,0,,0,,,31,74,2,0,0,6,-5.3645071083447,0,2,2,22,0,0,0,-2,24,1,1.60517697525211,0,-11.0,0.0303030303030303,-0.0042372881355932,0.0424884437596302,0,21.6,23.6
2015,REG+POST,00-0022787,M.Schaub,Matt Schaub,QB,QB,"https://static.www.nfl.com/image/private/f_auto,q_auto/league/mj2kh2nddxnw04ludcx0",2,BAL,52,80,540,3,4,3,27,0,0,554,213,28,-4.68589260541293,0,0.974729241877256,0.0479422967719781,4,10,0,0,0,1,-2.86091036355356,0,0,0,0,0,0,0,0,0,0,,0,,,,,0,26.6,26.6
2015,REG+POST,00-0022803,E.Manning,Eli Manning,QB,QB,"https://static.www.nfl.com/image/private/f_auto,q_auto/league/w51tf8uedjftbr4qpaex",16,NYG,387,618,4432,35,14,27,157,8,3,4668,2086,204,56.8725628637994,0,0.949443016281062,0.0857237386677813,20,61,0,3,1,4,-9.59137430629926,0,0,0,0,0,0,0,0,0,0,,0,,,,,0,287.38,287.38
2015,REG+POST,00-0022811,,Jerricho Cotchery,WR,WR,"https://static.www.nfl.com/image/private/f_auto,q_auto/league/hkq2dmfj7mbgbuejiloy",17,CAR,0,0,0,0,0,0,0,0,0,0,0,0,,0,,,1,16,0,0,0,1,1.07269074441865,0,46,65,541,3,0,0,541,222,29,29.5995262371571,0,1.0,0.12241054613936,0.0979717493661717,0.25219604376536,0,73.7,119.7
2015,REG+POST,00-0022864,L.McCown,Luke McCown,QB,QB,"https://static.www.nfl.com/image/private/f_auto,q_auto/league/pj2lbdhplppzlywlzsbr",2,NO,32,39,335,0,1,1,0,0,0,285,153,19,16.9404348327084,0,1.17543859649123,0.276387948632511,0,0,0,0,0,0,,0,0,0,0,0,0,0,0,0,0,,0,,,,,0,11.4,11.4
2015,REG+POST,00-0022921,L.Fitzgerald,Larry Fitzgerald,WR,WR,"https://static.www.nfl.com/image/private/f_auto,q_auto/league/ycgjjaad5un42gy4pnga",18,ARI,0,1,0,0,0,0,0,0,0,15,0,0,-0.838490173220635,0,0.0,,0,0,0,0,0,0,,0,121,164,1421,10,2,2,1418,574,73,64.1155726950113,0,1.00211565585331,0.259493670886076,0.205775649397765,0.53328346090755,0,198.1,319.1
2015,REG+POST,00-0022924,B.Roethlisberger,Ben Roethlisberger,QB,QB,"https://static.www.nfl.com/image/private/f_auto,q_auto/league/vziogpnyp9d0xtpiuqhr",14,PIT,361,537,4506,22,16,26,196,1,0,5224,1800,194,98.5381269532858,8,0.862557427258805,0.157315007258778,15,29,0,1,0,4,-6.23553468705048,0,0,0,0,0,0,0,0,0,0,,0,,,,,0,255.14,255.14
2015,REG+POST,00-0022942,P.Rivers,Philip Rivers,QB,QB,"https://static.www.nfl.com/image/private/f_auto,q_auto/league/voakyrtj34sghkwxaxxf",16,LAC,437,661,4792,29,13,40,264,2,2,4754,2618,226,65.9225631161492,2,1.00799326882625,0.10252516860564,17,28,0,2,0,2,-6.7976620784296,0,0,0,0,0,0,0,0,0,0,,0,,,,,0,284.48,284.48
2015,REG+POST,00-0022943,B.Watson,Benjamin Watson,TE,TE,"https://static.www.nfl.com/image/private/f_auto,q_auto/league/dorymozpdnrllkqlfzpu",16,NO,0,0,0,0,0,0,0,0,0,0,0,0,,0,,,0,0,0,0,0,0,,0,74,110,825,6,1,1,985,241,42,43.2493113434979,0,0.83756345177665,0.165912518853695,0.189532422551472,0.381541474066573,0,116.5,190.5
2015,REG+POST,00-0022999,J.Kuhn,John Kuhn,FB,RB,"https://static.www.nfl.com/image/private/f_auto,q_auto/league/nbcwgq2o0ymmx4czvr4b",11,GB,0,0,0,0,0,0,0,0,0,0,0,0,,0,,,12,32,2,0,0,5,-0.589869956951588,0,9,13,72,0,0,0,0,74,4,0.399616846021577,0,0.0,0.0381231671554252,0.0,0.0571847507331378,0,22.4,31.4
2015,REG+POST,00-0023310,,Lance Moore,WR,WR,"https://static.www.nfl.com/image/private/f_auto,q_auto/league/bfjxc892mfkni8ywtheh",13,DET,0,0,0,0,0,0,0,0,0,0,0,0,,0,,,0,0,0,0,0,0,,0,29,43,337,4,1,1,421,59,20,9.18354128903593,0,0.800475059382423,0.0853174603174603,0.125223081499108,0.215632347525566,0,55.7,84.7
2015,REG+POST,00-0023367,,Nate Washington,WR,WR,,14,HOU,0,0,0,0,0,0,0,0,0,0,0,0,,0,,,0,0,0,0,0,0,,0,48,100,661,4,0,0,1155,162,34,6.99059396425364,0,0.572294372294372,0.194552529182879,0.24300441826215,0.461931886557824,0,90.1,138.1
2015,REG+POST,00-0023436,A.Smith,Alex Smith,QB,QB,"https://static.www.nfl.com/image/private/f_auto,q_auto/league/dpa5d1a8jj6jdymocjkx",18,KC,353,542,3922,22,8,49,255,2,0,3744,2098,176,34.5683477727647,2,1.04754273504274,0.0899783753516038,98,569,2,2,0,36,23.0555229928922,0,0,0,0,0,0,0,0,0,0,,0,,,,,0,301.78,301.78
2015,REG+POST,00-0023459,A.Rodgers,Aaron Rodgers,QB,QB,"https://static.www.nfl.com/image/upload/f_auto,q_auto/league/jdcb4nomlc4rd6k5l6to",18,GB,392,652,4292,35,9,48,329,8,4,5532,2108,196,2.55192199057617,5,0.775849602313811,0.0761747668199039,61,364,1,0,0,21,17.0879163784951,0,0,0,0,0,0,0,0,0,0,,0,,,,,0,338.08,338.08
2015,REG+POST,00-0023462,,Roddy White,WR,WR,"https://static.www.nfl.com/image/private/f_auto,q_auto/league/f7dgklg6z49fbdltwuki",15,ATL,0,0,0,0,0,0,0,0,0,0,0,0,,0,,,0,0,0,0,0,0,,0,43,70,506,1,0,0,704,105,27,3.22162365140788,0,0.71875,0.120274914089347,0.155305537171851,0.289126247154316,0,56.6,99.6
2015,REG+POST,00-0023465,,Heath Miller,TE,TE,"https://static.www.nfl.com/image/private/f_auto,q_auto/league/iqw8fry4hgfvegs9nfuf",17,PIT,0,0,0,0,0,0,0,0,0,0,0,0,,0,,,1,2,0,0,0,0,-0.450850964523852,0,63,87,549,2,0,0,493,217,29,16.1394453775537,1,1.11359026369168,0.141004862236629,0.0835734870317003,0.270008734277134,0,69.1,132.1
2015,REG+POST,00-0023496,,Vincent Jackson,WR,WR,"https://static.www.nfl.com/image/private/f_auto,q_auto/league/kdquag2thcfulvrs0cbz",10,TB,0,0,0,0,0,0,0,0,0,0,0,0,,0,,,0,0,0,0,0,0,,0,33,62,543,3,0,0,831,103,28,22.4044259808217,1,0.653429602888087,0.208053691275168,0.284491612461486,0.511224665635792,0,74.3,107.3
2015,REG+POST,00-0023500,F.Gore,Frank Gore,RB,RB,"https://static.www.nfl.com/image/private/f_auto,q_auto/league/lxxkhd2suyalrbruzut7",16,IND,0,0,0,0,0,0,0,0,0,0,0,0,,0,,,260,967,6,4,3,44,-49.753162172623,0,34,58,267,1,0,0,-13,273,10,-0.511967734170327,0,-20.5384615384615,0.100869565217391,-0.0026141162276292,0.149474466466747,0,159.4,193.4
2015,REG+POST,00-0023506,,Alex Smith,TE,TE,"https://static.www.nfl.com/image/private/f_auto,q_auto/league/zcpxncjwcm6ggoiqt6ub",3,WAS,0,0,0,0,0,0,0,0,0,0,0,0,,0,,,0,0,0,0,0,0,,0,1,3,16,0,0,0,10,13,1,-0.516405471018516,0,1.6,0.0254237288135593,0.0175746924428823,0.0504378779303566,0,1.6,2.6
2015,REG+POST,00-0023564,D.Sproles,Darren Sproles,RB,RB,"https://static.www.nfl.com/image/private/f_auto,q_auto/league/gvj5ng27blmwuz170aeo",16,PHI,0,0,0,0,0,0,0,0,0,0,0,0,,0,,,83,317,3,0,0,21,3.74024588250904,0,55,83,388,1,1,0,119,359,19,-6.50213842810507,0,3.26050420168067,0.133870967741936,0.0280197786672946,0.220420296680009,2,106.5,161.5
2015,REG+POST,00-0023578,D.Orlovsky,Dan Orlovsky,QB,QB,"https://static.www.nfl.com/image/private/f_auto,q_auto/league/vr8juuraecwssjnviglf",2,DET,22,40,201,1,1,0,0,0,0,312,82,13,0.103389190152866,0,0.644230769230769,-0.014811184979405,0,0,0,0,0,0,,0,0,0,0,0,0,0,0,0,0,,0,,,,,0,10.04,10.04
2015,REG+POST,00-0023645,D.Anderson,Derek Anderson,QB,QB,"https://static.www.nfl.com/image/private/f_auto,q_auto/league/w191gsxivnqgdwgydka6",4,CAR,4,6,36,0,0,0,0,0,0,66,21,2,-0.0039785685657989,0,0.545454545454545,0.10432484128284,9,-4,0,1,0,0,-7.56115347286686,0,0,0,0,0,0,0,0,0,0,,0,,,,,0,1.04,1.04
2015,REG+POST,00-0023662,M.Cassel,Matt Cassel,QB,QB,"https://static.www.nfl.com/image/private/f_auto,q_auto/league/n1ucqggyu5hlsqzuv5gj",8,DAL,119,204,1276,5,7,14,86,2,0,1630,571,54,-37.7267825599868,1,0.782822085889571,0.0032375531663669,15,78,0,2,0,4,3.38746637667646,0,0,0,0,0,0,0,0,0,0,,0,,,,,0,66.84,66.84
2015,REG+POST,00-0023682,R.Fitzpatrick,Ryan Fitzpatrick,QB,QB,"https://static.www.nfl.com/image/private/f_auto,q_auto/league/pkhhxwplsawnhln9rsun",16,NYJ,335,562,3905,31,15,19,94,2,2,5173,1800,196,72.5082973959145,0,0.754881113473806,0.0941911173047384,60,270,2,3,0,21,11.0673276903005,0,0,0,0,0,0,0,0,0,0,,0,,,,,0,285.2,285.2
2015,REG+POST,00-0023742,J.Ryan,Jon Ryan,P,SPEC,"https://static.www.nfl.com/image/private/f_auto,q_auto/league/jarcsmohj6vbznthlni8",1,SEA,0,0,0,0,0,0,0,0,0,0,0,0,,0,,,1,4,0,1,0,0,-2.17613003042061,0,0,0,0,0,0,0,0,0,0,,0,,,,,0,0.4,0.4
2015,REG+POST,00-0023752,,Daniel Fells,TE,TE,"https://static.www.nfl.com/image/private/f_auto,q_auto/league/lhecgqac5nourex1czfo",2,NYG,0,0,0,0,0,0,0,0,0,0,0,0,,0,,,0,0,0,0,0,0,,0,6,7,60,0,0,0,25,37,4,3.26112458208809,0,2.4,0.107692307692308,0.0569476082004556,0.20140178727878,0,6.0,12.0
2015,REG+POST,00-0023894,D.Penn,Donald Penn,T,OL,"https://static.www.nfl.com/image/private/f_auto,q_auto/league/lbarhx9omymxl236etax",1,LV,0,0,0,0,0,0,0,0,0,0,0,0,,0,,,0,0,0,0,0,0,,0,1,1,3,0,0,0,-7,10,0,-0.388085463084281,0,0.0,0.0256410256410256,-0.0262172284644195,0.0201094785364448,0,0.3,1.3
2015,REG+POST,00-0023921,,Miles Austin,WR,WR,"https://static.www.nfl.com/image/private/f_auto,q_auto/league/tuwhvxan7v0gisbei4an",11,PHI,0,0,0,0,0,0,0,0,0,0,0,0,,0,,,0,0,0,0,0,0,,0,13,31,224,1,0,0,413,62,9,-6.64233109424593,0,0.542372881355932,0.0729411764705882,0.14390243902439,0.210143472022956,0,28.4,41.4
2015,REG+POST,00-0024204,,Fred Jackson,RB,RB,"https://static.www.nfl.com/image/private/f_auto,q_auto/league/ibu4ltouiplhatsn4ptq",17,SEA,0,0,0,0,0,0,0,0,0,0,0,0,,0,,,29,111,0,0,0,7,-4.48599879315589,0,36,49,299,2,1,1,115,283,14,6.04493969711908,0,2.6,0.0947775628626692,0.0264732965009208,0.160697651844648,0,51.0,87.0
2015,REG+POST,00-0024217,,Reggie Bush,RB,RB,"https://static.www.nfl.com/image/private/f_auto,q_auto/league/z2m2heolqx9sgobdks9v",5,SF,0,0,0,0,0,0,0,0,0,0,0,0,,0,,,8,28,0,0,0,0,-4.26617127364031,0,4,10,19,0,0,0,30,23,1,-8.05456144702805,0,0.633333333333333,0.0862068965517242,0.0337837837837838,0.152958993476235,0,4.7,8.7
2015,REG+POST,00-0024221,V.Davis,Vernon Davis,TE,TE,"https://static.www.nfl.com/image/private/f_auto,q_auto/league/so5ywayfeeu4zeijln5m",14,DEN,0,0,0,0,0,0,0,0,0,0,0,0,,0,,,0,0,0,0,0,0,,0,38,59,395,0,0,0,577,143,21,-0.450435522883139,0,0.684575389948007,0.122153209109731,0.148367189508871,0.287086846320806,0,39.5,77.5
2015,REG+POST,00-0024226,J.Cutler,Jay Cutler,QB,QB,"https://static.www.nfl.com/image/private/f_auto,q_auto/league/ks6n7gvw4vccihlse6bn",15,CHI,311,483,3659,21,11,29,150,6,5,4044,1736,171,27.5745444495175,1,0.904797230464886,0.106328637193383,38,201,1,2,0,16,5.47603540083628,0,0,0,0,0,0,0,0,0,0,,0,,,,,0,226.46,226.46
2015,REG+POST,00-0024242,,DeAngelo Williams,RB,RB,"https://static.www.nfl.com/image/private/f_auto,q_auto/league/oky9ooitgqa1fgwdll6b",16,PIT,0,0,0,0,0,0,0,0,0,0,0,0,,0,,,200,907,11,3,1,51,-2.19260668648736,0,40,47,367,0,0,0,17,368,15,6.98248675287065,1,21.5882352941177,0.0971074380165289,0.0041738276454701,0.148582836376623,0,193.4,233.4
2015,REG+POST,00-0024243,M.Lewis,Marcedes Lewis,TE,TE,"https://static.www.nfl.com/image/private/f_auto,q_auto/league/ppq07tipygpftz5csipx",15,JAX,0,0,0,0,0,0,0,0,0,0,0,0,,0,,,0,0,0,0,0,0,,0,16,37,226,0,0,0,255,161,8,-19.3200683181902,0,0.886274509803922,0.0658362989323843,0.0484422492401216,0.132664022866662,0,22.6,38.6
2015,REG+POST,00-0024264,K.Clemens,Kellen Clemens,QB,QB,"https://static.www.nfl.com/image/private/f_auto,q_auto/league/pxungqbhh61ov73tzaxk",2,LAC,5,6,63,1,0,0,0,0,0,84,4,4,7.16460839501815,0,0.75,0.58259541675517,1,-1,0,0,0,0,-2.75969580991659,0,0,0,0,0,0,0,0,0,0,,0,,,,,0,6.42,6.42
2015,REG+POST,00-0024267,,Greg Jennings,WR,WR,"https://static.www.nfl.com/image/private/f_auto,q_auto/league/jiemkcfkc893pfova8xv",12,MIA,0,0,0,0,0,0,0,0,0,0,0,0,,0,,,0,0,0,0,0,0,,0,19,36,208,1,0,0,338,71,7,-3.44506672088279,0,0.615384615384615,0.08,0.0855912889339073,0.179913902253735,0,26.8,45.8
2015,REG+POST,00-0024268,A.Fasano,Anthony Fasano,TE,TE,"https://static.www.nfl.com/image/private/f_auto,q_auto/league/twcrap9uhjbazmplq5x3",14,TEN,0,0,0,0,0,0,0,0,0,0,0,0,,0,,,0,0,0,0,0,0,,0,26,42,289,2,0,0,275,151,16,8.92974630484241,0,1.05090909090909,0.0858895705521472,0.0622453598913536,0.172406107752168,0,40.9,66.9
2015,REG+POST,00-0024279,,Tarvaris Jackson,QB,QB,"https://static.www.nfl.com/image/private/f_auto,q_auto/league/bqukmeneztibnhrjko0q",4,SEA,4,6,37,0,0,1,6,0,0,22,23,3,1.35953375202371,0,1.68181818181818,0.102734848667899,8,-8,0,0,0,0,-6.76970049715601,0,0,0,0,0,0,0,0,0,0,,0,,,,,0,0.68,0.68
2015,REG+POST,00-0024296,,Charlie Whitehurst,QB,QB,,4,IND,16,32,150,0,1,5,28,0,0,277,92,9,-14.4437997555942,0,0.541516245487365,-0.040026320060107,2,1,0,0,0,1,1.78024707920849,0,0,0,0,0,0,0,0,0,0,,0,,,,,0,4.1,4.1
2015,REG+POST,00-0024313,,Owen Daniels,TE,TE,"https://static.www.nfl.com/image/private/f_auto,q_auto/league/ktxkz5tzddboxst5xfh8",19,DEN,0,0,0,0,0,0,0,0,0,0,0,0,,0,,,0,0,0,0,0,0,,0,51,85,578,5,0,0,587,281,30,9.00114204160286,0,0.984667802385009,0.122302158273381,0.0919774365402695,0.247837442988261,0,87.8,138.8
2015,REG+POST,00-0024324,,Jason Avant,WR,WR,"https://static.www.nfl.com/image/private/f_auto,q_auto/league/nnis5ib42eoeu8bjjpdc",11,KC,0,0,0,0,0,0,0,0,0,0,0,0,,0,,,0,0,0,0,0,0,,0,19,29,188,0,0,0,230,50,8,9.02658992874332,0,0.817391304347826,0.0826210826210826,0.0895289996107435,0.186601923659144,0,18.8,37.8
2015,REG+POST,00-0024334,B.Marshall,Brandon Marshall,WR,WR,"https://static.www.nfl.com/image/private/f_auto,q_auto/league/jhziqh0scfksvxen6f3s",16,NYJ,0,0,0,0,0,0,0,0,0,0,0,0,,0,,,0,0,0,0,0,0,,0,109,173,1502,14,3,2,2102,438,76,56.8884836165094,0,0.714557564224548,0.287375415282392,0.379148629148629,0.696467163327629,0,230.2,339.2
2015,REG+POST,00-0024389,De.Walker,Delanie Walker,TE,TE,"https://static.www.nfl.com/image/private/f_auto,q_auto/league/diknegkpqy0qnri7877z",15,TEN,0,0,0,0,0,0,0,0,0,0,0,0,,0,,,1,36,0,0,0,1,2.64273911877535,0,94,133,1088,6,0,0,1164,384,52,31.9329563749592,1,0.934707903780069,0.262845849802372,0.262398557258792,0.577947764784712,0,150.4,244.4
2015,REG+POST,00-0024417,S.Koch,Sam Koch,P,SPEC,"https://static.www.nfl.com/image/private/f_auto,q_auto/league/dw34lcf6qit1i1knjhpv",2,BAL,1,1,-3,0,0,0,0,0,0,-6,3,0,-3.6138413445442,0,0.0,,1,7,0,0,0,0,-2.3018558077747,0,0,0,0,0,0,0,0,0,0,,0,,,,,0,0.58,0.58
2015,REG+POST,00-0024466,,Marques Colston,WR,WR,"https://static.www.nfl.com/image/private/f_auto,q_auto/league/hnnuo9nfwzwlakr2srdq",13,NO,0,0,0,0,0,0,0,0,0,0,0,0,,0,,,0,0,0,0,0,0,,0,45,67,520,4,0,0,572,192,26,14.4685903417577,0,0.909090909090909,0.122710622710623,0.135931558935361,0.279218025320687,0,76.0,121.0
2015,REG+POST,00-0024535,E.Weems,Eric Weems,WR,WR,"https://static.www.nfl.com/image/private/f_auto,q_auto/league/kptsfekcpfukewtim9kz",2,ATL,0,0,0,0,0,0,0,0,0,0,0,0,,0,,,1,4,0,0,0,0,-0.478133021388203,0,1,1,11,0,0,0,6,5,1,1.11209612293169,0,1.83333333333333,0.0222222222222222,0.0222222222222222,0.0488888888888889,0,1.5,2.5
2015,REG+POST,00-0024813,,Pierre Thomas,RB,RB,"https://static.www.nfl.com/image/private/f_auto,q_auto/league/w58uf8rmlucv7qagwrfv",5,WAS,0,0,0,0,0,0,0,0,0,0,0,0,,0,,,19,71,0,0,0,3,-1.32192284817575,0,9,11,84,0,0,0,19,63,4,3.09325033903588,0,4.42105263157895,0.106796116504854,0.0290519877675841,0.18053056619459,0,15.5,24.5
2015,REG+POST,00-0025389,,Calvin Johnson,WR,WR,"https://static.www.nfl.com/image/private/f_auto,q_auto/league/z6dxib9sientn4m9cljh",16,DET,0,0,0,0,0,0,0,0,0,0,0,0,,0,,,0,0,0,0,0,0,,0,88,149,1214,9,1,0,1934,296,65,39.5890621945715,0,0.627714581178904,0.239549839228296,0.471707317073171,0.689519880793663,0,175.4,263.4
2015,REG+POST,00-0025394,A.Peterson,Adrian Peterson,RB,RB,"https://static.www.nfl.com/image/private/f_auto,q_auto/league/ug2ua3skqc9f6vkbowxc",17,MIN,0,0,0,0,0,0,0,0,0,0,0,0,,0,,,350,1530,11,6,3,73,-26.4857250606244,0,32,38,235,0,2,1,-10,271,8,-3.71172636538139,0,-23.5,0.0898345153664303,-0.0034758428919012,0.132318683025314,0,234.5,266.5
2015,REG+POST,00-0025396,T.Ginn,Ted Ginn,WR,WR,"https://static.www.nfl.com/image/private/f_auto,q_auto/league/o4m4txrv9l7odyebnea4",17,CAR,0,0,0,0,0,1,4,0,0,0,0,0,-1.28488686913624,0,,,6,93,1,0,0,4,6.42371796735097,0,50,109,865,10,0,0,1715,296,41,21.9273982698241,0,0.504373177842566,0.205273069679849,0.304185881518269,0.520839721582562,0,161.8,211.8
2015,REG+POST,00-0025399,M.Lynch,Marshawn Lynch,RB,RB,"https://static.www.nfl.com/image/private/f_auto,q_auto/league/ddhpebfqtr9yxsnbx9ht",8,SEA,0,0,0,0,0,0,0,0,0,0,0,0,,0,,,117,437,3,0,0,30,-15.2569984513102,1,15,24,95,0,0,0,11,97,5,-19.2677945867358,0,8.63636363636364,0.105263157894737,0.0052757793764988,0.161587782405654,0,73.2,88.2
2015,REG+POST,00-0025410,,Dwayne Bowe,WR,WR,"https://static.www.nfl.com/image/private/f_auto,q_auto/league/ihvktvkw198qeclu6mtk",7,CLE,0,0,0,0,0,0,0,0,0,0,0,0,,0,,,0,0,0,0,0,0,,0,5,13,53,0,0,0,182,14,3,-3.45727898104815,0,0.291208791208791,0.0550847457627119,0.0950391644908616,0.149154533787671,0,5.3,10.3
2015,REG+POST,00-0025418,G.Olsen,Greg Olsen,TE,TE,"https://static.www.nfl.com/image/private/f_auto,q_auto/league/jevf1bubmrv2vvmiwq3r",19,CAR,0,0,0,0,0,0,0,0,0,0,0,0,,0,,,0,0,0,0,0,0,,0,93,147,1335,8,1,1,1497,435,62,56.8292919934435,0,0.891783567134269,0.251712328767123,0.246014790468365,0.54977884647854,0,179.5,272.5
2015,REG+POST,00-0025430,D.Stanton,Drew Stanton,QB,QB,"https://static.www.nfl.com/image/private/f_auto,q_auto/league/di5hc0mwbomreqx7ojbu",6,ARI,11,25,104,0,2,2,8,0,0,319,26,6,-15.1522864884464,0,0.326018808777429,-0.0503997196468198,13,-13,0,0,0,0,-6.79536890308373,0,0,0,0,0,0,0,0,0,0,,0,,,,,0,-1.14,-1.14
2015,REG+POST,00-0025464,,Matt Spaeth,TE,TE,"https://static.www.nfl.com/image/private/f_auto,q_auto/league/wywcnns8be7rzlrwnjwh",4,PIT,0,0,0,0,0,0,0,0,0,0,0,0,,0,,,0,0,0,0,0,0,,0,3,4,11,0,0,0,12,10,1,-0.614448712731246,0,0.916666666666667,0.0245398773006135,0.0067720090293453,0.041550222271462,0,1.1,4.1
2015,REG+POST,00-0025465,,James Jones,WR,WR,,18,GB,0,0,0,0,0,0,0,0,0,0,0,0,,0,,,0,0,0,0,0,0,,0,57,112,971,8,1,0,1694,233,42,30.4425886353144,2,0.573199527744982,0.174726989079563,0.310540788267644,0.479469035406696,0,149.1,206.1
2015,REG+POST,00-0025516,,Scott Chandler,TE,TE,"https://static.www.nfl.com/image/private/f_auto,q_auto/league/zktr2miqzub2buwa19x7",12,NE,0,0,0,0,0,0,0,0,0,0,0,0,,0,,,0,0,0,0,0,0,,0,23,42,259,4,0,0,429,72,14,10.6141523401947,0,0.603729603729604,0.0836653386454183,0.109915449654112,0.202438822726006,0,49.9,72.9
2015,REG+POST,00-0025549,B.Celek,Brent Celek,TE,TE,"https://static.www.nfl.com/image/private/f_auto,q_auto/league/mit6ahic4gkdhy1hkejt",12,PHI,0,0,0,0,0,0,0,0,0,0,0,0,,0,,,0,0,0,0,0,0,,0,27,35,398,3,1,0,299,169,21,22.0989213158027,0,1.33110367892977,0.0726141078838174,0.0987450462351387,0.178042694190323,0,57.8,84.8
2015,REG+POST,00-0025637,,Ahmad Bradshaw,RB,RB,"https://static.www.nfl.com/image/private/f_auto,q_auto/league/vlgcz2so2urjgowxz3tz",6,IND,0,0,0,0,0,0,0,0,0,0,0,0,,0,,,31,85,0,0,0,5,-7.0358359659497,0,10,14,64,3,0,0,11,54,5,4.45005715457955,0,5.81818181818182,0.0578512396694215,0.0059491617090319,0.0909412727004546,0,32.9,42.9
2015,REG+POST,00-0025708,M.Moore,Matt Moore,QB,QB,"https://static.www.nfl.com/image/private/f_auto,q_auto/league/h04zarfikqlgerdftbgp",1,MIA,1,1,14,0,0,0,0,0,0,5,9,1,1.98970692406874,0,2.8,,3,-2,0,0,0,0,-4.14882387977559,0,0,0,0,0,0,0,0,0,0,,0,,,,,0,0.36,0.36
2015,REG+POST,00-0026008,,Matthew Mulligan,TE,TE,"https://static.www.nfl.com/image/private/f_auto,q_auto/league/okuwvdnxk6weqzz3tglf",1,BUF,0,0,0,0,0,0,0,0,0,0,0,0,,0,,,0,0,0,0,0,0,,0,1,1,2,0,0,0,-1,3,0,-0.289080474060029,0,0.0,0.0333333333333333,-0.003831417624521,0.0473180076628353,0,0.2,1.2
2015,REG+POST,00-0026019,D.Woodhead,Danny Woodhead,RB,RB,"https://static.www.nfl.com/image/private/f_auto,q_auto/league/gorlqe0etvc8ek5wob7j",16,LAC,0,0,0,0,0,0,0,0,0,0,0,0,,0,,,98,336,3,0,0,21,-14.0991638717349,0,80,106,755,6,0,0,79,713,39,12.5497711849399,0,9.55696202531646,0.160849772382398,0.0170773886727194,0.2532288306445,0,163.1,243.1
2015,REG+POST,00-0026035,D.Amendola,Danny Amendola,WR,WR,"https://static.www.nfl.com/image/private/f_auto,q_auto/league/etz06w7s0ardf49mnayz",16,NE,1,1,36,0,0,0,0,0,0,7,29,1,3.12903063558042,0,5.14285714285714,,2,11,0,0,0,0,0.369487597374246,0,72,98,705,3,0,0,643,286,34,16.0097881851349,0,1.09642301710731,0.151234567901235,0.129376257545272,0.317415232133542,0,91.04,163.04
2015,REG+POST,00-0026069,M.Tolbert,Mike Tolbert,FB,RB,"https://static.www.nfl.com/image/private/f_auto,q_auto/league/frwhwdhbcteyg7xjha7a",19,CAR,0,0,0,0,0,0,0,0,0,0,0,0,,0,,,77,295,1,2,1,18,-9.32377251104905,0,19,26,168,3,0,0,31,147,9,7.81160886277537,1,5.41935483870968,0.0571428571428571,0.0070954451819638,0.0906810973416604,0,70.3,89.3
2015,REG+POST,00-0026143,M.Ryan,Matt Ryan,QB,QB,"https://static.www.nfl.com/image/private/f_auto,q_auto/league/s6zam4ekrrnonsck6vak",16,ATL,407,614,4591,21,16,30,206,8,3,4741,1835,229,79.6613424319076,1,0.968361105252056,0.0957746609148208,36,63,0,3,2,8,-32.1199242253206,0,0,0,0,0,0,0,0,0,0,,0,,,,,0,233.94,233.94
2015,REG+POST,00-0026144,D.McFadden,Darren McFadden,RB,RB,"https://static.www.nfl.com/image/private/f_auto,q_auto/league/bfvionxxsfckmjqtw4kv",16,DAL,0,1,0,0,0,0,0,0,0,18,0,0,-0.360914252931252,0,0.0,,239,1089,3,3,2,52,-13.1756081658274,0,40,53,328,0,0,0,-4,317,12,-10.1604168496262,1,-82.0,0.113490364025696,-0.0011865915158706,0.169404931977434,0,157.7,197.7
2015,REG+POST,00-0026153,J.Stewart,Jonathan Stewart,RB,RB,"https://static.www.nfl.com/image/private/f_auto,q_auto/league/dzvxfj3xrgnzc3jbag2n",16,CAR,0,0,0,0,0,0,0,0,0,0,0,0,,0,,,292,1207,9,3,2,52,-16.1741440039548,0,20,26,108,1,0,0,-8,119,5,0.396390092258481,0,-13.5,0.0590909090909091,-0.0019056693663649,0.0873023950799082,0,187.5,207.5
2015,REG+POST,00-0026158,J.Flacco,Joe Flacco,QB,QB,"https://static.www.nfl.com/image/upload/f_auto,q_auto/league/yxvyoeojkif7tnfviamc",10,BAL,266,413,2791,14,12,16,124,2,2,3039,1487,123,6.08736031458182,1,0.918394208621257,0.0548172007414218,13,23,3,3,0,6,-2.66000136366347,0,0,0,0,0,0,0,0,0,0,,0,,,,,0,161.94,161.94
2015,REG+POST,00-0026164,C.Johnson,Chris Johnson,RB,RB,"https://static.www.nfl.com/image/private/f_auto,q_auto/league/ryf9nc84eovvdbf0cz79",11,ARI,0,0,0,0,0,0,0,0,0,0,0,0,,0,,,196,814,3,2,2,31,-22.2800945531344,0,6,13,58,0,0,0,39,63,1,-3.07961965934373,0,1.48717948717949,0.0452961672473868,0.0163727959697733,0.0794052080499214,0,101.2,107.2
2015,REG+POST,00-0026182,,Eddie Royal,WR,WR,"https://static.www.nfl.com/image/private/f_auto,q_auto/league/xoejgvlit9inmaazsvk4",9,CHI,0,0,0,0,0,0,0,0,0,0,0,0,,0,,,1,-1,0,0,0,0,-0.701069402275607,0,37,50,238,1,0,0,186,177,9,-7.13922879976783,0,1.27956989247312,0.169491525423729,0.0779220779220779,0.308782742681048,0,29.7,66.7
2015,REG+POST,00-0026184,M.Forte,Matt Forte,RB,RB,"https://static.www.nfl.com/image/private/f_auto,q_auto/league/olqssssjykcx7tx7xsy3",13,CHI,0,0,0,0,0,0,0,0,0,0,0,0,,0,,,218,898,4,1,1,46,-15.7296146593222,0,44,58,389,3,1,0,112,351,17,4.89723596218281,1,3.47321428571429,0.136470588235294,0.032165422171166,0.227221677872757,0,170.7,214.7
2015,REG+POST,00-0026186,,Jerome Simpson,WR,WR,,5,SF,0,0,0,0,0,0,0,0,0,0,0,0,,0,,,0,0,0,0,0,0,,0,5,19,54,1,0,0,269,16,4,-16.8920399751323,0,0.200743494423792,0.104972375690608,0.200596569724087,0.297876162342772,0,11.4,16.4
2015,REG+POST,00-0026189,D.Jackson,DeSean Jackson,WR,WR,"https://static.www.nfl.com/image/private/f_auto,q_auto/league/pr5m864fqvnoozihylrh",10,WAS,0,0,0,0,0,0,0,0,0,0,0,0,,0,,,0,0,0,0,0,0,,0,32,54,545,4,0,0,840,170,16,19.1352650687549,0,0.648809523809524,0.160237388724036,0.295151089248068,0.446961845559701,0,78.5,110.5
2015,REG+POST,00-0026201,M.Bennett,Martellus Bennett,TE,TE,"https://static.www.nfl.com/image/private/f_auto,q_auto/league/repls3tq1d4jnvwmaqia",11,CHI,0,0,0,0,0,0,0,0,0,0,0,0,,0,,,0,0,0,0,0,0,,0,53,80,439,3,2,0,451,228,24,-1.42529403738433,0,0.973392461197339,0.215633423180593,0.147145187601958,0.42645176609226,0,61.9,114.9
2015,REG+POST,00-0026213,J.Charles,Jamaal Charles,RB,RB,"https://static.www.nfl.com/image/private/f_auto,q_auto/league/mdrlzgankwwjldxllgcx",5,KC,0,0,0,0,0,0,0,0,0,0,0,0,,0,,,71,364,4,2,1,21,1.8947599271778,0,21,30,177,1,1,1,-16,205,10,0.488891271958112,0,-11.0625,0.177514792899408,-0.0158415841584158,0.255183080438221,0,80.1,101.1
2015,REG+POST,00-0026224,H.Douglas,Harry Douglas,WR,WR,"https://static.www.nfl.com/image/private/f_auto,q_auto/league/hblmz1iaov5vqx7cd9cv",14,TEN,0,0,0,0,0,0,0,0,0,0,0,0,,0,,,1,-6,0,0,0,0,0.0417588452401105,0,36,72,411,2,0,0,867,130,22,1.34385876947827,0,0.474048442906574,0.150943396226415,0.200694444444444,0.366901205450734,0,52.5,88.5
2015,REG+POST,00-0026225,,Craig Stevens,TE,TE,,10,TEN,0,0,0,0,0,0,0,0,0,0,0,0,,0,,,0,0,0,0,0,0,,0,12,16,121,2,0,0,121,41,5,6.02711789122797,0,1.0,0.043956043956044,0.0411005434782609,0.0947044463688485,0,24.1,36.1
2015,REG+POST,00-0026237,,Andre Caldwell,WR,WR,,15,DEN,0,0,0,0,0,0,0,0,0,0,0,0,,0,,,1,3,0,0,0,1,0.57209259935189,0,13,26,108,2,0,0,264,20,6,-7.75904336143867,0,0.409090909090909,0.0495238095238095,0.0595130748422002,0.115944866675254,0,23.1,36.1
2015,REG+POST,00-0026267,,Jacob Tamme,TE,TE,"https://static.www.nfl.com/image/private/f_auto,q_auto/league/kfyqh9qmtwufzixwuoo2",15,ATL,0,0,0,0,0,0,0,0,0,0,0,0,,0,,,0,0,0,0,0,0,,0,59,81,657,1,0,0,640,196,31,15.2691470003912,0,1.0265625,0.13728813559322,0.137723262319776,0.302338487013674,0,71.7,130.7
2015,REG+POST,00-0026281,,Gary Barnidge,TE,TE,"https://static.www.nfl.com/image/private/f_auto,q_auto/league/qhfzxti66ga02dok4etx",16,CLE,0,0,0,0,0,0,0,0,0,0,0,0,,0,,,0,0,0,0,0,0,,0,79,125,1043,9,0,0,1201,363,52,42.6991132849877,0,0.868442964196503,0.207986688851913,0.248551324503311,0.485965960430188,0,158.3,237.3
2015,REG+POST,00-0026286,,Jerome Felton,FB,RB,"https://static.www.nfl.com/image/private/f_auto,q_auto/league/mkg1584egfz8psc6gca7",3,BUF,0,0,0,0,0,0,0,0,0,0,0,0,,0,,,1,2,0,0,0,1,-0.146631977986544,0,1,2,12,0,0,0,4,8,0,-0.526869897497818,0,3.0,0.0350877192982456,0.0095923261390887,0.0593462072447305,0,1.4,2.4
2015,REG+POST,00-0026289,T.Hightower,Tim Hightower,RB,RB,"https://static.www.nfl.com/image/private/f_auto,q_auto/league/azokebvu5bctrltqy38r",6,NO,0,0,0,0,0,0,0,0,0,0,0,0,,0,,,96,375,4,0,0,25,-5.76738243807075,0,12,13,129,0,0,0,2,134,7,4.83419660275104,0,64.5,0.0760233918128655,0.0013840830449827,0.115003945850786,0,74.4,86.4
2015,REG+POST,00-0026293,M.Slater,Matt Slater,WR,WR,"https://static.www.nfl.com/image/private/f_auto,q_auto/league/cs1ojdzhxjuanbw6vflv",1,NE,0,0,0,0,0,0,0,0,0,0,0,0,,0,,,0,0,0,0,0,0,,0,0,1,0,0,0,0,34,0,0,0.695688337205438,0,0.0,0.037037037037037,0.222222222222222,0.211111111111111,0,0.0,0.0
2015,REG+POST,00-0026298,,Kellen Davis,TE,TE,"https://static.www.nfl.com/image/private/f_auto,q_auto/league/bftuje5hq6fnlmpc0uhy",8,NYJ,0,0,0,0,0,0,0,0,0,0,0,0,,0,,,0,0,0,0,0,0,,0,3,11,18,1,0,0,88,10,2,-4.62490258330945,0,0.204545454545455,0.0379310344827586,0.0351017151974471,0.0814677523623509,0,7.8,10.8
2015,REG+POST,00-0026345,P.Garcon,Pierre Garcon,WR,WR,"https://static.www.nfl.com/image/private/f_auto,q_auto/league/xwjogot7xrfj9qwhsgtn",17,WAS,0,0,0,0,0,0,0,0,0,0,0,0,,0,,,0,0,0,0,0,0,,0,77,119,847,6,0,0,1273,183,47,28.8052286590919,0,0.665357423409269,0.198003327787022,0.26301652892562,0.481116561928466,0,120.7,197.7
2015,REG+POST,00-0026364,,Steve Johnson,WR,WR,"https://static.www.nfl.com/image/private/f_auto,q_auto/league/vlyzq1v53slatimy6v5q",9,LAC,0,0,0,0,0,0,0,0,0,0,0,0,,0,,,0,0,0,0,0,0,,0,45,65,497,3,1,0,378,265,29,12.2378587282373,0,1.31481481481482,0.185185185185185,0.164490861618799,0.392921380910937,0,67.7,112.7
2015,REG+POST,00-0026373,,Justin Forsett,RB,RB,"https://static.www.nfl.com/image/private/f_auto,q_auto/league/o86dvbcs8dcubcpj6fnu",10,BAL,0,0,0,0,0,0,0,0,0,0,0,0,,0,,,151,641,2,0,0,41,-12.3651862622551,0,31,41,153,0,0,0,21,140,4,-4.91983984661056,0,7.28571428571429,0.112021857923497,0.0074626865671641,0.173256667482261,0,91.4,122.4
2015,REG+POST,00-0026393,M.Reece,Marcel Reece,FB,RB,"https://static.www.nfl.com/image/private/f_auto,q_auto/league/nqy3arwxgk4lwh3pfrr3",15,LV,0,0,0,0,0,0,0,0,0,0,0,0,,0,,,10,36,0,0,0,2,0.0991025596158579,0,30,37,269,3,0,0,101,217,12,3.81204361278189,0,2.66336633663366,0.0745967741935484,0.0267620561738209,0.130628600611997,0,48.5,78.5
2015,REG+POST,00-0026408,,Joe Reitz,OT,OL,"https://static.www.nfl.com/image/private/f_auto,q_auto/league/u3fi3sbxkclnconzxsyx",2,IND,0,0,0,0,0,0,0,0,0,0,0,0,,0,,,1,0,0,0,0,0,-1.82132168533281,0,0,1,0,0,0,0,10,0,0,-0.606163524964359,0,0.0,0.0285714285714286,0.026525198938992,0.0614247821144373,0,0.0,0.0
2015,REG+POST,00-0026498,M.Stafford,Matthew Stafford,QB,QB,"https://static.www.nfl.com/image/upload/f_auto,q_auto/league/xdlnnbapdbk8trxqlasu",16,DET,398,592,4262,32,13,44,251,3,2,3820,2413,223,25.5669386804947,0,1.11570680628272,0.0798161161918909,44,159,1,1,0,13,0.0495143076833862,0,1,1,-6,0,0,0,-7,1,0,-1.93818659405224,0,0.0,0.0222222222222222,-0.032258064516129,0.010752688172043,0,289.78,290.78
2015,REG+POST,00-0026544,C.Daniel,Chase Daniel,QB,QB,"https://static.www.nfl.com/image/private/f_auto,q_auto/league/jt8fvgeyuhsbpo9m9t4x",3,KC,2,2,4,0,0,0,0,0,0,0,4,1,0.638592039118521,0,0.0,,4,-4,0,0,0,0,-5.50617087987484,0,0,0,0,0,0,0,0,0,0,,0,,,,,0,-0.24,-0.24
2015,REG+POST,00-0026577,,Marcus Thigpen,WR,WR,"https://static.www.nfl.com/image/private/f_auto,q_auto/league/yjyhu6hejsynzkfiayqm",1,BUF,0,0,0,0,0,0,0,0,0,0,0,0,,0,,,1,-1,0,0,0,0,-0.931731611024588,0,0,0,0,0,0,0,0,0,0,,0,,,,,0,-0.1,-0.1
2015,REG+POST,00-0026578,C.Anderson,Colt Anderson,DB,DB,"https://static.www.nfl.com/image/private/f_auto,q_auto/league/rknpd9m4mm4aflc5k6ff",1,IND,0,0,0,0,0,0,0,0,0,0,0,0,,0,,,1,-1,0,0,0,0,-3.30359809822403,0,0,0,0,0,0,0,0,0,0,,0,,,,,0,-0.1,-0.1
2015,REG+POST,00-0026625,B.Hoyer,Brian Hoyer,QB,QB,"https://static.www.nfl.com/image/private/f_auto,q_auto/league/japt3mj2xctm7saqndxn",12,HOU,239,403,2742,19,11,28,209,8,3,3830,977,140,-11.3701651638855,0,0.715926892950392,0.0253711859986123,16,43,0,0,0,6,4.93128682760289,0,0,0,0,0,0,0,0,0,0,,0,,,,,0,161.98,161.98
2015,REG+POST,00-0026664,,Tim Masthay,P,SPEC,,1,GB,0,0,0,0,0,0,0,0,0,0,0,0,,0,,,1,7,0,0,0,1,2.55188379669562,0,0,0,0,0,0,0,0,0,0,,0,,,,,0,0.7,0.7
2015,REG+POST,00-0026739,,Jordan Norwood,WR,WR,"https://static.www.nfl.com/image/private/f_auto,q_auto/league/kdrgruvmcbm12bfluhna",13,DEN,0,0,0,0,0,0,0,0,0,0,0,0,,0,,,0,0,0,0,0,0,,0,25,40,233,0,0,0,360,77,13,-4.87555001914907,0,0.647222222222222,0.0813008130081301,0.0827015851137147,0.179842329091795,0,23.3,48.3
2015,REG+POST,00-0026796,,Arian Foster,RB,RB,,4,HOU,0,0,0,0,0,0,0,0,0,0,0,0,,0,,,63,163,1,2,1,11,-19.9261342527752,0,22,28,227,2,0,0,90,161,13,5.76529398768769,0,2.52222222222222,0.153005464480874,0.0484131253362023,0.263397384456653,0,55.0,77.0
2015,REG+POST,00-0026852,D.Young,Darrel Young,FB,RB,"https://static.www.nfl.com/image/private/f_auto,q_auto/league/znfzmkdrjpzxrhv8j0r7",9,WAS,0,0,0,0,0,0,0,0,0,0,0,0,,0,,,6,10,0,1,0,1,-1.95045131005463,0,6,6,22,0,0,0,2,20,0,-0.614518971997313,0,11.0,0.0324324324324324,0.0013717421124828,0.0496088681273867,0,3.2,9.2
2015,REG+POST,00-0026855,,Antone Smith,RB,RB,"https://static.www.nfl.com/image/private/f_auto,q_auto/league/m45j6r43nwv5bsy0ooyo",1,CHI,0,0,0,0,0,0,0,0,0,0,0,0,,0,,,1,11,0,0,0,1,0.682352687581442,0,0,0,0,0,0,0,0,0,0,,0,,,,,0,1.1,1.1
2015,REG+POST,00-0026898,M.Sanchez,Mark Sanchez,QB,QB,"https://static.www.nfl.com/image/private/f_auto,q_auto/league/e12qugcuc1cpgkf0crfn",3,PHI,59,91,616,4,4,9,54,1,1,538,317,29,-12.7142336023362,0,1.14498141263941,0.004828506637833,6,22,0,0,0,2,1.26539019448683,0,0,0,0,0,0,0,0,0,0,,0,,,,,0,32.84,32.84
2015,REG+POST,00-0026901,M.Wallace,Mike Wallace,WR,WR,"https://static.www.nfl.com/image/private/f_auto,q_auto/league/dy9z5wbsitf6l9psjq4y",16,MIN,0,0,0,0,0,0,0,0,0,0,0,0,,0,,,1,6,0,0,0,0,0.101652840850875,0,40,73,483,2,0,0,783,170,27,5.68146193493132,0,0.616858237547893,0.165909090909091,0.24309220738901,0.419028181535943,0,60.9,100.9
2015,REG+POST,00-0026957,D.Johnson,David Johnson,TE,TE,"https://static.www.nfl.com/image/private/f_auto,q_auto/league/td6y6zc2m3ifhcfd4yz9",4,LAC,0,0,0,0,0,0,0,0,0,0,0,0,,0,,,2,4,0,0,0,2,0.593333797063679,0,1,2,4,0,1,1,0,4,0,-7.80608824494993,0,0.0,0.0232558139534884,,,0,-1.2,-0.2
2015,REG+POST,00-0026983,D.Heyward-Bey,Darrius Heyward-Bey,WR,WR,"https://static.www.nfl.com/image/private/f_auto,q_auto/league/d5otkkbb0z2rdd2bjatd",13,PIT,0,0,0,0,0,0,0,0,0,0,0,0,,0,,,0,0,0,0,0,0,,0,23,43,378,2,0,0,773,99,12,10.1419316558777,0,0.489003880983182,0.0975056689342404,0.174649796656123,0.268513361060647,0,49.8,72.8
2015,REG+POST,00-0026986,M.Crabtree,Michael Crabtree,WR,WR,"https://static.www.nfl.com/image/private/f_auto,q_auto/league/kcavcmeyaion38ewxwyk",16,LV,0,0,0,0,0,0,0,0,0,0,0,0,,0,,,0,0,0,0,0,0,,0,85,146,922,9,1,0,1440,263,45,25.5341333765352,0,0.640277777777778,0.242928452579035,0.304955527318933,0.577861547991805,0,146.2,231.2
2015,REG+POST,00-0026993,,Josh Freeman,QB,QB,"https://static.www.nfl.com/image/private/f_auto,q_auto/league/cwcasm6m73fx1mjpjk3n",1,IND,15,28,149,1,1,1,7,0,0,201,67,7,-5.43483854935449,0,0.741293532338308,-0.0359602959513975,8,24,0,0,0,3,0.0850655910937139,0,0,0,0,0,0,0,0,0,0,,0,,,,,0,10.36,10.36
2015,REG+POST,00-0026995,J.Maclin,Jeremy Maclin,WR,WR,"https://static.www.nfl.com/image/private/f_auto,q_auto/league/tvlsuugnbn0idb0tbtgw",17,KC,0,0,0,0,0,1,3,0,0,0,0,0,-1.10161064867862,0,,,3,14,0,0,0,1,-0.540502657589968,0,92,131,1140,8,2,1,1397,325,52,49.055802993809,0,0.816034359341446,0.261477045908184,0.403873952009251,0.674927335268751,0,161.4,253.4
2015,REG+POST,00-0026996,,Brandon Pettigrew,TE,TE,,7,DET,0,0,0,0,0,0,0,0,0,0,0,0,,0,,,0,0,0,0,0,0,,0,7,15,67,1,0,0,68,38,4,-3.94021333521232,0,0.985294117647059,0.0519031141868512,0.0401653868871825,0.105970442101305,0,12.7,19.7
2015,REG+POST,00-0026998,,Percy Harvin,WR,WR,"https://static.www.nfl.com/image/private/f_auto,q_auto/league/ly7xvqfvoehf5jqrzzcq",5,BUF,0,0,0,0,0,0,0,0,0,0,0,0,,0,,,5,31,0,0,0,2,-0.0453748664003797,0,19,30,218,1,1,0,354,83,10,7.69736354083888,0,0.615819209039548,0.217391304347826,0.274631497284717,0.518329004621041,0,30.9,49.9
2015,REG+POST,00-0027003,,Donald Brown,RB,RB,,6,LAC,0,0,0,0,0,0,0,0,0,0,0,0,,0,,,59,229,1,0,0,12,-7.83604635065422,0,8,13,88,0,1,0,-36,110,2,2.59597782895435,0,-2.44444444444444,0.0663265306122449,-0.0281910728269381,0.0797560449395107,0,37.7,45.7
2015,REG+POST,00-0027005,,Hakeem Nicks,WR,WR,"https://static.www.nfl.com/image/private/f_auto,q_auto/league/nbgeeeuhd0n4zrctfxce",6,NYG,0,0,0,0,0,0,0,0,0,0,0,0,,0,,,0,0,0,0,0,0,,0,7,14,54,0,0,0,150,22,2,-11.6559519959882,0,0.36,0.0590717299578059,0.0800854244527496,0.144667392053634,0,5.4,12.4
2015,REG+POST,00-0027006,K.Britt,Kenny Britt,WR,WR,"https://static.www.nfl.com/image/private/f_auto,q_auto/league/joozpvuyykyxjogcg3r5",16,LA,0,0,0,0,0,0,0,0,0,0,0,0,,0,,,0,0,0,0,0,0,,0,36,72,681,3,0,0,1153,118,29,8.97485684832818,0,0.590633130962706,0.153846153846154,0.303740779768177,0.443387776606955,0,86.1,122.1
2015,REG+POST,00-0027029,L.McCoy,LeSean McCoy,RB,RB,"https://static.www.nfl.com/image/private/f_auto,q_auto/league/cpc1a2dgivdyevuncz7p",12,BUF,0,0,0,0,0,0,0,0,0,0,0,0,,0,,,203,895,3,1,1,42,-12.0932451843983,1,32,50,292,2,1,1,89,286,12,2.97281944938309,0,3.28089887640449,0.140449438202247,0.0239183015318463,0.227416968375663,0,146.7,178.7
2015,REG+POST,00-0027057,B.Tate,Brandon Tate,WR,WR,"https://static.www.nfl.com/image/private/f_auto,q_auto/league/uzpf58ijo44jfqakwv83",3,CIN,0,0,0,0,0,0,0,0,0,0,0,0,,0,,,0,0,0,0,0,0,,0,2,3,59,1,0,0,59,10,1,2.73419606289826,0,1.0,0.0422535211267606,0.0907692307692308,0.126918743228602,0,11.9,13.9
2015,REG+POST,00-0027061,J.Cook,Jared Cook,TE,TE,"https://static.www.nfl.com/image/private/f_auto,q_auto/league/cthoenebptadlu4g928v",16,LA,0,0,0,0,0,0,0,0,0,0,0,0,,0,,,0,0,0,0,0,0,,0,39,75,481,0,2,1,636,200,19,-18.7519045306951,1,0.756289308176101,0.16025641025641,0.16754478398314,0.357665964172814,0,48.1,87.1
2015,REG+POST,00-0027069,,Chase Coffman,TE,TE,,3,SEA,0,0,0,0,0,0,0,0,0,0,0,0,,0,,,0,0,0,0,0,0,,0,8,14,71,1,0,0,96,21,5,-0.756012652207597,0,0.739583333333333,0.147368421052632,0.101052631578947,0.291789473684211,0,13.1,21.1
2015,REG+POST,00-0027077,,Brian Hartline,WR,WR,"https://static.www.nfl.com/image/private/f_auto,q_auto/league/vuqaw5utqkgyqtp7hwbu",12,CLE,0,0,0,0,0,0,0,0,0,0,0,0,,0,,,0,0,0,0,0,0,,0,46,77,523,2,1,0,719,166,30,15.1408337973943,0,0.72739916550765,0.166666666666667,0.194219340896813,0.385953538627769,0,64.3,110.3
2015,REG+POST,00-0027089,L.Murphy,Louis Murphy,WR,WR,"https://static.www.nfl.com/image/private/f_auto,q_auto/league/rivj8wgktddc22qdtpsn",5,TB,0,0,0,0,0,0,0,0,0,0,0,0,,0,,,0,0,0,0,0,0,,0,10,18,198,0,0,0,255,37,6,7.55112327649589,0,0.776470588235294,0.113924050632911,0.175740868366644,0.293904683806018,0,19.8,29.8
2015,REG+POST,00-0027125,Z.Miller,Zach Miller,TE,TE,"https://static.www.nfl.com/image/private/f_auto,q_auto/league/ghvzkuugli86zstauzvr",12,CHI,0,0,0,0,0,0,0,0,0,0,0,0,,0,,,0,0,0,0,0,0,,0,34,46,439,5,0,0,312,222,17,23.8717043688369,0,1.40705128205128,0.121372031662269,0.100645161290323,0.25250966039663,0,73.9,107.9
2015,REG+POST,00-0027135,,Brandon Myers,TE,TE,"https://static.www.nfl.com/image/private/f_auto,q_auto/league/tzyfv93n3bgtbmywjczu",6,TB,0,0,0,0,0,0,0,0,0,0,0,0,,0,,,0,0,0,0,0,0,,0,12,17,127,0,0,0,161,22,7,-5.5761688144702,0,0.788819875776398,0.0899470899470899,0.086096256684492,0.195188014599779,0,12.7,24.7
2015,REG+POST,00-0027139,J.Phillips,John Phillips,TE,TE,"https://static.www.nfl.com/image/private/f_auto,q_auto/league/i1t7zl2f5t0wwj72yxj7",6,LAC,0,0,0,0,0,0,0,0,0,0,0,0,,0,,,0,0,0,0,0,0,,0,10,11,69,1,0,0,48,24,6,5.44370464904932,0,1.4375,0.044,0.0283520378027171,0.085846426461902,0,12.9,22.9
2015,REG+POST,00-0027145,,Pat McAfee,P,SPEC,"https://static.www.nfl.com/image/private/f_auto,q_auto/league/giz54xrdfqrdu9nezfee",1,IND,0,0,0,0,0,0,0,0,0,0,0,0,,0,,,1,18,0,0,0,1,3.74958629859611,0,0,0,0,0,0,0,0,0,0,,0,,,,,0,1.8,1.8
2015,REG+POST,00-0027150,J.Edelman,Julian Edelman,WR,WR,"https://static.www.nfl.com/image/private/f_auto,q_auto/league/u0hbuo2bsvtlg7lnxm43",11,NE,0,0,0,0,0,0,0,0,0,0,0,0,,0,,,4,34,0,0,0,4,4.39957027911441,0,78,117,845,7,1,1,856,351,46,27.6111316589319,0,0.98714953271028,0.251612903225806,0.247900376484217,0.550949618377661,0,127.9,205.9
2015,REG+POST,00-0027155,,Rashad Jennings,RB,RB,"https://static.www.nfl.com/image/private/f_auto,q_auto/league/r48elxgcxhdkfkazlqab",16,NYG,0,0,0,0,0,0,0,0,0,0,0,0,,0,,,195,863,3,1,1,40,-4.66906615921857,0,29,40,296,1,1,1,-16,310,8,6.92908980924403,0,-18.5,0.0676818950930626,-0.0037296037296037,0.0989121200288713,0,135.9,164.9
2015,REG+POST,00-0027218,,Joique Bell,RB,RB,"https://static.www.nfl.com/image/private/f_auto,q_auto/league/mpibe74w5hnraxk823vf",13,DET,0,0,0,0,0,0,0,0,0,0,0,0,,0,,,90,311,4,1,0,18,-3.1319395492028,0,22,27,286,0,0,0,11,305,10,13.6405884177657,0,26.0,0.0563674321503132,0.0045435770342833,0.0877316521494681,0,83.7,105.7
2015,REG+POST,00-0027321,J.Cumberland,Jeff Cumberland,TE,TE,"https://static.www.nfl.com/image/private/f_auto,q_auto/league/c87plzwz1aj8haowwxcq",5,NYJ,0,0,0,0,0,0,0,0,0,0,0,0,,0,,,0,0,0,0,0,0,,0,5,14,77,0,0,0,87,50,3,-2.05200728275705,0,0.885057471264368,0.0654205607476636,0.0499139414802065,0.13307060015764,0,7.7,12.7
2015,REG+POST,00-0027325,L.Blount,LeGarrette Blount,RB,RB,"https://static.www.nfl.com/image/private/f_auto,q_auto/league/s3eilto1yi0yhoamvvo3",12,NE,0,0,0,0,0,0,0,0,0,0,0,0,,0,,,165,703,6,1,0,37,-4.77880971023272,0,6,7,43,1,0,0,18,31,3,2.1697364403517,0,2.38888888888889,0.0358974358974359,0.0152671755725191,0.0645331767469172,0,116.6,122.6
2015,REG+POST,00-0027356,,Marlon Moore,WR,WR,,6,CLE,0,0,0,0,0,0,0,0,0,0,0,0,,0,,,0,0,0,0,0,0,,0,7,10,81,1,0,0,69,32,6,5.91896151559195,0,1.17391304347826,0.0446428571428571,0.0353483606557377,0.0917081381733021,0,14.1,21.1
2015,REG+POST,00-0027450,,Preston Parker,WR,WR,"https://static.www.nfl.com/image/private/f_auto,q_auto/league/uposmry1docri5fwr22y",2,NYG,0,0,0,0,0,0,0,0,0,0,0,0,,0,,,0,0,0,0,0,0,,0,5,12,40,0,0,0,87,29,1,-4.95164853611674,0,0.459770114942529,0.164383561643836,0.173306772908367,0.36789008350161,0,4.0,9.0
2015,REG+POST,00-0027531,C.Ivory,Chris Ivory,RB,RB,"https://static.www.nfl.com/image/private/f_auto,q_auto/league/wuhrkffigvt55hcqd4yw",15,NYJ,0,0,0,0,0,0,0,0,0,0,0,0,,0,,,247,1070,7,3,2,50,-33.92489365358,0,30,37,217,1,1,0,-85,275,9,6.56111970293568,0,-2.55294117647059,0.0728346456692913,-0.0196850393700787,0.0954724409448819,0,172.7,202.7
2015,REG+POST,00-0027539,A.Levine,Anthony Levine,SS,DB,"https://static.www.nfl.com/image/private/f_auto,q_auto/league/gew5y4jtrh2jd7guowwk",1,BAL,0,0,0,0,0,0,0,0,0,0,0,0,,0,,,1,3,0,1,0,1,2.6217931592837,0,0,0,0,0,0,0,0,0,0,,0,,,,,0,0.3,0.3
2015,REG+POST,00-0027547,M.Sherels,Marcus Sherels,CB,DB,"https://static.www.nfl.com/image/private/f_auto,q_auto/league/qgwd89z8jxh5o9ln6cmp",1,MIN,0,0,0,0,0,0,0,0,0,0,0,0,,0,,,0,0,0,0,0,0,,0,0,0,0,0,0,0,0,0,0,,0,,,,,1,6.0,6.0
2015,REG+POST,00-0027581,,Seyi Ajirotutu,WR,WR,"https://static.www.nfl.com/image/private/f_auto,q_auto/league/tmbglbojtv1psbkhejsg",2,PHI,0,0,0,0,0,0,0,0,0,0,0,0,,0,,,0,0,0,0,0,0,,0,1,3,4,0,0,0,72,0,0,-1.35500958561897,0,0.0555555555555556,0.046875,0.123924268502582,0.157059487951807,0,0.4,1.4
2015,REG+POST,00-0027595,,Bryan Walters,WR,WR,,11,JAX,0,1,0,0,0,0,0,0,0,26,0,0,-0.460090790758841,0,0.0,,0,0,0,0,0,0,,0,32,45,368,1,0,0,359,122,20,25.1169899172393,0,1.02506963788301,0.1036866359447,0.0906108026249369,0.218957515754507,0,42.8,74.8
2015,REG+POST,00-0027651,,Dexter McCluster,WR,WR,"https://static.www.nfl.com/image/private/f_auto,q_auto/league/vawlifwslfzekg0e35ig",11,TEN,0,0,0,0,0,0,0,0,0,0,0,0,,0,,,55,247,1,1,1,6,-8.5481698692083,0,31,41,260,1,1,1,124,195,12,-3.07227374136949,1,2.09677419354839,0.115819209039548,0.0388958594730238,0.200955915190439,0,60.7,91.7
2015,REG+POST,00-0027656,R.Gronkowski,Rob Gronkowski,TE,TE,"https://static.www.nfl.com/image/private/f_auto,q_auto/league/svpo7chliiymc0r7hegp",17,NE,0,0,0,0,0,0,0,0,0,0,0,0,,0,,,0,0,0,0,0,0,,0,87,143,1403,14,0,0,1423,636,62,75.4719479641169,0,0.985945186226282,0.215037593984962,0.27984267453294,0.518446263150502,0,224.3,311.3
2015,REG+POST,00-0027659,,Jimmy Clausen,QB,QB,"https://static.www.nfl.com/image/private/f_auto,q_auto/league/n5lf1tlpkvtck2j24krd",4,BAL,72,125,739,2,4,7,38,0,0,1095,294,32,-35.7227474250296,0,0.674885844748859,0.0027142549655704,11,36,0,1,0,1,-2.81588273089432,0,0,0,0,0,0,0,0,0,0,,0,,,,,0,33.16,33.16
2015,REG+POST,00-0027675,E.Dickson,Ed Dickson,TE,TE,"https://static.www.nfl.com/image/private/f_auto,q_auto/league/qtxat8xwaclkqfkj5lrq",14,CAR,0,0,0,0,0,0,0,0,0,0,0,0,,0,,,0,0,0,0,0,0,,0,19,30,143,2,0,0,233,67,12,-0.538330161844942,0,0.613733905579399,0.0740740740740741,0.0565808644973288,0.150717716259241,0,26.3,45.3
2015,REG+POST,00-0027681,B.LaFell,Brandon LaFell,WR,WR,"https://static.www.nfl.com/image/private/f_auto,q_auto/league/x4wifb5arw0neuwg1cch",12,NE,0,0,0,0,0,0,0,0,0,0,0,0,,0,,,2,9,0,0,0,0,0.0192954624071717,0,40,79,521,0,0,0,1015,230,23,-3.05833502311207,0,0.513300492610838,0.168443496801706,0.261126833033188,0.43545402832579,0,53.0,93.0
2015,REG+POST,00-0027685,E.Sanders,Emmanuel Sanders,WR,WR,"https://static.www.nfl.com/image/private/f_auto,q_auto/league/potkibjtm855tsawozs0",18,DEN,0,0,0,0,0,0,0,0,0,0,0,0,,0,,,3,29,0,0,0,1,-1.95224829565268,0,92,161,1365,6,1,1,2222,433,62,42.8415211848957,0,0.614311431143114,0.241017964071856,0.358444910469431,0.612438383436386,0,173.4,265.4
2015,REG+POST,00-0027688,C.McCoy,Colt McCoy,QB,QB,"https://static.www.nfl.com/image/private/f_auto,q_auto/league/mvcoi7f6thyudufnh0dx",1,WAS,7,11,128,1,0,1,13,1,0,91,81,4,6.69045098271983,0,1.40659340659341,0.234015343143155,3,-3,0,0,0,0,-3.04419575497741,0,0,0,0,0,0,0,0,0,0,,0,,,,,0,8.82,8.82
2015,REG+POST,00-0027690,E.Decker,Eric Decker,WR,WR,"https://static.www.nfl.com/image/private/f_auto,q_auto/league/jg5ftnvxz4jdiajzeoyn",15,NYJ,0,0,0,0,0,0,0,0,0,0,0,0,,0,,,0,0,0,0,0,0,,0,80,132,1027,12,1,1,1520,214,60,56.3922916862699,0,0.675657894736842,0.242647058823529,0.301587301587302,0.575081699346405,0,172.7,252.7
2015,REG+POST,00-0027691,A.Roberts,Andre Roberts,WR,WR,"https://static.www.nfl.com/image/private/f_auto,q_auto/league/hjoyjewh7knoafxt4k93",8,WAS,0,0,0,0,0,0,0,0,0,0,0,0,,0,,,0,0,0,0,0,0,,0,11,21,135,0,0,0,246,38,5,-1.30696752752505,0,0.548780487804878,0.0807692307692308,0.111111111111111,0.198931623931624,1,19.5,30.5
2015,REG+POST,00-0027695,,Tony Moeaki,TE,TE,,3,ATL,0,0,0,0,0,0,0,0,0,0,0,0,,0,,,0,0,0,0,0,0,,0,3,5,58,1,0,0,12,53,3,3.77823233982781,0,4.83333333333333,0.0458715596330275,0.0134680134680135,0.0782349488771507,0,11.8,14.8
2015,REG+POST,00-0027696,J.Graham,Jimmy Graham,TE,TE,"https://static.www.nfl.com/image/private/f_auto,q_auto/league/h7xs06oj6g03mippwtse",11,SEA,0,0,0,0,0,0,0,0,0,0,0,0,,0,,,0,0,0,0,0,0,,0,48,74,605,2,0,0,676,220,29,25.5235111004694,0,0.894970414201183,0.238709677419355,0.249446494464945,0.532677062254494,0,72.5,120.5
2015,REG+POST,00-0027708,,Marcus Easley,WR,WR,"https://static.www.nfl.com/image/private/f_auto,q_auto/league/lkfgdzlivzsgnbotnnpr",3,BUF,0,0,0,0,0,0,0,0,0,0,0,0,,0,,,0,0,0,0,0,0,,0,1,3,58,1,0,0,74,16,1,5.01790115667973,0,0.783783783783784,0.027027027027027,0.0683918669131239,0.0884148473797272,0,11.8,12.8
2015,REG+POST,00-0027718,,Garrett Graham,TE,TE,,7,HOU,0,0,0,0,0,0,0,0,0,0,0,0,,0,,,0,0,0,0,0,0,,0,4,19,30,1,0,0,206,9,1,-9.44984768211143,0,0.145631067961165,0.0588235294117647,0.0667530784186649,0.134962449010713,0,9.0,13.0
2015,REG+POST,00-0027725,C.Harbor,Clay Harbor,TE,TE,"https://static.www.nfl.com/image/private/f_auto,q_auto/league/spuxscdmedvqosq5yrho",8,JAX,0,0,0,0,0,0,0,0,0,0,0,0,,0,,,0,0,0,0,0,0,,0,14,20,149,1,0,0,117,56,9,3.40624408004805,1,1.27350427350427,0.0675675675675676,0.0523489932885906,0.137995646653365,0,22.9,36.9
2015,REG+POST,00-0027732,M.Hoomanawanui,Michael Hoomanawanui,TE,TE,"https://static.www.nfl.com/image/private/f_auto,q_auto/league/fgfwj67pbxmp1bpjm7ti",10,NO,0,0,0,0,0,0,0,0,0,0,0,0,,0,,,1,0,0,0,0,0,-0.411377123178681,0,11,16,76,3,1,1,77,25,4,-2.43876096222084,0,0.987012987012987,0.0424403183023873,0.0235979160281949,0.0801790186733173,0,23.6,34.6
2015,REG+POST,00-0027753,,Andrew Quarless,TE,TE,,3,GB,0,0,0,0,0,0,0,0,0,0,0,0,,0,,,0,0,0,0,0,0,,0,4,5,31,0,0,0,30,9,1,2.09495135967154,0,1.03333333333333,0.0467289719626168,0.0319148936170213,0.0924338834758401,0,3.1,7.1
2015,REG+POST,00-0027758,,Riley Cooper,WR,WR,"https://static.www.nfl.com/image/private/f_auto,q_auto/league/vpongpty2wm06bsmm7hb",12,PHI,0,0,0,0,0,0,0,0,0,0,0,0,,0,,,0,0,0,0,0,0,,0,21,41,327,2,0,0,617,62,15,-8.70029482192243,0,0.529983792544571,0.0887445887445888,0.182328605200946,0.260746906757545,0,44.7,65.7
2015,REG+POST,00-0027772,,Anthony Dixon,RB,RB,"https://static.www.nfl.com/image/private/f_auto,q_auto/league/lvbgbxspmjn0xo1kw8g9",8,BUF,0,0,0,0,0,0,0,0,0,0,0,0,,0,,,21,44,1,0,0,5,-6.79222526317447,0,6,7,44,0,0,0,36,24,1,0.972095974721014,0,1.22222222222222,0.0804597701149425,0.0410490307867731,0.149423976723155,0,14.8,20.8
2015,REG+POST,00-0027791,,James Starks,RB,RB,"https://static.www.nfl.com/image/private/f_auto,q_auto/league/ohxqulg4xjfmbbkkltqj",18,GB,0,0,0,0,0,0,0,0,0,0,0,0,,0,,,167,677,3,4,2,36,-16.6991904850709,0,49,59,408,3,1,1,-88,521,16,4.10111117751257,0,-4.63636363636364,0.100169779286927,-0.0174880763116057,0.138013015512267,0,138.5,187.5
2015,REG+POST,00-0027793,A.Brown,Antonio Brown,WR,WR,"https://static.www.nfl.com/image/private/f_auto,q_auto/league/ecxsx9t7bfg42bgfwj3v",17,PIT,0,0,0,0,0,1,8,0,0,0,0,0,-1.4314061118057,0,,,3,28,0,0,0,1,1.95998468017206,0,143,205,1953,10,1,1,2203,680,88,62.3109181321377,2,0.886518384021789,0.330645161290323,0.362335526315789,0.749602610356537,1,266.1,409.1
2015,REG+POST,00-0027796,J.Webb,Joe Webb,QB,QB,"https://static.www.nfl.com/image/private/f_auto,q_auto/league/hjieero9ugbyu7n1629h",1,CAR,0,0,0,0,0,0,0,0,0,0,0,0,,0,,,1,-1,0,0,0,0,-0.794288407196291,0,0,0,0,0,0,0,0,0,0,,0,,,,,0,-0.1,-0.1
2015,REG+POST,00-0027816,,Marc Mariani,WR,WR,"https://static.www.nfl.com/image/private/f_auto,q_auto/league/jdhln1ulusmjybwdha4k",11,CHI,0,0,0,0,0,1,3,0,0,0,0,0,-1.46599563024938,0,,,0,0,0,0,0,0,,0,22,33,300,0,0,0,313,130,19,18.6889318411483,0,0.958466453674122,0.0891891891891892,0.0970843672456576,0.201742840855744,0,30.0,52.0
2015,REG+POST,00-0027825,J.Dray,Jim Dray,TE,TE,"https://static.www.nfl.com/image/private/f_auto,q_auto/league/p8pyujltnfdj3qnbh7yi",8,CLE,0,0,0,0,0,0,0,0,0,0,0,0,,0,,,0,0,0,0,0,0,,0,6,16,61,0,0,0,127,34,3,-0.521323847759049,0,0.480314960629921,0.0533333333333333,0.0541346973572037,0.117894288150043,0,6.1,12.1
2015,REG+POST,00-0027854,S.Bradford,Sam Bradford,QB,QB,"https://static.www.nfl.com/image/private/f_auto,q_auto/league/fizwrxzfdaw7v2vzzpn6",14,PHI,346,532,3725,19,14,28,200,6,1,3707,1938,164,4.10935518048941,0,1.00485567844618,0.0520097645558751,26,39,0,4,2,2,-23.7591711846762,0,0,0,0,0,0,0,0,0,0,,0,,,,,0,194.9,194.9
2015,REG+POST,00-0027861,C.Spiller,C.J. Spiller,RB,RB,"https://static.www.nfl.com/image/private/f_auto,q_auto/league/jqbnrdpq9c2nbchzntxt",13,NO,0,0,0,0,0,0,0,0,0,0,0,0,,0,,,36,112,0,1,0,5,-10.8373676943302,0,34,44,239,2,0,0,53,254,13,2.47504752964253,0,4.50943396226415,0.0819366852886406,0.0126250595521677,0.131742569619478,0,47.1,81.1
2015,REG+POST,00-0027862,T.Alualu,Tyson Alualu,NT,DL,"https://static.www.nfl.com/image/private/f_auto,q_auto/league/wz7lyukjawvr7xfdszmb",4,JAX,0,0,0,0,0,0,0,0,0,0,0,0,,0,,,1,0,0,0,0,0,-1.48746418138035,0,2,3,19,0,0,0,14,7,2,-0.681151239886787,0,1.35714285714286,0.0254237288135593,0.0134615384615385,0.0475586701434159,0,1.9,3.9
2015,REG+POST,00-0027864,,Ryan Mathews,RB,RB,"https://static.www.nfl.com/image/private/f_auto,q_auto/league/mai5izn84cdrvxlkwagb",13,PHI,0,0,0,0,0,0,0,0,0,0,0,0,,0,,,106,539,6,3,3,32,-6.47581694959504,0,20,28,146,1,0,0,23,152,5,-7.26856460426403,0,6.34782608695652,0.060475161987041,0.0089563862928348,0.096982213385546,0,104.5,124.5
2015,REG+POST,00-0027869,M.Iupati,Mike Iupati,G,OL,"https://static.www.nfl.com/image/private/f_auto,q_auto/league/g86wdftsz8refubqztyk",1,ARI,0,0,0,0,0,0,0,0,0,0,0,0,,0,,,0,0,0,0,0,0,,0,1,1,10,0,0,0,3,7,1,0.630820178543218,0,3.33333333333333,0.0285714285714286,0.009375,0.0494196428571429,0,1.0,2.0
2015,REG+POST,00-0027873,J.Gresham,Jermaine Gresham,TE,TE,"https://static.www.nfl.com/image/private/f_auto,q_auto/league/higvmot083ues41wbdgi",13,ARI,0,0,0,0,0,0,0,0,0,0,0,0,,0,,,0,0,0,0,0,0,,0,18,32,223,1,0,0,260,74,13,4.59993925444984,0,0.857692307692308,0.0706401766004415,0.0532786885245902,0.143255346867875,0,28.3,46.3
2015,REG+POST,00-0027874,D.Thomas,Demaryius Thomas,WR,WR,"https://static.www.nfl.com/image/private/f_auto,q_auto/league/p1yjsqtqimjd6iazu3h9",19,DEN,0,0,0,0,0,0,0,0,0,0,0,0,,0,,,0,0,0,0,0,0,,0,112,198,1364,6,2,2,2106,496,67,-3.35444953446673,1,0.647673314339981,0.284892086330935,0.329990598558446,0.658331548487315,0,170.4,282.4
2015,REG+POST,00-0027888,,Toby Gerhart,RB,RB,"https://static.www.nfl.com/image/private/f_auto,q_auto/league/pne2o7x8dw3cngbahihv",5,JAX,0,0,0,0,0,0,0,0,0,0,0,0,,0,,,20,44,0,0,0,3,-8.80415757227456,0,3,5,23,0,0,0,7,23,1,0.120089678908698,0,3.28571428571429,0.0588235294117647,0.0085679314565483,0.0942328461372309,0,6.7,9.7
2015,REG+POST,00-0027891,G.Tate,Golden Tate,WR,WR,"https://static.www.nfl.com/image/private/f_auto,q_auto/league/yfqebrp2o9t1gt1wqjku",16,DET,0,0,0,0,0,0,0,0,0,0,0,0,,0,,,6,41,0,0,0,3,0.328912718221545,0,90,128,813,6,1,1,758,533,50,15.3181927847307,0,1.07255936675462,0.205787781350482,0.184878048780488,0.438096306172065,0,119.4,209.4
2015,REG+POST,00-0027902,D.Bryant,Dez Bryant,WR,WR,"https://static.www.nfl.com/image/private/f_auto,q_auto/league/jmggujwkiv7osgkhhnhl",9,DAL,0,0,0,0,0,0,0,0,0,0,0,0,,0,,,0,0,0,0,0,0,,0,31,72,401,3,0,0,945,131,18,-13.4103936974644,0,0.424338624338624,0.249134948096886,0.421310744538564,0.668619943322324,0,58.1,89.1
2015,REG+POST,00-0027905,,Will Tukuafu,FB,RB,"https://static.www.nfl.com/image/private/f_auto,q_auto/league/szb9kincx0nhxnwxxmcj",4,SEA,0,0,0,0,0,0,0,0,0,0,0,0,,0,,,4,1,1,1,1,3,-6.50670465169242,0,1,1,7,1,0,0,2,5,1,2.18902224890189,0,3.5,0.03125,0.0075187969924812,0.0521381578947368,0,10.8,11.8
2015,REG+POST,00-0027917,,Tyler Clutts,FB,RB,"https://static.www.nfl.com/image/private/f_auto,q_auto/league/a1knpd9e7x4pxech8xhg",1,DAL,0,0,0,0,0,0,0,0,0,0,0,0,,0,,,0,0,0,0,0,0,,0,1,1,4,0,0,0,-1,5,0,-0.135255077038892,0,-4.0,0.0384615384615385,-0.003831417624521,0.0550103153551429,0,0.4,1.4
2015,REG+POST,00-0027918,,Andrew Hawkins,WR,WR,,8,CLE,0,0,0,0,0,0,0,0,0,0,0,0,,0,,,0,0,0,0,0,0,,0,27,43,276,0,1,1,302,127,10,1.14059342991095,1,0.913907284768212,0.140065146579805,0.12463887742468,0.297344934066983,0,27.6,54.6
2015,REG+POST,00-0027939,C.Newton,Cam Newton,QB,QB,"https://static.www.nfl.com/image/private/f_auto,q_auto/league/zwmgw2gmnn2kch4nquft",19,CAR,349,586,4598,38,12,41,369,3,3,6050,1785,228,93.2979189614052,1,0.76,0.107619176049077,159,731,12,4,3,65,29.5897937205187,0,0,0,0,0,0,0,0,0,0,,0,,,,,0,447.02,447.02
2015,REG+POST,00-0027942,A.Green,A.J. Green,WR,WR,"https://static.www.nfl.com/image/private/f_auto,q_auto/league/guj5a9vnnzqfiljupzuj",17,CIN,0,0,0,0,0,0,0,0,0,0,0,0,,0,,,0,0,0,0,0,0,,0,91,140,1368,11,1,1,1840,346,66,81.1110473774243,0,0.743478260869565,0.262172284644195,0.391822827938671,0.667534406523362,0,200.8,291.8
2015,REG+POST,00-0027944,J.Jones,Julio Jones,WR,WR,"https://static.www.nfl.com/image/upload/f_auto,q_auto/league/omrddf2phtyztzx2nup1",16,ATL,0,0,0,0,0,0,0,0,0,0,0,0,,0,,,0,0,0,0,0,0,,0,136,203,1871,8,3,1,2061,641,93,82.9326195408232,0,0.907811741872877,0.329011345218801,0.431171548117155,0.795337101510209,0,233.1,369.1
2015,REG+POST,00-0027948,B.Gabbert,Blaine Gabbert,QB,QB,"https://static.www.nfl.com/image/private/f_auto,q_auto/league/fphhd3wedamgkps6e0dl",8,SF,178,282,2031,10,7,25,164,2,1,2027,1083,83,-30.8726065863851,0,1.0019733596448,0.0218991461743995,32,185,1,2,0,8,8.57436245071726,0,0,0,0,0,0,0,0,0,0,,0,,,,,0,129.74,129.74
2015,REG+POST,00-0027949,J.Watt,J.J. Watt,DE,DL,"https://static.www.nfl.com/image/private/f_auto,q_auto/league/pooulgm7mdcx5x9gza7l",2,HOU,0,0,0,0,0,0,0,0,0,0,0,0,,0,,,1,-1,0,0,0,0,-0.632930566614959,0,0,1,0,0,0,0,2,0,0,-0.836097657040227,0,0.0,0.0294117647058824,0.0052356020942408,0.0477825685247921,0,-0.1,-0.1
2015,REG+POST,00-0027966,M.Ingram,Mark Ingram,RB,RB,"https://static.www.nfl.com/image/private/f_auto,q_auto/league/qyju9wutyssrf0b26ran",12,NO,0,0,0,0,0,0,0,0,0,0,0,0,,0,,,166,769,6,1,0,44,2.31279297676151,1,50,60,405,0,1,1,-2,460,22,-3.75250955581895,0,-202.5,0.121951219512195,-0.0005667327854916,0.182530116318449,0,153.4,203.4
2015,REG+POST,00-0027973,A.Dalton,Andy Dalton,QB,QB,"https://static.www.nfl.com/image/upload/f_auto,q_auto/league/az1zo7fl2tozg50tgs0d",13,CIN,255,386,3250,25,7,20,118,2,2,3460,1486,147,116.20513929193,0,0.939306358381503,0.173294652893925,57,142,3,3,0,13,-7.01277326189858,0,0,0,0,0,0,0,0,0,0,,0,,,,,0,244.2,244.2
2015,REG+POST,00-0027974,,Colin Kaepernick,QB,QB,"https://static.www.nfl.com/image/private/f_auto,q_auto/league/nnvil5vbsj1nbldpc9nl",9,SF,144,244,1615,6,5,28,166,1,0,1875,840,71,-27.3802892753724,1,0.861333333333333,0.0082744873301838,45,256,1,4,1,13,6.24495770205976,0,0,0,0,0,0,0,0,0,0,,0,,,,,0,110.2,110.2
2015,REG+POST,00-0027981,K.Rudolph,Kyle Rudolph,TE,TE,"https://static.www.nfl.com/image/private/f_auto,q_auto/league/mtvrkfel5750mlevcvtp",17,MIN,0,0,0,0,0,0,0,0,0,0,0,0,,0,,,0,0,0,0,0,0,,0,50,74,519,5,0,0,616,219,26,6.96622963646565,0,0.842532467532468,0.158458244111349,0.185878092939046,0.367802031224356,0,81.9,131.9
2015,REG+POST,00-0027985,L.Kendricks,Lance Kendricks,TE,TE,"https://static.www.nfl.com/image/private/f_auto,q_auto/league/njjeo5udwowpbfnufl5l",14,LA,0,0,0,0,0,0,0,0,0,0,0,0,,0,,,0,0,0,0,0,0,,0,25,40,245,2,0,0,238,129,11,-4.09553958888864,0,1.02941176470588,0.097323600973236,0.0722964763061968,0.196592934874192,0,36.5,61.5
2015,REG+POST,00-0027994,S.Vereen,Shane Vereen,RB,RB,"https://static.www.nfl.com/image/private/f_auto,q_auto/league/grirsvo53nqb22jzb1zk",16,NYG,0,0,0,0,0,0,0,0,0,0,0,0,,0,,,61,260,0,0,0,13,-5.87789392385275,0,59,81,494,4,1,0,130,421,23,5.07045721541241,0,3.8,0.139655172413793,0.0303030303030303,0.230694879832811,0,99.4,158.4
2015,REG+POST,00-0027996,T.Smith,Torrey Smith,WR,WR,"https://static.www.nfl.com/image/private/f_auto,q_auto/league/sqvbn4ybxagyfwva3i51",16,SF,0,0,0,0,0,0,0,0,0,0,0,0,,0,,,0,0,0,0,0,0,,0,33,62,663,4,0,0,864,218,23,26.5347464877746,1,0.767361111111111,0.118095238095238,0.222222222222222,0.332698412698413,0,92.3,125.3
2015,REG+POST,00-0028002,R.Cobb,Randall Cobb,WR,WR,"https://static.www.nfl.com/image/private/f_auto,q_auto/league/kuwo5hnkbtesfw6n9w1s",18,GB,0,0,0,0,0,0,0,0,0,0,0,0,,0,,,18,74,0,0,0,4,-1.06032067624619,0,82,138,867,7,0,0,1106,449,45,27.7951848634119,0,0.783905967450271,0.215288611544462,0.202749770852429,0.464857756913393,0,136.1,218.1
2015,REG+POST,00-0028007,,Rob Housler,TE,TE,"https://static.www.nfl.com/image/private/f_auto,q_auto/league/lnu7z4mvnadgcnppqbxz",5,CHI,0,0,0,0,0,0,0,0,0,0,0,0,,0,,,0,0,0,0,0,0,,0,4,7,33,0,0,0,46,9,3,-0.297255647368729,0,0.717391304347826,0.0366492146596859,0.0260475651189128,0.0732071175727678,0,3.3,7.3
2015,REG+POST,00-0028009,D.Murray,DeMarco Murray,RB,RB,"https://static.www.nfl.com/image/private/f_auto,q_auto/league/lu4pqg7cvxbz7z4oormo",15,PHI,0,0,0,0,0,0,0,0,0,0,0,0,,0,,,193,702,6,2,2,47,-14.7026285452885,0,44,55,322,1,0,0,-46,383,12,6.81413519990747,0,-7.0,0.11,-0.0134936931651511,0.155554414784394,0,140.4,184.4
2015,REG+POST,00-0028011,S.Ridley,Stevan Ridley,RB,RB,"https://static.www.nfl.com/image/private/f_auto,q_auto/league/futdstbe48qaqcvtolzj",8,NYJ,0,0,0,0,0,0,0,0,0,0,0,0,,0,,,36,90,0,0,0,5,-9.92154270067113,0,4,5,-2,0,0,0,-11,11,0,-3.12527464219602,0,0.181818181818182,0.043859649122807,-0.0092592592592592,0.059307992202729,0,8.8,12.8
2015,REG+POST,00-0028012,R.Mallett,Ryan Mallett,QB,QB,"https://static.www.nfl.com/image/private/f_auto,q_auto/league/tvn03oot2ttdoog5x0qr",7,BAL,136,244,1336,5,6,6,32,0,0,2071,470,76,-17.338725583748,1,0.645098985997103,0.0007778623308618,5,15,1,0,0,2,2.86773457698291,0,0,0,0,0,0,0,0,0,0,,0,,,,,0,70.94,70.94
2015,REG+POST,00-0028017,,Leonard Hankerson,WR,WR,,7,ATL,0,0,0,0,0,0,0,0,0,0,0,0,,0,,,0,0,0,0,0,0,,0,26,46,327,3,0,0,411,119,19,18.9418744451514,0,0.795620437956204,0.168498168498169,0.190101757631822,0.385818483089528,0,50.7,76.7
2015,REG+POST,00-0028020,,Vincent Brown,WR,WR,"https://static.www.nfl.com/image/private/f_auto,q_auto/league/oh5svrazghe5xnwz5jpw",1,LAC,0,0,0,0,0,0,0,0,0,0,0,0,,0,,,0,0,0,0,0,0,,0,1,2,22,0,0,0,18,2,1,1.35823377541965,0,1.22222222222222,0.0476190476190476,0.0467532467532468,0.104155844155844,0,2.2,3.2
2015,REG+POST,00-0028040,,Jordan Cameron,TE,TE,"https://static.www.nfl.com/image/private/f_auto,q_auto/league/oyhmlsxyzwbznmeqnf9i",16,MIA,0,0,0,0,0,0,0,0,0,0,0,0,,0,,,0,0,0,0,0,0,,0,35,70,386,3,1,0,730,82,21,-5.98079764783198,0,0.528767123287671,0.120481927710843,0.143757384797164,0.28135306092428,0,56.6,91.6
2015,REG+POST,00-0028042,L.Stocker,Luke Stocker,TE,TE,"https://static.www.nfl.com/image/private/f_auto,q_auto/league/keoilbfzupthtliuou1a",8,TB,0,0,0,0,0,0,0,0,0,0,0,0,,0,,,0,0,0,0,0,0,,0,9,13,61,1,0,0,32,39,3,1.12054017868794,0,1.90625,0.0459363957597173,0.0107202680067002,0.0764087812442661,0,12.1,21.1
2015,REG+POST,00-0028043,,Roy Helu,RB,RB,"https://static.www.nfl.com/image/private/f_auto,q_auto/league/ahtlpumbpwlc7xm9ci9h",8,LV,0,0,0,0,0,0,0,0,0,0,0,0,,0,,,17,39,0,0,0,4,-2.37820836287267,0,9,16,75,1,0,0,12,89,6,-8.31065208434353,0,6.25,0.0727272727272727,0.0082987551867219,0.114900037721614,0,17.4,26.4
2015,REG+POST,00-0028050,,Greg Salas,WR,WR,,1,BUF,0,0,0,0,0,0,0,0,0,0,0,0,,0,,,0,0,0,0,0,0,,0,3,5,41,0,0,0,62,14,3,3.81043357617455,0,0.661290322580645,0.178571428571429,0.273127753303965,0.459046570169918,0,4.1,7.1
2015,REG+POST,00-0028052,,Cecil Shorts,WR,WR,"https://static.www.nfl.com/image/private/f_auto,q_auto/league/zdsyqinswn0k8664k9qs",12,HOU,1,1,21,1,0,0,0,0,0,17,4,1,2.26592227281071,0,1.23529411764706,,10,47,0,1,0,3,0.410627088102046,0,43,78,489,2,1,1,666,213,27,-8.44673590917348,0,0.734234234234234,0.170678336980306,0.143658326143227,0.356578333770718,0,68.44,111.44
2015,REG+POST,00-0028053,,Kendall Hunter,RB,RB,"https://static.www.nfl.com/image/private/f_auto,q_auto/league/m9tciwm7ffejuubhfh7n",1,NO,0,0,0,0,0,0,0,0,0,0,0,0,,0,,,1,2,0,0,0,0,-0.549489968921989,0,0,0,0,0,0,0,0,0,0,,0,,,,,0,0.2,0.2
2015,REG+POST,00-0028063,T.Jones,Taiwan Jones,RB,RB,"https://static.www.nfl.com/image/private/f_auto,q_auto/league/va09vgfr7bdc2wb6ikq4",9,LV,0,0,0,0,0,0,0,0,0,0,0,0,,0,,,16,74,0,1,0,3,-0.442868012876716,0,7,9,106,1,0,0,-13,114,4,7.9279807771741,0,-8.15384615384615,0.0379746835443038,-0.0071902654867256,0.0519288394757477,0,24.0,31.0
2015,REG+POST,00-0028064,B.Powell,Bilal Powell,RB,RB,"https://static.www.nfl.com/image/private/f_auto,q_auto/league/a5qlloemeetaqawzwuf7",11,NYJ,0,0,0,0,0,0,0,0,0,0,0,0,,0,,,70,313,1,1,0,18,-0.283290625305826,0,47,63,388,2,1,0,66,420,21,0.506453553095809,0,5.87878787878788,0.152912621359223,0.0175345377258236,0.241643108446911,0,88.1,135.1
2015,REG+POST,00-0028067,J.Thomas,Julius Thomas,TE,TE,"https://static.www.nfl.com/image/private/f_auto,q_auto/league/ephrfopvlebj4fdcl67a",12,JAX,0,0,0,0,0,0,0,0,0,0,0,0,,0,,,0,0,0,0,0,0,,0,46,80,455,5,0,0,678,145,25,-0.225829180761742,0,0.671091445427729,0.178173719376392,0.165204678362573,0.382903853918389,0,75.5,121.5
2015,REG+POST,00-0028074,A.Sherman,Anthony Sherman,RB,RB,"https://static.www.nfl.com/image/private/f_auto,q_auto/league/ibmfpy4ztgmqfwtood5x",6,KC,0,0,0,0,0,0,0,0,0,0,0,0,,0,,,1,0,0,0,0,0,-1.29563101974782,0,6,7,38,0,0,0,-5,41,1,-3.29089790839612,0,-7.6,0.0384615384615385,-0.0035087719298245,0.0552361673414305,0,3.8,9.8
2015,REG+POST,00-0028083,J.Rodgers,Jacquizz Rodgers,RB,RB,"https://static.www.nfl.com/image/private/f_auto,q_auto/league/ztmescfueap5glplyf7w",5,CHI,0,0,0,0,0,0,0,0,0,0,0,0,,0,,,14,41,0,0,0,3,-2.76039222480553,0,1,3,10,0,0,0,-11,14,0,-1.47072590654716,0,-0.909090909090909,0.0315789473684211,-0.0161054172767204,0.0360946289589273,0,5.1,6.1
2015,REG+POST,00-0028087,D.Lewis,Dion Lewis,RB,RB,"https://static.www.nfl.com/image/private/f_auto,q_auto/league/erzmtaaz3eimbg998hyq",7,NE,0,0,0,0,0,0,0,0,0,0,0,0,,0,,,49,234,2,0,0,15,8.56677927843126,0,36,50,388,2,2,1,116,340,16,12.5922962267662,0,3.3448275862069,0.183150183150183,0.0610205155181483,0.317439635587979,0,84.2,120.2
2015,REG+POST,00-0028090,T.Yates,T.J. Yates,QB,QB,"https://static.www.nfl.com/image/private/f_auto,q_auto/league/h8x0pbhc1s5dwjuzipsb",4,HOU,28,57,370,3,1,5,33,1,1,643,117,19,-4.81258677065842,0,0.57542768273717,-0.0194300379219695,6,0,0,0,0,0,-3.234745539492,0,0,0,0,0,0,0,0,0,0,,0,,,,,0,22.8,22.8
2015,REG+POST,00-0028091,J.Kerley,Jeremy Kerley,WR,WR,"https://static.www.nfl.com/image/private/f_auto,q_auto/league/lsfc40maht2r3k0ctu1b",5,NYJ,0,0,0,0,0,0,0,0,0,0,0,0,,0,,,0,0,0,0,0,0,,0,16,26,152,2,0,0,134,95,8,3.23465086362558,0,1.13432835820896,0.122641509433962,0.0715429791777896,0.234042349575396,0,27.2,43.2
2015,REG+POST,00-0028097,L.Smith,Lee Smith,TE,TE,"https://static.www.nfl.com/image/private/f_auto,q_auto/league/gcaqwhzrinlqicrljwlr",10,LV,0,0,0,0,0,0,0,0,0,0,0,0,,0,,,0,0,0,0,0,0,,0,12,13,70,1,0,0,20,57,4,1.42712833451936,0,3.5,0.0336787564766839,0.0066334991708126,0.0551615841345947,0,13.0,25.0
2015,REG+POST,00-0028112,C.Clay,Charles Clay,TE,TE,"https://static.www.nfl.com/image/private/f_auto,q_auto/league/gbfhfjn5cxtou5aazegt",13,BUF,0,0,0,0,0,0,0,0,0,0,0,0,,0,,,0,0,0,0,0,0,,0,51,77,528,3,1,0,579,237,26,11.5073212604038,0,0.911917098445596,0.197943444730077,0.145697030699547,0.398903088584799,0,70.8,121.8
2015,REG+POST,00-0028114,D.Harris,Dwayne Harris,WR,WR,"https://static.www.nfl.com/image/private/f_auto,q_auto/league/cz34jefkstkm3mvjznvg",14,NYG,0,0,0,0,0,0,0,0,0,0,0,0,,0,,,2,12,0,0,0,1,0.236443914938718,0,36,57,396,4,0,0,467,137,19,6.6886477687392,0,0.84796573875803,0.114,0.120516129032258,0.255361290322581,2,76.8,112.8
2015,REG+POST,00-0028118,T.Taylor,Tyrod Taylor,QB,QB,"https://static.www.nfl.com/image/upload/f_auto,q_auto/league/xk8e04jdsvigd6fky3uy",14,BUF,242,380,3035,20,6,36,212,5,1,3997,1125,129,56.5951185201849,0,0.759319489617213,0.109210007106316,104,568,4,3,0,28,12.3270877625976,1,1,1,4,0,0,0,3,1,0,-0.0601255891378969,0,1.33333333333333,0.0555555555555556,0.0182926829268293,0.0961382113821138,0,270.6,271.6
2015,REG+POST,00-0028121,J.Todman,Jordan Todman,RB,RB,"https://static.www.nfl.com/image/private/f_auto,q_auto/league/lhoxroo20gf8a3mbiczr",5,PIT,0,0,0,0,0,0,0,0,0,0,0,0,,0,,,20,93,0,1,0,4,-3.74045865371591,0,0,2,0,0,0,0,1,0,0,-0.826454560970888,0,0.0,0.04,0.0019801980198019,0.0613861386138614,0,9.3,9.3
2015,REG+POST,00-0028142,V.Green,Virgil Green,TE,TE,"https://static.www.nfl.com/image/private/f_auto,q_auto/league/wcdedz1qf7ybkujat6bu",13,DEN,0,0,0,0,0,0,0,0,0,0,0,0,,0,,,0,0,0,0,0,0,,0,14,18,187,1,0,0,82,128,10,15.9277521599142,0,2.28048780487805,0.0377358490566038,0.0189376443418014,0.0698601246241666,0,24.7,38.7
2015,REG+POST,00-0028149,B.Miller,Bruce Miller,FB,RB,"https://static.www.nfl.com/image/private/f_auto,q_auto/league/xmxfgtmbvqxhpp3ldkwq",10,SF,0,0,0,0,0,0,0,0,0,0,0,0,,0,,,6,14,1,0,0,5,5.2880955056753,0,10,14,135,0,0,0,39,99,5,2.98727243501271,0,3.46153846153846,0.0454545454545455,0.0297709923664122,0.0890215128383067,0,20.9,30.9
2015,REG+POST,00-0028198,,Matt Asiata,RB,RB,,16,MIN,0,0,0,0,0,0,0,0,0,0,0,0,,0,,,29,112,0,0,0,3,-7.55555435264905,0,20,23,145,0,0,0,-74,209,5,-2.51145723606885,0,-1.95945945945946,0.0631868131868132,-0.0337899543378995,0.0711272517436901,0,25.7,45.7
2015,REG+POST,00-0028202,S.Draughn,Shaun Draughn,RB,RB,"https://static.www.nfl.com/image/private/f_auto,q_auto/league/bxkirs3zrup0djv8x2ns",9,SF,0,0,0,0,0,0,0,0,0,0,0,0,,0,,,78,273,1,1,0,13,-11.594737486128,0,27,35,176,0,0,0,12,175,7,-5.97882331023011,0,14.6666666666667,0.107361963190184,0.0057831325301204,0.16509113755636,0,50.9,77.9
2015,REG+POST,00-0028237,C.Hogan,Chris Hogan,WR,WR,"https://static.www.nfl.com/image/private/f_auto,q_auto/league/fmpqnciwjqicsjzy63mc",13,BUF,1,1,4,0,0,0,0,0,0,3,1,0,-0.0601255891378969,0,1.33333333333333,,1,4,0,0,0,0,-0.103901258902624,0,36,59,450,2,0,0,783,107,18,4.4573950079857,0,0.574712643678161,0.145679012345679,0.18576512455516,0.348554105707131,0,57.56,93.56
2015,REG+POST,00-0028249,J.Ross,Jeremy Ross,WR,WR,"https://static.www.nfl.com/image/private/f_auto,q_auto/league/r5cp8mxbvtn7tomfavni",4,BAL,0,0,0,0,0,0,0,0,0,0,0,0,,0,,,1,2,0,0,0,1,0.235043041175231,0,9,14,88,0,0,0,84,72,4,1.67335713408867,0,1.04761904761905,0.0858895705521472,0.0634441087613293,0.173245231961151,0,9.0,18.0
2015,REG+POST,00-0028263,A.Holmes,Andre Holmes,WR,WR,"https://static.www.nfl.com/image/private/f_auto,q_auto/league/ujb4sism9jdte3o8ofve",13,LV,0,0,0,0,0,0,0,0,0,0,0,0,,0,,,0,0,0,0,0,0,,0,14,33,201,4,0,0,496,43,9,3.02338010481855,0,0.405241935483871,0.0663983903420523,0.123352399900522,0.185944265443444,0,44.1,58.1
2015,REG+POST,00-0028409,D.Harris,DuJuan Harris,RB,RB,"https://static.www.nfl.com/image/private/f_auto,q_auto/league/bm9b6aulywolcwjqjcpo",4,SF,0,0,0,0,0,0,0,0,0,0,0,0,,0,,,48,189,0,1,1,8,-8.63633956646663,0,9,14,97,0,0,0,10,98,5,4.58056424732786,0,9.7,0.181818181818182,0.0485436893203884,0.306707855251545,0,26.6,35.6
2015,REG+POST,00-0028411,D.Inman,Dontrelle Inman,WR,WR,"https://static.www.nfl.com/image/private/f_auto,q_auto/league/josp2o2ri6tknqzt87qc",12,LAC,0,0,0,0,0,0,0,0,0,0,0,0,,0,,,0,0,0,0,0,0,,0,35,63,486,3,2,1,791,177,21,24.3043377889521,0,0.61441213653603,0.1237721021611,0.211214953271028,0.33350862053137,0,64.6,99.6
2015,REG+POST,00-0028434,D.Baldwin,Doug Baldwin,WR,WR,"https://static.www.nfl.com/image/private/f_auto,q_auto/league/kccmcttfdtl7m3g49vb8",18,SEA,0,0,0,0,0,0,0,0,0,0,0,0,,0,,,0,0,0,0,0,0,,0,91,122,1193,15,1,0,1188,468,56,68.951802493478,0,1.00420875420875,0.224264705882353,0.246013667425968,0.508606626021707,0,209.3,300.3
2015,REG+POST,00-0028442,,Ricardo Lockette,WR,WR,"https://static.www.nfl.com/image/private/f_auto,q_auto/league/ndopq6pewcj9dfr27hlc",4,SEA,0,0,0,0,0,0,0,0,0,0,0,0,,0,,,0,0,0,0,0,0,,0,4,7,71,1,0,0,77,15,2,3.30508244154044,0,0.922077922077922,0.0642201834862385,0.0736842105263158,0.147909222597779,0,13.1,17.1
2015,REG+POST,00-0028497,K.Aiken,Kamar Aiken,WR,WR,"https://static.www.nfl.com/image/private/f_auto,q_auto/league/u0fe10u5kbeyhe65spby",16,BAL,0,0,0,0,0,0,0,0,0,0,0,0,,0,,,0,0,0,0,0,0,,0,75,127,944,5,1,1,1564,211,53,17.6511315362606,0,0.603580562659847,0.190119760479042,0.307631785995279,0.500521890915258,0,122.4,197.4
2015,REG+POST,00-0028564,,Isa Abdul-Quddus,SS,DB,"https://static.www.nfl.com/image/private/f_auto,q_auto/league/wbmpf9gwwtipcoyrmpr4",2,DET,0,0,0,0,0,0,0,0,0,0,0,0,,0,,,2,34,0,0,0,2,6.33429504878586,0,0,0,0,0,0,0,0,0,0,,0,,,,,0,3.4,3.4
2015,REG+POST,00-0028581,P.DiMarco,Patrick DiMarco,FB,RB,"https://static.www.nfl.com/image/private/f_auto,q_auto/league/chit1zcsfqaoqzkqc9eh",10,ATL,0,0,0,0,0,0,0,0,0,0,0,0,,0,,,1,0,0,0,0,0,-1.4263419364579,0,13,17,110,2,0,0,66,49,9,6.81294911204262,0,1.66666666666667,0.046831955922865,0.0332326283987915,0.0935107737634516,0,23.0,36.0
2015,REG+POST,00-0028595,S.Tolzien,Scott Tolzien,QB,QB,"https://static.www.nfl.com/image/private/f_auto,q_auto/league/kt8ji3aejylpnpskeqzn",2,GB,1,1,4,0,0,1,8,0,0,4,0,0,-1.92990322993137,0,1.0,,3,-3,0,1,0,0,-3.76182825147407,0,0,0,0,0,0,0,0,0,0,,0,,,,,0,-0.14,-0.14
2015,REG+POST,00-0028702,C.Matthews,Chris Matthews,WR,WR,"https://static.www.nfl.com/image/private/f_auto,q_auto/league/yhaaa3gyqbin9feahr0v",11,BAL,0,0,0,0,0,0,0,0,0,0,0,0,,0,,,0,0,0,0,0,0,,0,13,25,151,1,0,0,339,42,9,2.56182185999678,0,0.445427728613569,0.0645994832041344,0.102789569436022,0.168851923411417,0,21.1,34.1
2015,REG+POST,00-0028825,T.Pryor,Terrelle Pryor,WR,WR,"https://static.www.nfl.com/image/private/f_auto,q_auto/league/ac6blk5o4ztsr7hvtil9",2,CLE,0,0,0,0,0,0,0,0,0,0,0,0,,0,,,1,-1,0,0,0,0,-0.792778984643519,0,1,8,42,0,0,0,114,5,1,-2.05680269157933,0,0.368421052631579,0.103896103896104,0.209944751381215,0.302805481811007,0,4.1,5.1
2015,REG+POST,00-0028838,L.Donnell,Larry Donnell,TE,TE,"https://static.www.nfl.com/image/private/f_auto,q_auto/league/beuv1dnhzlntfnnvh2zv",8,NYG,0,0,0,0,0,0,0,0,0,0,0,0,,0,,,0,0,0,0,0,0,,0,29,41,223,2,0,0,247,86,13,0.524318153995627,0,0.902834008097166,0.139455782312925,0.11897880539499,0.292468837245881,0,34.3,63.3
2015,REG+POST,00-0028841,,Will Johnson,RB,RB,"https://static.www.nfl.com/image/private/f_auto,q_auto/league/zon7oejkgzgqyzcdhach",5,PIT,0,0,0,0,0,0,0,0,0,0,0,0,,0,,,4,7,1,0,0,1,0.423183380335104,0,2,4,16,0,0,0,46,5,1,-3.35840662446572,1,0.347826086956522,0.0291970802919708,0.0322354590049054,0.06636044174139,0,10.3,12.3
2015,REG+POST,00-0028872,J.Hekker,Johnny Hekker,P,SPEC,"https://static.www.nfl.com/image/upload/f_auto,q_auto/league/bcl8kjfwubicyywpxfny",4,LA,1,4,20,0,0,0,0,0,0,64,0,1,-5.2535749868257,0,0.3125,,0,0,0,0,0,0,,0,0,0,0,0,0,0,0,0,0,,0,,,,,0,0.8,0.8
2015,REG+POST,00-0028903,G.Celek,Garrett Celek,TE,TE,"https://static.www.nfl.com/image/private/f_auto,q_auto/league/hin5nyuakhpbngjhepty",10,SF,0,0,0,0,0,0,0,0,0,0,0,0,,0,,,0,0,0,0,0,0,,0,19,28,186,3,0,0,175,98,10,12.7957930129778,0,1.06285714285714,0.0927152317880795,0.0717801476620181,0.189318951045532,0,36.6,55.6
2015,REG+POST,00-0028905,,Chris Owusu,WR,WR,"https://static.www.nfl.com/image/private/f_auto,q_auto/league/jt4c83h8nuz5einex0ya",3,NYJ,0,0,0,0,0,0,0,0,0,0,0,0,,0,,,0,0,0,0,0,0,,0,6,13,80,0,0,0,212,22,2,-1.68048527050996,0,0.377358490566038,0.134020618556701,0.217882836587873,0.353548913446562,0,8.0,14.0
2015,REG+POST,00-0028957,A.Davis,Austin Davis,QB,QB,"https://static.www.nfl.com/image/private/f_auto,q_auto/league/wmquxjs1nuwferz7o9q2",3,CLE,56,94,547,1,3,11,96,1,1,776,213,25,-36.8369728113584,0,0.704896907216495,0.0228663895946023,7,33,0,1,1,4,-1.94330121128587,0,0,0,0,0,0,0,0,0,0,,0,,,,,0,19.18,19.18
2015,REG+POST,00-0028958,C.Harkey,Cory Harkey,TE,TE,"https://static.www.nfl.com/image/private/f_auto,q_auto/league/qnxxlalj3rx8oueqjgsv",6,LA,0,0,0,0,0,0,0,0,0,0,0,0,,0,,,0,0,0,0,0,0,,0,5,6,26,0,0,0,4,22,2,0.986092447768897,0,6.5,0.0298507462686567,0.00390625,0.0475104944029851,0,2.6,7.6
2015,REG+POST,00-0028986,C.Keenum,Case Keenum,QB,QB,"https://static.www.nfl.com/image/upload/f_auto,q_auto/league/zj2xieg6nctsabgzu65n",5,LA,76,125,828,4,1,4,28,1,1,1009,400,41,10.3894248723949,0,0.820614469772052,0.0506151703768282,12,5,0,2,1,1,-11.8020470819638,0,0,0,0,0,0,0,0,0,0,,0,,,,,0,43.62,43.62
2015,REG+POST,00-0028987,P.Supernaw,Phillip Supernaw,TE,TE,"https://static.www.nfl.com/image/private/f_auto,q_auto/league/wltyuqbgmkisakjqkua5",2,TEN,0,0,0,0,0,0,0,0,0,0,0,0,,0,,,0,0,0,0,0,0,,0,3,4,32,0,1,1,28,13,1,-6.0724510694854,0,1.14285714285714,0.0547945205479452,0.0351758793969849,0.106814896399807,0,1.2,4.2
2015,REG+POST,00-0029000,C.Beasley,Cole Beasley,WR,WR,"https://static.www.nfl.com/image/private/f_auto,q_auto/league/y5r0fhwctl6ljwvmktvu",16,DAL,0,0,0,0,0,0,0,0,0,0,0,0,,0,,,0,0,0,0,0,0,,0,52,75,536,5,1,1,351,324,31,16.2960358093573,0,1.52706552706553,0.144508670520231,0.0873568939771031,0.277912831564319,0,81.6,133.6
2015,REG+POST,00-0029004,L.Dunbar,Lance Dunbar,RB,RB,"https://static.www.nfl.com/image/private/f_auto,q_auto/league/mwxzuvjfvoecnoze3aty",4,DAL,0,0,0,0,0,0,0,0,0,0,0,0,,0,,,5,67,0,0,0,1,2.2492715480621,0,21,23,215,0,0,0,100,151,9,8.8249242400052,0,2.15,0.219047619047619,0.17921146953405,0.454019457245264,0,28.2,49.2
2015,REG+POST,00-0029033,G.Whalen,Griff Whalen,WR,WR,"https://static.www.nfl.com/image/private/f_auto,q_auto/league/zx4nnnnmgl0kvguwpiuz",7,IND,0,0,0,0,0,0,0,0,0,0,0,0,,0,,,0,0,0,0,0,0,,0,19,26,205,1,1,1,208,51,11,0.888906447798945,0,0.985576923076923,0.0962962962962963,0.0895779500430663,0.207149009474591,0,24.5,43.5
2015,REG+POST,00-0029068,D.Coleman,Derrick Coleman,FB,RB,"https://static.www.nfl.com/image/private/f_auto,q_auto/league/jmgzlxi6qlrvvyrzkuh2",5,SEA,0,0,0,0,0,0,0,0,0,0,0,0,,0,,,8,32,0,0,0,3,1.94506059109699,0,1,1,0,0,0,0,0,0,0,-0.694319675443694,0,,0.0344827586206897,,,0,3.2,4.2
2015,REG+POST,00-0029104,,Jonas Gray,RB,RB,,7,JAX,0,0,0,0,0,0,0,0,0,0,0,0,,0,,,45,176,0,0,0,11,-5.25620984067791,0,7,8,76,0,0,0,18,59,2,0.609422203153372,0,4.22222222222222,0.0645161290322581,0.0186335403726708,0.109817671809257,0,25.2,32.2
2015,REG+POST,00-0029119,D.Carrier,Derek Carrier,TE,TE,"https://static.www.nfl.com/image/private/f_auto,q_auto/league/fohbnjxhixammxtonhnd",11,WAS,0,0,0,0,0,0,0,0,0,0,0,0,,0,,,0,0,0,0,0,0,,0,17,22,141,1,0,0,136,77,4,1.8180448327912,0,1.03676470588235,0.0554156171284635,0.0471567267683773,0.116133134430559,0,20.1,37.1
2015,REG+POST,00-0029129,R.Streater,Rod Streater,WR,WR,"https://static.www.nfl.com/image/private/f_auto,q_auto/league/szf4hqnrz6egphxvcwnf",1,LV,0,0,0,0,0,0,0,0,0,0,0,0,,0,,,0,0,0,0,0,0,,0,1,1,8,0,0,0,7,1,1,0.770944681949914,0,1.14285714285714,0.0232558139534884,0.031390134529148,0.0568568151006361,0,0.8,1.8
2015,REG+POST,00-0029137,A.Jeffery,Alshon Jeffery,WR,WR,"https://static.www.nfl.com/image/private/f_auto,q_auto/league/qrbsgwhzlsmwgkdfjryh",9,CHI,0,0,0,0,0,0,0,0,0,0,0,0,,0,,,0,0,0,0,0,0,,0,54,94,807,4,1,0,1371,177,43,19.6586568686843,0,0.588621444201313,0.313333333333333,0.515413533834586,0.830789473684211,0,104.7,158.7
2015,REG+POST,00-0029141,A.Morris,Alfred Morris,RB,RB,"https://static.www.nfl.com/image/private/f_auto,q_auto/league/igrm4hy4pishp4rdamin",17,WAS,0,0,0,0,0,0,0,0,0,0,0,0,,0,,,213,801,1,0,0,35,-30.9335341115948,0,10,13,55,0,0,0,14,38,2,-0.320133410335984,0,3.92857142857143,0.0451388888888889,0.0074191838897721,0.0729017620561738,0,91.6,101.6
2015,REG+POST,00-0029159,J.Kearse,Jermaine Kearse,WR,WR,"https://static.www.nfl.com/image/private/f_auto,q_auto/league/tvnzajvst7kdglamw4t6",18,SEA,0,0,0,0,0,0,0,0,0,0,0,0,,0,,,0,0,0,0,0,0,,0,63,87,813,7,1,0,1013,254,39,51.0287255977577,0,0.802566633761106,0.159926470588235,0.209774280389315,0.386731702154873,0,123.3,186.3
2015,REG+POST,00-0029191,D.Shead,DeShawn Shead,CB,DB,"https://static.www.nfl.com/image/private/f_auto,q_auto/league/gj3liwtjkgotqaa5pav0",1,SEA,0,0,0,0,0,0,0,0,0,0,0,0,,0,,,1,17,0,0,0,1,3.44296084181406,0,0,0,0,0,0,0,0,0,0,,0,,,,,0,1.7,1.7
2015,REG+POST,00-0029205,T.Cadet,Travaris Cadet,RB,RB,"https://static.www.nfl.com/image/private/f_auto,q_auto/league/gj0pjzj0zzefpabtuki1",6,NO,0,1,0,0,0,0,0,0,0,15,0,0,-0.380782896187156,0,0.0,,11,28,0,1,1,0,-7.70232280652272,0,17,22,214,1,0,0,95,153,9,12.9620361284469,0,2.25263157894737,0.0890688259109312,0.0633755837224817,0.177966147472134,0,28.2,45.2
2015,REG+POST,00-0029234,K.Moore,Kellen Moore,QB,QB,"https://static.www.nfl.com/image/private/f_auto,q_auto/league/cgppx5hltvlebgm5ywor",3,DAL,61,104,779,4,6,5,23,0,0,893,354,40,-0.488582166121596,0,0.872340425531915,0.0189426057652856,2,-1,0,1,1,0,-4.97037506906781,0,0,0,0,0,0,0,0,0,0,,0,,,,,0,33.06,33.06
2015,REG+POST,00-0029239,B.Bolden,Brandon Bolden,RB,RB,"https://static.www.nfl.com/image/private/f_auto,q_auto/league/kqqwz35z9brhkzbs4bcn",13,NE,0,0,0,0,0,0,0,0,0,0,0,0,,0,,,68,219,0,0,0,9,-17.8854436694293,0,22,34,206,2,0,0,95,155,10,3.36483983468497,0,2.16842105263158,0.0688259109311741,0.0228146013448607,0.119209087338164,0,54.5,76.5
2015,REG+POST,00-0029253,M.Schwartz,Mitchell Schwartz,T,OL,"https://static.www.nfl.com/image/private/f_auto,q_auto/league/medunik6gnlqevrkn2c5",1,CLE,0,0,0,0,0,0,0,0,0,0,0,0,,0,,,0,0,0,0,0,0,,0,0,1,0,0,0,0,-5,0,0,-1.69714945735177,0,0.0,0.0344827586206897,-0.0182481751824818,0.0389504153032973,0,0.0,0.0
2015,REG+POST,00-0029262,R.Randle,Rueben Randle,WR,WR,"https://static.www.nfl.com/image/private/f_auto,q_auto/league/qsjafvitrrheqq3uku9g",16,NYG,0,0,0,0,0,0,0,0,0,0,0,0,,0,,,0,0,0,0,0,0,,0,57,90,801,8,0,0,984,205,35,26.3799503807805,0,0.814024390243903,0.146341463414634,0.208607165571338,0.365537211021888,0,128.1,185.1
2015,REG+POST,00-0029263,R.Wilson,Russell Wilson,QB,QB,"https://static.www.nfl.com/image/upload/f_auto,q_auto/league/u36rhg0md8ey3b4khbre",18,SEA,373,557,4532,38,11,52,319,4,2,4865,2007,214,121.719697389165,0,0.931551901336074,0.171086246841545,111,606,1,4,1,33,7.34499461104463,0,0,0,0,0,0,0,0,0,0,,0,,,,,0,371.88,371.88
2015,REG+POST,00-0029264,B.Pierce,Bernard Pierce,RB,RB,"https://static.www.nfl.com/image/private/f_auto,q_auto/league/fpkdvnu4uzvwxhwaryzm",4,JAX,0,0,0,0,0,0,0,0,0,0,0,0,,0,,,6,11,0,0,0,0,-3.76334761528414,0,3,5,7,0,0,0,32,2,0,-0.469878722418798,0,0.21875,0.0694444444444445,0.0473372781065089,0.137302761341223,0,1.8,4.8
2015,REG+POST,00-0029269,T.Benjamin,Travis Benjamin,WR,WR,"https://static.www.nfl.com/image/private/f_auto,q_auto/league/io9silocxbywvisvcvpx",16,CLE,0,0,0,0,0,0,0,0,0,0,0,0,,0,,,4,12,0,0,0,1,0.120902510592714,0,68,125,966,5,1,1,1551,321,39,7.67471630026217,0,0.622823984526112,0.207986688851913,0.320985099337748,0.536669602814294,1,131.8,199.8
2015,REG+POST,00-0029273,R.Turbin,Robert Turbin,RB,RB,"https://static.www.nfl.com/image/private/f_auto,q_auto/league/vkqpomzfvo7kei1729jm",10,DAL,0,0,0,0,0,0,0,0,0,0,0,0,,0,,,50,199,1,0,0,10,-5.18819793241874,0,7,10,23,0,0,0,-6,26,0,-8.81111042958219,0,-3.83333333333333,0.0404858299595142,-0.0035906642728904,0.0582152799482479,0,28.2,35.2
2015,REG+POST,00-0029275,,Ladarius Green,TE,TE,"https://static.www.nfl.com/image/private/f_auto,q_auto/league/h6emukrr14tvhufmdy1c",13,LAC,0,0,0,0,0,0,0,0,0,0,0,0,,0,,,0,0,0,0,0,0,,0,37,63,429,4,0,0,485,222,24,20.3046889710275,2,0.884536082474227,0.116236162361624,0.125161290322581,0.261967146768242,0,70.9,107.9
2015,REG+POST,00-0029293,M.Jones,Marvin Jones,WR,WR,"https://static.www.nfl.com/image/private/f_auto,q_auto/league/ciy9sxefmcnwjw7ln3h2",17,CIN,0,0,0,0,0,0,0,0,0,0,0,0,,0,,,5,33,0,0,0,1,-1.01294752355898,0,69,110,848,4,0,0,1409,289,35,25.381209174394,0,0.601845280340667,0.205992509363296,0.300042589437819,0.519018576651417,0,112.1,181.1
2015,REG+POST,00-0029304,B.Nortman,Brad Nortman,P,SPEC,"https://static.www.nfl.com/image/private/f_auto,q_auto/league/aps6fvcgwuqcpsnlkcy5",1,CAR,0,0,0,0,0,0,0,0,0,0,0,0,,0,,,1,-1,0,0,0,0,-1.11392400995828,0,0,0,0,0,0,0,0,0,0,,0,,,,,0,-0.1,-0.1
2015,REG+POST,00-0029319,J.Bellamy,Josh Bellamy,WR,WR,"https://static.www.nfl.com/image/private/f_auto,q_auto/league/kgyz7lr35xl5j7oxjwlw",10,CHI,0,0,0,0,0,0,0,0,0,0,0,0,,0,,,0,0,0,0,0,0,,0,19,34,224,2,0,0,351,68,8,4.11664048676091,0,0.638176638176638,0.104938271604938,0.131313131313131,0.249326599326599,0,34.4,53.4
2015,REG+POST,00-0029336,B.Golden,Brittan Golden,WR,WR,"https://static.www.nfl.com/image/private/f_auto,q_auto/league/ccqjg5sjhxmgmsvraig5",1,ARI,0,0,0,0,0,0,0,0,0,0,0,0,,0,,,0,0,0,0,0,0,,0,1,1,5,0,0,0,5,0,1,1.05905954958871,0,1.0,0.0232558139534884,0.0108459869848156,0.0424759118196035,0,0.5,1.5
2015,REG+POST,00-0029384,B.Rainey,Bobby Rainey,RB,RB,"https://static.www.nfl.com/image/private/f_auto,q_auto/league/vf2lmyxgjhrah1hfed1x",5,TB,0,0,0,0,0,0,0,0,0,0,0,0,,0,,,5,18,0,1,0,0,-2.72189443587558,0,3,3,16,0,0,0,-5,21,1,0.601991248258855,0,-3.2,0.036144578313253,-0.0069348127600554,0.0493624985378407,0,3.4,6.4
2015,REG+POST,00-0029388,D.Thompson,Deonte Thompson,WR,WR,"https://static.www.nfl.com/image/private/f_auto,q_auto/league/bvfgozqccoo627wuitkb",2,CHI,0,0,0,0,0,0,0,0,0,0,0,0,,0,,,0,0,0,0,0,0,,0,2,3,81,0,0,0,103,3,2,1.55429922137409,0,0.786407766990291,0.0555555555555556,0.164012738853503,0.198142250530786,0,8.1,10.1
2015,REG+POST,00-0029394,B.Bersin,Brenton Bersin,WR,WR,"https://static.www.nfl.com/image/private/f_auto,q_auto/league/gjkirn3lffpdr7gn8ars",5,CAR,0,0,0,0,0,0,0,0,0,0,0,0,,0,,,0,0,0,0,0,0,,0,9,11,119,0,1,1,100,33,5,0.632787650742102,0,1.19,0.0785714285714286,0.0741289844329133,0.169747431960182,0,9.9,18.9
2015,REG+POST,00-0029407,,Will Hill,SS,DB,"https://static.www.nfl.com/image/private/f_auto,q_auto/league/p6gjpupkmex1bb5ykoat",1,BAL,0,0,0,0,0,0,0,0,0,0,0,0,,0,,,0,0,0,0,0,0,,0,0,0,0,0,0,0,0,0,0,,0,,,,,1,6.0,6.0
2015,REG+POST,00-0029415,K.Martin,Keshawn Martin,WR,WR,"https://static.www.nfl.com/image/private/f_auto,q_auto/league/guf4yzrzgnpmx7uonpqs",11,NE,0,0,0,0,0,0,0,0,0,0,0,0,,0,,,1,6,0,0,0,0,0.323847465682775,0,26,42,326,2,0,0,443,95,16,13.2808804530679,0,0.735891647855531,0.1,0.139924194567277,0.247946936197094,0,45.2,71.2
2015,REG+POST,00-0029418,N.Goode,Najee Goode,OLB,LB,"https://static.www.nfl.com/image/private/f_auto,q_auto/league/ckpr6au1fwxxfcsbrrej",1,PHI,0,0,0,0,0,0,0,0,0,0,0,0,,0,,,0,0,0,0,0,0,,0,0,0,0,0,0,0,0,0,0,,0,,,,,1,6.0,6.0
2015,REG+POST,00-0029429,,Bryce Brown,RB,RB,"https://static.www.nfl.com/image/private/f_auto,q_auto/league/sf0mz0q1kzqu2v3lmmsa",3,SEA,0,0,0,0,0,0,0,0,0,0,0,0,,0,,,25,72,1,0,0,6,-3.88617081812117,0,0,2,0,0,0,0,13,0,0,-1.37066501169465,0,0.0,0.0289855072463768,0.0212418300653595,0.0583475419153169,0,13.2,13.2
2015,REG+POST,00-0029435,,Damaris Johnson,WR,WR,"https://static.www.nfl.com/image/private/f_auto,q_auto/league/fbcf86kaohvtyvoz2t0y",1,NE,0,0,0,0,0,0,0,0,0,0,0,0,,0,,,1,6,0,0,0,0,0.258830004837364,0,0,0,0,0,0,0,0,0,0,,0,,,,,0,0.6,0.6
2015,REG+POST,00-0029438,,Chris Polk,RB,RB,"https://static.www.nfl.com/image/private/f_auto,q_auto/league/yuwqhwdnbrd2ie34zxz8",15,HOU,0,0,0,0,0,0,0,0,0,0,0,0,,0,,,99,334,1,0,0,13,-18.8337374870898,0,16,28,109,1,0,0,85,57,5,-5.43427068379242,0,1.28235294117647,0.0615384615384615,0.0196350196350196,0.106052206052206,0,56.3,72.3
2015,REG+POST,00-0029492,J.Olawale,Jamize Olawale,FB,RB,"https://static.www.nfl.com/image/private/f_auto,q_auto/league/dp7xdilrkk9f2i5ovne9",10,LV,0,0,0,0,0,0,0,0,0,0,0,0,,0,,,24,110,1,0,0,9,2.37884656863753,0,9,11,84,0,0,0,20,67,5,0.122205718304031,0,4.2,0.0484581497797357,0.0164338537387017,0.0841909222866947,0,25.4,34.4
2015,REG+POST,00-0029510,J.Grimes,Jonathan Grimes,RB,RB,"https://static.www.nfl.com/image/private/f_auto,q_auto/league/kzodfrw342cy91lw12n4",14,HOU,0,1,0,0,0,0,0,0,0,3,0,0,-0.958855908713304,0,0.0,,60,297,1,0,0,11,-3.25548090637312,1,28,33,185,1,0,0,77,140,8,0.140264403760675,0,2.4025974025974,0.0715835140997831,0.0189655172413793,0.12065113321864,0,62.2,90.2
2015,REG+POST,00-0029531,,Ryan Lindley,QB,QB,"https://static.www.nfl.com/image/private/f_auto,q_auto/league/hkcspynbhidpjfs3npao",1,IND,6,10,58,1,0,0,0,0,0,83,11,4,3.3890308131231,0,0.698795180722892,0.1376688429778,0,0,0,0,0,0,,0,0,0,0,0,0,0,0,0,0,,0,,,,,0,6.32,6.32
2015,REG+POST,00-0029534,C.Helfet,Cooper Helfet,TE,TE,"https://static.www.nfl.com/image/private/f_auto,q_auto/league/qwcm0hofeezyv0fr1wbf",7,SEA,0,0,0,0,0,0,0,0,0,0,0,0,,0,,,0,0,0,0,0,0,,0,13,22,130,0,0,0,117,79,7,6.9185846443288,0,1.11111111111111,0.102325581395349,0.0683012259194396,0.201299230236631,0,13.0,26.0
2015,REG+POST,00-0029563,,Omar Bolden,FS,DB,"https://static.www.nfl.com/image/private/f_auto,q_auto/league/tmfmpcunarxqwp3gt8yb",1,DEN,0,0,0,0,0,0,0,0,0,0,0,0,,0,,,0,0,0,0,0,0,,0,0,0,0,0,0,0,0,0,0,,0,,,,,1,6.0,6.0
2015,REG+POST,00-0029567,N.Foles,Nick Foles,QB,QB,"https://static.www.nfl.com/image/private/f_auto,q_auto/league/dxuz2ir773wylutxo7zs",11,LA,190,337,2052,7,10,14,98,3,1,2707,1154,82,-89.1674896558741,1,0.758034724787588,-0.0127212482246795,17,20,1,1,1,4,-7.27369527381714,0,0,0,0,0,0,0,0,0,0,,0,,,,,0,96.08,96.08
2015,REG+POST,00-0029572,J.Wright,Jarius Wright,WR,WR,"https://static.www.nfl.com/image/private/f_auto,q_auto/league/f4xgfra44cd6qjy6havp",16,MIN,0,0,0,0,0,0,0,0,0,0,0,0,,0,,,1,29,0,0,0,1,1.87679189059418,0,35,53,451,0,1,1,486,178,25,15.0490519879632,0,0.92798353909465,0.124413145539906,0.163471241170535,0.301049587129234,0,46.0,81.0
2015,REG+POST,00-0029580,R.Matthews,Rishard Matthews,WR,WR,"https://static.www.nfl.com/image/private/f_auto,q_auto/league/fr7nzgwarzuorvi8cvlc",11,MIA,0,0,0,0,0,0,0,0,0,0,0,0,,0,,,1,4,0,0,0,0,-0.164231976959854,0,43,61,662,4,0,0,694,236,31,37.5477901066188,0,0.953890489913545,0.147342995169082,0.205751556477913,0.365040582288162,0,90.6,133.6
2015,REG+POST,00-0029587,R.Ellison,Rhett Ellison,TE,TE,"https://static.www.nfl.com/image/private/f_auto,q_auto/league/pqvmhpdoritjtp8ng7ep",11,MIN,0,0,0,0,0,0,0,0,0,0,0,0,,0,,,0,0,0,0,0,0,,0,11,19,124,1,0,0,28,126,5,1.70016965709558,0,4.42857142857143,0.064406779661017,0.0133779264214047,0.105974717986509,0,18.4,29.4
2015,REG+POST,00-0029588,,Dan Herron,RB,RB,,8,IND,0,0,0,0,0,0,0,0,0,0,0,0,,0,,,25,79,0,1,0,4,-5.93111212826021,0,9,10,47,0,0,0,13,35,1,-2.82716767588863,0,3.61538461538462,0.0444444444444444,0.0070118662351672,0.0715749730312837,0,12.6,21.6
2015,REG+POST,00-0029604,K.Cousins,Kirk Cousins,QB,QB,"https://static.www.nfl.com/image/upload/f_auto,q_auto/league/yt6n07jezvfmcsoq0j13",17,WAS,408,589,4495,30,11,32,245,7,4,4733,2030,218,85.5826288497099,2,0.949714768645679,0.134628419847595,28,50,6,4,0,9,5.07190104448819,0,0,0,0,0,0,0,0,0,0,,0,,,,,0,314.8,314.8
2015,REG+POST,00-0029608,T.Hilton,T.Y. Hilton,WR,WR,"https://static.www.nfl.com/image/private/f_auto,q_auto/league/b8kor0sgeynyd8u8cush",16,IND,0,0,0,0,0,0,0,0,0,0,0,0,,0,,,0,0,0,0,0,0,,0,69,134,1124,5,1,0,1724,381,49,16.0564718062349,0,0.651972157772622,0.221854304635762,0.330838610631357,0.564368484395592,0,142.4,211.4
2015,REG+POST,00-0029613,D.Martin,Doug Martin,RB,RB,"https://static.www.nfl.com/image/private/f_auto,q_auto/league/lhazttk4tjpi7ggf7du4",16,TB,0,0,0,0,0,0,0,0,0,0,0,0,,0,,,288,1402,6,4,4,61,-19.9801715427895,0,33,44,271,1,1,1,91,231,10,3.09171033049781,0,2.97802197802198,0.0896130346232179,0.0196332254584682,0.148162809755755,0,199.3,232.3
2015,REG+POST,00-0029614,,Chris Givens,WR,WR,,14,BAL,0,0,0,0,0,0,0,0,0,0,0,0,,0,,,4,18,0,0,0,1,-2.03651443694253,0,20,54,353,1,0,0,723,52,13,-10.0622536051595,0,0.488243430152144,0.0996309963099631,0.171733966745843,0.269660271187035,0,43.1,63.1
2015,REG+POST,00-0029615,L.Miller,Lamar Miller,RB,RB,"https://static.www.nfl.com/image/private/f_auto,q_auto/league/vqxh6ynpmczzfyl9kcgq",16,MIA,0,0,0,0,0,0,0,0,0,0,0,0,,0,,,194,872,8,1,1,40,-15.3348288134786,0,47,57,397,2,0,0,-3,427,14,11.939983484539,0,-132.333333333333,0.105555555555556,-0.0006880733944954,0.157851681957187,0,184.9,231.9
2015,REG+POST,00-0029619,,Jorvorskie Lane,FB,RB,"https://static.www.nfl.com/image/private/f_auto,q_auto/league/fru99ajpyfcvy4hrigtx",3,TB,0,0,0,0,0,0,0,0,0,0,0,0,,0,,,1,0,0,0,0,0,-0.440364166162908,0,2,2,13,0,0,0,2,11,0,0.723366240039468,0,6.5,0.027027027027027,0.0024183796856106,0.042233406320468,0,1.3,3.3
2015,REG+POST,00-0029623,A.Tanney,Alex Tanney,QB,QB,"https://static.www.nfl.com/image/private/f_auto,q_auto/league/imvd4rxtknm0ob8oul5z",1,TEN,10,14,99,1,0,3,34,0,0,123,24,7,-0.563154807892338,0,0.804878048780488,0.0744311825583884,0,0,0,0,0,0,,0,0,0,0,0,0,0,0,0,0,,0,,,,,0,7.96,7.96
2015,REG+POST,00-0029626,,Isaiah Pead,RB,RB,,1,LA,0,0,0,0,0,0,0,0,0,0,0,0,,0,,,2,3,0,1,1,0,-6.21652351028752,0,0,0,0,0,0,0,0,0,0,,0,,,,,0,-1.7,-1.7
2015,REG+POST,00-0029632,M.Sanu,Mohamed Sanu,WR,WR,"https://static.www.nfl.com/image/private/f_auto,q_auto/league/a6loroqhta6g65aqnsrk",17,CIN,0,0,0,0,0,0,0,0,0,0,0,0,,0,,,10,71,2,0,0,3,5.29308092052816,0,36,54,411,0,1,0,352,206,19,7.89266990260572,0,1.16761363636364,0.101123595505618,0.0749574105621806,0.204155580651953,0,60.2,96.2
2015,REG+POST,00-0029634,J.Hanna,James Hanna,TE,TE,"https://static.www.nfl.com/image/private/f_auto,q_auto/league/rtnxe02klclu847zqbdq",8,DAL,0,0,0,0,0,0,0,0,0,0,0,0,,0,,,0,0,0,0,0,0,,0,9,14,79,0,0,0,60,77,4,-2.27437935391208,0,1.31666666666667,0.0553359683794466,0.0327153762268266,0.105904715927949,0,7.9,16.9
2015,REG+POST,00-0029638,M.Floyd,Michael Floyd,WR,WR,"https://static.www.nfl.com/image/private/f_auto,q_auto/league/lisxjuyoo7hiux1ac4jb",17,ARI,0,0,0,0,0,0,0,0,0,0,0,0,,0,,,0,0,0,0,0,0,,0,58,104,912,8,0,0,1631,235,46,36.4118046178323,0,0.559166155732679,0.172757475083056,0.248741802653653,0.433255474482142,0,139.2,197.2
2015,REG+POST,00-0029640,B.Quick,Brian Quick,WR,WR,"https://static.www.nfl.com/image/private/f_auto,q_auto/league/tayczwuhluj2hyrva3cp",9,LA,0,0,0,0,0,0,0,0,0,0,0,0,,0,,,0,0,0,0,0,0,,0,10,32,102,0,0,0,512,39,5,-11.0339903984714,0,0.19921875,0.109965635738832,0.214225941422594,0.314906612604063,0,10.2,20.2
2015,REG+POST,00-0029647,K.Wilber,Kyle Wilber,OLB,LB,"https://static.www.nfl.com/image/private/f_auto,q_auto/league/jihvpjzchro8ggkx2gus",1,DAL,0,0,0,0,0,0,0,0,0,0,0,0,,0,,,0,0,0,0,0,0,,0,0,0,0,0,0,0,0,0,0,,0,,,,,1,6.0,6.0
2015,REG+POST,00-0029660,T.Graham,Trevor Graham,WR,WR,"https://static.www.nfl.com/image/private/f_auto,q_auto/league/wlgjczfjbekzvbjmgtzc",3,NO,0,0,0,0,0,0,0,0,0,0,0,0,,0,,,0,0,0,0,0,0,,0,4,4,24,0,0,0,-17,41,1,-0.530234975507483,0,0.0,0.0357142857142857,-0.0198830409356725,0.0396532999164578,0,2.4,6.4
2015,REG+POST,00-0029668,A.Luck,Andrew Luck,QB,QB,"https://static.www.nfl.com/image/private/f_auto,q_auto/league/ojix2ha2u58zqozaw756",7,IND,162,293,1881,15,12,15,88,2,0,2824,698,90,-8.34606684258604,1,0.666076487252125,0.0245711723205558,33,196,0,1,1,13,-0.973800761217717,0,0,0,0,0,0,0,0,0,0,,0,,,,,0,130.84,130.84
2015,REG+POST,00-0029677,B.Weeden,Brandon Weeden,QB,QB,"https://static.www.nfl.com/image/private/f_auto,q_auto/league/m8oocp4p9nskilnakgnw",6,HOU,97,140,1043,5,2,10,77,2,1,1016,484,53,12.1631909362093,0,1.02657480314961,0.145532865228883,16,47,1,0,0,5,7.11747635797176,0,0,0,0,0,0,0,0,0,0,,0,,,,,0,66.42,66.42
2015,REG+POST,00-0029682,B.Osweiler,Brock Osweiler,QB,QB,"https://static.www.nfl.com/image/private/f_auto,q_auto/league/pwkmtgeitdi79qtumb2x",8,DEN,170,275,1967,10,6,23,151,3,1,2422,885,91,5.10807413850175,0,0.812138728323699,0.0549255197070556,21,61,1,1,0,5,-0.643406336322956,0,0,0,0,0,0,0,0,0,0,,0,,,,,0,116.78,116.78
2015,REG+POST,00-0029683,R.Hillman,Ronnie Hillman,RB,RB,"https://static.www.nfl.com/image/private/f_auto,q_auto/league/quqwvjr2zciit0emquzg",19,DEN,0,0,0,0,0,0,0,0,0,0,0,0,,0,,,239,917,7,2,1,45,-30.8263662456089,0,25,39,118,0,1,0,50,123,3,-19.1706901285227,0,2.36,0.0678260869565218,0.0101337657073368,0.108832766429918,0,143.5,168.5
2015,REG+POST,00-0029688,D.Poe,Dontari Poe,DT,DL,"https://static.www.nfl.com/image/private/f_auto,q_auto/league/yphm7skgry6rvmkxgvyg",1,KC,0,0,0,0,0,0,0,0,0,0,0,0,,0,,,1,1,1,0,0,1,2.76251429051626,0,0,0,0,0,0,0,0,0,0,,0,,,,,0,6.1,6.1
2015,REG+POST,00-0029689,D.Allen,Dwayne Allen,TE,TE,"https://static.www.nfl.com/image/private/f_auto,q_auto/league/wduwt0ibzoutozuywe4b",12,IND,0,0,0,0,0,0,0,0,0,0,0,0,,0,,,1,1,0,0,0,1,0.342033183609601,0,16,29,109,1,0,0,176,50,4,-2.72087476821616,0,0.619318181818182,0.0637362637362637,0.0479825517993457,0.129192181863938,0,17.0,33.0
2015,REG+POST,00-0029697,C.Fleener,Coby Fleener,TE,TE,"https://static.www.nfl.com/image/private/f_auto,q_auto/league/csj8khi0e2rpkvqqjmc1",15,IND,0,0,0,0,0,0,0,0,0,0,0,0,,0,,,0,0,0,0,0,0,,0,54,84,491,3,0,0,671,178,23,-12.5117586077959,1,0.731743666169896,0.147627416520211,0.138808440215143,0.318607032930916,0,69.1,123.1
2015,REG+POST,00-0029701,R.Tannehill,Ryan Tannehill,QB,QB,"https://static.www.nfl.com/image/private/f_auto,q_auto/league/yvwju12dl6haf3r8uzrm",16,MIA,363,586,4208,24,12,45,420,8,3,5146,1861,193,-2.8263507271417,1,0.817722502914885,0.0585618697516079,32,141,1,2,0,8,-0.0913043501204811,0,1,1,9,0,0,0,3,6,0,1.14097248273902,0,3.0,0.0285714285714286,0.014218009478673,0.0528097494922139,0,257.32,258.32
2015,REG+POST,00-0029708,K.Wright,Kendall Wright,WR,WR,"https://static.www.nfl.com/image/private/f_auto,q_auto/league/edsrjypqphqpfqezc5k9",10,TEN,0,0,0,0,0,0,0,0,0,0,0,0,,0,,,5,17,0,0,0,1,-0.225007309461944,0,36,60,408,3,0,0,701,143,21,-1.35476471360648,0,0.582025677603424,0.171919770773639,0.227375932533247,0.417042808933731,0,60.5,96.5
2015,REG+POST,00-0029729,A.Johnson,Austin Johnson,FB,RB,"https://static.www.nfl.com/image/private/f_auto,q_auto/league/se6aqbzkyvpmtcr46bwz",5,NO,0,0,0,0,0,0,0,0,0,0,0,0,,0,,,4,9,1,0,0,3,3.62258460384328,0,5,8,30,0,0,0,22,23,3,2.19480368215591,0,1.36363636363636,0.046242774566474,0.0158273381294964,0.0804432985403585,0,9.9,14.9
2015,REG+POST,00-0029731,F.Whittaker,Fozzy Whittaker,RB,RB,"https://static.www.nfl.com/image/private/f_auto,q_auto/league/lyk6elzqjynnxbxe6qlr",15,CAR,0,0,0,0,0,0,0,0,0,0,0,0,,0,,,31,132,1,0,0,9,-0.595270047313534,0,13,17,78,0,0,0,-11,125,3,-6.75752640669816,0,-7.09090909090909,0.0450928381962865,-0.0027445109780439,0.065718099609799,0,27.0,40.0
2015,REG+POST,00-0029738,D.Fells,Darren Fells,TE,TE,"https://static.www.nfl.com/image/private/f_auto,q_auto/league/eh0rbweg4wbzgzpvprnv",13,ARI,0,0,0,0,0,0,0,0,0,0,0,0,,0,,,0,0,0,0,0,0,,0,25,34,361,4,0,0,290,160,17,26.0645961950403,0,1.2448275862069,0.0712788259958071,0.0547996976568405,0.145278027353499,0,60.1,85.1
2015,REG+POST,00-0029755,,Brian Leonhardt,TE,TE,,1,SF,0,0,0,0,0,0,0,0,0,0,0,0,,0,,,0,0,0,0,0,0,,0,1,1,4,0,0,0,2,2,0,0.0968183283694088,0,2.0,0.0357142857142857,0.0089285714285714,0.0598214285714286,0,0.4,1.4
2015,REG+POST,00-0029764,C.Davis,Cody Davis,FS,DB,"https://static.www.nfl.com/image/private/f_auto,q_auto/league/pdijtrs1tnltal8g6cmx",2,LA,0,0,0,0,0,0,0,0,0,0,0,0,,0,,,0,0,0,0,0,0,,0,1,2,20,0,0,0,23,0,1,0.96658809541259,0,0.869565217391304,0.0303030303030303,0.0380165289256198,0.0720661157024793,0,2.0,3.0
2015,REG+POST,00-0029795,B.Cunningham,Benny Cunningham,RB,RB,"https://static.www.nfl.com/image/private/f_auto,q_auto/league/yo9hvf3gnoxj7prmruo8",14,LA,0,0,0,0,0,0,0,0,0,0,0,0,,0,,,37,140,0,1,0,7,-8.09918833120986,0,26,36,250,0,0,0,8,239,12,4.05381028115563,0,31.25,0.0906801007556675,0.0031286664059444,0.138210217617662,0,39.0,65.0
2015,REG+POST,00-0029848,N.Williams,Nick Williams,WR,WR,"https://static.www.nfl.com/image/private/f_auto,q_auto/league/xzbqirh5sxfjtmmnrupw",11,ATL,0,0,0,0,0,0,0,0,0,0,0,0,,0,,,0,0,0,0,0,0,,0,17,25,159,2,0,0,142,96,11,3.6353086954332,0,1.11971830985916,0.0586854460093897,0.0488476092191262,0.122221495467473,0,27.9,44.9
2015,REG+POST,00-0029854,C.Anderson,C.J. Anderson,RB,RB,"https://static.www.nfl.com/image/private/f_auto,q_auto/league/jqqdxuowpdgl06zy0g0a",18,DEN,0,0,0,0,0,0,0,0,0,0,0,0,,0,,,206,954,7,2,2,42,-25.1451250406375,0,34,46,222,0,0,0,68,177,6,-15.6303620846724,0,3.26470588235294,0.0714285714285714,0.0133963750985028,0.116520319711809,0,155.6,189.6
2015,REG+POST,00-0029878,M.Gray,MarQueis Gray,TE,TE,"https://static.www.nfl.com/image/private/f_auto,q_auto/league/pbuxaz8hy9fxow3zq5sr",1,BUF,0,0,0,0,0,0,0,0,0,0,0,0,,0,,,0,0,0,0,0,0,,0,1,1,2,0,0,0,-1,3,0,-0.286339706741273,0,0.0,0.0238095238095238,-0.0024937655860349,0.0339686498040613,0,0.2,1.2
2015,REG+POST,00-0029892,K.Juszczyk,Kyle Juszczyk,FB,RB,"https://static.www.nfl.com/image/upload/f_auto,q_auto/league/mfhpygabawkeioplae7a",16,BAL,0,0,0,0,0,0,0,0,0,0,0,0,,0,,,2,3,0,0,0,0,-0.817071400815621,0,41,56,321,4,0,0,70,270,17,2.05839806907415,0,4.58571428571429,0.0838323353293413,0.0156915489800493,0.136732587280047,0,56.4,97.4
2015,REG+POST,00-0029910,T.Wright,Timothy Wright,TE,TE,"https://static.www.nfl.com/image/private/f_auto,q_auto/league/wydzzhwo9is11uqaeffj",6,DET,0,0,0,0,0,0,0,0,0,0,0,0,,0,,,0,0,0,0,0,0,,0,9,16,77,2,0,0,127,25,6,-0.556918419822977,0,0.606299212598425,0.0686695278969957,0.074009324009324,0.15481081865202,0,19.7,28.7
2015,REG+POST,00-0029931,Z.Line,Zach Line,FB,RB,"https://static.www.nfl.com/image/private/f_auto,q_auto/league/dddfiilg9qy54xtorb6r",11,MIN,0,0,0,0,0,0,0,0,0,0,0,0,,0,,,6,10,2,0,0,3,-1.09096100699389,0,8,11,102,1,0,0,5,95,5,7.42038122552913,0,20.4,0.0445344129554656,0.0038255547054322,0.069479507727001,0,29.2,37.2
2015,REG+POST,00-0030000,K.Thompkins,Kenbrell Thompkins,WR,WR,"https://static.www.nfl.com/image/private/f_auto,q_auto/league/coyaltbvkpvvojjd5sjh",6,NYJ,0,0,0,0,0,0,0,0,0,0,0,0,,0,,,0,0,0,0,0,0,,0,17,33,165,0,0,0,415,68,7,-11.1615573377327,0,0.397590361445783,0.143478260869565,0.190018315018315,0.348230211817168,0,16.5,33.5
2015,REG+POST,00-0030035,A.Thielen,Adam Thielen,WR,WR,"https://static.www.nfl.com/image/upload/f_auto,q_auto/league/pxehgo0l9xl03n7dronf",10,MIN,0,0,0,0,0,0,0,0,0,0,0,0,,0,,,4,89,0,0,0,4,9.03918735642219,0,12,19,144,0,0,0,172,47,5,3.10129651607802,0,0.837209302325582,0.0808510638297872,0.0973401245048104,0.189414682898048,0,23.3,35.3
2015,REG+POST,00-0030039,,Kendall Gaskins,RB,RB,,4,SF,0,0,0,0,0,0,0,0,0,0,0,0,,0,,,16,38,0,0,0,3,-5.84972845809534,0,8,10,69,0,0,0,11,55,3,3.00514489301713,0,6.27272727272727,0.10989010989011,0.0195729537366548,0.178536232450823,0,10.7,18.7
2015,REG+POST,00-0030047,M.Wilson,Marquess Wilson,WR,WR,"https://static.www.nfl.com/image/private/f_auto,q_auto/league/gtmp1bvlbgxnadkq3w7e",11,CHI,0,0,0,0,0,0,0,0,0,0,0,0,,0,,,0,0,0,0,0,0,,0,28,51,464,1,0,0,669,186,20,14.1465474118538,0,0.693572496263079,0.137466307277628,0.226702812605896,0.364891429740569,0,52.4,80.4
2015,REG+POST,00-0030049,C.Gragg,Chris Gragg,TE,TE,"https://static.www.nfl.com/image/private/f_auto,q_auto/league/wljmssrm2nmd3y4pbejd",7,BUF,0,0,0,0,0,0,0,0,0,0,0,0,,0,,,0,0,0,0,0,0,,0,12,20,150,0,0,0,186,50,8,3.112424088883,0,0.806451612903226,0.0829875518672199,0.0741035856573705,0.176353837760989,0,15.0,27.0
2015,REG+POST,00-0030061,Z.Ertz,Zach Ertz,TE,TE,"https://static.www.nfl.com/image/upload/f_auto,q_auto/league/xktmmeumuoglbuam75iz",15,PHI,0,0,0,0,0,0,0,0,0,0,0,0,,0,,,0,0,0,0,0,0,,0,75,112,853,2,1,1,948,298,39,6.46038967108111,0,0.899789029535865,0.188870151770658,0.234595397178916,0.447522005681228,0,95.3,170.3
2015,REG+POST,00-0030068,M.Goodwin,Marquise Goodwin,WR,WR,"https://static.www.nfl.com/image/upload/f_auto,q_auto/league/cof5bbih1o9dtnonwmjp",1,BUF,0,0,0,0,0,0,0,0,0,0,0,0,,0,,,0,0,0,0,0,0,,0,2,2,24,0,0,0,22,2,2,2.80889771599323,0,1.09090909090909,0.111111111111111,0.134146341463415,0.260569105691057,0,2.4,4.4
2015,REG+POST,00-0030073,,Duke Williams,SS,DB,"https://static.www.nfl.com/image/private/f_auto,q_auto/league/njjjb3opr1hkpzswdz7y",1,BUF,0,0,0,0,0,0,0,0,0,0,0,0,,0,,,0,0,0,0,0,0,,0,0,0,0,0,0,0,0,0,0,,0,,,,,1,6.0,6.0
2015,REG+POST,00-0030085,K.Stills,Kenny Stills,WR,WR,"https://static.www.nfl.com/image/private/f_auto,q_auto/league/wswn6tehkzj8mdfbablx",15,MIA,0,0,0,0,0,0,0,0,0,0,0,0,,0,,,0,0,0,0,0,0,,0,27,63,440,3,0,0,1041,102,18,-2.38055343886342,0,0.422670509125841,0.112299465240642,0.207205414012739,0.31349298766988,0,62.0,89.0
2015,REG+POST,00-0030089,L.Willson,Luke Willson,TE,TE,"https://static.www.nfl.com/image/private/f_auto,q_auto/league/a6zcpjyfusebcm8i3w2w",14,SEA,0,0,0,0,0,0,0,0,0,0,0,0,,0,,,0,0,0,0,0,0,,0,21,33,267,1,0,0,261,132,15,5.115786677709,0,1.02298850574713,0.0756880733944954,0.0673027333677153,0.160644023449144,0,32.7,53.7
2015,REG+POST,00-0030095,C.Fuller,Corey Fuller,WR,WR,"https://static.www.nfl.com/image/private/f_auto,q_auto/league/omxsxhwznxnay3ynkjph",4,DET,0,0,0,0,0,0,0,0,0,0,0,0,,0,,,0,0,0,0,0,0,,0,4,9,76,0,0,0,143,9,3,2.2595681460225,0,0.531468531468532,0.05,0.10310021629416,0.147170151405912,0,7.6,11.6
2015,REG+POST,00-0030107,T.Riddick,Theo Riddick,RB,RB,"https://static.www.nfl.com/image/private/f_auto,q_auto/league/aptuag5ocazmionhvnt6",16,DET,0,0,0,0,0,0,0,0,0,0,0,0,,0,,,43,133,0,1,1,6,-14.7675080947811,0,80,99,697,3,0,0,74,653,32,17.874343796882,0,9.41891891891892,0.159163987138264,0.0205669816564758,0.253142867866929,0,99.0,179.0
2015,REG+POST,00-0030108,R.Griffin,Ryan Griffin,TE,TE,"https://static.www.nfl.com/image/private/f_auto,q_auto/league/izjfxtmk2dhzhrlwpt9g",10,HOU,0,0,0,0,0,0,0,0,0,0,0,0,,0,,,0,0,0,0,0,0,,0,23,42,280,2,0,0,366,112,16,13.3350865913671,0,0.765027322404372,0.125373134328358,0.123523455956801,0.274526120662298,0,40.0,63.0
2015,REG+POST,00-0030110,,Michael Williams,TE,TE,"https://static.www.nfl.com/image/private/f_auto,q_auto/league/ozmy8cykkhdsxad0854a",5,NE,0,0,0,0,0,0,0,0,0,0,0,0,,0,,,0,0,0,0,0,0,,0,3,6,26,0,0,0,31,13,1,-0.420976979250554,0,0.838709677419355,0.0273972602739726,0.0178571428571429,0.0535958904109589,0,2.6,5.6
2015,REG+POST,00-0030112,T.Bohanon,Tommy Bohanon,FB,RB,"https://static.www.nfl.com/image/private/f_auto,q_auto/league/lmoesdqqzu6v8rmnyqlk",5,NYJ,0,0,0,0,0,0,0,0,0,0,0,0,,0,,,2,2,0,0,0,0,-3.65484661795199,0,4,8,56,0,0,0,15,38,3,1.13033835479291,0,3.73333333333333,0.0547945205479452,0.0109409190371991,0.0898504241479572,0,5.8,9.8
2015,REG+POST,00-0030113,C.Johnson,Charles D. Johnson,WR,WR,"https://static.www.nfl.com/image/private/f_auto,q_auto/league/g9xhdanrpvnxwrqhran5",6,MIN,0,0,0,0,0,0,0,0,0,0,0,0,,0,,,0,0,0,0,0,0,,0,9,13,127,0,0,0,154,28,5,1.58236158850677,0,0.824675324675325,0.0797546012269939,0.11837048424289,0.202491240810514,0,12.7,21.7
2015,REG+POST,00-0030114,J.Poyer,Jordan Poyer,SS,DB,"https://static.www.nfl.com/image/upload/f_auto,q_auto/league/jhigvtvtb3jielxsxiyl",1,CLE,0,0,0,0,0,0,0,0,0,0,0,0,,0,,,1,10,0,0,0,1,3.02082754066214,0,0,0,0,0,0,0,0,0,0,,0,,,,,0,1.0,1.0
2015,REG+POST,00-0030117,K.Williams,Kerwynn Williams,RB,RB,"https://static.www.nfl.com/image/private/f_auto,q_auto/league/g8b72moacoymckyvl0ig",5,ARI,0,0,0,0,0,0,0,0,0,0,0,0,,0,,,27,142,1,1,1,6,-7.92283968426669,0,2,2,16,0,0,0,9,7,1,0.348041815334,0,1.77777777777778,0.0338983050847458,0.0129124820659971,0.0598861950733166,0,19.8,21.8
2015,REG+POST,00-0030120,,B.J. Daniels,WR,WR,"https://static.www.nfl.com/image/private/f_auto,q_auto/league/hgb4nlos0ngzdfbbnxeo",3,HOU,1,2,7,0,0,0,0,0,0,32,10,0,0.194325051270425,0,0.21875,,6,6,0,0,0,0,-1.29509459418478,0,2,2,18,0,0,0,11,7,0,1.23469768906944,0,1.63636363636364,0.037037037037037,0.0271604938271605,0.0745679012345679,0,2.68,4.68
2015,REG+POST,00-0030147,R.Shepard,Russell Shepard,WR,WR,"https://static.www.nfl.com/image/private/f_auto,q_auto/league/gk2saq7m1jxl90g9slks",7,TB,0,0,0,0,0,0,0,0,0,0,0,0,,0,,,0,0,0,0,0,0,,0,3,9,28,1,0,0,135,1,3,0.460586979475202,0,0.207407407407407,0.0350194552529183,0.0505050505050505,0.0878827182329128,0,8.8,11.8
2015,REG+POST,00-0030154,F.Hammond,Frankie Hammond,WR,WR,"https://static.www.nfl.com/image/private/f_auto,q_auto/league/ltfmkyja5eaw30hmnw9w",2,KC,0,0,0,0,0,0,0,0,0,0,0,0,,0,,,0,0,0,0,0,0,,0,2,2,5,0,0,0,-3,8,0,-1.32049999677129,0,0.0,0.0289855072463768,-0.0053763440860215,0.0397148200093502,0,0.5,2.5
2015,REG+POST,00-0030155,D.Harris,Demetrius Harris,TE,TE,"https://static.www.nfl.com/image/private/f_auto,q_auto/league/nlajcnjlosuajmqswxvl",7,KC,0,0,0,0,0,0,0,0,0,0,0,0,,0,,,0,0,0,0,0,0,,0,8,12,84,1,0,0,84,29,3,4.25869874766795,0,1.0,0.0538116591928251,0.0511259890444309,0.116505681120339,0,14.4,22.4
2015,REG+POST,00-0030162,,Rico Richardson,WR,WR,,3,TEN,0,0,0,0,0,0,0,0,0,0,0,0,,0,,,0,0,0,0,0,0,,0,0,5,0,0,0,0,106,0,0,-3.86368014157051,0,0.0,0.0568181818181818,0.132998745294856,0.178326394433672,0,0.0,0.0
2015,REG+POST,00-0030181,J.Doyle,Jack Doyle,TE,TE,"https://static.www.nfl.com/image/private/f_auto,q_auto/league/h6abyvmg2g93llboizi6",7,IND,0,0,0,0,0,0,0,0,0,0,0,0,,0,,,0,0,0,0,0,0,,0,12,14,72,1,0,0,22,56,6,4.57987295446219,0,3.27272727272727,0.0566801619433198,0.0127241179872759,0.0939271255060729,0,13.2,25.2
2015,REG+POST,00-0030187,R.Ross,Rashad Ross,WR,WR,"https://static.www.nfl.com/image/private/f_auto,q_auto/league/fp2xocefywdhxkdnagxm",6,WAS,0,0,0,0,0,0,0,0,0,0,0,0,,0,,,0,0,0,0,0,0,,0,9,14,186,1,0,0,257,70,5,9.93672458510012,0,0.723735408560311,0.0578512396694215,0.131457800511509,0.178797319862189,2,36.6,45.6
2015,REG+POST,00-0030196,J.Heath,Jeff Heath,SS,DB,"https://static.www.nfl.com/image/private/f_auto,q_auto/league/knimytdhoo3rqiacbgtm",1,DAL,0,0,0,0,0,0,0,0,0,0,0,0,,0,,,1,2,0,0,0,1,1.98688658117317,0,0,0,0,0,0,0,0,0,0,,0,,,,,0,0.2,0.2
2015,REG+POST,00-0030216,J.Hill,Josh Hill,TE,TE,"https://static.www.nfl.com/image/private/f_auto,q_auto/league/vdva7m1fxklv6gxbsg7q",13,NO,0,0,0,0,0,0,0,0,0,0,0,0,,0,,,0,0,0,0,0,0,,0,16,30,120,2,0,0,145,76,8,1.34963573102141,0,0.827586206896552,0.0560747663551402,0.0331504343850023,0.107317453602212,0,24.0,40.0
2015,REG+POST,00-0030247,G.Winn,George Winn,RB,RB,"https://static.www.nfl.com/image/private/f_auto,q_auto/league/bpqkhgre4v8qec7nnrov",2,DET,0,0,0,0,0,0,0,0,0,0,0,0,,0,,,4,1,0,0,0,0,-2.03031522224774,0,0,0,0,0,0,0,0,0,0,,0,,,,,0,0.1,0.1
2015,REG+POST,00-0030248,,Cierre Wood,RB,RB,"https://static.www.nfl.com/image/private/f_auto,q_auto/league/m3yfsak9gf6s9ioab39h",2,BUF,0,0,0,0,0,0,0,0,0,0,0,0,,0,,,2,3,0,0,0,0,-0.81019560014829,0,1,1,-6,0,0,0,-6,0,0,-1.5324897095561,0,1.0,0.0238095238095238,-0.0149625935162095,0.0252404702529391,0,-0.3,0.7
2015,REG+POST,00-0030272,,Jake Stoneburner,TE,TE,"https://static.www.nfl.com/image/private/f_auto,q_auto/league/sjlionnvt0ghmgmxpng8",3,MIA,0,0,0,0,0,0,0,0,0,0,0,0,,0,,,0,0,0,0,0,0,,0,5,5,47,2,0,0,31,16,3,5.17501461156644,0,1.51612903225806,0.0367647058823529,0.0254515599343186,0.0729631507775524,0,16.7,21.7
2015,REG+POST,00-0030274,M.White,Myles White,WR,WR,"https://static.www.nfl.com/image/private/f_auto,q_auto/league/yci9mc5ska3b3a5so93l",9,NYG,0,0,0,0,0,0,0,0,0,0,0,0,,0,,,0,0,0,0,0,0,,0,7,20,88,1,0,0,279,7,4,-2.39989925566058,0,0.315412186379928,0.0542005420054201,0.0996784565916399,0.151075732622278,0,14.8,21.8
2015,REG+POST,00-0030279,K.Allen,Keenan Allen,WR,WR,"https://static.www.nfl.com/image/upload/f_auto,q_auto/league/lngo1onvkcqjnq7ozkuu",8,LAC,0,0,0,0,0,0,0,0,0,0,0,0,,0,,,0,0,0,0,0,0,,0,67,89,725,4,0,0,681,236,34,32.5403559146898,0,1.06461086637298,0.255014326647564,0.293534482758621,0.587995627902381,0,96.5,163.5
2015,REG+POST,00-0030280,K.Davis,Knile Davis,RB,RB,"https://static.www.nfl.com/image/private/f_auto,q_auto/league/iyq9jy1o5g05fdvqftez",11,KC,0,0,0,0,0,0,0,0,0,0,0,0,,0,,,38,114,1,0,0,7,-5.97717522509629,0,4,6,37,0,1,1,12,37,1,-5.54823067645418,0,3.08333333333333,0.0428571428571429,0.0117994100294985,0.0725453013063633,1,25.1,29.1
2015,REG+POST,00-0030282,,Stepfan Taylor,RB,RB,"https://static.www.nfl.com/image/private/f_auto,q_auto/league/lmm9nz05jrntbpuaveqc",6,ARI,0,0,0,0,0,0,0,0,0,0,0,0,,0,,,17,58,0,0,0,5,-1.3042100117309,0,1,3,4,0,0,0,8,0,0,-3.79183274816528,0,0.5,0.032258064516129,0.0082815734989648,0.0541841982234689,0,6.2,7.2
2015,REG+POST,00-0030287,A.Ellington,Andre Ellington,RB,RB,"https://static.www.nfl.com/image/private/f_auto,q_auto/league/seb6k3tjdcgi8tqmzt2z",12,ARI,0,0,0,0,0,0,0,0,0,0,0,0,,0,,,49,292,3,1,1,11,0.169975391501794,0,15,26,148,0,0,0,98,80,8,0.6960024778964,0,1.51020408163265,0.0637254901960784,0.0222121486854034,0.1111367393739,0,60.0,75.0
2015,REG+POST,00-0030288,R.Burkhead,Rex Burkhead,RB,RB,"https://static.www.nfl.com/image/private/f_auto,q_auto/league/ysgdnkasvp07qmrkasve",13,CIN,0,0,0,0,0,0,0,0,0,0,0,0,,0,,,5,8,0,1,1,0,-9.07026659994153,0,11,16,99,1,0,0,164,31,4,-2.2524723150226,0,0.603658536585366,0.0435967302452316,0.0504926108374384,0.100739922954054,0,14.7,25.7
2015,REG+POST,00-0030300,J.Brown,Jaron Brown,WR,WR,"https://static.www.nfl.com/image/private/f_auto,q_auto/league/y41u4egwigms9rg2p3ln",11,ARI,0,0,0,0,0,0,0,0,0,0,0,0,,0,,,0,0,0,0,0,0,,0,12,24,160,1,0,0,324,27,9,0.0560219378677442,0,0.493827160493827,0.0592592592592593,0.0717449069973428,0.139110323787029,0,22.0,34.0
2015,REG+POST,00-0030348,,Khiry Robinson,RB,RB,"https://static.www.nfl.com/image/private/f_auto,q_auto/league/voprwcuquojlvepcmzmh",8,NO,0,0,0,0,0,0,0,0,0,0,0,0,,0,,,56,180,4,0,0,14,-4.33322331830277,0,17,20,115,0,0,0,-37,155,4,1.92830944732858,0,-3.10810810810811,0.0586510263929619,-0.0148833467417538,0.0775581968702151,0,53.5,70.5
2015,REG+POST,00-0030388,,Joseph Randle,RB,RB,"https://static.www.nfl.com/image/private/f_auto,q_auto/league/ok4rzlin9g6kxfr9lajx",6,DAL,0,0,0,0,0,0,0,0,0,0,0,0,,0,,,76,315,4,1,0,15,-6.53557127041859,0,10,10,86,0,0,0,8,78,6,5.21984942513518,0,10.75,0.0694444444444445,0.0100882723833544,0.111228457335015,0,64.1,74.1
2015,REG+POST,00-0030392,M.Mauti,Michael Mauti,MLB,LB,"https://static.www.nfl.com/image/private/f_auto,q_auto/league/qbmzn7okusalzkyo5zgk",1,NO,0,0,0,0,0,0,0,0,0,0,0,0,,0,,,0,0,0,0,0,0,,0,0,0,0,0,0,0,0,0,0,,0,,,,,1,6.0,6.0
2015,REG+POST,00-0030400,M.Brown,Marlon Brown,WR,WR,"https://static.www.nfl.com/image/private/f_auto,q_auto/league/zdfywwd0yvsd6okfa5sr",9,BAL,0,0,0,0,0,0,0,0,0,0,0,0,,0,,,0,0,0,0,0,0,,0,14,30,112,0,0,0,265,46,4,-3.87599682524733,0,0.422641509433962,0.0819672131147541,0.0941719971570718,0.188871217682081,0,11.2,25.2
2015,REG+POST,00-0030404,C.Thompson,Chris Thompson,RB,RB,"https://static.www.nfl.com/image/private/f_auto,q_auto/league/ypyldro2efcy5jcrytft",14,WAS,0,0,0,0,0,0,0,0,0,0,0,0,,0,,,36,241,0,1,0,9,-1.70049764917512,0,43,56,329,2,1,0,194,231,16,6.36548050884438,0,1.69587628865979,0.117647058823529,0.0536949903127595,0.214057081454226,0,69.0,112.0
2015,REG+POST,00-0030405,J.Locke,Jeff Locke,P,SPEC,"https://static.www.nfl.com/image/private/f_auto,q_auto/league/ehxspsqfck3sz2ju7t6x",1,MIN,0,0,0,0,0,0,0,0,0,0,0,0,,0,,,1,-6,0,0,0,0,-1.22488908411469,0,0,0,0,0,0,0,0,0,0,,0,,,,,0,-0.6,-0.6
2015,REG+POST,00-0030414,S.Ware,Spencer Ware,RB,RB,"https://static.www.nfl.com/image/private/f_auto,q_auto/league/qr04afpcu3fqpgxnws6t",10,KC,0,0,0,0,0,0,0,0,0,0,0,0,,0,,,88,470,7,0,0,23,10.86852375124,0,6,6,5,0,0,0,-7,12,0,-4.74118037521839,0,-0.714285714285714,0.0810810810810811,-0.0130111524163569,0.112513814930172,0,89.5,95.5
2015,REG+POST,00-0030419,M.McGloin,Matt McGloin,QB,QB,"https://static.www.nfl.com/image/private/f_auto,q_auto/league/zwrox2g1yauaa1csdhrw",2,LV,23,32,142,2,1,2,20,1,1,173,64,10,-5.34820611705072,0,0.820809248554913,0.0282401774869544,0,0,0,0,0,0,,0,0,0,0,0,0,0,0,0,0,,0,,,,,0,9.68,9.68
2015,REG+POST,00-0030422,D.Sims,Dion Sims,TE,TE,"https://static.www.nfl.com/image/private/f_auto,q_auto/league/gvok1agdl3xtz9nceqfr",12,MIA,0,0,0,0,0,0,0,0,0,0,0,0,,0,,,0,0,0,0,0,0,,0,18,25,127,1,1,1,157,81,7,-7.47723305817621,0,0.808917197452229,0.0592417061611374,0.0429548563611491,0.118930958694511,0,16.7,34.7
2015,REG+POST,00-0030431,R.Woods,Robert Woods,WR,WR,"https://static.www.nfl.com/image/upload/f_auto,q_auto/league/ydjg5fylwkf5aaxiul6v",14,BUF,0,0,0,0,0,0,0,0,0,0,0,0,,0,,,1,0,0,0,0,0,-0.550486726686359,0,47,80,552,3,2,1,828,155,27,3.29389535755888,0,0.666666666666667,0.192307692307692,0.193187120858609,0.423692523062565,0,71.2,118.2
2015,REG+POST,00-0030432,C.Michael,Christine Michael,RB,RB,"https://static.www.nfl.com/image/private/f_auto,q_auto/league/qlysbozgkexeoohnqrvz",10,SEA,0,0,0,0,0,0,0,0,0,0,0,0,,0,,,75,313,0,0,0,15,-7.82594370644074,0,4,8,30,0,0,0,3,31,2,-0.980331486091018,0,10.0,0.0406091370558376,0.0017441860465116,0.0621346358163145,0,34.3,38.3
2015,REG+POST,00-0030433,M.Gillislee,Mike Gillislee,RB,RB,"https://static.www.nfl.com/image/private/f_auto,q_auto/league/bz85uuhwz2daip0avjrg",5,BUF,0,0,0,0,0,0,0,0,0,0,0,0,,0,,,47,267,3,1,1,8,0.0835903401602991,0,6,7,29,0,0,0,14,31,2,-0.579319217672452,0,2.07142857142857,0.0538461538461539,0.0091984231274638,0.0872081269584555,0,45.6,51.6
2015,REG+POST,00-0030443,L.Toilolo,Levine Toilolo,TE,TE,"https://static.www.nfl.com/image/private/f_auto,q_auto/league/w6qnlfw0cuxest48srd0",9,ATL,0,0,0,0,0,0,0,0,0,0,0,0,,0,,,0,0,0,0,0,0,,0,7,12,44,0,0,0,48,20,3,-1.37871498864843,1,0.916666666666667,0.0333333333333333,0.0187134502923977,0.0630994152046784,0,6.4,13.4
2015,REG+POST,00-0030450,,Quinton Patton,WR,WR,,15,SF,0,0,0,0,0,0,0,0,0,0,0,0,,0,,,1,5,0,0,0,0,0.0341294258832932,0,30,57,394,1,0,0,474,214,15,3.14265332438942,0,0.831223628691983,0.115618661257607,0.129155313351499,0.263836711232459,0,45.9,75.9
2015,REG+POST,00-0030456,G.Bernard,Giovani Bernard,RB,RB,"https://static.www.nfl.com/image/private/f_auto,q_auto/league/guht9y14gftgsugb87xz",17,CIN,0,0,0,0,0,0,0,0,0,0,0,0,,0,,,160,758,2,0,0,35,-12.5938985050019,0,51,70,474,0,2,1,46,460,18,0.119561049761975,0,10.304347826087,0.137254901960784,0.0108978914949064,0.213510876987611,0,133.2,184.2
2015,REG+POST,00-0030460,M.Wheaton,Markus Wheaton,WR,WR,"https://static.www.nfl.com/image/private/f_auto,q_auto/league/hd28smxn43jzwkdikpd0",18,PIT,0,0,0,0,0,0,0,0,0,0,0,0,,0,,,0,0,0,0,0,0,,0,51,92,802,5,1,1,1321,176,34,5.81053513419866,1,0.607115821347464,0.140243902439024,0.206277326670831,0.354759982328118,0,110.2,161.2
2015,REG+POST,00-0030465,K.Barner,Kenjon Barner,RB,RB,"https://static.www.nfl.com/image/private/f_auto,q_auto/league/n8hvbyw7vdlj7svjwqg4",5,PHI,0,0,0,0,0,0,0,0,0,0,0,0,,0,,,28,124,0,1,1,6,-2.29581517580664,0,9,12,22,0,0,0,-29,43,1,-4.36213317880174,0,-0.758620689655172,0.0648648648648649,-0.0273584905660377,0.0781463539010709,0,12.6,21.6
2015,REG+POST,00-0030470,V.McDonald,Vance McDonald,TE,TE,"https://static.www.nfl.com/image/private/f_auto,q_auto/league/apafzol1dcqu56cqotv9",14,SF,0,0,0,0,0,0,0,0,0,0,0,0,,0,,,0,0,0,0,0,0,,0,30,46,326,3,2,0,385,184,15,-0.422009133171908,0,0.846753246753247,0.096234309623431,0.109219858156028,0.220805365144366,0,50.6,80.6
2015,REG+POST,00-0030472,J.Reed,Jordan Reed,TE,TE,"https://static.www.nfl.com/image/private/f_auto,q_auto/league/jur0qgejd3lzv8flmxcq",15,WAS,0,0,0,0,0,0,0,0,0,0,0,0,,0,,,0,0,0,0,0,0,,0,96,131,1072,12,3,2,909,505,60,58.4480652152679,0,1.17931793179318,0.24952380952381,0.214033435366141,0.524109119042013,0,175.2,271.2
2015,REG+POST,00-0030485,E.Lacy,Eddie Lacy,RB,RB,"https://static.www.nfl.com/image/private/f_auto,q_auto/league/ckn4luxcj2oc2c24fh7i",17,GB,0,0,0,0,0,0,0,0,0,0,0,0,,0,,,211,910,4,4,3,45,-18.9733679805428,0,22,30,190,2,1,0,-26,222,7,4.53752849117154,0,-7.30769230769231,0.0627615062761506,-0.006429277942631,0.0896417648543842,0,140.0,162.0
2015,REG+POST,00-0030496,L.Bell,Le'Veon Bell,RB,RB,"https://static.www.nfl.com/image/private/f_auto,q_auto/league/sm3ij3pcby5ciqwaaqa1",6,PIT,0,0,0,0,0,0,0,0,0,0,0,0,,0,,,113,556,3,0,0,27,0.0755129591666344,0,24,26,136,0,0,0,0,139,4,-2.61843836140588,0,0.0,0.169934640522876,0.0,0.254901960784314,0,87.2,111.2
2015,REG+POST,00-0030506,T.Kelce,Travis Kelce,TE,TE,"https://static.www.nfl.com/image/upload/f_auto,q_auto/league/ilk4qbxxs6mt3v9zfvtg",18,KC,0,0,0,0,0,0,0,0,0,0,0,0,,0,,,0,0,0,0,0,0,,0,86,122,1026,5,2,2,695,609,46,29.9508320289843,2,1.47625899280576,0.229323308270677,0.189890710382514,0.476908459673775,0,132.6,218.6
2015,REG+POST,00-0030513,L.Murray,Latavius Murray,RB,RB,"https://static.www.nfl.com/image/private/f_auto,q_auto/league/zepm7ghltyeqydn0qxcg",16,LV,0,0,0,0,0,0,0,0,0,0,0,0,,0,,,266,1066,6,3,1,49,-32.5489948655094,0,41,53,232,0,1,0,-10,242,9,-12.7746734991379,0,-23.2,0.0920138888888889,-0.0026343519494204,0.136176786968739,0,163.8,204.8
2015,REG+POST,00-0030514,M.Rivera,Mychal Rivera,TE,TE,"https://static.www.nfl.com/image/private/f_auto,q_auto/league/nnbvmfg9qugawrxv2qyt",14,LV,0,0,0,0,0,0,0,0,0,0,0,0,,0,,,0,0,0,0,0,0,,0,32,46,280,1,2,0,348,125,12,6.59560450028401,0,0.804597701149425,0.0871212121212121,0.0825426944971537,0.188461704329826,0,34.0,66.0
2015,REG+POST,00-0030516,B.Butler,Brice Butler,WR,WR,"https://static.www.nfl.com/image/private/f_auto,q_auto/league/xnr2lcdlhui4vyu6z4ir",5,DAL,0,0,0,0,0,0,0,0,0,0,0,0,,0,,,0,0,0,0,0,0,,0,12,26,258,0,0,0,307,96,10,1.97178360538856,0,0.840390879478827,0.160493827160494,0.216654904728299,0.39239917405055,0,25.8,37.8
2015,REG+POST,00-0030521,J.Hunter,Justin Hunter,WR,WR,"https://static.www.nfl.com/image/private/f_auto,q_auto/league/jwfx9spolez2cofb3kvq",9,TEN,0,0,0,0,0,0,0,0,0,0,0,0,,0,,,0,0,0,0,0,0,,0,22,31,264,1,0,0,377,33,12,8.30429647961748,0,0.70026525198939,0.10472972972973,0.150981177412895,0.262781418783621,0,32.4,54.4
2015,REG+POST,00-0030524,L.Jones,Landry Jones,QB,QB,"https://static.www.nfl.com/image/private/f_auto,q_auto/league/rxewfnskdqvfmsui48ta",8,PIT,34,60,524,3,5,3,28,1,1,565,291,19,-8.77286591551995,0,0.927433628318584,0.0082594289641275,5,-5,0,0,0,0,-2.27685791190015,0,0,0,0,0,0,0,0,0,0,,0,,,,,0,20.46,20.46
2015,REG+POST,00-0030525,T.Austin,Tavon Austin,WR,WR,"https://static.www.nfl.com/image/private/f_auto,q_auto/league/ulagxqgjnrft4wub0gus",16,LA,0,0,0,0,0,0,0,0,0,0,0,0,,0,,,52,434,4,0,0,23,19.9867686346406,0,52,87,473,5,1,1,668,348,21,-9.26817476280507,0,0.708083832335329,0.185897435897436,0.175974710221286,0.402028451001054,1,148.7,200.7
2015,REG+POST,00-0030526,E.Manuel,EJ Manuel,QB,QB,"https://static.www.nfl.com/image/private/f_auto,q_auto/league/day0kzescuwievdhlacd",4,BUF,52,84,561,3,3,6,45,2,1,737,164,26,-11.108962825688,0,0.761194029850746,0.0489254130141867,17,64,1,0,0,10,5.23037405042412,0,0,0,0,0,0,0,0,0,0,,0,,,,,0,38.84,38.84
2015,REG+POST,00-0030532,,Stedman Bailey,WR,WR,,8,LA,0,0,0,0,0,0,0,0,0,0,0,0,,0,,,0,0,0,0,0,0,,0,12,25,182,1,0,0,262,71,6,-1.91694917933559,0,0.694656488549618,0.114678899082569,0.144991698948533,0.273512537887827,0,24.2,36.2
2015,REG+POST,00-0030536,,Zac Stacy,RB,RB,"https://static.www.nfl.com/image/private/f_auto,q_auto/league/oo0cmp2wjrwqz3arii0f",6,NYJ,0,0,0,0,0,0,0,0,0,0,0,0,,0,,,31,89,1,0,0,4,-7.02394333505072,0,9,12,65,0,0,0,-21,80,4,-1.36381737626553,0,-3.0952380952381,0.0515021459227468,-0.0107858243451464,0.0697031418425177,0,21.4,30.4
2015,REG+POST,00-0030540,A.Dobson,Aaron Dobson,WR,WR,"https://static.www.nfl.com/image/private/f_auto,q_auto/league/es1l8zn20xgfxqh8ophi",6,NE,0,0,0,0,0,0,0,0,0,0,0,0,,0,,,0,0,0,0,0,0,,0,13,21,141,0,0,0,209,29,9,6.48672180873109,0,0.674641148325359,0.0792452830188679,0.1,0.188867924528302,0,14.1,27.1
2015,REG+POST,00-0030542,T.Williams,Terrance Williams,WR,WR,"https://static.www.nfl.com/image/private/f_auto,q_auto/league/emdrh1uwgitgnw1wytiv",16,DAL,0,0,0,0,0,0,0,0,0,0,0,0,,0,,,0,0,0,0,0,0,,0,52,93,840,3,0,0,1219,275,36,9.53623913761409,0,0.689089417555373,0.179190751445087,0.303384768541563,0.481155465146724,0,102.0,154.0
2015,REG+POST,00-0030544,G.Escobar,Gavin Escobar,TE,TE,"https://static.www.nfl.com/image/private/f_auto,q_auto/league/zpne5eocfe1wlkabs4gq",7,DAL,0,0,0,0,0,0,0,0,0,0,0,0,,0,,,0,0,0,0,0,0,,0,8,13,64,1,1,1,79,27,5,-3.20348350879047,0,0.810126582278481,0.0546218487394958,0.0441340782122905,0.112826627857847,0,10.4,18.4
2015,REG+POST,00-0030547,,Denard Robinson,RB,RB,"https://static.www.nfl.com/image/private/f_auto,q_auto/league/qxucqizbxstsxgtv0jpn",12,JAX,0,0,0,0,0,0,0,0,0,0,0,0,,0,,,67,266,1,3,1,10,-16.4687079828791,0,21,30,164,0,0,0,3,158,8,-1.13086033577565,0,54.6666666666667,0.0757575757575758,0.000877449546651,0.114250578319019,0,47.0,68.0
2015,REG+POST,00-0030549,T.Eifert,Tyler Eifert,TE,TE,"https://static.www.nfl.com/image/private/f_auto,q_auto/league/sextvbehmeu7ydutxtsu",14,CIN,0,0,0,0,0,0,0,0,0,0,0,0,,0,,,0,0,0,0,0,0,,0,57,83,673,13,0,0,609,271,40,52.7488366289813,0,1.10509031198686,0.181619256017505,0.152593335003758,0.379244218528889,0,145.3,202.3
2015,REG+POST,00-0030551,C.Schmidt,Colton Schmidt,P,SPEC,"https://static.www.nfl.com/image/private/f_auto,q_auto/league/ljknmshvxkk85fkaq8ar",1,BUF,0,0,0,0,0,0,0,0,0,0,0,0,,0,,,1,0,0,1,0,0,-4.26797624054598,0,0,0,0,0,0,0,0,0,0,,0,,,,,0,0.0,0.0
2015,REG+POST,00-0030564,D.Hopkins,DeAndre Hopkins,WR,WR,"https://static.www.nfl.com/image/upload/f_auto,q_auto/league/viymeohipdn0voptrkzh",17,HOU,0,0,0,0,0,0,0,0,0,0,0,0,,0,,,0,0,0,0,0,0,,0,117,203,1590,11,1,0,2835,243,88,60.0048731120121,1,0.560846560846561,0.313271604938272,0.453527435610302,0.787376612334619,0,227.0,344.0
2015,REG+POST,00-0030565,G.Smith,Geno Smith,QB,QB,"https://static.www.nfl.com/image/upload/f_auto,q_auto/league/izkm5yyxybb5uy5dkcgf",1,NYJ,27,42,265,2,1,3,19,0,0,372,89,14,1.32179962419674,0,0.71236559139785,0.104470475694011,2,34,0,0,0,1,2.52644161047647,0,0,0,0,0,0,0,0,0,0,,0,,,,,0,20.0,20.0
2015,REG+POST,00-0030569,,Sean Renfree,QB,QB,,2,ATL,3,7,11,0,1,2,17,0,0,47,21,1,-7.41889991168864,0,0.234042553191489,-0.0429617285832626,1,-4,0,0,0,0,-0.988658928545192,0,0,0,0,0,0,0,0,0,0,,0,,,,,0,-1.96,-1.96
2015,REG+POST,00-0030578,C.Patterson,Cordarrelle Patterson,RB,RB,"https://static.www.nfl.com/image/upload/f_auto,q_auto/league/jktdrwmujfuqp94csnav",5,MIN,0,0,0,0,0,0,0,0,0,0,0,0,,0,,,2,15,0,0,0,1,1.04990249103867,0,2,2,10,0,0,0,6,4,1,0.582203125348315,0,1.66666666666667,0.0277777777777778,0.0097879282218597,0.0485182164219685,2,14.5,16.5
2015,REG+POST,00-0030586,R.Nassib,Ryan Nassib,QB,QB,"https://static.www.nfl.com/image/private/f_auto,q_auto/league/mwpobkoqx8dcyv4yin6n",1,NYG,5,5,68,1,0,0,0,0,0,41,27,4,5.54729830543511,0,1.65853658536585,0.571006739782488,0,0,0,0,0,0,,0,0,0,0,0,0,0,0,0,0,,0,,,,,0,6.72,6.72
2015,REG+POST,00-0030648,A.Villanueva,Alejandro Villanueva,T,OL,"https://static.www.nfl.com/image/private/f_auto,q_auto/league/u0iqbfj30q64ngrmwdvr",1,PIT,0,0,0,0,0,0,0,0,0,0,0,0,,0,,,0,0,0,0,0,0,,0,0,1,0,0,0,0,5,0,0,-6.56657829729375,0,0.0,0.0172413793103448,0.0074962518740629,0.0311094452773613,0,0.0,0.0
2015,REG+POST,00-0030656,I.Crowell,Isaiah Crowell,RB,RB,"https://static.www.nfl.com/image/private/f_auto,q_auto/league/oruiw5myfimtssv6j2ar",16,CLE,0,0,0,0,0,0,0,0,0,0,0,0,,0,,,185,706,4,0,0,34,-20.9738491532309,0,19,22,182,1,0,0,-49,227,6,9.76007767383646,0,-3.71428571428571,0.0582010582010582,-0.0173451327433628,0.0751599943812333,0,118.8,137.8
2015,REG+POST,00-0030659,J.Krause,Jonathan Krause,WR,WR,"https://static.www.nfl.com/image/private/f_auto,q_auto/league/jpjdauvc3yrbu6pots6o",2,PHI,0,0,0,0,0,0,0,0,0,0,0,0,,0,,,0,0,0,0,0,0,,0,2,4,11,0,0,0,43,6,0,-2.28799696685746,0,0.255813953488372,0.0506329113924051,0.0932754880694143,0.141242208737198,0,1.1,3.1
2015,REG+POST,00-0030663,W.Snead,Willie Snead,WR,WR,"https://static.www.nfl.com/image/private/f_auto,q_auto/league/fr5xckiwhguuaishnbju",15,NO,0,0,0,0,0,0,0,0,0,0,0,0,,0,,,0,0,0,0,0,0,,0,69,101,984,3,2,1,1024,345,44,43.7980288489582,0,0.9609375,0.162379421221865,0.212315985900892,0.392190321963422,0,114.4,183.4
2015,REG+POST,00-0030668,C.West,Charcandrick West,RB,RB,"https://static.www.nfl.com/image/private/f_auto,q_auto/league/ccvw7oos9bzr4ojdiuac",15,KC,0,0,0,0,0,0,0,0,0,0,0,0,,0,,,185,721,5,1,1,41,-18.2877843979759,0,23,39,238,1,0,0,-3,252,8,3.55619760527537,0,-79.3333333333333,0.0868596881959911,-0.0013215859030837,0.129364422161828,0,129.9,152.9
2015,REG+POST,00-0030669,A.Wilson,Albert Wilson,WR,WR,"https://static.www.nfl.com/image/private/f_auto,q_auto/league/slythouwdcrug0poiios",16,KC,0,0,0,0,0,0,0,0,0,0,0,0,,0,,,7,37,0,0,0,1,0.40150701966933,0,42,72,517,3,0,0,797,242,24,3.24593357911484,0,0.648682559598494,0.156862745098039,0.2490625,0.409637867647059,0,73.4,115.4
2015,REG+POST,00-0030670,B.Fowler,Bennie Fowler,WR,WR,"https://static.www.nfl.com/image/private/f_auto,q_auto/league/nfcmdcfhjf347rw1cstq",16,DEN,0,0,0,0,0,0,0,0,0,0,0,0,,0,,,0,0,0,0,0,0,,0,18,30,238,0,0,0,263,111,12,0.551882979255554,1,0.904942965779468,0.0535714285714286,0.0533685064935065,0.117715097402597,0,25.8,43.8
2015,REG+POST,00-0030691,J.Butler,Jeremy Butler,WR,WR,"https://static.www.nfl.com/image/private/f_auto,q_auto/league/jjbnpsdo2knl6c710ix3",8,BAL,0,0,0,0,0,0,0,0,0,0,0,0,,0,,,0,0,0,0,0,0,,0,31,44,363,0,1,0,344,150,17,15.6744529087978,0,1.05523255813954,0.126801152737752,0.130798479087452,0.281760664467845,0,36.3,67.3
2015,REG+POST,00-0030705,J.Thompson,Juwan Thompson,RB,RB,"https://static.www.nfl.com/image/private/f_auto,q_auto/league/x1gerktg0cgy6em36vgl",7,DEN,0,0,0,0,0,0,0,0,0,0,0,0,,0,,,18,48,0,0,0,2,-4.02517911605537,0,6,9,51,0,0,0,-14,69,1,-0.0729056260066765,0,-3.64285714285714,0.0580645161290323,-0.0107692307692308,0.0795583126550869,0,9.9,15.9
2015,REG+POST,00-0030710,T.Burton,Trey Burton,TE,TE,"https://static.www.nfl.com/image/private/f_auto,q_auto/league/vt2ce0szit4ozyh5s5iw",3,PHI,0,0,0,0,0,0,0,0,0,0,0,0,,0,,,0,0,0,0,0,0,,0,3,4,54,0,0,0,27,31,1,1.94478297198657,0,2.0,0.0377358490566038,0.0450751252086811,0.0881563612309825,0,5.4,8.4
2015,REG+POST,00-0030741,R.Nix,Roosevelt Nix,FB,RB,"https://static.www.nfl.com/image/private/f_auto,q_auto/league/ibpity8hbzwonppqziyb",3,PIT,0,0,0,0,0,0,0,0,0,0,0,0,,0,,,0,0,0,0,0,0,,0,2,3,16,0,0,0,16,12,1,0.379158710129559,0,1.0,0.0223880597014925,0.0136518771331058,0.0431384035454129,0,1.6,3.6
2015,REG+POST,00-0030758,,Justin Perillo,TE,TE,,6,GB,0,0,0,0,0,0,0,0,0,0,0,0,,0,,,0,0,0,0,0,0,,0,11,13,102,1,0,0,95,21,5,7.3358054003534,0,1.07368421052632,0.0577777777777778,0.0625411454904543,0.130445468509985,0,16.2,27.2
2015,REG+POST,00-0030780,R.Hewitt,Ryan Hewitt,TE,TE,"https://static.www.nfl.com/image/private/f_auto,q_auto/league/egbpiaml7idnpcxa1x8q",9,CIN,0,0,0,0,0,0,0,0,0,0,0,0,,0,,,0,0,0,0,0,0,,0,8,12,99,0,0,0,74,59,3,4.549241387704,0,1.33783783783784,0.0437956204379562,0.0340386384544618,0.0895204775750576,0,9.9,17.9
2015,REG+POST,00-0030789,,Antonio Andrews,RB,RB,"https://static.www.nfl.com/image/private/f_auto,q_auto/league/wwy4g14dflaelkretfzv",14,TEN,1,1,41,1,0,0,0,0,0,26,15,1,3.95436355215497,0,1.57692307692308,,143,520,3,1,1,28,-28.6867399178959,0,21,29,174,0,0,0,43,175,8,-5.16642746299802,0,4.04651162790698,0.0671296296296296,0.0127106118829441,0.109591872762505,0,91.04,112.04
2015,REG+POST,00-0030801,B.Coleman,Brandon Coleman,WR,WR,"https://static.www.nfl.com/image/private/f_auto,q_auto/league/mudu6l15nmg2cfvljd0d",16,NO,0,0,0,0,0,0,0,0,0,0,0,0,,0,,,0,0,0,0,0,0,,0,30,49,454,2,0,0,680,120,22,17.3764147676702,0,0.667647058823529,0.0739064856711916,0.1308447181066,0.202451031181407,0,57.4,87.4
2015,REG+POST,00-0030806,,Nic Jacobs,TE,TE,,3,JAX,0,0,0,0,0,0,0,0,0,0,0,0,,0,,,0,0,0,0,0,0,,0,1,3,6,0,0,0,23,5,0,-0.720149637083523,0,0.260869565217391,0.0277777777777778,0.0202108963093146,0.0558142940831869,0,0.6,1.6
2015,REG+POST,00-0030807,S.Jones,Seantavius Jones,WR,WR,"https://static.www.nfl.com/image/private/f_auto,q_auto/league/xmrq2zoqm6r6nwco8ajd",1,NO,0,0,0,0,0,0,0,0,0,0,0,0,,0,,,0,0,0,0,0,0,,0,0,1,0,0,0,0,7,0,0,-0.980056180851534,0,0.0,0.0285714285714286,0.0185185185185185,0.0558201058201058,0,0.0,0.0
2015,REG+POST,00-0030821,A.Hurns,Allen Hurns,WR,WR,"https://static.www.nfl.com/image/private/f_auto,q_auto/league/ficrwzwu4bfswpzu61fv",15,JAX,0,0,0,0,0,0,0,0,0,0,0,0,,0,,,0,0,0,0,0,0,,0,64,105,1031,10,2,1,1216,347,48,43.5746077159655,0,0.847861842105263,0.185840707964602,0.231751477034496,0.44098709587105,0,161.1,225.1
2015,REG+POST,00-0030832,A.Cleveland,Asante Cleveland,TE,TE,"https://static.www.nfl.com/image/private/f_auto,q_auto/league/jla4z1dsbqt6t2khi1t1",1,NE,0,0,0,0,0,0,0,0,0,0,0,0,,0,,,0,0,0,0,0,0,,0,1,1,1,0,0,0,1,0,0,-0.458892504451796,0,1.0,0.0238095238095238,0.0021786492374727,0.0372393401805166,0,0.1,1.1
2015,REG+POST,00-0030855,,Zurlon Tipton,RB,RB,"https://static.www.nfl.com/image/private/f_auto,q_auto/league/d2zoqlarp9qvyvlmcxih",4,IND,0,0,0,0,0,0,0,0,0,0,0,0,,0,,,5,20,0,0,0,1,-2.5560747727837,0,5,8,57,0,0,0,28,50,2,-0.928353130362077,0,2.03571428571429,0.0754716981132076,0.0340632603406326,0.137051829408254,0,7.7,12.7
2015,REG+POST,00-0030856,T.Washington,Tony Washington,WR,WR,"https://static.www.nfl.com/image/private/f_auto,q_auto/league/v7m1hggbznecn6xkqoac",1,JAX,0,0,0,0,0,0,0,0,0,0,0,0,,0,,,1,8,0,0,0,0,0.457194139948115,0,0,0,0,0,0,0,0,0,0,,0,,,,,0,0.8,0.8
2015,REG+POST,00-0030860,O.Darkwa,Orleans Darkwa,RB,RB,"https://static.www.nfl.com/image/private/f_auto,q_auto/league/tumagun0uid3uujm4kkg",8,NYG,0,0,0,0,0,0,0,0,0,0,0,0,,0,,,36,153,1,0,0,7,-1.98735588981071,0,3,5,31,0,0,0,-2,26,2,1.47639776329743,0,-15.5,0.040650406504065,-0.0021953896816685,0.0594388369789296,0,24.4,27.4
2015,REG+POST,00-0030874,D.Williams,Damien Williams,RB,RB,"https://static.www.nfl.com/image/private/f_auto,q_auto/league/ga4vusnfwfvhp2ksqw7x",13,MIA,0,0,0,0,0,0,0,0,0,0,0,0,,0,,,16,59,0,1,1,2,-9.23162294004578,0,21,28,142,1,0,0,115,88,6,1.38662897847848,0,1.23478260869565,0.0620842572062084,0.034965034965035,0.117601910284837,0,24.1,45.1
2015,REG+POST,00-0030920,,Javontee Herndon,WR,WR,"https://static.www.nfl.com/image/private/f_auto,q_auto/league/ocgpnvzggzfmcsvupii1",7,LAC,0,0,0,0,0,0,0,0,0,0,0,0,,0,,,1,13,0,0,0,1,0.951929298928007,0,24,33,195,0,0,0,189,102,8,4.07339882497343,0,1.03174603174603,0.123595505617978,0.0861047835990888,0.245666606946328,0,20.8,44.8
2015,REG+POST,00-0030990,J.Huff,Josh Huff,WR,WR,"https://static.www.nfl.com/image/private/f_auto,q_auto/league/fbihlh4lbx3xco7v75yg",13,PHI,0,0,0,0,0,0,0,0,0,0,0,0,,0,,,0,0,0,0,0,0,,0,27,40,312,3,0,0,218,181,16,10.4889849145031,0,1.43119266055046,0.0740740740740741,0.061030235162374,0.153832275724773,0,49.2,76.2
2015,REG+POST,00-0030992,C.Gillmore,Crockett Gillmore,TE,TE,"https://static.www.nfl.com/image/private/f_auto,q_auto/league/wdnss99dxs771hd8ifpn",10,BAL,0,0,0,0,0,0,0,0,0,0,0,0,,0,,,0,0,0,0,0,0,,0,33,47,412,4,0,0,345,245,17,15.0327614669077,0,1.19420289855072,0.111638954869359,0.10879848628193,0.243617372701389,0,65.2,98.2
2015,REG+POST,00-0031001,J.Janis,Jeff Janis,WR,WR,"https://static.www.nfl.com/image/private/f_auto,q_auto/league/fldhv9nvnmafss3r9tn2",6,GB,0,0,0,0,0,0,0,0,0,0,0,0,,0,,,0,0,0,0,0,0,,0,9,23,224,2,0,0,503,39,7,8.43890987191899,0,0.445328031809145,0.107981220657277,0.232439926062847,0.324679779229908,0,34.4,43.4
2015,REG+POST,00-0031021,J.Abbrederis,Jared Abbrederis,WR,WR,"https://static.www.nfl.com/image/private/f_auto,q_auto/league/p5gqmcyci9youm2r6oeb",7,GB,0,0,0,0,0,0,0,0,0,0,0,0,,0,,,0,0,0,0,0,0,,0,15,32,180,0,1,0,420,42,9,-1.19257966847551,1,0.428571428571429,0.118081180811808,0.16260162601626,0.290942909429094,0,20.0,35.0
2015,REG+POST,00-0031023,Q.Enunwa,Quincy Enunwa,WR,WR,"https://static.www.nfl.com/image/private/f_auto,q_auto/league/vsd27gfxzjt7v7izbjet",11,NYJ,0,0,0,0,0,0,0,0,0,0,0,0,,0,,,0,0,0,0,0,0,,0,22,46,315,0,0,0,455,148,10,6.35293884410735,0,0.692307692307692,0.108490566037736,0.116041826064779,0.243965127301949,0,31.5,53.5
2015,REG+POST,00-0031025,M.Campanaro,Michael Campanaro,WR,WR,"https://static.www.nfl.com/image/private/f_auto,q_auto/league/zpr9fkukakcfyfefypf7",3,BAL,0,0,0,0,0,0,0,0,0,0,0,0,,0,,,2,17,1,0,0,1,2.94177730986848,0,5,6,35,0,0,0,23,27,1,0.0508742850289612,0,1.52173913043478,0.0530973451327434,0.0339233038348083,0.103392330383481,0,11.2,16.2
2015,REG+POST,00-0031044,T.Niklas,Troy Niklas,TE,TE,"https://static.www.nfl.com/image/private/f_auto,q_auto/league/cfkufqkxuqf9htsyqfxj",3,ARI,0,0,0,0,0,0,0,0,0,0,0,0,,0,,,0,0,0,0,0,0,,0,4,4,33,2,0,0,32,1,3,4.83034390001558,0,1.03125,0.032258064516129,0.0214046822742475,0.0633703743661668,0,15.3,19.3
2015,REG+POST,00-0031045,C.Hyde,Carlos Hyde,RB,RB,"https://static.www.nfl.com/image/private/f_auto,q_auto/league/qpmv42ldpkpdf1gpgeua",7,SF,0,0,0,0,0,0,0,0,0,0,0,0,,0,,,115,470,3,1,0,25,-5.9904687400267,0,11,15,53,0,0,0,10,61,4,-2.24749543061593,0,5.3,0.0842696629213483,0.0071022727272727,0.131376085291113,0,70.3,81.3
2015,REG+POST,00-0031051,J.Brown,John Brown,WR,WR,"https://static.www.nfl.com/image/private/f_auto,q_auto/league/xwyc2a0qfdxbbct6lso6",17,ARI,0,0,0,0,0,0,0,0,0,0,0,0,,0,,,4,24,0,0,0,1,-0.902520555770025,0,72,118,1108,7,1,1,1773,338,55,25.1171721765005,0,0.624929498025945,0.198319327731092,0.277247849882721,0.491552486514543,0,153.2,225.2
2015,REG+POST,00-0031055,A.Williams,Andre Williams,RB,RB,"https://static.www.nfl.com/image/private/f_auto,q_auto/league/bkjjrp3sdtq2ubuzywyd",16,NYG,0,0,0,0,0,0,0,0,0,0,0,0,,0,,,88,257,1,0,0,11,-23.6124055674391,1,1,3,7,0,0,0,6,3,0,-1.04004813870415,0,1.16666666666667,0.0275229357798165,0.007125890736342,0.0462725271851642,0,34.4,35.4
2015,REG+POST,00-0031057,K.Carey,Ka'Deem Carey,RB,RB,"https://static.www.nfl.com/image/private/f_auto,q_auto/league/hxertoawlphk8ljtylct",7,CHI,0,0,0,0,0,0,0,0,0,0,0,0,,0,,,43,159,2,1,1,13,-4.98889865829752,0,3,3,19,1,0,0,11,8,2,1.11981383513194,0,1.72727272727273,0.0476190476190476,0.0261282660332542,0.0897183576518494,0,33.8,36.8
2015,REG+POST,00-0031060,D.Thomas,De'Anthony Thomas,WR,WR,"https://static.www.nfl.com/image/private/f_auto,q_auto/league/ubevvtu8f1snobsxnnwl",10,KC,0,0,0,0,0,0,0,0,0,0,0,0,,0,,,9,34,1,0,0,3,0.787001807009801,0,17,24,140,1,0,0,29,149,6,-2.99334755630771,0,4.82758620689655,0.0810810810810811,0.0197952218430034,0.135478276911724,0,29.4,46.4
2015,REG+POST,00-0031062,J.White,James White,RB,RB,"https://static.www.nfl.com/image/private/f_auto,q_auto/league/z1nnkmnstccnqya5d5ee",14,NE,0,0,0,0,0,0,0,0,0,0,0,0,,0,,,28,72,2,0,0,3,-6.97630663149735,0,47,73,494,4,1,0,282,403,23,20.2250622057971,0,1.75177304964539,0.138783269961977,0.0675449101796407,0.255456342068714,0,92.6,139.6
2015,REG+POST,00-0031066,L.Taliaferro,Lorenzo Taliaferro,RB,RB,"https://static.www.nfl.com/image/private/f_auto,q_auto/league/kuwhpbnxob4eht6fndqh",3,BAL,0,0,0,0,0,0,0,0,0,0,0,0,,0,,,13,47,1,0,0,2,-0.245957257400733,0,5,5,29,0,0,0,2,27,0,0.362804308728706,0,14.5,0.0396825396825397,0.0021321961620469,0.0610163468372424,0,13.6,18.6
2015,REG+POST,00-0031068,R.Grant,Ryan Grant,WR,WR,"https://static.www.nfl.com/image/private/f_auto,q_auto/league/im7fnk7uti759btkrdok",13,WAS,0,0,0,0,0,0,0,0,0,0,0,0,,0,,,0,0,0,0,0,0,,0,23,44,268,2,0,0,420,98,18,-8.40942033571827,0,0.638095238095238,0.0926315789473684,0.109034267912773,0.215271355959993,0,38.8,61.8
2015,REG+POST,00-0031075,A.Blue,Alfred Blue,RB,RB,"https://static.www.nfl.com/image/private/f_auto,q_auto/league/qt9zmmipmlcin4gxs8wt",15,HOU,0,0,0,0,0,0,0,0,0,0,0,0,,0,,,200,797,2,2,1,36,-28.368146098114,0,15,17,109,1,0,0,44,68,2,-2.90941295621451,0,2.47727272727273,0.0455764075067024,0.0128205128205128,0.0773389702344126,0,106.6,121.6
2015,REG+POST,00-0031085,J.Prosch,Jay Prosch,RB,RB,"https://static.www.nfl.com/image/private/f_auto,q_auto/league/qfxm205gqvzzpy0z2oyw",5,HOU,0,0,0,0,0,0,0,0,0,0,0,0,,0,,,7,35,0,0,0,3,-0.0653381066016312,0,0,1,0,0,0,0,-1,0,0,-4.90229089627974,0,0.0,0.0256410256410256,-0.0030487804878048,0.0363273921200751,0,3.5,3.5
2015,REG+POST,00-0031118,C.Brown,Corey Brown,WR,WR,"https://static.www.nfl.com/image/private/f_auto,q_auto/league/lgk5rlkpxd0vw28nhrrq",17,CAR,0,0,0,0,0,0,0,0,0,0,0,0,,0,,,6,38,0,0,0,4,2.06825640180614,0,41,73,662,5,0,0,1034,171,30,29.7551628279957,0,0.640232108317215,0.148373983739837,0.198046351273702,0.361193421501348,0,100.0,141.0
2015,REG+POST,00-0031166,S.Roberts,Seth Roberts,WR,WR,"https://static.www.nfl.com/image/private/f_auto,q_auto/league/wcralkq5mcdpsmjvkatl",16,LV,0,0,0,0,0,0,0,0,0,0,0,0,,0,,,0,0,0,0,0,0,,0,32,55,480,5,0,0,499,134,21,4.48102797410153,1,0.961923847695391,0.0915141430948419,0.10567556120288,0.211244107484279,0,80.0,112.0
2015,REG+POST,00-0031167,S.Simonson,Scott Simonson,TE,TE,"https://static.www.nfl.com/image/private/f_auto,q_auto/league/cocieog4hemdjlipo1qh",1,CAR,0,0,0,0,0,0,0,0,0,0,0,0,,0,,,0,0,0,0,0,0,,0,1,1,10,0,0,0,2,8,1,1.72701620846055,0,5.0,0.0384615384615385,0.0066889632107023,0.0623745819397993,0,1.0,2.0
2015,REG+POST,00-0031189,T.Jones,T.J. Jones,WR,WR,"https://static.www.nfl.com/image/private/f_auto,q_auto/league/fqv9h42uxtxjl7jjs2dt",7,DET,0,0,0,0,0,0,0,0,0,0,0,0,,0,,,1,-3,0,0,0,0,-1.38734214892611,0,10,18,132,1,0,0,194,41,5,-0.890329083159152,0,0.680412371134021,0.0725806451612903,0.12696335078534,0.197745313291674,0,18.9,28.9
2015,REG+POST,00-0031203,C.Santos,Cairo Santos,K,SPEC,"https://static.www.nfl.com/image/upload/f_auto,q_auto/league/njxxbexsrepazoygyrpp",1,KC,1,1,3,0,0,0,0,0,0,-6,9,0,-2.56431650940795,0,0.0,,0,0,0,0,0,0,,0,0,0,0,0,0,0,0,0,0,,0,,,,,0,0.12,0.12
2015,REG+POST,00-0031228,T.Gabriel,Taylor Gabriel,WR,WR,"https://static.www.nfl.com/image/private/f_auto,q_auto/league/nc4aoax8j5mnnrjewu7p",12,CLE,0,0,0,0,0,0,0,0,0,0,0,0,,0,,,0,0,0,0,0,0,,0,28,48,241,0,1,1,360,108,11,-9.64786266125157,1,0.669444444444444,0.109090909090909,0.102359965880011,0.235288339752372,0,24.1,52.1
2015,REG+POST,00-0031235,O.Beckham,Odell Beckham,WR,WR,"https://static.www.nfl.com/image/upload/f_auto,q_auto/league/ffmalg3wr7lwnsz59i7v",15,NYG,0,0,0,0,0,0,0,0,0,0,0,0,,0,,,1,3,0,0,0,0,-1.04024865292013,0,96,158,1450,13,2,0,1819,590,67,85.5566076515192,0,0.797141286421111,0.271944922547332,0.405032286795814,0.691439984578068,0,223.3,319.3
2015,REG+POST,00-0031236,B.Cooks,Brandin Cooks,WR,WR,"https://static.www.nfl.com/image/upload/f_auto,q_auto/league/pjoksfxpbba4hevwpuop",16,NO,0,0,0,0,0,0,0,0,0,0,0,0,,0,,,8,18,0,0,0,2,-2.64888916769996,0,84,129,1138,9,1,0,1597,384,45,25.6764419278308,0,0.712586098935504,0.194570135746606,0.307292668847412,0.506960071813098,0,169.6,253.6
2015,REG+POST,00-0031237,T.Bridgewater,Teddy Bridgewater,QB,QB,"https://static.www.nfl.com/image/private/f_auto,q_auto/league/q5p8afhezmpvc1xbwibf",17,MIN,309,471,3377,14,9,47,328,5,2,3348,1886,159,-2.78652802582154,0,1.00866188769415,0.0885450480469359,47,192,3,3,1,18,14.1936727503552,1,0,0,0,0,0,0,0,0,0,,0,,,,,0,206.28,206.28
2015,REG+POST,00-0031257,P.Richardson,Paul Richardson,WR,WR,"https://static.www.nfl.com/image/private/f_auto,q_auto/league/jxsldwomavxfbs7gueqt",1,SEA,0,0,0,0,0,0,0,0,0,0,0,0,,0,,,0,0,0,0,0,0,,0,1,1,40,0,0,0,28,12,1,2.65214782353723,0,1.42857142857143,0.037037037037037,0.0845921450151058,0.11477005706613,0,4.0,5.0
2015,REG+POST,00-0031266,,Zach Mettenberger,QB,QB,,7,TEN,101,166,935,4,7,13,98,2,2,1278,419,45,-62.3739764662265,0,0.731611893583725,0.0170986173846064,9,8,1,2,0,2,0.211135702964384,0,0,0,0,0,0,0,0,0,0,,0,,,,,0,42.2,42.2
2015,REG+POST,00-0031273,C.Brate,Cameron Brate,TE,TE,"https://static.www.nfl.com/image/private/f_auto,q_auto/league/jhioqec65qy4z7s6w9a6",12,TB,0,0,0,0,0,0,0,0,0,0,0,0,,0,,,0,0,0,0,0,0,,0,23,30,288,3,0,0,305,50,14,13.5368959259477,0,0.944262295081967,0.0715990453460621,0.0715123094958968,0.157457184666221,0,46.8,69.8
2015,REG+POST,00-0031277,B.Oliver,Branden Oliver,RB,RB,"https://static.www.nfl.com/image/private/f_auto,q_auto/league/wuvcmhjtwgqanezt6f79",6,LAC,0,0,0,0,0,0,0,0,0,0,0,0,,0,,,31,108,0,0,0,8,-1.70907944871578,0,13,15,112,0,0,0,-21,135,5,3.2379443005193,0,-5.33333333333333,0.0632911392405063,-0.0156366344005957,0.0839910647803425,0,22.0,35.0
2015,REG+POST,00-0031280,D.Carr,Derek Carr,QB,QB,"https://static.www.nfl.com/image/upload/f_auto,q_auto/league/qsz1pyrlu6bmvby6maaf",16,LV,350,573,3987,32,13,31,230,6,1,4570,1785,183,-3.59208431222425,1,0.872428884026258,0.0504240927985718,33,138,0,3,2,7,-6.02226598717999,0,0,0,0,0,0,0,0,0,0,,0,,,,,0,271.28,271.28
2015,REG+POST,00-0031285,D.Freeman,Devonta Freeman,RB,RB,"https://static.www.nfl.com/image/private/f_auto,q_auto/league/vjhvfwypu1byxfo2uvki",15,ATL,0,0,0,0,0,0,0,0,0,0,0,0,,0,,,265,1056,11,2,1,68,-11.5501989477286,0,73,97,578,3,1,1,293,437,21,9.65784557727893,0,1.97269624573379,0.17962962962963,0.0733784122213874,0.320809332999416,0,243.4,316.4
2015,REG+POST,00-0031288,A.McCarron,AJ McCarron,QB,QB,"https://static.www.nfl.com/image/private/f_auto,q_auto/league/fvakqnmsg35llkcme11h",8,CIN,102,160,1066,7,3,15,87,2,1,1288,385,55,1.50507977616082,0,0.827639751552795,0.0848434973640858,19,40,0,2,1,4,-5.54938272171421,0,0,0,0,0,0,0,0,0,0,,0,,,,,0,64.64,64.64
2015,REG+POST,00-0031299,J.Matthews,Jordan Matthews,TE,TE,"https://static.www.nfl.com/image/upload/f_auto,q_auto/league/b9rddikwsnwmfh9girgn",16,PHI,0,0,0,0,0,0,0,0,0,0,0,0,,0,,,0,0,0,0,0,0,,0,85,128,997,8,2,1,1063,414,44,30.926548245772,0,0.9379115710254,0.206451612903226,0.250294325406169,0.484883447139157,0,145.7,230.7
2015,REG+POST,00-0031301,J.Hill,Jeremy Hill,RB,RB,"https://static.www.nfl.com/image/private/f_auto,q_auto/league/rafvidcbp023aupumccx",17,CIN,0,0,0,0,0,0,0,0,0,0,0,0,,0,,,235,844,12,4,4,48,-31.4129539854537,1,18,23,106,1,0,0,12,105,7,2.6417321820627,0,8.83333333333333,0.0567901234567901,0.0041972717733473,0.0881232754265283,0,167.0,185.0
2015,REG+POST,00-0031302,C.Fiedorowicz,C.J. Fiedorowicz,TE,TE,"https://static.www.nfl.com/image/private/f_auto,q_auto/league/syuzjdnhzquetrf9jqvp",14,HOU,0,0,0,0,0,0,0,0,0,0,0,0,,0,,,0,0,0,0,0,0,,0,18,25,168,1,1,1,110,78,8,-7.13942930089678,0,1.52727272727273,0.0453720508166969,0.0224260958205912,0.0837563432994592,0,20.8,38.8
2015,REG+POST,00-0031310,D.Street,Devin Street,WR,WR,"https://static.www.nfl.com/image/private/f_auto,q_auto/league/y2xezm37npdrqvgrhuga",10,DAL,0,0,0,0,0,0,0,0,0,0,0,0,,0,,,0,0,0,0,0,0,,0,7,13,114,1,1,1,197,13,6,-3.80706142698182,0,0.578680203045685,0.0388059701492537,0.0745647236941711,0.1104042618098,0,15.4,22.4
2015,REG+POST,00-0031314,W.Johnson,Wesley Johnson,C,OL,"https://static.www.nfl.com/image/private/f_auto,q_auto/league/fruwv3uyu8y9qsmyd6pc",1,NYJ,0,0,0,0,0,0,0,0,0,0,0,0,,0,,,0,0,0,0,0,0,,0,1,1,-5,0,0,0,-7,2,0,-1.32118928909767,0,0.0,0.0256410256410256,-0.0150214592274678,0.027946517002311,0,-0.5,0.5
2015,REG+POST,00-0031315,M.Hazel,Matt Hazel,WR,WR,"https://static.www.nfl.com/image/private/f_auto,q_auto/league/ijcfzgvm0l5cmtleaejy",1,MIA,0,0,0,0,0,0,0,0,0,0,0,0,,0,,,0,0,0,0,0,0,,0,0,1,0,0,0,0,5,0,0,-0.90763526133378,0,0.0,0.0263157894736842,0.0170648464163823,0.0514190767019939,0,0.0,0.0
2015,REG+POST,00-0031320,,Kevin Smith,WR,WR,,5,SEA,0,0,0,0,0,0,0,0,0,0,0,0,,0,,,0,0,0,0,0,0,,0,5,7,64,0,0,0,44,45,3,4.38583741677576,0,1.45454545454545,0.0421686746987952,0.0287018917155903,0.083344336249106,0,6.4,11.4
2015,REG+POST,00-0031325,S.Watkins,Sammy Watkins,WR,WR,"https://static.www.nfl.com/image/private/f_auto,q_auto/league/nkqk4ac4uncxocqlgp2k",13,BUF,0,0,0,0,0,0,0,0,0,0,0,0,,0,,,1,1,0,0,0,0,-0.329169422388077,0,60,96,1047,9,0,0,1605,179,41,63.8814192663398,0,0.652336448598131,0.266666666666667,0.423036373220875,0.696125461254613,0,158.8,218.8
2015,REG+POST,00-0031326,B.Ellington,Bruce Ellington,WR,WR,"https://static.www.nfl.com/image/private/f_auto,q_auto/league/qqlup3kfumh2ifrixmfn",10,SF,0,0,0,0,0,0,0,0,0,0,0,0,,0,,,1,7,0,0,0,0,0.579981201561168,0,13,19,153,0,1,0,167,110,4,2.0444302498363,0,0.916167664670659,0.0545977011494253,0.0690939180802648,0.130262294380323,0,16.0,29.0
2015,REG+POST,00-0031327,,Kevin Norwood,WR,WR,"https://static.www.nfl.com/image/private/f_auto,q_auto/league/l7maq8et7k8xcudhevwp",1,CAR,0,0,0,0,0,0,0,0,0,0,0,0,,0,,,0,0,0,0,0,0,,0,0,1,0,0,0,0,21,0,0,-4.34911856491817,0,0.0,0.027027027027027,0.0545454545454545,0.0787223587223587,0,0.0,0.0
2015,REG+POST,00-0031332,F.Toussaint,Fitzgerald Toussaint,RB,RB,"https://static.www.nfl.com/image/private/f_auto,q_auto/league/rckiakioqzv7cjqaeg1d",5,PIT,0,0,0,0,0,0,0,0,0,0,0,0,,0,,,47,139,1,1,1,5,-12.9234142741188,0,7,11,62,0,0,0,3,60,4,0.957960202300455,1,20.6666666666667,0.152777777777778,0.0056603773584905,0.23312893081761,0,26.1,33.1
2015,REG+POST,00-0031339,D.Moncrief,Donte Moncrief,WR,WR,"https://static.www.nfl.com/image/private/f_auto,q_auto/league/iippulnxfyjgrlj2p5qw",16,IND,0,0,0,0,0,0,0,0,0,0,0,0,,0,,,0,0,0,0,0,0,,0,64,105,733,6,0,0,1077,267,40,36.9466252941814,0,0.680594243268338,0.173841059602649,0.206678180771445,0.405436315943985,0,109.3,173.3
2015,REG+POST,00-0031344,C.Latimer,Cody Latimer,WR,WR,"https://static.www.nfl.com/image/private/f_auto,q_auto/league/whgchcrp9pqx0waocewu",8,DEN,0,0,0,0,0,0,0,0,0,0,0,0,,0,,,2,1,0,0,0,0,-0.896329972427338,0,9,14,90,1,0,0,136,39,6,4.03538558757282,0,0.661764705882353,0.0542635658914729,0.0528977051730844,0.118423742458368,0,15.1,24.1
2015,REG+POST,00-0031345,J.Garoppolo,Jimmy Garoppolo,QB,QB,"https://static.www.nfl.com/image/upload/f_auto,q_auto/league/lbyjizqecoq4onrgectw",4,NE,1,4,6,0,0,0,0,0,0,13,1,0,-3.11313412562595,0,0.461538461538462,,5,-5,0,0,0,0,0.0,0,0,0,0,0,0,0,0,0,0,,0,,,,,0,-0.26,-0.26
2015,REG+POST,00-0031373,M.Bryant,Martavis Bryant,WR,WR,"https://static.www.nfl.com/image/private/f_auto,q_auto/league/davxza3iibzg7aw6c5jm",13,PIT,0,0,0,0,0,0,0,0,0,0,0,0,,0,,,8,121,1,0,0,4,7.76813814957859,0,64,113,948,7,1,1,1370,439,31,14.0167293466735,0,0.691970802919708,0.221135029354207,0.27789046653144,0.526225870603319,0,152.9,216.9
2015,REG+POST,00-0031375,T.West,Terrance West,RB,RB,"https://static.www.nfl.com/image/private/f_auto,q_auto/league/vzmf3p3k4ywfa5vjn9za",8,BAL,0,0,0,0,0,0,0,0,0,0,0,0,,0,,,62,231,0,2,2,10,-17.9315592304071,0,4,5,21,0,0,0,0,18,0,0.0117495879530907,0,0.0,0.0344827586206897,0.0,0.0517241379310345,0,21.2,25.2
2015,REG+POST,00-0031376,J.McKinnon,Jerick McKinnon,RB,RB,"https://static.www.nfl.com/image/private/f_auto,q_auto/league/yezxe2j778cndbhkxwez",17,MIN,0,0,0,0,0,0,0,0,0,0,0,0,,0,,,54,278,2,0,0,13,6.90843158599455,0,24,34,195,1,0,0,55,193,9,-0.854367977679279,0,3.54545454545455,0.105919003115265,0.0241016652059597,0.175749670317069,0,65.3,89.3
2015,REG+POST,00-0031381,D.Adams,Davante Adams,WR,WR,"https://static.www.nfl.com/image/upload/f_auto,q_auto/league/jweoujpjv9u2a8k7wnos",14,GB,0,0,0,0,0,0,0,0,0,0,0,0,,0,,,0,0,0,0,0,0,,0,54,98,543,2,0,0,977,170,22,-5.30469352820417,1,0.555783009211873,0.192913385826772,0.229127579737336,0.449759384556292,0,68.3,122.3
2015,REG+POST,00-0031382,J.Landry,Jarvis Landry,WR,WR,"https://static.www.nfl.com/image/private/f_auto,q_auto/league/w2q9uwsjvgadwyvnvopb",16,MIA,1,1,9,0,0,0,0,0,0,3,6,0,1.14097248273902,0,3.0,,18,113,1,0,0,7,2.18133812828455,0,110,166,1157,4,0,0,1236,533,60,9.66081643697156,1,0.936084142394822,0.285714285714286,0.243402914533281,0.598953468744725,1,165.36,275.36
2015,REG+POST,00-0031384,R.Rodgers,Richard Rodgers,TE,TE,"https://static.www.nfl.com/image/private/f_auto,q_auto/league/l9zei9dkcmbml3q1nshk",18,GB,0,0,0,0,0,0,0,0,0,0,0,0,,0,,,1,11,0,0,0,1,0.84140024939552,0,65,97,582,8,0,0,619,250,31,10.6958186856364,1,0.940226171243942,0.151326053042122,0.113473877176902,0.306420793587014,0,109.3,174.3
2015,REG+POST,00-0031387,E.Ebron,Eric Ebron,TE,TE,"https://static.www.nfl.com/image/private/f_auto,q_auto/league/uaxsxymncppase7ihczd",14,DET,0,0,0,0,0,0,0,0,0,0,0,0,,0,,,0,0,0,0,0,0,,0,47,70,537,5,0,0,375,291,27,13.7884006648676,0,1.432,0.136186770428016,0.115919629057187,0.285423895982054,0,83.7,130.7
2015,REG+POST,00-0031390,C.Sims,Charles Sims,RB,RB,"https://static.www.nfl.com/image/private/f_auto,q_auto/league/w1yff81pb8rfp9sytx5l",16,TB,0,0,0,0,0,0,0,0,0,0,0,0,,0,,,107,529,0,1,1,20,-8.98688750678827,0,51,70,561,4,1,1,227,476,22,7.83465016804985,0,2.47136563876652,0.133333333333333,0.0517202096149465,0.236204146730463,0,129.0,180.0
2015,REG+POST,00-0031391,,Tre Mason,RB,RB,,13,LA,0,0,0,0,0,0,0,0,0,0,0,0,,0,,,75,207,1,3,1,10,-32.7252467453223,0,18,21,88,0,0,0,-6,119,4,-2.22929570084671,0,-14.6666666666667,0.073943661971831,-0.0026408450704225,0.109066901408451,0,33.5,51.5
2015,REG+POST,00-0031407,B.Bortles,Blake Bortles,QB,QB,"https://static.www.nfl.com/image/private/f_auto,q_auto/league/jvoui3bptgsfvgkz5e1b",16,JAX,355,606,4428,35,18,51,320,9,3,5560,1841,215,5.36244512432466,1,0.796402877697842,0.0536502630808087,52,310,2,5,2,24,-5.03665489111334,0,0,0,0,0,0,0,0,0,0,,0,,,,,0,316.12,316.12
2015,REG+POST,00-0031408,M.Evans,Mike Evans,WR,WR,"https://static.www.nfl.com/image/upload/f_auto,q_auto/league/vfsaie1uiokfczwv9p4d",15,TB,0,0,0,0,0,0,0,0,0,0,0,0,,0,,,0,0,0,0,0,0,,0,74,148,1206,3,1,1,2208,232,63,22.044482644259,0,0.546195652173913,0.300813008130081,0.43662250346055,0.756855264617507,0,136.6,210.6
2015,REG+POST,00-0031409,,Johnny Manziel,QB,QB,"https://static.www.nfl.com/image/private/f_auto,q_auto/league/a0ql3eziqinxvo0szfhk",9,CLE,129,223,1500,7,5,19,141,6,3,1829,729,71,-16.2608228065343,0,0.820120284308365,0.0285003538258565,37,230,0,0,0,11,5.6882526358596,0,0,0,0,0,0,0,0,0,0,,0,,,,,0,95.0,95.0
2015,REG+POST,00-0031413,,Bishop Sankey,RB,RB,"https://static.www.nfl.com/image/private/f_auto,q_auto/league/igga9u3pw5h2rlcgs80c",11,TEN,0,0,0,0,0,0,0,0,0,0,0,0,,0,,,47,193,1,1,0,5,-4.89677262545081,0,14,22,139,1,0,0,10,137,8,-0.090004212979693,0,13.9,0.0698412698412698,0.0042480883602378,0.107735566614071,0,45.2,59.2
2015,REG+POST,00-0031418,A.Seferian-Jenkins,Austin Seferian-Jenkins,TE,TE,"https://static.www.nfl.com/image/private/f_auto,q_auto/league/mvuoyejl5hzfzrkfezuj",7,TB,0,0,0,0,0,0,0,0,0,0,0,0,,0,,,0,0,0,0,0,0,,0,21,39,338,4,0,0,439,96,18,28.5440988039636,0,0.769931662870159,0.165254237288136,0.193306913254073,0.383196195210055,0,57.8,78.8
2015,REG+POST,00-0031428,A.Robinson,Allen Robinson,WR,WR,"https://static.www.nfl.com/image/upload/f_auto,q_auto/league/fyukft9lraurbsq0laom",16,JAX,0,0,0,0,0,0,0,0,0,0,0,0,,0,,,0,0,0,0,0,0,,0,80,151,1400,14,0,0,2245,356,61,43.2163189209774,0,0.623608017817372,0.251247920133112,0.404577401333574,0.660076061133169,0,224.0,304.0
2015,REG+POST,00-0031431,M.Lee,Marqise Lee,WR,WR,"https://static.www.nfl.com/image/private/f_auto,q_auto/league/drsesqqzwhkilsx51j4i",9,JAX,0,0,0,0,0,0,0,0,0,0,0,0,,0,,,5,38,0,0,0,2,1.76621642988175,0,15,32,191,1,0,0,355,91,11,2.67703437575256,0,0.538028169014084,0.096969696969697,0.120666213460231,0.229920894876707,0,28.9,43.9
2015,REG+POST,00-0031459,,Glenn Winston,RB,RB,,1,CLE,0,0,0,0,0,0,0,0,0,0,0,0,,0,,,1,-8,0,1,1,0,-5.95611498667859,0,0,0,0,0,0,0,0,0,0,,0,,,,,0,-2.8,-2.8
2015,REG+POST,00-0031462,J.Cunningham,Jerome Cunningham,TE,TE,"https://static.www.nfl.com/image/private/f_auto,q_auto/league/hmszkqofxzqzxqbuawhq",6,NYG,0,0,0,0,0,0,0,0,0,0,0,0,,0,,,0,0,0,0,0,0,,0,8,16,59,0,0,0,128,26,4,-3.46081509010155,0,0.4609375,0.062992125984252,0.0608076009501188,0.137053509641461,0,5.9,13.9
2015,REG+POST,00-0031493,,Jarryd Hayne,RB,RB,"https://static.www.nfl.com/image/private/f_auto,q_auto/league/u9zzumwdvyds5dwkvyp2",4,SF,0,0,0,0,0,0,0,0,0,0,0,0,,0,,,17,52,0,0,0,4,-1.27335956884781,0,6,7,27,0,0,0,5,22,2,-4.65399086091202,0,5.4,0.11864406779661,0.0116822429906542,0.186143671788373,0,7.9,13.9
2015,REG+POST,00-0031503,J.Winston,Jameis Winston,QB,QB,"https://static.www.nfl.com/image/upload/f_auto,q_auto/league/chdeosreuupotgq0eqlm",16,TB,312,535,4042,22,15,27,190,3,1,5340,1476,201,49.2368138011915,1,0.756928838951311,0.0952210118759459,54,213,6,3,1,18,2.97738901877709,0,0,0,0,0,0,0,0,0,0,,0,,,,,0,274.98,274.98
2015,REG+POST,00-0031511,D.White,DeAndrew White,WR,WR,"https://static.www.nfl.com/image/private/f_auto,q_auto/league/lqmfu6qd0olpnvocajbh",1,SF,0,0,0,0,0,0,0,0,0,0,0,0,,0,,,0,0,0,0,0,0,,0,2,2,18,0,0,0,14,4,2,1.55162605288206,0,1.28571428571429,0.0434782608695652,0.0422960725075529,0.0948246420596348,0,1.8,3.8
2015,REG+POST,00-0031526,,Tyler Varga,RB,RB,"https://static.www.nfl.com/image/private/f_auto,q_auto/league/p0iora9terrvucx0qpax",2,IND,0,0,0,0,0,0,0,0,0,0,0,0,,0,,,1,2,0,0,0,0,-0.0769369401969016,0,1,2,18,0,0,0,0,18,1,-0.486229706380982,0,0.0,0.0253164556962025,,,0,2.0,3.0
2015,REG+POST,00-0031531,Tr.Williams,Trey Williams,RB,RB,"https://static.www.nfl.com/image/private/f_auto,q_auto/league/hfiivtppnjghesffnpbc",1,IND,0,0,0,0,0,0,0,0,0,0,0,0,,0,,,2,12,0,0,0,1,0.569428052345756,0,0,0,0,0,0,0,0,0,0,,0,,,,,0,1.2,1.2
2015,REG+POST,00-0031544,A.Cooper,Amari Cooper,WR,WR,"https://static.www.nfl.com/image/upload/f_auto,q_auto/league/zmtzqznqui37unmo5xv9",16,LV,0,0,0,0,0,0,0,0,0,0,0,0,,0,,,3,-3,0,0,0,0,-1.7943077487289,0,72,130,1082,6,1,1,1351,374,45,17.6288729783135,0,0.800888230940045,0.21630615640599,0.286107581533249,0.524734541682259,0,141.9,213.9
2015,REG+POST,00-0031547,D.Parker,DeVante Parker,WR,WR,"https://static.www.nfl.com/image/private/f_auto,q_auto/league/beuyfjou6kckaoqqpa96",8,MIA,0,0,0,0,0,0,0,0,0,0,0,0,,0,,,0,0,0,0,0,0,,0,26,50,494,3,0,0,697,98,20,24.5618923079234,0,0.708751793400287,0.157728706624606,0.231330899435778,0.398524689541953,0,67.4,93.4
2015,REG+POST,00-0031549,N.Agholor,Nelson Agholor,WR,WR,"https://static.www.nfl.com/image/upload/f_auto,q_auto/league/wyxfkarcjgqdz3pl8nnr",13,PHI,0,0,0,0,0,0,0,0,0,0,0,0,,0,,,0,0,0,0,0,0,,0,23,44,283,1,1,1,480,95,11,2.34939547552521,0,0.589583333333333,0.0878243512974052,0.138328530259366,0.228566498127664,0,32.3,55.3
2015,REG+POST,00-0031558,M.Williams,Maxx Williams,TE,TE,"https://static.www.nfl.com/image/private/f_auto,q_auto/league/p0j7ax3rqhrzn5nvmc06",11,BAL,0,0,0,0,0,0,0,0,0,0,0,0,,0,,,0,0,0,0,0,0,,0,32,48,268,1,1,0,298,147,16,-1.14297420225835,0,0.899328859060403,0.101694915254237,0.087905604719764,0.214076296185191,0,32.8,64.8
2015,REG+POST,00-0031560,J.Strong,Jaelen Strong,WR,WR,"https://static.www.nfl.com/image/private/f_auto,q_auto/league/eakjj5fee8ctysjrqhxj",11,HOU,0,0,0,0,0,0,0,0,0,0,0,0,,0,,,0,0,0,0,0,0,,0,15,26,178,3,0,0,273,64,9,11.7766096158884,0,0.652014652014652,0.0668380462724936,0.0744274809160305,0.152356306049962,0,35.8,50.8
2015,REG+POST,00-0031569,J.Langford,Jeremy Langford,RB,RB,"https://static.www.nfl.com/image/private/f_auto,q_auto/league/ezohep8ggqmwfa1eqy4m",15,CHI,0,0,0,0,0,0,0,0,0,0,0,0,,0,,,148,537,6,0,0,28,-6.59887513821013,1,22,42,279,1,0,0,207,228,9,0.663517437120387,0,1.34782608695652,0.113821138211382,0.0656725888324873,0.216702519499814,0,125.6,147.6
2015,REG+POST,00-0031570,J.Hardy,Justin Hardy,WR,WR,"https://static.www.nfl.com/image/private/f_auto,q_auto/league/bf30pn7pqvdiof0zb6a0",9,ATL,0,0,0,0,0,0,0,0,0,0,0,0,,0,,,0,0,0,0,0,0,,0,21,36,194,0,0,0,330,65,12,1.54273725131159,0,0.587878787878788,0.102272727272727,0.117731002497324,0.235820792657218,0,19.4,40.4
2015,REG+POST,00-0031577,J.Allen,Javorius Allen,RB,RB,"https://static.www.nfl.com/image/private/f_auto,q_auto/league/jguqo1kwlkfamf537de0",16,BAL,0,0,0,0,0,0,0,0,0,0,0,0,,0,,,137,514,1,2,2,28,-28.2762970503285,0,45,62,353,2,0,0,114,314,16,-14.8767732550326,0,3.09649122807018,0.105621805792164,0.0247933884297521,0.175788080589072,0,100.7,145.7
2015,REG+POST,00-0031585,M.Pruitt,MyCole Pruitt,TE,TE,"https://static.www.nfl.com/image/upload/f_auto,q_auto/league/jazo8egu5luwyxxcpjh8",11,MIN,0,0,0,0,0,0,0,0,0,0,0,0,,0,,,0,0,0,0,0,0,,0,12,18,111,0,0,0,130,57,4,1.0694096123334,0,0.853846153846154,0.0571428571428571,0.0556506849315069,0.124669765166341,0,11.1,23.1
2015,REG+POST,00-0031588,S.Diggs,Stefon Diggs,WR,WR,"https://static.www.nfl.com/image/upload/f_auto,q_auto/league/to2qwuffjnjlouctglsl",14,MIN,0,0,0,0,0,0,0,0,0,0,0,0,,0,,,4,19,0,0,0,1,0.282392557361163,0,56,90,746,4,2,0,963,298,34,24.0228701472637,0,0.77466251298027,0.228426395939086,0.348786671495835,0.586790263955714,0,100.5,156.5
2015,REG+POST,00-0031590,J.Ajayi,Jay Ajayi,RB,RB,"https://static.www.nfl.com/image/private/f_auto,q_auto/league/bt0drbhvsjykf2xxvskx",9,MIA,0,0,0,0,0,0,0,0,0,0,0,0,,0,,,49,187,1,0,0,7,-3.94096480763983,1,7,11,90,0,0,0,19,78,5,2.28638942685211,0,4.73684210526316,0.0982142857142857,0.0201698513800425,0.161440324537458,0,35.7,42.7
2015,REG+POST,00-0031595,M.Burton,Michael Burton,FB,RB,"https://static.www.nfl.com/image/upload/f_auto,q_auto/league/edfaq7s9wuzedbfcarrp",8,DET,0,0,0,0,0,0,0,0,0,0,0,0,,0,,,4,2,0,0,0,1,-3.96589027694427,0,6,6,39,1,0,0,10,29,3,3.20993018092122,0,3.9,0.0283018867924528,0.0087412587412587,0.0485717113075604,0,10.1,16.1
2015,REG+POST,00-0031598,N.Boyle,Nick Boyle,TE,TE,"https://static.www.nfl.com/image/private/f_auto,q_auto/league/emqvoudb71kgmkfphmuw",8,BAL,0,0,0,0,0,0,0,0,0,0,0,0,,0,,,0,0,0,0,0,0,,0,18,23,153,0,0,0,105,100,10,5.09427946815245,1,1.45714285714286,0.0725552050473186,0.0486561631139944,0.142892121750774,0,17.3,35.3
2015,REG+POST,00-0031599,C.Artis-Payne,Cameron Artis-Payne,RB,RB,"https://static.www.nfl.com/image/private/f_auto,q_auto/league/vaeghufm3dkzmsjhb8hg",7,CAR,0,0,0,0,0,0,0,0,0,0,0,0,,0,,,48,190,1,1,0,6,-5.41206545603927,0,6,6,59,0,0,0,-5,64,4,4.06808776553953,0,-11.8,0.0504201680672269,-0.0053191489361702,0.0719068478455212,0,30.9,36.9
2015,REG+POST,00-0031600,,Keith Mumphery,WR,WR,,8,HOU,0,0,0,0,0,0,0,0,0,0,0,0,,0,,,0,0,0,0,0,0,,0,14,32,129,0,0,0,337,20,5,-4.23382561948155,0,0.382789317507418,0.0886426592797784,0.100687182551539,0.203445016705745,0,12.9,26.9
2015,REG+POST,00-0031610,D.Waller,Darren Waller,TE,TE,"https://static.www.nfl.com/image/private/f_auto,q_auto/league/qqzht46a66zbi9xyylf4",3,BAL,0,0,0,0,0,0,0,0,0,0,0,0,,0,,,0,0,0,0,0,0,,0,2,6,18,0,0,0,86,13,1,-1.74098431237508,0,0.209302325581395,0.0530973451327434,0.0989643268124281,0.148921046467815,0,1.8,3.8
2015,REG+POST,00-0031611,,Josh Robinson,RB,RB,"https://static.www.nfl.com/image/private/f_auto,q_auto/league/nsyyo0xqwswxkzgirn9k",5,IND,0,0,0,0,0,0,0,0,0,0,0,0,,0,,,17,39,0,1,1,0,-9.32944092369871,0,6,6,33,0,0,0,-4,37,2,-0.420736709435005,0,-8.25,0.09375,-0.0065040650406504,0.136072154471545,0,5.2,11.2
2015,REG+POST,00-0031612,A.Ripkowski,Aaron Ripkowski,FB,RB,"https://static.www.nfl.com/image/private/f_auto,q_auto/league/aln8oo1hxammcilgzi72",1,GB,0,0,0,0,0,0,0,0,0,0,0,0,,0,,,0,0,0,0,0,0,,0,1,1,18,0,0,0,3,15,1,1.90532457898371,0,6.0,0.0208333333333333,0.0067114093959731,0.0359479865771812,0,1.8,2.8
2015,REG+POST,00-0031665,Z.Zenner,Zach Zenner,RB,RB,"https://static.www.nfl.com/image/private/f_auto,q_auto/league/deiznogchpv1vbrmyuax",4,DET,0,0,0,0,0,0,0,0,0,0,0,0,,0,,,17,60,0,0,0,1,-2.58586182422005,0,2,3,11,0,0,0,-6,12,0,-0.319157245568931,0,-1.83333333333333,0.029126213592233,-0.0080536912751677,0.0380517364957321,0,7.1,9.1
2015,REG+POST,00-0031682,T.Ward,Terron Ward,RB,RB,"https://static.www.nfl.com/image/private/f_auto,q_auto/league/wcq3c0qgpkzoegi0yn6w",10,ATL,0,0,0,0,0,0,0,0,0,0,0,0,,0,,,29,95,1,0,0,5,-7.97426635990269,0,9,13,73,0,0,0,24,59,0,-5.89951154779604,0,3.04166666666667,0.0408805031446541,0.0109539023277042,0.0689884863463741,0,22.8,31.8
2015,REG+POST,00-0031731,C.Grant,Corey Grant,RB,RB,"https://static.www.nfl.com/image/private/f_auto,q_auto/league/gj5yoyyx8nulm8ss037t",5,JAX,0,0,0,0,0,0,0,0,0,0,0,0,,0,,,6,2,0,1,1,1,-9.74638905690517,0,2,3,13,0,0,0,15,15,0,0.311553487321362,0,0.866666666666667,0.0416666666666667,0.022189349112426,0.0780325443786982,0,-0.5,1.5
2015,REG+POST,00-0031743,A.Hunt,Akeem Hunt,RB,RB,"https://static.www.nfl.com/image/private/f_auto,q_auto/league/mjsxqeuw6ng12xa1z4zy",8,HOU,0,0,0,0,0,0,0,0,0,0,0,0,,0,,,18,96,0,0,0,6,4.28601174942566,0,6,10,39,0,0,0,5,49,2,-3.25714561517816,0,7.8,0.0505050505050505,0.0036523009495982,0.0783141864222945,0,13.5,19.5
2015,REG+POST,00-0031744,M.LaCosse,Matt LaCosse,TE,TE,"https://static.www.nfl.com/image/private/f_auto,q_auto/league/yt2cjnrobixknkfi5vud",1,NYG,0,0,0,0,0,0,0,0,0,0,0,0,,0,,,0,0,0,0,0,0,,0,3,3,22,0,0,0,13,9,2,1.58376578270691,0,1.69230769230769,0.0882352941176471,0.0575221238938053,0.172618427902134,0,2.2,5.2
2015,REG+POST,00-0031757,L.Whitehead,Lucky Whitehead,WR,WR,"https://static.www.nfl.com/image/private/f_auto,q_auto/league/kkkuu7hldjdxhklgejl0",9,DAL,0,0,0,0,0,0,0,0,0,0,0,0,,0,,,10,107,0,0,0,6,7.61412420787383,0,6,8,16,0,0,0,10,20,1,-2.65176142193377,0,1.6,0.0404040404040404,0.0060422960725075,0.0648356678568159,0,12.3,18.3
2015,REG+POST,00-0031768,T.Magee,Terrence Magee,RB,RB,"https://static.www.nfl.com/image/private/f_auto,q_auto/league/cpwxutcnudoozh6jr2zo",1,BAL,0,0,0,0,0,0,0,0,0,0,0,0,,0,,,2,5,0,0,0,0,-0.419908287003636,0,1,1,2,0,0,0,1,1,0,-0.289625980658457,0,2.0,0.0222222222222222,0.0023255813953488,0.0349612403100775,0,0.7,1.7
2015,REG+POST,00-0031806,M.Brown,Malcolm Brown,RB,RB,"https://static.www.nfl.com/image/private/f_auto,q_auto/league/zxnjheichwlnvvu5qdyl",1,LA,0,0,0,0,0,0,0,0,0,0,0,0,,0,,,4,17,0,0,0,1,-0.0546314933453687,0,1,1,-2,0,0,0,-5,3,0,1.13499371206854,0,0.4,0.0263157894736842,-0.0136612021857924,0.0299108426804717,0,1.5,2.5
2015,REG+POST,00-0031816,,Tyler Murphy,WR,WR,"https://static.www.nfl.com/image/private/f_auto,q_auto/league/vibrpfk10d0t8zlpsc8j",1,PIT,0,0,0,0,0,0,0,0,0,0,0,0,,0,,,0,0,0,0,0,0,,0,1,1,16,0,0,0,15,1,1,1.32832813326968,0,1.06666666666667,0.0263157894736842,0.0337078651685393,0.0630691898285039,0,1.6,2.6
2015,REG+POST,00-0031818,B.Marquez,Bradley Marquez,WR,WR,"https://static.www.nfl.com/image/private/f_auto,q_auto/league/p6olxbyymypgryvxovy3",9,LA,0,0,0,0,0,0,0,0,0,0,0,0,,0,,,0,0,0,0,0,0,,0,13,22,88,0,0,0,195,23,3,-12.9885338940824,0,0.451282051282051,0.079136690647482,0.0857519788918206,0.178731421195497,0,8.8,21.8
2015,REG+POST,00-0031826,J.Crockett,John Crockett,RB,RB,"https://static.www.nfl.com/image/private/f_auto,q_auto/league/t3urtfod8890lrutmglh",2,GB,0,0,0,0,0,0,0,0,0,0,0,0,,0,,,9,21,0,0,0,2,-2.00256114825606,0,0,0,0,0,0,0,0,0,0,,0,,,,,0,2.1,2.1
2015,REG+POST,00-0031830,,Alonzo Harris,RB,RB,"https://static.www.nfl.com/image/private/f_auto,q_auto/league/huk6z3s9eh6bqg1xvexz",3,GB,0,0,0,0,0,0,0,0,0,0,0,0,,0,,,4,19,0,0,0,1,0.3638967636507,0,0,1,0,0,0,0,-3,0,0,-0.852264324901626,0,0.0,0.0166666666666667,-0.0060362173038229,0.0207746478873239,0,1.9,1.9
2015,REG+POST,00-0031854,C.Harper,Chris Harper,WR,WR,"https://static.www.nfl.com/image/private/f_auto,q_auto/league/eb0duhdzifs4ky3jpvhf",3,NE,0,0,0,0,0,0,0,0,0,0,0,0,,0,,,0,0,0,0,0,0,,0,1,3,6,0,0,0,56,1,0,-2.86262444866588,0,0.107142857142857,0.0285714285714286,0.0559440559440559,0.082017982017982,0,0.6,1.6
2015,REG+POST,00-0031897,T.Rawls,Thomas Rawls,RB,RB,"https://static.www.nfl.com/image/private/f_auto,q_auto/league/uxyelm5j4nm67gmnbih9",12,SEA,0,0,0,0,0,0,0,0,0,0,0,0,,0,,,147,830,4,1,1,37,7.39685869368259,0,9,11,76,1,0,0,-10,76,2,2.89196194696706,0,-7.6,0.06875,-0.0082304526748971,0.097363683127572,0,118.6,127.6
2015,REG+POST,00-0031900,R.Smith,Rod Smith,RB,RB,"https://static.www.nfl.com/image/private/f_auto,q_auto/league/zmhmhduytwid1kjim5rp",3,DAL,0,0,0,0,0,0,0,0,0,0,0,0,,0,,,2,5,0,0,0,1,-0.532858357648365,0,1,2,6,0,0,0,1,5,1,-0.572653734374952,0,6.0,0.03125,0.0032051282051282,0.0491185897435897,0,1.1,2.1
2015,REG+POST,00-0031912,C.Meredith,Cameron Meredith,WR,WR,"https://static.www.nfl.com/image/private/f_auto,q_auto/league/galvhjzccy4mw0ipexho",6,CHI,0,0,0,0,0,0,0,0,0,0,0,0,,0,,,0,0,0,0,0,0,,0,11,16,120,0,0,0,178,37,5,-3.31975558423437,0,0.674157303370787,0.0740740740740741,0.101482326111745,0.182148739389332,0,12.0,23.0
2015,REG+POST,00-0031921,K.Lamm,Kendall Lamm,T,OL,"https://static.www.nfl.com/image/upload/f_auto,q_auto/league/pbt4yhecwuv2usfmdz94",1,HOU,0,0,0,0,0,0,0,0,0,0,0,0,,0,,,0,0,0,0,0,0,,0,1,1,7,0,0,0,2,5,1,0.959262635791674,0,3.5,0.0232558139534884,0.0039447731755424,0.0376450621531122,0,0.7,1.7
2015,REG+POST,00-0031922,K.Lee,Khari Lee,TE,TE,"https://static.www.nfl.com/image/private/f_auto,q_auto/league/na3rt3lesebmcwilj62y",3,CHI,0,0,0,0,0,0,0,0,0,0,0,0,,0,,,0,0,0,0,0,0,,0,1,3,7,0,0,0,35,4,0,-1.11884511180688,0,0.2,0.0280373831775701,0.0383771929824561,0.0689201098540744,0,0.7,1.7
2015,REG+POST,00-0031932,,Chandler Worthy,WR,WR,,3,HOU,0,0,0,0,0,0,0,0,0,0,0,0,,0,,,0,0,0,0,0,0,,0,3,4,14,0,0,0,-1,21,1,-0.435144834744278,0,0.0,0.0291970802919708,-0.0008417508417508,0.0432063948487306,0,1.4,4.4
2015,REG+POST,00-0031934,D.Smith,Devin Smith,WR,WR,"https://static.www.nfl.com/image/private/f_auto,q_auto/league/sxvloat4tcr7e6eghply",7,NYJ,0,0,0,0,0,0,0,0,0,0,0,0,,0,,,0,0,0,0,0,0,,0,9,28,115,1,0,0,574,18,5,-7.80933998010627,0,0.200348432055749,0.102941176470588,0.218500190331176,0.307361897937706,0,17.5,26.5
2015,REG+POST,00-0031939,M.Jones,Matt Jones,RB,RB,"https://static.www.nfl.com/image/private/f_auto,q_auto/league/eektuvevqtzbqstzx3pv",13,WAS,0,0,0,0,0,0,0,0,0,0,0,0,,0,,,144,490,3,4,3,30,-35.8959598922936,0,19,25,304,1,1,0,43,266,10,12.5406000398216,0,7.06976744186047,0.0798722044728434,0.0205054840247973,0.134162145526623,0,97.4,116.4
2015,REG+POST,00-0031941,J.Crowder,Jamison Crowder,WR,WR,"https://static.www.nfl.com/image/upload/f_auto,q_auto/league/rfysbrjrvfdr72cx8who",17,WAS,0,1,0,0,0,0,0,0,0,16,0,0,-0.453690749476664,0,0.0,,2,2,0,0,0,0,-0.664096987107769,0,62,82,619,2,2,0,477,339,34,27.194385182499,2,1.29769392033543,0.136439267886855,0.0985537190082645,0.273646505136068,0,78.1,140.1
2015,REG+POST,00-0031951,J.O'Shaughnessy,James O'Shaughnessy,TE,TE,"https://static.www.nfl.com/image/private/f_auto,q_auto/league/sz5g57zhnshipkpw39sz",5,KC,0,0,0,0,0,0,0,0,0,0,0,0,,0,,,0,0,0,0,0,0,,0,6,9,87,0,0,0,49,57,4,4.35872128163464,0,1.77551020408163,0.0538922155688623,0.0441441441441441,0.111739224254194,0,8.7,14.7
2015,REG+POST,00-0031953,G.Davis,Geremy Davis,WR,WR,"https://static.www.nfl.com/image/private/f_auto,q_auto/league/q0pogtzy8q737pqb7zr2",3,NYG,0,0,0,0,0,0,0,0,0,0,0,0,,0,,,0,0,0,0,0,0,,0,2,3,21,0,0,0,37,8,1,-0.512164393789135,0,0.567567567567568,0.0232558139534884,0.0430232558139535,0.065,0,2.1,4.1
2015,REG+POST,00-0031959,M.Murphy,Marcus Murphy,RB,RB,"https://static.www.nfl.com/image/private/f_auto,q_auto/league/y9j91g8089mu9tjj0zis",2,NO,0,0,0,0,0,0,0,0,0,0,0,0,,0,,,1,0,0,0,0,0,-0.500477341003716,0,0,0,0,0,0,0,0,0,0,,0,,,,,1,6.0,6.0
2015,REG+POST,00-0031962,M.Alford,Mario Alford,WR,WR,"https://static.www.nfl.com/image/private/f_auto,q_auto/league/oakcuep40uvrcyx86q3o",1,CIN,0,0,0,0,0,0,0,0,0,0,0,0,,0,,,0,0,0,0,0,0,,0,1,1,15,0,0,0,10,5,1,1.67401416617213,0,1.5,0.0454545454545455,0.0571428571428571,0.108181818181818,0,1.5,2.5
2015,REG+POST,00-0031968,E.Bibbs,E.J. Bibbs,TE,TE,"https://static.www.nfl.com/image/private/f_auto,q_auto/league/lvc2ffs7bbxbkvyciibj",2,CLE,0,0,0,0,0,0,0,0,0,0,0,0,,0,,,0,0,0,0,0,0,,0,1,2,7,0,0,0,5,2,0,-0.808128778240643,0,1.4,0.0238095238095238,0.0163398692810458,0.0471521942110177,0,0.7,1.7
2015,REG+POST,00-0031972,D.Jennings,Darius Jennings,WR,WR,"https://static.www.nfl.com/image/private/f_auto,q_auto/league/ttzaqozynmreovwpwwlh",3,CLE,0,0,0,0,0,0,0,0,0,0,0,0,,0,,,0,0,0,0,0,0,,0,14,21,117,0,1,0,139,37,7,-2.23797114285277,0,0.841726618705036,0.189189189189189,0.147401908801697,0.386965119944971,0,11.7,25.7
2015,REG+POST,00-0032001,,Ben Edwards,WR,WR,,1,NYG,0,0,0,0,0,0,0,0,0,0,0,0,,0,,,0,0,0,0,0,0,,0,1,2,9,0,0,0,18,7,0,-5.77766707912087,0,0.5,0.0588235294117647,0.079646017699115,0.143987506507028,0,0.9,1.9
2015,REG+POST,00-0032004,W.Tye,Will Tye,TE,TE,"https://static.www.nfl.com/image/private/f_auto,q_auto/league/dv5nojtrswp6cprkwn2y",13,NYG,0,0,0,0,0,0,0,0,0,0,0,0,,0,,,0,0,0,0,0,0,,0,42,62,464,3,1,1,356,194,23,11.9463725979708,0,1.30337078651685,0.12156862745098,0.101569186875892,0.253451371989595,0,62.4,104.4
2015,REG+POST,00-0032008,D.Dye,Donteea Dye,WR,WR,"https://static.www.nfl.com/image/private/f_auto,q_auto/league/fsdl4ssnmvwdec6uoafu",9,TB,0,0,0,0,0,0,0,0,0,0,0,0,,0,,,0,0,0,0,0,0,,0,11,30,132,1,1,0,365,34,8,-6.49217365828705,0,0.361643835616438,0.0983606557377049,0.11785598966742,0.230040176373751,0,19.2,30.2
2015,REG+POST,00-0032009,A.Humphries,Adam Humphries,WR,WR,"https://static.www.nfl.com/image/private/f_auto,q_auto/league/l56ywjejfpraigzs4qia",11,TB,0,0,0,0,0,0,0,0,0,0,0,0,,0,,,0,0,0,0,0,0,,0,27,40,260,1,0,0,270,123,18,-3.46120213118077,0,0.962962962962963,0.104712041884817,0.0681818181818182,0.204795335554498,0,32.0,59.0
2015,REG+POST,00-0032045,A.Turzilli,Andrew Turzilli,WR,WR,"https://static.www.nfl.com/image/private/f_auto,q_auto/league/vv21wvuslhuw1fdzawhc",1,TEN,0,0,0,0,0,0,0,0,0,0,0,0,,0,,,0,0,0,0,0,0,,0,2,2,25,0,0,0,21,4,1,2.08080325112678,0,1.19047619047619,0.05,0.0480549199084668,0.108638443935927,0,2.5,4.5
2015,REG+POST,00-0032055,D.Funchess,Devin Funchess,TE,TE,"https://static.www.nfl.com/image/private/f_auto,q_auto/league/j0q0lmao9tg0rbviax6z",19,CAR,0,0,0,0,0,0,0,0,0,0,0,0,,0,,,0,0,0,0,0,0,,0,36,72,546,6,1,1,935,119,29,18.6787614649138,0,0.583957219251337,0.123287671232877,0.153656532456861,0.292491079569118,0,88.6,124.6
2015,REG+POST,00-0032058,T.Coleman,Tevin Coleman,RB,RB,"https://static.www.nfl.com/image/private/f_auto,q_auto/league/wiu4r7bvhcafs9vamqc",12,ATL,0,0,0,0,0,0,0,0,0,0,0,0,,0,,,87,392,1,3,3,14,-17.560287341068,0,2,11,14,0,0,0,43,11,0,-10.0396957790945,0,0.325581395348837,0.0338461538461538,0.0170974155069583,0.0627374216241015,0,40.6,42.6
2015,REG+POST,00-0032062,B.Bell,Blake Bell,TE,TE,"https://static.www.nfl.com/image/private/f_auto,q_auto/league/eqrmmjto8koqqc9j2kjj",9,SF,0,0,0,0,0,0,0,0,0,0,0,0,,0,,,0,0,0,0,0,0,,0,15,25,186,0,0,0,186,92,5,-2.16676567164117,0,1.0,0.0773993808049536,0.104435710275126,0.189204068400019,0,18.6,33.6
2015,REG+POST,00-0032063,M.Davis,Mike Davis,RB,RB,"https://static.www.nfl.com/image/private/f_auto,q_auto/league/csrqinegeyunycijua2q",5,SF,0,0,0,0,0,0,0,0,0,0,0,0,,0,,,35,58,0,0,0,5,-11.1055972076429,0,7,13,38,0,0,0,10,35,1,-8.46937962810625,0,3.8,0.0866666666666667,0.014792899408284,0.140355029585799,0,9.6,16.6
2015,REG+POST,00-0032068,M.Johnson,Malcolm Johnson,RB,RB,"https://static.www.nfl.com/image/private/f_auto,q_auto/league/n1vppalhmz7ekonqtmiq",5,CLE,0,0,0,0,0,0,0,0,0,0,0,0,,0,,,0,0,0,0,0,0,,0,4,6,15,0,0,0,4,20,0,-1.22893214726355,0,3.75,0.0352941176470588,0.0030911901081916,0.0551050095463224,0,1.5,5.5
2015,REG+POST,00-0032089,B.Parker,Brian Parker,TE,TE,"https://static.www.nfl.com/image/private/f_auto,q_auto/league/lozfj8mnyln9bo6frq6r",2,KC,0,0,0,0,0,0,0,0,0,0,0,0,,0,,,0,0,0,0,0,0,,0,1,2,6,0,0,0,5,7,0,-0.26185788155999,0,1.2,0.0377358490566038,0.0132275132275132,0.0658630328441649,0,0.6,1.6
2015,REG+POST,00-0032098,D.Brown,Daniel Brown,TE,TE,"https://static.www.nfl.com/image/private/f_auto,q_auto/league/fnhg5hbp5sjn3uuanqua",4,BAL,0,0,0,0,0,0,0,0,0,0,0,0,,0,,,0,0,0,0,0,0,,0,6,11,64,0,0,0,112,23,4,-13.0912549032154,0,0.571428571428571,0.0666666666666667,0.08199121522694,0.157393850658858,0,6.4,12.4
2015,REG+POST,00-0032104,A.Abdullah,Ameer Abdullah,RB,RB,"https://static.www.nfl.com/image/upload/f_auto,q_auto/league/atwi5p12mlgnsl4y8cgt",16,DET,0,0,0,0,0,0,0,0,0,0,0,0,,0,,,143,597,2,4,2,27,-15.1277194612776,0,25,38,183,1,0,0,-2,203,11,-13.3124750335119,0,-91.5,0.063758389261745,-0.0006574621959237,0.0951773603554708,0,92.0,117.0
2015,REG+POST,00-0032112,J.Nelson,J.J. Nelson,WR,WR,"https://static.www.nfl.com/image/private/f_auto,q_auto/league/rdpp1eiaqse92yvujbs0",11,ARI,0,0,0,0,0,0,0,0,0,0,0,0,,0,,,1,0,0,0,0,0,-0.554644718300551,1,14,31,332,2,0,0,689,56,13,10.0596583008128,0,0.481857764876633,0.0786802030456853,0.156555328334469,0.227609034402657,0,47.2,61.2
2015,REG+POST,00-0032115,K.Clay,Kaelin Clay,WR,WR,"https://static.www.nfl.com/image/private/f_auto,q_auto/league/u1beu9elu48ry0b1rzjl",1,BAL,0,0,0,0,0,0,0,0,0,0,0,0,,0,,,0,0,0,0,0,0,,0,0,0,0,0,0,0,0,0,0,,0,,,,,1,6.0,6.0
2015,REG+POST,00-0032117,N.O'Leary,Nick O'Leary,TE,TE,"https://static.www.nfl.com/image/private/f_auto,q_auto/league/f5411hjmqqxoa27quwfz",3,BUF,0,0,0,0,0,0,0,0,0,0,0,0,,0,,,0,0,0,0,0,0,,0,1,3,37,0,0,0,20,37,1,0.994442820795061,0,1.85,0.0410958904109589,0.0452488687782805,0.0933180437612347,0,3.7,4.7
2015,REG+POST,00-0032122,,Joey Iosefa,FB,RB,,2,NE,0,0,0,0,0,0,0,0,0,0,0,0,,0,,,15,51,0,0,0,2,-4.12533601400968,0,0,0,0,0,0,0,0,0,0,,0,,,,,0,5.1,5.1
2015,REG+POST,00-0032123,T.McBride,Tre McBride,WR,WR,"https://static.www.nfl.com/image/private/f_auto,q_auto/league/gxiebdueieuygbu3b14z",2,TEN,0,0,0,0,0,0,0,0,0,0,0,0,,0,,,1,8,0,0,0,0,1.67493114207173,0,2,4,8,1,0,0,37,1,1,1.13020388572477,0,0.216216216216216,0.0526315789473684,0.0677655677655678,0.12638326585695,0,7.6,9.6
2015,REG+POST,00-0032128,C.Conley,Chris Conley,WR,WR,"https://static.www.nfl.com/image/upload/f_auto,q_auto/league/mr4h7vx02uwpr7xlfk6y",11,KC,0,0,0,0,0,0,0,0,0,0,0,0,,0,,,0,0,0,0,0,0,,0,23,41,241,2,0,0,396,91,14,3.57005773080542,0,0.608585858585859,0.11614730878187,0.157455268389662,0.284439651045568,0,36.1,59.1
2015,REG+POST,00-0032130,J.Fowler,Jalston Fowler,FB,RB,"https://static.www.nfl.com/image/private/f_auto,q_auto/league/vzwokuiytin3pfyp1icy",7,TEN,0,0,0,0,0,0,0,0,0,0,0,0,,0,,,7,13,1,0,0,5,3.23063311984879,0,5,6,44,1,0,0,5,42,3,2.60403670329833,0,8.8,0.0319148936170213,0.0026723677177979,0.0497429978279905,0,17.7,22.7
2015,REG+POST,00-0032133,,David Cobb,RB,RB,,7,TEN,0,0,0,0,0,0,0,0,0,0,0,0,,0,,,52,146,1,0,0,6,-10.462511469319,0,1,2,-2,0,0,0,-4,3,0,-1.86908209696412,0,0.5,0.0229885057471264,-0.005,0.0309827586206897,0,20.4,21.4
2015,REG+POST,00-0032134,C.Uzomah,C.J. Uzomah,TE,TE,"https://static.www.nfl.com/image/private/f_auto,q_auto/league/hnkflpl5pzbfbdvtcv1c",1,CIN,0,0,0,0,0,0,0,0,0,0,0,0,,0,,,0,0,0,0,0,0,,0,1,1,4,0,0,0,2,2,1,2.1534673377173,0,2.0,0.0454545454545455,0.0114285714285714,0.0761818181818182,0,0.4,1.4
2015,REG+POST,00-0032135,J.James,Jesse James,TE,TE,"https://static.www.nfl.com/image/private/f_auto,q_auto/league/rgk9zqdx9lmbcblem3xn",6,PIT,0,0,0,0,0,0,0,0,0,0,0,0,,0,,,0,0,0,0,0,0,,0,9,12,78,1,0,0,78,33,3,2.65914964216063,1,1.0,0.047244094488189,0.0294006784771956,0.0914466166663204,0,15.8,24.8
2015,REG+POST,00-0032141,G.Swaim,Geoff Swaim,TE,TE,"https://static.www.nfl.com/image/upload/f_auto,q_auto/league/kecuhwgbqvlqt6gb0dz6",1,DAL,0,0,0,0,0,0,0,0,0,0,0,0,,0,,,0,0,0,0,0,0,,0,1,1,0,0,0,0,0,0,0,-0.478337041800842,0,,0.0294117647058824,,,0,0.0,1.0
2015,REG+POST,00-0032144,M.Gordon,Melvin Gordon,RB,RB,"https://static.www.nfl.com/image/private/f_auto,q_auto/league/i4g8x7yotpgszlyanow0",14,LAC,0,0,0,0,0,0,0,0,0,0,0,0,,0,,,184,641,0,5,4,33,-44.618104230758,0,33,37,192,0,1,0,-52,256,8,1.49879413371673,0,-3.69230769230769,0.0813186813186813,-0.0215678141849855,0.106880552048532,0,75.3,108.3
2015,REG+POST,00-0032152,,Karlos Williams,RB,RB,,11,BUF,0,0,0,0,0,0,0,0,0,0,0,0,,0,,,93,517,7,1,0,25,17.0294689378352,0,11,14,96,2,1,1,67,44,3,-5.68005318182986,0,1.43283582089552,0.0818713450292398,0.0409535452322738,0.151474499206451,0,113.3,124.3
2015,REG+POST,00-0032156,T.Siemian,Trevor Siemian,QB,QB,"https://static.www.nfl.com/image/private/f_auto,q_auto/league/vmksfbms9zefxezf39sb",1,DEN,0,0,0,0,0,0,0,0,0,0,0,0,,0,,,1,-1,0,0,0,0,0.0,0,0,0,0,0,0,0,0,0,0,,0,,,,,0,-0.1,-0.1
2015,REG+POST,00-0032160,T.Williams,Tyrell Williams,WR,WR,"https://static.www.nfl.com/image/private/f_auto,q_auto/league/qixhze7yidydtc1vyeih",2,LAC,0,0,0,0,0,0,0,0,0,0,0,0,,0,,,0,0,0,0,0,0,,0,2,6,90,1,0,0,161,51,1,-0.613951276929583,0,0.559006211180124,0.0923076923076923,0.285968028419183,0.338639158354967,0,15.0,17.0
2015,REG+POST,00-0032166,S.Coates,Sammie Coates,WR,WR,"https://static.www.nfl.com/image/private/f_auto,q_auto/league/qtqofzkmblah8ycd4687",2,PIT,0,0,0,0,0,0,0,0,0,0,0,0,,0,,,0,0,0,0,0,0,,0,3,5,72,0,0,0,51,47,3,4.05739014336566,0,1.41176470588235,0.0806451612903226,0.101593625498008,0.192083279784089,0,7.2,10.2
2015,REG+POST,00-0032170,R.Greene,Rashad Greene,WR,WR,"https://static.www.nfl.com/image/private/f_auto,q_auto/league/xte6opvwocivpjpjplzp",9,JAX,0,0,0,0,0,0,0,0,0,0,0,0,,0,,,0,0,0,0,0,0,,0,19,35,93,2,0,0,219,54,8,-4.9515361378506,0,0.424657534246575,0.108695652173913,0.0783542039355993,0.217891421015789,1,27.3,46.3
2015,REG+POST,00-0032187,D.Johnson,David Johnson,RB,RB,"https://static.www.nfl.com/image/private/f_auto,q_auto/league/y7dtsyyjnoafefkbylbb",18,ARI,0,0,0,0,0,0,0,0,0,0,0,0,,0,,,155,676,9,2,0,41,10.6361937620502,0,51,75,568,4,1,0,312,435,26,18.808490772319,0,1.82051282051282,0.12214983713355,0.0468890892696123,0.216047118189054,1,208.4,259.4
2015,REG+POST,00-0032188,V.Mayle,Vince Mayle,WR,WR,"https://static.www.nfl.com/image/private/f_auto,q_auto/league/rosldoxrxcni83bowf2y",1,DAL,0,0,0,0,0,0,0,0,0,0,0,0,,0,,,0,0,0,0,0,0,,0,0,1,0,0,0,0,23,0,0,-5.21075233677402,0,0.0,0.0256410256410256,0.0978723404255319,0.106972176759411,0,0.0,0.0
2015,REG+POST,00-0032196,J.Fisher,Jake Fisher,OT,OL,"https://static.www.nfl.com/image/private/f_auto,q_auto/league/f23vwxf4i4ftskhycarb",5,CIN,0,0,0,0,0,0,0,0,0,0,0,0,,0,,,0,0,0,0,0,0,,0,1,5,31,0,0,0,27,19,1,-2.52677304398381,0,1.14814814814815,0.0354609929078014,0.0229007633587786,0.0692220237128472,0,3.1,4.1
2015,REG+POST,00-0032200,T.Montgomery,Ty Montgomery,WR,WR,"https://static.www.nfl.com/image/private/f_auto,q_auto/league/eagn4fvhnc9cp3wxeqoz",5,GB,0,0,0,0,0,0,0,0,0,0,0,0,,0,,,3,14,0,0,0,0,0.074688566615805,0,15,19,136,2,0,0,125,91,6,9.15323498750244,0,1.088,0.121019108280255,0.107758620689655,0.256959696903141,0,27.0,42.0
2015,REG+POST,00-0032208,P.Dorsett,Phillip Dorsett,WR,WR,"https://static.www.nfl.com/image/upload/f_auto,q_auto/league/nwsw01lcnmb5bdcc8glp",11,IND,0,0,0,0,0,0,0,0,0,0,0,0,,0,,,3,17,0,0,0,2,1.00988638721174,0,18,39,225,1,0,0,506,60,10,-4.83275972037236,0,0.444664031620553,0.0930787589498807,0.137201735357918,0.235659353175363,0,30.2,48.2
2015,REG+POST,00-0032209,T.Yeldon,T.J. Yeldon,RB,RB,"https://static.www.nfl.com/image/private/f_auto,q_auto/league/ktxkn2ltkmqfb5ugunt4",12,JAX,0,0,0,0,0,0,0,0,0,0,0,0,,0,,,182,740,2,0,0,25,-19.864141843165,0,36,46,279,1,0,0,8,298,14,3.42628145680469,0,34.875,0.103603603603604,0.0019342359767891,0.156759370589158,0,119.9,155.9
2015,REG+POST,00-0032211,T.Lockett,Tyler Lockett,WR,WR,"https://static.www.nfl.com/image/upload/f_auto,q_auto/league/yz9p4pfwr0iyakhnwj4z",18,SEA,0,0,0,0,0,0,0,0,0,0,0,0,,0,,,5,20,0,0,0,1,-0.451172049622983,0,55,78,774,7,0,0,1102,279,34,59.8470433922151,0,0.702359346642468,0.143382352941176,0.228204597225098,0.374816747469334,2,133.4,188.4
2015,REG+POST,00-0032214,T.Kroft,Tyler Kroft,TE,TE,"https://static.www.nfl.com/image/private/f_auto,q_auto/league/ztko1uhl01ebiutefibj",7,CIN,0,0,0,0,0,0,0,0,0,0,0,0,,0,,,0,0,0,0,0,0,,0,11,16,129,1,0,0,92,68,6,4.84382380469469,0,1.40217391304348,0.0730593607305936,0.0458852867830424,0.14170874184402,0,18.9,29.9
2015,REG+POST,00-0032218,,Dorial Green-Beckham,WR,WR,"https://static.www.nfl.com/image/private/f_auto,q_auto/league/jyrzrpb37ybd9feblt3m",14,TEN,0,0,0,0,0,0,0,0,0,0,0,0,,0,,,0,0,0,0,0,0,,0,32,67,549,4,0,0,906,144,30,9.25168647216348,1,0.605960264900662,0.13508064516129,0.200132538104705,0.342713744415229,0,80.9,112.9
2015,REG+POST,00-0032241,T.Gurley,Todd Gurley,RB,RB,"https://static.www.nfl.com/image/private/f_auto,q_auto/league/ym7oprwel3dxbab0k7x9",13,LA,0,0,0,0,0,0,0,0,0,0,0,0,,0,,,229,1106,10,3,1,45,-12.8942896739726,0,21,26,188,0,0,0,-16,202,8,1.65180591048556,0,-11.75,0.0921985815602837,-0.0087912087912087,0.132144026186579,0,187.4,208.4
2015,REG+POST,00-0032245,S.Mannion,Sean Mannion,QB,QB,"https://static.www.nfl.com/image/private/f_auto,q_auto/league/lcuc7hhiijmt8xtitm77",1,LA,6,7,31,0,0,0,0,0,0,26,11,2,-1.28662044450175,0,1.19230769230769,0.0914223781915129,0,0,0,0,0,0,,0,0,0,0,0,0,0,0,0,0,,0,,,,,0,1.24,1.24
2015,REG+POST,00-0032250,K.Williams,Kasen Williams,WR,WR,"https://static.www.nfl.com/image/private/f_auto,q_auto/league/wclsdffaruwekvlwbmx3",1,SEA,0,0,0,0,0,0,0,0,0,0,0,0,,0,,,1,5,0,0,0,0,-0.066784406080842,0,1,1,8,0,0,0,5,3,1,1.02502807893325,0,1.6,0.03125,0.018796992481203,0.0600328947368421,0,1.3,2.3
2015,REG+POST,00-0032256,C.Walford,Clive Walford,TE,TE,"https://static.www.nfl.com/image/private/f_auto,q_auto/league/fjs40pz6ry6p7jqzckeg",15,LV,0,0,0,0,0,0,0,0,0,0,0,0,,0,,,0,0,0,0,0,0,,0,28,50,329,3,0,0,458,125,20,3.28407694439738,0,0.718340611353712,0.0878734622144112,0.102118171683389,0.203292913499989,0,50.9,78.9
2015,REG+POST,00-0032257,D.Johnson,Duke Johnson,RB,RB,"https://static.www.nfl.com/image/private/f_auto,q_auto/league/hf7lxjjesduggqdfktsg",16,CLE,0,0,0,0,0,0,0,0,0,0,0,0,,0,,,104,379,0,0,0,19,-15.8935842901855,0,61,74,534,2,1,0,91,488,23,12.4141005295139,0,5.86813186813187,0.133574007220217,0.0208572083428833,0.214961056670343,0,103.3,164.3
2015,REG+POST,00-0032259,E.Flowers,Ereck Flowers,G,OL,"https://static.www.nfl.com/image/private/f_auto,q_auto/league/dui4nltkl7uzpgeiguld",1,NYG,0,0,0,0,0,0,0,0,0,0,0,0,,0,,,0,0,0,0,0,0,,0,1,1,-11,0,0,0,-11,0,0,-1.54010056820698,0,0.0,0.0277777777777778,-0.0526315789473684,0.0048245614035087,0,-1.1,-0.1
2015,REG+POST,00-0032268,M.Mariota,Marcus Mariota,QB,QB,"https://static.www.nfl.com/image/upload/f_auto,q_auto/league/b9ribxqudeehvmjlw0va",12,TEN,230,370,2818,19,10,38,258,8,6,3431,1161,142,-3.18582645889896,3,0.821334887787817,0.0805714069711247,34,252,2,2,0,10,4.61154972629251,0,1,1,41,1,0,0,26,15,1,3.95436355215497,0,1.57692307692308,0.025,0.0594965675057208,0.0791475972540046,0,210.02,211.02
2016,REG,00-0019596,T.Brady,Tom Brady,QB,QB,"https://static.www.nfl.com/image/private/f_auto,q_auto/league/q7dpdlxyu5rs05rgh1le",12,NE,291,432,3554,28,2,15,87,4,0,3353,1744,163,147.296480057103,1,1.05994631673129,0.187239391550711,28,64,0,1,0,10,-5.71714696072741,0,0,0,0,0,0,0,0,0,0,,0,,,,,0,258.56,258.56
2016,REG,00-0020337,,Steve Smith,WR,WR,"https://static.www.nfl.com/image/private/f_auto,q_auto/league/k23e0b8cto93he9rt0zc",14,BAL,0,0,0,0,0,0,0,0,0,0,0,0,,0,,,0,0,0,0,0,0,,0,70,101,799,5,0,0,873,281,39,36.7881645861104,2,0.915234822451317,0.17595818815331,0.212460452664882,0.412659599095383,0,113.9,183.9
2016,REG,00-0020531,D.Brees,Drew Brees,QB,QB,"https://static.www.nfl.com/image/private/f_auto,q_auto/league/i20xlpzdmn7xubotijjd",16,NO,471,673,5208,37,15,27,184,5,4,4795,2410,264,113.291073560539,0,1.08613138686131,0.145823879895642,23,20,2,0,0,7,-5.72491437445936,0,0,0,0,0,0,0,0,0,0,,0,,,,,0,332.32,332.32
2016,REG,00-0020679,,Shaun Hill,QB,QB,"https://static.www.nfl.com/image/private/f_auto,q_auto/league/dn42ccbwrshm7uksyphy",3,MIN,19,35,242,0,0,1,7,0,0,348,66,12,6.04588034257783,0,0.695402298850575,0.0641709159830888,5,5,0,0,0,0,-1.78568123397408,0,0,0,0,0,0,0,0,0,0,,0,,,,,0,10.18,10.18
2016,REG,00-0021206,J.McCown,Josh McCown,QB,QB,"https://static.www.nfl.com/image/private/f_auto,q_auto/league/qcauc37wqjdaxdbq1evu",5,CLE,90,165,1100,6,6,18,126,5,4,1649,450,56,-26.3705964848366,1,0.667070952092177,-0.007586449529322,7,21,0,2,0,0,-3.73387604830386,0,0,0,0,0,0,0,0,0,0,,0,,,,,0,52.1,52.1
2016,REG,00-0021429,C.Palmer,Carson Palmer,QB,QB,"https://static.www.nfl.com/image/private/f_auto,q_auto/league/belgna3tokxga0gjjmwk",15,ARI,364,597,4233,26,14,40,281,9,3,5635,1669,218,34.8517897719005,1,0.751197870452529,0.078426532098188,14,38,0,5,1,3,-6.80246983212419,0,0,0,0,0,0,0,0,0,0,,0,,,,,0,243.12,243.12
2016,REG,00-0021547,A.Gates,Antonio Gates,TE,TE,"https://static.www.nfl.com/image/private/f_auto,q_auto/league/kndulvysinvn4tpvt0bc",13,LAC,0,0,0,0,0,0,0,0,0,0,0,0,,0,,,0,0,0,0,0,0,,0,53,93,548,7,1,1,769,188,34,12.8216537446354,0,0.712613784135241,0.204845814977974,0.193751574703956,0.442894824759729,0,94.8,147.8
2016,REG,00-0021678,,Tony Romo,QB,QB,"https://static.www.nfl.com/image/private/f_auto,q_auto/league/rdgaxf7djip2ovlkeqjk",1,DAL,3,4,29,1,0,0,0,0,0,60,10,3,3.70600413612556,0,0.483333333333333,,0,0,0,0,0,0,,0,0,0,0,0,0,0,0,0,0,,0,,,,,0,5.16,5.16
2016,REG,00-0022044,,Andre Johnson,WR,WR,,6,TEN,0,0,0,0,0,0,0,0,0,0,0,0,,0,,,0,0,0,0,0,0,,0,9,23,85,2,0,0,268,15,4,-2.16462636766613,0,0.317164179104478,0.115577889447236,0.149220489977728,0.277821177155264,0,20.5,29.5
2016,REG,00-0022084,,Anquan Boldin,WR,WR,"https://static.www.nfl.com/image/private/f_auto,q_auto/league/ajabgwxbliupgkwjbnut",16,DET,0,0,0,0,0,0,0,0,0,0,0,0,,0,,,0,0,0,0,0,0,,0,67,95,584,8,0,0,546,231,41,28.0754285729334,0,1.06959706959707,0.163793103448276,0.126067882706073,0.333937173066665,0,106.4,173.4
2016,REG,00-0022127,J.Witten,Jason Witten,TE,TE,"https://static.www.nfl.com/image/private/f_auto,q_auto/league/r7uafhtwuexuaty0nhsc",15,DAL,0,0,0,0,0,0,0,0,0,0,0,0,,0,,,0,0,0,0,0,0,,0,69,95,673,3,1,1,596,273,33,22.5183971824805,0,1.12919463087248,0.206073752711497,0.160473882606354,0.421442346891693,0,83.3,152.3
2016,REG,00-0022684,D.Jones,Donnie Jones,P,SPEC,"https://static.www.nfl.com/image/private/f_auto,q_auto/league/qds7simibz6lt6ckf5yo",1,PHI,0,0,0,0,0,0,0,0,0,0,0,0,,0,,,1,0,0,1,0,0,-3.66486525349319,0,0,0,0,0,0,0,0,0,0,,0,,,,,0,0.0,0.0
2016,REG,00-0022787,M.Schaub,Matt Schaub,QB,QB,"https://static.www.nfl.com/image/private/f_auto,q_auto/league/mj2kh2nddxnw04ludcx0",3,ATL,1,3,16,0,0,0,0,0,0,18,5,1,-0.144590470124967,0,0.888888888888889,,2,-2,0,0,0,0,-2.43745192582719,0,0,0,0,0,0,0,0,0,0,,0,,,,,0,0.44,0.44
2016,REG,00-0022803,E.Manning,Eli Manning,QB,QB,"https://static.www.nfl.com/image/private/f_auto,q_auto/league/w51tf8uedjftbr4qpaex",16,NYG,377,598,4027,26,16,21,142,7,4,4702,2011,190,-5.5977333768551,0,0.856444066354743,0.0397981657271776,21,-9,0,0,0,2,-13.6672957928599,0,0,0,0,0,0,0,0,0,0,,0,,,,,0,224.18,224.18
2016,REG,00-0022921,L.Fitzgerald,Larry Fitzgerald,WR,WR,"https://static.www.nfl.com/image/private/f_auto,q_auto/league/ycgjjaad5un42gy4pnga",16,ARI,0,1,0,0,0,0,0,0,0,22,0,0,-0.562379277776927,0,0.0,,2,5,0,0,0,0,-0.431021964061074,0,107,150,1023,6,2,1,1150,358,59,30.5929339222248,0,0.889565217391304,0.235849056603774,0.186839967506093,0.484561562159925,0,136.8,243.8
2016,REG,00-0022924,B.Roethlisberger,Ben Roethlisberger,QB,QB,"https://static.www.nfl.com/image/private/f_auto,q_auto/league/vziogpnyp9d0xtpiuqhr",14,PIT,328,509,3819,29,13,17,141,6,2,4412,1741,184,86.4211359282757,3,0.865593834995467,0.132013166740713,16,14,1,2,0,3,-4.13438550115097,0,0,0,0,0,0,0,0,0,0,,0,,,,,0,252.16,252.16
2016,REG,00-0022942,P.Rivers,Philip Rivers,QB,QB,"https://static.www.nfl.com/image/private/f_auto,q_auto/league/voakyrtj34sghkwxaxxf",16,LAC,349,578,4386,33,21,36,188,7,5,4856,2020,214,51.9453784680184,0,0.903212520593081,0.0995694751276562,14,35,0,2,0,2,-3.78082692356083,0,0,0,0,0,0,0,0,0,0,,0,,,,,0,258.94,258.94
2016,REG,00-0022999,J.Kuhn,John Kuhn,FB,RB,"https://static.www.nfl.com/image/private/f_auto,q_auto/league/nbcwgq2o0ymmx4czvr4b",13,NO,0,0,0,0,0,0,0,0,0,0,0,0,,0,,,18,37,4,0,0,12,4.35298129505827,0,16,20,70,1,0,0,15,50,5,0.410649479861604,0,4.66666666666667,0.0413223140495868,0.0049407114624505,0.0654419690980956,0,40.7,56.7
2016,REG,00-0023436,A.Smith,Alex Smith,QB,QB,"https://static.www.nfl.com/image/private/f_auto,q_auto/league/dpa5d1a8jj6jdymocjkx",15,KC,328,489,3502,15,8,28,140,5,3,3296,1855,181,42.1398468360102,2,1.0625,0.100045813958016,48,134,5,2,1,9,0.904860140134133,0,1,1,3,0,0,0,0,3,0,-0.347905344795436,0,0.0,0.04,,,0,223.78,224.78
2016,REG,00-0023459,A.Rodgers,Aaron Rodgers,QB,QB,"https://static.www.nfl.com/image/private/f_auto,q_auto/league/gnta8ufi2vdp967dui9e",16,GB,401,610,4428,40,7,35,246,5,2,5287,2030,222,132.419566153791,1,0.837526007187441,0.16007741512435,67,369,4,3,2,25,16.9989491577436,1,0,0,0,0,0,0,0,0,0,,0,,,,,0,380.02,380.02
2016,REG,00-0023496,,Vincent Jackson,WR,WR,"https://static.www.nfl.com/image/private/f_auto,q_auto/league/kdquag2thcfulvrs0cbz",5,TB,0,0,0,0,0,0,0,0,0,0,0,0,,0,,,0,0,0,0,0,0,,0,15,32,173,0,0,0,435,16,8,-5.08812084077886,0,0.397701149425287,0.15609756097561,0.212609970674487,0.382973320935555,0,17.3,32.3
2016,REG,00-0023500,F.Gore,Frank Gore,RB,RB,"https://static.www.nfl.com/image/private/f_auto,q_auto/league/lxxkhd2suyalrbruzut7",16,IND,0,0,0,0,0,0,0,0,0,0,0,0,,0,,,263,1025,4,2,1,50,-24.4093460723873,0,38,47,277,4,0,0,1,286,14,10.145314327674,0,277.0,0.0823117338003503,0.0002427184466019,0.123637503613147,0,176.2,214.2
2016,REG,00-0023564,D.Sproles,Darren Sproles,RB,RB,"https://static.www.nfl.com/image/private/f_auto,q_auto/league/gvj5ng27blmwuz170aeo",15,PHI,0,0,0,0,0,0,0,0,0,0,0,0,,0,,,94,438,2,0,0,22,-2.67765008306539,0,52,71,427,2,0,0,35,407,19,1.88815184611226,0,12.2,0.126334519572954,0.0080775444264943,0.195156060457977,0,110.5,162.5
2016,REG,00-0023645,D.Anderson,Derek Anderson,QB,QB,"https://static.www.nfl.com/image/private/f_auto,q_auto/league/w191gsxivnqgdwgydka6",4,CAR,36,53,453,2,5,0,0,0,0,458,161,22,-2.55958169321539,1,0.989082969432314,0.0720867627616339,1,4,0,1,1,0,-3.93402423826046,0,0,0,0,0,0,0,0,0,0,,0,,,,,0,16.52,16.52
2016,REG,00-0023662,M.Cassel,Matt Cassel,QB,QB,"https://static.www.nfl.com/image/private/f_auto,q_auto/league/n1ucqggyu5hlsqzuv5gj",4,TEN,30,51,284,2,2,5,23,1,0,378,71,16,-10.8233929718032,0,0.751322751322751,0.0289009360074968,4,3,0,0,0,0,-5.86982288543368,0,0,0,0,0,0,0,0,0,0,,0,,,,,0,15.66,15.66
2016,REG,00-0023682,R.Fitzpatrick,Ryan Fitzpatrick,QB,QB,"https://static.www.nfl.com/image/private/f_auto,q_auto/league/pkhhxwplsawnhln9rsun",14,NYJ,228,403,2710,12,17,19,81,6,1,3636,1125,128,-18.1257799915156,0,0.745324532453245,0.0382808738309451,33,130,0,3,0,6,5.59836339628246,0,0,0,0,0,0,0,0,0,0,,0,,,,,0,133.4,133.4
2016,REG,00-0023742,J.Ryan,Jon Ryan,P,SPEC,"https://static.www.nfl.com/image/private/f_auto,q_auto/league/jarcsmohj6vbznthlni8",3,SEA,0,1,0,0,0,0,0,1,0,0,0,0,-1.15672595414799,0,,,2,26,0,1,0,1,4.30293723463547,0,0,0,0,0,0,0,0,0,0,,0,,,,,0,2.6,2.6
2016,REG,00-0023894,D.Penn,Donald Penn,T,OL,"https://static.www.nfl.com/image/private/f_auto,q_auto/league/lbarhx9omymxl236etax",1,LV,0,0,0,0,0,0,0,0,0,0,0,0,,0,,,0,0,0,0,0,0,,0,1,1,1,1,0,0,1,0,1,0.62231064849766,0,1.0,0.0172413793103448,0.0020746887966805,0.0273143511231936,0,6.1,7.1
2016,REG,00-0024217,,Reggie Bush,RB,RB,"https://static.www.nfl.com/image/private/f_auto,q_auto/league/z2m2heolqx9sgobdks9v",10,BUF,0,0,0,0,0,0,0,0,0,0,0,0,,0,,,12,-3,1,1,0,2,-5.3453125723463,0,7,10,90,0,0,0,74,40,6,4.54839093275879,1,1.21621621621622,0.0680272108843538,0.0536620739666425,0.13960426810318,0,16.7,23.7
2016,REG,00-0024221,V.Davis,Vernon Davis,TE,TE,"https://static.www.nfl.com/image/private/f_auto,q_auto/league/so5ywayfeeu4zeijln5m",15,WAS,0,0,0,0,0,0,0,0,0,0,0,0,,0,,,0,0,0,0,0,0,,0,44,59,583,2,0,0,525,238,22,11.4548873244947,0,1.11047619047619,0.10573476702509,0.107670221493027,0.233971305582753,0,70.3,114.3
2016,REG,00-0024226,J.Cutler,Jay Cutler,QB,QB,"https://static.www.nfl.com/image/private/f_auto,q_auto/league/ks6n7gvw4vccihlse6bn",5,CHI,81,137,1059,4,5,17,104,5,2,1262,405,45,-26.0477149584224,0,0.839144215530903,0.0108540034652639,5,24,0,1,0,1,-4.47892702673562,0,0,0,0,0,0,0,0,0,0,,0,,,,,0,46.76,46.76
2016,REG,00-0024242,,DeAngelo Williams,RB,RB,"https://static.www.nfl.com/image/private/f_auto,q_auto/league/oky9ooitgqa1fgwdll6b",8,PIT,0,0,0,0,0,0,0,0,0,0,0,0,,0,,,98,343,4,0,0,20,-6.63835152043612,0,18,27,118,2,0,0,-20,132,6,0.83927320527124,0,-5.9,0.117903930131004,-0.0097087378640776,0.170059778691652,0,82.1,100.1
2016,REG,00-0024243,M.Lewis,Marcedes Lewis,TE,TE,"https://static.www.nfl.com/image/private/f_auto,q_auto/league/ppq07tipygpftz5csipx",10,JAX,0,0,0,0,0,0,0,0,0,0,0,0,,0,,,0,0,0,0,0,0,,0,20,30,169,1,0,0,139,106,9,-0.397956304310355,0,1.2158273381295,0.0726392251815981,0.0403249202204816,0.137186281926734,0,22.9,42.9
2016,REG,00-0024264,K.Clemens,Kellen Clemens,QB,QB,"https://static.www.nfl.com/image/private/f_auto,q_auto/league/pxungqbhh61ov73tzaxk",1,LAC,0,1,0,0,0,0,0,0,0,35,0,0,-0.959970277734101,0,0.0,,2,-1,0,0,0,0,-2.03748271026416,0,0,0,0,0,0,0,0,0,0,,0,,,,,0,-0.1,-0.1
2016,REG,00-0024268,A.Fasano,Anthony Fasano,TE,TE,"https://static.www.nfl.com/image/private/f_auto,q_auto/league/twcrap9uhjbazmplq5x3",10,TEN,0,0,0,0,0,0,0,0,0,0,0,0,,0,,,0,0,0,0,0,0,,0,8,14,83,2,0,0,105,38,6,6.90879794635112,0,0.79047619047619,0.0462046204620462,0.0339586028460543,0.0930779526853073,0,20.3,28.3
2016,REG,00-0024296,,Charlie Whitehurst,QB,QB,,1,CLE,14,24,182,1,1,2,14,0,0,265,42,8,2.492261401203,0,0.686792452830189,0.0608367285457615,2,1,0,0,0,0,-0.781606815522537,0,0,0,0,0,0,0,0,0,0,,0,,,,,0,9.38,9.38
2016,REG,00-0024334,B.Marshall,Brandon Marshall,WR,WR,"https://static.www.nfl.com/image/private/f_auto,q_auto/league/jhziqh0scfksvxen6f3s",15,NYJ,0,0,0,0,0,0,0,0,0,0,0,0,,0,,,0,0,0,0,0,0,,0,59,128,788,3,0,0,1602,176,43,-0.404301976595022,0,0.491885143570537,0.248062015503876,0.347807207989579,0.615558068848519,0,96.8,155.8
2016,REG,00-0024389,De.Walker,Delanie Walker,TE,TE,"https://static.www.nfl.com/image/private/f_auto,q_auto/league/diknegkpqy0qnri7877z",15,TEN,0,0,0,0,0,0,0,0,0,0,0,0,,0,,,2,11,0,0,0,1,0.584910688339733,0,65,102,800,7,1,0,966,271,35,23.1747704642863,0,0.82815734989648,0.223194748358862,0.221814006888634,0.490061927360337,0,123.1,188.1
2016,REG,00-0024417,S.Koch,Sam Koch,P,SPEC,"https://static.www.nfl.com/image/private/f_auto,q_auto/league/dw34lcf6qit1i1knjhpv",2,BAL,0,0,0,0,0,0,0,0,0,0,0,0,,0,,,2,-23,0,0,0,0,-5.37705039174762,0,0,0,0,0,0,0,0,0,0,,0,,,,,0,-2.3,-2.3
2016,REG,00-0025394,A.Peterson,Adrian Peterson,RB,RB,"https://static.www.nfl.com/image/private/f_auto,q_auto/league/ug2ua3skqc9f6vkbowxc",3,MIN,0,0,0,0,0,0,0,0,0,0,0,0,,0,,,37,72,0,1,1,3,-18.0665626906557,0,3,6,8,0,0,0,2,11,0,-2.23388756997883,0,4.0,0.0566037735849057,0.0032894736842105,0.0872082919563059,0,6.0,9.0
2016,REG,00-0025396,T.Ginn,Ted Ginn,WR,WR,"https://static.www.nfl.com/image/private/f_auto,q_auto/league/o4m4txrv9l7odyebnea4",16,CAR,0,0,0,0,0,0,0,0,0,0,0,0,,0,,,14,98,0,0,0,4,3.45755938920775,0,54,95,752,4,0,0,1169,182,27,16.3845336805112,0,0.643284858853721,0.171790235081374,0.20715931242247,0.402696871317791,0,109.0,163.0
2016,REG,00-0025418,G.Olsen,Greg Olsen,TE,TE,"https://static.www.nfl.com/image/private/f_auto,q_auto/league/jevf1bubmrv2vvmiwq3r",16,CAR,0,0,0,0,0,0,0,0,0,0,0,0,,0,,,0,0,0,0,0,0,,0,80,129,1073,3,0,0,1406,352,54,24.6325376260324,1,0.763157894736842,0.233273056057866,0.249158249158249,0.524320358497574,0,127.3,207.3
2016,REG,00-0025430,D.Stanton,Drew Stanton,QB,QB,"https://static.www.nfl.com/image/private/f_auto,q_auto/league/di5hc0mwbomreqx7ojbu",5,ARI,19,48,192,2,3,1,8,0,0,547,78,11,-13.1743208008742,0,0.351005484460695,-0.0596179829784278,3,-3,0,0,0,0,-3.56791137479013,0,0,0,0,0,0,0,0,0,0,,0,,,,,0,9.38,9.38
2016,REG,00-0025549,B.Celek,Brent Celek,TE,TE,"https://static.www.nfl.com/image/private/f_auto,q_auto/league/mit6ahic4gkdhy1hkejt",10,PHI,0,0,0,0,0,0,0,0,0,0,0,0,,0,,,0,0,0,0,0,0,,0,14,19,155,0,1,0,118,87,8,2.46255870275236,0,1.3135593220339,0.0523415977961433,0.0491461890878801,0.112914729055731,0,15.5,29.5
2016,REG,00-0025708,M.Moore,Matt Moore,QB,QB,"https://static.www.nfl.com/image/private/f_auto,q_auto/league/h04zarfikqlgerdftbgp",4,MIA,55,87,721,8,3,1,0,1,0,729,356,35,29.3777412818971,0,0.989026063100137,0.175821939833223,1,-1,0,0,0,0,-2.04071500733904,0,0,0,0,0,0,0,0,0,0,,0,,,,,0,54.74,54.74
2016,REG,00-0026008,,Matthew Mulligan,TE,TE,"https://static.www.nfl.com/image/private/f_auto,q_auto/league/okuwvdnxk6weqzz3tglf",1,DET,0,0,0,0,0,0,0,0,0,0,0,0,,0,,,0,0,0,0,0,0,,0,1,1,8,0,0,0,1,7,0,0.494965730700642,0,8.0,0.0222222222222222,0.0030581039755351,0.035474006116208,0,0.8,1.8
2016,REG,00-0026019,D.Woodhead,Danny Woodhead,RB,RB,"https://static.www.nfl.com/image/private/f_auto,q_auto/league/gorlqe0etvc8ek5wob7j",2,LAC,0,0,0,0,0,0,0,0,0,0,0,0,,0,,,19,116,0,0,0,6,3.54364913143218,0,6,8,35,1,0,0,14,31,2,0.330102769634615,0,2.5,0.131147540983607,0.033175355450237,0.219944060290576,0,21.1,27.1
2016,REG,00-0026035,D.Amendola,Danny Amendola,WR,WR,"https://static.www.nfl.com/image/private/f_auto,q_auto/league/etz06w7s0ardf49mnayz",11,NE,0,0,0,0,0,0,0,0,0,0,0,0,,0,,,0,0,0,0,0,0,,0,23,29,243,4,1,1,255,73,14,17.8400868758804,0,0.952941176470588,0.0745501285347044,0.0839644385907145,0.170600299815557,0,46.3,69.3
2016,REG,00-0026069,M.Tolbert,Mike Tolbert,FB,RB,"https://static.www.nfl.com/image/private/f_auto,q_auto/league/frwhwdhbcteyg7xjha7a",15,CAR,0,0,0,0,0,0,0,0,0,0,0,0,,0,,,35,114,0,0,0,5,-6.77783199837604,0,10,15,72,1,0,0,-4,83,4,-9.10239377128892,0,-18.0,0.0480769230769231,-0.0014722119985277,0.0710848362164152,0,24.6,34.6
2016,REG,00-0026143,M.Ryan,Matt Ryan,QB,QB,"https://static.www.nfl.com/image/private/f_auto,q_auto/league/s6zam4ekrrnonsck6vak",16,ATL,373,534,4944,38,7,37,235,3,2,4619,2262,238,176.426524025724,1,1.07036155011907,0.206471089018424,35,117,0,1,0,13,-6.1685737238502,1,0,0,0,0,0,0,0,0,0,,0,,,,,0,347.46,347.46
2016,REG,00-0026144,D.McFadden,Darren McFadden,RB,RB,"https://static.www.nfl.com/image/private/f_auto,q_auto/league/bfvionxxsfckmjqtw4kv",3,DAL,0,0,0,0,0,0,0,0,0,0,0,0,,0,,,24,87,0,0,0,5,-1.53314409119776,0,3,5,17,0,0,0,-10,25,1,-0.836983782239258,0,-1.7,0.0588235294117647,-0.0182481751824818,0.0754615714899098,0,10.4,13.4
2016,REG,00-0026153,J.Stewart,Jonathan Stewart,RB,RB,"https://static.www.nfl.com/image/private/f_auto,q_auto/league/dzvxfj3xrgnzc3jbag2n",13,CAR,0,0,0,0,0,0,0,0,0,0,0,0,,0,,,218,824,9,3,2,47,-16.8404342406429,0,8,21,60,0,0,0,26,74,1,-6.846378536044,0,2.30769230769231,0.0513447432762836,0.0066023362112747,0.0816387502623178,0,138.4,146.4
2016,REG,00-0026158,J.Flacco,Joe Flacco,QB,QB,"https://static.www.nfl.com/image/upload/f_auto,q_auto/league/dwsbpmlhoqud0puidizt",16,BAL,436,672,4317,20,15,33,243,4,2,4967,2071,204,-26.375798897187,4,0.86913629957721,0.0403157391112952,21,58,2,1,1,6,0.115982206916669,0,0,0,0,0,0,0,0,0,0,,0,,,,,0,242.48,242.48
2016,REG,00-0026164,C.Johnson,Chris Johnson,RB,RB,"https://static.www.nfl.com/image/private/f_auto,q_auto/league/ryf9nc84eovvdbf0cz79",4,ARI,0,0,0,0,0,0,0,0,0,0,0,0,,0,,,25,95,1,0,0,5,-1.16759339417331,0,0,1,0,0,0,0,2,0,0,-1.6848772871308,0,0.0,0.0222222222222222,0.0042643923240938,0.036318407960199,0,15.5,15.5
2016,REG,00-0026176,J.Nelson,Jordy Nelson,WR,WR,"https://static.www.nfl.com/image/private/f_auto,q_auto/league/bde2n4ozsakatgs4yyp2",16,GB,0,0,0,0,0,0,0,0,0,0,0,0,,0,,,0,0,0,0,0,0,,0,97,152,1257,14,1,1,1862,361,62,72.2718423563828,0,0.675080558539205,0.247557003257329,0.346741154562384,0.614054313079662,0,207.7,304.7
2016,REG,00-0026182,,Eddie Royal,WR,WR,"https://static.www.nfl.com/image/private/f_auto,q_auto/league/xoejgvlit9inmaazsvk4",9,CHI,0,0,0,0,0,0,0,0,0,0,0,0,,0,,,0,0,0,0,0,0,,0,33,43,369,2,1,0,258,187,16,14.6860739577225,0,1.43023255813954,0.126470588235294,0.0932080924855491,0.254951547092826,1,54.9,87.9
2016,REG,00-0026184,M.Forte,Matt Forte,RB,RB,"https://static.www.nfl.com/image/private/f_auto,q_auto/league/olqssssjykcx7tx7xsy3",14,NYJ,0,0,0,0,0,0,0,0,0,0,0,0,,0,,,218,813,7,1,1,35,-18.9782973708934,0,30,43,263,1,0,0,-27,275,10,-6.16987882270183,0,-9.74074074074074,0.0940919037199125,-0.0069053708439897,0.136304095989076,0,153.6,183.6
2016,REG,00-0026189,D.Jackson,DeSean Jackson,WR,WR,"https://static.www.nfl.com/image/private/f_auto,q_auto/league/pr5m864fqvnoozihylrh",15,WAS,0,0,0,0,0,0,0,0,0,0,0,0,,0,,,0,0,0,0,0,0,,0,56,100,1005,4,0,0,1489,281,35,33.1251501405505,0,0.67494963062458,0.178571428571429,0.30675731355583,0.482587262346224,0,124.5,180.5
2016,REG,00-0026197,C.Henne,Chad Henne,QB,QB,"https://static.www.nfl.com/image/private/f_auto,q_auto/league/ornr9pcnzveqlntqc7jx",1,JAX,0,0,0,0,0,0,0,0,0,0,0,0,,0,,,1,-2,0,0,0,0,0.0,0,0,0,0,0,0,0,0,0,0,,0,,,,,0,-0.2,-0.2
2016,REG,00-0026201,M.Bennett,Martellus Bennett,TE,TE,"https://static.www.nfl.com/image/private/f_auto,q_auto/league/repls3tq1d4jnvwmaqia",16,NE,0,0,0,0,0,0,0,0,0,0,0,0,,0,,,2,10,0,0,0,0,-0.006491282954812,0,55,73,701,7,0,0,386,416,31,38.9969857065169,0,1.8160621761658,0.133699633699634,0.090504103165299,0.26390232276516,0,113.1,168.1
2016,REG,00-0026213,J.Charles,Jamaal Charles,RB,RB,"https://static.www.nfl.com/image/private/f_auto,q_auto/league/mdrlzgankwwjldxllgcx",3,KC,0,0,0,0,0,0,0,0,0,0,0,0,,0,,,12,40,1,0,0,3,0.778563508123625,0,2,3,14,0,0,0,-7,17,1,-1.22460233852558,0,-2.0,0.0422535211267606,-0.0155555555555556,0.052491392801252,0,11.4,13.4
2016,REG,00-0026224,H.Douglas,Harry Douglas,WR,WR,"https://static.www.nfl.com/image/private/f_auto,q_auto/league/hblmz1iaov5vqx7cd9cv",7,TEN,0,0,0,0,0,0,0,0,0,0,0,0,,0,,,0,0,0,0,0,0,,0,15,22,210,0,0,0,229,50,9,-2.11688584464719,0,0.917030567685589,0.0928270042194093,0.0970750317931327,0.207193028584307,0,21.0,36.0
2016,REG,00-0026267,,Jacob Tamme,TE,TE,"https://static.www.nfl.com/image/private/f_auto,q_auto/league/kfyqh9qmtwufzixwuoo2",8,ATL,0,0,0,0,0,0,0,0,0,0,0,0,,0,,,0,0,0,0,0,0,,0,22,31,210,3,0,0,191,96,13,3.75310719712713,0,1.09947643979058,0.111913357400722,0.108893956670468,0.24409580577041,0,39.0,61.0
2016,REG,00-0026281,,Gary Barnidge,TE,TE,"https://static.www.nfl.com/image/private/f_auto,q_auto/league/qhfzxti66ga02dok4etx",16,CLE,0,0,0,0,0,0,0,0,0,0,0,0,,0,,,0,0,0,0,0,0,,0,55,82,612,2,0,0,574,240,34,28.3641459308174,1,1.06620209059233,0.146953405017921,0.12494558119286,0.307892014361884,0,75.2,130.2
2016,REG,00-0026286,,Jerome Felton,FB,RB,"https://static.www.nfl.com/image/private/f_auto,q_auto/league/mkg1584egfz8psc6gca7",11,BUF,0,0,0,0,0,0,0,0,0,0,0,0,,0,,,8,13,0,0,0,5,0.020115266321227,0,6,9,57,0,0,0,31,34,4,3.51197374641197,0,1.83870967741935,0.045,0.0182460270747499,0.0802722189523249,0,7.0,13.0
2016,REG,00-0026289,T.Hightower,Tim Hightower,RB,RB,"https://static.www.nfl.com/image/private/f_auto,q_auto/league/azokebvu5bctrltqy38r",15,NO,0,0,0,0,0,0,0,0,0,0,0,0,,0,,,133,548,4,0,0,32,-2.04695295316044,0,22,26,200,1,0,0,-13,210,11,7.38187870245303,0,-15.3846153846154,0.0600461893764434,-0.0045217391304347,0.0869040666733608,0,104.8,126.8
2016,REG,00-0026293,M.Slater,Matt Slater,WR,WR,"https://static.www.nfl.com/image/private/f_auto,q_auto/league/cs1ojdzhxjuanbw6vflv",2,NE,0,0,0,0,0,0,0,0,0,0,0,0,,0,,,1,5,0,0,0,1,0.649665486882441,0,0,1,0,0,0,0,49,0,0,-0.471469910349697,0,0.0,0.0285714285714286,0.170731707317073,0.162369337979094,0,0.5,0.5
2016,REG,00-0026298,,Kellen Davis,TE,TE,"https://static.www.nfl.com/image/private/f_auto,q_auto/league/bftuje5hq6fnlmpc0uhy",1,NYJ,0,0,0,0,0,0,0,0,0,0,0,0,,0,,,0,0,0,0,0,0,,0,0,1,0,0,0,0,4,0,0,-0.68608298804611,0,0.0,0.0294117647058824,0.0098039215686274,0.0509803921568627,0,0.0,0.0
2016,REG,00-0026345,P.Garcon,Pierre Garcon,WR,WR,"https://static.www.nfl.com/image/private/f_auto,q_auto/league/xwjogot7xrfj9qwhsgtn",16,WAS,0,0,0,0,0,0,0,0,0,0,0,0,,0,,,0,0,0,0,0,0,,0,79,114,1041,3,0,0,1177,342,52,53.2886592606151,0,0.884451996601529,0.192242833052277,0.226433243555214,0.446867520067064,0,122.1,201.1
2016,REG,00-0026373,,Justin Forsett,RB,RB,"https://static.www.nfl.com/image/private/f_auto,q_auto/league/o86dvbcs8dcubcpj6fnu",9,DEN,0,0,0,0,0,0,0,0,0,0,0,0,,0,,,87,291,1,2,1,10,-28.1575623041717,0,20,27,85,0,0,0,7,100,4,-7.58774992629963,0,12.1428571428571,0.0805970149253731,0.0025744759102611,0.122697655525243,0,41.6,61.6
2016,REG,00-0026393,M.Reece,Marcel Reece,FB,RB,"https://static.www.nfl.com/image/private/f_auto,q_auto/league/nqy3arwxgk4lwh3pfrr3",4,SEA,0,0,0,0,0,0,0,0,0,0,0,0,,0,,,2,0,0,0,0,0,-0.772945781238377,0,5,5,73,0,0,0,41,32,2,4.6654564877972,1,1.78048780487805,0.05,0.0421377183967112,0.104496402877698,0,9.3,14.3
2016,REG,00-0026498,M.Stafford,Matthew Stafford,QB,QB,"https://static.www.nfl.com/image/private/f_auto,q_auto/league/icjfdfsncqlsqe49iujv",16,DET,388,594,4327,24,10,37,216,3,2,4421,2227,217,73.8905712797112,1,0.978737842117168,0.113647592764882,37,207,2,0,0,15,23.5382172879327,0,0,0,0,0,0,0,0,0,0,,0,,,,,0,279.78,279.78
2016,REG,00-0026544,C.Daniel,Chase Daniel,QB,QB,"https://static.www.nfl.com/image/private/f_auto,q_auto/league/jt8fvgeyuhsbpo9m9t4x",1,PHI,1,1,16,0,0,0,0,0,0,5,11,1,1.59690578101436,0,3.2,,0,0,0,0,0,0,,0,0,0,0,0,0,0,0,0,0,,0,,,,,0,0.64,0.64
2016,REG,00-0026625,B.Hoyer,Brian Hoyer,QB,QB,"https://static.www.nfl.com/image/private/f_auto,q_auto/league/japt3mj2xctm7saqndxn",6,CHI,134,200,1445,6,0,4,18,1,1,1566,704,75,34.8079290136543,0,0.922733077905492,0.111304849890236,7,-2,0,1,0,0,-4.49651056993753,0,0,0,0,0,0,0,0,0,0,,0,,,,,0,79.6,79.6
2016,REG,00-0026739,,Jordan Norwood,WR,WR,"https://static.www.nfl.com/image/private/f_auto,q_auto/league/kdrgruvmcbm12bfluhna",14,DEN,0,0,0,0,0,0,0,0,0,0,0,0,,0,,,1,0,0,0,0,0,-0.438210796564817,0,21,35,232,1,1,1,284,69,9,-7.33180437254356,0,0.816901408450704,0.0733752620545073,0.0662931839402428,0.156468121839931,0,27.2,48.2
2016,REG,00-0026796,,Arian Foster,RB,RB,,4,MIA,0,0,0,0,0,0,0,0,0,0,0,0,,0,,,22,55,0,1,0,2,-9.53343541945994,0,6,10,78,0,0,0,39,68,2,-2.51488147542908,0,2.0,0.119047619047619,0.0550070521861777,0.217076365101753,0,13.3,19.3
2016,REG,00-0026855,,Antone Smith,RB,RB,"https://static.www.nfl.com/image/private/f_auto,q_auto/league/m45j6r43nwv5bsy0ooyo",3,TB,0,0,0,0,0,0,0,0,0,0,0,0,,0,,,10,47,0,2,1,1,-4.65630784007954,0,6,9,77,0,0,0,35,74,2,1.45166307227919,0,2.2,0.0825688073394496,0.0334608030592734,0.147275773150666,0,10.4,16.4
2016,REG,00-0026898,M.Sanchez,Mark Sanchez,QB,QB,"https://static.www.nfl.com/image/private/f_auto,q_auto/league/e12qugcuc1cpgkf0crfn",2,DAL,10,18,93,0,2,3,25,0,0,24,89,5,-11.8623070587265,0,3.875,-0.0304019434658417,4,-2,0,0,0,0,-4.7356369017507,0,0,0,0,0,0,0,0,0,0,,0,,,,,0,-0.48,-0.48
2016,REG,00-0026901,M.Wallace,Mike Wallace,WR,WR,"https://static.www.nfl.com/image/private/f_auto,q_auto/league/dy9z5wbsitf6l9psjq4y",16,BAL,0,0,0,0,0,0,0,0,0,0,0,0,,0,,,5,31,0,0,0,2,1.04700213356409,0,72,116,1017,4,1,0,1414,427,43,33.2329636879811,1,0.719236209335219,0.174436090225564,0.2828,0.459614135338346,0,130.8,202.8
2016,REG,00-0026932,C.Peerman,Cedric Peerman,RB,RB,"https://static.www.nfl.com/image/private/f_auto,q_auto/league/a2vztwdw7rtpl9q9hzds",1,CIN,0,0,0,0,0,0,0,0,0,0,0,0,,0,,,6,15,0,0,0,0,-2.44673570565647,0,0,1,0,0,0,0,0,0,0,-0.471093602944166,0,,0.04,,,0,1.5,1.5
2016,REG,00-0026957,D.Johnson,David Johnson,TE,TE,"https://static.www.nfl.com/image/private/f_auto,q_auto/league/td6y6zc2m3ifhcfd4yz9",11,PIT,0,0,0,0,0,0,0,0,0,0,0,0,,0,,,0,0,0,0,0,0,,0,7,11,80,0,0,0,57,54,5,-1.21910891175503,1,1.40350877192982,0.0298913043478261,0.0173727522096922,0.0569978830685237,0,10.0,17.0
2016,REG,00-0026983,D.Heyward-Bey,Darrius Heyward-Bey,WR,WR,"https://static.www.nfl.com/image/private/f_auto,q_auto/league/d5otkkbb0z2rdd2bjatd",7,PIT,0,0,0,0,0,0,0,0,0,0,0,0,,0,,,1,60,1,0,0,1,5.37660760898143,0,6,19,114,2,0,0,388,18,4,-2.92573061229135,0,0.293814432989691,0.0701107011070111,0.175011276499774,0.227673945210359,0,35.4,41.4
2016,REG,00-0026986,M.Crabtree,Michael Crabtree,WR,WR,"https://static.www.nfl.com/image/private/f_auto,q_auto/league/kcavcmeyaion38ewxwyk",16,LV,0,0,0,0,0,0,0,0,0,0,0,0,,0,,,0,0,0,0,0,0,,0,89,145,1003,8,2,0,1514,252,56,37.8990867858614,1,0.662483487450462,0.246179966044143,0.333627148523579,0.602808953032719,0,150.3,239.3
2016,REG,00-0026995,J.Maclin,Jeremy Maclin,WR,WR,"https://static.www.nfl.com/image/private/f_auto,q_auto/league/tvlsuugnbn0idb0tbtgw",12,KC,0,1,0,0,0,0,0,0,0,3,0,0,-0.434599092113785,0,0.0,,1,-1,0,0,0,0,-0.868891800753772,0,44,76,536,2,0,0,817,141,29,4.16581535548007,0,0.656058751529988,0.189526184538653,0.290643898968339,0.487740006085817,0,65.5,109.5
2016,REG,00-0026998,,Percy Harvin,WR,WR,"https://static.www.nfl.com/image/private/f_auto,q_auto/league/ly7xvqfvoehf5jqrzzcq",1,BUF,0,0,0,0,0,0,0,0,0,0,0,0,,0,,,1,11,0,0,0,1,0.685339682502672,0,2,4,6,0,0,0,8,3,0,-2.53099127090536,0,0.75,0.148148148148148,0.0516129032258065,0.258351254480287,0,1.7,3.7
2016,REG,00-0027006,K.Britt,Kenny Britt,WR,WR,"https://static.www.nfl.com/image/private/f_auto,q_auto/league/joozpvuyykyxjogcg3r5",15,LA,0,0,0,0,0,0,0,0,0,0,0,0,,0,,,0,0,0,0,0,0,,0,68,111,1002,5,2,1,1265,295,47,34.6071470558285,0,0.792094861660079,0.221115537848606,0.339233038348083,0.569136433616566,0,128.2,196.2
2016,REG,00-0027029,L.McCoy,LeSean McCoy,RB,RB,"https://static.www.nfl.com/image/private/f_auto,q_auto/league/cpc1a2dgivdyevuncz7p",15,BUF,0,0,0,0,0,0,0,0,0,0,0,0,,0,,,234,1267,13,3,0,55,14.0774436952056,1,50,57,356,1,0,0,-28,388,18,13.5678370172613,0,-12.7142857142857,0.144303797468354,-0.0079342589968829,0.210901714904714,0,248.3,298.3
2016,REG,00-0027057,B.Tate,Brandon Tate,WR,WR,"https://static.www.nfl.com/image/private/f_auto,q_auto/league/uzpf58ijo44jfqakwv83",8,BUF,0,0,0,0,0,0,0,0,0,0,0,0,,0,,,3,48,0,0,0,2,3.65069527662126,0,8,11,117,0,0,0,85,52,6,8.45472460289602,0,1.37647058823529,0.0628571428571429,0.0478334271243669,0.127769113272771,0,16.5,24.5
2016,REG,00-0027061,J.Cook,Jared Cook,TE,TE,"https://static.www.nfl.com/image/private/f_auto,q_auto/league/cthoenebptadlu4g928v",10,GB,0,0,0,0,0,0,0,0,0,0,0,0,,0,,,0,0,0,0,0,0,,0,30,51,377,1,1,1,503,147,19,15.4228569353402,0,0.749502982107356,0.1513353115727,0.164164490861619,0.341918110962184,0,41.7,71.7
2016,REG,00-0027125,Z.Miller,Zach Miller,TE,TE,"https://static.www.nfl.com/image/private/f_auto,q_auto/league/ghvzkuugli86zstauzvr",10,CHI,0,0,0,0,0,0,0,0,0,0,0,0,,0,,,0,0,0,0,0,0,,0,47,64,486,4,0,0,427,221,28,20.3274972342739,0,1.13817330210773,0.186588921282799,0.145238095238095,0.381550048590865,0,72.6,119.6
2016,REG,00-0027135,,Brandon Myers,TE,TE,"https://static.www.nfl.com/image/private/f_auto,q_auto/league/tzyfv93n3bgtbmywjczu",8,TB,0,0,0,0,0,0,0,0,0,0,0,0,,0,,,0,0,0,0,0,0,,0,7,14,59,1,0,0,116,14,4,1.99595936707919,1,0.508620689655172,0.0580912863070539,0.0521348314606742,0.123631311483053,0,13.9,20.9
2016,REG,00-0027139,J.Phillips,John Phillips,TE,TE,"https://static.www.nfl.com/image/private/f_auto,q_auto/league/i1t7zl2f5t0wwj72yxj7",8,NO,0,0,0,0,0,0,0,0,0,0,0,0,,0,,,0,0,0,0,0,0,,0,10,15,72,1,0,0,73,24,4,0.128154078416982,0,0.986301369863014,0.0451807228915663,0.0316702819956616,0.0899402817343125,0,13.2,23.2
2016,REG,00-0027145,,Pat McAfee,P,SPEC,"https://static.www.nfl.com/image/private/f_auto,q_auto/league/giz54xrdfqrdu9nezfee",2,IND,1,1,35,0,0,0,0,0,0,17,18,1,5.03646184399258,0,2.05882352941176,,1,0,0,0,0,0,-3.38499389332719,0,0,0,0,0,0,0,0,0,0,,0,,,,,0,1.4,1.4
2016,REG,00-0027150,J.Edelman,Julian Edelman,WR,WR,"https://static.www.nfl.com/image/private/f_auto,q_auto/league/u0hbuo2bsvtlg7lnxm43",16,NE,0,0,0,0,0,0,0,0,0,0,0,0,,0,,,12,57,0,1,0,3,0.663250407727901,0,98,159,1106,3,1,1,1421,494,55,39.26491160889,1,0.778325123152709,0.291208791208791,0.333177022274326,0.670037102405215,0,134.3,232.3
2016,REG,00-0027155,,Rashad Jennings,RB,RB,"https://static.www.nfl.com/image/private/f_auto,q_auto/league/r48elxgcxhdkfkazlqab",13,NYG,0,0,0,0,0,0,0,0,0,0,0,0,,0,,,181,593,3,0,0,29,-31.8928688119631,0,35,42,201,1,1,0,-86,269,8,-1.17307186084703,0,-2.33720930232558,0.0931263858093126,-0.0237306843267108,0.123078099685271,0,103.4,138.4
2016,REG,00-0027215,L.Paulsen,Logan Paulsen,TE,TE,"https://static.www.nfl.com/image/private/f_auto,q_auto/league/rckjvflmpzh9tiescxcd",7,CHI,0,0,0,0,0,0,0,0,0,0,0,0,,0,,,0,0,0,0,0,0,,0,3,10,15,0,0,0,48,4,1,-13.5551528118667,0,0.3125,0.0403225806451613,0.0257234726688103,0.0784903018359091,0,1.5,4.5
2016,REG,00-0027218,,Joique Bell,RB,RB,"https://static.www.nfl.com/image/private/f_auto,q_auto/league/mpibe74w5hnraxk823vf",2,DET,0,0,0,0,0,0,0,0,0,0,0,0,,0,,,3,6,0,0,0,0,-4.31423643743619,0,1,1,-2,0,0,0,-2,0,0,-0.927171911927871,0,1.0,0.0294117647058824,-0.0081967213114754,0.0383799421407907,0,0.4,1.4
2016,REG,00-0027265,V.Cruz,Victor Cruz,WR,WR,"https://static.www.nfl.com/image/private/f_auto,q_auto/league/q15bky6cm2stbiy0zafu",14,NYG,0,0,0,0,0,0,0,0,0,0,0,0,,0,,,0,0,0,0,0,0,,0,39,72,586,1,1,1,861,189,25,11.8845116298397,0,0.680603948896632,0.140077821011673,0.208575581395349,0.356119638494254,0,62.6,101.6
2016,REG,00-0027325,L.Blount,LeGarrette Blount,RB,RB,"https://static.www.nfl.com/image/private/f_auto,q_auto/league/s3eilto1yi0yhoamvvo3",16,NE,0,0,0,0,0,0,0,0,0,0,0,0,,0,,,299,1161,18,2,1,67,-18.6148425581362,0,7,8,38,0,0,0,-4,43,1,-1.03456573328003,0,-9.5,0.0457142857142857,-0.0030557677616501,0.0664323911382735,0,225.9,232.9
2016,REG,00-0027531,C.Ivory,Chris Ivory,RB,RB,"https://static.www.nfl.com/image/private/f_auto,q_auto/league/wuhrkffigvt55hcqd4yw",11,JAX,0,0,0,0,0,0,0,0,0,0,0,0,,0,,,117,439,3,5,3,21,-33.9056568308442,0,20,28,186,0,0,0,-1,189,9,10.924225899064,0,-186.0,0.0671462829736211,-0.0002857142857142,0.100519424460432,0,74.5,94.5
2016,REG,00-0027547,M.Sherels,Marcus Sherels,CB,DB,"https://static.www.nfl.com/image/private/f_auto,q_auto/league/qgwd89z8jxh5o9ln6cmp",2,MIN,0,0,0,0,0,0,0,0,0,0,0,0,,0,,,0,0,0,0,0,0,,0,0,0,0,0,0,0,0,0,0,,0,,,,,2,12.0,12.0
2016,REG,00-0027595,,Bryan Walters,WR,WR,,8,JAX,0,0,0,0,0,0,0,0,0,0,0,0,,0,,,1,4,0,0,0,1,0.429183994419873,0,24,34,231,2,0,0,212,98,15,10.3135374508818,0,1.08962264150943,0.108974358974359,0.0851747689835275,0.223083876750008,0,35.5,59.5
2016,REG,00-0027651,,Dexter McCluster,WR,WR,"https://static.www.nfl.com/image/private/f_auto,q_auto/league/vawlifwslfzekg0e35ig",6,LAC,0,0,0,0,0,0,0,0,0,0,0,0,,0,,,3,2,0,0,0,0,-1.26333226234419,0,7,11,36,0,0,0,17,44,2,-7.91134092285528,0,2.11764705882353,0.0555555555555556,0.0109748224661072,0.0910157090596083,0,3.8,10.8
2016,REG,00-0027654,A.Benn,Arrelious Benn,WR,WR,"https://static.www.nfl.com/image/private/f_auto,q_auto/league/mrdtswjobu20gukdl2cp",7,JAX,0,0,0,0,0,0,0,0,0,0,0,0,,0,,,0,0,0,0,0,0,,0,5,10,116,1,0,0,113,53,3,7.62364634050755,0,1.02654867256637,0.0346020761245675,0.0474789915966387,0.0851384083044983,0,17.6,22.6
2016,REG,00-0027656,R.Gronkowski,Rob Gronkowski,TE,TE,"https://static.www.nfl.com/image/private/f_auto,q_auto/league/svpo7chliiymc0r7hegp",8,NE,0,0,0,0,0,0,0,0,0,0,0,0,,0,,,0,0,0,0,0,0,,0,25,38,540,3,0,0,529,227,19,35.1978982362614,0,1.02079395085066,0.144486692015209,0.250710900473934,0.392227668354567,0,72.0,97.0
2016,REG,00-0027675,E.Dickson,Ed Dickson,TE,TE,"https://static.www.nfl.com/image/private/f_auto,q_auto/league/qtxat8xwaclkqfkj5lrq",12,CAR,0,0,0,0,0,0,0,0,0,0,0,0,,0,,,0,0,0,0,0,0,,0,10,19,134,1,0,0,168,69,7,-2.9865653324523,0,0.797619047619048,0.0432801822323462,0.0404916847433116,0.0932644526688375,0,19.4,29.4
2016,REG,00-0027681,B.LaFell,Brandon LaFell,WR,WR,"https://static.www.nfl.com/image/private/f_auto,q_auto/league/x4wifb5arw0neuwg1cch",16,CIN,0,0,0,0,0,0,0,0,0,0,0,0,,0,,,1,-2,0,0,0,0,-0.823016214650124,0,64,107,862,6,0,0,1071,344,42,30.635616898777,0,0.804855275443511,0.197416974169742,0.248146431881372,0.469827963571573,0,122.0,186.0
2016,REG,00-0027685,E.Sanders,Emmanuel Sanders,WR,WR,"https://static.www.nfl.com/image/private/f_auto,q_auto/league/potkibjtm855tsawozs0",15,DEN,0,0,0,0,0,0,0,0,0,0,0,0,,0,,,1,4,0,0,0,0,-0.0480126799084246,0,79,137,1032,5,1,0,1683,252,50,20.2249693114064,0,0.61319073083779,0.258979206049149,0.357780612244898,0.638915237645152,0,133.6,212.6
2016,REG,00-0027690,E.Decker,Eric Decker,WR,WR,"https://static.www.nfl.com/image/private/f_auto,q_auto/league/jg5ftnvxz4jdiajzeoyn",3,NYJ,0,0,0,0,0,0,0,0,0,0,0,0,,0,,,0,0,0,0,0,0,,0,9,21,194,2,0,0,333,30,9,7.62569606195868,0,0.582582582582583,0.1875,0.333667334669339,0.514817134268537,0,31.4,40.4
2016,REG,00-0027691,A.Roberts,Andre Roberts,WR,WR,"https://static.www.nfl.com/image/private/f_auto,q_auto/league/hjoyjewh7knoafxt4k93",13,DET,0,0,0,0,0,0,0,0,0,0,0,0,,0,,,0,0,0,0,0,0,,0,14,25,188,1,0,0,359,63,9,6.53686459721311,0,0.523676880222841,0.0541125541125541,0.105495151337056,0.15501543710477,2,36.8,50.8
2016,REG,00-0027696,J.Graham,Jimmy Graham,TE,TE,"https://static.www.nfl.com/image/private/f_auto,q_auto/league/h7xs06oj6g03mippwtse",16,SEA,0,0,0,0,0,0,0,0,0,0,0,0,,0,,,1,0,0,0,0,0,-0.465611942810938,0,65,95,923,6,2,2,884,325,45,37.2811844822157,0,1.04411764705882,0.173357664233577,0.186262115465655,0.390419977176324,0,124.3,189.3
2016,REG,00-0027714,,Dennis Pitta,TE,TE,"https://static.www.nfl.com/image/private/f_auto,q_auto/league/liu0pixlkbyftxesaq06",16,BAL,0,0,0,0,0,0,0,0,0,0,0,0,,0,,,0,0,0,0,0,0,,0,86,121,729,2,1,1,745,295,37,-16.2064236600396,0,0.978523489932886,0.181954887218045,0.149,0.377232330827068,0,82.9,168.9
2016,REG,00-0027725,C.Harbor,Clay Harbor,TE,TE,"https://static.www.nfl.com/image/private/f_auto,q_auto/league/spuxscdmedvqosq5yrho",2,DET,0,0,0,0,0,0,0,0,0,0,0,0,,0,,,0,0,0,0,0,0,,0,3,3,19,0,0,0,4,15,1,0.364645625115372,0,4.75,0.05,0.0106951871657754,0.0824866310160428,0,1.9,4.9
2016,REG,00-0027791,,James Starks,RB,RB,"https://static.www.nfl.com/image/private/f_auto,q_auto/league/ohxqulg4xjfmbbkkltqj",9,GB,0,0,0,0,0,0,0,0,0,0,0,0,,0,,,63,145,0,0,0,9,-22.4489071457025,0,19,25,134,2,1,0,-32,162,4,1.54713065691689,0,-4.1875,0.0915750915750916,-0.0157635467980296,0.126328154604017,0,39.9,58.9
2016,REG,00-0027793,A.Brown,Antonio Brown,WR,WR,"https://static.www.nfl.com/image/private/f_auto,q_auto/league/ecxsx9t7bfg42bgfwj3v",15,PIT,0,0,0,0,0,0,0,0,0,0,0,0,,0,,,3,9,0,0,0,1,-0.49487103917636,0,106,154,1284,12,0,0,1584,434,64,51.5788661717061,0,0.810606060606061,0.278481012658228,0.33256351039261,0.650515976262169,0,201.3,307.3
2016,REG,00-0027796,J.Webb,Joe Webb,QB,QB,"https://static.www.nfl.com/image/private/f_auto,q_auto/league/hjieero9ugbyu7n1629h",2,CAR,0,0,0,0,0,0,0,0,0,0,0,0,,0,,,0,0,0,0,0,0,,0,1,3,3,0,0,0,27,0,0,-1.94744722923443,0,0.111111111111111,0.032967032967033,0.03,0.0704505494505495,0,0.3,1.3
2016,REG,00-0027816,,Marc Mariani,WR,WR,"https://static.www.nfl.com/image/private/f_auto,q_auto/league/jdhln1ulusmjybwdha4k",1,TEN,0,0,0,0,0,0,0,0,0,0,0,0,,0,,,1,15,0,0,0,1,0.905892768641934,0,0,0,0,0,0,0,0,0,0,,0,,,,,0,1.5,1.5
2016,REG,00-0027854,S.Bradford,Sam Bradford,QB,QB,"https://static.www.nfl.com/image/private/f_auto,q_auto/league/fizwrxzfdaw7v2vzzpn6",15,MIN,395,552,3877,20,5,37,276,9,5,3508,1964,197,36.286745421735,0,1.10518814139111,0.0989301573598889,20,53,0,1,0,3,-16.3860456293914,0,1,1,5,0,0,0,0,5,0,-0.0147498613223434,0,0.0,0.025,,,0,220.88,221.88
2016,REG,00-0027861,C.Spiller,C.J. Spiller,RB,RB,"https://static.www.nfl.com/image/private/f_auto,q_auto/league/jqbnrdpq9c2nbchzntxt",5,NYJ,0,0,0,0,0,0,0,0,0,0,0,0,,0,,,6,18,0,0,0,2,-1.11815263167955,0,6,13,50,1,1,0,76,28,2,-1.73528760019498,0,0.657894736842105,0.0778443113772455,0.0554744525547445,0.155598583854189,0,12.8,18.8
2016,REG,00-0027864,,Ryan Mathews,RB,RB,"https://static.www.nfl.com/image/private/f_auto,q_auto/league/mai5izn84cdrvxlkwagb",13,PHI,0,0,0,0,0,0,0,0,0,0,0,0,,0,,,155,661,8,3,2,38,-10.9795017840073,2,13,14,115,1,0,0,10,107,7,4.27669120091014,0,11.5,0.0422960725075529,0.0058685446009389,0.0675520899819866,0,131.6,144.6
2016,REG,00-0027873,J.Gresham,Jermaine Gresham,TE,TE,"https://static.www.nfl.com/image/private/f_auto,q_auto/league/higvmot083ues41wbdgi",16,ARI,0,0,0,0,0,0,0,0,0,0,0,0,,0,,,0,0,0,0,0,0,,0,37,61,391,2,1,0,452,138,19,9.17702548363013,0,0.865044247787611,0.0959119496855346,0.0734362307067425,0.195273286023022,0,51.1,88.1
2016,REG,00-0027874,D.Thomas,Demaryius Thomas,WR,WR,"https://static.www.nfl.com/image/private/f_auto,q_auto/league/p1yjsqtqimjd6iazu3h9",16,DEN,0,0,0,0,0,0,0,0,0,0,0,0,,0,,,0,0,0,0,0,0,,0,90,144,1083,5,2,2,1481,322,50,24.7286470425067,1,0.731262660364619,0.258992805755396,0.298950343157045,0.597754448843025,0,136.3,226.3
2016,REG,00-0027891,G.Tate,Golden Tate,WR,WR,"https://static.www.nfl.com/image/private/f_auto,q_auto/league/yfqebrp2o9t1gt1wqjku",16,DET,0,0,0,0,0,0,0,0,0,0,0,0,,0,,,10,4,0,1,1,1,-9.99043810088187,0,91,135,1077,4,1,0,1087,619,46,23.9901814759019,1,0.990800367985281,0.232758620689655,0.250981297621796,0.52482483936974,0,132.1,223.1
2016,REG,00-0027902,D.Bryant,Dez Bryant,WR,WR,"https://static.www.nfl.com/image/private/f_auto,q_auto/league/jmggujwkiv7osgkhhnhl",13,DAL,1,1,10,1,0,0,0,0,0,10,0,1,1.7572321020416,0,1.0,,0,0,0,0,0,0,,0,50,96,796,8,1,1,1386,140,38,29.1664108515164,0,0.574314574314574,0.242424242424242,0.420127311306456,0.657725481550883,0,130.0,180.0
2016,REG,00-0027905,,Will Tukuafu,FB,RB,"https://static.www.nfl.com/image/private/f_auto,q_auto/league/szb9kincx0nhxnwxxmcj",3,SEA,0,0,0,0,0,0,0,0,0,0,0,0,,0,,,2,2,0,0,0,0,-3.08681910956511,0,0,1,0,0,0,0,5,0,0,-0.979923420585692,0,0.0,0.0285714285714286,0.0161812297734628,0.0541840036985668,0,0.2,0.2
2016,REG,00-0027918,,Andrew Hawkins,WR,WR,,16,CLE,0,0,0,0,0,0,0,0,0,0,0,0,,0,,,2,0,0,0,0,0,-1.42451729741879,0,33,54,324,3,0,0,430,128,20,11.7468498692941,0,0.753488372093023,0.0967741935483871,0.0889532478278858,0.207428563802101,0,50.4,83.4
2016,REG,00-0027925,J.Develin,James Develin,FB,RB,"https://static.www.nfl.com/image/private/f_auto,q_auto/league/ryhocvpml27otxnncc2h",5,NE,0,0,0,0,0,0,0,0,0,0,0,0,,0,,,0,0,0,0,0,0,,0,3,6,18,0,0,0,18,10,2,-0.720474566449411,0,1.0,0.0310880829015544,0.0152413209144793,0.0573010489924671,0,1.8,4.8
2016,REG,00-0027939,C.Newton,Cam Newton,QB,QB,"https://static.www.nfl.com/image/private/f_auto,q_auto/league/zwmgw2gmnn2kch4nquft",15,CAR,270,510,3509,19,14,36,277,2,2,5253,1310,172,-23.4908191939068,1,0.667999238530364,0.0178723060468571,90,359,5,1,0,28,3.84350567224084,1,0,0,0,0,0,0,0,0,0,,0,,,,,0,254.26,254.26
2016,REG,00-0027942,A.Green,A.J. Green,WR,WR,"https://static.www.nfl.com/image/private/f_auto,q_auto/league/guj5a9vnnzqfiljupzuj",10,CIN,0,0,0,0,0,0,0,0,0,0,0,0,,0,,,0,0,0,0,0,0,,0,66,100,964,4,0,0,1236,258,41,48.5642337403204,0,0.779935275080906,0.286532951289398,0.413516226162596,0.719260785247915,0,120.4,186.4
2016,REG,00-0027944,J.Jones,Julio Jones,WR,WR,"https://static.www.nfl.com/image/upload/f_auto,q_auto/league/omrddf2phtyztzx2nup1",14,ATL,0,0,0,0,0,0,0,0,0,0,0,0,,0,,,0,0,0,0,0,0,,0,83,129,1409,6,0,0,1821,396,64,61.9650844800646,0,0.773750686436024,0.270440251572327,0.437530033637674,0.711931400904863,0,176.9,259.9
2016,REG,00-0027948,B.Gabbert,Blaine Gabbert,QB,QB,"https://static.www.nfl.com/image/private/f_auto,q_auto/league/fphhd3wedamgkps6e0dl",6,SF,91,160,925,5,6,11,48,0,0,1351,358,51,-33.1821908748013,0,0.684678016284234,-0.0072761662093481,40,173,2,0,0,15,13.1543679135502,0,1,1,-16,0,0,0,-12,-4,0,-3.02633354160935,0,0.0,0.0285714285714286,-0.0615384615384615,-0.0002197802197802,0,72.7,73.7
2016,REG,00-0027966,M.Ingram,Mark Ingram,RB,RB,"https://static.www.nfl.com/image/private/f_auto,q_auto/league/qyju9wutyssrf0b26ran",16,NO,0,0,0,0,0,0,0,0,0,0,0,0,,0,,,205,1043,6,2,2,49,-5.29390313064231,2,46,58,319,4,0,0,9,324,18,15.9819862850237,0,35.4444444444444,0.0922098569157393,0.0019629225736096,0.139688831175136,0,196.2,242.2
2016,REG,00-0027973,A.Dalton,Andy Dalton,QB,QB,"https://static.www.nfl.com/image/private/f_auto,q_auto/league/xrwmjyexhhwpoxhtrhl2",16,CIN,364,563,4206,18,8,41,264,4,1,4416,1820,204,63.6883107907476,0,0.952445652173913,0.109562687011667,46,184,4,5,2,17,-0.065153800562257,0,0,0,0,0,0,0,0,0,0,,0,,,,,0,260.64,260.64
2016,REG,00-0027974,,Colin Kaepernick,QB,QB,"https://static.www.nfl.com/image/private/f_auto,q_auto/league/nnvil5vbsj1nbldpc9nl",11,SF,196,331,2241,16,4,36,207,7,1,2662,1112,101,-8.83520018832217,0,0.841848234410218,0.0299521688707261,69,468,2,2,2,28,24.8612596564466,1,0,0,0,0,0,0,0,0,0,,0,,,,,0,200.44,200.44
2016,REG,00-0027981,K.Rudolph,Kyle Rudolph,TE,TE,"https://static.www.nfl.com/image/private/f_auto,q_auto/league/mtvrkfel5750mlevcvtp",16,MIN,0,0,0,0,0,0,0,0,0,0,0,0,,0,,,0,0,0,0,0,0,,0,83,132,840,7,0,0,856,359,50,31.4761019844286,0,0.981308411214953,0.225641025641026,0.220960247805885,0.493133711925658,0,126.0,209.0
2016,REG,00-0027985,L.Kendricks,Lance Kendricks,TE,TE,"https://static.www.nfl.com/image/private/f_auto,q_auto/league/njjeo5udwowpbfnufl5l",16,LA,0,0,0,0,0,0,0,0,0,0,0,0,,0,,,0,0,0,0,0,0,,0,50,87,499,2,1,1,433,276,22,-9.49409485353653,0,1.15242494226328,0.164150943396226,0.112701717855284,0.325117617593038,0,59.9,109.9
2016,REG,00-0027994,S.Vereen,Shane Vereen,RB,RB,"https://static.www.nfl.com/image/private/f_auto,q_auto/league/grirsvo53nqb22jzb1zk",5,NYG,0,0,0,0,0,0,0,0,0,0,0,0,,0,,,33,158,1,1,1,8,-3.99170904711355,0,11,19,94,0,1,1,47,88,4,-9.51276822527871,0,2.0,0.116564417177914,0.0381493506493506,0.201551171221417,0,27.2,38.2
2016,REG,00-0027996,T.Smith,Torrey Smith,WR,WR,"https://static.www.nfl.com/image/private/f_auto,q_auto/league/sqvbn4ybxagyfwva3i51",12,SF,0,0,0,0,0,0,0,0,0,0,0,0,,0,,,0,0,0,0,0,0,,0,20,49,267,3,0,0,660,61,14,-14.1243050832563,0,0.404545454545455,0.134246575342466,0.214913708889613,0.351809459236427,0,44.7,64.7
2016,REG,00-0028002,R.Cobb,Randall Cobb,WR,WR,"https://static.www.nfl.com/image/private/f_auto,q_auto/league/kuwo5hnkbtesfw6n9w1s",13,GB,0,0,0,0,0,0,0,0,0,0,0,0,,0,,,10,33,0,0,0,4,1.34589986651554,0,60,84,610,4,0,0,531,364,36,27.2744475349977,0,1.14877589453861,0.168674698795181,0.11924545250393,0.336483864945522,0,88.3,148.3
2016,REG,00-0028009,D.Murray,DeMarco Murray,RB,RB,"https://static.www.nfl.com/image/private/f_auto,q_auto/league/lu4pqg7cvxbz7z4oormo",16,TEN,1,2,10,1,0,0,0,0,0,28,0,1,1.84490349597763,0,0.357142857142857,,293,1287,9,3,1,64,-12.7366555218724,0,53,67,377,3,0,0,59,320,20,9.45575655978691,0,6.38983050847458,0.136734693877551,0.012566560170394,0.213898632935602,0,240.8,293.8
2016,REG,00-0028011,S.Ridley,Stevan Ridley,RB,RB,"https://static.www.nfl.com/image/private/f_auto,q_auto/league/futdstbe48qaqcvtolzj",1,ATL,0,0,0,0,0,0,0,0,0,0,0,0,,0,,,3,7,0,0,0,1,-0.427070885081776,0,0,0,0,0,0,0,0,0,0,,0,,,,,0,0.7,0.7
2016,REG,00-0028012,R.Mallett,Ryan Mallett,QB,QB,"https://static.www.nfl.com/image/private/f_auto,q_auto/league/tvn03oot2ttdoog5x0qr",4,BAL,3,6,26,0,1,0,0,0,0,60,19,1,-4.21530669013737,0,0.433333333333333,-0.0270538688103929,5,-6,0,0,0,0,-3.43093718553428,0,0,0,0,0,0,0,0,0,0,,0,,,,,0,-1.56,-1.56
2016,REG,00-0028040,,Jordan Cameron,TE,TE,"https://static.www.nfl.com/image/private/f_auto,q_auto/league/oyhmlsxyzwbznmeqnf9i",3,MIA,0,0,0,0,0,0,0,0,0,0,0,0,,0,,,0,0,0,0,0,0,,0,8,11,60,1,0,0,87,28,3,0.350065804901533,0,0.689655172413793,0.102803738317757,0.0890481064483112,0.216539281990453,0,12.0,20.0
2016,REG,00-0028042,L.Stocker,Luke Stocker,TE,TE,"https://static.www.nfl.com/image/private/f_auto,q_auto/league/keoilbfzupthtliuou1a",6,TB,0,0,0,0,0,0,0,0,0,0,0,0,,0,,,0,0,0,0,0,0,,0,5,8,23,0,0,0,12,20,2,-2.03570665367772,0,1.91666666666667,0.0412371134020619,0.0088235294117647,0.0680321406913281,0,2.3,7.3
2016,REG,00-0028050,,Greg Salas,WR,WR,,2,BUF,0,0,0,0,0,0,0,0,0,0,0,0,,0,,,0,0,0,0,0,0,,0,4,6,89,1,0,0,93,33,3,6.67648283811286,0,0.956989247311828,0.115384615384615,0.181640625,0.300225360576923,0,14.9,18.9
2016,REG,00-0028052,,Cecil Shorts,WR,WR,"https://static.www.nfl.com/image/private/f_auto,q_auto/league/zdsyqinswn0k8664k9qs",7,TB,0,0,0,0,0,0,0,0,0,0,0,0,,0,,,0,0,0,0,0,0,,0,11,27,152,0,0,0,393,45,8,-0.356460711816349,0,0.38676844783715,0.103846153846154,0.146423248882265,0.258265504986816,0,15.2,26.2
2016,REG,00-0028059,C.Prosinski,Chris Prosinski,FS,DB,"https://static.www.nfl.com/image/private/f_auto,q_auto/league/i33hoobrfihsekxbvsew",1,CHI,0,0,0,0,0,0,0,0,0,0,0,0,,0,,,1,2,0,0,0,1,2.16368054645136,0,0,0,0,0,0,0,0,0,0,,0,,,,,0,0.2,0.2
2016,REG,00-0028063,T.Jones,Taiwan Jones,RB,RB,"https://static.www.nfl.com/image/private/f_auto,q_auto/league/va09vgfr7bdc2wb6ikq4",3,LV,0,0,0,0,0,0,0,0,0,0,0,0,,0,,,1,-8,0,0,0,0,-1.31242181034759,0,4,4,43,0,0,0,-16,59,3,2.83361116761807,0,-2.6875,0.0363636363636364,-0.0186046511627907,0.0415221987315011,0,3.5,7.5
2016,REG,00-0028064,B.Powell,Bilal Powell,RB,RB,"https://static.www.nfl.com/image/private/f_auto,q_auto/league/a5qlloemeetaqawzwuf7",16,NYJ,0,0,0,0,0,0,0,0,0,0,0,0,,0,,,131,722,3,0,0,46,8.08977435410906,0,58,74,388,2,1,1,-33,420,22,-6.01634571604186,0,-11.7575757575758,0.141221374045802,-0.0078928486008132,0.206307067048133,0,139.0,197.0
2016,REG,00-0028067,J.Thomas,Julius Thomas,TE,TE,"https://static.www.nfl.com/image/private/f_auto,q_auto/league/ephrfopvlebj4fdcl67a",9,JAX,0,0,0,0,0,0,0,0,0,0,0,0,,0,,,0,0,0,0,0,0,,0,30,51,281,4,0,0,363,95,15,1.52605971926763,0,0.774104683195592,0.134210526315789,0.112071627045384,0.279765928405453,0,52.1,82.1
2016,REG,00-0028074,A.Sherman,Anthony Sherman,RB,RB,"https://static.www.nfl.com/image/private/f_auto,q_auto/league/ibmfpy4ztgmqfwtood5x",6,KC,0,0,0,0,0,0,0,0,0,0,0,0,,0,,,0,0,0,0,0,0,,0,4,6,11,0,0,0,-3,7,0,-2.85609500331339,0,-3.66666666666667,0.0359281437125749,-0.0040983606557377,0.0510233631098459,0,1.1,5.1
2016,REG,00-0028083,J.Rodgers,Jacquizz Rodgers,RB,RB,"https://static.www.nfl.com/image/private/f_auto,q_auto/league/ztmescfueap5glplyf7w",10,TB,0,0,0,0,0,0,0,0,0,0,0,0,,0,,,129,560,2,0,0,29,-4.34433691436483,0,13,16,98,0,0,0,1,90,3,0.36120933431436,0,98.0,0.0480480480480481,0.0003478260869565,0.0723155503329416,0,77.8,90.8
2016,REG,00-0028087,D.Lewis,Dion Lewis,RB,RB,"https://static.www.nfl.com/image/private/f_auto,q_auto/league/erzmtaaz3eimbg998hyq",7,NE,0,0,0,0,0,0,0,0,0,0,0,0,,0,,,64,283,0,1,0,14,2.04341441098476,0,17,24,94,0,0,0,87,83,4,-3.67193072574446,0,1.08045977011494,0.0905660377358491,0.0436308926780341,0.166390681478397,0,37.7,54.7
2016,REG,00-0028091,J.Kerley,Jeremy Kerley,WR,WR,"https://static.www.nfl.com/image/private/f_auto,q_auto/league/lsfc40maht2r3k0ctu1b",16,SF,0,0,0,0,0,0,0,0,0,0,0,0,,0,,,0,0,0,0,0,0,,0,64,115,667,3,1,0,988,207,33,-23.5131114137261,0,0.675101214574899,0.236139630390144,0.248178849535293,0.52793464025992,0,84.7,148.7
2016,REG,00-0028093,N.Paul,Niles Paul,TE,TE,"https://static.www.nfl.com/image/private/f_auto,q_auto/league/c2hufhhjyuitenxujhpz",2,WAS,0,0,0,0,0,0,0,0,0,0,0,0,,0,,,0,0,0,0,0,0,,0,2,2,27,0,0,0,1,26,2,2.23844915791415,0,27.0,0.0240963855421687,0.0012091898428053,0.0369910112032167,0,2.7,4.7
2016,REG,00-0028097,L.Smith,Lee Smith,TE,TE,"https://static.www.nfl.com/image/private/f_auto,q_auto/league/gcaqwhzrinlqicrljwlr",3,LV,0,0,0,0,0,0,0,0,0,0,0,0,,0,,,0,0,0,0,0,0,,0,6,6,29,0,0,0,-3,32,0,-0.197048475034535,0,0.0,0.0521739130434783,-0.0034682080924855,0.0758331239004775,0,2.9,8.9
2016,REG,00-0028112,C.Clay,Charles Clay,TE,TE,"https://static.www.nfl.com/image/private/f_auto,q_auto/league/gbfhfjn5cxtou5aazegt",15,BUF,0,0,0,0,0,0,0,0,0,0,0,0,,0,,,0,0,0,0,0,0,,0,57,87,552,4,0,0,694,192,22,17.6730406896514,0,0.795389048991354,0.205188679245283,0.172251178952594,0.42835884413474,0,79.2,136.2
2016,REG,00-0028114,D.Harris,Dwayne Harris,WR,WR,"https://static.www.nfl.com/image/private/f_auto,q_auto/league/cz34jefkstkm3mvjznvg",1,NYG,0,0,0,0,0,0,0,0,0,0,0,0,,0,,,0,0,0,0,0,0,,0,1,1,13,1,0,0,13,0,1,2.05879625468515,0,1.0,0.037037037037037,0.035230352303523,0.0802168021680217,0,7.3,8.3
2016,REG,00-0028116,A.Robinson,Aldrick Robinson,WR,WR,"https://static.www.nfl.com/image/private/f_auto,q_auto/league/lzdmahvzc7tm4pulh2sj",13,ATL,0,0,0,0,0,0,0,0,0,0,0,0,,0,,,0,0,0,0,0,0,,0,20,32,323,2,0,0,399,76,14,16.7993607206154,0,0.80952380952381,0.0752941176470588,0.107114093959732,0.1879210422424,0,44.3,64.3
2016,REG,00-0028118,T.Taylor,Tyrod Taylor,QB,QB,"https://static.www.nfl.com/image/private/f_auto,q_auto/league/qx6t1lqmc9ws9ledobzn",15,BUF,269,436,3023,17,6,42,192,1,1,4095,1138,147,33.0429042292322,1,0.738217338217338,0.091553582876851,95,580,6,3,1,31,16.3581077056349,1,0,0,0,0,0,0,0,0,0,,0,,,,,0,270.92,270.92
2016,REG,00-0028121,J.Todman,Jordan Todman,RB,RB,"https://static.www.nfl.com/image/private/f_auto,q_auto/league/lhoxroo20gf8a3mbiczr",5,IND,0,0,0,0,0,0,0,0,0,0,0,0,,0,,,9,59,0,0,0,3,-2.00136686622864,0,0,1,0,0,0,0,-2,0,0,-0.422840999264736,0,0.0,0.0357142857142857,-0.0073529411764705,0.0484243697478992,1,11.9,11.9
2016,REG,00-0028142,V.Green,Virgil Green,TE,TE,"https://static.www.nfl.com/image/private/f_auto,q_auto/league/wcdedz1qf7ybkujat6bu",10,DEN,0,0,0,0,0,0,0,0,0,0,0,0,,0,,,0,0,0,0,0,0,,0,22,37,237,1,0,0,254,101,13,8.27685197058599,0,0.933070866141732,0.103064066852368,0.0818826563507415,0.211913959724071,0,29.7,51.7
2016,REG,00-0028198,M.Asiata,Matt Asiata,RB,RB,,16,MIN,0,0,0,0,0,0,0,0,0,0,0,0,,0,,,121,402,6,1,1,27,-26.7509585850057,0,32,38,263,0,0,0,23,246,9,0.980496118891107,0,11.4347826086957,0.0688405797101449,0.0075335735342286,0.108534371039177,0,100.5,132.5
2016,REG,00-0028202,S.Draughn,Shaun Draughn,RB,RB,"https://static.www.nfl.com/image/private/f_auto,q_auto/league/bxkirs3zrup0djv8x2ns",14,SF,0,0,0,0,0,0,0,0,0,0,0,0,,0,,,74,196,4,0,0,15,-14.2351415732992,0,29,39,263,2,1,1,140,186,10,2.94173861253461,0,1.87857142857143,0.110169491525424,0.0547516621040282,0.203580400760955,0,79.9,108.9
2016,REG,00-0028237,C.Hogan,Chris Hogan,WR,WR,"https://static.www.nfl.com/image/private/f_auto,q_auto/league/fmpqnciwjqicsjzy63mc",15,NE,0,0,0,0,0,0,0,0,0,0,0,0,,0,,,3,9,0,0,0,0,-0.787108494201675,0,38,58,680,4,1,1,800,241,23,27.8681627041587,0,0.85,0.114173228346457,0.202994163917787,0.313355757262136,0,90.9,128.9
2016,REG,00-0028249,J.Ross,Jeremy Ross,WR,WR,"https://static.www.nfl.com/image/private/f_auto,q_auto/league/r5cp8mxbvtn7tomfavni",1,ARI,0,0,0,0,0,0,0,0,0,0,0,0,,0,,,0,0,0,0,0,0,,0,4,4,37,1,0,0,30,7,4,4.25661451934138,0,1.23333333333333,0.0952380952380952,0.0691244239631337,0.191244239631336,0,9.7,13.7
2016,REG,00-0028263,A.Holmes,Andre Holmes,WR,WR,"https://static.www.nfl.com/image/private/f_auto,q_auto/league/ujb4sism9jdte3o8ofve",14,LV,0,0,0,0,0,0,0,0,0,0,0,0,,0,,,0,0,0,0,0,0,,0,14,25,126,3,0,0,212,26,9,2.21802925897786,0,0.59433962264151,0.0478011472275335,0.0579551667577912,0.112270337571754,0,30.6,44.6
2016,REG,00-0028409,D.Harris,DuJuan Harris,RB,RB,"https://static.www.nfl.com/image/private/f_auto,q_auto/league/bm9b6aulywolcwjqjcpo",8,SF,0,0,0,0,0,0,0,0,0,0,0,0,,0,,,38,138,0,1,1,6,-15.8997551611392,0,8,9,115,1,1,1,-4,121,4,4.41417286735923,0,-28.75,0.0833333333333333,-0.0057388809182209,0.120982783357245,0,27.3,35.3
2016,REG,00-0028411,D.Inman,Dontrelle Inman,WR,WR,"https://static.www.nfl.com/image/private/f_auto,q_auto/league/josp2o2ri6tknqzt87qc",16,LAC,0,0,0,0,0,0,0,0,0,0,0,0,,0,,,0,0,0,0,0,0,,0,58,97,810,4,0,0,1062,214,37,26.0941895910165,0,0.76271186440678,0.171985815602837,0.21901422973809,0.411288684220919,0,105.0,163.0
2016,REG,00-0028434,D.Baldwin,Doug Baldwin,WR,WR,"https://static.www.nfl.com/image/private/f_auto,q_auto/league/kccmcttfdtl7m3g49vb8",16,SEA,1,1,15,1,0,0,0,0,0,12,3,1,2.00460045528598,0,1.25,,3,2,0,0,0,0,-1.77043894270901,0,94,125,1128,7,1,0,1110,472,52,59.5494204915902,0,1.01621621621622,0.228102189781022,0.233881163084703,0.505870098830825,0,159.6,253.6
2016,REG,00-0028497,K.Aiken,Kamar Aiken,WR,WR,"https://static.www.nfl.com/image/private/f_auto,q_auto/league/u0fe10u5kbeyhe65spby",16,BAL,0,0,0,0,0,0,0,0,0,0,0,0,,0,,,0,0,0,0,0,0,,0,29,50,328,1,0,0,566,106,18,9.2040200628107,0,0.579505300353357,0.075187969924812,0.1132,0.192021954887218,0,38.8,67.8
2016,REG,00-0028581,P.DiMarco,Patrick DiMarco,FB,RB,"https://static.www.nfl.com/image/private/f_auto,q_auto/league/chit1zcsfqaoqzkqc9eh",9,ATL,0,0,0,0,0,0,0,0,0,0,0,0,,0,,,0,0,0,0,0,0,,0,7,10,52,1,0,0,22,29,3,-0.50427166706021,0,2.36363636363636,0.0324675324675325,0.0079681274900398,0.0542789879443266,0,11.2,18.2
2016,REG,00-0028595,S.Tolzien,Scott Tolzien,QB,QB,"https://static.www.nfl.com/image/private/f_auto,q_auto/league/kt8ji3aejylpnpskeqzn",2,IND,23,37,216,1,2,3,21,1,0,360,81,13,-8.3346986517705,0,0.6,0.038863215551514,6,3,0,0,0,0,-7.19938763731625,0,0,0,0,0,0,0,0,0,0,,0,,,,,0,8.94,8.94
2016,REG,00-0028664,C.Jones,Chris Jones,P,SPEC,"https://static.www.nfl.com/image/private/f_auto,q_auto/league/c6kjlharechwayxq6fzk",1,DAL,0,0,0,0,0,0,0,0,0,0,0,0,,0,,,1,30,0,0,0,1,4.46898685861379,0,0,0,0,0,0,0,0,0,0,,0,,,,,0,3.0,3.0
2016,REG,00-0028795,,Chase Reynolds,RB,RB,"https://static.www.nfl.com/image/private/f_auto,q_auto/league/kmtfxfxdwsipikltab8t",1,LA,0,0,0,0,0,0,0,0,0,0,0,0,,0,,,0,0,0,0,0,0,,0,1,1,4,0,0,0,3,1,1,2.30601581488736,0,1.33333333333333,0.0357142857142857,0.0265486725663717,0.0721554993678887,0,0.4,1.4
2016,REG,00-0028825,T.Pryor,Terrelle Pryor,WR,WR,"https://static.www.nfl.com/image/private/f_auto,q_auto/league/ac6blk5o4ztsr7hvtil9",16,CLE,5,9,41,0,0,1,1,0,0,68,30,1,-3.46858015528414,0,0.602941176470588,-0.0436739689365813,8,21,1,1,0,2,-3.70942284265766,0,77,140,1007,4,0,0,1968,226,48,37.2256402856621,1,0.511686991869919,0.25089605734767,0.407116259826231,0.661325467899867,0,136.44,213.44
2016,REG,00-0028838,L.Donnell,Larry Donnell,TE,TE,"https://static.www.nfl.com/image/private/f_auto,q_auto/league/beuv1dnhzlntfnnvh2zv",6,NYG,0,0,0,0,0,0,0,0,0,0,0,0,,0,,,0,0,0,0,0,0,,0,15,22,92,1,1,1,102,41,3,-15.5852078024764,0,0.901960784313725,0.0960698689956332,0.0606781677572873,0.186579520923551,0,13.2,28.2
2016,REG,00-0028872,J.Hekker,Johnny Hekker,P,SPEC,"https://static.www.nfl.com/image/private/f_auto,q_auto/league/rh1qt7cwusun5o56bwyh",2,LA,1,2,4,0,0,0,0,0,0,8,1,1,-0.336339498171583,0,0.5,,0,0,0,0,0,0,,0,0,0,0,0,0,0,0,0,0,,0,,,,,0,0.16,0.16
2016,REG,00-0028903,G.Celek,Garrett Celek,TE,TE,"https://static.www.nfl.com/image/private/f_auto,q_auto/league/hin5nyuakhpbngjhepty",13,SF,0,0,0,0,0,0,0,0,0,0,0,0,,0,,,0,0,0,0,0,0,,0,29,50,350,3,2,1,463,115,20,6.74253164723632,0,0.755939524838013,0.120772946859903,0.143210640272193,0.28140686848039,0,51.0,80.0
2016,REG,00-0028952,,Drew Butler,P,SPEC,,1,ARI,0,0,0,0,0,0,0,0,0,0,0,0,,0,,,1,0,0,1,1,0,-9.84860511764418,0,0,0,0,0,0,0,0,0,0,,0,,,,,0,-2.0,-2.0
2016,REG,00-0028986,C.Keenum,Case Keenum,QB,QB,"https://static.www.nfl.com/image/private/f_auto,q_auto/league/tymwoe3wpwzln78uzbvu",10,LA,196,322,2201,9,11,23,140,5,1,2468,1037,102,-35.9520373869604,0,0.891815235008104,0.0150174658293553,20,51,1,0,0,7,-1.21140731003834,0,0,0,0,0,0,0,0,0,0,,0,,,,,0,111.14,111.14
2016,REG,00-0028987,P.Supernaw,Phillip Supernaw,TE,TE,"https://static.www.nfl.com/image/private/f_auto,q_auto/league/wltyuqbgmkisakjqkua5",4,TEN,0,0,0,0,0,0,0,0,0,0,0,0,,0,,,0,0,0,0,0,0,,0,4,5,62,0,0,0,19,47,3,3.42798678990221,0,3.26315789473684,0.0442477876106195,0.0184108527131783,0.079259278315154,0,6.2,10.2
2016,REG,00-0028994,,Dominique Jones,TE,TE,"https://static.www.nfl.com/image/private/f_auto,q_auto/league/idkomraqkcnmkivkqjwk",5,MIA,0,0,0,0,0,0,0,0,0,0,0,0,,0,,,0,0,0,0,0,0,,0,7,10,61,1,0,0,28,44,3,4.21837288647657,0,2.17857142857143,0.0709219858156028,0.030010718113612,0.127390481402933,0,12.1,19.1
2016,REG,00-0029000,C.Beasley,Cole Beasley,WR,WR,"https://static.www.nfl.com/image/private/f_auto,q_auto/league/y5r0fhwctl6ljwvmktvu",16,DAL,0,1,0,0,0,0,0,0,0,40,0,0,-1.19103559432551,0,0.0,,1,7,0,0,0,0,0.28063054732047,0,75,98,833,5,0,0,596,427,51,61.7445283282865,0,1.39765100671141,0.204592901878914,0.154244306418219,0.414860367311125,0,114.0,189.0
2016,REG,00-0029004,L.Dunbar,Lance Dunbar,RB,RB,"https://static.www.nfl.com/image/private/f_auto,q_auto/league/mwxzuvjfvoecnoze3aty",10,DAL,0,0,0,0,0,0,0,0,0,0,0,0,,0,,,9,31,1,0,0,3,-1.19534125633072,0,16,24,122,0,1,0,55,83,5,-2.86494796456395,0,2.21818181818182,0.0808080808080808,0.0244010647737356,0.138292866553736,0,21.3,37.3
2016,REG,00-0029033,G.Whalen,Griff Whalen,WR,WR,"https://static.www.nfl.com/image/private/f_auto,q_auto/league/zx4nnnnmgl0kvguwpiuz",4,LAC,0,0,0,0,0,0,0,0,0,0,0,0,,0,,,0,0,0,0,0,0,,0,2,4,22,0,0,0,9,19,1,-6.94550302109523,0,2.44444444444444,0.025,0.0071090047393364,0.0424763033175355,0,2.2,4.2
2016,REG,00-0029048,J.Banyard,Joe Banyard,RB,RB,"https://static.www.nfl.com/image/private/f_auto,q_auto/league/lfs1r2hsxdjmhp57mjvw",1,JAX,0,0,0,0,0,0,0,0,0,0,0,0,,0,,,2,7,0,0,0,0,-1.94460141765899,0,0,0,0,0,0,0,0,0,0,,0,,,,,0,0.7,0.7
2016,REG,00-0029050,A.Blake,Valentino Blake,DB,DB,"https://static.www.nfl.com/image/private/f_auto,q_auto/league/kx8xfykjtscwutceweud",1,TEN,0,0,0,0,0,0,0,0,0,0,0,0,,0,,,1,-2,0,0,0,0,-2.89443665219005,0,0,0,0,0,0,0,0,0,0,,0,,,,,0,-0.2,-0.2
2016,REG,00-0029119,D.Carrier,Derek Carrier,TE,TE,"https://static.www.nfl.com/image/private/f_auto,q_auto/league/fohbnjxhixammxtonhnd",2,WAS,0,0,0,0,0,0,0,0,0,0,0,0,,0,,,0,0,0,0,0,0,,0,2,2,10,0,0,0,8,2,0,0.0649345312267542,0,1.25,0.0229885057471264,0.0124223602484472,0.0431784107946027,0,1.0,3.0
2016,REG,00-0029123,M.King,Marquette King,P,SPEC,"https://static.www.nfl.com/image/private/f_auto,q_auto/league/jmklxv5zzm4vquaemfc1",2,LV,0,0,0,0,0,0,0,0,0,0,0,0,,0,,,2,27,0,1,0,1,-0.0805320495273918,0,0,0,0,0,0,0,0,0,0,,0,,,,,0,2.7,2.7
2016,REG,00-0029129,R.Streater,Rod Streater,WR,WR,"https://static.www.nfl.com/image/private/f_auto,q_auto/league/szf4hqnrz6egphxvcwnf",13,SF,0,0,0,0,0,0,0,0,0,0,0,0,,0,,,0,0,0,0,0,0,,0,18,27,191,2,0,0,233,67,13,13.0151346950443,0,0.819742489270386,0.0692307692307692,0.0706917475728155,0.153330377147125,0,31.1,49.1
2016,REG,00-0029137,A.Jeffery,Alshon Jeffery,WR,WR,"https://static.www.nfl.com/image/private/f_auto,q_auto/league/qrbsgwhzlsmwgkdfjryh",12,CHI,0,0,0,0,0,0,0,0,0,0,0,0,,0,,,0,0,0,0,0,0,,0,52,94,821,2,0,0,1270,199,41,-3.73762212961776,0,0.646456692913386,0.225419664268585,0.33307107264621,0.571279247255225,0,94.1,146.1
2016,REG,00-0029141,A.Morris,Alfred Morris,RB,RB,"https://static.www.nfl.com/image/private/f_auto,q_auto/league/igrm4hy4pishp4rdamin",13,DAL,0,0,0,0,0,0,0,0,0,0,0,0,,0,,,69,243,2,0,0,15,-3.1220692894478,0,3,6,11,0,0,0,-13,11,0,-8.24180131610767,0,-0.846153846153846,0.0397350993377483,-0.016602809706258,0.0479806822122419,0,37.4,40.4
2016,REG,00-0029159,J.Kearse,Jermaine Kearse,WR,WR,"https://static.www.nfl.com/image/private/f_auto,q_auto/league/tvnzajvst7kdglamw4t6",16,SEA,0,0,0,0,0,0,0,0,0,0,0,0,,0,,,0,0,0,0,0,0,,0,41,89,510,1,0,0,1041,138,24,-19.4331437792078,0,0.489913544668588,0.162408759124088,0.219342604298356,0.397152961694981,0,57.0,98.0
2016,REG,00-0029205,T.Cadet,Travaris Cadet,RB,RB,"https://static.www.nfl.com/image/private/f_auto,q_auto/league/gj0pjzj0zzefpabtuki1",13,NO,0,0,0,0,0,0,0,0,0,0,0,0,,0,,,4,19,0,0,0,1,-1.50867722259136,0,40,54,281,4,0,0,191,196,18,5.00574961891694,0,1.47120418848168,0.0983606557377049,0.044846208030054,0.178933329227595,0,54.0,94.0
2016,REG,00-0029239,B.Bolden,Brandon Bolden,RB,RB,"https://static.www.nfl.com/image/private/f_auto,q_auto/league/kqqwz35z9brhkzbs4bcn",3,NE,0,0,0,0,0,0,0,0,0,0,0,0,,0,,,1,4,0,0,0,0,-0.0433008261024952,0,2,4,15,0,0,0,33,13,1,-2.55829238431761,0,0.454545454545455,0.0754716981132076,0.0771028037383178,0.167179509786634,0,1.9,3.9
2016,REG,00-0029263,R.Wilson,Russell Wilson,QB,QB,"https://static.www.nfl.com/image/private/f_auto,q_auto/league/gebzv2aljujgleboe4ns",16,SEA,353,546,4219,21,11,41,293,6,0,4714,1747,193,49.9278087737875,1,0.894993635977938,0.106037676812969,72,259,1,2,2,16,-8.61169794865418,0,2,2,14,1,1,0,6,8,1,0.323623476317152,0,2.33333333333333,0.0298507462686567,0.0106382978723404,0.0522229279136234,0,268.06,270.06
2016,REG,00-0029269,T.Benjamin,Travis Benjamin,WR,WR,"https://static.www.nfl.com/image/private/f_auto,q_auto/league/io9silocxbywvisvcvpx",14,LAC,0,1,0,0,0,0,0,0,0,22,0,0,-0.507028711028397,0,0.0,,2,-3,0,0,0,0,-1.93631901347544,0,47,75,677,4,3,2,997,246,26,17.786146456465,0,0.679037111334002,0.154639175257732,0.242225461613217,0.40151658601585,0,87.4,134.4
2016,REG,00-0029273,R.Turbin,Robert Turbin,RB,RB,"https://static.www.nfl.com/image/private/f_auto,q_auto/league/vkqpomzfvo7kei1729jm",15,IND,0,0,0,0,0,0,0,0,0,0,0,0,,0,,,47,164,7,0,0,20,9.93446039324044,0,26,35,179,1,0,0,-44,218,9,-1.76970775391652,0,-4.06818181818182,0.0791855203619909,-0.0117584179583111,0.110547387972169,0,82.3,108.3
2016,REG,00-0029275,,Ladarius Green,TE,TE,"https://static.www.nfl.com/image/private/f_auto,q_auto/league/h6emukrr14tvhufmdy1c",6,PIT,0,0,0,0,0,0,0,0,0,0,0,0,,0,,,0,0,0,0,0,0,,0,18,34,304,1,0,0,390,97,12,9.32835152741865,0,0.77948717948718,0.165853658536585,0.227140361094933,0.407778740571331,0,36.4,54.4
2016,REG,00-0029293,M.Jones,Marvin Jones,WR,WR,"https://static.www.nfl.com/image/private/f_auto,q_auto/league/ciy9sxefmcnwjw7ln3h2",15,DET,0,0,0,0,0,0,0,0,0,0,0,0,,0,,,1,3,0,0,0,0,-0.158048187731765,0,55,103,930,4,0,0,1432,237,41,43.0272035784962,0,0.649441340782123,0.191094619666048,0.354280059376546,0.534637971062655,0,117.3,172.3
2016,REG,00-0029319,J.Bellamy,Josh Bellamy,WR,WR,"https://static.www.nfl.com/image/private/f_auto,q_auto/league/kgyz7lr35xl5j7oxjwlw",12,CHI,0,0,0,0,0,0,0,0,0,0,0,0,,0,,,4,37,0,0,0,2,1.86405166692566,0,19,38,282,1,0,0,614,49,13,6.32870138265532,0,0.45928338762215,0.104683195592286,0.173593440769013,0.278540201926739,0,37.9,56.9
2016,REG,00-0029336,B.Golden,Brittan Golden,WR,WR,"https://static.www.nfl.com/image/private/f_auto,q_auto/league/ccqjg5sjhxmgmsvraig5",7,ARI,0,0,0,0,0,0,0,0,0,0,0,0,,0,,,0,0,0,0,0,0,,0,8,14,82,1,1,1,180,12,4,-1.32564713134318,0,0.455555555555556,0.05,0.0671391271913465,0.121997389033943,0,12.2,20.2
2016,REG,00-0029384,B.Rainey,Bobby Rainey,RB,RB,"https://static.www.nfl.com/image/private/f_auto,q_auto/league/vf2lmyxgjhrah1hfed1x",8,NYG,0,0,0,0,0,0,0,0,0,0,0,0,,0,,,17,63,0,0,0,4,-3.19844287727028,0,20,25,153,0,0,0,-22,180,7,2.85794220177131,0,-6.95454545454545,0.0786163522012579,-0.0090871540685667,0.11156352045389,0,21.6,41.6
2016,REG,00-0029388,D.Thompson,Deonte Thompson,WR,WR,"https://static.www.nfl.com/image/private/f_auto,q_auto/league/bvfgozqccoo627wuitkb",9,CHI,0,0,0,0,0,0,0,0,0,0,0,0,,0,,,0,0,0,0,0,0,,0,22,36,249,2,0,0,469,43,18,11.1423494831542,0,0.53091684434968,0.122866894197952,0.153921890383984,0.292045664565717,0,36.9,58.9
2016,REG,00-0029391,S.McGrath,Sean McGrath,TE,TE,"https://static.www.nfl.com/image/private/f_auto,q_auto/league/cuxa874rsldhqt5rver9",2,LAC,0,0,0,0,0,0,0,0,0,0,0,0,,0,,,0,0,0,0,0,0,,0,2,2,25,0,0,0,4,21,2,2.2098000444239,0,6.25,0.0253164556962025,0.0071813285457809,0.0430016135263505,0,2.5,4.5
2016,REG,00-0029394,B.Bersin,Brenton Bersin,WR,WR,"https://static.www.nfl.com/image/private/f_auto,q_auto/league/gjkirn3lffpdr7gn8ars",2,CAR,0,0,0,0,0,0,0,0,0,0,0,0,,0,,,0,0,0,0,0,0,,0,2,6,17,0,0,0,71,2,2,-0.400185732345562,0,0.23943661971831,0.0952380952380952,0.09985935302391,0.21275868997388,0,1.7,3.7
2016,REG,00-0029492,J.Olawale,Jamize Olawale,FB,RB,"https://static.www.nfl.com/image/private/f_auto,q_auto/league/dp7xdilrkk9f2i5ovne9",13,LV,0,0,0,0,0,0,0,0,0,0,0,0,,0,,,17,47,2,0,0,5,-3.04617542165215,0,12,14,227,1,0,0,69,168,5,13.7220256182657,0,3.28985507246377,0.0369393139841689,0.0258426966292135,0.0734988586167027,0,45.4,57.4
2016,REG,00-0029510,J.Grimes,Jonathan Grimes,RB,RB,"https://static.www.nfl.com/image/private/f_auto,q_auto/league/kzodfrw342cy91lw12n4",8,HOU,0,0,0,0,0,0,0,0,0,0,0,0,,0,,,23,105,0,0,0,5,-1.9313975336218,0,13,18,94,0,0,0,22,83,4,-0.287240781608826,0,4.27272727272727,0.08,0.0114643043251694,0.128025013027619,0,19.9,32.9
2016,REG,00-0029567,N.Foles,Nick Foles,QB,QB,"https://static.www.nfl.com/image/private/f_auto,q_auto/league/dxuz2ir773wylutxo7zs",2,KC,36,55,410,3,0,4,34,0,0,431,210,15,-6.4301259082844,0,0.951276102088167,0.0562216868968331,4,-4,0,0,0,0,0.0,0,0,0,0,0,0,0,0,0,0,,0,,,,,0,28.0,28.0
2016,REG,00-0029572,J.Wright,Jarius Wright,WR,WR,"https://static.www.nfl.com/image/private/f_auto,q_auto/league/f4xgfra44cd6qjy6havp",4,MIN,0,0,0,0,0,0,0,0,0,0,0,0,,0,,,0,0,0,0,0,0,,0,11,14,67,1,0,0,56,42,5,5.34501475089928,0,1.19642857142857,0.0958904109589041,0.0640732265446224,0.188686875019592,0,12.7,23.7
2016,REG,00-0029580,R.Matthews,Rishard Matthews,WR,WR,"https://static.www.nfl.com/image/private/f_auto,q_auto/league/fr7nzgwarzuorvi8cvlc",16,TEN,0,0,0,0,0,0,0,0,0,0,0,0,,0,,,0,0,0,0,0,0,,0,65,108,945,9,1,1,1427,203,43,32.2460546938727,0,0.662228451296426,0.220408163265306,0.303940362087327,0.543370498359088,0,146.5,211.5
2016,REG,00-0029587,R.Ellison,Rhett Ellison,TE,TE,"https://static.www.nfl.com/image/private/f_auto,q_auto/league/pqvmhpdoritjtp8ng7ep",9,MIN,0,0,0,0,0,0,0,0,0,0,0,0,,0,,,1,1,1,0,0,1,1.97335961018689,0,9,14,57,0,0,0,42,34,2,-3.5193175241584,0,1.35714285714286,0.0412979351032448,0.0230263157894737,0.0780653237074988,0,11.8,20.8
2016,REG,00-0029597,J.Tucker,Justin Tucker,K,SPEC,"https://static.www.nfl.com/image/private/f_auto,q_auto/league/rneculgpkzldvo5fxqke",1,BAL,0,1,0,0,0,0,0,0,0,15,0,0,-2.88663332420401,0,0.0,,0,0,0,0,0,0,,0,0,0,0,0,0,0,0,0,0,,0,,,,,0,0.0,0.0
2016,REG,00-0029601,,Brandon Bostick,TE,TE,"https://static.www.nfl.com/image/private/f_auto,q_auto/league/eazsm9q05wcs2st2dsht",9,NYJ,0,0,0,0,0,0,0,0,0,0,0,0,,0,,,0,0,0,0,0,0,,0,8,11,63,0,0,0,27,39,2,-0.497434745018836,0,2.33333333333333,0.0385964912280702,0.0112546894539391,0.0657730194598627,0,6.3,14.3
2016,REG,00-0029604,K.Cousins,Kirk Cousins,QB,QB,"https://static.www.nfl.com/image/private/f_auto,q_auto/league/viuxnyezrwdfjnxsfssb",16,WAS,406,606,4917,25,12,23,190,6,2,5268,1969,225,115.142849357936,0,0.933371298405467,0.159472391858616,34,96,4,3,1,14,-1.85618302977996,0,0,0,0,0,0,0,0,0,0,,0,,,,,0,300.28,300.28
2016,REG,00-0029608,T.Hilton,T.Y. Hilton,WR,WR,"https://static.www.nfl.com/image/private/f_auto,q_auto/league/b8kor0sgeynyd8u8cush",16,IND,0,0,0,0,0,0,0,0,0,0,0,0,,0,,,0,0,0,0,0,0,,0,91,155,1448,6,0,0,1898,342,66,60.1197506503467,1,0.76290832455216,0.271453590192645,0.391663227404045,0.681344644471798,0,182.8,273.8
2016,REG,00-0029612,D.Richardson,Daryl Richardson,RB,RB,"https://static.www.nfl.com/image/private/f_auto,q_auto/league/taqrenf1eqcvd1nibre5",2,PIT,0,0,0,0,0,0,0,0,0,0,0,0,,0,,,2,7,0,0,0,0,-0.388641383557115,0,0,0,0,0,0,0,0,0,0,,0,,,,,0,0.7,0.7
2016,REG,00-0029613,D.Martin,Doug Martin,RB,RB,"https://static.www.nfl.com/image/private/f_auto,q_auto/league/lhazttk4tjpi7ggf7du4",8,TB,0,0,0,0,0,0,0,0,0,0,0,0,,0,,,144,421,3,1,1,23,-36.2370648913493,0,14,16,134,0,0,0,28,107,4,1.08894553268536,0,4.78571428571429,0.0855614973262032,0.0145681581685744,0.138539956707307,0,71.5,85.5
2016,REG,00-0029615,L.Miller,Lamar Miller,RB,RB,"https://static.www.nfl.com/image/private/f_auto,q_auto/league/vqxh6ynpmczzfyl9kcgq",14,HOU,0,0,0,0,0,0,0,0,0,0,0,0,,0,,,268,1073,5,2,1,52,-37.9444283062275,0,31,39,188,1,0,0,19,174,9,-0.476759001067363,0,9.89473684210526,0.0822784810126582,0.0044811320754717,0.126554513971818,0,160.1,191.1
2016,REG,00-0029626,,Isaiah Pead,RB,RB,,2,MIA,0,0,0,0,0,0,0,0,0,0,0,0,,0,,,8,22,0,0,0,0,-3.37174605438486,0,1,1,6,0,0,0,-2,8,0,0.262754085008055,0,-3.0,0.04,-0.0140845070422535,0.0501408450704225,0,2.8,3.8
2016,REG,00-0029632,M.Sanu,Mohamed Sanu,WR,WR,"https://static.www.nfl.com/image/private/f_auto,q_auto/league/a6loroqhta6g65aqnsrk",15,ATL,0,0,0,0,0,0,0,0,0,0,0,0,,0,,,1,5,0,0,0,0,0.0039129394572228,0,59,81,653,4,1,1,642,287,33,35.0956040964873,1,1.01713395638629,0.162,0.145216014476363,0.344651210133454,0,89.8,148.8
2016,REG,00-0029638,M.Floyd,Michael Floyd,WR,WR,"https://static.www.nfl.com/image/private/f_auto,q_auto/league/lisxjuyoo7hiux1ac4jb",14,NE,0,0,0,0,0,0,0,0,0,0,0,0,,0,,,0,0,0,0,0,0,,0,37,76,488,5,0,0,1110,69,31,8.03961503124717,0,0.43963963963964,0.139449541284404,0.216669919968768,0.360843255904743,0,78.8,115.8
2016,REG,00-0029640,B.Quick,Brian Quick,WR,WR,"https://static.www.nfl.com/image/private/f_auto,q_auto/league/tayczwuhluj2hyrva3cp",16,LA,0,0,0,0,0,0,0,0,0,0,0,0,,0,,,0,0,0,0,0,0,,0,41,77,564,3,0,0,895,177,22,6.42487599370154,0,0.630167597765363,0.145283018867925,0.232951587714732,0.380990639702199,0,74.4,115.4
2016,REG,00-0029665,R.Griffin,Robert Griffin,QB,QB,"https://static.www.nfl.com/image/private/f_auto,q_auto/league/f9gitqxxg3f1uybdcfhc",5,CLE,87,147,886,2,3,22,138,2,0,1275,448,43,-22.7731946495564,0,0.694901960784314,0.0212289065652355,31,190,2,2,1,10,5.24593840639383,0,0,0,0,0,0,0,0,0,0,,0,,,,,0,66.44,66.44
2016,REG,00-0029668,A.Luck,Andrew Luck,QB,QB,"https://static.www.nfl.com/image/private/f_auto,q_auto/league/ojix2ha2u58zqozaw756",15,IND,346,545,4240,31,13,41,268,3,3,4471,1701,206,59.8226932271367,2,0.948333706106017,0.112188195675121,64,341,2,3,2,20,6.07325699756945,0,0,0,0,0,0,0,0,0,0,,0,,,,,0,307.7,307.7
2016,REG,00-0029681,J.Jenkins,Janoris Jenkins,CB,DB,"https://static.www.nfl.com/image/private/f_auto,q_auto/league/qfjugbhul7ergngoqlyg",1,NYG,0,0,0,0,0,0,0,0,0,0,0,0,,0,,,0,0,0,0,0,0,,0,0,0,0,0,0,0,0,0,0,,0,,,,,1,6.0,6.0
2016,REG,00-0029682,B.Osweiler,Brock Osweiler,QB,QB,"https://static.www.nfl.com/image/private/f_auto,q_auto/league/pwkmtgeitdi79qtumb2x",15,HOU,301,510,2957,15,16,27,206,3,1,4381,1205,153,-46.4236264898238,0,0.674960054782013,0.0213150974041153,30,131,2,2,0,13,9.1176237831807,0,1,1,-6,0,0,0,-6,0,0,-1.5275529830833,0,0.0,0.0256410256410256,-0.0192307692307692,0.025,0,168.78,169.78
2016,REG,00-0029683,R.Hillman,Ronnie Hillman,RB,RB,"https://static.www.nfl.com/image/private/f_auto,q_auto/league/quqwvjr2zciit0emquzg",8,LAC,0,0,0,0,0,0,0,0,0,0,0,0,,0,,,41,131,0,0,0,7,-9.60791237384547,0,7,15,93,0,0,0,-10,94,3,-1.34881430074231,0,-9.3,0.0761421319796954,-0.0069396252602359,0.109355460287378,0,22.4,29.4
2016,REG,00-0029688,D.Poe,Dontari Poe,DT,DL,"https://static.www.nfl.com/image/private/f_auto,q_auto/league/yphm7skgry6rvmkxgvyg",2,KC,1,1,2,1,0,0,0,0,0,2,0,1,2.29735338222235,0,1.0,,1,1,1,0,0,1,1.3799024730688,0,0,0,0,0,0,0,0,0,0,,0,,,,,0,10.18,10.18
2016,REG,00-0029689,D.Allen,Dwayne Allen,TE,TE,"https://static.www.nfl.com/image/private/f_auto,q_auto/league/wduwt0ibzoutozuywe4b",14,IND,0,0,0,0,0,0,0,0,0,0,0,0,,0,,,0,0,0,0,0,0,,0,35,52,406,6,1,0,468,118,25,24.0361556813669,1,0.867521367521368,0.104627766599598,0.111243166151652,0.234811866205553,0,78.6,113.6
2016,REG,00-0029697,C.Fleener,Coby Fleener,TE,TE,"https://static.www.nfl.com/image/private/f_auto,q_auto/league/csj8khi0e2rpkvqqjmc1",16,NO,0,0,0,0,0,0,0,0,0,0,0,0,,0,,,1,2,1,0,0,1,2.64735730853863,0,50,81,631,3,2,0,756,212,28,12.3862593031834,0,0.834656084656085,0.121987951807229,0.156716417910448,0.292683420248157,0,87.3,137.3
2016,REG,00-0029701,R.Tannehill,Ryan Tannehill,QB,QB,"https://static.www.nfl.com/image/private/f_auto,q_auto/league/yvwju12dl6haf3r8uzrm",13,MIA,261,389,2995,19,12,29,216,5,2,3056,1440,132,10.9568423096754,1,0.980039267015707,0.0818793524070549,39,164,1,4,1,10,-11.7072861799679,0,0,0,0,0,0,0,0,0,0,,0,,,,,0,190.2,190.2
2016,REG,00-0029708,K.Wright,Kendall Wright,WR,WR,"https://static.www.nfl.com/image/private/f_auto,q_auto/league/edsrjypqphqpfqezc5k9",11,TEN,0,0,0,0,0,0,0,0,0,0,0,0,,0,,,1,15,0,0,0,1,1.27239088714123,0,29,43,416,3,0,0,435,124,18,9.35582958408271,0,0.95632183908046,0.127218934911243,0.127528583992964,0.280098411161939,0,61.1,90.1
2016,REG,00-0029731,F.Whittaker,Fozzy Whittaker,RB,RB,"https://static.www.nfl.com/image/private/f_auto,q_auto/league/lyk6elzqjynnxbxe6qlr",16,CAR,0,0,0,0,0,0,0,0,0,0,0,0,,0,,,57,265,0,1,1,10,-8.00194423169863,0,25,33,226,0,0,0,28,238,10,-4.90898603095003,0,8.07142857142857,0.0720524017467249,0.0060331825037707,0.112301830372727,0,47.1,72.1
2016,REG,00-0029738,D.Fells,Darren Fells,TE,TE,"https://static.www.nfl.com/image/private/f_auto,q_auto/league/eh0rbweg4wbzgzpvprnv",9,ARI,0,0,0,0,0,0,0,0,0,0,0,0,,0,,,0,0,0,0,0,0,,0,14,18,154,1,0,0,106,90,7,6.91015558579238,0,1.45283018867925,0.0501392757660167,0.0319277108433735,0.0975583112393865,0,21.4,35.4
2016,REG,00-0029740,I.Momah,Ifeanyi Momah,TE,TE,"https://static.www.nfl.com/image/private/f_auto,q_auto/league/fy1rhydnhklwwof45gm9",3,ARI,0,0,0,0,0,0,0,0,0,0,0,0,,0,,,0,0,0,0,0,0,,0,2,4,50,0,0,0,45,16,2,1.97396182152443,0,1.11111111111111,0.0310077519379845,0.0420168067226891,0.0759233926128591,0,5.0,7.0
2016,REG,00-0029793,B.Williams,Brandon Williams,TE,TE,"https://static.www.nfl.com/image/private/f_auto,q_auto/league/ozqjjoxr1sukcx2207hd",2,SEA,0,0,0,0,0,0,0,0,0,0,0,0,,0,,,0,0,0,0,0,0,,0,2,3,36,0,0,0,34,7,2,1.68473099195398,0,1.05882352941176,0.0491803278688525,0.0547504025764895,0.112095773606821,0,3.6,5.6
2016,REG,00-0029795,B.Cunningham,Benny Cunningham,RB,RB,"https://static.www.nfl.com/image/private/f_auto,q_auto/league/yo9hvf3gnoxj7prmruo8",10,LA,0,0,0,0,0,0,0,0,0,0,0,0,,0,,,21,101,0,1,0,4,2.42707744656946,0,16,21,91,0,0,0,21,80,5,-4.32055116037158,0,4.33333333333333,0.067741935483871,0.0098085007006071,0.108478853716231,0,19.2,35.2
2016,REG,00-0029822,B.McManus,Brandon McManus,K,SPEC,"https://static.www.nfl.com/image/upload/f_auto,q_auto/league/nyirqmyiggfysr0df4gd",1,DEN,0,0,0,0,0,0,0,0,0,0,0,0,,0,,,1,6,0,0,0,0,-1.84084820811404,0,0,0,0,0,0,0,0,0,0,,0,,,,,0,0.6,0.6
2016,REG,00-0029848,N.Williams,Nick Williams,WR,WR,"https://static.www.nfl.com/image/private/f_auto,q_auto/league/xzbqirh5sxfjtmmnrupw",2,ATL,0,0,0,0,0,0,0,0,0,0,0,0,,0,,,0,0,0,0,0,0,,0,5,7,59,0,0,0,37,41,5,5.85745011962717,0,1.59459459459459,0.106060606060606,0.0920398009950249,0.223518769787426,0,5.9,10.9
2016,REG,00-0029854,C.Anderson,C.J. Anderson,RB,RB,"https://static.www.nfl.com/image/private/f_auto,q_auto/league/jqqdxuowpdgl06zy0g0a",7,DEN,0,0,0,0,0,0,0,0,0,0,0,0,,0,,,110,437,4,0,0,22,-14.6812099162542,0,16,24,128,1,0,0,47,104,6,-0.764544500554484,0,2.72340425531915,0.116504854368932,0.0281943611277744,0.19449333434284,0,86.5,102.5
2016,REG,00-0029878,M.Gray,MarQueis Gray,TE,TE,"https://static.www.nfl.com/image/private/f_auto,q_auto/league/pbuxaz8hy9fxow3zq5sr",8,MIA,0,0,0,0,0,0,0,0,0,0,0,0,,0,,,0,0,0,0,0,0,,0,14,17,174,0,0,0,124,69,7,8.26535107025529,0,1.40322580645161,0.0776255707762557,0.0713463751438435,0.166380818765074,0,17.4,31.4
2016,REG,00-0029892,K.Juszczyk,Kyle Juszczyk,FB,RB,"https://static.www.nfl.com/image/private/f_auto,q_auto/league/eqb3lq4bip6oa5kiz1ze",16,BAL,0,0,0,0,0,0,0,0,0,0,0,0,,0,,,5,22,1,0,0,3,1.34329897147857,0,37,49,266,0,0,0,65,216,12,-2.892132662846,1,4.09230769230769,0.0771653543307087,0.0136154168412233,0.125278823284919,0,36.8,73.8
2016,REG,00-0029931,Z.Line,Zach Line,FB,RB,"https://static.www.nfl.com/image/private/f_auto,q_auto/league/dddfiilg9qy54xtorb6r",6,MIN,0,0,0,0,0,0,0,0,0,0,0,0,,0,,,7,15,0,0,0,3,-0.514714954886586,0,0,3,0,0,0,0,10,0,0,-4.53132169493663,0,0.0,0.0288461538461538,0.0151057401812689,0.053843248896119,0,1.5,1.5
2016,REG,00-0030035,A.Thielen,Adam Thielen,WR,WR,"https://static.www.nfl.com/image/private/f_auto,q_auto/league/kmldtl8p9h7h5dzvkwsw",16,MIN,0,0,0,0,0,0,0,0,0,0,0,0,,0,,,2,15,0,0,0,1,0.837465520715341,0,69,92,967,5,1,0,989,299,44,50.3377507951227,0,0.977755308392316,0.157264957264957,0.255291688177594,0.414601617621752,0,128.2,197.2
2016,REG,00-0030047,M.Wilson,Marquess Wilson,WR,WR,"https://static.www.nfl.com/image/private/f_auto,q_auto/league/gtmp1bvlbgxnadkq3w7e",3,CHI,0,0,0,0,0,0,0,0,0,0,0,0,,0,,,0,0,0,0,0,0,,0,9,16,160,1,0,0,272,50,8,7.32138585910434,0,0.588235294117647,0.158415841584158,0.272,0.428023762376238,0,22.0,31.0
2016,REG,00-0030061,Z.Ertz,Zach Ertz,TE,TE,"https://static.www.nfl.com/image/private/f_auto,q_auto/league/t7my0kesdhb2iefvempm",14,PHI,0,0,0,0,0,0,0,0,0,0,0,0,,0,,,0,0,0,0,0,0,,0,78,106,816,4,0,0,852,263,42,26.2169874503498,0,0.957746478873239,0.196296296296296,0.208262038621364,0.440227871479399,0,105.6,183.6
2016,REG,00-0030068,M.Goodwin,Marquise Goodwin,WR,WR,"https://static.www.nfl.com/image/upload/f_auto,q_auto/league/cof5bbih1o9dtnonwmjp",14,BUF,0,0,0,0,0,0,0,0,0,0,0,0,,0,,,0,0,0,0,0,0,,0,29,68,431,3,0,0,1013,98,21,1.74787846342696,0,0.425468904244817,0.170854271356784,0.269773635153129,0.445122951642366,0,61.1,90.1
2016,REG,00-0030085,K.Stills,Kenny Stills,WR,WR,"https://static.www.nfl.com/image/private/f_auto,q_auto/league/wswn6tehkzj8mdfbablx",16,MIA,0,0,0,0,0,0,0,0,0,0,0,0,,0,,,0,0,0,0,0,0,,0,42,81,726,9,0,0,1159,193,30,13.2046664869386,0,0.626402070750647,0.173447537473233,0.305804749340369,0.474234630748109,0,126.6,168.6
2016,REG,00-0030089,L.Willson,Luke Willson,TE,TE,"https://static.www.nfl.com/image/private/f_auto,q_auto/league/a6zcpjyfusebcm8i3w2w",10,SEA,0,0,0,0,0,0,0,0,0,0,0,0,,0,,,0,0,0,0,0,0,,0,15,21,129,2,0,0,147,75,7,3.93128275620984,0,0.877551020408163,0.0621301775147929,0.049511620074099,0.127853400324059,0,24.9,39.9
2016,REG,00-0030091,T.King,Tavarres King,WR,WR,"https://static.www.nfl.com/image/private/f_auto,q_auto/league/yfkwzczsoeihruafz1kg",3,NYG,0,0,0,0,0,0,0,0,0,0,0,0,,0,,,0,0,0,0,0,0,,0,2,4,50,0,0,0,120,6,1,-1.89908902329626,0,0.416666666666667,0.0380952380952381,0.165745856353591,0.173164956590371,0,5.0,7.0
2016,REG,00-0030107,T.Riddick,Theo Riddick,RB,RB,"https://static.www.nfl.com/image/private/f_auto,q_auto/league/aptuag5ocazmionhvnt6",10,DET,0,0,0,0,0,0,0,0,0,0,0,0,,0,,,92,357,1,0,0,19,-7.75748594122295,0,53,67,371,5,0,0,23,385,20,2.4477156379304,0,16.1304347826087,0.185082872928177,0.00874857360213,0.283748310913756,0,108.8,161.8
2016,REG,00-0030108,R.Griffin,Ryan Griffin,TE,TE,"https://static.www.nfl.com/image/private/f_auto,q_auto/league/izjfxtmk2dhzhrlwpt9g",16,HOU,0,0,0,0,0,0,0,0,0,0,0,0,,0,,,0,0,0,0,0,0,,0,50,74,442,2,1,1,484,168,19,-0.325612580062734,0,0.913223140495868,0.128249566724437,0.0978370729735193,0.260860301168119,0,54.2,104.2
2016,REG,00-0030113,C.Johnson,Charles D. Johnson,WR,WR,"https://static.www.nfl.com/image/private/f_auto,q_auto/league/g9xhdanrpvnxwrqhran5",13,MIN,0,0,0,0,0,0,0,0,0,0,0,0,,0,,,0,0,0,0,0,0,,0,20,37,232,0,0,0,501,70,11,1.22962463892421,0,0.463073852295409,0.0770833333333333,0.154820766378245,0.223999536464771,0,23.2,43.2
2016,REG,00-0030117,K.Williams,Kerwynn Williams,RB,RB,"https://static.www.nfl.com/image/private/f_auto,q_auto/league/g8b72moacoymckyvl0ig",4,ARI,0,0,0,0,0,0,0,0,0,0,0,0,,0,,,18,157,2,0,0,8,7.04345711722272,0,1,2,6,0,0,0,1,7,0,-0.121047889115289,0,6.0,0.0289855072463768,0.0012674271229404,0.0443654598556235,0,28.3,29.3
2016,REG,00-0030140,T.Way,Tress Way,P,SPEC,"https://static.www.nfl.com/image/private/f_auto,q_auto/league/mb64ugskbogtoljml7q0",1,WAS,1,1,31,0,0,0,0,0,0,29,2,1,5.16205800173339,0,1.06896551724138,,0,0,0,0,0,0,,0,0,0,0,0,0,0,0,0,0,,0,,,,,0,1.24,1.24
2016,REG,00-0030147,R.Shepard,Russell Shepard,WR,WR,"https://static.www.nfl.com/image/private/f_auto,q_auto/league/gk2saq7m1jxl90g9slks",12,TB,0,0,0,0,0,0,0,0,0,0,0,0,,0,,,1,9,0,0,0,0,0.732590082567185,0,23,40,341,2,0,0,548,76,19,15.0611766689472,0,0.622262773722628,0.101522842639594,0.137034258564641,0.24820824495464,0,47.0,70.0
2016,REG,00-0030155,D.Harris,Demetrius Harris,TE,TE,"https://static.www.nfl.com/image/private/f_auto,q_auto/league/nlajcnjlosuajmqswxvl",13,KC,0,0,0,0,0,0,0,0,0,0,0,0,,0,,,0,0,0,0,0,0,,0,17,31,123,1,1,0,199,41,9,-1.83187504862957,1,0.618090452261307,0.0685840707964602,0.069001386962552,0.151177077068477,1,26.3,43.3
2016,REG,00-0030181,J.Doyle,Jack Doyle,TE,TE,"https://static.www.nfl.com/image/private/f_auto,q_auto/league/h6abyvmg2g93llboizi6",16,IND,0,0,0,0,0,0,0,0,0,0,0,0,,0,,,0,0,0,0,0,0,,0,59,75,584,5,1,0,467,246,32,16.1514709889783,0,1.25053533190578,0.131348511383538,0.0963681386710689,0.264480464145055,0,88.4,147.4
2016,REG,00-0030187,R.Ross,Rashad Ross,WR,WR,"https://static.www.nfl.com/image/private/f_auto,q_auto/league/fp2xocefywdhxkdnagxm",1,WAS,0,0,0,0,0,0,0,0,0,0,0,0,,0,,,0,0,0,0,0,0,,0,1,1,8,0,0,0,7,1,0,0.503483334323391,0,1.14285714285714,0.0256410256410256,0.0238095238095238,0.0551282051282051,0,0.8,1.8
2016,REG,00-0030216,J.Hill,Josh Hill,TE,TE,"https://static.www.nfl.com/image/private/f_auto,q_auto/league/vdva7m1fxklv6gxbsg7q",8,NO,0,0,0,0,0,0,0,0,0,0,0,0,,0,,,0,0,0,0,0,0,,0,15,22,149,1,0,0,123,77,6,2.66601648903452,0,1.21138211382114,0.0689655172413793,0.0558076225045372,0.142513611615245,0,20.9,35.9
2016,REG,00-0030279,K.Allen,Keenan Allen,WR,WR,"https://static.www.nfl.com/image/private/f_auto,q_auto/league/xs7h2igf85nta81v7zb8",1,LAC,0,0,0,0,0,0,0,0,0,0,0,0,,0,,,0,0,0,0,0,0,,0,6,7,63,0,0,0,50,18,5,5.88868333410937,0,1.26,0.194444444444444,0.229357798165138,0.452217125382263,0,6.3,12.3
2016,REG,00-0030280,K.Davis,Knile Davis,RB,RB,"https://static.www.nfl.com/image/private/f_auto,q_auto/league/iyq9jy1o5g05fdvqftez",6,KC,0,0,0,0,0,0,0,0,0,0,0,0,,0,,,18,28,0,0,0,0,-8.39944081834983,0,5,7,25,0,0,0,7,18,2,-11.9432938396349,0,3.57142857142857,0.0472972972972973,0.0072614107883817,0.0760289334978132,0,5.3,10.3
2016,REG,00-0030282,,Stepfan Taylor,RB,RB,"https://static.www.nfl.com/image/private/f_auto,q_auto/league/lmm9nz05jrntbpuaveqc",2,ARI,0,0,0,0,0,0,0,0,0,0,0,0,,0,,,4,12,0,0,0,1,-0.0611704027978703,0,0,0,0,0,0,0,0,0,0,,0,,,,,0,1.2,1.2
2016,REG,00-0030287,A.Ellington,Andre Ellington,RB,RB,"https://static.www.nfl.com/image/private/f_auto,q_auto/league/seb6k3tjdcgi8tqmzt2z",13,ARI,0,0,0,0,0,0,0,0,0,0,0,0,,0,,,34,96,0,0,0,4,-6.33138425968355,0,12,19,85,0,0,0,56,72,4,-2.16429285574249,0,1.51785714285714,0.0456730769230769,0.0155988857938719,0.0794288354403257,0,18.1,30.1
2016,REG,00-0030288,R.Burkhead,Rex Burkhead,RB,RB,"https://static.www.nfl.com/image/private/f_auto,q_auto/league/ysgdnkasvp07qmrkasve",9,CIN,0,0,0,0,0,0,0,0,0,0,0,0,,0,,,74,344,2,0,0,23,8.3460526388629,0,17,20,145,0,1,1,15,142,8,2.66055700433647,0,9.66666666666667,0.0772200772200772,0.0076804915514592,0.121206459916137,0,58.9,75.9
2016,REG,00-0030290,C.Hamilton,Cobi Hamilton,WR,WR,"https://static.www.nfl.com/image/private/f_auto,q_auto/league/fslk4pbx1mtdjdl5zk9g",11,PIT,0,0,0,0,0,0,0,0,0,0,0,0,,0,,,0,0,0,0,0,0,,0,17,28,234,2,0,0,365,22,13,15.3645178693154,0,0.641095890410959,0.0703517587939699,0.104018238814477,0.178340405361089,0,35.4,52.4
2016,REG,00-0030300,J.Brown,Jaron Brown,WR,WR,"https://static.www.nfl.com/image/private/f_auto,q_auto/league/y41u4egwigms9rg2p3ln",6,ARI,0,0,0,0,0,0,0,0,0,0,0,0,,0,,,0,0,0,0,0,0,,0,11,22,187,1,0,0,280,58,6,2.28504250926857,0,0.667857142857143,0.0964912280701754,0.11930123561994,0.228247707039221,0,24.7,35.7
2016,REG,00-0030348,,Khiry Robinson,RB,RB,"https://static.www.nfl.com/image/private/f_auto,q_auto/league/voprwcuquojlvepcmzmh",1,NYJ,0,0,0,0,0,0,0,0,0,0,0,0,,0,,,8,22,0,1,1,1,-6.11009903880768,0,0,0,0,0,0,0,0,0,0,,0,,,,,0,0.2,0.2
2016,REG,00-0030391,,Mike James,RB,RB,"https://static.www.nfl.com/image/private/f_auto,q_auto/league/wurn2arjq72gyjcyzgo9",3,TB,0,0,0,0,0,0,0,0,0,0,0,0,,0,,,4,19,0,0,0,1,-1.01295052864589,0,4,4,22,0,0,0,12,10,0,0.251748453476466,0,1.83333333333333,0.05,0.017725258493353,0.0874076809453471,0,4.1,8.1
2016,REG,00-0030404,C.Thompson,Chris Thompson,RB,RB,"https://static.www.nfl.com/image/private/f_auto,q_auto/league/ypyldro2efcy5jcrytft",16,WAS,0,0,0,0,0,0,0,0,0,0,0,0,,0,,,68,356,3,1,1,16,5.75279020742164,0,49,62,349,2,1,0,103,252,18,5.64843145840676,0,3.38834951456311,0.104553119730185,0.019815313582147,0.170700399102781,0,98.5,147.5
2016,REG,00-0030414,S.Ware,Spencer Ware,RB,RB,"https://static.www.nfl.com/image/private/f_auto,q_auto/league/qr04afpcu3fqpgxnws6t",14,KC,0,0,0,0,0,0,0,0,0,0,0,0,,0,,,214,921,3,3,2,47,-26.4148562978366,0,33,42,447,2,1,0,116,388,17,12.1545886590203,0,3.85344827586207,0.0884210526315789,0.037143772014089,0.158632219357231,0,162.8,195.8
2016,REG,00-0030419,M.McGloin,Matt McGloin,QB,QB,"https://static.www.nfl.com/image/private/f_auto,q_auto/league/zwrox2g1yauaa1csdhrw",3,LV,8,15,50,0,0,0,0,0,0,120,9,3,-6.16927376121748,0,0.416666666666667,-0.0112990523833504,3,-3,0,0,0,0,0.0,0,0,0,0,0,0,0,0,0,0,,0,,,,,0,1.7,1.7
2016,REG,00-0030422,D.Sims,Dion Sims,TE,TE,"https://static.www.nfl.com/image/private/f_auto,q_auto/league/gvok1agdl3xtz9nceqfr",13,MIA,0,0,0,0,0,0,0,0,0,0,0,0,,0,,,0,0,0,0,0,0,,0,26,35,256,4,0,0,219,130,14,11.3753567196281,0,1.1689497716895,0.0906735751295337,0.0700351774864087,0.185034986934787,0,49.6,75.6
2016,REG,00-0030431,R.Woods,Robert Woods,WR,WR,"https://static.www.nfl.com/image/upload/f_auto,q_auto/league/owppysuai4ipxu5d27nu",13,BUF,0,0,0,0,0,0,0,0,0,0,0,0,,0,,,1,6,0,0,0,1,-0.351257189846365,0,51,76,613,1,0,0,837,124,31,20.9342422376294,0,0.732377538829152,0.199475065616798,0.237514188422247,0.46547253032077,0,67.9,118.9
2016,REG,00-0030432,C.Michael,Christine Michael,RB,RB,"https://static.www.nfl.com/image/private/f_auto,q_auto/league/qlysbozgkexeoohnqrvz",15,GB,0,0,0,0,0,0,0,0,0,0,0,0,,0,,,148,583,7,1,0,32,-11.1804087117267,0,22,29,107,1,1,1,6,122,4,-6.16231985748163,0,17.8333333333333,0.0814606741573034,0.0025337837837837,0.123964659884604,0,115.0,137.0
2016,REG,00-0030433,M.Gillislee,Mike Gillislee,RB,RB,"https://static.www.nfl.com/image/private/f_auto,q_auto/league/bz85uuhwz2daip0avjrg",15,BUF,0,0,0,0,0,0,0,0,0,0,0,0,,0,,,101,577,8,0,0,39,23.7090571502049,0,9,11,50,1,0,0,8,44,1,-1.37648441448121,0,6.25,0.0497737556561086,0.0039525691699604,0.0774274319031352,0,116.7,125.7
2016,REG,00-0030443,L.Toilolo,Levine Toilolo,TE,TE,"https://static.www.nfl.com/image/private/f_auto,q_auto/league/w6qnlfw0cuxest48srd0",13,ATL,0,0,0,0,0,0,0,0,0,0,0,0,,0,,,0,0,0,0,0,0,,0,13,19,264,2,0,0,163,147,11,17.7453387485002,0,1.61963190184049,0.0440835266821346,0.0428947368421053,0.0961516058126755,0,38.4,51.4
2016,REG,00-0030450,,Quinton Patton,WR,WR,,13,SF,0,0,0,0,0,0,0,0,0,0,0,0,,0,,,0,0,0,0,0,0,,0,37,63,408,0,1,0,558,200,22,2.4687927012014,0,0.731182795698925,0.152542372881356,0.160437032777458,0.341119482266255,0,40.8,77.8
2016,REG,00-0030456,G.Bernard,Giovani Bernard,RB,RB,"https://static.www.nfl.com/image/private/f_auto,q_auto/league/guht9y14gftgsugb87xz",10,CIN,0,0,0,0,0,0,0,0,0,0,0,0,,0,,,91,337,2,0,0,15,-9.9813794446527,0,39,51,336,1,1,1,97,250,16,5.20419003645282,0,3.4639175257732,0.146131805157593,0.032452325192372,0.24191433537105,0,83.3,122.3
2016,REG,00-0030460,M.Wheaton,Markus Wheaton,WR,WR,"https://static.www.nfl.com/image/private/f_auto,q_auto/league/hd28smxn43jzwkdikpd0",3,PIT,0,0,0,0,0,0,0,0,0,0,0,0,,0,,,0,0,0,0,0,0,,0,4,9,51,1,0,0,114,8,2,1.88119933072437,1,0.447368421052632,0.076271186440678,0.117283950617284,0.196505545093116,0,13.1,17.1
2016,REG,00-0030465,K.Barner,Kenjon Barner,RB,RB,"https://static.www.nfl.com/image/private/f_auto,q_auto/league/n8hvbyw7vdlj7svjwqg4",10,PHI,0,0,0,0,0,0,0,0,0,0,0,0,,0,,,27,129,2,0,0,9,0.623596986760586,0,5,11,42,0,0,0,3,47,3,-0.282171772611231,0,14.0,0.0486725663716814,0.0020134228187919,0.0744182455306765,0,29.1,34.1
2016,REG,00-0030470,V.McDonald,Vance McDonald,TE,TE,"https://static.www.nfl.com/image/private/f_auto,q_auto/league/apafzol1dcqu56cqotv9",10,SF,0,0,0,0,0,0,0,0,0,0,0,0,,0,,,0,0,0,0,0,0,,0,24,45,391,4,0,0,439,207,13,16.4856759107186,0,0.890660592255125,0.142857142857143,0.161992619926199,0.327680548234054,0,63.1,87.1
2016,REG,00-0030472,J.Reed,Jordan Reed,TE,TE,"https://static.www.nfl.com/image/private/f_auto,q_auto/league/jur0qgejd3lzv8flmxcq",12,WAS,0,0,0,0,0,0,0,0,0,0,0,0,,0,,,0,0,0,0,0,0,,0,66,89,686,6,1,1,644,264,41,30.7349786477877,0,1.06521739130435,0.192640692640693,0.162585205756122,0.402770682990325,0,102.6,168.6
2016,REG,00-0030485,E.Lacy,Eddie Lacy,RB,RB,"https://static.www.nfl.com/image/private/f_auto,q_auto/league/ckn4luxcj2oc2c24fh7i",5,GB,0,0,0,0,0,0,0,0,0,0,0,0,,0,,,71,360,0,0,0,15,2.05679802875966,0,4,7,28,0,0,0,-8,40,1,-1.51697459281422,0,-3.5,0.0391061452513967,-0.0051948051948052,0.0550228542407313,0,38.8,42.8
2016,REG,00-0030496,L.Bell,Le'Veon Bell,RB,RB,"https://static.www.nfl.com/image/private/f_auto,q_auto/league/sm3ij3pcby5ciqwaaqa1",12,PIT,0,1,0,0,0,0,0,0,0,5,0,0,-0.597210233914666,0,0.0,,261,1268,7,3,1,69,5.25350468766375,0,75,94,616,2,1,0,-16,665,31,25.1157131445504,1,-38.5,0.216091954022989,-0.0043091839482897,0.32112150227068,0,242.4,317.4
2016,REG,00-0030506,T.Kelce,Travis Kelce,TE,TE,"https://static.www.nfl.com/image/private/f_auto,q_auto/league/ryzr3vbragwe50vtj9af",16,KC,0,0,0,0,0,0,0,0,0,0,0,0,,0,,,1,-5,0,0,0,0,-1.27667639282299,0,85,117,1125,4,0,0,785,633,55,69.6980044384966,1,1.43312101910828,0.218283582089552,0.213838191228548,0.477112106994312,0,138.0,223.0
2016,REG,00-0030513,L.Murray,Latavius Murray,RB,RB,"https://static.www.nfl.com/image/private/f_auto,q_auto/league/zepm7ghltyeqydn0qxcg",14,LV,0,0,0,0,0,0,0,0,0,0,0,0,,0,,,195,788,12,2,1,52,-5.11710096153272,0,33,43,264,0,0,0,12,275,11,0.32225085699465,0,22.0,0.0831721470019342,0.0032128514056224,0.127007216486837,0,175.2,208.2
2016,REG,00-0030514,M.Rivera,Mychal Rivera,TE,TE,"https://static.www.nfl.com/image/private/f_auto,q_auto/league/nnbvmfg9qugawrxv2qyt",10,LV,0,0,0,0,0,0,0,0,0,0,0,0,,0,,,0,0,0,0,0,0,,0,18,25,192,1,0,0,225,62,11,5.92477475246415,0,0.853333333333333,0.0677506775067751,0.0803858520900322,0.157896112723185,0,25.2,43.2
2016,REG,00-0030516,B.Butler,Brice Butler,WR,WR,"https://static.www.nfl.com/image/private/f_auto,q_auto/league/xnr2lcdlhui4vyu6z4ir",14,DAL,0,0,0,0,0,0,0,0,0,0,0,0,,0,,,0,0,0,0,0,0,,0,16,32,219,3,0,0,454,19,11,2.32213941200109,0,0.482378854625551,0.0745920745920746,0.131403762662808,0.203870745752077,0,39.9,55.9
2016,REG,00-0030520,M.Glennon,Mike Glennon,QB,QB,"https://static.www.nfl.com/image/private/f_auto,q_auto/league/mubobrjbeudtezxv0t0p",1,TB,10,11,75,1,0,0,0,0,0,43,37,6,6.07621601794381,1,1.74418604651163,0.343238555268329,0,0,0,0,0,0,,0,0,0,0,0,0,0,0,0,0,,0,,,,,0,9.0,9.0
2016,REG,00-0030521,J.Hunter,Justin Hunter,WR,WR,"https://static.www.nfl.com/image/private/f_auto,q_auto/league/jwfx9spolez2cofb3kvq",9,BUF,0,0,0,0,0,0,0,0,0,0,0,0,,0,,,0,0,0,0,0,0,,0,10,24,189,4,0,0,341,30,10,4.34093456743201,0,0.55425219941349,0.0948616600790514,0.141376451077944,0.241256005873138,0,42.9,52.9
2016,REG,00-0030524,L.Jones,Landry Jones,QB,QB,"https://static.www.nfl.com/image/private/f_auto,q_auto/league/rxewfnskdqvfmsui48ta",7,PIT,53,86,558,4,2,4,34,0,0,763,242,26,5.45112782222635,0,0.73132372214941,0.0593911914005983,6,-4,0,0,0,0,-4.52964788582176,0,0,0,0,0,0,0,0,0,0,,0,,,,,0,33.92,33.92
2016,REG,00-0030525,T.Austin,Tavon Austin,WR,WR,"https://static.www.nfl.com/image/private/f_auto,q_auto/league/ulagxqgjnrft4wub0gus",15,LA,0,0,0,0,0,0,0,0,0,0,0,0,,0,,,28,159,1,1,0,7,3.93692349331104,0,58,106,509,3,1,1,722,272,25,-38.1683668424213,0,0.704986149584488,0.21285140562249,0.201338538761852,0.460214085567031,0,88.8,146.8
2016,REG,00-0030526,E.Manuel,EJ Manuel,QB,QB,"https://static.www.nfl.com/image/private/f_auto,q_auto/league/day0kzescuwievdhlacd",5,BUF,11,26,131,0,0,3,20,1,1,280,27,6,-6.78899853412125,1,0.467857142857143,-0.0649007879600627,8,22,0,1,0,3,-0.361731081356993,0,0,0,0,0,0,0,0,0,0,,0,,,,,0,7.44,7.44
2016,REG,00-0030533,M.Barkley,Matt Barkley,QB,QB,"https://static.www.nfl.com/image/private/f_auto,q_auto/league/ejvscebj0ufugx5vrouq",7,CHI,129,216,1611,8,14,6,43,2,2,2274,530,89,-1.19478209953238,0,0.70844327176781,0.0625997359738251,7,2,0,2,0,0,-6.67448309180327,0,1,1,2,1,0,0,2,0,1,2.09020070458064,0,1.0,0.05,0.0116279069767442,0.0831395348837209,0,70.84,71.84
2016,REG,00-0030542,T.Williams,Terrance Williams,WR,WR,"https://static.www.nfl.com/image/private/f_auto,q_auto/league/emdrh1uwgitgnw1wytiv",15,DAL,0,0,0,0,0,0,0,0,0,0,0,0,,0,,,0,0,0,0,0,0,,0,44,61,594,4,1,1,726,165,34,29.5554420619195,0,0.818181818181818,0.135857461024499,0.197658589708685,0.342147204332828,0,81.4,125.4
2016,REG,00-0030544,G.Escobar,Gavin Escobar,TE,TE,"https://static.www.nfl.com/image/private/f_auto,q_auto/league/zpne5eocfe1wlkabs4gq",3,DAL,0,0,0,0,0,0,0,0,0,0,0,0,,0,,,0,0,0,0,0,0,,0,4,7,30,1,0,0,43,9,2,-2.62925901415292,0,0.697674418604651,0.0760869565217391,0.0703764320785597,0.163393937237601,0,9.0,13.0
2016,REG,00-0030547,,Denard Robinson,RB,RB,"https://static.www.nfl.com/image/private/f_auto,q_auto/league/qxucqizbxstsxgtv0jpn",6,JAX,0,0,0,0,0,0,0,0,0,0,0,0,,0,,,41,144,0,0,0,4,-5.57797174807638,0,3,5,22,0,0,0,5,28,1,-0.981403999147005,0,4.4,0.0303030303030303,0.003987240829346,0.0482456140350877,0,16.6,19.6
2016,REG,00-0030549,T.Eifert,Tyler Eifert,TE,TE,"https://static.www.nfl.com/image/private/f_auto,q_auto/league/sextvbehmeu7ydutxtsu",8,CIN,0,0,0,0,0,0,0,0,0,0,0,0,,0,,,0,0,0,0,0,0,,0,29,47,394,5,0,0,367,132,23,24.7178451710735,0,1.07356948228883,0.178707224334601,0.165988240615106,0.384252604932476,0,69.4,98.4
2016,REG,00-0030551,C.Schmidt,Colton Schmidt,P,SPEC,"https://static.www.nfl.com/image/private/f_auto,q_auto/league/ljknmshvxkk85fkaq8ar",1,BUF,0,0,0,0,0,0,0,0,0,0,0,0,,0,,,1,16,0,1,0,1,4.09273582091555,0,0,0,0,0,0,0,0,0,0,,0,,,,,0,1.6,1.6
2016,REG,00-0030564,D.Hopkins,DeAndre Hopkins,WR,WR,"https://static.www.nfl.com/image/upload/f_auto,q_auto/league/jgatj8mtftu06pegapip",16,HOU,0,0,0,0,0,0,0,0,0,0,0,0,,0,,,0,0,0,0,0,0,,0,78,151,954,4,0,0,1752,279,56,-2.14945800150367,0,0.544520547945206,0.261698440207972,0.35415403274712,0.640455483234942,0,119.4,197.4
2016,REG,00-0030565,G.Smith,Geno Smith,QB,QB,"https://static.www.nfl.com/image/private/f_auto,q_auto/league/bxp32udtvwnpu3rl2cht",2,NYJ,8,14,126,1,1,3,19,1,0,97,83,3,-2.48700914782239,0,1.29896907216495,-0.0279806656768713,2,9,0,0,0,1,0.486910686828196,0,0,0,0,0,0,0,0,0,0,,0,,,,,0,7.94,7.94
2016,REG,00-0030578,C.Patterson,Cordarrelle Patterson,RB,RB,"https://static.www.nfl.com/image/private/f_auto,q_auto/league/gy2bb38cns4nxypehbqi",16,MIN,0,0,0,0,0,0,0,0,0,0,0,0,,0,,,7,43,0,0,0,2,-0.468242325820029,0,52,70,453,2,0,0,338,329,23,4.67032565373934,0,1.34023668639053,0.126353790613718,0.0984561607923099,0.258449998475195,1,67.6,119.6
2016,REG,00-0030656,I.Crowell,Isaiah Crowell,RB,RB,"https://static.www.nfl.com/image/private/f_auto,q_auto/league/oruiw5myfimtssv6j2ar",16,CLE,0,0,0,0,0,0,0,0,0,0,0,0,,0,,,198,952,7,2,2,45,-19.7831496509561,0,40,53,319,0,0,0,1,325,14,5.5524808057611,0,319.0,0.0949820788530466,0.0002279981760145,0.14263271700278,0,165.1,205.1
2016,REG,00-0030663,W.Snead,Willie Snead,WR,WR,"https://static.www.nfl.com/image/private/f_auto,q_auto/league/fr5xckiwhguuaishnbju",15,NO,1,1,50,1,0,0,0,0,0,22,28,1,4.87277231691405,0,2.27272727272727,,0,0,0,0,0,0,,0,72,104,895,4,2,0,727,387,51,37.9363873519894,0,1.23108665749656,0.170491803278689,0.164815234640671,0.371108369166502,0,119.5,191.5
2016,REG,00-0030668,C.West,Charcandrick West,RB,RB,"https://static.www.nfl.com/image/private/f_auto,q_auto/league/ccvw7oos9bzr4ojdiuac",15,KC,0,0,0,0,0,0,0,0,0,0,0,0,,0,,,88,293,1,0,0,14,-16.6357324941699,0,28,34,188,2,0,0,30,186,10,9.19480610914648,0,6.26666666666667,0.0878552971576227,0.0131176213379974,0.140965280673032,0,66.1,94.1
2016,REG,00-0030669,A.Wilson,Albert Wilson,WR,WR,"https://static.www.nfl.com/image/private/f_auto,q_auto/league/slythouwdcrug0poiios",14,KC,0,0,0,0,0,0,0,0,0,0,0,0,,0,,,2,50,1,0,0,1,6.07556584780105,0,31,51,279,2,0,0,361,168,11,-6.60062806325497,0,0.772853185595568,0.11038961038961,0.124654696132597,0.252842702877233,0,50.9,81.9
2016,REG,00-0030670,B.Fowler,Bennie Fowler,WR,WR,"https://static.www.nfl.com/image/private/f_auto,q_auto/league/nfcmdcfhjf347rw1cstq",10,DEN,0,0,0,0,0,0,0,0,0,0,0,0,,0,,,0,0,0,0,0,0,,0,11,24,145,2,0,0,286,64,5,1.7975934862897,0,0.506993006993007,0.0650406504065041,0.0832847990681421,0.155860334957456,0,26.5,37.5
2016,REG,00-0030671,I.Burse,Isaiah Burse,WR,WR,"https://static.www.nfl.com/image/private/f_auto,q_auto/league/bjzajklr8jusc5v60vzl",2,LAC,0,0,0,0,0,0,0,0,0,0,0,0,,0,,,0,0,0,0,0,0,,0,0,4,0,0,0,0,64,0,0,-7.37333621678408,0,0.0,0.0506329113924051,0.117001828153565,0.157850646796103,0,0.0,0.0
2016,REG,00-0030691,J.Butler,Jeremy Butler,WR,WR,"https://static.www.nfl.com/image/private/f_auto,q_auto/league/jjbnpsdo2knl6c710ix3",2,LAC,0,0,0,0,0,0,0,0,0,0,0,0,,0,,,0,0,0,0,0,0,,0,2,2,11,0,0,0,10,1,0,-0.643624261836521,0,1.1,0.0317460317460317,0.0210084033613445,0.0623249299719888,0,1.1,3.1
2016,REG,00-0030705,J.Thompson,Juwan Thompson,RB,RB,"https://static.www.nfl.com/image/private/f_auto,q_auto/league/x1gerktg0cgy6em36vgl",4,DEN,0,0,0,0,0,0,0,0,0,0,0,0,,0,,,8,26,1,0,0,2,-1.7760462386068,0,0,1,0,0,0,0,-3,0,0,-0.31234802439576,0,0.0,0.025,-0.0091463414634146,0.0310975609756098,0,8.6,8.6
2016,REG,00-0030710,T.Burton,Trey Burton,TE,TE,"https://static.www.nfl.com/image/private/f_auto,q_auto/league/vt2ce0szit4ozyh5s5iw",14,PHI,0,0,0,0,0,0,0,0,0,0,0,0,,0,,,0,0,0,0,0,0,,0,37,60,327,1,0,0,442,137,20,3.65605488585698,0,0.739819004524887,0.112994350282486,0.117521935655411,0.251756880382516,0,38.7,75.7
2016,REG,00-0030737,F.Martino,Freddie Martino,WR,WR,"https://static.www.nfl.com/image/private/f_auto,q_auto/league/ztiguqllxmcbjynsqwn9",7,TB,0,0,0,0,0,0,0,0,0,0,0,0,,0,,,0,0,0,0,0,0,,0,8,11,142,1,0,0,131,30,5,8.33727804612136,0,1.08396946564886,0.0460251046025105,0.0543794105437941,0.107103244284422,0,20.2,28.2
2016,REG,00-0030741,R.Nix,Roosevelt Nix,FB,RB,"https://static.www.nfl.com/image/private/f_auto,q_auto/league/ibpity8hbzwonppqziyb",1,PIT,0,0,0,0,0,0,0,0,0,0,0,0,,0,,,0,0,0,0,0,0,,0,2,2,5,0,0,0,-1,6,0,-0.524702254449949,0,-5.0,0.0540540540540541,-0.0024813895781637,0.0793441083763665,0,0.5,2.5
2016,REG,00-0030758,,Justin Perillo,TE,TE,,4,GB,0,0,0,0,0,0,0,0,0,0,0,0,,0,,,0,0,0,0,0,0,,0,4,5,35,0,0,0,27,20,1,0.436954657896422,0,1.2962962962963,0.0306748466257669,0.0174757281553398,0.0582452796473882,0,3.5,7.5
2016,REG,00-0030780,R.Hewitt,Ryan Hewitt,TE,TE,"https://static.www.nfl.com/image/private/f_auto,q_auto/league/egbpiaml7idnpcxa1x8q",2,CIN,0,0,0,0,0,0,0,0,0,0,0,0,,0,,,0,0,0,0,0,0,,0,2,3,13,0,0,0,8,9,1,-0.817914639366791,0,1.625,0.0340909090909091,0.0135823429541596,0.0606440037042754,0,1.3,3.3
2016,REG,00-0030789,,Antonio Andrews,RB,RB,"https://static.www.nfl.com/image/private/f_auto,q_auto/league/wwy4g14dflaelkretfzv",1,TEN,0,0,0,0,0,0,0,0,0,0,0,0,,0,,,2,15,0,0,0,0,1.01705558807589,0,0,0,0,0,0,0,0,0,0,,0,,,,,0,1.5,1.5
2016,REG,00-0030801,B.Coleman,Brandon Coleman,WR,WR,"https://static.www.nfl.com/image/private/f_auto,q_auto/league/mudu6l15nmg2cfvljd0d",13,NO,0,0,0,0,0,0,0,0,0,0,0,0,,0,,,0,0,0,0,0,0,,0,26,38,281,3,0,0,425,74,16,9.56108573529228,0,0.661176470588235,0.0692167577413479,0.108335457557991,0.179659956902616,0,46.1,72.1
2016,REG,00-0030805,J.Hamm,Je'Ron Hamm,TE,TE,"https://static.www.nfl.com/image/private/f_auto,q_auto/league/dcfsyc5n4pyryy9sftny",1,SF,0,0,0,0,0,0,0,0,0,0,0,0,,0,,,0,0,0,0,0,0,,0,2,4,13,0,0,0,30,2,1,0.78209401271306,0,0.433333333333333,0.121212121212121,0.13953488372093,0.279492600422833,0,1.3,3.3
2016,REG,00-0030821,A.Hurns,Allen Hurns,WR,WR,"https://static.www.nfl.com/image/private/f_auto,q_auto/league/ficrwzwu4bfswpzu61fv",11,JAX,0,0,0,0,0,0,0,0,0,0,0,0,,0,,,0,0,0,0,0,0,,0,35,76,477,3,1,0,749,211,23,-11.924849254553,0,0.636849132176235,0.17351598173516,0.202487158691538,0.402014983686817,0,65.7,100.7
2016,REG,00-0030828,D.Tialavea,D.J. Tialavea,OT,OL,"https://static.www.nfl.com/image/private/f_auto,q_auto/league/cszuqeqpg8y4z2nrdccx",1,ATL,0,0,0,0,0,0,0,0,0,0,0,0,,0,,,0,0,0,0,0,0,,0,1,1,1,1,0,0,1,0,1,1.45576400181744,0,1.0,0.0303030303030303,0.0038910505836575,0.0481782808631058,0,6.1,7.1
2016,REG,00-0030854,E.Swoope,Erik Swoope,TE,TE,"https://static.www.nfl.com/image/private/f_auto,q_auto/league/lgucz1buzapjyv92e7tj",9,IND,0,0,0,0,0,0,0,0,0,0,0,0,,0,,,0,0,0,0,0,0,,0,15,22,297,1,0,0,253,134,12,21.0643146798105,0,1.17391304347826,0.0726072607260726,0.0966755827283149,0.176583798998929,0,35.7,50.7
2016,REG,00-0030856,T.Washington,Tony Washington,WR,WR,"https://static.www.nfl.com/image/private/f_auto,q_auto/league/v7m1hggbznecn6xkqoac",1,JAX,0,0,0,0,0,0,0,0,0,0,0,0,,0,,,0,0,0,0,0,0,,0,1,1,9,0,0,0,-2,11,0,1.05703485617414,0,0.0,0.0256410256410256,-0.0062893081761006,0.034059022738268,0,0.9,1.9
2016,REG,00-0030860,O.Darkwa,Orleans Darkwa,RB,RB,"https://static.www.nfl.com/image/private/f_auto,q_auto/league/tumagun0uid3uujm4kkg",4,NYG,0,0,0,0,0,0,0,0,0,0,0,0,,0,,,30,111,2,0,0,7,-2.18039468367351,0,2,4,12,0,0,0,-3,17,0,-1.15798790415283,0,-4.0,0.032258064516129,-0.0031282586027111,0.0461973157522957,0,24.3,26.3
2016,REG,00-0030874,D.Williams,Damien Williams,RB,RB,"https://static.www.nfl.com/image/private/f_auto,q_auto/league/ga4vusnfwfvhp2ksqw7x",15,MIA,0,0,0,0,0,0,0,0,0,0,0,0,,0,,,35,115,3,0,0,8,-5.87503067371608,0,23,32,249,3,1,1,116,200,10,-1.18448424234099,0,2.14655172413793,0.0788177339901478,0.0432190760059613,0.148479954189395,0,70.4,93.4
2016,REG,00-0030968,K.Smith,Keith Smith,FB,RB,"https://static.www.nfl.com/image/private/f_auto,q_auto/league/jolwasweebgk37nkl7ia",4,DAL,0,0,0,0,0,0,0,0,0,0,0,0,,0,,,2,5,0,0,0,2,0.981358476914465,0,3,3,20,0,0,0,-2,22,1,0.470243715448305,0,-10.0,0.0294117647058824,-0.0054054054054054,0.0403338632750397,0,2.5,5.5
2016,REG,00-0030990,J.Huff,Josh Huff,WR,WR,"https://static.www.nfl.com/image/private/f_auto,q_auto/league/fbihlh4lbx3xco7v75yg",9,TB,0,1,0,0,0,0,0,0,0,29,0,0,-0.345715032657608,0,0.0,,4,15,0,0,0,1,0.321861055970658,0,16,23,113,1,0,0,69,114,6,-0.569211799903046,0,1.63768115942029,0.0771812080536913,0.0285359801488834,0.135746998184755,1,24.8,40.8
2016,REG,00-0030992,C.Gillmore,Crockett Gillmore,TE,TE,"https://static.www.nfl.com/image/private/f_auto,q_auto/league/wdnss99dxs771hd8ifpn",5,BAL,0,0,0,0,0,0,0,0,0,0,0,0,,0,,,0,0,0,0,0,0,,0,8,14,71,1,0,0,100,33,5,-0.410151323853824,0,0.71,0.0630630630630631,0.0556173526140156,0.133526741424405,0,13.1,21.1
2016,REG,00-0031001,J.Janis,Jeff Janis,WR,WR,"https://static.www.nfl.com/image/private/f_auto,q_auto/league/fldhv9nvnmafss3r9tn2",10,GB,0,0,0,0,0,0,0,0,0,0,0,0,,0,,,2,38,1,0,0,2,4.20408790092915,0,11,19,93,1,0,0,198,30,4,0.86053974746028,0,0.46969696969697,0.0538243626062323,0.070362473347548,0.129990275252632,0,25.1,36.1
2016,REG,00-0031021,J.Abbrederis,Jared Abbrederis,WR,WR,"https://static.www.nfl.com/image/private/f_auto,q_auto/league/p5gqmcyci9youm2r6oeb",2,GB,0,0,0,0,0,0,0,0,0,0,0,0,,0,,,0,0,0,0,0,0,,0,1,2,8,0,0,0,9,2,0,-0.12504688790068,0,0.888888888888889,0.0266666666666667,0.0144927536231884,0.0501449275362319,0,0.8,1.8
2016,REG,00-0031023,Q.Enunwa,Quincy Enunwa,WR,WR,"https://static.www.nfl.com/image/private/f_auto,q_auto/league/vsd27gfxzjt7v7izbjet",16,NYJ,0,0,0,0,0,0,0,0,0,0,0,0,,0,,,1,12,0,0,0,1,1.20271113980562,0,58,105,857,4,0,0,938,352,37,5.31686921465221,0,0.9136460554371,0.192307692307692,0.191584967320261,0.422571015585722,0,110.9,168.9
2016,REG,00-0031025,M.Campanaro,Michael Campanaro,WR,WR,"https://static.www.nfl.com/image/private/f_auto,q_auto/league/zpr9fkukakcfyfefypf7",3,BAL,0,0,0,0,0,0,0,0,0,0,0,0,,0,,,3,72,0,0,0,3,5.50346212973818,0,0,1,0,0,0,0,-2,0,0,-0.474211955443025,0,0.0,0.0344827586206897,-0.0081632653061224,0.0460098522167488,0,7.2,7.2
2016,REG,00-0031035,X.Grimble,Xavier Grimble,TE,TE,"https://static.www.nfl.com/image/private/f_auto,q_auto/league/crjwhcfk4bt6dqojjppj",8,PIT,0,0,0,0,0,0,0,0,0,0,0,0,,0,,,0,0,0,0,0,0,,0,11,21,118,2,0,0,144,38,8,-0.115369692336843,0,0.819444444444445,0.0670926517571885,0.0521172638436482,0.137121062326337,0,23.8,34.8
2016,REG,00-0031042,J.Amaro,Jace Amaro,TE,TE,"https://static.www.nfl.com/image/private/f_auto,q_auto/league/i68ljijl5jzg6tg8755p",1,TEN,0,0,0,0,0,0,0,0,0,0,0,0,,0,,,0,0,0,0,0,0,,0,3,4,59,0,0,0,55,12,2,3.66217242466519,0,1.07272727272727,0.121212121212121,0.161764705882353,0.295053475935829,0,5.9,8.9
2016,REG,00-0031044,T.Niklas,Troy Niklas,TE,TE,"https://static.www.nfl.com/image/private/f_auto,q_auto/league/cfkufqkxuqf9htsyqfxj",2,ARI,0,0,0,0,0,0,0,0,0,0,0,0,,0,,,0,0,0,0,0,0,,0,1,2,0,0,0,0,0,0,0,-1.37341885315254,0,,0.0238095238095238,,,0,0.0,1.0
2016,REG,00-0031045,C.Hyde,Carlos Hyde,RB,RB,"https://static.www.nfl.com/image/private/f_auto,q_auto/league/qpmv42ldpkpdf1gpgeua",13,SF,0,0,0,0,0,0,0,0,0,0,0,0,,0,,,217,988,6,4,2,48,-18.4156207672346,1,27,33,163,3,1,1,72,145,7,-5.61539183580317,0,2.26388888888889,0.0901639344262295,0.0236608609924417,0.151808504334053,0,165.1,192.1
2016,REG,00-0031051,J.Brown,John Brown,WR,WR,"https://static.www.nfl.com/image/private/f_auto,q_auto/league/xwyc2a0qfdxbbct6lso6",14,ARI,0,0,0,0,0,0,0,0,0,0,0,0,,0,,,1,10,0,0,0,1,0.464311777381226,0,39,73,517,2,0,0,1012,99,28,-2.00840123408146,0,0.510869565217391,0.131768953068592,0.187026427647385,0.328571928956058,0,64.7,103.7
2016,REG,00-0031055,A.Williams,Andre Williams,RB,RB,"https://static.www.nfl.com/image/private/f_auto,q_auto/league/bkjjrp3sdtq2ubuzywyd",1,LAC,0,0,0,0,0,0,0,0,0,0,0,0,,0,,,18,87,0,0,0,6,2.89544218720403,0,0,2,0,0,0,0,0,0,0,-0.880107789998874,0,,0.0540540540540541,,,0,8.7,8.7
2016,REG,00-0031057,K.Carey,Ka'Deem Carey,RB,RB,"https://static.www.nfl.com/image/private/f_auto,q_auto/league/hxertoawlphk8ljtylct",11,CHI,0,0,0,0,0,0,0,0,0,0,0,0,,0,,,32,126,0,0,0,4,-2.69830312184058,0,5,7,55,0,0,0,-2,60,4,1.6702116674569,0,-27.5,0.0284552845528455,-0.001047668936616,0.0419495585736371,0,18.1,23.1
2016,REG,00-0031060,D.Thomas,De'Anthony Thomas,WR,WR,"https://static.www.nfl.com/image/private/f_auto,q_auto/league/ubevvtu8f1snobsxnnwl",7,KC,0,0,0,0,0,0,0,0,0,0,0,0,,0,,,4,29,0,0,0,1,0.236101672373479,0,7,9,35,0,0,0,32,24,2,-2.19760478718672,0,1.09375,0.05,0.0246913580246914,0.092283950617284,0,6.4,13.4
2016,REG,00-0031062,J.White,James White,RB,RB,"https://static.www.nfl.com/image/private/f_auto,q_auto/league/z1nnkmnstccnqya5d5ee",16,NE,0,0,0,0,0,0,0,0,0,0,0,0,,0,,,39,166,0,0,0,8,-2.83172347259824,0,60,86,551,5,0,0,107,512,26,9.2830812512835,0,5.14953271028037,0.157509157509158,0.0263806706114398,0.254730205691744,0,101.7,161.7
2016,REG,00-0031064,T.Savage,Tom Savage,QB,QB,"https://static.www.nfl.com/image/private/f_auto,q_auto/league/ovqvn8ei0thwn7si83n8",3,HOU,46,73,461,0,0,5,36,1,1,593,169,20,-11.1132058588874,0,0.777403035413154,0.0430164175042257,6,12,0,0,0,2,-0.0612579880398698,0,0,0,0,0,0,0,0,0,0,,0,,,,,0,17.64,17.64
2016,REG,00-0031066,L.Taliaferro,Lorenzo Taliaferro,RB,RB,"https://static.www.nfl.com/image/private/f_auto,q_auto/league/kuwhpbnxob4eht6fndqh",1,BAL,0,0,0,0,0,0,0,0,0,0,0,0,,0,,,1,0,0,0,0,0,-0.483402145560831,0,3,3,10,0,0,0,-4,14,0,-0.74058652453823,0,-2.5,0.0697674418604651,-0.0082135523613963,0.0989016761377203,0,1.0,4.0
2016,REG,00-0031068,R.Grant,Ryan Grant,WR,WR,"https://static.www.nfl.com/image/private/f_auto,q_auto/league/im7fnk7uti759btkrdok",11,WAS,0,0,0,0,0,0,0,0,0,0,0,0,,0,,,0,0,0,0,0,0,,0,9,19,76,0,0,0,167,25,6,-1.76769056142019,0,0.455089820359281,0.0447058823529412,0.0437287247970673,0.0976689308873589,0,7.6,16.6
2016,REG,00-0031075,A.Blue,Alfred Blue,RB,RB,"https://static.www.nfl.com/image/private/f_auto,q_auto/league/qt9zmmipmlcin4gxs8wt",14,HOU,0,0,0,0,0,0,0,0,0,0,0,0,,0,,,100,420,1,2,1,23,-9.72547572159379,0,12,16,40,0,0,0,31,28,1,-4.64255758663264,0,1.29032258064516,0.062015503875969,0.016711590296496,0.104721369021501,0,50.0,62.0
2016,REG,00-0031076,D.Fales,David Fales,QB,QB,"https://static.www.nfl.com/image/private/f_auto,q_auto/league/izwtweargevmjanrafe3",1,CHI,2,5,22,0,0,1,5,0,0,49,15,2,-2.25861815735698,0,0.448979591836735,-0.111700503502932,1,0,0,1,0,0,-0.52467439614702,0,0,0,0,0,0,0,0,0,0,,0,,,,,0,0.88,0.88
2016,REG,00-0031085,J.Prosch,Jay Prosch,RB,RB,"https://static.www.nfl.com/image/private/f_auto,q_auto/league/qfxm205gqvzzpy0z2oyw",4,HOU,0,0,0,0,0,0,0,0,0,0,0,0,,0,,,4,9,0,0,0,3,0.185535787546542,0,1,1,6,0,0,0,1,5,1,0.551636458840221,0,6.0,0.0277777777777778,0.0035587188612099,0.0441577698695136,0,1.5,2.5
2016,REG,00-0031102,K.Bibbs,Kapri Bibbs,RB,RB,"https://static.www.nfl.com/image/private/f_auto,q_auto/league/yvqplagyljhiso4imgiq",8,DEN,0,0,0,0,0,0,0,0,0,0,0,0,,0,,,29,129,0,0,0,7,-0.479337052907795,0,2,4,75,1,0,0,-5,80,1,5.12503609101987,0,-15.0,0.0300751879699248,-0.0103950103950104,0.0378362746783799,0,26.4,28.4
2016,REG,00-0031118,C.Brown,Corey Brown,WR,WR,"https://static.www.nfl.com/image/private/f_auto,q_auto/league/lgk5rlkpxd0vw28nhrrq",15,CAR,0,0,0,0,0,0,0,0,0,0,0,0,,0,,,2,6,0,0,0,0,-0.53496694972273,0,27,53,276,1,1,1,535,112,16,-3.17315680397418,0,0.51588785046729,0.100952380952381,0.108828315703824,0.227608392421248,0,32.2,59.2
2016,REG,00-0031158,G.Atkinson,George Atkinson,RB,RB,"https://static.www.nfl.com/image/private/f_auto,q_auto/league/udjcw8aaomkitgbqjacq",1,CLE,0,0,0,0,0,0,0,0,0,0,0,0,,0,,,7,34,1,0,0,3,1.77228025117074,0,0,0,0,0,0,0,0,0,0,,0,,,,,0,9.4,9.4
2016,REG,00-0031166,S.Roberts,Seth Roberts,WR,WR,"https://static.www.nfl.com/image/private/f_auto,q_auto/league/wcralkq5mcdpsmjvkatl",16,LV,0,0,0,0,0,0,0,0,0,0,0,0,,0,,,0,0,0,0,0,0,,0,38,77,397,5,0,0,643,195,22,0.378332665481161,2,0.61741835147745,0.130730050933786,0.141692375495813,0.295279739247748,0,73.7,111.7
2016,REG,00-0031189,T.Jones,T.J. Jones,WR,WR,"https://static.www.nfl.com/image/private/f_auto,q_auto/league/fqv9h42uxtxjl7jjs2dt",3,DET,0,0,0,0,0,0,0,0,0,0,0,0,,0,,,0,0,0,0,0,0,,0,5,14,93,0,0,0,165,30,2,-0.964691553472403,0,0.563636363636364,0.110236220472441,0.160505836575876,0.277708416311774,0,9.3,14.3
2016,REG,00-0031228,T.Gabriel,Taylor Gabriel,WR,WR,"https://static.www.nfl.com/image/private/f_auto,q_auto/league/nc4aoax8j5mnnrjewu7p",12,ATL,0,0,0,0,0,0,0,0,0,0,0,0,,0,,,4,51,1,0,0,3,4.18438393919496,0,35,50,579,6,0,0,523,284,21,29.3911207711258,0,1.10707456978967,0.126903553299492,0.161919504643963,0.303698983200013,0,105.0,140.0
2016,REG,00-0031235,O.Beckham,Odell Beckham,WR,WR,"https://static.www.nfl.com/image/private/f_auto,q_auto/league/etl34lkiscs2lpc4to2f",16,NYG,0,0,0,0,0,1,6,0,0,0,0,0,-1.28538929857314,0,,,1,9,0,0,0,0,0.549734262283891,0,101,169,1367,10,2,1,1799,534,65,38.2145366230116,0,0.759866592551417,0.283082077051926,0.382277943051424,0.692217675713886,0,195.6,296.6
2016,REG,00-0031236,B.Cooks,Brandin Cooks,WR,WR,"https://static.www.nfl.com/image/private/f_auto,q_auto/league/wy6qidqm8jjp6buvu3lp",15,NO,0,0,0,0,0,0,0,0,0,0,0,0,,0,,,6,30,0,0,0,1,-0.317627736483701,0,78,117,1173,8,1,0,1522,384,45,55.0699920976867,0,0.770696452036794,0.186009538950715,0.329152249134948,0.509420882820537,0,168.3,246.3
2016,REG,00-0031257,P.Richardson,Paul Richardson,WR,WR,"https://static.www.nfl.com/image/private/f_auto,q_auto/league/jxsldwomavxfbs7gueqt",11,SEA,0,0,0,0,0,0,0,0,0,0,0,0,,0,,,1,5,0,0,0,1,0.548783826758154,0,21,36,288,1,0,0,453,95,17,12.1147317102275,0,0.635761589403974,0.0944881889763779,0.134341637010676,0.23577142937204,0,35.3,56.3
2016,REG,00-0031268,W.Powell,Walt Powell,WR,WR,"https://static.www.nfl.com/image/private/f_auto,q_auto/league/va4atmsx7cdryh9lchty",7,BUF,0,0,0,0,0,0,0,0,0,0,0,0,,0,,,0,0,0,0,0,0,,0,14,25,142,0,0,0,297,45,7,0.714754537246534,0,0.478114478114478,0.125,0.149471565173629,0.29213009562154,0,14.2,28.2
2016,REG,00-0031273,C.Brate,Cameron Brate,TE,TE,"https://static.www.nfl.com/image/private/f_auto,q_auto/league/jhioqec65qy4z7s6w9a6",15,TB,0,0,0,0,0,0,0,0,0,0,0,0,,0,,,0,0,0,0,0,0,,0,57,81,660,8,1,0,789,136,40,40.3342363305042,0,0.836501901140684,0.151119402985075,0.143064369900272,0.326824163407802,0,114.0,171.0
2016,REG,00-0031280,D.Carr,Derek Carr,QB,QB,"https://static.www.nfl.com/image/private/f_auto,q_auto/league/cffbp9sqfioxa2jk2oqf",15,LV,357,560,3937,28,6,16,79,2,2,4343,1790,189,75.3766458659638,5,0.906516233018651,0.0987090912635284,39,70,0,3,1,5,-21.5321188263649,0,0,0,0,0,0,0,0,0,0,,0,,,,,0,268.48,268.48
2016,REG,00-0031285,D.Freeman,Devonta Freeman,RB,RB,"https://static.www.nfl.com/image/private/f_auto,q_auto/league/vjhvfwypu1byxfo2uvki",16,ATL,0,0,0,0,0,0,0,0,0,0,0,0,,0,,,227,1079,11,1,1,61,4.88981512938604,0,54,65,462,2,0,0,74,416,22,5.17818025673521,0,6.24324324324324,0.131048387096774,0.0184861353984512,0.209512875424077,0,230.1,284.1
2016,REG,00-0031291,J.Wright,James Wright,WR,WR,"https://static.www.nfl.com/image/private/f_auto,q_auto/league/n4ultyvj4gsjijuq5qo4",10,CIN,0,0,0,0,0,0,0,0,0,0,0,0,,0,,,2,-6,0,0,0,1,-0.694875125656836,0,13,19,106,0,0,0,202,35,7,0.344829527835827,0,0.524752475247525,0.0544412607449857,0.0740469208211144,0.133494735692259,0,10.0,23.0
2016,REG,00-0031299,J.Matthews,Jordan Matthews,TE,TE,"https://static.www.nfl.com/image/private/f_auto,q_auto/league/lzmaxofoalitaiiuchm7",14,PHI,0,0,0,0,0,0,0,0,0,0,0,0,,0,,,0,0,0,0,0,0,,0,73,117,804,3,1,0,1133,243,38,29.9129866038027,0,0.709620476610768,0.233532934131737,0.301089556205155,0.561062090541214,0,98.4,171.4
2016,REG,00-0031301,J.Hill,Jeremy Hill,RB,RB,"https://static.www.nfl.com/image/private/f_auto,q_auto/league/rafvidcbp023aupumccx",15,CIN,0,0,0,0,0,0,0,0,0,0,0,0,,0,,,222,839,9,0,0,42,-7.63234408048918,0,21,27,174,0,0,0,-2,164,6,3.75162727403222,0,-87.0,0.0692307692307692,-0.0009610764055742,0.103173400362252,0,155.3,176.3
2016,REG,00-0031302,C.Fiedorowicz,C.J. Fiedorowicz,TE,TE,"https://static.www.nfl.com/image/private/f_auto,q_auto/league/syuzjdnhzquetrf9jqvp",15,HOU,0,0,0,0,0,0,0,0,0,0,0,0,,0,,,0,0,0,0,0,0,,0,54,89,559,4,1,0,609,212,30,12.1737587468069,0,0.917898193760263,0.167924528301887,0.134555899248785,0.34607592192698,0,79.9,133.9
2016,REG,00-0031307,W.Aikens,Walt Aikens,CB,DB,"https://static.www.nfl.com/image/private/f_auto,q_auto/league/df61cwjllfnjqjriozfr",1,MIA,0,0,0,0,0,0,0,0,0,0,0,0,,0,,,0,0,0,0,0,0,,0,0,0,0,0,0,0,0,0,0,,0,,,,,1,6.0,6.0
2016,REG,00-0031310,D.Street,Devin Street,WR,WR,"https://static.www.nfl.com/image/private/f_auto,q_auto/league/y2xezm37npdrqvgrhuga",2,IND,0,0,0,0,0,0,0,0,0,0,0,0,,0,,,0,0,0,0,0,0,,0,1,6,20,0,0,0,67,2,1,-1.10565391118871,0,0.298507462686567,0.0810810810810811,0.104851330203443,0.195017552764032,0,2.0,3.0
2016,REG,00-0031325,S.Watkins,Sammy Watkins,WR,WR,"https://static.www.nfl.com/image/private/f_auto,q_auto/league/nkqk4ac4uncxocqlgp2k",8,BUF,0,0,0,0,0,0,0,0,0,0,0,0,,0,,,0,0,0,0,0,0,,0,28,52,430,2,0,0,745,52,20,12.8589964548009,0,0.577181208053691,0.231111111111111,0.340805123513266,0.585230253125953,0,55.0,83.0
2016,REG,00-0031332,F.Toussaint,Fitzgerald Toussaint,RB,RB,"https://static.www.nfl.com/image/private/f_auto,q_auto/league/rckiakioqzv7cjqaeg1d",5,PIT,0,0,0,0,0,0,0,0,0,0,0,0,,0,,,14,58,0,0,0,2,-2.78187853400596,0,3,3,33,0,0,0,-6,39,2,2.8485996266827,0,-5.5,0.0405405405405405,-0.0071005917159763,0.0558403966096274,0,9.1,12.1
2016,REG,00-0031339,D.Moncrief,Donte Moncrief,WR,WR,"https://static.www.nfl.com/image/private/f_auto,q_auto/league/iippulnxfyjgrlj2p5qw",9,IND,0,0,0,0,0,0,0,0,0,0,0,0,,0,,,1,-1,0,0,0,0,-0.635042313602753,0,30,56,307,7,0,0,576,78,22,10.3181310663989,0,0.532986111111111,0.173913043478261,0.207642393655371,0.406219240776151,0,72.6,102.6
2016,REG,00-0031344,C.Latimer,Cody Latimer,WR,WR,"https://static.www.nfl.com/image/private/f_auto,q_auto/league/whgchcrp9pqx0waocewu",7,DEN,0,0,0,0,0,0,0,0,0,0,0,0,,0,,,0,0,0,0,0,0,,0,8,15,76,0,0,0,190,24,6,1.81304495791679,0,0.4,0.0619834710743802,0.0902612826603325,0.156158104473803,0,7.6,15.6
2016,REG,00-0031345,J.Garoppolo,Jimmy Garoppolo,QB,QB,"https://static.www.nfl.com/image/private/f_auto,q_auto/league/dielobmypljj7e27eiob",6,NE,43,63,502,4,0,3,15,1,1,498,243,22,27.6223298304089,0,1.00803212851406,0.205338354984596,10,6,0,1,0,1,-1.3780217377806,0,1,1,3,0,0,0,-4,7,0,-0.360248681157827,0,0.0,0.0303030303030303,-0.0190476190476191,0.0321212121212121,0,34.98,35.98
2016,REG,00-0031359,K.Benjamin,Kelvin Benjamin,WR,WR,"https://static.www.nfl.com/image/private/f_auto,q_auto/league/ygtlhauauds9yoyatu5e",16,CAR,0,0,0,0,0,0,0,0,0,0,0,0,,0,,,0,0,0,0,0,0,,0,63,118,941,7,1,1,1428,238,50,22.1669267900034,0,0.658963585434174,0.213381555153707,0.253056884635832,0.497212151975643,0,134.1,197.1
2016,REG,00-0031375,T.West,Terrance West,RB,RB,"https://static.www.nfl.com/image/private/f_auto,q_auto/league/vzmf3p3k4ywfa5vjn9za",16,BAL,0,0,0,0,0,0,0,0,0,0,0,0,,0,,,193,774,5,2,0,35,-22.6985592692286,0,34,45,236,1,0,0,40,234,11,2.81181563122664,0,5.9,0.0786713286713287,0.0095510983763132,0.124692761870412,0,137.0,171.0
2016,REG,00-0031376,J.McKinnon,Jerick McKinnon,RB,RB,"https://static.www.nfl.com/image/private/f_auto,q_auto/league/yezxe2j778cndbhkxwez",15,MIN,0,1,0,0,0,0,0,0,0,18,0,0,-0.480666237650439,0,0.0,,159,539,2,0,0,21,-32.1597470829697,1,43,53,255,2,0,0,6,271,16,-4.13171275212705,0,42.5,0.104330708661417,0.001780415430267,0.157742353793313,0,105.4,148.4
2016,REG,00-0031381,D.Adams,Davante Adams,WR,WR,"https://static.www.nfl.com/image/private/f_auto,q_auto/league/grvqvmdzu2lsbgvqoxku",16,GB,0,0,0,0,0,0,0,0,0,0,0,0,,0,,,0,0,0,0,0,0,,0,75,121,997,12,2,1,1438,386,45,43.5569876804502,1,0.693324061196106,0.197068403908795,0.267783985102421,0.483051395434887,0,171.7,246.7
2016,REG,00-0031382,J.Landry,Jarvis Landry,WR,WR,"https://static.www.nfl.com/image/private/f_auto,q_auto/league/w2q9uwsjvgadwyvnvopb",16,MIA,0,1,0,0,0,0,0,0,0,19,0,0,-0.384655223460868,0,0.0,,5,17,0,0,0,1,-1.75654070067685,0,94,131,1136,4,1,1,833,616,52,37.5354053899285,1,1.36374549819928,0.28051391862955,0.219788918205805,0.574623120688389,0,139.3,233.3
2016,REG,00-0031384,R.Rodgers,Richard Rodgers,TE,TE,"https://static.www.nfl.com/image/private/f_auto,q_auto/league/l9zei9dkcmbml3q1nshk",15,GB,0,0,0,0,0,0,0,0,0,0,0,0,,0,,,0,0,0,0,0,0,,0,30,47,271,2,0,0,381,105,14,5.3129970769438,0,0.711286089238845,0.0815972222222222,0.0791441628583299,0.177796747334164,0,39.1,69.1
2016,REG,00-0031387,E.Ebron,Eric Ebron,TE,TE,"https://static.www.nfl.com/image/private/f_auto,q_auto/league/uaxsxymncppase7ihczd",13,DET,0,0,0,0,0,0,0,0,0,0,0,0,,0,,,1,1,1,0,0,1,0.797026883752551,0,61,85,711,1,0,0,676,283,37,32.7291140220363,0,1.05177514792899,0.17102615694165,0.174047373841401,0.378372397101455,0,83.2,144.2
2016,REG,00-0031390,C.Sims,Charles Sims,RB,RB,"https://static.www.nfl.com/image/private/f_auto,q_auto/league/w1yff81pb8rfp9sytx5l",7,TB,0,0,0,0,0,0,0,0,0,0,0,0,,0,,,51,149,1,1,1,6,-13.4405660041375,0,24,32,190,1,0,0,74,175,9,-10.0431997632841,0,2.56756756756757,0.119402985074627,0.0265709156193896,0.197704118545513,0,43.9,67.9
2016,REG,00-0031407,B.Bortles,Blake Bortles,QB,QB,"https://static.www.nfl.com/image/private/f_auto,q_auto/league/jvoui3bptgsfvgkz5e1b",16,JAX,368,625,3905,23,16,34,197,6,5,5140,1843,206,-49.714723057253,1,0.759727626459144,0.0273325840610563,58,359,3,2,1,20,20.4189226161107,1,1,1,20,1,0,0,15,5,1,2.71493563504191,0,1.33333333333333,0.0256410256410256,0.0467289719626168,0.0711718188353702,0,270.1,271.1
2016,REG,00-0031408,M.Evans,Mike Evans,WR,WR,"https://static.www.nfl.com/image/private/f_auto,q_auto/league/w6eq27k2xs8vawwgkzbl",16,TB,0,0,0,0,0,0,0,0,0,0,0,0,,0,,,0,0,0,0,0,0,,0,96,173,1321,12,0,0,2563,179,81,62.187386288996,2,0.51541162699961,0.302977232924694,0.443195573231887,0.764702750649361,0,208.1,304.1
2016,REG,00-0031418,A.Seferian-Jenkins,Austin Seferian-Jenkins,TE,TE,"https://static.www.nfl.com/image/private/f_auto,q_auto/league/mvuoyejl5hzfzrkfezuj",9,NYJ,0,0,0,0,0,0,0,0,0,0,0,0,,0,,,0,0,0,0,0,0,,0,13,20,154,1,0,0,186,28,9,4.99559439406257,0,0.827956989247312,0.062111801242236,0.0584905660377359,0.134111098089769,0,21.4,34.4
2016,REG,00-0031428,A.Robinson,Allen Robinson,WR,WR,"https://static.www.nfl.com/image/private/f_auto,q_auto/league/tucplhxtb3c626iekuzv",16,JAX,0,0,0,0,0,0,0,0,0,0,0,0,,0,,,0,0,0,0,0,0,,0,73,151,883,6,1,0,1969,210,51,-16.2365353110745,1,0.448450990350432,0.242375601926164,0.3819592628516,0.630934886885366,0,126.3,199.3
2016,REG,00-0031431,M.Lee,Marqise Lee,WR,WR,"https://static.www.nfl.com/image/private/f_auto,q_auto/league/drsesqqzwhkilsx51j4i",16,JAX,1,1,20,1,0,0,0,0,0,15,5,1,2.71493563504191,0,1.33333333333333,,6,35,0,0,0,2,0.811325129005127,0,63,105,851,3,0,0,1210,338,44,15.6534645816174,0,0.703305785123967,0.168539325842697,0.234723569350146,0.417115487309147,1,117.4,180.4
2016,REG,00-0031442,T.Lewan,Taylor Lewan,T,OL,"https://static.www.nfl.com/image/private/f_auto,q_auto/league/hvplm59omxfb2qp6zz7a",1,TEN,0,0,0,0,0,0,0,0,0,0,0,0,,0,,,0,0,0,0,0,0,,0,1,1,10,1,0,0,-2,12,1,2.14956112270011,0,0.0,0.0277777777777778,-0.006060606060606,0.0374242424242424,0,7.0,8.0
2016,REG,00-0031484,C.Manhertz,Chris Manhertz,TE,TE,"https://static.www.nfl.com/image/private/f_auto,q_auto/league/r645ts6owoqbjuxbzgdl",1,CAR,0,0,0,0,0,0,0,0,0,0,0,0,,0,,,0,0,0,0,0,0,,0,1,1,10,0,0,0,10,0,1,1.21718482370488,0,1.0,0.0232558139534884,0.0195694716242661,0.0485823510672189,0,1.0,2.0
2016,REG,00-0031502,J.Berry,Jordan Berry,P,SPEC,"https://static.www.nfl.com/image/private/f_auto,q_auto/league/rltqupvbxjui0kyat1fb",1,PIT,0,0,0,0,0,0,0,0,0,0,0,0,,0,,,1,-3,0,1,0,0,-3.46737239504,0,0,0,0,0,0,0,0,0,0,,0,,,,,0,-0.3,-0.3
2016,REG,00-0031503,J.Winston,Jameis Winston,QB,QB,"https://static.www.nfl.com/image/private/f_auto,q_auto/league/eupdyd3zccjeoloqmyfl",16,TB,345,567,4090,28,18,35,239,6,5,5776,1367,214,51.9893321833128,3,0.708102493074792,0.0978404258595988,53,165,1,4,1,10,-1.91112999300333,0,0,0,0,0,0,0,0,0,0,,0,,,,,0,256.1,256.1
2016,REG,00-0031514,Q.Bray,Quan Bray,WR,WR,"https://static.www.nfl.com/image/private/f_auto,q_auto/league/fcec31w4bvadspls5tcj",2,IND,0,0,0,0,0,0,0,0,0,0,0,0,,0,,,1,7,0,0,0,0,0.375914567150176,0,3,4,36,0,0,0,26,13,1,2.1754744136706,0,1.38461538461538,0.0526315789473684,0.0395136778115502,0.106606942889138,0,4.3,7.3
2016,REG,00-0031533,R.Telfer,Randall Telfer,TE,TE,"https://static.www.nfl.com/image/private/f_auto,q_auto/league/v7yzppdggxmmffsoiuoa",5,CLE,0,0,0,0,0,0,0,0,0,0,0,0,,0,,,0,0,0,0,0,0,,0,2,7,4,0,0,0,43,9,0,-4.74551123328274,0,0.0930232558139535,0.0372340425531915,0.0387387387387387,0.0829681809469044,0,0.4,2.4
2016,REG,00-0031544,A.Cooper,Amari Cooper,WR,WR,"https://static.www.nfl.com/image/private/f_auto,q_auto/league/zibbxjtein7gpu5zgcj4",16,LV,0,0,0,0,0,0,0,0,0,0,0,0,,0,,,1,0,0,0,0,0,-0.505082438467071,0,83,132,1153,5,2,0,1287,436,47,32.3212529907985,2,0.895881895881896,0.224108658743633,0.28360511238431,0.534686566784467,0,149.3,232.3
2016,REG,00-0031545,K.White,Kevin White,WR,WR,"https://static.www.nfl.com/image/private/f_auto,q_auto/league/u6jclvrydlw6amytmylq",4,CHI,0,0,0,0,0,0,0,0,0,0,0,0,,0,,,1,9,0,0,0,0,1.04788404377177,0,19,36,187,0,0,0,434,54,8,-10.0221423851617,0,0.430875576036866,0.260869565217391,0.373493975903614,0.652750130958617,0,19.6,38.6
2016,REG,00-0031547,D.Parker,DeVante Parker,WR,WR,"https://static.www.nfl.com/image/private/f_auto,q_auto/league/beuyfjou6kckaoqqpa96",15,MIA,0,0,0,0,0,0,0,0,0,0,0,0,,0,,,0,0,0,0,0,0,,0,56,87,744,4,0,0,1043,236,34,19.4709005474631,0,0.713326941514861,0.197727272727273,0.292484576556366,0.501330112680365,0,98.4,154.4
2016,REG,00-0031549,N.Agholor,Nelson Agholor,WR,WR,"https://static.www.nfl.com/image/private/f_auto,q_auto/league/lfc8g0z3wmxowwggvzqh",15,PHI,0,0,0,0,0,0,0,0,0,0,0,0,,0,,,5,14,0,0,0,0,-4.2826984989224,0,36,69,365,2,1,0,736,98,15,-5.31817459317857,1,0.495923913043478,0.131428571428571,0.185577407967726,0.327047042720265,0,51.9,87.9
2016,REG,00-0031560,J.Strong,Jaelen Strong,WR,WR,"https://static.www.nfl.com/image/private/f_auto,q_auto/league/eakjj5fee8ctysjrqhxj",6,HOU,0,0,0,0,0,0,0,0,0,0,0,0,,0,,,0,0,0,0,0,0,,0,14,24,131,0,0,0,178,32,4,-6.75842119577288,0,0.735955056179775,0.103896103896104,0.0912352639671963,0.219708840621193,0,13.1,27.1
2016,REG,00-0031568,B.Petty,Bryce Petty,QB,QB,"https://static.www.nfl.com/image/private/f_auto,q_auto/league/ptb0vcf2vqqittc5qown",6,NYJ,75,133,809,3,7,13,79,1,1,1169,395,35,-35.6667497413531,0,0.692044482463644,-0.0099800490139933,5,19,0,0,0,1,-0.162414183549117,1,0,0,0,0,0,0,0,0,0,,0,,,,,0,32.26,32.26
2016,REG,00-0031569,J.Langford,Jeremy Langford,RB,RB,"https://static.www.nfl.com/image/private/f_auto,q_auto/league/ezohep8ggqmwfa1eqy4m",12,CHI,0,0,0,0,0,0,0,0,0,0,0,0,,0,,,62,200,4,2,2,12,-18.2269564965391,0,19,27,142,0,0,0,40,130,7,0.448080169240711,0,3.55,0.0710526315789474,0.0149925037481259,0.117073699992109,0,54.2,73.2
2016,REG,00-0031570,J.Hardy,Justin Hardy,WR,WR,"https://static.www.nfl.com/image/private/f_auto,q_auto/league/bf30pn7pqvdiof0zb6a0",11,ATL,0,0,0,0,0,0,0,0,0,0,0,0,,0,,,0,0,0,0,0,0,,0,21,31,203,4,0,0,267,48,17,14.6344467761014,0,0.760299625468165,0.0844686648501362,0.0940803382663848,0.192559234061674,0,44.3,65.3
2016,REG,00-0031577,J.Allen,Javorius Allen,RB,RB,"https://static.www.nfl.com/image/private/f_auto,q_auto/league/jguqo1kwlkfamf537de0",3,BAL,0,0,0,0,0,0,0,0,0,0,0,0,,0,,,9,34,0,0,0,0,-0.57333868771093,0,3,4,15,0,0,0,-7,22,2,0.196671174780931,0,-2.14285714285714,0.0412371134020619,-0.0105580693815988,0.0544650215359736,0,4.9,7.9
2016,REG,00-0031585,M.Pruitt,MyCole Pruitt,TE,TE,"https://static.www.nfl.com/image/private/f_auto,q_auto/league/okk2t3ngao7qszoxxcph",2,CHI,0,0,0,0,0,0,0,0,0,0,0,0,,0,,,0,0,0,0,0,0,,0,2,2,13,0,0,0,4,9,0,0.364140164339915,0,3.25,0.0357142857142857,0.0102040816326531,0.0607142857142857,0,1.3,3.3
2016,REG,00-0031588,S.Diggs,Stefon Diggs,WR,WR,"https://static.www.nfl.com/image/private/f_auto,q_auto/league/zf6nbnzcfzu4y7yq2nzk",13,MIN,0,0,0,0,0,0,0,0,0,0,0,0,,0,,,3,10,0,0,0,1,-1.25868360841063,0,84,112,903,3,0,0,951,319,47,46.0494707113613,0,0.949526813880126,0.230927835051546,0.283119976183388,0.544575735905691,0,109.3,193.3
2016,REG,00-0031589,B.Hundley,Brett Hundley,QB,QB,"https://static.www.nfl.com/image/private/f_auto,q_auto/league/lgplktjykzjrnjsn9x8y",4,GB,2,10,17,0,1,0,0,0,0,100,13,0,-8.19624956029388,0,0.17,-0.153498889658239,3,-2,0,1,0,0,-0.587776639033109,0,0,0,0,0,0,0,0,0,0,,0,,,,,0,-1.52,-1.52
2016,REG,00-0031590,J.Ajayi,Jay Ajayi,RB,RB,"https://static.www.nfl.com/image/private/f_auto,q_auto/league/bt0drbhvsjykf2xxvskx",15,MIA,0,0,0,0,0,0,0,0,0,0,0,0,,0,,,260,1272,8,4,1,60,7.2693476730097,0,27,35,151,0,0,0,48,132,8,-6.66268612172649,0,3.14583333333333,0.0904392764857881,0.0171184022824536,0.1476417963264,0,188.3,215.3
2016,REG,00-0031595,M.Burton,Michael Burton,FB,RB,"https://static.www.nfl.com/image/private/f_auto,q_auto/league/y8chssh9pcuzv5uc7nai",1,DET,0,0,0,0,0,0,0,0,0,0,0,0,,0,,,0,0,0,0,0,0,,0,0,1,0,0,0,0,0,0,0,-6.44022460537963,0,,0.0285714285714286,,,0,0.0,0.0
2016,REG,00-0031598,N.Boyle,Nick Boyle,TE,TE,"https://static.www.nfl.com/image/private/f_auto,q_auto/league/emqvoudb71kgmkfphmuw",3,BAL,0,0,0,0,0,0,0,0,0,0,0,0,,0,,,0,0,0,0,0,0,,0,6,6,44,0,0,0,23,21,1,1.30191565776477,0,1.91304347826087,0.0416666666666667,0.038655462184874,0.0895588235294118,0,4.4,10.4
2016,REG,00-0031599,C.Artis-Payne,Cameron Artis-Payne,RB,RB,"https://static.www.nfl.com/image/private/f_auto,q_auto/league/vaeghufm3dkzmsjhb8hg",3,CAR,0,0,0,0,0,0,0,0,0,0,0,0,,0,,,36,144,2,0,0,5,-2.5722687819507,0,1,1,11,0,0,0,-4,15,1,1.25280903931707,0,-2.75,0.0277777777777778,-0.0103896103896104,0.0343939393939394,0,27.5,28.5
2016,REG,00-0031600,,Keith Mumphery,WR,WR,,5,HOU,0,0,0,0,0,0,0,0,0,0,0,0,,0,,,0,0,0,0,0,0,,0,10,12,69,0,0,0,57,20,2,-0.260641259908057,0,1.21052631578947,0.0648648648648649,0.0389876880984952,0.124588678966244,0,6.9,16.9
2016,REG,00-0031609,A.Derby,A.J. Derby,TE,TE,"https://static.www.nfl.com/image/private/f_auto,q_auto/league/c2bqxdpyb4kn75l4qj1c",6,DEN,0,0,0,0,0,0,0,0,0,0,0,0,,0,,,0,0,0,0,0,0,,0,16,20,160,0,1,1,135,50,7,3.82174697416485,0,1.18518518518519,0.0904977375565611,0.0648726573762614,0.181157466498225,0,14.0,30.0
2016,REG,00-0031610,D.Waller,Darren Waller,TE,TE,"https://static.www.nfl.com/image/private/f_auto,q_auto/league/qqzht46a66zbi9xyylf4",8,BAL,0,0,0,0,0,0,0,0,0,0,0,0,,0,,,0,0,0,0,0,0,,0,10,17,85,2,0,0,114,39,7,-3.54977757566023,0,0.745614035087719,0.0523076923076923,0.0541053630754627,0.116335292614362,0,20.5,30.5
2016,REG,00-0031612,A.Ripkowski,Aaron Ripkowski,FB,RB,"https://static.www.nfl.com/image/private/f_auto,q_auto/league/aln8oo1hxammcilgzi72",10,GB,0,0,0,0,0,0,0,0,0,0,0,0,,0,,,34,150,2,0,0,10,-0.858750841034762,0,9,10,46,1,0,0,27,29,2,0.283720616309438,0,1.7037037037037,0.032258064516129,0.0159010600706714,0.0595178388236635,0,37.6,46.6
2016,REG,00-0031665,Z.Zenner,Zach Zenner,RB,RB,"https://static.www.nfl.com/image/private/f_auto,q_auto/league/deiznogchpv1vbrmyuax",11,DET,0,0,0,0,0,0,0,0,0,0,0,0,,0,,,88,334,4,1,1,22,-14.5264807674336,0,18,23,196,0,0,0,-18,205,9,6.36847267084522,0,-10.8888888888889,0.0723270440251572,-0.0088278567925453,0.102311066282954,0,75.0,93.0
2016,REG,00-0031682,T.Ward,Terron Ward,RB,RB,"https://static.www.nfl.com/image/private/f_auto,q_auto/league/wcq3c0qgpkzoegi0yn6w",5,ATL,0,0,0,0,0,0,0,0,0,0,0,0,,0,,,31,151,0,0,0,6,-1.55593299267629,0,1,2,11,0,0,0,2,9,1,1.45234677515691,0,5.5,0.0303030303030303,0.0096618357487922,0.0522178304787,0,16.2,17.2
2016,REG,00-0031684,S.Wynn,Shane Wynn,WR,WR,"https://static.www.nfl.com/image/private/f_auto,q_auto/league/mtrj08jeeyphqhdt1jek",2,JAX,0,0,0,0,0,0,0,0,0,0,0,0,,0,,,2,5,0,0,0,0,-0.548396120779216,0,1,3,19,0,0,0,25,12,1,-0.186052752309479,0,0.76,0.0810810810810811,0.0838926174496644,0.180346453836387,0,2.4,3.4
2016,REG,00-0031687,R.Mostert,Raheem Mostert,RB,RB,"https://static.www.nfl.com/image/private/f_auto,q_auto/league/jt7n28bmkyobsxmdbvqu",1,SF,0,0,0,0,0,0,0,0,0,0,0,0,,0,,,1,6,0,0,0,0,0.228107987088151,0,0,0,0,0,0,0,0,0,0,,0,,,,,0,0.6,0.6
2016,REG,00-0031697,J.Taylor,Jordan Taylor,WR,WR,"https://static.www.nfl.com/image/private/f_auto,q_auto/league/exe8hkn8d13tthubzz5s",11,DEN,0,0,0,0,0,0,0,0,0,0,0,0,,0,,,0,0,0,0,0,0,,0,16,25,209,2,1,1,260,82,10,6.93677631792149,0,0.803846153846154,0.0606796116504854,0.0764031736702909,0.144501639044932,0,30.9,46.9
2016,REG,00-0031706,,Paul Lasike,FB,RB,,4,CHI,0,0,0,0,0,0,0,0,0,0,0,0,,0,,,3,8,0,0,0,3,1.1168968071579,0,1,1,3,0,0,0,2,1,0,-0.503666206728667,0,1.5,0.0344827586206897,0.0097560975609756,0.0585534062237174,0,1.1,2.1
2016,REG,00-0031716,M.Darr,Matt Darr,P,SPEC,"https://static.www.nfl.com/image/private/f_auto,q_auto/league/ko3fxpkmjathpdxbed5c",1,MIA,0,0,0,0,0,0,0,0,0,0,0,0,,0,,,1,0,0,1,0,0,-3.22204566869186,0,0,0,0,0,0,0,0,0,0,,0,,,,,0,0.0,0.0
2016,REG,00-0031731,C.Grant,Corey Grant,RB,RB,"https://static.www.nfl.com/image/private/f_auto,q_auto/league/gj5yoyyx8nulm8ss037t",5,JAX,0,0,0,0,0,0,0,0,0,0,0,0,,0,,,32,164,1,0,0,6,0.909974516611346,0,4,7,35,1,0,0,-1,32,2,2.81223408975772,0,-35.0,0.0426829268292683,-0.0009578544061302,0.0633538921596113,0,31.9,35.9
2016,REG,00-0031732,C.Hamlett,Connor Hamlett,TE,TE,"https://static.www.nfl.com/image/private/f_auto,q_auto/league/xauaqbsvxeenvgs3fmod",1,CLE,0,0,0,0,0,0,0,0,0,0,0,0,,0,,,0,0,0,0,0,0,,0,1,1,17,1,0,0,17,0,1,3.03784921276383,0,1.0,0.0285714285714286,0.0435897435897436,0.0733699633699634,0,7.7,8.7
2016,REG,00-0031743,A.Hunt,Akeem Hunt,RB,RB,"https://static.www.nfl.com/image/private/f_auto,q_auto/league/mjsxqeuw6ng12xa1z4zy",6,HOU,0,0,0,0,0,0,0,0,0,0,0,0,,0,,,20,109,0,2,0,4,-1.40816121714952,0,3,4,29,0,0,0,-10,37,1,-0.42096697881271,0,-2.9,0.0714285714285714,-0.0279329608938548,0.0875897845171588,0,13.8,16.8
2016,REG,00-0031746,,George Farmer,RB,RB,,2,SEA,0,0,0,0,0,0,0,0,0,0,0,0,,0,,,1,1,0,0,0,0,-0.333871736482251,0,1,3,4,0,0,0,-2,4,0,-1.36455911278792,0,-2.0,0.0422535211267606,-0.0073260073260073,0.0582520765619357,0,0.5,1.5
2016,REG,00-0031757,L.Whitehead,Lucky Whitehead,WR,WR,"https://static.www.nfl.com/image/private/f_auto,q_auto/league/kkkuu7hldjdxhklgejl0",11,DAL,0,0,0,0,0,0,0,0,0,0,0,0,,0,,,10,82,0,1,1,4,-3.45670860790415,0,3,3,48,0,0,0,14,34,1,4.4217312138644,0,3.42857142857143,0.0344827586206897,0.0228384991843393,0.067711087360072,0,11.0,14.0
2016,REG,00-0031768,T.Magee,Terrence Magee,RB,RB,"https://static.www.nfl.com/image/private/f_auto,q_auto/league/cpwxutcnudoozh6jr2zo",1,SEA,0,0,0,0,0,0,0,0,0,0,0,0,,0,,,3,12,0,0,0,0,-1.19079463288654,0,0,0,0,0,0,0,0,0,0,,0,,,,,0,1.2,1.2
2016,REG,00-0031782,E.Rogers,Eli Rogers,WR,WR,"https://static.www.nfl.com/image/private/f_auto,q_auto/league/wj9e3uvudi1wvdsr0qdi",13,PIT,0,0,0,0,0,0,0,0,0,0,0,0,,0,,,1,6,0,0,0,0,0.294899116968736,0,48,66,594,3,0,0,623,204,24,25.5210242082094,0,0.953451043338684,0.140425531914894,0.147072710103872,0.313589194945051,0,78.0,126.0
2016,REG,00-0031788,M.Lengel,Matt Lengel,TE,TE,"https://static.www.nfl.com/image/private/f_auto,q_auto/league/ofsdmsids4mwmhkdpxoz",2,NE,0,0,0,0,0,0,0,0,0,0,0,0,,0,,,0,0,0,0,0,0,,0,2,3,22,1,0,0,33,1,1,2.54134987184079,0,0.666666666666667,0.0476190476190476,0.0674846625766871,0.118667835232252,0,8.2,10.2
2016,REG,00-0031793,T.Watson,Terrell Watson,RB,RB,"https://static.www.nfl.com/image/private/f_auto,q_auto/league/efo2nvsa4z0nlm5dquiu",1,PHI,0,0,0,0,0,0,0,0,0,0,0,0,,0,,,9,28,1,0,0,2,1.35444898484275,0,1,1,5,0,0,0,5,0,0,-0.224377383012325,0,1.0,0.0232558139534884,0.0157728706624606,0.045924730393955,0,9.3,10.3
2016,REG,00-0031806,M.Brown,Malcolm Brown,RB,RB,"https://static.www.nfl.com/image/private/f_auto,q_auto/league/zxnjheichwlnvvu5qdyl",8,LA,0,0,0,0,0,0,0,0,0,0,0,0,,0,,,18,39,0,1,1,1,-11.5061322949477,0,3,3,46,0,0,0,4,42,2,4.98351901059505,0,11.5,0.0297029702970297,0.0054054054054054,0.0483382392293283,0,6.5,9.5
2016,REG,00-0031818,B.Marquez,Bradley Marquez,WR,WR,"https://static.www.nfl.com/image/private/f_auto,q_auto/league/p6olxbyymypgryvxovy3",7,LA,0,0,0,0,0,0,0,0,0,0,0,0,,0,,,1,2,0,0,0,0,-2.73287342797266,0,3,7,37,0,0,0,49,22,3,-0.495899150020031,0,0.755102040816326,0.0319634703196347,0.0290112492599171,0.068253079961394,0,3.9,6.9
2016,REG,00-0031854,C.Harper,Chris Harper,WR,WR,"https://static.www.nfl.com/image/private/f_auto,q_auto/league/eb0duhdzifs4ky3jpvhf",8,SF,0,0,0,0,0,0,0,0,0,0,0,0,,0,,,0,0,0,0,0,0,,0,13,21,133,0,0,0,141,64,6,8.17424646666041,0,0.943262411347518,0.0882352941176471,0.0731707317073171,0.183572453371593,0,13.3,26.3
2016,REG,00-0031868,D.Byrd,Damiere Byrd,WR,WR,"https://static.www.nfl.com/image/private/f_auto,q_auto/league/cskulleqxehtrgkqsl3u",1,CAR,0,0,0,0,0,0,0,0,0,0,0,0,,0,,,0,0,0,0,0,0,,0,1,1,16,0,0,0,13,3,1,1.0952531285584,0,1.23076923076923,0.032258064516129,0.0423452768729642,0.0780287905852685,0,1.6,2.6
2016,REG,00-0031897,T.Rawls,Thomas Rawls,RB,RB,"https://static.www.nfl.com/image/private/f_auto,q_auto/league/uxyelm5j4nm67gmnbih9",9,SEA,0,0,0,0,0,0,0,0,0,0,0,0,,0,,,109,349,3,0,0,21,-18.9410437324333,0,13,17,96,0,0,0,11,82,4,-1.46337244973984,0,8.72727272727273,0.0596491228070175,0.0050644567219152,0.093018803915867,0,62.5,75.5
2016,REG,00-0031900,R.Smith,Rod Smith,RB,RB,"https://static.www.nfl.com/image/private/f_auto,q_auto/league/zmhmhduytwid1kjim5rp",1,DAL,0,0,0,0,0,0,0,0,0,0,0,0,,0,,,0,0,0,0,0,0,,0,1,1,4,0,0,0,-3,7,0,-0.844158395193517,0,-1.33333333333333,0.0416666666666667,-0.02,0.0485,0,0.4,1.4
2016,REG,00-0031912,C.Meredith,Cameron Meredith,WR,WR,"https://static.www.nfl.com/image/private/f_auto,q_auto/league/galvhjzccy4mw0ipexho",14,CHI,1,1,2,1,0,0,0,0,0,2,0,1,2.09020070458064,0,1.0,,1,6,0,0,0,0,-1.05204568582121,0,66,97,888,4,3,2,960,309,44,24.9389681167879,0,0.925,0.196754563894523,0.212718812319965,0.44403501446576,0,113.48,179.48
2016,REG,00-0031922,K.Lee,Khari Lee,TE,TE,"https://static.www.nfl.com/image/private/f_auto,q_auto/league/na3rt3lesebmcwilj62y",1,DET,0,0,0,0,0,0,0,0,0,0,0,0,,0,,,0,0,0,0,0,0,,0,0,1,0,0,0,0,3,0,0,-0.705856323707849,0,0.0,0.0277777777777778,0.0113636363636364,0.0496212121212121,0,0.0,0.0
2016,REG,00-0031934,D.Smith,Devin Smith,WR,WR,"https://static.www.nfl.com/image/private/f_auto,q_auto/league/sxvloat4tcr7e6eghply",1,NYJ,0,0,0,0,0,0,0,0,0,0,0,0,,0,,,0,0,0,0,0,0,,0,1,3,20,0,0,0,49,6,1,-0.964865115903618,0,0.408163265306122,0.125,0.145833333333333,0.289583333333333,0,2.0,3.0
2016,REG,00-0031939,M.Jones,Matt Jones,RB,RB,"https://static.www.nfl.com/image/private/f_auto,q_auto/league/eektuvevqtzbqstzx3pv",7,WAS,0,0,0,0,0,0,0,0,0,0,0,0,,0,,,99,460,3,3,2,28,-7.77323129210542,0,8,8,73,0,0,0,16,57,4,5.16959079261869,0,4.5625,0.0425531914893617,0.0107310529845741,0.0713415243232444,0,67.3,75.3
2016,REG,00-0031941,J.Crowder,Jamison Crowder,WR,WR,"https://static.www.nfl.com/image/private/f_auto,q_auto/league/glmuevjuy3coqf1t3rqj",16,WAS,0,0,0,0,0,0,0,0,0,0,0,0,,0,,,2,-2,0,0,0,1,-0.909978973912075,0,67,99,847,7,2,1,802,377,34,29.3261463158031,0,1.05610972568579,0.166947723440135,0.154290111581377,0.358424663267167,1,130.5,197.5
2016,REG,00-0031951,J.O'Shaughnessy,James O'Shaughnessy,TE,TE,"https://static.www.nfl.com/image/private/f_auto,q_auto/league/sz5g57zhnshipkpw39sz",3,KC,0,0,0,0,0,0,0,0,0,0,0,0,,0,,,0,0,0,0,0,0,,0,2,3,-1,0,0,0,7,0,0,-1.53182565362658,0,-0.142857142857143,0.0294117647058824,0.0188679245283019,0.0573251942286349,0,-0.1,1.9
2016,REG,00-0031953,G.Davis,Geremy Davis,WR,WR,"https://static.www.nfl.com/image/private/f_auto,q_auto/league/q0pogtzy8q737pqb7zr2",2,LAC,0,0,0,0,0,0,0,0,0,0,0,0,,0,,,0,0,0,0,0,0,,0,0,2,0,0,0,0,4,0,0,-1.2750144591555,0,0.0,0.0246913580246914,0.0166666666666667,0.0487037037037037,0,0.0,0.0
2016,REG,00-0031959,M.Murphy,Marcus Murphy,RB,RB,"https://static.www.nfl.com/image/private/f_auto,q_auto/league/y9j91g8089mu9tjj0zis",1,NO,0,0,0,0,0,0,0,0,0,0,0,0,,0,,,0,0,0,0,0,0,,0,1,1,3,0,0,0,2,1,0,-0.150425294530578,0,1.5,0.0227272727272727,0.0123456790123457,0.0427328843995511,0,0.3,1.3
2016,REG,00-0032004,W.Tye,Will Tye,TE,TE,"https://static.www.nfl.com/image/private/f_auto,q_auto/league/dv5nojtrswp6cprkwn2y",16,NYG,0,0,0,0,0,0,0,0,0,0,0,0,,0,,,0,0,0,0,0,0,,0,48,70,395,1,0,0,422,186,16,-12.0376247482663,0,0.936018957345972,0.117252931323283,0.0896727581810455,0.238650327711656,0,45.5,93.5
2016,REG,00-0032007,Q.Dunbar,Quinton Dunbar,CB,DB,"https://static.www.nfl.com/image/private/f_auto,q_auto/league/syoxopqwwddt4lmwjqc5",1,WAS,0,0,0,0,0,0,0,0,0,0,0,0,,0,,,0,0,0,0,0,0,,0,1,1,31,0,0,0,29,2,1,5.16205800173339,0,1.06896551724138,0.0285714285714286,0.0900621118012422,0.105900621118012,0,3.1,4.1
2016,REG,00-0032009,A.Humphries,Adam Humphries,WR,WR,"https://static.www.nfl.com/image/private/f_auto,q_auto/league/l56ywjejfpraigzs4qia",15,TB,0,0,0,0,0,0,0,0,0,0,0,0,,0,,,5,18,0,0,0,0,-0.377376462914981,0,55,83,622,2,0,0,461,382,27,14.2263332833578,1,1.34924078091106,0.152293577981651,0.0836053681537904,0.28696412468013,0,78.0,133.0
2016,REG,00-0032012,I.Fruechte,Isaac Fruechte,WR,WR,"https://static.www.nfl.com/image/private/f_auto,q_auto/league/jaubstkepqccrcqzyfew",1,MIN,0,0,0,0,0,0,0,0,0,0,0,0,,0,,,0,0,0,0,0,0,,0,0,1,0,0,0,0,35,0,0,-0.422986433841288,0,0.0,0.0294117647058824,0.182291666666667,0.17172181372549,0,0.0,0.0
2016,REG,00-0032048,M.Brown,Mack Brown,RB,RB,"https://static.www.nfl.com/image/private/f_auto,q_auto/league/fjzfchsmhpgl1uqiknek",1,WAS,0,0,0,0,0,0,0,0,0,0,0,0,,0,,,8,82,1,0,0,1,4.99877088732319,0,1,1,-2,0,0,0,-3,1,0,-0.809148782980628,0,0.666666666666667,0.0384615384615385,-0.009009009009009,0.0513860013860014,0,14.0,15.0
2016,REG,00-0032054,B.Perriman,Breshad Perriman,WR,WR,"https://static.www.nfl.com/image/private/f_auto,q_auto/league/zpwov1n42bi5lsqdlxhh",15,BAL,0,0,0,0,0,0,0,0,0,0,0,0,,0,,,1,2,0,0,0,0,-0.237466878723353,0,33,66,499,3,0,0,944,166,19,-4.11978896383603,0,0.528601694915254,0.104761904761905,0.202575107296137,0.298945432250153,0,68.1,101.1
2016,REG,00-0032055,D.Funchess,Devin Funchess,TE,TE,"https://static.www.nfl.com/image/private/f_auto,q_auto/league/j0q0lmao9tg0rbviax6z",14,CAR,0,0,0,0,0,0,0,0,0,0,0,0,,0,,,0,0,0,0,0,0,,0,23,58,371,4,0,0,770,103,20,7.23844857490138,1,0.481818181818182,0.117408906882591,0.152234084618426,0.282677219556785,0,63.1,86.1
2016,REG,00-0032058,T.Coleman,Tevin Coleman,RB,RB,"https://static.www.nfl.com/image/private/f_auto,q_auto/league/wiu4r7bvhcafs9vamqc",13,ATL,0,0,0,0,0,0,0,0,0,0,0,0,,0,,,118,520,8,1,0,24,1.40968961500606,0,31,40,421,3,0,0,104,359,16,23.5080720748999,0,4.04807692307692,0.0930232558139535,0.0289693593314763,0.159813435252964,0,160.1,191.1
2016,REG,00-0032062,B.Bell,Blake Bell,TE,TE,"https://static.www.nfl.com/image/private/f_auto,q_auto/league/eqrmmjto8koqqc9j2kjj",6,SF,0,0,0,0,0,0,0,0,0,0,0,0,,0,,,0,0,0,0,0,0,,0,4,9,85,0,0,0,108,31,2,2.63046321657021,0,0.787037037037037,0.0459183673469388,0.0681388012618297,0.116574711903689,0,8.5,12.5
2016,REG,00-0032063,M.Davis,Mike Davis,RB,RB,"https://static.www.nfl.com/image/private/f_auto,q_auto/league/csrqinegeyunycijua2q",6,SF,0,0,0,0,0,0,0,0,0,0,0,0,,0,,,19,50,1,1,1,4,-10.4254173639929,0,3,5,25,0,0,0,13,15,1,-0.0689351783948951,0,1.92307692307692,0.0485436893203884,0.0144766146993319,0.0829491642701148,0,11.5,14.5
2016,REG,00-0032064,D.Smelter,DeAndre Smelter,WR,WR,"https://static.www.nfl.com/image/private/f_auto,q_auto/league/vljfatuqlqxm84sxpsha",1,SF,0,0,0,0,0,0,0,0,0,0,0,0,,0,,,0,0,0,0,0,0,,0,1,1,23,0,0,0,13,10,1,1.4092567123007,0,1.76923076923077,0.0454545454545455,0.0828025477707006,0.126143601621309,0,2.3,3.3
2016,REG,00-0032068,M.Johnson,Malcolm Johnson,RB,RB,"https://static.www.nfl.com/image/private/f_auto,q_auto/league/n1vppalhmz7ekonqtmiq",5,CLE,0,0,0,0,0,0,0,0,0,0,0,0,,0,,,1,2,0,1,1,0,-4.86698766984046,0,5,7,44,0,0,0,-1,53,2,1.3571027215803,0,-44.0,0.0416666666666667,-0.0008077544426494,0.0619345718901454,0,2.6,7.6
2016,REG,00-0032070,D.Lewis,Dezmin Lewis,WR,WR,"https://static.www.nfl.com/image/private/f_auto,q_auto/league/jrszu3si4lwrltbsyi4x",1,BUF,0,0,0,0,0,0,0,0,0,0,0,0,,0,,,0,0,0,0,0,0,,0,0,1,0,0,0,0,11,0,0,-0.063913412974216,0,0.0,0.0285714285714286,0.0331325301204819,0.0660499139414802,0,0.0,0.0
2016,REG,00-0032098,D.Brown,Daniel Brown,TE,TE,"https://static.www.nfl.com/image/private/f_auto,q_auto/league/fnhg5hbp5sjn3uuanqua",6,CHI,0,0,0,0,0,0,0,0,0,0,0,0,,0,,,0,0,0,0,0,0,,0,16,20,124,1,0,0,133,45,8,7.10771790929721,0,0.932330827067669,0.0966183574879227,0.0630331753554502,0.189050758980699,0,18.4,34.4
2016,REG,00-0032104,A.Abdullah,Ameer Abdullah,RB,RB,"https://static.www.nfl.com/image/private/f_auto,q_auto/league/cvjebibvlvv8bclqyc8a",2,DET,0,0,0,0,0,0,0,0,0,0,0,0,,0,,,18,101,0,0,0,6,1.29412252019392,0,5,5,57,1,0,0,3,54,4,6.63496054918505,0,19.0,0.135135135135135,0.0157068062827225,0.213697467100608,0,21.8,26.8
2016,REG,00-0032112,J.Nelson,J.J. Nelson,WR,WR,"https://static.www.nfl.com/image/private/f_auto,q_auto/league/rdpp1eiaqse92yvujbs0",14,ARI,0,0,0,0,0,0,0,0,0,0,0,0,,0,,,4,83,1,0,0,3,6.38817357667722,0,34,74,568,6,1,1,1249,174,26,18.9490577560969,0,0.454763811048839,0.134057971014493,0.239363740896895,0.368641575149566,0,105.1,139.1
2016,REG,00-0032117,N.O'Leary,Nick O'Leary,TE,TE,"https://static.www.nfl.com/image/private/f_auto,q_auto/league/f5411hjmqqxoa27quwfz",10,BUF,0,0,0,0,0,0,0,0,0,0,0,0,,0,,,0,0,0,0,0,0,,0,9,14,114,0,0,0,129,43,5,5.02498989755986,1,0.883720930232558,0.0505415162454874,0.0493119266055046,0.110330622992084,0,13.4,22.4
2016,REG,00-0032120,N.Sterling,Neal Sterling,TE,TE,"https://static.www.nfl.com/image/private/f_auto,q_auto/league/zeft21ybfc5pjye3lmq2",5,JAX,0,0,0,0,0,0,0,0,0,0,0,0,,0,,,0,0,0,0,0,0,,0,12,16,110,0,0,0,125,48,6,7.46936422213912,0,0.88,0.096969696969697,0.0978856695379796,0.213974514131131,0,11.0,23.0
2016,REG,00-0032128,C.Conley,Chris Conley,WR,WR,"https://static.www.nfl.com/image/private/f_auto,q_auto/league/wddhtkz5tmo47x5s3qnq",16,KC,0,0,0,0,0,0,0,0,0,0,0,0,,0,,,0,0,0,0,0,0,,0,44,69,530,0,1,0,657,167,30,15.6452530496923,0,0.806697108066971,0.128731343283582,0.178970307818033,0.318376230397996,0,53.0,97.0
2016,REG,00-0032130,J.Fowler,Jalston Fowler,FB,RB,"https://static.www.nfl.com/image/private/f_auto,q_auto/league/vzwokuiytin3pfyp1icy",3,TEN,0,0,0,0,0,0,0,0,0,0,0,0,,0,,,1,3,0,0,0,0,0.133814755128697,0,1,2,14,0,0,0,7,15,1,0.478447578381747,0,2.0,0.0377358490566038,0.0127504553734062,0.06552909234629,0,1.7,2.7
2016,REG,00-0032134,C.Uzomah,C.J. Uzomah,TE,TE,"https://static.www.nfl.com/image/private/f_auto,q_auto/league/hnkflpl5pzbfbdvtcv1c",8,CIN,0,0,0,0,0,0,0,0,0,0,0,0,,0,,,0,0,0,0,0,0,,0,25,38,234,1,0,0,267,95,14,2.77562104438729,0,0.876404494382023,0.136200716845878,0.126840855106888,0.293089673843639,0,29.4,54.4
2016,REG,00-0032135,J.James,Jesse James,TE,TE,"https://static.www.nfl.com/image/private/f_auto,q_auto/league/rgk9zqdx9lmbcblem3xn",16,PIT,0,0,0,0,0,0,0,0,0,0,0,0,,0,,,0,0,0,0,0,0,,0,39,60,338,3,0,0,394,129,20,-2.9216630796995,0,0.857868020304569,0.101694915254237,0.0762679055361982,0.205929906756695,0,51.8,90.8
2016,REG,00-0032139,B.Koyack,Ben Koyack,TE,TE,"https://static.www.nfl.com/image/private/f_auto,q_auto/league/hg1fdty7xbpwztueey8j",9,JAX,0,0,0,0,0,0,0,0,0,0,0,0,,0,,,0,0,0,0,0,0,,0,19,24,161,1,0,0,152,45,10,6.87318016099744,0,1.05921052631579,0.0689655172413793,0.0544412607449857,0.141557158383559,0,22.1,41.1
2016,REG,00-0032141,G.Swaim,Geoff Swaim,TE,TE,"https://static.www.nfl.com/image/upload/f_auto,q_auto/league/hx9yaocl4a6owbwaqajy",6,DAL,0,0,0,0,0,0,0,0,0,0,0,0,,0,,,0,0,0,0,0,0,,0,6,8,69,0,0,0,23,50,3,7.81195321673295,0,3.0,0.0423280423280423,0.0156569094622192,0.0744519001156169,0,6.9,12.9
2016,REG,00-0032144,M.Gordon,Melvin Gordon,RB,RB,"https://static.www.nfl.com/image/private/f_auto,q_auto/league/i4g8x7yotpgszlyanow0",13,LAC,0,0,0,0,0,0,0,0,0,0,0,0,,0,,,254,997,10,2,2,61,-20.9699019515881,0,41,57,419,2,0,0,30,411,21,15.4237258891682,0,13.9666666666667,0.136363636363636,0.008114687584528,0.210225735854624,0,209.6,250.6
2016,REG,00-0032156,T.Siemian,Trevor Siemian,QB,QB,"https://static.www.nfl.com/image/private/f_auto,q_auto/league/vmksfbms9zefxezf39sb",14,DEN,289,486,3401,18,10,31,187,3,2,4086,1411,155,15.8965962716265,1,0.832354380812531,0.0656437670043901,28,57,0,1,0,6,-4.39792139421496,0,0,0,0,0,0,0,0,0,0,,0,,,,,0,191.74,191.74
2016,REG,00-0032160,T.Williams,Tyrell Williams,WR,WR,"https://static.www.nfl.com/image/private/f_auto,q_auto/league/qixhze7yidydtc1vyeih",16,LAC,0,0,0,0,0,0,0,0,0,0,0,0,,0,,,0,0,0,0,0,0,,0,69,119,1059,7,0,0,1363,433,48,20.3835563736043,0,0.776962582538518,0.210992907801418,0.281088884306043,0.513251580716357,0,147.9,216.9
2016,REG,00-0032166,S.Coates,Sammie Coates,WR,WR,"https://static.www.nfl.com/image/private/f_auto,q_auto/league/qtqofzkmblah8ycd4687",11,PIT,0,0,0,0,0,0,0,0,0,0,0,0,,0,,,4,14,0,0,0,1,0.296380116895307,0,21,49,435,2,0,0,1018,109,16,5.55725738656474,0,0.427308447937132,0.116666666666667,0.263525757183536,0.359468030028475,0,56.9,77.9
2016,REG,00-0032170,R.Greene,Rashad Greene,WR,WR,"https://static.www.nfl.com/image/private/f_auto,q_auto/league/xte6opvwocivpjpjplzp",4,JAX,0,0,0,0,0,0,0,0,0,0,0,0,,0,,,0,0,0,0,0,0,,0,5,8,32,0,0,0,59,17,1,-6.50743547664024,0,0.542372881355932,0.0487804878048781,0.0450381679389313,0.104697449264569,0,3.2,8.2
2016,REG,00-0032187,D.Johnson,David Johnson,RB,RB,"https://static.www.nfl.com/image/private/f_auto,q_auto/league/y7dtsyyjnoafefkbylbb",16,ARI,0,0,0,0,0,0,0,0,0,0,0,0,,0,,,293,1239,16,5,3,72,-18.8260801977143,0,80,120,879,4,0,0,529,661,42,22.3131343948985,1,1.66162570888469,0.188679245283019,0.0859463850528026,0.34318133746149,0,327.8,407.8
2016,REG,00-0032190,G.Christian,Gerald Christian,TE,TE,"https://static.www.nfl.com/image/private/f_auto,q_auto/league/vos6ydzcbbhbw6rawz7d",1,BUF,0,0,0,0,0,0,0,0,0,0,0,0,,0,,,0,0,0,0,0,0,,0,1,2,14,0,0,0,22,10,1,0.788441101554781,0,0.636363636363636,0.0571428571428571,0.0662650602409639,0.13209982788296,0,1.4,2.4
2016,REG,00-0032196,J.Fisher,Jake Fisher,OT,OL,"https://static.www.nfl.com/image/private/f_auto,q_auto/league/f23vwxf4i4ftskhycarb",1,CIN,0,0,0,0,0,0,0,0,0,0,0,0,,0,,,0,0,0,0,0,0,,0,1,1,12,0,1,1,2,10,0,-5.19129345123656,0,6.0,0.0344827586206897,0.0076335877862595,0.0570676493814162,0,-0.8,0.2
2016,REG,00-0032200,T.Montgomery,Ty Montgomery,WR,WR,"https://static.www.nfl.com/image/private/f_auto,q_auto/league/eagn4fvhnc9cp3wxeqoz",13,GB,0,0,0,0,0,0,0,0,0,0,0,0,,0,,,77,457,3,1,1,20,1.63307862565853,0,44,56,348,0,1,0,68,323,19,3.07707305014361,0,5.11764705882353,0.127562642369021,0.0188626907073509,0.204547847048676,0,96.5,140.5
2016,REG,00-0032208,P.Dorsett,Phillip Dorsett,WR,WR,"https://static.www.nfl.com/image/private/f_auto,q_auto/league/g69i8oxbeeqpjz5kvoqo",15,IND,0,0,0,0,0,0,0,0,0,0,0,0,,0,,,2,10,0,0,0,0,0.706646034319419,0,33,59,528,2,1,0,762,150,20,5.39696908958701,0,0.692913385826772,0.110902255639098,0.170698924731183,0.285842630770475,0,65.8,98.8
2016,REG,00-0032209,T.Yeldon,T.J. Yeldon,RB,RB,"https://static.www.nfl.com/image/private/f_auto,q_auto/league/ktxkn2ltkmqfb5ugunt4",15,JAX,0,0,0,0,0,0,0,0,0,0,0,0,,0,,,130,465,1,2,1,21,-23.8115432520863,0,50,68,312,1,0,0,12,346,16,-10.0045310062369,0,26.0,0.124770642201835,0.0026572187776793,0.189016016447128,0,87.7,137.7
2016,REG,00-0032211,T.Lockett,Tyler Lockett,WR,WR,"https://static.www.nfl.com/image/private/f_auto,q_auto/league/f9wttnkcqc2scahf9oth",14,SEA,0,0,0,0,0,0,0,0,0,0,0,0,,0,,,6,114,1,0,0,4,7.77081571513554,0,41,66,597,1,0,0,698,216,22,17.9972037876394,0,0.855300859598854,0.137214137214137,0.169623329283111,0.324557536319383,0,83.1,124.1
2016,REG,00-0032214,T.Kroft,Tyler Kroft,TE,TE,"https://static.www.nfl.com/image/private/f_auto,q_auto/league/ztko1uhl01ebiutefibj",6,CIN,0,0,0,0,0,0,0,0,0,0,0,0,,0,,,0,0,0,0,0,0,,0,10,12,92,0,0,0,92,31,3,0.640231024066452,0,1.0,0.0545454545454545,0.0452755905511811,0.113511095204009,0,9.2,19.2
2016,REG,00-0032218,,Dorial Green-Beckham,WR,WR,"https://static.www.nfl.com/image/private/f_auto,q_auto/league/jyrzrpb37ybd9feblt3m",14,PHI,0,0,0,0,0,0,0,0,0,0,0,0,,0,,,0,0,0,0,0,0,,0,36,74,392,2,0,0,735,145,25,11.7525933628461,0,0.533333333333333,0.14176245210728,0.185372005044136,0.342404081691815,0,51.2,87.2
2016,REG,00-0032227,J.Heuerman,Jeff Heuerman,TE,TE,"https://static.www.nfl.com/image/private/f_auto,q_auto/league/u3cggxnuwxem6rnkwzvg",6,DEN,0,0,0,0,0,0,0,0,0,0,0,0,,0,,,0,0,0,0,0,0,,0,9,17,141,0,0,0,144,68,7,5.1923398278608,0,0.979166666666667,0.0825242718446602,0.0781758957654723,0.178509534802821,0,14.1,23.1
2016,REG,00-0032241,T.Gurley,Todd Gurley,RB,RB,"https://static.www.nfl.com/image/private/f_auto,q_auto/league/ym7oprwel3dxbab0k7x9",16,LA,0,0,0,0,0,0,0,0,0,0,0,0,,0,,,278,885,6,2,1,48,-53.2562773770769,0,43,58,327,0,0,0,58,348,15,-11.0646348204197,0,5.63793103448276,0.109433962264151,0.015096304008329,0.174718356202057,0,155.2,198.2
2016,REG,00-0032245,S.Mannion,Sean Mannion,QB,QB,"https://static.www.nfl.com/image/private/f_auto,q_auto/league/lcuc7hhiijmt8xtitm77",1,LA,3,6,19,0,1,0,0,0,0,6,14,1,-12.6102968383348,0,3.16666666666667,-0.0978956341099877,1,-1,0,1,0,0,-0.089809276163578,0,0,0,0,0,0,0,0,0,0,,0,,,,,0,-1.34,-1.34
2016,REG,00-0032250,K.Williams,Kasen Williams,WR,WR,"https://static.www.nfl.com/image/private/f_auto,q_auto/league/wclsdffaruwekvlwbmx3",1,SEA,0,0,0,0,0,0,0,0,0,0,0,0,,0,,,0,0,0,0,0,0,,0,0,1,0,0,0,0,10,0,0,-0.441708821570501,0,0.0,0.027027027027027,0.0290697674418605,0.0608893777498429,0,0.0,0.0
2016,REG,00-0032256,C.Walford,Clive Walford,TE,TE,"https://static.www.nfl.com/image/private/f_auto,q_auto/league/fjs40pz6ry6p7jqzckeg",15,LV,0,0,0,0,0,0,0,0,0,0,0,0,,0,,,0,0,0,0,0,0,,0,33,52,359,3,0,0,422,116,19,9.91627291423487,0,0.850710900473934,0.0945454545454546,0.100023702299123,0.211834773427568,0,53.9,86.9
2016,REG,00-0032257,D.Johnson,Duke Johnson,RB,RB,"https://static.www.nfl.com/image/private/f_auto,q_auto/league/hf7lxjjesduggqdfktsg",16,CLE,0,1,0,0,0,0,0,0,0,38,0,0,-0.492360567906871,0,0.0,,73,358,1,1,1,17,-12.0905928845168,0,53,74,514,0,1,0,145,426,24,1.20560621488372,0,3.5448275862069,0.142857142857143,0.0335803612783696,0.237791967180573,0,91.2,144.2
2016,REG,00-0032268,M.Mariota,Marcus Mariota,QB,QB,"https://static.www.nfl.com/image/private/f_auto,q_auto/league/dpbdwpmpd9vht8hzqqq6",15,TEN,276,451,3426,26,9,23,156,2,2,4344,1258,158,60.9295782014681,0,0.788674033149171,0.115919427220793,60,349,2,6,3,19,-1.49003845692951,0,0,1,0,0,0,0,18,0,0,-0.45253948844038,0,0.0,0.05,0.0861244019138756,0.135287081339713,0,259.94,259.94
2016,REG,00-0032298,B.Hill,Bronson Hill,RB,RB,"https://static.www.nfl.com/image/private/f_auto,q_auto/league/plws0l63xcalmdkv9wwb",1,JAX,0,0,0,0,0,0,0,0,0,0,0,0,,0,,,2,11,0,0,0,0,0.407704273238778,0,0,1,0,0,0,0,0,0,0,-0.584802675526589,0,,0.0256410256410256,,,0,1.1,1.1
2016,REG,00-0032319,R.Travis,Ross Travis,TE,TE,"https://static.www.nfl.com/image/private/f_auto,q_auto/league/pqolizpud8fnjlh1s44h",4,KC,0,0,0,0,0,0,0,0,0,0,0,0,,0,,,0,0,0,0,0,0,,0,3,6,15,0,0,0,14,15,1,-5.03468096759362,0,1.07142857142857,0.0363636363636364,0.0158910329171396,0.0656691775874523,0,1.5,4.5
2016,REG,00-0032355,C.Rogers,Chester Rogers,WR,WR,"https://static.www.nfl.com/image/private/f_auto,q_auto/league/lkszsifhpwtjpvjvlxw5",10,IND,0,0,0,0,0,0,0,0,0,0,0,0,,0,,,0,0,0,0,0,0,,0,19,34,273,0,1,0,397,51,13,0.912622927294537,0,0.687657430730479,0.0921409214092141,0.142293906810036,0.237817116880846,0,27.3,46.3
2016,REG,00-0032362,M.Harris,Maurice Harris,WR,WR,"https://static.www.nfl.com/image/private/f_auto,q_auto/league/w31fw8vgazrlgvyp2szu",7,WAS,0,0,0,0,0,0,0,0,0,0,0,0,,0,,,0,0,0,0,0,0,,0,8,12,66,0,0,0,105,10,4,-1.01129817269975,0,0.628571428571429,0.0451127819548872,0.0417661097852029,0.0969054497819728,0,6.6,14.6
2016,REG,00-0032365,D.Ayers,DeMarcus Ayers,WR,WR,"https://static.www.nfl.com/image/private/f_auto,q_auto/league/besy2ulrjawkla5nfoqt",2,PIT,0,0,0,0,0,0,0,0,0,0,0,0,,0,,,2,-12,0,0,0,0,-2.54723106068559,0,6,13,53,1,0,0,132,28,3,3.82327471254393,0,0.401515151515151,0.194029850746269,0.210526315789474,0.438413197172035,0,10.1,16.1
2016,REG,00-0032371,R.Kelley,Rob Kelley,RB,RB,"https://static.www.nfl.com/image/private/f_auto,q_auto/league/xh5lyubvptmxmccydl73",14,WAS,0,0,0,0,0,0,0,0,0,0,0,0,,0,,,168,704,6,0,0,29,-7.03987572524056,0,12,18,82,1,0,0,15,78,6,-0.763021354097873,0,5.46666666666667,0.0530973451327434,0.0057714505579068,0.0836860330896499,0,120.6,132.6
2016,REG,00-0032375,J.Kerridge,Joe Kerridge,FB,RB,"https://static.www.nfl.com/image/private/f_auto,q_auto/league/jq2lqxdjddotlgnpvpyu",1,GB,0,0,0,0,0,0,0,0,0,0,0,0,,0,,,1,0,0,0,0,0,-0.764188050408848,0,0,0,0,0,0,0,0,0,0,,0,,,,,0,0.0,0.0
2016,REG,00-0032377,J.Ferguson,Josh Ferguson,RB,RB,"https://static.www.nfl.com/image/private/f_auto,q_auto/league/htmbqglun1ydytcfrltb",8,IND,0,0,0,0,0,0,0,0,0,0,0,0,,0,,,15,20,0,0,0,0,-12.9183810491231,0,20,25,136,0,0,0,-23,162,5,-0.433237203794976,0,-5.91304347826087,0.107758620689655,-0.0142238713667285,0.151681221077773,0,15.6,35.6
2016,REG,00-0032385,S.Shepard,Sterling Shepard,WR,WR,"https://static.www.nfl.com/image/private/f_auto,q_auto/league/qbsz1nkk6lnudmcwimer",16,NYG,0,0,0,0,0,0,0,0,0,0,0,0,,0,,,3,31,0,0,0,1,1.4385669620824,0,65,105,683,8,0,0,972,257,42,21.2690351060544,0,0.702674897119342,0.184210526315789,0.224118053954346,0.433198427241727,0,119.4,184.4
2016,REG,00-0032392,A.Hooper,Austin Hooper,TE,TE,"https://static.www.nfl.com/image/private/f_auto,q_auto/league/jp2z8s6pcanbitupycwc",11,ATL,0,0,0,0,0,0,0,0,0,0,0,0,,0,,,0,0,0,0,0,0,,0,19,27,271,3,0,0,275,66,16,19.2762196980212,0,0.985454545454546,0.0758426966292135,0.0878313637815394,0.175245999590898,0,45.1,64.1
2016,REG,00-0032393,C.Prosise,C.J. Prosise,RB,RB,"https://static.www.nfl.com/image/private/f_auto,q_auto/league/rcutby5hu0vtijh6adle",6,SEA,0,0,0,0,0,0,0,0,0,0,0,0,,0,,,30,172,1,0,0,3,1.84589048859198,0,17,19,208,0,0,0,112,111,8,11.7080924684415,0,1.85714285714286,0.095,0.0796586059743954,0.198261024182077,0,44.0,61.0
2016,REG,00-0032394,N.Vannett,Nick Vannett,TE,TE,"https://static.www.nfl.com/image/private/f_auto,q_auto/league/cccwwxb6tvsfhm3ylqul",3,SEA,0,0,0,0,0,0,0,0,0,0,0,0,,0,,,0,0,0,0,0,0,,0,3,4,32,0,0,0,26,12,1,-0.415409203439998,0,1.23076923076923,0.0377358490566038,0.0354706684856753,0.0814332415248784,0,3.2,6.2
2016,REG,00-0032398,C.Moore,Chris Moore,WR,WR,"https://static.www.nfl.com/image/private/f_auto,q_auto/league/tov68mj1pddkbfsfuajn",9,BAL,0,0,0,0,0,0,0,0,0,0,0,0,,0,,,3,19,0,0,0,1,1.13717000815086,0,7,16,46,0,0,0,143,14,2,-6.27801657374948,0,0.321678321678322,0.0516129032258065,0.0594347464671654,0.119023677365725,1,12.5,19.5
2016,REG,00-0032400,M.Mitchell,Malcolm Mitchell,WR,WR,"https://static.www.nfl.com/image/private/f_auto,q_auto/league/sjife00xnfgyraovwpm6",12,NE,0,0,0,0,0,0,0,0,0,0,0,0,,0,,,0,0,0,0,0,0,,0,32,48,401,4,0,0,498,167,23,23.967641862621,0,0.805220883534137,0.115107913669065,0.150863374734929,0.278266232818047,0,64.1,96.1
2016,REG,00-0032404,T.Ervin,Tyler Ervin,RB,RB,"https://static.www.nfl.com/image/private/f_auto,q_auto/league/tqevofjpvkvuvpdaoggm",3,HOU,0,0,0,0,0,0,0,0,0,0,0,0,,0,,,1,3,0,0,0,0,-0.219396261498332,0,3,5,18,0,0,0,37,6,0,-0.823896259960511,0,0.486486486486487,0.0434782608695652,0.0340386384544618,0.0890444382224711,0,2.1,5.1
2016,REG,00-0032407,A.Lewis,Alex Lewis,T,OL,"https://static.www.nfl.com/image/private/f_auto,q_auto/league/xcschircj5zisrx1mem0",1,BAL,0,0,0,0,0,0,0,0,0,0,0,0,,0,,,0,0,0,0,0,0,,0,0,1,0,0,0,0,-5,0,0,-1.6336587042897,0,0.0,0.0204081632653061,-0.0167224080267559,0.0189065592792301,0,0.0,0.0
2016,REG,00-0032411,K.Dixon,Kenneth Dixon,RB,RB,"https://static.www.nfl.com/image/private/f_auto,q_auto/league/gzfijcqkmupkv6ajjruz",12,BAL,0,0,0,0,0,0,0,0,0,0,0,0,,0,,,88,382,2,1,0,26,6.85616760907578,0,30,41,162,1,0,0,-14,186,7,-11.7949601106965,0,-11.5714285714286,0.0823293172690763,-0.0040804430195278,0.120637665789945,0,72.4,102.4
2016,REG,00-0032417,P.Perkins,Paul Perkins,RB,RB,"https://static.www.nfl.com/image/private/f_auto,q_auto/league/bvq9v0mxyltlm9b8lstx",13,NYG,0,0,0,0,0,0,0,0,0,0,0,0,,0,,,112,456,0,1,0,22,-7.05163930775598,0,15,24,162,0,0,0,16,170,6,-1.08959625969874,0,10.125,0.0532150776053215,0.0044555834029518,0.0829415247900485,0,61.8,76.8
2016,REG,00-0032423,T.Davis,Trevor Davis,WR,WR,"https://static.www.nfl.com/image/private/f_auto,q_auto/league/hinncjtjusiowdpefuj6",4,GB,0,0,0,0,0,0,0,0,0,0,0,0,,0,,,0,0,0,0,0,0,,0,3,7,24,1,0,0,63,8,2,1.32337327121058,0,0.380952380952381,0.0457516339869281,0.0470149253731343,0.101537898741586,0,8.4,11.4
2016,REG,00-0032426,A.Collins,Alex Collins,RB,RB,"https://static.www.nfl.com/image/private/f_auto,q_auto/league/ddlhbm7zsi5o69wh6z5o",9,SEA,0,0,0,0,0,0,0,0,0,0,0,0,,0,,,31,125,1,2,1,8,-3.50849650212331,0,11,11,84,0,0,0,3,81,6,6.07082315295702,0,28.0,0.0591397849462366,0.0018148820326678,0.0899800948422224,0,24.9,35.9
2016,REG,00-0032429,J.Adams,Jerell Adams,TE,TE,"https://static.www.nfl.com/image/private/f_auto,q_auto/league/abomoszneuismb64qcgy",9,NYG,0,0,0,0,0,0,0,0,0,0,0,0,,0,,,0,0,0,0,0,0,,0,16,21,122,1,1,0,132,70,8,4.7539001928526,0,0.924242424242424,0.0606936416184971,0.0493827160493827,0.125608363662314,0,18.2,34.2
2016,REG,00-0032430,D.Morgan,David Morgan,TE,TE,"https://static.www.nfl.com/image/private/f_auto,q_auto/league/vvmtt05lja1y2iulrwdp",1,MIN,0,0,0,0,0,0,0,0,0,0,0,0,,0,,,0,0,0,0,0,0,,0,1,1,4,0,0,0,2,2,0,-0.0258923806250095,0,2.0,0.02,0.0055555555555555,0.0338888888888889,0,0.4,1.4
2016,REG,00-0032441,A.Burbridge,Aaron Burbridge,WR,WR,"https://static.www.nfl.com/image/private/f_auto,q_auto/league/bugnmtls6p4dz9boruea",8,SF,0,0,0,0,0,0,0,0,0,0,0,0,,0,,,0,0,0,0,0,0,,0,7,16,88,0,0,0,139,43,5,-1.15084401833544,0,0.633093525179856,0.0634920634920635,0.0677057963955188,0.142632152714958,0,8.8,15.8
2016,REG,00-0032449,L.Edwards,Lachlan Edwards,P,SPEC,"https://static.www.nfl.com/image/private/f_auto,q_auto/league/a5k94hwnr5wayvwnkdbj",1,NYJ,0,0,0,0,0,0,0,0,0,0,0,0,,0,,,1,0,0,1,1,0,-6.25513834506273,0,0,0,0,0,0,0,0,0,0,,0,,,,,0,-2.0,-2.0
2016,REG,00-0032450,D.Washington,Dwayne Washington,RB,RB,"https://static.www.nfl.com/image/private/f_auto,q_auto/league/h1nintlpbk2zyxerjpy4",11,DET,0,0,0,0,0,0,0,0,0,0,0,0,,0,,,90,265,1,0,0,11,-22.0464626002358,0,10,15,62,0,0,0,1,71,5,-1.92242373866611,0,62.0,0.0496688741721854,0.0004347826086956,0.0748076590843651,0,38.7,48.7
2016,REG,00-0032462,T.Boykin,Trevone Boykin,QB,QB,"https://static.www.nfl.com/image/private/f_auto,q_auto/league/nxf2zqb0u0n171qkase5",4,SEA,13,18,145,1,1,1,5,1,0,95,71,8,5.57572021770005,0,1.52631578947368,0.130844340280948,8,1,0,0,0,1,-4.18206000328064,0,0,0,0,0,0,0,0,0,0,,0,,,,,0,7.9,7.9
2016,REG,00-0032464,K.Raymond,Kalif Raymond,WR,WR,"https://static.www.nfl.com/image/private/f_auto,q_auto/league/q2kahfn76dnnb1uxxorv",2,DEN,0,0,0,0,0,0,0,0,0,0,0,0,,0,,,0,0,0,0,0,0,,0,0,2,0,0,0,0,66,0,0,-1.42140687274514,0,0.0,0.0298507462686567,0.114186851211073,0.124706915250736,0,0.0,0.0
2016,REG,00-0032475,T.McEvoy,Tanner McEvoy,WR,WR,"https://static.www.nfl.com/image/private/f_auto,q_auto/league/sllikin2krzlnyo7cdvt",8,SEA,1,1,43,0,0,0,0,0,0,28,15,1,3.3772827613866,0,1.53571428571429,,0,0,0,0,0,0,,0,9,11,140,2,0,0,121,30,7,9.05953786966933,0,1.15702479338843,0.0443548387096774,0.0595765632693255,0.108235852353044,0,27.72,36.72
2016,REG,00-0032482,,Bralon Addison,WR,WR,"https://static.www.nfl.com/image/private/f_auto,q_auto/league/wxrdrscjnwmlz7r60mbq",1,CHI,0,0,0,0,0,0,0,0,0,0,0,0,,0,,,1,4,0,0,0,0,-0.529759977012873,0,1,1,11,0,0,0,3,8,1,0.881908798590303,0,3.66666666666667,0.05,0.0174418604651163,0.0872093023255814,0,1.5,2.5
2016,REG,00-0032508,H.Valles,Hakeem Valles,TE,TE,"https://static.www.nfl.com/image/private/f_auto,q_auto/league/ieiahqsygsyjbwlvl3cy",2,ARI,0,0,0,0,0,0,0,0,0,0,0,0,,0,,,0,0,0,0,0,0,,0,0,2,0,0,0,0,12,0,0,-1.75533357066505,0,0.0,0.0266666666666667,0.014002333722287,0.0498016336056009,0,0.0,0.0
2016,REG,00-0032515,B.Bowman,Braedon Bowman,TE,TE,"https://static.www.nfl.com/image/private/f_auto,q_auto/league/try9qwamh6hm9rfwnzpt",1,NYJ,0,0,0,0,0,0,0,0,0,0,0,0,,0,,,0,0,0,0,0,0,,0,0,1,0,0,0,0,17,0,0,-0.758882648311555,0,0.0,0.024390243902439,0.0432569974554707,0.0668652640724881,0,0.0,0.0
2016,REG,00-0032523,H.Krieger-Coble,Henry Krieger-Coble,TE,TE,"https://static.www.nfl.com/image/private/f_auto,q_auto/league/lrfveyhfonoyehr4aerg",1,DEN,0,0,0,0,0,0,0,0,0,0,0,0,,0,,,0,0,0,0,0,0,,0,1,1,13,0,0,0,4,9,1,1.10593205783516,0,3.25,0.025,0.0121951219512195,0.0460365853658537,0,1.3,2.3
2016,REG,00-0032543,A.Erickson,Alex Erickson,WR,WR,"https://static.www.nfl.com/image/private/f_auto,q_auto/league/tnd77vbkyo8srrrkaisu",6,CIN,0,0,0,0,0,0,0,0,0,0,0,0,,0,,,0,0,0,0,0,0,,0,6,8,71,0,0,0,85,31,3,5.10209030186525,0,0.835294117647059,0.0334728033472803,0.0503256364712848,0.0854371505508198,0,7.1,13.1
2016,REG,00-0032562,C.Wick,Cole Wick,TE,TE,"https://static.www.nfl.com/image/private/f_auto,q_auto/league/iht2lfaubsm1jhgvi9tu",3,DET,0,0,0,0,0,0,0,0,0,0,0,0,,0,,,0,0,0,0,0,0,,0,2,3,18,0,0,0,49,10,1,0.959017590386793,0,0.36734693877551,0.0265486725663717,0.058472553699284,0.0807537964390563,0,1.8,3.8
2016,REG,00-0032577,D.Foster,D.J. Foster,RB,RB,"https://static.www.nfl.com/image/private/f_auto,q_auto/league/thjquiyzbnepofa1mb94",2,NE,0,0,0,0,0,0,0,0,0,0,0,0,,0,,,7,24,0,0,0,0,-1.37564287980786,0,1,2,2,0,0,0,-2,5,0,-1.06541435304098,0,-1.0,0.0571428571428571,-0.0069686411149825,0.0808362369337979,0,2.6,3.6
2016,REG,00-0032593,B.Wilds,Brandon Wilds,RB,RB,"https://static.www.nfl.com/image/private/f_auto,q_auto/league/pnkbbcmp3qmc3ncxfm7a",3,NYJ,0,0,0,0,0,0,0,0,0,0,0,0,,0,,,10,27,0,0,0,1,-1.50647317420226,0,2,2,20,0,0,0,-3,23,1,0.89934106025612,0,-6.66666666666667,0.0666666666666667,-0.0103448275862069,0.0927586206896552,0,4.7,6.7
2016,REG,00-0032599,J.Perkins,Joshua Perkins,TE,TE,"https://static.www.nfl.com/image/private/f_auto,q_auto/league/xxy4pbngyjfvrlkytvhk",3,ATL,0,0,0,0,0,0,0,0,0,0,0,0,,0,,,0,0,0,0,0,0,,0,3,5,42,1,0,0,64,13,2,3.61784807778895,0,0.65625,0.0555555555555556,0.0677966101694915,0.130790960451977,0,10.2,13.2
2016,REG,00-0032602,J.McKissic,J.D. McKissic,RB,RB,"https://static.www.nfl.com/image/private/f_auto,q_auto/league/zi77vkqwrmklt5ic6lc6",1,SEA,0,0,0,0,0,0,0,0,0,0,0,0,,0,,,1,2,0,0,0,0,-0.471742976922542,0,2,2,16,0,0,0,3,13,0,0.387859854847193,0,5.33333333333333,0.0540540540540541,0.0087209302325581,0.0871857322438718,0,1.8,3.8
2016,REG,00-0032626,G.Allison,Geronimo Allison,WR,WR,"https://static.www.nfl.com/image/private/f_auto,q_auto/league/pngohl9rhrwyiaf7ywnz",7,GB,0,0,0,0,0,0,0,0,0,0,0,0,,0,,,0,0,0,0,0,0,,0,12,22,202,2,0,0,294,50,11,14.1239026972829,0,0.687074829931973,0.0769230769230769,0.113207547169811,0.194629898403483,0,32.2,44.2
2016,REG,00-0032636,,Don Jackson,RB,RB,,3,GB,0,0,0,0,0,0,0,0,0,0,0,0,,0,,,10,32,0,0,0,1,-0.674943079939112,0,0,1,0,0,0,0,10,0,0,-0.739812986459583,0,0.0,0.0178571428571429,0.0321543408360129,0.0492937528709233,0,3.2,3.2
2016,REG,00-0032659,Ro.Lewis,Roger Lewis,WR,WR,"https://static.www.nfl.com/image/private/f_auto,q_auto/league/zcs1ajefa2ioxvjxygvf",9,NYG,0,0,0,0,0,0,0,0,0,0,0,0,,0,,,0,0,0,0,0,0,,0,7,19,97,2,0,0,333,4,4,-7.3654626575224,0,0.291291291291291,0.0533707865168539,0.113226793607616,0.159314935300612,0,21.7,28.7
2016,REG,00-0032661,B.Braunecker,Ben Braunecker,TE,TE,"https://static.www.nfl.com/image/private/f_auto,q_auto/league/rjixl9e7vu8gze8324ne",3,CHI,0,0,0,0,0,0,0,0,0,0,0,0,,0,,,0,0,0,0,0,0,,0,4,6,41,0,0,0,39,7,2,-4.84085653343936,0,1.05128205128205,0.048,0.0296352583586626,0.0927446808510638,0,4.1,8.1
2016,REG,00-0032679,P.McRoberts,Paul McRoberts,WR,WR,"https://static.www.nfl.com/image/private/f_auto,q_auto/league/gjutzoczoduvpvk1hhxi",1,LA,0,0,0,0,0,0,0,0,0,0,0,0,,0,,,0,0,0,0,0,0,,0,1,1,6,0,0,0,6,0,0,-0.33305178489536,0,1.0,0.0357142857142857,0.0530973451327434,0.0907395701643489,0,0.6,1.6
2016,REG,00-0032688,R.Chosen,Robbie Chosen,WR,WR,"https://static.www.nfl.com/image/private/f_auto,q_auto/league/hkcncqfwusv19fah3mbt",14,NYJ,0,0,0,0,0,0,0,0,0,0,0,0,,0,,,3,42,0,0,0,2,2.65239308663877,0,42,78,587,2,1,1,1303,131,18,-8.89255630503276,0,0.450498848810438,0.163179916317992,0.303871268656716,0.457479762536689,0,72.9,114.9
2016,REG,00-0032694,J.Marshall,Jalin Marshall,WR,WR,"https://static.www.nfl.com/image/private/f_auto,q_auto/league/d3ufuqxqdgcaer1chrl7",6,NYJ,0,0,0,0,0,0,0,0,0,0,0,0,,0,,,0,0,0,0,0,0,,0,14,23,162,2,1,1,193,46,9,-5.50682193404839,0,0.839378238341969,0.11219512195122,0.101793248945148,0.239547957188433,0,26.2,40.2
2016,REG,00-0032697,D.Middleton,Doug Middleton,FS,DB,"https://static.www.nfl.com/image/private/f_auto,q_auto/league/ebdy0qoftzuzueczqxzy",1,NYJ,0,0,0,0,0,0,0,0,0,0,0,0,,0,,,0,0,0,0,0,0,,0,0,0,0,0,0,0,0,0,0,,0,,,,,1,6.0,6.0
2016,REG,00-0032724,B.Treggs,Bryce Treggs,WR,WR,"https://static.www.nfl.com/image/private/f_auto,q_auto/league/o0cfgtzur0b0zyar1iir",6,PHI,0,0,0,0,0,0,0,0,0,0,0,0,,0,,,2,7,0,0,0,2,0.98307467601262,0,3,12,80,0,0,0,339,16,3,-3.49841752875363,0,0.235988200589971,0.0621761658031088,0.194269340974212,0.229252787386612,0,8.7,11.7
2016,REG,00-0032725,S.Anderson,Stephen Anderson,TE,TE,"https://static.www.nfl.com/image/private/f_auto,q_auto/league/inufsxftnotmpeot1lh2",9,HOU,0,0,0,0,0,0,0,0,0,0,0,0,,0,,,0,0,0,0,0,0,,0,11,16,93,1,0,0,75,39,6,7.32324840525746,0,1.24,0.0481927710843374,0.0251172136637642,0.089871206191141,0,15.3,26.3
2016,REG,00-0032739,W.Williams,Wendall Williams,WR,WR,"https://static.www.nfl.com/image/private/f_auto,q_auto/league/jdjcwiz5tcwcnxy7j41k",2,HOU,0,0,0,0,0,0,0,0,0,0,0,0,,0,,,0,0,0,0,0,0,,0,4,7,75,0,0,0,99,9,3,1.63163687568158,0,0.757575757575758,0.074468085106383,0.128571428571429,0.201702127659574,0,7.5,11.5
2016,REG,00-0032741,P.Barber,Peyton Barber,RB,RB,"https://static.www.nfl.com/image/private/f_auto,q_auto/league/yjcjcrdiztmfwjgcfbux",9,TB,0,0,0,0,0,0,0,0,0,0,0,0,,0,,,55,223,1,0,0,10,-4.75592152093304,0,5,6,28,0,0,0,19,14,1,1.22195968410233,0,1.47368421052632,0.0789473684210526,0.0485933503836317,0.152436397900121,0,31.1,36.1
2016,REG,00-0032745,A.Cross,Alan Cross,TE,TE,"https://static.www.nfl.com/image/private/f_auto,q_auto/league/flcn8rvasatcy4cuoe1k",9,TB,0,0,0,0,0,0,0,0,0,0,0,0,,0,,,0,0,0,0,0,0,,0,6,10,38,1,0,0,42,11,3,2.51989771105582,0,0.904761904761905,0.0311526479750779,0.0161662817551963,0.0580453691912542,0,9.8,15.8
2016,REG,00-0032760,J.Doctson,Josh Doctson,WR,WR,"https://static.www.nfl.com/image/private/f_auto,q_auto/league/mkq3ycvjnr0ltb0yjczi",2,WAS,0,0,0,0,0,0,0,0,0,0,0,0,,0,,,0,0,0,0,0,0,,0,2,6,66,0,0,0,113,15,1,1.2113741178764,0,0.584070796460177,0.0689655172413793,0.150466045272969,0.208774507553148,0,6.6,8.6
2016,REG,00-0032764,D.Henry,Derrick Henry,RB,RB,"https://static.www.nfl.com/image/private/f_auto,q_auto/league/xpewyoieoj7zeub4fvff",14,TEN,0,0,0,0,0,0,0,0,0,0,0,0,,0,,,110,490,5,0,0,29,-0.293348290608265,0,13,15,137,0,0,0,20,124,6,3.78082139694926,0,6.85,0.0614754098360656,0.0101214574898785,0.0992981349970133,0,92.7,105.7
2016,REG,00-0032765,M.Thomas,Michael Thomas,WR,WR,"https://static.www.nfl.com/image/private/f_auto,q_auto/league/sxldsbuw65hfmkzqhw96",15,NO,0,0,0,0,0,0,0,0,0,0,0,0,,0,,,0,0,0,0,0,0,,0,92,121,1137,9,2,2,961,483,62,27.319729168594,0,1.18314255983351,0.19422150882825,0.216100742073308,0.442602782693691,0,163.7,255.7
2016,REG,00-0032778,T.Sharpe,Tajae Sharpe,WR,WR,"https://static.www.nfl.com/image/private/f_auto,q_auto/league/c8fgfxrl2gmdv8thgw1p",16,TEN,0,0,0,0,0,0,0,0,0,0,0,0,,0,,,1,1,0,0,0,0,-0.440324231341947,0,41,83,522,2,0,0,1089,90,27,5.79726793622831,0,0.479338842975207,0.169387755102041,0.231948881789137,0.416445849905457,0,64.3,105.3
2016,REG,00-0032780,J.Howard,Jordan Howard,RB,RB,"https://static.www.nfl.com/image/private/f_auto,q_auto/league/nbvb6bsrmjupmqrrf1n4",15,CHI,0,0,0,0,0,0,0,0,0,0,0,0,,0,,,252,1313,6,1,1,70,-1.05877639599203,0,29,50,298,1,1,0,56,284,12,7.50432034931146,0,5.32142857142857,0.105708245243129,0.012817578393225,0.167534672739951,0,201.1,230.1
2016,REG,00-0032782,W.Smallwood,Wendell Smallwood,RB,RB,"https://static.www.nfl.com/image/private/f_auto,q_auto/league/r20rhl0c17ql8dtnl5kz",12,PHI,0,0,0,0,0,0,0,0,0,0,0,0,,0,,,77,312,1,1,1,20,-8.59434417310162,0,6,13,55,0,0,0,1,50,1,-6.55169523425866,0,55.0,0.0562770562770563,0.0006868131868131,0.0848963536463537,1,46.7,52.7
2016,REG,00-0032784,K.Hogan,Kevin Hogan,QB,QB,"https://static.www.nfl.com/image/private/f_auto,q_auto/league/cuyxl0uprwddruvea1ma",3,CLE,14,26,104,0,2,2,10,0,0,124,63,6,-7.44585943530547,0,0.838709677419355,0.0311481162649632,8,105,1,0,0,5,6.97384504351066,0,0,0,0,0,0,0,0,0,0,,0,,,,,0,16.66,16.66
2016,REG,00-0032791,J.Grant,Jakeem Grant,WR,WR,"https://static.www.nfl.com/image/private/f_auto,q_auto/league/f2ujcvb61rknhjyxcrsu",3,MIA,0,0,0,0,0,0,0,0,0,0,0,0,,0,,,1,1,0,0,0,0,-0.596835388569161,0,0,1,0,0,0,0,-3,0,0,-0.665150800719857,0,0.0,0.0344827586206897,-0.0186335403726708,0.0386806596701649,1,6.1,6.1
2016,REG,00-0032794,D.Vitale,Dan Vitale,FB,RB,"https://static.www.nfl.com/image/private/f_auto,q_auto/league/x9z1hqodjhb8dio4dr1w",5,CLE,0,0,0,0,0,0,0,0,0,0,0,0,,0,,,0,0,0,0,0,0,,0,4,5,27,0,0,0,-6,33,2,-0.523479333118303,0,-4.5,0.0301204819277108,-0.0069284064665127,0.0403308383650074,0,2.7,6.7
2016,REG,00-0032795,C.Core,Cody Core,WR,WR,"https://static.www.nfl.com/image/private/f_auto,q_auto/league/aan5zyvrcyn0wfeh2xdi",6,CIN,0,0,0,0,0,0,0,0,0,0,0,0,,0,,,0,0,0,0,0,0,,0,17,27,200,0,0,0,195,118,7,1.19402948839706,0,1.02564102564103,0.139896373056995,0.146948003014318,0.312708161695515,0,20.0,37.0
2016,REG,00-0032801,D.Braverman,Daniel Braverman,WR,WR,"https://static.www.nfl.com/image/private/f_auto,q_auto/league/qwll2f0hngeluwrxr0gl",2,CHI,0,0,0,0,0,0,0,0,0,0,0,0,,0,,,0,0,0,0,0,0,,0,0,2,0,0,0,0,22,0,0,-5.79052251833491,0,0.0,0.0266666666666667,0.0437375745526839,0.0706163021868787,0,0.0,0.0
2016,REG,00-0032804,D.Lasco,Daniel Lasco,RB,RB,"https://static.www.nfl.com/image/private/f_auto,q_auto/league/bqwslkxtdxyq5cihdvas",3,NO,0,0,0,0,0,0,0,0,0,0,0,0,,0,,,11,32,0,0,0,1,-2.22546100069303,0,2,4,11,0,0,0,0,13,0,-1.2474960165564,0,0.0,0.0476190476190476,0.0,0.0714285714285714,0,4.3,6.3
2016,REG,00-0032841,P.Turner,Paul Turner,WR,WR,"https://static.www.nfl.com/image/private/f_auto,q_auto/league/wgyx2hl1v4lgcyxrepqz",3,PHI,0,0,0,0,0,0,0,0,0,0,0,0,,0,,,0,0,0,0,0,0,,0,9,14,126,0,0,0,140,52,6,4.71705249312799,0,0.9,0.0939597315436242,0.12962962962963,0.231680338056177,0,12.6,21.6
2016,REG,00-0032844,,Brandon Burks,RB,RB,"https://static.www.nfl.com/image/private/f_auto,q_auto/league/wlizjeb1gickkrsrz8r8",1,NYJ,0,0,0,0,0,0,0,0,0,0,0,0,,0,,,2,-4,0,0,0,0,-2.02214143367019,0,0,0,0,0,0,0,0,0,0,,0,,,,,0,-0.4,-0.4
2016,REG,00-0032864,A.Ellis,Alex Ellis,TE,TE,"https://static.www.nfl.com/image/private/f_auto,q_auto/league/cnnffo0p74ph8slvtasw",3,JAX,0,0,0,0,0,0,0,0,0,0,0,0,,0,,,0,0,0,0,0,0,,0,3,4,11,0,0,0,11,4,0,-1.62763235979946,0,1.0,0.0384615384615385,0.0177705977382876,0.070131726109109,0,1.1,4.1
2016,REG,00-0032881,T.Lewis,Tommylee Lewis,WR,WR,"https://static.www.nfl.com/image/private/f_auto,q_auto/league/qvf3ud6rgqusejdd4f5u",5,NO,0,0,0,0,0,0,0,0,0,0,0,0,,0,,,3,11,0,0,0,1,-0.504113073053304,0,7,11,76,0,0,0,76,20,4,-0.681329148705117,0,1.0,0.0506912442396313,0.0563380281690141,0.115473486077757,0,8.7,15.7
2016,REG,00-0032893,C.Cook,Connor Cook,QB,QB,,1,LV,14,21,150,1,1,2,7,2,1,131,86,6,-12.1680683414452,0,1.14503816793893,0.0292275585997587,0,0,0,0,0,0,,0,0,0,0,0,0,0,0,0,0,,0,,,,,0,6.0,6.0
2016,REG,00-0032896,D.Kaser,Drew Kaser,P,SPEC,"https://static.www.nfl.com/image/private/f_auto,q_auto/league/eatoldmtetuqe0shydah",1,LAC,0,0,0,0,0,0,0,0,0,0,0,0,,0,,,1,0,0,1,0,0,-4.12424171582097,0,0,0,0,0,0,0,0,0,0,,0,,,,,0,0.0,0.0
2016,REG,00-0032897,D.Watt,Derek Watt,FB,RB,"https://static.www.nfl.com/image/private/f_auto,q_auto/league/jrhk6npb7u3tmgzt7rwn",6,LAC,0,0,0,0,0,0,0,0,0,0,0,0,,0,,,2,4,0,0,0,2,1.01687232230324,0,4,4,83,0,0,0,21,62,2,6.69134410226252,0,3.95238095238095,0.0258064516129032,0.0204479065238559,0.053023211986054,0,8.7,12.7
2016,REG,00-0032902,K.Farrow,Kenneth Farrow,RB,RB,"https://static.www.nfl.com/image/private/f_auto,q_auto/league/xcdjk9e3ikf4gnxzvx1p",10,LAC,0,0,0,0,0,0,0,0,0,0,0,0,,0,,,60,192,0,1,1,10,-11.6550423907465,0,13,16,70,0,1,0,-14,81,2,-0.701993086180045,0,-5.0,0.0958083832335329,-0.0104166666666667,0.136420908183633,0,24.2,37.2
2016,REG,00-0032935,J.Holton,Johnny Holton,WR,WR,"https://static.www.nfl.com/image/private/f_auto,q_auto/league/has0upkyuzqewhty3pb2",6,LV,0,0,0,0,0,0,0,0,0,0,0,0,,0,,,6,43,0,1,1,2,-4.24722458387259,0,2,3,34,0,0,0,35,14,2,2.66552109876648,0,0.971428571428571,0.0260869565217391,0.0463576158940397,0.0715807659084365,0,5.7,7.7
2016,REG,00-0032940,D.Washington,DeAndre Washington,RB,RB,"https://static.www.nfl.com/image/private/f_auto,q_auto/league/r89dcprs99qahleja3mz",13,LV,0,0,0,0,0,0,0,0,0,0,0,0,,0,,,87,467,2,1,1,19,0.102274703036528,0,17,23,115,0,0,0,6,115,4,-9.07482770735705,0,19.1666666666667,0.0551558752997602,0.002079002079002,0.0841891144049417,0,68.2,85.2
2016,REG,00-0032943,R.Dixon,Riley Dixon,P,SPEC,"https://static.www.nfl.com/image/private/f_auto,q_auto/league/qummyltudg8zskn0si4v",1,DEN,1,1,16,0,0,0,0,0,0,10,6,1,3.53055673465133,0,1.6,,0,0,0,0,0,0,,0,0,0,0,0,0,0,0,0,0,,0,,,,,0,0.64,0.64
2016,REG,00-0032950,C.Wentz,Carson Wentz,QB,QB,"https://static.www.nfl.com/image/private/f_auto,q_auto/league/indtay8ngoq8ubhhydbp",16,PHI,379,607,3782,16,14,33,213,9,2,4518,1757,191,9.65571664334196,1,0.83709606020363,0.0514649812647349,46,150,2,4,1,15,-2.68078353954479,1,1,1,7,0,0,0,-7,14,0,0.350009004352614,0,0.0,0.0166666666666667,-0.0154525386313466,0.0141832229580574,0,212.98,213.98
2016,REG,00-0032951,L.Treadwell,Laquon Treadwell,WR,WR,"https://static.www.nfl.com/image/private/f_auto,q_auto/league/k5zobcutuqqnd1cxqplo",2,MIN,0,0,0,0,0,0,0,0,0,0,0,0,,0,,,0,0,0,0,0,0,,0,1,3,15,0,0,0,59,0,1,-0.472455898905442,0,0.254237288135593,0.0344827586206897,0.101200686106346,0.122564618205477,0,1.5,2.5
2016,REG,00-0032956,A.Janovich,Andy Janovich,FB,RB,"https://static.www.nfl.com/image/private/f_auto,q_auto/league/w4nnz0yrfilgpexcseqy",7,DEN,0,0,0,0,0,0,0,0,0,0,0,0,,0,,,4,33,1,0,0,2,4.63207682524808,0,5,7,44,0,0,0,23,34,4,0.460380581207573,0,1.91304347826087,0.0355329949238579,0.0160390516039052,0.0645268285085204,0,13.7,18.7
2016,REG,00-0032959,C.Peake,Charone Peake,WR,WR,"https://static.www.nfl.com/image/private/f_auto,q_auto/league/f7a4bmcrcxmoyaagieop",11,NYJ,0,0,0,0,0,0,0,0,0,0,0,0,,0,,,0,0,0,0,0,0,,0,19,35,186,0,0,0,317,71,7,-1.01421517069727,0,0.586750788643533,0.0935828877005348,0.0944295501936253,0.20647501668634,0,18.6,37.6
2016,REG,00-0032964,B.Marshall,Byron Marshall,RB,RB,"https://static.www.nfl.com/image/private/f_auto,q_auto/league/sdfnye7daaffwtre1mbl",2,PHI,0,0,0,0,0,0,0,0,0,0,0,0,,0,,,19,64,0,0,0,5,-2.59923089348013,0,3,5,10,0,0,0,2,13,1,-2.82662633153139,0,5.0,0.0588235294117647,0.0038684719535783,0.0909432244851519,0,7.4,10.4
2016,REG,00-0032966,C.Coleman,Corey Coleman,WR,WR,"https://static.www.nfl.com/image/private/f_auto,q_auto/league/yawvrg2sh7ryru2z2kwe",10,CLE,0,0,0,0,0,0,0,0,0,0,0,0,,0,,,2,10,0,0,0,0,-0.042771811131388,0,33,73,413,3,0,0,1014,97,17,2.7048328515375,0,0.407297830374753,0.226006191950464,0.339584728734092,0.576718598039561,0,60.3,93.3
2016,REG,00-0032972,D.Booker,Devontae Booker,RB,RB,"https://static.www.nfl.com/image/private/f_auto,q_auto/league/y5fw68qxcmxykv1uchlo",16,DEN,0,0,0,0,0,0,0,0,0,0,0,0,,0,,,174,612,4,2,1,30,-27.5729676966502,0,31,45,265,1,2,2,62,253,8,-8.91151426428793,0,4.2741935483871,0.0849056603773585,0.0153693604362915,0.138117042871442,0,111.7,142.7
2016,REG,00-0032974,J.Payton,Jordan Payton,WR,WR,"https://static.www.nfl.com/image/private/f_auto,q_auto/league/wkcq6ajhn2dttqplifar",2,CLE,0,0,0,0,0,0,0,0,0,0,0,0,,0,,,0,0,0,0,0,0,,0,1,3,3,0,0,0,37,0,0,-0.849423341627698,0,0.0810810810810811,0.032258064516129,0.0412486064659978,0.077261121300392,0,0.3,1.3
2016,REG,00-0032975,J.Williams,Jonathan Williams,RB,RB,"https://static.www.nfl.com/image/private/f_auto,q_auto/league/dnlboggtjcflj9fxauub",8,BUF,0,1,0,0,0,0,0,0,0,0,0,0,-0.153998468653299,0,,,27,94,1,2,2,6,-13.7951099803613,0,1,2,0,0,0,0,1,2,0,-1.59315116005018,0,0.0,0.0444444444444444,0.0032894736842105,0.068969298245614,0,11.4,12.4
2016,REG,00-0032977,R.Higgins,Rashard Higgins,WR,WR,"https://static.www.nfl.com/image/private/f_auto,q_auto/league/mdn4he3iuc2mwx3cfvfj",10,CLE,0,0,0,0,0,0,0,0,0,0,0,0,,0,,,0,0,0,0,0,0,,0,6,12,77,0,0,0,138,31,5,-2.8509264990571,0,0.557971014492754,0.031496062992126,0.0408042578356002,0.0758070749731091,0,7.7,13.7
2016,REG,00-0033009,T.Boyd,Tyler Boyd,WR,WR,"https://static.www.nfl.com/image/private/f_auto,q_auto/league/vconwllovf9jqxpu9mow",16,CIN,0,0,0,0,0,0,0,0,0,0,0,0,,0,,,4,58,0,0,0,2,3.26339193852618,0,54,81,603,1,1,1,681,201,33,5.4098130453305,0,0.885462555066079,0.149446494464945,0.157784986098239,0.334619231966184,0,70.1,124.1
2016,REG,00-0033025,J.Richard,Jalen Richard,RB,RB,"https://static.www.nfl.com/image/private/f_auto,q_auto/league/evmn0ccnvk73tukpmk5f",16,LV,0,0,0,0,0,0,0,0,0,0,0,0,,0,,,83,491,1,0,0,14,2.24502081394894,0,29,39,194,2,0,0,131,135,8,1.36695235355131,0,1.48091603053435,0.0755813953488372,0.0332318619989853,0.136634396422546,0,86.5,115.5
2016,REG,00-0033040,T.Hill,Tyreek Hill,WR,WR,"https://static.www.nfl.com/image/private/f_auto,q_auto/league/lsszbdnkusxc7mduw5be",16,KC,0,0,0,0,0,0,0,0,0,0,0,0,,0,,,24,267,3,0,0,10,14.1325265545747,0,61,83,593,6,1,0,654,268,31,17.1432957008413,0,0.906727828746177,0.154850746268657,0.178153091800599,0.356983283663405,3,158.0,219.0
2016,REG,00-0033045,E.Elliott,Ezekiel Elliott,RB,RB,"https://static.www.nfl.com/image/upload/f_auto,q_auto/league/qf0zgze0wkbvu9rlvolf",15,DAL,0,0,0,0,0,0,0,0,0,0,0,0,,0,,,322,1631,15,5,1,91,12.9512346213948,0,32,40,363,1,0,0,-1,380,11,13.4805246094675,0,-363.0,0.0886917960088692,-0.0003448275862068,0.132796314702959,0,293.4,325.4
2016,REG,00-0033060,L.Carroo,Leonte Carroo,WR,WR,"https://static.www.nfl.com/image/private/f_auto,q_auto/league/rtyecvs5rx9awmpdk4c8",5,MIA,0,0,0,0,0,0,0,0,0,0,0,0,,0,,,0,0,0,0,0,0,,0,3,6,29,1,0,0,101,13,2,-3.51889406621922,0,0.287128712871287,0.04,0.0918181818181818,0.124272727272727,0,8.9,11.9
2016,REG,00-0033069,B.Miller,Braxton Miller,WR,WR,"https://static.www.nfl.com/image/private/f_auto,q_auto/league/ya38kjppomtdyqbq5cyg",9,HOU,0,0,0,0,0,0,0,0,0,0,0,0,,0,,,3,0,0,0,0,0,-2.97067854151828,0,15,28,99,1,0,0,202,52,6,-11.0493926993762,0,0.49009900990099,0.089171974522293,0.0704569236135333,0.183077808312913,0,15.9,30.9
2016,REG,00-0033077,D.Prescott,Dak Prescott,QB,QB,"https://static.www.nfl.com/image/private/f_auto,q_auto/league/knx0jxponzfkusnyvjkn",16,DAL,311,459,3667,23,4,25,143,6,4,3743,1546,182,122.777295788882,0,0.979695431472081,0.174874477881282,57,282,6,2,0,21,18.0328293134517,0,0,0,0,0,0,0,0,0,0,,0,,,,,0,286.88,286.88
2016,REG,00-0033079,R.Louis,Ricardo Louis,WR,WR,"https://static.www.nfl.com/image/private/f_auto,q_auto/league/p5rkm45lscifejppmrb7",7,CLE,0,0,0,0,0,0,0,0,0,0,0,0,,0,,,0,0,0,0,0,0,,0,18,35,205,0,1,0,373,82,7,2.69628661964089,0,0.549597855227882,0.127272727272727,0.179585941261435,0.316619249792095,0,20.5,38.5
2016,REG,00-0033080,S.DeValve,Seth DeValve,TE,TE,"https://static.www.nfl.com/image/private/f_auto,q_auto/league/nrihd72oevgvvbhb8l6g",8,CLE,0,0,0,0,0,0,0,0,0,0,0,0,,0,,,0,0,0,0,0,0,,0,10,12,127,2,0,0,101,44,7,4.89555504738322,0,1.25742574257426,0.0416666666666667,0.0403193612774451,0.0907235528942116,0,24.7,34.7
2016,REG,00-0033090,H.Henry,Hunter Henry,TE,TE,"https://static.www.nfl.com/image/private/f_auto,q_auto/league/sdjob9akppefyo7py5tj",13,LAC,0,0,0,0,0,0,0,0,0,0,0,0,,0,,,0,0,0,0,0,0,,0,36,53,478,8,1,1,462,194,30,35.7055314923055,0,1.03463203463203,0.114718614718615,0.114074074074074,0.251929773929774,0,93.8,129.8
2016,REG,00-0033098,C.Jones,Cardale Jones,QB,QB,"https://static.www.nfl.com/image/private/f_auto,q_auto/league/we5tadbw4htpyierf8qv",1,BUF,6,11,96,0,1,1,2,0,0,105,25,2,-8.04058968659956,0,0.914285714285714,-0.0178067323967717,1,-1,0,0,0,0,-1.06866247527068,0,0,0,0,0,0,0,0,0,0,,0,,,,,0,1.74,1.74
2016,REG,00-0033104,C.Kessler,Cody Kessler,QB,QB,"https://static.www.nfl.com/image/private/f_auto,q_auto/league/gkvutiyutml2atftmu09",9,CLE,128,195,1380,6,2,21,140,1,1,1433,661,67,21.1426579489565,1,0.963014654570831,0.113222598126461,11,18,0,3,0,1,-2.84519850515082,0,0,0,0,0,0,0,0,0,0,,0,,,,,0,77.0,77.0
2016,REG,00-0033106,J.Goff,Jared Goff,QB,QB,"https://static.www.nfl.com/image/private/f_auto,q_auto/league/nyitt4ybuzopzjzddafi",7,LA,112,205,1089,5,7,26,222,5,2,1409,572,47,-86.7094829833387,0,0.772888573456352,-0.0314007502578154,8,16,1,0,0,1,0.238418560229255,0,0,0,0,0,0,0,0,0,0,,0,,,,,0,53.16,53.16
2016,REG,00-0033108,P.Lynch,Paxton Lynch,QB,QB,"https://static.www.nfl.com/image/private/f_auto,q_auto/league/vtlr44rcvfumnmcowevo",3,DEN,49,83,497,2,1,9,42,2,0,908,159,25,-4.95336327221515,0,0.547356828193833,0.0252372378045533,11,25,0,0,0,1,-3.28563356294762,0,0,0,0,0,0,0,0,0,0,,0,,,,,0,28.38,28.38
2016,REG,00-0033110,T.Higbee,Tyler Higbee,TE,TE,"https://static.www.nfl.com/image/private/f_auto,q_auto/league/vk9c6lr4d1pdt9sr86ua",11,LA,0,0,0,0,0,0,0,0,0,0,0,0,,0,,,0,0,0,0,0,0,,0,11,29,85,1,0,0,203,26,3,-16.2059576414758,0,0.41871921182266,0.0753246753246753,0.0712530712530713,0.162864162864163,0,14.5,25.5
2016,REG,00-0033111,P.Cooper,Pharoh Cooper,WR,WR,"https://static.www.nfl.com/image/private/f_auto,q_auto/league/mnsqfcfqiehw5aocr1lg",8,LA,0,1,0,0,1,0,0,0,0,16,0,0,-7.61006413190626,0,0.0,,0,0,0,0,0,0,,0,14,20,106,0,0,0,70,72,4,-19.6739121831642,0,1.51428571428571,0.0735294117647059,0.0368809272918862,0.136110766751379,0,8.6,22.6
2016,REG,00-0033114,M.Thomas,Mike Thomas,WR,WR,"https://static.www.nfl.com/image/private/f_auto,q_auto/league/sytj4awk8kseyootqzec",6,LA,0,0,0,0,0,0,0,0,0,0,0,0,,0,,,0,0,0,0,0,0,,0,3,9,37,0,0,0,113,13,2,-3.47816228389274,0,0.327433628318584,0.0420560747663551,0.071928707829408,0.113434207630118,0,3.7,6.7
2016,REG,00-0033118,K.Drake,Kenyan Drake,RB,RB,"https://static.www.nfl.com/image/private/f_auto,q_auto/league/rp5apwel9vuk49b4lykn",13,MIA,0,0,0,0,0,0,0,0,0,0,0,0,,0,,,33,179,2,0,0,9,5.29710966389393,0,9,10,46,0,0,0,-2,59,2,1.0983069348149,0,-23.0,0.0523560209424084,-0.0013504388926401,0.0775887241887645,1,40.5,49.5
2016,REG,00-0033119,J.Brissett,Jacoby Brissett,QB,QB,"https://static.www.nfl.com/image/private/f_auto,q_auto/league/wapkj7gxu9waxattqkok",3,NE,34,55,400,0,0,6,46,1,0,411,319,18,-8.90181097412493,0,0.97323600973236,0.0089894301926371,16,83,1,2,1,5,-0.72029228619067,0,0,0,0,0,0,0,0,0,0,,0,,,,,0,28.3,28.3
2016,REG,00-0033127,W.Fuller,Will Fuller,WR,WR,"https://static.www.nfl.com/image/private/f_auto,q_auto/league/dgemxvhu8ffqmvmqczks",14,HOU,0,0,0,0,0,0,0,0,0,0,0,0,,0,,,1,-3,0,0,0,0,-1.02930318162544,0,47,92,635,2,0,0,1397,238,31,8.00108284311378,0,0.454545454545455,0.180039138943249,0.31592039800995,0.491202987021838,1,81.2,128.2
2016,REG,00-0033164,T.Pope,Troymaine Pope,RB,RB,"https://static.www.nfl.com/image/private/f_auto,q_auto/league/qgwjblnzedbxfulfhltu",4,SEA,0,0,0,0,0,0,0,0,0,0,0,0,,0,,,12,44,0,0,0,3,-2.12926641479135,0,1,2,5,0,0,0,-4,2,0,-6.04927572817542,0,-1.25,0.025974025974026,-0.0058309037900874,0.0348794063079777,0,4.9,5.9
2016,POST,00-0019596,T.Brady,Tom Brady,QB,QB,"https://static.www.nfl.com/image/private/f_auto,q_auto/league/q7dpdlxyu5rs05rgh1le",3,NE,93,142,1137,7,3,9,42,0,0,1283,428,55,26.4173671497207,1,0.886204208885425,0.162042579906697,9,13,0,0,0,2,-2.59703686094144,0,0,0,0,0,0,0,0,0,0,,0,,,,,0,70.78,70.78
2016,POST,00-0022084,,Anquan Boldin,WR,WR,"https://static.www.nfl.com/image/private/f_auto,q_auto/league/ajabgwxbliupgkwjbnut",1,DET,0,0,0,0,0,0,0,0,0,0,0,0,,0,,,0,0,0,0,0,0,,0,2,6,24,0,0,0,33,22,1,-4.09403320064303,0,0.727272727272727,0.1875,0.127906976744186,0.37078488372093,0,2.4,4.4
2016,POST,00-0022127,J.Witten,Jason Witten,TE,TE,"https://static.www.nfl.com/image/private/f_auto,q_auto/league/r7uafhtwuexuaty0nhsc",1,DAL,0,0,0,0,0,0,0,0,0,0,0,0,,0,,,0,0,0,0,0,0,,0,6,9,59,1,0,0,90,14,5,4.26692652129152,0,0.655555555555556,0.243243243243243,0.218446601941748,0.517777486224088,0,11.9,17.9
2016,POST,00-0022803,E.Manning,Eli Manning,QB,QB,"https://static.www.nfl.com/image/private/f_auto,q_auto/league/w51tf8uedjftbr4qpaex",1,NYG,23,44,299,1,1,2,4,1,1,461,129,12,-5.93414162700794,0,0.648590021691974,-0.0145124669192638,1,11,0,0,0,1,1.58661230257712,0,0,0,0,0,0,0,0,0,0,,0,,,,,0,13.06,13.06
2016,POST,00-0022924,B.Roethlisberger,Ben Roethlisberger,QB,QB,"https://static.www.nfl.com/image/private/f_auto,q_auto/league/vziogpnyp9d0xtpiuqhr",3,PIT,64,96,735,3,4,2,15,0,0,800,364,35,5.71678865275262,1,0.91875,0.0938099678741621,8,11,0,0,0,0,-0.529893965169322,0,0,0,0,0,0,0,0,0,0,,0,,,,,0,36.5,36.5
2016,POST,00-0023436,A.Smith,Alex Smith,QB,QB,"https://static.www.nfl.com/image/private/f_auto,q_auto/league/dpa5d1a8jj6jdymocjkx",1,KC,20,34,172,1,1,1,6,0,0,251,95,9,-2.37069760561801,0,0.685258964143426,0.040626910663277,2,9,0,0,0,0,-0.59778695111163,0,0,0,0,0,0,0,0,0,0,,0,,,,,0,9.78,9.78
2016,POST,00-0023459,A.Rodgers,Aaron Rodgers,QB,QB,"https://static.www.nfl.com/image/private/f_auto,q_auto/league/gnta8ufi2vdp967dui9e",3,GB,80,128,1004,9,2,10,79,0,0,1331,332,53,35.5831168898161,0,0.754320060105184,0.184208085759862,8,62,0,0,0,4,3.6111580216093,0,0,0,0,0,0,0,0,0,0,,0,,,,,0,78.36,78.36
2016,POST,00-0024242,,DeAngelo Williams,RB,RB,"https://static.www.nfl.com/image/private/f_auto,q_auto/league/oky9ooitgqa1fgwdll6b",2,PIT,0,0,0,0,0,0,0,0,0,0,0,0,,0,,,16,36,1,0,0,3,-4.43066206289222,0,7,7,51,0,0,0,16,35,4,4.74725506943651,1,3.1875,0.148936170212766,0.0359550561797753,0.248572794644992,0,16.7,23.7
2016,POST,00-0025708,M.Moore,Matt Moore,QB,QB,"https://static.www.nfl.com/image/private/f_auto,q_auto/league/h04zarfikqlgerdftbgp",1,MIA,29,36,289,1,1,5,36,2,2,250,89,16,-1.77273648126748,0,1.156,0.107941956235398,1,2,0,0,0,0,-2.56324721756391,0,0,0,0,0,0,0,0,0,0,,0,,,,,0,9.76,9.76
2016,POST,00-0026008,,Matthew Mulligan,TE,TE,"https://static.www.nfl.com/image/private/f_auto,q_auto/league/okuwvdnxk6weqzz3tglf",1,DET,0,0,0,0,0,0,0,0,0,0,0,0,,0,,,0,0,0,0,0,0,,0,1,1,-2,0,0,0,-5,3,0,-3.29624680476263,0,0.0,0.03125,-0.0193798449612403,0.0333091085271318,0,-0.2,0.8
2016,POST,00-0026035,D.Amendola,Danny Amendola,WR,WR,"https://static.www.nfl.com/image/private/f_auto,q_auto/league/etz06w7s0ardf49mnayz",3,NE,0,0,0,0,0,0,0,0,0,0,0,0,,0,,,1,15,0,0,0,1,1.36744754330721,0,10,15,90,1,0,0,112,26,6,-4.33911059098318,1,0.803571428571429,0.107142857142857,0.0863531225905937,0.221161471527701,0,18.5,28.5
2016,POST,00-0026143,M.Ryan,Matt Ryan,QB,QB,"https://static.www.nfl.com/image/private/f_auto,q_auto/league/s6zam4ekrrnonsck6vak",3,ATL,70,98,1014,9,0,8,59,2,1,938,452,54,50.9771973269393,0,1.08102345415778,0.261432451333357,6,20,1,1,0,1,-5.85767791545368,0,0,0,0,0,0,0,0,0,0,,0,,,,,0,82.56,82.56
2016,POST,00-0026176,J.Nelson,Jordy Nelson,WR,WR,"https://static.www.nfl.com/image/private/f_auto,q_auto/league/bde2n4ozsakatgs4yyp2",2,GB,0,0,0,0,0,0,0,0,0,0,0,0,,0,,,0,0,0,0,0,0,,0,7,12,80,1,0,0,196,10,4,3.04259353905218,0,0.408163265306122,0.146341463414634,0.23728813559322,0.385613890037205,0,14.0,21.0
2016,POST,00-0026201,M.Bennett,Martellus Bennett,TE,TE,"https://static.www.nfl.com/image/private/f_auto,q_auto/league/repls3tq1d4jnvwmaqia",3,NE,0,0,0,0,0,0,0,0,0,0,0,0,,0,,,0,0,0,0,0,0,,0,11,15,98,0,0,0,96,51,5,4.36395888827992,0,1.02083333333333,0.107142857142857,0.0740169622205089,0.212526159268642,0,9.8,20.8
2016,POST,00-0026393,M.Reece,Marcel Reece,FB,RB,"https://static.www.nfl.com/image/private/f_auto,q_auto/league/nqy3arwxgk4lwh3pfrr3",2,SEA,0,0,0,0,0,0,0,0,0,0,0,0,,0,,,1,0,0,0,0,0,-1.54484277195297,0,2,2,15,0,0,0,8,7,1,0.397073109634221,0,1.875,0.0344827586206897,0.0141342756183746,0.0616181308638967,0,1.5,3.5
2016,POST,00-0026498,M.Stafford,Matthew Stafford,QB,QB,"https://static.www.nfl.com/image/private/f_auto,q_auto/league/icjfdfsncqlsqe49iujv",1,DET,18,32,205,0,0,3,23,0,0,258,110,10,-7.23927951529347,0,0.794573643410853,-0.029161371043542,3,15,0,0,0,1,-0.969139073276892,0,0,0,0,0,0,0,0,0,0,,0,,,,,0,9.7,9.7
2016,POST,00-0026957,D.Johnson,David Johnson,TE,TE,"https://static.www.nfl.com/image/private/f_auto,q_auto/league/td6y6zc2m3ifhcfd4yz9",1,PIT,0,0,0,0,0,0,0,0,0,0,0,0,,0,,,0,0,0,0,0,0,,0,1,1,1,0,0,0,0,1,0,-0.353474354371429,0,0.0,0.0212765957446809,,,0,0.1,1.1
2016,POST,00-0026983,D.Heyward-Bey,Darrius Heyward-Bey,WR,WR,"https://static.www.nfl.com/image/private/f_auto,q_auto/league/d5otkkbb0z2rdd2bjatd",2,PIT,0,0,0,0,0,0,0,0,0,0,0,0,,0,,,0,0,0,0,0,0,,0,1,3,10,0,0,0,83,0,1,-5.16062787256669,0,0.120481927710843,0.0461538461538462,0.147686832740214,0.172611552148919,0,1.0,2.0
2016,POST,00-0026986,M.Crabtree,Michael Crabtree,WR,WR,"https://static.www.nfl.com/image/private/f_auto,q_auto/league/kcavcmeyaion38ewxwyk",1,LV,0,0,0,0,0,0,0,0,0,0,0,0,,0,,,0,0,0,0,0,0,,0,2,7,33,0,0,0,65,15,2,-2.24255023244768,0,0.507692307692308,0.155555555555556,0.149425287356322,0.337931034482759,0,3.3,5.3
2016,POST,00-0026995,J.Maclin,Jeremy Maclin,WR,WR,"https://static.www.nfl.com/image/private/f_auto,q_auto/league/tvlsuugnbn0idb0tbtgw",1,KC,0,0,0,0,0,0,0,0,0,0,0,0,,0,,,0,0,0,0,0,0,,0,2,4,28,0,0,0,72,3,2,3.24893420073204,0,0.388888888888889,0.125,0.309012875536481,0.403809012875537,0,2.8,4.8
2016,POST,00-0027061,J.Cook,Jared Cook,TE,TE,"https://static.www.nfl.com/image/private/f_auto,q_auto/league/cthoenebptadlu4g928v",3,GB,0,0,0,0,0,0,0,0,0,0,0,0,,0,,,0,0,0,0,0,0,,0,18,32,229,2,0,0,404,45,13,9.99385669872768,0,0.566831683168317,0.256,0.309815950920245,0.600871165644172,0,34.9,52.9
2016,POST,00-0027150,J.Edelman,Julian Edelman,WR,WR,"https://static.www.nfl.com/image/private/f_auto,q_auto/league/u0hbuo2bsvtlg7lnxm43",3,NE,0,1,0,0,0,0,0,0,0,24,0,0,-1.85449199564755,0,0.0,,2,14,0,0,0,1,0.604317661840469,0,21,36,342,1,0,0,447,118,14,14.2055875931401,0,0.76510067114094,0.257142857142857,0.344641480339244,0.626963321951757,0,41.6,62.6
2016,POST,00-0027155,,Rashad Jennings,RB,RB,"https://static.www.nfl.com/image/private/f_auto,q_auto/league/r48elxgcxhdkfkazlqab",1,NYG,0,0,0,0,0,0,0,0,0,0,0,0,,0,,,5,29,0,0,0,1,0.719692749204114,0,1,1,4,0,0,0,2,2,0,-0.0249525138060562,0,2.0,0.0227272727272727,0.0043383947939262,0.0371277854466575,0,3.3,4.3
2016,POST,00-0027265,V.Cruz,Victor Cruz,WR,WR,"https://static.www.nfl.com/image/private/f_auto,q_auto/league/q15bky6cm2stbiy0zafu",1,NYG,0,0,0,0,0,0,0,0,0,0,0,0,,0,,,0,0,0,0,0,0,,0,3,4,30,0,0,0,19,15,1,1.32821680113438,0,1.57894736842105,0.0909090909090909,0.0412147505422994,0.165213961743246,0,3.0,6.0
2016,POST,00-0027325,L.Blount,LeGarrette Blount,RB,RB,"https://static.www.nfl.com/image/private/f_auto,q_auto/league/s3eilto1yi0yhoamvvo3",3,NE,0,0,0,0,0,0,0,0,0,0,0,0,,0,,,35,109,1,1,1,8,-11.5346936579265,0,1,1,8,0,0,0,5,3,0,0.463205790612847,0,1.6,0.024390243902439,0.0208333333333333,0.0511686991869919,0,15.7,16.7
2016,POST,00-0027696,J.Graham,Jimmy Graham,TE,TE,"https://static.www.nfl.com/image/private/f_auto,q_auto/league/h7xs06oj6g03mippwtse",2,SEA,0,0,0,0,0,0,0,0,0,0,0,0,,0,,,0,0,0,0,0,0,,0,6,7,59,1,0,0,49,21,4,6.45915486017475,0,1.20408163265306,0.120689655172414,0.0865724381625442,0.241635189472402,0,11.9,17.9
2016,POST,00-0027793,A.Brown,Antonio Brown,WR,WR,"https://static.www.nfl.com/image/private/f_auto,q_auto/league/ecxsx9t7bfg42bgfwj3v",3,PIT,0,0,0,0,0,0,0,0,0,0,0,0,,0,,,0,0,0,0,0,0,,0,18,29,309,2,0,0,288,163,11,2.0720163923975,0,1.07291666666667,0.302083333333333,0.36,0.705125,0,42.9,60.9
2016,POST,00-0027891,G.Tate,Golden Tate,WR,WR,"https://static.www.nfl.com/image/private/f_auto,q_auto/league/yfqebrp2o9t1gt1wqjku",1,DET,0,0,0,0,0,0,0,0,0,0,0,0,,0,,,1,0,0,0,0,0,-0.726704944157973,0,3,5,25,0,0,0,37,8,2,-0.570217863148204,0,0.675675675675676,0.15625,0.143410852713178,0.334762596899225,0,2.5,5.5
2016,POST,00-0027902,D.Bryant,Dez Bryant,WR,WR,"https://static.www.nfl.com/image/private/f_auto,q_auto/league/jmggujwkiv7osgkhhnhl",1,DAL,0,0,0,0,0,0,0,0,0,0,0,0,,0,,,0,0,0,0,0,0,,0,9,12,132,2,0,0,113,48,6,8.09935176180383,0,1.16814159292035,0.324324324324324,0.274271844660194,0.678476777748623,0,25.2,34.2
2016,POST,00-0027925,J.Develin,James Develin,FB,RB,"https://static.www.nfl.com/image/private/f_auto,q_auto/league/ryhocvpml27otxnncc2h",2,NE,0,0,0,0,0,0,0,0,0,0,0,0,,0,,,0,0,0,0,0,0,,0,2,3,13,0,0,0,7,12,1,-0.648098963632947,0,1.85714285714286,0.038961038961039,0.0098870056497175,0.0653624623963607,0,1.3,3.3
2016,POST,00-0027944,J.Jones,Julio Jones,WR,WR,"https://static.www.nfl.com/image/upload/f_auto,q_auto/league/omrddf2phtyztzx2nup1",3,ATL,0,0,0,0,0,0,0,0,0,0,0,0,,0,,,0,0,0,0,0,0,,0,19,24,334,3,0,0,275,115,17,28.0482033360167,0,1.21454545454545,0.247422680412371,0.29317697228145,0.576357901215572,0,51.4,70.4
2016,POST,00-0028002,R.Cobb,Randall Cobb,WR,WR,"https://static.www.nfl.com/image/private/f_auto,q_auto/league/kuwo5hnkbtesfw6n9w1s",3,GB,0,0,0,0,0,0,0,0,0,0,0,0,,0,,,0,0,0,0,0,0,,0,18,24,260,3,0,0,252,84,12,20.1286230111715,0,1.03174603174603,0.192,0.193251533742331,0.423276073619632,0,44.0,62.0
2016,POST,00-0028074,A.Sherman,Anthony Sherman,RB,RB,"https://static.www.nfl.com/image/private/f_auto,q_auto/league/ibmfpy4ztgmqfwtood5x",1,KC,0,0,0,0,0,0,0,0,0,0,0,0,,0,,,0,0,0,0,0,0,,0,1,1,3,0,0,0,1,2,1,3.31431242823601,0,3.0,0.03125,0.0042918454935622,0.0498792918454936,0,0.3,1.3
2016,POST,00-0028087,D.Lewis,Dion Lewis,RB,RB,"https://static.www.nfl.com/image/private/f_auto,q_auto/league/erzmtaaz3eimbg998hyq",3,NE,0,0,0,0,0,0,0,0,0,0,0,0,,0,,,25,79,1,1,0,5,-5.20765427943752,0,5,12,33,1,0,0,86,35,2,-2.96637378149899,0,0.383720930232558,0.0857142857142857,0.0663068619892059,0.174986231963873,1,29.2,34.2
2016,POST,00-0028116,A.Robinson,Aldrick Robinson,WR,WR,"https://static.www.nfl.com/image/private/f_auto,q_auto/league/lzdmahvzc7tm4pulh2sj",2,ATL,0,0,0,0,0,0,0,0,0,0,0,0,,0,,,0,0,0,0,0,0,,0,0,4,0,0,0,0,91,0,0,-2.131304247363,0,0.0,0.0533333333333333,0.139784946236559,0.177849462365591,0,0.0,0.0
2016,POST,00-0028237,C.Hogan,Chris Hogan,WR,WR,"https://static.www.nfl.com/image/private/f_auto,q_auto/league/fmpqnciwjqicsjzy63mc",3,NE,0,0,0,0,0,0,0,0,0,0,0,0,,0,,,0,0,0,0,0,0,,0,17,23,332,2,0,0,354,67,15,24.7007290255569,0,0.937853107344633,0.164285714285714,0.272937548188126,0.43748485516026,0,45.2,62.2
2016,POST,00-0028263,A.Holmes,Andre Holmes,WR,WR,"https://static.www.nfl.com/image/private/f_auto,q_auto/league/ujb4sism9jdte3o8ofve",1,LV,0,0,0,0,0,0,0,0,0,0,0,0,,0,,,0,0,0,0,0,0,,0,4,5,50,1,0,0,65,0,4,4.28518106168485,0,0.769230769230769,0.111111111111111,0.149425287356322,0.271264367816092,0,11.0,15.0
2016,POST,00-0028434,D.Baldwin,Doug Baldwin,WR,WR,"https://static.www.nfl.com/image/private/f_auto,q_auto/league/kccmcttfdtl7m3g49vb8",2,SEA,0,0,0,0,0,0,0,0,0,0,0,0,,0,,,2,7,0,0,0,0,-0.236215606564656,0,16,21,184,2,0,0,204,64,9,12.2215357868655,0,0.901960784313725,0.362068965517241,0.360424028268551,0.795400268063848,0,31.1,47.1
2016,POST,00-0028581,P.DiMarco,Patrick DiMarco,FB,RB,"https://static.www.nfl.com/image/private/f_auto,q_auto/league/chit1zcsfqaoqzkqc9eh",3,ATL,0,0,0,0,0,0,0,0,0,0,0,0,,0,,,0,0,0,0,0,0,,0,3,4,43,0,0,0,18,30,2,1.23320726549719,0,2.38888888888889,0.0412371134020619,0.0191897654584222,0.0752885059239883,0,4.3,7.3
2016,POST,00-0028908,M.Thomas,Michael Thomas,SS,DB,"https://static.www.nfl.com/image/private/f_auto,q_auto/league/wkugml4qpzkcj1tcyezx",1,MIA,0,0,0,0,0,0,0,0,0,0,0,0,,0,,,1,3,0,0,0,1,2.13138808961958,0,0,0,0,0,0,0,0,0,0,,0,,,,,0,0.3,0.3
2016,POST,00-0029000,C.Beasley,Cole Beasley,WR,WR,"https://static.www.nfl.com/image/private/f_auto,q_auto/league/y5r0fhwctl6ljwvmktvu",1,DAL,0,0,0,0,0,0,0,0,0,0,0,0,,0,,,0,0,0,0,0,0,,0,4,6,45,0,0,0,23,28,1,-4.13895344221965,0,1.95652173913043,0.162162162162162,0.0558252427184466,0.282320913146156,0,4.5,8.5
2016,POST,00-0029159,J.Kearse,Jermaine Kearse,WR,WR,"https://static.www.nfl.com/image/private/f_auto,q_auto/league/tvnzajvst7kdglamw4t6",2,SEA,0,0,0,0,0,0,0,0,0,0,0,0,,0,,,0,0,0,0,0,0,,0,3,6,22,0,0,0,55,13,1,0.187619262725852,0,0.4,0.103448275862069,0.0971731448763251,0.223193615206531,0,2.2,5.2
2016,POST,00-0029263,R.Wilson,Russell Wilson,QB,QB,"https://static.www.nfl.com/image/private/f_auto,q_auto/league/gebzv2aljujgleboe4ns",2,SEA,40,60,449,4,2,6,31,0,0,595,158,22,9.74721284433708,0,0.754621848739496,0.159004106314943,9,46,0,0,0,3,0.395230383146554,0,0,0,0,0,0,0,0,0,0,,0,,,,,0,34.56,34.56
2016,POST,00-0029293,M.Jones,Marvin Jones,WR,WR,"https://static.www.nfl.com/image/private/f_auto,q_auto/league/ciy9sxefmcnwjw7ln3h2",1,DET,0,0,0,0,0,0,0,0,0,0,0,0,,0,,,0,0,0,0,0,0,,0,4,7,81,0,0,0,108,6,4,2.61405339249837,0,0.75,0.21875,0.418604651162791,0.621148255813954,0,8.1,12.1
2016,POST,00-0029384,B.Rainey,Bobby Rainey,RB,RB,"https://static.www.nfl.com/image/private/f_auto,q_auto/league/vf2lmyxgjhrah1hfed1x",1,NYG,0,0,0,0,0,0,0,0,0,0,0,0,,0,,,1,0,0,0,0,0,-1.51743018743582,0,1,1,8,0,0,0,2,6,0,0.354314222931862,0,4.0,0.0227272727272727,0.0043383947939262,0.0371277854466575,0,0.8,1.8
2016,POST,00-0029492,J.Olawale,Jamize Olawale,FB,RB,"https://static.www.nfl.com/image/private/f_auto,q_auto/league/dp7xdilrkk9f2i5ovne9",1,LV,0,0,0,0,0,0,0,0,0,0,0,0,,0,,,1,6,0,0,0,0,0.400406291941181,0,0,0,0,0,0,0,0,0,0,,0,,,,,0,0.6,0.6
2016,POST,00-0029510,J.Grimes,Jonathan Grimes,RB,RB,"https://static.www.nfl.com/image/private/f_auto,q_auto/league/kzodfrw342cy91lw12n4",2,HOU,0,0,0,0,0,0,0,0,0,0,0,0,,0,,,6,41,0,0,0,3,1.62527977884747,0,4,4,43,0,0,0,5,38,3,3.80188435333548,0,8.6,0.1,0.015015015015015,0.160510510510511,0,8.4,12.4
2016,POST,00-0029615,L.Miller,Lamar Miller,RB,RB,"https://static.www.nfl.com/image/private/f_auto,q_auto/league/vqxh6ynpmczzfyl9kcgq",2,HOU,0,0,0,0,0,0,0,0,0,0,0,0,,0,,,50,147,1,0,0,4,-12.5959656025516,0,4,8,15,0,0,0,21,3,1,-3.49050820828415,0,0.714285714285714,0.123076923076923,0.0383211678832117,0.211440202133633,0,22.2,26.2
2016,POST,00-0029632,M.Sanu,Mohamed Sanu,WR,WR,"https://static.www.nfl.com/image/private/f_auto,q_auto/league/a6loroqhta6g65aqnsrk",3,ATL,0,0,0,0,0,0,0,0,0,0,0,0,,0,,,1,7,0,0,0,0,0.340696900850162,0,11,14,121,2,0,0,132,20,11,11.5883220223768,0,0.916666666666667,0.144329896907216,0.140724946695096,0.315002308047392,0,24.8,35.8
2016,POST,00-0029638,M.Floyd,Michael Floyd,WR,WR,"https://static.www.nfl.com/image/private/f_auto,q_auto/league/lisxjuyoo7hiux1ac4jb",1,NE,0,0,0,0,0,0,0,0,0,0,0,0,,0,,,0,0,0,0,0,0,,0,1,3,9,0,0,0,17,10,1,-4.51549068570603,0,0.529411764705882,0.0833333333333333,0.0363247863247863,0.15042735042735,0,0.9,1.9
2016,POST,00-0029682,B.Osweiler,Brock Osweiler,QB,QB,"https://static.www.nfl.com/image/private/f_auto,q_auto/league/pwkmtgeitdi79qtumb2x",2,HOU,37,65,365,2,3,3,17,0,0,548,157,17,-18.62283664106,0,0.666058394160584,-0.0159179428856041,7,33,1,1,0,3,1.09309778764145,0,0,0,0,0,0,0,0,0,0,,0,,,,,0,25.9,25.9
2016,POST,00-0030085,K.Stills,Kenny Stills,WR,WR,"https://static.www.nfl.com/image/private/f_auto,q_auto/league/wswn6tehkzj8mdfbablx",1,MIA,0,0,0,0,0,0,0,0,0,0,0,0,,0,,,0,0,0,0,0,0,,0,5,5,82,0,0,0,76,6,4,8.86627515830332,0,1.07894736842105,0.138888888888889,0.304,0.421133333333333,0,8.2,13.2
2016,POST,00-0030089,L.Willson,Luke Willson,TE,TE,"https://static.www.nfl.com/image/private/f_auto,q_auto/league/a6zcpjyfusebcm8i3w2w",2,SEA,0,0,0,0,0,0,0,0,0,0,0,0,,0,,,0,0,0,0,0,0,,0,1,2,4,0,0,0,6,5,0,-5.20098678785143,0,0.666666666666667,0.0344827586206897,0.0106007067137809,0.0591446326306811,0,0.4,1.4
2016,POST,00-0030091,T.King,Tavarres King,WR,WR,"https://static.www.nfl.com/image/private/f_auto,q_auto/league/yfkwzczsoeihruafz1kg",1,NYG,0,0,0,0,0,0,0,0,0,0,0,0,,0,,,0,0,0,0,0,0,,0,3,6,73,1,0,0,132,29,3,6.40662819438148,0,0.553030303030303,0.136363636363636,0.286334056399132,0.404979294024847,0,13.3,16.3
2016,POST,00-0030108,R.Griffin,Ryan Griffin,TE,TE,"https://static.www.nfl.com/image/private/f_auto,q_auto/league/izjfxtmk2dhzhrlwpt9g",2,HOU,0,0,0,0,0,0,0,0,0,0,0,0,,0,,,0,0,0,0,0,0,,0,3,7,29,0,0,0,75,10,2,-7.59234781269846,0,0.386666666666667,0.107692307692308,0.136861313868613,0.257341381246491,0,2.9,5.9
2016,POST,00-0030155,D.Harris,Demetrius Harris,TE,TE,"https://static.www.nfl.com/image/private/f_auto,q_auto/league/nlajcnjlosuajmqswxvl",1,KC,0,0,0,0,0,0,0,0,0,0,0,0,,0,,,0,0,0,0,0,0,,0,0,2,0,0,0,0,15,0,0,-2.61981175563415,0,0.0,0.0625,0.0643776824034335,0.138814377682403,0,0.0,0.0
2016,POST,00-0030290,C.Hamilton,Cobi Hamilton,WR,WR,"https://static.www.nfl.com/image/private/f_auto,q_auto/league/fslk4pbx1mtdjdl5zk9g",3,PIT,0,0,0,0,0,0,0,0,0,0,0,0,,0,,,0,0,0,0,0,0,,0,4,7,51,1,0,0,68,8,3,-0.0282894394476898,0,0.75,0.0729166666666667,0.085,0.168875,0,11.1,15.1
2016,POST,00-0030414,S.Ware,Spencer Ware,RB,RB,"https://static.www.nfl.com/image/private/f_auto,q_auto/league/qr04afpcu3fqpgxnws6t",1,KC,0,0,0,0,0,0,0,0,0,0,0,0,,0,,,8,35,1,0,0,3,0.927923396870028,0,2,4,1,0,0,0,13,9,0,-2.82818323210813,0,0.0769230769230769,0.125,0.055793991416309,0.226555793991416,0,9.6,11.6
2016,POST,00-0030422,D.Sims,Dion Sims,TE,TE,"https://static.www.nfl.com/image/private/f_auto,q_auto/league/gvok1agdl3xtz9nceqfr",1,MIA,0,0,0,0,0,0,0,0,0,0,0,0,,0,,,0,0,0,0,0,0,,0,5,5,34,0,0,0,18,16,1,1.62593659339473,0,1.88888888888889,0.138888888888889,0.072,0.258733333333333,0,3.4,8.4
2016,POST,00-0030432,C.Michael,Christine Michael,RB,RB,"https://static.www.nfl.com/image/private/f_auto,q_auto/league/qlysbozgkexeoohnqrvz",2,GB,0,0,0,0,0,0,0,0,0,0,0,0,,0,,,16,58,0,0,0,4,0.151930550346151,0,1,2,3,0,0,0,-3,3,0,-1.14707126701251,0,-1.0,0.0465116279069768,-0.0083798882681564,0.0639015200727556,0,6.1,7.1
2016,POST,00-0030443,L.Toilolo,Levine Toilolo,TE,TE,"https://static.www.nfl.com/image/private/f_auto,q_auto/league/w6qnlfw0cuxest48srd0",2,ATL,0,0,0,0,0,0,0,0,0,0,0,0,,0,,,0,0,0,0,0,0,,0,3,6,31,0,0,0,33,19,1,-0.693786059357687,0,0.939393939393939,0.08,0.0506912442396313,0.155483870967742,0,3.1,6.1
2016,POST,00-0030496,L.Bell,Le'Veon Bell,RB,RB,"https://static.www.nfl.com/image/private/f_auto,q_auto/league/sm3ij3pcby5ciqwaaqa1",3,PIT,0,0,0,0,0,0,0,0,0,0,0,0,,0,,,65,357,2,0,0,19,11.9723505151342,0,4,7,3,0,0,0,-4,16,1,-2.83621478538901,0,-0.75,0.142857142857143,-0.0112676056338028,0.206398390342052,0,48.0,52.0
2016,POST,00-0030506,T.Kelce,Travis Kelce,TE,TE,"https://static.www.nfl.com/image/private/f_auto,q_auto/league/ryzr3vbragwe50vtj9af",1,KC,0,0,0,0,0,0,0,0,0,0,0,0,,0,,,0,0,0,0,0,0,,0,5,7,77,0,0,0,101,39,3,2.71030235564103,0,0.762376237623762,0.21875,0.433476394849785,0.63155847639485,0,7.7,12.7
2016,POST,00-0030513,L.Murray,Latavius Murray,RB,RB,"https://static.www.nfl.com/image/private/f_auto,q_auto/league/zepm7ghltyeqydn0qxcg",1,LV,0,0,0,0,0,0,0,0,0,0,0,0,,0,,,12,39,1,0,0,2,-0.789878221810795,0,1,4,12,0,0,0,-12,11,0,-5.63861028838437,0,-1.0,0.0888888888888889,-0.0275862068965517,0.114022988505747,0,11.1,12.1
2016,POST,00-0030514,M.Rivera,Mychal Rivera,TE,TE,"https://static.www.nfl.com/image/private/f_auto,q_auto/league/nnbvmfg9qugawrxv2qyt",1,LV,0,0,0,0,0,0,0,0,0,0,0,0,,0,,,0,0,0,0,0,0,,0,4,5,31,0,0,0,27,10,3,2.34657965519,0,1.14814814814815,0.111111111111111,0.0620689655172414,0.210114942528736,0,3.1,7.1
2016,POST,00-0030516,B.Butler,Brice Butler,WR,WR,"https://static.www.nfl.com/image/private/f_auto,q_auto/league/xnr2lcdlhui4vyu6z4ir",1,DAL,0,0,0,0,0,0,0,0,0,0,0,0,,0,,,0,0,0,0,0,0,,0,0,3,0,0,0,0,83,0,0,-2.48485021980014,0,0.0,0.0810810810810811,0.201456310679612,0.26264103909735,0,0.0,0.0
2016,POST,00-0030542,T.Williams,Terrance Williams,WR,WR,"https://static.www.nfl.com/image/private/f_auto,q_auto/league/emdrh1uwgitgnw1wytiv",1,DAL,0,0,0,0,0,0,0,0,0,0,0,0,,0,,,0,0,0,0,0,0,,0,4,6,68,0,0,0,107,18,4,3.12426184071228,0,0.635514018691589,0.162162162162162,0.259708737864078,0.425039359748098,0,6.8,10.8
2016,POST,00-0030564,D.Hopkins,DeAndre Hopkins,WR,WR,"https://static.www.nfl.com/image/upload/f_auto,q_auto/league/jgatj8mtftu06pegapip",2,HOU,0,0,0,0,0,0,0,0,0,0,0,0,,0,,,0,0,0,0,0,0,,0,11,18,132,1,0,0,181,32,5,-0.359879335126607,0,0.729281767955801,0.276923076923077,0.33029197080292,0.646588994946659,0,19.2,30.2
2016,POST,00-0030668,C.West,Charcandrick West,RB,RB,"https://static.www.nfl.com/image/private/f_auto,q_auto/league/ccvw7oos9bzr4ojdiuac",1,KC,0,0,0,0,0,0,0,0,0,0,0,0,,0,,,1,-1,0,0,0,0,-0.801995493005961,0,2,2,14,0,1,1,-2,16,0,-0.841711119661341,0,-7.0,0.0625,-0.0085836909871244,0.0877414163090129,0,-0.7,1.3
2016,POST,00-0030669,A.Wilson,Albert Wilson,WR,WR,"https://static.www.nfl.com/image/private/f_auto,q_auto/league/slythouwdcrug0poiios",1,KC,0,0,0,0,0,0,0,0,0,0,0,0,,0,,,0,0,0,0,0,0,,0,2,3,3,1,0,0,5,3,1,-1.3534905701724,0,0.6,0.09375,0.0214592274678112,0.155646459227468,0,6.3,8.3
2016,POST,00-0030741,R.Nix,Roosevelt Nix,FB,RB,"https://static.www.nfl.com/image/private/f_auto,q_auto/league/ibpity8hbzwonppqziyb",1,PIT,0,0,0,0,0,0,0,0,0,0,0,0,,0,,,0,0,0,0,0,0,,0,0,1,0,0,0,0,4,0,0,-0.579116518143565,0,0.0,0.0212765957446809,0.0089887640449438,0.038207028448482,0,0.0,0.0
2016,POST,00-0030874,D.Williams,Damien Williams,RB,RB,"https://static.www.nfl.com/image/private/f_auto,q_auto/league/ga4vusnfwfvhp2ksqw7x",1,MIA,0,0,0,0,0,0,0,0,0,0,0,0,,0,,,3,14,0,0,0,0,-1.52959601365728,0,1,2,4,1,0,0,2,2,1,2.3705184176797,0,2.0,0.0555555555555556,0.008,0.0889333333333333,0,7.8,8.8
2016,POST,00-0031001,J.Janis,Jeff Janis,WR,WR,"https://static.www.nfl.com/image/private/f_auto,q_auto/league/fldhv9nvnmafss3r9tn2",1,GB,0,0,0,0,0,0,0,0,0,0,0,0,,0,,,0,0,0,0,0,0,,0,0,1,0,0,0,0,15,0,0,-0.428532519727014,0,0.0,0.0232558139534884,0.0418994413407821,0.06421332986878,0,0.0,0.0
2016,POST,00-0031062,J.White,James White,RB,RB,"https://static.www.nfl.com/image/private/f_auto,q_auto/league/z1nnkmnstccnqya5d5ee",3,NE,0,0,0,0,0,0,0,0,0,0,0,0,,0,,,7,29,2,0,0,4,3.55237457703333,1,18,21,137,2,0,0,70,89,7,6.87695215683198,0,1.95714285714286,0.15,0.0539707016191211,0.262779491133385,0,42.6,60.6
2016,POST,00-0031075,A.Blue,Alfred Blue,RB,RB,"https://static.www.nfl.com/image/private/f_auto,q_auto/league/qt9zmmipmlcin4gxs8wt",2,HOU,0,0,0,0,0,0,0,0,0,0,0,0,,0,,,3,6,0,0,0,0,-1.45073383278213,0,0,0,0,0,0,0,0,0,0,,0,,,,,0,0.6,0.6
2016,POST,00-0031085,J.Prosch,Jay Prosch,RB,RB,"https://static.www.nfl.com/image/private/f_auto,q_auto/league/qfxm205gqvzzpy0z2oyw",1,HOU,0,0,0,0,0,0,0,0,0,0,0,0,,0,,,1,1,0,0,0,1,0.281928097363561,0,0,0,0,0,0,0,0,0,0,,0,,,,,0,0.1,0.1
2016,POST,00-0031166,S.Roberts,Seth Roberts,WR,WR,"https://static.www.nfl.com/image/private/f_auto,q_auto/league/wcralkq5mcdpsmjvkatl",1,LV,0,0,0,0,0,0,0,0,0,0,0,0,,0,,,0,0,0,0,0,0,,0,1,7,1,0,0,0,71,3,0,-4.00444871769287,0,0.0140845070422535,0.155555555555556,0.163218390804598,0.347586206896552,0,0.1,1.1
2016,POST,00-0031189,T.Jones,T.J. Jones,WR,WR,"https://static.www.nfl.com/image/private/f_auto,q_auto/league/fqv9h42uxtxjl7jjs2dt",1,DET,0,0,0,0,0,0,0,0,0,0,0,0,,0,,,0,0,0,0,0,0,,0,0,1,0,0,0,0,33,0,0,-0.631359589518979,0,0.0,0.03125,0.127906976744186,0.13640988372093,0,0.0,0.0
2016,POST,00-0031228,T.Gabriel,Taylor Gabriel,WR,WR,"https://static.www.nfl.com/image/private/f_auto,q_auto/league/nc4aoax8j5mnnrjewu7p",3,ATL,0,0,0,0,0,0,0,0,0,0,0,0,,0,,,1,0,0,1,0,0,-0.908109987620264,0,9,14,171,0,0,0,170,62,7,7.45150407683104,0,1.00588235294118,0.144329896907216,0.181236673773987,0.343360517002616,0,17.1,26.1
2016,POST,00-0031235,O.Beckham,Odell Beckham,WR,WR,"https://static.www.nfl.com/image/private/f_auto,q_auto/league/etl34lkiscs2lpc4to2f",1,NYG,0,0,0,0,0,0,0,0,0,0,0,0,,0,,,0,0,0,0,0,0,,0,4,11,28,0,0,0,138,13,2,-4.26960833976045,0,0.202898550724638,0.25,0.299349240780911,0.584544468546638,0,2.8,6.8
2016,POST,00-0031257,P.Richardson,Paul Richardson,WR,WR,"https://static.www.nfl.com/image/private/f_auto,q_auto/league/jxsldwomavxfbs7gueqt",2,SEA,0,0,0,0,0,0,0,0,0,0,0,0,,0,,,0,0,0,0,0,0,,0,7,9,131,1,0,0,176,19,5,13.3907955230679,0,0.744318181818182,0.155172413793103,0.31095406360424,0.450426465212623,0,19.1,26.1
2016,POST,00-0031285,D.Freeman,Devonta Freeman,RB,RB,"https://static.www.nfl.com/image/private/f_auto,q_auto/league/vjhvfwypu1byxfo2uvki",3,ATL,0,0,0,0,0,0,0,0,0,0,0,0,,0,,,39,162,2,0,0,8,-0.684344585315557,0,10,12,168,1,0,0,45,136,5,10.0008176003885,0,3.73333333333333,0.123711340206186,0.0479744136460554,0.219149099861517,0,51.0,61.0
2016,POST,00-0031302,C.Fiedorowicz,C.J. Fiedorowicz,TE,TE,"https://static.www.nfl.com/image/private/f_auto,q_auto/league/syuzjdnhzquetrf9jqvp",2,HOU,0,0,0,0,0,0,0,0,0,0,0,0,,0,,,0,0,0,0,0,0,,0,5,9,71,1,0,0,86,23,4,3.75821241588851,0,0.825581395348837,0.138461538461538,0.156934306569343,0.317546322290848,0,13.1,18.1
2016,POST,00-0031381,D.Adams,Davante Adams,WR,WR,"https://static.www.nfl.com/image/private/f_auto,q_auto/league/grvqvmdzu2lsbgvqoxku",3,GB,0,0,0,0,0,0,0,0,0,0,0,0,,0,,,0,0,0,0,0,0,,0,16,25,217,2,0,0,286,83,12,9.3544730300132,0,0.758741258741259,0.2,0.219325153374233,0.453527607361963,0,33.7,49.7
2016,POST,00-0031382,J.Landry,Jarvis Landry,WR,WR,"https://static.www.nfl.com/image/private/f_auto,q_auto/league/w2q9uwsjvgadwyvnvopb",1,MIA,0,0,0,0,0,0,0,0,0,0,0,0,,0,,,0,0,0,0,0,0,,0,11,14,102,0,0,0,87,48,8,0.532156240816725,0,1.17241379310345,0.388888888888889,0.348,0.826933333333333,0,10.2,21.2
2016,POST,00-0031384,R.Rodgers,Richard Rodgers,TE,TE,"https://static.www.nfl.com/image/private/f_auto,q_auto/league/l9zei9dkcmbml3q1nshk",1,GB,0,0,0,0,0,0,0,0,0,0,0,0,,0,,,0,0,0,0,0,0,,0,1,2,34,1,0,0,34,0,1,2.92844465526287,0,1.0,0.0465116279069768,0.0711297071129707,0.119558236839545,0,9.4,10.4
2016,POST,00-0031387,E.Ebron,Eric Ebron,TE,TE,"https://static.www.nfl.com/image/private/f_auto,q_auto/league/uaxsxymncppase7ihczd",1,DET,0,0,0,0,0,0,0,0,0,0,0,0,,0,,,0,0,0,0,0,0,,0,2,6,23,0,0,0,57,12,2,-1.02793964988086,0,0.403508771929825,0.1875,0.22093023255814,0.435901162790698,0,2.3,4.3
2016,POST,00-0031544,A.Cooper,Amari Cooper,WR,WR,"https://static.www.nfl.com/image/private/f_auto,q_auto/league/zibbxjtein7gpu5zgcj4",1,LV,0,0,0,0,0,0,0,0,0,0,0,0,,0,,,1,0,0,0,0,0,-0.543908012099564,0,2,10,10,0,0,0,160,2,0,-11.3114103773842,0,0.0625,0.222222222222222,0.367816091954023,0.590804597701149,0,1.0,3.0
2016,POST,00-0031547,D.Parker,DeVante Parker,WR,WR,"https://static.www.nfl.com/image/private/f_auto,q_auto/league/beuyfjou6kckaoqqpa96",1,MIA,0,0,0,0,0,0,0,0,0,0,0,0,,0,,,0,0,0,0,0,0,,0,4,6,55,0,0,0,62,12,2,1.89006501473717,0,0.887096774193548,0.166666666666667,0.248,0.4236,0,5.5,9.5
2016,POST,00-0031570,J.Hardy,Justin Hardy,WR,WR,"https://static.www.nfl.com/image/private/f_auto,q_auto/league/bf30pn7pqvdiof0zb6a0",1,ATL,0,0,0,0,0,0,0,0,0,0,0,0,,0,,,1,0,0,0,0,0,-0.493146938737482,0,2,2,18,0,0,0,17,1,2,2.44046990561765,0,1.05882352941176,0.0540540540540541,0.0537974683544304,0.118739308929182,0,1.8,3.8
2016,POST,00-0031589,B.Hundley,Brett Hundley,QB,QB,"https://static.www.nfl.com/image/private/f_auto,q_auto/league/lgplktjykzjrnjsn9x8y",1,GB,0,0,0,0,0,0,0,0,0,0,0,0,,0,,,1,14,0,0,0,1,0.714533063757699,0,0,0,0,0,0,0,0,0,0,,0,,,,,0,1.4,1.4
2016,POST,00-0031590,J.Ajayi,Jay Ajayi,RB,RB,"https://static.www.nfl.com/image/private/f_auto,q_auto/league/bt0drbhvsjykf2xxvskx",1,MIA,0,0,0,0,0,0,0,0,0,0,0,0,,0,,,16,33,0,0,0,0,-7.71267558541149,0,3,3,12,0,0,0,7,5,0,-1.59928859991487,0,1.71428571428571,0.0833333333333333,0.028,0.1446,0,4.5,7.5
2016,POST,00-0031600,,Keith Mumphery,WR,WR,,2,HOU,0,0,0,0,0,0,0,0,0,0,0,0,,0,,,0,0,0,0,0,0,,0,1,4,7,0,0,0,42,2,0,-2.34871672233567,0,0.166666666666667,0.0615384615384615,0.0766423357664234,0.145957327344189,0,0.7,1.7
2016,POST,00-0031612,A.Ripkowski,Aaron Ripkowski,FB,RB,"https://static.www.nfl.com/image/private/f_auto,q_auto/league/aln8oo1hxammcilgzi72",3,GB,0,0,0,0,0,0,0,0,0,0,0,0,,0,,,9,36,1,1,1,2,-7.99060457214364,1,4,5,39,0,0,0,18,26,3,2.9049947206222,0,2.16666666666667,0.0609756097560976,0.0217917675544794,0.106717651922282,0,13.5,17.5
2016,POST,00-0031665,Z.Zenner,Zach Zenner,RB,RB,"https://static.www.nfl.com/image/private/f_auto,q_auto/league/deiznogchpv1vbrmyuax",1,DET,0,0,0,0,0,0,0,0,0,0,0,0,,0,,,11,34,0,0,0,1,-2.93071734812111,0,6,6,54,0,0,0,-5,59,1,3.08905235974817,0,-10.8,0.1875,-0.0193798449612403,0.267684108527132,0,8.8,14.8
2016,POST,00-0031743,A.Hunt,Akeem Hunt,RB,RB,"https://static.www.nfl.com/image/private/f_auto,q_auto/league/mjsxqeuw6ng12xa1z4zy",1,HOU,0,0,0,0,0,0,0,0,0,0,0,0,,0,,,0,0,0,0,0,0,,0,2,2,15,0,0,0,-7,22,0,-0.930676274000048,0,-2.14285714285714,0.05,-0.021021021021021,0.0602852852852853,0,1.5,3.5
2016,POST,00-0031782,E.Rogers,Eli Rogers,WR,WR,"https://static.www.nfl.com/image/private/f_auto,q_auto/league/wj9e3uvudi1wvdsr0qdi",3,PIT,0,0,0,0,0,0,0,0,0,0,0,0,,0,,,0,0,0,0,0,0,,0,13,18,112,0,1,1,132,46,6,0.318251450153952,0,0.848484848484848,0.1875,0.165,0.39675,0,9.2,22.2
2016,POST,00-0031897,T.Rawls,Thomas Rawls,RB,RB,"https://static.www.nfl.com/image/private/f_auto,q_auto/league/uxyelm5j4nm67gmnbih9",2,SEA,0,0,0,0,0,0,0,0,0,0,0,0,,0,,,38,195,1,0,0,12,5.21291418082546,0,1,2,1,0,0,0,3,0,0,-0.933886343205813,0,0.333333333333333,0.0666666666666667,0.0153061224489796,0.110714285714286,0,25.6,26.6
2016,POST,00-0032004,W.Tye,Will Tye,TE,TE,"https://static.www.nfl.com/image/private/f_auto,q_auto/league/dv5nojtrswp6cprkwn2y",1,NYG,0,0,0,0,0,0,0,0,0,0,0,0,,0,,,0,0,0,0,0,0,,0,4,7,66,0,0,0,45,31,1,0.733761814422905,0,1.46666666666667,0.159090909090909,0.0976138828633406,0.306966081640702,0,6.6,10.6
2016,POST,00-0032058,T.Coleman,Tevin Coleman,RB,RB,"https://static.www.nfl.com/image/private/f_auto,q_auto/league/wiu4r7bvhcafs9vamqc",3,ATL,0,0,0,0,0,0,0,0,0,0,0,0,,0,,,29,115,1,0,0,7,-0.535327229008544,0,7,8,63,2,0,0,58,43,5,3.3205471924739,0,1.08620689655172,0.0824742268041237,0.0961857379767828,0.191041356789934,0,35.8,42.8
2016,POST,00-0032128,C.Conley,Chris Conley,WR,WR,"https://static.www.nfl.com/image/private/f_auto,q_auto/league/wddhtkz5tmo47x5s3qnq",1,KC,0,0,0,0,0,0,0,0,0,0,0,0,,0,,,0,0,0,0,0,0,,0,2,3,19,0,0,0,23,4,1,3.39470411802176,0,0.826086956521739,0.09375,0.0987124463519313,0.209723712446352,0,1.9,3.9
2016,POST,00-0032135,J.James,Jesse James,TE,TE,"https://static.www.nfl.com/image/private/f_auto,q_auto/league/rgk9zqdx9lmbcblem3xn",3,PIT,0,0,0,0,0,0,0,0,0,0,0,0,,0,,,0,0,0,0,0,0,,0,11,15,137,0,0,0,109,61,7,4.95214568823576,0,1.25688073394495,0.15625,0.13625,0.32975,0,13.7,24.7
2016,POST,00-0032166,S.Coates,Sammie Coates,WR,WR,"https://static.www.nfl.com/image/private/f_auto,q_auto/league/qtqofzkmblah8ycd4687",1,PIT,0,0,0,0,0,0,0,0,0,0,0,0,,0,,,0,0,0,0,0,0,,0,2,5,34,0,0,0,103,8,1,-0.84756770869717,0,0.330097087378641,0.106382978723404,0.231460674157303,0.321596939995219,0,3.4,5.4
2016,POST,00-0032200,T.Montgomery,Ty Montgomery,WR,WR,"https://static.www.nfl.com/image/private/f_auto,q_auto/league/eagn4fvhnc9cp3wxeqoz",3,GB,0,0,0,0,0,0,0,0,0,0,0,0,,0,,,25,91,2,0,0,5,-4.00463835214032,0,10,14,77,0,0,0,12,60,4,1.64418358492549,0,6.41666666666667,0.112,0.00920245398773,0.174441717791411,0,28.8,38.8
2016,POST,00-0032256,C.Walford,Clive Walford,TE,TE,"https://static.www.nfl.com/image/private/f_auto,q_auto/league/fjs40pz6ry6p7jqzckeg",1,LV,0,0,0,0,0,0,0,0,0,0,0,0,,0,,,0,0,0,0,0,0,,0,2,2,16,0,0,0,6,10,2,1.07187060493743,0,2.66666666666667,0.0444444444444444,0.0137931034482759,0.0763218390804598,0,1.6,3.6
2016,POST,00-0032365,D.Ayers,DeMarcus Ayers,WR,WR,"https://static.www.nfl.com/image/private/f_auto,q_auto/league/besy2ulrjawkla5nfoqt",2,PIT,0,0,0,0,0,0,0,0,0,0,0,0,,0,,,0,0,0,0,0,0,,0,3,3,27,0,0,0,1,26,1,1.75282684375998,0,27.0,0.0612244897959184,0.0028169014084507,0.093808565679793,0,2.7,5.7
2016,POST,00-0032385,S.Shepard,Sterling Shepard,WR,WR,"https://static.www.nfl.com/image/private/f_auto,q_auto/league/qbsz1nkk6lnudmcwimer",1,NYG,0,0,0,0,0,0,0,0,0,0,0,0,,0,,,0,0,0,0,0,0,,0,4,9,63,0,0,0,117,2,4,-3.81483293160592,0,0.538461538461538,0.204545454545455,0.253796095444685,0.484475448629462,0,6.3,10.3
2016,POST,00-0032392,A.Hooper,Austin Hooper,TE,TE,"https://static.www.nfl.com/image/private/f_auto,q_auto/league/jp2z8s6pcanbitupycwc",3,ATL,0,0,0,0,0,0,0,0,0,0,0,0,,0,,,0,0,0,0,0,0,,0,6,9,65,1,0,0,99,26,4,7.12627050845185,0,0.656565656565657,0.0927835051546392,0.105543710021322,0.213055854746884,0,12.5,18.5
2016,POST,00-0032400,M.Mitchell,Malcolm Mitchell,WR,WR,"https://static.www.nfl.com/image/private/f_auto,q_auto/league/sjife00xnfgyraovwpm6",2,NE,0,0,0,0,0,0,0,0,0,0,0,0,,0,,,0,0,0,0,0,0,,0,7,11,75,0,0,0,103,17,4,1.18035926466461,0,0.728155339805825,0.105769230769231,0.124246079613993,0.245626101883641,0,7.5,14.5
2016,POST,00-0032417,P.Perkins,Paul Perkins,RB,RB,"https://static.www.nfl.com/image/private/f_auto,q_auto/league/bvq9v0mxyltlm9b8lstx",1,NYG,0,0,0,0,0,0,0,0,0,0,0,0,,0,,,10,30,0,0,0,1,-2.79985774774104,0,3,5,27,0,0,0,6,31,1,-0.821914090192877,0,4.5,0.113636363636364,0.0130151843817787,0.179565174521791,0,5.7,8.7
2016,POST,00-0032426,A.Collins,Alex Collins,RB,RB,"https://static.www.nfl.com/image/private/f_auto,q_auto/league/ddlhbm7zsi5o69wh6z5o",2,SEA,0,0,0,0,0,0,0,0,0,0,0,0,,0,,,8,27,0,0,0,1,-2.18376613649889,0,3,5,28,0,0,0,24,26,2,-3.18957183999009,0,1.16666666666667,0.0862068965517242,0.0424028268551237,0.158992323626173,0,5.5,8.5
2016,POST,00-0032475,T.McEvoy,Tanner McEvoy,WR,WR,"https://static.www.nfl.com/image/private/f_auto,q_auto/league/sllikin2krzlnyo7cdvt",2,SEA,0,0,0,0,0,0,0,0,0,0,0,0,,0,,,0,0,0,0,0,0,,0,0,2,0,0,0,0,32,0,0,-1.88975092621032,0,0.0,0.0344827586206897,0.0565371024734982,0.0913001096624832,0,0.0,0.0
2016,POST,00-0032602,J.McKissic,J.D. McKissic,RB,RB,"https://static.www.nfl.com/image/private/f_auto,q_auto/league/zi77vkqwrmklt5ic6lc6",2,SEA,0,0,0,0,0,0,0,0,0,0,0,0,,0,,,1,3,0,0,0,0,-0.193563654553145,0,1,2,5,0,0,0,9,3,0,-1.66021149838343,0,0.555555555555556,0.0344827586206897,0.0159010600706714,0.0628548799805045,0,0.8,1.8
2016,POST,00-0032626,G.Allison,Geronimo Allison,WR,WR,"https://static.www.nfl.com/image/private/f_auto,q_auto/league/pngohl9rhrwyiaf7ywnz",3,GB,0,0,0,0,0,0,0,0,0,0,0,0,,0,,,0,0,0,0,0,0,,0,5,8,65,0,0,0,90,21,4,4.36992799537256,0,0.722222222222222,0.064,0.0690184049079755,0.144312883435583,0,6.5,11.5
2016,POST,00-0032725,S.Anderson,Stephen Anderson,TE,TE,"https://static.www.nfl.com/image/private/f_auto,q_auto/league/inufsxftnotmpeot1lh2",2,HOU,0,0,0,0,0,0,0,0,0,0,0,0,,0,,,0,0,0,0,0,0,,0,0,2,0,0,0,0,22,0,0,-2.65788120683283,0,0.0,0.0307692307692308,0.0401459854014599,0.0742560359348681,0,0.0,0.0
2016,POST,00-0032893,C.Cook,Connor Cook,QB,QB,,1,LV,18,45,161,1,3,3,22,0,0,435,53,11,-22.5915893939091,0,0.370114942528736,-0.102361114246551,0,0,0,0,0,0,,0,0,0,0,0,0,0,0,0,0,,0,,,,,0,4.44,4.44
2016,POST,00-0032935,J.Holton,Johnny Holton,WR,WR,"https://static.www.nfl.com/image/private/f_auto,q_auto/league/has0upkyuzqewhty3pb2",1,LV,0,0,0,0,0,0,0,0,0,0,0,0,,0,,,0,0,0,0,0,0,,0,0,2,0,0,0,0,46,0,0,-0.674449104379164,0,0.0,0.0444444444444444,0.105747126436782,0.140689655172414,0,0.0,0.0
2016,POST,00-0032940,D.Washington,DeAndre Washington,RB,RB,"https://static.www.nfl.com/image/private/f_auto,q_auto/league/r89dcprs99qahleja3mz",1,LV,0,0,0,0,0,0,0,0,0,0,0,0,,0,,,4,16,0,0,0,1,0.0158760867780074,0,0,1,0,0,0,0,1,0,0,-0.699288794305176,0,0.0,0.0222222222222222,0.0022988505747126,0.0349425287356322,0,1.6,1.6
2016,POST,00-0033025,J.Richard,Jalen Richard,RB,RB,"https://static.www.nfl.com/image/private/f_auto,q_auto/league/evmn0ccnvk73tukpmk5f",1,LV,0,0,0,0,0,0,0,0,0,0,0,0,,0,,,3,3,0,0,0,0,-1.81482163921464,0,2,2,8,0,0,0,6,2,0,-0.325689522782341,0,1.33333333333333,0.0444444444444444,0.0137931034482759,0.0763218390804598,0,1.1,3.1
2016,POST,00-0033040,T.Hill,Tyreek Hill,WR,WR,"https://static.www.nfl.com/image/private/f_auto,q_auto/league/lsszbdnkusxc7mduw5be",1,KC,0,0,0,0,0,0,0,0,0,0,0,0,,0,,,3,18,0,0,0,1,0.692348379001487,0,4,6,27,0,0,0,5,19,1,0.0341448414255865,0,5.4,0.1875,0.0214592274678112,0.296271459227468,0,4.5,8.5
2016,POST,00-0033045,E.Elliott,Ezekiel Elliott,RB,RB,"https://static.www.nfl.com/image/upload/f_auto,q_auto/league/qf0zgze0wkbvu9rlvolf",1,DAL,0,0,0,0,0,0,0,0,0,0,0,0,,0,,,22,125,0,0,0,5,2.10409938773955,0,1,1,-2,0,0,0,-4,2,0,-0.65329492231831,0,0.5,0.027027027027027,-0.0097087378640776,0.0337444240356862,0,12.3,13.3
2016,POST,00-0033077,D.Prescott,Dak Prescott,QB,QB,"https://static.www.nfl.com/image/private/f_auto,q_auto/league/knx0jxponzfkusnyvjkn",1,DAL,24,38,302,3,1,2,11,0,0,412,110,16,5.43503508163954,0,0.733009708737864,0.162145913090341,2,13,0,0,0,2,2.26871486328309,1,0,0,0,0,0,0,0,0,0,,0,,,,,0,25.38,25.38
2016,POST,00-0033118,K.Drake,Kenyan Drake,RB,RB,"https://static.www.nfl.com/image/private/f_auto,q_auto/league/rp5apwel9vuk49b4lykn",1,MIA,0,0,0,0,0,0,0,0,0,0,0,0,,0,,,0,0,0,0,0,0,,0,0,1,0,0,0,0,-2,0,0,-0.516623644158244,0,0.0,0.0277777777777778,-0.008,0.0360666666666667,0,0.0,0.0
2016,POST,00-0033127,W.Fuller,Will Fuller,WR,WR,"https://static.www.nfl.com/image/private/f_auto,q_auto/league/dgemxvhu8ffqmvmqczks",2,HOU,0,0,0,0,0,0,0,0,0,0,0,0,,0,,,0,0,0,0,0,0,,0,7,11,53,0,0,0,123,27,2,-3.99279202317121,0,0.430894308943089,0.169230769230769,0.224452554744526,0.410962942167322,0,5.3,12.3
2016,REG+POST,00-0019596,T.Brady,Tom Brady,QB,QB,"https://static.www.nfl.com/image/private/f_auto,q_auto/league/q7dpdlxyu5rs05rgh1le",15,NE,384,574,4691,35,5,24,129,4,0,4636,2172,218,173.713847206824,2,1.0118636755824,0.181385413565822,37,77,0,1,0,12,-8.31418382166885,0,0,0,0,0,0,0,0,0,0,,0,,,,,0,329.34,329.34
2016,REG+POST,00-0020337,,Steve Smith,WR,WR,"https://static.www.nfl.com/image/private/f_auto,q_auto/league/k23e0b8cto93he9rt0zc",14,BAL,0,0,0,0,0,0,0,0,0,0,0,0,,0,,,0,0,0,0,0,0,,0,70,101,799,5,0,0,873,281,39,36.7881645861104,2,0.915234822451317,0.17595818815331,0.212460452664882,0.412659599095383,0,113.9,183.9
2016,REG+POST,00-0020531,D.Brees,Drew Brees,QB,QB,"https://static.www.nfl.com/image/private/f_auto,q_auto/league/i20xlpzdmn7xubotijjd",16,NO,471,673,5208,37,15,27,184,5,4,4795,2410,264,113.291073560539,0,1.08613138686131,0.145823879895642,23,20,2,0,0,7,-5.72491437445936,0,0,0,0,0,0,0,0,0,0,,0,,,,,0,332.32,332.32
2016,REG+POST,00-0020679,,Shaun Hill,QB,QB,"https://static.www.nfl.com/image/private/f_auto,q_auto/league/dn42ccbwrshm7uksyphy",3,MIN,19,35,242,0,0,1,7,0,0,348,66,12,6.04588034257783,0,0.695402298850575,0.0641709159830888,5,5,0,0,0,0,-1.78568123397408,0,0,0,0,0,0,0,0,0,0,,0,,,,,0,10.18,10.18
2016,REG+POST,00-0021206,J.McCown,Josh McCown,QB,QB,"https://static.www.nfl.com/image/private/f_auto,q_auto/league/qcauc37wqjdaxdbq1evu",5,CLE,90,165,1100,6,6,18,126,5,4,1649,450,56,-26.3705964848366,1,0.667070952092177,-0.007586449529322,7,21,0,2,0,0,-3.73387604830386,0,0,0,0,0,0,0,0,0,0,,0,,,,,0,52.1,52.1
2016,REG+POST,00-0021429,C.Palmer,Carson Palmer,QB,QB,"https://static.www.nfl.com/image/private/f_auto,q_auto/league/belgna3tokxga0gjjmwk",15,ARI,364,597,4233,26,14,40,281,9,3,5635,1669,218,34.8517897719005,1,0.751197870452529,0.078426532098188,14,38,0,5,1,3,-6.80246983212419,0,0,0,0,0,0,0,0,0,0,,0,,,,,0,243.12,243.12
2016,REG+POST,00-0021547,A.Gates,Antonio Gates,TE,TE,"https://static.www.nfl.com/image/private/f_auto,q_auto/league/kndulvysinvn4tpvt0bc",13,LAC,0,0,0,0,0,0,0,0,0,0,0,0,,0,,,0,0,0,0,0,0,,0,53,93,548,7,1,1,769,188,34,12.8216537446354,0,0.712613784135241,0.204845814977974,0.193751574703956,0.442894824759729,0,94.8,147.8
2016,REG+POST,00-0021678,,Tony Romo,QB,QB,"https://static.www.nfl.com/image/private/f_auto,q_auto/league/rdgaxf7djip2ovlkeqjk",1,DAL,3,4,29,1,0,0,0,0,0,60,10,3,3.70600413612556,0,0.483333333333333,,0,0,0,0,0,0,,0,0,0,0,0,0,0,0,0,0,,0,,,,,0,5.16,5.16
2016,REG+POST,00-0022044,,Andre Johnson,WR,WR,,6,TEN,0,0,0,0,0,0,0,0,0,0,0,0,,0,,,0,0,0,0,0,0,,0,9,23,85,2,0,0,268,15,4,-2.16462636766613,0,0.317164179104478,0.115577889447236,0.149220489977728,0.277821177155264,0,20.5,29.5
2016,REG+POST,00-0022084,,Anquan Boldin,WR,WR,"https://static.www.nfl.com/image/private/f_auto,q_auto/league/ajabgwxbliupgkwjbnut",17,DET,0,0,0,0,0,0,0,0,0,0,0,0,,0,,,0,0,0,0,0,0,,0,69,101,608,8,0,0,579,253,42,23.9813953722904,0,1.05008635578584,0.165032679738562,0.126171279145783,0.335868915009892,0,108.8,177.8
2016,REG+POST,00-0022127,J.Witten,Jason Witten,TE,TE,"https://static.www.nfl.com/image/private/f_auto,q_auto/league/r7uafhtwuexuaty0nhsc",16,DAL,0,0,0,0,0,0,0,0,0,0,0,0,,0,,,0,0,0,0,0,0,,0,75,104,732,4,1,1,686,287,38,26.785323703772,0,1.06705539358601,0.208835341365462,0.166262724188076,0.429636918979846,0,95.2,170.2
2016,REG+POST,00-0022684,D.Jones,Donnie Jones,P,SPEC,"https://static.www.nfl.com/image/private/f_auto,q_auto/league/qds7simibz6lt6ckf5yo",1,PHI,0,0,0,0,0,0,0,0,0,0,0,0,,0,,,1,0,0,1,0,0,-3.66486525349319,0,0,0,0,0,0,0,0,0,0,,0,,,,,0,0.0,0.0
2016,REG+POST,00-0022787,M.Schaub,Matt Schaub,QB,QB,"https://static.www.nfl.com/image/private/f_auto,q_auto/league/mj2kh2nddxnw04ludcx0",3,ATL,1,3,16,0,0,0,0,0,0,18,5,1,-0.144590470124967,0,0.888888888888889,,2,-2,0,0,0,0,-2.43745192582719,0,0,0,0,0,0,0,0,0,0,,0,,,,,0,0.44,0.44
2016,REG+POST,00-0022803,E.Manning,Eli Manning,QB,QB,"https://static.www.nfl.com/image/private/f_auto,q_auto/league/w51tf8uedjftbr4qpaex",17,NYG,400,642,4326,27,17,23,146,8,5,5163,2140,202,-11.531875003863,0,0.83788495061011,0.0357902804991426,22,2,0,0,0,3,-12.0806834902827,0,0,0,0,0,0,0,0,0,0,,0,,,,,0,237.24,237.24
2016,REG+POST,00-0022921,L.Fitzgerald,Larry Fitzgerald,WR,WR,"https://static.www.nfl.com/image/private/f_auto,q_auto/league/ycgjjaad5un42gy4pnga",16,ARI,0,1,0,0,0,0,0,0,0,22,0,0,-0.562379277776927,0,0.0,,2,5,0,0,0,0,-0.431021964061074,0,107,150,1023,6,2,1,1150,358,59,30.5929339222248,0,0.889565217391304,0.235849056603774,0.186839967506093,0.484561562159925,0,136.8,243.8
2016,REG+POST,00-0022924,B.Roethlisberger,Ben Roethlisberger,QB,QB,"https://static.www.nfl.com/image/private/f_auto,q_auto/league/vziogpnyp9d0xtpiuqhr",17,PIT,392,605,4554,32,17,19,156,6,2,5212,2105,219,92.1379245810283,4,0.873752877973906,0.125947383127946,24,25,1,2,0,3,-4.6642794663203,0,0,0,0,0,0,0,0,0,0,,0,,,,,0,288.66,288.66
2016,REG+POST,00-0022942,P.Rivers,Philip Rivers,QB,QB,"https://static.www.nfl.com/image/private/f_auto,q_auto/league/voakyrtj34sghkwxaxxf",16,LAC,349,578,4386,33,21,36,188,7,5,4856,2020,214,51.9453784680184,0,0.903212520593081,0.0995694751276562,14,35,0,2,0,2,-3.78082692356083,0,0,0,0,0,0,0,0,0,0,,0,,,,,0,258.94,258.94
2016,REG+POST,00-0022999,J.Kuhn,John Kuhn,FB,RB,"https://static.www.nfl.com/image/private/f_auto,q_auto/league/nbcwgq2o0ymmx4czvr4b",13,NO,0,0,0,0,0,0,0,0,0,0,0,0,,0,,,18,37,4,0,0,12,4.35298129505827,0,16,20,70,1,0,0,15,50,5,0.410649479861604,0,4.66666666666667,0.0413223140495868,0.0049407114624505,0.0654419690980956,0,40.7,56.7
2016,REG+POST,00-0023436,A.Smith,Alex Smith,QB,QB,"https://static.www.nfl.com/image/private/f_auto,q_auto/league/dpa5d1a8jj6jdymocjkx",16,KC,348,523,3674,16,9,29,146,5,3,3547,1950,190,39.7691492303922,2,1.03580490555399,0.096061602291097,50,143,5,2,1,9,0.307073189022504,0,1,1,3,0,0,0,0,3,0,-0.347905344795436,0,0.0,0.04,,,0,233.56,234.56
2016,REG+POST,00-0023459,A.Rodgers,Aaron Rodgers,QB,QB,"https://static.www.nfl.com/image/private/f_auto,q_auto/league/gnta8ufi2vdp967dui9e",19,GB,481,738,5432,49,9,45,325,5,2,6618,2362,275,168.002683043607,1,0.820791779993956,0.164619899958448,75,431,4,3,2,29,20.6101071793529,1,0,0,0,0,0,0,0,0,0,,0,,,,,0,458.38,458.38
2016,REG+POST,00-0023496,,Vincent Jackson,WR,WR,"https://static.www.nfl.com/image/private/f_auto,q_auto/league/kdquag2thcfulvrs0cbz",5,TB,0,0,0,0,0,0,0,0,0,0,0,0,,0,,,0,0,0,0,0,0,,0,15,32,173,0,0,0,435,16,8,-5.08812084077886,0,0.397701149425287,0.15609756097561,0.212609970674487,0.382973320935555,0,17.3,32.3
2016,REG+POST,00-0023500,F.Gore,Frank Gore,RB,RB,"https://static.www.nfl.com/image/private/f_auto,q_auto/league/lxxkhd2suyalrbruzut7",16,IND,0,0,0,0,0,0,0,0,0,0,0,0,,0,,,263,1025,4,2,1,50,-24.4093460723873,0,38,47,277,4,0,0,1,286,14,10.145314327674,0,277.0,0.0823117338003503,0.0002427184466019,0.123637503613147,0,176.2,214.2
2016,REG+POST,00-0023564,D.Sproles,Darren Sproles,RB,RB,"https://static.www.nfl.com/image/private/f_auto,q_auto/league/gvj5ng27blmwuz170aeo",15,PHI,0,0,0,0,0,0,0,0,0,0,0,0,,0,,,94,438,2,0,0,22,-2.67765008306539,0,52,71,427,2,0,0,35,407,19,1.88815184611226,0,12.2,0.126334519572954,0.0080775444264943,0.195156060457977,0,110.5,162.5
2016,REG+POST,00-0023645,D.Anderson,Derek Anderson,QB,QB,"https://static.www.nfl.com/image/private/f_auto,q_auto/league/w191gsxivnqgdwgydka6",4,CAR,36,53,453,2,5,0,0,0,0,458,161,22,-2.55958169321539,1,0.989082969432314,0.0720867627616339,1,4,0,1,1,0,-3.93402423826046,0,0,0,0,0,0,0,0,0,0,,0,,,,,0,16.52,16.52
2016,REG+POST,00-0023662,M.Cassel,Matt Cassel,QB,QB,"https://static.www.nfl.com/image/private/f_auto,q_auto/league/n1ucqggyu5hlsqzuv5gj",4,TEN,30,51,284,2,2,5,23,1,0,378,71,16,-10.8233929718032,0,0.751322751322751,0.0289009360074968,4,3,0,0,0,0,-5.86982288543368,0,0,0,0,0,0,0,0,0,0,,0,,,,,0,15.66,15.66
2016,REG+POST,00-0023682,R.Fitzpatrick,Ryan Fitzpatrick,QB,QB,"https://static.www.nfl.com/image/private/f_auto,q_auto/league/pkhhxwplsawnhln9rsun",14,NYJ,228,403,2710,12,17,19,81,6,1,3636,1125,128,-18.1257799915156,0,0.745324532453245,0.0382808738309451,33,130,0,3,0,6,5.59836339628246,0,0,0,0,0,0,0,0,0,0,,0,,,,,0,133.4,133.4
2016,REG+POST,00-0023742,J.Ryan,Jon Ryan,P,SPEC,"https://static.www.nfl.com/image/private/f_auto,q_auto/league/jarcsmohj6vbznthlni8",3,SEA,0,1,0,0,0,0,0,1,0,0,0,0,-1.15672595414799,0,,,2,26,0,1,0,1,4.30293723463547,0,0,0,0,0,0,0,0,0,0,,0,,,,,0,2.6,2.6
2016,REG+POST,00-0023894,D.Penn,Donald Penn,T,OL,"https://static.www.nfl.com/image/private/f_auto,q_auto/league/lbarhx9omymxl236etax",1,LV,0,0,0,0,0,0,0,0,0,0,0,0,,0,,,0,0,0,0,0,0,,0,1,1,1,1,0,0,1,0,1,0.62231064849766,0,1.0,0.0172413793103448,0.0020746887966805,0.0273143511231936,0,6.1,7.1
2016,REG+POST,00-0024217,,Reggie Bush,RB,RB,"https://static.www.nfl.com/image/private/f_auto,q_auto/league/z2m2heolqx9sgobdks9v",10,BUF,0,0,0,0,0,0,0,0,0,0,0,0,,0,,,12,-3,1,1,0,2,-5.3453125723463,0,7,10,90,0,0,0,74,40,6,4.54839093275879,1,1.21621621621622,0.0680272108843538,0.0536620739666425,0.13960426810318,0,16.7,23.7
2016,REG+POST,00-0024221,V.Davis,Vernon Davis,TE,TE,"https://static.www.nfl.com/image/private/f_auto,q_auto/league/so5ywayfeeu4zeijln5m",15,WAS,0,0,0,0,0,0,0,0,0,0,0,0,,0,,,0,0,0,0,0,0,,0,44,59,583,2,0,0,525,238,22,11.4548873244947,0,1.11047619047619,0.10573476702509,0.107670221493027,0.233971305582753,0,70.3,114.3
2016,REG+POST,00-0024226,J.Cutler,Jay Cutler,QB,QB,"https://static.www.nfl.com/image/private/f_auto,q_auto/league/ks6n7gvw4vccihlse6bn",5,CHI,81,137,1059,4,5,17,104,5,2,1262,405,45,-26.0477149584224,0,0.839144215530903,0.0108540034652639,5,24,0,1,0,1,-4.47892702673562,0,0,0,0,0,0,0,0,0,0,,0,,,,,0,46.76,46.76
2016,REG+POST,00-0024242,,DeAngelo Williams,RB,RB,"https://static.www.nfl.com/image/private/f_auto,q_auto/league/oky9ooitgqa1fgwdll6b",10,PIT,0,0,0,0,0,0,0,0,0,0,0,0,,0,,,114,379,5,0,0,23,-11.0690135833283,0,25,34,169,2,0,0,-4,167,10,5.58652827470775,1,-42.25,0.123188405797101,-0.0015968063872255,0.183664844224594,0,98.8,123.8
2016,REG+POST,00-0024243,M.Lewis,Marcedes Lewis,TE,TE,"https://static.www.nfl.com/image/private/f_auto,q_auto/league/ppq07tipygpftz5csipx",10,JAX,0,0,0,0,0,0,0,0,0,0,0,0,,0,,,0,0,0,0,0,0,,0,20,30,169,1,0,0,139,106,9,-0.397956304310355,0,1.2158273381295,0.0726392251815981,0.0403249202204816,0.137186281926734,0,22.9,42.9
2016,REG+POST,00-0024264,K.Clemens,Kellen Clemens,QB,QB,"https://static.www.nfl.com/image/private/f_auto,q_auto/league/pxungqbhh61ov73tzaxk",1,LAC,0,1,0,0,0,0,0,0,0,35,0,0,-0.959970277734101,0,0.0,,2,-1,0,0,0,0,-2.03748271026416,0,0,0,0,0,0,0,0,0,0,,0,,,,,0,-0.1,-0.1
2016,REG+POST,00-0024268,A.Fasano,Anthony Fasano,TE,TE,"https://static.www.nfl.com/image/private/f_auto,q_auto/league/twcrap9uhjbazmplq5x3",10,TEN,0,0,0,0,0,0,0,0,0,0,0,0,,0,,,0,0,0,0,0,0,,0,8,14,83,2,0,0,105,38,6,6.90879794635112,0,0.79047619047619,0.0462046204620462,0.0339586028460543,0.0930779526853073,0,20.3,28.3
2016,REG+POST,00-0024296,,Charlie Whitehurst,QB,QB,,1,CLE,14,24,182,1,1,2,14,0,0,265,42,8,2.492261401203,0,0.686792452830189,0.0608367285457615,2,1,0,0,0,0,-0.781606815522537,0,0,0,0,0,0,0,0,0,0,,0,,,,,0,9.38,9.38
2016,REG+POST,00-0024334,B.Marshall,Brandon Marshall,WR,WR,"https://static.www.nfl.com/image/private/f_auto,q_auto/league/jhziqh0scfksvxen6f3s",15,NYJ,0,0,0,0,0,0,0,0,0,0,0,0,,0,,,0,0,0,0,0,0,,0,59,128,788,3,0,0,1602,176,43,-0.404301976595022,0,0.491885143570537,0.248062015503876,0.347807207989579,0.615558068848519,0,96.8,155.8
2016,REG+POST,00-0024389,De.Walker,Delanie Walker,TE,TE,"https://static.www.nfl.com/image/private/f_auto,q_auto/league/diknegkpqy0qnri7877z",15,TEN,0,0,0,0,0,0,0,0,0,0,0,0,,0,,,2,11,0,0,0,1,0.584910688339733,0,65,102,800,7,1,0,966,271,35,23.1747704642863,0,0.82815734989648,0.223194748358862,0.221814006888634,0.490061927360337,0,123.1,188.1
2016,REG+POST,00-0024417,S.Koch,Sam Koch,P,SPEC,"https://static.www.nfl.com/image/private/f_auto,q_auto/league/dw34lcf6qit1i1knjhpv",2,BAL,0,0,0,0,0,0,0,0,0,0,0,0,,0,,,2,-23,0,0,0,0,-5.37705039174762,0,0,0,0,0,0,0,0,0,0,,0,,,,,0,-2.3,-2.3
2016,REG+POST,00-0025394,A.Peterson,Adrian Peterson,RB,RB,"https://static.www.nfl.com/image/private/f_auto,q_auto/league/ug2ua3skqc9f6vkbowxc",3,MIN,0,0,0,0,0,0,0,0,0,0,0,0,,0,,,37,72,0,1,1,3,-18.0665626906557,0,3,6,8,0,0,0,2,11,0,-2.23388756997883,0,4.0,0.0566037735849057,0.0032894736842105,0.0872082919563059,0,6.0,9.0
2016,REG+POST,00-0025396,T.Ginn,Ted Ginn,WR,WR,"https://static.www.nfl.com/image/private/f_auto,q_auto/league/o4m4txrv9l7odyebnea4",16,CAR,0,0,0,0,0,0,0,0,0,0,0,0,,0,,,14,98,0,0,0,4,3.45755938920775,0,54,95,752,4,0,0,1169,182,27,16.3845336805112,0,0.643284858853721,0.171790235081374,0.20715931242247,0.402696871317791,0,109.0,163.0
2016,REG+POST,00-0025418,G.Olsen,Greg Olsen,TE,TE,"https://static.www.nfl.com/image/private/f_auto,q_auto/league/jevf1bubmrv2vvmiwq3r",16,CAR,0,0,0,0,0,0,0,0,0,0,0,0,,0,,,0,0,0,0,0,0,,0,80,129,1073,3,0,0,1406,352,54,24.6325376260324,1,0.763157894736842,0.233273056057866,0.249158249158249,0.524320358497574,0,127.3,207.3
2016,REG+POST,00-0025430,D.Stanton,Drew Stanton,QB,QB,"https://static.www.nfl.com/image/private/f_auto,q_auto/league/di5hc0mwbomreqx7ojbu",5,ARI,19,48,192,2,3,1,8,0,0,547,78,11,-13.1743208008742,0,0.351005484460695,-0.0596179829784278,3,-3,0,0,0,0,-3.56791137479013,0,0,0,0,0,0,0,0,0,0,,0,,,,,0,9.38,9.38
2016,REG+POST,00-0025549,B.Celek,Brent Celek,TE,TE,"https://static.www.nfl.com/image/private/f_auto,q_auto/league/mit6ahic4gkdhy1hkejt",10,PHI,0,0,0,0,0,0,0,0,0,0,0,0,,0,,,0,0,0,0,0,0,,0,14,19,155,0,1,0,118,87,8,2.46255870275236,0,1.3135593220339,0.0523415977961433,0.0491461890878801,0.112914729055731,0,15.5,29.5
2016,REG+POST,00-0025708,M.Moore,Matt Moore,QB,QB,"https://static.www.nfl.com/image/private/f_auto,q_auto/league/h04zarfikqlgerdftbgp",5,MIA,84,123,1010,9,4,6,36,3,2,979,445,51,27.6050048006296,0,1.03166496424923,0.148741275683293,2,1,0,0,0,0,-4.60396222490295,0,0,0,0,0,0,0,0,0,0,,0,,,,,0,64.5,64.5
2016,REG+POST,00-0026008,,Matthew Mulligan,TE,TE,"https://static.www.nfl.com/image/private/f_auto,q_auto/league/okuwvdnxk6weqzz3tglf",2,DET,0,0,0,0,0,0,0,0,0,0,0,0,,0,,,0,0,0,0,0,0,,0,2,2,6,0,0,0,-4,10,0,-2.80128107406199,0,0.0,0.025974025974026,-0.0068376068376068,0.0341747141747142,0,0.6,2.6
2016,REG+POST,00-0026019,D.Woodhead,Danny Woodhead,RB,RB,"https://static.www.nfl.com/image/private/f_auto,q_auto/league/gorlqe0etvc8ek5wob7j",2,LAC,0,0,0,0,0,0,0,0,0,0,0,0,,0,,,19,116,0,0,0,6,3.54364913143218,0,6,8,35,1,0,0,14,31,2,0.330102769634615,0,2.5,0.131147540983607,0.033175355450237,0.219944060290576,0,21.1,27.1
2016,REG+POST,00-0026035,D.Amendola,Danny Amendola,WR,WR,"https://static.www.nfl.com/image/private/f_auto,q_auto/league/etz06w7s0ardf49mnayz",14,NE,0,0,0,0,0,0,0,0,0,0,0,0,,0,,,1,15,0,0,0,1,1.36744754330721,0,33,44,333,5,1,1,367,99,20,13.5009762848972,1,0.907356948228883,0.0831758034026465,0.0846792801107522,0.184039201181496,0,64.8,97.8
2016,REG+POST,00-0026069,M.Tolbert,Mike Tolbert,FB,RB,"https://static.www.nfl.com/image/private/f_auto,q_auto/league/frwhwdhbcteyg7xjha7a",15,CAR,0,0,0,0,0,0,0,0,0,0,0,0,,0,,,35,114,0,0,0,5,-6.77783199837604,0,10,15,72,1,0,0,-4,83,4,-9.10239377128892,0,-18.0,0.0480769230769231,-0.0014722119985277,0.0710848362164152,0,24.6,34.6
2016,REG+POST,00-0026143,M.Ryan,Matt Ryan,QB,QB,"https://static.www.nfl.com/image/private/f_auto,q_auto/league/s6zam4ekrrnonsck6vak",19,ATL,443,632,5958,47,7,45,294,5,3,5557,2714,292,227.403721352664,1,1.0721612380781,0.21508448064695,41,137,1,2,0,14,-12.0262516393039,1,0,0,0,0,0,0,0,0,0,,0,,,,,0,430.02,430.02
2016,REG+POST,00-0026144,D.McFadden,Darren McFadden,RB,RB,"https://static.www.nfl.com/image/private/f_auto,q_auto/league/bfvionxxsfckmjqtw4kv",3,DAL,0,0,0,0,0,0,0,0,0,0,0,0,,0,,,24,87,0,0,0,5,-1.53314409119776,0,3,5,17,0,0,0,-10,25,1,-0.836983782239258,0,-1.7,0.0588235294117647,-0.0182481751824818,0.0754615714899098,0,10.4,13.4
2016,REG+POST,00-0026153,J.Stewart,Jonathan Stewart,RB,RB,"https://static.www.nfl.com/image/private/f_auto,q_auto/league/dzvxfj3xrgnzc3jbag2n",13,CAR,0,0,0,0,0,0,0,0,0,0,0,0,,0,,,218,824,9,3,2,47,-16.8404342406429,0,8,21,60,0,0,0,26,74,1,-6.846378536044,0,2.30769230769231,0.0513447432762836,0.0066023362112747,0.0816387502623178,0,138.4,146.4
2016,REG+POST,00-0026158,J.Flacco,Joe Flacco,QB,QB,"https://static.www.nfl.com/image/upload/f_auto,q_auto/league/dwsbpmlhoqud0puidizt",16,BAL,436,672,4317,20,15,33,243,4,2,4967,2071,204,-26.375798897187,4,0.86913629957721,0.0403157391112952,21,58,2,1,1,6,0.115982206916669,0,0,0,0,0,0,0,0,0,0,,0,,,,,0,242.48,242.48
2016,REG+POST,00-0026164,C.Johnson,Chris Johnson,RB,RB,"https://static.www.nfl.com/image/private/f_auto,q_auto/league/ryf9nc84eovvdbf0cz79",4,ARI,0,0,0,0,0,0,0,0,0,0,0,0,,0,,,25,95,1,0,0,5,-1.16759339417331,0,0,1,0,0,0,0,2,0,0,-1.6848772871308,0,0.0,0.0222222222222222,0.0042643923240938,0.036318407960199,0,15.5,15.5
2016,REG+POST,00-0026176,J.Nelson,Jordy Nelson,WR,WR,"https://static.www.nfl.com/image/private/f_auto,q_auto/league/bde2n4ozsakatgs4yyp2",18,GB,0,0,0,0,0,0,0,0,0,0,0,0,,0,,,0,0,0,0,0,0,,0,104,164,1337,15,1,1,2058,371,66,75.314435895435,0,0.649659863945578,0.235632183908046,0.332149774047773,0.58595311769551,0,221.7,325.7
2016,REG+POST,00-0026182,,Eddie Royal,WR,WR,"https://static.www.nfl.com/image/private/f_auto,q_auto/league/xoejgvlit9inmaazsvk4",9,CHI,0,0,0,0,0,0,0,0,0,0,0,0,,0,,,0,0,0,0,0,0,,0,33,43,369,2,1,0,258,187,16,14.6860739577225,0,1.43023255813954,0.126470588235294,0.0932080924855491,0.254951547092826,1,54.9,87.9
2016,REG+POST,00-0026184,M.Forte,Matt Forte,RB,RB,"https://static.www.nfl.com/image/private/f_auto,q_auto/league/olqssssjykcx7tx7xsy3",14,NYJ,0,0,0,0,0,0,0,0,0,0,0,0,,0,,,218,813,7,1,1,35,-18.9782973708934,0,30,43,263,1,0,0,-27,275,10,-6.16987882270183,0,-9.74074074074074,0.0940919037199125,-0.0069053708439897,0.136304095989076,0,153.6,183.6
2016,REG+POST,00-0026189,D.Jackson,DeSean Jackson,WR,WR,"https://static.www.nfl.com/image/private/f_auto,q_auto/league/pr5m864fqvnoozihylrh",15,WAS,0,0,0,0,0,0,0,0,0,0,0,0,,0,,,0,0,0,0,0,0,,0,56,100,1005,4,0,0,1489,281,35,33.1251501405505,0,0.67494963062458,0.178571428571429,0.30675731355583,0.482587262346224,0,124.5,180.5
2016,REG+POST,00-0026197,C.Henne,Chad Henne,QB,QB,"https://static.www.nfl.com/image/private/f_auto,q_auto/league/ornr9pcnzveqlntqc7jx",1,JAX,0,0,0,0,0,0,0,0,0,0,0,0,,0,,,1,-2,0,0,0,0,0.0,0,0,0,0,0,0,0,0,0,0,,0,,,,,0,-0.2,-0.2
2016,REG+POST,00-0026201,M.Bennett,Martellus Bennett,TE,TE,"https://static.www.nfl.com/image/private/f_auto,q_auto/league/repls3tq1d4jnvwmaqia",19,NE,0,0,0,0,0,0,0,0,0,0,0,0,,0,,,2,10,0,0,0,0,-0.006491282954812,0,66,88,799,7,0,0,482,467,36,43.3609445947968,0,1.65767634854772,0.128279883381924,0.0866594750089896,0.253081457579179,0,122.9,188.9
2016,REG+POST,00-0026213,J.Charles,Jamaal Charles,RB,RB,"https://static.www.nfl.com/image/private/f_auto,q_auto/league/mdrlzgankwwjldxllgcx",3,KC,0,0,0,0,0,0,0,0,0,0,0,0,,0,,,12,40,1,0,0,3,0.778563508123625,0,2,3,14,0,0,0,-7,17,1,-1.22460233852558,0,-2.0,0.0422535211267606,-0.0155555555555556,0.052491392801252,0,11.4,13.4
2016,REG+POST,00-0026224,H.Douglas,Harry Douglas,WR,WR,"https://static.www.nfl.com/image/private/f_auto,q_auto/league/hblmz1iaov5vqx7cd9cv",7,TEN,0,0,0,0,0,0,0,0,0,0,0,0,,0,,,0,0,0,0,0,0,,0,15,22,210,0,0,0,229,50,9,-2.11688584464719,0,0.917030567685589,0.0928270042194093,0.0970750317931327,0.207193028584307,0,21.0,36.0
2016,REG+POST,00-0026267,,Jacob Tamme,TE,TE,"https://static.www.nfl.com/image/private/f_auto,q_auto/league/kfyqh9qmtwufzixwuoo2",8,ATL,0,0,0,0,0,0,0,0,0,0,0,0,,0,,,0,0,0,0,0,0,,0,22,31,210,3,0,0,191,96,13,3.75310719712713,0,1.09947643979058,0.111913357400722,0.108893956670468,0.24409580577041,0,39.0,61.0
2016,REG+POST,00-0026281,,Gary Barnidge,TE,TE,"https://static.www.nfl.com/image/private/f_auto,q_auto/league/qhfzxti66ga02dok4etx",16,CLE,0,0,0,0,0,0,0,0,0,0,0,0,,0,,,0,0,0,0,0,0,,0,55,82,612,2,0,0,574,240,34,28.3641459308174,1,1.06620209059233,0.146953405017921,0.12494558119286,0.307892014361884,0,75.2,130.2
2016,REG+POST,00-0026286,,Jerome Felton,FB,RB,"https://static.www.nfl.com/image/private/f_auto,q_auto/league/mkg1584egfz8psc6gca7",11,BUF,0,0,0,0,0,0,0,0,0,0,0,0,,0,,,8,13,0,0,0,5,0.020115266321227,0,6,9,57,0,0,0,31,34,4,3.51197374641197,0,1.83870967741935,0.045,0.0182460270747499,0.0802722189523249,0,7.0,13.0
2016,REG+POST,00-0026289,T.Hightower,Tim Hightower,RB,RB,"https://static.www.nfl.com/image/private/f_auto,q_auto/league/azokebvu5bctrltqy38r",15,NO,0,0,0,0,0,0,0,0,0,0,0,0,,0,,,133,548,4,0,0,32,-2.04695295316044,0,22,26,200,1,0,0,-13,210,11,7.38187870245303,0,-15.3846153846154,0.0600461893764434,-0.0045217391304347,0.0869040666733608,0,104.8,126.8
2016,REG+POST,00-0026293,M.Slater,Matt Slater,WR,WR,"https://static.www.nfl.com/image/private/f_auto,q_auto/league/cs1ojdzhxjuanbw6vflv",2,NE,0,0,0,0,0,0,0,0,0,0,0,0,,0,,,1,5,0,0,0,1,0.649665486882441,0,0,1,0,0,0,0,49,0,0,-0.471469910349697,0,0.0,0.0285714285714286,0.170731707317073,0.162369337979094,0,0.5,0.5
2016,REG+POST,00-0026298,,Kellen Davis,TE,TE,"https://static.www.nfl.com/image/private/f_auto,q_auto/league/bftuje5hq6fnlmpc0uhy",1,NYJ,0,0,0,0,0,0,0,0,0,0,0,0,,0,,,0,0,0,0,0,0,,0,0,1,0,0,0,0,4,0,0,-0.68608298804611,0,0.0,0.0294117647058824,0.0098039215686274,0.0509803921568627,0,0.0,0.0
2016,REG+POST,00-0026345,P.Garcon,Pierre Garcon,WR,WR,"https://static.www.nfl.com/image/private/f_auto,q_auto/league/xwjogot7xrfj9qwhsgtn",16,WAS,0,0,0,0,0,0,0,0,0,0,0,0,,0,,,0,0,0,0,0,0,,0,79,114,1041,3,0,0,1177,342,52,53.2886592606151,0,0.884451996601529,0.192242833052277,0.226433243555214,0.446867520067064,0,122.1,201.1
2016,REG+POST,00-0026373,,Justin Forsett,RB,RB,"https://static.www.nfl.com/image/private/f_auto,q_auto/league/o86dvbcs8dcubcpj6fnu",9,DEN,0,0,0,0,0,0,0,0,0,0,0,0,,0,,,87,291,1,2,1,10,-28.1575623041717,0,20,27,85,0,0,0,7,100,4,-7.58774992629963,0,12.1428571428571,0.0805970149253731,0.0025744759102611,0.122697655525243,0,41.6,61.6
2016,REG+POST,00-0026393,M.Reece,Marcel Reece,FB,RB,"https://static.www.nfl.com/image/private/f_auto,q_auto/league/nqy3arwxgk4lwh3pfrr3",6,SEA,0,0,0,0,0,0,0,0,0,0,0,0,,0,,,3,0,0,0,0,0,-2.31778855319135,0,7,7,88,0,0,0,49,39,3,5.06252959743142,1,1.79591836734694,0.0443037974683544,0.0318388564002599,0.0887428956827136,0,10.8,17.8
2016,REG+POST,00-0026498,M.Stafford,Matthew Stafford,QB,QB,"https://static.www.nfl.com/image/private/f_auto,q_auto/league/icjfdfsncqlsqe49iujv",17,DET,406,626,4532,24,10,40,239,3,2,4679,2337,227,66.6512917644177,1,0.968583030562086,0.102992344681723,40,222,2,0,0,16,22.5690782146558,0,0,0,0,0,0,0,0,0,0,,0,,,,,0,289.48,289.48
2016,REG+POST,00-0026544,C.Daniel,Chase Daniel,QB,QB,"https://static.www.nfl.com/image/private/f_auto,q_auto/league/jt8fvgeyuhsbpo9m9t4x",1,PHI,1,1,16,0,0,0,0,0,0,5,11,1,1.59690578101436,0,3.2,,0,0,0,0,0,0,,0,0,0,0,0,0,0,0,0,0,,0,,,,,0,0.64,0.64
2016,REG+POST,00-0026625,B.Hoyer,Brian Hoyer,QB,QB,"https://static.www.nfl.com/image/private/f_auto,q_auto/league/japt3mj2xctm7saqndxn",6,CHI,134,200,1445,6,0,4,18,1,1,1566,704,75,34.8079290136543,0,0.922733077905492,0.111304849890236,7,-2,0,1,0,0,-4.49651056993753,0,0,0,0,0,0,0,0,0,0,,0,,,,,0,79.6,79.6
2016,REG+POST,00-0026739,,Jordan Norwood,WR,WR,"https://static.www.nfl.com/image/private/f_auto,q_auto/league/kdrgruvmcbm12bfluhna",14,DEN,0,0,0,0,0,0,0,0,0,0,0,0,,0,,,1,0,0,0,0,0,-0.438210796564817,0,21,35,232,1,1,1,284,69,9,-7.33180437254356,0,0.816901408450704,0.0733752620545073,0.0662931839402428,0.156468121839931,0,27.2,48.2
2016,REG+POST,00-0026796,,Arian Foster,RB,RB,,4,MIA,0,0,0,0,0,0,0,0,0,0,0,0,,0,,,22,55,0,1,0,2,-9.53343541945994,0,6,10,78,0,0,0,39,68,2,-2.51488147542908,0,2.0,0.119047619047619,0.0550070521861777,0.217076365101753,0,13.3,19.3
2016,REG+POST,00-0026855,,Antone Smith,RB,RB,"https://static.www.nfl.com/image/private/f_auto,q_auto/league/m45j6r43nwv5bsy0ooyo",3,TB,0,0,0,0,0,0,0,0,0,0,0,0,,0,,,10,47,0,2,1,1,-4.65630784007954,0,6,9,77,0,0,0,35,74,2,1.45166307227919,0,2.2,0.0825688073394496,0.0334608030592734,0.147275773150666,0,10.4,16.4
2016,REG+POST,00-0026898,M.Sanchez,Mark Sanchez,QB,QB,"https://static.www.nfl.com/image/private/f_auto,q_auto/league/e12qugcuc1cpgkf0crfn",2,DAL,10,18,93,0,2,3,25,0,0,24,89,5,-11.8623070587265,0,3.875,-0.0304019434658417,4,-2,0,0,0,0,-4.7356369017507,0,0,0,0,0,0,0,0,0,0,,0,,,,,0,-0.48,-0.48
2016,REG+POST,00-0026901,M.Wallace,Mike Wallace,WR,WR,"https://static.www.nfl.com/image/private/f_auto,q_auto/league/dy9z5wbsitf6l9psjq4y",16,BAL,0,0,0,0,0,0,0,0,0,0,0,0,,0,,,5,31,0,0,0,2,1.04700213356409,0,72,116,1017,4,1,0,1414,427,43,33.2329636879811,1,0.719236209335219,0.174436090225564,0.2828,0.459614135338346,0,130.8,202.8
2016,REG+POST,00-0026932,C.Peerman,Cedric Peerman,RB,RB,"https://static.www.nfl.com/image/private/f_auto,q_auto/league/a2vztwdw7rtpl9q9hzds",1,CIN,0,0,0,0,0,0,0,0,0,0,0,0,,0,,,6,15,0,0,0,0,-2.44673570565647,0,0,1,0,0,0,0,0,0,0,-0.471093602944166,0,,0.04,,,0,1.5,1.5
2016,REG+POST,00-0026957,D.Johnson,David Johnson,TE,TE,"https://static.www.nfl.com/image/private/f_auto,q_auto/league/td6y6zc2m3ifhcfd4yz9",12,PIT,0,0,0,0,0,0,0,0,0,0,0,0,,0,,,0,0,0,0,0,0,,0,8,12,81,0,0,0,57,55,5,-1.57258326612646,1,1.42105263157895,0.0289156626506024,0.0173727522096922,0.0555344205226881,0,10.1,18.1
2016,REG+POST,00-0026983,D.Heyward-Bey,Darrius Heyward-Bey,WR,WR,"https://static.www.nfl.com/image/private/f_auto,q_auto/league/d5otkkbb0z2rdd2bjatd",9,PIT,0,0,0,0,0,0,0,0,0,0,0,0,,0,,,1,60,1,0,0,1,5.37660760898143,0,7,22,124,2,0,0,471,18,5,-8.08635848485805,0,0.263269639065817,0.0654761904761905,0.169485426412379,0.216854084202951,0,36.4,43.4
2016,REG+POST,00-0026986,M.Crabtree,Michael Crabtree,WR,WR,"https://static.www.nfl.com/image/private/f_auto,q_auto/league/kcavcmeyaion38ewxwyk",17,LV,0,0,0,0,0,0,0,0,0,0,0,0,,0,,,0,0,0,0,0,0,,0,91,152,1036,8,2,0,1579,267,58,35.6565365534137,1,0.656111462951235,0.239747634069401,0.317514578725116,0.581881656211682,0,153.6,244.6
2016,REG+POST,00-0026995,J.Maclin,Jeremy Maclin,WR,WR,"https://static.www.nfl.com/image/private/f_auto,q_auto/league/tvlsuugnbn0idb0tbtgw",13,KC,0,1,0,0,0,0,0,0,0,3,0,0,-0.434599092113785,0,0.0,,1,-1,0,0,0,0,-0.868891800753772,0,46,80,564,2,0,0,889,144,31,7.4147495562121,0,0.634420697412823,0.184757505773672,0.292049934296978,0.481571212668392,0,68.3,114.3
2016,REG+POST,00-0026998,,Percy Harvin,WR,WR,"https://static.www.nfl.com/image/private/f_auto,q_auto/league/ly7xvqfvoehf5jqrzzcq",1,BUF,0,0,0,0,0,0,0,0,0,0,0,0,,0,,,1,11,0,0,0,1,0.685339682502672,0,2,4,6,0,0,0,8,3,0,-2.53099127090536,0,0.75,0.148148148148148,0.0516129032258065,0.258351254480287,0,1.7,3.7
2016,REG+POST,00-0027006,K.Britt,Kenny Britt,WR,WR,"https://static.www.nfl.com/image/private/f_auto,q_auto/league/joozpvuyykyxjogcg3r5",15,LA,0,0,0,0,0,0,0,0,0,0,0,0,,0,,,0,0,0,0,0,0,,0,68,111,1002,5,2,1,1265,295,47,34.6071470558285,0,0.792094861660079,0.221115537848606,0.339233038348083,0.569136433616566,0,128.2,196.2
2016,REG+POST,00-0027029,L.McCoy,LeSean McCoy,RB,RB,"https://static.www.nfl.com/image/private/f_auto,q_auto/league/cpc1a2dgivdyevuncz7p",15,BUF,0,0,0,0,0,0,0,0,0,0,0,0,,0,,,234,1267,13,3,0,55,14.0774436952056,1,50,57,356,1,0,0,-28,388,18,13.5678370172613,0,-12.7142857142857,0.144303797468354,-0.0079342589968829,0.210901714904714,0,248.3,298.3
2016,REG+POST,00-0027057,B.Tate,Brandon Tate,WR,WR,"https://static.www.nfl.com/image/private/f_auto,q_auto/league/uzpf58ijo44jfqakwv83",8,BUF,0,0,0,0,0,0,0,0,0,0,0,0,,0,,,3,48,0,0,0,2,3.65069527662126,0,8,11,117,0,0,0,85,52,6,8.45472460289602,0,1.37647058823529,0.0628571428571429,0.0478334271243669,0.127769113272771,0,16.5,24.5
2016,REG+POST,00-0027061,J.Cook,Jared Cook,TE,TE,"https://static.www.nfl.com/image/private/f_auto,q_auto/league/cthoenebptadlu4g928v",13,GB,0,0,0,0,0,0,0,0,0,0,0,0,,0,,,0,0,0,0,0,0,,0,48,83,606,3,1,1,907,192,32,25.4167136340679,0,0.668136714443219,0.17965367965368,0.20764652014652,0.414833083583084,0,76.6,124.6
2016,REG+POST,00-0027125,Z.Miller,Zach Miller,TE,TE,"https://static.www.nfl.com/image/private/f_auto,q_auto/league/ghvzkuugli86zstauzvr",10,CHI,0,0,0,0,0,0,0,0,0,0,0,0,,0,,,0,0,0,0,0,0,,0,47,64,486,4,0,0,427,221,28,20.3274972342739,0,1.13817330210773,0.186588921282799,0.145238095238095,0.381550048590865,0,72.6,119.6
2016,REG+POST,00-0027135,,Brandon Myers,TE,TE,"https://static.www.nfl.com/image/private/f_auto,q_auto/league/tzyfv93n3bgtbmywjczu",8,TB,0,0,0,0,0,0,0,0,0,0,0,0,,0,,,0,0,0,0,0,0,,0,7,14,59,1,0,0,116,14,4,1.99595936707919,1,0.508620689655172,0.0580912863070539,0.0521348314606742,0.123631311483053,0,13.9,20.9
2016,REG+POST,00-0027139,J.Phillips,John Phillips,TE,TE,"https://static.www.nfl.com/image/private/f_auto,q_auto/league/i1t7zl2f5t0wwj72yxj7",8,NO,0,0,0,0,0,0,0,0,0,0,0,0,,0,,,0,0,0,0,0,0,,0,10,15,72,1,0,0,73,24,4,0.128154078416982,0,0.986301369863014,0.0451807228915663,0.0316702819956616,0.0899402817343125,0,13.2,23.2
2016,REG+POST,00-0027145,,Pat McAfee,P,SPEC,"https://static.www.nfl.com/image/private/f_auto,q_auto/league/giz54xrdfqrdu9nezfee",2,IND,1,1,35,0,0,0,0,0,0,17,18,1,5.03646184399258,0,2.05882352941176,,1,0,0,0,0,0,-3.38499389332719,0,0,0,0,0,0,0,0,0,0,,0,,,,,0,1.4,1.4
2016,REG+POST,00-0027150,J.Edelman,Julian Edelman,WR,WR,"https://static.www.nfl.com/image/private/f_auto,q_auto/league/u0hbuo2bsvtlg7lnxm43",19,NE,0,1,0,0,0,0,0,0,0,24,0,0,-1.85449199564755,0,0.0,,14,71,0,1,0,4,1.26756806956837,0,119,195,1448,4,1,1,1868,612,69,53.4704992020301,1,0.775160599571735,0.284256559766764,0.335850413520316,0.661480129114367,0,175.9,294.9
2016,REG+POST,00-0027155,,Rashad Jennings,RB,RB,"https://static.www.nfl.com/image/private/f_auto,q_auto/league/r48elxgcxhdkfkazlqab",14,NYG,0,0,0,0,0,0,0,0,0,0,0,0,,0,,,186,622,3,0,0,30,-31.173176062759,0,36,43,205,1,1,0,-84,271,8,-1.19802437465309,0,-2.44047619047619,0.0868686868686869,-0.020563035495716,0.115908905456029,0,106.7,142.7
2016,REG+POST,00-0027215,L.Paulsen,Logan Paulsen,TE,TE,"https://static.www.nfl.com/image/private/f_auto,q_auto/league/rckjvflmpzh9tiescxcd",7,CHI,0,0,0,0,0,0,0,0,0,0,0,0,,0,,,0,0,0,0,0,0,,0,3,10,15,0,0,0,48,4,1,-13.5551528118667,0,0.3125,0.0403225806451613,0.0257234726688103,0.0784903018359091,0,1.5,4.5
2016,REG+POST,00-0027218,,Joique Bell,RB,RB,"https://static.www.nfl.com/image/private/f_auto,q_auto/league/mpibe74w5hnraxk823vf",2,DET,0,0,0,0,0,0,0,0,0,0,0,0,,0,,,3,6,0,0,0,0,-4.31423643743619,0,1,1,-2,0,0,0,-2,0,0,-0.927171911927871,0,1.0,0.0294117647058824,-0.0081967213114754,0.0383799421407907,0,0.4,1.4
2016,REG+POST,00-0027265,V.Cruz,Victor Cruz,WR,WR,"https://static.www.nfl.com/image/private/f_auto,q_auto/league/q15bky6cm2stbiy0zafu",15,NYG,0,0,0,0,0,0,0,0,0,0,0,0,,0,,,0,0,0,0,0,0,,0,42,76,616,1,1,1,880,204,26,13.2127284309741,0,0.7,0.136200716845878,0.191762911309654,0.338535113185575,0,65.6,107.6
2016,REG+POST,00-0027325,L.Blount,LeGarrette Blount,RB,RB,"https://static.www.nfl.com/image/private/f_auto,q_auto/league/s3eilto1yi0yhoamvvo3",19,NE,0,0,0,0,0,0,0,0,0,0,0,0,,0,,,334,1270,19,3,2,75,-30.1495362160627,0,8,9,46,0,0,0,1,46,1,-0.571359942667186,0,46.0,0.0416666666666667,0.0006455777921239,0.0629519044544868,0,241.6,249.6
2016,REG+POST,00-0027531,C.Ivory,Chris Ivory,RB,RB,"https://static.www.nfl.com/image/private/f_auto,q_auto/league/wuhrkffigvt55hcqd4yw",11,JAX,0,0,0,0,0,0,0,0,0,0,0,0,,0,,,117,439,3,5,3,21,-33.9056568308442,0,20,28,186,0,0,0,-1,189,9,10.924225899064,0,-186.0,0.0671462829736211,-0.0002857142857142,0.100519424460432,0,74.5,94.5
2016,REG+POST,00-0027547,M.Sherels,Marcus Sherels,CB,DB,"https://static.www.nfl.com/image/private/f_auto,q_auto/league/qgwd89z8jxh5o9ln6cmp",2,MIN,0,0,0,0,0,0,0,0,0,0,0,0,,0,,,0,0,0,0,0,0,,0,0,0,0,0,0,0,0,0,0,,0,,,,,2,12.0,12.0
2016,REG+POST,00-0027595,,Bryan Walters,WR,WR,,8,JAX,0,0,0,0,0,0,0,0,0,0,0,0,,0,,,1,4,0,0,0,1,0.429183994419873,0,24,34,231,2,0,0,212,98,15,10.3135374508818,0,1.08962264150943,0.108974358974359,0.0851747689835275,0.223083876750008,0,35.5,59.5
2016,REG+POST,00-0027651,,Dexter McCluster,WR,WR,"https://static.www.nfl.com/image/private/f_auto,q_auto/league/vawlifwslfzekg0e35ig",6,LAC,0,0,0,0,0,0,0,0,0,0,0,0,,0,,,3,2,0,0,0,0,-1.26333226234419,0,7,11,36,0,0,0,17,44,2,-7.91134092285528,0,2.11764705882353,0.0555555555555556,0.0109748224661072,0.0910157090596083,0,3.8,10.8
2016,REG+POST,00-0027654,A.Benn,Arrelious Benn,WR,WR,"https://static.www.nfl.com/image/private/f_auto,q_auto/league/mrdtswjobu20gukdl2cp",7,JAX,0,0,0,0,0,0,0,0,0,0,0,0,,0,,,0,0,0,0,0,0,,0,5,10,116,1,0,0,113,53,3,7.62364634050755,0,1.02654867256637,0.0346020761245675,0.0474789915966387,0.0851384083044983,0,17.6,22.6
2016,REG+POST,00-0027656,R.Gronkowski,Rob Gronkowski,TE,TE,"https://static.www.nfl.com/image/private/f_auto,q_auto/league/svpo7chliiymc0r7hegp",8,NE,0,0,0,0,0,0,0,0,0,0,0,0,,0,,,0,0,0,0,0,0,,0,25,38,540,3,0,0,529,227,19,35.1978982362614,0,1.02079395085066,0.144486692015209,0.250710900473934,0.392227668354567,0,72.0,97.0
2016,REG+POST,00-0027675,E.Dickson,Ed Dickson,TE,TE,"https://static.www.nfl.com/image/private/f_auto,q_auto/league/qtxat8xwaclkqfkj5lrq",12,CAR,0,0,0,0,0,0,0,0,0,0,0,0,,0,,,0,0,0,0,0,0,,0,10,19,134,1,0,0,168,69,7,-2.9865653324523,0,0.797619047619048,0.0432801822323462,0.0404916847433116,0.0932644526688375,0,19.4,29.4
2016,REG+POST,00-0027681,B.LaFell,Brandon LaFell,WR,WR,"https://static.www.nfl.com/image/private/f_auto,q_auto/league/x4wifb5arw0neuwg1cch",16,CIN,0,0,0,0,0,0,0,0,0,0,0,0,,0,,,1,-2,0,0,0,0,-0.823016214650124,0,64,107,862,6,0,0,1071,344,42,30.635616898777,0,0.804855275443511,0.197416974169742,0.248146431881372,0.469827963571573,0,122.0,186.0
2016,REG+POST,00-0027685,E.Sanders,Emmanuel Sanders,WR,WR,"https://static.www.nfl.com/image/private/f_auto,q_auto/league/potkibjtm855tsawozs0",15,DEN,0,0,0,0,0,0,0,0,0,0,0,0,,0,,,1,4,0,0,0,0,-0.0480126799084246,0,79,137,1032,5,1,0,1683,252,50,20.2249693114064,0,0.61319073083779,0.258979206049149,0.357780612244898,0.638915237645152,0,133.6,212.6
2016,REG+POST,00-0027690,E.Decker,Eric Decker,WR,WR,"https://static.www.nfl.com/image/private/f_auto,q_auto/league/jg5ftnvxz4jdiajzeoyn",3,NYJ,0,0,0,0,0,0,0,0,0,0,0,0,,0,,,0,0,0,0,0,0,,0,9,21,194,2,0,0,333,30,9,7.62569606195868,0,0.582582582582583,0.1875,0.333667334669339,0.514817134268537,0,31.4,40.4
2016,REG+POST,00-0027691,A.Roberts,Andre Roberts,WR,WR,"https://static.www.nfl.com/image/private/f_auto,q_auto/league/hjoyjewh7knoafxt4k93",13,DET,0,0,0,0,0,0,0,0,0,0,0,0,,0,,,0,0,0,0,0,0,,0,14,25,188,1,0,0,359,63,9,6.53686459721311,0,0.523676880222841,0.0541125541125541,0.105495151337056,0.15501543710477,2,36.8,50.8
2016,REG+POST,00-0027696,J.Graham,Jimmy Graham,TE,TE,"https://static.www.nfl.com/image/private/f_auto,q_auto/league/h7xs06oj6g03mippwtse",18,SEA,0,0,0,0,0,0,0,0,0,0,0,0,,0,,,1,0,0,0,0,0,-0.465611942810938,0,71,102,982,7,2,2,933,346,49,43.7403393423904,0,1.05251875669882,0.168316831683168,0.175640060240964,0.375423289693427,0,136.2,207.2
2016,REG+POST,00-0027714,,Dennis Pitta,TE,TE,"https://static.www.nfl.com/image/private/f_auto,q_auto/league/liu0pixlkbyftxesaq06",16,BAL,0,0,0,0,0,0,0,0,0,0,0,0,,0,,,0,0,0,0,0,0,,0,86,121,729,2,1,1,745,295,37,-16.2064236600396,0,0.978523489932886,0.181954887218045,0.149,0.377232330827068,0,82.9,168.9
2016,REG+POST,00-0027725,C.Harbor,Clay Harbor,TE,TE,"https://static.www.nfl.com/image/private/f_auto,q_auto/league/spuxscdmedvqosq5yrho",2,DET,0,0,0,0,0,0,0,0,0,0,0,0,,0,,,0,0,0,0,0,0,,0,3,3,19,0,0,0,4,15,1,0.364645625115372,0,4.75,0.05,0.0106951871657754,0.0824866310160428,0,1.9,4.9
2016,REG+POST,00-0027791,,James Starks,RB,RB,"https://static.www.nfl.com/image/private/f_auto,q_auto/league/ohxqulg4xjfmbbkkltqj",9,GB,0,0,0,0,0,0,0,0,0,0,0,0,,0,,,63,145,0,0,0,9,-22.4489071457025,0,19,25,134,2,1,0,-32,162,4,1.54713065691689,0,-4.1875,0.0915750915750916,-0.0157635467980296,0.126328154604017,0,39.9,58.9
2016,REG+POST,00-0027793,A.Brown,Antonio Brown,WR,WR,"https://static.www.nfl.com/image/private/f_auto,q_auto/league/ecxsx9t7bfg42bgfwj3v",18,PIT,0,0,0,0,0,0,0,0,0,0,0,0,,0,,,3,9,0,0,0,1,-0.49487103917636,0,124,183,1593,14,0,0,1872,597,75,53.6508825641035,0,0.850961538461539,0.281972265023112,0.3365090778357,0.658514752019659,0,244.2,368.2
2016,REG+POST,00-0027796,J.Webb,Joe Webb,QB,QB,"https://static.www.nfl.com/image/private/f_auto,q_auto/league/hjieero9ugbyu7n1629h",2,CAR,0,0,0,0,0,0,0,0,0,0,0,0,,0,,,0,0,0,0,0,0,,0,1,3,3,0,0,0,27,0,0,-1.94744722923443,0,0.111111111111111,0.032967032967033,0.03,0.0704505494505495,0,0.3,1.3
2016,REG+POST,00-0027816,,Marc Mariani,WR,WR,"https://static.www.nfl.com/image/private/f_auto,q_auto/league/jdhln1ulusmjybwdha4k",1,TEN,0,0,0,0,0,0,0,0,0,0,0,0,,0,,,1,15,0,0,0,1,0.905892768641934,0,0,0,0,0,0,0,0,0,0,,0,,,,,0,1.5,1.5
2016,REG+POST,00-0027854,S.Bradford,Sam Bradford,QB,QB,"https://static.www.nfl.com/image/private/f_auto,q_auto/league/fizwrxzfdaw7v2vzzpn6",15,MIN,395,552,3877,20,5,37,276,9,5,3508,1964,197,36.286745421735,0,1.10518814139111,0.0989301573598889,20,53,0,1,0,3,-16.3860456293914,0,1,1,5,0,0,0,0,5,0,-0.0147498613223434,0,0.0,0.025,,,0,220.88,221.88
2016,REG+POST,00-0027861,C.Spiller,C.J. Spiller,RB,RB,"https://static.www.nfl.com/image/private/f_auto,q_auto/league/jqbnrdpq9c2nbchzntxt",5,NYJ,0,0,0,0,0,0,0,0,0,0,0,0,,0,,,6,18,0,0,0,2,-1.11815263167955,0,6,13,50,1,1,0,76,28,2,-1.73528760019498,0,0.657894736842105,0.0778443113772455,0.0554744525547445,0.155598583854189,0,12.8,18.8
2016,REG+POST,00-0027864,,Ryan Mathews,RB,RB,"https://static.www.nfl.com/image/private/f_auto,q_auto/league/mai5izn84cdrvxlkwagb",13,PHI,0,0,0,0,0,0,0,0,0,0,0,0,,0,,,155,661,8,3,2,38,-10.9795017840073,2,13,14,115,1,0,0,10,107,7,4.27669120091014,0,11.5,0.0422960725075529,0.0058685446009389,0.0675520899819866,0,131.6,144.6
2016,REG+POST,00-0027873,J.Gresham,Jermaine Gresham,TE,TE,"https://static.www.nfl.com/image/private/f_auto,q_auto/league/higvmot083ues41wbdgi",16,ARI,0,0,0,0,0,0,0,0,0,0,0,0,,0,,,0,0,0,0,0,0,,0,37,61,391,2,1,0,452,138,19,9.17702548363013,0,0.865044247787611,0.0959119496855346,0.0734362307067425,0.195273286023022,0,51.1,88.1
2016,REG+POST,00-0027874,D.Thomas,Demaryius Thomas,WR,WR,"https://static.www.nfl.com/image/private/f_auto,q_auto/league/p1yjsqtqimjd6iazu3h9",16,DEN,0,0,0,0,0,0,0,0,0,0,0,0,,0,,,0,0,0,0,0,0,,0,90,144,1083,5,2,2,1481,322,50,24.7286470425067,1,0.731262660364619,0.258992805755396,0.298950343157045,0.597754448843025,0,136.3,226.3
2016,REG+POST,00-0027891,G.Tate,Golden Tate,WR,WR,"https://static.www.nfl.com/image/private/f_auto,q_auto/league/yfqebrp2o9t1gt1wqjku",17,DET,0,0,0,0,0,0,0,0,0,0,0,0,,0,,,11,4,0,1,1,1,-10.7171430450398,0,94,140,1102,4,1,0,1124,627,48,23.4199636127537,1,0.980427046263345,0.228758169934641,0.244933536718239,0.514590730604728,0,134.6,228.6
2016,REG+POST,00-0027902,D.Bryant,Dez Bryant,WR,WR,"https://static.www.nfl.com/image/private/f_auto,q_auto/league/jmggujwkiv7osgkhhnhl",14,DAL,1,1,10,1,0,0,0,0,0,10,0,1,1.7572321020416,0,1.0,,0,0,0,0,0,0,,0,59,108,928,10,1,1,1499,188,44,37.2657626133203,0,0.619079386257505,0.249422632794457,0.403934249528429,0.656887923861586,0,155.2,214.2
2016,REG+POST,00-0027905,,Will Tukuafu,FB,RB,"https://static.www.nfl.com/image/private/f_auto,q_auto/league/szb9kincx0nhxnwxxmcj",3,SEA,0,0,0,0,0,0,0,0,0,0,0,0,,0,,,2,2,0,0,0,0,-3.08681910956511,0,0,1,0,0,0,0,5,0,0,-0.979923420585692,0,0.0,0.0285714285714286,0.0161812297734628,0.0541840036985668,0,0.2,0.2
2016,REG+POST,00-0027918,,Andrew Hawkins,WR,WR,,16,CLE,0,0,0,0,0,0,0,0,0,0,0,0,,0,,,2,0,0,0,0,0,-1.42451729741879,0,33,54,324,3,0,0,430,128,20,11.7468498692941,0,0.753488372093023,0.0967741935483871,0.0889532478278858,0.207428563802101,0,50.4,83.4
2016,REG+POST,00-0027925,J.Develin,James Develin,FB,RB,"https://static.www.nfl.com/image/private/f_auto,q_auto/league/ryhocvpml27otxnncc2h",7,NE,0,0,0,0,0,0,0,0,0,0,0,0,,0,,,0,0,0,0,0,0,,0,5,9,31,0,0,0,25,22,3,-1.36857353008236,0,1.24,0.0333333333333333,0.0132345156167284,0.0592641609317099,0,3.1,8.1
2016,REG+POST,00-0027939,C.Newton,Cam Newton,QB,QB,"https://static.www.nfl.com/image/private/f_auto,q_auto/league/zwmgw2gmnn2kch4nquft",15,CAR,270,510,3509,19,14,36,277,2,2,5253,1310,172,-23.4908191939068,1,0.667999238530364,0.0178723060468571,90,359,5,1,0,28,3.84350567224084,1,0,0,0,0,0,0,0,0,0,,0,,,,,0,254.26,254.26
2016,REG+POST,00-0027942,A.Green,A.J. Green,WR,WR,"https://static.www.nfl.com/image/private/f_auto,q_auto/league/guj5a9vnnzqfiljupzuj",10,CIN,0,0,0,0,0,0,0,0,0,0,0,0,,0,,,0,0,0,0,0,0,,0,66,100,964,4,0,0,1236,258,41,48.5642337403204,0,0.779935275080906,0.286532951289398,0.413516226162596,0.719260785247915,0,120.4,186.4
2016,REG+POST,00-0027944,J.Jones,Julio Jones,WR,WR,"https://static.www.nfl.com/image/upload/f_auto,q_auto/league/omrddf2phtyztzx2nup1",17,ATL,0,0,0,0,0,0,0,0,0,0,0,0,,0,,,0,0,0,0,0,0,,0,102,153,1743,9,0,0,2096,511,81,90.0132878160813,0,0.831583969465649,0.266550522648084,0.410980392156863,0.687512058481929,0,228.3,330.3
2016,REG+POST,00-0027948,B.Gabbert,Blaine Gabbert,QB,QB,"https://static.www.nfl.com/image/private/f_auto,q_auto/league/fphhd3wedamgkps6e0dl",6,SF,91,160,925,5,6,11,48,0,0,1351,358,51,-33.1821908748013,0,0.684678016284234,-0.0072761662093481,40,173,2,0,0,15,13.1543679135502,0,1,1,-16,0,0,0,-12,-4,0,-3.02633354160935,0,0.0,0.0285714285714286,-0.0615384615384615,-0.0002197802197802,0,72.7,73.7
2016,REG+POST,00-0027966,M.Ingram,Mark Ingram,RB,RB,"https://static.www.nfl.com/image/private/f_auto,q_auto/league/qyju9wutyssrf0b26ran",16,NO,0,0,0,0,0,0,0,0,0,0,0,0,,0,,,205,1043,6,2,2,49,-5.29390313064231,2,46,58,319,4,0,0,9,324,18,15.9819862850237,0,35.4444444444444,0.0922098569157393,0.0019629225736096,0.139688831175136,0,196.2,242.2
2016,REG+POST,00-0027973,A.Dalton,Andy Dalton,QB,QB,"https://static.www.nfl.com/image/private/f_auto,q_auto/league/xrwmjyexhhwpoxhtrhl2",16,CIN,364,563,4206,18,8,41,264,4,1,4416,1820,204,63.6883107907476,0,0.952445652173913,0.109562687011667,46,184,4,5,2,17,-0.065153800562257,0,0,0,0,0,0,0,0,0,0,,0,,,,,0,260.64,260.64
2016,REG+POST,00-0027974,,Colin Kaepernick,QB,QB,"https://static.www.nfl.com/image/private/f_auto,q_auto/league/nnvil5vbsj1nbldpc9nl",11,SF,196,331,2241,16,4,36,207,7,1,2662,1112,101,-8.83520018832217,0,0.841848234410218,0.0299521688707261,69,468,2,2,2,28,24.8612596564466,1,0,0,0,0,0,0,0,0,0,,0,,,,,0,200.44,200.44
2016,REG+POST,00-0027981,K.Rudolph,Kyle Rudolph,TE,TE,"https://static.www.nfl.com/image/private/f_auto,q_auto/league/mtvrkfel5750mlevcvtp",16,MIN,0,0,0,0,0,0,0,0,0,0,0,0,,0,,,0,0,0,0,0,0,,0,83,132,840,7,0,0,856,359,50,31.4761019844286,0,0.981308411214953,0.225641025641026,0.220960247805885,0.493133711925658,0,126.0,209.0
2016,REG+POST,00-0027985,L.Kendricks,Lance Kendricks,TE,TE,"https://static.www.nfl.com/image/private/f_auto,q_auto/league/njjeo5udwowpbfnufl5l",16,LA,0,0,0,0,0,0,0,0,0,0,0,0,,0,,,0,0,0,0,0,0,,0,50,87,499,2,1,1,433,276,22,-9.49409485353653,0,1.15242494226328,0.164150943396226,0.112701717855284,0.325117617593038,0,59.9,109.9
2016,REG+POST,00-0027994,S.Vereen,Shane Vereen,RB,RB,"https://static.www.nfl.com/image/private/f_auto,q_auto/league/grirsvo53nqb22jzb1zk",5,NYG,0,0,0,0,0,0,0,0,0,0,0,0,,0,,,33,158,1,1,1,8,-3.99170904711355,0,11,19,94,0,1,1,47,88,4,-9.51276822527871,0,2.0,0.116564417177914,0.0381493506493506,0.201551171221417,0,27.2,38.2
2016,REG+POST,00-0027996,T.Smith,Torrey Smith,WR,WR,"https://static.www.nfl.com/image/private/f_auto,q_auto/league/sqvbn4ybxagyfwva3i51",12,SF,0,0,0,0,0,0,0,0,0,0,0,0,,0,,,0,0,0,0,0,0,,0,20,49,267,3,0,0,660,61,14,-14.1243050832563,0,0.404545454545455,0.134246575342466,0.214913708889613,0.351809459236427,0,44.7,64.7
2016,REG+POST,00-0028002,R.Cobb,Randall Cobb,WR,WR,"https://static.www.nfl.com/image/private/f_auto,q_auto/league/kuwo5hnkbtesfw6n9w1s",16,GB,0,0,0,0,0,0,0,0,0,0,0,0,,0,,,10,33,0,0,0,4,1.34589986651554,0,78,108,870,7,0,0,783,448,48,47.4030705461692,0,1.11111111111111,0.173354735152488,0.136008337675873,0.355237939101843,0,132.3,210.3
2016,REG+POST,00-0028009,D.Murray,DeMarco Murray,RB,RB,"https://static.www.nfl.com/image/private/f_auto,q_auto/league/lu4pqg7cvxbz7z4oormo",16,TEN,1,2,10,1,0,0,0,0,0,28,0,1,1.84490349597763,0,0.357142857142857,,293,1287,9,3,1,64,-12.7366555218724,0,53,67,377,3,0,0,59,320,20,9.45575655978691,0,6.38983050847458,0.136734693877551,0.012566560170394,0.213898632935602,0,240.8,293.8
2016,REG+POST,00-0028011,S.Ridley,Stevan Ridley,RB,RB,"https://static.www.nfl.com/image/private/f_auto,q_auto/league/futdstbe48qaqcvtolzj",1,ATL,0,0,0,0,0,0,0,0,0,0,0,0,,0,,,3,7,0,0,0,1,-0.427070885081776,0,0,0,0,0,0,0,0,0,0,,0,,,,,0,0.7,0.7
2016,REG+POST,00-0028012,R.Mallett,Ryan Mallett,QB,QB,"https://static.www.nfl.com/image/private/f_auto,q_auto/league/tvn03oot2ttdoog5x0qr",4,BAL,3,6,26,0,1,0,0,0,0,60,19,1,-4.21530669013737,0,0.433333333333333,-0.0270538688103929,5,-6,0,0,0,0,-3.43093718553428,0,0,0,0,0,0,0,0,0,0,,0,,,,,0,-1.56,-1.56
2016,REG+POST,00-0028040,,Jordan Cameron,TE,TE,"https://static.www.nfl.com/image/private/f_auto,q_auto/league/oyhmlsxyzwbznmeqnf9i",3,MIA,0,0,0,0,0,0,0,0,0,0,0,0,,0,,,0,0,0,0,0,0,,0,8,11,60,1,0,0,87,28,3,0.350065804901533,0,0.689655172413793,0.102803738317757,0.0890481064483112,0.216539281990453,0,12.0,20.0
2016,REG+POST,00-0028042,L.Stocker,Luke Stocker,TE,TE,"https://static.www.nfl.com/image/private/f_auto,q_auto/league/keoilbfzupthtliuou1a",6,TB,0,0,0,0,0,0,0,0,0,0,0,0,,0,,,0,0,0,0,0,0,,0,5,8,23,0,0,0,12,20,2,-2.03570665367772,0,1.91666666666667,0.0412371134020619,0.0088235294117647,0.0680321406913281,0,2.3,7.3
2016,REG+POST,00-0028050,,Greg Salas,WR,WR,,2,BUF,0,0,0,0,0,0,0,0,0,0,0,0,,0,,,0,0,0,0,0,0,,0,4,6,89,1,0,0,93,33,3,6.67648283811286,0,0.956989247311828,0.115384615384615,0.181640625,0.300225360576923,0,14.9,18.9
2016,REG+POST,00-0028052,,Cecil Shorts,WR,WR,"https://static.www.nfl.com/image/private/f_auto,q_auto/league/zdsyqinswn0k8664k9qs",7,TB,0,0,0,0,0,0,0,0,0,0,0,0,,0,,,0,0,0,0,0,0,,0,11,27,152,0,0,0,393,45,8,-0.356460711816349,0,0.38676844783715,0.103846153846154,0.146423248882265,0.258265504986816,0,15.2,26.2
2016,REG+POST,00-0028059,C.Prosinski,Chris Prosinski,FS,DB,"https://static.www.nfl.com/image/private/f_auto,q_auto/league/i33hoobrfihsekxbvsew",1,CHI,0,0,0,0,0,0,0,0,0,0,0,0,,0,,,1,2,0,0,0,1,2.16368054645136,0,0,0,0,0,0,0,0,0,0,,0,,,,,0,0.2,0.2
2016,REG+POST,00-0028063,T.Jones,Taiwan Jones,RB,RB,"https://static.www.nfl.com/image/private/f_auto,q_auto/league/va09vgfr7bdc2wb6ikq4",3,LV,0,0,0,0,0,0,0,0,0,0,0,0,,0,,,1,-8,0,0,0,0,-1.31242181034759,0,4,4,43,0,0,0,-16,59,3,2.83361116761807,0,-2.6875,0.0363636363636364,-0.0186046511627907,0.0415221987315011,0,3.5,7.5
2016,REG+POST,00-0028064,B.Powell,Bilal Powell,RB,RB,"https://static.www.nfl.com/image/private/f_auto,q_auto/league/a5qlloemeetaqawzwuf7",16,NYJ,0,0,0,0,0,0,0,0,0,0,0,0,,0,,,131,722,3,0,0,46,8.08977435410906,0,58,74,388,2,1,1,-33,420,22,-6.01634571604186,0,-11.7575757575758,0.141221374045802,-0.0078928486008132,0.206307067048133,0,139.0,197.0
2016,REG+POST,00-0028067,J.Thomas,Julius Thomas,TE,TE,"https://static.www.nfl.com/image/private/f_auto,q_auto/league/ephrfopvlebj4fdcl67a",9,JAX,0,0,0,0,0,0,0,0,0,0,0,0,,0,,,0,0,0,0,0,0,,0,30,51,281,4,0,0,363,95,15,1.52605971926763,0,0.774104683195592,0.134210526315789,0.112071627045384,0.279765928405453,0,52.1,82.1
2016,REG+POST,00-0028074,A.Sherman,Anthony Sherman,RB,RB,"https://static.www.nfl.com/image/private/f_auto,q_auto/league/ibmfpy4ztgmqfwtood5x",7,KC,0,0,0,0,0,0,0,0,0,0,0,0,,0,,,0,0,0,0,0,0,,0,5,7,14,0,0,0,-2,9,1,0.458217424922623,0,-7.0,0.0351758793969849,-0.0020725388601036,0.0513130418934049,0,1.4,6.4
2016,REG+POST,00-0028083,J.Rodgers,Jacquizz Rodgers,RB,RB,"https://static.www.nfl.com/image/private/f_auto,q_auto/league/ztmescfueap5glplyf7w",10,TB,0,0,0,0,0,0,0,0,0,0,0,0,,0,,,129,560,2,0,0,29,-4.34433691436483,0,13,16,98,0,0,0,1,90,3,0.36120933431436,0,98.0,0.0480480480480481,0.0003478260869565,0.0723155503329416,0,77.8,90.8
2016,REG+POST,00-0028087,D.Lewis,Dion Lewis,RB,RB,"https://static.www.nfl.com/image/private/f_auto,q_auto/league/erzmtaaz3eimbg998hyq",10,NE,0,0,0,0,0,0,0,0,0,0,0,0,,0,,,89,362,1,2,0,19,-3.16423986845276,0,22,36,127,1,0,0,173,118,6,-6.63830450724345,0,0.734104046242775,0.0888888888888889,0.0525676086295959,0.17013065937405,1,66.9,88.9
2016,REG+POST,00-0028091,J.Kerley,Jeremy Kerley,WR,WR,"https://static.www.nfl.com/image/private/f_auto,q_auto/league/lsfc40maht2r3k0ctu1b",16,SF,0,0,0,0,0,0,0,0,0,0,0,0,,0,,,0,0,0,0,0,0,,0,64,115,667,3,1,0,988,207,33,-23.5131114137261,0,0.675101214574899,0.236139630390144,0.248178849535293,0.52793464025992,0,84.7,148.7
2016,REG+POST,00-0028093,N.Paul,Niles Paul,TE,TE,"https://static.www.nfl.com/image/private/f_auto,q_auto/league/c2hufhhjyuitenxujhpz",2,WAS,0,0,0,0,0,0,0,0,0,0,0,0,,0,,,0,0,0,0,0,0,,0,2,2,27,0,0,0,1,26,2,2.23844915791415,0,27.0,0.0240963855421687,0.0012091898428053,0.0369910112032167,0,2.7,4.7
2016,REG+POST,00-0028097,L.Smith,Lee Smith,TE,TE,"https://static.www.nfl.com/image/private/f_auto,q_auto/league/gcaqwhzrinlqicrljwlr",3,LV,0,0,0,0,0,0,0,0,0,0,0,0,,0,,,0,0,0,0,0,0,,0,6,6,29,0,0,0,-3,32,0,-0.197048475034535,0,0.0,0.0521739130434783,-0.0034682080924855,0.0758331239004775,0,2.9,8.9
2016,REG+POST,00-0028112,C.Clay,Charles Clay,TE,TE,"https://static.www.nfl.com/image/private/f_auto,q_auto/league/gbfhfjn5cxtou5aazegt",15,BUF,0,0,0,0,0,0,0,0,0,0,0,0,,0,,,0,0,0,0,0,0,,0,57,87,552,4,0,0,694,192,22,17.6730406896514,0,0.795389048991354,0.205188679245283,0.172251178952594,0.42835884413474,0,79.2,136.2
2016,REG+POST,00-0028114,D.Harris,Dwayne Harris,WR,WR,"https://static.www.nfl.com/image/private/f_auto,q_auto/league/cz34jefkstkm3mvjznvg",1,NYG,0,0,0,0,0,0,0,0,0,0,0,0,,0,,,0,0,0,0,0,0,,0,1,1,13,1,0,0,13,0,1,2.05879625468515,0,1.0,0.037037037037037,0.035230352303523,0.0802168021680217,0,7.3,8.3
2016,REG+POST,00-0028116,A.Robinson,Aldrick Robinson,WR,WR,"https://static.www.nfl.com/image/private/f_auto,q_auto/league/lzdmahvzc7tm4pulh2sj",15,ATL,0,0,0,0,0,0,0,0,0,0,0,0,,0,,,0,0,0,0,0,0,,0,20,36,323,2,0,0,490,76,14,14.6680564732524,0,0.659183673469388,0.072,0.111974405850091,0.186382084095064,0,44.3,64.3
2016,REG+POST,00-0028118,T.Taylor,Tyrod Taylor,QB,QB,"https://static.www.nfl.com/image/private/f_auto,q_auto/league/qx6t1lqmc9ws9ledobzn",15,BUF,269,436,3023,17,6,42,192,1,1,4095,1138,147,33.0429042292322,1,0.738217338217338,0.091553582876851,95,580,6,3,1,31,16.3581077056349,1,0,0,0,0,0,0,0,0,0,,0,,,,,0,270.92,270.92
2016,REG+POST,00-0028121,J.Todman,Jordan Todman,RB,RB,"https://static.www.nfl.com/image/private/f_auto,q_auto/league/lhoxroo20gf8a3mbiczr",5,IND,0,0,0,0,0,0,0,0,0,0,0,0,,0,,,9,59,0,0,0,3,-2.00136686622864,0,0,1,0,0,0,0,-2,0,0,-0.422840999264736,0,0.0,0.0357142857142857,-0.0073529411764705,0.0484243697478992,1,11.9,11.9
2016,REG+POST,00-0028142,V.Green,Virgil Green,TE,TE,"https://static.www.nfl.com/image/private/f_auto,q_auto/league/wcdedz1qf7ybkujat6bu",10,DEN,0,0,0,0,0,0,0,0,0,0,0,0,,0,,,0,0,0,0,0,0,,0,22,37,237,1,0,0,254,101,13,8.27685197058599,0,0.933070866141732,0.103064066852368,0.0818826563507415,0.211913959724071,0,29.7,51.7
2016,REG+POST,00-0028198,M.Asiata,Matt Asiata,RB,RB,,16,MIN,0,0,0,0,0,0,0,0,0,0,0,0,,0,,,121,402,6,1,1,27,-26.7509585850057,0,32,38,263,0,0,0,23,246,9,0.980496118891107,0,11.4347826086957,0.0688405797101449,0.0075335735342286,0.108534371039177,0,100.5,132.5
2016,REG+POST,00-0028202,S.Draughn,Shaun Draughn,RB,RB,"https://static.www.nfl.com/image/private/f_auto,q_auto/league/bxkirs3zrup0djv8x2ns",14,SF,0,0,0,0,0,0,0,0,0,0,0,0,,0,,,74,196,4,0,0,15,-14.2351415732992,0,29,39,263,2,1,1,140,186,10,2.94173861253461,0,1.87857142857143,0.110169491525424,0.0547516621040282,0.203580400760955,0,79.9,108.9
2016,REG+POST,00-0028237,C.Hogan,Chris Hogan,WR,WR,"https://static.www.nfl.com/image/private/f_auto,q_auto/league/fmpqnciwjqicsjzy63mc",18,NE,0,0,0,0,0,0,0,0,0,0,0,0,,0,,,3,9,0,0,0,0,-0.787108494201675,0,55,81,1012,6,1,1,1154,308,38,52.5688917297157,0,0.876949740034662,0.125,0.220313096601756,0.341719167621229,0,136.1,191.1
2016,REG+POST,00-0028249,J.Ross,Jeremy Ross,WR,WR,"https://static.www.nfl.com/image/private/f_auto,q_auto/league/r5cp8mxbvtn7tomfavni",1,ARI,0,0,0,0,0,0,0,0,0,0,0,0,,0,,,0,0,0,0,0,0,,0,4,4,37,1,0,0,30,7,4,4.25661451934138,0,1.23333333333333,0.0952380952380952,0.0691244239631337,0.191244239631336,0,9.7,13.7
2016,REG+POST,00-0028263,A.Holmes,Andre Holmes,WR,WR,"https://static.www.nfl.com/image/private/f_auto,q_auto/league/ujb4sism9jdte3o8ofve",15,LV,0,0,0,0,0,0,0,0,0,0,0,0,,0,,,0,0,0,0,0,0,,0,18,30,176,4,0,0,277,26,13,6.50321032066271,0,0.635379061371841,0.0528169014084507,0.0676765208893232,0.126598916735202,0,41.6,59.6
2016,REG+POST,00-0028409,D.Harris,DuJuan Harris,RB,RB,"https://static.www.nfl.com/image/private/f_auto,q_auto/league/bm9b6aulywolcwjqjcpo",8,SF,0,0,0,0,0,0,0,0,0,0,0,0,,0,,,38,138,0,1,1,6,-15.8997551611392,0,8,9,115,1,1,1,-4,121,4,4.41417286735923,0,-28.75,0.0833333333333333,-0.0057388809182209,0.120982783357245,0,27.3,35.3
2016,REG+POST,00-0028411,D.Inman,Dontrelle Inman,WR,WR,"https://static.www.nfl.com/image/private/f_auto,q_auto/league/josp2o2ri6tknqzt87qc",16,LAC,0,0,0,0,0,0,0,0,0,0,0,0,,0,,,0,0,0,0,0,0,,0,58,97,810,4,0,0,1062,214,37,26.0941895910165,0,0.76271186440678,0.171985815602837,0.21901422973809,0.411288684220919,0,105.0,163.0
2016,REG+POST,00-0028434,D.Baldwin,Doug Baldwin,WR,WR,"https://static.www.nfl.com/image/private/f_auto,q_auto/league/kccmcttfdtl7m3g49vb8",18,SEA,1,1,15,1,0,0,0,0,0,12,3,1,2.00460045528598,0,1.25,,5,9,0,0,0,0,-2.00665454927366,0,110,146,1312,9,1,0,1314,536,61,71.7709562784557,0,0.998477929984779,0.240924092409241,0.247364457831325,0.534541259095789,0,190.7,300.7
2016,REG+POST,00-0028497,K.Aiken,Kamar Aiken,WR,WR,"https://static.www.nfl.com/image/private/f_auto,q_auto/league/u0fe10u5kbeyhe65spby",16,BAL,0,0,0,0,0,0,0,0,0,0,0,0,,0,,,0,0,0,0,0,0,,0,29,50,328,1,0,0,566,106,18,9.2040200628107,0,0.579505300353357,0.075187969924812,0.1132,0.192021954887218,0,38.8,67.8
2016,REG+POST,00-0028581,P.DiMarco,Patrick DiMarco,FB,RB,"https://static.www.nfl.com/image/private/f_auto,q_auto/league/chit1zcsfqaoqzkqc9eh",12,ATL,0,0,0,0,0,0,0,0,0,0,0,0,,0,,,0,0,0,0,0,0,,0,10,14,95,1,0,0,40,59,5,0.728935598436975,0,2.375,0.0345679012345679,0.0108137334414707,0.0594214652608813,0,15.5,25.5
2016,REG+POST,00-0028595,S.Tolzien,Scott Tolzien,QB,QB,"https://static.www.nfl.com/image/private/f_auto,q_auto/league/kt8ji3aejylpnpskeqzn",2,IND,23,37,216,1,2,3,21,1,0,360,81,13,-8.3346986517705,0,0.6,0.038863215551514,6,3,0,0,0,0,-7.19938763731625,0,0,0,0,0,0,0,0,0,0,,0,,,,,0,8.94,8.94
2016,REG+POST,00-0028664,C.Jones,Chris Jones,P,SPEC,"https://static.www.nfl.com/image/private/f_auto,q_auto/league/c6kjlharechwayxq6fzk",1,DAL,0,0,0,0,0,0,0,0,0,0,0,0,,0,,,1,30,0,0,0,1,4.46898685861379,0,0,0,0,0,0,0,0,0,0,,0,,,,,0,3.0,3.0
2016,REG+POST,00-0028795,,Chase Reynolds,RB,RB,"https://static.www.nfl.com/image/private/f_auto,q_auto/league/kmtfxfxdwsipikltab8t",1,LA,0,0,0,0,0,0,0,0,0,0,0,0,,0,,,0,0,0,0,0,0,,0,1,1,4,0,0,0,3,1,1,2.30601581488736,0,1.33333333333333,0.0357142857142857,0.0265486725663717,0.0721554993678887,0,0.4,1.4
2016,REG+POST,00-0028825,T.Pryor,Terrelle Pryor,WR,WR,"https://static.www.nfl.com/image/private/f_auto,q_auto/league/ac6blk5o4ztsr7hvtil9",16,CLE,5,9,41,0,0,1,1,0,0,68,30,1,-3.46858015528414,0,0.602941176470588,-0.0436739689365813,8,21,1,1,0,2,-3.70942284265766,0,77,140,1007,4,0,0,1968,226,48,37.2256402856621,1,0.511686991869919,0.25089605734767,0.407116259826231,0.661325467899867,0,136.44,213.44
2016,REG+POST,00-0028838,L.Donnell,Larry Donnell,TE,TE,"https://static.www.nfl.com/image/private/f_auto,q_auto/league/beuv1dnhzlntfnnvh2zv",6,NYG,0,0,0,0,0,0,0,0,0,0,0,0,,0,,,0,0,0,0,0,0,,0,15,22,92,1,1,1,102,41,3,-15.5852078024764,0,0.901960784313725,0.0960698689956332,0.0606781677572873,0.186579520923551,0,13.2,28.2
2016,REG+POST,00-0028872,J.Hekker,Johnny Hekker,P,SPEC,"https://static.www.nfl.com/image/private/f_auto,q_auto/league/rh1qt7cwusun5o56bwyh",2,LA,1,2,4,0,0,0,0,0,0,8,1,1,-0.336339498171583,0,0.5,,0,0,0,0,0,0,,0,0,0,0,0,0,0,0,0,0,,0,,,,,0,0.16,0.16
2016,REG+POST,00-0028903,G.Celek,Garrett Celek,TE,TE,"https://static.www.nfl.com/image/private/f_auto,q_auto/league/hin5nyuakhpbngjhepty",13,SF,0,0,0,0,0,0,0,0,0,0,0,0,,0,,,0,0,0,0,0,0,,0,29,50,350,3,2,1,463,115,20,6.74253164723632,0,0.755939524838013,0.120772946859903,0.143210640272193,0.28140686848039,0,51.0,80.0
2016,REG+POST,00-0028908,M.Thomas,Michael Thomas,SS,DB,"https://static.www.nfl.com/image/private/f_auto,q_auto/league/wkugml4qpzkcj1tcyezx",1,MIA,0,0,0,0,0,0,0,0,0,0,0,0,,0,,,1,3,0,0,0,1,2.13138808961958,0,0,0,0,0,0,0,0,0,0,,0,,,,,0,0.3,0.3
2016,REG+POST,00-0028952,,Drew Butler,P,SPEC,,1,ARI,0,0,0,0,0,0,0,0,0,0,0,0,,0,,,1,0,0,1,1,0,-9.84860511764418,0,0,0,0,0,0,0,0,0,0,,0,,,,,0,-2.0,-2.0
2016,REG+POST,00-0028986,C.Keenum,Case Keenum,QB,QB,"https://static.www.nfl.com/image/private/f_auto,q_auto/league/tymwoe3wpwzln78uzbvu",10,LA,196,322,2201,9,11,23,140,5,1,2468,1037,102,-35.9520373869604,0,0.891815235008104,0.0150174658293553,20,51,1,0,0,7,-1.21140731003834,0,0,0,0,0,0,0,0,0,0,,0,,,,,0,111.14,111.14
2016,REG+POST,00-0028987,P.Supernaw,Phillip Supernaw,TE,TE,"https://static.www.nfl.com/image/private/f_auto,q_auto/league/wltyuqbgmkisakjqkua5",4,TEN,0,0,0,0,0,0,0,0,0,0,0,0,,0,,,0,0,0,0,0,0,,0,4,5,62,0,0,0,19,47,3,3.42798678990221,0,3.26315789473684,0.0442477876106195,0.0184108527131783,0.079259278315154,0,6.2,10.2
2016,REG+POST,00-0028994,,Dominique Jones,TE,TE,"https://static.www.nfl.com/image/private/f_auto,q_auto/league/idkomraqkcnmkivkqjwk",5,MIA,0,0,0,0,0,0,0,0,0,0,0,0,,0,,,0,0,0,0,0,0,,0,7,10,61,1,0,0,28,44,3,4.21837288647657,0,2.17857142857143,0.0709219858156028,0.030010718113612,0.127390481402933,0,12.1,19.1
2016,REG+POST,00-0029000,C.Beasley,Cole Beasley,WR,WR,"https://static.www.nfl.com/image/private/f_auto,q_auto/league/y5r0fhwctl6ljwvmktvu",17,DAL,0,1,0,0,0,0,0,0,0,40,0,0,-1.19103559432551,0,0.0,,1,7,0,0,0,0,0.28063054732047,0,79,104,878,5,0,0,619,455,52,57.6055748860669,0,1.41841680129241,0.201550387596899,0.144761459307764,0.403658602910784,0,118.5,197.5
2016,REG+POST,00-0029004,L.Dunbar,Lance Dunbar,RB,RB,"https://static.www.nfl.com/image/private/f_auto,q_auto/league/mwxzuvjfvoecnoze3aty",10,DAL,0,0,0,0,0,0,0,0,0,0,0,0,,0,,,9,31,1,0,0,3,-1.19534125633072,0,16,24,122,0,1,0,55,83,5,-2.86494796456395,0,2.21818181818182,0.0808080808080808,0.0244010647737356,0.138292866553736,0,21.3,37.3
2016,REG+POST,00-0029033,G.Whalen,Griff Whalen,WR,WR,"https://static.www.nfl.com/image/private/f_auto,q_auto/league/zx4nnnnmgl0kvguwpiuz",4,LAC,0,0,0,0,0,0,0,0,0,0,0,0,,0,,,0,0,0,0,0,0,,0,2,4,22,0,0,0,9,19,1,-6.94550302109523,0,2.44444444444444,0.025,0.0071090047393364,0.0424763033175355,0,2.2,4.2
2016,REG+POST,00-0029048,J.Banyard,Joe Banyard,RB,RB,"https://static.www.nfl.com/image/private/f_auto,q_auto/league/lfs1r2hsxdjmhp57mjvw",1,JAX,0,0,0,0,0,0,0,0,0,0,0,0,,0,,,2,7,0,0,0,0,-1.94460141765899,0,0,0,0,0,0,0,0,0,0,,0,,,,,0,0.7,0.7
2016,REG+POST,00-0029050,A.Blake,Valentino Blake,DB,DB,"https://static.www.nfl.com/image/private/f_auto,q_auto/league/kx8xfykjtscwutceweud",1,TEN,0,0,0,0,0,0,0,0,0,0,0,0,,0,,,1,-2,0,0,0,0,-2.89443665219005,0,0,0,0,0,0,0,0,0,0,,0,,,,,0,-0.2,-0.2
2016,REG+POST,00-0029119,D.Carrier,Derek Carrier,TE,TE,"https://static.www.nfl.com/image/private/f_auto,q_auto/league/fohbnjxhixammxtonhnd",2,WAS,0,0,0,0,0,0,0,0,0,0,0,0,,0,,,0,0,0,0,0,0,,0,2,2,10,0,0,0,8,2,0,0.0649345312267542,0,1.25,0.0229885057471264,0.0124223602484472,0.0431784107946027,0,1.0,3.0
2016,REG+POST,00-0029123,M.King,Marquette King,P,SPEC,"https://static.www.nfl.com/image/private/f_auto,q_auto/league/jmklxv5zzm4vquaemfc1",2,LV,0,0,0,0,0,0,0,0,0,0,0,0,,0,,,2,27,0,1,0,1,-0.0805320495273918,0,0,0,0,0,0,0,0,0,0,,0,,,,,0,2.7,2.7
2016,REG+POST,00-0029129,R.Streater,Rod Streater,WR,WR,"https://static.www.nfl.com/image/private/f_auto,q_auto/league/szf4hqnrz6egphxvcwnf",13,SF,0,0,0,0,0,0,0,0,0,0,0,0,,0,,,0,0,0,0,0,0,,0,18,27,191,2,0,0,233,67,13,13.0151346950443,0,0.819742489270386,0.0692307692307692,0.0706917475728155,0.153330377147125,0,31.1,49.1
2016,REG+POST,00-0029137,A.Jeffery,Alshon Jeffery,WR,WR,"https://static.www.nfl.com/image/private/f_auto,q_auto/league/qrbsgwhzlsmwgkdfjryh",12,CHI,0,0,0,0,0,0,0,0,0,0,0,0,,0,,,0,0,0,0,0,0,,0,52,94,821,2,0,0,1270,199,41,-3.73762212961776,0,0.646456692913386,0.225419664268585,0.33307107264621,0.571279247255225,0,94.1,146.1
2016,REG+POST,00-0029141,A.Morris,Alfred Morris,RB,RB,"https://static.www.nfl.com/image/private/f_auto,q_auto/league/igrm4hy4pishp4rdamin",13,DAL,0,0,0,0,0,0,0,0,0,0,0,0,,0,,,69,243,2,0,0,15,-3.1220692894478,0,3,6,11,0,0,0,-13,11,0,-8.24180131610767,0,-0.846153846153846,0.0397350993377483,-0.016602809706258,0.0479806822122419,0,37.4,40.4
2016,REG+POST,00-0029159,J.Kearse,Jermaine Kearse,WR,WR,"https://static.www.nfl.com/image/private/f_auto,q_auto/league/tvnzajvst7kdglamw4t6",18,SEA,0,0,0,0,0,0,0,0,0,0,0,0,,0,,,0,0,0,0,0,0,,0,44,95,532,1,0,0,1096,151,25,-19.245524516482,0,0.485401459854015,0.156765676567657,0.206325301204819,0.379576225694859,0,59.2,103.2
2016,REG+POST,00-0029205,T.Cadet,Travaris Cadet,RB,RB,"https://static.www.nfl.com/image/private/f_auto,q_auto/league/gj0pjzj0zzefpabtuki1",13,NO,0,0,0,0,0,0,0,0,0,0,0,0,,0,,,4,19,0,0,0,1,-1.50867722259136,0,40,54,281,4,0,0,191,196,18,5.00574961891694,0,1.47120418848168,0.0983606557377049,0.044846208030054,0.178933329227595,0,54.0,94.0
2016,REG+POST,00-0029239,B.Bolden,Brandon Bolden,RB,RB,"https://static.www.nfl.com/image/private/f_auto,q_auto/league/kqqwz35z9brhkzbs4bcn",3,NE,0,0,0,0,0,0,0,0,0,0,0,0,,0,,,1,4,0,0,0,0,-0.0433008261024952,0,2,4,15,0,0,0,33,13,1,-2.55829238431761,0,0.454545454545455,0.0754716981132076,0.0771028037383178,0.167179509786634,0,1.9,3.9
2016,REG+POST,00-0029263,R.Wilson,Russell Wilson,QB,QB,"https://static.www.nfl.com/image/private/f_auto,q_auto/league/gebzv2aljujgleboe4ns",18,SEA,393,606,4668,25,13,47,324,6,0,5309,1905,215,59.6750216181246,1,0.879261631192315,0.111223753488457,81,305,1,2,2,19,-8.21646756550763,0,2,2,14,1,1,0,6,8,1,0.323623476317152,0,2.33333333333333,0.0298507462686567,0.0106382978723404,0.0522229279136234,0,302.62,304.62
2016,REG+POST,00-0029269,T.Benjamin,Travis Benjamin,WR,WR,"https://static.www.nfl.com/image/private/f_auto,q_auto/league/io9silocxbywvisvcvpx",14,LAC,0,1,0,0,0,0,0,0,0,22,0,0,-0.507028711028397,0,0.0,,2,-3,0,0,0,0,-1.93631901347544,0,47,75,677,4,3,2,997,246,26,17.786146456465,0,0.679037111334002,0.154639175257732,0.242225461613217,0.40151658601585,0,87.4,134.4
2016,REG+POST,00-0029273,R.Turbin,Robert Turbin,RB,RB,"https://static.www.nfl.com/image/private/f_auto,q_auto/league/vkqpomzfvo7kei1729jm",15,IND,0,0,0,0,0,0,0,0,0,0,0,0,,0,,,47,164,7,0,0,20,9.93446039324044,0,26,35,179,1,0,0,-44,218,9,-1.76970775391652,0,-4.06818181818182,0.0791855203619909,-0.0117584179583111,0.110547387972169,0,82.3,108.3
2016,REG+POST,00-0029275,,Ladarius Green,TE,TE,"https://static.www.nfl.com/image/private/f_auto,q_auto/league/h6emukrr14tvhufmdy1c",6,PIT,0,0,0,0,0,0,0,0,0,0,0,0,,0,,,0,0,0,0,0,0,,0,18,34,304,1,0,0,390,97,12,9.32835152741865,0,0.77948717948718,0.165853658536585,0.227140361094933,0.407778740571331,0,36.4,54.4
2016,REG+POST,00-0029293,M.Jones,Marvin Jones,WR,WR,"https://static.www.nfl.com/image/private/f_auto,q_auto/league/ciy9sxefmcnwjw7ln3h2",16,DET,0,0,0,0,0,0,0,0,0,0,0,0,,0,,,1,3,0,0,0,0,-0.158048187731765,0,59,110,1011,4,0,0,1540,243,45,45.6412569709946,0,0.656493506493507,0.192644483362522,0.358139534883721,0.539664399462388,0,125.4,184.4
2016,REG+POST,00-0029319,J.Bellamy,Josh Bellamy,WR,WR,"https://static.www.nfl.com/image/private/f_auto,q_auto/league/kgyz7lr35xl5j7oxjwlw",12,CHI,0,0,0,0,0,0,0,0,0,0,0,0,,0,,,4,37,0,0,0,2,1.86405166692566,0,19,38,282,1,0,0,614,49,13,6.32870138265532,0,0.45928338762215,0.104683195592286,0.173593440769013,0.278540201926739,0,37.9,56.9
2016,REG+POST,00-0029336,B.Golden,Brittan Golden,WR,WR,"https://static.www.nfl.com/image/private/f_auto,q_auto/league/ccqjg5sjhxmgmsvraig5",7,ARI,0,0,0,0,0,0,0,0,0,0,0,0,,0,,,0,0,0,0,0,0,,0,8,14,82,1,1,1,180,12,4,-1.32564713134318,0,0.455555555555556,0.05,0.0671391271913465,0.121997389033943,0,12.2,20.2
2016,REG+POST,00-0029384,B.Rainey,Bobby Rainey,RB,RB,"https://static.www.nfl.com/image/private/f_auto,q_auto/league/vf2lmyxgjhrah1hfed1x",9,NYG,0,0,0,0,0,0,0,0,0,0,0,0,,0,,,18,63,0,0,0,4,-4.7158730647061,0,21,26,161,0,0,0,-20,186,7,3.21225642470317,0,-8.05,0.0718232044198895,-0.0069396252602359,0.102877068947669,0,22.4,43.4
2016,REG+POST,00-0029388,D.Thompson,Deonte Thompson,WR,WR,"https://static.www.nfl.com/image/private/f_auto,q_auto/league/bvfgozqccoo627wuitkb",9,CHI,0,0,0,0,0,0,0,0,0,0,0,0,,0,,,0,0,0,0,0,0,,0,22,36,249,2,0,0,469,43,18,11.1423494831542,0,0.53091684434968,0.122866894197952,0.153921890383984,0.292045664565717,0,36.9,58.9
2016,REG+POST,00-0029391,S.McGrath,Sean McGrath,TE,TE,"https://static.www.nfl.com/image/private/f_auto,q_auto/league/cuxa874rsldhqt5rver9",2,LAC,0,0,0,0,0,0,0,0,0,0,0,0,,0,,,0,0,0,0,0,0,,0,2,2,25,0,0,0,4,21,2,2.2098000444239,0,6.25,0.0253164556962025,0.0071813285457809,0.0430016135263505,0,2.5,4.5
2016,REG+POST,00-0029394,B.Bersin,Brenton Bersin,WR,WR,"https://static.www.nfl.com/image/private/f_auto,q_auto/league/gjkirn3lffpdr7gn8ars",2,CAR,0,0,0,0,0,0,0,0,0,0,0,0,,0,,,0,0,0,0,0,0,,0,2,6,17,0,0,0,71,2,2,-0.400185732345562,0,0.23943661971831,0.0952380952380952,0.09985935302391,0.21275868997388,0,1.7,3.7
2016,REG+POST,00-0029492,J.Olawale,Jamize Olawale,FB,RB,"https://static.www.nfl.com/image/private/f_auto,q_auto/league/dp7xdilrkk9f2i5ovne9",14,LV,0,0,0,0,0,0,0,0,0,0,0,0,,0,,,18,53,2,0,0,5,-2.64576912971097,0,12,14,227,1,0,0,69,168,5,13.7220256182657,0,3.28985507246377,0.0369393139841689,0.0258426966292135,0.0734988586167027,0,46.0,58.0
2016,REG+POST,00-0029510,J.Grimes,Jonathan Grimes,RB,RB,"https://static.www.nfl.com/image/private/f_auto,q_auto/league/kzodfrw342cy91lw12n4",10,HOU,0,0,0,0,0,0,0,0,0,0,0,0,,0,,,29,146,0,0,0,8,-0.306117754774328,0,17,22,137,0,0,0,27,121,7,3.51464357172666,0,5.07407407407407,0.0830188679245283,0.0119893428063943,0.132920841851269,0,28.3,45.3
2016,REG+POST,00-0029567,N.Foles,Nick Foles,QB,QB,"https://static.www.nfl.com/image/private/f_auto,q_auto/league/dxuz2ir773wylutxo7zs",2,KC,36,55,410,3,0,4,34,0,0,431,210,15,-6.4301259082844,0,0.951276102088167,0.0562216868968331,4,-4,0,0,0,0,0.0,0,0,0,0,0,0,0,0,0,0,,0,,,,,0,28.0,28.0
2016,REG+POST,00-0029572,J.Wright,Jarius Wright,WR,WR,"https://static.www.nfl.com/image/private/f_auto,q_auto/league/f4xgfra44cd6qjy6havp",4,MIN,0,0,0,0,0,0,0,0,0,0,0,0,,0,,,0,0,0,0,0,0,,0,11,14,67,1,0,0,56,42,5,5.34501475089928,0,1.19642857142857,0.0958904109589041,0.0640732265446224,0.188686875019592,0,12.7,23.7
2016,REG+POST,00-0029580,R.Matthews,Rishard Matthews,WR,WR,"https://static.www.nfl.com/image/private/f_auto,q_auto/league/fr7nzgwarzuorvi8cvlc",16,TEN,0,0,0,0,0,0,0,0,0,0,0,0,,0,,,0,0,0,0,0,0,,0,65,108,945,9,1,1,1427,203,43,32.2460546938727,0,0.662228451296426,0.220408163265306,0.303940362087327,0.543370498359088,0,146.5,211.5
2016,REG+POST,00-0029587,R.Ellison,Rhett Ellison,TE,TE,"https://static.www.nfl.com/image/private/f_auto,q_auto/league/pqvmhpdoritjtp8ng7ep",9,MIN,0,0,0,0,0,0,0,0,0,0,0,0,,0,,,1,1,1,0,0,1,1.97335961018689,0,9,14,57,0,0,0,42,34,2,-3.5193175241584,0,1.35714285714286,0.0412979351032448,0.0230263157894737,0.0780653237074988,0,11.8,20.8
2016,REG+POST,00-0029597,J.Tucker,Justin Tucker,K,SPEC,"https://static.www.nfl.com/image/private/f_auto,q_auto/league/rneculgpkzldvo5fxqke",1,BAL,0,1,0,0,0,0,0,0,0,15,0,0,-2.88663332420401,0,0.0,,0,0,0,0,0,0,,0,0,0,0,0,0,0,0,0,0,,0,,,,,0,0.0,0.0
2016,REG+POST,00-0029601,,Brandon Bostick,TE,TE,"https://static.www.nfl.com/image/private/f_auto,q_auto/league/eazsm9q05wcs2st2dsht",9,NYJ,0,0,0,0,0,0,0,0,0,0,0,0,,0,,,0,0,0,0,0,0,,0,8,11,63,0,0,0,27,39,2,-0.497434745018836,0,2.33333333333333,0.0385964912280702,0.0112546894539391,0.0657730194598627,0,6.3,14.3
2016,REG+POST,00-0029604,K.Cousins,Kirk Cousins,QB,QB,"https://static.www.nfl.com/image/private/f_auto,q_auto/league/viuxnyezrwdfjnxsfssb",16,WAS,406,606,4917,25,12,23,190,6,2,5268,1969,225,115.142849357936,0,0.933371298405467,0.159472391858616,34,96,4,3,1,14,-1.85618302977996,0,0,0,0,0,0,0,0,0,0,,0,,,,,0,300.28,300.28
2016,REG+POST,00-0029608,T.Hilton,T.Y. Hilton,WR,WR,"https://static.www.nfl.com/image/private/f_auto,q_auto/league/b8kor0sgeynyd8u8cush",16,IND,0,0,0,0,0,0,0,0,0,0,0,0,,0,,,0,0,0,0,0,0,,0,91,155,1448,6,0,0,1898,342,66,60.1197506503467,1,0.76290832455216,0.271453590192645,0.391663227404045,0.681344644471798,0,182.8,273.8
2016,REG+POST,00-0029612,D.Richardson,Daryl Richardson,RB,RB,"https://static.www.nfl.com/image/private/f_auto,q_auto/league/taqrenf1eqcvd1nibre5",2,PIT,0,0,0,0,0,0,0,0,0,0,0,0,,0,,,2,7,0,0,0,0,-0.388641383557115,0,0,0,0,0,0,0,0,0,0,,0,,,,,0,0.7,0.7
2016,REG+POST,00-0029613,D.Martin,Doug Martin,RB,RB,"https://static.www.nfl.com/image/private/f_auto,q_auto/league/lhazttk4tjpi7ggf7du4",8,TB,0,0,0,0,0,0,0,0,0,0,0,0,,0,,,144,421,3,1,1,23,-36.2370648913493,0,14,16,134,0,0,0,28,107,4,1.08894553268536,0,4.78571428571429,0.0855614973262032,0.0145681581685744,0.138539956707307,0,71.5,85.5
2016,REG+POST,00-0029615,L.Miller,Lamar Miller,RB,RB,"https://static.www.nfl.com/image/private/f_auto,q_auto/league/vqxh6ynpmczzfyl9kcgq",16,HOU,0,0,0,0,0,0,0,0,0,0,0,0,,0,,,318,1220,6,2,1,56,-50.5403939087791,0,35,47,203,1,0,0,40,177,10,-3.96726720935152,0,5.075,0.0871985157699443,0.0083542188805346,0.136645726871291,0,182.3,217.3
2016,REG+POST,00-0029626,,Isaiah Pead,RB,RB,,2,MIA,0,0,0,0,0,0,0,0,0,0,0,0,,0,,,8,22,0,0,0,0,-3.37174605438486,0,1,1,6,0,0,0,-2,8,0,0.262754085008055,0,-3.0,0.04,-0.0140845070422535,0.0501408450704225,0,2.8,3.8
2016,REG+POST,00-0029632,M.Sanu,Mohamed Sanu,WR,WR,"https://static.www.nfl.com/image/private/f_auto,q_auto/league/a6loroqhta6g65aqnsrk",18,ATL,0,0,0,0,0,0,0,0,0,0,0,0,,0,,,2,12,0,0,0,0,0.344609840307385,0,70,95,774,6,1,1,774,307,44,46.6839261188641,1,1.0,0.159128978224456,0.144429930957268,0.339794419006771,0,114.6,184.6
2016,REG+POST,00-0029638,M.Floyd,Michael Floyd,WR,WR,"https://static.www.nfl.com/image/private/f_auto,q_auto/league/lisxjuyoo7hiux1ac4jb",15,NE,0,0,0,0,0,0,0,0,0,0,0,0,,0,,,0,0,0,0,0,0,,0,38,79,497,5,0,0,1127,79,32,3.52412434554115,0,0.440993788819876,0.135972461273666,0.201573958147022,0.345060462613415,0,79.7,117.7
2016,REG+POST,00-0029640,B.Quick,Brian Quick,WR,WR,"https://static.www.nfl.com/image/private/f_auto,q_auto/league/tayczwuhluj2hyrva3cp",16,LA,0,0,0,0,0,0,0,0,0,0,0,0,,0,,,0,0,0,0,0,0,,0,41,77,564,3,0,0,895,177,22,6.42487599370154,0,0.630167597765363,0.145283018867925,0.232951587714732,0.380990639702199,0,74.4,115.4
2016,REG+POST,00-0029665,R.Griffin,Robert Griffin,QB,QB,"https://static.www.nfl.com/image/private/f_auto,q_auto/league/f9gitqxxg3f1uybdcfhc",5,CLE,87,147,886,2,3,22,138,2,0,1275,448,43,-22.7731946495564,0,0.694901960784314,0.0212289065652355,31,190,2,2,1,10,5.24593840639383,0,0,0,0,0,0,0,0,0,0,,0,,,,,0,66.44,66.44
2016,REG+POST,00-0029668,A.Luck,Andrew Luck,QB,QB,"https://static.www.nfl.com/image/private/f_auto,q_auto/league/ojix2ha2u58zqozaw756",15,IND,346,545,4240,31,13,41,268,3,3,4471,1701,206,59.8226932271367,2,0.948333706106017,0.112188195675121,64,341,2,3,2,20,6.07325699756945,0,0,0,0,0,0,0,0,0,0,,0,,,,,0,307.7,307.7
2016,REG+POST,00-0029681,J.Jenkins,Janoris Jenkins,CB,DB,"https://static.www.nfl.com/image/private/f_auto,q_auto/league/qfjugbhul7ergngoqlyg",1,NYG,0,0,0,0,0,0,0,0,0,0,0,0,,0,,,0,0,0,0,0,0,,0,0,0,0,0,0,0,0,0,0,,0,,,,,1,6.0,6.0
2016,REG+POST,00-0029682,B.Osweiler,Brock Osweiler,QB,QB,"https://static.www.nfl.com/image/private/f_auto,q_auto/league/pwkmtgeitdi79qtumb2x",17,HOU,338,575,3322,17,19,30,223,3,1,4929,1362,170,-65.0464631308838,0,0.6739703793873,0.0132719268147551,37,164,3,3,0,16,10.2107215708222,0,1,1,-6,0,0,0,-6,0,0,-1.5275529830833,0,0.0,0.0256410256410256,-0.0192307692307692,0.025,0,194.68,195.68
2016,REG+POST,00-0029683,R.Hillman,Ronnie Hillman,RB,RB,"https://static.www.nfl.com/image/private/f_auto,q_auto/league/quqwvjr2zciit0emquzg",8,LAC,0,0,0,0,0,0,0,0,0,0,0,0,,0,,,41,131,0,0,0,7,-9.60791237384547,0,7,15,93,0,0,0,-10,94,3,-1.34881430074231,0,-9.3,0.0761421319796954,-0.0069396252602359,0.109355460287378,0,22.4,29.4
2016,REG+POST,00-0029688,D.Poe,Dontari Poe,DT,DL,"https://static.www.nfl.com/image/private/f_auto,q_auto/league/yphm7skgry6rvmkxgvyg",2,KC,1,1,2,1,0,0,0,0,0,2,0,1,2.29735338222235,0,1.0,,1,1,1,0,0,1,1.3799024730688,0,0,0,0,0,0,0,0,0,0,,0,,,,,0,10.18,10.18
2016,REG+POST,00-0029689,D.Allen,Dwayne Allen,TE,TE,"https://static.www.nfl.com/image/private/f_auto,q_auto/league/wduwt0ibzoutozuywe4b",14,IND,0,0,0,0,0,0,0,0,0,0,0,0,,0,,,0,0,0,0,0,0,,0,35,52,406,6,1,0,468,118,25,24.0361556813669,1,0.867521367521368,0.104627766599598,0.111243166151652,0.234811866205553,0,78.6,113.6
2016,REG+POST,00-0029697,C.Fleener,Coby Fleener,TE,TE,"https://static.www.nfl.com/image/private/f_auto,q_auto/league/csj8khi0e2rpkvqqjmc1",16,NO,0,0,0,0,0,0,0,0,0,0,0,0,,0,,,1,2,1,0,0,1,2.64735730853863,0,50,81,631,3,2,0,756,212,28,12.3862593031834,0,0.834656084656085,0.121987951807229,0.156716417910448,0.292683420248157,0,87.3,137.3
2016,REG+POST,00-0029701,R.Tannehill,Ryan Tannehill,QB,QB,"https://static.www.nfl.com/image/private/f_auto,q_auto/league/yvwju12dl6haf3r8uzrm",13,MIA,261,389,2995,19,12,29,216,5,2,3056,1440,132,10.9568423096754,1,0.980039267015707,0.0818793524070549,39,164,1,4,1,10,-11.7072861799679,0,0,0,0,0,0,0,0,0,0,,0,,,,,0,190.2,190.2
2016,REG+POST,00-0029708,K.Wright,Kendall Wright,WR,WR,"https://static.www.nfl.com/image/private/f_auto,q_auto/league/edsrjypqphqpfqezc5k9",11,TEN,0,0,0,0,0,0,0,0,0,0,0,0,,0,,,1,15,0,0,0,1,1.27239088714123,0,29,43,416,3,0,0,435,124,18,9.35582958408271,0,0.95632183908046,0.127218934911243,0.127528583992964,0.280098411161939,0,61.1,90.1
2016,REG+POST,00-0029731,F.Whittaker,Fozzy Whittaker,RB,RB,"https://static.www.nfl.com/image/private/f_auto,q_auto/league/lyk6elzqjynnxbxe6qlr",16,CAR,0,0,0,0,0,0,0,0,0,0,0,0,,0,,,57,265,0,1,1,10,-8.00194423169863,0,25,33,226,0,0,0,28,238,10,-4.90898603095003,0,8.07142857142857,0.0720524017467249,0.0060331825037707,0.112301830372727,0,47.1,72.1
2016,REG+POST,00-0029738,D.Fells,Darren Fells,TE,TE,"https://static.www.nfl.com/image/private/f_auto,q_auto/league/eh0rbweg4wbzgzpvprnv",9,ARI,0,0,0,0,0,0,0,0,0,0,0,0,,0,,,0,0,0,0,0,0,,0,14,18,154,1,0,0,106,90,7,6.91015558579238,0,1.45283018867925,0.0501392757660167,0.0319277108433735,0.0975583112393865,0,21.4,35.4
2016,REG+POST,00-0029740,I.Momah,Ifeanyi Momah,TE,TE,"https://static.www.nfl.com/image/private/f_auto,q_auto/league/fy1rhydnhklwwof45gm9",3,ARI,0,0,0,0,0,0,0,0,0,0,0,0,,0,,,0,0,0,0,0,0,,0,2,4,50,0,0,0,45,16,2,1.97396182152443,0,1.11111111111111,0.0310077519379845,0.0420168067226891,0.0759233926128591,0,5.0,7.0
2016,REG+POST,00-0029793,B.Williams,Brandon Williams,TE,TE,"https://static.www.nfl.com/image/private/f_auto,q_auto/league/ozqjjoxr1sukcx2207hd",2,SEA,0,0,0,0,0,0,0,0,0,0,0,0,,0,,,0,0,0,0,0,0,,0,2,3,36,0,0,0,34,7,2,1.68473099195398,0,1.05882352941176,0.0491803278688525,0.0547504025764895,0.112095773606821,0,3.6,5.6
2016,REG+POST,00-0029795,B.Cunningham,Benny Cunningham,RB,RB,"https://static.www.nfl.com/image/private/f_auto,q_auto/league/yo9hvf3gnoxj7prmruo8",10,LA,0,0,0,0,0,0,0,0,0,0,0,0,,0,,,21,101,0,1,0,4,2.42707744656946,0,16,21,91,0,0,0,21,80,5,-4.32055116037158,0,4.33333333333333,0.067741935483871,0.0098085007006071,0.108478853716231,0,19.2,35.2
2016,REG+POST,00-0029822,B.McManus,Brandon McManus,K,SPEC,"https://static.www.nfl.com/image/upload/f_auto,q_auto/league/nyirqmyiggfysr0df4gd",1,DEN,0,0,0,0,0,0,0,0,0,0,0,0,,0,,,1,6,0,0,0,0,-1.84084820811404,0,0,0,0,0,0,0,0,0,0,,0,,,,,0,0.6,0.6
2016,REG+POST,00-0029848,N.Williams,Nick Williams,WR,WR,"https://static.www.nfl.com/image/private/f_auto,q_auto/league/xzbqirh5sxfjtmmnrupw",2,ATL,0,0,0,0,0,0,0,0,0,0,0,0,,0,,,0,0,0,0,0,0,,0,5,7,59,0,0,0,37,41,5,5.85745011962717,0,1.59459459459459,0.106060606060606,0.0920398009950249,0.223518769787426,0,5.9,10.9
2016,REG+POST,00-0029854,C.Anderson,C.J. Anderson,RB,RB,"https://static.www.nfl.com/image/private/f_auto,q_auto/league/jqqdxuowpdgl06zy0g0a",7,DEN,0,0,0,0,0,0,0,0,0,0,0,0,,0,,,110,437,4,0,0,22,-14.6812099162542,0,16,24,128,1,0,0,47,104,6,-0.764544500554484,0,2.72340425531915,0.116504854368932,0.0281943611277744,0.19449333434284,0,86.5,102.5
2016,REG+POST,00-0029878,M.Gray,MarQueis Gray,TE,TE,"https://static.www.nfl.com/image/private/f_auto,q_auto/league/pbuxaz8hy9fxow3zq5sr",8,MIA,0,0,0,0,0,0,0,0,0,0,0,0,,0,,,0,0,0,0,0,0,,0,14,17,174,0,0,0,124,69,7,8.26535107025529,0,1.40322580645161,0.0776255707762557,0.0713463751438435,0.166380818765074,0,17.4,31.4
2016,REG+POST,00-0029892,K.Juszczyk,Kyle Juszczyk,FB,RB,"https://static.www.nfl.com/image/private/f_auto,q_auto/league/eqb3lq4bip6oa5kiz1ze",16,BAL,0,0,0,0,0,0,0,0,0,0,0,0,,0,,,5,22,1,0,0,3,1.34329897147857,0,37,49,266,0,0,0,65,216,12,-2.892132662846,1,4.09230769230769,0.0771653543307087,0.0136154168412233,0.125278823284919,0,36.8,73.8
2016,REG+POST,00-0029931,Z.Line,Zach Line,FB,RB,"https://static.www.nfl.com/image/private/f_auto,q_auto/league/dddfiilg9qy54xtorb6r",6,MIN,0,0,0,0,0,0,0,0,0,0,0,0,,0,,,7,15,0,0,0,3,-0.514714954886586,0,0,3,0,0,0,0,10,0,0,-4.53132169493663,0,0.0,0.0288461538461538,0.0151057401812689,0.053843248896119,0,1.5,1.5
2016,REG+POST,00-0030035,A.Thielen,Adam Thielen,WR,WR,"https://static.www.nfl.com/image/private/f_auto,q_auto/league/kmldtl8p9h7h5dzvkwsw",16,MIN,0,0,0,0,0,0,0,0,0,0,0,0,,0,,,2,15,0,0,0,1,0.837465520715341,0,69,92,967,5,1,0,989,299,44,50.3377507951227,0,0.977755308392316,0.157264957264957,0.255291688177594,0.414601617621752,0,128.2,197.2
2016,REG+POST,00-0030047,M.Wilson,Marquess Wilson,WR,WR,"https://static.www.nfl.com/image/private/f_auto,q_auto/league/gtmp1bvlbgxnadkq3w7e",3,CHI,0,0,0,0,0,0,0,0,0,0,0,0,,0,,,0,0,0,0,0,0,,0,9,16,160,1,0,0,272,50,8,7.32138585910434,0,0.588235294117647,0.158415841584158,0.272,0.428023762376238,0,22.0,31.0
2016,REG+POST,00-0030061,Z.Ertz,Zach Ertz,TE,TE,"https://static.www.nfl.com/image/private/f_auto,q_auto/league/t7my0kesdhb2iefvempm",14,PHI,0,0,0,0,0,0,0,0,0,0,0,0,,0,,,0,0,0,0,0,0,,0,78,106,816,4,0,0,852,263,42,26.2169874503498,0,0.957746478873239,0.196296296296296,0.208262038621364,0.440227871479399,0,105.6,183.6
2016,REG+POST,00-0030068,M.Goodwin,Marquise Goodwin,WR,WR,"https://static.www.nfl.com/image/upload/f_auto,q_auto/league/cof5bbih1o9dtnonwmjp",14,BUF,0,0,0,0,0,0,0,0,0,0,0,0,,0,,,0,0,0,0,0,0,,0,29,68,431,3,0,0,1013,98,21,1.74787846342696,0,0.425468904244817,0.170854271356784,0.269773635153129,0.445122951642366,0,61.1,90.1
2016,REG+POST,00-0030085,K.Stills,Kenny Stills,WR,WR,"https://static.www.nfl.com/image/private/f_auto,q_auto/league/wswn6tehkzj8mdfbablx",17,MIA,0,0,0,0,0,0,0,0,0,0,0,0,,0,,,0,0,0,0,0,0,,0,47,86,808,9,0,0,1235,199,34,22.0709416452419,0,0.654251012145749,0.170974155069583,0.305693069306931,0.470446381119225,0,134.8,181.8
2016,REG+POST,00-0030089,L.Willson,Luke Willson,TE,TE,"https://static.www.nfl.com/image/private/f_auto,q_auto/league/a6zcpjyfusebcm8i3w2w",12,SEA,0,0,0,0,0,0,0,0,0,0,0,0,,0,,,0,0,0,0,0,0,,0,16,23,133,2,0,0,153,80,7,-1.2697040316416,0,0.869281045751634,0.0580808080808081,0.0432814710042433,0.117418241824182,0,25.3,41.3
2016,REG+POST,00-0030091,T.King,Tavarres King,WR,WR,"https://static.www.nfl.com/image/private/f_auto,q_auto/league/yfkwzczsoeihruafz1kg",4,NYG,0,0,0,0,0,0,0,0,0,0,0,0,,0,,,0,0,0,0,0,0,,0,5,10,123,1,0,0,252,35,4,4.50753917108523,0,0.488095238095238,0.0671140939597315,0.212658227848101,0.249531900433268,0,18.3,23.3
2016,REG+POST,00-0030107,T.Riddick,Theo Riddick,RB,RB,"https://static.www.nfl.com/image/private/f_auto,q_auto/league/aptuag5ocazmionhvnt6",10,DET,0,0,0,0,0,0,0,0,0,0,0,0,,0,,,92,357,1,0,0,19,-7.75748594122295,0,53,67,371,5,0,0,23,385,20,2.4477156379304,0,16.1304347826087,0.185082872928177,0.00874857360213,0.283748310913756,0,108.8,161.8
2016,REG+POST,00-0030108,R.Griffin,Ryan Griffin,TE,TE,"https://static.www.nfl.com/image/private/f_auto,q_auto/league/izjfxtmk2dhzhrlwpt9g",18,HOU,0,0,0,0,0,0,0,0,0,0,0,0,,0,,,0,0,0,0,0,0,,0,53,81,471,2,1,1,559,178,21,-7.91796039276119,0,0.84257602862254,0.126168224299065,0.101728844404004,0.260462527531401,0,57.1,110.1
2016,REG+POST,00-0030113,C.Johnson,Charles D. Johnson,WR,WR,"https://static.www.nfl.com/image/private/f_auto,q_auto/league/g9xhdanrpvnxwrqhran5",13,MIN,0,0,0,0,0,0,0,0,0,0,0,0,,0,,,0,0,0,0,0,0,,0,20,37,232,0,0,0,501,70,11,1.22962463892421,0,0.463073852295409,0.0770833333333333,0.154820766378245,0.223999536464771,0,23.2,43.2
2016,REG+POST,00-0030117,K.Williams,Kerwynn Williams,RB,RB,"https://static.www.nfl.com/image/private/f_auto,q_auto/league/g8b72moacoymckyvl0ig",4,ARI,0,0,0,0,0,0,0,0,0,0,0,0,,0,,,18,157,2,0,0,8,7.04345711722272,0,1,2,6,0,0,0,1,7,0,-0.121047889115289,0,6.0,0.0289855072463768,0.0012674271229404,0.0443654598556235,0,28.3,29.3
2016,REG+POST,00-0030140,T.Way,Tress Way,P,SPEC,"https://static.www.nfl.com/image/private/f_auto,q_auto/league/mb64ugskbogtoljml7q0",1,WAS,1,1,31,0,0,0,0,0,0,29,2,1,5.16205800173339,0,1.06896551724138,,0,0,0,0,0,0,,0,0,0,0,0,0,0,0,0,0,,0,,,,,0,1.24,1.24
2016,REG+POST,00-0030147,R.Shepard,Russell Shepard,WR,WR,"https://static.www.nfl.com/image/private/f_auto,q_auto/league/gk2saq7m1jxl90g9slks",12,TB,0,0,0,0,0,0,0,0,0,0,0,0,,0,,,1,9,0,0,0,0,0.732590082567185,0,23,40,341,2,0,0,548,76,19,15.0611766689472,0,0.622262773722628,0.101522842639594,0.137034258564641,0.24820824495464,0,47.0,70.0
2016,REG+POST,00-0030155,D.Harris,Demetrius Harris,TE,TE,"https://static.www.nfl.com/image/private/f_auto,q_auto/league/nlajcnjlosuajmqswxvl",14,KC,0,0,0,0,0,0,0,0,0,0,0,0,,0,,,0,0,0,0,0,0,,0,17,33,123,1,1,0,214,41,9,-4.45168680426371,1,0.574766355140187,0.0681818181818182,0.0686557587423805,0.150331758392394,1,26.3,43.3
2016,REG+POST,00-0030181,J.Doyle,Jack Doyle,TE,TE,"https://static.www.nfl.com/image/private/f_auto,q_auto/league/h6abyvmg2g93llboizi6",16,IND,0,0,0,0,0,0,0,0,0,0,0,0,,0,,,0,0,0,0,0,0,,0,59,75,584,5,1,0,467,246,32,16.1514709889783,0,1.25053533190578,0.131348511383538,0.0963681386710689,0.264480464145055,0,88.4,147.4
2016,REG+POST,00-0030187,R.Ross,Rashad Ross,WR,WR,"https://static.www.nfl.com/image/private/f_auto,q_auto/league/fp2xocefywdhxkdnagxm",1,WAS,0,0,0,0,0,0,0,0,0,0,0,0,,0,,,0,0,0,0,0,0,,0,1,1,8,0,0,0,7,1,0,0.503483334323391,0,1.14285714285714,0.0256410256410256,0.0238095238095238,0.0551282051282051,0,0.8,1.8
2016,REG+POST,00-0030216,J.Hill,Josh Hill,TE,TE,"https://static.www.nfl.com/image/private/f_auto,q_auto/league/vdva7m1fxklv6gxbsg7q",8,NO,0,0,0,0,0,0,0,0,0,0,0,0,,0,,,0,0,0,0,0,0,,0,15,22,149,1,0,0,123,77,6,2.66601648903452,0,1.21138211382114,0.0689655172413793,0.0558076225045372,0.142513611615245,0,20.9,35.9
2016,REG+POST,00-0030279,K.Allen,Keenan Allen,WR,WR,"https://static.www.nfl.com/image/private/f_auto,q_auto/league/xs7h2igf85nta81v7zb8",1,LAC,0,0,0,0,0,0,0,0,0,0,0,0,,0,,,0,0,0,0,0,0,,0,6,7,63,0,0,0,50,18,5,5.88868333410937,0,1.26,0.194444444444444,0.229357798165138,0.452217125382263,0,6.3,12.3
2016,REG+POST,00-0030280,K.Davis,Knile Davis,RB,RB,"https://static.www.nfl.com/image/private/f_auto,q_auto/league/iyq9jy1o5g05fdvqftez",6,KC,0,0,0,0,0,0,0,0,0,0,0,0,,0,,,18,28,0,0,0,0,-8.39944081834983,0,5,7,25,0,0,0,7,18,2,-11.9432938396349,0,3.57142857142857,0.0472972972972973,0.0072614107883817,0.0760289334978132,0,5.3,10.3
2016,REG+POST,00-0030282,,Stepfan Taylor,RB,RB,"https://static.www.nfl.com/image/private/f_auto,q_auto/league/lmm9nz05jrntbpuaveqc",2,ARI,0,0,0,0,0,0,0,0,0,0,0,0,,0,,,4,12,0,0,0,1,-0.0611704027978703,0,0,0,0,0,0,0,0,0,0,,0,,,,,0,1.2,1.2
2016,REG+POST,00-0030287,A.Ellington,Andre Ellington,RB,RB,"https://static.www.nfl.com/image/private/f_auto,q_auto/league/seb6k3tjdcgi8tqmzt2z",13,ARI,0,0,0,0,0,0,0,0,0,0,0,0,,0,,,34,96,0,0,0,4,-6.33138425968355,0,12,19,85,0,0,0,56,72,4,-2.16429285574249,0,1.51785714285714,0.0456730769230769,0.0155988857938719,0.0794288354403257,0,18.1,30.1
2016,REG+POST,00-0030288,R.Burkhead,Rex Burkhead,RB,RB,"https://static.www.nfl.com/image/private/f_auto,q_auto/league/ysgdnkasvp07qmrkasve",9,CIN,0,0,0,0,0,0,0,0,0,0,0,0,,0,,,74,344,2,0,0,23,8.3460526388629,0,17,20,145,0,1,1,15,142,8,2.66055700433647,0,9.66666666666667,0.0772200772200772,0.0076804915514592,0.121206459916137,0,58.9,75.9
2016,REG+POST,00-0030290,C.Hamilton,Cobi Hamilton,WR,WR,"https://static.www.nfl.com/image/private/f_auto,q_auto/league/fslk4pbx1mtdjdl5zk9g",14,PIT,0,0,0,0,0,0,0,0,0,0,0,0,,0,,,0,0,0,0,0,0,,0,21,35,285,3,0,0,433,30,16,15.3362284298677,0,0.658198614318707,0.0708502024291498,0.100487352053841,0.176616450081413,0,46.5,67.5
2016,REG+POST,00-0030300,J.Brown,Jaron Brown,WR,WR,"https://static.www.nfl.com/image/private/f_auto,q_auto/league/y41u4egwigms9rg2p3ln",6,ARI,0,0,0,0,0,0,0,0,0,0,0,0,,0,,,0,0,0,0,0,0,,0,11,22,187,1,0,0,280,58,6,2.28504250926857,0,0.667857142857143,0.0964912280701754,0.11930123561994,0.228247707039221,0,24.7,35.7
2016,REG+POST,00-0030348,,Khiry Robinson,RB,RB,"https://static.www.nfl.com/image/private/f_auto,q_auto/league/voprwcuquojlvepcmzmh",1,NYJ,0,0,0,0,0,0,0,0,0,0,0,0,,0,,,8,22,0,1,1,1,-6.11009903880768,0,0,0,0,0,0,0,0,0,0,,0,,,,,0,0.2,0.2
2016,REG+POST,00-0030391,,Mike James,RB,RB,"https://static.www.nfl.com/image/private/f_auto,q_auto/league/wurn2arjq72gyjcyzgo9",3,TB,0,0,0,0,0,0,0,0,0,0,0,0,,0,,,4,19,0,0,0,1,-1.01295052864589,0,4,4,22,0,0,0,12,10,0,0.251748453476466,0,1.83333333333333,0.05,0.017725258493353,0.0874076809453471,0,4.1,8.1
2016,REG+POST,00-0030404,C.Thompson,Chris Thompson,RB,RB,"https://static.www.nfl.com/image/private/f_auto,q_auto/league/ypyldro2efcy5jcrytft",16,WAS,0,0,0,0,0,0,0,0,0,0,0,0,,0,,,68,356,3,1,1,16,5.75279020742164,0,49,62,349,2,1,0,103,252,18,5.64843145840676,0,3.38834951456311,0.104553119730185,0.019815313582147,0.170700399102781,0,98.5,147.5
2016,REG+POST,00-0030414,S.Ware,Spencer Ware,RB,RB,"https://static.www.nfl.com/image/private/f_auto,q_auto/league/qr04afpcu3fqpgxnws6t",15,KC,0,0,0,0,0,0,0,0,0,0,0,0,,0,,,222,956,4,3,2,50,-25.4869329009666,0,35,46,448,2,1,0,129,397,17,9.3264054269122,0,3.47286821705426,0.0907297830374753,0.0384386174016687,0.163001706737381,0,172.4,207.4
2016,REG+POST,00-0030419,M.McGloin,Matt McGloin,QB,QB,"https://static.www.nfl.com/image/private/f_auto,q_auto/league/zwrox2g1yauaa1csdhrw",3,LV,8,15,50,0,0,0,0,0,0,120,9,3,-6.16927376121748,0,0.416666666666667,-0.0112990523833504,3,-3,0,0,0,0,0.0,0,0,0,0,0,0,0,0,0,0,,0,,,,,0,1.7,1.7
2016,REG+POST,00-0030422,D.Sims,Dion Sims,TE,TE,"https://static.www.nfl.com/image/private/f_auto,q_auto/league/gvok1agdl3xtz9nceqfr",14,MIA,0,0,0,0,0,0,0,0,0,0,0,0,,0,,,0,0,0,0,0,0,,0,31,40,290,4,0,0,237,146,15,13.0012933130229,0,1.22362869198312,0.0947867298578199,0.070180633698549,0.191306538375714,0,53.0,84.0
2016,REG+POST,00-0030431,R.Woods,Robert Woods,WR,WR,"https://static.www.nfl.com/image/upload/f_auto,q_auto/league/owppysuai4ipxu5d27nu",13,BUF,0,0,0,0,0,0,0,0,0,0,0,0,,0,,,1,6,0,0,0,1,-0.351257189846365,0,51,76,613,1,0,0,837,124,31,20.9342422376294,0,0.732377538829152,0.199475065616798,0.237514188422247,0.46547253032077,0,67.9,118.9
2016,REG+POST,00-0030432,C.Michael,Christine Michael,RB,RB,"https://static.www.nfl.com/image/private/f_auto,q_auto/league/qlysbozgkexeoohnqrvz",17,GB,0,0,0,0,0,0,0,0,0,0,0,0,,0,,,164,641,7,1,0,36,-11.0284781613806,0,23,31,110,1,1,1,3,125,4,-7.30939112449414,0,36.6666666666667,0.0776942355889724,0.0011005135730007,0.117311712884559,0,121.1,144.1
2016,REG+POST,00-0030433,M.Gillislee,Mike Gillislee,RB,RB,"https://static.www.nfl.com/image/private/f_auto,q_auto/league/bz85uuhwz2daip0avjrg",15,BUF,0,0,0,0,0,0,0,0,0,0,0,0,,0,,,101,577,8,0,0,39,23.7090571502049,0,9,11,50,1,0,0,8,44,1,-1.37648441448121,0,6.25,0.0497737556561086,0.0039525691699604,0.0774274319031352,0,116.7,125.7
2016,REG+POST,00-0030443,L.Toilolo,Levine Toilolo,TE,TE,"https://static.www.nfl.com/image/private/f_auto,q_auto/league/w6qnlfw0cuxest48srd0",15,ATL,0,0,0,0,0,0,0,0,0,0,0,0,,0,,,0,0,0,0,0,0,,0,16,25,295,2,0,0,196,166,12,17.0515526891425,0,1.50510204081633,0.0494071146245059,0.044035048303752,0.104935205749385,0,41.5,57.5
2016,REG+POST,00-0030450,,Quinton Patton,WR,WR,,13,SF,0,0,0,0,0,0,0,0,0,0,0,0,,0,,,0,0,0,0,0,0,,0,37,63,408,0,1,0,558,200,22,2.4687927012014,0,0.731182795698925,0.152542372881356,0.160437032777458,0.341119482266255,0,40.8,77.8
2016,REG+POST,00-0030456,G.Bernard,Giovani Bernard,RB,RB,"https://static.www.nfl.com/image/private/f_auto,q_auto/league/guht9y14gftgsugb87xz",10,CIN,0,0,0,0,0,0,0,0,0,0,0,0,,0,,,91,337,2,0,0,15,-9.9813794446527,0,39,51,336,1,1,1,97,250,16,5.20419003645282,0,3.4639175257732,0.146131805157593,0.032452325192372,0.24191433537105,0,83.3,122.3
2016,REG+POST,00-0030460,M.Wheaton,Markus Wheaton,WR,WR,"https://static.www.nfl.com/image/private/f_auto,q_auto/league/hd28smxn43jzwkdikpd0",3,PIT,0,0,0,0,0,0,0,0,0,0,0,0,,0,,,0,0,0,0,0,0,,0,4,9,51,1,0,0,114,8,2,1.88119933072437,1,0.447368421052632,0.076271186440678,0.117283950617284,0.196505545093116,0,13.1,17.1
2016,REG+POST,00-0030465,K.Barner,Kenjon Barner,RB,RB,"https://static.www.nfl.com/image/private/f_auto,q_auto/league/n8hvbyw7vdlj7svjwqg4",10,PHI,0,0,0,0,0,0,0,0,0,0,0,0,,0,,,27,129,2,0,0,9,0.623596986760586,0,5,11,42,0,0,0,3,47,3,-0.282171772611231,0,14.0,0.0486725663716814,0.0020134228187919,0.0744182455306765,0,29.1,34.1
2016,REG+POST,00-0030470,V.McDonald,Vance McDonald,TE,TE,"https://static.www.nfl.com/image/private/f_auto,q_auto/league/apafzol1dcqu56cqotv9",10,SF,0,0,0,0,0,0,0,0,0,0,0,0,,0,,,0,0,0,0,0,0,,0,24,45,391,4,0,0,439,207,13,16.4856759107186,0,0.890660592255125,0.142857142857143,0.161992619926199,0.327680548234054,0,63.1,87.1
2016,REG+POST,00-0030472,J.Reed,Jordan Reed,TE,TE,"https://static.www.nfl.com/image/private/f_auto,q_auto/league/jur0qgejd3lzv8flmxcq",12,WAS,0,0,0,0,0,0,0,0,0,0,0,0,,0,,,0,0,0,0,0,0,,0,66,89,686,6,1,1,644,264,41,30.7349786477877,0,1.06521739130435,0.192640692640693,0.162585205756122,0.402770682990325,0,102.6,168.6
2016,REG+POST,00-0030485,E.Lacy,Eddie Lacy,RB,RB,"https://static.www.nfl.com/image/private/f_auto,q_auto/league/ckn4luxcj2oc2c24fh7i",5,GB,0,0,0,0,0,0,0,0,0,0,0,0,,0,,,71,360,0,0,0,15,2.05679802875966,0,4,7,28,0,0,0,-8,40,1,-1.51697459281422,0,-3.5,0.0391061452513967,-0.0051948051948052,0.0550228542407313,0,38.8,42.8
2016,REG+POST,00-0030496,L.Bell,Le'Veon Bell,RB,RB,"https://static.www.nfl.com/image/private/f_auto,q_auto/league/sm3ij3pcby5ciqwaaqa1",15,PIT,0,1,0,0,0,0,0,0,0,5,0,0,-0.597210233914666,0,0.0,,326,1625,9,3,1,88,17.2258552027979,0,79,101,619,2,1,0,-20,681,32,22.2794983591614,1,-30.95,0.208677685950413,-0.0049164208456243,0.309575034333683,0,290.4,369.4
2016,REG+POST,00-0030506,T.Kelce,Travis Kelce,TE,TE,"https://static.www.nfl.com/image/private/f_auto,q_auto/league/ryzr3vbragwe50vtj9af",17,KC,0,0,0,0,0,0,0,0,0,0,0,0,,0,,,1,-5,0,0,0,0,-1.27667639282299,0,90,124,1202,4,0,0,886,672,58,72.4083067941376,1,1.35665914221219,0.21830985915493,0.226946721311475,0.486327493650427,0,145.7,235.7
2016,REG+POST,00-0030513,L.Murray,Latavius Murray,RB,RB,"https://static.www.nfl.com/image/private/f_auto,q_auto/league/zepm7ghltyeqydn0qxcg",15,LV,0,0,0,0,0,0,0,0,0,0,0,0,,0,,,207,827,13,2,1,54,-5.90697918334352,0,34,47,276,0,0,0,0,286,11,-5.31635943138972,0,0.0,0.0836298932384342,0.0,0.125444839857651,0,186.3,220.3
2016,REG+POST,00-0030514,M.Rivera,Mychal Rivera,TE,TE,"https://static.www.nfl.com/image/private/f_auto,q_auto/league/nnbvmfg9qugawrxv2qyt",11,LV,0,0,0,0,0,0,0,0,0,0,0,0,,0,,,0,0,0,0,0,0,,0,22,30,223,1,0,0,252,72,14,8.27135440765414,0,0.884920634920635,0.072463768115942,0.0779220779220779,0.163241106719368,0,28.3,50.3
2016,REG+POST,00-0030516,B.Butler,Brice Butler,WR,WR,"https://static.www.nfl.com/image/private/f_auto,q_auto/league/xnr2lcdlhui4vyu6z4ir",15,DAL,0,0,0,0,0,0,0,0,0,0,0,0,,0,,,0,0,0,0,0,0,,0,16,35,219,3,0,0,537,19,11,-0.162710807799049,0,0.407821229050279,0.0751072961373391,0.138867339022498,0.209868081521757,0,39.9,55.9
2016,REG+POST,00-0030520,M.Glennon,Mike Glennon,QB,QB,"https://static.www.nfl.com/image/private/f_auto,q_auto/league/mubobrjbeudtezxv0t0p",1,TB,10,11,75,1,0,0,0,0,0,43,37,6,6.07621601794381,1,1.74418604651163,0.343238555268329,0,0,0,0,0,0,,0,0,0,0,0,0,0,0,0,0,,0,,,,,0,9.0,9.0
2016,REG+POST,00-0030521,J.Hunter,Justin Hunter,WR,WR,"https://static.www.nfl.com/image/private/f_auto,q_auto/league/jwfx9spolez2cofb3kvq",9,BUF,0,0,0,0,0,0,0,0,0,0,0,0,,0,,,0,0,0,0,0,0,,0,10,24,189,4,0,0,341,30,10,4.34093456743201,0,0.55425219941349,0.0948616600790514,0.141376451077944,0.241256005873138,0,42.9,52.9
2016,REG+POST,00-0030524,L.Jones,Landry Jones,QB,QB,"https://static.www.nfl.com/image/private/f_auto,q_auto/league/rxewfnskdqvfmsui48ta",7,PIT,53,86,558,4,2,4,34,0,0,763,242,26,5.45112782222635,0,0.73132372214941,0.0593911914005983,6,-4,0,0,0,0,-4.52964788582176,0,0,0,0,0,0,0,0,0,0,,0,,,,,0,33.92,33.92
2016,REG+POST,00-0030525,T.Austin,Tavon Austin,WR,WR,"https://static.www.nfl.com/image/private/f_auto,q_auto/league/ulagxqgjnrft4wub0gus",15,LA,0,0,0,0,0,0,0,0,0,0,0,0,,0,,,28,159,1,1,0,7,3.93692349331104,0,58,106,509,3,1,1,722,272,25,-38.1683668424213,0,0.704986149584488,0.21285140562249,0.201338538761852,0.460214085567031,0,88.8,146.8
2016,REG+POST,00-0030526,E.Manuel,EJ Manuel,QB,QB,"https://static.www.nfl.com/image/private/f_auto,q_auto/league/day0kzescuwievdhlacd",5,BUF,11,26,131,0,0,3,20,1,1,280,27,6,-6.78899853412125,1,0.467857142857143,-0.0649007879600627,8,22,0,1,0,3,-0.361731081356993,0,0,0,0,0,0,0,0,0,0,,0,,,,,0,7.44,7.44
2016,REG+POST,00-0030533,M.Barkley,Matt Barkley,QB,QB,"https://static.www.nfl.com/image/private/f_auto,q_auto/league/ejvscebj0ufugx5vrouq",7,CHI,129,216,1611,8,14,6,43,2,2,2274,530,89,-1.19478209953238,0,0.70844327176781,0.0625997359738251,7,2,0,2,0,0,-6.67448309180327,0,1,1,2,1,0,0,2,0,1,2.09020070458064,0,1.0,0.05,0.0116279069767442,0.0831395348837209,0,70.84,71.84
2016,REG+POST,00-0030542,T.Williams,Terrance Williams,WR,WR,"https://static.www.nfl.com/image/private/f_auto,q_auto/league/emdrh1uwgitgnw1wytiv",16,DAL,0,0,0,0,0,0,0,0,0,0,0,0,,0,,,0,0,0,0,0,0,,0,48,67,662,4,1,1,833,183,38,32.6797039026318,0,0.794717887154862,0.137860082304527,0.203916768665851,0.349531861522886,0,88.2,136.2
2016,REG+POST,00-0030544,G.Escobar,Gavin Escobar,TE,TE,"https://static.www.nfl.com/image/private/f_auto,q_auto/league/zpne5eocfe1wlkabs4gq",3,DAL,0,0,0,0,0,0,0,0,0,0,0,0,,0,,,0,0,0,0,0,0,,0,4,7,30,1,0,0,43,9,2,-2.62925901415292,0,0.697674418604651,0.0760869565217391,0.0703764320785597,0.163393937237601,0,9.0,13.0
2016,REG+POST,00-0030547,,Denard Robinson,RB,RB,"https://static.www.nfl.com/image/private/f_auto,q_auto/league/qxucqizbxstsxgtv0jpn",6,JAX,0,0,0,0,0,0,0,0,0,0,0,0,,0,,,41,144,0,0,0,4,-5.57797174807638,0,3,5,22,0,0,0,5,28,1,-0.981403999147005,0,4.4,0.0303030303030303,0.003987240829346,0.0482456140350877,0,16.6,19.6
2016,REG+POST,00-0030549,T.Eifert,Tyler Eifert,TE,TE,"https://static.www.nfl.com/image/private/f_auto,q_auto/league/sextvbehmeu7ydutxtsu",8,CIN,0,0,0,0,0,0,0,0,0,0,0,0,,0,,,0,0,0,0,0,0,,0,29,47,394,5,0,0,367,132,23,24.7178451710735,0,1.07356948228883,0.178707224334601,0.165988240615106,0.384252604932476,0,69.4,98.4
2016,REG+POST,00-0030551,C.Schmidt,Colton Schmidt,P,SPEC,"https://static.www.nfl.com/image/private/f_auto,q_auto/league/ljknmshvxkk85fkaq8ar",1,BUF,0,0,0,0,0,0,0,0,0,0,0,0,,0,,,1,16,0,1,0,1,4.09273582091555,0,0,0,0,0,0,0,0,0,0,,0,,,,,0,1.6,1.6
2016,REG+POST,00-0030564,D.Hopkins,DeAndre Hopkins,WR,WR,"https://static.www.nfl.com/image/upload/f_auto,q_auto/league/jgatj8mtftu06pegapip",18,HOU,0,0,0,0,0,0,0,0,0,0,0,0,,0,,,0,0,0,0,0,0,,0,89,169,1086,5,0,0,1933,311,61,-2.50933733663028,0,0.561821003621314,0.263239875389408,0.351774340309372,0.641101851300673,0,138.6,227.6
2016,REG+POST,00-0030565,G.Smith,Geno Smith,QB,QB,"https://static.www.nfl.com/image/private/f_auto,q_auto/league/bxp32udtvwnpu3rl2cht",2,NYJ,8,14,126,1,1,3,19,1,0,97,83,3,-2.48700914782239,0,1.29896907216495,-0.0279806656768713,2,9,0,0,0,1,0.486910686828196,0,0,0,0,0,0,0,0,0,0,,0,,,,,0,7.94,7.94
2016,REG+POST,00-0030578,C.Patterson,Cordarrelle Patterson,RB,RB,"https://static.www.nfl.com/image/private/f_auto,q_auto/league/gy2bb38cns4nxypehbqi",16,MIN,0,0,0,0,0,0,0,0,0,0,0,0,,0,,,7,43,0,0,0,2,-0.468242325820029,0,52,70,453,2,0,0,338,329,23,4.67032565373934,0,1.34023668639053,0.126353790613718,0.0984561607923099,0.258449998475195,1,67.6,119.6
2016,REG+POST,00-0030656,I.Crowell,Isaiah Crowell,RB,RB,"https://static.www.nfl.com/image/private/f_auto,q_auto/league/oruiw5myfimtssv6j2ar",16,CLE,0,0,0,0,0,0,0,0,0,0,0,0,,0,,,198,952,7,2,2,45,-19.7831496509561,0,40,53,319,0,0,0,1,325,14,5.5524808057611,0,319.0,0.0949820788530466,0.0002279981760145,0.14263271700278,0,165.1,205.1
2016,REG+POST,00-0030663,W.Snead,Willie Snead,WR,WR,"https://static.www.nfl.com/image/private/f_auto,q_auto/league/fr5xckiwhguuaishnbju",15,NO,1,1,50,1,0,0,0,0,0,22,28,1,4.87277231691405,0,2.27272727272727,,0,0,0,0,0,0,,0,72,104,895,4,2,0,727,387,51,37.9363873519894,0,1.23108665749656,0.170491803278689,0.164815234640671,0.371108369166502,0,119.5,191.5
2016,REG+POST,00-0030668,C.West,Charcandrick West,RB,RB,"https://static.www.nfl.com/image/private/f_auto,q_auto/league/ccvw7oos9bzr4ojdiuac",16,KC,0,0,0,0,0,0,0,0,0,0,0,0,,0,,,89,292,1,0,0,14,-17.4377279871759,0,30,36,202,2,1,1,28,202,10,8.35309498948514,0,7.21428571428571,0.0859188544152745,0.0111111111111111,0.136656059400689,0,65.4,95.4
2016,REG+POST,00-0030669,A.Wilson,Albert Wilson,WR,WR,"https://static.www.nfl.com/image/private/f_auto,q_auto/league/slythouwdcrug0poiios",15,KC,0,0,0,0,0,0,0,0,0,0,0,0,,0,,,2,50,1,0,0,1,6.07556584780105,0,33,54,282,3,0,0,366,171,12,-7.95411863342736,0,0.770491803278689,0.109311740890688,0.116970278044104,0.245846805966905,0,57.2,90.2
2016,REG+POST,00-0030670,B.Fowler,Bennie Fowler,WR,WR,"https://static.www.nfl.com/image/private/f_auto,q_auto/league/nfcmdcfhjf347rw1cstq",10,DEN,0,0,0,0,0,0,0,0,0,0,0,0,,0,,,0,0,0,0,0,0,,0,11,24,145,2,0,0,286,64,5,1.7975934862897,0,0.506993006993007,0.0650406504065041,0.0832847990681421,0.155860334957456,0,26.5,37.5
2016,REG+POST,00-0030671,I.Burse,Isaiah Burse,WR,WR,"https://static.www.nfl.com/image/private/f_auto,q_auto/league/bjzajklr8jusc5v60vzl",2,LAC,0,0,0,0,0,0,0,0,0,0,0,0,,0,,,0,0,0,0,0,0,,0,0,4,0,0,0,0,64,0,0,-7.37333621678408,0,0.0,0.0506329113924051,0.117001828153565,0.157850646796103,0,0.0,0.0
2016,REG+POST,00-0030691,J.Butler,Jeremy Butler,WR,WR,"https://static.www.nfl.com/image/private/f_auto,q_auto/league/jjbnpsdo2knl6c710ix3",2,LAC,0,0,0,0,0,0,0,0,0,0,0,0,,0,,,0,0,0,0,0,0,,0,2,2,11,0,0,0,10,1,0,-0.643624261836521,0,1.1,0.0317460317460317,0.0210084033613445,0.0623249299719888,0,1.1,3.1
2016,REG+POST,00-0030705,J.Thompson,Juwan Thompson,RB,RB,"https://static.www.nfl.com/image/private/f_auto,q_auto/league/x1gerktg0cgy6em36vgl",4,DEN,0,0,0,0,0,0,0,0,0,0,0,0,,0,,,8,26,1,0,0,2,-1.7760462386068,0,0,1,0,0,0,0,-3,0,0,-0.31234802439576,0,0.0,0.025,-0.0091463414634146,0.0310975609756098,0,8.6,8.6
2016,REG+POST,00-0030710,T.Burton,Trey Burton,TE,TE,"https://static.www.nfl.com/image/private/f_auto,q_auto/league/vt2ce0szit4ozyh5s5iw",14,PHI,0,0,0,0,0,0,0,0,0,0,0,0,,0,,,0,0,0,0,0,0,,0,37,60,327,1,0,0,442,137,20,3.65605488585698,0,0.739819004524887,0.112994350282486,0.117521935655411,0.251756880382516,0,38.7,75.7
2016,REG+POST,00-0030737,F.Martino,Freddie Martino,WR,WR,"https://static.www.nfl.com/image/private/f_auto,q_auto/league/ztiguqllxmcbjynsqwn9",7,TB,0,0,0,0,0,0,0,0,0,0,0,0,,0,,,0,0,0,0,0,0,,0,8,11,142,1,0,0,131,30,5,8.33727804612136,0,1.08396946564886,0.0460251046025105,0.0543794105437941,0.107103244284422,0,20.2,28.2
2016,REG+POST,00-0030741,R.Nix,Roosevelt Nix,FB,RB,"https://static.www.nfl.com/image/private/f_auto,q_auto/league/ibpity8hbzwonppqziyb",2,PIT,0,0,0,0,0,0,0,0,0,0,0,0,,0,,,0,0,0,0,0,0,,0,2,3,5,0,0,0,3,6,0,-1.10381877259351,0,1.66666666666667,0.0357142857142857,0.0035377358490566,0.0560478436657682,0,0.5,2.5
2016,REG+POST,00-0030758,,Justin Perillo,TE,TE,,4,GB,0,0,0,0,0,0,0,0,0,0,0,0,,0,,,0,0,0,0,0,0,,0,4,5,35,0,0,0,27,20,1,0.436954657896422,0,1.2962962962963,0.0306748466257669,0.0174757281553398,0.0582452796473882,0,3.5,7.5
2016,REG+POST,00-0030780,R.Hewitt,Ryan Hewitt,TE,TE,"https://static.www.nfl.com/image/private/f_auto,q_auto/league/egbpiaml7idnpcxa1x8q",2,CIN,0,0,0,0,0,0,0,0,0,0,0,0,,0,,,0,0,0,0,0,0,,0,2,3,13,0,0,0,8,9,1,-0.817914639366791,0,1.625,0.0340909090909091,0.0135823429541596,0.0606440037042754,0,1.3,3.3
2016,REG+POST,00-0030789,,Antonio Andrews,RB,RB,"https://static.www.nfl.com/image/private/f_auto,q_auto/league/wwy4g14dflaelkretfzv",1,TEN,0,0,0,0,0,0,0,0,0,0,0,0,,0,,,2,15,0,0,0,0,1.01705558807589,0,0,0,0,0,0,0,0,0,0,,0,,,,,0,1.5,1.5
2016,REG+POST,00-0030801,B.Coleman,Brandon Coleman,WR,WR,"https://static.www.nfl.com/image/private/f_auto,q_auto/league/mudu6l15nmg2cfvljd0d",13,NO,0,0,0,0,0,0,0,0,0,0,0,0,,0,,,0,0,0,0,0,0,,0,26,38,281,3,0,0,425,74,16,9.56108573529228,0,0.661176470588235,0.0692167577413479,0.108335457557991,0.179659956902616,0,46.1,72.1
2016,REG+POST,00-0030805,J.Hamm,Je'Ron Hamm,TE,TE,"https://static.www.nfl.com/image/private/f_auto,q_auto/league/dcfsyc5n4pyryy9sftny",1,SF,0,0,0,0,0,0,0,0,0,0,0,0,,0,,,0,0,0,0,0,0,,0,2,4,13,0,0,0,30,2,1,0.78209401271306,0,0.433333333333333,0.121212121212121,0.13953488372093,0.279492600422833,0,1.3,3.3
2016,REG+POST,00-0030821,A.Hurns,Allen Hurns,WR,WR,"https://static.www.nfl.com/image/private/f_auto,q_auto/league/ficrwzwu4bfswpzu61fv",11,JAX,0,0,0,0,0,0,0,0,0,0,0,0,,0,,,0,0,0,0,0,0,,0,35,76,477,3,1,0,749,211,23,-11.924849254553,0,0.636849132176235,0.17351598173516,0.202487158691538,0.402014983686817,0,65.7,100.7
2016,REG+POST,00-0030828,D.Tialavea,D.J. Tialavea,OT,OL,"https://static.www.nfl.com/image/private/f_auto,q_auto/league/cszuqeqpg8y4z2nrdccx",1,ATL,0,0,0,0,0,0,0,0,0,0,0,0,,0,,,0,0,0,0,0,0,,0,1,1,1,1,0,0,1,0,1,1.45576400181744,0,1.0,0.0303030303030303,0.0038910505836575,0.0481782808631058,0,6.1,7.1
2016,REG+POST,00-0030854,E.Swoope,Erik Swoope,TE,TE,"https://static.www.nfl.com/image/private/f_auto,q_auto/league/lgucz1buzapjyv92e7tj",9,IND,0,0,0,0,0,0,0,0,0,0,0,0,,0,,,0,0,0,0,0,0,,0,15,22,297,1,0,0,253,134,12,21.0643146798105,0,1.17391304347826,0.0726072607260726,0.0966755827283149,0.176583798998929,0,35.7,50.7
2016,REG+POST,00-0030856,T.Washington,Tony Washington,WR,WR,"https://static.www.nfl.com/image/private/f_auto,q_auto/league/v7m1hggbznecn6xkqoac",1,JAX,0,0,0,0,0,0,0,0,0,0,0,0,,0,,,0,0,0,0,0,0,,0,1,1,9,0,0,0,-2,11,0,1.05703485617414,0,0.0,0.0256410256410256,-0.0062893081761006,0.034059022738268,0,0.9,1.9
2016,REG+POST,00-0030860,O.Darkwa,Orleans Darkwa,RB,RB,"https://static.www.nfl.com/image/private/f_auto,q_auto/league/tumagun0uid3uujm4kkg",4,NYG,0,0,0,0,0,0,0,0,0,0,0,0,,0,,,30,111,2,0,0,7,-2.18039468367351,0,2,4,12,0,0,0,-3,17,0,-1.15798790415283,0,-4.0,0.032258064516129,-0.0031282586027111,0.0461973157522957,0,24.3,26.3
2016,REG+POST,00-0030874,D.Williams,Damien Williams,RB,RB,"https://static.www.nfl.com/image/private/f_auto,q_auto/league/ga4vusnfwfvhp2ksqw7x",16,MIA,0,0,0,0,0,0,0,0,0,0,0,0,,0,,,38,129,3,0,0,8,-7.40462668737337,0,24,34,253,4,1,1,118,202,11,1.18603417533871,0,2.14406779661017,0.0769230769230769,0.0402181322426721,0.143537307954486,0,78.2,102.2
2016,REG+POST,00-0030968,K.Smith,Keith Smith,FB,RB,"https://static.www.nfl.com/image/private/f_auto,q_auto/league/jolwasweebgk37nkl7ia",4,DAL,0,0,0,0,0,0,0,0,0,0,0,0,,0,,,2,5,0,0,0,2,0.981358476914465,0,3,3,20,0,0,0,-2,22,1,0.470243715448305,0,-10.0,0.0294117647058824,-0.0054054054054054,0.0403338632750397,0,2.5,5.5
2016,REG+POST,00-0030990,J.Huff,Josh Huff,WR,WR,"https://static.www.nfl.com/image/private/f_auto,q_auto/league/fbihlh4lbx3xco7v75yg",9,TB,0,1,0,0,0,0,0,0,0,29,0,0,-0.345715032657608,0,0.0,,4,15,0,0,0,1,0.321861055970658,0,16,23,113,1,0,0,69,114,6,-0.569211799903046,0,1.63768115942029,0.0771812080536913,0.0285359801488834,0.135746998184755,1,24.8,40.8
2016,REG+POST,00-0030992,C.Gillmore,Crockett Gillmore,TE,TE,"https://static.www.nfl.com/image/private/f_auto,q_auto/league/wdnss99dxs771hd8ifpn",5,BAL,0,0,0,0,0,0,0,0,0,0,0,0,,0,,,0,0,0,0,0,0,,0,8,14,71,1,0,0,100,33,5,-0.410151323853824,0,0.71,0.0630630630630631,0.0556173526140156,0.133526741424405,0,13.1,21.1
2016,REG+POST,00-0031001,J.Janis,Jeff Janis,WR,WR,"https://static.www.nfl.com/image/private/f_auto,q_auto/league/fldhv9nvnmafss3r9tn2",11,GB,0,0,0,0,0,0,0,0,0,0,0,0,,0,,,2,38,1,0,0,2,4.20408790092915,0,11,20,93,1,0,0,213,30,4,0.432007227733266,0,0.436619718309859,0.0505050505050505,0.0671500630517024,0.122762619893767,0,25.1,36.1
2016,REG+POST,00-0031021,J.Abbrederis,Jared Abbrederis,WR,WR,"https://static.www.nfl.com/image/private/f_auto,q_auto/league/p5gqmcyci9youm2r6oeb",2,GB,0,0,0,0,0,0,0,0,0,0,0,0,,0,,,0,0,0,0,0,0,,0,1,2,8,0,0,0,9,2,0,-0.12504688790068,0,0.888888888888889,0.0266666666666667,0.0144927536231884,0.0501449275362319,0,0.8,1.8
2016,REG+POST,00-0031023,Q.Enunwa,Quincy Enunwa,WR,WR,"https://static.www.nfl.com/image/private/f_auto,q_auto/league/vsd27gfxzjt7v7izbjet",16,NYJ,0,0,0,0,0,0,0,0,0,0,0,0,,0,,,1,12,0,0,0,1,1.20271113980562,0,58,105,857,4,0,0,938,352,37,5.31686921465221,0,0.9136460554371,0.192307692307692,0.191584967320261,0.422571015585722,0,110.9,168.9
2016,REG+POST,00-0031025,M.Campanaro,Michael Campanaro,WR,WR,"https://static.www.nfl.com/image/private/f_auto,q_auto/league/zpr9fkukakcfyfefypf7",3,BAL,0,0,0,0,0,0,0,0,0,0,0,0,,0,,,3,72,0,0,0,3,5.50346212973818,0,0,1,0,0,0,0,-2,0,0,-0.474211955443025,0,0.0,0.0344827586206897,-0.0081632653061224,0.0460098522167488,0,7.2,7.2
2016,REG+POST,00-0031035,X.Grimble,Xavier Grimble,TE,TE,"https://static.www.nfl.com/image/private/f_auto,q_auto/league/crjwhcfk4bt6dqojjppj",8,PIT,0,0,0,0,0,0,0,0,0,0,0,0,,0,,,0,0,0,0,0,0,,0,11,21,118,2,0,0,144,38,8,-0.115369692336843,0,0.819444444444445,0.0670926517571885,0.0521172638436482,0.137121062326337,0,23.8,34.8
2016,REG+POST,00-0031042,J.Amaro,Jace Amaro,TE,TE,"https://static.www.nfl.com/image/private/f_auto,q_auto/league/i68ljijl5jzg6tg8755p",1,TEN,0,0,0,0,0,0,0,0,0,0,0,0,,0,,,0,0,0,0,0,0,,0,3,4,59,0,0,0,55,12,2,3.66217242466519,0,1.07272727272727,0.121212121212121,0.161764705882353,0.295053475935829,0,5.9,8.9
2016,REG+POST,00-0031044,T.Niklas,Troy Niklas,TE,TE,"https://static.www.nfl.com/image/private/f_auto,q_auto/league/cfkufqkxuqf9htsyqfxj",2,ARI,0,0,0,0,0,0,0,0,0,0,0,0,,0,,,0,0,0,0,0,0,,0,1,2,0,0,0,0,0,0,0,-1.37341885315254,0,,0.0238095238095238,,,0,0.0,1.0
2016,REG+POST,00-0031045,C.Hyde,Carlos Hyde,RB,RB,"https://static.www.nfl.com/image/private/f_auto,q_auto/league/qpmv42ldpkpdf1gpgeua",13,SF,0,0,0,0,0,0,0,0,0,0,0,0,,0,,,217,988,6,4,2,48,-18.4156207672346,1,27,33,163,3,1,1,72,145,7,-5.61539183580317,0,2.26388888888889,0.0901639344262295,0.0236608609924417,0.151808504334053,0,165.1,192.1
2016,REG+POST,00-0031051,J.Brown,John Brown,WR,WR,"https://static.www.nfl.com/image/private/f_auto,q_auto/league/xwyc2a0qfdxbbct6lso6",14,ARI,0,0,0,0,0,0,0,0,0,0,0,0,,0,,,1,10,0,0,0,1,0.464311777381226,0,39,73,517,2,0,0,1012,99,28,-2.00840123408146,0,0.510869565217391,0.131768953068592,0.187026427647385,0.328571928956058,0,64.7,103.7
2016,REG+POST,00-0031055,A.Williams,Andre Williams,RB,RB,"https://static.www.nfl.com/image/private/f_auto,q_auto/league/bkjjrp3sdtq2ubuzywyd",1,LAC,0,0,0,0,0,0,0,0,0,0,0,0,,0,,,18,87,0,0,0,6,2.89544218720403,0,0,2,0,0,0,0,0,0,0,-0.880107789998874,0,,0.0540540540540541,,,0,8.7,8.7
2016,REG+POST,00-0031057,K.Carey,Ka'Deem Carey,RB,RB,"https://static.www.nfl.com/image/private/f_auto,q_auto/league/hxertoawlphk8ljtylct",11,CHI,0,0,0,0,0,0,0,0,0,0,0,0,,0,,,32,126,0,0,0,4,-2.69830312184058,0,5,7,55,0,0,0,-2,60,4,1.6702116674569,0,-27.5,0.0284552845528455,-0.001047668936616,0.0419495585736371,0,18.1,23.1
2016,REG+POST,00-0031060,D.Thomas,De'Anthony Thomas,WR,WR,"https://static.www.nfl.com/image/private/f_auto,q_auto/league/ubevvtu8f1snobsxnnwl",7,KC,0,0,0,0,0,0,0,0,0,0,0,0,,0,,,4,29,0,0,0,1,0.236101672373479,0,7,9,35,0,0,0,32,24,2,-2.19760478718672,0,1.09375,0.05,0.0246913580246914,0.092283950617284,0,6.4,13.4
2016,REG+POST,00-0031062,J.White,James White,RB,RB,"https://static.www.nfl.com/image/private/f_auto,q_auto/league/z1nnkmnstccnqya5d5ee",19,NE,0,0,0,0,0,0,0,0,0,0,0,0,,0,,,46,195,2,0,0,12,0.720651104435092,1,78,107,688,7,0,0,177,601,33,16.1600334081155,0,3.88700564971751,0.15597667638484,0.0330655707080142,0.257110914072869,0,144.3,222.3
2016,REG+POST,00-0031064,T.Savage,Tom Savage,QB,QB,"https://static.www.nfl.com/image/private/f_auto,q_auto/league/ovqvn8ei0thwn7si83n8",3,HOU,46,73,461,0,0,5,36,1,1,593,169,20,-11.1132058588874,0,0.777403035413154,0.0430164175042257,6,12,0,0,0,2,-0.0612579880398698,0,0,0,0,0,0,0,0,0,0,,0,,,,,0,17.64,17.64
2016,REG+POST,00-0031066,L.Taliaferro,Lorenzo Taliaferro,RB,RB,"https://static.www.nfl.com/image/private/f_auto,q_auto/league/kuwhpbnxob4eht6fndqh",1,BAL,0,0,0,0,0,0,0,0,0,0,0,0,,0,,,1,0,0,0,0,0,-0.483402145560831,0,3,3,10,0,0,0,-4,14,0,-0.74058652453823,0,-2.5,0.0697674418604651,-0.0082135523613963,0.0989016761377203,0,1.0,4.0
2016,REG+POST,00-0031068,R.Grant,Ryan Grant,WR,WR,"https://static.www.nfl.com/image/private/f_auto,q_auto/league/im7fnk7uti759btkrdok",11,WAS,0,0,0,0,0,0,0,0,0,0,0,0,,0,,,0,0,0,0,0,0,,0,9,19,76,0,0,0,167,25,6,-1.76769056142019,0,0.455089820359281,0.0447058823529412,0.0437287247970673,0.0976689308873589,0,7.6,16.6
2016,REG+POST,00-0031075,A.Blue,Alfred Blue,RB,RB,"https://static.www.nfl.com/image/private/f_auto,q_auto/league/qt9zmmipmlcin4gxs8wt",16,HOU,0,0,0,0,0,0,0,0,0,0,0,0,,0,,,103,426,1,2,1,23,-11.1762095543759,0,12,16,40,0,0,0,31,28,1,-4.64255758663264,0,1.29032258064516,0.062015503875969,0.016711590296496,0.104721369021501,0,50.6,62.6
2016,REG+POST,00-0031076,D.Fales,David Fales,QB,QB,"https://static.www.nfl.com/image/private/f_auto,q_auto/league/izwtweargevmjanrafe3",1,CHI,2,5,22,0,0,1,5,0,0,49,15,2,-2.25861815735698,0,0.448979591836735,-0.111700503502932,1,0,0,1,0,0,-0.52467439614702,0,0,0,0,0,0,0,0,0,0,,0,,,,,0,0.88,0.88
2016,REG+POST,00-0031085,J.Prosch,Jay Prosch,RB,RB,"https://static.www.nfl.com/image/private/f_auto,q_auto/league/qfxm205gqvzzpy0z2oyw",5,HOU,0,0,0,0,0,0,0,0,0,0,0,0,,0,,,5,10,0,0,0,4,0.467463884910103,0,1,1,6,0,0,0,1,5,1,0.551636458840221,0,6.0,0.0277777777777778,0.0035587188612099,0.0441577698695136,0,1.6,2.6
2016,REG+POST,00-0031102,K.Bibbs,Kapri Bibbs,RB,RB,"https://static.www.nfl.com/image/private/f_auto,q_auto/league/yvqplagyljhiso4imgiq",8,DEN,0,0,0,0,0,0,0,0,0,0,0,0,,0,,,29,129,0,0,0,7,-0.479337052907795,0,2,4,75,1,0,0,-5,80,1,5.12503609101987,0,-15.0,0.0300751879699248,-0.0103950103950104,0.0378362746783799,0,26.4,28.4
2016,REG+POST,00-0031118,C.Brown,Corey Brown,WR,WR,"https://static.www.nfl.com/image/private/f_auto,q_auto/league/lgk5rlkpxd0vw28nhrrq",15,CAR,0,0,0,0,0,0,0,0,0,0,0,0,,0,,,2,6,0,0,0,0,-0.53496694972273,0,27,53,276,1,1,1,535,112,16,-3.17315680397418,0,0.51588785046729,0.100952380952381,0.108828315703824,0.227608392421248,0,32.2,59.2
2016,REG+POST,00-0031158,G.Atkinson,George Atkinson,RB,RB,"https://static.www.nfl.com/image/private/f_auto,q_auto/league/udjcw8aaomkitgbqjacq",1,CLE,0,0,0,0,0,0,0,0,0,0,0,0,,0,,,7,34,1,0,0,3,1.77228025117074,0,0,0,0,0,0,0,0,0,0,,0,,,,,0,9.4,9.4
2016,REG+POST,00-0031166,S.Roberts,Seth Roberts,WR,WR,"https://static.www.nfl.com/image/private/f_auto,q_auto/league/wcralkq5mcdpsmjvkatl",17,LV,0,0,0,0,0,0,0,0,0,0,0,0,,0,,,0,0,0,0,0,0,,0,39,84,398,5,0,0,714,198,22,-3.62611605221171,2,0.557422969187675,0.132492113564669,0.143575306655942,0.299240885006163,0,73.8,112.8
2016,REG+POST,00-0031189,T.Jones,T.J. Jones,WR,WR,"https://static.www.nfl.com/image/private/f_auto,q_auto/league/fqv9h42uxtxjl7jjs2dt",4,DET,0,0,0,0,0,0,0,0,0,0,0,0,,0,,,0,0,0,0,0,0,,0,5,15,93,0,0,0,198,30,2,-1.59605114299138,0,0.46969696969697,0.0943396226415094,0.153965785381026,0.249285483728983,0,9.3,14.3
2016,REG+POST,00-0031228,T.Gabriel,Taylor Gabriel,WR,WR,"https://static.www.nfl.com/image/private/f_auto,q_auto/league/nc4aoax8j5mnnrjewu7p",15,ATL,0,0,0,0,0,0,0,0,0,0,0,0,,0,,,5,51,1,1,0,3,3.27627395157469,0,44,64,750,6,0,0,693,346,28,36.8426248479568,0,1.08225108225108,0.130346232179226,0.16626679462572,0.311906104506843,0,122.1,166.1
2016,REG+POST,00-0031235,O.Beckham,Odell Beckham,WR,WR,"https://static.www.nfl.com/image/private/f_auto,q_auto/league/etl34lkiscs2lpc4to2f",17,NYG,0,0,0,0,0,1,6,0,0,0,0,0,-1.28538929857314,0,,,1,9,0,0,0,0,0.549734262283891,0,105,180,1395,10,2,1,1937,547,67,33.9449282832512,0,0.720185854414042,0.280811232449298,0.374879040061932,0.683632176717299,0,198.4,303.4
2016,REG+POST,00-0031236,B.Cooks,Brandin Cooks,WR,WR,"https://static.www.nfl.com/image/private/f_auto,q_auto/league/wy6qidqm8jjp6buvu3lp",15,NO,0,0,0,0,0,0,0,0,0,0,0,0,,0,,,6,30,0,0,0,1,-0.317627736483701,0,78,117,1173,8,1,0,1522,384,45,55.0699920976867,0,0.770696452036794,0.186009538950715,0.329152249134948,0.509420882820537,0,168.3,246.3
2016,REG+POST,00-0031257,P.Richardson,Paul Richardson,WR,WR,"https://static.www.nfl.com/image/private/f_auto,q_auto/league/jxsldwomavxfbs7gueqt",13,SEA,0,0,0,0,0,0,0,0,0,0,0,0,,0,,,1,5,0,0,0,1,0.548783826758154,0,28,45,419,2,0,0,629,114,22,25.5055272332954,0,0.666136724960254,0.10250569476082,0.159725749111224,0.265566566519087,0,54.4,82.4
2016,REG+POST,00-0031268,W.Powell,Walt Powell,WR,WR,"https://static.www.nfl.com/image/private/f_auto,q_auto/league/va4atmsx7cdryh9lchty",7,BUF,0,0,0,0,0,0,0,0,0,0,0,0,,0,,,0,0,0,0,0,0,,0,14,25,142,0,0,0,297,45,7,0.714754537246534,0,0.478114478114478,0.125,0.149471565173629,0.29213009562154,0,14.2,28.2
2016,REG+POST,00-0031273,C.Brate,Cameron Brate,TE,TE,"https://static.www.nfl.com/image/private/f_auto,q_auto/league/jhioqec65qy4z7s6w9a6",15,TB,0,0,0,0,0,0,0,0,0,0,0,0,,0,,,0,0,0,0,0,0,,0,57,81,660,8,1,0,789,136,40,40.3342363305042,0,0.836501901140684,0.151119402985075,0.143064369900272,0.326824163407802,0,114.0,171.0
2016,REG+POST,00-0031280,D.Carr,Derek Carr,QB,QB,"https://static.www.nfl.com/image/private/f_auto,q_auto/league/cffbp9sqfioxa2jk2oqf",15,LV,357,560,3937,28,6,16,79,2,2,4343,1790,189,75.3766458659638,5,0.906516233018651,0.0987090912635284,39,70,0,3,1,5,-21.5321188263649,0,0,0,0,0,0,0,0,0,0,,0,,,,,0,268.48,268.48
2016,REG+POST,00-0031285,D.Freeman,Devonta Freeman,RB,RB,"https://static.www.nfl.com/image/private/f_auto,q_auto/league/vjhvfwypu1byxfo2uvki",19,ATL,0,0,0,0,0,0,0,0,0,0,0,0,,0,,,266,1241,13,1,1,69,4.20547054407049,0,64,77,630,3,0,0,119,552,27,15.1789978571237,0,5.29411764705882,0.129848229342327,0.0240841934831006,0.211631279451661,0,281.1,345.1
2016,REG+POST,00-0031291,J.Wright,James Wright,WR,WR,"https://static.www.nfl.com/image/private/f_auto,q_auto/league/n4ultyvj4gsjijuq5qo4",10,CIN,0,0,0,0,0,0,0,0,0,0,0,0,,0,,,2,-6,0,0,0,1,-0.694875125656836,0,13,19,106,0,0,0,202,35,7,0.344829527835827,0,0.524752475247525,0.0544412607449857,0.0740469208211144,0.133494735692259,0,10.0,23.0
2016,REG+POST,00-0031299,J.Matthews,Jordan Matthews,TE,TE,"https://static.www.nfl.com/image/private/f_auto,q_auto/league/lzmaxofoalitaiiuchm7",14,PHI,0,0,0,0,0,0,0,0,0,0,0,0,,0,,,0,0,0,0,0,0,,0,73,117,804,3,1,0,1133,243,38,29.9129866038027,0,0.709620476610768,0.233532934131737,0.301089556205155,0.561062090541214,0,98.4,171.4
2016,REG+POST,00-0031301,J.Hill,Jeremy Hill,RB,RB,"https://static.www.nfl.com/image/private/f_auto,q_auto/league/rafvidcbp023aupumccx",15,CIN,0,0,0,0,0,0,0,0,0,0,0,0,,0,,,222,839,9,0,0,42,-7.63234408048918,0,21,27,174,0,0,0,-2,164,6,3.75162727403222,0,-87.0,0.0692307692307692,-0.0009610764055742,0.103173400362252,0,155.3,176.3
2016,REG+POST,00-0031302,C.Fiedorowicz,C.J. Fiedorowicz,TE,TE,"https://static.www.nfl.com/image/private/f_auto,q_auto/league/syuzjdnhzquetrf9jqvp",17,HOU,0,0,0,0,0,0,0,0,0,0,0,0,,0,,,0,0,0,0,0,0,,0,59,98,630,5,1,0,695,235,34,15.9319711626954,0,0.906474820143885,0.164705882352941,0.136972802522665,0.342939785295277,0,93.0,152.0
2016,REG+POST,00-0031307,W.Aikens,Walt Aikens,CB,DB,"https://static.www.nfl.com/image/private/f_auto,q_auto/league/df61cwjllfnjqjriozfr",1,MIA,0,0,0,0,0,0,0,0,0,0,0,0,,0,,,0,0,0,0,0,0,,0,0,0,0,0,0,0,0,0,0,,0,,,,,1,6.0,6.0
2016,REG+POST,00-0031310,D.Street,Devin Street,WR,WR,"https://static.www.nfl.com/image/private/f_auto,q_auto/league/y2xezm37npdrqvgrhuga",2,IND,0,0,0,0,0,0,0,0,0,0,0,0,,0,,,0,0,0,0,0,0,,0,1,6,20,0,0,0,67,2,1,-1.10565391118871,0,0.298507462686567,0.0810810810810811,0.104851330203443,0.195017552764032,0,2.0,3.0
2016,REG+POST,00-0031325,S.Watkins,Sammy Watkins,WR,WR,"https://static.www.nfl.com/image/private/f_auto,q_auto/league/nkqk4ac4uncxocqlgp2k",8,BUF,0,0,0,0,0,0,0,0,0,0,0,0,,0,,,0,0,0,0,0,0,,0,28,52,430,2,0,0,745,52,20,12.8589964548009,0,0.577181208053691,0.231111111111111,0.340805123513266,0.585230253125953,0,55.0,83.0
2016,REG+POST,00-0031332,F.Toussaint,Fitzgerald Toussaint,RB,RB,"https://static.www.nfl.com/image/private/f_auto,q_auto/league/rckiakioqzv7cjqaeg1d",5,PIT,0,0,0,0,0,0,0,0,0,0,0,0,,0,,,14,58,0,0,0,2,-2.78187853400596,0,3,3,33,0,0,0,-6,39,2,2.8485996266827,0,-5.5,0.0405405405405405,-0.0071005917159763,0.0558403966096274,0,9.1,12.1
2016,REG+POST,00-0031339,D.Moncrief,Donte Moncrief,WR,WR,"https://static.www.nfl.com/image/private/f_auto,q_auto/league/iippulnxfyjgrlj2p5qw",9,IND,0,0,0,0,0,0,0,0,0,0,0,0,,0,,,1,-1,0,0,0,0,-0.635042313602753,0,30,56,307,7,0,0,576,78,22,10.3181310663989,0,0.532986111111111,0.173913043478261,0.207642393655371,0.406219240776151,0,72.6,102.6
2016,REG+POST,00-0031344,C.Latimer,Cody Latimer,WR,WR,"https://static.www.nfl.com/image/private/f_auto,q_auto/league/whgchcrp9pqx0waocewu",7,DEN,0,0,0,0,0,0,0,0,0,0,0,0,,0,,,0,0,0,0,0,0,,0,8,15,76,0,0,0,190,24,6,1.81304495791679,0,0.4,0.0619834710743802,0.0902612826603325,0.156158104473803,0,7.6,15.6
2016,REG+POST,00-0031345,J.Garoppolo,Jimmy Garoppolo,QB,QB,"https://static.www.nfl.com/image/private/f_auto,q_auto/league/dielobmypljj7e27eiob",6,NE,43,63,502,4,0,3,15,1,1,498,243,22,27.6223298304089,0,1.00803212851406,0.205338354984596,10,6,0,1,0,1,-1.3780217377806,0,1,1,3,0,0,0,-4,7,0,-0.360248681157827,0,0.0,0.0303030303030303,-0.0190476190476191,0.0321212121212121,0,34.98,35.98
2016,REG+POST,00-0031359,K.Benjamin,Kelvin Benjamin,WR,WR,"https://static.www.nfl.com/image/private/f_auto,q_auto/league/ygtlhauauds9yoyatu5e",16,CAR,0,0,0,0,0,0,0,0,0,0,0,0,,0,,,0,0,0,0,0,0,,0,63,118,941,7,1,1,1428,238,50,22.1669267900034,0,0.658963585434174,0.213381555153707,0.253056884635832,0.497212151975643,0,134.1,197.1
2016,REG+POST,00-0031375,T.West,Terrance West,RB,RB,"https://static.www.nfl.com/image/private/f_auto,q_auto/league/vzmf3p3k4ywfa5vjn9za",16,BAL,0,0,0,0,0,0,0,0,0,0,0,0,,0,,,193,774,5,2,0,35,-22.6985592692286,0,34,45,236,1,0,0,40,234,11,2.81181563122664,0,5.9,0.0786713286713287,0.0095510983763132,0.124692761870412,0,137.0,171.0
2016,REG+POST,00-0031376,J.McKinnon,Jerick McKinnon,RB,RB,"https://static.www.nfl.com/image/private/f_auto,q_auto/league/yezxe2j778cndbhkxwez",15,MIN,0,1,0,0,0,0,0,0,0,18,0,0,-0.480666237650439,0,0.0,,159,539,2,0,0,21,-32.1597470829697,1,43,53,255,2,0,0,6,271,16,-4.13171275212705,0,42.5,0.104330708661417,0.001780415430267,0.157742353793313,0,105.4,148.4
2016,REG+POST,00-0031381,D.Adams,Davante Adams,WR,WR,"https://static.www.nfl.com/image/private/f_auto,q_auto/league/grvqvmdzu2lsbgvqoxku",19,GB,0,0,0,0,0,0,0,0,0,0,0,0,,0,,,0,0,0,0,0,0,,0,91,146,1214,14,2,1,1724,469,57,52.9114607104634,1,0.704176334106729,0.197564276048715,0.258315852562182,0.477167510866599,0,205.4,296.4
2016,REG+POST,00-0031382,J.Landry,Jarvis Landry,WR,WR,"https://static.www.nfl.com/image/private/f_auto,q_auto/league/w2q9uwsjvgadwyvnvopb",17,MIA,0,1,0,0,0,0,0,0,0,19,0,0,-0.384655223460868,0,0.0,,5,17,0,0,0,1,-1.75654070067685,0,105,145,1238,4,1,1,920,664,60,38.0675616307452,1,1.34565217391304,0.288270377733598,0.227722772277228,0.591811507194457,0,149.5,254.5
2016,REG+POST,00-0031384,R.Rodgers,Richard Rodgers,TE,TE,"https://static.www.nfl.com/image/private/f_auto,q_auto/league/l9zei9dkcmbml3q1nshk",16,GB,0,0,0,0,0,0,0,0,0,0,0,0,,0,,,0,0,0,0,0,0,,0,31,49,305,3,0,0,415,105,15,8.24144173220666,0,0.734939759036145,0.0791599353796446,0.0784202569916856,0.173634082963647,0,48.5,79.5
2016,REG+POST,00-0031387,E.Ebron,Eric Ebron,TE,TE,"https://static.www.nfl.com/image/private/f_auto,q_auto/league/uaxsxymncppase7ihczd",14,DET,0,0,0,0,0,0,0,0,0,0,0,0,,0,,,1,1,1,0,0,1,0.797026883752551,0,63,91,734,1,0,0,733,295,39,31.7011743721554,0,1.00136425648022,0.172022684310019,0.176967648478996,0.381911380400325,0,85.5,148.5
2016,REG+POST,00-0031390,C.Sims,Charles Sims,RB,RB,"https://static.www.nfl.com/image/private/f_auto,q_auto/league/w1yff81pb8rfp9sytx5l",7,TB,0,0,0,0,0,0,0,0,0,0,0,0,,0,,,51,149,1,1,1,6,-13.4405660041375,0,24,32,190,1,0,0,74,175,9,-10.0431997632841,0,2.56756756756757,0.119402985074627,0.0265709156193896,0.197704118545513,0,43.9,67.9
2016,REG+POST,00-0031407,B.Bortles,Blake Bortles,QB,QB,"https://static.www.nfl.com/image/private/f_auto,q_auto/league/jvoui3bptgsfvgkz5e1b",16,JAX,368,625,3905,23,16,34,197,6,5,5140,1843,206,-49.714723057253,1,0.759727626459144,0.0273325840610563,58,359,3,2,1,20,20.4189226161107,1,1,1,20,1,0,0,15,5,1,2.71493563504191,0,1.33333333333333,0.0256410256410256,0.0467289719626168,0.0711718188353702,0,270.1,271.1
2016,REG+POST,00-0031408,M.Evans,Mike Evans,WR,WR,"https://static.www.nfl.com/image/private/f_auto,q_auto/league/w6eq27k2xs8vawwgkzbl",16,TB,0,0,0,0,0,0,0,0,0,0,0,0,,0,,,0,0,0,0,0,0,,0,96,173,1321,12,0,0,2563,179,81,62.187386288996,2,0.51541162699961,0.302977232924694,0.443195573231887,0.764702750649361,0,208.1,304.1
2016,REG+POST,00-0031418,A.Seferian-Jenkins,Austin Seferian-Jenkins,TE,TE,"https://static.www.nfl.com/image/private/f_auto,q_auto/league/mvuoyejl5hzfzrkfezuj",9,NYJ,0,0,0,0,0,0,0,0,0,0,0,0,,0,,,0,0,0,0,0,0,,0,13,20,154,1,0,0,186,28,9,4.99559439406257,0,0.827956989247312,0.062111801242236,0.0584905660377359,0.134111098089769,0,21.4,34.4
2016,REG+POST,00-0031428,A.Robinson,Allen Robinson,WR,WR,"https://static.www.nfl.com/image/private/f_auto,q_auto/league/tucplhxtb3c626iekuzv",16,JAX,0,0,0,0,0,0,0,0,0,0,0,0,,0,,,0,0,0,0,0,0,,0,73,151,883,6,1,0,1969,210,51,-16.2365353110745,1,0.448450990350432,0.242375601926164,0.3819592628516,0.630934886885366,0,126.3,199.3
2016,REG+POST,00-0031431,M.Lee,Marqise Lee,WR,WR,"https://static.www.nfl.com/image/private/f_auto,q_auto/league/drsesqqzwhkilsx51j4i",16,JAX,1,1,20,1,0,0,0,0,0,15,5,1,2.71493563504191,0,1.33333333333333,,6,35,0,0,0,2,0.811325129005127,0,63,105,851,3,0,0,1210,338,44,15.6534645816174,0,0.703305785123967,0.168539325842697,0.234723569350146,0.417115487309147,1,117.4,180.4
2016,REG+POST,00-0031442,T.Lewan,Taylor Lewan,T,OL,"https://static.www.nfl.com/image/private/f_auto,q_auto/league/hvplm59omxfb2qp6zz7a",1,TEN,0,0,0,0,0,0,0,0,0,0,0,0,,0,,,0,0,0,0,0,0,,0,1,1,10,1,0,0,-2,12,1,2.14956112270011,0,0.0,0.0277777777777778,-0.006060606060606,0.0374242424242424,0,7.0,8.0
2016,REG+POST,00-0031484,C.Manhertz,Chris Manhertz,TE,TE,"https://static.www.nfl.com/image/private/f_auto,q_auto/league/r645ts6owoqbjuxbzgdl",1,CAR,0,0,0,0,0,0,0,0,0,0,0,0,,0,,,0,0,0,0,0,0,,0,1,1,10,0,0,0,10,0,1,1.21718482370488,0,1.0,0.0232558139534884,0.0195694716242661,0.0485823510672189,0,1.0,2.0
2016,REG+POST,00-0031502,J.Berry,Jordan Berry,P,SPEC,"https://static.www.nfl.com/image/private/f_auto,q_auto/league/rltqupvbxjui0kyat1fb",1,PIT,0,0,0,0,0,0,0,0,0,0,0,0,,0,,,1,-3,0,1,0,0,-3.46737239504,0,0,0,0,0,0,0,0,0,0,,0,,,,,0,-0.3,-0.3
2016,REG+POST,00-0031503,J.Winston,Jameis Winston,QB,QB,"https://static.www.nfl.com/image/private/f_auto,q_auto/league/eupdyd3zccjeoloqmyfl",16,TB,345,567,4090,28,18,35,239,6,5,5776,1367,214,51.9893321833128,3,0.708102493074792,0.0978404258595988,53,165,1,4,1,10,-1.91112999300333,0,0,0,0,0,0,0,0,0,0,,0,,,,,0,256.1,256.1
2016,REG+POST,00-0031514,Q.Bray,Quan Bray,WR,WR,"https://static.www.nfl.com/image/private/f_auto,q_auto/league/fcec31w4bvadspls5tcj",2,IND,0,0,0,0,0,0,0,0,0,0,0,0,,0,,,1,7,0,0,0,0,0.375914567150176,0,3,4,36,0,0,0,26,13,1,2.1754744136706,0,1.38461538461538,0.0526315789473684,0.0395136778115502,0.106606942889138,0,4.3,7.3
2016,REG+POST,00-0031533,R.Telfer,Randall Telfer,TE,TE,"https://static.www.nfl.com/image/private/f_auto,q_auto/league/v7yzppdggxmmffsoiuoa",5,CLE,0,0,0,0,0,0,0,0,0,0,0,0,,0,,,0,0,0,0,0,0,,0,2,7,4,0,0,0,43,9,0,-4.74551123328274,0,0.0930232558139535,0.0372340425531915,0.0387387387387387,0.0829681809469044,0,0.4,2.4
2016,REG+POST,00-0031544,A.Cooper,Amari Cooper,WR,WR,"https://static.www.nfl.com/image/private/f_auto,q_auto/league/zibbxjtein7gpu5zgcj4",17,LV,0,0,0,0,0,0,0,0,0,0,0,0,,0,,,2,0,0,0,0,0,-1.04899045056663,0,85,142,1163,5,2,0,1447,438,47,21.0098426134144,2,0.803731859018659,0.22397476340694,0.290971244721496,0.539642016415457,0,150.3,235.3
2016,REG+POST,00-0031545,K.White,Kevin White,WR,WR,"https://static.www.nfl.com/image/private/f_auto,q_auto/league/u6jclvrydlw6amytmylq",4,CHI,0,0,0,0,0,0,0,0,0,0,0,0,,0,,,1,9,0,0,0,0,1.04788404377177,0,19,36,187,0,0,0,434,54,8,-10.0221423851617,0,0.430875576036866,0.260869565217391,0.373493975903614,0.652750130958617,0,19.6,38.6
2016,REG+POST,00-0031547,D.Parker,DeVante Parker,WR,WR,"https://static.www.nfl.com/image/private/f_auto,q_auto/league/beuyfjou6kckaoqqpa96",16,MIA,0,0,0,0,0,0,0,0,0,0,0,0,,0,,,0,0,0,0,0,0,,0,60,93,799,4,0,0,1105,248,36,21.3609655622003,0,0.723076923076923,0.195378151260504,0.289570230607966,0.495766388316333,0,103.9,163.9
2016,REG+POST,00-0031549,N.Agholor,Nelson Agholor,WR,WR,"https://static.www.nfl.com/image/private/f_auto,q_auto/league/lfc8g0z3wmxowwggvzqh",15,PHI,0,0,0,0,0,0,0,0,0,0,0,0,,0,,,5,14,0,0,0,0,-4.2826984989224,0,36,69,365,2,1,0,736,98,15,-5.31817459317857,1,0.495923913043478,0.131428571428571,0.185577407967726,0.327047042720265,0,51.9,87.9
2016,REG+POST,00-0031560,J.Strong,Jaelen Strong,WR,WR,"https://static.www.nfl.com/image/private/f_auto,q_auto/league/eakjj5fee8ctysjrqhxj",6,HOU,0,0,0,0,0,0,0,0,0,0,0,0,,0,,,0,0,0,0,0,0,,0,14,24,131,0,0,0,178,32,4,-6.75842119577288,0,0.735955056179775,0.103896103896104,0.0912352639671963,0.219708840621193,0,13.1,27.1
2016,REG+POST,00-0031568,B.Petty,Bryce Petty,QB,QB,"https://static.www.nfl.com/image/private/f_auto,q_auto/league/ptb0vcf2vqqittc5qown",6,NYJ,75,133,809,3,7,13,79,1,1,1169,395,35,-35.6667497413531,0,0.692044482463644,-0.0099800490139933,5,19,0,0,0,1,-0.162414183549117,1,0,0,0,0,0,0,0,0,0,,0,,,,,0,32.26,32.26
2016,REG+POST,00-0031569,J.Langford,Jeremy Langford,RB,RB,"https://static.www.nfl.com/image/private/f_auto,q_auto/league/ezohep8ggqmwfa1eqy4m",12,CHI,0,0,0,0,0,0,0,0,0,0,0,0,,0,,,62,200,4,2,2,12,-18.2269564965391,0,19,27,142,0,0,0,40,130,7,0.448080169240711,0,3.55,0.0710526315789474,0.0149925037481259,0.117073699992109,0,54.2,73.2
2016,REG+POST,00-0031570,J.Hardy,Justin Hardy,WR,WR,"https://static.www.nfl.com/image/private/f_auto,q_auto/league/bf30pn7pqvdiof0zb6a0",12,ATL,0,0,0,0,0,0,0,0,0,0,0,0,,0,,,1,0,0,0,0,0,-0.493146938737482,0,23,33,221,4,0,0,284,49,19,17.074916681719,0,0.778169014084507,0.0816831683168317,0.0900443880786303,0.185555824130289,0,46.1,69.1
2016,REG+POST,00-0031577,J.Allen,Javorius Allen,RB,RB,"https://static.www.nfl.com/image/private/f_auto,q_auto/league/jguqo1kwlkfamf537de0",3,BAL,0,0,0,0,0,0,0,0,0,0,0,0,,0,,,9,34,0,0,0,0,-0.57333868771093,0,3,4,15,0,0,0,-7,22,2,0.196671174780931,0,-2.14285714285714,0.0412371134020619,-0.0105580693815988,0.0544650215359736,0,4.9,7.9
2016,REG+POST,00-0031585,M.Pruitt,MyCole Pruitt,TE,TE,"https://static.www.nfl.com/image/private/f_auto,q_auto/league/okk2t3ngao7qszoxxcph",2,CHI,0,0,0,0,0,0,0,0,0,0,0,0,,0,,,0,0,0,0,0,0,,0,2,2,13,0,0,0,4,9,0,0.364140164339915,0,3.25,0.0357142857142857,0.0102040816326531,0.0607142857142857,0,1.3,3.3
2016,REG+POST,00-0031588,S.Diggs,Stefon Diggs,WR,WR,"https://static.www.nfl.com/image/private/f_auto,q_auto/league/zf6nbnzcfzu4y7yq2nzk",13,MIN,0,0,0,0,0,0,0,0,0,0,0,0,,0,,,3,10,0,0,0,1,-1.25868360841063,0,84,112,903,3,0,0,951,319,47,46.0494707113613,0,0.949526813880126,0.230927835051546,0.283119976183388,0.544575735905691,0,109.3,193.3
2016,REG+POST,00-0031589,B.Hundley,Brett Hundley,QB,QB,"https://static.www.nfl.com/image/private/f_auto,q_auto/league/lgplktjykzjrnjsn9x8y",5,GB,2,10,17,0,1,0,0,0,0,100,13,0,-8.19624956029388,0,0.17,-0.159806791822865,4,12,0,1,0,1,0.12675642472459,0,0,0,0,0,0,0,0,0,0,,0,,,,,0,-0.12,-0.12
2016,REG+POST,00-0031590,J.Ajayi,Jay Ajayi,RB,RB,"https://static.www.nfl.com/image/private/f_auto,q_auto/league/bt0drbhvsjykf2xxvskx",16,MIA,0,0,0,0,0,0,0,0,0,0,0,0,,0,,,276,1305,8,4,1,60,-0.44332791240179,0,30,38,163,0,0,0,55,137,8,-8.26197472164136,0,2.96363636363636,0.0898345153664303,0.0180091683038638,0.14735819086235,0,192.8,222.8
2016,REG+POST,00-0031595,M.Burton,Michael Burton,FB,RB,"https://static.www.nfl.com/image/private/f_auto,q_auto/league/y8chssh9pcuzv5uc7nai",1,DET,0,0,0,0,0,0,0,0,0,0,0,0,,0,,,0,0,0,0,0,0,,0,0,1,0,0,0,0,0,0,0,-6.44022460537963,0,,0.0285714285714286,,,0,0.0,0.0
2016,REG+POST,00-0031598,N.Boyle,Nick Boyle,TE,TE,"https://static.www.nfl.com/image/private/f_auto,q_auto/league/emqvoudb71kgmkfphmuw",3,BAL,0,0,0,0,0,0,0,0,0,0,0,0,,0,,,0,0,0,0,0,0,,0,6,6,44,0,0,0,23,21,1,1.30191565776477,0,1.91304347826087,0.0416666666666667,0.038655462184874,0.0895588235294118,0,4.4,10.4
2016,REG+POST,00-0031599,C.Artis-Payne,Cameron Artis-Payne,RB,RB,"https://static.www.nfl.com/image/private/f_auto,q_auto/league/vaeghufm3dkzmsjhb8hg",3,CAR,0,0,0,0,0,0,0,0,0,0,0,0,,0,,,36,144,2,0,0,5,-2.5722687819507,0,1,1,11,0,0,0,-4,15,1,1.25280903931707,0,-2.75,0.0277777777777778,-0.0103896103896104,0.0343939393939394,0,27.5,28.5
2016,REG+POST,00-0031600,,Keith Mumphery,WR,WR,,7,HOU,0,0,0,0,0,0,0,0,0,0,0,0,,0,,,0,0,0,0,0,0,,0,11,16,76,0,0,0,99,22,2,-2.60935798224372,0,0.767676767676768,0.064,0.0492537313432836,0.130477611940299,0,7.6,18.6
2016,REG+POST,00-0031609,A.Derby,A.J. Derby,TE,TE,"https://static.www.nfl.com/image/private/f_auto,q_auto/league/c2bqxdpyb4kn75l4qj1c",6,DEN,0,0,0,0,0,0,0,0,0,0,0,0,,0,,,0,0,0,0,0,0,,0,16,20,160,0,1,1,135,50,7,3.82174697416485,0,1.18518518518519,0.0904977375565611,0.0648726573762614,0.181157466498225,0,14.0,30.0
2016,REG+POST,00-0031610,D.Waller,Darren Waller,TE,TE,"https://static.www.nfl.com/image/private/f_auto,q_auto/league/qqzht46a66zbi9xyylf4",8,BAL,0,0,0,0,0,0,0,0,0,0,0,0,,0,,,0,0,0,0,0,0,,0,10,17,85,2,0,0,114,39,7,-3.54977757566023,0,0.745614035087719,0.0523076923076923,0.0541053630754627,0.116335292614362,0,20.5,30.5
2016,REG+POST,00-0031612,A.Ripkowski,Aaron Ripkowski,FB,RB,"https://static.www.nfl.com/image/private/f_auto,q_auto/league/aln8oo1hxammcilgzi72",13,GB,0,0,0,0,0,0,0,0,0,0,0,0,,0,,,43,186,3,1,1,12,-8.8493554131784,1,13,15,85,1,0,0,45,55,5,3.18871533693164,0,1.88888888888889,0.038265306122449,0.0178288431061807,0.0698781493579999,0,51.1,64.1
2016,REG+POST,00-0031665,Z.Zenner,Zach Zenner,RB,RB,"https://static.www.nfl.com/image/private/f_auto,q_auto/league/deiznogchpv1vbrmyuax",12,DET,0,0,0,0,0,0,0,0,0,0,0,0,,0,,,99,368,4,1,1,23,-17.4571981155547,0,24,29,250,0,0,0,-23,264,10,9.45752503059339,0,-10.8695652173913,0.0828571428571429,-0.0100130605137135,0.117276571926115,0,83.8,107.8
2016,REG+POST,00-0031682,T.Ward,Terron Ward,RB,RB,"https://static.www.nfl.com/image/private/f_auto,q_auto/league/wcq3c0qgpkzoegi0yn6w",5,ATL,0,0,0,0,0,0,0,0,0,0,0,0,,0,,,31,151,0,0,0,6,-1.55593299267629,0,1,2,11,0,0,0,2,9,1,1.45234677515691,0,5.5,0.0303030303030303,0.0096618357487922,0.0522178304787,0,16.2,17.2
2016,REG+POST,00-0031684,S.Wynn,Shane Wynn,WR,WR,"https://static.www.nfl.com/image/private/f_auto,q_auto/league/mtrj08jeeyphqhdt1jek",2,JAX,0,0,0,0,0,0,0,0,0,0,0,0,,0,,,2,5,0,0,0,0,-0.548396120779216,0,1,3,19,0,0,0,25,12,1,-0.186052752309479,0,0.76,0.0810810810810811,0.0838926174496644,0.180346453836387,0,2.4,3.4
2016,REG+POST,00-0031687,R.Mostert,Raheem Mostert,RB,RB,"https://static.www.nfl.com/image/private/f_auto,q_auto/league/jt7n28bmkyobsxmdbvqu",1,SF,0,0,0,0,0,0,0,0,0,0,0,0,,0,,,1,6,0,0,0,0,0.228107987088151,0,0,0,0,0,0,0,0,0,0,,0,,,,,0,0.6,0.6
2016,REG+POST,00-0031697,J.Taylor,Jordan Taylor,WR,WR,"https://static.www.nfl.com/image/private/f_auto,q_auto/league/exe8hkn8d13tthubzz5s",11,DEN,0,0,0,0,0,0,0,0,0,0,0,0,,0,,,0,0,0,0,0,0,,0,16,25,209,2,1,1,260,82,10,6.93677631792149,0,0.803846153846154,0.0606796116504854,0.0764031736702909,0.144501639044932,0,30.9,46.9
2016,REG+POST,00-0031706,,Paul Lasike,FB,RB,,4,CHI,0,0,0,0,0,0,0,0,0,0,0,0,,0,,,3,8,0,0,0,3,1.1168968071579,0,1,1,3,0,0,0,2,1,0,-0.503666206728667,0,1.5,0.0344827586206897,0.0097560975609756,0.0585534062237174,0,1.1,2.1
2016,REG+POST,00-0031716,M.Darr,Matt Darr,P,SPEC,"https://static.www.nfl.com/image/private/f_auto,q_auto/league/ko3fxpkmjathpdxbed5c",1,MIA,0,0,0,0,0,0,0,0,0,0,0,0,,0,,,1,0,0,1,0,0,-3.22204566869186,0,0,0,0,0,0,0,0,0,0,,0,,,,,0,0.0,0.0
2016,REG+POST,00-0031731,C.Grant,Corey Grant,RB,RB,"https://static.www.nfl.com/image/private/f_auto,q_auto/league/gj5yoyyx8nulm8ss037t",5,JAX,0,0,0,0,0,0,0,0,0,0,0,0,,0,,,32,164,1,0,0,6,0.909974516611346,0,4,7,35,1,0,0,-1,32,2,2.81223408975772,0,-35.0,0.0426829268292683,-0.0009578544061302,0.0633538921596113,0,31.9,35.9
2016,REG+POST,00-0031732,C.Hamlett,Connor Hamlett,TE,TE,"https://static.www.nfl.com/image/private/f_auto,q_auto/league/xauaqbsvxeenvgs3fmod",1,CLE,0,0,0,0,0,0,0,0,0,0,0,0,,0,,,0,0,0,0,0,0,,0,1,1,17,1,0,0,17,0,1,3.03784921276383,0,1.0,0.0285714285714286,0.0435897435897436,0.0733699633699634,0,7.7,8.7
2016,REG+POST,00-0031743,A.Hunt,Akeem Hunt,RB,RB,"https://static.www.nfl.com/image/private/f_auto,q_auto/league/mjsxqeuw6ng12xa1z4zy",7,HOU,0,0,0,0,0,0,0,0,0,0,0,0,,0,,,20,109,0,2,0,4,-1.40816121714952,0,5,6,44,0,0,0,-17,59,1,-1.35164325281276,0,-2.58823529411765,0.0625,-0.0246020260492041,0.0765285817655572,0,15.3,20.3
2016,REG+POST,00-0031746,,George Farmer,RB,RB,,2,SEA,0,0,0,0,0,0,0,0,0,0,0,0,,0,,,1,1,0,0,0,0,-0.333871736482251,0,1,3,4,0,0,0,-2,4,0,-1.36455911278792,0,-2.0,0.0422535211267606,-0.0073260073260073,0.0582520765619357,0,0.5,1.5
2016,REG+POST,00-0031757,L.Whitehead,Lucky Whitehead,WR,WR,"https://static.www.nfl.com/image/private/f_auto,q_auto/league/kkkuu7hldjdxhklgejl0",11,DAL,0,0,0,0,0,0,0,0,0,0,0,0,,0,,,10,82,0,1,1,4,-3.45670860790415,0,3,3,48,0,0,0,14,34,1,4.4217312138644,0,3.42857142857143,0.0344827586206897,0.0228384991843393,0.067711087360072,0,11.0,14.0
2016,REG+POST,00-0031768,T.Magee,Terrence Magee,RB,RB,"https://static.www.nfl.com/image/private/f_auto,q_auto/league/cpwxutcnudoozh6jr2zo",1,SEA,0,0,0,0,0,0,0,0,0,0,0,0,,0,,,3,12,0,0,0,0,-1.19079463288654,0,0,0,0,0,0,0,0,0,0,,0,,,,,0,1.2,1.2
2016,REG+POST,00-0031782,E.Rogers,Eli Rogers,WR,WR,"https://static.www.nfl.com/image/private/f_auto,q_auto/league/wj9e3uvudi1wvdsr0qdi",16,PIT,0,0,0,0,0,0,0,0,0,0,0,0,,0,,,1,6,0,0,0,0,0.294899116968736,0,61,84,706,3,1,1,755,250,30,25.8392756583634,0,0.935099337748344,0.148409893992933,0.149920571882446,0.327559241307112,0,87.2,148.2
2016,REG+POST,00-0031788,M.Lengel,Matt Lengel,TE,TE,"https://static.www.nfl.com/image/private/f_auto,q_auto/league/ofsdmsids4mwmhkdpxoz",2,NE,0,0,0,0,0,0,0,0,0,0,0,0,,0,,,0,0,0,0,0,0,,0,2,3,22,1,0,0,33,1,1,2.54134987184079,0,0.666666666666667,0.0476190476190476,0.0674846625766871,0.118667835232252,0,8.2,10.2
2016,REG+POST,00-0031793,T.Watson,Terrell Watson,RB,RB,"https://static.www.nfl.com/image/private/f_auto,q_auto/league/efo2nvsa4z0nlm5dquiu",1,PHI,0,0,0,0,0,0,0,0,0,0,0,0,,0,,,9,28,1,0,0,2,1.35444898484275,0,1,1,5,0,0,0,5,0,0,-0.224377383012325,0,1.0,0.0232558139534884,0.0157728706624606,0.045924730393955,0,9.3,10.3
2016,REG+POST,00-0031806,M.Brown,Malcolm Brown,RB,RB,"https://static.www.nfl.com/image/private/f_auto,q_auto/league/zxnjheichwlnvvu5qdyl",8,LA,0,0,0,0,0,0,0,0,0,0,0,0,,0,,,18,39,0,1,1,1,-11.5061322949477,0,3,3,46,0,0,0,4,42,2,4.98351901059505,0,11.5,0.0297029702970297,0.0054054054054054,0.0483382392293283,0,6.5,9.5
2016,REG+POST,00-0031818,B.Marquez,Bradley Marquez,WR,WR,"https://static.www.nfl.com/image/private/f_auto,q_auto/league/p6olxbyymypgryvxovy3",7,LA,0,0,0,0,0,0,0,0,0,0,0,0,,0,,,1,2,0,0,0,0,-2.73287342797266,0,3,7,37,0,0,0,49,22,3,-0.495899150020031,0,0.755102040816326,0.0319634703196347,0.0290112492599171,0.068253079961394,0,3.9,6.9
2016,REG+POST,00-0031854,C.Harper,Chris Harper,WR,WR,"https://static.www.nfl.com/image/private/f_auto,q_auto/league/eb0duhdzifs4ky3jpvhf",8,SF,0,0,0,0,0,0,0,0,0,0,0,0,,0,,,0,0,0,0,0,0,,0,13,21,133,0,0,0,141,64,6,8.17424646666041,0,0.943262411347518,0.0882352941176471,0.0731707317073171,0.183572453371593,0,13.3,26.3
2016,REG+POST,00-0031868,D.Byrd,Damiere Byrd,WR,WR,"https://static.www.nfl.com/image/private/f_auto,q_auto/league/cskulleqxehtrgkqsl3u",1,CAR,0,0,0,0,0,0,0,0,0,0,0,0,,0,,,0,0,0,0,0,0,,0,1,1,16,0,0,0,13,3,1,1.0952531285584,0,1.23076923076923,0.032258064516129,0.0423452768729642,0.0780287905852685,0,1.6,2.6
2016,REG+POST,00-0031897,T.Rawls,Thomas Rawls,RB,RB,"https://static.www.nfl.com/image/private/f_auto,q_auto/league/uxyelm5j4nm67gmnbih9",11,SEA,0,0,0,0,0,0,0,0,0,0,0,0,,0,,,147,544,4,0,0,33,-13.7281295516079,0,14,19,97,0,0,0,14,82,4,-2.39725879294565,0,6.92857142857143,0.0603174603174603,0.0059121621621621,0.094614703989704,0,88.1,102.1
2016,REG+POST,00-0031900,R.Smith,Rod Smith,RB,RB,"https://static.www.nfl.com/image/private/f_auto,q_auto/league/zmhmhduytwid1kjim5rp",1,DAL,0,0,0,0,0,0,0,0,0,0,0,0,,0,,,0,0,0,0,0,0,,0,1,1,4,0,0,0,-3,7,0,-0.844158395193517,0,-1.33333333333333,0.0416666666666667,-0.02,0.0485,0,0.4,1.4
2016,REG+POST,00-0031912,C.Meredith,Cameron Meredith,WR,WR,"https://static.www.nfl.com/image/private/f_auto,q_auto/league/galvhjzccy4mw0ipexho",14,CHI,1,1,2,1,0,0,0,0,0,2,0,1,2.09020070458064,0,1.0,,1,6,0,0,0,0,-1.05204568582121,0,66,97,888,4,3,2,960,309,44,24.9389681167879,0,0.925,0.196754563894523,0.212718812319965,0.44403501446576,0,113.48,179.48
2016,REG+POST,00-0031922,K.Lee,Khari Lee,TE,TE,"https://static.www.nfl.com/image/private/f_auto,q_auto/league/na3rt3lesebmcwilj62y",1,DET,0,0,0,0,0,0,0,0,0,0,0,0,,0,,,0,0,0,0,0,0,,0,0,1,0,0,0,0,3,0,0,-0.705856323707849,0,0.0,0.0277777777777778,0.0113636363636364,0.0496212121212121,0,0.0,0.0
2016,REG+POST,00-0031934,D.Smith,Devin Smith,WR,WR,"https://static.www.nfl.com/image/private/f_auto,q_auto/league/sxvloat4tcr7e6eghply",1,NYJ,0,0,0,0,0,0,0,0,0,0,0,0,,0,,,0,0,0,0,0,0,,0,1,3,20,0,0,0,49,6,1,-0.964865115903618,0,0.408163265306122,0.125,0.145833333333333,0.289583333333333,0,2.0,3.0
2016,REG+POST,00-0031939,M.Jones,Matt Jones,RB,RB,"https://static.www.nfl.com/image/private/f_auto,q_auto/league/eektuvevqtzbqstzx3pv",7,WAS,0,0,0,0,0,0,0,0,0,0,0,0,,0,,,99,460,3,3,2,28,-7.77323129210542,0,8,8,73,0,0,0,16,57,4,5.16959079261869,0,4.5625,0.0425531914893617,0.0107310529845741,0.0713415243232444,0,67.3,75.3
2016,REG+POST,00-0031941,J.Crowder,Jamison Crowder,WR,WR,"https://static.www.nfl.com/image/private/f_auto,q_auto/league/glmuevjuy3coqf1t3rqj",16,WAS,0,0,0,0,0,0,0,0,0,0,0,0,,0,,,2,-2,0,0,0,1,-0.909978973912075,0,67,99,847,7,2,1,802,377,34,29.3261463158031,0,1.05610972568579,0.166947723440135,0.154290111581377,0.358424663267167,1,130.5,197.5
2016,REG+POST,00-0031951,J.O'Shaughnessy,James O'Shaughnessy,TE,TE,"https://static.www.nfl.com/image/private/f_auto,q_auto/league/sz5g57zhnshipkpw39sz",3,KC,0,0,0,0,0,0,0,0,0,0,0,0,,0,,,0,0,0,0,0,0,,0,2,3,-1,0,0,0,7,0,0,-1.53182565362658,0,-0.142857142857143,0.0294117647058824,0.0188679245283019,0.0573251942286349,0,-0.1,1.9
2016,REG+POST,00-0031953,G.Davis,Geremy Davis,WR,WR,"https://static.www.nfl.com/image/private/f_auto,q_auto/league/q0pogtzy8q737pqb7zr2",2,LAC,0,0,0,0,0,0,0,0,0,0,0,0,,0,,,0,0,0,0,0,0,,0,0,2,0,0,0,0,4,0,0,-1.2750144591555,0,0.0,0.0246913580246914,0.0166666666666667,0.0487037037037037,0,0.0,0.0
2016,REG+POST,00-0031959,M.Murphy,Marcus Murphy,RB,RB,"https://static.www.nfl.com/image/private/f_auto,q_auto/league/y9j91g8089mu9tjj0zis",1,NO,0,0,0,0,0,0,0,0,0,0,0,0,,0,,,0,0,0,0,0,0,,0,1,1,3,0,0,0,2,1,0,-0.150425294530578,0,1.5,0.0227272727272727,0.0123456790123457,0.0427328843995511,0,0.3,1.3
2016,REG+POST,00-0032004,W.Tye,Will Tye,TE,TE,"https://static.www.nfl.com/image/private/f_auto,q_auto/league/dv5nojtrswp6cprkwn2y",17,NYG,0,0,0,0,0,0,0,0,0,0,0,0,,0,,,0,0,0,0,0,0,,0,52,77,461,1,0,0,467,217,17,-11.3038629338434,0,0.987152034261242,0.1201248049922,0.0903812657247919,0.243454093495654,0,52.1,104.1
2016,REG+POST,00-0032007,Q.Dunbar,Quinton Dunbar,CB,DB,"https://static.www.nfl.com/image/private/f_auto,q_auto/league/syoxopqwwddt4lmwjqc5",1,WAS,0,0,0,0,0,0,0,0,0,0,0,0,,0,,,0,0,0,0,0,0,,0,1,1,31,0,0,0,29,2,1,5.16205800173339,0,1.06896551724138,0.0285714285714286,0.0900621118012422,0.105900621118012,0,3.1,4.1
2016,REG+POST,00-0032009,A.Humphries,Adam Humphries,WR,WR,"https://static.www.nfl.com/image/private/f_auto,q_auto/league/l56ywjejfpraigzs4qia",15,TB,0,0,0,0,0,0,0,0,0,0,0,0,,0,,,5,18,0,0,0,0,-0.377376462914981,0,55,83,622,2,0,0,461,382,27,14.2263332833578,1,1.34924078091106,0.152293577981651,0.0836053681537904,0.28696412468013,0,78.0,133.0
2016,REG+POST,00-0032012,I.Fruechte,Isaac Fruechte,WR,WR,"https://static.www.nfl.com/image/private/f_auto,q_auto/league/jaubstkepqccrcqzyfew",1,MIN,0,0,0,0,0,0,0,0,0,0,0,0,,0,,,0,0,0,0,0,0,,0,0,1,0,0,0,0,35,0,0,-0.422986433841288,0,0.0,0.0294117647058824,0.182291666666667,0.17172181372549,0,0.0,0.0
2016,REG+POST,00-0032048,M.Brown,Mack Brown,RB,RB,"https://static.www.nfl.com/image/private/f_auto,q_auto/league/fjzfchsmhpgl1uqiknek",1,WAS,0,0,0,0,0,0,0,0,0,0,0,0,,0,,,8,82,1,0,0,1,4.99877088732319,0,1,1,-2,0,0,0,-3,1,0,-0.809148782980628,0,0.666666666666667,0.0384615384615385,-0.009009009009009,0.0513860013860014,0,14.0,15.0
2016,REG+POST,00-0032054,B.Perriman,Breshad Perriman,WR,WR,"https://static.www.nfl.com/image/private/f_auto,q_auto/league/zpwov1n42bi5lsqdlxhh",15,BAL,0,0,0,0,0,0,0,0,0,0,0,0,,0,,,1,2,0,0,0,0,-0.237466878723353,0,33,66,499,3,0,0,944,166,19,-4.11978896383603,0,0.528601694915254,0.104761904761905,0.202575107296137,0.298945432250153,0,68.1,101.1
2016,REG+POST,00-0032055,D.Funchess,Devin Funchess,TE,TE,"https://static.www.nfl.com/image/private/f_auto,q_auto/league/j0q0lmao9tg0rbviax6z",14,CAR,0,0,0,0,0,0,0,0,0,0,0,0,,0,,,0,0,0,0,0,0,,0,23,58,371,4,0,0,770,103,20,7.23844857490138,1,0.481818181818182,0.117408906882591,0.152234084618426,0.282677219556785,0,63.1,86.1
2016,REG+POST,00-0032058,T.Coleman,Tevin Coleman,RB,RB,"https://static.www.nfl.com/image/private/f_auto,q_auto/league/wiu4r7bvhcafs9vamqc",16,ATL,0,0,0,0,0,0,0,0,0,0,0,0,,0,,,147,635,9,1,0,31,0.874362385997512,0,38,48,484,5,0,0,162,402,21,26.8286192673738,0,2.98765432098765,0.0910815939278937,0.038635821607441,0.163667466017049,0,195.9,233.9
2016,REG+POST,00-0032062,B.Bell,Blake Bell,TE,TE,"https://static.www.nfl.com/image/private/f_auto,q_auto/league/eqrmmjto8koqqc9j2kjj",6,SF,0,0,0,0,0,0,0,0,0,0,0,0,,0,,,0,0,0,0,0,0,,0,4,9,85,0,0,0,108,31,2,2.63046321657021,0,0.787037037037037,0.0459183673469388,0.0681388012618297,0.116574711903689,0,8.5,12.5
2016,REG+POST,00-0032063,M.Davis,Mike Davis,RB,RB,"https://static.www.nfl.com/image/private/f_auto,q_auto/league/csrqinegeyunycijua2q",6,SF,0,0,0,0,0,0,0,0,0,0,0,0,,0,,,19,50,1,1,1,4,-10.4254173639929,0,3,5,25,0,0,0,13,15,1,-0.0689351783948951,0,1.92307692307692,0.0485436893203884,0.0144766146993319,0.0829491642701148,0,11.5,14.5
2016,REG+POST,00-0032064,D.Smelter,DeAndre Smelter,WR,WR,"https://static.www.nfl.com/image/private/f_auto,q_auto/league/vljfatuqlqxm84sxpsha",1,SF,0,0,0,0,0,0,0,0,0,0,0,0,,0,,,0,0,0,0,0,0,,0,1,1,23,0,0,0,13,10,1,1.4092567123007,0,1.76923076923077,0.0454545454545455,0.0828025477707006,0.126143601621309,0,2.3,3.3
2016,REG+POST,00-0032068,M.Johnson,Malcolm Johnson,RB,RB,"https://static.www.nfl.com/image/private/f_auto,q_auto/league/n1vppalhmz7ekonqtmiq",5,CLE,0,0,0,0,0,0,0,0,0,0,0,0,,0,,,1,2,0,1,1,0,-4.86698766984046,0,5,7,44,0,0,0,-1,53,2,1.3571027215803,0,-44.0,0.0416666666666667,-0.0008077544426494,0.0619345718901454,0,2.6,7.6
2016,REG+POST,00-0032070,D.Lewis,Dezmin Lewis,WR,WR,"https://static.www.nfl.com/image/private/f_auto,q_auto/league/jrszu3si4lwrltbsyi4x",1,BUF,0,0,0,0,0,0,0,0,0,0,0,0,,0,,,0,0,0,0,0,0,,0,0,1,0,0,0,0,11,0,0,-0.063913412974216,0,0.0,0.0285714285714286,0.0331325301204819,0.0660499139414802,0,0.0,0.0
2016,REG+POST,00-0032098,D.Brown,Daniel Brown,TE,TE,"https://static.www.nfl.com/image/private/f_auto,q_auto/league/fnhg5hbp5sjn3uuanqua",6,CHI,0,0,0,0,0,0,0,0,0,0,0,0,,0,,,0,0,0,0,0,0,,0,16,20,124,1,0,0,133,45,8,7.10771790929721,0,0.932330827067669,0.0966183574879227,0.0630331753554502,0.189050758980699,0,18.4,34.4
2016,REG+POST,00-0032104,A.Abdullah,Ameer Abdullah,RB,RB,"https://static.www.nfl.com/image/private/f_auto,q_auto/league/cvjebibvlvv8bclqyc8a",2,DET,0,0,0,0,0,0,0,0,0,0,0,0,,0,,,18,101,0,0,0,6,1.29412252019392,0,5,5,57,1,0,0,3,54,4,6.63496054918505,0,19.0,0.135135135135135,0.0157068062827225,0.213697467100608,0,21.8,26.8
2016,REG+POST,00-0032112,J.Nelson,J.J. Nelson,WR,WR,"https://static.www.nfl.com/image/private/f_auto,q_auto/league/rdpp1eiaqse92yvujbs0",14,ARI,0,0,0,0,0,0,0,0,0,0,0,0,,0,,,4,83,1,0,0,3,6.38817357667722,0,34,74,568,6,1,1,1249,174,26,18.9490577560969,0,0.454763811048839,0.134057971014493,0.239363740896895,0.368641575149566,0,105.1,139.1
2016,REG+POST,00-0032117,N.O'Leary,Nick O'Leary,TE,TE,"https://static.www.nfl.com/image/private/f_auto,q_auto/league/f5411hjmqqxoa27quwfz",10,BUF,0,0,0,0,0,0,0,0,0,0,0,0,,0,,,0,0,0,0,0,0,,0,9,14,114,0,0,0,129,43,5,5.02498989755986,1,0.883720930232558,0.0505415162454874,0.0493119266055046,0.110330622992084,0,13.4,22.4
2016,REG+POST,00-0032120,N.Sterling,Neal Sterling,TE,TE,"https://static.www.nfl.com/image/private/f_auto,q_auto/league/zeft21ybfc5pjye3lmq2",5,JAX,0,0,0,0,0,0,0,0,0,0,0,0,,0,,,0,0,0,0,0,0,,0,12,16,110,0,0,0,125,48,6,7.46936422213912,0,0.88,0.096969696969697,0.0978856695379796,0.213974514131131,0,11.0,23.0
2016,REG+POST,00-0032128,C.Conley,Chris Conley,WR,WR,"https://static.www.nfl.com/image/private/f_auto,q_auto/league/wddhtkz5tmo47x5s3qnq",17,KC,0,0,0,0,0,0,0,0,0,0,0,0,,0,,,0,0,0,0,0,0,,0,46,72,549,0,1,0,680,171,31,19.039957167714,0,0.807352941176471,0.126760563380282,0.174180327868852,0.312067074578619,0,54.9,100.9
2016,REG+POST,00-0032130,J.Fowler,Jalston Fowler,FB,RB,"https://static.www.nfl.com/image/private/f_auto,q_auto/league/vzwokuiytin3pfyp1icy",3,TEN,0,0,0,0,0,0,0,0,0,0,0,0,,0,,,1,3,0,0,0,0,0.133814755128697,0,1,2,14,0,0,0,7,15,1,0.478447578381747,0,2.0,0.0377358490566038,0.0127504553734062,0.06552909234629,0,1.7,2.7
2016,REG+POST,00-0032134,C.Uzomah,C.J. Uzomah,TE,TE,"https://static.www.nfl.com/image/private/f_auto,q_auto/league/hnkflpl5pzbfbdvtcv1c",8,CIN,0,0,0,0,0,0,0,0,0,0,0,0,,0,,,0,0,0,0,0,0,,0,25,38,234,1,0,0,267,95,14,2.77562104438729,0,0.876404494382023,0.136200716845878,0.126840855106888,0.293089673843639,0,29.4,54.4
2016,REG+POST,00-0032135,J.James,Jesse James,TE,TE,"https://static.www.nfl.com/image/private/f_auto,q_auto/league/rgk9zqdx9lmbcblem3xn",19,PIT,0,0,0,0,0,0,0,0,0,0,0,0,,0,,,0,0,0,0,0,0,,0,50,75,475,3,0,0,503,190,27,2.03048260853626,0,0.944333996023857,0.10932944606414,0.0843110962118672,0.223011936444517,0,65.5,115.5
2016,REG+POST,00-0032139,B.Koyack,Ben Koyack,TE,TE,"https://static.www.nfl.com/image/private/f_auto,q_auto/league/hg1fdty7xbpwztueey8j",9,JAX,0,0,0,0,0,0,0,0,0,0,0,0,,0,,,0,0,0,0,0,0,,0,19,24,161,1,0,0,152,45,10,6.87318016099744,0,1.05921052631579,0.0689655172413793,0.0544412607449857,0.141557158383559,0,22.1,41.1
2016,REG+POST,00-0032141,G.Swaim,Geoff Swaim,TE,TE,"https://static.www.nfl.com/image/upload/f_auto,q_auto/league/hx9yaocl4a6owbwaqajy",6,DAL,0,0,0,0,0,0,0,0,0,0,0,0,,0,,,0,0,0,0,0,0,,0,6,8,69,0,0,0,23,50,3,7.81195321673295,0,3.0,0.0423280423280423,0.0156569094622192,0.0744519001156169,0,6.9,12.9
2016,REG+POST,00-0032144,M.Gordon,Melvin Gordon,RB,RB,"https://static.www.nfl.com/image/private/f_auto,q_auto/league/i4g8x7yotpgszlyanow0",13,LAC,0,0,0,0,0,0,0,0,0,0,0,0,,0,,,254,997,10,2,2,61,-20.9699019515881,0,41,57,419,2,0,0,30,411,21,15.4237258891682,0,13.9666666666667,0.136363636363636,0.008114687584528,0.210225735854624,0,209.6,250.6
2016,REG+POST,00-0032156,T.Siemian,Trevor Siemian,QB,QB,"https://static.www.nfl.com/image/private/f_auto,q_auto/league/vmksfbms9zefxezf39sb",14,DEN,289,486,3401,18,10,31,187,3,2,4086,1411,155,15.8965962716265,1,0.832354380812531,0.0656437670043901,28,57,0,1,0,6,-4.39792139421496,0,0,0,0,0,0,0,0,0,0,,0,,,,,0,191.74,191.74
2016,REG+POST,00-0032160,T.Williams,Tyrell Williams,WR,WR,"https://static.www.nfl.com/image/private/f_auto,q_auto/league/qixhze7yidydtc1vyeih",16,LAC,0,0,0,0,0,0,0,0,0,0,0,0,,0,,,0,0,0,0,0,0,,0,69,119,1059,7,0,0,1363,433,48,20.3835563736043,0,0.776962582538518,0.210992907801418,0.281088884306043,0.513251580716357,0,147.9,216.9
2016,REG+POST,00-0032166,S.Coates,Sammie Coates,WR,WR,"https://static.www.nfl.com/image/private/f_auto,q_auto/league/qtqofzkmblah8ycd4687",12,PIT,0,0,0,0,0,0,0,0,0,0,0,0,,0,,,4,14,0,0,0,1,0.296380116895307,0,23,54,469,2,0,0,1121,117,17,4.70968967786757,0,0.418376449598573,0.115631691648822,0.260213556174559,0.355597026795425,0,60.3,83.3
2016,REG+POST,00-0032170,R.Greene,Rashad Greene,WR,WR,"https://static.www.nfl.com/image/private/f_auto,q_auto/league/xte6opvwocivpjpjplzp",4,JAX,0,0,0,0,0,0,0,0,0,0,0,0,,0,,,0,0,0,0,0,0,,0,5,8,32,0,0,0,59,17,1,-6.50743547664024,0,0.542372881355932,0.0487804878048781,0.0450381679389313,0.104697449264569,0,3.2,8.2
2016,REG+POST,00-0032187,D.Johnson,David Johnson,RB,RB,"https://static.www.nfl.com/image/private/f_auto,q_auto/league/y7dtsyyjnoafefkbylbb",16,ARI,0,0,0,0,0,0,0,0,0,0,0,0,,0,,,293,1239,16,5,3,72,-18.8260801977143,0,80,120,879,4,0,0,529,661,42,22.3131343948985,1,1.66162570888469,0.188679245283019,0.0859463850528026,0.34318133746149,0,327.8,407.8
2016,REG+POST,00-0032190,G.Christian,Gerald Christian,TE,TE,"https://static.www.nfl.com/image/private/f_auto,q_auto/league/vos6ydzcbbhbw6rawz7d",1,BUF,0,0,0,0,0,0,0,0,0,0,0,0,,0,,,0,0,0,0,0,0,,0,1,2,14,0,0,0,22,10,1,0.788441101554781,0,0.636363636363636,0.0571428571428571,0.0662650602409639,0.13209982788296,0,1.4,2.4
2016,REG+POST,00-0032196,J.Fisher,Jake Fisher,OT,OL,"https://static.www.nfl.com/image/private/f_auto,q_auto/league/f23vwxf4i4ftskhycarb",1,CIN,0,0,0,0,0,0,0,0,0,0,0,0,,0,,,0,0,0,0,0,0,,0,1,1,12,0,1,1,2,10,0,-5.19129345123656,0,6.0,0.0344827586206897,0.0076335877862595,0.0570676493814162,0,-0.8,0.2
2016,REG+POST,00-0032200,T.Montgomery,Ty Montgomery,WR,WR,"https://static.www.nfl.com/image/private/f_auto,q_auto/league/eagn4fvhnc9cp3wxeqoz",16,GB,0,0,0,0,0,0,0,0,0,0,0,0,,0,,,102,548,5,1,1,25,-2.37155972648179,0,54,70,425,0,1,0,80,383,23,4.7212566350691,0,5.3125,0.124113475177305,0.0162965980851497,0.197577831425562,0,125.3,179.3
2016,REG+POST,00-0032208,P.Dorsett,Phillip Dorsett,WR,WR,"https://static.www.nfl.com/image/private/f_auto,q_auto/league/g69i8oxbeeqpjz5kvoqo",15,IND,0,0,0,0,0,0,0,0,0,0,0,0,,0,,,2,10,0,0,0,0,0.706646034319419,0,33,59,528,2,1,0,762,150,20,5.39696908958701,0,0.692913385826772,0.110902255639098,0.170698924731183,0.285842630770475,0,65.8,98.8
2016,REG+POST,00-0032209,T.Yeldon,T.J. Yeldon,RB,RB,"https://static.www.nfl.com/image/private/f_auto,q_auto/league/ktxkn2ltkmqfb5ugunt4",15,JAX,0,0,0,0,0,0,0,0,0,0,0,0,,0,,,130,465,1,2,1,21,-23.8115432520863,0,50,68,312,1,0,0,12,346,16,-10.0045310062369,0,26.0,0.124770642201835,0.0026572187776793,0.189016016447128,0,87.7,137.7
2016,REG+POST,00-0032211,T.Lockett,Tyler Lockett,WR,WR,"https://static.www.nfl.com/image/private/f_auto,q_auto/league/f9wttnkcqc2scahf9oth",14,SEA,0,0,0,0,0,0,0,0,0,0,0,0,,0,,,6,114,1,0,0,4,7.77081571513554,0,41,66,597,1,0,0,698,216,22,17.9972037876394,0,0.855300859598854,0.137214137214137,0.169623329283111,0.324557536319383,0,83.1,124.1
2016,REG+POST,00-0032214,T.Kroft,Tyler Kroft,TE,TE,"https://static.www.nfl.com/image/private/f_auto,q_auto/league/ztko1uhl01ebiutefibj",6,CIN,0,0,0,0,0,0,0,0,0,0,0,0,,0,,,0,0,0,0,0,0,,0,10,12,92,0,0,0,92,31,3,0.640231024066452,0,1.0,0.0545454545454545,0.0452755905511811,0.113511095204009,0,9.2,19.2
2016,REG+POST,00-0032218,,Dorial Green-Beckham,WR,WR,"https://static.www.nfl.com/image/private/f_auto,q_auto/league/jyrzrpb37ybd9feblt3m",14,PHI,0,0,0,0,0,0,0,0,0,0,0,0,,0,,,0,0,0,0,0,0,,0,36,74,392,2,0,0,735,145,25,11.7525933628461,0,0.533333333333333,0.14176245210728,0.185372005044136,0.342404081691815,0,51.2,87.2
2016,REG+POST,00-0032227,J.Heuerman,Jeff Heuerman,TE,TE,"https://static.www.nfl.com/image/private/f_auto,q_auto/league/u3cggxnuwxem6rnkwzvg",6,DEN,0,0,0,0,0,0,0,0,0,0,0,0,,0,,,0,0,0,0,0,0,,0,9,17,141,0,0,0,144,68,7,5.1923398278608,0,0.979166666666667,0.0825242718446602,0.0781758957654723,0.178509534802821,0,14.1,23.1
2016,REG+POST,00-0032241,T.Gurley,Todd Gurley,RB,RB,"https://static.www.nfl.com/image/private/f_auto,q_auto/league/ym7oprwel3dxbab0k7x9",16,LA,0,0,0,0,0,0,0,0,0,0,0,0,,0,,,278,885,6,2,1,48,-53.2562773770769,0,43,58,327,0,0,0,58,348,15,-11.0646348204197,0,5.63793103448276,0.109433962264151,0.015096304008329,0.174718356202057,0,155.2,198.2
2016,REG+POST,00-0032245,S.Mannion,Sean Mannion,QB,QB,"https://static.www.nfl.com/image/private/f_auto,q_auto/league/lcuc7hhiijmt8xtitm77",1,LA,3,6,19,0,1,0,0,0,0,6,14,1,-12.6102968383348,0,3.16666666666667,-0.0978956341099877,1,-1,0,1,0,0,-0.089809276163578,0,0,0,0,0,0,0,0,0,0,,0,,,,,0,-1.34,-1.34
2016,REG+POST,00-0032250,K.Williams,Kasen Williams,WR,WR,"https://static.www.nfl.com/image/private/f_auto,q_auto/league/wclsdffaruwekvlwbmx3",1,SEA,0,0,0,0,0,0,0,0,0,0,0,0,,0,,,0,0,0,0,0,0,,0,0,1,0,0,0,0,10,0,0,-0.441708821570501,0,0.0,0.027027027027027,0.0290697674418605,0.0608893777498429,0,0.0,0.0
2016,REG+POST,00-0032256,C.Walford,Clive Walford,TE,TE,"https://static.www.nfl.com/image/private/f_auto,q_auto/league/fjs40pz6ry6p7jqzckeg",16,LV,0,0,0,0,0,0,0,0,0,0,0,0,,0,,,0,0,0,0,0,0,,0,35,54,375,3,0,0,428,126,21,10.9881435191723,0,0.876168224299065,0.0907563025210084,0.0919639020197679,0.20050918519535,0,55.5,90.5
2016,REG+POST,00-0032257,D.Johnson,Duke Johnson,RB,RB,"https://static.www.nfl.com/image/private/f_auto,q_auto/league/hf7lxjjesduggqdfktsg",16,CLE,0,1,0,0,0,0,0,0,0,38,0,0,-0.492360567906871,0,0.0,,73,358,1,1,1,17,-12.0905928845168,0,53,74,514,0,1,0,145,426,24,1.20560621488372,0,3.5448275862069,0.142857142857143,0.0335803612783696,0.237791967180573,0,91.2,144.2
2016,REG+POST,00-0032268,M.Mariota,Marcus Mariota,QB,QB,"https://static.www.nfl.com/image/private/f_auto,q_auto/league/dpbdwpmpd9vht8hzqqq6",15,TEN,276,451,3426,26,9,23,156,2,2,4344,1258,158,60.9295782014681,0,0.788674033149171,0.115919427220793,60,349,2,6,3,19,-1.49003845692951,0,0,1,0,0,0,0,18,0,0,-0.45253948844038,0,0.0,0.05,0.0861244019138756,0.135287081339713,0,259.94,259.94
2016,REG+POST,00-0032298,B.Hill,Bronson Hill,RB,RB,"https://static.www.nfl.com/image/private/f_auto,q_auto/league/plws0l63xcalmdkv9wwb",1,JAX,0,0,0,0,0,0,0,0,0,0,0,0,,0,,,2,11,0,0,0,0,0.407704273238778,0,0,1,0,0,0,0,0,0,0,-0.584802675526589,0,,0.0256410256410256,,,0,1.1,1.1
2016,REG+POST,00-0032319,R.Travis,Ross Travis,TE,TE,"https://static.www.nfl.com/image/private/f_auto,q_auto/league/pqolizpud8fnjlh1s44h",4,KC,0,0,0,0,0,0,0,0,0,0,0,0,,0,,,0,0,0,0,0,0,,0,3,6,15,0,0,0,14,15,1,-5.03468096759362,0,1.07142857142857,0.0363636363636364,0.0158910329171396,0.0656691775874523,0,1.5,4.5
2016,REG+POST,00-0032355,C.Rogers,Chester Rogers,WR,WR,"https://static.www.nfl.com/image/private/f_auto,q_auto/league/lkszsifhpwtjpvjvlxw5",10,IND,0,0,0,0,0,0,0,0,0,0,0,0,,0,,,0,0,0,0,0,0,,0,19,34,273,0,1,0,397,51,13,0.912622927294537,0,0.687657430730479,0.0921409214092141,0.142293906810036,0.237817116880846,0,27.3,46.3
2016,REG+POST,00-0032362,M.Harris,Maurice Harris,WR,WR,"https://static.www.nfl.com/image/private/f_auto,q_auto/league/w31fw8vgazrlgvyp2szu",7,WAS,0,0,0,0,0,0,0,0,0,0,0,0,,0,,,0,0,0,0,0,0,,0,8,12,66,0,0,0,105,10,4,-1.01129817269975,0,0.628571428571429,0.0451127819548872,0.0417661097852029,0.0969054497819728,0,6.6,14.6
2016,REG+POST,00-0032365,D.Ayers,DeMarcus Ayers,WR,WR,"https://static.www.nfl.com/image/private/f_auto,q_auto/league/besy2ulrjawkla5nfoqt",4,PIT,0,0,0,0,0,0,0,0,0,0,0,0,,0,,,2,-12,0,0,0,0,-2.54723106068559,0,9,16,80,1,0,0,133,54,4,5.57610155630391,0,0.601503759398496,0.137931034482759,0.135437881873727,0.301703069035747,0,12.8,21.8
2016,REG+POST,00-0032371,R.Kelley,Rob Kelley,RB,RB,"https://static.www.nfl.com/image/private/f_auto,q_auto/league/xh5lyubvptmxmccydl73",14,WAS,0,0,0,0,0,0,0,0,0,0,0,0,,0,,,168,704,6,0,0,29,-7.03987572524056,0,12,18,82,1,0,0,15,78,6,-0.763021354097873,0,5.46666666666667,0.0530973451327434,0.0057714505579068,0.0836860330896499,0,120.6,132.6
2016,REG+POST,00-0032375,J.Kerridge,Joe Kerridge,FB,RB,"https://static.www.nfl.com/image/private/f_auto,q_auto/league/jq2lqxdjddotlgnpvpyu",1,GB,0,0,0,0,0,0,0,0,0,0,0,0,,0,,,1,0,0,0,0,0,-0.764188050408848,0,0,0,0,0,0,0,0,0,0,,0,,,,,0,0.0,0.0
2016,REG+POST,00-0032377,J.Ferguson,Josh Ferguson,RB,RB,"https://static.www.nfl.com/image/private/f_auto,q_auto/league/htmbqglun1ydytcfrltb",8,IND,0,0,0,0,0,0,0,0,0,0,0,0,,0,,,15,20,0,0,0,0,-12.9183810491231,0,20,25,136,0,0,0,-23,162,5,-0.433237203794976,0,-5.91304347826087,0.107758620689655,-0.0142238713667285,0.151681221077773,0,15.6,35.6
2016,REG+POST,00-0032385,S.Shepard,Sterling Shepard,WR,WR,"https://static.www.nfl.com/image/private/f_auto,q_auto/league/qbsz1nkk6lnudmcwimer",17,NYG,0,0,0,0,0,0,0,0,0,0,0,0,,0,,,3,31,0,0,0,1,1.4385669620824,0,69,114,746,8,0,0,1089,259,46,17.4542021744485,0,0.685032139577594,0.185667752442997,0.226969570654439,0.437380328122603,0,125.7,194.7
2016,REG+POST,00-0032392,A.Hooper,Austin Hooper,TE,TE,"https://static.www.nfl.com/image/private/f_auto,q_auto/league/jp2z8s6pcanbitupycwc",14,ATL,0,0,0,0,0,0,0,0,0,0,0,0,,0,,,0,0,0,0,0,0,,0,25,36,336,4,0,0,374,92,20,26.402490206473,0,0.898395721925134,0.0794701986754967,0.0919144753010568,0.183545430723985,0,57.6,82.6
2016,REG+POST,00-0032393,C.Prosise,C.J. Prosise,RB,RB,"https://static.www.nfl.com/image/private/f_auto,q_auto/league/rcutby5hu0vtijh6adle",6,SEA,0,0,0,0,0,0,0,0,0,0,0,0,,0,,,30,172,1,0,0,3,1.84589048859198,0,17,19,208,0,0,0,112,111,8,11.7080924684415,0,1.85714285714286,0.095,0.0796586059743954,0.198261024182077,0,44.0,61.0
2016,REG+POST,00-0032394,N.Vannett,Nick Vannett,TE,TE,"https://static.www.nfl.com/image/private/f_auto,q_auto/league/cccwwxb6tvsfhm3ylqul",3,SEA,0,0,0,0,0,0,0,0,0,0,0,0,,0,,,0,0,0,0,0,0,,0,3,4,32,0,0,0,26,12,1,-0.415409203439998,0,1.23076923076923,0.0377358490566038,0.0354706684856753,0.0814332415248784,0,3.2,6.2
2016,REG+POST,00-0032398,C.Moore,Chris Moore,WR,WR,"https://static.www.nfl.com/image/private/f_auto,q_auto/league/tov68mj1pddkbfsfuajn",9,BAL,0,0,0,0,0,0,0,0,0,0,0,0,,0,,,3,19,0,0,0,1,1.13717000815086,0,7,16,46,0,0,0,143,14,2,-6.27801657374948,0,0.321678321678322,0.0516129032258065,0.0594347464671654,0.119023677365725,1,12.5,19.5
2016,REG+POST,00-0032400,M.Mitchell,Malcolm Mitchell,WR,WR,"https://static.www.nfl.com/image/private/f_auto,q_auto/league/sjife00xnfgyraovwpm6",14,NE,0,0,0,0,0,0,0,0,0,0,0,0,,0,,,0,0,0,0,0,0,,0,39,59,476,4,0,0,601,184,27,25.1480011272856,0,0.792013311148087,0.113243761996161,0.145520581113801,0.271730049773903,0,71.6,110.6
2016,REG+POST,00-0032404,T.Ervin,Tyler Ervin,RB,RB,"https://static.www.nfl.com/image/private/f_auto,q_auto/league/tqevofjpvkvuvpdaoggm",3,HOU,0,0,0,0,0,0,0,0,0,0,0,0,,0,,,1,3,0,0,0,0,-0.219396261498332,0,3,5,18,0,0,0,37,6,0,-0.823896259960511,0,0.486486486486487,0.0434782608695652,0.0340386384544618,0.0890444382224711,0,2.1,5.1
2016,REG+POST,00-0032407,A.Lewis,Alex Lewis,T,OL,"https://static.www.nfl.com/image/private/f_auto,q_auto/league/xcschircj5zisrx1mem0",1,BAL,0,0,0,0,0,0,0,0,0,0,0,0,,0,,,0,0,0,0,0,0,,0,0,1,0,0,0,0,-5,0,0,-1.6336587042897,0,0.0,0.0204081632653061,-0.0167224080267559,0.0189065592792301,0,0.0,0.0
2016,REG+POST,00-0032411,K.Dixon,Kenneth Dixon,RB,RB,"https://static.www.nfl.com/image/private/f_auto,q_auto/league/gzfijcqkmupkv6ajjruz",12,BAL,0,0,0,0,0,0,0,0,0,0,0,0,,0,,,88,382,2,1,0,26,6.85616760907578,0,30,41,162,1,0,0,-14,186,7,-11.7949601106965,0,-11.5714285714286,0.0823293172690763,-0.0040804430195278,0.120637665789945,0,72.4,102.4
2016,REG+POST,00-0032417,P.Perkins,Paul Perkins,RB,RB,"https://static.www.nfl.com/image/private/f_auto,q_auto/league/bvq9v0mxyltlm9b8lstx",14,NYG,0,0,0,0,0,0,0,0,0,0,0,0,,0,,,122,486,0,1,0,23,-9.85149705549702,0,18,29,189,0,0,0,22,201,7,-1.91151034989161,0,8.59090909090909,0.0585858585858586,0.0054294175715696,0.0916793801788866,0,67.5,85.5
2016,REG+POST,00-0032423,T.Davis,Trevor Davis,WR,WR,"https://static.www.nfl.com/image/private/f_auto,q_auto/league/hinncjtjusiowdpefuj6",4,GB,0,0,0,0,0,0,0,0,0,0,0,0,,0,,,0,0,0,0,0,0,,0,3,7,24,1,0,0,63,8,2,1.32337327121058,0,0.380952380952381,0.0457516339869281,0.0470149253731343,0.101537898741586,0,8.4,11.4
2016,REG+POST,00-0032426,A.Collins,Alex Collins,RB,RB,"https://static.www.nfl.com/image/private/f_auto,q_auto/league/ddlhbm7zsi5o69wh6z5o",11,SEA,0,0,0,0,0,0,0,0,0,0,0,0,,0,,,39,152,1,2,1,9,-5.6922626386222,0,14,16,112,0,0,0,27,107,8,2.88125131296692,0,4.14814814814815,0.0655737704918033,0.0121676430824696,0.106878005895434,0,30.4,44.4
2016,REG+POST,00-0032429,J.Adams,Jerell Adams,TE,TE,"https://static.www.nfl.com/image/private/f_auto,q_auto/league/abomoszneuismb64qcgy",9,NYG,0,0,0,0,0,0,0,0,0,0,0,0,,0,,,0,0,0,0,0,0,,0,16,21,122,1,1,0,132,70,8,4.7539001928526,0,0.924242424242424,0.0606936416184971,0.0493827160493827,0.125608363662314,0,18.2,34.2
2016,REG+POST,00-0032430,D.Morgan,David Morgan,TE,TE,"https://static.www.nfl.com/image/private/f_auto,q_auto/league/vvmtt05lja1y2iulrwdp",1,MIN,0,0,0,0,0,0,0,0,0,0,0,0,,0,,,0,0,0,0,0,0,,0,1,1,4,0,0,0,2,2,0,-0.0258923806250095,0,2.0,0.02,0.0055555555555555,0.0338888888888889,0,0.4,1.4
2016,REG+POST,00-0032441,A.Burbridge,Aaron Burbridge,WR,WR,"https://static.www.nfl.com/image/private/f_auto,q_auto/league/bugnmtls6p4dz9boruea",8,SF,0,0,0,0,0,0,0,0,0,0,0,0,,0,,,0,0,0,0,0,0,,0,7,16,88,0,0,0,139,43,5,-1.15084401833544,0,0.633093525179856,0.0634920634920635,0.0677057963955188,0.142632152714958,0,8.8,15.8
2016,REG+POST,00-0032449,L.Edwards,Lachlan Edwards,P,SPEC,"https://static.www.nfl.com/image/private/f_auto,q_auto/league/a5k94hwnr5wayvwnkdbj",1,NYJ,0,0,0,0,0,0,0,0,0,0,0,0,,0,,,1,0,0,1,1,0,-6.25513834506273,0,0,0,0,0,0,0,0,0,0,,0,,,,,0,-2.0,-2.0
2016,REG+POST,00-0032450,D.Washington,Dwayne Washington,RB,RB,"https://static.www.nfl.com/image/private/f_auto,q_auto/league/h1nintlpbk2zyxerjpy4",11,DET,0,0,0,0,0,0,0,0,0,0,0,0,,0,,,90,265,1,0,0,11,-22.0464626002358,0,10,15,62,0,0,0,1,71,5,-1.92242373866611,0,62.0,0.0496688741721854,0.0004347826086956,0.0748076590843651,0,38.7,48.7
2016,REG+POST,00-0032462,T.Boykin,Trevone Boykin,QB,QB,"https://static.www.nfl.com/image/private/f_auto,q_auto/league/nxf2zqb0u0n171qkase5",4,SEA,13,18,145,1,1,1,5,1,0,95,71,8,5.57572021770005,0,1.52631578947368,0.130844340280948,8,1,0,0,0,1,-4.18206000328064,0,0,0,0,0,0,0,0,0,0,,0,,,,,0,7.9,7.9
2016,REG+POST,00-0032464,K.Raymond,Kalif Raymond,WR,WR,"https://static.www.nfl.com/image/private/f_auto,q_auto/league/q2kahfn76dnnb1uxxorv",2,DEN,0,0,0,0,0,0,0,0,0,0,0,0,,0,,,0,0,0,0,0,0,,0,0,2,0,0,0,0,66,0,0,-1.42140687274514,0,0.0,0.0298507462686567,0.114186851211073,0.124706915250736,0,0.0,0.0
2016,REG+POST,00-0032475,T.McEvoy,Tanner McEvoy,WR,WR,"https://static.www.nfl.com/image/private/f_auto,q_auto/league/sllikin2krzlnyo7cdvt",10,SEA,1,1,43,0,0,0,0,0,0,28,15,1,3.3772827613866,0,1.53571428571429,,0,0,0,0,0,0,,0,9,13,140,2,0,0,153,30,7,7.16978694345901,0,0.915032679738562,0.042483660130719,0.058914131690412,0.104965382379367,0,27.72,36.72
2016,REG+POST,00-0032482,,Bralon Addison,WR,WR,"https://static.www.nfl.com/image/private/f_auto,q_auto/league/wxrdrscjnwmlz7r60mbq",1,CHI,0,0,0,0,0,0,0,0,0,0,0,0,,0,,,1,4,0,0,0,0,-0.529759977012873,0,1,1,11,0,0,0,3,8,1,0.881908798590303,0,3.66666666666667,0.05,0.0174418604651163,0.0872093023255814,0,1.5,2.5
2016,REG+POST,00-0032508,H.Valles,Hakeem Valles,TE,TE,"https://static.www.nfl.com/image/private/f_auto,q_auto/league/ieiahqsygsyjbwlvl3cy",2,ARI,0,0,0,0,0,0,0,0,0,0,0,0,,0,,,0,0,0,0,0,0,,0,0,2,0,0,0,0,12,0,0,-1.75533357066505,0,0.0,0.0266666666666667,0.014002333722287,0.0498016336056009,0,0.0,0.0
2016,REG+POST,00-0032515,B.Bowman,Braedon Bowman,TE,TE,"https://static.www.nfl.com/image/private/f_auto,q_auto/league/try9qwamh6hm9rfwnzpt",1,NYJ,0,0,0,0,0,0,0,0,0,0,0,0,,0,,,0,0,0,0,0,0,,0,0,1,0,0,0,0,17,0,0,-0.758882648311555,0,0.0,0.024390243902439,0.0432569974554707,0.0668652640724881,0,0.0,0.0
2016,REG+POST,00-0032523,H.Krieger-Coble,Henry Krieger-Coble,TE,TE,"https://static.www.nfl.com/image/private/f_auto,q_auto/league/lrfveyhfonoyehr4aerg",1,DEN,0,0,0,0,0,0,0,0,0,0,0,0,,0,,,0,0,0,0,0,0,,0,1,1,13,0,0,0,4,9,1,1.10593205783516,0,3.25,0.025,0.0121951219512195,0.0460365853658537,0,1.3,2.3
2016,REG+POST,00-0032543,A.Erickson,Alex Erickson,WR,WR,"https://static.www.nfl.com/image/private/f_auto,q_auto/league/tnd77vbkyo8srrrkaisu",6,CIN,0,0,0,0,0,0,0,0,0,0,0,0,,0,,,0,0,0,0,0,0,,0,6,8,71,0,0,0,85,31,3,5.10209030186525,0,0.835294117647059,0.0334728033472803,0.0503256364712848,0.0854371505508198,0,7.1,13.1
2016,REG+POST,00-0032562,C.Wick,Cole Wick,TE,TE,"https://static.www.nfl.com/image/private/f_auto,q_auto/league/iht2lfaubsm1jhgvi9tu",3,DET,0,0,0,0,0,0,0,0,0,0,0,0,,0,,,0,0,0,0,0,0,,0,2,3,18,0,0,0,49,10,1,0.959017590386793,0,0.36734693877551,0.0265486725663717,0.058472553699284,0.0807537964390563,0,1.8,3.8
2016,REG+POST,00-0032577,D.Foster,D.J. Foster,RB,RB,"https://static.www.nfl.com/image/private/f_auto,q_auto/league/thjquiyzbnepofa1mb94",2,NE,0,0,0,0,0,0,0,0,0,0,0,0,,0,,,7,24,0,0,0,0,-1.37564287980786,0,1,2,2,0,0,0,-2,5,0,-1.06541435304098,0,-1.0,0.0571428571428571,-0.0069686411149825,0.0808362369337979,0,2.6,3.6
2016,REG+POST,00-0032593,B.Wilds,Brandon Wilds,RB,RB,"https://static.www.nfl.com/image/private/f_auto,q_auto/league/pnkbbcmp3qmc3ncxfm7a",3,NYJ,0,0,0,0,0,0,0,0,0,0,0,0,,0,,,10,27,0,0,0,1,-1.50647317420226,0,2,2,20,0,0,0,-3,23,1,0.89934106025612,0,-6.66666666666667,0.0666666666666667,-0.0103448275862069,0.0927586206896552,0,4.7,6.7
2016,REG+POST,00-0032599,J.Perkins,Joshua Perkins,TE,TE,"https://static.www.nfl.com/image/private/f_auto,q_auto/league/xxy4pbngyjfvrlkytvhk",3,ATL,0,0,0,0,0,0,0,0,0,0,0,0,,0,,,0,0,0,0,0,0,,0,3,5,42,1,0,0,64,13,2,3.61784807778895,0,0.65625,0.0555555555555556,0.0677966101694915,0.130790960451977,0,10.2,13.2
2016,REG+POST,00-0032602,J.McKissic,J.D. McKissic,RB,RB,"https://static.www.nfl.com/image/private/f_auto,q_auto/league/zi77vkqwrmklt5ic6lc6",3,SEA,0,0,0,0,0,0,0,0,0,0,0,0,,0,,,2,5,0,0,0,0,-0.665306631475687,0,3,4,21,0,0,0,12,16,0,-1.27235164353624,0,1.75,0.0421052631578947,0.0131868131868132,0.0723886639676113,0,2.6,5.6
2016,REG+POST,00-0032626,G.Allison,Geronimo Allison,WR,WR,"https://static.www.nfl.com/image/private/f_auto,q_auto/league/pngohl9rhrwyiaf7ywnz",10,GB,0,0,0,0,0,0,0,0,0,0,0,0,,0,,,0,0,0,0,0,0,,0,17,30,267,2,0,0,384,71,15,18.4938306926554,0,0.6953125,0.072992700729927,0.0984362983850295,0.178394459964411,0,38.7,55.7
2016,REG+POST,00-0032636,,Don Jackson,RB,RB,,3,GB,0,0,0,0,0,0,0,0,0,0,0,0,,0,,,10,32,0,0,0,1,-0.674943079939112,0,0,1,0,0,0,0,10,0,0,-0.739812986459583,0,0.0,0.0178571428571429,0.0321543408360129,0.0492937528709233,0,3.2,3.2
2016,REG+POST,00-0032659,Ro.Lewis,Roger Lewis,WR,WR,"https://static.www.nfl.com/image/private/f_auto,q_auto/league/zcs1ajefa2ioxvjxygvf",9,NYG,0,0,0,0,0,0,0,0,0,0,0,0,,0,,,0,0,0,0,0,0,,0,7,19,97,2,0,0,333,4,4,-7.3654626575224,0,0.291291291291291,0.0533707865168539,0.113226793607616,0.159314935300612,0,21.7,28.7
2016,REG+POST,00-0032661,B.Braunecker,Ben Braunecker,TE,TE,"https://static.www.nfl.com/image/private/f_auto,q_auto/league/rjixl9e7vu8gze8324ne",3,CHI,0,0,0,0,0,0,0,0,0,0,0,0,,0,,,0,0,0,0,0,0,,0,4,6,41,0,0,0,39,7,2,-4.84085653343936,0,1.05128205128205,0.048,0.0296352583586626,0.0927446808510638,0,4.1,8.1
2016,REG+POST,00-0032679,P.McRoberts,Paul McRoberts,WR,WR,"https://static.www.nfl.com/image/private/f_auto,q_auto/league/gjutzoczoduvpvk1hhxi",1,LA,0,0,0,0,0,0,0,0,0,0,0,0,,0,,,0,0,0,0,0,0,,0,1,1,6,0,0,0,6,0,0,-0.33305178489536,0,1.0,0.0357142857142857,0.0530973451327434,0.0907395701643489,0,0.6,1.6
2016,REG+POST,00-0032688,R.Chosen,Robbie Chosen,WR,WR,"https://static.www.nfl.com/image/private/f_auto,q_auto/league/hkcncqfwusv19fah3mbt",14,NYJ,0,0,0,0,0,0,0,0,0,0,0,0,,0,,,3,42,0,0,0,2,2.65239308663877,0,42,78,587,2,1,1,1303,131,18,-8.89255630503276,0,0.450498848810438,0.163179916317992,0.303871268656716,0.457479762536689,0,72.9,114.9
2016,REG+POST,00-0032694,J.Marshall,Jalin Marshall,WR,WR,"https://static.www.nfl.com/image/private/f_auto,q_auto/league/d3ufuqxqdgcaer1chrl7",6,NYJ,0,0,0,0,0,0,0,0,0,0,0,0,,0,,,0,0,0,0,0,0,,0,14,23,162,2,1,1,193,46,9,-5.50682193404839,0,0.839378238341969,0.11219512195122,0.101793248945148,0.239547957188433,0,26.2,40.2
2016,REG+POST,00-0032697,D.Middleton,Doug Middleton,FS,DB,"https://static.www.nfl.com/image/private/f_auto,q_auto/league/ebdy0qoftzuzueczqxzy",1,NYJ,0,0,0,0,0,0,0,0,0,0,0,0,,0,,,0,0,0,0,0,0,,0,0,0,0,0,0,0,0,0,0,,0,,,,,1,6.0,6.0
2016,REG+POST,00-0032724,B.Treggs,Bryce Treggs,WR,WR,"https://static.www.nfl.com/image/private/f_auto,q_auto/league/o0cfgtzur0b0zyar1iir",6,PHI,0,0,0,0,0,0,0,0,0,0,0,0,,0,,,2,7,0,0,0,2,0.98307467601262,0,3,12,80,0,0,0,339,16,3,-3.49841752875363,0,0.235988200589971,0.0621761658031088,0.194269340974212,0.229252787386612,0,8.7,11.7
2016,REG+POST,00-0032725,S.Anderson,Stephen Anderson,TE,TE,"https://static.www.nfl.com/image/private/f_auto,q_auto/league/inufsxftnotmpeot1lh2",11,HOU,0,0,0,0,0,0,0,0,0,0,0,0,,0,,,0,0,0,0,0,0,,0,11,18,93,1,0,0,97,39,6,4.66536719842463,0,0.958762886597938,0.0453400503778338,0.0274476513865308,0.0872234315373222,0,15.3,26.3
2016,REG+POST,00-0032739,W.Williams,Wendall Williams,WR,WR,"https://static.www.nfl.com/image/private/f_auto,q_auto/league/jdjcwiz5tcwcnxy7j41k",2,HOU,0,0,0,0,0,0,0,0,0,0,0,0,,0,,,0,0,0,0,0,0,,0,4,7,75,0,0,0,99,9,3,1.63163687568158,0,0.757575757575758,0.074468085106383,0.128571428571429,0.201702127659574,0,7.5,11.5
2016,REG+POST,00-0032741,P.Barber,Peyton Barber,RB,RB,"https://static.www.nfl.com/image/private/f_auto,q_auto/league/yjcjcrdiztmfwjgcfbux",9,TB,0,0,0,0,0,0,0,0,0,0,0,0,,0,,,55,223,1,0,0,10,-4.75592152093304,0,5,6,28,0,0,0,19,14,1,1.22195968410233,0,1.47368421052632,0.0789473684210526,0.0485933503836317,0.152436397900121,0,31.1,36.1
2016,REG+POST,00-0032745,A.Cross,Alan Cross,TE,TE,"https://static.www.nfl.com/image/private/f_auto,q_auto/league/flcn8rvasatcy4cuoe1k",9,TB,0,0,0,0,0,0,0,0,0,0,0,0,,0,,,0,0,0,0,0,0,,0,6,10,38,1,0,0,42,11,3,2.51989771105582,0,0.904761904761905,0.0311526479750779,0.0161662817551963,0.0580453691912542,0,9.8,15.8
2016,REG+POST,00-0032760,J.Doctson,Josh Doctson,WR,WR,"https://static.www.nfl.com/image/private/f_auto,q_auto/league/mkq3ycvjnr0ltb0yjczi",2,WAS,0,0,0,0,0,0,0,0,0,0,0,0,,0,,,0,0,0,0,0,0,,0,2,6,66,0,0,0,113,15,1,1.2113741178764,0,0.584070796460177,0.0689655172413793,0.150466045272969,0.208774507553148,0,6.6,8.6
2016,REG+POST,00-0032764,D.Henry,Derrick Henry,RB,RB,"https://static.www.nfl.com/image/private/f_auto,q_auto/league/xpewyoieoj7zeub4fvff",14,TEN,0,0,0,0,0,0,0,0,0,0,0,0,,0,,,110,490,5,0,0,29,-0.293348290608265,0,13,15,137,0,0,0,20,124,6,3.78082139694926,0,6.85,0.0614754098360656,0.0101214574898785,0.0992981349970133,0,92.7,105.7
2016,REG+POST,00-0032765,M.Thomas,Michael Thomas,WR,WR,"https://static.www.nfl.com/image/private/f_auto,q_auto/league/sxldsbuw65hfmkzqhw96",15,NO,0,0,0,0,0,0,0,0,0,0,0,0,,0,,,0,0,0,0,0,0,,0,92,121,1137,9,2,2,961,483,62,27.319729168594,0,1.18314255983351,0.19422150882825,0.216100742073308,0.442602782693691,0,163.7,255.7
2016,REG+POST,00-0032778,T.Sharpe,Tajae Sharpe,WR,WR,"https://static.www.nfl.com/image/private/f_auto,q_auto/league/c8fgfxrl2gmdv8thgw1p",16,TEN,0,0,0,0,0,0,0,0,0,0,0,0,,0,,,1,1,0,0,0,0,-0.440324231341947,0,41,83,522,2,0,0,1089,90,27,5.79726793622831,0,0.479338842975207,0.169387755102041,0.231948881789137,0.416445849905457,0,64.3,105.3
2016,REG+POST,00-0032780,J.Howard,Jordan Howard,RB,RB,"https://static.www.nfl.com/image/private/f_auto,q_auto/league/nbvb6bsrmjupmqrrf1n4",15,CHI,0,0,0,0,0,0,0,0,0,0,0,0,,0,,,252,1313,6,1,1,70,-1.05877639599203,0,29,50,298,1,1,0,56,284,12,7.50432034931146,0,5.32142857142857,0.105708245243129,0.012817578393225,0.167534672739951,0,201.1,230.1
2016,REG+POST,00-0032782,W.Smallwood,Wendell Smallwood,RB,RB,"https://static.www.nfl.com/image/private/f_auto,q_auto/league/r20rhl0c17ql8dtnl5kz",12,PHI,0,0,0,0,0,0,0,0,0,0,0,0,,0,,,77,312,1,1,1,20,-8.59434417310162,0,6,13,55,0,0,0,1,50,1,-6.55169523425866,0,55.0,0.0562770562770563,0.0006868131868131,0.0848963536463537,1,46.7,52.7
2016,REG+POST,00-0032784,K.Hogan,Kevin Hogan,QB,QB,"https://static.www.nfl.com/image/private/f_auto,q_auto/league/cuyxl0uprwddruvea1ma",3,CLE,14,26,104,0,2,2,10,0,0,124,63,6,-7.44585943530547,0,0.838709677419355,0.0311481162649632,8,105,1,0,0,5,6.97384504351066,0,0,0,0,0,0,0,0,0,0,,0,,,,,0,16.66,16.66
2016,REG+POST,00-0032791,J.Grant,Jakeem Grant,WR,WR,"https://static.www.nfl.com/image/private/f_auto,q_auto/league/f2ujcvb61rknhjyxcrsu",3,MIA,0,0,0,0,0,0,0,0,0,0,0,0,,0,,,1,1,0,0,0,0,-0.596835388569161,0,0,1,0,0,0,0,-3,0,0,-0.665150800719857,0,0.0,0.0344827586206897,-0.0186335403726708,0.0386806596701649,1,6.1,6.1
2016,REG+POST,00-0032794,D.Vitale,Dan Vitale,FB,RB,"https://static.www.nfl.com/image/private/f_auto,q_auto/league/x9z1hqodjhb8dio4dr1w",5,CLE,0,0,0,0,0,0,0,0,0,0,0,0,,0,,,0,0,0,0,0,0,,0,4,5,27,0,0,0,-6,33,2,-0.523479333118303,0,-4.5,0.0301204819277108,-0.0069284064665127,0.0403308383650074,0,2.7,6.7
2016,REG+POST,00-0032795,C.Core,Cody Core,WR,WR,"https://static.www.nfl.com/image/private/f_auto,q_auto/league/aan5zyvrcyn0wfeh2xdi",6,CIN,0,0,0,0,0,0,0,0,0,0,0,0,,0,,,0,0,0,0,0,0,,0,17,27,200,0,0,0,195,118,7,1.19402948839706,0,1.02564102564103,0.139896373056995,0.146948003014318,0.312708161695515,0,20.0,37.0
2016,REG+POST,00-0032801,D.Braverman,Daniel Braverman,WR,WR,"https://static.www.nfl.com/image/private/f_auto,q_auto/league/qwll2f0hngeluwrxr0gl",2,CHI,0,0,0,0,0,0,0,0,0,0,0,0,,0,,,0,0,0,0,0,0,,0,0,2,0,0,0,0,22,0,0,-5.79052251833491,0,0.0,0.0266666666666667,0.0437375745526839,0.0706163021868787,0,0.0,0.0
2016,REG+POST,00-0032804,D.Lasco,Daniel Lasco,RB,RB,"https://static.www.nfl.com/image/private/f_auto,q_auto/league/bqwslkxtdxyq5cihdvas",3,NO,0,0,0,0,0,0,0,0,0,0,0,0,,0,,,11,32,0,0,0,1,-2.22546100069303,0,2,4,11,0,0,0,0,13,0,-1.2474960165564,0,0.0,0.0476190476190476,0.0,0.0714285714285714,0,4.3,6.3
2016,REG+POST,00-0032841,P.Turner,Paul Turner,WR,WR,"https://static.www.nfl.com/image/private/f_auto,q_auto/league/wgyx2hl1v4lgcyxrepqz",3,PHI,0,0,0,0,0,0,0,0,0,0,0,0,,0,,,0,0,0,0,0,0,,0,9,14,126,0,0,0,140,52,6,4.71705249312799,0,0.9,0.0939597315436242,0.12962962962963,0.231680338056177,0,12.6,21.6
2016,REG+POST,00-0032844,,Brandon Burks,RB,RB,"https://static.www.nfl.com/image/private/f_auto,q_auto/league/wlizjeb1gickkrsrz8r8",1,NYJ,0,0,0,0,0,0,0,0,0,0,0,0,,0,,,2,-4,0,0,0,0,-2.02214143367019,0,0,0,0,0,0,0,0,0,0,,0,,,,,0,-0.4,-0.4
2016,REG+POST,00-0032864,A.Ellis,Alex Ellis,TE,TE,"https://static.www.nfl.com/image/private/f_auto,q_auto/league/cnnffo0p74ph8slvtasw",3,JAX,0,0,0,0,0,0,0,0,0,0,0,0,,0,,,0,0,0,0,0,0,,0,3,4,11,0,0,0,11,4,0,-1.62763235979946,0,1.0,0.0384615384615385,0.0177705977382876,0.070131726109109,0,1.1,4.1
2016,REG+POST,00-0032881,T.Lewis,Tommylee Lewis,WR,WR,"https://static.www.nfl.com/image/private/f_auto,q_auto/league/qvf3ud6rgqusejdd4f5u",5,NO,0,0,0,0,0,0,0,0,0,0,0,0,,0,,,3,11,0,0,0,1,-0.504113073053304,0,7,11,76,0,0,0,76,20,4,-0.681329148705117,0,1.0,0.0506912442396313,0.0563380281690141,0.115473486077757,0,8.7,15.7
2016,REG+POST,00-0032893,C.Cook,Connor Cook,QB,QB,,2,LV,32,66,311,2,4,5,29,2,1,566,139,17,-34.7596577353543,0,0.549469964664311,-0.0604871421268239,0,0,0,0,0,0,,0,0,0,0,0,0,0,0,0,0,,0,,,,,0,10.44,10.44
2016,REG+POST,00-0032896,D.Kaser,Drew Kaser,P,SPEC,"https://static.www.nfl.com/image/private/f_auto,q_auto/league/eatoldmtetuqe0shydah",1,LAC,0,0,0,0,0,0,0,0,0,0,0,0,,0,,,1,0,0,1,0,0,-4.12424171582097,0,0,0,0,0,0,0,0,0,0,,0,,,,,0,0.0,0.0
2016,REG+POST,00-0032897,D.Watt,Derek Watt,FB,RB,"https://static.www.nfl.com/image/private/f_auto,q_auto/league/jrhk6npb7u3tmgzt7rwn",6,LAC,0,0,0,0,0,0,0,0,0,0,0,0,,0,,,2,4,0,0,0,2,1.01687232230324,0,4,4,83,0,0,0,21,62,2,6.69134410226252,0,3.95238095238095,0.0258064516129032,0.0204479065238559,0.053023211986054,0,8.7,12.7
2016,REG+POST,00-0032902,K.Farrow,Kenneth Farrow,RB,RB,"https://static.www.nfl.com/image/private/f_auto,q_auto/league/xcdjk9e3ikf4gnxzvx1p",10,LAC,0,0,0,0,0,0,0,0,0,0,0,0,,0,,,60,192,0,1,1,10,-11.6550423907465,0,13,16,70,0,1,0,-14,81,2,-0.701993086180045,0,-5.0,0.0958083832335329,-0.0104166666666667,0.136420908183633,0,24.2,37.2
2016,REG+POST,00-0032935,J.Holton,Johnny Holton,WR,WR,"https://static.www.nfl.com/image/private/f_auto,q_auto/league/has0upkyuzqewhty3pb2",7,LV,0,0,0,0,0,0,0,0,0,0,0,0,,0,,,6,43,0,1,1,2,-4.24722458387259,0,2,5,34,0,0,0,81,14,2,1.99107199438731,0,0.419753086419753,0.03125,0.0680672268907563,0.0945220588235294,0,5.7,7.7
2016,REG+POST,00-0032940,D.Washington,DeAndre Washington,RB,RB,"https://static.www.nfl.com/image/private/f_auto,q_auto/league/r89dcprs99qahleja3mz",14,LV,0,0,0,0,0,0,0,0,0,0,0,0,,0,,,91,483,2,1,1,20,0.118150789814536,0,17,24,115,0,0,0,7,115,4,-9.77411650166223,0,16.4285714285714,0.051948051948052,0.0021077988557663,0.0793975371211144,0,69.8,86.8
2016,REG+POST,00-0032943,R.Dixon,Riley Dixon,P,SPEC,"https://static.www.nfl.com/image/private/f_auto,q_auto/league/qummyltudg8zskn0si4v",1,DEN,1,1,16,0,0,0,0,0,0,10,6,1,3.53055673465133,0,1.6,,0,0,0,0,0,0,,0,0,0,0,0,0,0,0,0,0,,0,,,,,0,0.64,0.64
2016,REG+POST,00-0032950,C.Wentz,Carson Wentz,QB,QB,"https://static.www.nfl.com/image/private/f_auto,q_auto/league/indtay8ngoq8ubhhydbp",16,PHI,379,607,3782,16,14,33,213,9,2,4518,1757,191,9.65571664334196,1,0.83709606020363,0.0514649812647349,46,150,2,4,1,15,-2.68078353954479,1,1,1,7,0,0,0,-7,14,0,0.350009004352614,0,0.0,0.0166666666666667,-0.0154525386313466,0.0141832229580574,0,212.98,213.98
2016,REG+POST,00-0032951,L.Treadwell,Laquon Treadwell,WR,WR,"https://static.www.nfl.com/image/private/f_auto,q_auto/league/k5zobcutuqqnd1cxqplo",2,MIN,0,0,0,0,0,0,0,0,0,0,0,0,,0,,,0,0,0,0,0,0,,0,1,3,15,0,0,0,59,0,1,-0.472455898905442,0,0.254237288135593,0.0344827586206897,0.101200686106346,0.122564618205477,0,1.5,2.5
2016,REG+POST,00-0032956,A.Janovich,Andy Janovich,FB,RB,"https://static.www.nfl.com/image/private/f_auto,q_auto/league/w4nnz0yrfilgpexcseqy",7,DEN,0,0,0,0,0,0,0,0,0,0,0,0,,0,,,4,33,1,0,0,2,4.63207682524808,0,5,7,44,0,0,0,23,34,4,0.460380581207573,0,1.91304347826087,0.0355329949238579,0.0160390516039052,0.0645268285085204,0,13.7,18.7
2016,REG+POST,00-0032959,C.Peake,Charone Peake,WR,WR,"https://static.www.nfl.com/image/private/f_auto,q_auto/league/f7a4bmcrcxmoyaagieop",11,NYJ,0,0,0,0,0,0,0,0,0,0,0,0,,0,,,0,0,0,0,0,0,,0,19,35,186,0,0,0,317,71,7,-1.01421517069727,0,0.586750788643533,0.0935828877005348,0.0944295501936253,0.20647501668634,0,18.6,37.6
2016,REG+POST,00-0032964,B.Marshall,Byron Marshall,RB,RB,"https://static.www.nfl.com/image/private/f_auto,q_auto/league/sdfnye7daaffwtre1mbl",2,PHI,0,0,0,0,0,0,0,0,0,0,0,0,,0,,,19,64,0,0,0,5,-2.59923089348013,0,3,5,10,0,0,0,2,13,1,-2.82662633153139,0,5.0,0.0588235294117647,0.0038684719535783,0.0909432244851519,0,7.4,10.4
2016,REG+POST,00-0032966,C.Coleman,Corey Coleman,WR,WR,"https://static.www.nfl.com/image/private/f_auto,q_auto/league/yawvrg2sh7ryru2z2kwe",10,CLE,0,0,0,0,0,0,0,0,0,0,0,0,,0,,,2,10,0,0,0,0,-0.042771811131388,0,33,73,413,3,0,0,1014,97,17,2.7048328515375,0,0.407297830374753,0.226006191950464,0.339584728734092,0.576718598039561,0,60.3,93.3
2016,REG+POST,00-0032972,D.Booker,Devontae Booker,RB,RB,"https://static.www.nfl.com/image/private/f_auto,q_auto/league/y5fw68qxcmxykv1uchlo",16,DEN,0,0,0,0,0,0,0,0,0,0,0,0,,0,,,174,612,4,2,1,30,-27.5729676966502,0,31,45,265,1,2,2,62,253,8,-8.91151426428793,0,4.2741935483871,0.0849056603773585,0.0153693604362915,0.138117042871442,0,111.7,142.7
2016,REG+POST,00-0032974,J.Payton,Jordan Payton,WR,WR,"https://static.www.nfl.com/image/private/f_auto,q_auto/league/wkcq6ajhn2dttqplifar",2,CLE,0,0,0,0,0,0,0,0,0,0,0,0,,0,,,0,0,0,0,0,0,,0,1,3,3,0,0,0,37,0,0,-0.849423341627698,0,0.0810810810810811,0.032258064516129,0.0412486064659978,0.077261121300392,0,0.3,1.3
2016,REG+POST,00-0032975,J.Williams,Jonathan Williams,RB,RB,"https://static.www.nfl.com/image/private/f_auto,q_auto/league/dnlboggtjcflj9fxauub",8,BUF,0,1,0,0,0,0,0,0,0,0,0,0,-0.153998468653299,0,,,27,94,1,2,2,6,-13.7951099803613,0,1,2,0,0,0,0,1,2,0,-1.59315116005018,0,0.0,0.0444444444444444,0.0032894736842105,0.068969298245614,0,11.4,12.4
2016,REG+POST,00-0032977,R.Higgins,Rashard Higgins,WR,WR,"https://static.www.nfl.com/image/private/f_auto,q_auto/league/mdn4he3iuc2mwx3cfvfj",10,CLE,0,0,0,0,0,0,0,0,0,0,0,0,,0,,,0,0,0,0,0,0,,0,6,12,77,0,0,0,138,31,5,-2.8509264990571,0,0.557971014492754,0.031496062992126,0.0408042578356002,0.0758070749731091,0,7.7,13.7
2016,REG+POST,00-0033009,T.Boyd,Tyler Boyd,WR,WR,"https://static.www.nfl.com/image/private/f_auto,q_auto/league/vconwllovf9jqxpu9mow",16,CIN,0,0,0,0,0,0,0,0,0,0,0,0,,0,,,4,58,0,0,0,2,3.26339193852618,0,54,81,603,1,1,1,681,201,33,5.4098130453305,0,0.885462555066079,0.149446494464945,0.157784986098239,0.334619231966184,0,70.1,124.1
2016,REG+POST,00-0033025,J.Richard,Jalen Richard,RB,RB,"https://static.www.nfl.com/image/private/f_auto,q_auto/league/evmn0ccnvk73tukpmk5f",17,LV,0,0,0,0,0,0,0,0,0,0,0,0,,0,,,86,494,1,0,0,14,0.430199174734298,0,31,41,202,2,0,0,137,137,8,1.04126283076897,0,1.47445255474453,0.0730837789661319,0.0312999771533014,0.131535652456509,0,87.6,118.6
2016,REG+POST,00-0033040,T.Hill,Tyreek Hill,WR,WR,"https://static.www.nfl.com/image/private/f_auto,q_auto/league/lsszbdnkusxc7mduw5be",17,KC,0,0,0,0,0,0,0,0,0,0,0,0,,0,,,27,285,3,0,0,11,14.8248749335762,0,65,89,620,6,1,0,659,287,32,17.1774405422668,0,0.940819423368741,0.15669014084507,0.168801229508197,0.353196071923343,3,162.5,227.5
2016,REG+POST,00-0033045,E.Elliott,Ezekiel Elliott,RB,RB,"https://static.www.nfl.com/image/upload/f_auto,q_auto/league/qf0zgze0wkbvu9rlvolf",16,DAL,0,0,0,0,0,0,0,0,0,0,0,0,,0,,,344,1756,15,5,1,96,15.0553340091344,0,33,41,361,1,0,0,-5,382,11,12.8272296871492,0,-72.2,0.084016393442623,-0.0015096618357487,0.12496782687891,0,305.7,338.7
2016,REG+POST,00-0033060,L.Carroo,Leonte Carroo,WR,WR,"https://static.www.nfl.com/image/private/f_auto,q_auto/league/rtyecvs5rx9awmpdk4c8",5,MIA,0,0,0,0,0,0,0,0,0,0,0,0,,0,,,0,0,0,0,0,0,,0,3,6,29,1,0,0,101,13,2,-3.51889406621922,0,0.287128712871287,0.04,0.0918181818181818,0.124272727272727,0,8.9,11.9
2016,REG+POST,00-0033069,B.Miller,Braxton Miller,WR,WR,"https://static.www.nfl.com/image/private/f_auto,q_auto/league/ya38kjppomtdyqbq5cyg",9,HOU,0,0,0,0,0,0,0,0,0,0,0,0,,0,,,3,0,0,0,0,0,-2.97067854151828,0,15,28,99,1,0,0,202,52,6,-11.0493926993762,0,0.49009900990099,0.089171974522293,0.0704569236135333,0.183077808312913,0,15.9,30.9
2016,REG+POST,00-0033077,D.Prescott,Dak Prescott,QB,QB,"https://static.www.nfl.com/image/private/f_auto,q_auto/league/knx0jxponzfkusnyvjkn",17,DAL,335,497,3969,26,5,27,154,6,4,4155,1656,198,128.212330870522,0,0.955234657039711,0.173999157039999,59,295,6,2,0,23,20.3015441767348,1,0,0,0,0,0,0,0,0,0,,0,,,,,0,312.26,312.26
2016,REG+POST,00-0033079,R.Louis,Ricardo Louis,WR,WR,"https://static.www.nfl.com/image/private/f_auto,q_auto/league/p5rkm45lscifejppmrb7",7,CLE,0,0,0,0,0,0,0,0,0,0,0,0,,0,,,0,0,0,0,0,0,,0,18,35,205,0,1,0,373,82,7,2.69628661964089,0,0.549597855227882,0.127272727272727,0.179585941261435,0.316619249792095,0,20.5,38.5
2016,REG+POST,00-0033080,S.DeValve,Seth DeValve,TE,TE,"https://static.www.nfl.com/image/private/f_auto,q_auto/league/nrihd72oevgvvbhb8l6g",8,CLE,0,0,0,0,0,0,0,0,0,0,0,0,,0,,,0,0,0,0,0,0,,0,10,12,127,2,0,0,101,44,7,4.89555504738322,0,1.25742574257426,0.0416666666666667,0.0403193612774451,0.0907235528942116,0,24.7,34.7
2016,REG+POST,00-0033090,H.Henry,Hunter Henry,TE,TE,"https://static.www.nfl.com/image/private/f_auto,q_auto/league/sdjob9akppefyo7py5tj",13,LAC,0,0,0,0,0,0,0,0,0,0,0,0,,0,,,0,0,0,0,0,0,,0,36,53,478,8,1,1,462,194,30,35.7055314923055,0,1.03463203463203,0.114718614718615,0.114074074074074,0.251929773929774,0,93.8,129.8
2016,REG+POST,00-0033098,C.Jones,Cardale Jones,QB,QB,"https://static.www.nfl.com/image/private/f_auto,q_auto/league/we5tadbw4htpyierf8qv",1,BUF,6,11,96,0,1,1,2,0,0,105,25,2,-8.04058968659956,0,0.914285714285714,-0.0178067323967717,1,-1,0,0,0,0,-1.06866247527068,0,0,0,0,0,0,0,0,0,0,,0,,,,,0,1.74,1.74
2016,REG+POST,00-0033104,C.Kessler,Cody Kessler,QB,QB,"https://static.www.nfl.com/image/private/f_auto,q_auto/league/gkvutiyutml2atftmu09",9,CLE,128,195,1380,6,2,21,140,1,1,1433,661,67,21.1426579489565,1,0.963014654570831,0.113222598126461,11,18,0,3,0,1,-2.84519850515082,0,0,0,0,0,0,0,0,0,0,,0,,,,,0,77.0,77.0
2016,REG+POST,00-0033106,J.Goff,Jared Goff,QB,QB,"https://static.www.nfl.com/image/private/f_auto,q_auto/league/nyitt4ybuzopzjzddafi",7,LA,112,205,1089,5,7,26,222,5,2,1409,572,47,-86.7094829833387,0,0.772888573456352,-0.0314007502578154,8,16,1,0,0,1,0.238418560229255,0,0,0,0,0,0,0,0,0,0,,0,,,,,0,53.16,53.16
2016,REG+POST,00-0033108,P.Lynch,Paxton Lynch,QB,QB,"https://static.www.nfl.com/image/private/f_auto,q_auto/league/vtlr44rcvfumnmcowevo",3,DEN,49,83,497,2,1,9,42,2,0,908,159,25,-4.95336327221515,0,0.547356828193833,0.0252372378045533,11,25,0,0,0,1,-3.28563356294762,0,0,0,0,0,0,0,0,0,0,,0,,,,,0,28.38,28.38
2016,REG+POST,00-0033110,T.Higbee,Tyler Higbee,TE,TE,"https://static.www.nfl.com/image/private/f_auto,q_auto/league/vk9c6lr4d1pdt9sr86ua",11,LA,0,0,0,0,0,0,0,0,0,0,0,0,,0,,,0,0,0,0,0,0,,0,11,29,85,1,0,0,203,26,3,-16.2059576414758,0,0.41871921182266,0.0753246753246753,0.0712530712530713,0.162864162864163,0,14.5,25.5
2016,REG+POST,00-0033111,P.Cooper,Pharoh Cooper,WR,WR,"https://static.www.nfl.com/image/private/f_auto,q_auto/league/mnsqfcfqiehw5aocr1lg",8,LA,0,1,0,0,1,0,0,0,0,16,0,0,-7.61006413190626,0,0.0,,0,0,0,0,0,0,,0,14,20,106,0,0,0,70,72,4,-19.6739121831642,0,1.51428571428571,0.0735294117647059,0.0368809272918862,0.136110766751379,0,8.6,22.6
2016,REG+POST,00-0033114,M.Thomas,Mike Thomas,WR,WR,"https://static.www.nfl.com/image/private/f_auto,q_auto/league/sytj4awk8kseyootqzec",6,LA,0,0,0,0,0,0,0,0,0,0,0,0,,0,,,0,0,0,0,0,0,,0,3,9,37,0,0,0,113,13,2,-3.47816228389274,0,0.327433628318584,0.0420560747663551,0.071928707829408,0.113434207630118,0,3.7,6.7
2016,REG+POST,00-0033118,K.Drake,Kenyan Drake,RB,RB,"https://static.www.nfl.com/image/private/f_auto,q_auto/league/rp5apwel9vuk49b4lykn",14,MIA,0,0,0,0,0,0,0,0,0,0,0,0,,0,,,33,179,2,0,0,9,5.29710966389393,0,9,11,46,0,0,0,-4,59,2,0.581683290656656,0,-11.5,0.0484581497797357,-0.0023108030040439,0.0710696625667728,1,40.5,49.5
2016,REG+POST,00-0033119,J.Brissett,Jacoby Brissett,QB,QB,"https://static.www.nfl.com/image/private/f_auto,q_auto/league/wapkj7gxu9waxattqkok",3,NE,34,55,400,0,0,6,46,1,0,411,319,18,-8.90181097412493,0,0.97323600973236,0.0089894301926371,16,83,1,2,1,5,-0.72029228619067,0,0,0,0,0,0,0,0,0,0,,0,,,,,0,28.3,28.3
2016,REG+POST,00-0033127,W.Fuller,Will Fuller,WR,WR,"https://static.www.nfl.com/image/private/f_auto,q_auto/league/dgemxvhu8ffqmvmqczks",16,HOU,0,0,0,0,0,0,0,0,0,0,0,0,,0,,,1,-3,0,0,0,0,-1.02930318162544,0,54,103,688,2,0,0,1520,265,33,4.00829081994258,0,0.452631578947368,0.178819444444444,0.305835010060362,0.48231367370892,1,86.5,140.5
2016,REG+POST,00-0033164,T.Pope,Troymaine Pope,RB,RB,"https://static.www.nfl.com/image/private/f_auto,q_auto/league/qgwjblnzedbxfulfhltu",4,SEA,0,0,0,0,0,0,0,0,0,0,0,0,,0,,,12,44,0,0,0,3,-2.12926641479135,0,1,2,5,0,0,0,-4,2,0,-6.04927572817542,0,-1.25,0.025974025974026,-0.0058309037900874,0.0348794063079777,0,4.9,5.9
2017,REG,00-0019596,T.Brady,Tom Brady,QB,QB,"https://static.www.nfl.com/image/private/f_auto,q_auto/league/q7dpdlxyu5rs05rgh1le",16,NE,385,581,4577,32,8,35,201,6,2,5308,1910,230,138.508184434495,2,0.862283345892992,0.162635898058008,25,28,0,1,1,7,-12.2037849307887,0,0,0,0,0,0,0,0,0,0,,0,,,,,0,295.88,295.88
2017,REG,00-0020531,D.Brees,Drew Brees,QB,QB,"https://static.www.nfl.com/image/private/f_auto,q_auto/league/i20xlpzdmn7xubotijjd",16,NO,386,536,4334,23,8,20,145,3,0,3417,2369,201,106.646449420467,0,1.26836406204273,0.140998069570844,33,12,2,2,0,7,-8.33535170110102,0,0,0,0,0,0,0,0,0,0,,0,,,,,0,262.56,262.56
2017,REG,00-0021206,J.McCown,Josh McCown,QB,QB,"https://static.www.nfl.com/image/private/f_auto,q_auto/league/qcauc37wqjdaxdbq1evu",13,NYJ,267,397,2926,18,9,39,264,7,3,3036,1256,133,14.3201952256759,0,0.963768115942029,0.107174146384349,37,124,5,4,1,14,6.62105386180338,0,0,0,0,0,0,0,0,0,0,,0,,,,,0,205.44,205.44
2017,REG,00-0021429,C.Palmer,Carson Palmer,QB,QB,"https://static.www.nfl.com/image/private/f_auto,q_auto/league/belgna3tokxga0gjjmwk",7,ARI,164,267,1978,9,7,22,150,0,0,2499,743,94,-3.25126790535914,0,0.791516606642657,0.0564494134927234,14,12,0,2,0,5,0.243019134057651,0,0,0,0,0,0,0,0,0,0,,0,,,,,0,102.32,102.32
2017,REG,00-0021547,A.Gates,Antonio Gates,TE,TE,"https://static.www.nfl.com/image/private/f_auto,q_auto/league/kndulvysinvn4tpvt0bc",16,LAC,0,0,0,0,0,0,0,0,0,0,0,0,,0,,,0,0,0,0,0,0,,0,30,52,316,3,0,0,432,66,16,3.98550194953614,0,0.731481481481482,0.0907504363001745,0.0968392737054472,0.203913146044075,0,49.6,79.6
2017,REG,00-0022127,J.Witten,Jason Witten,TE,TE,"https://static.www.nfl.com/image/private/f_auto,q_auto/league/r7uafhtwuexuaty0nhsc",16,DAL,0,0,0,0,0,0,0,0,0,0,0,0,,0,,,0,0,0,0,0,0,,0,63,87,560,5,1,1,602,105,26,17.2837209879531,0,0.930232558139535,0.179381443298969,0.15547520661157,0.377904809576553,0,84.0,147.0
2017,REG,00-0022803,E.Manning,Eli Manning,QB,QB,"https://static.www.nfl.com/image/private/f_auto,q_auto/league/w51tf8uedjftbr4qpaex",15,NYG,352,571,3468,19,13,32,189,11,5,4171,1619,170,-59.335554447788,0,0.831455286502038,0.0076330475509522,12,26,1,1,0,2,-9.73724402423259,0,0,0,0,0,0,0,0,0,0,,0,,,,,0,187.32,187.32
2017,REG,00-0022921,L.Fitzgerald,Larry Fitzgerald,WR,WR,"https://static.www.nfl.com/image/private/f_auto,q_auto/league/ycgjjaad5un42gy4pnga",16,ARI,1,1,21,0,0,0,0,0,0,18,3,1,1.24125400302,0,1.16666666666667,,0,0,0,0,0,0,,0,109,161,1156,6,1,1,1336,408,66,27.763743842518,1,0.865269461077844,0.271959459459459,0.233158813263525,0.571150358473657,0,152.44,261.44
2017,REG,00-0022924,B.Roethlisberger,Ben Roethlisberger,QB,QB,"https://static.www.nfl.com/image/private/f_auto,q_auto/league/vziogpnyp9d0xtpiuqhr",15,PIT,361,562,4259,28,14,21,139,1,1,5002,2096,208,85.5456309309517,2,0.851459416233507,0.131627778137355,28,47,0,2,0,6,-4.9673454781779,0,0,0,0,0,0,0,0,0,0,,0,,,,,0,261.06,261.06
2017,REG,00-0022942,P.Rivers,Philip Rivers,QB,QB,"https://static.www.nfl.com/image/private/f_auto,q_auto/league/voakyrtj34sghkwxaxxf",16,LAC,360,575,4515,28,10,18,120,5,1,4745,2144,216,117.54848241619,0,0.951527924130664,0.134302928650929,18,-2,0,3,0,1,-8.13427931880713,0,0,0,0,0,0,0,0,0,0,,0,,,,,0,270.4,270.4
2017,REG,00-0022943,B.Watson,Benjamin Watson,TE,TE,"https://static.www.nfl.com/image/private/f_auto,q_auto/league/dorymozpdnrllkqlfzpu",16,BAL,0,0,0,0,0,0,0,0,0,0,0,0,,0,,,0,0,0,0,0,0,,0,61,79,522,4,1,0,416,263,30,12.2072206050754,0,1.25480769230769,0.140819964349376,0.110962923446252,0.288903992936441,0,76.2,137.2
2017,REG,00-0022999,J.Kuhn,John Kuhn,FB,RB,"https://static.www.nfl.com/image/private/f_auto,q_auto/league/nbcwgq2o0ymmx4czvr4b",1,NO,0,0,0,0,0,0,0,0,0,0,0,0,,0,,,1,2,0,0,0,1,0.0828106729313731,0,0,0,0,0,0,0,0,0,0,,0,,,,,0,0.2,0.2
2017,REG,00-0023436,A.Smith,Alex Smith,QB,QB,"https://static.www.nfl.com/image/private/f_auto,q_auto/league/dpa5d1a8jj6jdymocjkx",15,KC,341,505,4042,26,5,35,207,1,1,3877,1964,184,92.0429337248764,0,1.04255867939128,0.139030224626648,60,355,1,2,0,19,9.73027572501214,0,0,0,0,0,0,0,0,0,0,,0,,,,,0,295.18,295.18
2017,REG,00-0023459,A.Rodgers,Aaron Rodgers,QB,QB,"https://static.www.nfl.com/image/private/f_auto,q_auto/league/gnta8ufi2vdp967dui9e",7,GB,154,238,1675,16,6,22,168,1,1,1643,870,85,23.4995061452416,0,1.01947656725502,0.112645511434063,24,126,0,0,0,10,4.66207498637258,0,0,0,0,0,0,0,0,0,0,,0,,,,,0,129.6,129.6
2017,REG,00-0023500,F.Gore,Frank Gore,RB,RB,"https://static.www.nfl.com/image/private/f_auto,q_auto/league/lxxkhd2suyalrbruzut7",16,IND,0,0,0,0,0,0,0,0,0,0,0,0,,0,,,261,961,3,3,0,49,-24.0016958316519,0,29,38,245,1,0,0,-26,275,9,4.85158361665363,0,-9.42307692307692,0.0947630922693267,-0.011348756001746,0.134200509202768,0,144.6,173.6
2017,REG,00-0023564,D.Sproles,Darren Sproles,RB,RB,"https://static.www.nfl.com/image/private/f_auto,q_auto/league/gvj5ng27blmwuz170aeo",3,PHI,0,0,0,0,0,0,0,0,0,0,0,0,,0,,,15,61,0,0,0,4,-2.16073647004669,0,7,12,73,0,0,0,-13,83,3,-7.02655128528256,0,-5.61538461538462,0.144578313253012,-0.0135416666666667,0.207388303212851,0,13.4,20.4
2017,REG,00-0023645,D.Anderson,Derek Anderson,QB,QB,"https://static.www.nfl.com/image/private/f_auto,q_auto/league/w191gsxivnqgdwgydka6",3,CAR,2,8,17,0,0,0,0,0,0,92,6,1,-4.1944706342816,0,0.184782608695652,-0.145374852647137,2,-2,0,0,0,0,-3.71398931392469,0,0,0,0,0,0,0,0,0,0,,0,,,,,0,0.48,0.48
2017,REG,00-0023662,M.Cassel,Matt Cassel,QB,QB,"https://static.www.nfl.com/image/private/f_auto,q_auto/league/n1ucqggyu5hlsqzuv5gj",2,TEN,25,42,162,1,2,8,30,2,2,332,44,10,-38.2065900938266,0,0.487951807228916,0.0381840846779879,0,0,0,0,0,0,,0,0,0,0,0,0,0,0,0,0,,0,,,,,0,2.48,2.48
2017,REG,00-0023682,R.Fitzpatrick,Ryan Fitzpatrick,QB,QB,"https://static.www.nfl.com/image/private/f_auto,q_auto/league/pkhhxwplsawnhln9rsun",6,TB,96,163,1103,7,3,7,34,0,0,1479,385,63,8.96629598752626,0,0.745774171737661,0.0733202720009595,15,78,0,0,0,5,3.43424882250838,0,0,0,0,0,0,0,0,0,0,,0,,,,,0,73.92,73.92
2017,REG,00-0023742,J.Ryan,Jon Ryan,P,SPEC,"https://static.www.nfl.com/image/private/f_auto,q_auto/league/jarcsmohj6vbznthlni8",1,SEA,1,1,-4,0,0,0,0,0,0,-4,0,0,-2.35913945920765,0,0.0,,0,0,0,0,0,0,,0,0,0,0,0,0,0,0,0,0,,0,,,,,0,-0.16,-0.16
2017,REG,00-0024221,V.Davis,Vernon Davis,TE,TE,"https://static.www.nfl.com/image/private/f_auto,q_auto/league/so5ywayfeeu4zeijln5m",16,WAS,0,0,0,0,0,0,0,0,0,0,0,0,,0,,,0,0,0,0,0,0,,0,43,69,648,3,2,2,746,306,23,10.6207444769659,0,0.868632707774799,0.129213483146067,0.18036750483559,0.320077478104014,0,78.8,121.8
2017,REG,00-0024226,J.Cutler,Jay Cutler,QB,QB,"https://static.www.nfl.com/image/private/f_auto,q_auto/league/ks6n7gvw4vccihlse6bn",14,MIA,266,429,2666,19,14,20,154,4,0,3530,1191,134,-23.9573595240309,0,0.755240793201133,0.0394261168868731,19,32,0,2,0,3,-3.69445392314592,0,0,0,0,0,0,0,0,0,0,,0,,,,,0,157.84,157.84
2017,REG,00-0024243,M.Lewis,Marcedes Lewis,TE,TE,"https://static.www.nfl.com/image/private/f_auto,q_auto/league/ppq07tipygpftz5csipx",16,JAX,0,0,0,0,0,0,0,0,0,0,0,0,,0,,,0,0,0,0,0,0,,0,24,48,318,5,0,0,384,163,18,9.67954983947913,1,0.828125,0.0928433268858801,0.0944881889763779,0.205406722612285,0,63.8,87.8
2017,REG,00-0024264,K.Clemens,Kellen Clemens,QB,QB,"https://static.www.nfl.com/image/private/f_auto,q_auto/league/pxungqbhh61ov73tzaxk",3,LAC,6,8,36,0,1,0,0,0,0,35,6,4,-9.74079527810682,0,1.02857142857143,0.0907048842899912,5,-5,0,0,0,0,-2.18602724227821,0,0,0,0,0,0,0,0,0,0,,0,,,,,0,-1.06,-1.06
2017,REG,00-0024268,A.Fasano,Anthony Fasano,TE,TE,"https://static.www.nfl.com/image/private/f_auto,q_auto/league/twcrap9uhjbazmplq5x3",8,MIA,0,0,0,0,0,0,0,0,0,0,0,0,,0,,,0,0,0,0,0,0,,0,12,16,107,1,1,0,119,37,5,-7.49458453187253,0,0.899159663865546,0.0524590163934426,0.0497699707235466,0.113527504096647,0,16.7,28.7
2017,REG,00-0024334,B.Marshall,Brandon Marshall,WR,WR,"https://static.www.nfl.com/image/private/f_auto,q_auto/league/jhziqh0scfksvxen6f3s",5,NYG,0,0,0,0,0,0,0,0,0,0,0,0,,0,,,0,0,0,0,0,0,,0,18,33,154,0,0,0,341,39,11,0.744272637442919,0,0.451612903225806,0.163366336633663,0.219151670951157,0.398455674616305,0,15.4,33.4
2017,REG,00-0024348,K.Williams,Kyle Williams,DT,DL,"https://static.www.nfl.com/image/private/f_auto,q_auto/league/az6qa28sbmxfklqs9waz",1,BUF,0,0,0,0,0,0,0,0,0,0,0,0,,0,,,1,1,1,0,0,1,0.613478509010747,0,0,0,0,0,0,0,0,0,0,,0,,,,,0,6.1,6.1
2017,REG,00-0024389,De.Walker,Delanie Walker,TE,TE,"https://static.www.nfl.com/image/private/f_auto,q_auto/league/diknegkpqy0qnri7877z",16,TEN,0,0,0,0,0,0,0,0,0,0,0,0,,0,,,2,-2,1,0,0,1,-0.541372802050319,0,74,111,807,3,2,2,1011,248,43,1.47684087693084,0,0.798219584569733,0.229338842975207,0.233973617218237,0.507789796515576,0,100.5,174.5
2017,REG,00-0024417,S.Koch,Sam Koch,P,SPEC,"https://static.www.nfl.com/image/private/f_auto,q_auto/league/dw34lcf6qit1i1knjhpv",2,BAL,2,2,38,0,0,0,0,0,0,32,6,2,9.42508688842645,0,1.1875,,0,0,0,0,0,0,,0,0,0,0,0,0,0,0,0,0,,0,,,,,0,1.52,1.52
2017,REG,00-0024535,E.Weems,Eric Weems,WR,WR,"https://static.www.nfl.com/image/private/f_auto,q_auto/league/kptsfekcpfukewtim9kz",3,TEN,0,0,0,0,0,0,0,0,0,0,0,0,,0,,,1,0,0,0,0,0,-3.31236179766711,0,1,2,5,0,0,0,2,5,0,-1.34668596106349,0,2.5,0.0307692307692308,0.0081967213114754,0.051891551071879,0,0.5,1.5
2017,REG,00-0025394,A.Peterson,Adrian Peterson,RB,RB,"https://static.www.nfl.com/image/private/f_auto,q_auto/league/ug2ua3skqc9f6vkbowxc",10,ARI,0,0,0,0,0,0,0,0,0,0,0,0,,0,,,156,529,2,3,2,20,-41.0923795959569,0,11,19,70,0,0,0,35,55,3,-6.19829420262507,0,2.0,0.0775510204081633,0.0191256830601093,0.129714508754321,0,67.9,78.9
2017,REG,00-0025396,T.Ginn,Ted Ginn,WR,WR,"https://static.www.nfl.com/image/private/f_auto,q_auto/league/o4m4txrv9l7odyebnea4",15,NO,0,0,0,0,0,0,0,0,0,0,0,0,,0,,,10,39,0,0,0,2,0.903240338928299,0,53,70,787,4,0,0,842,302,32,28.0503204185993,0,0.934679334916865,0.141987829614604,0.262468827930175,0.396709923973029,0,106.6,159.6
2017,REG,00-0025399,M.Lynch,Marshawn Lynch,RB,RB,"https://static.www.nfl.com/image/private/f_auto,q_auto/league/ddhpebfqtr9yxsnbx9ht",15,LV,0,0,0,0,0,0,0,0,0,0,0,0,,0,,,207,891,7,1,1,44,-15.3156990381248,0,20,31,151,0,0,0,15,164,6,-2.97423720808001,0,10.0666666666667,0.0687361419068736,0.0047095761381475,0.106400916157014,0,144.2,164.2
2017,REG,00-0025418,G.Olsen,Greg Olsen,TE,TE,"https://static.www.nfl.com/image/private/f_auto,q_auto/league/jevf1bubmrv2vvmiwq3r",7,CAR,0,0,0,0,0,0,0,0,0,0,0,0,,0,,,0,0,0,0,0,0,,0,17,38,191,1,0,0,401,48,13,-8.16125477328964,0,0.476309226932668,0.194871794871795,0.215475550779151,0.443140577853098,0,25.1,42.1
2017,REG,00-0025430,D.Stanton,Drew Stanton,QB,QB,"https://static.www.nfl.com/image/private/f_auto,q_auto/league/di5hc0mwbomreqx7ojbu",5,ARI,79,159,894,6,5,7,40,3,0,1718,299,50,-22.2369578536463,0,0.520372526193248,-0.0039120126931379,9,7,0,0,0,2,-1.42354267829796,0,0,0,0,0,0,0,0,0,0,,0,,,,,0,50.46,50.46
2017,REG,00-0025549,B.Celek,Brent Celek,TE,TE,"https://static.www.nfl.com/image/private/f_auto,q_auto/league/mit6ahic4gkdhy1hkejt",11,PHI,0,0,0,0,0,0,0,0,0,0,0,0,,0,,,0,0,0,0,0,0,,0,13,24,130,1,0,0,135,85,7,2.9777307563927,0,0.962962962962963,0.0652173913043478,0.0401666170782505,0.125942718911297,0,19.0,32.0
2017,REG,00-0025708,M.Moore,Matt Moore,QB,QB,"https://static.www.nfl.com/image/private/f_auto,q_auto/league/h04zarfikqlgerdftbgp",4,MIA,78,127,861,4,5,12,95,0,0,1039,324,38,-21.4482638676934,0,0.828681424446583,0.0297593392943272,3,9,0,0,0,1,0.098956324509345,0,0,0,0,0,0,0,0,0,0,,0,,,,,0,41.34,41.34
2017,REG,00-0026019,D.Woodhead,Danny Woodhead,RB,RB,"https://static.www.nfl.com/image/private/f_auto,q_auto/league/gorlqe0etvc8ek5wob7j",8,BAL,0,0,0,0,0,0,0,0,0,0,0,0,,0,,,14,56,0,0,0,2,-2.76594630259628,0,33,39,200,0,0,0,108,118,9,0.460091306098351,0,1.85185185185185,0.141818181818182,0.0580957504034427,0.253394298009683,0,25.6,58.6
2017,REG,00-0026035,D.Amendola,Danny Amendola,WR,WR,"https://static.www.nfl.com/image/private/f_auto,q_auto/league/etz06w7s0ardf49mnayz",15,NE,0,0,0,0,0,0,0,0,0,0,0,0,,0,,,0,0,0,0,0,0,,0,61,86,659,2,1,0,682,210,40,40.3324827398557,0,0.966275659824047,0.157798165137615,0.134942619707163,0.331157081501436,0,77.9,138.9
2017,REG,00-0026069,M.Tolbert,Mike Tolbert,FB,RB,"https://static.www.nfl.com/image/private/f_auto,q_auto/league/frwhwdhbcteyg7xjha7a",12,BUF,0,0,0,0,0,0,0,0,0,0,0,0,,0,,,66,247,1,2,1,9,-13.3527823920807,0,14,17,78,0,0,0,41,48,2,-4.61569712683559,0,1.90243902439024,0.055921052631579,0.0172486327303324,0.0959556218586011,0,36.5,50.5
2017,REG,00-0026143,M.Ryan,Matt Ryan,QB,QB,"https://static.www.nfl.com/image/private/f_auto,q_auto/league/s6zam4ekrrnonsck6vak",16,ATL,342,529,4095,20,12,24,156,1,1,4719,1861,199,70.3792686330391,0,0.867768595041322,0.12820233033339,32,143,0,3,2,11,4.12669023434864,0,0,0,0,0,0,0,0,0,0,,0,,,,,0,228.1,228.1
2017,REG,00-0026144,D.McFadden,Darren McFadden,RB,RB,"https://static.www.nfl.com/image/private/f_auto,q_auto/league/bfvionxxsfckmjqtw4kv",1,DAL,0,0,0,0,0,0,0,0,0,0,0,0,,0,,,1,-2,0,0,0,0,-1.02465997869149,0,0,0,0,0,0,0,0,0,0,,0,,,,,0,-0.2,-0.2
2017,REG,00-0026153,J.Stewart,Jonathan Stewart,RB,RB,"https://static.www.nfl.com/image/private/f_auto,q_auto/league/dzvxfj3xrgnzc3jbag2n",15,CAR,0,0,0,0,0,0,0,0,0,0,0,0,,0,,,198,680,6,3,3,41,-39.09691578509,0,8,15,52,1,0,0,-17,69,2,-3.95727971056476,0,-3.05882352941176,0.0485436893203884,-0.012743628185907,0.0638949942504476,0,109.2,117.2
2017,REG,00-0026158,J.Flacco,Joe Flacco,QB,QB,"https://static.www.nfl.com/image/upload/f_auto,q_auto/league/dwsbpmlhoqud0puidizt",16,BAL,352,549,3141,18,13,27,205,5,0,3679,1470,161,-52.5727826322,1,0.853764609948356,0.0294165392615945,25,54,1,1,0,3,-7.97013820372966,0,0,0,0,0,0,0,0,0,0,,0,,,,,0,185.04,185.04
2017,REG,00-0026164,C.Johnson,Chris Johnson,RB,RB,"https://static.www.nfl.com/image/private/f_auto,q_auto/league/ryf9nc84eovvdbf0cz79",4,ARI,0,0,0,0,0,0,0,0,0,0,0,0,,0,,,45,114,0,0,0,3,-11.6485140227596,0,5,6,43,0,0,0,20,30,2,2.65649962326279,0,2.15,0.041958041958042,0.0162999185004075,0.0743470058873482,0,15.7,20.7
2017,REG,00-0026176,J.Nelson,Jordy Nelson,WR,WR,"https://static.www.nfl.com/image/private/f_auto,q_auto/league/bde2n4ozsakatgs4yyp2",14,GB,0,0,0,0,0,0,0,0,0,0,0,0,,0,,,0,0,0,0,0,0,,0,53,88,482,6,0,0,964,128,38,-4.55418026894139,0,0.5,0.185654008438819,0.268673355629877,0.466552361599142,0,84.2,137.2
2017,REG,00-0026184,M.Forte,Matt Forte,RB,RB,"https://static.www.nfl.com/image/private/f_auto,q_auto/league/olqssssjykcx7tx7xsy3",12,NYJ,0,0,0,0,0,0,0,0,0,0,0,0,,0,,,103,381,2,1,1,12,-18.9129038443789,0,37,45,293,1,0,0,83,252,13,8.76904647356519,0,3.53012048192771,0.13353115727003,0.0310512532734755,0.222032613196477,0,83.4,120.4
2017,REG,00-0026189,D.Jackson,DeSean Jackson,WR,WR,"https://static.www.nfl.com/image/private/f_auto,q_auto/league/pr5m864fqvnoozihylrh",14,TB,0,0,0,0,0,0,0,0,0,0,0,0,,0,,,3,38,0,0,0,1,2.15593841474038,0,50,90,668,3,0,0,1444,191,36,7.02271042090963,0,0.462603878116344,0.173410404624277,0.276999808171878,0.454015472656731,0,88.6,138.6
2017,REG,00-0026197,C.Henne,Chad Henne,QB,QB,"https://static.www.nfl.com/image/private/f_auto,q_auto/league/ornr9pcnzveqlntqc7jx",2,JAX,0,2,0,0,0,0,0,0,0,2,0,0,-2.14174759108573,0,0.0,,5,-5,0,0,0,0,0.0,0,0,0,0,0,0,0,0,0,0,,0,,,,,0,-0.5,-0.5
2017,REG,00-0026201,M.Bennett,Martellus Bennett,TE,TE,"https://static.www.nfl.com/image/private/f_auto,q_auto/league/repls3tq1d4jnvwmaqia",9,NE,0,0,0,0,0,0,0,0,0,0,0,0,,0,,,0,0,0,0,0,0,,0,30,44,286,0,0,0,265,168,11,0.16138179283007,0,1.07924528301887,0.135802469135802,0.110878661087866,0.28131876646521,0,28.6,58.6
2017,REG,00-0026213,J.Charles,Jamaal Charles,RB,RB,"https://static.www.nfl.com/image/private/f_auto,q_auto/league/mdrlzgankwwjldxllgcx",13,DEN,0,0,0,0,0,0,0,0,0,0,0,0,,0,,,69,296,1,2,2,16,-13.8101414347184,0,23,28,129,0,0,0,-23,159,6,-3.3971057505325,0,-5.60869565217391,0.0669856459330144,-0.0069069069069069,0.0956436340646867,0,44.5,67.5
2017,REG,00-0026224,H.Douglas,Harry Douglas,WR,WR,"https://static.www.nfl.com/image/private/f_auto,q_auto/league/hblmz1iaov5vqx7cd9cv",1,TEN,0,0,0,0,0,0,0,0,0,0,0,0,,0,,,0,0,0,0,0,0,,0,1,3,8,0,0,0,26,12,0,-6.08685919246636,0,0.307692307692308,0.125,0.146892655367232,0.290324858757062,0,0.8,1.8
2017,REG,00-0026345,P.Garcon,Pierre Garcon,WR,WR,"https://static.www.nfl.com/image/private/f_auto,q_auto/league/xwjogot7xrfj9qwhsgtn",8,SF,0,0,0,0,0,0,0,0,0,0,0,0,,0,,,0,0,0,0,0,0,,0,40,67,500,0,0,0,639,190,25,7.71951843470654,0,0.782472613458529,0.215434083601286,0.274366680978961,0.515207802087202,0,50.0,90.0
2017,REG,00-0026498,M.Stafford,Matthew Stafford,QB,QB,"https://static.www.nfl.com/image/private/f_auto,q_auto/league/icjfdfsncqlsqe49iujv",16,DET,371,565,4446,29,10,47,287,9,6,4543,2103,209,38.3132342865771,1,0.978648470173894,0.089030924459619,29,98,0,2,1,9,-6.57544912338904,0,0,0,0,0,0,0,0,0,0,,1,,,,,0,273.64,273.64
2017,REG,00-0026544,C.Daniel,Chase Daniel,QB,QB,"https://static.www.nfl.com/image/private/f_auto,q_auto/league/jt8fvgeyuhsbpo9m9t4x",1,NO,0,0,0,0,0,0,0,0,0,0,0,0,,0,,,3,-2,0,0,0,0,-2.43170348869171,0,0,0,0,0,0,0,0,0,0,,0,,,,,0,-0.2,-0.2
2017,REG,00-0026625,B.Hoyer,Brian Hoyer,QB,QB,"https://static.www.nfl.com/image/private/f_auto,q_auto/league/japt3mj2xctm7saqndxn",10,NE,123,211,1287,4,4,16,112,1,1,1667,569,64,-29.9526400371079,0,0.772045590881824,-0.0061531617616252,9,4,1,2,0,2,-6.85483479668619,0,0,0,0,0,0,0,0,0,0,,0,,,,,0,63.88,63.88
2017,REG,00-0026901,M.Wallace,Mike Wallace,WR,WR,"https://static.www.nfl.com/image/private/f_auto,q_auto/league/dy9z5wbsitf6l9psjq4y",15,BAL,0,0,0,0,0,0,0,0,0,0,0,0,,0,,,1,4,0,0,0,0,0.102180845104158,0,52,92,748,4,0,0,1231,157,33,25.6203146239066,0,0.607636068237206,0.17037037037037,0.33135935397039,0.487507103334829,0,99.2,151.2
2017,REG,00-0026983,D.Heyward-Bey,Darrius Heyward-Bey,WR,WR,"https://static.www.nfl.com/image/private/f_auto,q_auto/league/d5otkkbb0z2rdd2bjatd",5,PIT,0,0,0,0,0,0,0,0,0,0,0,0,,0,,,2,32,1,0,0,1,3.12273939454462,0,2,3,47,0,0,0,50,21,1,3.8843839634792,0,0.94,0.0348837209302326,0.0517063081695967,0.0885199971140665,0,13.9,15.9
2017,REG,00-0026986,M.Crabtree,Michael Crabtree,WR,WR,"https://static.www.nfl.com/image/private/f_auto,q_auto/league/kcavcmeyaion38ewxwyk",13,LV,0,0,0,0,0,0,0,0,0,0,0,0,,0,,,0,0,0,0,0,0,,0,58,101,618,8,1,0,1059,190,35,13.3259599061602,2,0.58356940509915,0.220524017467249,0.281948881789137,0.528150243453269,0,113.8,171.8
2017,REG,00-0026995,J.Maclin,Jeremy Maclin,WR,WR,"https://static.www.nfl.com/image/private/f_auto,q_auto/league/tvlsuugnbn0idb0tbtgw",12,BAL,0,0,0,0,0,0,0,0,0,0,0,0,,0,,,0,0,0,0,0,0,,0,40,72,440,3,0,0,702,108,23,0.891509321057684,0,0.626780626780627,0.181818181818182,0.251342642320086,0.448667122351333,0,62.0,102.0
2017,REG,00-0027006,K.Britt,Kenny Britt,WR,WR,"https://static.www.nfl.com/image/private/f_auto,q_auto/league/joozpvuyykyxjogcg3r5",12,NE,0,0,0,0,0,0,0,0,0,0,0,0,,0,,,0,0,0,0,0,0,,0,20,43,256,2,0,0,505,88,10,-12.0070365944352,0,0.506930693069307,0.0997679814385151,0.120095124851367,0.23371855955373,0,37.6,57.6
2017,REG,00-0027029,L.McCoy,LeSean McCoy,RB,RB,"https://static.www.nfl.com/image/private/f_auto,q_auto/league/cpc1a2dgivdyevuncz7p",16,BUF,0,0,0,0,0,0,0,0,0,0,0,0,,0,,,287,1138,6,3,1,56,-40.2144700496252,0,59,77,448,2,0,0,104,395,23,6.18282419375511,0,4.30769230769231,0.169603524229075,0.0287531103124136,0.274532463562302,0,204.6,263.6
2017,REG,00-0027057,B.Tate,Brandon Tate,WR,WR,"https://static.www.nfl.com/image/private/f_auto,q_auto/league/uzpf58ijo44jfqakwv83",5,BUF,0,0,0,0,0,0,0,0,0,0,0,0,,0,,,0,0,0,0,0,0,,0,6,14,81,1,0,0,142,37,5,2.58041057822993,0,0.570422535211268,0.0838323353293413,0.0987482614742698,0.194872286026001,0,14.1,20.1
2017,REG,00-0027061,J.Cook,Jared Cook,TE,TE,"https://static.www.nfl.com/image/private/f_auto,q_auto/league/cthoenebptadlu4g928v",16,LV,0,0,0,0,0,0,0,0,0,0,0,0,,0,,,0,0,0,0,0,0,,0,54,86,688,2,1,1,769,241,35,28.4807857653269,0,0.894668400520156,0.155797101449275,0.16659445407279,0.350311770024866,0,78.8,132.8
2017,REG,00-0027089,L.Murphy,Louis Murphy,WR,WR,"https://static.www.nfl.com/image/private/f_auto,q_auto/league/rivj8wgktddc22qdtpsn",6,SF,0,0,0,0,0,0,0,0,0,0,0,0,,0,,,0,0,0,0,0,0,,0,8,17,121,1,0,0,181,39,6,3.58850886923028,0,0.668508287292818,0.0871794871794872,0.107418397626113,0.20596210910751,0,18.1,26.1
2017,REG,00-0027125,Z.Miller,Zach Miller,TE,TE,"https://static.www.nfl.com/image/private/f_auto,q_auto/league/ghvzkuugli86zstauzvr",8,CHI,0,0,0,0,0,0,0,0,0,0,0,0,,0,,,0,0,0,0,0,0,,0,20,35,236,2,0,0,298,72,10,-4.70074355251516,0,0.791946308724832,0.159090909090909,0.186599874765185,0.369256275971993,0,35.6,55.6
2017,REG,00-0027215,L.Paulsen,Logan Paulsen,TE,TE,"https://static.www.nfl.com/image/private/f_auto,q_auto/league/rckjvflmpzh9tiescxcd",2,SF,0,0,0,0,0,0,0,0,0,0,0,0,,0,,,0,0,0,0,0,0,,0,0,2,0,0,0,0,22,0,0,-0.838642647431698,0,0.0,0.0222222222222222,0.0289093298291721,0.0535698642137538,0,0.0,0.0
2017,REG,00-0027321,J.Cumberland,Jeff Cumberland,TE,TE,"https://static.www.nfl.com/image/private/f_auto,q_auto/league/c87plzwz1aj8haowwxcq",2,LAC,0,0,0,0,0,0,0,0,0,0,0,0,,0,,,0,0,0,0,0,0,,0,2,3,2,0,0,0,6,0,0,-1.72910780861275,0,0.333333333333333,0.0428571428571429,0.0101351351351351,0.0713803088803089,0,0.2,2.2
2017,REG,00-0027325,L.Blount,LeGarrette Blount,RB,RB,"https://static.www.nfl.com/image/private/f_auto,q_auto/league/s3eilto1yi0yhoamvvo3",16,PHI,0,0,0,0,0,0,0,0,0,0,0,0,,0,,,173,766,2,1,1,30,-24.4776762094326,1,8,8,50,1,0,0,3,47,3,1.91069950719248,0,16.6666666666667,0.030188679245283,0.0018951358180669,0.0466096139405714,0,99.6,107.6
2017,REG,00-0027531,C.Ivory,Chris Ivory,RB,RB,"https://static.www.nfl.com/image/private/f_auto,q_auto/league/wuhrkffigvt55hcqd4yw",14,JAX,0,0,0,0,0,0,0,0,0,0,0,0,,0,,,112,382,1,2,2,16,-27.1121680407086,0,21,28,175,1,0,0,-5,185,8,-1.4787985426831,0,-35.0,0.100719424460432,-0.0025906735751295,0.149265665188057,0,63.7,84.7
2017,REG,00-0027654,A.Benn,Arrelious Benn,WR,WR,"https://static.www.nfl.com/image/private/f_auto,q_auto/league/mrdtswjobu20gukdl2cp",2,JAX,0,0,0,0,0,0,0,0,0,0,0,0,,0,,,0,0,0,0,0,0,,0,1,2,12,0,0,0,14,2,1,1.38949508912629,0,0.857142857142857,0.0416666666666667,0.0299785867237687,0.0834850107066381,0,1.2,2.2
2017,REG,00-0027656,R.Gronkowski,Rob Gronkowski,TE,TE,"https://static.www.nfl.com/image/private/f_auto,q_auto/league/svpo7chliiymc0r7hegp",13,NE,0,0,0,0,0,0,0,0,0,0,0,0,,0,,,0,0,0,0,0,0,,0,69,105,1084,8,1,0,1213,345,57,73.5299950866463,1,0.893652102225886,0.226293103448276,0.279493087557604,0.535084816462736,0,158.4,227.4
2017,REG,00-0027675,E.Dickson,Ed Dickson,TE,TE,"https://static.www.nfl.com/image/private/f_auto,q_auto/league/qtxat8xwaclkqfkj5lrq",14,CAR,0,0,0,0,0,0,0,0,0,0,0,0,,0,,,0,0,0,0,0,0,,0,30,48,437,1,0,0,451,201,22,17.2887057380576,0,0.968957871396896,0.110091743119266,0.118372703412074,0.247998507067351,0,49.7,79.7
2017,REG,00-0027681,B.LaFell,Brandon LaFell,WR,WR,"https://static.www.nfl.com/image/private/f_auto,q_auto/league/x4wifb5arw0neuwg1cch",16,CIN,0,0,0,0,0,0,0,0,0,0,0,0,,0,,,0,0,0,0,0,0,,0,52,89,548,3,1,0,774,239,25,3.67404213339463,0,0.708010335917313,0.182377049180328,0.192250372578241,0.408140834575261,0,72.8,124.8
2017,REG,00-0027685,E.Sanders,Emmanuel Sanders,WR,WR,"https://static.www.nfl.com/image/private/f_auto,q_auto/league/potkibjtm855tsawozs0",12,DEN,0,0,0,0,0,0,0,0,0,0,0,0,,0,,,0,0,0,0,0,0,,0,47,92,555,2,0,0,978,167,30,9.83096098528101,0,0.567484662576687,0.223300970873786,0.270914127423823,0.524591345507356,0,67.5,114.5
2017,REG,00-0027690,E.Decker,Eric Decker,WR,WR,"https://static.www.nfl.com/image/private/f_auto,q_auto/league/jg5ftnvxz4jdiajzeoyn",16,TEN,0,1,0,0,0,0,0,0,0,0,0,0,-0.835002687177621,0,,,0,0,0,0,0,0,,0,54,83,563,1,0,0,826,113,31,20.8471763185654,0,0.681598062953995,0.171487603305785,0.191159453830132,0.39104302263977,0,62.3,116.3
2017,REG,00-0027691,A.Roberts,Andre Roberts,WR,WR,"https://static.www.nfl.com/image/private/f_auto,q_auto/league/hjoyjewh7knoafxt4k93",4,ATL,0,0,0,0,0,0,0,0,0,0,0,0,,0,,,0,0,0,0,0,0,,0,1,4,12,0,0,0,20,7,1,-1.89332136717104,0,0.6,0.0303030303030303,0.0226500566251416,0.0613095850921446,0,1.2,2.2
2017,REG,00-0027696,J.Graham,Jimmy Graham,TE,TE,"https://static.www.nfl.com/image/private/f_auto,q_auto/league/h7xs06oj6g03mippwtse",16,SEA,0,0,0,0,0,0,0,0,0,0,0,0,,0,,,0,0,0,0,0,0,,0,57,96,520,10,0,0,728,211,32,0.623209089237454,1,0.714285714285714,0.182509505703422,0.139117141219186,0.371146257408563,0,114.0,171.0
2017,REG,00-0027732,M.Hoomanawanui,Michael Hoomanawanui,TE,TE,"https://static.www.nfl.com/image/private/f_auto,q_auto/league/fgfwj67pbxmp1bpjm7ti",7,NO,0,0,0,0,0,0,0,0,0,0,0,0,,0,,,0,0,0,0,0,0,,0,6,10,52,1,0,0,71,27,2,-1.23361892613578,0,0.732394366197183,0.0427350427350427,0.105654761904762,0.138060897435897,0,11.2,17.2
2017,REG,00-0027793,A.Brown,Antonio Brown,WR,WR,"https://static.www.nfl.com/image/private/f_auto,q_auto/league/ecxsx9t7bfg42bgfwj3v",14,PIT,0,0,0,0,0,0,0,0,0,0,0,0,,0,,,0,0,0,0,0,0,,0,101,163,1533,9,3,0,2187,481,71,42.8115948138035,1,0.700960219478738,0.308712121212121,0.448799507490253,0.777227837061359,0,209.3,310.3
2017,REG,00-0027796,J.Webb,Joe Webb,QB,QB,"https://static.www.nfl.com/image/private/f_auto,q_auto/league/hjieero9ugbyu7n1629h",2,BUF,2,7,35,0,1,0,0,0,0,112,3,1,-5.235481272568,0,0.3125,-0.109946443881324,8,54,0,0,0,4,5.5604426577338,0,0,0,0,0,0,0,0,0,0,,0,,,,,0,4.8,4.8
2017,REG,00-0027854,S.Bradford,Sam Bradford,QB,QB,"https://static.www.nfl.com/image/private/f_auto,q_auto/league/fizwrxzfdaw7v2vzzpn6",2,MIN,32,43,382,3,0,5,40,0,0,359,149,17,13.0149055075535,0,1.06406685236769,0.202490734100975,2,-3,0,0,0,0,-4.12086771317991,0,0,0,0,0,0,0,0,0,0,,0,,,,,0,26.98,26.98
2017,REG,00-0027861,C.Spiller,C.J. Spiller,RB,RB,"https://static.www.nfl.com/image/private/f_auto,q_auto/league/jqbnrdpq9c2nbchzntxt",1,KC,0,0,0,0,0,0,0,0,0,0,0,0,,0,,,2,0,0,0,0,0,-1.30428124964237,0,0,2,0,0,0,0,2,0,0,-2.81510488544933,0,0.0,0.0555555555555556,0.0068493150684931,0.0881278538812785,0,0.0,0.0
2017,REG,00-0027873,J.Gresham,Jermaine Gresham,TE,TE,"https://static.www.nfl.com/image/private/f_auto,q_auto/league/higvmot083ues41wbdgi",14,ARI,0,0,0,0,0,0,0,0,0,0,0,0,,0,,,0,0,0,0,0,0,,0,33,46,322,2,0,0,296,136,17,1.14595991977851,0,1.08783783783784,0.0891472868217054,0.0594138900040145,0.175310653235368,0,44.2,77.2
2017,REG,00-0027874,D.Thomas,Demaryius Thomas,WR,WR,"https://static.www.nfl.com/image/private/f_auto,q_auto/league/p1yjsqtqimjd6iazu3h9",16,DEN,0,0,0,0,0,0,0,0,0,0,0,0,,0,,,0,0,0,0,0,0,,0,83,140,949,5,1,1,1462,299,53,-10.0487258574273,0,0.649110807113543,0.254083484573503,0.317136659436009,0.60312088846546,0,122.9,205.9
2017,REG,00-0027891,G.Tate,Golden Tate,WR,WR,"https://static.www.nfl.com/image/private/f_auto,q_auto/league/yfqebrp2o9t1gt1wqjku",16,DET,0,0,0,0,0,0,0,0,0,0,0,0,,1,,,5,22,0,0,0,1,-1.10187041724566,0,92,120,1003,5,1,1,716,613,44,12.5821351630415,0,1.40083798882682,0.212389380530973,0.158547387068202,0.429567241744202,0,132.5,224.5
2017,REG,00-0027902,D.Bryant,Dez Bryant,WR,WR,"https://static.www.nfl.com/image/private/f_auto,q_auto/league/jmggujwkiv7osgkhhnhl",16,DAL,0,0,0,0,0,0,0,0,0,0,0,0,,0,,,1,-4,0,0,0,0,-1.10098128998652,0,69,132,838,6,1,1,1534,266,44,-10.8097489879054,0,0.546284224250326,0.272164948453608,0.414258709154739,0.69822851908873,0,117.4,186.4
2017,REG,00-0027925,J.Develin,James Develin,FB,RB,"https://static.www.nfl.com/image/private/f_auto,q_auto/league/ryhocvpml27otxnncc2h",8,NE,0,0,0,0,0,0,0,0,0,0,0,0,,0,,,0,0,0,0,0,0,,0,6,10,38,0,0,0,19,26,3,-0.145807269087527,0,2.0,0.0309597523219814,0.0083406496927129,0.0522780832678712,0,3.8,9.8
2017,REG,00-0027939,C.Newton,Cam Newton,QB,QB,"https://static.www.nfl.com/image/private/f_auto,q_auto/league/zwmgw2gmnn2kch4nquft",16,CAR,291,492,3302,22,16,35,242,3,0,4150,1617,166,-2.16960970145148,0,0.79566265060241,0.0571728948247511,139,754,6,6,1,46,10.778064734844,1,0,0,0,0,0,0,0,0,0,,0,,,,,0,299.48,299.48
2017,REG,00-0027942,A.Green,A.J. Green,WR,WR,"https://static.www.nfl.com/image/private/f_auto,q_auto/league/guj5a9vnnzqfiljupzuj",16,CIN,0,0,0,0,0,0,0,0,0,0,0,0,,0,,,0,0,0,0,0,0,,0,75,143,1078,8,2,2,1873,297,55,5.74616123308328,0,0.575547250400427,0.293032786885246,0.465226030799801,0.76520740188773,0,151.8,226.8
2017,REG,00-0027944,J.Jones,Julio Jones,WR,WR,"https://static.www.nfl.com/image/upload/f_auto,q_auto/league/omrddf2phtyztzx2nup1",16,ATL,0,0,0,0,0,0,0,0,0,0,0,0,,0,,,1,15,0,0,0,1,0.971836993354373,0,88,148,1444,3,0,0,2105,486,67,57.43416191778,0,0.685985748218527,0.286266924564797,0.453957299978434,0.747170496832099,0,163.9,251.9
2017,REG,00-0027948,B.Gabbert,Blaine Gabbert,QB,QB,"https://static.www.nfl.com/image/private/f_auto,q_auto/league/fphhd3wedamgkps6e0dl",5,ARI,95,171,1086,6,6,23,149,4,2,1572,412,55,-54.9406781478423,1,0.690839694656489,-0.0163802163802903,22,82,0,3,0,7,-2.42907997756265,0,0,0,0,0,0,0,0,0,0,,0,,,,,0,61.64,61.64
2017,REG,00-0027966,M.Ingram,Mark Ingram,RB,RB,"https://static.www.nfl.com/image/private/f_auto,q_auto/league/qyju9wutyssrf0b26ran",16,NO,0,0,0,0,0,0,0,0,0,0,0,0,,0,,,230,1124,12,2,2,50,-6.60897309250402,0,58,71,416,0,1,1,-90,500,19,1.02641085995559,0,-4.62222222222222,0.140316205533597,-0.0272479564032698,0.191400738818106,0,220.0,278.0
2017,REG,00-0027973,A.Dalton,Andy Dalton,QB,QB,"https://static.www.nfl.com/image/private/f_auto,q_auto/league/xrwmjyexhhwpoxhtrhl2",16,CIN,297,496,3320,25,12,39,255,3,3,4064,1704,162,-30.9987436668259,0,0.816929133858268,0.0319214184993542,38,99,0,1,1,9,-11.0152563218228,0,0,0,0,0,0,0,0,0,0,,0,,,,,0,210.7,210.7
2017,REG,00-0027981,K.Rudolph,Kyle Rudolph,TE,TE,"https://static.www.nfl.com/image/private/f_auto,q_auto/league/mtvrkfel5750mlevcvtp",16,MIN,0,0,0,0,0,0,0,0,0,0,0,0,,0,,,0,0,0,0,0,0,,0,57,81,532,8,0,0,600,224,32,17.347054972293,0,0.886666666666667,0.155470249520154,0.151783455603339,0.339453793202568,0,101.2,158.2
2017,REG,00-0027985,L.Kendricks,Lance Kendricks,TE,TE,"https://static.www.nfl.com/image/private/f_auto,q_auto/league/njjeo5udwowpbfnufl5l",11,GB,0,0,0,0,0,0,0,0,0,0,0,0,,0,,,0,0,0,0,0,0,,0,18,35,203,1,0,0,260,89,8,-16.6796115382471,0,0.780769230769231,0.0904392764857881,0.0944424264438794,0.201768613239398,0,26.3,44.3
2017,REG,00-0027994,S.Vereen,Shane Vereen,RB,RB,"https://static.www.nfl.com/image/private/f_auto,q_auto/league/grirsvo53nqb22jzb1zk",15,NYG,0,1,0,0,1,0,0,0,0,17,0,0,-4.04650280892383,0,0.0,,45,164,0,0,0,3,-13.4868668907113,0,44,53,253,0,0,0,22,245,7,-10.1998204264152,0,11.5,0.0981481481481481,0.0074906367041198,0.152465667915106,0,39.7,83.7
2017,REG,00-0027996,T.Smith,Torrey Smith,WR,WR,"https://static.www.nfl.com/image/private/f_auto,q_auto/league/sqvbn4ybxagyfwva3i51",16,PHI,0,0,0,0,0,0,0,0,0,0,0,0,,0,,,1,-3,0,0,0,0,-1.04485134675633,0,36,68,430,2,0,0,881,131,11,3.93755349066086,0,0.488081725312145,0.122302158273381,0.167777566177871,0.300897533734582,0,54.7,90.7
2017,REG,00-0028002,R.Cobb,Randall Cobb,WR,WR,"https://static.www.nfl.com/image/private/f_auto,q_auto/league/kuwo5hnkbtesfw6n9w1s",14,GB,1,1,10,0,0,0,0,0,0,-5,15,1,0.606652478454635,0,0.0,,9,17,0,0,0,1,-2.50597624198271,0,66,92,653,4,1,0,555,412,29,18.9545613049394,1,1.17657657657658,0.187755102040816,0.162565905096661,0.395428786628887,0,93.4,159.4
2017,REG,00-0028009,D.Murray,DeMarco Murray,RB,RB,"https://static.www.nfl.com/image/private/f_auto,q_auto/league/lu4pqg7cvxbz7z4oormo",15,TEN,0,0,0,0,0,0,0,0,0,0,0,0,,0,,,184,659,6,1,1,29,-31.7061150509414,0,39,47,266,1,0,0,11,244,10,-2.65515076152556,0,24.1818181818182,0.101511879049676,0.0028841111693759,0.154286696393077,0,132.5,171.5
2017,REG,00-0028011,S.Ridley,Stevan Ridley,RB,RB,"https://static.www.nfl.com/image/private/f_auto,q_auto/league/futdstbe48qaqcvtolzj",2,PIT,0,0,0,0,0,0,0,0,0,0,0,0,,0,,,26,108,1,0,0,6,-1.94289765955182,0,0,0,0,0,0,0,0,0,0,,0,,,,,0,16.8,16.8
2017,REG,00-0028012,R.Mallett,Ryan Mallett,QB,QB,"https://static.www.nfl.com/image/private/f_auto,q_auto/league/tvn03oot2ttdoog5x0qr",2,BAL,9,16,56,2,0,0,0,0,0,131,30,5,-0.683747934061103,0,0.427480916030534,0.0027845909411955,4,-3,0,1,0,1,0.652280918322504,0,0,0,0,0,0,0,0,0,0,,0,,,,,0,9.94,9.94
2017,REG,00-0028042,L.Stocker,Luke Stocker,TE,TE,"https://static.www.nfl.com/image/private/f_auto,q_auto/league/keoilbfzupthtliuou1a",4,TEN,0,0,0,0,0,0,0,0,0,0,0,0,,0,,,0,0,0,0,0,0,,0,4,5,30,1,0,0,13,22,1,2.70020329748513,0,2.30769230769231,0.040650406504065,0.014145810663765,0.070877677220733,0,9.0,13.0
2017,REG,00-0028063,T.Jones,Taiwan Jones,RB,RB,"https://static.www.nfl.com/image/private/f_auto,q_auto/league/va09vgfr7bdc2wb6ikq4",1,BUF,0,0,0,0,0,0,0,0,0,0,0,0,,0,,,0,0,0,0,0,0,,0,1,2,11,0,0,0,24,10,1,0.393405912283914,0,0.458333333333333,0.0625,0.0615384615384615,0.136826923076923,0,1.1,2.1
2017,REG,00-0028064,B.Powell,Bilal Powell,RB,RB,"https://static.www.nfl.com/image/private/f_auto,q_auto/league/a5qlloemeetaqawzwuf7",15,NYJ,0,0,0,0,0,0,0,0,0,0,0,0,,0,,,178,772,5,0,0,30,-17.9371459154047,0,23,33,170,0,1,1,36,143,8,-12.0303445360658,0,4.72222222222222,0.0852713178294574,0.0176643768400393,0.140272040532214,0,122.2,145.2
2017,REG,00-0028067,J.Thomas,Julius Thomas,TE,TE,"https://static.www.nfl.com/image/private/f_auto,q_auto/league/ephrfopvlebj4fdcl67a",14,MIA,0,0,0,0,0,0,0,0,0,0,0,0,,0,,,0,0,0,0,0,0,,0,41,62,388,3,1,0,480,145,18,-4.36217280887499,0,0.808333333333333,0.122047244094488,0.115246098439376,0.263743135049295,0,56.8,97.8
2017,REG,00-0028074,A.Sherman,Anthony Sherman,RB,RB,"https://static.www.nfl.com/image/private/f_auto,q_auto/league/ibmfpy4ztgmqfwtood5x",5,KC,0,0,0,0,0,0,0,0,0,0,0,0,,0,,,14,40,1,0,0,5,0.102911590671336,0,6,8,47,0,0,0,14,41,3,2.29980979044922,0,3.35714285714286,0.0479041916167665,0.0119250425894378,0.0802038172377562,0,14.7,20.7
2017,REG,00-0028083,J.Rodgers,Jacquizz Rodgers,RB,RB,"https://static.www.nfl.com/image/private/f_auto,q_auto/league/ztmescfueap5glplyf7w",13,TB,0,0,0,0,0,0,0,0,0,0,0,0,,0,,,64,244,1,0,0,11,-8.94342955289176,0,9,11,74,0,0,0,-3,85,4,1.50861993955914,0,-24.6666666666667,0.0367892976588629,-0.0009590792838874,0.0545125909895731,0,37.8,46.8
2017,REG,00-0028087,D.Lewis,Dion Lewis,RB,RB,"https://static.www.nfl.com/image/private/f_auto,q_auto/league/erzmtaaz3eimbg998hyq",16,NE,0,0,0,0,0,0,0,0,0,0,0,0,,0,,,180,896,6,0,0,48,18.6022631201472,0,32,35,214,3,0,0,0,224,11,13.2837032179523,0,0.0,0.0790067720090294,0.0,0.118510158013544,1,171.0,203.0
2017,REG,00-0028090,T.Yates,T.J. Yates,QB,QB,"https://static.www.nfl.com/image/private/f_auto,q_auto/league/h8x0pbhc1s5dwjuzipsb",4,HOU,47,97,523,4,3,13,75,5,1,991,176,27,-27.9549588183632,0,0.527749747729566,-0.0327444312655355,5,51,0,0,0,4,5.7194524424352,0,0,0,0,0,0,0,0,0,0,,0,,,,,0,34.02,34.02
2017,REG,00-0028091,J.Kerley,Jeremy Kerley,WR,WR,"https://static.www.nfl.com/image/private/f_auto,q_auto/league/lsfc40maht2r3k0ctu1b",7,NYJ,0,0,0,0,0,0,0,0,0,0,0,0,,0,,,0,0,0,0,0,0,,0,22,27,217,1,1,1,244,57,13,16.0281485630999,0,0.889344262295082,0.127962085308057,0.155216284987277,0.300594527453179,0,25.7,47.7
2017,REG,00-0028093,N.Paul,Niles Paul,TE,TE,"https://static.www.nfl.com/image/private/f_auto,q_auto/league/c2hufhhjyuitenxujhpz",11,WAS,0,0,0,0,0,0,0,0,0,0,0,0,,0,,,2,4,0,0,0,1,1.30055225093383,0,13,19,94,0,0,0,112,31,4,1.20608496881323,0,0.839285714285714,0.0599369085173502,0.0486956521739131,0.123992319297764,0,9.8,22.8
2017,REG,00-0028097,L.Smith,Lee Smith,TE,TE,"https://static.www.nfl.com/image/private/f_auto,q_auto/league/gcaqwhzrinlqicrljwlr",6,LV,0,0,0,0,0,0,0,0,0,0,0,0,,0,,,0,0,0,0,0,0,,0,8,11,76,0,0,0,57,32,4,2.33930380083621,0,1.33333333333333,0.0544554455445545,0.0486348122866894,0.115727536917514,0,7.6,15.6
2017,REG,00-0028112,C.Clay,Charles Clay,TE,TE,"https://static.www.nfl.com/image/private/f_auto,q_auto/league/gbfhfjn5cxtou5aazegt",13,BUF,0,0,0,0,0,0,0,0,0,0,0,0,,0,,,0,0,0,0,0,0,,0,49,74,558,2,1,0,512,265,29,8.53428105378599,0,1.08984375,0.200542005420054,0.171754444817175,0.421041119502104,0,67.8,116.8
2017,REG,00-0028116,A.Robinson,Aldrick Robinson,WR,WR,"https://static.www.nfl.com/image/private/f_auto,q_auto/league/lzdmahvzc7tm4pulh2sj",14,SF,0,0,0,0,0,0,0,0,0,0,0,0,,0,,,0,0,0,0,0,0,,0,19,48,260,2,0,0,524,45,12,-5.95581916230864,0,0.49618320610687,0.0895522388059701,0.119471044231646,0.217958089171108,0,38.0,57.0
2017,REG,00-0028118,T.Taylor,Tyrod Taylor,QB,QB,"https://static.www.nfl.com/image/private/f_auto,q_auto/league/qx6t1lqmc9ws9ledobzn",15,BUF,263,420,2799,14,4,46,256,3,2,3599,1231,134,4.03020964691217,0,0.777716032231175,0.0742027213085302,84,427,4,1,0,26,21.5225638407698,0,0,0,0,0,0,0,0,0,0,,0,,,,,0,222.66,222.66
2017,REG,00-0028130,M.Bosher,Matt Bosher,P,SPEC,"https://static.www.nfl.com/image/private/f_auto,q_auto/league/onuliab3wc9t56b9ghfg",1,ATL,0,0,0,0,0,0,0,0,0,0,0,0,,0,,,1,0,0,0,0,0,-2.4659443073906,0,0,0,0,0,0,0,0,0,0,,0,,,,,0,0.0,0.0
2017,REG,00-0028142,V.Green,Virgil Green,TE,TE,"https://static.www.nfl.com/image/private/f_auto,q_auto/league/wcdedz1qf7ybkujat6bu",11,DEN,0,0,0,0,0,0,0,0,0,0,0,0,,0,,,0,0,0,0,0,0,,0,14,22,191,1,0,0,175,92,7,3.27189514884958,0,1.09142857142857,0.0561224489795918,0.0524895020995801,0.120926324939094,0,25.1,39.1
2017,REG,00-0028237,C.Hogan,Chris Hogan,WR,WR,"https://static.www.nfl.com/image/private/f_auto,q_auto/league/fmpqnciwjqicsjzy63mc",9,NE,0,0,0,0,0,0,0,0,0,0,0,0,,0,,,3,17,0,0,0,1,-0.244613608811051,0,34,59,439,5,0,0,780,171,22,17.6838911094614,0,0.562820512820513,0.168571428571429,0.233602875112309,0.416379155435759,0,75.6,109.6
2017,REG,00-0028263,A.Holmes,Andre Holmes,WR,WR,"https://static.www.nfl.com/image/private/f_auto,q_auto/league/ujb4sism9jdte3o8ofve",10,BUF,0,0,0,0,0,0,0,0,0,0,0,0,,0,,,0,0,0,0,0,0,,0,13,23,120,3,0,0,308,11,10,8.64599719988643,0,0.38961038961039,0.0754098360655738,0.124696356275304,0.200402203491073,0,30.0,43.0
2017,REG,00-0028292,N.Bellore,Nick Bellore,ILB,LB,"https://static.www.nfl.com/image/private/f_auto,q_auto/league/nnmgkhi5d5xszkoyh4br",1,DET,0,0,0,0,0,0,0,0,0,0,0,0,,0,,,0,0,0,0,0,0,,0,1,1,1,1,0,0,0,1,1,0.944199098274112,0,0.0,0.0294117647058824,,,0,6.1,7.1
2017,REG,00-0028411,D.Inman,Dontrelle Inman,WR,WR,"https://static.www.nfl.com/image/private/f_auto,q_auto/league/josp2o2ri6tknqzt87qc",10,CHI,0,0,0,0,0,0,0,0,0,0,0,0,,0,,,0,0,0,0,0,0,,0,25,44,343,1,0,0,561,31,19,8.94254651898669,0,0.611408199643494,0.132530120481928,0.216101694915254,0.35006636716357,0,40.3,65.3
2017,REG,00-0028434,D.Baldwin,Doug Baldwin,WR,WR,"https://static.www.nfl.com/image/private/f_auto,q_auto/league/kccmcttfdtl7m3g49vb8",16,SEA,0,0,0,0,0,0,0,0,0,0,0,0,,0,,,2,-8,0,0,0,0,-2.84694556891918,0,75,116,991,8,0,0,1476,274,44,42.8192242265689,1,0.671409214092141,0.220532319391635,0.282056181922415,0.528237806433143,0,148.3,223.3
2017,REG,00-0028497,K.Aiken,Kamar Aiken,WR,WR,"https://static.www.nfl.com/image/private/f_auto,q_auto/league/u0fe10u5kbeyhe65spby",13,IND,0,0,0,0,0,0,0,0,0,0,0,0,,0,,,0,0,0,0,0,0,,0,15,44,133,0,0,0,417,47,7,-26.3421768741391,0,0.3189448441247,0.109452736318408,0.136676499508358,0.259852654133463,0,13.3,28.3
2017,REG,00-0028581,P.DiMarco,Patrick DiMarco,FB,RB,"https://static.www.nfl.com/image/private/f_auto,q_auto/league/chit1zcsfqaoqzkqc9eh",8,BUF,0,0,0,0,0,0,0,0,0,0,0,0,,0,,,2,-2,0,0,0,0,-3.80403227190254,0,7,10,28,0,0,0,21,10,0,-11.1885762856109,0,1.33333333333333,0.04739336492891,0.0149466192170819,0.0815526808453222,0,2.6,9.6
2017,REG,00-0028595,S.Tolzien,Scott Tolzien,QB,QB,"https://static.www.nfl.com/image/private/f_auto,q_auto/league/kt8ji3aejylpnpskeqzn",1,IND,9,18,128,0,2,4,29,1,0,165,72,5,-22.6156100803805,0,0.775757575757576,-0.0054818586854282,2,2,0,0,0,0,-0.36162001779303,0,0,0,0,0,0,0,0,0,0,,0,,,,,0,1.32,1.32
2017,REG,00-0028664,C.Jones,Chris Jones,P,SPEC,"https://static.www.nfl.com/image/private/f_auto,q_auto/league/c6kjlharechwayxq6fzk",1,DAL,0,0,0,0,0,0,0,0,0,0,0,0,,0,,,1,24,0,0,0,1,4.43070918740705,0,0,0,0,0,0,0,0,0,0,,0,,,,,0,2.4,2.4
2017,REG,00-0028702,C.Matthews,Chris Matthews,WR,WR,"https://static.www.nfl.com/image/private/f_auto,q_auto/league/yhaaa3gyqbin9feahr0v",3,BAL,0,0,0,0,0,0,0,0,0,0,0,0,,0,,,0,0,0,0,0,0,,0,3,6,25,0,0,0,39,5,2,-3.05435509351712,0,0.641025641025641,0.0521739130434783,0.0493670886075949,0.112817831590534,0,2.5,5.5
2017,REG,00-0028825,T.Pryor,Terrelle Pryor,WR,WR,"https://static.www.nfl.com/image/private/f_auto,q_auto/league/ac6blk5o4ztsr7hvtil9",8,WAS,0,0,0,0,0,0,0,0,0,0,0,0,,0,,,0,0,0,0,0,0,,0,20,37,240,1,0,0,400,58,15,8.43327744960636,0,0.6,0.139097744360902,0.209205020920502,0.355090131185705,0,30.0,50.0
2017,REG,00-0028872,J.Hekker,Johnny Hekker,P,SPEC,"https://static.www.nfl.com/image/private/f_auto,q_auto/league/rh1qt7cwusun5o56bwyh",3,LA,2,3,34,0,0,0,0,0,0,38,27,1,-1.25399285677122,0,0.894736842105263,,0,0,0,0,0,0,,0,0,0,0,0,0,0,0,0,0,,0,,,,,0,1.36,1.36
2017,REG,00-0028903,G.Celek,Garrett Celek,TE,TE,"https://static.www.nfl.com/image/private/f_auto,q_auto/league/hin5nyuakhpbngjhepty",13,SF,0,0,0,0,0,0,0,0,0,0,0,0,,0,,,0,0,0,0,0,0,,0,21,33,336,4,0,0,273,172,15,11.8093626255483,0,1.23076923076923,0.0679012345679012,0.0702160493827161,0.151003086419753,0,57.6,78.6
2017,REG,00-0028954,R.Golden,Robert Golden,SS,DB,"https://static.www.nfl.com/image/private/f_auto,q_auto/league/x34qsxf2ita6cddyhped",1,PIT,1,1,44,0,0,0,0,0,0,23,21,1,4.9709281558753,0,1.91304347826087,,0,0,0,0,0,0,,0,0,0,0,0,0,0,0,0,0,,0,,,,,0,1.76,1.76
2017,REG,00-0028957,A.Davis,Austin Davis,QB,QB,"https://static.www.nfl.com/image/private/f_auto,q_auto/league/wmquxjs1nuwferz7o9q2",1,SEA,0,0,0,0,0,0,0,0,0,0,0,0,,0,,,1,-1,0,0,0,0,0.0,0,0,0,0,0,0,0,0,0,0,,0,,,,,0,-0.1,-0.1
2017,REG,00-0028986,C.Keenum,Case Keenum,QB,QB,"https://static.www.nfl.com/image/private/f_auto,q_auto/league/tymwoe3wpwzln78uzbvu",15,MIN,325,481,3547,22,7,22,136,1,1,3641,1830,179,57.2296270781184,1,0.974182916781104,0.131350706050191,40,160,1,0,0,13,-1.23717690451304,0,0,0,0,0,0,0,0,0,0,,0,,,,,0,237.88,237.88
2017,REG,00-0028987,P.Supernaw,Phillip Supernaw,TE,TE,"https://static.www.nfl.com/image/private/f_auto,q_auto/league/wltyuqbgmkisakjqkua5",5,TEN,0,0,0,0,0,0,0,0,0,0,0,0,,0,,,0,0,0,0,0,0,,0,4,6,39,1,0,0,34,15,2,-5.65076331538148,0,1.14705882352941,0.0410958904109589,0.0335305719921105,0.0851152360109157,0,9.9,13.9
2017,REG,00-0029000,C.Beasley,Cole Beasley,WR,WR,"https://static.www.nfl.com/image/private/f_auto,q_auto/league/y5r0fhwctl6ljwvmktvu",15,DAL,0,0,0,0,0,0,0,0,0,0,0,0,,0,,,0,0,0,0,0,0,,0,36,63,314,4,0,0,392,125,20,-17.0826563416762,0,0.801020408163265,0.138461538461538,0.107338444687842,0.282829218973797,0,55.4,91.4
2017,REG,00-0029004,L.Dunbar,Lance Dunbar,RB,RB,"https://static.www.nfl.com/image/private/f_auto,q_auto/league/mwxzuvjfvoecnoze3aty",2,LA,0,0,0,0,0,0,0,0,0,0,0,0,,0,,,11,51,1,0,0,4,2.49456162453862,0,1,3,1,0,0,0,6,1,0,-1.74561142030871,0,0.166666666666667,0.0428571428571429,0.0119760479041916,0.0726689478186484,0,11.2,12.2
2017,REG,00-0029033,G.Whalen,Griff Whalen,WR,WR,"https://static.www.nfl.com/image/private/f_auto,q_auto/league/zx4nnnnmgl0kvguwpiuz",1,BAL,0,0,0,0,0,0,0,0,0,0,0,0,,0,,,0,0,0,0,0,0,,0,4,6,23,0,0,0,61,2,0,-0.894378620840143,0,0.377049180327869,0.153846153846154,0.257383966244726,0.410938007140539,0,2.3,6.3
2017,REG,00-0029068,D.Coleman,Derrick Coleman,FB,RB,"https://static.www.nfl.com/image/private/f_auto,q_auto/league/jmgzlxi6qlrvvyrzkuh2",7,ATL,0,0,0,0,0,0,0,0,0,0,0,0,,0,,,2,8,0,0,0,0,-1.77638586278772,0,2,7,20,0,0,0,28,17,1,-1.27569231565576,0,0.714285714285714,0.0336538461538462,0.0146673651126244,0.0607479248096063,0,2.8,4.8
2017,REG,00-0029119,D.Carrier,Derek Carrier,TE,TE,"https://static.www.nfl.com/image/private/f_auto,q_auto/league/fohbnjxhixammxtonhnd",8,LA,0,0,0,0,0,0,0,0,0,0,0,0,,0,,,0,0,0,0,0,0,,0,8,11,71,0,0,0,31,50,4,-1.36667446157662,0,2.29032258064516,0.0478260869565217,0.0191831683168317,0.0851673482565648,0,7.1,15.1
2017,REG,00-0029123,M.King,Marquette King,P,SPEC,"https://static.www.nfl.com/image/private/f_auto,q_auto/league/jmklxv5zzm4vquaemfc1",2,LV,0,0,0,0,0,0,0,0,0,0,0,0,,0,,,2,-14,0,0,0,0,-7.46817370166536,0,0,0,0,0,0,0,0,0,0,,0,,,,,0,-1.4,-1.4
2017,REG,00-0029137,A.Jeffery,Alshon Jeffery,WR,WR,"https://static.www.nfl.com/image/private/f_auto,q_auto/league/qrbsgwhzlsmwgkdfjryh",16,PHI,0,0,0,0,0,0,0,0,0,0,0,0,,0,,,0,0,0,0,0,0,,0,57,120,789,9,0,0,1654,203,44,28.8594583537721,3,0.477025392986699,0.215827338129496,0.314987621405447,0.544232342178057,0,138.9,195.9
2017,REG,00-0029141,A.Morris,Alfred Morris,RB,RB,"https://static.www.nfl.com/image/private/f_auto,q_auto/league/igrm4hy4pishp4rdamin",13,DAL,0,0,0,0,0,0,0,0,0,0,0,0,,0,,,115,547,1,0,0,25,1.09240020435594,0,7,9,45,0,0,0,1,44,1,0.770049752434716,0,45.0,0.0538922155688623,0.0012285012285012,0.0816982742132443,0,65.2,72.2
2017,REG,00-0029159,J.Kearse,Jermaine Kearse,WR,WR,"https://static.www.nfl.com/image/private/f_auto,q_auto/league/tvnzajvst7kdglamw4t6",16,NYJ,0,0,0,0,0,0,0,0,0,0,0,0,,0,,,0,0,0,0,0,0,,0,65,102,810,5,1,0,963,295,37,26.3875919937047,0,0.841121495327103,0.205645161290323,0.246923076923077,0.481313895781638,0,111.0,176.0
2017,REG,00-0029205,T.Cadet,Travaris Cadet,RB,RB,"https://static.www.nfl.com/image/private/f_auto,q_auto/league/gj0pjzj0zzefpabtuki1",7,BUF,0,0,0,0,0,0,0,0,0,0,0,0,,0,,,23,96,0,0,0,6,-0.438194997841492,0,16,19,119,0,0,0,69,86,3,0.058855448339848,0,1.72463768115942,0.0892018779342723,0.0348484848484849,0.158196756295348,0,21.5,37.5
2017,REG,00-0029239,B.Bolden,Brandon Bolden,RB,RB,"https://static.www.nfl.com/image/private/f_auto,q_auto/league/kqqwz35z9brhkzbs4bcn",3,NE,0,0,0,0,0,0,0,0,0,0,0,0,,0,,,13,67,0,0,0,3,-0.073770881339442,0,1,4,7,0,0,0,-5,13,1,-1.06766198389232,0,-1.4,0.102564102564103,-0.0138504155124654,0.144150862987428,0,7.4,8.4
2017,REG,00-0029263,R.Wilson,Russell Wilson,QB,QB,"https://static.www.nfl.com/image/private/f_auto,q_auto/league/gebzv2aljujgleboe4ns",16,SEA,339,553,3983,34,11,43,322,8,3,5411,1599,183,27.8411228885044,2,0.736093143596378,0.10607257819579,95,586,3,6,0,35,28.5696867908231,0,0,0,0,0,0,0,0,0,0,,0,,,,,0,347.92,347.92
2017,REG,00-0029269,T.Benjamin,Travis Benjamin,WR,WR,"https://static.www.nfl.com/image/private/f_auto,q_auto/league/io9silocxbywvisvcvpx",16,LAC,0,0,0,0,0,0,0,0,0,0,0,0,,0,,,13,96,0,0,0,5,5.28383734321687,0,34,65,567,4,0,0,1012,210,20,12.64121052259,0,0.560276679841897,0.113438045375218,0.212515749685006,0.318918092842332,1,96.3,130.3
2017,REG,00-0029273,R.Turbin,Robert Turbin,RB,RB,"https://static.www.nfl.com/image/private/f_auto,q_auto/league/vkqpomzfvo7kei1729jm",6,IND,0,0,0,0,0,0,0,0,0,0,0,0,,0,,,23,53,1,0,0,9,-0.947421456983077,0,9,11,56,0,0,0,-11,69,3,-1.11780323165545,0,-5.09090909090909,0.0733333333333333,-0.009927797833935,0.103050541516245,0,16.9,25.9
2017,REG,00-0029293,M.Jones,Marvin Jones,WR,WR,"https://static.www.nfl.com/image/private/f_auto,q_auto/league/ciy9sxefmcnwjw7ln3h2",16,DET,0,0,0,0,0,0,0,0,0,0,0,0,,0,,,0,0,0,0,0,0,,0,61,107,1101,9,0,0,1624,195,44,58.8640876648586,0,0.677955665024631,0.189380530973451,0.359610274579274,0.535797988665669,0,164.1,225.1
2017,REG,00-0029304,B.Nortman,Brad Nortman,P,SPEC,"https://static.www.nfl.com/image/private/f_auto,q_auto/league/aps6fvcgwuqcpsnlkcy5",1,JAX,1,1,29,0,0,0,0,0,0,8,21,1,4.49339229252655,0,3.625,,0,0,0,0,0,0,,0,0,0,0,0,0,0,0,0,0,,0,,,,,0,1.16,1.16
2017,REG,00-0029319,J.Bellamy,Josh Bellamy,WR,WR,"https://static.www.nfl.com/image/private/f_auto,q_auto/league/kgyz7lr35xl5j7oxjwlw",9,CHI,0,0,0,0,0,0,0,0,0,0,0,0,,0,,,1,6,0,0,0,0,0.281774026574567,0,24,46,376,1,0,0,574,116,17,9.66750995947772,0,0.655052264808362,0.151315789473684,0.270754716981132,0.416501986097319,0,44.2,68.2
2017,REG,00-0029336,B.Golden,Brittan Golden,WR,WR,"https://static.www.nfl.com/image/private/f_auto,q_auto/league/ccqjg5sjhxmgmsvraig5",4,ARI,0,0,0,0,0,0,0,0,0,0,0,0,,0,,,0,0,0,0,0,0,,0,5,9,70,0,0,0,63,49,3,-0.845507926625718,0,1.11111111111111,0.06,0.0449678800856531,0.121477516059957,0,7.0,12.0
2017,REG,00-0029384,B.Rainey,Bobby Rainey,RB,RB,"https://static.www.nfl.com/image/private/f_auto,q_auto/league/vf2lmyxgjhrah1hfed1x",3,BAL,0,0,0,0,0,0,0,0,0,0,0,0,,0,,,1,2,0,0,0,0,-0.534841666929424,0,5,7,18,0,0,0,-10,34,1,-2.8561488315926,0,-1.8,0.053030303030303,-0.0104384133611691,0.0722385651926362,1,8.0,13.0
2017,REG,00-0029388,D.Thompson,Deonte Thompson,WR,WR,"https://static.www.nfl.com/image/private/f_auto,q_auto/league/bvfgozqccoo627wuitkb",15,BUF,0,0,0,0,0,0,0,0,0,0,0,0,,0,,,2,-5,0,0,0,0,-1.93904819898307,0,38,69,555,2,0,0,1006,101,25,8.90263946795426,0,0.55168986083499,0.145569620253165,0.255135683489729,0.396949408822557,0,67.0,105.0
2017,REG,00-0029391,S.McGrath,Sean McGrath,TE,TE,"https://static.www.nfl.com/image/private/f_auto,q_auto/league/cuxa874rsldhqt5rver9",3,LAC,0,0,0,0,0,0,0,0,0,0,0,0,,0,,,0,0,0,0,0,0,,0,4,4,46,0,0,0,30,16,3,3.56480844353791,0,1.53333333333333,0.0350877192982456,0.031813361611877,0.0749009320756823,0,4.6,8.6
2017,REG,00-0029394,B.Bersin,Brenton Bersin,WR,WR,"https://static.www.nfl.com/image/private/f_auto,q_auto/league/gjkirn3lffpdr7gn8ars",6,CAR,0,0,0,0,0,0,0,0,0,0,0,0,,0,,,0,0,0,0,0,0,,0,8,14,128,0,0,0,205,16,6,-1.83739110353054,0,0.624390243902439,0.0809248554913295,0.130573248407643,0.212788557122345,0,12.8,20.8
2017,REG,00-0029414,O.Charles,Orson Charles,TE,TE,"https://static.www.nfl.com/image/private/f_auto,q_auto/league/shbtvc2u3xznv47nzvm2",2,KC,0,0,0,0,0,0,0,0,0,0,0,0,,0,,,0,0,0,0,0,0,,0,2,2,53,0,0,0,44,9,1,2.83715980499983,0,1.20454545454545,0.0289855072463768,0.0984340044742729,0.112382064001556,0,5.3,7.3
2017,REG,00-0029492,J.Olawale,Jamize Olawale,FB,RB,"https://static.www.nfl.com/image/private/f_auto,q_auto/league/dp7xdilrkk9f2i5ovne9",6,LV,0,0,0,0,0,0,0,0,0,0,0,0,,0,,,9,43,1,1,0,5,3.07236009908957,0,6,7,33,0,0,0,11,24,1,0.665538721135818,0,3.0,0.0409356725146199,0.0062182023742227,0.0657562504338857,0,13.6,19.6
2017,REG,00-0029493,R.Quigley,Ryan Quigley,P,SPEC,"https://static.www.nfl.com/image/private/f_auto,q_auto/league/x4iusmtkekesjjq4rcvn",1,MIN,0,1,0,0,0,0,0,0,0,-1,0,0,-2.66400268184952,0,0.0,,0,0,0,0,0,0,,0,0,0,0,0,0,0,0,0,0,,0,,,,,0,0.0,0.0
2017,REG,00-0029567,N.Foles,Nick Foles,QB,QB,"https://static.www.nfl.com/image/private/f_auto,q_auto/league/dxuz2ir773wylutxo7zs",7,PHI,57,101,537,5,2,5,44,3,1,825,241,29,-16.7651802076606,0,0.650909090909091,0.0064063545370555,11,3,0,3,1,1,-10.7735705049708,0,0,0,0,0,0,0,0,0,0,,0,,,,,0,33.78,33.78
2017,REG,00-0029570,N.Ebner,Nate Ebner,SS,DB,"https://static.www.nfl.com/image/private/f_auto,q_auto/league/ygwdsa4xsqilgkgs5uk9",1,NE,0,0,0,0,0,0,0,0,0,0,0,0,,0,,,1,14,0,1,0,1,3.56437820545398,0,0,0,0,0,0,0,0,0,0,,0,,,,,0,1.4,1.4
2017,REG,00-0029572,J.Wright,Jarius Wright,WR,WR,"https://static.www.nfl.com/image/private/f_auto,q_auto/league/f4xgfra44cd6qjy6havp",12,MIN,0,0,0,0,0,0,0,0,0,0,0,0,,0,,,0,0,0,0,0,0,,0,18,25,198,2,0,0,190,86,13,11.4253654495358,0,1.04210526315789,0.0632911392405063,0.0714554343738248,0.144955512922437,0,31.8,49.8
2017,REG,00-0029580,R.Matthews,Rishard Matthews,WR,WR,"https://static.www.nfl.com/image/private/f_auto,q_auto/league/fr7nzgwarzuorvi8cvlc",14,TEN,0,0,0,0,0,0,0,0,0,0,0,0,,0,,,1,-3,0,0,0,0,-0.990694541949779,0,53,87,795,4,0,0,1023,277,36,16.8284906444606,0,0.777126099706745,0.198177676537585,0.258725341426404,0.478374253804861,0,103.2,156.2
2017,REG,00-0029587,R.Ellison,Rhett Ellison,TE,TE,"https://static.www.nfl.com/image/private/f_auto,q_auto/league/pqvmhpdoritjtp8ng7ep",12,NYG,0,0,0,0,0,0,0,0,0,0,0,0,,0,,,0,0,0,0,0,0,,0,24,32,235,2,0,0,163,131,13,12.425078690605,0,1.44171779141104,0.072234762979684,0.0497557997557998,0.143181204298586,0,35.5,59.5
2017,REG,00-0029592,K.Zeitler,Kevin Zeitler,G,OL,"https://static.www.nfl.com/image/private/f_auto,q_auto/league/cvcb1r6cm3cprvdiyaef",1,CLE,0,0,0,0,0,0,0,0,0,0,0,0,,0,,,0,0,0,0,0,0,,0,1,1,-4,0,0,0,-4,0,0,-0.596557571669109,0,0.0,0.0217391304347826,-0.0086206896551724,0.0265742128935532,0,-0.4,0.6
2017,REG,00-0029604,K.Cousins,Kirk Cousins,QB,QB,"https://static.www.nfl.com/image/private/f_auto,q_auto/league/viuxnyezrwdfjnxsfssb",16,WAS,347,540,4093,27,13,41,342,6,4,4153,2140,191,16.4492996373709,0,0.985552612569227,0.0789431557045854,49,179,4,7,1,17,1.74162639011668,0,0,0,0,0,0,0,0,0,0,,0,,,,,0,277.62,277.62
2017,REG,00-0029608,T.Hilton,T.Y. Hilton,WR,WR,"https://static.www.nfl.com/image/private/f_auto,q_auto/league/b8kor0sgeynyd8u8cush",16,IND,0,0,0,0,0,0,0,0,0,0,0,0,,0,,,0,0,0,0,0,0,,0,57,109,966,4,2,1,1390,304,38,13.0086266852221,0,0.694964028776978,0.230932203389831,0.391549295774648,0.620482812126999,0,118.6,175.6
2017,REG,00-0029613,D.Martin,Doug Martin,RB,RB,"https://static.www.nfl.com/image/private/f_auto,q_auto/league/lhazttk4tjpi7ggf7du4",11,TB,0,0,0,0,0,0,0,0,0,0,0,0,,0,,,138,406,3,1,1,21,-30.2363821125497,1,9,18,84,0,0,0,51,60,6,-1.58774496620754,0,1.64705882352941,0.0656934306569343,0.018033946251768,0.111163908361639,0,67.0,76.0
2017,REG,00-0029615,L.Miller,Lamar Miller,RB,RB,"https://static.www.nfl.com/image/private/f_auto,q_auto/league/vqxh6ynpmczzfyl9kcgq",16,HOU,0,0,0,0,0,0,0,0,0,0,0,0,,0,,,238,888,3,1,0,43,-28.405613267115,0,36,45,327,3,0,0,61,295,17,13.1018030129416,0,5.36065573770492,0.0912778904665314,0.0130789022298456,0.146072067260689,0,157.5,193.5
2017,REG,00-0029632,M.Sanu,Mohamed Sanu,WR,WR,"https://static.www.nfl.com/image/private/f_auto,q_auto/league/a6loroqhta6g65aqnsrk",15,ATL,1,1,51,1,0,0,0,0,0,51,0,1,4.45806786720641,0,1.0,,4,10,0,0,0,3,0.671347006136784,0,67,96,703,5,0,0,746,245,41,17.7692793069216,0,0.942359249329759,0.198757763975155,0.172286374133949,0.418737107856497,0,107.34,174.34
2017,REG,00-0029634,J.Hanna,James Hanna,TE,TE,"https://static.www.nfl.com/image/private/f_auto,q_auto/league/rtnxe02klclu847zqbdq",7,DAL,0,0,0,0,0,0,0,0,0,0,0,0,,0,,,0,0,0,0,0,0,,0,4,9,88,1,0,0,88,29,4,4.89566110807937,0,1.0,0.0409090909090909,0.0471092077087794,0.094340081759782,0,14.8,18.8
2017,REG,00-0029638,M.Floyd,Michael Floyd,WR,WR,"https://static.www.nfl.com/image/private/f_auto,q_auto/league/lisxjuyoo7hiux1ac4jb",10,MIN,0,0,0,0,0,0,0,0,0,0,0,0,,0,,,0,0,0,0,0,0,,0,10,17,78,0,0,0,125,34,3,-7.56104504928226,0,0.624,0.0515151515151515,0.054159445407279,0.115184339057823,0,7.8,17.8
2017,REG,00-0029640,B.Quick,Brian Quick,WR,WR,"https://static.www.nfl.com/image/private/f_auto,q_auto/league/tayczwuhluj2hyrva3cp",5,WAS,0,0,0,0,0,0,0,0,0,0,0,0,,0,,,0,0,0,0,0,0,,0,6,8,76,0,0,0,55,27,5,4.95370181812905,0,1.38181818181818,0.0467836257309942,0.0350541746335245,0.0947133608399584,0,7.6,13.6
2017,REG,00-0029664,J.Gordon,Josh Gordon,WR,WR,"https://static.www.nfl.com/image/private/f_auto,q_auto/league/wwqz2ujrj7wp86tyaxof",5,CLE,0,0,0,0,0,0,0,0,0,0,0,0,,0,,,0,0,0,0,0,0,,0,18,42,335,1,0,0,699,123,12,3.63184870761708,0,0.479256080114449,0.257668711656442,0.467871485943775,0.714013107645305,0,39.5,57.5
2017,REG,00-0029682,B.Osweiler,Brock Osweiler,QB,QB,"https://static.www.nfl.com/image/private/f_auto,q_auto/league/pwkmtgeitdi79qtumb2x",6,DEN,96,172,1088,5,5,10,64,2,1,1326,507,53,-22.6489439581501,2,0.82051282051282,0.0020736980559632,14,64,1,0,0,3,4.59125457546907,0,0,0,0,0,0,0,0,0,0,,0,,,,,0,67.92,67.92
2017,REG,00-0029689,D.Allen,Dwayne Allen,TE,TE,"https://static.www.nfl.com/image/private/f_auto,q_auto/league/wduwt0ibzoutozuywe4b",12,NE,0,0,0,0,0,0,0,0,0,0,0,0,,0,,,0,0,0,0,0,0,,0,10,22,86,1,0,0,157,64,5,-1.0693524251692,0,0.547770700636943,0.0511627906976744,0.0393878575012544,0.10431568629739,0,14.6,24.6
2017,REG,00-0029697,C.Fleener,Coby Fleener,TE,TE,"https://static.www.nfl.com/image/private/f_auto,q_auto/league/csj8khi0e2rpkvqqjmc1",11,NO,0,0,0,0,0,0,0,0,0,0,0,0,,0,,,0,0,0,0,0,0,,0,22,30,295,2,0,0,229,111,13,18.2360675357922,0,1.2882096069869,0.0817438692098093,0.0937372083503889,0.188231849659986,0,41.5,63.5
2017,REG,00-0029708,K.Wright,Kendall Wright,WR,WR,"https://static.www.nfl.com/image/private/f_auto,q_auto/league/edsrjypqphqpfqezc5k9",14,CHI,0,0,0,0,0,0,0,0,0,0,0,0,,0,,,0,0,0,0,0,0,,0,59,91,614,1,0,0,707,182,33,16.9300144297446,0,0.868458274398869,0.206818181818182,0.2176054170514,0.462551064663253,0,67.4,126.4
2017,REG,00-0029731,F.Whittaker,Fozzy Whittaker,RB,RB,"https://static.www.nfl.com/image/private/f_auto,q_auto/league/lyk6elzqjynnxbxe6qlr",8,CAR,0,0,0,0,0,0,0,0,0,0,0,0,,0,,,7,18,0,0,0,2,-2.03767826815601,0,5,6,47,1,0,0,-5,59,1,1.52054414426675,0,-9.4,0.0540540540540541,-0.0049751243781094,0.0775984940164045,0,12.5,17.5
2017,REG,00-0029738,D.Fells,Darren Fells,TE,TE,"https://static.www.nfl.com/image/private/f_auto,q_auto/league/eh0rbweg4wbzgzpvprnv",13,DET,0,0,0,0,0,0,0,0,0,0,0,0,,0,,,0,0,0,0,0,0,,0,17,26,177,3,0,0,116,122,12,10.0634411298793,0,1.52586206896552,0.0566448801742919,0.0328054298642534,0.107931121166415,0,35.7,52.7
2017,REG,00-0029740,I.Momah,Ifeanyi Momah,TE,TE,"https://static.www.nfl.com/image/private/f_auto,q_auto/league/fy1rhydnhklwwof45gm9",1,ARI,0,0,0,0,0,0,0,0,0,0,0,0,,0,,,0,0,0,0,0,0,,0,1,2,46,0,0,0,32,23,1,2.45723528135568,0,1.4375,0.0555555555555556,0.076555023923445,0.136921850079745,0,4.6,5.6
2017,REG,00-0029793,B.Williams,Brandon Williams,TE,TE,"https://static.www.nfl.com/image/private/f_auto,q_auto/league/ozqjjoxr1sukcx2207hd",9,IND,0,0,0,0,0,0,0,0,0,0,0,0,,0,,,0,0,0,0,0,0,,0,13,17,121,0,0,0,87,78,4,3.38999549119035,0,1.39080459770115,0.062962962962963,0.0407685098406748,0.122982401332917,0,12.1,25.1
2017,REG,00-0029795,B.Cunningham,Benny Cunningham,RB,RB,"https://static.www.nfl.com/image/private/f_auto,q_auto/league/yo9hvf3gnoxj7prmruo8",11,CHI,0,0,0,0,0,0,0,0,0,0,0,0,,0,,,9,29,0,0,0,1,-1.80317514564376,0,20,26,240,2,1,0,-14,243,9,6.1313526801567,0,-17.1428571428571,0.0833333333333333,-0.0065116279069767,0.120441860465116,0,38.9,58.9
2017,REG,00-0029848,N.Williams,Nick Williams,WR,WR,"https://static.www.nfl.com/image/private/f_auto,q_auto/league/xzbqirh5sxfjtmmnrupw",1,ATL,0,0,0,0,0,0,0,0,0,0,0,0,,0,,,0,0,0,0,0,0,,0,3,4,30,0,0,0,46,5,3,0.269651658600196,0,0.652173913043478,0.0952380952380952,0.121372031662269,0.227817565020731,0,3.0,6.0
2017,REG,00-0029854,C.Anderson,C.J. Anderson,RB,RB,"https://static.www.nfl.com/image/private/f_auto,q_auto/league/jqqdxuowpdgl06zy0g0a",16,DEN,0,0,0,0,0,0,0,0,0,0,0,0,,0,,,245,1007,3,1,1,47,-24.0179941053345,0,28,40,224,1,0,0,54,215,7,-0.94074349978797,1,4.14814814814815,0.0862068965517242,0.0151218146177541,0.139895615060014,0,147.1,175.1
2017,REG,00-0029878,M.Gray,MarQueis Gray,TE,TE,"https://static.www.nfl.com/image/private/f_auto,q_auto/league/pbuxaz8hy9fxow3zq5sr",6,MIA,0,1,0,0,0,0,0,0,0,5,0,0,-0.369192156940699,0,0.0,,5,14,0,0,0,3,1.76415509791696,0,1,3,10,0,0,0,15,9,1,-0.399992514634505,0,0.666666666666667,0.03125,0.0185643564356436,0.0598700495049505,0,2.4,3.4
2017,REG,00-0029892,K.Juszczyk,Kyle Juszczyk,FB,RB,"https://static.www.nfl.com/image/private/f_auto,q_auto/league/eqb3lq4bip6oa5kiz1ze",13,SF,0,0,0,0,0,0,0,0,0,0,0,0,,0,,,7,31,0,0,0,4,-1.92488244001288,0,33,42,315,1,2,2,158,207,13,1.08625012844264,0,1.99367088607595,0.0927152317880795,0.0413937647367042,0.168048482997812,0,36.6,69.6
2017,REG,00-0029931,Z.Line,Zach Line,FB,RB,"https://static.www.nfl.com/image/private/f_auto,q_auto/league/dddfiilg9qy54xtorb6r",7,NO,0,0,0,0,0,0,0,0,0,0,0,0,,0,,,7,28,0,0,0,5,1.4399227797403,0,2,5,8,1,0,0,23,2,1,-0.704975099128205,0,0.347826086956522,0.0373134328358209,0.0519187358916479,0.0923132643778848,0,9.6,11.6
2017,REG,00-0030035,A.Thielen,Adam Thielen,WR,WR,"https://static.www.nfl.com/image/private/f_auto,q_auto/league/kmldtl8p9h7h5dzvkwsw",16,MIN,0,0,0,0,0,0,0,0,0,0,0,0,,0,,,1,11,0,0,0,1,1.23587177786976,0,91,142,1276,4,3,2,1496,447,59,41.0524769084853,0,0.852941176470588,0.272552783109405,0.378446749304326,0.673741899177136,0,148.7,239.7
2017,REG,00-0030061,Z.Ertz,Zach Ertz,TE,TE,"https://static.www.nfl.com/image/private/f_auto,q_auto/league/t7my0kesdhb2iefvempm",14,PHI,0,0,0,0,0,0,0,0,0,0,0,0,,0,,,0,0,0,0,0,0,,0,74,110,824,8,1,1,862,243,46,27.5699296028992,0,0.955916473317865,0.230607966457023,0.191385435168739,0.479881754303652,0,128.4,202.4
2017,REG,00-0030068,M.Goodwin,Marquise Goodwin,WR,WR,"https://static.www.nfl.com/image/upload/f_auto,q_auto/league/cof5bbih1o9dtnonwmjp",16,SF,0,0,0,0,0,0,0,0,0,0,0,0,,0,,,4,44,0,0,0,3,2.58319648634642,0,56,105,962,2,0,0,1544,198,46,30.6169132552635,0,0.623056994818653,0.175292153589316,0.322405512633118,0.488622089227156,0,112.6,168.6
2017,REG,00-0030085,K.Stills,Kenny Stills,WR,WR,"https://static.www.nfl.com/image/private/f_auto,q_auto/league/wswn6tehkzj8mdfbablx",16,MIA,0,0,0,0,0,0,0,0,0,0,0,0,,0,,,0,0,0,0,0,0,,0,58,105,847,6,4,2,1555,159,36,14.644295740571,0,0.544694533762058,0.178571428571429,0.33198121263877,0.500243991704282,0,116.7,174.7
2017,REG,00-0030089,L.Willson,Luke Willson,TE,TE,"https://static.www.nfl.com/image/private/f_auto,q_auto/league/a6zcpjyfusebcm8i3w2w",13,SEA,0,0,0,0,0,0,0,0,0,0,0,0,,0,,,0,0,0,0,0,0,,0,15,22,153,4,0,0,155,90,8,-4.3654288704271,0,0.987096774193548,0.0504587155963303,0.0371168582375479,0.101669874160779,0,39.3,54.3
2017,REG,00-0030091,T.King,Tavarres King,WR,WR,"https://static.www.nfl.com/image/private/f_auto,q_auto/league/yfkwzczsoeihruafz1kg",8,NYG,0,0,0,0,0,0,0,0,0,0,0,0,,0,,,2,3,0,0,0,1,-0.398764297831804,0,18,37,240,3,0,0,462,78,11,4.37655797895137,0,0.51948051948052,0.130742049469965,0.231927710843374,0.358462471795308,0,42.3,60.3
2017,REG,00-0030107,T.Riddick,Theo Riddick,RB,RB,"https://static.www.nfl.com/image/private/f_auto,q_auto/league/aptuag5ocazmionhvnt6",16,DET,0,0,0,0,0,0,0,0,0,0,0,0,,0,,,84,286,3,1,1,11,-17.6283032624051,0,53,71,444,2,0,0,69,435,20,-3.01290163796128,0,6.43478260869565,0.125663716814159,0.0152790079716563,0.199190880801398,0,101.0,154.0
2017,REG,00-0030108,R.Griffin,Ryan Griffin,TE,TE,"https://static.www.nfl.com/image/private/f_auto,q_auto/league/izjfxtmk2dhzhrlwpt9g",6,HOU,0,0,0,0,0,0,0,0,0,0,0,0,,0,,,0,0,0,0,0,0,,0,13,26,158,1,0,0,255,77,8,4.44226853672105,1,0.619607843137255,0.136125654450262,0.118110236220472,0.286865647029723,0,23.8,36.8
2017,REG,00-0030112,T.Bohanon,Tommy Bohanon,FB,RB,"https://static.www.nfl.com/image/private/f_auto,q_auto/league/lmoesdqqzu6v8rmnyqlk",9,JAX,0,0,0,0,0,0,0,0,0,0,0,0,,0,,,5,5,2,0,0,2,-3.34091272921069,0,6,11,43,1,0,0,22,28,3,0.152487433690112,0,1.95454545454545,0.0466101694915254,0.0119760479041916,0.0782984877702223,0,22.8,28.8
2017,REG,00-0030117,K.Williams,Kerwynn Williams,RB,RB,"https://static.www.nfl.com/image/private/f_auto,q_auto/league/g8b72moacoymckyvl0ig",15,ARI,0,0,0,0,0,0,0,0,0,0,0,0,,0,,,120,426,1,0,0,20,-18.1543717346313,0,10,15,93,0,0,0,119,46,6,-3.50875181876472,0,0.781512605042017,0.0449101796407186,0.0395217535702424,0.0950304969602476,0,57.9,67.9
2017,REG,00-0030147,R.Shepard,Russell Shepard,WR,WR,"https://static.www.nfl.com/image/private/f_auto,q_auto/league/gk2saq7m1jxl90g9slks",12,CAR,0,0,0,0,0,0,0,0,0,0,0,0,,0,,,2,19,0,0,0,1,1.16335874208016,0,17,32,202,1,1,0,266,106,10,3.85825829213481,0,0.759398496240602,0.0909090909090909,0.100339494530366,0.206601282534893,0,28.1,45.1
2017,REG,00-0030151,T.Bray,Tyler Bray,QB,QB,"https://static.www.nfl.com/image/private/f_auto,q_auto/league/hlzuryxbamsj6di3q6ps",1,KC,0,1,0,0,0,0,0,0,0,5,0,0,-1.15612140484154,0,0.0,,1,0,0,1,1,0,-9.13074888614938,0,0,0,0,0,0,0,0,0,0,,0,,,,,0,-2.0,-2.0
2017,REG,00-0030155,D.Harris,Demetrius Harris,TE,TE,"https://static.www.nfl.com/image/private/f_auto,q_auto/league/nlajcnjlosuajmqswxvl",13,KC,0,0,0,0,0,0,0,0,0,0,0,0,,0,,,0,0,0,0,0,0,,0,18,35,224,1,0,0,261,129,11,6.27642359644,0,0.85823754789272,0.078125,0.0748709122203098,0.169597138554217,0,28.4,46.4
2017,REG,00-0030181,J.Doyle,Jack Doyle,TE,TE,"https://static.www.nfl.com/image/private/f_auto,q_auto/league/h6abyvmg2g93llboizi6",15,IND,0,0,0,0,0,0,0,0,0,0,0,0,,0,,,0,0,0,0,0,0,,0,80,108,690,4,2,2,533,337,34,3.44918456863668,0,1.29455909943715,0.246013667425968,0.168831168831169,0.48720231932077,0,89.0,169.0
2017,REG,00-0030216,J.Hill,Josh Hill,TE,TE,"https://static.www.nfl.com/image/private/f_auto,q_auto/league/vdva7m1fxklv6gxbsg7q",10,NO,0,0,0,0,0,0,0,0,0,0,0,0,,0,,,1,-8,0,0,0,0,-1.55164322722703,0,16,22,125,1,2,2,86,88,4,-13.8172774620471,0,1.45348837209302,0.0676923076923077,0.0402245088868101,0.129695617759229,0,13.7,29.7
2017,REG,00-0030279,K.Allen,Keenan Allen,WR,WR,"https://static.www.nfl.com/image/private/f_auto,q_auto/league/xs7h2igf85nta81v7zb8",16,LAC,0,0,0,0,0,0,0,0,0,0,0,0,,0,,,2,9,0,0,0,0,0.187914902810007,0,102,159,1393,6,1,0,1434,501,74,61.4177150944593,0,0.971408647140865,0.277486910994764,0.301133977320454,0.627024150616464,0,176.2,278.2
2017,REG,00-0030287,A.Ellington,Andre Ellington,RB,RB,"https://static.www.nfl.com/image/private/f_auto,q_auto/league/seb6k3tjdcgi8tqmzt2z",11,HOU,0,0,0,0,0,0,0,0,0,0,0,0,,0,,,20,55,1,0,0,3,-4.83361609159501,0,39,59,369,0,0,0,260,233,16,-9.3539569794872,0,1.41923076923077,0.136574074074074,0.0677436164669099,0.252281642637948,0,48.4,87.4
2017,REG,00-0030288,R.Burkhead,Rex Burkhead,RB,RB,"https://static.www.nfl.com/image/private/f_auto,q_auto/league/ysgdnkasvp07qmrkasve",10,NE,0,0,0,0,0,0,0,0,0,0,0,0,,0,,,64,264,5,1,0,14,2.02909129328327,0,30,36,254,3,0,0,113,184,13,13.0203209248371,0,2.24778761061947,0.100278551532033,0.0345143555284056,0.174577876167934,0,99.8,129.8
2017,REG,00-0030290,C.Hamilton,Cobi Hamilton,WR,WR,"https://static.www.nfl.com/image/private/f_auto,q_auto/league/fslk4pbx1mtdjdl5zk9g",2,HOU,0,0,0,0,0,0,0,0,0,0,0,0,,0,,,0,0,0,0,0,0,,0,1,6,8,0,0,0,68,4,1,-2.50981252946076,0,0.117647058823529,0.115384615384615,0.129277566539924,0.26357121965487,0,0.8,1.8
2017,REG,00-0030300,J.Brown,Jaron Brown,WR,WR,"https://static.www.nfl.com/image/private/f_auto,q_auto/league/y41u4egwigms9rg2p3ln",14,ARI,0,0,0,0,0,0,0,0,0,0,0,0,,0,,,0,0,0,0,0,0,,0,31,69,477,4,0,0,1044,91,23,7.28885566914371,0,0.456896551724138,0.134502923976608,0.212108898821617,0.350230615140044,0,71.7,102.7
2017,REG,00-0030404,C.Thompson,Chris Thompson,RB,RB,"https://static.www.nfl.com/image/private/f_auto,q_auto/league/ypyldro2efcy5jcrytft",10,WAS,0,0,0,0,0,0,0,0,0,0,0,0,,0,,,64,294,2,1,0,11,-7.63179008537554,0,39,54,510,4,0,0,133,485,22,24.6010819420101,0,3.83458646616541,0.158357771260997,0.0511932255581216,0.273371914782181,0,116.4,155.4
2017,REG,00-0030422,D.Sims,Dion Sims,TE,TE,"https://static.www.nfl.com/image/private/f_auto,q_auto/league/gvok1agdl3xtz9nceqfr",12,CHI,0,0,0,0,0,0,0,0,0,0,0,0,,0,,,0,0,0,0,0,0,,0,15,29,180,1,0,0,257,67,9,-4.31232065867516,0,0.700389105058366,0.0773333333333333,0.0956813104988831,0.182976917349218,0,24.0,39.0
2017,REG,00-0030431,R.Woods,Robert Woods,WR,WR,"https://static.www.nfl.com/image/upload/f_auto,q_auto/league/owppysuai4ipxu5d27nu",12,LA,0,0,0,0,0,0,0,0,0,0,0,0,,0,,,2,12,0,0,0,0,0.319563522003591,0,56,85,781,5,1,1,866,304,36,42.7834039217065,0,0.901847575057737,0.225464190981432,0.280804150453956,0.534759191789918,0,107.3,163.3
2017,REG,00-0030433,M.Gillislee,Mike Gillislee,RB,RB,"https://static.www.nfl.com/image/private/f_auto,q_auto/league/bz85uuhwz2daip0avjrg",9,NE,0,0,0,0,0,0,0,0,0,0,0,0,,0,,,104,383,5,1,1,25,-15.6893544190194,0,1,1,15,0,0,0,-5,20,1,0.870245076483116,0,-3.0,0.0357142857142857,-0.0231481481481482,0.0373677248677249,0,67.8,68.8
2017,REG,00-0030443,L.Toilolo,Levine Toilolo,TE,TE,"https://static.www.nfl.com/image/private/f_auto,q_auto/league/w6qnlfw0cuxest48srd0",8,ATL,0,0,0,0,0,0,0,0,0,0,0,0,,0,,,0,0,0,0,0,0,,0,12,14,122,1,0,0,85,63,5,9.71204011744703,0,1.43529411764706,0.0566801619433198,0.0458715596330275,0.117130334658099,0,18.2,30.2
2017,REG,00-0030456,G.Bernard,Giovani Bernard,RB,RB,"https://static.www.nfl.com/image/private/f_auto,q_auto/league/guht9y14gftgsugb87xz",16,CIN,0,0,0,0,0,0,0,0,0,0,0,0,,0,,,105,458,2,0,0,20,-9.8108166687889,0,43,60,381,2,0,0,-52,431,16,0.519593688159871,0,-7.32692307692308,0.122950819672131,-0.0147392290249433,0.174108769190736,0,107.9,150.9
2017,REG,00-0030460,M.Wheaton,Markus Wheaton,WR,WR,"https://static.www.nfl.com/image/private/f_auto,q_auto/league/hd28smxn43jzwkdikpd0",7,CHI,0,0,0,0,0,0,0,0,0,0,0,0,,0,,,0,0,0,0,0,0,,0,3,17,51,0,0,0,244,3,2,-6.23493544792291,0,0.209016393442623,0.0758928571428571,0.14778921865536,0.217291738773038,0,5.1,8.1
2017,REG,00-0030465,K.Barner,Kenjon Barner,RB,RB,"https://static.www.nfl.com/image/private/f_auto,q_auto/league/n8hvbyw7vdlj7svjwqg4",9,PHI,0,0,0,0,0,0,0,0,0,0,0,0,,0,,,16,57,1,0,0,3,-3.08672484447015,0,5,8,56,0,0,0,11,52,1,-3.1578231229214,0,5.09090909090909,0.0390243902439024,0.0084745762711864,0.0644687887556842,0,17.3,22.3
2017,REG,00-0030470,V.McDonald,Vance McDonald,TE,TE,"https://static.www.nfl.com/image/private/f_auto,q_auto/league/apafzol1dcqu56cqotv9",9,PIT,0,0,0,0,0,0,0,0,0,0,0,0,,0,,,0,0,0,0,0,0,,0,14,24,188,1,0,0,199,88,10,3.33857421059226,0,0.944723618090452,0.075,0.0744203440538519,0.164594240837696,0,24.8,38.8
2017,REG,00-0030472,J.Reed,Jordan Reed,TE,TE,"https://static.www.nfl.com/image/private/f_auto,q_auto/league/jur0qgejd3lzv8flmxcq",6,WAS,0,0,0,0,0,0,0,0,0,0,0,0,,0,,,0,0,0,0,0,0,,0,27,35,211,2,1,0,225,72,10,8.10218573041493,0,0.937777777777778,0.169902912621359,0.151006711409396,0.360559066918616,0,33.1,60.1
2017,REG,00-0030485,E.Lacy,Eddie Lacy,RB,RB,"https://static.www.nfl.com/image/private/f_auto,q_auto/league/ckn4luxcj2oc2c24fh7i",9,SEA,0,0,0,0,0,0,0,0,0,0,0,0,,0,,,69,179,0,0,0,7,-19.9525243520911,0,6,6,47,0,0,0,-4,51,2,2.64828216651222,0,-11.75,0.0405405405405405,-0.0025773195876288,0.0590066870994706,0,22.6,28.6
2017,REG,00-0030496,L.Bell,Le'Veon Bell,RB,RB,"https://static.www.nfl.com/image/private/f_auto,q_auto/league/sm3ij3pcby5ciqwaaqa1",15,PIT,0,0,0,0,0,0,0,0,0,0,0,0,,0,,,321,1291,9,2,2,74,-17.1551241184528,0,86,107,663,2,1,0,35,688,32,11.6135950075153,0,18.9428571428571,0.191756272401434,0.008235294117647,0.293399114484504,0,257.4,343.4
2017,REG,00-0030506,T.Kelce,Travis Kelce,TE,TE,"https://static.www.nfl.com/image/private/f_auto,q_auto/league/ryzr3vbragwe50vtj9af",15,KC,0,1,0,0,1,0,0,0,0,46,0,0,-2.99739205325022,0,0.0,,2,7,0,0,0,2,0.756889131036587,0,83,122,1038,8,0,0,1186,406,55,52.5736526140928,0,0.875210792580101,0.247464503042596,0.30496271535099,0.584670655309588,0,150.5,233.5
2017,REG,00-0030513,L.Murray,Latavius Murray,RB,RB,"https://static.www.nfl.com/image/private/f_auto,q_auto/league/zepm7ghltyeqydn0qxcg",16,MIN,0,0,0,0,0,0,0,0,0,0,0,0,,0,,,216,842,8,1,0,42,-19.4948812618017,0,15,17,103,0,0,0,-20,125,3,2.13434055354446,0,-5.15,0.0472222222222222,-0.0093023255813953,0.0643217054263566,0,142.5,157.5
2017,REG,00-0030516,B.Butler,Brice Butler,WR,WR,"https://static.www.nfl.com/image/private/f_auto,q_auto/league/xnr2lcdlhui4vyu6z4ir",12,DAL,0,0,0,0,0,0,0,0,0,0,0,0,,0,,,0,0,0,0,0,0,,0,15,23,317,3,0,0,425,35,10,18.403742389637,0,0.745882352941177,0.0626702997275204,0.158168961667287,0.204723722758382,0,49.7,64.7
2017,REG,00-0030520,M.Glennon,Mike Glennon,QB,QB,"https://static.www.nfl.com/image/private/f_auto,q_auto/league/mubobrjbeudtezxv0t0p",4,CHI,93,140,833,4,5,8,78,3,2,860,332,42,-26.4477586612782,0,0.968604651162791,0.0339961526885399,4,4,0,2,1,0,-6.96554605219356,0,0,0,0,0,0,0,0,0,0,,0,,,,,0,33.72,33.72
2017,REG,00-0030521,J.Hunter,Justin Hunter,WR,WR,"https://static.www.nfl.com/image/private/f_auto,q_auto/league/jwfx9spolez2cofb3kvq",5,PIT,0,0,0,0,0,0,0,0,0,0,0,0,,0,,,0,0,0,0,0,0,,0,4,10,23,1,0,0,124,14,2,0.254489167968539,0,0.185483870967742,0.0526315789473684,0.0767326732673267,0.132660239708181,0,8.3,12.3
2017,REG,00-0030524,L.Jones,Landry Jones,QB,QB,"https://static.www.nfl.com/image/private/f_auto,q_auto/league/rxewfnskdqvfmsui48ta",3,PIT,23,28,239,1,1,3,15,1,1,218,79,9,-3.83287185727386,0,1.09633027522936,0.112060838339833,8,-10,0,0,0,0,-7.57722694295808,0,0,0,0,0,0,0,0,0,0,,0,,,,,0,8.56,8.56
2017,REG,00-0030525,T.Austin,Tavon Austin,WR,WR,"https://static.www.nfl.com/image/private/f_auto,q_auto/league/ulagxqgjnrft4wub0gus",14,LA,0,0,0,0,0,0,0,0,0,0,0,0,,0,,,59,270,1,0,0,9,3.49784089717895,0,13,22,47,0,0,0,46,73,2,-8.39526670975921,0,1.02173913043478,0.0782918149466192,0.0210526315789474,0.132174564525192,0,37.7,50.7
2017,REG,00-0030526,E.Manuel,EJ Manuel,QB,QB,"https://static.www.nfl.com/image/private/f_auto,q_auto/league/day0kzescuwievdhlacd",2,LV,24,43,265,1,1,4,29,0,0,411,83,13,-3.14503609199599,0,0.644768856447689,0.0213192747951331,2,15,0,0,0,1,2.29964326729532,0,0,0,0,0,0,0,0,0,0,,0,,,,,0,14.1,14.1
2017,REG,00-0030542,T.Williams,Terrance Williams,WR,WR,"https://static.www.nfl.com/image/private/f_auto,q_auto/league/emdrh1uwgitgnw1wytiv",16,DAL,0,0,0,0,0,0,0,0,0,0,0,0,,0,,,2,15,0,0,0,1,1.29960392648354,0,53,78,568,0,0,0,665,230,31,3.76330840245406,0,0.854135338345865,0.160824742268041,0.171745867768595,0.361459220840078,0,58.3,111.3
2017,REG,00-0030549,T.Eifert,Tyler Eifert,TE,TE,"https://static.www.nfl.com/image/private/f_auto,q_auto/league/sextvbehmeu7ydutxtsu",2,CIN,0,0,0,0,0,0,0,0,0,0,0,0,,0,,,0,0,0,0,0,0,,0,4,5,46,0,0,0,47,11,2,1.96517072845018,0,0.978723404255319,0.0833333333333333,0.0910852713178295,0.188759689922481,0,4.6,8.6
2017,REG,00-0030564,D.Hopkins,DeAndre Hopkins,WR,WR,"https://static.www.nfl.com/image/upload/f_auto,q_auto/league/jgatj8mtftu06pegapip",15,HOU,0,0,0,0,0,0,0,0,0,0,0,0,,0,,,0,0,0,0,0,0,,0,96,174,1378,13,1,1,2233,359,69,37.9011263125045,0,0.617107030900134,0.352941176470588,0.448844221105528,0.843602719479752,0,213.8,309.8
2017,REG,00-0030565,G.Smith,Geno Smith,QB,QB,"https://static.www.nfl.com/image/private/f_auto,q_auto/league/bxp32udtvwnpu3rl2cht",2,NYG,21,36,212,1,0,3,12,2,2,203,108,8,-10.2787721802844,0,1.04433497536946,-0.0070251288476856,4,12,0,0,0,2,-1.42430534627056,0,0,0,0,0,0,0,0,0,0,,0,,,,,0,9.68,9.68
2017,REG,00-0030578,C.Patterson,Cordarrelle Patterson,RB,RB,"https://static.www.nfl.com/image/private/f_auto,q_auto/league/gy2bb38cns4nxypehbqi",15,LV,0,0,0,0,0,0,0,0,0,0,0,0,,0,,,13,121,2,0,0,3,4.99768275924726,0,31,42,309,0,0,0,251,184,13,3.4244697195536,0,1.23107569721116,0.0803059273422562,0.0627656914228557,0.164394875009383,0,55.0,86.0
2017,REG,00-0030656,I.Crowell,Isaiah Crowell,RB,RB,"https://static.www.nfl.com/image/private/f_auto,q_auto/league/oruiw5myfimtssv6j2ar",16,CLE,0,0,0,0,0,0,0,0,0,0,0,0,,0,,,206,853,2,1,1,38,-30.005888022657,1,28,42,182,0,0,0,-9,210,9,-10.2732199262634,0,-20.2222222222222,0.0831683168316832,-0.0021754894851341,0.123229632607931,0,115.5,143.5
2017,REG,00-0030663,W.Snead,Willie Snead,WR,WR,"https://static.www.nfl.com/image/private/f_auto,q_auto/league/fr5xckiwhguuaishnbju",7,NO,0,0,0,0,0,0,0,0,0,0,0,0,,0,,,0,0,0,0,0,0,,0,8,16,92,0,0,0,102,32,4,-1.75136274386706,0,0.901960784313725,0.0683760683760684,0.0715287517531557,0.152634228791312,0,9.2,17.2
2017,REG,00-0030668,C.West,Charcandrick West,RB,RB,"https://static.www.nfl.com/image/private/f_auto,q_auto/league/ccvw7oos9bzr4ojdiuac",12,KC,0,0,0,0,0,0,0,0,0,0,0,0,,0,,,18,72,2,0,0,4,-0.999756148434244,0,27,34,150,2,1,0,58,128,6,-2.22560153702293,0,2.58620689655172,0.085427135678392,0.0221120853983988,0.143619163296467,0,46.2,73.2
2017,REG,00-0030669,A.Wilson,Albert Wilson,WR,WR,"https://static.www.nfl.com/image/private/f_auto,q_auto/league/slythouwdcrug0poiios",13,KC,0,0,0,0,0,0,0,0,0,0,0,0,,0,,,3,6,0,0,0,1,-1.61486191407312,0,42,62,554,3,0,0,377,318,32,24.2227347488105,0,1.46949602122016,0.14622641509434,0.11352002408913,0.2988036395039,0,74.0,116.0
2017,REG,00-0030670,B.Fowler,Bennie Fowler,WR,WR,"https://static.www.nfl.com/image/private/f_auto,q_auto/league/nfcmdcfhjf347rw1cstq",14,DEN,0,0,0,0,0,0,0,0,0,0,0,0,,0,,,0,0,0,0,0,0,,0,29,56,350,3,0,0,574,107,18,-12.105702218677,0,0.609756097560976,0.112449799196787,0.142644135188867,0.268525593427388,0,53.0,82.0
2017,REG,00-0030710,T.Burton,Trey Burton,TE,TE,"https://static.www.nfl.com/image/private/f_auto,q_auto/league/vt2ce0szit4ozyh5s5iw",12,PHI,0,0,0,0,0,0,0,0,0,0,0,0,,0,,,0,0,0,0,0,0,,0,23,31,248,5,0,0,308,35,14,18.9382701536815,1,0.805194805194805,0.0801033591731266,0.0867605633802817,0.180887433125887,0,56.8,79.8
2017,REG,00-0030711,D.Fluellen,David Fluellen,RB,RB,"https://static.www.nfl.com/image/private/f_auto,q_auto/league/hw3jqryjpuw3hhackwsm",3,TEN,0,0,0,0,0,0,0,0,0,0,0,0,,0,,,4,21,0,0,0,1,-0.796013991115615,0,0,1,0,0,0,0,3,0,0,-2.30337315617362,0,0.0,0.027027027027027,0.0103448275862069,0.0477819198508854,0,2.1,2.1
2017,REG,00-0030737,F.Martino,Freddie Martino,WR,WR,"https://static.www.nfl.com/image/private/f_auto,q_auto/league/ztiguqllxmcbjynsqwn9",5,TB,0,0,0,0,0,0,0,0,0,0,0,0,,0,,,0,0,0,0,0,0,,0,5,6,96,0,0,0,86,15,4,7.02057889868235,0,1.11627906976744,0.0331491712707182,0.0446985446985447,0.0810127381950586,0,9.6,14.6
2017,REG,00-0030741,R.Nix,Roosevelt Nix,FB,RB,"https://static.www.nfl.com/image/private/f_auto,q_auto/league/ibpity8hbzwonppqziyb",4,PIT,0,0,0,0,0,0,0,0,0,0,0,0,,0,,,3,0,1,0,0,1,-4.37803271575831,0,2,3,6,1,0,0,3,3,1,-0.451286317780614,0,2.0,0.0229007633587786,0.0041724617524339,0.0372718682648717,0,12.6,14.6
2017,REG,00-0030743,B.Reedy,Bernard Reedy,WR,WR,"https://static.www.nfl.com/image/private/f_auto,q_auto/league/k7eh7jzkdhobq4ziac2r",4,TB,0,0,0,0,0,0,0,0,0,0,0,0,,0,,,3,17,0,0,0,1,0.143817100441083,0,2,2,21,0,0,0,13,8,1,1.04911878029816,0,1.61538461538462,0.0298507462686567,0.0548523206751055,0.0831727438755589,0,3.8,5.8
2017,REG,00-0030780,R.Hewitt,Ryan Hewitt,TE,TE,"https://static.www.nfl.com/image/private/f_auto,q_auto/league/egbpiaml7idnpcxa1x8q",2,CIN,0,0,0,0,0,0,0,0,0,0,0,0,,0,,,0,0,0,0,0,0,,0,2,2,22,0,0,0,14,8,1,1.0374614149332,0,1.57142857142857,0.0303030303030303,0.0972222222222222,0.113510101010101,0,2.2,4.2
2017,REG,00-0030801,B.Coleman,Brandon Coleman,WR,WR,"https://static.www.nfl.com/image/private/f_auto,q_auto/league/mudu6l15nmg2cfvljd0d",14,NO,0,0,0,0,0,0,0,0,0,0,0,0,,0,,,0,0,0,0,0,0,,0,23,37,364,3,2,2,325,143,14,-1.71919479040662,0,1.12,0.0788912579957356,0.108914209115282,0.194576833374301,0,50.4,73.4
2017,REG,00-0030821,A.Hurns,Allen Hurns,WR,WR,"https://static.www.nfl.com/image/private/f_auto,q_auto/league/ficrwzwu4bfswpzu61fv",10,JAX,0,0,0,0,0,0,0,0,0,0,0,0,,0,,,0,0,0,0,0,0,,0,39,56,484,2,0,0,542,175,28,21.9292945463835,0,0.892988929889299,0.176100628930818,0.207583301417082,0.409459254388184,0,60.4,99.4
2017,REG,00-0030860,O.Darkwa,Orleans Darkwa,RB,RB,"https://static.www.nfl.com/image/private/f_auto,q_auto/league/tumagun0uid3uujm4kkg",15,NYG,0,0,0,0,0,0,0,0,0,0,0,0,,0,,,171,751,5,1,0,33,-9.49295348378736,1,19,28,116,0,0,0,6,118,7,-0.881056275160518,0,19.3333333333333,0.0549019607843137,0.0018309429356118,0.0836346012313989,0,118.7,137.7
2017,REG,00-0030874,D.Williams,Damien Williams,RB,RB,"https://static.www.nfl.com/image/private/f_auto,q_auto/league/ga4vusnfwfvhp2ksqw7x",10,MIA,0,0,0,0,0,0,0,0,0,0,0,0,,0,,,46,181,0,0,0,7,-14.8237955071963,0,20,28,155,1,0,0,22,153,10,1.4647431268003,0,7.04545454545455,0.0779944289693593,0.010377358490566,0.124255794397435,0,39.6,59.6
2017,REG,00-0030968,K.Smith,Keith Smith,FB,RB,"https://static.www.nfl.com/image/private/f_auto,q_auto/league/jolwasweebgk37nkl7ia",4,DAL,0,0,0,0,0,0,0,0,0,0,0,0,,0,,,0,0,0,0,0,0,,0,5,5,26,0,0,0,4,22,2,0.861677263443526,0,6.5,0.040650406504065,0.0047846889952153,0.0643248920527483,0,2.6,7.6
2017,REG,00-0031001,J.Janis,Jeff Janis,WR,WR,"https://static.www.nfl.com/image/private/f_auto,q_auto/league/fldhv9nvnmafss3r9tn2",2,GB,0,0,0,0,0,0,0,0,0,0,0,0,,0,,,0,0,0,0,0,0,,0,2,5,12,0,0,0,107,0,1,-1.89843492165433,0,0.11214953271028,0.0704225352112676,0.15307582260372,0.212786878639505,0,1.2,3.2
2017,REG,00-0031021,J.Abbrederis,Jared Abbrederis,WR,WR,"https://static.www.nfl.com/image/private/f_auto,q_auto/league/p5gqmcyci9youm2r6oeb",2,DET,0,0,0,0,0,0,0,0,0,0,0,0,,0,,,0,0,0,0,0,0,,0,3,7,44,0,0,0,47,28,2,1.05396233035049,0,0.936170212765957,0.0813953488372093,0.0863970588235294,0.182570964432285,0,4.4,7.4
2017,REG,00-0031025,M.Campanaro,Michael Campanaro,WR,WR,"https://static.www.nfl.com/image/private/f_auto,q_auto/league/zpr9fkukakcfyfefypf7",11,BAL,0,0,0,0,0,0,0,0,0,0,0,0,,0,,,5,42,0,0,0,2,1.74675092825782,0,19,27,173,1,0,0,151,81,11,6.67550196621046,0,1.14569536423841,0.0791788856304985,0.0665491405905685,0.165352726859146,1,33.5,52.5
2017,REG,00-0031035,X.Grimble,Xavier Grimble,TE,TE,"https://static.www.nfl.com/image/private/f_auto,q_auto/league/crjwhcfk4bt6dqojjppj",6,PIT,0,0,0,0,0,0,0,0,0,0,0,0,,0,,,0,0,0,0,0,0,,0,5,9,32,1,0,0,69,16,2,-2.79512354690814,0,0.463768115942029,0.038961038961039,0.0411694510739857,0.0872601741933484,0,9.2,14.2
2017,REG,00-0031044,T.Niklas,Troy Niklas,TE,TE,"https://static.www.nfl.com/image/private/f_auto,q_auto/league/cfkufqkxuqf9htsyqfxj",11,ARI,0,0,0,0,0,0,0,0,0,0,0,0,,0,,,0,0,0,0,0,0,,0,11,23,132,1,0,0,181,56,6,1.86400844673494,0,0.729281767955801,0.0579345088161209,0.0464817668207499,0.119438999998706,0,19.2,30.2
2017,REG,00-0031045,C.Hyde,Carlos Hyde,RB,RB,"https://static.www.nfl.com/image/private/f_auto,q_auto/league/qpmv42ldpkpdf1gpgeua",16,SF,0,0,0,0,0,0,0,0,0,0,0,0,,0,,,240,938,8,2,1,44,-28.7772670370739,0,59,88,350,0,0,0,163,322,17,-17.4272495959541,0,2.14723926380368,0.146911519198664,0.0359505955006617,0.24553269564846,0,174.8,233.8
2017,REG,00-0031051,J.Brown,John Brown,WR,WR,"https://static.www.nfl.com/image/private/f_auto,q_auto/league/xwyc2a0qfdxbbct6lso6",10,ARI,0,0,0,0,0,0,0,0,0,0,0,0,,0,,,1,10,0,0,0,1,0.73947356780991,0,21,55,299,3,0,0,848,59,15,-2.66333100801497,0,0.352594339622642,0.14745308310992,0.231314784506274,0.383099973819271,0,48.9,69.9
2017,REG,00-0031055,A.Williams,Andre Williams,RB,RB,"https://static.www.nfl.com/image/private/f_auto,q_auto/league/bkjjrp3sdtq2ubuzywyd",2,LAC,0,0,0,0,0,0,0,0,0,0,0,0,,0,,,9,25,0,0,0,0,-2.6572128906846,0,0,0,0,0,0,0,0,0,0,,0,,,,,0,2.5,2.5
2017,REG,00-0031060,D.Thomas,De'Anthony Thomas,WR,WR,"https://static.www.nfl.com/image/private/f_auto,q_auto/league/ubevvtu8f1snobsxnnwl",9,KC,0,0,0,0,0,0,0,0,0,0,0,0,,0,,,1,4,0,0,0,0,-0.305184491560794,0,14,16,143,2,0,0,121,73,4,0.515703491729681,0,1.18181818181818,0.0538720538720539,0.0551755585955312,0.119430971824953,0,26.7,40.7
2017,REG,00-0031062,J.White,James White,RB,RB,"https://static.www.nfl.com/image/private/f_auto,q_auto/league/z1nnkmnstccnqya5d5ee",14,NE,0,0,0,0,0,0,0,0,0,0,0,0,,0,,,43,171,0,0,0,6,-7.03987151561258,0,56,72,429,3,0,0,129,340,25,10.0831820821799,0,3.32558139534884,0.13926499032882,0.0288590604026846,0.229098827775109,0,78.0,134.0
2017,REG,00-0031064,T.Savage,Tom Savage,QB,QB,"https://static.www.nfl.com/image/private/f_auto,q_auto/league/ovqvn8ei0thwn7si83n8",8,HOU,125,223,1412,5,6,21,159,8,7,1966,552,68,-48.3751283730409,0,0.718209562563581,0.0035345923293762,4,2,0,0,0,0,-0.937495338032022,0,0,0,0,0,0,0,0,0,0,,0,,,,,0,50.68,50.68
2017,REG,00-0031068,R.Grant,Ryan Grant,WR,WR,"https://static.www.nfl.com/image/private/f_auto,q_auto/league/im7fnk7uti759btkrdok",16,WAS,0,0,0,0,0,0,0,0,0,0,0,0,,0,,,0,0,0,0,0,0,,0,45,65,573,4,0,0,631,235,29,25.5783716030869,0,0.908082408874802,0.121722846441948,0.152562862669246,0.289378273531393,0,81.3,126.3
2017,REG,00-0031070,N.Berhe,Nat Berhe,SS,DB,"https://static.www.nfl.com/image/private/f_auto,q_auto/league/ijj50b4va1w0fcwxd7yw",1,NYG,0,0,0,0,0,0,0,0,0,0,0,0,,0,,,1,2,0,0,0,1,2.06947745592333,0,0,0,0,0,0,0,0,0,0,,0,,,,,0,0.2,0.2
2017,REG,00-0031075,A.Blue,Alfred Blue,RB,RB,"https://static.www.nfl.com/image/private/f_auto,q_auto/league/qt9zmmipmlcin4gxs8wt",8,HOU,0,0,0,0,0,0,0,0,0,0,0,0,,0,,,71,262,1,0,0,10,-7.96405379446304,0,7,9,54,0,0,0,9,42,4,1.874574164127,0,6.0,0.0656934306569343,0.0111801242236025,0.106366232941923,0,37.6,44.6
2017,REG,00-0031076,D.Fales,David Fales,QB,QB,"https://static.www.nfl.com/image/private/f_auto,q_auto/league/izwtweargevmjanrafe3",2,MIA,29,43,265,1,1,1,8,0,0,278,166,15,-1.40420576730285,0,0.953237410071942,0.0513012176824145,4,8,1,0,0,1,0.318728507350897,0,0,0,0,0,0,0,0,0,0,,0,,,,,0,19.4,19.4
2017,REG,00-0031079,P.O'Donnell,Pat O'Donnell,P,SPEC,"https://static.www.nfl.com/image/upload/f_auto,q_auto/league/winapvs0xg8c3eaq2sak",1,CHI,1,1,38,1,0,0,0,0,0,7,31,1,6.29359512636438,0,5.42857142857143,,0,0,0,0,0,0,,0,0,0,0,0,0,0,0,0,0,,0,,,,,0,5.52,5.52
2017,REG,00-0031085,J.Prosch,Jay Prosch,RB,RB,"https://static.www.nfl.com/image/private/f_auto,q_auto/league/qfxm205gqvzzpy0z2oyw",4,HOU,0,0,0,0,0,0,0,0,0,0,0,0,,0,,,0,0,0,0,0,0,,0,4,4,31,0,0,0,4,27,1,1.67936199321412,0,7.75,0.032,0.0033250207813798,0.0503275145469659,0,3.1,7.1
2017,REG,00-0031102,K.Bibbs,Kapri Bibbs,RB,RB,"https://static.www.nfl.com/image/private/f_auto,q_auto/league/yvqplagyljhiso4imgiq",3,WAS,0,0,0,0,0,0,0,0,0,0,0,0,,0,,,21,79,0,0,0,4,-2.04976554360474,0,14,17,128,1,0,0,6,128,4,2.91309876882588,0,21.3333333333333,0.17,0.0072992700729927,0.260109489051095,0,26.7,40.7
2017,REG,00-0031120,A.Taylor,Adarius Taylor,MLB,LB,"https://static.www.nfl.com/image/private/f_auto,q_auto/league/cbjab8j471e54aasbppk",1,TB,0,0,0,0,0,0,0,0,0,0,0,0,,0,,,0,0,0,0,0,0,,0,0,0,0,0,0,0,0,0,0,,0,,,,,1,6.0,6.0
2017,REG,00-0031151,M.Williams,Marcus Williams,CB,DB,"https://static.www.nfl.com/image/private/f_auto,q_auto/league/sccvxg0jlpslahqpuvgb",1,NYJ,0,0,0,0,0,0,0,0,0,0,0,0,,0,,,0,0,0,0,0,0,,0,1,1,31,0,0,0,6,25,1,2.48630293936003,0,5.16666666666667,0.032258064516129,0.0307692307692308,0.0699255583126551,0,3.1,4.1
2017,REG,00-0031166,S.Roberts,Seth Roberts,WR,WR,"https://static.www.nfl.com/image/private/f_auto,q_auto/league/wcralkq5mcdpsmjvkatl",15,LV,0,0,0,0,0,0,0,0,0,0,0,0,,0,,,0,0,0,0,0,0,,0,43,65,455,1,2,2,643,104,22,-0.611451533442776,0,0.707620528771384,0.129224652087475,0.149778709527137,0.298682074800209,0,47.5,90.5
2017,REG,00-0031189,T.Jones,T.J. Jones,WR,WR,"https://static.www.nfl.com/image/private/f_auto,q_auto/league/fqv9h42uxtxjl7jjs2dt",11,DET,0,0,0,0,0,0,0,0,0,0,0,0,,0,,,0,0,0,0,0,0,,0,30,49,399,1,0,0,507,77,22,17.4428540764364,1,0.78698224852071,0.118932038834951,0.161877394636015,0.291712234497638,0,47.9,77.9
2017,REG,00-0031209,S.Perry,Senorise Perry,RB,RB,"https://static.www.nfl.com/image/private/f_auto,q_auto/league/oswxcmdccm8me6v2n6ao",2,MIA,0,0,0,0,0,0,0,0,0,0,0,0,,0,,,8,30,0,0,0,2,-0.93036800425034,0,1,1,3,0,0,0,3,0,0,-0.28061683953274,0,1.0,0.0232558139534884,0.0111111111111111,0.0426614987080103,0,3.3,4.3
2017,REG,00-0031228,T.Gabriel,Taylor Gabriel,WR,WR,"https://static.www.nfl.com/image/private/f_auto,q_auto/league/nc4aoax8j5mnnrjewu7p",16,ATL,0,0,0,0,0,0,0,0,0,0,0,0,,0,,,8,49,0,0,0,3,-0.789742956752889,0,33,51,378,1,0,0,528,217,17,1.35586615289909,0,0.715909090909091,0.0986460348162476,0.113866724175113,0.227675759146951,0,48.7,81.7
2017,REG,00-0031235,O.Beckham,Odell Beckham,WR,WR,"https://static.www.nfl.com/image/private/f_auto,q_auto/league/etl34lkiscs2lpc4to2f",4,NYG,0,0,0,0,0,0,0,0,0,0,0,0,,0,,,1,8,0,0,0,0,0.512132173636928,0,25,41,302,3,0,0,520,65,15,7.83514325504775,0,0.580769230769231,0.25,0.383198231392778,0.643238761974945,0,49.0,74.0
2017,REG,00-0031236,B.Cooks,Brandin Cooks,WR,WR,"https://static.www.nfl.com/image/private/f_auto,q_auto/league/wy6qidqm8jjp6buvu3lp",16,NE,0,0,0,0,0,0,0,0,0,0,0,0,,0,,,9,40,0,0,0,2,-1.29476467519999,0,65,114,1082,7,0,0,1759,227,42,39.6747505822548,1,0.615122228538943,0.195205479452055,0.32970946579194,0.52360484523244,0,156.2,221.2
2017,REG,00-0031237,T.Bridgewater,Teddy Bridgewater,QB,QB,"https://static.www.nfl.com/image/private/f_auto,q_auto/league/q5p8afhezmpvc1xbwibf",1,MIN,0,2,0,0,1,0,0,0,0,7,0,0,-7.34884924441576,0,0.0,,3,-3,0,0,0,0,0.0,0,0,0,0,0,0,0,0,0,0,,0,,,,,0,-2.3,-2.3
2017,REG,00-0031257,P.Richardson,Paul Richardson,WR,WR,"https://static.www.nfl.com/image/private/f_auto,q_auto/league/jxsldwomavxfbs7gueqt",16,SEA,0,0,0,0,0,0,0,0,0,0,0,0,,0,,,0,0,0,0,0,0,,0,44,80,703,6,0,0,1210,125,33,28.655542775516,0,0.58099173553719,0.152091254752852,0.231224918784636,0.389994325278523,0,106.3,150.3
2017,REG,00-0031260,L.Thomas,Logan Thomas,TE,TE,"https://static.www.nfl.com/image/private/f_auto,q_auto/league/acm0ymhqdzqxdibwjphv",5,BUF,0,0,0,0,0,0,0,0,0,0,0,0,,0,,,0,0,0,0,0,0,,0,7,9,67,1,0,0,63,11,2,2.62576215114677,0,1.06349206349206,0.0535714285714286,0.0448717948717949,0.111767399267399,0,12.7,19.7
2017,REG,00-0031273,C.Brate,Cameron Brate,TE,TE,"https://static.www.nfl.com/image/private/f_auto,q_auto/league/jhioqec65qy4z7s6w9a6",16,TB,0,0,0,0,0,0,0,0,0,0,0,0,,0,,,0,0,0,0,0,0,,0,48,77,591,6,0,0,711,143,33,22.42257482541,0,0.831223628691983,0.129194630872483,0.115854652110152,0.274890202785831,0,95.1,143.1
2017,REG,00-0031277,B.Oliver,Branden Oliver,RB,RB,"https://static.www.nfl.com/image/private/f_auto,q_auto/league/wuvcmhjtwgqanezt6f79",8,LAC,0,0,0,0,0,0,0,0,0,0,0,0,,0,,,35,83,0,0,0,6,-7.98084860527888,0,6,11,26,0,0,0,-5,31,2,-8.57251448644092,0,-5.2,0.05,-0.0030581039755351,0.0728593272171254,0,10.9,16.9
2017,REG,00-0031280,D.Carr,Derek Carr,QB,QB,"https://static.www.nfl.com/image/private/f_auto,q_auto/league/cffbp9sqfioxa2jk2oqf",15,LV,323,515,3496,22,13,20,101,4,1,4244,1603,165,24.070431365867,2,0.823751178133836,0.067056982346104,23,66,0,4,1,5,-9.5218989001005,0,0,0,0,0,0,0,0,0,0,,0,,,,,0,208.44,208.44
2017,REG,00-0031285,D.Freeman,Devonta Freeman,RB,RB,"https://static.www.nfl.com/image/private/f_auto,q_auto/league/vjhvfwypu1byxfo2uvki",14,ATL,0,0,0,0,0,0,0,0,0,0,0,0,,0,,,196,865,7,4,1,49,-11.7978130086224,0,36,47,317,1,0,0,91,244,18,11.0933608643375,0,3.48351648351648,0.117206982543641,0.0252357182473655,0.193475476588617,0,164.2,200.2
2017,REG,00-0031288,A.McCarron,AJ McCarron,QB,QB,"https://static.www.nfl.com/image/private/f_auto,q_auto/league/fvakqnmsg35llkcme11h",2,CIN,7,14,66,0,0,1,9,0,0,105,57,3,-2.58903009508504,0,0.628571428571429,-0.053464267227355,0,0,0,0,0,0,,0,0,0,0,0,0,0,0,0,0,,0,,,,,0,2.64,2.64
2017,REG,00-0031299,J.Matthews,Jordan Matthews,TE,TE,"https://static.www.nfl.com/image/private/f_auto,q_auto/league/lzmaxofoalitaiiuchm7",10,BUF,0,0,0,0,0,0,0,0,0,0,0,0,,0,,,0,0,0,0,0,0,,0,25,36,282,1,1,1,253,124,14,13.7966873290308,0,1.11462450592885,0.125435540069686,0.100716560509554,0.258654902461218,0,32.2,57.2
2017,REG,00-0031301,J.Hill,Jeremy Hill,RB,RB,"https://static.www.nfl.com/image/private/f_auto,q_auto/league/rafvidcbp023aupumccx",7,CIN,0,0,0,0,0,0,0,0,0,0,0,0,,0,,,37,116,0,1,0,5,-4.51712648081593,0,4,4,16,0,0,0,-14,30,1,-0.130086909397505,0,-1.14285714285714,0.0344827586206897,-0.0212121212121212,0.0368756530825496,0,13.2,17.2
2017,REG,00-0031302,C.Fiedorowicz,C.J. Fiedorowicz,TE,TE,"https://static.www.nfl.com/image/private/f_auto,q_auto/league/syuzjdnhzquetrf9jqvp",5,HOU,0,0,0,0,0,0,0,0,0,0,0,0,,0,,,0,0,0,0,0,0,,0,14,22,127,0,0,0,181,37,7,-4.74791837734846,0,0.701657458563536,0.117021276595745,0.113125,0.254719414893617,0,12.7,26.7
2017,REG,00-0031315,M.Hazel,Matt Hazel,WR,WR,"https://static.www.nfl.com/image/private/f_auto,q_auto/league/ijcfzgvm0l5cmtleaejy",1,IND,0,0,0,0,0,0,0,0,0,0,0,0,,0,,,0,0,0,0,0,0,,0,1,1,1,0,0,0,-1,2,0,-1.20810720394366,0,0.0,0.0476190476190476,-0.0045045045045045,0.0682754182754183,0,0.1,1.1
2017,REG,00-0031325,S.Watkins,Sammy Watkins,WR,WR,"https://static.www.nfl.com/image/private/f_auto,q_auto/league/nkqk4ac4uncxocqlgp2k",15,LA,0,0,0,0,0,0,0,0,0,0,0,0,,0,,,0,0,0,0,0,0,,0,39,70,593,8,0,0,1009,185,33,30.1173556751834,0,0.587710604558969,0.147058823529412,0.267143235371988,0.40758850005451,0,107.3,146.3
2017,REG,00-0031326,B.Ellington,Bruce Ellington,WR,WR,"https://static.www.nfl.com/image/private/f_auto,q_auto/league/qqlup3kfumh2ifrixmfn",11,HOU,0,0,0,0,0,0,0,0,0,0,0,0,,0,,,3,17,0,0,0,1,0.0556068186997436,0,29,57,330,2,1,0,562,136,14,0.469968417630298,0,0.587188612099644,0.147286821705426,0.143660531697342,0.321492604746279,0,46.7,75.7
2017,REG,00-0031332,F.Toussaint,Fitzgerald Toussaint,RB,RB,"https://static.www.nfl.com/image/private/f_auto,q_auto/league/rckiakioqzv7cjqaeg1d",2,PIT,0,0,0,0,0,0,0,0,0,0,0,0,,0,,,6,25,0,0,0,1,0.774139144748915,0,2,3,9,0,0,0,-9,12,1,-0.759831691510044,0,-1.0,0.111111111111111,-0.0420560747663551,0.137227414330218,0,3.4,5.4
2017,REG,00-0031339,D.Moncrief,Donte Moncrief,WR,WR,"https://static.www.nfl.com/image/private/f_auto,q_auto/league/iippulnxfyjgrlj2p5qw",12,IND,0,0,0,0,0,0,0,0,0,0,0,0,,0,,,0,0,0,0,0,0,,0,26,47,391,2,0,0,641,79,22,17.1913140542468,0,0.609984399375975,0.128065395095368,0.227789623312011,0.35155082896146,0,51.1,77.1
2017,REG,00-0031344,C.Latimer,Cody Latimer,WR,WR,"https://static.www.nfl.com/image/private/f_auto,q_auto/league/whgchcrp9pqx0waocewu",10,DEN,0,0,0,0,0,0,0,0,0,0,0,0,,0,,,0,0,0,0,0,0,,0,19,31,287,2,0,0,324,64,15,11.1384081857532,1,0.885802469135803,0.0906432748538012,0.108688359610869,0.21204676400831,0,42.7,61.7
2017,REG,00-0031345,J.Garoppolo,Jimmy Garoppolo,QB,QB,"https://static.www.nfl.com/image/private/f_auto,q_auto/league/dielobmypljj7e27eiob",6,SF,120,178,1560,7,5,8,57,0,0,1572,721,78,57.6369279603174,0,0.99236641221374,0.204324763997965,15,11,1,1,0,3,1.54516091577367,0,1,1,-6,0,0,0,-6,0,0,-1.45439320930745,0,0.0,0.0238095238095238,-0.0169971671388102,0.0238162687171186,0,86.9,87.9
2017,REG,00-0031359,K.Benjamin,Kelvin Benjamin,WR,WR,"https://static.www.nfl.com/image/private/f_auto,q_auto/league/ygtlhauauds9yoyatu5e",14,BUF,0,0,0,0,0,0,0,0,0,0,0,0,,0,,,0,0,0,0,0,0,,0,47,77,671,3,0,0,882,139,29,15.9936853270335,0,0.760770975056689,0.175398633257403,0.227085478887745,0.422057785107526,0,85.1,132.1
2017,REG,00-0031363,M.Palardy,Michael Palardy,P,SPEC,"https://static.www.nfl.com/image/private/f_auto,q_auto/league/hoxfeahxcb9sbz83nose",1,CAR,0,1,0,0,0,0,0,1,0,6,0,0,-2.96294311713427,0,0.0,,0,0,0,0,0,0,,0,0,0,0,0,0,0,0,0,0,,0,,,,,0,0.0,0.0
2017,REG,00-0031373,M.Bryant,Martavis Bryant,WR,WR,"https://static.www.nfl.com/image/private/f_auto,q_auto/league/davxza3iibzg7aw6c5jm",15,PIT,0,0,0,0,0,0,0,0,0,0,0,0,,0,,,6,22,0,0,0,0,-1.31689214752987,0,50,84,603,3,0,0,1203,170,30,17.8182707858923,1,0.501246882793017,0.151624548736462,0.247632770687526,0.400779762585961,0,82.5,132.5
2017,REG,00-0031375,T.West,Terrance West,RB,RB,"https://static.www.nfl.com/image/private/f_auto,q_auto/league/vzmf3p3k4ywfa5vjn9za",5,BAL,0,0,0,0,0,0,0,0,0,0,0,0,,0,,,39,138,2,1,1,11,-8.06214841574547,0,2,4,23,0,0,0,6,21,2,-2.88163164188154,0,3.83333333333333,0.051948051948052,0.0218181818181818,0.0931948051948052,0,26.1,28.1
2017,REG,00-0031376,J.McKinnon,Jerick McKinnon,RB,RB,"https://static.www.nfl.com/image/private/f_auto,q_auto/league/yezxe2j778cndbhkxwez",16,MIN,0,0,0,0,0,0,0,0,0,0,0,0,,0,,,150,570,3,2,2,23,-37.3052558472402,1,51,68,421,2,0,0,15,450,20,-3.77192869015693,0,28.0666666666667,0.130518234165067,0.0037945863900834,0.198433561720659,0,127.1,178.1
2017,REG,00-0031381,D.Adams,Davante Adams,WR,WR,"https://static.www.nfl.com/image/private/f_auto,q_auto/league/grvqvmdzu2lsbgvqoxku",14,GB,0,0,0,0,0,0,0,0,0,0,0,0,,0,,,0,0,0,0,0,0,,0,74,117,885,10,0,0,1137,338,45,53.2408788641264,0,0.778364116094987,0.242236024844721,0.338796185935638,0.600511367422027,0,148.5,222.5
2017,REG,00-0031382,J.Landry,Jarvis Landry,WR,WR,"https://static.www.nfl.com/image/private/f_auto,q_auto/league/w2q9uwsjvgadwyvnvopb",16,MIA,0,1,0,0,0,0,0,0,0,11,0,0,-0.427772035938688,0,0.0,,1,-7,0,0,0,0,-1.48486251069698,0,112,161,987,9,3,2,956,498,60,4.92631484961801,0,1.03242677824268,0.273809523809524,0.220225754434462,0.564872313818409,0,148.0,260.0
2017,REG,00-0031384,R.Rodgers,Richard Rodgers,TE,TE,"https://static.www.nfl.com/image/private/f_auto,q_auto/league/l9zei9dkcmbml3q1nshk",9,GB,0,0,0,0,0,0,0,0,0,0,0,0,,0,,,0,0,0,0,0,0,,0,12,19,160,1,0,0,131,89,6,6.12811143521685,0,1.22137404580153,0.0612903225806452,0.063468992248062,0.136363778444611,0,22.0,34.0
2017,REG,00-0031387,E.Ebron,Eric Ebron,TE,TE,"https://static.www.nfl.com/image/private/f_auto,q_auto/league/uaxsxymncppase7ihczd",16,DET,0,0,0,0,0,0,0,0,0,0,0,0,,0,,,0,0,0,0,0,0,,0,53,86,574,4,1,1,629,258,30,8.1648167545601,0,0.912559618441971,0.152212389380531,0.139282550930027,0.325816369721815,0,79.4,132.4
2017,REG,00-0031390,C.Sims,Charles Sims,RB,RB,"https://static.www.nfl.com/image/private/f_auto,q_auto/league/w1yff81pb8rfp9sytx5l",15,TB,0,0,0,0,0,0,0,0,0,0,0,0,,0,,,21,95,0,0,0,6,0.0303388125030324,0,35,47,249,1,1,1,155,206,12,-7.26530820189602,0,1.60645161290323,0.0839285714285714,0.0287249814677539,0.146000344170285,0,38.4,73.4
2017,REG,00-0031407,B.Bortles,Blake Bortles,QB,QB,"https://static.www.nfl.com/image/private/f_auto,q_auto/league/jvoui3bptgsfvgkz5e1b",16,JAX,315,523,3687,21,13,24,123,6,3,4062,1911,192,29.6560842205928,3,0.90768094534712,0.0753094080720318,57,322,2,3,0,19,13.7438404173591,0,0,0,0,0,0,0,0,0,0,,0,,,,,0,249.68,249.68
2017,REG,00-0031408,M.Evans,Mike Evans,WR,WR,"https://static.www.nfl.com/image/private/f_auto,q_auto/league/w6eq27k2xs8vawwgkzbl",15,TB,0,0,0,0,0,0,0,0,0,0,0,0,,0,,,0,0,0,0,0,0,,0,71,136,1001,5,1,0,1868,134,55,22.99170784618,1,0.535867237687366,0.241992882562278,0.323015735777278,0.589100338887511,0,132.1,203.1
2017,REG,00-0031418,A.Seferian-Jenkins,Austin Seferian-Jenkins,TE,TE,"https://static.www.nfl.com/image/private/f_auto,q_auto/league/mvuoyejl5hzfzrkfezuj",13,NYJ,0,0,0,0,0,0,0,0,0,0,0,0,,0,,,0,0,0,0,0,0,,0,50,74,357,3,1,0,448,124,18,-7.59405288259905,0,0.796875,0.185929648241206,0.137931034482759,0.37544619649974,0,53.7,103.7
2017,REG,00-0031420,K.Redfern,Kasey Redfern,P,SPEC,"https://static.www.nfl.com/image/private/f_auto,q_auto/league/qzsdkkx3dm0clxc7vmkm",1,DET,0,0,0,0,0,0,0,0,0,0,0,0,,0,,,1,10,0,1,0,0,-2.26000043028034,0,0,0,0,0,0,0,0,0,0,,0,,,,,0,1.0,1.0
2017,REG,00-0031428,A.Robinson,Allen Robinson,WR,WR,"https://static.www.nfl.com/image/private/f_auto,q_auto/league/tucplhxtb3c626iekuzv",1,JAX,0,0,0,0,0,0,0,0,0,0,0,0,,0,,,0,0,0,0,0,0,,0,1,1,17,0,0,0,15,2,1,1.89276479138061,0,1.13333333333333,0.0476190476190476,0.0867052023121387,0.132122213047069,0,1.7,2.7
2017,REG,00-0031431,M.Lee,Marqise Lee,WR,WR,"https://static.www.nfl.com/image/private/f_auto,q_auto/league/drsesqqzwhkilsx51j4i",13,JAX,0,1,0,0,0,0,0,0,0,27,0,0,-0.373399104806595,0,0.0,,1,17,0,0,0,1,0.987431877292693,0,56,96,702,3,1,0,1087,289,40,15.3170072825916,1,0.645814167433303,0.235872235872236,0.344423320659062,0.594904678269697,0,91.9,147.9
2017,REG,00-0031484,C.Manhertz,Chris Manhertz,TE,TE,"https://static.www.nfl.com/image/private/f_auto,q_auto/league/r645ts6owoqbjuxbzgdl",3,CAR,0,0,0,0,0,0,0,0,0,0,0,0,,0,,,0,0,0,0,0,0,,0,2,4,17,0,0,0,25,9,1,-1.12633392319549,0,0.68,0.0470588235294118,0.0364963503649635,0.0961356805495921,0,1.7,3.7
2017,REG,00-0031503,J.Winston,Jameis Winston,QB,QB,"https://static.www.nfl.com/image/private/f_auto,q_auto/league/eupdyd3zccjeoloqmyfl",13,TB,282,442,3504,19,11,33,207,11,6,4693,1257,180,49.657599509083,1,0.746643937779672,0.119961781398198,33,135,1,4,1,7,-5.46561024611558,0,0,0,0,0,0,0,0,0,0,,0,,,,,0,201.66,201.66
2017,REG,00-0031511,D.White,DeAndrew White,WR,WR,"https://static.www.nfl.com/image/private/f_auto,q_auto/league/lqmfu6qd0olpnvocajbh",2,HOU,0,0,0,0,0,0,0,0,0,0,0,0,,0,,,0,0,0,0,0,0,,0,1,7,24,0,0,0,106,1,1,-3.0901261062827,0,0.226415094339623,0.106060606060606,0.135376756066411,0.253854638337397,0,2.4,3.4
2017,REG,00-0031512,J.Whitehead,Jermaine Whitehead,FS,DB,"https://static.www.nfl.com/image/private/f_auto,q_auto/league/o26uwppjakpopj5v9irt",1,GB,0,0,0,0,0,0,0,0,0,0,0,0,,0,,,1,7,0,0,0,1,3.15862493007444,0,0,0,0,0,0,0,0,0,0,,0,,,,,0,0.7,0.7
2017,REG,00-0031514,Q.Bray,Quan Bray,WR,WR,"https://static.www.nfl.com/image/private/f_auto,q_auto/league/fcec31w4bvadspls5tcj",3,IND,0,0,0,0,0,0,0,0,0,0,0,0,,0,,,0,0,0,0,0,0,,0,3,4,39,0,0,0,39,10,2,1.50747494213283,0,1.0,0.0487804878048781,0.0563583815028902,0.11262159875934,0,3.9,6.9
2017,REG,00-0031533,R.Telfer,Randall Telfer,TE,TE,"https://static.www.nfl.com/image/private/f_auto,q_auto/league/v7yzppdggxmmffsoiuoa",3,CLE,0,0,0,0,0,0,0,0,0,0,0,0,,0,,,0,0,0,0,0,0,,0,3,4,36,0,0,0,38,0,2,1.22076355048921,0,0.947368421052632,0.0344827586206897,0.0311220311220311,0.0735095597164563,0,3.6,6.6
2017,REG,00-0031544,A.Cooper,Amari Cooper,WR,WR,"https://static.www.nfl.com/image/private/f_auto,q_auto/league/zibbxjtein7gpu5zgcj4",14,LV,0,0,0,0,0,0,0,0,0,0,0,0,,0,,,1,4,0,0,0,1,0.529933948768303,0,48,96,680,7,1,0,1109,293,28,-3.95035745805556,0,0.613165013525699,0.200417536534447,0.273152709359606,0.491833201353394,0,110.4,158.4
2017,REG,00-0031545,K.White,Kevin White,WR,WR,"https://static.www.nfl.com/image/private/f_auto,q_auto/league/u6jclvrydlw6amytmylq",1,CHI,0,0,0,0,0,0,0,0,0,0,0,0,,0,,,0,0,0,0,0,0,,0,2,4,6,0,0,0,12,2,0,-2.45927917875815,0,0.5,0.1,0.069364161849711,0.198554913294798,0,0.6,2.6
2017,REG,00-0031547,D.Parker,DeVante Parker,WR,WR,"https://static.www.nfl.com/image/private/f_auto,q_auto/league/beuyfjou6kckaoqqpa96",13,MIA,0,0,0,0,0,0,0,0,0,0,0,0,,0,,,0,0,0,0,0,0,,0,57,96,670,1,1,0,1206,207,33,0.225241332520259,0,0.555555555555556,0.202105263157895,0.318457882228677,0.526078412296916,0,73.0,130.0
2017,REG,00-0031549,N.Agholor,Nelson Agholor,WR,WR,"https://static.www.nfl.com/image/private/f_auto,q_auto/league/lfc8g0z3wmxowwggvzqh",16,PHI,0,0,0,0,0,0,0,0,0,0,0,0,,0,,,1,7,0,0,0,1,0.379964370513335,0,62,95,768,8,0,0,986,301,35,39.3877122797556,0,0.778904665314402,0.170863309352518,0.187773757379547,0.38773659419446,0,125.5,187.5
2017,REG,00-0031550,S.Thompson,Shaq Thompson,ILB,LB,"https://static.www.nfl.com/image/private/f_auto,q_auto/league/wiokwxurjbmenmtrtrjo",1,CAR,0,0,0,0,0,0,0,0,0,0,0,0,,0,,,0,0,0,0,0,0,,0,0,1,0,0,0,0,6,0,0,-2.96294311713427,0,0.0,0.0357142857142857,0.0375,0.0798214285714286,0,0.0,0.0
2017,REG,00-0031558,M.Williams,Maxx Williams,TE,TE,"https://static.www.nfl.com/image/private/f_auto,q_auto/league/p0j7ax3rqhrzn5nvmc06",9,BAL,0,0,0,0,0,0,0,0,0,0,0,0,,0,,,2,6,0,0,0,2,0.530324333813041,0,15,18,86,1,1,1,-1,100,6,-2.87842352635926,0,0.0,0.05625,-0.0004557885141294,0.0840559480401094,0,13.2,28.2
2017,REG,00-0031560,J.Strong,Jaelen Strong,WR,WR,"https://static.www.nfl.com/image/private/f_auto,q_auto/league/eakjj5fee8ctysjrqhxj",1,JAX,0,0,0,0,0,0,0,0,0,0,0,0,,0,,,0,0,0,0,0,0,,0,3,4,38,1,0,0,33,15,3,5.19621933961753,0,1.15151515151515,0.08,0.0846153846153846,0.179230769230769,0,9.8,12.8
2017,REG,00-0031568,B.Petty,Bryce Petty,QB,QB,"https://static.www.nfl.com/image/private/f_auto,q_auto/league/ptb0vcf2vqqittc5qown",4,NYJ,55,112,544,1,3,8,55,1,0,899,245,23,-34.8916212584872,0,0.605116796440489,-0.0544689383847082,7,55,0,0,0,4,5.12640847521834,0,0,0,0,0,0,0,0,0,0,,0,,,,,0,25.26,25.26
2017,REG,00-0031570,J.Hardy,Justin Hardy,WR,WR,"https://static.www.nfl.com/image/private/f_auto,q_auto/league/bf30pn7pqvdiof0zb6a0",10,ATL,0,0,0,0,0,0,0,0,0,0,0,0,,0,,,0,0,0,0,0,0,,0,20,29,221,3,1,0,245,76,13,16.8306838707347,0,0.902040816326531,0.0865671641791045,0.08316361167685,0.188065274442452,0,40.1,60.1
2017,REG,00-0031577,J.Allen,Javorius Allen,RB,RB,"https://static.www.nfl.com/image/private/f_auto,q_auto/league/jguqo1kwlkfamf537de0",16,BAL,0,0,0,0,0,0,0,0,0,0,0,0,,0,,,153,591,4,0,0,38,-11.2360589410311,0,46,60,250,2,0,0,47,218,16,-3.81678170394409,0,5.31914893617021,0.106951871657754,0.0127856365614799,0.169377753079667,0,120.1,166.1
2017,REG,00-0031588,S.Diggs,Stefon Diggs,WR,WR,"https://static.www.nfl.com/image/private/f_auto,q_auto/league/zf6nbnzcfzu4y7yq2nzk",14,MIN,0,0,0,0,0,0,0,0,0,0,0,0,,0,,,8,13,0,0,0,1,-2.47664117359091,0,64,95,849,8,0,0,1075,298,42,47.1629341577221,0,0.789767441860465,0.209251101321586,0.308996838171889,0.530174438702701,0,134.2,198.2
2017,REG,00-0031589,B.Hundley,Brett Hundley,QB,QB,"https://static.www.nfl.com/image/private/f_auto,q_auto/league/lgplktjykzjrnjsn9x8y",11,GB,192,316,1836,9,12,29,197,2,1,2393,1015,89,-76.2783510611966,1,0.767237776849143,0.0078423151576093,36,270,2,1,1,21,14.5038684858882,0,1,1,10,0,0,0,-5,15,1,0.606652478454635,0,0.0,0.032258064516129,-0.0267379679144385,0.0296705192340866,0,123.44,124.44
2017,REG,00-0031590,J.Ajayi,Jay Ajayi,RB,RB,"https://static.www.nfl.com/image/private/f_auto,q_auto/league/bt0drbhvsjykf2xxvskx",14,PHI,0,0,0,0,0,0,0,0,0,0,0,0,,0,,,208,873,1,3,2,39,-23.5762643634645,0,24,34,158,1,0,0,-23,176,8,-3.03605002881928,0,-6.86956521739131,0.0708333333333333,-0.0060750132065504,0.101997490755415,0,111.1,135.1
2017,REG,00-0031595,M.Burton,Michael Burton,FB,RB,"https://static.www.nfl.com/image/private/f_auto,q_auto/league/y8chssh9pcuzv5uc7nai",7,CHI,0,0,0,0,0,0,0,0,0,0,0,0,,0,,,4,9,0,0,0,2,-1.31905743351672,0,2,4,8,0,0,0,-1,9,0,-1.40079154324485,0,-8.0,0.0416666666666667,-0.0039370078740157,0.059744094488189,0,1.7,3.7
2017,REG,00-0031598,N.Boyle,Nick Boyle,TE,TE,"https://static.www.nfl.com/image/private/f_auto,q_auto/league/emqvoudb71kgmkfphmuw",15,BAL,0,0,0,0,0,0,0,0,0,0,0,0,,0,,,0,0,0,0,0,0,,0,28,37,203,0,0,0,75,153,11,3.32432296323062,1,2.70666666666667,0.0726915520628684,0.0225631768953069,0.124831551921017,0,22.3,50.3
2017,REG,00-0031599,C.Artis-Payne,Cameron Artis-Payne,RB,RB,"https://static.www.nfl.com/image/private/f_auto,q_auto/league/vaeghufm3dkzmsjhb8hg",5,CAR,0,0,0,0,0,0,0,0,0,0,0,0,,0,,,18,95,1,0,0,5,1.66151555709075,0,1,1,2,0,0,0,-4,6,0,-0.453942394466139,0,-0.5,0.0333333333333333,-0.0117302052785924,0.0417888563049853,0,15.7,16.7
2017,REG,00-0031609,A.Derby,A.J. Derby,TE,TE,"https://static.www.nfl.com/image/private/f_auto,q_auto/league/c2bqxdpyb4kn75l4qj1c",11,MIA,0,0,0,0,0,0,0,0,0,0,0,0,,0,,,0,0,0,0,0,0,,0,21,40,244,2,1,1,362,92,11,-7.39442670887986,0,0.674033149171271,0.101010101010101,0.108480671261612,0.22745162139828,0,34.4,55.4
2017,REG,00-0031612,A.Ripkowski,Aaron Ripkowski,FB,RB,"https://static.www.nfl.com/image/private/f_auto,q_auto/league/aln8oo1hxammcilgzi72",11,GB,0,0,0,0,0,0,0,0,0,0,0,0,,0,,,5,13,0,0,0,0,-1.70913988532266,0,7,10,39,0,0,0,21,22,1,-1.00066293973941,0,1.85714285714286,0.0314465408805031,0.0096685082872928,0.0539377671218597,0,5.2,12.2
2017,REG,00-0031626,B.Mihalik,Brian Mihalik,T,OL,"https://static.www.nfl.com/image/private/f_auto,q_auto/league/sy2hcfcmwdbb2zutn77w",1,DET,0,0,0,0,0,0,0,0,0,0,0,0,,0,,,0,0,0,0,0,0,,0,1,1,-4,0,0,0,-4,0,0,-0.767807197657353,0,0.0,0.0303030303030303,-0.0141342756183746,0.0355605525216833,0,-0.4,0.6
2017,REG,00-0031665,Z.Zenner,Zach Zenner,RB,RB,"https://static.www.nfl.com/image/private/f_auto,q_auto/league/deiznogchpv1vbrmyuax",7,DET,0,0,0,0,0,0,0,0,0,0,0,0,,0,,,14,26,1,0,0,2,-9.30421267094121,0,0,1,0,0,0,0,9,0,0,-1.29434063378721,0,0.0,0.0196078431372549,0.0314685314685315,0.0514397367338544,0,8.6,8.6
2017,REG,00-0031682,T.Ward,Terron Ward,RB,RB,"https://static.www.nfl.com/image/private/f_auto,q_auto/league/wcq3c0qgpkzoegi0yn6w",4,ATL,0,0,0,0,0,0,0,0,0,0,0,0,,0,,,30,129,0,1,1,7,-9.21678721840726,0,3,3,14,0,0,0,-7,21,1,-0.0850625258171931,0,-2.0,0.032967032967033,-0.0080091533180778,0.043844142127895,0,12.3,15.3
2017,REG,00-0031687,R.Mostert,Raheem Mostert,RB,RB,"https://static.www.nfl.com/image/private/f_auto,q_auto/league/jt7n28bmkyobsxmdbvqu",3,SF,0,0,0,0,0,0,0,0,0,0,0,0,,0,,,6,30,0,1,1,1,-3.32140194170643,0,0,0,0,0,0,0,0,0,0,,0,,,,,0,1.0,1.0
2017,REG,00-0031690,E.Tomlinson,Eric Tomlinson,TE,TE,"https://static.www.nfl.com/image/private/f_auto,q_auto/league/swiwooxium4wmas8wq4c",8,NYJ,0,0,0,0,0,0,0,0,0,0,0,0,,0,,,0,0,0,0,0,0,,0,8,11,121,1,0,0,66,68,4,2.40396570513258,0,1.83333333333333,0.0426356589147287,0.0370786516853933,0.0899085445518683,0,18.1,26.1
2017,REG,00-0031697,J.Taylor,Jordan Taylor,WR,WR,"https://static.www.nfl.com/image/private/f_auto,q_auto/league/exe8hkn8d13tthubzz5s",6,DEN,0,0,0,0,0,0,0,0,0,0,0,0,,0,,,0,0,0,0,0,0,,0,13,20,142,0,0,0,206,45,5,-0.0471857457832936,0,0.689320388349515,0.0862068965517242,0.117378917378917,0.211475586992828,0,14.2,27.2
2017,REG,00-0031731,C.Grant,Corey Grant,RB,RB,"https://static.www.nfl.com/image/private/f_auto,q_auto/league/gj5yoyyx8nulm8ss037t",8,JAX,0,0,0,0,0,0,0,0,0,0,0,0,,0,,,30,248,2,0,0,10,13.0565023092786,0,3,4,41,0,0,0,1,35,2,1.8882198179289,0,41.0,0.0377358490566038,0.0012150668286755,0.0574543203649786,0,40.9,43.9
2017,REG,00-0031743,A.Hunt,Akeem Hunt,RB,RB,"https://static.www.nfl.com/image/private/f_auto,q_auto/league/mjsxqeuw6ng12xa1z4zy",7,KC,0,0,0,0,0,0,0,0,0,0,0,0,,0,,,8,23,0,0,0,1,-1.67651556083001,0,4,7,31,0,0,0,-8,45,1,-0.891866506251972,0,-3.875,0.0404624277456647,-0.0081716036772216,0.054973519044442,0,5.4,9.4
2017,REG,00-0031744,M.LaCosse,Matt LaCosse,TE,TE,"https://static.www.nfl.com/image/private/f_auto,q_auto/league/yt2cjnrobixknkfi5vud",1,NYG,0,0,0,0,0,0,0,0,0,0,0,0,,0,,,0,0,0,0,0,0,,0,0,1,0,0,0,0,2,0,0,-0.974674112047069,0,0.0,0.0526315789473684,0.0294117647058824,0.0995356037151703,0,0.0,0.0
2017,REG,00-0031782,E.Rogers,Eli Rogers,WR,WR,"https://static.www.nfl.com/image/private/f_auto,q_auto/league/wj9e3uvudi1wvdsr0qdi",11,PIT,0,0,0,0,0,0,0,0,0,0,0,0,,0,,,0,0,0,0,0,0,,0,18,36,149,1,0,0,270,81,9,-11.1329772608491,0,0.551851851851852,0.0916030534351145,0.0801186943620178,0.193487666206084,0,20.9,38.9
2017,REG,00-0031793,T.Watson,Terrell Watson,RB,RB,"https://static.www.nfl.com/image/private/f_auto,q_auto/league/efo2nvsa4z0nlm5dquiu",5,PIT,0,0,0,0,0,0,0,0,0,0,0,0,,0,,,5,8,0,0,0,3,-2.57518722710665,0,0,0,0,0,0,0,0,0,0,,0,,,,,0,0.8,0.8
2017,REG,00-0031800,T.Heinicke,Taylor Heinicke,QB,QB,"https://static.www.nfl.com/image/private/f_auto,q_auto/league/r9uju522lkr3sq3vwgft",1,HOU,1,1,10,0,0,1,16,0,0,5,5,1,-1.04181647161022,0,2.0,,1,2,0,0,0,0,-0.649228858295828,0,0,0,0,0,0,0,0,0,0,,0,,,,,0,0.6,0.6
2017,REG,00-0031801,J.Leslie,Jordan Leslie,WR,WR,"https://static.www.nfl.com/image/private/f_auto,q_auto/league/ri47aisqwhmvn3epenqm",1,CLE,0,0,0,0,0,0,0,0,0,0,0,0,,0,,,0,0,0,0,0,0,,0,1,1,26,0,0,0,25,1,1,2.52932912073447,0,1.04,0.0217391304347826,0.0538793103448276,0.0703242128935532,0,2.6,3.6
2017,REG,00-0031806,M.Brown,Malcolm Brown,RB,RB,"https://static.www.nfl.com/image/private/f_auto,q_auto/league/zxnjheichwlnvvu5qdyl",11,LA,0,0,0,0,0,0,0,0,0,0,0,0,,0,,,63,246,1,1,0,10,-8.88087190937949,0,9,11,53,0,0,0,-9,59,3,-0.244663156249664,0,-5.88888888888889,0.055,-0.0075503355704698,0.0772147651006711,1,41.9,50.9
2017,REG,00-0031834,L.Pinkard,Larry Pinkard,WR,WR,"https://static.www.nfl.com/image/private/f_auto,q_auto/league/jourdarlwzcekq2aixse",1,JAX,0,0,0,0,0,0,0,0,0,0,0,0,,0,,,0,0,0,0,0,0,,0,1,1,5,0,0,0,5,0,0,-0.251767793670297,0,1.0,0.037037037037037,0.0218340611353712,0.0708393983503154,0,0.5,1.5
2017,REG,00-0031868,D.Byrd,Damiere Byrd,WR,WR,"https://static.www.nfl.com/image/private/f_auto,q_auto/league/cskulleqxehtrgkqsl3u",8,CAR,0,0,0,0,0,0,0,0,0,0,0,0,,0,,,1,12,0,0,0,1,0.808565587620251,0,10,17,105,2,0,0,145,61,5,-0.786053941764836,0,0.724137931034483,0.0758928571428571,0.0782514840798705,0.168615324570195,1,29.7,39.7
2017,REG,00-0031884,G.Holmes,Gabe Holmes,TE,TE,"https://static.www.nfl.com/image/private/f_auto,q_auto/league/xijxyhyndupwwmko56ke",1,ARI,0,0,0,0,0,0,0,0,0,0,0,0,,0,,,0,0,0,0,0,0,,0,0,1,0,0,0,0,15,0,0,-0.56882599106757,0,0.0,0.025,0.0454545454545455,0.0693181818181818,0,0.0,0.0
2017,REG,00-0031897,T.Rawls,Thomas Rawls,RB,RB,"https://static.www.nfl.com/image/private/f_auto,q_auto/league/uxyelm5j4nm67gmnbih9",9,SEA,0,0,0,0,0,0,0,0,0,0,0,0,,0,,,58,157,0,1,1,6,-22.7389271089342,0,9,13,94,0,0,0,28,79,4,-1.57696339238002,0,3.35714285714286,0.0619047619047619,0.0128972823583602,0.101885240507995,0,23.1,32.1
2017,REG,00-0031900,R.Smith,Rod Smith,RB,RB,"https://static.www.nfl.com/image/private/f_auto,q_auto/league/zmhmhduytwid1kjim5rp",10,DAL,0,0,0,0,0,0,0,0,0,0,0,0,,0,,,55,232,4,0,0,15,5.49679722008295,0,19,23,202,1,0,0,47,176,9,10.6519331232241,0,4.29787234042553,0.0995670995670996,0.029559748427673,0.17004247325002,0,73.4,92.4
2017,REG,00-0031904,B.Callahan,Bryce Callahan,CB,DB,"https://static.www.nfl.com/image/private/f_auto,q_auto/league/wrmvesdgdxl3pjhssgyh",1,CHI,0,0,0,0,0,0,0,0,0,0,0,0,,0,,,0,0,0,0,0,0,,0,0,0,0,0,0,0,0,0,0,,0,,,,,1,6.0,6.0
2017,REG,00-0031939,M.Jones,Matt Jones,RB,RB,"https://static.www.nfl.com/image/private/f_auto,q_auto/league/eektuvevqtzbqstzx3pv",2,IND,0,0,0,0,0,0,0,0,0,0,0,0,,0,,,5,14,0,0,0,1,-0.928883012384176,0,0,0,0,0,0,0,0,0,0,,0,,,,,0,1.4,1.4
2017,REG,00-0031941,J.Crowder,Jamison Crowder,WR,WR,"https://static.www.nfl.com/image/private/f_auto,q_auto/league/glmuevjuy3coqf1t3rqj",15,WAS,0,0,0,0,0,0,0,0,0,0,0,0,,0,,,7,34,0,0,0,1,0.296061115106568,0,66,103,789,3,1,0,723,370,37,-4.75134421595579,0,1.09128630705394,0.204365079365079,0.186100386100386,0.436817889317889,0,100.3,166.3
2017,REG,00-0031951,J.O'Shaughnessy,James O'Shaughnessy,TE,TE,"https://static.www.nfl.com/image/private/f_auto,q_auto/league/sz5g57zhnshipkpw39sz",14,JAX,0,0,0,0,0,0,0,0,0,0,0,0,,0,,,0,0,0,0,0,0,,0,14,24,149,1,0,0,134,91,9,6.87319542524209,0,1.11194029850746,0.0555555555555556,0.0409660654234179,0.112009579129726,0,20.9,34.9
2017,REG,00-0031956,A.Chickillo,Anthony Chickillo,OLB,LB,"https://static.www.nfl.com/image/private/f_auto,q_auto/league/nkrec1iu8q7crtwupapo",1,PIT,0,0,0,0,0,0,0,0,0,0,0,0,,0,,,0,0,0,0,0,0,,0,0,0,0,0,0,0,0,0,0,,0,,,,,1,6.0,6.0
2017,REG,00-0031959,M.Murphy,Marcus Murphy,RB,RB,"https://static.www.nfl.com/image/private/f_auto,q_auto/league/y9j91g8089mu9tjj0zis",1,BUF,0,0,0,0,0,0,0,0,0,0,0,0,,0,,,7,41,0,0,0,2,-0.282524121570849,0,2,2,7,0,0,0,-3,10,1,0.85328808077611,0,-2.33333333333333,0.0740740740740741,-0.0147058823529412,0.100816993464052,0,4.8,6.8
2017,REG,00-0032004,W.Tye,Will Tye,TE,TE,"https://static.www.nfl.com/image/private/f_auto,q_auto/league/dv5nojtrswp6cprkwn2y",2,NYJ,0,0,0,0,0,0,0,0,0,0,0,0,,0,,,0,0,0,0,0,0,,0,4,6,38,0,0,0,20,19,1,0.520239775835439,0,1.9,0.0967741935483871,0.0563380281690141,0.184597910040891,0,3.8,7.8
2017,REG,00-0032009,A.Humphries,Adam Humphries,WR,WR,"https://static.www.nfl.com/image/private/f_auto,q_auto/league/l56ywjejfpraigzs4qia",16,TB,0,0,0,0,0,0,0,0,0,0,0,0,,0,,,1,6,0,0,0,1,0.528460904955864,0,61,83,631,1,1,1,543,307,34,28.4731229124882,0,1.16206261510129,0.139261744966443,0.0884797132149259,0.270828416700113,0,67.7,128.7
2017,REG,00-0032048,M.Brown,Mack Brown,RB,RB,"https://static.www.nfl.com/image/private/f_auto,q_auto/league/fjzfchsmhpgl1uqiknek",2,WAS,0,0,0,0,0,0,0,0,0,0,0,0,,0,,,8,29,0,0,0,1,-4.29966645990498,0,1,1,11,0,0,0,2,9,1,0.676849025418051,0,5.5,0.0277777777777778,0.0072202166064982,0.0467208182912154,0,4.0,5.0
2017,REG,00-0032054,B.Perriman,Breshad Perriman,WR,WR,"https://static.www.nfl.com/image/private/f_auto,q_auto/league/zpwov1n42bi5lsqdlxhh",11,BAL,0,0,0,0,0,0,0,0,0,0,0,0,,0,,,0,0,0,0,0,0,,0,10,35,77,0,0,0,491,5,3,-21.8757536630346,0,0.156822810590631,0.0928381962864722,0.191273860537593,0.273148996806023,0,7.7,17.7
2017,REG,00-0032055,D.Funchess,Devin Funchess,TE,TE,"https://static.www.nfl.com/image/private/f_auto,q_auto/league/j0q0lmao9tg0rbviax6z",16,CAR,0,0,0,0,0,0,0,0,0,0,0,0,,0,,,0,0,0,0,0,0,,0,63,111,840,8,0,0,1442,296,40,34.0413767818715,0,0.58252427184466,0.225609756097561,0.340415486307838,0.576705474561828,0,132.0,195.0
2017,REG,00-0032058,T.Coleman,Tevin Coleman,RB,RB,"https://static.www.nfl.com/image/private/f_auto,q_auto/league/wiu4r7bvhcafs9vamqc",15,ATL,0,0,0,0,0,0,0,0,0,0,0,0,,0,,,156,628,5,1,0,27,-18.6409663669943,0,27,39,299,3,0,0,175,218,13,11.7008423495841,0,1.70857142857143,0.0915492957746479,0.0468164794007491,0.170095479242496,0,140.7,167.7
2017,REG,00-0032062,B.Bell,Blake Bell,TE,TE,"https://static.www.nfl.com/image/private/f_auto,q_auto/league/eqrmmjto8koqqc9j2kjj",3,MIN,0,0,0,0,0,0,0,0,0,0,0,0,,0,,,0,0,0,0,0,0,,0,3,4,19,0,0,0,6,12,1,-2.14760374766774,1,3.16666666666667,0.036697247706422,0.0062434963579604,0.0594163190102054,0,3.9,6.9
2017,REG,00-0032063,M.Davis,Mike Davis,RB,RB,"https://static.www.nfl.com/image/private/f_auto,q_auto/league/csrqinegeyunycijua2q",6,SEA,0,0,0,0,0,0,0,0,0,0,0,0,,0,,,68,240,0,0,0,12,-19.5154304143409,0,15,18,131,0,0,0,-37,168,6,2.28870544140227,0,-3.54054054054054,0.105263157894737,-0.0237483953786906,0.141270860077022,0,37.1,52.1
2017,REG,00-0032098,D.Brown,Daniel Brown,TE,TE,"https://static.www.nfl.com/image/private/f_auto,q_auto/league/fnhg5hbp5sjn3uuanqua",8,CHI,0,0,0,0,0,0,0,0,0,0,0,0,,0,,,0,0,0,0,0,0,,0,13,20,129,0,0,0,151,46,9,3.73972588362274,0,0.85430463576159,0.0819672131147541,0.0794736842105263,0.1785823986195,0,12.9,25.9
2017,REG,00-0032104,A.Abdullah,Ameer Abdullah,RB,RB,"https://static.www.nfl.com/image/private/f_auto,q_auto/league/cvjebibvlvv8bclqyc8a",14,DET,0,0,0,0,0,0,0,0,0,0,0,0,,0,,,165,552,4,2,1,24,-36.8281672577141,0,25,35,162,1,0,0,53,146,13,3.1321236112231,0,3.05660377358491,0.0751072961373391,0.0143359480659995,0.122696107852208,0,99.4,124.4
2017,REG,00-0032112,J.Nelson,J.J. Nelson,WR,WR,"https://static.www.nfl.com/image/private/f_auto,q_auto/league/rdpp1eiaqse92yvujbs0",16,ARI,0,0,0,0,0,0,0,0,0,0,0,0,,0,,,3,37,0,0,0,2,2.45579954772256,0,29,61,508,2,1,0,1051,59,21,-11.6407535749383,0,0.483349191246432,0.103040540540541,0.183420593368237,0.282955226168577,0,66.5,95.5
2017,REG,00-0032115,K.Clay,Kaelin Clay,WR,WR,"https://static.www.nfl.com/image/private/f_auto,q_auto/league/u1beu9elu48ry0b1rzjl",11,CAR,0,0,0,0,0,0,0,0,0,0,0,0,,0,,,3,27,0,0,0,1,0.0765453724889085,0,6,20,85,0,0,0,338,20,5,-2.08018096411251,0,0.251479289940828,0.0651465798045603,0.142375737152485,0.19738288571358,1,17.2,23.2
2017,REG,00-0032117,N.O'Leary,Nick O'Leary,TE,TE,"https://static.www.nfl.com/image/private/f_auto,q_auto/league/f5411hjmqqxoa27quwfz",13,BUF,0,0,0,0,0,0,0,0,0,0,0,0,,0,,,0,0,0,0,0,0,,0,22,32,322,2,1,1,360,120,14,16.0541535515681,0,0.894444444444445,0.0822622107969152,0.108597285067873,0.199411415742884,0,42.2,64.2
2017,REG,00-0032120,N.Sterling,Neal Sterling,TE,TE,"https://static.www.nfl.com/image/private/f_auto,q_auto/league/zeft21ybfc5pjye3lmq2",4,NYJ,0,0,0,0,0,0,0,0,0,0,0,0,,0,,,0,0,0,0,0,0,,0,6,11,82,0,0,0,96,42,5,4.20097863703268,0,0.854166666666667,0.0901639344262295,0.088724584103512,0.197353110511803,0,8.2,14.2
2017,REG,00-0032123,T.McBride,Tre McBride,WR,WR,"https://static.www.nfl.com/image/private/f_auto,q_auto/league/gxiebdueieuygbu3b14z",5,CHI,0,0,0,0,0,0,0,0,0,0,0,0,,0,,,0,0,0,0,0,0,,0,8,15,144,0,0,0,213,50,6,-2.89277090104337,0,0.676056338028169,0.0967741935483871,0.160270880361174,0.257350906575402,0,14.4,22.4
2017,REG,00-0032128,C.Conley,Chris Conley,WR,WR,"https://static.www.nfl.com/image/private/f_auto,q_auto/league/wddhtkz5tmo47x5s3qnq",5,KC,0,0,0,0,0,0,0,0,0,0,0,0,,0,,,0,0,0,0,0,0,,0,11,16,175,0,0,0,231,45,8,12.642985744487,0,0.757575757575758,0.103896103896104,0.204244031830239,0.298814978125323,0,17.5,28.5
2017,REG,00-0032130,J.Fowler,Jalston Fowler,FB,RB,"https://static.www.nfl.com/image/private/f_auto,q_auto/league/vzwokuiytin3pfyp1icy",3,TEN,0,0,0,0,0,0,0,0,0,0,0,0,,0,,,2,4,1,0,0,1,0.866249207931105,0,0,1,0,0,0,0,9,0,0,-0.486979516921565,0,0.0,0.032258064516129,0.0384615384615385,0.0753101736972705,0,6.4,6.4
2017,REG,00-0032134,C.Uzomah,C.J. Uzomah,TE,TE,"https://static.www.nfl.com/image/private/f_auto,q_auto/league/hnkflpl5pzbfbdvtcv1c",9,CIN,0,0,0,0,0,0,0,0,0,0,0,0,,0,,,0,0,0,0,0,0,,0,10,15,92,1,0,0,81,50,6,3.62891199643491,0,1.1358024691358,0.0517241379310345,0.0362578334825425,0.102966690334332,0,15.2,25.2
2017,REG,00-0032135,J.James,Jesse James,TE,TE,"https://static.www.nfl.com/image/private/f_auto,q_auto/league/rgk9zqdx9lmbcblem3xn",14,PIT,0,0,0,0,0,0,0,0,0,0,0,0,,0,,,0,0,0,0,0,0,,0,43,63,372,3,0,0,386,192,20,11.9395770173911,0,0.963730569948187,0.117537313432836,0.0825138948268491,0.234065696528048,0,55.2,98.2
2017,REG,00-0032139,B.Koyack,Ben Koyack,TE,TE,"https://static.www.nfl.com/image/private/f_auto,q_auto/league/hg1fdty7xbpwztueey8j",6,JAX,0,0,0,0,0,0,0,0,0,0,0,0,,0,,,0,0,0,0,0,0,,0,5,7,38,0,0,0,29,14,0,-0.0617436609463766,1,1.31034482758621,0.031390134529148,0.019053876478318,0.0604229153285446,0,5.8,10.8
2017,REG,00-0032141,G.Swaim,Geoff Swaim,TE,TE,"https://static.www.nfl.com/image/upload/f_auto,q_auto/league/hx9yaocl4a6owbwaqajy",2,DAL,0,0,0,0,0,0,0,0,0,0,0,0,,0,,,0,0,0,0,0,0,,0,2,2,25,0,0,0,14,11,2,2.12224709405564,0,1.78571428571429,0.0408163265306122,0.0465116279069768,0.0937826293308021,0,2.5,4.5
2017,REG,00-0032144,M.Gordon,Melvin Gordon,RB,RB,"https://static.www.nfl.com/image/private/f_auto,q_auto/league/i4g8x7yotpgszlyanow0",16,LAC,0,0,0,0,0,0,0,0,0,0,0,0,,0,,,284,1105,8,1,0,58,-23.0599498233,0,58,83,476,4,0,0,-21,495,22,8.97435792588687,0,-22.6666666666667,0.144851657940663,-0.0044099118017639,0.21419054864976,0,230.1,288.1
2017,REG,00-0032145,C.Erving,Cameron Erving,T,OL,"https://static.www.nfl.com/image/private/f_auto,q_auto/league/gjsrqsp5gqr0nkowimzb",1,KC,0,0,0,0,0,0,0,0,0,0,0,0,,0,,,0,0,0,0,0,0,,0,0,1,0,0,0,0,15,0,0,-1.69692976493388,0,0.0,0.03125,0.0356294536817102,0.0718156175771972,0,0.0,0.0
2017,REG,00-0032147,T.Sambrailo,Ty Sambrailo,T,OL,"https://static.www.nfl.com/image/private/f_auto,q_auto/league/rzx2kzsxlbhmzevaekzp",1,ATL,0,0,0,0,0,0,0,0,0,0,0,0,,0,,,0,0,0,0,0,0,,0,0,1,0,0,0,0,1,0,0,-0.420548020832939,0,0.0,0.037037037037037,0.0038610038610038,0.0582582582582583,0,0.0,0.0
2017,REG,00-0032156,T.Siemian,Trevor Siemian,QB,QB,"https://static.www.nfl.com/image/private/f_auto,q_auto/league/vmksfbms9zefxezf39sb",11,DEN,206,349,2285,12,14,33,220,4,2,3044,1001,112,-47.7800911050839,0,0.75065703022339,0.0279644132932597,31,127,1,1,0,8,4.33336592541203,0,0,0,0,0,0,0,0,0,0,,0,,,,,0,126.1,126.1
2017,REG,00-0032160,T.Williams,Tyrell Williams,WR,WR,"https://static.www.nfl.com/image/private/f_auto,q_auto/league/qixhze7yidydtc1vyeih",16,LAC,0,0,0,0,0,0,0,0,0,0,0,0,,0,,,0,0,0,0,0,0,,0,43,69,728,4,1,1,988,320,29,25.9483567854008,0,0.736842105263158,0.120418848167539,0.20747585048299,0.325861367589402,0,94.8,137.8
2017,REG,00-0032166,S.Coates,Sammie Coates,WR,WR,"https://static.www.nfl.com/image/private/f_auto,q_auto/league/qtqofzkmblah8ycd4687",5,CLE,0,0,0,0,0,0,0,0,0,0,0,0,,0,,,0,0,0,0,0,0,,0,6,11,70,0,0,0,146,16,2,-0.963937537191669,0,0.479452054794521,0.0585106382978723,0.0880579010856454,0.14940648820676,0,7.0,13.0
2017,REG,00-0032187,D.Johnson,David Johnson,RB,RB,"https://static.www.nfl.com/image/private/f_auto,q_auto/league/y7dtsyyjnoafefkbylbb",1,ARI,0,0,0,0,0,0,0,0,0,0,0,0,,0,,,11,23,0,1,1,0,-11.0190216309275,0,6,9,67,0,1,0,34,46,3,0.286118269897997,0,1.97058823529412,0.191489361702128,0.0807600950118765,0.343766109061505,0,7.0,13.0
2017,REG,00-0032188,V.Mayle,Vince Mayle,WR,WR,"https://static.www.nfl.com/image/private/f_auto,q_auto/league/rosldoxrxcni83bowf2y",3,BAL,0,0,0,0,0,0,0,0,0,0,0,0,,0,,,2,2,1,0,0,1,0.374894243315794,0,0,1,0,0,0,0,7,0,0,-0.608620295650326,0,0.0,0.024390243902439,0.0236486486486487,0.0531394199077126,0,6.2,6.2
2017,REG,00-0032200,T.Montgomery,Ty Montgomery,WR,WR,"https://static.www.nfl.com/image/private/f_auto,q_auto/league/eagn4fvhnc9cp3wxeqoz",8,GB,0,0,0,0,0,0,0,0,0,0,0,0,,0,,,71,273,3,0,0,13,-4.73654544146848,0,23,31,173,1,0,0,-27,215,8,3.81056662787642,0,0.0,0.120622568093385,-0.0154197601370645,0.170140020044133,0,68.6,91.6
2017,REG,00-0032208,P.Dorsett,Phillip Dorsett,WR,WR,"https://static.www.nfl.com/image/private/f_auto,q_auto/league/g69i8oxbeeqpjz5kvoqo",9,NE,0,0,0,0,0,0,0,0,0,0,0,0,,0,,,1,7,0,0,0,0,0.28828816767782,0,12,18,194,0,0,0,365,68,8,6.73022456723265,0,0.531506849315069,0.0553846153846154,0.116501755505905,0.164628151931057,0,20.1,32.1
2017,REG,00-0032209,T.Yeldon,T.J. Yeldon,RB,RB,"https://static.www.nfl.com/image/private/f_auto,q_auto/league/ktxkn2ltkmqfb5ugunt4",10,JAX,0,0,0,0,0,0,0,0,0,0,0,0,,0,,,49,253,2,2,1,7,-3.63837104788862,0,30,41,224,0,0,0,58,188,14,-0.685343503628841,0,3.86206896551724,0.127725856697819,0.0219281663516068,0.206938501492854,0,57.7,87.7
2017,REG,00-0032211,T.Lockett,Tyler Lockett,WR,WR,"https://static.www.nfl.com/image/private/f_auto,q_auto/league/f9wttnkcqc2scahf9oth",16,SEA,0,0,0,0,0,0,0,0,0,0,0,0,,0,,,10,58,0,0,0,4,4.6206637728319,0,45,71,555,2,0,0,907,188,23,13.2689640805849,0,0.611907386990077,0.134980988593156,0.173323141601376,0.323797682010697,1,79.3,124.3
2017,REG,00-0032214,T.Kroft,Tyler Kroft,TE,TE,"https://static.www.nfl.com/image/private/f_auto,q_auto/league/ztko1uhl01ebiutefibj",15,CIN,0,0,0,0,0,0,0,0,0,0,0,0,,0,,,0,0,0,0,0,0,,0,42,62,404,7,0,0,465,193,23,17.1676186474154,0,0.868817204301075,0.135667396061269,0.124531333690412,0.290673027675192,0,82.4,124.4
2017,REG,00-0032227,J.Heuerman,Jeff Heuerman,TE,TE,"https://static.www.nfl.com/image/private/f_auto,q_auto/league/u3cggxnuwxem6rnkwzvg",10,DEN,0,0,0,0,0,0,0,0,0,0,0,0,,0,,,0,0,0,0,0,0,,0,9,18,142,2,0,0,154,63,5,-3.71458173979772,0,0.922077922077922,0.0534124629080119,0.0544939844302902,0.118264483463221,0,26.2,35.2
2017,REG,00-0032241,T.Gurley,Todd Gurley,RB,RB,"https://static.www.nfl.com/image/private/f_auto,q_auto/league/ym7oprwel3dxbab0k7x9",15,LA,0,0,0,0,0,0,0,0,0,0,0,0,,0,,,279,1305,13,5,1,66,-11.2172251903125,0,64,87,788,6,0,0,82,765,32,20.93201249982,0,9.60975609756098,0.182773109243697,0.0217103521313212,0.289356910357471,0,321.3,385.3
2017,REG,00-0032245,S.Mannion,Sean Mannion,QB,QB,"https://static.www.nfl.com/image/private/f_auto,q_auto/league/lcuc7hhiijmt8xtitm77",5,LA,22,37,185,0,0,3,20,1,1,256,76,8,-16.0404724127906,0,0.72265625,-0.006789703614268,9,-2,0,1,0,3,1.61426816828316,0,0,0,0,0,0,0,0,0,0,,0,,,,,0,5.2,5.2
2017,REG,00-0032250,K.Williams,Kasen Williams,WR,WR,"https://static.www.nfl.com/image/private/f_auto,q_auto/league/wclsdffaruwekvlwbmx3",6,CLE,0,0,0,0,0,0,0,0,0,0,0,0,,0,,,0,0,0,0,0,0,,0,9,18,84,0,0,0,196,21,2,-10.0586035222805,0,0.428571428571429,0.079295154185022,0.115634218289086,0.199886684079893,0,8.4,17.4
2017,REG,00-0032256,C.Walford,Clive Walford,TE,TE,"https://static.www.nfl.com/image/private/f_auto,q_auto/league/fjs40pz6ry6p7jqzckeg",6,LV,0,0,0,0,0,0,0,0,0,0,0,0,,0,,,0,0,0,0,0,0,,0,9,13,80,0,0,0,145,22,2,-1.24266447796253,0,0.551724137931035,0.0553191489361702,0.067036523347203,0.129904289747297,0,8.0,17.0
2017,REG,00-0032257,D.Johnson,Duke Johnson,RB,RB,"https://static.www.nfl.com/image/private/f_auto,q_auto/league/hf7lxjjesduggqdfktsg",16,CLE,0,0,0,0,0,0,0,0,0,0,0,0,,0,,,82,348,4,1,0,26,3.9435864383122,0,74,93,693,3,2,2,199,634,31,5.06310204232075,0,3.48241206030151,0.164310954063604,0.0386032977691562,0.273488739533816,0,142.1,216.1
2017,REG,00-0032268,M.Mariota,Marcus Mariota,QB,QB,"https://static.www.nfl.com/image/private/f_auto,q_auto/league/dpbdwpmpd9vht8hzqqq6",15,TEN,281,453,3232,13,15,27,173,0,0,4043,1254,147,-7.62624245611102,0,0.799406381399951,0.080340839837298,60,312,5,2,1,22,10.3851460156357,0,0,0,0,0,0,0,0,0,0,,0,,,,,0,210.48,210.48
2017,REG,00-0032298,B.Hill,Bronson Hill,RB,RB,"https://static.www.nfl.com/image/private/f_auto,q_auto/league/plws0l63xcalmdkv9wwb",1,ARI,0,0,0,0,0,0,0,0,0,0,0,0,,0,,,1,-2,0,0,0,0,-1.47879130579531,0,0,0,0,0,0,0,0,0,0,,0,,,,,0,-0.2,-0.2
2017,REG,00-0032319,R.Travis,Ross Travis,TE,TE,"https://static.www.nfl.com/image/private/f_auto,q_auto/league/pqolizpud8fnjlh1s44h",10,IND,0,0,0,0,0,0,0,0,0,0,0,0,,0,,,0,0,0,0,0,0,,0,7,17,76,0,1,0,202,34,5,-7.62924701964106,0,0.376237623762376,0.0537974683544304,0.0828887977020927,0.13871836092311,0,7.6,14.6
2017,REG,00-0032355,C.Rogers,Chester Rogers,WR,WR,"https://static.www.nfl.com/image/private/f_auto,q_auto/league/lkszsifhpwtjpvjvlxw5",10,IND,0,0,0,0,0,0,0,0,0,0,0,0,,0,,,3,8,0,0,0,0,-0.756947060814127,0,23,37,284,1,0,0,345,104,15,3.64512426851087,0,0.823188405797101,0.125850340136054,0.171046108081309,0.308507785860998,0,35.2,58.2
2017,REG,00-0032362,M.Harris,Maurice Harris,WR,WR,"https://static.www.nfl.com/image/private/f_auto,q_auto/league/w31fw8vgazrlgvyp2szu",3,WAS,0,0,0,0,0,0,0,0,0,0,0,0,,0,,,0,0,0,0,0,0,,0,4,6,62,1,0,0,62,8,3,2.76243624114431,0,1.0,0.0540540540540541,0.10671256454389,0.155779876261804,0,12.2,16.2
2017,REG,00-0032371,R.Kelley,Rob Kelley,RB,RB,"https://static.www.nfl.com/image/private/f_auto,q_auto/league/xh5lyubvptmxmccydl73",7,WAS,0,0,0,0,0,0,0,0,0,0,0,0,,0,,,62,194,3,0,0,8,-8.04813560389448,0,4,7,18,0,0,0,-15,20,3,-1.03256537875859,0,-1.2,0.0372340425531915,-0.0102179836512262,0.0486984752739289,0,39.2,43.2
2017,REG,00-0032375,J.Kerridge,Joe Kerridge,FB,RB,"https://static.www.nfl.com/image/private/f_auto,q_auto/league/jq2lqxdjddotlgnpvpyu",1,GB,0,0,0,0,0,0,0,0,0,0,0,0,,0,,,0,0,0,0,0,0,,0,1,1,3,0,0,0,3,0,0,-0.45988075673813,0,1.0,0.0285714285714286,0.0092592592592592,0.0493386243386243,0,0.3,1.3
2017,REG,00-0032377,J.Ferguson,Josh Ferguson,RB,RB,"https://static.www.nfl.com/image/private/f_auto,q_auto/league/htmbqglun1ydytcfrltb",3,IND,0,0,0,0,0,0,0,0,0,0,0,0,,0,,,1,5,0,0,0,0,-0.158175949705765,0,3,4,16,0,0,0,9,24,0,-0.311792748630978,0,1.77777777777778,0.0645161290322581,0.0243243243243243,0.113801220575414,0,2.1,5.1
2017,REG,00-0032385,S.Shepard,Sterling Shepard,WR,WR,"https://static.www.nfl.com/image/private/f_auto,q_auto/league/qbsz1nkk6lnudmcwimer",11,NYG,0,0,0,0,0,0,0,0,0,0,0,0,,0,,,4,4,0,0,0,1,-2.49109642487019,0,59,84,731,2,1,0,750,295,36,29.8007668551986,0,0.974666666666667,0.183807439824945,0.220329024676851,0.429941477011213,0,85.5,144.5
2017,REG,00-0032392,A.Hooper,Austin Hooper,TE,TE,"https://static.www.nfl.com/image/private/f_auto,q_auto/league/jp2z8s6pcanbitupycwc",16,ATL,0,0,0,0,0,0,0,0,0,0,0,0,,0,,,0,0,0,0,0,0,,0,49,65,526,3,0,0,430,262,18,3.7733123344624,0,1.22325581395349,0.125725338491296,0.0927323700668536,0.253500666783741,0,70.6,119.6
2017,REG,00-0032393,C.Prosise,C.J. Prosise,RB,RB,"https://static.www.nfl.com/image/private/f_auto,q_auto/league/rcutby5hu0vtijh6adle",4,SEA,0,0,0,0,0,0,0,0,0,0,0,0,,0,,,11,23,0,0,0,1,-3.93263713544002,0,6,11,87,0,0,0,86,50,3,1.26451259531314,0,1.01162790697674,0.126436781609195,0.115281501340483,0.270352223352131,0,11.0,17.0
2017,REG,00-0032394,N.Vannett,Nick Vannett,TE,TE,"https://static.www.nfl.com/image/private/f_auto,q_auto/league/cccwwxb6tvsfhm3ylqul",8,SEA,0,0,0,0,0,0,0,0,0,0,0,0,,0,,,0,0,0,0,0,0,,0,12,15,124,1,0,0,108,45,6,5.89599346870091,0,1.14814814814815,0.0583657587548638,0.0397058823529412,0.115342755779355,0,18.4,30.4
2017,REG,00-0032398,C.Moore,Chris Moore,WR,WR,"https://static.www.nfl.com/image/private/f_auto,q_auto/league/tov68mj1pddkbfsfuajn",10,BAL,0,0,0,0,0,0,0,0,0,0,0,0,,0,,,2,-9,0,0,0,0,-2.76001570327207,0,18,38,248,3,0,0,516,41,11,-5.41863632068271,0,0.48062015503876,0.0976863753213368,0.186753528773073,0.277257033123156,0,41.9,59.9
2017,REG,00-0032404,T.Ervin,Tyler Ervin,RB,RB,"https://static.www.nfl.com/image/private/f_auto,q_auto/league/tqevofjpvkvuvpdaoggm",3,HOU,0,0,0,0,0,0,0,0,0,0,0,0,,0,,,4,12,0,0,0,1,-0.728061878005974,0,8,11,38,0,0,0,57,12,1,-1.86854570909597,0,0.666666666666667,0.118279569892473,0.063758389261745,0.222050227321931,0,5.0,13.0
2017,REG,00-0032417,P.Perkins,Paul Perkins,RB,RB,"https://static.www.nfl.com/image/private/f_auto,q_auto/league/bvq9v0mxyltlm9b8lstx",7,NYG,0,0,0,0,0,0,0,0,0,0,0,0,,0,,,41,90,0,0,0,3,-12.8521610526368,0,8,10,46,0,0,0,-10,59,1,-2.03978544624988,0,-4.6,0.0515463917525773,-0.0081168831168831,0.0716377694470478,0,13.6,21.6
2017,REG,00-0032423,T.Davis,Trevor Davis,WR,WR,"https://static.www.nfl.com/image/private/f_auto,q_auto/league/hinncjtjusiowdpefuj6",6,GB,0,0,0,0,0,0,0,0,0,0,0,0,,0,,,2,13,0,0,0,0,0.589744348544627,0,5,7,70,0,0,0,69,34,2,1.94808277039406,0,1.01449275362319,0.0343137254901961,0.056883759274526,0.0912892197274623,0,8.3,13.3
2017,REG,00-0032426,A.Collins,Alex Collins,RB,RB,"https://static.www.nfl.com/image/private/f_auto,q_auto/league/ddlhbm7zsi5o69wh6z5o",15,BAL,0,0,0,0,0,0,0,0,0,0,0,0,,0,,,212,973,6,2,2,51,-1.44429121767155,0,23,36,187,0,2,0,-3,190,8,-4.96736814256292,0,-62.3333333333333,0.0952380952380952,-0.0011472275334608,0.14205408358372,0,148.0,171.0
2017,REG,00-0032429,J.Adams,Jerell Adams,TE,TE,"https://static.www.nfl.com/image/private/f_auto,q_auto/league/abomoszneuismb64qcgy",6,NYG,0,0,0,0,0,0,0,0,0,0,0,0,,0,,,0,0,0,0,0,0,,0,8,11,92,0,0,0,80,28,5,3.18582663460185,0,1.15,0.0567010309278351,0.055286800276434,0.123752306585256,0,9.2,17.2
2017,REG,00-0032430,D.Morgan,David Morgan,TE,TE,"https://static.www.nfl.com/image/private/f_auto,q_auto/league/vvmtt05lja1y2iulrwdp",7,MIN,0,0,0,0,0,0,0,0,0,0,0,0,,0,,,0,0,0,0,0,0,,0,10,12,95,1,0,0,73,57,5,9.42154658463551,0,1.3013698630137,0.0524017467248908,0.0398907103825137,0.106526117355096,0,15.5,25.5
2017,REG,00-0032431,J.Rudock,Jake Rudock,QB,QB,"https://static.www.nfl.com/image/private/f_auto,q_auto/league/lb8pxfnrvchcoy8y3c1h",1,DET,3,5,24,0,1,0,0,0,0,18,20,1,-6.67054759594612,0,1.33333333333333,0.0042246678048488,0,0,0,0,0,0,,0,0,0,0,0,0,0,0,0,0,,0,,,,,0,-1.04,-1.04
2017,REG,00-0032449,L.Edwards,Lachlan Edwards,P,SPEC,"https://static.www.nfl.com/image/private/f_auto,q_auto/league/a5k94hwnr5wayvwnkdbj",1,NYJ,1,1,31,0,0,0,0,0,0,6,25,1,2.48630293936003,0,5.16666666666667,,0,0,0,0,0,0,,0,0,0,0,0,0,0,0,0,0,,0,,,,,0,1.24,1.24
2017,REG,00-0032450,D.Washington,Dwayne Washington,RB,RB,"https://static.www.nfl.com/image/private/f_auto,q_auto/league/h1nintlpbk2zyxerjpy4",5,DET,0,0,0,0,0,0,0,0,0,0,0,0,,0,,,20,44,0,0,0,1,-9.08874287371904,0,2,2,14,0,0,0,-3,17,1,1.64871881820727,0,-4.66666666666667,0.0285714285714286,-0.0049423393739703,0.0393975052953636,0,5.8,7.8
2017,REG,00-0032464,K.Raymond,Kalif Raymond,WR,WR,"https://static.www.nfl.com/image/private/f_auto,q_auto/league/q2kahfn76dnnb1uxxorv",1,NYG,0,0,0,0,0,0,0,0,0,0,0,0,,0,,,1,-1,0,0,0,0,-1.75998873030767,0,1,1,12,0,0,0,5,7,1,1.82117984094657,0,2.4,0.0285714285714286,0.0222222222222222,0.0584126984126984,0,1.1,2.1
2017,REG,00-0032472,T.Madden,Tre Madden,FB,RB,"https://static.www.nfl.com/image/private/f_auto,q_auto/league/gxkbbtamw8l5tpecbssm",2,SEA,0,0,0,0,0,0,0,0,0,0,0,0,,0,,,0,0,0,0,0,0,,0,2,2,65,0,0,0,14,51,1,4.02947984496132,0,4.64285714285714,0.027027027027027,0.0153172866520788,0.0512626411969957,0,6.5,8.5
2017,REG,00-0032475,T.McEvoy,Tanner McEvoy,WR,WR,"https://static.www.nfl.com/image/private/f_auto,q_auto/league/sllikin2krzlnyo7cdvt",7,SEA,0,1,0,0,1,0,0,0,0,32,0,0,-2.0763022955507,0,0.0,,0,0,0,0,0,0,,0,5,9,113,0,1,1,176,19,4,0.624238045046024,0,0.642045454545455,0.0441176470588235,0.0779450841452613,0.120738029489918,0,7.3,12.3
2017,REG,00-0032543,A.Erickson,Alex Erickson,WR,WR,"https://static.www.nfl.com/image/private/f_auto,q_auto/league/tnd77vbkyo8srrrkaisu",10,CIN,0,0,0,0,0,0,0,0,0,0,0,0,,0,,,5,16,0,0,0,1,-1.83459030999802,0,12,16,180,1,1,0,189,39,9,10.7672262622509,0,0.952380952380952,0.0617760617760618,0.0815358067299396,0.14973915737505,0,25.6,37.6
2017,REG,00-0032569,W.Lutz,Wil Lutz,K,SPEC,"https://static.www.nfl.com/image/upload/f_auto,q_auto/league/dsbrq8rwgwmee9evxfb4",1,NO,0,0,0,0,0,0,0,0,0,0,0,0,,0,,,1,4,0,0,0,0,-2.75698118953733,0,0,0,0,0,0,0,0,0,0,,0,,,,,0,0.4,0.4
2017,REG,00-0032577,D.Foster,D.J. Foster,RB,RB,"https://static.www.nfl.com/image/private/f_auto,q_auto/league/thjquiyzbnepofa1mb94",7,ARI,0,0,0,0,0,0,0,0,0,0,0,0,,0,,,6,19,0,0,0,0,-3.0259147293947,0,17,28,133,0,0,0,88,79,8,-17.4226859907699,0,1.51136363636364,0.11864406779661,0.0395150426582847,0.205626631555715,0,15.2,32.2
2017,REG,00-0032602,J.McKissic,J.D. McKissic,RB,RB,"https://static.www.nfl.com/image/private/f_auto,q_auto/league/zi77vkqwrmklt5ic6lc6",12,SEA,0,0,0,0,0,0,0,0,0,0,0,0,,0,,,46,187,1,0,0,8,-3.65629415956209,0,34,46,266,2,0,0,212,186,12,12.1780991164823,0,1.25471698113208,0.11734693877551,0.0526577247888723,0.212880815515476,0,63.3,97.3
2017,REG,00-0032626,G.Allison,Geronimo Allison,WR,WR,"https://static.www.nfl.com/image/private/f_auto,q_auto/league/pngohl9rhrwyiaf7ywnz",11,GB,0,0,0,0,0,0,0,0,0,0,0,0,,0,,,0,0,0,0,0,0,,0,23,39,253,0,1,1,300,119,10,-4.67096678190236,0,0.843333333333333,0.0972568578553616,0.101282916948008,0.216783328646648,0,23.3,46.3
2017,REG,00-0032630,J.Callahan,Joe Callahan,QB,QB,"https://static.www.nfl.com/image/private/f_auto,q_auto/league/n9nahsdhocngttt7hmdy",1,GB,5,7,11,0,0,0,0,0,0,50,9,1,-3.55425386974821,0,0.22,0.0624223795229876,0,0,0,0,0,0,,0,0,0,0,0,0,0,0,0,0,,0,,,,,0,0.44,0.44
2017,REG,00-0032650,R.Malleck,Ryan Malleck,TE,TE,"https://static.www.nfl.com/image/private/f_auto,q_auto/league/xnuuvtz6tqm6epo7j26n",1,HOU,0,0,0,0,0,0,0,0,0,0,0,0,,0,,,0,0,0,0,0,0,,0,1,1,3,0,0,0,1,2,0,0.0822288601193577,0,3.0,0.0625,0.0102040816326531,0.100892857142857,0,0.3,1.3
2017,REG,00-0032656,D.Powe,Darius Powe,WR,WR,"https://static.www.nfl.com/image/private/f_auto,q_auto/league/gpvxfnsuraqhcxco9b0v",1,NYG,0,0,0,0,0,0,0,0,0,0,0,0,,0,,,0,0,0,0,0,0,,0,2,4,13,0,0,0,16,13,0,-5.37828908610391,0,0.8125,0.0869565217391304,0.0571428571428571,0.170434782608696,0,1.3,3.3
2017,REG,00-0032659,Ro.Lewis,Roger Lewis,WR,WR,"https://static.www.nfl.com/image/private/f_auto,q_auto/league/zcs1ajefa2ioxvjxygvf",14,NYG,0,0,0,0,0,0,0,0,0,0,0,0,,0,,,0,0,0,0,0,0,,0,36,72,416,2,0,0,740,76,20,-10.9814473668293,0,0.562162162162162,0.136882129277567,0.197385969591891,0.343493372630674,0,53.6,89.6
2017,REG,00-0032688,R.Chosen,Robbie Chosen,WR,WR,"https://static.www.nfl.com/image/private/f_auto,q_auto/league/hkcncqfwusv19fah3mbt",16,NYJ,0,0,0,0,0,0,0,0,0,0,0,0,,0,,,3,9,0,0,0,0,0.0160434315912426,0,63,114,941,7,0,0,1460,273,36,21.5422816162402,0,0.644520547945206,0.229838709677419,0.374358974358974,0.606809346567411,0,137.0,200.0
2017,REG,00-0032705,E.Eagan,Ed Eagan,WR,WR,"https://static.www.nfl.com/image/private/f_auto,q_auto/league/puhaayxubph3n4tkmksf",1,NYG,0,0,0,0,0,0,0,0,0,0,0,0,,0,,,0,0,0,0,0,0,,0,0,1,0,0,0,0,-2,0,0,-0.906252769753337,0,0.0,0.0263157894736842,-0.0063091482649842,0.0350572804250374,0,0.0,0.0
2017,REG,00-0032724,B.Treggs,Bryce Treggs,WR,WR,"https://static.www.nfl.com/image/private/f_auto,q_auto/league/o0cfgtzur0b0zyar1iir",6,CLE,0,0,0,0,0,0,0,0,0,0,0,0,,0,,,1,6,0,0,0,0,0.272683444898576,0,5,18,79,0,0,0,278,3,4,-6.47709190030582,0,0.284172661870504,0.0845070422535211,0.150189086980011,0.231892924266289,0,8.5,13.5
2017,REG,00-0032725,S.Anderson,Stephen Anderson,TE,TE,"https://static.www.nfl.com/image/private/f_auto,q_auto/league/inufsxftnotmpeot1lh2",14,HOU,0,0,0,0,0,0,0,0,0,0,0,0,,0,,,0,0,0,0,0,0,,0,25,52,342,1,0,0,460,132,17,-10.1020705046088,0,0.743478260869565,0.114285714285714,0.0972721505603722,0.239519076820832,0,40.2,65.2
2017,REG,00-0032740,L.Thomas,Lawrence Thomas,FB,RB,"https://static.www.nfl.com/image/private/f_auto,q_auto/league/qpomdgxzqn27tors7yye",7,NYJ,0,0,0,0,0,0,0,0,0,0,0,0,,0,,,2,1,0,0,0,0,-2.20069632655941,0,6,7,43,0,0,0,12,33,1,1.61857487790985,0,3.58333333333333,0.0382513661202186,0.0130718954248366,0.0665273759777135,0,4.4,10.4
2017,REG,00-0032741,P.Barber,Peyton Barber,RB,RB,"https://static.www.nfl.com/image/private/f_auto,q_auto/league/yjcjcrdiztmfwjgcfbux",11,TB,0,0,0,0,0,0,0,0,0,0,0,0,,0,,,108,423,3,2,1,23,-3.70742426172365,0,16,19,114,0,0,0,18,113,4,-0.598278299788944,0,6.33333333333333,0.0785123966942149,0.0074812967581047,0.123005502771996,0,69.7,85.7
2017,REG,00-0032745,A.Cross,Alan Cross,TE,TE,"https://static.www.nfl.com/image/private/f_auto,q_auto/league/flcn8rvasatcy4cuoe1k",5,TB,0,0,0,0,0,0,0,0,0,0,0,0,,0,,,0,0,0,0,0,0,,0,5,6,58,0,0,0,41,25,3,3.11518850177526,0,1.41463414634146,0.032258064516129,0.0201771653543307,0.0625111125222251,0,5.8,10.8
2017,REG,00-0032749,I.Johnson,Isaiah Johnson,S,DB,"https://static.www.nfl.com/image/private/f_auto,q_auto/league/yppra2mqcny4c62bh9c7",1,TB,0,0,0,0,0,0,0,0,0,0,0,0,,0,,,0,0,0,0,0,0,,0,0,0,0,0,0,0,0,0,0,,0,,,,,1,6.0,6.0
2017,REG,00-0032760,J.Doctson,Josh Doctson,WR,WR,"https://static.www.nfl.com/image/private/f_auto,q_auto/league/mkq3ycvjnr0ltb0yjczi",15,WAS,0,0,0,0,0,0,0,0,0,0,0,0,,0,,,1,-14,0,0,0,0,-2.23983315052465,0,35,78,502,6,0,0,1074,131,25,-5.43716336689337,0,0.467411545623836,0.157894736842105,0.285334750265675,0.43657643044913,0,84.8,119.8
2017,REG,00-0032764,D.Henry,Derrick Henry,RB,RB,"https://static.www.nfl.com/image/private/f_auto,q_auto/league/xpewyoieoj7zeub4fvff",16,TEN,0,0,0,0,0,0,0,0,0,0,0,0,,0,,,176,744,5,1,0,39,-14.0130329481722,0,11,17,136,1,0,0,28,125,4,4.2792770328072,0,4.85714285714286,0.0598591549295775,0.0115511551155116,0.0978745409752243,0,124.0,135.0
2017,REG,00-0032765,M.Thomas,Michael Thomas,WR,WR,"https://static.www.nfl.com/image/private/f_auto,q_auto/league/sxldsbuw65hfmkzqhw96",16,NO,0,0,0,0,0,0,0,0,0,0,0,0,,0,,,0,0,0,0,0,0,,0,104,149,1245,5,0,0,1418,425,70,62.138178875857,0,0.877997179125529,0.281663516068053,0.416691154863356,0.714179082506429,0,154.5,258.5
2017,REG,00-0032775,D.Robinson,Demarcus Robinson,WR,WR,"https://static.www.nfl.com/image/private/f_auto,q_auto/league/ceqqkylismka583qo9kk",10,KC,0,0,0,0,0,0,0,0,0,0,0,0,,0,,,0,0,0,0,0,0,,0,21,39,212,0,0,0,407,47,13,-2.90032942341787,0,0.520884520884521,0.11854103343465,0.150573436921939,0.283212955997333,0,21.2,42.2
2017,REG,00-0032780,J.Howard,Jordan Howard,RB,RB,"https://static.www.nfl.com/image/private/f_auto,q_auto/league/nbvb6bsrmjupmqrrf1n4",16,CHI,0,0,0,0,0,0,0,0,0,0,0,0,,0,,,276,1122,9,1,1,61,-14.7703011299105,0,23,32,125,0,0,0,-26,157,4,-8.00946924387245,0,-4.80769230769231,0.0922190201729107,-0.012037037037037,0.12990260433344,0,176.7,199.7
2017,REG,00-0032782,W.Smallwood,Wendell Smallwood,RB,RB,"https://static.www.nfl.com/image/private/f_auto,q_auto/league/r20rhl0c17ql8dtnl5kz",8,PHI,0,0,0,0,0,0,0,0,0,0,0,0,,0,,,47,174,1,0,0,9,-9.07684991369024,0,13,18,103,0,0,0,21,87,6,3.40596396892067,0,4.90476190476191,0.0769230769230769,0.0092267135325131,0.121843314857375,0,33.7,46.7
2017,REG,00-0032784,K.Hogan,Kevin Hogan,QB,QB,"https://static.www.nfl.com/image/private/f_auto,q_auto/league/cuyxl0uprwddruvea1ma",4,CLE,46,75,517,4,5,6,35,1,0,688,234,21,-14.7180221522174,0,0.751453488372093,0.0496554933120733,10,71,0,0,0,4,3.44652299833251,0,0,0,0,0,0,0,0,0,0,,0,,,,,0,33.78,33.78
2017,REG,00-0032791,J.Grant,Jakeem Grant,WR,WR,"https://static.www.nfl.com/image/private/f_auto,q_auto/league/f2ujcvb61rknhjyxcrsu",9,MIA,0,0,0,0,0,0,0,0,0,0,0,0,,0,,,3,12,0,0,0,0,-0.191896065021865,0,13,22,203,2,0,0,219,144,9,5.61736327564406,0,0.926940639269406,0.0707395498392283,0.0868702895676319,0.166918527456185,0,33.5,46.5
2017,REG,00-0032792,N.Sudfeld,Nate Sudfeld,QB,QB,"https://static.www.nfl.com/image/private/f_auto,q_auto/league/it5e3w2ufgfp7sc5wgo2",1,PHI,19,23,134,0,0,3,24,0,0,95,78,4,-11.1902408239548,0,1.41052631578947,0.114365644162243,1,22,0,0,0,1,2.48299313033931,0,0,0,0,0,0,0,0,0,0,,0,,,,,0,7.56,7.56
2017,REG,00-0032793,B.Countess,Blake Countess,SS,DB,"https://static.www.nfl.com/image/private/f_auto,q_auto/league/gtcvlfetdzz2sdsmqf7v",1,LA,0,0,0,0,0,0,0,0,0,0,0,0,,0,,,0,0,0,0,0,0,,0,0,0,0,0,0,0,0,0,0,,0,,,,,1,6.0,6.0
2017,REG,00-0032794,D.Vitale,Dan Vitale,FB,RB,"https://static.www.nfl.com/image/private/f_auto,q_auto/league/x9z1hqodjhb8dio4dr1w",5,CLE,0,0,0,0,0,0,0,0,0,0,0,0,,0,,,0,0,0,0,0,0,,0,3,5,19,0,0,0,-5,25,1,-1.92311799689196,0,-3.8,0.0292397660818713,-0.0037369207772795,0.0412438045787114,0,1.9,4.9
2017,REG,00-0032795,C.Core,Cody Core,WR,WR,"https://static.www.nfl.com/image/private/f_auto,q_auto/league/aan5zyvrcyn0wfeh2xdi",2,CIN,0,0,0,0,0,0,0,0,0,0,0,0,,0,,,0,0,0,0,0,0,,0,0,4,0,0,0,0,132,0,0,-3.23808666993864,0,0.0,0.0689655172413793,0.267748478701826,0.290872210953347,0,0.0,0.0
2017,REG,00-0032813,E.Penny,Elijhaa Penny,RB,RB,"https://static.www.nfl.com/image/private/f_auto,q_auto/league/jiebuu94lu81xzneqrsf",7,ARI,0,0,0,0,0,0,0,0,0,0,0,0,,0,,,31,124,2,0,0,7,3.0498611353687,0,4,6,38,0,0,0,-3,41,2,0.0517392595647834,0,-12.6666666666667,0.0338983050847458,-0.0018518518518518,0.0495511613308224,0,28.2,32.2
2017,REG,00-0032827,L.Wester,Leonard Wester,T,OL,"https://static.www.nfl.com/image/private/f_auto,q_auto/league/xqoisiggov46tdd9hand",1,TB,0,0,0,0,0,0,0,0,0,0,0,0,,0,,,0,0,0,0,0,0,,0,1,1,2,1,0,0,2,0,1,0.727882906270679,0,1.0,0.027027027027027,0.0063897763578274,0.0450133839910198,0,6.2,7.2
2017,REG,00-0032839,H.Sharp,Hunter Sharp,WR,WR,"https://static.www.nfl.com/image/private/f_auto,q_auto/league/umjebkr4qrfxvw64towf",3,NYG,0,0,0,0,0,0,0,0,0,0,0,0,,0,,,0,0,0,0,0,0,,0,5,9,54,1,0,0,76,23,2,-0.088334662723355,0,0.710526315789474,0.0841121495327103,0.102841677943166,0.198157398859282,0,11.4,16.4
2017,REG,00-0032881,T.Lewis,Tommylee Lewis,WR,WR,"https://static.www.nfl.com/image/private/f_auto,q_auto/league/qvf3ud6rgqusejdd4f5u",9,NO,0,0,0,0,0,0,0,0,0,0,0,0,,0,,,2,14,0,0,0,0,0.312821169616655,0,10,15,116,1,0,0,152,52,4,1.67280376245493,0,0.763157894736842,0.0520833333333333,0.0793733681462141,0.13368635770235,0,19.0,29.0
2017,REG,00-0032897,D.Watt,Derek Watt,FB,RB,"https://static.www.nfl.com/image/private/f_auto,q_auto/league/jrhk6npb7u3tmgzt7rwn",6,LAC,0,0,0,0,0,0,0,0,0,0,0,0,,0,,,6,24,0,0,0,2,-0.0105462993960828,0,2,3,35,0,0,0,7,30,2,1.69523051474243,0,5.0,0.04,0.0101010101010101,0.0670707070707071,0,5.9,7.9
2017,REG,00-0032918,C.Ham,C.J. Ham,FB,RB,"https://static.www.nfl.com/image/private/f_auto,q_auto/league/oyy0xpxazac9lbt7z8zm",10,MIN,0,0,0,0,0,0,0,0,0,0,0,0,,0,,,7,13,1,0,0,5,3.00522288738284,0,7,8,68,0,0,0,-21,84,3,4.53116681403481,0,-3.23809523809524,0.036036036036036,-0.0139349701393497,0.0442995749565093,0,14.1,21.1
2017,REG,00-0032926,K.Brent,K.J. Brent,WR,WR,"https://static.www.nfl.com/image/private/f_auto,q_auto/league/x2zn81ljacxncoqtnq1i",1,IND,0,0,0,0,0,0,0,0,0,0,0,0,,0,,,0,0,0,0,0,0,,0,0,1,0,0,0,0,13,0,0,-1.76774165546522,0,0.0,0.0416666666666667,0.0833333333333333,0.120833333333333,0,0.0,0.0
2017,REG,00-0032935,J.Holton,Johnny Holton,WR,WR,"https://static.www.nfl.com/image/private/f_auto,q_auto/league/has0upkyuzqewhty3pb2",7,LV,0,0,0,0,0,0,0,0,0,0,0,0,,0,,,0,0,0,0,0,0,,0,9,18,218,3,2,2,413,40,5,1.62148146517575,0,0.527845036319613,0.075,0.177940542869453,0.237058380008617,0,35.8,44.8
2017,REG,00-0032937,M.McCaffrey,Max McCaffrey,WR,WR,"https://static.www.nfl.com/image/private/f_auto,q_auto/league/zyapvh7o3oqxjr5li42b",1,JAX,0,0,0,0,0,0,0,0,0,0,0,0,,0,,,0,0,0,0,0,0,,0,1,1,4,0,0,0,-1,5,0,-0.186808686470613,0,0.0,0.0714285714285714,-0.0087719298245614,0.101002506265664,0,0.4,1.4
2017,REG,00-0032940,D.Washington,DeAndre Washington,RB,RB,"https://static.www.nfl.com/image/private/f_auto,q_auto/league/r89dcprs99qahleja3mz",15,LV,0,0,0,0,0,0,0,0,0,0,0,0,,0,,,57,153,2,1,0,9,-10.0462479039561,0,34,45,197,1,1,1,39,165,14,-13.3741274746015,0,5.05128205128205,0.0914634146341463,0.0111556064073227,0.145004046436345,0,51.0,85.0
2017,REG,00-0032950,C.Wentz,Carson Wentz,QB,QB,"https://static.www.nfl.com/image/private/f_auto,q_auto/league/indtay8ngoq8ubhhydbp",13,PHI,265,440,3296,33,7,28,162,4,1,4359,1232,160,94.7993911352984,4,0.756136728607479,0.142929989389707,64,299,0,5,1,26,14.9189689244522,0,0,0,0,0,0,0,0,0,0,,0,,,,,0,283.74,283.74
2017,REG,00-0032951,L.Treadwell,Laquon Treadwell,WR,WR,"https://static.www.nfl.com/image/private/f_auto,q_auto/league/k5zobcutuqqnd1cxqplo",13,MIN,0,0,0,0,0,0,0,0,0,0,0,0,,0,,,0,0,0,0,0,0,,0,20,35,200,0,1,0,416,58,12,-8.25269255620058,0,0.480769230769231,0.0806451612903226,0.124775044991002,0.208310273429185,0,20.0,40.0
2017,REG,00-0032956,A.Janovich,Andy Janovich,FB,RB,"https://static.www.nfl.com/image/private/f_auto,q_auto/league/w4nnz0yrfilgpexcseqy",9,DEN,0,0,0,0,0,0,0,0,0,0,0,0,,0,,,6,12,1,0,0,3,0.931695814651903,0,4,6,35,0,0,0,26,24,2,0.946607999154367,0,1.34615384615385,0.0372670807453416,0.0220525869380831,0.0713374319746706,0,10.7,14.7
2017,REG,00-0032959,C.Peake,Charone Peake,WR,WR,"https://static.www.nfl.com/image/private/f_auto,q_auto/league/f7a4bmcrcxmoyaagieop",1,NYJ,0,0,0,0,0,0,0,0,0,0,0,0,,0,,,0,0,0,0,0,0,,0,1,1,3,0,0,0,2,1,1,0.901105146622285,0,1.5,0.0416666666666667,0.0123456790123457,0.071141975308642,0,0.3,1.3
2017,REG,00-0032964,B.Marshall,Byron Marshall,RB,RB,"https://static.www.nfl.com/image/private/f_auto,q_auto/league/sdfnye7daaffwtre1mbl",3,WAS,0,0,0,0,0,0,0,0,0,0,0,0,,0,,,9,32,0,0,0,1,-2.30564219853841,0,6,8,36,0,0,0,-15,51,0,-9.24341217486653,0,-2.4,0.121212121212121,-0.0367647058823529,0.156082887700535,0,6.8,12.8
2017,REG,00-0032966,C.Coleman,Corey Coleman,WR,WR,"https://static.www.nfl.com/image/private/f_auto,q_auto/league/yawvrg2sh7ryru2z2kwe",9,CLE,0,0,0,0,0,0,0,0,0,0,0,0,,0,,,0,0,0,0,0,0,,0,23,58,305,2,0,0,785,58,17,-10.2435321329561,0,0.388535031847134,0.195945945945946,0.265113137453563,0.479498115136413,0,42.5,65.5
2017,REG,00-0032972,D.Booker,Devontae Booker,RB,RB,"https://static.www.nfl.com/image/private/f_auto,q_auto/league/y5fw68qxcmxykv1uchlo",13,DEN,0,0,0,0,0,0,0,0,0,0,0,0,,0,,,79,299,1,1,0,11,-4.48092729813652,0,30,38,275,0,1,1,76,231,13,2.34025588403512,0,3.61842105263158,0.088785046728972,0.0217453505007153,0.148399315443959,0,61.4,91.4
2017,REG,00-0032977,R.Higgins,Rashard Higgins,WR,WR,"https://static.www.nfl.com/image/private/f_auto,q_auto/league/mdn4he3iuc2mwx3cfvfj",14,CLE,0,0,0,0,0,0,0,0,0,0,0,0,,0,,,1,4,0,0,0,0,-0.15543838776648,0,27,50,312,2,1,1,464,142,13,-16.0156356517105,0,0.672413793103448,0.0992063492063492,0.106300114547537,0.2232196039928,0,41.6,68.6
2017,REG,00-0032980,M.Johnson,Marcus Johnson,WR,WR,"https://static.www.nfl.com/image/private/f_auto,q_auto/league/pwq2yi4ewqtsx6buynay",6,PHI,0,0,0,0,0,0,0,0,0,0,0,0,,0,,,0,0,0,0,0,0,,0,5,8,45,0,1,1,138,7,3,0.614939748717006,0,0.326086956521739,0.0454545454545455,0.0825358851674641,0.125956937799043,0,2.5,7.5
2017,REG,00-0033006,J.Mickens,Jaydon Mickens,WR,WR,"https://static.www.nfl.com/image/private/f_auto,q_auto/league/edjmdcnmfcqucsqym7ku",4,JAX,0,0,0,0,0,0,0,0,0,0,0,0,,0,,,0,0,0,0,0,0,,0,6,11,77,2,0,0,82,39,4,3.66929253036506,0,0.939024390243902,0.0866141732283465,0.0787704130643612,0.185060548987573,1,25.7,31.7
2017,REG,00-0033009,T.Boyd,Tyler Boyd,WR,WR,"https://static.www.nfl.com/image/private/f_auto,q_auto/league/vconwllovf9jqxpu9mow",10,CIN,0,0,0,0,0,0,0,0,0,0,0,0,,0,,,0,0,0,0,0,0,,0,22,32,225,2,0,0,205,91,14,4.93572602627062,0,1.09756097560976,0.0996884735202492,0.0859178541492037,0.209675208184816,0,34.5,56.5
2017,REG,00-0033025,J.Richard,Jalen Richard,RB,RB,"https://static.www.nfl.com/image/private/f_auto,q_auto/league/evmn0ccnvk73tukpmk5f",15,LV,0,0,0,0,0,0,0,0,0,0,0,0,,0,,,56,275,1,1,1,10,-7.7943338273908,0,27,36,256,1,1,1,55,227,13,9.43637036082779,0,4.65454545454545,0.0704500978473581,0.0130734490135488,0.114826561080521,0,61.1,88.1
2017,REG,00-0033040,T.Hill,Tyreek Hill,WR,WR,"https://static.www.nfl.com/image/private/f_auto,q_auto/league/lsszbdnkusxc7mduw5be",15,KC,0,1,0,0,1,0,0,0,0,9,0,0,-5.1403229686548,0,0.0,,17,59,0,0,0,3,-4.65732433978701,0,75,105,1183,7,0,0,1214,455,41,55.8354978465595,0,0.974464579901153,0.212981744421907,0.312162509642582,0.537986373382667,1,170.2,245.2
2017,REG,00-0033043,A.Traylor,Austin Traylor,TE,TE,"https://static.www.nfl.com/image/private/f_auto,q_auto/league/mxmi7iepd10ie7bn4hqm",4,DEN,0,0,0,0,0,0,0,0,0,0,0,0,,0,,,0,0,0,0,0,0,,0,8,13,100,0,0,0,122,42,6,4.32002091949107,0,0.819672131147541,0.0860927152317881,0.114553990610329,0.209326866274912,0,10.0,18.0
2017,REG,00-0033045,E.Elliott,Ezekiel Elliott,RB,RB,"https://static.www.nfl.com/image/upload/f_auto,q_auto/league/qf0zgze0wkbvu9rlvolf",10,DAL,0,0,0,0,0,0,0,0,0,0,0,0,,0,,,242,983,7,1,1,55,-4.98543067562764,0,26,38,269,2,0,0,8,281,6,-7.28003082758629,0,33.625,0.131487889273356,0.00367478180983,0.199804181176916,0,177.2,203.2
2017,REG,00-0033060,L.Carroo,Leonte Carroo,WR,WR,"https://static.www.nfl.com/image/private/f_auto,q_auto/league/rtyecvs5rx9awmpdk4c8",4,MIA,0,0,0,0,0,0,0,0,0,0,0,0,,0,,,0,0,0,0,0,0,,0,7,14,69,0,0,0,116,11,4,-5.90249020843983,0,0.594827586206897,0.0886075949367089,0.0861172976985895,0.193193500794076,0,6.9,13.9
2017,REG,00-0033069,B.Miller,Braxton Miller,WR,WR,"https://static.www.nfl.com/image/private/f_auto,q_auto/league/ya38kjppomtdyqbq5cyg",10,HOU,0,0,0,0,0,0,0,0,0,0,0,0,,0,,,1,1,0,0,0,0,-0.698323410004377,0,19,29,162,1,0,0,239,61,7,-0.125712704375232,0,0.677824267782427,0.10431654676259,0.100971694127588,0.227155006033196,0,22.3,41.3
2017,REG,00-0033077,D.Prescott,Dak Prescott,QB,QB,"https://static.www.nfl.com/image/private/f_auto,q_auto/league/knx0jxponzfkusnyvjkn",16,DAL,308,490,3324,22,13,32,185,4,3,3942,1358,162,-29.2723015656068,0,0.843226788432268,0.0688270440147533,57,357,6,0,0,29,32.9967857122538,0,0,0,0,0,0,0,0,0,0,,0,,,,,0,260.66,260.66
2017,REG,00-0033079,R.Louis,Ricardo Louis,WR,WR,"https://static.www.nfl.com/image/private/f_auto,q_auto/league/p5rkm45lscifejppmrb7",14,CLE,0,0,0,0,0,0,0,0,0,0,0,0,,0,,,0,0,0,0,0,0,,0,27,61,357,0,0,0,753,82,18,-16.2971397281761,0,0.474103585657371,0.120553359683794,0.169365721997301,0.299386044923802,0,35.7,62.7
2017,REG,00-0033080,S.DeValve,Seth DeValve,TE,TE,"https://static.www.nfl.com/image/private/f_auto,q_auto/league/nrihd72oevgvvbhb8l6g",16,CLE,0,0,0,0,0,0,0,0,0,0,0,0,,0,,,0,0,0,0,0,0,,0,33,58,395,1,1,1,501,171,18,-3.67763579542846,0,0.788423153692615,0.102473498233216,0.0971871968962173,0.221741285177175,0,43.5,76.5
2017,REG,00-0033087,M.Bundy,Marquis Bundy,WR,WR,"https://static.www.nfl.com/image/private/f_auto,q_auto/league/rqo12vl8mog1hptvk3im",1,NYG,0,0,0,0,0,0,0,0,0,0,0,0,,0,,,0,0,0,0,0,0,,0,0,3,0,0,0,0,20,0,0,-2.52761956617218,0,0.0,0.107142857142857,0.121212121212121,0.245562770562771,0,0.0,0.0
2017,REG,00-0033090,H.Henry,Hunter Henry,TE,TE,"https://static.www.nfl.com/image/private/f_auto,q_auto/league/sdjob9akppefyo7py5tj",12,LAC,0,0,0,0,0,0,0,0,0,0,0,0,,0,,,0,0,0,0,0,0,,0,45,62,579,4,0,0,534,221,32,38.9372609612861,0,1.08426966292135,0.145539906103286,0.153713298791019,0.325909168308643,0,81.9,126.9
2017,REG,00-0033094,M.Hall,Marvin Hall,WR,WR,"https://static.www.nfl.com/image/private/f_auto,q_auto/league/dgyruyvyeuy4cwxhysox",6,ATL,0,0,0,0,0,0,0,0,0,0,0,0,,0,,,0,0,0,0,0,0,,0,2,9,60,1,0,0,144,0,2,-1.3842374762753,0,0.416666666666667,0.05,0.0891089108910891,0.137376237623762,0,12.0,14.0
2017,REG,00-0033095,G.Griffin,Garrett Griffin,TE,TE,"https://static.www.nfl.com/image/private/f_auto,q_auto/league/ss70hidq9xcteze3rdeg",1,NO,0,0,0,0,0,0,0,0,0,0,0,0,,0,,,0,0,0,0,0,0,,0,1,1,4,0,0,0,4,0,0,0.038114589639008,0,1.0,0.0333333333333333,0.0161290322580645,0.0612903225806452,0,0.4,1.4
2017,REG,00-0033104,C.Kessler,Cody Kessler,QB,QB,"https://static.www.nfl.com/image/private/f_auto,q_auto/league/gkvutiyutml2atftmu09",3,CLE,11,23,126,0,1,6,48,0,0,228,69,6,-15.2889663635792,0,0.552631578947369,-1.60373681491049e-05,1,-1,0,0,0,0,0.0,0,0,0,0,0,0,0,0,0,0,,0,,,,,0,2.94,2.94
2017,REG,00-0033106,J.Goff,Jared Goff,QB,QB,"https://static.www.nfl.com/image/private/f_auto,q_auto/league/nyitt4ybuzopzjzddafi",15,LA,296,477,3804,28,7,25,172,7,2,3770,2000,176,95.7423669056005,0,1.00901856763926,0.1215500806018,28,51,1,1,1,3,-11.0870676504136,0,0,0,0,0,0,0,0,0,0,,0,,,,,0,255.26,255.26
2017,REG,00-0033108,P.Lynch,Paxton Lynch,QB,QB,"https://static.www.nfl.com/image/private/f_auto,q_auto/league/vtlr44rcvfumnmcowevo",2,DEN,30,45,295,2,3,9,51,2,1,379,119,15,-19.6837436146107,0,0.778364116094987,0.0475837876820589,5,30,0,0,0,2,1.23102992097847,0,0,0,0,0,0,0,0,0,0,,0,,,,,0,14.8,14.8
2017,REG,00-0033110,T.Higbee,Tyler Higbee,TE,TE,"https://static.www.nfl.com/image/private/f_auto,q_auto/league/vk9c6lr4d1pdt9sr86ua",14,LA,0,0,0,0,0,0,0,0,0,0,0,0,,0,,,0,0,0,0,0,0,,0,25,45,295,1,0,0,482,77,12,1.24044388256209,0,0.612033195020747,0.0997782705099778,0.134149735596994,0.243572220682863,0,35.5,60.5
2017,REG,00-0033111,P.Cooper,Pharoh Cooper,WR,WR,"https://static.www.nfl.com/image/private/f_auto,q_auto/league/mnsqfcfqiehw5aocr1lg",11,LA,0,0,0,0,0,0,0,0,0,0,0,0,,0,,,1,6,0,0,0,1,0.749561898468528,0,11,19,84,0,0,0,138,54,3,-10.9019057442643,0,0.608695652173913,0.0574018126888218,0.0494801003944066,0.120738789309317,1,15.0,26.0
2017,REG,00-0033114,M.Thomas,Mike Thomas,WR,WR,"https://static.www.nfl.com/image/private/f_auto,q_auto/league/sytj4awk8kseyootqzec",4,LA,0,0,0,0,0,0,0,0,0,0,0,0,,0,,,0,0,0,0,0,0,,0,5,7,93,0,1,0,103,29,4,2.18729437972479,0,0.902912621359223,0.0526315789473684,0.096171802054155,0.146267629858961,0,9.3,14.3
2017,REG,00-0033118,K.Drake,Kenyan Drake,RB,RB,"https://static.www.nfl.com/image/private/f_auto,q_auto/league/rp5apwel9vuk49b4lykn",14,MIA,0,0,0,0,0,0,0,0,0,0,0,0,,0,,,133,644,3,2,2,24,-13.7110841948306,1,32,48,239,1,0,0,31,214,7,-3.76119480721536,0,7.70967741935484,0.104575163398693,0.0097915350600126,0.163716819640048,0,110.3,142.3
2017,REG,00-0033119,J.Brissett,Jacoby Brissett,QB,QB,"https://static.www.nfl.com/image/private/f_auto,q_auto/league/wapkj7gxu9waxattqkok",16,IND,276,469,3098,13,7,52,305,5,2,3513,1574,143,-44.025195397621,0,0.881867349843439,0.0124340791845801,63,260,4,3,1,14,-2.25364621694527,0,0,0,0,0,0,0,0,0,0,,0,,,,,0,205.92,205.92
2017,REG,00-0033127,W.Fuller,Will Fuller,WR,WR,"https://static.www.nfl.com/image/private/f_auto,q_auto/league/dgemxvhu8ffqmvmqczks",10,HOU,0,0,0,0,0,0,0,0,0,0,0,0,,0,,,2,9,0,0,0,0,-0.118656117003411,0,28,50,423,7,0,0,794,99,21,12.548080227258,0,0.532745591939547,0.163398692810458,0.236873508353222,0.410909495062942,0,85.2,113.2
2017,REG,00-0033258,D.Daniels,Darrell Daniels,TE,TE,"https://static.www.nfl.com/image/private/f_auto,q_auto/league/uite1keyl09qsvofsqzf",6,IND,0,0,0,0,0,0,0,0,0,0,0,0,,0,,,0,0,0,0,0,0,,0,3,13,26,0,0,0,95,16,2,-9.74875103594968,0,0.273684210526316,0.0769230769230769,0.0676638176638177,0.162749287749288,0,2.6,5.6
2017,REG,00-0033266,J.Natson,JoJo Natson,WR,WR,"https://static.www.nfl.com/image/private/f_auto,q_auto/league/ctmojzcskxm2rhyotsxo",3,NYJ,0,0,0,0,0,0,0,0,0,0,0,0,,0,,,1,15,0,0,0,1,1.63827564707026,0,2,5,18,0,0,0,85,4,1,-0.0898759301926475,0,0.211764705882353,0.0476190476190476,0.0925925925925926,0.136243386243386,0,3.3,5.3
2017,REG,00-0033280,C.McCaffrey,Christian McCaffrey,RB,RB,"https://static.www.nfl.com/image/private/f_auto,q_auto/league/navqer4chxxut5povzzw",16,CAR,0,0,0,0,0,0,0,0,0,0,0,0,,0,,,117,435,2,1,1,21,-12.8969981161645,0,80,113,651,5,0,0,245,593,36,11.4041175081116,0,2.65714285714286,0.229674796747968,0.057837582625118,0.384998502959534,0,148.6,228.6
2017,REG,00-0033282,C.Samuel,Curtis Samuel,WR,WR,"https://static.www.nfl.com/image/private/f_auto,q_auto/league/r71vsqs2fg7bvbt1jvzd",8,CAR,0,0,0,0,0,0,0,0,0,0,0,0,,0,,,4,64,0,0,0,3,3.91508796520066,0,15,26,115,0,0,0,256,41,6,-3.59446134229718,0,0.44921875,0.118721461187215,0.136606189967983,0.27370652475841,0,17.9,32.9
2017,REG,00-0033288,G.Kittle,George Kittle,TE,TE,"https://static.www.nfl.com/image/private/f_auto,q_auto/league/bwx6bvkrxog0yf4h6fw1",15,SF,0,0,0,0,0,0,0,0,0,0,0,0,,0,,,0,0,0,0,0,0,,0,43,63,515,2,0,0,434,265,22,14.0183305016148,0,1.18663594470046,0.109756097560976,0.0944504896626768,0.230749489105337,0,63.5,106.5
2017,REG,00-0033292,T.Taylor,Trent Taylor,WR,WR,"https://static.www.nfl.com/image/upload/f_auto,q_auto/league/wmb3t9vro76zykcac2tb",15,SF,0,0,0,0,0,0,0,0,0,0,0,0,,0,,,0,0,0,0,0,0,,0,43,60,430,2,0,0,408,190,27,12.4253204387443,0,1.05392156862745,0.104529616724739,0.0887921653971709,0.218948940865128,0,55.0,98.0
2017,REG,00-0033293,A.Jones,Aaron Jones,RB,RB,"https://static.www.nfl.com/image/private/f_auto,q_auto/league/oo8yixhsahh4gznox7th",10,GB,0,0,0,0,0,0,0,0,0,0,0,0,,0,,,81,448,4,0,0,21,9.96764462895226,0,9,18,22,0,0,0,-5,30,2,-6.94352700943518,0,-4.4,0.0923076923076923,-0.0040322580645161,0.135638957816377,0,71.0,80.0
2017,REG,00-0033295,E.McGuire,Elijah McGuire,RB,RB,"https://static.www.nfl.com/image/private/f_auto,q_auto/league/hf6svwovhi83xfee214j",15,NYJ,0,0,0,0,0,0,0,0,0,0,0,0,,0,,,88,315,1,1,1,14,-20.1296920959804,1,17,26,177,1,1,1,78,142,9,2.2140822054999,0,2.26923076923077,0.0938628158844765,0.0363636363636364,0.16624876928126,0,59.2,76.2
2017,REG,00-0033304,D.Mays,Devante Mays,RB,RB,"https://static.www.nfl.com/image/private/f_auto,q_auto/league/bskrf2k3ig8sihyvg3eq",2,GB,0,0,0,0,0,0,0,0,0,0,0,0,,0,,,4,1,0,2,1,0,-6.66791111137718,0,3,3,0,0,0,0,-5,5,0,-2.94336064701201,0,0.0,0.0967741935483871,-0.0267379679144385,0.126444712782474,0,-1.9,1.1
2017,REG,00-0033307,K.Bourne,Kendrick Bourne,WR,WR,"https://static.www.nfl.com/image/private/f_auto,q_auto/league/vrovcaqql9p6xsycko83",10,SF,0,0,0,0,0,0,0,0,0,0,0,0,,0,,,0,0,0,0,0,0,,0,16,34,257,0,0,0,392,114,12,7.81491942567493,0,0.655612244897959,0.0941828254847645,0.137882518466409,0.237792001153633,0,25.7,41.7
2017,REG,00-0033308,M.Breida,Matt Breida,RB,RB,"https://static.www.nfl.com/image/private/f_auto,q_auto/league/rc4m1xw0xmtsrxswd0bg",16,SF,0,0,0,0,0,0,0,0,0,0,0,0,,0,,,105,465,2,1,0,22,0.408529586711666,0,21,36,180,1,0,0,44,160,9,-2.47465145232439,0,4.09090909090909,0.0734693877551021,0.0116772823779193,0.118378179297197,0,82.5,103.5
2017,REG,00-0033315,C.Hikutini,Cole Hikutini,TE,TE,"https://static.www.nfl.com/image/private/f_auto,q_auto/league/imh8lq08xfpt2r0euu1u",2,SF,0,0,0,0,0,0,0,0,0,0,0,0,,0,,,0,0,0,0,0,0,,0,2,3,15,0,0,0,13,2,2,2.36378705751849,0,1.15384615384615,0.0410958904109589,0.0339425587467363,0.0854036267391538,0,1.5,3.5
2017,REG,00-0033338,C.Carter,Cethan Carter,TE,TE,"https://static.www.nfl.com/image/private/f_auto,q_auto/league/soxu9ft40rqaizt9yizp",1,CIN,0,0,0,0,0,0,0,0,0,0,0,0,,0,,,0,0,0,0,0,0,,0,0,1,0,0,0,0,21,0,0,-0.470731758046895,0,0.0,0.0294117647058824,0.062874251497006,0.0881296231067277,0,0.0,0.0
2017,REG,00-0033352,M.Clark,Michael Clark,WR,WR,"https://static.www.nfl.com/image/private/f_auto,q_auto/league/uypcdxyyoqmxmfmded1r",2,GB,0,0,0,0,0,0,0,0,0,0,0,0,,0,,,0,0,0,0,0,0,,0,4,14,41,0,0,0,234,11,2,-12.77603476285,0,0.175213675213675,0.197183098591549,0.334763948497854,0.530109411835822,0,4.1,8.1
2017,REG,00-0033376,P.Ricard,Patrick Ricard,FB,RB,"https://static.www.nfl.com/image/private/f_auto,q_auto/league/wfjtva8ytwkmlcehbz4c",4,BAL,0,0,0,0,0,0,0,0,0,0,0,0,,0,,,0,0,0,0,0,0,,0,4,4,12,2,0,0,2,10,2,0.712397525378037,0,6.0,0.0289855072463768,0.0032258064516129,0.0457363253856943,0,13.2,17.2
2017,REG,00-0033384,L.Daniels,LeShun Daniels,RB,RB,"https://static.www.nfl.com/image/private/f_auto,q_auto/league/bcpvourhqp6qdgcs8wdy",2,WAS,0,0,0,0,0,0,0,0,0,0,0,0,,0,,,3,14,0,0,0,0,-0.650126972643193,0,0,0,0,0,0,0,0,0,0,,0,,,,,0,1.4,1.4
2017,REG,00-0033387,J.Hollister,Jacob Hollister,TE,TE,"https://static.www.nfl.com/image/private/f_auto,q_auto/league/qdny7ap8ly1ozectd8zu",9,NE,0,0,0,0,0,0,0,0,0,0,0,0,,0,,,1,5,0,0,0,0,0.0419960442814045,0,4,11,42,0,0,0,91,5,2,-5.50680349548639,0,0.461538461538462,0.0325443786982249,0.0348258706467662,0.0731946775000736,0,4.7,8.7
2017,REG,00-0033400,M.Haack,Matt Haack,P,SPEC,"https://static.www.nfl.com/image/private/f_auto,q_auto/league/piyf9wj7piroy6fqscvn",1,MIA,0,1,0,0,1,0,0,0,0,21,0,0,-1.32096196059138,0,0.0,,0,0,0,0,0,0,,0,0,0,0,0,0,0,0,0,0,,0,,,,,0,-2.0,-2.0
2017,REG,00-0033413,D.Smith,De'Veon Smith,RB,RB,"https://static.www.nfl.com/image/private/f_auto,q_auto/league/kcu2rs5ripjvgiskb9er",1,MIA,0,0,0,0,0,0,0,0,0,0,0,0,,0,,,0,0,0,0,0,0,,0,3,3,27,0,0,0,8,19,1,1.17684362834552,0,3.375,0.0697674418604651,0.0296296296296296,0.125391903531438,0,2.7,5.7
2017,REG,00-0033421,A.Auclair,Antony Auclair,TE,TE,"https://static.www.nfl.com/image/private/f_auto,q_auto/league/qkktgjw9l0ntyfiobegs",2,TB,0,0,0,0,0,0,0,0,0,0,0,0,,0,,,0,0,0,0,0,0,,0,2,2,25,0,0,0,5,20,2,1.85297694633482,0,5.0,0.0307692307692308,0.0179856115107914,0.0587437742114001,0,2.5,4.5
2017,REG,00-0033434,B.Wilson,Bobo Wilson,WR,WR,"https://static.www.nfl.com/image/private/f_auto,q_auto/league/dxmqeel8jwf3yokvtg9a",3,TB,0,0,0,0,0,0,0,0,0,0,0,0,,0,,,3,8,0,0,0,0,-0.585262252483517,0,1,1,18,1,0,0,18,0,1,2.39465456607286,0,1.0,0.037037037037037,0.0532544378698225,0.0928336620644313,0,8.6,9.6
2017,REG,00-0033449,I.Whitney,Isaac Whitney,WR,WR,"https://static.www.nfl.com/image/private/f_auto,q_auto/league/qovzmwpzbha2d7x4r4ek",1,LV,0,0,0,0,0,0,0,0,0,0,0,0,,0,,,0,0,0,0,0,0,,0,0,1,0,0,0,0,50,0,0,-1.08780767722055,0,0.0,0.0285714285714286,0.170648464163823,0.162311067771819,0,0.0,0.0
2017,REG,00-0033460,J.Ross,John Ross,WR,WR,"https://static.www.nfl.com/image/private/f_auto,q_auto/league/u6ysgs3kj738n662uehl",3,CIN,0,0,0,0,0,0,0,0,0,0,0,0,,0,,,1,12,0,1,1,0,-7.21468568069395,0,0,2,0,0,0,0,46,0,0,-2.86857717484236,0,0.0,0.032258064516129,0.0923694779116466,0.113045731312346,0,-0.8,-0.8
2017,REG,00-0033464,J.Chesson,Jehu Chesson,WR,WR,"https://static.www.nfl.com/image/private/f_auto,q_auto/league/nmn44gw214duhlpzasyi",2,KC,0,0,0,0,0,0,0,0,0,0,0,0,,0,,,0,0,0,0,0,0,,0,2,4,18,0,0,0,10,15,2,-0.460588679357898,0,1.8,0.0588235294117647,0.0200400801603206,0.102263350229872,0,1.8,3.8
2017,REG,00-0033466,I.McKenzie,Isaiah McKenzie,WR,WR,"https://static.www.nfl.com/image/upload/f_auto,q_auto/league/gy6grhpxsegfgklfadte",7,DEN,0,0,0,0,0,0,0,0,0,0,0,0,,0,,,1,4,0,0,0,0,-0.183822321239859,0,4,13,29,0,0,0,203,10,2,-13.4134028241388,0,0.142857142857143,0.0593607305936073,0.111784140969163,0.167289994568825,0,3.3,7.3
2017,REG,00-0033514,E.Byrd,Emanuel Byrd,TE,TE,"https://static.www.nfl.com/image/private/f_auto,q_auto/league/zjib7pwkvetor37oqw8v",1,GB,0,0,0,0,0,0,0,0,0,0,0,0,,0,,,0,0,0,0,0,0,,0,2,2,31,0,0,0,4,27,1,2.0484105538344,0,7.75,0.0645161290322581,0.0213903743315508,0.111747455580473,0,3.1,5.1
2017,REG,00-0033526,S.Perine,Samaje Perine,RB,RB,"https://static.www.nfl.com/image/private/f_auto,q_auto/league/kpdo0ztyzhjobhk4p29a",13,WAS,0,0,0,0,0,0,0,0,0,0,0,0,,0,,,175,603,1,2,2,22,-36.5925772753695,0,22,24,182,1,0,0,-23,206,9,10.3094513512333,0,-7.91304347826087,0.0740740740740741,-0.0124324324324324,0.102408408408408,0,86.5,108.5
2017,REG,00-0033528,J.Sprinkle,Jeremy Sprinkle,TE,TE,"https://static.www.nfl.com/image/private/f_auto,q_auto/league/cncqiyqmj7ohm5k70bog",3,WAS,0,0,0,0,0,0,0,0,0,0,0,0,,0,,,0,0,0,0,0,0,,0,2,3,13,1,0,0,20,3,1,1.51357024384197,0,0.65,0.0309278350515464,0.0203252032520325,0.0606193948537424,0,7.3,9.3
2017,REG,00-0033536,M.Williams,Mike Williams,WR,WR,"https://static.www.nfl.com/image/private/f_auto,q_auto/league/oaa76gdfwdhaum4b5qkh",9,LAC,0,0,0,0,0,0,0,0,0,0,0,0,,0,,,0,0,0,0,0,0,,0,11,23,95,0,0,0,262,11,7,-14.1767031297357,0,0.362595419847328,0.0749185667752443,0.09935532802427,0.181926579779855,0,9.5,20.5
2017,REG,00-0033537,D.Watson,Deshaun Watson,QB,QB,"https://static.www.nfl.com/image/private/f_auto,q_auto/league/otfs2docj6eahaebo5xn",7,HOU,126,204,1699,19,8,19,116,2,1,2242,677,84,25.6458821184929,1,0.757805530776093,0.160545934521094,36,269,2,1,0,14,16.2972447619928,1,0,0,0,0,0,0,0,0,0,,0,,,,,0,168.86,168.86
2017,REG,00-0033553,J.Conner,James Conner,RB,RB,"https://static.www.nfl.com/image/private/f_auto,q_auto/league/rmqdvrhlmhhyyrhp3vyu",12,PIT,0,0,0,0,0,0,0,0,0,0,0,0,,0,,,32,144,0,0,0,4,-0.302159898361424,0,0,1,0,0,0,0,-4,0,0,-0.45651018503122,0,0.0,0.0185185185185185,-0.0084210526315789,0.0218830409356725,0,14.4,14.4
2017,REG,00-0033555,M.Hollins,Mack Hollins,WR,WR,"https://static.www.nfl.com/image/private/f_auto,q_auto/league/fe6e0gnullhxbgt6ohhg",11,PHI,0,0,0,0,0,0,0,0,0,0,0,0,,0,,,0,0,0,0,0,0,,0,16,22,226,1,0,0,277,43,8,11.7181739705266,0,0.815884476534296,0.0562659846547315,0.0727415966386555,0.135318094629156,0,28.6,44.6
2017,REG,00-0033556,T.Cohen,Tarik Cohen,RB,RB,"https://static.www.nfl.com/image/private/f_auto,q_auto/league/pm0uewrl0ugotlc5wbpc",16,CHI,1,2,21,1,0,0,0,0,0,49,0,1,3.06926596071571,0,0.428571428571429,,87,370,2,2,1,17,-12.2779813254892,0,53,71,353,1,0,0,157,303,9,-15.0626609488082,0,2.2484076433121,0.151709401709402,0.0454940596928427,0.259409944349092,1,99.14,152.14
2017,REG,00-0033559,M.Roberts,Michael Roberts,TE,TE,"https://static.www.nfl.com/image/private/f_auto,q_auto/league/budz2kcuoa7xbjfrfurg",5,DET,0,0,0,0,0,0,0,0,0,0,0,0,,0,,,0,0,0,0,0,0,,0,4,7,46,0,0,0,48,12,2,1.91129407056724,0,0.958333333333333,0.0372340425531915,0.0385542168674699,0.0828390156370162,0,4.6,8.6
2017,REG,00-0033562,R.Switzer,Ryan Switzer,WR,WR,"https://static.www.nfl.com/image/private/f_auto,q_auto/league/s7w7b3uxhppii72mttcu",7,DAL,0,0,0,0,0,0,0,0,0,0,0,0,,0,,,4,5,0,0,0,0,-2.10763392224908,0,6,7,41,0,0,0,33,18,4,3.16150659054983,0,1.24242424242424,0.0886075949367089,0.0633397312859885,0.177249204305255,1,10.6,16.6
2017,REG,00-0033567,B.Hill,Brian Hill,RB,RB,"https://static.www.nfl.com/image/private/f_auto,q_auto/league/bsgtdhaylnpxdhfxtx0y",3,CIN,0,0,0,0,0,0,0,0,0,0,0,0,,0,,,11,37,0,0,0,2,-1.40463256207295,0,2,2,36,0,0,0,4,32,1,1.04674433969194,0,9.0,0.0263157894736842,0.0062015503875969,0.0438147694818441,0,7.3,9.3
2017,REG,00-0033572,J.Agnew,Jamal Agnew,WR,WR,"https://static.www.nfl.com/image/private/f_auto,q_auto/league/at0skjo9xsjgobkvqqz5",6,DET,0,0,0,0,0,0,0,0,0,0,0,0,,0,,,2,9,0,0,0,1,0.318634313764051,0,2,2,18,0,0,0,-6,24,1,1.06080538674723,0,0.0,0.0256410256410256,-0.0092307692307692,0.032,2,14.7,16.7
2017,REG,00-0033573,S.Gibson,Shelton Gibson,WR,WR,"https://static.www.nfl.com/image/private/f_auto,q_auto/league/ooeitkt377s485zhchsi",1,PHI,0,0,0,0,0,0,0,0,0,0,0,0,,0,,,0,0,0,0,0,0,,0,2,3,11,0,0,0,23,-3,0,-3.86213809755282,0,0.478260869565217,0.0909090909090909,0.127777777777778,0.225808080808081,0,1.1,3.1
2017,REG,00-0033581,D.Henderson,De'Angelo Henderson Sr.,RB,RB,"https://static.www.nfl.com/image/private/f_auto,q_auto/league/jgr8ujycflajknnwxlnr",3,DEN,0,0,0,0,0,0,0,0,0,0,0,0,,0,,,7,13,0,0,0,2,-5.41857623262331,0,2,2,36,1,0,0,1,35,1,2.87556857574964,0,36.0,0.0294117647058824,0.0021367521367521,0.04561337355455,0,10.9,12.9
2017,REG,00-0033591,N.Brown,Noah Brown,WR,WR,"https://static.www.nfl.com/image/upload/f_auto,q_auto/league/skdu8rnw7nwgxdkaonyi",7,DAL,0,0,0,0,0,0,0,0,0,0,0,0,,0,,,0,0,0,0,0,0,,0,4,9,33,0,0,0,59,22,3,-2.99829990847502,0,0.559322033898305,0.046875,0.0593561368209256,0.111861795774648,0,3.3,7.3
2017,REG,00-0033594,C.Carson,Chris Carson,RB,RB,"https://static.www.nfl.com/image/private/f_auto,q_auto/league/zxjqunrgf4j8p2eg4xyl",4,SEA,0,0,0,0,0,0,0,0,0,0,0,0,,0,,,49,208,0,0,0,11,-4.31930923264008,0,7,8,59,1,0,0,17,46,3,4.43124905473087,0,3.47058823529412,0.0571428571428571,0.012630014858841,0.0945552961154744,0,32.7,39.7
2017,REG,00-0033596,M.Dayes,Matt Dayes,RB,RB,"https://static.www.nfl.com/image/private/f_auto,q_auto/league/gf7t1ooy0mqwgszd7ihi",5,CLE,0,0,0,0,0,0,0,0,0,0,0,0,,0,,,5,13,0,0,0,1,-0.211537934577791,0,4,5,29,0,0,0,7,22,1,-1.94281560188392,0,4.14285714285714,0.0526315789473684,0.0130597014925373,0.0880891594658288,0,4.2,8.2
2017,REG,00-0033611,R.Seals-Jones,Ricky Seals-Jones,TE,TE,"https://static.www.nfl.com/image/private/f_auto,q_auto/league/nqwpbsutfe0anvjkqeux",8,ARI,0,0,0,0,0,0,0,0,0,0,0,0,,0,,,0,0,0,0,0,0,,0,12,28,201,3,0,0,319,74,10,3.52221065550111,0,0.630094043887147,0.1,0.120650529500756,0.23445537065053,0,38.1,50.1
2017,REG,00-0033633,T.Gentry,Tanner Gentry,WR,WR,"https://static.www.nfl.com/image/private/f_auto,q_auto/league/ykdkdfncfuiirn9qsrk9",4,CHI,0,0,0,0,0,0,0,0,0,0,0,0,,0,,,0,0,0,0,0,0,,0,3,6,35,0,0,0,71,1,2,0.0134055341477506,0,0.492957746478873,0.06,0.0831381733021077,0.148196721311475,0,3.5,6.5
2017,REG,00-0033662,C.Rush,Cooper Rush,QB,QB,"https://static.www.nfl.com/image/private/f_auto,q_auto/league/fu4tdizb3h6hofyszomi",2,DAL,1,3,2,0,0,0,0,0,0,1,6,0,-4.33477132365806,0,2.0,,2,13,0,0,0,1,-2.8594975725282,0,0,0,0,0,0,0,0,0,0,,0,,,,,0,1.38,1.38
2017,REG,00-0033681,K.Cole,Keelan Cole,WR,WR,"https://static.www.nfl.com/image/private/f_auto,q_auto/league/djdjurxk3b6y347zirvz",16,JAX,0,0,0,0,0,0,0,0,0,0,0,0,,0,,,0,0,0,0,0,0,,0,42,83,748,3,2,1,1038,299,32,2.83198045882352,0,0.720616570327553,0.160541586073501,0.255413385826772,0.419601749188992,0,90.8,132.8
2017,REG,00-0033699,A.Ekeler,Austin Ekeler,RB,RB,"https://static.www.nfl.com/image/private/f_auto,q_auto/league/s1e7ejmmjkaxbv9zhvfl",13,LAC,0,0,0,0,0,0,0,0,0,0,0,0,,0,,,47,260,2,1,1,12,0.171488608029904,0,27,35,279,3,1,1,40,246,12,4.57121771743783,0,6.975,0.0762527233115468,0.0116076610562972,0.122504447706728,0,79.9,106.9
2017,REG,00-0033717,T.Rudolph,Travis Rudolph,WR,WR,"https://static.www.nfl.com/image/private/f_auto,q_auto/league/o0iahve7ehmall8yuskh",6,NYG,0,0,0,0,0,0,0,0,0,0,0,0,,0,,,0,0,0,0,0,0,,0,8,21,101,0,0,0,168,43,4,-7.53787622763775,0,0.601190476190476,0.110526315789474,0.128933231005372,0.256042735387971,0,10.1,18.1
2017,REG,00-0033725,C.Clement,Corey Clement,RB,RB,"https://static.www.nfl.com/image/private/f_auto,q_auto/league/rrbdxl0frmnyr1qcgexd",14,PHI,0,0,0,0,0,0,0,0,0,0,0,0,,0,,,74,321,4,0,0,19,4.12881690626675,1,10,15,123,2,0,0,-5,128,6,8.96283542684255,0,-24.6,0.0421348314606742,-0.0020416496529195,0.0617730924339675,0,82.4,92.4
2017,REG,00-0033748,Ti.Green,Tion Green,RB,RB,"https://static.www.nfl.com/image/private/f_auto,q_auto/league/i7qsig5m3dmdkubkl97k",5,DET,0,0,0,0,0,0,0,0,0,0,0,0,,0,,,42,165,2,0,0,9,-0.131765497702872,0,2,2,14,0,0,0,0,14,0,0.965572490356863,0,0.0,0.0689655172413793,,,0,29.9,31.9
2017,REG,00-0033760,J.Davis,Justin Davis,RB,RB,"https://static.www.nfl.com/image/private/f_auto,q_auto/league/lxkhwmzny52eexsdyqnq",1,LA,0,0,0,0,0,0,0,0,0,0,0,0,,0,,,1,1,0,0,0,0,-0.357370262499899,0,0,0,0,0,0,0,0,0,0,,0,,,,,0,0.1,0.1
2017,REG,00-0033770,J.Hardee,Justin Hardee,CB,DB,"https://static.www.nfl.com/image/private/f_auto,q_auto/league/cgnntlve9jglm2cqwigt",1,NO,0,0,0,0,0,0,0,0,0,0,0,0,,0,,,0,0,0,0,0,0,,0,0,0,0,0,0,0,0,0,0,,0,,,,,1,6.0,6.0
2017,REG,00-0033796,M.Williams,Marquez Williams,FB,RB,"https://static.www.nfl.com/image/private/f_auto,q_auto/league/djpqgwvw0xzixqzz6b4l",1,CLE,0,0,0,0,0,0,0,0,0,0,0,0,,0,,,0,0,0,0,0,0,,0,0,1,0,0,0,0,1,0,0,-0.435534881427884,0,0.0,0.0333333333333333,0.0034843205574912,0.0524390243902439,0,0.0,0.0
2017,REG,00-0033838,T.Edmunds,Trey Edmunds,RB,RB,"https://static.www.nfl.com/image/private/f_auto,q_auto/league/xuzfvi2xmfnlkmlbqun3",1,NO,0,0,0,0,0,0,0,0,0,0,0,0,,0,,,9,48,1,0,0,1,-1.47676391978633,0,0,0,0,0,0,0,0,0,0,,0,,,,,0,10.8,10.8
2017,REG,00-0033839,D.Westbrook,Dede Westbrook,WR,WR,"https://static.www.nfl.com/image/private/f_auto,q_auto/league/jjlxw2ircxecpx3ipeax",7,JAX,0,0,0,0,0,0,0,0,0,0,0,0,,0,,,0,0,0,0,0,0,,0,27,51,339,1,1,0,609,99,15,2.89784271192219,0,0.556650246305419,0.218884120171674,0.336092715231788,0.563591080919762,0,39.9,66.9
2017,REG,00-0033840,C.Hansen,Chad Hansen,WR,WR,"https://static.www.nfl.com/image/private/f_auto,q_auto/league/vnqylrclnnacn5lymvrk",6,NYJ,0,0,0,0,0,0,0,0,0,0,0,0,,0,,,0,0,0,0,0,0,,0,9,17,94,0,0,0,172,22,6,1.50832335889572,0,0.546511627906977,0.0825242718446602,0.0932754880694143,0.18907924941558,0,9.4,18.4
2017,REG,00-0033855,C.Thompson,Chris Thompson,WR,WR,"https://static.www.nfl.com/image/private/f_auto,q_auto/league/go7ih9czk1n7l7d3iszk",3,HOU,0,0,0,0,0,0,0,0,0,0,0,0,,0,,,0,0,0,0,0,0,,0,5,6,84,0,0,0,58,30,5,6.96540874935454,0,1.44827586206897,0.06,0.0557692307692308,0.129038461538462,0,8.4,13.4
2017,REG,00-0033856,L.Fournette,Leonard Fournette,RB,RB,"https://static.www.nfl.com/image/private/f_auto,q_auto/league/atxppoc7zqcjnbnk0awz",13,JAX,0,0,0,0,0,0,0,0,0,0,0,0,,0,,,268,1040,9,2,0,46,-16.4017472856638,0,36,48,302,1,0,0,17,303,15,7.54777613436418,0,17.7647058823529,0.112412177985948,0.0060584461867426,0.172859179309643,0,194.2,230.2
2017,REG,00-0033857,J.Smith-Schuster,JuJu Smith-Schuster,WR,WR,"https://static.www.nfl.com/image/private/f_auto,q_auto/league/ypoituliieghtndjrzaz",13,PIT,0,0,0,0,0,0,0,0,0,0,0,0,,0,,,0,0,0,0,0,0,,0,58,79,917,7,0,0,729,430,39,53.2356654076924,0,1.25788751714678,0.179545454545455,0.173323823109843,0.390644857995072,1,139.7,197.7
2017,REG,00-0033858,J.Smith,Jonnu Smith,TE,TE,"https://static.www.nfl.com/image/private/f_auto,q_auto/league/hbnnjc8knqoc95vzyol4",13,TEN,0,0,0,0,0,0,0,0,0,0,0,0,,0,,,0,0,0,0,0,0,,0,18,30,157,2,0,0,200,96,5,-4.71218848554418,0,0.785,0.0733496332518338,0.0559597090095132,0.14919624618441,0,27.7,45.7
2017,REG,00-0033859,J.Malone,Josh Malone,WR,WR,"https://static.www.nfl.com/image/private/f_auto,q_auto/league/q0qpgsvrkxi4al0dkjij",9,CIN,0,0,0,0,0,0,0,0,0,0,0,0,,0,,,2,2,0,0,0,0,-1.31069006910548,0,6,17,63,1,0,0,272,19,3,-5.42239139977545,0,0.231617647058824,0.0622710622710623,0.135932033983008,0.188559017194699,0,12.5,18.5
2017,REG,00-0033869,M.Trubisky,Mitchell Trubisky,QB,QB,"https://static.www.nfl.com/image/private/f_auto,q_auto/league/egmpgvzck6v2unbh0plp",12,CHI,196,330,2193,7,7,31,196,5,2,2571,987,100,-43.5750966896695,0,0.852975495915986,-0.0023512814170944,41,248,2,5,1,12,0.197583665833999,1,0,0,0,0,0,0,0,0,0,,0,,,,,0,134.52,134.52
2017,REG,00-0033871,C.Davis,Corey Davis,WR,WR,"https://static.www.nfl.com/image/private/f_auto,q_auto/league/hr0uv4ai1zhkn7nof2a2",11,TEN,0,0,0,0,0,0,0,0,0,0,0,0,,0,,,0,0,0,0,0,0,,0,34,65,375,0,1,0,745,101,17,-19.7410556205231,0,0.503355704697987,0.193452380952381,0.244583059750492,0.461386713253916,0,37.5,71.5
2017,REG,00-0033873,P.Mahomes,Patrick Mahomes,QB,QB,"https://static.www.nfl.com/image/private/f_auto,q_auto/league/oagzjdsdoezmp6frggrn",1,KC,22,35,284,0,1,2,15,0,0,261,174,14,7.88887747811473,0,1.08812260536398,0.132095726617803,7,10,0,0,0,0,-2.46916182464338,0,0,0,0,0,0,0,0,0,0,,0,,,,,0,10.36,10.36
2017,REG,00-0033878,A.Jackson,Adoree' Jackson,CB,DB,"https://static.www.nfl.com/image/private/f_auto,q_auto/league/wz7ftjbrza2khve21rpl",4,TEN,0,0,0,0,0,0,0,0,0,0,0,0,,0,,,5,55,0,0,0,3,3.48962006880902,0,0,1,0,0,0,0,8,0,0,-2.80372785881627,0,0.0,0.032258064516129,0.023121387283237,0.0645720678724595,0,5.5,5.5
2017,REG,00-0033879,O.Howard,O.J. Howard,TE,TE,"https://static.www.nfl.com/image/private/f_auto,q_auto/league/wlvviyfhdn5fz5p04r95",13,TB,0,0,0,0,0,0,0,0,0,0,0,0,,0,,,0,0,0,0,0,0,,0,26,39,432,6,3,2,456,152,19,17.0100679077441,0,0.947368421052632,0.0804123711340206,0.0938464704671743,0.186311086028053,0,75.2,101.2
2017,REG,00-0033881,E.Engram,Evan Engram,TE,TE,"https://static.www.nfl.com/image/private/f_auto,q_auto/league/adr65rbw956sxntlph8a",15,NYG,0,0,0,0,0,0,0,0,0,0,0,0,,0,,,1,14,0,0,0,1,1.00191198545508,0,64,115,722,6,0,0,981,306,37,4.16626505346261,0,0.735983690112131,0.2,0.234408602150538,0.464086021505376,0,109.6,173.6
2017,REG,00-0033885,D.Njoku,David Njoku,TE,TE,"https://static.www.nfl.com/image/private/f_auto,q_auto/league/ilvxwdllivrvwbuj69cm",16,CLE,0,0,0,0,0,0,0,0,0,0,0,0,,0,,,1,1,0,0,0,0,-0.400621259352192,0,32,60,386,4,0,0,609,151,17,2.9886172007536,0,0.633825944170772,0.106007067137809,0.118137730358875,0.241707011957926,0,62.7,94.7
2017,REG,00-0033891,Z.Jones,Zay Jones,WR,WR,"https://static.www.nfl.com/image/private/f_auto,q_auto/league/pbmcmjxxjcrandbjmey7",14,BUF,0,0,0,0,0,0,0,0,0,0,0,0,,0,,,0,0,0,0,0,0,,0,27,74,316,2,0,0,994,63,19,-14.7582857954488,0,0.317907444668008,0.173302107728337,0.268939393939394,0.448210737350082,0,43.6,70.6
2017,REG,00-0033893,D.Cook,Dalvin Cook,RB,RB,"https://static.www.nfl.com/image/upload/f_auto,q_auto/league/kl291pby4vjh160bkirg",4,MIN,0,0,0,0,0,0,0,0,0,0,0,0,,0,,,74,354,2,1,1,15,-6.19495935106534,0,11,16,90,0,0,0,-8,104,3,-2.81089928061486,0,-11.25,0.122137404580153,-0.0082051282051282,0.177462517126639,0,54.4,65.4
2017,REG,00-0033895,G.Everett,Gerald Everett,TE,TE,"https://static.www.nfl.com/image/private/f_auto,q_auto/league/te11unippqhdc6auox6i",13,LA,0,0,0,0,0,0,0,0,0,0,0,0,,0,,,1,13,0,0,0,1,1.08334523951635,0,16,32,244,2,1,1,285,108,7,-1.52097801379368,0,0.856140350877193,0.0786240786240786,0.0867315885575168,0.17864822992638,0,35.7,51.7
2017,REG,00-0033896,A.Shaheen,Adam Shaheen,TE,TE,"https://static.www.nfl.com/image/private/f_auto,q_auto/league/rvj5swstfh0vf6f6w2hr",6,CHI,0,0,0,0,0,0,0,0,0,0,0,0,,0,,,0,0,0,0,0,0,,0,12,14,127,3,0,0,95,49,8,9.23143457767285,0,1.33684210526316,0.0773480662983425,0.0649350649350649,0.161476644902059,0,30.7,42.7
2017,REG,00-0033897,J.Mixon,Joe Mixon,RB,RB,"https://static.www.nfl.com/image/private/f_auto,q_auto/league/pbijtl1blfdkvmwl4rsp",14,CIN,0,0,0,0,0,0,0,0,0,0,0,0,,0,,,178,626,4,1,1,35,-19.2839067653986,0,30,34,287,0,2,1,-31,313,9,4.42008144655847,0,-9.25806451612903,0.0871794871794872,-0.0108848314606742,0.123149848746759,0,111.3,141.3
2017,REG,00-0033899,D.Kizer,DeShone Kizer,QB,QB,"https://static.www.nfl.com/image/private/f_auto,q_auto/league/ajaqaaxoogjnfgxduv4u",15,CLE,255,476,2894,11,22,38,226,6,5,4272,1440,130,-112.868852457418,0,0.677434456928839,-0.0096245838393454,77,419,5,3,1,28,18.4157702523359,0,0,0,0,0,0,0,0,0,0,,0,,,,,0,175.66,175.66
2017,REG,00-0033906,A.Kamara,Alvin Kamara,RB,RB,"https://static.www.nfl.com/image/private/f_auto,q_auto/league/tl9enad6kiwv6cukf4vt",16,NO,0,0,0,0,0,0,0,0,0,0,0,0,,0,,,120,728,8,1,1,40,29.5336500405318,1,81,100,826,5,0,0,241,683,38,37.8469434274598,0,3.42738589211618,0.189035916824197,0.0769230769230769,0.337400029082449,1,239.4,320.4
2017,REG,00-0033908,C.Kupp,Cooper Kupp,WR,WR,"https://static.www.nfl.com/image/private/f_auto,q_auto/league/bkahtsjkvnom1sbnb6xm",15,LA,0,1,0,0,0,0,0,0,0,-10,0,0,-0.398295828141272,0,0.0,,0,0,0,0,0,0,,0,62,94,869,5,1,1,808,364,42,40.9614713988166,0,1.07549504950495,0.197478991596639,0.213926396611067,0.445966965022705,0,114.9,176.9
2017,REG,00-0033911,T.Taylor,Taywan Taylor,WR,WR,"https://static.www.nfl.com/image/private/f_auto,q_auto/league/n0kolr3zjappzojczo5w",16,TEN,0,0,0,0,0,0,0,0,0,0,0,0,,0,,,8,43,0,0,0,1,0.563804447650909,0,16,28,231,1,0,0,386,54,9,1.25106898169801,0,0.598445595854922,0.0651162790697674,0.100051840331778,0.167710706836896,0,33.4,49.4
2017,REG,00-0033916,A.Stewart,ArDarius Stewart,WR,WR,"https://static.www.nfl.com/image/private/f_auto,q_auto/league/veeghpn7eg95a4yfr0uk",9,NYJ,0,0,0,0,0,0,0,0,0,0,0,0,,0,,,7,27,0,0,0,2,-0.657543833833188,0,6,13,82,0,0,0,112,19,2,-1.43692762678256,0,0.732142857142857,0.0548523206751055,0.0782122905027933,0.137027084364614,0,10.9,16.9
2017,REG,00-0033921,C.Godwin,Chris Godwin,WR,WR,"https://static.www.nfl.com/image/private/f_auto,q_auto/league/rfdampf12giyojipbcxl",15,TB,0,0,0,0,0,0,0,0,0,0,0,0,,0,,,0,0,0,0,0,0,,0,34,55,525,1,0,0,725,169,27,23.3229133015468,0,0.724137931034483,0.0985663082437276,0.125432525951557,0.235652230531681,0,58.5,92.5
2017,REG,00-0033923,K.Hunt,Kareem Hunt,RB,RB,"https://static.www.nfl.com/image/private/f_auto,q_auto/league/fmy9cgin9nv7ewyhsipr",16,KC,0,0,0,0,0,0,0,0,0,0,0,0,,0,,,272,1327,8,1,1,60,3.2497811566316,0,53,63,455,3,0,0,103,411,18,17.3698826313878,0,4.41747572815534,0.127789046653144,0.0264849575726408,0.210223040280565,0,242.2,295.2
2017,REG,00-0033925,D.Foreman,D'Onta Foreman,RB,RB,"https://static.www.nfl.com/image/private/f_auto,q_auto/league/fhxviqgdrngc8gvvhnor",9,HOU,0,0,0,0,0,0,0,0,0,0,0,0,,0,,,78,327,2,2,1,13,-11.0950034739799,0,6,8,83,0,0,0,14,66,4,4.15620765456697,0,5.92857142857143,0.0579710144927536,0.0121527777777778,0.0954634661835749,0,51.0,57.0
2017,REG,00-0033932,K.Golladay,Kenny Golladay,WR,WR,"https://static.www.nfl.com/image/private/f_auto,q_auto/league/vck7awhkwwhui3ndgts3",11,DET,0,0,0,0,0,0,0,0,0,0,0,0,,0,,,1,9,0,0,0,0,0.867485547438264,0,28,48,477,3,0,0,711,181,18,17.9364770838737,0,0.670886075949367,0.12972972972973,0.234266886326194,0.358581415022931,0,66.6,94.6
2017,REG,00-0033933,C.Williams,Chad Williams,WR,WR,"https://static.www.nfl.com/image/private/f_auto,q_auto/league/euzfm4rfpar0i5lmm2df",5,ARI,0,0,0,0,0,0,0,0,0,0,0,0,,0,,,2,33,0,0,0,1,1.14294817729387,0,3,7,31,0,0,0,80,6,1,-1.77927856246242,0,0.3875,0.0457516339869281,0.0527009222661397,0.10551809656669,0,6.4,9.4
2017,REG,00-0033936,C.Beathard,C.J. Beathard,QB,QB,"https://static.www.nfl.com/image/private/f_auto,q_auto/league/yw8euaevcvwswbx5w27w",6,SF,123,224,1430,4,6,19,141,3,2,1625,654,66,-41.1098579988891,0,0.88,-0.0137683824355682,26,136,3,0,0,9,6.93298135323103,0,0,0,0,0,0,0,0,0,0,,0,,,,,0,88.8,88.8
2017,REG,00-0033937,A.Darboh,Amara Darboh,WR,WR,"https://static.www.nfl.com/image/private/f_auto,q_auto/league/q89vsyniuhgsk9ycw6tb",8,SEA,0,0,0,0,0,0,0,0,0,0,0,0,,0,,,0,0,0,0,0,0,,0,8,13,71,0,0,0,157,16,2,0.958047668333165,0,0.452229299363057,0.049618320610687,0.0630016051364366,0.118528604511536,0,7.1,15.1
2017,REG,00-0033943,J.Reynolds,Josh Reynolds,WR,WR,"https://static.www.nfl.com/image/private/f_auto,q_auto/league/sxrgouqg155xtgtzesy9",8,LA,0,0,0,0,0,0,0,0,0,0,0,0,,0,,,0,0,0,0,0,0,,0,11,24,104,1,0,0,180,34,7,2.08134381498302,0,0.577777777777778,0.0944881889763779,0.0920245398773006,0.206149461378677,0,16.4,27.4
2017,REG,00-0033948,J.Williams,Jamaal Williams,RB,RB,"https://static.www.nfl.com/image/private/f_auto,q_auto/league/qerbr9qnhpn27cyogu4x",14,GB,0,0,0,0,0,0,0,0,0,0,0,0,,0,,,153,556,4,0,0,32,-2.22785127887619,0,25,34,262,2,0,0,51,256,12,8.03794866224052,0,5.13725490196079,0.100890207715134,0.0226565970679698,0.167194929520279,0,117.8,142.8
2017,REG,00-0033950,W.Gallman,Wayne Gallman,RB,RB,"https://static.www.nfl.com/image/private/f_auto,q_auto/league/zrc9lbsy94hxanrf5voo",13,NYG,0,0,0,0,0,0,0,0,0,0,0,0,,0,,,111,476,0,3,1,19,-5.60995467674833,0,34,48,193,1,0,0,20,201,8,-12.3733913625765,0,9.65,0.0987654320987654,0.0056274620146314,0.15208737155839,0,70.9,104.9
2017,REG,00-0033951,M.Mack,Marlon Mack,RB,RB,"https://static.www.nfl.com/image/private/f_auto,q_auto/league/d3sdoo1yiey5oiyblulk",14,IND,0,0,0,0,0,0,0,0,0,0,0,0,,0,,,93,358,3,1,0,21,-9.17383687139954,0,21,33,225,1,0,0,-63,283,10,11.6874084423343,0,-3.57142857142857,0.0846153846153846,-0.0213342363697934,0.111989111464222,0,82.3,103.3
2017,REG,00-0033958,N.Peterman,Nathan Peterman,QB,QB,"https://static.www.nfl.com/image/private/f_auto,q_auto/league/owifll49p0mmsjgf7rhn",4,BUF,23,48,231,2,5,1,5,0,0,416,69,13,-27.0678896618192,0,0.555288461538462,-0.0239627131223389,7,23,0,2,0,1,-1.46398977632634,0,0,0,0,0,0,0,0,0,0,,0,,,,,0,9.54,9.54
2017,REG,00-0033968,S.Coley,Stacy Coley,WR,WR,"https://static.www.nfl.com/image/private/f_auto,q_auto/league/yawmfaxmvob2piqusoji",1,MIN,0,0,0,0,0,0,0,0,0,0,0,0,,0,,,0,0,0,0,0,0,,0,0,1,0,0,0,0,6,0,0,-0.458405314944685,0,0.0,0.0277777777777778,0.022140221402214,0.0571648216482165,0,0.0,0.0
2017,POST,00-0019596,T.Brady,Tom Brady,QB,QB,"https://static.www.nfl.com/image/private/f_auto,q_auto/league/q7dpdlxyu5rs05rgh1le",3,NE,89,139,1132,8,0,4,17,1,1,1340,489,59,44.2620783518737,0,0.844776119402985,0.185781063074321,7,8,0,0,0,2,-1.42576839699177,0,0,1,0,0,0,0,7,0,0,-1.00078344950452,0,0.0,0.0212765957446809,0.0125223613595707,0.0406805465687207,0,76.08,76.08
2017,POST,00-0020531,D.Brees,Drew Brees,QB,QB,"https://static.www.nfl.com/image/private/f_auto,q_auto/league/i20xlpzdmn7xubotijjd",2,NO,48,73,670,5,3,3,23,1,0,708,269,35,23.1259346149312,0,0.946327683615819,0.181507835821226,3,0,0,0,0,1,-0.0311440169462003,0,0,0,0,0,0,0,0,0,0,,0,,,,,0,40.8,40.8
2017,POST,00-0022924,B.Roethlisberger,Ben Roethlisberger,QB,QB,"https://static.www.nfl.com/image/private/f_auto,q_auto/league/vziogpnyp9d0xtpiuqhr",1,PIT,37,58,469,5,1,2,7,1,1,428,267,23,14.5414543132938,0,1.09579439252336,0.187099651673188,2,16,0,0,0,1,4.06207707987051,0,0,0,0,0,0,0,0,0,0,,0,,,,,0,36.36,36.36
2017,POST,00-0023436,A.Smith,Alex Smith,QB,QB,"https://static.www.nfl.com/image/private/f_auto,q_auto/league/dpa5d1a8jj6jdymocjkx",1,KC,24,33,264,2,0,4,8,0,0,236,150,14,5.59350233746227,0,1.11864406779661,0.130620646718074,4,13,0,0,0,0,-3.2100278405195,0,0,0,0,0,0,0,0,0,0,,0,,,,,0,19.86,19.86
2017,POST,00-0023645,D.Anderson,Derek Anderson,QB,QB,"https://static.www.nfl.com/image/private/f_auto,q_auto/league/w191gsxivnqgdwgydka6",1,CAR,0,1,0,0,0,0,0,0,0,-2,0,0,-0.892616685014218,0,0.0,,0,0,0,0,0,0,,0,0,0,0,0,0,0,0,0,0,,0,,,,,0,0.0,0.0
2017,POST,00-0024243,M.Lewis,Marcedes Lewis,TE,TE,"https://static.www.nfl.com/image/private/f_auto,q_auto/league/ppq07tipygpftz5csipx",3,JAX,0,0,0,0,0,0,0,0,0,0,0,0,,0,,,0,0,0,0,0,0,,0,4,7,21,1,0,0,41,9,2,-2.63007910660235,0,0.51219512195122,0.0843373493975904,0.061377245508982,0.169470095952673,0,8.1,12.1
2017,POST,00-0024389,De.Walker,Delanie Walker,TE,TE,"https://static.www.nfl.com/image/private/f_auto,q_auto/league/diknegkpqy0qnri7877z",2,TEN,0,0,0,0,0,0,0,0,0,0,0,0,,0,,,0,0,0,0,0,0,,0,10,15,133,0,0,0,132,63,5,0.305988564447034,0,1.00757575757576,0.220588235294118,0.18830242510699,0.46269405051607,0,13.3,23.3
2017,POST,00-0025396,T.Ginn,Ted Ginn,WR,WR,"https://static.www.nfl.com/image/private/f_auto,q_auto/league/o4m4txrv9l7odyebnea4",2,NO,0,0,0,0,0,0,0,0,0,0,0,0,,0,,,1,11,0,0,0,1,1.29638844821602,0,12,17,187,1,0,0,267,57,6,8.83172502467642,0,0.700374531835206,0.23943661971831,0.364754098360656,0.614482798429924,0,25.8,37.8
2017,POST,00-0025418,G.Olsen,Greg Olsen,TE,TE,"https://static.www.nfl.com/image/private/f_auto,q_auto/league/jevf1bubmrv2vvmiwq3r",1,CAR,0,0,0,0,0,0,0,0,0,0,0,0,,0,,,0,0,0,0,0,0,,0,8,12,107,1,0,0,119,25,5,8.204821742018,0,0.899159663865546,0.315789473684211,0.30749354005168,0.688929688562492,0,16.7,24.7
2017,POST,00-0025549,B.Celek,Brent Celek,TE,TE,"https://static.www.nfl.com/image/private/f_auto,q_auto/league/mit6ahic4gkdhy1hkejt",2,PHI,0,0,0,0,0,0,0,0,0,0,0,0,,0,,,0,0,0,0,0,0,,0,1,2,6,0,0,0,12,1,0,-0.56946026859805,0,0.5,0.032258064516129,0.025,0.0658870967741936,0,0.6,1.6
2017,POST,00-0026035,D.Amendola,Danny Amendola,WR,WR,"https://static.www.nfl.com/image/private/f_auto,q_auto/league/etz06w7s0ardf49mnayz",3,NE,1,2,20,0,0,0,0,0,0,4,23,0,0.23719382553827,0,5.0,,1,3,0,0,0,0,-0.355563145829365,0,26,33,348,2,0,0,323,115,17,30.2138841440767,0,1.07739938080495,0.237410071942446,0.240327380952381,0.524344274580336,0,47.9,73.9
2017,POST,00-0026069,M.Tolbert,Mike Tolbert,FB,RB,"https://static.www.nfl.com/image/private/f_auto,q_auto/league/frwhwdhbcteyg7xjha7a",1,BUF,0,0,0,0,0,0,0,0,0,0,0,0,,0,,,4,15,0,0,0,1,-1.31597446277738,0,1,1,10,0,0,0,3,7,1,1.8357578269206,0,3.33333333333333,0.0285714285714286,0.0131004366812227,0.0520274485339988,0,2.5,3.5
2017,POST,00-0026143,M.Ryan,Matt Ryan,QB,QB,"https://static.www.nfl.com/image/private/f_auto,q_auto/league/s6zam4ekrrnonsck6vak",2,ATL,43,66,428,2,0,6,35,0,0,431,247,24,4.68127886398923,0,0.993039443155453,0.0870101286265013,6,5,0,0,0,1,0.770067981819746,0,0,0,0,0,0,0,0,0,0,,0,,,,,0,25.62,25.62
2017,POST,00-0026153,J.Stewart,Jonathan Stewart,RB,RB,"https://static.www.nfl.com/image/private/f_auto,q_auto/league/dzvxfj3xrgnzc3jbag2n",1,CAR,0,0,0,0,0,0,0,0,0,0,0,0,,0,,,11,51,0,0,0,2,-2.55554332130123,0,0,0,0,0,0,0,0,0,0,,0,,,,,0,5.1,5.1
2017,POST,00-0026625,B.Hoyer,Brian Hoyer,QB,QB,"https://static.www.nfl.com/image/private/f_auto,q_auto/league/japt3mj2xctm7saqndxn",1,NE,0,0,0,0,0,0,0,0,0,0,0,0,,0,,,3,-1,0,0,0,0,-3.00079528772039,0,0,0,0,0,0,0,0,0,0,,0,,,,,0,-0.1,-0.1
2017,POST,00-0026983,D.Heyward-Bey,Darrius Heyward-Bey,WR,WR,"https://static.www.nfl.com/image/private/f_auto,q_auto/league/d5otkkbb0z2rdd2bjatd",1,PIT,0,0,0,0,0,0,0,0,0,0,0,0,,0,,,0,0,0,0,0,0,,0,0,1,0,0,0,0,0,0,0,-0.113497582497075,0,,0.0175438596491228,,,0,0.0,0.0
2017,POST,00-0027029,L.McCoy,LeSean McCoy,RB,RB,"https://static.www.nfl.com/image/private/f_auto,q_auto/league/cpc1a2dgivdyevuncz7p",1,BUF,0,0,0,0,0,0,0,0,0,0,0,0,,0,,,19,75,0,0,0,3,-1.89765056746546,0,6,8,44,0,0,0,0,50,1,1.10686267830897,0,0.0,0.228571428571429,,,0,11.9,17.9
2017,POST,00-0027325,L.Blount,LeGarrette Blount,RB,RB,"https://static.www.nfl.com/image/private/f_auto,q_auto/league/s3eilto1yi0yhoamvvo3",3,PHI,0,0,0,0,0,0,0,0,0,0,0,0,,0,,,29,130,3,0,0,8,3.37831612557271,0,0,0,0,0,0,0,0,0,0,,0,,,,,0,31.0,31.0
2017,POST,00-0027531,C.Ivory,Chris Ivory,RB,RB,"https://static.www.nfl.com/image/private/f_auto,q_auto/league/wuhrkffigvt55hcqd4yw",1,JAX,0,0,0,0,0,0,0,0,0,0,0,0,,0,,,1,2,0,0,0,0,-0.110542833223008,0,0,1,0,0,0,0,-3,0,0,-1.51553939771838,0,0.0,0.0454545454545455,-0.037037037037037,0.0422558922558923,0,0.2,0.2
2017,POST,00-0027656,R.Gronkowski,Rob Gronkowski,TE,TE,"https://static.www.nfl.com/image/private/f_auto,q_auto/league/svpo7chliiymc0r7hegp",3,NE,0,0,0,0,0,0,0,0,0,0,0,0,,0,,,0,0,0,0,0,0,,0,16,27,218,3,0,0,329,71,15,9.64030636337631,0,0.662613981762918,0.194244604316547,0.244791666666667,0.462721073141487,0,39.8,55.8
2017,POST,00-0027675,E.Dickson,Ed Dickson,TE,TE,"https://static.www.nfl.com/image/private/f_auto,q_auto/league/qtxat8xwaclkqfkj5lrq",1,CAR,0,0,0,0,0,0,0,0,0,0,0,0,,0,,,0,0,0,0,0,0,,0,1,2,3,0,0,0,8,1,0,-1.29273025526495,0,0.375,0.0526315789473684,0.020671834625323,0.0934176526587787,0,0.3,1.3
2017,POST,00-0027690,E.Decker,Eric Decker,WR,WR,"https://static.www.nfl.com/image/private/f_auto,q_auto/league/jg5ftnvxz4jdiajzeoyn",2,TEN,0,0,0,0,0,0,0,0,0,0,0,0,,0,,,0,0,0,0,0,0,,0,8,12,106,1,0,0,170,16,5,5.98509486223338,0,0.623529411764706,0.176470588235294,0.242510699001427,0.43446337165394,0,16.6,24.6
2017,POST,00-0027793,A.Brown,Antonio Brown,WR,WR,"https://static.www.nfl.com/image/private/f_auto,q_auto/league/ecxsx9t7bfg42bgfwj3v",1,PIT,0,0,0,0,0,0,0,0,0,0,0,0,,0,,,0,0,0,0,0,0,,0,7,11,132,2,0,0,158,27,5,10.1986970862781,0,0.835443037974684,0.192982456140351,0.369158878504673,0.547884899163797,0,25.2,32.2
2017,POST,00-0027925,J.Develin,James Develin,FB,RB,"https://static.www.nfl.com/image/private/f_auto,q_auto/league/ryhocvpml27otxnncc2h",1,NE,0,0,0,0,0,0,0,0,0,0,0,0,,0,,,0,0,0,0,0,0,,0,0,1,0,0,0,0,10,0,0,-0.635995850665495,0,0.0,0.0212765957446809,0.0178890876565295,0.0444372549765919,0,0.0,0.0
2017,POST,00-0027939,C.Newton,Cam Newton,QB,QB,"https://static.www.nfl.com/image/private/f_auto,q_auto/league/zwmgw2gmnn2kch4nquft",1,CAR,24,40,349,2,0,4,43,0,0,397,139,16,7.81125424087423,0,0.879093198992443,0.154638330150562,8,37,0,0,0,2,3.64549845119473,0,0,0,0,0,0,0,0,0,0,,0,,,,,0,25.66,25.66
2017,POST,00-0027944,J.Jones,Julio Jones,WR,WR,"https://static.www.nfl.com/image/upload/f_auto,q_auto/league/omrddf2phtyztzx2nup1",2,ATL,0,0,0,0,0,0,0,0,0,0,0,0,,0,,,1,13,0,0,0,1,0.992409033235162,0,18,26,195,1,0,0,248,60,12,9.08371221018024,0,0.786290322580645,0.4,0.609336609336609,1.02653562653563,0,26.8,44.8
2017,POST,00-0027966,M.Ingram,Mark Ingram,RB,RB,"https://static.www.nfl.com/image/private/f_auto,q_auto/league/qyju9wutyssrf0b26ran",2,NO,0,0,0,0,0,0,0,0,0,0,0,0,,0,,,19,47,0,0,0,2,-6.56915198452771,0,2,2,16,0,0,0,-4,20,1,0.897131531732157,0,-4.0,0.028169014084507,-0.0054644808743169,0.0384283845147387,0,6.3,8.3
2017,POST,00-0027981,K.Rudolph,Kyle Rudolph,TE,TE,"https://static.www.nfl.com/image/private/f_auto,q_auto/league/mtvrkfel5750mlevcvtp",2,MIN,0,0,0,0,0,0,0,0,0,0,0,0,,0,,,0,0,0,0,0,0,,0,6,12,53,1,0,0,90,11,2,-2.03673112599061,0,0.588888888888889,0.13953488372093,0.154109589041096,0.317179037910162,0,11.3,17.3
2017,POST,00-0027996,T.Smith,Torrey Smith,WR,WR,"https://static.www.nfl.com/image/private/f_auto,q_auto/league/sqvbn4ybxagyfwva3i51",3,PHI,0,0,0,0,0,0,0,0,0,0,0,0,,0,,,0,0,0,0,0,0,,0,13,20,157,1,0,0,284,65,8,7.02494313678471,0,0.552816901408451,0.188679245283019,0.314855875831486,0.503417981006568,0,21.7,34.7
2017,POST,00-0028087,D.Lewis,Dion Lewis,RB,RB,"https://static.www.nfl.com/image/private/f_auto,q_auto/league/erzmtaaz3eimbg998hyq",3,NE,0,0,0,0,0,0,0,0,0,0,0,0,,0,,,33,135,0,0,0,5,-3.10335044655949,0,16,18,111,0,1,1,-10,120,2,-5.20487966784276,0,-11.1,0.195652173913043,-0.0127388535031847,0.284561063417336,0,22.6,38.6
2017,POST,00-0028112,C.Clay,Charles Clay,TE,TE,"https://static.www.nfl.com/image/private/f_auto,q_auto/league/gbfhfjn5cxtou5aazegt",1,BUF,0,0,0,0,0,0,0,0,0,0,0,0,,0,,,0,0,0,0,0,0,,0,3,5,15,0,0,0,24,8,1,-0.838851474691182,0,0.625,0.142857142857143,0.104803493449782,0.287648159700562,0,1.5,4.5
2017,POST,00-0028118,T.Taylor,Tyrod Taylor,QB,QB,"https://static.www.nfl.com/image/private/f_auto,q_auto/league/qx6t1lqmc9ws9ledobzn",1,BUF,17,37,134,0,1,2,15,0,0,240,94,7,-12.2182455170203,0,0.558333333333333,-0.0502106779851872,7,27,0,0,0,2,1.49015935568605,0,0,0,0,0,0,0,0,0,0,,0,,,,,0,6.06,6.06
2017,POST,00-0028237,C.Hogan,Chris Hogan,WR,WR,"https://static.www.nfl.com/image/private/f_auto,q_auto/league/fmpqnciwjqicsjzy63mc",3,NE,0,0,0,0,0,0,0,0,0,0,0,0,,0,,,1,4,0,0,0,0,-0.0685335854068399,0,9,16,152,2,0,0,250,38,7,8.68135653930949,0,0.608,0.115107913669065,0.186011904761905,0.30287020383693,0,27.6,36.6
2017,POST,00-0028581,P.DiMarco,Patrick DiMarco,FB,RB,"https://static.www.nfl.com/image/private/f_auto,q_auto/league/chit1zcsfqaoqzkqc9eh",1,BUF,0,0,0,0,0,0,0,0,0,0,0,0,,0,,,0,0,0,0,0,0,,0,0,1,0,0,0,0,2,0,0,-0.504252675222233,0,0.0,0.0285714285714286,0.0087336244541484,0.0489706799750468,0,0.0,0.0
2017,POST,00-0028986,C.Keenum,Case Keenum,QB,QB,"https://static.www.nfl.com/image/private/f_auto,q_auto/league/tymwoe3wpwzln78uzbvu",2,MIN,53,88,589,2,3,3,18,1,1,610,282,29,-6.46301446911456,0,0.965573770491803,0.0428535958796538,2,12,0,0,0,0,-0.712590714450926,0,0,0,0,0,0,0,0,0,0,,0,,,,,0,24.76,24.76
2017,POST,00-0029137,A.Jeffery,Alshon Jeffery,WR,WR,"https://static.www.nfl.com/image/private/f_auto,q_auto/league/qrbsgwhzlsmwgkdfjryh",3,PHI,0,0,0,0,0,0,0,0,0,0,0,0,,0,,,0,0,0,0,0,0,,0,12,18,219,3,0,0,257,46,11,16.5935478995703,0,0.852140077821012,0.169811320754717,0.284922394678492,0.45416265740702,0,39.9,51.9
2017,POST,00-0029239,B.Bolden,Brandon Bolden,RB,RB,"https://static.www.nfl.com/image/private/f_auto,q_auto/league/kqqwz35z9brhkzbs4bcn",1,NE,0,0,0,0,0,0,0,0,0,0,0,0,,0,,,4,27,1,0,0,3,3.06150161343976,0,0,0,0,0,0,0,0,0,0,,0,,,,,0,8.7,8.7
2017,POST,00-0029388,D.Thompson,Deonte Thompson,WR,WR,"https://static.www.nfl.com/image/private/f_auto,q_auto/league/bvfgozqccoo627wuitkb",1,BUF,0,0,0,0,0,0,0,0,0,0,0,0,,0,,,1,9,0,0,0,1,0.100553005700931,0,2,6,23,0,0,0,84,5,1,-2.97384184820112,0,0.273809523809524,0.171428571428571,0.366812227074236,0.513911416094822,0,3.2,5.2
2017,POST,00-0029394,B.Bersin,Brenton Bersin,WR,WR,"https://static.www.nfl.com/image/private/f_auto,q_auto/league/gjkirn3lffpdr7gn8ars",1,CAR,0,0,0,0,0,0,0,0,0,0,0,0,,0,,,0,0,0,0,0,0,,0,2,2,27,0,0,0,8,19,1,2.33475952438312,0,3.375,0.0526315789473684,0.020671834625323,0.0934176526587787,0,2.7,4.7
2017,POST,00-0029414,O.Charles,Orson Charles,TE,TE,"https://static.www.nfl.com/image/private/f_auto,q_auto/league/shbtvc2u3xznv47nzvm2",1,KC,0,0,0,0,0,0,0,0,0,0,0,0,,0,,,0,0,0,0,0,0,,0,0,1,0,0,0,0,9,0,0,-1.81503680488095,0,0.0,0.03125,0.0387931034482759,0.0740301724137931,0,0.0,0.0
2017,POST,00-0029567,N.Foles,Nick Foles,QB,QB,"https://static.www.nfl.com/image/private/f_auto,q_auto/league/dxuz2ir773wylutxo7zs",3,PHI,77,106,971,6,1,2,14,0,0,901,494,49,54.2428449177173,0,1.07769145394007,0.278761125164646,5,-2,0,2,0,0,-2.10420086007798,0,1,1,1,1,0,0,1,0,1,3.13935722468887,0,1.0,0.0227272727272727,0.0023696682464455,0.0357496768634209,0,66.74,67.74
2017,POST,00-0029572,J.Wright,Jarius Wright,WR,WR,"https://static.www.nfl.com/image/private/f_auto,q_auto/league/f4xgfra44cd6qjy6havp",2,MIN,0,0,0,0,0,0,0,0,0,0,0,0,,0,,,1,4,0,0,0,0,-0.239848101511598,0,6,12,107,0,0,0,144,24,5,4.58320629684022,0,0.743055555555556,0.13953488372093,0.246575342465753,0.381905065307423,0,11.1,17.1
2017,POST,00-0029580,R.Matthews,Rishard Matthews,WR,WR,"https://static.www.nfl.com/image/private/f_auto,q_auto/league/fr7nzgwarzuorvi8cvlc",2,TEN,0,0,0,0,0,0,0,0,0,0,0,0,,0,,,0,0,0,0,0,0,,0,4,10,42,0,0,0,143,9,3,0.7153898209217,0,0.293706293706294,0.147058823529412,0.203994293865906,0.363384241000252,0,4.2,8.2
2017,POST,00-0029632,M.Sanu,Mohamed Sanu,WR,WR,"https://static.www.nfl.com/image/private/f_auto,q_auto/league/a6loroqhta6g65aqnsrk",2,ATL,0,0,0,0,0,0,0,0,0,0,0,0,,0,,,0,0,0,0,0,0,,0,7,13,125,0,0,0,115,91,6,5.88626162030126,0,1.08695652173913,0.2,0.282555282555283,0.497788697788698,0,12.5,19.5
2017,POST,00-0029638,M.Floyd,Michael Floyd,WR,WR,"https://static.www.nfl.com/image/private/f_auto,q_auto/league/lisxjuyoo7hiux1ac4jb",1,MIN,0,0,0,0,0,0,0,0,0,0,0,0,,0,,,0,0,0,0,0,0,,0,0,1,0,0,0,0,4,0,0,-0.481017607613467,0,0.0,0.025,0.0115273775216138,0.0455691642651297,0,0.0,0.0
2017,POST,00-0029731,F.Whittaker,Fozzy Whittaker,RB,RB,"https://static.www.nfl.com/image/private/f_auto,q_auto/league/lyk6elzqjynnxbxe6qlr",1,CAR,0,0,0,0,0,0,0,0,0,0,0,0,,0,,,1,3,0,0,0,1,0.175278016598895,0,0,0,0,0,0,0,0,0,0,,0,,,,,0,0.3,0.3
2017,POST,00-0029848,N.Williams,Nick Williams,WR,WR,"https://static.www.nfl.com/image/private/f_auto,q_auto/league/xzbqirh5sxfjtmmnrupw",1,ATL,0,0,0,0,0,0,0,0,0,0,0,0,,0,,,0,0,0,0,0,0,,0,0,1,0,0,0,0,3,0,0,-0.807256063213572,0,0.0,0.0277777777777778,0.0101694915254237,0.0487853107344633,0,0.0,0.0
2017,POST,00-0029931,Z.Line,Zach Line,FB,RB,"https://static.www.nfl.com/image/private/f_auto,q_auto/league/dddfiilg9qy54xtorb6r",1,NO,0,0,0,0,0,0,0,0,0,0,0,0,,0,,,1,1,1,0,0,1,0.751389916811604,0,1,1,7,0,0,0,2,5,0,0.318607332999818,0,3.5,0.0333333333333333,0.0052770448548812,0.0536939313984169,0,6.8,7.8
2017,POST,00-0030035,A.Thielen,Adam Thielen,WR,WR,"https://static.www.nfl.com/image/private/f_auto,q_auto/league/kmldtl8p9h7h5dzvkwsw",2,MIN,0,0,0,0,0,0,0,0,0,0,0,0,,0,,,0,0,0,0,0,0,,0,9,18,102,0,0,0,188,7,5,-10.9646220419844,0,0.542553191489362,0.209302325581395,0.321917808219178,0.539295954125518,0,10.2,19.2
2017,POST,00-0030061,Z.Ertz,Zach Ertz,TE,TE,"https://static.www.nfl.com/image/private/f_auto,q_auto/league/t7my0kesdhb2iefvempm",3,PHI,0,0,0,0,0,0,0,0,0,0,0,0,,0,,,0,0,0,0,0,0,,0,18,22,192,1,0,0,146,77,12,18.4223671148065,0,1.31506849315068,0.207547169811321,0.161862527716186,0.424624524118312,0,25.2,43.2
2017,POST,00-0030112,T.Bohanon,Tommy Bohanon,FB,RB,"https://static.www.nfl.com/image/private/f_auto,q_auto/league/lmoesdqqzu6v8rmnyqlk",3,JAX,0,0,0,0,0,0,0,0,0,0,0,0,,0,,,0,0,0,0,0,0,,0,2,3,34,1,0,0,17,17,2,4.02579713746673,0,2.0,0.036144578313253,0.0289608177172061,0.0744894398719238,0,9.4,11.4
2017,POST,00-0030147,R.Shepard,Russell Shepard,WR,WR,"https://static.www.nfl.com/image/private/f_auto,q_auto/league/gk2saq7m1jxl90g9slks",1,CAR,0,0,0,0,0,0,0,0,0,0,0,0,,0,,,0,0,0,0,0,0,,0,0,2,0,0,0,0,44,0,0,-0.680449408653658,0,0.0,0.0526315789473684,0.113695090439276,0.158533931728546,0,0.0,0.0
2017,POST,00-0030155,D.Harris,Demetrius Harris,TE,TE,"https://static.www.nfl.com/image/private/f_auto,q_auto/league/nlajcnjlosuajmqswxvl",1,KC,0,0,0,0,0,0,0,0,0,0,0,0,,0,,,0,0,0,0,0,0,,0,2,3,22,0,0,0,16,10,2,1.6545177216758,0,1.375,0.09375,0.0689655172413793,0.188900862068966,0,2.2,4.2
2017,POST,00-0030216,J.Hill,Josh Hill,TE,TE,"https://static.www.nfl.com/image/private/f_auto,q_auto/league/vdva7m1fxklv6gxbsg7q",2,NO,0,0,0,0,0,0,0,0,0,0,0,0,,0,,,0,0,0,0,0,0,,0,6,10,103,1,0,0,78,42,6,4.26450308150379,0,1.32051282051282,0.140845070422535,0.10655737704918,0.285857769568229,0,16.3,22.3
2017,POST,00-0030288,R.Burkhead,Rex Burkhead,RB,RB,"https://static.www.nfl.com/image/private/f_auto,q_auto/league/ysgdnkasvp07qmrkasve",2,NE,0,0,0,0,0,0,0,0,0,0,0,0,,0,,,4,23,0,0,0,1,0.774612251319923,0,1,2,46,0,0,0,2,48,1,2.22051368223038,0,23.0,0.0232558139534884,0.002020202020202,0.036297862344374,0,6.9,7.9
2017,POST,00-0030431,R.Woods,Robert Woods,WR,WR,"https://static.www.nfl.com/image/upload/f_auto,q_auto/league/owppysuai4ipxu5d27nu",1,LA,0,0,0,0,0,0,0,0,0,0,0,0,,0,,,0,0,0,0,0,0,,0,9,14,142,0,0,0,171,34,7,12.8615777700907,0,0.830409356725146,0.311111111111111,0.41304347826087,0.755797101449275,0,14.2,23.2
2017,POST,00-0030443,L.Toilolo,Levine Toilolo,TE,TE,"https://static.www.nfl.com/image/private/f_auto,q_auto/league/w6qnlfw0cuxest48srd0",1,ATL,0,0,0,0,0,0,0,0,0,0,0,0,,0,,,0,0,0,0,0,0,,0,1,2,12,0,0,0,4,8,1,0.233705753635149,0,3.0,0.0555555555555556,0.0135593220338983,0.0928248587570621,0,1.2,2.2
2017,POST,00-0030470,V.McDonald,Vance McDonald,TE,TE,"https://static.www.nfl.com/image/private/f_auto,q_auto/league/apafzol1dcqu56cqotv9",1,PIT,0,0,0,0,0,0,0,0,0,0,0,0,,0,,,0,0,0,0,0,0,,0,10,16,112,0,0,0,49,98,8,2.12858902048902,0,2.28571428571429,0.280701754385965,0.114485981308411,0.501192818494835,0,11.2,21.2
2017,POST,00-0030496,L.Bell,Le'Veon Bell,RB,RB,"https://static.www.nfl.com/image/private/f_auto,q_auto/league/sm3ij3pcby5ciqwaaqa1",1,PIT,0,0,0,0,0,0,0,0,0,0,0,0,,0,,,16,67,1,0,0,3,-7.26250510127284,0,9,13,88,1,0,0,23,80,4,4.37081471603597,0,3.82608695652174,0.228070175438597,0.0537383177570094,0.379722085587801,0,27.5,36.5
2017,POST,00-0030506,T.Kelce,Travis Kelce,TE,TE,"https://static.www.nfl.com/image/private/f_auto,q_auto/league/ryzr3vbragwe50vtj9af",1,KC,0,0,0,0,0,0,0,0,0,0,0,0,,0,,,0,0,0,0,0,0,,0,4,4,66,1,0,0,48,18,3,6.71908114751568,0,1.375,0.125,0.206896551724138,0.332327586206897,0,12.6,16.6
2017,POST,00-0030513,L.Murray,Latavius Murray,RB,RB,"https://static.www.nfl.com/image/private/f_auto,q_auto/league/zepm7ghltyeqydn0qxcg",2,MIN,0,0,0,0,0,0,0,0,0,0,0,0,,0,,,25,68,1,0,0,4,-4.60268292570254,0,4,4,28,0,0,0,-10,38,2,2.08596301777288,0,-2.8,0.0465116279069768,-0.0171232876712329,0.0577811404906021,0,15.6,19.6
2017,POST,00-0030663,W.Snead,Willie Snead,WR,WR,"https://static.www.nfl.com/image/private/f_auto,q_auto/league/fr5xckiwhguuaishnbju",2,NO,0,1,0,0,0,0,0,0,0,24,0,0,-1.5374763882719,0,0.0,,0,0,0,0,0,0,,0,3,4,25,0,0,0,33,2,3,3.95851650071563,0,0.757575757575758,0.0563380281690141,0.0450819672131148,0.116064419302701,0,2.5,5.5
2017,POST,00-0030668,C.West,Charcandrick West,RB,RB,"https://static.www.nfl.com/image/private/f_auto,q_auto/league/ccvw7oos9bzr4ojdiuac",1,KC,0,0,0,0,0,0,0,0,0,0,0,0,,0,,,0,0,0,0,0,0,,0,2,2,1,0,0,0,-5,6,1,-0.773356547084404,0,-0.2,0.0625,-0.021551724137931,0.0786637931034483,0,0.1,2.1
2017,POST,00-0030669,A.Wilson,Albert Wilson,WR,WR,"https://static.www.nfl.com/image/private/f_auto,q_auto/league/slythouwdcrug0poiios",1,KC,0,0,0,0,0,0,0,0,0,0,0,0,,0,,,0,0,0,0,0,0,,0,2,4,26,0,0,0,53,9,2,-0.416772417142056,0,0.490566037735849,0.125,0.228448275862069,0.347413793103448,0,2.6,4.6
2017,POST,00-0030710,T.Burton,Trey Burton,TE,TE,"https://static.www.nfl.com/image/private/f_auto,q_auto/league/vt2ce0szit4ozyh5s5iw",3,PHI,1,1,1,1,0,0,0,0,0,1,0,1,3.13935722468887,0,1.0,,0,0,0,0,0,0,,0,1,4,12,0,0,0,67,5,1,-2.00956582918298,0,0.17910447761194,0.0377358490566038,0.0742793791574279,0.108599338995105,0,5.24,6.24
2017,POST,00-0030801,B.Coleman,Brandon Coleman,WR,WR,"https://static.www.nfl.com/image/private/f_auto,q_auto/league/mudu6l15nmg2cfvljd0d",1,NO,0,0,0,0,0,0,0,0,0,0,0,0,,0,,,0,0,0,0,0,0,,0,4,5,44,0,1,0,53,10,3,3.22638913453557,0,0.830188679245283,0.166666666666667,0.139841688654354,0.347889182058047,0,4.4,8.4
2017,POST,00-0030821,A.Hurns,Allen Hurns,WR,WR,"https://static.www.nfl.com/image/private/f_auto,q_auto/league/ficrwzwu4bfswpzu61fv",3,JAX,0,0,0,0,0,0,0,0,0,0,0,0,,0,,,0,0,0,0,0,0,,0,7,10,92,0,0,0,90,31,5,3.93691994133405,0,1.02222222222222,0.120481927710843,0.153321976149915,0.288048274871205,0,9.2,16.2
2017,POST,00-0031035,X.Grimble,Xavier Grimble,TE,TE,"https://static.www.nfl.com/image/private/f_auto,q_auto/league/crjwhcfk4bt6dqojjppj",1,PIT,0,0,0,0,0,0,0,0,0,0,0,0,,0,,,0,0,0,0,0,0,,0,0,1,0,0,0,0,4,0,0,-0.832499794167234,0,0.0,0.0175438596491228,0.0093457943925233,0.0328578455484506,0,0.0,0.0
2017,POST,00-0031062,J.White,James White,RB,RB,"https://static.www.nfl.com/image/private/f_auto,q_auto/league/z1nnkmnstccnqya5d5ee",3,NE,0,0,0,0,0,0,0,0,0,0,0,0,,0,,,14,60,3,0,0,4,2.71060344690341,0,9,18,72,1,0,0,60,77,6,-1.00567679294614,0,1.2,0.129496402877698,0.0446428571428571,0.225494604316547,0,37.2,46.2
2017,POST,00-0031228,T.Gabriel,Taylor Gabriel,WR,WR,"https://static.www.nfl.com/image/private/f_auto,q_auto/league/nc4aoax8j5mnnrjewu7p",1,ATL,0,0,0,0,0,0,0,0,0,0,0,0,,0,,,0,0,0,0,0,0,,0,2,3,4,0,0,0,-6,14,0,-1.73052982601792,0,0.0,0.0833333333333333,-0.0203389830508475,0.110762711864407,0,0.4,2.4
2017,POST,00-0031236,B.Cooks,Brandin Cooks,WR,WR,"https://static.www.nfl.com/image/private/f_auto,q_auto/league/wy6qidqm8jjp6buvu3lp",3,NE,0,0,0,0,0,0,0,0,0,0,0,0,,0,,,1,1,0,0,0,0,-1.73223057152268,0,10,19,155,0,0,0,325,30,9,3.86921758230892,0,0.476923076923077,0.136690647482014,0.241815476190476,0.374306804556355,0,15.6,25.6
2017,POST,00-0031260,L.Thomas,Logan Thomas,TE,TE,"https://static.www.nfl.com/image/private/f_auto,q_auto/league/acm0ymhqdzqxdibwjphv",1,BUF,0,0,0,0,0,0,0,0,0,0,0,0,,0,,,0,0,0,0,0,0,,0,1,2,5,0,0,0,13,0,0,-4.90159819531255,0,0.384615384615385,0.0571428571428571,0.0567685589519651,0.125452276980661,0,0.5,1.5
2017,POST,00-0031285,D.Freeman,Devonta Freeman,RB,RB,"https://static.www.nfl.com/image/private/f_auto,q_auto/league/vjhvfwypu1byxfo2uvki",2,ATL,0,0,0,0,0,0,0,0,0,0,0,0,,0,,,28,73,1,0,0,3,-7.17147136345739,0,6,7,29,1,0,0,4,22,1,-1.02781964513817,0,7.25,0.107692307692308,0.0098280098280098,0.168418068418068,0,22.2,28.2
2017,POST,00-0031325,S.Watkins,Sammy Watkins,WR,WR,"https://static.www.nfl.com/image/private/f_auto,q_auto/league/nkqk4ac4uncxocqlgp2k",1,LA,0,0,0,0,0,0,0,0,0,0,0,0,,0,,,0,0,0,0,0,0,,0,1,4,23,0,0,0,106,5,1,-1.47567235497991,0,0.216981132075472,0.0888888888888889,0.256038647342995,0.31256038647343,0,2.3,3.3
2017,POST,00-0031359,K.Benjamin,Kelvin Benjamin,WR,WR,"https://static.www.nfl.com/image/private/f_auto,q_auto/league/ygtlhauauds9yoyatu5e",1,BUF,0,0,0,0,0,0,0,0,0,0,0,0,,0,,,0,0,0,0,0,0,,0,1,2,9,0,0,0,10,3,1,0.336487982480321,0,0.9,0.0571428571428571,0.0436681222707424,0.116281971303805,0,0.9,1.9
2017,POST,00-0031373,M.Bryant,Martavis Bryant,WR,WR,"https://static.www.nfl.com/image/private/f_auto,q_auto/league/davxza3iibzg7aw6c5jm",1,PIT,0,0,0,0,0,0,0,0,0,0,0,0,,0,,,0,0,0,0,0,0,,0,2,4,78,1,0,0,144,22,2,8.35154232091736,0,0.541666666666667,0.0701754385964912,0.336448598130841,0.340777176586326,0,13.8,15.8
2017,POST,00-0031376,J.McKinnon,Jerick McKinnon,RB,RB,"https://static.www.nfl.com/image/private/f_auto,q_auto/league/yezxe2j778cndbhkxwez",2,MIN,0,0,0,0,0,0,0,0,0,0,0,0,,0,,,18,74,1,0,0,6,2.15918501320994,0,14,16,92,0,0,0,-20,120,6,3.41861352155684,0,-4.6,0.186046511627907,-0.0342465753424658,0.255097164702134,0,22.6,36.6
2017,POST,00-0031407,B.Bortles,Blake Bortles,QB,QB,"https://static.www.nfl.com/image/private/f_auto,q_auto/league/jvoui3bptgsfvgkz5e1b",3,JAX,49,85,594,3,0,5,32,2,0,669,305,34,9.67583776883783,0,0.887892376681614,0.0843210869682957,17,121,0,2,0,8,8.6022952592466,0,0,0,0,0,0,0,0,0,0,,0,,,,,0,47.86,47.86
2017,POST,00-0031431,M.Lee,Marqise Lee,WR,WR,"https://static.www.nfl.com/image/private/f_auto,q_auto/league/drsesqqzwhkilsx51j4i",3,JAX,0,0,0,0,0,0,0,0,0,0,0,0,,0,,,1,5,0,0,0,0,0.072119617369026,0,7,15,69,0,0,0,175,24,5,0.905018175167369,0,0.394285714285714,0.180722891566265,0.261976047904192,0.454467570882332,0,7.4,14.4
2017,POST,00-0031549,N.Agholor,Nelson Agholor,WR,WR,"https://static.www.nfl.com/image/private/f_auto,q_auto/league/lfc8g0z3wmxowwggvzqh",3,PHI,0,0,0,0,0,0,0,0,0,0,0,0,,0,,,4,29,0,0,0,2,2.05571199866245,0,15,18,167,0,0,0,111,79,8,7.84710172028097,0,1.5045045045045,0.169811320754717,0.123059866962306,0.34085888800569,0,19.6,34.6
2017,POST,00-0031570,J.Hardy,Justin Hardy,WR,WR,"https://static.www.nfl.com/image/private/f_auto,q_auto/league/bf30pn7pqvdiof0zb6a0",2,ATL,0,0,0,0,0,0,0,0,0,0,0,0,,0,,,0,0,0,0,0,0,,0,1,2,3,0,0,0,23,1,0,-1.65676177525893,0,0.130434782608696,0.0307692307692308,0.0565110565110565,0.0857115857115857,0,0.3,1.3
2017,POST,00-0031588,S.Diggs,Stefon Diggs,WR,WR,"https://static.www.nfl.com/image/private/f_auto,q_auto/league/zf6nbnzcfzu4y7yq2nzk",2,MIN,0,0,0,0,0,0,0,0,0,0,0,0,,0,,,0,0,0,0,0,0,,0,14,22,207,1,0,0,175,82,9,7.05574698618775,0,1.18285714285714,0.255813953488372,0.299657534246575,0.593481204205161,0,26.7,40.7
2017,POST,00-0031590,J.Ajayi,Jay Ajayi,RB,RB,"https://static.www.nfl.com/image/private/f_auto,q_auto/league/bt0drbhvsjykf2xxvskx",3,PHI,0,0,0,0,0,0,0,0,0,0,0,0,,0,,,42,184,0,1,1,8,-7.79624635260552,0,6,8,70,0,0,0,-32,103,3,1.9694124411821,0,-2.1875,0.129032258064516,-0.0666666666666667,0.146881720430108,0,23.4,29.4
2017,POST,00-0031682,T.Ward,Terron Ward,RB,RB,"https://static.www.nfl.com/image/private/f_auto,q_auto/league/wcq3c0qgpkzoegi0yn6w",1,ATL,0,0,0,0,0,0,0,0,0,0,0,0,,0,,,0,0,0,0,0,0,,0,0,1,0,0,0,0,-3,0,0,-0.627518415392842,0,0.0,0.0277777777777778,-0.0101694915254237,0.0345480225988701,0,0.0,0.0
2017,POST,00-0031731,C.Grant,Corey Grant,RB,RB,"https://static.www.nfl.com/image/private/f_auto,q_auto/league/gj5yoyyx8nulm8ss037t",2,JAX,0,0,0,0,0,0,0,0,0,0,0,0,,0,,,2,5,0,0,0,0,-1.0991025287658,0,3,3,59,0,0,0,-4,63,3,4.6846138635301,0,-14.75,0.0833333333333333,-0.0124610591900312,0.116277258566978,0,6.4,9.4
2017,POST,00-0031782,E.Rogers,Eli Rogers,WR,WR,"https://static.www.nfl.com/image/private/f_auto,q_auto/league/wj9e3uvudi1wvdsr0qdi",1,PIT,0,0,0,0,0,0,0,0,0,0,0,0,,0,,,0,0,0,0,0,0,,0,5,5,42,0,0,0,18,24,2,2.2946466174908,0,2.33333333333333,0.087719298245614,0.0420560747663551,0.16101819970487,0,4.2,9.2
2017,POST,00-0031806,M.Brown,Malcolm Brown,RB,RB,"https://static.www.nfl.com/image/private/f_auto,q_auto/league/zxnjheichwlnvvu5qdyl",1,LA,0,0,0,0,0,0,0,0,0,0,0,0,,0,,,2,14,0,0,0,0,-0.576040043042143,0,0,0,0,0,0,0,0,0,0,,0,,,,,0,1.4,1.4
2017,POST,00-0031951,J.O'Shaughnessy,James O'Shaughnessy,TE,TE,"https://static.www.nfl.com/image/private/f_auto,q_auto/league/sz5g57zhnshipkpw39sz",2,JAX,0,0,0,0,0,0,0,0,0,0,0,0,,0,,,0,0,0,0,0,0,,0,2,3,23,0,0,0,13,17,1,-0.457215059082955,0,1.76923076923077,0.0491803278688525,0.0221465076660988,0.0892730471695479,0,2.3,4.3
2017,POST,00-0032055,D.Funchess,Devin Funchess,TE,TE,"https://static.www.nfl.com/image/private/f_auto,q_auto/league/j0q0lmao9tg0rbviax6z",1,CAR,0,0,0,0,0,0,0,0,0,0,0,0,,0,,,0,0,0,0,0,0,,0,4,8,79,0,0,0,154,10,4,0.907351905538235,0,0.512987012987013,0.210526315789474,0.397932816537468,0.594342445260438,0,7.9,11.9
2017,POST,00-0032058,T.Coleman,Tevin Coleman,RB,RB,"https://static.www.nfl.com/image/private/f_auto,q_auto/league/wiu4r7bvhcafs9vamqc",2,ATL,0,0,0,0,0,0,0,0,0,0,0,0,,0,,,24,119,0,0,0,8,0.916324100864585,0,4,4,42,0,0,0,-6,48,2,3.78300745948218,0,-7.0,0.0615384615384615,-0.0147420147420147,0.081988281988282,0,16.1,20.1
2017,POST,00-0032115,K.Clay,Kaelin Clay,WR,WR,"https://static.www.nfl.com/image/private/f_auto,q_auto/league/u1beu9elu48ry0b1rzjl",1,CAR,0,0,0,0,0,0,0,0,0,0,0,0,,0,,,0,0,0,0,0,0,,0,3,4,32,0,0,0,24,15,2,1.15578208696508,0,1.33333333333333,0.105263157894737,0.062015503875969,0.201305589555284,0,3.2,6.2
2017,POST,00-0032117,N.O'Leary,Nick O'Leary,TE,TE,"https://static.www.nfl.com/image/private/f_auto,q_auto/league/f5411hjmqqxoa27quwfz",1,BUF,0,0,0,0,0,0,0,0,0,0,0,0,,0,,,0,0,0,0,0,0,,0,2,6,22,0,0,0,40,25,2,-0.244569007388921,0,0.55,0.171428571428571,0.174672489082969,0.379413599500936,0,2.2,4.2
2017,POST,00-0032135,J.James,Jesse James,TE,TE,"https://static.www.nfl.com/image/private/f_auto,q_auto/league/rgk9zqdx9lmbcblem3xn",1,PIT,0,0,0,0,0,0,0,0,0,0,0,0,,0,,,0,0,0,0,0,0,,0,1,1,12,0,0,0,2,10,1,0.643493435578421,0,6.0,0.0175438596491228,0.0046728971962616,0.0295868175110674,0,1.2,2.2
2017,POST,00-0032139,B.Koyack,Ben Koyack,TE,TE,"https://static.www.nfl.com/image/private/f_auto,q_auto/league/hg1fdty7xbpwztueey8j",3,JAX,0,0,0,0,0,0,0,0,0,0,0,0,,0,,,0,0,0,0,0,0,,0,2,3,22,1,0,0,4,20,2,3.95265140093397,0,5.5,0.036144578313253,0.0059880239520958,0.0584084842363466,0,8.2,10.2
2017,POST,00-0032208,P.Dorsett,Phillip Dorsett,WR,WR,"https://static.www.nfl.com/image/private/f_auto,q_auto/league/g69i8oxbeeqpjz5kvoqo",2,NE,0,0,0,0,0,0,0,0,0,0,0,0,,0,,,0,0,0,0,0,0,,0,2,3,50,0,0,0,55,6,2,1.9220804470242,0,0.909090909090909,0.0348837209302326,0.0555555555555556,0.0912144702842377,0,5.0,7.0
2017,POST,00-0032209,T.Yeldon,T.J. Yeldon,RB,RB,"https://static.www.nfl.com/image/private/f_auto,q_auto/league/ktxkn2ltkmqfb5ugunt4",2,JAX,0,0,0,0,0,0,0,0,0,0,0,0,,0,,,10,45,1,0,0,1,1.01015398633899,0,5,6,63,0,0,0,11,69,3,5.49066408217186,0,5.72727272727273,0.0983606557377049,0.0187393526405451,0.160658530454939,0,16.8,21.8
2017,POST,00-0032241,T.Gurley,Todd Gurley,RB,RB,"https://static.www.nfl.com/image/private/f_auto,q_auto/league/ym7oprwel3dxbab0k7x9",1,LA,0,0,0,0,0,0,0,0,0,0,0,0,,0,,,14,101,0,0,0,5,3.05549898109166,0,4,10,10,0,0,0,8,5,0,-8.14329073418048,0,1.25,0.222222222222222,0.0193236714975845,0.346859903381643,0,11.1,15.1
2017,POST,00-0032268,M.Mariota,Marcus Mariota,QB,QB,"https://static.www.nfl.com/image/private/f_auto,q_auto/league/dpbdwpmpd9vht8hzqqq6",2,TEN,42,69,469,4,1,10,62,0,0,730,184,23,3.18312736798641,0,0.642465753424658,0.112309030293564,12,83,0,0,0,6,5.99315986712463,0,1,1,6,1,0,0,2,4,1,2.84149608388543,0,3.0,0.0333333333333333,0.0072727272727272,0.0550909090909091,0,47.66,48.66
2017,POST,00-0032392,A.Hooper,Austin Hooper,TE,TE,"https://static.www.nfl.com/image/private/f_auto,q_auto/league/jp2z8s6pcanbitupycwc",2,ATL,0,0,0,0,0,0,0,0,0,0,0,0,,0,,,0,0,0,0,0,0,,0,4,6,18,0,0,0,25,3,2,0.418750818923629,0,0.72,0.0923076923076923,0.0614250614250614,0.181459081459081,0,1.8,5.8
2017,POST,00-0032764,D.Henry,Derrick Henry,RB,RB,"https://static.www.nfl.com/image/private/f_auto,q_auto/league/xpewyoieoj7zeub4fvff",2,TEN,0,0,0,0,0,0,0,0,0,0,0,0,,0,,,35,184,1,1,0,6,2.42269080178812,0,5,6,56,0,0,0,15,49,1,0.772530922899023,0,3.73333333333333,0.0882352941176471,0.021398002853067,0.147331543173618,0,30.0,35.0
2017,POST,00-0032765,M.Thomas,Michael Thomas,WR,WR,"https://static.www.nfl.com/image/private/f_auto,q_auto/league/sxldsbuw65hfmkzqhw96",2,NO,0,0,0,0,0,0,0,0,0,0,0,0,,0,,,0,0,0,0,0,0,,0,15,22,216,2,0,0,234,65,12,8.43994161620503,0,0.923076923076923,0.309859154929577,0.319672131147541,0.688559224197645,0,33.6,48.6
2017,POST,00-0032775,D.Robinson,Demarcus Robinson,WR,WR,"https://static.www.nfl.com/image/private/f_auto,q_auto/league/ceqqkylismka583qo9kk",1,KC,0,0,0,0,0,0,0,0,0,0,0,0,,0,,,0,0,0,0,0,0,,0,4,4,57,1,0,0,43,14,4,5.84942999097984,0,1.32558139534884,0.125,0.185344827586207,0.317241379310345,0,11.7,15.7
2017,POST,00-0032792,N.Sudfeld,Nate Sudfeld,QB,QB,"https://static.www.nfl.com/image/private/f_auto,q_auto/league/it5e3w2ufgfp7sc5wgo2",1,PHI,0,0,0,0,0,0,0,0,0,0,0,0,,0,,,3,-4,0,0,0,0,0.0,0,0,0,0,0,0,0,0,0,0,,0,,,,,0,-0.4,-0.4
2017,POST,00-0032881,T.Lewis,Tommylee Lewis,WR,WR,"https://static.www.nfl.com/image/private/f_auto,q_auto/league/qvf3ud6rgqusejdd4f5u",1,NO,0,0,0,0,0,0,0,0,0,0,0,0,,0,,,1,-4,0,0,0,0,-2.22955840360373,0,0,0,0,0,0,0,0,0,0,,0,,,,,0,-0.4,-0.4
2017,POST,00-0032918,C.Ham,C.J. Ham,FB,RB,"https://static.www.nfl.com/image/private/f_auto,q_auto/league/oyy0xpxazac9lbt7z8zm",1,MIN,0,0,0,0,0,0,0,0,0,0,0,0,,0,,,1,7,0,0,0,1,0.771830048877746,0,0,0,0,0,0,0,0,0,0,,0,,,,,0,0.7,0.7
2017,POST,00-0032951,L.Treadwell,Laquon Treadwell,WR,WR,"https://static.www.nfl.com/image/private/f_auto,q_auto/league/k5zobcutuqqnd1cxqplo",1,MIN,0,0,0,0,0,0,0,0,0,0,0,0,,0,,,0,0,0,0,0,0,,0,0,1,0,0,0,0,13,0,0,-0.85399092361331,0,0.0,0.0217391304347826,0.0548523206751055,0.0710053201247478,0,0.0,0.0
2017,POST,00-0033040,T.Hill,Tyreek Hill,WR,WR,"https://static.www.nfl.com/image/private/f_auto,q_auto/league/lsszbdnkusxc7mduw5be",1,KC,0,0,0,0,0,0,0,0,0,0,0,0,,0,,,1,14,0,0,0,1,1.03603945346549,0,7,11,87,0,0,0,78,78,2,0.617997985595139,0,1.11538461538462,0.34375,0.336206896551724,0.750969827586207,0,10.1,17.1
2017,POST,00-0033106,J.Goff,Jared Goff,QB,QB,"https://static.www.nfl.com/image/private/f_auto,q_auto/league/nyitt4ybuzopzjzddafi",1,LA,24,45,259,1,0,3,13,0,0,414,61,12,-3.94310880464036,0,0.6256038647343,-0.0271107023212732,0,0,0,0,0,0,,0,0,0,0,0,0,0,0,0,0,,0,,,,,0,14.36,14.36
2017,POST,00-0033110,T.Higbee,Tyler Higbee,TE,TE,"https://static.www.nfl.com/image/private/f_auto,q_auto/league/vk9c6lr4d1pdt9sr86ua",1,LA,0,0,0,0,0,0,0,0,0,0,0,0,,0,,,0,0,0,0,0,0,,0,1,2,11,0,0,0,8,8,0,-1.85104409232736,0,1.375,0.0444444444444444,0.0193236714975845,0.0801932367149759,0,1.1,2.1
2017,POST,00-0033280,C.McCaffrey,Christian McCaffrey,RB,RB,"https://static.www.nfl.com/image/private/f_auto,q_auto/league/navqer4chxxut5povzzw",1,CAR,0,0,0,0,0,0,0,0,0,0,0,0,,0,,,6,16,0,0,0,0,-2.3438520389027,0,6,8,101,1,0,0,30,69,4,6.39179516589097,0,3.36666666666667,0.210526315789474,0.0775193798449612,0.370053039575683,0,17.7,23.7
2017,POST,00-0033387,J.Hollister,Jacob Hollister,TE,TE,"https://static.www.nfl.com/image/private/f_auto,q_auto/league/qdny7ap8ly1ozectd8zu",1,NE,0,0,0,0,0,0,0,0,0,0,0,0,,0,,,0,0,0,0,0,0,,0,1,1,0,0,0,0,-7,7,0,-0.729014811571688,0,0.0,0.0188679245283019,-0.019774011299435,0.0144600788828483,0,0.0,1.0
2017,POST,00-0033555,M.Hollins,Mack Hollins,WR,WR,"https://static.www.nfl.com/image/private/f_auto,q_auto/league/fe6e0gnullhxbgt6ohhg",2,PHI,0,0,0,0,0,0,0,0,0,0,0,0,,0,,,0,0,0,0,0,0,,0,1,2,9,0,0,0,18,4,0,0.163947679335251,0,0.5,0.032258064516129,0.0375,0.0746370967741935,0,0.9,1.9
2017,POST,00-0033681,K.Cole,Keelan Cole,WR,WR,"https://static.www.nfl.com/image/private/f_auto,q_auto/league/djdjurxk3b6y347zirvz",3,JAX,0,0,0,0,0,0,0,0,0,0,0,0,,0,,,0,0,0,0,0,0,,0,3,6,82,0,0,0,99,-1,3,4.59829649172025,0,0.828282828282828,0.072289156626506,0.148203592814371,0.212176249909819,0,8.2,11.2
2017,POST,00-0033725,C.Clement,Corey Clement,RB,RB,"https://static.www.nfl.com/image/private/f_auto,q_auto/league/rrbdxl0frmnyr1qcgexd",3,PHI,0,0,0,0,0,0,0,0,0,0,0,0,,0,,,6,33,0,0,0,3,-0.299506944778841,0,10,11,139,1,0,0,38,114,6,10.3958838234835,0,3.65789473684211,0.10377358490566,0.0421286031042129,0.18515039953144,0,23.2,33.2
2017,POST,00-0033839,D.Westbrook,Dede Westbrook,WR,WR,"https://static.www.nfl.com/image/private/f_auto,q_auto/league/jjlxw2ircxecpx3ipeax",3,JAX,0,0,0,0,0,0,0,0,0,0,0,0,,0,,,0,0,0,0,0,0,,0,7,14,85,0,0,0,186,25,5,-3.17724032374099,0,0.456989247311828,0.168674698795181,0.278443113772455,0.44792222783349,0,8.5,15.5
2017,POST,00-0033856,L.Fournette,Leonard Fournette,RB,RB,"https://static.www.nfl.com/image/private/f_auto,q_auto/league/atxppoc7zqcjnbnk0awz",3,JAX,0,0,0,0,0,0,0,0,0,0,0,0,,0,,,70,242,4,0,0,15,-2.10391957370522,0,7,12,44,0,0,0,39,31,3,-2.17941670410801,0,1.12820512820513,0.144578313253012,0.0583832335329341,0.257735733352572,0,52.6,59.6
2017,POST,00-0033857,J.Smith-Schuster,JuJu Smith-Schuster,WR,WR,"https://static.www.nfl.com/image/private/f_auto,q_auto/league/ypoituliieghtndjrzaz",1,PIT,0,0,0,0,0,0,0,0,0,0,0,0,,0,,,0,0,0,0,0,0,,0,3,5,5,1,0,0,30,6,1,-0.549106215825304,0,0.166666666666667,0.087719298245614,0.0700934579439252,0.180644367929169,0,6.5,9.5
2017,POST,00-0033858,J.Smith,Jonnu Smith,TE,TE,"https://static.www.nfl.com/image/private/f_auto,q_auto/league/hbnnjc8knqoc95vzyol4",2,TEN,0,0,0,0,0,0,0,0,0,0,0,0,,0,,,0,0,0,0,0,0,,0,3,5,19,0,0,0,20,9,1,0.220167168532498,0,0.95,0.0735294117647059,0.0285306704707561,0.130265586976588,0,1.9,4.9
2017,POST,00-0033871,C.Davis,Corey Davis,WR,WR,"https://static.www.nfl.com/image/private/f_auto,q_auto/league/hr0uv4ai1zhkn7nof2a2",2,TEN,0,0,0,0,0,0,0,0,0,0,0,0,,0,,,0,0,0,0,0,0,,0,9,15,98,2,0,0,181,29,7,9.27009372785687,0,0.541436464088398,0.220588235294118,0.258202567760342,0.511624150373416,0,21.8,30.8
2017,POST,00-0033891,Z.Jones,Zay Jones,WR,WR,"https://static.www.nfl.com/image/private/f_auto,q_auto/league/pbmcmjxxjcrandbjmey7",1,BUF,0,0,0,0,0,0,0,0,0,0,0,0,,0,,,0,0,0,0,0,0,,0,2,4,20,0,0,0,53,1,1,0.573431426018942,0,0.377358490566038,0.114285714285714,0.231441048034935,0.333437305053026,0,2.0,4.0
2017,POST,00-0033895,G.Everett,Gerald Everett,TE,TE,"https://static.www.nfl.com/image/private/f_auto,q_auto/league/te11unippqhdc6auox6i",1,LA,0,0,0,0,0,0,0,0,0,0,0,0,,0,,,0,0,0,0,0,0,,0,1,2,4,0,0,0,13,0,0,-0.378974898543675,0,0.307692307692308,0.0444444444444444,0.0314009661835749,0.0886473429951691,0,0.4,1.4
2017,POST,00-0033906,A.Kamara,Alvin Kamara,RB,RB,"https://static.www.nfl.com/image/private/f_auto,q_auto/league/tl9enad6kiwv6cukf4vt",2,NO,0,0,0,0,0,0,0,0,0,0,0,0,,0,,,21,66,1,0,0,3,-3.10422077168336,0,5,10,72,1,0,0,69,68,4,1.67460758954985,0,1.04347826086957,0.140845070422535,0.0942622950819672,0.27725121219118,0,25.8,30.8
2017,POST,00-0033908,C.Kupp,Cooper Kupp,WR,WR,"https://static.www.nfl.com/image/private/f_auto,q_auto/league/bkahtsjkvnom1sbnb6xm",1,LA,0,0,0,0,0,0,0,0,0,0,0,0,,0,,,0,0,0,0,0,0,,0,8,13,69,1,0,0,108,9,4,0.69099121025647,0,0.638888888888889,0.288888888888889,0.260869565217391,0.615942028985507,0,12.9,20.9
2017,POST,00-0033911,T.Taylor,Taywan Taylor,WR,WR,"https://static.www.nfl.com/image/private/f_auto,q_auto/league/n0kolr3zjappzojczo5w",2,TEN,0,0,0,0,0,0,0,0,0,0,0,0,,0,,,0,0,0,0,0,0,,0,2,4,9,0,0,0,38,5,0,-1.51479776075576,0,0.236842105263158,0.0588235294117647,0.0542082738944365,0.126181085843753,0,0.9,2.9
2017,POST,00-0033923,K.Hunt,Kareem Hunt,RB,RB,"https://static.www.nfl.com/image/private/f_auto,q_auto/league/fmy9cgin9nv7ewyhsipr",1,KC,0,0,0,0,0,0,0,0,0,0,0,0,,0,,,11,42,1,0,0,2,0.0140938376425765,0,3,3,5,0,0,0,-10,15,0,-1.35743780946359,0,-0.5,0.09375,-0.0431034482758621,0.110452586206897,0,10.7,13.7
2017,POST,00-0033958,N.Peterman,Nathan Peterman,QB,QB,"https://static.www.nfl.com/image/private/f_auto,q_auto/league/owifll49p0mmsjgf7rhn",1,BUF,1,3,14,0,1,0,0,0,0,9,5,1,-2.5778491460951,0,1.55555555555556,,1,4,0,1,0,1,1.28794750681845,0,0,0,0,0,0,0,0,0,0,,0,,,,,0,-1.04,-1.04
2017,REG+POST,00-0019596,T.Brady,Tom Brady,QB,QB,"https://static.www.nfl.com/image/private/f_auto,q_auto/league/q7dpdlxyu5rs05rgh1le",19,NE,474,720,5709,40,8,39,218,7,3,6648,2399,289,182.770262786368,2,0.858754512635379,0.167339556031747,32,36,0,1,1,9,-13.6295533277805,0,0,1,0,0,0,0,7,0,0,-1.00078344950452,0,0.0,0.0212765957446809,0.0125223613595707,0.0406805465687207,0,371.96,371.96
2017,REG+POST,00-0020531,D.Brees,Drew Brees,QB,QB,"https://static.www.nfl.com/image/private/f_auto,q_auto/league/i20xlpzdmn7xubotijjd",18,NO,434,609,5004,28,11,23,168,4,0,4125,2638,236,129.772384035399,0,1.21309090909091,0.1460427597832,36,12,2,2,0,8,-8.36649571804722,0,0,0,0,0,0,0,0,0,0,,0,,,,,0,303.36,303.36
2017,REG+POST,00-0021206,J.McCown,Josh McCown,QB,QB,"https://static.www.nfl.com/image/private/f_auto,q_auto/league/qcauc37wqjdaxdbq1evu",13,NYJ,267,397,2926,18,9,39,264,7,3,3036,1256,133,14.3201952256759,0,0.963768115942029,0.107174146384349,37,124,5,4,1,14,6.62105386180338,0,0,0,0,0,0,0,0,0,0,,0,,,,,0,205.44,205.44
2017,REG+POST,00-0021429,C.Palmer,Carson Palmer,QB,QB,"https://static.www.nfl.com/image/private/f_auto,q_auto/league/belgna3tokxga0gjjmwk",7,ARI,164,267,1978,9,7,22,150,0,0,2499,743,94,-3.25126790535914,0,0.791516606642657,0.0564494134927234,14,12,0,2,0,5,0.243019134057651,0,0,0,0,0,0,0,0,0,0,,0,,,,,0,102.32,102.32
2017,REG+POST,00-0021547,A.Gates,Antonio Gates,TE,TE,"https://static.www.nfl.com/image/private/f_auto,q_auto/league/kndulvysinvn4tpvt0bc",16,LAC,0,0,0,0,0,0,0,0,0,0,0,0,,0,,,0,0,0,0,0,0,,0,30,52,316,3,0,0,432,66,16,3.98550194953614,0,0.731481481481482,0.0907504363001745,0.0968392737054472,0.203913146044075,0,49.6,79.6
2017,REG+POST,00-0022127,J.Witten,Jason Witten,TE,TE,"https://static.www.nfl.com/image/private/f_auto,q_auto/league/r7uafhtwuexuaty0nhsc",16,DAL,0,0,0,0,0,0,0,0,0,0,0,0,,0,,,0,0,0,0,0,0,,0,63,87,560,5,1,1,602,105,26,17.2837209879531,0,0.930232558139535,0.179381443298969,0.15547520661157,0.377904809576553,0,84.0,147.0
2017,REG+POST,00-0022803,E.Manning,Eli Manning,QB,QB,"https://static.www.nfl.com/image/private/f_auto,q_auto/league/w51tf8uedjftbr4qpaex",15,NYG,352,571,3468,19,13,32,189,11,5,4171,1619,170,-59.335554447788,0,0.831455286502038,0.0076330475509522,12,26,1,1,0,2,-9.73724402423259,0,0,0,0,0,0,0,0,0,0,,0,,,,,0,187.32,187.32
2017,REG+POST,00-0022921,L.Fitzgerald,Larry Fitzgerald,WR,WR,"https://static.www.nfl.com/image/private/f_auto,q_auto/league/ycgjjaad5un42gy4pnga",16,ARI,1,1,21,0,0,0,0,0,0,18,3,1,1.24125400302,0,1.16666666666667,,0,0,0,0,0,0,,0,109,161,1156,6,1,1,1336,408,66,27.763743842518,1,0.865269461077844,0.271959459459459,0.233158813263525,0.571150358473657,0,152.44,261.44
2017,REG+POST,00-0022924,B.Roethlisberger,Ben Roethlisberger,QB,QB,"https://static.www.nfl.com/image/private/f_auto,q_auto/league/vziogpnyp9d0xtpiuqhr",16,PIT,398,620,4728,33,15,23,146,2,2,5430,2363,231,100.087085244245,2,0.870718232044199,0.137204240299055,30,63,0,2,0,7,-0.905268398307398,0,0,0,0,0,0,0,0,0,0,,0,,,,,0,297.42,297.42
2017,REG+POST,00-0022942,P.Rivers,Philip Rivers,QB,QB,"https://static.www.nfl.com/image/private/f_auto,q_auto/league/voakyrtj34sghkwxaxxf",16,LAC,360,575,4515,28,10,18,120,5,1,4745,2144,216,117.54848241619,0,0.951527924130664,0.134302928650929,18,-2,0,3,0,1,-8.13427931880713,0,0,0,0,0,0,0,0,0,0,,0,,,,,0,270.4,270.4
2017,REG+POST,00-0022943,B.Watson,Benjamin Watson,TE,TE,"https://static.www.nfl.com/image/private/f_auto,q_auto/league/dorymozpdnrllkqlfzpu",16,BAL,0,0,0,0,0,0,0,0,0,0,0,0,,0,,,0,0,0,0,0,0,,0,61,79,522,4,1,0,416,263,30,12.2072206050754,0,1.25480769230769,0.140819964349376,0.110962923446252,0.288903992936441,0,76.2,137.2
2017,REG+POST,00-0022999,J.Kuhn,John Kuhn,FB,RB,"https://static.www.nfl.com/image/private/f_auto,q_auto/league/nbcwgq2o0ymmx4czvr4b",1,NO,0,0,0,0,0,0,0,0,0,0,0,0,,0,,,1,2,0,0,0,1,0.0828106729313731,0,0,0,0,0,0,0,0,0,0,,0,,,,,0,0.2,0.2
2017,REG+POST,00-0023436,A.Smith,Alex Smith,QB,QB,"https://static.www.nfl.com/image/private/f_auto,q_auto/league/dpa5d1a8jj6jdymocjkx",16,KC,365,538,4306,28,5,39,215,1,1,4113,2114,198,97.6364360623386,0,1.04692438609288,0.138326888473213,64,368,1,2,0,19,6.52024788449263,0,0,0,0,0,0,0,0,0,0,,0,,,,,0,315.04,315.04
2017,REG+POST,00-0023459,A.Rodgers,Aaron Rodgers,QB,QB,"https://static.www.nfl.com/image/private/f_auto,q_auto/league/gnta8ufi2vdp967dui9e",7,GB,154,238,1675,16,6,22,168,1,1,1643,870,85,23.4995061452416,0,1.01947656725502,0.112645511434063,24,126,0,0,0,10,4.66207498637258,0,0,0,0,0,0,0,0,0,0,,0,,,,,0,129.6,129.6
2017,REG+POST,00-0023500,F.Gore,Frank Gore,RB,RB,"https://static.www.nfl.com/image/private/f_auto,q_auto/league/lxxkhd2suyalrbruzut7",16,IND,0,0,0,0,0,0,0,0,0,0,0,0,,0,,,261,961,3,3,0,49,-24.0016958316519,0,29,38,245,1,0,0,-26,275,9,4.85158361665363,0,-9.42307692307692,0.0947630922693267,-0.011348756001746,0.134200509202768,0,144.6,173.6
2017,REG+POST,00-0023564,D.Sproles,Darren Sproles,RB,RB,"https://static.www.nfl.com/image/private/f_auto,q_auto/league/gvj5ng27blmwuz170aeo",3,PHI,0,0,0,0,0,0,0,0,0,0,0,0,,0,,,15,61,0,0,0,4,-2.16073647004669,0,7,12,73,0,0,0,-13,83,3,-7.02655128528256,0,-5.61538461538462,0.144578313253012,-0.0135416666666667,0.207388303212851,0,13.4,20.4
2017,REG+POST,00-0023645,D.Anderson,Derek Anderson,QB,QB,"https://static.www.nfl.com/image/private/f_auto,q_auto/league/w191gsxivnqgdwgydka6",4,CAR,2,9,17,0,0,0,0,0,0,90,6,1,-5.08708731929582,0,0.188888888888889,-0.177234146147663,2,-2,0,0,0,0,-3.71398931392469,0,0,0,0,0,0,0,0,0,0,,0,,,,,0,0.48,0.48
2017,REG+POST,00-0023662,M.Cassel,Matt Cassel,QB,QB,"https://static.www.nfl.com/image/private/f_auto,q_auto/league/n1ucqggyu5hlsqzuv5gj",2,TEN,25,42,162,1,2,8,30,2,2,332,44,10,-38.2065900938266,0,0.487951807228916,0.0381840846779879,0,0,0,0,0,0,,0,0,0,0,0,0,0,0,0,0,,0,,,,,0,2.48,2.48
2017,REG+POST,00-0023682,R.Fitzpatrick,Ryan Fitzpatrick,QB,QB,"https://static.www.nfl.com/image/private/f_auto,q_auto/league/pkhhxwplsawnhln9rsun",6,TB,96,163,1103,7,3,7,34,0,0,1479,385,63,8.96629598752626,0,0.745774171737661,0.0733202720009595,15,78,0,0,0,5,3.43424882250838,0,0,0,0,0,0,0,0,0,0,,0,,,,,0,73.92,73.92
2017,REG+POST,00-0023742,J.Ryan,Jon Ryan,P,SPEC,"https://static.www.nfl.com/image/private/f_auto,q_auto/league/jarcsmohj6vbznthlni8",1,SEA,1,1,-4,0,0,0,0,0,0,-4,0,0,-2.35913945920765,0,0.0,,0,0,0,0,0,0,,0,0,0,0,0,0,0,0,0,0,,0,,,,,0,-0.16,-0.16
2017,REG+POST,00-0024221,V.Davis,Vernon Davis,TE,TE,"https://static.www.nfl.com/image/private/f_auto,q_auto/league/so5ywayfeeu4zeijln5m",16,WAS,0,0,0,0,0,0,0,0,0,0,0,0,,0,,,0,0,0,0,0,0,,0,43,69,648,3,2,2,746,306,23,10.6207444769659,0,0.868632707774799,0.129213483146067,0.18036750483559,0.320077478104014,0,78.8,121.8
2017,REG+POST,00-0024226,J.Cutler,Jay Cutler,QB,QB,"https://static.www.nfl.com/image/private/f_auto,q_auto/league/ks6n7gvw4vccihlse6bn",14,MIA,266,429,2666,19,14,20,154,4,0,3530,1191,134,-23.9573595240309,0,0.755240793201133,0.0394261168868731,19,32,0,2,0,3,-3.69445392314592,0,0,0,0,0,0,0,0,0,0,,0,,,,,0,157.84,157.84
2017,REG+POST,00-0024243,M.Lewis,Marcedes Lewis,TE,TE,"https://static.www.nfl.com/image/private/f_auto,q_auto/league/ppq07tipygpftz5csipx",19,JAX,0,0,0,0,0,0,0,0,0,0,0,0,,0,,,0,0,0,0,0,0,,0,28,55,339,6,0,0,425,172,20,7.04947073287678,1,0.797647058823529,0.0916666666666667,0.0898140321217244,0.200369822485207,0,71.9,99.9
2017,REG+POST,00-0024264,K.Clemens,Kellen Clemens,QB,QB,"https://static.www.nfl.com/image/private/f_auto,q_auto/league/pxungqbhh61ov73tzaxk",3,LAC,6,8,36,0,1,0,0,0,0,35,6,4,-9.74079527810682,0,1.02857142857143,0.0907048842899912,5,-5,0,0,0,0,-2.18602724227821,0,0,0,0,0,0,0,0,0,0,,0,,,,,0,-1.06,-1.06
2017,REG+POST,00-0024268,A.Fasano,Anthony Fasano,TE,TE,"https://static.www.nfl.com/image/private/f_auto,q_auto/league/twcrap9uhjbazmplq5x3",8,MIA,0,0,0,0,0,0,0,0,0,0,0,0,,0,,,0,0,0,0,0,0,,0,12,16,107,1,1,0,119,37,5,-7.49458453187253,0,0.899159663865546,0.0524590163934426,0.0497699707235466,0.113527504096647,0,16.7,28.7
2017,REG+POST,00-0024334,B.Marshall,Brandon Marshall,WR,WR,"https://static.www.nfl.com/image/private/f_auto,q_auto/league/jhziqh0scfksvxen6f3s",5,NYG,0,0,0,0,0,0,0,0,0,0,0,0,,0,,,0,0,0,0,0,0,,0,18,33,154,0,0,0,341,39,11,0.744272637442919,0,0.451612903225806,0.163366336633663,0.219151670951157,0.398455674616305,0,15.4,33.4
2017,REG+POST,00-0024348,K.Williams,Kyle Williams,DT,DL,"https://static.www.nfl.com/image/private/f_auto,q_auto/league/az6qa28sbmxfklqs9waz",1,BUF,0,0,0,0,0,0,0,0,0,0,0,0,,0,,,1,1,1,0,0,1,0.613478509010747,0,0,0,0,0,0,0,0,0,0,,0,,,,,0,6.1,6.1
2017,REG+POST,00-0024389,De.Walker,Delanie Walker,TE,TE,"https://static.www.nfl.com/image/private/f_auto,q_auto/league/diknegkpqy0qnri7877z",18,TEN,0,0,0,0,0,0,0,0,0,0,0,0,,0,,,2,-2,1,0,0,1,-0.541372802050319,0,84,126,940,3,2,2,1143,311,48,1.78282944137787,0,0.822397200349956,0.228260869565217,0.227598566308244,0.501710300763597,0,113.8,197.8
2017,REG+POST,00-0024417,S.Koch,Sam Koch,P,SPEC,"https://static.www.nfl.com/image/private/f_auto,q_auto/league/dw34lcf6qit1i1knjhpv",2,BAL,2,2,38,0,0,0,0,0,0,32,6,2,9.42508688842645,0,1.1875,,0,0,0,0,0,0,,0,0,0,0,0,0,0,0,0,0,,0,,,,,0,1.52,1.52
2017,REG+POST,00-0024535,E.Weems,Eric Weems,WR,WR,"https://static.www.nfl.com/image/private/f_auto,q_auto/league/kptsfekcpfukewtim9kz",3,TEN,0,0,0,0,0,0,0,0,0,0,0,0,,0,,,1,0,0,0,0,0,-3.31236179766711,0,1,2,5,0,0,0,2,5,0,-1.34668596106349,0,2.5,0.0307692307692308,0.0081967213114754,0.051891551071879,0,0.5,1.5
2017,REG+POST,00-0025394,A.Peterson,Adrian Peterson,RB,RB,"https://static.www.nfl.com/image/private/f_auto,q_auto/league/ug2ua3skqc9f6vkbowxc",10,ARI,0,0,0,0,0,0,0,0,0,0,0,0,,0,,,156,529,2,3,2,20,-41.0923795959569,0,11,19,70,0,0,0,35,55,3,-6.19829420262507,0,2.0,0.0775510204081633,0.0191256830601093,0.129714508754321,0,67.9,78.9
2017,REG+POST,00-0025396,T.Ginn,Ted Ginn,WR,WR,"https://static.www.nfl.com/image/private/f_auto,q_auto/league/o4m4txrv9l7odyebnea4",17,NO,0,0,0,0,0,0,0,0,0,0,0,0,,0,,,11,50,0,0,0,3,2.19962878714432,0,65,87,974,5,0,0,1109,359,38,36.8820454432757,0,0.878268710550045,0.154255319148936,0.281472081218274,0.428413435576196,0,132.4,197.4
2017,REG+POST,00-0025399,M.Lynch,Marshawn Lynch,RB,RB,"https://static.www.nfl.com/image/private/f_auto,q_auto/league/ddhpebfqtr9yxsnbx9ht",15,LV,0,0,0,0,0,0,0,0,0,0,0,0,,0,,,207,891,7,1,1,44,-15.3156990381248,0,20,31,151,0,0,0,15,164,6,-2.97423720808001,0,10.0666666666667,0.0687361419068736,0.0047095761381475,0.106400916157014,0,144.2,164.2
2017,REG+POST,00-0025418,G.Olsen,Greg Olsen,TE,TE,"https://static.www.nfl.com/image/private/f_auto,q_auto/league/jevf1bubmrv2vvmiwq3r",8,CAR,0,0,0,0,0,0,0,0,0,0,0,0,,0,,,0,0,0,0,0,0,,0,25,50,298,2,0,0,520,73,18,0.0435669687283573,0,0.573076923076923,0.214592274678112,0.231316725978648,0.483810120202221,0,41.8,66.8
2017,REG+POST,00-0025430,D.Stanton,Drew Stanton,QB,QB,"https://static.www.nfl.com/image/private/f_auto,q_auto/league/di5hc0mwbomreqx7ojbu",5,ARI,79,159,894,6,5,7,40,3,0,1718,299,50,-22.2369578536463,0,0.520372526193248,-0.0039120126931379,9,7,0,0,0,2,-1.42354267829796,0,0,0,0,0,0,0,0,0,0,,0,,,,,0,50.46,50.46
2017,REG+POST,00-0025549,B.Celek,Brent Celek,TE,TE,"https://static.www.nfl.com/image/private/f_auto,q_auto/league/mit6ahic4gkdhy1hkejt",13,PHI,0,0,0,0,0,0,0,0,0,0,0,0,,0,,,0,0,0,0,0,0,,0,14,26,136,1,0,0,147,86,7,2.40827048779465,0,0.925170068027211,0.0604651162790698,0.0382712835199167,0.117487572882546,0,19.6,33.6
2017,REG+POST,00-0025708,M.Moore,Matt Moore,QB,QB,"https://static.www.nfl.com/image/private/f_auto,q_auto/league/h04zarfikqlgerdftbgp",4,MIA,78,127,861,4,5,12,95,0,0,1039,324,38,-21.4482638676934,0,0.828681424446583,0.0297593392943272,3,9,0,0,0,1,0.098956324509345,0,0,0,0,0,0,0,0,0,0,,0,,,,,0,41.34,41.34
2017,REG+POST,00-0026019,D.Woodhead,Danny Woodhead,RB,RB,"https://static.www.nfl.com/image/private/f_auto,q_auto/league/gorlqe0etvc8ek5wob7j",8,BAL,0,0,0,0,0,0,0,0,0,0,0,0,,0,,,14,56,0,0,0,2,-2.76594630259628,0,33,39,200,0,0,0,108,118,9,0.460091306098351,0,1.85185185185185,0.141818181818182,0.0580957504034427,0.253394298009683,0,25.6,58.6
2017,REG+POST,00-0026035,D.Amendola,Danny Amendola,WR,WR,"https://static.www.nfl.com/image/private/f_auto,q_auto/league/etz06w7s0ardf49mnayz",18,NE,1,2,20,0,0,0,0,0,0,4,23,0,0.23719382553827,0,5.0,,1,3,0,0,0,0,-0.355563145829365,0,87,119,1007,4,1,0,1005,325,57,70.5463668839324,0,1.00199004975124,0.173976608187135,0.157080337605502,0.370921148604553,0,125.8,212.8
2017,REG+POST,00-0026069,M.Tolbert,Mike Tolbert,FB,RB,"https://static.www.nfl.com/image/private/f_auto,q_auto/league/frwhwdhbcteyg7xjha7a",13,BUF,0,0,0,0,0,0,0,0,0,0,0,0,,0,,,70,262,1,2,1,10,-14.668756854858,0,15,18,88,0,0,0,44,55,3,-2.77993929991499,0,2.0,0.0530973451327434,0.0168841135840368,0.0914648972079408,0,39.0,54.0
2017,REG+POST,00-0026143,M.Ryan,Matt Ryan,QB,QB,"https://static.www.nfl.com/image/private/f_auto,q_auto/league/s6zam4ekrrnonsck6vak",18,ATL,385,595,4523,22,12,30,191,1,1,5150,2108,223,75.0605474970283,0,0.878252427184466,0.123490886093056,38,148,0,3,2,12,4.89675821616839,0,0,0,0,0,0,0,0,0,0,,0,,,,,0,253.72,253.72
2017,REG+POST,00-0026144,D.McFadden,Darren McFadden,RB,RB,"https://static.www.nfl.com/image/private/f_auto,q_auto/league/bfvionxxsfckmjqtw4kv",1,DAL,0,0,0,0,0,0,0,0,0,0,0,0,,0,,,1,-2,0,0,0,0,-1.02465997869149,0,0,0,0,0,0,0,0,0,0,,0,,,,,0,-0.2,-0.2
2017,REG+POST,00-0026153,J.Stewart,Jonathan Stewart,RB,RB,"https://static.www.nfl.com/image/private/f_auto,q_auto/league/dzvxfj3xrgnzc3jbag2n",16,CAR,0,0,0,0,0,0,0,0,0,0,0,0,,0,,,209,731,6,3,3,43,-41.6524591063913,0,8,15,52,1,0,0,-17,69,2,-3.95727971056476,0,-3.05882352941176,0.0485436893203884,-0.012743628185907,0.0638949942504476,0,114.3,122.3
2017,REG+POST,00-0026158,J.Flacco,Joe Flacco,QB,QB,"https://static.www.nfl.com/image/upload/f_auto,q_auto/league/dwsbpmlhoqud0puidizt",16,BAL,352,549,3141,18,13,27,205,5,0,3679,1470,161,-52.5727826322,1,0.853764609948356,0.0294165392615945,25,54,1,1,0,3,-7.97013820372966,0,0,0,0,0,0,0,0,0,0,,0,,,,,0,185.04,185.04
2017,REG+POST,00-0026164,C.Johnson,Chris Johnson,RB,RB,"https://static.www.nfl.com/image/private/f_auto,q_auto/league/ryf9nc84eovvdbf0cz79",4,ARI,0,0,0,0,0,0,0,0,0,0,0,0,,0,,,45,114,0,0,0,3,-11.6485140227596,0,5,6,43,0,0,0,20,30,2,2.65649962326279,0,2.15,0.041958041958042,0.0162999185004075,0.0743470058873482,0,15.7,20.7
2017,REG+POST,00-0026176,J.Nelson,Jordy Nelson,WR,WR,"https://static.www.nfl.com/image/private/f_auto,q_auto/league/bde2n4ozsakatgs4yyp2",14,GB,0,0,0,0,0,0,0,0,0,0,0,0,,0,,,0,0,0,0,0,0,,0,53,88,482,6,0,0,964,128,38,-4.55418026894139,0,0.5,0.185654008438819,0.268673355629877,0.466552361599142,0,84.2,137.2
2017,REG+POST,00-0026184,M.Forte,Matt Forte,RB,RB,"https://static.www.nfl.com/image/private/f_auto,q_auto/league/olqssssjykcx7tx7xsy3",12,NYJ,0,0,0,0,0,0,0,0,0,0,0,0,,0,,,103,381,2,1,1,12,-18.9129038443789,0,37,45,293,1,0,0,83,252,13,8.76904647356519,0,3.53012048192771,0.13353115727003,0.0310512532734755,0.222032613196477,0,83.4,120.4
2017,REG+POST,00-0026189,D.Jackson,DeSean Jackson,WR,WR,"https://static.www.nfl.com/image/private/f_auto,q_auto/league/pr5m864fqvnoozihylrh",14,TB,0,0,0,0,0,0,0,0,0,0,0,0,,0,,,3,38,0,0,0,1,2.15593841474038,0,50,90,668,3,0,0,1444,191,36,7.02271042090963,0,0.462603878116344,0.173410404624277,0.276999808171878,0.454015472656731,0,88.6,138.6
2017,REG+POST,00-0026197,C.Henne,Chad Henne,QB,QB,"https://static.www.nfl.com/image/private/f_auto,q_auto/league/ornr9pcnzveqlntqc7jx",2,JAX,0,2,0,0,0,0,0,0,0,2,0,0,-2.14174759108573,0,0.0,,5,-5,0,0,0,0,0.0,0,0,0,0,0,0,0,0,0,0,,0,,,,,0,-0.5,-0.5
2017,REG+POST,00-0026201,M.Bennett,Martellus Bennett,TE,TE,"https://static.www.nfl.com/image/private/f_auto,q_auto/league/repls3tq1d4jnvwmaqia",9,NE,0,0,0,0,0,0,0,0,0,0,0,0,,0,,,0,0,0,0,0,0,,0,30,44,286,0,0,0,265,168,11,0.16138179283007,0,1.07924528301887,0.135802469135802,0.110878661087866,0.28131876646521,0,28.6,58.6
2017,REG+POST,00-0026213,J.Charles,Jamaal Charles,RB,RB,"https://static.www.nfl.com/image/private/f_auto,q_auto/league/mdrlzgankwwjldxllgcx",13,DEN,0,0,0,0,0,0,0,0,0,0,0,0,,0,,,69,296,1,2,2,16,-13.8101414347184,0,23,28,129,0,0,0,-23,159,6,-3.3971057505325,0,-5.60869565217391,0.0669856459330144,-0.0069069069069069,0.0956436340646867,0,44.5,67.5
2017,REG+POST,00-0026224,H.Douglas,Harry Douglas,WR,WR,"https://static.www.nfl.com/image/private/f_auto,q_auto/league/hblmz1iaov5vqx7cd9cv",1,TEN,0,0,0,0,0,0,0,0,0,0,0,0,,0,,,0,0,0,0,0,0,,0,1,3,8,0,0,0,26,12,0,-6.08685919246636,0,0.307692307692308,0.125,0.146892655367232,0.290324858757062,0,0.8,1.8
2017,REG+POST,00-0026345,P.Garcon,Pierre Garcon,WR,WR,"https://static.www.nfl.com/image/private/f_auto,q_auto/league/xwjogot7xrfj9qwhsgtn",8,SF,0,0,0,0,0,0,0,0,0,0,0,0,,0,,,0,0,0,0,0,0,,0,40,67,500,0,0,0,639,190,25,7.71951843470654,0,0.782472613458529,0.215434083601286,0.274366680978961,0.515207802087202,0,50.0,90.0
2017,REG+POST,00-0026498,M.Stafford,Matthew Stafford,QB,QB,"https://static.www.nfl.com/image/private/f_auto,q_auto/league/icjfdfsncqlsqe49iujv",16,DET,371,565,4446,29,10,47,287,9,6,4543,2103,209,38.3132342865771,1,0.978648470173894,0.089030924459619,29,98,0,2,1,9,-6.57544912338904,0,0,0,0,0,0,0,0,0,0,,1,,,,,0,273.64,273.64
2017,REG+POST,00-0026544,C.Daniel,Chase Daniel,QB,QB,"https://static.www.nfl.com/image/private/f_auto,q_auto/league/jt8fvgeyuhsbpo9m9t4x",1,NO,0,0,0,0,0,0,0,0,0,0,0,0,,0,,,3,-2,0,0,0,0,-2.43170348869171,0,0,0,0,0,0,0,0,0,0,,0,,,,,0,-0.2,-0.2
2017,REG+POST,00-0026625,B.Hoyer,Brian Hoyer,QB,QB,"https://static.www.nfl.com/image/private/f_auto,q_auto/league/japt3mj2xctm7saqndxn",11,NE,123,211,1287,4,4,16,112,1,1,1667,569,64,-29.9526400371079,0,0.772045590881824,-0.0061531617616252,12,3,1,2,0,2,-9.85563008440658,0,0,0,0,0,0,0,0,0,0,,0,,,,,0,63.78,63.78
2017,REG+POST,00-0026901,M.Wallace,Mike Wallace,WR,WR,"https://static.www.nfl.com/image/private/f_auto,q_auto/league/dy9z5wbsitf6l9psjq4y",15,BAL,0,0,0,0,0,0,0,0,0,0,0,0,,0,,,1,4,0,0,0,0,0.102180845104158,0,52,92,748,4,0,0,1231,157,33,25.6203146239066,0,0.607636068237206,0.17037037037037,0.33135935397039,0.487507103334829,0,99.2,151.2
2017,REG+POST,00-0026983,D.Heyward-Bey,Darrius Heyward-Bey,WR,WR,"https://static.www.nfl.com/image/private/f_auto,q_auto/league/d5otkkbb0z2rdd2bjatd",6,PIT,0,0,0,0,0,0,0,0,0,0,0,0,,0,,,2,32,1,0,0,1,3.12273939454462,0,2,4,47,0,0,0,50,21,1,3.77088638098212,0,0.94,0.027972027972028,0.0517063081695967,0.0781524576767597,0,13.9,15.9
2017,REG+POST,00-0026986,M.Crabtree,Michael Crabtree,WR,WR,"https://static.www.nfl.com/image/private/f_auto,q_auto/league/kcavcmeyaion38ewxwyk",13,LV,0,0,0,0,0,0,0,0,0,0,0,0,,0,,,0,0,0,0,0,0,,0,58,101,618,8,1,0,1059,190,35,13.3259599061602,2,0.58356940509915,0.220524017467249,0.281948881789137,0.528150243453269,0,113.8,171.8
2017,REG+POST,00-0026995,J.Maclin,Jeremy Maclin,WR,WR,"https://static.www.nfl.com/image/private/f_auto,q_auto/league/tvlsuugnbn0idb0tbtgw",12,BAL,0,0,0,0,0,0,0,0,0,0,0,0,,0,,,0,0,0,0,0,0,,0,40,72,440,3,0,0,702,108,23,0.891509321057684,0,0.626780626780627,0.181818181818182,0.251342642320086,0.448667122351333,0,62.0,102.0
2017,REG+POST,00-0027006,K.Britt,Kenny Britt,WR,WR,"https://static.www.nfl.com/image/private/f_auto,q_auto/league/joozpvuyykyxjogcg3r5",12,NE,0,0,0,0,0,0,0,0,0,0,0,0,,0,,,0,0,0,0,0,0,,0,20,43,256,2,0,0,505,88,10,-12.0070365944352,0,0.506930693069307,0.0997679814385151,0.120095124851367,0.23371855955373,0,37.6,57.6
2017,REG+POST,00-0027029,L.McCoy,LeSean McCoy,RB,RB,"https://static.www.nfl.com/image/private/f_auto,q_auto/league/cpc1a2dgivdyevuncz7p",17,BUF,0,0,0,0,0,0,0,0,0,0,0,0,,0,,,306,1213,6,3,1,59,-42.1121206170907,0,65,85,492,2,0,0,104,445,24,7.28968687206408,0,4.73076923076923,0.173824130879346,0.0287531103124136,0.280863373537708,0,216.5,281.5
2017,REG+POST,00-0027057,B.Tate,Brandon Tate,WR,WR,"https://static.www.nfl.com/image/private/f_auto,q_auto/league/uzpf58ijo44jfqakwv83",5,BUF,0,0,0,0,0,0,0,0,0,0,0,0,,0,,,0,0,0,0,0,0,,0,6,14,81,1,0,0,142,37,5,2.58041057822993,0,0.570422535211268,0.0838323353293413,0.0987482614742698,0.194872286026001,0,14.1,20.1
2017,REG+POST,00-0027061,J.Cook,Jared Cook,TE,TE,"https://static.www.nfl.com/image/private/f_auto,q_auto/league/cthoenebptadlu4g928v",16,LV,0,0,0,0,0,0,0,0,0,0,0,0,,0,,,0,0,0,0,0,0,,0,54,86,688,2,1,1,769,241,35,28.4807857653269,0,0.894668400520156,0.155797101449275,0.16659445407279,0.350311770024866,0,78.8,132.8
2017,REG+POST,00-0027089,L.Murphy,Louis Murphy,WR,WR,"https://static.www.nfl.com/image/private/f_auto,q_auto/league/rivj8wgktddc22qdtpsn",6,SF,0,0,0,0,0,0,0,0,0,0,0,0,,0,,,0,0,0,0,0,0,,0,8,17,121,1,0,0,181,39,6,3.58850886923028,0,0.668508287292818,0.0871794871794872,0.107418397626113,0.20596210910751,0,18.1,26.1
2017,REG+POST,00-0027125,Z.Miller,Zach Miller,TE,TE,"https://static.www.nfl.com/image/private/f_auto,q_auto/league/ghvzkuugli86zstauzvr",8,CHI,0,0,0,0,0,0,0,0,0,0,0,0,,0,,,0,0,0,0,0,0,,0,20,35,236,2,0,0,298,72,10,-4.70074355251516,0,0.791946308724832,0.159090909090909,0.186599874765185,0.369256275971993,0,35.6,55.6
2017,REG+POST,00-0027215,L.Paulsen,Logan Paulsen,TE,TE,"https://static.www.nfl.com/image/private/f_auto,q_auto/league/rckjvflmpzh9tiescxcd",2,SF,0,0,0,0,0,0,0,0,0,0,0,0,,0,,,0,0,0,0,0,0,,0,0,2,0,0,0,0,22,0,0,-0.838642647431698,0,0.0,0.0222222222222222,0.0289093298291721,0.0535698642137538,0,0.0,0.0
2017,REG+POST,00-0027321,J.Cumberland,Jeff Cumberland,TE,TE,"https://static.www.nfl.com/image/private/f_auto,q_auto/league/c87plzwz1aj8haowwxcq",2,LAC,0,0,0,0,0,0,0,0,0,0,0,0,,0,,,0,0,0,0,0,0,,0,2,3,2,0,0,0,6,0,0,-1.72910780861275,0,0.333333333333333,0.0428571428571429,0.0101351351351351,0.0713803088803089,0,0.2,2.2
2017,REG+POST,00-0027325,L.Blount,LeGarrette Blount,RB,RB,"https://static.www.nfl.com/image/private/f_auto,q_auto/league/s3eilto1yi0yhoamvvo3",19,PHI,0,0,0,0,0,0,0,0,0,0,0,0,,0,,,202,896,5,1,1,38,-21.0993600838599,1,8,8,50,1,0,0,3,47,3,1.91069950719248,0,16.6666666666667,0.030188679245283,0.0018951358180669,0.0466096139405714,0,130.6,138.6
2017,REG+POST,00-0027531,C.Ivory,Chris Ivory,RB,RB,"https://static.www.nfl.com/image/private/f_auto,q_auto/league/wuhrkffigvt55hcqd4yw",15,JAX,0,0,0,0,0,0,0,0,0,0,0,0,,0,,,113,384,1,2,2,16,-27.2227108739317,0,21,29,175,1,0,0,-8,185,8,-2.99433794040148,0,-21.875,0.0966666666666667,-0.0039781203381402,0.142215315763302,0,63.9,84.9
2017,REG+POST,00-0027654,A.Benn,Arrelious Benn,WR,WR,"https://static.www.nfl.com/image/private/f_auto,q_auto/league/mrdtswjobu20gukdl2cp",2,JAX,0,0,0,0,0,0,0,0,0,0,0,0,,0,,,0,0,0,0,0,0,,0,1,2,12,0,0,0,14,2,1,1.38949508912629,0,0.857142857142857,0.0416666666666667,0.0299785867237687,0.0834850107066381,0,1.2,2.2
2017,REG+POST,00-0027656,R.Gronkowski,Rob Gronkowski,TE,TE,"https://static.www.nfl.com/image/private/f_auto,q_auto/league/svpo7chliiymc0r7hegp",16,NE,0,0,0,0,0,0,0,0,0,0,0,0,,0,,,0,0,0,0,0,0,,0,85,132,1302,11,1,0,1542,416,72,83.1703014500226,1,0.844357976653697,0.218905472636816,0.271287825475018,0.518259686787736,0,198.2,283.2
2017,REG+POST,00-0027675,E.Dickson,Ed Dickson,TE,TE,"https://static.www.nfl.com/image/private/f_auto,q_auto/league/qtxat8xwaclkqfkj5lrq",15,CAR,0,0,0,0,0,0,0,0,0,0,0,0,,0,,,0,0,0,0,0,0,,0,31,50,440,1,0,0,459,202,22,15.9959754827927,0,0.958605664488017,0.105485232067511,0.109363831308077,0.23478253001692,0,50.0,81.0
2017,REG+POST,00-0027681,B.LaFell,Brandon LaFell,WR,WR,"https://static.www.nfl.com/image/private/f_auto,q_auto/league/x4wifb5arw0neuwg1cch",16,CIN,0,0,0,0,0,0,0,0,0,0,0,0,,0,,,0,0,0,0,0,0,,0,52,89,548,3,1,0,774,239,25,3.67404213339463,0,0.708010335917313,0.182377049180328,0.192250372578241,0.408140834575261,0,72.8,124.8
2017,REG+POST,00-0027685,E.Sanders,Emmanuel Sanders,WR,WR,"https://static.www.nfl.com/image/private/f_auto,q_auto/league/potkibjtm855tsawozs0",12,DEN,0,0,0,0,0,0,0,0,0,0,0,0,,0,,,0,0,0,0,0,0,,0,47,92,555,2,0,0,978,167,30,9.83096098528101,0,0.567484662576687,0.223300970873786,0.270914127423823,0.524591345507356,0,67.5,114.5
2017,REG+POST,00-0027690,E.Decker,Eric Decker,WR,WR,"https://static.www.nfl.com/image/private/f_auto,q_auto/league/jg5ftnvxz4jdiajzeoyn",18,TEN,0,1,0,0,0,0,0,0,0,0,0,0,-0.835002687177621,0,,,0,0,0,0,0,0,,0,62,95,669,2,0,0,996,129,36,26.8322711807987,0,0.671686746987952,0.172101449275362,0.198327359617682,0.396981325645421,0,78.9,140.9
2017,REG+POST,00-0027691,A.Roberts,Andre Roberts,WR,WR,"https://static.www.nfl.com/image/private/f_auto,q_auto/league/hjoyjewh7knoafxt4k93",4,ATL,0,0,0,0,0,0,0,0,0,0,0,0,,0,,,0,0,0,0,0,0,,0,1,4,12,0,0,0,20,7,1,-1.89332136717104,0,0.6,0.0303030303030303,0.0226500566251416,0.0613095850921446,0,1.2,2.2
2017,REG+POST,00-0027696,J.Graham,Jimmy Graham,TE,TE,"https://static.www.nfl.com/image/private/f_auto,q_auto/league/h7xs06oj6g03mippwtse",16,SEA,0,0,0,0,0,0,0,0,0,0,0,0,,0,,,0,0,0,0,0,0,,0,57,96,520,10,0,0,728,211,32,0.623209089237454,1,0.714285714285714,0.182509505703422,0.139117141219186,0.371146257408563,0,114.0,171.0
2017,REG+POST,00-0027732,M.Hoomanawanui,Michael Hoomanawanui,TE,TE,"https://static.www.nfl.com/image/private/f_auto,q_auto/league/fgfwj67pbxmp1bpjm7ti",7,NO,0,0,0,0,0,0,0,0,0,0,0,0,,0,,,0,0,0,0,0,0,,0,6,10,52,1,0,0,71,27,2,-1.23361892613578,0,0.732394366197183,0.0427350427350427,0.105654761904762,0.138060897435897,0,11.2,17.2
2017,REG+POST,00-0027793,A.Brown,Antonio Brown,WR,WR,"https://static.www.nfl.com/image/private/f_auto,q_auto/league/ecxsx9t7bfg42bgfwj3v",15,PIT,0,0,0,0,0,0,0,0,0,0,0,0,,0,,,0,0,0,0,0,0,,0,108,174,1665,11,3,0,2345,508,76,53.0102919000816,1,0.71002132196162,0.297435897435897,0.442369364270892,0.755812401143471,0,234.5,342.5
2017,REG+POST,00-0027796,J.Webb,Joe Webb,QB,QB,"https://static.www.nfl.com/image/private/f_auto,q_auto/league/hjieero9ugbyu7n1629h",2,BUF,2,7,35,0,1,0,0,0,0,112,3,1,-5.235481272568,0,0.3125,-0.109946443881324,8,54,0,0,0,4,5.5604426577338,0,0,0,0,0,0,0,0,0,0,,0,,,,,0,4.8,4.8
2017,REG+POST,00-0027854,S.Bradford,Sam Bradford,QB,QB,"https://static.www.nfl.com/image/private/f_auto,q_auto/league/fizwrxzfdaw7v2vzzpn6",2,MIN,32,43,382,3,0,5,40,0,0,359,149,17,13.0149055075535,0,1.06406685236769,0.202490734100975,2,-3,0,0,0,0,-4.12086771317991,0,0,0,0,0,0,0,0,0,0,,0,,,,,0,26.98,26.98
2017,REG+POST,00-0027861,C.Spiller,C.J. Spiller,RB,RB,"https://static.www.nfl.com/image/private/f_auto,q_auto/league/jqbnrdpq9c2nbchzntxt",1,KC,0,0,0,0,0,0,0,0,0,0,0,0,,0,,,2,0,0,0,0,0,-1.30428124964237,0,0,2,0,0,0,0,2,0,0,-2.81510488544933,0,0.0,0.0555555555555556,0.0068493150684931,0.0881278538812785,0,0.0,0.0
2017,REG+POST,00-0027873,J.Gresham,Jermaine Gresham,TE,TE,"https://static.www.nfl.com/image/private/f_auto,q_auto/league/higvmot083ues41wbdgi",14,ARI,0,0,0,0,0,0,0,0,0,0,0,0,,0,,,0,0,0,0,0,0,,0,33,46,322,2,0,0,296,136,17,1.14595991977851,0,1.08783783783784,0.0891472868217054,0.0594138900040145,0.175310653235368,0,44.2,77.2
2017,REG+POST,00-0027874,D.Thomas,Demaryius Thomas,WR,WR,"https://static.www.nfl.com/image/private/f_auto,q_auto/league/p1yjsqtqimjd6iazu3h9",16,DEN,0,0,0,0,0,0,0,0,0,0,0,0,,0,,,0,0,0,0,0,0,,0,83,140,949,5,1,1,1462,299,53,-10.0487258574273,0,0.649110807113543,0.254083484573503,0.317136659436009,0.60312088846546,0,122.9,205.9
2017,REG+POST,00-0027891,G.Tate,Golden Tate,WR,WR,"https://static.www.nfl.com/image/private/f_auto,q_auto/league/yfqebrp2o9t1gt1wqjku",16,DET,0,0,0,0,0,0,0,0,0,0,0,0,,1,,,5,22,0,0,0,1,-1.10187041724566,0,92,120,1003,5,1,1,716,613,44,12.5821351630415,0,1.40083798882682,0.212389380530973,0.158547387068202,0.429567241744202,0,132.5,224.5
2017,REG+POST,00-0027902,D.Bryant,Dez Bryant,WR,WR,"https://static.www.nfl.com/image/private/f_auto,q_auto/league/jmggujwkiv7osgkhhnhl",16,DAL,0,0,0,0,0,0,0,0,0,0,0,0,,0,,,1,-4,0,0,0,0,-1.10098128998652,0,69,132,838,6,1,1,1534,266,44,-10.8097489879054,0,0.546284224250326,0.272164948453608,0.414258709154739,0.69822851908873,0,117.4,186.4
2017,REG+POST,00-0027925,J.Develin,James Develin,FB,RB,"https://static.www.nfl.com/image/private/f_auto,q_auto/league/ryhocvpml27otxnncc2h",9,NE,0,0,0,0,0,0,0,0,0,0,0,0,,0,,,0,0,0,0,0,0,,0,6,11,38,0,0,0,29,26,3,-0.781803119753022,0,1.31034482758621,0.0297297297297297,0.0102220655622136,0.0517500404881441,0,3.8,9.8
2017,REG+POST,00-0027939,C.Newton,Cam Newton,QB,QB,"https://static.www.nfl.com/image/private/f_auto,q_auto/league/zwmgw2gmnn2kch4nquft",17,CAR,315,532,3651,24,16,39,285,3,0,4547,1756,182,5.64164453942274,0,0.802946998020673,0.0642584844930458,147,791,6,6,1,48,14.4235631860387,1,0,0,0,0,0,0,0,0,0,,0,,,,,0,325.14,325.14
2017,REG+POST,00-0027942,A.Green,A.J. Green,WR,WR,"https://static.www.nfl.com/image/private/f_auto,q_auto/league/guj5a9vnnzqfiljupzuj",16,CIN,0,0,0,0,0,0,0,0,0,0,0,0,,0,,,0,0,0,0,0,0,,0,75,143,1078,8,2,2,1873,297,55,5.74616123308328,0,0.575547250400427,0.293032786885246,0.465226030799801,0.76520740188773,0,151.8,226.8
2017,REG+POST,00-0027944,J.Jones,Julio Jones,WR,WR,"https://static.www.nfl.com/image/upload/f_auto,q_auto/league/omrddf2phtyztzx2nup1",18,ATL,0,0,0,0,0,0,0,0,0,0,0,0,,0,,,2,28,0,0,0,2,1.96424602658954,0,106,174,1639,4,0,0,2353,546,79,66.5178741279603,0,0.696557586060349,0.298969072164948,0.466494845360825,0.775,0,190.7,296.7
2017,REG+POST,00-0027948,B.Gabbert,Blaine Gabbert,QB,QB,"https://static.www.nfl.com/image/private/f_auto,q_auto/league/fphhd3wedamgkps6e0dl",5,ARI,95,171,1086,6,6,23,149,4,2,1572,412,55,-54.9406781478423,1,0.690839694656489,-0.0163802163802903,22,82,0,3,0,7,-2.42907997756265,0,0,0,0,0,0,0,0,0,0,,0,,,,,0,61.64,61.64
2017,REG+POST,00-0027966,M.Ingram,Mark Ingram,RB,RB,"https://static.www.nfl.com/image/private/f_auto,q_auto/league/qyju9wutyssrf0b26ran",18,NO,0,0,0,0,0,0,0,0,0,0,0,0,,0,,,249,1171,12,2,2,52,-13.1781250770317,0,60,73,432,0,1,1,-94,520,20,1.92354239168775,0,-4.59574468085106,0.126516464471404,-0.0232961586121437,0.173467385678605,0,226.3,286.3
2017,REG+POST,00-0027973,A.Dalton,Andy Dalton,QB,QB,"https://static.www.nfl.com/image/private/f_auto,q_auto/league/xrwmjyexhhwpoxhtrhl2",16,CIN,297,496,3320,25,12,39,255,3,3,4064,1704,162,-30.9987436668259,0,0.816929133858268,0.0319214184993542,38,99,0,1,1,9,-11.0152563218228,0,0,0,0,0,0,0,0,0,0,,0,,,,,0,210.7,210.7
2017,REG+POST,00-0027981,K.Rudolph,Kyle Rudolph,TE,TE,"https://static.www.nfl.com/image/private/f_auto,q_auto/league/mtvrkfel5750mlevcvtp",18,MIN,0,0,0,0,0,0,0,0,0,0,0,0,,0,,,0,0,0,0,0,0,,0,63,93,585,9,0,0,690,235,34,15.3103238463024,0,0.847826086956522,0.153212520593081,0.152082874145911,0.336276792791759,0,112.5,175.5
2017,REG+POST,00-0027985,L.Kendricks,Lance Kendricks,TE,TE,"https://static.www.nfl.com/image/private/f_auto,q_auto/league/njjeo5udwowpbfnufl5l",11,GB,0,0,0,0,0,0,0,0,0,0,0,0,,0,,,0,0,0,0,0,0,,0,18,35,203,1,0,0,260,89,8,-16.6796115382471,0,0.780769230769231,0.0904392764857881,0.0944424264438794,0.201768613239398,0,26.3,44.3
2017,REG+POST,00-0027994,S.Vereen,Shane Vereen,RB,RB,"https://static.www.nfl.com/image/private/f_auto,q_auto/league/grirsvo53nqb22jzb1zk",15,NYG,0,1,0,0,1,0,0,0,0,17,0,0,-4.04650280892383,0,0.0,,45,164,0,0,0,3,-13.4868668907113,0,44,53,253,0,0,0,22,245,7,-10.1998204264152,0,11.5,0.0981481481481481,0.0074906367041198,0.152465667915106,0,39.7,83.7
2017,REG+POST,00-0027996,T.Smith,Torrey Smith,WR,WR,"https://static.www.nfl.com/image/private/f_auto,q_auto/league/sqvbn4ybxagyfwva3i51",19,PHI,0,0,0,0,0,0,0,0,0,0,0,0,,0,,,1,-3,0,0,0,0,-1.04485134675633,0,49,88,587,3,0,0,1165,196,19,10.9624966274456,0,0.503862660944206,0.132930513595166,0.189338534048432,0.331932744226651,0,76.4,125.4
2017,REG+POST,00-0028002,R.Cobb,Randall Cobb,WR,WR,"https://static.www.nfl.com/image/private/f_auto,q_auto/league/kuwo5hnkbtesfw6n9w1s",14,GB,1,1,10,0,0,0,0,0,0,-5,15,1,0.606652478454635,0,0.0,,9,17,0,0,0,1,-2.50597624198271,0,66,92,653,4,1,0,555,412,29,18.9545613049394,1,1.17657657657658,0.187755102040816,0.162565905096661,0.395428786628887,0,93.4,159.4
2017,REG+POST,00-0028009,D.Murray,DeMarco Murray,RB,RB,"https://static.www.nfl.com/image/private/f_auto,q_auto/league/lu4pqg7cvxbz7z4oormo",15,TEN,0,0,0,0,0,0,0,0,0,0,0,0,,0,,,184,659,6,1,1,29,-31.7061150509414,0,39,47,266,1,0,0,11,244,10,-2.65515076152556,0,24.1818181818182,0.101511879049676,0.0028841111693759,0.154286696393077,0,132.5,171.5
2017,REG+POST,00-0028011,S.Ridley,Stevan Ridley,RB,RB,"https://static.www.nfl.com/image/private/f_auto,q_auto/league/futdstbe48qaqcvtolzj",2,PIT,0,0,0,0,0,0,0,0,0,0,0,0,,0,,,26,108,1,0,0,6,-1.94289765955182,0,0,0,0,0,0,0,0,0,0,,0,,,,,0,16.8,16.8
2017,REG+POST,00-0028012,R.Mallett,Ryan Mallett,QB,QB,"https://static.www.nfl.com/image/private/f_auto,q_auto/league/tvn03oot2ttdoog5x0qr",2,BAL,9,16,56,2,0,0,0,0,0,131,30,5,-0.683747934061103,0,0.427480916030534,0.0027845909411955,4,-3,0,1,0,1,0.652280918322504,0,0,0,0,0,0,0,0,0,0,,0,,,,,0,9.94,9.94
2017,REG+POST,00-0028042,L.Stocker,Luke Stocker,TE,TE,"https://static.www.nfl.com/image/private/f_auto,q_auto/league/keoilbfzupthtliuou1a",4,TEN,0,0,0,0,0,0,0,0,0,0,0,0,,0,,,0,0,0,0,0,0,,0,4,5,30,1,0,0,13,22,1,2.70020329748513,0,2.30769230769231,0.040650406504065,0.014145810663765,0.070877677220733,0,9.0,13.0
2017,REG+POST,00-0028063,T.Jones,Taiwan Jones,RB,RB,"https://static.www.nfl.com/image/private/f_auto,q_auto/league/va09vgfr7bdc2wb6ikq4",1,BUF,0,0,0,0,0,0,0,0,0,0,0,0,,0,,,0,0,0,0,0,0,,0,1,2,11,0,0,0,24,10,1,0.393405912283914,0,0.458333333333333,0.0625,0.0615384615384615,0.136826923076923,0,1.1,2.1
2017,REG+POST,00-0028064,B.Powell,Bilal Powell,RB,RB,"https://static.www.nfl.com/image/private/f_auto,q_auto/league/a5qlloemeetaqawzwuf7",15,NYJ,0,0,0,0,0,0,0,0,0,0,0,0,,0,,,178,772,5,0,0,30,-17.9371459154047,0,23,33,170,0,1,1,36,143,8,-12.0303445360658,0,4.72222222222222,0.0852713178294574,0.0176643768400393,0.140272040532214,0,122.2,145.2
2017,REG+POST,00-0028067,J.Thomas,Julius Thomas,TE,TE,"https://static.www.nfl.com/image/private/f_auto,q_auto/league/ephrfopvlebj4fdcl67a",14,MIA,0,0,0,0,0,0,0,0,0,0,0,0,,0,,,0,0,0,0,0,0,,0,41,62,388,3,1,0,480,145,18,-4.36217280887499,0,0.808333333333333,0.122047244094488,0.115246098439376,0.263743135049295,0,56.8,97.8
2017,REG+POST,00-0028074,A.Sherman,Anthony Sherman,RB,RB,"https://static.www.nfl.com/image/private/f_auto,q_auto/league/ibmfpy4ztgmqfwtood5x",5,KC,0,0,0,0,0,0,0,0,0,0,0,0,,0,,,14,40,1,0,0,5,0.102911590671336,0,6,8,47,0,0,0,14,41,3,2.29980979044922,0,3.35714285714286,0.0479041916167665,0.0119250425894378,0.0802038172377562,0,14.7,20.7
2017,REG+POST,00-0028083,J.Rodgers,Jacquizz Rodgers,RB,RB,"https://static.www.nfl.com/image/private/f_auto,q_auto/league/ztmescfueap5glplyf7w",13,TB,0,0,0,0,0,0,0,0,0,0,0,0,,0,,,64,244,1,0,0,11,-8.94342955289176,0,9,11,74,0,0,0,-3,85,4,1.50861993955914,0,-24.6666666666667,0.0367892976588629,-0.0009590792838874,0.0545125909895731,0,37.8,46.8
2017,REG+POST,00-0028087,D.Lewis,Dion Lewis,RB,RB,"https://static.www.nfl.com/image/private/f_auto,q_auto/league/erzmtaaz3eimbg998hyq",19,NE,0,0,0,0,0,0,0,0,0,0,0,0,,0,,,213,1031,6,0,0,53,15.4989126735877,0,48,53,325,3,1,1,-10,344,13,8.07882355010952,0,-32.5,0.0990654205607477,-0.002436053593179,0.146892893325896,1,193.6,241.6
2017,REG+POST,00-0028090,T.Yates,T.J. Yates,QB,QB,"https://static.www.nfl.com/image/private/f_auto,q_auto/league/h8x0pbhc1s5dwjuzipsb",4,HOU,47,97,523,4,3,13,75,5,1,991,176,27,-27.9549588183632,0,0.527749747729566,-0.0327444312655355,5,51,0,0,0,4,5.7194524424352,0,0,0,0,0,0,0,0,0,0,,0,,,,,0,34.02,34.02
2017,REG+POST,00-0028091,J.Kerley,Jeremy Kerley,WR,WR,"https://static.www.nfl.com/image/private/f_auto,q_auto/league/lsfc40maht2r3k0ctu1b",7,NYJ,0,0,0,0,0,0,0,0,0,0,0,0,,0,,,0,0,0,0,0,0,,0,22,27,217,1,1,1,244,57,13,16.0281485630999,0,0.889344262295082,0.127962085308057,0.155216284987277,0.300594527453179,0,25.7,47.7
2017,REG+POST,00-0028093,N.Paul,Niles Paul,TE,TE,"https://static.www.nfl.com/image/private/f_auto,q_auto/league/c2hufhhjyuitenxujhpz",11,WAS,0,0,0,0,0,0,0,0,0,0,0,0,,0,,,2,4,0,0,0,1,1.30055225093383,0,13,19,94,0,0,0,112,31,4,1.20608496881323,0,0.839285714285714,0.0599369085173502,0.0486956521739131,0.123992319297764,0,9.8,22.8
2017,REG+POST,00-0028097,L.Smith,Lee Smith,TE,TE,"https://static.www.nfl.com/image/private/f_auto,q_auto/league/gcaqwhzrinlqicrljwlr",6,LV,0,0,0,0,0,0,0,0,0,0,0,0,,0,,,0,0,0,0,0,0,,0,8,11,76,0,0,0,57,32,4,2.33930380083621,0,1.33333333333333,0.0544554455445545,0.0486348122866894,0.115727536917514,0,7.6,15.6
2017,REG+POST,00-0028112,C.Clay,Charles Clay,TE,TE,"https://static.www.nfl.com/image/private/f_auto,q_auto/league/gbfhfjn5cxtou5aazegt",14,BUF,0,0,0,0,0,0,0,0,0,0,0,0,,0,,,0,0,0,0,0,0,,0,52,79,573,2,1,0,536,273,30,7.6954295790948,0,1.06902985074627,0.195544554455446,0.166978193146417,0.410201566885661,0,69.3,121.3
2017,REG+POST,00-0028116,A.Robinson,Aldrick Robinson,WR,WR,"https://static.www.nfl.com/image/private/f_auto,q_auto/league/lzdmahvzc7tm4pulh2sj",14,SF,0,0,0,0,0,0,0,0,0,0,0,0,,0,,,0,0,0,0,0,0,,0,19,48,260,2,0,0,524,45,12,-5.95581916230864,0,0.49618320610687,0.0895522388059701,0.119471044231646,0.217958089171108,0,38.0,57.0
2017,REG+POST,00-0028118,T.Taylor,Tyrod Taylor,QB,QB,"https://static.www.nfl.com/image/private/f_auto,q_auto/league/qx6t1lqmc9ws9ledobzn",16,BUF,280,457,2933,14,5,48,271,3,2,3839,1325,141,-8.18803587010808,0,0.764001041938005,0.0604449771587201,91,454,4,1,0,28,23.0127231964559,0,0,0,0,0,0,0,0,0,0,,0,,,,,0,228.72,228.72
2017,REG+POST,00-0028130,M.Bosher,Matt Bosher,P,SPEC,"https://static.www.nfl.com/image/private/f_auto,q_auto/league/onuliab3wc9t56b9ghfg",1,ATL,0,0,0,0,0,0,0,0,0,0,0,0,,0,,,1,0,0,0,0,0,-2.4659443073906,0,0,0,0,0,0,0,0,0,0,,0,,,,,0,0.0,0.0
2017,REG+POST,00-0028142,V.Green,Virgil Green,TE,TE,"https://static.www.nfl.com/image/private/f_auto,q_auto/league/wcdedz1qf7ybkujat6bu",11,DEN,0,0,0,0,0,0,0,0,0,0,0,0,,0,,,0,0,0,0,0,0,,0,14,22,191,1,0,0,175,92,7,3.27189514884958,0,1.09142857142857,0.0561224489795918,0.0524895020995801,0.120926324939094,0,25.1,39.1
2017,REG+POST,00-0028237,C.Hogan,Chris Hogan,WR,WR,"https://static.www.nfl.com/image/private/f_auto,q_auto/league/fmpqnciwjqicsjzy63mc",12,NE,0,0,0,0,0,0,0,0,0,0,0,0,,0,,,4,21,0,0,0,1,-0.313147194217891,0,43,75,591,7,0,0,1030,209,29,26.3652476487709,0,0.57378640776699,0.153374233128834,0.219944480034166,0.384022485717168,0,103.2,146.2
2017,REG+POST,00-0028263,A.Holmes,Andre Holmes,WR,WR,"https://static.www.nfl.com/image/private/f_auto,q_auto/league/ujb4sism9jdte3o8ofve",10,BUF,0,0,0,0,0,0,0,0,0,0,0,0,,0,,,0,0,0,0,0,0,,0,13,23,120,3,0,0,308,11,10,8.64599719988643,0,0.38961038961039,0.0754098360655738,0.124696356275304,0.200402203491073,0,30.0,43.0
2017,REG+POST,00-0028292,N.Bellore,Nick Bellore,ILB,LB,"https://static.www.nfl.com/image/private/f_auto,q_auto/league/nnmgkhi5d5xszkoyh4br",1,DET,0,0,0,0,0,0,0,0,0,0,0,0,,0,,,0,0,0,0,0,0,,0,1,1,1,1,0,0,0,1,1,0.944199098274112,0,0.0,0.0294117647058824,,,0,6.1,7.1
2017,REG+POST,00-0028411,D.Inman,Dontrelle Inman,WR,WR,"https://static.www.nfl.com/image/private/f_auto,q_auto/league/josp2o2ri6tknqzt87qc",10,CHI,0,0,0,0,0,0,0,0,0,0,0,0,,0,,,0,0,0,0,0,0,,0,25,44,343,1,0,0,561,31,19,8.94254651898669,0,0.611408199643494,0.132530120481928,0.216101694915254,0.35006636716357,0,40.3,65.3
2017,REG+POST,00-0028434,D.Baldwin,Doug Baldwin,WR,WR,"https://static.www.nfl.com/image/private/f_auto,q_auto/league/kccmcttfdtl7m3g49vb8",16,SEA,0,0,0,0,0,0,0,0,0,0,0,0,,0,,,2,-8,0,0,0,0,-2.84694556891918,0,75,116,991,8,0,0,1476,274,44,42.8192242265689,1,0.671409214092141,0.220532319391635,0.282056181922415,0.528237806433143,0,148.3,223.3
2017,REG+POST,00-0028497,K.Aiken,Kamar Aiken,WR,WR,"https://static.www.nfl.com/image/private/f_auto,q_auto/league/u0fe10u5kbeyhe65spby",13,IND,0,0,0,0,0,0,0,0,0,0,0,0,,0,,,0,0,0,0,0,0,,0,15,44,133,0,0,0,417,47,7,-26.3421768741391,0,0.3189448441247,0.109452736318408,0.136676499508358,0.259852654133463,0,13.3,28.3
2017,REG+POST,00-0028581,P.DiMarco,Patrick DiMarco,FB,RB,"https://static.www.nfl.com/image/private/f_auto,q_auto/league/chit1zcsfqaoqzkqc9eh",9,BUF,0,0,0,0,0,0,0,0,0,0,0,0,,0,,,2,-2,0,0,0,0,-3.80403227190254,0,7,11,28,0,0,0,23,10,0,-11.6928289608331,0,1.21739130434783,0.0447154471544715,0.0140758873929009,0.0769262919067379,0,2.6,9.6
2017,REG+POST,00-0028595,S.Tolzien,Scott Tolzien,QB,QB,"https://static.www.nfl.com/image/private/f_auto,q_auto/league/kt8ji3aejylpnpskeqzn",1,IND,9,18,128,0,2,4,29,1,0,165,72,5,-22.6156100803805,0,0.775757575757576,-0.0054818586854282,2,2,0,0,0,0,-0.36162001779303,0,0,0,0,0,0,0,0,0,0,,0,,,,,0,1.32,1.32
2017,REG+POST,00-0028664,C.Jones,Chris Jones,P,SPEC,"https://static.www.nfl.com/image/private/f_auto,q_auto/league/c6kjlharechwayxq6fzk",1,DAL,0,0,0,0,0,0,0,0,0,0,0,0,,0,,,1,24,0,0,0,1,4.43070918740705,0,0,0,0,0,0,0,0,0,0,,0,,,,,0,2.4,2.4
2017,REG+POST,00-0028702,C.Matthews,Chris Matthews,WR,WR,"https://static.www.nfl.com/image/private/f_auto,q_auto/league/yhaaa3gyqbin9feahr0v",3,BAL,0,0,0,0,0,0,0,0,0,0,0,0,,0,,,0,0,0,0,0,0,,0,3,6,25,0,0,0,39,5,2,-3.05435509351712,0,0.641025641025641,0.0521739130434783,0.0493670886075949,0.112817831590534,0,2.5,5.5
2017,REG+POST,00-0028825,T.Pryor,Terrelle Pryor,WR,WR,"https://static.www.nfl.com/image/private/f_auto,q_auto/league/ac6blk5o4ztsr7hvtil9",8,WAS,0,0,0,0,0,0,0,0,0,0,0,0,,0,,,0,0,0,0,0,0,,0,20,37,240,1,0,0,400,58,15,8.43327744960636,0,0.6,0.139097744360902,0.209205020920502,0.355090131185705,0,30.0,50.0
2017,REG+POST,00-0028872,J.Hekker,Johnny Hekker,P,SPEC,"https://static.www.nfl.com/image/private/f_auto,q_auto/league/rh1qt7cwusun5o56bwyh",3,LA,2,3,34,0,0,0,0,0,0,38,27,1,-1.25399285677122,0,0.894736842105263,,0,0,0,0,0,0,,0,0,0,0,0,0,0,0,0,0,,0,,,,,0,1.36,1.36
2017,REG+POST,00-0028903,G.Celek,Garrett Celek,TE,TE,"https://static.www.nfl.com/image/private/f_auto,q_auto/league/hin5nyuakhpbngjhepty",13,SF,0,0,0,0,0,0,0,0,0,0,0,0,,0,,,0,0,0,0,0,0,,0,21,33,336,4,0,0,273,172,15,11.8093626255483,0,1.23076923076923,0.0679012345679012,0.0702160493827161,0.151003086419753,0,57.6,78.6
2017,REG+POST,00-0028954,R.Golden,Robert Golden,SS,DB,"https://static.www.nfl.com/image/private/f_auto,q_auto/league/x34qsxf2ita6cddyhped",1,PIT,1,1,44,0,0,0,0,0,0,23,21,1,4.9709281558753,0,1.91304347826087,,0,0,0,0,0,0,,0,0,0,0,0,0,0,0,0,0,,0,,,,,0,1.76,1.76
2017,REG+POST,00-0028957,A.Davis,Austin Davis,QB,QB,"https://static.www.nfl.com/image/private/f_auto,q_auto/league/wmquxjs1nuwferz7o9q2",1,SEA,0,0,0,0,0,0,0,0,0,0,0,0,,0,,,1,-1,0,0,0,0,0.0,0,0,0,0,0,0,0,0,0,0,,0,,,,,0,-0.1,-0.1
2017,REG+POST,00-0028986,C.Keenum,Case Keenum,QB,QB,"https://static.www.nfl.com/image/private/f_auto,q_auto/league/tymwoe3wpwzln78uzbvu",17,MIN,378,569,4136,24,10,25,154,2,2,4251,2112,208,50.7666126090038,1,0.972947541754881,0.117878100092944,42,172,1,0,0,13,-1.94976761896396,0,0,0,0,0,0,0,0,0,0,,0,,,,,0,262.64,262.64
2017,REG+POST,00-0028987,P.Supernaw,Phillip Supernaw,TE,TE,"https://static.www.nfl.com/image/private/f_auto,q_auto/league/wltyuqbgmkisakjqkua5",5,TEN,0,0,0,0,0,0,0,0,0,0,0,0,,0,,,0,0,0,0,0,0,,0,4,6,39,1,0,0,34,15,2,-5.65076331538148,0,1.14705882352941,0.0410958904109589,0.0335305719921105,0.0851152360109157,0,9.9,13.9
2017,REG+POST,00-0029000,C.Beasley,Cole Beasley,WR,WR,"https://static.www.nfl.com/image/private/f_auto,q_auto/league/y5r0fhwctl6ljwvmktvu",15,DAL,0,0,0,0,0,0,0,0,0,0,0,0,,0,,,0,0,0,0,0,0,,0,36,63,314,4,0,0,392,125,20,-17.0826563416762,0,0.801020408163265,0.138461538461538,0.107338444687842,0.282829218973797,0,55.4,91.4
2017,REG+POST,00-0029004,L.Dunbar,Lance Dunbar,RB,RB,"https://static.www.nfl.com/image/private/f_auto,q_auto/league/mwxzuvjfvoecnoze3aty",2,LA,0,0,0,0,0,0,0,0,0,0,0,0,,0,,,11,51,1,0,0,4,2.49456162453862,0,1,3,1,0,0,0,6,1,0,-1.74561142030871,0,0.166666666666667,0.0428571428571429,0.0119760479041916,0.0726689478186484,0,11.2,12.2
2017,REG+POST,00-0029033,G.Whalen,Griff Whalen,WR,WR,"https://static.www.nfl.com/image/private/f_auto,q_auto/league/zx4nnnnmgl0kvguwpiuz",1,BAL,0,0,0,0,0,0,0,0,0,0,0,0,,0,,,0,0,0,0,0,0,,0,4,6,23,0,0,0,61,2,0,-0.894378620840143,0,0.377049180327869,0.153846153846154,0.257383966244726,0.410938007140539,0,2.3,6.3
2017,REG+POST,00-0029068,D.Coleman,Derrick Coleman,FB,RB,"https://static.www.nfl.com/image/private/f_auto,q_auto/league/jmgzlxi6qlrvvyrzkuh2",7,ATL,0,0,0,0,0,0,0,0,0,0,0,0,,0,,,2,8,0,0,0,0,-1.77638586278772,0,2,7,20,0,0,0,28,17,1,-1.27569231565576,0,0.714285714285714,0.0336538461538462,0.0146673651126244,0.0607479248096063,0,2.8,4.8
2017,REG+POST,00-0029119,D.Carrier,Derek Carrier,TE,TE,"https://static.www.nfl.com/image/private/f_auto,q_auto/league/fohbnjxhixammxtonhnd",8,LA,0,0,0,0,0,0,0,0,0,0,0,0,,0,,,0,0,0,0,0,0,,0,8,11,71,0,0,0,31,50,4,-1.36667446157662,0,2.29032258064516,0.0478260869565217,0.0191831683168317,0.0851673482565648,0,7.1,15.1
2017,REG+POST,00-0029123,M.King,Marquette King,P,SPEC,"https://static.www.nfl.com/image/private/f_auto,q_auto/league/jmklxv5zzm4vquaemfc1",2,LV,0,0,0,0,0,0,0,0,0,0,0,0,,0,,,2,-14,0,0,0,0,-7.46817370166536,0,0,0,0,0,0,0,0,0,0,,0,,,,,0,-1.4,-1.4
2017,REG+POST,00-0029137,A.Jeffery,Alshon Jeffery,WR,WR,"https://static.www.nfl.com/image/private/f_auto,q_auto/league/qrbsgwhzlsmwgkdfjryh",19,PHI,0,0,0,0,0,0,0,0,0,0,0,0,,0,,,0,0,0,0,0,0,,0,69,138,1008,12,0,0,1911,249,55,45.4530062533424,3,0.527472527472528,0.208459214501511,0.310580204778157,0.530094965096976,0,178.8,247.8
2017,REG+POST,00-0029141,A.Morris,Alfred Morris,RB,RB,"https://static.www.nfl.com/image/private/f_auto,q_auto/league/igrm4hy4pishp4rdamin",13,DAL,0,0,0,0,0,0,0,0,0,0,0,0,,0,,,115,547,1,0,0,25,1.09240020435594,0,7,9,45,0,0,0,1,44,1,0.770049752434716,0,45.0,0.0538922155688623,0.0012285012285012,0.0816982742132443,0,65.2,72.2
2017,REG+POST,00-0029159,J.Kearse,Jermaine Kearse,WR,WR,"https://static.www.nfl.com/image/private/f_auto,q_auto/league/tvnzajvst7kdglamw4t6",16,NYJ,0,0,0,0,0,0,0,0,0,0,0,0,,0,,,0,0,0,0,0,0,,0,65,102,810,5,1,0,963,295,37,26.3875919937047,0,0.841121495327103,0.205645161290323,0.246923076923077,0.481313895781638,0,111.0,176.0
2017,REG+POST,00-0029205,T.Cadet,Travaris Cadet,RB,RB,"https://static.www.nfl.com/image/private/f_auto,q_auto/league/gj0pjzj0zzefpabtuki1",7,BUF,0,0,0,0,0,0,0,0,0,0,0,0,,0,,,23,96,0,0,0,6,-0.438194997841492,0,16,19,119,0,0,0,69,86,3,0.058855448339848,0,1.72463768115942,0.0892018779342723,0.0348484848484849,0.158196756295348,0,21.5,37.5
2017,REG+POST,00-0029239,B.Bolden,Brandon Bolden,RB,RB,"https://static.www.nfl.com/image/private/f_auto,q_auto/league/kqqwz35z9brhkzbs4bcn",4,NE,0,0,0,0,0,0,0,0,0,0,0,0,,0,,,17,94,1,0,0,6,2.98773073210032,0,1,4,7,0,0,0,-5,13,1,-1.06766198389232,0,-1.4,0.102564102564103,-0.0138504155124654,0.144150862987428,0,16.1,17.1
2017,REG+POST,00-0029263,R.Wilson,Russell Wilson,QB,QB,"https://static.www.nfl.com/image/private/f_auto,q_auto/league/gebzv2aljujgleboe4ns",16,SEA,339,553,3983,34,11,43,322,8,3,5411,1599,183,27.8411228885044,2,0.736093143596378,0.10607257819579,95,586,3,6,0,35,28.5696867908231,0,0,0,0,0,0,0,0,0,0,,0,,,,,0,347.92,347.92
2017,REG+POST,00-0029269,T.Benjamin,Travis Benjamin,WR,WR,"https://static.www.nfl.com/image/private/f_auto,q_auto/league/io9silocxbywvisvcvpx",16,LAC,0,0,0,0,0,0,0,0,0,0,0,0,,0,,,13,96,0,0,0,5,5.28383734321687,0,34,65,567,4,0,0,1012,210,20,12.64121052259,0,0.560276679841897,0.113438045375218,0.212515749685006,0.318918092842332,1,96.3,130.3
2017,REG+POST,00-0029273,R.Turbin,Robert Turbin,RB,RB,"https://static.www.nfl.com/image/private/f_auto,q_auto/league/vkqpomzfvo7kei1729jm",6,IND,0,0,0,0,0,0,0,0,0,0,0,0,,0,,,23,53,1,0,0,9,-0.947421456983077,0,9,11,56,0,0,0,-11,69,3,-1.11780323165545,0,-5.09090909090909,0.0733333333333333,-0.009927797833935,0.103050541516245,0,16.9,25.9
2017,REG+POST,00-0029293,M.Jones,Marvin Jones,WR,WR,"https://static.www.nfl.com/image/private/f_auto,q_auto/league/ciy9sxefmcnwjw7ln3h2",16,DET,0,0,0,0,0,0,0,0,0,0,0,0,,0,,,0,0,0,0,0,0,,0,61,107,1101,9,0,0,1624,195,44,58.8640876648586,0,0.677955665024631,0.189380530973451,0.359610274579274,0.535797988665669,0,164.1,225.1
2017,REG+POST,00-0029304,B.Nortman,Brad Nortman,P,SPEC,"https://static.www.nfl.com/image/private/f_auto,q_auto/league/aps6fvcgwuqcpsnlkcy5",1,JAX,1,1,29,0,0,0,0,0,0,8,21,1,4.49339229252655,0,3.625,,0,0,0,0,0,0,,0,0,0,0,0,0,0,0,0,0,,0,,,,,0,1.16,1.16
2017,REG+POST,00-0029319,J.Bellamy,Josh Bellamy,WR,WR,"https://static.www.nfl.com/image/private/f_auto,q_auto/league/kgyz7lr35xl5j7oxjwlw",9,CHI,0,0,0,0,0,0,0,0,0,0,0,0,,0,,,1,6,0,0,0,0,0.281774026574567,0,24,46,376,1,0,0,574,116,17,9.66750995947772,0,0.655052264808362,0.151315789473684,0.270754716981132,0.416501986097319,0,44.2,68.2
2017,REG+POST,00-0029336,B.Golden,Brittan Golden,WR,WR,"https://static.www.nfl.com/image/private/f_auto,q_auto/league/ccqjg5sjhxmgmsvraig5",4,ARI,0,0,0,0,0,0,0,0,0,0,0,0,,0,,,0,0,0,0,0,0,,0,5,9,70,0,0,0,63,49,3,-0.845507926625718,0,1.11111111111111,0.06,0.0449678800856531,0.121477516059957,0,7.0,12.0
2017,REG+POST,00-0029384,B.Rainey,Bobby Rainey,RB,RB,"https://static.www.nfl.com/image/private/f_auto,q_auto/league/vf2lmyxgjhrah1hfed1x",3,BAL,0,0,0,0,0,0,0,0,0,0,0,0,,0,,,1,2,0,0,0,0,-0.534841666929424,0,5,7,18,0,0,0,-10,34,1,-2.8561488315926,0,-1.8,0.053030303030303,-0.0104384133611691,0.0722385651926362,1,8.0,13.0
2017,REG+POST,00-0029388,D.Thompson,Deonte Thompson,WR,WR,"https://static.www.nfl.com/image/private/f_auto,q_auto/league/bvfgozqccoo627wuitkb",16,BUF,0,0,0,0,0,0,0,0,0,0,0,0,,0,,,3,4,0,0,0,1,-1.83849519328214,0,40,75,578,2,0,0,1090,106,26,5.92879761975314,0,0.530275229357798,0.147347740667976,0.261265580057526,0.403907517042233,0,70.2,110.2
2017,REG+POST,00-0029391,S.McGrath,Sean McGrath,TE,TE,"https://static.www.nfl.com/image/private/f_auto,q_auto/league/cuxa874rsldhqt5rver9",3,LAC,0,0,0,0,0,0,0,0,0,0,0,0,,0,,,0,0,0,0,0,0,,0,4,4,46,0,0,0,30,16,3,3.56480844353791,0,1.53333333333333,0.0350877192982456,0.031813361611877,0.0749009320756823,0,4.6,8.6
2017,REG+POST,00-0029394,B.Bersin,Brenton Bersin,WR,WR,"https://static.www.nfl.com/image/private/f_auto,q_auto/league/gjkirn3lffpdr7gn8ars",7,CAR,0,0,0,0,0,0,0,0,0,0,0,0,,0,,,0,0,0,0,0,0,,0,10,16,155,0,0,0,213,35,7,0.497368420852581,0,0.727699530516432,0.0758293838862559,0.108840061318344,0.189932118752225,0,15.5,25.5
2017,REG+POST,00-0029414,O.Charles,Orson Charles,TE,TE,"https://static.www.nfl.com/image/private/f_auto,q_auto/league/shbtvc2u3xznv47nzvm2",3,KC,0,0,0,0,0,0,0,0,0,0,0,0,,0,,,0,0,0,0,0,0,,0,2,3,53,0,0,0,53,9,1,1.02212300011888,0,1.0,0.0297029702970297,0.0780559646539028,0.0991936307032765,0,5.3,7.3
2017,REG+POST,00-0029492,J.Olawale,Jamize Olawale,FB,RB,"https://static.www.nfl.com/image/private/f_auto,q_auto/league/dp7xdilrkk9f2i5ovne9",6,LV,0,0,0,0,0,0,0,0,0,0,0,0,,0,,,9,43,1,1,0,5,3.07236009908957,0,6,7,33,0,0,0,11,24,1,0.665538721135818,0,3.0,0.0409356725146199,0.0062182023742227,0.0657562504338857,0,13.6,19.6
2017,REG+POST,00-0029493,R.Quigley,Ryan Quigley,P,SPEC,"https://static.www.nfl.com/image/private/f_auto,q_auto/league/x4iusmtkekesjjq4rcvn",1,MIN,0,1,0,0,0,0,0,0,0,-1,0,0,-2.66400268184952,0,0.0,,0,0,0,0,0,0,,0,0,0,0,0,0,0,0,0,0,,0,,,,,0,0.0,0.0
2017,REG+POST,00-0029567,N.Foles,Nick Foles,QB,QB,"https://static.www.nfl.com/image/private/f_auto,q_auto/league/dxuz2ir773wylutxo7zs",10,PHI,134,207,1508,11,3,7,58,3,1,1726,735,78,37.4776647100567,0,0.87369640787949,0.1370299003316,16,1,0,5,1,1,-12.8777713650488,0,1,1,1,1,0,0,1,0,1,3.13935722468887,0,1.0,0.0227272727272727,0.0023696682464455,0.0357496768634209,0,100.52,101.52
2017,REG+POST,00-0029570,N.Ebner,Nate Ebner,SS,DB,"https://static.www.nfl.com/image/private/f_auto,q_auto/league/ygwdsa4xsqilgkgs5uk9",1,NE,0,0,0,0,0,0,0,0,0,0,0,0,,0,,,1,14,0,1,0,1,3.56437820545398,0,0,0,0,0,0,0,0,0,0,,0,,,,,0,1.4,1.4
2017,REG+POST,00-0029572,J.Wright,Jarius Wright,WR,WR,"https://static.www.nfl.com/image/private/f_auto,q_auto/league/f4xgfra44cd6qjy6havp",14,MIN,0,0,0,0,0,0,0,0,0,0,0,0,,0,,,1,4,0,0,0,0,-0.239848101511598,0,24,37,305,2,0,0,334,110,18,16.0085717463761,0,0.913173652694611,0.0769230769230769,0.102991057662658,0.187478355748476,0,42.9,66.9
2017,REG+POST,00-0029580,R.Matthews,Rishard Matthews,WR,WR,"https://static.www.nfl.com/image/private/f_auto,q_auto/league/fr7nzgwarzuorvi8cvlc",16,TEN,0,0,0,0,0,0,0,0,0,0,0,0,,0,,,1,-3,0,0,0,0,-0.990694541949779,0,57,97,837,4,0,0,1166,286,39,17.5438804653823,0,0.717838765008576,0.191321499013807,0.250483351235231,0.462320594385372,0,107.4,164.4
2017,REG+POST,00-0029587,R.Ellison,Rhett Ellison,TE,TE,"https://static.www.nfl.com/image/private/f_auto,q_auto/league/pqvmhpdoritjtp8ng7ep",12,NYG,0,0,0,0,0,0,0,0,0,0,0,0,,0,,,0,0,0,0,0,0,,0,24,32,235,2,0,0,163,131,13,12.425078690605,0,1.44171779141104,0.072234762979684,0.0497557997557998,0.143181204298586,0,35.5,59.5
2017,REG+POST,00-0029592,K.Zeitler,Kevin Zeitler,G,OL,"https://static.www.nfl.com/image/private/f_auto,q_auto/league/cvcb1r6cm3cprvdiyaef",1,CLE,0,0,0,0,0,0,0,0,0,0,0,0,,0,,,0,0,0,0,0,0,,0,1,1,-4,0,0,0,-4,0,0,-0.596557571669109,0,0.0,0.0217391304347826,-0.0086206896551724,0.0265742128935532,0,-0.4,0.6
2017,REG+POST,00-0029604,K.Cousins,Kirk Cousins,QB,QB,"https://static.www.nfl.com/image/private/f_auto,q_auto/league/viuxnyezrwdfjnxsfssb",16,WAS,347,540,4093,27,13,41,342,6,4,4153,2140,191,16.4492996373709,0,0.985552612569227,0.0789431557045854,49,179,4,7,1,17,1.74162639011668,0,0,0,0,0,0,0,0,0,0,,0,,,,,0,277.62,277.62
2017,REG+POST,00-0029608,T.Hilton,T.Y. Hilton,WR,WR,"https://static.www.nfl.com/image/private/f_auto,q_auto/league/b8kor0sgeynyd8u8cush",16,IND,0,0,0,0,0,0,0,0,0,0,0,0,,0,,,0,0,0,0,0,0,,0,57,109,966,4,2,1,1390,304,38,13.0086266852221,0,0.694964028776978,0.230932203389831,0.391549295774648,0.620482812126999,0,118.6,175.6
2017,REG+POST,00-0029613,D.Martin,Doug Martin,RB,RB,"https://static.www.nfl.com/image/private/f_auto,q_auto/league/lhazttk4tjpi7ggf7du4",11,TB,0,0,0,0,0,0,0,0,0,0,0,0,,0,,,138,406,3,1,1,21,-30.2363821125497,1,9,18,84,0,0,0,51,60,6,-1.58774496620754,0,1.64705882352941,0.0656934306569343,0.018033946251768,0.111163908361639,0,67.0,76.0
2017,REG+POST,00-0029615,L.Miller,Lamar Miller,RB,RB,"https://static.www.nfl.com/image/private/f_auto,q_auto/league/vqxh6ynpmczzfyl9kcgq",16,HOU,0,0,0,0,0,0,0,0,0,0,0,0,,0,,,238,888,3,1,0,43,-28.405613267115,0,36,45,327,3,0,0,61,295,17,13.1018030129416,0,5.36065573770492,0.0912778904665314,0.0130789022298456,0.146072067260689,0,157.5,193.5
2017,REG+POST,00-0029632,M.Sanu,Mohamed Sanu,WR,WR,"https://static.www.nfl.com/image/private/f_auto,q_auto/league/a6loroqhta6g65aqnsrk",17,ATL,1,1,51,1,0,0,0,0,0,51,0,1,4.45806786720641,0,1.0,,4,10,0,0,0,3,0.671347006136784,0,74,109,828,5,0,0,861,336,47,23.6555409272229,0,0.961672473867596,0.198905109489051,0.181760607979734,0.425590089819391,0,119.84,193.84
2017,REG+POST,00-0029634,J.Hanna,James Hanna,TE,TE,"https://static.www.nfl.com/image/private/f_auto,q_auto/league/rtnxe02klclu847zqbdq",7,DAL,0,0,0,0,0,0,0,0,0,0,0,0,,0,,,0,0,0,0,0,0,,0,4,9,88,1,0,0,88,29,4,4.89566110807937,0,1.0,0.0409090909090909,0.0471092077087794,0.094340081759782,0,14.8,18.8
2017,REG+POST,00-0029638,M.Floyd,Michael Floyd,WR,WR,"https://static.www.nfl.com/image/private/f_auto,q_auto/league/lisxjuyoo7hiux1ac4jb",11,MIN,0,0,0,0,0,0,0,0,0,0,0,0,,0,,,0,0,0,0,0,0,,0,10,18,78,0,0,0,129,34,3,-8.04206265689572,0,0.604651162790698,0.0486486486486487,0.0485875706214689,0.106984272408001,0,7.8,17.8
2017,REG+POST,00-0029640,B.Quick,Brian Quick,WR,WR,"https://static.www.nfl.com/image/private/f_auto,q_auto/league/tayczwuhluj2hyrva3cp",5,WAS,0,0,0,0,0,0,0,0,0,0,0,0,,0,,,0,0,0,0,0,0,,0,6,8,76,0,0,0,55,27,5,4.95370181812905,0,1.38181818181818,0.0467836257309942,0.0350541746335245,0.0947133608399584,0,7.6,13.6
2017,REG+POST,00-0029664,J.Gordon,Josh Gordon,WR,WR,"https://static.www.nfl.com/image/private/f_auto,q_auto/league/wwqz2ujrj7wp86tyaxof",5,CLE,0,0,0,0,0,0,0,0,0,0,0,0,,0,,,0,0,0,0,0,0,,0,18,42,335,1,0,0,699,123,12,3.63184870761708,0,0.479256080114449,0.257668711656442,0.467871485943775,0.714013107645305,0,39.5,57.5
2017,REG+POST,00-0029682,B.Osweiler,Brock Osweiler,QB,QB,"https://static.www.nfl.com/image/private/f_auto,q_auto/league/pwkmtgeitdi79qtumb2x",6,DEN,96,172,1088,5,5,10,64,2,1,1326,507,53,-22.6489439581501,2,0.82051282051282,0.0020736980559632,14,64,1,0,0,3,4.59125457546907,0,0,0,0,0,0,0,0,0,0,,0,,,,,0,67.92,67.92
2017,REG+POST,00-0029689,D.Allen,Dwayne Allen,TE,TE,"https://static.www.nfl.com/image/private/f_auto,q_auto/league/wduwt0ibzoutozuywe4b",12,NE,0,0,0,0,0,0,0,0,0,0,0,0,,0,,,0,0,0,0,0,0,,0,10,22,86,1,0,0,157,64,5,-1.0693524251692,0,0.547770700636943,0.0511627906976744,0.0393878575012544,0.10431568629739,0,14.6,24.6
2017,REG+POST,00-0029697,C.Fleener,Coby Fleener,TE,TE,"https://static.www.nfl.com/image/private/f_auto,q_auto/league/csj8khi0e2rpkvqqjmc1",11,NO,0,0,0,0,0,0,0,0,0,0,0,0,,0,,,0,0,0,0,0,0,,0,22,30,295,2,0,0,229,111,13,18.2360675357922,0,1.2882096069869,0.0817438692098093,0.0937372083503889,0.188231849659986,0,41.5,63.5
2017,REG+POST,00-0029708,K.Wright,Kendall Wright,WR,WR,"https://static.www.nfl.com/image/private/f_auto,q_auto/league/edsrjypqphqpfqezc5k9",14,CHI,0,0,0,0,0,0,0,0,0,0,0,0,,0,,,0,0,0,0,0,0,,0,59,91,614,1,0,0,707,182,33,16.9300144297446,0,0.868458274398869,0.206818181818182,0.2176054170514,0.462551064663253,0,67.4,126.4
2017,REG+POST,00-0029731,F.Whittaker,Fozzy Whittaker,RB,RB,"https://static.www.nfl.com/image/private/f_auto,q_auto/league/lyk6elzqjynnxbxe6qlr",9,CAR,0,0,0,0,0,0,0,0,0,0,0,0,,0,,,8,21,0,0,0,3,-1.86240025155712,0,5,6,47,1,0,0,-5,59,1,1.52054414426675,0,-9.4,0.0540540540540541,-0.0049751243781094,0.0775984940164045,0,12.8,17.8
2017,REG+POST,00-0029738,D.Fells,Darren Fells,TE,TE,"https://static.www.nfl.com/image/private/f_auto,q_auto/league/eh0rbweg4wbzgzpvprnv",13,DET,0,0,0,0,0,0,0,0,0,0,0,0,,0,,,0,0,0,0,0,0,,0,17,26,177,3,0,0,116,122,12,10.0634411298793,0,1.52586206896552,0.0566448801742919,0.0328054298642534,0.107931121166415,0,35.7,52.7
2017,REG+POST,00-0029740,I.Momah,Ifeanyi Momah,TE,TE,"https://static.www.nfl.com/image/private/f_auto,q_auto/league/fy1rhydnhklwwof45gm9",1,ARI,0,0,0,0,0,0,0,0,0,0,0,0,,0,,,0,0,0,0,0,0,,0,1,2,46,0,0,0,32,23,1,2.45723528135568,0,1.4375,0.0555555555555556,0.076555023923445,0.136921850079745,0,4.6,5.6
2017,REG+POST,00-0029793,B.Williams,Brandon Williams,TE,TE,"https://static.www.nfl.com/image/private/f_auto,q_auto/league/ozqjjoxr1sukcx2207hd",9,IND,0,0,0,0,0,0,0,0,0,0,0,0,,0,,,0,0,0,0,0,0,,0,13,17,121,0,0,0,87,78,4,3.38999549119035,0,1.39080459770115,0.062962962962963,0.0407685098406748,0.122982401332917,0,12.1,25.1
2017,REG+POST,00-0029795,B.Cunningham,Benny Cunningham,RB,RB,"https://static.www.nfl.com/image/private/f_auto,q_auto/league/yo9hvf3gnoxj7prmruo8",11,CHI,0,0,0,0,0,0,0,0,0,0,0,0,,0,,,9,29,0,0,0,1,-1.80317514564376,0,20,26,240,2,1,0,-14,243,9,6.1313526801567,0,-17.1428571428571,0.0833333333333333,-0.0065116279069767,0.120441860465116,0,38.9,58.9
2017,REG+POST,00-0029848,N.Williams,Nick Williams,WR,WR,"https://static.www.nfl.com/image/private/f_auto,q_auto/league/xzbqirh5sxfjtmmnrupw",2,ATL,0,0,0,0,0,0,0,0,0,0,0,0,,0,,,0,0,0,0,0,0,,0,3,5,30,0,0,0,49,5,3,-0.537604404613376,0,0.612244897959184,0.0641025641025641,0.072700296735905,0.14704405386898,0,3.0,6.0
2017,REG+POST,00-0029854,C.Anderson,C.J. Anderson,RB,RB,"https://static.www.nfl.com/image/private/f_auto,q_auto/league/jqqdxuowpdgl06zy0g0a",16,DEN,0,0,0,0,0,0,0,0,0,0,0,0,,0,,,245,1007,3,1,1,47,-24.0179941053345,0,28,40,224,1,0,0,54,215,7,-0.94074349978797,1,4.14814814814815,0.0862068965517242,0.0151218146177541,0.139895615060014,0,147.1,175.1
2017,REG+POST,00-0029878,M.Gray,MarQueis Gray,TE,TE,"https://static.www.nfl.com/image/private/f_auto,q_auto/league/pbuxaz8hy9fxow3zq5sr",6,MIA,0,1,0,0,0,0,0,0,0,5,0,0,-0.369192156940699,0,0.0,,5,14,0,0,0,3,1.76415509791696,0,1,3,10,0,0,0,15,9,1,-0.399992514634505,0,0.666666666666667,0.03125,0.0185643564356436,0.0598700495049505,0,2.4,3.4
2017,REG+POST,00-0029892,K.Juszczyk,Kyle Juszczyk,FB,RB,"https://static.www.nfl.com/image/private/f_auto,q_auto/league/eqb3lq4bip6oa5kiz1ze",13,SF,0,0,0,0,0,0,0,0,0,0,0,0,,0,,,7,31,0,0,0,4,-1.92488244001288,0,33,42,315,1,2,2,158,207,13,1.08625012844264,0,1.99367088607595,0.0927152317880795,0.0413937647367042,0.168048482997812,0,36.6,69.6
2017,REG+POST,00-0029931,Z.Line,Zach Line,FB,RB,"https://static.www.nfl.com/image/private/f_auto,q_auto/league/dddfiilg9qy54xtorb6r",8,NO,0,0,0,0,0,0,0,0,0,0,0,0,,0,,,8,29,1,0,0,6,2.1913126965519,0,3,6,15,1,0,0,25,7,1,-0.386367766128387,0,0.6,0.0365853658536585,0.0304136253041363,0.0761675864933832,0,16.4,19.4
2017,REG+POST,00-0030035,A.Thielen,Adam Thielen,WR,WR,"https://static.www.nfl.com/image/private/f_auto,q_auto/league/kmldtl8p9h7h5dzvkwsw",18,MIN,0,0,0,0,0,0,0,0,0,0,0,0,,0,,,1,11,0,0,0,1,1.23587177786976,0,100,160,1378,4,3,2,1684,454,64,30.0878548665009,0,0.818289786223278,0.263591433278418,0.371170376901036,0.655206413748353,0,158.9,258.9
2017,REG+POST,00-0030061,Z.Ertz,Zach Ertz,TE,TE,"https://static.www.nfl.com/image/private/f_auto,q_auto/league/t7my0kesdhb2iefvempm",17,PHI,0,0,0,0,0,0,0,0,0,0,0,0,,0,,,0,0,0,0,0,0,,0,92,132,1016,9,1,1,1008,320,58,45.9922967177058,0,1.00793650793651,0.226415094339623,0.18645948945616,0.470144284128746,0,153.6,245.6
2017,REG+POST,00-0030068,M.Goodwin,Marquise Goodwin,WR,WR,"https://static.www.nfl.com/image/upload/f_auto,q_auto/league/cof5bbih1o9dtnonwmjp",16,SF,0,0,0,0,0,0,0,0,0,0,0,0,,0,,,4,44,0,0,0,3,2.58319648634642,0,56,105,962,2,0,0,1544,198,46,30.6169132552635,0,0.623056994818653,0.175292153589316,0.322405512633118,0.488622089227156,0,112.6,168.6
2017,REG+POST,00-0030085,K.Stills,Kenny Stills,WR,WR,"https://static.www.nfl.com/image/private/f_auto,q_auto/league/wswn6tehkzj8mdfbablx",16,MIA,0,0,0,0,0,0,0,0,0,0,0,0,,0,,,0,0,0,0,0,0,,0,58,105,847,6,4,2,1555,159,36,14.644295740571,0,0.544694533762058,0.178571428571429,0.33198121263877,0.500243991704282,0,116.7,174.7
2017,REG+POST,00-0030089,L.Willson,Luke Willson,TE,TE,"https://static.www.nfl.com/image/private/f_auto,q_auto/league/a6zcpjyfusebcm8i3w2w",13,SEA,0,0,0,0,0,0,0,0,0,0,0,0,,0,,,0,0,0,0,0,0,,0,15,22,153,4,0,0,155,90,8,-4.3654288704271,0,0.987096774193548,0.0504587155963303,0.0371168582375479,0.101669874160779,0,39.3,54.3
2017,REG+POST,00-0030091,T.King,Tavarres King,WR,WR,"https://static.www.nfl.com/image/private/f_auto,q_auto/league/yfkwzczsoeihruafz1kg",8,NYG,0,0,0,0,0,0,0,0,0,0,0,0,,0,,,2,3,0,0,0,1,-0.398764297831804,0,18,37,240,3,0,0,462,78,11,4.37655797895137,0,0.51948051948052,0.130742049469965,0.231927710843374,0.358462471795308,0,42.3,60.3
2017,REG+POST,00-0030107,T.Riddick,Theo Riddick,RB,RB,"https://static.www.nfl.com/image/private/f_auto,q_auto/league/aptuag5ocazmionhvnt6",16,DET,0,0,0,0,0,0,0,0,0,0,0,0,,0,,,84,286,3,1,1,11,-17.6283032624051,0,53,71,444,2,0,0,69,435,20,-3.01290163796128,0,6.43478260869565,0.125663716814159,0.0152790079716563,0.199190880801398,0,101.0,154.0
2017,REG+POST,00-0030108,R.Griffin,Ryan Griffin,TE,TE,"https://static.www.nfl.com/image/private/f_auto,q_auto/league/izjfxtmk2dhzhrlwpt9g",6,HOU,0,0,0,0,0,0,0,0,0,0,0,0,,0,,,0,0,0,0,0,0,,0,13,26,158,1,0,0,255,77,8,4.44226853672105,1,0.619607843137255,0.136125654450262,0.118110236220472,0.286865647029723,0,23.8,36.8
2017,REG+POST,00-0030112,T.Bohanon,Tommy Bohanon,FB,RB,"https://static.www.nfl.com/image/private/f_auto,q_auto/league/lmoesdqqzu6v8rmnyqlk",12,JAX,0,0,0,0,0,0,0,0,0,0,0,0,,0,,,5,5,2,0,0,2,-3.34091272921069,0,8,14,77,2,0,0,39,45,5,4.17828457115684,0,1.97435897435897,0.0438871473354232,0.0160891089108911,0.0770930972407586,0,32.2,40.2
2017,REG+POST,00-0030117,K.Williams,Kerwynn Williams,RB,RB,"https://static.www.nfl.com/image/private/f_auto,q_auto/league/g8b72moacoymckyvl0ig",15,ARI,0,0,0,0,0,0,0,0,0,0,0,0,,0,,,120,426,1,0,0,20,-18.1543717346313,0,10,15,93,0,0,0,119,46,6,-3.50875181876472,0,0.781512605042017,0.0449101796407186,0.0395217535702424,0.0950304969602476,0,57.9,67.9
2017,REG+POST,00-0030147,R.Shepard,Russell Shepard,WR,WR,"https://static.www.nfl.com/image/private/f_auto,q_auto/league/gk2saq7m1jxl90g9slks",13,CAR,0,0,0,0,0,0,0,0,0,0,0,0,,0,,,2,19,0,0,0,1,1.16335874208016,0,17,34,202,1,1,0,310,106,10,3.17780888348115,0,0.651612903225806,0.0871794871794872,0.102040816326531,0.202197802197802,0,28.1,45.1
2017,REG+POST,00-0030151,T.Bray,Tyler Bray,QB,QB,"https://static.www.nfl.com/image/private/f_auto,q_auto/league/hlzuryxbamsj6di3q6ps",1,KC,0,1,0,0,0,0,0,0,0,5,0,0,-1.15612140484154,0,0.0,,1,0,0,1,1,0,-9.13074888614938,0,0,0,0,0,0,0,0,0,0,,0,,,,,0,-2.0,-2.0
2017,REG+POST,00-0030155,D.Harris,Demetrius Harris,TE,TE,"https://static.www.nfl.com/image/private/f_auto,q_auto/league/nlajcnjlosuajmqswxvl",14,KC,0,0,0,0,0,0,0,0,0,0,0,0,,0,,,0,0,0,0,0,0,,0,20,38,246,1,0,0,277,139,13,7.9309413181158,0,0.888086642599278,0.0791666666666667,0.0745024206562668,0.170901694459387,0,30.6,50.6
2017,REG+POST,00-0030181,J.Doyle,Jack Doyle,TE,TE,"https://static.www.nfl.com/image/private/f_auto,q_auto/league/h6abyvmg2g93llboizi6",15,IND,0,0,0,0,0,0,0,0,0,0,0,0,,0,,,0,0,0,0,0,0,,0,80,108,690,4,2,2,533,337,34,3.44918456863668,0,1.29455909943715,0.246013667425968,0.168831168831169,0.48720231932077,0,89.0,169.0
2017,REG+POST,00-0030216,J.Hill,Josh Hill,TE,TE,"https://static.www.nfl.com/image/private/f_auto,q_auto/league/vdva7m1fxklv6gxbsg7q",12,NO,0,0,0,0,0,0,0,0,0,0,0,0,,0,,,1,-8,0,0,0,0,-1.55164322722703,0,22,32,228,2,2,2,164,130,10,-9.55277438054327,0,1.39024390243902,0.0808080808080808,0.0571428571428571,0.161212121212121,0,30.0,52.0
2017,REG+POST,00-0030279,K.Allen,Keenan Allen,WR,WR,"https://static.www.nfl.com/image/private/f_auto,q_auto/league/xs7h2igf85nta81v7zb8",16,LAC,0,0,0,0,0,0,0,0,0,0,0,0,,0,,,2,9,0,0,0,0,0.187914902810007,0,102,159,1393,6,1,0,1434,501,74,61.4177150944593,0,0.971408647140865,0.277486910994764,0.301133977320454,0.627024150616464,0,176.2,278.2
2017,REG+POST,00-0030287,A.Ellington,Andre Ellington,RB,RB,"https://static.www.nfl.com/image/private/f_auto,q_auto/league/seb6k3tjdcgi8tqmzt2z",11,HOU,0,0,0,0,0,0,0,0,0,0,0,0,,0,,,20,55,1,0,0,3,-4.83361609159501,0,39,59,369,0,0,0,260,233,16,-9.3539569794872,0,1.41923076923077,0.136574074074074,0.0677436164669099,0.252281642637948,0,48.4,87.4
2017,REG+POST,00-0030288,R.Burkhead,Rex Burkhead,RB,RB,"https://static.www.nfl.com/image/private/f_auto,q_auto/league/ysgdnkasvp07qmrkasve",12,NE,0,0,0,0,0,0,0,0,0,0,0,0,,0,,,68,287,5,1,0,15,2.8037035446032,0,31,38,300,3,0,0,115,232,14,15.2408346070675,0,2.60869565217391,0.0853932584269663,0.0269699812382739,0.146968874507241,0,106.7,137.7
2017,REG+POST,00-0030290,C.Hamilton,Cobi Hamilton,WR,WR,"https://static.www.nfl.com/image/private/f_auto,q_auto/league/fslk4pbx1mtdjdl5zk9g",2,HOU,0,0,0,0,0,0,0,0,0,0,0,0,,0,,,0,0,0,0,0,0,,0,1,6,8,0,0,0,68,4,1,-2.50981252946076,0,0.117647058823529,0.115384615384615,0.129277566539924,0.26357121965487,0,0.8,1.8
2017,REG+POST,00-0030300,J.Brown,Jaron Brown,WR,WR,"https://static.www.nfl.com/image/private/f_auto,q_auto/league/y41u4egwigms9rg2p3ln",14,ARI,0,0,0,0,0,0,0,0,0,0,0,0,,0,,,0,0,0,0,0,0,,0,31,69,477,4,0,0,1044,91,23,7.28885566914371,0,0.456896551724138,0.134502923976608,0.212108898821617,0.350230615140044,0,71.7,102.7
2017,REG+POST,00-0030404,C.Thompson,Chris Thompson,RB,RB,"https://static.www.nfl.com/image/private/f_auto,q_auto/league/ypyldro2efcy5jcrytft",10,WAS,0,0,0,0,0,0,0,0,0,0,0,0,,0,,,64,294,2,1,0,11,-7.63179008537554,0,39,54,510,4,0,0,133,485,22,24.6010819420101,0,3.83458646616541,0.158357771260997,0.0511932255581216,0.273371914782181,0,116.4,155.4
2017,REG+POST,00-0030422,D.Sims,Dion Sims,TE,TE,"https://static.www.nfl.com/image/private/f_auto,q_auto/league/gvok1agdl3xtz9nceqfr",12,CHI,0,0,0,0,0,0,0,0,0,0,0,0,,0,,,0,0,0,0,0,0,,0,15,29,180,1,0,0,257,67,9,-4.31232065867516,0,0.700389105058366,0.0773333333333333,0.0956813104988831,0.182976917349218,0,24.0,39.0
2017,REG+POST,00-0030431,R.Woods,Robert Woods,WR,WR,"https://static.www.nfl.com/image/upload/f_auto,q_auto/league/owppysuai4ipxu5d27nu",13,LA,0,0,0,0,0,0,0,0,0,0,0,0,,0,,,2,12,0,0,0,0,0.319563522003591,0,65,99,923,5,1,1,1037,338,43,55.6449816917971,0,0.8900675024108,0.234597156398104,0.296455117209834,0.55941431664404,0,121.5,186.5
2017,REG+POST,00-0030433,M.Gillislee,Mike Gillislee,RB,RB,"https://static.www.nfl.com/image/private/f_auto,q_auto/league/bz85uuhwz2daip0avjrg",9,NE,0,0,0,0,0,0,0,0,0,0,0,0,,0,,,104,383,5,1,1,25,-15.6893544190194,0,1,1,15,0,0,0,-5,20,1,0.870245076483116,0,-3.0,0.0357142857142857,-0.0231481481481482,0.0373677248677249,0,67.8,68.8
2017,REG+POST,00-0030443,L.Toilolo,Levine Toilolo,TE,TE,"https://static.www.nfl.com/image/private/f_auto,q_auto/league/w6qnlfw0cuxest48srd0",9,ATL,0,0,0,0,0,0,0,0,0,0,0,0,,0,,,0,0,0,0,0,0,,0,13,16,134,1,0,0,89,71,6,9.94574587108218,0,1.50561797752809,0.0565371024734982,0.0414338919925512,0.113809378105033,0,19.4,32.4
2017,REG+POST,00-0030456,G.Bernard,Giovani Bernard,RB,RB,"https://static.www.nfl.com/image/private/f_auto,q_auto/league/guht9y14gftgsugb87xz",16,CIN,0,0,0,0,0,0,0,0,0,0,0,0,,0,,,105,458,2,0,0,20,-9.8108166687889,0,43,60,381,2,0,0,-52,431,16,0.519593688159871,0,-7.32692307692308,0.122950819672131,-0.0147392290249433,0.174108769190736,0,107.9,150.9
2017,REG+POST,00-0030460,M.Wheaton,Markus Wheaton,WR,WR,"https://static.www.nfl.com/image/private/f_auto,q_auto/league/hd28smxn43jzwkdikpd0",7,CHI,0,0,0,0,0,0,0,0,0,0,0,0,,0,,,0,0,0,0,0,0,,0,3,17,51,0,0,0,244,3,2,-6.23493544792291,0,0.209016393442623,0.0758928571428571,0.14778921865536,0.217291738773038,0,5.1,8.1
2017,REG+POST,00-0030465,K.Barner,Kenjon Barner,RB,RB,"https://static.www.nfl.com/image/private/f_auto,q_auto/league/n8hvbyw7vdlj7svjwqg4",9,PHI,0,0,0,0,0,0,0,0,0,0,0,0,,0,,,16,57,1,0,0,3,-3.08672484447015,0,5,8,56,0,0,0,11,52,1,-3.1578231229214,0,5.09090909090909,0.0390243902439024,0.0084745762711864,0.0644687887556842,0,17.3,22.3
2017,REG+POST,00-0030470,V.McDonald,Vance McDonald,TE,TE,"https://static.www.nfl.com/image/private/f_auto,q_auto/league/apafzol1dcqu56cqotv9",10,PIT,0,0,0,0,0,0,0,0,0,0,0,0,,0,,,0,0,0,0,0,0,,0,24,40,300,1,0,0,248,186,18,5.46716323108128,0,1.20967741935484,0.106100795755968,0.0799484203739523,0.215115087895719,0,36.0,60.0
2017,REG+POST,00-0030472,J.Reed,Jordan Reed,TE,TE,"https://static.www.nfl.com/image/private/f_auto,q_auto/league/jur0qgejd3lzv8flmxcq",6,WAS,0,0,0,0,0,0,0,0,0,0,0,0,,0,,,0,0,0,0,0,0,,0,27,35,211,2,1,0,225,72,10,8.10218573041493,0,0.937777777777778,0.169902912621359,0.151006711409396,0.360559066918616,0,33.1,60.1
2017,REG+POST,00-0030485,E.Lacy,Eddie Lacy,RB,RB,"https://static.www.nfl.com/image/private/f_auto,q_auto/league/ckn4luxcj2oc2c24fh7i",9,SEA,0,0,0,0,0,0,0,0,0,0,0,0,,0,,,69,179,0,0,0,7,-19.9525243520911,0,6,6,47,0,0,0,-4,51,2,2.64828216651222,0,-11.75,0.0405405405405405,-0.0025773195876288,0.0590066870994706,0,22.6,28.6
2017,REG+POST,00-0030496,L.Bell,Le'Veon Bell,RB,RB,"https://static.www.nfl.com/image/private/f_auto,q_auto/league/sm3ij3pcby5ciqwaaqa1",16,PIT,0,0,0,0,0,0,0,0,0,0,0,0,,0,,,337,1358,10,2,2,77,-24.4176292197257,0,95,120,751,3,1,0,58,768,36,15.9844097235512,0,12.948275862069,0.195121951219512,0.0123984608807183,0.301361849445771,0,284.9,379.9
2017,REG+POST,00-0030506,T.Kelce,Travis Kelce,TE,TE,"https://static.www.nfl.com/image/private/f_auto,q_auto/league/ryzr3vbragwe50vtj9af",16,KC,0,1,0,0,1,0,0,0,0,46,0,0,-2.99739205325022,0,0.0,,2,7,0,0,0,2,0.756889131036587,0,87,126,1104,9,0,0,1234,424,58,59.2927337616085,0,0.894651539708266,0.24,0.299441883038098,0.569609318126668,0,163.1,250.1
2017,REG+POST,00-0030513,L.Murray,Latavius Murray,RB,RB,"https://static.www.nfl.com/image/private/f_auto,q_auto/league/zepm7ghltyeqydn0qxcg",18,MIN,0,0,0,0,0,0,0,0,0,0,0,0,,0,,,241,910,9,1,0,46,-24.0975641875042,0,19,21,131,0,0,0,-30,163,5,4.22030357131735,0,-4.36666666666667,0.047085201793722,-0.0109729334308705,0.0629467492889736,0,158.1,177.1
2017,REG+POST,00-0030516,B.Butler,Brice Butler,WR,WR,"https://static.www.nfl.com/image/private/f_auto,q_auto/league/xnr2lcdlhui4vyu6z4ir",12,DAL,0,0,0,0,0,0,0,0,0,0,0,0,,0,,,0,0,0,0,0,0,,0,15,23,317,3,0,0,425,35,10,18.403742389637,0,0.745882352941177,0.0626702997275204,0.158168961667287,0.204723722758382,0,49.7,64.7
2017,REG+POST,00-0030520,M.Glennon,Mike Glennon,QB,QB,"https://static.www.nfl.com/image/private/f_auto,q_auto/league/mubobrjbeudtezxv0t0p",4,CHI,93,140,833,4,5,8,78,3,2,860,332,42,-26.4477586612782,0,0.968604651162791,0.0339961526885399,4,4,0,2,1,0,-6.96554605219356,0,0,0,0,0,0,0,0,0,0,,0,,,,,0,33.72,33.72
2017,REG+POST,00-0030521,J.Hunter,Justin Hunter,WR,WR,"https://static.www.nfl.com/image/private/f_auto,q_auto/league/jwfx9spolez2cofb3kvq",5,PIT,0,0,0,0,0,0,0,0,0,0,0,0,,0,,,0,0,0,0,0,0,,0,4,10,23,1,0,0,124,14,2,0.254489167968539,0,0.185483870967742,0.0526315789473684,0.0767326732673267,0.132660239708181,0,8.3,12.3
2017,REG+POST,00-0030524,L.Jones,Landry Jones,QB,QB,"https://static.www.nfl.com/image/private/f_auto,q_auto/league/rxewfnskdqvfmsui48ta",3,PIT,23,28,239,1,1,3,15,1,1,218,79,9,-3.83287185727386,0,1.09633027522936,0.112060838339833,8,-10,0,0,0,0,-7.57722694295808,0,0,0,0,0,0,0,0,0,0,,0,,,,,0,8.56,8.56
2017,REG+POST,00-0030525,T.Austin,Tavon Austin,WR,WR,"https://static.www.nfl.com/image/private/f_auto,q_auto/league/ulagxqgjnrft4wub0gus",14,LA,0,0,0,0,0,0,0,0,0,0,0,0,,0,,,59,270,1,0,0,9,3.49784089717895,0,13,22,47,0,0,0,46,73,2,-8.39526670975921,0,1.02173913043478,0.0782918149466192,0.0210526315789474,0.132174564525192,0,37.7,50.7
2017,REG+POST,00-0030526,E.Manuel,EJ Manuel,QB,QB,"https://static.www.nfl.com/image/private/f_auto,q_auto/league/day0kzescuwievdhlacd",2,LV,24,43,265,1,1,4,29,0,0,411,83,13,-3.14503609199599,0,0.644768856447689,0.0213192747951331,2,15,0,0,0,1,2.29964326729532,0,0,0,0,0,0,0,0,0,0,,0,,,,,0,14.1,14.1
2017,REG+POST,00-0030542,T.Williams,Terrance Williams,WR,WR,"https://static.www.nfl.com/image/private/f_auto,q_auto/league/emdrh1uwgitgnw1wytiv",16,DAL,0,0,0,0,0,0,0,0,0,0,0,0,,0,,,2,15,0,0,0,1,1.29960392648354,0,53,78,568,0,0,0,665,230,31,3.76330840245406,0,0.854135338345865,0.160824742268041,0.171745867768595,0.361459220840078,0,58.3,111.3
2017,REG+POST,00-0030549,T.Eifert,Tyler Eifert,TE,TE,"https://static.www.nfl.com/image/private/f_auto,q_auto/league/sextvbehmeu7ydutxtsu",2,CIN,0,0,0,0,0,0,0,0,0,0,0,0,,0,,,0,0,0,0,0,0,,0,4,5,46,0,0,0,47,11,2,1.96517072845018,0,0.978723404255319,0.0833333333333333,0.0910852713178295,0.188759689922481,0,4.6,8.6
2017,REG+POST,00-0030564,D.Hopkins,DeAndre Hopkins,WR,WR,"https://static.www.nfl.com/image/upload/f_auto,q_auto/league/jgatj8mtftu06pegapip",15,HOU,0,0,0,0,0,0,0,0,0,0,0,0,,0,,,0,0,0,0,0,0,,0,96,174,1378,13,1,1,2233,359,69,37.9011263125045,0,0.617107030900134,0.352941176470588,0.448844221105528,0.843602719479752,0,213.8,309.8
2017,REG+POST,00-0030565,G.Smith,Geno Smith,QB,QB,"https://static.www.nfl.com/image/private/f_auto,q_auto/league/bxp32udtvwnpu3rl2cht",2,NYG,21,36,212,1,0,3,12,2,2,203,108,8,-10.2787721802844,0,1.04433497536946,-0.0070251288476856,4,12,0,0,0,2,-1.42430534627056,0,0,0,0,0,0,0,0,0,0,,0,,,,,0,9.68,9.68
2017,REG+POST,00-0030578,C.Patterson,Cordarrelle Patterson,RB,RB,"https://static.www.nfl.com/image/private/f_auto,q_auto/league/gy2bb38cns4nxypehbqi",15,LV,0,0,0,0,0,0,0,0,0,0,0,0,,0,,,13,121,2,0,0,3,4.99768275924726,0,31,42,309,0,0,0,251,184,13,3.4244697195536,0,1.23107569721116,0.0803059273422562,0.0627656914228557,0.164394875009383,0,55.0,86.0
2017,REG+POST,00-0030656,I.Crowell,Isaiah Crowell,RB,RB,"https://static.www.nfl.com/image/private/f_auto,q_auto/league/oruiw5myfimtssv6j2ar",16,CLE,0,0,0,0,0,0,0,0,0,0,0,0,,0,,,206,853,2,1,1,38,-30.005888022657,1,28,42,182,0,0,0,-9,210,9,-10.2732199262634,0,-20.2222222222222,0.0831683168316832,-0.0021754894851341,0.123229632607931,0,115.5,143.5
2017,REG+POST,00-0030663,W.Snead,Willie Snead,WR,WR,"https://static.www.nfl.com/image/private/f_auto,q_auto/league/fr5xckiwhguuaishnbju",9,NO,0,1,0,0,0,0,0,0,0,24,0,0,-1.5374763882719,0,0.0,,0,0,0,0,0,0,,0,11,20,117,0,0,0,135,34,7,2.20715375684857,0,0.866666666666667,0.0655737704918033,0.0625579240037071,0.1421512025403,0,11.7,22.7
2017,REG+POST,00-0030668,C.West,Charcandrick West,RB,RB,"https://static.www.nfl.com/image/private/f_auto,q_auto/league/ccvw7oos9bzr4ojdiuac",13,KC,0,0,0,0,0,0,0,0,0,0,0,0,,0,,,18,72,2,0,0,4,-0.999756148434244,0,29,36,151,2,1,0,53,134,7,-2.99895808410733,0,2.84905660377359,0.0837209302325582,0.0185639229422067,0.138576141408382,0,46.3,75.3
2017,REG+POST,00-0030669,A.Wilson,Albert Wilson,WR,WR,"https://static.www.nfl.com/image/private/f_auto,q_auto/league/slythouwdcrug0poiios",14,KC,0,0,0,0,0,0,0,0,0,0,0,0,,0,,,3,6,0,0,0,1,-1.61486191407312,0,44,66,580,3,0,0,430,327,34,23.8059623316685,0,1.34883720930233,0.144736842105263,0.121024486349564,0.301822403602589,0,76.6,120.6
2017,REG+POST,00-0030670,B.Fowler,Bennie Fowler,WR,WR,"https://static.www.nfl.com/image/private/f_auto,q_auto/league/nfcmdcfhjf347rw1cstq",14,DEN,0,0,0,0,0,0,0,0,0,0,0,0,,0,,,0,0,0,0,0,0,,0,29,56,350,3,0,0,574,107,18,-12.105702218677,0,0.609756097560976,0.112449799196787,0.142644135188867,0.268525593427388,0,53.0,82.0
2017,REG+POST,00-0030710,T.Burton,Trey Burton,TE,TE,"https://static.www.nfl.com/image/private/f_auto,q_auto/league/vt2ce0szit4ozyh5s5iw",15,PHI,1,1,1,1,0,0,0,0,0,1,0,1,3.13935722468887,0,1.0,,0,0,0,0,0,0,,0,24,35,260,5,0,0,375,40,15,16.9287043244985,1,0.693333333333333,0.0709939148073022,0.0842318059299191,0.165453136361897,0,62.04,86.04
2017,REG+POST,00-0030711,D.Fluellen,David Fluellen,RB,RB,"https://static.www.nfl.com/image/private/f_auto,q_auto/league/hw3jqryjpuw3hhackwsm",3,TEN,0,0,0,0,0,0,0,0,0,0,0,0,,0,,,4,21,0,0,0,1,-0.796013991115615,0,0,1,0,0,0,0,3,0,0,-2.30337315617362,0,0.0,0.027027027027027,0.0103448275862069,0.0477819198508854,0,2.1,2.1
2017,REG+POST,00-0030737,F.Martino,Freddie Martino,WR,WR,"https://static.www.nfl.com/image/private/f_auto,q_auto/league/ztiguqllxmcbjynsqwn9",5,TB,0,0,0,0,0,0,0,0,0,0,0,0,,0,,,0,0,0,0,0,0,,0,5,6,96,0,0,0,86,15,4,7.02057889868235,0,1.11627906976744,0.0331491712707182,0.0446985446985447,0.0810127381950586,0,9.6,14.6
2017,REG+POST,00-0030741,R.Nix,Roosevelt Nix,FB,RB,"https://static.www.nfl.com/image/private/f_auto,q_auto/league/ibpity8hbzwonppqziyb",4,PIT,0,0,0,0,0,0,0,0,0,0,0,0,,0,,,3,0,1,0,0,1,-4.37803271575831,0,2,3,6,1,0,0,3,3,1,-0.451286317780614,0,2.0,0.0229007633587786,0.0041724617524339,0.0372718682648717,0,12.6,14.6
2017,REG+POST,00-0030743,B.Reedy,Bernard Reedy,WR,WR,"https://static.www.nfl.com/image/private/f_auto,q_auto/league/k7eh7jzkdhobq4ziac2r",4,TB,0,0,0,0,0,0,0,0,0,0,0,0,,0,,,3,17,0,0,0,1,0.143817100441083,0,2,2,21,0,0,0,13,8,1,1.04911878029816,0,1.61538461538462,0.0298507462686567,0.0548523206751055,0.0831727438755589,0,3.8,5.8
2017,REG+POST,00-0030780,R.Hewitt,Ryan Hewitt,TE,TE,"https://static.www.nfl.com/image/private/f_auto,q_auto/league/egbpiaml7idnpcxa1x8q",2,CIN,0,0,0,0,0,0,0,0,0,0,0,0,,0,,,0,0,0,0,0,0,,0,2,2,22,0,0,0,14,8,1,1.0374614149332,0,1.57142857142857,0.0303030303030303,0.0972222222222222,0.113510101010101,0,2.2,4.2
2017,REG+POST,00-0030801,B.Coleman,Brandon Coleman,WR,WR,"https://static.www.nfl.com/image/private/f_auto,q_auto/league/mudu6l15nmg2cfvljd0d",15,NO,0,0,0,0,0,0,0,0,0,0,0,0,,0,,,0,0,0,0,0,0,,0,27,42,408,3,3,2,378,153,17,1.50719434412895,0,1.07936507936508,0.0841683366733467,0.112399643175736,0.204932255233035,0,54.8,81.8
2017,REG+POST,00-0030821,A.Hurns,Allen Hurns,WR,WR,"https://static.www.nfl.com/image/private/f_auto,q_auto/league/ficrwzwu4bfswpzu61fv",13,JAX,0,0,0,0,0,0,0,0,0,0,0,0,,0,,,0,0,0,0,0,0,,0,46,66,576,2,0,0,632,206,33,25.8662144877176,0,0.911392405063291,0.164588528678304,0.197623514696685,0.385219253305136,0,69.6,115.6
2017,REG+POST,00-0030860,O.Darkwa,Orleans Darkwa,RB,RB,"https://static.www.nfl.com/image/private/f_auto,q_auto/league/tumagun0uid3uujm4kkg",15,NYG,0,0,0,0,0,0,0,0,0,0,0,0,,0,,,171,751,5,1,0,33,-9.49295348378736,1,19,28,116,0,0,0,6,118,7,-0.881056275160518,0,19.3333333333333,0.0549019607843137,0.0018309429356118,0.0836346012313989,0,118.7,137.7
2017,REG+POST,00-0030874,D.Williams,Damien Williams,RB,RB,"https://static.www.nfl.com/image/private/f_auto,q_auto/league/ga4vusnfwfvhp2ksqw7x",10,MIA,0,0,0,0,0,0,0,0,0,0,0,0,,0,,,46,181,0,0,0,7,-14.8237955071963,0,20,28,155,1,0,0,22,153,10,1.4647431268003,0,7.04545454545455,0.0779944289693593,0.010377358490566,0.124255794397435,0,39.6,59.6
2017,REG+POST,00-0030968,K.Smith,Keith Smith,FB,RB,"https://static.www.nfl.com/image/private/f_auto,q_auto/league/jolwasweebgk37nkl7ia",4,DAL,0,0,0,0,0,0,0,0,0,0,0,0,,0,,,0,0,0,0,0,0,,0,5,5,26,0,0,0,4,22,2,0.861677263443526,0,6.5,0.040650406504065,0.0047846889952153,0.0643248920527483,0,2.6,7.6
2017,REG+POST,00-0031001,J.Janis,Jeff Janis,WR,WR,"https://static.www.nfl.com/image/private/f_auto,q_auto/league/fldhv9nvnmafss3r9tn2",2,GB,0,0,0,0,0,0,0,0,0,0,0,0,,0,,,0,0,0,0,0,0,,0,2,5,12,0,0,0,107,0,1,-1.89843492165433,0,0.11214953271028,0.0704225352112676,0.15307582260372,0.212786878639505,0,1.2,3.2
2017,REG+POST,00-0031021,J.Abbrederis,Jared Abbrederis,WR,WR,"https://static.www.nfl.com/image/private/f_auto,q_auto/league/p5gqmcyci9youm2r6oeb",2,DET,0,0,0,0,0,0,0,0,0,0,0,0,,0,,,0,0,0,0,0,0,,0,3,7,44,0,0,0,47,28,2,1.05396233035049,0,0.936170212765957,0.0813953488372093,0.0863970588235294,0.182570964432285,0,4.4,7.4
2017,REG+POST,00-0031025,M.Campanaro,Michael Campanaro,WR,WR,"https://static.www.nfl.com/image/private/f_auto,q_auto/league/zpr9fkukakcfyfefypf7",11,BAL,0,0,0,0,0,0,0,0,0,0,0,0,,0,,,5,42,0,0,0,2,1.74675092825782,0,19,27,173,1,0,0,151,81,11,6.67550196621046,0,1.14569536423841,0.0791788856304985,0.0665491405905685,0.165352726859146,1,33.5,52.5
2017,REG+POST,00-0031035,X.Grimble,Xavier Grimble,TE,TE,"https://static.www.nfl.com/image/private/f_auto,q_auto/league/crjwhcfk4bt6dqojjppj",7,PIT,0,0,0,0,0,0,0,0,0,0,0,0,,0,,,0,0,0,0,0,0,,0,5,10,32,1,0,0,73,16,2,-3.62762334107538,0,0.438356164383562,0.0347222222222222,0.0346958174904943,0.0763704055766794,0,9.2,14.2
2017,REG+POST,00-0031044,T.Niklas,Troy Niklas,TE,TE,"https://static.www.nfl.com/image/private/f_auto,q_auto/league/cfkufqkxuqf9htsyqfxj",11,ARI,0,0,0,0,0,0,0,0,0,0,0,0,,0,,,0,0,0,0,0,0,,0,11,23,132,1,0,0,181,56,6,1.86400844673494,0,0.729281767955801,0.0579345088161209,0.0464817668207499,0.119438999998706,0,19.2,30.2
2017,REG+POST,00-0031045,C.Hyde,Carlos Hyde,RB,RB,"https://static.www.nfl.com/image/private/f_auto,q_auto/league/qpmv42ldpkpdf1gpgeua",16,SF,0,0,0,0,0,0,0,0,0,0,0,0,,0,,,240,938,8,2,1,44,-28.7772670370739,0,59,88,350,0,0,0,163,322,17,-17.4272495959541,0,2.14723926380368,0.146911519198664,0.0359505955006617,0.24553269564846,0,174.8,233.8
2017,REG+POST,00-0031051,J.Brown,John Brown,WR,WR,"https://static.www.nfl.com/image/private/f_auto,q_auto/league/xwyc2a0qfdxbbct6lso6",10,ARI,0,0,0,0,0,0,0,0,0,0,0,0,,0,,,1,10,0,0,0,1,0.73947356780991,0,21,55,299,3,0,0,848,59,15,-2.66333100801497,0,0.352594339622642,0.14745308310992,0.231314784506274,0.383099973819271,0,48.9,69.9
2017,REG+POST,00-0031055,A.Williams,Andre Williams,RB,RB,"https://static.www.nfl.com/image/private/f_auto,q_auto/league/bkjjrp3sdtq2ubuzywyd",2,LAC,0,0,0,0,0,0,0,0,0,0,0,0,,0,,,9,25,0,0,0,0,-2.6572128906846,0,0,0,0,0,0,0,0,0,0,,0,,,,,0,2.5,2.5
2017,REG+POST,00-0031060,D.Thomas,De'Anthony Thomas,WR,WR,"https://static.www.nfl.com/image/private/f_auto,q_auto/league/ubevvtu8f1snobsxnnwl",9,KC,0,0,0,0,0,0,0,0,0,0,0,0,,0,,,1,4,0,0,0,0,-0.305184491560794,0,14,16,143,2,0,0,121,73,4,0.515703491729681,0,1.18181818181818,0.0538720538720539,0.0551755585955312,0.119430971824953,0,26.7,40.7
2017,REG+POST,00-0031062,J.White,James White,RB,RB,"https://static.www.nfl.com/image/private/f_auto,q_auto/league/z1nnkmnstccnqya5d5ee",17,NE,0,0,0,0,0,0,0,0,0,0,0,0,,0,,,57,231,3,0,0,10,-4.32926806870917,0,65,90,501,4,0,0,189,417,31,9.07750528923378,0,2.65079365079365,0.13719512195122,0.0325077399380805,0.228548100883486,0,115.2,180.2
2017,REG+POST,00-0031064,T.Savage,Tom Savage,QB,QB,"https://static.www.nfl.com/image/private/f_auto,q_auto/league/ovqvn8ei0thwn7si83n8",8,HOU,125,223,1412,5,6,21,159,8,7,1966,552,68,-48.3751283730409,0,0.718209562563581,0.0035345923293762,4,2,0,0,0,0,-0.937495338032022,0,0,0,0,0,0,0,0,0,0,,0,,,,,0,50.68,50.68
2017,REG+POST,00-0031068,R.Grant,Ryan Grant,WR,WR,"https://static.www.nfl.com/image/private/f_auto,q_auto/league/im7fnk7uti759btkrdok",16,WAS,0,0,0,0,0,0,0,0,0,0,0,0,,0,,,0,0,0,0,0,0,,0,45,65,573,4,0,0,631,235,29,25.5783716030869,0,0.908082408874802,0.121722846441948,0.152562862669246,0.289378273531393,0,81.3,126.3
2017,REG+POST,00-0031070,N.Berhe,Nat Berhe,SS,DB,"https://static.www.nfl.com/image/private/f_auto,q_auto/league/ijj50b4va1w0fcwxd7yw",1,NYG,0,0,0,0,0,0,0,0,0,0,0,0,,0,,,1,2,0,0,0,1,2.06947745592333,0,0,0,0,0,0,0,0,0,0,,0,,,,,0,0.2,0.2
2017,REG+POST,00-0031075,A.Blue,Alfred Blue,RB,RB,"https://static.www.nfl.com/image/private/f_auto,q_auto/league/qt9zmmipmlcin4gxs8wt",8,HOU,0,0,0,0,0,0,0,0,0,0,0,0,,0,,,71,262,1,0,0,10,-7.96405379446304,0,7,9,54,0,0,0,9,42,4,1.874574164127,0,6.0,0.0656934306569343,0.0111801242236025,0.106366232941923,0,37.6,44.6
2017,REG+POST,00-0031076,D.Fales,David Fales,QB,QB,"https://static.www.nfl.com/image/private/f_auto,q_auto/league/izwtweargevmjanrafe3",2,MIA,29,43,265,1,1,1,8,0,0,278,166,15,-1.40420576730285,0,0.953237410071942,0.0513012176824145,4,8,1,0,0,1,0.318728507350897,0,0,0,0,0,0,0,0,0,0,,0,,,,,0,19.4,19.4
2017,REG+POST,00-0031079,P.O'Donnell,Pat O'Donnell,P,SPEC,"https://static.www.nfl.com/image/upload/f_auto,q_auto/league/winapvs0xg8c3eaq2sak",1,CHI,1,1,38,1,0,0,0,0,0,7,31,1,6.29359512636438,0,5.42857142857143,,0,0,0,0,0,0,,0,0,0,0,0,0,0,0,0,0,,0,,,,,0,5.52,5.52
2017,REG+POST,00-0031085,J.Prosch,Jay Prosch,RB,RB,"https://static.www.nfl.com/image/private/f_auto,q_auto/league/qfxm205gqvzzpy0z2oyw",4,HOU,0,0,0,0,0,0,0,0,0,0,0,0,,0,,,0,0,0,0,0,0,,0,4,4,31,0,0,0,4,27,1,1.67936199321412,0,7.75,0.032,0.0033250207813798,0.0503275145469659,0,3.1,7.1
2017,REG+POST,00-0031102,K.Bibbs,Kapri Bibbs,RB,RB,"https://static.www.nfl.com/image/private/f_auto,q_auto/league/yvqplagyljhiso4imgiq",3,WAS,0,0,0,0,0,0,0,0,0,0,0,0,,0,,,21,79,0,0,0,4,-2.04976554360474,0,14,17,128,1,0,0,6,128,4,2.91309876882588,0,21.3333333333333,0.17,0.0072992700729927,0.260109489051095,0,26.7,40.7
2017,REG+POST,00-0031120,A.Taylor,Adarius Taylor,MLB,LB,"https://static.www.nfl.com/image/private/f_auto,q_auto/league/cbjab8j471e54aasbppk",1,TB,0,0,0,0,0,0,0,0,0,0,0,0,,0,,,0,0,0,0,0,0,,0,0,0,0,0,0,0,0,0,0,,0,,,,,1,6.0,6.0
2017,REG+POST,00-0031151,M.Williams,Marcus Williams,CB,DB,"https://static.www.nfl.com/image/private/f_auto,q_auto/league/sccvxg0jlpslahqpuvgb",1,NYJ,0,0,0,0,0,0,0,0,0,0,0,0,,0,,,0,0,0,0,0,0,,0,1,1,31,0,0,0,6,25,1,2.48630293936003,0,5.16666666666667,0.032258064516129,0.0307692307692308,0.0699255583126551,0,3.1,4.1
2017,REG+POST,00-0031166,S.Roberts,Seth Roberts,WR,WR,"https://static.www.nfl.com/image/private/f_auto,q_auto/league/wcralkq5mcdpsmjvkatl",15,LV,0,0,0,0,0,0,0,0,0,0,0,0,,0,,,0,0,0,0,0,0,,0,43,65,455,1,2,2,643,104,22,-0.611451533442776,0,0.707620528771384,0.129224652087475,0.149778709527137,0.298682074800209,0,47.5,90.5
2017,REG+POST,00-0031189,T.Jones,T.J. Jones,WR,WR,"https://static.www.nfl.com/image/private/f_auto,q_auto/league/fqv9h42uxtxjl7jjs2dt",11,DET,0,0,0,0,0,0,0,0,0,0,0,0,,0,,,0,0,0,0,0,0,,0,30,49,399,1,0,0,507,77,22,17.4428540764364,1,0.78698224852071,0.118932038834951,0.161877394636015,0.291712234497638,0,47.9,77.9
2017,REG+POST,00-0031209,S.Perry,Senorise Perry,RB,RB,"https://static.www.nfl.com/image/private/f_auto,q_auto/league/oswxcmdccm8me6v2n6ao",2,MIA,0,0,0,0,0,0,0,0,0,0,0,0,,0,,,8,30,0,0,0,2,-0.93036800425034,0,1,1,3,0,0,0,3,0,0,-0.28061683953274,0,1.0,0.0232558139534884,0.0111111111111111,0.0426614987080103,0,3.3,4.3
2017,REG+POST,00-0031228,T.Gabriel,Taylor Gabriel,WR,WR,"https://static.www.nfl.com/image/private/f_auto,q_auto/league/nc4aoax8j5mnnrjewu7p",17,ATL,0,0,0,0,0,0,0,0,0,0,0,0,,0,,,8,49,0,0,0,3,-0.789742956752889,0,35,54,382,1,0,0,522,231,17,-0.374663673118828,0,0.731800766283525,0.0976491862567812,0.105839416058394,0.220561370626048,0,49.1,84.1
2017,REG+POST,00-0031235,O.Beckham,Odell Beckham,WR,WR,"https://static.www.nfl.com/image/private/f_auto,q_auto/league/etl34lkiscs2lpc4to2f",4,NYG,0,0,0,0,0,0,0,0,0,0,0,0,,0,,,1,8,0,0,0,0,0.512132173636928,0,25,41,302,3,0,0,520,65,15,7.83514325504775,0,0.580769230769231,0.25,0.383198231392778,0.643238761974945,0,49.0,74.0
2017,REG+POST,00-0031236,B.Cooks,Brandin Cooks,WR,WR,"https://static.www.nfl.com/image/private/f_auto,q_auto/league/wy6qidqm8jjp6buvu3lp",19,NE,0,0,0,0,0,0,0,0,0,0,0,0,,0,,,10,41,0,0,0,2,-3.02699524672266,0,75,133,1237,7,0,0,2084,257,51,43.5439681645638,1,0.593570057581574,0.183955739972338,0.312022757897889,0.494349540487029,0,171.8,246.8
2017,REG+POST,00-0031237,T.Bridgewater,Teddy Bridgewater,QB,QB,"https://static.www.nfl.com/image/private/f_auto,q_auto/league/q5p8afhezmpvc1xbwibf",1,MIN,0,2,0,0,1,0,0,0,0,7,0,0,-7.34884924441576,0,0.0,,3,-3,0,0,0,0,0.0,0,0,0,0,0,0,0,0,0,0,,0,,,,,0,-2.3,-2.3
2017,REG+POST,00-0031257,P.Richardson,Paul Richardson,WR,WR,"https://static.www.nfl.com/image/private/f_auto,q_auto/league/jxsldwomavxfbs7gueqt",16,SEA,0,0,0,0,0,0,0,0,0,0,0,0,,0,,,0,0,0,0,0,0,,0,44,80,703,6,0,0,1210,125,33,28.655542775516,0,0.58099173553719,0.152091254752852,0.231224918784636,0.389994325278523,0,106.3,150.3
2017,REG+POST,00-0031260,L.Thomas,Logan Thomas,TE,TE,"https://static.www.nfl.com/image/private/f_auto,q_auto/league/acm0ymhqdzqxdibwjphv",6,BUF,0,0,0,0,0,0,0,0,0,0,0,0,,0,,,0,0,0,0,0,0,,0,8,11,72,1,0,0,76,11,2,-2.27583604416577,0,0.947368421052632,0.0541871921182266,0.0465401102265769,0.113858865335944,0,13.2,21.2
2017,REG+POST,00-0031273,C.Brate,Cameron Brate,TE,TE,"https://static.www.nfl.com/image/private/f_auto,q_auto/league/jhioqec65qy4z7s6w9a6",16,TB,0,0,0,0,0,0,0,0,0,0,0,0,,0,,,0,0,0,0,0,0,,0,48,77,591,6,0,0,711,143,33,22.42257482541,0,0.831223628691983,0.129194630872483,0.115854652110152,0.274890202785831,0,95.1,143.1
2017,REG+POST,00-0031277,B.Oliver,Branden Oliver,RB,RB,"https://static.www.nfl.com/image/private/f_auto,q_auto/league/wuvcmhjtwgqanezt6f79",8,LAC,0,0,0,0,0,0,0,0,0,0,0,0,,0,,,35,83,0,0,0,6,-7.98084860527888,0,6,11,26,0,0,0,-5,31,2,-8.57251448644092,0,-5.2,0.05,-0.0030581039755351,0.0728593272171254,0,10.9,16.9
2017,REG+POST,00-0031280,D.Carr,Derek Carr,QB,QB,"https://static.www.nfl.com/image/private/f_auto,q_auto/league/cffbp9sqfioxa2jk2oqf",15,LV,323,515,3496,22,13,20,101,4,1,4244,1603,165,24.070431365867,2,0.823751178133836,0.067056982346104,23,66,0,4,1,5,-9.5218989001005,0,0,0,0,0,0,0,0,0,0,,0,,,,,0,208.44,208.44
2017,REG+POST,00-0031285,D.Freeman,Devonta Freeman,RB,RB,"https://static.www.nfl.com/image/private/f_auto,q_auto/league/vjhvfwypu1byxfo2uvki",16,ATL,0,0,0,0,0,0,0,0,0,0,0,0,,0,,,224,938,8,4,1,52,-18.9692843720798,0,42,54,346,2,0,0,95,266,19,10.0655412191993,0,3.6421052631579,0.11587982832618,0.0236730625467232,0.190390886271977,0,186.4,228.4
2017,REG+POST,00-0031288,A.McCarron,AJ McCarron,QB,QB,"https://static.www.nfl.com/image/private/f_auto,q_auto/league/fvakqnmsg35llkcme11h",2,CIN,7,14,66,0,0,1,9,0,0,105,57,3,-2.58903009508504,0,0.628571428571429,-0.053464267227355,0,0,0,0,0,0,,0,0,0,0,0,0,0,0,0,0,,0,,,,,0,2.64,2.64
2017,REG+POST,00-0031299,J.Matthews,Jordan Matthews,TE,TE,"https://static.www.nfl.com/image/private/f_auto,q_auto/league/lzmaxofoalitaiiuchm7",10,BUF,0,0,0,0,0,0,0,0,0,0,0,0,,0,,,0,0,0,0,0,0,,0,25,36,282,1,1,1,253,124,14,13.7966873290308,0,1.11462450592885,0.125435540069686,0.100716560509554,0.258654902461218,0,32.2,57.2
2017,REG+POST,00-0031301,J.Hill,Jeremy Hill,RB,RB,"https://static.www.nfl.com/image/private/f_auto,q_auto/league/rafvidcbp023aupumccx",7,CIN,0,0,0,0,0,0,0,0,0,0,0,0,,0,,,37,116,0,1,0,5,-4.51712648081593,0,4,4,16,0,0,0,-14,30,1,-0.130086909397505,0,-1.14285714285714,0.0344827586206897,-0.0212121212121212,0.0368756530825496,0,13.2,17.2
2017,REG+POST,00-0031302,C.Fiedorowicz,C.J. Fiedorowicz,TE,TE,"https://static.www.nfl.com/image/private/f_auto,q_auto/league/syuzjdnhzquetrf9jqvp",5,HOU,0,0,0,0,0,0,0,0,0,0,0,0,,0,,,0,0,0,0,0,0,,0,14,22,127,0,0,0,181,37,7,-4.74791837734846,0,0.701657458563536,0.117021276595745,0.113125,0.254719414893617,0,12.7,26.7
2017,REG+POST,00-0031315,M.Hazel,Matt Hazel,WR,WR,"https://static.www.nfl.com/image/private/f_auto,q_auto/league/ijcfzgvm0l5cmtleaejy",1,IND,0,0,0,0,0,0,0,0,0,0,0,0,,0,,,0,0,0,0,0,0,,0,1,1,1,0,0,0,-1,2,0,-1.20810720394366,0,0.0,0.0476190476190476,-0.0045045045045045,0.0682754182754183,0,0.1,1.1
2017,REG+POST,00-0031325,S.Watkins,Sammy Watkins,WR,WR,"https://static.www.nfl.com/image/private/f_auto,q_auto/league/nkqk4ac4uncxocqlgp2k",16,LA,0,0,0,0,0,0,0,0,0,0,0,0,,0,,,0,0,0,0,0,0,,0,40,74,616,8,0,0,1115,190,34,28.6416833202035,0,0.552466367713005,0.142034548944338,0.266046289668337,0.399284226184343,0,109.6,149.6
2017,REG+POST,00-0031326,B.Ellington,Bruce Ellington,WR,WR,"https://static.www.nfl.com/image/private/f_auto,q_auto/league/qqlup3kfumh2ifrixmfn",11,HOU,0,0,0,0,0,0,0,0,0,0,0,0,,0,,,3,17,0,0,0,1,0.0556068186997436,0,29,57,330,2,1,0,562,136,14,0.469968417630298,0,0.587188612099644,0.147286821705426,0.143660531697342,0.321492604746279,0,46.7,75.7
2017,REG+POST,00-0031332,F.Toussaint,Fitzgerald Toussaint,RB,RB,"https://static.www.nfl.com/image/private/f_auto,q_auto/league/rckiakioqzv7cjqaeg1d",2,PIT,0,0,0,0,0,0,0,0,0,0,0,0,,0,,,6,25,0,0,0,1,0.774139144748915,0,2,3,9,0,0,0,-9,12,1,-0.759831691510044,0,-1.0,0.111111111111111,-0.0420560747663551,0.137227414330218,0,3.4,5.4
2017,REG+POST,00-0031339,D.Moncrief,Donte Moncrief,WR,WR,"https://static.www.nfl.com/image/private/f_auto,q_auto/league/iippulnxfyjgrlj2p5qw",12,IND,0,0,0,0,0,0,0,0,0,0,0,0,,0,,,0,0,0,0,0,0,,0,26,47,391,2,0,0,641,79,22,17.1913140542468,0,0.609984399375975,0.128065395095368,0.227789623312011,0.35155082896146,0,51.1,77.1
2017,REG+POST,00-0031344,C.Latimer,Cody Latimer,WR,WR,"https://static.www.nfl.com/image/private/f_auto,q_auto/league/whgchcrp9pqx0waocewu",10,DEN,0,0,0,0,0,0,0,0,0,0,0,0,,0,,,0,0,0,0,0,0,,0,19,31,287,2,0,0,324,64,15,11.1384081857532,1,0.885802469135803,0.0906432748538012,0.108688359610869,0.21204676400831,0,42.7,61.7
2017,REG+POST,00-0031345,J.Garoppolo,Jimmy Garoppolo,QB,QB,"https://static.www.nfl.com/image/private/f_auto,q_auto/league/dielobmypljj7e27eiob",6,SF,120,178,1560,7,5,8,57,0,0,1572,721,78,57.6369279603174,0,0.99236641221374,0.204324763997965,15,11,1,1,0,3,1.54516091577367,0,1,1,-6,0,0,0,-6,0,0,-1.45439320930745,0,0.0,0.0238095238095238,-0.0169971671388102,0.0238162687171186,0,86.9,87.9
2017,REG+POST,00-0031359,K.Benjamin,Kelvin Benjamin,WR,WR,"https://static.www.nfl.com/image/private/f_auto,q_auto/league/ygtlhauauds9yoyatu5e",15,BUF,0,0,0,0,0,0,0,0,0,0,0,0,,0,,,0,0,0,0,0,0,,0,48,79,680,3,0,0,892,142,30,16.3301733095138,0,0.762331838565022,0.166666666666667,0.216873328470703,0.401811329929492,0,86.0,134.0
2017,REG+POST,00-0031363,M.Palardy,Michael Palardy,P,SPEC,"https://static.www.nfl.com/image/private/f_auto,q_auto/league/hoxfeahxcb9sbz83nose",1,CAR,0,1,0,0,0,0,0,1,0,6,0,0,-2.96294311713427,0,0.0,,0,0,0,0,0,0,,0,0,0,0,0,0,0,0,0,0,,0,,,,,0,0.0,0.0
2017,REG+POST,00-0031373,M.Bryant,Martavis Bryant,WR,WR,"https://static.www.nfl.com/image/private/f_auto,q_auto/league/davxza3iibzg7aw6c5jm",16,PIT,0,0,0,0,0,0,0,0,0,0,0,0,,0,,,6,22,0,0,0,0,-1.31689214752987,0,52,88,681,4,0,0,1347,192,32,26.1698131068096,1,0.505567928730512,0.144026186579378,0.254824063564132,0.394416124363959,0,96.3,148.3
2017,REG+POST,00-0031375,T.West,Terrance West,RB,RB,"https://static.www.nfl.com/image/private/f_auto,q_auto/league/vzmf3p3k4ywfa5vjn9za",5,BAL,0,0,0,0,0,0,0,0,0,0,0,0,,0,,,39,138,2,1,1,11,-8.06214841574547,0,2,4,23,0,0,0,6,21,2,-2.88163164188154,0,3.83333333333333,0.051948051948052,0.0218181818181818,0.0931948051948052,0,26.1,28.1
2017,REG+POST,00-0031376,J.McKinnon,Jerick McKinnon,RB,RB,"https://static.www.nfl.com/image/private/f_auto,q_auto/league/yezxe2j778cndbhkxwez",18,MIN,0,0,0,0,0,0,0,0,0,0,0,0,,0,,,168,644,4,2,2,29,-35.1460708340302,1,65,84,513,2,0,0,-5,570,26,-0.353315168600091,0,-102.6,0.13838550247117,-0.0011020498126515,0.206806818837898,0,149.7,214.7
2017,REG+POST,00-0031381,D.Adams,Davante Adams,WR,WR,"https://static.www.nfl.com/image/private/f_auto,q_auto/league/grvqvmdzu2lsbgvqoxku",14,GB,0,0,0,0,0,0,0,0,0,0,0,0,,0,,,0,0,0,0,0,0,,0,74,117,885,10,0,0,1137,338,45,53.2408788641264,0,0.778364116094987,0.242236024844721,0.338796185935638,0.600511367422027,0,148.5,222.5
2017,REG+POST,00-0031382,J.Landry,Jarvis Landry,WR,WR,"https://static.www.nfl.com/image/private/f_auto,q_auto/league/w2q9uwsjvgadwyvnvopb",16,MIA,0,1,0,0,0,0,0,0,0,11,0,0,-0.427772035938688,0,0.0,,1,-7,0,0,0,0,-1.48486251069698,0,112,161,987,9,3,2,956,498,60,4.92631484961801,0,1.03242677824268,0.273809523809524,0.220225754434462,0.564872313818409,0,148.0,260.0
2017,REG+POST,00-0031384,R.Rodgers,Richard Rodgers,TE,TE,"https://static.www.nfl.com/image/private/f_auto,q_auto/league/l9zei9dkcmbml3q1nshk",9,GB,0,0,0,0,0,0,0,0,0,0,0,0,,0,,,0,0,0,0,0,0,,0,12,19,160,1,0,0,131,89,6,6.12811143521685,0,1.22137404580153,0.0612903225806452,0.063468992248062,0.136363778444611,0,22.0,34.0
2017,REG+POST,00-0031387,E.Ebron,Eric Ebron,TE,TE,"https://static.www.nfl.com/image/private/f_auto,q_auto/league/uaxsxymncppase7ihczd",16,DET,0,0,0,0,0,0,0,0,0,0,0,0,,0,,,0,0,0,0,0,0,,0,53,86,574,4,1,1,629,258,30,8.1648167545601,0,0.912559618441971,0.152212389380531,0.139282550930027,0.325816369721815,0,79.4,132.4
2017,REG+POST,00-0031390,C.Sims,Charles Sims,RB,RB,"https://static.www.nfl.com/image/private/f_auto,q_auto/league/w1yff81pb8rfp9sytx5l",15,TB,0,0,0,0,0,0,0,0,0,0,0,0,,0,,,21,95,0,0,0,6,0.0303388125030324,0,35,47,249,1,1,1,155,206,12,-7.26530820189602,0,1.60645161290323,0.0839285714285714,0.0287249814677539,0.146000344170285,0,38.4,73.4
2017,REG+POST,00-0031407,B.Bortles,Blake Bortles,QB,QB,"https://static.www.nfl.com/image/private/f_auto,q_auto/league/jvoui3bptgsfvgkz5e1b",19,JAX,364,608,4281,24,13,29,155,8,3,4731,2216,226,39.3319219894306,3,0.904882688649334,0.0766025907266462,74,443,2,5,0,27,22.3461356766057,0,0,0,0,0,0,0,0,0,0,,0,,,,,0,297.54,297.54
2017,REG+POST,00-0031408,M.Evans,Mike Evans,WR,WR,"https://static.www.nfl.com/image/private/f_auto,q_auto/league/w6eq27k2xs8vawwgkzbl",15,TB,0,0,0,0,0,0,0,0,0,0,0,0,,0,,,0,0,0,0,0,0,,0,71,136,1001,5,1,0,1868,134,55,22.99170784618,1,0.535867237687366,0.241992882562278,0.323015735777278,0.589100338887511,0,132.1,203.1
2017,REG+POST,00-0031418,A.Seferian-Jenkins,Austin Seferian-Jenkins,TE,TE,"https://static.www.nfl.com/image/private/f_auto,q_auto/league/mvuoyejl5hzfzrkfezuj",13,NYJ,0,0,0,0,0,0,0,0,0,0,0,0,,0,,,0,0,0,0,0,0,,0,50,74,357,3,1,0,448,124,18,-7.59405288259905,0,0.796875,0.185929648241206,0.137931034482759,0.37544619649974,0,53.7,103.7
2017,REG+POST,00-0031420,K.Redfern,Kasey Redfern,P,SPEC,"https://static.www.nfl.com/image/private/f_auto,q_auto/league/qzsdkkx3dm0clxc7vmkm",1,DET,0,0,0,0,0,0,0,0,0,0,0,0,,0,,,1,10,0,1,0,0,-2.26000043028034,0,0,0,0,0,0,0,0,0,0,,0,,,,,0,1.0,1.0
2017,REG+POST,00-0031428,A.Robinson,Allen Robinson,WR,WR,"https://static.www.nfl.com/image/private/f_auto,q_auto/league/tucplhxtb3c626iekuzv",1,JAX,0,0,0,0,0,0,0,0,0,0,0,0,,0,,,0,0,0,0,0,0,,0,1,1,17,0,0,0,15,2,1,1.89276479138061,0,1.13333333333333,0.0476190476190476,0.0867052023121387,0.132122213047069,0,1.7,2.7
2017,REG+POST,00-0031431,M.Lee,Marqise Lee,WR,WR,"https://static.www.nfl.com/image/private/f_auto,q_auto/league/drsesqqzwhkilsx51j4i",16,JAX,0,1,0,0,0,0,0,0,0,27,0,0,-0.373399104806595,0,0.0,,2,22,0,0,0,1,1.05955149466172,0,63,111,771,3,1,0,1262,313,45,16.2220254577589,1,0.610935023771791,0.226530612244898,0.330020920502092,0.570810562718811,0,99.3,162.3
2017,REG+POST,00-0031484,C.Manhertz,Chris Manhertz,TE,TE,"https://static.www.nfl.com/image/private/f_auto,q_auto/league/r645ts6owoqbjuxbzgdl",3,CAR,0,0,0,0,0,0,0,0,0,0,0,0,,0,,,0,0,0,0,0,0,,0,2,4,17,0,0,0,25,9,1,-1.12633392319549,0,0.68,0.0470588235294118,0.0364963503649635,0.0961356805495921,0,1.7,3.7
2017,REG+POST,00-0031503,J.Winston,Jameis Winston,QB,QB,"https://static.www.nfl.com/image/private/f_auto,q_auto/league/eupdyd3zccjeoloqmyfl",13,TB,282,442,3504,19,11,33,207,11,6,4693,1257,180,49.657599509083,1,0.746643937779672,0.119961781398198,33,135,1,4,1,7,-5.46561024611558,0,0,0,0,0,0,0,0,0,0,,0,,,,,0,201.66,201.66
2017,REG+POST,00-0031511,D.White,DeAndrew White,WR,WR,"https://static.www.nfl.com/image/private/f_auto,q_auto/league/lqmfu6qd0olpnvocajbh",2,HOU,0,0,0,0,0,0,0,0,0,0,0,0,,0,,,0,0,0,0,0,0,,0,1,7,24,0,0,0,106,1,1,-3.0901261062827,0,0.226415094339623,0.106060606060606,0.135376756066411,0.253854638337397,0,2.4,3.4
2017,REG+POST,00-0031512,J.Whitehead,Jermaine Whitehead,FS,DB,"https://static.www.nfl.com/image/private/f_auto,q_auto/league/o26uwppjakpopj5v9irt",1,GB,0,0,0,0,0,0,0,0,0,0,0,0,,0,,,1,7,0,0,0,1,3.15862493007444,0,0,0,0,0,0,0,0,0,0,,0,,,,,0,0.7,0.7
2017,REG+POST,00-0031514,Q.Bray,Quan Bray,WR,WR,"https://static.www.nfl.com/image/private/f_auto,q_auto/league/fcec31w4bvadspls5tcj",3,IND,0,0,0,0,0,0,0,0,0,0,0,0,,0,,,0,0,0,0,0,0,,0,3,4,39,0,0,0,39,10,2,1.50747494213283,0,1.0,0.0487804878048781,0.0563583815028902,0.11262159875934,0,3.9,6.9
2017,REG+POST,00-0031533,R.Telfer,Randall Telfer,TE,TE,"https://static.www.nfl.com/image/private/f_auto,q_auto/league/v7yzppdggxmmffsoiuoa",3,CLE,0,0,0,0,0,0,0,0,0,0,0,0,,0,,,0,0,0,0,0,0,,0,3,4,36,0,0,0,38,0,2,1.22076355048921,0,0.947368421052632,0.0344827586206897,0.0311220311220311,0.0735095597164563,0,3.6,6.6
2017,REG+POST,00-0031544,A.Cooper,Amari Cooper,WR,WR,"https://static.www.nfl.com/image/private/f_auto,q_auto/league/zibbxjtein7gpu5zgcj4",14,LV,0,0,0,0,0,0,0,0,0,0,0,0,,0,,,1,4,0,0,0,1,0.529933948768303,0,48,96,680,7,1,0,1109,293,28,-3.95035745805556,0,0.613165013525699,0.200417536534447,0.273152709359606,0.491833201353394,0,110.4,158.4
2017,REG+POST,00-0031545,K.White,Kevin White,WR,WR,"https://static.www.nfl.com/image/private/f_auto,q_auto/league/u6jclvrydlw6amytmylq",1,CHI,0,0,0,0,0,0,0,0,0,0,0,0,,0,,,0,0,0,0,0,0,,0,2,4,6,0,0,0,12,2,0,-2.45927917875815,0,0.5,0.1,0.069364161849711,0.198554913294798,0,0.6,2.6
2017,REG+POST,00-0031547,D.Parker,DeVante Parker,WR,WR,"https://static.www.nfl.com/image/private/f_auto,q_auto/league/beuyfjou6kckaoqqpa96",13,MIA,0,0,0,0,0,0,0,0,0,0,0,0,,0,,,0,0,0,0,0,0,,0,57,96,670,1,1,0,1206,207,33,0.225241332520259,0,0.555555555555556,0.202105263157895,0.318457882228677,0.526078412296916,0,73.0,130.0
2017,REG+POST,00-0031549,N.Agholor,Nelson Agholor,WR,WR,"https://static.www.nfl.com/image/private/f_auto,q_auto/league/lfc8g0z3wmxowwggvzqh",19,PHI,0,0,0,0,0,0,0,0,0,0,0,0,,0,,,5,36,0,0,0,3,2.43567636917578,0,77,113,935,8,0,0,1097,380,43,47.2348140000366,0,0.85232452142206,0.170694864048338,0.178287014464489,0.38084320619765,0,145.1,222.1
2017,REG+POST,00-0031550,S.Thompson,Shaq Thompson,ILB,LB,"https://static.www.nfl.com/image/private/f_auto,q_auto/league/wiokwxurjbmenmtrtrjo",1,CAR,0,0,0,0,0,0,0,0,0,0,0,0,,0,,,0,0,0,0,0,0,,0,0,1,0,0,0,0,6,0,0,-2.96294311713427,0,0.0,0.0357142857142857,0.0375,0.0798214285714286,0,0.0,0.0
2017,REG+POST,00-0031558,M.Williams,Maxx Williams,TE,TE,"https://static.www.nfl.com/image/private/f_auto,q_auto/league/p0j7ax3rqhrzn5nvmc06",9,BAL,0,0,0,0,0,0,0,0,0,0,0,0,,0,,,2,6,0,0,0,2,0.530324333813041,0,15,18,86,1,1,1,-1,100,6,-2.87842352635926,0,0.0,0.05625,-0.0004557885141294,0.0840559480401094,0,13.2,28.2
2017,REG+POST,00-0031560,J.Strong,Jaelen Strong,WR,WR,"https://static.www.nfl.com/image/private/f_auto,q_auto/league/eakjj5fee8ctysjrqhxj",1,JAX,0,0,0,0,0,0,0,0,0,0,0,0,,0,,,0,0,0,0,0,0,,0,3,4,38,1,0,0,33,15,3,5.19621933961753,0,1.15151515151515,0.08,0.0846153846153846,0.179230769230769,0,9.8,12.8
2017,REG+POST,00-0031568,B.Petty,Bryce Petty,QB,QB,"https://static.www.nfl.com/image/private/f_auto,q_auto/league/ptb0vcf2vqqittc5qown",4,NYJ,55,112,544,1,3,8,55,1,0,899,245,23,-34.8916212584872,0,0.605116796440489,-0.0544689383847082,7,55,0,0,0,4,5.12640847521834,0,0,0,0,0,0,0,0,0,0,,0,,,,,0,25.26,25.26
2017,REG+POST,00-0031570,J.Hardy,Justin Hardy,WR,WR,"https://static.www.nfl.com/image/private/f_auto,q_auto/league/bf30pn7pqvdiof0zb6a0",12,ATL,0,0,0,0,0,0,0,0,0,0,0,0,,0,,,0,0,0,0,0,0,,0,21,31,224,3,1,0,268,77,13,15.1739220954758,0,0.835820895522388,0.0775,0.0799284223083806,0.172199895615866,0,40.4,61.4
2017,REG+POST,00-0031577,J.Allen,Javorius Allen,RB,RB,"https://static.www.nfl.com/image/private/f_auto,q_auto/league/jguqo1kwlkfamf537de0",16,BAL,0,0,0,0,0,0,0,0,0,0,0,0,,0,,,153,591,4,0,0,38,-11.2360589410311,0,46,60,250,2,0,0,47,218,16,-3.81678170394409,0,5.31914893617021,0.106951871657754,0.0127856365614799,0.169377753079667,0,120.1,166.1
2017,REG+POST,00-0031588,S.Diggs,Stefon Diggs,WR,WR,"https://static.www.nfl.com/image/private/f_auto,q_auto/league/zf6nbnzcfzu4y7yq2nzk",16,MIN,0,0,0,0,0,0,0,0,0,0,0,0,,0,,,8,13,0,0,0,1,-2.47664117359091,0,78,117,1056,9,0,0,1250,380,51,54.2186811439099,0,0.8448,0.216666666666667,0.30765444253015,0.540358109771105,0,160.9,238.9
2017,REG+POST,00-0031589,B.Hundley,Brett Hundley,QB,QB,"https://static.www.nfl.com/image/private/f_auto,q_auto/league/lgplktjykzjrnjsn9x8y",11,GB,192,316,1836,9,12,29,197,2,1,2393,1015,89,-76.2783510611966,1,0.767237776849143,0.0078423151576093,36,270,2,1,1,21,14.5038684858882,0,1,1,10,0,0,0,-5,15,1,0.606652478454635,0,0.0,0.032258064516129,-0.0267379679144385,0.0296705192340866,0,123.44,124.44
2017,REG+POST,00-0031590,J.Ajayi,Jay Ajayi,RB,RB,"https://static.www.nfl.com/image/private/f_auto,q_auto/league/bt0drbhvsjykf2xxvskx",17,PHI,0,0,0,0,0,0,0,0,0,0,0,0,,0,,,250,1057,1,4,3,47,-31.37251071607,0,30,42,228,1,0,0,-55,279,11,-1.06663758763718,0,-4.14545454545455,0.0774907749077491,-0.012892639474918,0.107211314729181,0,134.5,164.5
2017,REG+POST,00-0031595,M.Burton,Michael Burton,FB,RB,"https://static.www.nfl.com/image/private/f_auto,q_auto/league/y8chssh9pcuzv5uc7nai",7,CHI,0,0,0,0,0,0,0,0,0,0,0,0,,0,,,4,9,0,0,0,2,-1.31905743351672,0,2,4,8,0,0,0,-1,9,0,-1.40079154324485,0,-8.0,0.0416666666666667,-0.0039370078740157,0.059744094488189,0,1.7,3.7
2017,REG+POST,00-0031598,N.Boyle,Nick Boyle,TE,TE,"https://static.www.nfl.com/image/private/f_auto,q_auto/league/emqvoudb71kgmkfphmuw",15,BAL,0,0,0,0,0,0,0,0,0,0,0,0,,0,,,0,0,0,0,0,0,,0,28,37,203,0,0,0,75,153,11,3.32432296323062,1,2.70666666666667,0.0726915520628684,0.0225631768953069,0.124831551921017,0,22.3,50.3
2017,REG+POST,00-0031599,C.Artis-Payne,Cameron Artis-Payne,RB,RB,"https://static.www.nfl.com/image/private/f_auto,q_auto/league/vaeghufm3dkzmsjhb8hg",5,CAR,0,0,0,0,0,0,0,0,0,0,0,0,,0,,,18,95,1,0,0,5,1.66151555709075,0,1,1,2,0,0,0,-4,6,0,-0.453942394466139,0,-0.5,0.0333333333333333,-0.0117302052785924,0.0417888563049853,0,15.7,16.7
2017,REG+POST,00-0031609,A.Derby,A.J. Derby,TE,TE,"https://static.www.nfl.com/image/private/f_auto,q_auto/league/c2bqxdpyb4kn75l4qj1c",11,MIA,0,0,0,0,0,0,0,0,0,0,0,0,,0,,,0,0,0,0,0,0,,0,21,40,244,2,1,1,362,92,11,-7.39442670887986,0,0.674033149171271,0.101010101010101,0.108480671261612,0.22745162139828,0,34.4,55.4
2017,REG+POST,00-0031612,A.Ripkowski,Aaron Ripkowski,FB,RB,"https://static.www.nfl.com/image/private/f_auto,q_auto/league/aln8oo1hxammcilgzi72",11,GB,0,0,0,0,0,0,0,0,0,0,0,0,,0,,,5,13,0,0,0,0,-1.70913988532266,0,7,10,39,0,0,0,21,22,1,-1.00066293973941,0,1.85714285714286,0.0314465408805031,0.0096685082872928,0.0539377671218597,0,5.2,12.2
2017,REG+POST,00-0031626,B.Mihalik,Brian Mihalik,T,OL,"https://static.www.nfl.com/image/private/f_auto,q_auto/league/sy2hcfcmwdbb2zutn77w",1,DET,0,0,0,0,0,0,0,0,0,0,0,0,,0,,,0,0,0,0,0,0,,0,1,1,-4,0,0,0,-4,0,0,-0.767807197657353,0,0.0,0.0303030303030303,-0.0141342756183746,0.0355605525216833,0,-0.4,0.6
2017,REG+POST,00-0031665,Z.Zenner,Zach Zenner,RB,RB,"https://static.www.nfl.com/image/private/f_auto,q_auto/league/deiznogchpv1vbrmyuax",7,DET,0,0,0,0,0,0,0,0,0,0,0,0,,0,,,14,26,1,0,0,2,-9.30421267094121,0,0,1,0,0,0,0,9,0,0,-1.29434063378721,0,0.0,0.0196078431372549,0.0314685314685315,0.0514397367338544,0,8.6,8.6
2017,REG+POST,00-0031682,T.Ward,Terron Ward,RB,RB,"https://static.www.nfl.com/image/private/f_auto,q_auto/league/wcq3c0qgpkzoegi0yn6w",5,ATL,0,0,0,0,0,0,0,0,0,0,0,0,,0,,,30,129,0,1,1,7,-9.21678721840726,0,3,4,14,0,0,0,-10,21,1,-0.712580941210035,0,-1.4,0.031496062992126,-0.0085543199315654,0.0412560705360932,0,12.3,15.3
2017,REG+POST,00-0031687,R.Mostert,Raheem Mostert,RB,RB,"https://static.www.nfl.com/image/private/f_auto,q_auto/league/jt7n28bmkyobsxmdbvqu",3,SF,0,0,0,0,0,0,0,0,0,0,0,0,,0,,,6,30,0,1,1,1,-3.32140194170643,0,0,0,0,0,0,0,0,0,0,,0,,,,,0,1.0,1.0
2017,REG+POST,00-0031690,E.Tomlinson,Eric Tomlinson,TE,TE,"https://static.www.nfl.com/image/private/f_auto,q_auto/league/swiwooxium4wmas8wq4c",8,NYJ,0,0,0,0,0,0,0,0,0,0,0,0,,0,,,0,0,0,0,0,0,,0,8,11,121,1,0,0,66,68,4,2.40396570513258,0,1.83333333333333,0.0426356589147287,0.0370786516853933,0.0899085445518683,0,18.1,26.1
2017,REG+POST,00-0031697,J.Taylor,Jordan Taylor,WR,WR,"https://static.www.nfl.com/image/private/f_auto,q_auto/league/exe8hkn8d13tthubzz5s",6,DEN,0,0,0,0,0,0,0,0,0,0,0,0,,0,,,0,0,0,0,0,0,,0,13,20,142,0,0,0,206,45,5,-0.0471857457832936,0,0.689320388349515,0.0862068965517242,0.117378917378917,0.211475586992828,0,14.2,27.2
2017,REG+POST,00-0031731,C.Grant,Corey Grant,RB,RB,"https://static.www.nfl.com/image/private/f_auto,q_auto/league/gj5yoyyx8nulm8ss037t",10,JAX,0,0,0,0,0,0,0,0,0,0,0,0,,0,,,32,253,2,0,0,10,11.9573997805128,0,6,7,100,0,0,0,-3,98,5,6.57283368145901,0,-33.3333333333333,0.0492957746478873,-0.0026223776223776,0.0721079976361667,0,47.3,53.3
2017,REG+POST,00-0031743,A.Hunt,Akeem Hunt,RB,RB,"https://static.www.nfl.com/image/private/f_auto,q_auto/league/mjsxqeuw6ng12xa1z4zy",7,KC,0,0,0,0,0,0,0,0,0,0,0,0,,0,,,8,23,0,0,0,1,-1.67651556083001,0,4,7,31,0,0,0,-8,45,1,-0.891866506251972,0,-3.875,0.0404624277456647,-0.0081716036772216,0.054973519044442,0,5.4,9.4
2017,REG+POST,00-0031744,M.LaCosse,Matt LaCosse,TE,TE,"https://static.www.nfl.com/image/private/f_auto,q_auto/league/yt2cjnrobixknkfi5vud",1,NYG,0,0,0,0,0,0,0,0,0,0,0,0,,0,,,0,0,0,0,0,0,,0,0,1,0,0,0,0,2,0,0,-0.974674112047069,0,0.0,0.0526315789473684,0.0294117647058824,0.0995356037151703,0,0.0,0.0
2017,REG+POST,00-0031782,E.Rogers,Eli Rogers,WR,WR,"https://static.www.nfl.com/image/private/f_auto,q_auto/league/wj9e3uvudi1wvdsr0qdi",12,PIT,0,0,0,0,0,0,0,0,0,0,0,0,,0,,,0,0,0,0,0,0,,0,23,41,191,1,0,0,288,105,11,-8.83833064335831,0,0.663194444444445,0.0911111111111111,0.0758293838862559,0.189747235387046,0,25.1,48.1
2017,REG+POST,00-0031793,T.Watson,Terrell Watson,RB,RB,"https://static.www.nfl.com/image/private/f_auto,q_auto/league/efo2nvsa4z0nlm5dquiu",5,PIT,0,0,0,0,0,0,0,0,0,0,0,0,,0,,,5,8,0,0,0,3,-2.57518722710665,0,0,0,0,0,0,0,0,0,0,,0,,,,,0,0.8,0.8
2017,REG+POST,00-0031800,T.Heinicke,Taylor Heinicke,QB,QB,"https://static.www.nfl.com/image/private/f_auto,q_auto/league/r9uju522lkr3sq3vwgft",1,HOU,1,1,10,0,0,1,16,0,0,5,5,1,-1.04181647161022,0,2.0,,1,2,0,0,0,0,-0.649228858295828,0,0,0,0,0,0,0,0,0,0,,0,,,,,0,0.6,0.6
2017,REG+POST,00-0031801,J.Leslie,Jordan Leslie,WR,WR,"https://static.www.nfl.com/image/private/f_auto,q_auto/league/ri47aisqwhmvn3epenqm",1,CLE,0,0,0,0,0,0,0,0,0,0,0,0,,0,,,0,0,0,0,0,0,,0,1,1,26,0,0,0,25,1,1,2.52932912073447,0,1.04,0.0217391304347826,0.0538793103448276,0.0703242128935532,0,2.6,3.6
2017,REG+POST,00-0031806,M.Brown,Malcolm Brown,RB,RB,"https://static.www.nfl.com/image/private/f_auto,q_auto/league/zxnjheichwlnvvu5qdyl",12,LA,0,0,0,0,0,0,0,0,0,0,0,0,,0,,,65,260,1,1,0,10,-9.45691195242164,0,9,11,53,0,0,0,-9,59,3,-0.244663156249664,0,-5.88888888888889,0.055,-0.0075503355704698,0.0772147651006711,1,43.3,52.3
2017,REG+POST,00-0031834,L.Pinkard,Larry Pinkard,WR,WR,"https://static.www.nfl.com/image/private/f_auto,q_auto/league/jourdarlwzcekq2aixse",1,JAX,0,0,0,0,0,0,0,0,0,0,0,0,,0,,,0,0,0,0,0,0,,0,1,1,5,0,0,0,5,0,0,-0.251767793670297,0,1.0,0.037037037037037,0.0218340611353712,0.0708393983503154,0,0.5,1.5
2017,REG+POST,00-0031868,D.Byrd,Damiere Byrd,WR,WR,"https://static.www.nfl.com/image/private/f_auto,q_auto/league/cskulleqxehtrgkqsl3u",8,CAR,0,0,0,0,0,0,0,0,0,0,0,0,,0,,,1,12,0,0,0,1,0.808565587620251,0,10,17,105,2,0,0,145,61,5,-0.786053941764836,0,0.724137931034483,0.0758928571428571,0.0782514840798705,0.168615324570195,1,29.7,39.7
2017,REG+POST,00-0031884,G.Holmes,Gabe Holmes,TE,TE,"https://static.www.nfl.com/image/private/f_auto,q_auto/league/xijxyhyndupwwmko56ke",1,ARI,0,0,0,0,0,0,0,0,0,0,0,0,,0,,,0,0,0,0,0,0,,0,0,1,0,0,0,0,15,0,0,-0.56882599106757,0,0.0,0.025,0.0454545454545455,0.0693181818181818,0,0.0,0.0
2017,REG+POST,00-0031897,T.Rawls,Thomas Rawls,RB,RB,"https://static.www.nfl.com/image/private/f_auto,q_auto/league/uxyelm5j4nm67gmnbih9",9,SEA,0,0,0,0,0,0,0,0,0,0,0,0,,0,,,58,157,0,1,1,6,-22.7389271089342,0,9,13,94,0,0,0,28,79,4,-1.57696339238002,0,3.35714285714286,0.0619047619047619,0.0128972823583602,0.101885240507995,0,23.1,32.1
2017,REG+POST,00-0031900,R.Smith,Rod Smith,RB,RB,"https://static.www.nfl.com/image/private/f_auto,q_auto/league/zmhmhduytwid1kjim5rp",10,DAL,0,0,0,0,0,0,0,0,0,0,0,0,,0,,,55,232,4,0,0,15,5.49679722008295,0,19,23,202,1,0,0,47,176,9,10.6519331232241,0,4.29787234042553,0.0995670995670996,0.029559748427673,0.17004247325002,0,73.4,92.4
2017,REG+POST,00-0031904,B.Callahan,Bryce Callahan,CB,DB,"https://static.www.nfl.com/image/private/f_auto,q_auto/league/wrmvesdgdxl3pjhssgyh",1,CHI,0,0,0,0,0,0,0,0,0,0,0,0,,0,,,0,0,0,0,0,0,,0,0,0,0,0,0,0,0,0,0,,0,,,,,1,6.0,6.0
2017,REG+POST,00-0031939,M.Jones,Matt Jones,RB,RB,"https://static.www.nfl.com/image/private/f_auto,q_auto/league/eektuvevqtzbqstzx3pv",2,IND,0,0,0,0,0,0,0,0,0,0,0,0,,0,,,5,14,0,0,0,1,-0.928883012384176,0,0,0,0,0,0,0,0,0,0,,0,,,,,0,1.4,1.4
2017,REG+POST,00-0031941,J.Crowder,Jamison Crowder,WR,WR,"https://static.www.nfl.com/image/private/f_auto,q_auto/league/glmuevjuy3coqf1t3rqj",15,WAS,0,0,0,0,0,0,0,0,0,0,0,0,,0,,,7,34,0,0,0,1,0.296061115106568,0,66,103,789,3,1,0,723,370,37,-4.75134421595579,0,1.09128630705394,0.204365079365079,0.186100386100386,0.436817889317889,0,100.3,166.3
2017,REG+POST,00-0031951,J.O'Shaughnessy,James O'Shaughnessy,TE,TE,"https://static.www.nfl.com/image/private/f_auto,q_auto/league/sz5g57zhnshipkpw39sz",16,JAX,0,0,0,0,0,0,0,0,0,0,0,0,,0,,,0,0,0,0,0,0,,0,16,27,172,1,0,0,147,108,10,6.41598036615913,0,1.17006802721088,0.0547667342799189,0.0381026438569207,0.108821952119723,0,23.2,39.2
2017,REG+POST,00-0031956,A.Chickillo,Anthony Chickillo,OLB,LB,"https://static.www.nfl.com/image/private/f_auto,q_auto/league/nkrec1iu8q7crtwupapo",1,PIT,0,0,0,0,0,0,0,0,0,0,0,0,,0,,,0,0,0,0,0,0,,0,0,0,0,0,0,0,0,0,0,,0,,,,,1,6.0,6.0
2017,REG+POST,00-0031959,M.Murphy,Marcus Murphy,RB,RB,"https://static.www.nfl.com/image/private/f_auto,q_auto/league/y9j91g8089mu9tjj0zis",1,BUF,0,0,0,0,0,0,0,0,0,0,0,0,,0,,,7,41,0,0,0,2,-0.282524121570849,0,2,2,7,0,0,0,-3,10,1,0.85328808077611,0,-2.33333333333333,0.0740740740740741,-0.0147058823529412,0.100816993464052,0,4.8,6.8
2017,REG+POST,00-0032004,W.Tye,Will Tye,TE,TE,"https://static.www.nfl.com/image/private/f_auto,q_auto/league/dv5nojtrswp6cprkwn2y",2,NYJ,0,0,0,0,0,0,0,0,0,0,0,0,,0,,,0,0,0,0,0,0,,0,4,6,38,0,0,0,20,19,1,0.520239775835439,0,1.9,0.0967741935483871,0.0563380281690141,0.184597910040891,0,3.8,7.8
2017,REG+POST,00-0032009,A.Humphries,Adam Humphries,WR,WR,"https://static.www.nfl.com/image/private/f_auto,q_auto/league/l56ywjejfpraigzs4qia",16,TB,0,0,0,0,0,0,0,0,0,0,0,0,,0,,,1,6,0,0,0,1,0.528460904955864,0,61,83,631,1,1,1,543,307,34,28.4731229124882,0,1.16206261510129,0.139261744966443,0.0884797132149259,0.270828416700113,0,67.7,128.7
2017,REG+POST,00-0032048,M.Brown,Mack Brown,RB,RB,"https://static.www.nfl.com/image/private/f_auto,q_auto/league/fjzfchsmhpgl1uqiknek",2,WAS,0,0,0,0,0,0,0,0,0,0,0,0,,0,,,8,29,0,0,0,1,-4.29966645990498,0,1,1,11,0,0,0,2,9,1,0.676849025418051,0,5.5,0.0277777777777778,0.0072202166064982,0.0467208182912154,0,4.0,5.0
2017,REG+POST,00-0032054,B.Perriman,Breshad Perriman,WR,WR,"https://static.www.nfl.com/image/private/f_auto,q_auto/league/zpwov1n42bi5lsqdlxhh",11,BAL,0,0,0,0,0,0,0,0,0,0,0,0,,0,,,0,0,0,0,0,0,,0,10,35,77,0,0,0,491,5,3,-21.8757536630346,0,0.156822810590631,0.0928381962864722,0.191273860537593,0.273148996806023,0,7.7,17.7
2017,REG+POST,00-0032055,D.Funchess,Devin Funchess,TE,TE,"https://static.www.nfl.com/image/private/f_auto,q_auto/league/j0q0lmao9tg0rbviax6z",17,CAR,0,0,0,0,0,0,0,0,0,0,0,0,,0,,,0,0,0,0,0,0,,0,67,119,919,8,0,0,1596,306,44,34.9487286874097,0,0.575814536340852,0.224528301886792,0.345230369889682,0.578453711752966,0,139.9,206.9
2017,REG+POST,00-0032058,T.Coleman,Tevin Coleman,RB,RB,"https://static.www.nfl.com/image/private/f_auto,q_auto/league/wiu4r7bvhcafs9vamqc",17,ATL,0,0,0,0,0,0,0,0,0,0,0,0,,0,,,180,747,5,1,0,35,-17.7246422661297,0,31,43,341,3,0,0,169,266,15,15.4838498090662,0,2.01775147928994,0.0875763747454175,0.0407720144752714,0.159904972250816,0,156.8,187.8
2017,REG+POST,00-0032062,B.Bell,Blake Bell,TE,TE,"https://static.www.nfl.com/image/private/f_auto,q_auto/league/eqrmmjto8koqqc9j2kjj",3,MIN,0,0,0,0,0,0,0,0,0,0,0,0,,0,,,0,0,0,0,0,0,,0,3,4,19,0,0,0,6,12,1,-2.14760374766774,1,3.16666666666667,0.036697247706422,0.0062434963579604,0.0594163190102054,0,3.9,6.9
2017,REG+POST,00-0032063,M.Davis,Mike Davis,RB,RB,"https://static.www.nfl.com/image/private/f_auto,q_auto/league/csrqinegeyunycijua2q",6,SEA,0,0,0,0,0,0,0,0,0,0,0,0,,0,,,68,240,0,0,0,12,-19.5154304143409,0,15,18,131,0,0,0,-37,168,6,2.28870544140227,0,-3.54054054054054,0.105263157894737,-0.0237483953786906,0.141270860077022,0,37.1,52.1
2017,REG+POST,00-0032098,D.Brown,Daniel Brown,TE,TE,"https://static.www.nfl.com/image/private/f_auto,q_auto/league/fnhg5hbp5sjn3uuanqua",8,CHI,0,0,0,0,0,0,0,0,0,0,0,0,,0,,,0,0,0,0,0,0,,0,13,20,129,0,0,0,151,46,9,3.73972588362274,0,0.85430463576159,0.0819672131147541,0.0794736842105263,0.1785823986195,0,12.9,25.9
2017,REG+POST,00-0032104,A.Abdullah,Ameer Abdullah,RB,RB,"https://static.www.nfl.com/image/private/f_auto,q_auto/league/cvjebibvlvv8bclqyc8a",14,DET,0,0,0,0,0,0,0,0,0,0,0,0,,0,,,165,552,4,2,1,24,-36.8281672577141,0,25,35,162,1,0,0,53,146,13,3.1321236112231,0,3.05660377358491,0.0751072961373391,0.0143359480659995,0.122696107852208,0,99.4,124.4
2017,REG+POST,00-0032112,J.Nelson,J.J. Nelson,WR,WR,"https://static.www.nfl.com/image/private/f_auto,q_auto/league/rdpp1eiaqse92yvujbs0",16,ARI,0,0,0,0,0,0,0,0,0,0,0,0,,0,,,3,37,0,0,0,2,2.45579954772256,0,29,61,508,2,1,0,1051,59,21,-11.6407535749383,0,0.483349191246432,0.103040540540541,0.183420593368237,0.282955226168577,0,66.5,95.5
2017,REG+POST,00-0032115,K.Clay,Kaelin Clay,WR,WR,"https://static.www.nfl.com/image/private/f_auto,q_auto/league/u1beu9elu48ry0b1rzjl",12,CAR,0,0,0,0,0,0,0,0,0,0,0,0,,0,,,3,27,0,0,0,1,0.0765453724889085,0,9,24,117,0,0,0,362,35,7,-0.924398877147436,0,0.323204419889503,0.0695652173913044,0.131111915972474,0.196126167267688,1,20.4,29.4
2017,REG+POST,00-0032117,N.O'Leary,Nick O'Leary,TE,TE,"https://static.www.nfl.com/image/private/f_auto,q_auto/league/f5411hjmqqxoa27quwfz",14,BUF,0,0,0,0,0,0,0,0,0,0,0,0,,0,,,0,0,0,0,0,0,,0,24,38,344,2,1,1,400,145,16,15.8095845441791,0,0.86,0.089622641509434,0.112866817155756,0.21344073427318,0,44.4,68.4
2017,REG+POST,00-0032120,N.Sterling,Neal Sterling,TE,TE,"https://static.www.nfl.com/image/private/f_auto,q_auto/league/zeft21ybfc5pjye3lmq2",4,NYJ,0,0,0,0,0,0,0,0,0,0,0,0,,0,,,0,0,0,0,0,0,,0,6,11,82,0,0,0,96,42,5,4.20097863703268,0,0.854166666666667,0.0901639344262295,0.088724584103512,0.197353110511803,0,8.2,14.2
2017,REG+POST,00-0032123,T.McBride,Tre McBride,WR,WR,"https://static.www.nfl.com/image/private/f_auto,q_auto/league/gxiebdueieuygbu3b14z",5,CHI,0,0,0,0,0,0,0,0,0,0,0,0,,0,,,0,0,0,0,0,0,,0,8,15,144,0,0,0,213,50,6,-2.89277090104337,0,0.676056338028169,0.0967741935483871,0.160270880361174,0.257350906575402,0,14.4,22.4
2017,REG+POST,00-0032128,C.Conley,Chris Conley,WR,WR,"https://static.www.nfl.com/image/private/f_auto,q_auto/league/wddhtkz5tmo47x5s3qnq",5,KC,0,0,0,0,0,0,0,0,0,0,0,0,,0,,,0,0,0,0,0,0,,0,11,16,175,0,0,0,231,45,8,12.642985744487,0,0.757575757575758,0.103896103896104,0.204244031830239,0.298814978125323,0,17.5,28.5
2017,REG+POST,00-0032130,J.Fowler,Jalston Fowler,FB,RB,"https://static.www.nfl.com/image/private/f_auto,q_auto/league/vzwokuiytin3pfyp1icy",3,TEN,0,0,0,0,0,0,0,0,0,0,0,0,,0,,,2,4,1,0,0,1,0.866249207931105,0,0,1,0,0,0,0,9,0,0,-0.486979516921565,0,0.0,0.032258064516129,0.0384615384615385,0.0753101736972705,0,6.4,6.4
2017,REG+POST,00-0032134,C.Uzomah,C.J. Uzomah,TE,TE,"https://static.www.nfl.com/image/private/f_auto,q_auto/league/hnkflpl5pzbfbdvtcv1c",9,CIN,0,0,0,0,0,0,0,0,0,0,0,0,,0,,,0,0,0,0,0,0,,0,10,15,92,1,0,0,81,50,6,3.62891199643491,0,1.1358024691358,0.0517241379310345,0.0362578334825425,0.102966690334332,0,15.2,25.2
2017,REG+POST,00-0032135,J.James,Jesse James,TE,TE,"https://static.www.nfl.com/image/private/f_auto,q_auto/league/rgk9zqdx9lmbcblem3xn",15,PIT,0,0,0,0,0,0,0,0,0,0,0,0,,0,,,0,0,0,0,0,0,,0,44,64,384,3,0,0,388,202,21,12.5830704529695,0,0.989690721649485,0.107925801011804,0.0759890325107716,0.215081024275247,0,56.4,100.4
2017,REG+POST,00-0032139,B.Koyack,Ben Koyack,TE,TE,"https://static.www.nfl.com/image/private/f_auto,q_auto/league/hg1fdty7xbpwztueey8j",9,JAX,0,0,0,0,0,0,0,0,0,0,0,0,,0,,,0,0,0,0,0,0,,0,7,10,60,1,0,0,33,34,2,3.8909077399876,1,1.81818181818182,0.0326797385620915,0.0150684931506849,0.0595675530486167,0,14.0,21.0
2017,REG+POST,00-0032141,G.Swaim,Geoff Swaim,TE,TE,"https://static.www.nfl.com/image/upload/f_auto,q_auto/league/hx9yaocl4a6owbwaqajy",2,DAL,0,0,0,0,0,0,0,0,0,0,0,0,,0,,,0,0,0,0,0,0,,0,2,2,25,0,0,0,14,11,2,2.12224709405564,0,1.78571428571429,0.0408163265306122,0.0465116279069768,0.0937826293308021,0,2.5,4.5
2017,REG+POST,00-0032144,M.Gordon,Melvin Gordon,RB,RB,"https://static.www.nfl.com/image/private/f_auto,q_auto/league/i4g8x7yotpgszlyanow0",16,LAC,0,0,0,0,0,0,0,0,0,0,0,0,,0,,,284,1105,8,1,0,58,-23.0599498233,0,58,83,476,4,0,0,-21,495,22,8.97435792588687,0,-22.6666666666667,0.144851657940663,-0.0044099118017639,0.21419054864976,0,230.1,288.1
2017,REG+POST,00-0032145,C.Erving,Cameron Erving,T,OL,"https://static.www.nfl.com/image/private/f_auto,q_auto/league/gjsrqsp5gqr0nkowimzb",1,KC,0,0,0,0,0,0,0,0,0,0,0,0,,0,,,0,0,0,0,0,0,,0,0,1,0,0,0,0,15,0,0,-1.69692976493388,0,0.0,0.03125,0.0356294536817102,0.0718156175771972,0,0.0,0.0
2017,REG+POST,00-0032147,T.Sambrailo,Ty Sambrailo,T,OL,"https://static.www.nfl.com/image/private/f_auto,q_auto/league/rzx2kzsxlbhmzevaekzp",1,ATL,0,0,0,0,0,0,0,0,0,0,0,0,,0,,,0,0,0,0,0,0,,0,0,1,0,0,0,0,1,0,0,-0.420548020832939,0,0.0,0.037037037037037,0.0038610038610038,0.0582582582582583,0,0.0,0.0
2017,REG+POST,00-0032156,T.Siemian,Trevor Siemian,QB,QB,"https://static.www.nfl.com/image/private/f_auto,q_auto/league/vmksfbms9zefxezf39sb",11,DEN,206,349,2285,12,14,33,220,4,2,3044,1001,112,-47.7800911050839,0,0.75065703022339,0.0279644132932597,31,127,1,1,0,8,4.33336592541203,0,0,0,0,0,0,0,0,0,0,,0,,,,,0,126.1,126.1
2017,REG+POST,00-0032160,T.Williams,Tyrell Williams,WR,WR,"https://static.www.nfl.com/image/private/f_auto,q_auto/league/qixhze7yidydtc1vyeih",16,LAC,0,0,0,0,0,0,0,0,0,0,0,0,,0,,,0,0,0,0,0,0,,0,43,69,728,4,1,1,988,320,29,25.9483567854008,0,0.736842105263158,0.120418848167539,0.20747585048299,0.325861367589402,0,94.8,137.8
2017,REG+POST,00-0032166,S.Coates,Sammie Coates,WR,WR,"https://static.www.nfl.com/image/private/f_auto,q_auto/league/qtqofzkmblah8ycd4687",5,CLE,0,0,0,0,0,0,0,0,0,0,0,0,,0,,,0,0,0,0,0,0,,0,6,11,70,0,0,0,146,16,2,-0.963937537191669,0,0.479452054794521,0.0585106382978723,0.0880579010856454,0.14940648820676,0,7.0,13.0
2017,REG+POST,00-0032187,D.Johnson,David Johnson,RB,RB,"https://static.www.nfl.com/image/private/f_auto,q_auto/league/y7dtsyyjnoafefkbylbb",1,ARI,0,0,0,0,0,0,0,0,0,0,0,0,,0,,,11,23,0,1,1,0,-11.0190216309275,0,6,9,67,0,1,0,34,46,3,0.286118269897997,0,1.97058823529412,0.191489361702128,0.0807600950118765,0.343766109061505,0,7.0,13.0
2017,REG+POST,00-0032188,V.Mayle,Vince Mayle,WR,WR,"https://static.www.nfl.com/image/private/f_auto,q_auto/league/rosldoxrxcni83bowf2y",3,BAL,0,0,0,0,0,0,0,0,0,0,0,0,,0,,,2,2,1,0,0,1,0.374894243315794,0,0,1,0,0,0,0,7,0,0,-0.608620295650326,0,0.0,0.024390243902439,0.0236486486486487,0.0531394199077126,0,6.2,6.2
2017,REG+POST,00-0032200,T.Montgomery,Ty Montgomery,WR,WR,"https://static.www.nfl.com/image/private/f_auto,q_auto/league/eagn4fvhnc9cp3wxeqoz",8,GB,0,0,0,0,0,0,0,0,0,0,0,0,,0,,,71,273,3,0,0,13,-4.73654544146848,0,23,31,173,1,0,0,-27,215,8,3.81056662787642,0,0.0,0.120622568093385,-0.0154197601370645,0.170140020044133,0,68.6,91.6
2017,REG+POST,00-0032208,P.Dorsett,Phillip Dorsett,WR,WR,"https://static.www.nfl.com/image/private/f_auto,q_auto/league/g69i8oxbeeqpjz5kvoqo",11,NE,0,0,0,0,0,0,0,0,0,0,0,0,,0,,,1,7,0,0,0,0,0.28828816767782,0,14,21,244,0,0,0,420,74,10,8.65230501425685,0,0.580952380952381,0.0510948905109489,0.101867572156197,0.147949636275761,0,25.1,39.1
2017,REG+POST,00-0032209,T.Yeldon,T.J. Yeldon,RB,RB,"https://static.www.nfl.com/image/private/f_auto,q_auto/league/ktxkn2ltkmqfb5ugunt4",12,JAX,0,0,0,0,0,0,0,0,0,0,0,0,,0,,,59,298,3,2,1,8,-2.62821706154962,0,35,47,287,0,0,0,69,257,17,4.80532057854302,0,4.15942028985507,0.12303664921466,0.0213490099009901,0.199499280752683,0,74.5,109.5
2017,REG+POST,00-0032211,T.Lockett,Tyler Lockett,WR,WR,"https://static.www.nfl.com/image/private/f_auto,q_auto/league/f9wttnkcqc2scahf9oth",16,SEA,0,0,0,0,0,0,0,0,0,0,0,0,,0,,,10,58,0,0,0,4,4.6206637728319,0,45,71,555,2,0,0,907,188,23,13.2689640805849,0,0.611907386990077,0.134980988593156,0.173323141601376,0.323797682010697,1,79.3,124.3
2017,REG+POST,00-0032214,T.Kroft,Tyler Kroft,TE,TE,"https://static.www.nfl.com/image/private/f_auto,q_auto/league/ztko1uhl01ebiutefibj",15,CIN,0,0,0,0,0,0,0,0,0,0,0,0,,0,,,0,0,0,0,0,0,,0,42,62,404,7,0,0,465,193,23,17.1676186474154,0,0.868817204301075,0.135667396061269,0.124531333690412,0.290673027675192,0,82.4,124.4
2017,REG+POST,00-0032227,J.Heuerman,Jeff Heuerman,TE,TE,"https://static.www.nfl.com/image/private/f_auto,q_auto/league/u3cggxnuwxem6rnkwzvg",10,DEN,0,0,0,0,0,0,0,0,0,0,0,0,,0,,,0,0,0,0,0,0,,0,9,18,142,2,0,0,154,63,5,-3.71458173979772,0,0.922077922077922,0.0534124629080119,0.0544939844302902,0.118264483463221,0,26.2,35.2
2017,REG+POST,00-0032241,T.Gurley,Todd Gurley,RB,RB,"https://static.www.nfl.com/image/private/f_auto,q_auto/league/ym7oprwel3dxbab0k7x9",16,LA,0,0,0,0,0,0,0,0,0,0,0,0,,0,,,293,1406,13,5,1,71,-8.16172620922088,0,68,97,798,6,0,0,90,770,32,12.7887217656395,0,8.86666666666667,0.186180422264875,0.0214745884037223,0.294302845279918,0,332.4,400.4
2017,REG+POST,00-0032245,S.Mannion,Sean Mannion,QB,QB,"https://static.www.nfl.com/image/private/f_auto,q_auto/league/lcuc7hhiijmt8xtitm77",5,LA,22,37,185,0,0,3,20,1,1,256,76,8,-16.0404724127906,0,0.72265625,-0.006789703614268,9,-2,0,1,0,3,1.61426816828316,0,0,0,0,0,0,0,0,0,0,,0,,,,,0,5.2,5.2
2017,REG+POST,00-0032250,K.Williams,Kasen Williams,WR,WR,"https://static.www.nfl.com/image/private/f_auto,q_auto/league/wclsdffaruwekvlwbmx3",6,CLE,0,0,0,0,0,0,0,0,0,0,0,0,,0,,,0,0,0,0,0,0,,0,9,18,84,0,0,0,196,21,2,-10.0586035222805,0,0.428571428571429,0.079295154185022,0.115634218289086,0.199886684079893,0,8.4,17.4
2017,REG+POST,00-0032256,C.Walford,Clive Walford,TE,TE,"https://static.www.nfl.com/image/private/f_auto,q_auto/league/fjs40pz6ry6p7jqzckeg",6,LV,0,0,0,0,0,0,0,0,0,0,0,0,,0,,,0,0,0,0,0,0,,0,9,13,80,0,0,0,145,22,2,-1.24266447796253,0,0.551724137931035,0.0553191489361702,0.067036523347203,0.129904289747297,0,8.0,17.0
2017,REG+POST,00-0032257,D.Johnson,Duke Johnson,RB,RB,"https://static.www.nfl.com/image/private/f_auto,q_auto/league/hf7lxjjesduggqdfktsg",16,CLE,0,0,0,0,0,0,0,0,0,0,0,0,,0,,,82,348,4,1,0,26,3.9435864383122,0,74,93,693,3,2,2,199,634,31,5.06310204232075,0,3.48241206030151,0.164310954063604,0.0386032977691562,0.273488739533816,0,142.1,216.1
2017,REG+POST,00-0032268,M.Mariota,Marcus Mariota,QB,QB,"https://static.www.nfl.com/image/private/f_auto,q_auto/league/dpbdwpmpd9vht8hzqqq6",17,TEN,323,522,3701,17,16,37,235,0,0,4773,1438,170,-4.4431150881246,0,0.775403310287031,0.0847372002995972,72,395,5,2,1,28,16.3783058827603,0,1,1,6,1,0,0,2,4,1,2.84149608388543,0,3.0,0.0333333333333333,0.0072727272727272,0.0550909090909091,0,258.14,259.14
2017,REG+POST,00-0032298,B.Hill,Bronson Hill,RB,RB,"https://static.www.nfl.com/image/private/f_auto,q_auto/league/plws0l63xcalmdkv9wwb",1,ARI,0,0,0,0,0,0,0,0,0,0,0,0,,0,,,1,-2,0,0,0,0,-1.47879130579531,0,0,0,0,0,0,0,0,0,0,,0,,,,,0,-0.2,-0.2
2017,REG+POST,00-0032319,R.Travis,Ross Travis,TE,TE,"https://static.www.nfl.com/image/private/f_auto,q_auto/league/pqolizpud8fnjlh1s44h",10,IND,0,0,0,0,0,0,0,0,0,0,0,0,,0,,,0,0,0,0,0,0,,0,7,17,76,0,1,0,202,34,5,-7.62924701964106,0,0.376237623762376,0.0537974683544304,0.0828887977020927,0.13871836092311,0,7.6,14.6
2017,REG+POST,00-0032355,C.Rogers,Chester Rogers,WR,WR,"https://static.www.nfl.com/image/private/f_auto,q_auto/league/lkszsifhpwtjpvjvlxw5",10,IND,0,0,0,0,0,0,0,0,0,0,0,0,,0,,,3,8,0,0,0,0,-0.756947060814127,0,23,37,284,1,0,0,345,104,15,3.64512426851087,0,0.823188405797101,0.125850340136054,0.171046108081309,0.308507785860998,0,35.2,58.2
2017,REG+POST,00-0032362,M.Harris,Maurice Harris,WR,WR,"https://static.www.nfl.com/image/private/f_auto,q_auto/league/w31fw8vgazrlgvyp2szu",3,WAS,0,0,0,0,0,0,0,0,0,0,0,0,,0,,,0,0,0,0,0,0,,0,4,6,62,1,0,0,62,8,3,2.76243624114431,0,1.0,0.0540540540540541,0.10671256454389,0.155779876261804,0,12.2,16.2
2017,REG+POST,00-0032371,R.Kelley,Rob Kelley,RB,RB,"https://static.www.nfl.com/image/private/f_auto,q_auto/league/xh5lyubvptmxmccydl73",7,WAS,0,0,0,0,0,0,0,0,0,0,0,0,,0,,,62,194,3,0,0,8,-8.04813560389448,0,4,7,18,0,0,0,-15,20,3,-1.03256537875859,0,-1.2,0.0372340425531915,-0.0102179836512262,0.0486984752739289,0,39.2,43.2
2017,REG+POST,00-0032375,J.Kerridge,Joe Kerridge,FB,RB,"https://static.www.nfl.com/image/private/f_auto,q_auto/league/jq2lqxdjddotlgnpvpyu",1,GB,0,0,0,0,0,0,0,0,0,0,0,0,,0,,,0,0,0,0,0,0,,0,1,1,3,0,0,0,3,0,0,-0.45988075673813,0,1.0,0.0285714285714286,0.0092592592592592,0.0493386243386243,0,0.3,1.3
2017,REG+POST,00-0032377,J.Ferguson,Josh Ferguson,RB,RB,"https://static.www.nfl.com/image/private/f_auto,q_auto/league/htmbqglun1ydytcfrltb",3,IND,0,0,0,0,0,0,0,0,0,0,0,0,,0,,,1,5,0,0,0,0,-0.158175949705765,0,3,4,16,0,0,0,9,24,0,-0.311792748630978,0,1.77777777777778,0.0645161290322581,0.0243243243243243,0.113801220575414,0,2.1,5.1
2017,REG+POST,00-0032385,S.Shepard,Sterling Shepard,WR,WR,"https://static.www.nfl.com/image/private/f_auto,q_auto/league/qbsz1nkk6lnudmcwimer",11,NYG,0,0,0,0,0,0,0,0,0,0,0,0,,0,,,4,4,0,0,0,1,-2.49109642487019,0,59,84,731,2,1,0,750,295,36,29.8007668551986,0,0.974666666666667,0.183807439824945,0.220329024676851,0.429941477011213,0,85.5,144.5
2017,REG+POST,00-0032392,A.Hooper,Austin Hooper,TE,TE,"https://static.www.nfl.com/image/private/f_auto,q_auto/league/jp2z8s6pcanbitupycwc",18,ATL,0,0,0,0,0,0,0,0,0,0,0,0,,0,,,0,0,0,0,0,0,,0,53,71,544,3,0,0,455,265,20,4.19206315338603,0,1.1956043956044,0.121993127147766,0.0902061855670103,0.246134020618557,0,72.4,125.4
2017,REG+POST,00-0032393,C.Prosise,C.J. Prosise,RB,RB,"https://static.www.nfl.com/image/private/f_auto,q_auto/league/rcutby5hu0vtijh6adle",4,SEA,0,0,0,0,0,0,0,0,0,0,0,0,,0,,,11,23,0,0,0,1,-3.93263713544002,0,6,11,87,0,0,0,86,50,3,1.26451259531314,0,1.01162790697674,0.126436781609195,0.115281501340483,0.270352223352131,0,11.0,17.0
2017,REG+POST,00-0032394,N.Vannett,Nick Vannett,TE,TE,"https://static.www.nfl.com/image/private/f_auto,q_auto/league/cccwwxb6tvsfhm3ylqul",8,SEA,0,0,0,0,0,0,0,0,0,0,0,0,,0,,,0,0,0,0,0,0,,0,12,15,124,1,0,0,108,45,6,5.89599346870091,0,1.14814814814815,0.0583657587548638,0.0397058823529412,0.115342755779355,0,18.4,30.4
2017,REG+POST,00-0032398,C.Moore,Chris Moore,WR,WR,"https://static.www.nfl.com/image/private/f_auto,q_auto/league/tov68mj1pddkbfsfuajn",10,BAL,0,0,0,0,0,0,0,0,0,0,0,0,,0,,,2,-9,0,0,0,0,-2.76001570327207,0,18,38,248,3,0,0,516,41,11,-5.41863632068271,0,0.48062015503876,0.0976863753213368,0.186753528773073,0.277257033123156,0,41.9,59.9
2017,REG+POST,00-0032404,T.Ervin,Tyler Ervin,RB,RB,"https://static.www.nfl.com/image/private/f_auto,q_auto/league/tqevofjpvkvuvpdaoggm",3,HOU,0,0,0,0,0,0,0,0,0,0,0,0,,0,,,4,12,0,0,0,1,-0.728061878005974,0,8,11,38,0,0,0,57,12,1,-1.86854570909597,0,0.666666666666667,0.118279569892473,0.063758389261745,0.222050227321931,0,5.0,13.0
2017,REG+POST,00-0032417,P.Perkins,Paul Perkins,RB,RB,"https://static.www.nfl.com/image/private/f_auto,q_auto/league/bvq9v0mxyltlm9b8lstx",7,NYG,0,0,0,0,0,0,0,0,0,0,0,0,,0,,,41,90,0,0,0,3,-12.8521610526368,0,8,10,46,0,0,0,-10,59,1,-2.03978544624988,0,-4.6,0.0515463917525773,-0.0081168831168831,0.0716377694470478,0,13.6,21.6
2017,REG+POST,00-0032423,T.Davis,Trevor Davis,WR,WR,"https://static.www.nfl.com/image/private/f_auto,q_auto/league/hinncjtjusiowdpefuj6",6,GB,0,0,0,0,0,0,0,0,0,0,0,0,,0,,,2,13,0,0,0,0,0.589744348544627,0,5,7,70,0,0,0,69,34,2,1.94808277039406,0,1.01449275362319,0.0343137254901961,0.056883759274526,0.0912892197274623,0,8.3,13.3
2017,REG+POST,00-0032426,A.Collins,Alex Collins,RB,RB,"https://static.www.nfl.com/image/private/f_auto,q_auto/league/ddlhbm7zsi5o69wh6z5o",15,BAL,0,0,0,0,0,0,0,0,0,0,0,0,,0,,,212,973,6,2,2,51,-1.44429121767155,0,23,36,187,0,2,0,-3,190,8,-4.96736814256292,0,-62.3333333333333,0.0952380952380952,-0.0011472275334608,0.14205408358372,0,148.0,171.0
2017,REG+POST,00-0032429,J.Adams,Jerell Adams,TE,TE,"https://static.www.nfl.com/image/private/f_auto,q_auto/league/abomoszneuismb64qcgy",6,NYG,0,0,0,0,0,0,0,0,0,0,0,0,,0,,,0,0,0,0,0,0,,0,8,11,92,0,0,0,80,28,5,3.18582663460185,0,1.15,0.0567010309278351,0.055286800276434,0.123752306585256,0,9.2,17.2
2017,REG+POST,00-0032430,D.Morgan,David Morgan,TE,TE,"https://static.www.nfl.com/image/private/f_auto,q_auto/league/vvmtt05lja1y2iulrwdp",7,MIN,0,0,0,0,0,0,0,0,0,0,0,0,,0,,,0,0,0,0,0,0,,0,10,12,95,1,0,0,73,57,5,9.42154658463551,0,1.3013698630137,0.0524017467248908,0.0398907103825137,0.106526117355096,0,15.5,25.5
2017,REG+POST,00-0032431,J.Rudock,Jake Rudock,QB,QB,"https://static.www.nfl.com/image/private/f_auto,q_auto/league/lb8pxfnrvchcoy8y3c1h",1,DET,3,5,24,0,1,0,0,0,0,18,20,1,-6.67054759594612,0,1.33333333333333,0.0042246678048488,0,0,0,0,0,0,,0,0,0,0,0,0,0,0,0,0,,0,,,,,0,-1.04,-1.04
2017,REG+POST,00-0032449,L.Edwards,Lachlan Edwards,P,SPEC,"https://static.www.nfl.com/image/private/f_auto,q_auto/league/a5k94hwnr5wayvwnkdbj",1,NYJ,1,1,31,0,0,0,0,0,0,6,25,1,2.48630293936003,0,5.16666666666667,,0,0,0,0,0,0,,0,0,0,0,0,0,0,0,0,0,,0,,,,,0,1.24,1.24
2017,REG+POST,00-0032450,D.Washington,Dwayne Washington,RB,RB,"https://static.www.nfl.com/image/private/f_auto,q_auto/league/h1nintlpbk2zyxerjpy4",5,DET,0,0,0,0,0,0,0,0,0,0,0,0,,0,,,20,44,0,0,0,1,-9.08874287371904,0,2,2,14,0,0,0,-3,17,1,1.64871881820727,0,-4.66666666666667,0.0285714285714286,-0.0049423393739703,0.0393975052953636,0,5.8,7.8
2017,REG+POST,00-0032464,K.Raymond,Kalif Raymond,WR,WR,"https://static.www.nfl.com/image/private/f_auto,q_auto/league/q2kahfn76dnnb1uxxorv",1,NYG,0,0,0,0,0,0,0,0,0,0,0,0,,0,,,1,-1,0,0,0,0,-1.75998873030767,0,1,1,12,0,0,0,5,7,1,1.82117984094657,0,2.4,0.0285714285714286,0.0222222222222222,0.0584126984126984,0,1.1,2.1
2017,REG+POST,00-0032472,T.Madden,Tre Madden,FB,RB,"https://static.www.nfl.com/image/private/f_auto,q_auto/league/gxkbbtamw8l5tpecbssm",2,SEA,0,0,0,0,0,0,0,0,0,0,0,0,,0,,,0,0,0,0,0,0,,0,2,2,65,0,0,0,14,51,1,4.02947984496132,0,4.64285714285714,0.027027027027027,0.0153172866520788,0.0512626411969957,0,6.5,8.5
2017,REG+POST,00-0032475,T.McEvoy,Tanner McEvoy,WR,WR,"https://static.www.nfl.com/image/private/f_auto,q_auto/league/sllikin2krzlnyo7cdvt",7,SEA,0,1,0,0,1,0,0,0,0,32,0,0,-2.0763022955507,0,0.0,,0,0,0,0,0,0,,0,5,9,113,0,1,1,176,19,4,0.624238045046024,0,0.642045454545455,0.0441176470588235,0.0779450841452613,0.120738029489918,0,7.3,12.3
2017,REG+POST,00-0032543,A.Erickson,Alex Erickson,WR,WR,"https://static.www.nfl.com/image/private/f_auto,q_auto/league/tnd77vbkyo8srrrkaisu",10,CIN,0,0,0,0,0,0,0,0,0,0,0,0,,0,,,5,16,0,0,0,1,-1.83459030999802,0,12,16,180,1,1,0,189,39,9,10.7672262622509,0,0.952380952380952,0.0617760617760618,0.0815358067299396,0.14973915737505,0,25.6,37.6
2017,REG+POST,00-0032569,W.Lutz,Wil Lutz,K,SPEC,"https://static.www.nfl.com/image/upload/f_auto,q_auto/league/dsbrq8rwgwmee9evxfb4",1,NO,0,0,0,0,0,0,0,0,0,0,0,0,,0,,,1,4,0,0,0,0,-2.75698118953733,0,0,0,0,0,0,0,0,0,0,,0,,,,,0,0.4,0.4
2017,REG+POST,00-0032577,D.Foster,D.J. Foster,RB,RB,"https://static.www.nfl.com/image/private/f_auto,q_auto/league/thjquiyzbnepofa1mb94",7,ARI,0,0,0,0,0,0,0,0,0,0,0,0,,0,,,6,19,0,0,0,0,-3.0259147293947,0,17,28,133,0,0,0,88,79,8,-17.4226859907699,0,1.51136363636364,0.11864406779661,0.0395150426582847,0.205626631555715,0,15.2,32.2
2017,REG+POST,00-0032602,J.McKissic,J.D. McKissic,RB,RB,"https://static.www.nfl.com/image/private/f_auto,q_auto/league/zi77vkqwrmklt5ic6lc6",12,SEA,0,0,0,0,0,0,0,0,0,0,0,0,,0,,,46,187,1,0,0,8,-3.65629415956209,0,34,46,266,2,0,0,212,186,12,12.1780991164823,0,1.25471698113208,0.11734693877551,0.0526577247888723,0.212880815515476,0,63.3,97.3
2017,REG+POST,00-0032626,G.Allison,Geronimo Allison,WR,WR,"https://static.www.nfl.com/image/private/f_auto,q_auto/league/pngohl9rhrwyiaf7ywnz",11,GB,0,0,0,0,0,0,0,0,0,0,0,0,,0,,,0,0,0,0,0,0,,0,23,39,253,0,1,1,300,119,10,-4.67096678190236,0,0.843333333333333,0.0972568578553616,0.101282916948008,0.216783328646648,0,23.3,46.3
2017,REG+POST,00-0032630,J.Callahan,Joe Callahan,QB,QB,"https://static.www.nfl.com/image/private/f_auto,q_auto/league/n9nahsdhocngttt7hmdy",1,GB,5,7,11,0,0,0,0,0,0,50,9,1,-3.55425386974821,0,0.22,0.0624223795229876,0,0,0,0,0,0,,0,0,0,0,0,0,0,0,0,0,,0,,,,,0,0.44,0.44
2017,REG+POST,00-0032650,R.Malleck,Ryan Malleck,TE,TE,"https://static.www.nfl.com/image/private/f_auto,q_auto/league/xnuuvtz6tqm6epo7j26n",1,HOU,0,0,0,0,0,0,0,0,0,0,0,0,,0,,,0,0,0,0,0,0,,0,1,1,3,0,0,0,1,2,0,0.0822288601193577,0,3.0,0.0625,0.0102040816326531,0.100892857142857,0,0.3,1.3
2017,REG+POST,00-0032656,D.Powe,Darius Powe,WR,WR,"https://static.www.nfl.com/image/private/f_auto,q_auto/league/gpvxfnsuraqhcxco9b0v",1,NYG,0,0,0,0,0,0,0,0,0,0,0,0,,0,,,0,0,0,0,0,0,,0,2,4,13,0,0,0,16,13,0,-5.37828908610391,0,0.8125,0.0869565217391304,0.0571428571428571,0.170434782608696,0,1.3,3.3
2017,REG+POST,00-0032659,Ro.Lewis,Roger Lewis,WR,WR,"https://static.www.nfl.com/image/private/f_auto,q_auto/league/zcs1ajefa2ioxvjxygvf",14,NYG,0,0,0,0,0,0,0,0,0,0,0,0,,0,,,0,0,0,0,0,0,,0,36,72,416,2,0,0,740,76,20,-10.9814473668293,0,0.562162162162162,0.136882129277567,0.197385969591891,0.343493372630674,0,53.6,89.6
2017,REG+POST,00-0032688,R.Chosen,Robbie Chosen,WR,WR,"https://static.www.nfl.com/image/private/f_auto,q_auto/league/hkcncqfwusv19fah3mbt",16,NYJ,0,0,0,0,0,0,0,0,0,0,0,0,,0,,,3,9,0,0,0,0,0.0160434315912426,0,63,114,941,7,0,0,1460,273,36,21.5422816162402,0,0.644520547945206,0.229838709677419,0.374358974358974,0.606809346567411,0,137.0,200.0
2017,REG+POST,00-0032705,E.Eagan,Ed Eagan,WR,WR,"https://static.www.nfl.com/image/private/f_auto,q_auto/league/puhaayxubph3n4tkmksf",1,NYG,0,0,0,0,0,0,0,0,0,0,0,0,,0,,,0,0,0,0,0,0,,0,0,1,0,0,0,0,-2,0,0,-0.906252769753337,0,0.0,0.0263157894736842,-0.0063091482649842,0.0350572804250374,0,0.0,0.0
2017,REG+POST,00-0032724,B.Treggs,Bryce Treggs,WR,WR,"https://static.www.nfl.com/image/private/f_auto,q_auto/league/o0cfgtzur0b0zyar1iir",6,CLE,0,0,0,0,0,0,0,0,0,0,0,0,,0,,,1,6,0,0,0,0,0.272683444898576,0,5,18,79,0,0,0,278,3,4,-6.47709190030582,0,0.284172661870504,0.0845070422535211,0.150189086980011,0.231892924266289,0,8.5,13.5
2017,REG+POST,00-0032725,S.Anderson,Stephen Anderson,TE,TE,"https://static.www.nfl.com/image/private/f_auto,q_auto/league/inufsxftnotmpeot1lh2",14,HOU,0,0,0,0,0,0,0,0,0,0,0,0,,0,,,0,0,0,0,0,0,,0,25,52,342,1,0,0,460,132,17,-10.1020705046088,0,0.743478260869565,0.114285714285714,0.0972721505603722,0.239519076820832,0,40.2,65.2
2017,REG+POST,00-0032740,L.Thomas,Lawrence Thomas,FB,RB,"https://static.www.nfl.com/image/private/f_auto,q_auto/league/qpomdgxzqn27tors7yye",7,NYJ,0,0,0,0,0,0,0,0,0,0,0,0,,0,,,2,1,0,0,0,0,-2.20069632655941,0,6,7,43,0,0,0,12,33,1,1.61857487790985,0,3.58333333333333,0.0382513661202186,0.0130718954248366,0.0665273759777135,0,4.4,10.4
2017,REG+POST,00-0032741,P.Barber,Peyton Barber,RB,RB,"https://static.www.nfl.com/image/private/f_auto,q_auto/league/yjcjcrdiztmfwjgcfbux",11,TB,0,0,0,0,0,0,0,0,0,0,0,0,,0,,,108,423,3,2,1,23,-3.70742426172365,0,16,19,114,0,0,0,18,113,4,-0.598278299788944,0,6.33333333333333,0.0785123966942149,0.0074812967581047,0.123005502771996,0,69.7,85.7
2017,REG+POST,00-0032745,A.Cross,Alan Cross,TE,TE,"https://static.www.nfl.com/image/private/f_auto,q_auto/league/flcn8rvasatcy4cuoe1k",5,TB,0,0,0,0,0,0,0,0,0,0,0,0,,0,,,0,0,0,0,0,0,,0,5,6,58,0,0,0,41,25,3,3.11518850177526,0,1.41463414634146,0.032258064516129,0.0201771653543307,0.0625111125222251,0,5.8,10.8
2017,REG+POST,00-0032749,I.Johnson,Isaiah Johnson,S,DB,"https://static.www.nfl.com/image/private/f_auto,q_auto/league/yppra2mqcny4c62bh9c7",1,TB,0,0,0,0,0,0,0,0,0,0,0,0,,0,,,0,0,0,0,0,0,,0,0,0,0,0,0,0,0,0,0,,0,,,,,1,6.0,6.0
2017,REG+POST,00-0032760,J.Doctson,Josh Doctson,WR,WR,"https://static.www.nfl.com/image/private/f_auto,q_auto/league/mkq3ycvjnr0ltb0yjczi",15,WAS,0,0,0,0,0,0,0,0,0,0,0,0,,0,,,1,-14,0,0,0,0,-2.23983315052465,0,35,78,502,6,0,0,1074,131,25,-5.43716336689337,0,0.467411545623836,0.157894736842105,0.285334750265675,0.43657643044913,0,84.8,119.8
2017,REG+POST,00-0032764,D.Henry,Derrick Henry,RB,RB,"https://static.www.nfl.com/image/private/f_auto,q_auto/league/xpewyoieoj7zeub4fvff",18,TEN,0,0,0,0,0,0,0,0,0,0,0,0,,0,,,211,928,6,2,0,45,-11.5903421463841,0,16,23,192,1,0,0,43,174,5,5.05180795570622,0,4.46511627906977,0.0653409090909091,0.01376,0.107643363636364,0,154.0,170.0
2017,REG+POST,00-0032765,M.Thomas,Michael Thomas,WR,WR,"https://static.www.nfl.com/image/private/f_auto,q_auto/league/sxldsbuw65hfmkzqhw96",18,NO,0,0,0,0,0,0,0,0,0,0,0,0,,0,,,0,0,0,0,0,0,,0,119,171,1461,7,0,0,1652,490,82,70.578120492062,0,0.884382566585956,0.285,0.399516324062878,0.707161426844015,0,188.1,307.1
2017,REG+POST,00-0032775,D.Robinson,Demarcus Robinson,WR,WR,"https://static.www.nfl.com/image/private/f_auto,q_auto/league/ceqqkylismka583qo9kk",11,KC,0,0,0,0,0,0,0,0,0,0,0,0,,0,,,0,0,0,0,0,0,,0,25,43,269,1,0,0,450,61,17,2.94910056756197,0,0.597777777777778,0.119113573407202,0.153321976149915,0.285995743415744,0,32.9,57.9
2017,REG+POST,00-0032780,J.Howard,Jordan Howard,RB,RB,"https://static.www.nfl.com/image/private/f_auto,q_auto/league/nbvb6bsrmjupmqrrf1n4",16,CHI,0,0,0,0,0,0,0,0,0,0,0,0,,0,,,276,1122,9,1,1,61,-14.7703011299105,0,23,32,125,0,0,0,-26,157,4,-8.00946924387245,0,-4.80769230769231,0.0922190201729107,-0.012037037037037,0.12990260433344,0,176.7,199.7
2017,REG+POST,00-0032782,W.Smallwood,Wendell Smallwood,RB,RB,"https://static.www.nfl.com/image/private/f_auto,q_auto/league/r20rhl0c17ql8dtnl5kz",8,PHI,0,0,0,0,0,0,0,0,0,0,0,0,,0,,,47,174,1,0,0,9,-9.07684991369024,0,13,18,103,0,0,0,21,87,6,3.40596396892067,0,4.90476190476191,0.0769230769230769,0.0092267135325131,0.121843314857375,0,33.7,46.7
2017,REG+POST,00-0032784,K.Hogan,Kevin Hogan,QB,QB,"https://static.www.nfl.com/image/private/f_auto,q_auto/league/cuyxl0uprwddruvea1ma",4,CLE,46,75,517,4,5,6,35,1,0,688,234,21,-14.7180221522174,0,0.751453488372093,0.0496554933120733,10,71,0,0,0,4,3.44652299833251,0,0,0,0,0,0,0,0,0,0,,0,,,,,0,33.78,33.78
2017,REG+POST,00-0032791,J.Grant,Jakeem Grant,WR,WR,"https://static.www.nfl.com/image/private/f_auto,q_auto/league/f2ujcvb61rknhjyxcrsu",9,MIA,0,0,0,0,0,0,0,0,0,0,0,0,,0,,,3,12,0,0,0,0,-0.191896065021865,0,13,22,203,2,0,0,219,144,9,5.61736327564406,0,0.926940639269406,0.0707395498392283,0.0868702895676319,0.166918527456185,0,33.5,46.5
2017,REG+POST,00-0032792,N.Sudfeld,Nate Sudfeld,QB,QB,"https://static.www.nfl.com/image/private/f_auto,q_auto/league/it5e3w2ufgfp7sc5wgo2",2,PHI,19,23,134,0,0,3,24,0,0,95,78,4,-11.1902408239548,0,1.41052631578947,0.114365644162243,4,18,0,0,0,1,2.48299313033931,0,0,0,0,0,0,0,0,0,0,,0,,,,,0,7.16,7.16
2017,REG+POST,00-0032793,B.Countess,Blake Countess,SS,DB,"https://static.www.nfl.com/image/private/f_auto,q_auto/league/gtcvlfetdzz2sdsmqf7v",1,LA,0,0,0,0,0,0,0,0,0,0,0,0,,0,,,0,0,0,0,0,0,,0,0,0,0,0,0,0,0,0,0,,0,,,,,1,6.0,6.0
2017,REG+POST,00-0032794,D.Vitale,Dan Vitale,FB,RB,"https://static.www.nfl.com/image/private/f_auto,q_auto/league/x9z1hqodjhb8dio4dr1w",5,CLE,0,0,0,0,0,0,0,0,0,0,0,0,,0,,,0,0,0,0,0,0,,0,3,5,19,0,0,0,-5,25,1,-1.92311799689196,0,-3.8,0.0292397660818713,-0.0037369207772795,0.0412438045787114,0,1.9,4.9
2017,REG+POST,00-0032795,C.Core,Cody Core,WR,WR,"https://static.www.nfl.com/image/private/f_auto,q_auto/league/aan5zyvrcyn0wfeh2xdi",2,CIN,0,0,0,0,0,0,0,0,0,0,0,0,,0,,,0,0,0,0,0,0,,0,0,4,0,0,0,0,132,0,0,-3.23808666993864,0,0.0,0.0689655172413793,0.267748478701826,0.290872210953347,0,0.0,0.0
2017,REG+POST,00-0032813,E.Penny,Elijhaa Penny,RB,RB,"https://static.www.nfl.com/image/private/f_auto,q_auto/league/jiebuu94lu81xzneqrsf",7,ARI,0,0,0,0,0,0,0,0,0,0,0,0,,0,,,31,124,2,0,0,7,3.0498611353687,0,4,6,38,0,0,0,-3,41,2,0.0517392595647834,0,-12.6666666666667,0.0338983050847458,-0.0018518518518518,0.0495511613308224,0,28.2,32.2
2017,REG+POST,00-0032827,L.Wester,Leonard Wester,T,OL,"https://static.www.nfl.com/image/private/f_auto,q_auto/league/xqoisiggov46tdd9hand",1,TB,0,0,0,0,0,0,0,0,0,0,0,0,,0,,,0,0,0,0,0,0,,0,1,1,2,1,0,0,2,0,1,0.727882906270679,0,1.0,0.027027027027027,0.0063897763578274,0.0450133839910198,0,6.2,7.2
2017,REG+POST,00-0032839,H.Sharp,Hunter Sharp,WR,WR,"https://static.www.nfl.com/image/private/f_auto,q_auto/league/umjebkr4qrfxvw64towf",3,NYG,0,0,0,0,0,0,0,0,0,0,0,0,,0,,,0,0,0,0,0,0,,0,5,9,54,1,0,0,76,23,2,-0.088334662723355,0,0.710526315789474,0.0841121495327103,0.102841677943166,0.198157398859282,0,11.4,16.4
2017,REG+POST,00-0032881,T.Lewis,Tommylee Lewis,WR,WR,"https://static.www.nfl.com/image/private/f_auto,q_auto/league/qvf3ud6rgqusejdd4f5u",10,NO,0,0,0,0,0,0,0,0,0,0,0,0,,0,,,3,10,0,0,0,0,-1.91673723398708,0,10,15,116,1,0,0,152,52,4,1.67280376245493,0,0.763157894736842,0.0520833333333333,0.0793733681462141,0.13368635770235,0,18.6,28.6
2017,REG+POST,00-0032897,D.Watt,Derek Watt,FB,RB,"https://static.www.nfl.com/image/private/f_auto,q_auto/league/jrhk6npb7u3tmgzt7rwn",6,LAC,0,0,0,0,0,0,0,0,0,0,0,0,,0,,,6,24,0,0,0,2,-0.0105462993960828,0,2,3,35,0,0,0,7,30,2,1.69523051474243,0,5.0,0.04,0.0101010101010101,0.0670707070707071,0,5.9,7.9
2017,REG+POST,00-0032918,C.Ham,C.J. Ham,FB,RB,"https://static.www.nfl.com/image/private/f_auto,q_auto/league/oyy0xpxazac9lbt7z8zm",11,MIN,0,0,0,0,0,0,0,0,0,0,0,0,,0,,,8,20,1,0,0,6,3.77705293626059,0,7,8,68,0,0,0,-21,84,3,4.53116681403481,0,-3.23809523809524,0.036036036036036,-0.0139349701393497,0.0442995749565093,0,14.8,21.8
2017,REG+POST,00-0032926,K.Brent,K.J. Brent,WR,WR,"https://static.www.nfl.com/image/private/f_auto,q_auto/league/x2zn81ljacxncoqtnq1i",1,IND,0,0,0,0,0,0,0,0,0,0,0,0,,0,,,0,0,0,0,0,0,,0,0,1,0,0,0,0,13,0,0,-1.76774165546522,0,0.0,0.0416666666666667,0.0833333333333333,0.120833333333333,0,0.0,0.0
2017,REG+POST,00-0032935,J.Holton,Johnny Holton,WR,WR,"https://static.www.nfl.com/image/private/f_auto,q_auto/league/has0upkyuzqewhty3pb2",7,LV,0,0,0,0,0,0,0,0,0,0,0,0,,0,,,0,0,0,0,0,0,,0,9,18,218,3,2,2,413,40,5,1.62148146517575,0,0.527845036319613,0.075,0.177940542869453,0.237058380008617,0,35.8,44.8
2017,REG+POST,00-0032937,M.McCaffrey,Max McCaffrey,WR,WR,"https://static.www.nfl.com/image/private/f_auto,q_auto/league/zyapvh7o3oqxjr5li42b",1,JAX,0,0,0,0,0,0,0,0,0,0,0,0,,0,,,0,0,0,0,0,0,,0,1,1,4,0,0,0,-1,5,0,-0.186808686470613,0,0.0,0.0714285714285714,-0.0087719298245614,0.101002506265664,0,0.4,1.4
2017,REG+POST,00-0032940,D.Washington,DeAndre Washington,RB,RB,"https://static.www.nfl.com/image/private/f_auto,q_auto/league/r89dcprs99qahleja3mz",15,LV,0,0,0,0,0,0,0,0,0,0,0,0,,0,,,57,153,2,1,0,9,-10.0462479039561,0,34,45,197,1,1,1,39,165,14,-13.3741274746015,0,5.05128205128205,0.0914634146341463,0.0111556064073227,0.145004046436345,0,51.0,85.0
2017,REG+POST,00-0032950,C.Wentz,Carson Wentz,QB,QB,"https://static.www.nfl.com/image/private/f_auto,q_auto/league/indtay8ngoq8ubhhydbp",13,PHI,265,440,3296,33,7,28,162,4,1,4359,1232,160,94.7993911352984,4,0.756136728607479,0.142929989389707,64,299,0,5,1,26,14.9189689244522,0,0,0,0,0,0,0,0,0,0,,0,,,,,0,283.74,283.74
2017,REG+POST,00-0032951,L.Treadwell,Laquon Treadwell,WR,WR,"https://static.www.nfl.com/image/private/f_auto,q_auto/league/k5zobcutuqqnd1cxqplo",14,MIN,0,0,0,0,0,0,0,0,0,0,0,0,,0,,,0,0,0,0,0,0,,0,20,36,200,0,1,0,429,58,12,-9.10668347981388,0,0.466200466200466,0.075,0.120134416129936,0.196594091290955,0,20.0,40.0
2017,REG+POST,00-0032956,A.Janovich,Andy Janovich,FB,RB,"https://static.www.nfl.com/image/private/f_auto,q_auto/league/w4nnz0yrfilgpexcseqy",9,DEN,0,0,0,0,0,0,0,0,0,0,0,0,,0,,,6,12,1,0,0,3,0.931695814651903,0,4,6,35,0,0,0,26,24,2,0.946607999154367,0,1.34615384615385,0.0372670807453416,0.0220525869380831,0.0713374319746706,0,10.7,14.7
2017,REG+POST,00-0032959,C.Peake,Charone Peake,WR,WR,"https://static.www.nfl.com/image/private/f_auto,q_auto/league/f7a4bmcrcxmoyaagieop",1,NYJ,0,0,0,0,0,0,0,0,0,0,0,0,,0,,,0,0,0,0,0,0,,0,1,1,3,0,0,0,2,1,1,0.901105146622285,0,1.5,0.0416666666666667,0.0123456790123457,0.071141975308642,0,0.3,1.3
2017,REG+POST,00-0032964,B.Marshall,Byron Marshall,RB,RB,"https://static.www.nfl.com/image/private/f_auto,q_auto/league/sdfnye7daaffwtre1mbl",3,WAS,0,0,0,0,0,0,0,0,0,0,0,0,,0,,,9,32,0,0,0,1,-2.30564219853841,0,6,8,36,0,0,0,-15,51,0,-9.24341217486653,0,-2.4,0.121212121212121,-0.0367647058823529,0.156082887700535,0,6.8,12.8
2017,REG+POST,00-0032966,C.Coleman,Corey Coleman,WR,WR,"https://static.www.nfl.com/image/private/f_auto,q_auto/league/yawvrg2sh7ryru2z2kwe",9,CLE,0,0,0,0,0,0,0,0,0,0,0,0,,0,,,0,0,0,0,0,0,,0,23,58,305,2,0,0,785,58,17,-10.2435321329561,0,0.388535031847134,0.195945945945946,0.265113137453563,0.479498115136413,0,42.5,65.5
2017,REG+POST,00-0032972,D.Booker,Devontae Booker,RB,RB,"https://static.www.nfl.com/image/private/f_auto,q_auto/league/y5fw68qxcmxykv1uchlo",13,DEN,0,0,0,0,0,0,0,0,0,0,0,0,,0,,,79,299,1,1,0,11,-4.48092729813652,0,30,38,275,0,1,1,76,231,13,2.34025588403512,0,3.61842105263158,0.088785046728972,0.0217453505007153,0.148399315443959,0,61.4,91.4
2017,REG+POST,00-0032977,R.Higgins,Rashard Higgins,WR,WR,"https://static.www.nfl.com/image/private/f_auto,q_auto/league/mdn4he3iuc2mwx3cfvfj",14,CLE,0,0,0,0,0,0,0,0,0,0,0,0,,0,,,1,4,0,0,0,0,-0.15543838776648,0,27,50,312,2,1,1,464,142,13,-16.0156356517105,0,0.672413793103448,0.0992063492063492,0.106300114547537,0.2232196039928,0,41.6,68.6
2017,REG+POST,00-0032980,M.Johnson,Marcus Johnson,WR,WR,"https://static.www.nfl.com/image/private/f_auto,q_auto/league/pwq2yi4ewqtsx6buynay",6,PHI,0,0,0,0,0,0,0,0,0,0,0,0,,0,,,0,0,0,0,0,0,,0,5,8,45,0,1,1,138,7,3,0.614939748717006,0,0.326086956521739,0.0454545454545455,0.0825358851674641,0.125956937799043,0,2.5,7.5
2017,REG+POST,00-0033006,J.Mickens,Jaydon Mickens,WR,WR,"https://static.www.nfl.com/image/private/f_auto,q_auto/league/edjmdcnmfcqucsqym7ku",4,JAX,0,0,0,0,0,0,0,0,0,0,0,0,,0,,,0,0,0,0,0,0,,0,6,11,77,2,0,0,82,39,4,3.66929253036506,0,0.939024390243902,0.0866141732283465,0.0787704130643612,0.185060548987573,1,25.7,31.7
2017,REG+POST,00-0033009,T.Boyd,Tyler Boyd,WR,WR,"https://static.www.nfl.com/image/private/f_auto,q_auto/league/vconwllovf9jqxpu9mow",10,CIN,0,0,0,0,0,0,0,0,0,0,0,0,,0,,,0,0,0,0,0,0,,0,22,32,225,2,0,0,205,91,14,4.93572602627062,0,1.09756097560976,0.0996884735202492,0.0859178541492037,0.209675208184816,0,34.5,56.5
2017,REG+POST,00-0033025,J.Richard,Jalen Richard,RB,RB,"https://static.www.nfl.com/image/private/f_auto,q_auto/league/evmn0ccnvk73tukpmk5f",15,LV,0,0,0,0,0,0,0,0,0,0,0,0,,0,,,56,275,1,1,1,10,-7.7943338273908,0,27,36,256,1,1,1,55,227,13,9.43637036082779,0,4.65454545454545,0.0704500978473581,0.0130734490135488,0.114826561080521,0,61.1,88.1
2017,REG+POST,00-0033040,T.Hill,Tyreek Hill,WR,WR,"https://static.www.nfl.com/image/private/f_auto,q_auto/league/lsszbdnkusxc7mduw5be",16,KC,0,1,0,0,1,0,0,0,0,9,0,0,-5.1403229686548,0,0.0,,18,73,0,0,0,4,-3.62128488632152,0,82,116,1270,7,0,0,1292,533,43,56.4534958321547,0,0.98297213622291,0.220952380952381,0.313516136859985,0.550889867230561,1,180.3,262.3
2017,REG+POST,00-0033043,A.Traylor,Austin Traylor,TE,TE,"https://static.www.nfl.com/image/private/f_auto,q_auto/league/mxmi7iepd10ie7bn4hqm",4,DEN,0,0,0,0,0,0,0,0,0,0,0,0,,0,,,0,0,0,0,0,0,,0,8,13,100,0,0,0,122,42,6,4.32002091949107,0,0.819672131147541,0.0860927152317881,0.114553990610329,0.209326866274912,0,10.0,18.0
2017,REG+POST,00-0033045,E.Elliott,Ezekiel Elliott,RB,RB,"https://static.www.nfl.com/image/upload/f_auto,q_auto/league/qf0zgze0wkbvu9rlvolf",10,DAL,0,0,0,0,0,0,0,0,0,0,0,0,,0,,,242,983,7,1,1,55,-4.98543067562764,0,26,38,269,2,0,0,8,281,6,-7.28003082758629,0,33.625,0.131487889273356,0.00367478180983,0.199804181176916,0,177.2,203.2
2017,REG+POST,00-0033060,L.Carroo,Leonte Carroo,WR,WR,"https://static.www.nfl.com/image/private/f_auto,q_auto/league/rtyecvs5rx9awmpdk4c8",4,MIA,0,0,0,0,0,0,0,0,0,0,0,0,,0,,,0,0,0,0,0,0,,0,7,14,69,0,0,0,116,11,4,-5.90249020843983,0,0.594827586206897,0.0886075949367089,0.0861172976985895,0.193193500794076,0,6.9,13.9
2017,REG+POST,00-0033069,B.Miller,Braxton Miller,WR,WR,"https://static.www.nfl.com/image/private/f_auto,q_auto/league/ya38kjppomtdyqbq5cyg",10,HOU,0,0,0,0,0,0,0,0,0,0,0,0,,0,,,1,1,0,0,0,0,-0.698323410004377,0,19,29,162,1,0,0,239,61,7,-0.125712704375232,0,0.677824267782427,0.10431654676259,0.100971694127588,0.227155006033196,0,22.3,41.3
2017,REG+POST,00-0033077,D.Prescott,Dak Prescott,QB,QB,"https://static.www.nfl.com/image/private/f_auto,q_auto/league/knx0jxponzfkusnyvjkn",16,DAL,308,490,3324,22,13,32,185,4,3,3942,1358,162,-29.2723015656068,0,0.843226788432268,0.0688270440147533,57,357,6,0,0,29,32.9967857122538,0,0,0,0,0,0,0,0,0,0,,0,,,,,0,260.66,260.66
2017,REG+POST,00-0033079,R.Louis,Ricardo Louis,WR,WR,"https://static.www.nfl.com/image/private/f_auto,q_auto/league/p5rkm45lscifejppmrb7",14,CLE,0,0,0,0,0,0,0,0,0,0,0,0,,0,,,0,0,0,0,0,0,,0,27,61,357,0,0,0,753,82,18,-16.2971397281761,0,0.474103585657371,0.120553359683794,0.169365721997301,0.299386044923802,0,35.7,62.7
2017,REG+POST,00-0033080,S.DeValve,Seth DeValve,TE,TE,"https://static.www.nfl.com/image/private/f_auto,q_auto/league/nrihd72oevgvvbhb8l6g",16,CLE,0,0,0,0,0,0,0,0,0,0,0,0,,0,,,0,0,0,0,0,0,,0,33,58,395,1,1,1,501,171,18,-3.67763579542846,0,0.788423153692615,0.102473498233216,0.0971871968962173,0.221741285177175,0,43.5,76.5
2017,REG+POST,00-0033087,M.Bundy,Marquis Bundy,WR,WR,"https://static.www.nfl.com/image/private/f_auto,q_auto/league/rqo12vl8mog1hptvk3im",1,NYG,0,0,0,0,0,0,0,0,0,0,0,0,,0,,,0,0,0,0,0,0,,0,0,3,0,0,0,0,20,0,0,-2.52761956617218,0,0.0,0.107142857142857,0.121212121212121,0.245562770562771,0,0.0,0.0
2017,REG+POST,00-0033090,H.Henry,Hunter Henry,TE,TE,"https://static.www.nfl.com/image/private/f_auto,q_auto/league/sdjob9akppefyo7py5tj",12,LAC,0,0,0,0,0,0,0,0,0,0,0,0,,0,,,0,0,0,0,0,0,,0,45,62,579,4,0,0,534,221,32,38.9372609612861,0,1.08426966292135,0.145539906103286,0.153713298791019,0.325909168308643,0,81.9,126.9
2017,REG+POST,00-0033094,M.Hall,Marvin Hall,WR,WR,"https://static.www.nfl.com/image/private/f_auto,q_auto/league/dgyruyvyeuy4cwxhysox",6,ATL,0,0,0,0,0,0,0,0,0,0,0,0,,0,,,0,0,0,0,0,0,,0,2,9,60,1,0,0,144,0,2,-1.3842374762753,0,0.416666666666667,0.05,0.0891089108910891,0.137376237623762,0,12.0,14.0
2017,REG+POST,00-0033095,G.Griffin,Garrett Griffin,TE,TE,"https://static.www.nfl.com/image/private/f_auto,q_auto/league/ss70hidq9xcteze3rdeg",1,NO,0,0,0,0,0,0,0,0,0,0,0,0,,0,,,0,0,0,0,0,0,,0,1,1,4,0,0,0,4,0,0,0.038114589639008,0,1.0,0.0333333333333333,0.0161290322580645,0.0612903225806452,0,0.4,1.4
2017,REG+POST,00-0033104,C.Kessler,Cody Kessler,QB,QB,"https://static.www.nfl.com/image/private/f_auto,q_auto/league/gkvutiyutml2atftmu09",3,CLE,11,23,126,0,1,6,48,0,0,228,69,6,-15.2889663635792,0,0.552631578947369,-1.60373681491049e-05,1,-1,0,0,0,0,0.0,0,0,0,0,0,0,0,0,0,0,,0,,,,,0,2.94,2.94
2017,REG+POST,00-0033106,J.Goff,Jared Goff,QB,QB,"https://static.www.nfl.com/image/private/f_auto,q_auto/league/nyitt4ybuzopzjzddafi",16,LA,320,522,4063,29,7,28,185,7,2,4184,2061,188,91.7992581009601,0,0.971080305927342,0.107482206315207,28,51,1,1,1,3,-11.0870676504136,0,0,0,0,0,0,0,0,0,0,,0,,,,,0,269.62,269.62
2017,REG+POST,00-0033108,P.Lynch,Paxton Lynch,QB,QB,"https://static.www.nfl.com/image/private/f_auto,q_auto/league/vtlr44rcvfumnmcowevo",2,DEN,30,45,295,2,3,9,51,2,1,379,119,15,-19.6837436146107,0,0.778364116094987,0.0475837876820589,5,30,0,0,0,2,1.23102992097847,0,0,0,0,0,0,0,0,0,0,,0,,,,,0,14.8,14.8
2017,REG+POST,00-0033110,T.Higbee,Tyler Higbee,TE,TE,"https://static.www.nfl.com/image/private/f_auto,q_auto/league/vk9c6lr4d1pdt9sr86ua",15,LA,0,0,0,0,0,0,0,0,0,0,0,0,,0,,,0,0,0,0,0,0,,0,26,47,306,1,0,0,490,85,12,-0.610600209765265,0,0.624489795918367,0.094758064516129,0.122285999500873,0.227737296424805,0,36.6,62.6
2017,REG+POST,00-0033111,P.Cooper,Pharoh Cooper,WR,WR,"https://static.www.nfl.com/image/private/f_auto,q_auto/league/mnsqfcfqiehw5aocr1lg",11,LA,0,0,0,0,0,0,0,0,0,0,0,0,,0,,,1,6,0,0,0,1,0.749561898468528,0,11,19,84,0,0,0,138,54,3,-10.9019057442643,0,0.608695652173913,0.0574018126888218,0.0494801003944066,0.120738789309317,1,15.0,26.0
2017,REG+POST,00-0033114,M.Thomas,Mike Thomas,WR,WR,"https://static.www.nfl.com/image/private/f_auto,q_auto/league/sytj4awk8kseyootqzec",4,LA,0,0,0,0,0,0,0,0,0,0,0,0,,0,,,0,0,0,0,0,0,,0,5,7,93,0,1,0,103,29,4,2.18729437972479,0,0.902912621359223,0.0526315789473684,0.096171802054155,0.146267629858961,0,9.3,14.3
2017,REG+POST,00-0033118,K.Drake,Kenyan Drake,RB,RB,"https://static.www.nfl.com/image/private/f_auto,q_auto/league/rp5apwel9vuk49b4lykn",14,MIA,0,0,0,0,0,0,0,0,0,0,0,0,,0,,,133,644,3,2,2,24,-13.7110841948306,1,32,48,239,1,0,0,31,214,7,-3.76119480721536,0,7.70967741935484,0.104575163398693,0.0097915350600126,0.163716819640048,0,110.3,142.3
2017,REG+POST,00-0033119,J.Brissett,Jacoby Brissett,QB,QB,"https://static.www.nfl.com/image/private/f_auto,q_auto/league/wapkj7gxu9waxattqkok",16,IND,276,469,3098,13,7,52,305,5,2,3513,1574,143,-44.025195397621,0,0.881867349843439,0.0124340791845801,63,260,4,3,1,14,-2.25364621694527,0,0,0,0,0,0,0,0,0,0,,0,,,,,0,205.92,205.92
2017,REG+POST,00-0033127,W.Fuller,Will Fuller,WR,WR,"https://static.www.nfl.com/image/private/f_auto,q_auto/league/dgemxvhu8ffqmvmqczks",10,HOU,0,0,0,0,0,0,0,0,0,0,0,0,,0,,,2,9,0,0,0,0,-0.118656117003411,0,28,50,423,7,0,0,794,99,21,12.548080227258,0,0.532745591939547,0.163398692810458,0.236873508353222,0.410909495062942,0,85.2,113.2
2017,REG+POST,00-0033258,D.Daniels,Darrell Daniels,TE,TE,"https://static.www.nfl.com/image/private/f_auto,q_auto/league/uite1keyl09qsvofsqzf",6,IND,0,0,0,0,0,0,0,0,0,0,0,0,,0,,,0,0,0,0,0,0,,0,3,13,26,0,0,0,95,16,2,-9.74875103594968,0,0.273684210526316,0.0769230769230769,0.0676638176638177,0.162749287749288,0,2.6,5.6
2017,REG+POST,00-0033266,J.Natson,JoJo Natson,WR,WR,"https://static.www.nfl.com/image/private/f_auto,q_auto/league/ctmojzcskxm2rhyotsxo",3,NYJ,0,0,0,0,0,0,0,0,0,0,0,0,,0,,,1,15,0,0,0,1,1.63827564707026,0,2,5,18,0,0,0,85,4,1,-0.0898759301926475,0,0.211764705882353,0.0476190476190476,0.0925925925925926,0.136243386243386,0,3.3,5.3
2017,REG+POST,00-0033280,C.McCaffrey,Christian McCaffrey,RB,RB,"https://static.www.nfl.com/image/private/f_auto,q_auto/league/navqer4chxxut5povzzw",17,CAR,0,0,0,0,0,0,0,0,0,0,0,0,,0,,,123,451,2,1,1,21,-15.2408501550672,0,86,121,752,6,0,0,275,662,40,17.7959126740026,0,2.73454545454545,0.228301886792453,0.0594851827817435,0.3840924581359,0,166.3,252.3
2017,REG+POST,00-0033282,C.Samuel,Curtis Samuel,WR,WR,"https://static.www.nfl.com/image/private/f_auto,q_auto/league/r71vsqs2fg7bvbt1jvzd",8,CAR,0,0,0,0,0,0,0,0,0,0,0,0,,0,,,4,64,0,0,0,3,3.91508796520066,0,15,26,115,0,0,0,256,41,6,-3.59446134229718,0,0.44921875,0.118721461187215,0.136606189967983,0.27370652475841,0,17.9,32.9
2017,REG+POST,00-0033288,G.Kittle,George Kittle,TE,TE,"https://static.www.nfl.com/image/private/f_auto,q_auto/league/bwx6bvkrxog0yf4h6fw1",15,SF,0,0,0,0,0,0,0,0,0,0,0,0,,0,,,0,0,0,0,0,0,,0,43,63,515,2,0,0,434,265,22,14.0183305016148,0,1.18663594470046,0.109756097560976,0.0944504896626768,0.230749489105337,0,63.5,106.5
2017,REG+POST,00-0033292,T.Taylor,Trent Taylor,WR,WR,"https://static.www.nfl.com/image/upload/f_auto,q_auto/league/wmb3t9vro76zykcac2tb",15,SF,0,0,0,0,0,0,0,0,0,0,0,0,,0,,,0,0,0,0,0,0,,0,43,60,430,2,0,0,408,190,27,12.4253204387443,0,1.05392156862745,0.104529616724739,0.0887921653971709,0.218948940865128,0,55.0,98.0
2017,REG+POST,00-0033293,A.Jones,Aaron Jones,RB,RB,"https://static.www.nfl.com/image/private/f_auto,q_auto/league/oo8yixhsahh4gznox7th",10,GB,0,0,0,0,0,0,0,0,0,0,0,0,,0,,,81,448,4,0,0,21,9.96764462895226,0,9,18,22,0,0,0,-5,30,2,-6.94352700943518,0,-4.4,0.0923076923076923,-0.0040322580645161,0.135638957816377,0,71.0,80.0
2017,REG+POST,00-0033295,E.McGuire,Elijah McGuire,RB,RB,"https://static.www.nfl.com/image/private/f_auto,q_auto/league/hf6svwovhi83xfee214j",15,NYJ,0,0,0,0,0,0,0,0,0,0,0,0,,0,,,88,315,1,1,1,14,-20.1296920959804,1,17,26,177,1,1,1,78,142,9,2.2140822054999,0,2.26923076923077,0.0938628158844765,0.0363636363636364,0.16624876928126,0,59.2,76.2
2017,REG+POST,00-0033304,D.Mays,Devante Mays,RB,RB,"https://static.www.nfl.com/image/private/f_auto,q_auto/league/bskrf2k3ig8sihyvg3eq",2,GB,0,0,0,0,0,0,0,0,0,0,0,0,,0,,,4,1,0,2,1,0,-6.66791111137718,0,3,3,0,0,0,0,-5,5,0,-2.94336064701201,0,0.0,0.0967741935483871,-0.0267379679144385,0.126444712782474,0,-1.9,1.1
2017,REG+POST,00-0033307,K.Bourne,Kendrick Bourne,WR,WR,"https://static.www.nfl.com/image/private/f_auto,q_auto/league/vrovcaqql9p6xsycko83",10,SF,0,0,0,0,0,0,0,0,0,0,0,0,,0,,,0,0,0,0,0,0,,0,16,34,257,0,0,0,392,114,12,7.81491942567493,0,0.655612244897959,0.0941828254847645,0.137882518466409,0.237792001153633,0,25.7,41.7
2017,REG+POST,00-0033308,M.Breida,Matt Breida,RB,RB,"https://static.www.nfl.com/image/private/f_auto,q_auto/league/rc4m1xw0xmtsrxswd0bg",16,SF,0,0,0,0,0,0,0,0,0,0,0,0,,0,,,105,465,2,1,0,22,0.408529586711666,0,21,36,180,1,0,0,44,160,9,-2.47465145232439,0,4.09090909090909,0.0734693877551021,0.0116772823779193,0.118378179297197,0,82.5,103.5
2017,REG+POST,00-0033315,C.Hikutini,Cole Hikutini,TE,TE,"https://static.www.nfl.com/image/private/f_auto,q_auto/league/imh8lq08xfpt2r0euu1u",2,SF,0,0,0,0,0,0,0,0,0,0,0,0,,0,,,0,0,0,0,0,0,,0,2,3,15,0,0,0,13,2,2,2.36378705751849,0,1.15384615384615,0.0410958904109589,0.0339425587467363,0.0854036267391538,0,1.5,3.5
2017,REG+POST,00-0033338,C.Carter,Cethan Carter,TE,TE,"https://static.www.nfl.com/image/private/f_auto,q_auto/league/soxu9ft40rqaizt9yizp",1,CIN,0,0,0,0,0,0,0,0,0,0,0,0,,0,,,0,0,0,0,0,0,,0,0,1,0,0,0,0,21,0,0,-0.470731758046895,0,0.0,0.0294117647058824,0.062874251497006,0.0881296231067277,0,0.0,0.0
2017,REG+POST,00-0033352,M.Clark,Michael Clark,WR,WR,"https://static.www.nfl.com/image/private/f_auto,q_auto/league/uypcdxyyoqmxmfmded1r",2,GB,0,0,0,0,0,0,0,0,0,0,0,0,,0,,,0,0,0,0,0,0,,0,4,14,41,0,0,0,234,11,2,-12.77603476285,0,0.175213675213675,0.197183098591549,0.334763948497854,0.530109411835822,0,4.1,8.1
2017,REG+POST,00-0033376,P.Ricard,Patrick Ricard,FB,RB,"https://static.www.nfl.com/image/private/f_auto,q_auto/league/wfjtva8ytwkmlcehbz4c",4,BAL,0,0,0,0,0,0,0,0,0,0,0,0,,0,,,0,0,0,0,0,0,,0,4,4,12,2,0,0,2,10,2,0.712397525378037,0,6.0,0.0289855072463768,0.0032258064516129,0.0457363253856943,0,13.2,17.2
2017,REG+POST,00-0033384,L.Daniels,LeShun Daniels,RB,RB,"https://static.www.nfl.com/image/private/f_auto,q_auto/league/bcpvourhqp6qdgcs8wdy",2,WAS,0,0,0,0,0,0,0,0,0,0,0,0,,0,,,3,14,0,0,0,0,-0.650126972643193,0,0,0,0,0,0,0,0,0,0,,0,,,,,0,1.4,1.4
2017,REG+POST,00-0033387,J.Hollister,Jacob Hollister,TE,TE,"https://static.www.nfl.com/image/private/f_auto,q_auto/league/qdny7ap8ly1ozectd8zu",10,NE,0,0,0,0,0,0,0,0,0,0,0,0,,0,,,1,5,0,0,0,0,0.0419960442814045,0,5,12,42,0,0,0,84,12,2,-6.23581830705808,0,0.5,0.030690537084399,0.0283114256825076,0.0658538036043538,0,4.7,9.7
2017,REG+POST,00-0033400,M.Haack,Matt Haack,P,SPEC,"https://static.www.nfl.com/image/private/f_auto,q_auto/league/piyf9wj7piroy6fqscvn",1,MIA,0,1,0,0,1,0,0,0,0,21,0,0,-1.32096196059138,0,0.0,,0,0,0,0,0,0,,0,0,0,0,0,0,0,0,0,0,,0,,,,,0,-2.0,-2.0
2017,REG+POST,00-0033413,D.Smith,De'Veon Smith,RB,RB,"https://static.www.nfl.com/image/private/f_auto,q_auto/league/kcu2rs5ripjvgiskb9er",1,MIA,0,0,0,0,0,0,0,0,0,0,0,0,,0,,,0,0,0,0,0,0,,0,3,3,27,0,0,0,8,19,1,1.17684362834552,0,3.375,0.0697674418604651,0.0296296296296296,0.125391903531438,0,2.7,5.7
2017,REG+POST,00-0033421,A.Auclair,Antony Auclair,TE,TE,"https://static.www.nfl.com/image/private/f_auto,q_auto/league/qkktgjw9l0ntyfiobegs",2,TB,0,0,0,0,0,0,0,0,0,0,0,0,,0,,,0,0,0,0,0,0,,0,2,2,25,0,0,0,5,20,2,1.85297694633482,0,5.0,0.0307692307692308,0.0179856115107914,0.0587437742114001,0,2.5,4.5
2017,REG+POST,00-0033434,B.Wilson,Bobo Wilson,WR,WR,"https://static.www.nfl.com/image/private/f_auto,q_auto/league/dxmqeel8jwf3yokvtg9a",3,TB,0,0,0,0,0,0,0,0,0,0,0,0,,0,,,3,8,0,0,0,0,-0.585262252483517,0,1,1,18,1,0,0,18,0,1,2.39465456607286,0,1.0,0.037037037037037,0.0532544378698225,0.0928336620644313,0,8.6,9.6
2017,REG+POST,00-0033449,I.Whitney,Isaac Whitney,WR,WR,"https://static.www.nfl.com/image/private/f_auto,q_auto/league/qovzmwpzbha2d7x4r4ek",1,LV,0,0,0,0,0,0,0,0,0,0,0,0,,0,,,0,0,0,0,0,0,,0,0,1,0,0,0,0,50,0,0,-1.08780767722055,0,0.0,0.0285714285714286,0.170648464163823,0.162311067771819,0,0.0,0.0
2017,REG+POST,00-0033460,J.Ross,John Ross,WR,WR,"https://static.www.nfl.com/image/private/f_auto,q_auto/league/u6ysgs3kj738n662uehl",3,CIN,0,0,0,0,0,0,0,0,0,0,0,0,,0,,,1,12,0,1,1,0,-7.21468568069395,0,0,2,0,0,0,0,46,0,0,-2.86857717484236,0,0.0,0.032258064516129,0.0923694779116466,0.113045731312346,0,-0.8,-0.8
2017,REG+POST,00-0033464,J.Chesson,Jehu Chesson,WR,WR,"https://static.www.nfl.com/image/private/f_auto,q_auto/league/nmn44gw214duhlpzasyi",2,KC,0,0,0,0,0,0,0,0,0,0,0,0,,0,,,0,0,0,0,0,0,,0,2,4,18,0,0,0,10,15,2,-0.460588679357898,0,1.8,0.0588235294117647,0.0200400801603206,0.102263350229872,0,1.8,3.8
2017,REG+POST,00-0033466,I.McKenzie,Isaiah McKenzie,WR,WR,"https://static.www.nfl.com/image/upload/f_auto,q_auto/league/gy6grhpxsegfgklfadte",7,DEN,0,0,0,0,0,0,0,0,0,0,0,0,,0,,,1,4,0,0,0,0,-0.183822321239859,0,4,13,29,0,0,0,203,10,2,-13.4134028241388,0,0.142857142857143,0.0593607305936073,0.111784140969163,0.167289994568825,0,3.3,7.3
2017,REG+POST,00-0033514,E.Byrd,Emanuel Byrd,TE,TE,"https://static.www.nfl.com/image/private/f_auto,q_auto/league/zjib7pwkvetor37oqw8v",1,GB,0,0,0,0,0,0,0,0,0,0,0,0,,0,,,0,0,0,0,0,0,,0,2,2,31,0,0,0,4,27,1,2.0484105538344,0,7.75,0.0645161290322581,0.0213903743315508,0.111747455580473,0,3.1,5.1
2017,REG+POST,00-0033526,S.Perine,Samaje Perine,RB,RB,"https://static.www.nfl.com/image/private/f_auto,q_auto/league/kpdo0ztyzhjobhk4p29a",13,WAS,0,0,0,0,0,0,0,0,0,0,0,0,,0,,,175,603,1,2,2,22,-36.5925772753695,0,22,24,182,1,0,0,-23,206,9,10.3094513512333,0,-7.91304347826087,0.0740740740740741,-0.0124324324324324,0.102408408408408,0,86.5,108.5
2017,REG+POST,00-0033528,J.Sprinkle,Jeremy Sprinkle,TE,TE,"https://static.www.nfl.com/image/private/f_auto,q_auto/league/cncqiyqmj7ohm5k70bog",3,WAS,0,0,0,0,0,0,0,0,0,0,0,0,,0,,,0,0,0,0,0,0,,0,2,3,13,1,0,0,20,3,1,1.51357024384197,0,0.65,0.0309278350515464,0.0203252032520325,0.0606193948537424,0,7.3,9.3
2017,REG+POST,00-0033536,M.Williams,Mike Williams,WR,WR,"https://static.www.nfl.com/image/private/f_auto,q_auto/league/oaa76gdfwdhaum4b5qkh",9,LAC,0,0,0,0,0,0,0,0,0,0,0,0,,0,,,0,0,0,0,0,0,,0,11,23,95,0,0,0,262,11,7,-14.1767031297357,0,0.362595419847328,0.0749185667752443,0.09935532802427,0.181926579779855,0,9.5,20.5
2017,REG+POST,00-0033537,D.Watson,Deshaun Watson,QB,QB,"https://static.www.nfl.com/image/private/f_auto,q_auto/league/otfs2docj6eahaebo5xn",7,HOU,126,204,1699,19,8,19,116,2,1,2242,677,84,25.6458821184929,1,0.757805530776093,0.160545934521094,36,269,2,1,0,14,16.2972447619928,1,0,0,0,0,0,0,0,0,0,,0,,,,,0,168.86,168.86
2017,REG+POST,00-0033553,J.Conner,James Conner,RB,RB,"https://static.www.nfl.com/image/private/f_auto,q_auto/league/rmqdvrhlmhhyyrhp3vyu",12,PIT,0,0,0,0,0,0,0,0,0,0,0,0,,0,,,32,144,0,0,0,4,-0.302159898361424,0,0,1,0,0,0,0,-4,0,0,-0.45651018503122,0,0.0,0.0185185185185185,-0.0084210526315789,0.0218830409356725,0,14.4,14.4
2017,REG+POST,00-0033555,M.Hollins,Mack Hollins,WR,WR,"https://static.www.nfl.com/image/private/f_auto,q_auto/league/fe6e0gnullhxbgt6ohhg",13,PHI,0,0,0,0,0,0,0,0,0,0,0,0,,0,,,0,0,0,0,0,0,,0,17,24,235,1,0,0,295,47,8,11.8821216498618,0,0.796610169491525,0.0529801324503311,0.0687966417910448,0.127627847929228,0,29.5,46.5
2017,REG+POST,00-0033556,T.Cohen,Tarik Cohen,RB,RB,"https://static.www.nfl.com/image/private/f_auto,q_auto/league/pm0uewrl0ugotlc5wbpc",16,CHI,1,2,21,1,0,0,0,0,0,49,0,1,3.06926596071571,0,0.428571428571429,,87,370,2,2,1,17,-12.2779813254892,0,53,71,353,1,0,0,157,303,9,-15.0626609488082,0,2.2484076433121,0.151709401709402,0.0454940596928427,0.259409944349092,1,99.14,152.14
2017,REG+POST,00-0033559,M.Roberts,Michael Roberts,TE,TE,"https://static.www.nfl.com/image/private/f_auto,q_auto/league/budz2kcuoa7xbjfrfurg",5,DET,0,0,0,0,0,0,0,0,0,0,0,0,,0,,,0,0,0,0,0,0,,0,4,7,46,0,0,0,48,12,2,1.91129407056724,0,0.958333333333333,0.0372340425531915,0.0385542168674699,0.0828390156370162,0,4.6,8.6
2017,REG+POST,00-0033562,R.Switzer,Ryan Switzer,WR,WR,"https://static.www.nfl.com/image/private/f_auto,q_auto/league/s7w7b3uxhppii72mttcu",7,DAL,0,0,0,0,0,0,0,0,0,0,0,0,,0,,,4,5,0,0,0,0,-2.10763392224908,0,6,7,41,0,0,0,33,18,4,3.16150659054983,0,1.24242424242424,0.0886075949367089,0.0633397312859885,0.177249204305255,1,10.6,16.6
2017,REG+POST,00-0033567,B.Hill,Brian Hill,RB,RB,"https://static.www.nfl.com/image/private/f_auto,q_auto/league/bsgtdhaylnpxdhfxtx0y",3,CIN,0,0,0,0,0,0,0,0,0,0,0,0,,0,,,11,37,0,0,0,2,-1.40463256207295,0,2,2,36,0,0,0,4,32,1,1.04674433969194,0,9.0,0.0263157894736842,0.0062015503875969,0.0438147694818441,0,7.3,9.3
2017,REG+POST,00-0033572,J.Agnew,Jamal Agnew,WR,WR,"https://static.www.nfl.com/image/private/f_auto,q_auto/league/at0skjo9xsjgobkvqqz5",6,DET,0,0,0,0,0,0,0,0,0,0,0,0,,0,,,2,9,0,0,0,1,0.318634313764051,0,2,2,18,0,0,0,-6,24,1,1.06080538674723,0,0.0,0.0256410256410256,-0.0092307692307692,0.032,2,14.7,16.7
2017,REG+POST,00-0033573,S.Gibson,Shelton Gibson,WR,WR,"https://static.www.nfl.com/image/private/f_auto,q_auto/league/ooeitkt377s485zhchsi",1,PHI,0,0,0,0,0,0,0,0,0,0,0,0,,0,,,0,0,0,0,0,0,,0,2,3,11,0,0,0,23,-3,0,-3.86213809755282,0,0.478260869565217,0.0909090909090909,0.127777777777778,0.225808080808081,0,1.1,3.1
2017,REG+POST,00-0033581,D.Henderson,De'Angelo Henderson Sr.,RB,RB,"https://static.www.nfl.com/image/private/f_auto,q_auto/league/jgr8ujycflajknnwxlnr",3,DEN,0,0,0,0,0,0,0,0,0,0,0,0,,0,,,7,13,0,0,0,2,-5.41857623262331,0,2,2,36,1,0,0,1,35,1,2.87556857574964,0,36.0,0.0294117647058824,0.0021367521367521,0.04561337355455,0,10.9,12.9
2017,REG+POST,00-0033591,N.Brown,Noah Brown,WR,WR,"https://static.www.nfl.com/image/upload/f_auto,q_auto/league/skdu8rnw7nwgxdkaonyi",7,DAL,0,0,0,0,0,0,0,0,0,0,0,0,,0,,,0,0,0,0,0,0,,0,4,9,33,0,0,0,59,22,3,-2.99829990847502,0,0.559322033898305,0.046875,0.0593561368209256,0.111861795774648,0,3.3,7.3
2017,REG+POST,00-0033594,C.Carson,Chris Carson,RB,RB,"https://static.www.nfl.com/image/private/f_auto,q_auto/league/zxjqunrgf4j8p2eg4xyl",4,SEA,0,0,0,0,0,0,0,0,0,0,0,0,,0,,,49,208,0,0,0,11,-4.31930923264008,0,7,8,59,1,0,0,17,46,3,4.43124905473087,0,3.47058823529412,0.0571428571428571,0.012630014858841,0.0945552961154744,0,32.7,39.7
2017,REG+POST,00-0033596,M.Dayes,Matt Dayes,RB,RB,"https://static.www.nfl.com/image/private/f_auto,q_auto/league/gf7t1ooy0mqwgszd7ihi",5,CLE,0,0,0,0,0,0,0,0,0,0,0,0,,0,,,5,13,0,0,0,1,-0.211537934577791,0,4,5,29,0,0,0,7,22,1,-1.94281560188392,0,4.14285714285714,0.0526315789473684,0.0130597014925373,0.0880891594658288,0,4.2,8.2
2017,REG+POST,00-0033611,R.Seals-Jones,Ricky Seals-Jones,TE,TE,"https://static.www.nfl.com/image/private/f_auto,q_auto/league/nqwpbsutfe0anvjkqeux",8,ARI,0,0,0,0,0,0,0,0,0,0,0,0,,0,,,0,0,0,0,0,0,,0,12,28,201,3,0,0,319,74,10,3.52221065550111,0,0.630094043887147,0.1,0.120650529500756,0.23445537065053,0,38.1,50.1
2017,REG+POST,00-0033633,T.Gentry,Tanner Gentry,WR,WR,"https://static.www.nfl.com/image/private/f_auto,q_auto/league/ykdkdfncfuiirn9qsrk9",4,CHI,0,0,0,0,0,0,0,0,0,0,0,0,,0,,,0,0,0,0,0,0,,0,3,6,35,0,0,0,71,1,2,0.0134055341477506,0,0.492957746478873,0.06,0.0831381733021077,0.148196721311475,0,3.5,6.5
2017,REG+POST,00-0033662,C.Rush,Cooper Rush,QB,QB,"https://static.www.nfl.com/image/private/f_auto,q_auto/league/fu4tdizb3h6hofyszomi",2,DAL,1,3,2,0,0,0,0,0,0,1,6,0,-4.33477132365806,0,2.0,,2,13,0,0,0,1,-2.8594975725282,0,0,0,0,0,0,0,0,0,0,,0,,,,,0,1.38,1.38
2017,REG+POST,00-0033681,K.Cole,Keelan Cole,WR,WR,"https://static.www.nfl.com/image/private/f_auto,q_auto/league/djdjurxk3b6y347zirvz",19,JAX,0,0,0,0,0,0,0,0,0,0,0,0,,0,,,0,0,0,0,0,0,,0,45,89,830,3,2,1,1137,298,35,7.43027695054377,0,0.729991204925242,0.148333333333333,0.240278951817413,0.390695266272189,0,99.0,144.0
2017,REG+POST,00-0033699,A.Ekeler,Austin Ekeler,RB,RB,"https://static.www.nfl.com/image/private/f_auto,q_auto/league/s1e7ejmmjkaxbv9zhvfl",13,LAC,0,0,0,0,0,0,0,0,0,0,0,0,,0,,,47,260,2,1,1,12,0.171488608029904,0,27,35,279,3,1,1,40,246,12,4.57121771743783,0,6.975,0.0762527233115468,0.0116076610562972,0.122504447706728,0,79.9,106.9
2017,REG+POST,00-0033717,T.Rudolph,Travis Rudolph,WR,WR,"https://static.www.nfl.com/image/private/f_auto,q_auto/league/o0iahve7ehmall8yuskh",6,NYG,0,0,0,0,0,0,0,0,0,0,0,0,,0,,,0,0,0,0,0,0,,0,8,21,101,0,0,0,168,43,4,-7.53787622763775,0,0.601190476190476,0.110526315789474,0.128933231005372,0.256042735387971,0,10.1,18.1
2017,REG+POST,00-0033725,C.Clement,Corey Clement,RB,RB,"https://static.www.nfl.com/image/private/f_auto,q_auto/league/rrbdxl0frmnyr1qcgexd",17,PHI,0,0,0,0,0,0,0,0,0,0,0,0,,0,,,80,354,4,0,0,22,3.82930996148791,1,20,26,262,3,0,0,33,242,12,19.3587192503261,0,7.93939393939394,0.0562770562770563,0.009847806624888,0.0913090490530061,0,105.6,125.6
2017,REG+POST,00-0033748,Ti.Green,Tion Green,RB,RB,"https://static.www.nfl.com/image/private/f_auto,q_auto/league/i7qsig5m3dmdkubkl97k",5,DET,0,0,0,0,0,0,0,0,0,0,0,0,,0,,,42,165,2,0,0,9,-0.131765497702872,0,2,2,14,0,0,0,0,14,0,0.965572490356863,0,0.0,0.0689655172413793,,,0,29.9,31.9
2017,REG+POST,00-0033760,J.Davis,Justin Davis,RB,RB,"https://static.www.nfl.com/image/private/f_auto,q_auto/league/lxkhwmzny52eexsdyqnq",1,LA,0,0,0,0,0,0,0,0,0,0,0,0,,0,,,1,1,0,0,0,0,-0.357370262499899,0,0,0,0,0,0,0,0,0,0,,0,,,,,0,0.1,0.1
2017,REG+POST,00-0033770,J.Hardee,Justin Hardee,CB,DB,"https://static.www.nfl.com/image/private/f_auto,q_auto/league/cgnntlve9jglm2cqwigt",1,NO,0,0,0,0,0,0,0,0,0,0,0,0,,0,,,0,0,0,0,0,0,,0,0,0,0,0,0,0,0,0,0,,0,,,,,1,6.0,6.0
2017,REG+POST,00-0033796,M.Williams,Marquez Williams,FB,RB,"https://static.www.nfl.com/image/private/f_auto,q_auto/league/djpqgwvw0xzixqzz6b4l",1,CLE,0,0,0,0,0,0,0,0,0,0,0,0,,0,,,0,0,0,0,0,0,,0,0,1,0,0,0,0,1,0,0,-0.435534881427884,0,0.0,0.0333333333333333,0.0034843205574912,0.0524390243902439,0,0.0,0.0
2017,REG+POST,00-0033838,T.Edmunds,Trey Edmunds,RB,RB,"https://static.www.nfl.com/image/private/f_auto,q_auto/league/xuzfvi2xmfnlkmlbqun3",1,NO,0,0,0,0,0,0,0,0,0,0,0,0,,0,,,9,48,1,0,0,1,-1.47676391978633,0,0,0,0,0,0,0,0,0,0,,0,,,,,0,10.8,10.8
2017,REG+POST,00-0033839,D.Westbrook,Dede Westbrook,WR,WR,"https://static.www.nfl.com/image/private/f_auto,q_auto/league/jjlxw2ircxecpx3ipeax",10,JAX,0,0,0,0,0,0,0,0,0,0,0,0,,0,,,0,0,0,0,0,0,,0,34,65,424,1,1,0,795,124,20,-0.279397611818802,0,0.533333333333333,0.205696202531646,0.320564516129032,0.532939465087791,0,48.4,82.4
2017,REG+POST,00-0033840,C.Hansen,Chad Hansen,WR,WR,"https://static.www.nfl.com/image/private/f_auto,q_auto/league/vnqylrclnnacn5lymvrk",6,NYJ,0,0,0,0,0,0,0,0,0,0,0,0,,0,,,0,0,0,0,0,0,,0,9,17,94,0,0,0,172,22,6,1.50832335889572,0,0.546511627906977,0.0825242718446602,0.0932754880694143,0.18907924941558,0,9.4,18.4
2017,REG+POST,00-0033855,C.Thompson,Chris Thompson,WR,WR,"https://static.www.nfl.com/image/private/f_auto,q_auto/league/go7ih9czk1n7l7d3iszk",3,HOU,0,0,0,0,0,0,0,0,0,0,0,0,,0,,,0,0,0,0,0,0,,0,5,6,84,0,0,0,58,30,5,6.96540874935454,0,1.44827586206897,0.06,0.0557692307692308,0.129038461538462,0,8.4,13.4
2017,REG+POST,00-0033856,L.Fournette,Leonard Fournette,RB,RB,"https://static.www.nfl.com/image/private/f_auto,q_auto/league/atxppoc7zqcjnbnk0awz",16,JAX,0,0,0,0,0,0,0,0,0,0,0,0,,0,,,338,1282,13,2,0,61,-18.505666859369,0,43,60,346,1,0,0,56,334,18,5.36835943025618,0,6.17857142857143,0.117647058823529,0.0161197466896949,0.187754410918081,0,246.8,289.8
2017,REG+POST,00-0033857,J.Smith-Schuster,JuJu Smith-Schuster,WR,WR,"https://static.www.nfl.com/image/private/f_auto,q_auto/league/ypoituliieghtndjrzaz",14,PIT,0,0,0,0,0,0,0,0,0,0,0,0,,0,,,0,0,0,0,0,0,,0,61,84,922,8,0,0,759,436,40,52.6865591918671,0,1.21475625823452,0.169014084507042,0.163789382822615,0.368173694736394,1,146.2,207.2
2017,REG+POST,00-0033858,J.Smith,Jonnu Smith,TE,TE,"https://static.www.nfl.com/image/private/f_auto,q_auto/league/hbnnjc8knqoc95vzyol4",15,TEN,0,0,0,0,0,0,0,0,0,0,0,0,,0,,,0,0,0,0,0,0,,0,21,35,176,2,0,0,220,105,6,-4.49202131701168,0,0.8,0.0733752620545073,0.0514619883040936,0.146086284894627,0,29.6,50.6
2017,REG+POST,00-0033859,J.Malone,Josh Malone,WR,WR,"https://static.www.nfl.com/image/private/f_auto,q_auto/league/q0qpgsvrkxi4al0dkjij",9,CIN,0,0,0,0,0,0,0,0,0,0,0,0,,0,,,2,2,0,0,0,0,-1.31069006910548,0,6,17,63,1,0,0,272,19,3,-5.42239139977545,0,0.231617647058824,0.0622710622710623,0.135932033983008,0.188559017194699,0,12.5,18.5
2017,REG+POST,00-0033869,M.Trubisky,Mitchell Trubisky,QB,QB,"https://static.www.nfl.com/image/private/f_auto,q_auto/league/egmpgvzck6v2unbh0plp",12,CHI,196,330,2193,7,7,31,196,5,2,2571,987,100,-43.5750966896695,0,0.852975495915986,-0.0023512814170944,41,248,2,5,1,12,0.197583665833999,1,0,0,0,0,0,0,0,0,0,,0,,,,,0,134.52,134.52
2017,REG+POST,00-0033871,C.Davis,Corey Davis,WR,WR,"https://static.www.nfl.com/image/private/f_auto,q_auto/league/hr0uv4ai1zhkn7nof2a2",13,TEN,0,0,0,0,0,0,0,0,0,0,0,0,,0,,,0,0,0,0,0,0,,0,43,80,473,2,1,0,926,130,24,-10.4709618926662,0,0.510799136069115,0.198019801980198,0.247131038163864,0.470021429685002,0,59.3,102.3
2017,REG+POST,00-0033873,P.Mahomes,Patrick Mahomes,QB,QB,"https://static.www.nfl.com/image/private/f_auto,q_auto/league/oagzjdsdoezmp6frggrn",1,KC,22,35,284,0,1,2,15,0,0,261,174,14,7.88887747811473,0,1.08812260536398,0.132095726617803,7,10,0,0,0,0,-2.46916182464338,0,0,0,0,0,0,0,0,0,0,,0,,,,,0,10.36,10.36
2017,REG+POST,00-0033878,A.Jackson,Adoree' Jackson,CB,DB,"https://static.www.nfl.com/image/private/f_auto,q_auto/league/wz7ftjbrza2khve21rpl",4,TEN,0,0,0,0,0,0,0,0,0,0,0,0,,0,,,5,55,0,0,0,3,3.48962006880902,0,0,1,0,0,0,0,8,0,0,-2.80372785881627,0,0.0,0.032258064516129,0.023121387283237,0.0645720678724595,0,5.5,5.5
2017,REG+POST,00-0033879,O.Howard,O.J. Howard,TE,TE,"https://static.www.nfl.com/image/private/f_auto,q_auto/league/wlvviyfhdn5fz5p04r95",13,TB,0,0,0,0,0,0,0,0,0,0,0,0,,0,,,0,0,0,0,0,0,,0,26,39,432,6,3,2,456,152,19,17.0100679077441,0,0.947368421052632,0.0804123711340206,0.0938464704671743,0.186311086028053,0,75.2,101.2
2017,REG+POST,00-0033881,E.Engram,Evan Engram,TE,TE,"https://static.www.nfl.com/image/private/f_auto,q_auto/league/adr65rbw956sxntlph8a",15,NYG,0,0,0,0,0,0,0,0,0,0,0,0,,0,,,1,14,0,0,0,1,1.00191198545508,0,64,115,722,6,0,0,981,306,37,4.16626505346261,0,0.735983690112131,0.2,0.234408602150538,0.464086021505376,0,109.6,173.6
2017,REG+POST,00-0033885,D.Njoku,David Njoku,TE,TE,"https://static.www.nfl.com/image/private/f_auto,q_auto/league/ilvxwdllivrvwbuj69cm",16,CLE,0,0,0,0,0,0,0,0,0,0,0,0,,0,,,1,1,0,0,0,0,-0.400621259352192,0,32,60,386,4,0,0,609,151,17,2.9886172007536,0,0.633825944170772,0.106007067137809,0.118137730358875,0.241707011957926,0,62.7,94.7
2017,REG+POST,00-0033891,Z.Jones,Zay Jones,WR,WR,"https://static.www.nfl.com/image/private/f_auto,q_auto/league/pbmcmjxxjcrandbjmey7",15,BUF,0,0,0,0,0,0,0,0,0,0,0,0,,0,,,0,0,0,0,0,0,,0,29,78,336,2,0,0,1047,64,20,-14.1848543694298,0,0.320916905444126,0.168831168831169,0.266751592356688,0.439972867896435,0,45.6,74.6
2017,REG+POST,00-0033893,D.Cook,Dalvin Cook,RB,RB,"https://static.www.nfl.com/image/upload/f_auto,q_auto/league/kl291pby4vjh160bkirg",4,MIN,0,0,0,0,0,0,0,0,0,0,0,0,,0,,,74,354,2,1,1,15,-6.19495935106534,0,11,16,90,0,0,0,-8,104,3,-2.81089928061486,0,-11.25,0.122137404580153,-0.0082051282051282,0.177462517126639,0,54.4,65.4
2017,REG+POST,00-0033895,G.Everett,Gerald Everett,TE,TE,"https://static.www.nfl.com/image/private/f_auto,q_auto/league/te11unippqhdc6auox6i",14,LA,0,0,0,0,0,0,0,0,0,0,0,0,,0,,,1,13,0,0,0,1,1.08334523951635,0,17,34,248,2,1,1,298,108,7,-1.89995291233735,0,0.832214765100671,0.0752212389380531,0.0805405405405405,0.169210236785458,0,36.1,53.1
2017,REG+POST,00-0033896,A.Shaheen,Adam Shaheen,TE,TE,"https://static.www.nfl.com/image/private/f_auto,q_auto/league/rvj5swstfh0vf6f6w2hr",6,CHI,0,0,0,0,0,0,0,0,0,0,0,0,,0,,,0,0,0,0,0,0,,0,12,14,127,3,0,0,95,49,8,9.23143457767285,0,1.33684210526316,0.0773480662983425,0.0649350649350649,0.161476644902059,0,30.7,42.7
2017,REG+POST,00-0033897,J.Mixon,Joe Mixon,RB,RB,"https://static.www.nfl.com/image/private/f_auto,q_auto/league/pbijtl1blfdkvmwl4rsp",14,CIN,0,0,0,0,0,0,0,0,0,0,0,0,,0,,,178,626,4,1,1,35,-19.2839067653986,0,30,34,287,0,2,1,-31,313,9,4.42008144655847,0,-9.25806451612903,0.0871794871794872,-0.0108848314606742,0.123149848746759,0,111.3,141.3
2017,REG+POST,00-0033899,D.Kizer,DeShone Kizer,QB,QB,"https://static.www.nfl.com/image/private/f_auto,q_auto/league/ajaqaaxoogjnfgxduv4u",15,CLE,255,476,2894,11,22,38,226,6,5,4272,1440,130,-112.868852457418,0,0.677434456928839,-0.0096245838393454,77,419,5,3,1,28,18.4157702523359,0,0,0,0,0,0,0,0,0,0,,0,,,,,0,175.66,175.66
2017,REG+POST,00-0033906,A.Kamara,Alvin Kamara,RB,RB,"https://static.www.nfl.com/image/private/f_auto,q_auto/league/tl9enad6kiwv6cukf4vt",18,NO,0,0,0,0,0,0,0,0,0,0,0,0,,0,,,141,794,9,1,1,43,26.4294292688485,1,86,110,898,6,0,0,310,751,42,39.5215510170097,0,2.89677419354839,0.183333333333333,0.0802069857697283,0.33114489003881,1,265.2,351.2
2017,REG+POST,00-0033908,C.Kupp,Cooper Kupp,WR,WR,"https://static.www.nfl.com/image/private/f_auto,q_auto/league/bkahtsjkvnom1sbnb6xm",16,LA,0,1,0,0,0,0,0,0,0,-10,0,0,-0.398295828141272,0,0.0,,0,0,0,0,0,0,,0,70,107,938,6,1,1,916,373,46,41.6524626090731,0,1.02401746724891,0.205374280230326,0.218563588642329,0.46105593239512,0,127.8,197.8
2017,REG+POST,00-0033911,T.Taylor,Taywan Taylor,WR,WR,"https://static.www.nfl.com/image/private/f_auto,q_auto/league/n0kolr3zjappzojczo5w",18,TEN,0,0,0,0,0,0,0,0,0,0,0,0,,0,,,8,43,0,0,0,1,0.563804447650909,0,18,32,240,1,0,0,424,59,9,-0.263728779057741,0,0.566037735849057,0.0642570281124498,0.0930028515025225,0.16148753822044,0,34.3,52.3
2017,REG+POST,00-0033916,A.Stewart,ArDarius Stewart,WR,WR,"https://static.www.nfl.com/image/private/f_auto,q_auto/league/veeghpn7eg95a4yfr0uk",9,NYJ,0,0,0,0,0,0,0,0,0,0,0,0,,0,,,7,27,0,0,0,2,-0.657543833833188,0,6,13,82,0,0,0,112,19,2,-1.43692762678256,0,0.732142857142857,0.0548523206751055,0.0782122905027933,0.137027084364614,0,10.9,16.9
2017,REG+POST,00-0033921,C.Godwin,Chris Godwin,WR,WR,"https://static.www.nfl.com/image/private/f_auto,q_auto/league/rfdampf12giyojipbcxl",15,TB,0,0,0,0,0,0,0,0,0,0,0,0,,0,,,0,0,0,0,0,0,,0,34,55,525,1,0,0,725,169,27,23.3229133015468,0,0.724137931034483,0.0985663082437276,0.125432525951557,0.235652230531681,0,58.5,92.5
2017,REG+POST,00-0033923,K.Hunt,Kareem Hunt,RB,RB,"https://static.www.nfl.com/image/private/f_auto,q_auto/league/fmy9cgin9nv7ewyhsipr",17,KC,0,0,0,0,0,0,0,0,0,0,0,0,,0,,,283,1369,9,1,1,62,3.26387499427418,0,56,66,460,3,0,0,93,426,18,16.0124448219243,0,4.94623655913979,0.125714285714286,0.0225673380247513,0.204368565188754,0,252.9,308.9
2017,REG+POST,00-0033925,D.Foreman,D'Onta Foreman,RB,RB,"https://static.www.nfl.com/image/private/f_auto,q_auto/league/fhxviqgdrngc8gvvhnor",9,HOU,0,0,0,0,0,0,0,0,0,0,0,0,,0,,,78,327,2,2,1,13,-11.0950034739799,0,6,8,83,0,0,0,14,66,4,4.15620765456697,0,5.92857142857143,0.0579710144927536,0.0121527777777778,0.0954634661835749,0,51.0,57.0
2017,REG+POST,00-0033932,K.Golladay,Kenny Golladay,WR,WR,"https://static.www.nfl.com/image/private/f_auto,q_auto/league/vck7awhkwwhui3ndgts3",11,DET,0,0,0,0,0,0,0,0,0,0,0,0,,0,,,1,9,0,0,0,0,0.867485547438264,0,28,48,477,3,0,0,711,181,18,17.9364770838737,0,0.670886075949367,0.12972972972973,0.234266886326194,0.358581415022931,0,66.6,94.6
2017,REG+POST,00-0033933,C.Williams,Chad Williams,WR,WR,"https://static.www.nfl.com/image/private/f_auto,q_auto/league/euzfm4rfpar0i5lmm2df",5,ARI,0,0,0,0,0,0,0,0,0,0,0,0,,0,,,2,33,0,0,0,1,1.14294817729387,0,3,7,31,0,0,0,80,6,1,-1.77927856246242,0,0.3875,0.0457516339869281,0.0527009222661397,0.10551809656669,0,6.4,9.4
2017,REG+POST,00-0033936,C.Beathard,C.J. Beathard,QB,QB,"https://static.www.nfl.com/image/private/f_auto,q_auto/league/yw8euaevcvwswbx5w27w",6,SF,123,224,1430,4,6,19,141,3,2,1625,654,66,-41.1098579988891,0,0.88,-0.0137683824355682,26,136,3,0,0,9,6.93298135323103,0,0,0,0,0,0,0,0,0,0,,0,,,,,0,88.8,88.8
2017,REG+POST,00-0033937,A.Darboh,Amara Darboh,WR,WR,"https://static.www.nfl.com/image/private/f_auto,q_auto/league/q89vsyniuhgsk9ycw6tb",8,SEA,0,0,0,0,0,0,0,0,0,0,0,0,,0,,,0,0,0,0,0,0,,0,8,13,71,0,0,0,157,16,2,0.958047668333165,0,0.452229299363057,0.049618320610687,0.0630016051364366,0.118528604511536,0,7.1,15.1
2017,REG+POST,00-0033943,J.Reynolds,Josh Reynolds,WR,WR,"https://static.www.nfl.com/image/private/f_auto,q_auto/league/sxrgouqg155xtgtzesy9",8,LA,0,0,0,0,0,0,0,0,0,0,0,0,,0,,,0,0,0,0,0,0,,0,11,24,104,1,0,0,180,34,7,2.08134381498302,0,0.577777777777778,0.0944881889763779,0.0920245398773006,0.206149461378677,0,16.4,27.4
2017,REG+POST,00-0033948,J.Williams,Jamaal Williams,RB,RB,"https://static.www.nfl.com/image/private/f_auto,q_auto/league/qerbr9qnhpn27cyogu4x",14,GB,0,0,0,0,0,0,0,0,0,0,0,0,,0,,,153,556,4,0,0,32,-2.22785127887619,0,25,34,262,2,0,0,51,256,12,8.03794866224052,0,5.13725490196079,0.100890207715134,0.0226565970679698,0.167194929520279,0,117.8,142.8
2017,REG+POST,00-0033950,W.Gallman,Wayne Gallman,RB,RB,"https://static.www.nfl.com/image/private/f_auto,q_auto/league/zrc9lbsy94hxanrf5voo",13,NYG,0,0,0,0,0,0,0,0,0,0,0,0,,0,,,111,476,0,3,1,19,-5.60995467674833,0,34,48,193,1,0,0,20,201,8,-12.3733913625765,0,9.65,0.0987654320987654,0.0056274620146314,0.15208737155839,0,70.9,104.9
2017,REG+POST,00-0033951,M.Mack,Marlon Mack,RB,RB,"https://static.www.nfl.com/image/private/f_auto,q_auto/league/d3sdoo1yiey5oiyblulk",14,IND,0,0,0,0,0,0,0,0,0,0,0,0,,0,,,93,358,3,1,0,21,-9.17383687139954,0,21,33,225,1,0,0,-63,283,10,11.6874084423343,0,-3.57142857142857,0.0846153846153846,-0.0213342363697934,0.111989111464222,0,82.3,103.3
2017,REG+POST,00-0033958,N.Peterman,Nathan Peterman,QB,QB,"https://static.www.nfl.com/image/private/f_auto,q_auto/league/owifll49p0mmsjgf7rhn",5,BUF,24,51,245,2,6,1,5,0,0,425,74,14,-29.6457388079143,0,0.576470588235294,-0.0260362779139297,8,27,0,3,0,2,-0.176042269507889,0,0,0,0,0,0,0,0,0,0,,0,,,,,0,8.5,8.5
2017,REG+POST,00-0033968,S.Coley,Stacy Coley,WR,WR,"https://static.www.nfl.com/image/private/f_auto,q_auto/league/yawmfaxmvob2piqusoji",1,MIN,0,0,0,0,0,0,0,0,0,0,0,0,,0,,,0,0,0,0,0,0,,0,0,1,0,0,0,0,6,0,0,-0.458405314944685,0,0.0,0.0277777777777778,0.022140221402214,0.0571648216482165,0,0.0,0.0
2018,REG,00-0019596,T.Brady,Tom Brady,QB,QB,"https://static.www.nfl.com/image/private/f_auto,q_auto/league/q7dpdlxyu5rs05rgh1le",16,NE,375,570,4355,29,11,21,147,4,2,4487,2121,205,92.5519442171318,0,0.970581680410073,0.124241236315936,23,35,2,0,0,10,2.06422841569093,0,1,1,6,0,0,0,0,6,0,-0.220585573464632,0,0.0,0.025,,,0,280.3,281.3
2018,REG,00-0020531,D.Brees,Drew Brees,QB,QB,"https://static.www.nfl.com/image/private/f_auto,q_auto/league/i20xlpzdmn7xubotijjd",15,NO,364,489,3992,32,5,17,121,3,1,3502,1827,199,159.198955051221,1,1.13992004568818,0.213593521941903,31,22,4,0,0,11,7.61469894755282,0,1,1,1,0,0,0,-2,3,0,-0.848814587574452,0,0.0,0.0344827586206897,-0.0125,0.0429741379310345,0,303.98,304.98
2018,REG,00-0021206,J.McCown,Josh McCown,QB,QB,"https://static.www.nfl.com/image/private/f_auto,q_auto/league/qcauc37wqjdaxdbq1evu",4,NYJ,60,110,539,1,4,7,35,0,0,805,308,27,-32.3868832605492,0,0.669565217391304,-0.0246251196010374,5,32,0,0,0,2,2.84682585380506,0,0,0,0,0,0,0,0,0,0,,0,,,,,0,20.76,20.76
2018,REG,00-0021547,A.Gates,Antonio Gates,TE,TE,"https://static.www.nfl.com/image/private/f_auto,q_auto/league/kndulvysinvn4tpvt0bc",15,LAC,0,0,0,0,0,0,0,0,0,0,0,0,,0,,,0,0,0,0,0,0,,0,28,45,333,2,1,1,356,126,19,4.63839070640941,2,0.935393258426966,0.09375,0.0973209404045927,0.208749658283215,0,47.3,75.3
2018,REG,00-0022787,M.Schaub,Matt Schaub,QB,QB,"https://static.www.nfl.com/image/private/f_auto,q_auto/league/mj2kh2nddxnw04ludcx0",2,ATL,5,7,20,0,0,0,0,0,0,32,8,1,-2.43650824035285,0,0.625,0.0405595516204862,1,0,0,1,0,0,-1.40485743503086,0,1,1,-7,0,0,0,-7,0,0,-1.41032610100228,0,0.0,0.0222222222222222,-0.0194986072423398,0.0196843082636955,0,0.1,1.1
2018,REG,00-0022803,E.Manning,Eli Manning,QB,QB,"https://static.www.nfl.com/image/private/f_auto,q_auto/league/w51tf8uedjftbr4qpaex",16,NYG,380,576,4299,21,11,47,358,7,4,4229,2162,206,27.8333442102506,3,1.01655237644833,0.0788559451149325,15,20,1,0,0,5,6.78490248315134,0,0,0,0,0,0,0,0,0,0,,0,,,,,0,239.96,239.96
2018,REG,00-0022921,L.Fitzgerald,Larry Fitzgerald,WR,WR,"https://static.www.nfl.com/image/private/f_auto,q_auto/league/ycgjjaad5un42gy4pnga",16,ARI,1,1,32,1,0,0,0,0,0,28,4,1,3.08804284088546,0,1.14285714285714,,0,0,0,0,0,0,,0,69,112,734,6,0,0,1033,205,39,0.614336207116942,1,0.71055179090029,0.236786469344609,0.266511867905057,0.541738011550453,0,116.68,185.68
2018,REG,00-0022924,B.Roethlisberger,Ben Roethlisberger,QB,QB,"https://static.www.nfl.com/image/private/f_auto,q_auto/league/vziogpnyp9d0xtpiuqhr",16,PIT,452,675,5129,34,16,24,166,7,2,5254,2802,248,142.846189016395,4,0.976208602969166,0.14628324183912,31,98,3,0,0,13,11.1367030574766,0,1,1,-1,0,0,0,0,-1,0,-0.575267072184943,0,0.0,0.0222222222222222,,,0,340.86,341.86
2018,REG,00-0022942,P.Rivers,Philip Rivers,QB,QB,"https://static.www.nfl.com/image/private/f_auto,q_auto/league/voakyrtj34sghkwxaxxf",16,LAC,347,508,4308,32,12,32,204,1,1,3948,2119,213,137.726652802368,5,1.09118541033435,0.161301400580159,18,7,0,1,0,1,-14.5809071530405,0,0,0,0,0,0,0,0,0,0,,0,,,,,0,285.02,285.02
2018,REG,00-0022943,B.Watson,Benjamin Watson,TE,TE,"https://static.www.nfl.com/image/private/f_auto,q_auto/league/dorymozpdnrllkqlfzpu",13,NO,0,0,0,0,0,0,0,0,0,0,0,0,,0,,,0,0,0,0,0,0,,0,35,46,400,2,0,0,470,87,21,20.6360106591227,0,0.851063829787234,0.107476635514019,0.150351887396033,0.266461274448251,0,52.0,87.0
2018,REG,00-0023436,A.Smith,Alex Smith,QB,QB,"https://static.www.nfl.com/image/private/f_auto,q_auto/league/dpa5d1a8jj6jdymocjkx",10,WAS,205,328,2180,10,5,22,121,3,1,2650,975,106,-6.61701240472157,0,0.822641509433962,0.0594171777117927,41,168,1,3,0,15,11.9279611891252,0,0,0,0,0,0,0,0,0,0,,0,,,,,0,138.0,138.0
2018,REG,00-0023459,A.Rodgers,Aaron Rodgers,QB,QB,"https://static.www.nfl.com/image/private/f_auto,q_auto/league/gnta8ufi2vdp967dui9e",16,GB,372,597,4442,25,2,49,353,4,3,5241,2134,200,52.8180984379143,2,0.847548177828659,0.0888218227505113,43,269,2,2,0,20,21.600117174534,1,0,0,0,0,0,0,0,0,0,,0,,,,,0,312.58,312.58
2018,REG,00-0023500,F.Gore,Frank Gore,RB,RB,"https://static.www.nfl.com/image/private/f_auto,q_auto/league/lxxkhd2suyalrbruzut7",14,MIA,0,0,0,0,0,0,0,0,0,0,0,0,,0,,,156,722,0,1,0,25,-3.90575974230597,0,12,16,124,1,0,0,21,115,8,6.86517557341722,0,5.90476190476191,0.0579710144927536,0.0093499554764024,0.0935014905726122,0,90.6,102.6
2018,REG,00-0023564,D.Sproles,Darren Sproles,RB,RB,"https://static.www.nfl.com/image/private/f_auto,q_auto/league/gvj5ng27blmwuz170aeo",6,PHI,0,0,0,0,0,0,0,0,0,0,0,0,,0,,,29,120,1,0,0,6,0.286948493027229,0,15,23,160,2,0,0,28,127,6,11.5748144779063,0,5.71428571428571,0.12707182320442,0.0217054263565891,0.205801533256242,0,46.0,61.0
2018,REG,00-0023645,D.Anderson,Derek Anderson,QB,QB,"https://static.www.nfl.com/image/private/f_auto,q_auto/league/w191gsxivnqgdwgydka6",2,BUF,42,70,465,0,4,5,33,3,2,618,174,22,-38.5977860581913,0,0.752427184466019,0.0091811530403072,1,-1,0,0,0,0,1.4740977678448,0,0,0,0,0,0,0,0,0,0,,0,,,,,0,6.5,6.5
2018,REG,00-0023662,M.Cassel,Matt Cassel,QB,QB,"https://static.www.nfl.com/image/private/f_auto,q_auto/league/n1ucqggyu5hlsqzuv5gj",2,DET,7,17,59,0,1,1,13,0,0,124,29,2,-15.9669800809352,0,0.475806451612903,-0.114401629089392,2,13,0,0,0,1,2.352628548746,0,0,0,0,0,0,0,0,0,0,,0,,,,,0,1.66,1.66
2018,REG,00-0023682,R.Fitzpatrick,Ryan Fitzpatrick,QB,QB,"https://static.www.nfl.com/image/private/f_auto,q_auto/league/pkhhxwplsawnhln9rsun",8,TB,164,246,2366,17,12,14,76,4,1,2546,874,113,59.5682216293768,1,0.92930086410055,0.168121922367677,36,152,2,0,0,9,1.1229270898181,0,0,0,0,0,0,0,0,0,0,,0,,,,,0,165.84,165.84
2018,REG,00-0023853,M.Prater,Matt Prater,K,SPEC,"https://static.www.nfl.com/image/private/f_auto,q_auto/league/fqsjhn7vjb6lzhzctyiq",1,DET,1,1,8,1,0,0,0,0,0,8,0,1,4.07092762179673,0,1.0,,0,0,0,0,0,0,,0,0,0,0,0,0,0,0,0,0,,0,,,,,0,4.32,4.32
2018,REG,00-0024221,V.Davis,Vernon Davis,TE,TE,"https://static.www.nfl.com/image/private/f_auto,q_auto/league/so5ywayfeeu4zeijln5m",13,WAS,0,0,0,0,0,0,0,0,0,0,0,0,,0,,,0,0,0,0,0,0,,0,25,36,367,2,0,0,416,168,16,17.9291998010594,1,0.882211538461539,0.0867469879518072,0.124962451186543,0.217594197758291,0,50.7,75.7
2018,REG,00-0024243,M.Lewis,Marcedes Lewis,TE,TE,"https://static.www.nfl.com/image/private/f_auto,q_auto/league/ppq07tipygpftz5csipx",4,GB,0,0,0,0,0,0,0,0,0,0,0,0,,0,,,0,0,0,0,0,0,,0,3,4,39,0,0,0,5,31,1,1.95876046724152,0,7.8,0.0300751879699248,0.0042881646655231,0.0481144972207534,0,3.9,6.9
2018,REG,00-0024334,B.Marshall,Brandon Marshall,WR,WR,"https://static.www.nfl.com/image/private/f_auto,q_auto/league/jhziqh0scfksvxen6f3s",6,SEA,0,0,0,0,0,0,0,0,0,0,0,0,,0,,,0,0,0,0,0,0,,0,11,23,136,1,0,0,257,23,7,-2.5143833623611,0,0.529182879377432,0.145569620253165,0.181882519462137,0.345672194003243,0,19.6,30.6
2018,REG,00-0024348,K.Williams,Kyle Williams,DT,DL,"https://static.www.nfl.com/image/private/f_auto,q_auto/league/az6qa28sbmxfklqs9waz",1,BUF,0,0,0,0,0,0,0,0,0,0,0,0,,0,,,0,0,0,0,0,0,,0,1,1,9,0,0,0,-1,10,0,0.556532727205195,0,0.0,0.0416666666666667,-0.0074626865671641,0.0572761194029851,0,0.9,1.9
2018,REG,00-0024389,De.Walker,Delanie Walker,TE,TE,"https://static.www.nfl.com/image/private/f_auto,q_auto/league/diknegkpqy0qnri7877z",1,TEN,0,0,0,0,0,0,0,0,0,0,0,0,,0,,,0,0,0,0,0,0,,0,4,7,52,0,0,0,46,20,4,-4.93459316994995,0,1.1304347826087,0.184210526315789,0.177606177606178,0.400640113798009,0,5.2,9.2
2018,REG,00-0024417,S.Koch,Sam Koch,P,SPEC,"https://static.www.nfl.com/image/private/f_auto,q_auto/league/dw34lcf6qit1i1knjhpv",1,BAL,1,1,21,0,0,0,0,0,0,19,2,1,4.49072372843511,0,1.10526315789474,,0,0,0,0,0,0,,0,0,0,0,0,0,0,0,0,0,,0,,,,,0,0.84,0.84
2018,REG,00-0025394,A.Peterson,Adrian Peterson,RB,RB,"https://static.www.nfl.com/image/private/f_auto,q_auto/league/ug2ua3skqc9f6vkbowxc",16,WAS,0,0,0,0,0,0,0,0,0,0,0,0,,0,,,251,1042,7,2,1,47,-24.2657921242776,0,20,26,208,1,1,1,9,201,9,2.67842187074712,0,23.1111111111111,0.0680628272251309,0.0029013539651837,0.104125188613325,0,169.0,189.0
2018,REG,00-0025396,T.Ginn,Ted Ginn,WR,WR,"https://static.www.nfl.com/image/private/f_auto,q_auto/league/o4m4txrv9l7odyebnea4",5,NO,0,0,0,0,0,0,0,0,0,0,0,0,,0,,,3,26,0,0,0,1,0.793055294663645,0,17,30,209,2,1,1,499,48,10,-2.13326041057007,1,0.418837675350701,0.15,0.338305084745763,0.461813559322034,0,35.5,52.5
2018,REG,00-0025399,M.Lynch,Marshawn Lynch,RB,RB,"https://static.www.nfl.com/image/private/f_auto,q_auto/league/ddhpebfqtr9yxsnbx9ht",6,LV,0,0,0,0,0,0,0,0,0,0,0,0,,0,,,90,376,3,0,0,20,-2.75941792973246,0,15,20,84,0,0,0,-6,90,6,-1.40269426475455,0,-14.0,0.0888888888888889,-0.0050632911392405,0.129789029535865,0,64.0,79.0
2018,REG,00-0025415,J.Staley,Joe Staley,T,OL,"https://static.www.nfl.com/image/private/f_auto,q_auto/league/vzmoz5duiuoocv4qnyhl",1,SF,0,0,0,0,0,0,0,0,0,0,0,0,,0,,,0,0,0,0,0,0,,0,1,1,-5,0,0,0,-10,5,0,-1.04862846038304,0,0.0,0.03125,-0.045662100456621,0.0149115296803653,0,-0.5,0.5
2018,REG,00-0025418,G.Olsen,Greg Olsen,TE,TE,"https://static.www.nfl.com/image/private/f_auto,q_auto/league/jevf1bubmrv2vvmiwq3r",9,CAR,0,0,0,0,0,0,0,0,0,0,0,0,,0,,,0,0,0,0,0,0,,0,27,38,291,4,0,0,337,84,18,21.8033465814248,0,0.863501483679525,0.133333333333333,0.159112370160529,0.31137865911237,0,53.1,80.1
2018,REG,00-0025580,M.Crosby,Mason Crosby,K,SPEC,"https://static.www.nfl.com/image/private/f_auto,q_auto/league/usbwgcjsdcugjafgjzvt",1,GB,0,0,0,0,0,0,0,0,0,0,0,0,,0,,,0,0,0,0,0,0,,0,0,1,0,0,0,0,-2,0,0,-0.652180086064618,0,0.0,0.0222222222222222,-0.0061349693251533,0.029038854805726,0,0.0,0.0
2018,REG,00-0025944,S.Hauschka,Stephen Hauschka,K,SPEC,"https://static.www.nfl.com/image/private/f_auto,q_auto/league/dx2dsdejdbqrjltnkstm",1,BUF,0,0,0,0,0,0,0,0,0,0,0,0,,0,,,0,0,0,0,0,0,,0,0,1,0,0,0,0,-8,0,0,-2.96383269835496,0,0.0,0.05,-0.0522875816993464,0.0383986928104575,0,0.0,0.0
2018,REG,00-0026035,D.Amendola,Danny Amendola,WR,WR,"https://static.www.nfl.com/image/private/f_auto,q_auto/league/etz06w7s0ardf49mnayz",15,MIA,1,1,28,1,0,0,0,0,0,25,3,1,2.50178959069308,0,1.12,,1,-2,0,0,0,0,-0.718420931370929,0,59,79,575,1,0,0,589,229,27,-2.73806149594524,0,0.976230899830221,0.192214111922141,0.17908178777744,0.41367841932742,0,68.42,127.42
2018,REG,00-0026143,M.Ryan,Matt Ryan,QB,QB,"https://static.www.nfl.com/image/private/f_auto,q_auto/league/s6zam4ekrrnonsck6vak",16,ATL,422,608,4924,35,7,42,296,9,5,5201,2133,236,122.460632805271,2,0.946741011343972,0.164377783891942,33,125,3,0,0,15,5.74905038392791,0,1,1,5,1,0,0,1,4,1,2.71719941537594,0,5.0,0.0232558139534884,0.0026737967914438,0.0367553786842433,0,353.96,354.96
2018,REG,00-0026153,J.Stewart,Jonathan Stewart,RB,RB,"https://static.www.nfl.com/image/private/f_auto,q_auto/league/dzvxfj3xrgnzc3jbag2n",3,NYG,0,0,0,0,0,0,0,0,0,0,0,0,,0,,,6,17,0,0,0,0,-1.89039710717043,0,0,0,0,0,0,0,0,0,0,,0,,,,,0,1.7,1.7
2018,REG,00-0026158,J.Flacco,Joe Flacco,QB,QB,"https://static.www.nfl.com/image/upload/f_auto,q_auto/league/dwsbpmlhoqud0puidizt",9,BAL,232,379,2465,12,6,16,79,2,1,3237,1015,122,19.1797833552897,0,0.761507568736484,0.0705568568299265,19,45,0,1,0,10,0.174755844695028,0,0,0,0,0,0,0,0,0,0,,0,,,,,0,137.1,137.1
2018,REG,00-0026176,J.Nelson,Jordy Nelson,WR,WR,"https://static.www.nfl.com/image/private/f_auto,q_auto/league/bde2n4ozsakatgs4yyp2",15,LV,0,0,0,0,0,0,0,0,0,0,0,0,,0,,,1,-2,0,0,0,0,-1.17307024565525,0,63,88,739,3,0,0,812,241,36,19.0697035685159,1,0.910098522167488,0.175298804780877,0.234953703703704,0.427415799763907,0,93.7,156.7
2018,REG,00-0026189,D.Jackson,DeSean Jackson,WR,WR,"https://static.www.nfl.com/image/private/f_auto,q_auto/league/pr5m864fqvnoozihylrh",12,TB,0,0,0,0,0,0,0,0,0,0,0,0,,0,,,6,29,1,0,0,2,1.07408832170768,0,41,74,774,4,0,0,1421,181,31,14.0001565196953,0,0.544686840253343,0.149494949494949,0.270615120929347,0.413673008892967,0,110.3,151.3
2018,REG,00-0026197,C.Henne,Chad Henne,QB,QB,"https://static.www.nfl.com/image/private/f_auto,q_auto/league/ornr9pcnzveqlntqc7jx",1,KC,2,3,29,0,0,0,0,0,0,18,15,2,0.37695603776956,0,1.61111111111111,,1,3,0,0,0,0,-0.330853099003434,0,0,0,0,0,0,0,0,0,0,,0,,,,,0,1.46,1.46
2018,REG,00-0026213,J.Charles,Jamaal Charles,RB,RB,"https://static.www.nfl.com/image/private/f_auto,q_auto/league/mdrlzgankwwjldxllgcx",2,JAX,0,0,0,0,0,0,0,0,0,0,0,0,,0,,,6,7,0,0,0,0,-3.16783446347108,0,2,3,7,0,0,0,4,5,0,-1.02046285755932,0,1.75,0.0454545454545455,0.0088888888888888,0.0744040404040404,0,1.4,3.4
2018,REG,00-0026300,J.Johnson,Josh Johnson,QB,QB,"https://static.www.nfl.com/image/private/f_auto,q_auto/league/cm1r2n61r5knj97d41v5",4,WAS,52,91,590,3,4,9,67,2,0,839,302,29,-12.2341998595913,2,0.703218116805721,0.0058317871566279,23,120,1,0,0,7,2.44781783311083,0,0,0,0,0,0,0,0,0,0,,0,,,,,0,49.6,49.6
2018,REG,00-0026345,P.Garcon,Pierre Garcon,WR,WR,"https://static.www.nfl.com/image/private/f_auto,q_auto/league/xwjogot7xrfj9qwhsgtn",8,SF,0,0,0,0,0,0,0,0,0,0,0,0,,0,,,0,0,0,0,0,0,,0,24,46,286,1,0,0,407,98,14,5.76964561102798,0,0.702702702702703,0.184738955823293,0.228395061728395,0.436984976944816,0,34.6,58.6
2018,REG,00-0026498,M.Stafford,Matthew Stafford,QB,QB,"https://static.www.nfl.com/image/private/f_auto,q_auto/league/icjfdfsncqlsqe49iujv",16,DET,367,555,3777,21,11,40,255,5,3,3836,2030,198,10.2564323858591,0,0.984619395203337,0.0626112856356162,25,71,0,1,1,8,-7.4741390963476,0,0,0,0,0,0,0,0,0,0,,0,,,,,0,212.18,212.18
2018,REG,00-0026544,C.Daniel,Chase Daniel,QB,QB,"https://static.www.nfl.com/image/private/f_auto,q_auto/league/jt8fvgeyuhsbpo9m9t4x",4,CHI,53,76,515,3,2,9,40,1,0,648,168,24,-4.8270319719859,0,0.794753086419753,0.053909566394058,13,3,0,3,0,1,-5.15449162840378,0,1,1,8,0,0,0,-6,14,1,1.58132293622475,0,0.0,0.0263157894736842,-0.0214285714285714,0.0244736842105263,0,29.7,30.7
2018,REG,00-0026625,B.Hoyer,Brian Hoyer,QB,QB,"https://static.www.nfl.com/image/private/f_auto,q_auto/league/japt3mj2xctm7saqndxn",5,NE,1,2,7,0,0,0,0,0,0,4,10,0,-3.00193800847046,0,1.75,,11,-8,0,0,0,1,0.126338253961876,0,0,0,0,0,0,0,0,0,0,,0,,,,,0,-0.52,-0.52
2018,REG,00-0026898,M.Sanchez,Mark Sanchez,QB,QB,"https://static.www.nfl.com/image/private/f_auto,q_auto/league/e12qugcuc1cpgkf0crfn",2,WAS,19,35,138,0,3,7,42,1,0,220,87,3,-31.6875793812898,0,0.627272727272727,-0.0316586468198474,1,8,0,0,0,1,1.59005501493812,0,0,0,0,0,0,0,0,0,0,,0,,,,,0,0.32,0.32
2018,REG,00-0026901,M.Wallace,Mike Wallace,WR,WR,"https://static.www.nfl.com/image/private/f_auto,q_auto/league/dy9z5wbsitf6l9psjq4y",1,PHI,0,0,0,0,0,0,0,0,0,0,0,0,,0,,,0,0,0,0,0,0,,0,0,3,0,0,0,0,109,0,0,-0.730578464223072,0,0.0,0.0857142857142857,0.382456140350877,0.396290726817043,0,0.0,0.0
2018,REG,00-0026983,D.Heyward-Bey,Darrius Heyward-Bey,WR,WR,"https://static.www.nfl.com/image/private/f_auto,q_auto/league/d5otkkbb0z2rdd2bjatd",3,PIT,0,0,0,0,0,0,0,0,0,0,0,0,,0,,,1,-7,0,0,0,0,-2.09653946524486,0,1,2,9,0,0,0,25,10,0,0.279118521721102,0,0.36,0.0277777777777778,0.0503018108651912,0.0768779342723005,0,0.2,1.2
2018,REG,00-0026986,M.Crabtree,Michael Crabtree,WR,WR,"https://static.www.nfl.com/image/private/f_auto,q_auto/league/kcavcmeyaion38ewxwyk",16,BAL,0,0,0,0,0,0,0,0,0,0,0,0,,0,,,0,0,0,0,0,0,,0,54,100,607,3,0,0,1091,129,35,-3.93473880783336,0,0.556370302474794,0.185528756957328,0.230071699704766,0.439343325229329,0,78.7,132.7
2018,REG,00-0027029,L.McCoy,LeSean McCoy,RB,RB,"https://static.www.nfl.com/image/private/f_auto,q_auto/league/cpc1a2dgivdyevuncz7p",14,BUF,0,0,0,0,0,0,0,0,0,0,0,0,,0,,,161,514,3,0,0,22,-35.9600325750284,0,34,46,238,0,0,0,-49,288,10,0.642168555756861,0,-4.85714285714286,0.114143920595534,-0.0124618514750763,0.162492584860747,0,93.2,127.2
2018,REG,00-0027061,J.Cook,Jared Cook,TE,TE,"https://static.www.nfl.com/image/private/f_auto,q_auto/league/cthoenebptadlu4g928v",16,LV,0,0,0,0,0,0,0,0,0,0,0,0,,0,,,0,0,0,0,0,0,,0,68,101,896,6,0,0,840,343,46,27.6292622278063,0,1.06666666666667,0.190566037735849,0.232751454696592,0.448775074891388,0,125.6,193.6
2018,REG,00-0027139,J.Phillips,John Phillips,TE,TE,"https://static.www.nfl.com/image/private/f_auto,q_auto/league/i1t7zl2f5t0wwj72yxj7",2,ARI,0,0,0,0,0,0,0,0,0,0,0,0,,0,,,0,0,0,0,0,0,,0,3,3,38,0,0,0,30,8,1,1.44463931885548,0,1.26666666666667,0.046875,0.0447761194029851,0.10165578358209,0,3.8,6.8
2018,REG,00-0027150,J.Edelman,Julian Edelman,WR,WR,"https://static.www.nfl.com/image/private/f_auto,q_auto/league/u0hbuo2bsvtlg7lnxm43",12,NE,2,2,43,0,0,0,0,0,0,-2,45,1,3.17520513298223,0,0.0,,9,107,0,0,0,7,9.47403065196704,0,74,108,850,6,0,0,831,348,41,25.8393080980015,0,1.02286401925391,0.25531914893617,0.251057401812689,0.558718904673138,0,133.42,207.42
2018,REG,00-0027215,L.Paulsen,Logan Paulsen,TE,TE,"https://static.www.nfl.com/image/private/f_auto,q_auto/league/rckjvflmpzh9tiescxcd",7,ATL,0,0,0,0,0,0,0,0,0,0,0,0,,0,,,0,0,0,0,0,0,,0,9,9,91,1,0,0,33,58,6,7.63152877421817,0,2.75757575757576,0.0327272727272727,0.0168281489036206,0.0608706133234435,0,15.1,24.1
2018,REG,00-0027325,L.Blount,LeGarrette Blount,RB,RB,"https://static.www.nfl.com/image/private/f_auto,q_auto/league/s3eilto1yi0yhoamvvo3",16,DET,0,0,0,0,0,0,0,0,0,0,0,0,,0,,,154,418,5,1,0,25,-36.817216856092,0,10,15,67,0,1,1,-19,87,4,-8.66391907562502,0,-3.52631578947368,0.046583850931677,-0.0089118198874296,0.0636375024763148,0,76.5,86.5
2018,REG,00-0027440,S.Shields,Sam Shields,CB,DB,"https://static.www.nfl.com/image/private/f_auto,q_auto/league/kxj01aeqfoi8cuexcnr0",1,LA,0,0,0,0,0,0,0,0,0,0,0,0,,0,,,0,0,0,0,0,0,,0,1,1,12,0,0,0,6,6,1,3.14720806619152,0,2.0,0.03125,0.0163934426229508,0.0583504098360656,0,1.2,2.2
2018,REG,00-0027531,C.Ivory,Chris Ivory,RB,RB,"https://static.www.nfl.com/image/private/f_auto,q_auto/league/wuhrkffigvt55hcqd4yw",13,BUF,0,0,0,0,0,0,0,0,0,0,0,0,,0,,,115,385,1,1,0,25,-18.6881409547641,0,12,20,175,0,0,0,-2,169,6,9.76432072071475,0,-87.5,0.0769230769230769,-0.0013192612137203,0.114461132535011,0,62.0,74.0
2018,REG,00-0027656,R.Gronkowski,Rob Gronkowski,TE,TE,"https://static.www.nfl.com/image/private/f_auto,q_auto/league/svpo7chliiymc0r7hegp",13,NE,0,0,0,0,0,0,0,0,0,0,0,0,,0,,,0,0,0,0,0,0,,0,47,72,682,3,1,1,893,182,34,30.9606630977987,0,0.763717805151176,0.161434977578475,0.250420639371845,0.417446913928005,0,84.2,131.2
2018,REG,00-0027675,E.Dickson,Ed Dickson,TE,TE,"https://static.www.nfl.com/image/private/f_auto,q_auto/league/qtxat8xwaclkqfkj5lrq",9,SEA,0,0,0,0,0,0,0,0,0,0,0,0,,0,,,1,9,0,0,0,1,1.91750965197571,0,12,13,143,3,0,0,71,78,7,14.4520024450321,0,2.01408450704225,0.0634146341463415,0.0365038560411311,0.120674650448304,0,33.2,45.2
2018,REG,00-0027681,B.LaFell,Brandon LaFell,WR,WR,"https://static.www.nfl.com/image/private/f_auto,q_auto/league/x4wifb5arw0neuwg1cch",4,LV,0,0,0,0,0,0,0,0,0,0,0,0,,0,,,0,0,0,0,0,0,,0,12,16,135,2,0,0,133,53,9,9.5454407573102,0,1.01503759398496,0.142857142857143,0.177097203728362,0.338253756895568,0,25.5,37.5
2018,REG,00-0027685,E.Sanders,Emmanuel Sanders,WR,WR,"https://static.www.nfl.com/image/private/f_auto,q_auto/league/potkibjtm855tsawozs0",12,DEN,1,1,28,1,0,0,0,0,0,28,0,1,2.56147395691369,0,1.0,,4,53,1,0,0,2,3.73712909552422,0,71,98,868,4,1,0,943,297,37,18.6786411490757,0,0.920466595970307,0.246231155778895,0.303020565552699,0.581461129555231,0,127.22,198.22
2018,REG,00-0027688,C.McCoy,Colt McCoy,QB,QB,"https://static.www.nfl.com/image/private/f_auto,q_auto/league/mvcoi7f6thyudufnh0dx",3,WAS,34,54,372,3,3,6,36,1,0,479,151,17,-5.9617262664558,0,0.776617954070981,0.0596795697847153,10,63,0,0,0,4,4.20730971824378,0,0,0,0,0,0,0,0,0,0,,0,,,,,0,27.18,27.18
2018,REG,00-0027691,A.Roberts,Andre Roberts,WR,WR,"https://static.www.nfl.com/image/private/f_auto,q_auto/league/hjoyjewh7knoafxt4k93",8,NYJ,0,0,0,0,0,0,0,0,0,0,0,0,,0,,,2,20,0,0,0,1,1.40352507610805,0,10,18,79,1,0,0,153,17,4,-6.51961392106023,0,0.516339869281046,0.0989010989010989,0.0836980306345733,0.20694026979585,2,27.9,37.9
2018,REG,00-0027696,J.Graham,Jimmy Graham,TE,TE,"https://static.www.nfl.com/image/private/f_auto,q_auto/league/h7xs06oj6g03mippwtse",16,GB,0,0,0,0,0,0,0,0,0,0,0,0,,0,,,0,0,0,0,0,0,,0,55,89,636,2,0,0,847,261,32,13.991619162682,0,0.750885478158205,0.144715447154472,0.164210934470725,0.332020824861215,0,75.6,130.6
2018,REG,00-0027793,A.Brown,Antonio Brown,WR,WR,"https://static.www.nfl.com/image/private/f_auto,q_auto/league/ecxsx9t7bfg42bgfwj3v",15,PIT,0,1,0,0,0,0,0,0,0,12,0,0,-0.45709213684313,0,0.0,,0,0,0,0,0,0,,0,104,168,1297,15,0,0,1891,485,63,25.7387190455682,0,0.685880486515071,0.266244057052298,0.380100502512563,0.665436437337241,0,219.7,323.7
2018,REG,00-0027796,J.Webb,Joe Webb,QB,QB,"https://static.www.nfl.com/image/private/f_auto,q_auto/league/hjieero9ugbyu7n1629h",1,HOU,0,0,0,0,0,0,0,0,0,0,0,0,,0,,,0,0,0,0,0,0,,0,2,3,13,0,0,0,17,6,0,-0.31588524999097,0,0.764705882352941,0.0789473684210526,0.066147859922179,0.164724554577104,0,1.3,3.3
2018,REG,00-0027854,S.Bradford,Sam Bradford,QB,QB,"https://static.www.nfl.com/image/private/f_auto,q_auto/league/fizwrxzfdaw7v2vzzpn6",3,ARI,50,80,400,2,4,6,33,3,2,512,192,16,-31.0763914849667,0,0.78125,-0.0076415390676004,2,7,0,0,0,1,0.39248498622328,0,0,0,0,0,0,0,0,0,0,,0,,,,,0,12.7,12.7
2018,REG,00-0027873,J.Gresham,Jermaine Gresham,TE,TE,"https://static.www.nfl.com/image/private/f_auto,q_auto/league/higvmot083ues41wbdgi",8,ARI,0,0,0,0,0,0,0,0,0,0,0,0,,0,,,0,0,0,0,0,0,,0,9,12,94,0,1,1,24,75,6,2.62748434097739,0,3.91666666666667,0.0530973451327434,0.0141760189013585,0.089569230930066,0,7.4,16.4
2018,REG,00-0027874,D.Thomas,Demaryius Thomas,WR,WR,"https://static.www.nfl.com/image/private/f_auto,q_auto/league/p1yjsqtqimjd6iazu3h9",15,HOU,0,0,0,0,0,0,0,0,0,0,0,0,,0,,,0,0,0,0,0,0,,0,59,89,677,5,0,0,907,277,37,28.7972227717874,0,0.746416758544653,0.183505154639175,0.232683427398666,0.438136131137829,0,97.7,156.7
2018,REG,00-0027891,G.Tate,Golden Tate,WR,WR,"https://static.www.nfl.com/image/private/f_auto,q_auto/league/yfqebrp2o9t1gt1wqjku",15,PHI,0,0,0,0,0,0,0,0,0,0,0,0,,0,,,4,34,0,0,0,1,0.960853592841886,0,74,113,795,4,2,0,742,427,34,13.9894712590416,1,1.07142857142857,0.208103130755064,0.185732165206508,0.442167211777152,0,108.9,182.9
2018,REG,00-0027925,J.Develin,James Develin,FB,RB,"https://static.www.nfl.com/image/private/f_auto,q_auto/league/ryhocvpml27otxnncc2h",12,NE,0,0,0,0,0,0,0,0,0,0,0,0,,0,,,6,8,4,0,0,5,4.1433498482802,0,12,17,61,0,0,0,40,36,3,-7.34294702581246,0,1.525,0.047887323943662,0.0180505415162455,0.0844663649768648,0,30.9,42.9
2018,REG,00-0027939,C.Newton,Cam Newton,QB,QB,"https://static.www.nfl.com/image/private/f_auto,q_auto/league/zwmgw2gmnn2kch4nquft",14,CAR,320,471,3395,24,13,29,213,3,0,3380,1743,180,32.1333589168922,2,1.00443786982249,0.099575098755004,101,488,4,2,0,36,10.1910356712542,0,0,0,0,0,0,0,0,0,0,,0,,,,,0,282.6,282.6
2018,REG,00-0027942,A.Green,A.J. Green,WR,WR,"https://static.www.nfl.com/image/private/f_auto,q_auto/league/guj5a9vnnzqfiljupzuj",9,CIN,0,0,0,0,0,0,0,0,0,0,0,0,,0,,,0,0,0,0,0,0,,0,46,77,694,6,2,1,958,163,37,29.6378580226538,0,0.724425887265136,0.236196319018405,0.376572327044025,0.617895107458425,0,103.4,149.4
2018,REG,00-0027944,J.Jones,Julio Jones,WR,WR,"https://static.www.nfl.com/image/upload/f_auto,q_auto/league/omrddf2phtyztzx2nup1",16,ATL,0,0,0,0,0,0,0,0,0,0,0,0,,0,,,2,12,0,0,0,1,0.469056783244014,0,113,170,1677,8,2,2,2377,448,80,68.961761887567,0,0.705511148506521,0.281456953642384,0.456676272814601,0.741858821433797,0,212.9,325.9
2018,REG,00-0027948,B.Gabbert,Blaine Gabbert,QB,QB,"https://static.www.nfl.com/image/private/f_auto,q_auto/league/fphhd3wedamgkps6e0dl",8,TEN,61,101,626,4,4,5,37,0,0,710,301,32,-23.2753653869105,0,0.88169014084507,-0.0203257159072048,6,0,0,0,0,2,2.00376456684899,0,0,0,0,0,0,0,0,0,0,,0,,,,,0,33.04,33.04
2018,REG,00-0027966,M.Ingram,Mark Ingram,RB,RB,"https://static.www.nfl.com/image/private/f_auto,q_auto/league/qyju9wutyssrf0b26ran",12,NO,0,0,0,0,0,0,0,0,0,0,0,0,,0,,,138,645,6,2,1,34,-8.62433683996742,0,21,27,170,1,1,0,9,155,5,-6.02541699592257,0,18.8888888888889,0.0849056603773585,0.004050405040504,0.130193774094391,0,121.5,142.5
2018,REG,00-0027973,A.Dalton,Andy Dalton,QB,QB,"https://static.www.nfl.com/image/private/f_auto,q_auto/league/xrwmjyexhhwpoxhtrhl2",11,CIN,226,365,2566,21,11,21,157,1,0,2947,1142,132,27.3770238599677,0,0.870715982354937,0.0792235136705668,16,99,0,0,0,4,-3.23777837695124,0,0,0,0,0,0,0,0,0,0,,0,,,,,0,174.54,174.54
2018,REG,00-0027981,K.Rudolph,Kyle Rudolph,TE,TE,"https://static.www.nfl.com/image/private/f_auto,q_auto/league/mtvrkfel5750mlevcvtp",16,MIN,0,0,0,0,0,0,0,0,0,0,0,0,,0,,,0,0,0,0,0,0,,0,64,82,634,4,0,0,521,249,32,26.1085880849867,0,1.2168905950096,0.138513513513514,0.121985483493327,0.293160108715599,0,87.4,151.4
2018,REG,00-0027985,L.Kendricks,Lance Kendricks,TE,TE,"https://static.www.nfl.com/image/private/f_auto,q_auto/league/njjeo5udwowpbfnufl5l",13,GB,0,0,0,0,0,0,0,0,0,0,0,0,,0,,,0,0,0,0,0,0,,0,19,25,170,1,0,0,141,112,9,7.41873650148045,0,1.20567375886525,0.0494071146245059,0.0333097094259391,0.0974274685349162,0,23.0,42.0
2018,REG,00-0027996,T.Smith,Torrey Smith,WR,WR,"https://static.www.nfl.com/image/private/f_auto,q_auto/league/sqvbn4ybxagyfwva3i51",8,CAR,0,0,0,0,0,0,0,0,0,0,0,0,,0,,,0,0,0,0,0,0,,0,17,31,190,2,0,0,417,48,12,6.34666347544408,1,0.455635491606715,0.10801393728223,0.189029918404352,0.294341848806391,0,33.0,50.0
2018,REG,00-0028002,R.Cobb,Randall Cobb,WR,WR,"https://static.www.nfl.com/image/private/f_auto,q_auto/league/kuwo5hnkbtesfw6n9w1s",9,GB,0,0,0,0,0,0,0,0,0,0,0,0,,0,,,0,0,0,0,0,0,,0,38,61,383,2,1,1,522,233,18,2.08007810033407,0,0.733716475095785,0.176300578034682,0.170588235294118,0.383862631757905,0,48.3,86.3
2018,REG,00-0028011,S.Ridley,Stevan Ridley,RB,RB,"https://static.www.nfl.com/image/private/f_auto,q_auto/league/futdstbe48qaqcvtolzj",9,PIT,0,0,0,0,0,0,0,0,0,0,0,0,,0,,,29,80,1,1,1,3,-12.5422693674918,0,3,4,18,0,1,1,9,12,1,-5.48744439682923,0,2.0,0.0333333333333333,0.0095440084835631,0.0566808059384942,0,11.8,14.8
2018,REG,00-0028042,L.Stocker,Luke Stocker,TE,TE,"https://static.www.nfl.com/image/private/f_auto,q_auto/league/keoilbfzupthtliuou1a",12,TEN,0,0,0,0,0,0,0,0,0,0,0,0,,0,,,1,0,0,0,0,0,-4.02553385647479,0,15,21,165,2,0,0,163,64,10,12.7640873814235,0,1.01226993865031,0.0673076923076923,0.0806930693069307,0.15744668697639,0,28.5,43.5
2018,REG,00-0028063,T.Jones,Taiwan Jones,RB,RB,"https://static.www.nfl.com/image/private/f_auto,q_auto/league/va09vgfr7bdc2wb6ikq4",2,BUF,0,0,0,0,0,0,0,0,0,0,0,0,,0,,,0,0,0,0,0,0,,0,0,2,0,0,0,0,30,0,0,-1.8606905543711,0,0.0,0.0377358490566038,0.0977198697068404,0.125007682379694,0,0.0,0.0
2018,REG,00-0028064,B.Powell,Bilal Powell,RB,RB,"https://static.www.nfl.com/image/private/f_auto,q_auto/league/a5qlloemeetaqawzwuf7",7,NYJ,0,0,0,0,0,0,0,0,0,0,0,0,,0,,,80,343,0,2,1,16,-10.9913665257797,0,11,18,110,1,0,0,89,84,3,-11.2792505263042,0,1.23595505617978,0.0923076923076923,0.0492801771871539,0.172957662492546,0,49.3,60.3
2018,REG,00-0028074,A.Sherman,Anthony Sherman,RB,RB,"https://static.www.nfl.com/image/private/f_auto,q_auto/league/ibmfpy4ztgmqfwtood5x",8,KC,0,0,0,0,0,0,0,0,0,0,0,0,,0,,,1,2,0,0,0,1,1.70108440076001,0,8,9,96,1,0,0,44,56,5,5.78793839042191,0,2.18181818181818,0.033457249070632,0.0178354276449129,0.062670672957387,0,15.8,23.8
2018,REG,00-0028083,J.Rodgers,Jacquizz Rodgers,RB,RB,"https://static.www.nfl.com/image/private/f_auto,q_auto/league/ztmescfueap5glplyf7w",13,TB,0,0,0,0,0,0,0,0,0,0,0,0,,0,,,33,106,1,0,0,7,-4.89715741173131,0,38,45,304,0,1,1,80,240,13,-3.57789095778138,0,3.8,0.0880626223091977,0.0145243282498184,0.142260963238669,0,45.0,83.0
2018,REG,00-0028087,D.Lewis,Dion Lewis,RB,RB,"https://static.www.nfl.com/image/private/f_auto,q_auto/league/erzmtaaz3eimbg998hyq",16,TEN,0,0,0,0,0,0,0,0,0,0,0,0,,0,,,155,517,1,1,1,22,-37.4633474664652,0,59,67,400,1,0,0,-71,477,13,-0.366776196115347,0,-5.63380281690141,0.157647058823529,-0.0221667187012176,0.220953885144442,0,101.7,160.7
2018,REG,00-0028091,J.Kerley,Jeremy Kerley,WR,WR,"https://static.www.nfl.com/image/private/f_auto,q_auto/league/lsfc40maht2r3k0ctu1b",1,BUF,0,0,0,0,0,0,0,0,0,0,0,0,,0,,,0,0,0,0,0,0,,0,2,4,7,0,0,0,15,15,0,-2.03370880254079,0,0.466666666666667,0.125,0.0427350427350427,0.21741452991453,0,0.7,2.7
2018,REG,00-0028093,N.Paul,Niles Paul,TE,TE,"https://static.www.nfl.com/image/private/f_auto,q_auto/league/c2hufhhjyuitenxujhpz",5,JAX,0,0,0,0,0,0,0,0,0,0,0,0,,0,,,1,-3,0,0,0,0,-1.36052188603207,0,10,13,98,0,0,0,107,32,5,1.89807663910324,0,0.91588785046729,0.0738636363636364,0.0753521126760563,0.163541933418694,0,9.5,19.5
2018,REG,00-0028097,L.Smith,Lee Smith,TE,TE,"https://static.www.nfl.com/image/private/f_auto,q_auto/league/gcaqwhzrinlqicrljwlr",6,LV,0,0,0,0,0,0,0,0,0,0,0,0,,0,,,0,0,0,0,0,0,,0,10,11,73,3,0,0,20,55,5,9.03584045043681,0,3.65,0.0502283105022831,0.0105876124933827,0.0827537944987926,0,25.3,35.3
2018,REG,00-0028112,C.Clay,Charles Clay,TE,TE,"https://static.www.nfl.com/image/private/f_auto,q_auto/league/gbfhfjn5cxtou5aazegt",11,BUF,0,0,0,0,0,0,0,0,0,0,0,0,,0,,,0,0,0,0,0,0,,0,21,36,184,0,1,1,290,71,11,-15.3203117413213,0,0.63448275862069,0.110769230769231,0.0879587503791326,0.227724971419239,0,16.4,37.4
2018,REG,00-0028114,D.Harris,Dwayne Harris,WR,WR,"https://static.www.nfl.com/image/private/f_auto,q_auto/league/cz34jefkstkm3mvjznvg",8,LV,0,0,0,0,0,0,0,0,0,0,0,0,,0,,,2,12,0,0,0,1,-0.809742343432247,0,6,6,40,0,1,0,-7,47,1,-1.15185960903182,0,0.0,0.0372670807453416,-0.0075107296137339,0.0506431103883987,1,11.2,17.2
2018,REG,00-0028116,A.Robinson,Aldrick Robinson,WR,WR,"https://static.www.nfl.com/image/private/f_auto,q_auto/league/lzdmahvzc7tm4pulh2sj",14,MIN,0,0,0,0,0,0,0,0,0,0,0,0,,0,,,0,0,0,0,0,0,,0,17,35,231,5,0,0,601,42,12,9.12368874754116,0,0.384359400998336,0.068762278978389,0.164028384279476,0.217963287463217,0,53.1,70.1
2018,REG,00-0028118,T.Taylor,Tyrod Taylor,QB,QB,"https://static.www.nfl.com/image/private/f_auto,q_auto/league/qx6t1lqmc9ws9ledobzn",4,CLE,42,85,473,2,2,13,81,1,0,846,198,17,-28.3259771120941,0,0.559101654846336,-0.0415867769925211,16,125,1,2,0,6,9.02954963222146,0,0,0,0,0,0,0,0,0,0,,0,,,,,0,41.42,41.42
2018,REG,00-0028128,C.Jones,Colin Jones,FS,DB,"https://static.www.nfl.com/image/private/f_auto,q_auto/league/gtpcd4mvricoawwynceu",1,CAR,0,0,0,0,0,0,0,0,0,0,0,0,,0,,,0,0,0,0,0,0,,0,0,0,0,0,0,0,0,0,0,,0,,,,,1,6.0,6.0
2018,REG,00-0028142,V.Green,Virgil Green,TE,TE,"https://static.www.nfl.com/image/private/f_auto,q_auto/league/wcdedz1qf7ybkujat6bu",13,LAC,0,0,0,0,0,0,0,0,0,0,0,0,,0,,,0,0,0,0,0,0,,0,19,27,210,1,0,0,146,102,10,10.3255319207773,0,1.43835616438356,0.0642857142857143,0.0451732673267327,0.128049858557284,0,27.0,46.0
2018,REG,00-0028237,C.Hogan,Chris Hogan,WR,WR,"https://static.www.nfl.com/image/private/f_auto,q_auto/league/fmpqnciwjqicsjzy63mc",15,NE,0,0,0,0,0,0,0,0,0,0,0,0,,0,,,0,0,0,0,0,0,,0,35,55,532,3,0,0,652,193,22,21.2757539136632,0,0.815950920245399,0.103383458646617,0.152123191787214,0.261561422220975,0,71.2,106.2
2018,REG,00-0028263,A.Holmes,Andre Holmes,WR,WR,"https://static.www.nfl.com/image/private/f_auto,q_auto/league/ujb4sism9jdte3o8ofve",11,DEN,0,0,0,0,0,0,0,0,0,0,0,0,,0,,,0,0,0,0,0,0,,0,13,24,162,0,0,0,313,50,8,1.09109961532522,0,0.517571884984026,0.0672268907563025,0.103436880370126,0.173246152393542,0,16.2,29.2
2018,REG,00-0028292,N.Bellore,Nick Bellore,ILB,LB,"https://static.www.nfl.com/image/private/f_auto,q_auto/league/nnmgkhi5d5xszkoyh4br",4,DET,0,0,0,0,0,0,0,0,0,0,0,0,,0,,,1,0,0,0,0,0,-1.48852571099997,0,4,4,15,0,0,0,1,14,2,1.6106949611567,0,15.0,0.0380952380952381,0.001865671641791,0.0584488272921109,0,1.5,5.5
2018,REG,00-0028411,D.Inman,Dontrelle Inman,WR,WR,"https://static.www.nfl.com/image/private/f_auto,q_auto/league/josp2o2ri6tknqzt87qc",8,IND,0,0,0,0,0,0,0,0,0,0,0,0,,0,,,0,0,0,0,0,0,,0,28,39,304,3,0,0,401,58,16,23.832007669976,0,0.758104738154613,0.136842105263158,0.17610891523935,0.328539398562282,0,48.4,76.4
2018,REG,00-0028434,D.Baldwin,Doug Baldwin,WR,WR,"https://static.www.nfl.com/image/private/f_auto,q_auto/league/kccmcttfdtl7m3g49vb8",13,SEA,0,0,0,0,0,0,0,0,0,0,0,0,,0,,,0,0,0,0,0,0,,0,50,73,618,5,0,0,830,156,32,36.4353871228028,0,0.744578313253012,0.223926380368098,0.277684844429575,0.53026896165285,0,91.8,141.8
2018,REG,00-0028497,K.Aiken,Kamar Aiken,WR,WR,"https://static.www.nfl.com/image/private/f_auto,q_auto/league/u0fe10u5kbeyhe65spby",2,PHI,0,0,0,0,0,0,0,0,0,0,0,0,,0,,,0,0,0,0,0,0,,0,6,7,53,0,0,0,47,11,2,-0.210405575926416,0,1.12765957446809,0.0721649484536082,0.067238912732475,0.155314661593145,0,5.3,11.3
2018,REG,00-0028581,P.DiMarco,Patrick DiMarco,FB,RB,"https://static.www.nfl.com/image/private/f_auto,q_auto/league/chit1zcsfqaoqzkqc9eh",5,BUF,0,0,0,0,0,0,0,0,0,0,0,0,,0,,,1,9,0,0,0,1,1.16448030574247,0,3,4,62,0,0,0,27,35,2,2.95978978538187,0,2.2962962962963,0.0296296296296296,0.0231362467866324,0.0606398171950871,0,7.1,10.1
2018,REG,00-0028825,T.Pryor,Terrelle Pryor,WR,WR,"https://static.www.nfl.com/image/private/f_auto,q_auto/league/ac6blk5o4ztsr7hvtil9",8,BUF,0,0,0,0,0,0,0,0,0,0,0,0,,0,,,1,-1,0,0,0,0,-1.07392833568156,0,16,30,252,2,0,0,372,62,11,4.96954212469734,0,0.67741935483871,0.120967741935484,0.179883945841393,0.307370374992201,0,37.1,53.1
2018,REG,00-0028872,J.Hekker,Johnny Hekker,P,SPEC,"https://static.www.nfl.com/image/private/f_auto,q_auto/league/rh1qt7cwusun5o56bwyh",5,LA,2,4,19,0,0,0,0,0,0,51,11,2,0.0531072729500011,0,0.372549019607843,,1,3,0,0,0,0,-3.55889245582512,0,0,0,0,0,0,0,0,0,0,,0,,,,,0,1.06,1.06
2018,REG,00-0028903,G.Celek,Garrett Celek,TE,TE,"https://static.www.nfl.com/image/private/f_auto,q_auto/league/hin5nyuakhpbngjhepty",6,SF,0,0,0,0,0,0,0,0,0,0,0,0,,0,,,0,0,0,0,0,0,,0,5,8,90,2,0,0,90,43,5,-3.15243162817205,0,1.0,0.0446927374301676,0.069071373752878,0.115389067772266,0,21.0,26.0
2018,REG,00-0028986,C.Keenum,Case Keenum,QB,QB,"https://static.www.nfl.com/image/private/f_auto,q_auto/league/tymwoe3wpwzln78uzbvu",16,DEN,365,586,3890,18,15,34,235,8,1,4369,1795,179,-16.7507583651981,0,0.890363927672236,0.0388386755365738,26,93,2,3,1,11,4.1193808853277,0,0,0,0,0,0,0,0,0,0,,0,,,,,0,214.9,214.9
2018,REG,00-0029000,C.Beasley,Cole Beasley,WR,WR,"https://static.www.nfl.com/image/private/f_auto,q_auto/league/y5r0fhwctl6ljwvmktvu",16,DAL,0,1,0,0,0,0,0,0,0,11,0,0,-0.481403352401685,0,0.0,,0,0,0,0,0,0,,0,65,87,672,3,0,0,644,213,39,45.4744939364559,0,1.04347826086957,0.168278529980658,0.165510151631971,0.368274901113366,0,85.2,150.2
2018,REG,00-0029068,D.Coleman,Derrick Coleman,FB,RB,"https://static.www.nfl.com/image/private/f_auto,q_auto/league/jmgzlxi6qlrvvyrzkuh2",5,ARI,0,0,0,0,0,0,0,0,0,0,0,0,,0,,,2,3,0,0,0,0,-0.111016997136176,0,2,3,17,0,0,0,27,7,1,0.508496703347191,0,0.62962962962963,0.0447761194029851,0.0476190476190476,0.100497512437811,0,2.0,4.0
2018,REG,00-0029091,B.Sowell,Bradley Sowell,TE,TE,"https://static.www.nfl.com/image/private/f_auto,q_auto/league/ep1lqjgiwemsr9eenajg",2,CHI,0,0,0,0,0,0,0,0,0,0,0,0,,0,,,0,0,0,0,0,0,,0,1,2,2,1,0,0,4,0,1,1.34325735573657,0,0.5,0.0263157894736842,0.0050825921219822,0.0430314986959139,0,6.2,7.2
2018,REG,00-0029119,D.Carrier,Derek Carrier,TE,TE,"https://static.www.nfl.com/image/private/f_auto,q_auto/league/fohbnjxhixammxtonhnd",6,LV,0,0,0,0,0,0,0,0,0,0,0,0,,0,,,0,0,0,0,0,0,,0,7,12,67,1,0,0,105,16,3,-1.78922995197354,0,0.638095238095238,0.0634920634920635,0.0867768595041322,0.155981896890988,0,12.7,19.7
2018,REG,00-0029129,R.Streater,Rod Streater,WR,WR,"https://static.www.nfl.com/image/private/f_auto,q_auto/league/szf4hqnrz6egphxvcwnf",1,CLE,0,0,0,0,0,0,0,0,0,0,0,0,,0,,,1,-11,0,0,0,0,-0.816200910951011,0,0,0,0,0,0,0,0,0,0,,0,,,,,0,-1.1,-1.1
2018,REG,00-0029137,A.Jeffery,Alshon Jeffery,WR,WR,"https://static.www.nfl.com/image/private/f_auto,q_auto/league/qrbsgwhzlsmwgkdfjryh",13,PHI,0,0,0,0,0,0,0,0,0,0,0,0,,0,,,0,0,0,0,0,0,,0,65,92,843,6,1,0,1013,272,48,46.4148498041165,0,0.83218163869694,0.194503171247357,0.284710511523328,0.491052114937365,0,120.3,185.3
2018,REG,00-0029141,A.Morris,Alfred Morris,RB,RB,"https://static.www.nfl.com/image/private/f_auto,q_auto/league/igrm4hy4pishp4rdamin",11,SF,0,0,0,0,0,0,0,0,0,0,0,0,,0,,,111,428,2,2,1,24,-17.3186828141681,0,8,13,73,0,0,0,-4,67,5,-2.30618039850378,0,-18.25,0.0537190082644628,-0.0026595744680851,0.0787168102690347,0,60.1,68.1
2018,REG,00-0029159,J.Kearse,Jermaine Kearse,WR,WR,"https://static.www.nfl.com/image/private/f_auto,q_auto/league/tvnzajvst7kdglamw4t6",13,NYJ,0,0,0,0,0,0,0,0,0,0,0,0,,0,,,0,0,0,0,0,0,,0,37,76,371,1,0,0,707,125,20,-6.99561933115963,0,0.524752475247525,0.177985948477752,0.184595300261097,0.396195632899395,0,43.1,80.1
2018,REG,00-0029205,T.Cadet,Travaris Cadet,RB,RB,"https://static.www.nfl.com/image/private/f_auto,q_auto/league/gj0pjzj0zzefpabtuki1",1,CAR,0,0,0,0,0,0,0,0,0,0,0,0,,0,,,11,17,0,0,0,0,-7.79628662898878,0,1,1,5,0,0,0,1,4,0,-0.71939744467371,0,5.0,0.0333333333333333,0.0044247787610619,0.0530973451327434,0,2.2,3.2
2018,REG,00-0029239,B.Bolden,Brandon Bolden,RB,RB,"https://static.www.nfl.com/image/private/f_auto,q_auto/league/kqqwz35z9brhkzbs4bcn",5,MIA,0,0,0,0,0,0,0,0,0,0,0,0,,0,,,8,91,2,1,1,4,1.63258327008225,0,3,3,13,1,0,0,-6,19,1,1.62181602872442,0,-2.16666666666667,0.0428571428571429,-0.0115606936416185,0.0561932287365813,0,26.4,29.4
2018,REG,00-0029249,M.Ingram,Melvin Ingram,OLB,LB,"https://static.www.nfl.com/image/private/f_auto,q_auto/league/kbnd1mhegpg4n5kj7rac",1,LAC,0,0,0,0,0,0,0,0,0,0,0,0,,0,,,1,0,0,0,0,0,-1.01993710469105,0,0,0,0,0,0,0,0,0,0,,0,,,,,0,0.0,0.0
2018,REG,00-0029263,R.Wilson,Russell Wilson,QB,QB,"https://static.www.nfl.com/image/private/f_auto,q_auto/league/gebzv2aljujgleboe4ns",16,SEA,280,427,3448,35,7,51,355,7,2,3833,1385,156,63.476029639822,1,0.89955648317245,0.17040377729606,67,376,0,3,0,23,15.9461367479073,0,1,1,-11,0,0,0,-10,-1,0,-2.70917897648178,0,0.0,0.0344827586206897,-0.0333333333333333,0.0283908045977012,0,298.42,299.42
2018,REG,00-0029269,T.Benjamin,Travis Benjamin,WR,WR,"https://static.www.nfl.com/image/private/f_auto,q_auto/league/io9silocxbywvisvcvpx",12,LAC,0,0,0,0,0,0,0,0,0,0,0,0,,0,,,7,41,0,0,0,2,0.192762795835733,0,12,24,186,1,0,0,472,65,9,-2.61768519386533,0,0.39406779661017,0.0638297872340426,0.161865569272977,0.209050579342148,0,28.7,40.7
2018,REG,00-0029273,R.Turbin,Robert Turbin,RB,RB,"https://static.www.nfl.com/image/private/f_auto,q_auto/league/vkqpomzfvo7kei1729jm",2,IND,0,0,0,0,0,0,0,0,0,0,0,0,,0,,,4,10,0,1,1,0,-5.2071336156223,0,1,2,3,0,0,0,-6,3,0,-0.929349061101675,0,-0.5,0.0198019801980198,-0.0127659574468085,0.0207668000842637,0,-0.7,0.3
2018,REG,00-0029293,M.Jones,Marvin Jones,WR,WR,"https://static.www.nfl.com/image/private/f_auto,q_auto/league/ciy9sxefmcnwjw7ln3h2",9,DET,0,0,0,0,0,0,0,0,0,0,0,0,,0,,,0,0,0,0,0,0,,0,35,62,508,5,0,0,904,107,27,17.2934785520601,0,0.561946902654867,0.187311178247734,0.377768491433347,0.545404711374944,0,80.8,115.8
2018,REG,00-0029319,J.Bellamy,Josh Bellamy,WR,WR,"https://static.www.nfl.com/image/private/f_auto,q_auto/league/kgyz7lr35xl5j7oxjwlw",13,CHI,0,0,0,0,0,0,0,0,0,0,0,0,,0,,,0,0,0,0,0,0,,0,14,25,117,1,0,0,294,46,8,-9.55198338454094,1,0.397959183673469,0.0608272506082725,0.081825772335096,0.148518916546976,0,19.7,33.7
2018,REG,00-0029388,D.Thompson,Deonte Thompson,WR,WR,"https://static.www.nfl.com/image/private/f_auto,q_auto/league/bvfgozqccoo627wuitkb",12,BUF,0,0,0,0,0,0,0,0,0,0,0,0,,0,,,0,0,0,0,0,0,,0,17,30,161,0,0,0,377,38,10,-5.93914233410033,0,0.427055702917772,0.0859598853868195,0.109307045520441,0.205454759944538,0,16.1,33.1
2018,REG,00-0029410,T.Wilson,Tavon Wilson,SS,DB,"https://static.www.nfl.com/image/private/f_auto,q_auto/league/ztnf4vdx2qw6nowvmxy4",1,DET,0,0,0,0,0,0,0,0,0,0,0,0,,0,,,1,7,0,0,0,1,2.87343035358936,0,0,0,0,0,0,0,0,0,0,,0,,,,,0,0.7,0.7
2018,REG,00-0029414,O.Charles,Orson Charles,TE,TE,"https://static.www.nfl.com/image/private/f_auto,q_auto/league/shbtvc2u3xznv47nzvm2",5,CLE,0,0,0,0,0,0,0,0,0,0,0,0,,0,,,0,0,0,0,0,0,,0,3,5,23,0,0,0,17,24,0,0.351816027716268,0,1.35294117647059,0.0306748466257669,0.0136876006441224,0.055593590389536,0,2.3,5.3
2018,REG,00-0029492,J.Olawale,Jamize Olawale,FB,RB,"https://static.www.nfl.com/image/private/f_auto,q_auto/league/dp7xdilrkk9f2i5ovne9",4,DAL,0,0,0,0,0,0,0,0,0,0,0,0,,0,,,0,0,0,0,0,0,,0,2,4,13,0,0,0,1,13,1,-2.14222068001982,0,13.0,0.0289855072463768,0.0009025270758122,0.0441100298226338,0,1.3,3.3
2018,REG,00-0029567,N.Foles,Nick Foles,QB,QB,"https://static.www.nfl.com/image/private/f_auto,q_auto/league/dxuz2ir773wylutxo7zs",5,PHI,141,195,1413,7,4,9,47,4,2,1320,717,60,17.1705528503425,0,1.07045454545455,0.131581116766236,9,17,0,0,0,6,8.28208454878768,0,1,1,15,0,0,0,8,7,1,1.93148036871571,0,1.875,0.0285714285714286,0.0280701754385965,0.0625062656641604,0,75.72,76.72
2018,REG,00-0029572,J.Wright,Jarius Wright,WR,WR,"https://static.www.nfl.com/image/private/f_auto,q_auto/league/f4xgfra44cd6qjy6havp",16,CAR,0,0,0,0,0,0,0,0,0,0,0,0,,0,,,2,39,0,0,0,1,2.31267118145479,0,43,59,447,1,3,1,365,198,25,11.3713917624104,1,1.22465753424658,0.108455882352941,0.089242053789731,0.225153261182224,0,54.6,97.6
2018,REG,00-0029580,R.Matthews,Rishard Matthews,WR,WR,"https://static.www.nfl.com/image/private/f_auto,q_auto/league/fr7nzgwarzuorvi8cvlc",5,NYJ,0,0,0,0,0,0,0,0,0,0,0,0,,0,,,0,0,0,0,0,0,,0,5,9,24,0,0,0,45,5,1,-3.3011899778711,0,0.533333333333333,0.0671641791044776,0.0468262226847034,0.133524624536009,0,2.4,7.4
2018,REG,00-0029587,R.Ellison,Rhett Ellison,TE,TE,"https://static.www.nfl.com/image/private/f_auto,q_auto/league/pqvmhpdoritjtp8ng7ep",13,NYG,0,0,0,0,0,0,0,0,0,0,0,0,,0,,,0,0,0,0,0,0,,0,25,34,272,1,0,0,215,130,13,12.4789269737645,1,1.26511627906977,0.0729613733905579,0.075043630017452,0.161972601098053,0,35.2,60.2
2018,REG,00-0029604,K.Cousins,Kirk Cousins,QB,QB,"https://static.www.nfl.com/image/private/f_auto,q_auto/league/viuxnyezrwdfjnxsfssb",16,MIN,425,606,4298,30,10,40,262,5,5,4396,1947,218,-12.0616792412823,3,0.977707006369427,0.0660259336627489,44,123,1,5,2,12,-22.5570179160568,0,1,1,-1,0,0,0,-7,6,0,-3.16330921393819,0,0.0,0.032258064516129,-0.0526315789473684,0.0115449915110357,0,282.12,283.12
2018,REG,00-0029608,T.Hilton,T.Y. Hilton,WR,WR,"https://static.www.nfl.com/image/private/f_auto,q_auto/league/b8kor0sgeynyd8u8cush",14,IND,0,0,0,0,0,0,0,0,0,0,0,0,,0,,,0,0,0,0,0,0,,0,76,120,1270,6,0,0,1342,455,55,63.524430302734,0,0.946348733233979,0.225140712945591,0.341302136317396,0.576622564840564,0,163.0,239.0
2018,REG,00-0029613,D.Martin,Doug Martin,RB,RB,"https://static.www.nfl.com/image/private/f_auto,q_auto/league/lhazttk4tjpi7ggf7du4",16,LV,0,0,0,0,0,0,0,0,0,0,0,0,,0,,,172,723,4,3,3,37,-15.0406409905409,0,18,24,116,0,0,0,21,94,6,-0.339307401911356,0,5.52380952380952,0.0594059405940594,0.0094001790510295,0.0956890362268098,0,101.9,119.9
2018,REG,00-0029615,L.Miller,Lamar Miller,RB,RB,"https://static.www.nfl.com/image/private/f_auto,q_auto/league/vqxh6ynpmczzfyl9kcgq",14,HOU,0,0,0,0,0,0,0,0,0,0,0,0,,0,,,210,973,5,0,0,36,-12.0710093962629,0,25,35,163,1,1,1,24,171,8,-12.1645292051544,0,6.79166666666667,0.101449275362319,0.007997334221926,0.157772046998827,0,147.6,172.6
2018,REG,00-0029632,M.Sanu,Mohamed Sanu,WR,WR,"https://static.www.nfl.com/image/private/f_auto,q_auto/league/a6loroqhta6g65aqnsrk",16,ATL,1,2,5,1,0,0,0,0,0,37,4,1,0.937703548872378,0,0.135135135135135,,7,44,0,0,0,5,1.9403146423502,0,66,94,838,4,2,1,754,401,41,45.9088720098383,1,1.11140583554377,0.155629139072848,0.144860710854947,0.334846206207735,0,116.4,182.4
2018,REG,00-0029638,M.Floyd,Michael Floyd,WR,WR,"https://static.www.nfl.com/image/private/f_auto,q_auto/league/lisxjuyoo7hiux1ac4jb",10,WAS,0,0,0,0,0,0,0,0,0,0,0,0,,0,,,0,0,0,0,0,0,,0,10,24,100,1,0,0,343,29,5,-4.21498200248894,1,0.291545189504373,0.0827586206896552,0.13156885308784,0.216236128195971,0,18.0,28.0
2018,REG,00-0029640,B.Quick,Brian Quick,WR,WR,"https://static.www.nfl.com/image/private/f_auto,q_auto/league/tayczwuhluj2hyrva3cp",2,WAS,0,0,0,0,0,0,0,0,0,0,0,0,,0,,,0,0,0,0,0,0,,0,3,3,18,0,0,0,17,1,2,2.32130095851608,0,1.05882352941176,0.0428571428571429,0.0277324632952692,0.0836984385924027,0,1.8,4.8
2018,REG,00-0029657,A.Hicks,Akiem Hicks,DT,DL,"https://static.www.nfl.com/image/private/f_auto,q_auto/league/u6vzbrj6xejni2lks17m",1,CHI,0,0,0,0,0,0,0,0,0,0,0,0,,0,,,1,1,1,0,0,1,2.64243001636351,0,0,0,0,0,0,0,0,0,0,,0,,,,,0,6.1,6.1
2018,REG,00-0029664,J.Gordon,Josh Gordon,WR,WR,"https://static.www.nfl.com/image/private/f_auto,q_auto/league/wwqz2ujrj7wp86tyaxof",12,NE,0,0,0,0,0,0,0,0,0,0,0,0,,0,,,0,0,0,0,0,0,,0,41,71,737,4,0,0,1014,264,30,35.3448566202235,0,0.726824457593688,0.161363636363636,0.283954074488939,0.440813306687712,0,97.7,138.7
2018,REG,00-0029665,R.Griffin,Robert Griffin,QB,QB,"https://static.www.nfl.com/image/private/f_auto,q_auto/league/f9gitqxxg3f1uybdcfhc",2,BAL,2,6,21,0,0,0,0,0,0,72,26,1,0.0599681206038332,0,0.291666666666667,-0.0802121081862509,0,0,0,0,0,0,,0,0,0,0,0,0,0,0,0,0,,0,,,,,0,0.84,0.84
2018,REG,00-0029668,A.Luck,Andrew Luck,QB,QB,"https://static.www.nfl.com/image/private/f_auto,q_auto/league/ojix2ha2u58zqozaw756",16,IND,430,639,4593,39,15,18,134,5,1,4770,1968,236,111.179870041268,2,0.962893081761006,0.119740153636454,46,148,0,1,0,12,-9.11409166071821,0,1,2,4,0,0,0,8,0,1,0.468883684366993,0,0.5,0.0285714285714286,0.0144144144144144,0.052947232947233,0,326.92,327.92
2018,REG,00-0029677,B.Weeden,Brandon Weeden,QB,QB,"https://static.www.nfl.com/image/private/f_auto,q_auto/league/m8oocp4p9nskilnakgnw",1,HOU,0,0,0,0,0,0,0,0,0,0,0,0,,0,,,1,-1,0,0,0,0,0.0,0,0,0,0,0,0,0,0,0,0,,0,,,,,0,-0.1,-0.1
2018,REG,00-0029682,B.Osweiler,Brock Osweiler,QB,QB,"https://static.www.nfl.com/image/private/f_auto,q_auto/league/pwkmtgeitdi79qtumb2x",7,MIA,113,178,1247,6,4,17,130,0,0,1424,669,58,-9.53488458168916,1,0.875702247191011,0.0370672135456522,8,21,0,1,1,1,-4.90016177884536,0,0,0,0,0,0,0,0,0,0,,0,,,,,0,67.98,67.98
2018,REG,00-0029689,D.Allen,Dwayne Allen,TE,TE,"https://static.www.nfl.com/image/private/f_auto,q_auto/league/wduwt0ibzoutozuywe4b",3,NE,0,0,0,0,0,0,0,0,0,0,0,0,,0,,,0,0,0,0,0,0,,0,3,4,27,0,0,0,32,28,2,-0.501953078026418,0,0.84375,0.0363636363636364,0.036322360953462,0.0799711072128779,0,2.7,5.7
2018,REG,00-0029692,B.Anger,Bryan Anger,P,SPEC,"https://static.www.nfl.com/image/private/f_auto,q_auto/league/zv7j4fzg4qrz4hktx756",1,TB,0,1,0,0,0,0,0,0,0,10,0,0,-2.90344337216811,0,0.0,,0,0,0,0,0,0,,0,0,0,0,0,0,0,0,0,0,,0,,,,,0,0.0,0.0
2018,REG,00-0029701,R.Tannehill,Ryan Tannehill,QB,QB,"https://static.www.nfl.com/image/private/f_auto,q_auto/league/yvwju12dl6haf3r8uzrm",11,MIA,176,274,1979,17,9,35,279,4,3,2229,1071,92,-53.8238145388874,0,0.887842081650965,0.0189660288524962,32,145,0,1,1,9,-10.7617856187657,0,1,1,3,1,0,0,2,1,1,1.28392728051404,0,1.5,0.0333333333333333,0.0087336244541484,0.0561135371179039,0,141.96,142.96
2018,REG,00-0029738,D.Fells,Darren Fells,TE,TE,"https://static.www.nfl.com/image/private/f_auto,q_auto/league/eh0rbweg4wbzgzpvprnv",8,CLE,0,0,0,0,0,0,0,0,0,0,0,0,,0,,,0,0,0,0,0,0,,0,11,12,117,3,0,0,57,66,6,11.3235726984567,0,2.05263157894737,0.0416666666666667,0.029156010230179,0.0829092071611253,0,29.7,40.7
2018,REG,00-0029795,B.Cunningham,Benny Cunningham,RB,RB,"https://static.www.nfl.com/image/private/f_auto,q_auto/league/yo9hvf3gnoxj7prmruo8",5,CHI,0,0,0,0,0,0,0,0,0,0,0,0,,0,,,11,20,0,0,0,0,-7.81812976733849,0,1,2,9,0,0,0,-14,13,1,-1.67068606632529,0,-0.642857142857143,0.0571428571428571,-0.0414201183431953,0.056720202874049,0,2.9,3.9
2018,REG,00-0029848,N.Williams,Nick Williams,WR,WR,"https://static.www.nfl.com/image/private/f_auto,q_auto/league/xzbqirh5sxfjtmmnrupw",3,LA,0,0,0,0,0,0,0,0,0,0,0,0,,0,,,0,0,0,0,0,0,,0,2,5,17,0,0,0,47,5,1,-3.22327263390381,0,0.361702127659575,0.0617283950617284,0.0615183246073299,0.135655419817723,0,1.7,3.7
2018,REG,00-0029854,C.Anderson,C.J. Anderson,RB,RB,"https://static.www.nfl.com/image/private/f_auto,q_auto/league/jqqdxuowpdgl06zy0g0a",9,LA,0,0,0,0,0,0,0,0,0,0,0,0,,0,,,67,403,2,0,0,21,12.0025886326772,0,5,9,41,1,0,0,-3,45,2,-6.69959123770241,0,-13.6666666666667,0.0756302521008403,-0.0031479538300104,0.111241810470253,0,62.4,67.4
2018,REG,00-0029892,K.Juszczyk,Kyle Juszczyk,FB,RB,"https://static.www.nfl.com/image/private/f_auto,q_auto/league/eqb3lq4bip6oa5kiz1ze",15,SF,0,0,0,0,0,0,0,0,0,0,0,0,,0,,,8,30,0,1,1,2,-8.09625180359416,0,30,41,324,1,1,1,176,175,15,10.2963238183642,0,1.84090909090909,0.0857740585774059,0.0611323376172282,0.171453724198169,0,37.4,67.4
2018,REG,00-0029931,Z.Line,Zach Line,FB,RB,"https://static.www.nfl.com/image/private/f_auto,q_auto/league/dddfiilg9qy54xtorb6r",10,NO,0,0,0,0,0,0,0,0,0,0,0,0,,0,,,9,41,0,0,0,6,0.788533020473551,0,5,10,14,2,0,0,25,7,2,-2.1754414446041,0,0.56,0.036231884057971,0.0199203187250996,0.0682920491945263,0,17.5,22.5
2018,REG,00-0030035,A.Thielen,Adam Thielen,WR,WR,"https://static.www.nfl.com/image/private/f_auto,q_auto/league/kmldtl8p9h7h5dzvkwsw",16,MIN,0,0,0,0,0,0,0,0,0,0,0,0,,0,,,5,30,0,0,0,1,-1.24618971568998,0,113,153,1373,9,1,1,1443,416,74,56.1168480565642,1,0.951489951489951,0.258445945945946,0.337859985951768,0.624170909085156,0,194.3,307.3
2018,REG,00-0030061,Z.Ertz,Zach Ertz,TE,TE,"https://static.www.nfl.com/image/private/f_auto,q_auto/league/t7my0kesdhb2iefvempm",16,PHI,0,0,0,0,0,0,0,0,0,0,0,0,,0,,,0,0,0,0,0,0,,0,116,156,1163,8,1,0,1130,353,65,19.1950382770382,0,1.02920353982301,0.263513513513514,0.25364758698092,0.572823581156914,0,164.3,280.3
2018,REG,00-0030068,M.Goodwin,Marquise Goodwin,WR,WR,"https://static.www.nfl.com/image/upload/f_auto,q_auto/league/cof5bbih1o9dtnonwmjp",11,SF,0,0,0,0,0,0,0,0,0,0,0,0,,0,,,4,9,0,0,0,0,-1.44431587017607,0,23,44,395,4,1,0,615,126,19,9.55708271168987,0,0.642276422764228,0.133333333333333,0.228709557456303,0.360096690219412,0,64.4,87.4
2018,REG,00-0030085,K.Stills,Kenny Stills,WR,WR,"https://static.www.nfl.com/image/private/f_auto,q_auto/league/wswn6tehkzj8mdfbablx",15,MIA,1,1,3,1,0,0,0,0,0,2,1,1,1.28392728051404,0,1.5,,0,0,0,0,0,0,,0,37,64,553,6,0,0,1040,131,26,27.8311511846957,1,0.531730769230769,0.159203980099502,0.32520325203252,0.466448246572018,0,97.42,134.42
2018,REG,00-0030089,L.Willson,Luke Willson,TE,TE,"https://static.www.nfl.com/image/private/f_auto,q_auto/league/a6zcpjyfusebcm8i3w2w",10,DET,0,0,0,0,0,0,0,0,0,0,0,0,,0,,,0,0,0,0,0,0,,0,13,19,87,0,0,0,71,58,5,-7.89112239272799,0,1.22535211267606,0.0516304347826087,0.038819026790596,0.10461897092733,0,8.7,21.7
2018,REG,00-0030107,T.Riddick,Theo Riddick,RB,RB,"https://static.www.nfl.com/image/private/f_auto,q_auto/league/aptuag5ocazmionhvnt6",14,DET,0,0,0,0,0,0,0,0,0,0,0,0,,0,,,40,171,0,0,0,8,-5.45744613487936,0,61,74,384,0,0,0,53,406,16,-11.6537556949285,0,7.24528301886793,0.158458244111349,0.0163479333744602,0.249130919529146,0,55.5,116.5
2018,REG,00-0030108,R.Griffin,Ryan Griffin,TE,TE,"https://static.www.nfl.com/image/private/f_auto,q_auto/league/izjfxtmk2dhzhrlwpt9g",13,HOU,0,0,0,0,0,0,0,0,0,0,0,0,,0,,,0,0,0,0,0,0,,0,24,43,305,0,0,0,321,150,15,0.655704613110348,0,0.950155763239875,0.10093896713615,0.0858288770053476,0.211488664607969,0,30.5,54.5
2018,REG,00-0030112,T.Bohanon,Tommy Bohanon,FB,RB,"https://static.www.nfl.com/image/private/f_auto,q_auto/league/lmoesdqqzu6v8rmnyqlk",7,JAX,0,0,0,0,0,0,0,0,0,0,0,0,,0,,,1,0,0,0,0,0,-0.397598907875363,0,6,9,41,0,0,0,13,35,1,-0.676918211625889,0,3.15384615384615,0.0347490347490348,0.0084033613445378,0.0580059050647286,0,4.1,10.1
2018,REG,00-0030140,T.Way,Tress Way,P,SPEC,"https://static.www.nfl.com/image/private/f_auto,q_auto/league/mb64ugskbogtoljml7q0",1,WAS,1,1,7,0,0,0,0,0,0,7,0,1,2.73438866599463,0,1.0,,0,0,0,0,0,0,,0,0,0,0,0,0,0,0,0,0,,0,,,,,0,0.28,0.28
2018,REG,00-0030147,R.Shepard,Russell Shepard,WR,WR,"https://static.www.nfl.com/image/private/f_auto,q_auto/league/gk2saq7m1jxl90g9slks",7,NYG,0,0,0,0,0,0,0,0,0,0,0,0,,0,,,0,0,0,0,0,0,,0,10,19,188,2,0,0,333,16,7,6.76121515369205,0,0.564564564564565,0.071969696969697,0.159635666347076,0.219699511897498,0,30.8,40.8
2018,REG,00-0030155,D.Harris,Demetrius Harris,TE,TE,"https://static.www.nfl.com/image/private/f_auto,q_auto/league/nlajcnjlosuajmqswxvl",10,KC,0,0,0,0,0,0,0,0,0,0,0,0,,0,,,0,0,0,0,0,0,,0,12,25,164,3,0,0,193,75,9,0.858659180114046,0,0.849740932642487,0.06426735218509,0.059733828536057,0.138214708252875,0,34.4,46.4
2018,REG,00-0030170,R.Miles,Rontez Miles,FS,DB,"https://static.www.nfl.com/image/private/f_auto,q_auto/league/ufb0jodghl5ntdimenbc",1,NYJ,0,0,0,0,0,0,0,0,0,0,0,0,,0,,,1,4,0,0,0,1,1.84754531958606,0,0,0,0,0,0,0,0,0,0,,0,,,,,0,0.4,0.4
2018,REG,00-0030181,J.Doyle,Jack Doyle,TE,TE,"https://static.www.nfl.com/image/private/f_auto,q_auto/league/h6abyvmg2g93llboizi6",6,IND,0,0,0,0,0,0,0,0,0,0,0,0,,0,,,0,0,0,0,0,0,,0,26,33,245,2,1,1,179,108,14,0.766243935039098,0,1.36871508379888,0.154929577464789,0.124478442280946,0.319529275793845,0,34.5,60.5
2018,REG,00-0030196,J.Heath,Jeff Heath,SS,DB,"https://static.www.nfl.com/image/private/f_auto,q_auto/league/knimytdhoo3rqiacbgtm",1,DAL,0,0,0,0,0,0,0,0,0,0,0,0,,0,,,1,3,0,0,0,1,2.15131232817657,0,0,0,0,0,0,0,0,0,0,,0,,,,,0,0.3,0.3
2018,REG,00-0030216,J.Hill,Josh Hill,TE,TE,"https://static.www.nfl.com/image/private/f_auto,q_auto/league/vdva7m1fxklv6gxbsg7q",11,NO,0,0,0,0,0,0,0,0,0,0,0,0,,0,,,0,0,0,0,0,0,,0,16,24,185,1,0,0,73,170,11,5.92185213855292,0,2.53424657534247,0.0626631853785901,0.0276410450586899,0.113343509608968,0,24.5,40.5
2018,REG,00-0030279,K.Allen,Keenan Allen,WR,WR,"https://static.www.nfl.com/image/private/f_auto,q_auto/league/xs7h2igf85nta81v7zb8",15,LAC,0,0,0,0,0,1,7,0,0,0,0,0,-1.58533073309809,0,,,9,75,0,1,0,4,0.571776894154027,0,97,136,1196,6,1,1,1169,403,62,57.4192258224064,1,1.02309666381523,0.290598290598291,0.32248275862069,0.661635366931919,0,163.1,260.1
2018,REG,00-0030288,R.Burkhead,Rex Burkhead,RB,RB,"https://static.www.nfl.com/image/private/f_auto,q_auto/league/ysgdnkasvp07qmrkasve",8,NE,0,0,0,0,0,0,0,0,0,0,0,0,,0,,,57,186,0,1,0,11,-12.1680481825606,0,14,20,131,1,1,1,43,121,4,-5.04310926496857,0,3.04651162790698,0.0884955752212389,0.023471615720524,0.149173493836225,0,35.7,49.7
2018,REG,00-0030300,J.Brown,Jaron Brown,WR,WR,"https://static.www.nfl.com/image/private/f_auto,q_auto/league/y41u4egwigms9rg2p3ln",10,SEA,0,0,0,0,0,0,0,0,0,0,0,0,,0,,,0,0,0,0,0,0,,0,14,19,166,5,0,0,244,46,9,17.419994652184,0,0.680327868852459,0.0733590733590734,0.100618556701031,0.180471599729332,0,46.6,60.6
2018,REG,00-0030404,C.Thompson,Chris Thompson,RB,RB,"https://static.www.nfl.com/image/private/f_auto,q_auto/league/ypyldro2efcy5jcrytft",10,WAS,0,0,0,0,0,0,0,0,0,0,0,0,,0,,,43,178,0,1,0,9,-9.59429586197074,0,41,55,268,1,0,0,80,219,12,-2.21271660537115,0,3.35,0.191637630662021,0.0352578228294403,0.31213692197364,0,50.6,91.6
2018,REG,00-0030414,S.Ware,Spencer Ware,RB,RB,"https://static.www.nfl.com/image/private/f_auto,q_auto/league/qr04afpcu3fqpgxnws6t",11,KC,0,0,0,0,0,0,0,0,0,0,0,0,,0,,,51,246,2,0,0,14,-1.35768435269711,0,20,23,224,0,0,0,5,245,9,14.524497246616,0,44.8,0.073015873015873,0.0019554165037152,0.11089260107641,0,59.0,79.0
2018,REG,00-0030422,D.Sims,Dion Sims,TE,TE,"https://static.www.nfl.com/image/private/f_auto,q_auto/league/gvok1agdl3xtz9nceqfr",2,CHI,0,0,0,0,0,0,0,0,0,0,0,0,,0,,,0,0,0,0,0,0,,0,2,4,9,0,0,0,36,9,0,-2.55156271578744,0,0.25,0.0493827160493827,0.0461538461538462,0.106381766381766,0,0.9,2.9
2018,REG,00-0030431,R.Woods,Robert Woods,WR,WR,"https://static.www.nfl.com/image/upload/f_auto,q_auto/league/owppysuai4ipxu5d27nu",16,LA,0,0,0,0,0,0,0,0,0,0,0,0,,0,,,19,157,1,0,0,9,6.53795282461215,0,86,130,1219,6,0,0,1483,420,66,61.2931352472905,0,0.82198246797033,0.238532110091743,0.312671305081172,0.576668078694435,0,179.6,265.6
2018,REG,00-0030432,C.Michael,Christine Michael,RB,RB,"https://static.www.nfl.com/image/private/f_auto,q_auto/league/qlysbozgkexeoohnqrvz",1,IND,0,0,0,0,0,0,0,0,0,0,0,0,,0,,,2,9,0,0,0,0,-0.616476247902028,0,0,0,0,0,0,0,0,0,0,,0,,,,,0,0.9,0.9
2018,REG,00-0030433,M.Gillislee,Mike Gillislee,RB,RB,"https://static.www.nfl.com/image/private/f_auto,q_auto/league/bz85uuhwz2daip0avjrg",4,NO,0,0,0,0,0,0,0,0,0,0,0,0,,0,,,16,43,0,1,1,2,-14.1780283213011,0,1,1,9,0,0,0,0,9,0,0.766047273296863,0,0.0,0.0303030303030303,,,0,3.2,4.2
2018,REG,00-0030443,L.Toilolo,Levine Toilolo,TE,TE,"https://static.www.nfl.com/image/private/f_auto,q_auto/league/w6qnlfw0cuxest48srd0",11,DET,0,0,0,0,0,0,0,0,0,0,0,0,,0,,,0,0,0,0,0,0,,0,21,24,263,1,0,0,180,110,16,19.8151387950638,0,1.46111111111111,0.062992125984252,0.0739827373612824,0.146276105129276,0,32.3,53.3
2018,REG,00-0030456,G.Bernard,Giovani Bernard,RB,RB,"https://static.www.nfl.com/image/private/f_auto,q_auto/league/guht9y14gftgsugb87xz",12,CIN,0,0,0,0,0,0,0,0,0,0,0,0,,0,,,56,211,3,0,0,14,-4.33823445302551,0,35,48,218,0,0,0,-7,227,8,-4.18695906216003,0,-31.1428571428571,0.121827411167513,-0.002540834845735,0.180962532359255,0,60.9,95.9
2018,REG,00-0030465,K.Barner,Kenjon Barner,RB,RB,"https://static.www.nfl.com/image/private/f_auto,q_auto/league/n8hvbyw7vdlj7svjwqg4",6,CAR,0,0,0,0,0,0,0,0,0,0,0,0,,0,,,19,71,0,0,0,3,-4.1412149014941,0,1,1,3,0,0,0,3,0,0,-0.0423899788875133,0,1.0,0.0181818181818182,0.0069930069930069,0.0321678321678322,0,7.4,8.4
2018,REG,00-0030470,V.McDonald,Vance McDonald,TE,TE,"https://static.www.nfl.com/image/private/f_auto,q_auto/league/apafzol1dcqu56cqotv9",15,PIT,0,0,0,0,0,0,0,0,0,0,0,0,,0,,,0,0,0,0,0,0,,0,50,72,610,4,2,1,380,387,33,27.5765995730757,0,1.60526315789474,0.113385826771654,0.0783343640486498,0.224912794991535,0,83.0,133.0
2018,REG,00-0030472,J.Reed,Jordan Reed,TE,TE,"https://static.www.nfl.com/image/private/f_auto,q_auto/league/jur0qgejd3lzv8flmxcq",13,WAS,0,0,0,0,0,0,0,0,0,0,0,0,,0,,,0,0,0,0,0,0,,0,54,84,558,2,1,1,575,231,26,-1.19855538776839,0,0.970434782608696,0.201923076923077,0.168968557155451,0.421162605393431,0,65.8,119.8
2018,REG,00-0030506,T.Kelce,Travis Kelce,TE,TE,"https://static.www.nfl.com/image/private/f_auto,q_auto/league/ryzr3vbragwe50vtj9af",16,KC,0,0,0,0,0,0,0,0,0,0,0,0,,0,,,0,0,0,0,0,0,,0,103,150,1336,10,2,1,1375,568,68,70.1805993490991,0,0.971636363636364,0.265957446808511,0.26792673421668,0.586484884164442,0,191.6,294.6
2018,REG,00-0030513,L.Murray,Latavius Murray,RB,RB,"https://static.www.nfl.com/image/private/f_auto,q_auto/league/zepm7ghltyeqydn0qxcg",16,MIN,0,0,0,0,0,0,0,0,0,0,0,0,,0,,,140,578,6,0,0,23,-20.4433250721701,0,22,26,141,0,0,0,29,115,7,-6.95168725508374,1,4.86206896551724,0.0753623188405797,0.0121035058430718,0.12151593235102,0,109.9,131.9
2018,REG,00-0030516,B.Butler,Brice Butler,WR,WR,"https://static.www.nfl.com/image/private/f_auto,q_auto/league/xnr2lcdlhui4vyu6z4ir",5,MIA,0,0,0,0,0,0,0,0,0,0,0,0,,0,,,0,0,0,0,0,0,,0,6,10,60,1,0,0,138,1,4,1.15539990016259,0,0.434782608695652,0.08,0.119170984455959,0.203419689119171,0,12.0,18.0
2018,REG,00-0030520,M.Glennon,Mike Glennon,QB,QB,"https://static.www.nfl.com/image/private/f_auto,q_auto/league/mubobrjbeudtezxv0t0p",2,ARI,15,21,174,1,0,1,8,0,0,177,84,8,8.74151767115109,0,0.983050847457627,0.224261464604208,0,0,0,0,0,0,,0,0,0,0,0,0,0,0,0,0,,0,,,,,0,10.96,10.96
2018,REG,00-0030521,J.Hunter,Justin Hunter,WR,WR,"https://static.www.nfl.com/image/private/f_auto,q_auto/league/jwfx9spolez2cofb3kvq",4,PIT,0,0,0,0,0,0,0,0,0,0,0,0,,0,,,0,0,0,0,0,0,,0,3,13,21,0,0,0,266,2,2,-3.96140977225828,0,0.0789473684210526,0.0792682926829268,0.187853107344633,0.250399614165633,0,2.1,5.1
2018,REG,00-0030525,T.Austin,Tavon Austin,WR,WR,"https://static.www.nfl.com/image/private/f_auto,q_auto/league/ulagxqgjnrft4wub0gus",7,DAL,0,0,0,0,0,0,0,0,0,0,0,0,,0,,,6,55,0,0,0,2,1.67628738074563,0,8,13,140,2,0,0,208,37,5,2.7909867776325,0,0.673076923076923,0.0718232044198895,0.139316811788346,0.205256574881676,0,31.5,39.5
2018,REG,00-0030533,M.Barkley,Matt Barkley,QB,QB,"https://static.www.nfl.com/image/private/f_auto,q_auto/league/ejvscebj0ufugx5vrouq",1,BUF,15,25,232,3,0,1,8,0,0,310,77,12,14.3523848957248,0,0.748387096774194,0.246762628041391,3,-2,0,0,0,0,-3.7684879747394,0,0,0,0,0,0,0,0,0,0,,0,,,,,0,21.08,21.08
2018,REG,00-0030542,T.Williams,Terrance Williams,WR,WR,"https://static.www.nfl.com/image/private/f_auto,q_auto/league/emdrh1uwgitgnw1wytiv",2,DAL,0,0,0,0,0,0,0,0,0,0,0,0,,0,,,0,0,0,0,0,0,,0,2,3,18,0,0,0,27,6,1,0.623739648610354,0,0.666666666666667,0.0576923076923077,0.0616438356164384,0.129689146469968,0,1.8,3.8
2018,REG,00-0030549,T.Eifert,Tyler Eifert,TE,TE,"https://static.www.nfl.com/image/private/f_auto,q_auto/league/sextvbehmeu7ydutxtsu",4,CIN,0,0,0,0,0,0,0,0,0,0,0,0,,0,,,0,0,0,0,0,0,,0,15,19,179,1,0,0,175,54,10,9.78962565574329,0,1.02285714285714,0.12258064516129,0.155555555555556,0.292759856630824,0,23.9,38.9
2018,REG,00-0030564,D.Hopkins,DeAndre Hopkins,WR,WR,"https://static.www.nfl.com/image/upload/f_auto,q_auto/league/jgatj8mtftu06pegapip",16,HOU,0,1,0,0,0,0,0,0,0,17,0,0,-0.445596045756247,0,0.0,,1,-7,0,0,0,0,-1.45712047116831,0,115,163,1572,11,2,2,1869,387,81,76.1871175837871,0,0.841091492776886,0.329959514170041,0.437910028116214,0.80147629093641,0,218.5,333.5
2018,REG,00-0030565,G.Smith,Geno Smith,QB,QB,"https://static.www.nfl.com/image/private/f_auto,q_auto/league/bxp32udtvwnpu3rl2cht",4,LAC,1,4,8,0,0,1,16,1,1,11,11,0,-6.86530107389159,0,0.727272727272727,,8,2,0,0,0,0,-5.66564137884416,0,0,0,0,0,0,0,0,0,0,,0,,,,,0,-1.48,-1.48
2018,REG,00-0030578,C.Patterson,Cordarrelle Patterson,RB,RB,"https://static.www.nfl.com/image/private/f_auto,q_auto/league/gy2bb38cns4nxypehbqi",15,NE,0,0,0,0,0,0,0,0,0,0,0,0,,0,,,42,228,1,0,0,15,5.52928717150035,0,21,28,247,3,0,0,174,162,11,10.5381394454552,0,1.41954022988506,0.0686274509803922,0.0609457092819615,0.145603172967961,1,77.5,98.5
2018,REG,00-0030648,A.Villanueva,Alejandro Villanueva,T,OL,"https://static.www.nfl.com/image/private/f_auto,q_auto/league/u0iqbfj30q64ngrmwdvr",1,PIT,0,0,0,0,0,0,0,0,0,0,0,0,,0,,,0,0,0,0,0,0,,0,1,1,2,1,0,0,2,0,1,3.9913910375617,0,1.0,0.0172413793103448,0.0048899755501222,0.0292850518506028,0,6.2,7.2
2018,REG,00-0030656,I.Crowell,Isaiah Crowell,RB,RB,"https://static.www.nfl.com/image/private/f_auto,q_auto/league/oruiw5myfimtssv6j2ar",13,NYJ,0,0,0,0,0,0,0,0,0,0,0,0,,0,,,143,685,6,0,0,26,-9.51617320649502,0,21,28,152,0,0,0,-9,173,7,2.83881825952759,0,-16.8888888888889,0.0721649484536082,-0.0027059530968129,0.106353255512643,0,119.7,140.7
2018,REG,00-0030663,W.Snead,Willie Snead,WR,WR,"https://static.www.nfl.com/image/private/f_auto,q_auto/league/fr5xckiwhguuaishnbju",14,BAL,0,0,0,0,0,0,0,0,0,0,0,0,,0,,,1,13,0,0,0,1,1.46459193341434,0,62,95,651,1,0,0,770,282,37,5.16020262218723,0,0.845454545454546,0.192697768762678,0.176889501493223,0.412869304189272,0,72.4,134.4
2018,REG,00-0030668,C.West,Charcandrick West,RB,RB,"https://static.www.nfl.com/image/private/f_auto,q_auto/league/ccvw7oos9bzr4ojdiuac",2,KC,0,0,0,0,0,0,0,0,0,0,0,0,,0,,,2,-1,0,0,0,1,-0.988805418193806,0,2,3,37,1,0,0,16,25,2,3.38715322129428,0,2.3125,0.0769230769230769,0.0421052631578947,0.144858299595142,0,9.6,11.6
2018,REG,00-0030669,A.Wilson,Albert Wilson,WR,WR,"https://static.www.nfl.com/image/private/f_auto,q_auto/league/slythouwdcrug0poiios",7,MIA,1,1,52,1,0,0,0,0,0,19,33,1,4.35197630827315,0,2.73684210526316,,8,16,0,0,0,2,-2.32398807106074,0,26,35,391,4,0,0,246,335,11,10.8640295753721,0,1.58943089430894,0.172413793103448,0.145304193738925,0.36033362527242,0,70.78,96.78
2018,REG,00-0030670,B.Fowler,Bennie Fowler,WR,WR,"https://static.www.nfl.com/image/private/f_auto,q_auto/league/nfcmdcfhjf347rw1cstq",10,NYG,0,0,0,0,0,0,0,0,0,0,0,0,,0,,,0,0,0,0,0,0,,0,16,27,199,1,1,0,261,76,12,11.1489958451712,0,0.762452107279693,0.0784883720930233,0.0973880597014925,0.18590419993058,0,25.9,41.9
2018,REG,00-0030710,T.Burton,Trey Burton,TE,TE,"https://static.www.nfl.com/image/private/f_auto,q_auto/league/vt2ce0szit4ozyh5s5iw",16,CHI,0,0,0,0,0,0,0,0,0,0,0,0,,0,,,1,2,0,0,0,1,0.0793567462242208,0,54,76,569,6,1,1,623,190,29,13.4138792458107,1,0.913322632423756,0.150793650793651,0.139435989256938,0.323795668670333,0,93.1,147.1
2018,REG,00-0030711,D.Fluellen,David Fluellen,RB,RB,"https://static.www.nfl.com/image/private/f_auto,q_auto/league/hw3jqryjpuw3hhackwsm",2,TEN,0,0,0,0,0,0,0,0,0,0,0,0,,0,,,4,16,0,0,0,1,-0.523850294179283,0,0,0,0,0,0,0,0,0,0,,0,,,,,0,1.6,1.6
2018,REG,00-0030737,F.Martino,Freddie Martino,WR,WR,"https://static.www.nfl.com/image/private/f_auto,q_auto/league/ztiguqllxmcbjynsqwn9",1,TB,0,0,0,0,0,0,0,0,0,0,0,0,,0,,,0,0,0,0,0,0,,0,0,1,0,0,0,0,3,0,0,-2.09209974115277,0,0.0,0.0357142857142857,0.0087976539589442,0.0597297863426896,0,0.0,0.0
2018,REG,00-0030741,R.Nix,Roosevelt Nix,FB,RB,"https://static.www.nfl.com/image/private/f_auto,q_auto/league/ibpity8hbzwonppqziyb",5,PIT,0,0,0,0,0,0,0,0,0,0,0,0,,0,,,1,4,0,0,0,0,-2.36722126282984,0,4,6,38,0,0,0,9,43,2,0.74313084105961,0,4.22222222222222,0.0265486725663717,0.0051428571428571,0.0434230088495575,0,4.2,8.2
2018,REG,00-0030780,R.Hewitt,Ryan Hewitt,TE,TE,"https://static.www.nfl.com/image/private/f_auto,q_auto/league/egbpiaml7idnpcxa1x8q",2,IND,0,0,0,0,0,0,0,0,0,0,0,0,,0,,,0,0,0,0,0,0,,0,1,2,1,1,0,0,6,0,1,0.120453748357249,0,0.166666666666667,0.0303030303030303,0.0143884892086331,0.0555264879005886,0,6.1,7.1
2018,REG,00-0030821,A.Hurns,Allen Hurns,WR,WR,"https://static.www.nfl.com/image/private/f_auto,q_auto/league/ficrwzwu4bfswpzu61fv",13,DAL,0,0,0,0,0,0,0,0,0,0,0,0,,0,,,0,0,0,0,0,0,,0,20,35,295,2,1,0,399,78,11,13.2816906452537,0,0.739348370927318,0.0810185185185185,0.118538324420677,0.204504604872252,0,41.5,61.5
2018,REG,00-0030854,E.Swoope,Erik Swoope,TE,TE,"https://static.www.nfl.com/image/private/f_auto,q_auto/league/lgucz1buzapjyv92e7tj",7,IND,0,0,0,0,0,0,0,0,0,0,0,0,,0,,,0,0,0,0,0,0,,0,8,10,87,3,0,0,94,17,5,6.38151029919391,0,0.925531914893617,0.0325732899022801,0.0496566296883254,0.083619575635248,0,26.7,34.7
2018,REG,00-0030874,D.Williams,Damien Williams,RB,RB,"https://static.www.nfl.com/image/private/f_auto,q_auto/league/ga4vusnfwfvhp2ksqw7x",10,KC,0,0,0,0,0,0,0,0,0,0,0,0,,0,,,50,256,4,1,1,15,-0.367536646500324,0,23,24,160,2,0,0,-50,214,9,9.69470174640865,0,-3.2,0.0956175298804781,-0.0213219616204691,0.128500921686389,0,75.6,98.6
2018,REG,00-0030968,K.Smith,Keith Smith,FB,RB,"https://static.www.nfl.com/image/private/f_auto,q_auto/league/jolwasweebgk37nkl7ia",5,LV,0,0,0,0,0,0,0,0,0,0,0,0,,0,,,1,0,0,0,0,0,-4.53320167202037,0,5,7,23,0,0,0,23,18,3,-3.24100212125001,0,1.0,0.0445859872611465,0.0250817884405671,0.0844362328001167,0,2.3,7.3
2018,REG,00-0031023,Q.Enunwa,Quincy Enunwa,WR,WR,"https://static.www.nfl.com/image/private/f_auto,q_auto/league/vsd27gfxzjt7v7izbjet",11,NYJ,0,0,0,0,0,0,0,0,0,0,0,0,,0,,,1,0,0,0,0,0,-0.440314262988977,0,38,68,449,1,2,1,487,285,22,-1.95714840351346,0,0.921971252566735,0.19941348973607,0.17374241883696,0.420739927789978,0,48.9,86.9
2018,REG,00-0031035,X.Grimble,Xavier Grimble,TE,TE,"https://static.www.nfl.com/image/private/f_auto,q_auto/league/crjwhcfk4bt6dqojjppj",7,PIT,0,0,0,0,0,0,0,0,0,0,0,0,,0,,,0,0,0,0,0,0,,0,6,8,86,0,1,0,56,56,4,0.73184406501241,0,1.53571428571429,0.025974025974026,0.0282971197574533,0.0587690227912562,0,8.6,14.6
2018,REG,00-0031045,C.Hyde,Carlos Hyde,RB,RB,"https://static.www.nfl.com/image/private/f_auto,q_auto/league/qpmv42ldpkpdf1gpgeua",14,JAX,0,0,0,0,0,0,0,0,0,0,0,0,,0,,,172,571,5,2,1,27,-39.0626483549483,0,10,16,33,0,0,0,-13,59,0,-7.43508478795411,0,-2.53846153846154,0.050314465408805,-0.0045566070802663,0.0722820731570211,0,88.4,98.4
2018,REG,00-0031051,J.Brown,John Brown,WR,WR,"https://static.www.nfl.com/image/private/f_auto,q_auto/league/xwyc2a0qfdxbbct6lso6",16,BAL,0,0,0,0,0,0,0,0,0,0,0,0,,0,,,3,4,0,0,0,0,-1.55790014890954,0,42,97,715,5,0,0,1583,156,28,17.2420250265281,0,0.451674036639293,0.179962894248609,0.333825390130747,0.503622114464435,0,101.9,143.9
2018,REG,00-0031060,D.Thomas,De'Anthony Thomas,WR,WR,"https://static.www.nfl.com/image/private/f_auto,q_auto/league/ubevvtu8f1snobsxnnwl",3,KC,0,0,0,0,0,0,0,0,0,0,0,0,,0,,,1,6,0,0,0,0,0.385494029615074,0,3,5,29,1,0,0,68,30,3,2.23205163251259,0,0.426470588235294,0.0476190476190476,0.066147859922179,0.117732073374097,0,9.5,12.5
2018,REG,00-0031062,J.White,James White,RB,RB,"https://static.www.nfl.com/image/private/f_auto,q_auto/league/z1nnkmnstccnqya5d5ee",16,NE,0,0,0,0,0,0,0,0,0,0,0,0,,0,,,94,425,5,0,0,22,-4.85456583036008,0,87,123,751,7,0,0,301,665,38,22.7521168992479,0,2.49501661129568,0.221223021582734,0.068362480127186,0.379688268463131,0,189.6,276.6
2018,REG,00-0031068,R.Grant,Ryan Grant,WR,WR,"https://static.www.nfl.com/image/private/f_auto,q_auto/league/im7fnk7uti759btkrdok",14,IND,0,0,0,0,0,0,0,0,0,0,0,0,,0,,,0,0,0,0,0,0,,0,35,52,334,1,0,0,475,93,18,10.1055622471322,0,0.703157894736842,0.0896551724137931,0.106359158083296,0.208934169278997,0,39.4,74.4
2018,REG,00-0031075,A.Blue,Alfred Blue,RB,RB,"https://static.www.nfl.com/image/private/f_auto,q_auto/league/qt9zmmipmlcin4gxs8wt",16,HOU,0,0,0,0,0,0,0,0,0,0,0,0,,0,,,150,499,2,0,0,25,-32.4944873855042,0,20,27,154,0,0,0,73,107,4,-7.81580580188739,0,2.10958904109589,0.087378640776699,0.028141865844256,0.150767267256028,0,77.3,97.3
2018,REG,00-0031102,K.Bibbs,Kapri Bibbs,RB,RB,"https://static.www.nfl.com/image/private/f_auto,q_auto/league/yvqplagyljhiso4imgiq",9,GB,0,0,0,0,0,0,0,0,0,0,0,0,,0,,,21,103,3,0,0,8,4.28092763951607,0,16,23,115,1,1,0,38,108,4,-8.95251144384143,0,3.02631578947368,0.0966386554621849,0.0169265033407572,0.156806535531807,0,45.8,61.8
2018,REG,00-0031136,C.Boswell,Chris Boswell,K,SPEC,"https://static.www.nfl.com/image/private/f_auto,q_auto/league/karzxxgfewnlymj0rmln",1,PIT,1,1,2,1,0,0,0,0,0,2,0,1,3.9913910375617,0,1.0,,0,0,0,0,0,0,,0,0,0,0,0,0,0,0,0,0,,0,,,,,0,4.08,4.08
2018,REG,00-0031166,S.Roberts,Seth Roberts,WR,WR,"https://static.www.nfl.com/image/private/f_auto,q_auto/league/wcralkq5mcdpsmjvkatl",15,LV,0,0,0,0,0,0,0,0,0,0,0,0,,0,,,3,5,0,0,0,1,-1.42615399160422,0,45,64,494,2,0,0,572,211,24,24.7328186958834,0,0.863636363636364,0.130081300813008,0.174870070314888,0.317531000439934,0,61.9,106.9
2018,REG,00-0031167,S.Simonson,Scott Simonson,TE,TE,"https://static.www.nfl.com/image/private/f_auto,q_auto/league/cocieog4hemdjlipo1qh",7,NYG,0,0,0,0,0,0,0,0,0,0,0,0,,0,,,0,0,0,0,0,0,,0,9,14,86,1,0,0,66,31,6,-9.87615506167482,0,1.3030303030303,0.0532319391634981,0.0332661290322581,0.103134199067828,0,14.6,23.6
2018,REG,00-0031189,T.Jones,T.J. Jones,WR,WR,"https://static.www.nfl.com/image/private/f_auto,q_auto/league/fqv9h42uxtxjl7jjs2dt",12,DET,0,0,0,0,0,0,0,0,0,0,0,0,,0,,,0,0,0,0,0,0,,0,19,27,190,2,0,0,268,36,10,10.5997762925108,0,0.708955223880597,0.0650602409638554,0.0986745213549337,0.166662526394237,0,31.0,50.0
2018,REG,00-0031228,T.Gabriel,Taylor Gabriel,WR,WR,"https://static.www.nfl.com/image/private/f_auto,q_auto/league/nc4aoax8j5mnnrjewu7p",16,CHI,0,0,0,0,0,0,0,0,0,0,0,0,,0,,,9,61,0,0,0,3,2.65025423135376,0,67,93,688,2,1,1,1039,216,31,26.7187561280678,0,0.662175168431184,0.18452380952381,0.232542524619517,0.439565481519376,0,84.9,151.9
2018,REG,00-0031235,O.Beckham,Odell Beckham,WR,WR,"https://static.www.nfl.com/image/private/f_auto,q_auto/league/etl34lkiscs2lpc4to2f",12,NYG,2,2,106,2,0,0,0,0,0,68,38,2,9.48150946642272,0,1.55882352941176,,5,19,0,0,0,2,-1.76218314455813,0,77,124,1052,6,0,0,1412,315,51,31.9827219940483,0,0.745042492917847,0.285714285714286,0.433128834355828,0.731761612620508,0,155.34,232.34
2018,REG,00-0031236,B.Cooks,Brandin Cooks,WR,WR,"https://static.www.nfl.com/image/private/f_auto,q_auto/league/wy6qidqm8jjp6buvu3lp",15,LA,0,0,0,0,0,0,0,0,0,0,0,0,,0,,,10,68,1,0,0,5,6.85254633106524,0,80,117,1204,5,1,0,1498,346,56,56.7904627972102,0,0.803738317757009,0.228070175438597,0.334973166368515,0.576586479615855,0,163.2,243.2
2018,REG,00-0031237,T.Bridgewater,Teddy Bridgewater,QB,QB,"https://static.www.nfl.com/image/private/f_auto,q_auto/league/q5p8afhezmpvc1xbwibf",4,NO,14,23,118,1,1,2,8,0,0,141,53,8,-8.28122925839898,0,0.836879432624114,-0.0086416044236095,11,5,0,0,0,1,-9.12140521092806,0,0,0,0,0,0,0,0,0,0,,0,,,,,0,7.22,7.22
2018,REG,00-0031257,P.Richardson,Paul Richardson,WR,WR,"https://static.www.nfl.com/image/private/f_auto,q_auto/league/jxsldwomavxfbs7gueqt",7,WAS,0,0,0,0,0,0,0,0,0,0,0,0,,0,,,2,9,0,0,0,0,0.0828209656756371,0,20,35,262,2,0,0,432,46,12,7.82405135646695,0,0.606481481481482,0.146443514644351,0.234400434074878,0.383745575818942,0,39.1,59.1
2018,REG,00-0031260,L.Thomas,Logan Thomas,TE,TE,"https://static.www.nfl.com/image/private/f_auto,q_auto/league/acm0ymhqdzqxdibwjphv",8,BUF,1,1,15,0,0,0,0,0,0,8,7,1,3.80663230828941,0,1.875,,0,0,0,0,0,0,,0,12,17,77,0,0,0,135,34,3,2.02192650706274,0,0.57037037037037,0.0658914728682171,0.0536352800953516,0.136381905369072,0,8.3,20.3
2018,REG,00-0031273,C.Brate,Cameron Brate,TE,TE,"https://static.www.nfl.com/image/private/f_auto,q_auto/league/jhioqec65qy4z7s6w9a6",15,TB,0,0,0,0,0,0,0,0,0,0,0,0,,0,,,0,0,0,0,0,0,,0,30,49,289,6,1,1,405,51,18,4.9317954428031,0,0.71358024691358,0.083617747440273,0.0648414985590778,0.170815670151764,0,62.9,92.9
2018,REG,00-0031280,D.Carr,Derek Carr,QB,QB,"https://static.www.nfl.com/image/private/f_auto,q_auto/league/cffbp9sqfioxa2jk2oqf",16,LV,381,553,4049,19,10,51,299,11,7,3778,1994,197,-1.20584695851284,1,1.07173107464267,0.0816043593739291,24,47,1,1,0,5,-3.56036608759314,0,1,1,-9,0,0,0,-7,-2,0,-2.35112055833451,0,0.0,0.0303030303030303,-0.0225806451612903,0.0296480938416422,0,215.76,216.76
2018,REG,00-0031285,D.Freeman,Devonta Freeman,RB,RB,"https://static.www.nfl.com/image/private/f_auto,q_auto/league/vjhvfwypu1byxfo2uvki",2,ATL,0,0,0,0,0,0,0,0,0,0,0,0,,0,,,14,68,0,0,0,2,-4.17104626179207,0,5,7,23,0,0,0,1,20,0,-4.26930072560208,0,23.0,0.0833333333333333,0.0013908205841446,0.125973574408901,0,9.1,14.1
2018,REG,00-0031288,A.McCarron,AJ McCarron,QB,QB,"https://static.www.nfl.com/image/private/f_auto,q_auto/league/fvakqnmsg35llkcme11h",2,LV,1,3,8,0,0,1,7,0,0,7,1,0,-2.60523065755842,0,1.14285714285714,,3,-2,0,0,0,0,-3.24600089224987,0,0,0,0,0,0,0,0,0,0,,0,,,,,0,0.12,0.12
2018,REG,00-0031299,J.Matthews,Jordan Matthews,TE,TE,"https://static.www.nfl.com/image/private/f_auto,q_auto/league/lzmaxofoalitaiiuchm7",11,PHI,0,0,0,0,0,0,0,0,0,0,0,0,,0,,,0,0,0,0,0,0,,0,20,28,300,2,0,0,285,83,14,17.7137268919422,0,1.05263157894737,0.0686274509803922,0.0934426229508197,0.168351012536162,0,42.0,62.0
2018,REG,00-0031301,J.Hill,Jeremy Hill,RB,RB,"https://static.www.nfl.com/image/private/f_auto,q_auto/league/rafvidcbp023aupumccx",1,NE,0,0,0,0,0,0,0,0,0,0,0,0,,0,,,4,25,0,0,0,1,0.0145988530130126,0,1,1,6,0,0,0,1,5,0,0.27898092311807,0,6.0,0.0256410256410256,0.003125,0.0406490384615385,0,3.1,4.1
2018,REG,00-0031325,S.Watkins,Sammy Watkins,WR,WR,"https://static.www.nfl.com/image/private/f_auto,q_auto/league/nkqk4ac4uncxocqlgp2k",10,KC,0,0,0,0,0,0,0,0,0,0,0,0,,0,,,5,52,0,1,0,2,2.76609196251957,0,40,55,519,3,0,0,460,238,24,31.1647854721639,0,1.12826086956522,0.156695156695157,0.140715815234017,0.333543805706547,0,75.1,115.1
2018,REG,00-0031326,B.Ellington,Bruce Ellington,WR,WR,"https://static.www.nfl.com/image/private/f_auto,q_auto/league/qqlup3kfumh2ifrixmfn",7,DET,0,1,0,0,0,0,0,0,0,10,0,0,-0.440122342319228,0,0.0,,1,2,0,0,0,0,-0.509906099061482,0,31,42,224,1,0,0,204,108,14,0.854689963753829,0,1.09803921568627,0.182608695652174,0.10381679389313,0.346584799203452,0,28.6,59.6
2018,REG,00-0031339,D.Moncrief,Donte Moncrief,WR,WR,"https://static.www.nfl.com/image/private/f_auto,q_auto/league/iippulnxfyjgrlj2p5qw",16,JAX,0,0,0,0,0,0,0,0,0,0,0,0,,0,,,0,0,0,0,0,0,,0,48,89,668,3,1,1,1166,236,28,8.84153243996503,0,0.572898799313894,0.169847328244275,0.316332067281606,0.476203439463536,0,82.8,130.8
2018,REG,00-0031344,C.Latimer,Cody Latimer,WR,WR,"https://static.www.nfl.com/image/private/f_auto,q_auto/league/whgchcrp9pqx0waocewu",5,NYG,0,0,0,0,0,0,0,0,0,0,0,0,,0,,,0,0,0,0,0,0,,0,11,16,190,1,0,0,318,23,6,11.2260796905612,0,0.59748427672956,0.0860215053763441,0.25686591276252,0.30883839699828,0,25.0,36.0
2018,REG,00-0031345,J.Garoppolo,Jimmy Garoppolo,QB,QB,"https://static.www.nfl.com/image/private/f_auto,q_auto/league/dielobmypljj7e27eiob",3,SF,53,89,718,5,3,13,97,2,0,792,368,35,-1.53711393099177,1,0.906565656565657,0.0516869666989335,8,33,0,1,0,2,1.00952724018134,0,0,0,0,0,0,0,0,0,0,,0,,,,,0,48.02,48.02
2018,REG,00-0031359,K.Benjamin,Kelvin Benjamin,WR,WR,"https://static.www.nfl.com/image/private/f_auto,q_auto/league/ygtlhauauds9yoyatu5e",15,KC,0,0,0,0,0,0,0,0,0,0,0,0,,0,,,0,0,0,0,0,0,,0,25,67,380,1,0,0,1045,64,16,-31.1381665843463,0,0.363636363636364,0.146608315098468,0.242290748898678,0.389515996876777,0,44.0,69.0
2018,REG,00-0031360,K.Van Noy,Kyle Van Noy,OLB,LB,"https://static.www.nfl.com/image/upload/f_auto,q_auto/league/gsxm5hxkhupxufs1iopx",1,NE,0,0,0,0,0,0,0,0,0,0,0,0,,0,,,0,0,0,0,0,0,,0,0,0,0,0,0,0,0,0,0,,0,,,,,1,6.0,6.0
2018,REG,00-0031373,M.Bryant,Martavis Bryant,WR,WR,"https://static.www.nfl.com/image/private/f_auto,q_auto/league/davxza3iibzg7aw6c5jm",7,LV,0,0,0,0,0,0,0,0,0,0,0,0,,0,,,3,23,0,0,0,1,0.182877580460627,0,19,27,266,0,1,1,320,131,10,0.599267774668988,0,0.83125,0.111111111111111,0.214477211796247,0.316800714924039,0,26.9,45.9
2018,REG,00-0031381,D.Adams,Davante Adams,WR,WR,"https://static.www.nfl.com/image/private/f_auto,q_auto/league/grvqvmdzu2lsbgvqoxku",15,GB,0,0,0,0,0,0,0,0,0,0,0,0,,0,,,0,0,0,0,0,0,,0,111,169,1386,13,0,0,1906,475,64,80.5550719681172,1,0.727177334732424,0.291882556131261,0.372848200312989,0.698817574415983,0,218.6,329.6
2018,REG,00-0031382,J.Landry,Jarvis Landry,WR,WR,"https://static.www.nfl.com/image/private/f_auto,q_auto/league/w2q9uwsjvgadwyvnvopb",16,CLE,1,2,63,0,0,0,0,0,0,77,17,1,3.5699974935269,1,0.818181818181818,,3,60,1,0,0,2,5.28310218389379,0,81,149,976,4,1,1,1645,274,44,0.277459587190752,0,0.593313069908815,0.267504488330341,0.308978211870774,0.617541480805053,0,136.12,217.12
2018,REG,00-0031384,R.Rodgers,Richard Rodgers,TE,TE,"https://static.www.nfl.com/image/private/f_auto,q_auto/league/l9zei9dkcmbml3q1nshk",1,PHI,0,0,0,0,0,0,0,0,0,0,0,0,,0,,,0,0,0,0,0,0,,0,1,1,7,0,0,0,-2,9,1,0.458751255413517,0,0.0,0.0204081632653061,-0.0051020408163265,0.0270408163265306,0,0.7,1.7
2018,REG,00-0031387,E.Ebron,Eric Ebron,TE,TE,"https://static.www.nfl.com/image/private/f_auto,q_auto/league/uaxsxymncppase7ihczd",16,IND,0,1,0,0,0,0,0,0,0,4,0,0,-1.62424917490356,0,0.0,,3,-8,1,1,1,1,-3.59432196221314,0,66,110,750,13,0,0,1038,250,39,34.167603560167,0,0.722543352601156,0.182724252491694,0.227931488801054,0.433638420898279,0,156.2,222.2
2018,REG,00-0031395,G.Gilbert,Garrett Gilbert,QB,QB,"https://static.www.nfl.com/image/private/f_auto,q_auto/league/tqn0pjemxn7hoze93kwa",1,CAR,2,3,40,0,0,1,5,0,0,17,30,1,-0.356549131684005,0,2.35294117647059,,0,0,0,0,0,0,,0,0,0,0,0,0,0,0,0,0,,0,,,,,0,1.6,1.6
2018,REG,00-0031407,B.Bortles,Blake Bortles,QB,QB,"https://static.www.nfl.com/image/private/f_auto,q_auto/league/jvoui3bptgsfvgkz5e1b",13,JAX,243,403,2718,13,11,31,173,5,2,2889,1480,128,-22.4125209293994,0,0.940809968847352,0.0109988285594809,58,365,1,3,2,28,15.9976985338581,0,0,0,0,0,0,0,0,0,0,,0,,,,,0,173.22,173.22
2018,REG,00-0031408,M.Evans,Mike Evans,WR,WR,"https://static.www.nfl.com/image/private/f_auto,q_auto/league/w6eq27k2xs8vawwgkzbl",16,TB,0,0,0,0,0,0,0,0,0,0,0,0,,0,,,0,0,0,0,0,0,,0,86,138,1524,8,1,1,2147,282,69,60.6628646803783,0,0.709827666511411,0.222940226171244,0.327087141986594,0.563371338647482,0,198.4,284.4
2018,REG,00-0031418,A.Seferian-Jenkins,Austin Seferian-Jenkins,TE,TE,"https://static.www.nfl.com/image/private/f_auto,q_auto/league/mvuoyejl5hzfzrkfezuj",5,JAX,0,0,0,0,0,0,0,0,0,0,0,0,,0,,,0,0,0,0,0,0,,0,11,19,90,1,0,0,101,30,6,-1.81887698686028,0,0.891089108910891,0.0904761904761905,0.064951768488746,0.181180523656408,0,15.0,26.0
2018,REG,00-0031428,A.Robinson,Allen Robinson,WR,WR,"https://static.www.nfl.com/image/private/f_auto,q_auto/league/tucplhxtb3c626iekuzv",13,CHI,0,0,0,0,0,0,0,0,0,0,0,0,,0,,,1,9,0,0,0,0,0.952265334315598,0,55,94,754,4,1,1,1141,216,36,22.3062162462844,0,0.660823838737949,0.219114219114219,0.303618946248004,0.541204591044932,0,98.3,153.3
2018,REG,00-0031462,J.Cunningham,Jerome Cunningham,TE,TE,"https://static.www.nfl.com/image/private/f_auto,q_auto/league/hmszkqofxzqzxqbuawhq",1,DET,0,0,0,0,0,0,0,0,0,0,0,0,,0,,,0,0,0,0,0,0,,0,0,1,0,0,0,0,3,0,0,-0.304408586700447,0,0.0,0.0238095238095238,0.0096153846153846,0.0424450549450549,0,0.0,0.0
2018,REG,00-0031484,C.Manhertz,Chris Manhertz,TE,TE,"https://static.www.nfl.com/image/private/f_auto,q_auto/league/r645ts6owoqbjuxbzgdl",3,CAR,0,0,0,0,0,0,0,0,0,0,0,0,,0,,,0,0,0,0,0,0,,0,2,5,52,1,0,0,33,45,1,-1.65761874843156,0,1.57575757575758,0.0526315789473684,0.0569948186528497,0.118843741478047,0,11.2,13.2
2018,REG,00-0031503,J.Winston,Jameis Winston,QB,QB,"https://static.www.nfl.com/image/private/f_auto,q_auto/league/eupdyd3zccjeoloqmyfl",11,TB,244,378,2992,19,14,27,157,3,2,4086,895,152,46.5363902170237,0,0.73225648556045,0.130767901960798,49,281,1,4,1,19,13.5115068075514,0,0,0,0,0,0,0,0,0,0,,0,,,,,0,195.78,195.78
2018,REG,00-0031544,A.Cooper,Amari Cooper,WR,WR,"https://static.www.nfl.com/image/private/f_auto,q_auto/league/zibbxjtein7gpu5zgcj4",15,DAL,0,0,0,0,0,0,0,0,0,0,0,0,,0,,,2,20,0,0,0,1,1.29172725474928,0,75,107,1005,7,2,2,1048,415,53,28.4460203067007,0,0.958969465648855,0.198148148148148,0.29038514824051,0.500491825990579,0,140.5,215.5
2018,REG,00-0031545,K.White,Kevin White,WR,WR,"https://static.www.nfl.com/image/private/f_auto,q_auto/league/u6jclvrydlw6amytmylq",3,CHI,0,0,0,0,0,0,0,0,0,0,0,0,,0,,,0,0,0,0,0,0,,0,4,8,92,0,0,0,185,6,3,-0.703013196180109,0,0.497297297297297,0.0776699029126214,0.172735760971055,0.237419887048671,0,9.2,13.2
2018,REG,00-0031547,D.Parker,DeVante Parker,WR,WR,"https://static.www.nfl.com/image/private/f_auto,q_auto/league/beuyfjou6kckaoqqpa96",11,MIA,0,0,0,0,0,0,0,0,0,0,0,0,,0,,,0,0,0,0,0,0,,0,24,47,309,1,0,0,608,94,14,1.21300283609682,0,0.508223684210526,0.158783783783784,0.259940145361266,0.420133777428562,0,36.9,60.9
2018,REG,00-0031549,N.Agholor,Nelson Agholor,WR,WR,"https://static.www.nfl.com/image/private/f_auto,q_auto/league/lfc8g0z3wmxowwggvzqh",16,PHI,1,1,15,0,0,0,0,0,0,8,7,1,1.93148036871571,0,1.875,,3,32,0,0,0,2,1.87667365482776,0,64,97,736,4,1,0,1006,345,28,31.4352554737904,0,0.731610337972167,0.163851351351351,0.225813692480359,0.403846611763278,0,101.4,165.4
2018,REG,00-0031558,M.Williams,Maxx Williams,TE,TE,"https://static.www.nfl.com/image/private/f_auto,q_auto/league/p0j7ax3rqhrzn5nvmc06",9,BAL,0,0,0,0,0,0,0,0,0,0,0,0,,0,,,3,8,0,0,0,2,0.954120877810055,0,16,17,143,1,0,0,46,97,7,11.7131241585594,0,3.10869565217391,0.0625,0.0202020202020202,0.107891414141414,0,21.1,37.1
2018,REG,00-0031569,J.Langford,Jeremy Langford,RB,RB,"https://static.www.nfl.com/image/private/f_auto,q_auto/league/ezohep8ggqmwfa1eqy4m",1,ATL,0,0,0,0,0,0,0,0,0,0,0,0,,0,,,9,25,0,0,0,1,-2.75981975375908,0,0,0,0,0,0,0,0,0,0,,0,,,,,0,2.5,2.5
2018,REG,00-0031570,J.Hardy,Justin Hardy,WR,WR,"https://static.www.nfl.com/image/private/f_auto,q_auto/league/bf30pn7pqvdiof0zb6a0",8,ATL,0,0,0,0,0,0,0,0,0,0,0,0,,0,,,0,0,0,0,0,0,,0,14,22,133,2,0,0,132,71,8,-0.120938318839762,0,1.00757575757576,0.0658682634730539,0.0482456140350877,0.132574325034142,0,25.3,39.3
2018,REG,00-0031577,J.Allen,Javorius Allen,RB,RB,"https://static.www.nfl.com/image/private/f_auto,q_auto/league/jguqo1kwlkfamf537de0",11,BAL,0,0,0,0,0,0,0,0,0,0,0,0,,0,,,41,110,3,0,0,10,-5.84618625322462,0,35,43,196,2,1,1,59,177,11,-3.33207661077591,0,3.32203389830509,0.113157894736842,0.0176382660687593,0.182083628353395,0,58.6,93.6
2018,REG,00-0031585,M.Pruitt,MyCole Pruitt,TE,TE,"https://static.www.nfl.com/image/private/f_auto,q_auto/league/okk2t3ngao7qszoxxcph",7,TEN,0,0,0,0,0,0,0,0,0,0,0,0,,0,,,0,0,0,0,0,0,,0,9,11,102,1,0,0,106,28,6,4.93491280491525,0,0.962264150943396,0.0607734806629834,0.0776556776556777,0.145519195353449,0,16.2,25.2
2018,REG,00-0031588,S.Diggs,Stefon Diggs,WR,WR,"https://static.www.nfl.com/image/private/f_auto,q_auto/league/zf6nbnzcfzu4y7yq2nzk",15,MIN,0,0,0,0,0,0,0,0,0,0,0,0,,0,,,10,62,0,0,0,3,2.76800460420782,0,102,149,1021,9,0,0,1286,438,49,7.49550164692954,1,0.79393468118196,0.26140350877193,0.310628019323672,0.609544876684465,0,164.3,266.3
2018,REG,00-0031590,J.Ajayi,Jay Ajayi,RB,RB,"https://static.www.nfl.com/image/private/f_auto,q_auto/league/bt0drbhvsjykf2xxvskx",4,PHI,0,0,0,0,0,0,0,0,0,0,0,0,,0,,,45,184,3,1,1,11,-5.91678069678201,1,5,6,20,0,0,0,0,30,1,-0.43633647786919,0,0.0,0.0465116279069768,0.0,0.0697674418604651,0,38.4,43.4
2018,REG,00-0031595,M.Burton,Michael Burton,FB,RB,"https://static.www.nfl.com/image/private/f_auto,q_auto/league/y8chssh9pcuzv5uc7nai",1,CHI,0,0,0,0,0,0,0,0,0,0,0,0,,0,,,0,0,0,0,0,0,,0,1,1,6,0,0,0,0,6,1,0.260794647911098,0,0.0,0.0303030303030303,,,0,0.6,1.6
2018,REG,00-0031598,N.Boyle,Nick Boyle,TE,TE,"https://static.www.nfl.com/image/private/f_auto,q_auto/league/emqvoudb71kgmkfphmuw",12,BAL,0,0,0,0,0,0,0,0,0,0,0,0,,0,,,0,0,0,0,0,0,,0,23,37,213,0,0,0,120,140,10,-4.65034891721396,0,1.775,0.0856481481481482,0.0313807531380753,0.150438749418875,0,21.3,44.3
2018,REG,00-0031599,C.Artis-Payne,Cameron Artis-Payne,RB,RB,"https://static.www.nfl.com/image/private/f_auto,q_auto/league/vaeghufm3dkzmsjhb8hg",4,CAR,0,0,0,0,0,0,0,0,0,0,0,0,,0,,,19,69,1,0,0,8,-0.400574794737622,0,3,4,15,0,0,0,-5,15,1,-1.17382450192235,0,-3.0,0.0470588235294118,-0.0116550116550117,0.0624297271356095,0,14.4,17.4
2018,REG,00-0031609,A.Derby,A.J. Derby,TE,TE,"https://static.www.nfl.com/image/private/f_auto,q_auto/league/c2bqxdpyb4kn75l4qj1c",3,MIA,0,0,0,0,0,0,0,0,0,0,0,0,,0,,,0,0,0,0,0,0,,0,3,5,48,1,0,0,44,9,3,2.00398988410598,0,1.09090909090909,0.0602409638554217,0.0718954248366013,0.140688243168753,0,10.8,13.8
2018,REG,00-0031610,D.Waller,Darren Waller,TE,TE,"https://static.www.nfl.com/image/private/f_auto,q_auto/league/qqzht46a66zbi9xyylf4",3,LV,0,0,0,0,0,0,0,0,0,0,0,0,,0,,,1,21,0,0,0,1,1.44586431910284,0,6,6,75,0,0,0,19,56,4,5.87398456051596,0,3.94736842105263,0.0659340659340659,0.0279001468428781,0.118431201691114,0,9.6,15.6
2018,REG,00-0031665,Z.Zenner,Zach Zenner,RB,RB,"https://static.www.nfl.com/image/private/f_auto,q_auto/league/deiznogchpv1vbrmyuax",7,DET,0,0,0,0,0,0,0,0,0,0,0,0,,0,,,55,265,3,0,0,14,6.27518731815508,0,7,10,56,0,0,0,0,65,3,-0.199597243859898,0,0.0,0.0714285714285714,0.0,0.107142857142857,0,50.1,57.1
2018,REG,00-0031687,R.Mostert,Raheem Mostert,RB,RB,"https://static.www.nfl.com/image/private/f_auto,q_auto/league/jt7n28bmkyobsxmdbvqu",6,SF,0,0,0,0,0,0,0,0,0,0,0,0,,0,,,34,261,1,1,1,13,0.352137983310968,0,6,7,25,0,0,0,-4,44,1,-1.25890396843897,0,-6.25,0.0507246376811594,-0.003996003996004,0.0732897537245363,0,32.6,38.6
2018,REG,00-0031690,E.Tomlinson,Eric Tomlinson,TE,TE,"https://static.www.nfl.com/image/private/f_auto,q_auto/league/swiwooxium4wmas8wq4c",8,NYJ,0,0,0,0,0,0,0,0,0,0,0,0,,0,,,0,0,0,0,0,0,,0,8,14,72,0,0,0,45,89,3,-7.8724898383465,0,1.6,0.053639846743295,0.0191570881226054,0.0938697318007663,0,7.2,15.2
2018,REG,00-0031731,C.Grant,Corey Grant,RB,RB,"https://static.www.nfl.com/image/private/f_auto,q_auto/league/gj5yoyyx8nulm8ss037t",5,JAX,0,0,0,0,0,0,0,0,0,0,0,0,,0,,,13,40,0,0,0,1,-5.03065338876331,0,9,12,67,0,0,0,0,80,5,0.76612620986328,0,0.0,0.103448275862069,0.0,0.155172413793103,0,10.7,19.7
2018,REG,00-0031744,M.LaCosse,Matt LaCosse,TE,TE,"https://static.www.nfl.com/image/private/f_auto,q_auto/league/yt2cjnrobixknkfi5vud",13,DEN,0,0,0,0,0,0,0,0,0,0,0,0,,0,,,0,0,0,0,0,0,,0,24,37,250,1,0,0,202,143,11,8.19096525450004,0,1.23762376237624,0.0804347826086957,0.0589436825211555,0.161912751677852,0,31.0,55.0
2018,REG,00-0031763,D.Carter,DeAndre Carter,WR,WR,"https://static.www.nfl.com/image/private/f_auto,q_auto/league/mh4cvggohuakwwhobzrk",8,HOU,0,0,0,0,0,0,0,0,0,0,0,0,,0,,,1,7,0,0,0,0,0.138421249692328,0,22,25,216,0,1,0,86,150,10,7.26161166688307,0,2.51162790697674,0.0954198473282443,0.0419512195121951,0.172495624650903,0,22.3,44.3
2018,REG,00-0031782,E.Rogers,Eli Rogers,WR,WR,"https://static.www.nfl.com/image/private/f_auto,q_auto/league/wj9e3uvudi1wvdsr0qdi",3,PIT,0,0,0,0,0,0,0,0,0,0,0,0,,0,,,1,-4,0,0,0,0,-1.06874260120094,0,12,14,79,0,1,0,62,40,5,0.0840856698341668,1,1.2741935483871,0.110236220472441,0.0571955719557196,0.205391231077665,0,9.5,21.5
2018,REG,00-0031787,J.Kumerow,Jake Kumerow,WR,WR,"https://static.www.nfl.com/image/private/f_auto,q_auto/league/lrfqprrjgaeaicqsd0f9",4,GB,0,0,0,0,0,0,0,0,0,0,0,0,,0,,,0,0,0,0,0,0,,0,8,11,103,1,0,0,111,23,4,7.74203634599689,0,0.927927927927928,0.0621468926553672,0.0709718670076726,0.142900645888422,0,16.3,24.3
2018,REG,00-0031788,M.Lengel,Matt Lengel,TE,TE,"https://static.www.nfl.com/image/private/f_auto,q_auto/league/ofsdmsids4mwmhkdpxoz",6,CIN,0,0,0,0,0,0,0,0,0,0,0,0,,0,,,0,0,0,0,0,0,,0,3,8,17,1,0,0,40,7,2,-0.28530616388889,0,0.425,0.0373831775700935,0.0218818380743982,0.071392053007219,0,7.7,10.7
2018,REG,00-0031800,T.Heinicke,Taylor Heinicke,QB,QB,"https://static.www.nfl.com/image/private/f_auto,q_auto/league/r9uju522lkr3sq3vwgft",5,CAR,35,57,320,1,3,2,17,0,0,508,151,19,-17.1911501841799,0,0.62992125984252,0.0289269176842168,5,31,0,1,0,2,2.89048714458477,0,0,0,0,0,0,0,0,0,0,,0,,,,,0,13.9,13.9
2018,REG,00-0031806,M.Brown,Malcolm Brown,RB,RB,"https://static.www.nfl.com/image/private/f_auto,q_auto/league/zxnjheichwlnvvu5qdyl",10,LA,0,0,0,0,0,0,0,0,0,0,0,0,,0,,,43,212,0,0,0,10,2.17243071555276,0,5,7,52,1,0,0,18,39,2,4.19673138445709,1,2.88888888888889,0.0353535353535354,0.0108958837772397,0.0606574216743708,0,34.4,39.4
2018,REG,00-0031868,D.Byrd,Damiere Byrd,WR,WR,"https://static.www.nfl.com/image/private/f_auto,q_auto/league/cskulleqxehtrgkqsl3u",2,CAR,0,0,0,0,0,0,0,0,0,0,0,0,,0,,,0,0,0,0,0,0,,0,1,2,8,0,0,0,25,1,1,-1.09043132397346,0,0.32,0.03125,0.0544662309368192,0.0850013616557734,0,0.8,1.8
2018,REG,00-0031900,R.Smith,Rod Smith,RB,RB,"https://static.www.nfl.com/image/private/f_auto,q_auto/league/zmhmhduytwid1kjim5rp",13,DAL,0,0,0,0,0,0,0,0,0,0,0,0,,0,,,44,127,1,0,0,10,-7.69756043131929,0,9,12,60,0,0,0,-5,57,1,-1.39623621117789,0,-12.0,0.0481927710843374,-0.0029481132075471,0.070225477381223,0,24.7,33.7
2018,REG,00-0031912,C.Meredith,Cameron Meredith,WR,WR,"https://static.www.nfl.com/image/private/f_auto,q_auto/league/galvhjzccy4mw0ipexho",3,NO,0,0,0,0,0,0,0,0,0,0,0,0,,0,,,0,0,0,0,0,0,,0,9,10,114,1,1,1,92,38,4,1.60666857688577,0,1.23913043478261,0.0900900900900901,0.134699853587116,0.229425032646116,0,15.4,24.4
2018,REG,00-0031922,K.Lee,Khari Lee,TE,TE,"https://static.www.nfl.com/image/private/f_auto,q_auto/league/na3rt3lesebmcwilj62y",1,BUF,0,0,0,0,0,0,0,0,0,0,0,0,,0,,,0,0,0,0,0,0,,0,1,1,5,0,0,0,-1,6,0,-0.109977709595114,0,0.0,0.0303030303030303,-0.003257328990228,0.0431744151613859,0,0.5,1.5
2018,REG,00-0031941,J.Crowder,Jamison Crowder,WR,WR,"https://static.www.nfl.com/image/private/f_auto,q_auto/league/glmuevjuy3coqf1t3rqj",9,WAS,0,0,0,0,0,0,0,0,0,0,0,0,,0,,,4,30,0,0,0,1,0.505393369705416,0,29,49,388,2,0,0,461,204,15,11.1705700549346,0,0.841648590021692,0.19140625,0.224878048780488,0.444524009146341,0,53.8,82.8
2018,REG,00-0031951,J.O'Shaughnessy,James O'Shaughnessy,TE,TE,"https://static.www.nfl.com/image/private/f_auto,q_auto/league/sz5g57zhnshipkpw39sz",13,JAX,0,0,0,0,0,0,0,0,0,0,0,0,,0,,,0,0,0,0,0,0,,0,24,38,214,0,0,0,228,122,10,-4.05491309278295,0,0.93859649122807,0.0904761904761905,0.0744611365120836,0.187837081272744,0,21.4,45.4
2018,REG,00-0031953,G.Davis,Geremy Davis,WR,WR,"https://static.www.nfl.com/image/private/f_auto,q_auto/league/q0pogtzy8q737pqb7zr2",1,LAC,0,0,0,0,0,0,0,0,0,0,0,0,,0,,,0,0,0,0,0,0,,0,0,1,0,0,0,0,0,0,0,-0.795491497730836,0,,0.032258064516129,,,0,0.0,0.0
2018,REG,00-0031959,M.Murphy,Marcus Murphy,RB,RB,"https://static.www.nfl.com/image/private/f_auto,q_auto/league/y9j91g8089mu9tjj0zis",9,BUF,0,0,0,0,0,0,0,0,0,0,0,0,,0,,,52,250,0,0,0,7,-4.42210788108059,0,11,19,26,0,0,0,26,37,2,-11.8015111492714,0,1.0,0.0954773869346734,0.0159509202453988,0.154381724573789,0,27.6,38.6
2018,REG,00-0031972,D.Jennings,Darius Jennings,WR,WR,"https://static.www.nfl.com/image/private/f_auto,q_auto/league/ttzaqozynmreovwpwwlh",9,TEN,1,1,21,0,0,0,0,0,0,10,11,1,1.27128517115489,0,2.1,,1,2,0,0,0,0,-0.577995194151299,0,11,15,101,0,0,0,153,37,2,-1.81814038692391,0,0.660130718954248,0.0669642857142857,0.0885416666666667,0.162425595238095,1,17.14,28.14
2018,REG,00-0032009,A.Humphries,Adam Humphries,WR,WR,"https://static.www.nfl.com/image/private/f_auto,q_auto/league/l56ywjejfpraigzs4qia",16,TB,0,0,0,0,0,0,0,0,0,0,0,0,,0,,,2,11,0,0,0,0,0.380142375419382,0,76,105,816,5,0,0,661,415,48,39.9204909995533,0,1.23449319213313,0.169628432956381,0.111939034716342,0.332799973736011,0,112.7,188.7
2018,REG,00-0032054,B.Perriman,Breshad Perriman,WR,WR,"https://static.www.nfl.com/image/private/f_auto,q_auto/league/zpwov1n42bi5lsqdlxhh",10,CLE,0,0,0,0,0,0,0,0,0,0,0,0,,0,,,4,2,0,0,0,0,-2.67743290401995,0,16,25,340,2,0,0,459,75,13,19.2398620387539,0,0.740740740740741,0.076219512195122,0.149560117302053,0.21902135040412,0,46.2,62.2
2018,REG,00-0032055,D.Funchess,Devin Funchess,TE,TE,"https://static.www.nfl.com/image/private/f_auto,q_auto/league/j0q0lmao9tg0rbviax6z",14,CAR,0,0,0,0,0,0,0,0,0,0,0,0,,0,,,0,0,0,0,0,0,,0,44,79,549,4,0,0,1013,76,35,1.51136125490302,0,0.541954590325765,0.162886597938144,0.271581769436997,0.434437135513115,0,78.9,122.9
2018,REG,00-0032058,T.Coleman,Tevin Coleman,RB,RB,"https://static.www.nfl.com/image/private/f_auto,q_auto/league/wiu4r7bvhcafs9vamqc",16,ATL,0,0,0,0,0,0,0,0,0,0,0,0,,0,,,167,800,4,1,0,36,-11.8321238919153,0,32,44,276,5,1,0,21,275,15,12.861833982206,0,13.1428571428571,0.0728476821192053,0.0042752442996742,0.11226419418858,0,161.6,193.6
2018,REG,00-0032062,B.Bell,Blake Bell,TE,TE,"https://static.www.nfl.com/image/private/f_auto,q_auto/league/eqrmmjto8koqqc9j2kjj",7,JAX,0,0,0,0,0,0,0,0,0,0,0,0,,0,,,0,0,0,0,0,0,,0,8,11,67,0,0,0,58,38,3,2.04101087532808,0,1.1551724137931,0.0528846153846154,0.0408163265306122,0.107898351648352,0,6.7,14.7
2018,REG,00-0032063,M.Davis,Mike Davis,RB,RB,"https://static.www.nfl.com/image/private/f_auto,q_auto/league/csrqinegeyunycijua2q",15,SEA,0,0,0,0,0,0,0,0,0,0,0,0,,0,,,112,514,4,0,0,25,2.35211718054185,0,34,42,214,1,0,0,5,235,10,-2.61691450121826,0,42.8,0.12,0.0016622340425531,0.181163563829787,0,102.8,136.8
2018,REG,00-0032089,B.Parker,Brian Parker,TE,TE,"https://static.www.nfl.com/image/private/f_auto,q_auto/league/lozfj8mnyln9bo6frq6r",6,DEN,0,0,0,0,0,0,0,0,0,0,0,0,,0,,,0,0,0,0,0,0,,0,5,10,33,0,0,0,43,29,2,-4.16877261776244,0,0.767441860465116,0.0421940928270042,0.0238888888888889,0.0800133614627286,0,3.3,8.3
2018,REG,00-0032104,A.Abdullah,Ameer Abdullah,RB,RB,"https://static.www.nfl.com/image/private/f_auto,q_auto/league/cvjebibvlvv8bclqyc8a",4,MIN,0,0,0,0,0,0,0,0,0,0,0,0,,0,,,1,1,0,0,0,0,-0.437872314592823,0,3,4,28,0,0,0,17,28,1,1.66716485162033,0,1.64705882352941,0.027972027972028,0.0161137440758294,0.0532376628111225,0,2.9,5.9
2018,REG,00-0032112,J.Nelson,J.J. Nelson,WR,WR,"https://static.www.nfl.com/image/private/f_auto,q_auto/league/rdpp1eiaqse92yvujbs0",9,ARI,0,0,0,0,0,0,0,0,0,0,0,0,,0,,,4,0,0,0,0,0,-1.87849298701622,0,7,19,64,0,0,0,358,24,4,-12.3159864744139,0,0.17877094972067,0.0688405797101449,0.164673413063477,0.218532258709652,0,6.4,13.4
2018,REG,00-0032117,N.O'Leary,Nick O'Leary,TE,TE,"https://static.www.nfl.com/image/private/f_auto,q_auto/league/f5411hjmqqxoa27quwfz",5,MIA,0,0,0,0,0,0,0,0,0,0,0,0,,0,,,0,0,0,0,0,0,,0,8,10,86,1,0,0,39,65,6,7.40279083361384,0,2.20512820512821,0.065359477124183,0.0313253012048193,0.119966926529648,0,14.6,22.6
2018,REG,00-0032120,N.Sterling,Neal Sterling,TE,TE,"https://static.www.nfl.com/image/private/f_auto,q_auto/league/zeft21ybfc5pjye3lmq2",4,NYJ,0,0,0,0,0,0,0,0,0,0,0,0,,0,,,0,0,0,0,0,0,,0,6,8,47,0,0,0,31,29,2,2.67293551558396,0,1.51612903225806,0.0689655172413793,0.0289449112978525,0.123709713770566,0,4.7,10.7
2018,REG,00-0032128,C.Conley,Chris Conley,WR,WR,"https://static.www.nfl.com/image/private/f_auto,q_auto/league/wddhtkz5tmo47x5s3qnq",15,KC,0,0,0,0,0,0,0,0,0,0,0,0,,0,,,0,0,0,0,0,0,,0,32,52,334,5,2,2,435,140,18,10.6652841232219,0,0.767816091954023,0.0975609756097561,0.089121081745544,0.208726220636515,0,59.4,91.4
2018,REG,00-0032134,C.Uzomah,C.J. Uzomah,TE,TE,"https://static.www.nfl.com/image/private/f_auto,q_auto/league/hnkflpl5pzbfbdvtcv1c",16,CIN,0,0,0,0,0,0,0,0,0,0,0,0,,0,,,0,0,0,0,0,0,,0,43,64,439,3,0,0,472,195,21,16.9158706373565,0,0.930084745762712,0.120982986767486,0.115828220858896,0.262554234752456,0,61.9,104.9
2018,REG,00-0032135,J.James,Jesse James,TE,TE,"https://static.www.nfl.com/image/private/f_auto,q_auto/league/rgk9zqdx9lmbcblem3xn",14,PIT,0,0,0,0,0,0,0,0,0,0,0,0,,0,,,0,0,0,0,0,0,,0,30,39,423,2,0,0,300,185,17,23.4052204009495,0,1.41,0.0670103092783505,0.0684150513112885,0.148405999835428,0,54.3,84.3
2018,REG,00-0032141,G.Swaim,Geoff Swaim,TE,TE,"https://static.www.nfl.com/image/upload/f_auto,q_auto/league/hx9yaocl4a6owbwaqajy",8,DAL,0,0,0,0,0,0,0,0,0,0,0,0,,0,,,0,0,0,0,0,0,,0,26,32,242,1,0,0,139,164,11,5.70378379828981,0,1.7410071942446,0.130612244897959,0.0750945434900054,0.248484547789943,0,30.2,56.2
2018,REG,00-0032144,M.Gordon,Melvin Gordon,RB,RB,"https://static.www.nfl.com/image/private/f_auto,q_auto/league/i4g8x7yotpgszlyanow0",12,LAC,0,0,0,0,0,0,0,0,0,0,0,0,,0,,,175,885,10,0,0,47,11.1893632120918,1,50,66,490,4,1,0,-22,537,21,11.4377001891187,1,-22.2727272727273,0.174603174603175,-0.0075008523695874,0.256654165246051,0,225.5,275.5
2018,REG,00-0032160,T.Williams,Tyrell Williams,WR,WR,"https://static.www.nfl.com/image/private/f_auto,q_auto/league/qixhze7yidydtc1vyeih",15,LAC,0,0,0,0,0,0,0,0,0,0,0,0,,0,,,2,15,0,0,0,1,-0.430191306106281,0,41,65,653,5,2,0,806,195,30,24.3383257927259,0,0.810173697270472,0.136842105263158,0.210994764397906,0.352959492973271,0,96.8,137.8
2018,REG,00-0032166,S.Coates,Sammie Coates,WR,WR,"https://static.www.nfl.com/image/private/f_auto,q_auto/league/qtqofzkmblah8ycd4687",2,HOU,0,0,0,0,0,0,0,0,0,0,0,0,,0,,,0,0,0,0,0,0,,0,1,2,12,0,0,0,9,5,1,0.260225896490738,0,1.33333333333333,0.027027027027027,0.0125173852573018,0.0493027102206518,0,1.2,2.2
2018,REG,00-0032170,R.Greene,Rashad Greene,WR,WR,"https://static.www.nfl.com/image/private/f_auto,q_auto/league/xte6opvwocivpjpjplzp",5,JAX,0,0,0,0,0,0,0,0,0,0,0,0,,0,,,0,0,0,0,0,0,,0,6,8,60,0,2,1,60,15,3,0.584962666849606,0,1.0,0.0437158469945355,0.0530035335689046,0.102676243990037,0,4.0,10.0
2018,REG,00-0032187,D.Johnson,David Johnson,RB,RB,"https://static.www.nfl.com/image/private/f_auto,q_auto/league/y7dtsyyjnoafefkbylbb",16,ARI,0,0,0,0,0,0,0,0,0,0,0,0,,0,,,258,940,7,2,2,51,-54.0868667531762,1,50,76,446,3,1,0,63,385,22,-13.3191936310981,0,7.07936507936508,0.160676532769556,0.0162538699690403,0.252392508132662,0,196.6,246.6
2018,REG,00-0032200,T.Montgomery,Ty Montgomery,WR,WR,"https://static.www.nfl.com/image/private/f_auto,q_auto/league/eagn4fvhnc9cp3wxeqoz",12,BAL,0,0,0,0,0,0,0,0,0,0,0,0,,0,,,41,183,1,1,0,10,0.740524032706162,0,25,40,235,0,0,0,68,213,7,-5.52136093581794,0,3.45588235294118,0.0985221674876847,0.0191011235955056,0.161154037748381,0,47.8,72.8
2018,REG,00-0032208,P.Dorsett,Phillip Dorsett,WR,WR,"https://static.www.nfl.com/image/private/f_auto,q_auto/league/g69i8oxbeeqpjz5kvoqo",11,NE,0,0,0,0,0,0,0,0,0,0,0,0,,0,,,4,29,0,0,0,2,1.11993678536965,0,32,42,290,3,0,0,442,100,17,4.3560179193737,0,0.656108597285068,0.120343839541547,0.15679318907414,0.290270991664219,0,49.9,81.9
2018,REG,00-0032209,T.Yeldon,T.J. Yeldon,RB,RB,"https://static.www.nfl.com/image/private/f_auto,q_auto/league/ktxkn2ltkmqfb5ugunt4",14,JAX,0,0,0,0,0,0,0,0,0,0,0,0,,0,,,104,414,1,1,1,16,-17.4380780918775,0,55,78,487,4,0,0,57,450,21,-3.59333459940948,0,8.54385964912281,0.164904862579281,0.0181413112667091,0.260056211755618,0,118.1,173.1
2018,REG,00-0032211,T.Lockett,Tyler Lockett,WR,WR,"https://static.www.nfl.com/image/private/f_auto,q_auto/league/f9wttnkcqc2scahf9oth",16,SEA,0,0,0,0,0,0,0,0,0,0,0,0,,0,,,13,69,0,0,0,3,1.37403439288028,0,57,70,965,10,1,0,953,213,37,73.8460724178617,1,1.01259181532004,0.175,0.259319727891157,0.444023809523809,0,165.4,222.4
2018,REG,00-0032214,T.Kroft,Tyler Kroft,TE,TE,"https://static.www.nfl.com/image/private/f_auto,q_auto/league/ztko1uhl01ebiutefibj",5,CIN,0,0,0,0,0,0,0,0,0,0,0,0,,0,,,0,0,0,0,0,0,,0,4,6,36,0,0,0,43,17,4,-4.43787658150541,0,0.837209302325582,0.0324324324324324,0.0313182811361981,0.0705714454439873,0,3.6,7.6
2018,REG,00-0032227,J.Heuerman,Jeff Heuerman,TE,TE,"https://static.www.nfl.com/image/private/f_auto,q_auto/league/u3cggxnuwxem6rnkwzvg",10,DEN,0,0,0,0,0,0,0,0,0,0,0,0,,0,,,0,0,0,0,0,0,,0,31,48,281,2,0,0,238,150,14,-4.74102207323392,0,1.18067226890756,0.133333333333333,0.0850911691097605,0.259563818376832,0,40.1,71.1
2018,REG,00-0032241,T.Gurley,Todd Gurley,RB,RB,"https://static.www.nfl.com/image/private/f_auto,q_auto/league/ym7oprwel3dxbab0k7x9",14,LA,0,0,0,0,0,0,0,0,0,0,0,0,,0,,,256,1251,17,0,0,70,21.1961032943628,2,59,81,580,4,1,1,50,587,26,7.97270723885292,1,11.6,0.163636363636364,0.0129533678756477,0.254521902967499,0,313.1,372.1
2018,REG,00-0032245,S.Mannion,Sean Mannion,QB,QB,"https://static.www.nfl.com/image/private/f_auto,q_auto/league/lcuc7hhiijmt8xtitm77",3,LA,2,3,23,0,0,0,0,0,0,-10,27,1,1.25644253120733,0,0.0,,7,-9,0,0,0,1,-1.16506850731093,0,0,0,0,0,0,0,0,0,0,,0,,,,,0,0.02,0.02
2018,REG,00-0032257,D.Johnson,Duke Johnson,RB,RB,"https://static.www.nfl.com/image/private/f_auto,q_auto/league/hf7lxjjesduggqdfktsg",16,CLE,0,0,0,0,0,0,0,0,0,0,0,0,,0,,,40,201,0,0,0,9,-2.91139690397078,2,47,62,429,3,1,0,153,374,25,16.0683710730079,0,2.80392156862745,0.116104868913858,0.036178765665642,0.199482439336736,0,85.0,132.0
2018,REG,00-0032268,M.Mariota,Marcus Mariota,QB,QB,"https://static.www.nfl.com/image/private/f_auto,q_auto/league/dpbdwpmpd9vht8hzqqq6",14,TEN,228,331,2528,11,8,42,243,5,1,2516,1266,121,9.16182894113763,0,1.00476947535771,0.0933526882793672,64,357,2,3,1,26,9.62099257757654,0,1,1,21,0,0,0,10,11,1,1.27128517115489,0,2.1,0.0416666666666667,0.0374531835205993,0.0887172284644195,0,174.92,175.92
2018,REG,00-0032355,C.Rogers,Chester Rogers,WR,WR,"https://static.www.nfl.com/image/private/f_auto,q_auto/league/lkszsifhpwtjpvjvlxw5",15,IND,0,0,0,0,0,0,0,0,0,0,0,0,,0,,,1,-4,0,0,0,0,-1.13684875448234,0,53,72,485,2,0,0,457,258,28,10.1704327668502,2,1.06126914660832,0.123287671232877,0.102604400538842,0.256754587226504,0,64.1,117.1
2018,REG,00-0032362,M.Harris,Maurice Harris,WR,WR,"https://static.www.nfl.com/image/private/f_auto,q_auto/league/w31fw8vgazrlgvyp2szu",11,WAS,0,0,0,0,0,0,0,0,0,0,0,0,,0,,,2,10,0,0,0,1,-0.0117666011792608,0,28,47,304,0,0,0,464,100,12,-8.83398335409151,0,0.655172413793103,0.135838150289017,0.156228956228956,0.313117494793795,0,31.4,59.4
2018,REG,00-0032371,R.Kelley,Rob Kelley,RB,RB,"https://static.www.nfl.com/image/private/f_auto,q_auto/league/xh5lyubvptmxmccydl73",2,WAS,0,0,0,0,0,0,0,0,0,0,0,0,,0,,,4,8,0,0,0,1,-0.910148334689438,0,0,0,0,0,0,0,0,0,0,,0,,,,,0,0.8,0.8
2018,REG,00-0032381,T.Decker,Taylor Decker,T,OL,"https://static.www.nfl.com/image/private/f_auto,q_auto/league/wh3o6mnivndt8afzczel",1,DET,0,0,0,0,0,0,0,0,0,0,0,0,,0,,,0,0,0,0,0,0,,0,1,1,11,1,0,0,1,10,1,1.5882646299433,0,11.0,0.0303030303030303,0.0037174721189591,0.0480567759378168,0,7.1,8.1
2018,REG,00-0032383,R.Kelly,Ryan Kelly,C,OL,"https://static.www.nfl.com/image/private/f_auto,q_auto/league/ijyoedlqxev1haaqxatt",1,IND,0,0,0,0,0,0,0,0,0,0,0,0,,0,,,0,0,0,0,0,0,,0,1,1,-4,0,0,0,-3,-1,0,-1.63416181178764,0,0.0,0.024390243902439,-0.010989010989011,0.0288930581613509,0,-0.4,0.6
2018,REG,00-0032385,S.Shepard,Sterling Shepard,WR,WR,"https://static.www.nfl.com/image/private/f_auto,q_auto/league/qbsz1nkk6lnudmcwimer",16,NYG,0,0,0,0,0,0,0,0,0,0,0,0,,0,,,3,33,0,0,0,1,1.58252661686856,0,66,107,872,4,0,0,1082,309,47,34.6542967593895,1,0.805914972273568,0.186411149825784,0.251627906976744,0.455756259622397,0,116.5,182.5
2018,REG,00-0032390,C.Jones,Cyrus Jones,CB,DB,"https://static.www.nfl.com/image/private/f_auto,q_auto/league/bpmiikrnvmkpkk5hgjhz",1,BAL,0,0,0,0,0,0,0,0,0,0,0,0,,0,,,0,0,0,0,0,0,,0,0,0,0,0,0,0,0,0,0,,0,,,,,1,6.0,6.0
2018,REG,00-0032392,A.Hooper,Austin Hooper,TE,TE,"https://static.www.nfl.com/image/private/f_auto,q_auto/league/jp2z8s6pcanbitupycwc",16,ATL,0,0,0,0,0,0,0,0,0,0,0,0,,0,,,0,0,0,0,0,0,,0,71,88,660,4,0,0,598,237,30,30.3247543199067,1,1.10367892976589,0.145695364238411,0.114889529298751,0.298965716866742,0,92.0,163.0
2018,REG,00-0032393,C.Prosise,C.J. Prosise,RB,RB,"https://static.www.nfl.com/image/private/f_auto,q_auto/league/rcutby5hu0vtijh6adle",2,SEA,0,0,0,0,0,0,0,0,0,0,0,0,,0,,,1,-3,0,0,0,0,-1.28484008694068,0,3,3,22,0,0,0,5,17,0,0.743224757607095,0,4.4,0.0909090909090909,0.0173010380622837,0.148474363007235,0,1.9,4.9
2018,REG,00-0032394,N.Vannett,Nick Vannett,TE,TE,"https://static.www.nfl.com/image/private/f_auto,q_auto/league/cccwwxb6tvsfhm3ylqul",15,SEA,0,0,0,0,0,0,0,0,0,0,0,0,,0,,,0,0,0,0,0,0,,0,29,43,269,3,1,0,267,138,17,10.5707872024504,0,1.00749063670412,0.114058355437666,0.0773688785859171,0.225245748166641,0,44.9,73.9
2018,REG,00-0032398,C.Moore,Chris Moore,WR,WR,"https://static.www.nfl.com/image/private/f_auto,q_auto/league/tov68mj1pddkbfsfuajn",15,BAL,0,0,0,0,0,0,0,0,0,0,0,0,,0,,,5,17,0,0,0,1,2.88982420996763,0,19,25,196,1,0,0,288,59,8,9.03217780714522,0,0.680555555555556,0.0499001996007984,0.0713931581556768,0.124825510110171,0,27.3,46.3
2018,REG,00-0032404,T.Ervin,Tyler Ervin,RB,RB,"https://static.www.nfl.com/image/private/f_auto,q_auto/league/tqevofjpvkvuvpdaoggm",3,HOU,0,0,0,0,0,0,0,0,0,0,0,0,,0,,,0,0,0,0,0,0,,0,3,3,35,0,0,0,23,12,1,2.73235991713591,0,1.52173913043478,0.0384615384615385,0.0293742017879949,0.0782542489439041,0,3.5,6.5
2018,REG,00-0032411,K.Dixon,Kenneth Dixon,RB,RB,"https://static.www.nfl.com/image/private/f_auto,q_auto/league/gzfijcqkmupkv6ajjruz",6,BAL,0,0,0,0,0,0,0,0,0,0,0,0,,0,,,60,333,2,2,1,20,1.25382340647717,0,6,7,51,0,0,0,-6,54,2,3.21251483692322,0,-8.5,0.0598290598290598,-0.0056872037914691,0.0857625470895613,0,48.4,54.4
2018,REG,00-0032426,A.Collins,Alex Collins,RB,RB,"https://static.www.nfl.com/image/private/f_auto,q_auto/league/ddlhbm7zsi5o69wh6z5o",10,BAL,0,0,0,0,0,0,0,0,0,0,0,0,,0,,,114,411,7,3,3,22,-20.0447596916638,0,15,21,105,1,0,0,27,97,6,-0.0513450230937451,0,3.88888888888889,0.0612244897959184,0.0089940039973351,0.0981325374920121,0,93.6,108.6
2018,REG,00-0032430,D.Morgan,David Morgan,TE,TE,"https://static.www.nfl.com/image/private/f_auto,q_auto/league/vvmtt05lja1y2iulrwdp",5,MIN,0,0,0,0,0,0,0,0,0,0,0,0,,0,,,0,0,0,0,0,0,,0,5,6,36,0,0,0,12,27,2,0.591716955008451,0,3.0,0.0287081339712919,0.0108597285067873,0.0506640109116889,0,3.6,8.6
2018,REG,00-0032436,J.Driskel,Jeff Driskel,QB,QB,"https://static.www.nfl.com/image/private/f_auto,q_auto/league/vs04xemcmwboamd8fpas",8,CIN,105,176,1003,6,2,16,122,3,1,1378,506,50,-14.2602131137468,1,0.727866473149492,0.0302096790251835,25,130,2,1,0,7,7.02948092547013,0,0,0,0,0,0,0,0,0,0,,0,,,,,0,85.12,85.12
2018,REG,00-0032450,D.Washington,Dwayne Washington,RB,RB,"https://static.www.nfl.com/image/private/f_auto,q_auto/league/h1nintlpbk2zyxerjpy4",4,NO,0,0,0,0,0,0,0,0,0,0,0,0,,0,,,27,154,0,0,0,7,-1.21332447178429,0,0,0,0,0,0,0,0,0,0,,0,,,,,0,15.4,15.4
2018,REG,00-0032466,G.Fant,George Fant,T,OL,"https://static.www.nfl.com/image/upload/f_auto,q_auto/league/ldacexcnjy4isq1imivf",1,SEA,0,0,0,0,0,0,0,0,0,0,0,0,,0,,,0,0,0,0,0,0,,0,1,1,9,0,0,0,0,9,0,0.733425835845992,0,0.0,0.0625,,,0,0.9,1.9
2018,REG,00-0032472,T.Madden,Tre Madden,FB,RB,"https://static.www.nfl.com/image/private/f_auto,q_auto/league/gxkbbtamw8l5tpecbssm",5,SEA,0,0,0,0,0,0,0,0,0,0,0,0,,0,,,3,3,0,0,0,1,-0.395471738418564,0,2,3,35,0,0,0,21,20,1,3.29095701125334,0,1.66666666666667,0.0375,0.0403846153846154,0.0845192307692308,0,3.8,5.8
2018,REG,00-0032508,H.Valles,Hakeem Valles,TE,TE,"https://static.www.nfl.com/image/private/f_auto,q_auto/league/ieiahqsygsyjbwlvl3cy",2,DET,0,0,0,0,0,0,0,0,0,0,0,0,,0,,,0,0,0,0,0,0,,0,2,3,11,0,0,0,25,1,0,-0.563540416304022,0,0.44,0.037037037037037,0.0425170068027211,0.0853174603174603,0,1.1,3.1
2018,REG,00-0032543,A.Erickson,Alex Erickson,WR,WR,"https://static.www.nfl.com/image/private/f_auto,q_auto/league/tnd77vbkyo8srrrkaisu",11,CIN,0,0,0,0,0,0,0,0,0,0,0,0,,0,,,3,22,0,0,0,1,1.43532372417394,0,20,29,167,0,0,0,265,75,7,1.38545154315405,0,0.630188679245283,0.0897832817337461,0.0967859751643535,0.202425105215667,0,18.9,38.9
2018,REG,00-0032562,C.Wick,Cole Wick,TE,TE,"https://static.www.nfl.com/image/private/f_auto,q_auto/league/iht2lfaubsm1jhgvi9tu",1,SF,0,0,0,0,0,0,0,0,0,0,0,0,,0,,,0,0,0,0,0,0,,0,0,1,0,0,0,0,1,0,0,-1.1772827951354,0,0.0,0.0185185185185185,0.0038461538461538,0.0304700854700855,0,0.0,0.0
2018,REG,00-0032593,B.Wilds,Brandon Wilds,RB,RB,"https://static.www.nfl.com/image/private/f_auto,q_auto/league/pnkbbcmp3qmc3ncxfm7a",3,JAX,0,0,0,0,0,0,0,0,0,0,0,0,,0,,,6,15,0,0,0,0,-1.87255612621084,0,0,0,0,0,0,0,0,0,0,,0,,,,,0,1.5,1.5
2018,REG,00-0032599,J.Perkins,Joshua Perkins,TE,TE,"https://static.www.nfl.com/image/private/f_auto,q_auto/league/xxy4pbngyjfvrlkytvhk",3,PHI,0,0,0,0,0,0,0,0,0,0,0,0,,0,,,0,0,0,0,0,0,,0,5,11,67,0,0,0,118,16,4,-3.27970356176957,0,0.567796610169492,0.0964912280701754,0.138173302107728,0.241458153580673,0,6.7,11.7
2018,REG,00-0032602,J.McKissic,J.D. McKissic,RB,RB,"https://static.www.nfl.com/image/private/f_auto,q_auto/league/zi77vkqwrmklt5ic6lc6",3,SEA,0,0,0,0,0,0,0,0,0,0,0,0,,0,,,3,8,0,0,0,0,-0.255183026310988,0,0,1,0,0,0,0,7,0,0,-0.545520595216658,0,0.0,0.0588235294117647,0.0476190476190476,0.12156862745098,0,0.8,0.8
2018,REG,00-0032626,G.Allison,Geronimo Allison,WR,WR,"https://static.www.nfl.com/image/private/f_auto,q_auto/league/pngohl9rhrwyiaf7ywnz",5,GB,0,0,0,0,0,0,0,0,0,0,0,0,,0,,,0,0,0,0,0,0,,0,20,30,303,2,1,0,388,106,11,17.3832440355129,0,0.780927835051546,0.15625,0.235722964763062,0.399381075334143,0,42.3,62.3
2018,REG,00-0032634,D.Grinnage,David Grinnage,TE,TE,"https://static.www.nfl.com/image/private/f_auto,q_auto/league/xzwdae27ugz08bfuce7b",3,JAX,0,0,0,0,0,0,0,0,0,0,0,0,,0,,,0,0,0,0,0,0,,0,6,8,61,0,0,0,63,18,2,2.49283214504138,0,0.968253968253968,0.0747663551401869,0.0891089108910891,0.174525770334043,0,6.1,12.1
2018,REG,00-0032661,B.Braunecker,Ben Braunecker,TE,TE,"https://static.www.nfl.com/image/private/f_auto,q_auto/league/rjixl9e7vu8gze8324ne",5,CHI,0,0,0,0,0,0,0,0,0,0,0,0,,0,,,0,0,0,0,0,0,,0,3,5,42,0,0,0,69,4,2,-3.83287624281365,0,0.608695652173913,0.0314465408805031,0.0472602739726027,0.0802520031015766,0,4.2,7.2
2018,REG,00-0032688,R.Chosen,Robbie Chosen,WR,WR,"https://static.www.nfl.com/image/private/f_auto,q_auto/league/hkcncqfwusv19fah3mbt",14,NYJ,0,0,0,0,0,0,0,0,0,0,0,0,,0,,,2,-8,0,0,0,0,-3.59056300693192,0,50,94,752,6,2,2,1495,180,30,8.85236043484386,0,0.503010033444816,0.210290827740492,0.359288632540255,0.566938284388917,0,106.4,156.4
2018,REG,00-0032707,A.Jones,Andy Jones,WR,WR,"https://static.www.nfl.com/image/private/f_auto,q_auto/league/mdjom6h1xosrxbulj0gw",5,DET,0,0,0,0,0,0,0,0,0,0,0,0,,0,,,0,0,0,0,0,0,,0,11,24,80,1,0,0,219,26,6,-3.65572473931478,0,0.365296803652968,0.148148148148148,0.220543806646526,0.37660288687479,0,14.0,25.0
2018,REG,00-0032741,P.Barber,Peyton Barber,RB,RB,"https://static.www.nfl.com/image/private/f_auto,q_auto/league/yjcjcrdiztmfwjgcfbux",16,TB,0,0,0,0,0,0,0,0,0,0,0,0,,0,,,234,871,5,1,1,41,-42.7951355459792,0,20,29,92,1,0,0,40,64,4,-1.67373270427925,0,2.3,0.0536044362292052,0.007765482430596,0.085842492045225,0,130.3,150.3
2018,REG,00-0032745,A.Cross,Alan Cross,TE,TE,"https://static.www.nfl.com/image/private/f_auto,q_auto/league/flcn8rvasatcy4cuoe1k",4,TB,0,0,0,0,0,0,0,0,0,0,0,0,,0,,,0,0,0,0,0,0,,0,2,5,9,0,0,0,12,7,1,-3.64273816818604,0,0.75,0.033112582781457,0.0201005025125628,0.0637392259309794,0,0.9,2.9
2018,REG,00-0032760,J.Doctson,Josh Doctson,WR,WR,"https://static.www.nfl.com/image/private/f_auto,q_auto/league/mkq3ycvjnr0ltb0yjczi",15,WAS,0,0,0,0,0,0,0,0,0,0,0,0,,0,,,0,0,0,0,0,0,,0,44,78,532,2,0,0,1130,132,31,0.0690090917380191,0,0.470796460176991,0.172566371681416,0.298941798941799,0.468108816781383,0,65.2,109.2
2018,REG,00-0032764,D.Henry,Derrick Henry,RB,RB,"https://static.www.nfl.com/image/private/f_auto,q_auto/league/xpewyoieoj7zeub4fvff",16,TEN,2,3,14,0,0,0,0,0,0,12,21,1,0.461956424056552,0,1.16666666666667,,215,1059,12,0,0,51,10.6009358574811,0,15,18,99,0,1,1,-13,115,4,-2.6255902654957,0,-7.61538461538462,0.055045871559633,-0.0065656565656565,0.07797284774349,0,186.36,201.36
2018,REG,00-0032765,M.Thomas,Michael Thomas,WR,WR,"https://static.www.nfl.com/image/private/f_auto,q_auto/league/sxldsbuw65hfmkzqhw96",16,NO,0,0,0,0,0,0,0,0,0,0,0,0,,0,,,0,0,0,0,0,0,,0,125,147,1405,9,2,2,1134,514,75,87.1800338304496,0,1.23897707231041,0.287671232876712,0.303451966818303,0.643923226087881,0,190.5,315.5
2018,REG,00-0032773,N.Kwiatkoski,Nick Kwiatkoski,ILB,LB,"https://static.www.nfl.com/image/private/f_auto,q_auto/league/y4kxbbep5gxsvsdjjdnf",1,CHI,0,0,0,0,0,0,0,0,0,0,0,0,,0,,,0,0,0,0,0,0,,0,0,0,0,0,0,0,0,0,0,,1,,,,,0,2.0,2.0
2018,REG,00-0032775,D.Robinson,Demarcus Robinson,WR,WR,"https://static.www.nfl.com/image/private/f_auto,q_auto/league/ceqqkylismka583qo9kk",14,KC,0,0,0,0,0,0,0,0,0,0,0,0,,0,,,0,0,0,0,0,0,,0,22,33,288,4,0,0,386,116,12,9.82694830920475,0,0.746113989637306,0.0656063618290259,0.0862184498548135,0.158762457641908,0,52.8,74.8
2018,REG,00-0032778,T.Sharpe,Tajae Sharpe,WR,WR,"https://static.www.nfl.com/image/private/f_auto,q_auto/league/c8fgfxrl2gmdv8thgw1p",14,TEN,0,0,0,0,0,0,0,0,0,0,0,0,,0,,,1,16,0,0,0,1,1.15487154712901,0,26,47,316,2,0,0,503,83,22,4.83667148528775,0,0.628230616302187,0.12401055408971,0.186849925705795,0.316810779128621,0,45.2,71.2
2018,REG,00-0032780,J.Howard,Jordan Howard,RB,RB,"https://static.www.nfl.com/image/private/f_auto,q_auto/league/nbvb6bsrmjupmqrrf1n4",16,CHI,0,0,0,0,0,0,0,0,0,0,0,0,,0,,,250,935,9,2,1,53,-25.1616301749485,0,20,27,145,0,0,0,21,127,7,-2.43976210818233,0,6.90476190476191,0.0557851239669422,0.0059897318881916,0.0878704982721474,0,160.0,180.0
2018,REG,00-0032782,W.Smallwood,Wendell Smallwood,RB,RB,"https://static.www.nfl.com/image/private/f_auto,q_auto/league/r20rhl0c17ql8dtnl5kz",13,PHI,0,0,0,0,0,0,0,0,0,0,0,0,,0,,,87,364,3,1,0,22,2.86769200068469,1,28,35,230,2,1,1,5,232,9,8.01244890528614,0,46.0,0.0821596244131455,0.0015782828282828,0.124344234599516,0,89.4,117.4
2018,REG,00-0032791,J.Grant,Jakeem Grant,WR,WR,"https://static.www.nfl.com/image/private/f_auto,q_auto/league/f2ujcvb61rknhjyxcrsu",10,MIA,0,0,0,0,0,0,0,0,0,0,0,0,,0,,,1,5,0,0,0,0,1.17448707664153,0,21,34,268,2,0,0,275,140,13,11.2980911929582,0,0.974545454545454,0.115646258503401,0.114060555785981,0.253311776805289,2,51.3,72.3
2018,REG,00-0032792,N.Sudfeld,Nate Sudfeld,QB,QB,"https://static.www.nfl.com/image/private/f_auto,q_auto/league/it5e3w2ufgfp7sc5wgo2",2,PHI,1,2,22,1,0,0,0,0,0,9,23,1,2.76127375895157,0,2.44444444444444,,2,-2,0,0,0,0,-2.18673707678681,0,0,0,0,0,0,0,0,0,0,,0,,,,,0,4.68,4.68
2018,REG,00-0032793,B.Countess,Blake Countess,SS,DB,"https://static.www.nfl.com/image/private/f_auto,q_auto/league/gtcvlfetdzz2sdsmqf7v",1,LA,0,0,0,0,0,0,0,0,0,0,0,0,,0,,,0,0,0,0,0,0,,0,0,0,0,0,0,0,0,0,0,,0,,,,,1,6.0,6.0
2018,REG,00-0032794,D.Vitale,Dan Vitale,FB,RB,"https://static.www.nfl.com/image/private/f_auto,q_auto/league/x9z1hqodjhb8dio4dr1w",1,GB,0,0,0,0,0,0,0,0,0,0,0,0,,0,,,0,0,0,0,0,0,,0,1,2,2,0,0,0,3,0,1,-0.691394920824678,0,0.666666666666667,0.0377358490566038,0.0078740157480315,0.0621155846085277,0,0.2,1.2
2018,REG,00-0032795,C.Core,Cody Core,WR,WR,"https://static.www.nfl.com/image/private/f_auto,q_auto/league/aan5zyvrcyn0wfeh2xdi",10,CIN,0,0,0,0,0,0,0,0,0,0,0,0,,0,,,0,0,0,0,0,0,,0,13,28,160,1,0,0,367,36,7,1.13397923462265,1,0.435967302452316,0.0897435897435897,0.138962514199167,0.231889144554801,0,24.0,37.0
2018,REG,00-0032807,C.Fejedelem,Clayton Fejedelem,SS,DB,"https://static.www.nfl.com/image/private/f_auto,q_auto/league/mlxzah8tensxhgwc7z3x",2,CIN,0,0,0,0,0,0,0,0,0,0,0,0,,0,,,2,6,0,1,0,1,-0.727132539032027,0,0,0,0,0,0,0,0,0,0,,0,,,,,0,0.6,0.6
2018,REG,00-0032813,E.Penny,Elijhaa Penny,RB,RB,"https://static.www.nfl.com/image/private/f_auto,q_auto/league/jiebuu94lu81xzneqrsf",9,NYG,0,0,0,0,0,0,0,0,0,0,0,0,,0,,,7,25,0,0,0,2,-0.773260126530659,0,8,9,50,0,0,0,2,51,1,1.42198692704551,0,25.0,0.0414746543778802,0.0013840830449827,0.0631808396983082,0,7.5,15.5
2018,REG,00-0032881,T.Lewis,Tommylee Lewis,WR,WR,"https://static.www.nfl.com/image/private/f_auto,q_auto/league/qvf3ud6rgqusejdd4f5u",4,NO,0,0,0,0,0,0,0,0,0,0,0,0,,0,,,2,10,0,1,0,0,-4.31656487629516,0,3,3,60,1,0,0,59,1,3,5.0366245098412,0,1.01694915254237,0.0405405405405405,0.0975206611570248,0.129075273620728,0,13.0,16.0
2018,REG,00-0032897,D.Watt,Derek Watt,FB,RB,"https://static.www.nfl.com/image/private/f_auto,q_auto/league/jrhk6npb7u3tmgzt7rwn",4,LAC,0,0,0,0,0,0,0,0,0,0,0,0,,0,,,4,11,0,0,0,1,-0.246774932486005,0,1,1,2,0,0,0,0,2,0,-0.403982291696593,0,0.0,0.0344827586206897,,,0,1.3,2.3
2018,REG,00-0032911,S.Pulley,Spencer Pulley,C,OL,"https://static.www.nfl.com/image/private/f_auto,q_auto/league/hvyebzfdomw94gdyce0g",1,NYG,0,0,0,0,0,0,0,0,0,0,0,0,,0,,,0,0,0,0,0,0,,0,1,1,-2,0,0,0,-2,0,0,-1.88576491735876,0,0.0,0.032258064516129,-0.0073260073260073,0.0432588916459884,0,-0.2,0.8
2018,REG,00-0032918,C.Ham,C.J. Ham,FB,RB,"https://static.www.nfl.com/image/private/f_auto,q_auto/league/oyy0xpxazac9lbt7z8zm",10,MIN,0,0,0,0,0,0,0,0,0,0,0,0,,0,,,6,8,0,0,0,1,-2.93593605479691,0,11,15,85,0,0,0,-6,84,4,-2.75126739329426,0,-14.1666666666667,0.0520833333333333,-0.0033149171270718,0.0758045580110497,0,9.3,20.3
2018,REG,00-0032935,J.Holton,Johnny Holton,WR,WR,"https://static.www.nfl.com/image/private/f_auto,q_auto/league/has0upkyuzqewhty3pb2",1,LV,0,0,0,0,0,0,0,0,0,0,0,0,,0,,,0,0,0,0,0,0,,0,0,1,0,0,0,0,45,0,0,-0.744821694213897,0,0.0,0.0303030303030303,0.151006711409396,0.151159243441123,0,0.0,0.0
2018,REG,00-0032940,D.Washington,DeAndre Washington,RB,RB,"https://static.www.nfl.com/image/private/f_auto,q_auto/league/r89dcprs99qahleja3mz",8,LV,0,0,0,0,0,0,0,0,0,0,0,0,,0,,,30,115,0,1,1,8,-8.88964603929439,0,1,1,9,0,0,0,2,7,0,0.559007418574765,0,4.5,0.0303030303030303,0.0067114093959731,0.0501525320317267,0,10.4,11.4
2018,REG,00-0032943,R.Dixon,Riley Dixon,P,SPEC,"https://static.www.nfl.com/image/private/f_auto,q_auto/league/qummyltudg8zskn0si4v",1,NYG,0,0,0,0,0,0,0,0,0,0,0,0,,0,,,1,14,0,0,0,1,0.879293448204408,0,0,0,0,0,0,0,0,0,0,,0,,,,,0,1.4,1.4
2018,REG,00-0032950,C.Wentz,Carson Wentz,QB,QB,"https://static.www.nfl.com/image/private/f_auto,q_auto/league/indtay8ngoq8ubhhydbp",11,PHI,279,401,3074,21,7,31,202,9,6,3120,1397,159,36.2120948690566,1,0.98525641025641,0.122575568321638,34,93,0,0,0,9,-1.795956505192,0,1,1,4,0,0,0,-5,9,1,1.16897571785375,0,0.0,0.0333333333333333,-0.0206611570247934,0.0355371900826446,0,192.66,193.66
2018,REG,00-0032951,L.Treadwell,Laquon Treadwell,WR,WR,"https://static.www.nfl.com/image/private/f_auto,q_auto/league/k5zobcutuqqnd1cxqplo",15,MIN,0,0,0,0,0,0,0,0,0,0,0,0,,0,,,0,0,0,0,0,0,,0,35,53,302,1,0,0,320,120,16,-11.5645638946095,0,0.94375,0.0939716312056738,0.0807469089073934,0.197480283043686,0,36.2,71.2
2018,REG,00-0032956,A.Janovich,Andy Janovich,FB,RB,"https://static.www.nfl.com/image/private/f_auto,q_auto/league/w4nnz0yrfilgpexcseqy",9,DEN,0,0,0,0,0,0,0,0,0,0,0,0,,0,,,2,5,0,0,0,2,2.29950163047761,0,8,10,112,1,0,0,51,63,5,9.62336623268058,0,2.19607843137255,0.0420168067226891,0.0282705099778271,0.0828145670685126,0,17.7,25.7
2018,REG,00-0032959,C.Peake,Charone Peake,WR,WR,"https://static.www.nfl.com/image/private/f_auto,q_auto/league/f7a4bmcrcxmoyaagieop",3,NYJ,0,0,0,0,0,0,0,0,0,0,0,0,,0,,,0,0,0,0,0,0,,0,2,3,25,0,0,0,32,4,2,-3.9269224772579,0,0.78125,0.03,0.0361990950226244,0.0703393665158371,0,2.5,4.5
2018,REG,00-0032964,B.Marshall,Byron Marshall,RB,RB,"https://static.www.nfl.com/image/private/f_auto,q_auto/league/sdfnye7daaffwtre1mbl",4,WAS,0,0,0,0,0,0,0,0,0,0,0,0,,0,,,3,9,0,0,0,0,-0.627591606229544,0,4,6,30,0,0,0,10,28,1,1.1570573617937,0,3.0,0.0540540540540541,0.0094161958568738,0.0876724181808928,0,3.9,7.9
2018,REG,00-0032966,C.Coleman,Corey Coleman,WR,WR,"https://static.www.nfl.com/image/private/f_auto,q_auto/league/yawvrg2sh7ryru2z2kwe",6,NYG,0,0,0,0,0,0,0,0,0,0,0,0,,0,,,1,5,0,0,0,0,0.0568295349366963,0,5,8,71,0,0,0,100,8,5,5.71674056042684,0,0.71,0.0427807486631016,0.0666222518321119,0.110806699277131,0,7.6,12.6
2018,REG,00-0032972,D.Booker,Devontae Booker,RB,RB,"https://static.www.nfl.com/image/private/f_auto,q_auto/league/y5fw68qxcmxykv1uchlo",16,DEN,0,0,0,0,0,0,0,0,0,0,0,0,,0,,,34,183,1,0,0,11,2.37250505035627,0,38,51,275,0,1,1,77,242,9,-4.06395849596303,0,3.57142857142857,0.0962264150943396,0.0194986072423398,0.157988647711147,0,49.8,87.8
2018,REG,00-0032975,J.Williams,Jonathan Williams,RB,RB,"https://static.www.nfl.com/image/private/f_auto,q_auto/league/dnlboggtjcflj9fxauub",3,NO,0,0,0,0,0,0,0,0,0,0,0,0,,0,,,3,0,0,0,0,0,-1.87216332694516,0,1,1,1,0,0,0,1,0,0,-0.593708648346365,0,1.0,0.0204081632653061,0.0036630036630036,0.0331763474620617,0,0.1,1.1
2018,REG,00-0032977,R.Higgins,Rashard Higgins,WR,WR,"https://static.www.nfl.com/image/private/f_auto,q_auto/league/mdn4he3iuc2mwx3cfvfj",13,CLE,0,0,0,0,0,0,0,0,0,0,0,0,,0,,,0,0,0,0,0,0,,0,39,53,572,4,2,1,594,146,27,29.1783095835534,0,0.962962962962963,0.118303571428571,0.135864592863678,0.272560572147432,0,79.2,118.2
2018,REG,00-0032980,M.Johnson,Marcus Johnson,WR,WR,"https://static.www.nfl.com/image/private/f_auto,q_auto/league/pwq2yi4ewqtsx6buynay",4,IND,0,0,0,0,0,0,0,0,0,0,0,0,,0,,,1,-2,0,0,0,0,-0.90969714242965,0,6,8,102,1,0,0,110,28,5,9.55956636818464,0,0.927272727272727,0.0493827160493827,0.0794797687861272,0.129709912224363,0,16.0,22.0
2018,REG,00-0033009,T.Boyd,Tyler Boyd,WR,WR,"https://static.www.nfl.com/image/private/f_auto,q_auto/league/vconwllovf9jqxpu9mow",14,CIN,0,1,0,0,0,0,0,0,0,34,0,0,-0.512594365165569,0,0.0,,2,3,0,0,0,0,-1.0990995215252,0,76,108,1028,7,0,0,1008,418,54,72.9966516028611,0,1.01984126984127,0.2217659137577,0.253840342483002,0.510337110374652,0,145.1,221.1
2018,REG,00-0033025,J.Richard,Jalen Richard,RB,RB,"https://static.www.nfl.com/image/private/f_auto,q_auto/league/evmn0ccnvk73tukpmk5f",16,LV,0,0,0,0,0,0,0,0,0,0,0,0,,0,,,55,259,1,2,2,11,-16.0425803178805,0,68,81,607,0,0,0,135,499,23,15.8433661600964,0,4.4962962962963,0.162650602409639,0.0385054192812322,0.27092969711132,0,88.6,156.6
2018,REG,00-0033040,T.Hill,Tyreek Hill,WR,WR,"https://static.www.nfl.com/image/private/f_auto,q_auto/league/lsszbdnkusxc7mduw5be",16,KC,0,0,0,0,0,0,0,0,0,0,0,0,,0,,,22,151,1,0,0,8,2.35040867218049,0,87,137,1479,12,0,0,2026,527,60,81.7850790791754,0,0.730009871668312,0.24290780141844,0.394777864380359,0.640706207193911,1,247.0,334.0
2018,REG,00-0033045,E.Elliott,Ezekiel Elliott,RB,RB,"https://static.www.nfl.com/image/upload/f_auto,q_auto/league/qf0zgze0wkbvu9rlvolf",15,DAL,0,0,0,0,0,0,0,0,0,0,0,0,,0,,,304,1434,6,6,1,74,-9.76068959815968,0,77,95,567,3,0,0,33,576,22,-0.0409538699271379,0,17.1818181818182,0.20042194092827,0.0098389982110912,0.307520210140169,0,252.1,329.1
2018,REG,00-0033049,D.Jackson,Darius Jackson,RB,RB,"https://static.www.nfl.com/image/private/f_auto,q_auto/league/bmanrbbyt4fi777iarsx",1,DAL,0,0,0,0,0,0,0,0,0,0,0,0,,0,,,6,16,0,0,0,0,-1.43410578579642,0,0,1,0,0,0,0,-1,0,0,-0.514351818885189,0,0.0,0.0232558139534884,-0.0023923444976076,0.0332090797819072,0,1.6,1.6
2018,REG,00-0033054,R.Gathers,Rico Gathers,TE,TE,"https://static.www.nfl.com/image/private/f_auto,q_auto/league/qovjpn6bhqobiwiv2b0c",6,DAL,0,0,0,0,0,0,0,0,0,0,0,0,,0,,,0,0,0,0,0,0,,0,3,7,45,0,0,0,70,27,2,-0.676159285008054,0,0.642857142857143,0.0364583333333333,0.0416914830256105,0.0838715381179273,0,4.5,7.5
2018,REG,00-0033060,L.Carroo,Leonte Carroo,WR,WR,"https://static.www.nfl.com/image/private/f_auto,q_auto/league/rtyecvs5rx9awmpdk4c8",3,MIA,0,0,0,0,0,0,0,0,0,0,0,0,,0,,,1,14,0,0,0,1,2.88456670916639,0,2,4,94,1,0,0,105,36,2,6.87026060473629,0,0.895238095238095,0.0444444444444444,0.176767676767677,0.19040404040404,0,16.8,18.8
2018,REG,00-0033077,D.Prescott,Dak Prescott,QB,QB,"https://static.www.nfl.com/image/private/f_auto,q_auto/league/knx0jxponzfkusnyvjkn",16,DAL,356,526,3885,22,8,56,347,8,5,3973,1892,184,24.4318341384621,1,0.977850490812988,0.0787472876951236,75,305,6,4,1,25,8.49834546368284,1,0,1,0,0,0,0,11,0,0,-0.481403352401685,0,0.0,0.032258064516129,0.0518867924528302,0.0847078514911747,0,285.9,285.9
2018,REG,00-0033080,S.DeValve,Seth DeValve,TE,TE,"https://static.www.nfl.com/image/private/f_auto,q_auto/league/nrihd72oevgvvbhb8l6g",5,CLE,0,0,0,0,0,0,0,0,0,0,0,0,,0,,,0,0,0,0,0,0,,0,5,7,74,1,0,0,87,15,3,1.66827194485813,0,0.850574712643678,0.0357142857142857,0.0504640371229698,0.0888962545575074,0,13.4,18.4
2018,REG,00-0033094,M.Hall,Marvin Hall,WR,WR,"https://static.www.nfl.com/image/private/f_auto,q_auto/league/dgyruyvyeuy4cwxhysox",13,ATL,0,0,0,0,0,0,0,0,0,0,0,0,,0,,,2,0,0,0,0,0,-1.42580870166421,0,10,19,149,1,0,0,208,57,5,1.50685365818208,0,0.716346153846154,0.041036717062635,0.0546361964801681,0.0998004131300702,0,20.9,30.9
2018,REG,00-0033104,C.Kessler,Cody Kessler,QB,QB,"https://static.www.nfl.com/image/private/f_auto,q_auto/league/gkvutiyutml2atftmu09",5,JAX,85,131,709,2,2,22,149,5,3,880,345,35,-39.812439870402,0,0.805681818181818,0.0386937241503896,19,123,0,0,0,9,11.1554809502296,0,0,0,0,0,0,0,0,0,0,,0,,,,,0,38.66,38.66
2018,REG,00-0033106,J.Goff,Jared Goff,QB,QB,"https://static.www.nfl.com/image/private/f_auto,q_auto/league/nyitt4ybuzopzjzddafi",16,LA,364,561,4688,32,12,33,223,9,4,4865,2126,233,115.7502314514,3,0.963617677286742,0.132254325324366,43,108,2,2,0,9,-9.5308240360372,0,0,0,0,0,0,0,0,0,0,,0,,,,,0,312.32,312.32
2018,REG,00-0033110,T.Higbee,Tyler Higbee,TE,TE,"https://static.www.nfl.com/image/private/f_auto,q_auto/league/vk9c6lr4d1pdt9sr86ua",14,LA,0,0,0,0,0,0,0,0,0,0,0,0,,0,,,0,0,0,0,0,0,,0,24,34,292,2,1,0,229,137,16,18.774165616167,0,1.27510917030568,0.0702479338842975,0.0547453980396844,0.143693679454225,0,41.2,65.2
2018,REG,00-0033111,P.Cooper,Pharoh Cooper,WR,WR,"https://static.www.nfl.com/image/private/f_auto,q_auto/league/mnsqfcfqiehw5aocr1lg",1,LA,0,0,0,0,0,0,0,0,0,0,0,0,,0,,,0,0,0,0,0,0,,0,0,1,0,0,0,0,6,0,0,-1.00206660572439,0,0.0,0.03125,0.0171919770773639,0.0589093839541547,0,0.0,0.0
2018,REG,00-0033118,K.Drake,Kenyan Drake,RB,RB,"https://static.www.nfl.com/image/private/f_auto,q_auto/league/rp5apwel9vuk49b4lykn",16,MIA,0,0,0,0,0,0,0,0,0,0,0,0,,0,,,120,535,4,2,1,23,-15.3002631673362,0,53,73,477,5,0,0,161,423,24,9.98233313960012,0,2.96273291925466,0.167816091954023,0.0456090651558074,0.2836504835401,0,153.2,206.2
2018,REG,00-0033119,J.Brissett,Jacoby Brissett,QB,QB,"https://static.www.nfl.com/image/private/f_auto,q_auto/league/wapkj7gxu9waxattqkok",4,IND,2,4,2,0,0,0,0,0,0,82,1,1,-0.678037891280837,0,0.024390243902439,,7,-7,0,0,0,0,-3.73944531055167,0,0,0,0,0,0,0,0,0,0,,0,,,,,0,-0.62,-0.62
2018,REG,00-0033127,W.Fuller,Will Fuller,WR,WR,"https://static.www.nfl.com/image/private/f_auto,q_auto/league/dgemxvhu8ffqmvmqczks",7,HOU,0,0,0,0,0,0,0,0,0,0,0,0,,0,,,0,0,0,0,0,0,,0,32,45,503,4,0,0,662,166,23,31.365112055511,0,0.759818731117825,0.202702702702703,0.317353787152445,0.526201705060766,0,74.3,106.3
2018,REG,00-0033132,K.Byard,Kevin Byard,FS,DB,"https://static.www.nfl.com/image/upload/f_auto,q_auto/league/uqesj1ki6bpa2slj7yvl",1,TEN,1,1,66,1,0,0,0,0,0,17,49,1,7.64647103147581,0,3.88235294117647,,0,0,0,0,0,0,,0,0,0,0,0,0,0,0,0,0,,0,,,,,0,6.64,6.64
2018,REG,00-0033217,M.Alie-Cox,Mo Alie-Cox,TE,TE,"https://static.www.nfl.com/image/private/f_auto,q_auto/league/vaiszuzdtyszme2bkfxv",8,IND,0,0,0,0,0,0,0,0,0,0,0,0,,0,,,0,0,0,0,0,0,,0,7,13,133,2,0,0,152,50,6,2.83058059710311,0,0.875,0.0437710437710438,0.0626287597857437,0.109496697506586,0,25.3,32.3
2018,REG,00-0033246,J.Mundt,Johnny Mundt,TE,TE,"https://static.www.nfl.com/image/private/f_auto,q_auto/league/ugqymsoitijokzaup39n",1,LA,0,0,0,0,0,0,0,0,0,0,0,0,,0,,,0,0,0,0,0,0,,0,1,1,5,0,0,0,0,5,0,-0.0887564986478537,0,0.0,0.037037037037037,,,0,0.5,1.5
2018,REG,00-0033251,Z.Pascal,Zach Pascal,WR,WR,"https://static.www.nfl.com/image/private/f_auto,q_auto/league/dnb115czpwythbso8avp",11,IND,0,0,0,0,0,0,0,0,0,0,0,0,,0,,,2,10,0,0,0,0,0.116817755391821,0,27,46,268,2,0,0,438,81,15,-4.78254668462098,0,0.611872146118721,0.096234309623431,0.117049706039551,0.226286258662832,0,39.8,66.8
2018,REG,00-0033258,D.Daniels,Darrell Daniels,TE,TE,"https://static.www.nfl.com/image/private/f_auto,q_auto/league/uite1keyl09qsvofsqzf",2,ARI,0,0,0,0,0,0,0,0,0,0,0,0,,0,,,0,0,0,0,0,0,,0,0,2,0,0,0,0,57,0,0,-1.15918336960021,0,0.0,0.0384615384615385,0.095959595959596,0.124864024864025,0,0.0,0.0
2018,REG,00-0033280,C.McCaffrey,Christian McCaffrey,RB,RB,"https://static.www.nfl.com/image/private/f_auto,q_auto/league/navqer4chxxut5povzzw",16,CAR,1,1,50,1,0,0,0,0,0,13,37,1,6.54920150293037,0,3.84615384615385,,219,1098,7,2,1,53,7.45405227708222,0,107,124,867,6,2,0,84,859,41,34.2969670780429,0,10.3214285714286,0.227941176470588,0.0205378973105135,0.356288292823242,0,278.5,385.5
2018,REG,00-0033282,C.Samuel,Curtis Samuel,WR,WR,"https://static.www.nfl.com/image/private/f_auto,q_auto/league/r71vsqs2fg7bvbt1jvzd",12,CAR,0,0,0,0,0,0,0,0,0,0,0,0,,0,,,8,84,2,0,0,3,5.58569994923892,0,39,65,494,5,0,0,776,111,24,8.35417715011863,0,0.63659793814433,0.157384987893462,0.249037227214377,0.410403540890258,0,99.8,138.8
2018,REG,00-0033288,G.Kittle,George Kittle,TE,TE,"https://static.www.nfl.com/image/private/f_auto,q_auto/league/bwx6bvkrxog0yf4h6fw1",16,SF,0,0,0,0,0,0,0,0,0,0,0,0,,0,,,1,10,0,0,0,1,0.536304507404566,0,88,136,1377,5,0,0,996,870,60,65.2445276290603,1,1.38253012048193,0.264077669902913,0.264893617021277,0.581542036769263,0,170.7,258.7
2018,REG,00-0033292,T.Taylor,Trent Taylor,WR,WR,"https://static.www.nfl.com/image/upload/f_auto,q_auto/league/wmb3t9vro76zykcac2tb",13,SF,0,0,0,0,0,0,0,0,0,0,0,0,,0,,,0,0,0,0,0,0,,0,26,40,215,1,0,0,239,101,11,-7.44350308398134,1,0.899581589958159,0.0911161731207289,0.0755372945638432,0.189550365875784,0,29.5,55.5
2018,REG,00-0033293,A.Jones,Aaron Jones,RB,RB,"https://static.www.nfl.com/image/private/f_auto,q_auto/league/oo8yixhsahh4gznox7th",12,GB,0,0,0,0,0,0,0,0,0,0,0,0,,0,,,133,728,8,1,1,41,6.51564139687347,0,26,35,206,1,0,0,9,221,12,3.21201783643706,0,22.8888888888889,0.0855745721271394,0.0027149321266968,0.130262310679397,0,145.4,171.4
2018,REG,00-0033295,E.McGuire,Elijah McGuire,RB,RB,"https://static.www.nfl.com/image/private/f_auto,q_auto/league/hf6svwovhi83xfee214j",8,NYJ,0,0,0,0,0,0,0,0,0,0,0,0,,0,,,92,276,3,2,2,15,-33.1136103713902,0,19,31,193,1,0,0,138,169,10,2.7924082240396,0,1.39855072463768,0.11787072243346,0.0587234042553192,0.217912466628913,0,66.9,85.9
2018,REG,00-0033296,A.Armah,Alex Armah,RB,RB,"https://static.www.nfl.com/image/private/f_auto,q_auto/league/pvbqmdwlukehpxovupsg",8,CAR,0,0,0,0,0,0,0,0,0,0,0,0,,0,,,9,15,2,0,0,3,1.30338915745961,0,1,1,5,0,0,0,0,5,0,0.0599942343542352,0,0.0,0.0333333333333333,,,0,14.0,15.0
2018,REG,00-0033306,V.Bolden,Victor Bolden,WR,WR,"https://static.www.nfl.com/image/private/f_auto,q_auto/league/kmdby2vcvsafzpkpsp5l",1,SF,0,0,0,0,0,0,0,0,0,0,0,0,,0,,,0,0,0,0,0,0,,0,1,4,10,0,0,0,47,1,1,-2.8037670722988,0,0.212765957446809,0.0740740740740741,0.180769230769231,0.237649572649573,0,1.0,2.0
2018,REG,00-0033307,K.Bourne,Kendrick Bourne,WR,WR,"https://static.www.nfl.com/image/private/f_auto,q_auto/league/vrovcaqql9p6xsycko83",16,SF,0,0,0,0,0,0,0,0,0,0,0,0,,0,,,0,0,0,0,0,0,,0,42,67,487,4,1,0,568,147,30,6.48990105064631,0,0.857394366197183,0.130097087378641,0.157427937915743,0.305345187608981,0,72.7,114.7
2018,REG,00-0033308,M.Breida,Matt Breida,RB,RB,"https://static.www.nfl.com/image/private/f_auto,q_auto/league/rc4m1xw0xmtsrxswd0bg",14,SF,0,0,0,0,0,0,0,0,0,0,0,0,,0,,,153,814,3,1,1,36,2.92142020884287,0,27,31,261,2,0,0,69,235,12,14.9479444895987,0,3.78260869565217,0.0831099195710456,0.0255555555555556,0.142553768245457,0,135.5,162.5
2018,REG,00-0033319,N.Mullens,Nick Mullens,QB,QB,"https://static.www.nfl.com/image/private/f_auto,q_auto/league/ocu10coxszfcauzh406s",8,SF,176,274,2277,13,10,17,127,1,0,1900,1220,106,31.1174212140491,1,1.19842105263158,0.112880027719529,18,-16,0,1,0,1,-9.03339381155092,0,0,0,0,0,0,0,0,0,0,,0,,,,,0,123.48,123.48
2018,REG,00-0033357,T.Hill,Taysom Hill,QB,QB,"https://static.www.nfl.com/image/private/f_auto,q_auto/league/pjp1aahvacigoh0sorpg",13,NO,3,7,64,0,1,1,3,0,0,126,18,3,-0.437840618949849,0,0.507936507936508,0.0757109547883798,37,196,2,1,1,15,9.27704342850936,0,3,7,4,0,0,0,36,5,0,-5.36438111623284,0,0.111111111111111,0.0339805825242718,0.0227129337539432,0.066869927414168,0,30.56,33.56
2018,REG,00-0033373,T.Mizzell,Taquan Mizzell,RB,RB,"https://static.www.nfl.com/image/private/f_auto,q_auto/league/hgm2eiin7bfergfrjhxi",8,CHI,0,0,0,0,0,0,0,0,0,0,0,0,,0,,,9,16,0,0,0,0,-2.56522855436197,0,8,10,78,1,0,0,50,34,4,4.04433818676625,0,1.56,0.0645161290322581,0.0398724082934609,0.12468487935381,0,15.4,23.4
2018,REG,00-0033374,R.Ortiz,Ricky Ortiz,FB,RB,"https://static.www.nfl.com/image/private/f_auto,q_auto/league/dt4lvt5dpo92g8xdifnm",3,ATL,0,0,0,0,0,0,0,0,0,0,0,0,,0,,,0,0,0,0,0,0,,0,3,4,11,0,0,0,-1,13,0,-1.24588213977404,0,-11.0,0.0373831775700935,-0.0015337423312883,0.0550011467232383,0,1.1,4.1
2018,REG,00-0033375,T.Patrick,Tim Patrick,WR,WR,"https://static.www.nfl.com/image/private/f_auto,q_auto/league/xdwm9suozpz1wks8wzos",10,DEN,0,0,0,0,0,0,0,0,0,0,0,0,,0,,,3,17,0,0,0,2,0.778803054476157,0,23,41,315,1,2,1,435,112,15,3.32677178993696,0,0.724137931034483,0.104591836734694,0.151832460732984,0.26317047761513,0,37.2,60.2
2018,REG,00-0033379,T.White,Tim White,WR,WR,"https://static.www.nfl.com/image/private/f_auto,q_auto/league/caxmcdcvqnix2vkutbq4",1,BAL,0,0,0,0,0,0,0,0,0,0,0,0,,0,,,0,0,0,0,0,0,,0,1,1,14,0,0,0,14,0,1,2.16413406748325,0,1.0,0.025,0.0354430379746835,0.0623101265822785,0,1.4,2.4
2018,REG,00-0033382,A.Carr,Austin Carr,WR,WR,"https://static.www.nfl.com/image/private/f_auto,q_auto/league/uuln9v0o8aeurocrzvxp",9,NO,0,0,0,0,0,0,0,0,0,0,0,0,,0,,,0,0,0,0,0,0,,0,9,14,97,2,0,0,131,22,5,6.95700918699671,0,0.740458015267176,0.049645390070922,0.0671794871794872,0.121493726132024,0,21.7,30.7
2018,REG,00-0033387,J.Hollister,Jacob Hollister,TE,TE,"https://static.www.nfl.com/image/private/f_auto,q_auto/league/qdny7ap8ly1ozectd8zu",2,NE,0,0,0,0,0,0,0,0,0,0,0,0,,0,,,0,0,0,0,0,0,,0,4,5,52,0,0,0,41,16,2,1.66631679120474,0,1.26829268292683,0.0666666666666667,0.0748175182481752,0.152372262773723,0,5.2,9.2
2018,REG,00-0033421,A.Auclair,Antony Auclair,TE,TE,"https://static.www.nfl.com/image/private/f_auto,q_auto/league/qkktgjw9l0ntyfiobegs",6,TB,0,0,0,0,0,0,0,0,0,0,0,0,,0,,,0,0,0,0,0,0,,0,7,8,48,0,0,0,40,8,1,0.76184556609951,0,1.2,0.0337552742616034,0.0181323662737987,0.0633255677840642,0,4.8,11.8
2018,REG,00-0033434,B.Wilson,Bobo Wilson,WR,WR,"https://static.www.nfl.com/image/private/f_auto,q_auto/league/dxmqeel8jwf3yokvtg9a",3,TB,0,0,0,0,0,0,0,0,0,0,0,0,,0,,,0,0,0,0,0,0,,0,4,5,52,0,0,0,54,20,2,0.790264615323395,0,0.962962962962963,0.0427350427350427,0.0412528647822766,0.0929795694501577,0,5.2,9.2
2018,REG,00-0033441,K.Hatcher,Keon Hatcher,WR,WR,"https://static.www.nfl.com/image/private/f_auto,q_auto/league/xiahm288zxajbteu026w",1,LV,0,0,0,0,0,0,0,0,0,0,0,0,,0,,,0,0,0,0,0,0,,0,1,2,8,0,0,0,14,8,0,-1.30115738511086,0,0.571428571428571,0.0606060606060606,0.0469798657718121,0.123794996949359,0,0.8,1.8
2018,REG,00-0033455,A.Firkser,Anthony Firkser,TE,TE,"https://static.www.nfl.com/image/private/f_auto,q_auto/league/rta4x11kt1dt4hifufjq",8,TEN,0,0,0,0,0,0,0,0,0,0,0,0,,0,,,0,0,0,0,0,0,,0,19,20,225,1,0,0,133,97,12,18.4392734429548,0,1.69172932330827,0.100502512562814,0.0795454545454545,0.206435587026039,0,28.5,47.5
2018,REG,00-0033460,J.Ross,John Ross,WR,WR,"https://static.www.nfl.com/image/private/f_auto,q_auto/league/u6ysgs3kj738n662uehl",13,CIN,0,0,0,0,0,0,0,0,0,0,0,0,,0,,,4,9,0,0,0,0,-1.91302485729102,0,21,58,210,7,0,0,807,59,13,-21.5332348210106,0,0.260223048327138,0.136150234741784,0.240178571428571,0.372350352112676,0,63.9,84.9
2018,REG,00-0033464,J.Chesson,Jehu Chesson,WR,WR,"https://static.www.nfl.com/image/private/f_auto,q_auto/league/nmn44gw214duhlpzasyi",3,WAS,0,0,0,0,0,0,0,0,0,0,0,0,,0,,,1,-4,0,0,0,0,-1.29403033293784,0,1,2,7,0,0,0,22,0,1,1.11904839868657,0,0.318181818181818,0.028169014084507,0.0372881355932203,0.0683552160420148,0,0.3,1.3
2018,REG,00-0033466,I.McKenzie,Isaiah McKenzie,WR,WR,"https://static.www.nfl.com/image/upload/f_auto,q_auto/league/gy6grhpxsegfgklfadte",6,BUF,0,0,0,0,0,0,0,0,0,0,0,0,,0,,,10,66,2,0,0,4,5.22224927158095,0,18,30,179,0,0,0,246,76,10,0.586728866266601,0,0.727642276422764,0.177514792899408,0.113678373382625,0.34584705071695,0,36.5,54.5
2018,REG,00-0033471,I.Ford,Isaiah Ford,WR,WR,"https://static.www.nfl.com/image/private/f_auto,q_auto/league/ycqftcjsc9vyqmc8tlmw",1,MIA,0,0,0,0,0,0,0,0,0,0,0,0,,0,,,0,0,0,0,0,0,,0,0,1,0,0,0,0,6,0,0,-0.743906162620988,0,0.0,0.0416666666666667,0.024896265560166,0.0799273858921162,0,0.0,0.0
2018,REG,00-0033474,G.Dieter,Gehrig Dieter,WR,WR,"https://static.www.nfl.com/image/private/f_auto,q_auto/league/ex3zzzxojejpl5rqskmq",2,KC,0,0,0,0,0,0,0,0,0,0,0,0,,0,,,0,0,0,0,0,0,,0,1,3,22,0,0,0,54,13,1,-1.51992029213579,0,0.407407407407407,0.046875,0.0767045454545455,0.124005681818182,0,2.2,3.2
2018,REG,00-0033481,M.Kemp,Marcus Kemp,WR,WR,"https://static.www.nfl.com/image/private/f_auto,q_auto/league/hetkew9ad3agbj8cq1r3",2,KC,0,0,0,0,0,0,0,0,0,0,0,0,,0,,,0,0,0,0,0,0,,0,1,2,7,0,0,0,4,8,0,-0.802611163584516,0,1.75,0.0303030303030303,0.0068027210884353,0.0502164502164502,0,0.7,1.7
2018,REG,00-0033526,S.Perine,Samaje Perine,RB,RB,"https://static.www.nfl.com/image/private/f_auto,q_auto/league/kpdo0ztyzhjobhk4p29a",4,WAS,0,0,0,0,0,0,0,0,0,0,0,0,,0,,,8,32,0,0,0,2,0.322586054157,0,3,4,5,0,0,0,-9,9,0,-4.34123288805131,0,-0.555555555555556,0.0512820512820513,-0.0140845070422535,0.0670639219934995,0,3.7,6.7
2018,REG,00-0033528,J.Sprinkle,Jeremy Sprinkle,TE,TE,"https://static.www.nfl.com/image/private/f_auto,q_auto/league/cncqiyqmj7ohm5k70bog",5,WAS,0,0,0,0,0,0,0,0,0,0,0,0,,0,,,0,0,0,0,0,0,,0,5,9,41,1,0,0,58,21,3,0.915166130006687,0,0.706896551724138,0.0681818181818182,0.0423048869438366,0.131886148133413,0,10.1,15.1
2018,REG,00-0033536,M.Williams,Mike Williams,WR,WR,"https://static.www.nfl.com/image/private/f_auto,q_auto/league/oaa76gdfwdhaum4b5qkh",16,LAC,0,0,0,0,0,0,0,0,0,0,0,0,,0,,,7,28,1,0,0,2,-0.573319487390108,0,43,66,664,10,0,0,974,118,36,48.0900913745316,1,0.681724845995893,0.1375,0.262321572852141,0.389875100996499,0,137.2,180.2
2018,REG,00-0033537,D.Watson,Deshaun Watson,QB,QB,"https://static.www.nfl.com/image/private/f_auto,q_auto/league/otfs2docj6eahaebo5xn",16,HOU,345,505,4165,26,9,62,384,6,2,4320,1753,202,61.1026454336963,0,0.96412037037037,0.129125706030746,99,551,5,3,1,33,9.93491346927698,0,0,0,0,0,0,0,0,0,0,,0,,,,,0,331.7,331.7
2018,REG,00-0033553,J.Conner,James Conner,RB,RB,"https://static.www.nfl.com/image/private/f_auto,q_auto/league/rmqdvrhlmhhyyrhp3vyu",13,PIT,0,0,0,0,0,0,0,0,0,0,0,0,,0,,,215,973,12,3,1,56,-4.2629906655387,0,55,71,497,1,1,1,-18,548,20,12.7617548126727,2,-27.6111111111111,0.127468581687612,-0.0043827611395179,0.188134939733756,0,225.0,280.0
2018,REG,00-0033556,T.Cohen,Tarik Cohen,RB,RB,"https://static.www.nfl.com/image/private/f_auto,q_auto/league/pm0uewrl0ugotlc5wbpc",16,CHI,1,1,1,1,0,0,0,0,0,1,0,1,3.15769662096864,0,1.0,,99,444,3,2,2,20,-11.1229358266453,0,71,91,725,5,1,1,329,520,29,14.332710396222,0,2.20364741641337,0.180555555555556,0.0796610169491525,0.32659604519774,0,162.94,233.94
2018,REG,00-0033559,M.Roberts,Michael Roberts,TE,TE,"https://static.www.nfl.com/image/private/f_auto,q_auto/league/budz2kcuoa7xbjfrfurg",7,DET,0,0,0,0,0,0,0,0,0,0,0,0,,0,,,0,0,0,0,0,0,,0,9,20,100,3,0,0,129,23,5,-9.74633786115924,0,0.775193798449612,0.0806451612903226,0.0781818181818182,0.175695014662757,0,28.0,37.0
2018,REG,00-0033562,R.Switzer,Ryan Switzer,WR,WR,"https://static.www.nfl.com/image/private/f_auto,q_auto/league/s7w7b3uxhppii72mttcu",16,PIT,0,0,0,0,0,0,0,0,0,0,0,0,,0,,,6,21,0,0,0,0,-1.43184577662032,0,36,44,253,1,0,0,148,137,15,6.34953947134486,0,1.70945945945946,0.0650887573964497,0.0316374519025224,0.11977935242644,0,33.4,69.4
2018,REG,00-0033564,J.Butt,Jake Butt,TE,TE,"https://static.www.nfl.com/image/private/f_auto,q_auto/league/faqk9sw4zigenjoavboi",3,DEN,0,0,0,0,0,0,0,0,0,0,0,0,,0,,,0,0,0,0,0,0,,0,8,13,85,0,0,0,97,44,4,-7.83747659012443,0,0.876288659793815,0.121495327102804,0.109234234234234,0.25870695461817,0,8.5,16.5
2018,REG,00-0033566,D.King,Desmond King,CB,DB,"https://static.www.nfl.com/image/private/f_auto,q_auto/league/jer13zsb22rmdldq5jtr",1,LAC,0,0,0,0,0,0,0,0,0,0,0,0,,0,,,0,0,0,0,0,0,,0,0,0,0,0,0,0,0,0,0,,0,,,,,1,6.0,6.0
2018,REG,00-0033567,B.Hill,Brian Hill,RB,RB,"https://static.www.nfl.com/image/private/f_auto,q_auto/league/bsgtdhaylnpxdhfxtx0y",4,ATL,0,0,0,0,0,0,0,0,0,0,0,0,,0,,,20,157,0,1,1,5,-3.53309620457003,0,1,2,9,0,0,0,7,5,0,-1.54849668854149,0,1.28571428571429,0.0289855072463768,0.0104947526236882,0.0508245877061469,0,14.6,15.6
2018,REG,00-0033572,J.Agnew,Jamal Agnew,WR,WR,"https://static.www.nfl.com/image/private/f_auto,q_auto/league/at0skjo9xsjgobkvqqz5",1,DET,0,0,0,0,0,0,0,0,0,0,0,0,,0,,,1,17,0,0,0,1,1.00503952801228,0,0,0,0,0,0,0,0,0,0,,0,,,,,0,1.7,1.7
2018,REG,00-0033573,S.Gibson,Shelton Gibson,WR,WR,"https://static.www.nfl.com/image/private/f_auto,q_auto/league/ooeitkt377s485zhchsi",2,PHI,0,0,0,0,0,0,0,0,0,0,0,0,,0,,,0,0,0,0,0,0,,0,1,3,48,0,0,0,100,0,1,0.233671005349606,0,0.48,0.0379746835443038,0.161030595813205,0.169683442385699,0,4.8,5.8
2018,REG,00-0033576,E.Saubert,Eric Saubert,TE,TE,"https://static.www.nfl.com/image/upload/f_auto,q_auto/league/pitpti3erfxui0d2gdad",5,ATL,0,0,0,0,0,0,0,0,0,0,0,0,,0,,,0,0,0,0,0,0,,0,5,9,48,0,0,0,48,13,2,-5.63322165643331,0,1.0,0.0422535211267606,0.0295566502463054,0.0840699368625546,0,4.8,9.8
2018,REG,00-0033581,D.Henderson,De'Angelo Henderson Sr.,RB,RB,"https://static.www.nfl.com/image/private/f_auto,q_auto/league/jgr8ujycflajknnwxlnr",1,NYJ,0,0,0,0,0,0,0,0,0,0,0,0,,0,,,2,19,0,1,1,0,-1.40004352183314,0,0,0,0,0,0,0,0,0,0,,0,,,,,0,-0.0999999999999999,-0.0999999999999999
2018,REG,00-0033589,D.Moore,David Moore,WR,WR,"https://static.www.nfl.com/image/private/f_auto,q_auto/league/mysdmg1kkmxc6cywb1jh",14,SEA,0,0,0,0,0,0,0,0,0,0,0,0,,0,,,1,5,0,0,0,0,0.0131801997777075,0,26,53,445,5,2,0,839,93,19,11.8178524052754,0,0.530393325387366,0.154970760233918,0.264501891551072,0.417607464436628,0,75.0,101.0
2018,REG,00-0033591,N.Brown,Noah Brown,WR,WR,"https://static.www.nfl.com/image/upload/f_auto,q_auto/league/skdu8rnw7nwgxdkaonyi",5,DAL,0,0,0,0,0,0,0,0,0,0,0,0,,0,,,0,0,0,0,0,0,,0,5,8,54,0,0,0,75,20,2,1.82831063336926,0,0.72,0.0484848484848485,0.0637213254035684,0.117332200509771,0,5.4,10.4
2018,REG,00-0033594,C.Carson,Chris Carson,RB,RB,"https://static.www.nfl.com/image/private/f_auto,q_auto/league/zxjqunrgf4j8p2eg4xyl",14,SEA,0,0,0,0,0,0,0,0,0,0,0,0,,0,,,247,1151,9,3,2,61,-0.2868179193174,0,20,24,163,0,0,0,-1,163,7,3.50690904352814,0,-163.0,0.109090909090909,-0.0005672149744753,0.163239313154231,0,181.4,201.4
2018,REG,00-0033597,C.Kelly,Chad Kelly,QB,QB,"https://static.www.nfl.com/image/private/f_auto,q_auto/league/msrm2dj2ksmjxpym2rqs",1,DEN,0,0,0,0,0,0,0,0,0,0,0,0,,0,,,1,-1,0,0,0,0,0.0,0,0,0,0,0,0,0,0,0,0,,0,,,,,0,-0.1,-0.1
2018,REG,00-0033611,R.Seals-Jones,Ricky Seals-Jones,TE,TE,"https://static.www.nfl.com/image/private/f_auto,q_auto/league/nqwpbsutfe0anvjkqeux",15,ARI,0,0,0,0,0,0,0,0,0,0,0,0,,0,,,0,0,0,0,0,0,,0,34,69,343,1,0,0,680,97,14,-26.3844583127656,0,0.504411764705882,0.156818181818182,0.194563662374821,0.371421836389648,0,40.3,74.3
2018,REG,00-0033627,J.Croom,Jason Croom,TE,TE,"https://static.www.nfl.com/image/private/f_auto,q_auto/league/ce3qgmgn139gn6vu44zz",12,BUF,0,0,0,0,0,0,0,0,0,0,0,0,,0,,,0,0,0,0,0,0,,0,22,35,259,1,2,2,267,137,10,-18.3774591848354,0,0.970037453183521,0.0969529085872576,0.0801801801801802,0.201555489007013,0,27.9,49.9
2018,REG,00-0033658,B.Jarwin,Blake Jarwin,TE,TE,"https://static.www.nfl.com/image/private/f_auto,q_auto/league/fsn8rvgup22r5e53mu7i",12,DAL,0,0,0,0,0,0,0,0,0,0,0,0,,0,,,0,0,0,0,0,0,,0,27,36,307,3,0,0,297,110,16,17.3145020673401,0,1.03367003367003,0.0897755610972569,0.0994308670907265,0.204264948609394,0,48.7,75.7
2018,REG,00-0033681,K.Cole,Keelan Cole,WR,WR,"https://static.www.nfl.com/image/private/f_auto,q_auto/league/djdjurxk3b6y347zirvz",13,JAX,0,0,0,0,0,0,0,0,0,0,0,0,,0,,,0,0,0,0,0,0,,0,38,70,491,1,2,2,691,136,25,-4.61993264881312,0,0.710564399421129,0.154525386313466,0.2083835946924,0.377656595754879,0,51.1,89.1
2018,REG,00-0033696,S.Culkin,Sean Culkin,TE,TE,"https://static.www.nfl.com/image/private/f_auto,q_auto/league/pj36sitdqfq76pveqckq",1,LAC,0,0,0,0,0,0,0,0,0,0,0,0,,0,,,0,0,0,0,0,0,,0,1,1,24,0,0,0,24,0,1,2.27196605326026,0,1.0,0.032258064516129,0.19047619047619,0.181720430107527,0,2.4,3.4
2018,REG,00-0033699,A.Ekeler,Austin Ekeler,RB,RB,"https://static.www.nfl.com/image/private/f_auto,q_auto/league/s1e7ejmmjkaxbv9zhvfl",14,LAC,0,0,0,0,0,0,0,0,0,0,0,0,,0,,,106,554,3,0,0,25,8.39522375446083,0,39,53,404,3,1,1,40,411,18,13.4885376032352,0,10.1,0.137662337662338,0.0136286201022147,0.216033540565057,0,129.8,168.8
2018,REG,00-0033725,C.Clement,Corey Clement,RB,RB,"https://static.www.nfl.com/image/private/f_auto,q_auto/league/rrbdxl0frmnyr1qcgexd",11,PHI,0,0,0,0,0,0,0,0,0,0,0,0,,0,,,68,259,2,2,0,15,-7.3684636875405,1,22,25,192,0,0,0,-31,264,10,2.97908794617979,0,-6.19354838709677,0.0759878419452888,-0.0124348174889691,0.105277390675655,0,59.1,81.1
2018,REG,00-0033742,T.Swoopes,Tyrone Swoopes,TE,TE,"https://static.www.nfl.com/image/private/f_auto,q_auto/league/ezsap0lrb7u92giefiyb",1,SEA,0,0,0,0,0,0,0,0,0,0,0,0,,0,,,0,0,0,0,0,0,,0,1,1,23,0,0,0,8,15,1,3.11018718662672,0,2.875,0.0434782608695652,0.0357142857142857,0.0902173913043478,0,2.3,3.3
2018,REG,00-0033757,R.Tonyan,Robert Tonyan,TE,TE,"https://static.www.nfl.com/image/private/f_auto,q_auto/league/e4dqx11amod0silgghxw",5,GB,0,0,0,0,0,0,0,0,0,0,0,0,,0,,,0,0,0,0,0,0,,0,4,6,77,1,0,0,83,10,3,4.91472936765058,0,0.927710843373494,0.0306122448979592,0.0487089201877934,0.0800146114783942,0,13.7,17.7
2018,REG,00-0033760,J.Davis,Justin Davis,RB,RB,"https://static.www.nfl.com/image/private/f_auto,q_auto/league/lxkhwmzny52eexsdyqnq",2,LA,0,0,0,0,0,0,0,0,0,0,0,0,,0,,,2,19,0,0,0,1,-0.45148667509784,0,0,0,0,0,0,0,0,0,0,,0,,,,,0,1.9,1.9
2018,REG,00-0033770,J.Hardee,Justin Hardee,CB,DB,"https://static.www.nfl.com/image/private/f_auto,q_auto/league/cgnntlve9jglm2cqwigt",1,NO,0,0,0,0,0,0,0,0,0,0,0,0,,0,,,0,0,0,0,0,0,,0,1,1,10,0,0,0,8,2,1,3.04710603598505,0,1.25,0.0303030303030303,0.032,0.0678545454545455,0,1.0,2.0
2018,REG,00-0033773,R.McCarron,Riley McCarron,WR,WR,"https://static.www.nfl.com/image/private/f_auto,q_auto/league/p2ktqatwl7ryhwjiycio",1,NE,0,0,0,0,0,0,0,0,0,0,0,0,,0,,,0,0,0,0,0,0,,0,0,1,0,0,0,0,27,0,0,-0.539576419629157,0,0.0,0.0256410256410256,0.084375,0.0975240384615384,0,0.0,0.0
2018,REG,00-0033789,T.Logan,T.J. Logan,RB,RB,"https://static.www.nfl.com/image/private/f_auto,q_auto/league/ujf1khcqyjvzh8lukjdv",4,ARI,0,0,0,0,0,0,0,0,0,0,0,0,,0,,,2,2,0,0,0,0,-1.80988705111668,0,7,7,37,0,0,0,-2,39,1,-4.78085733187618,0,-18.5,0.0786516853932584,-0.0034129692832764,0.115588449591594,0,3.9,10.9
2018,REG,00-0033839,D.Westbrook,Dede Westbrook,WR,WR,"https://static.www.nfl.com/image/private/f_auto,q_auto/league/jjlxw2ircxecpx3ipeax",16,JAX,0,1,0,0,0,0,0,0,0,12,0,0,-0.463822640478611,0,0.0,,9,98,0,0,0,5,4.54879963421263,0,66,101,717,5,2,1,852,362,39,23.921247968129,0,0.841549295774648,0.192748091603053,0.231144872490505,0.450923548147933,1,115.5,181.5
2018,REG,00-0033856,L.Fournette,Leonard Fournette,RB,RB,"https://static.www.nfl.com/image/private/f_auto,q_auto/league/atxppoc7zqcjnbnk0awz",8,JAX,0,0,0,0,0,0,0,0,0,0,0,0,,0,,,133,439,5,0,0,23,-17.8036173420842,0,22,26,185,1,0,0,-14,213,10,7.16828199339143,0,-13.2142857142857,0.114035087719298,-0.0095497953615279,0.164367774825878,0,98.4,120.4
2018,REG,00-0033857,J.Smith-Schuster,JuJu Smith-Schuster,WR,WR,"https://static.www.nfl.com/image/private/f_auto,q_auto/league/ypoituliieghtndjrzaz",16,PIT,0,0,0,0,0,0,0,0,0,0,0,0,,0,,,1,13,0,0,0,1,0.603620687266812,0,111,166,1426,7,1,1,1461,648,68,51.0479087844072,1,0.976043805612594,0.245562130177515,0.279189757309383,0.56377602538284,0,185.9,296.9
2018,REG,00-0033858,J.Smith,Jonnu Smith,TE,TE,"https://static.www.nfl.com/image/private/f_auto,q_auto/league/hbnnjc8knqoc95vzyol4",11,TEN,0,0,0,0,0,0,0,0,0,0,0,0,,0,,,0,0,0,0,0,0,,0,20,30,258,3,1,0,155,180,10,6.42349138768184,0,1.66451612903226,0.0974025974025974,0.0651260504201681,0.191692131398014,0,43.8,63.8
2018,REG,00-0033859,J.Malone,Josh Malone,WR,WR,"https://static.www.nfl.com/image/private/f_auto,q_auto/league/q0qpgsvrkxi4al0dkjij",3,CIN,0,0,0,0,0,0,0,0,0,0,0,0,,0,,,0,0,0,0,0,0,,0,1,5,12,0,0,0,36,0,1,-7.43722729285946,0,0.333333333333333,0.0458715596330275,0.054380664652568,0.106873804706339,0,1.2,2.2
2018,REG,00-0033869,M.Trubisky,Mitchell Trubisky,QB,QB,"https://static.www.nfl.com/image/private/f_auto,q_auto/league/egmpgvzck6v2unbh0plp",14,CHI,289,434,3223,24,12,24,143,5,2,3859,1404,151,49.8378085903013,4,0.835190463850739,0.135040625624886,68,421,3,1,1,29,28.3935175341051,0,0,0,0,0,0,0,0,0,0,,0,,,,,0,263.02,263.02
2018,REG,00-0033871,C.Davis,Corey Davis,WR,WR,"https://static.www.nfl.com/image/private/f_auto,q_auto/league/hr0uv4ai1zhkn7nof2a2",16,TEN,0,0,0,0,0,0,0,0,0,0,0,0,,0,,,6,55,0,0,0,2,0.920622933888808,0,65,112,891,4,1,0,1159,267,47,30.0473867388627,0,0.768766177739431,0.263529411764706,0.361848267249454,0.648587904721676,0,118.6,183.6
2018,REG,00-0033873,P.Mahomes,Patrick Mahomes,QB,QB,"https://static.www.nfl.com/image/private/f_auto,q_auto/league/oagzjdsdoezmp6frggrn",16,KC,383,580,5097,50,12,26,171,6,2,5255,2613,237,222.708403859503,0,0.969933396764986,0.205331147284428,60,272,2,2,0,18,14.2208576284997,1,0,0,0,0,0,0,0,0,0,,0,,,,,0,417.08,417.08
2018,REG,00-0033879,O.Howard,O.J. Howard,TE,TE,"https://static.www.nfl.com/image/private/f_auto,q_auto/league/wlvviyfhdn5fz5p04r95",10,TB,0,0,0,0,0,0,0,0,0,0,0,0,,0,,,0,0,0,0,0,0,,0,34,48,565,5,0,0,567,209,28,25.565039758827,0,0.99647266313933,0.117359413202934,0.129186602870813,0.26646974181397,0,86.5,120.5
2018,REG,00-0033881,E.Engram,Evan Engram,TE,TE,"https://static.www.nfl.com/image/private/f_auto,q_auto/league/adr65rbw956sxntlph8a",11,NYG,0,0,0,0,0,0,0,0,0,0,0,0,,0,,,3,36,0,0,0,3,4.17847463188809,0,45,64,577,3,0,0,339,388,22,19.5075015270111,1,1.70206489675516,0.167979002624672,0.12278160086925,0.337915624545483,0,81.3,126.3
2018,REG,00-0033885,D.Njoku,David Njoku,TE,TE,"https://static.www.nfl.com/image/private/f_auto,q_auto/league/ilvxwdllivrvwbuj69cm",15,CLE,0,0,0,0,0,0,0,0,0,0,0,0,,0,,,0,0,0,0,0,0,,0,56,88,639,4,0,0,762,306,27,3.52947398800099,0,0.838582677165354,0.16793893129771,0.150295857988166,0.357115497538281,0,87.9,143.9
2018,REG,00-0033891,Z.Jones,Zay Jones,WR,WR,"https://static.www.nfl.com/image/private/f_auto,q_auto/league/pbmcmjxxjcrandbjmey7",16,BUF,0,1,0,0,0,0,0,0,0,13,0,0,-1.47405634936014,0,0.0,,1,0,0,0,0,0,-0.862455431139097,0,56,102,652,7,1,0,1226,142,33,-0.562023142421808,1,0.531810766721044,0.21294363256785,0.259251427363079,0.50089144800593,0,109.2,165.2
2018,REG,00-0033893,D.Cook,Dalvin Cook,RB,RB,"https://static.www.nfl.com/image/upload/f_auto,q_auto/league/kl291pby4vjh160bkirg",11,MIN,0,0,0,0,0,0,0,0,0,0,0,0,,0,,,133,615,2,2,2,22,-22.1228534890995,0,40,49,305,2,0,0,-90,373,15,4.95072186901234,0,-3.38888888888889,0.143695014662757,-0.0344563552833078,0.191423073295819,0,112.0,152.0
2018,REG,00-0033895,G.Everett,Gerald Everett,TE,TE,"https://static.www.nfl.com/image/private/f_auto,q_auto/league/te11unippqhdc6auox6i",15,LA,0,0,0,0,0,0,0,0,0,0,0,0,,0,,,2,16,0,0,0,1,0.790634827222675,0,33,50,320,3,0,0,304,144,17,10.9037259638385,1,1.05263157894737,0.09765625,0.0738760631834751,0.198197619228433,0,53.6,86.6
2018,REG,00-0033896,A.Shaheen,Adam Shaheen,TE,TE,"https://static.www.nfl.com/image/private/f_auto,q_auto/league/rvj5swstfh0vf6f6w2hr",4,CHI,0,0,0,0,0,0,0,0,0,0,0,0,,0,,,0,0,0,0,0,0,,0,5,6,48,1,0,0,59,13,3,3.62084262049757,1,0.813559322033898,0.0618556701030928,0.0773263433813893,0.146911945521612,0,12.8,17.8
2018,REG,00-0033897,J.Mixon,Joe Mixon,RB,RB,"https://static.www.nfl.com/image/private/f_auto,q_auto/league/pbijtl1blfdkvmwl4rsp",14,CIN,0,0,0,0,0,0,0,0,0,0,0,0,,0,,,237,1168,8,0,0,60,-10.8785467976108,0,43,55,296,1,0,0,1,333,14,-2.26058836383163,0,296.0,0.124153498871332,0.0002782415136338,0.186425017366541,0,200.4,243.4
2018,REG,00-0033899,D.Kizer,DeShone Kizer,QB,QB,"https://static.www.nfl.com/image/private/f_auto,q_auto/league/ajaqaaxoogjnfgxduv4u",3,GB,20,42,187,0,2,4,38,1,1,428,63,8,-26.913568605436,0,0.436915887850467,-0.0436696564717389,5,39,0,0,0,3,7.47899656154914,0,0,0,0,0,0,0,0,0,0,,0,,,,,0,5.38,5.38
2018,REG,00-0033904,D.Dawkins,Dion Dawkins,T,OL,"https://static.www.nfl.com/image/private/f_auto,q_auto/league/wlthv1anmiiwzl0dw7cv",1,BUF,0,0,0,0,0,0,0,0,0,0,0,0,,0,,,0,0,0,0,0,0,,0,1,1,7,1,0,0,7,0,1,1.66846287646331,0,1.0,0.0384615384615385,0.0220125786163522,0.0731011127237542,0,6.7,7.7
2018,REG,00-0033906,A.Kamara,Alvin Kamara,RB,RB,"https://static.www.nfl.com/image/private/f_auto,q_auto/league/tl9enad6kiwv6cukf4vt",15,NO,0,0,0,0,0,0,0,0,0,0,0,0,,0,,,194,883,14,0,0,57,12.211844029554,3,81,105,709,4,0,0,192,642,31,20.9523971124651,0,3.69270833333333,0.214285714285714,0.0533185226326021,0.358751537271393,0,273.2,354.2
2018,REG,00-0033908,C.Kupp,Cooper Kupp,WR,WR,"https://static.www.nfl.com/image/private/f_auto,q_auto/league/bkahtsjkvnom1sbnb6xm",8,LA,0,0,0,0,0,0,0,0,0,0,0,0,,0,,,4,25,0,0,0,3,1.75529691163683,0,40,55,566,6,0,0,460,303,25,35.6904458918328,0,1.2304347826087,0.205992509363296,0.230345518277416,0.470230626839135,0,95.1,135.1
2018,REG,00-0033911,T.Taylor,Taywan Taylor,WR,WR,"https://static.www.nfl.com/image/private/f_auto,q_auto/league/n0kolr3zjappzojczo5w",13,TEN,0,0,0,0,0,0,0,0,0,0,0,0,,0,,,0,0,0,0,0,0,,0,37,56,466,1,1,1,732,161,19,1.4120146774908,0,0.636612021857924,0.160458452722063,0.279923518164436,0.4366341417982,0,50.6,87.6
2018,REG,00-0033921,C.Godwin,Chris Godwin,WR,WR,"https://static.www.nfl.com/image/private/f_auto,q_auto/league/rfdampf12giyojipbcxl",16,TB,0,0,0,0,0,0,0,0,0,0,0,0,,0,,,0,0,0,0,0,0,,0,59,95,842,7,4,1,1109,245,48,34.0284127581941,1,0.759242560865645,0.153473344103393,0.168951858622791,0.348476317191043,0,126.2,185.2
2018,REG,00-0033923,K.Hunt,Kareem Hunt,RB,RB,"https://static.www.nfl.com/image/private/f_auto,q_auto/league/fmy9cgin9nv7ewyhsipr",11,KC,0,0,0,0,0,0,0,0,0,0,0,0,,0,,,181,824,7,0,0,46,1.55622866606371,0,26,35,378,7,0,0,68,338,17,32.5306542268081,0,5.55882352941176,0.0923482849604222,0.0216767612368505,0.153696160306429,0,204.2,230.2
2018,REG,00-0033925,D.Foreman,D'Onta Foreman,RB,RB,"https://static.www.nfl.com/image/private/f_auto,q_auto/league/fhxviqgdrngc8gvvhnor",1,HOU,0,0,0,0,0,0,0,0,0,0,0,0,,0,,,7,-1,0,1,0,0,-4.89663877553539,0,2,2,28,1,0,0,18,10,1,2.81710395001574,0,1.55555555555556,0.05,0.0430622009569378,0.105143540669856,0,8.7,10.7
2018,REG,00-0033928,J.Lewis,Jourdan Lewis,CB,DB,"https://static.www.nfl.com/image/private/f_auto,q_auto/league/prbl8xeso0ee0vqrpgje",3,DAL,0,0,0,0,0,0,0,0,0,0,0,0,,0,,,2,12,0,0,0,0,0.73000559816137,0,0,1,0,0,0,0,-4,0,0,-0.538164700614288,0,0.0,0.0294117647058824,-0.0197044334975369,0.0303245436105477,0,1.2,1.2
2018,REG,00-0033932,K.Golladay,Kenny Golladay,WR,WR,"https://static.www.nfl.com/image/private/f_auto,q_auto/league/vck7awhkwwhui3ndgts3",15,DET,0,0,0,0,0,0,0,0,0,0,0,0,,0,,,1,8,0,0,0,0,0.638422072865069,0,70,119,1063,5,1,0,1475,350,56,52.6007850722333,0,0.720677966101695,0.225378787878788,0.403998904409751,0.620867414905007,0,137.1,207.1
2018,REG,00-0033933,C.Williams,Chad Williams,WR,WR,"https://static.www.nfl.com/image/private/f_auto,q_auto/league/euzfm4rfpar0i5lmm2df",10,ARI,0,0,0,0,0,0,0,0,0,0,0,0,,0,,,1,9,0,0,0,0,0.81563642405672,0,17,46,171,1,0,0,586,16,9,-17.6722732603537,0,0.291808873720137,0.153333333333333,0.231803797468354,0.392262658227848,0,24.0,41.0
2018,REG,00-0033936,C.Beathard,C.J. Beathard,QB,QB,"https://static.www.nfl.com/image/private/f_auto,q_auto/league/yw8euaevcvwswbx5w27w",5,SF,102,169,1252,8,7,18,156,3,3,1115,728,60,-24.2814666750581,0,1.12286995515695,-0.0010167995791849,19,69,1,2,0,6,-0.0263059805819572,0,0,0,0,0,0,0,0,0,0,,0,,,,,0,74.98,74.98
2018,REG,00-0033943,J.Reynolds,Josh Reynolds,WR,WR,"https://static.www.nfl.com/image/private/f_auto,q_auto/league/sxrgouqg155xtgtzesy9",11,LA,0,0,0,0,0,0,0,0,0,0,0,0,,0,,,2,8,0,0,0,1,0.228081598412246,0,29,53,402,5,0,0,657,129,23,6.09709152532062,0,0.611872146118721,0.142857142857143,0.198190045248869,0.353018745959922,0,71.0,100.0
2018,REG,00-0033948,J.Williams,Jamaal Williams,RB,RB,"https://static.www.nfl.com/image/private/f_auto,q_auto/league/qerbr9qnhpn27cyogu4x",16,GB,0,0,0,0,0,0,0,0,0,0,0,0,,0,,,121,464,3,0,0,25,-16.5088172592935,0,27,41,210,0,0,0,31,229,11,-2.37413248562231,1,6.7741935483871,0.0831643002028398,0.0072855464159812,0.129846332795446,0,87.4,114.4
2018,REG,00-0033949,J.Dobbs,Joshua Dobbs,QB,QB,"https://static.www.nfl.com/image/upload/f_auto,q_auto/league/il6zhynxgyun9uvsofgr",5,PIT,6,12,43,0,1,0,0,0,0,59,19,2,-10.6541290229652,0,0.728813559322034,-0.0567760369742056,4,11,0,0,0,2,1.41926407633582,0,0,0,0,0,0,0,0,0,0,,0,,,,,0,0.82,0.82
2018,REG,00-0033950,W.Gallman,Wayne Gallman,RB,RB,"https://static.www.nfl.com/image/private/f_auto,q_auto/league/zrc9lbsy94hxanrf5voo",13,NYG,0,0,0,0,0,0,0,0,0,0,0,0,,0,,,51,176,1,0,0,7,-8.18762572226115,0,14,22,89,0,2,1,29,81,5,-7.14575144293485,0,3.06896551724138,0.0580474934036939,0.0151120375195414,0.0976496663692199,0,30.5,44.5
2018,REG,00-0033951,M.Mack,Marlon Mack,RB,RB,"https://static.www.nfl.com/image/private/f_auto,q_auto/league/d3sdoo1yiey5oiyblulk",12,IND,0,0,0,0,0,0,0,0,0,0,0,0,,0,,,195,908,9,1,1,50,6.3051045245499,2,17,26,103,1,1,1,-24,122,3,-12.5803130975692,0,-4.29166666666667,0.0617577197149644,-0.0073282442748091,0.0875068085800801,0,161.1,178.1
2018,REG,00-0033953,J.Leggett,Jordan Leggett,TE,TE,"https://static.www.nfl.com/image/private/f_auto,q_auto/league/kjcxnm0lntsec4idp0gi",13,NYJ,0,0,0,0,0,0,0,0,0,0,0,0,,0,,,0,0,0,0,0,0,,0,14,25,114,1,0,0,161,49,6,3.6343694847892,0,0.708074534161491,0.0602409638554217,0.0426038634559407,0.120184150202291,0,17.4,31.4
2018,REG,00-0033955,J.McNichols,Jeremy McNichols,RB,RB,"https://static.www.nfl.com/image/private/f_auto,q_auto/league/lwcqsanzizt8sq0jnnpr",1,IND,0,0,0,0,0,0,0,0,0,0,0,0,,0,,,2,4,0,0,0,1,-1.09543485025642,0,0,0,0,0,0,0,0,0,0,,0,,,,,0,0.4,0.4
2018,REG,00-0033958,N.Peterman,Nathan Peterman,QB,QB,"https://static.www.nfl.com/image/private/f_auto,q_auto/league/owifll49p0mmsjgf7rhn",4,BUF,44,81,296,1,7,7,34,0,0,493,183,13,-45.0854822301945,0,0.600405679513185,-0.0456610572724898,10,50,1,0,0,4,2.23230786656495,0,0,0,0,0,0,0,0,0,0,,0,,,,,0,12.84,12.84
2018,REG,00-0033968,S.Coley,Stacy Coley,WR,WR,"https://static.www.nfl.com/image/private/f_auto,q_auto/league/yawmfaxmvob2piqusoji",1,MIN,0,0,0,0,0,0,0,0,0,0,0,0,,0,,,0,0,0,0,0,0,,0,0,1,0,0,0,0,9,0,0,-0.22384623857215,0,0.0,0.0208333333333333,0.0249307479224377,0.0487015235457064,0,0.0,0.0
2018,REG,00-0034011,D.Arnold,Dan Arnold,TE,TE,"https://static.www.nfl.com/image/private/f_auto,q_auto/league/wym2o0jlxcvswj3gy9kv",7,NO,0,0,0,0,0,0,0,0,0,0,0,0,,0,,,0,0,0,0,0,0,,0,12,19,150,1,1,0,205,30,9,-0.622278180394608,0,0.731707317073171,0.0917874396135266,0.122681029323758,0.223557879946921,0,21.0,33.0
2018,REG,00-0034052,B.Zylstra,Brandon Zylstra,WR,WR,"https://static.www.nfl.com/image/private/f_auto,q_auto/league/arx0mz7gc5dm0wfc5kfx",2,MIN,0,0,0,0,0,0,0,0,0,0,0,0,,0,,,0,0,0,0,0,0,,0,1,2,23,0,0,0,43,8,1,0.210618016135413,0,0.534883720930233,0.0285714285714286,0.0659509202453988,0.089022787028922,0,2.3,3.3
2018,REG,00-0034054,R.Cracraft,River Cracraft,WR,WR,"https://static.www.nfl.com/image/private/f_auto,q_auto/league/zd4y2ok3owqbqx6bvkpm",1,DEN,0,0,0,0,0,0,0,0,0,0,0,0,,0,,,0,0,0,0,0,0,,0,1,2,44,0,0,0,74,1,1,0.19508341816254,0,0.594594594594595,0.0425531914893617,0.212034383954155,0.212253856001951,0,4.4,5.4
2018,REG,00-0034064,C.Wadman,Colby Wadman,P,SPEC,"https://static.www.nfl.com/image/private/f_auto,q_auto/league/hlmh4uiswctg0tlo0yh1",1,DEN,1,1,12,0,0,0,0,0,0,-1,13,1,3.39373948145658,0,0.0,,0,0,0,0,0,0,,0,0,0,0,0,0,0,0,0,0,,0,,,,,0,0.48,0.48
2018,REG,00-0034073,R.Dwelley,Ross Dwelley,TE,TE,"https://static.www.nfl.com/image/private/f_auto,q_auto/league/wsqd1kbdbqratcxretm5",2,SF,0,0,0,0,0,0,0,0,0,0,0,0,,0,,,0,0,0,0,0,0,,0,2,2,14,0,0,0,13,1,0,0.581884334620554,0,1.07692307692308,0.0363636363636364,0.0385756676557864,0.081548421904505,0,1.4,3.4
2018,REG,00-0034101,M.Flanagan,Matt Flanagan,TE,TE,"https://static.www.nfl.com/image/private/f_auto,q_auto/league/hxj9ygsevktjzaq2twox",1,WAS,0,0,0,0,0,0,0,0,0,0,0,0,,0,,,0,0,0,0,0,0,,0,1,1,14,0,0,0,7,7,1,0.751324858749285,0,2.0,0.037037037037037,0.0265151515151515,0.0741161616161616,0,1.4,2.4
2018,REG,00-0034109,P.Lindsay,Phillip Lindsay,RB,RB,"https://static.www.nfl.com/image/private/f_auto,q_auto/league/soywd4cnq19pigrwabb5",15,DEN,0,0,0,0,0,0,0,0,0,0,0,0,,0,,,192,1037,9,0,0,49,6.05374885546831,0,35,47,241,1,0,0,-43,298,12,0.0563679914740289,0,-5.6046511627907,0.0961145194274029,-0.0135220125786164,0.134706370336073,0,187.8,222.8
2018,REG,00-0034115,J.Wilson,Jeffery Wilson,RB,RB,"https://static.www.nfl.com/image/private/f_auto,q_auto/league/zorqrtlrizlltgd6pnob",6,SF,0,0,0,0,0,0,0,0,0,0,0,0,,0,,,66,266,0,3,2,13,-16.1643541652978,0,12,15,98,0,0,0,0,97,5,-6.25279211293673,0,0.0,0.087719298245614,0.0,0.131578947368421,0,32.4,44.4
2018,REG,00-0034159,W.Dissly,Will Dissly,TE,TE,"https://static.www.nfl.com/image/private/f_auto,q_auto/league/pschkqimqisrbnzeo8iz",4,SEA,0,0,0,0,0,0,0,0,0,0,0,0,,0,,,0,0,0,0,0,0,,0,8,14,156,2,0,0,141,93,5,8.20029976495425,0,1.1063829787234,0.120689655172414,0.144467213114754,0.282161531938949,0,27.6,35.6
2018,REG,00-0034160,M.Dickson,Michael Dickson,P,SPEC,"https://static.www.nfl.com/image/private/f_auto,q_auto/league/neu0v3tjiszrmixnzguh",1,SEA,0,0,0,0,0,0,0,0,0,0,0,0,,0,,,1,9,0,0,0,1,2.14254428737331,0,0,0,0,0,0,0,0,0,0,,0,,,,,0,0.9,0.9
2018,REG,00-0034162,J.Scott,J.K. Scott,P,SPEC,"https://static.www.nfl.com/image/private/f_auto,q_auto/league/duw5ttww537bbjlm7bk2",1,GB,0,1,0,0,0,0,0,0,0,-2,0,0,-0.652180086064618,0,0.0,,0,0,0,0,0,0,,0,0,0,0,0,0,0,0,0,0,,0,,,,,0,0.0,0.0
2018,REG,00-0034164,T.Cannon,Trenton Cannon,RB,RB,"https://static.www.nfl.com/image/private/f_auto,q_auto/league/hkpxcipgs7jtgdwpkjel",11,NYJ,0,0,0,0,0,0,0,0,0,0,0,0,,0,,,38,113,1,0,0,7,-7.08269978209864,0,17,25,144,0,0,0,157,118,4,-9.50453622715147,0,0.917197452229299,0.0714285714285714,0.048894425412644,0.141368954931708,0,31.7,48.7
2018,REG,00-0034179,R.Greene,Raven Greene,FS,DB,"https://static.www.nfl.com/image/private/f_auto,q_auto/league/xkdclbkqqd47mz97fizd",1,GB,0,0,0,0,0,0,0,0,0,0,0,0,,0,,,1,26,0,0,0,1,4.05928791430779,0,0,0,0,0,0,0,0,0,0,,0,,,,,0,2.6,2.6
2018,REG,00-0034184,G.Edwards,Gus Edwards,RB,RB,"https://static.www.nfl.com/image/private/f_auto,q_auto/league/tvxpivjku1lbpf7tfafl",11,BAL,0,0,0,0,0,0,0,0,0,0,0,0,,0,,,137,718,2,0,0,37,12.2281713738921,1,2,2,20,0,0,0,3,17,1,1.25706357596209,0,6.66666666666667,0.0303030303030303,0.0071599045346062,0.0504664786287698,0,87.8,89.8
2018,REG,00-0034201,D.Turner,De'Lance Turner,RB,RB,"https://static.www.nfl.com/image/private/f_auto,q_auto/league/eyoauplfm4yffbfu9ijf",2,BAL,0,0,0,0,0,0,0,0,0,0,0,0,,0,,,1,4,0,0,0,0,-0.0616620066575706,0,2,2,17,0,0,0,3,14,0,0.822040078230202,0,5.66666666666667,0.0206185567010309,0.0065359477124183,0.0355029984502392,0,2.1,4.1
2018,REG,00-0034208,M.Boone,Mike Boone,RB,RB,"https://static.www.nfl.com/image/private/f_auto,q_auto/league/rcrpzluchltmk9stwtfc",6,MIN,0,0,0,0,0,0,0,0,0,0,0,0,,0,,,11,47,0,0,0,2,-1.96532021899475,0,2,3,1,0,0,0,-2,5,0,-2.26100938720629,0,-0.5,0.020979020979021,-0.0019455252918287,0.0301066637642513,0,4.8,6.8
2018,REG,00-0034221,R.Thomas,Roc Thomas,RB,RB,"https://static.www.nfl.com/image/private/f_auto,q_auto/league/tlhpjc9tui7j6zfxoyfm",5,MIN,0,0,0,0,0,0,0,0,0,0,0,0,,0,,,8,30,0,0,0,2,-1.40164341870695,0,2,4,21,0,0,0,8,12,0,-2.17885789834071,0,2.625,0.0317460317460317,0.0099502487562189,0.0545842217484009,0,5.1,7.1
2018,REG,00-0034253,D.Hilliard,Dontrell Hilliard,RB,RB,"https://static.www.nfl.com/image/private/f_auto,q_auto/league/ukhyslngeuojxkjqfq9f",6,CLE,0,1,0,0,1,0,0,0,0,12,0,0,-6.4183683572337,0,0.0,,0,0,0,0,0,0,,0,9,10,105,0,0,0,19,90,4,2.69975514215184,0,5.52631578947368,0.0505050505050505,0.0158333333333333,0.0868409090909091,0,8.5,17.5
2018,REG,00-0034258,D.Willies,Derrick Willies,WR,WR,"https://static.www.nfl.com/image/private/f_auto,q_auto/league/rmioj9lqsbhzgojtsq0u",1,CLE,0,0,0,0,0,0,0,0,0,0,0,0,,0,,,0,0,0,0,0,0,,0,3,5,61,0,1,0,57,32,2,0.732745485031046,0,1.07017543859649,0.119047619047619,0.139364303178484,0.276126440796367,0,6.1,9.1
2018,REG,00-0034268,J.Moore,J'Mon Moore,WR,WR,"https://static.www.nfl.com/image/private/f_auto,q_auto/league/x812ydgnxirh4jsanqm9",2,GB,0,0,0,0,0,0,0,0,0,0,0,0,,0,,,0,0,0,0,0,0,,0,2,3,15,0,0,0,19,6,1,-0.487624218745623,0,0.789473684210526,0.0375,0.0253671562082777,0.0740070093457944,0,1.5,3.5
2018,REG,00-0034270,T.Conklin,Tyler Conklin,TE,TE,"https://static.www.nfl.com/image/private/f_auto,q_auto/league/fwuvfpsd7hbtqwlcxtn7",4,MIN,0,0,0,0,0,0,0,0,0,0,0,0,,0,,,0,0,0,0,0,0,,0,5,7,77,0,0,0,59,31,3,4.12036607041955,0,1.30508474576271,0.049645390070922,0.0852601156069364,0.134150166031238,0,7.7,12.7
2018,REG,00-0034272,M.Valdes-Scantling,Marquez Valdes-Scantling,WR,WR,"https://static.www.nfl.com/image/private/f_auto,q_auto/league/zk2f2ivzdssgoaamf57u",15,GB,0,0,0,0,0,0,0,0,0,0,0,0,,0,,,2,29,0,0,0,2,2.37189962761477,0,38,73,581,2,0,0,889,213,23,8.19409325393022,0,0.653543307086614,0.126079447322971,0.172587847019996,0.309930663898453,0,73.0,111.0
2018,REG,00-0034273,D.Ratley,Damion Ratley,WR,WR,"https://static.www.nfl.com/image/private/f_auto,q_auto/league/yafh5dzxcfpwqwrirmdd",5,CLE,0,0,0,0,0,0,0,0,0,0,0,0,,0,,,0,0,0,0,0,0,,0,13,20,144,0,0,0,227,51,5,1.26952128735138,0,0.634361233480176,0.104166666666667,0.132361516034985,0.24890306122449,0,14.4,27.4
2018,REG,00-0034279,E.St. Brown,Equanimeous St. Brown,WR,WR,"https://static.www.nfl.com/image/private/f_auto,q_auto/league/rjtjvrencwsi1xlxnfll",11,GB,0,0,0,0,0,0,0,0,0,0,0,0,,0,,,1,5,0,0,0,0,0.106286253780127,0,21,36,328,0,0,0,505,120,13,10.2668455718471,0,0.64950495049505,0.0863309352517986,0.135643298415257,0.224446711768377,0,33.3,54.3
2018,REG,00-0034286,R.James,Richie James,WR,WR,"https://static.www.nfl.com/image/private/f_auto,q_auto/league/qusoivtzbud2wl0spptz",7,SF,0,0,0,0,0,0,0,0,0,0,0,0,,0,,,0,0,0,0,0,0,,0,9,14,130,1,0,0,56,101,4,-4.70016699560802,0,2.32142857142857,0.0639269406392694,0.0475785896346644,0.129195423703169,1,25.0,34.0
2018,REG,00-0034301,D.Williams,Darrel Williams,RB,RB,"https://static.www.nfl.com/image/private/f_auto,q_auto/league/qloiwle7db59cznhqhub",3,KC,0,0,0,0,0,0,0,0,0,0,0,0,,0,,,13,44,0,0,0,3,-0.127702610217966,0,3,3,27,1,0,0,-7,34,1,2.69999934214866,0,-3.85714285714286,0.0365853658536585,-0.0121739130434783,0.046356309650053,0,13.1,16.1
2018,REG,00-0034309,C.Beebe,Chad Beebe,WR,WR,"https://static.www.nfl.com/image/private/f_auto,q_auto/league/dd7cmld2lqxgqnizif4p",2,MIN,0,0,0,0,0,0,0,0,0,0,0,0,,0,,,0,0,0,0,0,0,,0,4,4,39,0,0,0,27,12,3,3.8470143036684,0,1.44444444444444,0.0597014925373134,0.0537848605577689,0.127201641196408,0,3.9,7.9
2018,REG,00-0034317,K.Kirkwood,Keith Kirkwood,WR,WR,"https://static.www.nfl.com/image/private/f_auto,q_auto/league/iedau8bt7wngc8mxfd9h",7,NO,0,0,0,0,0,0,0,0,0,0,0,0,,0,,,0,0,0,0,0,0,,0,13,21,209,2,0,0,288,49,10,10.9835375818657,0,0.725694444444445,0.0985915492957746,0.169911504424779,0.266825377041007,0,32.9,45.9
2018,REG,00-0034331,J.Samuels,Jaylen Samuels,RB,RB,"https://static.www.nfl.com/image/private/f_auto,q_auto/league/stceem3dtyjhdlqlaqxn",9,PIT,0,0,0,0,0,0,0,0,0,0,0,0,,0,,,56,256,0,0,0,13,-2.53420423396165,0,26,29,199,3,0,0,2,215,10,15.1770720823792,0,99.5,0.0986394557823129,0.0009220839096357,0.148604642410214,0,63.5,89.5
2018,REG,00-0034339,T.Quinn,Trey Quinn,WR,WR,"https://static.www.nfl.com/image/private/f_auto,q_auto/league/ln6e9abuw9gjvaqjwltw",2,WAS,0,0,0,0,0,0,0,0,0,0,0,0,,0,,,1,0,0,0,0,0,-0.571938121458516,0,9,10,75,1,0,0,73,17,5,0.257432613288984,0,1.02739726027397,0.135135135135135,0.0989159891598916,0.271943895114627,0,13.5,22.5
2018,REG,00-0034343,J.Rosen,Josh Rosen,QB,QB,"https://static.www.nfl.com/image/private/f_auto,q_auto/league/nqycxzi8tkcyauk55mj8",14,ARI,217,393,2278,11,14,45,320,7,5,3262,977,112,-151.685711663505,1,0.698344573881055,-0.0180828407593466,23,138,0,3,0,8,3.88255398759364,0,0,0,0,0,0,0,0,0,0,,0,,,,,0,112.92,112.92
2018,REG,00-0034348,C.Sutton,Courtland Sutton,WR,WR,"https://static.www.nfl.com/image/private/f_auto,q_auto/league/uusaguvnkfv2gt7goale",16,DEN,0,0,0,0,0,0,0,0,0,0,0,0,,0,,,1,-1,0,0,0,0,-0.84205629536882,0,42,84,704,4,0,0,1178,163,30,15.6340852299224,0,0.597623089983022,0.148936170212766,0.274720149253731,0.415708359796761,0,94.3,136.3
2018,REG,00-0034349,K.Johnson,Kerryon Johnson,RB,RB,"https://static.www.nfl.com/image/private/f_auto,q_auto/league/tmqxfjwvjlcfacertjqp",10,DET,0,0,0,0,0,0,0,0,0,0,0,0,,0,,,118,641,3,1,1,32,-2.24279495292173,0,32,39,213,1,0,0,-24,267,11,6.50738682206164,0,-8.875,0.10655737704918,-0.0092236740968485,0.153379493705976,0,107.4,139.4
2018,REG,00-0034351,D.Goedert,Dallas Goedert,TE,TE,"https://static.www.nfl.com/image/private/f_auto,q_auto/league/flzasty1ea7iswbtd0e5",14,PHI,0,0,0,0,0,0,0,0,0,0,0,0,,0,,,0,0,0,0,0,0,,0,33,44,334,4,0,0,328,170,15,12.0187215289625,0,1.01829268292683,0.0876494023904383,0.0874200426439233,0.192668133436404,0,57.4,90.4
2018,REG,00-0034353,A.Miller,Anthony Miller,WR,WR,"https://static.www.nfl.com/image/private/f_auto,q_auto/league/t7d2vuwwmbpasriplvg6",14,CHI,1,1,8,0,0,0,0,0,0,-6,14,1,1.58132293622475,0,0.0,,6,26,0,1,0,0,0.140340416575782,0,33,54,423,7,0,0,604,170,19,22.691120689358,0,0.700331125827815,0.127358490566038,0.160766569071067,0.303574334198804,0,87.22,120.22
2018,REG,00-0034364,J.Akins,Jordan Akins,TE,TE,"https://static.www.nfl.com/image/private/f_auto,q_auto/league/fgkl9zfpy2yxrkxfge84",13,HOU,0,0,0,0,0,0,0,0,0,0,0,0,,0,,,0,0,0,0,0,0,,0,17,25,225,0,0,0,172,123,11,12.197761485877,0,1.30813953488372,0.0589622641509434,0.0472138347515784,0.12149308055252,0,22.5,39.5
2018,REG,00-0034365,I.Thomas,Ian Thomas,TE,TE,"https://static.www.nfl.com/image/private/f_auto,q_auto/league/zhmboki1lwndau686wlv",10,CAR,0,0,0,0,0,0,0,0,0,0,0,0,,0,,,0,0,0,0,0,0,,0,36,49,333,2,0,0,303,158,20,-1.01919216015779,0,1.0990099009901,0.139204545454545,0.110462996718921,0.286130915885063,0,45.3,81.3
2018,REG,00-0034366,K.Coutee,Keke Coutee,WR,WR,"https://static.www.nfl.com/image/private/f_auto,q_auto/league/b63h388y8kzvntk6tuqx",6,HOU,0,0,0,0,0,0,0,0,0,0,0,0,,0,,,3,0,0,0,0,0,-2.02661232691025,0,28,41,287,1,0,0,208,210,13,2.21720913467023,0,1.37980769230769,0.227777777777778,0.151272727272727,0.447557575757576,0,34.7,62.7
2018,REG,00-0034367,N.Hines,Nyheim Hines,RB,RB,"https://static.www.nfl.com/image/private/f_auto,q_auto/league/lgpfurgix754r54hvas4",16,IND,0,0,0,0,0,0,0,0,0,0,0,0,,0,,,85,314,2,1,0,17,-12.3272796114204,0,63,81,425,2,0,0,167,349,29,0.73361505781103,0,2.54491017964072,0.127760252365931,0.0347265543772094,0.215948966612943,0,97.9,160.9
2018,REG,00-0034369,K.Lauletta,Kyle Lauletta,QB,QB,"https://static.www.nfl.com/image/private/f_auto,q_auto/league/pp8tdknrv8r1cmq1rgkf",1,NYG,0,5,0,0,1,0,0,0,0,76,0,0,-6.70542445906904,0,0.0,-0.198197547213406,1,-2,0,0,0,0,-1.81398891989375,0,0,0,0,0,0,0,0,0,0,,0,,,,,0,-2.2,-2.2
2018,REG,00-0034370,D.Hamilton,DaeSean Hamilton,WR,WR,"https://static.www.nfl.com/image/private/f_auto,q_auto/league/thfspx6c8befeosbsj1b",8,DEN,0,0,0,0,0,0,0,0,0,0,0,0,,0,,,0,0,0,0,0,0,,0,30,46,243,2,0,0,397,67,16,6.31809890555451,0,0.612090680100756,0.146031746031746,0.174199210179903,0.340987066173551,0,36.3,66.3
2018,REG,00-0034378,I.Smith,Ito Smith,RB,RB,"https://static.www.nfl.com/image/private/f_auto,q_auto/league/dh6fxo1jdenrkgcwdpib",13,ATL,0,0,0,0,0,0,0,0,0,0,0,0,,0,,,90,315,4,1,0,18,-16.0366029524303,0,27,32,152,0,0,0,-8,160,9,6.20306399396532,0,-19.0,0.0645161290322581,-0.0020947892118355,0.0953078411001022,0,70.7,97.7
2018,REG,00-0034383,D.Schultz,Dalton Schultz,TE,TE,"https://static.www.nfl.com/image/private/f_auto,q_auto/league/lhplapyya8pp3yyz8bht",7,DAL,0,0,0,0,0,0,0,0,0,0,0,0,,0,,,0,0,0,0,0,0,,0,12,17,116,0,0,0,70,66,6,3.73630604124628,0,1.65714285714286,0.0648854961832061,0.0341296928327645,0.121219029257744,0,11.6,23.6
2018,REG,00-0034386,J.Watson,Justin Watson,WR,WR,"https://static.www.nfl.com/image/private/f_auto,q_auto/league/vr9tayyujt23takv3hv3",3,TB,0,0,0,0,0,0,0,0,0,0,0,0,,0,,,0,0,0,0,0,0,,0,1,3,5,0,0,0,15,0,0,-1.89102562982589,0,0.333333333333333,0.0267857142857143,0.0122149837133551,0.04872906002792,0,0.5,1.5
2018,REG,00-0034389,D.Cruikshank,Dane Cruikshank,SS,DB,"https://static.www.nfl.com/image/private/f_auto,q_auto/league/lnq0ypzkle8qqwbtbqr3",1,TEN,0,0,0,0,0,0,0,0,0,0,0,0,,0,,,0,0,0,0,0,0,,0,1,1,66,1,0,0,17,49,1,7.64647103147581,0,3.88235294117647,0.0476190476190476,0.139344262295082,0.168969555035129,0,12.6,13.6
2018,REG,00-0034400,J.Wilkins,Jordan Wilkins,RB,RB,"https://static.www.nfl.com/image/private/f_auto,q_auto/league/ltz7ffp0fnywwhcm2d3z",13,IND,0,0,0,0,0,0,0,0,0,0,0,0,,0,,,60,336,1,0,0,15,4.88619958869128,0,16,17,85,0,2,2,-25,105,2,-11.3515088566953,0,-3.4,0.0408653846153846,-0.0109361329833771,0.053642783834713,0,44.1,60.1
2018,REG,00-0034407,R.McCloud,Ray-Ray McCloud,WR,WR,"https://static.www.nfl.com/image/upload/f_auto,q_auto/league/k3ykgsntuqdb0nl4grxk",7,BUF,0,0,0,0,0,0,0,0,0,0,0,0,,0,,,2,4,0,0,0,0,-0.988204714434687,0,5,6,36,0,0,0,13,28,2,-0.571500487974845,0,2.76923076923077,0.032967032967033,0.0096082779009608,0.056176343981222,0,4.0,9.0
2018,REG,00-0034411,R.Gage,Russell Gage,WR,WR,"https://static.www.nfl.com/image/private/f_auto,q_auto/league/lkqhshv0dss1b9c6mdnj",5,ATL,0,0,0,0,0,0,0,0,0,0,0,0,,0,,,0,0,0,0,0,0,,0,6,10,63,0,0,0,105,19,2,3.91392369789537,0,0.6,0.0578034682080925,0.0648148148148148,0.132075572682509,0,6.3,12.3
2018,REG,00-0034420,J.Thomas,Jordan Thomas,TE,TE,"https://static.www.nfl.com/image/private/f_auto,q_auto/league/lhqymyl9yfmt9gfqb0ro",14,HOU,0,0,0,0,0,0,0,0,0,0,0,0,,0,,,0,0,0,0,0,0,,0,20,27,215,4,0,0,162,95,12,15.3326716418443,0,1.32716049382716,0.0630841121495327,0.0436304874764342,0.125167509457803,0,45.5,65.5
2018,REG,00-0034426,J.Wims,Javon Wims,WR,WR,"https://static.www.nfl.com/image/private/f_auto,q_auto/league/yz9qgdgesqc9nbkv832p",2,CHI,0,0,0,0,0,0,0,0,0,0,0,0,,0,,,0,0,0,0,0,0,,0,4,5,32,0,0,0,34,2,2,2.233539526409,0,0.941176470588235,0.0961538461538462,0.0675944333996024,0.191546872610491,0,3.2,7.2
2018,REG,00-0034427,Da.Williams,Dave Williams,RB,RB,"https://static.www.nfl.com/image/private/f_auto,q_auto/league/ljq6ab6ehmjwvcq2knbv",3,JAX,0,0,0,0,0,0,0,0,0,0,0,0,,0,,,8,36,0,0,0,3,-0.514118921128102,0,0,0,0,0,0,0,0,0,0,,0,,,,,0,3.6,3.6
2018,REG,00-0034437,L.Cooke,Logan Cooke,P,SPEC,"https://static.www.nfl.com/image/private/f_auto,q_auto/league/astihomof3sdg2cxocfx",1,JAX,1,1,4,0,0,0,0,0,0,-4,8,1,2.74486949911807,0,0.0,,0,0,0,0,0,0,,0,0,0,0,0,0,0,0,0,0,,0,,,,,0,0.16,0.16
2018,REG,00-0034440,J.Jackson,Justin Jackson,RB,RB,"https://static.www.nfl.com/image/private/f_auto,q_auto/league/n7pvb1trbn9rtttlw7df",8,LAC,0,0,0,0,0,0,0,0,0,0,0,0,,0,,,50,206,2,0,0,14,-3.45939445044496,0,15,19,135,0,0,0,-19,152,5,5.44388302707211,0,-7.10526315789474,0.102702702702703,-0.0129251700680272,0.145006435006435,0,46.1,61.1
2018,REG,00-0034457,J.Adams,Josh Adams,RB,RB,"https://static.www.nfl.com/image/private/f_auto,q_auto/league/ppc3a6qvlxjxmkwxbphn",12,PHI,0,0,0,0,0,0,0,0,0,0,0,0,,0,,,120,511,3,1,1,23,-23.5732085226921,1,7,13,58,0,0,0,-9,65,3,-1.30760722281411,0,-6.44444444444445,0.0634146341463415,-0.0085470085470085,0.0891390452366062,0,74.9,81.9
2018,REG,00-0034473,D.Gardeck,Dennis Gardeck,OLB,LB,"https://static.www.nfl.com/image/private/f_auto,q_auto/league/apa15w67lwuxt4ucnqhc",1,ARI,0,0,0,0,0,0,0,0,0,0,0,0,,0,,,0,0,0,0,0,0,,0,0,0,0,0,0,0,0,0,0,,0,,,,,1,6.0,6.0
2018,REG,00-0034487,T.Sherfield,Trent Sherfield,WR,WR,"https://static.www.nfl.com/image/private/f_auto,q_auto/league/tbs4dvo8vdagznshsw7l",7,ARI,0,0,0,0,0,0,0,0,0,0,0,0,,0,,,0,0,0,0,0,0,,0,19,28,210,1,0,0,315,38,11,5.98865179452318,0,0.666666666666667,0.14,0.18,0.336,0,27.0,46.0
2018,REG,00-0034489,J.Tolliver,Jalen Tolliver,WR,WR,"https://static.www.nfl.com/image/private/f_auto,q_auto/league/eghpk65s1q2vczdf9gry",3,ARI,0,0,0,0,0,0,0,0,0,0,0,0,,0,,,0,0,0,0,0,0,,0,3,6,37,0,0,0,83,14,3,-0.453580752538983,0,0.445783132530121,0.0560747663551402,0.0934684684684685,0.149540077460638,0,3.7,6.7
2018,REG,00-0034499,J.Davis,Jawill Davis,WR,WR,"https://static.www.nfl.com/image/private/f_auto,q_auto/league/ovxnuaqurfd2nccer8is",3,NYG,0,0,0,0,0,0,0,0,0,0,0,0,,0,,,0,0,0,0,0,0,,0,4,8,40,0,0,0,127,4,3,1.09695875108605,0,0.31496062992126,0.0645161290322581,0.12426614481409,0.18376049491825,0,4.0,8.0
2018,REG,00-0034509,K.Ford,Keith Ford,RB,RB,"https://static.www.nfl.com/image/private/f_auto,q_auto/league/tagamx47ebjwvjjk9zuw",2,BUF,0,0,0,0,0,0,0,0,0,0,0,0,,0,,,21,79,0,0,0,4,-2.32869390264386,0,3,5,21,0,0,0,-9,22,1,0.0024783218977972,0,-2.33333333333333,0.0793650793650794,-0.0106257378984652,0.111609602518693,0,10.0,13.0
2018,REG,00-0034510,R.Foster,Robert Foster,WR,WR,"https://static.www.nfl.com/image/private/f_auto,q_auto/league/fmcyiy4oxx9soub8zbui",11,BUF,0,0,0,0,0,0,0,0,0,0,0,0,,0,,,0,0,0,0,0,0,,0,27,44,541,3,0,0,906,167,20,36.3786863288242,0,0.597130242825607,0.141025641025641,0.259450171821306,0.393153581813376,0,72.1,99.1
2018,REG,00-0034512,C.Phillips,Cam Phillips,WR,WR,"https://static.www.nfl.com/image/private/f_auto,q_auto/league/bcflijys3gae61fdmfv2",1,BUF,0,0,0,0,0,0,0,0,0,0,0,0,,0,,,0,0,0,0,0,0,,0,1,1,9,0,0,0,2,7,0,0.351852047955617,0,4.5,0.025,0.0048192771084337,0.0408734939759036,0,0.9,1.9
2018,REG,00-0034521,A.Lazard,Allen Lazard,WR,WR,"https://static.www.nfl.com/image/private/f_auto,q_auto/league/blrzk3bfnpneuyhsqiqg",1,GB,0,0,0,0,0,0,0,0,0,0,0,0,,0,,,0,0,0,0,0,0,,0,1,1,7,0,0,0,7,0,0,0.325885926838964,0,1.0,0.0277777777777778,0.0184696569920844,0.0545954265611258,0,0.7,1.7
2018,REG,00-0034532,J.Franks,Jordan Franks,TE,TE,"https://static.www.nfl.com/image/private/f_auto,q_auto/league/xlsa8rdfaysafmfyjy7m",3,CIN,0,0,0,0,0,0,0,0,0,0,0,0,,0,,,0,0,0,0,0,0,,0,2,3,37,0,0,0,46,14,1,-2.04143729014322,0,0.804347826086957,0.0288461538461538,0.0914512922465209,0.107285135341795,0,3.7,5.7
2018,REG,00-0034560,J.Jones,J.J. Jones,WR,WR,"https://static.www.nfl.com/image/private/f_auto,q_auto/league/uvfhpfx8uvtyj50b8lpy",2,NYJ,0,0,0,0,0,0,0,0,0,0,0,0,,0,,,1,0,0,0,0,0,-0.752660874277353,0,1,1,3,0,0,0,2,1,0,-0.623894653865136,0,1.5,0.0357142857142857,0.0065359477124183,0.0581465919701214,0,0.3,1.3
2018,REG,00-0034565,D.Newsome,Detrez Newsome,RB,RB,"https://static.www.nfl.com/image/private/f_auto,q_auto/league/nxw9d9uxbh2qsyle689j",3,LAC,0,0,0,0,0,0,0,0,0,0,0,0,,0,,,11,49,0,0,0,3,1.20603345270501,0,2,2,19,0,0,0,0,19,2,1.55853448819835,0,0.0,0.0526315789473684,,,0,6.8,8.8
2018,REG,00-0034577,K.Allen,Kyle Allen,QB,QB,"https://static.www.nfl.com/image/private/f_auto,q_auto/league/rvf9rnbqajlniortukeq",2,CAR,20,31,266,2,0,0,0,0,0,243,92,11,13.0936192231719,0,1.09465020576132,0.251494113323967,5,19,1,0,0,2,1.64399372815387,0,0,0,0,0,0,0,0,0,0,,0,,,,,0,26.54,26.54
2018,REG,00-0034593,C.Lacy,Chris Lacy,WR,WR,"https://static.www.nfl.com/image/private/f_auto,q_auto/league/aopxp9h0dbs4beiar23d",1,DET,0,0,0,0,0,0,0,0,0,0,0,0,,0,,,0,0,0,0,0,0,,0,0,1,0,0,0,0,9,0,0,-0.495241051656194,0,0.0,0.0303030303030303,0.0422535211267606,0.0750320102432779,0,0.0,0.0
2018,REG,00-0034621,S.Wilson,Shaun Wilson,RB,RB,"https://static.www.nfl.com/image/private/f_auto,q_auto/league/i623ykztphsbp6cnw5b3",5,TB,0,0,0,0,0,0,0,0,0,0,0,0,,0,,,6,29,0,0,0,0,-0.281086342874914,0,3,5,5,0,0,0,24,5,0,-8.19556235778146,0,0.208333333333333,0.054945054945055,0.0243161094224924,0.0994388590133271,0,3.4,6.4
2018,REG,00-0034631,V.Smith,Vyncint Smith,WR,WR,"https://static.www.nfl.com/image/private/f_auto,q_auto/league/jjwvixdxj0lapvuqwbz9",4,HOU,0,0,0,0,0,0,0,0,0,0,0,0,,0,,,0,0,0,0,0,0,,0,5,10,91,1,0,0,193,6,3,3.39147336405586,0,0.471502590673575,0.0680272108843538,0.131920710868079,0.194385313934186,0,15.1,20.1
2018,REG,00-0034646,B.Powell,Brandon Powell,WR,WR,"https://static.www.nfl.com/image/private/f_auto,q_auto/league/cqtogvopabvi3gcuaosi",4,DET,0,0,0,0,0,0,0,0,0,0,0,0,,0,,,1,4,0,0,0,0,0.0214007119648159,0,11,17,129,0,0,0,57,115,6,3.84568886501853,0,2.26315789473684,0.117241379310345,0.0533707865168539,0.213221619527315,0,13.3,24.3
2018,REG,00-0034652,C.Batson,Cameron Batson,WR,WR,"https://static.www.nfl.com/image/private/f_auto,q_auto/league/pow47zamr7jdcca5ibsl",6,TEN,0,0,0,0,0,0,0,0,0,0,0,0,,0,,,1,1,0,0,0,1,-0.166837275028229,0,8,11,82,0,0,0,73,54,5,-1.95068209909368,0,1.12328767123288,0.0654761904761905,0.0920554854981084,0.162653125562962,0,8.3,16.3
2018,REG,00-0034653,D.Burnett,Deontay Burnett,WR,WR,"https://static.www.nfl.com/image/private/f_auto,q_auto/league/iyteeepnw4u0hssvjzxe",5,NYJ,0,0,0,0,0,0,0,0,0,0,0,0,,0,,,0,0,0,0,0,0,,0,10,15,143,0,0,0,162,25,7,6.02926789934281,0,0.882716049382716,0.0898203592814371,0.0959715639810427,0.201910633708886,0,14.3,24.3
2018,REG,00-0034676,J.Washington,James Washington,WR,WR,"https://static.www.nfl.com/image/private/f_auto,q_auto/league/z5svt5lojqlibpxitvty",12,PIT,0,0,0,0,0,0,0,0,0,0,0,0,,0,,,0,0,0,0,0,0,,0,16,38,217,1,0,0,640,53,10,2.99147429496928,0,0.3390625,0.0716981132075472,0.157286802654215,0.217647931669271,0,27.7,43.7
2018,REG,00-0034679,M.Walton,Mark Walton,HB,RB,"https://static.www.nfl.com/image/private/f_auto,q_auto/league/bagm3hmxx07fqbe2xumb",6,CIN,0,0,0,0,0,0,0,0,0,0,0,0,,0,,,14,34,0,0,0,5,-5.59314677864313,0,5,8,41,0,0,0,-11,48,1,1.72965942439623,0,-3.72727272727273,0.0776699029126214,-0.0130641330166271,0.107359961257293,0,7.5,12.5
2018,REG,00-0034681,C.Edmonds,Chase Edmonds,RB,RB,"https://static.www.nfl.com/image/private/f_auto,q_auto/league/y0u4btecdge4tsun4p2h",16,ARI,0,0,0,0,0,0,0,0,0,0,0,0,,0,,,60,208,2,1,0,14,-6.44641947656055,0,20,23,103,0,0,0,-11,121,5,-4.00502697716001,0,-9.36363636363636,0.0827338129496403,-0.0047598442232799,0.120768828468164,0,43.1,63.1
2018,REG,00-0034684,J.Townsend,Johnny Townsend,P,SPEC,"https://static.www.nfl.com/image/private/f_auto,q_auto/league/pezzfoj9b38mi0irh4e0",1,LV,0,0,0,0,0,0,0,0,0,0,0,0,,0,,,1,42,0,0,0,1,5.2464910276467,0,0,0,0,0,0,0,0,0,0,,0,,,,,0,4.2,4.2
2018,REG,00-0034686,A.Tate,Auden Tate,WR,WR,"https://static.www.nfl.com/image/private/f_auto,q_auto/league/gp64utjveglpbit53u3t",4,CIN,0,0,0,0,0,0,0,0,0,0,0,0,,0,,,0,0,0,0,0,0,,0,4,12,35,0,0,0,122,2,2,-6.88572828308679,0,0.286885245901639,0.0952380952380952,0.107205623901582,0.21790107958825,0,3.5,7.5
2018,REG,00-0034710,D.Kidsy,Darvin Kidsy,WR,WR,"https://static.www.nfl.com/image/private/f_auto,q_auto/league/grfutadlsiyk3c8n7u8y",1,WAS,0,0,0,0,0,0,0,0,0,0,0,0,,0,,,0,0,0,0,0,0,,0,1,2,8,0,0,0,18,2,1,1.99395884235855,0,0.444444444444444,0.0740740740740741,0.0681818181818182,0.158838383838384,0,0.8,1.8
2018,REG,00-0034721,C.Bojorquez,Corey Bojorquez,P,SPEC,"https://static.www.nfl.com/image/private/f_auto,q_auto/league/eiuli9dmspe6d4cwwa00",2,BUF,0,1,0,0,0,0,0,0,0,-8,0,0,-2.96383269835496,0,0.0,,1,0,0,1,0,0,-4.05668431863887,0,0,0,0,0,0,0,0,0,0,,0,,,,,0,0.0,0.0
2018,REG,00-0034747,M.Ateman,Marcell Ateman,WR,WR,"https://static.www.nfl.com/image/private/f_auto,q_auto/league/q5cbbfy8hxkcx7jwb7ve",6,LV,0,0,0,0,0,0,0,0,0,0,0,0,,0,,,0,0,0,0,0,0,,0,15,31,154,1,0,0,339,31,7,-1.63327763405222,0,0.454277286135693,0.158974358974359,0.207339449541284,0.383599153140438,0,21.4,36.4
2018,REG,00-0034750,R.Penny,Rashaad Penny,RB,RB,"https://static.www.nfl.com/image/private/f_auto,q_auto/league/mwvzwst6cfcwifblqtsj",12,SEA,0,0,0,0,0,0,0,0,0,0,0,0,,0,,,85,419,2,0,0,18,-2.7845633905963,0,9,12,75,0,0,0,6,73,3,-7.34244807233336,0,12.5,0.0952380952380952,0.0055350553505535,0.14673168160253,0,61.4,70.4
2018,REG,00-0034751,J.Jackson,Josh Jackson,CB,DB,"https://static.www.nfl.com/image/private/f_auto,q_auto/league/cdhgtve6ofjjbjqxzmfl",1,GB,0,0,0,0,0,0,0,0,0,0,0,0,,0,,,0,0,0,0,0,0,,0,0,0,0,0,0,0,0,0,0,,0,,,,,1,6.0,6.0
2018,REG,00-0034753,M.Andrews,Mark Andrews,TE,TE,"https://static.www.nfl.com/image/private/f_auto,q_auto/league/cv7h66mkpoalli9wfdqp",16,BAL,0,0,0,0,0,0,0,0,0,0,0,0,,0,,,0,0,0,0,0,0,,0,34,50,552,3,0,0,531,193,28,38.7602265539754,0,1.03954802259887,0.0927643784786642,0.111978068325601,0.217531215545917,0,73.2,107.2
2018,REG,00-0034764,M.Gallup,Michael Gallup,WR,WR,"https://static.www.nfl.com/image/private/f_auto,q_auto/league/tt9xpcg4x2z3osc1fcq6",15,DAL,0,0,0,0,0,0,0,0,0,0,0,0,,0,,,0,0,0,0,0,0,,0,33,68,507,2,0,0,957,173,21,7.64978212995769,1,0.529780564263323,0.1419624217119,0.264291632145816,0.397947775069921,0,64.7,97.7
2018,REG,00-0034765,T.Smith,Tre'Quan Smith,WR,WR,"https://static.www.nfl.com/image/private/f_auto,q_auto/league/w0fqbjft1n3akkw7o6jc",13,NO,0,0,0,0,0,0,0,0,0,0,0,0,,0,,,0,0,0,0,0,0,,0,28,44,427,5,0,0,517,116,23,23.723057524825,0,0.825918762088975,0.106537530266344,0.170009865175929,0.278813201022666,0,72.7,100.7
2018,REG,00-0034766,C.Herndon,Christopher Herndon,TE,TE,"https://static.www.nfl.com/image/private/f_auto,q_auto/league/orypxaqv1ux3nbqssqqx",14,NYJ,0,0,0,0,0,0,0,0,0,0,0,0,,0,,,0,0,0,0,0,0,,0,39,56,502,4,1,0,596,177,25,13.9466511823703,0,0.842281879194631,0.120950323974082,0.142277393172595,0.28101966118194,0,74.2,113.2
2018,REG,00-0034772,A.Callaway,Antonio Callaway,WR,WR,"https://static.www.nfl.com/image/private/f_auto,q_auto/league/qebxtrpadsvtqkgvfy2u",16,CLE,0,0,0,0,0,0,0,0,0,0,0,0,,0,,,2,7,0,0,0,1,-0.319568046485074,0,43,79,586,5,1,1,1093,236,27,-13.0313749278062,1,0.536139066788655,0.141831238779174,0.205296769346356,0.356454596711211,0,89.3,132.3
2018,REG,00-0034775,C.Kirk,Christian Kirk,WR,WR,"https://static.www.nfl.com/image/private/f_auto,q_auto/league/ersmmtjmjlpsy9lmjvde",12,ARI,0,0,0,0,0,0,0,0,0,0,0,0,,0,,,3,35,0,0,0,2,2.57381007005461,0,43,68,590,3,0,0,654,225,21,10.163901698601,0,0.902140672782875,0.204204204204204,0.250863060989643,0.481910448999057,0,80.5,123.5
2018,REG,00-0034777,D.Chark,D.J. Chark,WR,WR,"https://static.www.nfl.com/image/private/f_auto,q_auto/league/bn5lxiv1cyyidlhkth84",10,JAX,0,0,0,0,0,0,0,0,0,0,0,0,,0,,,0,0,0,0,0,0,,0,14,32,174,0,1,1,314,45,6,-12.559183318275,0,0.554140127388535,0.0869565217391304,0.130942452043369,0.222094499039054,0,15.4,29.4
2018,REG,00-0034791,N.Chubb,Nick Chubb,RB,RB,"https://static.www.nfl.com/image/private/f_auto,q_auto/league/a8ib0haur75wrhqrbtyo",16,CLE,0,0,0,0,0,0,0,0,0,0,0,0,,0,,,192,996,8,0,0,47,1.8532035604876,0,20,29,149,2,0,0,42,181,5,2.02685286785709,0,3.54761904761905,0.0783783783783784,0.0136852394916911,0.127147235211751,0,174.5,194.5
2018,REG,00-0034796,L.Jackson,Lamar Jackson,QB,QB,"https://static.www.nfl.com/image/private/f_auto,q_auto/league/wj1fwvvkjaqztm56ybzu",16,BAL,99,170,1201,6,3,16,71,2,2,1475,510,60,-7.15349122675578,0,0.814237288135593,0.032483523917737,147,695,5,10,2,45,1.92723015764653,0,0,2,0,0,0,0,-2,0,0,-0.888609620393254,0,0.0,0.0266666666666667,-0.0030581039755351,0.0378593272171254,0,157.54,157.54
2018,REG,00-0034798,D.Smythe,Durham Smythe,TE,TE,"https://static.www.nfl.com/image/private/f_auto,q_auto/league/bymp1mbuhxq4vbrwnof7",6,MIA,0,0,0,0,0,0,0,0,0,0,0,0,,0,,,0,0,0,0,0,0,,0,6,11,50,0,0,0,47,7,2,-7.37170827237424,0,1.06382978723404,0.0662650602409639,0.0375099760574621,0.125654573601669,0,5.0,11.0
2018,REG,00-0034799,K.Ballage,Kalen Ballage,RB,RB,"https://static.www.nfl.com/image/private/f_auto,q_auto/league/zxxklmhekefz5gaaxqi0",10,MIA,0,0,0,0,0,0,0,0,0,0,0,0,,0,,,36,191,1,1,1,10,-7.01134105224628,0,9,11,56,0,0,0,-14,76,2,-9.14444853150053,0,-4.0,0.0705128205128205,-0.0166666666666667,0.0941025641025641,0,28.7,37.7
2018,REG,00-0034808,J.Kelly,John Kelly,RB,RB,"https://static.www.nfl.com/image/private/f_auto,q_auto/league/vqih30rje8wvdeado2m9",3,LA,0,0,0,0,0,0,0,0,0,0,0,0,,0,,,27,74,0,0,0,6,-8.82944610877894,0,2,3,27,0,0,0,-6,27,1,2.25099248132644,0,-4.5,0.06,-0.0145985401459854,0.0797810218978102,0,10.1,12.1
2018,REG,00-0034816,R.Jones,Ronald Jones,RB,RB,"https://static.www.nfl.com/image/private/f_auto,q_auto/league/juku3wy4sv0xwobxw7xp",6,TB,0,0,0,0,0,0,0,0,0,0,0,0,,0,,,23,44,1,0,0,2,-7.24851443531225,0,7,9,33,0,0,0,-14,42,2,-2.50034128746483,0,-2.35714285714286,0.0439024390243902,-0.0077262693156732,0.0604452700156141,0,13.7,20.7
2018,REG,00-0034827,D.Moore,D.J. Moore,WR,WR,"https://static.www.nfl.com/image/private/f_auto,q_auto/league/fuhd1intilojmnbx7wjq",16,CAR,0,0,0,0,0,0,0,0,0,0,0,0,,0,,,13,172,0,2,1,6,4.12740297490382,0,55,82,788,2,1,1,737,421,33,16.5201841135804,0,1.06919945725916,0.157996146435453,0.187293519695044,0.36809968343971,0,104.0,159.0
2018,REG,00-0034829,M.Gesicki,Mike Gesicki,TE,TE,"https://static.www.nfl.com/image/private/f_auto,q_auto/league/mpichyoi6vdnhb7qte6c",14,MIA,0,0,0,0,0,0,0,0,0,0,0,0,,0,,,0,0,0,0,0,0,,0,22,32,202,0,1,1,275,96,9,-7.79800912280452,0,0.734545454545455,0.0824742268041237,0.094017094017094,0.189523306018151,0,18.2,40.2
2018,REG,00-0034830,H.Hurst,Hayden Hurst,TE,TE,"https://static.www.nfl.com/image/private/f_auto,q_auto/league/evevkgcgy0suudtprryp",9,BAL,0,0,0,0,0,0,0,0,0,0,0,0,,0,,,1,0,0,0,0,0,-0.58956833044067,0,13,23,163,1,0,0,165,74,8,3.88057523401221,0,0.987878787878788,0.076158940397351,0.0648330058939096,0.159621514721763,0,22.3,35.3
2018,REG,00-0034834,S.Hubbard,Sam Hubbard,DE,DL,"https://static.www.nfl.com/image/private/f_auto,q_auto/league/fedpaaymkmox3miypjkl",1,CIN,0,0,0,0,0,0,0,0,0,0,0,0,,0,,,0,0,0,0,0,0,,0,0,1,0,0,0,0,1,0,0,-1.10708786046598,0,0.0,0.0303030303030303,0.0029498525073746,0.0475194422097077,0,0.0,0.0
2018,REG,00-0034837,C.Ridley,Calvin Ridley,WR,WR,"https://static.www.nfl.com/image/private/f_auto,q_auto/league/jnknuowszoqaywqoopy7",16,ATL,0,0,0,0,0,0,0,0,0,0,0,0,,0,,,6,27,0,0,0,1,0.0188448283006437,0,64,92,821,10,2,1,936,364,39,35.4962222484324,0,0.877136752136752,0.152317880794702,0.179827089337176,0.354355783728076,0,142.8,206.8
2018,REG,00-0034838,R.Freeman,Royce Freeman,RB,RB,"https://static.www.nfl.com/image/private/f_auto,q_auto/league/omv74ajxzfk50f5te1mp",14,DEN,0,0,0,0,0,0,0,0,0,0,0,0,,0,,,130,521,5,1,1,30,-17.874866328606,0,14,20,72,0,0,0,15,59,2,-1.71007908909814,0,4.8,0.0632911392405063,0.0111940298507463,0.102772529756282,0,87.3,101.3
2018,REG,00-0034844,S.Barkley,Saquon Barkley,RB,RB,"https://static.www.nfl.com/image/private/f_auto,q_auto/league/o8tlhps5u1tvnaaxlpjk",16,NYG,0,0,0,0,0,0,0,0,0,0,0,0,,0,,,261,1307,11,0,0,50,-7.96142558177674,1,91,121,721,4,0,0,18,768,30,2.56630017767486,0,40.0555555555556,0.210801393728223,0.0041860465116279,0.319132323150474,0,294.8,385.8
2018,REG,00-0034845,S.Michel,Sony Michel,RB,RB,"https://static.www.nfl.com/image/private/f_auto,q_auto/league/eydtwcqcaegkuwivq0ln",13,NE,0,0,0,0,0,0,0,0,0,0,0,0,,0,,,209,931,6,1,1,54,-3.04480544321494,0,7,11,50,0,0,0,11,50,3,-1.10935857822187,0,4.54545454545455,0.0468085106382979,0.0089795918367346,0.0764984802431611,0,132.1,139.1
2018,REG,00-0034854,K.Hodge,KhaDarel Hodge,WR,WR,"https://static.www.nfl.com/image/private/f_auto,q_auto/league/rx0oqq7r3hwwdliira2q",3,LA,0,0,0,0,0,0,0,0,0,0,0,0,,0,,,0,0,0,0,0,0,,0,2,3,17,0,0,0,24,0,1,-2.00503130687866,0,0.708333333333333,0.0232558139534884,0.0224089635854342,0.0505699954400365,0,1.7,3.7
2018,REG,00-0034855,B.Mayfield,Baker Mayfield,QB,QB,"https://static.www.nfl.com/image/private/f_auto,q_auto/league/haglbmidyaxtimhctzlp",14,CLE,310,486,3725,27,14,25,173,4,2,4515,1696,171,37.9370415717961,1,0.825027685492802,0.0893374301908795,39,131,0,3,1,8,-9.44647408954916,0,0,1,0,0,0,0,12,0,0,-6.4183683572337,1,0.0,0.0476190476190476,0.0731707317073171,0.122648083623693,0,240.1,240.1
2018,REG,00-0034857,J.Allen,Josh Allen,QB,QB,"https://static.www.nfl.com/image/private/f_auto,q_auto/league/ghmmndgjefpxziks7ntf",12,BUF,168,319,2044,10,12,28,213,3,1,3509,913,88,-40.5653574253621,1,0.582502137361072,0.0123249330917235,89,631,8,5,1,41,33.8201048815617,0,0,1,0,0,0,0,13,0,0,-1.47405634936014,0,0.0,0.0285714285714286,0.0436241610738255,0.0733940556088207,0,206.86,206.86
2018,REG,00-0034860,D.Pettis,Dante Pettis,WR,WR,"https://static.www.nfl.com/image/private/f_auto,q_auto/league/j35nhxhisutf6pz38fzs",9,SF,0,0,0,0,0,0,0,0,0,0,0,0,,0,,,1,-2,0,0,0,0,-1.17987308138981,0,27,45,467,5,0,0,501,205,19,17.5394783668226,0,0.932135728542914,0.155172413793103,0.219448094612352,0.386372286918302,0,76.5,103.5
2018,REG,00-0034867,M.Turner,Malik Turner,WR,WR,"https://static.www.nfl.com/image/private/f_auto,q_auto/league/r7wv14bgrb5ohjmqsf9p",2,SEA,0,0,0,0,0,0,0,0,0,0,0,0,,0,,,0,0,0,0,0,0,,0,2,3,20,0,0,0,11,14,1,0.918752357363701,0,1.81818181818182,0.0666666666666667,0.0242290748898678,0.116960352422908,0,2.0,4.0
2018,REG,00-0034869,S.Darnold,Sam Darnold,QB,QB,"https://static.www.nfl.com/image/private/f_auto,q_auto/league/whfsdoeusfuts9t4m6ex",13,NYJ,239,414,2865,17,15,30,204,1,1,3832,1278,130,-13.1706097322535,0,0.747651356993737,0.0263984491285245,43,135,1,4,1,16,-5.92858193106189,0,0,0,0,0,0,0,0,0,0,,0,,,,,0,168.1,168.1
2018,POST,00-0019596,T.Brady,Tom Brady,QB,QB,"https://static.www.nfl.com/image/private/f_auto,q_auto/league/q7dpdlxyu5rs05rgh1le",3,NE,85,125,953,2,3,1,9,1,0,837,494,50,23.8579798778795,0,1.13859020310633,0.127150642584344,5,-4,0,0,0,0,-1.39003729692195,0,0,0,0,0,0,0,0,0,0,,0,,,,,0,39.72,39.72
2018,POST,00-0020531,D.Brees,Drew Brees,QB,QB,"https://static.www.nfl.com/image/private/f_auto,q_auto/league/i20xlpzdmn7xubotijjd",2,NO,54,78,550,4,2,4,25,1,0,613,269,26,11.4960091326003,0,0.897226753670473,0.10699687586321,5,-2,0,1,0,1,-1.52940530679189,0,0,0,0,0,0,0,0,0,0,,0,,,,,0,33.8,33.8
2018,POST,00-0021547,A.Gates,Antonio Gates,TE,TE,"https://static.www.nfl.com/image/private/f_auto,q_auto/league/kndulvysinvn4tpvt0bc",2,LAC,0,0,0,0,0,0,0,0,0,0,0,0,,0,,,0,0,0,0,0,0,,0,9,12,76,1,0,0,86,27,6,6.86290364072193,0,0.883720930232558,0.157894736842105,0.114973262032086,0.317323388685618,0,13.6,22.6
2018,POST,00-0022942,P.Rivers,Philip Rivers,QB,QB,"https://static.www.nfl.com/image/private/f_auto,q_auto/league/voakyrtj34sghkwxaxxf",2,LAC,47,83,491,3,1,3,21,0,0,772,217,24,6.23523881589305,2,0.636010362694301,0.0922723663388563,3,15,0,0,0,1,0.934272782935295,0,0,0,0,0,0,0,0,0,0,,0,,,,,0,35.14,35.14
2018,POST,00-0022943,B.Watson,Benjamin Watson,TE,TE,"https://static.www.nfl.com/image/private/f_auto,q_auto/league/dorymozpdnrllkqlfzpu",1,NO,0,0,0,0,0,0,0,0,0,0,0,0,,0,,,0,0,0,0,0,0,,0,1,1,12,0,0,0,5,7,1,0.454995816107839,0,2.4,0.027027027027027,0.0134408602150538,0.0499491426910782,0,1.2,2.2
2018,POST,00-0023564,D.Sproles,Darren Sproles,RB,RB,"https://static.www.nfl.com/image/private/f_auto,q_auto/league/gvj5ng27blmwuz170aeo",2,PHI,0,0,0,0,0,0,0,0,0,0,0,0,,0,,,16,25,0,0,0,1,-6.38382069929503,0,5,7,35,0,0,0,-4,48,2,-1.17028578568716,0,-8.75,0.0985915492957746,-0.0062992125984252,0.143477875124764,0,6.0,11.0
2018,POST,00-0025396,T.Ginn,Ted Ginn,WR,WR,"https://static.www.nfl.com/image/private/f_auto,q_auto/league/o4m4txrv9l7odyebnea4",2,NO,0,0,0,0,0,0,0,0,0,0,0,0,,0,,,0,0,0,0,0,0,,0,6,13,102,0,1,0,201,9,4,-0.672519963991363,0,0.507462686567164,0.171052631578947,0.334442595673877,0.490688764340135,0,10.2,16.2
2018,POST,00-0026986,M.Crabtree,Michael Crabtree,WR,WR,"https://static.www.nfl.com/image/private/f_auto,q_auto/league/kcavcmeyaion38ewxwyk",1,BAL,0,0,0,0,0,0,0,0,0,0,0,0,,0,,,0,0,0,0,0,0,,0,2,4,38,2,0,0,79,1,2,6.53289501369,0,0.481012658227848,0.153846153846154,0.316,0.451969230769231,0,15.8,17.8
2018,POST,00-0027150,J.Edelman,Julian Edelman,WR,WR,"https://static.www.nfl.com/image/private/f_auto,q_auto/league/u0hbuo2bsvtlg7lnxm43",3,NE,0,0,0,0,0,0,0,0,0,0,0,0,,0,,,2,15,0,0,0,0,0.66490934137255,0,26,35,388,0,0,0,313,142,22,23.2882218820741,0,1.23961661341853,0.28,0.373954599761051,0.681768219832736,0,40.3,66.3
2018,POST,00-0027440,S.Shields,Sam Shields,CB,DB,"https://static.www.nfl.com/image/private/f_auto,q_auto/league/kxj01aeqfoi8cuexcnr0",1,LA,0,0,0,0,0,0,0,0,0,0,0,0,,0,,,0,0,0,0,0,0,,0,1,1,12,0,0,0,3,9,1,3.34712621569634,0,4.0,0.0256410256410256,0.0114942528735632,0.0465075154730327,0,1.2,2.2
2018,POST,00-0027656,R.Gronkowski,Rob Gronkowski,TE,TE,"https://static.www.nfl.com/image/private/f_auto,q_auto/league/svpo7chliiymc0r7hegp",3,NE,0,0,0,0,0,0,0,0,0,0,0,0,,0,,,0,0,0,0,0,0,,0,13,19,191,0,0,0,170,82,8,1.44385810271398,0,1.12352941176471,0.152,0.20310633213859,0.370174432497013,0,19.1,32.1
2018,POST,00-0027675,E.Dickson,Ed Dickson,TE,TE,"https://static.www.nfl.com/image/private/f_auto,q_auto/league/qtxat8xwaclkqfkj5lrq",1,SEA,0,0,0,0,0,0,0,0,0,0,0,0,,0,,,0,0,0,0,0,0,,0,4,5,42,0,0,0,24,21,1,0.89535362605192,0,1.75,0.185185185185185,0.107142857142857,0.352777777777778,0,4.2,8.2
2018,POST,00-0027891,G.Tate,Golden Tate,WR,WR,"https://static.www.nfl.com/image/private/f_auto,q_auto/league/yfqebrp2o9t1gt1wqjku",2,PHI,0,0,0,0,0,0,0,0,0,0,0,0,,0,,,0,0,0,0,0,0,,0,7,13,64,1,0,0,144,13,4,3.75295746285701,0,0.444444444444444,0.183098591549296,0.226771653543307,0.433388044804259,0,12.4,19.4
2018,POST,00-0027925,J.Develin,James Develin,FB,RB,"https://static.www.nfl.com/image/private/f_auto,q_auto/league/ryhocvpml27otxnncc2h",2,NE,0,0,0,0,0,0,0,0,0,0,0,0,,0,,,2,5,0,0,0,2,0.664981471607462,0,1,1,9,0,0,0,3,6,1,1.14323323196732,0,3.0,0.0217391304347826,0.0077319587628866,0.0380210667861945,0,1.4,2.4
2018,POST,00-0027966,M.Ingram,Mark Ingram,RB,RB,"https://static.www.nfl.com/image/private/f_auto,q_auto/league/qyju9wutyssrf0b26ran",2,NO,0,0,0,0,0,0,0,0,0,0,0,0,,0,,,18,84,0,0,0,4,-3.60582828859333,0,4,4,15,0,0,0,6,9,0,-0.680530855606776,0,2.5,0.0526315789473684,0.0099833610648918,0.0859357211664769,0,9.9,13.9
2018,POST,00-0028142,V.Green,Virgil Green,TE,TE,"https://static.www.nfl.com/image/private/f_auto,q_auto/league/wcdedz1qf7ybkujat6bu",2,LAC,0,0,0,0,0,0,0,0,0,0,0,0,,0,,,0,0,0,0,0,0,,0,2,2,9,1,1,1,5,4,1,-4.03971398569411,0,1.8,0.0263157894736842,0.0066844919786096,0.044152828595553,0,4.9,6.9
2018,POST,00-0028237,C.Hogan,Chris Hogan,WR,WR,"https://static.www.nfl.com/image/private/f_auto,q_auto/league/fmpqnciwjqicsjzy63mc",3,NE,0,0,0,0,0,0,0,0,0,0,0,0,,0,,,0,0,0,0,0,0,,0,8,18,58,0,0,0,213,5,4,-7.34719619873269,0,0.272300469483568,0.144,0.254480286738351,0.394136200716846,0,5.8,13.8
2018,POST,00-0028411,D.Inman,Dontrelle Inman,WR,WR,"https://static.www.nfl.com/image/private/f_auto,q_auto/league/josp2o2ri6tknqzt87qc",2,IND,0,0,0,0,0,0,0,0,0,0,0,0,,0,,,0,0,0,0,0,0,,0,8,8,108,1,0,0,92,16,7,8.52816024125787,0,1.17391304347826,0.119402985074627,0.146263910969793,0.281489215290796,0,16.8,24.8
2018,POST,00-0028434,D.Baldwin,Doug Baldwin,WR,WR,"https://static.www.nfl.com/image/private/f_auto,q_auto/league/kccmcttfdtl7m3g49vb8",1,SEA,0,0,0,0,0,0,0,0,0,0,0,0,,0,,,0,0,0,0,0,0,,0,3,6,32,0,0,0,71,0,1,1.6218239380666,0,0.450704225352113,0.222222222222222,0.316964285714286,0.555208333333333,0,3.2,6.2
2018,POST,00-0028872,J.Hekker,Johnny Hekker,P,SPEC,"https://static.www.nfl.com/image/private/f_auto,q_auto/league/rh1qt7cwusun5o56bwyh",1,LA,1,1,12,0,0,0,0,0,0,3,9,1,3.34712621569634,0,4.0,,0,0,0,0,0,0,,0,0,0,0,0,0,0,0,0,0,,0,,,,,0,0.48,0.48
2018,POST,00-0029000,C.Beasley,Cole Beasley,WR,WR,"https://static.www.nfl.com/image/private/f_auto,q_auto/league/y5r0fhwctl6ljwvmktvu",2,DAL,0,0,0,0,0,0,0,0,0,0,0,0,,0,,,0,0,0,0,0,0,,0,4,5,43,0,0,0,34,17,3,2.83329743088689,0,1.26470588235294,0.078125,0.0718816067653277,0.167504624735729,0,4.3,8.3
2018,POST,00-0029137,A.Jeffery,Alshon Jeffery,WR,WR,"https://static.www.nfl.com/image/private/f_auto,q_auto/league/qrbsgwhzlsmwgkdfjryh",2,PHI,0,0,0,0,0,0,0,0,0,0,0,0,,0,,,0,0,0,0,0,0,,0,11,17,145,0,0,0,201,29,8,3.9524177670246,0,0.721393034825871,0.23943661971831,0.316535433070866,0.580729732727071,0,14.5,25.5
2018,POST,00-0029263,R.Wilson,Russell Wilson,QB,QB,"https://static.www.nfl.com/image/private/f_auto,q_auto/league/gebzv2aljujgleboe4ns",1,SEA,18,27,233,1,0,1,7,0,0,224,98,6,3.11942067128001,0,1.04017857142857,0.0955927096009562,3,14,1,0,0,2,2.05035111692268,0,0,0,0,0,0,0,0,0,0,,0,,,,,0,20.72,20.72
2018,POST,00-0029269,T.Benjamin,Travis Benjamin,WR,WR,"https://static.www.nfl.com/image/private/f_auto,q_auto/league/io9silocxbywvisvcvpx",2,LAC,0,0,0,0,0,0,0,0,0,0,0,0,,0,,,0,0,0,0,0,0,,0,3,5,11,0,0,0,34,25,0,-2.6120468354784,0,0.323529411764706,0.0657894736842105,0.0454545454545455,0.130502392344498,0,1.1,4.1
2018,POST,00-0029319,J.Bellamy,Josh Bellamy,WR,WR,"https://static.www.nfl.com/image/private/f_auto,q_auto/league/kgyz7lr35xl5j7oxjwlw",1,CHI,0,0,0,0,0,0,0,0,0,0,0,0,,0,,,0,0,0,0,0,0,,0,1,1,34,0,0,0,31,3,1,2.28020005091094,0,1.09677419354839,0.024390243902439,0.0711009174311927,0.0863560080554934,0,3.4,4.4
2018,POST,00-0029567,N.Foles,Nick Foles,QB,QB,"https://static.www.nfl.com/image/private/f_auto,q_auto/league/dxuz2ir773wylutxo7zs",2,PHI,43,71,467,3,4,1,8,0,0,635,192,28,3.54730445839285,0,0.735433070866142,0.0712039697817199,3,-1,1,0,0,1,0.771501657203771,0,0,0,0,0,0,0,0,0,0,,0,,,,,0,28.58,28.58
2018,POST,00-0029608,T.Hilton,T.Y. Hilton,WR,WR,"https://static.www.nfl.com/image/private/f_auto,q_auto/league/b8kor0sgeynyd8u8cush",2,IND,0,0,0,0,0,0,0,0,0,0,0,0,,0,,,0,0,0,0,0,0,,0,9,21,145,1,0,0,226,24,7,4.22160072781844,0,0.641592920353982,0.313432835820896,0.359300476947536,0.721659587594618,0,20.5,29.5
2018,POST,00-0029615,L.Miller,Lamar Miller,RB,RB,"https://static.www.nfl.com/image/private/f_auto,q_auto/league/vqxh6ynpmczzfyl9kcgq",1,HOU,0,0,0,0,0,0,0,0,0,0,0,0,,0,,,5,18,0,0,0,2,0.0254157135495916,0,8,10,63,0,0,0,7,57,2,0.0941288393805735,0,9.0,0.212765957446809,0.021671826625387,0.334319214807984,0,8.1,16.1
2018,POST,00-0029668,A.Luck,Andrew Luck,QB,QB,"https://static.www.nfl.com/image/private/f_auto,q_auto/league/ojix2ha2u58zqozaw756",2,IND,38,68,425,3,1,3,24,1,1,636,96,24,-11.1283321041862,0,0.668238993710692,-4.68246410721997e-05,10,46,0,0,0,2,-0.246217058971524,0,0,0,0,0,0,0,0,0,0,,0,,,,,0,29.6,29.6
2018,POST,00-0029795,B.Cunningham,Benny Cunningham,RB,RB,"https://static.www.nfl.com/image/private/f_auto,q_auto/league/yo9hvf3gnoxj7prmruo8",1,CHI,0,0,0,0,0,0,0,0,0,0,0,0,,0,,,1,2,0,0,0,0,0.828038178267889,0,0,0,0,0,0,0,0,0,0,,0,,,,,0,0.2,0.2
2018,POST,00-0029854,C.Anderson,C.J. Anderson,RB,RB,"https://static.www.nfl.com/image/private/f_auto,q_auto/league/jqqdxuowpdgl06zy0g0a",3,LA,0,0,0,0,0,0,0,0,0,0,0,0,,0,,,46,189,2,1,0,14,3.49712440278381,0,3,5,17,0,0,0,-9,16,0,-1.16715670150006,0,-1.88888888888889,0.0490196078431373,-0.0101351351351351,0.0664348171701113,0,32.6,35.6
2018,POST,00-0029931,Z.Line,Zach Line,FB,RB,"https://static.www.nfl.com/image/private/f_auto,q_auto/league/dddfiilg9qy54xtorb6r",1,NO,0,0,0,0,0,0,0,0,0,0,0,0,,0,,,1,4,0,0,0,1,0.160945690586232,0,0,0,0,0,0,0,0,0,0,,0,,,,,0,0.4,0.4
2018,POST,00-0030061,Z.Ertz,Zach Ertz,TE,TE,"https://static.www.nfl.com/image/private/f_auto,q_auto/league/t7my0kesdhb2iefvempm",2,PHI,0,0,0,0,0,0,0,0,0,0,0,0,,0,,,0,0,0,0,0,0,,0,10,15,102,0,0,0,144,36,6,1.05520125804469,0,0.708333333333333,0.211267605633803,0.226771653543307,0.475641565931019,0,10.2,20.2
2018,POST,00-0030108,R.Griffin,Ryan Griffin,TE,TE,"https://static.www.nfl.com/image/private/f_auto,q_auto/league/izjfxtmk2dhzhrlwpt9g",1,HOU,0,0,0,0,0,0,0,0,0,0,0,0,,0,,,0,0,0,0,0,0,,0,1,5,6,0,0,0,49,5,0,-4.96328434243333,0,0.122448979591837,0.106382978723404,0.151702786377709,0.265766418549503,0,0.6,1.6
2018,POST,00-0030155,D.Harris,Demetrius Harris,TE,TE,"https://static.www.nfl.com/image/private/f_auto,q_auto/league/nlajcnjlosuajmqswxvl",2,KC,0,0,0,0,0,0,0,0,0,0,0,0,,0,,,0,0,0,0,0,0,,0,1,2,2,0,0,0,2,2,0,-1.4674299811013,0,1.0,0.0285714285714286,0.0054347826086956,0.0466614906832298,0,0.2,1.2
2018,POST,00-0030216,J.Hill,Josh Hill,TE,TE,"https://static.www.nfl.com/image/private/f_auto,q_auto/league/vdva7m1fxklv6gxbsg7q",2,NO,0,0,0,0,0,0,0,0,0,0,0,0,,0,,,0,0,0,0,0,0,,0,4,4,31,0,0,0,-8,39,2,0.89810426463373,0,0.0,0.0526315789473684,-0.0133111480865225,0.0696295647604869,0,3.1,7.1
2018,POST,00-0030279,K.Allen,Keenan Allen,WR,WR,"https://static.www.nfl.com/image/private/f_auto,q_auto/league/xs7h2igf85nta81v7zb8",2,LAC,0,0,0,0,0,0,0,0,0,0,0,0,,0,,,0,0,0,0,0,0,,0,6,12,112,1,0,0,177,21,4,3.58047049560373,1,0.632768361581921,0.157894736842105,0.236631016042781,0.402483816493104,0,19.2,25.2
2018,POST,00-0030288,R.Burkhead,Rex Burkhead,RB,RB,"https://static.www.nfl.com/image/private/f_auto,q_auto/league/ysgdnkasvp07qmrkasve",3,NE,0,0,0,0,0,0,0,0,0,0,0,0,,0,,,23,96,3,0,0,7,-1.48745861556381,0,7,7,45,0,0,0,5,40,1,1.90646864438895,0,9.0,0.056,0.0186567164179104,0.0970597014925373,0,32.1,39.1
2018,POST,00-0030414,S.Ware,Spencer Ware,RB,RB,"https://static.www.nfl.com/image/private/f_auto,q_auto/league/qr04afpcu3fqpgxnws6t",1,KC,0,0,0,0,0,0,0,0,0,0,0,0,,0,,,0,0,0,0,0,0,,0,1,1,21,0,0,0,19,2,1,0.678207513235975,0,1.10526315789474,0.0344827586206897,0.0494791666666667,0.0863595545977011,0,2.1,3.1
2018,POST,00-0030431,R.Woods,Robert Woods,WR,WR,"https://static.www.nfl.com/image/upload/f_auto,q_auto/league/owppysuai4ipxu5d27nu",3,LA,0,0,0,0,0,0,0,0,0,0,0,0,,0,,,4,11,0,0,0,0,-1.01849642652087,0,17,29,172,0,0,0,196,57,8,-2.13177757468051,0,0.877551020408163,0.284313725490196,0.220720720720721,0.580975092739799,0,18.3,35.3
2018,POST,00-0030506,T.Kelce,Travis Kelce,TE,TE,"https://static.www.nfl.com/image/private/f_auto,q_auto/league/ryzr3vbragwe50vtj9af",2,KC,0,0,0,0,0,0,0,0,0,0,0,0,,0,,,0,0,0,0,0,0,,0,10,16,131,1,0,0,145,66,7,7.63843890148564,0,0.903448275862069,0.228571428571429,0.19281914893617,0.477830547112462,0,19.1,29.1
2018,POST,00-0030525,T.Austin,Tavon Austin,WR,WR,"https://static.www.nfl.com/image/private/f_auto,q_auto/league/ulagxqgjnrft4wub0gus",2,DAL,0,0,0,0,0,0,0,0,0,0,0,0,,0,,,1,-3,0,0,0,0,-1.01112048886716,0,2,2,5,0,0,0,3,2,1,0.100673082983121,0,1.66666666666667,0.03125,0.0063424947145877,0.0513147463002114,0,0.2,2.2
2018,POST,00-0030564,D.Hopkins,DeAndre Hopkins,WR,WR,"https://static.www.nfl.com/image/upload/f_auto,q_auto/league/jgatj8mtftu06pegapip",1,HOU,0,0,0,0,0,0,0,0,0,0,0,0,,0,,,0,0,0,0,0,0,,0,5,10,37,0,0,0,116,9,4,-4.52575349743711,0,0.318965517241379,0.212765957446809,0.359133126934985,0.570542125024702,0,3.7,8.7
2018,POST,00-0030578,C.Patterson,Cordarrelle Patterson,RB,RB,"https://static.www.nfl.com/image/private/f_auto,q_auto/league/gy2bb38cns4nxypehbqi",3,NE,0,0,0,0,0,0,0,0,0,0,0,0,,0,,,3,10,0,0,0,0,-1.3634832680109,0,4,7,32,0,0,0,21,37,1,-0.246292533702217,0,1.52380952380952,0.056,0.025089605734767,0.101562724014337,0,4.2,8.2
2018,POST,00-0030663,W.Snead,Willie Snead,WR,WR,"https://static.www.nfl.com/image/private/f_auto,q_auto/league/fr5xckiwhguuaishnbju",1,BAL,0,0,0,0,0,0,0,0,0,0,0,0,,0,,,0,0,0,0,0,0,,0,3,6,50,0,0,0,62,23,2,4.08103672676953,0,0.806451612903226,0.230769230769231,0.248,0.519753846153846,0,5.0,8.0
2018,POST,00-0030780,R.Hewitt,Ryan Hewitt,TE,TE,"https://static.www.nfl.com/image/private/f_auto,q_auto/league/egbpiaml7idnpcxa1x8q",1,IND,0,0,0,0,0,0,0,0,0,0,0,0,,0,,,0,0,0,0,0,0,,0,0,1,0,0,0,0,1,0,0,-0.760434708092362,0,0.0,0.0277777777777778,0.0032467532467532,0.0439393939393939,0,0.0,0.0
2018,POST,00-0030821,A.Hurns,Allen Hurns,WR,WR,"https://static.www.nfl.com/image/private/f_auto,q_auto/league/ficrwzwu4bfswpzu61fv",1,DAL,0,0,0,0,0,0,0,0,0,0,0,0,,0,,,0,0,0,0,0,0,,0,1,1,14,0,0,0,7,7,1,2.1274998052977,0,2.0,0.03125,0.0292887029288703,0.0673770920502092,0,1.4,2.4
2018,POST,00-0030874,D.Williams,Damien Williams,RB,RB,"https://static.www.nfl.com/image/private/f_auto,q_auto/league/ga4vusnfwfvhp2ksqw7x",2,KC,0,0,0,0,0,0,0,0,0,0,0,0,,0,,,35,159,2,0,0,11,4.05609915888635,0,10,14,91,2,0,0,59,98,3,3.38650608787666,0,1.54237288135593,0.2,0.0784574468085106,0.354920212765957,0,49.0,59.0
2018,POST,00-0031051,J.Brown,John Brown,WR,WR,"https://static.www.nfl.com/image/private/f_auto,q_auto/league/xwyc2a0qfdxbbct6lso6",1,BAL,0,0,0,0,0,0,0,0,0,0,0,0,,0,,,0,0,0,0,0,0,,0,2,3,14,0,0,0,19,6,0,0.288790679594968,0,0.736842105263158,0.115384615384615,0.076,0.226276923076923,0,1.4,3.4
2018,POST,00-0031062,J.White,James White,RB,RB,"https://static.www.nfl.com/image/private/f_auto,q_auto/league/z1nnkmnstccnqya5d5ee",3,NE,0,0,0,0,0,0,0,0,0,0,0,0,,0,,,8,27,0,0,0,3,1.05350005179132,0,20,27,151,0,0,0,-20,167,8,-0.520921283052303,0,-7.55,0.216,-0.02389486260454,0.307273596176822,0,17.8,37.8
2018,POST,00-0031075,A.Blue,Alfred Blue,RB,RB,"https://static.www.nfl.com/image/private/f_auto,q_auto/league/qt9zmmipmlcin4gxs8wt",1,HOU,0,0,0,0,0,0,0,0,0,0,0,0,,0,,,2,8,0,0,0,1,0.404222906450741,0,2,2,11,0,0,0,1,10,0,0.517297517653788,0,11.0,0.0425531914893617,0.0030959752321981,0.0659969698965812,0,1.9,3.9
2018,POST,00-0031228,T.Gabriel,Taylor Gabriel,WR,WR,"https://static.www.nfl.com/image/private/f_auto,q_auto/league/nc4aoax8j5mnnrjewu7p",1,CHI,0,0,0,0,0,0,0,0,0,0,0,0,,0,,,2,20,0,0,0,1,1.53933260729536,0,4,9,37,0,0,0,88,5,3,-0.0159255043254234,0,0.420454545454546,0.219512195121951,0.201834862385321,0.470552696352652,0,5.7,9.7
2018,POST,00-0031236,B.Cooks,Brandin Cooks,WR,WR,"https://static.www.nfl.com/image/private/f_auto,q_auto/league/wy6qidqm8jjp6buvu3lp",3,LA,0,0,0,0,0,0,0,0,0,0,0,0,,0,,,1,5,0,0,0,1,1.00121494272025,0,19,27,292,0,0,0,365,74,14,8.71792188275296,0,0.8,0.264705882352941,0.411036036036036,0.684784048754637,0,29.7,48.7
2018,POST,00-0031299,J.Matthews,Jordan Matthews,TE,TE,"https://static.www.nfl.com/image/private/f_auto,q_auto/league/lzmaxofoalitaiiuchm7",1,PHI,0,0,0,0,0,0,0,0,0,0,0,0,,0,,,0,0,0,0,0,0,,0,1,2,37,1,0,0,43,7,1,2.19573689601384,0,0.86046511627907,0.0645161290322581,0.137380191693291,0.192940327733691,0,9.7,10.7
2018,POST,00-0031325,S.Watkins,Sammy Watkins,WR,WR,"https://static.www.nfl.com/image/private/f_auto,q_auto/league/nkqk4ac4uncxocqlgp2k",2,KC,0,0,0,0,0,0,0,0,0,0,0,0,,0,,,1,-2,0,0,0,0,-1.38482688448858,0,10,16,176,0,1,1,182,71,6,5.2993249942956,0,0.967032967032967,0.228571428571429,0.242021276595745,0.512272036474164,0,15.4,25.4
2018,POST,00-0031387,E.Ebron,Eric Ebron,TE,TE,"https://static.www.nfl.com/image/private/f_auto,q_auto/league/uaxsxymncppase7ihczd",2,IND,0,0,0,0,0,0,0,0,0,0,0,0,,0,,,0,0,0,0,0,0,,0,8,15,77,1,0,0,157,19,5,0.551045827218331,0,0.490445859872612,0.223880597014925,0.249602543720191,0.510542676126522,0,13.7,21.7
2018,POST,00-0031428,A.Robinson,Allen Robinson,WR,WR,"https://static.www.nfl.com/image/private/f_auto,q_auto/league/tucplhxtb3c626iekuzv",1,CHI,0,0,0,0,0,0,0,0,0,0,0,0,,0,,,0,0,0,0,0,0,,0,10,13,143,1,0,0,172,33,5,7.96581396675902,0,0.831395348837209,0.317073170731707,0.394495412844037,0.751756545088387,0,20.3,30.3
2018,POST,00-0031544,A.Cooper,Amari Cooper,WR,WR,"https://static.www.nfl.com/image/private/f_auto,q_auto/league/zibbxjtein7gpu5zgcj4",2,DAL,0,0,0,0,0,0,0,0,0,0,0,0,,0,,,0,0,0,0,0,0,,0,13,18,171,1,1,0,147,80,5,4.31037916168723,1,1.16326530612245,0.28125,0.310782241014799,0.639422568710359,0,25.1,38.1
2018,POST,00-0031549,N.Agholor,Nelson Agholor,WR,WR,"https://static.www.nfl.com/image/private/f_auto,q_auto/league/lfc8g0z3wmxowwggvzqh",2,PHI,0,0,0,0,0,0,0,0,0,0,0,0,,0,,,1,12,0,0,0,1,0.731024399166927,0,4,9,38,0,0,0,92,12,3,-2.25014621362789,0,0.41304347826087,0.126760563380282,0.14488188976378,0.291558167905068,0,5.0,9.0
2018,POST,00-0031558,M.Williams,Maxx Williams,TE,TE,"https://static.www.nfl.com/image/private/f_auto,q_auto/league/p0j7ax3rqhrzn5nvmc06",1,BAL,0,0,0,0,0,0,0,0,0,0,0,0,,0,,,0,0,0,0,0,0,,0,1,1,8,0,0,0,-3,11,0,0.0546720267739147,0,0.0,0.0384615384615385,-0.012,0.0492923076923077,0,0.8,1.8
2018,POST,00-0031900,R.Smith,Rod Smith,RB,RB,"https://static.www.nfl.com/image/private/f_auto,q_auto/league/zmhmhduytwid1kjim5rp",1,DAL,0,0,0,0,0,0,0,0,0,0,0,0,,0,,,1,1,0,0,0,0,-0.722113658848684,0,0,0,0,0,0,0,0,0,0,,0,,,,,0,0.1,0.1
2018,POST,00-0032063,M.Davis,Mike Davis,RB,RB,"https://static.www.nfl.com/image/private/f_auto,q_auto/league/csrqinegeyunycijua2q",1,SEA,0,0,0,0,0,0,0,0,0,0,0,0,,0,,,4,10,0,0,0,1,-1.56789345915547,1,2,2,22,0,0,0,-10,32,0,0.443126546451822,0,-2.2,0.0740740740740741,-0.0446428571428571,0.0798611111111111,0,5.2,7.2
2018,POST,00-0032128,C.Conley,Chris Conley,WR,WR,"https://static.www.nfl.com/image/private/f_auto,q_auto/league/wddhtkz5tmo47x5s3qnq",2,KC,0,0,0,0,0,0,0,0,0,0,0,0,,0,,,0,0,0,0,0,0,,0,0,3,0,0,0,0,20,0,0,-2.33029368537245,0,0.0,0.0428571428571429,0.0265957446808511,0.08290273556231,0,0.0,0.0
2018,POST,00-0032144,M.Gordon,Melvin Gordon,RB,RB,"https://static.www.nfl.com/image/private/f_auto,q_auto/league/i4g8x7yotpgszlyanow0",2,LAC,0,0,0,0,0,0,0,0,0,0,0,0,,0,,,26,55,2,0,0,4,-1.90858523439965,0,2,3,14,0,0,0,2,13,1,-0.745172023191117,0,7.0,0.0394736842105263,0.0026737967914438,0.0610821840698002,0,18.9,20.9
2018,POST,00-0032160,T.Williams,Tyrell Williams,WR,WR,"https://static.www.nfl.com/image/private/f_auto,q_auto/league/qixhze7yidydtc1vyeih",2,LAC,0,0,0,0,0,0,0,0,0,0,0,0,,0,,,0,0,0,0,0,0,,0,7,11,103,0,0,0,167,25,4,1.970979950996,0,0.616766467065868,0.144736842105263,0.223262032085561,0.373388685617788,0,10.3,17.3
2018,POST,00-0032208,P.Dorsett,Phillip Dorsett,WR,WR,"https://static.www.nfl.com/image/private/f_auto,q_auto/league/g69i8oxbeeqpjz5kvoqo",2,NE,0,0,0,0,0,0,0,0,0,0,0,0,,0,,,0,0,0,0,0,0,,0,5,8,70,2,0,0,138,5,5,6.50126218417427,0,0.507246376811594,0.0888888888888889,0.242530755711775,0.303104862331576,0,19.0,24.0
2018,POST,00-0032211,T.Lockett,Tyler Lockett,WR,WR,"https://static.www.nfl.com/image/private/f_auto,q_auto/league/f9wttnkcqc2scahf9oth",1,SEA,0,0,0,0,0,0,0,0,0,0,0,0,,0,,,0,0,0,0,0,0,,0,4,6,120,0,0,0,124,28,3,4.33915973268449,0,0.967741935483871,0.222222222222222,0.553571428571429,0.720833333333333,0,12.0,16.0
2018,POST,00-0032241,T.Gurley,Todd Gurley,RB,RB,"https://static.www.nfl.com/image/private/f_auto,q_auto/league/ym7oprwel3dxbab0k7x9",3,LA,0,0,0,0,0,0,0,0,0,0,0,0,,0,,,30,160,2,0,0,5,2.7493186906795,0,4,7,5,0,0,0,12,5,1,-8.96182378154551,0,0.416666666666667,0.0686274509803922,0.0135135135135135,0.112400635930048,0,28.5,32.5
2018,POST,00-0032355,C.Rogers,Chester Rogers,WR,WR,"https://static.www.nfl.com/image/private/f_auto,q_auto/league/lkszsifhpwtjpvjvlxw5",2,IND,0,0,0,0,0,0,0,0,0,0,0,0,,0,,,0,0,0,0,0,0,,0,9,11,76,0,0,0,68,22,5,1.73121134960093,0,1.11764705882353,0.164179104477612,0.108108108108108,0.321944332392094,0,7.6,16.6
2018,POST,00-0032394,N.Vannett,Nick Vannett,TE,TE,"https://static.www.nfl.com/image/private/f_auto,q_auto/league/cccwwxb6tvsfhm3ylqul",1,SEA,0,0,0,0,0,0,0,0,0,0,0,0,,0,,,0,0,0,0,0,0,,0,1,2,5,0,0,0,14,4,0,-1.55424689763458,0,0.357142857142857,0.0740740740740741,0.0625,0.154861111111111,0,0.5,1.5
2018,POST,00-0032398,C.Moore,Chris Moore,WR,WR,"https://static.www.nfl.com/image/private/f_auto,q_auto/league/tov68mj1pddkbfsfuajn",1,BAL,0,0,0,0,0,0,0,0,0,0,0,0,,0,,,0,0,0,0,0,0,,0,0,1,0,0,0,0,15,0,0,-3.91146791633219,0,0.0,0.0384615384615385,0.06,0.0996923076923077,0,0.0,0.0
2018,POST,00-0032411,K.Dixon,Kenneth Dixon,RB,RB,"https://static.www.nfl.com/image/private/f_auto,q_auto/league/gzfijcqkmupkv6ajjruz",1,BAL,0,0,0,0,0,0,0,0,0,0,0,0,,0,,,6,13,0,1,1,0,-6.39065068971831,0,3,3,53,0,0,0,9,44,2,4.23613622394623,0,5.88888888888889,0.115384615384615,0.036,0.198276923076923,0,4.6,7.6
2018,POST,00-0032602,J.McKissic,J.D. McKissic,RB,RB,"https://static.www.nfl.com/image/private/f_auto,q_auto/league/zi77vkqwrmklt5ic6lc6",1,SEA,0,0,0,0,0,0,0,0,0,0,0,0,,0,,,0,0,0,0,0,0,,0,2,3,13,1,0,0,6,7,1,1.69060331431683,0,2.16666666666667,0.111111111111111,0.0267857142857143,0.185416666666667,0,7.3,9.3
2018,POST,00-0032661,B.Braunecker,Ben Braunecker,TE,TE,"https://static.www.nfl.com/image/private/f_auto,q_auto/league/rjixl9e7vu8gze8324ne",1,CHI,0,0,0,0,0,0,0,0,0,0,0,0,,0,,,0,0,0,0,0,0,,0,2,2,15,0,0,0,5,10,0,0.199482569936663,0,3.0,0.0487804878048781,0.0114678899082569,0.0811982546430969,0,1.5,3.5
2018,POST,00-0032765,M.Thomas,Michael Thomas,WR,WR,"https://static.www.nfl.com/image/private/f_auto,q_auto/league/sxldsbuw65hfmkzqhw96",2,NO,0,0,0,0,0,0,0,0,0,0,0,0,,0,,,0,0,0,0,0,0,,0,16,23,207,1,0,0,226,70,8,12.1255280105979,0,0.915929203539823,0.302631578947368,0.37603993344426,0.717175321832034,0,26.7,42.7
2018,POST,00-0032775,D.Robinson,Demarcus Robinson,WR,WR,"https://static.www.nfl.com/image/private/f_auto,q_auto/league/ceqqkylismka583qo9kk",1,KC,0,0,0,0,0,0,0,0,0,0,0,0,,0,,,0,0,0,0,0,0,,0,1,1,27,0,0,0,27,0,1,1.69733639608603,0,1.0,0.0344827586206897,0.0703125,0.100942887931034,0,2.7,3.7
2018,POST,00-0032780,J.Howard,Jordan Howard,RB,RB,"https://static.www.nfl.com/image/private/f_auto,q_auto/league/nbvb6bsrmjupmqrrf1n4",1,CHI,0,0,0,0,0,0,0,0,0,0,0,0,,0,,,10,35,0,0,0,2,-1.95287019604569,0,0,1,0,0,0,0,0,0,0,-1.5910293047782,0,,0.024390243902439,,,0,3.5,3.5
2018,POST,00-0032782,W.Smallwood,Wendell Smallwood,RB,RB,"https://static.www.nfl.com/image/private/f_auto,q_auto/league/r20rhl0c17ql8dtnl5kz",2,PHI,0,0,0,0,0,0,0,0,0,0,0,0,,0,,,18,53,0,0,0,1,-4.52622109517688,0,3,4,26,0,0,0,-6,37,2,-3.52838443301152,0,-4.33333333333333,0.0563380281690141,-0.0094488188976377,0.0778928690251747,0,7.9,10.9
2018,POST,00-0032881,T.Lewis,Tommylee Lewis,WR,WR,"https://static.www.nfl.com/image/private/f_auto,q_auto/league/qvf3ud6rgqusejdd4f5u",1,NO,0,0,0,0,0,0,0,0,0,0,0,0,,0,,,0,0,0,0,0,0,,0,0,1,0,0,0,0,8,0,0,-0.609635543063312,0,0.0,0.0256410256410256,0.0349344978165939,0.0629156869331542,0,0.0,0.0
2018,POST,00-0032897,D.Watt,Derek Watt,FB,RB,"https://static.www.nfl.com/image/private/f_auto,q_auto/league/jrhk6npb7u3tmgzt7rwn",1,LAC,0,0,0,0,0,0,0,0,0,0,0,0,,0,,,0,0,0,0,0,0,,0,1,1,1,0,0,0,1,0,0,-0.126532174705062,0,1.0,0.0344827586206897,0.0056179775280898,0.0556567222006974,0,0.1,1.1
2018,POST,00-0033040,T.Hill,Tyreek Hill,WR,WR,"https://static.www.nfl.com/image/private/f_auto,q_auto/league/lsszbdnkusxc7mduw5be",2,KC,0,0,0,0,0,0,0,0,0,0,0,0,,0,,,1,36,1,0,0,1,3.17099008697551,0,9,16,114,0,0,0,293,29,6,1.23967610532418,0,0.389078498293515,0.228571428571429,0.389627659574468,0.615596504559271,0,21.0,30.0
2018,POST,00-0033045,E.Elliott,Ezekiel Elliott,RB,RB,"https://static.www.nfl.com/image/upload/f_auto,q_auto/league/qf0zgze0wkbvu9rlvolf",2,DAL,0,0,0,0,0,0,0,0,0,0,0,0,,0,,,46,184,2,0,0,10,-3.23256956567639,0,6,10,51,0,0,0,14,43,2,-3.48377473863469,0,3.64285714285714,0.15625,0.0295983086680761,0.255093816067653,0,35.5,41.5
2018,POST,00-0033054,R.Gathers,Rico Gathers,TE,TE,"https://static.www.nfl.com/image/private/f_auto,q_auto/league/qovjpn6bhqobiwiv2b0c",1,DAL,0,0,0,0,0,0,0,0,0,0,0,0,,0,,,0,0,0,0,0,0,,0,0,1,0,0,0,0,2,0,0,-0.489928769646213,0,0.0,0.03125,0.0085470085470085,0.052857905982906,0,0.0,0.0
2018,POST,00-0033077,D.Prescott,Dak Prescott,QB,QB,"https://static.www.nfl.com/image/private/f_auto,q_auto/league/knx0jxponzfkusnyvjkn",2,DAL,42,65,492,2,1,2,18,0,0,479,218,22,4.24452179739942,1,1.02713987473904,0.12646766476538,8,32,2,0,0,5,8.58508309864556,0,0,0,0,0,0,0,0,0,0,,0,,,,,0,42.88,42.88
2018,POST,00-0033090,H.Henry,Hunter Henry,TE,TE,"https://static.www.nfl.com/image/private/f_auto,q_auto/league/sdjob9akppefyo7py5tj",1,LAC,0,0,0,0,0,0,0,0,0,0,0,0,,0,,,0,0,0,0,0,0,,0,0,1,0,0,0,0,20,0,0,-0.698411816731095,0,0.0,0.0212765957446809,0.0350877192982456,0.0564762971257932,0,0.0,0.0
2018,POST,00-0033095,G.Griffin,Garrett Griffin,TE,TE,"https://static.www.nfl.com/image/private/f_auto,q_auto/league/ss70hidq9xcteze3rdeg",1,NO,0,0,0,0,0,0,0,0,0,0,0,0,,0,,,0,0,0,0,0,0,,0,2,2,12,1,0,0,0,12,1,1.22420322406106,0,0.0,0.0512820512820513,,,0,7.2,9.2
2018,POST,00-0033106,J.Goff,Jared Goff,QB,QB,"https://static.www.nfl.com/image/private/f_auto,q_auto/league/nyitt4ybuzopzjzddafi",3,LA,59,106,712,1,2,5,39,0,0,903,268,35,-7.51787316617113,0,0.788482834994463,-0.0100911012910168,9,22,0,2,0,3,-1.91582241312024,0,0,0,0,0,0,0,0,0,0,,0,,,,,0,30.68,30.68
2018,POST,00-0033110,T.Higbee,Tyler Higbee,TE,TE,"https://static.www.nfl.com/image/private/f_auto,q_auto/league/vk9c6lr4d1pdt9sr86ua",2,LA,0,0,0,0,0,0,0,0,0,0,0,0,,0,,,0,0,0,0,0,0,,0,6,8,55,1,0,0,41,53,4,3.65691170329228,0,1.34146341463415,0.121212121212121,0.0823293172690763,0.239448703906535,0,11.5,17.5
2018,POST,00-0033217,M.Alie-Cox,Mo Alie-Cox,TE,TE,"https://static.www.nfl.com/image/private/f_auto,q_auto/league/vaiszuzdtyszme2bkfxv",1,IND,0,0,0,0,0,0,0,0,0,0,0,0,,0,,,0,0,0,0,0,0,,0,0,1,0,0,0,0,5,0,0,-1.09918703918962,0,0.0,0.0277777777777778,0.0162337662337662,0.053030303030303,0,0.0,0.0
2018,POST,00-0033251,Z.Pascal,Zach Pascal,WR,WR,"https://static.www.nfl.com/image/private/f_auto,q_auto/league/dnb115czpwythbso8avp",2,IND,0,0,0,0,0,0,0,0,0,0,0,0,,0,,,1,14,0,0,0,1,1.07356381311547,0,2,6,13,0,0,0,77,9,0,-6.82736548071262,0,0.168831168831169,0.0895522388059701,0.12241653418124,0.220019932135823,1,8.7,10.7
2018,POST,00-0033357,T.Hill,Taysom Hill,QB,QB,"https://static.www.nfl.com/image/private/f_auto,q_auto/league/pjp1aahvacigoh0sorpg",2,NO,0,1,0,0,0,0,0,0,0,-1,0,0,-0.764393486897461,0,0.0,,3,8,0,1,0,1,1.8931512873387,0,1,2,2,1,0,0,40,5,1,1.11039343778975,0,0.05,0.0263157894736842,0.0665557404326123,0.0860627025133549,0,7.0,8.0
2018,POST,00-0033373,T.Mizzell,Taquan Mizzell,RB,RB,"https://static.www.nfl.com/image/private/f_auto,q_auto/league/hgm2eiin7bfergfrjhxi",1,CHI,0,0,0,0,0,0,0,0,0,0,0,0,,0,,,1,-1,0,0,0,0,-1.0529987658374,0,0,1,0,0,0,0,2,0,0,-0.493865862954408,0,0.0,0.024390243902439,0.0045871559633027,0.0397963750279705,0,-0.1,-0.1
2018,POST,00-0033382,A.Carr,Austin Carr,WR,WR,"https://static.www.nfl.com/image/private/f_auto,q_auto/league/uuln9v0o8aeurocrzvxp",1,NO,0,0,0,0,0,0,0,0,0,0,0,0,,0,,,0,0,0,0,0,0,,0,1,1,5,0,0,0,5,0,0,-0.0732516532298178,0,1.0,0.0256410256410256,0.0218340611353712,0.0537453812562983,0,0.5,1.5
2018,POST,00-0033474,G.Dieter,Gehrig Dieter,WR,WR,"https://static.www.nfl.com/image/private/f_auto,q_auto/league/ex3zzzxojejpl5rqskmq",1,KC,0,0,0,0,0,0,0,0,0,0,0,0,,0,,,0,0,0,0,0,0,,0,1,1,11,0,0,0,5,6,1,1.23535431688651,0,2.2,0.024390243902439,0.0135869565217391,0.0460962354188759,0,1.1,2.1
2018,POST,00-0033536,M.Williams,Mike Williams,WR,WR,"https://static.www.nfl.com/image/private/f_auto,q_auto/league/oaa76gdfwdhaum4b5qkh",2,LAC,0,0,0,0,0,0,0,0,0,0,0,0,,0,,,0,0,0,0,0,0,,0,7,16,110,0,0,0,254,23,6,4.61792074982077,1,0.433070866141732,0.210526315789474,0.339572192513369,0.553490008443569,0,13.0,20.0
2018,POST,00-0033537,D.Watson,Deshaun Watson,QB,QB,"https://static.www.nfl.com/image/private/f_auto,q_auto/league/otfs2docj6eahaebo5xn",1,HOU,29,49,235,1,1,3,18,0,0,352,139,13,-12.5679466215079,0,0.667613636363636,-0.0318064130148597,8,76,0,0,0,4,5.84741896571359,0,0,0,0,0,0,0,0,0,0,,0,,,,,0,19.0,19.0
2018,POST,00-0033556,T.Cohen,Tarik Cohen,RB,RB,"https://static.www.nfl.com/image/private/f_auto,q_auto/league/pm0uewrl0ugotlc5wbpc",1,CHI,0,0,0,0,0,0,0,0,0,0,0,0,,0,,,1,0,0,0,0,0,-0.383748900028877,0,3,5,27,0,0,0,37,9,1,-0.689572531729937,0,0.72972972972973,0.121951219512195,0.0848623853211009,0.242330498993063,0,2.7,5.7
2018,POST,00-0033591,N.Brown,Noah Brown,WR,WR,"https://static.www.nfl.com/image/upload/f_auto,q_auto/league/skdu8rnw7nwgxdkaonyi",2,DAL,0,0,0,0,0,0,0,0,0,0,0,0,,0,,,0,0,0,0,0,0,,0,2,5,19,0,0,0,35,6,1,-4.606826051604,0,0.542857142857143,0.078125,0.0739957716701903,0.168984540169133,0,1.9,3.9
2018,POST,00-0033594,C.Carson,Chris Carson,RB,RB,"https://static.www.nfl.com/image/private/f_auto,q_auto/league/zxjqunrgf4j8p2eg4xyl",1,SEA,0,0,0,0,0,0,0,0,0,0,0,0,,0,,,13,20,0,0,0,0,-6.42195674183313,1,2,3,-1,0,0,0,-5,6,0,-2.08546209562337,0,0.2,0.111111111111111,-0.0223214285714286,0.151041666666667,0,3.9,5.9
2018,POST,00-0033658,B.Jarwin,Blake Jarwin,TE,TE,"https://static.www.nfl.com/image/private/f_auto,q_auto/league/fsn8rvgup22r5e53mu7i",2,DAL,0,0,0,0,0,0,0,0,0,0,0,0,,0,,,0,0,0,0,0,0,,0,5,5,32,0,0,0,6,26,3,2.62230185756926,0,5.33333333333333,0.078125,0.0126849894291755,0.126066992600423,0,3.2,8.2
2018,POST,00-0033699,A.Ekeler,Austin Ekeler,RB,RB,"https://static.www.nfl.com/image/private/f_auto,q_auto/league/s1e7ejmmjkaxbv9zhvfl",2,LAC,0,0,0,0,0,0,0,0,0,0,0,0,,0,,,11,29,0,0,0,0,-4.82077167551359,0,7,9,33,0,0,0,13,50,1,0.0872751226415858,0,2.53846153846154,0.118421052631579,0.017379679144385,0.189797354348438,0,6.2,13.2
2018,POST,00-0033869,M.Trubisky,Mitchell Trubisky,QB,QB,"https://static.www.nfl.com/image/private/f_auto,q_auto/league/egmpgvzck6v2unbh0plp",1,CHI,26,43,303,1,0,2,12,0,0,446,75,12,6.12002179778218,0,0.679372197309417,0.0645366574612237,3,9,0,0,0,0,-2.34393620535932,0,0,0,0,0,0,0,0,0,0,,0,,,,,0,17.02,17.02
2018,POST,00-0033873,P.Mahomes,Patrick Mahomes,QB,QB,"https://static.www.nfl.com/image/private/f_auto,q_auto/league/oagzjdsdoezmp6frggrn",2,KC,43,72,573,3,0,8,71,1,0,788,275,25,6.63091483533181,0,0.727157360406091,0.0876312257634795,5,19,1,1,0,2,2.06136252701981,0,0,0,0,0,0,0,0,0,0,,0,,,,,0,42.82,42.82
2018,POST,00-0033895,G.Everett,Gerald Everett,TE,TE,"https://static.www.nfl.com/image/private/f_auto,q_auto/league/te11unippqhdc6auox6i",3,LA,0,0,0,0,0,0,0,0,0,0,0,0,,0,,,0,0,0,0,0,0,,0,2,7,50,0,0,0,73,25,2,-0.71634812922735,0,0.684931506849315,0.0686274509803922,0.0822072072072072,0.160486221515633,0,5.0,7.0
2018,POST,00-0033896,A.Shaheen,Adam Shaheen,TE,TE,"https://static.www.nfl.com/image/private/f_auto,q_auto/league/rvj5swstfh0vf6f6w2hr",1,CHI,0,0,0,0,0,0,0,0,0,0,0,0,,0,,,0,0,0,0,0,0,,0,3,4,13,0,0,0,24,8,0,-1.1215200535953,0,0.541666666666667,0.0975609756097561,0.055045871559633,0.184873573506377,0,1.3,4.3
2018,POST,00-0033906,A.Kamara,Alvin Kamara,RB,RB,"https://static.www.nfl.com/image/private/f_auto,q_auto/league/tl9enad6kiwv6cukf4vt",2,NO,0,0,0,0,0,0,0,0,0,0,0,0,,0,,,24,86,0,0,0,7,-5.23924813700301,0,15,17,131,0,0,0,18,116,6,3.52597322650775,0,7.27777777777778,0.223684210526316,0.0299500831946755,0.356491374025747,0,21.7,36.7
2018,POST,00-0033925,D.Foreman,D'Onta Foreman,RB,RB,"https://static.www.nfl.com/image/private/f_auto,q_auto/league/fhxviqgdrngc8gvvhnor",1,HOU,0,0,0,0,0,0,0,0,0,0,0,0,,0,,,1,3,0,0,0,0,-0.256778076291084,0,0,1,0,0,0,0,2,0,0,-0.518703853711486,0,0.0,0.0212765957446809,0.0061919504643962,0.0362492589420987,0,0.3,0.3
2018,POST,00-0033943,J.Reynolds,Josh Reynolds,WR,WR,"https://static.www.nfl.com/image/private/f_auto,q_auto/league/sxrgouqg155xtgtzesy9",3,LA,0,0,0,0,0,0,0,0,0,0,0,0,,0,,,2,25,0,0,0,1,2.04529224062571,0,8,18,121,0,0,0,207,38,6,2.30916707398137,0,0.584541062801932,0.176470588235294,0.233108108108108,0.427881558028617,0,14.6,22.6
2018,POST,00-0033951,M.Mack,Marlon Mack,RB,RB,"https://static.www.nfl.com/image/private/f_auto,q_auto/league/d3sdoo1yiey5oiyblulk",2,IND,0,0,0,0,0,0,0,0,0,0,0,0,,0,,,33,194,1,0,0,10,2.68964281631634,0,2,3,6,0,0,0,2,6,0,-5.83308954711538,0,3.0,0.0967741935483871,0.0062305295950155,0.149522661039092,0,26.0,28.0
2018,POST,00-0034011,D.Arnold,Dan Arnold,TE,TE,"https://static.www.nfl.com/image/private/f_auto,q_auto/league/wym2o0jlxcvswj3gy9kv",1,NO,0,0,0,0,0,0,0,0,0,0,0,0,,0,,,0,0,0,0,0,0,,0,0,2,0,0,0,0,35,0,0,-1.98144325953795,0,0.0,0.0512820512820513,0.152838427947598,0.183909976486396,0,0.0,0.0
2018,POST,00-0034184,G.Edwards,Gus Edwards,RB,RB,"https://static.www.nfl.com/image/private/f_auto,q_auto/league/tvxpivjku1lbpf7tfafl",1,BAL,0,0,0,0,0,0,0,0,0,0,0,0,,0,,,8,23,0,0,0,0,-3.376724637812,0,0,0,0,0,0,0,0,0,0,,0,,,,,0,2.3,2.3
2018,POST,00-0034301,D.Williams,Darrel Williams,RB,RB,"https://static.www.nfl.com/image/private/f_auto,q_auto/league/qloiwle7db59cznhqhub",1,KC,0,0,0,0,0,0,0,0,0,0,0,0,,0,,,3,9,1,0,0,1,2.17775139119476,0,0,0,0,0,0,0,0,0,0,,0,,,,,0,6.9,6.9
2018,POST,00-0034317,K.Kirkwood,Keith Kirkwood,WR,WR,"https://static.www.nfl.com/image/private/f_auto,q_auto/league/iedau8bt7wngc8mxfd9h",1,NO,0,0,0,0,0,0,0,0,0,0,0,0,,0,,,0,0,0,0,0,0,,0,2,2,8,1,0,0,8,0,1,4.00417762203142,0,1.0,0.0540540540540541,0.021505376344086,0.0961348445219413,0,6.8,8.8
2018,POST,00-0034351,D.Goedert,Dallas Goedert,TE,TE,"https://static.www.nfl.com/image/private/f_auto,q_auto/league/flzasty1ea7iswbtd0e5",1,PHI,0,0,0,0,0,0,0,0,0,0,0,0,,0,,,0,0,0,0,0,0,,0,2,4,20,1,0,0,21,10,2,1.06673867284553,0,0.952380952380952,0.1,0.0652173913043478,0.195652173913043,0,8.0,10.0
2018,POST,00-0034353,A.Miller,Anthony Miller,WR,WR,"https://static.www.nfl.com/image/private/f_auto,q_auto/league/t7d2vuwwmbpasriplvg6",1,CHI,0,0,0,0,0,0,0,0,0,0,0,0,,0,,,0,0,0,0,0,0,,0,3,5,34,0,0,0,77,7,2,3.60553804995296,0,0.441558441558442,0.121951219512195,0.176605504587156,0.306550682479302,0,3.4,6.4
2018,POST,00-0034364,J.Akins,Jordan Akins,TE,TE,"https://static.www.nfl.com/image/private/f_auto,q_auto/league/fgkl9zfpy2yxrkxfge84",1,HOU,0,0,0,0,0,0,0,0,0,0,0,0,,0,,,0,0,0,0,0,0,,0,2,3,8,0,0,0,14,9,1,-1.65479305380723,0,0.571428571428571,0.0638297872340426,0.043343653250774,0.126085238126606,0,0.8,2.8
2018,POST,00-0034366,K.Coutee,Keke Coutee,WR,WR,"https://static.www.nfl.com/image/private/f_auto,q_auto/league/b63h388y8kzvntk6tuqx",1,HOU,0,0,0,0,0,0,0,0,0,0,0,0,,0,,,0,0,0,0,0,0,,0,11,14,110,1,0,0,61,49,6,7.44481607625494,0,1.80327868852459,0.297872340425532,0.188854489164087,0.579006653053159,0,17.0,28.0
2018,POST,00-0034367,N.Hines,Nyheim Hines,RB,RB,"https://static.www.nfl.com/image/private/f_auto,q_auto/league/lgpfurgix754r54hvas4",1,IND,0,0,0,0,0,0,0,0,0,0,0,0,,0,,,3,24,0,0,0,1,0.693264485686086,0,0,0,0,0,0,0,0,0,0,,0,,,,,0,2.4,2.4
2018,POST,00-0034383,D.Schultz,Dalton Schultz,TE,TE,"https://static.www.nfl.com/image/private/f_auto,q_auto/league/lhplapyya8pp3yyz8bht",1,DAL,0,0,0,0,0,0,0,0,0,0,0,0,,0,,,0,0,0,0,0,0,,0,1,2,20,0,0,0,30,8,1,0.337433504872024,0,0.666666666666667,0.0625,0.128205128205128,0.18349358974359,0,2.0,3.0
2018,POST,00-0034400,J.Wilkins,Jordan Wilkins,RB,RB,"https://static.www.nfl.com/image/private/f_auto,q_auto/league/ltz7ffp0fnywwhcm2d3z",2,IND,0,0,0,0,0,0,0,0,0,0,0,0,,0,,,2,9,0,0,0,0,-0.390123588498682,0,0,1,0,0,0,0,1,0,0,-0.43773001129739,0,0.0,0.0277777777777778,0.0032467532467532,0.0439393939393939,0,0.9,0.9
2018,POST,00-0034440,J.Jackson,Justin Jackson,RB,RB,"https://static.www.nfl.com/image/private/f_auto,q_auto/league/n7pvb1trbn9rtttlw7df",2,LAC,0,0,0,0,0,0,0,0,0,0,0,0,,0,,,3,9,0,0,0,0,-0.376076936605386,0,3,4,22,0,0,0,-11,29,1,0.265727576450445,0,-2.0,0.0851063829787234,-0.0192982456140351,0.114150802538261,0,3.1,6.1
2018,POST,00-0034457,J.Adams,Josh Adams,RB,RB,"https://static.www.nfl.com/image/private/f_auto,q_auto/league/ppc3a6qvlxjxmkwxbphn",1,PHI,0,0,0,0,0,0,0,0,0,0,0,0,,0,,,1,2,0,0,0,0,-0.407742257462814,0,0,0,0,0,0,0,0,0,0,,0,,,,,0,0.2,0.2
2018,POST,00-0034631,V.Smith,Vyncint Smith,WR,WR,"https://static.www.nfl.com/image/private/f_auto,q_auto/league/jjwvixdxj0lapvuqwbz9",1,HOU,0,0,0,0,0,0,0,0,0,0,0,0,,0,,,0,0,0,0,0,0,,0,0,2,0,0,0,0,73,0,0,-3.96007547801128,0,0.0,0.0425531914893617,0.226006191950464,0.222034121599368,0,0.0,0.0
2018,POST,00-0034750,R.Penny,Rashaad Penny,RB,RB,"https://static.www.nfl.com/image/private/f_auto,q_auto/league/mwvzwst6cfcwifblqtsj",1,SEA,0,0,0,0,0,0,0,0,0,0,0,0,,0,,,4,29,0,0,0,2,0.491425259504467,0,0,0,0,0,0,0,0,0,0,,0,,,,,0,2.9,2.9
2018,POST,00-0034753,M.Andrews,Mark Andrews,TE,TE,"https://static.www.nfl.com/image/private/f_auto,q_auto/league/cv7h66mkpoalli9wfdqp",1,BAL,0,0,0,0,0,0,0,0,0,0,0,0,,0,,,0,0,0,0,0,0,,0,3,7,31,0,0,0,57,10,1,-2.18322186148725,0,0.543859649122807,0.269230769230769,0.228,0.563446153846154,0,3.1,6.1
2018,POST,00-0034764,M.Gallup,Michael Gallup,WR,WR,"https://static.www.nfl.com/image/private/f_auto,q_auto/league/tt9xpcg4x2z3osc1fcq6",2,DAL,0,0,0,0,0,0,0,0,0,0,0,0,,0,,,0,0,0,0,0,0,,0,8,15,137,1,0,0,195,29,5,5.08761671750108,0,0.702564102564103,0.234375,0.412262156448203,0.640146009513742,0,19.7,27.7
2018,POST,00-0034765,T.Smith,Tre'Quan Smith,WR,WR,"https://static.www.nfl.com/image/private/f_auto,q_auto/league/w0fqbjft1n3akkw7o6jc",2,NO,0,0,0,0,0,0,0,0,0,0,0,0,,0,,,1,5,0,0,0,0,0.0339755357708782,0,2,4,25,0,0,0,57,2,2,-1.82645142846741,0,0.43859649122807,0.0526315789473684,0.0948419301164726,0.145336719502583,0,3.0,5.0
2018,POST,00-0034796,L.Jackson,Lamar Jackson,QB,QB,"https://static.www.nfl.com/image/private/f_auto,q_auto/league/wj1fwvvkjaqztm56ybzu",1,BAL,14,29,194,2,1,7,55,2,1,250,95,7,-5.41888122726232,0,0.776,-0.0360791921190565,9,54,0,1,0,4,-0.730742140267095,0,0,0,0,0,0,0,0,0,0,,0,,,,,0,17.16,17.16
2018,POST,00-0034830,H.Hurst,Hayden Hurst,TE,TE,"https://static.www.nfl.com/image/private/f_auto,q_auto/league/evevkgcgy0suudtprryp",1,BAL,0,0,0,0,0,0,0,0,0,0,0,0,,0,,,0,0,0,0,0,0,,0,0,1,0,0,0,0,12,0,0,-1.11179769318551,0,0.0,0.0384615384615385,0.048,0.0912923076923077,0,0.0,0.0
2018,POST,00-0034845,S.Michel,Sony Michel,RB,RB,"https://static.www.nfl.com/image/private/f_auto,q_auto/league/eydtwcqcaegkuwivq0ln",3,NE,0,0,0,0,0,0,0,0,0,0,0,0,,0,,,71,336,6,0,0,19,8.54920709846748,0,1,3,9,0,0,0,-6,10,0,-0.833867491222918,0,-1.5,0.0379746835443038,-0.0133630289532294,0.0476079050491951,0,70.5,71.5
2018,REG+POST,00-0019596,T.Brady,Tom Brady,QB,QB,"https://static.www.nfl.com/image/private/f_auto,q_auto/league/q7dpdlxyu5rs05rgh1le",19,NE,460,695,5308,31,14,22,156,5,2,5324,2615,255,116.409924095011,0,0.996994740796394,0.124637012020204,28,31,2,0,0,10,0.674191118768982,0,1,1,6,0,0,0,0,6,0,-0.220585573464632,0,0.0,0.025,,,0,320.02,321.02
2018,REG+POST,00-0020531,D.Brees,Drew Brees,QB,QB,"https://static.www.nfl.com/image/private/f_auto,q_auto/league/i20xlpzdmn7xubotijjd",17,NO,418,567,4542,36,7,21,146,4,1,4115,2096,225,170.694964183822,1,1.10376670716889,0.201093065619757,36,20,4,1,0,12,6.08529364076094,0,1,1,1,0,0,0,-2,3,0,-0.848814587574452,0,0.0,0.0344827586206897,-0.0125,0.0429741379310345,0,337.78,338.78
2018,REG+POST,00-0021206,J.McCown,Josh McCown,QB,QB,"https://static.www.nfl.com/image/private/f_auto,q_auto/league/qcauc37wqjdaxdbq1evu",4,NYJ,60,110,539,1,4,7,35,0,0,805,308,27,-32.3868832605492,0,0.669565217391304,-0.0246251196010374,5,32,0,0,0,2,2.84682585380506,0,0,0,0,0,0,0,0,0,0,,0,,,,,0,20.76,20.76
2018,REG+POST,00-0021547,A.Gates,Antonio Gates,TE,TE,"https://static.www.nfl.com/image/private/f_auto,q_auto/league/kndulvysinvn4tpvt0bc",17,LAC,0,0,0,0,0,0,0,0,0,0,0,0,,0,,,0,0,0,0,0,0,,0,37,57,409,3,1,1,442,153,25,11.5012943471313,2,0.925339366515837,0.102517985611511,0.100317748524739,0.223999402384583,0,60.9,97.9
2018,REG+POST,00-0022787,M.Schaub,Matt Schaub,QB,QB,"https://static.www.nfl.com/image/private/f_auto,q_auto/league/mj2kh2nddxnw04ludcx0",2,ATL,5,7,20,0,0,0,0,0,0,32,8,1,-2.43650824035285,0,0.625,0.0405595516204862,1,0,0,1,0,0,-1.40485743503086,0,1,1,-7,0,0,0,-7,0,0,-1.41032610100228,0,0.0,0.0222222222222222,-0.0194986072423398,0.0196843082636955,0,0.1,1.1
2018,REG+POST,00-0022803,E.Manning,Eli Manning,QB,QB,"https://static.www.nfl.com/image/private/f_auto,q_auto/league/w51tf8uedjftbr4qpaex",16,NYG,380,576,4299,21,11,47,358,7,4,4229,2162,206,27.8333442102506,3,1.01655237644833,0.0788559451149325,15,20,1,0,0,5,6.78490248315134,0,0,0,0,0,0,0,0,0,0,,0,,,,,0,239.96,239.96
2018,REG+POST,00-0022921,L.Fitzgerald,Larry Fitzgerald,WR,WR,"https://static.www.nfl.com/image/private/f_auto,q_auto/league/ycgjjaad5un42gy4pnga",16,ARI,1,1,32,1,0,0,0,0,0,28,4,1,3.08804284088546,0,1.14285714285714,,0,0,0,0,0,0,,0,69,112,734,6,0,0,1033,205,39,0.614336207116942,1,0.71055179090029,0.236786469344609,0.266511867905057,0.541738011550453,0,116.68,185.68
2018,REG+POST,00-0022924,B.Roethlisberger,Ben Roethlisberger,QB,QB,"https://static.www.nfl.com/image/private/f_auto,q_auto/league/vziogpnyp9d0xtpiuqhr",16,PIT,452,675,5129,34,16,24,166,7,2,5254,2802,248,142.846189016395,4,0.976208602969166,0.14628324183912,31,98,3,0,0,13,11.1367030574766,0,1,1,-1,0,0,0,0,-1,0,-0.575267072184943,0,0.0,0.0222222222222222,,,0,340.86,341.86
2018,REG+POST,00-0022942,P.Rivers,Philip Rivers,QB,QB,"https://static.www.nfl.com/image/private/f_auto,q_auto/league/voakyrtj34sghkwxaxxf",18,LAC,394,591,4799,35,13,35,225,1,1,4720,2336,237,143.961891618261,7,1.01673728813559,0.152048196430251,21,22,0,1,0,2,-13.6466343701052,0,0,0,0,0,0,0,0,0,0,,0,,,,,0,320.16,320.16
2018,REG+POST,00-0022943,B.Watson,Benjamin Watson,TE,TE,"https://static.www.nfl.com/image/private/f_auto,q_auto/league/dorymozpdnrllkqlfzpu",14,NO,0,0,0,0,0,0,0,0,0,0,0,0,,0,,,0,0,0,0,0,0,,0,36,47,412,2,0,0,475,94,22,21.0910064752305,0,0.867368421052632,0.101075268817204,0.1357918810749,0.246667219978236,0,53.2,89.2
2018,REG+POST,00-0023436,A.Smith,Alex Smith,QB,QB,"https://static.www.nfl.com/image/private/f_auto,q_auto/league/dpa5d1a8jj6jdymocjkx",10,WAS,205,328,2180,10,5,22,121,3,1,2650,975,106,-6.61701240472157,0,0.822641509433962,0.0594171777117927,41,168,1,3,0,15,11.9279611891252,0,0,0,0,0,0,0,0,0,0,,0,,,,,0,138.0,138.0
2018,REG+POST,00-0023459,A.Rodgers,Aaron Rodgers,QB,QB,"https://static.www.nfl.com/image/private/f_auto,q_auto/league/gnta8ufi2vdp967dui9e",16,GB,372,597,4442,25,2,49,353,4,3,5241,2134,200,52.8180984379143,2,0.847548177828659,0.0888218227505113,43,269,2,2,0,20,21.600117174534,1,0,0,0,0,0,0,0,0,0,,0,,,,,0,312.58,312.58
2018,REG+POST,00-0023500,F.Gore,Frank Gore,RB,RB,"https://static.www.nfl.com/image/private/f_auto,q_auto/league/lxxkhd2suyalrbruzut7",14,MIA,0,0,0,0,0,0,0,0,0,0,0,0,,0,,,156,722,0,1,0,25,-3.90575974230597,0,12,16,124,1,0,0,21,115,8,6.86517557341722,0,5.90476190476191,0.0579710144927536,0.0093499554764024,0.0935014905726122,0,90.6,102.6
2018,REG+POST,00-0023564,D.Sproles,Darren Sproles,RB,RB,"https://static.www.nfl.com/image/private/f_auto,q_auto/league/gvj5ng27blmwuz170aeo",8,PHI,0,0,0,0,0,0,0,0,0,0,0,0,,0,,,45,145,1,0,0,7,-6.0968722062678,0,20,30,195,2,0,0,24,175,8,10.4045286922192,0,8.125,0.119047619047619,0.0124675324675325,0.187298701298701,0,52.0,72.0
2018,REG+POST,00-0023645,D.Anderson,Derek Anderson,QB,QB,"https://static.www.nfl.com/image/private/f_auto,q_auto/league/w191gsxivnqgdwgydka6",2,BUF,42,70,465,0,4,5,33,3,2,618,174,22,-38.5977860581913,0,0.752427184466019,0.0091811530403072,1,-1,0,0,0,0,1.4740977678448,0,0,0,0,0,0,0,0,0,0,,0,,,,,0,6.5,6.5
2018,REG+POST,00-0023662,M.Cassel,Matt Cassel,QB,QB,"https://static.www.nfl.com/image/private/f_auto,q_auto/league/n1ucqggyu5hlsqzuv5gj",2,DET,7,17,59,0,1,1,13,0,0,124,29,2,-15.9669800809352,0,0.475806451612903,-0.114401629089392,2,13,0,0,0,1,2.352628548746,0,0,0,0,0,0,0,0,0,0,,0,,,,,0,1.66,1.66
2018,REG+POST,00-0023682,R.Fitzpatrick,Ryan Fitzpatrick,QB,QB,"https://static.www.nfl.com/image/private/f_auto,q_auto/league/pkhhxwplsawnhln9rsun",8,TB,164,246,2366,17,12,14,76,4,1,2546,874,113,59.5682216293768,1,0.92930086410055,0.168121922367677,36,152,2,0,0,9,1.1229270898181,0,0,0,0,0,0,0,0,0,0,,0,,,,,0,165.84,165.84
2018,REG+POST,00-0023853,M.Prater,Matt Prater,K,SPEC,"https://static.www.nfl.com/image/private/f_auto,q_auto/league/fqsjhn7vjb6lzhzctyiq",1,DET,1,1,8,1,0,0,0,0,0,8,0,1,4.07092762179673,0,1.0,,0,0,0,0,0,0,,0,0,0,0,0,0,0,0,0,0,,0,,,,,0,4.32,4.32
2018,REG+POST,00-0024221,V.Davis,Vernon Davis,TE,TE,"https://static.www.nfl.com/image/private/f_auto,q_auto/league/so5ywayfeeu4zeijln5m",13,WAS,0,0,0,0,0,0,0,0,0,0,0,0,,0,,,0,0,0,0,0,0,,0,25,36,367,2,0,0,416,168,16,17.9291998010594,1,0.882211538461539,0.0867469879518072,0.124962451186543,0.217594197758291,0,50.7,75.7
2018,REG+POST,00-0024243,M.Lewis,Marcedes Lewis,TE,TE,"https://static.www.nfl.com/image/private/f_auto,q_auto/league/ppq07tipygpftz5csipx",4,GB,0,0,0,0,0,0,0,0,0,0,0,0,,0,,,0,0,0,0,0,0,,0,3,4,39,0,0,0,5,31,1,1.95876046724152,0,7.8,0.0300751879699248,0.0042881646655231,0.0481144972207534,0,3.9,6.9
2018,REG+POST,00-0024334,B.Marshall,Brandon Marshall,WR,WR,"https://static.www.nfl.com/image/private/f_auto,q_auto/league/jhziqh0scfksvxen6f3s",6,SEA,0,0,0,0,0,0,0,0,0,0,0,0,,0,,,0,0,0,0,0,0,,0,11,23,136,1,0,0,257,23,7,-2.5143833623611,0,0.529182879377432,0.145569620253165,0.181882519462137,0.345672194003243,0,19.6,30.6
2018,REG+POST,00-0024348,K.Williams,Kyle Williams,DT,DL,"https://static.www.nfl.com/image/private/f_auto,q_auto/league/az6qa28sbmxfklqs9waz",1,BUF,0,0,0,0,0,0,0,0,0,0,0,0,,0,,,0,0,0,0,0,0,,0,1,1,9,0,0,0,-1,10,0,0.556532727205195,0,0.0,0.0416666666666667,-0.0074626865671641,0.0572761194029851,0,0.9,1.9
2018,REG+POST,00-0024389,De.Walker,Delanie Walker,TE,TE,"https://static.www.nfl.com/image/private/f_auto,q_auto/league/diknegkpqy0qnri7877z",1,TEN,0,0,0,0,0,0,0,0,0,0,0,0,,0,,,0,0,0,0,0,0,,0,4,7,52,0,0,0,46,20,4,-4.93459316994995,0,1.1304347826087,0.184210526315789,0.177606177606178,0.400640113798009,0,5.2,9.2
2018,REG+POST,00-0024417,S.Koch,Sam Koch,P,SPEC,"https://static.www.nfl.com/image/private/f_auto,q_auto/league/dw34lcf6qit1i1knjhpv",1,BAL,1,1,21,0,0,0,0,0,0,19,2,1,4.49072372843511,0,1.10526315789474,,0,0,0,0,0,0,,0,0,0,0,0,0,0,0,0,0,,0,,,,,0,0.84,0.84
2018,REG+POST,00-0025394,A.Peterson,Adrian Peterson,RB,RB,"https://static.www.nfl.com/image/private/f_auto,q_auto/league/ug2ua3skqc9f6vkbowxc",16,WAS,0,0,0,0,0,0,0,0,0,0,0,0,,0,,,251,1042,7,2,1,47,-24.2657921242776,0,20,26,208,1,1,1,9,201,9,2.67842187074712,0,23.1111111111111,0.0680628272251309,0.0029013539651837,0.104125188613325,0,169.0,189.0
2018,REG+POST,00-0025396,T.Ginn,Ted Ginn,WR,WR,"https://static.www.nfl.com/image/private/f_auto,q_auto/league/o4m4txrv9l7odyebnea4",7,NO,0,0,0,0,0,0,0,0,0,0,0,0,,0,,,3,26,0,0,0,1,0.793055294663645,0,23,43,311,2,2,1,700,57,14,-2.80578037456144,1,0.444285714285714,0.155797101449275,0.33718689788054,0.469726480690291,0,45.7,68.7
2018,REG+POST,00-0025399,M.Lynch,Marshawn Lynch,RB,RB,"https://static.www.nfl.com/image/private/f_auto,q_auto/league/ddhpebfqtr9yxsnbx9ht",6,LV,0,0,0,0,0,0,0,0,0,0,0,0,,0,,,90,376,3,0,0,20,-2.75941792973246,0,15,20,84,0,0,0,-6,90,6,-1.40269426475455,0,-14.0,0.0888888888888889,-0.0050632911392405,0.129789029535865,0,64.0,79.0
2018,REG+POST,00-0025415,J.Staley,Joe Staley,T,OL,"https://static.www.nfl.com/image/private/f_auto,q_auto/league/vzmoz5duiuoocv4qnyhl",1,SF,0,0,0,0,0,0,0,0,0,0,0,0,,0,,,0,0,0,0,0,0,,0,1,1,-5,0,0,0,-10,5,0,-1.04862846038304,0,0.0,0.03125,-0.045662100456621,0.0149115296803653,0,-0.5,0.5
2018,REG+POST,00-0025418,G.Olsen,Greg Olsen,TE,TE,"https://static.www.nfl.com/image/private/f_auto,q_auto/league/jevf1bubmrv2vvmiwq3r",9,CAR,0,0,0,0,0,0,0,0,0,0,0,0,,0,,,0,0,0,0,0,0,,0,27,38,291,4,0,0,337,84,18,21.8033465814248,0,0.863501483679525,0.133333333333333,0.159112370160529,0.31137865911237,0,53.1,80.1
2018,REG+POST,00-0025580,M.Crosby,Mason Crosby,K,SPEC,"https://static.www.nfl.com/image/private/f_auto,q_auto/league/usbwgcjsdcugjafgjzvt",1,GB,0,0,0,0,0,0,0,0,0,0,0,0,,0,,,0,0,0,0,0,0,,0,0,1,0,0,0,0,-2,0,0,-0.652180086064618,0,0.0,0.0222222222222222,-0.0061349693251533,0.029038854805726,0,0.0,0.0
2018,REG+POST,00-0025944,S.Hauschka,Stephen Hauschka,K,SPEC,"https://static.www.nfl.com/image/private/f_auto,q_auto/league/dx2dsdejdbqrjltnkstm",1,BUF,0,0,0,0,0,0,0,0,0,0,0,0,,0,,,0,0,0,0,0,0,,0,0,1,0,0,0,0,-8,0,0,-2.96383269835496,0,0.0,0.05,-0.0522875816993464,0.0383986928104575,0,0.0,0.0
2018,REG+POST,00-0026035,D.Amendola,Danny Amendola,WR,WR,"https://static.www.nfl.com/image/private/f_auto,q_auto/league/etz06w7s0ardf49mnayz",15,MIA,1,1,28,1,0,0,0,0,0,25,3,1,2.50178959069308,0,1.12,,1,-2,0,0,0,0,-0.718420931370929,0,59,79,575,1,0,0,589,229,27,-2.73806149594524,0,0.976230899830221,0.192214111922141,0.17908178777744,0.41367841932742,0,68.42,127.42
2018,REG+POST,00-0026143,M.Ryan,Matt Ryan,QB,QB,"https://static.www.nfl.com/image/private/f_auto,q_auto/league/s6zam4ekrrnonsck6vak",16,ATL,422,608,4924,35,7,42,296,9,5,5201,2133,236,122.460632805271,2,0.946741011343972,0.164377783891942,33,125,3,0,0,15,5.74905038392791,0,1,1,5,1,0,0,1,4,1,2.71719941537594,0,5.0,0.0232558139534884,0.0026737967914438,0.0367553786842433,0,353.96,354.96
2018,REG+POST,00-0026153,J.Stewart,Jonathan Stewart,RB,RB,"https://static.www.nfl.com/image/private/f_auto,q_auto/league/dzvxfj3xrgnzc3jbag2n",3,NYG,0,0,0,0,0,0,0,0,0,0,0,0,,0,,,6,17,0,0,0,0,-1.89039710717043,0,0,0,0,0,0,0,0,0,0,,0,,,,,0,1.7,1.7
2018,REG+POST,00-0026158,J.Flacco,Joe Flacco,QB,QB,"https://static.www.nfl.com/image/upload/f_auto,q_auto/league/dwsbpmlhoqud0puidizt",9,BAL,232,379,2465,12,6,16,79,2,1,3237,1015,122,19.1797833552897,0,0.761507568736484,0.0705568568299265,19,45,0,1,0,10,0.174755844695028,0,0,0,0,0,0,0,0,0,0,,0,,,,,0,137.1,137.1
2018,REG+POST,00-0026176,J.Nelson,Jordy Nelson,WR,WR,"https://static.www.nfl.com/image/private/f_auto,q_auto/league/bde2n4ozsakatgs4yyp2",15,LV,0,0,0,0,0,0,0,0,0,0,0,0,,0,,,1,-2,0,0,0,0,-1.17307024565525,0,63,88,739,3,0,0,812,241,36,19.0697035685159,1,0.910098522167488,0.175298804780877,0.234953703703704,0.427415799763907,0,93.7,156.7
2018,REG+POST,00-0026189,D.Jackson,DeSean Jackson,WR,WR,"https://static.www.nfl.com/image/private/f_auto,q_auto/league/pr5m864fqvnoozihylrh",12,TB,0,0,0,0,0,0,0,0,0,0,0,0,,0,,,6,29,1,0,0,2,1.07408832170768,0,41,74,774,4,0,0,1421,181,31,14.0001565196953,0,0.544686840253343,0.149494949494949,0.270615120929347,0.413673008892967,0,110.3,151.3
2018,REG+POST,00-0026197,C.Henne,Chad Henne,QB,QB,"https://static.www.nfl.com/image/private/f_auto,q_auto/league/ornr9pcnzveqlntqc7jx",1,KC,2,3,29,0,0,0,0,0,0,18,15,2,0.37695603776956,0,1.61111111111111,,1,3,0,0,0,0,-0.330853099003434,0,0,0,0,0,0,0,0,0,0,,0,,,,,0,1.46,1.46
2018,REG+POST,00-0026213,J.Charles,Jamaal Charles,RB,RB,"https://static.www.nfl.com/image/private/f_auto,q_auto/league/mdrlzgankwwjldxllgcx",2,JAX,0,0,0,0,0,0,0,0,0,0,0,0,,0,,,6,7,0,0,0,0,-3.16783446347108,0,2,3,7,0,0,0,4,5,0,-1.02046285755932,0,1.75,0.0454545454545455,0.0088888888888888,0.0744040404040404,0,1.4,3.4
2018,REG+POST,00-0026300,J.Johnson,Josh Johnson,QB,QB,"https://static.www.nfl.com/image/private/f_auto,q_auto/league/cm1r2n61r5knj97d41v5",4,WAS,52,91,590,3,4,9,67,2,0,839,302,29,-12.2341998595913,2,0.703218116805721,0.0058317871566279,23,120,1,0,0,7,2.44781783311083,0,0,0,0,0,0,0,0,0,0,,0,,,,,0,49.6,49.6
2018,REG+POST,00-0026345,P.Garcon,Pierre Garcon,WR,WR,"https://static.www.nfl.com/image/private/f_auto,q_auto/league/xwjogot7xrfj9qwhsgtn",8,SF,0,0,0,0,0,0,0,0,0,0,0,0,,0,,,0,0,0,0,0,0,,0,24,46,286,1,0,0,407,98,14,5.76964561102798,0,0.702702702702703,0.184738955823293,0.228395061728395,0.436984976944816,0,34.6,58.6
2018,REG+POST,00-0026498,M.Stafford,Matthew Stafford,QB,QB,"https://static.www.nfl.com/image/private/f_auto,q_auto/league/icjfdfsncqlsqe49iujv",16,DET,367,555,3777,21,11,40,255,5,3,3836,2030,198,10.2564323858591,0,0.984619395203337,0.0626112856356162,25,71,0,1,1,8,-7.4741390963476,0,0,0,0,0,0,0,0,0,0,,0,,,,,0,212.18,212.18
2018,REG+POST,00-0026544,C.Daniel,Chase Daniel,QB,QB,"https://static.www.nfl.com/image/private/f_auto,q_auto/league/jt8fvgeyuhsbpo9m9t4x",4,CHI,53,76,515,3,2,9,40,1,0,648,168,24,-4.8270319719859,0,0.794753086419753,0.053909566394058,13,3,0,3,0,1,-5.15449162840378,0,1,1,8,0,0,0,-6,14,1,1.58132293622475,0,0.0,0.0263157894736842,-0.0214285714285714,0.0244736842105263,0,29.7,30.7
2018,REG+POST,00-0026625,B.Hoyer,Brian Hoyer,QB,QB,"https://static.www.nfl.com/image/private/f_auto,q_auto/league/japt3mj2xctm7saqndxn",5,NE,1,2,7,0,0,0,0,0,0,4,10,0,-3.00193800847046,0,1.75,,11,-8,0,0,0,1,0.126338253961876,0,0,0,0,0,0,0,0,0,0,,0,,,,,0,-0.52,-0.52
2018,REG+POST,00-0026898,M.Sanchez,Mark Sanchez,QB,QB,"https://static.www.nfl.com/image/private/f_auto,q_auto/league/e12qugcuc1cpgkf0crfn",2,WAS,19,35,138,0,3,7,42,1,0,220,87,3,-31.6875793812898,0,0.627272727272727,-0.0316586468198474,1,8,0,0,0,1,1.59005501493812,0,0,0,0,0,0,0,0,0,0,,0,,,,,0,0.32,0.32
2018,REG+POST,00-0026901,M.Wallace,Mike Wallace,WR,WR,"https://static.www.nfl.com/image/private/f_auto,q_auto/league/dy9z5wbsitf6l9psjq4y",1,PHI,0,0,0,0,0,0,0,0,0,0,0,0,,0,,,0,0,0,0,0,0,,0,0,3,0,0,0,0,109,0,0,-0.730578464223072,0,0.0,0.0857142857142857,0.382456140350877,0.396290726817043,0,0.0,0.0
2018,REG+POST,00-0026983,D.Heyward-Bey,Darrius Heyward-Bey,WR,WR,"https://static.www.nfl.com/image/private/f_auto,q_auto/league/d5otkkbb0z2rdd2bjatd",3,PIT,0,0,0,0,0,0,0,0,0,0,0,0,,0,,,1,-7,0,0,0,0,-2.09653946524486,0,1,2,9,0,0,0,25,10,0,0.279118521721102,0,0.36,0.0277777777777778,0.0503018108651912,0.0768779342723005,0,0.2,1.2
2018,REG+POST,00-0026986,M.Crabtree,Michael Crabtree,WR,WR,"https://static.www.nfl.com/image/private/f_auto,q_auto/league/kcavcmeyaion38ewxwyk",17,BAL,0,0,0,0,0,0,0,0,0,0,0,0,,0,,,0,0,0,0,0,0,,0,56,104,645,5,0,0,1170,130,37,2.59815620585663,0,0.551282051282051,0.184070796460177,0.234375,0.440168694690265,0,94.5,150.5
2018,REG+POST,00-0027029,L.McCoy,LeSean McCoy,RB,RB,"https://static.www.nfl.com/image/private/f_auto,q_auto/league/cpc1a2dgivdyevuncz7p",14,BUF,0,0,0,0,0,0,0,0,0,0,0,0,,0,,,161,514,3,0,0,22,-35.9600325750284,0,34,46,238,0,0,0,-49,288,10,0.642168555756861,0,-4.85714285714286,0.114143920595534,-0.0124618514750763,0.162492584860747,0,93.2,127.2
2018,REG+POST,00-0027061,J.Cook,Jared Cook,TE,TE,"https://static.www.nfl.com/image/private/f_auto,q_auto/league/cthoenebptadlu4g928v",16,LV,0,0,0,0,0,0,0,0,0,0,0,0,,0,,,0,0,0,0,0,0,,0,68,101,896,6,0,0,840,343,46,27.6292622278063,0,1.06666666666667,0.190566037735849,0.232751454696592,0.448775074891388,0,125.6,193.6
2018,REG+POST,00-0027139,J.Phillips,John Phillips,TE,TE,"https://static.www.nfl.com/image/private/f_auto,q_auto/league/i1t7zl2f5t0wwj72yxj7",2,ARI,0,0,0,0,0,0,0,0,0,0,0,0,,0,,,0,0,0,0,0,0,,0,3,3,38,0,0,0,30,8,1,1.44463931885548,0,1.26666666666667,0.046875,0.0447761194029851,0.10165578358209,0,3.8,6.8
2018,REG+POST,00-0027150,J.Edelman,Julian Edelman,WR,WR,"https://static.www.nfl.com/image/private/f_auto,q_auto/league/u0hbuo2bsvtlg7lnxm43",15,NE,2,2,43,0,0,0,0,0,0,-2,45,1,3.17520513298223,0,0.0,,11,122,0,0,0,7,10.1389399933396,0,100,143,1238,6,0,0,1144,490,63,49.1275299800757,0,1.08216783216783,0.260948905109489,0.275862068965517,0.584526805940096,0,173.72,273.72
2018,REG+POST,00-0027215,L.Paulsen,Logan Paulsen,TE,TE,"https://static.www.nfl.com/image/private/f_auto,q_auto/league/rckjvflmpzh9tiescxcd",7,ATL,0,0,0,0,0,0,0,0,0,0,0,0,,0,,,0,0,0,0,0,0,,0,9,9,91,1,0,0,33,58,6,7.63152877421817,0,2.75757575757576,0.0327272727272727,0.0168281489036206,0.0608706133234435,0,15.1,24.1
2018,REG+POST,00-0027325,L.Blount,LeGarrette Blount,RB,RB,"https://static.www.nfl.com/image/private/f_auto,q_auto/league/s3eilto1yi0yhoamvvo3",16,DET,0,0,0,0,0,0,0,0,0,0,0,0,,0,,,154,418,5,1,0,25,-36.817216856092,0,10,15,67,0,1,1,-19,87,4,-8.66391907562502,0,-3.52631578947368,0.046583850931677,-0.0089118198874296,0.0636375024763148,0,76.5,86.5
2018,REG+POST,00-0027440,S.Shields,Sam Shields,CB,DB,"https://static.www.nfl.com/image/private/f_auto,q_auto/league/kxj01aeqfoi8cuexcnr0",2,LA,0,0,0,0,0,0,0,0,0,0,0,0,,0,,,0,0,0,0,0,0,,0,2,2,24,0,0,0,9,15,2,6.49433428188786,0,2.66666666666667,0.028169014084507,0.0143540669856459,0.0523013680167127,0,2.4,4.4
2018,REG+POST,00-0027531,C.Ivory,Chris Ivory,RB,RB,"https://static.www.nfl.com/image/private/f_auto,q_auto/league/wuhrkffigvt55hcqd4yw",13,BUF,0,0,0,0,0,0,0,0,0,0,0,0,,0,,,115,385,1,1,0,25,-18.6881409547641,0,12,20,175,0,0,0,-2,169,6,9.76432072071475,0,-87.5,0.0769230769230769,-0.0013192612137203,0.114461132535011,0,62.0,74.0
2018,REG+POST,00-0027656,R.Gronkowski,Rob Gronkowski,TE,TE,"https://static.www.nfl.com/image/private/f_auto,q_auto/league/svpo7chliiymc0r7hegp",16,NE,0,0,0,0,0,0,0,0,0,0,0,0,,0,,,0,0,0,0,0,0,,0,60,91,873,3,1,1,1063,264,42,32.4045212005127,0,0.821260583254939,0.159369527145359,0.24142630024983,0.408052700892919,0,103.3,163.3
2018,REG+POST,00-0027675,E.Dickson,Ed Dickson,TE,TE,"https://static.www.nfl.com/image/private/f_auto,q_auto/league/qtxat8xwaclkqfkj5lrq",10,SEA,0,0,0,0,0,0,0,0,0,0,0,0,,0,,,1,9,0,0,0,1,1.91750965197571,0,16,18,185,3,0,0,95,99,8,15.347356071084,0,1.94736842105263,0.0775862068965517,0.0437989857076994,0.147038600340217,0,37.4,53.4
2018,REG+POST,00-0027681,B.LaFell,Brandon LaFell,WR,WR,"https://static.www.nfl.com/image/private/f_auto,q_auto/league/x4wifb5arw0neuwg1cch",4,LV,0,0,0,0,0,0,0,0,0,0,0,0,,0,,,0,0,0,0,0,0,,0,12,16,135,2,0,0,133,53,9,9.5454407573102,0,1.01503759398496,0.142857142857143,0.177097203728362,0.338253756895568,0,25.5,37.5
2018,REG+POST,00-0027685,E.Sanders,Emmanuel Sanders,WR,WR,"https://static.www.nfl.com/image/private/f_auto,q_auto/league/potkibjtm855tsawozs0",12,DEN,1,1,28,1,0,0,0,0,0,28,0,1,2.56147395691369,0,1.0,,4,53,1,0,0,2,3.73712909552422,0,71,98,868,4,1,0,943,297,37,18.6786411490757,0,0.920466595970307,0.246231155778895,0.303020565552699,0.581461129555231,0,127.22,198.22
2018,REG+POST,00-0027688,C.McCoy,Colt McCoy,QB,QB,"https://static.www.nfl.com/image/private/f_auto,q_auto/league/mvcoi7f6thyudufnh0dx",3,WAS,34,54,372,3,3,6,36,1,0,479,151,17,-5.9617262664558,0,0.776617954070981,0.0596795697847153,10,63,0,0,0,4,4.20730971824378,0,0,0,0,0,0,0,0,0,0,,0,,,,,0,27.18,27.18
2018,REG+POST,00-0027691,A.Roberts,Andre Roberts,WR,WR,"https://static.www.nfl.com/image/private/f_auto,q_auto/league/hjoyjewh7knoafxt4k93",8,NYJ,0,0,0,0,0,0,0,0,0,0,0,0,,0,,,2,20,0,0,0,1,1.40352507610805,0,10,18,79,1,0,0,153,17,4,-6.51961392106023,0,0.516339869281046,0.0989010989010989,0.0836980306345733,0.20694026979585,2,27.9,37.9
2018,REG+POST,00-0027696,J.Graham,Jimmy Graham,TE,TE,"https://static.www.nfl.com/image/private/f_auto,q_auto/league/h7xs06oj6g03mippwtse",16,GB,0,0,0,0,0,0,0,0,0,0,0,0,,0,,,0,0,0,0,0,0,,0,55,89,636,2,0,0,847,261,32,13.991619162682,0,0.750885478158205,0.144715447154472,0.164210934470725,0.332020824861215,0,75.6,130.6
2018,REG+POST,00-0027793,A.Brown,Antonio Brown,WR,WR,"https://static.www.nfl.com/image/private/f_auto,q_auto/league/ecxsx9t7bfg42bgfwj3v",15,PIT,0,1,0,0,0,0,0,0,0,12,0,0,-0.45709213684313,0,0.0,,0,0,0,0,0,0,,0,104,168,1297,15,0,0,1891,485,63,25.7387190455682,0,0.685880486515071,0.266244057052298,0.380100502512563,0.665436437337241,0,219.7,323.7
2018,REG+POST,00-0027796,J.Webb,Joe Webb,QB,QB,"https://static.www.nfl.com/image/private/f_auto,q_auto/league/hjieero9ugbyu7n1629h",1,HOU,0,0,0,0,0,0,0,0,0,0,0,0,,0,,,0,0,0,0,0,0,,0,2,3,13,0,0,0,17,6,0,-0.31588524999097,0,0.764705882352941,0.0789473684210526,0.066147859922179,0.164724554577104,0,1.3,3.3
2018,REG+POST,00-0027854,S.Bradford,Sam Bradford,QB,QB,"https://static.www.nfl.com/image/private/f_auto,q_auto/league/fizwrxzfdaw7v2vzzpn6",3,ARI,50,80,400,2,4,6,33,3,2,512,192,16,-31.0763914849667,0,0.78125,-0.0076415390676004,2,7,0,0,0,1,0.39248498622328,0,0,0,0,0,0,0,0,0,0,,0,,,,,0,12.7,12.7
2018,REG+POST,00-0027873,J.Gresham,Jermaine Gresham,TE,TE,"https://static.www.nfl.com/image/private/f_auto,q_auto/league/higvmot083ues41wbdgi",8,ARI,0,0,0,0,0,0,0,0,0,0,0,0,,0,,,0,0,0,0,0,0,,0,9,12,94,0,1,1,24,75,6,2.62748434097739,0,3.91666666666667,0.0530973451327434,0.0141760189013585,0.089569230930066,0,7.4,16.4
2018,REG+POST,00-0027874,D.Thomas,Demaryius Thomas,WR,WR,"https://static.www.nfl.com/image/private/f_auto,q_auto/league/p1yjsqtqimjd6iazu3h9",15,HOU,0,0,0,0,0,0,0,0,0,0,0,0,,0,,,0,0,0,0,0,0,,0,59,89,677,5,0,0,907,277,37,28.7972227717874,0,0.746416758544653,0.183505154639175,0.232683427398666,0.438136131137829,0,97.7,156.7
2018,REG+POST,00-0027891,G.Tate,Golden Tate,WR,WR,"https://static.www.nfl.com/image/private/f_auto,q_auto/league/yfqebrp2o9t1gt1wqjku",17,PHI,0,0,0,0,0,0,0,0,0,0,0,0,,0,,,4,34,0,0,0,1,0.960853592841886,0,81,126,859,5,2,0,886,440,38,17.7424287218986,1,0.969525959367946,0.205211726384365,0.191360691144708,0.441770073377843,0,121.3,202.3
2018,REG+POST,00-0027925,J.Develin,James Develin,FB,RB,"https://static.www.nfl.com/image/private/f_auto,q_auto/league/ryhocvpml27otxnncc2h",14,NE,0,0,0,0,0,0,0,0,0,0,0,0,,0,,,8,13,4,0,0,7,4.80833131988766,0,13,18,70,0,0,0,43,42,4,-6.19971379384515,0,1.62790697674419,0.0448877805486284,0.0165130568356375,0.0788908106078889,0,32.3,45.3
2018,REG+POST,00-0027939,C.Newton,Cam Newton,QB,QB,"https://static.www.nfl.com/image/private/f_auto,q_auto/league/zwmgw2gmnn2kch4nquft",14,CAR,320,471,3395,24,13,29,213,3,0,3380,1743,180,32.1333589168922,2,1.00443786982249,0.099575098755004,101,488,4,2,0,36,10.1910356712542,0,0,0,0,0,0,0,0,0,0,,0,,,,,0,282.6,282.6
2018,REG+POST,00-0027942,A.Green,A.J. Green,WR,WR,"https://static.www.nfl.com/image/private/f_auto,q_auto/league/guj5a9vnnzqfiljupzuj",9,CIN,0,0,0,0,0,0,0,0,0,0,0,0,,0,,,0,0,0,0,0,0,,0,46,77,694,6,2,1,958,163,37,29.6378580226538,0,0.724425887265136,0.236196319018405,0.376572327044025,0.617895107458425,0,103.4,149.4
2018,REG+POST,00-0027944,J.Jones,Julio Jones,WR,WR,"https://static.www.nfl.com/image/upload/f_auto,q_auto/league/omrddf2phtyztzx2nup1",16,ATL,0,0,0,0,0,0,0,0,0,0,0,0,,0,,,2,12,0,0,0,1,0.469056783244014,0,113,170,1677,8,2,2,2377,448,80,68.961761887567,0,0.705511148506521,0.281456953642384,0.456676272814601,0.741858821433797,0,212.9,325.9
2018,REG+POST,00-0027948,B.Gabbert,Blaine Gabbert,QB,QB,"https://static.www.nfl.com/image/private/f_auto,q_auto/league/fphhd3wedamgkps6e0dl",8,TEN,61,101,626,4,4,5,37,0,0,710,301,32,-23.2753653869105,0,0.88169014084507,-0.0203257159072048,6,0,0,0,0,2,2.00376456684899,0,0,0,0,0,0,0,0,0,0,,0,,,,,0,33.04,33.04
2018,REG+POST,00-0027966,M.Ingram,Mark Ingram,RB,RB,"https://static.www.nfl.com/image/private/f_auto,q_auto/league/qyju9wutyssrf0b26ran",14,NO,0,0,0,0,0,0,0,0,0,0,0,0,,0,,,156,729,6,2,1,38,-12.2301651285608,0,25,31,185,1,1,0,15,164,5,-6.70594785152935,0,12.3333333333333,0.0786802030456853,0.0053134962805526,0.121739751964915,0,131.4,156.4
2018,REG+POST,00-0027973,A.Dalton,Andy Dalton,QB,QB,"https://static.www.nfl.com/image/private/f_auto,q_auto/league/xrwmjyexhhwpoxhtrhl2",11,CIN,226,365,2566,21,11,21,157,1,0,2947,1142,132,27.3770238599677,0,0.870715982354937,0.0792235136705668,16,99,0,0,0,4,-3.23777837695124,0,0,0,0,0,0,0,0,0,0,,0,,,,,0,174.54,174.54
2018,REG+POST,00-0027981,K.Rudolph,Kyle Rudolph,TE,TE,"https://static.www.nfl.com/image/private/f_auto,q_auto/league/mtvrkfel5750mlevcvtp",16,MIN,0,0,0,0,0,0,0,0,0,0,0,0,,0,,,0,0,0,0,0,0,,0,64,82,634,4,0,0,521,249,32,26.1085880849867,0,1.2168905950096,0.138513513513514,0.121985483493327,0.293160108715599,0,87.4,151.4
2018,REG+POST,00-0027985,L.Kendricks,Lance Kendricks,TE,TE,"https://static.www.nfl.com/image/private/f_auto,q_auto/league/njjeo5udwowpbfnufl5l",13,GB,0,0,0,0,0,0,0,0,0,0,0,0,,0,,,0,0,0,0,0,0,,0,19,25,170,1,0,0,141,112,9,7.41873650148045,0,1.20567375886525,0.0494071146245059,0.0333097094259391,0.0974274685349162,0,23.0,42.0
2018,REG+POST,00-0027996,T.Smith,Torrey Smith,WR,WR,"https://static.www.nfl.com/image/private/f_auto,q_auto/league/sqvbn4ybxagyfwva3i51",8,CAR,0,0,0,0,0,0,0,0,0,0,0,0,,0,,,0,0,0,0,0,0,,0,17,31,190,2,0,0,417,48,12,6.34666347544408,1,0.455635491606715,0.10801393728223,0.189029918404352,0.294341848806391,0,33.0,50.0
2018,REG+POST,00-0028002,R.Cobb,Randall Cobb,WR,WR,"https://static.www.nfl.com/image/private/f_auto,q_auto/league/kuwo5hnkbtesfw6n9w1s",9,GB,0,0,0,0,0,0,0,0,0,0,0,0,,0,,,0,0,0,0,0,0,,0,38,61,383,2,1,1,522,233,18,2.08007810033407,0,0.733716475095785,0.176300578034682,0.170588235294118,0.383862631757905,0,48.3,86.3
2018,REG+POST,00-0028011,S.Ridley,Stevan Ridley,RB,RB,"https://static.www.nfl.com/image/private/f_auto,q_auto/league/futdstbe48qaqcvtolzj",9,PIT,0,0,0,0,0,0,0,0,0,0,0,0,,0,,,29,80,1,1,1,3,-12.5422693674918,0,3,4,18,0,1,1,9,12,1,-5.48744439682923,0,2.0,0.0333333333333333,0.0095440084835631,0.0566808059384942,0,11.8,14.8
2018,REG+POST,00-0028042,L.Stocker,Luke Stocker,TE,TE,"https://static.www.nfl.com/image/private/f_auto,q_auto/league/keoilbfzupthtliuou1a",12,TEN,0,0,0,0,0,0,0,0,0,0,0,0,,0,,,1,0,0,0,0,0,-4.02553385647479,0,15,21,165,2,0,0,163,64,10,12.7640873814235,0,1.01226993865031,0.0673076923076923,0.0806930693069307,0.15744668697639,0,28.5,43.5
2018,REG+POST,00-0028063,T.Jones,Taiwan Jones,RB,RB,"https://static.www.nfl.com/image/private/f_auto,q_auto/league/va09vgfr7bdc2wb6ikq4",2,BUF,0,0,0,0,0,0,0,0,0,0,0,0,,0,,,0,0,0,0,0,0,,0,0,2,0,0,0,0,30,0,0,-1.8606905543711,0,0.0,0.0377358490566038,0.0977198697068404,0.125007682379694,0,0.0,0.0
2018,REG+POST,00-0028064,B.Powell,Bilal Powell,RB,RB,"https://static.www.nfl.com/image/private/f_auto,q_auto/league/a5qlloemeetaqawzwuf7",7,NYJ,0,0,0,0,0,0,0,0,0,0,0,0,,0,,,80,343,0,2,1,16,-10.9913665257797,0,11,18,110,1,0,0,89,84,3,-11.2792505263042,0,1.23595505617978,0.0923076923076923,0.0492801771871539,0.172957662492546,0,49.3,60.3
2018,REG+POST,00-0028074,A.Sherman,Anthony Sherman,RB,RB,"https://static.www.nfl.com/image/private/f_auto,q_auto/league/ibmfpy4ztgmqfwtood5x",8,KC,0,0,0,0,0,0,0,0,0,0,0,0,,0,,,1,2,0,0,0,1,1.70108440076001,0,8,9,96,1,0,0,44,56,5,5.78793839042191,0,2.18181818181818,0.033457249070632,0.0178354276449129,0.062670672957387,0,15.8,23.8
2018,REG+POST,00-0028083,J.Rodgers,Jacquizz Rodgers,RB,RB,"https://static.www.nfl.com/image/private/f_auto,q_auto/league/ztmescfueap5glplyf7w",13,TB,0,0,0,0,0,0,0,0,0,0,0,0,,0,,,33,106,1,0,0,7,-4.89715741173131,0,38,45,304,0,1,1,80,240,13,-3.57789095778138,0,3.8,0.0880626223091977,0.0145243282498184,0.142260963238669,0,45.0,83.0
2018,REG+POST,00-0028087,D.Lewis,Dion Lewis,RB,RB,"https://static.www.nfl.com/image/private/f_auto,q_auto/league/erzmtaaz3eimbg998hyq",16,TEN,0,0,0,0,0,0,0,0,0,0,0,0,,0,,,155,517,1,1,1,22,-37.4633474664652,0,59,67,400,1,0,0,-71,477,13,-0.366776196115347,0,-5.63380281690141,0.157647058823529,-0.0221667187012176,0.220953885144442,0,101.7,160.7
2018,REG+POST,00-0028091,J.Kerley,Jeremy Kerley,WR,WR,"https://static.www.nfl.com/image/private/f_auto,q_auto/league/lsfc40maht2r3k0ctu1b",1,BUF,0,0,0,0,0,0,0,0,0,0,0,0,,0,,,0,0,0,0,0,0,,0,2,4,7,0,0,0,15,15,0,-2.03370880254079,0,0.466666666666667,0.125,0.0427350427350427,0.21741452991453,0,0.7,2.7
2018,REG+POST,00-0028093,N.Paul,Niles Paul,TE,TE,"https://static.www.nfl.com/image/private/f_auto,q_auto/league/c2hufhhjyuitenxujhpz",5,JAX,0,0,0,0,0,0,0,0,0,0,0,0,,0,,,1,-3,0,0,0,0,-1.36052188603207,0,10,13,98,0,0,0,107,32,5,1.89807663910324,0,0.91588785046729,0.0738636363636364,0.0753521126760563,0.163541933418694,0,9.5,19.5
2018,REG+POST,00-0028097,L.Smith,Lee Smith,TE,TE,"https://static.www.nfl.com/image/private/f_auto,q_auto/league/gcaqwhzrinlqicrljwlr",6,LV,0,0,0,0,0,0,0,0,0,0,0,0,,0,,,0,0,0,0,0,0,,0,10,11,73,3,0,0,20,55,5,9.03584045043681,0,3.65,0.0502283105022831,0.0105876124933827,0.0827537944987926,0,25.3,35.3
2018,REG+POST,00-0028112,C.Clay,Charles Clay,TE,TE,"https://static.www.nfl.com/image/private/f_auto,q_auto/league/gbfhfjn5cxtou5aazegt",11,BUF,0,0,0,0,0,0,0,0,0,0,0,0,,0,,,0,0,0,0,0,0,,0,21,36,184,0,1,1,290,71,11,-15.3203117413213,0,0.63448275862069,0.110769230769231,0.0879587503791326,0.227724971419239,0,16.4,37.4
2018,REG+POST,00-0028114,D.Harris,Dwayne Harris,WR,WR,"https://static.www.nfl.com/image/private/f_auto,q_auto/league/cz34jefkstkm3mvjznvg",8,LV,0,0,0,0,0,0,0,0,0,0,0,0,,0,,,2,12,0,0,0,1,-0.809742343432247,0,6,6,40,0,1,0,-7,47,1,-1.15185960903182,0,0.0,0.0372670807453416,-0.0075107296137339,0.0506431103883987,1,11.2,17.2
2018,REG+POST,00-0028116,A.Robinson,Aldrick Robinson,WR,WR,"https://static.www.nfl.com/image/private/f_auto,q_auto/league/lzdmahvzc7tm4pulh2sj",14,MIN,0,0,0,0,0,0,0,0,0,0,0,0,,0,,,0,0,0,0,0,0,,0,17,35,231,5,0,0,601,42,12,9.12368874754116,0,0.384359400998336,0.068762278978389,0.164028384279476,0.217963287463217,0,53.1,70.1
2018,REG+POST,00-0028118,T.Taylor,Tyrod Taylor,QB,QB,"https://static.www.nfl.com/image/private/f_auto,q_auto/league/qx6t1lqmc9ws9ledobzn",4,CLE,42,85,473,2,2,13,81,1,0,846,198,17,-28.3259771120941,0,0.559101654846336,-0.0415867769925211,16,125,1,2,0,6,9.02954963222146,0,0,0,0,0,0,0,0,0,0,,0,,,,,0,41.42,41.42
2018,REG+POST,00-0028128,C.Jones,Colin Jones,FS,DB,"https://static.www.nfl.com/image/private/f_auto,q_auto/league/gtpcd4mvricoawwynceu",1,CAR,0,0,0,0,0,0,0,0,0,0,0,0,,0,,,0,0,0,0,0,0,,0,0,0,0,0,0,0,0,0,0,,0,,,,,1,6.0,6.0
2018,REG+POST,00-0028142,V.Green,Virgil Green,TE,TE,"https://static.www.nfl.com/image/private/f_auto,q_auto/league/wcdedz1qf7ybkujat6bu",15,LAC,0,0,0,0,0,0,0,0,0,0,0,0,,0,,,0,0,0,0,0,0,,0,21,29,219,2,1,1,151,106,11,6.28581793508324,0,1.45033112582781,0.0584677419354839,0.0379396984924623,0.114259401847949,0,31.9,52.9
2018,REG+POST,00-0028237,C.Hogan,Chris Hogan,WR,WR,"https://static.www.nfl.com/image/private/f_auto,q_auto/league/fmpqnciwjqicsjzy63mc",18,NE,0,0,0,0,0,0,0,0,0,0,0,0,,0,,,0,0,0,0,0,0,,0,43,73,590,3,0,0,865,198,26,13.9285577149305,0,0.682080924855491,0.111111111111111,0.168846379074761,0.284859132018999,0,77.0,120.0
2018,REG+POST,00-0028263,A.Holmes,Andre Holmes,WR,WR,"https://static.www.nfl.com/image/private/f_auto,q_auto/league/ujb4sism9jdte3o8ofve",11,DEN,0,0,0,0,0,0,0,0,0,0,0,0,,0,,,0,0,0,0,0,0,,0,13,24,162,0,0,0,313,50,8,1.09109961532522,0,0.517571884984026,0.0672268907563025,0.103436880370126,0.173246152393542,0,16.2,29.2
2018,REG+POST,00-0028292,N.Bellore,Nick Bellore,ILB,LB,"https://static.www.nfl.com/image/private/f_auto,q_auto/league/nnmgkhi5d5xszkoyh4br",4,DET,0,0,0,0,0,0,0,0,0,0,0,0,,0,,,1,0,0,0,0,0,-1.48852571099997,0,4,4,15,0,0,0,1,14,2,1.6106949611567,0,15.0,0.0380952380952381,0.001865671641791,0.0584488272921109,0,1.5,5.5
2018,REG+POST,00-0028411,D.Inman,Dontrelle Inman,WR,WR,"https://static.www.nfl.com/image/private/f_auto,q_auto/league/josp2o2ri6tknqzt87qc",10,IND,0,0,0,0,0,0,0,0,0,0,0,0,,0,,,0,0,0,0,0,0,,0,36,47,412,4,0,0,493,74,23,32.3601679112338,0,0.835699797160243,0.133522727272727,0.169649002064694,0.319038392354377,0,65.2,101.2
2018,REG+POST,00-0028434,D.Baldwin,Doug Baldwin,WR,WR,"https://static.www.nfl.com/image/private/f_auto,q_auto/league/kccmcttfdtl7m3g49vb8",14,SEA,0,0,0,0,0,0,0,0,0,0,0,0,,0,,,0,0,0,0,0,0,,0,53,79,650,5,0,0,901,156,33,38.0572110608694,0,0.72142064372919,0.223796033994334,0.28042328042328,0.531990347287798,0,95.0,148.0
2018,REG+POST,00-0028497,K.Aiken,Kamar Aiken,WR,WR,"https://static.www.nfl.com/image/private/f_auto,q_auto/league/u0fe10u5kbeyhe65spby",2,PHI,0,0,0,0,0,0,0,0,0,0,0,0,,0,,,0,0,0,0,0,0,,0,6,7,53,0,0,0,47,11,2,-0.210405575926416,0,1.12765957446809,0.0721649484536082,0.067238912732475,0.155314661593145,0,5.3,11.3
2018,REG+POST,00-0028581,P.DiMarco,Patrick DiMarco,FB,RB,"https://static.www.nfl.com/image/private/f_auto,q_auto/league/chit1zcsfqaoqzkqc9eh",5,BUF,0,0,0,0,0,0,0,0,0,0,0,0,,0,,,1,9,0,0,0,1,1.16448030574247,0,3,4,62,0,0,0,27,35,2,2.95978978538187,0,2.2962962962963,0.0296296296296296,0.0231362467866324,0.0606398171950871,0,7.1,10.1
2018,REG+POST,00-0028825,T.Pryor,Terrelle Pryor,WR,WR,"https://static.www.nfl.com/image/private/f_auto,q_auto/league/ac6blk5o4ztsr7hvtil9",8,BUF,0,0,0,0,0,0,0,0,0,0,0,0,,0,,,1,-1,0,0,0,0,-1.07392833568156,0,16,30,252,2,0,0,372,62,11,4.96954212469734,0,0.67741935483871,0.120967741935484,0.179883945841393,0.307370374992201,0,37.1,53.1
2018,REG+POST,00-0028872,J.Hekker,Johnny Hekker,P,SPEC,"https://static.www.nfl.com/image/private/f_auto,q_auto/league/rh1qt7cwusun5o56bwyh",6,LA,3,5,31,0,0,0,0,0,0,54,20,3,3.40023348864634,0,0.574074074074074,0.0335373832584224,1,3,0,0,0,0,-3.55889245582512,0,0,0,0,0,0,0,0,0,0,,0,,,,,0,1.54,1.54
2018,REG+POST,00-0028903,G.Celek,Garrett Celek,TE,TE,"https://static.www.nfl.com/image/private/f_auto,q_auto/league/hin5nyuakhpbngjhepty",6,SF,0,0,0,0,0,0,0,0,0,0,0,0,,0,,,0,0,0,0,0,0,,0,5,8,90,2,0,0,90,43,5,-3.15243162817205,0,1.0,0.0446927374301676,0.069071373752878,0.115389067772266,0,21.0,26.0
2018,REG+POST,00-0028986,C.Keenum,Case Keenum,QB,QB,"https://static.www.nfl.com/image/private/f_auto,q_auto/league/tymwoe3wpwzln78uzbvu",16,DEN,365,586,3890,18,15,34,235,8,1,4369,1795,179,-16.7507583651981,0,0.890363927672236,0.0388386755365738,26,93,2,3,1,11,4.1193808853277,0,0,0,0,0,0,0,0,0,0,,0,,,,,0,214.9,214.9
2018,REG+POST,00-0029000,C.Beasley,Cole Beasley,WR,WR,"https://static.www.nfl.com/image/private/f_auto,q_auto/league/y5r0fhwctl6ljwvmktvu",18,DAL,0,1,0,0,0,0,0,0,0,11,0,0,-0.481403352401685,0,0.0,,0,0,0,0,0,0,,0,69,92,715,3,0,0,678,230,42,48.3077913673428,0,1.05457227138643,0.158347676419966,0.155362053162236,0.346274951843514,0,89.5,158.5
2018,REG+POST,00-0029068,D.Coleman,Derrick Coleman,FB,RB,"https://static.www.nfl.com/image/private/f_auto,q_auto/league/jmgzlxi6qlrvvyrzkuh2",5,ARI,0,0,0,0,0,0,0,0,0,0,0,0,,0,,,2,3,0,0,0,0,-0.111016997136176,0,2,3,17,0,0,0,27,7,1,0.508496703347191,0,0.62962962962963,0.0447761194029851,0.0476190476190476,0.100497512437811,0,2.0,4.0
2018,REG+POST,00-0029091,B.Sowell,Bradley Sowell,TE,TE,"https://static.www.nfl.com/image/private/f_auto,q_auto/league/ep1lqjgiwemsr9eenajg",2,CHI,0,0,0,0,0,0,0,0,0,0,0,0,,0,,,0,0,0,0,0,0,,0,1,2,2,1,0,0,4,0,1,1.34325735573657,0,0.5,0.0263157894736842,0.0050825921219822,0.0430314986959139,0,6.2,7.2
2018,REG+POST,00-0029119,D.Carrier,Derek Carrier,TE,TE,"https://static.www.nfl.com/image/private/f_auto,q_auto/league/fohbnjxhixammxtonhnd",6,LV,0,0,0,0,0,0,0,0,0,0,0,0,,0,,,0,0,0,0,0,0,,0,7,12,67,1,0,0,105,16,3,-1.78922995197354,0,0.638095238095238,0.0634920634920635,0.0867768595041322,0.155981896890988,0,12.7,19.7
2018,REG+POST,00-0029129,R.Streater,Rod Streater,WR,WR,"https://static.www.nfl.com/image/private/f_auto,q_auto/league/szf4hqnrz6egphxvcwnf",1,CLE,0,0,0,0,0,0,0,0,0,0,0,0,,0,,,1,-11,0,0,0,0,-0.816200910951011,0,0,0,0,0,0,0,0,0,0,,0,,,,,0,-1.1,-1.1
2018,REG+POST,00-0029137,A.Jeffery,Alshon Jeffery,WR,WR,"https://static.www.nfl.com/image/private/f_auto,q_auto/league/qrbsgwhzlsmwgkdfjryh",15,PHI,0,0,0,0,0,0,0,0,0,0,0,0,,0,,,0,0,0,0,0,0,,0,76,109,988,6,1,0,1214,301,56,50.3672675711411,0,0.813838550247117,0.200367647058824,0.289530169329835,0.50322258911912,0,134.8,210.8
2018,REG+POST,00-0029141,A.Morris,Alfred Morris,RB,RB,"https://static.www.nfl.com/image/private/f_auto,q_auto/league/igrm4hy4pishp4rdamin",11,SF,0,0,0,0,0,0,0,0,0,0,0,0,,0,,,111,428,2,2,1,24,-17.3186828141681,0,8,13,73,0,0,0,-4,67,5,-2.30618039850378,0,-18.25,0.0537190082644628,-0.0026595744680851,0.0787168102690347,0,60.1,68.1
2018,REG+POST,00-0029159,J.Kearse,Jermaine Kearse,WR,WR,"https://static.www.nfl.com/image/private/f_auto,q_auto/league/tvnzajvst7kdglamw4t6",13,NYJ,0,0,0,0,0,0,0,0,0,0,0,0,,0,,,0,0,0,0,0,0,,0,37,76,371,1,0,0,707,125,20,-6.99561933115963,0,0.524752475247525,0.177985948477752,0.184595300261097,0.396195632899395,0,43.1,80.1
2018,REG+POST,00-0029205,T.Cadet,Travaris Cadet,RB,RB,"https://static.www.nfl.com/image/private/f_auto,q_auto/league/gj0pjzj0zzefpabtuki1",1,CAR,0,0,0,0,0,0,0,0,0,0,0,0,,0,,,11,17,0,0,0,0,-7.79628662898878,0,1,1,5,0,0,0,1,4,0,-0.71939744467371,0,5.0,0.0333333333333333,0.0044247787610619,0.0530973451327434,0,2.2,3.2
2018,REG+POST,00-0029239,B.Bolden,Brandon Bolden,RB,RB,"https://static.www.nfl.com/image/private/f_auto,q_auto/league/kqqwz35z9brhkzbs4bcn",5,MIA,0,0,0,0,0,0,0,0,0,0,0,0,,0,,,8,91,2,1,1,4,1.63258327008225,0,3,3,13,1,0,0,-6,19,1,1.62181602872442,0,-2.16666666666667,0.0428571428571429,-0.0115606936416185,0.0561932287365813,0,26.4,29.4
2018,REG+POST,00-0029249,M.Ingram,Melvin Ingram,OLB,LB,"https://static.www.nfl.com/image/private/f_auto,q_auto/league/kbnd1mhegpg4n5kj7rac",1,LAC,0,0,0,0,0,0,0,0,0,0,0,0,,0,,,1,0,0,0,0,0,-1.01993710469105,0,0,0,0,0,0,0,0,0,0,,0,,,,,0,0.0,0.0
2018,REG+POST,00-0029263,R.Wilson,Russell Wilson,QB,QB,"https://static.www.nfl.com/image/private/f_auto,q_auto/league/gebzv2aljujgleboe4ns",17,SEA,298,454,3681,36,7,52,362,7,2,4057,1483,162,66.5954503111021,1,0.907320680305645,0.166000146383173,70,390,1,3,0,25,17.99648786483,0,1,1,-11,0,0,0,-10,-1,0,-2.70917897648178,0,0.0,0.0344827586206897,-0.0333333333333333,0.0283908045977012,0,319.14,320.14
2018,REG+POST,00-0029269,T.Benjamin,Travis Benjamin,WR,WR,"https://static.www.nfl.com/image/private/f_auto,q_auto/league/io9silocxbywvisvcvpx",14,LAC,0,0,0,0,0,0,0,0,0,0,0,0,,0,,,7,41,0,0,0,2,0.192762795835733,0,15,29,197,1,0,0,506,90,9,-5.22973202934372,0,0.389328063241107,0.0641592920353982,0.138100436681223,0.192909243729953,0,29.8,44.8
2018,REG+POST,00-0029273,R.Turbin,Robert Turbin,RB,RB,"https://static.www.nfl.com/image/private/f_auto,q_auto/league/vkqpomzfvo7kei1729jm",2,IND,0,0,0,0,0,0,0,0,0,0,0,0,,0,,,4,10,0,1,1,0,-5.2071336156223,0,1,2,3,0,0,0,-6,3,0,-0.929349061101675,0,-0.5,0.0198019801980198,-0.0127659574468085,0.0207668000842637,0,-0.7,0.3
2018,REG+POST,00-0029293,M.Jones,Marvin Jones,WR,WR,"https://static.www.nfl.com/image/private/f_auto,q_auto/league/ciy9sxefmcnwjw7ln3h2",9,DET,0,0,0,0,0,0,0,0,0,0,0,0,,0,,,0,0,0,0,0,0,,0,35,62,508,5,0,0,904,107,27,17.2934785520601,0,0.561946902654867,0.187311178247734,0.377768491433347,0.545404711374944,0,80.8,115.8
2018,REG+POST,00-0029319,J.Bellamy,Josh Bellamy,WR,WR,"https://static.www.nfl.com/image/private/f_auto,q_auto/league/kgyz7lr35xl5j7oxjwlw",14,CHI,0,0,0,0,0,0,0,0,0,0,0,0,,0,,,0,0,0,0,0,0,,0,15,26,151,1,0,0,325,49,9,-7.27178333363001,1,0.464615384615385,0.0575221238938053,0.0806651774633904,0.142748810065081,0,23.1,38.1
2018,REG+POST,00-0029388,D.Thompson,Deonte Thompson,WR,WR,"https://static.www.nfl.com/image/private/f_auto,q_auto/league/bvfgozqccoo627wuitkb",12,BUF,0,0,0,0,0,0,0,0,0,0,0,0,,0,,,0,0,0,0,0,0,,0,17,30,161,0,0,0,377,38,10,-5.93914233410033,0,0.427055702917772,0.0859598853868195,0.109307045520441,0.205454759944538,0,16.1,33.1
2018,REG+POST,00-0029410,T.Wilson,Tavon Wilson,SS,DB,"https://static.www.nfl.com/image/private/f_auto,q_auto/league/ztnf4vdx2qw6nowvmxy4",1,DET,0,0,0,0,0,0,0,0,0,0,0,0,,0,,,1,7,0,0,0,1,2.87343035358936,0,0,0,0,0,0,0,0,0,0,,0,,,,,0,0.7,0.7
2018,REG+POST,00-0029414,O.Charles,Orson Charles,TE,TE,"https://static.www.nfl.com/image/private/f_auto,q_auto/league/shbtvc2u3xznv47nzvm2",5,CLE,0,0,0,0,0,0,0,0,0,0,0,0,,0,,,0,0,0,0,0,0,,0,3,5,23,0,0,0,17,24,0,0.351816027716268,0,1.35294117647059,0.0306748466257669,0.0136876006441224,0.055593590389536,0,2.3,5.3
2018,REG+POST,00-0029492,J.Olawale,Jamize Olawale,FB,RB,"https://static.www.nfl.com/image/private/f_auto,q_auto/league/dp7xdilrkk9f2i5ovne9",4,DAL,0,0,0,0,0,0,0,0,0,0,0,0,,0,,,0,0,0,0,0,0,,0,2,4,13,0,0,0,1,13,1,-2.14222068001982,0,13.0,0.0289855072463768,0.0009025270758122,0.0441100298226338,0,1.3,3.3
2018,REG+POST,00-0029567,N.Foles,Nick Foles,QB,QB,"https://static.www.nfl.com/image/private/f_auto,q_auto/league/dxuz2ir773wylutxo7zs",7,PHI,184,266,1880,10,8,10,55,4,2,1955,909,88,20.7178573087353,0,0.961636828644501,0.115367648785346,12,16,1,0,0,7,9.05358620599145,0,1,1,15,0,0,0,8,7,1,1.93148036871571,0,1.875,0.0285714285714286,0.0280701754385965,0.0625062656641604,0,104.3,105.3
2018,REG+POST,00-0029572,J.Wright,Jarius Wright,WR,WR,"https://static.www.nfl.com/image/private/f_auto,q_auto/league/f4xgfra44cd6qjy6havp",16,CAR,0,0,0,0,0,0,0,0,0,0,0,0,,0,,,2,39,0,0,0,1,2.31267118145479,0,43,59,447,1,3,1,365,198,25,11.3713917624104,1,1.22465753424658,0.108455882352941,0.089242053789731,0.225153261182224,0,54.6,97.6
2018,REG+POST,00-0029580,R.Matthews,Rishard Matthews,WR,WR,"https://static.www.nfl.com/image/private/f_auto,q_auto/league/fr7nzgwarzuorvi8cvlc",5,NYJ,0,0,0,0,0,0,0,0,0,0,0,0,,0,,,0,0,0,0,0,0,,0,5,9,24,0,0,0,45,5,1,-3.3011899778711,0,0.533333333333333,0.0671641791044776,0.0468262226847034,0.133524624536009,0,2.4,7.4
2018,REG+POST,00-0029587,R.Ellison,Rhett Ellison,TE,TE,"https://static.www.nfl.com/image/private/f_auto,q_auto/league/pqvmhpdoritjtp8ng7ep",13,NYG,0,0,0,0,0,0,0,0,0,0,0,0,,0,,,0,0,0,0,0,0,,0,25,34,272,1,0,0,215,130,13,12.4789269737645,1,1.26511627906977,0.0729613733905579,0.075043630017452,0.161972601098053,0,35.2,60.2
2018,REG+POST,00-0029604,K.Cousins,Kirk Cousins,QB,QB,"https://static.www.nfl.com/image/private/f_auto,q_auto/league/viuxnyezrwdfjnxsfssb",16,MIN,425,606,4298,30,10,40,262,5,5,4396,1947,218,-12.0616792412823,3,0.977707006369427,0.0660259336627489,44,123,1,5,2,12,-22.5570179160568,0,1,1,-1,0,0,0,-7,6,0,-3.16330921393819,0,0.0,0.032258064516129,-0.0526315789473684,0.0115449915110357,0,282.12,283.12
2018,REG+POST,00-0029608,T.Hilton,T.Y. Hilton,WR,WR,"https://static.www.nfl.com/image/private/f_auto,q_auto/league/b8kor0sgeynyd8u8cush",16,IND,0,0,0,0,0,0,0,0,0,0,0,0,,0,,,0,0,0,0,0,0,,0,85,141,1415,7,0,0,1568,479,62,67.7460310305524,0,0.902423469387755,0.235,0.343784257838193,0.593148980486735,0,183.5,268.5
2018,REG+POST,00-0029613,D.Martin,Doug Martin,RB,RB,"https://static.www.nfl.com/image/private/f_auto,q_auto/league/lhazttk4tjpi7ggf7du4",16,LV,0,0,0,0,0,0,0,0,0,0,0,0,,0,,,172,723,4,3,3,37,-15.0406409905409,0,18,24,116,0,0,0,21,94,6,-0.339307401911356,0,5.52380952380952,0.0594059405940594,0.0094001790510295,0.0956890362268098,0,101.9,119.9
2018,REG+POST,00-0029615,L.Miller,Lamar Miller,RB,RB,"https://static.www.nfl.com/image/private/f_auto,q_auto/league/vqxh6ynpmczzfyl9kcgq",15,HOU,0,0,0,0,0,0,0,0,0,0,0,0,,0,,,215,991,5,0,0,38,-12.0455936827133,0,33,45,226,1,1,1,31,228,10,-12.0704003657738,0,7.29032258064516,0.114795918367347,0.0093261131167268,0.178722156732729,0,155.7,188.7
2018,REG+POST,00-0029632,M.Sanu,Mohamed Sanu,WR,WR,"https://static.www.nfl.com/image/private/f_auto,q_auto/league/a6loroqhta6g65aqnsrk",16,ATL,1,2,5,1,0,0,0,0,0,37,4,1,0.937703548872378,0,0.135135135135135,,7,44,0,0,0,5,1.9403146423502,0,66,94,838,4,2,1,754,401,41,45.9088720098383,1,1.11140583554377,0.155629139072848,0.144860710854947,0.334846206207735,0,116.4,182.4
2018,REG+POST,00-0029638,M.Floyd,Michael Floyd,WR,WR,"https://static.www.nfl.com/image/private/f_auto,q_auto/league/lisxjuyoo7hiux1ac4jb",10,WAS,0,0,0,0,0,0,0,0,0,0,0,0,,0,,,0,0,0,0,0,0,,0,10,24,100,1,0,0,343,29,5,-4.21498200248894,1,0.291545189504373,0.0827586206896552,0.13156885308784,0.216236128195971,0,18.0,28.0
2018,REG+POST,00-0029640,B.Quick,Brian Quick,WR,WR,"https://static.www.nfl.com/image/private/f_auto,q_auto/league/tayczwuhluj2hyrva3cp",2,WAS,0,0,0,0,0,0,0,0,0,0,0,0,,0,,,0,0,0,0,0,0,,0,3,3,18,0,0,0,17,1,2,2.32130095851608,0,1.05882352941176,0.0428571428571429,0.0277324632952692,0.0836984385924027,0,1.8,4.8
2018,REG+POST,00-0029657,A.Hicks,Akiem Hicks,DT,DL,"https://static.www.nfl.com/image/private/f_auto,q_auto/league/u6vzbrj6xejni2lks17m",1,CHI,0,0,0,0,0,0,0,0,0,0,0,0,,0,,,1,1,1,0,0,1,2.64243001636351,0,0,0,0,0,0,0,0,0,0,,0,,,,,0,6.1,6.1
2018,REG+POST,00-0029664,J.Gordon,Josh Gordon,WR,WR,"https://static.www.nfl.com/image/private/f_auto,q_auto/league/wwqz2ujrj7wp86tyaxof",12,NE,0,0,0,0,0,0,0,0,0,0,0,0,,0,,,0,0,0,0,0,0,,0,41,71,737,4,0,0,1014,264,30,35.3448566202235,0,0.726824457593688,0.161363636363636,0.283954074488939,0.440813306687712,0,97.7,138.7
2018,REG+POST,00-0029665,R.Griffin,Robert Griffin,QB,QB,"https://static.www.nfl.com/image/private/f_auto,q_auto/league/f9gitqxxg3f1uybdcfhc",2,BAL,2,6,21,0,0,0,0,0,0,72,26,1,0.0599681206038332,0,0.291666666666667,-0.0802121081862509,0,0,0,0,0,0,,0,0,0,0,0,0,0,0,0,0,,0,,,,,0,0.84,0.84
2018,REG+POST,00-0029668,A.Luck,Andrew Luck,QB,QB,"https://static.www.nfl.com/image/private/f_auto,q_auto/league/ojix2ha2u58zqozaw756",18,IND,468,707,5018,42,16,21,158,6,2,5406,2064,260,100.051537937082,2,0.928227894931558,0.107268845083883,56,194,0,1,0,14,-9.36030871968974,0,1,2,4,0,0,0,8,0,1,0.468883684366993,0,0.5,0.0285714285714286,0.0144144144144144,0.052947232947233,0,356.52,357.52
2018,REG+POST,00-0029677,B.Weeden,Brandon Weeden,QB,QB,"https://static.www.nfl.com/image/private/f_auto,q_auto/league/m8oocp4p9nskilnakgnw",1,HOU,0,0,0,0,0,0,0,0,0,0,0,0,,0,,,1,-1,0,0,0,0,0.0,0,0,0,0,0,0,0,0,0,0,,0,,,,,0,-0.1,-0.1
2018,REG+POST,00-0029682,B.Osweiler,Brock Osweiler,QB,QB,"https://static.www.nfl.com/image/private/f_auto,q_auto/league/pwkmtgeitdi79qtumb2x",7,MIA,113,178,1247,6,4,17,130,0,0,1424,669,58,-9.53488458168916,1,0.875702247191011,0.0370672135456522,8,21,0,1,1,1,-4.90016177884536,0,0,0,0,0,0,0,0,0,0,,0,,,,,0,67.98,67.98
2018,REG+POST,00-0029689,D.Allen,Dwayne Allen,TE,TE,"https://static.www.nfl.com/image/private/f_auto,q_auto/league/wduwt0ibzoutozuywe4b",3,NE,0,0,0,0,0,0,0,0,0,0,0,0,,0,,,0,0,0,0,0,0,,0,3,4,27,0,0,0,32,28,2,-0.501953078026418,0,0.84375,0.0363636363636364,0.036322360953462,0.0799711072128779,0,2.7,5.7
2018,REG+POST,00-0029692,B.Anger,Bryan Anger,P,SPEC,"https://static.www.nfl.com/image/private/f_auto,q_auto/league/zv7j4fzg4qrz4hktx756",1,TB,0,1,0,0,0,0,0,0,0,10,0,0,-2.90344337216811,0,0.0,,0,0,0,0,0,0,,0,0,0,0,0,0,0,0,0,0,,0,,,,,0,0.0,0.0
2018,REG+POST,00-0029701,R.Tannehill,Ryan Tannehill,QB,QB,"https://static.www.nfl.com/image/private/f_auto,q_auto/league/yvwju12dl6haf3r8uzrm",11,MIA,176,274,1979,17,9,35,279,4,3,2229,1071,92,-53.8238145388874,0,0.887842081650965,0.0189660288524962,32,145,0,1,1,9,-10.7617856187657,0,1,1,3,1,0,0,2,1,1,1.28392728051404,0,1.5,0.0333333333333333,0.0087336244541484,0.0561135371179039,0,141.96,142.96
2018,REG+POST,00-0029738,D.Fells,Darren Fells,TE,TE,"https://static.www.nfl.com/image/private/f_auto,q_auto/league/eh0rbweg4wbzgzpvprnv",8,CLE,0,0,0,0,0,0,0,0,0,0,0,0,,0,,,0,0,0,0,0,0,,0,11,12,117,3,0,0,57,66,6,11.3235726984567,0,2.05263157894737,0.0416666666666667,0.029156010230179,0.0829092071611253,0,29.7,40.7
2018,REG+POST,00-0029795,B.Cunningham,Benny Cunningham,RB,RB,"https://static.www.nfl.com/image/private/f_auto,q_auto/league/yo9hvf3gnoxj7prmruo8",6,CHI,0,0,0,0,0,0,0,0,0,0,0,0,,0,,,12,22,0,0,0,0,-6.9900915890706,0,1,2,9,0,0,0,-14,13,1,-1.67068606632529,0,-0.642857142857143,0.0571428571428571,-0.0414201183431953,0.056720202874049,0,3.1,4.1
2018,REG+POST,00-0029848,N.Williams,Nick Williams,WR,WR,"https://static.www.nfl.com/image/private/f_auto,q_auto/league/xzbqirh5sxfjtmmnrupw",3,LA,0,0,0,0,0,0,0,0,0,0,0,0,,0,,,0,0,0,0,0,0,,0,2,5,17,0,0,0,47,5,1,-3.22327263390381,0,0.361702127659575,0.0617283950617284,0.0615183246073299,0.135655419817723,0,1.7,3.7
2018,REG+POST,00-0029854,C.Anderson,C.J. Anderson,RB,RB,"https://static.www.nfl.com/image/private/f_auto,q_auto/league/jqqdxuowpdgl06zy0g0a",12,LA,0,0,0,0,0,0,0,0,0,0,0,0,,0,,,113,592,4,1,0,35,15.499713035461,0,8,14,58,1,0,0,-12,61,2,-7.86674793920247,0,-4.83333333333333,0.0633484162895928,-0.006518196632265,0.0904598867918036,0,95.0,103.0
2018,REG+POST,00-0029892,K.Juszczyk,Kyle Juszczyk,FB,RB,"https://static.www.nfl.com/image/private/f_auto,q_auto/league/eqb3lq4bip6oa5kiz1ze",15,SF,0,0,0,0,0,0,0,0,0,0,0,0,,0,,,8,30,0,1,1,2,-8.09625180359416,0,30,41,324,1,1,1,176,175,15,10.2963238183642,0,1.84090909090909,0.0857740585774059,0.0611323376172282,0.171453724198169,0,37.4,67.4
2018,REG+POST,00-0029931,Z.Line,Zach Line,FB,RB,"https://static.www.nfl.com/image/private/f_auto,q_auto/league/dddfiilg9qy54xtorb6r",11,NO,0,0,0,0,0,0,0,0,0,0,0,0,,0,,,10,45,0,0,0,7,0.949478711059783,0,5,10,14,2,0,0,25,7,2,-2.1754414446041,0,0.56,0.036231884057971,0.0199203187250996,0.0682920491945263,0,17.9,22.9
2018,REG+POST,00-0030035,A.Thielen,Adam Thielen,WR,WR,"https://static.www.nfl.com/image/private/f_auto,q_auto/league/kmldtl8p9h7h5dzvkwsw",16,MIN,0,0,0,0,0,0,0,0,0,0,0,0,,0,,,5,30,0,0,0,1,-1.24618971568998,0,113,153,1373,9,1,1,1443,416,74,56.1168480565642,1,0.951489951489951,0.258445945945946,0.337859985951768,0.624170909085156,0,194.3,307.3
2018,REG+POST,00-0030061,Z.Ertz,Zach Ertz,TE,TE,"https://static.www.nfl.com/image/private/f_auto,q_auto/league/t7my0kesdhb2iefvempm",18,PHI,0,0,0,0,0,0,0,0,0,0,0,0,,0,,,0,0,0,0,0,0,,0,126,171,1265,8,1,0,1274,389,71,20.2502395350829,0,0.992935635792779,0.257918552036199,0.250294695481336,0.562084114891234,0,174.5,300.5
2018,REG+POST,00-0030068,M.Goodwin,Marquise Goodwin,WR,WR,"https://static.www.nfl.com/image/upload/f_auto,q_auto/league/cof5bbih1o9dtnonwmjp",11,SF,0,0,0,0,0,0,0,0,0,0,0,0,,0,,,4,9,0,0,0,0,-1.44431587017607,0,23,44,395,4,1,0,615,126,19,9.55708271168987,0,0.642276422764228,0.133333333333333,0.228709557456303,0.360096690219412,0,64.4,87.4
2018,REG+POST,00-0030085,K.Stills,Kenny Stills,WR,WR,"https://static.www.nfl.com/image/private/f_auto,q_auto/league/wswn6tehkzj8mdfbablx",15,MIA,1,1,3,1,0,0,0,0,0,2,1,1,1.28392728051404,0,1.5,,0,0,0,0,0,0,,0,37,64,553,6,0,0,1040,131,26,27.8311511846957,1,0.531730769230769,0.159203980099502,0.32520325203252,0.466448246572018,0,97.42,134.42
2018,REG+POST,00-0030089,L.Willson,Luke Willson,TE,TE,"https://static.www.nfl.com/image/private/f_auto,q_auto/league/a6zcpjyfusebcm8i3w2w",10,DET,0,0,0,0,0,0,0,0,0,0,0,0,,0,,,0,0,0,0,0,0,,0,13,19,87,0,0,0,71,58,5,-7.89112239272799,0,1.22535211267606,0.0516304347826087,0.038819026790596,0.10461897092733,0,8.7,21.7
2018,REG+POST,00-0030107,T.Riddick,Theo Riddick,RB,RB,"https://static.www.nfl.com/image/private/f_auto,q_auto/league/aptuag5ocazmionhvnt6",14,DET,0,0,0,0,0,0,0,0,0,0,0,0,,0,,,40,171,0,0,0,8,-5.45744613487936,0,61,74,384,0,0,0,53,406,16,-11.6537556949285,0,7.24528301886793,0.158458244111349,0.0163479333744602,0.249130919529146,0,55.5,116.5
2018,REG+POST,00-0030108,R.Griffin,Ryan Griffin,TE,TE,"https://static.www.nfl.com/image/private/f_auto,q_auto/league/izjfxtmk2dhzhrlwpt9g",14,HOU,0,0,0,0,0,0,0,0,0,0,0,0,,0,,,0,0,0,0,0,0,,0,25,48,311,0,0,0,370,155,15,-4.30757972932298,0,0.840540540540541,0.101479915433404,0.0910657149889244,0.215965873642353,0,31.1,56.1
2018,REG+POST,00-0030112,T.Bohanon,Tommy Bohanon,FB,RB,"https://static.www.nfl.com/image/private/f_auto,q_auto/league/lmoesdqqzu6v8rmnyqlk",7,JAX,0,0,0,0,0,0,0,0,0,0,0,0,,0,,,1,0,0,0,0,0,-0.397598907875363,0,6,9,41,0,0,0,13,35,1,-0.676918211625889,0,3.15384615384615,0.0347490347490348,0.0084033613445378,0.0580059050647286,0,4.1,10.1
2018,REG+POST,00-0030140,T.Way,Tress Way,P,SPEC,"https://static.www.nfl.com/image/private/f_auto,q_auto/league/mb64ugskbogtoljml7q0",1,WAS,1,1,7,0,0,0,0,0,0,7,0,1,2.73438866599463,0,1.0,,0,0,0,0,0,0,,0,0,0,0,0,0,0,0,0,0,,0,,,,,0,0.28,0.28
2018,REG+POST,00-0030147,R.Shepard,Russell Shepard,WR,WR,"https://static.www.nfl.com/image/private/f_auto,q_auto/league/gk2saq7m1jxl90g9slks",7,NYG,0,0,0,0,0,0,0,0,0,0,0,0,,0,,,0,0,0,0,0,0,,0,10,19,188,2,0,0,333,16,7,6.76121515369205,0,0.564564564564565,0.071969696969697,0.159635666347076,0.219699511897498,0,30.8,40.8
2018,REG+POST,00-0030155,D.Harris,Demetrius Harris,TE,TE,"https://static.www.nfl.com/image/private/f_auto,q_auto/league/nlajcnjlosuajmqswxvl",12,KC,0,0,0,0,0,0,0,0,0,0,0,0,,0,,,0,0,0,0,0,0,,0,13,27,166,3,0,0,195,77,9,-0.608770800987259,0,0.851282051282051,0.0588235294117647,0.054181717143651,0.126162496118203,0,34.6,47.6
2018,REG+POST,00-0030170,R.Miles,Rontez Miles,FS,DB,"https://static.www.nfl.com/image/private/f_auto,q_auto/league/ufb0jodghl5ntdimenbc",1,NYJ,0,0,0,0,0,0,0,0,0,0,0,0,,0,,,1,4,0,0,0,1,1.84754531958606,0,0,0,0,0,0,0,0,0,0,,0,,,,,0,0.4,0.4
2018,REG+POST,00-0030181,J.Doyle,Jack Doyle,TE,TE,"https://static.www.nfl.com/image/private/f_auto,q_auto/league/h6abyvmg2g93llboizi6",6,IND,0,0,0,0,0,0,0,0,0,0,0,0,,0,,,0,0,0,0,0,0,,0,26,33,245,2,1,1,179,108,14,0.766243935039098,0,1.36871508379888,0.154929577464789,0.124478442280946,0.319529275793845,0,34.5,60.5
2018,REG+POST,00-0030196,J.Heath,Jeff Heath,SS,DB,"https://static.www.nfl.com/image/private/f_auto,q_auto/league/knimytdhoo3rqiacbgtm",1,DAL,0,0,0,0,0,0,0,0,0,0,0,0,,0,,,1,3,0,0,0,1,2.15131232817657,0,0,0,0,0,0,0,0,0,0,,0,,,,,0,0.3,0.3
2018,REG+POST,00-0030216,J.Hill,Josh Hill,TE,TE,"https://static.www.nfl.com/image/private/f_auto,q_auto/league/vdva7m1fxklv6gxbsg7q",13,NO,0,0,0,0,0,0,0,0,0,0,0,0,,0,,,0,0,0,0,0,0,,0,20,28,216,1,0,0,65,209,13,6.81995640318665,0,3.32307692307692,0.0610021786492375,0.0200493522516965,0.105537814550044,0,27.6,47.6
2018,REG+POST,00-0030279,K.Allen,Keenan Allen,WR,WR,"https://static.www.nfl.com/image/private/f_auto,q_auto/league/xs7h2igf85nta81v7zb8",17,LAC,0,0,0,0,0,1,7,0,0,0,0,0,-1.58533073309809,0,,,9,75,0,1,0,4,0.571776894154027,0,103,148,1308,7,1,1,1346,424,66,60.9996963180101,2,0.971768202080238,0.272058823529412,0.307797850445918,0.62354673060626,0,182.3,285.3
2018,REG+POST,00-0030288,R.Burkhead,Rex Burkhead,RB,RB,"https://static.www.nfl.com/image/private/f_auto,q_auto/league/ysgdnkasvp07qmrkasve",11,NE,0,0,0,0,0,0,0,0,0,0,0,0,,0,,,80,282,3,1,0,18,-13.6555067981244,0,21,27,176,1,1,1,48,161,5,-3.13664062057962,0,3.66666666666667,0.0769230769230769,0.0228571428571429,0.131384615384615,0,67.8,88.8
2018,REG+POST,00-0030300,J.Brown,Jaron Brown,WR,WR,"https://static.www.nfl.com/image/private/f_auto,q_auto/league/y41u4egwigms9rg2p3ln",10,SEA,0,0,0,0,0,0,0,0,0,0,0,0,,0,,,0,0,0,0,0,0,,0,14,19,166,5,0,0,244,46,9,17.419994652184,0,0.680327868852459,0.0733590733590734,0.100618556701031,0.180471599729332,0,46.6,60.6
2018,REG+POST,00-0030404,C.Thompson,Chris Thompson,RB,RB,"https://static.www.nfl.com/image/private/f_auto,q_auto/league/ypyldro2efcy5jcrytft",10,WAS,0,0,0,0,0,0,0,0,0,0,0,0,,0,,,43,178,0,1,0,9,-9.59429586197074,0,41,55,268,1,0,0,80,219,12,-2.21271660537115,0,3.35,0.191637630662021,0.0352578228294403,0.31213692197364,0,50.6,91.6
2018,REG+POST,00-0030414,S.Ware,Spencer Ware,RB,RB,"https://static.www.nfl.com/image/private/f_auto,q_auto/league/qr04afpcu3fqpgxnws6t",12,KC,0,0,0,0,0,0,0,0,0,0,0,0,,0,,,51,246,2,0,0,14,-1.35768435269711,0,21,24,245,0,0,0,24,247,10,15.202704759852,0,10.2083333333333,0.0697674418604651,0.0081604896293777,0.110363505531262,0,61.1,82.1
2018,REG+POST,00-0030422,D.Sims,Dion Sims,TE,TE,"https://static.www.nfl.com/image/private/f_auto,q_auto/league/gvok1agdl3xtz9nceqfr",2,CHI,0,0,0,0,0,0,0,0,0,0,0,0,,0,,,0,0,0,0,0,0,,0,2,4,9,0,0,0,36,9,0,-2.55156271578744,0,0.25,0.0493827160493827,0.0461538461538462,0.106381766381766,0,0.9,2.9
2018,REG+POST,00-0030431,R.Woods,Robert Woods,WR,WR,"https://static.www.nfl.com/image/upload/f_auto,q_auto/league/owppysuai4ipxu5d27nu",19,LA,0,0,0,0,0,0,0,0,0,0,0,0,,0,,,23,168,1,0,0,9,5.51945639809128,0,103,159,1391,6,0,0,1679,477,74,59.16135767261,0,0.828469326980346,0.245749613601237,0.298170839992896,0.577344008396882,0,197.9,300.9
2018,REG+POST,00-0030432,C.Michael,Christine Michael,RB,RB,"https://static.www.nfl.com/image/private/f_auto,q_auto/league/qlysbozgkexeoohnqrvz",1,IND,0,0,0,0,0,0,0,0,0,0,0,0,,0,,,2,9,0,0,0,0,-0.616476247902028,0,0,0,0,0,0,0,0,0,0,,0,,,,,0,0.9,0.9
2018,REG+POST,00-0030433,M.Gillislee,Mike Gillislee,RB,RB,"https://static.www.nfl.com/image/private/f_auto,q_auto/league/bz85uuhwz2daip0avjrg",4,NO,0,0,0,0,0,0,0,0,0,0,0,0,,0,,,16,43,0,1,1,2,-14.1780283213011,0,1,1,9,0,0,0,0,9,0,0.766047273296863,0,0.0,0.0303030303030303,,,0,3.2,4.2
2018,REG+POST,00-0030443,L.Toilolo,Levine Toilolo,TE,TE,"https://static.www.nfl.com/image/private/f_auto,q_auto/league/w6qnlfw0cuxest48srd0",11,DET,0,0,0,0,0,0,0,0,0,0,0,0,,0,,,0,0,0,0,0,0,,0,21,24,263,1,0,0,180,110,16,19.8151387950638,0,1.46111111111111,0.062992125984252,0.0739827373612824,0.146276105129276,0,32.3,53.3
2018,REG+POST,00-0030456,G.Bernard,Giovani Bernard,RB,RB,"https://static.www.nfl.com/image/private/f_auto,q_auto/league/guht9y14gftgsugb87xz",12,CIN,0,0,0,0,0,0,0,0,0,0,0,0,,0,,,56,211,3,0,0,14,-4.33823445302551,0,35,48,218,0,0,0,-7,227,8,-4.18695906216003,0,-31.1428571428571,0.121827411167513,-0.002540834845735,0.180962532359255,0,60.9,95.9
2018,REG+POST,00-0030465,K.Barner,Kenjon Barner,RB,RB,"https://static.www.nfl.com/image/private/f_auto,q_auto/league/n8hvbyw7vdlj7svjwqg4",6,CAR,0,0,0,0,0,0,0,0,0,0,0,0,,0,,,19,71,0,0,0,3,-4.1412149014941,0,1,1,3,0,0,0,3,0,0,-0.0423899788875133,0,1.0,0.0181818181818182,0.0069930069930069,0.0321678321678322,0,7.4,8.4
2018,REG+POST,00-0030470,V.McDonald,Vance McDonald,TE,TE,"https://static.www.nfl.com/image/private/f_auto,q_auto/league/apafzol1dcqu56cqotv9",15,PIT,0,0,0,0,0,0,0,0,0,0,0,0,,0,,,0,0,0,0,0,0,,0,50,72,610,4,2,1,380,387,33,27.5765995730757,0,1.60526315789474,0.113385826771654,0.0783343640486498,0.224912794991535,0,83.0,133.0
2018,REG+POST,00-0030472,J.Reed,Jordan Reed,TE,TE,"https://static.www.nfl.com/image/private/f_auto,q_auto/league/jur0qgejd3lzv8flmxcq",13,WAS,0,0,0,0,0,0,0,0,0,0,0,0,,0,,,0,0,0,0,0,0,,0,54,84,558,2,1,1,575,231,26,-1.19855538776839,0,0.970434782608696,0.201923076923077,0.168968557155451,0.421162605393431,0,65.8,119.8
2018,REG+POST,00-0030506,T.Kelce,Travis Kelce,TE,TE,"https://static.www.nfl.com/image/private/f_auto,q_auto/league/ryzr3vbragwe50vtj9af",18,KC,0,0,0,0,0,0,0,0,0,0,0,0,,0,,,0,0,0,0,0,0,,0,113,166,1467,11,2,1,1520,634,75,77.8190382505848,0,0.965131578947368,0.261829652996845,0.258327668252889,0.573573847272291,0,210.7,323.7
2018,REG+POST,00-0030513,L.Murray,Latavius Murray,RB,RB,"https://static.www.nfl.com/image/private/f_auto,q_auto/league/zepm7ghltyeqydn0qxcg",16,MIN,0,0,0,0,0,0,0,0,0,0,0,0,,0,,,140,578,6,0,0,23,-20.4433250721701,0,22,26,141,0,0,0,29,115,7,-6.95168725508374,1,4.86206896551724,0.0753623188405797,0.0121035058430718,0.12151593235102,0,109.9,131.9
2018,REG+POST,00-0030516,B.Butler,Brice Butler,WR,WR,"https://static.www.nfl.com/image/private/f_auto,q_auto/league/xnr2lcdlhui4vyu6z4ir",5,MIA,0,0,0,0,0,0,0,0,0,0,0,0,,0,,,0,0,0,0,0,0,,0,6,10,60,1,0,0,138,1,4,1.15539990016259,0,0.434782608695652,0.08,0.119170984455959,0.203419689119171,0,12.0,18.0
2018,REG+POST,00-0030520,M.Glennon,Mike Glennon,QB,QB,"https://static.www.nfl.com/image/private/f_auto,q_auto/league/mubobrjbeudtezxv0t0p",2,ARI,15,21,174,1,0,1,8,0,0,177,84,8,8.74151767115109,0,0.983050847457627,0.224261464604208,0,0,0,0,0,0,,0,0,0,0,0,0,0,0,0,0,,0,,,,,0,10.96,10.96
2018,REG+POST,00-0030521,J.Hunter,Justin Hunter,WR,WR,"https://static.www.nfl.com/image/private/f_auto,q_auto/league/jwfx9spolez2cofb3kvq",4,PIT,0,0,0,0,0,0,0,0,0,0,0,0,,0,,,0,0,0,0,0,0,,0,3,13,21,0,0,0,266,2,2,-3.96140977225828,0,0.0789473684210526,0.0792682926829268,0.187853107344633,0.250399614165633,0,2.1,5.1
2018,REG+POST,00-0030525,T.Austin,Tavon Austin,WR,WR,"https://static.www.nfl.com/image/private/f_auto,q_auto/league/ulagxqgjnrft4wub0gus",9,DAL,0,0,0,0,0,0,0,0,0,0,0,0,,0,,,7,52,0,0,0,2,0.665166891878471,0,10,15,145,2,0,0,211,39,6,2.89165986061562,0,0.687203791469194,0.0612244897959184,0.107324516785351,0.166963896443623,0,31.7,41.7
2018,REG+POST,00-0030533,M.Barkley,Matt Barkley,QB,QB,"https://static.www.nfl.com/image/private/f_auto,q_auto/league/ejvscebj0ufugx5vrouq",1,BUF,15,25,232,3,0,1,8,0,0,310,77,12,14.3523848957248,0,0.748387096774194,0.246762628041391,3,-2,0,0,0,0,-3.7684879747394,0,0,0,0,0,0,0,0,0,0,,0,,,,,0,21.08,21.08
2018,REG+POST,00-0030542,T.Williams,Terrance Williams,WR,WR,"https://static.www.nfl.com/image/private/f_auto,q_auto/league/emdrh1uwgitgnw1wytiv",2,DAL,0,0,0,0,0,0,0,0,0,0,0,0,,0,,,0,0,0,0,0,0,,0,2,3,18,0,0,0,27,6,1,0.623739648610354,0,0.666666666666667,0.0576923076923077,0.0616438356164384,0.129689146469968,0,1.8,3.8
2018,REG+POST,00-0030549,T.Eifert,Tyler Eifert,TE,TE,"https://static.www.nfl.com/image/private/f_auto,q_auto/league/sextvbehmeu7ydutxtsu",4,CIN,0,0,0,0,0,0,0,0,0,0,0,0,,0,,,0,0,0,0,0,0,,0,15,19,179,1,0,0,175,54,10,9.78962565574329,0,1.02285714285714,0.12258064516129,0.155555555555556,0.292759856630824,0,23.9,38.9
2018,REG+POST,00-0030564,D.Hopkins,DeAndre Hopkins,WR,WR,"https://static.www.nfl.com/image/upload/f_auto,q_auto/league/jgatj8mtftu06pegapip",17,HOU,0,1,0,0,0,0,0,0,0,17,0,0,-0.445596045756247,0,0.0,,1,-7,0,0,0,0,-1.45712047116831,0,120,173,1609,11,2,2,1985,396,85,71.6613640863499,0,0.810579345088161,0.319778188539741,0.432367675887606,0.782324655930936,0,222.2,342.2
2018,REG+POST,00-0030565,G.Smith,Geno Smith,QB,QB,"https://static.www.nfl.com/image/private/f_auto,q_auto/league/bxp32udtvwnpu3rl2cht",4,LAC,1,4,8,0,0,1,16,1,1,11,11,0,-6.86530107389159,0,0.727272727272727,,8,2,0,0,0,0,-5.66564137884416,0,0,0,0,0,0,0,0,0,0,,0,,,,,0,-1.48,-1.48
2018,REG+POST,00-0030578,C.Patterson,Cordarrelle Patterson,RB,RB,"https://static.www.nfl.com/image/private/f_auto,q_auto/league/gy2bb38cns4nxypehbqi",18,NE,0,0,0,0,0,0,0,0,0,0,0,0,,0,,,45,238,1,0,0,15,4.16580390348946,0,25,35,279,3,0,0,195,199,12,10.291846911753,0,1.43076923076923,0.0656660412757974,0.0528169014084507,0.135470892899612,1,81.7,106.7
2018,REG+POST,00-0030648,A.Villanueva,Alejandro Villanueva,T,OL,"https://static.www.nfl.com/image/private/f_auto,q_auto/league/u0iqbfj30q64ngrmwdvr",1,PIT,0,0,0,0,0,0,0,0,0,0,0,0,,0,,,0,0,0,0,0,0,,0,1,1,2,1,0,0,2,0,1,3.9913910375617,0,1.0,0.0172413793103448,0.0048899755501222,0.0292850518506028,0,6.2,7.2
2018,REG+POST,00-0030656,I.Crowell,Isaiah Crowell,RB,RB,"https://static.www.nfl.com/image/private/f_auto,q_auto/league/oruiw5myfimtssv6j2ar",13,NYJ,0,0,0,0,0,0,0,0,0,0,0,0,,0,,,143,685,6,0,0,26,-9.51617320649502,0,21,28,152,0,0,0,-9,173,7,2.83881825952759,0,-16.8888888888889,0.0721649484536082,-0.0027059530968129,0.106353255512643,0,119.7,140.7
2018,REG+POST,00-0030663,W.Snead,Willie Snead,WR,WR,"https://static.www.nfl.com/image/private/f_auto,q_auto/league/fr5xckiwhguuaishnbju",15,BAL,0,0,0,0,0,0,0,0,0,0,0,0,,0,,,1,13,0,0,0,1,1.46459193341434,0,65,101,701,1,0,0,832,305,39,9.24123934895676,0,0.842548076923077,0.194605009633911,0.180751683684554,0.418433693030055,0,77.4,142.4
2018,REG+POST,00-0030668,C.West,Charcandrick West,RB,RB,"https://static.www.nfl.com/image/private/f_auto,q_auto/league/ccvw7oos9bzr4ojdiuac",2,KC,0,0,0,0,0,0,0,0,0,0,0,0,,0,,,2,-1,0,0,0,1,-0.988805418193806,0,2,3,37,1,0,0,16,25,2,3.38715322129428,0,2.3125,0.0769230769230769,0.0421052631578947,0.144858299595142,0,9.6,11.6
2018,REG+POST,00-0030669,A.Wilson,Albert Wilson,WR,WR,"https://static.www.nfl.com/image/private/f_auto,q_auto/league/slythouwdcrug0poiios",7,MIA,1,1,52,1,0,0,0,0,0,19,33,1,4.35197630827315,0,2.73684210526316,,8,16,0,0,0,2,-2.32398807106074,0,26,35,391,4,0,0,246,335,11,10.8640295753721,0,1.58943089430894,0.172413793103448,0.145304193738925,0.36033362527242,0,70.78,96.78
2018,REG+POST,00-0030670,B.Fowler,Bennie Fowler,WR,WR,"https://static.www.nfl.com/image/private/f_auto,q_auto/league/nfcmdcfhjf347rw1cstq",10,NYG,0,0,0,0,0,0,0,0,0,0,0,0,,0,,,0,0,0,0,0,0,,0,16,27,199,1,1,0,261,76,12,11.1489958451712,0,0.762452107279693,0.0784883720930233,0.0973880597014925,0.18590419993058,0,25.9,41.9
2018,REG+POST,00-0030710,T.Burton,Trey Burton,TE,TE,"https://static.www.nfl.com/image/private/f_auto,q_auto/league/vt2ce0szit4ozyh5s5iw",16,CHI,0,0,0,0,0,0,0,0,0,0,0,0,,0,,,1,2,0,0,0,1,0.0793567462242208,0,54,76,569,6,1,1,623,190,29,13.4138792458107,1,0.913322632423756,0.150793650793651,0.139435989256938,0.323795668670333,0,93.1,147.1
2018,REG+POST,00-0030711,D.Fluellen,David Fluellen,RB,RB,"https://static.www.nfl.com/image/private/f_auto,q_auto/league/hw3jqryjpuw3hhackwsm",2,TEN,0,0,0,0,0,0,0,0,0,0,0,0,,0,,,4,16,0,0,0,1,-0.523850294179283,0,0,0,0,0,0,0,0,0,0,,0,,,,,0,1.6,1.6
2018,REG+POST,00-0030737,F.Martino,Freddie Martino,WR,WR,"https://static.www.nfl.com/image/private/f_auto,q_auto/league/ztiguqllxmcbjynsqwn9",1,TB,0,0,0,0,0,0,0,0,0,0,0,0,,0,,,0,0,0,0,0,0,,0,0,1,0,0,0,0,3,0,0,-2.09209974115277,0,0.0,0.0357142857142857,0.0087976539589442,0.0597297863426896,0,0.0,0.0
2018,REG+POST,00-0030741,R.Nix,Roosevelt Nix,FB,RB,"https://static.www.nfl.com/image/private/f_auto,q_auto/league/ibpity8hbzwonppqziyb",5,PIT,0,0,0,0,0,0,0,0,0,0,0,0,,0,,,1,4,0,0,0,0,-2.36722126282984,0,4,6,38,0,0,0,9,43,2,0.74313084105961,0,4.22222222222222,0.0265486725663717,0.0051428571428571,0.0434230088495575,0,4.2,8.2
2018,REG+POST,00-0030780,R.Hewitt,Ryan Hewitt,TE,TE,"https://static.www.nfl.com/image/private/f_auto,q_auto/league/egbpiaml7idnpcxa1x8q",3,IND,0,0,0,0,0,0,0,0,0,0,0,0,,0,,,0,0,0,0,0,0,,0,1,3,1,1,0,0,7,0,1,-0.639980959735112,0,0.142857142857143,0.0294117647058824,0.0096551724137931,0.0508762677484787,0,6.1,7.1
2018,REG+POST,00-0030821,A.Hurns,Allen Hurns,WR,WR,"https://static.www.nfl.com/image/private/f_auto,q_auto/league/ficrwzwu4bfswpzu61fv",14,DAL,0,0,0,0,0,0,0,0,0,0,0,0,,0,,,0,0,0,0,0,0,,0,21,36,309,2,1,0,406,85,12,15.4091904505514,0,0.761083743842365,0.0775862068965517,0.112621359223301,0.195214261801138,0,42.9,63.9
2018,REG+POST,00-0030854,E.Swoope,Erik Swoope,TE,TE,"https://static.www.nfl.com/image/private/f_auto,q_auto/league/lgucz1buzapjyv92e7tj",7,IND,0,0,0,0,0,0,0,0,0,0,0,0,,0,,,0,0,0,0,0,0,,0,8,10,87,3,0,0,94,17,5,6.38151029919391,0,0.925531914893617,0.0325732899022801,0.0496566296883254,0.083619575635248,0,26.7,34.7
2018,REG+POST,00-0030874,D.Williams,Damien Williams,RB,RB,"https://static.www.nfl.com/image/private/f_auto,q_auto/league/ga4vusnfwfvhp2ksqw7x",12,KC,0,0,0,0,0,0,0,0,0,0,0,0,,0,,,85,415,6,1,1,26,3.68856251238603,0,33,38,251,4,0,0,9,312,12,13.0812078342853,0,27.8888888888889,0.118380062305296,0.0029060381013884,0.179604320128916,0,124.6,157.6
2018,REG+POST,00-0030968,K.Smith,Keith Smith,FB,RB,"https://static.www.nfl.com/image/private/f_auto,q_auto/league/jolwasweebgk37nkl7ia",5,LV,0,0,0,0,0,0,0,0,0,0,0,0,,0,,,1,0,0,0,0,0,-4.53320167202037,0,5,7,23,0,0,0,23,18,3,-3.24100212125001,0,1.0,0.0445859872611465,0.0250817884405671,0.0844362328001167,0,2.3,7.3
2018,REG+POST,00-0031023,Q.Enunwa,Quincy Enunwa,WR,WR,"https://static.www.nfl.com/image/private/f_auto,q_auto/league/vsd27gfxzjt7v7izbjet",11,NYJ,0,0,0,0,0,0,0,0,0,0,0,0,,0,,,1,0,0,0,0,0,-0.440314262988977,0,38,68,449,1,2,1,487,285,22,-1.95714840351346,0,0.921971252566735,0.19941348973607,0.17374241883696,0.420739927789978,0,48.9,86.9
2018,REG+POST,00-0031035,X.Grimble,Xavier Grimble,TE,TE,"https://static.www.nfl.com/image/private/f_auto,q_auto/league/crjwhcfk4bt6dqojjppj",7,PIT,0,0,0,0,0,0,0,0,0,0,0,0,,0,,,0,0,0,0,0,0,,0,6,8,86,0,1,0,56,56,4,0.73184406501241,0,1.53571428571429,0.025974025974026,0.0282971197574533,0.0587690227912562,0,8.6,14.6
2018,REG+POST,00-0031045,C.Hyde,Carlos Hyde,RB,RB,"https://static.www.nfl.com/image/private/f_auto,q_auto/league/qpmv42ldpkpdf1gpgeua",14,JAX,0,0,0,0,0,0,0,0,0,0,0,0,,0,,,172,571,5,2,1,27,-39.0626483549483,0,10,16,33,0,0,0,-13,59,0,-7.43508478795411,0,-2.53846153846154,0.050314465408805,-0.0045566070802663,0.0722820731570211,0,88.4,98.4
2018,REG+POST,00-0031051,J.Brown,John Brown,WR,WR,"https://static.www.nfl.com/image/private/f_auto,q_auto/league/xwyc2a0qfdxbbct6lso6",17,BAL,0,0,0,0,0,0,0,0,0,0,0,0,,0,,,3,4,0,0,0,0,-1.55790014890954,0,44,100,729,5,0,0,1602,162,28,17.5308157061231,0,0.455056179775281,0.176991150442478,0.320913461538462,0.49012614874064,0,103.3,147.3
2018,REG+POST,00-0031060,D.Thomas,De'Anthony Thomas,WR,WR,"https://static.www.nfl.com/image/private/f_auto,q_auto/league/ubevvtu8f1snobsxnnwl",3,KC,0,0,0,0,0,0,0,0,0,0,0,0,,0,,,1,6,0,0,0,0,0.385494029615074,0,3,5,29,1,0,0,68,30,3,2.23205163251259,0,0.426470588235294,0.0476190476190476,0.066147859922179,0.117732073374097,0,9.5,12.5
2018,REG+POST,00-0031062,J.White,James White,RB,RB,"https://static.www.nfl.com/image/private/f_auto,q_auto/league/z1nnkmnstccnqya5d5ee",19,NE,0,0,0,0,0,0,0,0,0,0,0,0,,0,,,102,452,5,0,0,25,-3.80106577856876,0,107,150,902,7,0,0,281,832,46,22.2311956161956,0,3.20996441281139,0.220264317180617,0.0536259541984733,0.367934643709856,0,207.4,314.4
2018,REG+POST,00-0031068,R.Grant,Ryan Grant,WR,WR,"https://static.www.nfl.com/image/private/f_auto,q_auto/league/im7fnk7uti759btkrdok",14,IND,0,0,0,0,0,0,0,0,0,0,0,0,,0,,,0,0,0,0,0,0,,0,35,52,334,1,0,0,475,93,18,10.1055622471322,0,0.703157894736842,0.0896551724137931,0.106359158083296,0.208934169278997,0,39.4,74.4
2018,REG+POST,00-0031075,A.Blue,Alfred Blue,RB,RB,"https://static.www.nfl.com/image/private/f_auto,q_auto/league/qt9zmmipmlcin4gxs8wt",17,HOU,0,0,0,0,0,0,0,0,0,0,0,0,,0,,,152,507,2,0,0,26,-32.0902644790535,0,22,29,165,0,0,0,74,117,4,-7.2985082842336,0,2.22972972972973,0.0814606741573034,0.0253685293109359,0.13994898175361,0,79.2,101.2
2018,REG+POST,00-0031102,K.Bibbs,Kapri Bibbs,RB,RB,"https://static.www.nfl.com/image/private/f_auto,q_auto/league/yvqplagyljhiso4imgiq",9,GB,0,0,0,0,0,0,0,0,0,0,0,0,,0,,,21,103,3,0,0,8,4.28092763951607,0,16,23,115,1,1,0,38,108,4,-8.95251144384143,0,3.02631578947368,0.0966386554621849,0.0169265033407572,0.156806535531807,0,45.8,61.8
2018,REG+POST,00-0031136,C.Boswell,Chris Boswell,K,SPEC,"https://static.www.nfl.com/image/private/f_auto,q_auto/league/karzxxgfewnlymj0rmln",1,PIT,1,1,2,1,0,0,0,0,0,2,0,1,3.9913910375617,0,1.0,,0,0,0,0,0,0,,0,0,0,0,0,0,0,0,0,0,,0,,,,,0,4.08,4.08
2018,REG+POST,00-0031166,S.Roberts,Seth Roberts,WR,WR,"https://static.www.nfl.com/image/private/f_auto,q_auto/league/wcralkq5mcdpsmjvkatl",15,LV,0,0,0,0,0,0,0,0,0,0,0,0,,0,,,3,5,0,0,0,1,-1.42615399160422,0,45,64,494,2,0,0,572,211,24,24.7328186958834,0,0.863636363636364,0.130081300813008,0.174870070314888,0.317531000439934,0,61.9,106.9
2018,REG+POST,00-0031167,S.Simonson,Scott Simonson,TE,TE,"https://static.www.nfl.com/image/private/f_auto,q_auto/league/cocieog4hemdjlipo1qh",7,NYG,0,0,0,0,0,0,0,0,0,0,0,0,,0,,,0,0,0,0,0,0,,0,9,14,86,1,0,0,66,31,6,-9.87615506167482,0,1.3030303030303,0.0532319391634981,0.0332661290322581,0.103134199067828,0,14.6,23.6
2018,REG+POST,00-0031189,T.Jones,T.J. Jones,WR,WR,"https://static.www.nfl.com/image/private/f_auto,q_auto/league/fqv9h42uxtxjl7jjs2dt",12,DET,0,0,0,0,0,0,0,0,0,0,0,0,,0,,,0,0,0,0,0,0,,0,19,27,190,2,0,0,268,36,10,10.5997762925108,0,0.708955223880597,0.0650602409638554,0.0986745213549337,0.166662526394237,0,31.0,50.0
2018,REG+POST,00-0031228,T.Gabriel,Taylor Gabriel,WR,WR,"https://static.www.nfl.com/image/private/f_auto,q_auto/league/nc4aoax8j5mnnrjewu7p",17,CHI,0,0,0,0,0,0,0,0,0,0,0,0,,0,,,11,81,0,0,0,4,4.18958683864912,0,71,102,725,2,1,1,1127,221,34,26.7028306237423,0,0.643300798580302,0.187155963302752,0.229812398042414,0.441602623583819,0,90.6,161.6
2018,REG+POST,00-0031235,O.Beckham,Odell Beckham,WR,WR,"https://static.www.nfl.com/image/private/f_auto,q_auto/league/etl34lkiscs2lpc4to2f",12,NYG,2,2,106,2,0,0,0,0,0,68,38,2,9.48150946642272,0,1.55882352941176,,5,19,0,0,0,2,-1.76218314455813,0,77,124,1052,6,0,0,1412,315,51,31.9827219940483,0,0.745042492917847,0.285714285714286,0.433128834355828,0.731761612620508,0,155.34,232.34
2018,REG+POST,00-0031236,B.Cooks,Brandin Cooks,WR,WR,"https://static.www.nfl.com/image/private/f_auto,q_auto/league/wy6qidqm8jjp6buvu3lp",18,LA,0,0,0,0,0,0,0,0,0,0,0,0,,0,,,11,73,1,0,0,6,7.85376127378549,0,99,144,1496,5,1,0,1863,420,70,65.5083846799631,0,0.80300590445518,0.234146341463415,0.347574626865672,0.594521751001092,0,192.9,291.9
2018,REG+POST,00-0031237,T.Bridgewater,Teddy Bridgewater,QB,QB,"https://static.www.nfl.com/image/private/f_auto,q_auto/league/q5p8afhezmpvc1xbwibf",4,NO,14,23,118,1,1,2,8,0,0,141,53,8,-8.28122925839898,0,0.836879432624114,-0.0086416044236095,11,5,0,0,0,1,-9.12140521092806,0,0,0,0,0,0,0,0,0,0,,0,,,,,0,7.22,7.22
2018,REG+POST,00-0031257,P.Richardson,Paul Richardson,WR,WR,"https://static.www.nfl.com/image/private/f_auto,q_auto/league/jxsldwomavxfbs7gueqt",7,WAS,0,0,0,0,0,0,0,0,0,0,0,0,,0,,,2,9,0,0,0,0,0.0828209656756371,0,20,35,262,2,0,0,432,46,12,7.82405135646695,0,0.606481481481482,0.146443514644351,0.234400434074878,0.383745575818942,0,39.1,59.1
2018,REG+POST,00-0031260,L.Thomas,Logan Thomas,TE,TE,"https://static.www.nfl.com/image/private/f_auto,q_auto/league/acm0ymhqdzqxdibwjphv",8,BUF,1,1,15,0,0,0,0,0,0,8,7,1,3.80663230828941,0,1.875,,0,0,0,0,0,0,,0,12,17,77,0,0,0,135,34,3,2.02192650706274,0,0.57037037037037,0.0658914728682171,0.0536352800953516,0.136381905369072,0,8.3,20.3
2018,REG+POST,00-0031273,C.Brate,Cameron Brate,TE,TE,"https://static.www.nfl.com/image/private/f_auto,q_auto/league/jhioqec65qy4z7s6w9a6",15,TB,0,0,0,0,0,0,0,0,0,0,0,0,,0,,,0,0,0,0,0,0,,0,30,49,289,6,1,1,405,51,18,4.9317954428031,0,0.71358024691358,0.083617747440273,0.0648414985590778,0.170815670151764,0,62.9,92.9
2018,REG+POST,00-0031280,D.Carr,Derek Carr,QB,QB,"https://static.www.nfl.com/image/private/f_auto,q_auto/league/cffbp9sqfioxa2jk2oqf",16,LV,381,553,4049,19,10,51,299,11,7,3778,1994,197,-1.20584695851284,1,1.07173107464267,0.0816043593739291,24,47,1,1,0,5,-3.56036608759314,0,1,1,-9,0,0,0,-7,-2,0,-2.35112055833451,0,0.0,0.0303030303030303,-0.0225806451612903,0.0296480938416422,0,215.76,216.76
2018,REG+POST,00-0031285,D.Freeman,Devonta Freeman,RB,RB,"https://static.www.nfl.com/image/private/f_auto,q_auto/league/vjhvfwypu1byxfo2uvki",2,ATL,0,0,0,0,0,0,0,0,0,0,0,0,,0,,,14,68,0,0,0,2,-4.17104626179207,0,5,7,23,0,0,0,1,20,0,-4.26930072560208,0,23.0,0.0833333333333333,0.0013908205841446,0.125973574408901,0,9.1,14.1
2018,REG+POST,00-0031288,A.McCarron,AJ McCarron,QB,QB,"https://static.www.nfl.com/image/private/f_auto,q_auto/league/fvakqnmsg35llkcme11h",2,LV,1,3,8,0,0,1,7,0,0,7,1,0,-2.60523065755842,0,1.14285714285714,,3,-2,0,0,0,0,-3.24600089224987,0,0,0,0,0,0,0,0,0,0,,0,,,,,0,0.12,0.12
2018,REG+POST,00-0031299,J.Matthews,Jordan Matthews,TE,TE,"https://static.www.nfl.com/image/private/f_auto,q_auto/league/lzmaxofoalitaiiuchm7",12,PHI,0,0,0,0,0,0,0,0,0,0,0,0,,0,,,0,0,0,0,0,0,,0,21,30,337,3,0,0,328,90,15,19.909463787956,0,1.02743902439024,0.0683371298405467,0.0975319655069878,0.170778070615712,0,51.7,72.7
2018,REG+POST,00-0031301,J.Hill,Jeremy Hill,RB,RB,"https://static.www.nfl.com/image/private/f_auto,q_auto/league/rafvidcbp023aupumccx",1,NE,0,0,0,0,0,0,0,0,0,0,0,0,,0,,,4,25,0,0,0,1,0.0145988530130126,0,1,1,6,0,0,0,1,5,0,0.27898092311807,0,6.0,0.0256410256410256,0.003125,0.0406490384615385,0,3.1,4.1
2018,REG+POST,00-0031325,S.Watkins,Sammy Watkins,WR,WR,"https://static.www.nfl.com/image/private/f_auto,q_auto/league/nkqk4ac4uncxocqlgp2k",12,KC,0,0,0,0,0,0,0,0,0,0,0,0,,0,,,6,50,0,1,0,2,1.38126507803099,0,50,71,695,3,1,1,642,309,30,36.4641104664595,0,1.08255451713396,0.168646080760095,0.159661775677692,0.364732364114527,0,90.5,140.5
2018,REG+POST,00-0031326,B.Ellington,Bruce Ellington,WR,WR,"https://static.www.nfl.com/image/private/f_auto,q_auto/league/qqlup3kfumh2ifrixmfn",7,DET,0,1,0,0,0,0,0,0,0,10,0,0,-0.440122342319228,0,0.0,,1,2,0,0,0,0,-0.509906099061482,0,31,42,224,1,0,0,204,108,14,0.854689963753829,0,1.09803921568627,0.182608695652174,0.10381679389313,0.346584799203452,0,28.6,59.6
2018,REG+POST,00-0031339,D.Moncrief,Donte Moncrief,WR,WR,"https://static.www.nfl.com/image/private/f_auto,q_auto/league/iippulnxfyjgrlj2p5qw",16,JAX,0,0,0,0,0,0,0,0,0,0,0,0,,0,,,0,0,0,0,0,0,,0,48,89,668,3,1,1,1166,236,28,8.84153243996503,0,0.572898799313894,0.169847328244275,0.316332067281606,0.476203439463536,0,82.8,130.8
2018,REG+POST,00-0031344,C.Latimer,Cody Latimer,WR,WR,"https://static.www.nfl.com/image/private/f_auto,q_auto/league/whgchcrp9pqx0waocewu",5,NYG,0,0,0,0,0,0,0,0,0,0,0,0,,0,,,0,0,0,0,0,0,,0,11,16,190,1,0,0,318,23,6,11.2260796905612,0,0.59748427672956,0.0860215053763441,0.25686591276252,0.30883839699828,0,25.0,36.0
2018,REG+POST,00-0031345,J.Garoppolo,Jimmy Garoppolo,QB,QB,"https://static.www.nfl.com/image/private/f_auto,q_auto/league/dielobmypljj7e27eiob",3,SF,53,89,718,5,3,13,97,2,0,792,368,35,-1.53711393099177,1,0.906565656565657,0.0516869666989335,8,33,0,1,0,2,1.00952724018134,0,0,0,0,0,0,0,0,0,0,,0,,,,,0,48.02,48.02
2018,REG+POST,00-0031359,K.Benjamin,Kelvin Benjamin,WR,WR,"https://static.www.nfl.com/image/private/f_auto,q_auto/league/ygtlhauauds9yoyatu5e",15,KC,0,0,0,0,0,0,0,0,0,0,0,0,,0,,,0,0,0,0,0,0,,0,25,67,380,1,0,0,1045,64,16,-31.1381665843463,0,0.363636363636364,0.146608315098468,0.242290748898678,0.389515996876777,0,44.0,69.0
2018,REG+POST,00-0031360,K.Van Noy,Kyle Van Noy,OLB,LB,"https://static.www.nfl.com/image/upload/f_auto,q_auto/league/gsxm5hxkhupxufs1iopx",1,NE,0,0,0,0,0,0,0,0,0,0,0,0,,0,,,0,0,0,0,0,0,,0,0,0,0,0,0,0,0,0,0,,0,,,,,1,6.0,6.0
2018,REG+POST,00-0031373,M.Bryant,Martavis Bryant,WR,WR,"https://static.www.nfl.com/image/private/f_auto,q_auto/league/davxza3iibzg7aw6c5jm",7,LV,0,0,0,0,0,0,0,0,0,0,0,0,,0,,,3,23,0,0,0,1,0.182877580460627,0,19,27,266,0,1,1,320,131,10,0.599267774668988,0,0.83125,0.111111111111111,0.214477211796247,0.316800714924039,0,26.9,45.9
2018,REG+POST,00-0031381,D.Adams,Davante Adams,WR,WR,"https://static.www.nfl.com/image/private/f_auto,q_auto/league/grvqvmdzu2lsbgvqoxku",15,GB,0,0,0,0,0,0,0,0,0,0,0,0,,0,,,0,0,0,0,0,0,,0,111,169,1386,13,0,0,1906,475,64,80.5550719681172,1,0.727177334732424,0.291882556131261,0.372848200312989,0.698817574415983,0,218.6,329.6
2018,REG+POST,00-0031382,J.Landry,Jarvis Landry,WR,WR,"https://static.www.nfl.com/image/private/f_auto,q_auto/league/w2q9uwsjvgadwyvnvopb",16,CLE,1,2,63,0,0,0,0,0,0,77,17,1,3.5699974935269,1,0.818181818181818,,3,60,1,0,0,2,5.28310218389379,0,81,149,976,4,1,1,1645,274,44,0.277459587190752,0,0.593313069908815,0.267504488330341,0.308978211870774,0.617541480805053,0,136.12,217.12
2018,REG+POST,00-0031384,R.Rodgers,Richard Rodgers,TE,TE,"https://static.www.nfl.com/image/private/f_auto,q_auto/league/l9zei9dkcmbml3q1nshk",1,PHI,0,0,0,0,0,0,0,0,0,0,0,0,,0,,,0,0,0,0,0,0,,0,1,1,7,0,0,0,-2,9,1,0.458751255413517,0,0.0,0.0204081632653061,-0.0051020408163265,0.0270408163265306,0,0.7,1.7
2018,REG+POST,00-0031387,E.Ebron,Eric Ebron,TE,TE,"https://static.www.nfl.com/image/private/f_auto,q_auto/league/uaxsxymncppase7ihczd",18,IND,0,1,0,0,0,0,0,0,0,4,0,0,-1.62424917490356,0,0.0,,3,-8,1,1,1,1,-3.59432196221314,0,74,125,827,14,0,0,1195,269,44,34.7186493873853,0,0.692050209205021,0.186846038863976,0.230561450897164,0.441662073923979,0,169.9,243.9
2018,REG+POST,00-0031395,G.Gilbert,Garrett Gilbert,QB,QB,"https://static.www.nfl.com/image/private/f_auto,q_auto/league/tqn0pjemxn7hoze93kwa",1,CAR,2,3,40,0,0,1,5,0,0,17,30,1,-0.356549131684005,0,2.35294117647059,,0,0,0,0,0,0,,0,0,0,0,0,0,0,0,0,0,,0,,,,,0,1.6,1.6
2018,REG+POST,00-0031407,B.Bortles,Blake Bortles,QB,QB,"https://static.www.nfl.com/image/private/f_auto,q_auto/league/jvoui3bptgsfvgkz5e1b",13,JAX,243,403,2718,13,11,31,173,5,2,2889,1480,128,-22.4125209293994,0,0.940809968847352,0.0109988285594809,58,365,1,3,2,28,15.9976985338581,0,0,0,0,0,0,0,0,0,0,,0,,,,,0,173.22,173.22
2018,REG+POST,00-0031408,M.Evans,Mike Evans,WR,WR,"https://static.www.nfl.com/image/private/f_auto,q_auto/league/w6eq27k2xs8vawwgkzbl",16,TB,0,0,0,0,0,0,0,0,0,0,0,0,,0,,,0,0,0,0,0,0,,0,86,138,1524,8,1,1,2147,282,69,60.6628646803783,0,0.709827666511411,0.222940226171244,0.327087141986594,0.563371338647482,0,198.4,284.4
2018,REG+POST,00-0031418,A.Seferian-Jenkins,Austin Seferian-Jenkins,TE,TE,"https://static.www.nfl.com/image/private/f_auto,q_auto/league/mvuoyejl5hzfzrkfezuj",5,JAX,0,0,0,0,0,0,0,0,0,0,0,0,,0,,,0,0,0,0,0,0,,0,11,19,90,1,0,0,101,30,6,-1.81887698686028,0,0.891089108910891,0.0904761904761905,0.064951768488746,0.181180523656408,0,15.0,26.0
2018,REG+POST,00-0031428,A.Robinson,Allen Robinson,WR,WR,"https://static.www.nfl.com/image/private/f_auto,q_auto/league/tucplhxtb3c626iekuzv",14,CHI,0,0,0,0,0,0,0,0,0,0,0,0,,0,,,1,9,0,0,0,0,0.952265334315598,0,65,107,897,5,1,1,1313,249,41,30.2720302130435,0,0.683168316831683,0.227659574468085,0.31306628516929,0.56063576132063,0,118.6,183.6
2018,REG+POST,00-0031462,J.Cunningham,Jerome Cunningham,TE,TE,"https://static.www.nfl.com/image/private/f_auto,q_auto/league/hmszkqofxzqzxqbuawhq",1,DET,0,0,0,0,0,0,0,0,0,0,0,0,,0,,,0,0,0,0,0,0,,0,0,1,0,0,0,0,3,0,0,-0.304408586700447,0,0.0,0.0238095238095238,0.0096153846153846,0.0424450549450549,0,0.0,0.0
2018,REG+POST,00-0031484,C.Manhertz,Chris Manhertz,TE,TE,"https://static.www.nfl.com/image/private/f_auto,q_auto/league/r645ts6owoqbjuxbzgdl",3,CAR,0,0,0,0,0,0,0,0,0,0,0,0,,0,,,0,0,0,0,0,0,,0,2,5,52,1,0,0,33,45,1,-1.65761874843156,0,1.57575757575758,0.0526315789473684,0.0569948186528497,0.118843741478047,0,11.2,13.2
2018,REG+POST,00-0031503,J.Winston,Jameis Winston,QB,QB,"https://static.www.nfl.com/image/private/f_auto,q_auto/league/eupdyd3zccjeoloqmyfl",11,TB,244,378,2992,19,14,27,157,3,2,4086,895,152,46.5363902170237,0,0.73225648556045,0.130767901960798,49,281,1,4,1,19,13.5115068075514,0,0,0,0,0,0,0,0,0,0,,0,,,,,0,195.78,195.78
2018,REG+POST,00-0031544,A.Cooper,Amari Cooper,WR,WR,"https://static.www.nfl.com/image/private/f_auto,q_auto/league/zibbxjtein7gpu5zgcj4",17,DAL,0,0,0,0,0,0,0,0,0,0,0,0,,0,,,2,20,0,0,0,1,1.29172725474928,0,88,125,1176,8,3,2,1195,495,58,32.7563994683879,1,0.984100418410042,0.206953642384106,0.292748652621264,0.515354520411044,0,165.6,253.6
2018,REG+POST,00-0031545,K.White,Kevin White,WR,WR,"https://static.www.nfl.com/image/private/f_auto,q_auto/league/u6jclvrydlw6amytmylq",3,CHI,0,0,0,0,0,0,0,0,0,0,0,0,,0,,,0,0,0,0,0,0,,0,4,8,92,0,0,0,185,6,3,-0.703013196180109,0,0.497297297297297,0.0776699029126214,0.172735760971055,0.237419887048671,0,9.2,13.2
2018,REG+POST,00-0031547,D.Parker,DeVante Parker,WR,WR,"https://static.www.nfl.com/image/private/f_auto,q_auto/league/beuyfjou6kckaoqqpa96",11,MIA,0,0,0,0,0,0,0,0,0,0,0,0,,0,,,0,0,0,0,0,0,,0,24,47,309,1,0,0,608,94,14,1.21300283609682,0,0.508223684210526,0.158783783783784,0.259940145361266,0.420133777428562,0,36.9,60.9
2018,REG+POST,00-0031549,N.Agholor,Nelson Agholor,WR,WR,"https://static.www.nfl.com/image/private/f_auto,q_auto/league/lfc8g0z3wmxowwggvzqh",18,PHI,1,1,15,0,0,0,0,0,0,8,7,1,1.93148036871571,0,1.875,,4,44,0,0,0,3,2.60769805399468,0,68,106,774,4,1,0,1098,357,31,29.1851092601625,0,0.704918032786885,0.159879336349925,0.215717092337918,0.390820969161429,0,106.4,174.4
2018,REG+POST,00-0031558,M.Williams,Maxx Williams,TE,TE,"https://static.www.nfl.com/image/private/f_auto,q_auto/league/p0j7ax3rqhrzn5nvmc06",10,BAL,0,0,0,0,0,0,0,0,0,0,0,0,,0,,,3,8,0,0,0,2,0.954120877810055,0,17,18,151,1,0,0,43,108,7,11.7677961853333,0,3.51162790697674,0.0604026845637584,0.0170162247724575,0.102515384186358,0,21.9,38.9
2018,REG+POST,00-0031569,J.Langford,Jeremy Langford,RB,RB,"https://static.www.nfl.com/image/private/f_auto,q_auto/league/ezohep8ggqmwfa1eqy4m",1,ATL,0,0,0,0,0,0,0,0,0,0,0,0,,0,,,9,25,0,0,0,1,-2.75981975375908,0,0,0,0,0,0,0,0,0,0,,0,,,,,0,2.5,2.5
2018,REG+POST,00-0031570,J.Hardy,Justin Hardy,WR,WR,"https://static.www.nfl.com/image/private/f_auto,q_auto/league/bf30pn7pqvdiof0zb6a0",8,ATL,0,0,0,0,0,0,0,0,0,0,0,0,,0,,,0,0,0,0,0,0,,0,14,22,133,2,0,0,132,71,8,-0.120938318839762,0,1.00757575757576,0.0658682634730539,0.0482456140350877,0.132574325034142,0,25.3,39.3
2018,REG+POST,00-0031577,J.Allen,Javorius Allen,RB,RB,"https://static.www.nfl.com/image/private/f_auto,q_auto/league/jguqo1kwlkfamf537de0",11,BAL,0,0,0,0,0,0,0,0,0,0,0,0,,0,,,41,110,3,0,0,10,-5.84618625322462,0,35,43,196,2,1,1,59,177,11,-3.33207661077591,0,3.32203389830509,0.113157894736842,0.0176382660687593,0.182083628353395,0,58.6,93.6
2018,REG+POST,00-0031585,M.Pruitt,MyCole Pruitt,TE,TE,"https://static.www.nfl.com/image/private/f_auto,q_auto/league/okk2t3ngao7qszoxxcph",7,TEN,0,0,0,0,0,0,0,0,0,0,0,0,,0,,,0,0,0,0,0,0,,0,9,11,102,1,0,0,106,28,6,4.93491280491525,0,0.962264150943396,0.0607734806629834,0.0776556776556777,0.145519195353449,0,16.2,25.2
2018,REG+POST,00-0031588,S.Diggs,Stefon Diggs,WR,WR,"https://static.www.nfl.com/image/private/f_auto,q_auto/league/zf6nbnzcfzu4y7yq2nzk",15,MIN,0,0,0,0,0,0,0,0,0,0,0,0,,0,,,10,62,0,0,0,3,2.76800460420782,0,102,149,1021,9,0,0,1286,438,49,7.49550164692954,1,0.79393468118196,0.26140350877193,0.310628019323672,0.609544876684465,0,164.3,266.3
2018,REG+POST,00-0031590,J.Ajayi,Jay Ajayi,RB,RB,"https://static.www.nfl.com/image/private/f_auto,q_auto/league/bt0drbhvsjykf2xxvskx",4,PHI,0,0,0,0,0,0,0,0,0,0,0,0,,0,,,45,184,3,1,1,11,-5.91678069678201,1,5,6,20,0,0,0,0,30,1,-0.43633647786919,0,0.0,0.0465116279069768,0.0,0.0697674418604651,0,38.4,43.4
2018,REG+POST,00-0031595,M.Burton,Michael Burton,FB,RB,"https://static.www.nfl.com/image/private/f_auto,q_auto/league/y8chssh9pcuzv5uc7nai",1,CHI,0,0,0,0,0,0,0,0,0,0,0,0,,0,,,0,0,0,0,0,0,,0,1,1,6,0,0,0,0,6,1,0.260794647911098,0,0.0,0.0303030303030303,,,0,0.6,1.6
2018,REG+POST,00-0031598,N.Boyle,Nick Boyle,TE,TE,"https://static.www.nfl.com/image/private/f_auto,q_auto/league/emqvoudb71kgmkfphmuw",12,BAL,0,0,0,0,0,0,0,0,0,0,0,0,,0,,,0,0,0,0,0,0,,0,23,37,213,0,0,0,120,140,10,-4.65034891721396,0,1.775,0.0856481481481482,0.0313807531380753,0.150438749418875,0,21.3,44.3
2018,REG+POST,00-0031599,C.Artis-Payne,Cameron Artis-Payne,RB,RB,"https://static.www.nfl.com/image/private/f_auto,q_auto/league/vaeghufm3dkzmsjhb8hg",4,CAR,0,0,0,0,0,0,0,0,0,0,0,0,,0,,,19,69,1,0,0,8,-0.400574794737622,0,3,4,15,0,0,0,-5,15,1,-1.17382450192235,0,-3.0,0.0470588235294118,-0.0116550116550117,0.0624297271356095,0,14.4,17.4
2018,REG+POST,00-0031609,A.Derby,A.J. Derby,TE,TE,"https://static.www.nfl.com/image/private/f_auto,q_auto/league/c2bqxdpyb4kn75l4qj1c",3,MIA,0,0,0,0,0,0,0,0,0,0,0,0,,0,,,0,0,0,0,0,0,,0,3,5,48,1,0,0,44,9,3,2.00398988410598,0,1.09090909090909,0.0602409638554217,0.0718954248366013,0.140688243168753,0,10.8,13.8
2018,REG+POST,00-0031610,D.Waller,Darren Waller,TE,TE,"https://static.www.nfl.com/image/private/f_auto,q_auto/league/qqzht46a66zbi9xyylf4",3,LV,0,0,0,0,0,0,0,0,0,0,0,0,,0,,,1,21,0,0,0,1,1.44586431910284,0,6,6,75,0,0,0,19,56,4,5.87398456051596,0,3.94736842105263,0.0659340659340659,0.0279001468428781,0.118431201691114,0,9.6,15.6
2018,REG+POST,00-0031665,Z.Zenner,Zach Zenner,RB,RB,"https://static.www.nfl.com/image/private/f_auto,q_auto/league/deiznogchpv1vbrmyuax",7,DET,0,0,0,0,0,0,0,0,0,0,0,0,,0,,,55,265,3,0,0,14,6.27518731815508,0,7,10,56,0,0,0,0,65,3,-0.199597243859898,0,0.0,0.0714285714285714,0.0,0.107142857142857,0,50.1,57.1
2018,REG+POST,00-0031687,R.Mostert,Raheem Mostert,RB,RB,"https://static.www.nfl.com/image/private/f_auto,q_auto/league/jt7n28bmkyobsxmdbvqu",6,SF,0,0,0,0,0,0,0,0,0,0,0,0,,0,,,34,261,1,1,1,13,0.352137983310968,0,6,7,25,0,0,0,-4,44,1,-1.25890396843897,0,-6.25,0.0507246376811594,-0.003996003996004,0.0732897537245363,0,32.6,38.6
2018,REG+POST,00-0031690,E.Tomlinson,Eric Tomlinson,TE,TE,"https://static.www.nfl.com/image/private/f_auto,q_auto/league/swiwooxium4wmas8wq4c",8,NYJ,0,0,0,0,0,0,0,0,0,0,0,0,,0,,,0,0,0,0,0,0,,0,8,14,72,0,0,0,45,89,3,-7.8724898383465,0,1.6,0.053639846743295,0.0191570881226054,0.0938697318007663,0,7.2,15.2
2018,REG+POST,00-0031731,C.Grant,Corey Grant,RB,RB,"https://static.www.nfl.com/image/private/f_auto,q_auto/league/gj5yoyyx8nulm8ss037t",5,JAX,0,0,0,0,0,0,0,0,0,0,0,0,,0,,,13,40,0,0,0,1,-5.03065338876331,0,9,12,67,0,0,0,0,80,5,0.76612620986328,0,0.0,0.103448275862069,0.0,0.155172413793103,0,10.7,19.7
2018,REG+POST,00-0031744,M.LaCosse,Matt LaCosse,TE,TE,"https://static.www.nfl.com/image/private/f_auto,q_auto/league/yt2cjnrobixknkfi5vud",13,DEN,0,0,0,0,0,0,0,0,0,0,0,0,,0,,,0,0,0,0,0,0,,0,24,37,250,1,0,0,202,143,11,8.19096525450004,0,1.23762376237624,0.0804347826086957,0.0589436825211555,0.161912751677852,0,31.0,55.0
2018,REG+POST,00-0031763,D.Carter,DeAndre Carter,WR,WR,"https://static.www.nfl.com/image/private/f_auto,q_auto/league/mh4cvggohuakwwhobzrk",8,HOU,0,0,0,0,0,0,0,0,0,0,0,0,,0,,,1,7,0,0,0,0,0.138421249692328,0,22,25,216,0,1,0,86,150,10,7.26161166688307,0,2.51162790697674,0.0954198473282443,0.0419512195121951,0.172495624650903,0,22.3,44.3
2018,REG+POST,00-0031782,E.Rogers,Eli Rogers,WR,WR,"https://static.www.nfl.com/image/private/f_auto,q_auto/league/wj9e3uvudi1wvdsr0qdi",3,PIT,0,0,0,0,0,0,0,0,0,0,0,0,,0,,,1,-4,0,0,0,0,-1.06874260120094,0,12,14,79,0,1,0,62,40,5,0.0840856698341668,1,1.2741935483871,0.110236220472441,0.0571955719557196,0.205391231077665,0,9.5,21.5
2018,REG+POST,00-0031787,J.Kumerow,Jake Kumerow,WR,WR,"https://static.www.nfl.com/image/private/f_auto,q_auto/league/lrfqprrjgaeaicqsd0f9",4,GB,0,0,0,0,0,0,0,0,0,0,0,0,,0,,,0,0,0,0,0,0,,0,8,11,103,1,0,0,111,23,4,7.74203634599689,0,0.927927927927928,0.0621468926553672,0.0709718670076726,0.142900645888422,0,16.3,24.3
2018,REG+POST,00-0031788,M.Lengel,Matt Lengel,TE,TE,"https://static.www.nfl.com/image/private/f_auto,q_auto/league/ofsdmsids4mwmhkdpxoz",6,CIN,0,0,0,0,0,0,0,0,0,0,0,0,,0,,,0,0,0,0,0,0,,0,3,8,17,1,0,0,40,7,2,-0.28530616388889,0,0.425,0.0373831775700935,0.0218818380743982,0.071392053007219,0,7.7,10.7
2018,REG+POST,00-0031800,T.Heinicke,Taylor Heinicke,QB,QB,"https://static.www.nfl.com/image/private/f_auto,q_auto/league/r9uju522lkr3sq3vwgft",5,CAR,35,57,320,1,3,2,17,0,0,508,151,19,-17.1911501841799,0,0.62992125984252,0.0289269176842168,5,31,0,1,0,2,2.89048714458477,0,0,0,0,0,0,0,0,0,0,,0,,,,,0,13.9,13.9
2018,REG+POST,00-0031806,M.Brown,Malcolm Brown,RB,RB,"https://static.www.nfl.com/image/private/f_auto,q_auto/league/zxnjheichwlnvvu5qdyl",10,LA,0,0,0,0,0,0,0,0,0,0,0,0,,0,,,43,212,0,0,0,10,2.17243071555276,0,5,7,52,1,0,0,18,39,2,4.19673138445709,1,2.88888888888889,0.0353535353535354,0.0108958837772397,0.0606574216743708,0,34.4,39.4
2018,REG+POST,00-0031868,D.Byrd,Damiere Byrd,WR,WR,"https://static.www.nfl.com/image/private/f_auto,q_auto/league/cskulleqxehtrgkqsl3u",2,CAR,0,0,0,0,0,0,0,0,0,0,0,0,,0,,,0,0,0,0,0,0,,0,1,2,8,0,0,0,25,1,1,-1.09043132397346,0,0.32,0.03125,0.0544662309368192,0.0850013616557734,0,0.8,1.8
2018,REG+POST,00-0031900,R.Smith,Rod Smith,RB,RB,"https://static.www.nfl.com/image/private/f_auto,q_auto/league/zmhmhduytwid1kjim5rp",14,DAL,0,0,0,0,0,0,0,0,0,0,0,0,,0,,,45,128,1,0,0,10,-8.41967409016797,0,9,12,60,0,0,0,-5,57,1,-1.39623621117789,0,-12.0,0.0481927710843374,-0.0029481132075471,0.070225477381223,0,24.8,33.8
2018,REG+POST,00-0031912,C.Meredith,Cameron Meredith,WR,WR,"https://static.www.nfl.com/image/private/f_auto,q_auto/league/galvhjzccy4mw0ipexho",3,NO,0,0,0,0,0,0,0,0,0,0,0,0,,0,,,0,0,0,0,0,0,,0,9,10,114,1,1,1,92,38,4,1.60666857688577,0,1.23913043478261,0.0900900900900901,0.134699853587116,0.229425032646116,0,15.4,24.4
2018,REG+POST,00-0031922,K.Lee,Khari Lee,TE,TE,"https://static.www.nfl.com/image/private/f_auto,q_auto/league/na3rt3lesebmcwilj62y",1,BUF,0,0,0,0,0,0,0,0,0,0,0,0,,0,,,0,0,0,0,0,0,,0,1,1,5,0,0,0,-1,6,0,-0.109977709595114,0,0.0,0.0303030303030303,-0.003257328990228,0.0431744151613859,0,0.5,1.5
2018,REG+POST,00-0031941,J.Crowder,Jamison Crowder,WR,WR,"https://static.www.nfl.com/image/private/f_auto,q_auto/league/glmuevjuy3coqf1t3rqj",9,WAS,0,0,0,0,0,0,0,0,0,0,0,0,,0,,,4,30,0,0,0,1,0.505393369705416,0,29,49,388,2,0,0,461,204,15,11.1705700549346,0,0.841648590021692,0.19140625,0.224878048780488,0.444524009146341,0,53.8,82.8
2018,REG+POST,00-0031951,J.O'Shaughnessy,James O'Shaughnessy,TE,TE,"https://static.www.nfl.com/image/private/f_auto,q_auto/league/sz5g57zhnshipkpw39sz",13,JAX,0,0,0,0,0,0,0,0,0,0,0,0,,0,,,0,0,0,0,0,0,,0,24,38,214,0,0,0,228,122,10,-4.05491309278295,0,0.93859649122807,0.0904761904761905,0.0744611365120836,0.187837081272744,0,21.4,45.4
2018,REG+POST,00-0031953,G.Davis,Geremy Davis,WR,WR,"https://static.www.nfl.com/image/private/f_auto,q_auto/league/q0pogtzy8q737pqb7zr2",1,LAC,0,0,0,0,0,0,0,0,0,0,0,0,,0,,,0,0,0,0,0,0,,0,0,1,0,0,0,0,0,0,0,-0.795491497730836,0,,0.032258064516129,,,0,0.0,0.0
2018,REG+POST,00-0031959,M.Murphy,Marcus Murphy,RB,RB,"https://static.www.nfl.com/image/private/f_auto,q_auto/league/y9j91g8089mu9tjj0zis",9,BUF,0,0,0,0,0,0,0,0,0,0,0,0,,0,,,52,250,0,0,0,7,-4.42210788108059,0,11,19,26,0,0,0,26,37,2,-11.8015111492714,0,1.0,0.0954773869346734,0.0159509202453988,0.154381724573789,0,27.6,38.6
2018,REG+POST,00-0031972,D.Jennings,Darius Jennings,WR,WR,"https://static.www.nfl.com/image/private/f_auto,q_auto/league/ttzaqozynmreovwpwwlh",9,TEN,1,1,21,0,0,0,0,0,0,10,11,1,1.27128517115489,0,2.1,,1,2,0,0,0,0,-0.577995194151299,0,11,15,101,0,0,0,153,37,2,-1.81814038692391,0,0.660130718954248,0.0669642857142857,0.0885416666666667,0.162425595238095,1,17.14,28.14
2018,REG+POST,00-0032009,A.Humphries,Adam Humphries,WR,WR,"https://static.www.nfl.com/image/private/f_auto,q_auto/league/l56ywjejfpraigzs4qia",16,TB,0,0,0,0,0,0,0,0,0,0,0,0,,0,,,2,11,0,0,0,0,0.380142375419382,0,76,105,816,5,0,0,661,415,48,39.9204909995533,0,1.23449319213313,0.169628432956381,0.111939034716342,0.332799973736011,0,112.7,188.7
2018,REG+POST,00-0032054,B.Perriman,Breshad Perriman,WR,WR,"https://static.www.nfl.com/image/private/f_auto,q_auto/league/zpwov1n42bi5lsqdlxhh",10,CLE,0,0,0,0,0,0,0,0,0,0,0,0,,0,,,4,2,0,0,0,0,-2.67743290401995,0,16,25,340,2,0,0,459,75,13,19.2398620387539,0,0.740740740740741,0.076219512195122,0.149560117302053,0.21902135040412,0,46.2,62.2
2018,REG+POST,00-0032055,D.Funchess,Devin Funchess,TE,TE,"https://static.www.nfl.com/image/private/f_auto,q_auto/league/j0q0lmao9tg0rbviax6z",14,CAR,0,0,0,0,0,0,0,0,0,0,0,0,,0,,,0,0,0,0,0,0,,0,44,79,549,4,0,0,1013,76,35,1.51136125490302,0,0.541954590325765,0.162886597938144,0.271581769436997,0.434437135513115,0,78.9,122.9
2018,REG+POST,00-0032058,T.Coleman,Tevin Coleman,RB,RB,"https://static.www.nfl.com/image/private/f_auto,q_auto/league/wiu4r7bvhcafs9vamqc",16,ATL,0,0,0,0,0,0,0,0,0,0,0,0,,0,,,167,800,4,1,0,36,-11.8321238919153,0,32,44,276,5,1,0,21,275,15,12.861833982206,0,13.1428571428571,0.0728476821192053,0.0042752442996742,0.11226419418858,0,161.6,193.6
2018,REG+POST,00-0032062,B.Bell,Blake Bell,TE,TE,"https://static.www.nfl.com/image/private/f_auto,q_auto/league/eqrmmjto8koqqc9j2kjj",7,JAX,0,0,0,0,0,0,0,0,0,0,0,0,,0,,,0,0,0,0,0,0,,0,8,11,67,0,0,0,58,38,3,2.04101087532808,0,1.1551724137931,0.0528846153846154,0.0408163265306122,0.107898351648352,0,6.7,14.7
2018,REG+POST,00-0032063,M.Davis,Mike Davis,RB,RB,"https://static.www.nfl.com/image/private/f_auto,q_auto/league/csrqinegeyunycijua2q",16,SEA,0,0,0,0,0,0,0,0,0,0,0,0,,0,,,116,524,4,0,0,26,0.784223721386381,1,36,44,236,1,0,0,-5,267,10,-2.17378795476644,0,-47.2,0.116710875331565,-0.0015470297029703,0.173983392205268,0,108.0,144.0
2018,REG+POST,00-0032089,B.Parker,Brian Parker,TE,TE,"https://static.www.nfl.com/image/private/f_auto,q_auto/league/lozfj8mnyln9bo6frq6r",6,DEN,0,0,0,0,0,0,0,0,0,0,0,0,,0,,,0,0,0,0,0,0,,0,5,10,33,0,0,0,43,29,2,-4.16877261776244,0,0.767441860465116,0.0421940928270042,0.0238888888888889,0.0800133614627286,0,3.3,8.3
2018,REG+POST,00-0032104,A.Abdullah,Ameer Abdullah,RB,RB,"https://static.www.nfl.com/image/private/f_auto,q_auto/league/cvjebibvlvv8bclqyc8a",4,MIN,0,0,0,0,0,0,0,0,0,0,0,0,,0,,,1,1,0,0,0,0,-0.437872314592823,0,3,4,28,0,0,0,17,28,1,1.66716485162033,0,1.64705882352941,0.027972027972028,0.0161137440758294,0.0532376628111225,0,2.9,5.9
2018,REG+POST,00-0032112,J.Nelson,J.J. Nelson,WR,WR,"https://static.www.nfl.com/image/private/f_auto,q_auto/league/rdpp1eiaqse92yvujbs0",9,ARI,0,0,0,0,0,0,0,0,0,0,0,0,,0,,,4,0,0,0,0,0,-1.87849298701622,0,7,19,64,0,0,0,358,24,4,-12.3159864744139,0,0.17877094972067,0.0688405797101449,0.164673413063477,0.218532258709652,0,6.4,13.4
2018,REG+POST,00-0032117,N.O'Leary,Nick O'Leary,TE,TE,"https://static.www.nfl.com/image/private/f_auto,q_auto/league/f5411hjmqqxoa27quwfz",5,MIA,0,0,0,0,0,0,0,0,0,0,0,0,,0,,,0,0,0,0,0,0,,0,8,10,86,1,0,0,39,65,6,7.40279083361384,0,2.20512820512821,0.065359477124183,0.0313253012048193,0.119966926529648,0,14.6,22.6
2018,REG+POST,00-0032120,N.Sterling,Neal Sterling,TE,TE,"https://static.www.nfl.com/image/private/f_auto,q_auto/league/zeft21ybfc5pjye3lmq2",4,NYJ,0,0,0,0,0,0,0,0,0,0,0,0,,0,,,0,0,0,0,0,0,,0,6,8,47,0,0,0,31,29,2,2.67293551558396,0,1.51612903225806,0.0689655172413793,0.0289449112978525,0.123709713770566,0,4.7,10.7
2018,REG+POST,00-0032128,C.Conley,Chris Conley,WR,WR,"https://static.www.nfl.com/image/private/f_auto,q_auto/league/wddhtkz5tmo47x5s3qnq",17,KC,0,0,0,0,0,0,0,0,0,0,0,0,,0,,,0,0,0,0,0,0,,0,32,55,334,5,2,2,455,140,18,8.33499043784945,0,0.734065934065934,0.0912106135986733,0.0807740102964672,0.193357727605537,0,59.4,91.4
2018,REG+POST,00-0032134,C.Uzomah,C.J. Uzomah,TE,TE,"https://static.www.nfl.com/image/private/f_auto,q_auto/league/hnkflpl5pzbfbdvtcv1c",16,CIN,0,0,0,0,0,0,0,0,0,0,0,0,,0,,,0,0,0,0,0,0,,0,43,64,439,3,0,0,472,195,21,16.9158706373565,0,0.930084745762712,0.120982986767486,0.115828220858896,0.262554234752456,0,61.9,104.9
2018,REG+POST,00-0032135,J.James,Jesse James,TE,TE,"https://static.www.nfl.com/image/private/f_auto,q_auto/league/rgk9zqdx9lmbcblem3xn",14,PIT,0,0,0,0,0,0,0,0,0,0,0,0,,0,,,0,0,0,0,0,0,,0,30,39,423,2,0,0,300,185,17,23.4052204009495,0,1.41,0.0670103092783505,0.0684150513112885,0.148405999835428,0,54.3,84.3
2018,REG+POST,00-0032141,G.Swaim,Geoff Swaim,TE,TE,"https://static.www.nfl.com/image/upload/f_auto,q_auto/league/hx9yaocl4a6owbwaqajy",8,DAL,0,0,0,0,0,0,0,0,0,0,0,0,,0,,,0,0,0,0,0,0,,0,26,32,242,1,0,0,139,164,11,5.70378379828981,0,1.7410071942446,0.130612244897959,0.0750945434900054,0.248484547789943,0,30.2,56.2
2018,REG+POST,00-0032144,M.Gordon,Melvin Gordon,RB,RB,"https://static.www.nfl.com/image/private/f_auto,q_auto/league/i4g8x7yotpgszlyanow0",14,LAC,0,0,0,0,0,0,0,0,0,0,0,0,,0,,,201,940,12,0,0,51,9.2807779776922,1,52,69,504,4,1,0,-20,550,22,10.6925281659276,1,-25.2,0.151982378854626,-0.0054333061668025,0.224170253965177,0,244.4,296.4
2018,REG+POST,00-0032160,T.Williams,Tyrell Williams,WR,WR,"https://static.www.nfl.com/image/private/f_auto,q_auto/league/qixhze7yidydtc1vyeih",17,LAC,0,0,0,0,0,0,0,0,0,0,0,0,,0,,,2,15,0,0,0,1,-0.430191306106281,0,48,76,756,5,2,0,973,220,34,26.3093057437219,0,0.776978417266187,0.137931034482759,0.21300350262697,0.355999003563017,0,107.1,155.1
2018,REG+POST,00-0032166,S.Coates,Sammie Coates,WR,WR,"https://static.www.nfl.com/image/private/f_auto,q_auto/league/qtqofzkmblah8ycd4687",2,HOU,0,0,0,0,0,0,0,0,0,0,0,0,,0,,,0,0,0,0,0,0,,0,1,2,12,0,0,0,9,5,1,0.260225896490738,0,1.33333333333333,0.027027027027027,0.0125173852573018,0.0493027102206518,0,1.2,2.2
2018,REG+POST,00-0032170,R.Greene,Rashad Greene,WR,WR,"https://static.www.nfl.com/image/private/f_auto,q_auto/league/xte6opvwocivpjpjplzp",5,JAX,0,0,0,0,0,0,0,0,0,0,0,0,,0,,,0,0,0,0,0,0,,0,6,8,60,0,2,1,60,15,3,0.584962666849606,0,1.0,0.0437158469945355,0.0530035335689046,0.102676243990037,0,4.0,10.0
2018,REG+POST,00-0032187,D.Johnson,David Johnson,RB,RB,"https://static.www.nfl.com/image/private/f_auto,q_auto/league/y7dtsyyjnoafefkbylbb",16,ARI,0,0,0,0,0,0,0,0,0,0,0,0,,0,,,258,940,7,2,2,51,-54.0868667531762,1,50,76,446,3,1,0,63,385,22,-13.3191936310981,0,7.07936507936508,0.160676532769556,0.0162538699690403,0.252392508132662,0,196.6,246.6
2018,REG+POST,00-0032200,T.Montgomery,Ty Montgomery,WR,WR,"https://static.www.nfl.com/image/private/f_auto,q_auto/league/eagn4fvhnc9cp3wxeqoz",12,BAL,0,0,0,0,0,0,0,0,0,0,0,0,,0,,,41,183,1,1,0,10,0.740524032706162,0,25,40,235,0,0,0,68,213,7,-5.52136093581794,0,3.45588235294118,0.0985221674876847,0.0191011235955056,0.161154037748381,0,47.8,72.8
2018,REG+POST,00-0032208,P.Dorsett,Phillip Dorsett,WR,WR,"https://static.www.nfl.com/image/private/f_auto,q_auto/league/g69i8oxbeeqpjz5kvoqo",13,NE,0,0,0,0,0,0,0,0,0,0,0,0,,0,,,4,29,0,0,0,2,1.11993678536965,0,37,50,360,5,0,0,580,105,22,10.857280103548,0,0.620689655172414,0.113895216400911,0.171192443919717,0.290677535345168,0,68.9,105.9
2018,REG+POST,00-0032209,T.Yeldon,T.J. Yeldon,RB,RB,"https://static.www.nfl.com/image/private/f_auto,q_auto/league/ktxkn2ltkmqfb5ugunt4",14,JAX,0,0,0,0,0,0,0,0,0,0,0,0,,0,,,104,414,1,1,1,16,-17.4380780918775,0,55,78,487,4,0,0,57,450,21,-3.59333459940948,0,8.54385964912281,0.164904862579281,0.0181413112667091,0.260056211755618,0,118.1,173.1
2018,REG+POST,00-0032211,T.Lockett,Tyler Lockett,WR,WR,"https://static.www.nfl.com/image/private/f_auto,q_auto/league/f9wttnkcqc2scahf9oth",17,SEA,0,0,0,0,0,0,0,0,0,0,0,0,,0,,,13,69,0,0,0,3,1.37403439288028,0,61,76,1085,10,1,0,1077,241,40,78.1852321505462,1,1.00742804085422,0.177985948477752,0.276224672993075,0.46033619381178,0,177.4,238.4
2018,REG+POST,00-0032214,T.Kroft,Tyler Kroft,TE,TE,"https://static.www.nfl.com/image/private/f_auto,q_auto/league/ztko1uhl01ebiutefibj",5,CIN,0,0,0,0,0,0,0,0,0,0,0,0,,0,,,0,0,0,0,0,0,,0,4,6,36,0,0,0,43,17,4,-4.43787658150541,0,0.837209302325582,0.0324324324324324,0.0313182811361981,0.0705714454439873,0,3.6,7.6
2018,REG+POST,00-0032227,J.Heuerman,Jeff Heuerman,TE,TE,"https://static.www.nfl.com/image/private/f_auto,q_auto/league/u3cggxnuwxem6rnkwzvg",10,DEN,0,0,0,0,0,0,0,0,0,0,0,0,,0,,,0,0,0,0,0,0,,0,31,48,281,2,0,0,238,150,14,-4.74102207323392,0,1.18067226890756,0.133333333333333,0.0850911691097605,0.259563818376832,0,40.1,71.1
2018,REG+POST,00-0032241,T.Gurley,Todd Gurley,RB,RB,"https://static.www.nfl.com/image/private/f_auto,q_auto/league/ym7oprwel3dxbab0k7x9",17,LA,0,0,0,0,0,0,0,0,0,0,0,0,,0,,,286,1411,19,0,0,75,23.9454219850423,2,63,88,585,4,1,1,62,592,27,-0.989116542692599,1,9.43548387096774,0.147403685092127,0.0130581297388374,0.230246218455377,0,341.6,404.6
2018,REG+POST,00-0032245,S.Mannion,Sean Mannion,QB,QB,"https://static.www.nfl.com/image/private/f_auto,q_auto/league/lcuc7hhiijmt8xtitm77",3,LA,2,3,23,0,0,0,0,0,0,-10,27,1,1.25644253120733,0,0.0,,7,-9,0,0,0,1,-1.16506850731093,0,0,0,0,0,0,0,0,0,0,,0,,,,,0,0.02,0.02
2018,REG+POST,00-0032257,D.Johnson,Duke Johnson,RB,RB,"https://static.www.nfl.com/image/private/f_auto,q_auto/league/hf7lxjjesduggqdfktsg",16,CLE,0,0,0,0,0,0,0,0,0,0,0,0,,0,,,40,201,0,0,0,9,-2.91139690397078,2,47,62,429,3,1,0,153,374,25,16.0683710730079,0,2.80392156862745,0.116104868913858,0.036178765665642,0.199482439336736,0,85.0,132.0
2018,REG+POST,00-0032268,M.Mariota,Marcus Mariota,QB,QB,"https://static.www.nfl.com/image/private/f_auto,q_auto/league/dpbdwpmpd9vht8hzqqq6",14,TEN,228,331,2528,11,8,42,243,5,1,2516,1266,121,9.16182894113763,0,1.00476947535771,0.0933526882793672,64,357,2,3,1,26,9.62099257757654,0,1,1,21,0,0,0,10,11,1,1.27128517115489,0,2.1,0.0416666666666667,0.0374531835205993,0.0887172284644195,0,174.92,175.92
2018,REG+POST,00-0032355,C.Rogers,Chester Rogers,WR,WR,"https://static.www.nfl.com/image/private/f_auto,q_auto/league/lkszsifhpwtjpvjvlxw5",17,IND,0,0,0,0,0,0,0,0,0,0,0,0,,0,,,1,-4,0,0,0,0,-1.13684875448234,0,62,83,561,2,0,0,525,280,33,11.9016441164512,2,1.06857142857143,0.127496159754224,0.103285461341727,0.263544062570546,0,71.7,133.7
2018,REG+POST,00-0032362,M.Harris,Maurice Harris,WR,WR,"https://static.www.nfl.com/image/private/f_auto,q_auto/league/w31fw8vgazrlgvyp2szu",11,WAS,0,0,0,0,0,0,0,0,0,0,0,0,,0,,,2,10,0,0,0,1,-0.0117666011792608,0,28,47,304,0,0,0,464,100,12,-8.83398335409151,0,0.655172413793103,0.135838150289017,0.156228956228956,0.313117494793795,0,31.4,59.4
2018,REG+POST,00-0032371,R.Kelley,Rob Kelley,RB,RB,"https://static.www.nfl.com/image/private/f_auto,q_auto/league/xh5lyubvptmxmccydl73",2,WAS,0,0,0,0,0,0,0,0,0,0,0,0,,0,,,4,8,0,0,0,1,-0.910148334689438,0,0,0,0,0,0,0,0,0,0,,0,,,,,0,0.8,0.8
2018,REG+POST,00-0032381,T.Decker,Taylor Decker,T,OL,"https://static.www.nfl.com/image/private/f_auto,q_auto/league/wh3o6mnivndt8afzczel",1,DET,0,0,0,0,0,0,0,0,0,0,0,0,,0,,,0,0,0,0,0,0,,0,1,1,11,1,0,0,1,10,1,1.5882646299433,0,11.0,0.0303030303030303,0.0037174721189591,0.0480567759378168,0,7.1,8.1
2018,REG+POST,00-0032383,R.Kelly,Ryan Kelly,C,OL,"https://static.www.nfl.com/image/private/f_auto,q_auto/league/ijyoedlqxev1haaqxatt",1,IND,0,0,0,0,0,0,0,0,0,0,0,0,,0,,,0,0,0,0,0,0,,0,1,1,-4,0,0,0,-3,-1,0,-1.63416181178764,0,0.0,0.024390243902439,-0.010989010989011,0.0288930581613509,0,-0.4,0.6
2018,REG+POST,00-0032385,S.Shepard,Sterling Shepard,WR,WR,"https://static.www.nfl.com/image/private/f_auto,q_auto/league/qbsz1nkk6lnudmcwimer",16,NYG,0,0,0,0,0,0,0,0,0,0,0,0,,0,,,3,33,0,0,0,1,1.58252661686856,0,66,107,872,4,0,0,1082,309,47,34.6542967593895,1,0.805914972273568,0.186411149825784,0.251627906976744,0.455756259622397,0,116.5,182.5
2018,REG+POST,00-0032390,C.Jones,Cyrus Jones,CB,DB,"https://static.www.nfl.com/image/private/f_auto,q_auto/league/bpmiikrnvmkpkk5hgjhz",1,BAL,0,0,0,0,0,0,0,0,0,0,0,0,,0,,,0,0,0,0,0,0,,0,0,0,0,0,0,0,0,0,0,,0,,,,,1,6.0,6.0
2018,REG+POST,00-0032392,A.Hooper,Austin Hooper,TE,TE,"https://static.www.nfl.com/image/private/f_auto,q_auto/league/jp2z8s6pcanbitupycwc",16,ATL,0,0,0,0,0,0,0,0,0,0,0,0,,0,,,0,0,0,0,0,0,,0,71,88,660,4,0,0,598,237,30,30.3247543199067,1,1.10367892976589,0.145695364238411,0.114889529298751,0.298965716866742,0,92.0,163.0
2018,REG+POST,00-0032393,C.Prosise,C.J. Prosise,RB,RB,"https://static.www.nfl.com/image/private/f_auto,q_auto/league/rcutby5hu0vtijh6adle",2,SEA,0,0,0,0,0,0,0,0,0,0,0,0,,0,,,1,-3,0,0,0,0,-1.28484008694068,0,3,3,22,0,0,0,5,17,0,0.743224757607095,0,4.4,0.0909090909090909,0.0173010380622837,0.148474363007235,0,1.9,4.9
2018,REG+POST,00-0032394,N.Vannett,Nick Vannett,TE,TE,"https://static.www.nfl.com/image/private/f_auto,q_auto/league/cccwwxb6tvsfhm3ylqul",16,SEA,0,0,0,0,0,0,0,0,0,0,0,0,,0,,,0,0,0,0,0,0,,0,30,45,274,3,1,0,281,142,17,9.01654030481586,0,0.97508896797153,0.111386138613861,0.0764625850340136,0.220603017444602,0,45.4,75.4
2018,REG+POST,00-0032398,C.Moore,Chris Moore,WR,WR,"https://static.www.nfl.com/image/private/f_auto,q_auto/league/tov68mj1pddkbfsfuajn",16,BAL,0,0,0,0,0,0,0,0,0,0,0,0,,0,,,5,17,0,0,0,1,2.88982420996763,0,19,26,196,1,0,0,303,59,8,5.12070989081304,0,0.646864686468647,0.0493358633776091,0.0707282913165266,0.123513598987982,0,27.3,46.3
2018,REG+POST,00-0032404,T.Ervin,Tyler Ervin,RB,RB,"https://static.www.nfl.com/image/private/f_auto,q_auto/league/tqevofjpvkvuvpdaoggm",3,HOU,0,0,0,0,0,0,0,0,0,0,0,0,,0,,,0,0,0,0,0,0,,0,3,3,35,0,0,0,23,12,1,2.73235991713591,0,1.52173913043478,0.0384615384615385,0.0293742017879949,0.0782542489439041,0,3.5,6.5
2018,REG+POST,00-0032411,K.Dixon,Kenneth Dixon,RB,RB,"https://static.www.nfl.com/image/private/f_auto,q_auto/league/gzfijcqkmupkv6ajjruz",7,BAL,0,0,0,0,0,0,0,0,0,0,0,0,,0,,,66,346,2,3,2,20,-5.13682728324115,0,9,10,104,0,0,0,3,98,4,7.44865106086945,0,34.6666666666667,0.0699300699300699,0.0022988505747126,0.106504300297404,0,53.0,62.0
2018,REG+POST,00-0032426,A.Collins,Alex Collins,RB,RB,"https://static.www.nfl.com/image/private/f_auto,q_auto/league/ddlhbm7zsi5o69wh6z5o",10,BAL,0,0,0,0,0,0,0,0,0,0,0,0,,0,,,114,411,7,3,3,22,-20.0447596916638,0,15,21,105,1,0,0,27,97,6,-0.0513450230937451,0,3.88888888888889,0.0612244897959184,0.0089940039973351,0.0981325374920121,0,93.6,108.6
2018,REG+POST,00-0032430,D.Morgan,David Morgan,TE,TE,"https://static.www.nfl.com/image/private/f_auto,q_auto/league/vvmtt05lja1y2iulrwdp",5,MIN,0,0,0,0,0,0,0,0,0,0,0,0,,0,,,0,0,0,0,0,0,,0,5,6,36,0,0,0,12,27,2,0.591716955008451,0,3.0,0.0287081339712919,0.0108597285067873,0.0506640109116889,0,3.6,8.6
2018,REG+POST,00-0032436,J.Driskel,Jeff Driskel,QB,QB,"https://static.www.nfl.com/image/private/f_auto,q_auto/league/vs04xemcmwboamd8fpas",8,CIN,105,176,1003,6,2,16,122,3,1,1378,506,50,-14.2602131137468,1,0.727866473149492,0.0302096790251835,25,130,2,1,0,7,7.02948092547013,0,0,0,0,0,0,0,0,0,0,,0,,,,,0,85.12,85.12
2018,REG+POST,00-0032450,D.Washington,Dwayne Washington,RB,RB,"https://static.www.nfl.com/image/private/f_auto,q_auto/league/h1nintlpbk2zyxerjpy4",4,NO,0,0,0,0,0,0,0,0,0,0,0,0,,0,,,27,154,0,0,0,7,-1.21332447178429,0,0,0,0,0,0,0,0,0,0,,0,,,,,0,15.4,15.4
2018,REG+POST,00-0032466,G.Fant,George Fant,T,OL,"https://static.www.nfl.com/image/upload/f_auto,q_auto/league/ldacexcnjy4isq1imivf",1,SEA,0,0,0,0,0,0,0,0,0,0,0,0,,0,,,0,0,0,0,0,0,,0,1,1,9,0,0,0,0,9,0,0.733425835845992,0,0.0,0.0625,,,0,0.9,1.9
2018,REG+POST,00-0032472,T.Madden,Tre Madden,FB,RB,"https://static.www.nfl.com/image/private/f_auto,q_auto/league/gxkbbtamw8l5tpecbssm",5,SEA,0,0,0,0,0,0,0,0,0,0,0,0,,0,,,3,3,0,0,0,1,-0.395471738418564,0,2,3,35,0,0,0,21,20,1,3.29095701125334,0,1.66666666666667,0.0375,0.0403846153846154,0.0845192307692308,0,3.8,5.8
2018,REG+POST,00-0032508,H.Valles,Hakeem Valles,TE,TE,"https://static.www.nfl.com/image/private/f_auto,q_auto/league/ieiahqsygsyjbwlvl3cy",2,DET,0,0,0,0,0,0,0,0,0,0,0,0,,0,,,0,0,0,0,0,0,,0,2,3,11,0,0,0,25,1,0,-0.563540416304022,0,0.44,0.037037037037037,0.0425170068027211,0.0853174603174603,0,1.1,3.1
2018,REG+POST,00-0032543,A.Erickson,Alex Erickson,WR,WR,"https://static.www.nfl.com/image/private/f_auto,q_auto/league/tnd77vbkyo8srrrkaisu",11,CIN,0,0,0,0,0,0,0,0,0,0,0,0,,0,,,3,22,0,0,0,1,1.43532372417394,0,20,29,167,0,0,0,265,75,7,1.38545154315405,0,0.630188679245283,0.0897832817337461,0.0967859751643535,0.202425105215667,0,18.9,38.9
2018,REG+POST,00-0032562,C.Wick,Cole Wick,TE,TE,"https://static.www.nfl.com/image/private/f_auto,q_auto/league/iht2lfaubsm1jhgvi9tu",1,SF,0,0,0,0,0,0,0,0,0,0,0,0,,0,,,0,0,0,0,0,0,,0,0,1,0,0,0,0,1,0,0,-1.1772827951354,0,0.0,0.0185185185185185,0.0038461538461538,0.0304700854700855,0,0.0,0.0
2018,REG+POST,00-0032593,B.Wilds,Brandon Wilds,RB,RB,"https://static.www.nfl.com/image/private/f_auto,q_auto/league/pnkbbcmp3qmc3ncxfm7a",3,JAX,0,0,0,0,0,0,0,0,0,0,0,0,,0,,,6,15,0,0,0,0,-1.87255612621084,0,0,0,0,0,0,0,0,0,0,,0,,,,,0,1.5,1.5
2018,REG+POST,00-0032599,J.Perkins,Joshua Perkins,TE,TE,"https://static.www.nfl.com/image/private/f_auto,q_auto/league/xxy4pbngyjfvrlkytvhk",3,PHI,0,0,0,0,0,0,0,0,0,0,0,0,,0,,,0,0,0,0,0,0,,0,5,11,67,0,0,0,118,16,4,-3.27970356176957,0,0.567796610169492,0.0964912280701754,0.138173302107728,0.241458153580673,0,6.7,11.7
2018,REG+POST,00-0032602,J.McKissic,J.D. McKissic,RB,RB,"https://static.www.nfl.com/image/private/f_auto,q_auto/league/zi77vkqwrmklt5ic6lc6",4,SEA,0,0,0,0,0,0,0,0,0,0,0,0,,0,,,3,8,0,0,0,0,-0.255183026310988,0,2,4,13,1,0,0,13,7,1,1.14508271910017,0,1.0,0.0909090909090909,0.0350404312668464,0.160891938250429,0,8.1,10.1
2018,REG+POST,00-0032626,G.Allison,Geronimo Allison,WR,WR,"https://static.www.nfl.com/image/private/f_auto,q_auto/league/pngohl9rhrwyiaf7ywnz",5,GB,0,0,0,0,0,0,0,0,0,0,0,0,,0,,,0,0,0,0,0,0,,0,20,30,303,2,1,0,388,106,11,17.3832440355129,0,0.780927835051546,0.15625,0.235722964763062,0.399381075334143,0,42.3,62.3
2018,REG+POST,00-0032634,D.Grinnage,David Grinnage,TE,TE,"https://static.www.nfl.com/image/private/f_auto,q_auto/league/xzwdae27ugz08bfuce7b",3,JAX,0,0,0,0,0,0,0,0,0,0,0,0,,0,,,0,0,0,0,0,0,,0,6,8,61,0,0,0,63,18,2,2.49283214504138,0,0.968253968253968,0.0747663551401869,0.0891089108910891,0.174525770334043,0,6.1,12.1
2018,REG+POST,00-0032661,B.Braunecker,Ben Braunecker,TE,TE,"https://static.www.nfl.com/image/private/f_auto,q_auto/league/rjixl9e7vu8gze8324ne",6,CHI,0,0,0,0,0,0,0,0,0,0,0,0,,0,,,0,0,0,0,0,0,,0,5,7,57,0,0,0,74,14,2,-3.63339367287699,0,0.77027027027027,0.035,0.0390295358649789,0.0798206751054852,0,5.7,10.7
2018,REG+POST,00-0032688,R.Chosen,Robbie Chosen,WR,WR,"https://static.www.nfl.com/image/private/f_auto,q_auto/league/hkcncqfwusv19fah3mbt",14,NYJ,0,0,0,0,0,0,0,0,0,0,0,0,,0,,,2,-8,0,0,0,0,-3.59056300693192,0,50,94,752,6,2,2,1495,180,30,8.85236043484386,0,0.503010033444816,0.210290827740492,0.359288632540255,0.566938284388917,0,106.4,156.4
2018,REG+POST,00-0032707,A.Jones,Andy Jones,WR,WR,"https://static.www.nfl.com/image/private/f_auto,q_auto/league/mdjom6h1xosrxbulj0gw",5,DET,0,0,0,0,0,0,0,0,0,0,0,0,,0,,,0,0,0,0,0,0,,0,11,24,80,1,0,0,219,26,6,-3.65572473931478,0,0.365296803652968,0.148148148148148,0.220543806646526,0.37660288687479,0,14.0,25.0
2018,REG+POST,00-0032741,P.Barber,Peyton Barber,RB,RB,"https://static.www.nfl.com/image/private/f_auto,q_auto/league/yjcjcrdiztmfwjgcfbux",16,TB,0,0,0,0,0,0,0,0,0,0,0,0,,0,,,234,871,5,1,1,41,-42.7951355459792,0,20,29,92,1,0,0,40,64,4,-1.67373270427925,0,2.3,0.0536044362292052,0.007765482430596,0.085842492045225,0,130.3,150.3
2018,REG+POST,00-0032745,A.Cross,Alan Cross,TE,TE,"https://static.www.nfl.com/image/private/f_auto,q_auto/league/flcn8rvasatcy4cuoe1k",4,TB,0,0,0,0,0,0,0,0,0,0,0,0,,0,,,0,0,0,0,0,0,,0,2,5,9,0,0,0,12,7,1,-3.64273816818604,0,0.75,0.033112582781457,0.0201005025125628,0.0637392259309794,0,0.9,2.9
2018,REG+POST,00-0032760,J.Doctson,Josh Doctson,WR,WR,"https://static.www.nfl.com/image/private/f_auto,q_auto/league/mkq3ycvjnr0ltb0yjczi",15,WAS,0,0,0,0,0,0,0,0,0,0,0,0,,0,,,0,0,0,0,0,0,,0,44,78,532,2,0,0,1130,132,31,0.0690090917380191,0,0.470796460176991,0.172566371681416,0.298941798941799,0.468108816781383,0,65.2,109.2
2018,REG+POST,00-0032764,D.Henry,Derrick Henry,RB,RB,"https://static.www.nfl.com/image/private/f_auto,q_auto/league/xpewyoieoj7zeub4fvff",16,TEN,2,3,14,0,0,0,0,0,0,12,21,1,0.461956424056552,0,1.16666666666667,,215,1059,12,0,0,51,10.6009358574811,0,15,18,99,0,1,1,-13,115,4,-2.6255902654957,0,-7.61538461538462,0.055045871559633,-0.0065656565656565,0.07797284774349,0,186.36,201.36
2018,REG+POST,00-0032765,M.Thomas,Michael Thomas,WR,WR,"https://static.www.nfl.com/image/private/f_auto,q_auto/league/sxldsbuw65hfmkzqhw96",18,NO,0,0,0,0,0,0,0,0,0,0,0,0,,0,,,0,0,0,0,0,0,,0,141,170,1612,10,2,2,1360,584,83,99.3055618410476,0,1.18529411764706,0.289608177172061,0.313508529276164,0.653868236251407,0,217.2,358.2
2018,REG+POST,00-0032773,N.Kwiatkoski,Nick Kwiatkoski,ILB,LB,"https://static.www.nfl.com/image/private/f_auto,q_auto/league/y4kxbbep5gxsvsdjjdnf",1,CHI,0,0,0,0,0,0,0,0,0,0,0,0,,0,,,0,0,0,0,0,0,,0,0,0,0,0,0,0,0,0,0,,1,,,,,0,2.0,2.0
2018,REG+POST,00-0032775,D.Robinson,Demarcus Robinson,WR,WR,"https://static.www.nfl.com/image/private/f_auto,q_auto/league/ceqqkylismka583qo9kk",15,KC,0,0,0,0,0,0,0,0,0,0,0,0,,0,,,0,0,0,0,0,0,,0,23,34,315,4,0,0,413,116,13,11.5242847052908,0,0.76271186440678,0.0639097744360902,0.0849619419872454,0.155338021045207,0,55.5,78.5
2018,REG+POST,00-0032778,T.Sharpe,Tajae Sharpe,WR,WR,"https://static.www.nfl.com/image/private/f_auto,q_auto/league/c8fgfxrl2gmdv8thgw1p",14,TEN,0,0,0,0,0,0,0,0,0,0,0,0,,0,,,1,16,0,0,0,1,1.15487154712901,0,26,47,316,2,0,0,503,83,22,4.83667148528775,0,0.628230616302187,0.12401055408971,0.186849925705795,0.316810779128621,0,45.2,71.2
2018,REG+POST,00-0032780,J.Howard,Jordan Howard,RB,RB,"https://static.www.nfl.com/image/private/f_auto,q_auto/league/nbvb6bsrmjupmqrrf1n4",17,CHI,0,0,0,0,0,0,0,0,0,0,0,0,,0,,,260,970,9,2,1,55,-27.1145003709942,0,20,28,145,0,0,0,21,127,7,-4.03079141296053,0,6.90476190476191,0.0533333333333333,0.0059897318881916,0.0841928123217342,0,163.5,183.5
2018,REG+POST,00-0032782,W.Smallwood,Wendell Smallwood,RB,RB,"https://static.www.nfl.com/image/private/f_auto,q_auto/league/r20rhl0c17ql8dtnl5kz",15,PHI,0,0,0,0,0,0,0,0,0,0,0,0,,0,,,105,417,3,1,0,23,-1.65852909449219,1,31,39,256,2,1,1,-1,269,11,4.48406447227462,0,-256.0,0.0784708249496982,-0.0002629503023928,0.117522172212872,0,97.3,128.3
2018,REG+POST,00-0032791,J.Grant,Jakeem Grant,WR,WR,"https://static.www.nfl.com/image/private/f_auto,q_auto/league/f2ujcvb61rknhjyxcrsu",10,MIA,0,0,0,0,0,0,0,0,0,0,0,0,,0,,,1,5,0,0,0,0,1.17448707664153,0,21,34,268,2,0,0,275,140,13,11.2980911929582,0,0.974545454545454,0.115646258503401,0.114060555785981,0.253311776805289,2,51.3,72.3
2018,REG+POST,00-0032792,N.Sudfeld,Nate Sudfeld,QB,QB,"https://static.www.nfl.com/image/private/f_auto,q_auto/league/it5e3w2ufgfp7sc5wgo2",2,PHI,1,2,22,1,0,0,0,0,0,9,23,1,2.76127375895157,0,2.44444444444444,,2,-2,0,0,0,0,-2.18673707678681,0,0,0,0,0,0,0,0,0,0,,0,,,,,0,4.68,4.68
2018,REG+POST,00-0032793,B.Countess,Blake Countess,SS,DB,"https://static.www.nfl.com/image/private/f_auto,q_auto/league/gtcvlfetdzz2sdsmqf7v",1,LA,0,0,0,0,0,0,0,0,0,0,0,0,,0,,,0,0,0,0,0,0,,0,0,0,0,0,0,0,0,0,0,,0,,,,,1,6.0,6.0
2018,REG+POST,00-0032794,D.Vitale,Dan Vitale,FB,RB,"https://static.www.nfl.com/image/private/f_auto,q_auto/league/x9z1hqodjhb8dio4dr1w",1,GB,0,0,0,0,0,0,0,0,0,0,0,0,,0,,,0,0,0,0,0,0,,0,1,2,2,0,0,0,3,0,1,-0.691394920824678,0,0.666666666666667,0.0377358490566038,0.0078740157480315,0.0621155846085277,0,0.2,1.2
2018,REG+POST,00-0032795,C.Core,Cody Core,WR,WR,"https://static.www.nfl.com/image/private/f_auto,q_auto/league/aan5zyvrcyn0wfeh2xdi",10,CIN,0,0,0,0,0,0,0,0,0,0,0,0,,0,,,0,0,0,0,0,0,,0,13,28,160,1,0,0,367,36,7,1.13397923462265,1,0.435967302452316,0.0897435897435897,0.138962514199167,0.231889144554801,0,24.0,37.0
2018,REG+POST,00-0032807,C.Fejedelem,Clayton Fejedelem,SS,DB,"https://static.www.nfl.com/image/private/f_auto,q_auto/league/mlxzah8tensxhgwc7z3x",2,CIN,0,0,0,0,0,0,0,0,0,0,0,0,,0,,,2,6,0,1,0,1,-0.727132539032027,0,0,0,0,0,0,0,0,0,0,,0,,,,,0,0.6,0.6
2018,REG+POST,00-0032813,E.Penny,Elijhaa Penny,RB,RB,"https://static.www.nfl.com/image/private/f_auto,q_auto/league/jiebuu94lu81xzneqrsf",9,NYG,0,0,0,0,0,0,0,0,0,0,0,0,,0,,,7,25,0,0,0,2,-0.773260126530659,0,8,9,50,0,0,0,2,51,1,1.42198692704551,0,25.0,0.0414746543778802,0.0013840830449827,0.0631808396983082,0,7.5,15.5
2018,REG+POST,00-0032881,T.Lewis,Tommylee Lewis,WR,WR,"https://static.www.nfl.com/image/private/f_auto,q_auto/league/qvf3ud6rgqusejdd4f5u",5,NO,0,0,0,0,0,0,0,0,0,0,0,0,,0,,,2,10,0,1,0,0,-4.31656487629516,0,3,4,60,1,0,0,67,1,3,4.42698896677789,0,0.895522388059702,0.0353982300884956,0.0803357314148681,0.109332357123151,0,13.0,16.0
2018,REG+POST,00-0032897,D.Watt,Derek Watt,FB,RB,"https://static.www.nfl.com/image/private/f_auto,q_auto/league/jrhk6npb7u3tmgzt7rwn",5,LAC,0,0,0,0,0,0,0,0,0,0,0,0,,0,,,4,11,0,0,0,1,-0.246774932486005,0,2,2,3,0,0,0,1,2,0,-0.530514466401655,0,3.0,0.0344827586206897,0.0056179775280898,0.0556567222006974,0,1.4,3.4
2018,REG+POST,00-0032911,S.Pulley,Spencer Pulley,C,OL,"https://static.www.nfl.com/image/private/f_auto,q_auto/league/hvyebzfdomw94gdyce0g",1,NYG,0,0,0,0,0,0,0,0,0,0,0,0,,0,,,0,0,0,0,0,0,,0,1,1,-2,0,0,0,-2,0,0,-1.88576491735876,0,0.0,0.032258064516129,-0.0073260073260073,0.0432588916459884,0,-0.2,0.8
2018,REG+POST,00-0032918,C.Ham,C.J. Ham,FB,RB,"https://static.www.nfl.com/image/private/f_auto,q_auto/league/oyy0xpxazac9lbt7z8zm",10,MIN,0,0,0,0,0,0,0,0,0,0,0,0,,0,,,6,8,0,0,0,1,-2.93593605479691,0,11,15,85,0,0,0,-6,84,4,-2.75126739329426,0,-14.1666666666667,0.0520833333333333,-0.0033149171270718,0.0758045580110497,0,9.3,20.3
2018,REG+POST,00-0032935,J.Holton,Johnny Holton,WR,WR,"https://static.www.nfl.com/image/private/f_auto,q_auto/league/has0upkyuzqewhty3pb2",1,LV,0,0,0,0,0,0,0,0,0,0,0,0,,0,,,0,0,0,0,0,0,,0,0,1,0,0,0,0,45,0,0,-0.744821694213897,0,0.0,0.0303030303030303,0.151006711409396,0.151159243441123,0,0.0,0.0
2018,REG+POST,00-0032940,D.Washington,DeAndre Washington,RB,RB,"https://static.www.nfl.com/image/private/f_auto,q_auto/league/r89dcprs99qahleja3mz",8,LV,0,0,0,0,0,0,0,0,0,0,0,0,,0,,,30,115,0,1,1,8,-8.88964603929439,0,1,1,9,0,0,0,2,7,0,0.559007418574765,0,4.5,0.0303030303030303,0.0067114093959731,0.0501525320317267,0,10.4,11.4
2018,REG+POST,00-0032943,R.Dixon,Riley Dixon,P,SPEC,"https://static.www.nfl.com/image/private/f_auto,q_auto/league/qummyltudg8zskn0si4v",1,NYG,0,0,0,0,0,0,0,0,0,0,0,0,,0,,,1,14,0,0,0,1,0.879293448204408,0,0,0,0,0,0,0,0,0,0,,0,,,,,0,1.4,1.4
2018,REG+POST,00-0032950,C.Wentz,Carson Wentz,QB,QB,"https://static.www.nfl.com/image/private/f_auto,q_auto/league/indtay8ngoq8ubhhydbp",11,PHI,279,401,3074,21,7,31,202,9,6,3120,1397,159,36.2120948690566,1,0.98525641025641,0.122575568321638,34,93,0,0,0,9,-1.795956505192,0,1,1,4,0,0,0,-5,9,1,1.16897571785375,0,0.0,0.0333333333333333,-0.0206611570247934,0.0355371900826446,0,192.66,193.66
2018,REG+POST,00-0032951,L.Treadwell,Laquon Treadwell,WR,WR,"https://static.www.nfl.com/image/private/f_auto,q_auto/league/k5zobcutuqqnd1cxqplo",15,MIN,0,0,0,0,0,0,0,0,0,0,0,0,,0,,,0,0,0,0,0,0,,0,35,53,302,1,0,0,320,120,16,-11.5645638946095,0,0.94375,0.0939716312056738,0.0807469089073934,0.197480283043686,0,36.2,71.2
2018,REG+POST,00-0032956,A.Janovich,Andy Janovich,FB,RB,"https://static.www.nfl.com/image/private/f_auto,q_auto/league/w4nnz0yrfilgpexcseqy",9,DEN,0,0,0,0,0,0,0,0,0,0,0,0,,0,,,2,5,0,0,0,2,2.29950163047761,0,8,10,112,1,0,0,51,63,5,9.62336623268058,0,2.19607843137255,0.0420168067226891,0.0282705099778271,0.0828145670685126,0,17.7,25.7
2018,REG+POST,00-0032959,C.Peake,Charone Peake,WR,WR,"https://static.www.nfl.com/image/private/f_auto,q_auto/league/f7a4bmcrcxmoyaagieop",3,NYJ,0,0,0,0,0,0,0,0,0,0,0,0,,0,,,0,0,0,0,0,0,,0,2,3,25,0,0,0,32,4,2,-3.9269224772579,0,0.78125,0.03,0.0361990950226244,0.0703393665158371,0,2.5,4.5
2018,REG+POST,00-0032964,B.Marshall,Byron Marshall,RB,RB,"https://static.www.nfl.com/image/private/f_auto,q_auto/league/sdfnye7daaffwtre1mbl",4,WAS,0,0,0,0,0,0,0,0,0,0,0,0,,0,,,3,9,0,0,0,0,-0.627591606229544,0,4,6,30,0,0,0,10,28,1,1.1570573617937,0,3.0,0.0540540540540541,0.0094161958568738,0.0876724181808928,0,3.9,7.9
2018,REG+POST,00-0032966,C.Coleman,Corey Coleman,WR,WR,"https://static.www.nfl.com/image/private/f_auto,q_auto/league/yawvrg2sh7ryru2z2kwe",6,NYG,0,0,0,0,0,0,0,0,0,0,0,0,,0,,,1,5,0,0,0,0,0.0568295349366963,0,5,8,71,0,0,0,100,8,5,5.71674056042684,0,0.71,0.0427807486631016,0.0666222518321119,0.110806699277131,0,7.6,12.6
2018,REG+POST,00-0032972,D.Booker,Devontae Booker,RB,RB,"https://static.www.nfl.com/image/private/f_auto,q_auto/league/y5fw68qxcmxykv1uchlo",16,DEN,0,0,0,0,0,0,0,0,0,0,0,0,,0,,,34,183,1,0,0,11,2.37250505035627,0,38,51,275,0,1,1,77,242,9,-4.06395849596303,0,3.57142857142857,0.0962264150943396,0.0194986072423398,0.157988647711147,0,49.8,87.8
2018,REG+POST,00-0032975,J.Williams,Jonathan Williams,RB,RB,"https://static.www.nfl.com/image/private/f_auto,q_auto/league/dnlboggtjcflj9fxauub",3,NO,0,0,0,0,0,0,0,0,0,0,0,0,,0,,,3,0,0,0,0,0,-1.87216332694516,0,1,1,1,0,0,0,1,0,0,-0.593708648346365,0,1.0,0.0204081632653061,0.0036630036630036,0.0331763474620617,0,0.1,1.1
2018,REG+POST,00-0032977,R.Higgins,Rashard Higgins,WR,WR,"https://static.www.nfl.com/image/private/f_auto,q_auto/league/mdn4he3iuc2mwx3cfvfj",13,CLE,0,0,0,0,0,0,0,0,0,0,0,0,,0,,,0,0,0,0,0,0,,0,39,53,572,4,2,1,594,146,27,29.1783095835534,0,0.962962962962963,0.118303571428571,0.135864592863678,0.272560572147432,0,79.2,118.2
2018,REG+POST,00-0032980,M.Johnson,Marcus Johnson,WR,WR,"https://static.www.nfl.com/image/private/f_auto,q_auto/league/pwq2yi4ewqtsx6buynay",4,IND,0,0,0,0,0,0,0,0,0,0,0,0,,0,,,1,-2,0,0,0,0,-0.90969714242965,0,6,8,102,1,0,0,110,28,5,9.55956636818464,0,0.927272727272727,0.0493827160493827,0.0794797687861272,0.129709912224363,0,16.0,22.0
2018,REG+POST,00-0033009,T.Boyd,Tyler Boyd,WR,WR,"https://static.www.nfl.com/image/private/f_auto,q_auto/league/vconwllovf9jqxpu9mow",14,CIN,0,1,0,0,0,0,0,0,0,34,0,0,-0.512594365165569,0,0.0,,2,3,0,0,0,0,-1.0990995215252,0,76,108,1028,7,0,0,1008,418,54,72.9966516028611,0,1.01984126984127,0.2217659137577,0.253840342483002,0.510337110374652,0,145.1,221.1
2018,REG+POST,00-0033025,J.Richard,Jalen Richard,RB,RB,"https://static.www.nfl.com/image/private/f_auto,q_auto/league/evmn0ccnvk73tukpmk5f",16,LV,0,0,0,0,0,0,0,0,0,0,0,0,,0,,,55,259,1,2,2,11,-16.0425803178805,0,68,81,607,0,0,0,135,499,23,15.8433661600964,0,4.4962962962963,0.162650602409639,0.0385054192812322,0.27092969711132,0,88.6,156.6
2018,REG+POST,00-0033040,T.Hill,Tyreek Hill,WR,WR,"https://static.www.nfl.com/image/private/f_auto,q_auto/league/lsszbdnkusxc7mduw5be",18,KC,0,0,0,0,0,0,0,0,0,0,0,0,,0,,,23,187,2,0,0,9,5.521398759156,0,96,153,1593,12,0,0,2319,556,66,83.0247551844996,0,0.686934023285899,0.241324921135647,0.39411964649898,0.637871134252756,1,268.0,364.0
2018,REG+POST,00-0033045,E.Elliott,Ezekiel Elliott,RB,RB,"https://static.www.nfl.com/image/upload/f_auto,q_auto/league/qf0zgze0wkbvu9rlvolf",17,DAL,0,0,0,0,0,0,0,0,0,0,0,0,,0,,,350,1618,8,6,1,84,-12.9932591638361,0,83,105,618,3,0,0,47,619,24,-3.52472860856182,0,13.1489361702128,0.195167286245353,0.0122811601776849,0.301347741492409,0,287.6,370.6
2018,REG+POST,00-0033049,D.Jackson,Darius Jackson,RB,RB,"https://static.www.nfl.com/image/private/f_auto,q_auto/league/bmanrbbyt4fi777iarsx",1,DAL,0,0,0,0,0,0,0,0,0,0,0,0,,0,,,6,16,0,0,0,0,-1.43410578579642,0,0,1,0,0,0,0,-1,0,0,-0.514351818885189,0,0.0,0.0232558139534884,-0.0023923444976076,0.0332090797819072,0,1.6,1.6
2018,REG+POST,00-0033054,R.Gathers,Rico Gathers,TE,TE,"https://static.www.nfl.com/image/private/f_auto,q_auto/league/qovjpn6bhqobiwiv2b0c",7,DAL,0,0,0,0,0,0,0,0,0,0,0,0,,0,,,0,0,0,0,0,0,,0,3,8,45,0,0,0,72,27,2,-1.16608805465427,0,0.625,0.0357142857142857,0.0376372190277052,0.0799174818908222,0,4.5,7.5
2018,REG+POST,00-0033060,L.Carroo,Leonte Carroo,WR,WR,"https://static.www.nfl.com/image/private/f_auto,q_auto/league/rtyecvs5rx9awmpdk4c8",3,MIA,0,0,0,0,0,0,0,0,0,0,0,0,,0,,,1,14,0,0,0,1,2.88456670916639,0,2,4,94,1,0,0,105,36,2,6.87026060473629,0,0.895238095238095,0.0444444444444444,0.176767676767677,0.19040404040404,0,16.8,18.8
2018,REG+POST,00-0033077,D.Prescott,Dak Prescott,QB,QB,"https://static.www.nfl.com/image/private/f_auto,q_auto/league/knx0jxponzfkusnyvjkn",18,DAL,398,591,4377,24,9,58,365,8,5,4452,2110,206,28.6763559358615,2,0.983153638814016,0.0833281369813436,83,337,8,4,1,30,17.0834285623284,1,0,1,0,0,0,0,11,0,0,-0.481403352401685,0,0.0,0.032258064516129,0.0518867924528302,0.0847078514911747,0,328.78,328.78
2018,REG+POST,00-0033080,S.DeValve,Seth DeValve,TE,TE,"https://static.www.nfl.com/image/private/f_auto,q_auto/league/nrihd72oevgvvbhb8l6g",5,CLE,0,0,0,0,0,0,0,0,0,0,0,0,,0,,,0,0,0,0,0,0,,0,5,7,74,1,0,0,87,15,3,1.66827194485813,0,0.850574712643678,0.0357142857142857,0.0504640371229698,0.0888962545575074,0,13.4,18.4
2018,REG+POST,00-0033090,H.Henry,Hunter Henry,TE,TE,"https://static.www.nfl.com/image/private/f_auto,q_auto/league/sdjob9akppefyo7py5tj",1,LAC,0,0,0,0,0,0,0,0,0,0,0,0,,0,,,0,0,0,0,0,0,,0,0,1,0,0,0,0,20,0,0,-0.698411816731095,0,0.0,0.0212765957446809,0.0350877192982456,0.0564762971257932,0,0.0,0.0
2018,REG+POST,00-0033094,M.Hall,Marvin Hall,WR,WR,"https://static.www.nfl.com/image/private/f_auto,q_auto/league/dgyruyvyeuy4cwxhysox",13,ATL,0,0,0,0,0,0,0,0,0,0,0,0,,0,,,2,0,0,0,0,0,-1.42580870166421,0,10,19,149,1,0,0,208,57,5,1.50685365818208,0,0.716346153846154,0.041036717062635,0.0546361964801681,0.0998004131300702,0,20.9,30.9
2018,REG+POST,00-0033095,G.Griffin,Garrett Griffin,TE,TE,"https://static.www.nfl.com/image/private/f_auto,q_auto/league/ss70hidq9xcteze3rdeg",1,NO,0,0,0,0,0,0,0,0,0,0,0,0,,0,,,0,0,0,0,0,0,,0,2,2,12,1,0,0,0,12,1,1.22420322406106,0,0.0,0.0512820512820513,,,0,7.2,9.2
2018,REG+POST,00-0033104,C.Kessler,Cody Kessler,QB,QB,"https://static.www.nfl.com/image/private/f_auto,q_auto/league/gkvutiyutml2atftmu09",5,JAX,85,131,709,2,2,22,149,5,3,880,345,35,-39.812439870402,0,0.805681818181818,0.0386937241503896,19,123,0,0,0,9,11.1554809502296,0,0,0,0,0,0,0,0,0,0,,0,,,,,0,38.66,38.66
2018,REG+POST,00-0033106,J.Goff,Jared Goff,QB,QB,"https://static.www.nfl.com/image/private/f_auto,q_auto/league/nyitt4ybuzopzjzddafi",19,LA,423,667,5400,33,14,38,262,9,4,5768,2394,268,108.232358285229,3,0.93619972260749,0.10892981787074,52,130,2,4,0,12,-11.4466464491574,0,0,0,0,0,0,0,0,0,0,,0,,,,,0,343.0,343.0
2018,REG+POST,00-0033110,T.Higbee,Tyler Higbee,TE,TE,"https://static.www.nfl.com/image/private/f_auto,q_auto/league/vk9c6lr4d1pdt9sr86ua",16,LA,0,0,0,0,0,0,0,0,0,0,0,0,,0,,,0,0,0,0,0,0,,0,30,42,347,3,1,0,270,190,20,22.4310773194593,0,1.28518518518519,0.0763636363636364,0.0576799829096347,0.154921442582199,0,52.7,82.7
2018,REG+POST,00-0033111,P.Cooper,Pharoh Cooper,WR,WR,"https://static.www.nfl.com/image/private/f_auto,q_auto/league/mnsqfcfqiehw5aocr1lg",1,LA,0,0,0,0,0,0,0,0,0,0,0,0,,0,,,0,0,0,0,0,0,,0,0,1,0,0,0,0,6,0,0,-1.00206660572439,0,0.0,0.03125,0.0171919770773639,0.0589093839541547,0,0.0,0.0
2018,REG+POST,00-0033118,K.Drake,Kenyan Drake,RB,RB,"https://static.www.nfl.com/image/private/f_auto,q_auto/league/rp5apwel9vuk49b4lykn",16,MIA,0,0,0,0,0,0,0,0,0,0,0,0,,0,,,120,535,4,2,1,23,-15.3002631673362,0,53,73,477,5,0,0,161,423,24,9.98233313960012,0,2.96273291925466,0.167816091954023,0.0456090651558074,0.2836504835401,0,153.2,206.2
2018,REG+POST,00-0033119,J.Brissett,Jacoby Brissett,QB,QB,"https://static.www.nfl.com/image/private/f_auto,q_auto/league/wapkj7gxu9waxattqkok",4,IND,2,4,2,0,0,0,0,0,0,82,1,1,-0.678037891280837,0,0.024390243902439,,7,-7,0,0,0,0,-3.73944531055167,0,0,0,0,0,0,0,0,0,0,,0,,,,,0,-0.62,-0.62
2018,REG+POST,00-0033127,W.Fuller,Will Fuller,WR,WR,"https://static.www.nfl.com/image/private/f_auto,q_auto/league/dgemxvhu8ffqmvmqczks",7,HOU,0,0,0,0,0,0,0,0,0,0,0,0,,0,,,0,0,0,0,0,0,,0,32,45,503,4,0,0,662,166,23,31.365112055511,0,0.759818731117825,0.202702702702703,0.317353787152445,0.526201705060766,0,74.3,106.3
2018,REG+POST,00-0033132,K.Byard,Kevin Byard,FS,DB,"https://static.www.nfl.com/image/upload/f_auto,q_auto/league/uqesj1ki6bpa2slj7yvl",1,TEN,1,1,66,1,0,0,0,0,0,17,49,1,7.64647103147581,0,3.88235294117647,,0,0,0,0,0,0,,0,0,0,0,0,0,0,0,0,0,,0,,,,,0,6.64,6.64
2018,REG+POST,00-0033217,M.Alie-Cox,Mo Alie-Cox,TE,TE,"https://static.www.nfl.com/image/private/f_auto,q_auto/league/vaiszuzdtyszme2bkfxv",9,IND,0,0,0,0,0,0,0,0,0,0,0,0,,0,,,0,0,0,0,0,0,,0,7,14,133,2,0,0,157,50,6,1.73139355791349,0,0.847133757961784,0.042042042042042,0.0574040219378428,0.103245878419553,0,25.3,32.3
2018,REG+POST,00-0033246,J.Mundt,Johnny Mundt,TE,TE,"https://static.www.nfl.com/image/private/f_auto,q_auto/league/ugqymsoitijokzaup39n",1,LA,0,0,0,0,0,0,0,0,0,0,0,0,,0,,,0,0,0,0,0,0,,0,1,1,5,0,0,0,0,5,0,-0.0887564986478537,0,0.0,0.037037037037037,,,0,0.5,1.5
2018,REG+POST,00-0033251,Z.Pascal,Zach Pascal,WR,WR,"https://static.www.nfl.com/image/private/f_auto,q_auto/league/dnb115czpwythbso8avp",13,IND,0,0,0,0,0,0,0,0,0,0,0,0,,0,,,3,24,0,0,0,1,1.19038156850729,0,29,52,281,2,0,0,515,90,15,-11.6099121653336,0,0.545631067961165,0.0954128440366972,0.117822008693663,0.22559467214061,1,48.5,77.5
2018,REG+POST,00-0033258,D.Daniels,Darrell Daniels,TE,TE,"https://static.www.nfl.com/image/private/f_auto,q_auto/league/uite1keyl09qsvofsqzf",2,ARI,0,0,0,0,0,0,0,0,0,0,0,0,,0,,,0,0,0,0,0,0,,0,0,2,0,0,0,0,57,0,0,-1.15918336960021,0,0.0,0.0384615384615385,0.095959595959596,0.124864024864025,0,0.0,0.0
2018,REG+POST,00-0033280,C.McCaffrey,Christian McCaffrey,RB,RB,"https://static.www.nfl.com/image/private/f_auto,q_auto/league/navqer4chxxut5povzzw",16,CAR,1,1,50,1,0,0,0,0,0,13,37,1,6.54920150293037,0,3.84615384615385,,219,1098,7,2,1,53,7.45405227708222,0,107,124,867,6,2,0,84,859,41,34.2969670780429,0,10.3214285714286,0.227941176470588,0.0205378973105135,0.356288292823242,0,278.5,385.5
2018,REG+POST,00-0033282,C.Samuel,Curtis Samuel,WR,WR,"https://static.www.nfl.com/image/private/f_auto,q_auto/league/r71vsqs2fg7bvbt1jvzd",12,CAR,0,0,0,0,0,0,0,0,0,0,0,0,,0,,,8,84,2,0,0,3,5.58569994923892,0,39,65,494,5,0,0,776,111,24,8.35417715011863,0,0.63659793814433,0.157384987893462,0.249037227214377,0.410403540890258,0,99.8,138.8
2018,REG+POST,00-0033288,G.Kittle,George Kittle,TE,TE,"https://static.www.nfl.com/image/private/f_auto,q_auto/league/bwx6bvkrxog0yf4h6fw1",16,SF,0,0,0,0,0,0,0,0,0,0,0,0,,0,,,1,10,0,0,0,1,0.536304507404566,0,88,136,1377,5,0,0,996,870,60,65.2445276290603,1,1.38253012048193,0.264077669902913,0.264893617021277,0.581542036769263,0,170.7,258.7
2018,REG+POST,00-0033292,T.Taylor,Trent Taylor,WR,WR,"https://static.www.nfl.com/image/upload/f_auto,q_auto/league/wmb3t9vro76zykcac2tb",13,SF,0,0,0,0,0,0,0,0,0,0,0,0,,0,,,0,0,0,0,0,0,,0,26,40,215,1,0,0,239,101,11,-7.44350308398134,1,0.899581589958159,0.0911161731207289,0.0755372945638432,0.189550365875784,0,29.5,55.5
2018,REG+POST,00-0033293,A.Jones,Aaron Jones,RB,RB,"https://static.www.nfl.com/image/private/f_auto,q_auto/league/oo8yixhsahh4gznox7th",12,GB,0,0,0,0,0,0,0,0,0,0,0,0,,0,,,133,728,8,1,1,41,6.51564139687347,0,26,35,206,1,0,0,9,221,12,3.21201783643706,0,22.8888888888889,0.0855745721271394,0.0027149321266968,0.130262310679397,0,145.4,171.4
2018,REG+POST,00-0033295,E.McGuire,Elijah McGuire,RB,RB,"https://static.www.nfl.com/image/private/f_auto,q_auto/league/hf6svwovhi83xfee214j",8,NYJ,0,0,0,0,0,0,0,0,0,0,0,0,,0,,,92,276,3,2,2,15,-33.1136103713902,0,19,31,193,1,0,0,138,169,10,2.7924082240396,0,1.39855072463768,0.11787072243346,0.0587234042553192,0.217912466628913,0,66.9,85.9
2018,REG+POST,00-0033296,A.Armah,Alex Armah,RB,RB,"https://static.www.nfl.com/image/private/f_auto,q_auto/league/pvbqmdwlukehpxovupsg",8,CAR,0,0,0,0,0,0,0,0,0,0,0,0,,0,,,9,15,2,0,0,3,1.30338915745961,0,1,1,5,0,0,0,0,5,0,0.0599942343542352,0,0.0,0.0333333333333333,,,0,14.0,15.0
2018,REG+POST,00-0033306,V.Bolden,Victor Bolden,WR,WR,"https://static.www.nfl.com/image/private/f_auto,q_auto/league/kmdby2vcvsafzpkpsp5l",1,SF,0,0,0,0,0,0,0,0,0,0,0,0,,0,,,0,0,0,0,0,0,,0,1,4,10,0,0,0,47,1,1,-2.8037670722988,0,0.212765957446809,0.0740740740740741,0.180769230769231,0.237649572649573,0,1.0,2.0
2018,REG+POST,00-0033307,K.Bourne,Kendrick Bourne,WR,WR,"https://static.www.nfl.com/image/private/f_auto,q_auto/league/vrovcaqql9p6xsycko83",16,SF,0,0,0,0,0,0,0,0,0,0,0,0,,0,,,0,0,0,0,0,0,,0,42,67,487,4,1,0,568,147,30,6.48990105064631,0,0.857394366197183,0.130097087378641,0.157427937915743,0.305345187608981,0,72.7,114.7
2018,REG+POST,00-0033308,M.Breida,Matt Breida,RB,RB,"https://static.www.nfl.com/image/private/f_auto,q_auto/league/rc4m1xw0xmtsrxswd0bg",14,SF,0,0,0,0,0,0,0,0,0,0,0,0,,0,,,153,814,3,1,1,36,2.92142020884287,0,27,31,261,2,0,0,69,235,12,14.9479444895987,0,3.78260869565217,0.0831099195710456,0.0255555555555556,0.142553768245457,0,135.5,162.5
2018,REG+POST,00-0033319,N.Mullens,Nick Mullens,QB,QB,"https://static.www.nfl.com/image/private/f_auto,q_auto/league/ocu10coxszfcauzh406s",8,SF,176,274,2277,13,10,17,127,1,0,1900,1220,106,31.1174212140491,1,1.19842105263158,0.112880027719529,18,-16,0,1,0,1,-9.03339381155092,0,0,0,0,0,0,0,0,0,0,,0,,,,,0,123.48,123.48
2018,REG+POST,00-0033357,T.Hill,Taysom Hill,QB,QB,"https://static.www.nfl.com/image/private/f_auto,q_auto/league/pjp1aahvacigoh0sorpg",15,NO,3,8,64,0,1,1,3,0,0,125,18,3,-1.20223410584731,0,0.512,0.0083616912064466,40,204,2,2,1,16,11.1701947158481,0,4,9,6,1,0,0,76,10,1,-4.25398767844308,0,0.0789473684210526,0.0319148936170213,0.0347666971637694,0.0722090284401705,0,37.56,41.56
2018,REG+POST,00-0033373,T.Mizzell,Taquan Mizzell,RB,RB,"https://static.www.nfl.com/image/private/f_auto,q_auto/league/hgm2eiin7bfergfrjhxi",9,CHI,0,0,0,0,0,0,0,0,0,0,0,0,,0,,,10,15,0,0,0,0,-3.61822732019937,0,8,11,78,1,0,0,52,34,4,3.55047232381185,0,1.5,0.0561224489795918,0.0307692307692308,0.105722135007849,0,15.3,23.3
2018,REG+POST,00-0033374,R.Ortiz,Ricky Ortiz,FB,RB,"https://static.www.nfl.com/image/private/f_auto,q_auto/league/dt4lvt5dpo92g8xdifnm",3,ATL,0,0,0,0,0,0,0,0,0,0,0,0,,0,,,0,0,0,0,0,0,,0,3,4,11,0,0,0,-1,13,0,-1.24588213977404,0,-11.0,0.0373831775700935,-0.0015337423312883,0.0550011467232383,0,1.1,4.1
2018,REG+POST,00-0033375,T.Patrick,Tim Patrick,WR,WR,"https://static.www.nfl.com/image/private/f_auto,q_auto/league/xdwm9suozpz1wks8wzos",10,DEN,0,0,0,0,0,0,0,0,0,0,0,0,,0,,,3,17,0,0,0,2,0.778803054476157,0,23,41,315,1,2,1,435,112,15,3.32677178993696,0,0.724137931034483,0.104591836734694,0.151832460732984,0.26317047761513,0,37.2,60.2
2018,REG+POST,00-0033379,T.White,Tim White,WR,WR,"https://static.www.nfl.com/image/private/f_auto,q_auto/league/caxmcdcvqnix2vkutbq4",1,BAL,0,0,0,0,0,0,0,0,0,0,0,0,,0,,,0,0,0,0,0,0,,0,1,1,14,0,0,0,14,0,1,2.16413406748325,0,1.0,0.025,0.0354430379746835,0.0623101265822785,0,1.4,2.4
2018,REG+POST,00-0033382,A.Carr,Austin Carr,WR,WR,"https://static.www.nfl.com/image/private/f_auto,q_auto/league/uuln9v0o8aeurocrzvxp",10,NO,0,0,0,0,0,0,0,0,0,0,0,0,,0,,,0,0,0,0,0,0,,0,10,15,102,2,0,0,136,22,5,6.8837575337669,0,0.75,0.0467289719626168,0.062413951353832,0.113783223891608,0,22.2,32.2
2018,REG+POST,00-0033387,J.Hollister,Jacob Hollister,TE,TE,"https://static.www.nfl.com/image/private/f_auto,q_auto/league/qdny7ap8ly1ozectd8zu",2,NE,0,0,0,0,0,0,0,0,0,0,0,0,,0,,,0,0,0,0,0,0,,0,4,5,52,0,0,0,41,16,2,1.66631679120474,0,1.26829268292683,0.0666666666666667,0.0748175182481752,0.152372262773723,0,5.2,9.2
2018,REG+POST,00-0033421,A.Auclair,Antony Auclair,TE,TE,"https://static.www.nfl.com/image/private/f_auto,q_auto/league/qkktgjw9l0ntyfiobegs",6,TB,0,0,0,0,0,0,0,0,0,0,0,0,,0,,,0,0,0,0,0,0,,0,7,8,48,0,0,0,40,8,1,0.76184556609951,0,1.2,0.0337552742616034,0.0181323662737987,0.0633255677840642,0,4.8,11.8
2018,REG+POST,00-0033434,B.Wilson,Bobo Wilson,WR,WR,"https://static.www.nfl.com/image/private/f_auto,q_auto/league/dxmqeel8jwf3yokvtg9a",3,TB,0,0,0,0,0,0,0,0,0,0,0,0,,0,,,0,0,0,0,0,0,,0,4,5,52,0,0,0,54,20,2,0.790264615323395,0,0.962962962962963,0.0427350427350427,0.0412528647822766,0.0929795694501577,0,5.2,9.2
2018,REG+POST,00-0033441,K.Hatcher,Keon Hatcher,WR,WR,"https://static.www.nfl.com/image/private/f_auto,q_auto/league/xiahm288zxajbteu026w",1,LV,0,0,0,0,0,0,0,0,0,0,0,0,,0,,,0,0,0,0,0,0,,0,1,2,8,0,0,0,14,8,0,-1.30115738511086,0,0.571428571428571,0.0606060606060606,0.0469798657718121,0.123794996949359,0,0.8,1.8
2018,REG+POST,00-0033455,A.Firkser,Anthony Firkser,TE,TE,"https://static.www.nfl.com/image/private/f_auto,q_auto/league/rta4x11kt1dt4hifufjq",8,TEN,0,0,0,0,0,0,0,0,0,0,0,0,,0,,,0,0,0,0,0,0,,0,19,20,225,1,0,0,133,97,12,18.4392734429548,0,1.69172932330827,0.100502512562814,0.0795454545454545,0.206435587026039,0,28.5,47.5
2018,REG+POST,00-0033460,J.Ross,John Ross,WR,WR,"https://static.www.nfl.com/image/private/f_auto,q_auto/league/u6ysgs3kj738n662uehl",13,CIN,0,0,0,0,0,0,0,0,0,0,0,0,,0,,,4,9,0,0,0,0,-1.91302485729102,0,21,58,210,7,0,0,807,59,13,-21.5332348210106,0,0.260223048327138,0.136150234741784,0.240178571428571,0.372350352112676,0,63.9,84.9
2018,REG+POST,00-0033464,J.Chesson,Jehu Chesson,WR,WR,"https://static.www.nfl.com/image/private/f_auto,q_auto/league/nmn44gw214duhlpzasyi",3,WAS,0,0,0,0,0,0,0,0,0,0,0,0,,0,,,1,-4,0,0,0,0,-1.29403033293784,0,1,2,7,0,0,0,22,0,1,1.11904839868657,0,0.318181818181818,0.028169014084507,0.0372881355932203,0.0683552160420148,0,0.3,1.3
2018,REG+POST,00-0033466,I.McKenzie,Isaiah McKenzie,WR,WR,"https://static.www.nfl.com/image/upload/f_auto,q_auto/league/gy6grhpxsegfgklfadte",6,BUF,0,0,0,0,0,0,0,0,0,0,0,0,,0,,,10,66,2,0,0,4,5.22224927158095,0,18,30,179,0,0,0,246,76,10,0.586728866266601,0,0.727642276422764,0.177514792899408,0.113678373382625,0.34584705071695,0,36.5,54.5
2018,REG+POST,00-0033471,I.Ford,Isaiah Ford,WR,WR,"https://static.www.nfl.com/image/private/f_auto,q_auto/league/ycqftcjsc9vyqmc8tlmw",1,MIA,0,0,0,0,0,0,0,0,0,0,0,0,,0,,,0,0,0,0,0,0,,0,0,1,0,0,0,0,6,0,0,-0.743906162620988,0,0.0,0.0416666666666667,0.024896265560166,0.0799273858921162,0,0.0,0.0
2018,REG+POST,00-0033474,G.Dieter,Gehrig Dieter,WR,WR,"https://static.www.nfl.com/image/private/f_auto,q_auto/league/ex3zzzxojejpl5rqskmq",3,KC,0,0,0,0,0,0,0,0,0,0,0,0,,0,,,0,0,0,0,0,0,,0,2,4,33,0,0,0,59,19,2,-0.284565975249279,0,0.559322033898305,0.0380952380952381,0.0550373134328358,0.0956689765458422,0,3.3,5.3
2018,REG+POST,00-0033481,M.Kemp,Marcus Kemp,WR,WR,"https://static.www.nfl.com/image/private/f_auto,q_auto/league/hetkew9ad3agbj8cq1r3",2,KC,0,0,0,0,0,0,0,0,0,0,0,0,,0,,,0,0,0,0,0,0,,0,1,2,7,0,0,0,4,8,0,-0.802611163584516,0,1.75,0.0303030303030303,0.0068027210884353,0.0502164502164502,0,0.7,1.7
2018,REG+POST,00-0033526,S.Perine,Samaje Perine,RB,RB,"https://static.www.nfl.com/image/private/f_auto,q_auto/league/kpdo0ztyzhjobhk4p29a",4,WAS,0,0,0,0,0,0,0,0,0,0,0,0,,0,,,8,32,0,0,0,2,0.322586054157,0,3,4,5,0,0,0,-9,9,0,-4.34123288805131,0,-0.555555555555556,0.0512820512820513,-0.0140845070422535,0.0670639219934995,0,3.7,6.7
2018,REG+POST,00-0033528,J.Sprinkle,Jeremy Sprinkle,TE,TE,"https://static.www.nfl.com/image/private/f_auto,q_auto/league/cncqiyqmj7ohm5k70bog",5,WAS,0,0,0,0,0,0,0,0,0,0,0,0,,0,,,0,0,0,0,0,0,,0,5,9,41,1,0,0,58,21,3,0.915166130006687,0,0.706896551724138,0.0681818181818182,0.0423048869438366,0.131886148133413,0,10.1,15.1
2018,REG+POST,00-0033536,M.Williams,Mike Williams,WR,WR,"https://static.www.nfl.com/image/private/f_auto,q_auto/league/oaa76gdfwdhaum4b5qkh",18,LAC,0,0,0,0,0,0,0,0,0,0,0,0,,0,,,7,28,1,0,0,2,-0.573319487390108,0,50,82,774,10,0,0,1228,141,42,52.7080121243523,2,0.630293159609121,0.147482014388489,0.275274602107151,0.413915243057739,0,150.2,200.2
2018,REG+POST,00-0033537,D.Watson,Deshaun Watson,QB,QB,"https://static.www.nfl.com/image/private/f_auto,q_auto/league/otfs2docj6eahaebo5xn",17,HOU,374,554,4400,27,10,65,402,6,2,4672,1892,215,48.5346988121884,0,0.941780821917808,0.112610750596756,107,627,5,3,1,37,15.7823324349906,0,0,0,0,0,0,0,0,0,0,,0,,,,,0,350.7,350.7
2018,REG+POST,00-0033553,J.Conner,James Conner,RB,RB,"https://static.www.nfl.com/image/private/f_auto,q_auto/league/rmqdvrhlmhhyyrhp3vyu",13,PIT,0,0,0,0,0,0,0,0,0,0,0,0,,0,,,215,973,12,3,1,56,-4.2629906655387,0,55,71,497,1,1,1,-18,548,20,12.7617548126727,2,-27.6111111111111,0.127468581687612,-0.0043827611395179,0.188134939733756,0,225.0,280.0
2018,REG+POST,00-0033556,T.Cohen,Tarik Cohen,RB,RB,"https://static.www.nfl.com/image/private/f_auto,q_auto/league/pm0uewrl0ugotlc5wbpc",17,CHI,1,1,1,1,0,0,0,0,0,1,0,1,3.15769662096864,0,1.0,,100,444,3,2,2,20,-11.5066847266742,0,74,96,752,5,1,1,366,529,30,13.6431378644921,0,2.05464480874317,0.176146788990826,0.0801576872536137,0.320330564563768,0,165.64,239.64
2018,REG+POST,00-0033559,M.Roberts,Michael Roberts,TE,TE,"https://static.www.nfl.com/image/private/f_auto,q_auto/league/budz2kcuoa7xbjfrfurg",7,DET,0,0,0,0,0,0,0,0,0,0,0,0,,0,,,0,0,0,0,0,0,,0,9,20,100,3,0,0,129,23,5,-9.74633786115924,0,0.775193798449612,0.0806451612903226,0.0781818181818182,0.175695014662757,0,28.0,37.0
2018,REG+POST,00-0033562,R.Switzer,Ryan Switzer,WR,WR,"https://static.www.nfl.com/image/private/f_auto,q_auto/league/s7w7b3uxhppii72mttcu",16,PIT,0,0,0,0,0,0,0,0,0,0,0,0,,0,,,6,21,0,0,0,0,-1.43184577662032,0,36,44,253,1,0,0,148,137,15,6.34953947134486,0,1.70945945945946,0.0650887573964497,0.0316374519025224,0.11977935242644,0,33.4,69.4
2018,REG+POST,00-0033564,J.Butt,Jake Butt,TE,TE,"https://static.www.nfl.com/image/private/f_auto,q_auto/league/faqk9sw4zigenjoavboi",3,DEN,0,0,0,0,0,0,0,0,0,0,0,0,,0,,,0,0,0,0,0,0,,0,8,13,85,0,0,0,97,44,4,-7.83747659012443,0,0.876288659793815,0.121495327102804,0.109234234234234,0.25870695461817,0,8.5,16.5
2018,REG+POST,00-0033566,D.King,Desmond King,CB,DB,"https://static.www.nfl.com/image/private/f_auto,q_auto/league/jer13zsb22rmdldq5jtr",1,LAC,0,0,0,0,0,0,0,0,0,0,0,0,,0,,,0,0,0,0,0,0,,0,0,0,0,0,0,0,0,0,0,,0,,,,,1,6.0,6.0
2018,REG+POST,00-0033567,B.Hill,Brian Hill,RB,RB,"https://static.www.nfl.com/image/private/f_auto,q_auto/league/bsgtdhaylnpxdhfxtx0y",4,ATL,0,0,0,0,0,0,0,0,0,0,0,0,,0,,,20,157,0,1,1,5,-3.53309620457003,0,1,2,9,0,0,0,7,5,0,-1.54849668854149,0,1.28571428571429,0.0289855072463768,0.0104947526236882,0.0508245877061469,0,14.6,15.6
2018,REG+POST,00-0033572,J.Agnew,Jamal Agnew,WR,WR,"https://static.www.nfl.com/image/private/f_auto,q_auto/league/at0skjo9xsjgobkvqqz5",1,DET,0,0,0,0,0,0,0,0,0,0,0,0,,0,,,1,17,0,0,0,1,1.00503952801228,0,0,0,0,0,0,0,0,0,0,,0,,,,,0,1.7,1.7
2018,REG+POST,00-0033573,S.Gibson,Shelton Gibson,WR,WR,"https://static.www.nfl.com/image/private/f_auto,q_auto/league/ooeitkt377s485zhchsi",2,PHI,0,0,0,0,0,0,0,0,0,0,0,0,,0,,,0,0,0,0,0,0,,0,1,3,48,0,0,0,100,0,1,0.233671005349606,0,0.48,0.0379746835443038,0.161030595813205,0.169683442385699,0,4.8,5.8
2018,REG+POST,00-0033576,E.Saubert,Eric Saubert,TE,TE,"https://static.www.nfl.com/image/upload/f_auto,q_auto/league/pitpti3erfxui0d2gdad",5,ATL,0,0,0,0,0,0,0,0,0,0,0,0,,0,,,0,0,0,0,0,0,,0,5,9,48,0,0,0,48,13,2,-5.63322165643331,0,1.0,0.0422535211267606,0.0295566502463054,0.0840699368625546,0,4.8,9.8
2018,REG+POST,00-0033581,D.Henderson,De'Angelo Henderson Sr.,RB,RB,"https://static.www.nfl.com/image/private/f_auto,q_auto/league/jgr8ujycflajknnwxlnr",1,NYJ,0,0,0,0,0,0,0,0,0,0,0,0,,0,,,2,19,0,1,1,0,-1.40004352183314,0,0,0,0,0,0,0,0,0,0,,0,,,,,0,-0.0999999999999999,-0.0999999999999999
2018,REG+POST,00-0033589,D.Moore,David Moore,WR,WR,"https://static.www.nfl.com/image/private/f_auto,q_auto/league/mysdmg1kkmxc6cywb1jh",14,SEA,0,0,0,0,0,0,0,0,0,0,0,0,,0,,,1,5,0,0,0,0,0.0131801997777075,0,26,53,445,5,2,0,839,93,19,11.8178524052754,0,0.530393325387366,0.154970760233918,0.264501891551072,0.417607464436628,0,75.0,101.0
2018,REG+POST,00-0033591,N.Brown,Noah Brown,WR,WR,"https://static.www.nfl.com/image/upload/f_auto,q_auto/league/skdu8rnw7nwgxdkaonyi",7,DAL,0,0,0,0,0,0,0,0,0,0,0,0,,0,,,0,0,0,0,0,0,,0,7,13,73,0,0,0,110,26,3,-2.77851541823475,0,0.663636363636364,0.0567685589519651,0.0666666666666667,0.131819505094614,0,7.3,14.3
2018,REG+POST,00-0033594,C.Carson,Chris Carson,RB,RB,"https://static.www.nfl.com/image/private/f_auto,q_auto/league/zxjqunrgf4j8p2eg4xyl",15,SEA,0,0,0,0,0,0,0,0,0,0,0,0,,0,,,260,1171,9,3,2,61,-6.70877466115053,1,22,27,162,0,0,0,-6,169,7,1.42144694790477,0,-27.0,0.109311740890688,-0.0030196275792652,0.161853872030547,0,185.3,207.3
2018,REG+POST,00-0033597,C.Kelly,Chad Kelly,QB,QB,"https://static.www.nfl.com/image/private/f_auto,q_auto/league/msrm2dj2ksmjxpym2rqs",1,DEN,0,0,0,0,0,0,0,0,0,0,0,0,,0,,,1,-1,0,0,0,0,0.0,0,0,0,0,0,0,0,0,0,0,,0,,,,,0,-0.1,-0.1
2018,REG+POST,00-0033611,R.Seals-Jones,Ricky Seals-Jones,TE,TE,"https://static.www.nfl.com/image/private/f_auto,q_auto/league/nqwpbsutfe0anvjkqeux",15,ARI,0,0,0,0,0,0,0,0,0,0,0,0,,0,,,0,0,0,0,0,0,,0,34,69,343,1,0,0,680,97,14,-26.3844583127656,0,0.504411764705882,0.156818181818182,0.194563662374821,0.371421836389648,0,40.3,74.3
2018,REG+POST,00-0033627,J.Croom,Jason Croom,TE,TE,"https://static.www.nfl.com/image/private/f_auto,q_auto/league/ce3qgmgn139gn6vu44zz",12,BUF,0,0,0,0,0,0,0,0,0,0,0,0,,0,,,0,0,0,0,0,0,,0,22,35,259,1,2,2,267,137,10,-18.3774591848354,0,0.970037453183521,0.0969529085872576,0.0801801801801802,0.201555489007013,0,27.9,49.9
2018,REG+POST,00-0033658,B.Jarwin,Blake Jarwin,TE,TE,"https://static.www.nfl.com/image/private/f_auto,q_auto/league/fsn8rvgup22r5e53mu7i",14,DAL,0,0,0,0,0,0,0,0,0,0,0,0,,0,,,0,0,0,0,0,0,,0,32,41,339,3,0,0,303,136,19,19.9368039249093,0,1.11881188118812,0.0881720430107527,0.0875722543352601,0.193558642550811,0,51.9,83.9
2018,REG+POST,00-0033681,K.Cole,Keelan Cole,WR,WR,"https://static.www.nfl.com/image/private/f_auto,q_auto/league/djdjurxk3b6y347zirvz",13,JAX,0,0,0,0,0,0,0,0,0,0,0,0,,0,,,0,0,0,0,0,0,,0,38,70,491,1,2,2,691,136,25,-4.61993264881312,0,0.710564399421129,0.154525386313466,0.2083835946924,0.377656595754879,0,51.1,89.1
2018,REG+POST,00-0033696,S.Culkin,Sean Culkin,TE,TE,"https://static.www.nfl.com/image/private/f_auto,q_auto/league/pj36sitdqfq76pveqckq",1,LAC,0,0,0,0,0,0,0,0,0,0,0,0,,0,,,0,0,0,0,0,0,,0,1,1,24,0,0,0,24,0,1,2.27196605326026,0,1.0,0.032258064516129,0.19047619047619,0.181720430107527,0,2.4,3.4
2018,REG+POST,00-0033699,A.Ekeler,Austin Ekeler,RB,RB,"https://static.www.nfl.com/image/private/f_auto,q_auto/league/s1e7ejmmjkaxbv9zhvfl",16,LAC,0,0,0,0,0,0,0,0,0,0,0,0,,0,,,117,583,3,0,0,25,3.57445207894725,0,46,62,437,3,1,1,53,461,19,13.5758127258768,0,8.24528301886793,0.134490238611714,0.0143904425739886,0.211808667719363,0,136.0,182.0
2018,REG+POST,00-0033725,C.Clement,Corey Clement,RB,RB,"https://static.www.nfl.com/image/private/f_auto,q_auto/league/rrbdxl0frmnyr1qcgexd",11,PHI,0,0,0,0,0,0,0,0,0,0,0,0,,0,,,68,259,2,2,0,15,-7.3684636875405,1,22,25,192,0,0,0,-31,264,10,2.97908794617979,0,-6.19354838709677,0.0759878419452888,-0.0124348174889691,0.105277390675655,0,59.1,81.1
2018,REG+POST,00-0033742,T.Swoopes,Tyrone Swoopes,TE,TE,"https://static.www.nfl.com/image/private/f_auto,q_auto/league/ezsap0lrb7u92giefiyb",1,SEA,0,0,0,0,0,0,0,0,0,0,0,0,,0,,,0,0,0,0,0,0,,0,1,1,23,0,0,0,8,15,1,3.11018718662672,0,2.875,0.0434782608695652,0.0357142857142857,0.0902173913043478,0,2.3,3.3
2018,REG+POST,00-0033757,R.Tonyan,Robert Tonyan,TE,TE,"https://static.www.nfl.com/image/private/f_auto,q_auto/league/e4dqx11amod0silgghxw",5,GB,0,0,0,0,0,0,0,0,0,0,0,0,,0,,,0,0,0,0,0,0,,0,4,6,77,1,0,0,83,10,3,4.91472936765058,0,0.927710843373494,0.0306122448979592,0.0487089201877934,0.0800146114783942,0,13.7,17.7
2018,REG+POST,00-0033760,J.Davis,Justin Davis,RB,RB,"https://static.www.nfl.com/image/private/f_auto,q_auto/league/lxkhwmzny52eexsdyqnq",2,LA,0,0,0,0,0,0,0,0,0,0,0,0,,0,,,2,19,0,0,0,1,-0.45148667509784,0,0,0,0,0,0,0,0,0,0,,0,,,,,0,1.9,1.9
2018,REG+POST,00-0033770,J.Hardee,Justin Hardee,CB,DB,"https://static.www.nfl.com/image/private/f_auto,q_auto/league/cgnntlve9jglm2cqwigt",1,NO,0,0,0,0,0,0,0,0,0,0,0,0,,0,,,0,0,0,0,0,0,,0,1,1,10,0,0,0,8,2,1,3.04710603598505,0,1.25,0.0303030303030303,0.032,0.0678545454545455,0,1.0,2.0
2018,REG+POST,00-0033773,R.McCarron,Riley McCarron,WR,WR,"https://static.www.nfl.com/image/private/f_auto,q_auto/league/p2ktqatwl7ryhwjiycio",1,NE,0,0,0,0,0,0,0,0,0,0,0,0,,0,,,0,0,0,0,0,0,,0,0,1,0,0,0,0,27,0,0,-0.539576419629157,0,0.0,0.0256410256410256,0.084375,0.0975240384615384,0,0.0,0.0
2018,REG+POST,00-0033789,T.Logan,T.J. Logan,RB,RB,"https://static.www.nfl.com/image/private/f_auto,q_auto/league/ujf1khcqyjvzh8lukjdv",4,ARI,0,0,0,0,0,0,0,0,0,0,0,0,,0,,,2,2,0,0,0,0,-1.80988705111668,0,7,7,37,0,0,0,-2,39,1,-4.78085733187618,0,-18.5,0.0786516853932584,-0.0034129692832764,0.115588449591594,0,3.9,10.9
2018,REG+POST,00-0033839,D.Westbrook,Dede Westbrook,WR,WR,"https://static.www.nfl.com/image/private/f_auto,q_auto/league/jjlxw2ircxecpx3ipeax",16,JAX,0,1,0,0,0,0,0,0,0,12,0,0,-0.463822640478611,0,0.0,,9,98,0,0,0,5,4.54879963421263,0,66,101,717,5,2,1,852,362,39,23.921247968129,0,0.841549295774648,0.192748091603053,0.231144872490505,0.450923548147933,1,115.5,181.5
2018,REG+POST,00-0033856,L.Fournette,Leonard Fournette,RB,RB,"https://static.www.nfl.com/image/private/f_auto,q_auto/league/atxppoc7zqcjnbnk0awz",8,JAX,0,0,0,0,0,0,0,0,0,0,0,0,,0,,,133,439,5,0,0,23,-17.8036173420842,0,22,26,185,1,0,0,-14,213,10,7.16828199339143,0,-13.2142857142857,0.114035087719298,-0.0095497953615279,0.164367774825878,0,98.4,120.4
2018,REG+POST,00-0033857,J.Smith-Schuster,JuJu Smith-Schuster,WR,WR,"https://static.www.nfl.com/image/private/f_auto,q_auto/league/ypoituliieghtndjrzaz",16,PIT,0,0,0,0,0,0,0,0,0,0,0,0,,0,,,1,13,0,0,0,1,0.603620687266812,0,111,166,1426,7,1,1,1461,648,68,51.0479087844072,1,0.976043805612594,0.245562130177515,0.279189757309383,0.56377602538284,0,185.9,296.9
2018,REG+POST,00-0033858,J.Smith,Jonnu Smith,TE,TE,"https://static.www.nfl.com/image/private/f_auto,q_auto/league/hbnnjc8knqoc95vzyol4",11,TEN,0,0,0,0,0,0,0,0,0,0,0,0,,0,,,0,0,0,0,0,0,,0,20,30,258,3,1,0,155,180,10,6.42349138768184,0,1.66451612903226,0.0974025974025974,0.0651260504201681,0.191692131398014,0,43.8,63.8
2018,REG+POST,00-0033859,J.Malone,Josh Malone,WR,WR,"https://static.www.nfl.com/image/private/f_auto,q_auto/league/q0qpgsvrkxi4al0dkjij",3,CIN,0,0,0,0,0,0,0,0,0,0,0,0,,0,,,0,0,0,0,0,0,,0,1,5,12,0,0,0,36,0,1,-7.43722729285946,0,0.333333333333333,0.0458715596330275,0.054380664652568,0.106873804706339,0,1.2,2.2
2018,REG+POST,00-0033869,M.Trubisky,Mitchell Trubisky,QB,QB,"https://static.www.nfl.com/image/private/f_auto,q_auto/league/egmpgvzck6v2unbh0plp",15,CHI,315,477,3526,25,12,26,155,5,2,4305,1479,163,55.9578303880835,4,0.819047619047619,0.129250364429756,71,430,3,1,1,29,26.0495813287458,0,0,0,0,0,0,0,0,0,0,,0,,,,,0,280.04,280.04
2018,REG+POST,00-0033871,C.Davis,Corey Davis,WR,WR,"https://static.www.nfl.com/image/private/f_auto,q_auto/league/hr0uv4ai1zhkn7nof2a2",16,TEN,0,0,0,0,0,0,0,0,0,0,0,0,,0,,,6,55,0,0,0,2,0.920622933888808,0,65,112,891,4,1,0,1159,267,47,30.0473867388627,0,0.768766177739431,0.263529411764706,0.361848267249454,0.648587904721676,0,118.6,183.6
2018,REG+POST,00-0033873,P.Mahomes,Patrick Mahomes,QB,QB,"https://static.www.nfl.com/image/private/f_auto,q_auto/league/oagzjdsdoezmp6frggrn",18,KC,426,652,5670,53,12,34,242,7,2,6043,2888,262,229.339318694835,0,0.938275690882012,0.193255753646616,65,291,3,3,0,20,16.2822201555195,1,0,0,0,0,0,0,0,0,0,,0,,,,,0,459.9,459.9
2018,REG+POST,00-0033879,O.Howard,O.J. Howard,TE,TE,"https://static.www.nfl.com/image/private/f_auto,q_auto/league/wlvviyfhdn5fz5p04r95",10,TB,0,0,0,0,0,0,0,0,0,0,0,0,,0,,,0,0,0,0,0,0,,0,34,48,565,5,0,0,567,209,28,25.565039758827,0,0.99647266313933,0.117359413202934,0.129186602870813,0.26646974181397,0,86.5,120.5
2018,REG+POST,00-0033881,E.Engram,Evan Engram,TE,TE,"https://static.www.nfl.com/image/private/f_auto,q_auto/league/adr65rbw956sxntlph8a",11,NYG,0,0,0,0,0,0,0,0,0,0,0,0,,0,,,3,36,0,0,0,3,4.17847463188809,0,45,64,577,3,0,0,339,388,22,19.5075015270111,1,1.70206489675516,0.167979002624672,0.12278160086925,0.337915624545483,0,81.3,126.3
2018,REG+POST,00-0033885,D.Njoku,David Njoku,TE,TE,"https://static.www.nfl.com/image/private/f_auto,q_auto/league/ilvxwdllivrvwbuj69cm",15,CLE,0,0,0,0,0,0,0,0,0,0,0,0,,0,,,0,0,0,0,0,0,,0,56,88,639,4,0,0,762,306,27,3.52947398800099,0,0.838582677165354,0.16793893129771,0.150295857988166,0.357115497538281,0,87.9,143.9
2018,REG+POST,00-0033891,Z.Jones,Zay Jones,WR,WR,"https://static.www.nfl.com/image/private/f_auto,q_auto/league/pbmcmjxxjcrandbjmey7",16,BUF,0,1,0,0,0,0,0,0,0,13,0,0,-1.47405634936014,0,0.0,,1,0,0,0,0,0,-0.862455431139097,0,56,102,652,7,1,0,1226,142,33,-0.562023142421808,1,0.531810766721044,0.21294363256785,0.259251427363079,0.50089144800593,0,109.2,165.2
2018,REG+POST,00-0033893,D.Cook,Dalvin Cook,RB,RB,"https://static.www.nfl.com/image/upload/f_auto,q_auto/league/kl291pby4vjh160bkirg",11,MIN,0,0,0,0,0,0,0,0,0,0,0,0,,0,,,133,615,2,2,2,22,-22.1228534890995,0,40,49,305,2,0,0,-90,373,15,4.95072186901234,0,-3.38888888888889,0.143695014662757,-0.0344563552833078,0.191423073295819,0,112.0,152.0
2018,REG+POST,00-0033895,G.Everett,Gerald Everett,TE,TE,"https://static.www.nfl.com/image/private/f_auto,q_auto/league/te11unippqhdc6auox6i",18,LA,0,0,0,0,0,0,0,0,0,0,0,0,,0,,,2,16,0,0,0,1,0.790634827222675,0,35,57,370,3,0,0,377,169,19,10.1873778346111,1,0.981432360742706,0.0928338762214984,0.0753547871277234,0.191999165321654,0,58.6,93.6
2018,REG+POST,00-0033896,A.Shaheen,Adam Shaheen,TE,TE,"https://static.www.nfl.com/image/private/f_auto,q_auto/league/rvj5swstfh0vf6f6w2hr",5,CHI,0,0,0,0,0,0,0,0,0,0,0,0,,0,,,0,0,0,0,0,0,,0,8,10,61,1,0,0,83,21,3,2.49932256690227,1,0.734939759036145,0.072463768115942,0.0692243536280234,0.157152699713529,0,14.1,22.1
2018,REG+POST,00-0033897,J.Mixon,Joe Mixon,RB,RB,"https://static.www.nfl.com/image/private/f_auto,q_auto/league/pbijtl1blfdkvmwl4rsp",14,CIN,0,0,0,0,0,0,0,0,0,0,0,0,,0,,,237,1168,8,0,0,60,-10.8785467976108,0,43,55,296,1,0,0,1,333,14,-2.26058836383163,0,296.0,0.124153498871332,0.0002782415136338,0.186425017366541,0,200.4,243.4
2018,REG+POST,00-0033899,D.Kizer,DeShone Kizer,QB,QB,"https://static.www.nfl.com/image/private/f_auto,q_auto/league/ajaqaaxoogjnfgxduv4u",3,GB,20,42,187,0,2,4,38,1,1,428,63,8,-26.913568605436,0,0.436915887850467,-0.0436696564717389,5,39,0,0,0,3,7.47899656154914,0,0,0,0,0,0,0,0,0,0,,0,,,,,0,5.38,5.38
2018,REG+POST,00-0033904,D.Dawkins,Dion Dawkins,T,OL,"https://static.www.nfl.com/image/private/f_auto,q_auto/league/wlthv1anmiiwzl0dw7cv",1,BUF,0,0,0,0,0,0,0,0,0,0,0,0,,0,,,0,0,0,0,0,0,,0,1,1,7,1,0,0,7,0,1,1.66846287646331,0,1.0,0.0384615384615385,0.0220125786163522,0.0731011127237542,0,6.7,7.7
2018,REG+POST,00-0033906,A.Kamara,Alvin Kamara,RB,RB,"https://static.www.nfl.com/image/private/f_auto,q_auto/league/tl9enad6kiwv6cukf4vt",17,NO,0,0,0,0,0,0,0,0,0,0,0,0,,0,,,218,969,14,0,0,64,6.97259589255099,3,96,122,840,4,0,0,210,758,37,24.4783703389729,0,4.0,0.215547703180212,0.0499762018086626,0.358304896036382,0,294.9,390.9
2018,REG+POST,00-0033908,C.Kupp,Cooper Kupp,WR,WR,"https://static.www.nfl.com/image/private/f_auto,q_auto/league/bkahtsjkvnom1sbnb6xm",8,LA,0,0,0,0,0,0,0,0,0,0,0,0,,0,,,4,25,0,0,0,3,1.75529691163683,0,40,55,566,6,0,0,460,303,25,35.6904458918328,0,1.2304347826087,0.205992509363296,0.230345518277416,0.470230626839135,0,95.1,135.1
2018,REG+POST,00-0033911,T.Taylor,Taywan Taylor,WR,WR,"https://static.www.nfl.com/image/private/f_auto,q_auto/league/n0kolr3zjappzojczo5w",13,TEN,0,0,0,0,0,0,0,0,0,0,0,0,,0,,,0,0,0,0,0,0,,0,37,56,466,1,1,1,732,161,19,1.4120146774908,0,0.636612021857924,0.160458452722063,0.279923518164436,0.4366341417982,0,50.6,87.6
2018,REG+POST,00-0033921,C.Godwin,Chris Godwin,WR,WR,"https://static.www.nfl.com/image/private/f_auto,q_auto/league/rfdampf12giyojipbcxl",16,TB,0,0,0,0,0,0,0,0,0,0,0,0,,0,,,0,0,0,0,0,0,,0,59,95,842,7,4,1,1109,245,48,34.0284127581941,1,0.759242560865645,0.153473344103393,0.168951858622791,0.348476317191043,0,126.2,185.2
2018,REG+POST,00-0033923,K.Hunt,Kareem Hunt,RB,RB,"https://static.www.nfl.com/image/private/f_auto,q_auto/league/fmy9cgin9nv7ewyhsipr",11,KC,0,0,0,0,0,0,0,0,0,0,0,0,,0,,,181,824,7,0,0,46,1.55622866606371,0,26,35,378,7,0,0,68,338,17,32.5306542268081,0,5.55882352941176,0.0923482849604222,0.0216767612368505,0.153696160306429,0,204.2,230.2
2018,REG+POST,00-0033925,D.Foreman,D'Onta Foreman,RB,RB,"https://static.www.nfl.com/image/private/f_auto,q_auto/league/fhxviqgdrngc8gvvhnor",2,HOU,0,0,0,0,0,0,0,0,0,0,0,0,,0,,,8,2,0,1,0,0,-5.15341685182648,0,2,3,28,1,0,0,20,10,1,2.29840009630425,0,1.4,0.0344827586206897,0.0269905533063428,0.0706175252454744,0,9.0,11.0
2018,REG+POST,00-0033928,J.Lewis,Jourdan Lewis,CB,DB,"https://static.www.nfl.com/image/private/f_auto,q_auto/league/prbl8xeso0ee0vqrpgje",3,DAL,0,0,0,0,0,0,0,0,0,0,0,0,,0,,,2,12,0,0,0,0,0.73000559816137,0,0,1,0,0,0,0,-4,0,0,-0.538164700614288,0,0.0,0.0294117647058824,-0.0197044334975369,0.0303245436105477,0,1.2,1.2
2018,REG+POST,00-0033932,K.Golladay,Kenny Golladay,WR,WR,"https://static.www.nfl.com/image/private/f_auto,q_auto/league/vck7awhkwwhui3ndgts3",15,DET,0,0,0,0,0,0,0,0,0,0,0,0,,0,,,1,8,0,0,0,0,0.638422072865069,0,70,119,1063,5,1,0,1475,350,56,52.6007850722333,0,0.720677966101695,0.225378787878788,0.403998904409751,0.620867414905007,0,137.1,207.1
2018,REG+POST,00-0033933,C.Williams,Chad Williams,WR,WR,"https://static.www.nfl.com/image/private/f_auto,q_auto/league/euzfm4rfpar0i5lmm2df",10,ARI,0,0,0,0,0,0,0,0,0,0,0,0,,0,,,1,9,0,0,0,0,0.81563642405672,0,17,46,171,1,0,0,586,16,9,-17.6722732603537,0,0.291808873720137,0.153333333333333,0.231803797468354,0.392262658227848,0,24.0,41.0
2018,REG+POST,00-0033936,C.Beathard,C.J. Beathard,QB,QB,"https://static.www.nfl.com/image/private/f_auto,q_auto/league/yw8euaevcvwswbx5w27w",5,SF,102,169,1252,8,7,18,156,3,3,1115,728,60,-24.2814666750581,0,1.12286995515695,-0.0010167995791849,19,69,1,2,0,6,-0.0263059805819572,0,0,0,0,0,0,0,0,0,0,,0,,,,,0,74.98,74.98
2018,REG+POST,00-0033943,J.Reynolds,Josh Reynolds,WR,WR,"https://static.www.nfl.com/image/private/f_auto,q_auto/league/sxrgouqg155xtgtzesy9",14,LA,0,0,0,0,0,0,0,0,0,0,0,0,,0,,,4,33,0,0,0,2,2.27337383903796,0,37,71,523,5,0,0,864,167,29,8.40625859930199,0,0.605324074074074,0.150105708245243,0.205567451820128,0.369055778641955,0,85.6,122.6
2018,REG+POST,00-0033948,J.Williams,Jamaal Williams,RB,RB,"https://static.www.nfl.com/image/private/f_auto,q_auto/league/qerbr9qnhpn27cyogu4x",16,GB,0,0,0,0,0,0,0,0,0,0,0,0,,0,,,121,464,3,0,0,25,-16.5088172592935,0,27,41,210,0,0,0,31,229,11,-2.37413248562231,1,6.7741935483871,0.0831643002028398,0.0072855464159812,0.129846332795446,0,87.4,114.4
2018,REG+POST,00-0033949,J.Dobbs,Joshua Dobbs,QB,QB,"https://static.www.nfl.com/image/upload/f_auto,q_auto/league/il6zhynxgyun9uvsofgr",5,PIT,6,12,43,0,1,0,0,0,0,59,19,2,-10.6541290229652,0,0.728813559322034,-0.0567760369742056,4,11,0,0,0,2,1.41926407633582,0,0,0,0,0,0,0,0,0,0,,0,,,,,0,0.82,0.82
2018,REG+POST,00-0033950,W.Gallman,Wayne Gallman,RB,RB,"https://static.www.nfl.com/image/private/f_auto,q_auto/league/zrc9lbsy94hxanrf5voo",13,NYG,0,0,0,0,0,0,0,0,0,0,0,0,,0,,,51,176,1,0,0,7,-8.18762572226115,0,14,22,89,0,2,1,29,81,5,-7.14575144293485,0,3.06896551724138,0.0580474934036939,0.0151120375195414,0.0976496663692199,0,30.5,44.5
2018,REG+POST,00-0033951,M.Mack,Marlon Mack,RB,RB,"https://static.www.nfl.com/image/private/f_auto,q_auto/league/d3sdoo1yiey5oiyblulk",14,IND,0,0,0,0,0,0,0,0,0,0,0,0,,0,,,228,1102,10,1,1,60,8.99474734086624,2,19,29,109,1,1,1,-22,128,3,-18.4134026446845,0,-4.95454545454545,0.0641592920353982,-0.0061179087875417,0.0919564019018182,0,187.1,206.1
2018,REG+POST,00-0033953,J.Leggett,Jordan Leggett,TE,TE,"https://static.www.nfl.com/image/private/f_auto,q_auto/league/kjcxnm0lntsec4idp0gi",13,NYJ,0,0,0,0,0,0,0,0,0,0,0,0,,0,,,0,0,0,0,0,0,,0,14,25,114,1,0,0,161,49,6,3.6343694847892,0,0.708074534161491,0.0602409638554217,0.0426038634559407,0.120184150202291,0,17.4,31.4
2018,REG+POST,00-0033955,J.McNichols,Jeremy McNichols,RB,RB,"https://static.www.nfl.com/image/private/f_auto,q_auto/league/lwcqsanzizt8sq0jnnpr",1,IND,0,0,0,0,0,0,0,0,0,0,0,0,,0,,,2,4,0,0,0,1,-1.09543485025642,0,0,0,0,0,0,0,0,0,0,,0,,,,,0,0.4,0.4
2018,REG+POST,00-0033958,N.Peterman,Nathan Peterman,QB,QB,"https://static.www.nfl.com/image/private/f_auto,q_auto/league/owifll49p0mmsjgf7rhn",4,BUF,44,81,296,1,7,7,34,0,0,493,183,13,-45.0854822301945,0,0.600405679513185,-0.0456610572724898,10,50,1,0,0,4,2.23230786656495,0,0,0,0,0,0,0,0,0,0,,0,,,,,0,12.84,12.84
2018,REG+POST,00-0033968,S.Coley,Stacy Coley,WR,WR,"https://static.www.nfl.com/image/private/f_auto,q_auto/league/yawmfaxmvob2piqusoji",1,MIN,0,0,0,0,0,0,0,0,0,0,0,0,,0,,,0,0,0,0,0,0,,0,0,1,0,0,0,0,9,0,0,-0.22384623857215,0,0.0,0.0208333333333333,0.0249307479224377,0.0487015235457064,0,0.0,0.0
2018,REG+POST,00-0034011,D.Arnold,Dan Arnold,TE,TE,"https://static.www.nfl.com/image/private/f_auto,q_auto/league/wym2o0jlxcvswj3gy9kv",8,NO,0,0,0,0,0,0,0,0,0,0,0,0,,0,,,0,0,0,0,0,0,,0,12,21,150,1,1,0,240,30,9,-2.60372143993256,0,0.625,0.0853658536585366,0.126315789473684,0.216469833119384,0,21.0,33.0
2018,REG+POST,00-0034052,B.Zylstra,Brandon Zylstra,WR,WR,"https://static.www.nfl.com/image/private/f_auto,q_auto/league/arx0mz7gc5dm0wfc5kfx",2,MIN,0,0,0,0,0,0,0,0,0,0,0,0,,0,,,0,0,0,0,0,0,,0,1,2,23,0,0,0,43,8,1,0.210618016135413,0,0.534883720930233,0.0285714285714286,0.0659509202453988,0.089022787028922,0,2.3,3.3
2018,REG+POST,00-0034054,R.Cracraft,River Cracraft,WR,WR,"https://static.www.nfl.com/image/private/f_auto,q_auto/league/zd4y2ok3owqbqx6bvkpm",1,DEN,0,0,0,0,0,0,0,0,0,0,0,0,,0,,,0,0,0,0,0,0,,0,1,2,44,0,0,0,74,1,1,0.19508341816254,0,0.594594594594595,0.0425531914893617,0.212034383954155,0.212253856001951,0,4.4,5.4
2018,REG+POST,00-0034064,C.Wadman,Colby Wadman,P,SPEC,"https://static.www.nfl.com/image/private/f_auto,q_auto/league/hlmh4uiswctg0tlo0yh1",1,DEN,1,1,12,0,0,0,0,0,0,-1,13,1,3.39373948145658,0,0.0,,0,0,0,0,0,0,,0,0,0,0,0,0,0,0,0,0,,0,,,,,0,0.48,0.48
2018,REG+POST,00-0034073,R.Dwelley,Ross Dwelley,TE,TE,"https://static.www.nfl.com/image/private/f_auto,q_auto/league/wsqd1kbdbqratcxretm5",2,SF,0,0,0,0,0,0,0,0,0,0,0,0,,0,,,0,0,0,0,0,0,,0,2,2,14,0,0,0,13,1,0,0.581884334620554,0,1.07692307692308,0.0363636363636364,0.0385756676557864,0.081548421904505,0,1.4,3.4
2018,REG+POST,00-0034101,M.Flanagan,Matt Flanagan,TE,TE,"https://static.www.nfl.com/image/private/f_auto,q_auto/league/hxj9ygsevktjzaq2twox",1,WAS,0,0,0,0,0,0,0,0,0,0,0,0,,0,,,0,0,0,0,0,0,,0,1,1,14,0,0,0,7,7,1,0.751324858749285,0,2.0,0.037037037037037,0.0265151515151515,0.0741161616161616,0,1.4,2.4
2018,REG+POST,00-0034109,P.Lindsay,Phillip Lindsay,RB,RB,"https://static.www.nfl.com/image/private/f_auto,q_auto/league/soywd4cnq19pigrwabb5",15,DEN,0,0,0,0,0,0,0,0,0,0,0,0,,0,,,192,1037,9,0,0,49,6.05374885546831,0,35,47,241,1,0,0,-43,298,12,0.0563679914740289,0,-5.6046511627907,0.0961145194274029,-0.0135220125786164,0.134706370336073,0,187.8,222.8
2018,REG+POST,00-0034115,J.Wilson,Jeffery Wilson,RB,RB,"https://static.www.nfl.com/image/private/f_auto,q_auto/league/zorqrtlrizlltgd6pnob",6,SF,0,0,0,0,0,0,0,0,0,0,0,0,,0,,,66,266,0,3,2,13,-16.1643541652978,0,12,15,98,0,0,0,0,97,5,-6.25279211293673,0,0.0,0.087719298245614,0.0,0.131578947368421,0,32.4,44.4
2018,REG+POST,00-0034159,W.Dissly,Will Dissly,TE,TE,"https://static.www.nfl.com/image/private/f_auto,q_auto/league/pschkqimqisrbnzeo8iz",4,SEA,0,0,0,0,0,0,0,0,0,0,0,0,,0,,,0,0,0,0,0,0,,0,8,14,156,2,0,0,141,93,5,8.20029976495425,0,1.1063829787234,0.120689655172414,0.144467213114754,0.282161531938949,0,27.6,35.6
2018,REG+POST,00-0034160,M.Dickson,Michael Dickson,P,SPEC,"https://static.www.nfl.com/image/private/f_auto,q_auto/league/neu0v3tjiszrmixnzguh",1,SEA,0,0,0,0,0,0,0,0,0,0,0,0,,0,,,1,9,0,0,0,1,2.14254428737331,0,0,0,0,0,0,0,0,0,0,,0,,,,,0,0.9,0.9
2018,REG+POST,00-0034162,J.Scott,J.K. Scott,P,SPEC,"https://static.www.nfl.com/image/private/f_auto,q_auto/league/duw5ttww537bbjlm7bk2",1,GB,0,1,0,0,0,0,0,0,0,-2,0,0,-0.652180086064618,0,0.0,,0,0,0,0,0,0,,0,0,0,0,0,0,0,0,0,0,,0,,,,,0,0.0,0.0
2018,REG+POST,00-0034164,T.Cannon,Trenton Cannon,RB,RB,"https://static.www.nfl.com/image/private/f_auto,q_auto/league/hkpxcipgs7jtgdwpkjel",11,NYJ,0,0,0,0,0,0,0,0,0,0,0,0,,0,,,38,113,1,0,0,7,-7.08269978209864,0,17,25,144,0,0,0,157,118,4,-9.50453622715147,0,0.917197452229299,0.0714285714285714,0.048894425412644,0.141368954931708,0,31.7,48.7
2018,REG+POST,00-0034179,R.Greene,Raven Greene,FS,DB,"https://static.www.nfl.com/image/private/f_auto,q_auto/league/xkdclbkqqd47mz97fizd",1,GB,0,0,0,0,0,0,0,0,0,0,0,0,,0,,,1,26,0,0,0,1,4.05928791430779,0,0,0,0,0,0,0,0,0,0,,0,,,,,0,2.6,2.6
2018,REG+POST,00-0034184,G.Edwards,Gus Edwards,RB,RB,"https://static.www.nfl.com/image/private/f_auto,q_auto/league/tvxpivjku1lbpf7tfafl",12,BAL,0,0,0,0,0,0,0,0,0,0,0,0,,0,,,145,741,2,0,0,37,8.85144673608011,1,2,2,20,0,0,0,3,17,1,1.25706357596209,0,6.66666666666667,0.0303030303030303,0.0071599045346062,0.0504664786287698,0,90.1,92.1
2018,REG+POST,00-0034201,D.Turner,De'Lance Turner,RB,RB,"https://static.www.nfl.com/image/private/f_auto,q_auto/league/eyoauplfm4yffbfu9ijf",2,BAL,0,0,0,0,0,0,0,0,0,0,0,0,,0,,,1,4,0,0,0,0,-0.0616620066575706,0,2,2,17,0,0,0,3,14,0,0.822040078230202,0,5.66666666666667,0.0206185567010309,0.0065359477124183,0.0355029984502392,0,2.1,4.1
2018,REG+POST,00-0034208,M.Boone,Mike Boone,RB,RB,"https://static.www.nfl.com/image/private/f_auto,q_auto/league/rcrpzluchltmk9stwtfc",6,MIN,0,0,0,0,0,0,0,0,0,0,0,0,,0,,,11,47,0,0,0,2,-1.96532021899475,0,2,3,1,0,0,0,-2,5,0,-2.26100938720629,0,-0.5,0.020979020979021,-0.0019455252918287,0.0301066637642513,0,4.8,6.8
2018,REG+POST,00-0034221,R.Thomas,Roc Thomas,RB,RB,"https://static.www.nfl.com/image/private/f_auto,q_auto/league/tlhpjc9tui7j6zfxoyfm",5,MIN,0,0,0,0,0,0,0,0,0,0,0,0,,0,,,8,30,0,0,0,2,-1.40164341870695,0,2,4,21,0,0,0,8,12,0,-2.17885789834071,0,2.625,0.0317460317460317,0.0099502487562189,0.0545842217484009,0,5.1,7.1
2018,REG+POST,00-0034253,D.Hilliard,Dontrell Hilliard,RB,RB,"https://static.www.nfl.com/image/private/f_auto,q_auto/league/ukhyslngeuojxkjqfq9f",6,CLE,0,1,0,0,1,0,0,0,0,12,0,0,-6.4183683572337,0,0.0,,0,0,0,0,0,0,,0,9,10,105,0,0,0,19,90,4,2.69975514215184,0,5.52631578947368,0.0505050505050505,0.0158333333333333,0.0868409090909091,0,8.5,17.5
2018,REG+POST,00-0034258,D.Willies,Derrick Willies,WR,WR,"https://static.www.nfl.com/image/private/f_auto,q_auto/league/rmioj9lqsbhzgojtsq0u",1,CLE,0,0,0,0,0,0,0,0,0,0,0,0,,0,,,0,0,0,0,0,0,,0,3,5,61,0,1,0,57,32,2,0.732745485031046,0,1.07017543859649,0.119047619047619,0.139364303178484,0.276126440796367,0,6.1,9.1
2018,REG+POST,00-0034268,J.Moore,J'Mon Moore,WR,WR,"https://static.www.nfl.com/image/private/f_auto,q_auto/league/x812ydgnxirh4jsanqm9",2,GB,0,0,0,0,0,0,0,0,0,0,0,0,,0,,,0,0,0,0,0,0,,0,2,3,15,0,0,0,19,6,1,-0.487624218745623,0,0.789473684210526,0.0375,0.0253671562082777,0.0740070093457944,0,1.5,3.5
2018,REG+POST,00-0034270,T.Conklin,Tyler Conklin,TE,TE,"https://static.www.nfl.com/image/private/f_auto,q_auto/league/fwuvfpsd7hbtqwlcxtn7",4,MIN,0,0,0,0,0,0,0,0,0,0,0,0,,0,,,0,0,0,0,0,0,,0,5,7,77,0,0,0,59,31,3,4.12036607041955,0,1.30508474576271,0.049645390070922,0.0852601156069364,0.134150166031238,0,7.7,12.7
2018,REG+POST,00-0034272,M.Valdes-Scantling,Marquez Valdes-Scantling,WR,WR,"https://static.www.nfl.com/image/private/f_auto,q_auto/league/zk2f2ivzdssgoaamf57u",15,GB,0,0,0,0,0,0,0,0,0,0,0,0,,0,,,2,29,0,0,0,2,2.37189962761477,0,38,73,581,2,0,0,889,213,23,8.19409325393022,0,0.653543307086614,0.126079447322971,0.172587847019996,0.309930663898453,0,73.0,111.0
2018,REG+POST,00-0034273,D.Ratley,Damion Ratley,WR,WR,"https://static.www.nfl.com/image/private/f_auto,q_auto/league/yafh5dzxcfpwqwrirmdd",5,CLE,0,0,0,0,0,0,0,0,0,0,0,0,,0,,,0,0,0,0,0,0,,0,13,20,144,0,0,0,227,51,5,1.26952128735138,0,0.634361233480176,0.104166666666667,0.132361516034985,0.24890306122449,0,14.4,27.4
2018,REG+POST,00-0034279,E.St. Brown,Equanimeous St. Brown,WR,WR,"https://static.www.nfl.com/image/private/f_auto,q_auto/league/rjtjvrencwsi1xlxnfll",11,GB,0,0,0,0,0,0,0,0,0,0,0,0,,0,,,1,5,0,0,0,0,0.106286253780127,0,21,36,328,0,0,0,505,120,13,10.2668455718471,0,0.64950495049505,0.0863309352517986,0.135643298415257,0.224446711768377,0,33.3,54.3
2018,REG+POST,00-0034286,R.James,Richie James,WR,WR,"https://static.www.nfl.com/image/private/f_auto,q_auto/league/qusoivtzbud2wl0spptz",7,SF,0,0,0,0,0,0,0,0,0,0,0,0,,0,,,0,0,0,0,0,0,,0,9,14,130,1,0,0,56,101,4,-4.70016699560802,0,2.32142857142857,0.0639269406392694,0.0475785896346644,0.129195423703169,1,25.0,34.0
2018,REG+POST,00-0034301,D.Williams,Darrel Williams,RB,RB,"https://static.www.nfl.com/image/private/f_auto,q_auto/league/qloiwle7db59cznhqhub",4,KC,0,0,0,0,0,0,0,0,0,0,0,0,,0,,,16,53,1,0,0,4,2.05004878097679,0,3,3,27,1,0,0,-7,34,1,2.69999934214866,0,-3.85714285714286,0.0365853658536585,-0.0121739130434783,0.046356309650053,0,20.0,23.0
2018,REG+POST,00-0034309,C.Beebe,Chad Beebe,WR,WR,"https://static.www.nfl.com/image/private/f_auto,q_auto/league/dd7cmld2lqxgqnizif4p",2,MIN,0,0,0,0,0,0,0,0,0,0,0,0,,0,,,0,0,0,0,0,0,,0,4,4,39,0,0,0,27,12,3,3.8470143036684,0,1.44444444444444,0.0597014925373134,0.0537848605577689,0.127201641196408,0,3.9,7.9
2018,REG+POST,00-0034317,K.Kirkwood,Keith Kirkwood,WR,WR,"https://static.www.nfl.com/image/private/f_auto,q_auto/league/iedau8bt7wngc8mxfd9h",8,NO,0,0,0,0,0,0,0,0,0,0,0,0,,0,,,0,0,0,0,0,0,,0,15,23,217,3,0,0,296,49,11,14.9877152038971,0,0.733108108108108,0.092,0.143202709240445,0.238241896468312,0,39.7,54.7
2018,REG+POST,00-0034331,J.Samuels,Jaylen Samuels,RB,RB,"https://static.www.nfl.com/image/private/f_auto,q_auto/league/stceem3dtyjhdlqlaqxn",9,PIT,0,0,0,0,0,0,0,0,0,0,0,0,,0,,,56,256,0,0,0,13,-2.53420423396165,0,26,29,199,3,0,0,2,215,10,15.1770720823792,0,99.5,0.0986394557823129,0.0009220839096357,0.148604642410214,0,63.5,89.5
2018,REG+POST,00-0034339,T.Quinn,Trey Quinn,WR,WR,"https://static.www.nfl.com/image/private/f_auto,q_auto/league/ln6e9abuw9gjvaqjwltw",2,WAS,0,0,0,0,0,0,0,0,0,0,0,0,,0,,,1,0,0,0,0,0,-0.571938121458516,0,9,10,75,1,0,0,73,17,5,0.257432613288984,0,1.02739726027397,0.135135135135135,0.0989159891598916,0.271943895114627,0,13.5,22.5
2018,REG+POST,00-0034343,J.Rosen,Josh Rosen,QB,QB,"https://static.www.nfl.com/image/private/f_auto,q_auto/league/nqycxzi8tkcyauk55mj8",14,ARI,217,393,2278,11,14,45,320,7,5,3262,977,112,-151.685711663505,1,0.698344573881055,-0.0180828407593466,23,138,0,3,0,8,3.88255398759364,0,0,0,0,0,0,0,0,0,0,,0,,,,,0,112.92,112.92
2018,REG+POST,00-0034348,C.Sutton,Courtland Sutton,WR,WR,"https://static.www.nfl.com/image/private/f_auto,q_auto/league/uusaguvnkfv2gt7goale",16,DEN,0,0,0,0,0,0,0,0,0,0,0,0,,0,,,1,-1,0,0,0,0,-0.84205629536882,0,42,84,704,4,0,0,1178,163,30,15.6340852299224,0,0.597623089983022,0.148936170212766,0.274720149253731,0.415708359796761,0,94.3,136.3
2018,REG+POST,00-0034349,K.Johnson,Kerryon Johnson,RB,RB,"https://static.www.nfl.com/image/private/f_auto,q_auto/league/tmqxfjwvjlcfacertjqp",10,DET,0,0,0,0,0,0,0,0,0,0,0,0,,0,,,118,641,3,1,1,32,-2.24279495292173,0,32,39,213,1,0,0,-24,267,11,6.50738682206164,0,-8.875,0.10655737704918,-0.0092236740968485,0.153379493705976,0,107.4,139.4
2018,REG+POST,00-0034351,D.Goedert,Dallas Goedert,TE,TE,"https://static.www.nfl.com/image/private/f_auto,q_auto/league/flzasty1ea7iswbtd0e5",15,PHI,0,0,0,0,0,0,0,0,0,0,0,0,,0,,,0,0,0,0,0,0,,0,35,48,354,5,0,0,349,180,17,13.085460201808,0,1.01432664756447,0.0885608856088561,0.0856651939126166,0.192806964152116,0,65.4,100.4
2018,REG+POST,00-0034353,A.Miller,Anthony Miller,WR,WR,"https://static.www.nfl.com/image/private/f_auto,q_auto/league/t7d2vuwwmbpasriplvg6",15,CHI,1,1,8,0,0,0,0,0,0,-6,14,1,1.58132293622475,0,0.0,,6,26,0,1,0,0,0.140340416575782,0,36,59,457,7,0,0,681,177,21,26.296658739311,0,0.671071953010279,0.126881720430108,0.162413546386835,0.304012063115946,0,90.62,126.62
2018,REG+POST,00-0034364,J.Akins,Jordan Akins,TE,TE,"https://static.www.nfl.com/image/private/f_auto,q_auto/league/fgkl9zfpy2yxrkxfge84",14,HOU,0,0,0,0,0,0,0,0,0,0,0,0,,0,,,0,0,0,0,0,0,,0,19,28,233,0,0,0,186,132,12,10.5429684320698,0,1.25268817204301,0.059447983014862,0.0468986384266263,0.122001021420931,0,23.3,42.3
2018,REG+POST,00-0034365,I.Thomas,Ian Thomas,TE,TE,"https://static.www.nfl.com/image/private/f_auto,q_auto/league/zhmboki1lwndau686wlv",10,CAR,0,0,0,0,0,0,0,0,0,0,0,0,,0,,,0,0,0,0,0,0,,0,36,49,333,2,0,0,303,158,20,-1.01919216015779,0,1.0990099009901,0.139204545454545,0.110462996718921,0.286130915885063,0,45.3,81.3
2018,REG+POST,00-0034366,K.Coutee,Keke Coutee,WR,WR,"https://static.www.nfl.com/image/private/f_auto,q_auto/league/b63h388y8kzvntk6tuqx",7,HOU,0,0,0,0,0,0,0,0,0,0,0,0,,0,,,3,0,0,0,0,0,-2.02661232691025,0,39,55,397,2,0,0,269,259,19,9.66202521092517,0,1.47583643122677,0.242290748898678,0.158421672555948,0.474331294137181,0,51.7,90.7
2018,REG+POST,00-0034367,N.Hines,Nyheim Hines,RB,RB,"https://static.www.nfl.com/image/private/f_auto,q_auto/league/lgpfurgix754r54hvas4",17,IND,0,0,0,0,0,0,0,0,0,0,0,0,,0,,,88,338,2,1,0,18,-11.6340151257343,0,63,81,425,2,0,0,167,349,29,0.73361505781103,0,2.54491017964072,0.127760252365931,0.0347265543772094,0.215948966612943,0,100.3,163.3
2018,REG+POST,00-0034369,K.Lauletta,Kyle Lauletta,QB,QB,"https://static.www.nfl.com/image/private/f_auto,q_auto/league/pp8tdknrv8r1cmq1rgkf",1,NYG,0,5,0,0,1,0,0,0,0,76,0,0,-6.70542445906904,0,0.0,-0.198197547213406,1,-2,0,0,0,0,-1.81398891989375,0,0,0,0,0,0,0,0,0,0,,0,,,,,0,-2.2,-2.2
2018,REG+POST,00-0034370,D.Hamilton,DaeSean Hamilton,WR,WR,"https://static.www.nfl.com/image/private/f_auto,q_auto/league/thfspx6c8befeosbsj1b",8,DEN,0,0,0,0,0,0,0,0,0,0,0,0,,0,,,0,0,0,0,0,0,,0,30,46,243,2,0,0,397,67,16,6.31809890555451,0,0.612090680100756,0.146031746031746,0.174199210179903,0.340987066173551,0,36.3,66.3
2018,REG+POST,00-0034378,I.Smith,Ito Smith,RB,RB,"https://static.www.nfl.com/image/private/f_auto,q_auto/league/dh6fxo1jdenrkgcwdpib",13,ATL,0,0,0,0,0,0,0,0,0,0,0,0,,0,,,90,315,4,1,0,18,-16.0366029524303,0,27,32,152,0,0,0,-8,160,9,6.20306399396532,0,-19.0,0.0645161290322581,-0.0020947892118355,0.0953078411001022,0,70.7,97.7
2018,REG+POST,00-0034383,D.Schultz,Dalton Schultz,TE,TE,"https://static.www.nfl.com/image/private/f_auto,q_auto/league/lhplapyya8pp3yyz8bht",8,DAL,0,0,0,0,0,0,0,0,0,0,0,0,,0,,,0,0,0,0,0,0,,0,13,19,136,0,0,0,100,74,7,4.0737395461183,0,1.36,0.0646258503401361,0.0437636761487965,0.127573348814362,0,13.6,26.6
2018,REG+POST,00-0034386,J.Watson,Justin Watson,WR,WR,"https://static.www.nfl.com/image/private/f_auto,q_auto/league/vr9tayyujt23takv3hv3",3,TB,0,0,0,0,0,0,0,0,0,0,0,0,,0,,,0,0,0,0,0,0,,0,1,3,5,0,0,0,15,0,0,-1.89102562982589,0,0.333333333333333,0.0267857142857143,0.0122149837133551,0.04872906002792,0,0.5,1.5
2018,REG+POST,00-0034389,D.Cruikshank,Dane Cruikshank,SS,DB,"https://static.www.nfl.com/image/private/f_auto,q_auto/league/lnq0ypzkle8qqwbtbqr3",1,TEN,0,0,0,0,0,0,0,0,0,0,0,0,,0,,,0,0,0,0,0,0,,0,1,1,66,1,0,0,17,49,1,7.64647103147581,0,3.88235294117647,0.0476190476190476,0.139344262295082,0.168969555035129,0,12.6,13.6
2018,REG+POST,00-0034400,J.Wilkins,Jordan Wilkins,RB,RB,"https://static.www.nfl.com/image/private/f_auto,q_auto/league/ltz7ffp0fnywwhcm2d3z",15,IND,0,0,0,0,0,0,0,0,0,0,0,0,,0,,,62,345,1,0,0,15,4.4960760001926,0,16,18,85,0,2,2,-24,105,2,-11.7892388679927,0,-3.54166666666667,0.0398230088495575,-0.0092521202775636,0.0532580290800418,0,45.0,61.0
2018,REG+POST,00-0034407,R.McCloud,Ray-Ray McCloud,WR,WR,"https://static.www.nfl.com/image/upload/f_auto,q_auto/league/k3ykgsntuqdb0nl4grxk",7,BUF,0,0,0,0,0,0,0,0,0,0,0,0,,0,,,2,4,0,0,0,0,-0.988204714434687,0,5,6,36,0,0,0,13,28,2,-0.571500487974845,0,2.76923076923077,0.032967032967033,0.0096082779009608,0.056176343981222,0,4.0,9.0
2018,REG+POST,00-0034411,R.Gage,Russell Gage,WR,WR,"https://static.www.nfl.com/image/private/f_auto,q_auto/league/lkqhshv0dss1b9c6mdnj",5,ATL,0,0,0,0,0,0,0,0,0,0,0,0,,0,,,0,0,0,0,0,0,,0,6,10,63,0,0,0,105,19,2,3.91392369789537,0,0.6,0.0578034682080925,0.0648148148148148,0.132075572682509,0,6.3,12.3
2018,REG+POST,00-0034420,J.Thomas,Jordan Thomas,TE,TE,"https://static.www.nfl.com/image/private/f_auto,q_auto/league/lhqymyl9yfmt9gfqb0ro",14,HOU,0,0,0,0,0,0,0,0,0,0,0,0,,0,,,0,0,0,0,0,0,,0,20,27,215,4,0,0,162,95,12,15.3326716418443,0,1.32716049382716,0.0630841121495327,0.0436304874764342,0.125167509457803,0,45.5,65.5
2018,REG+POST,00-0034426,J.Wims,Javon Wims,WR,WR,"https://static.www.nfl.com/image/private/f_auto,q_auto/league/yz9qgdgesqc9nbkv832p",2,CHI,0,0,0,0,0,0,0,0,0,0,0,0,,0,,,0,0,0,0,0,0,,0,4,5,32,0,0,0,34,2,2,2.233539526409,0,0.941176470588235,0.0961538461538462,0.0675944333996024,0.191546872610491,0,3.2,7.2
2018,REG+POST,00-0034427,Da.Williams,Dave Williams,RB,RB,"https://static.www.nfl.com/image/private/f_auto,q_auto/league/ljq6ab6ehmjwvcq2knbv",3,JAX,0,0,0,0,0,0,0,0,0,0,0,0,,0,,,8,36,0,0,0,3,-0.514118921128102,0,0,0,0,0,0,0,0,0,0,,0,,,,,0,3.6,3.6
2018,REG+POST,00-0034437,L.Cooke,Logan Cooke,P,SPEC,"https://static.www.nfl.com/image/private/f_auto,q_auto/league/astihomof3sdg2cxocfx",1,JAX,1,1,4,0,0,0,0,0,0,-4,8,1,2.74486949911807,0,0.0,,0,0,0,0,0,0,,0,0,0,0,0,0,0,0,0,0,,0,,,,,0,0.16,0.16
2018,REG+POST,00-0034440,J.Jackson,Justin Jackson,RB,RB,"https://static.www.nfl.com/image/private/f_auto,q_auto/league/n7pvb1trbn9rtttlw7df",10,LAC,0,0,0,0,0,0,0,0,0,0,0,0,,0,,,53,215,2,0,0,14,-3.83547138705035,0,18,23,157,0,0,0,-30,181,6,5.70961060352255,0,-5.23333333333333,0.0991379310344828,-0.0147058823529412,0.138412778904665,0,49.2,67.2
2018,REG+POST,00-0034457,J.Adams,Josh Adams,RB,RB,"https://static.www.nfl.com/image/private/f_auto,q_auto/league/ppc3a6qvlxjxmkwxbphn",13,PHI,0,0,0,0,0,0,0,0,0,0,0,0,,0,,,121,513,3,1,1,23,-23.9809507801549,1,7,13,58,0,0,0,-9,65,3,-1.30760722281411,0,-6.44444444444445,0.0634146341463415,-0.0085470085470085,0.0891390452366062,0,75.1,82.1
2018,REG+POST,00-0034473,D.Gardeck,Dennis Gardeck,OLB,LB,"https://static.www.nfl.com/image/private/f_auto,q_auto/league/apa15w67lwuxt4ucnqhc",1,ARI,0,0,0,0,0,0,0,0,0,0,0,0,,0,,,0,0,0,0,0,0,,0,0,0,0,0,0,0,0,0,0,,0,,,,,1,6.0,6.0
2018,REG+POST,00-0034487,T.Sherfield,Trent Sherfield,WR,WR,"https://static.www.nfl.com/image/private/f_auto,q_auto/league/tbs4dvo8vdagznshsw7l",7,ARI,0,0,0,0,0,0,0,0,0,0,0,0,,0,,,0,0,0,0,0,0,,0,19,28,210,1,0,0,315,38,11,5.98865179452318,0,0.666666666666667,0.14,0.18,0.336,0,27.0,46.0
2018,REG+POST,00-0034489,J.Tolliver,Jalen Tolliver,WR,WR,"https://static.www.nfl.com/image/private/f_auto,q_auto/league/eghpk65s1q2vczdf9gry",3,ARI,0,0,0,0,0,0,0,0,0,0,0,0,,0,,,0,0,0,0,0,0,,0,3,6,37,0,0,0,83,14,3,-0.453580752538983,0,0.445783132530121,0.0560747663551402,0.0934684684684685,0.149540077460638,0,3.7,6.7
2018,REG+POST,00-0034499,J.Davis,Jawill Davis,WR,WR,"https://static.www.nfl.com/image/private/f_auto,q_auto/league/ovxnuaqurfd2nccer8is",3,NYG,0,0,0,0,0,0,0,0,0,0,0,0,,0,,,0,0,0,0,0,0,,0,4,8,40,0,0,0,127,4,3,1.09695875108605,0,0.31496062992126,0.0645161290322581,0.12426614481409,0.18376049491825,0,4.0,8.0
2018,REG+POST,00-0034509,K.Ford,Keith Ford,RB,RB,"https://static.www.nfl.com/image/private/f_auto,q_auto/league/tagamx47ebjwvjjk9zuw",2,BUF,0,0,0,0,0,0,0,0,0,0,0,0,,0,,,21,79,0,0,0,4,-2.32869390264386,0,3,5,21,0,0,0,-9,22,1,0.0024783218977972,0,-2.33333333333333,0.0793650793650794,-0.0106257378984652,0.111609602518693,0,10.0,13.0
2018,REG+POST,00-0034510,R.Foster,Robert Foster,WR,WR,"https://static.www.nfl.com/image/private/f_auto,q_auto/league/fmcyiy4oxx9soub8zbui",11,BUF,0,0,0,0,0,0,0,0,0,0,0,0,,0,,,0,0,0,0,0,0,,0,27,44,541,3,0,0,906,167,20,36.3786863288242,0,0.597130242825607,0.141025641025641,0.259450171821306,0.393153581813376,0,72.1,99.1
2018,REG+POST,00-0034512,C.Phillips,Cam Phillips,WR,WR,"https://static.www.nfl.com/image/private/f_auto,q_auto/league/bcflijys3gae61fdmfv2",1,BUF,0,0,0,0,0,0,0,0,0,0,0,0,,0,,,0,0,0,0,0,0,,0,1,1,9,0,0,0,2,7,0,0.351852047955617,0,4.5,0.025,0.0048192771084337,0.0408734939759036,0,0.9,1.9
2018,REG+POST,00-0034521,A.Lazard,Allen Lazard,WR,WR,"https://static.www.nfl.com/image/private/f_auto,q_auto/league/blrzk3bfnpneuyhsqiqg",1,GB,0,0,0,0,0,0,0,0,0,0,0,0,,0,,,0,0,0,0,0,0,,0,1,1,7,0,0,0,7,0,0,0.325885926838964,0,1.0,0.0277777777777778,0.0184696569920844,0.0545954265611258,0,0.7,1.7
2018,REG+POST,00-0034532,J.Franks,Jordan Franks,TE,TE,"https://static.www.nfl.com/image/private/f_auto,q_auto/league/xlsa8rdfaysafmfyjy7m",3,CIN,0,0,0,0,0,0,0,0,0,0,0,0,,0,,,0,0,0,0,0,0,,0,2,3,37,0,0,0,46,14,1,-2.04143729014322,0,0.804347826086957,0.0288461538461538,0.0914512922465209,0.107285135341795,0,3.7,5.7
2018,REG+POST,00-0034560,J.Jones,J.J. Jones,WR,WR,"https://static.www.nfl.com/image/private/f_auto,q_auto/league/uvfhpfx8uvtyj50b8lpy",2,NYJ,0,0,0,0,0,0,0,0,0,0,0,0,,0,,,1,0,0,0,0,0,-0.752660874277353,0,1,1,3,0,0,0,2,1,0,-0.623894653865136,0,1.5,0.0357142857142857,0.0065359477124183,0.0581465919701214,0,0.3,1.3
2018,REG+POST,00-0034565,D.Newsome,Detrez Newsome,RB,RB,"https://static.www.nfl.com/image/private/f_auto,q_auto/league/nxw9d9uxbh2qsyle689j",3,LAC,0,0,0,0,0,0,0,0,0,0,0,0,,0,,,11,49,0,0,0,3,1.20603345270501,0,2,2,19,0,0,0,0,19,2,1.55853448819835,0,0.0,0.0526315789473684,,,0,6.8,8.8
2018,REG+POST,00-0034577,K.Allen,Kyle Allen,QB,QB,"https://static.www.nfl.com/image/private/f_auto,q_auto/league/rvf9rnbqajlniortukeq",2,CAR,20,31,266,2,0,0,0,0,0,243,92,11,13.0936192231719,0,1.09465020576132,0.251494113323967,5,19,1,0,0,2,1.64399372815387,0,0,0,0,0,0,0,0,0,0,,0,,,,,0,26.54,26.54
2018,REG+POST,00-0034593,C.Lacy,Chris Lacy,WR,WR,"https://static.www.nfl.com/image/private/f_auto,q_auto/league/aopxp9h0dbs4beiar23d",1,DET,0,0,0,0,0,0,0,0,0,0,0,0,,0,,,0,0,0,0,0,0,,0,0,1,0,0,0,0,9,0,0,-0.495241051656194,0,0.0,0.0303030303030303,0.0422535211267606,0.0750320102432779,0,0.0,0.0
2018,REG+POST,00-0034621,S.Wilson,Shaun Wilson,RB,RB,"https://static.www.nfl.com/image/private/f_auto,q_auto/league/i623ykztphsbp6cnw5b3",5,TB,0,0,0,0,0,0,0,0,0,0,0,0,,0,,,6,29,0,0,0,0,-0.281086342874914,0,3,5,5,0,0,0,24,5,0,-8.19556235778146,0,0.208333333333333,0.054945054945055,0.0243161094224924,0.0994388590133271,0,3.4,6.4
2018,REG+POST,00-0034631,V.Smith,Vyncint Smith,WR,WR,"https://static.www.nfl.com/image/private/f_auto,q_auto/league/jjwvixdxj0lapvuqwbz9",5,HOU,0,0,0,0,0,0,0,0,0,0,0,0,,0,,,0,0,0,0,0,0,,0,5,12,91,1,0,0,266,6,3,-0.568602113955421,0,0.342105263157895,0.0618556701030928,0.148936170212766,0.197038824303575,0,15.1,20.1
2018,REG+POST,00-0034646,B.Powell,Brandon Powell,WR,WR,"https://static.www.nfl.com/image/private/f_auto,q_auto/league/cqtogvopabvi3gcuaosi",4,DET,0,0,0,0,0,0,0,0,0,0,0,0,,0,,,1,4,0,0,0,0,0.0214007119648159,0,11,17,129,0,0,0,57,115,6,3.84568886501853,0,2.26315789473684,0.117241379310345,0.0533707865168539,0.213221619527315,0,13.3,24.3
2018,REG+POST,00-0034652,C.Batson,Cameron Batson,WR,WR,"https://static.www.nfl.com/image/private/f_auto,q_auto/league/pow47zamr7jdcca5ibsl",6,TEN,0,0,0,0,0,0,0,0,0,0,0,0,,0,,,1,1,0,0,0,1,-0.166837275028229,0,8,11,82,0,0,0,73,54,5,-1.95068209909368,0,1.12328767123288,0.0654761904761905,0.0920554854981084,0.162653125562962,0,8.3,16.3
2018,REG+POST,00-0034653,D.Burnett,Deontay Burnett,WR,WR,"https://static.www.nfl.com/image/private/f_auto,q_auto/league/iyteeepnw4u0hssvjzxe",5,NYJ,0,0,0,0,0,0,0,0,0,0,0,0,,0,,,0,0,0,0,0,0,,0,10,15,143,0,0,0,162,25,7,6.02926789934281,0,0.882716049382716,0.0898203592814371,0.0959715639810427,0.201910633708886,0,14.3,24.3
2018,REG+POST,00-0034676,J.Washington,James Washington,WR,WR,"https://static.www.nfl.com/image/private/f_auto,q_auto/league/z5svt5lojqlibpxitvty",12,PIT,0,0,0,0,0,0,0,0,0,0,0,0,,0,,,0,0,0,0,0,0,,0,16,38,217,1,0,0,640,53,10,2.99147429496928,0,0.3390625,0.0716981132075472,0.157286802654215,0.217647931669271,0,27.7,43.7
2018,REG+POST,00-0034679,M.Walton,Mark Walton,HB,RB,"https://static.www.nfl.com/image/private/f_auto,q_auto/league/bagm3hmxx07fqbe2xumb",6,CIN,0,0,0,0,0,0,0,0,0,0,0,0,,0,,,14,34,0,0,0,5,-5.59314677864313,0,5,8,41,0,0,0,-11,48,1,1.72965942439623,0,-3.72727272727273,0.0776699029126214,-0.0130641330166271,0.107359961257293,0,7.5,12.5
2018,REG+POST,00-0034681,C.Edmonds,Chase Edmonds,RB,RB,"https://static.www.nfl.com/image/private/f_auto,q_auto/league/y0u4btecdge4tsun4p2h",16,ARI,0,0,0,0,0,0,0,0,0,0,0,0,,0,,,60,208,2,1,0,14,-6.44641947656055,0,20,23,103,0,0,0,-11,121,5,-4.00502697716001,0,-9.36363636363636,0.0827338129496403,-0.0047598442232799,0.120768828468164,0,43.1,63.1
2018,REG+POST,00-0034684,J.Townsend,Johnny Townsend,P,SPEC,"https://static.www.nfl.com/image/private/f_auto,q_auto/league/pezzfoj9b38mi0irh4e0",1,LV,0,0,0,0,0,0,0,0,0,0,0,0,,0,,,1,42,0,0,0,1,5.2464910276467,0,0,0,0,0,0,0,0,0,0,,0,,,,,0,4.2,4.2
2018,REG+POST,00-0034686,A.Tate,Auden Tate,WR,WR,"https://static.www.nfl.com/image/private/f_auto,q_auto/league/gp64utjveglpbit53u3t",4,CIN,0,0,0,0,0,0,0,0,0,0,0,0,,0,,,0,0,0,0,0,0,,0,4,12,35,0,0,0,122,2,2,-6.88572828308679,0,0.286885245901639,0.0952380952380952,0.107205623901582,0.21790107958825,0,3.5,7.5
2018,REG+POST,00-0034710,D.Kidsy,Darvin Kidsy,WR,WR,"https://static.www.nfl.com/image/private/f_auto,q_auto/league/grfutadlsiyk3c8n7u8y",1,WAS,0,0,0,0,0,0,0,0,0,0,0,0,,0,,,0,0,0,0,0,0,,0,1,2,8,0,0,0,18,2,1,1.99395884235855,0,0.444444444444444,0.0740740740740741,0.0681818181818182,0.158838383838384,0,0.8,1.8
2018,REG+POST,00-0034721,C.Bojorquez,Corey Bojorquez,P,SPEC,"https://static.www.nfl.com/image/private/f_auto,q_auto/league/eiuli9dmspe6d4cwwa00",2,BUF,0,1,0,0,0,0,0,0,0,-8,0,0,-2.96383269835496,0,0.0,,1,0,0,1,0,0,-4.05668431863887,0,0,0,0,0,0,0,0,0,0,,0,,,,,0,0.0,0.0
2018,REG+POST,00-0034747,M.Ateman,Marcell Ateman,WR,WR,"https://static.www.nfl.com/image/private/f_auto,q_auto/league/q5cbbfy8hxkcx7jwb7ve",6,LV,0,0,0,0,0,0,0,0,0,0,0,0,,0,,,0,0,0,0,0,0,,0,15,31,154,1,0,0,339,31,7,-1.63327763405222,0,0.454277286135693,0.158974358974359,0.207339449541284,0.383599153140438,0,21.4,36.4
2018,REG+POST,00-0034750,R.Penny,Rashaad Penny,RB,RB,"https://static.www.nfl.com/image/private/f_auto,q_auto/league/mwvzwst6cfcwifblqtsj",13,SEA,0,0,0,0,0,0,0,0,0,0,0,0,,0,,,89,448,2,0,0,20,-2.29313813109184,0,9,12,75,0,0,0,6,73,3,-7.34244807233336,0,12.5,0.0952380952380952,0.0055350553505535,0.14673168160253,0,64.3,73.3
2018,REG+POST,00-0034751,J.Jackson,Josh Jackson,CB,DB,"https://static.www.nfl.com/image/private/f_auto,q_auto/league/cdhgtve6ofjjbjqxzmfl",1,GB,0,0,0,0,0,0,0,0,0,0,0,0,,0,,,0,0,0,0,0,0,,0,0,0,0,0,0,0,0,0,0,,0,,,,,1,6.0,6.0
2018,REG+POST,00-0034753,M.Andrews,Mark Andrews,TE,TE,"https://static.www.nfl.com/image/private/f_auto,q_auto/league/cv7h66mkpoalli9wfdqp",17,BAL,0,0,0,0,0,0,0,0,0,0,0,0,,0,,,0,0,0,0,0,0,,0,37,57,583,3,0,0,588,203,29,36.5770046924881,0,0.991496598639456,0.100884955752212,0.117788461538462,0.233779356705242,0,76.3,113.3
2018,REG+POST,00-0034764,M.Gallup,Michael Gallup,WR,WR,"https://static.www.nfl.com/image/private/f_auto,q_auto/league/tt9xpcg4x2z3osc1fcq6",17,DAL,0,0,0,0,0,0,0,0,0,0,0,0,,0,,,0,0,0,0,0,0,,0,41,83,644,3,0,0,1152,202,26,12.7373988474588,1,0.559027777777778,0.152854511970534,0.281387396189546,0.426252945288483,0,84.4,125.4
2018,REG+POST,00-0034765,T.Smith,Tre'Quan Smith,WR,WR,"https://static.www.nfl.com/image/private/f_auto,q_auto/league/w0fqbjft1n3akkw7o6jc",15,NO,0,0,0,0,0,0,0,0,0,0,0,0,,0,,,1,5,0,0,0,0,0.0339755357708782,0,30,48,452,5,0,0,574,118,25,21.8966060963576,0,0.787456445993031,0.098159509202454,0.157605711147721,0.257563261607086,0,75.7,105.7
2018,REG+POST,00-0034766,C.Herndon,Christopher Herndon,TE,TE,"https://static.www.nfl.com/image/private/f_auto,q_auto/league/orypxaqv1ux3nbqssqqx",14,NYJ,0,0,0,0,0,0,0,0,0,0,0,0,,0,,,0,0,0,0,0,0,,0,39,56,502,4,1,0,596,177,25,13.9466511823703,0,0.842281879194631,0.120950323974082,0.142277393172595,0.28101966118194,0,74.2,113.2
2018,REG+POST,00-0034772,A.Callaway,Antonio Callaway,WR,WR,"https://static.www.nfl.com/image/private/f_auto,q_auto/league/qebxtrpadsvtqkgvfy2u",16,CLE,0,0,0,0,0,0,0,0,0,0,0,0,,0,,,2,7,0,0,0,1,-0.319568046485074,0,43,79,586,5,1,1,1093,236,27,-13.0313749278062,1,0.536139066788655,0.141831238779174,0.205296769346356,0.356454596711211,0,89.3,132.3
2018,REG+POST,00-0034775,C.Kirk,Christian Kirk,WR,WR,"https://static.www.nfl.com/image/private/f_auto,q_auto/league/ersmmtjmjlpsy9lmjvde",12,ARI,0,0,0,0,0,0,0,0,0,0,0,0,,0,,,3,35,0,0,0,2,2.57381007005461,0,43,68,590,3,0,0,654,225,21,10.163901698601,0,0.902140672782875,0.204204204204204,0.250863060989643,0.481910448999057,0,80.5,123.5
2018,REG+POST,00-0034777,D.Chark,D.J. Chark,WR,WR,"https://static.www.nfl.com/image/private/f_auto,q_auto/league/bn5lxiv1cyyidlhkth84",10,JAX,0,0,0,0,0,0,0,0,0,0,0,0,,0,,,0,0,0,0,0,0,,0,14,32,174,0,1,1,314,45,6,-12.559183318275,0,0.554140127388535,0.0869565217391304,0.130942452043369,0.222094499039054,0,15.4,29.4
2018,REG+POST,00-0034791,N.Chubb,Nick Chubb,RB,RB,"https://static.www.nfl.com/image/private/f_auto,q_auto/league/a8ib0haur75wrhqrbtyo",16,CLE,0,0,0,0,0,0,0,0,0,0,0,0,,0,,,192,996,8,0,0,47,1.8532035604876,0,20,29,149,2,0,0,42,181,5,2.02685286785709,0,3.54761904761905,0.0783783783783784,0.0136852394916911,0.127147235211751,0,174.5,194.5
2018,REG+POST,00-0034796,L.Jackson,Lamar Jackson,QB,QB,"https://static.www.nfl.com/image/private/f_auto,q_auto/league/wj1fwvvkjaqztm56ybzu",17,BAL,113,199,1395,8,4,23,126,4,3,1725,605,67,-12.5723724540181,0,0.808695652173913,0.0198941978181799,156,749,5,11,2,49,1.19648801737944,0,0,2,0,0,0,0,-2,0,0,-0.888609620393254,0,0.0,0.0266666666666667,-0.0030581039755351,0.0378593272171254,0,174.7,174.7
2018,REG+POST,00-0034798,D.Smythe,Durham Smythe,TE,TE,"https://static.www.nfl.com/image/private/f_auto,q_auto/league/bymp1mbuhxq4vbrwnof7",6,MIA,0,0,0,0,0,0,0,0,0,0,0,0,,0,,,0,0,0,0,0,0,,0,6,11,50,0,0,0,47,7,2,-7.37170827237424,0,1.06382978723404,0.0662650602409639,0.0375099760574621,0.125654573601669,0,5.0,11.0
2018,REG+POST,00-0034799,K.Ballage,Kalen Ballage,RB,RB,"https://static.www.nfl.com/image/private/f_auto,q_auto/league/zxxklmhekefz5gaaxqi0",10,MIA,0,0,0,0,0,0,0,0,0,0,0,0,,0,,,36,191,1,1,1,10,-7.01134105224628,0,9,11,56,0,0,0,-14,76,2,-9.14444853150053,0,-4.0,0.0705128205128205,-0.0166666666666667,0.0941025641025641,0,28.7,37.7
2018,REG+POST,00-0034808,J.Kelly,John Kelly,RB,RB,"https://static.www.nfl.com/image/private/f_auto,q_auto/league/vqih30rje8wvdeado2m9",3,LA,0,0,0,0,0,0,0,0,0,0,0,0,,0,,,27,74,0,0,0,6,-8.82944610877894,0,2,3,27,0,0,0,-6,27,1,2.25099248132644,0,-4.5,0.06,-0.0145985401459854,0.0797810218978102,0,10.1,12.1
2018,REG+POST,00-0034816,R.Jones,Ronald Jones,RB,RB,"https://static.www.nfl.com/image/private/f_auto,q_auto/league/juku3wy4sv0xwobxw7xp",6,TB,0,0,0,0,0,0,0,0,0,0,0,0,,0,,,23,44,1,0,0,2,-7.24851443531225,0,7,9,33,0,0,0,-14,42,2,-2.50034128746483,0,-2.35714285714286,0.0439024390243902,-0.0077262693156732,0.0604452700156141,0,13.7,20.7
2018,REG+POST,00-0034827,D.Moore,D.J. Moore,WR,WR,"https://static.www.nfl.com/image/private/f_auto,q_auto/league/fuhd1intilojmnbx7wjq",16,CAR,0,0,0,0,0,0,0,0,0,0,0,0,,0,,,13,172,0,2,1,6,4.12740297490382,0,55,82,788,2,1,1,737,421,33,16.5201841135804,0,1.06919945725916,0.157996146435453,0.187293519695044,0.36809968343971,0,104.0,159.0
2018,REG+POST,00-0034829,M.Gesicki,Mike Gesicki,TE,TE,"https://static.www.nfl.com/image/private/f_auto,q_auto/league/mpichyoi6vdnhb7qte6c",14,MIA,0,0,0,0,0,0,0,0,0,0,0,0,,0,,,0,0,0,0,0,0,,0,22,32,202,0,1,1,275,96,9,-7.79800912280452,0,0.734545454545455,0.0824742268041237,0.094017094017094,0.189523306018151,0,18.2,40.2
2018,REG+POST,00-0034830,H.Hurst,Hayden Hurst,TE,TE,"https://static.www.nfl.com/image/private/f_auto,q_auto/league/evevkgcgy0suudtprryp",10,BAL,0,0,0,0,0,0,0,0,0,0,0,0,,0,,,1,0,0,0,0,0,-0.58956833044067,0,13,24,163,1,0,0,177,74,8,2.7687775408267,0,0.92090395480226,0.0731707317073171,0.0633273703041145,0.154085256773856,0,22.3,35.3
2018,REG+POST,00-0034834,S.Hubbard,Sam Hubbard,DE,DL,"https://static.www.nfl.com/image/private/f_auto,q_auto/league/fedpaaymkmox3miypjkl",1,CIN,0,0,0,0,0,0,0,0,0,0,0,0,,0,,,0,0,0,0,0,0,,0,0,1,0,0,0,0,1,0,0,-1.10708786046598,0,0.0,0.0303030303030303,0.0029498525073746,0.0475194422097077,0,0.0,0.0
2018,REG+POST,00-0034837,C.Ridley,Calvin Ridley,WR,WR,"https://static.www.nfl.com/image/private/f_auto,q_auto/league/jnknuowszoqaywqoopy7",16,ATL,0,0,0,0,0,0,0,0,0,0,0,0,,0,,,6,27,0,0,0,1,0.0188448283006437,0,64,92,821,10,2,1,936,364,39,35.4962222484324,0,0.877136752136752,0.152317880794702,0.179827089337176,0.354355783728076,0,142.8,206.8
2018,REG+POST,00-0034838,R.Freeman,Royce Freeman,RB,RB,"https://static.www.nfl.com/image/private/f_auto,q_auto/league/omv74ajxzfk50f5te1mp",14,DEN,0,0,0,0,0,0,0,0,0,0,0,0,,0,,,130,521,5,1,1,30,-17.874866328606,0,14,20,72,0,0,0,15,59,2,-1.71007908909814,0,4.8,0.0632911392405063,0.0111940298507463,0.102772529756282,0,87.3,101.3
2018,REG+POST,00-0034844,S.Barkley,Saquon Barkley,RB,RB,"https://static.www.nfl.com/image/private/f_auto,q_auto/league/o8tlhps5u1tvnaaxlpjk",16,NYG,0,0,0,0,0,0,0,0,0,0,0,0,,0,,,261,1307,11,0,0,50,-7.96142558177674,1,91,121,721,4,0,0,18,768,30,2.56630017767486,0,40.0555555555556,0.210801393728223,0.0041860465116279,0.319132323150474,0,294.8,385.8
2018,REG+POST,00-0034845,S.Michel,Sony Michel,RB,RB,"https://static.www.nfl.com/image/private/f_auto,q_auto/league/eydtwcqcaegkuwivq0ln",16,NE,0,0,0,0,0,0,0,0,0,0,0,0,,0,,,280,1267,12,1,1,73,5.50440165525254,0,8,14,59,0,0,0,5,60,3,-1.94322606944479,0,11.8,0.0445859872611465,0.0029868578255675,0.068969781369617,0,202.6,210.6
2018,REG+POST,00-0034854,K.Hodge,KhaDarel Hodge,WR,WR,"https://static.www.nfl.com/image/private/f_auto,q_auto/league/rx0oqq7r3hwwdliira2q",3,LA,0,0,0,0,0,0,0,0,0,0,0,0,,0,,,0,0,0,0,0,0,,0,2,3,17,0,0,0,24,0,1,-2.00503130687866,0,0.708333333333333,0.0232558139534884,0.0224089635854342,0.0505699954400365,0,1.7,3.7
2018,REG+POST,00-0034855,B.Mayfield,Baker Mayfield,QB,QB,"https://static.www.nfl.com/image/private/f_auto,q_auto/league/haglbmidyaxtimhctzlp",14,CLE,310,486,3725,27,14,25,173,4,2,4515,1696,171,37.9370415717961,1,0.825027685492802,0.0893374301908795,39,131,0,3,1,8,-9.44647408954916,0,0,1,0,0,0,0,12,0,0,-6.4183683572337,1,0.0,0.0476190476190476,0.0731707317073171,0.122648083623693,0,240.1,240.1
2018,REG+POST,00-0034857,J.Allen,Josh Allen,QB,QB,"https://static.www.nfl.com/image/private/f_auto,q_auto/league/ghmmndgjefpxziks7ntf",12,BUF,168,319,2044,10,12,28,213,3,1,3509,913,88,-40.5653574253621,1,0.582502137361072,0.0123249330917235,89,631,8,5,1,41,33.8201048815617,0,0,1,0,0,0,0,13,0,0,-1.47405634936014,0,0.0,0.0285714285714286,0.0436241610738255,0.0733940556088207,0,206.86,206.86
2018,REG+POST,00-0034860,D.Pettis,Dante Pettis,WR,WR,"https://static.www.nfl.com/image/private/f_auto,q_auto/league/j35nhxhisutf6pz38fzs",9,SF,0,0,0,0,0,0,0,0,0,0,0,0,,0,,,1,-2,0,0,0,0,-1.17987308138981,0,27,45,467,5,0,0,501,205,19,17.5394783668226,0,0.932135728542914,0.155172413793103,0.219448094612352,0.386372286918302,0,76.5,103.5
2018,REG+POST,00-0034867,M.Turner,Malik Turner,WR,WR,"https://static.www.nfl.com/image/private/f_auto,q_auto/league/r7wv14bgrb5ohjmqsf9p",2,SEA,0,0,0,0,0,0,0,0,0,0,0,0,,0,,,0,0,0,0,0,0,,0,2,3,20,0,0,0,11,14,1,0.918752357363701,0,1.81818181818182,0.0666666666666667,0.0242290748898678,0.116960352422908,0,2.0,4.0
2018,REG+POST,00-0034869,S.Darnold,Sam Darnold,QB,QB,"https://static.www.nfl.com/image/private/f_auto,q_auto/league/whfsdoeusfuts9t4m6ex",13,NYJ,239,414,2865,17,15,30,204,1,1,3832,1278,130,-13.1706097322535,0,0.747651356993737,0.0263984491285245,43,135,1,4,1,16,-5.92858193106189,0,0,0,0,0,0,0,0,0,0,,0,,,,,0,168.1,168.1
2019,REG,00-0019596,T.Brady,Tom Brady,QB,QB,"https://static.www.nfl.com/image/private/f_auto,q_auto/league/q7dpdlxyu5rs05rgh1le",16,NE,373,613,4057,24,8,27,185,3,1,4613,1863,193,31.4955369338694,1,0.879471060047691,0.0754984394484891,26,34,3,0,0,8,0.831918980564401,0,0,0,0,0,0,0,0,0,0,,0,,,,,0,263.68,263.68
2019,REG,00-0020531,D.Brees,Drew Brees,QB,QB,"https://static.www.nfl.com/image/private/f_auto,q_auto/league/i20xlpzdmn7xubotijjd",11,NO,281,378,2979,27,4,12,89,0,0,2425,1495,159,93.7955773841471,0,1.22845360824742,0.167597983792256,9,-4,1,0,0,2,2.23256184102502,0,0,0,0,0,0,0,0,0,0,,0,,,,,0,224.76,224.76
2019,REG,00-0021206,J.McCown,Josh McCown,QB,QB,"https://static.www.nfl.com/image/private/f_auto,q_auto/league/qcauc37wqjdaxdbq1evu",2,PHI,3,5,24,0,0,0,0,0,0,22,15,2,1.12892975431168,0,1.09090909090909,0.0429603230956928,2,-2,0,0,0,0,0.0,0,0,0,0,0,0,0,0,0,0,,0,,,,,0,0.76,0.76
2019,REG,00-0022127,J.Witten,Jason Witten,TE,TE,"https://static.www.nfl.com/image/private/f_auto,q_auto/league/r7uafhtwuexuaty0nhsc",16,DAL,0,0,0,0,0,0,0,0,0,0,0,0,,0,,,0,0,0,0,0,0,,0,63,83,529,4,1,1,546,162,27,19.241698911857,1,0.968864468864469,0.144097222222222,0.101998879133196,0.287545048726571,0,76.9,139.9
2019,REG,00-0022787,M.Schaub,Matt Schaub,QB,QB,"https://static.www.nfl.com/image/private/f_auto,q_auto/league/mj2kh2nddxnw04ludcx0",5,ATL,50,67,580,3,1,2,19,1,1,488,266,30,25.7770065700703,1,1.18852459016393,0.230382811706293,3,-3,0,0,0,0,-3.30602060747333,0,0,0,0,0,0,0,0,0,0,,0,,,,,0,32.9,32.9
2019,REG,00-0022803,E.Manning,Eli Manning,QB,QB,"https://static.www.nfl.com/image/private/f_auto,q_auto/league/w51tf8uedjftbr4qpaex",4,NYG,91,147,1042,6,5,5,44,2,1,1199,417,47,-6.98030983419195,0,0.869057547956631,0.0198113113221292,4,7,0,1,0,1,-0.764281581679825,0,0,0,0,0,0,0,0,0,0,,0,,,,,0,54.38,54.38
2019,REG,00-0022824,A.Lee,Andy Lee,P,SPEC,"https://static.www.nfl.com/image/private/f_auto,q_auto/league/bfozbs2h9jueavslvw3z",1,ARI,1,1,26,0,0,0,0,0,0,26,0,1,4.24068724038079,0,1.0,,0,0,0,0,0,0,,0,0,0,0,0,0,0,0,0,0,,0,,,,,0,1.04,1.04
2019,REG,00-0022921,L.Fitzgerald,Larry Fitzgerald,WR,WR,"https://static.www.nfl.com/image/private/f_auto,q_auto/league/ycgjjaad5un42gy4pnga",16,ARI,0,0,0,0,0,0,0,0,0,0,0,0,,0,,,0,0,0,0,0,0,,0,73,107,835,4,1,1,830,396,38,5.66135660138416,0,1.00602409638554,0.203422053231939,0.209860935524652,0.452035734715165,0,105.5,178.5
2019,REG,00-0022924,B.Roethlisberger,Ben Roethlisberger,QB,QB,"https://static.www.nfl.com/image/private/f_auto,q_auto/league/vziogpnyp9d0xtpiuqhr",2,PIT,35,62,351,0,1,2,7,1,0,576,193,14,-13.1652583709147,0,0.609375,-0.0361080925618817,1,7,0,0,0,0,0.0324347489513457,0,0,0,0,0,0,0,0,0,0,,0,,,,,0,12.74,12.74
2019,REG,00-0022942,P.Rivers,Philip Rivers,QB,QB,"https://static.www.nfl.com/image/private/f_auto,q_auto/league/voakyrtj34sghkwxaxxf",16,LAC,390,591,4615,23,20,34,222,5,2,5047,2154,217,67.6810972572076,1,0.914404596790172,0.119543651700718,12,29,0,3,1,2,-10.2509685641271,0,0,0,0,0,0,0,0,0,0,,0,,,,,0,235.5,235.5
2019,REG,00-0022943,B.Watson,Benjamin Watson,TE,TE,"https://static.www.nfl.com/image/private/f_auto,q_auto/league/dorymozpdnrllkqlfzpu",9,NE,0,0,0,0,0,0,0,0,0,0,0,0,,0,,,0,0,0,0,0,0,,0,17,24,173,0,0,0,214,83,9,10.2018681542568,0,0.808411214953271,0.0714285714285714,0.0803604956815621,0.163395204119951,0,17.3,34.3
2019,REG,00-0023459,A.Rodgers,Aaron Rodgers,QB,QB,"https://static.www.nfl.com/image/upload/f_auto,q_auto/league/jdcb4nomlc4rd6k5l6to",16,GB,353,569,4002,26,4,36,284,3,3,5006,2020,189,57.7074509326791,2,0.799440671194567,0.101240686731637,46,183,1,1,1,9,-0.827063184576624,1,0,0,0,0,0,0,0,0,0,,0,,,,,0,278.38,278.38
2019,REG,00-0023500,F.Gore,Frank Gore,RB,RB,"https://static.www.nfl.com/image/private/f_auto,q_auto/league/lxxkhd2suyalrbruzut7",15,BUF,0,0,0,0,0,0,0,0,0,0,0,0,,0,,,166,599,2,0,0,30,-32.8282306637557,0,13,16,100,0,0,0,14,88,5,1.11093041463755,0,7.14285714285714,0.0551724137931035,0.0065176908752327,0.0873210043023181,0,81.9,94.9
2019,REG,00-0023534,D.Colquitt,Dustin Colquitt,P,SPEC,"https://static.www.nfl.com/image/private/f_auto,q_auto/league/v1aymd6o0vpg73ytxzhu",1,KC,0,1,0,0,0,0,0,0,0,4,0,0,-2.30529106798349,0,0.0,,0,0,0,0,0,0,,0,0,0,0,0,0,0,0,0,0,,0,,,,,0,0.0,0.0
2019,REG,00-0023564,D.Sproles,Darren Sproles,RB,RB,"https://static.www.nfl.com/image/private/f_auto,q_auto/league/gvj5ng27blmwuz170aeo",6,PHI,0,0,0,0,0,0,0,0,0,0,0,0,,0,,,17,66,0,0,0,3,-4.89760430747992,1,6,10,24,0,0,0,15,25,1,-4.46089285004525,0,1.6,0.0529100529100529,0.0088235294117647,0.0855415499533147,0,11.0,17.0
2019,REG,00-0023682,R.Fitzpatrick,Ryan Fitzpatrick,QB,QB,"https://static.www.nfl.com/image/private/f_auto,q_auto/league/pkhhxwplsawnhln9rsun",15,MIA,311,502,3529,20,13,40,209,3,1,4513,1239,182,25.3165539934462,1,0.781963217372036,0.0802902967942704,54,243,4,5,1,15,3.48645611665811,0,0,0,0,0,0,0,0,0,0,,0,,,,,0,241.46,241.46
2019,REG,00-0024221,V.Davis,Vernon Davis,TE,TE,"https://static.www.nfl.com/image/private/f_auto,q_auto/league/so5ywayfeeu4zeijln5m",4,WAS,0,0,0,0,0,0,0,0,0,0,0,0,,0,,,0,0,0,0,0,0,,0,10,19,123,1,0,0,131,80,4,-8.92758617860305,0,0.938931297709924,0.128378378378378,0.126937984496124,0.281424156714854,0,18.3,28.3
2019,REG,00-0024243,M.Lewis,Marcedes Lewis,TE,TE,"https://static.www.nfl.com/image/private/f_auto,q_auto/league/ppq07tipygpftz5csipx",12,GB,0,0,0,0,0,0,0,0,0,0,0,0,,0,,,0,0,0,0,0,0,,0,15,19,156,1,0,0,109,82,8,5.95522672639345,0,1.43119266055046,0.0456730769230769,0.0477441962330267,0.101930552747734,0,21.6,36.6
2019,REG,00-0024389,De.Walker,Delanie Walker,TE,TE,"https://static.www.nfl.com/image/private/f_auto,q_auto/league/diknegkpqy0qnri7877z",6,TEN,0,0,0,0,0,0,0,0,0,0,0,0,,0,,,0,0,0,0,0,0,,0,21,31,215,2,1,0,234,66,11,4.26199132646279,0,0.918803418803419,0.190184049079755,0.190243902439024,0.418446805326949,0,33.5,54.5
2019,REG,00-0024417,S.Koch,Sam Koch,P,SPEC,"https://static.www.nfl.com/image/private/f_auto,q_auto/league/dw34lcf6qit1i1knjhpv",1,BAL,1,1,-2,0,0,0,0,0,0,-5,3,0,-2.62480155308731,0,0.0,,0,0,0,0,0,0,,0,0,0,0,0,0,0,0,0,0,,0,,,,,0,-0.08,-0.08
2019,REG,00-0025394,A.Peterson,Adrian Peterson,RB,RB,"https://static.www.nfl.com/image/private/f_auto,q_auto/league/ug2ua3skqc9f6vkbowxc",15,WAS,0,0,0,0,0,0,0,0,0,0,0,0,,0,,,211,898,5,2,1,41,-25.5827461573936,0,17,23,142,0,1,1,-43,161,7,-1.17022960465027,0,-3.30232558139535,0.0696969696969697,-0.018695652173913,0.0914584980237154,0,130.0,147.0
2019,REG,00-0025396,T.Ginn,Ted Ginn,WR,WR,"https://static.www.nfl.com/image/private/f_auto,q_auto/league/o4m4txrv9l7odyebnea4",15,NO,0,0,0,0,0,0,0,0,0,0,0,0,,0,,,3,18,0,0,0,2,0.32760189671535,0,30,56,421,2,0,0,891,48,20,4.87945375434837,0,0.472502805836139,0.106261859582543,0.259464181712289,0.341017716572416,0,55.9,85.9
2019,REG,00-0025399,M.Lynch,Marshawn Lynch,RB,RB,"https://static.www.nfl.com/image/private/f_auto,q_auto/league/ddhpebfqtr9yxsnbx9ht",1,SEA,0,0,0,0,0,0,0,0,0,0,0,0,,0,,,12,34,1,0,0,2,-5.02298061121837,0,0,0,0,0,0,0,0,0,0,,0,,,,,0,9.4,9.4
2019,REG,00-0025418,G.Olsen,Greg Olsen,TE,TE,"https://static.www.nfl.com/image/private/f_auto,q_auto/league/jevf1bubmrv2vvmiwq3r",14,CAR,0,0,0,0,0,0,0,0,0,0,0,0,,0,,,0,0,0,0,0,0,,0,52,82,597,2,0,0,738,201,34,10.2190500528142,0,0.808943089430894,0.157389635316699,0.162590879048249,0.349898068308822,0,71.7,123.7
2019,REG,00-0025708,M.Moore,Matt Moore,QB,QB,"https://static.www.nfl.com/image/private/f_auto,q_auto/league/h04zarfikqlgerdftbgp",6,KC,59,91,659,4,0,8,65,2,0,630,287,35,6.99901737526909,0,1.04603174603175,0.0719727247159906,5,-1,0,0,0,0,-3.80509768950287,0,0,0,0,0,0,0,0,0,0,,0,,,,,0,42.26,42.26
2019,REG,00-0025825,B.Kern,Brett Kern,P,SPEC,"https://static.www.nfl.com/image/private/f_auto,q_auto/league/dbph1kuozunx3aorpeiw",3,TEN,1,2,11,0,0,0,0,0,0,33,8,1,1.49562233424513,0,0.333333333333333,,1,0,0,0,0,0,-2.7764147608541,0,0,0,0,0,0,0,0,0,0,,0,,,,,0,0.44,0.44
2019,REG,00-0026035,D.Amendola,Danny Amendola,WR,WR,"https://static.www.nfl.com/image/private/f_auto,q_auto/league/etz06w7s0ardf49mnayz",15,DET,1,1,19,1,0,0,0,0,0,14,5,1,1.95853550662287,0,1.35714285714286,,0,0,0,0,0,0,,0,62,97,678,1,0,0,855,207,36,14.5566179570615,0,0.792982456140351,0.187258687258687,0.174525413349663,0.403055820232795,0,78.56,140.56
2019,REG,00-0026143,M.Ryan,Matt Ryan,QB,QB,"https://static.www.nfl.com/image/private/f_auto,q_auto/league/s6zam4ekrrnonsck6vak",15,ATL,408,616,4466,26,14,48,316,8,4,5051,1626,228,20.4705353774222,1,0.884181350227678,0.0908361589056702,34,147,1,1,1,10,11.1608506744027,0,0,0,0,0,0,0,0,0,0,,0,,,,,0,267.34,267.34
2019,REG,00-0026158,J.Flacco,Joe Flacco,QB,QB,"https://static.www.nfl.com/image/upload/f_auto,q_auto/league/yxvyoeojkif7tnfviamc",8,DEN,171,262,1822,6,5,26,194,8,3,1777,907,86,-23.2812099611452,1,1.02532357906584,0.0368552803881532,12,20,0,0,0,4,2.00912081074785,0,0,0,0,0,0,0,0,0,0,,0,,,,,0,84.88,84.88
2019,REG,00-0026189,D.Jackson,DeSean Jackson,WR,WR,"https://static.www.nfl.com/image/private/f_auto,q_auto/league/pr5m864fqvnoozihylrh",2,PHI,0,0,0,0,0,0,0,0,0,0,0,0,,0,,,0,0,0,0,0,0,,0,9,10,159,2,0,0,147,15,6,15.2690814826055,0,1.08163265306122,0.128205128205128,0.227554179566563,0.351595618004287,0,27.9,36.9
2019,REG,00-0026293,M.Slater,Matt Slater,WR,WR,"https://static.www.nfl.com/image/private/f_auto,q_auto/league/cs1ojdzhxjuanbw6vflv",1,NE,0,0,0,0,0,0,0,0,0,0,0,0,,0,,,0,0,0,0,0,0,,0,0,0,0,0,0,0,0,0,0,,0,,,,,1,6.0,6.0
2019,REG,00-0026498,M.Stafford,Matthew Stafford,QB,QB,"https://static.www.nfl.com/image/upload/f_auto,q_auto/league/xdlnnbapdbk8trxqlasu",8,DET,187,291,2499,19,5,18,137,3,2,3109,890,117,69.6084916490514,0,0.803795432614989,0.139715473089956,20,66,0,2,1,5,-6.59790558434906,0,0,0,0,0,0,0,0,0,0,,0,,,,,0,166.56,166.56
2019,REG,00-0026544,C.Daniel,Chase Daniel,QB,QB,"https://static.www.nfl.com/image/private/f_auto,q_auto/league/jt8fvgeyuhsbpo9m9t4x",3,CHI,45,64,435,3,2,7,48,0,0,430,135,22,4.71388089451859,0,1.01162790697674,0.0823457037639207,6,6,0,0,0,2,-1.01793406221205,0,0,0,0,0,0,0,0,0,0,,0,,,,,0,26.0,26.0
2019,REG,00-0026625,B.Hoyer,Brian Hoyer,QB,QB,"https://static.www.nfl.com/image/private/f_auto,q_auto/league/japt3mj2xctm7saqndxn",4,IND,35,65,372,4,4,5,47,2,1,559,157,22,-26.0941385643303,0,0.665474060822898,-0.0195851277716761,8,2,0,0,0,0,-3.95065113302553,0,0,0,0,0,0,0,0,0,0,,0,,,,,0,21.08,21.08
2019,REG,00-0026986,M.Crabtree,Michael Crabtree,WR,WR,"https://static.www.nfl.com/image/private/f_auto,q_auto/league/kcavcmeyaion38ewxwyk",2,ARI,0,0,0,0,0,0,0,0,0,0,0,0,,0,,,0,0,0,0,0,0,,0,4,5,22,0,0,0,26,5,0,-0.270085982512683,0,0.846153846153846,0.0632911392405063,0.0502901353965184,0.130139803638322,0,2.2,6.2
2019,REG,00-0027029,L.McCoy,LeSean McCoy,RB,RB,"https://static.www.nfl.com/image/private/f_auto,q_auto/league/cpc1a2dgivdyevuncz7p",13,KC,0,0,0,0,0,0,0,0,0,0,0,0,,0,,,101,465,4,2,1,24,-5.83118608943187,0,28,34,181,1,1,1,-24,236,6,-6.25405187110902,0,-7.54166666666667,0.080952380952381,-0.0066188637617209,0.116795366795367,0,90.6,118.6
2019,REG,00-0027061,J.Cook,Jared Cook,TE,TE,"https://static.www.nfl.com/image/private/f_auto,q_auto/league/cthoenebptadlu4g928v",14,NO,0,0,0,0,0,0,0,0,0,0,0,0,,0,,,0,0,0,0,0,0,,0,43,65,705,9,0,0,672,254,32,36.4418851419193,0,1.04910714285714,0.135416666666667,0.211653543307087,0.351282480314961,0,124.5,167.5
2019,REG,00-0027150,J.Edelman,Julian Edelman,WR,WR,"https://static.www.nfl.com/image/private/f_auto,q_auto/league/u0hbuo2bsvtlg7lnxm43",16,NE,2,2,47,1,0,0,0,0,0,9,38,2,5.53606658871286,0,5.22222222222222,,8,27,0,0,0,2,1.19683885877021,0,100,153,1117,6,3,1,1451,320,54,17.4049473173514,1,0.769813921433494,0.260647359454855,0.319462791721709,0.614594993387479,0,156.28,256.28
2019,REG,00-0027539,A.Levine,Anthony Levine,SS,DB,"https://static.www.nfl.com/image/private/f_auto,q_auto/league/gew5y4jtrh2jd7guowwk",2,BAL,0,0,0,0,0,0,0,0,0,0,0,0,,0,,,2,62,0,0,0,2,7.15528261370491,0,0,0,0,0,0,0,0,0,0,,0,,,,,0,6.2,6.2
2019,REG,00-0027685,E.Sanders,Emmanuel Sanders,WR,WR,"https://static.www.nfl.com/image/private/f_auto,q_auto/league/potkibjtm855tsawozs0",17,SF,1,1,35,1,0,0,0,0,0,22,13,1,3.32011508441065,0,1.59090909090909,,0,0,0,0,0,0,,0,66,97,869,5,0,0,1028,237,41,17.4417803748552,1,0.845330739299611,0.184761904761905,0.292794075761891,0.482098710176181,0,124.3,190.3
2019,REG,00-0027688,C.McCoy,Colt McCoy,QB,QB,"https://static.www.nfl.com/image/private/f_auto,q_auto/league/mvcoi7f6thyudufnh0dx",1,WAS,18,27,122,0,1,6,44,2,0,177,34,5,-22.0164105785079,0,0.689265536723164,0.0128149645573514,2,14,0,0,0,1,1.19350969139487,0,0,0,0,0,0,0,0,0,0,,0,,,,,0,4.28,4.28
2019,REG,00-0027691,A.Roberts,Andre Roberts,WR,WR,"https://static.www.nfl.com/image/private/f_auto,q_auto/league/hjoyjewh7knoafxt4k93",5,BUF,0,0,0,0,0,0,0,0,0,0,0,0,,0,,,1,7,0,0,0,0,-0.0024575337301939,0,3,7,20,0,0,0,109,5,1,-2.41624859889271,0,0.18348623853211,0.0542635658914729,0.0772501771793055,0.135470472862723,0,2.7,5.7
2019,REG,00-0027696,J.Graham,Jimmy Graham,TE,TE,"https://static.www.nfl.com/image/private/f_auto,q_auto/league/h7xs06oj6g03mippwtse",16,GB,0,0,0,0,0,0,0,0,0,0,0,0,,0,,,0,0,0,0,0,0,,0,38,60,447,3,1,0,533,246,23,13.2343163888997,0,0.838649155722326,0.11070110701107,0.110580912863071,0.243458299520755,0,62.7,100.7
2019,REG,00-0027793,A.Brown,Antonio Brown,WR,WR,"https://static.www.nfl.com/image/private/f_auto,q_auto/league/ecxsx9t7bfg42bgfwj3v",1,NE,0,0,0,0,0,0,0,0,0,0,0,0,,0,,,1,5,0,0,0,1,0.366757445619442,0,4,8,56,1,0,0,92,7,3,2.0536659490748,0,0.608695652173913,0.285714285714286,0.348484848484849,0.672510822510823,0,12.1,16.1
2019,REG,00-0027874,D.Thomas,Demaryius Thomas,WR,WR,"https://static.www.nfl.com/image/private/f_auto,q_auto/league/p1yjsqtqimjd6iazu3h9",11,NYJ,0,0,0,0,0,0,0,0,0,0,0,0,,0,,,0,0,0,0,0,0,,0,36,58,433,1,0,0,590,170,22,10.3017192974149,0,0.733898305084746,0.169590643274854,0.196863530196864,0.392190436050085,0,49.3,85.3
2019,REG,00-0027891,G.Tate,Golden Tate,WR,WR,"https://static.www.nfl.com/image/private/f_auto,q_auto/league/yfqebrp2o9t1gt1wqjku",11,NYG,0,0,0,0,0,0,0,0,0,0,0,0,,0,,,1,16,0,0,0,1,1.03227418800816,0,49,85,676,6,1,1,817,284,30,19.6488031477202,0,0.827417380660955,0.214105793450882,0.247801031240522,0.494619412044688,0,103.2,152.2
2019,REG,00-0027925,J.Develin,James Develin,FB,RB,"https://static.www.nfl.com/image/private/f_auto,q_auto/league/ryhocvpml27otxnncc2h",1,NE,0,0,0,0,0,0,0,0,0,0,0,0,,0,,,2,3,0,0,0,1,0.278384574572556,0,0,0,0,0,0,0,0,0,0,,0,,,,,0,0.3,0.3
2019,REG,00-0027939,C.Newton,Cam Newton,QB,QB,"https://static.www.nfl.com/image/private/f_auto,q_auto/league/zwmgw2gmnn2kch4nquft",2,CAR,50,89,572,0,1,6,43,0,0,793,204,29,-6.70851438029469,0,0.721311475409836,-0.013457914443298,5,-2,0,2,2,0,-9.36749292595778,0,0,0,0,0,0,0,0,0,0,,0,,,,,0,16.68,16.68
2019,REG,00-0027944,J.Jones,Julio Jones,WR,WR,"https://static.www.nfl.com/image/upload/f_auto,q_auto/league/omrddf2phtyztzx2nup1",15,ATL,0,0,0,0,0,0,0,0,0,0,0,0,,0,,,2,-3,0,0,0,0,-1.59325267281383,0,99,157,1394,6,1,0,1955,342,77,66.6260414222446,0,0.71304347826087,0.258223684210526,0.385753749013418,0.657363150625182,0,175.1,274.1
2019,REG,00-0027966,M.Ingram,Mark Ingram,RB,RB,"https://static.www.nfl.com/image/private/f_auto,q_auto/league/qyju9wutyssrf0b26ran",15,BAL,0,0,0,0,0,0,0,0,0,0,0,0,,0,,,202,1018,10,2,2,53,14.42868200453,2,26,29,247,5,0,0,43,220,16,21.7919178649519,0,5.74418604651163,0.0810055865921788,0.0166537567776917,0.133166009632652,0,216.5,242.5
2019,REG,00-0027973,A.Dalton,Andy Dalton,QB,QB,"https://static.www.nfl.com/image/upload/f_auto,q_auto/league/az1zo7fl2tozg50tgs0d",13,CIN,314,528,3494,16,14,37,249,5,4,4278,1547,170,-16.0087400162188,1,0.816736792893876,0.0384890648643575,32,73,4,3,0,12,3.39986437639009,1,1,1,-4,0,0,0,-8,4,0,-2.39217759971507,0,0.0,0.0208333333333333,-0.0182648401826484,0.0184646118721461,0,202.66,203.66
2019,REG,00-0027981,K.Rudolph,Kyle Rudolph,TE,TE,"https://static.www.nfl.com/image/private/f_auto,q_auto/league/mtvrkfel5750mlevcvtp",15,MIN,0,0,0,0,0,0,0,0,0,0,0,0,,0,,,0,0,0,0,0,0,,0,39,48,367,6,0,0,308,190,24,22.4429276851425,1,1.19155844155844,0.113744075829384,0.0952380952380952,0.237282780410742,0,74.7,113.7
2019,REG,00-0027985,L.Kendricks,Lance Kendricks,TE,TE,"https://static.www.nfl.com/image/private/f_auto,q_auto/league/njjeo5udwowpbfnufl5l",4,LAC,0,0,0,0,0,0,0,0,0,0,0,0,,0,,,0,0,0,0,0,0,,0,3,7,50,0,0,0,74,7,3,0.852747235097922,0,0.675675675675676,0.0457516339869281,0.0558490566037736,0.107721790603034,0,5.0,8.0
2019,REG,00-0028002,R.Cobb,Randall Cobb,WR,WR,"https://static.www.nfl.com/image/private/f_auto,q_auto/league/kuwo5hnkbtesfw6n9w1s",15,DAL,0,1,0,0,0,0,0,0,0,0,0,0,-0.398940063547343,0,,,3,11,0,0,0,0,-0.405031809059437,0,55,83,828,3,2,1,824,329,41,28.761130187255,0,1.00485436893204,0.154562383612663,0.163686928883592,0.346424425637509,0,99.9,154.9
2019,REG,00-0028042,L.Stocker,Luke Stocker,TE,TE,"https://static.www.nfl.com/image/private/f_auto,q_auto/league/keoilbfzupthtliuou1a",11,ATL,0,0,0,0,0,0,0,0,0,0,0,0,,0,,,0,0,0,0,0,0,,0,8,14,53,0,1,0,60,36,2,-12.1746632368304,0,0.883333333333333,0.0299145299145299,0.0188738597043095,0.0580834966648115,0,5.3,13.3
2019,REG,00-0028063,T.Jones,Taiwan Jones,RB,RB,"https://static.www.nfl.com/image/private/f_auto,q_auto/league/va09vgfr7bdc2wb6ikq4",1,HOU,0,0,0,0,0,0,0,0,0,0,0,0,,0,,,9,40,0,0,0,3,0.21770813173498,0,1,1,9,0,0,0,-3,12,0,0.737010223558173,0,-3.0,0.03125,-0.0119521912350598,0.0385084661354582,0,4.9,5.9
2019,REG,00-0028064,B.Powell,Bilal Powell,RB,RB,"https://static.www.nfl.com/image/private/f_auto,q_auto/league/a5qlloemeetaqawzwuf7",12,NYJ,0,1,0,0,0,0,0,0,0,13,0,0,-0.522409488912672,0,0.0,,59,229,0,0,0,12,-9.88228143696324,0,7,12,33,0,0,0,21,45,0,-3.09746565925889,0,1.57142857142857,0.0634920634920635,0.0115830115830116,0.103346203346203,0,26.2,33.2
2019,REG,00-0028074,A.Sherman,Anthony Sherman,RB,RB,"https://static.www.nfl.com/image/private/f_auto,q_auto/league/ibmfpy4ztgmqfwtood5x",4,KC,0,0,0,0,0,0,0,0,0,0,0,0,,0,,,4,9,0,0,0,3,3.040836014261,0,2,3,22,0,0,0,10,23,2,-1.04938073299127,0,2.2,0.0306122448979592,0.0121506682867558,0.0544238351476678,0,3.1,5.1
2019,REG,00-0028087,D.Lewis,Dion Lewis,RB,RB,"https://static.www.nfl.com/image/private/f_auto,q_auto/league/erzmtaaz3eimbg998hyq",15,TEN,0,0,0,0,0,0,0,0,0,0,0,0,,0,,,54,209,0,1,1,6,-13.6485208322993,0,25,32,164,1,0,0,-23,193,7,-4.26336543941676,0,-7.1304347826087,0.0824742268041237,-0.0070143336383043,0.118801306659373,0,41.3,66.3
2019,REG,00-0028097,L.Smith,Lee Smith,TE,TE,"https://static.www.nfl.com/image/private/f_auto,q_auto/league/gcaqwhzrinlqicrljwlr",5,BUF,0,0,0,0,0,0,0,0,0,0,0,0,,0,,,0,0,0,0,0,0,,0,4,5,31,1,0,0,32,9,2,3.16409673547605,0,0.96875,0.0342465753424658,0.0261651676206051,0.0696854803481222,0,9.1,13.1
2019,REG,00-0028112,C.Clay,Charles Clay,TE,TE,"https://static.www.nfl.com/image/private/f_auto,q_auto/league/gbfhfjn5cxtou5aazegt",15,ARI,0,0,0,0,0,0,0,0,0,0,0,0,,0,,,0,0,0,0,0,0,,0,18,24,237,1,0,0,152,95,12,10.6227190180289,0,1.55921052631579,0.0492813141683778,0.042648709315376,0.10377606777333,0,29.7,47.7
2019,REG,00-0028114,D.Harris,Dwayne Harris,WR,WR,"https://static.www.nfl.com/image/private/f_auto,q_auto/league/cz34jefkstkm3mvjznvg",1,LV,0,0,0,0,0,0,0,0,0,0,0,0,,0,,,0,0,0,0,0,0,,0,1,1,7,0,0,0,0,7,0,-0.558688131626695,0,0.0,0.0384615384615385,,,0,0.7,1.7
2019,REG,00-0028118,T.Taylor,Tyrod Taylor,QB,QB,"https://static.www.nfl.com/image/upload/f_auto,q_auto/league/xk8e04jdsvigd6fky3uy",4,LAC,4,6,33,1,0,0,0,0,0,32,19,3,3.65237386233639,0,1.03125,0.0980939896703059,10,7,0,0,0,1,-9.0879364189459,0,0,1,0,0,0,0,-4,0,0,-0.367020355770364,0,0.0,0.0294117647058824,-0.0170940170940171,0.0321518350930116,0,6.02,6.02
2019,REG,00-0028128,C.Jones,Colin Jones,FS,DB,"https://static.www.nfl.com/image/private/f_auto,q_auto/league/gtpcd4mvricoawwynceu",1,CAR,0,0,0,0,0,0,0,0,0,0,0,0,,0,,,1,5,0,0,0,1,2.82012735540047,0,0,0,0,0,0,0,0,0,0,,0,,,,,0,0.5,0.5
2019,REG,00-0028142,V.Green,Virgil Green,TE,TE,"https://static.www.nfl.com/image/private/f_auto,q_auto/league/wcdedz1qf7ybkujat6bu",11,LAC,0,0,0,0,0,0,0,0,0,0,0,0,,0,,,0,0,0,0,0,0,,0,9,13,78,1,0,0,63,39,4,3.85628200700198,0,1.23809523809524,0.0320987654320988,0.0186777349540468,0.0612225626159809,0,13.8,22.8
2019,REG,00-0028237,C.Hogan,Chris Hogan,WR,WR,"https://static.www.nfl.com/image/private/f_auto,q_auto/league/fmpqnciwjqicsjzy63mc",7,CAR,0,0,0,0,0,0,0,0,0,0,0,0,,0,,,0,0,0,0,0,0,,0,8,15,67,0,0,0,122,29,3,-1.43223794779624,0,0.549180327868853,0.0547445255474453,0.0544642857142857,0.120241788321168,0,6.7,14.7
2019,REG,00-0028292,N.Bellore,Nick Bellore,ILB,LB,"https://static.www.nfl.com/image/upload/f_auto,q_auto/league/wlj7zdf6h9p9dnhdtmih",2,SEA,0,0,0,0,0,0,0,0,0,0,0,0,,0,,,0,0,0,0,0,0,,0,2,2,23,1,0,0,2,21,2,2.44402009292389,0,11.5,0.0327868852459016,0.0069204152249135,0.0540246185262919,0,8.3,10.3
2019,REG,00-0028411,D.Inman,Dontrelle Inman,WR,WR,"https://static.www.nfl.com/image/private/f_auto,q_auto/league/josp2o2ri6tknqzt87qc",7,IND,0,0,0,0,0,0,0,0,0,0,0,0,,0,,,0,0,0,0,0,0,,0,12,21,181,0,0,0,286,30,9,3.31795472354861,0,0.632867132867133,0.0929203539823009,0.136776661884266,0.235124194292437,0,18.1,30.1
2019,REG,00-0028581,P.DiMarco,Patrick DiMarco,FB,RB,"https://static.www.nfl.com/image/private/f_auto,q_auto/league/chit1zcsfqaoqzkqc9eh",6,BUF,0,0,0,0,0,0,0,0,0,0,0,0,,0,,,3,7,0,0,0,0,-1.08764345548116,0,5,7,41,0,0,0,32,31,1,0.384589820285328,0,1.28125,0.0384615384615385,0.0182857142857143,0.0704923076923077,0,4.8,9.8
2019,REG,00-0028872,J.Hekker,Johnny Hekker,P,SPEC,"https://static.www.nfl.com/image/upload/f_auto,q_auto/league/bcl8kjfwubicyywpxfny",3,LA,2,3,28,0,1,0,0,0,0,12,20,2,3.24496002920205,0,2.33333333333333,,0,0,0,0,0,0,,0,0,0,0,0,0,0,0,0,0,,0,,,,,0,-0.88,-0.88
2019,REG,00-0028986,C.Keenum,Case Keenum,QB,QB,"https://static.www.nfl.com/image/upload/f_auto,q_auto/league/zj2xieg6nctsabgzu65n",10,WAS,160,247,1707,11,5,15,145,4,2,1700,800,83,-3.21123002956618,0,1.00411764705882,0.0542353898535758,9,12,1,2,1,2,-6.38657197498833,0,0,0,0,0,0,0,0,0,0,,0,,,,,0,103.48,103.48
2019,REG,00-0029000,C.Beasley,Cole Beasley,WR,WR,"https://static.www.nfl.com/image/private/f_auto,q_auto/league/y5r0fhwctl6ljwvmktvu",15,BUF,0,0,0,0,0,0,0,0,0,0,0,0,,0,,,0,0,0,0,0,0,,0,67,106,778,6,0,0,844,330,37,13.8569498198372,2,0.921800947867299,0.237668161434978,0.2,0.496502242152466,0,117.8,184.8
2019,REG,00-0029119,D.Carrier,Derek Carrier,TE,TE,"https://static.www.nfl.com/image/private/f_auto,q_auto/league/fohbnjxhixammxtonhnd",9,LV,0,0,0,0,0,0,0,0,0,0,0,0,,0,,,1,27,0,0,0,1,4.1997139910236,0,13,19,108,1,0,0,165,51,4,4.6382353995985,0,0.654545454545455,0.0733590733590734,0.103189493433396,0.182271255441987,0,19.5,32.5
2019,REG,00-0029137,A.Jeffery,Alshon Jeffery,WR,WR,"https://static.www.nfl.com/image/private/f_auto,q_auto/league/qrbsgwhzlsmwgkdfjryh",9,PHI,0,0,0,0,0,0,0,0,0,0,0,0,,0,,,1,2,1,0,0,1,0.657175472762901,0,43,73,490,4,0,0,803,116,36,10.1588651388101,0,0.610211706102117,0.229559748427673,0.307545001914975,0.559621123981992,0,79.2,122.2
2019,REG,00-0029141,A.Morris,Alfred Morris,RB,RB,"https://static.www.nfl.com/image/private/f_auto,q_auto/league/igrm4hy4pishp4rdamin",1,ARI,0,0,0,0,0,0,0,0,0,0,0,0,,0,,,1,4,0,0,0,1,0.87437098287046,0,0,0,0,0,0,0,0,0,0,,0,,,,,0,0.4,0.4
2019,REG,00-0029239,B.Bolden,Brandon Bolden,RB,RB,"https://static.www.nfl.com/image/private/f_auto,q_auto/league/kqqwz35z9brhkzbs4bcn",9,NE,0,0,0,0,0,0,0,0,0,0,0,0,,0,,,15,68,3,0,0,5,3.22760607983219,0,9,11,111,1,0,0,66,59,6,-0.17738660692703,0,1.68181818181818,0.0555555555555556,0.0484581497797357,0.117254038179148,0,41.9,50.9
2019,REG,00-0029263,R.Wilson,Russell Wilson,QB,QB,"https://static.www.nfl.com/image/upload/f_auto,q_auto/league/u36rhg0md8ey3b4khbre",16,SEA,341,516,4110,31,5,48,319,5,0,4830,1723,190,87.7924086832474,1,0.850931677018634,0.146976002668437,75,342,3,3,2,17,-8.74358831471182,0,0,0,0,0,0,0,0,0,0,,0,,,,,0,328.6,328.6
2019,REG,00-0029269,T.Benjamin,Travis Benjamin,WR,WR,"https://static.www.nfl.com/image/private/f_auto,q_auto/league/io9silocxbywvisvcvpx",5,LAC,0,0,0,0,0,0,0,0,0,0,0,0,,0,,,0,0,0,0,0,0,,0,6,16,30,0,0,0,207,19,3,-7.92070882668486,0,0.144927536231884,0.0788177339901478,0.116422947131609,0.199722663977348,0,3.0,9.0
2019,REG,00-0029293,M.Jones,Marvin Jones,WR,WR,"https://static.www.nfl.com/image/private/f_auto,q_auto/league/ciy9sxefmcnwjw7ln3h2",13,DET,0,0,0,0,0,0,0,0,0,0,0,0,,0,,,2,0,0,0,0,0,-1.60143422824331,0,62,91,779,9,0,0,1186,106,41,36.7728959364569,0,0.656829679595278,0.2,0.271893626776708,0.490325538743696,0,131.9,193.9
2019,REG,00-0029319,J.Bellamy,Josh Bellamy,WR,WR,"https://static.www.nfl.com/image/private/f_auto,q_auto/league/kgyz7lr35xl5j7oxjwlw",2,NYJ,0,0,0,0,0,0,0,0,0,0,0,0,,0,,,0,0,0,0,0,0,,0,2,3,20,0,0,0,23,10,1,0.872385602619033,0,0.869565217391304,0.0422535211267606,0.0611702127659575,0.106199430626311,0,2.0,4.0
2019,REG,00-0029419,D.Kelly,Dennis Kelly,T,OL,"https://static.www.nfl.com/image/private/f_auto,q_auto/league/i4ev1ltkthmoslllgfhi",1,TEN,0,0,0,0,0,0,0,0,0,0,0,0,,0,,,0,0,0,0,0,0,,0,1,1,1,1,0,0,1,0,1,0.471526047651423,0,1.0,0.0588235294117647,0.0079365079365079,0.0937908496732026,0,6.1,7.1
2019,REG,00-0029492,J.Olawale,Jamize Olawale,FB,RB,"https://static.www.nfl.com/image/private/f_auto,q_auto/league/dp7xdilrkk9f2i5ovne9",2,DAL,0,0,0,0,0,0,0,0,0,0,0,0,,0,,,0,0,0,0,0,0,,0,0,2,0,0,0,0,35,0,0,-1.87653602094307,0,0.0,0.0256410256410256,0.0454545454545455,0.0702797202797203,0,0.0,0.0
2019,REG,00-0029567,N.Foles,Nick Foles,QB,QB,"https://static.www.nfl.com/image/private/f_auto,q_auto/league/dxuz2ir773wylutxo7zs",4,JAX,77,117,736,3,2,8,60,2,2,990,354,31,-13.5811433938767,1,0.743434343434343,0.0370338130488999,4,23,0,0,0,2,1.51897059078328,0,0,0,0,0,0,0,0,0,0,,0,,,,,0,37.74,37.74
2019,REG,00-0029572,J.Wright,Jarius Wright,WR,WR,"https://static.www.nfl.com/image/private/f_auto,q_auto/league/f4xgfra44cd6qjy6havp",16,CAR,0,0,0,0,0,0,0,0,0,0,0,0,,0,,,1,-7,0,0,0,0,-1.80985147610772,0,28,58,296,0,0,0,618,89,16,-19.7288939148288,0,0.478964401294498,0.0966666666666667,0.120210075860728,0.229147053102509,0,28.9,56.9
2019,REG,00-0029587,R.Ellison,Rhett Ellison,TE,TE,"https://static.www.nfl.com/image/private/f_auto,q_auto/league/pqvmhpdoritjtp8ng7ep",10,NYG,0,0,0,0,0,0,0,0,0,0,0,0,,0,,,0,0,0,0,0,0,,0,18,28,167,1,0,0,146,83,4,-7.33741862288199,0,1.14383561643836,0.0748663101604278,0.0515172900494001,0.148361568275222,0,22.7,40.7
2019,REG,00-0029604,K.Cousins,Kirk Cousins,QB,QB,"https://static.www.nfl.com/image/upload/f_auto,q_auto/league/yt6n07jezvfmcsoq0j13",15,MIN,307,444,3603,26,6,28,206,5,3,3391,1789,165,87.0389604520023,1,1.06251843114126,0.148179796914499,31,63,1,5,0,8,-6.17178485839395,0,0,1,0,0,0,0,12,0,0,-1.81941272510448,0,0.0,0.0333333333333333,0.0481927710843374,0.0837349397590362,0,244.42,244.42
2019,REG,00-0029608,T.Hilton,T.Y. Hilton,WR,WR,"https://static.www.nfl.com/image/private/f_auto,q_auto/league/b8kor0sgeynyd8u8cush",10,IND,0,0,0,0,0,0,0,0,0,0,0,0,,0,,,0,0,0,0,0,0,,0,45,68,501,5,0,0,697,213,24,22.325308206216,0,0.718794835007174,0.242857142857143,0.34,0.602285714285714,0,80.1,125.1
2019,REG,00-0029623,A.Tanney,Alex Tanney,QB,QB,"https://static.www.nfl.com/image/private/f_auto,q_auto/league/imvd4rxtknm0ob8oul5z",1,NYG,1,1,1,0,0,0,0,0,0,1,0,0,-0.0452440076041967,0,1.0,,0,0,0,0,0,0,,0,0,0,0,0,0,0,0,0,0,,0,,,,,0,0.04,0.04
2019,REG,00-0029632,M.Sanu,Mohamed Sanu,WR,WR,"https://static.www.nfl.com/image/private/f_auto,q_auto/league/a6loroqhta6g65aqnsrk",15,NE,0,0,0,0,0,0,0,0,0,0,0,0,,0,,,3,11,0,0,0,1,0.0737955921795219,0,59,89,520,2,0,0,671,194,30,6.37450790546486,0,0.774962742175857,0.156414762741652,0.144955713977101,0.336091143896449,0,65.1,124.1
2019,REG,00-0029664,J.Gordon,Josh Gordon,WR,WR,"https://static.www.nfl.com/image/private/f_auto,q_auto/league/wwqz2ujrj7wp86tyaxof",11,SEA,0,1,0,0,1,0,0,0,0,33,0,0,-2.87346381600946,0,0.0,,1,1,0,0,0,0,-0.579914905596525,0,27,47,426,1,0,0,518,149,16,23.4763253170613,0,0.822393822393823,0.127717391304348,0.165389527458493,0.307348756177467,0,46.7,73.7
2019,REG,00-0029665,R.Griffin,Robert Griffin,QB,QB,"https://static.www.nfl.com/image/private/f_auto,q_auto/league/f9gitqxxg3f1uybdcfhc",6,BAL,23,38,225,1,2,5,19,0,0,282,84,10,-0.308628492605076,0,0.797872340425532,0.0310882977186249,20,61,0,0,0,4,-13.6808035671129,0,0,0,0,0,0,0,0,0,0,,0,,,,,0,15.1,15.1
2019,REG,00-0029692,B.Anger,Bryan Anger,P,SPEC,"https://static.www.nfl.com/image/upload/f_auto,q_auto/league/kx1m6byniti4tkeiwkqk",1,HOU,0,0,0,0,0,0,0,0,0,0,0,0,,0,,,1,-5,0,0,0,0,-0.243125282344408,0,0,0,0,0,0,0,0,0,0,,0,,,,,0,-0.5,-0.5
2019,REG,00-0029701,R.Tannehill,Ryan Tannehill,QB,QB,"https://static.www.nfl.com/image/private/f_auto,q_auto/league/yvwju12dl6haf3r8uzrm",12,TEN,201,286,2742,22,6,31,212,5,3,2739,1224,126,63.9830285282413,0,1.00109529025192,0.190007465790898,43,185,4,1,0,14,15.6394806272873,1,0,0,0,0,0,0,0,0,0,,0,,,,,0,224.18,224.18
2019,REG,00-0029738,D.Fells,Darren Fells,TE,TE,"https://static.www.nfl.com/image/private/f_auto,q_auto/league/eh0rbweg4wbzgzpvprnv",15,HOU,0,0,0,0,0,0,0,0,0,0,0,0,,0,,,0,0,0,0,0,0,,0,34,48,341,7,0,0,258,168,22,22.1322083920447,0,1.32170542635659,0.0987654320987654,0.0611664295874822,0.190964648859386,0,76.1,110.1
2019,REG,00-0029764,C.Davis,Cody Davis,FS,DB,"https://static.www.nfl.com/image/private/f_auto,q_auto/league/pdijtrs1tnltal8g6cmx",1,JAX,0,0,0,0,0,0,0,0,0,0,0,0,,0,,,0,0,0,0,0,0,,0,1,1,7,0,0,0,2,5,1,3.03077703691088,0,3.5,0.032258064516129,0.0084033613445378,0.05426944971537,0,0.7,1.7
2019,REG,00-0029854,C.Anderson,C.J. Anderson,RB,RB,"https://static.www.nfl.com/image/private/f_auto,q_auto/league/jqqdxuowpdgl06zy0g0a",2,DET,0,0,0,0,0,0,0,0,0,0,0,0,,0,,,16,43,0,0,0,1,-6.98405621206621,0,0,0,0,0,0,0,0,0,0,,0,,,,,0,4.3,4.3
2019,REG,00-0029857,R.Griffin,Ryan Griffin,QB,QB,"https://static.www.nfl.com/image/private/f_auto,q_auto/league/mpwu7c3o2lkxwqn1gras",2,TB,2,4,18,0,0,0,0,0,0,12,13,1,-0.623921526828781,0,1.5,,4,-1,0,0,0,0,-2.46599764697021,0,0,0,0,0,0,0,0,0,0,,0,,,,,0,0.62,0.62
2019,REG,00-0029892,K.Juszczyk,Kyle Juszczyk,FB,RB,"https://static.www.nfl.com/image/upload/f_auto,q_auto/league/mfhpygabawkeioplae7a",9,SF,0,0,0,0,0,0,0,0,0,0,0,0,,0,,,3,7,0,0,0,1,-0.992854945739964,0,20,24,239,1,0,0,134,157,11,17.040585009061,0,1.78358208955224,0.0827586206896552,0.0694660445826853,0.172764162242362,0,30.6,50.6
2019,REG,00-0029931,Z.Line,Zach Line,FB,RB,"https://static.www.nfl.com/image/private/f_auto,q_auto/league/dddfiilg9qy54xtorb6r",8,NO,0,0,0,0,0,0,0,0,0,0,0,0,,0,,,7,20,0,0,0,5,1.24340855254559,0,6,10,36,0,0,0,31,45,1,-7.88298880669754,0,1.16129032258065,0.045662100456621,0.0256410256410256,0.0864418686336494,0,5.6,11.6
2019,REG,00-0030035,A.Thielen,Adam Thielen,WR,WR,"https://static.www.nfl.com/image/upload/f_auto,q_auto/league/pxehgo0l9xl03n7dronf",10,MIN,0,0,0,0,0,0,0,0,0,0,0,0,,0,,,4,6,1,0,0,1,-0.984155532903969,0,30,48,418,6,0,0,586,117,18,19.658675223805,0,0.713310580204778,0.179775280898876,0.264559819413093,0.454854794937479,0,84.4,114.4
2019,REG,00-0030061,Z.Ertz,Zach Ertz,TE,TE,"https://static.www.nfl.com/image/upload/f_auto,q_auto/league/xktmmeumuoglbuam75iz",15,PHI,0,0,0,0,0,0,0,0,0,0,0,0,,0,,,0,0,0,0,0,0,,0,88,135,916,6,1,1,1179,255,50,34.2050954519439,1,0.776929601357082,0.23936170212766,0.26205823516337,0.542483317805848,0,127.6,215.6
2019,REG,00-0030068,M.Goodwin,Marquise Goodwin,WR,WR,"https://static.www.nfl.com/image/upload/f_auto,q_auto/league/cof5bbih1o9dtnonwmjp",8,SF,0,0,0,0,0,0,0,0,0,0,0,0,,0,,,1,15,0,0,0,1,1.07524703157833,0,12,21,186,1,0,0,281,33,10,11.0099703454378,0,0.661921708185053,0.0836653386454183,0.168364289994008,0.243353010963933,0,26.1,38.1
2019,REG,00-0030085,K.Stills,Kenny Stills,WR,WR,"https://static.www.nfl.com/image/private/f_auto,q_auto/league/wswn6tehkzj8mdfbablx",13,HOU,0,0,0,0,0,0,0,0,0,0,0,0,,0,,,0,0,0,0,0,0,,0,40,55,561,4,0,0,576,144,27,29.4118839441031,0,0.973958333333333,0.1338199513382,0.161661521190008,0.313892991840305,0,80.1,120.1
2019,REG,00-0030089,L.Willson,Luke Willson,TE,TE,"https://static.www.nfl.com/image/private/f_auto,q_auto/league/a6zcpjyfusebcm8i3w2w",6,SEA,0,0,0,0,0,0,0,0,0,0,0,0,,0,,,0,0,0,0,0,0,,0,8,10,79,0,0,0,72,38,5,3.93310856225435,0,1.09722222222222,0.054945054945055,0.0429594272076372,0.112489181462928,0,7.9,15.9
2019,REG,00-0030090,M.Hyde,Micah Hyde,FS,DB,"https://static.www.nfl.com/image/private/f_auto,q_auto/league/xxdwo2ndjc4qm9q5lpgx",1,BUF,0,0,0,0,0,0,0,0,0,0,0,0,,0,,,0,0,0,0,0,0,,0,0,0,0,0,0,0,0,0,0,,0,,,,,1,6.0,6.0
2019,REG,00-0030097,D.Quessenberry,David Quessenberry,T,OL,"https://static.www.nfl.com/image/upload/f_auto,q_auto/league/gjt9jdtuatvddzdeouwj",1,TEN,0,0,0,0,0,0,0,0,0,0,0,0,,0,,,0,0,0,0,0,0,,0,1,1,1,1,0,0,1,0,1,0.523064453358529,0,1.0,0.0384615384615385,0.0067567567567567,0.0624220374220374,0,6.1,7.1
2019,REG,00-0030108,R.Griffin,Ryan Griffin,TE,TE,"https://static.www.nfl.com/image/private/f_auto,q_auto/league/izjfxtmk2dhzhrlwpt9g",13,NYJ,0,0,0,0,0,0,0,0,0,0,0,0,,0,,,0,0,0,0,0,0,,0,34,41,320,5,0,0,223,182,19,17.3773052636534,1,1.43497757847534,0.101234567901235,0.0709739019732654,0.201533583233138,0,64.0,98.0
2019,REG,00-0030147,R.Shepard,Russell Shepard,WR,WR,"https://static.www.nfl.com/image/private/f_auto,q_auto/league/gk2saq7m1jxl90g9slks",2,NYG,0,0,0,0,0,0,0,0,0,0,0,0,,0,,,0,0,0,0,0,0,,0,3,8,25,0,0,0,72,13,1,-3.3160811902881,0,0.347222222222222,0.1,0.101838755304102,0.221287128712871,0,2.5,5.5
2019,REG,00-0030155,D.Harris,Demetrius Harris,TE,TE,"https://static.www.nfl.com/image/private/f_auto,q_auto/league/nlajcnjlosuajmqswxvl",13,CLE,0,0,0,0,0,0,0,0,0,0,0,0,,0,,,0,0,0,0,0,0,,0,15,27,149,3,0,0,170,68,10,8.99737424915656,1,0.876470588235294,0.0676691729323308,0.0493039443155452,0.136016520419378,0,34.9,49.9
2019,REG,00-0030181,J.Doyle,Jack Doyle,TE,TE,"https://static.www.nfl.com/image/private/f_auto,q_auto/league/h6abyvmg2g93llboizi6",15,IND,0,0,0,0,0,0,0,0,0,0,0,0,,0,,,0,0,0,0,0,0,,0,43,72,448,4,1,0,491,216,29,3.45903640426071,0,0.912423625254583,0.154175588865096,0.130724174653887,0.322770305555366,0,68.8,111.8
2019,REG,00-0030197,D.Lacey,Deon Lacey,ILB,LB,"https://static.www.nfl.com/image/private/f_auto,q_auto/league/iahxdsgmcg9b15fxznsh",1,MIA,0,0,0,0,0,0,0,0,0,0,0,0,,0,,,0,0,0,0,0,0,,0,0,1,0,0,0,0,30,0,0,-2.85510073928162,0,0.0,0.0227272727272727,0.0704225352112676,0.0833866837387964,0,0.0,0.0
2019,REG,00-0030216,J.Hill,Josh Hill,TE,TE,"https://static.www.nfl.com/image/private/f_auto,q_auto/league/vdva7m1fxklv6gxbsg7q",13,NO,0,0,0,0,0,0,0,0,0,0,0,0,,0,,,0,0,0,0,0,0,,0,25,35,226,3,0,0,173,159,13,8.39718810524209,0,1.30635838150289,0.0788288288288288,0.0601111883252259,0.160321075070901,0,40.6,65.6
2019,REG,00-0030279,K.Allen,Keenan Allen,WR,WR,"https://static.www.nfl.com/image/upload/f_auto,q_auto/league/lngo1onvkcqjnq7ozkuu",16,LAC,0,0,0,0,0,0,0,0,0,0,0,0,,0,,,3,16,0,0,0,1,-0.229719123104587,0,104,149,1199,6,0,0,1506,369,63,42.8646989746316,0,0.796148738379814,0.258680555555556,0.298631766805473,0.597063070097164,0,157.5,261.5
2019,REG,00-0030288,R.Burkhead,Rex Burkhead,RB,RB,"https://static.www.nfl.com/image/private/f_auto,q_auto/league/ysgdnkasvp07qmrkasve",13,NE,0,0,0,0,0,0,0,0,0,0,0,0,,0,,,65,302,3,0,0,18,1.2109917525489,0,27,38,279,0,1,1,123,229,10,-5.017761858413,0,2.26829268292683,0.0818965517241379,0.0329758713136729,0.145927937505778,0,74.1,101.1
2019,REG,00-0030300,J.Brown,Jaron Brown,WR,WR,"https://static.www.nfl.com/image/private/f_auto,q_auto/league/y41u4egwigms9rg2p3ln",8,SEA,0,0,0,0,0,0,0,0,0,0,0,0,,0,,,0,0,0,0,0,0,,0,16,28,220,2,1,1,256,59,10,-1.35655955940596,0,0.859375,0.108108108108108,0.104149715215622,0.235066962813098,0,32.0,48.0
2019,REG,00-0030404,C.Thompson,Chris Thompson,RB,RB,"https://static.www.nfl.com/image/private/f_auto,q_auto/league/ypyldro2efcy5jcrytft",11,WAS,0,0,0,0,0,0,0,0,0,0,0,0,,0,,,37,138,0,0,0,7,-7.22306289468543,0,42,58,378,0,1,0,101,337,16,-1.60983782672841,0,3.74257425742574,0.166666666666667,0.0386381025248661,0.277046671767406,0,51.6,93.6
2019,REG,00-0030414,S.Ware,Spencer Ware,RB,RB,"https://static.www.nfl.com/image/private/f_auto,q_auto/league/qr04afpcu3fqpgxnws6t",3,KC,0,0,0,0,0,0,0,0,0,0,0,0,,0,,,17,51,0,0,0,3,-1.18488514819182,0,5,7,22,0,1,0,2,15,1,-2.10206679374096,0,11.0,0.0679611650485437,0.0025673940949935,0.103738923439311,0,7.3,12.3
2019,REG,00-0030431,R.Woods,Robert Woods,WR,WR,"https://static.www.nfl.com/image/upload/f_auto,q_auto/league/ydjg5fylwkf5aaxiul6v",15,LA,0,0,0,0,0,0,0,0,0,0,0,0,,0,,,17,115,1,0,0,5,5.27338054130087,0,90,139,1134,2,0,0,1169,576,54,22.6524444830296,0,0.970059880239521,0.233221476510067,0.250858369098712,0.525433073134199,0,142.9,232.9
2019,REG,00-0030443,L.Toilolo,Levine Toilolo,TE,TE,"https://static.www.nfl.com/image/private/f_auto,q_auto/league/w6qnlfw0cuxest48srd0",2,SF,0,0,0,0,0,0,0,0,0,0,0,0,,0,,,0,0,0,0,0,0,,0,2,2,10,0,0,0,-3,13,0,0.277028206910472,0,0.0,0.0392156862745098,-0.0100671140939597,0.0517765495459929,0,1.0,3.0
2019,REG,00-0030456,G.Bernard,Giovani Bernard,RB,RB,"https://static.www.nfl.com/image/private/f_auto,q_auto/league/guht9y14gftgsugb87xz",16,CIN,0,0,0,0,0,0,0,0,0,0,0,0,,0,,,53,170,0,0,0,10,-15.4636021244993,0,30,43,234,0,2,1,6,220,7,-13.6214152577444,0,39.0,0.0730050933786078,0.0012972972972973,0.11041574817602,0,38.4,68.4
2019,REG,00-0030465,K.Barner,Kenjon Barner,RB,RB,"https://static.www.nfl.com/image/private/f_auto,q_auto/league/n8hvbyw7vdlj7svjwqg4",8,ATL,1,1,3,0,0,0,0,0,0,-4,7,0,-0.148107750341296,0,0.0,,4,28,0,0,0,1,1.00022947689286,0,6,8,22,0,0,0,-3,27,1,-2.43901284987805,0,-7.33333333333333,0.0390243902439024,-0.0021613832853025,0.0570236170661418,1,11.12,17.12
2019,REG,00-0030470,V.McDonald,Vance McDonald,TE,TE,"https://static.www.nfl.com/image/private/f_auto,q_auto/league/apafzol1dcqu56cqotv9",14,PIT,0,0,0,0,0,0,0,0,0,0,0,0,,0,,,1,2,0,0,0,0,-0.795680686365813,0,38,55,273,3,1,0,278,172,12,-11.380181262409,0,0.982014388489209,0.13126491646778,0.0850152905198777,0.256408078065585,0,45.5,83.5
2019,REG,00-0030496,L.Bell,Le'Veon Bell,RB,RB,"https://static.www.nfl.com/image/private/f_auto,q_auto/league/sm3ij3pcby5ciqwaaqa1",15,NYJ,0,0,0,0,0,0,0,0,0,0,0,0,,0,,,245,789,3,0,0,36,-46.7537277789213,0,66,78,461,1,1,1,43,440,20,-4.48237445475284,1,10.7209302325581,0.170678336980306,0.0118294360385144,0.26429811069742,0,149.0,215.0
2019,REG,00-0030506,T.Kelce,Travis Kelce,TE,TE,"https://static.www.nfl.com/image/upload/f_auto,q_auto/league/ilk4qbxxs6mt3v9zfvtg",16,KC,0,0,0,0,0,0,0,0,0,0,0,0,,0,,,1,4,1,0,0,1,2.75978993682656,0,97,136,1229,5,1,1,1224,410,65,62.7401306035823,0,1.00408496732026,0.243727598566308,0.257792754844145,0.546046326240364,0,157.3,254.3
2019,REG,00-0030513,L.Murray,Latavius Murray,RB,RB,"https://static.www.nfl.com/image/private/f_auto,q_auto/league/zepm7ghltyeqydn0qxcg",16,NO,0,0,0,0,0,0,0,0,0,0,0,0,,0,,,146,637,5,0,0,38,-4.31856014521327,0,34,43,235,1,0,0,-50,284,9,-0.398742128310544,0,-4.7,0.0924731182795699,-0.0164690382081686,0.127181350673637,0,123.2,157.2
2019,REG,00-0030520,M.Glennon,Mike Glennon,QB,QB,"https://static.www.nfl.com/image/private/f_auto,q_auto/league/mubobrjbeudtezxv0t0p",2,LV,6,10,56,1,0,0,0,1,0,112,18,3,1.04643549217144,0,0.5,0.075514312594243,2,0,0,2,1,0,-0.862523504067212,0,0,0,0,0,0,0,0,0,0,,0,,,,,0,4.24,4.24
2019,REG,00-0030525,T.Austin,Tavon Austin,WR,WR,"https://static.www.nfl.com/image/private/f_auto,q_auto/league/ulagxqgjnrft4wub0gus",13,DAL,0,0,0,0,0,0,0,0,0,0,0,0,,0,,,6,47,1,1,0,2,2.83798065566225,0,13,24,177,1,0,0,299,85,8,4.45657689634053,0,0.591973244147157,0.0547945205479452,0.0775213896810993,0.136456753598687,0,34.4,47.4
2019,REG,00-0030533,M.Barkley,Matt Barkley,QB,QB,"https://static.www.nfl.com/image/private/f_auto,q_auto/league/ejvscebj0ufugx5vrouq",2,BUF,27,51,359,0,3,2,10,2,1,403,156,15,-10.3701373735957,0,0.890818858560794,-0.0480633681778115,2,-4,0,1,0,0,-2.4658190527698,0,0,0,0,0,0,0,0,0,0,,0,,,,,0,5.96,5.96
2019,REG,00-0030549,T.Eifert,Tyler Eifert,TE,TE,"https://static.www.nfl.com/image/private/f_auto,q_auto/league/sextvbehmeu7ydutxtsu",16,CIN,0,0,0,0,0,0,0,0,0,0,0,0,,0,,,0,0,0,0,0,0,,0,43,63,436,3,0,0,521,112,24,23.195687816041,1,0.836852207293666,0.106960950764007,0.107689127738735,0.235823815563125,0,63.6,106.6
2019,REG,00-0030564,D.Hopkins,DeAndre Hopkins,WR,WR,"https://static.www.nfl.com/image/upload/f_auto,q_auto/league/viymeohipdn0voptrkzh",15,HOU,1,2,6,1,1,0,0,0,0,9,6,1,-5.57848233851837,0,0.666666666666667,,2,18,0,0,0,2,1.97609880712116,0,104,150,1165,7,0,0,1517,387,68,58.8560356064502,1,0.767963085036256,0.308641975308642,0.359649122807018,0.714717348927875,0,164.54,268.54
2019,REG,00-0030578,C.Patterson,Cordarrelle Patterson,RB,RB,"https://static.www.nfl.com/image/upload/f_auto,q_auto/league/jktdrwmujfuqp94csnav",12,CHI,0,0,0,0,0,0,0,0,0,0,0,0,,0,,,17,103,0,0,0,4,0.304184634878766,0,11,17,83,0,0,0,84,72,3,-1.28299479507305,0,0.988095238095238,0.0519877675840979,0.0336808340016039,0.10155823517727,1,24.6,35.6
2019,REG,00-0030663,W.Snead,Willie Snead,WR,WR,"https://static.www.nfl.com/image/private/f_auto,q_auto/league/fr5xckiwhguuaishnbju",16,BAL,0,0,0,0,0,0,0,0,0,0,0,0,,0,,,2,2,0,0,0,0,-1.41796026338125,0,31,46,339,5,0,0,409,126,20,14.6167841937665,0,0.828850855745721,0.108490566037736,0.110780065005417,0.240281894560396,0,64.1,95.1
2019,REG,00-0030669,A.Wilson,Albert Wilson,WR,WR,"https://static.www.nfl.com/image/private/f_auto,q_auto/league/slythouwdcrug0poiios",13,MIA,1,2,20,0,0,1,10,0,0,20,23,1,-0.818087985389866,0,1.0,,5,45,0,0,0,1,2.08601699321298,0,43,62,351,1,0,0,327,179,22,4.94190277013695,0,1.07339449541284,0.123505976095618,0.0818728092138207,0.242569930593101,0,46.4,89.4
2019,REG,00-0030670,B.Fowler,Bennie Fowler,WR,WR,"https://static.www.nfl.com/image/private/f_auto,q_auto/league/nfcmdcfhjf347rw1cstq",8,NYG,0,0,0,0,0,0,0,0,0,0,0,0,,0,,,1,20,0,0,0,1,1.38900391152129,0,23,36,193,0,0,0,370,29,12,3.65002899301094,1,0.521621621621622,0.116504854368932,0.168641750227894,0.292806506712924,0,23.3,46.3
2019,REG,00-0030710,T.Burton,Trey Burton,TE,TE,"https://static.www.nfl.com/image/private/f_auto,q_auto/league/vt2ce0szit4ozyh5s5iw",8,CHI,0,0,0,0,0,0,0,0,0,0,0,0,,0,,,0,0,0,0,0,0,,0,14,24,84,0,0,0,120,36,5,-8.62811841790111,0,0.7,0.0963855421686747,0.0648999459167117,0.19000827539471,0,8.4,22.4
2019,REG,00-0030741,R.Nix,Roosevelt Nix,FB,RB,"https://static.www.nfl.com/image/private/f_auto,q_auto/league/ibpity8hbzwonppqziyb",2,PIT,0,0,0,0,0,0,0,0,0,0,0,0,,0,,,0,0,0,0,0,0,,0,2,3,4,0,0,0,2,9,0,-1.67419164360035,0,2.0,0.0428571428571429,0.0029940119760479,0.0663815226689478,0,0.4,2.4
2019,REG,00-0030821,A.Hurns,Allen Hurns,WR,WR,"https://static.www.nfl.com/image/private/f_auto,q_auto/league/ficrwzwu4bfswpzu61fv",14,MIA,0,0,0,0,0,0,0,0,0,0,0,0,,0,,,0,0,0,0,0,0,,0,32,47,416,2,1,1,507,96,18,17.3333412002197,0,0.82051282051282,0.087360594795539,0.112391930835735,0.209715243778323,0,51.6,83.6
2019,REG,00-0030874,D.Williams,Damien Williams,RB,RB,"https://static.www.nfl.com/image/private/f_auto,q_auto/league/ga4vusnfwfvhp2ksqw7x",11,KC,0,0,0,0,0,0,0,0,0,0,0,0,,0,,,111,498,5,1,1,22,-13.631632244669,0,30,37,213,2,0,0,34,230,10,5.59751674601307,0,6.26470588235294,0.106017191977077,0.0123277737490935,0.167655229589982,0,111.1,141.1
2019,REG,00-0030968,K.Smith,Keith Smith,FB,RB,"https://static.www.nfl.com/image/private/f_auto,q_auto/league/jolwasweebgk37nkl7ia",6,ATL,0,0,0,0,0,0,0,0,0,0,0,0,,0,,,5,8,0,0,0,4,-2.16711184132146,0,1,3,13,0,0,0,21,13,1,-0.399457864463329,0,0.619047619047619,0.024390243902439,0.0347682119205298,0.0609231141980294,0,2.1,3.1
2019,REG,00-0031023,Q.Enunwa,Quincy Enunwa,WR,WR,"https://static.www.nfl.com/image/private/f_auto,q_auto/league/vsd27gfxzjt7v7izbjet",1,NYJ,0,0,0,0,0,0,0,0,0,0,0,0,,0,,,0,0,0,0,0,0,,0,1,3,-4,0,1,1,35,-4,0,-0.631674740114249,0,-0.114285714285714,0.0731707317073171,0.15695067264574,0.219621568412994,0,-2.4,-1.4
2019,REG,00-0031035,X.Grimble,Xavier Grimble,TE,TE,"https://static.www.nfl.com/image/private/f_auto,q_auto/league/crjwhcfk4bt6dqojjppj",2,PIT,0,0,0,0,0,0,0,0,0,0,0,0,,0,,,0,0,0,0,0,0,,0,1,3,3,0,0,0,9,2,0,-1.78287690028083,0,0.333333333333333,0.05,0.0215827338129496,0.0901079136690648,0,0.3,1.3
2019,REG,00-0031045,C.Hyde,Carlos Hyde,RB,RB,"https://static.www.nfl.com/image/private/f_auto,q_auto/league/qpmv42ldpkpdf1gpgeua",16,HOU,0,0,0,0,0,0,0,0,0,0,0,0,,0,,,245,1070,6,4,2,55,-13.7520853609894,0,10,16,42,0,0,0,22,51,2,-17.2699218614725,0,1.90909090909091,0.0467836257309942,0.0119825708061002,0.0785632381607614,0,143.2,153.2
2019,REG,00-0031051,J.Brown,John Brown,WR,WR,"https://static.www.nfl.com/image/private/f_auto,q_auto/league/xwyc2a0qfdxbbct6lso6",15,BUF,1,1,28,1,0,0,0,0,0,21,7,1,3.18743088125484,0,1.33333333333333,,2,7,0,0,0,0,-0.679464720247779,0,72,115,1060,6,0,0,1667,210,53,50.5477704018372,0,0.635872825434913,0.257847533632287,0.395023696682464,0.663287888126156,0,147.82,219.82
2019,REG,00-0031060,D.Thomas,De'Anthony Thomas,WR,WR,"https://static.www.nfl.com/image/private/f_auto,q_auto/league/ubevvtu8f1snobsxnnwl",3,BAL,0,0,0,0,0,0,0,0,0,0,0,0,,0,,,2,5,0,0,0,1,0.0470784467179328,0,1,2,6,0,0,0,-1,3,0,-0.247660063789226,0,0.0,0.0253164556962025,-0.0011025358324145,0.0372029084616136,0,1.1,2.1
2019,REG,00-0031062,J.White,James White,RB,RB,"https://static.www.nfl.com/image/private/f_auto,q_auto/league/z1nnkmnstccnqya5d5ee",15,NE,1,1,35,0,0,0,0,0,0,8,27,1,2.00019400386373,0,4.375,,67,263,1,0,0,15,-15.7838272520665,1,72,95,645,5,0,0,224,530,31,26.1920691087579,0,2.87946428571429,0.174632352941176,0.0529425667690853,0.299008326150124,0,130.2,202.2
2019,REG,00-0031068,R.Grant,Ryan Grant,WR,WR,"https://static.www.nfl.com/image/private/f_auto,q_auto/league/im7fnk7uti759btkrdok",2,LV,0,0,0,0,0,0,0,0,0,0,0,0,,0,,,0,0,0,0,0,0,,0,4,9,14,0,0,0,35,5,1,-8.12001113250153,0,0.4,0.142857142857143,0.0770925110132159,0.268250471994965,0,1.4,5.4
2019,REG,00-0031076,D.Fales,David Fales,QB,QB,"https://static.www.nfl.com/image/private/f_auto,q_auto/league/izwtweargevmjanrafe3",1,NYJ,0,0,0,0,0,1,7,0,0,0,0,0,-0.842042427510023,0,,,0,0,0,0,0,0,,0,0,0,0,0,0,0,0,0,0,,0,,,,,0,0.0,0.0
2019,REG,00-0031166,S.Roberts,Seth Roberts,WR,WR,"https://static.www.nfl.com/image/private/f_auto,q_auto/league/wcralkq5mcdpsmjvkatl",14,BAL,0,0,0,0,0,0,0,0,0,0,0,0,,0,,,0,0,0,0,0,0,,0,21,35,271,2,0,0,330,70,18,14.6536479051773,0,0.821212121212121,0.0951086956521739,0.106143454486973,0.216963461619142,0,39.1,60.1
2019,REG,00-0031167,S.Simonson,Scott Simonson,TE,TE,"https://static.www.nfl.com/image/private/f_auto,q_auto/league/cocieog4hemdjlipo1qh",2,NYG,0,0,0,0,0,0,0,0,0,0,0,0,,0,,,0,0,0,0,0,0,,0,2,2,11,0,0,0,8,3,1,1.04996715346351,0,1.375,0.0317460317460317,0.0158102766798419,0.0586862412949369,0,1.1,3.1
2019,REG,00-0031189,T.Jones,T.J. Jones,WR,WR,"https://static.www.nfl.com/image/private/f_auto,q_auto/league/fqv9h42uxtxjl7jjs2dt",1,NYG,0,0,0,0,0,0,0,0,0,0,0,0,,0,,,0,0,0,0,0,0,,0,3,4,38,1,0,0,30,23,2,-1.69725665566511,0,1.26666666666667,0.0909090909090909,0.0835654596100279,0.194859458090656,0,9.8,12.8
2019,REG,00-0031209,S.Perry,Senorise Perry,RB,RB,"https://static.www.nfl.com/image/private/f_auto,q_auto/league/oswxcmdccm8me6v2n6ao",1,BUF,0,0,0,0,0,0,0,0,0,0,0,0,,0,,,3,3,0,0,0,0,-2.18013530160533,0,1,1,1,0,0,0,-1,2,0,-0.838962599404354,0,-1.0,0.0256410256410256,-0.0032679738562091,0.0361739567621921,0,0.4,1.4
2019,REG,00-0031228,T.Gabriel,Taylor Gabriel,WR,WR,"https://static.www.nfl.com/image/private/f_auto,q_auto/league/nc4aoax8j5mnnrjewu7p",9,CHI,0,0,0,0,0,0,0,0,0,0,0,0,,0,,,3,20,0,0,0,1,1.09392750810366,0,29,48,353,4,0,0,556,79,17,13.5363926482969,0,0.634892086330935,0.151898734177215,0.22374245472837,0.384467819575682,0,61.3,90.3
2019,REG,00-0031235,O.Beckham,Odell Beckham,WR,WR,"https://static.www.nfl.com/image/upload/f_auto,q_auto/league/ffmalg3wr7lwnsz59i7v",16,CLE,1,2,20,0,0,0,0,0,0,65,5,1,0.902924921829253,0,0.307692307692308,,3,10,0,0,0,1,-0.654025713622104,0,75,134,1091,5,0,0,1744,364,45,8.31530425307275,0,0.625573394495413,0.258687258687259,0.390768541339906,0.661568866968822,0,140.9,215.9
2019,REG,00-0031236,B.Cooks,Brandin Cooks,WR,WR,"https://static.www.nfl.com/image/upload/f_auto,q_auto/league/pjoksfxpbba4hevwpuop",14,LA,0,0,0,0,0,0,0,0,0,0,0,0,,0,,,6,52,0,0,0,3,2.28017098351847,0,42,72,583,2,0,0,1004,169,32,18.5561506017941,0,0.580677290836653,0.129963898916968,0.23016964695094,0.356064601241109,0,75.5,117.5
2019,REG,00-0031237,T.Bridgewater,Teddy Bridgewater,QB,QB,"https://static.www.nfl.com/image/private/f_auto,q_auto/league/q5p8afhezmpvc1xbwibf",9,NO,133,196,1384,9,2,12,89,1,0,1212,748,67,23.955843702644,0,1.14191419141914,0.0779939860769122,28,31,0,0,0,4,-16.3941019233227,0,0,0,0,0,0,0,0,0,0,,0,,,,,0,90.46,90.46
2019,REG,00-0031257,P.Richardson,Paul Richardson,WR,WR,"https://static.www.nfl.com/image/private/f_auto,q_auto/league/jxsldwomavxfbs7gueqt",10,WAS,0,0,0,0,0,0,0,0,0,0,0,0,,0,,,1,0,0,0,0,0,-0.580190670676529,0,28,42,245,2,0,0,403,50,13,4.94714833282362,0,0.607940446650124,0.148409893992933,0.188141923436041,0.354314187394628,0,36.5,64.5
2019,REG,00-0031260,L.Thomas,Logan Thomas,TE,TE,"https://static.www.nfl.com/image/private/f_auto,q_auto/league/acm0ymhqdzqxdibwjphv",13,DET,0,0,0,0,0,0,0,0,0,0,0,0,,0,,,0,0,0,0,0,0,,0,16,28,173,1,0,0,214,77,10,-1.16224875469925,0,0.808411214953271,0.0654205607476636,0.0531017369727047,0.135302057002389,0,23.3,39.3
2019,REG,00-0031273,C.Brate,Cameron Brate,TE,TE,"https://static.www.nfl.com/image/private/f_auto,q_auto/league/jhioqec65qy4z7s6w9a6",14,TB,0,0,0,0,0,0,0,0,0,0,0,0,,0,,,0,0,0,0,0,0,,0,36,55,311,4,0,0,385,90,21,3.95233318317499,0,0.807792207792208,0.10597302504817,0.0699237195786415,0.207906141277303,0,55.1,91.1
2019,REG,00-0031280,D.Carr,Derek Carr,QB,QB,"https://static.www.nfl.com/image/upload/f_auto,q_auto/league/qsz1pyrlu6bmvby6maaf",16,LV,361,513,4054,21,8,29,184,1,0,3355,2135,191,99.122899199962,0,1.20834575260805,0.141922218943701,27,82,2,6,2,7,-11.066465667187,0,0,0,0,0,0,0,0,0,0,,0,,,,,0,246.36,246.36
2019,REG,00-0031285,D.Freeman,Devonta Freeman,RB,RB,"https://static.www.nfl.com/image/private/f_auto,q_auto/league/vjhvfwypu1byxfo2uvki",14,ATL,0,0,0,0,0,0,0,0,0,0,0,0,,0,,,184,656,2,2,1,31,-41.3000765124743,0,59,70,410,4,1,1,79,344,17,-5.16570967470986,0,5.18987341772152,0.122591943957968,0.0171926006528836,0.195922736393971,0,138.6,197.6
2019,REG,00-0031288,A.McCarron,AJ McCarron,QB,QB,"https://static.www.nfl.com/image/private/f_auto,q_auto/league/fvakqnmsg35llkcme11h",2,HOU,21,37,225,0,1,5,43,0,0,313,130,11,-8.24808175206999,0,0.718849840255591,-0.009851940750089,5,39,1,0,0,3,0.599034865503199,0,0,0,0,0,0,0,0,0,0,,0,,,,,0,16.9,16.9
2019,REG,00-0031299,J.Matthews,Jordan Matthews,TE,TE,"https://static.www.nfl.com/image/upload/f_auto,q_auto/league/b9rddikwsnwmfh9girgn",2,PHI,0,0,0,0,0,0,0,0,0,0,0,0,,0,,,0,0,0,0,0,0,,0,4,12,33,0,0,0,175,7,1,-8.29453269153588,0,0.188571428571429,0.144578313253012,0.275590551181102,0.40978085570629,0,3.3,7.3
2019,REG,00-0031319,D.Spencer,Diontae Spencer,WR,WR,"https://static.www.nfl.com/image/private/f_auto,q_auto/league/lf3axvxomg2ktozc1rei",7,DEN,0,0,0,0,0,0,0,0,0,0,0,0,,0,,,3,6,0,0,0,0,-0.801819444575813,0,6,8,31,0,1,1,49,33,1,-2.53845756343799,0,0.63265306122449,0.0575539568345324,0.0633893919793014,0.13070350963731,0,1.7,7.7
2019,REG,00-0031325,S.Watkins,Sammy Watkins,WR,WR,"https://static.www.nfl.com/image/private/f_auto,q_auto/league/nkqk4ac4uncxocqlgp2k",13,KC,0,0,0,0,0,0,0,0,0,0,0,0,,0,,,2,12,0,0,0,1,0.218552296981215,0,52,90,673,3,2,1,854,297,30,17.2136034504532,1,0.788056206088993,0.196936542669584,0.223151293441338,0.451610719413313,0,86.5,138.5
2019,REG,00-0031339,D.Moncrief,Donte Moncrief,WR,WR,"https://static.www.nfl.com/image/private/f_auto,q_auto/league/iippulnxfyjgrlj2p5qw",4,PIT,0,0,0,0,0,0,0,0,0,0,0,0,,0,,,0,0,0,0,0,0,,0,4,15,18,0,0,0,202,3,1,-15.651088900425,0,0.0891089108910891,0.110294117647059,0.155265180630284,0.274126802911787,0,1.8,5.8
2019,REG,00-0031344,C.Latimer,Cody Latimer,WR,WR,"https://static.www.nfl.com/image/private/f_auto,q_auto/league/whgchcrp9pqx0waocewu",13,NYG,0,0,0,0,0,0,0,0,0,0,0,0,,0,,,0,0,0,0,0,0,,0,24,42,300,2,0,0,497,69,19,4.30160551160225,0,0.603621730382294,0.0853658536585366,0.126174155877126,0.216370689601793,0,42.0,66.0
2019,REG,00-0031345,J.Garoppolo,Jimmy Garoppolo,QB,QB,"https://static.www.nfl.com/image/upload/f_auto,q_auto/league/lbyjizqecoq4onrgectw",16,SF,329,476,3978,27,13,36,237,5,4,3108,2159,193,82.221638020915,2,1.27992277992278,0.135859762555604,46,62,1,5,1,13,-14.4291741747748,0,0,0,0,0,0,0,0,0,0,,0,,,,,0,247.32,247.32
2019,REG,00-0031363,M.Palardy,Michael Palardy,P,SPEC,"https://static.www.nfl.com/image/private/f_auto,q_auto/league/hoxfeahxcb9sbz83nose",1,CAR,1,1,12,0,0,0,0,0,0,10,2,1,3.80444359045941,0,1.2,,0,0,0,0,0,0,,0,0,0,0,0,0,0,0,0,0,,0,,,,,0,0.48,0.48
2019,REG,00-0031381,D.Adams,Davante Adams,WR,WR,"https://static.www.nfl.com/image/upload/f_auto,q_auto/league/jweoujpjv9u2a8k7wnos",12,GB,0,0,0,0,0,0,0,0,0,0,0,0,,0,,,0,0,0,0,0,0,,0,83,127,997,5,2,1,1270,388,54,48.3196861561113,1,0.78503937007874,0.307506053268765,0.339572192513369,0.698959614662506,0,129.7,212.7
2019,REG,00-0031382,J.Landry,Jarvis Landry,WR,WR,"https://static.www.nfl.com/image/private/f_auto,q_auto/league/w2q9uwsjvgadwyvnvopb",16,CLE,0,0,0,0,0,0,0,0,0,0,0,0,,0,,,1,10,0,0,0,1,0.676480937516317,0,83,138,1174,6,0,0,1343,436,55,22.0778068241272,0,0.874162323157111,0.266409266409266,0.300918664575398,0.610256964816678,0,154.4,237.4
2019,REG,00-0031387,E.Ebron,Eric Ebron,TE,TE,"https://static.www.nfl.com/image/private/f_auto,q_auto/league/uaxsxymncppase7ihczd",11,IND,0,0,0,0,0,0,0,0,0,0,0,0,,0,,,0,0,0,0,0,0,,0,31,52,375,3,0,0,495,155,20,-2.88438759436264,0,0.757575757575758,0.155223880597015,0.197841726618705,0.371325029528616,0,55.5,86.5
2019,REG,00-0031395,G.Gilbert,Garrett Gilbert,QB,QB,"https://static.www.nfl.com/image/private/f_auto,q_auto/league/tqn0pjemxn7hoze93kwa",5,CLE,0,3,0,0,0,0,0,0,0,47,0,0,-1.05987933269353,0,0.0,,3,-3,0,0,0,0,-2.71273591901991,0,0,0,0,0,0,0,0,0,0,,0,,,,,0,-0.3,-0.3
2019,REG,00-0031407,B.Bortles,Blake Bortles,QB,QB,"https://static.www.nfl.com/image/private/f_auto,q_auto/league/jvoui3bptgsfvgkz5e1b",2,LA,1,2,3,0,0,0,0,0,0,-3,6,0,-1.42863588384353,0,0.0,,2,-9,0,0,0,0,-1.59970960434293,0,0,0,0,0,0,0,0,0,0,,0,,,,,0,-0.78,-0.78
2019,REG,00-0031408,M.Evans,Mike Evans,WR,WR,"https://static.www.nfl.com/image/upload/f_auto,q_auto/league/vfsaie1uiokfczwv9p4d",13,TB,0,0,0,0,0,0,0,0,0,0,0,0,,0,,,0,0,0,0,0,0,,0,67,118,1157,8,0,0,1777,261,54,27.7073083301361,1,0.651097355092853,0.237903225806452,0.351116380162023,0.602636304823094,0,165.7,232.7
2019,REG,00-0031428,A.Robinson,Allen Robinson,WR,WR,"https://static.www.nfl.com/image/upload/f_auto,q_auto/league/fyukft9lraurbsq0laom",16,CHI,0,0,0,0,0,0,0,0,0,0,0,0,,0,,,1,2,0,0,0,0,-0.580108547816053,0,98,154,1147,7,0,0,1702,272,63,41.1679878319806,0,0.673913043478261,0.27208480565371,0.389206494397439,0.680571754558773,0,156.9,254.9
2019,REG,00-0031431,M.Lee,Marqise Lee,WR,WR,"https://static.www.nfl.com/image/private/f_auto,q_auto/league/drsesqqzwhkilsx51j4i",4,JAX,0,0,0,0,0,0,0,0,0,0,0,0,,0,,,1,1,0,0,0,0,-0.494494587881491,0,3,4,18,0,0,0,18,5,2,0.44883947703056,0,1.0,0.0380952380952381,0.0189873417721519,0.0704339963833635,0,1.9,4.9
2019,REG,00-0031484,C.Manhertz,Chris Manhertz,TE,TE,"https://static.www.nfl.com/image/upload/f_auto,q_auto/league/edzj1uojuh7octginx1e",1,CAR,0,0,0,0,0,0,0,0,0,0,0,0,,0,,,0,0,0,0,0,0,,0,1,1,11,0,0,0,2,9,1,0.788325236062519,0,5.5,0.025,0.0054794520547945,0.0413356164383562,0,1.1,2.1
2019,REG,00-0031502,J.Berry,Jordan Berry,P,SPEC,"https://static.www.nfl.com/image/private/f_auto,q_auto/league/rltqupvbxjui0kyat1fb",2,PIT,0,0,0,0,0,0,0,0,0,0,0,0,,0,,,2,-8,0,2,1,0,-9.42036419420037,0,0,0,0,0,0,0,0,0,0,,0,,,,,0,-2.8,-2.8
2019,REG,00-0031503,J.Winston,Jameis Winston,QB,QB,"https://static.www.nfl.com/image/upload/f_auto,q_auto/league/chdeosreuupotgq0eqlm",16,TB,380,626,5109,33,30,47,282,9,4,6481,1885,243,42.8871508515259,2,0.788304274031785,0.0983819373292686,59,250,1,3,1,18,5.38671425408036,2,0,0,0,0,0,0,0,0,0,,0,,,,,0,305.36,305.36
2019,REG,00-0031511,D.White,DeAndrew White,WR,WR,"https://static.www.nfl.com/image/private/f_auto,q_auto/league/lqmfu6qd0olpnvocajbh",3,CAR,0,0,0,0,0,0,0,0,0,0,0,0,,0,,,0,0,0,0,0,0,,0,4,9,51,0,0,0,133,28,3,-3.47097419289639,0,0.383458646616541,0.0703125,0.125471698113208,0.193298938679245,0,5.1,9.1
2019,REG,00-0031544,A.Cooper,Amari Cooper,WR,WR,"https://static.www.nfl.com/image/upload/f_auto,q_auto/league/zmtzqznqui37unmo5xv9",16,DAL,0,0,0,0,0,0,0,0,0,0,0,0,,0,,,1,6,0,0,0,0,0.240294087561779,0,79,119,1189,8,0,0,1523,240,54,52.4648291969041,0,0.78069599474721,0.206597222222222,0.284513356996077,0.509055183230587,0,167.5,246.5
2019,REG,00-0031547,D.Parker,DeVante Parker,WR,WR,"https://static.www.nfl.com/image/private/f_auto,q_auto/league/beuyfjou6kckaoqqpa96",16,MIA,0,0,0,0,0,0,0,0,0,0,0,0,,0,,,0,0,0,0,0,0,,0,72,128,1202,9,0,0,1798,263,58,57.7421847820929,0,0.668520578420467,0.211221122112211,0.33100147275405,0.548532714096152,0,174.2,246.2
2019,REG,00-0031549,N.Agholor,Nelson Agholor,WR,WR,"https://static.www.nfl.com/image/upload/f_auto,q_auto/league/wyxfkarcjgqdz3pl8nnr",11,PHI,0,0,0,0,0,0,0,0,0,0,0,0,,0,,,2,7,0,0,0,1,-0.406917184591293,0,39,69,363,3,2,1,764,132,17,-4.51181909471045,1,0.475130890052356,0.177377892030848,0.218410520297313,0.418954202254391,0,55.0,94.0
2019,REG,00-0031558,M.Williams,Maxx Williams,TE,TE,"https://static.www.nfl.com/image/private/f_auto,q_auto/league/p0j7ax3rqhrzn5nvmc06",13,ARI,0,0,0,0,0,0,0,0,0,0,0,0,,0,,,0,0,0,0,0,0,,0,15,19,202,1,0,0,137,104,11,4.20401622657664,0,1.47445255474453,0.0454545454545455,0.0413647342995169,0.09713713219148,0,26.2,41.2
2019,REG,00-0031570,J.Hardy,Justin Hardy,WR,WR,"https://static.www.nfl.com/image/private/f_auto,q_auto/league/bf30pn7pqvdiof0zb6a0",11,ATL,0,0,0,0,0,0,0,0,0,0,0,0,,0,,,0,0,0,0,0,0,,0,19,26,195,0,0,0,199,81,9,4.372209376853,0,0.979899497487437,0.058165548098434,0.0544608648056924,0.125370927511636,0,19.5,38.5
2019,REG,00-0031577,J.Allen,Javorius Allen,RB,RB,"https://static.www.nfl.com/image/private/f_auto,q_auto/league/jguqo1kwlkfamf537de0",3,NYG,0,0,0,0,0,0,0,0,0,0,0,0,,0,,,10,36,1,0,0,3,0.850782513211016,0,1,2,9,0,0,0,11,4,0,-0.74952915663016,0,0.818181818181818,0.0425531914893617,0.0211132437619962,0.0786090578674399,0,10.5,11.5
2019,REG,00-0031585,M.Pruitt,MyCole Pruitt,TE,TE,"https://static.www.nfl.com/image/upload/f_auto,q_auto/league/jazo8egu5luwyxxcpjh8",6,TEN,0,0,0,0,0,0,0,0,0,0,0,0,,0,,,0,0,0,0,0,0,,0,6,8,90,1,0,0,30,65,4,5.46295106524485,0,3.0,0.054421768707483,0.0237154150197628,0.0982334435750585,0,15.0,21.0
2019,REG,00-0031588,S.Diggs,Stefon Diggs,WR,WR,"https://static.www.nfl.com/image/upload/f_auto,q_auto/league/to2qwuffjnjlouctglsl",15,MIN,0,1,0,0,0,0,0,0,0,12,0,0,-1.81941272510448,0,0.0,,5,61,0,0,0,3,4.75910087802913,0,63,94,1130,6,4,3,1399,302,41,46.5512195292474,0,0.807719799857041,0.222748815165877,0.432591218305504,0.636937075562668,0,149.1,212.1
2019,REG,00-0031589,B.Hundley,Brett Hundley,QB,QB,"https://static.www.nfl.com/image/private/f_auto,q_auto/league/lgplktjykzjrnjsn9x8y",3,ARI,5,11,49,0,0,2,11,0,0,114,34,2,-3.36605330555214,0,0.429824561403509,-0.0057878151545562,7,41,0,0,0,3,1.84686821856303,0,0,0,0,0,0,0,0,0,0,,0,,,,,0,6.06,6.06
2019,REG,00-0031590,J.Ajayi,Jay Ajayi,RB,RB,"https://static.www.nfl.com/image/private/f_auto,q_auto/league/bt0drbhvsjykf2xxvskx",3,PHI,0,0,0,0,0,0,0,0,0,0,0,0,,0,,,10,30,0,0,0,3,-1.93145007704152,0,0,1,0,0,0,0,1,0,0,-0.83411192568019,0,0.0,0.02,0.0031847133757961,0.0322292993630573,0,3.0,3.0
2019,REG,00-0031595,M.Burton,Michael Burton,FB,RB,"https://static.www.nfl.com/image/upload/f_auto,q_auto/league/edfaq7s9wuzedbfcarrp",1,WAS,0,0,0,0,0,0,0,0,0,0,0,0,,0,,,0,0,0,0,0,0,,0,0,1,0,0,0,0,-2,0,0,-0.311144538180088,0,0.0,0.03125,-0.0093896713615023,0.0403022300469484,0,0.0,0.0
2019,REG,00-0031597,T.Smith,Tye Smith,CB,DB,"https://static.www.nfl.com/image/private/f_auto,q_auto/league/zxyfhiakgitv3ultu7ug",1,TEN,0,0,0,0,0,0,0,0,0,0,0,0,,0,,,0,0,0,0,0,0,,0,0,0,0,0,0,0,0,0,0,,0,,,,,1,6.0,6.0
2019,REG,00-0031598,N.Boyle,Nick Boyle,TE,TE,"https://static.www.nfl.com/image/private/f_auto,q_auto/league/emqvoudb71kgmkfphmuw",15,BAL,0,0,0,0,0,0,0,0,0,0,0,0,,0,,,0,0,0,0,0,0,,0,31,43,321,2,0,0,263,160,13,13.1582458954194,0,1.22053231939164,0.106965174129353,0.0761215629522431,0.2137328552606,0,44.1,75.1
2019,REG,00-0031610,D.Waller,Darren Waller,TE,TE,"https://static.www.nfl.com/image/private/f_auto,q_auto/league/qqzht46a66zbi9xyylf4",16,LV,0,0,0,0,0,0,0,0,0,0,0,0,,0,,,2,5,0,0,0,0,-0.282494969957043,0,90,117,1145,3,1,1,848,578,53,46.5981944567498,0,1.3502358490566,0.238289205702648,0.257986005476118,0.538024012387254,0,131.0,221.0
2019,REG,00-0031665,Z.Zenner,Zach Zenner,RB,RB,"https://static.www.nfl.com/image/private/f_auto,q_auto/league/deiznogchpv1vbrmyuax",3,ARI,0,0,0,0,0,0,0,0,0,0,0,0,,0,,,3,-2,0,0,0,0,-1.99495284747311,0,2,3,19,0,0,0,5,19,2,-0.232720782165416,0,3.8,0.0441176470588235,0.009009009009009,0.0724827768945416,0,1.7,3.7
2019,REG,00-0031687,R.Mostert,Raheem Mostert,RB,RB,"https://static.www.nfl.com/image/upload/f_auto,q_auto/league/ayii5q2am51xeipp1h8v",15,SF,0,0,0,0,0,0,0,0,0,0,0,0,,0,,,137,772,8,1,1,31,7.10291761991793,0,14,22,180,2,0,0,45,155,6,6.91628750461592,0,4.0,0.0668693009118541,0.0206138341731562,0.11473363528899,0,153.2,167.2
2019,REG,00-0031690,E.Tomlinson,Eric Tomlinson,TE,TE,"https://static.www.nfl.com/image/upload/f_auto,q_auto/league/i2n4shhc4sprxbsbhfcy",1,NE,0,0,0,0,0,0,0,0,0,0,0,0,,0,,,0,0,0,0,0,0,,0,1,1,1,0,0,0,0,1,0,-0.500110578723252,0,0.0,0.0238095238095238,,,0,0.1,1.1
2019,REG,00-0031744,M.LaCosse,Matt LaCosse,TE,TE,"https://static.www.nfl.com/image/private/f_auto,q_auto/league/yt2cjnrobixknkfi5vud",8,NE,0,0,0,0,0,0,0,0,0,0,0,0,,0,,,0,0,0,0,0,0,,0,13,19,131,1,0,0,134,46,6,0.523185730969999,0,0.977611940298507,0.0659722222222222,0.0574614065180103,0.139181317895941,0,19.1,32.1
2019,REG,00-0031763,D.Carter,DeAndre Carter,WR,WR,"https://static.www.nfl.com/image/private/f_auto,q_auto/league/mh4cvggohuakwwhobzrk",5,HOU,0,0,0,0,0,0,0,0,0,0,0,0,,0,,,0,0,0,0,0,0,,0,11,14,162,0,0,0,151,57,6,7.20782219717512,0,1.07284768211921,0.0880503144654088,0.124690338563171,0.219358708692333,0,16.2,27.2
2019,REG,00-0031787,J.Kumerow,Jake Kumerow,WR,WR,"https://static.www.nfl.com/image/private/f_auto,q_auto/league/lrfqprrjgaeaicqsd0f9",11,GB,0,0,0,0,0,0,0,0,0,0,0,0,,0,,,0,0,0,0,0,0,,0,12,21,219,1,0,0,317,85,8,12.4286647459248,0,0.690851735015773,0.0554089709762533,0.0910396323951752,0.146841199141003,0,27.9,39.9
2019,REG,00-0031806,M.Brown,Malcolm Brown,RB,RB,"https://static.www.nfl.com/image/private/f_auto,q_auto/league/zxnjheichwlnvvu5qdyl",13,LA,0,0,0,0,0,0,0,0,0,0,0,0,,0,,,69,255,5,0,0,16,-10.2439187692071,0,2,6,16,0,0,0,0,7,0,-12.3203987317393,0,0.0,0.0232558139534884,0.0,0.0348837209302326,0,57.1,59.1
2019,REG,00-0031868,D.Byrd,Damiere Byrd,WR,WR,"https://static.www.nfl.com/image/private/f_auto,q_auto/league/cskulleqxehtrgkqsl3u",11,ARI,0,0,0,0,0,0,0,0,0,0,0,0,,0,,,0,0,0,0,0,0,,0,32,46,359,1,1,1,458,150,16,14.2520609790809,0,0.783842794759825,0.12568306010929,0.165942028985507,0.304684010453789,0,39.9,71.9
2019,REG,00-0031934,D.Smith,Devin Smith,WR,WR,"https://static.www.nfl.com/image/private/f_auto,q_auto/league/sxvloat4tcr7e6eghply",3,DAL,0,0,0,0,0,0,0,0,0,0,0,0,,0,,,0,0,0,0,0,0,,0,5,9,113,1,0,0,179,32,4,7.64020574727329,0,0.631284916201117,0.1,0.20067264573991,0.290470852017937,0,17.3,22.3
2019,REG,00-0031941,J.Crowder,Jamison Crowder,WR,WR,"https://static.www.nfl.com/image/upload/f_auto,q_auto/league/rfysbrjrvfdr72cx8who",16,NYJ,0,0,0,0,0,0,0,0,0,0,0,0,,0,,,1,4,0,0,0,0,-0.329190699150786,0,78,122,833,6,0,0,970,353,41,5.13715358082377,0,0.858762886597938,0.247967479674797,0.240635078144381,0.540395774213262,0,119.7,197.7
2019,REG,00-0031951,J.O'Shaughnessy,James O'Shaughnessy,TE,TE,"https://static.www.nfl.com/image/private/f_auto,q_auto/league/sz5g57zhnshipkpw39sz",5,JAX,0,0,0,0,0,0,0,0,0,0,0,0,,0,,,0,0,0,0,0,0,,0,14,20,153,2,0,0,121,81,7,7.41110339519022,0,1.26446280991736,0.119047619047619,0.0881924198250729,0.24030612244898,0,27.3,41.3
2019,REG,00-0031953,G.Davis,Geremy Davis,WR,WR,"https://static.www.nfl.com/image/private/f_auto,q_auto/league/q0pogtzy8q737pqb7zr2",2,LAC,0,0,0,0,0,0,0,0,0,0,0,0,,0,,,0,0,0,0,0,0,,0,3,3,38,0,0,0,36,2,1,3.73769153677858,0,1.05555555555556,0.0416666666666667,0.0495185694635488,0.0971629986244842,0,3.8,6.8
2019,REG,00-0031972,D.Jennings,Darius Jennings,WR,WR,"https://static.www.nfl.com/image/private/f_auto,q_auto/league/ttzaqozynmreovwpwwlh",4,TEN,0,0,0,0,0,0,0,0,0,0,0,0,,0,,,0,0,0,0,0,0,,0,2,5,17,0,0,0,77,14,2,-1.11992496365565,0,0.220779220779221,0.0423728813559322,0.0784114052953157,0.118447305740619,0,1.7,3.7
2019,REG,00-0032009,A.Humphries,Adam Humphries,WR,WR,"https://static.www.nfl.com/image/private/f_auto,q_auto/league/l56ywjejfpraigzs4qia",12,TEN,0,0,0,0,0,0,0,0,0,0,0,0,,0,,,1,1,0,0,0,0,-0.461139629711397,0,37,47,374,2,0,0,351,120,20,17.762918807162,0,1.06552706552707,0.147335423197492,0.133510840623811,0.314460723232906,0,49.5,86.5
2019,REG,00-0032054,B.Perriman,Breshad Perriman,WR,WR,"https://static.www.nfl.com/image/private/f_auto,q_auto/league/zpwov1n42bi5lsqdlxhh",14,TB,0,0,0,0,0,0,0,0,0,0,0,0,,0,,,2,16,0,0,0,1,0.668429046520032,0,36,69,645,6,0,0,1128,127,29,29.5872891921265,0,0.571808510638298,0.130434782608696,0.202041912950027,0.337081512978062,0,102.1,138.1
2019,REG,00-0032055,D.Funchess,Devin Funchess,TE,TE,"https://static.www.nfl.com/image/private/f_auto,q_auto/league/j0q0lmao9tg0rbviax6z",1,IND,0,0,0,0,0,0,0,0,0,0,0,0,,0,,,0,0,0,0,0,0,,0,3,5,32,0,0,0,49,6,2,3.16337258246494,0,0.653061224489796,0.185185185185185,0.310126582278481,0.494866385372715,0,3.2,6.2
2019,REG,00-0032058,T.Coleman,Tevin Coleman,RB,RB,"https://static.www.nfl.com/image/private/f_auto,q_auto/league/wiu4r7bvhcafs9vamqc",14,SF,0,0,0,0,0,0,0,0,0,0,0,0,,0,,,137,544,6,0,0,26,-15.3468736356703,0,21,30,180,1,0,0,-31,204,9,-4.41175272917844,0,-5.80645161290323,0.09375,-0.0169398907103825,0.128767076502732,0,114.4,135.4
2019,REG,00-0032062,B.Bell,Blake Bell,TE,TE,"https://static.www.nfl.com/image/private/f_auto,q_auto/league/eqrmmjto8koqqc9j2kjj",11,KC,0,0,0,0,0,0,0,0,0,0,0,0,,0,,,0,0,0,0,0,0,,0,8,15,67,0,0,0,99,9,3,-2.68104812813183,0,0.676767676767677,0.0414364640883978,0.0390378548895899,0.0894811945553096,0,6.7,14.7
2019,REG,00-0032063,M.Davis,Mike Davis,RB,RB,"https://static.www.nfl.com/image/private/f_auto,q_auto/league/csrqinegeyunycijua2q",5,CAR,0,0,0,0,0,0,0,0,0,0,0,0,,0,,,13,27,0,0,0,0,-8.46386299748129,0,7,8,22,0,0,0,6,27,1,-0.387177662661998,0,3.66666666666667,0.103896103896104,0.0094191522762951,0.162437562437562,0,4.9,11.9
2019,REG,00-0032098,D.Brown,Daniel Brown,TE,TE,"https://static.www.nfl.com/image/private/f_auto,q_auto/league/fnhg5hbp5sjn3uuanqua",6,NYJ,0,0,0,0,0,0,0,0,0,0,0,0,,0,,,0,0,0,0,0,0,,0,7,11,72,1,0,0,111,21,4,-0.365631493725897,0,0.648648648648649,0.0564102564102564,0.0950342465753425,0.151139357218124,0,13.2,20.2
2019,REG,00-0032104,A.Abdullah,Ameer Abdullah,RB,RB,"https://static.www.nfl.com/image/upload/f_auto,q_auto/league/atwi5p12mlgnsl4y8cgt",11,MIN,0,0,0,0,0,0,0,0,0,0,0,0,,0,,,23,115,0,0,0,4,-3.65521553881824,0,15,21,88,1,0,0,9,79,5,-5.76043624508316,0,9.77777777777778,0.091304347826087,0.0058064516129032,0.141021037868163,0,26.3,41.3
2019,REG,00-0032112,J.Nelson,J.J. Nelson,WR,WR,"https://static.www.nfl.com/image/private/f_auto,q_auto/league/rdpp1eiaqse92yvujbs0",1,LV,0,0,0,0,0,0,0,0,0,0,0,0,,0,,,0,0,0,0,0,0,,0,4,5,36,1,0,0,26,15,1,-0.363978857989423,0,1.38461538461538,0.151515151515152,0.131313131313131,0.319191919191919,0,9.6,13.6
2019,REG,00-0032117,N.O'Leary,Nick O'Leary,TE,TE,"https://static.www.nfl.com/image/private/f_auto,q_auto/league/f5411hjmqqxoa27quwfz",8,JAX,0,0,0,0,0,0,0,0,0,0,0,0,,0,,,0,0,0,0,0,0,,0,13,18,109,1,1,0,95,39,4,1.76549527689349,0,1.14736842105263,0.0604026845637584,0.0465230166503428,0.123170138500878,0,16.9,29.9
2019,REG,00-0032128,C.Conley,Chris Conley,WR,WR,"https://static.www.nfl.com/image/upload/f_auto,q_auto/league/mr4h7vx02uwpr7xlfk6y",16,JAX,0,0,0,0,0,0,0,0,0,0,0,0,,0,,,0,0,0,0,0,0,,0,47,90,775,5,0,0,1293,240,36,38.8509285797507,1,0.59938128383604,0.159857904085258,0.303521126760563,0.452251644860281,0,109.5,156.5
2019,REG,00-0032134,C.Uzomah,C.J. Uzomah,TE,TE,"https://static.www.nfl.com/image/private/f_auto,q_auto/league/hnkflpl5pzbfbdvtcv1c",13,CIN,0,0,0,0,0,0,0,0,0,0,0,0,,0,,,0,0,0,0,0,0,,0,27,40,242,2,0,0,156,135,12,3.22156589410781,0,1.55128205128205,0.0840336134453782,0.0427631578947368,0.155984630694383,0,36.2,63.2
2019,REG,00-0032135,J.James,Jesse James,TE,TE,"https://static.www.nfl.com/image/private/f_auto,q_auto/league/rgk9zqdx9lmbcblem3xn",13,DET,0,0,0,0,0,0,0,0,0,0,0,0,,0,,,0,0,0,0,0,0,,0,16,27,142,0,0,0,141,65,8,0.481352504619858,0,1.00709219858156,0.0588235294117647,0.032967032967033,0.11131221719457,0,14.2,30.2
2019,REG,00-0032139,B.Koyack,Ben Koyack,TE,TE,"https://static.www.nfl.com/image/private/f_auto,q_auto/league/hg1fdty7xbpwztueey8j",3,JAX,0,0,0,0,0,0,0,0,0,0,0,0,,0,,,0,0,0,0,0,0,,0,1,3,9,0,0,0,5,3,0,-1.57191495690495,0,1.8,0.0223880597014925,0.0064599483204134,0.0381040533765282,0,0.9,1.9
2019,REG,00-0032141,G.Swaim,Geoff Swaim,TE,TE,"https://static.www.nfl.com/image/upload/f_auto,q_auto/league/kecuhwgbqvlqt6gb0dz6",6,JAX,0,0,0,0,0,0,0,0,0,0,0,0,,0,,,0,0,0,0,0,0,,0,13,17,65,0,0,0,60,41,1,-5.93320112140774,0,1.08333333333333,0.0871794871794872,0.0377833753148615,0.157217593489634,0,6.5,19.5
2019,REG,00-0032144,M.Gordon,Melvin Gordon,RB,RB,"https://static.www.nfl.com/image/private/f_auto,q_auto/league/i4g8x7yotpgszlyanow0",12,LAC,0,0,0,0,0,0,0,0,0,0,0,0,,0,,,162,612,8,3,2,39,-16.3346657947732,0,42,55,296,1,1,1,-49,321,11,-2.12625113895325,0,-6.04081632653061,0.127610208816705,-0.0131508319914117,0.18220973083107,0,138.8,180.8
2019,REG,00-0032147,T.Sambrailo,Ty Sambrailo,T,OL,"https://static.www.nfl.com/image/private/f_auto,q_auto/league/rzx2kzsxlbhmzevaekzp",1,ATL,0,0,0,0,0,0,0,0,0,0,0,0,,0,,,0,0,0,0,0,0,,0,1,1,35,1,0,0,15,20,1,3.26517270191107,0,2.33333333333333,0.0208333333333333,0.0485436893203884,0.0652305825242719,0,9.5,10.5
2019,REG,00-0032156,T.Siemian,Trevor Siemian,QB,QB,"https://static.www.nfl.com/image/private/f_auto,q_auto/league/vmksfbms9zefxezf39sb",1,NYJ,3,6,3,0,0,2,17,0,0,41,11,0,-5.56111307116225,0,0.0731707317073171,-0.0044430657126346,0,0,0,0,0,0,,0,0,0,0,0,0,0,0,0,0,,0,,,,,0,0.12,0.12
2019,REG,00-0032160,T.Williams,Tyrell Williams,WR,WR,"https://static.www.nfl.com/image/private/f_auto,q_auto/league/qixhze7yidydtc1vyeih",13,LV,0,0,0,0,0,0,0,0,0,0,0,0,,0,,,0,0,0,0,0,0,,0,42,64,651,6,0,0,870,190,33,28.8490470058834,0,0.748275862068966,0.16452442159383,0.339049103663289,0.484121004955048,0,101.1,143.1
2019,REG,00-0032187,D.Johnson,David Johnson,RB,RB,"https://static.www.nfl.com/image/private/f_auto,q_auto/league/y7dtsyyjnoafefkbylbb",12,ARI,0,0,0,0,0,0,0,0,0,0,0,0,,0,,,93,346,2,0,0,20,-12.9486761994838,0,36,47,370,4,1,1,181,226,17,0.815968780259,0,2.04419889502762,0.131284916201117,0.0679174484052533,0.244469588185353,0,105.6,141.6
2019,REG,00-0032200,T.Montgomery,Ty Montgomery,WR,WR,"https://static.www.nfl.com/image/private/f_auto,q_auto/league/eagn4fvhnc9cp3wxeqoz",12,NYJ,0,0,0,0,0,0,0,0,0,0,0,0,,0,,,32,103,0,0,0,2,-9.08103649973665,0,13,17,90,0,0,0,23,94,3,-4.40978340239963,0,3.91304347826087,0.0564784053156146,0.0083454281567489,0.0905594076831462,0,19.3,32.3
2019,REG,00-0032208,P.Dorsett,Phillip Dorsett,WR,WR,"https://static.www.nfl.com/image/upload/f_auto,q_auto/league/nwsw01lcnmb5bdcc8glp",11,NE,0,0,0,0,0,0,0,0,0,0,0,0,,0,,,3,21,0,0,0,1,0.459388716320973,0,29,54,397,5,0,0,762,79,17,14.4120282366684,0,0.520997375328084,0.131386861313869,0.233814053390611,0.36075012934423,0,71.8,100.8
2019,REG,00-0032209,T.Yeldon,T.J. Yeldon,RB,RB,"https://static.www.nfl.com/image/private/f_auto,q_auto/league/ktxkn2ltkmqfb5ugunt4",4,BUF,0,0,0,0,0,0,0,0,0,0,0,0,,0,,,17,63,0,1,1,5,-5.14531343922135,0,13,15,124,0,0,0,12,119,6,-4.09567404317566,0,10.3333333333333,0.105633802816901,0.0099173553719008,0.165392852985683,0,16.7,29.7
2019,REG,00-0032211,T.Lockett,Tyler Lockett,WR,WR,"https://static.www.nfl.com/image/upload/f_auto,q_auto/league/yz9p4pfwr0iyakhnwj4z",16,SEA,0,0,0,0,0,0,0,0,0,0,0,0,,0,,,4,-5,0,0,0,0,-3.10826405428816,0,82,110,1057,8,1,0,1371,301,53,56.1777505463479,0,0.770970094821298,0.222672064777328,0.298108284409654,0.54268389625275,0,153.2,235.2
2019,REG,00-0032214,T.Kroft,Tyler Kroft,TE,TE,"https://static.www.nfl.com/image/private/f_auto,q_auto/league/ztko1uhl01ebiutefibj",8,BUF,0,0,0,0,0,0,0,0,0,0,0,0,,0,,,0,0,0,0,0,0,,0,6,14,71,1,0,0,102,27,5,0.435730133292964,0,0.696078431372549,0.0608695652173913,0.0520408163265306,0.127732919254658,0,13.1,19.1
2019,REG,00-0032227,J.Heuerman,Jeff Heuerman,TE,TE,"https://static.www.nfl.com/image/private/f_auto,q_auto/league/u3cggxnuwxem6rnkwzvg",8,DEN,0,0,0,0,0,0,0,0,0,0,0,0,,0,,,0,0,0,0,0,0,,0,14,20,114,1,0,0,108,42,9,3.89745152782416,0,1.05555555555556,0.0790513833992095,0.0736698499317872,0.170145970051065,0,17.4,31.4
2019,REG,00-0032241,T.Gurley,Todd Gurley,RB,RB,"https://static.www.nfl.com/image/private/f_auto,q_auto/league/ym7oprwel3dxbab0k7x9",15,LA,0,0,0,0,0,0,0,0,0,0,0,0,,0,,,223,857,12,3,2,51,-28.4796924959159,1,31,49,207,2,0,0,35,196,8,-4.23900386597961,0,5.91428571428572,0.0833333333333333,0.0082236842105263,0.130756578947368,0,188.4,219.4
2019,REG,00-0032245,S.Mannion,Sean Mannion,QB,QB,"https://static.www.nfl.com/image/private/f_auto,q_auto/league/lcuc7hhiijmt8xtitm77",3,MIN,12,21,126,0,2,0,0,0,0,132,66,6,-4.06089604231895,0,0.954545454545455,-0.0451587453350323,6,-5,0,1,1,0,-5.88351687102113,0,0,0,0,0,0,0,0,0,0,,0,,,,,0,-1.46,-1.46
2019,REG,00-0032256,C.Walford,Clive Walford,TE,TE,"https://static.www.nfl.com/image/private/f_auto,q_auto/league/fjs40pz6ry6p7jqzckeg",4,MIA,0,0,0,0,0,0,0,0,0,0,0,0,,0,,,0,0,0,0,0,0,,0,4,8,57,0,0,0,80,27,4,2.48190972243901,0,0.7125,0.0487804878048781,0.0574300071787509,0.113371736732443,0,5.7,9.7
2019,REG,00-0032257,D.Johnson,Duke Johnson,RB,RB,"https://static.www.nfl.com/image/private/f_auto,q_auto/league/hf7lxjjesduggqdfktsg",16,HOU,0,0,0,0,0,0,0,0,0,0,0,0,,0,,,83,410,2,1,1,17,-11.9205578639193,0,44,62,410,3,0,0,163,361,18,8.08809482448445,0,2.51533742331288,0.11969111969112,0.0364734840008951,0.205068118337306,0,110.0,154.0
2019,REG,00-0032268,M.Mariota,Marcus Mariota,QB,QB,"https://static.www.nfl.com/image/upload/f_auto,q_auto/league/b9ribxqudeehvmjlw0va",7,TEN,95,160,1203,7,2,25,162,2,0,1127,604,50,-7.32140719396567,0,1.06743566992014,0.0294221213237856,24,129,0,1,0,5,3.82397191970643,0,0,0,0,0,0,0,0,0,0,,0,,,,,0,85.02,85.02
2019,REG,00-0032319,R.Travis,Ross Travis,TE,TE,"https://static.www.nfl.com/image/private/f_auto,q_auto/league/pqolizpud8fnjlh1s44h",3,IND,0,0,0,0,0,0,0,0,0,0,0,0,,0,,,0,0,0,0,0,0,,0,4,6,51,0,1,1,22,31,1,-3.3469768234645,0,2.31818181818182,0.0625,0.0248306997742664,0.111131489841986,0,3.1,7.1
2019,REG,00-0032320,E.Harris,Erik Harris,FS,DB,"https://static.www.nfl.com/image/private/f_auto,q_auto/league/vzqjwjllaqqqmrvvqwry",1,LV,0,0,0,0,0,0,0,0,0,0,0,0,,0,,,1,4,0,0,0,1,1.76445074332878,0,0,0,0,0,0,0,0,0,0,,0,,,,,0,0.4,0.4
2019,REG,00-0032355,C.Rogers,Chester Rogers,WR,WR,"https://static.www.nfl.com/image/private/f_auto,q_auto/league/lkszsifhpwtjpvjvlxw5",9,IND,0,0,0,0,0,0,0,0,0,0,0,0,,0,,,1,18,0,0,0,1,1.09845750685781,0,16,28,179,2,0,0,243,69,11,8.08224496642484,0,0.736625514403292,0.102941176470588,0.113498365249883,0.233860620380801,0,31.7,47.7
2019,REG,00-0032377,J.Ferguson,Josh Ferguson,RB,RB,"https://static.www.nfl.com/image/private/f_auto,q_auto/league/htmbqglun1ydytcfrltb",1,WAS,0,0,0,0,0,0,0,0,0,0,0,0,,0,,,3,9,0,0,0,1,-0.0652759540826082,0,0,0,0,0,0,0,0,0,0,,0,,,,,0,0.9,0.9
2019,REG,00-0032385,S.Shepard,Sterling Shepard,WR,WR,"https://static.www.nfl.com/image/upload/f_auto,q_auto/league/dphqvpkeselgrselrvma",10,NYG,0,0,0,0,0,0,0,0,0,0,0,0,,0,,,6,72,0,0,0,3,3.47114974469878,0,57,83,576,3,0,0,822,179,29,6.45150193885771,1,0.700729927007299,0.229916897506925,0.271018793273986,0.534588501552178,0,84.8,141.8
2019,REG,00-0032392,A.Hooper,Austin Hooper,TE,TE,"https://static.www.nfl.com/image/upload/f_auto,q_auto/league/hj0ybtjspne3t1cso961",13,ATL,0,0,0,0,0,0,0,0,0,0,0,0,,0,,,0,0,0,0,0,0,,0,75,97,787,6,0,0,629,335,41,25.492557561099,1,1.25119236883943,0.185114503816794,0.147548674642271,0.38095582797478,0,116.7,191.7
2019,REG,00-0032393,C.Prosise,C.J. Prosise,RB,RB,"https://static.www.nfl.com/image/private/f_auto,q_auto/league/rcutby5hu0vtijh6adle",8,SEA,0,0,0,0,0,0,0,0,0,0,0,0,,0,,,23,72,1,1,1,4,-7.8989312776248,0,10,12,76,0,0,0,51,66,3,2.61328928917646,0,1.49019607843137,0.0869565217391304,0.0376106194690266,0.156762216237014,0,18.8,28.8
2019,REG,00-0032394,N.Vannett,Nick Vannett,TE,TE,"https://static.www.nfl.com/image/upload/f_auto,q_auto/league/srrlkx2mydsb8gfco6fp",13,PIT,0,0,0,0,0,0,0,0,0,0,0,0,,0,,,0,0,0,0,0,0,,0,17,22,166,0,0,0,140,66,5,5.43820539710578,0,1.18571428571429,0.0526315789473684,0.0395815662991236,0.106654464830439,0,16.6,33.6
2019,REG,00-0032398,C.Moore,Chris Moore,WR,WR,"https://static.www.nfl.com/image/upload/f_auto,q_auto/league/dzzwxblkzpxnauo9iwhi",4,BAL,0,0,0,0,0,0,0,0,0,0,0,0,,0,,,1,0,0,0,0,0,-0.396159490570426,0,3,5,21,0,0,0,61,10,0,-1.20461534091737,0,0.344262295081967,0.0609756097560976,0.0886627906976744,0.153527368122518,0,2.1,5.1
2019,REG,00-0032404,T.Ervin,Tyler Ervin,RB,RB,"https://static.www.nfl.com/image/private/f_auto,q_auto/league/tqevofjpvkvuvpdaoggm",2,GB,0,0,0,0,0,0,0,0,0,0,0,0,,0,,,1,10,0,0,0,1,0.617656208283734,0,2,4,11,0,0,0,59,12,1,-0.980260107737416,0,0.186440677966102,0.0434782608695652,0.0577864838393732,0.105667929991909,0,2.1,4.1
2019,REG,00-0032417,P.Perkins,Paul Perkins,RB,RB,"https://static.www.nfl.com/image/private/f_auto,q_auto/league/bvq9v0mxyltlm9b8lstx",3,DET,0,0,0,0,0,0,0,0,0,0,0,0,,0,,,12,29,0,0,0,3,-2.99608708592132,0,1,1,9,0,0,0,-1,10,0,0.674265267327428,0,-9.0,0.0232558139534884,-0.0033333333333333,0.0325503875968992,0,3.8,4.8
2019,REG,00-0032423,T.Davis,Trevor Davis,WR,WR,"https://static.www.nfl.com/image/private/f_auto,q_auto/league/hinncjtjusiowdpefuj6",7,LV,0,0,0,0,0,0,0,0,0,0,0,0,,0,,,4,73,1,0,0,2,1.63501352467574,0,8,11,111,0,1,1,100,65,4,-1.17046953039244,0,1.11,0.0728476821192053,0.0865051903114187,0.169825156396801,0,22.4,30.4
2019,REG,00-0032434,B.Allen,Brandon Allen,QB,QB,"https://static.www.nfl.com/image/upload/f_auto,q_auto/league/xn9eheiy6kty4movmlak",3,DEN,39,84,515,3,2,9,59,0,0,646,234,20,-21.5483399126687,0,0.797213622291022,-0.0545523286420455,10,39,0,0,0,4,5.02444953180384,0,0,0,0,0,0,0,0,0,0,,0,,,,,0,32.5,32.5
2019,REG,00-0032436,J.Driskel,Jeff Driskel,QB,QB,"https://static.www.nfl.com/image/upload/f_auto,q_auto/league/qvyjv4da7ya6erhqx67m",3,DET,62,105,685,4,4,11,46,1,0,851,290,31,-8.56089530752672,0,0.804935370152762,0.0281889315654772,22,151,1,0,0,10,9.90981815842679,0,1,1,6,0,0,0,-3,9,0,0.303282815148123,0,0.0,0.0232558139534884,-0.01,0.0278837209302326,0,57.1,58.1
2019,REG,00-0032442,E.Roberts,Elandon Roberts,ILB,LB,"https://static.www.nfl.com/image/upload/f_auto,q_auto/league/vbvspu3dh3ijm0gmqh4l",1,NE,0,0,0,0,0,0,0,0,0,0,0,0,,0,,,0,0,0,0,0,0,,0,1,1,38,1,0,0,7,31,1,3.30406509712338,0,5.42857142857143,0.0344827586206897,0.0227272727272727,0.0676332288401254,0,9.8,10.8
2019,REG,00-0032450,D.Washington,Dwayne Washington,RB,RB,"https://static.www.nfl.com/image/private/f_auto,q_auto/league/h1nintlpbk2zyxerjpy4",4,NO,0,0,0,0,0,0,0,0,0,0,0,0,,0,,,8,60,0,0,0,2,-0.221970362123102,0,1,1,6,0,0,0,-5,11,0,0.509832996875048,0,-1.2,0.0277777777777778,-0.0185185185185185,0.0287037037037037,0,6.6,7.6
2019,REG,00-0032464,K.Raymond,Kalif Raymond,WR,WR,"https://static.www.nfl.com/image/upload/f_auto,q_auto/league/hogsyuf9rqnzydmhbsht",7,TEN,0,0,0,0,0,0,0,0,0,0,0,0,,0,,,1,-5,0,0,0,0,-1.2397642028518,0,9,12,170,1,1,1,219,14,6,0.952122137881815,0,0.776255707762557,0.0659340659340659,0.12400906002265,0.185707440916954,0,20.5,29.5
2019,REG,00-0032466,G.Fant,George Fant,T,OL,"https://static.www.nfl.com/image/upload/f_auto,q_auto/league/p4gwfzzxibqi5uiiw5q7",1,SEA,0,0,0,0,0,0,0,0,0,0,0,0,,0,,,0,0,0,0,0,0,,0,0,1,0,0,0,0,14,0,0,-0.48105422151275,0,0.0,0.04,0.0472972972972973,0.0931081081081081,0,0.0,0.0
2019,REG,00-0032540,T.Carson,Tra Carson,RB,RB,"https://static.www.nfl.com/image/private/f_auto,q_auto/league/cpbomacc0snqelgvpz58",2,DET,0,0,0,0,0,0,0,0,0,0,0,0,,0,,,18,48,0,0,0,3,-6.37647959729657,0,4,4,18,0,0,0,4,14,0,-0.153331751236692,0,4.5,0.129032258064516,0.0176991150442478,0.205937767627748,0,6.6,10.6
2019,REG,00-0032543,A.Erickson,Alex Erickson,WR,WR,"https://static.www.nfl.com/image/private/f_auto,q_auto/league/tnd77vbkyo8srrrkaisu",15,CIN,1,1,26,0,0,0,0,0,0,23,3,1,1.73896077100653,0,1.1304347826087,,5,33,0,0,0,2,0.371288968541194,0,43,78,529,0,1,0,685,227,26,-9.91224179906436,0,0.772262773722628,0.141048824593128,0.147948164146868,0.3151369517925,0,57.24,100.24
2019,REG,00-0032599,J.Perkins,Joshua Perkins,TE,TE,"https://static.www.nfl.com/image/private/f_auto,q_auto/league/xxy4pbngyjfvrlkytvhk",3,PHI,0,0,0,0,0,0,0,0,0,0,0,0,,0,,,0,0,0,0,0,0,,0,9,13,87,1,0,0,124,26,5,1.23624376259977,0,0.701612903225807,0.1,0.15158924205379,0.256112469437653,0,14.7,23.7
2019,REG,00-0032602,J.McKissic,J.D. McKissic,RB,RB,"https://static.www.nfl.com/image/private/f_auto,q_auto/league/zi77vkqwrmklt5ic6lc6",15,DET,0,0,0,0,0,0,0,0,0,0,0,0,,0,,,38,205,0,0,0,8,-2.96536095484798,0,34,42,233,1,0,0,4,237,7,-6.4393177733169,0,58.25,0.0903225806451613,0.0009172208209126,0.136125925542381,0,49.8,83.8
2019,REG,00-0032626,G.Allison,Geronimo Allison,WR,WR,"https://static.www.nfl.com/image/private/f_auto,q_auto/league/pngohl9rhrwyiaf7ywnz",15,GB,0,0,0,0,0,0,0,0,0,0,0,0,,0,,,1,7,0,0,0,0,0.295944430516101,0,34,55,287,2,2,1,421,110,16,3.18619181876879,1,0.681710213776722,0.106796116504854,0.0921830523319466,0.224722311389644,0,41.4,75.4
2019,REG,00-0032661,B.Braunecker,Ben Braunecker,TE,TE,"https://static.www.nfl.com/image/private/f_auto,q_auto/league/rjixl9e7vu8gze8324ne",4,CHI,0,0,0,0,0,0,0,0,0,0,0,0,,0,,,0,0,0,0,0,0,,0,6,11,59,1,0,0,111,25,5,2.16813059541164,0,0.531531531531532,0.0808823529411765,0.0988423864648264,0.190513199937143,0,11.9,17.9
2019,REG,00-0032688,R.Chosen,Robbie Chosen,WR,WR,"https://static.www.nfl.com/image/private/f_auto,q_auto/league/hkcncqfwusv19fah3mbt",16,NYJ,0,0,0,0,0,0,0,0,0,0,0,0,,0,,,1,4,0,0,0,0,-0.181860096286982,0,52,96,779,5,1,0,1444,193,35,4.15952891849095,1,0.539473684210526,0.195121951219512,0.358223765814934,0.543439562899722,0,110.3,162.3
2019,REG,00-0032728,Te.Jones,Tevin Jones,WR,WR,"https://static.www.nfl.com/image/private/f_auto,q_auto/league/urta5cwlyagell20pqlo",4,PIT,0,0,0,0,0,0,0,0,0,0,0,0,,0,,,0,0,0,0,0,0,,0,4,10,61,0,0,0,124,11,1,-10.8230696598731,0,0.491935483870968,0.0840336134453782,0.105442176870748,0.199859943977591,0,6.1,10.1
2019,REG,00-0032741,P.Barber,Peyton Barber,RB,RB,"https://static.www.nfl.com/image/private/f_auto,q_auto/league/yjcjcrdiztmfwjgcfbux",16,TB,0,0,0,0,0,0,0,0,0,0,0,0,,0,,,154,470,6,1,1,23,-33.6827904654776,1,16,24,115,1,0,0,30,118,4,-3.24203354859492,0,3.83333333333333,0.0555555555555556,0.0075642965204236,0.0886283408976298,0,100.5,116.5
2019,REG,00-0032764,D.Henry,Derrick Henry,RB,RB,"https://static.www.nfl.com/image/upload/f_auto,q_auto/league/m7bv3lv9puapabltvykk",15,TEN,0,0,0,0,0,0,0,0,0,0,0,0,,0,,,303,1540,16,5,3,73,-3.98906645644456,0,18,24,206,2,0,0,-45,236,4,7.09500230912818,0,-4.57777777777778,0.0664819944598338,-0.014788038120276,0.0893713650055575,0,276.6,294.6
2019,REG,00-0032765,M.Thomas,Michael Thomas,WR,WR,"https://static.www.nfl.com/image/private/f_auto,q_auto/league/sxldsbuw65hfmkzqhw96",16,NO,0,0,0,0,0,0,0,0,0,0,0,0,,0,,,1,-9,0,0,0,0,-1.69913168740459,0,149,185,1725,9,1,0,1497,579,91,98.9972284495529,0,1.15230460921844,0.330948121645796,0.407568744895181,0.781720303895321,0,225.6,374.6
2019,REG,00-0032775,D.Robinson,Demarcus Robinson,WR,WR,"https://static.www.nfl.com/image/upload/f_auto,q_auto/league/lakf0xue1qqb7ed4p6ge",15,KC,0,0,0,0,0,0,0,0,0,0,0,0,,0,,,0,0,0,0,0,0,,0,32,55,449,4,0,0,732,103,19,12.941736983838,0,0.613387978142077,0.103578154425612,0.162126245847176,0.268855603731441,0,68.9,100.9
2019,REG,00-0032778,T.Sharpe,Tajae Sharpe,WR,WR,"https://static.www.nfl.com/image/private/f_auto,q_auto/league/c8fgfxrl2gmdv8thgw1p",13,TEN,0,0,0,0,0,0,0,0,0,0,0,0,,0,,,0,0,0,0,0,0,,0,25,35,329,4,0,0,498,58,20,28.7485695210635,0,0.660642570281125,0.0951086956521739,0.146556798116539,0.245252802159838,0,56.9,81.9
2019,REG,00-0032780,J.Howard,Jordan Howard,RB,RB,"https://static.www.nfl.com/image/private/f_auto,q_auto/league/nbvb6bsrmjupmqrrf1n4",9,PHI,0,0,0,0,0,0,0,0,0,0,0,0,,0,,,119,525,6,0,0,28,-0.452460211177822,0,10,14,69,1,0,0,1,69,3,0.868342022935394,0,69.0,0.0590717299578059,0.0004786979415988,0.0889426834958281,0,101.4,111.4
2019,REG,00-0032782,W.Smallwood,Wendell Smallwood,RB,RB,"https://static.www.nfl.com/image/private/f_auto,q_auto/league/r20rhl0c17ql8dtnl5kz",11,WAS,0,0,0,0,0,0,0,0,0,0,0,0,,0,,,22,81,0,0,0,4,-7.70490966824582,0,9,13,64,0,0,0,28,50,4,0.992396618058388,0,2.28571428571429,0.0726256983240224,0.0201874549387167,0.123069765943135,0,14.5,23.5
2019,REG,00-0032791,J.Grant,Jakeem Grant,WR,WR,"https://static.www.nfl.com/image/private/f_auto,q_auto/league/f2ujcvb61rknhjyxcrsu",9,MIA,0,0,0,0,0,0,0,0,0,0,0,0,,0,,,4,5,1,0,0,1,-0.923159321420826,0,19,33,164,0,0,0,406,87,9,-3.34790888457792,0,0.403940886699507,0.103125,0.140727902946274,0.253197032062392,1,28.9,47.9
2019,REG,00-0032794,D.Vitale,Dan Vitale,FB,RB,"https://static.www.nfl.com/image/private/f_auto,q_auto/league/x9z1hqodjhb8dio4dr1w",9,GB,0,0,0,0,0,0,0,0,0,0,0,0,,0,,,1,3,0,0,0,0,-0.297623756341636,0,7,12,97,0,0,0,82,56,3,2.75440845492994,0,1.18292682926829,0.0404040404040404,0.0381218038121804,0.0872913232745869,0,10.0,17.0
2019,REG,00-0032795,C.Core,Cody Core,WR,WR,"https://static.www.nfl.com/image/private/f_auto,q_auto/league/aan5zyvrcyn0wfeh2xdi",1,NYG,0,0,0,0,0,0,0,0,0,0,0,0,,0,,,0,0,0,0,0,0,,0,3,5,28,0,0,0,32,3,2,0.916439315536991,0,0.875,0.113636363636364,0.0891364902506964,0.232850088630033,0,2.8,5.8
2019,REG,00-0032813,E.Penny,Elijhaa Penny,RB,RB,"https://static.www.nfl.com/image/private/f_auto,q_auto/league/jiebuu94lu81xzneqrsf",8,NYG,0,0,0,0,0,0,0,0,0,0,0,0,,0,,,15,39,0,0,0,2,-5.63737210747786,0,2,4,9,0,0,0,-10,22,0,-2.18467917578528,0,-0.9,0.0396039603960396,-0.0109051254089422,0.0517723528077999,1,10.8,12.8
2019,REG,00-0032897,D.Watt,Derek Watt,FB,RB,"https://static.www.nfl.com/image/private/f_auto,q_auto/league/jrhk6npb7u3tmgzt7rwn",8,LAC,0,0,0,0,0,0,0,0,0,0,0,0,,0,,,7,10,1,0,0,6,3.1759981484061,0,3,5,32,0,0,0,10,28,1,2.06690618384164,0,3.2,0.0352112676056338,0.0101626016260163,0.0599307225466621,0,10.2,13.2
2019,REG,00-0032918,C.Ham,C.J. Ham,FB,RB,"https://static.www.nfl.com/image/upload/f_auto,q_auto/league/a23fezyvrzsse3q8yuxi",13,MIN,0,0,0,0,0,0,0,0,0,0,0,0,,0,,,7,17,0,0,0,2,-5.83434106700588,0,17,26,149,1,0,0,41,125,6,0.65492907705694,0,3.63414634146342,0.0742857142857143,0.0178649237472767,0.123934018051665,0,22.6,39.6
2019,REG,00-0032935,J.Holton,Johnny Holton,WR,WR,"https://static.www.nfl.com/image/private/f_auto,q_auto/league/has0upkyuzqewhty3pb2",8,PIT,0,0,0,0,0,0,0,0,0,0,0,0,,0,,,1,9,0,0,0,1,0.762212754460052,0,3,15,21,0,0,0,381,10,1,-16.1900049116812,0,0.0551181102362205,0.0617283950617284,0.191361125062783,0.22654538013654,0,3.0,6.0
2019,REG,00-0032940,D.Washington,DeAndre Washington,RB,RB,"https://static.www.nfl.com/image/private/f_auto,q_auto/league/r89dcprs99qahleja3mz",16,LV,0,0,0,0,0,0,0,0,0,0,0,0,,0,,,108,387,3,0,0,23,-16.5011415297837,0,36,41,292,0,0,0,54,246,10,5.50898947467098,0,5.40740740740741,0.0949074074074074,0.0202171471359042,0.156513114106244,0,85.9,121.9
2019,REG,00-0032945,D.Williams,Duke Williams,WR,WR,"https://static.www.nfl.com/image/private/f_auto,q_auto/league/eqfjdj83ogwlnoumgacf",4,BUF,0,0,0,0,0,0,0,0,0,0,0,0,,0,,,0,0,0,0,0,0,,0,12,19,166,1,0,0,210,50,8,4.89976371143712,0,0.79047619047619,0.153225806451613,0.217842323651452,0.382328336233436,0,22.6,34.6
2019,REG,00-0032950,C.Wentz,Carson Wentz,QB,QB,"https://static.www.nfl.com/image/upload/f_auto,q_auto/league/jtwkpwc18ivthztykkc8",16,PHI,388,607,4039,27,7,37,230,10,4,4889,1805,213,42.4226896256196,2,0.826140314992841,0.0767196281538561,62,243,1,5,3,21,-8.71450591163011,0,0,0,0,0,0,0,0,0,0,,0,,,,,0,275.86,275.86
2019,REG,00-0032951,L.Treadwell,Laquon Treadwell,WR,WR,"https://static.www.nfl.com/image/upload/f_auto,q_auto/league/vhqspz1ssz3ncmgfvmsk",9,MIN,0,0,0,0,0,0,0,0,0,0,0,0,,0,,,0,0,0,0,0,0,,0,9,16,184,1,0,0,190,57,8,11.6881310544014,0,0.968421052631579,0.0592592592592593,0.0966921119592875,0.15657336726039,0,24.4,33.4
2019,REG,00-0032956,A.Janovich,Andy Janovich,FB,RB,"https://static.www.nfl.com/image/private/f_auto,q_auto/league/w4nnz0yrfilgpexcseqy",4,DEN,0,0,0,0,0,0,0,0,0,0,0,0,,0,,,1,1,1,0,0,1,1.21494217816507,0,5,5,42,0,0,0,9,33,1,0.685697375040036,0,4.66666666666667,0.0403225806451613,0.0090452261306532,0.0668155292591992,0,10.3,15.3
2019,REG,00-0032972,D.Booker,Devontae Booker,RB,RB,"https://static.www.nfl.com/image/private/f_auto,q_auto/league/y5fw68qxcmxykv1uchlo",6,DEN,0,0,0,0,0,0,0,0,0,0,0,0,,0,,,2,9,0,0,0,0,-1.09382606118463,0,6,9,57,0,0,0,36,44,1,-2.61306731117324,0,1.58333333333333,0.0638297872340426,0.0324616771866546,0.118467854881722,0,6.6,12.6
2019,REG,00-0032975,J.Williams,Jonathan Williams,RB,RB,"https://static.www.nfl.com/image/private/f_auto,q_auto/league/dnlboggtjcflj9fxauub",4,IND,0,0,0,0,0,0,0,0,0,0,0,0,,0,,,49,235,1,0,0,13,2.48474852548679,0,5,5,59,0,0,0,-5,64,3,5.64988671778701,0,-11.8,0.0609756097560976,-0.0077760497667185,0.0860201797974434,0,35.4,40.4
2019,REG,00-0032977,R.Higgins,Rashard Higgins,WR,WR,"https://static.www.nfl.com/image/private/f_auto,q_auto/league/mdn4he3iuc2mwx3cfvfj",6,CLE,0,0,0,0,0,0,0,0,0,0,0,0,,0,,,0,0,0,0,0,0,,0,4,11,55,1,0,0,116,9,3,3.7604448646401,0,0.474137931034483,0.0518867924528302,0.0696696696696697,0.126598957448014,0,11.5,15.5
2019,REG,00-0032980,M.Johnson,Marcus Johnson,WR,WR,"https://static.www.nfl.com/image/private/f_auto,q_auto/league/pwq2yi4ewqtsx6buynay",8,IND,0,0,0,0,0,0,0,0,0,0,0,0,,0,,,0,0,0,0,0,0,,0,17,33,277,2,0,0,573,43,12,8.32963251118781,0,0.483420593368237,0.139240506329114,0.263448275862069,0.393274552597119,0,39.7,56.7
2019,REG,00-0032986,J.Holtz,J.P. Holtz,TE,TE,"https://static.www.nfl.com/image/private/f_auto,q_auto/league/qmr1ixr4moaj0cri78sq",5,CHI,0,0,0,0,0,0,0,0,0,0,0,0,,0,,,0,0,0,0,0,0,,0,7,8,91,0,0,0,16,79,4,5.52898486494087,0,5.6875,0.0451977401129944,0.0118782479584261,0.0761113837403898,0,9.1,16.1
2019,REG,00-0033009,T.Boyd,Tyler Boyd,WR,WR,"https://static.www.nfl.com/image/upload/f_auto,q_auto/league/ttifog0hjxprlhkagugu",16,CIN,0,0,0,0,0,0,0,0,0,0,0,0,,0,,,4,23,0,0,0,1,0.816544403787702,0,90,148,1046,5,2,2,1377,348,51,8.11552513920012,0,0.759622367465505,0.251273344651952,0.28462174452253,0.5761452381437,0,132.9,222.9
2019,REG,00-0033025,J.Richard,Jalen Richard,RB,RB,"https://static.www.nfl.com/image/private/f_auto,q_auto/league/evmn0ccnvk73tukpmk5f",16,LV,0,0,0,0,0,0,0,0,0,0,0,0,,0,,,39,145,0,0,0,10,-7.91004895622609,0,36,43,323,0,1,0,91,236,15,9.584100934307,0,3.54945054945055,0.0924731182795699,0.0313793103448276,0.160675194660734,0,46.8,82.8
2019,REG,00-0033040,T.Hill,Tyreek Hill,WR,WR,"https://static.www.nfl.com/image/upload/f_auto,q_auto/league/gdwjlpbkenmnsibawkht",12,KC,0,0,0,0,0,0,0,0,0,0,0,0,,0,,,8,23,0,0,0,1,-1.71429245977197,0,58,89,860,7,0,0,1144,280,39,50.0671082852267,0,0.751748251748252,0.220843672456576,0.379814077025232,0.597135362602526,0,130.3,188.3
2019,REG,00-0033045,E.Elliott,Ezekiel Elliott,RB,RB,"https://static.www.nfl.com/image/upload/f_auto,q_auto/league/d4yr6htg4dbs0bgcfqnd",16,DAL,0,0,0,0,0,0,0,0,0,0,0,0,,0,,,301,1357,12,3,2,78,-5.56643664098259,0,54,71,420,2,0,0,46,395,21,5.04476984855021,0,9.1304347826087,0.1309963099631,0.0097851520952988,0.203344071411359,0,257.7,311.7
2019,REG,00-0033077,D.Prescott,Dak Prescott,QB,QB,"https://static.www.nfl.com/image/upload/f_auto,q_auto/league/xmtaggdnhuyl4pdwtv8j",16,DAL,388,596,4902,30,11,23,151,4,2,5613,1880,229,124.531039176024,1,0.873329770176376,0.132510272160507,52,277,3,2,0,19,16.7799609799249,0,0,0,0,0,0,0,0,0,0,,0,,,,,0,337.78,337.78
2019,REG,00-0033080,S.DeValve,Seth DeValve,TE,TE,"https://static.www.nfl.com/image/private/f_auto,q_auto/league/nrihd72oevgvvbhb8l6g",7,JAX,0,0,0,0,0,0,0,0,0,0,0,0,,0,,,0,0,0,0,0,0,,0,12,18,140,0,0,0,109,61,7,3.87099241625401,0,1.28440366972477,0.0782608695652174,0.0619670267197271,0.160768223051635,0,14.0,26.0
2019,REG,00-0033090,H.Henry,Hunter Henry,TE,TE,"https://static.www.nfl.com/image/private/f_auto,q_auto/league/sdjob9akppefyo7py5tj",12,LAC,0,0,0,0,0,0,0,0,0,0,0,0,,0,,,0,0,0,0,0,0,,0,55,76,652,5,1,1,779,159,36,23.4860775030095,1,0.836970474967908,0.181384248210024,0.208066239316239,0.417722739836403,0,95.2,150.2
2019,REG,00-0033094,M.Hall,Marvin Hall,WR,WR,"https://static.www.nfl.com/image/private/f_auto,q_auto/league/dgyruyvyeuy4cwxhysox",7,DET,0,0,0,0,0,0,0,0,0,0,0,0,,0,,,1,7,0,0,0,0,0.341101547935978,0,7,11,261,1,0,0,304,36,7,17.1893011092907,0,0.858552631578947,0.0468085106382979,0.127090301003344,0.159175976659788,0,32.8,39.8
2019,REG,00-0033106,J.Goff,Jared Goff,QB,QB,"https://static.www.nfl.com/image/upload/f_auto,q_auto/league/jxyaiwwkabzmmphouxil",16,LA,394,626,4638,22,16,22,170,7,4,4841,2244,220,62.7917505406268,0,0.958066515182814,0.074587635584796,33,40,2,3,1,5,-11.8138118102358,0,0,0,0,0,0,0,0,0,0,,0,,,,,0,247.52,247.52
2019,REG,00-0033110,T.Higbee,Tyler Higbee,TE,TE,"https://static.www.nfl.com/image/private/f_auto,q_auto/league/vk9c6lr4d1pdt9sr86ua",14,LA,0,0,0,0,0,0,0,0,0,0,0,0,,0,,,0,0,0,0,0,0,,0,69,89,734,3,0,0,591,390,36,28.7041434541024,0,1.2419627749577,0.159498207885305,0.138407494145199,0.336132557729596,0,91.4,160.4
2019,REG,00-0033111,P.Cooper,Pharoh Cooper,WR,WR,"https://static.www.nfl.com/image/private/f_auto,q_auto/league/mnsqfcfqiehw5aocr1lg",11,ARI,0,0,0,0,0,0,0,0,0,0,0,0,,0,,,1,2,0,0,0,0,-0.106231682235375,0,25,33,243,1,0,0,336,70,10,15.5270272871992,0,0.723214285714286,0.0990990990990991,0.135922330097087,0.24379427971661,0,30.5,55.5
2019,REG,00-0033114,M.Thomas,Mike Thomas,WR,WR,"https://static.www.nfl.com/image/private/f_auto,q_auto/league/sytj4awk8kseyootqzec",3,LA,0,0,0,0,0,0,0,0,0,0,0,0,,0,,,0,0,0,0,0,0,,0,2,5,14,0,0,0,52,10,1,0.84863407688681,0,0.269230769230769,0.0515463917525773,0.0670967741935484,0.12428732956435,0,1.4,3.4
2019,REG,00-0033118,K.Drake,Kenyan Drake,RB,RB,"https://static.www.nfl.com/image/private/f_auto,q_auto/league/rp5apwel9vuk49b4lykn",14,ARI,0,0,0,0,0,0,0,0,0,0,0,0,,0,,,168,785,8,2,1,46,-0.628878857429228,0,50,68,345,0,0,0,-41,424,15,-9.96254702055667,1,-8.41463414634146,0.148471615720524,-0.0106882168925965,0.215225671755969,1,167.0,217.0
2019,REG,00-0033119,J.Brissett,Jacoby Brissett,QB,QB,"https://static.www.nfl.com/image/upload/f_auto,q_auto/league/dps7iuuc2zwl68yppqux",15,IND,272,447,2942,18,6,27,159,4,3,3545,1519,143,10.9446986830965,1,0.829901269393512,0.064218719106058,56,228,4,3,2,20,9.50106286884799,0,1,1,2,0,0,0,0,2,0,-0.602347226289567,0,0.0,0.0416666666666667,,,0,216.68,217.68
2019,REG,00-0033127,W.Fuller,Will Fuller,WR,WR,"https://static.www.nfl.com/image/private/f_auto,q_auto/league/dgemxvhu8ffqmvmqczks",11,HOU,0,0,0,0,0,0,0,0,0,0,0,0,,0,,,0,0,0,0,0,0,,0,49,71,670,3,1,0,1011,219,26,26.9558512733538,0,0.66271018793274,0.206997084548105,0.320647002854424,0.534948528820254,0,85.0,134.0
2019,REG,00-0033132,K.Byard,Kevin Byard,FS,DB,"https://static.www.nfl.com/image/upload/f_auto,q_auto/league/ymu0jcrm7clsyhhvmcki",1,TEN,0,0,0,0,0,0,0,0,0,0,0,0,,0,,,0,0,0,0,0,0,,0,1,1,11,0,0,0,3,8,1,3.66742839105427,0,3.66666666666667,0.0344827586206897,0.0152284263959391,0.0623840364081918,0,1.1,2.1
2019,REG,00-0033164,T.Pope,Troymaine Pope,RB,RB,"https://static.www.nfl.com/image/private/f_auto,q_auto/league/qgwjblnzedbxfulfhltu",2,LAC,0,0,0,0,0,0,0,0,0,0,0,0,,0,,,10,20,0,0,0,0,-3.59794818266528,0,2,3,14,1,0,0,0,11,1,1.18040605986676,0,0.0,0.0384615384615385,0.0,0.0576923076923077,0,9.4,11.4
2019,REG,00-0033215,C.Grayson,Cyril Grayson,WR,WR,"https://static.www.nfl.com/image/private/f_auto,q_auto/league/klv5np9csnnm6p6zpkcs",1,TB,0,0,0,0,0,0,0,0,0,0,0,0,,0,,,0,0,0,0,0,0,,0,1,1,3,0,0,0,2,1,0,-1.39043120840232,0,1.5,0.0434782608695652,0.0078431372549019,0.0707075873827792,0,0.3,1.3
2019,REG,00-0033217,M.Alie-Cox,Mo Alie-Cox,TE,TE,"https://static.www.nfl.com/image/upload/f_auto,q_auto/league/f4orwwthvtcyd3vfqjvs",9,IND,0,0,0,0,0,0,0,0,0,0,0,0,,0,,,0,0,0,0,0,0,,0,8,11,93,0,0,0,48,60,5,5.13642431242624,0,1.9375,0.0411985018726592,0.0267111853088481,0.0804955825251824,0,9.3,17.3
2019,REG,00-0033246,J.Mundt,Johnny Mundt,TE,TE,"https://static.www.nfl.com/image/upload/f_auto,q_auto/league/ievumbznrtys9b2esphz",5,LA,0,0,0,0,0,0,0,0,0,0,0,0,,0,,,0,0,0,0,0,0,,0,4,7,26,0,0,0,24,10,1,-1.40958349360153,0,1.08333333333333,0.0324074074074074,0.0294478527607362,0.0692246080436264,0,2.6,6.6
2019,REG,00-0033251,Z.Pascal,Zach Pascal,WR,WR,"https://static.www.nfl.com/image/upload/f_auto,q_auto/league/pfhgz8ofqgoubhnuqtme",14,IND,0,1,0,0,0,0,0,0,0,21,0,0,-0.704225115012378,0,0.0,,2,16,0,0,0,1,0.907318268204108,0,41,72,607,5,0,0,810,239,29,19.2661637605887,1,0.749382716049383,0.16551724137931,0.222344221795224,0.403916817325622,0,94.3,135.3
2019,REG,00-0033258,D.Daniels,Darrell Daniels,TE,TE,"https://static.www.nfl.com/image/private/f_auto,q_auto/league/uite1keyl09qsvofsqzf",3,ARI,0,0,0,0,0,0,0,0,0,0,0,0,,0,,,0,0,0,0,0,0,,0,1,3,4,0,0,0,22,0,1,0.396541703259572,0,0.181818181818182,0.0326086956521739,0.03486529318542,0.0733187487080548,0,0.4,1.4
2019,REG,00-0033280,C.McCaffrey,Christian McCaffrey,RB,RB,"https://static.www.nfl.com/image/upload/f_auto,q_auto/league/umiv5sn2xxrjdjwjtkqm",16,CAR,0,2,0,0,0,0,0,0,0,16,0,0,-1.91521489614388,0,0.0,,287,1387,15,1,0,57,-15.3049661848516,1,116,142,1005,4,0,0,111,987,58,50.4830065667527,0,9.05405405405405,0.236666666666667,0.0215911301303248,0.370113791091227,0,355.2,471.2
2019,REG,00-0033282,C.Samuel,Curtis Samuel,WR,WR,"https://static.www.nfl.com/image/upload/f_auto,q_auto/league/mq62ulflifrpjrcyknbj",16,CAR,0,0,0,0,0,0,0,0,0,0,0,0,,0,,,19,130,1,0,0,7,6.27885808655992,0,54,105,627,6,0,0,1538,153,36,8.63553844485432,0,0.407672301690507,0.175,0.299163586850807,0.471914510795565,0,117.7,171.7
2019,REG,00-0033288,G.Kittle,George Kittle,TE,TE,"https://static.www.nfl.com/image/upload/f_auto,q_auto/league/ivkrikewqqdllzvano8h",14,SF,0,0,0,0,0,0,0,0,0,0,0,0,,0,,,5,22,0,0,0,1,-2.15400713375427,0,85,107,1053,5,1,0,633,602,53,58.1154071368088,0,1.66350710900474,0.282321899736148,0.259107654523127,0.604858207770411,0,137.5,222.5
2019,REG,00-0033293,A.Jones,Aaron Jones,RB,RB,"https://static.www.nfl.com/image/upload/f_auto,q_auto/league/bktkfvgfwujkdbzkcfim",16,GB,0,0,0,0,0,0,0,0,0,0,0,0,,0,,,236,1084,16,2,1,55,-1.37663208373124,0,49,68,474,3,1,1,186,437,18,7.18367150471409,0,2.54838709677419,0.14020618556701,0.0443384982121573,0.241346227099026,0,265.8,314.8
2019,REG,00-0033296,A.Armah,Alex Armah,RB,RB,"https://static.www.nfl.com/image/private/f_auto,q_auto/league/pvbqmdwlukehpxovupsg",6,CAR,0,0,0,0,0,0,0,0,0,0,0,0,,0,,,6,11,1,0,0,1,-1.81022872962058,0,2,2,6,0,0,0,-1,7,0,-0.632437625899911,0,-6.0,0.0377358490566038,-0.0024271844660194,0.0549047444586921,0,7.7,9.7
2019,REG,00-0033307,K.Bourne,Kendrick Bourne,WR,WR,"https://static.www.nfl.com/image/private/f_auto,q_auto/league/vrovcaqql9p6xsycko83",15,SF,0,0,0,0,0,0,0,0,0,0,0,0,,0,,,0,0,0,0,0,0,,0,30,44,358,5,0,0,377,122,23,24.2070451734997,1,0.949602122015915,0.098876404494382,0.130314552367784,0.239534793399022,0,67.8,97.8
2019,REG,00-0033308,M.Breida,Matt Breida,RB,RB,"https://static.www.nfl.com/image/private/f_auto,q_auto/league/rc4m1xw0xmtsrxswd0bg",12,SF,0,0,0,0,0,0,0,0,0,0,0,0,,0,,,123,623,1,2,1,23,-11.0299176322587,0,19,22,120,1,0,0,-12,127,6,-1.33546950333955,0,-10.0,0.0617977528089888,-0.0051925573344872,0.0890618390793421,0,84.3,103.3
2019,REG,00-0033319,N.Mullens,Nick Mullens,QB,QB,"https://static.www.nfl.com/image/upload/f_auto,q_auto/league/xkbzegq3t29ean26xyp0",1,SF,0,0,0,0,0,0,0,0,0,0,0,0,,0,,,3,-3,0,0,0,0,-3.46194788330467,0,0,0,0,0,0,0,0,0,0,,0,,,,,0,-0.3,-0.3
2019,REG,00-0033338,C.Carter,Cethan Carter,TE,TE,"https://static.www.nfl.com/image/private/f_auto,q_auto/league/soxu9ft40rqaizt9yizp",2,CIN,0,0,0,0,0,0,0,0,0,0,0,0,,0,,,0,0,0,0,0,0,,0,2,3,13,1,0,0,8,5,2,2.33868166204775,0,1.625,0.0535714285714286,0.0349344978165939,0.104811291328759,0,7.3,9.3
2019,REG,00-0033357,T.Hill,Taysom Hill,TE,TE,"https://static.www.nfl.com/image/upload/f_auto,q_auto/league/q8itjlocg5do60qat4l3",16,NO,3,6,55,0,0,1,9,0,0,94,12,3,-3.6029478815035,0,0.585106382978723,0.0324382863256775,27,156,1,0,0,10,6.14655877061887,0,19,22,234,6,0,0,104,149,14,21.2024612577053,0,2.25,0.0477223427331887,0.0374370050395968,0.0977894176275009,0,83.2,102.2
2019,REG,00-0033367,C.Board,C.J. Board,WR,WR,"https://static.www.nfl.com/image/private/f_auto,q_auto/league/pzshlaz0iihftpmg9imt",2,JAX,0,0,0,0,0,0,0,0,0,0,0,0,,0,,,0,0,0,0,0,0,,0,2,4,31,0,0,0,31,6,1,-0.25280042848317,0,1.0,0.0555555555555556,0.0504065040650407,0.118617886178862,0,3.1,5.1
2019,REG,00-0033374,R.Ortiz,Ricky Ortiz,FB,RB,"https://static.www.nfl.com/image/private/f_auto,q_auto/league/dt4lvt5dpo92g8xdifnm",1,NO,0,0,0,0,0,0,0,0,0,0,0,0,,0,,,0,0,0,0,0,0,,0,1,1,8,0,0,0,1,7,0,0.589389368426055,0,8.0,0.0344827586206897,0.0049019607843137,0.0551555104800541,0,0.8,1.8
2019,REG,00-0033375,T.Patrick,Tim Patrick,WR,WR,"https://static.www.nfl.com/image/upload/f_auto,q_auto/league/tsbe7jbwmgzby45hnb3j",7,DEN,0,0,0,0,0,0,0,0,0,0,0,0,,0,,,0,0,0,0,0,0,,0,16,31,218,0,0,0,315,38,14,7.03389833957772,0,0.692063492063492,0.145539906103286,0.210420841683367,0.365604448333286,0,21.8,37.8
2019,REG,00-0033376,P.Ricard,Patrick Ricard,FB,RB,"https://static.www.nfl.com/image/upload/f_auto,q_auto/league/dwnktpq9tu98n7ozspri",7,BAL,0,0,0,0,0,0,0,0,0,0,0,0,,0,,,0,0,0,0,0,0,,0,8,11,47,1,0,0,-1,52,3,0.943347763211932,0,-47.0,0.0597826086956522,-0.0007278020378457,0.0891644516169863,0,10.7,18.7
2019,REG,00-0033382,A.Carr,Austin Carr,WR,WR,"https://static.www.nfl.com/image/private/f_auto,q_auto/league/uuln9v0o8aeurocrzvxp",2,NO,0,0,0,0,0,0,0,0,0,0,0,0,,0,,,0,0,0,0,0,0,,0,1,4,9,0,0,0,41,4,1,-1.22820907390701,0,0.219512195121951,0.0506329113924051,0.0823293172690763,0.133579889176961,0,0.9,1.9
2019,REG,00-0033386,C.Hollister,Cody Hollister,WR,WR,"https://static.www.nfl.com/image/private/f_auto,q_auto/league/naicfqo1ayh448qi86xq",1,TEN,0,0,0,0,0,0,0,0,0,0,0,0,,0,,,0,0,0,0,0,0,,0,2,2,13,0,0,0,10,3,0,0.186556218424812,0,1.3,0.0952380952380952,0.0625,0.186607142857143,0,1.3,3.3
2019,REG,00-0033387,J.Hollister,Jacob Hollister,TE,TE,"https://static.www.nfl.com/image/private/f_auto,q_auto/league/qdny7ap8ly1ozectd8zu",10,SEA,0,0,0,0,0,0,0,0,0,0,0,0,,0,,,0,0,0,0,0,0,,0,41,59,349,3,0,0,340,169,16,-3.57777520359045,0,1.02647058823529,0.188498402555911,0.129721480351011,0.373552640079574,0,52.9,93.9
2019,REG,00-0033400,M.Haack,Matt Haack,P,SPEC,"https://static.www.nfl.com/image/private/f_auto,q_auto/league/piyf9wj7piroy6fqscvn",3,MIA,1,2,1,1,0,0,0,0,0,31,0,1,-0.584742363484111,0,0.032258064516129,,1,2,0,0,0,1,2.42376924667042,0,0,0,0,0,0,0,0,0,0,,0,,,,,0,4.24,4.24
2019,REG,00-0033421,A.Auclair,Antony Auclair,TE,TE,"https://static.www.nfl.com/image/private/f_auto,q_auto/league/qkktgjw9l0ntyfiobegs",2,TB,0,0,0,0,0,0,0,0,0,0,0,0,,0,,,0,0,0,0,0,0,,0,1,3,11,0,0,0,2,8,1,-0.518453404889442,0,5.5,0.0379746835443038,0.0021645021645021,0.0584771768316072,0,1.1,2.1
2019,REG,00-0033434,B.Wilson,Bobo Wilson,WR,WR,"https://static.www.nfl.com/image/private/f_auto,q_auto/league/dxmqeel8jwf3yokvtg9a",5,TB,0,0,0,0,0,0,0,0,0,0,0,0,,0,,,0,0,0,0,0,0,,0,3,11,35,0,0,0,135,3,2,-11.1088002506294,0,0.259259259259259,0.0585106382978723,0.0685279187817259,0.135735500594017,0,3.5,6.5
2019,REG,00-0033439,P.Brown,Pharaoh Brown,TE,TE,"https://static.www.nfl.com/image/upload/f_auto,q_auto/league/ab0kbxsmasznlccuezcq",3,CLE,0,0,0,0,0,0,0,0,0,0,0,0,,0,,,0,0,0,0,0,0,,0,2,3,27,0,0,0,27,14,1,1.11917636886938,0,1.0,0.0303030303030303,0.0317273795534665,0.067663711141972,0,2.7,4.7
2019,REG,00-0033455,A.Firkser,Anthony Firkser,TE,TE,"https://static.www.nfl.com/image/upload/f_auto,q_auto/league/rpbs9wsnuhu9tgipzwuv",10,TEN,0,0,0,0,0,0,0,0,0,0,0,0,,0,,,0,0,0,0,0,0,,0,14,24,204,1,0,0,222,71,9,-1.08628011455682,0,0.918918918918919,0.0857142857142857,0.0882352941176471,0.190336134453782,0,26.4,40.4
2019,REG,00-0033460,J.Ross,John Ross,WR,WR,"https://static.www.nfl.com/image/upload/f_auto,q_auto/league/olf4tixsulbplr0hkas5",8,CIN,0,0,0,0,0,0,0,0,0,0,0,0,,0,,,3,4,0,0,0,0,-0.974488177860621,0,28,56,506,3,1,1,875,198,22,16.6189156083214,0,0.578285714285714,0.183606557377049,0.348744519728976,0.519530999875857,0,67.0,95.0
2019,REG,00-0033466,I.McKenzie,Isaiah McKenzie,WR,WR,"https://static.www.nfl.com/image/upload/f_auto,q_auto/league/gy6grhpxsegfgklfadte",12,BUF,0,0,0,0,0,0,0,0,0,0,0,0,,0,,,8,49,0,0,0,4,1.02653314941563,0,27,39,254,1,0,0,169,206,12,9.88205017295621,0,1.50295857988166,0.110169491525424,0.0523057876818323,0.201868288665418,0,36.3,63.3
2019,REG,00-0033471,I.Ford,Isaiah Ford,WR,WR,"https://static.www.nfl.com/image/private/f_auto,q_auto/league/ycqftcjsc9vyqmc8tlmw",8,MIA,0,0,0,0,0,0,0,0,0,0,0,0,,0,,,1,11,0,0,0,1,1.10192690556869,0,23,35,244,0,0,0,295,86,16,1.67405148762461,0,0.827118644067797,0.112903225806452,0.109299740644683,0.245864657160956,0,25.5,48.5
2019,REG,00-0033503,A.Maulet,Arthur Maulet,CB,DB,"https://static.www.nfl.com/image/upload/f_auto,q_auto/league/yes3epodpjvubtvfoy7e",1,NYJ,0,0,0,0,0,0,0,0,0,0,0,0,,0,,,0,0,0,0,0,0,,0,0,0,0,0,0,0,0,0,0,,0,,,,,1,6.0,6.0
2019,REG,00-0033526,S.Perine,Samaje Perine,RB,RB,"https://static.www.nfl.com/image/upload/f_auto,q_auto/league/liorwdmj8gelxh5u7rc4",1,MIA,0,0,0,0,0,0,0,0,0,0,0,0,,0,,,5,16,0,0,0,1,-0.346609192551114,0,0,0,0,0,0,0,0,0,0,,0,,,,,0,1.6,1.6
2019,REG,00-0033528,J.Sprinkle,Jeremy Sprinkle,TE,TE,"https://static.www.nfl.com/image/private/f_auto,q_auto/league/cncqiyqmj7ohm5k70bog",15,WAS,0,0,0,0,0,0,0,0,0,0,0,0,,0,,,0,0,0,0,0,0,,0,26,40,241,1,1,0,258,91,13,0.0617305759224109,0,0.934108527131783,0.091324200913242,0.078419452887538,0.19187991839114,0,30.1,56.1
2019,REG,00-0033530,R.Davis,Robert Davis,WR,WR,"https://static.www.nfl.com/image/private/f_auto,q_auto/league/cqtclxiwsfbxniwvrldy",3,PHI,0,0,0,0,0,0,0,0,0,0,0,0,,0,,,0,0,0,0,0,0,,0,2,5,17,0,0,0,36,2,2,-3.8734204453649,0,0.472222222222222,0.0471698113207547,0.0489130434782609,0.104993847415915,0,1.7,3.7
2019,REG,00-0033536,M.Williams,Mike Williams,WR,WR,"https://static.www.nfl.com/image/upload/f_auto,q_auto/league/vwu8nudrnk3l7samz8mf",15,LAC,0,0,0,0,0,0,0,0,0,0,0,0,,0,,,1,2,0,0,0,0,-0.52057449799031,0,49,90,1001,2,0,0,1603,187,41,33.5732728707478,0,0.624454148471616,0.164835164835165,0.333819241982507,0.480926216640502,0,112.3,161.3
2019,REG,00-0033537,D.Watson,Deshaun Watson,QB,QB,"https://static.www.nfl.com/image/private/f_auto,q_auto/league/otfs2docj6eahaebo5xn",15,HOU,333,495,3852,26,12,44,257,4,2,4420,1672,191,75.0817078875389,1,0.871493212669683,0.128607645873872,82,413,7,6,1,29,24.3723102484743,0,1,1,6,1,0,0,0,6,1,1.30336453410564,0,0.0,0.0384615384615385,,,0,319.98,320.98
2019,REG,00-0033553,J.Conner,James Conner,RB,RB,"https://static.www.nfl.com/image/upload/f_auto,q_auto/league/rtvys5j7sxjrlbpy5iim",10,PIT,0,0,0,0,0,0,0,0,0,0,0,0,,0,,,116,464,4,1,1,26,-23.9777625549874,0,34,38,251,3,0,0,-54,298,14,18.4000577721693,0,-4.64814814814815,0.140221402214022,-0.023936170212766,0.193576784172097,0,111.5,145.5
2019,REG,00-0033555,M.Hollins,Mack Hollins,WR,WR,"https://static.www.nfl.com/image/upload/f_auto,q_auto/league/xchw7quzjszgrm6psbyg",8,MIA,0,0,0,0,0,0,0,0,0,0,0,0,,0,,,0,0,0,0,0,0,,0,10,23,125,0,0,0,303,33,7,-2.25383600623965,0,0.412541254125413,0.0830324909747293,0.116718027734977,0.206251355876578,0,12.5,22.5
2019,REG,00-0033556,T.Cohen,Tarik Cohen,RB,RB,"https://static.www.nfl.com/image/private/f_auto,q_auto/league/pm0uewrl0ugotlc5wbpc",16,CHI,0,0,0,0,0,0,0,0,0,0,0,0,,0,,,64,213,0,0,0,15,-8.24263402699806,0,79,104,456,3,1,0,182,429,18,-15.4299576074934,0,2.50549450549451,0.183745583038869,0.0416190258403842,0.304751692646573,0,84.9,163.9
2019,REG,00-0033562,R.Switzer,Ryan Switzer,WR,WR,"https://static.www.nfl.com/image/private/f_auto,q_auto/league/s7w7b3uxhppii72mttcu",3,PIT,0,0,0,0,0,0,0,0,0,0,0,0,,0,,,0,0,0,0,0,0,,0,8,11,27,0,0,0,17,17,2,-3.98151539126411,0,1.58823529411765,0.11,0.0206812652068127,0.179476885644769,0,2.7,10.7
2019,REG,00-0033566,D.King,Desmond King,CB,DB,"https://static.www.nfl.com/image/upload/f_auto,q_auto/league/bqwzwewlpjcgm8zgvcs9",1,LAC,0,0,0,0,0,0,0,0,0,0,0,0,,0,,,0,0,0,0,0,0,,0,0,0,0,0,0,0,0,0,0,,0,,,,,1,6.0,6.0
2019,REG,00-0033567,B.Hill,Brian Hill,RB,RB,"https://static.www.nfl.com/image/private/f_auto,q_auto/league/bsgtdhaylnpxdhfxtx0y",10,ATL,0,0,0,0,0,0,0,0,0,0,0,0,,0,,,78,323,2,0,0,19,-6.98691625520634,0,10,14,69,1,0,0,21,54,4,1.82865788232817,0,3.28571428571429,0.0714285714285714,0.012589928057554,0.115955806783145,0,57.2,67.2
2019,REG,00-0033572,J.Agnew,Jamal Agnew,WR,WR,"https://static.www.nfl.com/image/private/f_auto,q_auto/league/at0skjo9xsjgobkvqqz5",4,DET,0,0,0,0,0,0,0,0,0,0,0,0,,0,,,1,9,0,0,0,1,0.96290746377781,0,1,2,-2,0,0,0,29,1,0,-1.67469889903441,0,-0.0689655172413793,0.0689655172413793,0.111111111111111,0.181226053639847,2,12.7,13.7
2019,REG,00-0033576,E.Saubert,Eric Saubert,TE,TE,"https://static.www.nfl.com/image/upload/f_auto,q_auto/league/pxcadtlbynaz2qbffpei",2,CHI,0,0,0,0,0,0,0,0,0,0,0,0,,0,,,0,0,0,0,0,0,,0,2,3,21,0,0,0,9,18,1,-1.56597883891664,0,2.33333333333333,0.0441176470588235,0.01875,0.0793014705882353,0,2.1,4.1
2019,REG,00-0033589,D.Moore,David Moore,WR,WR,"https://static.www.nfl.com/image/upload/f_auto,q_auto/league/i2esmsczxxoq7pzvg6yf",13,SEA,0,0,0,0,0,0,0,0,0,0,0,0,,0,,,3,25,0,0,0,1,0.725619318662211,0,17,34,301,2,1,1,482,128,14,6.59776338452235,0,0.62448132780083,0.0819277108433735,0.124676668391102,0.210165234138832,0,42.6,59.6
2019,REG,00-0033594,C.Carson,Chris Carson,RB,RB,"https://static.www.nfl.com/image/private/f_auto,q_auto/league/zxjqunrgf4j8p2eg4xyl",15,SEA,0,0,0,0,0,0,0,0,0,0,0,0,,0,,,278,1230,7,6,3,75,-25.5841005527718,0,37,47,266,2,1,1,-48,317,10,4.7764468708192,0,-5.54166666666667,0.103070175438596,-0.0110420979986197,0.146875794558861,0,195.6,232.6
2019,REG,00-0033604,K.Hogan,Krishawn Hogan,WR,WR,"https://static.www.nfl.com/image/private/f_auto,q_auto/league/wxw9mclsvbju33ixnqz9",1,NO,0,0,0,0,0,0,0,0,0,0,0,0,,0,,,0,0,0,0,0,0,,0,1,1,4,0,0,0,2,2,0,-1.01898352592252,0,2.0,0.0256410256410256,0.007168458781362,0.0434794596084919,0,0.4,1.4
2019,REG,00-0033611,R.Seals-Jones,Ricky Seals-Jones,TE,TE,"https://static.www.nfl.com/image/private/f_auto,q_auto/league/nqwpbsutfe0anvjkqeux",9,CLE,0,0,0,0,0,0,0,0,0,0,0,0,,0,,,0,0,0,0,0,0,,0,14,22,229,4,1,1,253,95,10,10.7206618372684,0,0.905138339920949,0.0750853242320819,0.111798497569598,0.190886934646841,0,44.9,58.9
2019,REG,00-0033642,B.Bello,B.J. Bello,MLB,LB,"https://static.www.nfl.com/image/private/f_auto,q_auto/league/qcodwdsis92iva0h2wft",1,NYJ,0,0,0,0,0,0,0,0,0,0,0,0,,0,,,0,0,0,0,0,0,,0,0,0,0,0,0,0,0,0,0,,0,,,,,1,6.0,6.0
2019,REG,00-0033658,B.Jarwin,Blake Jarwin,TE,TE,"https://static.www.nfl.com/image/private/f_auto,q_auto/league/fsn8rvgup22r5e53mu7i",15,DAL,0,0,0,0,0,0,0,0,0,0,0,0,,0,,,0,0,0,0,0,0,,0,31,41,365,3,1,0,329,157,17,14.1372684136228,0,1.10942249240122,0.0767790262172285,0.0677931176591799,0.162623721687269,0,54.5,85.5
2019,REG,00-0033681,K.Cole,Keelan Cole,WR,WR,"https://static.www.nfl.com/image/private/f_auto,q_auto/league/djdjurxk3b6y347zirvz",11,JAX,0,0,0,0,0,0,0,0,0,0,0,0,,0,,,1,6,0,0,0,0,0.295005837979261,0,24,35,361,3,0,0,374,99,19,22.2450772891752,0,0.96524064171123,0.0875,0.123923127899271,0.21799618952949,0,54.7,78.7
2019,REG,00-0033696,S.Culkin,Sean Culkin,TE,TE,"https://static.www.nfl.com/image/private/f_auto,q_auto/league/pj36sitdqfq76pveqckq",2,LAC,0,0,0,0,0,0,0,0,0,0,0,0,,0,,,0,0,0,0,0,0,,0,1,2,12,0,0,0,19,0,1,0.71763855178142,0,0.631578947368421,0.0263157894736842,0.026685393258427,0.0581534594914252,0,1.2,2.2
2019,REG,00-0033699,A.Ekeler,Austin Ekeler,RB,RB,"https://static.www.nfl.com/image/upload/f_auto,q_auto/league/sldndpn2zwt4uhkj2zks",16,LAC,0,0,0,0,0,0,0,0,0,0,0,0,,0,,,132,557,3,1,1,32,-10.2979037558583,0,92,108,993,8,2,0,136,940,42,41.4780520874219,0,7.30147058823529,0.1875,0.0269680745587944,0.300127652191156,0,219.0,311.0
2019,REG,00-0033705,A.Patton,Andre Patton,WR,WR,"https://static.www.nfl.com/image/private/f_auto,q_auto/league/dca3n5hsrjgafphple2g",7,LAC,0,0,0,0,0,0,0,0,0,0,0,0,,0,,,0,0,0,0,0,0,,0,6,17,56,0,0,0,272,28,4,-0.18175898535787,0,0.205882352941176,0.0666666666666667,0.128605200945626,0.190023640661939,0,5.6,11.6
2019,REG,00-0033733,G.Ward,Greg Ward,WR,WR,"https://static.www.nfl.com/image/private/f_auto,q_auto/league/avy32bijim6pgiiu8gtz",6,PHI,0,0,0,0,0,0,0,0,0,0,0,0,,0,,,1,5,0,0,0,0,-0.216521920636296,0,28,40,254,1,0,0,264,98,18,7.95586169428035,0,0.962121212121212,0.153846153846154,0.150085275724844,0.335828923776621,0,31.9,59.9
2019,REG,00-0033742,T.Swoopes,Tyrone Swoopes,TE,TE,"https://static.www.nfl.com/image/private/f_auto,q_auto/league/ezsap0lrb7u92giefiyb",1,SEA,0,0,0,0,0,0,0,0,0,0,0,0,,0,,,0,0,0,0,0,0,,0,1,1,5,0,0,0,-2,7,0,0.0219675757107325,0,0.0,0.0263157894736842,-0.0079365079365079,0.0339181286549708,0,0.5,1.5
2019,REG,00-0033757,R.Tonyan,Robert Tonyan,TE,TE,"https://static.www.nfl.com/image/upload/f_auto,q_auto/league/y6enyobsifpchm2yhq9c",9,GB,0,0,0,0,0,0,0,0,0,0,0,0,,0,,,0,0,0,0,0,0,,0,10,15,100,1,0,0,158,26,4,1.67944049957441,0,0.632911392405063,0.0477707006369427,0.0607458669742407,0.114178157837383,0,16.0,26.0
2019,REG,00-0033770,J.Hardee,Justin Hardee,CB,DB,"https://static.www.nfl.com/image/upload/f_auto,q_auto/league/mcsbislogexqzusejqkn",1,NO,0,0,0,0,0,0,0,0,0,0,0,0,,0,,,0,0,0,0,0,0,,0,0,1,0,0,0,0,10,0,0,-2.07950901577715,0,0.0,0.0256410256410256,0.03584229390681,0.0635511441963055,0,0.0,0.0
2019,REG,00-0033787,J.Elliott,Jake Elliott,K,SPEC,"https://static.www.nfl.com/image/upload/f_auto,q_auto/league/i8ukmvghlwc2to4up8zp",1,PHI,0,1,0,0,1,0,0,0,0,6,0,0,-2.40306872234214,0,0.0,,0,0,0,0,0,0,,0,0,0,0,0,0,0,0,0,0,,0,,,,,0,-2.0,-2.0
2019,REG,00-0033789,T.Logan,T.J. Logan,RB,RB,"https://static.www.nfl.com/image/private/f_auto,q_auto/league/ujf1khcqyjvzh8lukjdv",5,TB,0,0,0,0,0,0,0,0,0,0,0,0,,0,,,3,10,0,0,0,0,-0.602045161009301,0,2,3,13,0,0,0,30,9,1,-1.82164600747637,0,0.433333333333333,0.0218978102189781,0.0226073850791259,0.0486718848838553,0,2.3,4.3
2019,REG,00-0033791,B.Wilson,Brandon Wilson,FS,DB,"https://static.www.nfl.com/image/private/f_auto,q_auto/league/qivxnok733r3757ruzqy",1,CIN,0,0,0,0,0,0,0,0,0,0,0,0,,0,,,0,0,0,0,0,0,,0,0,0,0,0,0,0,0,0,0,,0,,,,,1,6.0,6.0
2019,REG,00-0033838,T.Edmunds,Trey Edmunds,RB,RB,"https://static.www.nfl.com/image/private/f_auto,q_auto/league/xuzfvi2xmfnlkmlbqun3",6,PIT,0,0,0,0,0,0,0,0,0,0,0,0,,0,,,22,92,0,0,0,2,-6.68427916802466,0,6,7,48,0,0,0,6,42,2,5.06059005917632,0,8.0,0.0721649484536082,0.0080321285140562,0.113869912640252,0,14.0,20.0
2019,REG,00-0033839,D.Westbrook,Dede Westbrook,WR,WR,"https://static.www.nfl.com/image/private/f_auto,q_auto/league/jjlxw2ircxecpx3ipeax",15,JAX,0,0,0,0,0,0,0,0,0,0,0,0,,0,,,5,27,0,0,0,0,0.824108163593337,0,66,101,660,3,0,0,670,311,31,-2.14343889427147,2,0.985074626865672,0.194605009633911,0.172680412371134,0.412783803110661,0,90.7,156.7
2019,REG,00-0033854,D.Ogunbowale,Dare Ogunbowale,RB,RB,"https://static.www.nfl.com/image/upload/f_auto,q_auto/league/kzthvzy64jesgizjthwx",16,TB,0,0,0,0,0,0,0,0,0,0,0,0,,0,,,11,17,2,0,0,3,-0.0268094604603069,0,35,46,286,0,1,1,121,207,14,-10.7724533404846,0,2.36363636363636,0.0787671232876712,0.0197036313304022,0.131943226862788,0,40.3,75.3
2019,REG,00-0033856,L.Fournette,Leonard Fournette,RB,RB,"https://static.www.nfl.com/image/private/f_auto,q_auto/league/atxppoc7zqcjnbnk0awz",15,JAX,0,0,0,0,0,0,0,0,0,0,0,0,,0,,,265,1152,3,0,0,55,-17.4128553783352,0,76,100,522,0,1,1,13,558,23,-19.0772652218324,0,40.1538461538462,0.190839694656489,0.0034300791556728,0.288660597393704,0,183.4,259.4
2019,REG,00-0033857,J.Smith-Schuster,JuJu Smith-Schuster,WR,WR,"https://static.www.nfl.com/image/upload/f_auto,q_auto/league/l0hsr6xsbsagzygcqhci",12,PIT,0,0,0,0,0,0,0,0,0,0,0,0,,0,,,0,0,0,0,0,0,,0,42,70,552,3,1,1,683,222,23,-2.10462755584,0,0.808199121522694,0.179028132992327,0.224154906465376,0.425450634014254,0,71.2,113.2
2019,REG,00-0033858,J.Smith,Jonnu Smith,TE,TE,"https://static.www.nfl.com/image/upload/f_auto,q_auto/league/p8uldtljkzb6sile3wgx",15,TEN,0,0,0,0,0,0,0,0,0,0,0,0,,0,,,4,78,0,0,0,2,4.67698898346862,0,35,44,439,3,0,0,231,273,16,16.1299178813933,0,1.9004329004329,0.120879120879121,0.0732635585156993,0.232603172279671,0,69.7,104.7
2019,REG,00-0033869,M.Trubisky,Mitchell Trubisky,QB,QB,"https://static.www.nfl.com/image/upload/f_auto,q_auto/league/jetjlsljpb3shogn5grq",15,CHI,326,516,3138,17,10,38,234,3,2,4108,1403,156,-36.0762048780604,1,0.763875365141188,0.0255859149662815,48,193,2,2,0,12,-1.07809154602471,0,0,0,0,0,0,0,0,0,0,,0,,,,,0,202.82,202.82
2019,REG,00-0033871,C.Davis,Corey Davis,WR,WR,"https://static.www.nfl.com/image/private/f_auto,q_auto/league/hr0uv4ai1zhkn7nof2a2",15,TEN,0,0,0,0,0,0,0,0,0,0,0,0,,0,,,0,0,0,0,0,0,,0,43,69,601,2,1,0,830,217,33,34.3320730970416,0,0.724096385542169,0.168704156479218,0.232949761436991,0.41612106772472,0,72.1,115.1
2019,REG,00-0033873,P.Mahomes,Patrick Mahomes,QB,QB,"https://static.www.nfl.com/image/upload/f_auto,q_auto/league/qrdbvu4iqy7wkqg8jq8d",14,KC,319,484,4031,26,5,17,127,2,2,4281,1947,176,137.694040571343,1,0.941602429338939,0.171377008062606,43,218,2,0,0,15,12.1674923858372,0,0,0,0,0,0,0,0,0,0,,0,,,,,0,287.04,287.04
2019,REG,00-0033879,O.Howard,O.J. Howard,TE,TE,"https://static.www.nfl.com/image/private/f_auto,q_auto/league/wlvviyfhdn5fz5p04r95",12,TB,0,0,0,0,0,0,0,0,0,0,0,0,,0,,,0,0,0,0,0,0,,0,34,53,459,1,1,1,528,150,23,9.38509033355882,0,0.869318181818182,0.111578947368421,0.107469977610421,0.242597405379927,0,49.9,83.9
2019,REG,00-0033881,E.Engram,Evan Engram,TE,TE,"https://static.www.nfl.com/image/upload/f_auto,q_auto/league/sea0atk2feif4n75dvq8",8,NYG,0,0,0,0,0,0,0,0,0,0,0,0,,0,,,3,7,0,0,0,0,-0.608973877737299,0,44,68,467,3,0,0,397,252,23,3.24308696505707,0,1.17632241813602,0.221498371335505,0.17208495882098,0.452707028177943,0,65.4,109.4
2019,REG,00-0033885,D.Njoku,David Njoku,TE,TE,"https://static.www.nfl.com/image/private/f_auto,q_auto/league/ilvxwdllivrvwbuj69cm",3,CLE,0,0,0,0,0,0,0,0,0,0,0,0,,0,,,0,0,0,0,0,0,,0,5,10,41,1,0,0,64,16,3,-7.06852245505434,0,0.640625,0.108695652173913,0.0723981900452489,0.213722211292544,0,10.1,15.1
2019,REG,00-0033891,Z.Jones,Zay Jones,WR,WR,"https://static.www.nfl.com/image/upload/f_auto,q_auto/league/uxtqpnwdviolravhnrkw",14,LV,0,0,0,0,0,0,0,0,0,0,0,0,,0,,,1,3,0,0,0,0,-0.291332903550938,0,27,45,216,0,0,0,484,77,10,-15.2168816359,0,0.446280991735537,0.101580135440181,0.142983751846381,0.252458829452738,0,21.9,48.9
2019,REG,00-0033893,D.Cook,Dalvin Cook,RB,RB,"https://static.www.nfl.com/image/upload/f_auto,q_auto/league/uurolop9ktcloxqh4fid",14,MIN,0,0,0,0,0,0,0,0,0,0,0,0,,0,,,250,1135,13,3,2,60,5.277446347444,0,53,63,519,0,1,0,-94,591,26,28.1415244816102,0,-5.52127659574468,0.160714285714286,-0.0314907872696817,0.219027877482651,0,239.4,292.4
2019,REG,00-0033895,G.Everett,Gerald Everett,TE,TE,"https://static.www.nfl.com/image/upload/f_auto,q_auto/league/aayw74rhaupmfnnikzak",12,LA,0,0,0,0,0,0,0,0,0,0,0,0,,0,,,1,0,0,0,0,0,-1.5649566075583,0,37,60,408,2,0,0,487,178,22,5.86617547159869,0,0.837782340862423,0.134529147982063,0.134122831175985,0.295679703796283,0,52.8,89.8
2019,REG,00-0033896,A.Shaheen,Adam Shaheen,TE,TE,"https://static.www.nfl.com/image/private/f_auto,q_auto/league/rvj5swstfh0vf6f6w2hr",7,CHI,0,0,0,0,0,0,0,0,0,0,0,0,,0,,,0,0,0,0,0,0,,0,9,13,74,0,0,0,49,38,3,0.652080962162712,1,1.51020408163265,0.0541666666666667,0.0275435637998876,0.100530494659921,0,9.4,18.4
2019,REG,00-0033897,J.Mixon,Joe Mixon,RB,RB,"https://static.www.nfl.com/image/upload/f_auto,q_auto/league/gwyhozfhjgedwdmmjjcf",16,CIN,0,0,0,0,0,0,0,0,0,0,0,0,,0,,,278,1137,5,0,0,56,-21.95620812377,0,35,45,287,3,0,0,-2,331,14,8.17413883129484,0,-143.5,0.0797872340425532,-0.0004385003288752,0.119373900833617,0,190.4,225.4
2019,REG,00-0033904,D.Dawkins,Dion Dawkins,T,OL,"https://static.www.nfl.com/image/upload/f_auto,q_auto/league/y91b58ldqfxiiluu70g0",1,BUF,0,0,0,0,0,0,0,0,0,0,0,0,,0,,,0,0,0,0,0,0,,0,1,1,1,1,0,0,1,0,1,2.8585252801422,0,1.0,0.0384615384615385,0.0031545741324921,0.0599005095850522,0,6.1,7.1
2019,REG,00-0033906,A.Kamara,Alvin Kamara,RB,RB,"https://static.www.nfl.com/image/private/f_auto,q_auto/league/tl9enad6kiwv6cukf4vt",14,NO,1,1,13,0,0,0,0,0,0,11,2,1,0.964814729755744,0,1.18181818181818,,171,797,5,3,1,32,-19.4958561013825,0,81,97,533,1,1,0,26,557,28,1.54695134371962,0,20.5,0.202083333333333,0.0081889763779527,0.308857283464567,0,167.52,248.52
2019,REG,00-0033908,C.Kupp,Cooper Kupp,WR,WR,"https://static.www.nfl.com/image/upload/f_auto,q_auto/league/sq7zwzcgrajuk0hwwph2",16,LA,0,1,0,0,0,0,0,0,0,19,0,0,-1.31501163384681,0,0.0,,2,4,0,0,0,0,-0.551536311744712,0,94,134,1161,10,3,0,970,538,51,67.4039319360884,0,1.19690721649485,0.218954248366013,0.20204124140804,0.469860241534648,0,176.5,270.5
2019,REG,00-0033911,T.Taylor,Taywan Taylor,WR,WR,"https://static.www.nfl.com/image/private/f_auto,q_auto/league/n0kolr3zjappzojczo5w",1,CLE,0,0,0,0,0,0,0,0,0,0,0,0,,0,,,0,0,0,0,0,0,,0,0,1,0,0,0,0,33,0,0,-0.533595996908844,0,0.0,0.03125,0.101851851851852,0.118171296296296,0,0.0,0.0
2019,REG,00-0033921,C.Godwin,Chris Godwin,WR,WR,"https://static.www.nfl.com/image/upload/f_auto,q_auto/league/al7b3dzqhysgve7l5lke",14,TB,0,0,0,0,0,0,0,0,0,0,0,0,,0,,,1,8,0,0,0,0,0.535331830498762,0,86,121,1333,9,0,0,1267,577,63,84.8615808808897,1,1.05209155485399,0.225325884543762,0.22961217832548,0.498717351643479,0,190.1,276.1
2019,REG,00-0033923,K.Hunt,Kareem Hunt,RB,RB,"https://static.www.nfl.com/image/upload/f_auto,q_auto/league/mm0t1ghvbpdhy6m5utcq",8,CLE,0,0,0,0,0,1,8,0,0,0,0,0,-1.22352245077491,0,,,43,179,2,1,0,8,-6.18043723126175,0,37,44,285,1,0,0,35,276,17,13.7184468838968,0,8.14285714285714,0.172549019607843,0.0146627565982405,0.269087459030533,0,64.4,101.4
2019,REG,00-0033932,K.Golladay,Kenny Golladay,WR,WR,"https://static.www.nfl.com/image/private/f_auto,q_auto/league/vck7awhkwwhui3ndgts3",16,DET,0,0,0,0,0,0,0,0,0,0,0,0,,0,,,0,0,0,0,0,0,,0,65,116,1190,11,1,1,1698,304,52,46.0690079042028,0,0.700824499411072,0.210909090909091,0.325287356321839,0.544064785788924,0,183.0,248.0
2019,REG,00-0033933,C.Williams,Chad Williams,WR,WR,"https://static.www.nfl.com/image/private/f_auto,q_auto/league/euzfm4rfpar0i5lmm2df",1,IND,0,0,0,0,0,0,0,0,0,0,0,0,,0,,,0,0,0,0,0,0,,0,0,1,0,0,0,0,15,0,0,-1.08445769688115,0,0.0,0.0285714285714286,0.0420168067226891,0.0722689075630252,0,0.0,0.0
2019,REG,00-0033943,J.Reynolds,Josh Reynolds,WR,WR,"https://static.www.nfl.com/image/upload/f_auto,q_auto/league/ifukozhqlo1728h3gjnp",16,LA,0,0,0,0,0,0,0,0,0,0,0,0,,0,,,5,23,0,0,0,2,-0.326371778501198,0,21,43,326,1,0,0,459,139,15,3.59584486579664,0,0.710239651416122,0.0738831615120275,0.102068045363576,0.182272374022544,0,40.9,61.9
2019,REG,00-0033948,J.Williams,Jamaal Williams,RB,RB,"https://static.www.nfl.com/image/upload/f_auto,q_auto/league/yxrxpgcwq5qwp88vqnp3",14,GB,0,0,0,0,0,0,0,0,0,0,0,0,,0,,,107,460,1,0,0,23,-6.02785781239346,0,39,45,253,5,0,0,-34,279,16,15.5391697683954,0,-7.44117647058824,0.0984682713347921,-0.010641627543036,0.140253267722063,0,107.3,146.3
2019,REG,00-0033950,W.Gallman,Wayne Gallman,RB,RB,"https://static.www.nfl.com/image/private/f_auto,q_auto/league/zrc9lbsy94hxanrf5voo",9,NYG,0,0,0,0,0,0,0,0,0,0,0,0,,0,,,29,110,2,1,1,6,-8.24517242447473,0,11,15,102,1,0,0,31,104,4,3.55247395401238,0,3.29032258064516,0.0630252100840336,0.0237003058103976,0.111128029193329,0,37.2,48.2
2019,REG,00-0033951,M.Mack,Marlon Mack,RB,RB,"https://static.www.nfl.com/image/private/f_auto,q_auto/league/d3sdoo1yiey5oiyblulk",14,IND,0,0,0,0,0,0,0,0,0,0,0,0,,0,,,247,1091,8,0,0,67,0.752774140051859,1,14,17,82,0,0,0,-5,80,2,0.0163438381277956,0,-16.4,0.0723404255319149,-0.0028200789622109,0.106536583024325,0,167.3,181.3
2019,REG,00-0033994,F.Brown,Fred Brown,WR,WR,"https://static.www.nfl.com/image/private/f_auto,q_auto/league/ljihjkepcfnshjkom2un",2,DEN,0,0,0,0,0,0,0,0,0,0,0,0,,0,,,0,0,0,0,0,0,,0,2,3,21,0,0,0,34,0,1,0.0240236029494554,0,0.617647058823529,0.0545454545454545,0.0947075208913649,0.148113446442137,0,2.1,4.1
2019,REG,00-0034011,D.Arnold,Dan Arnold,TE,TE,"https://static.www.nfl.com/image/private/f_auto,q_auto/league/wym2o0jlxcvswj3gy9kv",5,ARI,0,0,0,0,0,0,0,0,0,0,0,0,,0,,,0,0,0,0,0,0,,0,8,14,127,2,0,0,182,29,6,7.74031361420641,0,0.697802197802198,0.0848484848484849,0.146537842190016,0.229849216805739,0,24.7,32.7
2019,REG,00-0034034,R.Davis,Rashard Davis,WR,WR,"https://static.www.nfl.com/image/private/f_auto,q_auto/league/row1skup96vnnn29zsdq",1,TEN,0,0,0,0,0,0,0,0,0,0,0,0,,0,,,0,0,0,0,0,0,,0,1,1,16,0,0,0,16,0,1,1.55485236243112,0,1.0,0.0476190476190476,0.0563380281690141,0.110865191146881,0,1.6,2.6
2019,REG,00-0034052,B.Zylstra,Brandon Zylstra,WR,WR,"https://static.www.nfl.com/image/private/f_auto,q_auto/league/arx0mz7gc5dm0wfc5kfx",4,CAR,0,0,0,0,0,0,0,0,0,0,0,0,,0,,,0,0,0,0,0,0,,0,8,12,106,0,0,0,160,10,5,5.45755642323638,0,0.6625,0.0714285714285714,0.112280701754386,0.185739348370927,0,10.6,18.6
2019,REG,00-0034064,C.Wadman,Colby Wadman,P,SPEC,"https://static.www.nfl.com/image/private/f_auto,q_auto/league/hlmh4uiswctg0tlo0yh1",1,DEN,0,0,0,0,0,1,7,0,0,0,0,0,-3.18508042744361,0,,,0,0,0,0,0,0,,0,0,0,0,0,0,0,0,0,0,,0,,,,,0,0.0,0.0
2019,REG,00-0034073,R.Dwelley,Ross Dwelley,TE,TE,"https://static.www.nfl.com/image/upload/f_auto,q_auto/league/ukd8ctqgskd8q5psumou",6,SF,0,0,0,0,0,0,0,0,0,0,0,0,,0,,,0,0,0,0,0,0,,0,15,22,91,2,0,0,117,40,8,3.83269818738336,0,0.777777777777778,0.11,0.0826855123674912,0.222879858657244,0,21.1,36.1
2019,REG,00-0034081,S.Mitchell,Steven Mitchell,WR,WR,"https://static.www.nfl.com/image/private/f_auto,q_auto/league/lavpxb848zx0stc1imzb",2,HOU,0,0,0,0,0,0,0,0,0,0,0,0,,0,,,0,0,0,0,0,0,,0,2,6,37,0,0,0,101,14,2,1.29087851874647,0,0.366336633663366,0.1,0.233796296296296,0.313657407407407,0,3.7,5.7
2019,REG,00-0034104,C.Sims,Cam Sims,WR,WR,"https://static.www.nfl.com/image/private/f_auto,q_auto/league/rskkpergva4snsvgathy",2,WAS,0,0,0,0,0,0,0,0,0,0,0,0,,0,,,0,0,0,0,0,0,,0,2,3,27,0,0,0,35,8,1,1.99539357097819,0,0.771428571428571,0.0416666666666667,0.0665399239543726,0.109077946768061,0,2.7,4.7
2019,REG,00-0034109,P.Lindsay,Phillip Lindsay,RB,RB,"https://static.www.nfl.com/image/private/f_auto,q_auto/league/soywd4cnq19pigrwabb5",16,DEN,0,0,0,0,0,0,0,0,0,0,0,0,,0,,,224,1011,7,0,0,38,-10.7664506939507,0,35,48,196,0,0,0,-71,243,9,-2.76466976499069,0,-2.76056338028169,0.103671706263499,-0.0240922972514421,0.138642951319239,0,162.7,197.7
2019,REG,00-0034115,J.Wilson,Jeffery Wilson,RB,RB,"https://static.www.nfl.com/image/private/f_auto,q_auto/league/zorqrtlrizlltgd6pnob",8,SF,0,0,0,0,0,0,0,0,0,0,0,0,,0,,,27,105,4,0,0,9,0.98639518363052,0,3,5,34,1,0,0,12,21,1,0.281905850595415,0,2.83333333333333,0.0328947368421053,0.0116166505324298,0.0574737606358588,0,43.9,46.9
2019,REG,00-0034132,C.Blake,Christian Blake,WR,WR,"https://static.www.nfl.com/image/private/f_auto,q_auto/league/xaaqzgbfsqhs4qvdndrz",6,ATL,0,0,0,0,0,0,0,0,0,0,0,0,,0,,,0,0,0,0,0,0,,0,11,24,91,0,0,0,184,24,5,-3.88381814741297,0,0.494565217391304,0.096,0.0940214614205416,0.209815022994379,0,9.1,20.1
2019,REG,00-0034159,W.Dissly,Will Dissly,TE,TE,"https://static.www.nfl.com/image/upload/f_auto,q_auto/league/opdpeoconvviwkufolxr",6,SEA,0,0,0,0,0,0,0,0,0,0,0,0,,0,,,1,7,0,0,0,0,0.397375866305083,0,23,27,262,4,1,0,256,70,14,18.7089231300116,0,1.0234375,0.149171270718232,0.152199762187872,0.330296739608858,0,50.9,73.9
2019,REG,00-0034177,T.Boyle,Tim Boyle,QB,QB,"https://static.www.nfl.com/image/upload/f_auto,q_auto/league/zmfyonfo6ohn5bxqwaxg",3,GB,3,4,15,0,0,0,0,0,0,10,14,1,-0.454420716734603,0,1.5,,5,-7,0,0,0,0,0.0,0,0,0,0,0,0,0,0,0,0,,0,,,,,0,-0.1,-0.1
2019,REG,00-0034184,G.Edwards,Gus Edwards,RB,RB,"https://static.www.nfl.com/image/upload/f_auto,q_auto/league/dyobqe3w5eypevsk3f2b",16,BAL,0,0,0,0,0,0,0,0,0,0,0,0,,0,,,133,711,2,2,1,46,8.18694482945252,0,7,7,45,0,0,0,0,45,2,1.94868587557303,0,0.0,0.0395480225988701,0.0,0.0593220338983051,0,85.6,92.6
2019,REG,00-0034201,D.Turner,De'Lance Turner,RB,RB,"https://static.www.nfl.com/image/private/f_auto,q_auto/league/eyoauplfm4yffbfu9ijf",1,MIA,0,0,0,0,0,0,0,0,0,0,0,0,,0,,,4,6,0,0,0,0,-1.57103978050873,0,0,0,0,0,0,0,0,0,0,,0,,,,,0,0.6,0.6
2019,REG,00-0034203,D.Williams,Darious Williams,CB,DB,"https://static.www.nfl.com/image/upload/f_auto,q_auto/league/dewntuji0qaai8mlayq4",1,LA,0,0,0,0,0,0,0,0,0,0,0,0,,0,,,0,0,0,0,0,0,,0,0,0,0,0,0,0,0,0,0,,0,,,,,1,6.0,6.0
2019,REG,00-0034208,M.Boone,Mike Boone,RB,RB,"https://static.www.nfl.com/image/upload/f_auto,q_auto/league/yeoyrlaf9hlvowj6fdio",5,MIN,0,0,0,0,0,0,0,0,0,0,0,0,,0,,,49,273,3,0,0,9,1.0374060938664,0,3,4,17,0,0,0,-5,26,0,-7.38328770338558,0,-3.4,0.08,-0.015625,0.1090625,0,47.0,50.0
2019,REG,00-0034253,D.Hilliard,Dontrell Hilliard,RB,RB,"https://static.www.nfl.com/image/private/f_auto,q_auto/league/ukhyslngeuojxkjqfq9f",6,CLE,0,0,0,0,0,0,0,0,0,0,0,0,,0,,,13,49,2,0,0,3,-0.710157565460502,0,12,15,92,0,0,0,5,103,4,-1.12749694054946,0,18.4,0.072463768115942,0.0032154340836012,0.110946456032434,0,26.1,38.1
2019,REG,00-0034256,D.Scott,Da'Mari Scott,WR,WR,"https://static.www.nfl.com/image/private/f_auto,q_auto/league/nebin0nevleumqvsk0fu",2,NYG,0,0,0,0,0,0,0,0,0,0,0,0,,0,,,1,5,0,0,0,0,-0.142631361726671,0,2,3,22,0,0,0,19,14,2,1.10787508130306,0,1.15789473684211,0.04,0.0320404721753794,0.0824283305227656,0,2.7,4.7
2019,REG,00-0034267,J.Scott,Jaleel Scott,WR,WR,"https://static.www.nfl.com/image/private/f_auto,q_auto/league/npoq59gzmfmtwmrfdnhk",1,BAL,0,0,0,0,0,0,0,0,0,0,0,0,,0,,,0,0,0,0,0,0,,0,1,3,6,0,0,0,39,6,0,-1.35485864069778,0,0.153846153846154,0.15,0.288888888888889,0.427222222222222,0,0.6,1.6
2019,REG,00-0034270,T.Conklin,Tyler Conklin,TE,TE,"https://static.www.nfl.com/image/upload/f_auto,q_auto/league/chajhumpfogd8effewe6",5,MIN,0,0,0,0,0,0,0,0,0,0,0,0,,0,,,0,0,0,0,0,0,,0,8,10,58,0,0,0,61,18,2,2.07183710427489,0,0.950819672131147,0.0662251655629139,0.0783055198973042,0.154151612272484,0,5.8,13.8
2019,REG,00-0034272,M.Valdes-Scantling,Marquez Valdes-Scantling,WR,WR,"https://static.www.nfl.com/image/upload/f_auto,q_auto/league/vn2bg6lhyl15xrymtd5g",15,GB,0,0,0,0,0,0,0,0,0,0,0,0,,0,,,2,9,0,0,0,0,0.166191464290023,0,26,56,452,2,0,0,940,155,14,4.49216868685083,0,0.480851063829787,0.10873786407767,0.203948795834237,0.305870953200471,0,58.1,84.1
2019,REG,00-0034273,D.Ratley,Damion Ratley,WR,WR,"https://static.www.nfl.com/image/private/f_auto,q_auto/league/yafh5dzxcfpwqwrirmdd",9,CLE,0,0,0,0,0,0,0,0,0,0,0,0,,0,,,0,0,0,0,0,0,,0,12,24,200,1,0,0,307,47,11,11.0120488621152,0,0.651465798045603,0.0863309352517986,0.119548286604361,0.213180203500751,0,26.0,38.0
2019,REG,00-0034286,R.James,Richie James,WR,WR,"https://static.www.nfl.com/image/private/f_auto,q_auto/league/qusoivtzbud2wl0spptz",7,SF,0,0,0,0,0,0,0,0,0,0,0,0,,0,,,2,-1,0,0,0,0,-1.65224769880297,0,6,10,165,1,0,0,119,103,5,6.76800043191133,0,1.38655462184874,0.0675675675675676,0.118407960199005,0.184236923490655,0,22.4,28.4
2019,REG,00-0034297,B.Pringle,Byron Pringle,WR,WR,"https://static.www.nfl.com/image/private/f_auto,q_auto/league/qgwipkdsunodvqlumsmp",6,KC,0,0,0,0,0,0,0,0,0,0,0,0,,0,,,0,0,0,0,0,0,,0,12,16,170,1,0,0,178,63,7,7.15908013551962,0,0.955056179775281,0.0737327188940092,0.0890445222611306,0.172930243923805,0,23.0,35.0
2019,REG,00-0034301,D.Williams,Darrel Williams,RB,RB,"https://static.www.nfl.com/image/private/f_auto,q_auto/league/qloiwle7db59cznhqhub",9,KC,0,0,0,0,0,0,0,0,0,0,0,0,,0,,,41,141,3,1,1,12,-10.2266951809288,0,15,19,167,1,0,0,21,179,7,5.51468241275607,0,7.95238095238095,0.0772357723577236,0.0108864696734059,0.12347418730797,0,52.8,67.8
2019,REG,00-0034309,C.Beebe,Chad Beebe,WR,WR,"https://static.www.nfl.com/image/private/f_auto,q_auto/league/dd7cmld2lqxgqnizif4p",2,MIN,0,0,0,0,0,0,0,0,0,0,0,0,,0,,,0,0,0,0,0,0,,0,2,2,70,0,0,0,4,66,2,6.31478990110918,0,17.5,0.0555555555555556,0.0135593220338983,0.0928248587570621,0,7.0,9.0
2019,REG,00-0034319,D.Yelder,Deon Yelder,TE,TE,"https://static.www.nfl.com/image/private/f_auto,q_auto/league/ipykvobx6lilpvc5vyca",3,KC,0,0,0,0,0,0,0,0,0,0,0,0,,0,,,0,0,0,0,0,0,,0,3,4,50,0,0,0,38,32,2,2.63133780052885,0,1.31578947368421,0.0333333333333333,0.0331877729257642,0.0732314410480349,0,5.0,8.0
2019,REG,00-0034331,J.Samuels,Jaylen Samuels,RB,RB,"https://static.www.nfl.com/image/private/f_auto,q_auto/league/stceem3dtyjhdlqlaqxn",13,PIT,4,5,35,0,1,0,0,0,0,-11,50,2,-3.51145892136265,0,0.0,0.0440277838501194,66,175,1,0,0,9,-15.0245173045885,0,47,57,305,1,1,1,-45,366,19,-4.25282475878442,0,-6.77777777777778,0.141089108910891,-0.0169045830202855,0.199800455252137,0,57.4,104.4
2019,REG,00-0034339,T.Quinn,Trey Quinn,WR,WR,"https://static.www.nfl.com/image/private/f_auto,q_auto/league/ln6e9abuw9gjvaqjwltw",12,WAS,0,0,0,0,0,0,0,0,0,0,0,0,,0,,,0,0,0,0,0,0,,0,26,47,198,1,1,1,324,61,10,-20.5583373246887,1,0.611111111111111,0.138643067846608,0.126414358174015,0.296454652491722,0,25.8,51.8
2019,REG,00-0034342,Q.Nelson,Quenton Nelson,G,OL,"https://static.www.nfl.com/image/upload/f_auto,q_auto/league/fehjl7drjhhirpyfkxhd",1,IND,0,0,0,0,0,0,0,0,0,0,0,0,,0,,,1,0,0,0,0,0,-0.963777064054739,0,0,0,0,0,0,0,0,0,0,,0,,,,,0,0.0,0.0
2019,REG,00-0034343,J.Rosen,Josh Rosen,QB,QB,"https://static.www.nfl.com/image/private/f_auto,q_auto/league/nqycxzi8tkcyauk55mj8",5,MIA,58,109,567,1,5,16,93,1,0,899,319,26,-49.4651330775388,0,0.630700778642937,-0.0387632611908027,3,13,0,0,0,0,-1.04286969616078,0,0,0,0,0,0,0,0,0,0,,0,,,,,0,17.98,17.98
2019,REG,00-0034348,C.Sutton,Courtland Sutton,WR,WR,"https://static.www.nfl.com/image/upload/f_auto,q_auto/league/qts95gbd6hv65s9eiseq",16,DEN,1,1,38,0,0,0,0,0,0,37,1,1,2.5538151555229,0,1.02702702702703,,3,17,0,0,0,1,2.82335748750484,0,72,124,1112,6,2,0,1436,352,50,50.3384861057723,0,0.774373259052925,0.257796257796258,0.426745913818722,0.685416526367492,0,150.42,222.42
2019,REG,00-0034349,K.Johnson,Kerryon Johnson,RB,RB,"https://static.www.nfl.com/image/private/f_auto,q_auto/league/tmqxfjwvjlcfacertjqp",8,DET,0,0,0,0,0,0,0,0,0,0,0,0,,0,,,113,403,3,1,1,22,-20.5236481302418,0,10,15,127,1,0,0,69,116,7,3.95279547776014,0,1.84057971014493,0.0638297872340426,0.0291508238276299,0.116150257530405,0,75.0,85.0
2019,REG,00-0034351,D.Goedert,Dallas Goedert,TE,TE,"https://static.www.nfl.com/image/upload/f_auto,q_auto/league/wfj54vhw1zxwwb3vdi61",15,PHI,0,0,0,0,0,0,0,0,0,0,0,0,,0,,,0,0,0,0,0,0,,0,58,87,607,5,2,2,500,334,33,8.64560102731973,0,1.214,0.156193895870736,0.114678899082569,0.314566073163902,0,86.7,144.7
2019,REG,00-0034353,A.Miller,Anthony Miller,WR,WR,"https://static.www.nfl.com/image/upload/f_auto,q_auto/league/uvxiydh3yxydavl2fgpr",16,CHI,0,0,0,0,0,0,0,0,0,0,0,0,,0,,,1,-1,0,1,1,0,-5.32068521087058,0,52,85,656,2,0,0,865,217,34,20.283292817426,0,0.758381502890173,0.15017667844523,0.197804710724903,0.363728315175277,0,75.5,127.5
2019,REG,00-0034358,D.Guice,Derrius Guice,RB,RB,"https://static.www.nfl.com/image/private/f_auto,q_auto/league/vkzgf6tpbcidlbnvyvon",5,WAS,0,0,0,0,0,0,0,0,0,0,0,0,,0,,,42,245,2,0,0,9,3.00165424478473,0,7,9,79,1,0,0,-3,86,2,3.1848751551006,0,-26.3333333333333,0.0703125,-0.0026525198938992,0.103611986074271,0,50.4,57.4
2019,REG,00-0034364,J.Akins,Jordan Akins,TE,TE,"https://static.www.nfl.com/image/private/f_auto,q_auto/league/fgkl9zfpy2yxrkxfge84",16,HOU,0,0,0,0,0,0,0,0,0,0,0,0,,0,,,0,0,0,0,0,0,,0,36,55,418,2,0,0,393,246,21,13.2125157676846,0,1.06361323155216,0.106177606177606,0.0879391362720967,0.220823804656877,0,53.8,89.8
2019,REG,00-0034365,I.Thomas,Ian Thomas,TE,TE,"https://static.www.nfl.com/image/upload/f_auto,q_auto/league/qrcffo16hdkcvxuvjppy",9,CAR,0,0,0,0,0,0,0,0,0,0,0,0,,0,,,0,0,0,0,0,0,,0,16,30,136,1,0,0,204,77,10,-3.89324665525278,0,0.666666666666667,0.0819672131147541,0.0701513067400275,0.17205673439015,0,19.6,35.6
2019,REG,00-0034366,K.Coutee,Keke Coutee,WR,WR,"https://static.www.nfl.com/image/private/f_auto,q_auto/league/b63h388y8kzvntk6tuqx",8,HOU,0,0,0,0,0,0,0,0,0,0,0,0,,0,,,2,14,1,0,0,2,1.81726480124053,0,22,36,254,0,1,1,272,140,10,-11.968206108854,0,0.933823529411765,0.129496402877698,0.111566858080394,0.272341404972822,0,30.8,52.8
2019,REG,00-0034367,N.Miller-Hines,Nyheim Miller-Hines,RB,RB,"https://static.www.nfl.com/image/upload/f_auto,q_auto/league/ud1q6gh3tlkiy2w90gvm",16,IND,0,0,0,0,0,0,0,0,0,0,0,0,,0,,,52,199,2,0,0,16,0.539621969888685,0,44,58,320,0,1,1,77,315,15,-3.11092649451665,0,4.15584415584416,0.118852459016393,0.0196078431372549,0.192004178720669,2,73.9,117.9
2019,REG,00-0034370,D.Hamilton,DaeSean Hamilton,WR,WR,"https://static.www.nfl.com/image/private/f_auto,q_auto/league/thfspx6c8befeosbsj1b",12,DEN,0,0,0,0,0,0,0,0,0,0,0,0,,0,,,0,0,0,0,0,0,,0,28,52,297,1,0,0,423,128,19,-0.863645112531811,0,0.702127659574468,0.136842105263158,0.161944869831547,0.31862456677682,0,35.7,63.7
2019,REG,00-0034378,I.Smith,Ito Smith,RB,RB,"https://static.www.nfl.com/image/private/f_auto,q_auto/league/dh6fxo1jdenrkgcwdpib",7,ATL,0,0,0,0,0,0,0,0,0,0,0,0,,0,,,22,106,1,0,0,10,3.60906466352753,0,11,14,87,0,0,0,24,72,2,-1.04294938349631,0,3.625,0.0769230769230769,0.0156351791530945,0.126329240791782,0,25.3,36.3
2019,REG,00-0034383,D.Schultz,Dalton Schultz,TE,TE,"https://static.www.nfl.com/image/upload/f_auto,q_auto/league/ooatvpu1knzypdmjljo9",2,DAL,0,0,0,0,0,0,0,0,0,0,0,0,,0,,,0,0,0,0,0,0,,0,1,2,6,0,0,0,20,1,0,-0.356591659830883,0,0.3,0.0240963855421687,0.0255754475703325,0.0540473916124858,0,0.6,1.6
2019,REG,00-0034386,J.Watson,Justin Watson,WR,WR,"https://static.www.nfl.com/image/private/f_auto,q_auto/league/vr9tayyujt23takv3hv3",6,TB,0,0,0,0,0,0,0,0,0,0,0,0,,0,,,0,0,0,0,0,0,,0,15,26,159,2,0,0,352,14,10,1.9160884031189,0,0.451704545454546,0.11353711790393,0.144499178981938,0.271455102143252,0,27.9,42.9
2019,REG,00-0034389,D.Cruikshank,Dane Cruikshank,SS,DB,"https://static.www.nfl.com/image/private/f_auto,q_auto/league/lnq0ypzkle8qqwbtbqr3",1,TEN,0,0,0,0,0,0,0,0,0,0,0,0,,0,,,0,0,0,0,0,0,,0,0,1,0,0,0,0,30,0,0,-2.17180605680915,0,0.0,0.0277777777777778,0.0783289817232376,0.096496953872933,0,0.0,0.0
2019,REG,00-0034393,T.Fumagalli,Troy Fumagalli,TE,TE,"https://static.www.nfl.com/image/private/f_auto,q_auto/league/ec3s3n119ph0se5reacd",6,DEN,0,0,0,0,0,0,0,0,0,0,0,0,,0,,,0,0,0,0,0,0,,0,6,9,38,1,0,0,41,14,1,1.05326873785816,0,0.926829268292683,0.0456852791878173,0.0296242774566474,0.0892649130013791,0,9.8,15.8
2019,REG,00-0034399,W.Teller,Wyatt Teller,G,OL,"https://static.www.nfl.com/image/upload/f_auto,q_auto/league/ebzqg7brr7stcnj5qdyp",1,CLE,0,0,0,0,0,0,0,0,0,0,0,0,,0,,,0,0,0,0,0,0,,0,1,1,-5,0,0,0,-5,0,0,-1.14703797525726,0,0.0,0.0333333333333333,-0.0188679245283019,0.0367924528301887,0,-0.5,0.5
2019,REG,00-0034400,J.Wilkins,Jordan Wilkins,RB,RB,"https://static.www.nfl.com/image/private/f_auto,q_auto/league/ltz7ffp0fnywwhcm2d3z",12,IND,0,0,0,0,0,0,0,0,0,0,0,0,,0,,,51,307,2,0,0,12,7.33218973522889,0,7,11,43,0,0,0,15,32,1,-2.58907703211298,0,2.86666666666667,0.0528846153846154,0.0095177664974619,0.0859893596251464,0,47.0,54.0
2019,REG,00-0034406,D.Cain,Deon Cain,WR,WR,"https://static.www.nfl.com/image/upload/f_auto,q_auto/league/wltinnuei2g3smdoayn3",11,PIT,0,0,0,0,0,0,0,0,0,0,0,0,,0,,,0,0,0,0,0,0,,0,9,20,124,0,0,0,227,22,7,-1.96701858192682,0,0.54625550660793,0.0623052959501558,0.0952980688497061,0.160166592120028,0,12.4,21.4
2019,REG,00-0034411,R.Gage,Russell Gage,WR,WR,"https://static.www.nfl.com/image/private/f_auto,q_auto/league/lkqhshv0dss1b9c6mdnj",14,ATL,0,0,0,0,0,0,0,0,0,0,0,0,,0,,,4,12,0,0,0,0,-1.10988416371401,0,49,74,446,1,0,0,525,151,25,6.78143199128153,0,0.84952380952381,0.129370629370629,0.111844908393694,0.27234737993153,0,51.8,100.8
2019,REG,00-0034412,L.Falk,Luke Falk,QB,QB,"https://static.www.nfl.com/image/private/f_auto,q_auto/league/caeic48dkstqkisxvs0x",3,NYJ,47,73,416,0,3,16,96,2,1,404,264,15,-54.9492675373078,0,1.02970297029703,0.0188962303088345,0,0,0,0,0,0,,0,0,0,0,0,0,0,0,0,0,,0,,,,,0,8.64,8.64
2019,REG,00-0034414,B.Scott,Boston Scott,RB,RB,"https://static.www.nfl.com/image/upload/f_auto,q_auto/league/eqdpw33quvi1wbwakaak",8,PHI,0,0,0,0,0,0,0,0,0,0,0,0,,0,,,61,245,5,1,0,17,-4.02554285220685,0,24,26,204,0,1,0,-46,273,10,8.4941563156317,0,-4.43478260869565,0.133333333333333,-0.0346385542168675,0.175753012048193,0,74.9,98.9
2019,REG,00-0034418,C.Wilson,Cedrick Wilson,WR,WR,"https://static.www.nfl.com/image/upload/f_auto,q_auto/league/vuolr6nwwbrwwc5ldt7f",3,DAL,0,0,0,0,0,0,0,0,0,0,0,0,,0,,,0,0,0,0,0,0,,0,5,8,46,0,0,0,134,11,2,2.39534044198808,0,0.343283582089552,0.0695652173913044,0.116117850953206,0.185630321754201,0,4.6,9.6
2019,REG,00-0034419,B.Berrios,Braxton Berrios,WR,WR,"https://static.www.nfl.com/image/upload/f_auto,q_auto/league/yvzkjvb0ieeszxribqc9",6,NYJ,0,0,0,0,0,0,0,0,0,0,0,0,,0,,,0,0,0,0,0,0,,0,6,13,115,0,0,0,107,87,3,0.528841658495367,0,1.07476635514019,0.0677083333333333,0.0762108262108262,0.154910078347578,0,11.5,17.5
2019,REG,00-0034420,J.Thomas,Jordan Thomas,TE,TE,"https://static.www.nfl.com/image/private/f_auto,q_auto/league/lhqymyl9yfmt9gfqb0ro",1,HOU,0,0,0,0,0,0,0,0,0,0,0,0,,0,,,0,0,0,0,0,0,,0,1,3,8,0,0,0,8,3,0,-1.47507123474497,0,1.0,0.09375,0.0318725099601594,0.162935756972112,0,0.8,1.8
2019,REG,00-0034426,J.Wims,Javon Wims,WR,WR,"https://static.www.nfl.com/image/private/f_auto,q_auto/league/yz9qgdgesqc9nbkv832p",11,CHI,0,0,0,0,0,0,0,0,0,0,0,0,,0,,,0,0,0,0,0,0,,0,18,39,186,1,0,0,451,45,9,-12.6898725806887,0,0.412416851441242,0.0946601941747573,0.150836120401338,0.247575575543072,0,24.6,42.6
2019,REG,00-0034432,B.Scarbrough,Bo Scarbrough,RB,RB,"https://static.www.nfl.com/image/private/f_auto,q_auto/league/y9zcmooqisc5cex2tqxb",6,DET,0,0,0,0,0,0,0,0,0,0,0,0,,0,,,89,377,1,1,1,15,-13.3432116727636,0,1,4,5,0,0,0,-8,8,0,-0.457666128175333,0,-0.625,0.0588235294117647,-0.0150659133709981,0.0776891547579484,0,42.2,43.2
2019,REG,00-0034433,N.Bawden,Nick Bawden,FB,RB,"https://static.www.nfl.com/image/private/f_auto,q_auto/league/rz1cgqj4rvl2xjffxyia",5,DET,0,0,0,0,0,0,0,0,0,0,0,0,,0,,,0,0,0,0,0,0,,0,4,6,17,0,0,0,0,20,1,-0.87557331903372,0,0.0,0.0333333333333333,0.0,0.05,0,1.7,5.7
2019,REG,00-0034437,L.Cooke,Logan Cooke,P,SPEC,"https://static.www.nfl.com/image/upload/f_auto,q_auto/league/aqrps86orfg07vbbgn6c",3,JAX,2,2,16,0,0,1,19,1,0,8,8,2,2.32991176762152,0,2.0,,0,0,0,0,0,0,,0,0,0,0,0,0,0,0,0,0,,0,,,,,0,0.64,0.64
2019,REG,00-0034439,R.Izzo,Ryan Izzo,TE,TE,"https://static.www.nfl.com/image/private/f_auto,q_auto/league/mrgkhzunyljetpkfadkt",4,NE,0,0,0,0,0,0,0,0,0,0,0,0,,0,,,0,0,0,0,0,0,,0,6,9,114,1,0,0,78,50,4,8.2209422388114,0,1.46153846153846,0.0559006211180124,0.0661016949152542,0.130122118117697,0,17.4,23.4
2019,REG,00-0034440,J.Jackson,Justin Jackson,RB,RB,"https://static.www.nfl.com/image/private/f_auto,q_auto/league/n7pvb1trbn9rtttlw7df",7,LAC,0,0,0,0,0,0,0,0,0,0,0,0,,0,,,29,200,0,0,0,9,5.1369651175919,0,9,11,22,0,0,0,-12,38,0,-4.05894056969555,0,-1.83333333333333,0.0614525139664804,-0.0073304825901038,0.087047433136648,0,22.2,31.2
2019,REG,00-0034449,B.Howell,Buddy Howell,RB,RB,"https://static.www.nfl.com/image/private/f_auto,q_auto/league/iqoes3t0jkt62cpqmuvo",2,HOU,0,0,0,0,0,0,0,0,0,0,0,0,,0,,,5,10,0,0,0,1,0.650470798340393,0,0,0,0,0,0,0,0,0,0,,0,,,,,0,1.0,1.0
2019,REG,00-0034457,J.Adams,Josh Adams,RB,RB,"https://static.www.nfl.com/image/private/f_auto,q_auto/league/ppc3a6qvlxjxmkwxbphn",2,NYJ,0,0,0,0,0,0,0,0,0,0,0,0,,0,,,8,12,0,0,0,1,-2.30572289123666,0,0,0,0,0,0,0,0,0,0,,0,,,,,0,1.2,1.2
2019,REG,00-0034487,T.Sherfield,Trent Sherfield,WR,WR,"https://static.www.nfl.com/image/upload/f_auto,q_auto/league/esdvav44ezzmwbwe1rju",7,ARI,0,0,0,0,0,0,0,0,0,0,0,0,,0,,,0,0,0,0,0,0,,0,4,13,80,0,0,0,207,10,4,-0.25900706547475,0,0.386473429951691,0.0555555555555556,0.112438891906573,0.162040557667934,0,8.0,12.0
2019,REG,00-0034510,R.Foster,Robert Foster,WR,WR,"https://static.www.nfl.com/image/private/f_auto,q_auto/league/fmcyiy4oxx9soub8zbui",10,BUF,0,0,0,0,0,0,0,0,0,0,0,0,,0,,,2,29,0,0,0,1,1.81466596457176,0,3,18,64,0,0,0,451,32,3,-6.54537737652277,0,0.141906873614191,0.06,0.15752706950751,0.200268948655257,0,9.3,12.3
2019,REG,00-0034521,A.Lazard,Allen Lazard,WR,WR,"https://static.www.nfl.com/image/private/f_auto,q_auto/league/blrzk3bfnpneuyhsqiqg",11,GB,0,0,0,0,0,0,0,0,0,0,0,0,,0,,,1,21,0,0,0,1,1.32558120810427,0,35,52,477,3,0,0,736,131,24,28.5222889480647,0,0.648097826086957,0.137931034482759,0.210045662100457,0.353928515194458,0,67.8,102.8
2019,REG,00-0034577,K.Allen,Kyle Allen,QB,QB,"https://static.www.nfl.com/image/upload/f_auto,q_auto/league/knqlp0qrchvv6rjayshv",13,CAR,303,489,3322,17,16,46,397,10,6,3989,1647,188,-28.1384023534555,0,0.832790172975683,0.03712843272515,32,106,2,3,1,9,-2.12318843709075,0,0,0,0,0,0,0,0,0,0,,0,,,,,0,177.48,177.48
2019,REG,00-0034578,R.Bonnafon,Reggie Bonnafon,RB,RB,"https://static.www.nfl.com/image/private/f_auto,q_auto/league/revwhbm7uizs4oiwqdo3",8,CAR,0,0,0,0,0,0,0,0,0,0,0,0,,0,,,16,116,1,0,0,2,2.42061622848269,0,6,9,57,0,0,0,26,52,1,-8.10966253618244,0,2.19230769230769,0.0552147239263804,0.0180305131761442,0.0954434451128715,0,23.3,29.3
2019,REG,00-0034593,C.Lacy,Chris Lacy,WR,WR,"https://static.www.nfl.com/image/private/f_auto,q_auto/league/aopxp9h0dbs4beiar23d",3,DET,0,0,0,0,0,0,0,0,0,0,0,0,,0,,,0,0,0,0,0,0,,0,3,10,60,0,0,0,134,9,2,-7.05396560236113,0,0.447761194029851,0.105263157894737,0.156177156177156,0.267218746166115,0,6.0,9.0
2019,REG,00-0034597,R.Nall,Ryan Nall,RB,RB,"https://static.www.nfl.com/image/private/f_auto,q_auto/league/qh4cznlh73ud2b9loalu",1,CHI,0,0,0,0,0,0,0,0,0,0,0,0,,0,,,2,8,0,0,0,1,0.14985841314774,0,0,0,0,0,0,0,0,0,0,,0,,,,,0,0.8,0.8
2019,REG,00-0034613,T.Hudson,Tanner Hudson,TE,TE,"https://static.www.nfl.com/image/upload/f_auto,q_auto/league/fbtxfvqvgv0al8msbr1e",4,TB,0,0,0,0,0,0,0,0,0,0,0,0,,0,,,0,0,0,0,0,0,,0,2,5,26,0,0,0,55,2,1,-1.55731986725004,0,0.472727272727273,0.0337837837837838,0.0336391437308868,0.0742230762872965,0,2.6,4.6
2019,REG,00-0034631,V.Smith,Vyncint Smith,WR,WR,"https://static.www.nfl.com/image/private/f_auto,q_auto/league/jjwvixdxj0lapvuqwbz9",13,NYJ,0,0,0,0,0,0,0,0,0,0,0,0,,0,,,3,52,1,0,0,3,5.20004747074563,0,17,31,225,0,0,0,373,105,11,-3.2597531399806,0,0.603217158176944,0.0828877005347594,0.110518518518519,0.201694513765102,0,33.7,50.7
2019,REG,00-0034653,D.Burnett,Deontay Burnett,WR,WR,"https://static.www.nfl.com/image/private/f_auto,q_auto/league/iyteeepnw4u0hssvjzxe",1,PHI,0,0,0,0,0,0,0,0,0,0,0,0,,0,,,0,0,0,0,0,0,,0,2,4,48,0,0,0,88,6,1,1.41923150105868,0,0.545454545454545,0.1,0.292358803986711,0.354651162790698,0,4.8,6.8
2019,REG,00-0034654,D.Dawkins,Dalyn Dawkins,RB,RB,"https://static.www.nfl.com/image/private/f_auto,q_auto/league/loz7fcvw2grvnn9zplud",2,TEN,0,0,0,0,0,0,0,0,0,0,0,0,,0,,,11,26,0,0,0,2,-2.36871790251462,0,0,1,0,0,0,0,2,0,0,-0.881214410066605,0,0.0,0.04,0.0089285714285714,0.06625,0,2.6,2.6
2019,REG,00-0034660,R.Gafford,Rico Gafford,WR,WR,"https://static.www.nfl.com/image/private/f_auto,q_auto/league/yotlvbawckg5e7shvr2y",2,LV,0,0,0,0,0,0,0,0,0,0,0,0,,0,,,0,0,0,0,0,0,,0,2,2,66,1,0,0,49,17,2,6.52757223974913,0,1.3469387755102,0.028169014084507,0.0910780669144981,0.106008167966909,0,12.6,14.6
2019,REG,00-0034676,J.Washington,James Washington,WR,WR,"https://static.www.nfl.com/image/private/f_auto,q_auto/league/z5svt5lojqlibpxitvty",15,PIT,0,0,0,0,0,0,0,0,0,0,0,0,,0,,,0,0,0,0,0,0,,0,44,80,735,3,1,1,1266,185,31,13.6306262780531,0,0.580568720379147,0.171673819742489,0.333860759493671,0.491213261259304,0,89.5,133.5
2019,REG,00-0034679,M.Walton,Mark Walton,HB,RB,"https://static.www.nfl.com/image/private/f_auto,q_auto/league/bagm3hmxx07fqbe2xumb",7,MIA,0,0,0,0,0,0,0,0,0,0,0,0,,0,,,53,201,0,0,0,11,-7.94567927406496,0,15,21,89,0,1,1,-24,106,3,-7.21090394165367,0,-3.70833333333333,0.100961538461538,-0.0130434782608696,0.142311872909699,0,27.0,42.0
2019,REG,00-0034681,C.Edmonds,Chase Edmonds,RB,RB,"https://static.www.nfl.com/image/upload/f_auto,q_auto/league/nbnqxhjafvg2vg6lc2ls",10,ARI,0,0,0,0,0,0,0,0,0,0,0,0,,0,,,60,303,4,0,0,12,2.65610390395159,0,12,21,105,1,0,0,5,105,5,-2.43229243006499,0,21.0,0.0755395683453237,0.0023116042533518,0.114927475495332,0,70.8,82.8
2019,REG,00-0034686,A.Tate,Auden Tate,WR,WR,"https://static.www.nfl.com/image/private/f_auto,q_auto/league/gp64utjveglpbit53u3t",12,CIN,0,0,0,0,0,0,0,0,0,0,0,0,,0,,,0,0,0,0,0,0,,0,40,80,575,1,1,1,933,134,29,7.32963225950326,0,0.616291532690247,0.186046511627907,0.271773958636761,0.469311538487593,0,61.5,101.5
2019,REG,00-0034705,J.Franklin,John Franklin,WR,WR,"https://static.www.nfl.com/image/private/f_auto,q_auto/league/arlseo7rbaeylylcnpr1",1,TB,0,0,0,0,0,0,0,0,0,0,0,0,,0,,,1,11,0,0,0,1,0.835216044564731,0,0,0,0,0,0,0,0,0,0,,0,,,,,0,1.1,1.1
2019,REG,00-0034735,C.McElroy,Codey McElroy,TE,TE,"https://static.www.nfl.com/image/private/f_auto,q_auto/league/jzeu0mzarw5bosseecho",1,TB,0,0,0,0,0,0,0,0,0,0,0,0,,0,,,0,0,0,0,0,0,,0,1,1,30,0,0,0,30,0,1,2.62330462571117,0,1.0,0.0212765957446809,0.0481540930979133,0.0656227587855606,0,3.0,4.0
2019,REG,00-0034747,M.Ateman,Marcell Ateman,WR,WR,"https://static.www.nfl.com/image/private/f_auto,q_auto/league/q5cbbfy8hxkcx7jwb7ve",4,LV,0,0,0,0,0,0,0,0,0,0,0,0,,0,,,0,0,0,0,0,0,,0,5,10,116,0,1,1,128,19,4,-0.92478306076373,0,0.90625,0.0757575757575758,0.121212121212121,0.198484848484848,0,9.6,14.6
2019,REG,00-0034750,R.Penny,Rashaad Penny,RB,RB,"https://static.www.nfl.com/image/private/f_auto,q_auto/league/mwvzwst6cfcwifblqtsj",9,SEA,0,0,0,0,0,0,0,0,0,0,0,0,,0,,,65,370,3,1,1,16,4.34504906774964,0,8,11,83,1,0,0,25,91,3,4.44697768980404,0,3.32,0.0588235294117647,0.0140924464487035,0.0981000066317395,0,67.3,75.3
2019,REG,00-0034753,M.Andrews,Mark Andrews,TE,TE,"https://static.www.nfl.com/image/upload/f_auto,q_auto/league/y5maejm3puruskwc344y",15,BAL,0,0,0,0,0,0,0,0,0,0,0,0,,0,,,0,0,0,0,0,0,,0,64,98,852,10,2,1,1035,291,44,46.5435203772124,0,0.823188405797101,0.242574257425743,0.290975541186393,0.567544264969089,0,143.2,207.2
2019,REG,00-0034764,M.Gallup,Michael Gallup,WR,WR,"https://static.www.nfl.com/image/private/f_auto,q_auto/league/tt9xpcg4x2z3osc1fcq6",14,DAL,0,0,0,0,0,0,0,0,0,0,0,0,,0,,,0,0,0,0,0,0,,0,66,113,1107,6,0,0,1421,333,50,44.7688919711706,0,0.779028852920479,0.218992248062016,0.301186943620178,0.539319232627148,0,146.7,212.7
2019,REG,00-0034765,T.Smith,Tre'Quan Smith,WR,WR,"https://static.www.nfl.com/image/upload/f_auto,q_auto/league/tlpyarxwfw6jue0m0e0o",10,NO,0,0,0,0,0,0,0,0,0,0,0,0,,0,,,0,0,0,0,0,0,,0,18,25,234,5,0,0,222,115,17,16.4242359628261,0,1.05405405405405,0.0704225352112676,0.091170431211499,0.169453104664951,0,53.4,71.4
2019,REG,00-0034766,C.Herndon,Christopher Herndon,TE,TE,"https://static.www.nfl.com/image/private/f_auto,q_auto/league/orypxaqv1ux3nbqssqqx",1,NYJ,0,0,0,0,0,0,0,0,0,0,0,0,,0,,,0,0,0,0,0,0,,0,1,2,7,0,0,0,12,5,0,-1.48425366696636,0,0.583333333333333,0.0740740740740741,0.0555555555555556,0.15,0,0.7,1.7
2019,REG,00-0034771,M.Rudolph,Mason Rudolph,QB,QB,"https://static.www.nfl.com/image/upload/f_auto,q_auto/league/pn938e0z2fobxmzfxmlh",10,PIT,176,283,1765,13,9,15,124,4,0,2286,934,80,-17.3559138821209,0,0.772090988626422,0.041231781757947,21,42,0,0,0,6,-14.8755376651103,0,0,0,0,0,0,0,0,0,0,,0,,,,,0,108.8,108.8
2019,REG,00-0034772,A.Callaway,Antonio Callaway,WR,WR,"https://static.www.nfl.com/image/private/f_auto,q_auto/league/qebxtrpadsvtqkgvfy2u",4,CLE,0,0,0,0,0,0,0,0,0,0,0,0,,0,,,0,0,0,0,0,0,,0,8,15,89,0,0,0,153,44,3,-7.24780737279956,0,0.581699346405229,0.1171875,0.16156282998944,0.288875230992608,0,8.9,16.9
2019,REG,00-0034773,V.Vea,Vita Vea,NT,DL,"https://static.www.nfl.com/image/upload/f_auto,q_auto/league/xsdlwaexrxhkbgqqe7nq",1,TB,0,0,0,0,0,0,0,0,0,0,0,0,,0,,,0,0,0,0,0,0,,0,1,1,1,1,0,0,1,0,1,1.32984951807885,0,1.0,0.037037037037037,0.0036363636363636,0.0581010101010101,0,6.1,7.1
2019,REG,00-0034775,C.Kirk,Christian Kirk,WR,WR,"https://static.www.nfl.com/image/private/f_auto,q_auto/league/ersmmtjmjlpsy9lmjvde",13,ARI,0,0,0,0,0,0,0,0,0,0,0,0,,0,,,10,93,0,0,0,4,4.43559895065846,0,67,107,708,3,0,0,1083,281,31,17.9236772747327,1,0.653739612188366,0.24373576309795,0.327983040581466,0.595191773053951,0,100.1,167.1
2019,REG,00-0034777,D.Chark,D.J. Chark,WR,WR,"https://static.www.nfl.com/image/upload/f_auto,q_auto/league/skuieceh50r31ulwpo5s",15,JAX,0,0,0,0,0,0,0,0,0,0,0,0,,0,,,2,20,0,0,0,1,0.828648367663845,0,73,118,1008,8,0,0,1391,316,42,34.5633451480306,1,0.724658519051042,0.220560747663551,0.345590062111801,0.572754164973588,0,152.8,225.8
2019,REG,00-0034788,J.Graham,Jaeden Graham,TE,TE,"https://static.www.nfl.com/image/private/f_auto,q_auto/league/fybmurkbrd7waa35tpc8",5,ATL,0,0,0,0,0,0,0,0,0,0,0,0,,0,,,0,0,0,0,0,0,,0,9,10,149,1,0,0,86,73,7,11.5069433288299,0,1.73255813953488,0.0467289719626168,0.0480984340044743,0.103762361747057,0,20.9,29.9
2019,REG,00-0034791,N.Chubb,Nick Chubb,RB,RB,"https://static.www.nfl.com/image/private/f_auto,q_auto/league/a8ib0haur75wrhqrbtyo",16,CLE,0,0,0,0,0,0,0,0,0,0,0,0,,0,,,299,1513,8,2,2,63,-21.4861596029565,0,36,49,278,0,1,1,-28,318,13,-2.66006866204724,0,-9.92857142857143,0.0945945945945946,-0.0067146282973621,0.137191652083738,0,221.1,257.1
2019,REG,00-0034794,J.Sanders,Jason Sanders,K,SPEC,"https://static.www.nfl.com/image/upload/f_auto,q_auto/league/zwbiuppgvkumtpntxo75",1,MIA,0,0,0,0,0,0,0,0,0,0,0,0,,0,,,0,0,0,0,0,0,,0,1,1,1,1,0,0,1,0,1,2.27035837579751,0,1.0,0.0256410256410256,0.002840909090909,0.0404501748251748,0,6.1,7.1
2019,REG,00-0034796,L.Jackson,Lamar Jackson,QB,QB,"https://static.www.nfl.com/image/upload/f_auto,q_auto/league/cruqs6qpbykh7a2whd7p",15,BAL,265,401,3127,36,6,23,106,0,0,3545,1360,161,144.949652296716,0,0.882087447108604,0.190872364948552,176,1206,7,7,2,71,56.783087049324,0,0,0,0,0,0,0,0,0,0,,0,,,,,0,415.68,415.68
2019,REG,00-0034798,D.Smythe,Durham Smythe,TE,TE,"https://static.www.nfl.com/image/upload/f_auto,q_auto/league/twxkgrnpjotgyhwawfsv",8,MIA,0,0,0,0,0,0,0,0,0,0,0,0,,0,,,0,0,0,0,0,0,,0,7,14,65,0,0,0,138,10,2,-3.97370184652391,0,0.471014492753623,0.043613707165109,0.0437539632213063,0.0960483350025779,0,6.5,13.5
2019,REG,00-0034799,K.Ballage,Kalen Ballage,RB,RB,"https://static.www.nfl.com/image/private/f_auto,q_auto/league/zxxklmhekefz5gaaxqi0",12,MIA,0,0,0,0,0,0,0,0,0,0,0,0,,0,,,74,135,3,0,0,10,-21.0528255448262,0,14,24,63,0,0,0,-8,87,4,-17.729447783262,0,-7.875,0.0668523676880223,-0.0027643400138217,0.0983435135223582,0,37.8,51.8
2019,REG,00-0034808,J.Kelly,John Kelly,RB,RB,"https://static.www.nfl.com/image/upload/f_auto,q_auto/league/pcjtitrxadmpg7ujoddg",1,LA,0,0,0,0,0,0,0,0,0,0,0,0,,0,,,3,9,0,0,0,0,-2.06637047952972,0,0,0,0,0,0,0,0,0,0,,0,,,,,0,0.9,0.9
2019,REG,00-0034816,R.Jones,Ronald Jones,RB,RB,"https://static.www.nfl.com/image/private/f_auto,q_auto/league/juku3wy4sv0xwobxw7xp",16,TB,0,0,0,0,0,0,0,0,0,0,0,0,,0,,,172,724,6,2,1,34,-24.7598799018935,0,31,40,309,0,1,1,30,294,12,2.10560350644476,0,10.3,0.0804828973843058,0.0063802637175669,0.125190530678756,0,135.3,166.3
2019,REG,00-0034827,D.Moore,D.J. Moore,WR,WR,"https://static.www.nfl.com/image/upload/f_auto,q_auto/league/hqb9xnzm9brx79zl6wve",15,CAR,0,0,0,0,0,0,0,0,0,0,0,0,,0,,,6,40,0,0,0,3,1.47911623487016,0,87,135,1175,4,2,1,1490,390,63,37.7091779691656,0,0.788590604026846,0.245009074410163,0.3125,0.586263611615245,0,143.5,230.5
2019,REG,00-0034829,M.Gesicki,Mike Gesicki,TE,TE,"https://static.www.nfl.com/image/upload/f_auto,q_auto/league/zabpknonv9ozmkyw4qqt",15,MIA,0,0,0,0,0,0,0,0,0,0,0,0,,0,,,0,0,0,0,0,0,,0,51,89,570,5,1,1,885,175,25,0.859169469168179,0,0.64406779661017,0.152920962199313,0.167613636363636,0.346710988753515,0,85.0,136.0
2019,REG,00-0034830,H.Hurst,Hayden Hurst,TE,TE,"https://static.www.nfl.com/image/upload/f_auto,q_auto/league/qxvkvmi2fphxjqyb21nv",16,BAL,0,0,0,0,0,0,0,0,0,0,0,0,,0,,,0,0,0,0,0,0,,0,30,39,349,2,0,0,330,148,16,24.1891550182003,0,1.05757575757576,0.0919811320754717,0.0893824485373781,0.200539412089372,0,46.9,76.9
2019,REG,00-0034837,C.Ridley,Calvin Ridley,WR,WR,"https://static.www.nfl.com/image/upload/f_auto,q_auto/league/tmeij0cfgylmurfybs74",13,ATL,0,0,0,0,0,0,0,0,0,0,0,0,,0,,,2,34,0,0,0,2,2.01420878962381,0,63,93,866,7,0,0,1246,138,47,46.648113319562,1,0.695024077046549,0.177142857142857,0.280314960629921,0.461934758155231,0,134.0,197.0
2019,REG,00-0034838,R.Freeman,Royce Freeman,RB,RB,"https://static.www.nfl.com/image/upload/f_auto,q_auto/league/qs4e1hiqj9xymlqk6yas",16,DEN,0,0,0,0,0,0,0,0,0,0,0,0,,0,,,132,496,3,0,0,22,-17.4383738286747,0,43,50,256,1,0,0,9,259,10,-2.51026465505054,0,28.4444444444444,0.103950103950104,0.0029702970297029,0.158004363845948,0,99.2,142.2
2019,REG,00-0034844,S.Barkley,Saquon Barkley,RB,RB,"https://static.www.nfl.com/image/upload/f_auto,q_auto/league/ugiuanl8bf6uoya5mgid",13,NYG,0,0,0,0,0,0,0,0,0,0,0,0,,0,,,217,1003,6,0,0,45,-18.7185325456838,0,52,73,438,2,1,0,61,438,14,4.47964516120895,0,7.18032786885246,0.148373983739837,0.0167720648886445,0.234301421031807,0,192.1,244.1
2019,REG,00-0034845,S.Michel,Sony Michel,RB,RB,"https://static.www.nfl.com/image/private/f_auto,q_auto/league/eydtwcqcaegkuwivq0ln",16,NE,0,0,0,0,0,0,0,0,0,0,0,0,,0,,,247,912,7,2,1,55,-23.6206426657052,0,12,20,94,0,0,0,-15,121,7,0.253141340154018,0,-6.26666666666667,0.0576368876080692,-0.0097783572359843,0.0796104813469147,0,140.6,152.6
2019,REG,00-0034854,K.Hodge,KhaDarel Hodge,WR,WR,"https://static.www.nfl.com/image/upload/f_auto,q_auto/league/h3r6hfokmtgtxz8mljho",7,CLE,0,0,0,0,0,0,0,0,0,0,0,0,,0,,,0,0,0,0,0,0,,0,4,10,76,0,0,0,161,9,3,-0.276690840880074,0,0.472049689440994,0.0446428571428571,0.0840731070496084,0.125815460649012,0,7.6,11.6
2019,REG,00-0034855,B.Mayfield,Baker Mayfield,QB,QB,"https://static.www.nfl.com/image/upload/f_auto,q_auto/league/xrbgtbyy8a7l0ux13hjy",16,CLE,318,535,3883,23,21,40,285,4,2,4539,1858,180,-4.96861107789909,1,0.855474774179335,0.0519444732462402,28,141,3,2,0,15,10.7745651498553,0,0,0,0,0,0,0,0,0,0,,0,,,,,0,235.42,235.42
2019,REG,00-0034857,J.Allen,Josh Allen,QB,QB,"https://static.www.nfl.com/image/upload/f_auto,q_auto/league/lq4ezafbszwwt2qsvhqv",16,BUF,271,461,3089,20,9,38,237,7,2,4262,1340,146,-14.1577315199563,2,0.724777099953074,0.0547129342664842,109,510,9,7,2,42,18.5766630632145,1,0,0,0,0,0,0,0,0,0,,0,,,,,0,288.56,288.56
2019,REG,00-0034860,D.Pettis,Dante Pettis,WR,WR,"https://static.www.nfl.com/image/upload/f_auto,q_auto/league/bkn6mnwboawe7iucprxe",9,SF,1,1,16,0,0,0,0,0,0,-4,20,1,1.24180554063059,0,0.0,,0,0,0,0,0,0,,0,11,24,109,2,0,0,189,23,7,-2.04657380775446,0,0.576719576719577,0.1,0.116883116883117,0.231818181818182,0,23.54,34.54
2019,REG,00-0034867,M.Turner,Malik Turner,WR,WR,"https://static.www.nfl.com/image/private/f_auto,q_auto/league/r7wv14bgrb5ohjmqsf9p",10,SEA,0,0,0,0,0,0,0,0,0,0,0,0,,0,,,0,0,0,0,0,0,,0,15,22,245,1,0,0,264,101,10,6.44353507349226,0,0.928030303030303,0.0700636942675159,0.0842911877394636,0.164099372818898,0,30.5,45.5
2019,REG,00-0034869,S.Darnold,Sam Darnold,QB,QB,"https://static.www.nfl.com/image/upload/f_auto,q_auto/league/agjgfwk9jk9ufoac2vpd",13,NYJ,273,441,3024,19,13,33,212,6,3,3755,1466,147,-17.474234289882,3,0.805326231691079,0.0482049665916331,33,62,2,5,0,6,-7.71324812195962,0,0,0,0,0,0,0,0,0,0,,0,,,,,0,189.16,189.16
2019,REG,00-0034922,I.Hyman,Ishmael Hyman,WR,WR,"https://static.www.nfl.com/image/private/f_auto,q_auto/league/z5krizipkrgqbw4sgs8e",2,TB,0,0,0,0,0,0,0,0,0,0,0,0,,0,,,0,0,0,0,0,0,,0,2,4,34,0,0,0,58,1,2,-0.320379074779339,0,0.586206896551724,0.0454545454545455,0.0537037037037037,0.105774410774411,0,3.4,5.4
2019,REG,00-0034928,S.Sims,Steven Sims,WR,WR,"https://static.www.nfl.com/image/upload/f_auto,q_auto/league/rsehft6639kzvqezebqf",13,WAS,0,1,0,0,0,0,0,0,0,5,0,0,-0.359818067227025,0,0.0,,9,85,1,0,0,2,2.47736530896509,0,34,56,310,4,0,0,383,172,18,-9.00040957376775,0,0.809399477806789,0.16,0.155817737998373,0.349072416598861,1,75.5,109.5
2019,REG,00-0034959,A.Beck,Andrew Beck,FB,RB,"https://static.www.nfl.com/image/upload/f_auto,q_auto/league/rsfn0gxxiu1cx6woxd38",9,DEN,1,1,6,0,0,0,0,0,0,-3,9,1,2.35154615924694,0,0.0,,1,3,0,0,0,1,0.690179143333808,0,9,12,90,1,0,0,26,67,6,5.61224806599785,0,3.46153846153846,0.0466926070038911,0.0185053380782918,0.0829926471606409,0,15.54,24.54
2019,REG,00-0034960,J.Meyers,Jakobi Meyers,WR,WR,"https://static.www.nfl.com/image/upload/f_auto,q_auto/league/p1abjttm5pu8gev0gwea",11,NE,0,0,0,0,0,0,0,0,0,0,0,0,,0,,,0,0,0,0,0,0,,0,26,41,359,0,0,0,422,114,17,14.2207362484769,0,0.850710900473934,0.0960187353629976,0.130086313193588,0.235088522280008,0,35.9,61.9
2019,REG,00-0034970,I.Smith,Irv Smith,TE,TE,"https://static.www.nfl.com/image/private/f_auto,q_auto/league/gvnnqr5kj0rtte3iw9mp",14,MIN,0,0,0,0,0,0,0,0,0,0,0,0,,0,,,0,0,0,0,0,0,,0,36,47,311,2,1,0,265,136,17,11.6620985506546,0,1.17358490566038,0.114914425427873,0.0854838709677419,0.232210347819229,0,43.1,79.1
2019,REG,00-0034972,A.Mattison,Alexander Mattison,RB,RB,"https://static.www.nfl.com/image/upload/f_auto,q_auto/league/uftc0gl0wzo5povcu6ih",13,MIN,0,0,0,0,0,0,0,0,0,0,0,0,,0,,,100,462,1,1,1,19,-12.6276061681856,0,10,12,82,0,0,0,27,74,3,2.69808837561868,0,3.03703703703704,0.0625,0.0228619813717189,0.109753386960203,0,58.4,68.4
2019,REG,00-0034975,J.Hill,Justice Hill,RB,RB,"https://static.www.nfl.com/image/upload/f_auto,q_auto/league/jeeq17ah67zxc6vdamhk",15,BAL,0,0,0,0,0,0,0,0,0,0,0,0,,0,,,58,225,2,0,0,10,-5.71678223827621,0,8,15,70,0,0,0,23,81,5,2.64915087236026,0,3.04347826086957,0.0710900473933649,0.0150918635170604,0.11719937555199,0,41.5,49.5
2019,REG,00-0034981,F.Moreau,Foster Moreau,TE,TE,"https://static.www.nfl.com/image/upload/f_auto,q_auto/league/hfcik9okcbwsbhgoaljy",11,LV,0,0,0,0,0,0,0,0,0,0,0,0,,0,,,0,0,0,0,0,0,,0,21,25,174,5,0,0,110,97,14,12.9275145161082,0,1.58181818181818,0.0773993808049536,0.0569063631660631,0.155933525423675,0,47.4,68.4
2019,REG,00-0034983,H.Renfrow,Hunter Renfrow,WR,WR,"https://static.www.nfl.com/image/private/f_auto,q_auto/league/coqn2jxhmjhaut34aqiv",13,LV,0,0,0,0,0,0,0,0,0,0,0,0,,0,,,0,0,0,0,0,0,,0,49,71,605,4,0,0,499,301,30,35.8004857743416,0,1.2124248496994,0.176178660049628,0.181851311953353,0.391563908441789,0,84.5,133.5
2019,REG,00-0034988,K.Smith,Kaden Smith,TE,TE,"https://static.www.nfl.com/image/private/f_auto,q_auto/league/gbwycqfz69f3c3ozzt0g",7,NYG,0,0,0,0,0,0,0,0,0,0,0,0,,0,,,0,0,0,0,0,0,,0,31,42,268,3,2,0,241,91,12,10.8487025747484,0,1.11203319502075,0.166666666666667,0.113039399624765,0.329127579737336,0,44.8,75.8
2019,REG,00-0034995,D.Williams,Dexter Williams,RB,RB,"https://static.www.nfl.com/image/private/f_auto,q_auto/league/j13nyurtcej8pa7jg494",2,GB,0,0,0,0,0,0,0,0,0,0,0,0,,0,,,5,11,0,0,0,0,-1.76553859235719,0,0,0,0,0,0,0,0,0,0,,0,,,,,0,1.1,1.1
2019,REG,00-0035006,O.Johnson,Olabisi Johnson,WR,WR,"https://static.www.nfl.com/image/private/f_auto,q_auto/league/uzlf6ftfizmo32d9v0x5",13,MIN,0,0,0,0,0,0,0,0,0,0,0,0,,0,,,1,6,0,0,0,0,0.305765978293493,0,31,45,294,3,0,0,431,68,17,11.0393142731918,0,0.682134570765661,0.116580310880829,0.151016117729502,0.280581748731895,0,48.0,79.0
2019,REG,00-0035013,J.Hilliman,Jon Hilliman,RB,RB,"https://static.www.nfl.com/image/private/f_auto,q_auto/league/oagfqcqfdbieehnioifx",3,NYG,0,0,0,0,0,0,0,0,0,0,0,0,,0,,,30,91,0,1,1,6,-10.2374028486665,0,3,4,1,0,1,1,-1,10,0,-9.08774877752876,0,-1.0,0.0615384615384615,-0.0015625,0.0912139423076923,0,5.2,8.2
2019,REG,00-0035021,A.Dulin,Ashton Dulin,WR,WR,"https://static.www.nfl.com/image/upload/f_auto,q_auto/league/so1vzml0sxv84xoyyr2n",2,IND,0,0,0,0,0,0,0,0,0,0,0,0,,0,,,0,0,0,0,0,0,,0,2,2,17,0,0,0,-6,23,0,-0.421566183678806,0,0.0,0.0285714285714286,-0.0094339622641509,0.0362533692722372,0,1.7,3.7
2019,REG,00-0035025,H.Hentges,Hale Hentges,TE,TE,"https://static.www.nfl.com/image/private/f_auto,q_auto/league/qn06ratsj85aw7o2bzfn",5,WAS,0,0,0,0,0,0,0,0,0,0,0,0,,0,,,0,0,0,0,0,0,,0,8,14,103,1,0,0,106,47,6,0.375884131237399,0,0.971698113207547,0.0939597315436242,0.0976058931860037,0.209263722545639,0,16.3,24.3
2019,REG,00-0035039,S.Carlson,Stephen Carlson,TE,TE,"https://static.www.nfl.com/image/upload/f_auto,q_auto/league/nq0dkalhtzkaodcomjb9",6,CLE,0,0,0,0,0,0,0,0,0,0,0,0,,0,,,0,0,0,0,0,0,,0,5,7,51,1,0,0,51,21,2,3.47377010120489,0,1.0,0.0368421052631579,0.0367965367965368,0.0810207336523126,0,11.1,16.1
2019,REG,00-0035040,D.Blough,David Blough,QB,QB,"https://static.www.nfl.com/image/private/f_auto,q_auto/league/enumsdgbnfykd6znzeck",5,DET,94,174,984,4,6,14,104,0,0,1484,329,47,-43.6656773869311,0,0.663072776280323,-0.0508151643383689,8,31,0,1,0,1,1.48973505559843,0,1,1,19,1,0,0,14,5,1,1.95853550662287,0,1.35714285714286,0.0344827586206897,0.053639846743295,0.089272030651341,0,54.36,55.36
2019,REG,00-0035099,K.Blasingame,Khari Blasingame,FB,RB,"https://static.www.nfl.com/image/upload/f_auto,q_auto/league/beioi5h4lq0obt8yx35v",4,TEN,0,0,0,0,0,0,0,0,0,0,0,0,,0,,,0,0,0,0,0,0,,0,4,5,54,0,0,0,20,33,2,3.1760525132413,0,2.7,0.0458715596330275,0.0221975582685905,0.0843456302375546,0,5.4,9.4
2019,REG,00-0035104,A.Hollins,Alexander Hollins,WR,WR,"https://static.www.nfl.com/image/private/f_auto,q_auto/league/mmztaportamkis4gklpf",2,MIN,0,0,0,0,0,0,0,0,0,0,0,0,,0,,,0,0,0,0,0,0,,0,2,4,46,0,0,0,75,6,2,1.09036460127465,0,0.613333333333333,0.0816326530612245,0.262237762237762,0.30601541315827,0,4.6,6.6
2019,REG,00-0035120,K.Doss,Keelan Doss,WR,WR,"https://static.www.nfl.com/image/private/f_auto,q_auto/league/w1y0ujmc2ycaxfpysv0u",6,LV,0,0,0,0,0,0,0,0,0,0,0,0,,0,,,0,0,0,0,0,0,,0,11,14,133,0,0,0,124,57,6,8.40098862239393,0,1.07258064516129,0.0790960451977401,0.125888324873096,0.206765895207778,0,13.3,24.3
2019,REG,00-0035125,A.Ingold,Alec Ingold,FB,RB,"https://static.www.nfl.com/image/upload/f_auto,q_auto/league/ti3f1rb38z7sbxkjk2d9",11,LV,0,0,0,0,0,0,0,0,0,0,0,0,,0,,,10,17,0,0,0,7,2.34896391356597,0,6,6,44,1,0,0,6,38,4,5.71351825434249,0,7.33333333333333,0.0681818181818182,0.0124740124740125,0.111004536004536,0,12.1,18.1
2019,REG,00-0035140,M.Hardman,Mecole Hardman,WR,WR,"https://static.www.nfl.com/image/upload/f_auto,q_auto/league/cfbjutuygqg7imy0qwpt",15,KC,0,0,0,0,0,0,0,0,0,0,0,0,,0,,,4,17,0,0,0,1,-0.119943614758085,0,26,41,538,6,0,0,453,292,18,36.9314443327506,0,1.18763796909492,0.0877944325481799,0.118555352002094,0.214680395223735,1,97.5,123.5
2019,REG,00-0035146,T.McSorley,Trace McSorley,QB,QB,"https://static.www.nfl.com/image/private/f_auto,q_auto/league/gfl6nhrkzshnhcsxfvqy",1,BAL,0,0,0,0,0,0,0,0,0,0,0,0,,0,,,1,1,0,0,0,1,0.453160844510421,0,0,0,0,0,0,0,0,0,0,,0,,,,,0,0.1,0.1
2019,REG,00-0035148,D.Thompson,Darwin Thompson,RB,RB,"https://static.www.nfl.com/image/private/f_auto,q_auto/league/l1hcf7i4flghdacmhorc",10,KC,0,0,0,0,0,0,0,0,0,0,0,0,,0,,,37,128,1,0,0,9,-2.12940965087154,0,9,10,43,0,0,0,-16,62,2,-1.08025930557051,0,-2.6875,0.0462962962962963,-0.0282685512367491,0.0496564585787201,0,23.1,32.1
2019,REG,00-0035181,D.Shepherd,Darrius Shepherd,WR,WR,"https://static.www.nfl.com/image/private/f_auto,q_auto/league/mxa4mlth6p0bf5pfg3so",1,GB,0,0,0,0,0,0,0,0,0,0,0,0,,0,,,0,0,0,0,0,0,,0,1,2,1,0,0,0,8,3,0,-7.77036466758,0,0.125,0.0526315789473684,0.0217983651226158,0.0942062240068837,0,0.1,1.1
2019,REG,00-0035184,D.Ozigbo,Devine Ozigbo,RB,RB,"https://static.www.nfl.com/image/private/f_auto,q_auto/league/teht8fiw2mu5g8xmdoqm",1,JAX,0,0,0,0,0,0,0,0,0,0,0,0,,0,,,9,27,0,0,0,1,-0.531729707145132,0,3,5,23,0,0,0,6,20,1,0.0976534554501995,0,3.83333333333333,0.128205128205128,0.0258620689655172,0.210411140583554,0,5.0,8.0
2019,REG,00-0035208,O.Zaccheaus,Olamide Zaccheaus,WR,WR,"https://static.www.nfl.com/image/upload/f_auto,q_auto/league/hcmdnfgnnvcp0qbktpxd",4,ATL,0,0,0,0,0,0,0,0,0,0,0,0,,0,,,0,0,0,0,0,0,,0,3,5,115,1,0,0,69,63,2,7.17072048422415,0,1.66666666666667,0.0396825396825397,0.073015873015873,0.110634920634921,1,23.5,26.5
2019,REG,00-0035215,D.Harty,Deonte Harty,WR,WR,"https://static.www.nfl.com/image/upload/f_auto,q_auto/league/fh7rbtvohdkaacqaxqke",8,NO,0,0,0,0,0,0,0,0,0,0,0,0,,0,,,4,31,0,0,0,2,2.62657738698181,0,6,6,24,0,0,0,-13,37,2,-0.625147667866653,0,0.0,0.0324324324324324,-0.0108514190317195,0.041052655326445,1,11.5,17.5
2019,REG,00-0035216,D.Johnson,Diontae Johnson,WR,WR,"https://static.www.nfl.com/image/upload/f_auto,q_auto/league/rjtil6ilydmwoy0btlt7",16,PIT,0,0,0,0,0,0,0,0,0,0,0,0,,0,,,4,41,0,0,0,2,1.53471279283986,0,59,92,680,5,3,1,843,305,31,20.4314547481988,0,0.806642941874259,0.189690721649485,0.216820987654321,0.436310773832251,1,106.1,165.1
2019,REG,00-0035217,B.Snell,Benny Snell,RB,RB,"https://static.www.nfl.com/image/private/f_auto,q_auto/league/fo3ppnx6djkougdmpthf",11,PIT,0,0,0,0,0,0,0,0,0,0,0,0,,0,,,108,426,2,1,1,19,-12.9106192007312,0,3,4,23,0,0,0,-2,22,0,-0.857098600594327,0,-11.5,0.0449438202247191,-0.0032,0.0651757303370787,0,54.9,57.9
2019,REG,00-0035222,Z.Gentry,Zach Gentry,TE,TE,"https://static.www.nfl.com/image/upload/f_auto,q_auto/league/a8vddwqiybkx41wwtjy4",1,PIT,0,0,0,0,0,0,0,0,0,0,0,0,,0,,,0,0,0,0,0,0,,0,1,1,4,0,0,0,2,2,1,1.00502067885827,0,2.0,0.0277777777777778,0.0065359477124183,0.0462418300653595,0,0.4,1.4
2019,REG,00-0035228,K.Murray,Kyler Murray,QB,QB,"https://static.www.nfl.com/image/upload/f_auto,q_auto/league/lsladvvsaptc29bbcah2",16,ARI,346,539,3752,20,12,48,309,2,0,4037,1894,171,0.613685084355294,3,0.929403022046074,0.0552191243701323,92,539,4,3,2,27,-0.564978974246781,0,0,0,0,0,0,0,0,0,0,,0,,,,,0,285.98,285.98
2019,REG,00-0035229,T.Hockenson,T.J. Hockenson,TE,TE,"https://static.www.nfl.com/image/upload/f_auto,q_auto/league/n9zhffstwzae8i5di6tk",12,DET,0,0,0,0,0,0,0,0,0,0,0,0,,0,,,0,0,0,0,0,0,,0,32,59,367,2,0,0,455,200,19,8.62641514076149,0,0.806593406593407,0.141486810551559,0.110651750972763,0.289686441508272,0,48.7,80.7
2019,REG,00-0035231,C.Wilkins,Christian Wilkins,DT,DL,"https://static.www.nfl.com/image/upload/f_auto,q_auto/league/ogy5fqw1xsut7lcxffyw",1,MIA,0,0,0,0,0,0,0,0,0,0,0,0,,0,,,0,0,0,0,0,0,,0,1,1,1,1,1,0,0,1,1,0.703562048496679,0,0.0,0.0196078431372549,,,0,6.1,7.1
2019,REG,00-0035232,D.Haskins,Dwayne Haskins,QB,QB,"https://static.www.nfl.com/image/private/f_auto,q_auto/league/cctguuvjeglkuo1o6yvx",9,WAS,119,203,1365,7,7,29,204,3,2,1751,615,65,-51.3898957696878,1,0.779554540262707,-0.001567616678692,20,101,0,3,0,7,2.17256973315596,0,0,0,0,0,0,0,0,0,0,,0,,,,,0,76.7,76.7
2019,REG,00-0035235,K.McGary,Kaleb McGary,T,OL,"https://static.www.nfl.com/image/upload/f_auto,q_auto/league/woenkunxflhpuxb8kzqb",1,ATL,0,0,0,0,0,0,0,0,0,0,0,0,,0,,,0,0,0,0,0,0,,0,1,1,-3,0,0,0,-3,0,0,-1.15029828529805,0,0.0,0.0294117647058824,-0.0100334448160535,0.0370942356875861,0,-0.3,0.7
2019,REG,00-0035243,M.Sanders,Miles Sanders,RB,RB,"https://static.www.nfl.com/image/upload/f_auto,q_auto/league/lvyjbie3d0ro8ohgphe0",16,PHI,0,0,0,0,0,0,0,0,0,0,0,0,,0,,,179,818,3,2,1,30,-14.8373683873331,1,50,63,509,3,0,0,131,413,19,18.44741738522,0,3.88549618320611,0.109185441941075,0.0283795493934142,0.183643847487002,0,168.7,218.7
2019,REG,00-0035246,J.Arcega-Whiteside,J.J. Arcega-Whiteside,WR,WR,"https://static.www.nfl.com/image/private/f_auto,q_auto/league/ybukzc2rvl0mqfnn387e",8,PHI,0,0,0,0,0,0,0,0,0,0,0,0,,0,,,0,0,0,0,0,0,,0,10,22,169,1,0,0,366,16,7,1.27695526970023,0,0.461748633879781,0.0645161290322581,0.137645731477999,0.193126205582987,0,22.9,32.9
2019,REG,00-0035249,J.Oliver,Josh Oliver,TE,TE,"https://static.www.nfl.com/image/private/f_auto,q_auto/league/pwd3muzyjclgjlwwtdah",3,JAX,0,0,0,0,0,0,0,0,0,0,0,0,,0,,,0,0,0,0,0,0,,0,3,6,15,0,0,0,44,5,0,-6.06934147819993,0,0.340909090909091,0.0487804878048781,0.0442655935613682,0.104156647200275,0,1.5,4.5
2019,REG,00-0035250,D.Singletary,Devin Singletary,RB,RB,"https://static.www.nfl.com/image/upload/f_auto,q_auto/league/wz8mp8xb5bdspcxosreh",12,BUF,0,0,0,0,0,0,0,0,0,0,0,0,,0,,,151,775,2,4,1,37,2.95883256505363,0,29,41,194,2,0,0,61,193,5,-5.39721543348888,0,3.18032786885246,0.141379310344828,0.0288825757575758,0.232286768547544,0,118.9,147.9
2019,REG,00-0035251,W.Grier,Will Grier,QB,QB,"https://static.www.nfl.com/image/upload/f_auto,q_auto/league/i4yjdmx9siwbpou4s8km",2,CAR,28,52,228,0,4,6,44,0,0,491,179,12,-28.1793307584388,0,0.464358452138493,-0.0146788703040224,7,22,0,1,1,2,-8.62782434750491,0,0,0,0,0,0,0,0,0,0,,0,,,,,0,1.32,1.32
2019,REG,00-0035259,T.Wesco,Trevon Wesco,TE,TE,"https://static.www.nfl.com/image/private/f_auto,q_auto/league/ptq3iidy6uyg3f31gjl5",3,NYJ,0,0,0,0,0,0,0,0,0,0,0,0,,0,,,1,2,0,0,0,1,2.10861775558442,0,2,3,47,0,0,0,8,40,2,3.41837112468784,0,5.875,0.0352941176470588,0.0124610591900312,0.06166391790361,0,4.9,6.9
2019,REG,00-0035261,T.Pollard,Tony Pollard,RB,RB,"https://static.www.nfl.com/image/upload/f_auto,q_auto/league/koxn5qhfnsgvnqfqfmpp",14,DAL,0,0,0,0,0,0,0,0,0,0,0,0,,0,,,86,455,2,1,1,21,-1.80738194525475,1,15,20,107,1,0,0,-18,135,4,-2.76704756543209,0,-5.94444444444445,0.072992700729927,-0.0078226857887874,0.104013171042739,0,74.2,89.2
2019,REG,00-0035264,J.Stidham,Jarrett Stidham,QB,QB,"https://static.www.nfl.com/image/upload/f_auto,q_auto/league/ydf4deab7bxkpjztpze5",3,NE,2,4,14,0,1,1,7,0,0,21,5,1,-10.1498656405602,0,0.666666666666667,,2,-2,0,0,0,0,0.0,0,0,0,0,0,0,0,0,0,0,,0,,,,,0,-1.64,-1.64
2019,REG,00-0035268,R.Armstead,Ryquell Armstead,RB,RB,"https://static.www.nfl.com/image/private/f_auto,q_auto/league/jgcl3vn95zrklzlulgut",14,JAX,0,0,0,0,0,0,0,0,0,0,0,0,,0,,,35,108,0,0,0,5,-9.0978420706524,0,14,24,144,2,0,0,44,112,9,2.53054381103721,0,3.27272727272727,0.062992125984252,0.0163690476190476,0.105946522309711,0,37.2,51.2
2019,REG,00-0035273,Q.Ollison,Qadree Ollison,RB,RB,"https://static.www.nfl.com/image/private/f_auto,q_auto/league/ifvzpr0bzxjwbpv0zpml",6,ATL,0,0,0,0,0,0,0,0,0,0,0,0,,0,,,22,50,4,1,0,6,0.277775852999184,0,1,2,7,0,0,0,3,3,1,0.0072995944647118,0,2.33333333333333,0.0238095238095238,0.0037267080745341,0.0383229813664596,0,29.7,30.7
2019,REG,00-0035275,J.Scarlett,Jordan Scarlett,RB,RB,"https://static.www.nfl.com/image/private/f_auto,q_auto/league/k3w7dtbs4tpvnvzo6l6h",1,CAR,0,0,0,0,0,0,0,0,0,0,0,0,,0,,,4,9,0,0,0,0,-4.49301016575191,0,0,0,0,0,0,0,0,0,0,,0,,,,,0,0.9,0.9
2019,REG,00-0035287,K.Johnson,KeeSean Johnson,WR,WR,"https://static.www.nfl.com/image/private/f_auto,q_auto/league/xevuoqg8h0chgypuqy8k",10,ARI,0,0,0,0,0,0,0,0,0,0,0,0,,0,,,1,3,0,0,0,0,-0.647963212337345,0,21,42,187,1,1,1,394,43,10,-7.47263857688699,1,0.474619289340102,0.121037463976945,0.151771956856703,0.28779656576511,0,25.0,46.0
2019,REG,00-0035289,G.Minshew,Gardner Minshew,QB,QB,"https://static.www.nfl.com/image/upload/f_auto,q_auto/league/zn2kvriijuixffqfx7ob",14,JAX,285,470,3271,21,6,33,184,10,5,3472,1531,150,-13.7284929347418,3,0.942108294930876,0.0310644410307923,67,344,0,3,2,20,-3.94118939752414,0,0,0,0,0,0,0,0,0,0,,0,,,,,0,229.24,229.24
2019,REG,00-0035297,K.Harmon,Kelvin Harmon,WR,WR,"https://static.www.nfl.com/image/upload/f_auto,q_auto/league/fface3xneon0qi0kttvd",13,WAS,1,1,11,0,0,0,0,0,0,6,5,1,0.902871173457243,0,1.83333333333333,,0,0,0,0,0,0,,0,30,44,365,0,0,0,502,94,16,10.1114556605465,0,0.727091633466135,0.117962466487936,0.166225165562914,0.293301315625943,0,36.94,66.94
2019,REG,00-0035298,S.Miller,Scott Miller,WR,WR,"https://static.www.nfl.com/image/upload/f_auto,q_auto/league/v5fxl6tig8qarofg0lo1",9,TB,0,0,0,0,0,0,0,0,0,0,0,0,,0,,,2,16,0,0,0,1,0.17950395133812,0,13,26,200,1,0,0,465,36,5,5.32437015270881,0,0.43010752688172,0.0714285714285714,0.124631466094881,0.194384883409274,0,27.6,40.6
2019,REG,00-0035308,T.Sweeney,Tommy Sweeney,TE,TE,"https://static.www.nfl.com/image/upload/f_auto,q_auto/league/ixhp102leeriycsx1pkl",5,BUF,0,0,0,0,0,0,0,0,0,0,0,0,,0,,,0,0,0,0,0,0,,0,8,13,114,0,0,0,118,38,4,5.200765396934,0,0.966101694915254,0.0792682926829268,0.0924764890282132,0.183635981344139,0,11.4,19.4
2019,REG,00-0035311,M.Gaskin,Myles Gaskin,RB,RB,"https://static.www.nfl.com/image/upload/f_auto,q_auto/league/dn5kacxm99pb95u8dle1",7,MIA,0,0,0,0,0,0,0,0,0,0,0,0,,0,,,36,133,1,0,0,7,-2.45726861432838,0,7,12,51,0,0,0,2,46,2,-1.83165746384964,0,25.5,0.0427046263345196,0.0008481764206955,0.0646506629962662,0,24.4,31.4
2019,REG,00-0035342,P.Laird,Patrick Laird,RB,RB,"https://static.www.nfl.com/image/private/f_auto,q_auto/league/lhildzn90os4dmucczjw",8,MIA,0,0,0,0,0,0,0,0,0,0,0,0,,0,,,62,168,1,0,0,9,-21.7514093364647,0,23,30,204,0,0,0,42,176,13,4.96077053418494,1,4.85714285714286,0.0923076923076923,0.0172697368421053,0.150550354251012,0,45.2,68.2
2019,REG,00-0035350,P.Williams,Preston Williams,WR,WR,"https://static.www.nfl.com/image/private/f_auto,q_auto/league/ycedbmymomppxkrh6gcc",8,MIA,0,0,0,0,0,1,1,0,0,0,0,0,-0.926850494695827,0,,,0,0,0,0,0,0,,0,32,60,428,3,2,1,841,61,24,-0.0026120971965006,0,0.508917954815696,0.213523131672598,0.317598187311178,0.542603428626722,0,58.8,90.8
2019,REG,00-0035374,M.Walker,Michael Walker,WR,WR,"https://static.www.nfl.com/image/private/f_auto,q_auto/league/hif6vcfhct6nesewer3o",2,JAX,0,0,0,0,0,0,0,0,0,0,0,0,,0,,,0,0,0,0,0,0,,0,2,3,15,0,0,0,12,7,1,2.66099131782539,0,1.25,0.04,0.0290556900726392,0.0803389830508475,0,1.5,3.5
2019,REG,00-0035399,S.Morgan,Stanley Morgan,WR,WR,"https://static.www.nfl.com/image/upload/f_auto,q_auto/league/wxgibmduh5kodwlvbgct",5,CIN,0,0,0,0,0,0,0,0,0,0,0,0,,0,,,0,0,0,0,0,0,,0,3,10,18,0,0,0,66,10,0,-11.4683160347846,0,0.272727272727273,0.0543478260869565,0.0444743935309973,0.112653814602133,0,1.8,4.8
2019,REG,00-0035401,D.Willis,Damion Willis,WR,WR,"https://static.www.nfl.com/image/private/f_auto,q_auto/league/qc6dvlvsaekyjgcqdkou",7,CIN,0,0,0,0,0,0,0,0,0,0,0,0,,0,,,0,0,0,0,0,0,,0,9,16,82,0,0,0,179,16,3,-1.4770113954728,0,0.458100558659218,0.0599250936329588,0.0945089757127772,0.156043923448382,0,8.2,17.2
2019,REG,00-0035406,L.Humphrey,Lil'Jordan Humphrey,WR,WR,"https://static.www.nfl.com/image/upload/f_auto,q_auto/league/yjmyfuozafxd7zwf3mlr",1,NO,0,0,0,0,0,0,0,0,0,0,0,0,,0,,,0,0,0,0,0,0,,0,0,1,0,0,0,0,15,0,0,-0.734108325559646,0,0.0,0.0333333333333333,0.0769230769230769,0.103846153846154,0,0.0,0.0
2019,REG,00-0035414,J.Guyton,Jalen Guyton,WR,WR,"https://static.www.nfl.com/image/upload/f_auto,q_auto/league/a6j9njysh2lwdjblxvxw",1,LAC,0,0,0,0,0,0,0,0,0,0,0,0,,0,,,0,0,0,0,0,0,,0,0,2,0,0,0,0,75,0,0,-1.74483221303672,0,0.0,0.0769230769230769,0.297619047619048,0.323717948717949,0,0.0,0.0
2019,REG,00-0035432,J.Moore,Jason Moore,WR,WR,"https://static.www.nfl.com/image/private/f_auto,q_auto/league/gbbc1ckeorj74mpfvstq",4,LAC,0,0,0,0,0,0,0,0,0,0,0,0,,0,,,0,0,0,0,0,0,,0,2,5,43,0,0,0,119,6,2,3.06122588797007,0,0.361344537815126,0.0303030303030303,0.0738671632526381,0.0971615597313921,0,4.3,6.3
2019,REG,00-0035489,W.Hills,Wes Hills,RB,RB,"https://static.www.nfl.com/image/private/f_auto,q_auto/league/kxvtw7tugtuh36zptnko",1,DET,0,0,0,0,0,0,0,0,0,0,0,0,,0,,,10,21,2,0,0,3,0.385281258029863,0,2,2,1,0,0,0,-2,3,0,-1.56060003489256,0,-0.5,0.0465116279069768,-0.0056497175141242,0.0658126396005781,0,14.2,16.2
2019,REG,00-0035510,J.Smith,Jeff Smith,WR,WR,"https://static.www.nfl.com/image/upload/f_auto,q_auto/league/nrlg2m2ohbrp0duq1g3b",1,NYJ,0,0,0,0,0,0,0,0,0,0,0,0,,0,,,0,0,0,0,0,0,,0,1,2,12,0,0,0,48,0,1,0.479500403162092,0,0.25,0.0689655172413793,0.2,0.243448275862069,0,1.2,2.2
2019,REG,00-0035527,A.Isabella,Andy Isabella,WR,WR,"https://static.www.nfl.com/image/upload/f_auto,q_auto/league/qpqphhsofn96dvojfsx1",9,ARI,0,0,0,0,0,0,0,0,0,0,0,0,,0,,,4,15,0,0,0,0,-1.10129587596748,0,9,13,189,1,0,0,82,140,4,11.8239797452629,0,2.30487804878049,0.0646766169154229,0.0622154779969651,0.14056575997101,0,26.4,35.4
2019,REG,00-0035535,D.Slayton,Darius Slayton,WR,WR,"https://static.www.nfl.com/image/upload/f_auto,q_auto/league/zhm6evj813ucss03ndlx",14,NYG,0,0,0,0,0,0,0,0,0,0,0,0,,0,,,0,0,0,0,0,0,,0,48,84,740,8,0,0,1178,192,32,33.9302124712878,0,0.628183361629881,0.168,0.288089997554414,0.45366299828809,0,122.0,170.0
2019,REG,00-0035537,T.Johnson,Ty Johnson,RB,RB,"https://static.www.nfl.com/image/upload/f_auto,q_auto/league/zdedn4xqr2jy6mddh5pb",15,DET,0,0,0,0,0,0,0,0,0,0,0,0,,0,,,63,273,0,0,0,11,-8.42703514877128,0,24,31,109,0,1,1,61,93,4,-10.5521849973503,0,1.78688524590164,0.0682819383259912,0.0146072796934866,0.112648003274427,0,36.2,60.2
2019,REG,00-0035539,I.Nauta,Isaac Nauta,TE,TE,"https://static.www.nfl.com/image/private/f_auto,q_auto/league/nr3byepe2tjg8v8iot3z",2,DET,0,0,0,0,0,0,0,0,0,0,0,0,,0,,,0,0,0,0,0,0,,0,2,3,13,0,0,0,4,8,1,0.528928726911545,0,3.25,0.037037037037037,0.0066225165562913,0.0601913171449595,0,1.3,3.3
2019,REG,00-0035548,V.Bryant,Ventell Bryant,WR,WR,"https://static.www.nfl.com/image/private/f_auto,q_auto/league/k7tj2w8kpuhq2gtpvi37",1,DAL,0,0,0,0,0,0,0,0,0,0,0,0,,0,,,0,0,0,0,0,0,,0,1,1,15,1,0,0,15,0,1,2.00721482053632,0,1.0,0.0204081632653061,0.0420168067226891,0.0600240096038415,0,7.5,8.5
2019,REG,00-0035551,T.Brooks-James,Tony Brooks-James,RB,RB,"https://static.www.nfl.com/image/private/f_auto,q_auto/league/zn6yi45uu1wgpm8x08ph",3,PIT,0,0,0,0,0,0,0,0,0,0,0,0,,0,,,8,7,0,0,0,0,-5.91457705077482,0,0,0,0,0,0,0,0,0,0,,0,,,,,0,0.7,0.7
2019,REG,00-0035553,C.Jones,Charles Jones,TE,TE,"https://static.www.nfl.com/image/private/f_auto,q_auto/league/cx7tosfq741z1xu3lbnf",1,JAX,0,0,0,0,0,0,0,0,0,0,0,0,,0,,,0,0,0,0,0,0,,0,1,1,5,0,0,0,3,2,0,-0.634114044718444,0,1.66666666666667,0.0256410256410256,0.0129310344827586,0.0475132625994695,0,0.5,1.5
2019,REG,00-0035562,J.Horsted,Jesper Horsted,TE,TE,"https://static.www.nfl.com/image/private/f_auto,q_auto/league/mqbodeysdvvvuhkctewa",5,CHI,0,0,0,0,0,0,0,0,0,0,0,0,,0,,,0,0,0,0,0,0,,0,8,10,87,1,0,0,66,30,4,4.78154208715035,0,1.31818181818182,0.0518134715025907,0.0405654578979717,0.106116027782466,0,14.7,22.7
2019,REG,00-0035577,D.Hodges,Devlin Hodges,QB,QB,"https://static.www.nfl.com/image/private/f_auto,q_auto/league/ehkdoer4nv2qp2ddam83",8,PIT,100,160,1063,5,8,15,102,4,1,1175,574,51,-21.9427906814302,0,0.90468085106383,0.044829990189356,21,68,0,1,0,5,-13.2083051086922,0,0,0,0,0,0,0,0,0,0,,0,,,,,0,51.32,51.32
2019,REG,00-0035588,G.Bradbury,Garrett Bradbury,C,OL,"https://static.www.nfl.com/image/upload/f_auto,q_auto/league/hmbztztyfblbcrdlbsez",1,MIN,0,0,0,0,0,0,0,0,0,0,0,0,,0,,,0,0,0,0,0,0,,0,1,1,-4,0,0,0,-4,0,0,-2.03145566140302,0,0.0,0.0344827586206897,-0.0186046511627907,0.038700882117081,0,-0.4,0.6
2019,REG,00-0035590,R.Ridley,Riley Ridley,WR,WR,"https://static.www.nfl.com/image/private/f_auto,q_auto/league/r9fsvecapqc351xr2qie",3,CHI,0,0,0,0,0,0,0,0,0,0,0,0,,0,,,0,0,0,0,0,0,,0,6,7,69,0,0,0,62,15,4,6.88667034101673,0,1.11290322580645,0.0603448275862069,0.0721769499417928,0.141041106338565,0,6.9,12.9
2019,REG,00-0035592,T.Fulgham,Travis Fulgham,WR,WR,"https://static.www.nfl.com/image/private/f_auto,q_auto/league/xe4kdnx9a9p9735nhwh5",2,DET,0,0,0,0,0,0,0,0,0,0,0,0,,0,,,0,0,0,0,0,0,,0,0,3,0,0,0,0,66,0,0,-2.64585548918694,0,0.0,0.0576923076923077,0.130952380952381,0.178205128205128,0,0.0,0.0
2019,REG,00-0035594,T.Homer,Travis Homer,RB,RB,"https://static.www.nfl.com/image/upload/f_auto,q_auto/league/eg1e7va024emnbm55got",4,SEA,0,0,0,0,0,0,0,0,0,0,0,0,,0,,,18,114,0,0,0,6,3.03023613879055,0,11,13,56,0,0,0,-4,60,3,1.05633019522065,0,-14.0,0.194029850746269,-0.0073937153419593,0.285869175380032,0,17.0,28.0
2019,REG,00-0035596,K.Whyte,Kerrith Whyte,RB,RB,"https://static.www.nfl.com/image/private/f_auto,q_auto/league/wkjzrhylwknzyztlza5g",6,PIT,0,0,0,0,0,0,0,0,0,0,0,0,,0,,,24,122,0,0,0,5,0.916592809710638,0,1,1,9,0,0,0,-2,11,1,1.05669509712607,0,-4.5,0.0555555555555556,-0.024390243902439,0.066260162601626,0,13.1,14.1
2019,REG,00-0035597,J.Ursua,John Ursua,WR,WR,"https://static.www.nfl.com/image/private/f_auto,q_auto/league/unhfaasxtecti2bpdozv",1,SEA,0,0,0,0,0,0,0,0,0,0,0,0,,0,,,0,0,0,0,0,0,,0,1,1,11,0,0,0,11,0,1,3.18870680924738,0,1.0,0.0263157894736842,0.0436507936507936,0.0700292397660819,0,1.1,2.1
2019,REG,00-0035624,N.Harry,N'Keal Harry,TE,TE,"https://static.www.nfl.com/image/upload/f_auto,q_auto/league/yl0nlprrudo2o0awymq3",7,NE,0,0,0,0,0,0,0,0,0,0,0,0,,0,,,5,49,0,0,0,4,3.41064067208208,0,12,24,105,2,0,0,224,42,7,0.621893370203907,0,0.46875,0.0963855421686747,0.10836961780358,0.220437045715518,0,27.4,39.4
2019,REG,00-0035628,D.Johnson,D'Ernest Johnson,RB,RB,"https://static.www.nfl.com/image/upload/f_auto,q_auto/league/gbe2eojaxid4n3pmo0rj",3,CLE,0,0,0,0,0,0,0,0,0,0,0,0,,0,,,4,21,0,0,0,0,-2.03126606717706,0,6,7,71,0,0,0,34,43,1,2.06018136208877,0,2.08823529411765,0.0760869565217391,0.0374449339207048,0.140341888527102,0,9.2,15.2
2019,REG,00-0035631,D.Sample,Drew Sample,TE,TE,"https://static.www.nfl.com/image/upload/f_auto,q_auto/league/xufsbdqfujdqnrnozhg4",4,CIN,0,0,0,0,0,0,0,0,0,0,0,0,,0,,,0,0,0,0,0,0,,0,5,6,30,0,0,0,42,13,1,-0.429956123698503,0,0.714285714285714,0.04,0.0350877192982456,0.0845614035087719,0,3.0,8.0
2019,REG,00-0035639,P.Campbell,Parris Campbell,WR,WR,"https://static.www.nfl.com/image/upload/f_auto,q_auto/league/zesqmghc8zchkvhsv9jb",7,IND,0,0,0,0,0,0,0,0,0,0,0,0,,0,,,4,34,0,0,0,1,1.1373697114177,0,18,24,127,1,2,1,188,106,6,-4.27380138255171,0,0.675531914893617,0.107142857142857,0.110393423370523,0.237989682073652,0,20.1,38.1
2019,REG,00-0035640,D.Metcalf,DK Metcalf,WR,WR,"https://static.www.nfl.com/image/upload/f_auto,q_auto/league/ezpzdcvzlu5ga4uv6oas",16,SEA,0,0,0,0,0,0,0,0,0,0,0,0,,0,,,2,11,0,0,0,0,0.254456693306565,0,58,100,900,7,3,3,1293,276,39,25.6804751681903,1,0.696055684454756,0.202429149797571,0.281148075668624,0.500447377664393,0,129.1,187.1
2019,REG,00-0035644,N.Fant,Noah Fant,TE,TE,"https://static.www.nfl.com/image/private/f_auto,q_auto/league/w1gqasldrg3jumzdqjvy",16,DEN,0,0,0,0,0,0,0,0,0,0,0,0,,0,,,3,-12,0,0,0,0,-4.67049126606435,0,40,66,562,3,1,1,503,330,23,-0.397987139336859,0,1.11729622266402,0.137214137214137,0.149479940564636,0.310457164216451,0,71.0,111.0
2019,REG,00-0035645,G.Olszewski,Gunner Olszewski,WR,WR,"https://static.www.nfl.com/image/upload/f_auto,q_auto/league/fpimudxhuze3pd02bstw",2,NE,0,0,0,0,0,0,0,0,0,0,0,0,,0,,,0,0,0,0,0,0,,0,2,4,34,0,0,0,24,16,1,0.563571012346074,0,1.41666666666667,0.0481927710843374,0.047713717693837,0.105688759012192,0,3.4,5.4
2019,REG,00-0035652,R.Finley,Ryan Finley,QB,QB,"https://static.www.nfl.com/image/private/f_auto,q_auto/league/vz8qctzxuap5nxbaw8ql",3,CIN,41,87,474,2,2,11,93,4,3,721,203,20,-52.6367585612401,0,0.657420249653259,-0.0573046415489755,10,77,0,0,0,4,0.280103578756098,0,0,0,0,0,0,0,0,0,0,,0,,,,,0,24.66,24.66
2019,REG,00-0035654,C.Winovich,Chase Winovich,DE,DL,"https://static.www.nfl.com/image/private/f_auto,q_auto/league/pbnpzaqm5bba9dfrtmis",1,NE,0,0,0,0,0,0,0,0,0,0,0,0,,0,,,0,0,0,0,0,0,,0,0,0,0,0,0,0,0,0,0,,0,,,,,1,6.0,6.0
2019,REG,00-0035657,D.Harris,Damien Harris,RB,RB,"https://static.www.nfl.com/image/private/f_auto,q_auto/league/s0cagglk6qh9ciuddjmu",1,NE,0,0,0,0,0,0,0,0,0,0,0,0,,0,,,4,12,0,0,0,0,-1.50887475028867,0,0,0,0,0,0,0,0,0,0,,0,,,,,0,1.2,1.2
2019,REG,00-0035659,T.McLaurin,Terry McLaurin,WR,WR,"https://static.www.nfl.com/image/upload/f_auto,q_auto/league/wokz1etv1wj1vhbmvxgs",14,WAS,0,0,0,0,0,0,0,0,0,0,0,0,,0,,,0,0,0,0,0,0,,0,58,93,919,7,0,0,1304,217,43,48.4236418498487,0,0.704754601226994,0.230769230769231,0.423101881894873,0.642325163480258,0,133.9,191.9
2019,REG,00-0035662,M.Brown,Marquise Brown,WR,WR,"https://static.www.nfl.com/image/upload/f_auto,q_auto/league/ixuddegcphzmvjn4jq6r",14,BAL,0,0,0,0,0,0,0,0,0,0,0,0,,0,,,0,0,0,0,0,0,,0,46,71,584,7,0,0,782,226,24,24.4352567715727,0,0.746803069053708,0.189333333333333,0.238997555012225,0.451298288508558,0,100.4,146.4
2019,REG,00-0035664,D.Henderson,Darrell Henderson,RB,RB,"https://static.www.nfl.com/image/private/f_auto,q_auto/league/trvk8n0wjne7edxbajgw",7,LA,0,0,0,0,0,0,0,0,0,0,0,0,,0,,,39,147,0,0,0,10,-9.67051024138345,0,4,6,37,0,0,0,3,37,1,0.0052158480975776,0,12.3333333333333,0.0652173913043478,0.0063829787234042,0.102294172062905,0,18.4,22.4
2019,REG,00-0035665,D.Long,David Long,CB,DB,"https://static.www.nfl.com/image/upload/f_auto,q_auto/league/uawngyyimhhcvwiijs1x",1,LA,0,0,0,0,0,0,0,0,0,0,0,0,,0,,,0,0,0,0,0,0,,0,0,1,0,0,0,0,4,0,0,-3.51239289878868,0,0.0,0.0238095238095238,0.0134228187919463,0.0451102588686481,0,0.0,0.0
2019,REG,00-0035669,N.Scott,Nick Scott,SS,DB,"https://static.www.nfl.com/image/upload/f_auto,q_auto/league/knvjhpqqyqrnkzwikfdx",2,LA,0,0,0,0,0,0,0,0,0,0,0,0,,0,,,1,6,0,0,0,0,-2.57831057079602,0,1,1,23,0,0,0,3,20,1,3.9007327342988,0,7.66666666666667,0.0263157894736842,0.0079787234042553,0.045058790593505,0,2.9,3.9
2019,REG,00-0035671,J.Sternberger,Jace Sternberger,TE,TE,"https://static.www.nfl.com/image/private/f_auto,q_auto/league/dhmgw6mercfkpyfh1mw8",1,GB,0,0,0,0,0,0,0,0,0,0,0,0,,0,,,0,0,0,0,0,0,,0,0,1,0,0,0,0,13,0,0,-0.464912936207838,0,0.0,0.037037037037037,0.0616113744075829,0.0986835176408636,0,0.0,0.0
2019,REG,00-0035676,A.Brown,A.J. Brown,WR,WR,"https://static.www.nfl.com/image/private/f_auto,q_auto/league/a014sgzctarbvhwb35lw",16,TEN,0,0,0,0,0,0,0,0,0,0,0,0,,0,,,3,60,1,0,0,2,3.38728960650042,0,52,84,1051,8,1,0,1107,465,39,49.5578369436113,0,0.949412827461608,0.196261682242991,0.290246460409019,0.4975650456508,0,165.1,217.1
2019,REG,00-0035685,D.Montgomery,David Montgomery,RB,RB,"https://static.www.nfl.com/image/upload/f_auto,q_auto/league/nwdb4paueb1x4gv7tlb9",16,CHI,0,0,0,0,0,0,0,0,0,0,0,0,,0,,,242,889,6,2,2,50,-41.1203817604674,0,25,35,185,1,0,0,94,156,7,-2.10256023325012,0,1.96808510638298,0.0688976377952756,0.0238215914850482,0.120021570732447,0,145.4,170.4
2019,REG,00-0035686,M.Deiter,Michael Deiter,C,OL,"https://static.www.nfl.com/image/upload/f_auto,q_auto/league/rr4ex2fuppsjfwga6t4z",1,MIA,0,0,0,0,0,0,0,0,0,0,0,0,,0,,,0,0,0,0,0,0,,0,1,1,0,0,0,0,0,0,0,-0.692235914990306,0,,0.0303030303030303,,,0,0.0,1.0
2019,REG,00-0035689,D.Knox,Dawson Knox,TE,TE,"https://static.www.nfl.com/image/upload/f_auto,q_auto/league/uazfj5l5vzow2oyfa1s6",15,BUF,0,0,0,0,0,0,0,0,0,0,0,0,,0,,,1,9,0,0,0,1,0.909224141389132,0,28,50,388,2,0,0,455,144,15,7.82972085180392,0,0.852747252747253,0.112107623318386,0.10781990521327,0.243635368626868,0,51.7,79.7
2019,REG,00-0035700,J.Jacobs,Josh Jacobs,RB,RB,"https://static.www.nfl.com/image/upload/f_auto,q_auto/league/ksdusqxnwqtnph0htcfx",13,LV,0,0,0,0,0,0,0,0,0,0,0,0,,0,,,242,1150,7,1,1,53,-9.49242092085179,0,20,27,166,0,0,0,-34,183,8,3.90755770110991,0,-4.88235294117647,0.0825688073394496,-0.016798418972332,0.112094317728542,0,171.6,191.6
2019,REG,00-0035703,M.Boykin,Miles Boykin,WR,WR,"https://static.www.nfl.com/image/upload/f_auto,q_auto/league/agzv2xnchflfdxfet6pm",12,BAL,0,0,0,0,0,0,0,0,0,0,0,0,,0,,,0,0,0,0,0,0,,0,13,22,198,3,0,0,378,12,10,17.0682638553844,0,0.523809523809524,0.0668693009118541,0.130344827586207,0.191545330678126,0,37.8,50.8
2019,REG,00-0035704,D.Lock,Drew Lock,QB,QB,"https://static.www.nfl.com/image/upload/f_auto,q_auto/league/tlkgzjnuugarxjeoj9vk",5,DEN,100,156,1020,7,3,5,26,1,0,1065,550,54,13.7249274383464,0,0.957746478873239,0.0837725251348577,18,72,0,2,1,5,-8.38855215546209,0,0,0,0,0,0,0,0,0,0,,0,,,,,0,68.0,68.0
2019,REG,00-0035710,D.Jones,Daniel Jones,QB,QB,"https://static.www.nfl.com/image/private/f_auto,q_auto/league/zrhniboizqpxtdyz6gez",13,NYG,284,459,3027,24,12,38,295,12,8,3689,1395,140,-41.3628570410375,2,0.820547573868257,0.0391799125116271,45,279,2,5,2,21,16.2041361912837,0,0,0,0,0,0,0,0,0,0,,0,,,,,0,216.98,216.98
2019,REG,00-0035719,D.Samuel,Deebo Samuel,WR,WR,"https://static.www.nfl.com/image/upload/f_auto,q_auto/league/shqoqpjwwoiexzy6cmgb",15,SF,0,0,0,0,0,0,0,0,0,0,0,0,,0,,,14,159,3,0,0,5,9.73344111029292,0,57,81,802,3,2,1,598,473,32,29.6488144026511,1,1.34113712374582,0.181208053691275,0.208289794496691,0.417614936684597,0,132.1,189.1
2019,REG,00-0035726,J.Johnson,Jakob Johnson,FB,RB,"https://static.www.nfl.com/image/upload/f_auto,q_auto/league/dsggivrqnycxooysemqr",1,NE,0,0,0,0,0,0,0,0,0,0,0,0,,0,,,0,0,0,0,0,0,,0,1,2,5,0,0,0,7,1,0,-0.698337104171515,0,0.714285714285714,0.05,0.0226537216828479,0.0908576051779935,0,0.5,1.5
2019,POST,00-0019596,T.Brady,Tom Brady,QB,QB,"https://static.www.nfl.com/image/private/f_auto,q_auto/league/q7dpdlxyu5rs05rgh1le",1,NE,20,37,209,0,1,0,0,0,0,329,134,11,-3.11487812500026,0,0.635258358662614,-0.0129538324791542,0,0,0,0,0,0,,0,0,0,0,0,0,0,0,0,0,,0,,,,,0,6.36,6.36
2019,POST,00-0020531,D.Brees,Drew Brees,QB,QB,"https://static.www.nfl.com/image/private/f_auto,q_auto/league/i20xlpzdmn7xubotijjd",1,NO,26,33,208,1,1,3,31,1,1,200,87,11,-14.2717431371395,0,1.04,0.0739139431774285,1,5,0,0,0,0,0.161572000477463,0,0,0,0,0,0,0,0,0,0,,0,,,,,0,8.82,8.82
2019,POST,00-0021206,J.McCown,Josh McCown,QB,QB,"https://static.www.nfl.com/image/private/f_auto,q_auto/league/qcauc37wqjdaxdbq1evu",1,PHI,18,24,174,0,0,6,14,1,0,146,78,9,-4.13298252260574,0,1.19178082191781,0.10808149364464,5,23,0,1,0,2,0.884093332395423,0,0,0,0,0,0,0,0,0,0,,0,,,,,0,9.26,9.26
2019,POST,00-0022943,B.Watson,Benjamin Watson,TE,TE,"https://static.www.nfl.com/image/private/f_auto,q_auto/league/dorymozpdnrllkqlfzpu",1,NE,0,0,0,0,0,0,0,0,0,0,0,0,,0,,,0,0,0,0,0,0,,0,3,4,38,0,0,0,38,6,3,4.07362554041902,0,1.0,0.114285714285714,0.137184115523466,0.267457452294997,0,3.8,6.8
2019,POST,00-0023459,A.Rodgers,Aaron Rodgers,QB,QB,"https://static.www.nfl.com/image/upload/f_auto,q_auto/league/jdcb4nomlc4rd6k5l6to",2,GB,47,66,569,4,2,5,38,2,0,555,274,28,23.7242524924804,0,1.02522522522523,0.216053658836751,6,14,0,1,1,2,-3.88294386974303,0,0,0,0,0,0,0,0,0,0,,0,,,,,0,34.16,34.16
2019,POST,00-0023500,F.Gore,Frank Gore,RB,RB,"https://static.www.nfl.com/image/private/f_auto,q_auto/league/lxxkhd2suyalrbruzut7",1,BUF,0,0,0,0,0,0,0,0,0,0,0,0,,0,,,8,22,0,0,0,2,-2.412630367151,0,0,1,0,0,0,0,-1,0,0,-0.859478160040453,0,0.0,0.0232558139534884,-0.0025510204081632,0.0330980066445183,0,2.2,2.2
2019,POST,00-0024243,M.Lewis,Marcedes Lewis,TE,TE,"https://static.www.nfl.com/image/private/f_auto,q_auto/league/ppq07tipygpftz5csipx",1,GB,0,0,0,0,0,0,0,0,0,0,0,0,,0,,,0,0,0,0,0,0,,0,2,2,14,0,0,0,-2,16,1,0.875150305160787,0,0.0,0.0540540540540541,-0.00625,0.0767060810810811,0,1.4,3.4
2019,POST,00-0025396,T.Ginn,Ted Ginn,WR,WR,"https://static.www.nfl.com/image/private/f_auto,q_auto/league/o4m4txrv9l7odyebnea4",1,NO,0,0,0,0,0,0,0,0,0,0,0,0,,0,,,0,0,0,0,0,0,,0,1,2,18,0,0,0,65,0,1,-2.12140434753383,0,0.276923076923077,0.0606060606060606,0.255905511811024,0.270042949176807,0,1.8,2.8
2019,POST,00-0025399,M.Lynch,Marshawn Lynch,RB,RB,"https://static.www.nfl.com/image/private/f_auto,q_auto/league/ddhpebfqtr9yxsnbx9ht",2,SEA,0,0,0,0,0,0,0,0,0,0,0,0,,0,,,18,33,3,0,0,3,-3.01170490018558,0,2,3,25,0,0,0,-2,23,1,0.980416404083371,0,-12.5,0.103448275862069,-0.0061349693251533,0.150877935265496,0,23.8,25.8
2019,POST,00-0025825,B.Kern,Brett Kern,P,SPEC,"https://static.www.nfl.com/image/private/f_auto,q_auto/league/dbph1kuozunx3aorpeiw",1,TEN,1,1,28,0,0,0,0,0,0,9,19,1,3.94281001505442,0,3.11111111111111,,0,0,0,0,0,0,,0,0,0,0,0,0,0,0,0,0,,0,,,,,0,1.12,1.12
2019,POST,00-0027061,J.Cook,Jared Cook,TE,TE,"https://static.www.nfl.com/image/private/f_auto,q_auto/league/cthoenebptadlu4g928v",1,NO,0,0,0,0,0,0,0,0,0,0,0,0,,0,,,0,0,0,0,0,0,,0,5,5,54,0,0,0,33,21,4,3.24992767960066,0,1.63636363636364,0.151515151515152,0.12992125984252,0.318217609162491,0,5.4,10.4
2019,POST,00-0027150,J.Edelman,Julian Edelman,WR,WR,"https://static.www.nfl.com/image/private/f_auto,q_auto/league/u0hbuo2bsvtlg7lnxm43",1,NE,0,0,0,0,0,0,0,0,0,0,0,0,,0,,,2,12,1,0,0,2,2.42176647251472,0,3,5,30,0,0,0,40,8,2,1.29724646778777,0,0.75,0.142857142857143,0.144404332129964,0.315368746776689,0,10.2,13.2
2019,POST,00-0027685,E.Sanders,Emmanuel Sanders,WR,WR,"https://static.www.nfl.com/image/private/f_auto,q_auto/league/potkibjtm855tsawozs0",3,SF,0,0,0,0,0,0,0,0,0,0,0,0,,0,,,0,0,0,0,0,0,,0,5,8,71,0,0,0,133,6,4,2.31221824302338,0,0.533834586466166,0.140350877192982,0.29954954954955,0.420211000474158,0,7.1,12.1
2019,POST,00-0027696,J.Graham,Jimmy Graham,TE,TE,"https://static.www.nfl.com/image/private/f_auto,q_auto/league/h7xs06oj6g03mippwtse",2,GB,0,0,0,0,0,0,0,0,0,0,0,0,,0,,,0,0,0,0,0,0,,0,7,9,108,0,0,0,86,48,4,7.44781203244929,0,1.25581395348837,0.152542372881356,0.180672268907563,0.355284147557328,0,10.8,17.8
2019,POST,00-0027966,M.Ingram,Mark Ingram,RB,RB,"https://static.www.nfl.com/image/private/f_auto,q_auto/league/qyju9wutyssrf0b26ran",1,BAL,0,0,0,0,0,0,0,0,0,0,0,0,,0,,,6,22,0,0,0,0,-1.2473303002771,0,1,2,9,0,0,0,5,5,0,0.24893124186201,0,1.8,0.0377358490566038,0.0079744816586921,0.0621859107459902,0,3.1,4.1
2019,POST,00-0027981,K.Rudolph,Kyle Rudolph,TE,TE,"https://static.www.nfl.com/image/private/f_auto,q_auto/league/mtvrkfel5750mlevcvtp",2,MIN,0,0,0,0,0,0,0,0,0,0,0,0,,0,,,0,0,0,0,0,0,,0,6,10,35,1,0,0,65,20,2,-1.6429799280595,0,0.538461538461538,0.166666666666667,0.148401826484018,0.353881278538813,0,9.5,15.5
2019,POST,00-0028063,T.Jones,Taiwan Jones,RB,RB,"https://static.www.nfl.com/image/private/f_auto,q_auto/league/va09vgfr7bdc2wb6ikq4",2,HOU,0,0,0,0,0,0,0,0,0,0,0,0,,0,,,0,0,0,0,0,0,,0,2,2,48,0,0,0,1,47,2,1.33686848887307,0,48.0,0.0266666666666667,0.0015384615384615,0.0410769230769231,0,4.8,6.8
2019,POST,00-0028074,A.Sherman,Anthony Sherman,RB,RB,"https://static.www.nfl.com/image/private/f_auto,q_auto/league/ibmfpy4ztgmqfwtood5x",1,KC,0,0,0,0,0,0,0,0,0,0,0,0,,0,,,0,0,0,0,0,0,,0,0,1,0,0,0,0,3,0,0,-0.399161761975847,0,0.0,0.03125,0.012396694214876,0.0555526859504132,0,0.0,0.0
2019,POST,00-0028087,D.Lewis,Dion Lewis,RB,RB,"https://static.www.nfl.com/image/private/f_auto,q_auto/league/erzmtaaz3eimbg998hyq",2,TEN,0,0,0,0,0,0,0,0,0,0,0,0,,0,,,2,8,0,0,0,0,-0.934355116798542,0,2,2,14,0,0,0,2,12,1,1.02245619962923,0,7.0,0.0425531914893617,0.0048899755501222,0.0672527701191281,0,2.2,4.2
2019,POST,00-0028097,L.Smith,Lee Smith,TE,TE,"https://static.www.nfl.com/image/private/f_auto,q_auto/league/gcaqwhzrinlqicrljwlr",1,BUF,0,0,0,0,0,0,0,0,0,0,0,0,,0,,,0,0,0,0,0,0,,0,1,1,8,0,0,0,1,7,0,0.79434444126673,0,8.0,0.0232558139534884,0.0025510204081632,0.0366694352159468,0,0.8,1.8
2019,POST,00-0028581,P.DiMarco,Patrick DiMarco,FB,RB,"https://static.www.nfl.com/image/private/f_auto,q_auto/league/chit1zcsfqaoqzkqc9eh",1,BUF,0,0,0,0,0,0,0,0,0,0,0,0,,0,,,0,0,0,0,0,0,,0,0,1,0,0,0,0,48,0,0,-0.814439799403772,0,0.0,0.0232558139534884,0.122448979591837,0.120598006644518,0,0.0,0.0
2019,POST,00-0029000,C.Beasley,Cole Beasley,WR,WR,"https://static.www.nfl.com/image/private/f_auto,q_auto/league/y5r0fhwctl6ljwvmktvu",1,BUF,0,0,0,0,0,0,0,0,0,0,0,0,,0,,,0,0,0,0,0,0,,0,4,5,44,0,0,0,15,31,2,0.861173884070013,0,2.93333333333333,0.116279069767442,0.038265306122449,0.201204318936877,0,4.4,8.4
2019,POST,00-0029263,R.Wilson,Russell Wilson,QB,QB,"https://static.www.nfl.com/image/upload/f_auto,q_auto/league/u36rhg0md8ey3b4khbre",2,SEA,39,61,602,2,0,6,19,0,0,707,223,25,26.1365441457135,0,0.851485148514852,0.236885086756168,16,109,0,1,0,7,8.18807873164769,0,0,0,0,0,0,0,0,0,0,,0,,,,,0,42.98,42.98
2019,POST,00-0029419,D.Kelly,Dennis Kelly,T,OL,"https://static.www.nfl.com/image/private/f_auto,q_auto/league/i4ev1ltkthmoslllgfhi",1,TEN,0,0,0,0,0,0,0,0,0,0,0,0,,0,,,0,0,0,0,0,0,,0,1,1,1,1,0,0,1,0,1,0.875469880149467,0,1.0,0.03125,0.0037174721189591,0.0494772304832714,0,6.1,7.1
2019,POST,00-0029604,K.Cousins,Kirk Cousins,QB,QB,"https://static.www.nfl.com/image/upload/f_auto,q_auto/league/yt6n07jezvfmcsoq0j13",2,MIN,40,60,414,2,1,8,56,1,0,438,176,17,-2.7764263464481,0,0.945205479452055,0.0383396086208464,2,-1,0,0,0,0,-0.242024889797904,0,0,0,0,0,0,0,0,0,0,,0,,,,,0,22.46,22.46
2019,POST,00-0029632,M.Sanu,Mohamed Sanu,WR,WR,"https://static.www.nfl.com/image/private/f_auto,q_auto/league/a6loroqhta6g65aqnsrk",1,NE,0,0,0,0,0,0,0,0,0,0,0,0,,0,,,0,0,0,0,0,0,,0,1,5,11,0,0,0,67,6,1,-6.99278330116067,0,0.164179104477612,0.142857142857143,0.24187725631769,0.383599793708097,0,1.1,2.1
2019,POST,00-0029701,R.Tannehill,Ryan Tannehill,QB,QB,"https://static.www.nfl.com/image/private/f_auto,q_auto/league/yvwju12dl6haf3r8uzrm",3,TEN,36,60,369,5,1,5,40,1,0,568,169,21,2.04548849793183,0,0.649647887323944,0.0848234292688693,13,35,1,1,0,5,2.99752503947821,0,0,0,0,0,0,0,0,0,0,,0,,,,,0,42.26,42.26
2019,POST,00-0029738,D.Fells,Darren Fells,TE,TE,"https://static.www.nfl.com/image/private/f_auto,q_auto/league/eh0rbweg4wbzgzpvprnv",2,HOU,0,0,0,0,0,0,0,0,0,0,0,0,,0,,,0,0,0,0,0,0,,0,7,12,59,1,0,0,78,26,4,3.62156729513663,0,0.756410256410256,0.16,0.12,0.324,0,11.9,18.9
2019,POST,00-0029892,K.Juszczyk,Kyle Juszczyk,FB,RB,"https://static.www.nfl.com/image/upload/f_auto,q_auto/league/mfhpygabawkeioplae7a",1,SF,0,0,0,0,0,0,0,0,0,0,0,0,,0,,,0,0,0,0,0,0,,0,3,3,39,1,0,0,19,20,3,4.96142112815869,0,2.05263157894737,0.0967741935483871,0.0766129032258065,0.198790322580645,0,9.9,12.9
2019,POST,00-0030035,A.Thielen,Adam Thielen,WR,WR,"https://static.www.nfl.com/image/upload/f_auto,q_auto/league/pxehgo0l9xl03n7dronf",2,MIN,0,0,0,0,0,0,0,0,0,0,0,0,,0,,,1,3,0,0,0,0,-0.236622150056064,0,12,16,179,0,1,1,190,27,9,6.00031503336504,0,0.942105263157895,0.266666666666667,0.4337899543379,0.70365296803653,0,16.2,28.2
2019,POST,00-0030061,Z.Ertz,Zach Ertz,TE,TE,"https://static.www.nfl.com/image/upload/f_auto,q_auto/league/xktmmeumuoglbuam75iz",1,PHI,0,0,0,0,0,0,0,0,0,0,0,0,,0,,,0,0,0,0,0,0,,0,2,4,44,0,0,0,50,16,2,1.45759555371478,0,0.88,0.16,0.333333333333333,0.473333333333333,0,4.4,6.4
2019,POST,00-0030085,K.Stills,Kenny Stills,WR,WR,"https://static.www.nfl.com/image/private/f_auto,q_auto/league/wswn6tehkzj8mdfbablx",2,HOU,0,0,0,0,0,1,14,0,0,0,0,0,-2.03057057410479,0,,,0,0,0,0,0,0,,0,7,11,126,1,0,0,153,43,6,7.67084435757715,0,0.823529411764706,0.146666666666667,0.235384615384615,0.384769230769231,0,18.6,25.6
2019,POST,00-0030089,L.Willson,Luke Willson,TE,TE,"https://static.www.nfl.com/image/private/f_auto,q_auto/league/a6zcpjyfusebcm8i3w2w",1,SEA,0,0,0,0,0,0,0,0,0,0,0,0,,0,,,1,1,0,0,0,0,-0.433500981191173,0,1,1,8,0,0,0,-1,9,0,0.619661777338479,0,0.0,0.0357142857142857,-0.0034482758620689,0.0511576354679803,0,0.9,1.9
2019,POST,00-0030216,J.Hill,Josh Hill,TE,TE,"https://static.www.nfl.com/image/private/f_auto,q_auto/league/vdva7m1fxklv6gxbsg7q",1,NO,0,0,0,0,0,0,0,0,0,0,0,0,,0,,,0,0,0,0,0,0,,0,2,3,3,0,0,0,3,0,0,-2.60349674196914,0,1.0,0.0909090909090909,0.0118110236220472,0.144631352899069,0,0.3,2.3
2019,POST,00-0030288,R.Burkhead,Rex Burkhead,RB,RB,"https://static.www.nfl.com/image/private/f_auto,q_auto/league/ysgdnkasvp07qmrkasve",1,NE,0,0,0,0,0,0,0,0,0,0,0,0,,0,,,3,4,0,0,0,0,-1.44174572071643,0,3,3,32,0,0,0,-7,39,1,3.16791617288254,0,-4.57142857142857,0.0857142857142857,-0.0252707581227437,0.110881897885508,0,3.6,6.6
2019,POST,00-0030506,T.Kelce,Travis Kelce,TE,TE,"https://static.www.nfl.com/image/upload/f_auto,q_auto/league/ilk4qbxxs6mt3v9zfvtg",3,KC,0,0,0,0,0,0,0,0,0,0,0,0,,0,,,1,2,0,0,0,1,0.565235340734944,0,19,22,207,4,0,0,146,84,13,21.7785262590332,0,1.41780821917808,0.207547169811321,0.192612137203166,0.446149250759198,0,44.9,63.9
2019,POST,00-0030513,L.Murray,Latavius Murray,RB,RB,"https://static.www.nfl.com/image/private/f_auto,q_auto/league/zepm7ghltyeqydn0qxcg",1,NO,0,0,0,0,0,0,0,0,0,0,0,0,,0,,,5,21,0,0,0,1,0.575333769316785,0,1,2,4,0,0,0,-10,11,1,0.264977210434154,0,-0.4,0.0606060606060606,-0.0393700787401575,0.0633500357909807,0,2.5,3.5
2019,POST,00-0030564,D.Hopkins,DeAndre Hopkins,WR,WR,"https://static.www.nfl.com/image/upload/f_auto,q_auto/league/viymeohipdn0voptrkzh",2,HOU,0,0,0,0,0,0,0,0,0,0,0,0,,0,,,0,0,0,0,0,0,,0,15,22,208,0,2,1,273,28,9,0.575154268473852,1,0.761904761904762,0.293333333333333,0.42,0.734,0,20.8,35.8
2019,POST,00-0030663,W.Snead,Willie Snead,WR,WR,"https://static.www.nfl.com/image/private/f_auto,q_auto/league/fr5xckiwhguuaishnbju",1,BAL,0,0,0,0,0,0,0,0,0,0,0,0,,0,,,0,0,0,0,0,0,,0,6,8,56,0,0,0,56,11,3,2.06221750492248,0,1.0,0.150943396226415,0.0893141945773525,0.288935030543769,0,5.6,11.6
2019,POST,00-0030874,D.Williams,Damien Williams,RB,RB,"https://static.www.nfl.com/image/private/f_auto,q_auto/league/ga4vusnfwfvhp2ksqw7x",3,KC,0,0,0,0,0,0,0,0,0,0,0,0,,0,,,46,196,4,1,0,17,5.57355282575009,0,11,20,94,2,0,0,33,76,5,-0.0272234544150285,0,2.84848484848485,0.188679245283019,0.0435356200527704,0.313493801961468,0,65.0,76.0
2019,POST,00-0031045,C.Hyde,Carlos Hyde,RB,RB,"https://static.www.nfl.com/image/private/f_auto,q_auto/league/qpmv42ldpkpdf1gpgeua",2,HOU,0,0,0,0,0,0,0,0,0,0,0,0,,0,,,29,92,0,0,0,3,-7.06367630290333,0,4,5,23,1,0,0,12,20,2,1.59375549433753,0,1.91666666666667,0.0666666666666667,0.0276497695852535,0.119354838709677,0,17.5,21.5
2019,POST,00-0031051,J.Brown,John Brown,WR,WR,"https://static.www.nfl.com/image/private/f_auto,q_auto/league/xwyc2a0qfdxbbct6lso6",1,BUF,1,1,16,1,0,0,0,0,0,12,4,1,2.35521840251749,0,1.33333333333333,,0,0,0,0,0,0,,0,4,8,50,0,0,0,109,13,2,1.27492524263836,0,0.458715596330275,0.186046511627907,0.278061224489796,0.473712624584718,0,9.64,13.64
2019,POST,00-0031062,J.White,James White,RB,RB,"https://static.www.nfl.com/image/private/f_auto,q_auto/league/z1nnkmnstccnqya5d5ee",1,NE,0,0,0,0,0,0,0,0,0,0,0,0,,0,,,1,14,0,0,0,1,1.41386977973161,0,5,5,62,0,0,0,-2,64,2,1.47008743474726,0,-31.0,0.142857142857143,-0.0072202166064982,0.209231562661166,0,7.6,12.6
2019,POST,00-0031166,S.Roberts,Seth Roberts,WR,WR,"https://static.www.nfl.com/image/private/f_auto,q_auto/league/wcralkq5mcdpsmjvkatl",1,BAL,0,0,0,0,0,0,0,0,0,0,0,0,,0,,,0,0,0,0,0,0,,0,2,4,30,0,0,0,63,3,1,-0.164177441038191,0,0.476190476190476,0.0754716981132076,0.100478468899522,0.183542475399476,0,3.0,5.0
2019,POST,00-0031325,S.Watkins,Sammy Watkins,WR,WR,"https://static.www.nfl.com/image/private/f_auto,q_auto/league/nkqk4ac4uncxocqlgp2k",3,KC,0,0,0,0,0,1,5,0,0,0,0,0,-0.870341709116474,0,,,1,14,0,0,0,1,0.604844203684479,0,14,18,288,1,0,0,236,80,12,20.3689586757682,0,1.22033898305085,0.169811320754717,0.311345646437995,0.472658933638672,0,36.2,50.2
2019,POST,00-0031345,J.Garoppolo,Jimmy Garoppolo,QB,QB,"https://static.www.nfl.com/image/upload/f_auto,q_auto/league/lbyjizqecoq4onrgectw",3,SF,37,58,427,2,3,4,26,0,0,444,213,25,0.341367519000868,0,0.961711711711712,0.044178314900971,10,1,0,0,0,2,0.0707044621813111,0,0,0,0,0,0,0,0,0,0,,0,,,,,0,19.18,19.18
2019,POST,00-0031381,D.Adams,Davante Adams,WR,WR,"https://static.www.nfl.com/image/upload/f_auto,q_auto/league/jweoujpjv9u2a8k7wnos",2,GB,0,0,0,0,0,0,0,0,0,0,0,0,,0,,,0,0,0,0,0,0,,0,17,22,298,2,0,0,266,116,13,19.2014784764906,0,1.1203007518797,0.372881355932203,0.558823529411765,0.95049850448654,0,41.8,58.8
2019,POST,00-0031585,M.Pruitt,MyCole Pruitt,TE,TE,"https://static.www.nfl.com/image/upload/f_auto,q_auto/league/jazo8egu5luwyxxcpjh8",3,TEN,0,0,0,0,0,0,0,0,0,0,0,0,,0,,,0,0,0,0,0,0,,0,4,4,28,0,0,0,7,21,1,1.65380137553439,0,4.0,0.0645161290322581,0.0118845500848896,0.10509337860781,0,2.8,6.8
2019,POST,00-0031588,S.Diggs,Stefon Diggs,WR,WR,"https://static.www.nfl.com/image/upload/f_auto,q_auto/league/to2qwuffjnjlouctglsl",2,MIN,0,0,0,0,0,1,6,0,0,0,0,0,-1.5197308701463,0,,,2,8,0,0,0,0,-0.243081346619874,0,4,8,76,1,0,0,128,32,4,2.89423173025716,0,0.59375,0.133333333333333,0.292237442922374,0.404566210045662,0,14.4,18.4
2019,POST,00-0031598,N.Boyle,Nick Boyle,TE,TE,"https://static.www.nfl.com/image/private/f_auto,q_auto/league/emqvoudb71kgmkfphmuw",1,BAL,0,0,0,0,0,0,0,0,0,0,0,0,,0,,,0,0,0,0,0,0,,0,0,2,0,0,0,0,36,0,0,-1.09884615126066,0,0.0,0.0377358490566038,0.0574162679425837,0.0967951611447143,0,0.0,0.0
2019,POST,00-0031687,R.Mostert,Raheem Mostert,RB,RB,"https://static.www.nfl.com/image/upload/f_auto,q_auto/league/ayii5q2am51xeipp1h8v",3,SF,0,0,0,0,0,0,0,0,0,0,0,0,,0,,,53,336,5,0,0,17,16.6257684053135,0,3,3,8,0,0,0,-9,17,0,-0.634635584778152,0,-0.888888888888889,0.0769230769230769,-0.0327272727272727,0.0924755244755245,0,64.4,67.4
2019,POST,00-0031763,D.Carter,DeAndre Carter,WR,WR,"https://static.www.nfl.com/image/private/f_auto,q_auto/league/mh4cvggohuakwwhobzrk",2,HOU,0,0,0,0,0,0,0,0,0,0,0,0,,0,,,0,0,0,0,0,0,,0,2,3,22,0,0,0,24,4,1,0.654962503118441,0,0.916666666666667,0.04,0.0369230769230769,0.0858461538461538,0,2.2,4.2
2019,POST,00-0031787,J.Kumerow,Jake Kumerow,WR,WR,"https://static.www.nfl.com/image/private/f_auto,q_auto/league/lrfqprrjgaeaicqsd0f9",2,GB,0,0,0,0,0,0,0,0,0,0,0,0,,0,,,0,0,0,0,0,0,,0,1,2,23,0,0,0,22,7,1,0.951208628888708,0,1.04545454545455,0.0338983050847458,0.046218487394958,0.0832003988035892,0,2.3,3.3
2019,POST,00-0031972,D.Jennings,Darius Jennings,WR,WR,"https://static.www.nfl.com/image/private/f_auto,q_auto/league/ttzaqozynmreovwpwwlh",1,TEN,0,0,0,0,0,0,0,0,0,0,0,0,,0,,,0,0,0,0,0,0,,0,0,1,0,0,0,0,3,0,0,-0.983841951587237,0,0.0,0.0666666666666667,0.0166666666666667,0.111666666666667,0,0.0,0.0
2019,POST,00-0032009,A.Humphries,Adam Humphries,WR,WR,"https://static.www.nfl.com/image/private/f_auto,q_auto/league/l56ywjejfpraigzs4qia",1,TEN,0,0,0,0,0,0,0,0,0,0,0,0,,0,,,0,0,0,0,0,0,,0,4,5,25,0,0,0,34,5,3,5.17315834295005,0,0.735294117647059,0.15625,0.12639405204461,0.322850836431227,0,2.5,6.5
2019,POST,00-0032058,T.Coleman,Tevin Coleman,RB,RB,"https://static.www.nfl.com/image/private/f_auto,q_auto/league/wiu4r7bvhcafs9vamqc",3,SF,0,0,0,0,0,0,0,0,0,0,0,0,,0,,,33,154,2,0,0,9,2.4936125256063,0,1,1,3,0,0,0,2,1,0,-1.03931216433625,0,1.5,0.032258064516129,0.0080645161290322,0.0540322580645161,0,27.7,28.7
2019,POST,00-0032062,B.Bell,Blake Bell,TE,TE,"https://static.www.nfl.com/image/private/f_auto,q_auto/league/eqrmmjto8koqqc9j2kjj",2,KC,0,0,0,0,0,0,0,0,0,0,0,0,,0,,,0,0,0,0,0,0,,0,3,3,24,1,0,0,12,12,1,2.33272673969623,0,2.0,0.0405405405405405,0.0232558139534884,0.0770898805782527,0,8.4,11.4
2019,POST,00-0032104,A.Abdullah,Ameer Abdullah,RB,RB,"https://static.www.nfl.com/image/upload/f_auto,q_auto/league/atwi5p12mlgnsl4y8cgt",2,MIN,0,0,0,0,0,0,0,0,0,0,0,0,,0,,,1,9,0,0,0,0,-0.388418032322079,0,1,1,7,0,0,0,3,4,0,-0.216257980035152,0,2.33333333333333,0.0344827586206897,0.0168539325842697,0.0635218907400233,0,1.6,2.6
2019,POST,00-0032208,P.Dorsett,Phillip Dorsett,WR,WR,"https://static.www.nfl.com/image/upload/f_auto,q_auto/league/nwsw01lcnmb5bdcc8glp",1,NE,0,0,0,0,0,0,0,0,0,0,0,0,,0,,,0,0,0,0,0,0,,0,1,4,6,0,0,0,73,0,0,-3.39352012844756,0,0.0821917808219178,0.114285714285714,0.263537906137184,0.3559051057246,0,0.6,1.6
2019,POST,00-0032211,T.Lockett,Tyler Lockett,WR,WR,"https://static.www.nfl.com/image/upload/f_auto,q_auto/league/yz9p4pfwr0iyakhnwj4z",2,SEA,0,0,0,0,0,0,0,0,0,0,0,0,,0,,,0,0,0,0,0,0,,0,13,18,198,1,0,0,222,32,11,14.5385032062631,0,0.891891891891892,0.315789473684211,0.36038961038961,0.725956937799043,0,25.8,38.8
2019,POST,00-0032214,T.Kroft,Tyler Kroft,TE,TE,"https://static.www.nfl.com/image/private/f_auto,q_auto/league/ztko1uhl01ebiutefibj",1,BUF,0,0,0,0,0,0,0,0,0,0,0,0,,0,,,0,0,0,0,0,0,,0,0,2,0,0,0,0,19,0,0,-1.03223021095619,0,0.0,0.0465116279069768,0.048469387755102,0.103696013289037,0,0.0,0.0
2019,POST,00-0032257,D.Johnson,Duke Johnson,RB,RB,"https://static.www.nfl.com/image/private/f_auto,q_auto/league/hf7lxjjesduggqdfktsg",2,HOU,0,0,0,0,0,0,0,0,0,0,0,0,,0,,,4,49,0,0,0,3,3.79056137078442,0,8,11,53,0,0,0,15,52,2,1.15623269843015,0,3.53333333333333,0.146666666666667,0.0230769230769231,0.236153846153846,0,10.2,18.2
2019,POST,00-0032268,M.Mariota,Marcus Mariota,QB,QB,"https://static.www.nfl.com/image/upload/f_auto,q_auto/league/b9ribxqudeehvmjlw0va",2,TEN,1,1,4,0,0,0,0,0,0,3,1,0,-0.208052394911647,0,1.33333333333333,,1,5,0,0,0,0,0.476004180440214,0,0,0,0,0,0,0,0,0,0,,0,,,,,0,0.66,0.66
2019,POST,00-0032398,C.Moore,Chris Moore,WR,WR,"https://static.www.nfl.com/image/upload/f_auto,q_auto/league/dzzwxblkzpxnauo9iwhi",1,BAL,0,0,0,0,0,0,0,0,0,0,0,0,,0,,,0,0,0,0,0,0,,0,0,1,0,0,0,0,21,0,0,-0.699446979910135,0,0.0,0.0188679245283019,0.0334928229665072,0.0517468628690079,0,0.0,0.0
2019,POST,00-0032404,T.Ervin,Tyler Ervin,RB,RB,"https://static.www.nfl.com/image/private/f_auto,q_auto/league/tqevofjpvkvuvpdaoggm",2,GB,0,0,0,0,0,0,0,0,0,0,0,0,,0,,,2,25,0,0,0,1,1.50846759957494,0,1,1,7,0,0,0,-5,12,0,0.415257399901748,0,-1.4,0.027027027027027,-0.015625,0.0296030405405405,0,3.2,4.2
2019,POST,00-0032442,E.Roberts,Elandon Roberts,ILB,LB,"https://static.www.nfl.com/image/upload/f_auto,q_auto/league/vbvspu3dh3ijm0gmqh4l",1,NE,0,0,0,0,0,0,0,0,0,0,0,0,,0,,,1,0,0,0,0,0,-1.61413426231593,0,0,0,0,0,0,0,0,0,0,,0,,,,,0,0.0,0.0
2019,POST,00-0032464,K.Raymond,Kalif Raymond,WR,WR,"https://static.www.nfl.com/image/upload/f_auto,q_auto/league/hogsyuf9rqnzydmhbsht",1,TEN,0,0,0,0,0,0,0,0,0,0,0,0,,0,,,0,0,0,0,0,0,,0,1,1,45,1,0,0,45,0,1,4.17845643823966,0,1.0,0.0666666666666667,0.25,0.275,0,10.5,11.5
2019,POST,00-0032626,G.Allison,Geronimo Allison,WR,WR,"https://static.www.nfl.com/image/private/f_auto,q_auto/league/pngohl9rhrwyiaf7ywnz",2,GB,0,0,0,0,0,0,0,0,0,0,0,0,,0,,,0,0,0,0,0,0,,0,3,4,19,0,0,0,35,1,1,-2.21730322804069,0,0.542857142857143,0.0677966101694915,0.0735294117647059,0.153165503489531,0,1.9,4.9
2019,POST,00-0032764,D.Henry,Derrick Henry,RB,RB,"https://static.www.nfl.com/image/upload/f_auto,q_auto/league/m7bv3lv9puapabltvykk",3,TEN,1,1,3,1,0,0,0,0,0,3,0,1,2.30900342355017,0,1.0,,83,446,2,0,0,21,8.74322629006929,0,5,5,21,0,0,0,-18,39,1,-0.658777679956984,0,-1.16666666666667,0.0806451612903226,-0.0305602716468591,0.0995755517826825,0,62.82,67.82
2019,POST,00-0032765,M.Thomas,Michael Thomas,WR,WR,"https://static.www.nfl.com/image/private/f_auto,q_auto/league/sxldsbuw65hfmkzqhw96",1,NO,0,0,0,0,0,0,0,0,0,0,0,0,,0,,,0,0,0,0,0,0,,0,7,8,70,0,0,0,70,12,4,1.32622869138877,0,1.0,0.242424242424242,0.275590551181102,0.556549749463135,0,7.0,14.0
2019,POST,00-0032775,D.Robinson,Demarcus Robinson,WR,WR,"https://static.www.nfl.com/image/upload/f_auto,q_auto/league/lakf0xue1qqb7ed4p6ge",2,KC,0,0,0,0,0,0,0,0,0,0,0,0,,0,,,0,0,0,0,0,0,,0,3,6,35,0,0,0,22,21,1,-1.25070649170084,0,1.59090909090909,0.0895522388059701,0.0468085106382979,0.167094315655764,0,3.5,6.5
2019,POST,00-0032778,T.Sharpe,Tajae Sharpe,WR,WR,"https://static.www.nfl.com/image/private/f_auto,q_auto/league/c8fgfxrl2gmdv8thgw1p",3,TEN,0,0,0,0,0,0,0,0,0,0,0,0,,0,,,0,0,0,0,0,0,,0,1,6,6,0,0,0,82,2,1,-4.07234725598563,0,0.0731707317073171,0.0967741935483871,0.139219015280136,0.242614601018676,0,0.6,1.6
2019,POST,00-0032918,C.Ham,C.J. Ham,FB,RB,"https://static.www.nfl.com/image/upload/f_auto,q_auto/league/a23fezyvrzsse3q8yuxi",1,MIN,0,0,0,0,0,0,0,0,0,0,0,0,,0,,,1,3,0,0,0,1,0.543053366243839,0,0,0,0,0,0,0,0,0,0,,0,,,,,0,0.3,0.3
2019,POST,00-0032945,D.Williams,Duke Williams,WR,WR,"https://static.www.nfl.com/image/private/f_auto,q_auto/league/eqfjdj83ogwlnoumgacf",1,BUF,0,0,0,0,0,0,0,0,0,0,0,0,,0,,,0,0,0,0,0,0,,0,4,10,49,0,0,0,152,5,3,1.46348698105829,0,0.322368421052632,0.232558139534884,0.387755102040816,0.620265780730897,0,4.9,8.9
2019,POST,00-0032950,C.Wentz,Carson Wentz,QB,QB,"https://static.www.nfl.com/image/upload/f_auto,q_auto/league/jtwkpwc18ivthztykkc8",1,PHI,1,4,3,0,0,1,1,1,0,24,5,0,-5.25860343687236,0,0.125,,0,0,0,0,0,0,,0,0,0,0,0,0,0,0,0,0,,0,,,,,0,0.12,0.12
2019,POST,00-0033040,T.Hill,Tyreek Hill,WR,WR,"https://static.www.nfl.com/image/upload/f_auto,q_auto/league/gdwjlpbkenmnsibawkht",3,KC,0,0,0,0,0,0,0,0,0,0,0,0,,0,,,2,11,0,0,0,0,0.013548907241784,0,17,27,213,2,0,0,271,70,9,3.94026905059582,0,0.785977859778598,0.254716981132076,0.357519788918206,0.632339323940857,0,34.4,51.4
2019,POST,00-0033127,W.Fuller,Will Fuller,WR,WR,"https://static.www.nfl.com/image/private/f_auto,q_auto/league/dgemxvhu8ffqmvmqczks",1,HOU,0,0,0,0,0,0,0,0,0,0,0,0,,0,,,0,0,0,0,0,0,,0,5,8,89,0,0,0,96,21,5,6.4604864421417,0,0.927083333333333,0.16,0.221198156682028,0.394838709677419,0,8.9,13.9
2019,POST,00-0033288,G.Kittle,George Kittle,TE,TE,"https://static.www.nfl.com/image/upload/f_auto,q_auto/league/ivkrikewqqdllzvano8h",3,SF,0,0,0,0,0,0,0,0,0,0,0,0,,0,,,0,0,0,0,0,0,,0,8,13,71,0,0,0,45,54,4,-0.0961154464464355,0,1.57777777777778,0.228070175438597,0.101351351351351,0.413051209103841,0,7.1,15.1
2019,POST,00-0033293,A.Jones,Aaron Jones,RB,RB,"https://static.www.nfl.com/image/upload/f_auto,q_auto/league/bktkfvgfwujkdbzkcfim",2,GB,0,0,0,0,0,0,0,0,0,0,0,0,,0,,,33,118,3,0,0,8,-0.08711779123405,0,6,7,31,1,0,0,-14,41,3,2.73464909842005,0,-2.21428571428571,0.11864406779661,-0.0294117647058824,0.157377866400798,0,38.9,44.9
2019,POST,00-0033307,K.Bourne,Kendrick Bourne,WR,WR,"https://static.www.nfl.com/image/private/f_auto,q_auto/league/vrovcaqql9p6xsycko83",3,SF,0,0,0,0,0,0,0,0,0,0,0,0,,0,,,0,0,0,0,0,0,,0,6,10,88,1,0,0,89,21,5,5.73872659183418,0,0.98876404494382,0.175438596491228,0.20045045045045,0.403473210052157,0,14.8,20.8
2019,POST,00-0033308,M.Breida,Matt Breida,RB,RB,"https://static.www.nfl.com/image/private/f_auto,q_auto/league/rc4m1xw0xmtsrxswd0bg",2,SF,0,0,0,0,0,0,0,0,0,0,0,0,,0,,,9,19,0,1,1,0,-6.97354190546321,0,0,0,0,0,0,0,0,0,0,,0,,,,,0,-0.0999999999999998,-0.0999999999999998
2019,POST,00-0033357,T.Hill,Taysom Hill,TE,TE,"https://static.www.nfl.com/image/upload/f_auto,q_auto/league/q8itjlocg5do60qat4l3",1,NO,1,1,50,0,0,0,0,0,0,50,0,1,3.26795880665304,0,1.0,,4,50,0,0,0,4,4.73891448846553,0,2,2,25,1,0,0,18,7,1,2.15725096978713,0,1.38888888888889,0.0606060606060606,0.0708661417322835,0.140515390121689,0,15.5,17.5
2019,POST,00-0033387,J.Hollister,Jacob Hollister,TE,TE,"https://static.www.nfl.com/image/private/f_auto,q_auto/league/qdny7ap8ly1ozectd8zu",2,SEA,0,0,0,0,0,0,0,0,0,0,0,0,,0,,,0,0,0,0,0,0,,0,7,10,63,0,0,0,58,23,2,-0.806612908387003,0,1.08620689655172,0.175438596491228,0.0941558441558442,0.329066985645933,0,6.3,13.3
2019,POST,00-0033455,A.Firkser,Anthony Firkser,TE,TE,"https://static.www.nfl.com/image/upload/f_auto,q_auto/league/rpbs9wsnuhu9tgipzwuv",2,TEN,0,0,0,0,0,0,0,0,0,0,0,0,,0,,,0,0,0,0,0,0,,0,3,5,45,2,0,0,94,0,3,6.03401082794881,0,0.478723404255319,0.106382978723404,0.229828850855746,0.320454663684128,0,16.5,19.5
2019,POST,00-0033466,I.McKenzie,Isaiah McKenzie,WR,WR,"https://static.www.nfl.com/image/upload/f_auto,q_auto/league/gy6grhpxsegfgklfadte",1,BUF,0,0,0,0,0,0,0,0,0,0,0,0,,0,,,0,0,0,0,0,0,,0,4,5,23,0,0,0,14,26,1,1.3853272376582,0,1.64285714285714,0.116279069767442,0.0357142857142857,0.199418604651163,0,2.3,6.3
2019,POST,00-0033537,D.Watson,Deshaun Watson,QB,QB,"https://static.www.nfl.com/image/private/f_auto,q_auto/league/otfs2docj6eahaebo5xn",2,HOU,51,77,635,3,0,11,54,0,0,681,253,31,9.71717749204656,1,0.932452276064611,0.0884253249756056,20,92,2,1,0,3,-0.235462809113358,1,0,0,0,0,0,0,0,0,0,,0,,,,,0,62.6,62.6
2019,POST,00-0033589,D.Moore,David Moore,WR,WR,"https://static.www.nfl.com/image/upload/f_auto,q_auto/league/i2esmsczxxoq7pzvg6yf",2,SEA,0,0,0,0,0,0,0,0,0,0,0,0,,0,,,1,6,0,0,0,0,0.189342681434937,0,2,4,57,0,0,0,73,42,2,4.78318186308025,0,0.780821917808219,0.137931034482759,0.223926380368098,0.363645017981807,0,6.3,8.3
2019,POST,00-0033733,G.Ward,Greg Ward,WR,WR,"https://static.www.nfl.com/image/private/f_auto,q_auto/league/avy32bijim6pgiiu8gtz",1,PHI,0,0,0,0,0,0,0,0,0,0,0,0,,0,,,1,3,0,0,0,0,-0.159319186815992,0,3,4,24,0,0,0,32,8,2,-0.527743426850066,0,0.75,0.16,0.213333333333333,0.389333333333333,0,2.7,5.7
2019,POST,00-0033858,J.Smith,Jonnu Smith,TE,TE,"https://static.www.nfl.com/image/upload/f_auto,q_auto/league/p8uldtljkzb6sile3wgx",3,TEN,0,0,0,0,0,0,0,0,0,0,0,0,,0,,,0,0,0,0,0,0,,0,6,9,59,1,0,0,72,27,2,3.40171788545558,0,0.819444444444445,0.145161290322581,0.122241086587436,0.303310696095076,0,11.9,17.9
2019,POST,00-0033871,C.Davis,Corey Davis,WR,WR,"https://static.www.nfl.com/image/private/f_auto,q_auto/league/hr0uv4ai1zhkn7nof2a2",3,TEN,0,0,0,0,0,0,0,0,0,0,0,0,,0,,,0,0,0,0,0,0,,0,6,12,68,1,0,0,168,26,5,-1.57532148814062,0,0.404761904761905,0.193548387096774,0.285229202037351,0.489983022071307,0,12.8,18.8
2019,POST,00-0033873,P.Mahomes,Patrick Mahomes,QB,QB,"https://static.www.nfl.com/image/upload/f_auto,q_auto/league/qrdbvu4iqy7wkqg8jq8d",3,KC,72,112,901,10,2,6,20,2,0,875,386,43,36.5468228143158,0,1.02971428571429,0.212841331449583,24,135,2,2,0,11,11.6575402412564,0,0,0,0,0,0,0,0,0,0,,0,,,,,0,97.54,97.54
2019,POST,00-0033893,D.Cook,Dalvin Cook,RB,RB,"https://static.www.nfl.com/image/upload/f_auto,q_auto/league/uurolop9ktcloxqh4fid",2,MIN,0,0,0,0,0,0,0,0,0,0,0,0,,0,,,37,112,2,0,0,7,-8.04089834774599,0,9,13,44,0,1,0,-11,48,1,-1.54160134063568,0,-4.0,0.216666666666667,-0.0251141552511416,0.307420091324201,0,27.6,36.6
2019,POST,00-0033906,A.Kamara,Alvin Kamara,RB,RB,"https://static.www.nfl.com/image/private/f_auto,q_auto/league/tl9enad6kiwv6cukf4vt",1,NO,0,0,0,0,0,0,0,0,0,0,0,0,,0,,,7,21,1,0,0,1,-1.13968002499314,0,8,9,34,0,0,0,-1,36,0,-5.49164137610933,0,-34.0,0.272727272727273,-0.0039370078740157,0.406335003579098,0,11.5,19.5
2019,POST,00-0033948,J.Williams,Jamaal Williams,RB,RB,"https://static.www.nfl.com/image/upload/f_auto,q_auto/league/yxrxpgcwq5qwp88vqnp3",2,GB,0,0,0,0,0,0,0,0,0,0,0,0,,0,,,4,9,0,0,0,0,-0.82248822611291,0,3,4,10,0,0,0,-1,13,0,-1.7145753664372,0,-10.0,0.0677966101694915,-0.0021008403361344,0.100224327018943,0,1.9,4.9
2019,POST,00-0034115,J.Wilson,Jeffery Wilson,RB,RB,"https://static.www.nfl.com/image/private/f_auto,q_auto/league/zorqrtlrizlltgd6pnob",1,SF,0,0,0,0,0,0,0,0,0,0,0,0,,0,,,0,0,0,0,0,0,,0,1,1,20,0,0,0,4,16,1,0.474079330684617,0,5.0,0.032258064516129,0.0161290322580645,0.0596774193548387,0,2.0,3.0
2019,POST,00-0034184,G.Edwards,Gus Edwards,RB,RB,"https://static.www.nfl.com/image/upload/f_auto,q_auto/league/dyobqe3w5eypevsk3f2b",1,BAL,0,0,0,0,0,0,0,0,0,0,0,0,,0,,,3,20,0,0,0,1,-0.0190533180139028,0,0,0,0,0,0,0,0,0,0,,0,,,,,0,2.0,2.0
2019,POST,00-0034270,T.Conklin,Tyler Conklin,TE,TE,"https://static.www.nfl.com/image/upload/f_auto,q_auto/league/chajhumpfogd8effewe6",2,MIN,0,0,0,0,0,0,0,0,0,0,0,0,,0,,,0,0,0,0,0,0,,0,1,2,5,0,0,0,-4,10,0,-0.289270095236134,0,0.0,0.0333333333333333,-0.0091324200913242,0.0436073059360731,0,0.5,1.5
2019,POST,00-0034272,M.Valdes-Scantling,Marquez Valdes-Scantling,WR,WR,"https://static.www.nfl.com/image/upload/f_auto,q_auto/league/vn2bg6lhyl15xrymtd5g",1,GB,0,0,0,0,0,0,0,0,0,0,0,0,,0,,,0,0,0,0,0,0,,0,1,1,8,0,0,0,4,4,0,0.660334481857717,0,2.0,0.0454545454545455,0.0256410256410256,0.0861305361305361,0,0.8,1.8
2019,POST,00-0034319,D.Yelder,Deon Yelder,TE,TE,"https://static.www.nfl.com/image/private/f_auto,q_auto/league/ipykvobx6lilpvc5vyca",1,KC,0,0,0,0,0,0,0,0,0,0,0,0,,0,,,0,0,0,0,0,0,,0,1,1,11,0,0,0,1,10,1,0.841874041594565,0,11.0,0.0285714285714286,0.0043859649122807,0.0459273182957394,0,1.1,2.1
2019,POST,00-0034351,D.Goedert,Dallas Goedert,TE,TE,"https://static.www.nfl.com/image/upload/f_auto,q_auto/league/wfj54vhw1zxwwb3vdi61",1,PHI,0,0,0,0,0,0,0,0,0,0,0,0,,0,,,0,0,0,0,0,0,,0,7,8,73,0,0,0,63,17,4,4.6311209386331,0,1.15873015873016,0.32,0.42,0.774,0,7.3,14.3
2019,POST,00-0034361,J.Reid,Justin Reid,SS,DB,"https://static.www.nfl.com/image/private/f_auto,q_auto/league/hcj2bp24j6zxngejcosp",1,HOU,0,0,0,0,0,0,0,0,0,0,0,0,,0,,,1,2,0,0,0,0,-2.80552276456729,0,0,0,0,0,0,0,0,0,0,,0,,,,,0,0.2,0.2
2019,POST,00-0034414,B.Scott,Boston Scott,RB,RB,"https://static.www.nfl.com/image/upload/f_auto,q_auto/league/eqdpw33quvi1wbwakaak",1,PHI,0,0,0,0,0,0,0,0,0,0,0,0,,0,,,6,25,0,0,0,2,-1.58684176649839,0,3,3,23,0,0,0,-5,28,1,0.287202694751512,0,-4.6,0.12,-0.0333333333333333,0.156666666666667,0,4.8,7.8
2019,POST,00-0034420,J.Thomas,Jordan Thomas,TE,TE,"https://static.www.nfl.com/image/private/f_auto,q_auto/league/lhqymyl9yfmt9gfqb0ro",1,HOU,0,0,0,0,0,0,0,0,0,0,0,0,,0,,,0,0,0,0,0,0,,0,1,1,7,0,0,0,-2,9,0,0.388685459271073,0,0.0,0.02,-0.0046082949308755,0.0267741935483871,0,0.7,1.7
2019,POST,00-0034521,A.Lazard,Allen Lazard,WR,WR,"https://static.www.nfl.com/image/private/f_auto,q_auto/league/blrzk3bfnpneuyhsqiqg",2,GB,0,0,0,0,0,0,0,0,0,0,0,0,,0,,,1,5,0,0,0,0,0.0954881627112627,0,3,4,36,0,0,0,76,10,3,4.44552304432727,0,0.473684210526316,0.108108108108108,0.2375,0.328412162162162,0,4.1,7.1
2019,POST,00-0034653,D.Burnett,Deontay Burnett,WR,WR,"https://static.www.nfl.com/image/private/f_auto,q_auto/league/iyteeepnw4u0hssvjzxe",1,PHI,0,0,0,0,0,0,0,0,0,0,0,0,,0,,,0,0,0,0,0,0,,0,1,1,5,0,0,0,5,0,0,0.0268522365950048,0,1.0,0.04,0.0333333333333333,0.0833333333333333,0,0.5,1.5
2019,POST,00-0034721,C.Bojorquez,Corey Bojorquez,P,SPEC,"https://static.www.nfl.com/image/private/f_auto,q_auto/league/eiuli9dmspe6d4cwwa00",1,BUF,0,1,0,0,0,0,0,0,0,0,0,0,-0.210554593591951,0,,,0,0,0,0,0,0,,0,0,0,0,0,0,0,0,0,0,,0,,,,,0,0.0,0.0
2019,POST,00-0034753,M.Andrews,Mark Andrews,TE,TE,"https://static.www.nfl.com/image/upload/f_auto,q_auto/league/y5maejm3puruskwc344y",1,BAL,0,0,0,0,0,0,0,0,0,0,0,0,,0,,,0,0,0,0,0,0,,0,4,7,39,0,0,0,68,7,3,-6.95906134747202,0,0.573529411764706,0.132075471698113,0.108452950558214,0.274030272937919,0,3.9,7.9
2019,POST,00-0034765,T.Smith,Tre'Quan Smith,WR,WR,"https://static.www.nfl.com/image/upload/f_auto,q_auto/league/tlpyarxwfw6jue0m0e0o",1,NO,0,0,0,0,0,0,0,0,0,0,0,0,,0,,,0,0,0,0,0,0,,0,0,1,0,0,0,0,26,0,0,-0.503741711378098,0,0.0,0.0303030303030303,0.102362204724409,0.117108088761632,0,0.0,0.0
2019,POST,00-0034796,L.Jackson,Lamar Jackson,QB,QB,"https://static.www.nfl.com/image/upload/f_auto,q_auto/league/cruqs6qpbykh7a2whd7p",1,BAL,31,59,365,1,2,4,20,1,1,663,92,18,-11.5653583710559,0,0.55052790346908,-0.0008327608122567,20,143,0,0,0,9,-0.238285600091331,0,0,0,0,0,0,0,0,0,0,,0,,,,,0,26.9,26.9
2019,POST,00-0034830,H.Hurst,Hayden Hurst,TE,TE,"https://static.www.nfl.com/image/upload/f_auto,q_auto/league/qxvkvmi2fphxjqyb21nv",1,BAL,0,0,0,0,0,0,0,0,0,0,0,0,,0,,,0,0,0,0,0,0,,0,4,6,53,1,0,0,84,19,3,3.0251599746116,0,0.630952380952381,0.113207547169811,0.133971291866029,0.263591225060937,0,11.3,15.3
2019,POST,00-0034845,S.Michel,Sony Michel,RB,RB,"https://static.www.nfl.com/image/private/f_auto,q_auto/league/eydtwcqcaegkuwivq0ln",1,NE,0,0,0,0,0,0,0,0,0,0,0,0,,0,,,14,61,0,0,0,3,-3.64763109589915,0,2,2,9,0,0,0,1,8,0,0.359620650822762,0,9.0,0.0571428571428571,0.0036101083032491,0.0882413615265601,0,7.0,9.0
2019,POST,00-0034857,J.Allen,Josh Allen,QB,QB,"https://static.www.nfl.com/image/upload/f_auto,q_auto/league/lq4ezafbszwwt2qsvhqv",1,BUF,24,46,264,0,0,3,27,1,1,412,159,13,-2.4076711560526,0,0.640776699029126,-0.0086353471005308,9,92,0,1,0,6,5.32777644693852,0,1,1,16,1,0,0,12,4,1,2.35521840251749,0,1.33333333333333,0.0232558139534884,0.0306122448979592,0.056312292358804,0,25.36,26.36
2019,POST,00-0034867,M.Turner,Malik Turner,WR,WR,"https://static.www.nfl.com/image/private/f_auto,q_auto/league/r7wv14bgrb5ohjmqsf9p",1,SEA,0,0,0,0,0,0,0,0,0,0,0,0,,0,,,0,0,0,0,0,0,,0,0,3,0,0,0,0,44,0,0,-1.5225373392459,0,0.0,0.107142857142857,0.151724137931034,0.26692118226601,0,0.0,0.0
2019,POST,00-0034970,I.Smith,Irv Smith,TE,TE,"https://static.www.nfl.com/image/private/f_auto,q_auto/league/gvnnqr5kj0rtte3iw9mp",1,MIN,0,0,0,0,0,0,0,0,0,0,0,0,,0,,,0,0,0,0,0,0,,0,3,3,39,0,0,0,28,11,1,0.645748435868882,0,1.39285714285714,0.103448275862069,0.157303370786517,0.265284773343665,0,3.9,6.9
2019,POST,00-0034972,A.Mattison,Alexander Mattison,RB,RB,"https://static.www.nfl.com/image/upload/f_auto,q_auto/league/uftc0gl0wzo5povcu6ih",2,MIN,0,0,0,0,0,0,0,0,0,0,0,0,,0,,,6,23,0,0,0,1,-0.306767636036966,0,1,2,10,0,0,0,-4,12,0,0.129315831698477,0,-2.5,0.0645161290322581,-0.0153846153846154,0.0860049627791563,0,3.3,4.3
2019,POST,00-0034975,J.Hill,Justice Hill,RB,RB,"https://static.www.nfl.com/image/upload/f_auto,q_auto/league/jeeq17ah67zxc6vdamhk",1,BAL,0,0,0,0,0,0,0,0,0,0,0,0,,0,,,0,0,0,0,0,0,,0,4,5,26,0,0,0,25,26,1,0.682892419165,0,1.04,0.0943396226415094,0.0398724082934609,0.169420119767687,0,2.6,6.6
2019,POST,00-0035006,O.Johnson,Olabisi Johnson,WR,WR,"https://static.www.nfl.com/image/private/f_auto,q_auto/league/uzlf6ftfizmo32d9v0x5",1,MIN,0,0,0,0,0,0,0,0,0,0,0,0,,0,,,0,0,0,0,0,0,,0,2,3,17,0,0,0,13,9,0,-1.02638887938703,0,1.30769230769231,0.0967741935483871,0.05,0.180161290322581,0,1.7,3.7
2019,POST,00-0035104,A.Hollins,Alexander Hollins,WR,WR,"https://static.www.nfl.com/image/private/f_auto,q_auto/league/mmztaportamkis4gklpf",1,MIN,0,0,0,0,0,0,0,0,0,0,0,0,,0,,,0,0,0,0,0,0,,0,0,1,0,0,0,0,31,0,0,-1.45034440932795,0,0.0,0.032258064516129,0.119230769230769,0.131848635235732,0,0.0,0.0
2019,POST,00-0035140,M.Hardman,Mecole Hardman,WR,WR,"https://static.www.nfl.com/image/upload/f_auto,q_auto/league/cfbjutuygqg7imy0qwpt",3,KC,0,0,0,0,0,0,0,0,0,0,0,0,,0,,,1,-6,0,0,0,0,-1.14763439988019,0,4,6,29,0,0,0,31,33,1,-0.0741870230413042,0,0.935483870967742,0.0566037735849057,0.0408970976253298,0.113533628715089,0,2.3,6.3
2019,POST,00-0035148,D.Thompson,Darwin Thompson,RB,RB,"https://static.www.nfl.com/image/private/f_auto,q_auto/league/l1hcf7i4flghdacmhorc",2,KC,0,0,0,0,0,0,0,0,0,0,0,0,,0,,,2,7,0,0,0,1,0.265059835044667,0,0,2,0,0,0,0,3,0,0,-1.4968146732799,0,0.0,0.028169014084507,0.0104166666666667,0.0495451877934272,0,0.7,0.7
2019,POST,00-0035215,D.Harty,Deonte Harty,WR,WR,"https://static.www.nfl.com/image/upload/f_auto,q_auto/league/fh7rbtvohdkaacqaxqke",1,NO,0,0,0,0,0,0,0,0,0,0,0,0,,0,,,0,0,0,0,0,0,,0,1,1,50,0,0,0,50,0,1,3.26795880665304,0,1.0,0.0303030303030303,0.196850393700787,0.183249821045097,0,5.0,6.0
2019,POST,00-0035243,M.Sanders,Miles Sanders,RB,RB,"https://static.www.nfl.com/image/upload/f_auto,q_auto/league/lvyjbie3d0ro8ohgphe0",1,PHI,0,0,0,0,0,0,0,0,0,0,0,0,,0,,,14,69,0,0,0,3,0.0561923068016768,0,3,5,8,0,0,0,5,14,0,-5.31542343157344,0,1.6,0.2,0.0333333333333333,0.323333333333333,0,7.7,10.7
2019,POST,00-0035244,L.Johnson,Lonnie Johnson,FS,DB,"https://static.www.nfl.com/image/upload/f_auto,q_auto/league/iizufcrfxvvjnjcsnzqp",1,HOU,0,0,0,0,0,0,0,0,0,0,0,0,,0,,,0,0,0,0,0,0,,0,0,0,0,0,0,0,0,0,0,,0,,,,,1,6.0,6.0
2019,POST,00-0035250,D.Singletary,Devin Singletary,RB,RB,"https://static.www.nfl.com/image/upload/f_auto,q_auto/league/wz8mp8xb5bdspcxosreh",1,BUF,0,0,0,0,0,0,0,0,0,0,0,0,,0,,,13,58,0,0,0,2,-1.46528139972361,0,6,7,76,0,0,0,11,70,4,5.00501117022941,0,6.90909090909091,0.162790697674419,0.0280612244897959,0.263828903654485,0,13.4,19.4
2019,POST,00-0035588,G.Bradbury,Garrett Bradbury,C,OL,"https://static.www.nfl.com/image/upload/f_auto,q_auto/league/hmbztztyfblbcrdlbsez",1,MIN,0,0,0,0,0,0,0,0,0,0,0,0,,0,,,0,0,0,0,0,0,,0,1,1,2,0,0,0,-1,3,0,-0.579826103523374,0,0.0,0.0344827586206897,-0.0056179775280898,0.0477915536613716,0,0.2,1.2
2019,POST,00-0035594,T.Homer,Travis Homer,RB,RB,"https://static.www.nfl.com/image/upload/f_auto,q_auto/league/eg1e7va024emnbm55got",2,SEA,0,0,0,0,0,0,0,0,0,0,0,0,,0,,,14,25,0,1,0,2,-5.70174129365478,0,3,4,32,0,0,0,3,34,2,1.22882794091999,0,10.6666666666667,0.0701754385964912,0.0048701298701298,0.108672248803828,0,5.7,8.7
2019,POST,00-0035624,N.Harry,N'Keal Harry,TE,TE,"https://static.www.nfl.com/image/upload/f_auto,q_auto/league/yl0nlprrudo2o0awymq3",1,NE,0,0,0,0,0,0,0,0,0,0,0,0,,0,,,1,7,0,0,0,0,0.172886407235637,0,2,7,21,0,0,0,67,3,2,-2.24046931937382,0,0.313432835820896,0.2,0.24187725631769,0.469314079422383,0,2.8,4.8
2019,POST,00-0035632,A.Hooker,Amani Hooker,FS,DB,"https://static.www.nfl.com/image/upload/f_auto,q_auto/league/jigd7pauot8z4engfsmx",1,TEN,0,0,0,0,0,0,0,0,0,0,0,0,,0,,,0,0,0,0,0,0,,0,1,1,28,0,0,0,9,19,1,3.94281001505442,0,3.11111111111111,0.03125,0.033457249070632,0.0702950743494424,0,2.8,3.8
2019,POST,00-0035640,D.Metcalf,DK Metcalf,WR,WR,"https://static.www.nfl.com/image/upload/f_auto,q_auto/league/ezpzdcvzlu5ga4uv6oas",2,SEA,0,0,0,0,0,0,0,0,0,0,0,0,,0,,,0,0,0,0,0,0,,0,11,14,219,1,0,0,219,60,7,14.9544217267539,0,1.0,0.245614035087719,0.355519480519481,0.617284688995215,0,27.9,38.9
2019,POST,00-0035662,M.Brown,Marquise Brown,WR,WR,"https://static.www.nfl.com/image/upload/f_auto,q_auto/league/ixuddegcphzmvjn4jq6r",1,BAL,0,0,0,0,0,0,0,0,0,0,0,0,,0,,,0,0,0,0,0,0,,0,7,11,126,0,0,0,178,21,6,8.39274872950045,0,0.707865168539326,0.207547169811321,0.283891547049442,0.510044837651591,0,12.6,19.6
2019,POST,00-0035671,J.Sternberger,Jace Sternberger,TE,TE,"https://static.www.nfl.com/image/private/f_auto,q_auto/league/dhmgw6mercfkpyfh1mw8",2,GB,0,0,0,0,0,0,0,0,0,0,0,0,,0,,,0,0,0,0,0,0,,0,3,3,15,1,0,0,9,6,2,3.76436846793513,0,1.66666666666667,0.0508474576271187,0.0189075630252101,0.089506480558325,0,7.5,10.5
2019,POST,00-0035676,A.Brown,A.J. Brown,WR,WR,"https://static.www.nfl.com/image/private/f_auto,q_auto/league/a014sgzctarbvhwb35lw",3,TEN,0,0,0,0,0,0,0,0,0,0,0,0,,0,,,1,9,0,0,0,0,0.876713443314657,0,5,10,64,0,0,0,90,38,3,0.407773490529507,0,0.711111111111111,0.161290322580645,0.152801358234295,0.348896434634975,0,7.3,12.3
2019,POST,00-0035689,D.Knox,Dawson Knox,TE,TE,"https://static.www.nfl.com/image/upload/f_auto,q_auto/league/uazfj5l5vzow2oyfa1s6",1,BUF,0,0,0,0,0,0,0,0,0,0,0,0,,0,,,0,0,0,0,0,0,,0,1,2,14,0,0,0,12,7,1,1.95617408724502,0,1.16666666666667,0.0465116279069768,0.0306122448979592,0.0911960132890365,0,1.4,2.4
2019,POST,00-0035703,M.Boykin,Miles Boykin,WR,WR,"https://static.www.nfl.com/image/upload/f_auto,q_auto/league/agzv2xnchflfdxfet6pm",1,BAL,0,0,0,0,0,0,0,0,0,0,0,0,,0,,,0,0,0,0,0,0,,0,3,7,26,0,0,0,91,0,1,-4.67272465748829,0,0.285714285714286,0.132075471698113,0.145135566188198,0.299708103878908,0,2.6,5.6
2019,POST,00-0035719,D.Samuel,Deebo Samuel,WR,WR,"https://static.www.nfl.com/image/upload/f_auto,q_auto/league/shqoqpjwwoiexzy6cmgb",3,SF,0,0,0,0,0,0,0,0,0,0,0,0,,0,,,6,102,0,0,0,5,7.90485683444422,0,10,18,127,0,0,0,161,78,8,-1.11704272023053,0,0.788819875776398,0.315789473684211,0.362612612612613,0.727513039355145,0,22.9,32.9
2019,REG+POST,00-0019596,T.Brady,Tom Brady,QB,QB,"https://static.www.nfl.com/image/private/f_auto,q_auto/league/q7dpdlxyu5rs05rgh1le",17,NE,393,650,4266,24,9,27,185,3,1,4942,1997,204,28.3806588088691,1,0.863213273978147,0.0705083221500532,26,34,3,0,0,8,0.831918980564401,0,0,0,0,0,0,0,0,0,0,,0,,,,,0,270.04,270.04
2019,REG+POST,00-0020531,D.Brees,Drew Brees,QB,QB,"https://static.www.nfl.com/image/private/f_auto,q_auto/league/i20xlpzdmn7xubotijjd",12,NO,307,411,3187,28,5,15,120,1,1,2625,1582,170,79.5238342470077,0,1.21409523809524,0.150286692225804,10,1,1,0,0,2,2.39413384150248,0,0,0,0,0,0,0,0,0,0,,0,,,,,0,233.58,233.58
2019,REG+POST,00-0021206,J.McCown,Josh McCown,QB,QB,"https://static.www.nfl.com/image/private/f_auto,q_auto/league/qcauc37wqjdaxdbq1evu",3,PHI,21,29,198,0,0,6,14,1,0,168,93,11,-3.00405276829406,0,1.17857142857143,0.0912602195835794,7,21,0,1,0,2,0.884093332395423,0,0,0,0,0,0,0,0,0,0,,0,,,,,0,10.02,10.02
2019,REG+POST,00-0022127,J.Witten,Jason Witten,TE,TE,"https://static.www.nfl.com/image/private/f_auto,q_auto/league/r7uafhtwuexuaty0nhsc",16,DAL,0,0,0,0,0,0,0,0,0,0,0,0,,0,,,0,0,0,0,0,0,,0,63,83,529,4,1,1,546,162,27,19.241698911857,1,0.968864468864469,0.144097222222222,0.101998879133196,0.287545048726571,0,76.9,139.9
2019,REG+POST,00-0022787,M.Schaub,Matt Schaub,QB,QB,"https://static.www.nfl.com/image/private/f_auto,q_auto/league/mj2kh2nddxnw04ludcx0",5,ATL,50,67,580,3,1,2,19,1,1,488,266,30,25.7770065700703,1,1.18852459016393,0.230382811706293,3,-3,0,0,0,0,-3.30602060747333,0,0,0,0,0,0,0,0,0,0,,0,,,,,0,32.9,32.9
2019,REG+POST,00-0022803,E.Manning,Eli Manning,QB,QB,"https://static.www.nfl.com/image/private/f_auto,q_auto/league/w51tf8uedjftbr4qpaex",4,NYG,91,147,1042,6,5,5,44,2,1,1199,417,47,-6.98030983419195,0,0.869057547956631,0.0198113113221292,4,7,0,1,0,1,-0.764281581679825,0,0,0,0,0,0,0,0,0,0,,0,,,,,0,54.38,54.38
2019,REG+POST,00-0022824,A.Lee,Andy Lee,P,SPEC,"https://static.www.nfl.com/image/private/f_auto,q_auto/league/bfozbs2h9jueavslvw3z",1,ARI,1,1,26,0,0,0,0,0,0,26,0,1,4.24068724038079,0,1.0,,0,0,0,0,0,0,,0,0,0,0,0,0,0,0,0,0,,0,,,,,0,1.04,1.04
2019,REG+POST,00-0022921,L.Fitzgerald,Larry Fitzgerald,WR,WR,"https://static.www.nfl.com/image/private/f_auto,q_auto/league/ycgjjaad5un42gy4pnga",16,ARI,0,0,0,0,0,0,0,0,0,0,0,0,,0,,,0,0,0,0,0,0,,0,73,107,835,4,1,1,830,396,38,5.66135660138416,0,1.00602409638554,0.203422053231939,0.209860935524652,0.452035734715165,0,105.5,178.5
2019,REG+POST,00-0022924,B.Roethlisberger,Ben Roethlisberger,QB,QB,"https://static.www.nfl.com/image/private/f_auto,q_auto/league/vziogpnyp9d0xtpiuqhr",2,PIT,35,62,351,0,1,2,7,1,0,576,193,14,-13.1652583709147,0,0.609375,-0.0361080925618817,1,7,0,0,0,0,0.0324347489513457,0,0,0,0,0,0,0,0,0,0,,0,,,,,0,12.74,12.74
2019,REG+POST,00-0022942,P.Rivers,Philip Rivers,QB,QB,"https://static.www.nfl.com/image/private/f_auto,q_auto/league/voakyrtj34sghkwxaxxf",16,LAC,390,591,4615,23,20,34,222,5,2,5047,2154,217,67.6810972572076,1,0.914404596790172,0.119543651700718,12,29,0,3,1,2,-10.2509685641271,0,0,0,0,0,0,0,0,0,0,,0,,,,,0,235.5,235.5
2019,REG+POST,00-0022943,B.Watson,Benjamin Watson,TE,TE,"https://static.www.nfl.com/image/private/f_auto,q_auto/league/dorymozpdnrllkqlfzpu",10,NE,0,0,0,0,0,0,0,0,0,0,0,0,,0,,,0,0,0,0,0,0,,0,20,28,211,0,0,0,252,89,12,14.2754936946758,0,0.837301587301587,0.0754716981132076,0.0857142857142857,0.173207547169811,0,21.1,41.1
2019,REG+POST,00-0023459,A.Rodgers,Aaron Rodgers,QB,QB,"https://static.www.nfl.com/image/upload/f_auto,q_auto/league/jdcb4nomlc4rd6k5l6to",18,GB,400,635,4571,30,6,41,322,5,3,5561,2294,217,81.4317034251595,2,0.821974465024276,0.112930493224995,52,197,1,2,2,11,-4.71000705431966,1,0,0,0,0,0,0,0,0,0,,0,,,,,0,312.54,312.54
2019,REG+POST,00-0023500,F.Gore,Frank Gore,RB,RB,"https://static.www.nfl.com/image/private/f_auto,q_auto/league/lxxkhd2suyalrbruzut7",16,BUF,0,0,0,0,0,0,0,0,0,0,0,0,,0,,,174,621,2,0,0,32,-35.2408610309067,0,13,17,100,0,0,0,13,88,5,0.251452254597098,0,7.69230769230769,0.0510510510510511,0.0051181102362204,0.0801592537419309,0,84.1,97.1
2019,REG+POST,00-0023534,D.Colquitt,Dustin Colquitt,P,SPEC,"https://static.www.nfl.com/image/private/f_auto,q_auto/league/v1aymd6o0vpg73ytxzhu",1,KC,0,1,0,0,0,0,0,0,0,4,0,0,-2.30529106798349,0,0.0,,0,0,0,0,0,0,,0,0,0,0,0,0,0,0,0,0,,0,,,,,0,0.0,0.0
2019,REG+POST,00-0023564,D.Sproles,Darren Sproles,RB,RB,"https://static.www.nfl.com/image/private/f_auto,q_auto/league/gvj5ng27blmwuz170aeo",6,PHI,0,0,0,0,0,0,0,0,0,0,0,0,,0,,,17,66,0,0,0,3,-4.89760430747992,1,6,10,24,0,0,0,15,25,1,-4.46089285004525,0,1.6,0.0529100529100529,0.0088235294117647,0.0855415499533147,0,11.0,17.0
2019,REG+POST,00-0023682,R.Fitzpatrick,Ryan Fitzpatrick,QB,QB,"https://static.www.nfl.com/image/private/f_auto,q_auto/league/pkhhxwplsawnhln9rsun",15,MIA,311,502,3529,20,13,40,209,3,1,4513,1239,182,25.3165539934462,1,0.781963217372036,0.0802902967942704,54,243,4,5,1,15,3.48645611665811,0,0,0,0,0,0,0,0,0,0,,0,,,,,0,241.46,241.46
2019,REG+POST,00-0024221,V.Davis,Vernon Davis,TE,TE,"https://static.www.nfl.com/image/private/f_auto,q_auto/league/so5ywayfeeu4zeijln5m",4,WAS,0,0,0,0,0,0,0,0,0,0,0,0,,0,,,0,0,0,0,0,0,,0,10,19,123,1,0,0,131,80,4,-8.92758617860305,0,0.938931297709924,0.128378378378378,0.126937984496124,0.281424156714854,0,18.3,28.3
2019,REG+POST,00-0024243,M.Lewis,Marcedes Lewis,TE,TE,"https://static.www.nfl.com/image/private/f_auto,q_auto/league/ppq07tipygpftz5csipx",13,GB,0,0,0,0,0,0,0,0,0,0,0,0,,0,,,0,0,0,0,0,0,,0,17,21,170,1,0,0,107,98,9,6.83037703155424,0,1.58878504672897,0.0463576158940397,0.0411064156742221,0.098310914813015,0,23.0,40.0
2019,REG+POST,00-0024389,De.Walker,Delanie Walker,TE,TE,"https://static.www.nfl.com/image/private/f_auto,q_auto/league/diknegkpqy0qnri7877z",6,TEN,0,0,0,0,0,0,0,0,0,0,0,0,,0,,,0,0,0,0,0,0,,0,21,31,215,2,1,0,234,66,11,4.26199132646279,0,0.918803418803419,0.190184049079755,0.190243902439024,0.418446805326949,0,33.5,54.5
2019,REG+POST,00-0024417,S.Koch,Sam Koch,P,SPEC,"https://static.www.nfl.com/image/private/f_auto,q_auto/league/dw34lcf6qit1i1knjhpv",1,BAL,1,1,-2,0,0,0,0,0,0,-5,3,0,-2.62480155308731,0,0.0,,0,0,0,0,0,0,,0,0,0,0,0,0,0,0,0,0,,0,,,,,0,-0.08,-0.08
2019,REG+POST,00-0025394,A.Peterson,Adrian Peterson,RB,RB,"https://static.www.nfl.com/image/private/f_auto,q_auto/league/ug2ua3skqc9f6vkbowxc",15,WAS,0,0,0,0,0,0,0,0,0,0,0,0,,0,,,211,898,5,2,1,41,-25.5827461573936,0,17,23,142,0,1,1,-43,161,7,-1.17022960465027,0,-3.30232558139535,0.0696969696969697,-0.018695652173913,0.0914584980237154,0,130.0,147.0
2019,REG+POST,00-0025396,T.Ginn,Ted Ginn,WR,WR,"https://static.www.nfl.com/image/private/f_auto,q_auto/league/o4m4txrv9l7odyebnea4",16,NO,0,0,0,0,0,0,0,0,0,0,0,0,,0,,,3,18,0,0,0,2,0.32760189671535,0,31,58,439,2,0,0,956,48,21,2.75804940681454,0,0.459205020920502,0.103571428571429,0.259219088937093,0.336810505113108,0,57.7,88.7
2019,REG+POST,00-0025399,M.Lynch,Marshawn Lynch,RB,RB,"https://static.www.nfl.com/image/private/f_auto,q_auto/league/ddhpebfqtr9yxsnbx9ht",3,SEA,0,0,0,0,0,0,0,0,0,0,0,0,,0,,,30,67,4,0,0,5,-8.03468551140395,0,2,3,25,0,0,0,-2,23,1,0.980416404083371,0,-12.5,0.103448275862069,-0.0061349693251533,0.150877935265496,0,33.2,35.2
2019,REG+POST,00-0025418,G.Olsen,Greg Olsen,TE,TE,"https://static.www.nfl.com/image/private/f_auto,q_auto/league/jevf1bubmrv2vvmiwq3r",14,CAR,0,0,0,0,0,0,0,0,0,0,0,0,,0,,,0,0,0,0,0,0,,0,52,82,597,2,0,0,738,201,34,10.2190500528142,0,0.808943089430894,0.157389635316699,0.162590879048249,0.349898068308822,0,71.7,123.7
2019,REG+POST,00-0025708,M.Moore,Matt Moore,QB,QB,"https://static.www.nfl.com/image/private/f_auto,q_auto/league/h04zarfikqlgerdftbgp",6,KC,59,91,659,4,0,8,65,2,0,630,287,35,6.99901737526909,0,1.04603174603175,0.0719727247159906,5,-1,0,0,0,0,-3.80509768950287,0,0,0,0,0,0,0,0,0,0,,0,,,,,0,42.26,42.26
2019,REG+POST,00-0025825,B.Kern,Brett Kern,P,SPEC,"https://static.www.nfl.com/image/private/f_auto,q_auto/league/dbph1kuozunx3aorpeiw",4,TEN,2,3,39,0,0,0,0,0,0,42,27,2,5.43843234929955,0,0.928571428571429,,1,0,0,0,0,0,-2.7764147608541,0,0,0,0,0,0,0,0,0,0,,0,,,,,0,1.56,1.56
2019,REG+POST,00-0026035,D.Amendola,Danny Amendola,WR,WR,"https://static.www.nfl.com/image/private/f_auto,q_auto/league/etz06w7s0ardf49mnayz",15,DET,1,1,19,1,0,0,0,0,0,14,5,1,1.95853550662287,0,1.35714285714286,,0,0,0,0,0,0,,0,62,97,678,1,0,0,855,207,36,14.5566179570615,0,0.792982456140351,0.187258687258687,0.174525413349663,0.403055820232795,0,78.56,140.56
2019,REG+POST,00-0026143,M.Ryan,Matt Ryan,QB,QB,"https://static.www.nfl.com/image/private/f_auto,q_auto/league/s6zam4ekrrnonsck6vak",15,ATL,408,616,4466,26,14,48,316,8,4,5051,1626,228,20.4705353774222,1,0.884181350227678,0.0908361589056702,34,147,1,1,1,10,11.1608506744027,0,0,0,0,0,0,0,0,0,0,,0,,,,,0,267.34,267.34
2019,REG+POST,00-0026158,J.Flacco,Joe Flacco,QB,QB,"https://static.www.nfl.com/image/upload/f_auto,q_auto/league/yxvyoeojkif7tnfviamc",8,DEN,171,262,1822,6,5,26,194,8,3,1777,907,86,-23.2812099611452,1,1.02532357906584,0.0368552803881532,12,20,0,0,0,4,2.00912081074785,0,0,0,0,0,0,0,0,0,0,,0,,,,,0,84.88,84.88
2019,REG+POST,00-0026189,D.Jackson,DeSean Jackson,WR,WR,"https://static.www.nfl.com/image/private/f_auto,q_auto/league/pr5m864fqvnoozihylrh",2,PHI,0,0,0,0,0,0,0,0,0,0,0,0,,0,,,0,0,0,0,0,0,,0,9,10,159,2,0,0,147,15,6,15.2690814826055,0,1.08163265306122,0.128205128205128,0.227554179566563,0.351595618004287,0,27.9,36.9
2019,REG+POST,00-0026293,M.Slater,Matt Slater,WR,WR,"https://static.www.nfl.com/image/private/f_auto,q_auto/league/cs1ojdzhxjuanbw6vflv",1,NE,0,0,0,0,0,0,0,0,0,0,0,0,,0,,,0,0,0,0,0,0,,0,0,0,0,0,0,0,0,0,0,,0,,,,,1,6.0,6.0
2019,REG+POST,00-0026498,M.Stafford,Matthew Stafford,QB,QB,"https://static.www.nfl.com/image/upload/f_auto,q_auto/league/xdlnnbapdbk8trxqlasu",8,DET,187,291,2499,19,5,18,137,3,2,3109,890,117,69.6084916490514,0,0.803795432614989,0.139715473089956,20,66,0,2,1,5,-6.59790558434906,0,0,0,0,0,0,0,0,0,0,,0,,,,,0,166.56,166.56
2019,REG+POST,00-0026544,C.Daniel,Chase Daniel,QB,QB,"https://static.www.nfl.com/image/private/f_auto,q_auto/league/jt8fvgeyuhsbpo9m9t4x",3,CHI,45,64,435,3,2,7,48,0,0,430,135,22,4.71388089451859,0,1.01162790697674,0.0823457037639207,6,6,0,0,0,2,-1.01793406221205,0,0,0,0,0,0,0,0,0,0,,0,,,,,0,26.0,26.0
2019,REG+POST,00-0026625,B.Hoyer,Brian Hoyer,QB,QB,"https://static.www.nfl.com/image/private/f_auto,q_auto/league/japt3mj2xctm7saqndxn",4,IND,35,65,372,4,4,5,47,2,1,559,157,22,-26.0941385643303,0,0.665474060822898,-0.0195851277716761,8,2,0,0,0,0,-3.95065113302553,0,0,0,0,0,0,0,0,0,0,,0,,,,,0,21.08,21.08
2019,REG+POST,00-0026986,M.Crabtree,Michael Crabtree,WR,WR,"https://static.www.nfl.com/image/private/f_auto,q_auto/league/kcavcmeyaion38ewxwyk",2,ARI,0,0,0,0,0,0,0,0,0,0,0,0,,0,,,0,0,0,0,0,0,,0,4,5,22,0,0,0,26,5,0,-0.270085982512683,0,0.846153846153846,0.0632911392405063,0.0502901353965184,0.130139803638322,0,2.2,6.2
2019,REG+POST,00-0027029,L.McCoy,LeSean McCoy,RB,RB,"https://static.www.nfl.com/image/private/f_auto,q_auto/league/cpc1a2dgivdyevuncz7p",13,KC,0,0,0,0,0,0,0,0,0,0,0,0,,0,,,101,465,4,2,1,24,-5.83118608943187,0,28,34,181,1,1,1,-24,236,6,-6.25405187110902,0,-7.54166666666667,0.080952380952381,-0.0066188637617209,0.116795366795367,0,90.6,118.6
2019,REG+POST,00-0027061,J.Cook,Jared Cook,TE,TE,"https://static.www.nfl.com/image/private/f_auto,q_auto/league/cthoenebptadlu4g928v",15,NO,0,0,0,0,0,0,0,0,0,0,0,0,,0,,,0,0,0,0,0,0,,0,48,70,759,9,0,0,705,275,36,39.69181282152,0,1.07659574468085,0.1364522417154,0.205599300087489,0.348597872634342,0,129.9,177.9
2019,REG+POST,00-0027150,J.Edelman,Julian Edelman,WR,WR,"https://static.www.nfl.com/image/private/f_auto,q_auto/league/u0hbuo2bsvtlg7lnxm43",17,NE,2,2,47,1,0,0,0,0,0,9,38,2,5.53606658871286,0,5.22222222222222,,10,39,1,0,0,4,3.61860533128493,0,103,158,1147,6,3,1,1491,328,56,18.7021937851392,1,0.769282360831657,0.254019292604502,0.309400290516705,0.597609142268446,0,166.48,269.48
2019,REG+POST,00-0027539,A.Levine,Anthony Levine,SS,DB,"https://static.www.nfl.com/image/private/f_auto,q_auto/league/gew5y4jtrh2jd7guowwk",2,BAL,0,0,0,0,0,0,0,0,0,0,0,0,,0,,,2,62,0,0,0,2,7.15528261370491,0,0,0,0,0,0,0,0,0,0,,0,,,,,0,6.2,6.2
2019,REG+POST,00-0027685,E.Sanders,Emmanuel Sanders,WR,WR,"https://static.www.nfl.com/image/private/f_auto,q_auto/league/potkibjtm855tsawozs0",20,SF,1,1,35,1,0,0,0,0,0,22,13,1,3.32011508441065,0,1.59090909090909,,0,0,0,0,0,0,,0,71,105,940,5,0,0,1161,243,45,19.7539986178786,1,0.809646856158484,0.180412371134021,0.293552465233881,0.476105282364748,0,131.4,202.4
2019,REG+POST,00-0027688,C.McCoy,Colt McCoy,QB,QB,"https://static.www.nfl.com/image/private/f_auto,q_auto/league/mvcoi7f6thyudufnh0dx",1,WAS,18,27,122,0,1,6,44,2,0,177,34,5,-22.0164105785079,0,0.689265536723164,0.0128149645573514,2,14,0,0,0,1,1.19350969139487,0,0,0,0,0,0,0,0,0,0,,0,,,,,0,4.28,4.28
2019,REG+POST,00-0027691,A.Roberts,Andre Roberts,WR,WR,"https://static.www.nfl.com/image/private/f_auto,q_auto/league/hjoyjewh7knoafxt4k93",5,BUF,0,0,0,0,0,0,0,0,0,0,0,0,,0,,,1,7,0,0,0,0,-0.0024575337301939,0,3,7,20,0,0,0,109,5,1,-2.41624859889271,0,0.18348623853211,0.0542635658914729,0.0772501771793055,0.135470472862723,0,2.7,5.7
2019,REG+POST,00-0027696,J.Graham,Jimmy Graham,TE,TE,"https://static.www.nfl.com/image/private/f_auto,q_auto/league/h7xs06oj6g03mippwtse",18,GB,0,0,0,0,0,0,0,0,0,0,0,0,,0,,,0,0,0,0,0,0,,0,45,69,555,3,1,0,619,294,27,20.6821284213489,0,0.896607431340872,0.114808652246256,0.116880664652568,0.254029443626182,0,73.5,118.5
2019,REG+POST,00-0027793,A.Brown,Antonio Brown,WR,WR,"https://static.www.nfl.com/image/private/f_auto,q_auto/league/ecxsx9t7bfg42bgfwj3v",1,NE,0,0,0,0,0,0,0,0,0,0,0,0,,0,,,1,5,0,0,0,1,0.366757445619442,0,4,8,56,1,0,0,92,7,3,2.0536659490748,0,0.608695652173913,0.285714285714286,0.348484848484849,0.672510822510823,0,12.1,16.1
2019,REG+POST,00-0027874,D.Thomas,Demaryius Thomas,WR,WR,"https://static.www.nfl.com/image/private/f_auto,q_auto/league/p1yjsqtqimjd6iazu3h9",11,NYJ,0,0,0,0,0,0,0,0,0,0,0,0,,0,,,0,0,0,0,0,0,,0,36,58,433,1,0,0,590,170,22,10.3017192974149,0,0.733898305084746,0.169590643274854,0.196863530196864,0.392190436050085,0,49.3,85.3
2019,REG+POST,00-0027891,G.Tate,Golden Tate,WR,WR,"https://static.www.nfl.com/image/private/f_auto,q_auto/league/yfqebrp2o9t1gt1wqjku",11,NYG,0,0,0,0,0,0,0,0,0,0,0,0,,0,,,1,16,0,0,0,1,1.03227418800816,0,49,85,676,6,1,1,817,284,30,19.6488031477202,0,0.827417380660955,0.214105793450882,0.247801031240522,0.494619412044688,0,103.2,152.2
2019,REG+POST,00-0027925,J.Develin,James Develin,FB,RB,"https://static.www.nfl.com/image/private/f_auto,q_auto/league/ryhocvpml27otxnncc2h",1,NE,0,0,0,0,0,0,0,0,0,0,0,0,,0,,,2,3,0,0,0,1,0.278384574572556,0,0,0,0,0,0,0,0,0,0,,0,,,,,0,0.3,0.3
2019,REG+POST,00-0027939,C.Newton,Cam Newton,QB,QB,"https://static.www.nfl.com/image/private/f_auto,q_auto/league/zwmgw2gmnn2kch4nquft",2,CAR,50,89,572,0,1,6,43,0,0,793,204,29,-6.70851438029469,0,0.721311475409836,-0.013457914443298,5,-2,0,2,2,0,-9.36749292595778,0,0,0,0,0,0,0,0,0,0,,0,,,,,0,16.68,16.68
2019,REG+POST,00-0027944,J.Jones,Julio Jones,WR,WR,"https://static.www.nfl.com/image/upload/f_auto,q_auto/league/omrddf2phtyztzx2nup1",15,ATL,0,0,0,0,0,0,0,0,0,0,0,0,,0,,,2,-3,0,0,0,0,-1.59325267281383,0,99,157,1394,6,1,0,1955,342,77,66.6260414222446,0,0.71304347826087,0.258223684210526,0.385753749013418,0.657363150625182,0,175.1,274.1
2019,REG+POST,00-0027966,M.Ingram,Mark Ingram,RB,RB,"https://static.www.nfl.com/image/private/f_auto,q_auto/league/qyju9wutyssrf0b26ran",16,BAL,0,0,0,0,0,0,0,0,0,0,0,0,,0,,,208,1040,10,2,2,53,13.1813517042529,2,27,31,256,5,0,0,48,225,16,22.0408491068139,0,5.33333333333333,0.0754257907542579,0.01495793081957,0.123609237705086,0,219.6,246.6
2019,REG+POST,00-0027973,A.Dalton,Andy Dalton,QB,QB,"https://static.www.nfl.com/image/upload/f_auto,q_auto/league/az1zo7fl2tozg50tgs0d",13,CIN,314,528,3494,16,14,37,249,5,4,4278,1547,170,-16.0087400162188,1,0.816736792893876,0.0384890648643575,32,73,4,3,0,12,3.39986437639009,1,1,1,-4,0,0,0,-8,4,0,-2.39217759971507,0,0.0,0.0208333333333333,-0.0182648401826484,0.0184646118721461,0,202.66,203.66
2019,REG+POST,00-0027981,K.Rudolph,Kyle Rudolph,TE,TE,"https://static.www.nfl.com/image/private/f_auto,q_auto/league/mtvrkfel5750mlevcvtp",17,MIN,0,0,0,0,0,0,0,0,0,0,0,0,,0,,,0,0,0,0,0,0,,0,45,58,402,7,0,0,373,210,26,20.799947757083,1,1.07774798927614,0.120331950207469,0.101579520697168,0.251603589799221,0,84.2,129.2
2019,REG+POST,00-0027985,L.Kendricks,Lance Kendricks,TE,TE,"https://static.www.nfl.com/image/private/f_auto,q_auto/league/njjeo5udwowpbfnufl5l",4,LAC,0,0,0,0,0,0,0,0,0,0,0,0,,0,,,0,0,0,0,0,0,,0,3,7,50,0,0,0,74,7,3,0.852747235097922,0,0.675675675675676,0.0457516339869281,0.0558490566037736,0.107721790603034,0,5.0,8.0
2019,REG+POST,00-0028002,R.Cobb,Randall Cobb,WR,WR,"https://static.www.nfl.com/image/private/f_auto,q_auto/league/kuwo5hnkbtesfw6n9w1s",15,DAL,0,1,0,0,0,0,0,0,0,0,0,0,-0.398940063547343,0,,,3,11,0,0,0,0,-0.405031809059437,0,55,83,828,3,2,1,824,329,41,28.761130187255,0,1.00485436893204,0.154562383612663,0.163686928883592,0.346424425637509,0,99.9,154.9
2019,REG+POST,00-0028042,L.Stocker,Luke Stocker,TE,TE,"https://static.www.nfl.com/image/private/f_auto,q_auto/league/keoilbfzupthtliuou1a",11,ATL,0,0,0,0,0,0,0,0,0,0,0,0,,0,,,0,0,0,0,0,0,,0,8,14,53,0,1,0,60,36,2,-12.1746632368304,0,0.883333333333333,0.0299145299145299,0.0188738597043095,0.0580834966648115,0,5.3,13.3
2019,REG+POST,00-0028063,T.Jones,Taiwan Jones,RB,RB,"https://static.www.nfl.com/image/private/f_auto,q_auto/league/va09vgfr7bdc2wb6ikq4",3,HOU,0,0,0,0,0,0,0,0,0,0,0,0,,0,,,9,40,0,0,0,3,0.21770813173498,0,3,3,57,0,0,0,-2,59,2,2.07387871243125,0,-28.5,0.0280373831775701,-0.002219755826859,0.0405022456875538,0,9.7,12.7
2019,REG+POST,00-0028064,B.Powell,Bilal Powell,RB,RB,"https://static.www.nfl.com/image/private/f_auto,q_auto/league/a5qlloemeetaqawzwuf7",12,NYJ,0,1,0,0,0,0,0,0,0,13,0,0,-0.522409488912672,0,0.0,,59,229,0,0,0,12,-9.88228143696324,0,7,12,33,0,0,0,21,45,0,-3.09746565925889,0,1.57142857142857,0.0634920634920635,0.0115830115830116,0.103346203346203,0,26.2,33.2
2019,REG+POST,00-0028074,A.Sherman,Anthony Sherman,RB,RB,"https://static.www.nfl.com/image/private/f_auto,q_auto/league/ibmfpy4ztgmqfwtood5x",5,KC,0,0,0,0,0,0,0,0,0,0,0,0,,0,,,4,9,0,0,0,3,3.040836014261,0,2,4,22,0,0,0,13,23,2,-1.44854249496711,0,1.69230769230769,0.0307692307692308,0.0122065727699531,0.0546984470928133,0,3.1,5.1
2019,REG+POST,00-0028087,D.Lewis,Dion Lewis,RB,RB,"https://static.www.nfl.com/image/private/f_auto,q_auto/league/erzmtaaz3eimbg998hyq",17,TEN,0,0,0,0,0,0,0,0,0,0,0,0,,0,,,56,217,0,1,1,6,-14.5828759490978,0,27,34,178,1,0,0,-21,205,8,-3.24090923978753,0,-8.47619047619048,0.0781609195402299,-0.0056941431670282,0.113255479093425,0,43.5,70.5
2019,REG+POST,00-0028097,L.Smith,Lee Smith,TE,TE,"https://static.www.nfl.com/image/private/f_auto,q_auto/league/gcaqwhzrinlqicrljwlr",6,BUF,0,0,0,0,0,0,0,0,0,0,0,0,,0,,,0,0,0,0,0,0,,0,5,6,39,1,0,0,33,16,2,3.95844117674278,0,1.18181818181818,0.0317460317460317,0.0204334365325077,0.061922453191803,0,9.9,14.9
2019,REG+POST,00-0028112,C.Clay,Charles Clay,TE,TE,"https://static.www.nfl.com/image/private/f_auto,q_auto/league/gbfhfjn5cxtou5aazegt",15,ARI,0,0,0,0,0,0,0,0,0,0,0,0,,0,,,0,0,0,0,0,0,,0,18,24,237,1,0,0,152,95,12,10.6227190180289,0,1.55921052631579,0.0492813141683778,0.042648709315376,0.10377606777333,0,29.7,47.7
2019,REG+POST,00-0028114,D.Harris,Dwayne Harris,WR,WR,"https://static.www.nfl.com/image/private/f_auto,q_auto/league/cz34jefkstkm3mvjznvg",1,LV,0,0,0,0,0,0,0,0,0,0,0,0,,0,,,0,0,0,0,0,0,,0,1,1,7,0,0,0,0,7,0,-0.558688131626695,0,0.0,0.0384615384615385,,,0,0.7,1.7
2019,REG+POST,00-0028118,T.Taylor,Tyrod Taylor,QB,QB,"https://static.www.nfl.com/image/upload/f_auto,q_auto/league/xk8e04jdsvigd6fky3uy",4,LAC,4,6,33,1,0,0,0,0,0,32,19,3,3.65237386233639,0,1.03125,0.0980939896703059,10,7,0,0,0,1,-9.0879364189459,0,0,1,0,0,0,0,-4,0,0,-0.367020355770364,0,0.0,0.0294117647058824,-0.0170940170940171,0.0321518350930116,0,6.02,6.02
2019,REG+POST,00-0028128,C.Jones,Colin Jones,FS,DB,"https://static.www.nfl.com/image/private/f_auto,q_auto/league/gtpcd4mvricoawwynceu",1,CAR,0,0,0,0,0,0,0,0,0,0,0,0,,0,,,1,5,0,0,0,1,2.82012735540047,0,0,0,0,0,0,0,0,0,0,,0,,,,,0,0.5,0.5
2019,REG+POST,00-0028142,V.Green,Virgil Green,TE,TE,"https://static.www.nfl.com/image/private/f_auto,q_auto/league/wcdedz1qf7ybkujat6bu",11,LAC,0,0,0,0,0,0,0,0,0,0,0,0,,0,,,0,0,0,0,0,0,,0,9,13,78,1,0,0,63,39,4,3.85628200700198,0,1.23809523809524,0.0320987654320988,0.0186777349540468,0.0612225626159809,0,13.8,22.8
2019,REG+POST,00-0028237,C.Hogan,Chris Hogan,WR,WR,"https://static.www.nfl.com/image/private/f_auto,q_auto/league/fmpqnciwjqicsjzy63mc",7,CAR,0,0,0,0,0,0,0,0,0,0,0,0,,0,,,0,0,0,0,0,0,,0,8,15,67,0,0,0,122,29,3,-1.43223794779624,0,0.549180327868853,0.0547445255474453,0.0544642857142857,0.120241788321168,0,6.7,14.7
2019,REG+POST,00-0028292,N.Bellore,Nick Bellore,ILB,LB,"https://static.www.nfl.com/image/upload/f_auto,q_auto/league/wlj7zdf6h9p9dnhdtmih",2,SEA,0,0,0,0,0,0,0,0,0,0,0,0,,0,,,0,0,0,0,0,0,,0,2,2,23,1,0,0,2,21,2,2.44402009292389,0,11.5,0.0327868852459016,0.0069204152249135,0.0540246185262919,0,8.3,10.3
2019,REG+POST,00-0028411,D.Inman,Dontrelle Inman,WR,WR,"https://static.www.nfl.com/image/private/f_auto,q_auto/league/josp2o2ri6tknqzt87qc",7,IND,0,0,0,0,0,0,0,0,0,0,0,0,,0,,,0,0,0,0,0,0,,0,12,21,181,0,0,0,286,30,9,3.31795472354861,0,0.632867132867133,0.0929203539823009,0.136776661884266,0.235124194292437,0,18.1,30.1
2019,REG+POST,00-0028581,P.DiMarco,Patrick DiMarco,FB,RB,"https://static.www.nfl.com/image/private/f_auto,q_auto/league/chit1zcsfqaoqzkqc9eh",7,BUF,0,0,0,0,0,0,0,0,0,0,0,0,,0,,,3,7,0,0,0,0,-1.08764345548116,0,5,8,41,0,0,0,80,31,1,-0.429849979118444,0,0.5125,0.0355555555555556,0.0373482726423903,0.0794771241830065,0,4.8,9.8
2019,REG+POST,00-0028872,J.Hekker,Johnny Hekker,P,SPEC,"https://static.www.nfl.com/image/upload/f_auto,q_auto/league/bcl8kjfwubicyywpxfny",3,LA,2,3,28,0,1,0,0,0,0,12,20,2,3.24496002920205,0,2.33333333333333,,0,0,0,0,0,0,,0,0,0,0,0,0,0,0,0,0,,0,,,,,0,-0.88,-0.88
2019,REG+POST,00-0028986,C.Keenum,Case Keenum,QB,QB,"https://static.www.nfl.com/image/upload/f_auto,q_auto/league/zj2xieg6nctsabgzu65n",10,WAS,160,247,1707,11,5,15,145,4,2,1700,800,83,-3.21123002956618,0,1.00411764705882,0.0542353898535758,9,12,1,2,1,2,-6.38657197498833,0,0,0,0,0,0,0,0,0,0,,0,,,,,0,103.48,103.48
2019,REG+POST,00-0029000,C.Beasley,Cole Beasley,WR,WR,"https://static.www.nfl.com/image/private/f_auto,q_auto/league/y5r0fhwctl6ljwvmktvu",16,BUF,0,0,0,0,0,0,0,0,0,0,0,0,,0,,,0,0,0,0,0,0,,0,71,111,822,6,0,0,859,361,39,14.7181237039072,2,0.956926658905704,0.226993865030675,0.186253252385082,0.47086807421557,0,122.2,193.2
2019,REG+POST,00-0029119,D.Carrier,Derek Carrier,TE,TE,"https://static.www.nfl.com/image/private/f_auto,q_auto/league/fohbnjxhixammxtonhnd",9,LV,0,0,0,0,0,0,0,0,0,0,0,0,,0,,,1,27,0,0,0,1,4.1997139910236,0,13,19,108,1,0,0,165,51,4,4.6382353995985,0,0.654545454545455,0.0733590733590734,0.103189493433396,0.182271255441987,0,19.5,32.5
2019,REG+POST,00-0029137,A.Jeffery,Alshon Jeffery,WR,WR,"https://static.www.nfl.com/image/private/f_auto,q_auto/league/qrbsgwhzlsmwgkdfjryh",9,PHI,0,0,0,0,0,0,0,0,0,0,0,0,,0,,,1,2,1,0,0,1,0.657175472762901,0,43,73,490,4,0,0,803,116,36,10.1588651388101,0,0.610211706102117,0.229559748427673,0.307545001914975,0.559621123981992,0,79.2,122.2
2019,REG+POST,00-0029141,A.Morris,Alfred Morris,RB,RB,"https://static.www.nfl.com/image/private/f_auto,q_auto/league/igrm4hy4pishp4rdamin",1,ARI,0,0,0,0,0,0,0,0,0,0,0,0,,0,,,1,4,0,0,0,1,0.87437098287046,0,0,0,0,0,0,0,0,0,0,,0,,,,,0,0.4,0.4
2019,REG+POST,00-0029239,B.Bolden,Brandon Bolden,RB,RB,"https://static.www.nfl.com/image/private/f_auto,q_auto/league/kqqwz35z9brhkzbs4bcn",9,NE,0,0,0,0,0,0,0,0,0,0,0,0,,0,,,15,68,3,0,0,5,3.22760607983219,0,9,11,111,1,0,0,66,59,6,-0.17738660692703,0,1.68181818181818,0.0555555555555556,0.0484581497797357,0.117254038179148,0,41.9,50.9
2019,REG+POST,00-0029263,R.Wilson,Russell Wilson,QB,QB,"https://static.www.nfl.com/image/upload/f_auto,q_auto/league/u36rhg0md8ey3b4khbre",18,SEA,380,577,4712,33,5,54,338,5,0,5537,1946,215,113.928952828961,1,0.851002347841792,0.157951496977198,91,451,3,4,2,24,-0.555509583064122,0,0,0,0,0,0,0,0,0,0,,0,,,,,0,371.58,371.58
2019,REG+POST,00-0029269,T.Benjamin,Travis Benjamin,WR,WR,"https://static.www.nfl.com/image/private/f_auto,q_auto/league/io9silocxbywvisvcvpx",5,LAC,0,0,0,0,0,0,0,0,0,0,0,0,,0,,,0,0,0,0,0,0,,0,6,16,30,0,0,0,207,19,3,-7.92070882668486,0,0.144927536231884,0.0788177339901478,0.116422947131609,0.199722663977348,0,3.0,9.0
2019,REG+POST,00-0029293,M.Jones,Marvin Jones,WR,WR,"https://static.www.nfl.com/image/private/f_auto,q_auto/league/ciy9sxefmcnwjw7ln3h2",13,DET,0,0,0,0,0,0,0,0,0,0,0,0,,0,,,2,0,0,0,0,0,-1.60143422824331,0,62,91,779,9,0,0,1186,106,41,36.7728959364569,0,0.656829679595278,0.2,0.271893626776708,0.490325538743696,0,131.9,193.9
2019,REG+POST,00-0029319,J.Bellamy,Josh Bellamy,WR,WR,"https://static.www.nfl.com/image/private/f_auto,q_auto/league/kgyz7lr35xl5j7oxjwlw",2,NYJ,0,0,0,0,0,0,0,0,0,0,0,0,,0,,,0,0,0,0,0,0,,0,2,3,20,0,0,0,23,10,1,0.872385602619033,0,0.869565217391304,0.0422535211267606,0.0611702127659575,0.106199430626311,0,2.0,4.0
2019,REG+POST,00-0029419,D.Kelly,Dennis Kelly,T,OL,"https://static.www.nfl.com/image/private/f_auto,q_auto/league/i4ev1ltkthmoslllgfhi",2,TEN,0,0,0,0,0,0,0,0,0,0,0,0,,0,,,0,0,0,0,0,0,,0,2,2,2,2,0,0,2,0,2,1.34699592780089,0,1.0,0.0408163265306122,0.0050632911392405,0.0647687935933867,0,12.2,14.2
2019,REG+POST,00-0029492,J.Olawale,Jamize Olawale,FB,RB,"https://static.www.nfl.com/image/private/f_auto,q_auto/league/dp7xdilrkk9f2i5ovne9",2,DAL,0,0,0,0,0,0,0,0,0,0,0,0,,0,,,0,0,0,0,0,0,,0,0,2,0,0,0,0,35,0,0,-1.87653602094307,0,0.0,0.0256410256410256,0.0454545454545455,0.0702797202797203,0,0.0,0.0
2019,REG+POST,00-0029567,N.Foles,Nick Foles,QB,QB,"https://static.www.nfl.com/image/private/f_auto,q_auto/league/dxuz2ir773wylutxo7zs",4,JAX,77,117,736,3,2,8,60,2,2,990,354,31,-13.5811433938767,1,0.743434343434343,0.0370338130488999,4,23,0,0,0,2,1.51897059078328,0,0,0,0,0,0,0,0,0,0,,0,,,,,0,37.74,37.74
2019,REG+POST,00-0029572,J.Wright,Jarius Wright,WR,WR,"https://static.www.nfl.com/image/private/f_auto,q_auto/league/f4xgfra44cd6qjy6havp",16,CAR,0,0,0,0,0,0,0,0,0,0,0,0,,0,,,1,-7,0,0,0,0,-1.80985147610772,0,28,58,296,0,0,0,618,89,16,-19.7288939148288,0,0.478964401294498,0.0966666666666667,0.120210075860728,0.229147053102509,0,28.9,56.9
2019,REG+POST,00-0029587,R.Ellison,Rhett Ellison,TE,TE,"https://static.www.nfl.com/image/private/f_auto,q_auto/league/pqvmhpdoritjtp8ng7ep",10,NYG,0,0,0,0,0,0,0,0,0,0,0,0,,0,,,0,0,0,0,0,0,,0,18,28,167,1,0,0,146,83,4,-7.33741862288199,0,1.14383561643836,0.0748663101604278,0.0515172900494001,0.148361568275222,0,22.7,40.7
2019,REG+POST,00-0029604,K.Cousins,Kirk Cousins,QB,QB,"https://static.www.nfl.com/image/upload/f_auto,q_auto/league/yt6n07jezvfmcsoq0j13",17,MIN,347,504,4017,28,7,36,262,6,3,3829,1965,182,84.2625341055542,1,1.0490989814573,0.134352789339519,33,62,1,5,0,8,-6.41380974819185,0,0,1,0,0,0,0,12,0,0,-1.81941272510448,0,0.0,0.0333333333333333,0.0481927710843374,0.0837349397590362,0,266.88,266.88
2019,REG+POST,00-0029608,T.Hilton,T.Y. Hilton,WR,WR,"https://static.www.nfl.com/image/private/f_auto,q_auto/league/b8kor0sgeynyd8u8cush",10,IND,0,0,0,0,0,0,0,0,0,0,0,0,,0,,,0,0,0,0,0,0,,0,45,68,501,5,0,0,697,213,24,22.325308206216,0,0.718794835007174,0.242857142857143,0.34,0.602285714285714,0,80.1,125.1
2019,REG+POST,00-0029623,A.Tanney,Alex Tanney,QB,QB,"https://static.www.nfl.com/image/private/f_auto,q_auto/league/imvd4rxtknm0ob8oul5z",1,NYG,1,1,1,0,0,0,0,0,0,1,0,0,-0.0452440076041967,0,1.0,,0,0,0,0,0,0,,0,0,0,0,0,0,0,0,0,0,,0,,,,,0,0.04,0.04
2019,REG+POST,00-0029632,M.Sanu,Mohamed Sanu,WR,WR,"https://static.www.nfl.com/image/private/f_auto,q_auto/league/a6loroqhta6g65aqnsrk",16,NE,0,0,0,0,0,0,0,0,0,0,0,0,,0,,,3,11,0,0,0,1,0.0737955921795219,0,60,94,531,2,0,0,738,200,31,-0.618275395695815,0,0.719512195121951,0.155629139072848,0.150428047289034,0.338743341711595,0,66.2,126.2
2019,REG+POST,00-0029664,J.Gordon,Josh Gordon,WR,WR,"https://static.www.nfl.com/image/private/f_auto,q_auto/league/wwqz2ujrj7wp86tyaxof",11,SEA,0,1,0,0,1,0,0,0,0,33,0,0,-2.87346381600946,0,0.0,,1,1,0,0,0,0,-0.579914905596525,0,27,47,426,1,0,0,518,149,16,23.4763253170613,0,0.822393822393823,0.127717391304348,0.165389527458493,0.307348756177467,0,46.7,73.7
2019,REG+POST,00-0029665,R.Griffin,Robert Griffin,QB,QB,"https://static.www.nfl.com/image/private/f_auto,q_auto/league/f9gitqxxg3f1uybdcfhc",6,BAL,23,38,225,1,2,5,19,0,0,282,84,10,-0.308628492605076,0,0.797872340425532,0.0310882977186249,20,61,0,0,0,4,-13.6808035671129,0,0,0,0,0,0,0,0,0,0,,0,,,,,0,15.1,15.1
2019,REG+POST,00-0029692,B.Anger,Bryan Anger,P,SPEC,"https://static.www.nfl.com/image/upload/f_auto,q_auto/league/kx1m6byniti4tkeiwkqk",1,HOU,0,0,0,0,0,0,0,0,0,0,0,0,,0,,,1,-5,0,0,0,0,-0.243125282344408,0,0,0,0,0,0,0,0,0,0,,0,,,,,0,-0.5,-0.5
2019,REG+POST,00-0029701,R.Tannehill,Ryan Tannehill,QB,QB,"https://static.www.nfl.com/image/private/f_auto,q_auto/league/yvwju12dl6haf3r8uzrm",15,TEN,237,346,3111,27,7,36,252,6,3,3307,1393,147,66.0285170261732,0,0.940731781070457,0.171552670669371,56,220,5,2,0,19,18.6370056667656,1,0,0,0,0,0,0,0,0,0,,0,,,,,0,266.44,266.44
2019,REG+POST,00-0029738,D.Fells,Darren Fells,TE,TE,"https://static.www.nfl.com/image/private/f_auto,q_auto/league/eh0rbweg4wbzgzpvprnv",17,HOU,0,0,0,0,0,0,0,0,0,0,0,0,,0,,,0,0,0,0,0,0,,0,41,60,400,8,0,0,336,194,26,25.7537756871813,0,1.19047619047619,0.106951871657754,0.0690221857025472,0.208743337478414,0,88.0,129.0
2019,REG+POST,00-0029764,C.Davis,Cody Davis,FS,DB,"https://static.www.nfl.com/image/private/f_auto,q_auto/league/pdijtrs1tnltal8g6cmx",1,JAX,0,0,0,0,0,0,0,0,0,0,0,0,,0,,,0,0,0,0,0,0,,0,1,1,7,0,0,0,2,5,1,3.03077703691088,0,3.5,0.032258064516129,0.0084033613445378,0.05426944971537,0,0.7,1.7
2019,REG+POST,00-0029854,C.Anderson,C.J. Anderson,RB,RB,"https://static.www.nfl.com/image/private/f_auto,q_auto/league/jqqdxuowpdgl06zy0g0a",2,DET,0,0,0,0,0,0,0,0,0,0,0,0,,0,,,16,43,0,0,0,1,-6.98405621206621,0,0,0,0,0,0,0,0,0,0,,0,,,,,0,4.3,4.3
2019,REG+POST,00-0029857,R.Griffin,Ryan Griffin,QB,QB,"https://static.www.nfl.com/image/private/f_auto,q_auto/league/mpwu7c3o2lkxwqn1gras",2,TB,2,4,18,0,0,0,0,0,0,12,13,1,-0.623921526828781,0,1.5,,4,-1,0,0,0,0,-2.46599764697021,0,0,0,0,0,0,0,0,0,0,,0,,,,,0,0.62,0.62
2019,REG+POST,00-0029892,K.Juszczyk,Kyle Juszczyk,FB,RB,"https://static.www.nfl.com/image/upload/f_auto,q_auto/league/mfhpygabawkeioplae7a",10,SF,0,0,0,0,0,0,0,0,0,0,0,0,,0,,,3,7,0,0,0,1,-0.992854945739964,0,23,27,278,2,0,0,153,177,14,22.0020061372197,0,1.81699346405229,0.0841121495327103,0.0702802021129995,0.175364365778165,0,40.5,63.5
2019,REG+POST,00-0029931,Z.Line,Zach Line,FB,RB,"https://static.www.nfl.com/image/private/f_auto,q_auto/league/dddfiilg9qy54xtorb6r",8,NO,0,0,0,0,0,0,0,0,0,0,0,0,,0,,,7,20,0,0,0,5,1.24340855254559,0,6,10,36,0,0,0,31,45,1,-7.88298880669754,0,1.16129032258065,0.045662100456621,0.0256410256410256,0.0864418686336494,0,5.6,11.6
2019,REG+POST,00-0030035,A.Thielen,Adam Thielen,WR,WR,"https://static.www.nfl.com/image/upload/f_auto,q_auto/league/pxehgo0l9xl03n7dronf",12,MIN,0,0,0,0,0,0,0,0,0,0,0,0,,0,,,5,9,1,0,0,1,-1.22077768296003,0,42,64,597,6,1,1,776,144,27,25.6589902571701,0,0.769329896907217,0.195718654434251,0.292499057670562,0.498327322020769,0,100.6,142.6
2019,REG+POST,00-0030061,Z.Ertz,Zach Ertz,TE,TE,"https://static.www.nfl.com/image/upload/f_auto,q_auto/league/xktmmeumuoglbuam75iz",16,PHI,0,0,0,0,0,0,0,0,0,0,0,0,,0,,,0,0,0,0,0,0,,0,90,139,960,6,1,1,1229,271,52,35.6626910056587,1,0.781122864117168,0.235993208828523,0.264357926435793,0.539040361747839,0,132.0,222.0
2019,REG+POST,00-0030068,M.Goodwin,Marquise Goodwin,WR,WR,"https://static.www.nfl.com/image/upload/f_auto,q_auto/league/cof5bbih1o9dtnonwmjp",8,SF,0,0,0,0,0,0,0,0,0,0,0,0,,0,,,1,15,0,0,0,1,1.07524703157833,0,12,21,186,1,0,0,281,33,10,11.0099703454378,0,0.661921708185053,0.0836653386454183,0.168364289994008,0.243353010963933,0,26.1,38.1
2019,REG+POST,00-0030085,K.Stills,Kenny Stills,WR,WR,"https://static.www.nfl.com/image/private/f_auto,q_auto/league/wswn6tehkzj8mdfbablx",15,HOU,0,0,0,0,0,1,14,0,0,0,0,0,-2.03057057410479,0,,,0,0,0,0,0,0,,0,47,66,687,5,0,0,729,187,33,37.0827283016803,0,0.94238683127572,0.135802469135802,0.173035841443152,0.32482879271391,0,98.7,145.7
2019,REG+POST,00-0030089,L.Willson,Luke Willson,TE,TE,"https://static.www.nfl.com/image/private/f_auto,q_auto/league/a6zcpjyfusebcm8i3w2w",7,SEA,0,0,0,0,0,0,0,0,0,0,0,0,,0,,,1,1,0,0,0,0,-0.433500981191173,0,9,11,87,0,0,0,71,47,5,4.55277033959283,0,1.22535211267606,0.0523809523809524,0.0361139369277721,0.103851184420869,0,8.8,17.8
2019,REG+POST,00-0030090,M.Hyde,Micah Hyde,FS,DB,"https://static.www.nfl.com/image/private/f_auto,q_auto/league/xxdwo2ndjc4qm9q5lpgx",1,BUF,0,0,0,0,0,0,0,0,0,0,0,0,,0,,,0,0,0,0,0,0,,0,0,0,0,0,0,0,0,0,0,,0,,,,,1,6.0,6.0
2019,REG+POST,00-0030097,D.Quessenberry,David Quessenberry,T,OL,"https://static.www.nfl.com/image/upload/f_auto,q_auto/league/gjt9jdtuatvddzdeouwj",1,TEN,0,0,0,0,0,0,0,0,0,0,0,0,,0,,,0,0,0,0,0,0,,0,1,1,1,1,0,0,1,0,1,0.523064453358529,0,1.0,0.0384615384615385,0.0067567567567567,0.0624220374220374,0,6.1,7.1
2019,REG+POST,00-0030108,R.Griffin,Ryan Griffin,TE,TE,"https://static.www.nfl.com/image/private/f_auto,q_auto/league/izjfxtmk2dhzhrlwpt9g",13,NYJ,0,0,0,0,0,0,0,0,0,0,0,0,,0,,,0,0,0,0,0,0,,0,34,41,320,5,0,0,223,182,19,17.3773052636534,1,1.43497757847534,0.101234567901235,0.0709739019732654,0.201533583233138,0,64.0,98.0
2019,REG+POST,00-0030147,R.Shepard,Russell Shepard,WR,WR,"https://static.www.nfl.com/image/private/f_auto,q_auto/league/gk2saq7m1jxl90g9slks",2,NYG,0,0,0,0,0,0,0,0,0,0,0,0,,0,,,0,0,0,0,0,0,,0,3,8,25,0,0,0,72,13,1,-3.3160811902881,0,0.347222222222222,0.1,0.101838755304102,0.221287128712871,0,2.5,5.5
2019,REG+POST,00-0030155,D.Harris,Demetrius Harris,TE,TE,"https://static.www.nfl.com/image/private/f_auto,q_auto/league/nlajcnjlosuajmqswxvl",13,CLE,0,0,0,0,0,0,0,0,0,0,0,0,,0,,,0,0,0,0,0,0,,0,15,27,149,3,0,0,170,68,10,8.99737424915656,1,0.876470588235294,0.0676691729323308,0.0493039443155452,0.136016520419378,0,34.9,49.9
2019,REG+POST,00-0030181,J.Doyle,Jack Doyle,TE,TE,"https://static.www.nfl.com/image/private/f_auto,q_auto/league/h6abyvmg2g93llboizi6",15,IND,0,0,0,0,0,0,0,0,0,0,0,0,,0,,,0,0,0,0,0,0,,0,43,72,448,4,1,0,491,216,29,3.45903640426071,0,0.912423625254583,0.154175588865096,0.130724174653887,0.322770305555366,0,68.8,111.8
2019,REG+POST,00-0030197,D.Lacey,Deon Lacey,ILB,LB,"https://static.www.nfl.com/image/private/f_auto,q_auto/league/iahxdsgmcg9b15fxznsh",1,MIA,0,0,0,0,0,0,0,0,0,0,0,0,,0,,,0,0,0,0,0,0,,0,0,1,0,0,0,0,30,0,0,-2.85510073928162,0,0.0,0.0227272727272727,0.0704225352112676,0.0833866837387964,0,0.0,0.0
2019,REG+POST,00-0030216,J.Hill,Josh Hill,TE,TE,"https://static.www.nfl.com/image/private/f_auto,q_auto/league/vdva7m1fxklv6gxbsg7q",14,NO,0,0,0,0,0,0,0,0,0,0,0,0,,0,,,0,0,0,0,0,0,,0,27,38,229,3,0,0,176,159,13,5.79369136327296,0,1.30113636363636,0.079664570230608,0.0561941251596424,0.158832742957662,0,40.9,67.9
2019,REG+POST,00-0030279,K.Allen,Keenan Allen,WR,WR,"https://static.www.nfl.com/image/upload/f_auto,q_auto/league/lngo1onvkcqjnq7ozkuu",16,LAC,0,0,0,0,0,0,0,0,0,0,0,0,,0,,,3,16,0,0,0,1,-0.229719123104587,0,104,149,1199,6,0,0,1506,369,63,42.8646989746316,0,0.796148738379814,0.258680555555556,0.298631766805473,0.597063070097164,0,157.5,261.5
2019,REG+POST,00-0030288,R.Burkhead,Rex Burkhead,RB,RB,"https://static.www.nfl.com/image/private/f_auto,q_auto/league/ysgdnkasvp07qmrkasve",14,NE,0,0,0,0,0,0,0,0,0,0,0,0,,0,,,68,306,3,0,0,18,-0.230753968167528,0,30,41,311,0,1,1,116,268,11,-1.84984568553045,0,2.68103448275862,0.0821643286573146,0.0289493386573496,0.143511030046117,0,77.7,107.7
2019,REG+POST,00-0030300,J.Brown,Jaron Brown,WR,WR,"https://static.www.nfl.com/image/private/f_auto,q_auto/league/y41u4egwigms9rg2p3ln",8,SEA,0,0,0,0,0,0,0,0,0,0,0,0,,0,,,0,0,0,0,0,0,,0,16,28,220,2,1,1,256,59,10,-1.35655955940596,0,0.859375,0.108108108108108,0.104149715215622,0.235066962813098,0,32.0,48.0
2019,REG+POST,00-0030404,C.Thompson,Chris Thompson,RB,RB,"https://static.www.nfl.com/image/private/f_auto,q_auto/league/ypyldro2efcy5jcrytft",11,WAS,0,0,0,0,0,0,0,0,0,0,0,0,,0,,,37,138,0,0,0,7,-7.22306289468543,0,42,58,378,0,1,0,101,337,16,-1.60983782672841,0,3.74257425742574,0.166666666666667,0.0386381025248661,0.277046671767406,0,51.6,93.6
2019,REG+POST,00-0030414,S.Ware,Spencer Ware,RB,RB,"https://static.www.nfl.com/image/private/f_auto,q_auto/league/qr04afpcu3fqpgxnws6t",3,KC,0,0,0,0,0,0,0,0,0,0,0,0,,0,,,17,51,0,0,0,3,-1.18488514819182,0,5,7,22,0,1,0,2,15,1,-2.10206679374096,0,11.0,0.0679611650485437,0.0025673940949935,0.103738923439311,0,7.3,12.3
2019,REG+POST,00-0030431,R.Woods,Robert Woods,WR,WR,"https://static.www.nfl.com/image/upload/f_auto,q_auto/league/ydjg5fylwkf5aaxiul6v",15,LA,0,0,0,0,0,0,0,0,0,0,0,0,,0,,,17,115,1,0,0,5,5.27338054130087,0,90,139,1134,2,0,0,1169,576,54,22.6524444830296,0,0.970059880239521,0.233221476510067,0.250858369098712,0.525433073134199,0,142.9,232.9
2019,REG+POST,00-0030443,L.Toilolo,Levine Toilolo,TE,TE,"https://static.www.nfl.com/image/private/f_auto,q_auto/league/w6qnlfw0cuxest48srd0",2,SF,0,0,0,0,0,0,0,0,0,0,0,0,,0,,,0,0,0,0,0,0,,0,2,2,10,0,0,0,-3,13,0,0.277028206910472,0,0.0,0.0392156862745098,-0.0100671140939597,0.0517765495459929,0,1.0,3.0
2019,REG+POST,00-0030456,G.Bernard,Giovani Bernard,RB,RB,"https://static.www.nfl.com/image/private/f_auto,q_auto/league/guht9y14gftgsugb87xz",16,CIN,0,0,0,0,0,0,0,0,0,0,0,0,,0,,,53,170,0,0,0,10,-15.4636021244993,0,30,43,234,0,2,1,6,220,7,-13.6214152577444,0,39.0,0.0730050933786078,0.0012972972972973,0.11041574817602,0,38.4,68.4
2019,REG+POST,00-0030465,K.Barner,Kenjon Barner,RB,RB,"https://static.www.nfl.com/image/private/f_auto,q_auto/league/n8hvbyw7vdlj7svjwqg4",8,ATL,1,1,3,0,0,0,0,0,0,-4,7,0,-0.148107750341296,0,0.0,,4,28,0,0,0,1,1.00022947689286,0,6,8,22,0,0,0,-3,27,1,-2.43901284987805,0,-7.33333333333333,0.0390243902439024,-0.0021613832853025,0.0570236170661418,1,11.12,17.12
2019,REG+POST,00-0030470,V.McDonald,Vance McDonald,TE,TE,"https://static.www.nfl.com/image/private/f_auto,q_auto/league/apafzol1dcqu56cqotv9",14,PIT,0,0,0,0,0,0,0,0,0,0,0,0,,0,,,1,2,0,0,0,0,-0.795680686365813,0,38,55,273,3,1,0,278,172,12,-11.380181262409,0,0.982014388489209,0.13126491646778,0.0850152905198777,0.256408078065585,0,45.5,83.5
2019,REG+POST,00-0030496,L.Bell,Le'Veon Bell,RB,RB,"https://static.www.nfl.com/image/private/f_auto,q_auto/league/sm3ij3pcby5ciqwaaqa1",15,NYJ,0,0,0,0,0,0,0,0,0,0,0,0,,0,,,245,789,3,0,0,36,-46.7537277789213,0,66,78,461,1,1,1,43,440,20,-4.48237445475284,1,10.7209302325581,0.170678336980306,0.0118294360385144,0.26429811069742,0,149.0,215.0
2019,REG+POST,00-0030506,T.Kelce,Travis Kelce,TE,TE,"https://static.www.nfl.com/image/upload/f_auto,q_auto/league/ilk4qbxxs6mt3v9zfvtg",19,KC,0,0,0,0,0,0,0,0,0,0,0,0,,0,,,2,6,1,0,0,2,3.32502527756151,0,116,158,1436,9,1,1,1370,494,78,84.5186568626155,0,1.04817518248175,0.237951807228916,0.248819469669452,0.53110133961199,0,202.2,318.2
2019,REG+POST,00-0030513,L.Murray,Latavius Murray,RB,RB,"https://static.www.nfl.com/image/private/f_auto,q_auto/league/zepm7ghltyeqydn0qxcg",17,NO,0,0,0,0,0,0,0,0,0,0,0,0,,0,,,151,658,5,0,0,39,-3.74322637589648,0,35,45,239,1,0,0,-60,295,10,-0.133764917876391,0,-3.98333333333333,0.0903614457831325,-0.0182370820668693,0.12277621122789,0,125.7,160.7
2019,REG+POST,00-0030520,M.Glennon,Mike Glennon,QB,QB,"https://static.www.nfl.com/image/private/f_auto,q_auto/league/mubobrjbeudtezxv0t0p",2,LV,6,10,56,1,0,0,0,1,0,112,18,3,1.04643549217144,0,0.5,0.075514312594243,2,0,0,2,1,0,-0.862523504067212,0,0,0,0,0,0,0,0,0,0,,0,,,,,0,4.24,4.24
2019,REG+POST,00-0030525,T.Austin,Tavon Austin,WR,WR,"https://static.www.nfl.com/image/private/f_auto,q_auto/league/ulagxqgjnrft4wub0gus",13,DAL,0,0,0,0,0,0,0,0,0,0,0,0,,0,,,6,47,1,1,0,2,2.83798065566225,0,13,24,177,1,0,0,299,85,8,4.45657689634053,0,0.591973244147157,0.0547945205479452,0.0775213896810993,0.136456753598687,0,34.4,47.4
2019,REG+POST,00-0030533,M.Barkley,Matt Barkley,QB,QB,"https://static.www.nfl.com/image/private/f_auto,q_auto/league/ejvscebj0ufugx5vrouq",2,BUF,27,51,359,0,3,2,10,2,1,403,156,15,-10.3701373735957,0,0.890818858560794,-0.0480633681778115,2,-4,0,1,0,0,-2.4658190527698,0,0,0,0,0,0,0,0,0,0,,0,,,,,0,5.96,5.96
2019,REG+POST,00-0030549,T.Eifert,Tyler Eifert,TE,TE,"https://static.www.nfl.com/image/private/f_auto,q_auto/league/sextvbehmeu7ydutxtsu",16,CIN,0,0,0,0,0,0,0,0,0,0,0,0,,0,,,0,0,0,0,0,0,,0,43,63,436,3,0,0,521,112,24,23.195687816041,1,0.836852207293666,0.106960950764007,0.107689127738735,0.235823815563125,0,63.6,106.6
2019,REG+POST,00-0030564,D.Hopkins,DeAndre Hopkins,WR,WR,"https://static.www.nfl.com/image/upload/f_auto,q_auto/league/viymeohipdn0voptrkzh",17,HOU,1,2,6,1,1,0,0,0,0,9,6,1,-5.57848233851837,0,0.666666666666667,,2,18,0,0,0,2,1.97609880712116,0,119,172,1373,7,2,1,1790,415,77,59.431189874924,2,0.767039106145251,0.306595365418895,0.367707477403451,0.717288282310758,0,185.34,304.34
2019,REG+POST,00-0030578,C.Patterson,Cordarrelle Patterson,RB,RB,"https://static.www.nfl.com/image/upload/f_auto,q_auto/league/jktdrwmujfuqp94csnav",12,CHI,0,0,0,0,0,0,0,0,0,0,0,0,,0,,,17,103,0,0,0,4,0.304184634878766,0,11,17,83,0,0,0,84,72,3,-1.28299479507305,0,0.988095238095238,0.0519877675840979,0.0336808340016039,0.10155823517727,1,24.6,35.6
2019,REG+POST,00-0030663,W.Snead,Willie Snead,WR,WR,"https://static.www.nfl.com/image/private/f_auto,q_auto/league/fr5xckiwhguuaishnbju",17,BAL,0,0,0,0,0,0,0,0,0,0,0,0,,0,,,2,2,0,0,0,0,-1.41796026338125,0,37,54,395,5,0,0,465,137,23,16.679001698689,0,0.849462365591398,0.113207547169811,0.107663811067377,0.245175988501881,0,69.7,106.7
2019,REG+POST,00-0030669,A.Wilson,Albert Wilson,WR,WR,"https://static.www.nfl.com/image/private/f_auto,q_auto/league/slythouwdcrug0poiios",13,MIA,1,2,20,0,0,1,10,0,0,20,23,1,-0.818087985389866,0,1.0,,5,45,0,0,0,1,2.08601699321298,0,43,62,351,1,0,0,327,179,22,4.94190277013695,0,1.07339449541284,0.123505976095618,0.0818728092138207,0.242569930593101,0,46.4,89.4
2019,REG+POST,00-0030670,B.Fowler,Bennie Fowler,WR,WR,"https://static.www.nfl.com/image/private/f_auto,q_auto/league/nfcmdcfhjf347rw1cstq",8,NYG,0,0,0,0,0,0,0,0,0,0,0,0,,0,,,1,20,0,0,0,1,1.38900391152129,0,23,36,193,0,0,0,370,29,12,3.65002899301094,1,0.521621621621622,0.116504854368932,0.168641750227894,0.292806506712924,0,23.3,46.3
2019,REG+POST,00-0030710,T.Burton,Trey Burton,TE,TE,"https://static.www.nfl.com/image/private/f_auto,q_auto/league/vt2ce0szit4ozyh5s5iw",8,CHI,0,0,0,0,0,0,0,0,0,0,0,0,,0,,,0,0,0,0,0,0,,0,14,24,84,0,0,0,120,36,5,-8.62811841790111,0,0.7,0.0963855421686747,0.0648999459167117,0.19000827539471,0,8.4,22.4
2019,REG+POST,00-0030741,R.Nix,Roosevelt Nix,FB,RB,"https://static.www.nfl.com/image/private/f_auto,q_auto/league/ibpity8hbzwonppqziyb",2,PIT,0,0,0,0,0,0,0,0,0,0,0,0,,0,,,0,0,0,0,0,0,,0,2,3,4,0,0,0,2,9,0,-1.67419164360035,0,2.0,0.0428571428571429,0.0029940119760479,0.0663815226689478,0,0.4,2.4
2019,REG+POST,00-0030821,A.Hurns,Allen Hurns,WR,WR,"https://static.www.nfl.com/image/private/f_auto,q_auto/league/ficrwzwu4bfswpzu61fv",14,MIA,0,0,0,0,0,0,0,0,0,0,0,0,,0,,,0,0,0,0,0,0,,0,32,47,416,2,1,1,507,96,18,17.3333412002197,0,0.82051282051282,0.087360594795539,0.112391930835735,0.209715243778323,0,51.6,83.6
2019,REG+POST,00-0030874,D.Williams,Damien Williams,RB,RB,"https://static.www.nfl.com/image/private/f_auto,q_auto/league/ga4vusnfwfvhp2ksqw7x",14,KC,0,0,0,0,0,0,0,0,0,0,0,0,,0,,,157,694,9,2,1,39,-8.05807941891887,0,41,57,307,4,0,0,67,306,15,5.57029329159804,0,4.58208955223881,0.125274725274725,0.0190557451649602,0.20125110952756,0,176.1,217.1
2019,REG+POST,00-0030968,K.Smith,Keith Smith,FB,RB,"https://static.www.nfl.com/image/private/f_auto,q_auto/league/jolwasweebgk37nkl7ia",6,ATL,0,0,0,0,0,0,0,0,0,0,0,0,,0,,,5,8,0,0,0,4,-2.16711184132146,0,1,3,13,0,0,0,21,13,1,-0.399457864463329,0,0.619047619047619,0.024390243902439,0.0347682119205298,0.0609231141980294,0,2.1,3.1
2019,REG+POST,00-0031023,Q.Enunwa,Quincy Enunwa,WR,WR,"https://static.www.nfl.com/image/private/f_auto,q_auto/league/vsd27gfxzjt7v7izbjet",1,NYJ,0,0,0,0,0,0,0,0,0,0,0,0,,0,,,0,0,0,0,0,0,,0,1,3,-4,0,1,1,35,-4,0,-0.631674740114249,0,-0.114285714285714,0.0731707317073171,0.15695067264574,0.219621568412994,0,-2.4,-1.4
2019,REG+POST,00-0031035,X.Grimble,Xavier Grimble,TE,TE,"https://static.www.nfl.com/image/private/f_auto,q_auto/league/crjwhcfk4bt6dqojjppj",2,PIT,0,0,0,0,0,0,0,0,0,0,0,0,,0,,,0,0,0,0,0,0,,0,1,3,3,0,0,0,9,2,0,-1.78287690028083,0,0.333333333333333,0.05,0.0215827338129496,0.0901079136690648,0,0.3,1.3
2019,REG+POST,00-0031045,C.Hyde,Carlos Hyde,RB,RB,"https://static.www.nfl.com/image/private/f_auto,q_auto/league/qpmv42ldpkpdf1gpgeua",18,HOU,0,0,0,0,0,0,0,0,0,0,0,0,,0,,,274,1162,6,4,2,58,-20.8157616638928,0,14,21,65,1,0,0,34,71,4,-15.676166367135,0,1.91176470588235,0.0503597122302158,0.0149779735682819,0.0860241498431211,0,160.7,174.7
2019,REG+POST,00-0031051,J.Brown,John Brown,WR,WR,"https://static.www.nfl.com/image/private/f_auto,q_auto/league/xwyc2a0qfdxbbct6lso6",16,BUF,2,2,44,2,0,0,0,0,0,33,11,2,5.54264928377233,0,1.33333333333333,,2,7,0,0,0,0,-0.679464720247779,0,76,123,1110,6,0,0,1776,223,55,51.8226956444756,0,0.625,0.251533742331288,0.385082393755421,0.646858289125727,0,157.46,233.46
2019,REG+POST,00-0031060,D.Thomas,De'Anthony Thomas,WR,WR,"https://static.www.nfl.com/image/private/f_auto,q_auto/league/ubevvtu8f1snobsxnnwl",3,BAL,0,0,0,0,0,0,0,0,0,0,0,0,,0,,,2,5,0,0,0,1,0.0470784467179328,0,1,2,6,0,0,0,-1,3,0,-0.247660063789226,0,0.0,0.0253164556962025,-0.0011025358324145,0.0372029084616136,0,1.1,2.1
2019,REG+POST,00-0031062,J.White,James White,RB,RB,"https://static.www.nfl.com/image/private/f_auto,q_auto/league/z1nnkmnstccnqya5d5ee",16,NE,1,1,35,0,0,0,0,0,0,8,27,1,2.00019400386373,0,4.375,,68,277,1,0,0,16,-14.3699574723349,1,77,100,707,5,0,0,222,594,33,27.6621565435052,0,3.18468468468469,0.172711571675302,0.04924578527063,0.293539407202394,0,137.8,214.8
2019,REG+POST,00-0031068,R.Grant,Ryan Grant,WR,WR,"https://static.www.nfl.com/image/private/f_auto,q_auto/league/im7fnk7uti759btkrdok",2,LV,0,0,0,0,0,0,0,0,0,0,0,0,,0,,,0,0,0,0,0,0,,0,4,9,14,0,0,0,35,5,1,-8.12001113250153,0,0.4,0.142857142857143,0.0770925110132159,0.268250471994965,0,1.4,5.4
2019,REG+POST,00-0031076,D.Fales,David Fales,QB,QB,"https://static.www.nfl.com/image/private/f_auto,q_auto/league/izwtweargevmjanrafe3",1,NYJ,0,0,0,0,0,1,7,0,0,0,0,0,-0.842042427510023,0,,,0,0,0,0,0,0,,0,0,0,0,0,0,0,0,0,0,,0,,,,,0,0.0,0.0
2019,REG+POST,00-0031166,S.Roberts,Seth Roberts,WR,WR,"https://static.www.nfl.com/image/private/f_auto,q_auto/league/wcralkq5mcdpsmjvkatl",15,BAL,0,0,0,0,0,0,0,0,0,0,0,0,,0,,,0,0,0,0,0,0,,0,23,39,301,2,0,0,393,73,19,14.4894704641391,0,0.765903307888041,0.0926365795724466,0.105192719486081,0.212589772998927,0,42.1,65.1
2019,REG+POST,00-0031167,S.Simonson,Scott Simonson,TE,TE,"https://static.www.nfl.com/image/private/f_auto,q_auto/league/cocieog4hemdjlipo1qh",2,NYG,0,0,0,0,0,0,0,0,0,0,0,0,,0,,,0,0,0,0,0,0,,0,2,2,11,0,0,0,8,3,1,1.04996715346351,0,1.375,0.0317460317460317,0.0158102766798419,0.0586862412949369,0,1.1,3.1
2019,REG+POST,00-0031189,T.Jones,T.J. Jones,WR,WR,"https://static.www.nfl.com/image/private/f_auto,q_auto/league/fqv9h42uxtxjl7jjs2dt",1,NYG,0,0,0,0,0,0,0,0,0,0,0,0,,0,,,0,0,0,0,0,0,,0,3,4,38,1,0,0,30,23,2,-1.69725665566511,0,1.26666666666667,0.0909090909090909,0.0835654596100279,0.194859458090656,0,9.8,12.8
2019,REG+POST,00-0031209,S.Perry,Senorise Perry,RB,RB,"https://static.www.nfl.com/image/private/f_auto,q_auto/league/oswxcmdccm8me6v2n6ao",1,BUF,0,0,0,0,0,0,0,0,0,0,0,0,,0,,,3,3,0,0,0,0,-2.18013530160533,0,1,1,1,0,0,0,-1,2,0,-0.838962599404354,0,-1.0,0.0256410256410256,-0.0032679738562091,0.0361739567621921,0,0.4,1.4
2019,REG+POST,00-0031228,T.Gabriel,Taylor Gabriel,WR,WR,"https://static.www.nfl.com/image/private/f_auto,q_auto/league/nc4aoax8j5mnnrjewu7p",9,CHI,0,0,0,0,0,0,0,0,0,0,0,0,,0,,,3,20,0,0,0,1,1.09392750810366,0,29,48,353,4,0,0,556,79,17,13.5363926482969,0,0.634892086330935,0.151898734177215,0.22374245472837,0.384467819575682,0,61.3,90.3
2019,REG+POST,00-0031235,O.Beckham,Odell Beckham,WR,WR,"https://static.www.nfl.com/image/upload/f_auto,q_auto/league/ffmalg3wr7lwnsz59i7v",16,CLE,1,2,20,0,0,0,0,0,0,65,5,1,0.902924921829253,0,0.307692307692308,,3,10,0,0,0,1,-0.654025713622104,0,75,134,1091,5,0,0,1744,364,45,8.31530425307275,0,0.625573394495413,0.258687258687259,0.390768541339906,0.661568866968822,0,140.9,215.9
2019,REG+POST,00-0031236,B.Cooks,Brandin Cooks,WR,WR,"https://static.www.nfl.com/image/upload/f_auto,q_auto/league/pjoksfxpbba4hevwpuop",14,LA,0,0,0,0,0,0,0,0,0,0,0,0,,0,,,6,52,0,0,0,3,2.28017098351847,0,42,72,583,2,0,0,1004,169,32,18.5561506017941,0,0.580677290836653,0.129963898916968,0.23016964695094,0.356064601241109,0,75.5,117.5
2019,REG+POST,00-0031237,T.Bridgewater,Teddy Bridgewater,QB,QB,"https://static.www.nfl.com/image/private/f_auto,q_auto/league/q5p8afhezmpvc1xbwibf",9,NO,133,196,1384,9,2,12,89,1,0,1212,748,67,23.955843702644,0,1.14191419141914,0.0779939860769122,28,31,0,0,0,4,-16.3941019233227,0,0,0,0,0,0,0,0,0,0,,0,,,,,0,90.46,90.46
2019,REG+POST,00-0031257,P.Richardson,Paul Richardson,WR,WR,"https://static.www.nfl.com/image/private/f_auto,q_auto/league/jxsldwomavxfbs7gueqt",10,WAS,0,0,0,0,0,0,0,0,0,0,0,0,,0,,,1,0,0,0,0,0,-0.580190670676529,0,28,42,245,2,0,0,403,50,13,4.94714833282362,0,0.607940446650124,0.148409893992933,0.188141923436041,0.354314187394628,0,36.5,64.5
2019,REG+POST,00-0031260,L.Thomas,Logan Thomas,TE,TE,"https://static.www.nfl.com/image/private/f_auto,q_auto/league/acm0ymhqdzqxdibwjphv",13,DET,0,0,0,0,0,0,0,0,0,0,0,0,,0,,,0,0,0,0,0,0,,0,16,28,173,1,0,0,214,77,10,-1.16224875469925,0,0.808411214953271,0.0654205607476636,0.0531017369727047,0.135302057002389,0,23.3,39.3
2019,REG+POST,00-0031273,C.Brate,Cameron Brate,TE,TE,"https://static.www.nfl.com/image/private/f_auto,q_auto/league/jhioqec65qy4z7s6w9a6",14,TB,0,0,0,0,0,0,0,0,0,0,0,0,,0,,,0,0,0,0,0,0,,0,36,55,311,4,0,0,385,90,21,3.95233318317499,0,0.807792207792208,0.10597302504817,0.0699237195786415,0.207906141277303,0,55.1,91.1
2019,REG+POST,00-0031280,D.Carr,Derek Carr,QB,QB,"https://static.www.nfl.com/image/upload/f_auto,q_auto/league/qsz1pyrlu6bmvby6maaf",16,LV,361,513,4054,21,8,29,184,1,0,3355,2135,191,99.122899199962,0,1.20834575260805,0.141922218943701,27,82,2,6,2,7,-11.066465667187,0,0,0,0,0,0,0,0,0,0,,0,,,,,0,246.36,246.36
2019,REG+POST,00-0031285,D.Freeman,Devonta Freeman,RB,RB,"https://static.www.nfl.com/image/private/f_auto,q_auto/league/vjhvfwypu1byxfo2uvki",14,ATL,0,0,0,0,0,0,0,0,0,0,0,0,,0,,,184,656,2,2,1,31,-41.3000765124743,0,59,70,410,4,1,1,79,344,17,-5.16570967470986,0,5.18987341772152,0.122591943957968,0.0171926006528836,0.195922736393971,0,138.6,197.6
2019,REG+POST,00-0031288,A.McCarron,AJ McCarron,QB,QB,"https://static.www.nfl.com/image/private/f_auto,q_auto/league/fvakqnmsg35llkcme11h",2,HOU,21,37,225,0,1,5,43,0,0,313,130,11,-8.24808175206999,0,0.718849840255591,-0.009851940750089,5,39,1,0,0,3,0.599034865503199,0,0,0,0,0,0,0,0,0,0,,0,,,,,0,16.9,16.9
2019,REG+POST,00-0031299,J.Matthews,Jordan Matthews,TE,TE,"https://static.www.nfl.com/image/upload/f_auto,q_auto/league/b9rddikwsnwmfh9girgn",2,PHI,0,0,0,0,0,0,0,0,0,0,0,0,,0,,,0,0,0,0,0,0,,0,4,12,33,0,0,0,175,7,1,-8.29453269153588,0,0.188571428571429,0.144578313253012,0.275590551181102,0.40978085570629,0,3.3,7.3
2019,REG+POST,00-0031319,D.Spencer,Diontae Spencer,WR,WR,"https://static.www.nfl.com/image/private/f_auto,q_auto/league/lf3axvxomg2ktozc1rei",7,DEN,0,0,0,0,0,0,0,0,0,0,0,0,,0,,,3,6,0,0,0,0,-0.801819444575813,0,6,8,31,0,1,1,49,33,1,-2.53845756343799,0,0.63265306122449,0.0575539568345324,0.0633893919793014,0.13070350963731,0,1.7,7.7
2019,REG+POST,00-0031325,S.Watkins,Sammy Watkins,WR,WR,"https://static.www.nfl.com/image/private/f_auto,q_auto/league/nkqk4ac4uncxocqlgp2k",16,KC,0,0,0,0,0,1,5,0,0,0,0,0,-0.870341709116474,0,,,3,26,0,0,0,2,0.823396500665695,0,66,108,961,4,2,1,1090,377,42,37.5825621262214,1,0.881651376146789,0.191829484902309,0.23773173391494,0.454156441093922,0,122.7,188.7
2019,REG+POST,00-0031339,D.Moncrief,Donte Moncrief,WR,WR,"https://static.www.nfl.com/image/private/f_auto,q_auto/league/iippulnxfyjgrlj2p5qw",4,PIT,0,0,0,0,0,0,0,0,0,0,0,0,,0,,,0,0,0,0,0,0,,0,4,15,18,0,0,0,202,3,1,-15.651088900425,0,0.0891089108910891,0.110294117647059,0.155265180630284,0.274126802911787,0,1.8,5.8
2019,REG+POST,00-0031344,C.Latimer,Cody Latimer,WR,WR,"https://static.www.nfl.com/image/private/f_auto,q_auto/league/whgchcrp9pqx0waocewu",13,NYG,0,0,0,0,0,0,0,0,0,0,0,0,,0,,,0,0,0,0,0,0,,0,24,42,300,2,0,0,497,69,19,4.30160551160225,0,0.603621730382294,0.0853658536585366,0.126174155877126,0.216370689601793,0,42.0,66.0
2019,REG+POST,00-0031345,J.Garoppolo,Jimmy Garoppolo,QB,QB,"https://static.www.nfl.com/image/upload/f_auto,q_auto/league/lbyjizqecoq4onrgectw",19,SF,366,534,4405,29,16,40,263,5,4,3552,2372,218,82.5630055399158,2,1.2401463963964,0.125625495573809,56,63,1,5,1,15,-14.3584697125935,0,0,0,0,0,0,0,0,0,0,,0,,,,,0,266.5,266.5
2019,REG+POST,00-0031363,M.Palardy,Michael Palardy,P,SPEC,"https://static.www.nfl.com/image/private/f_auto,q_auto/league/hoxfeahxcb9sbz83nose",1,CAR,1,1,12,0,0,0,0,0,0,10,2,1,3.80444359045941,0,1.2,,0,0,0,0,0,0,,0,0,0,0,0,0,0,0,0,0,,0,,,,,0,0.48,0.48
2019,REG+POST,00-0031381,D.Adams,Davante Adams,WR,WR,"https://static.www.nfl.com/image/upload/f_auto,q_auto/league/jweoujpjv9u2a8k7wnos",14,GB,0,0,0,0,0,0,0,0,0,0,0,0,,0,,,0,0,0,0,0,0,,0,100,149,1295,7,2,1,1536,504,67,67.5211646326019,1,0.843098958333333,0.315677966101695,0.364326375711575,0.728545412150645,0,171.5,271.5
2019,REG+POST,00-0031382,J.Landry,Jarvis Landry,WR,WR,"https://static.www.nfl.com/image/private/f_auto,q_auto/league/w2q9uwsjvgadwyvnvopb",16,CLE,0,0,0,0,0,0,0,0,0,0,0,0,,0,,,1,10,0,0,0,1,0.676480937516317,0,83,138,1174,6,0,0,1343,436,55,22.0778068241272,0,0.874162323157111,0.266409266409266,0.300918664575398,0.610256964816678,0,154.4,237.4
2019,REG+POST,00-0031387,E.Ebron,Eric Ebron,TE,TE,"https://static.www.nfl.com/image/private/f_auto,q_auto/league/uaxsxymncppase7ihczd",11,IND,0,0,0,0,0,0,0,0,0,0,0,0,,0,,,0,0,0,0,0,0,,0,31,52,375,3,0,0,495,155,20,-2.88438759436264,0,0.757575757575758,0.155223880597015,0.197841726618705,0.371325029528616,0,55.5,86.5
2019,REG+POST,00-0031395,G.Gilbert,Garrett Gilbert,QB,QB,"https://static.www.nfl.com/image/private/f_auto,q_auto/league/tqn0pjemxn7hoze93kwa",5,CLE,0,3,0,0,0,0,0,0,0,47,0,0,-1.05987933269353,0,0.0,,3,-3,0,0,0,0,-2.71273591901991,0,0,0,0,0,0,0,0,0,0,,0,,,,,0,-0.3,-0.3
2019,REG+POST,00-0031407,B.Bortles,Blake Bortles,QB,QB,"https://static.www.nfl.com/image/private/f_auto,q_auto/league/jvoui3bptgsfvgkz5e1b",2,LA,1,2,3,0,0,0,0,0,0,-3,6,0,-1.42863588384353,0,0.0,,2,-9,0,0,0,0,-1.59970960434293,0,0,0,0,0,0,0,0,0,0,,0,,,,,0,-0.78,-0.78
2019,REG+POST,00-0031408,M.Evans,Mike Evans,WR,WR,"https://static.www.nfl.com/image/upload/f_auto,q_auto/league/vfsaie1uiokfczwv9p4d",13,TB,0,0,0,0,0,0,0,0,0,0,0,0,,0,,,0,0,0,0,0,0,,0,67,118,1157,8,0,0,1777,261,54,27.7073083301361,1,0.651097355092853,0.237903225806452,0.351116380162023,0.602636304823094,0,165.7,232.7
2019,REG+POST,00-0031428,A.Robinson,Allen Robinson,WR,WR,"https://static.www.nfl.com/image/upload/f_auto,q_auto/league/fyukft9lraurbsq0laom",16,CHI,0,0,0,0,0,0,0,0,0,0,0,0,,0,,,1,2,0,0,0,0,-0.580108547816053,0,98,154,1147,7,0,0,1702,272,63,41.1679878319806,0,0.673913043478261,0.27208480565371,0.389206494397439,0.680571754558773,0,156.9,254.9
2019,REG+POST,00-0031431,M.Lee,Marqise Lee,WR,WR,"https://static.www.nfl.com/image/private/f_auto,q_auto/league/drsesqqzwhkilsx51j4i",4,JAX,0,0,0,0,0,0,0,0,0,0,0,0,,0,,,1,1,0,0,0,0,-0.494494587881491,0,3,4,18,0,0,0,18,5,2,0.44883947703056,0,1.0,0.0380952380952381,0.0189873417721519,0.0704339963833635,0,1.9,4.9
2019,REG+POST,00-0031484,C.Manhertz,Chris Manhertz,TE,TE,"https://static.www.nfl.com/image/upload/f_auto,q_auto/league/edzj1uojuh7octginx1e",1,CAR,0,0,0,0,0,0,0,0,0,0,0,0,,0,,,0,0,0,0,0,0,,0,1,1,11,0,0,0,2,9,1,0.788325236062519,0,5.5,0.025,0.0054794520547945,0.0413356164383562,0,1.1,2.1
2019,REG+POST,00-0031502,J.Berry,Jordan Berry,P,SPEC,"https://static.www.nfl.com/image/private/f_auto,q_auto/league/rltqupvbxjui0kyat1fb",2,PIT,0,0,0,0,0,0,0,0,0,0,0,0,,0,,,2,-8,0,2,1,0,-9.42036419420037,0,0,0,0,0,0,0,0,0,0,,0,,,,,0,-2.8,-2.8
2019,REG+POST,00-0031503,J.Winston,Jameis Winston,QB,QB,"https://static.www.nfl.com/image/upload/f_auto,q_auto/league/chdeosreuupotgq0eqlm",16,TB,380,626,5109,33,30,47,282,9,4,6481,1885,243,42.8871508515259,2,0.788304274031785,0.0983819373292686,59,250,1,3,1,18,5.38671425408036,2,0,0,0,0,0,0,0,0,0,,0,,,,,0,305.36,305.36
2019,REG+POST,00-0031511,D.White,DeAndrew White,WR,WR,"https://static.www.nfl.com/image/private/f_auto,q_auto/league/lqmfu6qd0olpnvocajbh",3,CAR,0,0,0,0,0,0,0,0,0,0,0,0,,0,,,0,0,0,0,0,0,,0,4,9,51,0,0,0,133,28,3,-3.47097419289639,0,0.383458646616541,0.0703125,0.125471698113208,0.193298938679245,0,5.1,9.1
2019,REG+POST,00-0031544,A.Cooper,Amari Cooper,WR,WR,"https://static.www.nfl.com/image/upload/f_auto,q_auto/league/zmtzqznqui37unmo5xv9",16,DAL,0,0,0,0,0,0,0,0,0,0,0,0,,0,,,1,6,0,0,0,0,0.240294087561779,0,79,119,1189,8,0,0,1523,240,54,52.4648291969041,0,0.78069599474721,0.206597222222222,0.284513356996077,0.509055183230587,0,167.5,246.5
2019,REG+POST,00-0031547,D.Parker,DeVante Parker,WR,WR,"https://static.www.nfl.com/image/private/f_auto,q_auto/league/beuyfjou6kckaoqqpa96",16,MIA,0,0,0,0,0,0,0,0,0,0,0,0,,0,,,0,0,0,0,0,0,,0,72,128,1202,9,0,0,1798,263,58,57.7421847820929,0,0.668520578420467,0.211221122112211,0.33100147275405,0.548532714096152,0,174.2,246.2
2019,REG+POST,00-0031549,N.Agholor,Nelson Agholor,WR,WR,"https://static.www.nfl.com/image/upload/f_auto,q_auto/league/wyxfkarcjgqdz3pl8nnr",11,PHI,0,0,0,0,0,0,0,0,0,0,0,0,,0,,,2,7,0,0,0,1,-0.406917184591293,0,39,69,363,3,2,1,764,132,17,-4.51181909471045,1,0.475130890052356,0.177377892030848,0.218410520297313,0.418954202254391,0,55.0,94.0
2019,REG+POST,00-0031558,M.Williams,Maxx Williams,TE,TE,"https://static.www.nfl.com/image/private/f_auto,q_auto/league/p0j7ax3rqhrzn5nvmc06",13,ARI,0,0,0,0,0,0,0,0,0,0,0,0,,0,,,0,0,0,0,0,0,,0,15,19,202,1,0,0,137,104,11,4.20401622657664,0,1.47445255474453,0.0454545454545455,0.0413647342995169,0.09713713219148,0,26.2,41.2
2019,REG+POST,00-0031570,J.Hardy,Justin Hardy,WR,WR,"https://static.www.nfl.com/image/private/f_auto,q_auto/league/bf30pn7pqvdiof0zb6a0",11,ATL,0,0,0,0,0,0,0,0,0,0,0,0,,0,,,0,0,0,0,0,0,,0,19,26,195,0,0,0,199,81,9,4.372209376853,0,0.979899497487437,0.058165548098434,0.0544608648056924,0.125370927511636,0,19.5,38.5
2019,REG+POST,00-0031577,J.Allen,Javorius Allen,RB,RB,"https://static.www.nfl.com/image/private/f_auto,q_auto/league/jguqo1kwlkfamf537de0",3,NYG,0,0,0,0,0,0,0,0,0,0,0,0,,0,,,10,36,1,0,0,3,0.850782513211016,0,1,2,9,0,0,0,11,4,0,-0.74952915663016,0,0.818181818181818,0.0425531914893617,0.0211132437619962,0.0786090578674399,0,10.5,11.5
2019,REG+POST,00-0031585,M.Pruitt,MyCole Pruitt,TE,TE,"https://static.www.nfl.com/image/upload/f_auto,q_auto/league/jazo8egu5luwyxxcpjh8",9,TEN,0,0,0,0,0,0,0,0,0,0,0,0,,0,,,0,0,0,0,0,0,,0,10,12,118,1,0,0,37,86,5,7.11675244077924,0,3.18918918918919,0.0574162679425837,0.0199568500539374,0.100094196951632,0,17.8,27.8
2019,REG+POST,00-0031588,S.Diggs,Stefon Diggs,WR,WR,"https://static.www.nfl.com/image/upload/f_auto,q_auto/league/to2qwuffjnjlouctglsl",17,MIN,0,1,0,0,0,1,6,0,0,12,0,0,-3.33914359525079,0,0.0,,7,69,0,0,0,3,4.51601953140926,0,67,102,1206,7,4,3,1527,334,45,49.4454512595046,0,0.789783889980354,0.211618257261411,0.415849673202614,0.608522157133946,0,163.5,230.5
2019,REG+POST,00-0031589,B.Hundley,Brett Hundley,QB,QB,"https://static.www.nfl.com/image/private/f_auto,q_auto/league/lgplktjykzjrnjsn9x8y",3,ARI,5,11,49,0,0,2,11,0,0,114,34,2,-3.36605330555214,0,0.429824561403509,-0.0057878151545562,7,41,0,0,0,3,1.84686821856303,0,0,0,0,0,0,0,0,0,0,,0,,,,,0,6.06,6.06
2019,REG+POST,00-0031590,J.Ajayi,Jay Ajayi,RB,RB,"https://static.www.nfl.com/image/private/f_auto,q_auto/league/bt0drbhvsjykf2xxvskx",3,PHI,0,0,0,0,0,0,0,0,0,0,0,0,,0,,,10,30,0,0,0,3,-1.93145007704152,0,0,1,0,0,0,0,1,0,0,-0.83411192568019,0,0.0,0.02,0.0031847133757961,0.0322292993630573,0,3.0,3.0
2019,REG+POST,00-0031595,M.Burton,Michael Burton,FB,RB,"https://static.www.nfl.com/image/upload/f_auto,q_auto/league/edfaq7s9wuzedbfcarrp",1,WAS,0,0,0,0,0,0,0,0,0,0,0,0,,0,,,0,0,0,0,0,0,,0,0,1,0,0,0,0,-2,0,0,-0.311144538180088,0,0.0,0.03125,-0.0093896713615023,0.0403022300469484,0,0.0,0.0
2019,REG+POST,00-0031597,T.Smith,Tye Smith,CB,DB,"https://static.www.nfl.com/image/private/f_auto,q_auto/league/zxyfhiakgitv3ultu7ug",1,TEN,0,0,0,0,0,0,0,0,0,0,0,0,,0,,,0,0,0,0,0,0,,0,0,0,0,0,0,0,0,0,0,,0,,,,,1,6.0,6.0
2019,REG+POST,00-0031598,N.Boyle,Nick Boyle,TE,TE,"https://static.www.nfl.com/image/private/f_auto,q_auto/league/emqvoudb71kgmkfphmuw",16,BAL,0,0,0,0,0,0,0,0,0,0,0,0,,0,,,0,0,0,0,0,0,,0,31,45,321,2,0,0,299,160,13,12.0593997441587,0,1.07357859531773,0.0989010989010989,0.0732484076433121,0.199625533701967,0,44.1,75.1
2019,REG+POST,00-0031610,D.Waller,Darren Waller,TE,TE,"https://static.www.nfl.com/image/private/f_auto,q_auto/league/qqzht46a66zbi9xyylf4",16,LV,0,0,0,0,0,0,0,0,0,0,0,0,,0,,,2,5,0,0,0,0,-0.282494969957043,0,90,117,1145,3,1,1,848,578,53,46.5981944567498,0,1.3502358490566,0.238289205702648,0.257986005476118,0.538024012387254,0,131.0,221.0
2019,REG+POST,00-0031665,Z.Zenner,Zach Zenner,RB,RB,"https://static.www.nfl.com/image/private/f_auto,q_auto/league/deiznogchpv1vbrmyuax",3,ARI,0,0,0,0,0,0,0,0,0,0,0,0,,0,,,3,-2,0,0,0,0,-1.99495284747311,0,2,3,19,0,0,0,5,19,2,-0.232720782165416,0,3.8,0.0441176470588235,0.009009009009009,0.0724827768945416,0,1.7,3.7
2019,REG+POST,00-0031687,R.Mostert,Raheem Mostert,RB,RB,"https://static.www.nfl.com/image/upload/f_auto,q_auto/league/ayii5q2am51xeipp1h8v",18,SF,0,0,0,0,0,0,0,0,0,0,0,0,,0,,,190,1108,13,1,1,48,23.7286860252314,0,17,25,188,2,0,0,36,172,6,6.28165191983777,0,5.22222222222222,0.0679347826086957,0.0146460537021969,0.112154411504581,0,217.6,234.6
2019,REG+POST,00-0031690,E.Tomlinson,Eric Tomlinson,TE,TE,"https://static.www.nfl.com/image/upload/f_auto,q_auto/league/i2n4shhc4sprxbsbhfcy",1,NE,0,0,0,0,0,0,0,0,0,0,0,0,,0,,,0,0,0,0,0,0,,0,1,1,1,0,0,0,0,1,0,-0.500110578723252,0,0.0,0.0238095238095238,,,0,0.1,1.1
2019,REG+POST,00-0031744,M.LaCosse,Matt LaCosse,TE,TE,"https://static.www.nfl.com/image/private/f_auto,q_auto/league/yt2cjnrobixknkfi5vud",8,NE,0,0,0,0,0,0,0,0,0,0,0,0,,0,,,0,0,0,0,0,0,,0,13,19,131,1,0,0,134,46,6,0.523185730969999,0,0.977611940298507,0.0659722222222222,0.0574614065180103,0.139181317895941,0,19.1,32.1
2019,REG+POST,00-0031763,D.Carter,DeAndre Carter,WR,WR,"https://static.www.nfl.com/image/private/f_auto,q_auto/league/mh4cvggohuakwwhobzrk",7,HOU,0,0,0,0,0,0,0,0,0,0,0,0,,0,,,0,0,0,0,0,0,,0,13,17,184,0,0,0,175,61,7,7.86278470029356,0,1.05142857142857,0.0726495726495727,0.0940354648038689,0.174799184337067,0,18.4,31.4
2019,REG+POST,00-0031787,J.Kumerow,Jake Kumerow,WR,WR,"https://static.www.nfl.com/image/private/f_auto,q_auto/league/lrfqprrjgaeaicqsd0f9",13,GB,0,0,0,0,0,0,0,0,0,0,0,0,,0,,,0,0,0,0,0,0,,0,13,23,242,1,0,0,339,92,9,13.3798733748136,0,0.713864306784661,0.0525114155251142,0.0856493178372916,0.138721645773775,0,30.2,43.2
2019,REG+POST,00-0031806,M.Brown,Malcolm Brown,RB,RB,"https://static.www.nfl.com/image/private/f_auto,q_auto/league/zxnjheichwlnvvu5qdyl",13,LA,0,0,0,0,0,0,0,0,0,0,0,0,,0,,,69,255,5,0,0,16,-10.2439187692071,0,2,6,16,0,0,0,0,7,0,-12.3203987317393,0,0.0,0.0232558139534884,0.0,0.0348837209302326,0,57.1,59.1
2019,REG+POST,00-0031868,D.Byrd,Damiere Byrd,WR,WR,"https://static.www.nfl.com/image/private/f_auto,q_auto/league/cskulleqxehtrgkqsl3u",11,ARI,0,0,0,0,0,0,0,0,0,0,0,0,,0,,,0,0,0,0,0,0,,0,32,46,359,1,1,1,458,150,16,14.2520609790809,0,0.783842794759825,0.12568306010929,0.165942028985507,0.304684010453789,0,39.9,71.9
2019,REG+POST,00-0031934,D.Smith,Devin Smith,WR,WR,"https://static.www.nfl.com/image/private/f_auto,q_auto/league/sxvloat4tcr7e6eghply",3,DAL,0,0,0,0,0,0,0,0,0,0,0,0,,0,,,0,0,0,0,0,0,,0,5,9,113,1,0,0,179,32,4,7.64020574727329,0,0.631284916201117,0.1,0.20067264573991,0.290470852017937,0,17.3,22.3
2019,REG+POST,00-0031941,J.Crowder,Jamison Crowder,WR,WR,"https://static.www.nfl.com/image/upload/f_auto,q_auto/league/rfysbrjrvfdr72cx8who",16,NYJ,0,0,0,0,0,0,0,0,0,0,0,0,,0,,,1,4,0,0,0,0,-0.329190699150786,0,78,122,833,6,0,0,970,353,41,5.13715358082377,0,0.858762886597938,0.247967479674797,0.240635078144381,0.540395774213262,0,119.7,197.7
2019,REG+POST,00-0031951,J.O'Shaughnessy,James O'Shaughnessy,TE,TE,"https://static.www.nfl.com/image/private/f_auto,q_auto/league/sz5g57zhnshipkpw39sz",5,JAX,0,0,0,0,0,0,0,0,0,0,0,0,,0,,,0,0,0,0,0,0,,0,14,20,153,2,0,0,121,81,7,7.41110339519022,0,1.26446280991736,0.119047619047619,0.0881924198250729,0.24030612244898,0,27.3,41.3
2019,REG+POST,00-0031953,G.Davis,Geremy Davis,WR,WR,"https://static.www.nfl.com/image/private/f_auto,q_auto/league/q0pogtzy8q737pqb7zr2",2,LAC,0,0,0,0,0,0,0,0,0,0,0,0,,0,,,0,0,0,0,0,0,,0,3,3,38,0,0,0,36,2,1,3.73769153677858,0,1.05555555555556,0.0416666666666667,0.0495185694635488,0.0971629986244842,0,3.8,6.8
2019,REG+POST,00-0031972,D.Jennings,Darius Jennings,WR,WR,"https://static.www.nfl.com/image/private/f_auto,q_auto/league/ttzaqozynmreovwpwwlh",5,TEN,0,0,0,0,0,0,0,0,0,0,0,0,,0,,,0,0,0,0,0,0,,0,2,6,17,0,0,0,80,14,2,-2.10376691524289,0,0.2125,0.0451127819548872,0.0688468158347676,0.115861944016668,0,1.7,3.7
2019,REG+POST,00-0032009,A.Humphries,Adam Humphries,WR,WR,"https://static.www.nfl.com/image/private/f_auto,q_auto/league/l56ywjejfpraigzs4qia",13,TEN,0,0,0,0,0,0,0,0,0,0,0,0,,0,,,1,1,0,0,0,0,-0.461139629711397,0,41,52,399,2,0,0,385,125,23,22.936077150112,0,1.03636363636364,0.148148148148148,0.132850241545894,0.315217391304348,0,52.0,93.0
2019,REG+POST,00-0032054,B.Perriman,Breshad Perriman,WR,WR,"https://static.www.nfl.com/image/private/f_auto,q_auto/league/zpwov1n42bi5lsqdlxhh",14,TB,0,0,0,0,0,0,0,0,0,0,0,0,,0,,,2,16,0,0,0,1,0.668429046520032,0,36,69,645,6,0,0,1128,127,29,29.5872891921265,0,0.571808510638298,0.130434782608696,0.202041912950027,0.337081512978062,0,102.1,138.1
2019,REG+POST,00-0032055,D.Funchess,Devin Funchess,TE,TE,"https://static.www.nfl.com/image/private/f_auto,q_auto/league/j0q0lmao9tg0rbviax6z",1,IND,0,0,0,0,0,0,0,0,0,0,0,0,,0,,,0,0,0,0,0,0,,0,3,5,32,0,0,0,49,6,2,3.16337258246494,0,0.653061224489796,0.185185185185185,0.310126582278481,0.494866385372715,0,3.2,6.2
2019,REG+POST,00-0032058,T.Coleman,Tevin Coleman,RB,RB,"https://static.www.nfl.com/image/private/f_auto,q_auto/league/wiu4r7bvhcafs9vamqc",17,SF,0,0,0,0,0,0,0,0,0,0,0,0,,0,,,170,698,8,0,0,35,-12.853261110064,0,22,31,183,1,0,0,-29,205,9,-5.45106489351469,0,-6.31034482758621,0.0883190883190883,-0.0139557266602502,0.122709623816457,0,142.1,164.1
2019,REG+POST,00-0032062,B.Bell,Blake Bell,TE,TE,"https://static.www.nfl.com/image/private/f_auto,q_auto/league/eqrmmjto8koqqc9j2kjj",13,KC,0,0,0,0,0,0,0,0,0,0,0,0,,0,,,0,0,0,0,0,0,,0,11,18,91,1,0,0,111,21,4,-0.348321388435603,0,0.81981981981982,0.0412844036697248,0.0363695937090433,0.0873853211009174,0,15.1,26.1
2019,REG+POST,00-0032063,M.Davis,Mike Davis,RB,RB,"https://static.www.nfl.com/image/private/f_auto,q_auto/league/csrqinegeyunycijua2q",5,CAR,0,0,0,0,0,0,0,0,0,0,0,0,,0,,,13,27,0,0,0,0,-8.46386299748129,0,7,8,22,0,0,0,6,27,1,-0.387177662661998,0,3.66666666666667,0.103896103896104,0.0094191522762951,0.162437562437562,0,4.9,11.9
2019,REG+POST,00-0032098,D.Brown,Daniel Brown,TE,TE,"https://static.www.nfl.com/image/private/f_auto,q_auto/league/fnhg5hbp5sjn3uuanqua",6,NYJ,0,0,0,0,0,0,0,0,0,0,0,0,,0,,,0,0,0,0,0,0,,0,7,11,72,1,0,0,111,21,4,-0.365631493725897,0,0.648648648648649,0.0564102564102564,0.0950342465753425,0.151139357218124,0,13.2,20.2
2019,REG+POST,00-0032104,A.Abdullah,Ameer Abdullah,RB,RB,"https://static.www.nfl.com/image/upload/f_auto,q_auto/league/atwi5p12mlgnsl4y8cgt",13,MIN,0,0,0,0,0,0,0,0,0,0,0,0,,0,,,24,124,0,0,0,4,-4.04363357114032,0,16,22,95,1,0,0,12,83,5,-5.97669422511832,0,7.91666666666667,0.0849420849420849,0.0069444444444444,0.132274238524239,0,27.9,43.9
2019,REG+POST,00-0032112,J.Nelson,J.J. Nelson,WR,WR,"https://static.www.nfl.com/image/private/f_auto,q_auto/league/rdpp1eiaqse92yvujbs0",1,LV,0,0,0,0,0,0,0,0,0,0,0,0,,0,,,0,0,0,0,0,0,,0,4,5,36,1,0,0,26,15,1,-0.363978857989423,0,1.38461538461538,0.151515151515152,0.131313131313131,0.319191919191919,0,9.6,13.6
2019,REG+POST,00-0032117,N.O'Leary,Nick O'Leary,TE,TE,"https://static.www.nfl.com/image/private/f_auto,q_auto/league/f5411hjmqqxoa27quwfz",8,JAX,0,0,0,0,0,0,0,0,0,0,0,0,,0,,,0,0,0,0,0,0,,0,13,18,109,1,1,0,95,39,4,1.76549527689349,0,1.14736842105263,0.0604026845637584,0.0465230166503428,0.123170138500878,0,16.9,29.9
2019,REG+POST,00-0032128,C.Conley,Chris Conley,WR,WR,"https://static.www.nfl.com/image/upload/f_auto,q_auto/league/mr4h7vx02uwpr7xlfk6y",16,JAX,0,0,0,0,0,0,0,0,0,0,0,0,,0,,,0,0,0,0,0,0,,0,47,90,775,5,0,0,1293,240,36,38.8509285797507,1,0.59938128383604,0.159857904085258,0.303521126760563,0.452251644860281,0,109.5,156.5
2019,REG+POST,00-0032134,C.Uzomah,C.J. Uzomah,TE,TE,"https://static.www.nfl.com/image/private/f_auto,q_auto/league/hnkflpl5pzbfbdvtcv1c",13,CIN,0,0,0,0,0,0,0,0,0,0,0,0,,0,,,0,0,0,0,0,0,,0,27,40,242,2,0,0,156,135,12,3.22156589410781,0,1.55128205128205,0.0840336134453782,0.0427631578947368,0.155984630694383,0,36.2,63.2
2019,REG+POST,00-0032135,J.James,Jesse James,TE,TE,"https://static.www.nfl.com/image/private/f_auto,q_auto/league/rgk9zqdx9lmbcblem3xn",13,DET,0,0,0,0,0,0,0,0,0,0,0,0,,0,,,0,0,0,0,0,0,,0,16,27,142,0,0,0,141,65,8,0.481352504619858,0,1.00709219858156,0.0588235294117647,0.032967032967033,0.11131221719457,0,14.2,30.2
2019,REG+POST,00-0032139,B.Koyack,Ben Koyack,TE,TE,"https://static.www.nfl.com/image/private/f_auto,q_auto/league/hg1fdty7xbpwztueey8j",3,JAX,0,0,0,0,0,0,0,0,0,0,0,0,,0,,,0,0,0,0,0,0,,0,1,3,9,0,0,0,5,3,0,-1.57191495690495,0,1.8,0.0223880597014925,0.0064599483204134,0.0381040533765282,0,0.9,1.9
2019,REG+POST,00-0032141,G.Swaim,Geoff Swaim,TE,TE,"https://static.www.nfl.com/image/upload/f_auto,q_auto/league/kecuhwgbqvlqt6gb0dz6",6,JAX,0,0,0,0,0,0,0,0,0,0,0,0,,0,,,0,0,0,0,0,0,,0,13,17,65,0,0,0,60,41,1,-5.93320112140774,0,1.08333333333333,0.0871794871794872,0.0377833753148615,0.157217593489634,0,6.5,19.5
2019,REG+POST,00-0032144,M.Gordon,Melvin Gordon,RB,RB,"https://static.www.nfl.com/image/private/f_auto,q_auto/league/i4g8x7yotpgszlyanow0",12,LAC,0,0,0,0,0,0,0,0,0,0,0,0,,0,,,162,612,8,3,2,39,-16.3346657947732,0,42,55,296,1,1,1,-49,321,11,-2.12625113895325,0,-6.04081632653061,0.127610208816705,-0.0131508319914117,0.18220973083107,0,138.8,180.8
2019,REG+POST,00-0032147,T.Sambrailo,Ty Sambrailo,T,OL,"https://static.www.nfl.com/image/private/f_auto,q_auto/league/rzx2kzsxlbhmzevaekzp",1,ATL,0,0,0,0,0,0,0,0,0,0,0,0,,0,,,0,0,0,0,0,0,,0,1,1,35,1,0,0,15,20,1,3.26517270191107,0,2.33333333333333,0.0208333333333333,0.0485436893203884,0.0652305825242719,0,9.5,10.5
2019,REG+POST,00-0032156,T.Siemian,Trevor Siemian,QB,QB,"https://static.www.nfl.com/image/private/f_auto,q_auto/league/vmksfbms9zefxezf39sb",1,NYJ,3,6,3,0,0,2,17,0,0,41,11,0,-5.56111307116225,0,0.0731707317073171,-0.0044430657126346,0,0,0,0,0,0,,0,0,0,0,0,0,0,0,0,0,,0,,,,,0,0.12,0.12
2019,REG+POST,00-0032160,T.Williams,Tyrell Williams,WR,WR,"https://static.www.nfl.com/image/private/f_auto,q_auto/league/qixhze7yidydtc1vyeih",13,LV,0,0,0,0,0,0,0,0,0,0,0,0,,0,,,0,0,0,0,0,0,,0,42,64,651,6,0,0,870,190,33,28.8490470058834,0,0.748275862068966,0.16452442159383,0.339049103663289,0.484121004955048,0,101.1,143.1
2019,REG+POST,00-0032187,D.Johnson,David Johnson,RB,RB,"https://static.www.nfl.com/image/private/f_auto,q_auto/league/y7dtsyyjnoafefkbylbb",12,ARI,0,0,0,0,0,0,0,0,0,0,0,0,,0,,,93,346,2,0,0,20,-12.9486761994838,0,36,47,370,4,1,1,181,226,17,0.815968780259,0,2.04419889502762,0.131284916201117,0.0679174484052533,0.244469588185353,0,105.6,141.6
2019,REG+POST,00-0032200,T.Montgomery,Ty Montgomery,WR,WR,"https://static.www.nfl.com/image/private/f_auto,q_auto/league/eagn4fvhnc9cp3wxeqoz",12,NYJ,0,0,0,0,0,0,0,0,0,0,0,0,,0,,,32,103,0,0,0,2,-9.08103649973665,0,13,17,90,0,0,0,23,94,3,-4.40978340239963,0,3.91304347826087,0.0564784053156146,0.0083454281567489,0.0905594076831462,0,19.3,32.3
2019,REG+POST,00-0032208,P.Dorsett,Phillip Dorsett,WR,WR,"https://static.www.nfl.com/image/upload/f_auto,q_auto/league/nwsw01lcnmb5bdcc8glp",12,NE,0,0,0,0,0,0,0,0,0,0,0,0,,0,,,3,21,0,0,0,1,0.459388716320973,0,30,58,403,5,0,0,835,79,17,11.0185081082208,0,0.482634730538922,0.130044843049327,0.236142533936652,0.360367038329647,0,72.4,102.4
2019,REG+POST,00-0032209,T.Yeldon,T.J. Yeldon,RB,RB,"https://static.www.nfl.com/image/private/f_auto,q_auto/league/ktxkn2ltkmqfb5ugunt4",4,BUF,0,0,0,0,0,0,0,0,0,0,0,0,,0,,,17,63,0,1,1,5,-5.14531343922135,0,13,15,124,0,0,0,12,119,6,-4.09567404317566,0,10.3333333333333,0.105633802816901,0.0099173553719008,0.165392852985683,0,16.7,29.7
2019,REG+POST,00-0032211,T.Lockett,Tyler Lockett,WR,WR,"https://static.www.nfl.com/image/upload/f_auto,q_auto/league/yz9p4pfwr0iyakhnwj4z",18,SEA,0,0,0,0,0,0,0,0,0,0,0,0,,0,,,4,-5,0,0,0,0,-3.10826405428816,0,95,128,1255,9,1,0,1593,333,64,70.716253752611,0,0.78782172002511,0.232304900181488,0.305465004793864,0.562282853627937,0,179.0,274.0
2019,REG+POST,00-0032214,T.Kroft,Tyler Kroft,TE,TE,"https://static.www.nfl.com/image/private/f_auto,q_auto/league/ztko1uhl01ebiutefibj",9,BUF,0,0,0,0,0,0,0,0,0,0,0,0,,0,,,0,0,0,0,0,0,,0,6,16,71,1,0,0,121,27,5,-0.596500077663222,0,0.586776859504132,0.0586080586080586,0.0514455782312925,0.123923992673993,0,13.1,19.1
2019,REG+POST,00-0032227,J.Heuerman,Jeff Heuerman,TE,TE,"https://static.www.nfl.com/image/private/f_auto,q_auto/league/u3cggxnuwxem6rnkwzvg",8,DEN,0,0,0,0,0,0,0,0,0,0,0,0,,0,,,0,0,0,0,0,0,,0,14,20,114,1,0,0,108,42,9,3.89745152782416,0,1.05555555555556,0.0790513833992095,0.0736698499317872,0.170145970051065,0,17.4,31.4
2019,REG+POST,00-0032241,T.Gurley,Todd Gurley,RB,RB,"https://static.www.nfl.com/image/private/f_auto,q_auto/league/ym7oprwel3dxbab0k7x9",15,LA,0,0,0,0,0,0,0,0,0,0,0,0,,0,,,223,857,12,3,2,51,-28.4796924959159,1,31,49,207,2,0,0,35,196,8,-4.23900386597961,0,5.91428571428572,0.0833333333333333,0.0082236842105263,0.130756578947368,0,188.4,219.4
2019,REG+POST,00-0032245,S.Mannion,Sean Mannion,QB,QB,"https://static.www.nfl.com/image/private/f_auto,q_auto/league/lcuc7hhiijmt8xtitm77",3,MIN,12,21,126,0,2,0,0,0,0,132,66,6,-4.06089604231895,0,0.954545454545455,-0.0451587453350323,6,-5,0,1,1,0,-5.88351687102113,0,0,0,0,0,0,0,0,0,0,,0,,,,,0,-1.46,-1.46
2019,REG+POST,00-0032256,C.Walford,Clive Walford,TE,TE,"https://static.www.nfl.com/image/private/f_auto,q_auto/league/fjs40pz6ry6p7jqzckeg",4,MIA,0,0,0,0,0,0,0,0,0,0,0,0,,0,,,0,0,0,0,0,0,,0,4,8,57,0,0,0,80,27,4,2.48190972243901,0,0.7125,0.0487804878048781,0.0574300071787509,0.113371736732443,0,5.7,9.7
2019,REG+POST,00-0032257,D.Johnson,Duke Johnson,RB,RB,"https://static.www.nfl.com/image/private/f_auto,q_auto/league/hf7lxjjesduggqdfktsg",18,HOU,0,0,0,0,0,0,0,0,0,0,0,0,,0,,,87,459,2,1,1,20,-8.12999649313487,0,52,73,463,3,0,0,178,413,20,9.2443275229146,0,2.60112359550562,0.123102866779089,0.0347724164875952,0.208994991709951,0,120.2,172.2
2019,REG+POST,00-0032268,M.Mariota,Marcus Mariota,QB,QB,"https://static.www.nfl.com/image/upload/f_auto,q_auto/league/b9ribxqudeehvmjlw0va",9,TEN,96,161,1207,7,2,25,162,2,0,1130,605,50,-7.52945958887731,0,1.06814159292035,0.0316612226393209,25,134,0,1,0,5,4.29997610014665,0,0,0,0,0,0,0,0,0,0,,0,,,,,0,85.68,85.68
2019,REG+POST,00-0032319,R.Travis,Ross Travis,TE,TE,"https://static.www.nfl.com/image/private/f_auto,q_auto/league/pqolizpud8fnjlh1s44h",3,IND,0,0,0,0,0,0,0,0,0,0,0,0,,0,,,0,0,0,0,0,0,,0,4,6,51,0,1,1,22,31,1,-3.3469768234645,0,2.31818181818182,0.0625,0.0248306997742664,0.111131489841986,0,3.1,7.1
2019,REG+POST,00-0032320,E.Harris,Erik Harris,FS,DB,"https://static.www.nfl.com/image/private/f_auto,q_auto/league/vzqjwjllaqqqmrvvqwry",1,LV,0,0,0,0,0,0,0,0,0,0,0,0,,0,,,1,4,0,0,0,1,1.76445074332878,0,0,0,0,0,0,0,0,0,0,,0,,,,,0,0.4,0.4
2019,REG+POST,00-0032355,C.Rogers,Chester Rogers,WR,WR,"https://static.www.nfl.com/image/private/f_auto,q_auto/league/lkszsifhpwtjpvjvlxw5",9,IND,0,0,0,0,0,0,0,0,0,0,0,0,,0,,,1,18,0,0,0,1,1.09845750685781,0,16,28,179,2,0,0,243,69,11,8.08224496642484,0,0.736625514403292,0.102941176470588,0.113498365249883,0.233860620380801,0,31.7,47.7
2019,REG+POST,00-0032377,J.Ferguson,Josh Ferguson,RB,RB,"https://static.www.nfl.com/image/private/f_auto,q_auto/league/htmbqglun1ydytcfrltb",1,WAS,0,0,0,0,0,0,0,0,0,0,0,0,,0,,,3,9,0,0,0,1,-0.0652759540826082,0,0,0,0,0,0,0,0,0,0,,0,,,,,0,0.9,0.9
2019,REG+POST,00-0032385,S.Shepard,Sterling Shepard,WR,WR,"https://static.www.nfl.com/image/upload/f_auto,q_auto/league/dphqvpkeselgrselrvma",10,NYG,0,0,0,0,0,0,0,0,0,0,0,0,,0,,,6,72,0,0,0,3,3.47114974469878,0,57,83,576,3,0,0,822,179,29,6.45150193885771,1,0.700729927007299,0.229916897506925,0.271018793273986,0.534588501552178,0,84.8,141.8
2019,REG+POST,00-0032392,A.Hooper,Austin Hooper,TE,TE,"https://static.www.nfl.com/image/upload/f_auto,q_auto/league/hj0ybtjspne3t1cso961",13,ATL,0,0,0,0,0,0,0,0,0,0,0,0,,0,,,0,0,0,0,0,0,,0,75,97,787,6,0,0,629,335,41,25.492557561099,1,1.25119236883943,0.185114503816794,0.147548674642271,0.38095582797478,0,116.7,191.7
2019,REG+POST,00-0032393,C.Prosise,C.J. Prosise,RB,RB,"https://static.www.nfl.com/image/private/f_auto,q_auto/league/rcutby5hu0vtijh6adle",8,SEA,0,0,0,0,0,0,0,0,0,0,0,0,,0,,,23,72,1,1,1,4,-7.8989312776248,0,10,12,76,0,0,0,51,66,3,2.61328928917646,0,1.49019607843137,0.0869565217391304,0.0376106194690266,0.156762216237014,0,18.8,28.8
2019,REG+POST,00-0032394,N.Vannett,Nick Vannett,TE,TE,"https://static.www.nfl.com/image/upload/f_auto,q_auto/league/srrlkx2mydsb8gfco6fp",13,PIT,0,0,0,0,0,0,0,0,0,0,0,0,,0,,,0,0,0,0,0,0,,0,17,22,166,0,0,0,140,66,5,5.43820539710578,0,1.18571428571429,0.0526315789473684,0.0395815662991236,0.106654464830439,0,16.6,33.6
2019,REG+POST,00-0032398,C.Moore,Chris Moore,WR,WR,"https://static.www.nfl.com/image/upload/f_auto,q_auto/league/dzzwxblkzpxnauo9iwhi",5,BAL,0,0,0,0,0,0,0,0,0,0,0,0,,0,,,1,0,0,0,0,0,-0.396159490570426,0,3,6,21,0,0,0,82,10,0,-1.90406232082751,0,0.25609756097561,0.0444444444444444,0.0623574144486692,0.110316856780735,0,2.1,5.1
2019,REG+POST,00-0032404,T.Ervin,Tyler Ervin,RB,RB,"https://static.www.nfl.com/image/private/f_auto,q_auto/league/tqevofjpvkvuvpdaoggm",4,GB,0,0,0,0,0,0,0,0,0,0,0,0,,0,,,3,35,0,0,0,2,2.12612380785868,0,3,5,18,0,0,0,54,24,1,-0.565002707835669,0,0.333333333333333,0.0387596899224806,0.0402684563758389,0.0863274543468082,0,5.3,8.3
2019,REG+POST,00-0032417,P.Perkins,Paul Perkins,RB,RB,"https://static.www.nfl.com/image/private/f_auto,q_auto/league/bvq9v0mxyltlm9b8lstx",3,DET,0,0,0,0,0,0,0,0,0,0,0,0,,0,,,12,29,0,0,0,3,-2.99608708592132,0,1,1,9,0,0,0,-1,10,0,0.674265267327428,0,-9.0,0.0232558139534884,-0.0033333333333333,0.0325503875968992,0,3.8,4.8
2019,REG+POST,00-0032423,T.Davis,Trevor Davis,WR,WR,"https://static.www.nfl.com/image/private/f_auto,q_auto/league/hinncjtjusiowdpefuj6",7,LV,0,0,0,0,0,0,0,0,0,0,0,0,,0,,,4,73,1,0,0,2,1.63501352467574,0,8,11,111,0,1,1,100,65,4,-1.17046953039244,0,1.11,0.0728476821192053,0.0865051903114187,0.169825156396801,0,22.4,30.4
2019,REG+POST,00-0032434,B.Allen,Brandon Allen,QB,QB,"https://static.www.nfl.com/image/upload/f_auto,q_auto/league/xn9eheiy6kty4movmlak",3,DEN,39,84,515,3,2,9,59,0,0,646,234,20,-21.5483399126687,0,0.797213622291022,-0.0545523286420455,10,39,0,0,0,4,5.02444953180384,0,0,0,0,0,0,0,0,0,0,,0,,,,,0,32.5,32.5
2019,REG+POST,00-0032436,J.Driskel,Jeff Driskel,QB,QB,"https://static.www.nfl.com/image/upload/f_auto,q_auto/league/qvyjv4da7ya6erhqx67m",3,DET,62,105,685,4,4,11,46,1,0,851,290,31,-8.56089530752672,0,0.804935370152762,0.0281889315654772,22,151,1,0,0,10,9.90981815842679,0,1,1,6,0,0,0,-3,9,0,0.303282815148123,0,0.0,0.0232558139534884,-0.01,0.0278837209302326,0,57.1,58.1
2019,REG+POST,00-0032442,E.Roberts,Elandon Roberts,ILB,LB,"https://static.www.nfl.com/image/upload/f_auto,q_auto/league/vbvspu3dh3ijm0gmqh4l",2,NE,0,0,0,0,0,0,0,0,0,0,0,0,,0,,,1,0,0,0,0,0,-1.61413426231593,0,1,1,38,1,0,0,7,31,1,3.30406509712338,0,5.42857142857143,0.0344827586206897,0.0227272727272727,0.0676332288401254,0,9.8,10.8
2019,REG+POST,00-0032450,D.Washington,Dwayne Washington,RB,RB,"https://static.www.nfl.com/image/private/f_auto,q_auto/league/h1nintlpbk2zyxerjpy4",4,NO,0,0,0,0,0,0,0,0,0,0,0,0,,0,,,8,60,0,0,0,2,-0.221970362123102,0,1,1,6,0,0,0,-5,11,0,0.509832996875048,0,-1.2,0.0277777777777778,-0.0185185185185185,0.0287037037037037,0,6.6,7.6
2019,REG+POST,00-0032464,K.Raymond,Kalif Raymond,WR,WR,"https://static.www.nfl.com/image/upload/f_auto,q_auto/league/hogsyuf9rqnzydmhbsht",8,TEN,0,0,0,0,0,0,0,0,0,0,0,0,,0,,,1,-5,0,0,0,0,-1.2397642028518,0,10,13,215,2,1,1,264,14,7,5.13057857612148,0,0.814393939393939,0.0659898477157361,0.135662898252826,0.193948800350582,0,31.0,41.0
2019,REG+POST,00-0032466,G.Fant,George Fant,T,OL,"https://static.www.nfl.com/image/upload/f_auto,q_auto/league/p4gwfzzxibqi5uiiw5q7",1,SEA,0,0,0,0,0,0,0,0,0,0,0,0,,0,,,0,0,0,0,0,0,,0,0,1,0,0,0,0,14,0,0,-0.48105422151275,0,0.0,0.04,0.0472972972972973,0.0931081081081081,0,0.0,0.0
2019,REG+POST,00-0032540,T.Carson,Tra Carson,RB,RB,"https://static.www.nfl.com/image/private/f_auto,q_auto/league/cpbomacc0snqelgvpz58",2,DET,0,0,0,0,0,0,0,0,0,0,0,0,,0,,,18,48,0,0,0,3,-6.37647959729657,0,4,4,18,0,0,0,4,14,0,-0.153331751236692,0,4.5,0.129032258064516,0.0176991150442478,0.205937767627748,0,6.6,10.6
2019,REG+POST,00-0032543,A.Erickson,Alex Erickson,WR,WR,"https://static.www.nfl.com/image/private/f_auto,q_auto/league/tnd77vbkyo8srrrkaisu",15,CIN,1,1,26,0,0,0,0,0,0,23,3,1,1.73896077100653,0,1.1304347826087,,5,33,0,0,0,2,0.371288968541194,0,43,78,529,0,1,0,685,227,26,-9.91224179906436,0,0.772262773722628,0.141048824593128,0.147948164146868,0.3151369517925,0,57.24,100.24
2019,REG+POST,00-0032599,J.Perkins,Joshua Perkins,TE,TE,"https://static.www.nfl.com/image/private/f_auto,q_auto/league/xxy4pbngyjfvrlkytvhk",3,PHI,0,0,0,0,0,0,0,0,0,0,0,0,,0,,,0,0,0,0,0,0,,0,9,13,87,1,0,0,124,26,5,1.23624376259977,0,0.701612903225807,0.1,0.15158924205379,0.256112469437653,0,14.7,23.7
2019,REG+POST,00-0032602,J.McKissic,J.D. McKissic,RB,RB,"https://static.www.nfl.com/image/private/f_auto,q_auto/league/zi77vkqwrmklt5ic6lc6",15,DET,0,0,0,0,0,0,0,0,0,0,0,0,,0,,,38,205,0,0,0,8,-2.96536095484798,0,34,42,233,1,0,0,4,237,7,-6.4393177733169,0,58.25,0.0903225806451613,0.0009172208209126,0.136125925542381,0,49.8,83.8
2019,REG+POST,00-0032626,G.Allison,Geronimo Allison,WR,WR,"https://static.www.nfl.com/image/private/f_auto,q_auto/league/pngohl9rhrwyiaf7ywnz",17,GB,0,0,0,0,0,0,0,0,0,0,0,0,,0,,,1,7,0,0,0,0,0.295944430516101,0,37,59,306,2,2,1,456,111,17,0.968888590728094,1,0.671052631578947,0.102787456445993,0.0904223676383105,0.217476842015807,0,43.3,80.3
2019,REG+POST,00-0032661,B.Braunecker,Ben Braunecker,TE,TE,"https://static.www.nfl.com/image/private/f_auto,q_auto/league/rjixl9e7vu8gze8324ne",4,CHI,0,0,0,0,0,0,0,0,0,0,0,0,,0,,,0,0,0,0,0,0,,0,6,11,59,1,0,0,111,25,5,2.16813059541164,0,0.531531531531532,0.0808823529411765,0.0988423864648264,0.190513199937143,0,11.9,17.9
2019,REG+POST,00-0032688,R.Chosen,Robbie Chosen,WR,WR,"https://static.www.nfl.com/image/private/f_auto,q_auto/league/hkcncqfwusv19fah3mbt",16,NYJ,0,0,0,0,0,0,0,0,0,0,0,0,,0,,,1,4,0,0,0,0,-0.181860096286982,0,52,96,779,5,1,0,1444,193,35,4.15952891849095,1,0.539473684210526,0.195121951219512,0.358223765814934,0.543439562899722,0,110.3,162.3
2019,REG+POST,00-0032728,Te.Jones,Tevin Jones,WR,WR,"https://static.www.nfl.com/image/private/f_auto,q_auto/league/urta5cwlyagell20pqlo",4,PIT,0,0,0,0,0,0,0,0,0,0,0,0,,0,,,0,0,0,0,0,0,,0,4,10,61,0,0,0,124,11,1,-10.8230696598731,0,0.491935483870968,0.0840336134453782,0.105442176870748,0.199859943977591,0,6.1,10.1
2019,REG+POST,00-0032741,P.Barber,Peyton Barber,RB,RB,"https://static.www.nfl.com/image/private/f_auto,q_auto/league/yjcjcrdiztmfwjgcfbux",16,TB,0,0,0,0,0,0,0,0,0,0,0,0,,0,,,154,470,6,1,1,23,-33.6827904654776,1,16,24,115,1,0,0,30,118,4,-3.24203354859492,0,3.83333333333333,0.0555555555555556,0.0075642965204236,0.0886283408976298,0,100.5,116.5
2019,REG+POST,00-0032764,D.Henry,Derrick Henry,RB,RB,"https://static.www.nfl.com/image/upload/f_auto,q_auto/league/m7bv3lv9puapabltvykk",18,TEN,1,1,3,1,0,0,0,0,0,3,0,1,2.30900342355017,0,1.0,,386,1986,18,5,3,94,4.75415983362473,0,23,29,227,2,0,0,-63,275,5,6.43622462917119,0,-3.6031746031746,0.0685579196217494,-0.0173458149779736,0.0906948089480426,0,339.42,362.42
2019,REG+POST,00-0032765,M.Thomas,Michael Thomas,WR,WR,"https://static.www.nfl.com/image/private/f_auto,q_auto/league/sxldsbuw65hfmkzqhw96",17,NO,0,0,0,0,0,0,0,0,0,0,0,0,,0,,,1,-9,0,0,0,0,-1.69913168740459,0,156,193,1795,9,1,0,1567,591,95,100.323457140942,0,1.14550095724314,0.326013513513514,0.399032340208811,0.768342908416438,0,232.6,388.6
2019,REG+POST,00-0032775,D.Robinson,Demarcus Robinson,WR,WR,"https://static.www.nfl.com/image/upload/f_auto,q_auto/league/lakf0xue1qqb7ed4p6ge",17,KC,0,0,0,0,0,0,0,0,0,0,0,0,,0,,,0,0,0,0,0,0,,0,35,61,484,4,0,0,754,124,20,11.6910304921372,0,0.641909814323607,0.102006688963211,0.151253761283852,0.258887666343512,0,72.4,107.4
2019,REG+POST,00-0032778,T.Sharpe,Tajae Sharpe,WR,WR,"https://static.www.nfl.com/image/private/f_auto,q_auto/league/c8fgfxrl2gmdv8thgw1p",16,TEN,0,0,0,0,0,0,0,0,0,0,0,0,,0,,,0,0,0,0,0,0,,0,26,41,335,4,0,0,580,60,21,24.6762222650779,0,0.577586206896552,0.0953488372093023,0.145472786556308,0.244854206403369,0,57.5,83.5
2019,REG+POST,00-0032780,J.Howard,Jordan Howard,RB,RB,"https://static.www.nfl.com/image/private/f_auto,q_auto/league/nbvb6bsrmjupmqrrf1n4",9,PHI,0,0,0,0,0,0,0,0,0,0,0,0,,0,,,119,525,6,0,0,28,-0.452460211177822,0,10,14,69,1,0,0,1,69,3,0.868342022935394,0,69.0,0.0590717299578059,0.0004786979415988,0.0889426834958281,0,101.4,111.4
2019,REG+POST,00-0032782,W.Smallwood,Wendell Smallwood,RB,RB,"https://static.www.nfl.com/image/private/f_auto,q_auto/league/r20rhl0c17ql8dtnl5kz",11,WAS,0,0,0,0,0,0,0,0,0,0,0,0,,0,,,22,81,0,0,0,4,-7.70490966824582,0,9,13,64,0,0,0,28,50,4,0.992396618058388,0,2.28571428571429,0.0726256983240224,0.0201874549387167,0.123069765943135,0,14.5,23.5
2019,REG+POST,00-0032791,J.Grant,Jakeem Grant,WR,WR,"https://static.www.nfl.com/image/private/f_auto,q_auto/league/f2ujcvb61rknhjyxcrsu",9,MIA,0,0,0,0,0,0,0,0,0,0,0,0,,0,,,4,5,1,0,0,1,-0.923159321420826,0,19,33,164,0,0,0,406,87,9,-3.34790888457792,0,0.403940886699507,0.103125,0.140727902946274,0.253197032062392,1,28.9,47.9
2019,REG+POST,00-0032794,D.Vitale,Dan Vitale,FB,RB,"https://static.www.nfl.com/image/private/f_auto,q_auto/league/x9z1hqodjhb8dio4dr1w",9,GB,0,0,0,0,0,0,0,0,0,0,0,0,,0,,,1,3,0,0,0,0,-0.297623756341636,0,7,12,97,0,0,0,82,56,3,2.75440845492994,0,1.18292682926829,0.0404040404040404,0.0381218038121804,0.0872913232745869,0,10.0,17.0
2019,REG+POST,00-0032795,C.Core,Cody Core,WR,WR,"https://static.www.nfl.com/image/private/f_auto,q_auto/league/aan5zyvrcyn0wfeh2xdi",1,NYG,0,0,0,0,0,0,0,0,0,0,0,0,,0,,,0,0,0,0,0,0,,0,3,5,28,0,0,0,32,3,2,0.916439315536991,0,0.875,0.113636363636364,0.0891364902506964,0.232850088630033,0,2.8,5.8
2019,REG+POST,00-0032813,E.Penny,Elijhaa Penny,RB,RB,"https://static.www.nfl.com/image/private/f_auto,q_auto/league/jiebuu94lu81xzneqrsf",8,NYG,0,0,0,0,0,0,0,0,0,0,0,0,,0,,,15,39,0,0,0,2,-5.63737210747786,0,2,4,9,0,0,0,-10,22,0,-2.18467917578528,0,-0.9,0.0396039603960396,-0.0109051254089422,0.0517723528077999,1,10.8,12.8
2019,REG+POST,00-0032897,D.Watt,Derek Watt,FB,RB,"https://static.www.nfl.com/image/private/f_auto,q_auto/league/jrhk6npb7u3tmgzt7rwn",8,LAC,0,0,0,0,0,0,0,0,0,0,0,0,,0,,,7,10,1,0,0,6,3.1759981484061,0,3,5,32,0,0,0,10,28,1,2.06690618384164,0,3.2,0.0352112676056338,0.0101626016260163,0.0599307225466621,0,10.2,13.2
2019,REG+POST,00-0032918,C.Ham,C.J. Ham,FB,RB,"https://static.www.nfl.com/image/upload/f_auto,q_auto/league/a23fezyvrzsse3q8yuxi",14,MIN,0,0,0,0,0,0,0,0,0,0,0,0,,0,,,8,20,0,0,0,3,-5.29128770076204,0,17,26,149,1,0,0,41,125,6,0.65492907705694,0,3.63414634146342,0.0742857142857143,0.0178649237472767,0.123934018051665,0,22.9,39.9
2019,REG+POST,00-0032935,J.Holton,Johnny Holton,WR,WR,"https://static.www.nfl.com/image/private/f_auto,q_auto/league/has0upkyuzqewhty3pb2",8,PIT,0,0,0,0,0,0,0,0,0,0,0,0,,0,,,1,9,0,0,0,1,0.762212754460052,0,3,15,21,0,0,0,381,10,1,-16.1900049116812,0,0.0551181102362205,0.0617283950617284,0.191361125062783,0.22654538013654,0,3.0,6.0
2019,REG+POST,00-0032940,D.Washington,DeAndre Washington,RB,RB,"https://static.www.nfl.com/image/private/f_auto,q_auto/league/r89dcprs99qahleja3mz",16,LV,0,0,0,0,0,0,0,0,0,0,0,0,,0,,,108,387,3,0,0,23,-16.5011415297837,0,36,41,292,0,0,0,54,246,10,5.50898947467098,0,5.40740740740741,0.0949074074074074,0.0202171471359042,0.156513114106244,0,85.9,121.9
2019,REG+POST,00-0032945,D.Williams,Duke Williams,WR,WR,"https://static.www.nfl.com/image/private/f_auto,q_auto/league/eqfjdj83ogwlnoumgacf",5,BUF,0,0,0,0,0,0,0,0,0,0,0,0,,0,,,0,0,0,0,0,0,,0,16,29,215,1,0,0,362,55,11,6.36325069249541,0,0.593922651933702,0.173652694610778,0.266961651917404,0.447352198258351,0,27.5,43.5
2019,REG+POST,00-0032950,C.Wentz,Carson Wentz,QB,QB,"https://static.www.nfl.com/image/upload/f_auto,q_auto/league/jtwkpwc18ivthztykkc8",17,PHI,389,611,4042,27,7,38,231,11,4,4913,1810,213,37.1640861887472,2,0.822715245267657,0.0738892870223759,62,243,1,5,3,21,-8.71450591163011,0,0,0,0,0,0,0,0,0,0,,0,,,,,0,275.98,275.98
2019,REG+POST,00-0032951,L.Treadwell,Laquon Treadwell,WR,WR,"https://static.www.nfl.com/image/upload/f_auto,q_auto/league/vhqspz1ssz3ncmgfvmsk",9,MIN,0,0,0,0,0,0,0,0,0,0,0,0,,0,,,0,0,0,0,0,0,,0,9,16,184,1,0,0,190,57,8,11.6881310544014,0,0.968421052631579,0.0592592592592593,0.0966921119592875,0.15657336726039,0,24.4,33.4
2019,REG+POST,00-0032956,A.Janovich,Andy Janovich,FB,RB,"https://static.www.nfl.com/image/private/f_auto,q_auto/league/w4nnz0yrfilgpexcseqy",4,DEN,0,0,0,0,0,0,0,0,0,0,0,0,,0,,,1,1,1,0,0,1,1.21494217816507,0,5,5,42,0,0,0,9,33,1,0.685697375040036,0,4.66666666666667,0.0403225806451613,0.0090452261306532,0.0668155292591992,0,10.3,15.3
2019,REG+POST,00-0032972,D.Booker,Devontae Booker,RB,RB,"https://static.www.nfl.com/image/private/f_auto,q_auto/league/y5fw68qxcmxykv1uchlo",6,DEN,0,0,0,0,0,0,0,0,0,0,0,0,,0,,,2,9,0,0,0,0,-1.09382606118463,0,6,9,57,0,0,0,36,44,1,-2.61306731117324,0,1.58333333333333,0.0638297872340426,0.0324616771866546,0.118467854881722,0,6.6,12.6
2019,REG+POST,00-0032975,J.Williams,Jonathan Williams,RB,RB,"https://static.www.nfl.com/image/private/f_auto,q_auto/league/dnlboggtjcflj9fxauub",4,IND,0,0,0,0,0,0,0,0,0,0,0,0,,0,,,49,235,1,0,0,13,2.48474852548679,0,5,5,59,0,0,0,-5,64,3,5.64988671778701,0,-11.8,0.0609756097560976,-0.0077760497667185,0.0860201797974434,0,35.4,40.4
2019,REG+POST,00-0032977,R.Higgins,Rashard Higgins,WR,WR,"https://static.www.nfl.com/image/private/f_auto,q_auto/league/mdn4he3iuc2mwx3cfvfj",6,CLE,0,0,0,0,0,0,0,0,0,0,0,0,,0,,,0,0,0,0,0,0,,0,4,11,55,1,0,0,116,9,3,3.7604448646401,0,0.474137931034483,0.0518867924528302,0.0696696696696697,0.126598957448014,0,11.5,15.5
2019,REG+POST,00-0032980,M.Johnson,Marcus Johnson,WR,WR,"https://static.www.nfl.com/image/private/f_auto,q_auto/league/pwq2yi4ewqtsx6buynay",8,IND,0,0,0,0,0,0,0,0,0,0,0,0,,0,,,0,0,0,0,0,0,,0,17,33,277,2,0,0,573,43,12,8.32963251118781,0,0.483420593368237,0.139240506329114,0.263448275862069,0.393274552597119,0,39.7,56.7
2019,REG+POST,00-0032986,J.Holtz,J.P. Holtz,TE,TE,"https://static.www.nfl.com/image/private/f_auto,q_auto/league/qmr1ixr4moaj0cri78sq",5,CHI,0,0,0,0,0,0,0,0,0,0,0,0,,0,,,0,0,0,0,0,0,,0,7,8,91,0,0,0,16,79,4,5.52898486494087,0,5.6875,0.0451977401129944,0.0118782479584261,0.0761113837403898,0,9.1,16.1
2019,REG+POST,00-0033009,T.Boyd,Tyler Boyd,WR,WR,"https://static.www.nfl.com/image/upload/f_auto,q_auto/league/ttifog0hjxprlhkagugu",16,CIN,0,0,0,0,0,0,0,0,0,0,0,0,,0,,,4,23,0,0,0,1,0.816544403787702,0,90,148,1046,5,2,2,1377,348,51,8.11552513920012,0,0.759622367465505,0.251273344651952,0.28462174452253,0.5761452381437,0,132.9,222.9
2019,REG+POST,00-0033025,J.Richard,Jalen Richard,RB,RB,"https://static.www.nfl.com/image/private/f_auto,q_auto/league/evmn0ccnvk73tukpmk5f",16,LV,0,0,0,0,0,0,0,0,0,0,0,0,,0,,,39,145,0,0,0,10,-7.91004895622609,0,36,43,323,0,1,0,91,236,15,9.584100934307,0,3.54945054945055,0.0924731182795699,0.0313793103448276,0.160675194660734,0,46.8,82.8
2019,REG+POST,00-0033040,T.Hill,Tyreek Hill,WR,WR,"https://static.www.nfl.com/image/upload/f_auto,q_auto/league/gdwjlpbkenmnsibawkht",15,KC,0,0,0,0,0,0,0,0,0,0,0,0,,0,,,10,34,0,0,0,1,-1.70074355253018,0,75,116,1073,9,0,0,1415,350,48,54.0073773358225,0,0.758303886925795,0.227897838899804,0.375331564986737,0.604578853840422,0,164.7,239.7
2019,REG+POST,00-0033045,E.Elliott,Ezekiel Elliott,RB,RB,"https://static.www.nfl.com/image/upload/f_auto,q_auto/league/d4yr6htg4dbs0bgcfqnd",16,DAL,0,0,0,0,0,0,0,0,0,0,0,0,,0,,,301,1357,12,3,2,78,-5.56643664098259,0,54,71,420,2,0,0,46,395,21,5.04476984855021,0,9.1304347826087,0.1309963099631,0.0097851520952988,0.203344071411359,0,257.7,311.7
2019,REG+POST,00-0033077,D.Prescott,Dak Prescott,QB,QB,"https://static.www.nfl.com/image/upload/f_auto,q_auto/league/xmtaggdnhuyl4pdwtv8j",16,DAL,388,596,4902,30,11,23,151,4,2,5613,1880,229,124.531039176024,1,0.873329770176376,0.132510272160507,52,277,3,2,0,19,16.7799609799249,0,0,0,0,0,0,0,0,0,0,,0,,,,,0,337.78,337.78
2019,REG+POST,00-0033080,S.DeValve,Seth DeValve,TE,TE,"https://static.www.nfl.com/image/private/f_auto,q_auto/league/nrihd72oevgvvbhb8l6g",7,JAX,0,0,0,0,0,0,0,0,0,0,0,0,,0,,,0,0,0,0,0,0,,0,12,18,140,0,0,0,109,61,7,3.87099241625401,0,1.28440366972477,0.0782608695652174,0.0619670267197271,0.160768223051635,0,14.0,26.0
2019,REG+POST,00-0033090,H.Henry,Hunter Henry,TE,TE,"https://static.www.nfl.com/image/private/f_auto,q_auto/league/sdjob9akppefyo7py5tj",12,LAC,0,0,0,0,0,0,0,0,0,0,0,0,,0,,,0,0,0,0,0,0,,0,55,76,652,5,1,1,779,159,36,23.4860775030095,1,0.836970474967908,0.181384248210024,0.208066239316239,0.417722739836403,0,95.2,150.2
2019,REG+POST,00-0033094,M.Hall,Marvin Hall,WR,WR,"https://static.www.nfl.com/image/private/f_auto,q_auto/league/dgyruyvyeuy4cwxhysox",7,DET,0,0,0,0,0,0,0,0,0,0,0,0,,0,,,1,7,0,0,0,0,0.341101547935978,0,7,11,261,1,0,0,304,36,7,17.1893011092907,0,0.858552631578947,0.0468085106382979,0.127090301003344,0.159175976659788,0,32.8,39.8
2019,REG+POST,00-0033106,J.Goff,Jared Goff,QB,QB,"https://static.www.nfl.com/image/upload/f_auto,q_auto/league/jxyaiwwkabzmmphouxil",16,LA,394,626,4638,22,16,22,170,7,4,4841,2244,220,62.7917505406268,0,0.958066515182814,0.074587635584796,33,40,2,3,1,5,-11.8138118102358,0,0,0,0,0,0,0,0,0,0,,0,,,,,0,247.52,247.52
2019,REG+POST,00-0033110,T.Higbee,Tyler Higbee,TE,TE,"https://static.www.nfl.com/image/private/f_auto,q_auto/league/vk9c6lr4d1pdt9sr86ua",14,LA,0,0,0,0,0,0,0,0,0,0,0,0,,0,,,0,0,0,0,0,0,,0,69,89,734,3,0,0,591,390,36,28.7041434541024,0,1.2419627749577,0.159498207885305,0.138407494145199,0.336132557729596,0,91.4,160.4
2019,REG+POST,00-0033111,P.Cooper,Pharoh Cooper,WR,WR,"https://static.www.nfl.com/image/private/f_auto,q_auto/league/mnsqfcfqiehw5aocr1lg",11,ARI,0,0,0,0,0,0,0,0,0,0,0,0,,0,,,1,2,0,0,0,0,-0.106231682235375,0,25,33,243,1,0,0,336,70,10,15.5270272871992,0,0.723214285714286,0.0990990990990991,0.135922330097087,0.24379427971661,0,30.5,55.5
2019,REG+POST,00-0033114,M.Thomas,Mike Thomas,WR,WR,"https://static.www.nfl.com/image/private/f_auto,q_auto/league/sytj4awk8kseyootqzec",3,LA,0,0,0,0,0,0,0,0,0,0,0,0,,0,,,0,0,0,0,0,0,,0,2,5,14,0,0,0,52,10,1,0.84863407688681,0,0.269230769230769,0.0515463917525773,0.0670967741935484,0.12428732956435,0,1.4,3.4
2019,REG+POST,00-0033118,K.Drake,Kenyan Drake,RB,RB,"https://static.www.nfl.com/image/private/f_auto,q_auto/league/rp5apwel9vuk49b4lykn",14,ARI,0,0,0,0,0,0,0,0,0,0,0,0,,0,,,168,785,8,2,1,46,-0.628878857429228,0,50,68,345,0,0,0,-41,424,15,-9.96254702055667,1,-8.41463414634146,0.148471615720524,-0.0106882168925965,0.215225671755969,1,167.0,217.0
2019,REG+POST,00-0033119,J.Brissett,Jacoby Brissett,QB,QB,"https://static.www.nfl.com/image/upload/f_auto,q_auto/league/dps7iuuc2zwl68yppqux",15,IND,272,447,2942,18,6,27,159,4,3,3545,1519,143,10.9446986830965,1,0.829901269393512,0.064218719106058,56,228,4,3,2,20,9.50106286884799,0,1,1,2,0,0,0,0,2,0,-0.602347226289567,0,0.0,0.0416666666666667,,,0,216.68,217.68
2019,REG+POST,00-0033127,W.Fuller,Will Fuller,WR,WR,"https://static.www.nfl.com/image/private/f_auto,q_auto/league/dgemxvhu8ffqmvmqczks",12,HOU,0,0,0,0,0,0,0,0,0,0,0,0,,0,,,0,0,0,0,0,0,,0,54,79,759,3,1,0,1107,240,31,33.4163377154955,0,0.685636856368564,0.201017811704835,0.308614441037078,0.517556826283207,0,93.9,147.9
2019,REG+POST,00-0033132,K.Byard,Kevin Byard,FS,DB,"https://static.www.nfl.com/image/upload/f_auto,q_auto/league/ymu0jcrm7clsyhhvmcki",1,TEN,0,0,0,0,0,0,0,0,0,0,0,0,,0,,,0,0,0,0,0,0,,0,1,1,11,0,0,0,3,8,1,3.66742839105427,0,3.66666666666667,0.0344827586206897,0.0152284263959391,0.0623840364081918,0,1.1,2.1
2019,REG+POST,00-0033164,T.Pope,Troymaine Pope,RB,RB,"https://static.www.nfl.com/image/private/f_auto,q_auto/league/qgwjblnzedbxfulfhltu",2,LAC,0,0,0,0,0,0,0,0,0,0,0,0,,0,,,10,20,0,0,0,0,-3.59794818266528,0,2,3,14,1,0,0,0,11,1,1.18040605986676,0,0.0,0.0384615384615385,0.0,0.0576923076923077,0,9.4,11.4
2019,REG+POST,00-0033215,C.Grayson,Cyril Grayson,WR,WR,"https://static.www.nfl.com/image/private/f_auto,q_auto/league/klv5np9csnnm6p6zpkcs",1,TB,0,0,0,0,0,0,0,0,0,0,0,0,,0,,,0,0,0,0,0,0,,0,1,1,3,0,0,0,2,1,0,-1.39043120840232,0,1.5,0.0434782608695652,0.0078431372549019,0.0707075873827792,0,0.3,1.3
2019,REG+POST,00-0033217,M.Alie-Cox,Mo Alie-Cox,TE,TE,"https://static.www.nfl.com/image/upload/f_auto,q_auto/league/f4orwwthvtcyd3vfqjvs",9,IND,0,0,0,0,0,0,0,0,0,0,0,0,,0,,,0,0,0,0,0,0,,0,8,11,93,0,0,0,48,60,5,5.13642431242624,0,1.9375,0.0411985018726592,0.0267111853088481,0.0804955825251824,0,9.3,17.3
2019,REG+POST,00-0033246,J.Mundt,Johnny Mundt,TE,TE,"https://static.www.nfl.com/image/upload/f_auto,q_auto/league/ievumbznrtys9b2esphz",5,LA,0,0,0,0,0,0,0,0,0,0,0,0,,0,,,0,0,0,0,0,0,,0,4,7,26,0,0,0,24,10,1,-1.40958349360153,0,1.08333333333333,0.0324074074074074,0.0294478527607362,0.0692246080436264,0,2.6,6.6
2019,REG+POST,00-0033251,Z.Pascal,Zach Pascal,WR,WR,"https://static.www.nfl.com/image/upload/f_auto,q_auto/league/pfhgz8ofqgoubhnuqtme",14,IND,0,1,0,0,0,0,0,0,0,21,0,0,-0.704225115012378,0,0.0,,2,16,0,0,0,1,0.907318268204108,0,41,72,607,5,0,0,810,239,29,19.2661637605887,1,0.749382716049383,0.16551724137931,0.222344221795224,0.403916817325622,0,94.3,135.3
2019,REG+POST,00-0033258,D.Daniels,Darrell Daniels,TE,TE,"https://static.www.nfl.com/image/private/f_auto,q_auto/league/uite1keyl09qsvofsqzf",3,ARI,0,0,0,0,0,0,0,0,0,0,0,0,,0,,,0,0,0,0,0,0,,0,1,3,4,0,0,0,22,0,1,0.396541703259572,0,0.181818181818182,0.0326086956521739,0.03486529318542,0.0733187487080548,0,0.4,1.4
2019,REG+POST,00-0033280,C.McCaffrey,Christian McCaffrey,RB,RB,"https://static.www.nfl.com/image/upload/f_auto,q_auto/league/umiv5sn2xxrjdjwjtkqm",16,CAR,0,2,0,0,0,0,0,0,0,16,0,0,-1.91521489614388,0,0.0,,287,1387,15,1,0,57,-15.3049661848516,1,116,142,1005,4,0,0,111,987,58,50.4830065667527,0,9.05405405405405,0.236666666666667,0.0215911301303248,0.370113791091227,0,355.2,471.2
2019,REG+POST,00-0033282,C.Samuel,Curtis Samuel,WR,WR,"https://static.www.nfl.com/image/upload/f_auto,q_auto/league/mq62ulflifrpjrcyknbj",16,CAR,0,0,0,0,0,0,0,0,0,0,0,0,,0,,,19,130,1,0,0,7,6.27885808655992,0,54,105,627,6,0,0,1538,153,36,8.63553844485432,0,0.407672301690507,0.175,0.299163586850807,0.471914510795565,0,117.7,171.7
2019,REG+POST,00-0033288,G.Kittle,George Kittle,TE,TE,"https://static.www.nfl.com/image/upload/f_auto,q_auto/league/ivkrikewqqdllzvano8h",17,SF,0,0,0,0,0,0,0,0,0,0,0,0,,0,,,5,22,0,0,0,1,-2.15400713375427,0,93,120,1124,5,1,0,678,656,57,58.0192916903624,0,1.65781710914454,0.275229357798165,0.234845860755109,0.577236139225824,0,144.6,237.6
2019,REG+POST,00-0033293,A.Jones,Aaron Jones,RB,RB,"https://static.www.nfl.com/image/upload/f_auto,q_auto/league/bktkfvgfwujkdbzkcfim",18,GB,0,0,0,0,0,0,0,0,0,0,0,0,,0,,,269,1202,19,2,1,63,-1.46374987496529,0,55,75,505,4,1,1,172,478,21,9.91832060313414,0,2.93604651162791,0.137867647058824,0.0368229501177478,0.232577535670659,0,304.7,359.7
2019,REG+POST,00-0033296,A.Armah,Alex Armah,RB,RB,"https://static.www.nfl.com/image/private/f_auto,q_auto/league/pvbqmdwlukehpxovupsg",6,CAR,0,0,0,0,0,0,0,0,0,0,0,0,,0,,,6,11,1,0,0,1,-1.81022872962058,0,2,2,6,0,0,0,-1,7,0,-0.632437625899911,0,-6.0,0.0377358490566038,-0.0024271844660194,0.0549047444586921,0,7.7,9.7
2019,REG+POST,00-0033307,K.Bourne,Kendrick Bourne,WR,WR,"https://static.www.nfl.com/image/private/f_auto,q_auto/league/vrovcaqql9p6xsycko83",18,SF,0,0,0,0,0,0,0,0,0,0,0,0,,0,,,0,0,0,0,0,0,,0,36,54,446,6,0,0,466,143,28,29.9457717653339,1,0.957081545064378,0.107569721115538,0.139646388972131,0.259107053953798,0,82.6,118.6
2019,REG+POST,00-0033308,M.Breida,Matt Breida,RB,RB,"https://static.www.nfl.com/image/private/f_auto,q_auto/league/rc4m1xw0xmtsrxswd0bg",14,SF,0,0,0,0,0,0,0,0,0,0,0,0,,0,,,132,642,1,3,2,23,-18.0034595377219,0,19,22,120,1,0,0,-12,127,6,-1.33546950333955,0,-10.0,0.0617977528089888,-0.0051925573344872,0.0890618390793421,0,84.2,103.2
2019,REG+POST,00-0033319,N.Mullens,Nick Mullens,QB,QB,"https://static.www.nfl.com/image/upload/f_auto,q_auto/league/xkbzegq3t29ean26xyp0",1,SF,0,0,0,0,0,0,0,0,0,0,0,0,,0,,,3,-3,0,0,0,0,-3.46194788330467,0,0,0,0,0,0,0,0,0,0,,0,,,,,0,-0.3,-0.3
2019,REG+POST,00-0033338,C.Carter,Cethan Carter,TE,TE,"https://static.www.nfl.com/image/private/f_auto,q_auto/league/soxu9ft40rqaizt9yizp",2,CIN,0,0,0,0,0,0,0,0,0,0,0,0,,0,,,0,0,0,0,0,0,,0,2,3,13,1,0,0,8,5,2,2.33868166204775,0,1.625,0.0535714285714286,0.0349344978165939,0.104811291328759,0,7.3,9.3
2019,REG+POST,00-0033357,T.Hill,Taysom Hill,TE,TE,"https://static.www.nfl.com/image/upload/f_auto,q_auto/league/q8itjlocg5do60qat4l3",17,NO,4,7,105,0,0,1,9,0,0,144,12,4,-0.334989074850455,0,0.729166666666667,0.163382380825879,31,206,1,0,0,14,10.8854732590844,0,21,24,259,7,0,0,122,156,15,23.3597122274925,0,2.12295081967213,0.048582995951417,0.0402374670184697,0.101040720840054,0,98.7,119.7
2019,REG+POST,00-0033367,C.Board,C.J. Board,WR,WR,"https://static.www.nfl.com/image/private/f_auto,q_auto/league/pzshlaz0iihftpmg9imt",2,JAX,0,0,0,0,0,0,0,0,0,0,0,0,,0,,,0,0,0,0,0,0,,0,2,4,31,0,0,0,31,6,1,-0.25280042848317,0,1.0,0.0555555555555556,0.0504065040650407,0.118617886178862,0,3.1,5.1
2019,REG+POST,00-0033374,R.Ortiz,Ricky Ortiz,FB,RB,"https://static.www.nfl.com/image/private/f_auto,q_auto/league/dt4lvt5dpo92g8xdifnm",1,NO,0,0,0,0,0,0,0,0,0,0,0,0,,0,,,0,0,0,0,0,0,,0,1,1,8,0,0,0,1,7,0,0.589389368426055,0,8.0,0.0344827586206897,0.0049019607843137,0.0551555104800541,0,0.8,1.8
2019,REG+POST,00-0033375,T.Patrick,Tim Patrick,WR,WR,"https://static.www.nfl.com/image/upload/f_auto,q_auto/league/tsbe7jbwmgzby45hnb3j",7,DEN,0,0,0,0,0,0,0,0,0,0,0,0,,0,,,0,0,0,0,0,0,,0,16,31,218,0,0,0,315,38,14,7.03389833957772,0,0.692063492063492,0.145539906103286,0.210420841683367,0.365604448333286,0,21.8,37.8
2019,REG+POST,00-0033376,P.Ricard,Patrick Ricard,FB,RB,"https://static.www.nfl.com/image/upload/f_auto,q_auto/league/dwnktpq9tu98n7ozspri",7,BAL,0,0,0,0,0,0,0,0,0,0,0,0,,0,,,0,0,0,0,0,0,,0,8,11,47,1,0,0,-1,52,3,0.943347763211932,0,-47.0,0.0597826086956522,-0.0007278020378457,0.0891644516169863,0,10.7,18.7
2019,REG+POST,00-0033382,A.Carr,Austin Carr,WR,WR,"https://static.www.nfl.com/image/private/f_auto,q_auto/league/uuln9v0o8aeurocrzvxp",2,NO,0,0,0,0,0,0,0,0,0,0,0,0,,0,,,0,0,0,0,0,0,,0,1,4,9,0,0,0,41,4,1,-1.22820907390701,0,0.219512195121951,0.0506329113924051,0.0823293172690763,0.133579889176961,0,0.9,1.9
2019,REG+POST,00-0033386,C.Hollister,Cody Hollister,WR,WR,"https://static.www.nfl.com/image/private/f_auto,q_auto/league/naicfqo1ayh448qi86xq",1,TEN,0,0,0,0,0,0,0,0,0,0,0,0,,0,,,0,0,0,0,0,0,,0,2,2,13,0,0,0,10,3,0,0.186556218424812,0,1.3,0.0952380952380952,0.0625,0.186607142857143,0,1.3,3.3
2019,REG+POST,00-0033387,J.Hollister,Jacob Hollister,TE,TE,"https://static.www.nfl.com/image/private/f_auto,q_auto/league/qdny7ap8ly1ozectd8zu",12,SEA,0,0,0,0,0,0,0,0,0,0,0,0,,0,,,0,0,0,0,0,0,,0,48,69,412,3,0,0,398,192,18,-4.38438811197745,0,1.03517587939699,0.186486486486487,0.122953351869015,0.36579707603804,0,59.2,107.2
2019,REG+POST,00-0033400,M.Haack,Matt Haack,P,SPEC,"https://static.www.nfl.com/image/private/f_auto,q_auto/league/piyf9wj7piroy6fqscvn",3,MIA,1,2,1,1,0,0,0,0,0,31,0,1,-0.584742363484111,0,0.032258064516129,,1,2,0,0,0,1,2.42376924667042,0,0,0,0,0,0,0,0,0,0,,0,,,,,0,4.24,4.24
2019,REG+POST,00-0033421,A.Auclair,Antony Auclair,TE,TE,"https://static.www.nfl.com/image/private/f_auto,q_auto/league/qkktgjw9l0ntyfiobegs",2,TB,0,0,0,0,0,0,0,0,0,0,0,0,,0,,,0,0,0,0,0,0,,0,1,3,11,0,0,0,2,8,1,-0.518453404889442,0,5.5,0.0379746835443038,0.0021645021645021,0.0584771768316072,0,1.1,2.1
2019,REG+POST,00-0033434,B.Wilson,Bobo Wilson,WR,WR,"https://static.www.nfl.com/image/private/f_auto,q_auto/league/dxmqeel8jwf3yokvtg9a",5,TB,0,0,0,0,0,0,0,0,0,0,0,0,,0,,,0,0,0,0,0,0,,0,3,11,35,0,0,0,135,3,2,-11.1088002506294,0,0.259259259259259,0.0585106382978723,0.0685279187817259,0.135735500594017,0,3.5,6.5
2019,REG+POST,00-0033439,P.Brown,Pharaoh Brown,TE,TE,"https://static.www.nfl.com/image/upload/f_auto,q_auto/league/ab0kbxsmasznlccuezcq",3,CLE,0,0,0,0,0,0,0,0,0,0,0,0,,0,,,0,0,0,0,0,0,,0,2,3,27,0,0,0,27,14,1,1.11917636886938,0,1.0,0.0303030303030303,0.0317273795534665,0.067663711141972,0,2.7,4.7
2019,REG+POST,00-0033455,A.Firkser,Anthony Firkser,TE,TE,"https://static.www.nfl.com/image/upload/f_auto,q_auto/league/rpbs9wsnuhu9tgipzwuv",12,TEN,0,0,0,0,0,0,0,0,0,0,0,0,,0,,,0,0,0,0,0,0,,0,17,29,249,3,0,0,316,71,12,4.94773071339198,0,0.787974683544304,0.0886850152905199,0.108034188034188,0.208651454559711,0,42.9,59.9
2019,REG+POST,00-0033460,J.Ross,John Ross,WR,WR,"https://static.www.nfl.com/image/upload/f_auto,q_auto/league/olf4tixsulbplr0hkas5",8,CIN,0,0,0,0,0,0,0,0,0,0,0,0,,0,,,3,4,0,0,0,0,-0.974488177860621,0,28,56,506,3,1,1,875,198,22,16.6189156083214,0,0.578285714285714,0.183606557377049,0.348744519728976,0.519530999875857,0,67.0,95.0
2019,REG+POST,00-0033466,I.McKenzie,Isaiah McKenzie,WR,WR,"https://static.www.nfl.com/image/upload/f_auto,q_auto/league/gy6grhpxsegfgklfadte",13,BUF,0,0,0,0,0,0,0,0,0,0,0,0,,0,,,8,49,0,0,0,4,1.02653314941563,0,31,44,277,1,0,0,183,232,13,11.2673774106144,0,1.51366120218579,0.110831234256927,0.0505106265525807,0.201604289972197,0,38.6,69.6
2019,REG+POST,00-0033471,I.Ford,Isaiah Ford,WR,WR,"https://static.www.nfl.com/image/private/f_auto,q_auto/league/ycqftcjsc9vyqmc8tlmw",8,MIA,0,0,0,0,0,0,0,0,0,0,0,0,,0,,,1,11,0,0,0,1,1.10192690556869,0,23,35,244,0,0,0,295,86,16,1.67405148762461,0,0.827118644067797,0.112903225806452,0.109299740644683,0.245864657160956,0,25.5,48.5
2019,REG+POST,00-0033503,A.Maulet,Arthur Maulet,CB,DB,"https://static.www.nfl.com/image/upload/f_auto,q_auto/league/yes3epodpjvubtvfoy7e",1,NYJ,0,0,0,0,0,0,0,0,0,0,0,0,,0,,,0,0,0,0,0,0,,0,0,0,0,0,0,0,0,0,0,,0,,,,,1,6.0,6.0
2019,REG+POST,00-0033526,S.Perine,Samaje Perine,RB,RB,"https://static.www.nfl.com/image/upload/f_auto,q_auto/league/liorwdmj8gelxh5u7rc4",1,MIA,0,0,0,0,0,0,0,0,0,0,0,0,,0,,,5,16,0,0,0,1,-0.346609192551114,0,0,0,0,0,0,0,0,0,0,,0,,,,,0,1.6,1.6
2019,REG+POST,00-0033528,J.Sprinkle,Jeremy Sprinkle,TE,TE,"https://static.www.nfl.com/image/private/f_auto,q_auto/league/cncqiyqmj7ohm5k70bog",15,WAS,0,0,0,0,0,0,0,0,0,0,0,0,,0,,,0,0,0,0,0,0,,0,26,40,241,1,1,0,258,91,13,0.0617305759224109,0,0.934108527131783,0.091324200913242,0.078419452887538,0.19187991839114,0,30.1,56.1
2019,REG+POST,00-0033530,R.Davis,Robert Davis,WR,WR,"https://static.www.nfl.com/image/private/f_auto,q_auto/league/cqtclxiwsfbxniwvrldy",3,PHI,0,0,0,0,0,0,0,0,0,0,0,0,,0,,,0,0,0,0,0,0,,0,2,5,17,0,0,0,36,2,2,-3.8734204453649,0,0.472222222222222,0.0471698113207547,0.0489130434782609,0.104993847415915,0,1.7,3.7
2019,REG+POST,00-0033536,M.Williams,Mike Williams,WR,WR,"https://static.www.nfl.com/image/upload/f_auto,q_auto/league/vwu8nudrnk3l7samz8mf",15,LAC,0,0,0,0,0,0,0,0,0,0,0,0,,0,,,1,2,0,0,0,0,-0.52057449799031,0,49,90,1001,2,0,0,1603,187,41,33.5732728707478,0,0.624454148471616,0.164835164835165,0.333819241982507,0.480926216640502,0,112.3,161.3
2019,REG+POST,00-0033537,D.Watson,Deshaun Watson,QB,QB,"https://static.www.nfl.com/image/private/f_auto,q_auto/league/otfs2docj6eahaebo5xn",17,HOU,384,572,4487,29,12,55,311,4,2,5101,1925,222,84.7988853795854,2,0.879631444814742,0.122631551587653,102,505,9,7,1,32,24.136847439361,1,1,1,6,1,0,0,0,6,1,1.30336453410564,0,0.0,0.0384615384615385,,,0,382.58,383.58
2019,REG+POST,00-0033553,J.Conner,James Conner,RB,RB,"https://static.www.nfl.com/image/upload/f_auto,q_auto/league/rtvys5j7sxjrlbpy5iim",10,PIT,0,0,0,0,0,0,0,0,0,0,0,0,,0,,,116,464,4,1,1,26,-23.9777625549874,0,34,38,251,3,0,0,-54,298,14,18.4000577721693,0,-4.64814814814815,0.140221402214022,-0.023936170212766,0.193576784172097,0,111.5,145.5
2019,REG+POST,00-0033555,M.Hollins,Mack Hollins,WR,WR,"https://static.www.nfl.com/image/upload/f_auto,q_auto/league/xchw7quzjszgrm6psbyg",8,MIA,0,0,0,0,0,0,0,0,0,0,0,0,,0,,,0,0,0,0,0,0,,0,10,23,125,0,0,0,303,33,7,-2.25383600623965,0,0.412541254125413,0.0830324909747293,0.116718027734977,0.206251355876578,0,12.5,22.5
2019,REG+POST,00-0033556,T.Cohen,Tarik Cohen,RB,RB,"https://static.www.nfl.com/image/private/f_auto,q_auto/league/pm0uewrl0ugotlc5wbpc",16,CHI,0,0,0,0,0,0,0,0,0,0,0,0,,0,,,64,213,0,0,0,15,-8.24263402699806,0,79,104,456,3,1,0,182,429,18,-15.4299576074934,0,2.50549450549451,0.183745583038869,0.0416190258403842,0.304751692646573,0,84.9,163.9
2019,REG+POST,00-0033562,R.Switzer,Ryan Switzer,WR,WR,"https://static.www.nfl.com/image/private/f_auto,q_auto/league/s7w7b3uxhppii72mttcu",3,PIT,0,0,0,0,0,0,0,0,0,0,0,0,,0,,,0,0,0,0,0,0,,0,8,11,27,0,0,0,17,17,2,-3.98151539126411,0,1.58823529411765,0.11,0.0206812652068127,0.179476885644769,0,2.7,10.7
2019,REG+POST,00-0033566,D.King,Desmond King,CB,DB,"https://static.www.nfl.com/image/upload/f_auto,q_auto/league/bqwzwewlpjcgm8zgvcs9",1,LAC,0,0,0,0,0,0,0,0,0,0,0,0,,0,,,0,0,0,0,0,0,,0,0,0,0,0,0,0,0,0,0,,0,,,,,1,6.0,6.0
2019,REG+POST,00-0033567,B.Hill,Brian Hill,RB,RB,"https://static.www.nfl.com/image/private/f_auto,q_auto/league/bsgtdhaylnpxdhfxtx0y",10,ATL,0,0,0,0,0,0,0,0,0,0,0,0,,0,,,78,323,2,0,0,19,-6.98691625520634,0,10,14,69,1,0,0,21,54,4,1.82865788232817,0,3.28571428571429,0.0714285714285714,0.012589928057554,0.115955806783145,0,57.2,67.2
2019,REG+POST,00-0033572,J.Agnew,Jamal Agnew,WR,WR,"https://static.www.nfl.com/image/private/f_auto,q_auto/league/at0skjo9xsjgobkvqqz5",4,DET,0,0,0,0,0,0,0,0,0,0,0,0,,0,,,1,9,0,0,0,1,0.96290746377781,0,1,2,-2,0,0,0,29,1,0,-1.67469889903441,0,-0.0689655172413793,0.0689655172413793,0.111111111111111,0.181226053639847,2,12.7,13.7
2019,REG+POST,00-0033576,E.Saubert,Eric Saubert,TE,TE,"https://static.www.nfl.com/image/upload/f_auto,q_auto/league/pxcadtlbynaz2qbffpei",2,CHI,0,0,0,0,0,0,0,0,0,0,0,0,,0,,,0,0,0,0,0,0,,0,2,3,21,0,0,0,9,18,1,-1.56597883891664,0,2.33333333333333,0.0441176470588235,0.01875,0.0793014705882353,0,2.1,4.1
2019,REG+POST,00-0033589,D.Moore,David Moore,WR,WR,"https://static.www.nfl.com/image/upload/f_auto,q_auto/league/i2esmsczxxoq7pzvg6yf",15,SEA,0,0,0,0,0,0,0,0,0,0,0,0,,0,,,4,31,0,0,0,1,0.914962000097148,0,19,38,358,2,1,1,555,170,16,11.3809452476026,0,0.645045045045045,0.0855855855855856,0.132395038167939,0.221054905095936,0,48.9,67.9
2019,REG+POST,00-0033594,C.Carson,Chris Carson,RB,RB,"https://static.www.nfl.com/image/private/f_auto,q_auto/league/zxjqunrgf4j8p2eg4xyl",15,SEA,0,0,0,0,0,0,0,0,0,0,0,0,,0,,,278,1230,7,6,3,75,-25.5841005527718,0,37,47,266,2,1,1,-48,317,10,4.7764468708192,0,-5.54166666666667,0.103070175438596,-0.0110420979986197,0.146875794558861,0,195.6,232.6
2019,REG+POST,00-0033604,K.Hogan,Krishawn Hogan,WR,WR,"https://static.www.nfl.com/image/private/f_auto,q_auto/league/wxw9mclsvbju33ixnqz9",1,NO,0,0,0,0,0,0,0,0,0,0,0,0,,0,,,0,0,0,0,0,0,,0,1,1,4,0,0,0,2,2,0,-1.01898352592252,0,2.0,0.0256410256410256,0.007168458781362,0.0434794596084919,0,0.4,1.4
2019,REG+POST,00-0033611,R.Seals-Jones,Ricky Seals-Jones,TE,TE,"https://static.www.nfl.com/image/private/f_auto,q_auto/league/nqwpbsutfe0anvjkqeux",9,CLE,0,0,0,0,0,0,0,0,0,0,0,0,,0,,,0,0,0,0,0,0,,0,14,22,229,4,1,1,253,95,10,10.7206618372684,0,0.905138339920949,0.0750853242320819,0.111798497569598,0.190886934646841,0,44.9,58.9
2019,REG+POST,00-0033642,B.Bello,B.J. Bello,MLB,LB,"https://static.www.nfl.com/image/private/f_auto,q_auto/league/qcodwdsis92iva0h2wft",1,NYJ,0,0,0,0,0,0,0,0,0,0,0,0,,0,,,0,0,0,0,0,0,,0,0,0,0,0,0,0,0,0,0,,0,,,,,1,6.0,6.0
2019,REG+POST,00-0033658,B.Jarwin,Blake Jarwin,TE,TE,"https://static.www.nfl.com/image/private/f_auto,q_auto/league/fsn8rvgup22r5e53mu7i",15,DAL,0,0,0,0,0,0,0,0,0,0,0,0,,0,,,0,0,0,0,0,0,,0,31,41,365,3,1,0,329,157,17,14.1372684136228,0,1.10942249240122,0.0767790262172285,0.0677931176591799,0.162623721687269,0,54.5,85.5
2019,REG+POST,00-0033681,K.Cole,Keelan Cole,WR,WR,"https://static.www.nfl.com/image/private/f_auto,q_auto/league/djdjurxk3b6y347zirvz",11,JAX,0,0,0,0,0,0,0,0,0,0,0,0,,0,,,1,6,0,0,0,0,0.295005837979261,0,24,35,361,3,0,0,374,99,19,22.2450772891752,0,0.96524064171123,0.0875,0.123923127899271,0.21799618952949,0,54.7,78.7
2019,REG+POST,00-0033696,S.Culkin,Sean Culkin,TE,TE,"https://static.www.nfl.com/image/private/f_auto,q_auto/league/pj36sitdqfq76pveqckq",2,LAC,0,0,0,0,0,0,0,0,0,0,0,0,,0,,,0,0,0,0,0,0,,0,1,2,12,0,0,0,19,0,1,0.71763855178142,0,0.631578947368421,0.0263157894736842,0.026685393258427,0.0581534594914252,0,1.2,2.2
2019,REG+POST,00-0033699,A.Ekeler,Austin Ekeler,RB,RB,"https://static.www.nfl.com/image/upload/f_auto,q_auto/league/sldndpn2zwt4uhkj2zks",16,LAC,0,0,0,0,0,0,0,0,0,0,0,0,,0,,,132,557,3,1,1,32,-10.2979037558583,0,92,108,993,8,2,0,136,940,42,41.4780520874219,0,7.30147058823529,0.1875,0.0269680745587944,0.300127652191156,0,219.0,311.0
2019,REG+POST,00-0033705,A.Patton,Andre Patton,WR,WR,"https://static.www.nfl.com/image/private/f_auto,q_auto/league/dca3n5hsrjgafphple2g",7,LAC,0,0,0,0,0,0,0,0,0,0,0,0,,0,,,0,0,0,0,0,0,,0,6,17,56,0,0,0,272,28,4,-0.18175898535787,0,0.205882352941176,0.0666666666666667,0.128605200945626,0.190023640661939,0,5.6,11.6
2019,REG+POST,00-0033733,G.Ward,Greg Ward,WR,WR,"https://static.www.nfl.com/image/private/f_auto,q_auto/league/avy32bijim6pgiiu8gtz",7,PHI,0,0,0,0,0,0,0,0,0,0,0,0,,0,,,2,8,0,0,0,0,-0.375841107452288,0,31,44,278,1,0,0,296,106,20,7.42811826743028,0,0.939189189189189,0.154385964912281,0.155055002619172,0.340117449201842,0,34.6,65.6
2019,REG+POST,00-0033742,T.Swoopes,Tyrone Swoopes,TE,TE,"https://static.www.nfl.com/image/private/f_auto,q_auto/league/ezsap0lrb7u92giefiyb",1,SEA,0,0,0,0,0,0,0,0,0,0,0,0,,0,,,0,0,0,0,0,0,,0,1,1,5,0,0,0,-2,7,0,0.0219675757107325,0,0.0,0.0263157894736842,-0.0079365079365079,0.0339181286549708,0,0.5,1.5
2019,REG+POST,00-0033757,R.Tonyan,Robert Tonyan,TE,TE,"https://static.www.nfl.com/image/upload/f_auto,q_auto/league/y6enyobsifpchm2yhq9c",9,GB,0,0,0,0,0,0,0,0,0,0,0,0,,0,,,0,0,0,0,0,0,,0,10,15,100,1,0,0,158,26,4,1.67944049957441,0,0.632911392405063,0.0477707006369427,0.0607458669742407,0.114178157837383,0,16.0,26.0
2019,REG+POST,00-0033770,J.Hardee,Justin Hardee,CB,DB,"https://static.www.nfl.com/image/upload/f_auto,q_auto/league/mcsbislogexqzusejqkn",1,NO,0,0,0,0,0,0,0,0,0,0,0,0,,0,,,0,0,0,0,0,0,,0,0,1,0,0,0,0,10,0,0,-2.07950901577715,0,0.0,0.0256410256410256,0.03584229390681,0.0635511441963055,0,0.0,0.0
2019,REG+POST,00-0033787,J.Elliott,Jake Elliott,K,SPEC,"https://static.www.nfl.com/image/upload/f_auto,q_auto/league/i8ukmvghlwc2to4up8zp",1,PHI,0,1,0,0,1,0,0,0,0,6,0,0,-2.40306872234214,0,0.0,,0,0,0,0,0,0,,0,0,0,0,0,0,0,0,0,0,,0,,,,,0,-2.0,-2.0
2019,REG+POST,00-0033789,T.Logan,T.J. Logan,RB,RB,"https://static.www.nfl.com/image/private/f_auto,q_auto/league/ujf1khcqyjvzh8lukjdv",5,TB,0,0,0,0,0,0,0,0,0,0,0,0,,0,,,3,10,0,0,0,0,-0.602045161009301,0,2,3,13,0,0,0,30,9,1,-1.82164600747637,0,0.433333333333333,0.0218978102189781,0.0226073850791259,0.0486718848838553,0,2.3,4.3
2019,REG+POST,00-0033791,B.Wilson,Brandon Wilson,FS,DB,"https://static.www.nfl.com/image/private/f_auto,q_auto/league/qivxnok733r3757ruzqy",1,CIN,0,0,0,0,0,0,0,0,0,0,0,0,,0,,,0,0,0,0,0,0,,0,0,0,0,0,0,0,0,0,0,,0,,,,,1,6.0,6.0
2019,REG+POST,00-0033838,T.Edmunds,Trey Edmunds,RB,RB,"https://static.www.nfl.com/image/private/f_auto,q_auto/league/xuzfvi2xmfnlkmlbqun3",6,PIT,0,0,0,0,0,0,0,0,0,0,0,0,,0,,,22,92,0,0,0,2,-6.68427916802466,0,6,7,48,0,0,0,6,42,2,5.06059005917632,0,8.0,0.0721649484536082,0.0080321285140562,0.113869912640252,0,14.0,20.0
2019,REG+POST,00-0033839,D.Westbrook,Dede Westbrook,WR,WR,"https://static.www.nfl.com/image/private/f_auto,q_auto/league/jjlxw2ircxecpx3ipeax",15,JAX,0,0,0,0,0,0,0,0,0,0,0,0,,0,,,5,27,0,0,0,0,0.824108163593337,0,66,101,660,3,0,0,670,311,31,-2.14343889427147,2,0.985074626865672,0.194605009633911,0.172680412371134,0.412783803110661,0,90.7,156.7
2019,REG+POST,00-0033854,D.Ogunbowale,Dare Ogunbowale,RB,RB,"https://static.www.nfl.com/image/upload/f_auto,q_auto/league/kzthvzy64jesgizjthwx",16,TB,0,0,0,0,0,0,0,0,0,0,0,0,,0,,,11,17,2,0,0,3,-0.0268094604603069,0,35,46,286,0,1,1,121,207,14,-10.7724533404846,0,2.36363636363636,0.0787671232876712,0.0197036313304022,0.131943226862788,0,40.3,75.3
2019,REG+POST,00-0033856,L.Fournette,Leonard Fournette,RB,RB,"https://static.www.nfl.com/image/private/f_auto,q_auto/league/atxppoc7zqcjnbnk0awz",15,JAX,0,0,0,0,0,0,0,0,0,0,0,0,,0,,,265,1152,3,0,0,55,-17.4128553783352,0,76,100,522,0,1,1,13,558,23,-19.0772652218324,0,40.1538461538462,0.190839694656489,0.0034300791556728,0.288660597393704,0,183.4,259.4
2019,REG+POST,00-0033857,J.Smith-Schuster,JuJu Smith-Schuster,WR,WR,"https://static.www.nfl.com/image/upload/f_auto,q_auto/league/l0hsr6xsbsagzygcqhci",12,PIT,0,0,0,0,0,0,0,0,0,0,0,0,,0,,,0,0,0,0,0,0,,0,42,70,552,3,1,1,683,222,23,-2.10462755584,0,0.808199121522694,0.179028132992327,0.224154906465376,0.425450634014254,0,71.2,113.2
2019,REG+POST,00-0033858,J.Smith,Jonnu Smith,TE,TE,"https://static.www.nfl.com/image/upload/f_auto,q_auto/league/p8uldtljkzb6sile3wgx",18,TEN,0,0,0,0,0,0,0,0,0,0,0,0,,0,,,4,78,0,0,0,2,4.67698898346862,0,41,53,498,4,0,0,303,300,18,19.5316357668489,0,1.64356435643564,0.124413145539906,0.0809727418492785,0.243300637604354,0,81.6,122.6
2019,REG+POST,00-0033869,M.Trubisky,Mitchell Trubisky,QB,QB,"https://static.www.nfl.com/image/upload/f_auto,q_auto/league/jetjlsljpb3shogn5grq",15,CHI,326,516,3138,17,10,38,234,3,2,4108,1403,156,-36.0762048780604,1,0.763875365141188,0.0255859149662815,48,193,2,2,0,12,-1.07809154602471,0,0,0,0,0,0,0,0,0,0,,0,,,,,0,202.82,202.82
2019,REG+POST,00-0033871,C.Davis,Corey Davis,WR,WR,"https://static.www.nfl.com/image/private/f_auto,q_auto/league/hr0uv4ai1zhkn7nof2a2",18,TEN,0,0,0,0,0,0,0,0,0,0,0,0,,0,,,0,0,0,0,0,0,,0,49,81,669,3,1,0,998,243,38,32.756751608901,0,0.670340681362725,0.171974522292994,0.240366088631985,0.42621804548188,0,84.9,133.9
2019,REG+POST,00-0033873,P.Mahomes,Patrick Mahomes,QB,QB,"https://static.www.nfl.com/image/upload/f_auto,q_auto/league/qrdbvu4iqy7wkqg8jq8d",17,KC,391,596,4932,36,7,23,147,4,2,5156,2333,219,174.240863385658,1,0.95655546935609,0.180054188501415,67,353,4,2,0,26,23.8250326270936,0,0,0,0,0,0,0,0,0,0,,0,,,,,0,384.58,384.58
2019,REG+POST,00-0033879,O.Howard,O.J. Howard,TE,TE,"https://static.www.nfl.com/image/private/f_auto,q_auto/league/wlvviyfhdn5fz5p04r95",12,TB,0,0,0,0,0,0,0,0,0,0,0,0,,0,,,0,0,0,0,0,0,,0,34,53,459,1,1,1,528,150,23,9.38509033355882,0,0.869318181818182,0.111578947368421,0.107469977610421,0.242597405379927,0,49.9,83.9
2019,REG+POST,00-0033881,E.Engram,Evan Engram,TE,TE,"https://static.www.nfl.com/image/upload/f_auto,q_auto/league/sea0atk2feif4n75dvq8",8,NYG,0,0,0,0,0,0,0,0,0,0,0,0,,0,,,3,7,0,0,0,0,-0.608973877737299,0,44,68,467,3,0,0,397,252,23,3.24308696505707,0,1.17632241813602,0.221498371335505,0.17208495882098,0.452707028177943,0,65.4,109.4
2019,REG+POST,00-0033885,D.Njoku,David Njoku,TE,TE,"https://static.www.nfl.com/image/private/f_auto,q_auto/league/ilvxwdllivrvwbuj69cm",3,CLE,0,0,0,0,0,0,0,0,0,0,0,0,,0,,,0,0,0,0,0,0,,0,5,10,41,1,0,0,64,16,3,-7.06852245505434,0,0.640625,0.108695652173913,0.0723981900452489,0.213722211292544,0,10.1,15.1
2019,REG+POST,00-0033891,Z.Jones,Zay Jones,WR,WR,"https://static.www.nfl.com/image/upload/f_auto,q_auto/league/uxtqpnwdviolravhnrkw",14,LV,0,0,0,0,0,0,0,0,0,0,0,0,,0,,,1,3,0,0,0,0,-0.291332903550938,0,27,45,216,0,0,0,484,77,10,-15.2168816359,0,0.446280991735537,0.101580135440181,0.142983751846381,0.252458829452738,0,21.9,48.9
2019,REG+POST,00-0033893,D.Cook,Dalvin Cook,RB,RB,"https://static.www.nfl.com/image/upload/f_auto,q_auto/league/uurolop9ktcloxqh4fid",16,MIN,0,0,0,0,0,0,0,0,0,0,0,0,,0,,,287,1247,15,3,2,67,-2.763452000302,0,62,76,563,0,2,0,-105,639,27,26.5999231409745,0,-5.36190476190476,0.168141592920354,-0.0306748466257669,0.230739996742494,0,267.0,329.0
2019,REG+POST,00-0033895,G.Everett,Gerald Everett,TE,TE,"https://static.www.nfl.com/image/upload/f_auto,q_auto/league/aayw74rhaupmfnnikzak",12,LA,0,0,0,0,0,0,0,0,0,0,0,0,,0,,,1,0,0,0,0,0,-1.5649566075583,0,37,60,408,2,0,0,487,178,22,5.86617547159869,0,0.837782340862423,0.134529147982063,0.134122831175985,0.295679703796283,0,52.8,89.8
2019,REG+POST,00-0033896,A.Shaheen,Adam Shaheen,TE,TE,"https://static.www.nfl.com/image/private/f_auto,q_auto/league/rvj5swstfh0vf6f6w2hr",7,CHI,0,0,0,0,0,0,0,0,0,0,0,0,,0,,,0,0,0,0,0,0,,0,9,13,74,0,0,0,49,38,3,0.652080962162712,1,1.51020408163265,0.0541666666666667,0.0275435637998876,0.100530494659921,0,9.4,18.4
2019,REG+POST,00-0033897,J.Mixon,Joe Mixon,RB,RB,"https://static.www.nfl.com/image/upload/f_auto,q_auto/league/gwyhozfhjgedwdmmjjcf",16,CIN,0,0,0,0,0,0,0,0,0,0,0,0,,0,,,278,1137,5,0,0,56,-21.95620812377,0,35,45,287,3,0,0,-2,331,14,8.17413883129484,0,-143.5,0.0797872340425532,-0.0004385003288752,0.119373900833617,0,190.4,225.4
2019,REG+POST,00-0033904,D.Dawkins,Dion Dawkins,T,OL,"https://static.www.nfl.com/image/upload/f_auto,q_auto/league/y91b58ldqfxiiluu70g0",1,BUF,0,0,0,0,0,0,0,0,0,0,0,0,,0,,,0,0,0,0,0,0,,0,1,1,1,1,0,0,1,0,1,2.8585252801422,0,1.0,0.0384615384615385,0.0031545741324921,0.0599005095850522,0,6.1,7.1
2019,REG+POST,00-0033906,A.Kamara,Alvin Kamara,RB,RB,"https://static.www.nfl.com/image/private/f_auto,q_auto/league/tl9enad6kiwv6cukf4vt",15,NO,1,1,13,0,0,0,0,0,0,11,2,1,0.964814729755744,0,1.18181818181818,,178,818,6,3,1,33,-20.6355361263757,0,89,106,567,1,1,0,25,593,28,-3.94469003238971,0,22.68,0.206627680311891,0.0072907553222513,0.315045049193412,0,179.02,268.02
2019,REG+POST,00-0033908,C.Kupp,Cooper Kupp,WR,WR,"https://static.www.nfl.com/image/upload/f_auto,q_auto/league/sq7zwzcgrajuk0hwwph2",16,LA,0,1,0,0,0,0,0,0,0,19,0,0,-1.31501163384681,0,0.0,,2,4,0,0,0,0,-0.551536311744712,0,94,134,1161,10,3,0,970,538,51,67.4039319360884,0,1.19690721649485,0.218954248366013,0.20204124140804,0.469860241534648,0,176.5,270.5
2019,REG+POST,00-0033911,T.Taylor,Taywan Taylor,WR,WR,"https://static.www.nfl.com/image/private/f_auto,q_auto/league/n0kolr3zjappzojczo5w",1,CLE,0,0,0,0,0,0,0,0,0,0,0,0,,0,,,0,0,0,0,0,0,,0,0,1,0,0,0,0,33,0,0,-0.533595996908844,0,0.0,0.03125,0.101851851851852,0.118171296296296,0,0.0,0.0
2019,REG+POST,00-0033921,C.Godwin,Chris Godwin,WR,WR,"https://static.www.nfl.com/image/upload/f_auto,q_auto/league/al7b3dzqhysgve7l5lke",14,TB,0,0,0,0,0,0,0,0,0,0,0,0,,0,,,1,8,0,0,0,0,0.535331830498762,0,86,121,1333,9,0,0,1267,577,63,84.8615808808897,1,1.05209155485399,0.225325884543762,0.22961217832548,0.498717351643479,0,190.1,276.1
2019,REG+POST,00-0033923,K.Hunt,Kareem Hunt,RB,RB,"https://static.www.nfl.com/image/upload/f_auto,q_auto/league/mm0t1ghvbpdhy6m5utcq",8,CLE,0,0,0,0,0,1,8,0,0,0,0,0,-1.22352245077491,0,,,43,179,2,1,0,8,-6.18043723126175,0,37,44,285,1,0,0,35,276,17,13.7184468838968,0,8.14285714285714,0.172549019607843,0.0146627565982405,0.269087459030533,0,64.4,101.4
2019,REG+POST,00-0033932,K.Golladay,Kenny Golladay,WR,WR,"https://static.www.nfl.com/image/private/f_auto,q_auto/league/vck7awhkwwhui3ndgts3",16,DET,0,0,0,0,0,0,0,0,0,0,0,0,,0,,,0,0,0,0,0,0,,0,65,116,1190,11,1,1,1698,304,52,46.0690079042028,0,0.700824499411072,0.210909090909091,0.325287356321839,0.544064785788924,0,183.0,248.0
2019,REG+POST,00-0033933,C.Williams,Chad Williams,WR,WR,"https://static.www.nfl.com/image/private/f_auto,q_auto/league/euzfm4rfpar0i5lmm2df",1,IND,0,0,0,0,0,0,0,0,0,0,0,0,,0,,,0,0,0,0,0,0,,0,0,1,0,0,0,0,15,0,0,-1.08445769688115,0,0.0,0.0285714285714286,0.0420168067226891,0.0722689075630252,0,0.0,0.0
2019,REG+POST,00-0033943,J.Reynolds,Josh Reynolds,WR,WR,"https://static.www.nfl.com/image/upload/f_auto,q_auto/league/ifukozhqlo1728h3gjnp",16,LA,0,0,0,0,0,0,0,0,0,0,0,0,,0,,,5,23,0,0,0,2,-0.326371778501198,0,21,43,326,1,0,0,459,139,15,3.59584486579664,0,0.710239651416122,0.0738831615120275,0.102068045363576,0.182272374022544,0,40.9,61.9
2019,REG+POST,00-0033948,J.Williams,Jamaal Williams,RB,RB,"https://static.www.nfl.com/image/upload/f_auto,q_auto/league/yxrxpgcwq5qwp88vqnp3",16,GB,0,0,0,0,0,0,0,0,0,0,0,0,,0,,,111,469,1,0,0,23,-6.85034603850637,0,42,49,263,5,0,0,-35,292,16,13.8245944019582,0,-7.51428571428571,0.0949612403100775,-0.0095341868700626,0.135767929656072,0,109.2,151.2
2019,REG+POST,00-0033950,W.Gallman,Wayne Gallman,RB,RB,"https://static.www.nfl.com/image/private/f_auto,q_auto/league/zrc9lbsy94hxanrf5voo",9,NYG,0,0,0,0,0,0,0,0,0,0,0,0,,0,,,29,110,2,1,1,6,-8.24517242447473,0,11,15,102,1,0,0,31,104,4,3.55247395401238,0,3.29032258064516,0.0630252100840336,0.0237003058103976,0.111128029193329,0,37.2,48.2
2019,REG+POST,00-0033951,M.Mack,Marlon Mack,RB,RB,"https://static.www.nfl.com/image/private/f_auto,q_auto/league/d3sdoo1yiey5oiyblulk",14,IND,0,0,0,0,0,0,0,0,0,0,0,0,,0,,,247,1091,8,0,0,67,0.752774140051859,1,14,17,82,0,0,0,-5,80,2,0.0163438381277956,0,-16.4,0.0723404255319149,-0.0028200789622109,0.106536583024325,0,167.3,181.3
2019,REG+POST,00-0033994,F.Brown,Fred Brown,WR,WR,"https://static.www.nfl.com/image/private/f_auto,q_auto/league/ljihjkepcfnshjkom2un",2,DEN,0,0,0,0,0,0,0,0,0,0,0,0,,0,,,0,0,0,0,0,0,,0,2,3,21,0,0,0,34,0,1,0.0240236029494554,0,0.617647058823529,0.0545454545454545,0.0947075208913649,0.148113446442137,0,2.1,4.1
2019,REG+POST,00-0034011,D.Arnold,Dan Arnold,TE,TE,"https://static.www.nfl.com/image/private/f_auto,q_auto/league/wym2o0jlxcvswj3gy9kv",5,ARI,0,0,0,0,0,0,0,0,0,0,0,0,,0,,,0,0,0,0,0,0,,0,8,14,127,2,0,0,182,29,6,7.74031361420641,0,0.697802197802198,0.0848484848484849,0.146537842190016,0.229849216805739,0,24.7,32.7
2019,REG+POST,00-0034034,R.Davis,Rashard Davis,WR,WR,"https://static.www.nfl.com/image/private/f_auto,q_auto/league/row1skup96vnnn29zsdq",1,TEN,0,0,0,0,0,0,0,0,0,0,0,0,,0,,,0,0,0,0,0,0,,0,1,1,16,0,0,0,16,0,1,1.55485236243112,0,1.0,0.0476190476190476,0.0563380281690141,0.110865191146881,0,1.6,2.6
2019,REG+POST,00-0034052,B.Zylstra,Brandon Zylstra,WR,WR,"https://static.www.nfl.com/image/private/f_auto,q_auto/league/arx0mz7gc5dm0wfc5kfx",4,CAR,0,0,0,0,0,0,0,0,0,0,0,0,,0,,,0,0,0,0,0,0,,0,8,12,106,0,0,0,160,10,5,5.45755642323638,0,0.6625,0.0714285714285714,0.112280701754386,0.185739348370927,0,10.6,18.6
2019,REG+POST,00-0034064,C.Wadman,Colby Wadman,P,SPEC,"https://static.www.nfl.com/image/private/f_auto,q_auto/league/hlmh4uiswctg0tlo0yh1",1,DEN,0,0,0,0,0,1,7,0,0,0,0,0,-3.18508042744361,0,,,0,0,0,0,0,0,,0,0,0,0,0,0,0,0,0,0,,0,,,,,0,0.0,0.0
2019,REG+POST,00-0034073,R.Dwelley,Ross Dwelley,TE,TE,"https://static.www.nfl.com/image/upload/f_auto,q_auto/league/ukd8ctqgskd8q5psumou",6,SF,0,0,0,0,0,0,0,0,0,0,0,0,,0,,,0,0,0,0,0,0,,0,15,22,91,2,0,0,117,40,8,3.83269818738336,0,0.777777777777778,0.11,0.0826855123674912,0.222879858657244,0,21.1,36.1
2019,REG+POST,00-0034081,S.Mitchell,Steven Mitchell,WR,WR,"https://static.www.nfl.com/image/private/f_auto,q_auto/league/lavpxb848zx0stc1imzb",2,HOU,0,0,0,0,0,0,0,0,0,0,0,0,,0,,,0,0,0,0,0,0,,0,2,6,37,0,0,0,101,14,2,1.29087851874647,0,0.366336633663366,0.1,0.233796296296296,0.313657407407407,0,3.7,5.7
2019,REG+POST,00-0034104,C.Sims,Cam Sims,WR,WR,"https://static.www.nfl.com/image/private/f_auto,q_auto/league/rskkpergva4snsvgathy",2,WAS,0,0,0,0,0,0,0,0,0,0,0,0,,0,,,0,0,0,0,0,0,,0,2,3,27,0,0,0,35,8,1,1.99539357097819,0,0.771428571428571,0.0416666666666667,0.0665399239543726,0.109077946768061,0,2.7,4.7
2019,REG+POST,00-0034109,P.Lindsay,Phillip Lindsay,RB,RB,"https://static.www.nfl.com/image/private/f_auto,q_auto/league/soywd4cnq19pigrwabb5",16,DEN,0,0,0,0,0,0,0,0,0,0,0,0,,0,,,224,1011,7,0,0,38,-10.7664506939507,0,35,48,196,0,0,0,-71,243,9,-2.76466976499069,0,-2.76056338028169,0.103671706263499,-0.0240922972514421,0.138642951319239,0,162.7,197.7
2019,REG+POST,00-0034115,J.Wilson,Jeffery Wilson,RB,RB,"https://static.www.nfl.com/image/private/f_auto,q_auto/league/zorqrtlrizlltgd6pnob",9,SF,0,0,0,0,0,0,0,0,0,0,0,0,,0,,,27,105,4,0,0,9,0.98639518363052,0,4,6,54,1,0,0,16,37,2,0.755985181280032,0,3.375,0.0327868852459016,0.0124902419984387,0.0579234972677596,0,45.9,49.9
2019,REG+POST,00-0034132,C.Blake,Christian Blake,WR,WR,"https://static.www.nfl.com/image/private/f_auto,q_auto/league/xaaqzgbfsqhs4qvdndrz",6,ATL,0,0,0,0,0,0,0,0,0,0,0,0,,0,,,0,0,0,0,0,0,,0,11,24,91,0,0,0,184,24,5,-3.88381814741297,0,0.494565217391304,0.096,0.0940214614205416,0.209815022994379,0,9.1,20.1
2019,REG+POST,00-0034159,W.Dissly,Will Dissly,TE,TE,"https://static.www.nfl.com/image/upload/f_auto,q_auto/league/opdpeoconvviwkufolxr",6,SEA,0,0,0,0,0,0,0,0,0,0,0,0,,0,,,1,7,0,0,0,0,0.397375866305083,0,23,27,262,4,1,0,256,70,14,18.7089231300116,0,1.0234375,0.149171270718232,0.152199762187872,0.330296739608858,0,50.9,73.9
2019,REG+POST,00-0034177,T.Boyle,Tim Boyle,QB,QB,"https://static.www.nfl.com/image/upload/f_auto,q_auto/league/zmfyonfo6ohn5bxqwaxg",3,GB,3,4,15,0,0,0,0,0,0,10,14,1,-0.454420716734603,0,1.5,,5,-7,0,0,0,0,0.0,0,0,0,0,0,0,0,0,0,0,,0,,,,,0,-0.1,-0.1
2019,REG+POST,00-0034184,G.Edwards,Gus Edwards,RB,RB,"https://static.www.nfl.com/image/upload/f_auto,q_auto/league/dyobqe3w5eypevsk3f2b",17,BAL,0,0,0,0,0,0,0,0,0,0,0,0,,0,,,136,731,2,2,1,47,8.16789151143861,0,7,7,45,0,0,0,0,45,2,1.94868587557303,0,0.0,0.0395480225988701,0.0,0.0593220338983051,0,87.6,94.6
2019,REG+POST,00-0034201,D.Turner,De'Lance Turner,RB,RB,"https://static.www.nfl.com/image/private/f_auto,q_auto/league/eyoauplfm4yffbfu9ijf",1,MIA,0,0,0,0,0,0,0,0,0,0,0,0,,0,,,4,6,0,0,0,0,-1.57103978050873,0,0,0,0,0,0,0,0,0,0,,0,,,,,0,0.6,0.6
2019,REG+POST,00-0034203,D.Williams,Darious Williams,CB,DB,"https://static.www.nfl.com/image/upload/f_auto,q_auto/league/dewntuji0qaai8mlayq4",1,LA,0,0,0,0,0,0,0,0,0,0,0,0,,0,,,0,0,0,0,0,0,,0,0,0,0,0,0,0,0,0,0,,0,,,,,1,6.0,6.0
2019,REG+POST,00-0034208,M.Boone,Mike Boone,RB,RB,"https://static.www.nfl.com/image/upload/f_auto,q_auto/league/yeoyrlaf9hlvowj6fdio",5,MIN,0,0,0,0,0,0,0,0,0,0,0,0,,0,,,49,273,3,0,0,9,1.0374060938664,0,3,4,17,0,0,0,-5,26,0,-7.38328770338558,0,-3.4,0.08,-0.015625,0.1090625,0,47.0,50.0
2019,REG+POST,00-0034253,D.Hilliard,Dontrell Hilliard,RB,RB,"https://static.www.nfl.com/image/private/f_auto,q_auto/league/ukhyslngeuojxkjqfq9f",6,CLE,0,0,0,0,0,0,0,0,0,0,0,0,,0,,,13,49,2,0,0,3,-0.710157565460502,0,12,15,92,0,0,0,5,103,4,-1.12749694054946,0,18.4,0.072463768115942,0.0032154340836012,0.110946456032434,0,26.1,38.1
2019,REG+POST,00-0034256,D.Scott,Da'Mari Scott,WR,WR,"https://static.www.nfl.com/image/private/f_auto,q_auto/league/nebin0nevleumqvsk0fu",2,NYG,0,0,0,0,0,0,0,0,0,0,0,0,,0,,,1,5,0,0,0,0,-0.142631361726671,0,2,3,22,0,0,0,19,14,2,1.10787508130306,0,1.15789473684211,0.04,0.0320404721753794,0.0824283305227656,0,2.7,4.7
2019,REG+POST,00-0034267,J.Scott,Jaleel Scott,WR,WR,"https://static.www.nfl.com/image/private/f_auto,q_auto/league/npoq59gzmfmtwmrfdnhk",1,BAL,0,0,0,0,0,0,0,0,0,0,0,0,,0,,,0,0,0,0,0,0,,0,1,3,6,0,0,0,39,6,0,-1.35485864069778,0,0.153846153846154,0.15,0.288888888888889,0.427222222222222,0,0.6,1.6
2019,REG+POST,00-0034270,T.Conklin,Tyler Conklin,TE,TE,"https://static.www.nfl.com/image/upload/f_auto,q_auto/league/chajhumpfogd8effewe6",7,MIN,0,0,0,0,0,0,0,0,0,0,0,0,,0,,,0,0,0,0,0,0,,0,9,12,63,0,0,0,57,28,2,1.78256700903876,0,1.10526315789474,0.0568720379146919,0.0468364831552999,0.118093595080748,0,6.3,15.3
2019,REG+POST,00-0034272,M.Valdes-Scantling,Marquez Valdes-Scantling,WR,WR,"https://static.www.nfl.com/image/upload/f_auto,q_auto/league/vn2bg6lhyl15xrymtd5g",16,GB,0,0,0,0,0,0,0,0,0,0,0,0,,0,,,2,9,0,0,0,0,0.166191464290023,0,27,57,460,2,0,0,944,159,14,5.15250316870855,0,0.48728813559322,0.106145251396648,0.198111227701994,0.297895736486368,0,58.9,85.9
2019,REG+POST,00-0034273,D.Ratley,Damion Ratley,WR,WR,"https://static.www.nfl.com/image/private/f_auto,q_auto/league/yafh5dzxcfpwqwrirmdd",9,CLE,0,0,0,0,0,0,0,0,0,0,0,0,,0,,,0,0,0,0,0,0,,0,12,24,200,1,0,0,307,47,11,11.0120488621152,0,0.651465798045603,0.0863309352517986,0.119548286604361,0.213180203500751,0,26.0,38.0
2019,REG+POST,00-0034286,R.James,Richie James,WR,WR,"https://static.www.nfl.com/image/private/f_auto,q_auto/league/qusoivtzbud2wl0spptz",7,SF,0,0,0,0,0,0,0,0,0,0,0,0,,0,,,2,-1,0,0,0,0,-1.65224769880297,0,6,10,165,1,0,0,119,103,5,6.76800043191133,0,1.38655462184874,0.0675675675675676,0.118407960199005,0.184236923490655,0,22.4,28.4
2019,REG+POST,00-0034297,B.Pringle,Byron Pringle,WR,WR,"https://static.www.nfl.com/image/private/f_auto,q_auto/league/qgwipkdsunodvqlumsmp",6,KC,0,0,0,0,0,0,0,0,0,0,0,0,,0,,,0,0,0,0,0,0,,0,12,16,170,1,0,0,178,63,7,7.15908013551962,0,0.955056179775281,0.0737327188940092,0.0890445222611306,0.172930243923805,0,23.0,35.0
2019,REG+POST,00-0034301,D.Williams,Darrel Williams,RB,RB,"https://static.www.nfl.com/image/private/f_auto,q_auto/league/qloiwle7db59cznhqhub",9,KC,0,0,0,0,0,0,0,0,0,0,0,0,,0,,,41,141,3,1,1,12,-10.2266951809288,0,15,19,167,1,0,0,21,179,7,5.51468241275607,0,7.95238095238095,0.0772357723577236,0.0108864696734059,0.12347418730797,0,52.8,67.8
2019,REG+POST,00-0034309,C.Beebe,Chad Beebe,WR,WR,"https://static.www.nfl.com/image/private/f_auto,q_auto/league/dd7cmld2lqxgqnizif4p",2,MIN,0,0,0,0,0,0,0,0,0,0,0,0,,0,,,0,0,0,0,0,0,,0,2,2,70,0,0,0,4,66,2,6.31478990110918,0,17.5,0.0555555555555556,0.0135593220338983,0.0928248587570621,0,7.0,9.0
2019,REG+POST,00-0034319,D.Yelder,Deon Yelder,TE,TE,"https://static.www.nfl.com/image/private/f_auto,q_auto/league/ipykvobx6lilpvc5vyca",4,KC,0,0,0,0,0,0,0,0,0,0,0,0,,0,,,0,0,0,0,0,0,,0,4,5,61,0,0,0,39,42,3,3.47321184212342,0,1.56410256410256,0.032258064516129,0.0284049526584122,0.0682705636350821,0,6.1,10.1
2019,REG+POST,00-0034331,J.Samuels,Jaylen Samuels,RB,RB,"https://static.www.nfl.com/image/private/f_auto,q_auto/league/stceem3dtyjhdlqlaqxn",13,PIT,4,5,35,0,1,0,0,0,0,-11,50,2,-3.51145892136265,0,0.0,0.0440277838501194,66,175,1,0,0,9,-15.0245173045885,0,47,57,305,1,1,1,-45,366,19,-4.25282475878442,0,-6.77777777777778,0.141089108910891,-0.0169045830202855,0.199800455252137,0,57.4,104.4
2019,REG+POST,00-0034339,T.Quinn,Trey Quinn,WR,WR,"https://static.www.nfl.com/image/private/f_auto,q_auto/league/ln6e9abuw9gjvaqjwltw",12,WAS,0,0,0,0,0,0,0,0,0,0,0,0,,0,,,0,0,0,0,0,0,,0,26,47,198,1,1,1,324,61,10,-20.5583373246887,1,0.611111111111111,0.138643067846608,0.126414358174015,0.296454652491722,0,25.8,51.8
2019,REG+POST,00-0034342,Q.Nelson,Quenton Nelson,G,OL,"https://static.www.nfl.com/image/upload/f_auto,q_auto/league/fehjl7drjhhirpyfkxhd",1,IND,0,0,0,0,0,0,0,0,0,0,0,0,,0,,,1,0,0,0,0,0,-0.963777064054739,0,0,0,0,0,0,0,0,0,0,,0,,,,,0,0.0,0.0
2019,REG+POST,00-0034343,J.Rosen,Josh Rosen,QB,QB,"https://static.www.nfl.com/image/private/f_auto,q_auto/league/nqycxzi8tkcyauk55mj8",5,MIA,58,109,567,1,5,16,93,1,0,899,319,26,-49.4651330775388,0,0.630700778642937,-0.0387632611908027,3,13,0,0,0,0,-1.04286969616078,0,0,0,0,0,0,0,0,0,0,,0,,,,,0,17.98,17.98
2019,REG+POST,00-0034348,C.Sutton,Courtland Sutton,WR,WR,"https://static.www.nfl.com/image/upload/f_auto,q_auto/league/qts95gbd6hv65s9eiseq",16,DEN,1,1,38,0,0,0,0,0,0,37,1,1,2.5538151555229,0,1.02702702702703,,3,17,0,0,0,1,2.82335748750484,0,72,124,1112,6,2,0,1436,352,50,50.3384861057723,0,0.774373259052925,0.257796257796258,0.426745913818722,0.685416526367492,0,150.42,222.42
2019,REG+POST,00-0034349,K.Johnson,Kerryon Johnson,RB,RB,"https://static.www.nfl.com/image/private/f_auto,q_auto/league/tmqxfjwvjlcfacertjqp",8,DET,0,0,0,0,0,0,0,0,0,0,0,0,,0,,,113,403,3,1,1,22,-20.5236481302418,0,10,15,127,1,0,0,69,116,7,3.95279547776014,0,1.84057971014493,0.0638297872340426,0.0291508238276299,0.116150257530405,0,75.0,85.0
2019,REG+POST,00-0034351,D.Goedert,Dallas Goedert,TE,TE,"https://static.www.nfl.com/image/upload/f_auto,q_auto/league/wfj54vhw1zxwwb3vdi61",16,PHI,0,0,0,0,0,0,0,0,0,0,0,0,,0,,,0,0,0,0,0,0,,0,65,95,680,5,2,2,563,351,37,13.2767219659528,0,1.20781527531084,0.163230240549828,0.124833702882483,0.332228952842481,0,94.0,159.0
2019,REG+POST,00-0034353,A.Miller,Anthony Miller,WR,WR,"https://static.www.nfl.com/image/upload/f_auto,q_auto/league/uvxiydh3yxydavl2fgpr",16,CHI,0,0,0,0,0,0,0,0,0,0,0,0,,0,,,1,-1,0,1,1,0,-5.32068521087058,0,52,85,656,2,0,0,865,217,34,20.283292817426,0,0.758381502890173,0.15017667844523,0.197804710724903,0.363728315175277,0,75.5,127.5
2019,REG+POST,00-0034358,D.Guice,Derrius Guice,RB,RB,"https://static.www.nfl.com/image/private/f_auto,q_auto/league/vkzgf6tpbcidlbnvyvon",5,WAS,0,0,0,0,0,0,0,0,0,0,0,0,,0,,,42,245,2,0,0,9,3.00165424478473,0,7,9,79,1,0,0,-3,86,2,3.1848751551006,0,-26.3333333333333,0.0703125,-0.0026525198938992,0.103611986074271,0,50.4,57.4
2019,REG+POST,00-0034361,J.Reid,Justin Reid,SS,DB,"https://static.www.nfl.com/image/private/f_auto,q_auto/league/hcj2bp24j6zxngejcosp",1,HOU,0,0,0,0,0,0,0,0,0,0,0,0,,0,,,1,2,0,0,0,0,-2.80552276456729,0,0,0,0,0,0,0,0,0,0,,0,,,,,0,0.2,0.2
2019,REG+POST,00-0034364,J.Akins,Jordan Akins,TE,TE,"https://static.www.nfl.com/image/private/f_auto,q_auto/league/fgkl9zfpy2yxrkxfge84",16,HOU,0,0,0,0,0,0,0,0,0,0,0,0,,0,,,0,0,0,0,0,0,,0,36,55,418,2,0,0,393,246,21,13.2125157676846,0,1.06361323155216,0.106177606177606,0.0879391362720967,0.220823804656877,0,53.8,89.8
2019,REG+POST,00-0034365,I.Thomas,Ian Thomas,TE,TE,"https://static.www.nfl.com/image/upload/f_auto,q_auto/league/qrcffo16hdkcvxuvjppy",9,CAR,0,0,0,0,0,0,0,0,0,0,0,0,,0,,,0,0,0,0,0,0,,0,16,30,136,1,0,0,204,77,10,-3.89324665525278,0,0.666666666666667,0.0819672131147541,0.0701513067400275,0.17205673439015,0,19.6,35.6
2019,REG+POST,00-0034366,K.Coutee,Keke Coutee,WR,WR,"https://static.www.nfl.com/image/private/f_auto,q_auto/league/b63h388y8kzvntk6tuqx",8,HOU,0,0,0,0,0,0,0,0,0,0,0,0,,0,,,2,14,1,0,0,2,1.81726480124053,0,22,36,254,0,1,1,272,140,10,-11.968206108854,0,0.933823529411765,0.129496402877698,0.111566858080394,0.272341404972822,0,30.8,52.8
2019,REG+POST,00-0034367,N.Miller-Hines,Nyheim Miller-Hines,RB,RB,"https://static.www.nfl.com/image/upload/f_auto,q_auto/league/ud1q6gh3tlkiy2w90gvm",16,IND,0,0,0,0,0,0,0,0,0,0,0,0,,0,,,52,199,2,0,0,16,0.539621969888685,0,44,58,320,0,1,1,77,315,15,-3.11092649451665,0,4.15584415584416,0.118852459016393,0.0196078431372549,0.192004178720669,2,73.9,117.9
2019,REG+POST,00-0034370,D.Hamilton,DaeSean Hamilton,WR,WR,"https://static.www.nfl.com/image/private/f_auto,q_auto/league/thfspx6c8befeosbsj1b",12,DEN,0,0,0,0,0,0,0,0,0,0,0,0,,0,,,0,0,0,0,0,0,,0,28,52,297,1,0,0,423,128,19,-0.863645112531811,0,0.702127659574468,0.136842105263158,0.161944869831547,0.31862456677682,0,35.7,63.7
2019,REG+POST,00-0034378,I.Smith,Ito Smith,RB,RB,"https://static.www.nfl.com/image/private/f_auto,q_auto/league/dh6fxo1jdenrkgcwdpib",7,ATL,0,0,0,0,0,0,0,0,0,0,0,0,,0,,,22,106,1,0,0,10,3.60906466352753,0,11,14,87,0,0,0,24,72,2,-1.04294938349631,0,3.625,0.0769230769230769,0.0156351791530945,0.126329240791782,0,25.3,36.3
2019,REG+POST,00-0034383,D.Schultz,Dalton Schultz,TE,TE,"https://static.www.nfl.com/image/upload/f_auto,q_auto/league/ooatvpu1knzypdmjljo9",2,DAL,0,0,0,0,0,0,0,0,0,0,0,0,,0,,,0,0,0,0,0,0,,0,1,2,6,0,0,0,20,1,0,-0.356591659830883,0,0.3,0.0240963855421687,0.0255754475703325,0.0540473916124858,0,0.6,1.6
2019,REG+POST,00-0034386,J.Watson,Justin Watson,WR,WR,"https://static.www.nfl.com/image/private/f_auto,q_auto/league/vr9tayyujt23takv3hv3",6,TB,0,0,0,0,0,0,0,0,0,0,0,0,,0,,,0,0,0,0,0,0,,0,15,26,159,2,0,0,352,14,10,1.9160884031189,0,0.451704545454546,0.11353711790393,0.144499178981938,0.271455102143252,0,27.9,42.9
2019,REG+POST,00-0034389,D.Cruikshank,Dane Cruikshank,SS,DB,"https://static.www.nfl.com/image/private/f_auto,q_auto/league/lnq0ypzkle8qqwbtbqr3",1,TEN,0,0,0,0,0,0,0,0,0,0,0,0,,0,,,0,0,0,0,0,0,,0,0,1,0,0,0,0,30,0,0,-2.17180605680915,0,0.0,0.0277777777777778,0.0783289817232376,0.096496953872933,0,0.0,0.0
2019,REG+POST,00-0034393,T.Fumagalli,Troy Fumagalli,TE,TE,"https://static.www.nfl.com/image/private/f_auto,q_auto/league/ec3s3n119ph0se5reacd",6,DEN,0,0,0,0,0,0,0,0,0,0,0,0,,0,,,0,0,0,0,0,0,,0,6,9,38,1,0,0,41,14,1,1.05326873785816,0,0.926829268292683,0.0456852791878173,0.0296242774566474,0.0892649130013791,0,9.8,15.8
2019,REG+POST,00-0034399,W.Teller,Wyatt Teller,G,OL,"https://static.www.nfl.com/image/upload/f_auto,q_auto/league/ebzqg7brr7stcnj5qdyp",1,CLE,0,0,0,0,0,0,0,0,0,0,0,0,,0,,,0,0,0,0,0,0,,0,1,1,-5,0,0,0,-5,0,0,-1.14703797525726,0,0.0,0.0333333333333333,-0.0188679245283019,0.0367924528301887,0,-0.5,0.5
2019,REG+POST,00-0034400,J.Wilkins,Jordan Wilkins,RB,RB,"https://static.www.nfl.com/image/private/f_auto,q_auto/league/ltz7ffp0fnywwhcm2d3z",12,IND,0,0,0,0,0,0,0,0,0,0,0,0,,0,,,51,307,2,0,0,12,7.33218973522889,0,7,11,43,0,0,0,15,32,1,-2.58907703211298,0,2.86666666666667,0.0528846153846154,0.0095177664974619,0.0859893596251464,0,47.0,54.0
2019,REG+POST,00-0034406,D.Cain,Deon Cain,WR,WR,"https://static.www.nfl.com/image/upload/f_auto,q_auto/league/wltinnuei2g3smdoayn3",11,PIT,0,0,0,0,0,0,0,0,0,0,0,0,,0,,,0,0,0,0,0,0,,0,9,20,124,0,0,0,227,22,7,-1.96701858192682,0,0.54625550660793,0.0623052959501558,0.0952980688497061,0.160166592120028,0,12.4,21.4
2019,REG+POST,00-0034411,R.Gage,Russell Gage,WR,WR,"https://static.www.nfl.com/image/private/f_auto,q_auto/league/lkqhshv0dss1b9c6mdnj",14,ATL,0,0,0,0,0,0,0,0,0,0,0,0,,0,,,4,12,0,0,0,0,-1.10988416371401,0,49,74,446,1,0,0,525,151,25,6.78143199128153,0,0.84952380952381,0.129370629370629,0.111844908393694,0.27234737993153,0,51.8,100.8
2019,REG+POST,00-0034412,L.Falk,Luke Falk,QB,QB,"https://static.www.nfl.com/image/private/f_auto,q_auto/league/caeic48dkstqkisxvs0x",3,NYJ,47,73,416,0,3,16,96,2,1,404,264,15,-54.9492675373078,0,1.02970297029703,0.0188962303088345,0,0,0,0,0,0,,0,0,0,0,0,0,0,0,0,0,,0,,,,,0,8.64,8.64
2019,REG+POST,00-0034414,B.Scott,Boston Scott,RB,RB,"https://static.www.nfl.com/image/upload/f_auto,q_auto/league/eqdpw33quvi1wbwakaak",9,PHI,0,0,0,0,0,0,0,0,0,0,0,0,,0,,,67,270,5,1,0,19,-5.61238461870525,0,27,29,227,0,1,0,-51,301,11,8.78135901038321,0,-4.45098039215686,0.131818181818182,-0.0345060893098782,0.173573010210358,0,79.7,106.7
2019,REG+POST,00-0034418,C.Wilson,Cedrick Wilson,WR,WR,"https://static.www.nfl.com/image/upload/f_auto,q_auto/league/vuolr6nwwbrwwc5ldt7f",3,DAL,0,0,0,0,0,0,0,0,0,0,0,0,,0,,,0,0,0,0,0,0,,0,5,8,46,0,0,0,134,11,2,2.39534044198808,0,0.343283582089552,0.0695652173913044,0.116117850953206,0.185630321754201,0,4.6,9.6
2019,REG+POST,00-0034419,B.Berrios,Braxton Berrios,WR,WR,"https://static.www.nfl.com/image/upload/f_auto,q_auto/league/yvzkjvb0ieeszxribqc9",6,NYJ,0,0,0,0,0,0,0,0,0,0,0,0,,0,,,0,0,0,0,0,0,,0,6,13,115,0,0,0,107,87,3,0.528841658495367,0,1.07476635514019,0.0677083333333333,0.0762108262108262,0.154910078347578,0,11.5,17.5
2019,REG+POST,00-0034420,J.Thomas,Jordan Thomas,TE,TE,"https://static.www.nfl.com/image/private/f_auto,q_auto/league/lhqymyl9yfmt9gfqb0ro",2,HOU,0,0,0,0,0,0,0,0,0,0,0,0,,0,,,0,0,0,0,0,0,,0,2,4,15,0,0,0,6,12,0,-1.0863857754739,0,2.5,0.0487804878048781,0.0087591240875912,0.079302118568631,0,1.5,3.5
2019,REG+POST,00-0034426,J.Wims,Javon Wims,WR,WR,"https://static.www.nfl.com/image/private/f_auto,q_auto/league/yz9qgdgesqc9nbkv832p",11,CHI,0,0,0,0,0,0,0,0,0,0,0,0,,0,,,0,0,0,0,0,0,,0,18,39,186,1,0,0,451,45,9,-12.6898725806887,0,0.412416851441242,0.0946601941747573,0.150836120401338,0.247575575543072,0,24.6,42.6
2019,REG+POST,00-0034432,B.Scarbrough,Bo Scarbrough,RB,RB,"https://static.www.nfl.com/image/private/f_auto,q_auto/league/y9zcmooqisc5cex2tqxb",6,DET,0,0,0,0,0,0,0,0,0,0,0,0,,0,,,89,377,1,1,1,15,-13.3432116727636,0,1,4,5,0,0,0,-8,8,0,-0.457666128175333,0,-0.625,0.0588235294117647,-0.0150659133709981,0.0776891547579484,0,42.2,43.2
2019,REG+POST,00-0034433,N.Bawden,Nick Bawden,FB,RB,"https://static.www.nfl.com/image/private/f_auto,q_auto/league/rz1cgqj4rvl2xjffxyia",5,DET,0,0,0,0,0,0,0,0,0,0,0,0,,0,,,0,0,0,0,0,0,,0,4,6,17,0,0,0,0,20,1,-0.87557331903372,0,0.0,0.0333333333333333,0.0,0.05,0,1.7,5.7
2019,REG+POST,00-0034437,L.Cooke,Logan Cooke,P,SPEC,"https://static.www.nfl.com/image/upload/f_auto,q_auto/league/aqrps86orfg07vbbgn6c",3,JAX,2,2,16,0,0,1,19,1,0,8,8,2,2.32991176762152,0,2.0,,0,0,0,0,0,0,,0,0,0,0,0,0,0,0,0,0,,0,,,,,0,0.64,0.64
2019,REG+POST,00-0034439,R.Izzo,Ryan Izzo,TE,TE,"https://static.www.nfl.com/image/private/f_auto,q_auto/league/mrgkhzunyljetpkfadkt",4,NE,0,0,0,0,0,0,0,0,0,0,0,0,,0,,,0,0,0,0,0,0,,0,6,9,114,1,0,0,78,50,4,8.2209422388114,0,1.46153846153846,0.0559006211180124,0.0661016949152542,0.130122118117697,0,17.4,23.4
2019,REG+POST,00-0034440,J.Jackson,Justin Jackson,RB,RB,"https://static.www.nfl.com/image/private/f_auto,q_auto/league/n7pvb1trbn9rtttlw7df",7,LAC,0,0,0,0,0,0,0,0,0,0,0,0,,0,,,29,200,0,0,0,9,5.1369651175919,0,9,11,22,0,0,0,-12,38,0,-4.05894056969555,0,-1.83333333333333,0.0614525139664804,-0.0073304825901038,0.087047433136648,0,22.2,31.2
2019,REG+POST,00-0034449,B.Howell,Buddy Howell,RB,RB,"https://static.www.nfl.com/image/private/f_auto,q_auto/league/iqoes3t0jkt62cpqmuvo",2,HOU,0,0,0,0,0,0,0,0,0,0,0,0,,0,,,5,10,0,0,0,1,0.650470798340393,0,0,0,0,0,0,0,0,0,0,,0,,,,,0,1.0,1.0
2019,REG+POST,00-0034457,J.Adams,Josh Adams,RB,RB,"https://static.www.nfl.com/image/private/f_auto,q_auto/league/ppc3a6qvlxjxmkwxbphn",2,NYJ,0,0,0,0,0,0,0,0,0,0,0,0,,0,,,8,12,0,0,0,1,-2.30572289123666,0,0,0,0,0,0,0,0,0,0,,0,,,,,0,1.2,1.2
2019,REG+POST,00-0034487,T.Sherfield,Trent Sherfield,WR,WR,"https://static.www.nfl.com/image/upload/f_auto,q_auto/league/esdvav44ezzmwbwe1rju",7,ARI,0,0,0,0,0,0,0,0,0,0,0,0,,0,,,0,0,0,0,0,0,,0,4,13,80,0,0,0,207,10,4,-0.25900706547475,0,0.386473429951691,0.0555555555555556,0.112438891906573,0.162040557667934,0,8.0,12.0
2019,REG+POST,00-0034510,R.Foster,Robert Foster,WR,WR,"https://static.www.nfl.com/image/private/f_auto,q_auto/league/fmcyiy4oxx9soub8zbui",10,BUF,0,0,0,0,0,0,0,0,0,0,0,0,,0,,,2,29,0,0,0,1,1.81466596457176,0,3,18,64,0,0,0,451,32,3,-6.54537737652277,0,0.141906873614191,0.06,0.15752706950751,0.200268948655257,0,9.3,12.3
2019,REG+POST,00-0034521,A.Lazard,Allen Lazard,WR,WR,"https://static.www.nfl.com/image/private/f_auto,q_auto/league/blrzk3bfnpneuyhsqiqg",13,GB,0,0,0,0,0,0,0,0,0,0,0,0,,0,,,2,26,0,0,0,1,1.42106937081553,0,38,56,513,3,0,0,812,141,27,32.9678119923919,0,0.631773399014778,0.135265700483092,0.21234309623431,0.351538718088654,0,71.9,109.9
2019,REG+POST,00-0034577,K.Allen,Kyle Allen,QB,QB,"https://static.www.nfl.com/image/upload/f_auto,q_auto/league/knqlp0qrchvv6rjayshv",13,CAR,303,489,3322,17,16,46,397,10,6,3989,1647,188,-28.1384023534555,0,0.832790172975683,0.03712843272515,32,106,2,3,1,9,-2.12318843709075,0,0,0,0,0,0,0,0,0,0,,0,,,,,0,177.48,177.48
2019,REG+POST,00-0034578,R.Bonnafon,Reggie Bonnafon,RB,RB,"https://static.www.nfl.com/image/private/f_auto,q_auto/league/revwhbm7uizs4oiwqdo3",8,CAR,0,0,0,0,0,0,0,0,0,0,0,0,,0,,,16,116,1,0,0,2,2.42061622848269,0,6,9,57,0,0,0,26,52,1,-8.10966253618244,0,2.19230769230769,0.0552147239263804,0.0180305131761442,0.0954434451128715,0,23.3,29.3
2019,REG+POST,00-0034593,C.Lacy,Chris Lacy,WR,WR,"https://static.www.nfl.com/image/private/f_auto,q_auto/league/aopxp9h0dbs4beiar23d",3,DET,0,0,0,0,0,0,0,0,0,0,0,0,,0,,,0,0,0,0,0,0,,0,3,10,60,0,0,0,134,9,2,-7.05396560236113,0,0.447761194029851,0.105263157894737,0.156177156177156,0.267218746166115,0,6.0,9.0
2019,REG+POST,00-0034597,R.Nall,Ryan Nall,RB,RB,"https://static.www.nfl.com/image/private/f_auto,q_auto/league/qh4cznlh73ud2b9loalu",1,CHI,0,0,0,0,0,0,0,0,0,0,0,0,,0,,,2,8,0,0,0,1,0.14985841314774,0,0,0,0,0,0,0,0,0,0,,0,,,,,0,0.8,0.8
2019,REG+POST,00-0034613,T.Hudson,Tanner Hudson,TE,TE,"https://static.www.nfl.com/image/upload/f_auto,q_auto/league/fbtxfvqvgv0al8msbr1e",4,TB,0,0,0,0,0,0,0,0,0,0,0,0,,0,,,0,0,0,0,0,0,,0,2,5,26,0,0,0,55,2,1,-1.55731986725004,0,0.472727272727273,0.0337837837837838,0.0336391437308868,0.0742230762872965,0,2.6,4.6
2019,REG+POST,00-0034631,V.Smith,Vyncint Smith,WR,WR,"https://static.www.nfl.com/image/private/f_auto,q_auto/league/jjwvixdxj0lapvuqwbz9",13,NYJ,0,0,0,0,0,0,0,0,0,0,0,0,,0,,,3,52,1,0,0,3,5.20004747074563,0,17,31,225,0,0,0,373,105,11,-3.2597531399806,0,0.603217158176944,0.0828877005347594,0.110518518518519,0.201694513765102,0,33.7,50.7
2019,REG+POST,00-0034653,D.Burnett,Deontay Burnett,WR,WR,"https://static.www.nfl.com/image/private/f_auto,q_auto/league/iyteeepnw4u0hssvjzxe",2,PHI,0,0,0,0,0,0,0,0,0,0,0,0,,0,,,0,0,0,0,0,0,,0,3,5,53,0,0,0,93,6,1,1.44608373765368,0,0.56989247311828,0.0769230769230769,0.206208425720621,0.25973051338905,0,5.3,8.3
2019,REG+POST,00-0034654,D.Dawkins,Dalyn Dawkins,RB,RB,"https://static.www.nfl.com/image/private/f_auto,q_auto/league/loz7fcvw2grvnn9zplud",2,TEN,0,0,0,0,0,0,0,0,0,0,0,0,,0,,,11,26,0,0,0,2,-2.36871790251462,0,0,1,0,0,0,0,2,0,0,-0.881214410066605,0,0.0,0.04,0.0089285714285714,0.06625,0,2.6,2.6
2019,REG+POST,00-0034660,R.Gafford,Rico Gafford,WR,WR,"https://static.www.nfl.com/image/private/f_auto,q_auto/league/yotlvbawckg5e7shvr2y",2,LV,0,0,0,0,0,0,0,0,0,0,0,0,,0,,,0,0,0,0,0,0,,0,2,2,66,1,0,0,49,17,2,6.52757223974913,0,1.3469387755102,0.028169014084507,0.0910780669144981,0.106008167966909,0,12.6,14.6
2019,REG+POST,00-0034676,J.Washington,James Washington,WR,WR,"https://static.www.nfl.com/image/private/f_auto,q_auto/league/z5svt5lojqlibpxitvty",15,PIT,0,0,0,0,0,0,0,0,0,0,0,0,,0,,,0,0,0,0,0,0,,0,44,80,735,3,1,1,1266,185,31,13.6306262780531,0,0.580568720379147,0.171673819742489,0.333860759493671,0.491213261259304,0,89.5,133.5
2019,REG+POST,00-0034679,M.Walton,Mark Walton,HB,RB,"https://static.www.nfl.com/image/private/f_auto,q_auto/league/bagm3hmxx07fqbe2xumb",7,MIA,0,0,0,0,0,0,0,0,0,0,0,0,,0,,,53,201,0,0,0,11,-7.94567927406496,0,15,21,89,0,1,1,-24,106,3,-7.21090394165367,0,-3.70833333333333,0.100961538461538,-0.0130434782608696,0.142311872909699,0,27.0,42.0
2019,REG+POST,00-0034681,C.Edmonds,Chase Edmonds,RB,RB,"https://static.www.nfl.com/image/upload/f_auto,q_auto/league/nbnqxhjafvg2vg6lc2ls",10,ARI,0,0,0,0,0,0,0,0,0,0,0,0,,0,,,60,303,4,0,0,12,2.65610390395159,0,12,21,105,1,0,0,5,105,5,-2.43229243006499,0,21.0,0.0755395683453237,0.0023116042533518,0.114927475495332,0,70.8,82.8
2019,REG+POST,00-0034686,A.Tate,Auden Tate,WR,WR,"https://static.www.nfl.com/image/private/f_auto,q_auto/league/gp64utjveglpbit53u3t",12,CIN,0,0,0,0,0,0,0,0,0,0,0,0,,0,,,0,0,0,0,0,0,,0,40,80,575,1,1,1,933,134,29,7.32963225950326,0,0.616291532690247,0.186046511627907,0.271773958636761,0.469311538487593,0,61.5,101.5
2019,REG+POST,00-0034705,J.Franklin,John Franklin,WR,WR,"https://static.www.nfl.com/image/private/f_auto,q_auto/league/arlseo7rbaeylylcnpr1",1,TB,0,0,0,0,0,0,0,0,0,0,0,0,,0,,,1,11,0,0,0,1,0.835216044564731,0,0,0,0,0,0,0,0,0,0,,0,,,,,0,1.1,1.1
2019,REG+POST,00-0034721,C.Bojorquez,Corey Bojorquez,P,SPEC,"https://static.www.nfl.com/image/private/f_auto,q_auto/league/eiuli9dmspe6d4cwwa00",1,BUF,0,1,0,0,0,0,0,0,0,0,0,0,-0.210554593591951,0,,,0,0,0,0,0,0,,0,0,0,0,0,0,0,0,0,0,,0,,,,,0,0.0,0.0
2019,REG+POST,00-0034735,C.McElroy,Codey McElroy,TE,TE,"https://static.www.nfl.com/image/private/f_auto,q_auto/league/jzeu0mzarw5bosseecho",1,TB,0,0,0,0,0,0,0,0,0,0,0,0,,0,,,0,0,0,0,0,0,,0,1,1,30,0,0,0,30,0,1,2.62330462571117,0,1.0,0.0212765957446809,0.0481540930979133,0.0656227587855606,0,3.0,4.0
2019,REG+POST,00-0034747,M.Ateman,Marcell Ateman,WR,WR,"https://static.www.nfl.com/image/private/f_auto,q_auto/league/q5cbbfy8hxkcx7jwb7ve",4,LV,0,0,0,0,0,0,0,0,0,0,0,0,,0,,,0,0,0,0,0,0,,0,5,10,116,0,1,1,128,19,4,-0.92478306076373,0,0.90625,0.0757575757575758,0.121212121212121,0.198484848484848,0,9.6,14.6
2019,REG+POST,00-0034750,R.Penny,Rashaad Penny,RB,RB,"https://static.www.nfl.com/image/private/f_auto,q_auto/league/mwvzwst6cfcwifblqtsj",9,SEA,0,0,0,0,0,0,0,0,0,0,0,0,,0,,,65,370,3,1,1,16,4.34504906774964,0,8,11,83,1,0,0,25,91,3,4.44697768980404,0,3.32,0.0588235294117647,0.0140924464487035,0.0981000066317395,0,67.3,75.3
2019,REG+POST,00-0034753,M.Andrews,Mark Andrews,TE,TE,"https://static.www.nfl.com/image/upload/f_auto,q_auto/league/y5maejm3puruskwc344y",16,BAL,0,0,0,0,0,0,0,0,0,0,0,0,,0,,,0,0,0,0,0,0,,0,68,105,891,10,2,1,1103,298,47,39.5844590297404,0,0.807796917497733,0.229759299781182,0.263623326959847,0.529175278543665,0,147.1,215.1
2019,REG+POST,00-0034764,M.Gallup,Michael Gallup,WR,WR,"https://static.www.nfl.com/image/private/f_auto,q_auto/league/tt9xpcg4x2z3osc1fcq6",14,DAL,0,0,0,0,0,0,0,0,0,0,0,0,,0,,,0,0,0,0,0,0,,0,66,113,1107,6,0,0,1421,333,50,44.7688919711706,0,0.779028852920479,0.218992248062016,0.301186943620178,0.539319232627148,0,146.7,212.7
2019,REG+POST,00-0034765,T.Smith,Tre'Quan Smith,WR,WR,"https://static.www.nfl.com/image/upload/f_auto,q_auto/league/tlpyarxwfw6jue0m0e0o",11,NO,0,0,0,0,0,0,0,0,0,0,0,0,,0,,,0,0,0,0,0,0,,0,18,26,234,5,0,0,248,115,17,15.920494251448,0,0.943548387096774,0.0670103092783505,0.0922275939010785,0.165074779648281,0,53.4,71.4
2019,REG+POST,00-0034766,C.Herndon,Christopher Herndon,TE,TE,"https://static.www.nfl.com/image/private/f_auto,q_auto/league/orypxaqv1ux3nbqssqqx",1,NYJ,0,0,0,0,0,0,0,0,0,0,0,0,,0,,,0,0,0,0,0,0,,0,1,2,7,0,0,0,12,5,0,-1.48425366696636,0,0.583333333333333,0.0740740740740741,0.0555555555555556,0.15,0,0.7,1.7
2019,REG+POST,00-0034771,M.Rudolph,Mason Rudolph,QB,QB,"https://static.www.nfl.com/image/upload/f_auto,q_auto/league/pn938e0z2fobxmzfxmlh",10,PIT,176,283,1765,13,9,15,124,4,0,2286,934,80,-17.3559138821209,0,0.772090988626422,0.041231781757947,21,42,0,0,0,6,-14.8755376651103,0,0,0,0,0,0,0,0,0,0,,0,,,,,0,108.8,108.8
2019,REG+POST,00-0034772,A.Callaway,Antonio Callaway,WR,WR,"https://static.www.nfl.com/image/private/f_auto,q_auto/league/qebxtrpadsvtqkgvfy2u",4,CLE,0,0,0,0,0,0,0,0,0,0,0,0,,0,,,0,0,0,0,0,0,,0,8,15,89,0,0,0,153,44,3,-7.24780737279956,0,0.581699346405229,0.1171875,0.16156282998944,0.288875230992608,0,8.9,16.9
2019,REG+POST,00-0034773,V.Vea,Vita Vea,NT,DL,"https://static.www.nfl.com/image/upload/f_auto,q_auto/league/xsdlwaexrxhkbgqqe7nq",1,TB,0,0,0,0,0,0,0,0,0,0,0,0,,0,,,0,0,0,0,0,0,,0,1,1,1,1,0,0,1,0,1,1.32984951807885,0,1.0,0.037037037037037,0.0036363636363636,0.0581010101010101,0,6.1,7.1
2019,REG+POST,00-0034775,C.Kirk,Christian Kirk,WR,WR,"https://static.www.nfl.com/image/private/f_auto,q_auto/league/ersmmtjmjlpsy9lmjvde",13,ARI,0,0,0,0,0,0,0,0,0,0,0,0,,0,,,10,93,0,0,0,4,4.43559895065846,0,67,107,708,3,0,0,1083,281,31,17.9236772747327,1,0.653739612188366,0.24373576309795,0.327983040581466,0.595191773053951,0,100.1,167.1
2019,REG+POST,00-0034777,D.Chark,D.J. Chark,WR,WR,"https://static.www.nfl.com/image/upload/f_auto,q_auto/league/skuieceh50r31ulwpo5s",15,JAX,0,0,0,0,0,0,0,0,0,0,0,0,,0,,,2,20,0,0,0,1,0.828648367663845,0,73,118,1008,8,0,0,1391,316,42,34.5633451480306,1,0.724658519051042,0.220560747663551,0.345590062111801,0.572754164973588,0,152.8,225.8
2019,REG+POST,00-0034788,J.Graham,Jaeden Graham,TE,TE,"https://static.www.nfl.com/image/private/f_auto,q_auto/league/fybmurkbrd7waa35tpc8",5,ATL,0,0,0,0,0,0,0,0,0,0,0,0,,0,,,0,0,0,0,0,0,,0,9,10,149,1,0,0,86,73,7,11.5069433288299,0,1.73255813953488,0.0467289719626168,0.0480984340044743,0.103762361747057,0,20.9,29.9
2019,REG+POST,00-0034791,N.Chubb,Nick Chubb,RB,RB,"https://static.www.nfl.com/image/private/f_auto,q_auto/league/a8ib0haur75wrhqrbtyo",16,CLE,0,0,0,0,0,0,0,0,0,0,0,0,,0,,,299,1513,8,2,2,63,-21.4861596029565,0,36,49,278,0,1,1,-28,318,13,-2.66006866204724,0,-9.92857142857143,0.0945945945945946,-0.0067146282973621,0.137191652083738,0,221.1,257.1
2019,REG+POST,00-0034794,J.Sanders,Jason Sanders,K,SPEC,"https://static.www.nfl.com/image/upload/f_auto,q_auto/league/zwbiuppgvkumtpntxo75",1,MIA,0,0,0,0,0,0,0,0,0,0,0,0,,0,,,0,0,0,0,0,0,,0,1,1,1,1,0,0,1,0,1,2.27035837579751,0,1.0,0.0256410256410256,0.002840909090909,0.0404501748251748,0,6.1,7.1
2019,REG+POST,00-0034796,L.Jackson,Lamar Jackson,QB,QB,"https://static.www.nfl.com/image/upload/f_auto,q_auto/league/cruqs6qpbykh7a2whd7p",16,BAL,296,460,3492,37,8,27,126,1,1,4208,1452,179,133.38429392566,0,0.829847908745247,0.168500540194499,196,1349,7,7,2,80,56.5448014492326,0,0,0,0,0,0,0,0,0,0,,0,,,,,0,442.58,442.58
2019,REG+POST,00-0034798,D.Smythe,Durham Smythe,TE,TE,"https://static.www.nfl.com/image/upload/f_auto,q_auto/league/twxkgrnpjotgyhwawfsv",8,MIA,0,0,0,0,0,0,0,0,0,0,0,0,,0,,,0,0,0,0,0,0,,0,7,14,65,0,0,0,138,10,2,-3.97370184652391,0,0.471014492753623,0.043613707165109,0.0437539632213063,0.0960483350025779,0,6.5,13.5
2019,REG+POST,00-0034799,K.Ballage,Kalen Ballage,RB,RB,"https://static.www.nfl.com/image/private/f_auto,q_auto/league/zxxklmhekefz5gaaxqi0",12,MIA,0,0,0,0,0,0,0,0,0,0,0,0,,0,,,74,135,3,0,0,10,-21.0528255448262,0,14,24,63,0,0,0,-8,87,4,-17.729447783262,0,-7.875,0.0668523676880223,-0.0027643400138217,0.0983435135223582,0,37.8,51.8
2019,REG+POST,00-0034808,J.Kelly,John Kelly,RB,RB,"https://static.www.nfl.com/image/upload/f_auto,q_auto/league/pcjtitrxadmpg7ujoddg",1,LA,0,0,0,0,0,0,0,0,0,0,0,0,,0,,,3,9,0,0,0,0,-2.06637047952972,0,0,0,0,0,0,0,0,0,0,,0,,,,,0,0.9,0.9
2019,REG+POST,00-0034816,R.Jones,Ronald Jones,RB,RB,"https://static.www.nfl.com/image/private/f_auto,q_auto/league/juku3wy4sv0xwobxw7xp",16,TB,0,0,0,0,0,0,0,0,0,0,0,0,,0,,,172,724,6,2,1,34,-24.7598799018935,0,31,40,309,0,1,1,30,294,12,2.10560350644476,0,10.3,0.0804828973843058,0.0063802637175669,0.125190530678756,0,135.3,166.3
2019,REG+POST,00-0034827,D.Moore,D.J. Moore,WR,WR,"https://static.www.nfl.com/image/upload/f_auto,q_auto/league/hqb9xnzm9brx79zl6wve",15,CAR,0,0,0,0,0,0,0,0,0,0,0,0,,0,,,6,40,0,0,0,3,1.47911623487016,0,87,135,1175,4,2,1,1490,390,63,37.7091779691656,0,0.788590604026846,0.245009074410163,0.3125,0.586263611615245,0,143.5,230.5
2019,REG+POST,00-0034829,M.Gesicki,Mike Gesicki,TE,TE,"https://static.www.nfl.com/image/upload/f_auto,q_auto/league/zabpknonv9ozmkyw4qqt",15,MIA,0,0,0,0,0,0,0,0,0,0,0,0,,0,,,0,0,0,0,0,0,,0,51,89,570,5,1,1,885,175,25,0.859169469168179,0,0.64406779661017,0.152920962199313,0.167613636363636,0.346710988753515,0,85.0,136.0
2019,REG+POST,00-0034830,H.Hurst,Hayden Hurst,TE,TE,"https://static.www.nfl.com/image/upload/f_auto,q_auto/league/qxvkvmi2fphxjqyb21nv",17,BAL,0,0,0,0,0,0,0,0,0,0,0,0,,0,,,0,0,0,0,0,0,,0,34,45,402,3,0,0,414,167,19,27.2143149928119,0,0.971014492753623,0.0943396226415094,0.0958555221115999,0.208608299440384,0,58.2,92.2
2019,REG+POST,00-0034837,C.Ridley,Calvin Ridley,WR,WR,"https://static.www.nfl.com/image/upload/f_auto,q_auto/league/tmeij0cfgylmurfybs74",13,ATL,0,0,0,0,0,0,0,0,0,0,0,0,,0,,,2,34,0,0,0,2,2.01420878962381,0,63,93,866,7,0,0,1246,138,47,46.648113319562,1,0.695024077046549,0.177142857142857,0.280314960629921,0.461934758155231,0,134.0,197.0
2019,REG+POST,00-0034838,R.Freeman,Royce Freeman,RB,RB,"https://static.www.nfl.com/image/upload/f_auto,q_auto/league/qs4e1hiqj9xymlqk6yas",16,DEN,0,0,0,0,0,0,0,0,0,0,0,0,,0,,,132,496,3,0,0,22,-17.4383738286747,0,43,50,256,1,0,0,9,259,10,-2.51026465505054,0,28.4444444444444,0.103950103950104,0.0029702970297029,0.158004363845948,0,99.2,142.2
2019,REG+POST,00-0034844,S.Barkley,Saquon Barkley,RB,RB,"https://static.www.nfl.com/image/upload/f_auto,q_auto/league/ugiuanl8bf6uoya5mgid",13,NYG,0,0,0,0,0,0,0,0,0,0,0,0,,0,,,217,1003,6,0,0,45,-18.7185325456838,0,52,73,438,2,1,0,61,438,14,4.47964516120895,0,7.18032786885246,0.148373983739837,0.0167720648886445,0.234301421031807,0,192.1,244.1
2019,REG+POST,00-0034845,S.Michel,Sony Michel,RB,RB,"https://static.www.nfl.com/image/private/f_auto,q_auto/league/eydtwcqcaegkuwivq0ln",17,NE,0,0,0,0,0,0,0,0,0,0,0,0,,0,,,261,973,7,2,1,58,-27.2682737616044,0,14,22,103,0,0,0,-14,129,7,0.612761990976781,0,-7.35714285714286,0.0575916230366492,-0.0077305356156819,0.0809760596239965,0,147.6,161.6
2019,REG+POST,00-0034854,K.Hodge,KhaDarel Hodge,WR,WR,"https://static.www.nfl.com/image/upload/f_auto,q_auto/league/h3r6hfokmtgtxz8mljho",7,CLE,0,0,0,0,0,0,0,0,0,0,0,0,,0,,,0,0,0,0,0,0,,0,4,10,76,0,0,0,161,9,3,-0.276690840880074,0,0.472049689440994,0.0446428571428571,0.0840731070496084,0.125815460649012,0,7.6,11.6
2019,REG+POST,00-0034855,B.Mayfield,Baker Mayfield,QB,QB,"https://static.www.nfl.com/image/upload/f_auto,q_auto/league/xrbgtbyy8a7l0ux13hjy",16,CLE,318,535,3883,23,21,40,285,4,2,4539,1858,180,-4.96861107789909,1,0.855474774179335,0.0519444732462402,28,141,3,2,0,15,10.7745651498553,0,0,0,0,0,0,0,0,0,0,,0,,,,,0,235.42,235.42
2019,REG+POST,00-0034857,J.Allen,Josh Allen,QB,QB,"https://static.www.nfl.com/image/upload/f_auto,q_auto/league/lq4ezafbszwwt2qsvhqv",17,BUF,295,507,3353,20,9,41,264,8,3,4674,1499,159,-16.5654026760089,2,0.71737270004279,0.0490367235750057,118,602,9,8,2,48,23.904439510153,1,1,1,16,1,0,0,12,4,1,2.35521840251749,0,1.33333333333333,0.0232558139534884,0.0306122448979592,0.056312292358804,0,313.92,314.92
2019,REG+POST,00-0034860,D.Pettis,Dante Pettis,WR,WR,"https://static.www.nfl.com/image/upload/f_auto,q_auto/league/bkn6mnwboawe7iucprxe",9,SF,1,1,16,0,0,0,0,0,0,-4,20,1,1.24180554063059,0,0.0,,0,0,0,0,0,0,,0,11,24,109,2,0,0,189,23,7,-2.04657380775446,0,0.576719576719577,0.1,0.116883116883117,0.231818181818182,0,23.54,34.54
2019,REG+POST,00-0034867,M.Turner,Malik Turner,WR,WR,"https://static.www.nfl.com/image/private/f_auto,q_auto/league/r7wv14bgrb5ohjmqsf9p",11,SEA,0,0,0,0,0,0,0,0,0,0,0,0,,0,,,0,0,0,0,0,0,,0,15,25,245,1,0,0,308,101,10,4.92099773424636,0,0.795454545454545,0.0730994152046784,0.0900058445353595,0.172653213981769,0,30.5,45.5
2019,REG+POST,00-0034869,S.Darnold,Sam Darnold,QB,QB,"https://static.www.nfl.com/image/upload/f_auto,q_auto/league/agjgfwk9jk9ufoac2vpd",13,NYJ,273,441,3024,19,13,33,212,6,3,3755,1466,147,-17.474234289882,3,0.805326231691079,0.0482049665916331,33,62,2,5,0,6,-7.71324812195962,0,0,0,0,0,0,0,0,0,0,,0,,,,,0,189.16,189.16
2019,REG+POST,00-0034922,I.Hyman,Ishmael Hyman,WR,WR,"https://static.www.nfl.com/image/private/f_auto,q_auto/league/z5krizipkrgqbw4sgs8e",2,TB,0,0,0,0,0,0,0,0,0,0,0,0,,0,,,0,0,0,0,0,0,,0,2,4,34,0,0,0,58,1,2,-0.320379074779339,0,0.586206896551724,0.0454545454545455,0.0537037037037037,0.105774410774411,0,3.4,5.4
2019,REG+POST,00-0034928,S.Sims,Steven Sims,WR,WR,"https://static.www.nfl.com/image/upload/f_auto,q_auto/league/rsehft6639kzvqezebqf",13,WAS,0,1,0,0,0,0,0,0,0,5,0,0,-0.359818067227025,0,0.0,,9,85,1,0,0,2,2.47736530896509,0,34,56,310,4,0,0,383,172,18,-9.00040957376775,0,0.809399477806789,0.16,0.155817737998373,0.349072416598861,1,75.5,109.5
2019,REG+POST,00-0034959,A.Beck,Andrew Beck,FB,RB,"https://static.www.nfl.com/image/upload/f_auto,q_auto/league/rsfn0gxxiu1cx6woxd38",9,DEN,1,1,6,0,0,0,0,0,0,-3,9,1,2.35154615924694,0,0.0,,1,3,0,0,0,1,0.690179143333808,0,9,12,90,1,0,0,26,67,6,5.61224806599785,0,3.46153846153846,0.0466926070038911,0.0185053380782918,0.0829926471606409,0,15.54,24.54
2019,REG+POST,00-0034960,J.Meyers,Jakobi Meyers,WR,WR,"https://static.www.nfl.com/image/upload/f_auto,q_auto/league/p1abjttm5pu8gev0gwea",11,NE,0,0,0,0,0,0,0,0,0,0,0,0,,0,,,0,0,0,0,0,0,,0,26,41,359,0,0,0,422,114,17,14.2207362484769,0,0.850710900473934,0.0960187353629976,0.130086313193588,0.235088522280008,0,35.9,61.9
2019,REG+POST,00-0034970,I.Smith,Irv Smith,TE,TE,"https://static.www.nfl.com/image/private/f_auto,q_auto/league/gvnnqr5kj0rtte3iw9mp",15,MIN,0,0,0,0,0,0,0,0,0,0,0,0,,0,,,0,0,0,0,0,0,,0,39,50,350,2,1,0,293,147,18,12.3078469865235,0,1.19453924914676,0.114155251141553,0.0893837705918243,0.233801516126606,0,47.0,86.0
2019,REG+POST,00-0034972,A.Mattison,Alexander Mattison,RB,RB,"https://static.www.nfl.com/image/upload/f_auto,q_auto/league/uftc0gl0wzo5povcu6ih",15,MIN,0,0,0,0,0,0,0,0,0,0,0,0,,0,,,106,485,1,1,1,20,-12.9343738042226,0,11,14,92,0,0,0,23,86,3,2.82740420731716,0,4.0,0.062780269058296,0.0159611380985427,0.105343200256424,0,61.7,72.7
2019,REG+POST,00-0034975,J.Hill,Justice Hill,RB,RB,"https://static.www.nfl.com/image/upload/f_auto,q_auto/league/jeeq17ah67zxc6vdamhk",16,BAL,0,0,0,0,0,0,0,0,0,0,0,0,,0,,,58,225,2,0,0,10,-5.71678223827621,0,12,20,96,0,0,0,48,107,6,3.33204329152527,0,2.0,0.0757575757575758,0.0223152022315202,0.129257005198428,0,44.1,56.1
2019,REG+POST,00-0034981,F.Moreau,Foster Moreau,TE,TE,"https://static.www.nfl.com/image/upload/f_auto,q_auto/league/hfcik9okcbwsbhgoaljy",11,LV,0,0,0,0,0,0,0,0,0,0,0,0,,0,,,0,0,0,0,0,0,,0,21,25,174,5,0,0,110,97,14,12.9275145161082,0,1.58181818181818,0.0773993808049536,0.0569063631660631,0.155933525423675,0,47.4,68.4
2019,REG+POST,00-0034983,H.Renfrow,Hunter Renfrow,WR,WR,"https://static.www.nfl.com/image/private/f_auto,q_auto/league/coqn2jxhmjhaut34aqiv",13,LV,0,0,0,0,0,0,0,0,0,0,0,0,,0,,,0,0,0,0,0,0,,0,49,71,605,4,0,0,499,301,30,35.8004857743416,0,1.2124248496994,0.176178660049628,0.181851311953353,0.391563908441789,0,84.5,133.5
2019,REG+POST,00-0034988,K.Smith,Kaden Smith,TE,TE,"https://static.www.nfl.com/image/private/f_auto,q_auto/league/gbwycqfz69f3c3ozzt0g",7,NYG,0,0,0,0,0,0,0,0,0,0,0,0,,0,,,0,0,0,0,0,0,,0,31,42,268,3,2,0,241,91,12,10.8487025747484,0,1.11203319502075,0.166666666666667,0.113039399624765,0.329127579737336,0,44.8,75.8
2019,REG+POST,00-0034995,D.Williams,Dexter Williams,RB,RB,"https://static.www.nfl.com/image/private/f_auto,q_auto/league/j13nyurtcej8pa7jg494",2,GB,0,0,0,0,0,0,0,0,0,0,0,0,,0,,,5,11,0,0,0,0,-1.76553859235719,0,0,0,0,0,0,0,0,0,0,,0,,,,,0,1.1,1.1
2019,REG+POST,00-0035006,O.Johnson,Olabisi Johnson,WR,WR,"https://static.www.nfl.com/image/private/f_auto,q_auto/league/uzlf6ftfizmo32d9v0x5",14,MIN,0,0,0,0,0,0,0,0,0,0,0,0,,0,,,1,6,0,0,0,0,0.305765978293493,0,33,48,311,3,0,0,444,77,17,10.0129253938048,0,0.70045045045045,0.115107913669065,0.142581888246628,0.272469192276237,0,49.7,82.7
2019,REG+POST,00-0035013,J.Hilliman,Jon Hilliman,RB,RB,"https://static.www.nfl.com/image/private/f_auto,q_auto/league/oagfqcqfdbieehnioifx",3,NYG,0,0,0,0,0,0,0,0,0,0,0,0,,0,,,30,91,0,1,1,6,-10.2374028486665,0,3,4,1,0,1,1,-1,10,0,-9.08774877752876,0,-1.0,0.0615384615384615,-0.0015625,0.0912139423076923,0,5.2,8.2
2019,REG+POST,00-0035021,A.Dulin,Ashton Dulin,WR,WR,"https://static.www.nfl.com/image/upload/f_auto,q_auto/league/so1vzml0sxv84xoyyr2n",2,IND,0,0,0,0,0,0,0,0,0,0,0,0,,0,,,0,0,0,0,0,0,,0,2,2,17,0,0,0,-6,23,0,-0.421566183678806,0,0.0,0.0285714285714286,-0.0094339622641509,0.0362533692722372,0,1.7,3.7
2019,REG+POST,00-0035025,H.Hentges,Hale Hentges,TE,TE,"https://static.www.nfl.com/image/private/f_auto,q_auto/league/qn06ratsj85aw7o2bzfn",5,WAS,0,0,0,0,0,0,0,0,0,0,0,0,,0,,,0,0,0,0,0,0,,0,8,14,103,1,0,0,106,47,6,0.375884131237399,0,0.971698113207547,0.0939597315436242,0.0976058931860037,0.209263722545639,0,16.3,24.3
2019,REG+POST,00-0035039,S.Carlson,Stephen Carlson,TE,TE,"https://static.www.nfl.com/image/upload/f_auto,q_auto/league/nq0dkalhtzkaodcomjb9",6,CLE,0,0,0,0,0,0,0,0,0,0,0,0,,0,,,0,0,0,0,0,0,,0,5,7,51,1,0,0,51,21,2,3.47377010120489,0,1.0,0.0368421052631579,0.0367965367965368,0.0810207336523126,0,11.1,16.1
2019,REG+POST,00-0035040,D.Blough,David Blough,QB,QB,"https://static.www.nfl.com/image/private/f_auto,q_auto/league/enumsdgbnfykd6znzeck",5,DET,94,174,984,4,6,14,104,0,0,1484,329,47,-43.6656773869311,0,0.663072776280323,-0.0508151643383689,8,31,0,1,0,1,1.48973505559843,0,1,1,19,1,0,0,14,5,1,1.95853550662287,0,1.35714285714286,0.0344827586206897,0.053639846743295,0.089272030651341,0,54.36,55.36
2019,REG+POST,00-0035099,K.Blasingame,Khari Blasingame,FB,RB,"https://static.www.nfl.com/image/upload/f_auto,q_auto/league/beioi5h4lq0obt8yx35v",4,TEN,0,0,0,0,0,0,0,0,0,0,0,0,,0,,,0,0,0,0,0,0,,0,4,5,54,0,0,0,20,33,2,3.1760525132413,0,2.7,0.0458715596330275,0.0221975582685905,0.0843456302375546,0,5.4,9.4
2019,REG+POST,00-0035104,A.Hollins,Alexander Hollins,WR,WR,"https://static.www.nfl.com/image/private/f_auto,q_auto/league/mmztaportamkis4gklpf",3,MIN,0,0,0,0,0,0,0,0,0,0,0,0,,0,,,0,0,0,0,0,0,,0,2,5,46,0,0,0,106,6,2,-0.3599798080533,0,0.433962264150943,0.0625,0.194139194139194,0.229647435897436,0,4.6,6.6
2019,REG+POST,00-0035120,K.Doss,Keelan Doss,WR,WR,"https://static.www.nfl.com/image/private/f_auto,q_auto/league/w1y0ujmc2ycaxfpysv0u",6,LV,0,0,0,0,0,0,0,0,0,0,0,0,,0,,,0,0,0,0,0,0,,0,11,14,133,0,0,0,124,57,6,8.40098862239393,0,1.07258064516129,0.0790960451977401,0.125888324873096,0.206765895207778,0,13.3,24.3
2019,REG+POST,00-0035125,A.Ingold,Alec Ingold,FB,RB,"https://static.www.nfl.com/image/upload/f_auto,q_auto/league/ti3f1rb38z7sbxkjk2d9",11,LV,0,0,0,0,0,0,0,0,0,0,0,0,,0,,,10,17,0,0,0,7,2.34896391356597,0,6,6,44,1,0,0,6,38,4,5.71351825434249,0,7.33333333333333,0.0681818181818182,0.0124740124740125,0.111004536004536,0,12.1,18.1
2019,REG+POST,00-0035140,M.Hardman,Mecole Hardman,WR,WR,"https://static.www.nfl.com/image/upload/f_auto,q_auto/league/cfbjutuygqg7imy0qwpt",18,KC,0,0,0,0,0,0,0,0,0,0,0,0,,0,,,5,11,0,0,0,1,-1.26757801463828,0,30,47,567,6,0,0,484,325,19,36.8572573097093,0,1.17148760330579,0.0820244328097731,0.105699934483512,0.197026603353118,1,99.8,129.8
2019,REG+POST,00-0035146,T.McSorley,Trace McSorley,QB,QB,"https://static.www.nfl.com/image/private/f_auto,q_auto/league/gfl6nhrkzshnhcsxfvqy",1,BAL,0,0,0,0,0,0,0,0,0,0,0,0,,0,,,1,1,0,0,0,1,0.453160844510421,0,0,0,0,0,0,0,0,0,0,,0,,,,,0,0.1,0.1
2019,REG+POST,00-0035148,D.Thompson,Darwin Thompson,RB,RB,"https://static.www.nfl.com/image/private/f_auto,q_auto/league/l1hcf7i4flghdacmhorc",12,KC,0,0,0,0,0,0,0,0,0,0,0,0,,0,,,39,135,1,0,0,10,-1.86434981582688,0,9,12,43,0,0,0,-13,62,2,-2.57707397885041,0,-3.30769230769231,0.0418118466898955,-0.0152224824355972,0.0520620323299252,0,23.8,32.8
2019,REG+POST,00-0035181,D.Shepherd,Darrius Shepherd,WR,WR,"https://static.www.nfl.com/image/private/f_auto,q_auto/league/mxa4mlth6p0bf5pfg3so",1,GB,0,0,0,0,0,0,0,0,0,0,0,0,,0,,,0,0,0,0,0,0,,0,1,2,1,0,0,0,8,3,0,-7.77036466758,0,0.125,0.0526315789473684,0.0217983651226158,0.0942062240068837,0,0.1,1.1
2019,REG+POST,00-0035184,D.Ozigbo,Devine Ozigbo,RB,RB,"https://static.www.nfl.com/image/private/f_auto,q_auto/league/teht8fiw2mu5g8xmdoqm",1,JAX,0,0,0,0,0,0,0,0,0,0,0,0,,0,,,9,27,0,0,0,1,-0.531729707145132,0,3,5,23,0,0,0,6,20,1,0.0976534554501995,0,3.83333333333333,0.128205128205128,0.0258620689655172,0.210411140583554,0,5.0,8.0
2019,REG+POST,00-0035208,O.Zaccheaus,Olamide Zaccheaus,WR,WR,"https://static.www.nfl.com/image/upload/f_auto,q_auto/league/hcmdnfgnnvcp0qbktpxd",4,ATL,0,0,0,0,0,0,0,0,0,0,0,0,,0,,,0,0,0,0,0,0,,0,3,5,115,1,0,0,69,63,2,7.17072048422415,0,1.66666666666667,0.0396825396825397,0.073015873015873,0.110634920634921,1,23.5,26.5
2019,REG+POST,00-0035215,D.Harty,Deonte Harty,WR,WR,"https://static.www.nfl.com/image/upload/f_auto,q_auto/league/fh7rbtvohdkaacqaxqke",9,NO,0,0,0,0,0,0,0,0,0,0,0,0,,0,,,4,31,0,0,0,2,2.62657738698181,0,7,7,74,0,0,0,37,37,3,2.64281113878639,0,2.0,0.0321100917431193,0.0254820936639118,0.0660026031794172,1,16.5,23.5
2019,REG+POST,00-0035216,D.Johnson,Diontae Johnson,WR,WR,"https://static.www.nfl.com/image/upload/f_auto,q_auto/league/rjtil6ilydmwoy0btlt7",16,PIT,0,0,0,0,0,0,0,0,0,0,0,0,,0,,,4,41,0,0,0,2,1.53471279283986,0,59,92,680,5,3,1,843,305,31,20.4314547481988,0,0.806642941874259,0.189690721649485,0.216820987654321,0.436310773832251,1,106.1,165.1
2019,REG+POST,00-0035217,B.Snell,Benny Snell,RB,RB,"https://static.www.nfl.com/image/private/f_auto,q_auto/league/fo3ppnx6djkougdmpthf",11,PIT,0,0,0,0,0,0,0,0,0,0,0,0,,0,,,108,426,2,1,1,19,-12.9106192007312,0,3,4,23,0,0,0,-2,22,0,-0.857098600594327,0,-11.5,0.0449438202247191,-0.0032,0.0651757303370787,0,54.9,57.9
2019,REG+POST,00-0035222,Z.Gentry,Zach Gentry,TE,TE,"https://static.www.nfl.com/image/upload/f_auto,q_auto/league/a8vddwqiybkx41wwtjy4",1,PIT,0,0,0,0,0,0,0,0,0,0,0,0,,0,,,0,0,0,0,0,0,,0,1,1,4,0,0,0,2,2,1,1.00502067885827,0,2.0,0.0277777777777778,0.0065359477124183,0.0462418300653595,0,0.4,1.4
2019,REG+POST,00-0035228,K.Murray,Kyler Murray,QB,QB,"https://static.www.nfl.com/image/upload/f_auto,q_auto/league/lsladvvsaptc29bbcah2",16,ARI,346,539,3752,20,12,48,309,2,0,4037,1894,171,0.613685084355294,3,0.929403022046074,0.0552191243701323,92,539,4,3,2,27,-0.564978974246781,0,0,0,0,0,0,0,0,0,0,,0,,,,,0,285.98,285.98
2019,REG+POST,00-0035229,T.Hockenson,T.J. Hockenson,TE,TE,"https://static.www.nfl.com/image/upload/f_auto,q_auto/league/n9zhffstwzae8i5di6tk",12,DET,0,0,0,0,0,0,0,0,0,0,0,0,,0,,,0,0,0,0,0,0,,0,32,59,367,2,0,0,455,200,19,8.62641514076149,0,0.806593406593407,0.141486810551559,0.110651750972763,0.289686441508272,0,48.7,80.7
2019,REG+POST,00-0035231,C.Wilkins,Christian Wilkins,DT,DL,"https://static.www.nfl.com/image/upload/f_auto,q_auto/league/ogy5fqw1xsut7lcxffyw",1,MIA,0,0,0,0,0,0,0,0,0,0,0,0,,0,,,0,0,0,0,0,0,,0,1,1,1,1,1,0,0,1,1,0.703562048496679,0,0.0,0.0196078431372549,,,0,6.1,7.1
2019,REG+POST,00-0035232,D.Haskins,Dwayne Haskins,QB,QB,"https://static.www.nfl.com/image/private/f_auto,q_auto/league/cctguuvjeglkuo1o6yvx",9,WAS,119,203,1365,7,7,29,204,3,2,1751,615,65,-51.3898957696878,1,0.779554540262707,-0.001567616678692,20,101,0,3,0,7,2.17256973315596,0,0,0,0,0,0,0,0,0,0,,0,,,,,0,76.7,76.7
2019,REG+POST,00-0035235,K.McGary,Kaleb McGary,T,OL,"https://static.www.nfl.com/image/upload/f_auto,q_auto/league/woenkunxflhpuxb8kzqb",1,ATL,0,0,0,0,0,0,0,0,0,0,0,0,,0,,,0,0,0,0,0,0,,0,1,1,-3,0,0,0,-3,0,0,-1.15029828529805,0,0.0,0.0294117647058824,-0.0100334448160535,0.0370942356875861,0,-0.3,0.7
2019,REG+POST,00-0035243,M.Sanders,Miles Sanders,RB,RB,"https://static.www.nfl.com/image/upload/f_auto,q_auto/league/lvyjbie3d0ro8ohgphe0",17,PHI,0,0,0,0,0,0,0,0,0,0,0,0,,0,,,193,887,3,2,1,33,-14.7811760805314,1,53,68,517,3,0,0,136,427,19,13.1319939536466,0,3.80147058823529,0.112956810631229,0.0285354595048259,0.189410037600222,0,176.4,229.4
2019,REG+POST,00-0035244,L.Johnson,Lonnie Johnson,FS,DB,"https://static.www.nfl.com/image/upload/f_auto,q_auto/league/iizufcrfxvvjnjcsnzqp",1,HOU,0,0,0,0,0,0,0,0,0,0,0,0,,0,,,0,0,0,0,0,0,,0,0,0,0,0,0,0,0,0,0,,0,,,,,1,6.0,6.0
2019,REG+POST,00-0035246,J.Arcega-Whiteside,J.J. Arcega-Whiteside,WR,WR,"https://static.www.nfl.com/image/private/f_auto,q_auto/league/ybukzc2rvl0mqfnn387e",8,PHI,0,0,0,0,0,0,0,0,0,0,0,0,,0,,,0,0,0,0,0,0,,0,10,22,169,1,0,0,366,16,7,1.27695526970023,0,0.461748633879781,0.0645161290322581,0.137645731477999,0.193126205582987,0,22.9,32.9
2019,REG+POST,00-0035249,J.Oliver,Josh Oliver,TE,TE,"https://static.www.nfl.com/image/private/f_auto,q_auto/league/pwd3muzyjclgjlwwtdah",3,JAX,0,0,0,0,0,0,0,0,0,0,0,0,,0,,,0,0,0,0,0,0,,0,3,6,15,0,0,0,44,5,0,-6.06934147819993,0,0.340909090909091,0.0487804878048781,0.0442655935613682,0.104156647200275,0,1.5,4.5
2019,REG+POST,00-0035250,D.Singletary,Devin Singletary,RB,RB,"https://static.www.nfl.com/image/upload/f_auto,q_auto/league/wz8mp8xb5bdspcxosreh",13,BUF,0,0,0,0,0,0,0,0,0,0,0,0,,0,,,164,833,2,4,1,39,1.49355116533002,0,35,48,270,2,0,0,72,263,9,-0.392204263259466,0,3.75,0.144144144144144,0.0287539936102236,0.236344011743373,0,132.3,167.3
2019,REG+POST,00-0035251,W.Grier,Will Grier,QB,QB,"https://static.www.nfl.com/image/upload/f_auto,q_auto/league/i4yjdmx9siwbpou4s8km",2,CAR,28,52,228,0,4,6,44,0,0,491,179,12,-28.1793307584388,0,0.464358452138493,-0.0146788703040224,7,22,0,1,1,2,-8.62782434750491,0,0,0,0,0,0,0,0,0,0,,0,,,,,0,1.32,1.32
2019,REG+POST,00-0035259,T.Wesco,Trevon Wesco,TE,TE,"https://static.www.nfl.com/image/private/f_auto,q_auto/league/ptq3iidy6uyg3f31gjl5",3,NYJ,0,0,0,0,0,0,0,0,0,0,0,0,,0,,,1,2,0,0,0,1,2.10861775558442,0,2,3,47,0,0,0,8,40,2,3.41837112468784,0,5.875,0.0352941176470588,0.0124610591900312,0.06166391790361,0,4.9,6.9
2019,REG+POST,00-0035261,T.Pollard,Tony Pollard,RB,RB,"https://static.www.nfl.com/image/upload/f_auto,q_auto/league/koxn5qhfnsgvnqfqfmpp",14,DAL,0,0,0,0,0,0,0,0,0,0,0,0,,0,,,86,455,2,1,1,21,-1.80738194525475,1,15,20,107,1,0,0,-18,135,4,-2.76704756543209,0,-5.94444444444445,0.072992700729927,-0.0078226857887874,0.104013171042739,0,74.2,89.2
2019,REG+POST,00-0035264,J.Stidham,Jarrett Stidham,QB,QB,"https://static.www.nfl.com/image/upload/f_auto,q_auto/league/ydf4deab7bxkpjztpze5",3,NE,2,4,14,0,1,1,7,0,0,21,5,1,-10.1498656405602,0,0.666666666666667,,2,-2,0,0,0,0,0.0,0,0,0,0,0,0,0,0,0,0,,0,,,,,0,-1.64,-1.64
2019,REG+POST,00-0035268,R.Armstead,Ryquell Armstead,RB,RB,"https://static.www.nfl.com/image/private/f_auto,q_auto/league/jgcl3vn95zrklzlulgut",14,JAX,0,0,0,0,0,0,0,0,0,0,0,0,,0,,,35,108,0,0,0,5,-9.0978420706524,0,14,24,144,2,0,0,44,112,9,2.53054381103721,0,3.27272727272727,0.062992125984252,0.0163690476190476,0.105946522309711,0,37.2,51.2
2019,REG+POST,00-0035273,Q.Ollison,Qadree Ollison,RB,RB,"https://static.www.nfl.com/image/private/f_auto,q_auto/league/ifvzpr0bzxjwbpv0zpml",6,ATL,0,0,0,0,0,0,0,0,0,0,0,0,,0,,,22,50,4,1,0,6,0.277775852999184,0,1,2,7,0,0,0,3,3,1,0.0072995944647118,0,2.33333333333333,0.0238095238095238,0.0037267080745341,0.0383229813664596,0,29.7,30.7
2019,REG+POST,00-0035275,J.Scarlett,Jordan Scarlett,RB,RB,"https://static.www.nfl.com/image/private/f_auto,q_auto/league/k3w7dtbs4tpvnvzo6l6h",1,CAR,0,0,0,0,0,0,0,0,0,0,0,0,,0,,,4,9,0,0,0,0,-4.49301016575191,0,0,0,0,0,0,0,0,0,0,,0,,,,,0,0.9,0.9
2019,REG+POST,00-0035287,K.Johnson,KeeSean Johnson,WR,WR,"https://static.www.nfl.com/image/private/f_auto,q_auto/league/xevuoqg8h0chgypuqy8k",10,ARI,0,0,0,0,0,0,0,0,0,0,0,0,,0,,,1,3,0,0,0,0,-0.647963212337345,0,21,42,187,1,1,1,394,43,10,-7.47263857688699,1,0.474619289340102,0.121037463976945,0.151771956856703,0.28779656576511,0,25.0,46.0
2019,REG+POST,00-0035289,G.Minshew,Gardner Minshew,QB,QB,"https://static.www.nfl.com/image/upload/f_auto,q_auto/league/zn2kvriijuixffqfx7ob",14,JAX,285,470,3271,21,6,33,184,10,5,3472,1531,150,-13.7284929347418,3,0.942108294930876,0.0310644410307923,67,344,0,3,2,20,-3.94118939752414,0,0,0,0,0,0,0,0,0,0,,0,,,,,0,229.24,229.24
2019,REG+POST,00-0035297,K.Harmon,Kelvin Harmon,WR,WR,"https://static.www.nfl.com/image/upload/f_auto,q_auto/league/fface3xneon0qi0kttvd",13,WAS,1,1,11,0,0,0,0,0,0,6,5,1,0.902871173457243,0,1.83333333333333,,0,0,0,0,0,0,,0,30,44,365,0,0,0,502,94,16,10.1114556605465,0,0.727091633466135,0.117962466487936,0.166225165562914,0.293301315625943,0,36.94,66.94
2019,REG+POST,00-0035298,S.Miller,Scott Miller,WR,WR,"https://static.www.nfl.com/image/upload/f_auto,q_auto/league/v5fxl6tig8qarofg0lo1",9,TB,0,0,0,0,0,0,0,0,0,0,0,0,,0,,,2,16,0,0,0,1,0.17950395133812,0,13,26,200,1,0,0,465,36,5,5.32437015270881,0,0.43010752688172,0.0714285714285714,0.124631466094881,0.194384883409274,0,27.6,40.6
2019,REG+POST,00-0035308,T.Sweeney,Tommy Sweeney,TE,TE,"https://static.www.nfl.com/image/upload/f_auto,q_auto/league/ixhp102leeriycsx1pkl",5,BUF,0,0,0,0,0,0,0,0,0,0,0,0,,0,,,0,0,0,0,0,0,,0,8,13,114,0,0,0,118,38,4,5.200765396934,0,0.966101694915254,0.0792682926829268,0.0924764890282132,0.183635981344139,0,11.4,19.4
2019,REG+POST,00-0035311,M.Gaskin,Myles Gaskin,RB,RB,"https://static.www.nfl.com/image/upload/f_auto,q_auto/league/dn5kacxm99pb95u8dle1",7,MIA,0,0,0,0,0,0,0,0,0,0,0,0,,0,,,36,133,1,0,0,7,-2.45726861432838,0,7,12,51,0,0,0,2,46,2,-1.83165746384964,0,25.5,0.0427046263345196,0.0008481764206955,0.0646506629962662,0,24.4,31.4
2019,REG+POST,00-0035342,P.Laird,Patrick Laird,RB,RB,"https://static.www.nfl.com/image/private/f_auto,q_auto/league/lhildzn90os4dmucczjw",8,MIA,0,0,0,0,0,0,0,0,0,0,0,0,,0,,,62,168,1,0,0,9,-21.7514093364647,0,23,30,204,0,0,0,42,176,13,4.96077053418494,1,4.85714285714286,0.0923076923076923,0.0172697368421053,0.150550354251012,0,45.2,68.2
2019,REG+POST,00-0035350,P.Williams,Preston Williams,WR,WR,"https://static.www.nfl.com/image/private/f_auto,q_auto/league/ycedbmymomppxkrh6gcc",8,MIA,0,0,0,0,0,1,1,0,0,0,0,0,-0.926850494695827,0,,,0,0,0,0,0,0,,0,32,60,428,3,2,1,841,61,24,-0.0026120971965006,0,0.508917954815696,0.213523131672598,0.317598187311178,0.542603428626722,0,58.8,90.8
2019,REG+POST,00-0035374,M.Walker,Michael Walker,WR,WR,"https://static.www.nfl.com/image/private/f_auto,q_auto/league/hif6vcfhct6nesewer3o",2,JAX,0,0,0,0,0,0,0,0,0,0,0,0,,0,,,0,0,0,0,0,0,,0,2,3,15,0,0,0,12,7,1,2.66099131782539,0,1.25,0.04,0.0290556900726392,0.0803389830508475,0,1.5,3.5
2019,REG+POST,00-0035399,S.Morgan,Stanley Morgan,WR,WR,"https://static.www.nfl.com/image/upload/f_auto,q_auto/league/wxgibmduh5kodwlvbgct",5,CIN,0,0,0,0,0,0,0,0,0,0,0,0,,0,,,0,0,0,0,0,0,,0,3,10,18,0,0,0,66,10,0,-11.4683160347846,0,0.272727272727273,0.0543478260869565,0.0444743935309973,0.112653814602133,0,1.8,4.8
2019,REG+POST,00-0035401,D.Willis,Damion Willis,WR,WR,"https://static.www.nfl.com/image/private/f_auto,q_auto/league/qc6dvlvsaekyjgcqdkou",7,CIN,0,0,0,0,0,0,0,0,0,0,0,0,,0,,,0,0,0,0,0,0,,0,9,16,82,0,0,0,179,16,3,-1.4770113954728,0,0.458100558659218,0.0599250936329588,0.0945089757127772,0.156043923448382,0,8.2,17.2
2019,REG+POST,00-0035406,L.Humphrey,Lil'Jordan Humphrey,WR,WR,"https://static.www.nfl.com/image/upload/f_auto,q_auto/league/yjmyfuozafxd7zwf3mlr",1,NO,0,0,0,0,0,0,0,0,0,0,0,0,,0,,,0,0,0,0,0,0,,0,0,1,0,0,0,0,15,0,0,-0.734108325559646,0,0.0,0.0333333333333333,0.0769230769230769,0.103846153846154,0,0.0,0.0
2019,REG+POST,00-0035414,J.Guyton,Jalen Guyton,WR,WR,"https://static.www.nfl.com/image/upload/f_auto,q_auto/league/a6j9njysh2lwdjblxvxw",1,LAC,0,0,0,0,0,0,0,0,0,0,0,0,,0,,,0,0,0,0,0,0,,0,0,2,0,0,0,0,75,0,0,-1.74483221303672,0,0.0,0.0769230769230769,0.297619047619048,0.323717948717949,0,0.0,0.0
2019,REG+POST,00-0035432,J.Moore,Jason Moore,WR,WR,"https://static.www.nfl.com/image/private/f_auto,q_auto/league/gbbc1ckeorj74mpfvstq",4,LAC,0,0,0,0,0,0,0,0,0,0,0,0,,0,,,0,0,0,0,0,0,,0,2,5,43,0,0,0,119,6,2,3.06122588797007,0,0.361344537815126,0.0303030303030303,0.0738671632526381,0.0971615597313921,0,4.3,6.3
2019,REG+POST,00-0035489,W.Hills,Wes Hills,RB,RB,"https://static.www.nfl.com/image/private/f_auto,q_auto/league/kxvtw7tugtuh36zptnko",1,DET,0,0,0,0,0,0,0,0,0,0,0,0,,0,,,10,21,2,0,0,3,0.385281258029863,0,2,2,1,0,0,0,-2,3,0,-1.56060003489256,0,-0.5,0.0465116279069768,-0.0056497175141242,0.0658126396005781,0,14.2,16.2
2019,REG+POST,00-0035510,J.Smith,Jeff Smith,WR,WR,"https://static.www.nfl.com/image/upload/f_auto,q_auto/league/nrlg2m2ohbrp0duq1g3b",1,NYJ,0,0,0,0,0,0,0,0,0,0,0,0,,0,,,0,0,0,0,0,0,,0,1,2,12,0,0,0,48,0,1,0.479500403162092,0,0.25,0.0689655172413793,0.2,0.243448275862069,0,1.2,2.2
2019,REG+POST,00-0035527,A.Isabella,Andy Isabella,WR,WR,"https://static.www.nfl.com/image/upload/f_auto,q_auto/league/qpqphhsofn96dvojfsx1",9,ARI,0,0,0,0,0,0,0,0,0,0,0,0,,0,,,4,15,0,0,0,0,-1.10129587596748,0,9,13,189,1,0,0,82,140,4,11.8239797452629,0,2.30487804878049,0.0646766169154229,0.0622154779969651,0.14056575997101,0,26.4,35.4
2019,REG+POST,00-0035535,D.Slayton,Darius Slayton,WR,WR,"https://static.www.nfl.com/image/upload/f_auto,q_auto/league/zhm6evj813ucss03ndlx",14,NYG,0,0,0,0,0,0,0,0,0,0,0,0,,0,,,0,0,0,0,0,0,,0,48,84,740,8,0,0,1178,192,32,33.9302124712878,0,0.628183361629881,0.168,0.288089997554414,0.45366299828809,0,122.0,170.0
2019,REG+POST,00-0035537,T.Johnson,Ty Johnson,RB,RB,"https://static.www.nfl.com/image/upload/f_auto,q_auto/league/zdedn4xqr2jy6mddh5pb",15,DET,0,0,0,0,0,0,0,0,0,0,0,0,,0,,,63,273,0,0,0,11,-8.42703514877128,0,24,31,109,0,1,1,61,93,4,-10.5521849973503,0,1.78688524590164,0.0682819383259912,0.0146072796934866,0.112648003274427,0,36.2,60.2
2019,REG+POST,00-0035539,I.Nauta,Isaac Nauta,TE,TE,"https://static.www.nfl.com/image/private/f_auto,q_auto/league/nr3byepe2tjg8v8iot3z",2,DET,0,0,0,0,0,0,0,0,0,0,0,0,,0,,,0,0,0,0,0,0,,0,2,3,13,0,0,0,4,8,1,0.528928726911545,0,3.25,0.037037037037037,0.0066225165562913,0.0601913171449595,0,1.3,3.3
2019,REG+POST,00-0035548,V.Bryant,Ventell Bryant,WR,WR,"https://static.www.nfl.com/image/private/f_auto,q_auto/league/k7tj2w8kpuhq2gtpvi37",1,DAL,0,0,0,0,0,0,0,0,0,0,0,0,,0,,,0,0,0,0,0,0,,0,1,1,15,1,0,0,15,0,1,2.00721482053632,0,1.0,0.0204081632653061,0.0420168067226891,0.0600240096038415,0,7.5,8.5
2019,REG+POST,00-0035551,T.Brooks-James,Tony Brooks-James,RB,RB,"https://static.www.nfl.com/image/private/f_auto,q_auto/league/zn6yi45uu1wgpm8x08ph",3,PIT,0,0,0,0,0,0,0,0,0,0,0,0,,0,,,8,7,0,0,0,0,-5.91457705077482,0,0,0,0,0,0,0,0,0,0,,0,,,,,0,0.7,0.7
2019,REG+POST,00-0035553,C.Jones,Charles Jones,TE,TE,"https://static.www.nfl.com/image/private/f_auto,q_auto/league/cx7tosfq741z1xu3lbnf",1,JAX,0,0,0,0,0,0,0,0,0,0,0,0,,0,,,0,0,0,0,0,0,,0,1,1,5,0,0,0,3,2,0,-0.634114044718444,0,1.66666666666667,0.0256410256410256,0.0129310344827586,0.0475132625994695,0,0.5,1.5
2019,REG+POST,00-0035562,J.Horsted,Jesper Horsted,TE,TE,"https://static.www.nfl.com/image/private/f_auto,q_auto/league/mqbodeysdvvvuhkctewa",5,CHI,0,0,0,0,0,0,0,0,0,0,0,0,,0,,,0,0,0,0,0,0,,0,8,10,87,1,0,0,66,30,4,4.78154208715035,0,1.31818181818182,0.0518134715025907,0.0405654578979717,0.106116027782466,0,14.7,22.7
2019,REG+POST,00-0035577,D.Hodges,Devlin Hodges,QB,QB,"https://static.www.nfl.com/image/private/f_auto,q_auto/league/ehkdoer4nv2qp2ddam83",8,PIT,100,160,1063,5,8,15,102,4,1,1175,574,51,-21.9427906814302,0,0.90468085106383,0.044829990189356,21,68,0,1,0,5,-13.2083051086922,0,0,0,0,0,0,0,0,0,0,,0,,,,,0,51.32,51.32
2019,REG+POST,00-0035588,G.Bradbury,Garrett Bradbury,C,OL,"https://static.www.nfl.com/image/upload/f_auto,q_auto/league/hmbztztyfblbcrdlbsez",2,MIN,0,0,0,0,0,0,0,0,0,0,0,0,,0,,,0,0,0,0,0,0,,0,2,2,-2,0,0,0,-5,3,0,-2.61128176492639,0,0.0,0.0344827586206897,-0.0127226463104326,0.0428182855137317,0,-0.2,1.8
2019,REG+POST,00-0035590,R.Ridley,Riley Ridley,WR,WR,"https://static.www.nfl.com/image/private/f_auto,q_auto/league/r9fsvecapqc351xr2qie",3,CHI,0,0,0,0,0,0,0,0,0,0,0,0,,0,,,0,0,0,0,0,0,,0,6,7,69,0,0,0,62,15,4,6.88667034101673,0,1.11290322580645,0.0603448275862069,0.0721769499417928,0.141041106338565,0,6.9,12.9
2019,REG+POST,00-0035592,T.Fulgham,Travis Fulgham,WR,WR,"https://static.www.nfl.com/image/private/f_auto,q_auto/league/xe4kdnx9a9p9735nhwh5",2,DET,0,0,0,0,0,0,0,0,0,0,0,0,,0,,,0,0,0,0,0,0,,0,0,3,0,0,0,0,66,0,0,-2.64585548918694,0,0.0,0.0576923076923077,0.130952380952381,0.178205128205128,0,0.0,0.0
2019,REG+POST,00-0035594,T.Homer,Travis Homer,RB,RB,"https://static.www.nfl.com/image/upload/f_auto,q_auto/league/eg1e7va024emnbm55got",6,SEA,0,0,0,0,0,0,0,0,0,0,0,0,,0,,,32,139,0,1,0,8,-2.67150515486423,0,14,17,88,0,0,0,-1,94,5,2.28515813614064,0,-88.0,0.137096774193548,-0.0008643042350907,0.205040148325759,0,22.7,36.7
2019,REG+POST,00-0035596,K.Whyte,Kerrith Whyte,RB,RB,"https://static.www.nfl.com/image/private/f_auto,q_auto/league/wkjzrhylwknzyztlza5g",6,PIT,0,0,0,0,0,0,0,0,0,0,0,0,,0,,,24,122,0,0,0,5,0.916592809710638,0,1,1,9,0,0,0,-2,11,1,1.05669509712607,0,-4.5,0.0555555555555556,-0.024390243902439,0.066260162601626,0,13.1,14.1
2019,REG+POST,00-0035597,J.Ursua,John Ursua,WR,WR,"https://static.www.nfl.com/image/private/f_auto,q_auto/league/unhfaasxtecti2bpdozv",1,SEA,0,0,0,0,0,0,0,0,0,0,0,0,,0,,,0,0,0,0,0,0,,0,1,1,11,0,0,0,11,0,1,3.18870680924738,0,1.0,0.0263157894736842,0.0436507936507936,0.0700292397660819,0,1.1,2.1
2019,REG+POST,00-0035624,N.Harry,N'Keal Harry,TE,TE,"https://static.www.nfl.com/image/upload/f_auto,q_auto/league/yl0nlprrudo2o0awymq3",8,NE,0,0,0,0,0,0,0,0,0,0,0,0,,0,,,6,56,0,0,0,4,3.58352707931772,0,14,31,126,2,0,0,291,45,9,-1.61857594916991,0,0.43298969072165,0.109154929577465,0.124146757679181,0.250635124741624,0,30.2,44.2
2019,REG+POST,00-0035628,D.Johnson,D'Ernest Johnson,RB,RB,"https://static.www.nfl.com/image/upload/f_auto,q_auto/league/gbe2eojaxid4n3pmo0rj",3,CLE,0,0,0,0,0,0,0,0,0,0,0,0,,0,,,4,21,0,0,0,0,-2.03126606717706,0,6,7,71,0,0,0,34,43,1,2.06018136208877,0,2.08823529411765,0.0760869565217391,0.0374449339207048,0.140341888527102,0,9.2,15.2
2019,REG+POST,00-0035631,D.Sample,Drew Sample,TE,TE,"https://static.www.nfl.com/image/upload/f_auto,q_auto/league/xufsbdqfujdqnrnozhg4",4,CIN,0,0,0,0,0,0,0,0,0,0,0,0,,0,,,0,0,0,0,0,0,,0,5,6,30,0,0,0,42,13,1,-0.429956123698503,0,0.714285714285714,0.04,0.0350877192982456,0.0845614035087719,0,3.0,8.0
2019,REG+POST,00-0035632,A.Hooker,Amani Hooker,FS,DB,"https://static.www.nfl.com/image/upload/f_auto,q_auto/league/jigd7pauot8z4engfsmx",1,TEN,0,0,0,0,0,0,0,0,0,0,0,0,,0,,,0,0,0,0,0,0,,0,1,1,28,0,0,0,9,19,1,3.94281001505442,0,3.11111111111111,0.03125,0.033457249070632,0.0702950743494424,0,2.8,3.8
2019,REG+POST,00-0035639,P.Campbell,Parris Campbell,WR,WR,"https://static.www.nfl.com/image/upload/f_auto,q_auto/league/zesqmghc8zchkvhsv9jb",7,IND,0,0,0,0,0,0,0,0,0,0,0,0,,0,,,4,34,0,0,0,1,1.1373697114177,0,18,24,127,1,2,1,188,106,6,-4.27380138255171,0,0.675531914893617,0.107142857142857,0.110393423370523,0.237989682073652,0,20.1,38.1
2019,REG+POST,00-0035640,D.Metcalf,DK Metcalf,WR,WR,"https://static.www.nfl.com/image/upload/f_auto,q_auto/league/ezpzdcvzlu5ga4uv6oas",18,SEA,0,0,0,0,0,0,0,0,0,0,0,0,,0,,,2,11,0,0,0,0,0.254456693306565,0,69,114,1119,8,3,3,1512,336,46,40.6348968949442,1,0.740079365079365,0.206896551724138,0.28993288590604,0.513297847720435,0,157.0,226.0
2019,REG+POST,00-0035644,N.Fant,Noah Fant,TE,TE,"https://static.www.nfl.com/image/private/f_auto,q_auto/league/w1gqasldrg3jumzdqjvy",16,DEN,0,0,0,0,0,0,0,0,0,0,0,0,,0,,,3,-12,0,0,0,0,-4.67049126606435,0,40,66,562,3,1,1,503,330,23,-0.397987139336859,0,1.11729622266402,0.137214137214137,0.149479940564636,0.310457164216451,0,71.0,111.0
2019,REG+POST,00-0035645,G.Olszewski,Gunner Olszewski,WR,WR,"https://static.www.nfl.com/image/upload/f_auto,q_auto/league/fpimudxhuze3pd02bstw",2,NE,0,0,0,0,0,0,0,0,0,0,0,0,,0,,,0,0,0,0,0,0,,0,2,4,34,0,0,0,24,16,1,0.563571012346074,0,1.41666666666667,0.0481927710843374,0.047713717693837,0.105688759012192,0,3.4,5.4
2019,REG+POST,00-0035652,R.Finley,Ryan Finley,QB,QB,"https://static.www.nfl.com/image/private/f_auto,q_auto/league/vz8qctzxuap5nxbaw8ql",3,CIN,41,87,474,2,2,11,93,4,3,721,203,20,-52.6367585612401,0,0.657420249653259,-0.0573046415489755,10,77,0,0,0,4,0.280103578756098,0,0,0,0,0,0,0,0,0,0,,0,,,,,0,24.66,24.66
2019,REG+POST,00-0035654,C.Winovich,Chase Winovich,DE,DL,"https://static.www.nfl.com/image/private/f_auto,q_auto/league/pbnpzaqm5bba9dfrtmis",1,NE,0,0,0,0,0,0,0,0,0,0,0,0,,0,,,0,0,0,0,0,0,,0,0,0,0,0,0,0,0,0,0,,0,,,,,1,6.0,6.0
2019,REG+POST,00-0035657,D.Harris,Damien Harris,RB,RB,"https://static.www.nfl.com/image/private/f_auto,q_auto/league/s0cagglk6qh9ciuddjmu",1,NE,0,0,0,0,0,0,0,0,0,0,0,0,,0,,,4,12,0,0,0,0,-1.50887475028867,0,0,0,0,0,0,0,0,0,0,,0,,,,,0,1.2,1.2
2019,REG+POST,00-0035659,T.McLaurin,Terry McLaurin,WR,WR,"https://static.www.nfl.com/image/upload/f_auto,q_auto/league/wokz1etv1wj1vhbmvxgs",14,WAS,0,0,0,0,0,0,0,0,0,0,0,0,,0,,,0,0,0,0,0,0,,0,58,93,919,7,0,0,1304,217,43,48.4236418498487,0,0.704754601226994,0.230769230769231,0.423101881894873,0.642325163480258,0,133.9,191.9
2019,REG+POST,00-0035662,M.Brown,Marquise Brown,WR,WR,"https://static.www.nfl.com/image/upload/f_auto,q_auto/league/ixuddegcphzmvjn4jq6r",15,BAL,0,0,0,0,0,0,0,0,0,0,0,0,,0,,,0,0,0,0,0,0,,0,53,82,710,7,0,0,960,247,30,32.8280055010731,0,0.739583333333333,0.191588785046729,0.24621697871249,0.459735062668837,0,113.0,166.0
2019,REG+POST,00-0035664,D.Henderson,Darrell Henderson,RB,RB,"https://static.www.nfl.com/image/private/f_auto,q_auto/league/trvk8n0wjne7edxbajgw",7,LA,0,0,0,0,0,0,0,0,0,0,0,0,,0,,,39,147,0,0,0,10,-9.67051024138345,0,4,6,37,0,0,0,3,37,1,0.0052158480975776,0,12.3333333333333,0.0652173913043478,0.0063829787234042,0.102294172062905,0,18.4,22.4
2019,REG+POST,00-0035665,D.Long,David Long,CB,DB,"https://static.www.nfl.com/image/upload/f_auto,q_auto/league/uawngyyimhhcvwiijs1x",1,LA,0,0,0,0,0,0,0,0,0,0,0,0,,0,,,0,0,0,0,0,0,,0,0,1,0,0,0,0,4,0,0,-3.51239289878868,0,0.0,0.0238095238095238,0.0134228187919463,0.0451102588686481,0,0.0,0.0
2019,REG+POST,00-0035669,N.Scott,Nick Scott,SS,DB,"https://static.www.nfl.com/image/upload/f_auto,q_auto/league/knvjhpqqyqrnkzwikfdx",2,LA,0,0,0,0,0,0,0,0,0,0,0,0,,0,,,1,6,0,0,0,0,-2.57831057079602,0,1,1,23,0,0,0,3,20,1,3.9007327342988,0,7.66666666666667,0.0263157894736842,0.0079787234042553,0.045058790593505,0,2.9,3.9
2019,REG+POST,00-0035671,J.Sternberger,Jace Sternberger,TE,TE,"https://static.www.nfl.com/image/private/f_auto,q_auto/league/dhmgw6mercfkpyfh1mw8",3,GB,0,0,0,0,0,0,0,0,0,0,0,0,,0,,,0,0,0,0,0,0,,0,3,4,15,1,0,0,22,6,2,3.29945553172729,0,0.681818181818182,0.0465116279069768,0.0320232896652111,0.0921837446261129,0,7.5,10.5
2019,REG+POST,00-0035676,A.Brown,A.J. Brown,WR,WR,"https://static.www.nfl.com/image/private/f_auto,q_auto/league/a014sgzctarbvhwb35lw",19,TEN,0,0,0,0,0,0,0,0,0,0,0,0,,0,,,4,69,1,0,0,2,4.26400304981507,0,57,94,1115,8,1,0,1197,503,42,49.9656104341409,0,0.931495405179616,0.191836734693878,0.271860095389507,0.478057168813471,0,172.4,229.4
2019,REG+POST,00-0035685,D.Montgomery,David Montgomery,RB,RB,"https://static.www.nfl.com/image/upload/f_auto,q_auto/league/nwdb4paueb1x4gv7tlb9",16,CHI,0,0,0,0,0,0,0,0,0,0,0,0,,0,,,242,889,6,2,2,50,-41.1203817604674,0,25,35,185,1,0,0,94,156,7,-2.10256023325012,0,1.96808510638298,0.0688976377952756,0.0238215914850482,0.120021570732447,0,145.4,170.4
2019,REG+POST,00-0035686,M.Deiter,Michael Deiter,C,OL,"https://static.www.nfl.com/image/upload/f_auto,q_auto/league/rr4ex2fuppsjfwga6t4z",1,MIA,0,0,0,0,0,0,0,0,0,0,0,0,,0,,,0,0,0,0,0,0,,0,1,1,0,0,0,0,0,0,0,-0.692235914990306,0,,0.0303030303030303,,,0,0.0,1.0
2019,REG+POST,00-0035689,D.Knox,Dawson Knox,TE,TE,"https://static.www.nfl.com/image/upload/f_auto,q_auto/league/uazfj5l5vzow2oyfa1s6",16,BUF,0,0,0,0,0,0,0,0,0,0,0,0,,0,,,1,9,0,0,0,1,0.909224141389132,0,29,52,402,2,0,0,467,151,16,9.78589493904894,0,0.860813704496788,0.106339468302658,0.101257588898526,0.230389514682956,0,53.1,82.1
2019,REG+POST,00-0035700,J.Jacobs,Josh Jacobs,RB,RB,"https://static.www.nfl.com/image/upload/f_auto,q_auto/league/ksdusqxnwqtnph0htcfx",13,LV,0,0,0,0,0,0,0,0,0,0,0,0,,0,,,242,1150,7,1,1,53,-9.49242092085179,0,20,27,166,0,0,0,-34,183,8,3.90755770110991,0,-4.88235294117647,0.0825688073394496,-0.016798418972332,0.112094317728542,0,171.6,191.6
2019,REG+POST,00-0035703,M.Boykin,Miles Boykin,WR,WR,"https://static.www.nfl.com/image/upload/f_auto,q_auto/league/agzv2xnchflfdxfet6pm",13,BAL,0,0,0,0,0,0,0,0,0,0,0,0,,0,,,0,0,0,0,0,0,,0,16,29,224,3,0,0,469,12,11,12.3955391978961,0,0.477611940298507,0.0759162303664922,0.132974199036008,0.206956284874944,0,40.4,56.4
2019,REG+POST,00-0035704,D.Lock,Drew Lock,QB,QB,"https://static.www.nfl.com/image/upload/f_auto,q_auto/league/tlkgzjnuugarxjeoj9vk",5,DEN,100,156,1020,7,3,5,26,1,0,1065,550,54,13.7249274383464,0,0.957746478873239,0.0837725251348577,18,72,0,2,1,5,-8.38855215546209,0,0,0,0,0,0,0,0,0,0,,0,,,,,0,68.0,68.0
2019,REG+POST,00-0035710,D.Jones,Daniel Jones,QB,QB,"https://static.www.nfl.com/image/private/f_auto,q_auto/league/zrhniboizqpxtdyz6gez",13,NYG,284,459,3027,24,12,38,295,12,8,3689,1395,140,-41.3628570410375,2,0.820547573868257,0.0391799125116271,45,279,2,5,2,21,16.2041361912837,0,0,0,0,0,0,0,0,0,0,,0,,,,,0,216.98,216.98
2019,REG+POST,00-0035719,D.Samuel,Deebo Samuel,WR,WR,"https://static.www.nfl.com/image/upload/f_auto,q_auto/league/shqoqpjwwoiexzy6cmgb",18,SF,0,0,0,0,0,0,0,0,0,0,0,0,,0,,,20,261,3,0,0,10,17.6382979447371,0,67,99,929,3,2,1,759,551,40,28.5317716824206,1,1.22397891963109,0.196428571428571,0.2289592760181,0.454914350355527,0,155.0,222.0
2019,REG+POST,00-0035726,J.Johnson,Jakob Johnson,FB,RB,"https://static.www.nfl.com/image/upload/f_auto,q_auto/league/dsggivrqnycxooysemqr",1,NE,0,0,0,0,0,0,0,0,0,0,0,0,,0,,,0,0,0,0,0,0,,0,1,2,5,0,0,0,7,1,0,-0.698337104171515,0,0.714285714285714,0.05,0.0226537216828479,0.0908576051779935,0,0.5,1.5
2020,REG,00-0019596,T.Brady,Tom Brady,QB,QB,"https://static.www.nfl.com/image/private/f_auto,q_auto/league/q7dpdlxyu5rs05rgh1le",16,TB,401,610,4633,40,12,21,143,1,0,5532,1810,233,133.306174207945,0,0.837490961677513,0.166459025495043,30,6,3,3,1,6,-18.1860518442675,0,0,0,0,0,0,0,0,0,0,,0,,,,,0,337.92,337.92
2020,REG,00-0020531,D.Brees,Drew Brees,QB,QB,"https://static.www.nfl.com/image/private/f_auto,q_auto/league/i20xlpzdmn7xubotijjd",12,NO,275,390,2942,24,6,13,89,6,2,2361,1478,149,69.7204461784081,0,1.24608216857264,0.131224400887557,18,-2,2,0,0,4,-4.35573132415479,0,0,0,0,0,0,0,0,0,0,,0,,,,,0,209.48,209.48
2020,REG,00-0022127,J.Witten,Jason Witten,TE,TE,"https://static.www.nfl.com/image/private/f_auto,q_auto/league/r7uafhtwuexuaty0nhsc",10,LV,0,0,0,0,0,0,0,0,0,0,0,0,,0,,,0,0,0,0,0,0,,0,13,17,69,2,0,0,91,20,8,2.40717795920572,0,0.758241758241758,0.0527950310559006,0.033641404805915,0.102741529947991,0,18.9,31.9
2020,REG,00-0022787,M.Schaub,Matt Schaub,QB,QB,"https://static.www.nfl.com/image/private/f_auto,q_auto/league/mj2kh2nddxnw04ludcx0",1,ATL,0,0,0,0,0,0,0,0,0,0,0,0,,0,,,3,-4,0,0,0,0,0.0,0,0,0,0,0,0,0,0,0,0,,0,,,,,0,-0.4,-0.4
2020,REG,00-0022824,A.Lee,Andy Lee,P,SPEC,"https://static.www.nfl.com/image/private/f_auto,q_auto/league/bfozbs2h9jueavslvw3z",1,ARI,1,1,26,0,0,0,0,0,0,14,12,1,4.01401143427938,0,1.85714285714286,,0,0,0,0,0,0,,0,0,0,0,0,0,0,0,0,0,,0,,,,,0,1.04,1.04
2020,REG,00-0022921,L.Fitzgerald,Larry Fitzgerald,WR,WR,"https://static.www.nfl.com/image/private/f_auto,q_auto/league/ycgjjaad5un42gy4pnga",13,ARI,0,0,0,0,0,0,0,0,0,0,0,0,,0,,,0,0,0,0,0,0,,0,54,72,409,1,0,0,432,185,25,-1.77135091712221,0,0.946759259259259,0.160714285714286,0.117136659436009,0.323067090176635,0,46.9,100.9
2020,REG,00-0022924,B.Roethlisberger,Ben Roethlisberger,QB,QB,"https://static.www.nfl.com/image/private/f_auto,q_auto/league/vziogpnyp9d0xtpiuqhr",15,PIT,399,608,3803,33,10,13,118,2,0,4225,1956,193,55.1108616447014,2,0.900118343195266,0.0870311757352289,25,11,0,3,1,3,-19.6284751357453,0,0,0,0,0,0,0,0,0,0,,0,,,,,0,267.22,267.22
2020,REG,00-0022942,P.Rivers,Philip Rivers,QB,QB,"https://static.www.nfl.com/image/private/f_auto,q_auto/league/voakyrtj34sghkwxaxxf",16,IND,369,543,4169,24,11,19,118,2,1,3888,2226,200,104.338057118505,1,1.07227366255144,0.132997022342124,18,-8,0,0,0,0,-10.1186976300087,0,0,0,0,0,0,0,0,0,0,,0,,,,,0,239.96,239.96
2020,REG,00-0023436,A.Smith,Alex Smith,QB,QB,"https://static.www.nfl.com/image/private/f_auto,q_auto/league/dpa5d1a8jj6jdymocjkx",8,WAS,168,252,1582,6,8,22,139,1,0,1286,949,74,-32.6878689983144,0,1.23017107309487,0.0222355363314698,10,3,0,1,0,0,-6.43406342438539,0,0,0,0,0,0,0,0,0,0,,0,,,,,0,71.58,71.58
2020,REG,00-0023459,A.Rodgers,Aaron Rodgers,QB,QB,"https://static.www.nfl.com/image/private/f_auto,q_auto/league/gnta8ufi2vdp967dui9e",16,GB,372,526,4299,48,5,20,182,1,1,4135,2248,216,186.251848098702,0,1.03966142684401,0.217343811698119,38,149,3,3,1,15,2.94030339736491,0,1,1,-6,0,0,0,-4,-2,0,-1.35517050104681,0,0.0,0.0333333333333333,-0.0144404332129964,0.0398916967509025,0,382.26,383.26
2020,REG,00-0023500,F.Gore,Frank Gore,RB,RB,"https://static.www.nfl.com/image/private/f_auto,q_auto/league/lxxkhd2suyalrbruzut7",15,NYJ,0,0,0,0,0,0,0,0,0,0,0,0,,0,,,187,653,2,1,1,32,-41.3060186753885,0,16,19,89,0,0,0,34,73,3,0.434208778071666,0,2.61764705882353,0.063973063973064,0.0124132895217233,0.104648898624802,0,84.2,100.2
2020,REG,00-0023682,R.Fitzpatrick,Ryan Fitzpatrick,QB,QB,"https://static.www.nfl.com/image/private/f_auto,q_auto/league/pkhhxwplsawnhln9rsun",9,MIA,183,267,2091,13,8,14,65,2,0,2080,855,106,46.587217994682,2,1.00528846153846,0.155538775709352,30,151,2,0,0,12,3.83983839525071,1,1,1,0,0,0,0,-4,4,0,-1.53161310218275,0,0.0,0.05,-0.0277777777777778,0.0555555555555556,0,152.74,153.74
2020,REG,00-0024243,M.Lewis,Marcedes Lewis,TE,TE,"https://static.www.nfl.com/image/private/f_auto,q_auto/league/ppq07tipygpftz5csipx",10,GB,0,0,0,0,0,0,0,0,0,0,0,0,,0,,,0,0,0,0,0,0,,0,10,17,107,3,0,0,111,57,6,3.91344637656584,0,0.963963963963964,0.0555555555555556,0.0489202291758484,0.117577493756427,0,28.7,38.7
2020,REG,00-0024417,S.Koch,Sam Koch,P,SPEC,"https://static.www.nfl.com/image/private/f_auto,q_auto/league/dw34lcf6qit1i1knjhpv",1,BAL,1,1,15,0,0,0,0,0,0,9,6,1,3.39332748652669,0,1.66666666666667,,0,0,0,0,0,0,,0,0,0,0,0,0,0,0,0,0,,0,,,,,0,0.6,0.6
2020,REG,00-0025394,A.Peterson,Adrian Peterson,RB,RB,"https://static.www.nfl.com/image/private/f_auto,q_auto/league/ug2ua3skqc9f6vkbowxc",16,DET,0,0,0,0,0,0,0,0,0,0,0,0,,0,,,156,604,7,0,0,34,-12.1361778227416,0,12,18,101,0,0,0,-6,103,4,1.72258458001306,0,-16.8333333333333,0.0459183673469388,-0.0026881720430107,0.0669958305903007,0,112.5,124.5
2020,REG,00-0025396,T.Ginn,Ted Ginn,WR,WR,"https://static.www.nfl.com/image/private/f_auto,q_auto/league/o4m4txrv9l7odyebnea4",3,CHI,0,0,0,0,0,0,0,0,0,0,0,0,,0,,,0,0,0,0,0,0,,0,3,6,40,0,0,0,121,10,1,-0.610650056041777,0,0.330578512396694,0.047244094488189,0.0970328789093825,0.138789156968851,0,4.0,7.0
2020,REG,00-0025418,G.Olsen,Greg Olsen,TE,TE,"https://static.www.nfl.com/image/private/f_auto,q_auto/league/jevf1bubmrv2vvmiwq3r",11,SEA,0,0,0,0,0,0,0,0,0,0,0,0,,0,,,0,0,0,0,0,0,,0,24,37,239,1,0,0,289,49,16,2.12737633229699,0,0.826989619377163,0.0984042553191489,0.0872057936028968,0.208650438500751,0,29.9,53.9
2020,REG,00-0025825,B.Kern,Brett Kern,P,SPEC,"https://static.www.nfl.com/image/private/f_auto,q_auto/league/dbph1kuozunx3aorpeiw",1,TEN,0,1,0,0,0,0,0,0,0,18,0,0,-1.87632871506503,0,0.0,,0,0,0,0,0,0,,0,0,0,0,0,0,0,0,0,0,,0,,,,,0,0.0,0.0
2020,REG,00-0026035,D.Amendola,Danny Amendola,WR,WR,"https://static.www.nfl.com/image/private/f_auto,q_auto/league/etz06w7s0ardf49mnayz",14,DET,0,0,0,0,0,0,0,0,0,0,0,0,,0,,,1,2,0,0,0,1,0.768512432463467,0,46,69,602,0,0,0,558,290,30,12.3174274777776,0,1.07885304659498,0.141393442622951,0.127718013275349,0.30149277322717,0,60.4,106.4
2020,REG,00-0026143,M.Ryan,Matt Ryan,QB,QB,"https://static.www.nfl.com/image/private/f_auto,q_auto/league/s6zam4ekrrnonsck6vak",16,ATL,407,626,4581,26,11,41,257,4,2,5342,1642,242,68.4108926931029,1,0.857543991014601,0.106728641657352,29,92,2,2,1,8,0.824625089116278,0,0,0,0,0,0,0,0,0,0,,0,,,,,0,282.44,282.44
2020,REG,00-0026158,J.Flacco,Joe Flacco,QB,QB,"https://static.www.nfl.com/image/upload/f_auto,q_auto/league/dwsbpmlhoqud0puidizt",5,NYJ,74,134,864,6,3,7,69,0,0,1425,342,36,-9.16509219527826,0,0.606315789473684,0.040602100670951,6,22,0,1,0,3,-0.23114876751788,0,0,0,0,0,0,0,0,0,0,,0,,,,,0,54.76,54.76
2020,REG,00-0026189,D.Jackson,DeSean Jackson,WR,WR,"https://static.www.nfl.com/image/private/f_auto,q_auto/league/pr5m864fqvnoozihylrh",5,PHI,0,0,0,0,0,0,0,0,0,0,0,0,,0,,,1,12,0,0,0,1,0.816131649306044,0,14,26,236,1,0,0,432,65,10,7.33700197882717,0,0.546296296296296,0.128712871287129,0.240936977133296,0.361725190924,0,30.8,44.8
2020,REG,00-0026197,C.Henne,Chad Henne,QB,QB,"https://static.www.nfl.com/image/private/f_auto,q_auto/league/ornr9pcnzveqlntqc7jx",3,KC,28,38,248,2,0,2,4,0,0,158,200,15,13.9562841604638,0,1.56962025316456,0.16585317005761,7,-2,1,2,0,1,-1.59077593850088,0,0,0,0,0,0,0,0,0,0,,0,,,,,0,23.72,23.72
2020,REG,00-0026498,M.Stafford,Matthew Stafford,QB,QB,"https://static.www.nfl.com/image/private/f_auto,q_auto/league/icjfdfsncqlsqe49iujv",16,DET,339,528,4084,26,10,38,254,2,1,4609,1741,205,55.8468982056401,2,0.886092427858538,0.105490167340683,29,112,0,0,0,12,4.18276868783307,0,0,1,0,0,0,0,15,0,0,-0.46816249890253,0,0.0,0.0238095238095238,0.0454545454545455,0.0675324675324675,0,260.56,260.56
2020,REG,00-0026544,C.Daniel,Chase Daniel,QB,QB,"https://static.www.nfl.com/image/private/f_auto,q_auto/league/jt8fvgeyuhsbpo9m9t4x",4,DET,29,43,264,1,2,3,29,0,0,275,119,14,-14.9569615115686,0,0.96,0.0230593547415953,2,16,0,0,0,1,0.868184191640467,0,0,0,0,0,0,0,0,0,0,,0,,,,,0,12.16,12.16
2020,REG,00-0026625,B.Hoyer,Brian Hoyer,QB,QB,"https://static.www.nfl.com/image/private/f_auto,q_auto/league/japt3mj2xctm7saqndxn",1,NE,15,24,130,0,1,2,18,1,1,196,56,8,-9.24764576118516,0,0.663265306122449,0.0200984774441612,1,8,0,0,0,1,1.70234150020406,0,0,0,0,0,0,0,0,0,0,,0,,,,,0,2.0,2.0
2020,REG,00-0027029,L.McCoy,LeSean McCoy,RB,RB,"https://static.www.nfl.com/image/private/f_auto,q_auto/league/cpc1a2dgivdyevuncz7p",8,TB,0,0,0,0,0,0,0,0,0,0,0,0,,0,,,10,31,0,0,0,2,-1.9287201721454,0,15,19,101,0,0,0,19,102,3,-0.595304243611565,0,5.31578947368421,0.0671378091872792,0.0075546719681908,0.105994984158652,0,13.2,28.2
2020,REG,00-0027061,J.Cook,Jared Cook,TE,TE,"https://static.www.nfl.com/image/private/f_auto,q_auto/league/cthoenebptadlu4g928v",15,NO,0,0,0,0,0,0,0,0,0,0,0,0,,0,,,0,0,0,0,0,0,,0,37,60,504,7,1,1,687,124,27,28.5618885102171,0,0.733624454148472,0.124223602484472,0.230846774193548,0.347928145662192,0,90.4,127.4
2020,REG,00-0027150,J.Edelman,Julian Edelman,WR,WR,"https://static.www.nfl.com/image/private/f_auto,q_auto/league/u0hbuo2bsvtlg7lnxm43",6,NE,2,2,38,0,0,0,0,0,0,-2,40,2,3.44430480233859,0,0.0,,2,22,0,0,0,1,1.48736091796309,0,21,39,315,0,0,0,401,64,18,-0.345738551527124,0,0.785536159600998,0.224137931034483,0.338111298482293,0.57288480548933,0,35.22,56.22
2020,REG,00-0027647,D.McCourty,Devin McCourty,FS,DB,"https://static.www.nfl.com/image/private/f_auto,q_auto/league/ykgtrwxckxvxdvadgqjf",1,NE,0,0,0,0,0,0,0,0,0,0,0,0,,0,,,0,0,0,0,0,0,,0,0,0,0,0,0,0,0,0,0,,0,,,,,1,6.0,6.0
2020,REG,00-0027656,R.Gronkowski,Rob Gronkowski,TE,TE,"https://static.www.nfl.com/image/private/f_auto,q_auto/league/svpo7chliiymc0r7hegp",16,TB,0,0,0,0,0,0,0,0,0,0,0,0,,0,,,0,0,0,0,0,0,,0,45,77,623,7,1,0,845,246,29,23.1138985541643,0,0.737278106508876,0.127062706270627,0.152033105433609,0.297017233209467,0,104.3,149.3
2020,REG,00-0027685,E.Sanders,Emmanuel Sanders,WR,WR,"https://static.www.nfl.com/image/private/f_auto,q_auto/league/potkibjtm855tsawozs0",14,NO,0,0,0,0,0,0,0,0,0,0,0,0,,0,,,1,12,0,0,0,1,1.14544692775235,0,61,82,726,5,1,0,723,170,33,32.7374950886196,0,1.00414937759336,0.189814814814815,0.254398311048557,0.462801039956212,0,103.8,164.8
2020,REG,00-0027688,C.McCoy,Colt McCoy,QB,QB,"https://static.www.nfl.com/image/private/f_auto,q_auto/league/mvcoi7f6thyudufnh0dx",4,NYG,40,66,375,1,1,5,24,1,1,590,127,19,-9.66405274132785,1,0.635593220338983,0.0160452696872036,9,12,0,0,0,0,-4.81935295957374,0,0,0,0,0,0,0,0,0,0,,0,,,,,0,18.2,18.2
2020,REG,00-0027691,A.Roberts,Andre Roberts,WR,WR,"https://static.www.nfl.com/image/private/f_auto,q_auto/league/hjoyjewh7knoafxt4k93",3,BUF,0,0,0,0,0,0,0,0,0,0,0,0,,0,,,1,-3,0,0,0,0,-1.13362496579066,0,4,5,34,0,0,0,48,5,2,-1.62398156931158,0,0.708333333333333,0.0434782608695652,0.049079754601227,0.0995732195252067,0,3.1,7.1
2020,REG,00-0027696,J.Graham,Jimmy Graham,TE,TE,"https://static.www.nfl.com/image/private/f_auto,q_auto/league/h7xs06oj6g03mippwtse",16,CHI,0,0,0,0,0,0,0,0,0,0,0,0,,0,,,0,0,0,0,0,0,,0,50,76,456,8,1,0,519,198,32,7.92654147262038,0,0.878612716763006,0.12751677852349,0.109355246523388,0.267823840351607,0,93.6,143.6
2020,REG,00-0027793,A.Brown,Antonio Brown,WR,WR,"https://static.www.nfl.com/image/private/f_auto,q_auto/league/ecxsx9t7bfg42bgfwj3v",8,TB,0,0,0,0,0,0,0,0,0,0,0,0,,0,,,2,-2,0,0,0,0,-0.818181629641913,0,45,62,483,4,0,0,549,251,27,24.5501080153059,0,0.879781420765027,0.201954397394137,0.186798230690711,0.433690357574703,0,72.1,117.1
2020,REG,00-0027891,G.Tate,Golden Tate,WR,WR,"https://static.www.nfl.com/image/private/f_auto,q_auto/league/yfqebrp2o9t1gt1wqjku",12,NYG,1,2,18,0,0,0,0,0,0,-9,23,1,1.86539821606129,0,0.0,,0,0,0,0,0,0,,0,35,52,388,2,0,0,464,75,19,13.4693602814536,0,0.836206896551724,0.143646408839779,0.163726182074806,0.330077940712033,0,51.52,86.52
2020,REG,00-0027902,D.Bryant,Dez Bryant,WR,WR,"https://static.www.nfl.com/image/private/f_auto,q_auto/league/jmggujwkiv7osgkhhnhl",4,BAL,0,0,0,0,0,0,0,0,0,0,0,0,,0,,,0,0,0,0,0,0,,0,6,11,47,2,0,0,52,34,3,1.49435179955094,0,0.903846153846154,0.115789473684211,0.0618311533888228,0.216966017898492,0,16.7,22.7
2020,REG,00-0027939,C.Newton,Cam Newton,QB,QB,"https://static.www.nfl.com/image/private/f_auto,q_auto/league/zwmgw2gmnn2kch4nquft",15,NE,242,368,2657,8,10,31,195,1,0,2496,1258,133,-4.5400389419296,1,1.06450320512821,0.0626806553065101,137,592,12,5,1,55,20.2935531048485,0,2,2,35,1,0,0,17,18,2,3.74552738224156,0,2.05882352941176,0.0350877192982456,0.0497076023391813,0.0874269005847953,0,258.98,260.98
2020,REG,00-0027942,A.Green,A.J. Green,WR,WR,"https://static.www.nfl.com/image/private/f_auto,q_auto/league/guj5a9vnnzqfiljupzuj",16,CIN,0,0,0,0,0,0,0,0,0,0,0,0,,0,,,0,0,0,0,0,0,,0,47,104,523,2,0,0,1427,86,34,-15.2647123801793,0,0.366503153468816,0.183745583038869,0.309544468546638,0.49229950254095,0,64.3,111.3
2020,REG,00-0027944,J.Jones,Julio Jones,WR,WR,"https://static.www.nfl.com/image/upload/f_auto,q_auto/league/omrddf2phtyztzx2nup1",9,ATL,0,0,0,0,0,0,0,0,0,0,0,0,,0,,,0,0,0,0,0,0,,0,51,68,771,3,0,0,764,231,36,53.4286603387651,0,1.00916230366492,0.2,0.246134020618557,0.47229381443299,0,95.1,146.1
2020,REG,00-0027948,B.Gabbert,Blaine Gabbert,QB,QB,"https://static.www.nfl.com/image/private/f_auto,q_auto/league/fphhd3wedamgkps6e0dl",4,TB,9,16,143,2,0,1,7,1,0,108,80,5,-0.590525527818066,0,1.32407407407407,0.0830360497213239,9,16,0,0,0,0,-4.02362266235286,0,0,0,0,0,0,0,0,0,0,,0,,,,,0,15.32,15.32
2020,REG,00-0027966,M.Ingram,Mark Ingram,RB,RB,"https://static.www.nfl.com/image/private/f_auto,q_auto/league/qyju9wutyssrf0b26ran",10,BAL,0,0,0,0,0,0,0,0,0,0,0,0,,0,,,72,299,2,0,0,14,-5.5695666137326,0,6,8,50,0,0,0,12,49,2,0.0420437567330381,0,4.16666666666667,0.0645161290322581,0.0105820105820106,0.104181600955795,0,46.9,52.9
2020,REG,00-0027973,A.Dalton,Andy Dalton,QB,QB,"https://static.www.nfl.com/image/private/f_auto,q_auto/league/xrwmjyexhhwpoxhtrhl2",11,DAL,216,333,2170,14,8,24,184,1,0,2289,1043,116,-11.2008700456631,0,0.948012232415902,0.0570231458623103,28,114,0,1,1,11,2.24158073405879,0,1,1,-3,0,0,0,-7,4,0,-1.70650344807655,0,0.0,0.032258064516129,-0.0346534653465347,0.0241296710316193,0,135.9,136.9
2020,REG,00-0027981,K.Rudolph,Kyle Rudolph,TE,TE,"https://static.www.nfl.com/image/private/f_auto,q_auto/league/mtvrkfel5750mlevcvtp",12,MIN,0,0,0,0,0,0,0,0,0,0,0,0,,0,,,0,0,0,0,0,0,,0,28,37,334,1,1,1,261,164,16,8.67204154228239,0,1.27969348659004,0.107558139534884,0.0860250494396836,0.221554743910104,0,37.4,65.4
2020,REG,00-0028002,R.Cobb,Randall Cobb,WR,WR,"https://static.www.nfl.com/image/private/f_auto,q_auto/league/kuwo5hnkbtesfw6n9w1s",10,HOU,0,1,0,0,0,0,0,0,0,7,0,0,-0.517371096415445,0,0.0,,0,0,0,0,0,0,,0,38,48,441,3,0,0,323,171,20,25.8675013994315,0,1.36532507739938,0.146788990825688,0.115398356555913,0.300962335827671,0,62.1,100.1
2020,REG,00-0028042,L.Stocker,Luke Stocker,TE,TE,"https://static.www.nfl.com/image/private/f_auto,q_auto/league/keoilbfzupthtliuou1a",9,ATL,0,0,0,0,0,0,0,0,0,0,0,0,,0,,,0,0,0,0,0,0,,0,7,11,63,0,0,0,21,52,4,1.05419545818586,0,3.0,0.030812324929972,0.0078241430700447,0.0516953875439893,0,6.3,13.3
2020,REG,00-0028063,T.Jones,Taiwan Jones,RB,RB,"https://static.www.nfl.com/image/private/f_auto,q_auto/league/va09vgfr7bdc2wb6ikq4",2,BUF,0,0,0,0,0,0,0,0,0,0,0,0,,0,,,0,0,0,0,0,0,,0,0,2,0,0,0,0,44,0,0,-1.0273529724218,0,0.0,0.0240963855421687,0.0572171651495449,0.0761965939179344,0,0.0,0.0
2020,REG,00-0028074,A.Sherman,Anthony Sherman,RB,RB,"https://static.www.nfl.com/image/private/f_auto,q_auto/league/ibmfpy4ztgmqfwtood5x",4,KC,0,0,0,0,0,0,0,0,0,0,0,0,,0,,,3,8,0,0,0,2,-0.407741759438068,0,1,2,5,1,0,0,8,7,1,2.33520979678724,0,0.625,0.0266666666666667,0.0121212121212121,0.0484848484848485,0,7.3,8.3
2020,REG,00-0028087,D.Lewis,Dion Lewis,RB,RB,"https://static.www.nfl.com/image/private/f_auto,q_auto/league/erzmtaaz3eimbg998hyq",16,NYG,0,0,0,0,0,0,0,0,0,0,0,0,,0,,,29,115,2,1,1,8,-3.74817786923117,0,19,30,127,1,0,0,69,80,8,0.112996895198689,0,1.84057971014493,0.0779220779220779,0.0237276478679505,0.133492470390682,0,40.2,59.2
2020,REG,00-0028097,L.Smith,Lee Smith,TE,TE,"https://static.www.nfl.com/image/private/f_auto,q_auto/league/gcaqwhzrinlqicrljwlr",5,BUF,0,0,0,0,0,0,0,0,0,0,0,0,,0,,,0,0,0,0,0,0,,0,4,6,35,2,0,0,22,20,3,-0.136273412732407,0,1.59090909090909,0.0355029585798817,0.0148749154834348,0.0636668787082268,0,15.5,19.5
2020,REG,00-0028118,T.Taylor,Tyrod Taylor,QB,QB,"https://static.www.nfl.com/image/private/f_auto,q_auto/league/qx6t1lqmc9ws9ledobzn",1,LAC,16,30,208,0,0,2,1,0,0,335,80,10,-0.191233058797653,0,0.62089552238806,0.0103464676481234,6,7,0,0,0,1,-5.52457466511987,0,0,0,0,0,0,0,0,0,0,,0,,,,,0,9.02,9.02
2020,REG,00-0028142,V.Green,Virgil Green,TE,TE,"https://static.www.nfl.com/image/private/f_auto,q_auto/league/wcdedz1qf7ybkujat6bu",4,LAC,0,0,0,0,0,0,0,0,0,0,0,0,,0,,,0,0,0,0,0,0,,0,3,6,50,1,0,0,71,23,2,1.91384556214325,0,0.704225352112676,0.0397350993377483,0.0525147928994083,0.0963630040362083,0,11.0,14.0
2020,REG,00-0028149,B.Miller,Bruce Miller,FB,RB,"https://static.www.nfl.com/image/private/f_auto,q_auto/league/xmxfgtmbvqxhpp3ldkwq",2,JAX,0,0,0,0,0,0,0,0,0,0,0,0,,0,,,0,0,0,0,0,0,,0,1,2,2,0,0,0,-3,3,1,-0.0793008737964556,0,-0.666666666666667,0.03125,-0.0064516129032258,0.0423588709677419,0,0.2,1.2
2020,REG,00-0028237,C.Hogan,Chris Hogan,WR,WR,"https://static.www.nfl.com/image/private/f_auto,q_auto/league/fmpqnciwjqicsjzy63mc",5,NYJ,0,0,0,0,0,0,0,0,0,0,0,0,,0,,,0,0,0,0,0,0,,0,14,26,118,0,0,0,259,40,6,-6.5946911172861,0,0.455598455598456,0.157575757575758,0.197860962566845,0.374866310160428,0,11.8,25.8
2020,REG,00-0028292,N.Bellore,Nick Bellore,ILB,LB,"https://static.www.nfl.com/image/private/f_auto,q_auto/league/nnmgkhi5d5xszkoyh4br",1,SEA,0,0,0,0,0,0,0,0,0,0,0,0,,0,,,1,5,0,0,0,0,-0.658069449244067,0,1,1,9,0,0,0,3,6,1,2.0095897638239,0,3.0,0.0277777777777778,0.0119047619047619,0.05,0,1.4,2.4
2020,REG,00-0028411,D.Inman,Dontrelle Inman,WR,WR,"https://static.www.nfl.com/image/private/f_auto,q_auto/league/josp2o2ri6tknqzt87qc",7,WAS,0,0,0,0,0,0,0,0,0,0,0,0,,0,,,0,0,0,0,0,0,,0,18,28,163,2,1,0,231,44,11,6.08240869746078,0,0.705627705627706,0.119148936170213,0.160194174757282,0.290859326585416,0,28.3,46.3
2020,REG,00-0028664,C.Jones,Chris Jones,P,SPEC,"https://static.www.nfl.com/image/private/f_auto,q_auto/league/c6kjlharechwayxq6fzk",2,DAL,0,1,0,0,0,0,0,0,0,9,0,0,-3.32160479493905,0,0.0,,1,0,0,0,0,0,-0.0221609375439584,0,0,0,0,0,0,0,0,0,0,,0,,,,,0,0.0,0.0
2020,REG,00-0028986,C.Keenum,Case Keenum,QB,QB,"https://static.www.nfl.com/image/private/f_auto,q_auto/league/tymwoe3wpwzln78uzbvu",1,CLE,5,10,46,0,0,0,0,0,0,27,28,2,-4.15652082965244,0,1.7037037037037,-0.0697043892053338,0,0,0,0,0,0,,0,0,0,0,0,0,0,0,0,0,,0,,,,,0,1.84,1.84
2020,REG,00-0029000,C.Beasley,Cole Beasley,WR,WR,"https://static.www.nfl.com/image/private/f_auto,q_auto/league/y5r0fhwctl6ljwvmktvu",15,BUF,1,1,20,1,0,0,0,0,0,20,0,1,2.91377102164552,0,1.0,,0,0,0,0,0,0,,0,82,107,967,4,0,0,832,355,53,60.3827973896171,0,1.16225961538462,0.2,0.184274640088594,0.428992248062016,0,125.5,207.5
2020,REG,00-0029119,D.Carrier,Derek Carrier,TE,TE,"https://static.www.nfl.com/image/private/f_auto,q_auto/league/fohbnjxhixammxtonhnd",1,LV,0,0,0,0,0,0,0,0,0,0,0,0,,0,,,0,0,0,0,0,0,,0,1,1,14,0,0,0,-4,18,1,0.832860550726764,0,0.0,0.0344827586206897,-0.0177777777777778,0.03927969348659,0,1.4,2.4
2020,REG,00-0029137,A.Jeffery,Alshon Jeffery,WR,WR,"https://static.www.nfl.com/image/private/f_auto,q_auto/league/qrbsgwhzlsmwgkdfjryh",7,PHI,0,0,0,0,0,0,0,0,0,0,0,0,,0,,,0,0,0,0,0,0,,0,6,13,115,1,0,0,188,25,5,4.16286752402084,0,0.611702127659575,0.0548523206751055,0.0910411622276029,0.14600729457198,0,17.5,23.5
2020,REG,00-0029141,A.Morris,Alfred Morris,RB,RB,"https://static.www.nfl.com/image/private/f_auto,q_auto/league/igrm4hy4pishp4rdamin",9,NYG,0,0,0,0,0,0,0,0,0,0,0,0,,0,,,55,238,1,0,0,13,0.130087487574201,0,3,4,19,1,0,0,4,17,2,2.24829098652117,0,4.75,0.0330578512396694,0.0039292730844793,0.0523372680186397,0,37.7,40.7
2020,REG,00-0029263,R.Wilson,Russell Wilson,QB,QB,"https://static.www.nfl.com/image/private/f_auto,q_auto/league/gebzv2aljujgleboe4ns",16,SEA,384,558,4212,40,13,47,301,2,2,4809,1827,213,78.2715522216291,1,0.875857766687461,0.151774632637259,83,513,2,4,2,25,2.01864144197316,0,0,0,0,0,0,0,0,0,0,,0,,,,,0,359.78,359.78
2020,REG,00-0029293,M.Jones,Marvin Jones,WR,WR,"https://static.www.nfl.com/image/private/f_auto,q_auto/league/ciy9sxefmcnwjw7ln3h2",16,DET,0,0,0,0,0,0,0,0,0,0,0,0,,0,,,0,0,0,0,0,0,,0,76,115,978,9,0,0,1461,196,52,26.5427263139199,0,0.669404517453799,0.204626334519573,0.298711919852791,0.516037845676313,0,151.8,227.8
2020,REG,00-0029528,B.Massie,Bobby Massie,T,OL,"https://static.www.nfl.com/image/private/f_auto,q_auto/league/hfjtsmseahvvdllps7eg",1,CHI,0,0,0,0,0,0,0,0,0,0,0,0,,0,,,0,0,0,0,0,0,,0,1,1,4,0,0,0,3,1,1,1.90331952483393,0,1.33333333333333,0.0357142857142857,0.0125523012552301,0.0623580394500897,0,0.4,1.4
2020,REG,00-0029567,N.Foles,Nick Foles,QB,QB,"https://static.www.nfl.com/image/private/f_auto,q_auto/league/dxuz2ir773wylutxo7zs",9,CHI,202,312,1852,10,8,18,145,1,0,2502,701,93,-33.6551634380318,0,0.740207833733014,0.0432824791067647,16,1,1,0,0,2,-6.65868373826379,0,0,0,0,0,0,0,0,0,0,,0,,,,,0,104.18,104.18
2020,REG,00-0029604,K.Cousins,Kirk Cousins,QB,QB,"https://static.www.nfl.com/image/private/f_auto,q_auto/league/viuxnyezrwdfjnxsfssb",16,MIN,349,516,4265,35,13,39,256,8,4,4103,1936,212,91.6894230526325,5,1.03948330489885,0.150221023857495,32,156,1,1,1,16,1.64655293466058,0,0,0,0,0,0,0,0,0,0,,0,,,,,0,306.2,306.2
2020,REG,00-0029608,T.Hilton,T.Y. Hilton,WR,WR,"https://static.www.nfl.com/image/private/f_auto,q_auto/league/b8kor0sgeynyd8u8cush",15,IND,0,0,0,0,0,0,0,0,0,0,0,0,,0,,,0,0,0,0,0,0,,0,56,93,762,5,0,0,1166,194,42,28.4303173710548,1,0.653516295025729,0.187878787878788,0.317365269461078,0.503973870440936,0,108.2,164.2
2020,REG,00-0029615,L.Miller,Lamar Miller,RB,RB,"https://static.www.nfl.com/image/private/f_auto,q_auto/league/vqxh6ynpmczzfyl9kcgq",1,CHI,0,0,0,0,0,0,0,0,0,0,0,0,,0,,,0,0,0,0,0,0,,0,2,2,6,0,0,0,2,4,1,-0.041862758807838,0,3.0,0.0689655172413793,0.0084745762711864,0.109380479251899,0,0.6,2.6
2020,REG,00-0029632,M.Sanu,Mohamed Sanu,WR,WR,"https://static.www.nfl.com/image/private/f_auto,q_auto/league/a6loroqhta6g65aqnsrk",7,DET,0,0,0,0,0,0,0,0,0,0,0,0,,0,,,1,3,0,0,0,1,0.482189935399219,0,17,24,187,1,0,0,289,37,13,16.1804911607585,1,0.647058823529412,0.0944881889763779,0.124087591240876,0.22859359733318,0,27.0,44.0
2020,REG,00-0029665,R.Griffin,Robert Griffin,QB,QB,"https://static.www.nfl.com/image/private/f_auto,q_auto/league/f9gitqxxg3f1uybdcfhc",4,BAL,8,14,42,0,2,3,20,0,0,123,34,1,-20.3296139578451,0,0.341463414634146,0.0002177181554651,12,69,0,1,1,4,-1.89388790837256,0,0,0,0,0,0,0,0,0,0,,0,,,,,0,2.58,2.58
2020,REG,00-0029701,R.Tannehill,Ryan Tannehill,QB,QB,"https://static.www.nfl.com/image/private/f_auto,q_auto/league/yvwju12dl6haf3r8uzrm",16,TEN,315,481,3819,34,7,24,173,5,1,4024,1529,202,126.130425381124,1,0.949055666003976,0.183438730793338,43,266,7,1,0,22,25.3834221728321,2,1,1,0,0,0,0,0,0,0,-1.4736892051283,0,,0.0303030303030303,,,0,347.36,348.36
2020,REG,00-0029738,D.Fells,Darren Fells,TE,TE,"https://static.www.nfl.com/image/private/f_auto,q_auto/league/eh0rbweg4wbzgzpvprnv",12,HOU,0,0,0,0,0,0,0,0,0,0,0,0,,0,,,0,0,0,0,0,0,,0,21,28,312,4,0,0,199,177,16,22.7700658812537,0,1.5678391959799,0.0725388601036269,0.060726274031126,0.151316681977229,0,55.2,76.2
2020,REG,00-0029892,K.Juszczyk,Kyle Juszczyk,FB,RB,"https://static.www.nfl.com/image/private/f_auto,q_auto/league/eqb3lq4bip6oa5kiz1ze",16,SF,0,0,0,0,0,0,0,0,0,0,0,0,,0,,,17,64,2,0,0,12,4.82759139308473,0,19,29,202,4,1,0,188,101,10,-0.783810840250226,0,1.07446808510638,0.0523465703971119,0.0545876887340302,0.116731237709489,0,62.6,81.6
2020,REG,00-0030035,A.Thielen,Adam Thielen,WR,WR,"https://static.www.nfl.com/image/private/f_auto,q_auto/league/kmldtl8p9h7h5dzvkwsw",15,MIN,0,0,0,0,0,0,0,0,0,0,0,0,,0,,,3,15,0,0,0,0,-0.0413682678481564,0,74,108,925,14,0,0,1239,243,52,46.0321156346542,1,0.746569814366425,0.244343891402715,0.351389676687465,0.612488610785298,0,180.0,254.0
2020,REG,00-0030061,Z.Ertz,Zach Ertz,TE,TE,"https://static.www.nfl.com/image/private/f_auto,q_auto/league/t7my0kesdhb2iefvempm",11,PHI,0,0,0,0,0,0,0,0,0,0,0,0,,0,,,0,0,0,0,0,0,,0,36,72,335,1,0,0,536,88,16,-19.2651630054816,1,0.625,0.18848167539267,0.154511386566734,0.390880483685719,0,41.5,77.5
2020,REG,00-0030085,K.Stills,Kenny Stills,WR,WR,"https://static.www.nfl.com/image/private/f_auto,q_auto/league/wswn6tehkzj8mdfbablx",7,HOU,0,0,0,0,0,0,0,0,0,0,0,0,,0,,,0,0,0,0,0,0,,0,11,19,144,1,0,0,238,17,8,4.00133129407186,0,0.605042016806723,0.0848214285714286,0.125131440588854,0.214824151269341,0,20.4,31.4
2020,REG,00-0030089,L.Willson,Luke Willson,TE,TE,"https://static.www.nfl.com/image/private/f_auto,q_auto/league/a6zcpjyfusebcm8i3w2w",2,BAL,0,0,0,0,0,0,0,0,0,0,0,0,,0,,,0,0,0,0,0,0,,0,1,3,12,0,0,0,13,2,0,-4.69221371936146,0,0.923076923076923,0.0857142857142857,0.0565217391304348,0.168136645962733,0,1.2,2.2
2020,REG,00-0030092,S.Martin,Sam Martin,P,SPEC,"https://static.www.nfl.com/image/private/f_auto,q_auto/league/xujpdorpiugkhag0ydtl",1,DEN,0,0,0,0,0,0,0,0,0,0,0,0,,0,,,1,0,0,1,0,0,-0.0072472989559173,0,0,0,0,0,0,0,0,0,0,,0,,,,,0,0.0,0.0
2020,REG,00-0030107,T.Riddick,Theo Riddick,RB,RB,"https://static.www.nfl.com/image/private/f_auto,q_auto/league/aptuag5ocazmionhvnt6",4,LV,0,0,0,0,0,0,0,0,0,0,0,0,,0,,,6,14,0,0,0,1,-0.520423727517482,0,5,6,43,0,0,0,10,33,1,-0.262416153564118,0,4.3,0.0740740740740741,0.0115874855156431,0.119222350972061,0,5.7,10.7
2020,REG,00-0030108,R.Griffin,Ryan Griffin,TE,TE,"https://static.www.nfl.com/image/private/f_auto,q_auto/league/izjfxtmk2dhzhrlwpt9g",5,NYJ,0,0,0,0,0,0,0,0,0,0,0,0,,0,,,0,0,0,0,0,0,,0,9,12,86,0,0,0,63,49,4,2.25891727194539,0,1.36507936507937,0.0789473684210526,0.0444601270289344,0.149543141551833,0,8.6,17.6
2020,REG,00-0030151,T.Bray,Tyler Bray,QB,QB,"https://static.www.nfl.com/image/private/f_auto,q_auto/league/hlzuryxbamsj6di3q6ps",1,CHI,1,5,18,0,0,0,0,0,0,43,13,1,-1.12561105343048,0,0.418604651162791,-0.151248702090202,0,0,0,0,0,0,,0,0,0,0,0,0,0,0,0,0,,0,,,,,0,0.72,0.72
2020,REG,00-0030155,D.Harris,Demetrius Harris,TE,TE,"https://static.www.nfl.com/image/private/f_auto,q_auto/league/nlajcnjlosuajmqswxvl",7,CHI,0,0,0,0,0,0,0,0,0,0,0,0,,0,,,0,0,0,0,0,0,,0,7,14,45,0,0,0,92,25,2,-7.80870149779497,0,0.489130434782609,0.0516605166051661,0.0378600823045267,0.103992832520918,0,4.5,11.5
2020,REG,00-0030181,J.Doyle,Jack Doyle,TE,TE,"https://static.www.nfl.com/image/private/f_auto,q_auto/league/h6abyvmg2g93llboizi6",13,IND,0,0,0,0,0,0,0,0,0,0,0,0,,0,,,0,0,0,0,0,0,,0,23,33,251,3,1,1,229,91,13,12.0101614625188,0,1.09606986899563,0.0734966592427617,0.0674521354933726,0.157461483709503,0,41.1,64.1
2020,REG,00-0030196,J.Heath,Jeff Heath,SS,DB,"https://static.www.nfl.com/image/private/f_auto,q_auto/league/knimytdhoo3rqiacbgtm",1,LV,0,0,0,0,0,0,0,0,0,0,0,0,,0,,,1,1,0,0,0,1,2.1222291556187,0,0,0,0,0,0,0,0,0,0,,0,,,,,0,0.1,0.1
2020,REG,00-0030216,J.Hill,Josh Hill,TE,TE,"https://static.www.nfl.com/image/private/f_auto,q_auto/league/vdva7m1fxklv6gxbsg7q",8,NO,0,0,0,0,0,0,0,0,0,0,0,0,,0,,,0,0,0,0,0,0,,0,8,10,46,1,1,0,45,37,4,2.40968671173323,0,1.02222222222222,0.034965034965035,0.0394390885188431,0.0800549144107426,0,10.6,18.6
2020,REG,00-0030279,K.Allen,Keenan Allen,WR,WR,"https://static.www.nfl.com/image/private/f_auto,q_auto/league/xs7h2igf85nta81v7zb8",14,LAC,0,1,0,0,0,0,0,0,0,15,0,0,-0.517419007606804,0,0.0,,1,-1,0,0,0,0,-1.05216450896114,0,100,147,992,8,3,2,1052,437,61,29.8766604755201,1,0.94296577946768,0.268248175182482,0.25047619047619,0.577705596107056,0,145.1,245.1
2020,REG,00-0030288,R.Burkhead,Rex Burkhead,RB,RB,"https://static.www.nfl.com/image/private/f_auto,q_auto/league/ysgdnkasvp07qmrkasve",10,NE,0,0,0,0,0,0,0,0,0,0,0,0,,0,,,67,274,3,0,0,18,4.11243382568594,0,25,33,192,3,0,0,31,201,11,0.819156138556305,0,6.19354838709677,0.1375,0.0182783018867925,0.219044811320755,0,82.6,107.6
2020,REG,00-0030404,C.Thompson,Chris Thompson,RB,RB,"https://static.www.nfl.com/image/private/f_auto,q_auto/league/ypyldro2efcy5jcrytft",6,JAX,0,0,0,0,0,0,0,0,0,0,0,0,,0,,,7,20,0,0,0,1,-1.69205447082641,0,20,23,146,1,0,0,64,107,5,-0.543478908583697,0,2.28125,0.0991379310344828,0.0352035203520352,0.173349360798149,0,22.6,42.6
2020,REG,00-0030431,R.Woods,Robert Woods,WR,WR,"https://static.www.nfl.com/image/upload/f_auto,q_auto/league/owppysuai4ipxu5d27nu",16,LA,0,0,0,0,0,0,0,0,0,0,0,0,,0,,,24,155,2,1,1,9,1.11418838275131,0,90,129,936,6,1,0,898,494,46,12.1330431855583,0,1.04231625835189,0.229537366548043,0.232702772739052,0.5071979907394,0,155.1,245.1
2020,REG,00-0030443,L.Toilolo,Levine Toilolo,TE,TE,"https://static.www.nfl.com/image/private/f_auto,q_auto/league/w6qnlfw0cuxest48srd0",5,NYG,0,0,0,0,0,0,0,0,0,0,0,0,,0,,,0,0,0,0,0,0,,0,5,6,46,0,0,0,26,26,3,1.94194616924506,0,1.76923076923077,0.0352941176470588,0.0227870289219982,0.068892096715987,0,4.6,9.6
2020,REG,00-0030456,G.Bernard,Giovani Bernard,RB,RB,"https://static.www.nfl.com/image/private/f_auto,q_auto/league/guht9y14gftgsugb87xz",16,CIN,0,0,0,0,0,0,0,0,0,0,0,0,,0,,,124,416,3,1,1,23,-20.2963723317386,0,47,59,355,3,0,0,77,350,15,6.24052937849582,0,4.61038961038961,0.111111111111111,0.0190688459633482,0.18001485884101,0,111.1,158.1
2020,REG,00-0030465,K.Barner,Kenjon Barner,RB,RB,"https://static.www.nfl.com/image/private/f_auto,q_auto/league/n8hvbyw7vdlj7svjwqg4",1,TB,0,0,0,0,0,0,0,0,0,0,0,0,,0,,,0,0,0,0,0,0,,0,0,1,0,0,0,0,3,0,0,1.09104115411174,0,0.0,0.0222222222222222,0.0069767441860465,0.0382170542635659,0,0.0,0.0
2020,REG,00-0030470,V.McDonald,Vance McDonald,TE,TE,"https://static.www.nfl.com/image/private/f_auto,q_auto/league/apafzol1dcqu56cqotv9",9,PIT,0,0,0,0,0,0,0,0,0,0,0,0,,0,,,0,0,0,0,0,0,,0,15,20,99,0,0,0,37,79,4,-2.90088813140756,0,2.67567567567568,0.0550964187327824,0.0162423178226514,0.0940142505750296,0,9.9,24.9
2020,REG,00-0030471,S.Williams,Shawn Williams,SS,DB,"https://static.www.nfl.com/image/private/f_auto,q_auto/league/itwadnav0rwaqupj5lws",2,CIN,0,0,0,0,0,0,0,0,0,0,0,0,,0,,,2,46,0,0,0,2,7.97079857671633,0,0,0,0,0,0,0,0,0,0,,0,,,,,0,4.6,4.6
2020,REG,00-0030472,J.Reed,Jordan Reed,TE,TE,"https://static.www.nfl.com/image/private/f_auto,q_auto/league/jur0qgejd3lzv8flmxcq",10,SF,0,0,0,0,0,0,0,0,0,0,0,0,,0,,,0,0,0,0,0,0,,0,26,46,231,4,0,0,370,84,16,4.32965476892004,0,0.624324324324324,0.132947976878613,0.161079669133653,0.312177733711476,0,47.1,73.1
2020,REG,00-0030496,L.Bell,Le'Veon Bell,RB,RB,"https://static.www.nfl.com/image/private/f_auto,q_auto/league/sm3ij3pcby5ciqwaaqa1",11,KC,0,0,0,0,0,0,0,0,0,0,0,0,,0,,,82,328,2,0,0,22,-15.833120812109,0,16,20,138,0,1,0,10,136,7,3.71291417360771,0,13.8,0.0493827160493827,0.0027948574622694,0.0760304742976627,0,58.6,74.6
2020,REG,00-0030506,T.Kelce,Travis Kelce,TE,TE,"https://static.www.nfl.com/image/private/f_auto,q_auto/league/ryzr3vbragwe50vtj9af",15,KC,1,2,4,0,0,0,0,0,0,-2,7,1,0.453093134623487,0,0.0,,0,0,0,0,0,0,,0,105,145,1416,11,1,1,1243,587,79,74.1669116822013,1,1.13917940466613,0.25,0.258258882194058,0.55578121753584,0,207.76,312.76
2020,REG,00-0030513,L.Murray,Latavius Murray,RB,RB,"https://static.www.nfl.com/image/private/f_auto,q_auto/league/zepm7ghltyeqydn0qxcg",15,NO,0,0,0,0,0,0,0,0,0,0,0,0,,0,,,146,656,4,1,0,36,3.24986415012972,0,23,26,176,1,0,0,-25,198,8,3.98108129661655,0,-7.04,0.0570175438596491,-0.0091074681238615,0.0791510881027706,0,113.2,136.2
2020,REG,00-0030520,M.Glennon,Mike Glennon,QB,QB,"https://static.www.nfl.com/image/private/f_auto,q_auto/league/mubobrjbeudtezxv0t0p",5,JAX,111,179,1072,7,5,9,53,1,1,1424,405,57,-17.7988931701835,1,0.752808988764045,0.0055257660991211,6,17,0,1,1,2,-3.81181249313522,0,0,0,0,0,0,0,0,0,0,,0,,,,,0,60.58,60.58
2020,REG,00-0030525,T.Austin,Tavon Austin,WR,WR,"https://static.www.nfl.com/image/private/f_auto,q_auto/league/ulagxqgjnrft4wub0gus",3,GB,0,0,0,0,0,0,0,0,0,0,0,0,,0,,,0,0,0,0,0,0,,0,5,5,20,0,0,0,-22,42,1,-0.307193114946131,0,0.0,0.0632911392405063,-0.0415879017013233,0.0658251776698332,0,2.0,7.0
2020,REG,00-0030533,M.Barkley,Matt Barkley,QB,QB,"https://static.www.nfl.com/image/private/f_auto,q_auto/league/ejvscebj0ufugx5vrouq",4,BUF,11,21,197,1,1,1,7,0,0,251,55,9,0.142900394916069,0,0.784860557768924,-0.0176161868889622,6,-6,0,0,0,0,-1.51553018909181,0,0,0,0,0,0,0,0,0,0,,0,,,,,0,9.28,9.28
2020,REG,00-0030549,T.Eifert,Tyler Eifert,TE,TE,"https://static.www.nfl.com/image/private/f_auto,q_auto/league/sextvbehmeu7ydutxtsu",14,JAX,0,0,0,0,0,0,0,0,0,0,0,0,,0,,,0,0,0,0,0,0,,0,36,60,349,2,0,0,503,102,22,-1.25155237514247,0,0.693836978131213,0.11605415860735,0.123344776851398,0.260422581707004,0,46.9,82.9
2020,REG,00-0030558,B.Mingo,Barkevious Mingo,OLB,LB,"https://static.www.nfl.com/image/private/f_auto,q_auto/league/zvxz5rvgtwx8k53ljx3j",1,CHI,0,0,0,0,0,0,0,0,0,0,0,0,,0,,,1,11,0,0,0,1,2.89507694984786,0,0,0,0,0,0,0,0,0,0,,0,,,,,0,1.1,1.1
2020,REG,00-0030564,D.Hopkins,DeAndre Hopkins,WR,WR,"https://static.www.nfl.com/image/upload/f_auto,q_auto/league/jgatj8mtftu06pegapip",16,ARI,0,0,0,0,0,0,0,0,0,0,0,0,,0,,,1,1,0,0,0,0,0.993359041633084,0,115,160,1407,6,3,2,1432,519,75,53.7094353233492,0,0.982541899441341,0.293577981651376,0.329044117647059,0.670697854830006,0,172.8,287.8
2020,REG,00-0030565,G.Smith,Geno Smith,QB,QB,"https://static.www.nfl.com/image/private/f_auto,q_auto/league/bxp32udtvwnpu3rl2cht",1,SEA,4,5,33,0,0,1,3,0,0,25,14,3,0.638793860969599,0,1.32,0.0772720849926213,2,-2,0,1,0,0,-3.00831707182806,0,0,0,0,0,0,0,0,0,0,,0,,,,,0,1.12,1.12
2020,REG,00-0030578,C.Patterson,Cordarrelle Patterson,RB,RB,"https://static.www.nfl.com/image/private/f_auto,q_auto/league/gy2bb38cns4nxypehbqi",15,CHI,0,0,0,0,0,0,0,0,0,0,0,0,,0,,,64,232,1,0,0,12,-9.04031179769663,0,21,25,132,0,0,0,90,114,7,-0.668052329070633,0,1.46666666666667,0.0586854460093897,0.0273058252427184,0.107142246683987,1,48.4,69.4
2020,REG,00-0030584,E.Fisher,Eric Fisher,T,OL,"https://static.www.nfl.com/image/private/f_auto,q_auto/league/ztwpjz1jdxa9w67ll6h4",1,KC,0,0,0,0,0,0,0,0,0,0,0,0,,0,,,0,0,0,0,0,0,,0,1,1,2,1,0,0,1,1,1,0.904668471921468,0,2.0,0.024390243902439,0.0029239766081871,0.0386321494793895,0,6.2,7.2
2020,REG,00-0030663,W.Snead,Willie Snead,WR,WR,"https://static.www.nfl.com/image/private/f_auto,q_auto/league/fr5xckiwhguuaishnbju",13,BAL,0,0,0,0,0,0,0,0,0,0,0,0,,0,,,0,0,0,0,0,0,,0,33,48,432,3,1,0,428,187,23,18.3459505780267,0,1.00934579439252,0.142011834319527,0.142666666666667,0.312884418145957,0,61.2,94.2
2020,REG,00-0030670,B.Fowler,Bennie Fowler,WR,WR,"https://static.www.nfl.com/image/private/f_auto,q_auto/league/nfcmdcfhjf347rw1cstq",1,NO,0,0,0,0,0,0,0,0,0,0,0,0,,0,,,0,0,0,0,0,0,,0,2,6,11,0,0,0,47,1,1,-8.02471927148872,0,0.234042553191489,0.127659574468085,0.143730886850153,0.292100982497235,0,1.1,3.1
2020,REG,00-0030710,T.Burton,Trey Burton,TE,TE,"https://static.www.nfl.com/image/private/f_auto,q_auto/league/vt2ce0szit4ozyh5s5iw",11,IND,0,0,0,0,0,0,0,0,0,0,0,0,,0,,,2,3,2,0,0,2,1.78439040333615,0,28,47,250,3,0,0,341,87,14,-3.92019845945184,0,0.733137829912024,0.121761658031088,0.118320610687023,0.265466914527548,0,55.3,83.3
2020,REG,00-0030968,K.Smith,Keith Smith,FB,RB,"https://static.www.nfl.com/image/private/f_auto,q_auto/league/jolwasweebgk37nkl7ia",12,ATL,0,0,0,0,0,0,0,0,0,0,0,0,,0,,,4,7,0,0,0,4,3.1995780938887,0,11,15,59,0,0,0,28,44,4,-2.55345101794228,0,2.10714285714286,0.0410958904109589,0.0107858243451464,0.0691939126580408,0,6.6,17.6
2020,REG,00-0031045,C.Hyde,Carlos Hyde,RB,RB,"https://static.www.nfl.com/image/private/f_auto,q_auto/league/qpmv42ldpkpdf1gpgeua",10,SEA,0,0,0,0,0,0,0,0,0,0,0,0,,0,,,81,356,4,0,0,20,0.665235758151659,0,16,20,93,0,1,0,47,108,4,-0.946491875492307,0,1.97872340425532,0.0757575757575758,0.0263305322128852,0.132067736185383,0,68.9,84.9
2020,REG,00-0031051,J.Brown,John Brown,WR,WR,"https://static.www.nfl.com/image/private/f_auto,q_auto/league/xwyc2a0qfdxbbct6lso6",9,BUF,0,0,0,0,0,0,0,0,0,0,0,0,,0,,,0,0,0,0,0,0,,0,33,52,458,3,0,0,643,177,22,27.627609192142,0,0.712286158631415,0.169381107491857,0.238678544914625,0.421146642678023,0,63.8,96.8
2020,REG,00-0031062,J.White,James White,RB,RB,"https://static.www.nfl.com/image/private/f_auto,q_auto/league/z1nnkmnstccnqya5d5ee",14,NE,0,0,0,0,0,0,0,0,0,0,0,0,,0,,,35,121,2,1,0,6,-6.70824439532589,0,49,62,375,1,0,0,-40,411,20,-0.0189266951273126,0,-9.375,0.177650429799427,-0.016246953696182,0.255102777111813,0,67.6,116.6
2020,REG,00-0031166,S.Roberts,Seth Roberts,WR,WR,"https://static.www.nfl.com/image/private/f_auto,q_auto/league/wcralkq5mcdpsmjvkatl",3,CAR,0,0,0,0,0,0,0,0,0,0,0,0,,0,,,0,0,0,0,0,0,,0,4,6,31,0,0,0,44,22,2,-1.03538647216083,0,0.704545454545455,0.0618556701030928,0.0679012345679012,0.14031436935217,0,3.1,7.1
2020,REG,00-0031209,S.Perry,Senorise Perry,RB,RB,"https://static.www.nfl.com/image/private/f_auto,q_auto/league/oswxcmdccm8me6v2n6ao",1,TEN,0,0,0,0,0,0,0,0,0,0,0,0,,0,,,2,9,0,0,0,1,0.364508072845638,0,0,0,0,0,0,0,0,0,0,,0,,,,,0,0.9,0.9
2020,REG,00-0031235,O.Beckham,Odell Beckham,WR,WR,"https://static.www.nfl.com/image/private/f_auto,q_auto/league/etl34lkiscs2lpc4to2f",7,CLE,1,1,18,0,0,0,0,0,0,17,1,1,0.589170696795918,0,1.05882352941176,,3,72,1,0,0,2,5.05492066068109,0,23,43,319,3,0,0,584,46,17,2.15018757370735,0,0.546232876712329,0.219387755102041,0.337962962962963,0.565655706727135,0,63.82,86.82
2020,REG,00-0031236,B.Cooks,Brandin Cooks,WR,WR,"https://static.www.nfl.com/image/private/f_auto,q_auto/league/wy6qidqm8jjp6buvu3lp",15,HOU,0,0,0,0,0,0,0,0,0,0,0,0,,0,,,0,0,0,0,0,0,,0,81,119,1150,6,0,0,1408,345,51,48.261139282278,0,0.816761363636364,0.238955823293173,0.311504424778761,0.576486832284892,0,151.0,232.0
2020,REG,00-0031237,T.Bridgewater,Teddy Bridgewater,QB,QB,"https://static.www.nfl.com/image/private/f_auto,q_auto/league/q5p8afhezmpvc1xbwibf",15,CAR,340,492,3733,15,11,31,205,2,2,3507,1884,174,33.5119277377509,1,1.06444254348446,0.113393617548534,53,279,5,4,1,18,11.5353486461606,0,0,0,0,0,0,0,0,0,0,,0,,,,,0,241.22,241.22
2020,REG,00-0031260,L.Thomas,Logan Thomas,TE,TE,"https://static.www.nfl.com/image/private/f_auto,q_auto/league/acm0ymhqdzqxdibwjphv",16,WAS,1,1,28,0,0,0,0,0,0,28,0,1,1.86337337992154,0,1.0,,3,5,0,0,0,2,-0.571184146567248,0,72,110,670,6,0,0,770,288,36,7.75525569594976,0,0.87012987012987,0.191972076788831,0.215444879686626,0.438769530963884,0,104.62,176.62
2020,REG,00-0031269,T.Carrie,T.J. Carrie,CB,DB,"https://static.www.nfl.com/image/private/f_auto,q_auto/league/kezxowzth44qm6wo1fgt",1,IND,0,0,0,0,0,0,0,0,0,0,0,0,,0,,,0,0,0,0,0,0,,0,0,0,0,0,0,0,0,0,0,,0,,,,,1,6.0,6.0
2020,REG,00-0031273,C.Brate,Cameron Brate,TE,TE,"https://static.www.nfl.com/image/private/f_auto,q_auto/league/jhioqec65qy4z7s6w9a6",13,TB,0,0,0,0,0,0,0,0,0,0,0,0,,0,,,0,0,0,0,0,0,,0,28,34,282,2,0,0,291,71,17,23.4213152274752,0,0.969072164948454,0.0682730923694779,0.0626345243219974,0.146253805579615,0,40.2,68.2
2020,REG,00-0031280,D.Carr,Derek Carr,QB,QB,"https://static.www.nfl.com/image/private/f_auto,q_auto/league/cffbp9sqfioxa2jk2oqf",16,LV,348,517,4103,27,9,26,150,8,7,4184,1956,193,60.1711936950613,1,0.980640535372849,0.138569525159502,39,140,3,3,1,16,7.82211083619318,0,0,0,0,0,0,0,0,0,0,,0,,,,,0,272.12,272.12
2020,REG,00-0031285,D.Freeman,Devonta Freeman,RB,RB,"https://static.www.nfl.com/image/private/f_auto,q_auto/league/vjhvfwypu1byxfo2uvki",5,NYG,0,0,0,0,0,0,0,0,0,0,0,0,,0,,,54,172,1,0,0,9,-9.08425378566608,0,7,10,58,0,0,0,-14,70,3,1.28378475527279,0,-4.14285714285714,0.0900900900900901,-0.0265654648956357,0.11653930970819,0,29.0,36.0
2020,REG,00-0031288,A.McCarron,AJ McCarron,QB,QB,"https://static.www.nfl.com/image/private/f_auto,q_auto/league/fvakqnmsg35llkcme11h",2,HOU,1,1,20,0,0,1,12,0,0,18,2,1,-1.24904095614329,0,1.11111111111111,,0,0,0,0,0,0,,0,0,0,0,0,0,0,0,0,0,,0,,,,,0,0.8,0.8
2020,REG,00-0031319,D.Spencer,Diontae Spencer,WR,WR,"https://static.www.nfl.com/image/private/f_auto,q_auto/league/lf3axvxomg2ktozc1rei",5,DEN,0,0,0,0,0,0,0,0,0,0,0,0,,0,,,3,19,0,0,0,1,1.24874004878802,0,3,6,26,0,0,0,33,12,1,0.786576506988578,0,0.787878787878788,0.0413793103448276,0.023109243697479,0.0782454361054767,1,10.5,13.5
2020,REG,00-0031325,S.Watkins,Sammy Watkins,WR,WR,"https://static.www.nfl.com/image/private/f_auto,q_auto/league/nkqk4ac4uncxocqlgp2k",10,KC,0,1,0,0,1,0,0,0,0,24,0,0,-1.95865104382392,0,0.0,,1,3,0,0,0,0,-0.215440467873123,0,37,55,421,2,1,1,443,157,27,21.2873284969041,0,0.950338600451467,0.139240506329114,0.132595031427716,0.301677281493072,0,50.4,87.4
2020,REG,00-0031339,D.Moncrief,Donte Moncrief,WR,WR,"https://static.www.nfl.com/image/private/f_auto,q_auto/league/iippulnxfyjgrlj2p5qw",2,NE,0,0,0,0,0,0,0,0,0,0,0,0,,0,,,1,4,0,0,0,1,0.902735299547203,0,1,2,15,0,0,0,5,14,1,1.10315995058045,0,3.0,0.0526315789473684,0.0209205020920502,0.0935917198854878,0,1.9,2.9
2020,REG,00-0031345,J.Garoppolo,Jimmy Garoppolo,QB,QB,"https://static.www.nfl.com/image/private/f_auto,q_auto/league/dielobmypljj7e27eiob",6,SF,94,140,1096,7,5,11,77,1,0,879,714,55,24.8755740005992,0,1.24687144482366,0.12072908207026,10,25,0,1,0,3,1.89319246082571,0,0,0,0,0,0,0,0,0,0,,0,,,,,0,64.34,64.34
2020,REG,00-0031357,C.Goodwin,C.J. Goodwin,CB,DB,"https://static.www.nfl.com/image/private/f_auto,q_auto/league/chg4ih96ilt8jpo3rayr",1,DAL,0,0,0,0,0,0,0,0,0,0,0,0,,0,,,0,0,0,0,0,0,,0,0,1,0,0,0,0,9,0,0,-3.32160479493905,0,0.0,0.0212765957446809,0.0236842105263158,0.0484938409854423,0,0.0,0.0
2020,REG,00-0031376,J.McKinnon,Jerick McKinnon,RB,RB,"https://static.www.nfl.com/image/private/f_auto,q_auto/league/yezxe2j778cndbhkxwez",14,SF,0,0,0,0,0,0,0,0,0,0,0,0,,0,,,81,319,5,0,0,16,-10.4396956470737,0,33,46,253,1,0,0,156,178,12,-9.54106140857808,0,1.62179487179487,0.103139013452915,0.0517241379310345,0.190915416731096,0,93.2,126.2
2020,REG,00-0031381,D.Adams,Davante Adams,WR,WR,"https://static.www.nfl.com/image/private/f_auto,q_auto/league/grvqvmdzu2lsbgvqoxku",14,GB,0,0,0,0,0,0,0,0,0,0,0,0,,0,,,0,0,0,0,0,0,,0,115,149,1374,18,1,1,1330,597,73,77.4335981467763,0,1.03308270676692,0.340182648401827,0.384837962962963,0.779660546676814,0,243.4,358.4
2020,REG,00-0031382,J.Landry,Jarvis Landry,WR,WR,"https://static.www.nfl.com/image/private/f_auto,q_auto/league/w2q9uwsjvgadwyvnvopb",15,CLE,4,4,74,1,0,0,0,0,0,58,16,4,7.16042365576141,0,1.27586206896552,,4,10,1,0,0,2,1.16977918834891,0,72,101,840,3,1,0,826,347,46,48.5691217775542,0,1.01694915254237,0.24220623501199,0.227110255705252,0.522286531511662,0,115.96,187.96
2020,REG,00-0031384,R.Rodgers,Richard Rodgers,TE,TE,"https://static.www.nfl.com/image/private/f_auto,q_auto/league/l9zei9dkcmbml3q1nshk",8,PHI,0,0,0,0,0,0,0,0,0,0,0,0,,0,,,0,0,0,0,0,0,,0,24,31,345,2,0,0,305,95,16,22.5543157705688,0,1.13114754098361,0.104026845637584,0.116456662848415,0.237559932450267,0,46.5,70.5
2020,REG,00-0031387,E.Ebron,Eric Ebron,TE,TE,"https://static.www.nfl.com/image/private/f_auto,q_auto/league/uaxsxymncppase7ihczd",15,PIT,0,0,0,0,0,0,0,0,0,0,0,0,,0,,,0,0,0,0,0,0,,0,56,91,558,5,1,1,658,192,30,1.57792266406038,1,0.848024316109423,0.149180327868852,0.155739644970414,0.332788243282569,0,85.8,141.8
2020,REG,00-0031395,G.Gilbert,Garrett Gilbert,QB,QB,"https://static.www.nfl.com/image/private/f_auto,q_auto/league/tqn0pjemxn7hoze93kwa",1,DAL,21,38,243,1,1,2,23,0,0,348,52,10,-5.15978855496801,0,0.698275862068966,-0.0096090351803787,3,28,0,0,0,2,1.59519055101555,0,0,0,0,0,0,0,0,0,0,,0,,,,,0,14.52,14.52
2020,REG,00-0031408,M.Evans,Mike Evans,WR,WR,"https://static.www.nfl.com/image/private/f_auto,q_auto/league/w6eq27k2xs8vawwgkzbl",16,TB,0,0,0,0,0,0,0,0,0,0,0,0,,0,,,0,0,0,0,0,0,,0,70,109,1006,13,0,0,1320,265,55,51.8768456577995,0,0.762121212121212,0.17986798679868,0.237495501979129,0.43604883158341,0,178.6,248.6
2020,REG,00-0031428,A.Robinson,Allen Robinson,WR,WR,"https://static.www.nfl.com/image/private/f_auto,q_auto/league/tucplhxtb3c626iekuzv",16,CHI,0,0,0,0,0,0,0,0,0,0,0,0,,0,,,1,-1,0,0,0,0,-0.903545117704198,0,102,151,1250,6,0,0,1450,319,68,35.194398672713,0,0.862068965517241,0.253355704697987,0.305520438263801,0.593897863831641,0,160.9,262.9
2020,REG,00-0031484,C.Manhertz,Chris Manhertz,TE,TE,"https://static.www.nfl.com/image/private/f_auto,q_auto/league/r645ts6owoqbjuxbzgdl",7,CAR,0,0,0,0,0,0,0,0,0,0,0,0,,0,,,0,0,0,0,0,0,,0,6,8,52,0,0,0,32,33,1,-0.702819782949518,0,1.625,0.0347826086956522,0.0177383592017738,0.06459076448472,0,5.2,11.2
2020,REG,00-0031503,J.Winston,Jameis Winston,QB,QB,"https://static.www.nfl.com/image/private/f_auto,q_auto/league/eupdyd3zccjeoloqmyfl",3,NO,7,11,75,0,0,2,11,0,0,51,61,5,0.800061114063864,0,1.47058823529412,0.0313404669856968,8,-6,0,0,0,0,-3.0916061552125,0,0,0,0,0,0,0,0,0,0,,0,,,,,0,2.4,2.4
2020,REG,00-0031543,T.Long,Ty Long,P,SPEC,"https://static.www.nfl.com/image/private/f_auto,q_auto/league/qpn0xr42mkmkhmpd0nmd",1,LAC,0,0,0,0,0,0,0,0,0,0,0,0,,0,,,1,-28,0,0,0,0,-1.92504330619704,0,0,0,0,0,0,0,0,0,0,,0,,,,,0,-2.8,-2.8
2020,REG,00-0031544,A.Cooper,Amari Cooper,WR,WR,"https://static.www.nfl.com/image/private/f_auto,q_auto/league/zibbxjtein7gpu5zgcj4",16,DAL,0,0,0,0,0,0,0,0,0,0,0,0,,0,,,6,14,0,0,0,1,-1.22334701905493,1,92,130,1114,5,0,0,1145,413,54,38.777174241138,0,0.97292576419214,0.210696920583468,0.251206669591926,0.491890049589551,0,144.8,236.8
2020,REG,00-0031547,D.Parker,DeVante Parker,WR,WR,"https://static.www.nfl.com/image/private/f_auto,q_auto/league/beuyfjou6kckaoqqpa96",14,MIA,0,0,0,0,0,0,0,0,0,0,0,0,,0,,,0,0,0,0,0,0,,0,63,103,793,4,1,0,1010,173,45,19.3174437030814,0,0.785148514851485,0.211065573770492,0.2561501394877,0.495903458297128,0,103.3,166.3
2020,REG,00-0031549,N.Agholor,Nelson Agholor,WR,WR,"https://static.www.nfl.com/image/private/f_auto,q_auto/league/lfc8g0z3wmxowwggvzqh",16,LV,0,0,0,0,0,0,0,0,0,0,0,0,,0,,,0,0,0,0,0,0,,0,48,82,896,8,0,0,1269,230,37,36.9445207023161,0,0.706067769897557,0.15678776290631,0.288671519563239,0.437251708053732,0,137.6,185.6
2020,REG,00-0031558,M.Williams,Maxx Williams,TE,TE,"https://static.www.nfl.com/image/private/f_auto,q_auto/league/p0j7ax3rqhrzn5nvmc06",6,ARI,0,0,0,0,0,0,0,0,0,0,0,0,,0,,,0,0,0,0,0,0,,0,8,10,102,1,0,0,38,66,4,2.2427271027409,0,2.68421052631579,0.0487804878048781,0.0308441558441558,0.0947616407982262,0,16.2,24.2
2020,REG,00-0031585,M.Pruitt,MyCole Pruitt,TE,TE,"https://static.www.nfl.com/image/private/f_auto,q_auto/league/okk2t3ngao7qszoxxcph",5,TEN,0,0,0,0,0,0,0,0,0,0,0,0,,0,,,0,0,0,0,0,0,,0,5,8,49,2,0,0,67,13,4,3.03745062969392,0,0.73134328358209,0.0470588235294118,0.0448760884125921,0.102001497182932,0,16.9,21.9
2020,REG,00-0031588,S.Diggs,Stefon Diggs,WR,WR,"https://static.www.nfl.com/image/private/f_auto,q_auto/league/zf6nbnzcfzu4y7yq2nzk",16,BUF,0,0,0,0,0,0,0,0,0,0,0,0,,0,,,1,1,0,0,0,0,-0.730859310831875,0,127,166,1535,8,0,0,1674,464,73,84.8289035239209,0,0.916965352449223,0.29020979020979,0.336550060313631,0.670899727534227,0,201.6,328.6
2020,REG,00-0031595,M.Burton,Michael Burton,FB,RB,"https://static.www.nfl.com/image/private/f_auto,q_auto/league/y8chssh9pcuzv5uc7nai",6,NO,0,0,0,0,0,0,0,0,0,0,0,0,,0,,,7,18,0,0,0,6,0.950190016068518,0,4,4,28,0,0,0,6,22,1,2.92876367992722,0,4.66666666666667,0.0333333333333333,0.0081081081081081,0.0556756756756757,0,4.6,8.6
2020,REG,00-0031598,N.Boyle,Nick Boyle,TE,TE,"https://static.www.nfl.com/image/private/f_auto,q_auto/league/emqvoudb71kgmkfphmuw",9,BAL,0,0,0,0,0,0,0,0,0,0,0,0,,0,,,0,0,0,0,0,0,,0,14,17,113,2,0,0,93,34,8,6.21876620815601,0,1.21505376344086,0.0702479338842975,0.0446257197696737,0.136609904665218,0,23.3,37.3
2020,REG,00-0031610,D.Waller,Darren Waller,TE,TE,"https://static.www.nfl.com/image/private/f_auto,q_auto/league/qqzht46a66zbi9xyylf4",16,LV,0,0,0,0,0,0,0,0,0,0,0,0,,0,,,0,0,0,0,0,0,,0,107,145,1196,9,2,2,1128,572,69,56.3348335734037,1,1.06028368794326,0.277246653919694,0.256596906278435,0.595487815274446,0,171.6,278.6
2020,REG,00-0031687,R.Mostert,Raheem Mostert,RB,RB,"https://static.www.nfl.com/image/private/f_auto,q_auto/league/jt7n28bmkyobsxmdbvqu",8,SF,0,0,0,0,0,0,0,0,0,0,0,0,,0,,,104,521,2,1,1,22,-10.6291142127884,0,16,19,156,1,0,0,20,136,5,5.39668922661804,0,7.8,0.0781893004115226,0.0157109190887667,0.128281593979421,0,83.7,99.7
2020,REG,00-0031690,E.Tomlinson,Eric Tomlinson,TE,TE,"https://static.www.nfl.com/image/private/f_auto,q_auto/league/swiwooxium4wmas8wq4c",1,BAL,0,0,0,0,0,0,0,0,0,0,0,0,,0,,,0,0,0,0,0,0,,0,0,1,0,0,0,0,34,0,0,-2.29745129827643,0,0.0,0.0384615384615385,0.133858267716535,0.151393095093882,0,0.0,0.0
2020,REG,00-0031763,D.Carter,DeAndre Carter,WR,WR,"https://static.www.nfl.com/image/private/f_auto,q_auto/league/mh4cvggohuakwwhobzrk",1,HOU,0,0,0,0,0,0,0,0,0,0,0,0,,0,,,0,0,0,0,0,0,,0,1,2,8,0,0,0,16,4,0,1.15072898752987,0,0.5,0.0645161290322581,0.0615384615384615,0.13985111662531,0,0.8,1.8
2020,REG,00-0031787,J.Kumerow,Jake Kumerow,WR,WR,"https://static.www.nfl.com/image/private/f_auto,q_auto/league/lrfqprrjgaeaicqsd0f9",1,BUF,0,0,0,0,0,0,0,0,0,0,0,0,,0,,,0,0,0,0,0,0,,0,1,1,22,1,0,0,22,0,1,3.94803707470419,0,1.0,0.0263157894736842,0.0561224489795918,0.0787593984962406,0,8.2,9.2
2020,REG,00-0031800,T.Heinicke,Taylor Heinicke,QB,QB,"https://static.www.nfl.com/image/private/f_auto,q_auto/league/r9uju522lkr3sq3vwgft",1,WAS,12,19,137,1,0,1,7,0,0,255,49,6,2.37478059725254,0,0.537254901960784,0.135418378548941,3,22,0,0,0,2,3.20535241166363,0,0,0,0,0,0,0,0,0,0,,0,,,,,0,11.68,11.68
2020,REG,00-0031806,M.Brown,Malcolm Brown,RB,RB,"https://static.www.nfl.com/image/private/f_auto,q_auto/league/zxnjheichwlnvvu5qdyl",16,LA,0,0,0,0,0,0,0,0,0,0,0,0,,0,,,101,419,5,0,0,28,-11.3159008244473,0,23,33,162,0,1,1,-5,178,9,-2.8976349676733,0,-32.4,0.0615671641791045,-0.0013762730525736,0.0913873551318552,0,86.1,109.1
2020,REG,00-0031868,D.Byrd,Damiere Byrd,WR,WR,"https://static.www.nfl.com/image/private/f_auto,q_auto/league/cskulleqxehtrgkqsl3u",14,NE,0,0,0,0,0,0,0,0,0,0,0,0,,0,,,2,15,0,1,0,1,0.92834061710164,0,47,77,604,1,1,0,882,172,29,16.1513097172865,0,0.684807256235828,0.200520833333333,0.322840409956076,0.526769536969253,0,67.9,114.9
2020,REG,00-0031921,K.Lamm,Kendall Lamm,T,OL,"https://static.www.nfl.com/image/private/f_auto,q_auto/league/rsmsr1nfmqyfeo6peln4",1,CLE,0,0,0,0,0,0,0,0,0,0,0,0,,0,,,0,0,0,0,0,0,,0,1,1,1,1,0,0,1,0,1,1.24492190295132,0,1.0,0.03125,0.0048076923076923,0.0502403846153846,0,6.1,7.1
2020,REG,00-0031941,J.Crowder,Jamison Crowder,WR,WR,"https://static.www.nfl.com/image/private/f_auto,q_auto/league/glmuevjuy3coqf1t3rqj",12,NYJ,1,1,43,1,0,0,0,0,0,27,16,1,3.84616744448431,0,1.59259259259259,,1,14,0,0,0,1,0.90347820147872,0,59,89,699,6,0,0,673,327,32,24.3243528456178,0,1.03863298662704,0.25,0.199703264094955,0.514792284866469,0,113.02,172.02
2020,REG,00-0031951,J.O'Shaughnessy,James O'Shaughnessy,TE,TE,"https://static.www.nfl.com/image/private/f_auto,q_auto/league/sz5g57zhnshipkpw39sz",15,JAX,0,0,0,0,0,0,0,0,0,0,0,0,,0,,,0,0,0,0,0,0,,0,28,38,262,0,0,0,274,94,12,10.2449916434707,0,0.956204379562044,0.0688405797101449,0.0618510158013544,0.146556580626165,0,26.2,54.2
2020,REG,00-0032009,A.Humphries,Adam Humphries,WR,WR,"https://static.www.nfl.com/image/private/f_auto,q_auto/league/l56ywjejfpraigzs4qia",7,TEN,0,0,0,0,0,1,0,0,0,0,0,0,-0.474773292895407,0,,,0,0,0,0,0,0,,0,23,35,228,2,0,0,335,45,11,5.42703281443942,0,0.680597014925373,0.146443514644351,0.165677546983185,0.335639554854757,0,34.8,57.8
2020,REG,00-0032054,B.Perriman,Breshad Perriman,WR,WR,"https://static.www.nfl.com/image/private/f_auto,q_auto/league/zpwov1n42bi5lsqdlxhh",12,NYJ,0,0,0,0,0,0,0,0,0,0,0,0,,0,,,1,6,0,0,0,0,0.300831455504522,0,30,60,505,3,0,0,906,160,20,0.959921847343217,0,0.557395143487859,0.17910447761194,0.309955525145399,0.485625584019689,0,69.1,99.1
2020,REG,00-0032058,T.Coleman,Tevin Coleman,RB,RB,"https://static.www.nfl.com/image/private/f_auto,q_auto/league/wiu4r7bvhcafs9vamqc",6,SF,0,0,0,0,0,0,0,0,0,0,0,0,,0,,,28,53,0,0,0,3,-8.44488990664831,0,4,5,34,0,0,0,13,21,2,0.978089921991341,0,2.61538461538462,0.0625,0.0264227642276423,0.11224593495935,0,8.7,12.7
2020,REG,00-0032062,B.Bell,Blake Bell,TE,TE,"https://static.www.nfl.com/image/private/f_auto,q_auto/league/eqrmmjto8koqqc9j2kjj",11,DAL,0,0,0,0,0,0,0,0,0,0,0,0,,0,,,1,2,0,0,0,1,0.734888161532581,0,11,15,110,0,0,0,77,48,7,1.52189232449746,0,1.42857142857143,0.0338600451467269,0.0226537216828479,0.0666476728980838,0,11.2,22.2
2020,REG,00-0032063,M.Davis,Mike Davis,RB,RB,"https://static.www.nfl.com/image/private/f_auto,q_auto/league/csrqinegeyunycijua2q",14,CAR,0,0,0,0,0,0,0,0,0,0,0,0,,0,,,165,642,6,1,1,38,-19.4727529821175,0,59,70,373,2,0,0,-39,422,17,-6.55197416481401,0,-9.56410256410256,0.163170163170163,-0.0131048387096774,0.235581857658471,0,147.5,206.5
2020,REG,00-0032098,D.Brown,Daniel Brown,TE,TE,"https://static.www.nfl.com/image/private/f_auto,q_auto/league/fnhg5hbp5sjn3uuanqua",2,NYJ,0,0,0,0,0,0,0,0,0,0,0,0,,0,,,0,0,0,0,0,0,,0,2,2,31,0,0,0,10,21,2,4.36922450916609,0,3.1,0.0327868852459016,0.04149377593361,0.0782259710223794,0,3.1,5.1
2020,REG,00-0032104,A.Abdullah,Ameer Abdullah,RB,RB,"https://static.www.nfl.com/image/private/f_auto,q_auto/league/cvjebibvlvv8bclqyc8a",6,MIN,0,0,0,0,0,0,0,0,0,0,0,0,,0,,,8,42,0,0,0,4,1.89927110649296,0,8,9,58,2,0,0,-5,63,4,4.55992347290157,0,-11.6,0.0436893203883495,-0.004492362982929,0.062389326494474,0,22.0,30.0
2020,REG,00-0032128,C.Conley,Chris Conley,WR,WR,"https://static.www.nfl.com/image/private/f_auto,q_auto/league/wddhtkz5tmo47x5s3qnq",14,JAX,0,0,0,0,0,0,0,0,0,0,0,0,,0,,,0,0,0,0,0,0,,0,40,63,471,2,1,1,652,180,24,12.1116146154995,0,0.72239263803681,0.125248508946322,0.16439737771054,0.302950927816861,0,57.1,97.1
2020,REG,00-0032134,C.Uzomah,C.J. Uzomah,TE,TE,"https://static.www.nfl.com/image/private/f_auto,q_auto/league/hnkflpl5pzbfbdvtcv1c",2,CIN,0,0,0,0,0,0,0,0,0,0,0,0,,0,,,0,0,0,0,0,0,,0,8,11,87,1,0,0,94,30,6,5.25051962710343,0,0.925531914893617,0.117021276595745,0.12401055408971,0.262339302756414,0,14.7,22.7
2020,REG,00-0032135,J.James,Jesse James,TE,TE,"https://static.www.nfl.com/image/private/f_auto,q_auto/league/rgk9zqdx9lmbcblem3xn",12,DET,0,0,0,0,0,0,0,0,0,0,0,0,,0,,,0,0,0,0,0,0,,0,14,22,129,2,0,0,118,76,6,-4.07951502286596,0,1.09322033898305,0.0522565320665083,0.0355100812518808,0.103241854976079,0,24.9,38.9
2020,REG,00-0032141,G.Swaim,Geoff Swaim,TE,TE,"https://static.www.nfl.com/image/upload/f_auto,q_auto/league/hx9yaocl4a6owbwaqajy",6,TEN,0,0,0,0,0,0,0,0,0,0,0,0,,0,,,0,0,0,0,0,0,,0,9,12,83,1,0,0,79,35,6,4.2518372736813,0,1.05063291139241,0.0638297872340426,0.051939513477975,0.132102340285646,0,14.3,23.3
2020,REG,00-0032144,M.Gordon,Melvin Gordon,RB,RB,"https://static.www.nfl.com/image/private/f_auto,q_auto/league/i4g8x7yotpgszlyanow0",15,DEN,0,0,0,0,0,0,0,0,0,0,0,0,,0,,,215,986,9,2,2,46,-16.6835289239872,0,32,44,158,1,2,2,9,162,7,-18.343351267975,0,17.5555555555556,0.102803738317757,0.0028562361155188,0.156204972757499,0,166.4,198.4
2020,REG,00-0032187,D.Johnson,David Johnson,RB,RB,"https://static.www.nfl.com/image/private/f_auto,q_auto/league/y7dtsyyjnoafefkbylbb",12,HOU,0,0,0,0,0,0,0,0,0,0,0,0,,0,,,147,691,6,0,0,38,-3.65678894566372,0,33,46,314,2,2,1,168,235,16,1.33719085729577,0,1.86904761904762,0.11219512195122,0.0449799196787149,0.19977862670193,0,146.5,179.5
2020,REG,00-0032200,T.Montgomery,Ty Montgomery,WR,WR,"https://static.www.nfl.com/image/private/f_auto,q_auto/league/eagn4fvhnc9cp3wxeqoz",4,NO,0,0,0,0,0,0,0,0,0,0,0,0,,0,,,19,101,0,0,0,4,0.031062496593222,0,3,6,27,0,0,0,10,33,1,-2.39438935142243,0,2.7,0.0638297872340426,0.0155763239875389,0.106648107642341,0,12.8,15.8
2020,REG,00-0032209,T.Yeldon,T.J. Yeldon,RB,RB,"https://static.www.nfl.com/image/private/f_auto,q_auto/league/ktxkn2ltkmqfb5ugunt4",3,BUF,0,0,0,0,0,0,0,0,0,0,0,0,,0,,,10,70,0,1,0,5,4.30468257167377,0,1,4,22,1,0,0,14,0,1,1.88241176382871,0,1.57142857142857,0.051948051948052,0.0236486486486487,0.094476131976132,0,15.2,16.2
2020,REG,00-0032211,T.Lockett,Tyler Lockett,WR,WR,"https://static.www.nfl.com/image/private/f_auto,q_auto/league/f9wttnkcqc2scahf9oth",16,SEA,0,0,0,0,0,0,0,0,0,0,0,0,,0,,,0,0,0,0,0,0,,0,100,132,1054,10,1,0,1285,327,57,73.64311370264,0,0.820233463035019,0.245810055865922,0.285936804628393,0.568870847038758,0,165.4,265.4
2020,REG,00-0032214,T.Kroft,Tyler Kroft,TE,TE,"https://static.www.nfl.com/image/private/f_auto,q_auto/league/ztko1uhl01ebiutefibj",6,BUF,0,0,0,0,0,0,0,0,0,0,0,0,,0,,,0,0,0,0,0,0,,0,12,16,119,3,0,0,121,44,9,8.54731609177149,0,0.983471074380165,0.0860215053763441,0.0770700636942675,0.182981302650503,0,29.9,41.9
2020,REG,00-0032241,T.Gurley,Todd Gurley,RB,RB,"https://static.www.nfl.com/image/private/f_auto,q_auto/league/ym7oprwel3dxbab0k7x9",15,ATL,0,0,0,0,0,0,0,0,0,0,0,0,,0,,,195,678,9,1,0,45,-19.7901064403007,0,25,35,164,0,1,0,51,123,7,1.23599804588594,0,3.2156862745098,0.0697211155378486,0.0116385212231858,0.112728638163003,0,138.2,163.2
2020,REG,00-0032257,D.Johnson,Duke Johnson,RB,RB,"https://static.www.nfl.com/image/private/f_auto,q_auto/league/hf7lxjjesduggqdfktsg",11,HOU,0,0,0,0,0,0,0,0,0,0,0,0,,0,,,77,235,1,2,2,11,-25.5578772735898,0,28,35,249,1,1,0,67,220,8,4.43522184696477,0,3.71641791044776,0.0991501416430595,0.0292193632795465,0.169178766760272,0,56.4,84.4
2020,REG,00-0032268,M.Mariota,Marcus Mariota,QB,QB,"https://static.www.nfl.com/image/private/f_auto,q_auto/league/dpbdwpmpd9vht8hzqqq6",1,LV,17,28,226,1,1,0,0,0,0,273,76,11,8.42639402831319,0,0.827838827838828,0.244468295699267,9,88,1,0,0,8,11.2447907407186,0,0,0,0,0,0,0,0,0,0,,0,,,,,0,25.84,25.84
2020,REG,00-0032385,S.Shepard,Sterling Shepard,WR,WR,"https://static.www.nfl.com/image/private/f_auto,q_auto/league/qbsz1nkk6lnudmcwimer",12,NYG,0,0,0,0,0,0,0,0,0,0,0,0,,0,,,6,49,1,0,0,2,4.30863198195584,0,66,90,656,3,0,0,746,204,37,25.8607742747117,1,0.879356568364611,0.233160621761658,0.239717223650386,0.517542989197757,0,96.5,162.5
2020,REG,00-0032392,A.Hooper,Austin Hooper,TE,TE,"https://static.www.nfl.com/image/private/f_auto,q_auto/league/jp2z8s6pcanbitupycwc",13,CLE,0,0,0,0,0,0,0,0,0,0,0,0,,0,,,0,0,0,0,0,0,,0,46,70,435,4,0,0,456,169,27,22.4511214641065,0,0.953947368421053,0.189189189189189,0.145547398659432,0.385666962845386,0,67.5,113.5
2020,REG,00-0032393,C.Prosise,C.J. Prosise,RB,RB,"https://static.www.nfl.com/image/private/f_auto,q_auto/league/rcutby5hu0vtijh6adle",5,HOU,0,0,0,0,0,0,0,0,0,0,0,0,,0,,,10,19,0,1,1,0,-8.85743137344252,0,5,5,18,1,0,0,-8,26,1,-0.881071604730096,0,-2.25,0.0434782608695652,-0.0082730093071354,0.059426284789353,0,7.7,12.7
2020,REG,00-0032394,N.Vannett,Nick Vannett,TE,TE,"https://static.www.nfl.com/image/private/f_auto,q_auto/league/cccwwxb6tvsfhm3ylqul",11,DEN,0,0,0,0,0,0,0,0,0,0,0,0,,0,,,0,0,0,0,0,0,,0,14,21,95,1,0,0,93,64,6,-3.78624729419244,0,1.02150537634409,0.0638297872340426,0.0294210692818728,0.116339429348375,0,15.5,29.5
2020,REG,00-0032404,T.Ervin,Tyler Ervin,RB,RB,"https://static.www.nfl.com/image/private/f_auto,q_auto/league/tqevofjpvkvuvpdaoggm",7,GB,0,0,0,0,0,0,0,0,0,0,0,0,,0,,,13,67,0,0,0,4,0.274768856018562,0,11,15,84,0,0,0,-15,84,6,2.85841667867498,0,-5.6,0.0638297872340426,-0.0075187969924812,0.090481522956327,0,15.1,26.1
2020,REG,00-0032426,A.Collins,Alex Collins,RB,RB,"https://static.www.nfl.com/image/private/f_auto,q_auto/league/ddlhbm7zsi5o69wh6z5o",3,SEA,0,0,0,0,0,0,0,0,0,0,0,0,,0,,,18,77,2,0,0,5,1.97094997533713,0,1,2,4,0,0,0,11,1,0,-1.07632128312252,0,0.363636363636364,0.0571428571428571,0.0317919075144509,0.107968620974401,0,20.1,21.1
2020,REG,00-0032434,B.Allen,Brandon Allen,QB,QB,"https://static.www.nfl.com/image/private/f_auto,q_auto/league/bru1tv2adumstssu7bqw",5,CIN,90,142,925,5,4,7,51,1,1,940,557,42,-9.50667038832789,0,0.984042553191489,0.016891204660527,13,27,0,0,0,5,2.46324194991925,0,0,1,0,0,0,0,8,0,0,-0.500217972323299,0,0.0,0.037037037037037,0.0493827160493827,0.0901234567901234,0,49.7,49.7
2020,REG,00-0032436,J.Driskel,Jeff Driskel,QB,QB,"https://static.www.nfl.com/image/private/f_auto,q_auto/league/vs04xemcmwboamd8fpas",3,DEN,35,64,432,3,2,11,98,0,0,638,131,18,-14.5927857042852,1,0.677115987460815,-0.005301273632394,6,28,0,0,0,3,3.51318447553786,0,0,0,0,0,0,0,0,0,0,,0,,,,,0,30.08,30.08
2020,REG,00-0032450,D.Washington,Dwayne Washington,RB,RB,"https://static.www.nfl.com/image/private/f_auto,q_auto/league/h1nintlpbk2zyxerjpy4",2,NO,0,0,0,0,0,0,0,0,0,0,0,0,,0,,,8,15,0,0,0,0,-3.31361429637764,0,0,0,0,0,0,0,0,0,0,,0,,,,,0,1.5,1.5
2020,REG,00-0032464,K.Raymond,Kalif Raymond,WR,WR,"https://static.www.nfl.com/image/private/f_auto,q_auto/league/q2kahfn76dnnb1uxxorv",8,TEN,0,0,0,0,0,0,0,0,0,0,0,0,,0,,,1,-3,0,0,0,0,-1.2241438391502,0,9,15,187,0,0,0,263,38,7,6.81126969460654,0,0.711026615969582,0.0627615062761506,0.143168209036473,0.194360005739757,0,18.4,27.4
2020,REG,00-0032543,A.Erickson,Alex Erickson,WR,WR,"https://static.www.nfl.com/image/private/f_auto,q_auto/league/tnd77vbkyo8srrrkaisu",9,CIN,0,1,0,0,0,0,0,0,0,21,0,0,-0.489072750555351,0,0.0,,5,7,0,1,1,0,-6.08997176302364,0,12,17,139,0,0,0,122,67,5,2.68327601726782,0,1.13934426229508,0.0669291338582677,0.05765595463138,0.140752869029368,0,12.6,24.6
2020,REG,00-0032575,M.Skura,Matt Skura,C,OL,"https://static.www.nfl.com/image/private/f_auto,q_auto/league/h9enr0ycapsfxudjqe43",1,BAL,0,0,0,0,0,0,0,0,0,0,0,0,,0,,,1,0,0,1,0,0,-0.592132756486535,0,0,0,0,0,0,0,0,0,0,,0,,,,,0,0.0,0.0
2020,REG,00-0032577,D.Foster,D.J. Foster,RB,RB,"https://static.www.nfl.com/image/private/f_auto,q_auto/league/thjquiyzbnepofa1mb94",2,ARI,0,0,0,0,0,0,0,0,0,0,0,0,,0,,,2,2,0,0,0,0,-1.95383089547977,0,1,1,7,0,0,0,4,3,1,0.662165773333982,0,1.75,0.0384615384615385,0.016,0.0688923076923077,0,0.9,1.9
2020,REG,00-0032592,S.Neasman,Sharrod Neasman,CB,DB,"https://static.www.nfl.com/image/private/f_auto,q_auto/league/yut5typ5hmpbucewbnwd",1,ATL,0,0,0,0,0,0,0,0,0,0,0,0,,0,,,1,2,0,1,1,0,-3.10541942995042,0,0,0,0,0,0,0,0,0,0,,0,,,,,0,-1.8,-1.8
2020,REG,00-0032602,J.McKissic,J.D. McKissic,RB,RB,"https://static.www.nfl.com/image/private/f_auto,q_auto/league/zi77vkqwrmklt5ic6lc6",16,WAS,0,0,0,0,0,0,0,0,0,0,0,0,,0,,,85,365,1,1,0,25,-6.21946773242936,0,80,110,589,2,2,1,186,503,32,-9.48866214333364,0,3.16666666666667,0.203703703703704,0.0565177757520511,0.345117998581991,0,111.4,191.4
2020,REG,00-0032688,R.Chosen,Robbie Chosen,WR,WR,"https://static.www.nfl.com/image/private/f_auto,q_auto/league/hkcncqfwusv19fah3mbt",16,CAR,0,0,0,0,0,0,0,0,0,0,0,0,,0,,,4,15,0,0,0,1,-1.06619166303426,0,95,136,1096,3,1,1,1318,497,49,27.0865707813122,1,0.831562974203338,0.258064516129032,0.325673338275266,0.615068110986234,0,129.1,224.1
2020,REG,00-0032725,S.Anderson,Stephen Anderson,TE,TE,"https://static.www.nfl.com/image/private/f_auto,q_auto/league/inufsxftnotmpeot1lh2",3,LAC,0,0,0,0,0,0,0,0,0,0,0,0,,0,,,0,0,0,0,0,0,,0,8,11,106,0,0,0,44,80,7,5.36892621498555,0,2.40909090909091,0.0956521739130435,0.0578947368421053,0.184004576659039,0,10.6,18.6
2020,REG,00-0032741,P.Barber,Peyton Barber,RB,RB,"https://static.www.nfl.com/image/private/f_auto,q_auto/league/yjcjcrdiztmfwjgcfbux",14,WAS,0,0,0,0,0,0,0,0,0,0,0,0,,0,,,94,258,4,0,0,26,-4.48706421976785,0,4,7,12,0,0,0,1,11,1,-2.77582537359558,0,12.0,0.0321100917431193,0.0007892659826361,0.0487176238025242,0,51.0,55.0
2020,REG,00-0032764,D.Henry,Derrick Henry,RB,RB,"https://static.www.nfl.com/image/private/f_auto,q_auto/league/xpewyoieoj7zeub4fvff",16,TEN,0,0,0,0,0,0,0,0,0,0,0,0,,0,,,378,2027,17,3,2,98,33.6454401463466,1,19,31,114,0,0,0,-29,127,4,-6.83793152096255,0,-3.93103448275862,0.0784810126582279,-0.0106853352984525,0.110241784278425,0,314.1,333.1
2020,REG,00-0032765,M.Thomas,Michael Thomas,WR,WR,"https://static.www.nfl.com/image/private/f_auto,q_auto/league/sxldsbuw65hfmkzqhw96",7,NO,0,0,0,0,0,0,0,0,0,0,0,0,,0,,,1,1,0,0,0,0,-0.539614861598238,0,40,55,438,0,0,0,528,82,25,15.3781630996563,0,0.829545454545455,0.277777777777778,0.425806451612903,0.714731182795699,0,43.9,83.9
2020,REG,00-0032775,D.Robinson,Demarcus Robinson,WR,WR,"https://static.www.nfl.com/image/private/f_auto,q_auto/league/ceqqkylismka583qo9kk",15,KC,0,0,0,0,0,0,0,0,0,0,0,0,,0,,,0,0,0,0,0,0,,0,45,59,466,3,1,1,525,173,26,20.5694860869844,0,0.887619047619048,0.101374570446735,0.111346765641569,0.230004591619202,0,62.6,107.6
2020,REG,00-0032778,T.Sharpe,Tajae Sharpe,WR,WR,"https://static.www.nfl.com/image/private/f_auto,q_auto/league/c8fgfxrl2gmdv8thgw1p",3,MIN,0,0,0,0,0,0,0,0,0,0,0,0,,0,,,0,0,0,0,0,0,,0,0,3,0,0,0,0,112,0,0,-4.86600827216171,0,0.0,0.029126213592233,0.131147540983607,0.135492599076874,0,0.0,0.0
2020,REG,00-0032780,J.Howard,Jordan Howard,RB,RB,"https://static.www.nfl.com/image/private/f_auto,q_auto/league/nbvb6bsrmjupmqrrf1n4",7,PHI,0,0,0,0,0,0,0,0,0,0,0,0,,0,,,35,60,4,0,0,7,-6.92208196013235,0,1,1,-3,0,1,0,-4,0,0,-1.0240601899568,0,0.75,0.0222222222222222,-0.0117302052785924,0.0251221896383187,0,29.7,30.7
2020,REG,00-0032791,J.Grant,Jakeem Grant,WR,WR,"https://static.www.nfl.com/image/private/f_auto,q_auto/league/f2ujcvb61rknhjyxcrsu",14,MIA,0,0,0,0,0,0,0,0,0,0,0,0,,0,,,3,20,0,0,0,1,-0.734329256345518,0,36,54,373,1,0,0,567,172,22,6.30933955667091,0,0.657848324514991,0.116630669546436,0.15241935483871,0.281639552706751,1,51.3,87.3
2020,REG,00-0032792,N.Sudfeld,Nate Sudfeld,QB,QB,"https://static.www.nfl.com/image/private/f_auto,q_auto/league/it5e3w2ufgfp7sc5wgo2",1,PHI,5,12,32,0,1,2,16,0,0,118,18,1,-4.72489028249402,0,0.271186440677966,-0.0149405825124152,2,12,0,1,1,1,-5.975564588618,0,0,0,0,0,0,0,0,0,0,,0,,,,,0,-1.52,-1.52
2020,REG,00-0032807,C.Fejedelem,Clayton Fejedelem,SS,DB,"https://static.www.nfl.com/image/private/f_auto,q_auto/league/mlxzah8tensxhgwc7z3x",2,MIA,0,0,0,0,0,0,0,0,0,0,0,0,,0,,,2,23,0,0,0,2,5.40306336281356,0,0,0,0,0,0,0,0,0,0,,0,,,,,0,2.3,2.3
2020,REG,00-0032813,E.Penny,Elijhaa Penny,RB,RB,"https://static.www.nfl.com/image/private/f_auto,q_auto/league/jiebuu94lu81xzneqrsf",6,NYG,0,0,0,0,0,0,0,0,0,0,0,0,,0,,,6,15,0,0,0,4,0.0459095971891657,0,2,3,20,0,0,0,4,16,1,1.23056241503218,0,5.0,0.0283018867924528,0.0065466448445171,0.0470354815798413,0,3.5,5.5
2020,REG,00-0032881,T.Lewis,Tommylee Lewis,WR,WR,"https://static.www.nfl.com/image/private/f_auto,q_auto/league/qvf3ud6rgqusejdd4f5u",4,NO,0,0,0,0,0,0,0,0,0,0,0,0,,0,,,2,14,0,0,0,1,-0.129766456317157,0,1,3,5,0,0,0,38,0,0,-1.68247982917819,0,0.131578947368421,0.027027027027027,0.0514905149051491,0.0765839009741449,0,1.9,2.9
2020,REG,00-0032918,C.Ham,C.J. Ham,FB,RB,"https://static.www.nfl.com/image/private/f_auto,q_auto/league/oyy0xpxazac9lbt7z8zm",11,MIN,0,0,0,0,0,0,0,0,0,0,0,0,,0,,,5,18,0,0,0,2,-0.477163452305831,0,8,13,97,1,0,0,43,75,6,4.88074535899796,0,2.25581395348837,0.0550847457627119,0.0240089335566723,0.0994333721337384,0,17.5,25.5
2020,REG,00-0032940,D.Washington,DeAndre Washington,RB,RB,"https://static.www.nfl.com/image/private/f_auto,q_auto/league/r89dcprs99qahleja3mz",4,MIA,0,0,0,0,0,0,0,0,0,0,0,0,,0,,,31,91,0,0,0,2,-7.80159172369167,0,5,10,30,0,0,0,26,23,2,2.3617395364854,0,1.15384615384615,0.091743119266055,0.0285087719298246,0.15757081924996,0,12.1,17.1
2020,REG,00-0032943,R.Dixon,Riley Dixon,P,SPEC,"https://static.www.nfl.com/image/private/f_auto,q_auto/league/qummyltudg8zskn0si4v",1,NYG,0,1,0,0,0,0,0,0,0,8,0,0,-2.57392822386464,0,0.0,,0,0,0,0,0,0,,0,0,0,0,0,0,0,0,0,0,,0,,,,,0,0.0,0.0
2020,REG,00-0032950,C.Wentz,Carson Wentz,QB,QB,"https://static.www.nfl.com/image/private/f_auto,q_auto/league/indtay8ngoq8ubhhydbp",12,PHI,251,437,2620,16,15,50,326,7,3,3871,996,130,-86.9983339357374,5,0.676827693102558,0.0115906393621501,52,276,5,3,1,25,10.7642943251121,0,0,0,0,0,0,0,0,0,0,,0,,,,,0,198.4,198.4
2020,REG,00-0032951,L.Treadwell,Laquon Treadwell,WR,WR,"https://static.www.nfl.com/image/private/f_auto,q_auto/league/k5zobcutuqqnd1cxqplo",4,ATL,0,0,0,0,0,0,0,0,0,0,0,0,,0,,,0,0,0,0,0,0,,0,6,7,49,2,0,0,39,13,4,3.86659945038358,0,1.25641025641026,0.0451612903225806,0.0326086956521739,0.0905680224403927,0,16.9,22.9
2020,REG,00-0032956,A.Janovich,Andy Janovich,FB,RB,"https://static.www.nfl.com/image/private/f_auto,q_auto/league/w4nnz0yrfilgpexcseqy",6,CLE,0,0,0,0,0,0,0,0,0,0,0,0,,0,,,2,4,0,0,0,1,0.251682086760411,0,2,5,13,0,0,0,9,12,1,-1.78622413403355,0,1.44444444444444,0.0308641975308642,0.0074441687344913,0.0515072144104402,0,1.7,3.7
2020,REG,00-0032972,D.Booker,Devontae Booker,RB,RB,"https://static.www.nfl.com/image/private/f_auto,q_auto/league/y5fw68qxcmxykv1uchlo",15,LV,0,0,0,0,0,0,0,0,0,0,0,0,,0,,,93,423,3,1,0,21,2.92745412734803,0,17,21,84,0,0,0,7,81,2,-13.6049418008966,0,12.0,0.0583333333333333,0.0028420625253755,0.0894894437677629,0,68.7,85.7
2020,REG,00-0032975,J.Williams,Jonathan Williams,RB,RB,"https://static.www.nfl.com/image/private/f_auto,q_auto/league/dnlboggtjcflj9fxauub",1,DET,0,0,0,0,0,0,0,0,0,0,0,0,,0,,,1,5,0,1,1,0,-5.37057149445172,0,4,4,21,0,0,0,-2,23,2,0.239870419027284,0,-10.5,0.0952380952380952,-0.006060606060606,0.138614718614719,0,0.6,4.6
2020,REG,00-0032977,R.Higgins,Rashard Higgins,WR,WR,"https://static.www.nfl.com/image/private/f_auto,q_auto/league/mdn4he3iuc2mwx3cfvfj",12,CLE,0,0,0,0,0,0,0,0,0,0,0,0,,0,,,0,0,0,0,0,0,,0,37,52,599,4,2,0,733,78,26,36.1214779187897,0,0.81718963165075,0.149425287356322,0.245561139028476,0.396030728354416,0,83.9,120.9
2020,REG,00-0032980,M.Johnson,Marcus Johnson,WR,WR,"https://static.www.nfl.com/image/private/f_auto,q_auto/league/pwq2yi4ewqtsx6buynay",8,IND,0,0,0,0,0,0,0,0,0,0,0,0,,0,,,0,0,0,0,0,0,,0,14,28,255,0,0,0,487,49,11,8.79477976051477,0,0.523613963039014,0.102564102564103,0.239312039312039,0.321364581364581,0,25.5,39.5
2020,REG,00-0032986,J.Holtz,J.P. Holtz,TE,TE,"https://static.www.nfl.com/image/private/f_auto,q_auto/league/qmr1ixr4moaj0cri78sq",1,CHI,0,0,0,0,0,0,0,0,0,0,0,0,,0,,,0,0,0,0,0,0,,0,0,1,0,0,0,0,6,0,0,-5.06785566196777,0,0.0,0.0476190476190476,0.0359281437125749,0.0965782720273738,0,0.0,0.0
2020,REG,00-0033006,J.Mickens,Jaydon Mickens,WR,WR,"https://static.www.nfl.com/image/private/f_auto,q_auto/league/edjmdcnmfcqucsqym7ku",2,TB,0,0,0,0,0,0,0,0,0,0,0,0,,0,,,0,0,0,0,0,0,,0,7,10,58,0,0,0,73,31,6,4.59321787719702,0,0.794520547945206,0.123456790123457,0.0977242302543507,0.253592146363231,0,5.8,12.8
2020,REG,00-0033009,T.Boyd,Tyler Boyd,WR,WR,"https://static.www.nfl.com/image/private/f_auto,q_auto/league/vconwllovf9jqxpu9mow",15,CIN,1,2,16,0,0,0,0,0,0,2,22,1,0.735912813688628,0,8.0,,5,49,0,0,0,2,2.12804261344718,0,79,110,841,4,1,0,940,350,43,37.6287697560328,0,0.89468085106383,0.208333333333333,0.219574865685587,0.466202405979911,0,113.64,192.64
2020,REG,00-0033025,J.Richard,Jalen Richard,RB,RB,"https://static.www.nfl.com/image/private/f_auto,q_auto/league/evmn0ccnvk73tukpmk5f",12,LV,0,0,0,0,0,0,0,0,0,0,0,0,,0,,,22,123,1,1,0,7,5.55122132890392,0,19,23,138,0,0,0,49,97,5,-8.92586285610584,0,2.81632653061225,0.0696969696969697,0.0196708149337615,0.118315024999088,0,32.1,51.1
2020,REG,00-0033040,T.Hill,Tyreek Hill,WR,WR,"https://static.www.nfl.com/image/private/f_auto,q_auto/league/lsszbdnkusxc7mduw5be",15,KC,0,0,0,0,0,0,0,0,0,0,0,0,,0,,,13,123,2,0,0,5,7.38095691910712,0,87,135,1276,15,0,0,1739,434,57,75.1945784838152,0,0.733755031627372,0.232758620689655,0.3613131103262,0.602057108262823,0,241.9,328.9
2020,REG,00-0033045,E.Elliott,Ezekiel Elliott,RB,RB,"https://static.www.nfl.com/image/upload/f_auto,q_auto/league/qf0zgze0wkbvu9rlvolf",15,DAL,0,0,0,0,0,0,0,0,0,0,0,0,,0,,,244,979,6,5,4,62,-27.8595159169522,0,52,71,338,2,1,1,-17,360,20,-18.3999255992821,1,-19.8823529411765,0.121367521367521,-0.0041810132808657,0.179124572754676,0,171.7,223.7
2020,REG,00-0033077,D.Prescott,Dak Prescott,QB,QB,"https://static.www.nfl.com/image/private/f_auto,q_auto/league/knx0jxponzfkusnyvjkn",5,DAL,151,222,1856,9,4,10,66,3,3,1762,810,93,32.0177950794546,1,1.0533484676504,0.117492798583725,18,93,3,0,0,8,8.85428566701094,1,1,1,11,1,0,0,10,1,1,2.66843739943579,0,1.1,0.0303030303030303,0.0421940928270042,0.0749904104334484,0,134.64,135.64
2020,REG,00-0033080,S.DeValve,Seth DeValve,TE,TE,"https://static.www.nfl.com/image/private/f_auto,q_auto/league/nrihd72oevgvvbhb8l6g",1,ARI,0,0,0,0,0,0,0,0,0,0,0,0,,0,,,0,0,0,0,0,0,,0,0,1,0,0,0,0,35,0,0,-0.579306447412819,0,0.0,0.0217391304347826,0.0855745721271394,0.0925108961411715,0,0.0,0.0
2020,REG,00-0033083,D.Thompson,Darian Thompson,FS,DB,"https://static.www.nfl.com/image/private/f_auto,q_auto/league/nfzpwopmrdccg8or1hj4",1,DAL,0,0,0,0,0,0,0,0,0,0,0,0,,0,,,1,3,0,0,0,0,-2.5365551894065,0,0,0,0,0,0,0,0,0,0,,0,,,,,0,0.3,0.3
2020,REG,00-0033085,J.Hawkins,Jerald Hawkins,T,OL,"https://static.www.nfl.com/image/private/f_auto,q_auto/league/qxv0dm3zyuz3eqcx1f3z",1,PIT,0,0,0,0,0,0,0,0,0,0,0,0,,0,,,0,0,0,0,0,0,,0,0,1,0,0,0,0,0,0,0,-1.08256936987164,0,,0.0188679245283019,,,0,0.0,0.0
2020,REG,00-0033090,H.Henry,Hunter Henry,TE,TE,"https://static.www.nfl.com/image/private/f_auto,q_auto/league/sdjob9akppefyo7py5tj",14,LAC,0,0,0,0,0,0,0,0,0,0,0,0,,0,,,0,0,0,0,0,0,,0,60,93,613,4,0,0,741,226,35,18.157682038861,0,0.827260458839406,0.16970802919708,0.176428571428571,0.37806204379562,0,85.3,145.3
2020,REG,00-0033094,M.Hall,Marvin Hall,WR,WR,"https://static.www.nfl.com/image/private/f_auto,q_auto/league/dgyruyvyeuy4cwxhysox",11,CLE,0,0,0,0,0,0,0,0,0,0,0,0,,0,,,1,1,0,0,0,0,-0.521031837561168,0,18,32,302,2,0,0,549,58,10,17.0169470904511,0,0.550091074681239,0.0792079207920792,0.163880597014925,0.233528299098567,0,42.3,60.3
2020,REG,00-0033106,J.Goff,Jared Goff,QB,QB,"https://static.www.nfl.com/image/private/f_auto,q_auto/league/nyitt4ybuzopzjzddafi",15,LA,370,552,3952,20,13,23,161,5,3,3579,2152,194,24.8351287911393,1,1.10421905560212,0.0834909504292782,51,99,4,2,1,12,-6.06883553758962,0,0,0,0,0,0,0,0,0,0,,0,,,,,0,239.98,239.98
2020,REG,00-0033110,T.Higbee,Tyler Higbee,TE,TE,"https://static.www.nfl.com/image/private/f_auto,q_auto/league/vk9c6lr4d1pdt9sr86ua",15,LA,0,0,0,0,0,0,0,0,0,0,0,0,,0,,,1,1,0,0,0,0,-0.688042127294466,0,44,60,521,5,0,0,479,238,27,34.2135882588045,1,1.08768267223382,0.112994350282486,0.132981676846197,0.262578699216066,0,84.2,128.2
2020,REG,00-0033111,P.Cooper,Pharoh Cooper,WR,WR,"https://static.www.nfl.com/image/private/f_auto,q_auto/league/mnsqfcfqiehw5aocr1lg",5,CAR,0,0,0,0,0,0,0,0,0,0,0,0,,0,,,0,0,0,0,0,0,,0,5,8,73,0,0,0,79,35,3,2.6644613375538,0,0.924050632911392,0.0467836257309942,0.0533783783783784,0.107540303461356,0,7.3,12.3
2020,REG,00-0033112,T.Hemingway,Temarrick Hemingway,TE,TE,"https://static.www.nfl.com/image/private/f_auto,q_auto/league/ikzbygp007w9gn1rofoo",2,WAS,0,0,0,0,0,0,0,0,0,0,0,0,,0,,,0,0,0,0,0,0,,0,1,2,10,0,0,0,7,6,1,-0.0216456179041415,0,1.42857142857143,0.0408163265306122,0.0233333333333333,0.0775578231292517,0,1.0,2.0
2020,REG,00-0033114,M.Thomas,Mike Thomas,WR,WR,"https://static.www.nfl.com/image/private/f_auto,q_auto/league/sytj4awk8kseyootqzec",10,CIN,0,0,0,0,0,0,0,0,0,0,0,0,,0,,,1,1,0,0,0,0,-0.442678707651794,0,13,21,132,1,1,1,181,28,7,-6.57223325857194,0,0.729281767955801,0.0525,0.0556409468183215,0.117698662772825,0,17.3,30.3
2020,REG,00-0033118,K.Drake,Kenyan Drake,RB,RB,"https://static.www.nfl.com/image/private/f_auto,q_auto/league/rp5apwel9vuk49b4lykn",15,ARI,0,0,0,0,0,0,0,0,0,0,0,0,,0,,,239,955,10,3,1,59,-7.2997949084109,0,25,31,137,0,0,0,-30,165,5,-1.95321683253037,0,-4.56666666666667,0.0635245901639344,-0.0077140653124196,0.0898870395272079,0,167.2,192.2
2020,REG,00-0033119,J.Brissett,Jacoby Brissett,QB,QB,"https://static.www.nfl.com/image/private/f_auto,q_auto/league/wapkj7gxu9waxattqkok",11,IND,2,8,17,0,0,2,15,0,0,65,18,1,-8.43866098171566,0,0.261538461538462,-0.150189669457622,17,19,3,0,0,9,5.71747016102422,0,0,0,0,0,0,0,0,0,0,,0,,,,,0,20.58,20.58
2020,REG,00-0033127,W.Fuller,Will Fuller,WR,WR,"https://static.www.nfl.com/image/private/f_auto,q_auto/league/dgemxvhu8ffqmvmqczks",11,HOU,0,0,0,0,0,0,0,0,0,0,0,0,,0,,,1,0,0,0,0,0,-0.860769623424858,0,53,75,879,8,0,0,940,291,38,58.2042130059235,0,0.935106382978723,0.237341772151899,0.334638661445354,0.590259721239596,0,135.9,188.9
2020,REG,00-0033164,T.Pope,Troymaine Pope,RB,RB,"https://static.www.nfl.com/image/private/f_auto,q_auto/league/qgwjblnzedbxfulfhltu",4,LAC,0,0,0,0,0,0,0,0,0,0,0,0,,0,,,15,76,0,0,0,3,0.723163502523676,0,8,10,42,0,0,0,-16,44,1,-3.46575259570769,0,-2.625,0.0709219858156028,-0.0173160173160173,0.0942617666021922,0,11.8,19.8
2020,REG,00-0033215,C.Grayson,Cyril Grayson,WR,WR,"https://static.www.nfl.com/image/private/f_auto,q_auto/league/klv5np9csnnm6p6zpkcs",2,TB,0,0,0,0,0,0,0,0,0,0,0,0,,0,,,0,0,0,0,0,0,,0,0,3,0,0,0,0,71,0,0,-3.08342700381763,0,0.0,0.0483870967741936,0.152688172043011,0.179462365591398,0,0.0,0.0
2020,REG,00-0033217,M.Alie-Cox,Mo Alie-Cox,TE,TE,"https://static.www.nfl.com/image/private/f_auto,q_auto/league/vaiszuzdtyszme2bkfxv",14,IND,0,0,0,0,0,0,0,0,0,0,0,0,,0,,,0,0,0,0,0,0,,0,31,39,394,2,1,1,264,182,19,12.7529929139127,0,1.49242424242424,0.0835117773019272,0.0767218831734961,0.178972984174338,0,49.4,80.4
2020,REG,00-0033246,J.Mundt,Johnny Mundt,TE,TE,"https://static.www.nfl.com/image/private/f_auto,q_auto/league/ugqymsoitijokzaup39n",2,LA,0,0,0,0,0,0,0,0,0,0,0,0,,0,,,0,0,0,0,0,0,,0,4,4,53,0,0,0,8,45,1,2.88457731134258,0,6.625,0.0634920634920635,0.0176600441501104,0.107600126143172,0,5.3,9.3
2020,REG,00-0033251,Z.Pascal,Zach Pascal,WR,WR,"https://static.www.nfl.com/image/private/f_auto,q_auto/league/dnb115czpwythbso8avp",16,IND,0,1,0,0,0,0,0,0,0,13,0,0,-0.556113167200238,0,0.0,,0,0,0,0,0,0,,0,44,71,629,5,0,0,772,233,29,22.6257713919508,0,0.814766839378238,0.132710280373832,0.195542046605876,0.335944853184861,0,92.9,136.9
2020,REG,00-0033258,D.Daniels,Darrell Daniels,TE,TE,"https://static.www.nfl.com/image/private/f_auto,q_auto/league/uite1keyl09qsvofsqzf",8,ARI,0,0,0,0,0,0,0,0,0,0,0,0,,0,,,0,0,0,0,0,0,,0,8,11,92,1,0,0,67,57,4,7.23381068924209,0,1.37313432835821,0.0397111913357401,0.0257197696737044,0.0775706257752032,0,15.2,23.2
2020,REG,00-0033266,J.Natson,JoJo Natson,WR,WR,"https://static.www.nfl.com/image/private/f_auto,q_auto/league/ctmojzcskxm2rhyotsxo",1,CLE,0,0,0,0,0,0,0,0,0,0,0,0,,0,,,1,3,0,0,0,0,-0.181124324561097,0,0,0,0,0,0,0,0,0,0,,0,,,,,0,0.3,0.3
2020,REG,00-0033275,P.Walker,P.J. Walker,QB,QB,"https://static.www.nfl.com/image/private/f_auto,q_auto/league/cmuf0gtzectijxrktpg2",4,CAR,32,56,368,1,5,4,31,0,0,583,141,17,-22.4464985108422,0,0.631217838765009,0.0051238990577069,5,-2,0,1,0,0,-2.39879782876233,0,0,1,0,0,0,0,6,0,0,-0.408470925525762,0,0.0,0.0285714285714286,0.025531914893617,0.0607294832826748,0,8.52,8.52
2020,REG,00-0033280,C.McCaffrey,Christian McCaffrey,RB,RB,"https://static.www.nfl.com/image/private/f_auto,q_auto/league/navqer4chxxut5povzzw",3,CAR,0,0,0,0,0,0,0,0,0,0,0,0,,0,,,59,225,5,0,0,14,3.93363165079004,0,17,19,149,1,0,0,27,123,8,8.91171528457198,0,5.51851851851852,0.161016949152542,0.0328467153284672,0.264518124458741,0,73.4,90.4
2020,REG,00-0033282,C.Samuel,Curtis Samuel,WR,WR,"https://static.www.nfl.com/image/private/f_auto,q_auto/league/r71vsqs2fg7bvbt1jvzd",15,CAR,0,0,0,0,0,0,0,0,0,0,0,0,,0,,,41,200,2,0,0,10,-3.56041659615585,0,77,97,851,3,1,0,711,320,39,37.8368617748727,0,1.19690576652602,0.194,0.187056037884767,0.421939226519337,0,135.1,212.1
2020,REG,00-0033288,G.Kittle,George Kittle,TE,TE,"https://static.www.nfl.com/image/private/f_auto,q_auto/league/bwx6bvkrxog0yf4h6fw1",8,SF,0,0,0,0,0,0,0,0,0,0,0,0,,0,,,2,17,0,0,0,1,1.25019418075681,0,48,63,634,2,0,0,460,297,32,37.1601398870438,0,1.37826086956522,0.241379310344828,0.25974025974026,0.543887147335423,0,77.1,125.1
2020,REG,00-0033292,T.Taylor,Trent Taylor,WR,WR,"https://static.www.nfl.com/image/upload/f_auto,q_auto/league/wmb3t9vro76zykcac2tb",7,SF,0,0,0,0,0,0,0,0,0,0,0,0,,0,,,0,0,0,0,0,0,,0,10,21,86,0,0,0,117,43,5,-12.9188612284245,0,0.735042735042735,0.0871369294605809,0.0768725361366623,0.184516169486535,0,8.6,18.6
2020,REG,00-0033293,A.Jones,Aaron Jones,RB,RB,"https://static.www.nfl.com/image/private/f_auto,q_auto/league/oo8yixhsahh4gznox7th",14,GB,0,0,0,0,0,0,0,0,0,0,0,0,,0,,,201,1104,9,1,0,52,14.4358101208054,0,47,63,355,2,1,0,77,365,15,5.72975630481308,0,4.61038961038961,0.146853146853147,0.0222414789139226,0.235848755519466,0,211.9,258.9
2020,REG,00-0033296,A.Armah,Alex Armah,RB,RB,"https://static.www.nfl.com/image/private/f_auto,q_auto/league/pvbqmdwlukehpxovupsg",12,CAR,0,0,0,0,0,0,0,0,0,0,0,0,,0,,,6,9,0,0,0,5,-0.63509819059982,0,5,9,18,0,0,0,2,20,1,-9.99959380651126,0,9.0,0.0338345864661654,0.0016556291390728,0.0519108200965991,0,2.7,7.7
2020,REG,00-0033307,K.Bourne,Kendrick Bourne,WR,WR,"https://static.www.nfl.com/image/private/f_auto,q_auto/league/vrovcaqql9p6xsycko83",15,SF,0,0,0,0,0,0,0,0,0,0,0,0,,0,,,0,0,0,0,0,0,,0,49,74,667,2,0,0,686,219,35,30.1387962872309,1,0.972303206997085,0.142307692307692,0.196787148594378,0.351212542477603,0,80.7,129.7
2020,REG,00-0033308,M.Breida,Matt Breida,RB,RB,"https://static.www.nfl.com/image/private/f_auto,q_auto/league/rc4m1xw0xmtsrxswd0bg",10,MIA,0,0,0,0,0,0,0,0,0,0,0,0,,0,,,59,254,0,2,1,11,-5.06678088760236,0,9,10,96,0,0,0,-1,96,5,3.38803256466053,0,-96.0,0.0537634408602151,-0.0008375209380234,0.0800588966337062,0,33.0,42.0
2020,REG,00-0033319,N.Mullens,Nick Mullens,QB,QB,"https://static.www.nfl.com/image/private/f_auto,q_auto/league/ocu10coxszfcauzh406s",10,SF,211,326,2437,12,12,19,139,5,4,2053,1239,120,3.01836897439411,1,1.18704335119338,0.0593554270826085,9,8,0,0,0,1,-2.54537816543598,0,0,0,0,0,0,0,0,0,0,,0,,,,,0,116.28,116.28
2020,REG,00-0033338,C.Carter,Cethan Carter,TE,TE,"https://static.www.nfl.com/image/private/f_auto,q_auto/league/soxu9ft40rqaizt9yizp",6,CIN,0,0,0,0,0,0,0,0,0,0,0,0,,0,,,0,0,0,0,0,0,,0,5,7,53,0,0,0,54,10,3,1.63502098945901,0,0.981481481481481,0.0353535353535354,0.0412528647822766,0.0819073083778966,0,5.3,10.3
2020,REG,00-0033357,T.Hill,Taysom Hill,QB,QB,"https://static.www.nfl.com/image/private/f_auto,q_auto/league/pjp1aahvacigoh0sorpg",16,NO,88,121,928,4,2,14,87,3,2,843,372,45,3.30192623425667,0,1.10083036773428,0.113951394521222,87,457,8,7,3,34,13.420857931781,0,8,12,98,1,0,0,91,35,4,1.30239917033623,0,1.07692307692308,0.0397350993377483,0.0464997445068983,0.0921524701614513,0,148.62,156.62
2020,REG,00-0033367,C.Board,C.J. Board,WR,WR,"https://static.www.nfl.com/image/private/f_auto,q_auto/league/pzshlaz0iihftpmg9imt",9,NYG,0,0,0,0,0,0,0,0,0,0,0,0,,0,,,1,3,0,0,0,0,-0.088456699042581,0,11,16,101,0,0,0,160,33,6,2.34011658409145,0,0.63125,0.0546075085324232,0.0744186046511628,0.134004286054449,0,10.4,21.4
2020,REG,00-0033375,T.Patrick,Tim Patrick,WR,WR,"https://static.www.nfl.com/image/private/f_auto,q_auto/league/xdwm9suozpz1wks8wzos",15,DEN,0,0,0,0,0,0,0,0,0,0,0,0,,0,,,0,0,0,0,0,0,,0,51,79,742,6,0,0,986,238,33,35.336741933326,0,0.752535496957404,0.15959595959596,0.214768024395557,0.389731556470829,0,110.2,161.2
2020,REG,00-0033376,P.Ricard,Patrick Ricard,FB,RB,"https://static.www.nfl.com/image/private/f_auto,q_auto/league/wfjtva8ytwkmlcehbz4c",8,BAL,0,0,0,0,0,0,0,0,0,0,0,0,,0,,,1,-1,0,1,1,0,-5.42459732253337,0,9,12,45,1,0,0,1,45,3,1.91688238095958,0,45.0,0.0560747663551402,0.0006565988181221,0.0845717687053958,0,8.4,17.4
2020,REG,00-0033382,A.Carr,Austin Carr,WR,WR,"https://static.www.nfl.com/image/private/f_auto,q_auto/league/uuln9v0o8aeurocrzvxp",4,NO,0,0,0,0,0,0,0,0,0,0,0,0,,0,,,0,0,0,0,0,0,,0,3,4,27,1,0,0,32,11,3,2.62467829941306,0,0.84375,0.0300751879699248,0.0389768574908648,0.0723965821984926,0,8.7,11.7
2020,REG,00-0033386,C.Hollister,Cody Hollister,WR,WR,"https://static.www.nfl.com/image/private/f_auto,q_auto/league/naicfqo1ayh448qi86xq",1,TEN,0,0,0,0,0,0,0,0,0,0,0,0,,0,,,0,0,0,0,0,0,,0,1,1,12,0,0,0,10,2,1,1.64737863047048,0,1.2,0.0357142857142857,0.0552486187845304,0.0922454617205998,0,1.2,2.2
2020,REG,00-0033387,J.Hollister,Jacob Hollister,TE,TE,"https://static.www.nfl.com/image/private/f_auto,q_auto/league/qdny7ap8ly1ozectd8zu",13,SEA,0,0,0,0,0,0,0,0,0,0,0,0,,0,,,0,0,0,0,0,0,,0,25,40,209,3,0,0,237,80,14,5.62127377890452,1,0.881856540084388,0.089086859688196,0.0652533039647577,0.179307602307624,0,40.9,65.9
2020,REG,00-0033421,A.Auclair,Antony Auclair,TE,TE,"https://static.www.nfl.com/image/private/f_auto,q_auto/league/qkktgjw9l0ntyfiobegs",1,TB,0,0,0,0,0,0,0,0,0,0,0,0,,0,,,0,0,0,0,0,0,,0,0,1,0,0,0,0,12,0,0,-0.681436180137098,0,0.0,0.0454545454545455,0.0526315789473684,0.105023923444976,0,0.0,0.0
2020,REG,00-0033439,P.Brown,Pharaoh Brown,TE,TE,"https://static.www.nfl.com/image/private/f_auto,q_auto/league/usqdlxj4jpqbtvsgaisk",8,HOU,0,0,0,0,0,0,0,0,0,0,0,0,,0,,,0,0,0,0,0,0,,0,14,16,163,2,0,0,127,76,9,10.9210738648544,0,1.28346456692913,0.0577617328519856,0.0508,0.122202599277978,0,28.3,42.3
2020,REG,00-0033455,A.Firkser,Anthony Firkser,TE,TE,"https://static.www.nfl.com/image/private/f_auto,q_auto/league/rta4x11kt1dt4hifufjq",15,TEN,0,0,0,0,0,0,0,0,0,0,0,0,,0,,,0,0,0,0,0,0,,0,39,53,387,1,0,0,371,143,26,18.8572720359835,0,1.04312668463612,0.12183908045977,0.105909220667999,0.256895075157254,0,44.7,83.7
2020,REG,00-0033460,J.Ross,John Ross,WR,WR,"https://static.www.nfl.com/image/private/f_auto,q_auto/league/u6ysgs3kj738n662uehl",2,CIN,0,0,0,0,0,0,0,0,0,0,0,0,,0,,,0,0,0,0,0,0,,0,2,7,17,0,0,0,84,3,1,-2.32386881188722,0,0.202380952380952,0.074468085106383,0.110817941952507,0.189274687026329,0,1.7,3.7
2020,REG,00-0033466,I.McKenzie,Isaiah McKenzie,WR,WR,"https://static.www.nfl.com/image/upload/f_auto,q_auto/league/gy6grhpxsegfgklfadte",15,BUF,1,1,12,1,0,0,0,0,0,-5,17,1,2.29472383309621,0,0.0,,10,9,0,0,0,2,-2.15899737545988,0,30,34,282,5,0,0,149,190,17,21.4918129593398,0,1.89261744966443,0.0641509433962264,0.0318512184694314,0.118522268022942,1,69.58,99.58
2020,REG,00-0033471,I.Ford,Isaiah Ford,WR,WR,"https://static.www.nfl.com/image/private/f_auto,q_auto/league/ycqftcjsc9vyqmc8tlmw",9,MIA,0,0,0,0,0,0,0,0,0,0,0,0,,0,,,0,0,0,0,0,0,,0,28,44,276,0,0,0,405,68,18,4.65728984494945,0,0.681481481481482,0.142857142857143,0.185185185185185,0.343915343915344,0,27.6,55.6
2020,REG,00-0033474,G.Dieter,Gehrig Dieter,WR,WR,"https://static.www.nfl.com/image/private/f_auto,q_auto/league/ex3zzzxojejpl5rqskmq",1,KC,0,0,0,0,0,0,0,0,0,0,0,0,,0,,,0,0,0,0,0,0,,0,1,2,10,0,0,0,15,5,1,0.0532382976962254,0,0.666666666666667,0.0645161290322581,0.109489051094891,0.17341652931481,0,1.0,2.0
2020,REG,00-0033481,M.Kemp,Marcus Kemp,WR,WR,"https://static.www.nfl.com/image/private/f_auto,q_auto/league/hetkew9ad3agbj8cq1r3",1,KC,0,0,0,0,0,0,0,0,0,0,0,0,,0,,,0,0,0,0,0,0,,0,1,1,11,0,0,0,1,10,1,0.968358507903758,0,11.0,0.0416666666666667,0.0060240963855421,0.0667168674698795,0,1.1,2.1
2020,REG,00-0033526,S.Perine,Samaje Perine,RB,RB,"https://static.www.nfl.com/image/private/f_auto,q_auto/league/kpdo0ztyzhjobhk4p29a",11,CIN,0,0,0,0,0,0,0,0,0,0,0,0,,0,,,63,301,3,0,0,16,-1.0581202922947,0,11,12,66,0,0,0,-21,89,4,0.604898046583682,0,-3.14285714285714,0.0449438202247191,-0.0101694915254237,0.060297086269282,0,54.7,65.7
2020,REG,00-0033528,J.Sprinkle,Jeremy Sprinkle,TE,TE,"https://static.www.nfl.com/image/private/f_auto,q_auto/league/cncqiyqmj7ohm5k70bog",3,WAS,0,0,0,0,0,0,0,0,0,0,0,0,,0,,,0,0,0,0,0,0,,0,1,3,6,0,0,0,6,3,0,-0.928665811661631,0,1.0,0.0384615384615385,0.0122699386503067,0.0662812647475224,0,0.6,1.6
2020,REG,00-0033536,M.Williams,Mike Williams,WR,WR,"https://static.www.nfl.com/image/private/f_auto,q_auto/league/oaa76gdfwdhaum4b5qkh",14,LAC,0,0,0,0,0,0,0,0,0,0,0,0,,0,,,1,1,0,0,0,0,-0.749192488845438,0,48,85,756,5,0,0,1236,162,35,29.8176663777752,0,0.611650485436893,0.156826568265683,0.293796054195389,0.440897090335296,0,105.7,153.7
2020,REG,00-0033537,D.Watson,Deshaun Watson,QB,QB,"https://static.www.nfl.com/image/private/f_auto,q_auto/league/otfs2docj6eahaebo5xn",16,HOU,382,544,4823,33,7,49,293,4,2,4842,1971,221,133.443955436822,1,0.99607600165221,0.165577336891424,90,444,3,4,1,31,14.3321883123717,0,0,0,0,0,0,0,0,0,0,,0,,,,,0,369.32,369.32
2020,REG,00-0033553,J.Conner,James Conner,RB,RB,"https://static.www.nfl.com/image/private/f_auto,q_auto/league/rmqdvrhlmhhyyrhp3vyu",13,PIT,0,0,0,0,0,0,0,0,0,0,0,0,,0,,,169,721,6,2,0,42,0.95178364309118,0,35,43,215,0,0,0,-7,233,10,-3.24054410926595,0,-30.7142857142857,0.0909090909090909,-0.0022566086395873,0.134784010315925,0,129.6,164.6
2020,REG,00-0033555,M.Hollins,Mack Hollins,WR,WR,"https://static.www.nfl.com/image/private/f_auto,q_auto/league/fe6e0gnullhxbgt6ohhg",9,MIA,0,0,0,0,0,0,0,0,0,0,0,0,,0,,,0,0,0,0,0,0,,0,16,25,176,1,1,1,240,29,7,-0.699579393558372,0,0.733333333333333,0.076219512195122,0.102345415778252,0.185971059337459,0,21.6,37.6
2020,REG,00-0033556,T.Cohen,Tarik Cohen,RB,RB,"https://static.www.nfl.com/image/private/f_auto,q_auto/league/pm0uewrl0ugotlc5wbpc",3,CHI,0,0,0,0,0,0,0,0,0,0,0,0,,0,,,14,74,0,0,0,3,1.82039537132368,0,6,9,41,0,0,0,15,61,1,-0.487335033656564,0,2.73333333333333,0.079646017699115,0.0134770889487871,0.128902988812824,0,11.5,17.5
2020,REG,00-0033564,J.Butt,Jake Butt,TE,TE,"https://static.www.nfl.com/image/private/f_auto,q_auto/league/faqk9sw4zigenjoavboi",3,DEN,0,0,0,0,0,0,0,0,0,0,0,0,,0,,,0,0,0,0,0,0,,0,2,4,5,0,0,0,7,2,0,-5.50382869888563,0,0.714285714285714,0.0408163265306122,0.0127504553734062,0.0701498085573027,0,0.5,2.5
2020,REG,00-0033567,B.Hill,Brian Hill,RB,RB,"https://static.www.nfl.com/image/private/f_auto,q_auto/league/bsgtdhaylnpxdhfxtx0y",16,ATL,0,0,0,0,0,0,0,0,0,0,0,0,,0,,,100,465,1,1,1,18,-14.1598224078517,0,25,30,199,0,1,0,38,162,7,3.03777804251166,0,5.23684210526316,0.0561797752808989,0.0090004737091425,0.0905699945177481,0,70.4,95.4
2020,REG,00-0033572,J.Agnew,Jamal Agnew,WR,WR,"https://static.www.nfl.com/image/private/f_auto,q_auto/league/at0skjo9xsjgobkvqqz5",13,DET,0,1,0,0,0,0,0,0,0,15,0,0,-0.46816249890253,0,0.0,,6,33,0,0,0,3,-1.77046230889391,0,13,20,89,0,0,0,97,101,4,-5.32497423006127,0,0.917525773195876,0.051948051948052,0.0379499217527387,0.104487023148995,1,18.2,31.2
2020,REG,00-0033576,E.Saubert,Eric Saubert,TE,TE,"https://static.www.nfl.com/image/upload/f_auto,q_auto/league/pitpti3erfxui0d2gdad",4,JAX,0,0,0,0,0,0,0,0,0,0,0,0,,0,,,0,0,0,0,0,0,,0,3,4,16,0,0,0,13,7,0,-4.74032336485107,0,1.23076923076923,0.0245398773006135,0.0094890510948905,0.0434521517173436,0,1.6,4.6
2020,REG,00-0033589,D.Moore,David Moore,WR,WR,"https://static.www.nfl.com/image/private/f_auto,q_auto/league/mysdmg1kkmxc6cywb1jh",16,SEA,0,0,0,0,0,0,0,0,0,0,0,0,,0,,,8,61,0,0,0,4,5.11031206371263,0,35,47,417,6,0,0,416,169,18,25.6111389739592,0,1.00240384615385,0.0875232774674116,0.0925678682688029,0.196082423989279,0,83.8,118.8
2020,REG,00-0033591,N.Brown,Noah Brown,WR,WR,"https://static.www.nfl.com/image/upload/f_auto,q_auto/league/skdu8rnw7nwgxdkaonyi",9,DAL,0,0,0,0,0,0,0,0,0,0,0,0,,0,,,1,4,0,0,0,0,-0.181374256964773,0,14,24,154,0,0,0,247,47,6,6.37619719940393,0,0.623481781376518,0.0610687022900763,0.0909425625920471,0.155262847249547,0,15.8,29.8
2020,REG,00-0033594,C.Carson,Chris Carson,RB,RB,"https://static.www.nfl.com/image/private/f_auto,q_auto/league/zxjqunrgf4j8p2eg4xyl",12,SEA,0,0,0,0,0,0,0,0,0,0,0,0,,0,,,141,681,5,1,0,43,16.8498048913534,0,37,46,287,4,0,0,61,257,14,-12.3691808809817,0,4.70491803278689,0.115288220551378,0.0182252763668957,0.185690024283895,0,150.8,187.8
2020,REG,00-0033611,R.Seals-Jones,Ricky Seals-Jones,TE,TE,"https://static.www.nfl.com/image/private/f_auto,q_auto/league/nqwpbsutfe0anvjkqeux",1,KC,0,0,0,0,0,0,0,0,0,0,0,0,,0,,,0,0,0,0,0,0,,0,0,1,0,0,0,0,7,0,0,-0.533207026310265,0,0.0,0.0384615384615385,0.0434782608695652,0.0881270903010034,0,0.0,0.0
2020,REG,00-0033627,J.Croom,Jason Croom,TE,TE,"https://static.www.nfl.com/image/private/f_auto,q_auto/league/ce3qgmgn139gn6vu44zz",1,PHI,0,0,0,0,0,0,0,0,0,0,0,0,,0,,,0,0,0,0,0,0,,0,1,1,3,1,0,0,3,0,1,1.23572376818629,0,1.0,0.0256410256410256,0.0082417582417582,0.0442307692307692,0,6.3,7.3
2020,REG,00-0033658,B.Jarwin,Blake Jarwin,TE,TE,"https://static.www.nfl.com/image/private/f_auto,q_auto/league/fsn8rvgup22r5e53mu7i",1,DAL,0,0,0,0,0,0,0,0,0,0,0,0,,0,,,0,0,0,0,0,0,,0,1,1,12,0,0,0,12,0,1,0.915660924627446,0,1.0,0.027027027027027,0.046875,0.0733530405405405,0,1.2,2.2
2020,REG,00-0033681,K.Cole,Keelan Cole,WR,WR,"https://static.www.nfl.com/image/private/f_auto,q_auto/league/djdjurxk3b6y347zirvz",16,JAX,0,0,0,0,0,0,0,0,0,0,0,0,,0,,,1,2,0,0,0,0,-0.468030458549038,0,55,88,642,5,0,0,957,174,34,27.0250605327812,0,0.670846394984326,0.15042735042735,0.201983959476572,0.367029797274626,1,100.4,155.4
2020,REG,00-0033699,A.Ekeler,Austin Ekeler,RB,RB,"https://static.www.nfl.com/image/private/f_auto,q_auto/league/s1e7ejmmjkaxbv9zhvfl",10,LAC,0,0,0,0,0,0,0,0,0,0,0,0,,0,,,116,530,1,1,0,26,-9.87281592985974,0,54,65,403,2,0,0,-78,473,20,12.7267002180567,0,-5.16666666666667,0.17379679144385,-0.0282916213275299,0.240891052236504,0,111.3,165.3
2020,REG,00-0033720,C.Thompson,Colin Thompson,TE,TE,"https://static.www.nfl.com/image/private/f_auto,q_auto/league/lbjhmxtdg1i6ichpzrbw",2,CAR,0,0,0,0,0,0,0,0,0,0,0,0,,0,,,0,0,0,0,0,0,,0,1,2,7,1,0,0,6,0,1,0.830129831738304,0,1.16666666666667,0.037037037037037,0.0145631067961165,0.0657497303128371,0,6.7,7.7
2020,REG,00-0033725,C.Clement,Corey Clement,RB,RB,"https://static.www.nfl.com/image/private/f_auto,q_auto/league/rrbdxl0frmnyr1qcgexd",8,PHI,0,0,0,0,0,0,0,0,0,0,0,0,,0,,,21,75,1,0,0,3,-2.49004254001193,0,5,6,25,0,0,0,-10,32,2,-0.825291153101716,0,-2.5,0.0434782608695652,-0.0070028011204481,0.0603154305200341,0,16.0,21.0
2020,REG,00-0033733,G.Ward,Greg Ward,WR,WR,"https://static.www.nfl.com/image/private/f_auto,q_auto/league/avy32bijim6pgiiu8gtz",16,PHI,1,1,15,0,0,0,0,0,0,15,0,1,0.868069074465893,0,1.0,,2,-4,0,0,0,0,-2.92715441912878,0,53,79,419,6,1,0,444,164,24,13.4417108569888,1,0.943693693693694,0.140819964349376,0.0877123666534967,0.272628603181512,0,80.1,133.1
2020,REG,00-0033757,R.Tonyan,Robert Tonyan,TE,TE,"https://static.www.nfl.com/image/private/f_auto,q_auto/league/e4dqx11amod0silgghxw",15,GB,0,0,0,0,0,0,0,0,0,0,0,0,,0,,,0,0,0,0,0,0,,0,52,59,586,11,0,0,457,223,33,43.7936945969068,0,1.28227571115974,0.128260869565217,0.125342841470104,0.280131293376899,0,124.6,176.6
2020,REG,00-0033791,B.Wilson,Brandon Wilson,FS,DB,"https://static.www.nfl.com/image/private/f_auto,q_auto/league/qivxnok733r3757ruzqy",1,CIN,0,0,0,0,0,0,0,0,0,0,0,0,,0,,,0,0,0,0,0,0,,0,0,0,0,0,0,0,0,0,0,,0,,,,,1,6.0,6.0
2020,REG,00-0033798,M.Schreck,Mason Schreck,TE,TE,"https://static.www.nfl.com/image/private/f_auto,q_auto/league/clgbpt0n6wqmkgaeeucy",1,CIN,0,0,0,0,0,0,0,0,0,0,0,0,,0,,,0,0,0,0,0,0,,0,0,1,0,0,0,0,2,0,0,-0.766915416810662,0,0.0,0.037037037037037,0.0123456790123457,0.0641975308641975,0,0.0,0.0
2020,REG,00-0033839,D.Westbrook,Dede Westbrook,WR,WR,"https://static.www.nfl.com/image/private/f_auto,q_auto/league/jjlxw2ircxecpx3ipeax",1,JAX,0,0,0,0,0,0,0,0,0,0,0,0,,0,,,0,0,0,0,0,0,,0,1,1,4,0,0,0,4,0,0,-0.0418007022817619,0,1.0,0.0238095238095238,0.012779552715655,0.0446599726152442,0,0.4,1.4
2020,REG,00-0033840,C.Hansen,Chad Hansen,WR,WR,"https://static.www.nfl.com/image/private/f_auto,q_auto/league/vnqylrclnnacn5lymvrk",5,HOU,0,0,0,0,0,0,0,0,0,0,0,0,,0,,,0,0,0,0,0,0,,0,17,24,236,1,0,0,290,39,11,11.0480603313,0,0.813793103448276,0.137142857142857,0.178901912399753,0.330945624394113,0,29.6,46.6
2020,REG,00-0033854,D.Ogunbowale,Dare Ogunbowale,RB,RB,"https://static.www.nfl.com/image/private/f_auto,q_auto/league/wolxjiszqovjppwhaojs",7,JAX,0,0,0,0,0,0,0,0,0,0,0,0,,0,,,32,145,0,0,0,6,-3.95314145283191,0,10,20,54,0,0,0,17,63,4,-13.9968555220403,0,3.17647058823529,0.0769230769230769,0.0083497053045186,0.121229409097778,0,19.9,29.9
2020,REG,00-0033856,L.Fournette,Leonard Fournette,RB,RB,"https://static.www.nfl.com/image/private/f_auto,q_auto/league/atxppoc7zqcjnbnk0awz",12,TB,0,0,0,0,0,0,0,0,0,0,0,0,,0,,,97,367,6,0,0,21,-1.075020390423,0,36,47,233,0,0,0,7,235,9,-1.84799576151233,0,33.2857142857143,0.0997876857749469,0.0017526289434151,0.150908368922811,0,96.0,132.0
2020,REG,00-0033857,J.Smith-Schuster,JuJu Smith-Schuster,WR,WR,"https://static.www.nfl.com/image/private/f_auto,q_auto/league/ypoituliieghtndjrzaz",16,PIT,0,0,0,0,0,0,0,0,0,0,0,0,,0,,,0,0,0,0,0,0,,0,97,128,831,9,3,1,703,409,48,23.9818399932581,1,1.18207681365576,0.196319018404908,0.151770293609672,0.400717733134132,0,137.1,234.1
2020,REG,00-0033858,J.Smith,Jonnu Smith,TE,TE,"https://static.www.nfl.com/image/private/f_auto,q_auto/league/hbnnjc8knqoc95vzyol4",14,TEN,0,0,0,0,0,0,0,0,0,0,0,0,,0,,,2,4,1,0,0,1,-0.21429491424351,0,41,65,448,8,0,0,360,238,25,16.6868101948104,0,1.24444444444444,0.160098522167488,0.109123976962716,0.316534567125133,0,99.2,140.2
2020,REG,00-0033859,J.Malone,Josh Malone,WR,WR,"https://static.www.nfl.com/image/private/f_auto,q_auto/league/q0qpgsvrkxi4al0dkjij",1,NYJ,0,0,0,0,0,0,0,0,0,0,0,0,,0,,,1,12,0,0,0,1,0.478119495382998,0,4,6,16,0,0,0,17,8,1,-4.07589499565074,0,0.941176470588235,0.1875,0.118055555555556,0.363888888888889,0,2.8,6.8
2020,REG,00-0033869,M.Trubisky,Mitchell Trubisky,QB,QB,"https://static.www.nfl.com/image/private/f_auto,q_auto/league/egmpgvzck6v2unbh0plp",10,CHI,199,297,2055,16,8,18,125,5,2,2325,1003,124,27.6127759131222,1,0.883870967741936,0.0981624300358493,33,195,1,1,0,12,9.21759511598097,0,0,0,0,0,0,0,0,0,0,,0,,,,,0,153.7,153.7
2020,REG,00-0033871,C.Davis,Corey Davis,WR,WR,"https://static.www.nfl.com/image/private/f_auto,q_auto/league/hr0uv4ai1zhkn7nof2a2",14,TEN,0,0,0,0,0,0,0,0,0,0,0,0,,0,,,0,0,0,0,0,0,,0,65,92,984,5,1,1,1080,291,49,55.9720708457025,0,0.911111111111111,0.230576441102757,0.32009484291642,0.569931051695629,0,126.4,191.4
2020,REG,00-0033873,P.Mahomes,Patrick Mahomes,QB,QB,"https://static.www.nfl.com/image/private/f_auto,q_auto/league/oagzjdsdoezmp6frggrn",15,KC,390,588,4740,38,6,22,147,3,2,4917,2241,238,182.870403650561,3,0.964002440512508,0.179136263270764,62,308,2,2,0,21,17.5560647373657,0,0,2,0,0,0,0,25,0,0,-2.38423319050344,0,0.0,0.0227272727272727,0.0326370757180157,0.0569368620935201,0,374.4,374.4
2020,REG,00-0033879,O.Howard,O.J. Howard,TE,TE,"https://static.www.nfl.com/image/private/f_auto,q_auto/league/wlvviyfhdn5fz5p04r95",4,TB,0,0,0,0,0,0,0,0,0,0,0,0,,0,,,0,0,0,0,0,0,,0,11,19,146,2,0,0,226,17,8,3.92762934765779,0,0.646017699115044,0.126666666666667,0.178092986603625,0.314665090622537,0,26.6,37.6
2020,REG,00-0033881,E.Engram,Evan Engram,TE,TE,"https://static.www.nfl.com/image/private/f_auto,q_auto/league/adr65rbw956sxntlph8a",16,NYG,0,0,0,0,0,0,0,0,0,0,0,0,,0,,,6,26,1,0,0,1,1.06181451777229,0,63,109,654,1,1,1,785,287,32,-21.5891251035256,0,0.83312101910828,0.218,0.200715929429813,0.467501150600869,0,78.0,141.0
2020,REG,00-0033885,D.Njoku,David Njoku,TE,TE,"https://static.www.nfl.com/image/private/f_auto,q_auto/league/ilvxwdllivrvwbuj69cm",11,CLE,0,0,0,0,0,0,0,0,0,0,0,0,,0,,,0,0,0,0,0,0,,0,19,29,213,2,0,0,216,87,13,11.3818478855711,0,0.986111111111111,0.0823863636363636,0.0717131474103586,0.173778748641796,0,33.3,52.3
2020,REG,00-0033891,Z.Jones,Zay Jones,WR,WR,"https://static.www.nfl.com/image/private/f_auto,q_auto/league/pbmcmjxxjcrandbjmey7",11,LV,1,1,29,0,0,0,0,0,0,26,3,1,2.22142086212989,0,1.11538461538462,,0,0,0,0,0,0,,0,14,20,154,1,0,0,142,65,6,-1.16266462177737,0,1.08450704225352,0.0589970501474926,0.0582922824302135,0.129300172922388,0,22.56,36.56
2020,REG,00-0033893,D.Cook,Dalvin Cook,RB,RB,"https://static.www.nfl.com/image/upload/f_auto,q_auto/league/kl291pby4vjh160bkirg",14,MIN,0,0,0,0,0,0,0,0,0,0,0,0,,0,,,312,1557,16,4,2,91,12.9949144393069,3,44,54,361,1,1,1,-96,438,17,-2.09560800036129,0,-3.76041666666667,0.131067961165049,-0.0292059628840888,0.176157767728711,0,293.8,337.8
2020,REG,00-0033895,G.Everett,Gerald Everett,TE,TE,"https://static.www.nfl.com/image/private/f_auto,q_auto/league/te11unippqhdc6auox6i",15,LA,0,0,0,0,0,0,0,0,0,0,0,0,,0,,,1,2,1,0,0,1,0.879355903482065,0,41,62,417,1,1,1,385,243,24,-1.45435972021985,0,1.08311688311688,0.115671641791045,0.10597302504817,0.247688580220286,0,51.9,92.9
2020,REG,00-0033896,A.Shaheen,Adam Shaheen,TE,TE,"https://static.www.nfl.com/image/private/f_auto,q_auto/league/rvj5swstfh0vf6f6w2hr",13,MIA,0,0,0,0,0,0,0,0,0,0,0,0,,0,,,0,0,0,0,0,0,,0,12,22,150,3,0,0,95,105,9,6.72609393417952,0,1.57894736842105,0.0478260869565217,0.0309547083740632,0.0934074262966269,0,33.0,45.0
2020,REG,00-0033897,J.Mixon,Joe Mixon,RB,RB,"https://static.www.nfl.com/image/private/f_auto,q_auto/league/pbijtl1blfdkvmwl4rsp",6,CIN,0,0,0,0,0,0,0,0,0,0,0,0,,0,,,119,428,3,1,1,20,-21.2723999378537,0,21,26,138,1,0,0,-29,171,5,4.4390907882771,0,-4.75862068965517,0.108786610878661,-0.0183660544648512,0.150323678192596,0,78.6,99.6
2020,REG,00-0033906,A.Kamara,Alvin Kamara,RB,RB,"https://static.www.nfl.com/image/private/f_auto,q_auto/league/tl9enad6kiwv6cukf4vt",15,NO,0,0,0,0,0,0,0,0,0,0,0,0,,0,,,187,932,16,1,0,58,9.0250457553193,0,83,107,756,5,0,0,60,731,35,8.16347994199241,0,12.6,0.223382045929019,0.0212464589235127,0.349945590139987,0,294.8,377.8
2020,REG,00-0033908,C.Kupp,Cooper Kupp,WR,WR,"https://static.www.nfl.com/image/private/f_auto,q_auto/league/bkahtsjkvnom1sbnb6xm",15,LA,0,0,0,0,0,0,0,0,0,0,0,0,,0,,,4,33,0,0,0,3,2.185493114579,0,92,124,974,3,0,0,782,525,45,28.3476953807641,0,1.24552429667519,0.236190476190476,0.223364752927735,0.510641041335129,0,118.7,210.7
2020,REG,00-0033911,T.Taylor,Taywan Taylor,WR,WR,"https://static.www.nfl.com/image/private/f_auto,q_auto/league/n0kolr3zjappzojczo5w",1,CLE,0,0,0,0,0,0,0,0,0,0,0,0,,0,,,0,0,0,0,0,0,,0,0,1,0,0,0,0,15,0,0,-0.49715586588718,0,0.0,0.037037037037037,0.0717703349282297,0.105794790005316,0,0.0,0.0
2020,REG,00-0033921,C.Godwin,Chris Godwin,WR,WR,"https://static.www.nfl.com/image/private/f_auto,q_auto/league/rfdampf12giyojipbcxl",12,TB,0,0,0,0,0,0,0,0,0,0,0,0,,0,,,0,0,0,0,0,0,,0,65,84,840,7,1,0,858,280,43,55.1884983064839,0,0.979020979020979,0.18876404494382,0.206896551724138,0.427973653622627,0,126.0,191.0
2020,REG,00-0033923,K.Hunt,Kareem Hunt,RB,RB,"https://static.www.nfl.com/image/private/f_auto,q_auto/league/fmy9cgin9nv7ewyhsipr",16,CLE,0,0,0,0,0,0,0,0,0,0,0,0,,0,,,198,841,6,1,0,44,-16.5759252924038,0,38,51,304,5,1,0,71,280,19,10.1733443049248,0,4.28169014084507,0.115646258503401,0.0187880391637999,0.186621015169762,0,180.5,218.5
2020,REG,00-0033925,D.Foreman,D'Onta Foreman,RB,RB,"https://static.www.nfl.com/image/private/f_auto,q_auto/league/fhxviqgdrngc8gvvhnor",5,TEN,0,0,0,0,0,0,0,0,0,0,0,0,,0,,,22,95,0,0,0,6,-2.65361897484399,0,1,1,5,1,0,0,2,3,1,1.03447581053479,0,2.5,0.037037037037037,0.0101522842639594,0.0626621545403271,0,16.0,17.0
2020,REG,00-0033932,K.Golladay,Kenny Golladay,WR,WR,"https://static.www.nfl.com/image/private/f_auto,q_auto/league/vck7awhkwwhui3ndgts3",5,DET,0,0,0,0,0,0,0,0,0,0,0,0,,0,,,0,0,0,0,0,0,,0,20,32,338,2,0,0,466,38,16,21.6624570737675,0,0.725321888412017,0.195121951219512,0.304575163398693,0.505885541208353,0,45.8,65.8
2020,REG,00-0033936,C.Beathard,C.J. Beathard,QB,QB,"https://static.www.nfl.com/image/private/f_auto,q_auto/league/yw8euaevcvwswbx5w27w",6,SF,66,104,787,6,0,9,71,3,3,851,344,42,10.165198434743,0,0.924794359576968,0.0814565478384698,6,28,0,0,0,1,-1.9259210244054,0,0,0,0,0,0,0,0,0,0,,0,,,,,0,52.28,52.28
2020,REG,00-0033943,J.Reynolds,Josh Reynolds,WR,WR,"https://static.www.nfl.com/image/private/f_auto,q_auto/league/sxrgouqg155xtgtzesy9",16,LA,0,0,0,0,0,0,0,0,0,0,0,0,,0,,,1,5,0,0,0,0,0.134871845482849,0,52,81,618,2,1,0,886,225,31,9.79274600594786,0,0.697516930022573,0.144128113879004,0.229593158849443,0.376907382013115,0,74.3,126.3
2020,REG,00-0033948,J.Williams,Jamaal Williams,RB,RB,"https://static.www.nfl.com/image/private/f_auto,q_auto/league/qerbr9qnhpn27cyogu4x",14,GB,0,0,0,0,0,0,0,0,0,0,0,0,,0,,,119,505,2,0,0,29,1.39925388584379,2,31,35,236,1,0,0,19,219,11,3.71459399426749,0,12.4210526315789,0.105105105105105,0.0077173030056864,0.163059769761638,0,96.1,127.1
2020,REG,00-0033949,J.Dobbs,Joshua Dobbs,QB,QB,"https://static.www.nfl.com/image/upload/f_auto,q_auto/league/il6zhynxgyun9uvsofgr",1,PIT,4,5,2,0,0,0,0,0,0,0,13,0,-2.62308801902691,0,0.0,0.127583508648495,2,20,0,0,0,1,0.661198644535474,0,0,0,0,0,0,0,0,0,0,,0,,,,,0,2.08,2.08
2020,REG,00-0033950,W.Gallman,Wayne Gallman,RB,RB,"https://static.www.nfl.com/image/private/f_auto,q_auto/league/zrc9lbsy94hxanrf5voo",14,NYG,0,0,0,0,0,0,0,0,0,0,0,0,,0,,,147,682,6,1,0,36,2.313932200182,0,21,27,114,0,0,0,10,100,6,-1.77045402984368,0,11.4,0.081570996978852,0.0038986354775828,0.125085540302586,0,115.6,136.6
2020,REG,00-0033951,M.Mack,Marlon Mack,RB,RB,"https://static.www.nfl.com/image/private/f_auto,q_auto/league/d3sdoo1yiey5oiyblulk",1,IND,0,0,0,0,0,0,0,0,0,0,0,0,,0,,,4,26,0,0,0,2,0.881749266176485,0,3,3,30,0,0,0,-1,31,1,1.58453373273369,0,-30.0,0.0652173913043478,-0.0034602076124567,0.095403941627802,0,5.6,8.6
2020,REG,00-0033955,J.McNichols,Jeremy McNichols,RB,RB,"https://static.www.nfl.com/image/private/f_auto,q_auto/league/lwcqsanzizt8sq0jnnpr",15,TEN,0,0,0,0,0,0,0,0,0,0,0,0,,0,,,47,204,1,0,0,8,-7.23810640624476,0,12,17,55,0,0,0,8,51,0,-6.75424159075303,0,6.875,0.046448087431694,0.0035603026257231,0.0721643429855472,0,31.9,43.9
2020,REG,00-0033958,N.Peterman,Nathan Peterman,QB,QB,"https://static.www.nfl.com/image/private/f_auto,q_auto/league/owifll49p0mmsjgf7rhn",1,LV,3,5,25,0,0,2,16,0,0,9,21,1,-3.5255508897244,0,2.77777777777778,-0.0864831842461198,1,9,0,0,0,1,1.33063513162779,0,0,0,0,0,0,0,0,0,0,,0,,,,,0,1.9,1.9
2020,REG,00-0034011,D.Arnold,Dan Arnold,TE,TE,"https://static.www.nfl.com/image/private/f_auto,q_auto/league/wym2o0jlxcvswj3gy9kv",14,ARI,0,0,0,0,0,0,0,0,0,0,0,0,,0,,,0,0,0,0,0,0,,0,31,45,438,4,2,1,565,173,24,25.6917290090642,0,0.775221238938053,0.0922131147540984,0.149076517150396,0.242673234136425,0,65.8,96.8
2020,REG,00-0034052,B.Zylstra,Brandon Zylstra,WR,WR,"https://static.www.nfl.com/image/private/f_auto,q_auto/league/arx0mz7gc5dm0wfc5kfx",5,CAR,0,0,0,0,0,0,0,0,0,0,0,0,,0,,,1,1,0,0,0,0,-0.369796664628666,0,3,4,35,0,0,0,55,15,3,5.7717527783243,0,0.636363636363636,0.0363636363636364,0.0825825825825826,0.112353262353262,1,9.6,12.6
2020,REG,00-0034054,R.Cracraft,River Cracraft,WR,WR,"https://static.www.nfl.com/image/private/f_auto,q_auto/league/zd4y2ok3owqbqx6bvkpm",3,SF,0,0,0,0,0,0,0,0,0,0,0,0,,0,,,0,0,0,0,0,0,,0,6,9,41,0,0,0,58,11,2,0.235720451294981,0,0.706896551724138,0.0818181818181818,0.0707317073170732,0.172239467849224,0,4.1,10.1
2020,REG,00-0034073,R.Dwelley,Ross Dwelley,TE,TE,"https://static.www.nfl.com/image/private/f_auto,q_auto/league/wsqd1kbdbqratcxretm5",10,SF,0,0,0,0,0,0,0,0,0,0,0,0,,0,,,0,0,0,0,0,0,,0,19,24,245,1,0,0,182,107,10,16.5288692403701,0,1.34615384615385,0.0652173913043478,0.0729751403368083,0.148908685192288,0,30.5,49.5
2020,REG,00-0034081,S.Mitchell,Steven Mitchell,WR,WR,"https://static.www.nfl.com/image/private/f_auto,q_auto/league/lavpxb848zx0stc1imzb",3,HOU,0,0,0,0,0,0,0,0,0,0,0,0,,0,,,0,0,0,0,0,0,,0,5,8,60,0,0,0,110,10,3,4.71652504848316,0,0.545454545454545,0.08,0.117395944503735,0.202177161152615,0,6.0,11.0
2020,REG,00-0034104,C.Sims,Cam Sims,WR,WR,"https://static.www.nfl.com/image/private/f_auto,q_auto/league/rskkpergva4snsvgathy",11,WAS,0,0,0,0,0,0,0,0,0,0,0,0,,0,,,1,5,0,0,0,0,0.0446782321669161,0,32,48,477,1,0,0,523,249,18,19.6601041956283,0,0.912045889101339,0.113744075829384,0.204057744830277,0.31345653512527,0,54.2,86.2
2020,REG,00-0034109,P.Lindsay,Phillip Lindsay,RB,RB,"https://static.www.nfl.com/image/private/f_auto,q_auto/league/soywd4cnq19pigrwabb5",11,DEN,0,0,0,0,0,0,0,0,0,0,0,0,,0,,,118,502,1,0,0,19,-18.7956541387248,0,7,14,28,0,0,0,-6,39,1,-4.18461426073918,0,-4.66666666666667,0.0569105691056911,-0.0030911901081916,0.0832020205828024,0,59.0,66.0
2020,REG,00-0034115,J.Wilson,Jeffery Wilson,RB,RB,"https://static.www.nfl.com/image/private/f_auto,q_auto/league/zorqrtlrizlltgd6pnob",11,SF,0,0,0,0,0,0,0,0,0,0,0,0,,0,,,126,600,7,2,2,31,-8.54083642320367,0,13,28,133,3,0,0,51,111,8,4.00000329744399,0,2.6078431372549,0.0886075949367089,0.0226364846870839,0.148756931686022,0,129.3,142.3
2020,REG,00-0034132,C.Blake,Christian Blake,WR,WR,"https://static.www.nfl.com/image/private/f_auto,q_auto/league/xaaqzgbfsqhs4qvdndrz",7,ATL,0,0,0,0,0,0,0,0,0,0,0,0,,0,,,0,0,0,0,0,0,,0,13,18,141,0,0,0,173,26,6,1.35244347518659,0,0.815028901734104,0.0692307692307692,0.0783869506116901,0.158717019274337,0,14.1,27.1
2020,REG,00-0034159,W.Dissly,Will Dissly,TE,TE,"https://static.www.nfl.com/image/private/f_auto,q_auto/league/pschkqimqisrbnzeo8iz",14,SEA,0,0,0,0,0,0,0,0,0,0,0,0,,0,,,0,0,0,0,0,0,,0,24,29,251,2,0,0,138,169,12,5.90316476393491,0,1.81884057971015,0.0602910602910603,0.0333897894991532,0.113809443085998,0,37.1,61.1
2020,REG,00-0034164,T.Cannon,Trenton Cannon,RB,RB,"https://static.www.nfl.com/image/private/f_auto,q_auto/league/hkpxcipgs7jtgdwpkjel",5,CAR,0,0,0,0,0,0,0,0,0,0,0,0,,0,,,10,33,0,0,0,2,-2.8927566621569,0,3,3,16,0,0,0,3,13,1,-0.604910457099322,0,5.33333333333333,0.0508474576271187,0.0121951219512195,0.0848077718065316,0,4.9,7.9
2020,REG,00-0034169,M.Baugh,Marcus Baugh,TE,TE,"https://static.www.nfl.com/image/private/f_auto,q_auto/league/chxibegpxlq45cc9fev1",1,WAS,0,0,0,0,0,0,0,0,0,0,0,0,,0,,,0,0,0,0,0,0,,0,1,1,2,0,0,0,0,2,0,-0.294975804979913,0,0.0,0.0303030303030303,,,0,0.2,1.2
2020,REG,00-0034171,J.Cabinda,Jason Cabinda,FB,RB,"https://static.www.nfl.com/image/private/f_auto,q_auto/league/nvi4viyciscnso8qgbtn",3,DET,0,0,0,0,0,0,0,0,0,0,0,0,,0,,,1,0,0,0,0,0,-3.81745926407166,0,2,3,8,0,0,0,-4,6,1,-8.65938339848071,0,-2.0,0.0258620689655172,-0.0066334991708126,0.034149654028707,0,0.8,2.8
2020,REG,00-0034177,T.Boyle,Tim Boyle,QB,QB,"https://static.www.nfl.com/image/private/f_auto,q_auto/league/zmp8nej7nqfdu2gyir6y",8,GB,0,0,0,0,0,1,11,1,0,0,0,0,-2.06141593540087,0,,,13,-9,0,0,0,0,-6.31223661126569,0,0,0,0,0,0,0,0,0,0,,0,,,,,0,-0.9,-0.9
2020,REG,00-0034184,G.Edwards,Gus Edwards,RB,RB,"https://static.www.nfl.com/image/private/f_auto,q_auto/league/tvxpivjku1lbpf7tfafl",16,BAL,0,0,0,0,0,0,0,0,0,0,0,0,,0,,,144,723,6,1,1,45,17.8622630744718,0,9,13,129,0,0,0,49,93,4,5.88816683081677,0,2.63265306122449,0.0631067961165049,0.032215647600263,0.117211147494941,0,119.2,128.2
2020,REG,00-0034192,N.Keizer,Nick Keizer,TE,TE,"https://static.www.nfl.com/image/private/f_auto,q_auto/league/zuebnpizkvrjzmxlxf6v",7,KC,0,0,0,0,0,0,0,0,0,0,0,0,,0,,,0,0,0,0,0,0,,0,6,9,63,0,1,1,81,40,2,-5.35593549651094,0,0.777777777777778,0.0340909090909091,0.0367847411444142,0.0768856824374536,0,4.3,10.3
2020,REG,00-0034193,K.Rader,Kevin Rader,TE,TE,"https://static.www.nfl.com/image/private/f_auto,q_auto/league/buopatfei7mdyxxxi9bv",1,PIT,0,0,0,0,0,0,0,0,0,0,0,0,,0,,,0,0,0,0,0,0,,0,0,1,0,0,0,0,4,0,0,-1.4395779594779,0,0.0,0.0238095238095238,0.0098280098280098,0.0425938925938926,0,0.0,0.0
2020,REG,00-0034207,J.Badet,Jeff Badet,WR,WR,"https://static.www.nfl.com/image/private/f_auto,q_auto/league/q5nwe08ka3mrnuanrqic",1,WAS,0,0,0,0,0,0,0,0,0,0,0,0,,0,,,0,0,0,0,0,0,,0,0,1,0,0,0,0,25,0,0,-0.228880364215001,0,0.0,0.0192307692307692,0.0793650793650794,0.0844017094017094,0,0.0,0.0
2020,REG,00-0034208,M.Boone,Mike Boone,RB,RB,"https://static.www.nfl.com/image/private/f_auto,q_auto/league/rcrpzluchltmk9stwtfc",5,MIN,0,0,0,0,0,0,0,0,0,0,0,0,,0,,,11,59,1,0,0,2,-1.39006207074272,0,2,2,10,0,0,0,-7,17,0,-0.170374028733931,0,-1.42857142857143,0.0285714285714286,-0.0123674911660777,0.0341998990408884,0,12.9,14.9
2020,REG,00-0034253,D.Hilliard,Dontrell Hilliard,RB,RB,"https://static.www.nfl.com/image/private/f_auto,q_auto/league/ukhyslngeuojxkjqfq9f",2,CLE,0,0,0,0,0,0,0,0,0,0,0,0,,0,,,9,48,0,0,0,3,-1.00545442503062,0,1,1,2,0,0,0,0,2,0,2.05534475343302,0,0.0,0.0384615384615385,,,0,5.0,6.0
2020,REG,00-0034267,J.Scott,Jaleel Scott,WR,WR,"https://static.www.nfl.com/image/private/f_auto,q_auto/league/npoq59gzmfmtwmrfdnhk",1,NYJ,0,0,0,0,0,0,0,0,0,0,0,0,,0,,,0,0,0,0,0,0,,0,1,1,16,0,0,0,13,3,1,1.15588378952816,0,1.23076923076923,0.0434782608695652,0.0580357142857143,0.105842391304348,0,1.6,2.6
2020,REG,00-0034270,T.Conklin,Tyler Conklin,TE,TE,"https://static.www.nfl.com/image/private/f_auto,q_auto/league/fwuvfpsd7hbtqwlcxtn7",7,MIN,0,0,0,0,0,0,0,0,0,0,0,0,,0,,,0,0,0,0,0,0,,0,19,26,194,1,1,0,114,126,11,7.92427071428392,0,1.70175438596491,0.1015625,0.0654044750430293,0.19812688253012,0,25.4,44.4
2020,REG,00-0034272,M.Valdes-Scantling,Marquez Valdes-Scantling,WR,WR,"https://static.www.nfl.com/image/private/f_auto,q_auto/league/zk2f2ivzdssgoaamf57u",14,GB,0,0,0,0,0,0,0,0,0,0,0,0,,0,,,4,13,0,0,0,1,-0.767632877104916,0,33,63,690,6,1,1,1153,241,27,29.1603376805433,0,0.598438855160451,0.140625,0.317893575958092,0.433463003170664,0,104.3,137.3
2020,REG,00-0034273,D.Ratley,Damion Ratley,WR,WR,"https://static.www.nfl.com/image/private/f_auto,q_auto/league/yafh5dzxcfpwqwrirmdd",5,NYG,0,0,0,0,0,0,0,0,0,0,0,0,,0,,,0,0,0,0,0,0,,0,4,10,63,0,1,0,104,10,2,-3.56066255190548,0,0.605769230769231,0.0584795321637427,0.0896551724137931,0.150477918935269,0,6.3,10.3
2020,REG,00-0034279,E.St. Brown,Equanimeous St. Brown,WR,WR,"https://static.www.nfl.com/image/private/f_auto,q_auto/league/rjtjvrencwsi1xlxnfll",8,GB,0,0,0,0,0,0,0,0,0,0,0,0,,0,,,1,7,0,0,0,1,0.52749087032862,0,7,13,117,1,0,0,157,59,6,5.77640074340161,0,0.745222929936306,0.0532786885245902,0.091652072387624,0.144074483458222,0,18.4,25.4
2020,REG,00-0034286,R.James,Richie James,WR,WR,"https://static.www.nfl.com/image/private/f_auto,q_auto/league/qusoivtzbud2wl0spptz",7,SF,0,0,0,0,0,0,0,0,0,0,0,0,,0,,,0,0,0,0,0,0,,0,23,35,394,1,0,0,373,193,15,23.662511031027,0,1.05630026809651,0.141129032258065,0.225105612552806,0.369267477174061,0,45.4,68.4
2020,REG,00-0034297,B.Pringle,Byron Pringle,WR,WR,"https://static.www.nfl.com/image/private/f_auto,q_auto/league/qgwipkdsunodvqlumsmp",6,KC,0,0,0,0,0,0,0,0,0,0,0,0,,0,,,0,0,0,0,0,0,,0,13,17,160,1,0,0,173,68,9,15.0897311768786,0,0.92485549132948,0.0894736842105263,0.11906400550585,0.217555330169884,1,28.0,41.0
2020,REG,00-0034301,D.Williams,Darrel Williams,RB,RB,"https://static.www.nfl.com/image/private/f_auto,q_auto/league/qloiwle7db59cznhqhub",13,KC,0,0,0,0,0,0,0,0,0,0,0,0,,0,,,39,169,1,0,0,14,2.45445773880311,0,18,26,116,0,0,0,-22,156,6,-1.31876032086589,1,-5.27272727272727,0.0561555075593953,-0.0061009428729894,0.0799626013280003,0,36.5,54.5
2020,REG,00-0034309,C.Beebe,Chad Beebe,WR,WR,"https://static.www.nfl.com/image/private/f_auto,q_auto/league/dd7cmld2lqxgqnizif4p",10,MIN,0,0,0,0,0,0,0,0,0,0,0,0,,0,,,0,0,0,0,0,0,,0,20,30,201,2,0,0,181,73,12,6.1020529641537,0,1.11049723756906,0.0909090909090909,0.0754166666666667,0.189155303030303,0,32.1,52.1
2020,REG,00-0034317,K.Kirkwood,Keith Kirkwood,WR,WR,"https://static.www.nfl.com/image/private/f_auto,q_auto/league/iedau8bt7wngc8mxfd9h",1,CAR,0,0,0,0,0,0,0,0,0,0,0,0,,0,,,0,0,0,0,0,0,,0,1,2,13,0,0,0,32,9,0,-0.960921583503749,0,0.40625,0.0740740740740741,0.130081300813008,0.202168021680217,0,1.3,2.3
2020,REG,00-0034319,D.Yelder,Deon Yelder,TE,TE,"https://static.www.nfl.com/image/private/f_auto,q_auto/league/ipykvobx6lilpvc5vyca",6,KC,0,0,0,0,0,0,0,0,0,0,0,0,,0,,,0,0,0,0,0,0,,0,7,11,36,0,0,0,57,30,2,-2.55455819133204,0,0.631578947368421,0.0460251046025105,0.0380507343124166,0.0956731709224573,0,3.6,10.6
2020,REG,00-0034331,J.Samuels,Jaylen Samuels,RB,RB,"https://static.www.nfl.com/image/private/f_auto,q_auto/league/stceem3dtyjhdlqlaqxn",8,PIT,0,0,0,0,0,0,0,0,0,0,0,0,,0,,,9,28,0,0,0,1,-2.66707010278018,0,9,14,46,0,0,0,-3,56,2,-3.06379662198015,0,-15.3333333333333,0.0603448275862069,-0.002283105022831,0.0889190678633286,0,7.4,16.4
2020,REG,00-0034348,C.Sutton,Courtland Sutton,WR,WR,"https://static.www.nfl.com/image/private/f_auto,q_auto/league/uusaguvnkfv2gt7goale",1,DEN,0,0,0,0,0,0,0,0,0,0,0,0,,0,,,0,0,0,0,0,0,,0,3,6,66,0,0,0,106,7,2,-4.61644256112127,0,0.622641509433962,0.157894736842105,0.20703125,0.381763980263158,0,6.6,9.6
2020,REG,00-0034349,K.Johnson,Kerryon Johnson,RB,RB,"https://static.www.nfl.com/image/private/f_auto,q_auto/league/tmqxfjwvjlcfacertjqp",14,DET,0,0,0,0,0,0,0,0,0,0,0,0,,0,,,52,181,2,1,1,9,-9.71210212784354,0,19,26,187,1,0,0,-3,183,11,0.804273777076543,0,-62.3333333333333,0.0619047619047619,-0.0008846947803007,0.0922378565109323,0,52.8,71.8
2020,REG,00-0034351,D.Goedert,Dallas Goedert,TE,TE,"https://static.www.nfl.com/image/private/f_auto,q_auto/league/flzasty1ea7iswbtd0e5",11,PHI,0,0,0,0,0,0,0,0,0,0,0,0,,0,,,0,0,0,0,0,0,,0,46,65,524,3,0,0,560,202,28,14.8795731747523,0,0.935714285714286,0.166666666666667,0.162271805273834,0.363590263691684,0,70.4,116.4
2020,REG,00-0034353,A.Miller,Anthony Miller,WR,WR,"https://static.www.nfl.com/image/private/f_auto,q_auto/league/t7d2vuwwmbpasriplvg6",16,CHI,0,0,0,0,0,0,0,0,0,0,0,0,,0,,,2,12,0,0,0,1,0.610429398249835,0,49,76,485,2,1,1,735,148,23,3.23042134584921,0,0.659863945578231,0.12751677852349,0.154867256637168,0.299682247431253,0,59.7,108.7
2020,REG,00-0034364,J.Akins,Jordan Akins,TE,TE,"https://static.www.nfl.com/image/private/f_auto,q_auto/league/fgkl9zfpy2yxrkxfge84",13,HOU,0,0,0,0,0,0,0,0,0,0,0,0,,0,,,1,4,0,0,0,1,0.75279469229281,0,37,49,403,1,0,0,369,172,20,16.1622072637209,0,1.09214092140921,0.118072289156627,0.0982166622305031,0.245860097296292,0,46.7,83.7
2020,REG,00-0034365,I.Thomas,Ian Thomas,TE,TE,"https://static.www.nfl.com/image/private/f_auto,q_auto/league/zhmboki1lwndau686wlv",13,CAR,0,0,0,0,0,0,0,0,0,0,0,0,,0,,,0,0,0,0,0,0,,0,20,31,145,1,1,0,196,78,11,-5.49942032649415,0,0.739795918367347,0.0731132075471698,0.0668485675306958,0.156463808592242,0,20.5,40.5
2020,REG,00-0034366,K.Coutee,Keke Coutee,WR,WR,"https://static.www.nfl.com/image/private/f_auto,q_auto/league/b63h388y8kzvntk6tuqx",8,HOU,0,0,0,0,0,0,0,0,0,0,0,0,,0,,,0,0,0,0,0,0,,0,33,40,400,3,3,2,377,148,18,10.6426750927467,1,1.06100795755968,0.148698884758364,0.151466452390518,0.329074843810909,0,56.0,89.0
2020,REG,00-0034367,N.Hines,Nyheim Hines,RB,RB,"https://static.www.nfl.com/image/private/f_auto,q_auto/league/lgpfurgix754r54hvas4",16,IND,0,0,0,0,0,0,0,0,0,0,0,0,,0,,,89,380,3,0,0,24,-11.4254558227605,1,63,76,482,4,0,0,52,470,24,8.8289773483647,0,9.26923076923077,0.142056074766355,0.013840830449827,0.222772693464412,0,130.2,193.2
2020,REG,00-0034370,D.Hamilton,DaeSean Hamilton,WR,WR,"https://static.www.nfl.com/image/private/f_auto,q_auto/league/thfspx6c8befeosbsj1b",12,DEN,0,0,0,0,0,0,0,0,0,0,0,0,,0,,,0,0,0,0,0,0,,0,23,44,293,2,1,1,591,95,16,-8.62878053346919,0,0.495769881556684,0.108374384236453,0.149696048632219,0.267348810397233,0,39.3,62.3
2020,REG,00-0034378,I.Smith,Ito Smith,RB,RB,"https://static.www.nfl.com/image/private/f_auto,q_auto/league/dh6fxo1jdenrkgcwdpib",14,ATL,0,0,0,0,0,0,0,0,0,0,0,0,,0,,,63,268,1,0,0,8,-1.98488002596423,0,17,26,75,0,1,0,1,81,3,-12.011110123158,0,75.0,0.0597701149425287,0.0003150598613736,0.0898757143167547,0,40.3,57.3
2020,REG,00-0034383,D.Schultz,Dalton Schultz,TE,TE,"https://static.www.nfl.com/image/private/f_auto,q_auto/league/lhplapyya8pp3yyz8bht",16,DAL,0,0,0,0,0,0,0,0,0,0,0,0,,0,,,0,0,0,0,0,0,,0,63,89,615,4,1,1,584,279,33,13.0815432433944,0,1.05308219178082,0.144246353322528,0.128126371215445,0.306057989834604,0,83.5,146.5
2020,REG,00-0034386,J.Watson,Justin Watson,WR,WR,"https://static.www.nfl.com/image/private/f_auto,q_auto/league/vr9tayyujt23takv3hv3",3,TB,0,0,0,0,0,0,0,0,0,0,0,0,,0,,,0,0,0,0,0,0,,0,7,11,94,0,0,0,106,19,5,-12.8986991000711,0,0.886792452830189,0.0964912280701754,0.110878661087866,0.222351904866769,0,9.4,16.4
2020,REG,00-0034391,S.Neal,Siran Neal,CB,DB,"https://static.www.nfl.com/image/private/f_auto,q_auto/league/kcgowvgfffxnfgbaat7p",1,BUF,0,0,0,0,0,0,0,0,0,0,0,0,,0,,,0,0,0,0,0,0,,0,1,1,13,0,0,0,10,3,1,3.11536745866761,0,1.3,0.0263157894736842,0.0259067357512953,0.0576083992364331,0,1.3,2.3
2020,REG,00-0034393,T.Fumagalli,Troy Fumagalli,TE,TE,"https://static.www.nfl.com/image/private/f_auto,q_auto/league/ec3s3n119ph0se5reacd",7,DEN,0,0,0,0,0,0,0,0,0,0,0,0,,0,,,0,0,0,0,0,0,,0,8,15,80,1,0,0,110,60,6,-5.24872549172142,0,0.727272727272727,0.0681818181818182,0.053921568627451,0.140017825311943,0,14.0,22.0
2020,REG,00-0034395,D.Fountain,Daurice Fountain,WR,WR,"https://static.www.nfl.com/image/private/f_auto,q_auto/league/skzpmww7wb3pubcj0snl",2,IND,0,0,0,0,0,0,0,0,0,0,0,0,,0,,,0,0,0,0,0,0,,0,2,3,23,0,0,0,28,0,2,0.58466433105059,0,0.821428571428571,0.0566037735849057,0.074468085106383,0.137033319951827,0,2.3,4.3
2020,REG,00-0034400,J.Wilkins,Jordan Wilkins,RB,RB,"https://static.www.nfl.com/image/private/f_auto,q_auto/league/ltz7ffp0fnywwhcm2d3z",12,IND,0,0,0,0,0,0,0,0,0,0,0,0,,0,,,84,308,1,0,0,17,-21.6544086334591,1,12,16,105,0,0,0,-13,143,3,-0.880727572482795,0,-8.07692307692308,0.0466472303206997,-0.0053256861941827,0.0662428651451217,0,49.3,61.3
2020,REG,00-0034407,R.McCloud,Ray-Ray McCloud,WR,WR,"https://static.www.nfl.com/image/upload/f_auto,q_auto/league/k3ykgsntuqdb0nl4grxk",11,PIT,0,0,0,0,0,0,0,0,0,0,0,0,,0,,,4,65,0,0,0,1,3.03530011622934,0,20,22,77,0,0,0,-33,105,3,0.0903495523962192,0,0.0,0.0479302832244009,-0.0106007067137809,0.0644749301369547,0,14.2,34.2
2020,REG,00-0034411,R.Gage,Russell Gage,WR,WR,"https://static.www.nfl.com/image/private/f_auto,q_auto/league/lkqhshv0dss1b9c6mdnj",16,ATL,1,2,39,1,0,0,0,0,0,75,2,1,2.13630023831502,0,0.52,,2,9,0,0,0,1,-0.190398682199884,0,72,109,786,4,0,0,927,281,50,31.428842120832,0,0.84789644012945,0.180165289256198,0.177280550774527,0.394344319426466,0,109.06,181.06
2020,REG,00-0034414,B.Scott,Boston Scott,RB,RB,"https://static.www.nfl.com/image/private/f_auto,q_auto/league/uveeemr49kwtkfefugai",16,PHI,0,0,0,0,0,0,0,0,0,0,0,0,,0,,,80,374,1,1,0,16,-4.65203033573926,0,25,36,212,1,0,0,95,181,8,-0.470410209623402,0,2.23157894736842,0.0774193548387097,0.0231087326684505,0.13230514512598,0,70.6,95.6
2020,REG,00-0034418,C.Wilson,Cedrick Wilson,WR,WR,"https://static.www.nfl.com/image/private/f_auto,q_auto/league/zvirmx1m9vycmfpfbf1w",10,DAL,2,2,23,1,0,0,0,0,0,2,21,1,2.82294028694741,0,11.5,,3,-12,0,0,0,0,-5.77264261478558,0,17,28,189,2,0,0,244,113,10,4.12620006361976,0,0.774590163934426,0.0802292263610315,0.0947204968944099,0.186648187367634,0,34.62,51.62
2020,REG,00-0034419,B.Berrios,Braxton Berrios,WR,WR,"https://static.www.nfl.com/image/private/f_auto,q_auto/league/nypqf5vnhegeorkpmplr",13,NYJ,0,0,0,0,0,0,0,0,0,0,0,0,,0,,,3,29,0,0,0,1,1.34269511868479,0,37,55,394,3,0,0,416,216,19,4.3184394592482,0,0.947115384615385,0.146666666666667,0.13484602917342,0.314392220421394,0,60.3,97.3
2020,REG,00-0034420,J.Thomas,Jordan Thomas,TE,TE,"https://static.www.nfl.com/image/private/f_auto,q_auto/league/lhqymyl9yfmt9gfqb0ro",2,NE,0,0,0,0,0,0,0,0,0,0,0,0,,0,,,0,0,0,0,0,0,,0,1,2,3,1,0,0,15,0,1,0.87206751818303,0,0.2,0.0289855072463768,0.0331858407079646,0.0667083493651404,0,6.3,7.3
2020,REG,00-0034426,J.Wims,Javon Wims,WR,WR,"https://static.www.nfl.com/image/private/f_auto,q_auto/league/yz9qgdgesqc9nbkv832p",9,CHI,0,0,0,0,0,0,0,0,0,0,0,0,,0,,,1,2,0,0,0,0,-0.338406857568771,0,6,12,48,1,0,0,177,4,4,-1.27138931524334,0,0.271186440677966,0.0418118466898955,0.0715151515151515,0.112778376095449,0,11.0,17.0
2020,REG,00-0034432,B.Scarbrough,Bo Scarbrough,RB,RB,"https://static.www.nfl.com/image/private/f_auto,q_auto/league/y9zcmooqisc5cex2tqxb",1,SEA,0,0,0,0,0,0,0,0,0,0,0,0,,0,,,6,31,0,0,0,1,0.080569310404826,0,0,0,0,0,0,0,0,0,0,,0,,,,,0,3.1,3.1
2020,REG,00-0034438,L.Woodside,Logan Woodside,QB,QB,"https://static.www.nfl.com/image/private/f_auto,q_auto/league/fdptu6sdje2lmijb7e7j",5,TEN,1,3,7,0,0,0,0,0,0,17,0,1,1.53480455151293,0,0.411764705882353,,7,10,0,0,0,1,-3.55476421414642,0,0,0,0,0,0,0,0,0,0,,0,,,,,0,1.28,1.28
2020,REG,00-0034439,R.Izzo,Ryan Izzo,TE,TE,"https://static.www.nfl.com/image/private/f_auto,q_auto/league/mrgkhzunyljetpkfadkt",10,NE,0,0,0,0,0,0,0,0,0,0,0,0,,0,,,0,0,0,0,0,0,,0,13,20,199,0,1,1,205,68,6,-6.5348396092013,0,0.970731707317073,0.0732600732600733,0.112267250821468,0.188477185465137,0,17.9,30.9
2020,REG,00-0034440,J.Jackson,Justin Jackson,RB,RB,"https://static.www.nfl.com/image/private/f_auto,q_auto/league/n7pvb1trbn9rtttlw7df",8,LAC,0,0,0,0,0,0,0,0,0,0,0,0,,0,,,59,270,0,0,0,15,-2.6091975592426,0,19,24,173,0,0,0,-47,221,7,4.03013584861765,1,-3.68085106382979,0.111627906976744,-0.027860106698281,0.14793978577632,0,46.3,65.3
2020,REG,00-0034445,N.Gates,Nick Gates,C,OL,"https://static.www.nfl.com/image/private/f_auto,q_auto/league/nvpqpcqsk83o1tihoztw",1,NYG,0,0,0,0,0,0,0,0,0,0,0,0,,0,,,0,0,0,0,0,0,,0,0,1,0,0,0,0,8,0,0,-2.57392822386464,0,0.0,0.03125,0.0268456375838926,0.0656669463087248,0,0.0,0.0
2020,REG,00-0034449,B.Howell,Buddy Howell,RB,RB,"https://static.www.nfl.com/image/private/f_auto,q_auto/league/iqoes3t0jkt62cpqmuvo",2,HOU,0,0,0,0,0,0,0,0,0,0,0,0,,0,,,16,64,0,0,0,2,-0.525229823309928,0,1,2,3,0,0,0,19,7,0,-0.468588867865037,0,0.157894736842105,0.0740740740740741,0.104395604395604,0.184188034188034,0,6.7,7.7
2020,REG,00-0034457,J.Adams,Josh Adams,RB,RB,"https://static.www.nfl.com/image/private/f_auto,q_auto/league/ppc3a6qvlxjxmkwxbphn",6,NYJ,0,0,0,0,0,0,0,0,0,0,0,0,,0,,,29,157,2,0,0,10,0.29342793484102,0,6,8,29,0,0,0,1,24,2,1.73987909132848,0,29.0,0.0898876404494382,0.002079002079002,0.136286762129459,0,30.6,36.6
2020,REG,00-0034487,T.Sherfield,Trent Sherfield,WR,WR,"https://static.www.nfl.com/image/private/f_auto,q_auto/league/tbs4dvo8vdagznshsw7l",2,ARI,0,0,0,0,0,0,0,0,0,0,0,0,,0,,,0,0,0,0,0,0,,0,5,7,50,0,0,0,82,27,2,-7.48898697004188,0,0.609756097560976,0.112903225806452,0.15045871559633,0.274675939627109,0,5.0,10.0
2020,REG,00-0034490,E.Turner,Ezekiel Turner,ILB,LB,"https://static.www.nfl.com/image/private/f_auto,q_auto/league/orjtjjkgvpqexoxbnhme",1,ARI,0,0,0,0,0,0,0,0,0,0,0,0,,0,,,0,0,0,0,0,0,,0,1,1,26,0,0,0,14,12,1,4.01401143427938,0,1.85714285714286,0.027027027027027,0.0384615384615385,0.0674636174636175,0,2.6,3.6
2020,REG,00-0034510,R.Foster,Robert Foster,WR,WR,"https://static.www.nfl.com/image/private/f_auto,q_auto/league/fmcyiy4oxx9soub8zbui",3,WAS,0,0,0,0,0,0,0,0,0,0,0,0,,0,,,0,0,0,0,0,0,,0,2,6,37,0,0,0,84,32,2,1.64607450328185,0,0.440476190476191,0.0465116279069768,0.0830860534124629,0.127927679249189,0,3.7,5.7
2020,REG,00-0034521,A.Lazard,Allen Lazard,WR,WR,"https://static.www.nfl.com/image/private/f_auto,q_auto/league/blrzk3bfnpneuyhsqiqg",10,GB,0,0,0,0,0,0,0,0,0,0,0,0,,0,,,2,17,0,0,0,1,0.39512610307429,0,33,46,451,3,0,0,458,195,23,38.191801717825,0,0.98471615720524,0.152317880794702,0.186862505099959,0.359280574762024,0,64.8,97.8
2020,REG,00-0034577,K.Allen,Kyle Allen,QB,QB,"https://static.www.nfl.com/image/private/f_auto,q_auto/league/rvf9rnbqajlniortukeq",4,WAS,60,87,610,4,1,7,44,1,1,523,324,30,7.68759919128682,0,1.16634799235182,0.161712520866111,7,26,1,0,0,3,1.21906227333238,0,0,0,0,0,0,0,0,0,0,,0,,,,,0,45.0,45.0
2020,REG,00-0034578,R.Bonnafon,Reggie Bonnafon,RB,RB,"https://static.www.nfl.com/image/private/f_auto,q_auto/league/revwhbm7uizs4oiwqdo3",2,CAR,0,0,0,0,0,0,0,0,0,0,0,0,,0,,,12,69,0,0,0,4,1.61578923481284,0,2,2,18,1,0,0,-2,20,2,2.77165372931631,0,-9.0,0.0555555555555556,-0.0085836909871244,0.0773247496423462,0,14.7,16.7
2020,REG,00-0034597,R.Nall,Ryan Nall,RB,RB,"https://static.www.nfl.com/image/private/f_auto,q_auto/league/qh4cznlh73ud2b9loalu",6,CHI,0,0,0,0,0,0,0,0,0,0,0,0,,0,,,3,0,0,0,0,0,-1.31326398591045,0,8,9,67,1,0,0,20,47,5,5.74926032871008,0,3.35,0.0476190476190476,0.0134498991257566,0.080843500816601,0,12.7,20.7
2020,REG,00-0034613,T.Hudson,Tanner Hudson,TE,TE,"https://static.www.nfl.com/image/private/f_auto,q_auto/league/dcrfuiyknwrwxsjsjf9q",4,TB,0,0,0,0,0,0,0,0,0,0,0,0,,0,,,0,0,0,0,0,0,,0,3,7,41,0,0,0,108,12,3,0.0117443735290301,0,0.37962962962963,0.0429447852760736,0.0680958385876419,0.11208426492546,0,4.1,7.1
2020,REG,00-0034631,V.Smith,Vyncint Smith,WR,WR,"https://static.www.nfl.com/image/private/f_auto,q_auto/league/jjwvixdxj0lapvuqwbz9",2,NYJ,0,0,0,0,0,0,0,0,0,0,0,0,,0,,,0,0,0,0,0,0,,0,1,3,13,0,0,0,39,1,1,-0.769745314260945,0,0.333333333333333,0.0491803278688525,0.0894495412844037,0.136385170702361,0,1.3,2.3
2020,REG,00-0034646,B.Powell,Brandon Powell,WR,WR,"https://static.www.nfl.com/image/private/f_auto,q_auto/league/cqtogvopabvi3gcuaosi",10,ATL,0,0,0,0,0,0,0,0,0,0,0,0,,0,,,2,7,0,0,0,0,-0.583056042902172,0,12,18,69,2,1,1,83,34,5,-4.47528072743726,0,0.831325301204819,0.0535714285714286,0.0328712871287129,0.103367043847242,0,17.6,29.6
2020,REG,00-0034652,C.Batson,Cameron Batson,WR,WR,"https://static.www.nfl.com/image/private/f_auto,q_auto/league/pow47zamr7jdcca5ibsl",9,TEN,0,0,0,0,0,0,0,0,0,0,0,0,,0,,,4,20,0,1,0,2,-0.427817818592303,0,12,13,100,1,0,0,80,43,7,10.9755548943866,0,1.25,0.0546218487394958,0.0451467268623025,0.113535481912855,0,18.0,30.0
2020,REG,00-0034653,D.Burnett,Deontay Burnett,WR,WR,"https://static.www.nfl.com/image/private/f_auto,q_auto/league/iyteeepnw4u0hssvjzxe",1,PHI,0,0,0,0,0,0,0,0,0,0,0,0,,0,,,0,0,0,0,0,0,,0,3,4,19,0,0,0,15,4,1,-0.390347324195318,0,1.26666666666667,0.0909090909090909,0.0464396284829721,0.168871376301717,0,1.9,4.9
2020,REG,00-0034660,R.Gafford,Rico Gafford,WR,WR,"https://static.www.nfl.com/image/private/f_auto,q_auto/league/yotlvbawckg5e7shvr2y",2,LV,0,0,0,0,0,0,0,0,0,0,0,0,,0,,,0,0,0,0,0,0,,0,0,2,0,0,0,0,64,0,0,-2.36495387402829,0,0.0,0.0298507462686567,0.109215017064846,0.121226631348378,0,0.0,0.0
2020,REG,00-0034676,J.Washington,James Washington,WR,WR,"https://static.www.nfl.com/image/private/f_auto,q_auto/league/z5svt5lojqlibpxitvty",16,PIT,0,0,0,0,0,0,0,0,0,0,0,0,,0,,,0,0,0,0,0,0,,0,30,56,392,5,0,0,699,139,19,6.91602784156567,0,0.560801144492132,0.0858895705521472,0.150906735751295,0.234469070854128,0,69.2,99.2
2020,REG,00-0034681,C.Edmonds,Chase Edmonds,RB,RB,"https://static.www.nfl.com/image/private/f_auto,q_auto/league/y0u4btecdge4tsun4p2h",16,ARI,0,0,0,0,0,0,0,0,0,0,0,0,,0,,,97,448,1,1,0,22,-6.71235711434229,0,53,67,402,4,1,0,135,326,21,9.08240978251837,0,2.97777777777778,0.122935779816514,0.0347132939058884,0.208702975458893,0,115.0,168.0
2020,REG,00-0034686,A.Tate,Auden Tate,WR,WR,"https://static.www.nfl.com/image/private/f_auto,q_auto/league/gp64utjveglpbit53u3t",8,CIN,0,0,0,0,0,0,0,0,0,0,0,0,,0,,,0,0,0,0,0,0,,0,14,22,150,0,0,0,207,58,9,2.48476127577392,0,0.72463768115942,0.0740740740740741,0.0819153146022952,0.168451831332718,0,15.0,29.0
2020,REG,00-0034750,R.Penny,Rashaad Penny,RB,RB,"https://static.www.nfl.com/image/private/f_auto,q_auto/league/mwvzwst6cfcwifblqtsj",3,SEA,0,0,0,0,0,0,0,0,0,0,0,0,,0,,,11,34,0,0,0,1,-1.76558764185756,0,0,0,0,0,0,0,0,0,0,,0,,,,,0,3.4,3.4
2020,REG,00-0034753,M.Andrews,Mark Andrews,TE,TE,"https://static.www.nfl.com/image/private/f_auto,q_auto/league/cv7h66mkpoalli9wfdqp",14,BAL,0,0,0,0,0,0,0,0,0,0,0,0,,0,,,0,0,0,0,0,0,,0,58,88,701,7,2,0,899,182,37,36.7319537178289,0,0.779755283648498,0.246498599439776,0.281729865246004,0.566958804831867,0,112.1,170.1
2020,REG,00-0034764,M.Gallup,Michael Gallup,WR,WR,"https://static.www.nfl.com/image/private/f_auto,q_auto/league/tt9xpcg4x2z3osc1fcq6",16,DAL,0,0,0,0,0,0,0,0,0,0,0,0,,0,,,0,0,0,0,0,0,,0,59,105,843,5,0,0,1237,252,44,29.1730776439295,0,0.681487469684721,0.170178282009725,0.271390960947784,0.445241095678036,0,114.3,173.3
2020,REG,00-0034765,T.Smith,Tre'Quan Smith,WR,WR,"https://static.www.nfl.com/image/private/f_auto,q_auto/league/w0fqbjft1n3akkw7o6jc",13,NO,0,0,0,0,0,0,0,0,0,0,0,0,,0,,,1,3,0,0,0,0,-0.0426685948623344,0,34,50,448,4,1,0,450,135,22,24.3414254550966,0,0.995555555555556,0.116822429906542,0.172215843857635,0.295784735560158,0,69.1,103.1
2020,REG,00-0034766,C.Herndon,Christopher Herndon,TE,TE,"https://static.www.nfl.com/image/private/f_auto,q_auto/league/orypxaqv1ux3nbqssqqx",11,NYJ,0,0,0,0,0,0,0,0,0,0,0,0,,0,,,0,0,0,0,0,0,,0,31,45,287,3,2,2,308,128,17,1.71419318958138,0,0.931818181818182,0.135542168674699,0.112204007285975,0.28185605811223,0,42.7,73.7
2020,REG,00-0034771,M.Rudolph,Mason Rudolph,QB,QB,"https://static.www.nfl.com/image/private/f_auto,q_auto/league/d0e69hfidjqg8yb68nza",4,PIT,25,43,324,2,1,1,8,0,0,432,102,13,10.1921748814,0,0.75,0.105953587831504,7,-6,0,0,0,0,-7.59803209104575,0,0,0,0,0,0,0,0,0,0,,0,,,,,0,18.36,18.36
2020,REG,00-0034772,A.Callaway,Antonio Callaway,WR,WR,"https://static.www.nfl.com/image/private/f_auto,q_auto/league/qebxtrpadsvtqkgvfy2u",3,MIA,0,0,0,0,0,0,0,0,0,0,0,0,,0,,,0,0,0,0,0,0,,0,2,4,20,0,0,0,28,3,1,0.898361240047962,0,0.714285714285714,0.0327868852459016,0.0264650283553875,0.0677058477176237,0,2.0,4.0
2020,REG,00-0034775,C.Kirk,Christian Kirk,WR,WR,"https://static.www.nfl.com/image/private/f_auto,q_auto/league/ersmmtjmjlpsy9lmjvde",14,ARI,0,0,0,0,0,0,0,0,0,0,0,0,,0,,,2,3,0,0,0,1,1.7565628180746,0,48,79,621,6,0,0,935,175,30,11.2027811807231,0,0.664171122994652,0.162886597938144,0.244444444444444,0.415441008018328,0,98.4,146.4
2020,REG,00-0034777,D.Chark,D.J. Chark,WR,WR,"https://static.www.nfl.com/image/private/f_auto,q_auto/league/bn5lxiv1cyyidlhkth84",13,JAX,0,0,0,0,0,0,0,0,0,0,0,0,,0,,,0,0,0,0,0,0,,0,53,93,706,5,0,0,1300,165,37,10.8368730276785,0,0.543076923076923,0.197872340425532,0.344462109167992,0.537931987055892,0,100.6,153.6
2020,REG,00-0034788,J.Graham,Jaeden Graham,TE,TE,"https://static.www.nfl.com/image/private/f_auto,q_auto/league/fybmurkbrd7waa35tpc8",4,ATL,0,0,0,0,0,0,0,0,0,0,0,0,,0,,,0,0,0,0,0,0,,0,3,5,25,0,0,0,18,14,1,-0.0457352943485603,0,1.38888888888889,0.0354609929078014,0.0146579804560261,0.0634520756809204,0,2.5,5.5
2020,REG,00-0034791,N.Chubb,Nick Chubb,RB,RB,"https://static.www.nfl.com/image/private/f_auto,q_auto/league/a8ib0haur75wrhqrbtyo",12,CLE,0,0,0,0,0,0,0,0,0,0,0,0,,0,,,190,1067,12,1,1,56,16.9479747442529,0,16,18,150,0,0,0,49,133,6,4.85756322392263,0,3.06122448979592,0.0588235294117647,0.0210120068610635,0.102943698920391,0,191.7,207.7
2020,REG,00-0034796,L.Jackson,Lamar Jackson,QB,QB,"https://static.www.nfl.com/image/private/f_auto,q_auto/league/wj1fwvvkjaqztm56ybzu",15,BAL,242,376,2757,26,9,29,160,5,2,3248,1159,138,56.2954547383157,1,0.848830049261084,0.122131889865054,159,1005,7,5,2,56,39.973303514005,0,0,0,0,0,0,0,0,0,0,,0,,,,,0,332.78,332.78
2020,REG,00-0034798,D.Smythe,Durham Smythe,TE,TE,"https://static.www.nfl.com/image/private/f_auto,q_auto/league/bymp1mbuhxq4vbrwnof7",13,MIA,0,0,0,0,0,0,0,0,0,0,0,0,,0,,,0,0,0,0,0,0,,0,26,29,208,2,0,0,114,122,13,14.0188645468939,0,1.82456140350877,0.0653153153153153,0.0332458442694663,0.121245063961599,0,32.8,58.8
2020,REG,00-0034799,K.Ballage,Kalen Ballage,RB,RB,"https://static.www.nfl.com/image/private/f_auto,q_auto/league/zxxklmhekefz5gaaxqi0",11,LAC,0,0,0,0,0,0,0,0,0,0,0,0,,0,,,91,303,3,1,0,25,-4.69154246665849,0,29,37,166,0,0,0,-19,213,5,-3.58476108394098,0,-8.73684210526316,0.105413105413105,-0.0080338266384778,0.152495979472724,0,64.9,93.9
2020,REG,00-0034816,R.Jones,Ronald Jones,RB,RB,"https://static.www.nfl.com/image/private/f_auto,q_auto/league/juku3wy4sv0xwobxw7xp",14,TB,0,0,0,0,0,0,0,0,0,0,0,0,,0,,,192,978,7,0,0,48,4.8382812734344,0,28,42,165,1,2,2,37,157,2,-21.5102230552293,0,4.45945945945946,0.0867768595041322,0.0085273104401935,0.136134406564334,0,158.3,186.3
2020,REG,00-0034827,D.Moore,D.J. Moore,WR,WR,"https://static.www.nfl.com/image/private/f_auto,q_auto/league/fuhd1intilojmnbx7wjq",15,CAR,0,1,0,0,0,0,0,0,0,6,0,0,-0.408470925525762,0,0.0,,2,22,0,0,0,1,0.968956606579013,0,66,118,1193,4,0,0,1561,382,53,26.4850655426303,0,0.764253683536195,0.241803278688525,0.408959916164527,0.648976859347956,0,145.5,211.5
2020,REG,00-0034829,M.Gesicki,Mike Gesicki,TE,TE,"https://static.www.nfl.com/image/private/f_auto,q_auto/league/mpichyoi6vdnhb7qte6c",15,MIA,0,0,0,0,0,0,0,0,0,0,0,0,,0,,,0,0,0,0,0,0,,0,53,85,703,6,0,0,940,167,36,20.4213746730392,0,0.747872340425532,0.162835249042146,0.225961538461538,0.402425950486295,0,106.3,159.3
2020,REG,00-0034830,H.Hurst,Hayden Hurst,TE,TE,"https://static.www.nfl.com/image/private/f_auto,q_auto/league/evevkgcgy0suudtprryp",16,ATL,0,0,0,0,0,0,0,0,0,0,0,0,,0,,,0,0,0,0,0,0,,0,56,88,571,6,0,0,594,245,35,15.5960260290721,0,0.961279461279461,0.145454545454545,0.113597246127367,0.297699890470975,0,93.1,149.1
2020,REG,00-0034837,C.Ridley,Calvin Ridley,WR,WR,"https://static.www.nfl.com/image/private/f_auto,q_auto/league/jnknuowszoqaywqoopy7",15,ATL,0,0,0,0,0,0,0,0,0,0,0,0,,0,,,5,1,0,0,0,1,-2.77797056216514,0,90,143,1374,9,1,1,2052,275,65,49.9764961215032,1,0.669590643274854,0.250877192982456,0.41937461679951,0.669878021233341,0,191.5,281.5
2020,REG,00-0034838,R.Freeman,Royce Freeman,RB,RB,"https://static.www.nfl.com/image/private/f_auto,q_auto/league/omv74ajxzfk50f5te1mp",11,DEN,0,0,0,0,0,0,0,0,0,0,0,0,,0,,,35,170,0,0,0,10,-0.290129219767027,0,12,13,81,0,0,0,22,63,4,2.69970970479934,0,3.68181818181818,0.0451388888888889,0.0093023255813953,0.0742199612403101,0,25.1,37.1
2020,REG,00-0034844,S.Barkley,Saquon Barkley,RB,RB,"https://static.www.nfl.com/image/private/f_auto,q_auto/league/o8tlhps5u1tvnaaxlpjk",2,NYG,0,0,0,0,0,0,0,0,0,0,0,0,,0,,,19,34,0,0,0,1,-8.17507413669955,0,6,9,60,0,0,0,34,55,3,3.64131623820867,0,1.76470588235294,0.230769230769231,0.139917695473251,0.444096232985122,0,9.4,15.4
2020,REG,00-0034845,S.Michel,Sony Michel,RB,RB,"https://static.www.nfl.com/image/private/f_auto,q_auto/league/eydtwcqcaegkuwivq0ln",8,NE,0,0,0,0,0,0,0,0,0,0,0,0,,0,,,79,449,1,0,0,19,5.2220017867221,0,7,9,114,1,0,0,-2,110,5,8.75054169155192,0,-57.0,0.0529411764705882,-0.0023474178403755,0.0777685722176194,0,68.3,75.3
2020,REG,00-0034854,K.Hodge,KhaDarel Hodge,WR,WR,"https://static.www.nfl.com/image/private/f_auto,q_auto/league/rx0oqq7r3hwwdliira2q",7,CLE,0,0,0,0,0,0,0,0,0,0,0,0,,0,,,0,0,0,0,0,0,,0,11,17,180,0,0,0,278,23,11,10.4848422550422,0,0.647482014388489,0.101190476190476,0.199856218547807,0.291685067269179,0,18.0,29.0
2020,REG,00-0034855,B.Mayfield,Baker Mayfield,QB,QB,"https://static.www.nfl.com/image/private/f_auto,q_auto/league/haglbmidyaxtimhctzlp",16,CLE,305,486,3563,26,8,26,162,4,3,4135,1361,188,87.748140976197,1,0.861668681983071,0.138635586096883,54,165,1,3,1,18,-7.0096945227855,0,1,1,6,0,0,0,5,1,1,1.77058824489359,0,1.2,0.03125,0.0240384615384615,0.0637019230769231,0,247.62,248.62
2020,REG,00-0034857,J.Allen,Josh Allen,QB,QB,"https://static.www.nfl.com/image/private/f_auto,q_auto/league/ghmmndgjefpxziks7ntf",16,BUF,396,572,4544,37,10,26,159,5,2,4857,1871,228,169.854482947692,0,0.935556928144945,0.1896392930957,102,421,8,4,4,38,0.123873474005924,0,1,1,12,1,0,0,-5,17,1,2.29472383309621,0,0.0,0.0222222222222222,-0.0164473684210526,0.0218201754385965,0,395.06,396.06
2020,REG,00-0034860,D.Pettis,Dante Pettis,WR,WR,"https://static.www.nfl.com/image/private/f_auto,q_auto/league/j35nhxhisutf6pz38fzs",3,NYG,0,0,0,0,0,0,0,0,0,0,0,0,,0,,,0,0,0,0,0,0,,0,4,6,76,1,0,0,110,6,3,4.82420935866804,0,0.690909090909091,0.0612244897959184,0.12249443207127,0.177582837143766,0,13.6,17.6
2020,REG,00-0034869,S.Darnold,Sam Darnold,QB,QB,"https://static.www.nfl.com/image/private/f_auto,q_auto/league/whfsdoeusfuts9t4m6ex",12,NYJ,217,364,2208,9,11,35,234,4,2,2794,1155,109,-76.9631539423759,1,0.790264853256979,0.0143755596520687,37,217,2,0,0,13,12.5731740648043,0,0,0,0,0,0,0,0,0,0,,0,,,,,0,134.02,134.02
2020,REG,00-0034899,J.Wolford,John Wolford,QB,QB,"https://static.www.nfl.com/image/private/f_auto,q_auto/league/uxzgrelwi10vk4vbx7lc",1,LA,22,38,231,0,1,2,8,0,0,358,93,12,-3.34627308649614,0,0.645251396648045,0.06715008853561,6,56,0,0,0,4,7.07973306253552,0,0,0,0,0,0,0,0,0,0,,0,,,,,0,12.84,12.84
2020,REG,00-0034928,S.Sims,Steven Sims,WR,WR,"https://static.www.nfl.com/image/upload/f_auto,q_auto/league/lomie0vpvgt7kxel3rdr",11,WAS,0,0,0,0,0,0,0,0,0,0,0,0,,0,,,1,18,0,0,0,1,1.21876719570719,0,27,37,265,1,1,0,262,126,13,10.9049365944323,0,1.01145038167939,0.0915841584158416,0.100808003078107,0.207941839778437,0,34.3,61.3
2020,REG,00-0034955,B.Rypien,Brett Rypien,QB,QB,"https://static.www.nfl.com/image/private/f_auto,q_auto/league/dk9b6nlydrbexyyoknoi",2,DEN,27,40,295,2,4,1,0,1,0,346,82,12,-1.68559286098759,0,0.852601156069364,0.15757090487551,5,-5,0,0,0,0,-4.39208767510718,0,0,0,0,0,0,0,0,0,0,,0,,,,,0,11.3,11.3
2020,REG,00-0034960,J.Meyers,Jakobi Meyers,WR,WR,"https://static.www.nfl.com/image/private/f_auto,q_auto/league/lhfd2xsufgep72sfkacg",12,NE,2,2,43,2,0,0,0,0,0,37,6,2,5.63134234893369,0,1.16216216216216,,2,9,0,0,0,0,0.239403982879594,0,59,81,729,0,1,1,826,216,37,24.5666751621075,1,0.882566585956417,0.260450160771704,0.361804643013579,0.643938491267061,0,83.52,142.52
2020,REG,00-0034970,I.Smith,Irv Smith,TE,TE,"https://static.www.nfl.com/image/private/f_auto,q_auto/league/gvnnqr5kj0rtte3iw9mp",12,MIN,0,0,0,0,0,0,0,0,0,0,0,0,,0,,,0,0,0,0,0,0,,0,30,43,365,5,0,0,346,126,22,27.7898818410798,1,1.05491329479769,0.12463768115942,0.125544267053701,0.274837508676721,0,68.5,98.5
2020,REG,00-0034972,A.Mattison,Alexander Mattison,RB,RB,"https://static.www.nfl.com/image/private/f_auto,q_auto/league/kn3cwf59lqoyauoqmghm",13,MIN,0,0,0,0,0,0,0,0,0,0,0,0,,0,,,96,434,2,0,0,24,-7.24457121637533,0,13,15,125,1,0,0,41,108,5,8.09539050594322,0,3.04878048780488,0.0793650793650794,0.026468689477082,0.137575701681576,0,73.9,86.9
2020,REG,00-0034975,J.Hill,Justice Hill,RB,RB,"https://static.www.nfl.com/image/private/f_auto,q_auto/league/v9xufmbbfauthnlpxcrc",6,BAL,0,0,0,0,0,0,0,0,0,0,0,0,,0,,,12,60,0,0,0,2,-1.14620045418269,0,5,5,20,0,0,0,-7,27,0,-3.01606702344725,0,-2.85714285714286,0.0526315789473684,-0.0107858243451464,0.0713972913794502,0,8.0,13.0
2020,REG,00-0034981,F.Moreau,Foster Moreau,TE,TE,"https://static.www.nfl.com/image/private/f_auto,q_auto/league/cvxobozy7tbpgnxahes9",7,LV,0,0,0,0,0,0,0,0,0,0,0,0,,0,,,0,0,0,0,0,0,,0,7,9,140,2,0,0,109,51,5,10.175309042912,0,1.28440366972477,0.037344398340249,0.0718997361477573,0.106346412813804,0,26.0,33.0
2020,REG,00-0034983,H.Renfrow,Hunter Renfrow,WR,WR,"https://static.www.nfl.com/image/private/f_auto,q_auto/league/coqn2jxhmjhaut34aqiv",16,LV,0,0,0,0,0,0,0,0,0,0,0,0,,0,,,0,0,0,0,0,0,,0,56,77,656,2,1,1,547,338,32,27.7944486495966,0,1.19926873857404,0.147227533460803,0.124431301182894,0.30794321101923,0,75.6,131.6
2020,REG,00-0034988,K.Smith,Kaden Smith,TE,TE,"https://static.www.nfl.com/image/private/f_auto,q_auto/league/gbwycqfz69f3c3ozzt0g",13,NYG,0,0,0,0,0,0,0,0,0,0,0,0,,0,,,0,0,0,0,0,0,,0,18,21,112,0,0,0,41,89,8,6.10376514610834,0,2.73170731707317,0.0532994923857868,0.0135046113306983,0.089402466510169,0,11.2,29.2
2020,REG,00-0034995,D.Williams,Dexter Williams,RB,RB,"https://static.www.nfl.com/image/private/f_auto,q_auto/league/j13nyurtcej8pa7jg494",1,GB,0,0,0,0,0,0,0,0,0,0,0,0,,0,,,2,8,0,0,0,0,-0.262545087374747,0,0,0,0,0,0,0,0,0,0,,0,,,,,0,0.8,0.8
2020,REG,00-0035006,O.Johnson,Olabisi Johnson,WR,WR,"https://static.www.nfl.com/image/private/f_auto,q_auto/league/uzlf6ftfizmo32d9v0x5",8,MIN,0,0,0,0,0,0,0,0,0,0,0,0,,0,,,0,0,0,0,0,0,,0,14,19,189,0,0,0,215,49,9,3.5858397600241,1,0.87906976744186,0.0766129032258065,0.101319509896324,0.185843011766137,0,20.9,34.9
2020,REG,00-0035021,A.Dulin,Ashton Dulin,WR,WR,"https://static.www.nfl.com/image/private/f_auto,q_auto/league/jnaoemdbciiow7rcfzbu",7,IND,0,0,0,0,0,0,0,0,0,0,0,0,,0,,,2,11,0,0,0,0,0.0745351903606206,0,3,6,53,0,1,0,31,28,2,1.84357144142268,0,1.70967741935484,0.0340909090909091,0.0306930693069307,0.0726215121512151,0,6.4,9.4
2020,REG,00-0035022,P.Hart,Penny Hart,WR,WR,"https://static.www.nfl.com/image/private/f_auto,q_auto/league/x56attwx7uv6a8zbetsq",1,SEA,0,0,0,0,0,0,0,0,0,0,0,0,,0,,,1,19,0,0,0,1,1.1664477646118,0,1,1,3,0,0,0,-1,4,0,-0.204255594639108,0,0.0,0.03125,-0.0044052863436123,0.0437912995594714,0,2.2,3.2
2020,REG,00-0035039,S.Carlson,Stephen Carlson,TE,TE,"https://static.www.nfl.com/image/private/f_auto,q_auto/league/e2rc5cshox75gjo3fqvu",3,CLE,0,0,0,0,0,0,0,0,0,0,0,0,,0,,,0,0,0,0,0,0,,1,1,2,11,0,0,0,0,11,1,-1.0015393345966,0,0.0,0.032258064516129,,,0,3.1,4.1
2020,REG,00-0035040,D.Blough,David Blough,QB,QB,"https://static.www.nfl.com/image/private/f_auto,q_auto/league/enumsdgbnfykd6znzeck",1,DET,6,10,49,0,1,1,10,0,0,82,27,1,-9.72741845587734,0,0.597560975609756,0.0497655852384269,1,18,0,0,0,1,1.870511373505,0,0,0,0,0,0,0,0,0,0,,0,,,,,0,1.76,1.76
2020,REG,00-0035042,J.Gillan,Jamie Gillan,P,SPEC,"https://static.www.nfl.com/image/private/f_auto,q_auto/league/fhwbrytkidc2slpjlazg",1,CLE,0,0,0,0,0,0,0,0,0,0,0,0,,0,,,1,-2,0,1,1,0,-3.30216513085179,0,0,0,0,0,0,0,0,0,0,,0,,,,,0,-2.2,-2.2
2020,REG,00-0035099,K.Blasingame,Khari Blasingame,FB,RB,"https://static.www.nfl.com/image/private/f_auto,q_auto/league/w6upjqhddbjlnnqui819",5,TEN,0,0,0,0,0,0,0,0,0,0,0,0,,0,,,0,0,0,0,0,0,,0,4,5,39,0,0,0,5,34,2,2.03088498301804,0,7.8,0.0318471337579618,0.0062972292191435,0.0521787610903432,0,3.9,7.9
2020,REG,00-0035102,B.Dillon,Brandon Dillon,TE,TE,"https://static.www.nfl.com/image/private/f_auto,q_auto/league/cdfez6yy9dzvblsnc3ou",1,MIN,0,0,0,0,0,0,0,0,0,0,0,0,,0,,,0,0,0,0,0,0,,0,1,1,6,0,0,0,5,1,0,-0.377996272407472,0,1.2,0.0232558139534884,0.0141643059490085,0.0447987350945385,0,0.6,1.6
2020,REG,00-0035125,A.Ingold,Alec Ingold,FB,RB,"https://static.www.nfl.com/image/private/f_auto,q_auto/league/oxtyl1jrhudt3minnb83",11,LV,0,0,0,0,0,0,0,0,0,0,0,0,,0,,,3,4,0,0,0,2,0.102141264759402,0,12,17,110,1,0,0,76,88,9,6.38210732025672,0,1.44736842105263,0.0487106017191977,0.0314699792960663,0.0950948880860429,0,17.4,29.4
2020,REG,00-0035140,M.Hardman,Mecole Hardman,WR,WR,"https://static.www.nfl.com/image/upload/f_auto,q_auto/league/rzs2xd5j7o7lz1ivk5te",16,KC,0,0,0,0,0,0,0,0,0,0,0,0,,0,,,4,31,0,0,0,2,0.711437321675476,0,41,62,560,4,1,1,660,285,23,30.5739369324292,1,0.848484848484848,0.101472995090016,0.133333333333333,0.245542825968358,1,89.1,130.1
2020,REG,00-0035146,T.McSorley,Trace McSorley,QB,QB,"https://static.www.nfl.com/image/private/f_auto,q_auto/league/gfl6nhrkzshnhcsxfvqy",2,BAL,3,10,90,1,0,0,0,0,0,89,53,2,2.18455231783446,0,1.01123595505618,-0.0861313290014739,5,17,0,0,0,2,0.124383461661637,0,0,0,0,0,0,0,0,0,0,,0,,,,,0,9.3,9.3
2020,REG,00-0035148,D.Thompson,Darwin Thompson,RB,RB,"https://static.www.nfl.com/image/private/f_auto,q_auto/league/l1hcf7i4flghdacmhorc",5,KC,0,0,0,0,0,0,0,0,0,0,0,0,,0,,,27,97,1,1,1,7,-8.05915773063316,0,7,11,65,1,1,0,-29,88,3,1.01132483285619,0,-2.24137931034483,0.0670731707317073,-0.0617021276595745,0.0574182667358589,0,26.2,33.2
2020,REG,00-0035161,J.Lovett,John Lovett,QB,QB,"https://static.www.nfl.com/image/private/f_auto,q_auto/league/fvipxqujnb0t4bdy1ydz",1,GB,0,0,0,0,0,0,0,0,0,0,0,0,,0,,,3,6,0,0,0,0,-1.15452440653462,0,0,0,0,0,0,0,0,0,0,,0,,,,,0,0.6,0.6
2020,REG,00-0035181,D.Shepherd,Darrius Shepherd,WR,WR,"https://static.www.nfl.com/image/private/f_auto,q_auto/league/mxa4mlth6p0bf5pfg3so",6,GB,0,0,0,0,0,0,0,0,0,0,0,0,,0,,,0,0,0,0,0,0,,0,5,8,46,0,0,0,120,18,1,0.56658928032266,0,0.383333333333333,0.0408163265306122,0.0719856028794241,0.111614411811515,0,4.6,9.6
2020,REG,00-0035184,D.Ozigbo,Devine Ozigbo,RB,RB,"https://static.www.nfl.com/image/private/f_auto,q_auto/league/teht8fiw2mu5g8xmdoqm",4,JAX,0,0,0,0,0,0,0,0,0,0,0,0,,0,,,1,1,0,0,0,0,-0.391046609263867,0,9,9,42,0,0,0,3,39,3,-5.07495099288644,0,14.0,0.0620689655172414,0.0025041736227045,0.0948563698117552,0,4.3,13.3
2020,REG,00-0035187,A.Walter,Austin Walter,RB,RB,"https://static.www.nfl.com/image/private/f_auto,q_auto/league/ra41toaybxgxojhemusk",1,SF,0,0,0,0,0,0,0,0,0,0,0,0,,0,,,1,3,0,0,0,0,-0.214815466664732,0,1,1,27,0,0,0,-6,33,1,1.03164030937478,0,-4.5,0.0256410256410256,-0.0227272727272727,0.0225524475524476,0,3.0,4.0
2020,REG,00-0035190,A.Cole,A.J. Cole,P,SPEC,"https://static.www.nfl.com/image/private/f_auto,q_auto/league/f3vqfrvezpqrnujohxos",1,LV,0,0,0,0,0,0,0,0,0,0,0,0,,0,,,1,0,0,1,0,0,-0.556390310288407,0,0,0,0,0,0,0,0,0,0,,0,,,,,0,0.0,0.0
2020,REG,00-0035208,O.Zaccheaus,Olamide Zaccheaus,WR,WR,"https://static.www.nfl.com/image/private/f_auto,q_auto/league/dwtubzfv9kpr23znavl6",9,ATL,0,0,0,0,0,0,0,0,0,0,0,0,,0,,,1,0,0,0,0,0,-1.80253593646921,0,20,32,274,1,0,0,440,63,16,12.3405827204559,0,0.622727272727273,0.109965635738832,0.168582375478927,0.282956116443496,0,33.4,53.4
2020,REG,00-0035215,D.Harty,Deonte Harty,WR,WR,"https://static.www.nfl.com/image/private/f_auto,q_auto/league/h72iki8fggkee1n2jpg6",9,NO,0,0,0,0,0,0,0,0,0,0,0,0,,0,,,6,51,0,0,0,2,2.44893842813326,0,20,25,186,1,0,0,101,127,10,12.0966467381804,0,1.84158415841584,0.088339222614841,0.0656697009102731,0.178477624559453,0,29.7,49.7
2020,REG,00-0035216,D.Johnson,Diontae Johnson,WR,WR,"https://static.www.nfl.com/image/private/f_auto,q_auto/league/imoqxbyoluisz2tmoral",15,PIT,0,0,0,0,0,0,0,0,0,0,0,0,,0,,,3,15,0,0,0,0,0.419729315210134,0,88,144,923,7,1,0,1140,394,45,18.3952815098806,0,0.809649122807018,0.228934817170111,0.255605381165919,0.52232599257131,0,135.8,223.8
2020,REG,00-0035217,B.Snell,Benny Snell,RB,RB,"https://static.www.nfl.com/image/private/f_auto,q_auto/league/fo3ppnx6djkougdmpthf",15,PIT,0,0,0,0,0,0,0,0,0,0,0,0,,0,,,111,368,4,2,1,25,-29.8948237353179,0,10,14,61,0,0,0,-27,88,3,-5.01076934012282,0,-2.25925925925926,0.0590717299578059,-0.0180722891566265,0.0759569925270703,0,64.9,74.9
2020,REG,00-0035228,K.Murray,Kyler Murray,QB,QB,"https://static.www.nfl.com/image/private/f_auto,q_auto/league/ad68dbv2eqakttaqwppv",16,ARI,375,558,3971,26,12,27,176,4,4,4355,1743,205,33.8037936196895,0,0.911825487944891,0.115961527507836,133,819,11,5,0,52,43.9316951991853,0,0,0,0,0,0,0,0,0,0,,0,,,,,0,378.74,378.74
2020,REG,00-0035229,T.Hockenson,T.J. Hockenson,TE,TE,"https://static.www.nfl.com/image/private/f_auto,q_auto/league/exbnbnkgkhp9tlt10wig",16,DET,0,0,0,0,0,0,0,0,0,0,0,0,,0,,,1,0,0,1,1,0,-4.99289222119842,0,67,101,723,6,0,0,710,329,40,8.83443376419862,1,1.01830985915493,0.179715302491103,0.14516458801881,0.371188165349822,0,108.3,175.3
2020,REG,00-0035232,D.Haskins,Dwayne Haskins,QB,QB,"https://static.www.nfl.com/image/private/f_auto,q_auto/league/cctguuvjeglkuo1o6yvx",7,WAS,148,241,1439,5,7,20,141,5,3,1622,867,73,-39.5721505024556,0,0.887176325524044,-0.0040231089828902,20,46,1,1,0,6,0.977252353477525,0,0,0,0,0,0,0,0,0,0,,0,,,,,0,68.16,68.16
2020,REG,00-0035243,M.Sanders,Miles Sanders,RB,RB,"https://static.www.nfl.com/image/private/f_auto,q_auto/league/vzctez3oxwdttiyukq18",12,PHI,0,0,0,0,0,0,0,0,0,0,0,0,,0,,,164,867,6,4,2,39,-1.32222251631902,2,28,52,197,0,0,0,95,211,8,-19.2399473181365,0,2.07368421052632,0.122931442080378,0.0283666766198865,0.204253836754488,0,142.4,170.4
2020,REG,00-0035246,J.Arcega-Whiteside,J.J. Arcega-Whiteside,WR,WR,"https://static.www.nfl.com/image/private/f_auto,q_auto/league/ybukzc2rvl0mqfnn387e",5,PHI,0,0,0,0,0,0,0,0,0,0,0,0,,0,,,0,0,0,0,0,0,,0,4,8,85,0,0,0,121,11,4,-2.62896362043102,1,0.702479338842975,0.0430107526881721,0.0705539358600583,0.113903884134299,0,10.5,14.5
2020,REG,00-0035250,D.Singletary,Devin Singletary,RB,RB,"https://static.www.nfl.com/image/upload/f_auto,q_auto/league/ulczhsxmhnyrsyjfrhd5",16,BUF,0,0,0,0,0,0,0,0,0,0,0,0,,0,,,156,687,2,1,1,40,-14.0523468489799,0,38,50,269,0,0,0,51,269,8,0.488063597273208,0,5.27450980392157,0.0874125874125874,0.0107030430220357,0.138611011234306,0,105.6,143.6
2020,REG,00-0035259,T.Wesco,Trevon Wesco,TE,TE,"https://static.www.nfl.com/image/private/f_auto,q_auto/league/ptq3iidy6uyg3f31gjl5",2,NYJ,0,0,0,0,0,0,0,0,0,0,0,0,,0,,,1,0,0,0,0,0,-1.08906211447902,0,1,2,5,0,0,0,7,0,0,-0.245783035410568,0,0.714285714285714,0.0384615384615385,0.0153846153846154,0.0684615384615385,0,0.5,1.5
2020,REG,00-0035261,T.Pollard,Tony Pollard,RB,RB,"https://static.www.nfl.com/image/private/f_auto,q_auto/league/pqhmih6cdyb3yqfd1dmb",16,DAL,0,0,0,0,0,0,0,0,0,0,0,0,,0,,,101,435,4,0,0,23,-2.53819094132632,0,28,40,193,1,0,0,-14,232,9,-4.4683424374888,0,-13.7857142857143,0.068259385665529,-0.0037991858887381,0.0997296483761768,0,92.8,120.8
2020,REG,00-0035264,J.Stidham,Jarrett Stidham,QB,QB,"https://static.www.nfl.com/image/private/f_auto,q_auto/league/vzjrnfhb1p5n5x67zzx4",5,NE,22,44,256,2,3,4,21,0,0,268,174,12,-19.0695288592833,0,0.955223880597015,-0.0383963993143402,7,7,0,0,0,3,-4.47843750717584,0,0,0,0,0,0,0,0,0,0,,0,,,,,0,12.94,12.94
2020,REG,00-0035273,Q.Ollison,Qadree Ollison,RB,RB,"https://static.www.nfl.com/image/private/f_auto,q_auto/league/ifvzpr0bzxjwbpv0zpml",1,ATL,0,0,0,0,0,0,0,0,0,0,0,0,,0,,,1,3,0,0,0,1,0.733921036939137,0,0,0,0,0,0,0,0,0,0,,0,,,,,0,0.3,0.3
2020,REG,00-0035282,E.Stick,Easton Stick,QB,QB,"https://static.www.nfl.com/image/private/f_auto,q_auto/league/adipothxiewxmdsxaflp",1,LAC,1,1,4,0,0,0,0,0,0,0,4,0,-0.238974142121151,0,0.0,,1,-2,0,0,0,0,-1.07891225954518,0,0,0,0,0,0,0,0,0,0,,0,,,,,0,-0.04,-0.04
2020,REG,00-0035287,K.Johnson,KeeSean Johnson,WR,WR,"https://static.www.nfl.com/image/private/f_auto,q_auto/league/xevuoqg8h0chgypuqy8k",8,ARI,0,0,0,0,0,0,0,0,0,0,0,0,,0,,,0,0,0,0,0,0,,0,15,23,173,0,0,0,250,50,7,-2.48789049737388,0,0.692,0.0821428571428571,0.122010736944851,0.208621801575682,0,17.3,32.3
2020,REG,00-0035289,G.Minshew,Gardner Minshew,QB,QB,"https://static.www.nfl.com/image/private/f_auto,q_auto/league/gvv8ki5crxio2rxfwzng",9,JAX,216,327,2259,16,5,27,147,4,4,2558,1016,117,18.5691817708002,1,0.883111806098514,0.101637251052412,29,153,1,1,0,10,7.62418702095173,0,1,1,0,0,0,0,-8,8,0,-0.719744556117803,0,0.0,0.0227272727272727,-0.0191846522781775,0.0206616524961849,0,159.66,160.66
2020,REG,00-0035290,J.Johnson,Jaquan Johnson,FS,DB,"https://static.www.nfl.com/image/private/f_auto,q_auto/league/d83fqx8f4xboaay0iefs",1,BUF,1,1,13,0,0,0,0,0,0,10,3,1,3.11536745866761,0,1.3,,0,0,0,0,0,0,,0,0,0,0,0,0,0,0,0,0,,0,,,,,0,0.52,0.52
2020,REG,00-0035291,T.Williams,Trayveon Williams,RB,RB,"https://static.www.nfl.com/image/private/f_auto,q_auto/league/lwyipowl19fmjrfm37nd",6,CIN,0,0,0,0,0,0,0,0,0,0,0,0,,0,,,26,157,0,1,1,5,-14.4367344992352,0,5,5,30,0,0,0,-11,41,1,-0.41158047382487,0,-2.72727272727273,0.0588235294117647,-0.0214424951267057,0.0732255475289531,0,16.7,21.7
2020,REG,00-0035298,S.Miller,Scott Miller,WR,WR,"https://static.www.nfl.com/image/private/f_auto,q_auto/league/op0lagoypltubc9t61qu",14,TB,0,0,0,0,0,0,0,0,0,0,0,0,,0,,,3,14,0,0,0,0,0.299027513130568,0,33,53,501,3,0,0,840,109,20,14.0425617553278,0,0.596428571428571,0.102316602316602,0.176656151419558,0.277134209468594,0,69.5,102.5
2020,REG,00-0035304,C.Gillaspia,Cullen Gillaspia,FB,RB,"https://static.www.nfl.com/image/private/f_auto,q_auto/league/nalegoem45fmncudsllg",1,HOU,0,0,0,0,0,0,0,0,0,0,0,0,,0,,,0,0,0,0,0,0,,0,1,1,6,0,0,0,-2,8,0,-0.223516345722601,0,-3.0,0.037037037037037,-0.0070175438596491,0.0506432748538012,0,0.6,1.6
2020,REG,00-0035310,C.Cox,Chandler Cox,FB,RB,"https://static.www.nfl.com/image/private/f_auto,q_auto/league/gfoujc315g6dzntlqxnc",2,MIA,0,0,0,0,0,0,0,0,0,0,0,0,,0,,,0,0,0,0,0,0,,0,2,2,9,0,0,0,2,7,1,0.543198565021157,0,4.5,0.0277777777777778,0.0075471698113207,0.0469496855345912,0,0.9,2.9
2020,REG,00-0035311,M.Gaskin,Myles Gaskin,RB,RB,"https://static.www.nfl.com/image/private/f_auto,q_auto/league/ypsxp4e7apgqibr9edzy",10,MIA,0,0,0,0,0,0,0,0,0,0,0,0,,0,,,142,584,3,2,2,27,-24.411888719426,0,41,47,388,2,0,0,10,388,12,17.732159111077,0,38.8,0.134285714285714,0.004359197907585,0.204480009963881,0,123.2,164.2
2020,REG,00-0035313,T.Godwin,Terry Godwin,WR,WR,"https://static.www.nfl.com/image/private/f_auto,q_auto/league/gjydumzkxelrd5rziupn",2,JAX,0,0,0,0,0,0,0,0,0,0,0,0,,0,,,1,3,0,0,0,0,-0.425910909660161,0,3,6,32,0,0,0,70,3,2,-2.03441148868296,0,0.457142857142857,0.0810810810810811,0.143737166324435,0.222237638048726,0,3.5,6.5
2020,REG,00-0035327,C.Moore,C.J. Moore,FS,DB,"https://static.www.nfl.com/image/private/f_auto,q_auto/league/jsfetufrmzdqhxvwvcwq",1,DET,0,0,0,0,0,0,0,0,0,0,0,0,,0,,,1,3,0,0,0,0,-2.62905587709975,0,0,0,0,0,0,0,0,0,0,,0,,,,,0,0.3,0.3
2020,REG,00-0035329,D.Parham,Donald Parham,TE,TE,"https://static.www.nfl.com/image/private/f_auto,q_auto/league/a0edaf5rlkyc6syfvonz",10,LAC,0,0,0,0,0,0,0,0,0,0,0,0,,0,,,0,0,0,0,0,0,,0,10,20,159,3,0,0,175,56,8,2.58079188247211,0,0.908571428571429,0.0540540540540541,0.0680139914496697,0.12869087509585,0,33.9,43.9
2020,REG,00-0035341,T.Irwin,Trenton Irwin,WR,WR,"https://static.www.nfl.com/image/private/f_auto,q_auto/league/nx9e98gqxm1ov8z9rsn2",1,CIN,0,0,0,0,0,0,0,0,0,0,0,0,,0,,,0,0,0,0,0,0,,0,1,2,5,0,0,0,12,1,0,-0.8627662873182,0,0.416666666666667,0.0526315789473684,0.0364741641337386,0.10447928331467,0,0.5,1.5
2020,REG,00-0035342,P.Laird,Patrick Laird,RB,RB,"https://static.www.nfl.com/image/private/f_auto,q_auto/league/lhildzn90os4dmucczjw",9,MIA,0,0,0,0,0,0,0,0,0,0,0,0,,0,,,13,72,0,1,1,4,-0.413907149864826,0,10,12,68,0,0,0,31,40,3,-0.196284119816322,0,2.19354838709677,0.051948051948052,0.0164543524416136,0.0894401246312074,0,12.0,22.0
2020,REG,00-0035350,P.Williams,Preston Williams,WR,WR,"https://static.www.nfl.com/image/private/f_auto,q_auto/league/ycedbmymomppxkrh6gcc",8,MIA,0,0,0,0,0,0,0,0,0,0,0,0,,0,,,0,0,0,0,0,0,,0,18,35,288,4,0,0,508,42,14,4.10511067602333,2,0.566929133858268,0.142857142857143,0.269353128313892,0.402832904105439,0,56.8,74.8
2020,REG,00-0035406,L.Humphrey,Lil'Jordan Humphrey,WR,WR,"https://static.www.nfl.com/image/private/f_auto,q_auto/league/r58pqj96qunak08kld9u",2,NO,0,0,0,0,0,0,0,0,0,0,0,0,,0,,,0,0,0,0,0,0,,0,3,5,46,1,0,0,53,10,3,-1.96490744146286,0,0.867924528301887,0.0806451612903226,0.119638826185102,0.204714920265055,0,10.6,13.6
2020,REG,00-0035414,J.Guyton,Jalen Guyton,WR,WR,"https://static.www.nfl.com/image/private/f_auto,q_auto/league/etdpyuyxbaplhm0pwiqz",16,LAC,0,0,0,0,0,0,0,0,0,0,0,0,,0,,,2,0,0,0,0,0,-1.48941343056504,0,28,55,511,3,0,0,895,179,18,8.43567884394222,0,0.570949720670391,0.0900163666121113,0.193054357204487,0.270162599961308,0,69.1,97.1
2020,REG,00-0035457,T.Johnson,Tyron Johnson,WR,WR,"https://static.www.nfl.com/image/private/f_auto,q_auto/league/vrm7fxgx1p0cdabbo7ce",11,LAC,0,0,0,0,0,0,0,0,0,0,0,0,,0,,,3,17,0,0,0,0,0.287817000411451,0,20,26,398,3,0,0,534,59,15,29.3320425086131,0,0.745318352059925,0.0653266331658292,0.189160467587673,0.230402277060115,0,59.5,79.5
2020,REG,00-0035480,M.Taylor,Malik Taylor,WR,WR,"https://static.www.nfl.com/image/private/f_auto,q_auto/league/aupsoxtxtpv4fmgs4ttp",6,GB,0,0,0,0,0,0,0,0,0,0,0,0,,0,,,1,9,0,0,0,0,0.734224672429264,0,5,6,66,1,0,0,40,47,4,7.33595439329548,0,1.65,0.0357142857142857,0.0272479564032698,0.0726449980537174,0,13.5,18.5
2020,REG,00-0035510,J.Smith,Jeff Smith,WR,WR,"https://static.www.nfl.com/image/private/f_auto,q_auto/league/yfhldkiemkd3piauwjkt",8,NYJ,0,0,0,0,0,1,16,0,0,0,0,0,-1.92287705012131,0,,,0,0,0,0,0,0,,0,17,37,167,0,0,0,468,49,9,-10.7671008356954,0,0.356837606837607,0.154166666666667,0.198726114649682,0.370358280254777,0,16.7,33.7
2020,REG,00-0035527,A.Isabella,Andy Isabella,WR,WR,"https://static.www.nfl.com/image/private/f_auto,q_auto/league/s3repurenhwlyxci2sqy",11,ARI,0,0,0,0,0,0,0,0,0,0,0,0,,0,,,1,-6,0,0,0,0,-1.80324888206087,0,21,35,224,2,0,0,394,82,10,-13.5530598750643,0,0.568527918781726,0.0956284153005464,0.131552587646077,0.235529434303073,0,33.8,54.8
2020,REG,00-0035529,H.Butler,Hakeem Butler,WR,WR,"https://static.www.nfl.com/image/private/f_auto,q_auto/league/oghggusz6f5y52yoslzi",1,PHI,0,0,0,0,0,0,0,0,0,0,0,0,,0,,,0,0,0,0,0,0,,0,0,1,0,0,0,0,3,0,0,-2.63816357363248,0,0.0,0.024390243902439,0.008130081300813,0.0422764227642277,0,0.0,0.0
2020,REG,00-0035535,D.Slayton,Darius Slayton,WR,WR,"https://static.www.nfl.com/image/private/f_auto,q_auto/league/emmy86blz71njkcr496b",16,NYG,0,0,0,0,0,0,0,0,0,0,0,0,,0,,,2,-1,0,0,0,0,-1.54063396161655,0,50,96,751,3,1,1,1303,159,40,16.8469437324464,0,0.576362240982348,0.192,0.333162873945283,0.521214011761698,0,91.0,141.0
2020,REG,00-0035537,T.Johnson,Ty Johnson,RB,RB,"https://static.www.nfl.com/image/private/f_auto,q_auto/league/rnnicisnd8bqwheufiel",10,NYJ,0,0,0,0,0,0,0,0,0,0,0,0,,0,,,54,254,1,0,0,11,0.958975675719557,0,16,21,99,1,0,0,53,129,6,-3.10870548314415,0,1.86792452830189,0.0905172413793103,0.0264207377866401,0.154270378519614,0,47.3,63.3
2020,REG,00-0035539,I.Nauta,Isaac Nauta,TE,TE,"https://static.www.nfl.com/image/private/f_auto,q_auto/league/nr3byepe2tjg8v8iot3z",2,DET,0,0,0,0,0,0,0,0,0,0,0,0,,0,,,0,0,0,0,0,0,,0,1,2,3,0,0,0,3,0,0,-1.46471591934096,0,1.0,0.03125,0.0087976539589442,0.053033357771261,0,0.3,1.3
2020,REG,00-0035551,T.Brooks-James,Tony Brooks-James,RB,RB,"https://static.www.nfl.com/image/private/f_auto,q_auto/league/zn6yi45uu1wgpm8x08ph",1,ATL,0,0,0,0,0,0,0,0,0,0,0,0,,0,,,3,4,0,0,0,0,-2.39683015040453,0,0,0,0,0,0,0,0,0,0,,0,,,,,0,0.4,0.4
2020,REG,00-0035567,C.Reynolds,Craig Reynolds,RB,RB,"https://static.www.nfl.com/image/private/f_auto,q_auto/league/xrtk4bhx2jacwojihzor",1,JAX,0,0,0,0,0,0,0,0,0,0,0,0,,0,,,1,4,0,0,0,0,-0.185123185045086,0,1,1,3,0,0,0,1,2,0,-1.13143861456774,0,3.0,0.0277777777777778,0.0039682539682539,0.0444444444444444,0,0.7,1.7
2020,REG,00-0035590,R.Ridley,Riley Ridley,WR,WR,"https://static.www.nfl.com/image/private/f_auto,q_auto/league/r9fsvecapqc351xr2qie",2,CHI,0,0,0,0,0,0,0,0,0,0,0,0,,0,,,0,0,0,0,0,0,,0,4,4,39,0,0,0,36,3,3,4.77955688949442,0,1.08333333333333,0.043956043956044,0.0524781341107872,0.102668759811617,0,3.9,7.9
2020,REG,00-0035592,T.Fulgham,Travis Fulgham,WR,WR,"https://static.www.nfl.com/image/private/f_auto,q_auto/league/xe4kdnx9a9p9735nhwh5",12,PHI,0,0,0,0,0,0,0,0,0,0,0,0,,0,,,0,0,0,0,0,0,,0,38,67,539,4,0,0,803,100,26,23.9178906701793,0,0.671232876712329,0.16421568627451,0.210871848739496,0.393933823529412,0,77.9,115.9
2020,REG,00-0035594,T.Homer,Travis Homer,RB,RB,"https://static.www.nfl.com/image/private/f_auto,q_auto/league/chcoxgzursdqznkyffxe",9,SEA,0,0,0,0,0,0,0,0,0,0,0,0,,0,,,25,88,0,0,0,2,-9.89134638613905,0,9,10,90,1,0,0,2,92,4,3.81341830283649,0,45.0,0.0552486187845304,0.0015936254980079,0.0839884660254012,0,23.8,32.8
2020,REG,00-0035624,N.Harry,N'Keal Harry,WR,WR,"https://static.www.nfl.com/image/private/f_auto,q_auto/league/rtyhxwhkwczkl1g0pcin",13,NE,0,0,0,0,0,0,0,0,0,0,0,0,,0,,,2,0,0,0,0,0,-1.21479771495797,0,33,57,309,2,1,0,457,105,15,-5.77965451559985,0,0.676148796498906,0.164739884393064,0.189077368638808,0.379463984636761,0,42.9,75.9
2020,REG,00-0035628,D.Johnson,D'Ernest Johnson,RB,RB,"https://static.www.nfl.com/image/private/f_auto,q_auto/league/zq7xfjee4nyktfky1ofe",8,CLE,0,0,0,0,0,0,0,0,0,0,0,0,,0,,,33,166,0,1,0,7,-2.16477092609414,0,3,4,14,0,0,0,0,12,0,-0.940128476591781,0,0.0,0.0330578512396694,0.0,0.0495867768595041,0,18.0,21.0
2020,REG,00-0035631,D.Sample,Drew Sample,TE,TE,"https://static.www.nfl.com/image/private/f_auto,q_auto/league/tqvgozvbmckyaditwpbn",16,CIN,0,0,0,0,0,0,0,0,0,0,0,0,,0,,,0,0,0,0,0,0,,0,40,53,349,1,1,1,222,198,16,2.36305747169536,0,1.57207207207207,0.0936395759717314,0.0514007872192637,0.176439915011082,0,38.9,78.9
2020,REG,00-0035632,A.Hooker,Amani Hooker,FS,DB,"https://static.www.nfl.com/image/private/f_auto,q_auto/league/ihyabq1tepmjvd3wibjd",1,TEN,0,0,0,0,0,0,0,0,0,0,0,0,,0,,,1,4,0,0,0,1,2.55193363316357,0,0,0,0,0,0,0,0,0,0,,0,,,,,0,0.4,0.4
2020,REG,00-0035639,P.Campbell,Parris Campbell,WR,WR,"https://static.www.nfl.com/image/private/f_auto,q_auto/league/plnptpz1flhijayvb0qv",2,IND,0,0,0,0,0,0,0,0,0,0,0,0,,0,,,2,16,0,0,0,2,0.507388482335955,0,6,9,71,0,0,0,107,18,4,-0.544535634398926,0,0.663551401869159,0.195652173913043,0.370242214532872,0.552647811042576,0,8.7,14.7
2020,REG,00-0035640,D.Metcalf,DK Metcalf,WR,WR,"https://static.www.nfl.com/image/private/f_auto,q_auto/league/u4cefcz7gjvby8c2kdkm",16,SEA,0,0,0,0,0,0,0,0,0,0,0,0,,0,,,0,0,0,0,0,0,,0,83,129,1303,10,1,0,1768,363,63,59.3505344592928,0,0.736990950226244,0.240223463687151,0.393413440142412,0.635724603630415,0,190.3,273.3
2020,REG,00-0035644,N.Fant,Noah Fant,TE,TE,"https://static.www.nfl.com/image/private/f_auto,q_auto/league/w1gqasldrg3jumzdqjvy",14,DEN,0,0,0,0,0,0,0,0,0,0,0,0,,0,,,0,0,0,0,0,0,,0,62,93,673,3,0,0,626,377,34,10.5467879559658,1,1.07507987220447,0.192946058091286,0.144405997693195,0.390503285522166,0,87.3,149.3
2020,REG,00-0035645,G.Olszewski,Gunner Olszewski,WR,WR,"https://static.www.nfl.com/image/private/f_auto,q_auto/league/asw7wncrfj1rzeknctpd",6,NE,0,0,0,0,0,0,0,0,0,0,0,0,,0,,,5,23,0,0,0,1,-1.40233505738433,0,5,5,62,1,0,0,27,35,3,6.97662608424434,0,2.2962962962963,0.0416666666666667,0.0295081967213115,0.083155737704918,1,20.5,25.5
2020,REG,00-0035652,R.Finley,Ryan Finley,QB,QB,"https://static.www.nfl.com/image/private/f_auto,q_auto/league/vz8qctzxuap5nxbaw8ql",4,CIN,17,32,164,1,2,9,63,0,0,335,71,8,-24.1366241700348,0,0.48955223880597,0.0025280696604862,11,66,1,0,0,4,3.38065342295668,0,0,0,0,0,0,0,0,0,0,,0,,,,,0,19.16,19.16
2020,REG,00-0035657,D.Harris,Damien Harris,RB,RB,"https://static.www.nfl.com/image/private/f_auto,q_auto/league/s0cagglk6qh9ciuddjmu",10,NE,0,0,0,0,0,0,0,0,0,0,0,0,,0,,,137,691,2,1,0,30,6.07422472213511,0,5,7,52,0,0,0,-3,55,4,-9.21737210388528,0,-17.3333333333333,0.0534351145038168,-0.0034129692832764,0.0777635932574317,0,86.3,91.3
2020,REG,00-0035659,T.McLaurin,Terry McLaurin,WR,WR,"https://static.www.nfl.com/image/private/f_auto,q_auto/league/jpprw1itmmg5nhrdwony",15,WAS,0,0,0,0,0,0,0,0,0,0,0,0,,0,,,2,30,0,0,0,2,2.57896521675866,0,87,134,1118,4,1,1,1300,478,51,28.9844048219909,0,0.86,0.254752851711027,0.421530479896239,0.677200613493907,0,136.8,223.8
2020,REG,00-0035660,K.Warring,Kahale Warring,TE,TE,"https://static.www.nfl.com/image/private/f_auto,q_auto/league/adrvlvekklnb2zratimi",4,HOU,0,0,0,0,0,0,0,0,0,0,0,0,,0,,,0,0,0,0,0,0,,0,3,7,35,0,0,0,58,8,2,-1.81111305537632,0,0.603448275862069,0.0534351145038168,0.0444444444444444,0.111263782866836,0,3.5,6.5
2020,REG,00-0035662,M.Brown,Marquise Brown,WR,WR,"https://static.www.nfl.com/image/private/f_auto,q_auto/league/wgxeuyqliuweurzeigyh",16,BAL,0,0,0,0,0,0,0,0,0,0,0,0,,0,,,1,1,0,0,0,0,-0.634311495814472,0,58,100,769,8,0,0,1291,274,35,26.964474661814,0,0.595662277304415,0.255102040816327,0.377375036539024,0.646815586801806,0,125.0,183.0
2020,REG,00-0035664,D.Henderson,Darrell Henderson,RB,RB,"https://static.www.nfl.com/image/private/f_auto,q_auto/league/trvk8n0wjne7edxbajgw",15,LA,0,0,0,0,0,0,0,0,0,0,0,0,,0,,,138,624,5,0,0,40,2.73733880816144,0,16,24,155,1,0,0,16,156,8,-0.728189529041971,0,9.6875,0.0607594936708861,0.007366482504604,0.096295778259552,0,113.9,129.9
2020,REG,00-0035671,J.Sternberger,Jace Sternberger,TE,TE,"https://static.www.nfl.com/image/private/f_auto,q_auto/league/dhmgw6mercfkpyfh1mw8",8,GB,0,0,0,0,0,0,0,0,0,0,0,0,,0,,,0,0,0,0,0,0,,0,12,15,114,1,0,0,103,66,6,3.34202098084743,0,1.10679611650485,0.0561797752808989,0.0515257628814407,0.120337696938357,0,17.4,29.4
2020,REG,00-0035676,A.Brown,A.J. Brown,WR,WR,"https://static.www.nfl.com/image/private/f_auto,q_auto/league/a014sgzctarbvhwb35lw",14,TEN,0,0,0,0,0,0,0,0,0,0,0,0,,0,,,0,0,0,0,0,0,,0,70,106,1075,11,2,1,1150,432,55,65.5729433801343,0,0.934782608695652,0.257907542579075,0.347222222222222,0.629916869424169,1,177.5,247.5
2020,REG,00-0035685,D.Montgomery,David Montgomery,RB,RB,"https://static.www.nfl.com/image/private/f_auto,q_auto/league/grd20lxzonco9jyg3ful",15,CHI,0,0,0,0,0,0,0,0,0,0,0,0,,0,,,247,1070,8,0,0,59,-10.0653298022482,1,54,68,438,2,1,1,64,396,25,3.48622076828435,0,6.84375,0.119929453262787,0.0141906873614191,0.189827661047173,0,210.8,264.8
2020,REG,00-0035689,D.Knox,Dawson Knox,TE,TE,"https://static.www.nfl.com/image/private/f_auto,q_auto/league/objioqafpfrffs0ublne",11,BUF,0,0,0,0,0,0,0,0,0,0,0,0,,0,,,0,0,0,0,0,0,,0,24,44,288,3,2,2,360,160,14,-0.173812584774345,0,0.8,0.105263157894737,0.0996401882092444,0.227642868588576,0,42.8,66.8
2020,REG,00-0035700,J.Jacobs,Josh Jacobs,RB,RB,"https://static.www.nfl.com/image/private/f_auto,q_auto/league/sagoqkubeaz5yht01ow7",15,LV,0,0,0,0,0,0,0,0,0,0,0,0,,0,,,273,1065,12,2,2,61,-33.041068762385,0,33,45,238,0,0,0,33,238,9,0.261280223505531,0,7.21212121212121,0.0943396226415094,0.0103286384976526,0.148739480910621,0,198.3,231.3
2020,REG,00-0035703,M.Boykin,Miles Boykin,WR,WR,"https://static.www.nfl.com/image/private/f_auto,q_auto/league/khsjozu6q2xl8j6iq69x",13,BAL,0,0,0,0,0,0,0,0,0,0,0,0,,0,,,0,0,0,0,0,0,,0,19,33,266,4,0,0,383,80,14,10.527551760352,0,0.694516971279373,0.105769230769231,0.139374090247453,0.256215709327063,0,50.6,69.6
2020,REG,00-0035704,D.Lock,Drew Lock,QB,QB,"https://static.www.nfl.com/image/private/f_auto,q_auto/league/ca13jf9qaaosixobsdb0",13,DEN,254,443,2933,16,15,19,123,4,3,3908,1394,145,-33.7188746651063,1,0.750511770726714,0.0236088899503518,44,160,3,4,0,13,1.36221411917342,0,0,0,0,0,0,0,0,0,0,,0,,,,,0,181.32,181.32
2020,REG,00-0035710,D.Jones,Daniel Jones,QB,QB,"https://static.www.nfl.com/image/private/f_auto,q_auto/league/zrhniboizqpxtdyz6gez",14,NYG,280,448,2943,11,10,45,286,8,4,3402,1114,158,-23.4806888791548,1,0.865079365079365,0.0348642183387168,65,423,1,3,2,17,-0.770125976849184,0,0,0,0,0,0,0,0,0,0,,0,,,,,0,180.02,180.02
2020,REG,00-0035719,D.Samuel,Deebo Samuel,WR,WR,"https://static.www.nfl.com/image/private/f_auto,q_auto/league/ciwaktyqewczcquks4wy",7,SF,0,0,0,0,0,0,0,0,0,0,0,0,,0,,,8,26,0,0,0,1,-1.63054250802772,0,33,44,391,1,0,0,110,398,19,10.135529013467,0,3.55454545454545,0.213592233009709,0.0848765432098766,0.379801929761477,0,47.7,80.7
2020,REG,00-0035726,J.Johnson,Jakob Johnson,FB,RB,"https://static.www.nfl.com/image/private/f_auto,q_auto/league/wkfev7wnnwphmdemhysa",7,NE,0,0,0,0,0,0,0,0,0,0,0,0,,0,,,0,0,0,0,0,0,,0,8,9,35,1,1,0,15,20,3,1.66421155721764,0,2.33333333333333,0.0473684210526316,0.0124069478908189,0.0797374951025206,0,9.5,17.5
2020,REG,00-0035752,C.Streveler,Chris Streveler,QB,QB,"https://static.www.nfl.com/image/private/f_auto,q_auto/league/epyvfplm9neqqvzsj2q8",2,ARI,11,16,105,1,1,2,10,1,0,106,98,5,-13.4181053983921,0,0.990566037735849,0.0185483918056664,4,15,0,0,0,2,0.968356810684782,0,0,0,0,0,0,0,0,0,0,,0,,,,,0,7.7,7.7
2020,REG,00-0035806,J.Hasty,Jamycal Hasty,RB,RB,"https://static.www.nfl.com/image/private/f_auto,q_auto/league/cny5zdqbqkimr4ypua1x",6,SF,0,0,0,0,0,0,0,0,0,0,0,0,,0,,,39,148,1,1,0,7,0.030205448740162,0,7,8,33,0,0,0,-19,47,0,-2.03875852545025,0,-1.73684210526316,0.0390243902439024,-0.0177570093457944,0.0461066788237976,0,24.1,31.1
2020,REG,00-0035823,B.Ellefson,Ben Ellefson,TE,TE,"https://static.www.nfl.com/image/private/f_auto,q_auto/league/obeiese68connhihpmln",3,JAX,0,0,0,0,0,0,0,0,0,0,0,0,,0,,,0,0,0,0,0,0,,0,1,4,10,0,0,0,45,3,1,-3.18243761407211,1,0.222222222222222,0.0606060606060606,0.0677710843373494,0.138348849945235,0,3.0,4.0
2020,REG,00-0035831,J.Robinson,James Robinson,RB,RB,"https://static.www.nfl.com/image/private/f_auto,q_auto/league/ljncffeh5fst4r98izx3",14,JAX,0,0,0,0,0,1,4,1,1,0,0,0,-4.40899270621594,0,,,240,1070,7,1,0,54,-13.3601101763779,1,49,60,344,3,1,0,-49,383,15,8.38715255563147,0,-7.02040816326531,0.117878192534381,-0.0116917203531377,0.168633084554375,0,201.4,250.4
2020,REG,00-0035848,D.Harris,DeMichael Harris,WR,WR,"https://static.www.nfl.com/image/private/f_auto,q_auto/league/mrren8m5euy8x1amvqus",6,IND,0,0,0,0,0,0,0,0,0,0,0,0,,0,,,6,46,0,0,0,3,-0.636721824354027,0,10,10,79,0,0,0,16,63,3,4.22885628970107,0,4.9375,0.0512820512820513,0.0149953139643861,0.0874197966981472,0,12.5,22.5
2020,REG,00-0035860,T.Jones,Tony Jones,RB,RB,"https://static.www.nfl.com/image/private/f_auto,q_auto/league/cgvll8lokulmws98olfa",1,NO,0,0,0,0,0,0,0,0,0,0,0,0,,0,,,3,13,0,0,0,1,0.428658375283703,0,0,0,0,0,0,0,0,0,0,,0,,,,,0,1.3,1.3
2020,REG,00-0035864,K.Hinton,Kendall Hinton,WR,WR,"https://static.www.nfl.com/image/private/f_auto,q_auto/league/emvbhstqosvayr6dm2jp",1,DEN,1,9,13,0,2,1,1,0,0,134,16,1,-11.9305392210954,0,0.0970149253731343,-0.128962725029038,2,7,0,0,0,0,-1.40861896623392,0,0,0,0,0,0,0,0,0,0,,0,,,,,0,-2.78,-2.78
2020,REG,00-0035869,A.Mack,Austin Mack,WR,WR,"https://static.www.nfl.com/image/private/f_auto,q_auto/league/qk5juh2luljb99zduv7w",5,NYG,0,0,0,0,0,0,0,0,0,0,0,0,,0,,,0,0,0,0,0,0,,0,7,11,91,0,0,0,91,37,5,4.93448755408392,0,1.0,0.0758620689655172,0.0760869565217391,0.167053973013493,0,9.1,16.1
2020,REG,00-0035889,T.Townsend,Tommy Townsend,P,SPEC,"https://static.www.nfl.com/image/private/f_auto,q_auto/league/asclkymeaanhtmq8xk4m",1,KC,1,1,13,0,0,0,0,0,0,6,7,1,3.45301585749257,0,2.16666666666667,,0,0,0,0,0,0,,0,0,0,0,0,0,0,0,0,0,,0,,,,,0,0.52,0.52
2020,REG,00-0035908,G.Nabers,Gabe Nabers,FB,RB,"https://static.www.nfl.com/image/private/f_auto,q_auto/league/dbxerjvfk8aqe26t0eny",8,LAC,0,0,0,0,0,0,0,0,0,0,0,0,,0,,,2,7,0,0,0,1,0.139693085802719,0,5,7,25,2,0,0,6,23,2,1.10549081642456,0,4.16666666666667,0.0286885245901639,0.003062787136294,0.0451767378806517,0,15.2,20.2
2020,REG,00-0035912,L.Bellamy,LeVante Bellamy,RB,RB,"https://static.www.nfl.com/image/private/f_auto,q_auto/league/cp6swcvzcfe3zwpoymke",2,DEN,0,0,0,0,0,0,0,0,0,0,0,0,,0,,,4,11,0,0,0,0,-0.958870233269408,0,1,1,5,0,0,0,0,5,0,-0.856522758258507,0,0.0,0.0232558139534884,,,0,1.6,2.6
2020,REG,00-0035924,J.Ward,Jonathan Ward,RB,RB,"https://static.www.nfl.com/image/private/f_auto,q_auto/league/ur55zjwwzascteb782vf",1,ARI,0,0,0,0,0,0,0,0,0,0,0,0,,0,,,0,0,0,0,0,0,,0,1,1,11,1,0,0,-4,15,1,2.20048037706874,0,-2.75,0.037037037037037,-0.0187793427230047,0.0424100156494523,0,7.1,8.1
2020,REG,00-0035950,M.Hartsfield,Myles Hartsfield,FS,DB,"https://static.www.nfl.com/image/private/f_auto,q_auto/league/gk1w1temj96w6wmgyy5x",1,CAR,0,0,0,0,0,0,0,0,0,0,0,0,,0,,,2,2,0,0,0,0,-1.16238414519466,0,0,0,0,0,0,0,0,0,0,,0,,,,,0,0.2,0.2
2020,REG,00-0035957,R.Smith,Rodney Smith,RB,RB,"https://static.www.nfl.com/image/private/f_auto,q_auto/league/xd2tfhcsbxeokt2bisun",7,CAR,0,0,0,0,0,0,0,0,0,0,0,0,,0,,,41,156,1,1,0,14,2.070764141361,0,9,11,59,0,0,0,16,46,1,-1.75732955808053,0,3.6875,0.0558375634517767,0.0126482213438735,0.0926101001183764,0,27.5,36.5
2020,REG,00-0035993,T.Huntley,Tyler Huntley,QB,QB,"https://static.www.nfl.com/image/private/f_auto,q_auto/league/baup3eqjtmxnygrzbf61",2,BAL,3,5,15,0,0,0,0,0,0,62,10,0,-3.53317665681243,0,0.241935483870968,0.0457211647576647,10,23,0,1,0,1,-5.94339033280266,0,0,0,0,0,0,0,0,0,0,,0,,,,,0,2.9,2.9
2020,REG,00-0036000,A.Killins,Adrian Killins,RB,RB,"https://static.www.nfl.com/image/private/f_auto,q_auto/league/ip1zbhwbowhy8zkqzmng",1,PHI,0,0,0,0,0,0,0,0,0,0,0,0,,0,,,1,-12,0,0,0,0,-1.77500831196085,0,1,1,2,0,0,0,-4,6,0,-0.268913462059572,0,-0.5,0.0384615384615385,-0.0263157894736842,0.0392712550607287,0,-1.0,0.0
2020,REG,00-0036005,N.Togiai,Noah Togiai,TE,TE,"https://static.www.nfl.com/image/private/f_auto,q_auto/league/evxzsdrwsxqg5jobzl0r",1,IND,0,0,0,0,0,0,0,0,0,0,0,0,,0,,,0,0,0,0,0,0,,0,0,1,0,0,0,0,3,0,0,-1.17798682348803,0,0.0,0.04,0.020979020979021,0.0746853146853147,0,0.0,0.0
2020,REG,00-0036008,H.Bryant,Hunter Bryant,TE,TE,"https://static.www.nfl.com/image/private/f_auto,q_auto/league/agkex6nzvopiv5he5eqi",2,DET,0,0,0,0,0,0,0,0,0,0,0,0,,0,,,0,0,0,0,0,0,,0,1,3,44,0,0,0,67,12,1,1.65834529325366,0,0.656716417910448,0.0441176470588235,0.0841708542713568,0.125096068578185,0,4.4,5.4
2020,REG,00-0036020,S.Ahmed,Salvon Ahmed,RB,RB,"https://static.www.nfl.com/image/private/f_auto,q_auto/league/ggkz2vamnepagqfn992j",6,MIA,0,0,0,0,0,0,0,0,0,0,0,0,,0,,,75,319,3,0,0,18,-2.73337946926564,0,11,14,61,0,0,0,-7,71,2,-3.23345935379621,1,-8.71428571428571,0.0782122905027933,-0.0052710843373494,0.113628676718045,0,58.0,69.0
2020,REG,00-0036040,J.Johnson,Juwan Johnson,TE,TE,"https://static.www.nfl.com/image/private/f_auto,q_auto/league/kew8v8rgrtbefvnxpl0a",5,NO,0,0,0,0,0,0,0,0,0,0,0,0,,0,,,0,0,0,0,0,0,,0,4,10,39,0,0,0,73,20,3,-3.97536330513045,0,0.534246575342466,0.0595238095238095,0.0645446507515473,0.134466969811797,0,3.9,7.9
2020,REG,00-0036069,S.Phillips,Scottie Phillips,RB,RB,"https://static.www.nfl.com/image/private/f_auto,q_auto/league/wa1jecqwos8s5mslgvqk",1,HOU,0,0,0,0,0,0,0,0,0,0,0,0,,0,,,2,9,0,0,0,0,-0.0085277389734983,0,1,1,7,0,0,0,3,4,0,0.603047332668211,0,2.33333333333333,0.0263157894736842,0.0102389078498294,0.0466409197054069,0,1.6,2.6
2020,REG,00-0036096,J.Taylor,J.J. Taylor,RB,RB,"https://static.www.nfl.com/image/private/f_auto,q_auto/league/iscorpkxfwtgcmgvmaem",5,NE,0,0,0,0,0,0,0,0,0,0,0,0,,0,,,23,110,0,0,0,5,2.00400807667756,0,1,2,4,0,0,0,-7,8,0,-0.837349359178916,0,-0.571428571428571,0.0425531914893617,-0.0304347826086957,0.0425254394079556,0,11.4,12.4
2020,REG,00-0036100,I.Zuber,Isaiah Zuber,WR,WR,"https://static.www.nfl.com/image/private/f_auto,q_auto/league/fnnnosvydm195mhksb4s",4,NE,0,0,0,0,0,0,0,0,0,0,0,0,,0,,,2,21,0,0,0,2,1.52422447892604,0,2,2,29,0,0,0,-1,30,1,1.06446036486886,0,0.0,0.04,-0.0035460992907801,0.0575177304964539,0,5.0,7.0
2020,REG,00-0036110,J.Bradley,Ja'Marcus Bradley,WR,WR,"https://static.www.nfl.com/image/private/f_auto,q_auto/league/zt4nt4auwksfvxfclbwk",1,CLE,0,0,0,0,0,0,0,0,0,0,0,0,,0,,,0,0,0,0,0,0,,0,5,11,60,0,0,0,126,11,2,1.04283642699011,0,0.476190476190476,0.22,0.314214463840399,0.549950124688279,0,6.0,11.0
2020,REG,00-0036133,J.Proche,James Proche,WR,WR,"https://static.www.nfl.com/image/private/f_auto,q_auto/league/atwsw7e4yg74tnl9pd4m",3,BAL,0,0,0,0,0,0,0,0,0,0,0,0,,0,,,0,0,0,0,0,0,,0,1,3,14,0,0,0,12,8,1,-11.3611218447331,0,1.16666666666667,0.0416666666666667,0.0190174326465927,0.0758122028526149,0,1.4,2.4
2020,REG,00-0036139,R.Dowdle,Rico Dowdle,RB,RB,"https://static.www.nfl.com/image/private/f_auto,q_auto/league/h9zb1ebv4vg5436gmgsf",2,DAL,0,0,0,0,0,0,0,0,0,0,0,0,,0,,,7,24,0,0,0,1,-2.50756129290676,0,0,0,0,0,0,0,0,0,0,,0,,,,,0,2.4,2.4
2020,REG,00-0036142,I.Wright,Isaiah Wright,WR,WR,"https://static.www.nfl.com/image/private/f_auto,q_auto/league/ndgmtw52eaxjpuyfue4m",11,WAS,0,1,0,0,0,0,0,0,0,-3,0,0,-0.559791103703901,0,0.0,,3,16,0,0,0,0,0.187445182935335,0,27,35,197,0,0,0,136,143,10,0.922653672330017,0,1.44852941176471,0.0802752293577982,0.0536912751677852,0.157996736654147,0,21.3,48.3
2020,REG,00-0036145,L.Cager,Lawrence Cager,TE,TE,"https://static.www.nfl.com/image/private/f_auto,q_auto/league/cpp66fc1nu5bnbj5padq",2,NYJ,0,0,0,0,0,0,0,0,0,0,0,0,,0,,,0,0,0,0,0,0,,0,2,6,35,0,0,0,84,14,2,-13.1823312494089,0,0.416666666666667,0.0869565217391304,0.140233722871452,0.228598388618712,0,3.5,5.5
2020,REG,00-0036158,J.Dobbins,J.K. Dobbins,RB,RB,"https://static.www.nfl.com/image/private/f_auto,q_auto/league/rbp5kcbx7xqlqwqjvfrw",15,BAL,0,0,0,0,0,0,0,0,0,0,0,0,,0,,,134,805,9,2,0,38,26.0922052969723,1,18,24,120,0,0,0,0,129,4,0.197716577474383,1,0.0,0.0816326530612245,0.0,0.122448979591837,0,150.5,168.5
2020,REG,00-0036171,A.Brewer,Aaron Brewer,G,OL,"https://static.www.nfl.com/image/private/f_auto,q_auto/league/qvvejjzzq2qx7vcp74xs",1,TEN,0,0,0,0,0,0,0,0,0,0,0,0,,0,,,0,0,0,0,0,0,,0,0,1,0,0,0,0,3,0,0,-1.749491202645,0,0.0,0.0238095238095238,0.0068649885583524,0.0405197777051324,0,0.0,0.0
2020,REG,00-0036182,N.Westbrook-Ikhine,Nick Westbrook-Ikhine,WR,WR,"https://static.www.nfl.com/image/private/f_auto,q_auto/league/orgr5wnkiabp4s03aqj3",8,TEN,0,0,0,0,0,0,0,0,0,0,0,0,,0,,,0,0,0,0,0,0,,0,3,8,33,0,0,0,82,5,3,-2.93116010859376,1,0.402439024390244,0.041025641025641,0.0501835985312118,0.0966669805103098,0,5.3,8.3
2020,REG,00-0036187,R.Gilliam,Reggie Gilliam,FB,RB,"https://static.www.nfl.com/image/private/f_auto,q_auto/league/rxvaq2aatizc3zgu6mpf",2,BUF,0,0,0,0,0,0,0,0,0,0,0,0,,0,,,0,0,0,0,0,0,,0,2,2,16,1,0,0,8,8,2,1.62533589854138,0,2.0,0.0263157894736842,0.0125588697017268,0.0482648930017351,0,7.6,9.6
2020,REG,00-0036188,A.Williams,Antonio Williams,RB,RB,"https://static.www.nfl.com/image/private/f_auto,q_auto/league/lrv5bhws8lzbwqernv6s",1,BUF,0,0,0,0,0,0,0,0,0,0,0,0,,0,,,12,63,2,0,0,4,2.23197842366062,0,1,1,20,0,0,0,4,16,1,1.48158319439972,0,5.0,0.027027027027027,0.008714596949891,0.0466407584054643,0,20.3,21.3
2020,REG,00-0036194,D.Asiasi,Devin Asiasi,TE,TE,"https://static.www.nfl.com/image/private/f_auto,q_auto/league/ag0lglz7kkq6d29iqxl8",4,NE,0,0,0,0,0,0,0,0,0,0,0,0,,0,,,0,0,0,0,0,0,,0,2,7,39,1,0,0,67,6,2,-2.91143363341689,0,0.582089552238806,0.0729166666666667,0.0925414364640884,0.174154005524862,0,9.9,11.9
2020,REG,00-0036196,G.Davis,Gabe Davis,WR,WR,"https://static.www.nfl.com/image/private/f_auto,q_auto/league/q5ofnb6w7gokbggfmbxp",16,BUF,0,0,0,0,0,0,0,0,0,0,0,0,,0,,,1,0,0,0,0,0,-0.742758334381506,0,35,62,599,7,1,0,945,131,27,13.3581688018575,0,0.633862433862434,0.108391608391608,0.189987937273824,0.295578968679089,0,101.9,136.9
2020,REG,00-0036208,A.Pierce,Artavis Pierce,RB,RB,"https://static.www.nfl.com/image/private/f_auto,q_auto/league/yyb62mnfyphbutq3hpy7",3,CHI,0,0,0,0,0,0,0,0,0,0,0,0,,0,,,6,34,1,0,0,2,0.587064654100686,0,0,0,0,0,0,0,0,0,0,,0,,,,,0,9.4,9.4
2020,REG,00-0036212,T.Tagovailoa,Tua Tagovailoa,QB,QB,"https://static.www.nfl.com/image/private/f_auto,q_auto/league/dyrrl1knhcxqjwuvhcwm",10,MIA,186,290,1814,11,5,20,136,1,1,2175,766,100,-13.5101892468848,1,0.834022988505747,0.0545885289889802,36,109,3,0,0,13,2.23704038801952,0,0,0,0,0,0,0,0,0,0,,0,,,,,0,135.46,135.46
2020,REG,00-0036219,M.Callaway,Marquez Callaway,WR,WR,"https://static.www.nfl.com/image/private/f_auto,q_auto/league/qawwd0bzkayojoios5rh",6,NO,0,0,0,0,0,0,0,0,0,0,0,0,,0,,,0,0,0,0,0,0,,0,21,27,213,0,0,0,226,58,10,10.6385972455022,0,0.942477876106195,0.136363636363636,0.164005805515239,0.319349518406122,0,21.3,42.3
2020,REG,00-0036222,I.Rodgers,Isaiah Rodgers,CB,DB,"https://static.www.nfl.com/image/upload/f_auto,q_auto/league/uvhbvswoyc0d8stga7ji",1,IND,0,0,0,0,0,0,0,0,0,0,0,0,,0,,,0,0,0,0,0,0,,0,0,0,0,0,0,0,0,0,0,,0,,,,,1,6.0,6.0
2020,REG,00-0036223,J.Taylor,Jonathan Taylor,RB,RB,"https://static.www.nfl.com/image/private/f_auto,q_auto/league/xt7jhqpyb4may7k5kedb",15,IND,0,0,0,0,0,0,0,0,0,0,0,0,,0,,,232,1169,11,1,1,69,14.9609172640823,0,36,39,299,1,0,0,-44,362,12,13.2376435375617,0,-6.79545454545455,0.0849673202614379,-0.0153417015341702,0.116711789318238,0,216.8,252.8
2020,REG,00-0036225,D.Keene,Dalton Keene,TE,TE,"https://static.www.nfl.com/image/private/f_auto,q_auto/league/x1iwttpak1vva5enthfc",3,NE,0,0,0,0,0,0,0,0,0,0,0,0,,0,,,0,0,0,0,0,0,,0,3,5,16,0,1,0,44,1,0,-1.67830724961829,0,0.363636363636364,0.0649350649350649,0.0726072607260726,0.148227679910848,0,1.6,4.6
2020,REG,00-0036232,H.Bryant,Harrison Bryant,TE,TE,"https://static.www.nfl.com/image/private/f_auto,q_auto/league/rqva2z0by1veklpxnzis",12,CLE,0,0,0,0,0,0,0,0,0,0,0,0,,0,,,0,0,0,0,0,0,,0,24,38,238,3,2,2,294,117,14,-10.2554756099959,0,0.80952380952381,0.102150537634409,0.0923366834170854,0.217861484843573,0,37.8,61.8
2020,REG,00-0036233,D.Peoples-Jones,Donovan Peoples-Jones,WR,WR,"https://static.www.nfl.com/image/upload/f_auto,q_auto/league/ffxbk2amwghaamfpjbmf",7,CLE,0,0,0,0,0,0,0,0,0,0,0,0,,0,,,0,0,0,0,0,0,,0,14,20,304,2,0,0,344,77,10,18.9151590815163,1,0.883720930232558,0.0975609756097561,0.205250596658711,0.290016881075732,0,44.4,58.4
2020,REG,00-0036244,C.Parkinson,Colby Parkinson,TE,TE,"https://static.www.nfl.com/image/private/f_auto,q_auto/league/s76r1d343ld1a3jxhh3g",1,SEA,0,0,0,0,0,0,0,0,0,0,0,0,,0,,,0,0,0,0,0,0,,0,2,2,16,0,0,0,11,5,2,2.42082527274033,0,1.45454545454545,0.0625,0.0484581497797357,0.127670704845815,0,1.6,3.6
2020,REG,00-0036245,M.Perry,Malcolm Perry,RB,RB,"https://static.www.nfl.com/image/private/f_auto,q_auto/league/eni8pcqq0hvcat9cvirr",8,MIA,0,0,0,0,0,0,0,0,0,0,0,0,,0,,,3,5,0,0,0,1,-0.933582543919329,0,9,13,92,1,0,0,114,33,4,5.15808683988871,0,0.807017543859649,0.0513833992094862,0.0540028422548555,0.114877088392628,0,15.7,24.7
2020,REG,00-0036247,F.Swain,Freddie Swain,WR,WR,"https://static.www.nfl.com/image/private/f_auto,q_auto/league/paillx42r0zfukevnrw6",12,SEA,0,0,0,0,0,0,0,0,0,0,0,0,,0,,,0,0,0,0,0,0,,0,13,21,159,2,0,0,225,101,6,4.55937678609902,0,0.706666666666667,0.0506024096385542,0.0636672325976231,0.120470677276167,0,27.9,40.9
2020,REG,00-0036250,T.Davis,Tyler Davis,TE,TE,"https://static.www.nfl.com/image/private/f_auto,q_auto/league/v8s9gur5bhkbka624x0n",1,JAX,0,0,0,0,0,0,0,0,0,0,0,0,,0,,,0,0,0,0,0,0,,0,0,2,0,0,0,0,27,0,0,-1.70641790883383,0,0.0,0.0454545454545455,0.0647482014388489,0.113505559189012,0,0.0,0.0
2020,REG,00-0036251,Z.Moss,Zack Moss,RB,RB,"https://static.www.nfl.com/image/private/f_auto,q_auto/league/ds6hvcx6s1vqihnaumm9",13,BUF,0,0,0,0,0,0,0,0,0,0,0,0,,0,,,112,481,4,0,0,30,-7.47439355821175,0,14,18,95,1,0,0,32,87,5,0.464490123201928,0,2.96875,0.0493150684931507,0.0119581464872945,0.0823433052808322,0,87.6,101.6
2020,REG,00-0036252,M.Pittman,Michael Pittman,WR,WR,"https://static.www.nfl.com/image/private/f_auto,q_auto/league/wnymcombo2plamteihiy",13,IND,0,0,0,0,0,0,0,0,0,0,0,0,,0,,,3,26,0,0,0,1,1.41503801225917,0,40,61,503,1,0,0,510,293,22,22.0721605370011,0,0.986274509803922,0.140877598152425,0.163723916532905,0.325923138801671,0,58.9,98.9
2020,REG,00-0036254,C.Johnson,Collin Johnson,WR,WR,"https://static.www.nfl.com/image/private/f_auto,q_auto/league/qrdshoxhulfgktsyghxg",10,JAX,0,0,0,0,0,0,0,0,0,0,0,0,,0,,,0,0,0,0,0,0,,0,18,31,272,2,0,0,375,65,12,11.055504588905,1,0.725333333333333,0.0856353591160221,0.125460020073603,0.216275052725555,0,41.2,59.2
2020,REG,00-0036255,D.Mims,Denzel Mims,WR,WR,"https://static.www.nfl.com/image/private/f_auto,q_auto/league/vxqhwwsx0ngjupeajnpm",9,NYJ,0,0,0,0,0,0,0,0,0,0,0,0,,0,,,0,0,0,0,0,0,,0,23,44,357,0,0,0,675,106,15,3.65885474043621,1,0.528888888888889,0.186440677966102,0.317796610169492,0.502118644067797,0,37.7,60.7
2020,REG,00-0036261,B.Aiyuk,Brandon Aiyuk,WR,WR,"https://static.www.nfl.com/image/private/f_auto,q_auto/league/mprcyhqhfgzi57ebelbz",12,SF,0,0,0,0,0,0,0,0,0,0,0,0,,0,,,6,77,2,0,0,3,7.37128663551994,0,60,96,748,5,0,0,902,289,42,24.3009002121521,0,0.829268292682927,0.229116945107399,0.319066147859922,0.567021721163043,0,124.5,184.5
2020,REG,00-0036265,A.Dillon,A.J. Dillon,RB,RB,"https://static.www.nfl.com/image/private/f_auto,q_auto/league/dydcqdx4leta4rudagkq",9,GB,0,0,0,0,0,0,0,0,0,0,0,0,,0,,,46,242,2,0,0,11,9.77009083656594,0,2,2,21,0,0,0,5,16,1,1.81773749674903,0,4.2,0.032258064516129,0.0101626016260163,0.0555009179124049,0,38.3,40.3
2020,REG,00-0036268,L.Shenault,Laviska Shenault,WR,WR,"https://static.www.nfl.com/image/private/f_auto,q_auto/league/yohlrvcnnibrtfsc15t5",14,JAX,0,0,0,0,0,0,0,0,0,0,0,0,,0,,,18,91,0,0,0,6,1.07127823738847,0,58,79,600,5,0,0,493,298,33,19.7959088591633,0,1.21703853955375,0.152509652509653,0.116328456819254,0.310194398537957,0,99.1,157.1
2020,REG,00-0036269,L.Perine,La'Mical Perine,RB,RB,"https://static.www.nfl.com/image/private/f_auto,q_auto/league/sx35kyi49svmfb3hmwww",9,NYJ,0,0,0,0,0,0,0,0,0,0,0,0,,0,,,64,232,2,0,0,18,-10.0308241259772,0,11,15,63,0,0,0,26,67,3,0.784397366341252,0,2.42307692307692,0.077319587628866,0.0175675675675676,0.128276678740596,0,41.5,52.5
2020,REG,00-0036271,Q.Watkins,Quez Watkins,WR,WR,"https://static.www.nfl.com/image/private/f_auto,q_auto/league/lmulzdtlnoaldqrb2kit",4,PHI,0,0,0,0,0,0,0,0,0,0,0,0,,0,,,0,0,0,0,0,0,,0,7,13,106,1,0,0,123,58,4,1.83596987440251,0,0.861788617886179,0.10077519379845,0.110711071107111,0.228660540472652,0,16.6,23.6
2020,REG,00-0036275,D.Swift,D'Andre Swift,RB,RB,"https://static.www.nfl.com/image/private/f_auto,q_auto/league/qehlr75ike82kyxy8j9a",13,DET,0,0,0,0,0,0,0,0,0,0,0,0,,0,,,114,521,8,2,2,31,-6.10210014448967,0,46,57,357,2,1,0,50,351,15,9.37917942011737,0,7.14,0.12751677852349,0.0130039011703511,0.200377898604481,0,143.8,189.8
2020,REG,00-0036277,Q.Cephus,Quintez Cephus,WR,WR,"https://static.www.nfl.com/image/private/f_auto,q_auto/league/uzgkdl4kf200rcr5pdl2",11,DET,0,0,0,0,0,0,0,0,0,0,0,0,,0,,,0,0,0,0,0,0,,0,20,35,349,2,0,0,509,85,16,15.8829992325979,0,0.68565815324165,0.0879396984924623,0.151443022909848,0.237919663775587,0,46.9,66.9
2020,REG,00-0036278,J.Huntley,Jason Huntley,RB,RB,"https://static.www.nfl.com/image/private/f_auto,q_auto/league/gbnyqxaymlji05bnflc5",3,PHI,0,0,0,0,0,0,0,0,0,0,0,0,,0,,,5,19,0,0,0,1,1.00095318804961,0,1,2,0,0,0,0,-1,1,0,-1.34597471775487,0,0.0,0.0285714285714286,-0.0039682539682539,0.0400793650793651,0,1.9,2.9
2020,REG,00-0036290,C.Kmet,Cole Kmet,TE,TE,"https://static.www.nfl.com/image/private/f_auto,q_auto/league/ruq1ttpmssyydj0hxwfn",13,CHI,0,0,0,0,0,0,0,0,0,0,0,0,,0,,,1,-3,0,0,0,0,-1.02273377482197,0,28,44,243,2,1,1,288,136,12,0.268691008086098,0,0.84375,0.0960698689956332,0.0804020100502513,0.200386210528626,0,34.0,62.0
2020,REG,00-0036293,J.Chinn,Jeremy Chinn,FS,DB,"https://static.www.nfl.com/image/private/f_auto,q_auto/league/cprdyn2zwl8shwega3gh",2,CAR,0,0,0,0,0,0,0,0,0,0,0,0,,0,,,2,29,0,0,0,1,1.56232219433878,0,0,0,0,0,0,0,0,0,0,,0,,,,,0,2.9,2.9
2020,REG,00-0036297,D.Evans,Darrynton Evans,RB,RB,"https://static.www.nfl.com/image/private/f_auto,q_auto/league/tidqje1qgfqwyiyk3wgz",4,TEN,0,0,0,0,0,0,0,0,0,0,0,0,,0,,,14,54,0,0,0,2,-0.83084024648997,0,2,4,27,1,0,0,-2,29,2,3.50919326749863,0,-13.5,0.0784313725490196,-0.0088495575221238,0.111452368558043,0,14.1,16.1
2020,REG,00-0036306,D.Thomas,Daniel Thomas,SS,DB,"https://static.www.nfl.com/image/private/f_auto,q_auto/league/knizsywgcccuiizocjkw",1,JAX,0,0,0,0,0,0,0,0,0,0,0,0,,0,,,0,0,0,0,0,0,,0,0,0,0,0,0,0,0,0,0,,0,,,,,1,6.0,6.0
2020,REG,00-0036309,D.Mooney,Darnell Mooney,WR,WR,"https://static.www.nfl.com/image/private/f_auto,q_auto/league/hjileqykzauyoeqovatm",16,CHI,0,0,0,0,0,0,0,0,0,0,0,0,,0,,,4,20,0,0,0,1,0.149975444073789,0,61,98,631,4,1,0,1128,254,33,10.0365690786482,1,0.559397163120567,0.164429530201342,0.237673830594185,0.413015976717943,0,91.1,152.1
2020,REG,00-0036312,J.Luton,Jake Luton,QB,QB,"https://static.www.nfl.com/image/private/f_auto,q_auto/league/krvobstakocdgp3puv0g",3,JAX,60,110,624,2,6,7,52,2,0,876,275,31,-35.1810850870517,0,0.712328767123288,-0.030229959147867,1,13,1,0,0,1,2.30460903738276,0,0,0,0,0,0,0,0,0,0,,0,,,,,0,28.26,28.26
2020,REG,00-0036320,J.Charlton,Joseph Charlton,P,SPEC,"https://static.www.nfl.com/image/private/f_auto,q_auto/league/ekullk7pi9dtavlbvdcw",2,CAR,1,1,28,0,0,1,5,0,0,18,10,1,1.45792213222012,0,1.55555555555556,,0,0,0,0,0,0,,0,0,0,0,0,0,0,0,0,0,,0,,,,,0,1.12,1.12
2020,REG,00-0036322,J.Jefferson,Justin Jefferson,WR,WR,"https://static.www.nfl.com/image/private/f_auto,q_auto/league/zdstmm4sloqnichybgja",16,MIN,0,0,0,0,0,0,0,0,0,0,0,0,,0,,,1,2,0,0,0,0,-0.560423414222896,0,88,125,1400,7,1,0,1430,453,58,65.025975127861,2,0.979020979020979,0.257731958762887,0.368651714359371,0.64465413819589,0,186.2,274.2
2020,REG,00-0036326,C.Claypool,Chase Claypool,WR,WR,"https://static.www.nfl.com/image/upload/f_auto,q_auto/league/hpgllfzaanonbfxweq9z",16,PIT,0,0,0,0,0,0,0,0,0,0,0,0,,0,,,10,16,2,0,0,4,-0.160233809438068,0,62,109,873,9,3,1,1438,329,41,46.9027865844053,0,0.607093184979138,0.167177914110429,0.310449050086356,0.468081206226093,0,152.9,214.9
2020,REG,00-0036328,A.Gibson,Antonio Gibson,RB,RB,"https://static.www.nfl.com/image/private/f_auto,q_auto/league/c5aij3m4bakia6ygjqux",14,WAS,0,0,0,0,0,0,0,0,0,0,0,0,,0,,,170,795,11,0,0,40,5.44380291583366,0,36,44,247,0,2,2,-36,301,9,-6.7835726912017,0,-6.86111111111111,0.0984340044742729,-0.0132743362831858,0.138358971313179,0,166.2,202.2
2020,REG,00-0036331,D.Duvernay,Devin Duvernay,WR,WR,"https://static.www.nfl.com/image/private/f_auto,q_auto/league/hmftubhkmwgqmi5x8scq",14,BAL,0,0,0,0,0,0,0,0,0,0,0,0,,0,,,4,70,0,0,0,3,5.02302681986475,0,20,26,201,0,0,0,161,118,8,4.22589764228906,0,1.24844720496894,0.0802469135802469,0.0562937062937063,0.159775964775965,1,33.1,53.1
2020,REG,00-0036332,J.Deguara,Josiah Deguara,TE,TE,"https://static.www.nfl.com/image/private/f_auto,q_auto/league/ytgijlfni4cyqs0zozhz",1,GB,0,0,0,0,0,0,0,0,0,0,0,0,,0,,,0,0,0,0,0,0,,0,1,2,12,0,0,0,24,11,1,0.439675151952542,0,0.5,0.0487804878048781,0.0626631853785901,0.11703496147233,0,1.2,2.2
2020,REG,00-0036336,A.McFarland,Anthony McFarland,RB,RB,"https://static.www.nfl.com/image/private/f_auto,q_auto/league/dwt64mh92t2qztepvswo",11,PIT,0,0,0,0,0,0,0,0,0,0,0,0,,0,,,33,113,0,0,0,4,-5.06127191730775,0,6,9,54,0,0,0,23,47,1,-1.90329674357781,0,2.34782608695652,0.0306122448979592,0.0116810563737938,0.0540951068085944,0,16.7,22.7
2020,REG,00-0036340,A.Gandy-Golden,Antonio Gandy-Golden,WR,WR,"https://static.www.nfl.com/image/private/f_auto,q_auto/league/cudxhx7a5uqtedmlwtvg",4,WAS,0,0,0,0,0,0,0,0,0,0,0,0,,0,,,1,22,0,0,0,1,2.06164907338098,0,1,7,3,0,0,0,79,1,0,-6.31225009047194,0,0.0379746835443038,0.0448717948717949,0.063301282051282,0.11161858974359,0,2.5,3.5
2020,REG,00-0036355,J.Herbert,Justin Herbert,QB,QB,"https://static.www.nfl.com/image/private/f_auto,q_auto/league/fwjdvww4dv36k8tvsws6",15,LAC,396,595,4336,31,10,32,218,4,1,4368,2220,216,89.5152372134553,2,0.992673992673993,0.110209864958019,55,234,5,4,0,20,0.664679231937043,0,0,0,0,0,0,0,0,0,0,,0,,,,,0,332.84,332.84
2020,REG,00-0036357,H.Ruggs,Henry Ruggs,WR,WR,"https://static.www.nfl.com/image/private/f_auto,q_auto/league/i8oezzdcas0hd9ap8cfp",13,LV,0,0,0,0,0,0,0,0,0,0,0,0,,0,,,9,49,0,1,1,3,-4.58732468466042,0,26,43,452,2,1,1,748,145,13,13.2694477112618,0,0.60427807486631,0.102870813397129,0.223150357995227,0.310511470692353,0,58.1,84.1
2020,REG,00-0036358,C.Lamb,CeeDee Lamb,WR,WR,"https://static.www.nfl.com/image/private/f_auto,q_auto/league/cqygs9e4ynnjdxstdfjq",16,DAL,0,0,0,0,0,1,4,0,0,0,0,0,-1.23705988423899,0,,,10,82,1,0,0,4,7.50115330992485,1,74,111,935,5,1,1,1031,311,46,16.4246229424676,0,0.906886517943744,0.179902755267423,0.226195699868363,0.428191122808989,1,143.7,217.7
2020,REG,00-0036360,C.Edwards-Helaire,Clyde Edwards-Helaire,RB,RB,"https://static.www.nfl.com/image/private/f_auto,q_auto/league/ki0pdedjayv47nec4lh1",13,KC,0,0,0,0,0,0,0,0,0,0,0,0,,0,,,181,803,4,0,0,39,-9.25343710185322,0,36,54,297,1,0,0,33,295,12,2.15461380441825,0,9.0,0.108433734939759,0.0080019398642095,0.168251960314585,0,140.0,176.0
2020,REG,00-0036364,L.Bowden,Lynn Bowden,WR,WR,"https://static.www.nfl.com/image/private/f_auto,q_auto/league/nrvwudvuqxpmiegmjzdu",9,MIA,1,2,32,0,0,0,0,0,0,17,34,1,1.85067339753732,0,1.88235294117647,,9,32,0,0,0,3,0.589621784514748,0,28,37,211,0,0,0,185,112,13,-6.99699056598056,0,1.14054054054054,0.128919860627178,0.087594696969697,0.254696078819554,0,25.58,53.58
2020,REG,00-0036365,B.Edwards,Bryan Edwards,WR,WR,"https://static.www.nfl.com/image/private/f_auto,q_auto/league/hgluubcedtu0vmxjxrcf",9,LV,0,0,0,0,0,0,0,0,0,0,0,0,,0,,,0,0,0,0,0,0,,0,11,15,193,1,0,0,127,80,9,11.8323627859508,0,1.51968503937008,0.0511945392491468,0.0508203281312525,0.112366038565597,0,25.3,36.3
2020,REG,00-0036370,J.Kelley,Joshua Kelley,RB,RB,"https://static.www.nfl.com/image/private/f_auto,q_auto/league/fsu6gqcltgnofaakmq6u",13,LAC,0,0,0,0,0,0,0,0,0,0,0,0,,0,,,111,354,2,2,2,20,-30.1350352419878,0,23,23,148,0,0,0,-25,173,9,6.29067364073126,0,-5.92,0.0638888888888889,-0.0091508052708638,0.0894277696437287,0,58.2,81.2
2020,REG,00-0036377,J.Reed,Joe Reed,WR,WR,"https://static.www.nfl.com/image/private/f_auto,q_auto/league/fa4giqm0tlvowg979etj",3,LAC,0,0,0,0,0,0,0,0,0,0,0,0,,0,,,5,29,1,0,0,1,0.22680482493347,0,0,1,0,0,0,0,-9,0,0,-0.931210777256638,0,0.0,0.024390243902439,-0.029126213592233,0.0161970163390954,0,8.9,8.9
2020,REG,00-0036382,K.Hill,K.J. Hill,WR,WR,"https://static.www.nfl.com/image/private/f_auto,q_auto/league/qd5p8nkgawauikftmkij",5,LAC,0,0,0,0,0,0,0,0,0,0,0,0,,0,,,0,0,0,0,0,0,,0,7,11,73,0,0,0,79,18,2,0.0636240232270211,0,0.924050632911392,0.0528846153846154,0.057960381511372,0.119899190134883,0,7.3,14.3
2020,REG,00-0036384,B.DiNucci,Ben DiNucci,QB,QB,"https://static.www.nfl.com/image/private/f_auto,q_auto/league/o1gjqpevru8k8d98y2qn",2,DAL,23,43,219,0,0,7,73,3,2,349,134,11,-27.5776076356174,0,0.627507163323782,-0.0224104078576488,6,22,0,1,0,2,0.516286611091346,0,0,0,0,0,0,0,0,0,0,,0,,,,,0,6.96,6.96
2020,REG,00-0036386,A.Thomas,Andrew Thomas,T,OL,"https://static.www.nfl.com/image/private/f_auto,q_auto/league/eehosdvlvbqm796gczaq",1,NYG,0,0,0,0,0,0,0,0,0,0,0,0,,0,,,0,0,0,0,0,0,,0,0,0,0,0,0,0,0,0,0,,1,,,,,0,2.0,2.0
2020,REG,00-0036387,J.Reagor,Jalen Reagor,WR,WR,"https://static.www.nfl.com/image/private/f_auto,q_auto/league/tei81ifva2dy9os89aat",11,PHI,0,0,0,0,0,0,0,0,0,0,0,0,,0,,,4,26,0,0,0,2,0.426391692191828,0,31,54,396,1,0,0,705,173,19,2.74848724858878,1,0.561702127659575,0.144,0.208579881656805,0.362005917159763,1,56.2,87.2
2020,REG,00-0036389,J.Hurts,Jalen Hurts,QB,QB,"https://static.www.nfl.com/image/private/f_auto,q_auto/league/aityegmlyh53aifbssbp",14,PHI,77,148,1061,6,4,13,59,3,0,1353,468,45,-4.62117417705053,0,0.784183296378418,0.0197777856936763,63,354,3,6,2,25,2.77872922984534,0,1,1,3,0,0,0,-6,9,0,-0.17026706028264,0,0.0,0.0256410256410256,-0.0164835164835165,0.0269230769230769,0,108.14,109.14
2020,REG,00-0036398,J.Hightower,John Hightower,WR,WR,"https://static.www.nfl.com/image/private/f_auto,q_auto/league/ov8vehr0hojqxls6q7wr",10,PHI,0,0,0,0,0,0,0,0,0,0,0,0,,0,,,1,1,0,0,0,0,-0.556479431223124,0,10,29,167,0,0,0,655,57,5,-9.54954573779833,1,0.254961832061069,0.0828571428571429,0.196460707858428,0.261808209786614,0,18.8,28.8
2020,REG,00-0036407,J.Jeudy,Jerry Jeudy,WR,WR,"https://static.www.nfl.com/image/private/f_auto,q_auto/league/f0jdlnl6wy63qx4oeyzi",16,DEN,0,0,0,0,0,0,0,0,0,0,0,0,,0,,,0,0,0,0,0,0,,0,52,113,856,3,2,0,1529,284,39,-0.782095709989199,1,0.559843034663179,0.212007504690432,0.312295751633987,0.536618283179438,0,105.6,157.6
2020,REG,00-0036410,T.Higgins,Tee Higgins,WR,WR,"https://static.www.nfl.com/image/private/f_auto,q_auto/league/fkpf9urirrkqkln7d2n9",15,CIN,0,0,0,0,0,0,0,0,0,0,0,0,,0,,,5,28,0,0,0,1,1.01169956626836,0,67,108,908,6,1,1,1241,310,52,52.8784775824326,0,0.731668009669621,0.203389830508475,0.298245614035088,0.513856675587273,0,127.6,194.6
2020,REG,00-0036412,K.Hamler,K.J. Hamler,WR,WR,"https://static.www.nfl.com/image/private/f_auto,q_auto/league/t3lqvv3d2tn6syqqtrat",12,DEN,0,0,0,0,0,0,0,0,0,0,0,0,,0,,,9,40,0,0,0,2,-1.2075425457421,0,30,56,381,3,1,0,595,124,17,0.164130160546386,0,0.640336134453782,0.156424581005587,0.196369636963696,0.372095617382967,0,60.1,90.1
2020,REG,00-0036414,C.Akers,Cam Akers,RB,RB,"https://static.www.nfl.com/image/upload/f_auto,q_auto/league/q0soq6iusid0dczf94gf",11,LA,0,0,0,0,0,0,0,0,0,0,0,0,,0,,,145,625,2,1,1,26,-32.4773002851188,0,11,14,123,1,0,0,59,91,4,3.59560691781705,0,2.08474576271186,0.0520446096654275,0.0381877022653722,0.104798306083902,0,90.8,101.8
2020,REG,00-0036415,V.Jefferson,Van Jefferson,WR,WR,"https://static.www.nfl.com/image/upload/f_auto,q_auto/league/p7ymrzyadwaonjx8rsn0",13,LA,0,0,0,0,0,0,0,0,0,0,0,0,,0,,,1,-1,0,0,0,0,-0.773388436995447,0,19,31,220,1,0,0,351,46,11,1.7644150885219,0,0.626780626780627,0.0647181628392484,0.106010268800966,0.171284432419549,0,27.9,46.9
2020,REG,00-0036422,A.Trautman,Adam Trautman,TE,TE,"https://static.www.nfl.com/image/private/f_auto,q_auto/league/zdzicjvlqk43ssjhupwy",10,NO,0,0,0,0,0,0,0,0,0,0,0,0,,0,,,0,0,0,0,0,0,,0,15,16,171,1,0,0,64,117,9,14.7951963979576,0,2.671875,0.0517799352750809,0.0329557157569516,0.100738903942487,0,23.1,38.1
2020,REG,00-0036423,A.Okwuegbunam,Albert Okwuegbunam,TE,TE,"https://static.www.nfl.com/image/private/f_auto,q_auto/league/xrv48ppj4qqfknjk6igk",4,DEN,0,0,0,0,0,0,0,0,0,0,0,0,,0,,,0,0,0,0,0,0,,0,11,15,121,1,0,0,116,73,6,7.5157191403968,0,1.04310344827586,0.103448275862069,0.0829756795422032,0.213255389472646,0,18.1,29.1
2020,REG,00-0036425,D.Dallas,DeeJay Dallas,RB,RB,"https://static.www.nfl.com/image/private/f_auto,q_auto/league/ffqmt3tvtiqi9obvymlq",8,SEA,0,0,0,0,0,0,0,0,0,0,0,0,,0,,,34,108,2,0,0,9,-4.10646041975963,0,17,20,111,1,0,0,2,110,5,2.43348232019751,0,55.5,0.0769230769230769,0.0009153318077803,0.116025347650062,0,39.9,56.9
2020,REG,00-0036427,T.Johnson,Tyler Johnson,WR,WR,"https://static.www.nfl.com/image/private/f_auto,q_auto/league/catfrh97oi2duwa0hi8d",10,TB,0,0,0,0,0,0,0,0,0,0,0,0,,0,,,0,0,0,0,0,0,,0,12,17,169,2,0,0,169,72,9,11.5604685141075,0,1.0,0.0439276485788114,0.0464158198297171,0.098382546749019,0,28.9,40.9
2020,REG,00-0036429,C.Woerner,Charlie Woerner,TE,TE,"https://static.www.nfl.com/image/private/f_auto,q_auto/league/wdcd0m0nbt4p7qiq7exa",3,SF,0,0,0,0,0,0,0,0,0,0,0,0,,0,,,0,0,0,0,0,0,,0,3,4,36,0,0,0,10,25,2,0.634287419408793,0,3.6,0.0338983050847458,0.0125628140703518,0.0596414274763649,0,3.6,6.6
2020,REG,00-0036433,T.Stevens,Tommy Stevens,TE,TE,"https://static.www.nfl.com/image/private/f_auto,q_auto/league/d0k0fuhrprnvp1q3p16a",1,CAR,0,0,0,0,0,0,0,0,0,0,0,0,,0,,,4,24,0,0,0,2,1.73127491795458,0,0,0,0,0,0,0,0,0,0,,0,,,,,0,2.4,2.4
2020,REG,00-0036439,T.Cleveland,Tyrie Cleveland,WR,WR,"https://static.www.nfl.com/image/private/f_auto,q_auto/league/bul0m575yzw95m0fbwmv",5,DEN,0,0,0,0,0,0,0,0,0,0,0,0,,0,,,0,0,0,0,0,0,,0,6,9,63,0,0,0,79,18,4,2.91517374257091,0,0.79746835443038,0.0494505494505495,0.052317880794702,0.110798340732116,0,6.3,12.3
2020,REG,00-0036442,J.Burrow,Joe Burrow,QB,QB,"https://static.www.nfl.com/image/private/f_auto,q_auto/league/jzzqz5ubkilrn9dpxtlp",10,CIN,264,404,2688,13,5,32,231,5,3,3429,1142,150,48.966724960736,0,0.783902012248469,0.105943316184208,37,142,3,4,1,14,-0.141220696332555,0,0,0,0,0,0,0,0,0,0,,0,,,,,0,173.72,173.72
2020,REG,00-0036450,K.Vaughn,Ke'Shawn Vaughn,RB,RB,"https://static.www.nfl.com/image/private/f_auto,q_auto/league/npa1msmoqbig9cqznkti",6,TB,0,0,0,0,0,0,0,0,0,0,0,0,,0,,,26,109,0,0,0,5,-1.83354342918028,0,5,10,34,1,1,1,24,23,2,-3.43526051848208,0,1.41666666666667,0.050761421319797,0.0131075914800655,0.0853174460157413,0,18.3,23.3
2020,REG,00-0036456,D.Dafney,Dominique Dafney,TE,TE,"https://static.www.nfl.com/image/private/f_auto,q_auto/league/iualxf5bff0nuttmxkut",2,GB,0,0,0,0,0,0,0,0,0,0,0,0,,0,,,0,0,0,0,0,0,,0,2,2,26,1,0,0,16,10,2,3.95898980763741,0,1.625,0.0416666666666667,0.0484848484848485,0.0964393939393939,0,8.6,10.6
2020,POST,00-0019596,T.Brady,Tom Brady,QB,QB,"https://static.www.nfl.com/image/private/f_auto,q_auto/league/q7dpdlxyu5rs05rgh1le",4,TB,81,138,1061,10,3,6,37,1,0,1371,446,55,41.2447575174544,0,0.773887673231218,0.145871467050988,13,-3,1,1,0,2,-4.43454384460084,0,0,0,0,0,0,0,0,0,0,,0,,,,,0,82.14,82.14
2020,POST,00-0020531,D.Brees,Drew Brees,QB,QB,"https://static.www.nfl.com/image/private/f_auto,q_auto/league/i20xlpzdmn7xubotijjd",2,NO,47,73,399,3,3,0,0,0,0,362,222,20,-4.94746043037146,0,1.10220994475138,0.0224776358810184,5,5,0,1,0,3,-3.86629776767222,0,0,0,0,0,0,0,0,0,0,,0,,,,,0,22.46,22.46
2020,POST,00-0022924,B.Roethlisberger,Ben Roethlisberger,QB,QB,"https://static.www.nfl.com/image/private/f_auto,q_auto/league/vziogpnyp9d0xtpiuqhr",1,PIT,47,68,501,4,4,0,0,0,0,565,183,29,7.9281730790357,1,0.886725663716814,0.116965797222153,1,0,0,0,0,0,-8.0327196707949,0,0,0,0,0,0,0,0,0,0,,0,,,,,0,30.04,30.04
2020,POST,00-0022942,P.Rivers,Philip Rivers,QB,QB,"https://static.www.nfl.com/image/private/f_auto,q_auto/league/voakyrtj34sghkwxaxxf",1,IND,27,46,309,2,0,0,0,0,0,352,115,17,13.7533303935058,1,0.877840909090909,0.129230815293511,1,-1,0,0,0,0,0.0,0,0,0,0,0,0,0,0,0,0,,0,,,,,0,22.26,22.26
2020,POST,00-0023459,A.Rodgers,Aaron Rodgers,QB,QB,"https://static.www.nfl.com/image/private/f_auto,q_auto/league/gnta8ufi2vdp967dui9e",2,GB,56,84,642,5,1,5,32,0,0,665,327,34,25.1922220667537,0,0.965413533834587,0.179349378697028,4,-3,1,0,0,1,-2.40829164636671,0,0,0,0,0,0,0,0,0,0,,0,,,,,0,49.38,49.38
2020,POST,00-0024243,M.Lewis,Marcedes Lewis,TE,TE,"https://static.www.nfl.com/image/private/f_auto,q_auto/league/ppq07tipygpftz5csipx",1,GB,0,0,0,0,0,0,0,0,0,0,0,0,,0,,,0,0,0,0,0,0,,0,3,3,28,0,0,0,12,16,1,2.30112622503657,0,2.33333333333333,0.0652173913043478,0.0388349514563107,0.125010552975939,0,2.8,5.8
2020,POST,00-0026197,C.Henne,Chad Henne,QB,QB,"https://static.www.nfl.com/image/private/f_auto,q_auto/league/ornr9pcnzveqlntqc7jx",1,KC,6,8,66,0,1,1,6,0,0,79,30,4,0.00444099286576,0,0.835443037974684,0.0882097881746376,2,12,0,0,0,0,-1.26072564098286,0,0,0,0,0,0,0,0,0,0,,0,,,,,0,1.84,1.84
2020,POST,00-0027061,J.Cook,Jared Cook,TE,TE,"https://static.www.nfl.com/image/private/f_auto,q_auto/league/cthoenebptadlu4g928v",2,NO,0,0,0,0,0,0,0,0,0,0,0,0,,0,,,0,0,0,0,0,0,,0,9,14,68,0,1,1,117,23,2,-11.5350360111333,0,0.581196581196581,0.197183098591549,0.3,0.505774647887324,0,4.8,13.8
2020,POST,00-0027656,R.Gronkowski,Rob Gronkowski,TE,TE,"https://static.www.nfl.com/image/private/f_auto,q_auto/league/svpo7chliiymc0r7hegp",4,TB,0,0,0,0,0,0,0,0,0,0,0,0,,0,,,0,0,0,0,0,0,,0,8,14,110,2,0,0,125,76,6,5.51820405216375,0,0.88,0.103703703703704,0.0931445603576751,0.220756747805928,0,23.0,31.0
2020,POST,00-0027685,E.Sanders,Emmanuel Sanders,WR,WR,"https://static.www.nfl.com/image/private/f_auto,q_auto/league/potkibjtm855tsawozs0",2,NO,0,0,0,0,0,0,0,0,0,0,0,0,,0,,,0,0,0,0,0,0,,0,8,12,51,0,0,0,84,21,4,2.06383216293762,0,0.607142857142857,0.169014084507042,0.215384615384615,0.404290357529794,0,5.1,13.1
2020,POST,00-0027696,J.Graham,Jimmy Graham,TE,TE,"https://static.www.nfl.com/image/private/f_auto,q_auto/league/h7xs06oj6g03mippwtse",1,CHI,0,0,0,0,0,0,0,0,0,0,0,0,,0,,,0,0,0,0,0,0,,0,2,2,25,1,0,0,21,4,1,4.01474927534582,0,1.19047619047619,0.0740740740740741,0.0795454545454545,0.166792929292929,0,8.5,10.5
2020,POST,00-0027793,A.Brown,Antonio Brown,WR,WR,"https://static.www.nfl.com/image/private/f_auto,q_auto/league/ecxsx9t7bfg42bgfwj3v",3,TB,0,0,0,0,0,0,0,0,0,0,0,0,,0,,,1,22,0,0,0,1,1.40593916189391,0,8,12,81,2,0,0,125,22,5,3.00074885717794,0,0.648,0.12,0.134989200863931,0.274492440604752,0,22.3,30.3
2020,POST,00-0027902,D.Bryant,Dez Bryant,WR,WR,"https://static.www.nfl.com/image/private/f_auto,q_auto/league/jmggujwkiv7osgkhhnhl",2,BAL,0,0,0,0,0,0,0,0,0,0,0,0,,0,,,0,0,0,0,0,0,,0,0,2,0,0,0,0,19,0,0,-1.50986888143234,0,0.0,0.0338983050847458,0.037037037037037,0.0767733835530446,0,0.0,0.0
2020,POST,00-0029000,C.Beasley,Cole Beasley,WR,WR,"https://static.www.nfl.com/image/private/f_auto,q_auto/league/y5r0fhwctl6ljwvmktvu",3,BUF,0,0,0,0,0,0,0,0,0,0,0,0,,0,,,0,0,0,0,0,0,,0,14,18,145,0,0,0,112,62,6,4.29177329643754,0,1.29464285714286,0.15929203539823,0.108003857280617,0.314540753193777,0,14.5,28.5
2020,POST,00-0029263,R.Wilson,Russell Wilson,QB,QB,"https://static.www.nfl.com/image/private/f_auto,q_auto/league/gebzv2aljujgleboe4ns",1,SEA,11,27,174,2,1,5,32,0,0,392,40,5,-15.5278747233251,0,0.443877551020408,-0.0547731110535091,4,50,0,0,0,2,2.94735434696126,0,0,0,0,0,0,0,0,0,0,,0,,,,,0,17.96,17.96
2020,POST,00-0029608,T.Hilton,T.Y. Hilton,WR,WR,"https://static.www.nfl.com/image/private/f_auto,q_auto/league/b8kor0sgeynyd8u8cush",1,IND,0,0,0,0,0,0,0,0,0,0,0,0,,0,,,0,0,0,0,0,0,,0,2,5,32,0,0,0,81,9,1,-0.183066342142411,0,0.395061728395062,0.116279069767442,0.268211920529801,0.362166949022024,0,3.2,5.2
2020,POST,00-0029701,R.Tannehill,Ryan Tannehill,QB,QB,"https://static.www.nfl.com/image/private/f_auto,q_auto/league/yvwju12dl6haf3r8uzrm",1,TEN,18,26,165,1,1,1,7,0,0,188,70,9,-0.451035138066095,0,0.877659574468085,0.10357631300252,2,6,0,0,0,1,1.98083521809895,0,1,1,-10,0,0,0,-10,0,0,-1.11917399044614,0,0.0,0.0384615384615385,-0.0531914893617021,0.0204582651391162,0,8.2,9.2
2020,POST,00-0030181,J.Doyle,Jack Doyle,TE,TE,"https://static.www.nfl.com/image/private/f_auto,q_auto/league/h6abyvmg2g93llboizi6",1,IND,0,0,0,0,0,0,0,0,0,0,0,0,,0,,,0,0,0,0,0,0,,0,7,9,70,1,0,0,71,10,4,4.54190499783726,1,0.985915492957746,0.209302325581395,0.235099337748344,0.478523024795934,0,15.0,22.0
2020,POST,00-0030216,J.Hill,Josh Hill,TE,TE,"https://static.www.nfl.com/image/private/f_auto,q_auto/league/vdva7m1fxklv6gxbsg7q",1,NO,0,0,0,0,0,0,0,0,0,0,0,0,,0,,,0,0,0,0,0,0,,0,1,1,-3,0,0,0,-7,4,0,-0.985904334462248,0,0.0,0.0285714285714286,-0.0341463414634146,0.0189547038327526,0,-0.3,0.7
2020,POST,00-0030431,R.Woods,Robert Woods,WR,WR,"https://static.www.nfl.com/image/upload/f_auto,q_auto/league/owppysuai4ipxu5d27nu",2,LA,0,0,0,0,0,0,0,0,0,0,0,0,,0,,,1,-3,0,0,0,0,-0.870174351613969,0,12,18,96,1,0,0,84,23,8,1.55786216835259,0,1.14285714285714,0.36,0.214285714285714,0.69,0,15.3,27.3
2020,POST,00-0030470,V.McDonald,Vance McDonald,TE,TE,"https://static.www.nfl.com/image/private/f_auto,q_auto/league/apafzol1dcqu56cqotv9",1,PIT,0,0,0,0,0,0,0,0,0,0,0,0,,0,,,0,0,0,0,0,0,,0,0,2,0,0,0,0,4,0,0,-5.1223148489953,0,0.0,0.0294117647058824,0.0070796460176991,0.0490733992712129,0,0.0,0.0
2020,POST,00-0030496,L.Bell,Le'Veon Bell,RB,RB,"https://static.www.nfl.com/image/private/f_auto,q_auto/league/sm3ij3pcby5ciqwaaqa1",1,KC,0,0,0,0,0,0,0,0,0,0,0,0,,0,,,2,6,0,0,0,0,-0.594764544628561,0,0,3,0,0,0,0,22,0,0,-2.67456002120687,0,0.0,0.0810810810810811,0.0842911877394636,0.180625453039246,0,0.6,0.6
2020,POST,00-0030506,T.Kelce,Travis Kelce,TE,TE,"https://static.www.nfl.com/image/private/f_auto,q_auto/league/ryzr3vbragwe50vtj9af",3,KC,0,0,0,0,0,0,0,0,0,0,0,0,,0,,,0,0,0,0,0,0,,0,31,40,360,3,0,0,301,131,19,19.4451231195419,0,1.19601328903655,0.330578512396694,0.363526570048309,0.750336367628858,0,54.0,85.0
2020,POST,00-0030513,L.Murray,Latavius Murray,RB,RB,"https://static.www.nfl.com/image/private/f_auto,q_auto/league/zepm7ghltyeqydn0qxcg",1,NO,0,0,0,0,0,0,0,0,0,0,0,0,,0,,,4,9,0,0,0,0,-1.4739993668627,0,2,2,11,1,0,0,-11,22,1,1.49018948641606,0,-1.0,0.0555555555555556,-0.0594594594594595,0.0417117117117117,0,8.0,10.0
2020,POST,00-0030578,C.Patterson,Cordarrelle Patterson,RB,RB,"https://static.www.nfl.com/image/private/f_auto,q_auto/league/gy2bb38cns4nxypehbqi",1,CHI,0,0,0,0,0,0,0,0,0,0,0,0,,0,,,1,2,0,0,0,0,-0.553668816108257,0,0,0,0,0,0,0,0,0,0,,0,,,,,0,0.2,0.2
2020,POST,00-0030663,W.Snead,Willie Snead,WR,WR,"https://static.www.nfl.com/image/private/f_auto,q_auto/league/fr5xckiwhguuaishnbju",2,BAL,0,0,0,0,0,0,0,0,0,0,0,0,,0,,,0,0,0,0,0,0,,0,7,7,34,0,0,0,21,13,0,0.173772051057313,0,1.61904761904762,0.11864406779661,0.0409356725146199,0.206621072455149,0,3.4,10.4
2020,POST,00-0030710,T.Burton,Trey Burton,TE,TE,"https://static.www.nfl.com/image/private/f_auto,q_auto/league/vt2ce0szit4ozyh5s5iw",1,IND,0,0,0,0,0,0,0,0,0,0,0,0,,0,,,0,0,0,0,0,0,,0,3,3,34,0,0,0,29,5,2,4.28826542149182,0,1.17241379310345,0.0697674418604651,0.0960264900662252,0.171869705837055,0,3.4,6.4
2020,POST,00-0031045,C.Hyde,Carlos Hyde,RB,RB,"https://static.www.nfl.com/image/private/f_auto,q_auto/league/qpmv42ldpkpdf1gpgeua",1,SEA,0,0,0,0,0,0,0,0,0,0,0,0,,0,,,4,5,0,0,0,1,-1.55769670498557,0,0,0,0,0,0,0,0,0,0,,0,,,,,0,0.5,0.5
2020,POST,00-0031051,J.Brown,John Brown,WR,WR,"https://static.www.nfl.com/image/private/f_auto,q_auto/league/xwyc2a0qfdxbbct6lso6",3,BUF,0,0,0,0,0,0,0,0,0,0,0,0,,0,,,0,0,0,0,0,0,,0,10,19,86,0,0,0,209,15,4,-10.4914488166261,0,0.411483253588517,0.168141592920354,0.201542912246866,0.393292427953337,0,8.6,18.6
2020,POST,00-0031260,L.Thomas,Logan Thomas,TE,TE,"https://static.www.nfl.com/image/private/f_auto,q_auto/league/acm0ymhqdzqxdibwjphv",1,WAS,0,0,0,0,0,0,0,0,0,0,0,0,,0,,,0,0,0,0,0,0,,0,5,9,74,0,0,0,107,29,3,-1.02947995059012,0,0.691588785046729,0.219512195121951,0.276485788113695,0.522808344362513,0,7.4,12.4
2020,POST,00-0031273,C.Brate,Cameron Brate,TE,TE,"https://static.www.nfl.com/image/private/f_auto,q_auto/league/jhioqec65qy4z7s6w9a6",4,TB,0,0,0,0,0,0,0,0,0,0,0,0,,0,,,0,0,0,0,0,0,,0,14,19,175,1,1,0,173,60,9,10.6229131396573,0,1.01156069364162,0.140740740740741,0.128912071535022,0.301349561185627,0,23.5,37.5
2020,POST,00-0031325,S.Watkins,Sammy Watkins,WR,WR,"https://static.www.nfl.com/image/private/f_auto,q_auto/league/nkqk4ac4uncxocqlgp2k",1,KC,0,0,0,0,0,0,0,0,0,0,0,0,,0,,,0,0,0,0,0,0,,0,1,1,13,0,0,0,12,1,1,0.956382189644501,0,1.08333333333333,0.0217391304347826,0.0334261838440111,0.0560070243429817,0,1.3,2.3
2020,POST,00-0031381,D.Adams,Davante Adams,WR,WR,"https://static.www.nfl.com/image/private/f_auto,q_auto/league/grvqvmdzu2lsbgvqoxku",2,GB,0,0,0,0,0,0,0,0,0,0,0,0,,0,,,0,0,0,0,0,0,,0,18,25,133,2,0,0,115,72,9,8.6763023218988,0,1.15652173913043,0.3125,0.18341307814992,0.597139154704944,0,25.3,43.3
2020,POST,00-0031382,J.Landry,Jarvis Landry,WR,WR,"https://static.www.nfl.com/image/private/f_auto,q_auto/league/w2q9uwsjvgadwyvnvopb",2,CLE,0,0,0,0,0,0,0,0,0,0,0,0,,0,,,0,0,0,0,0,0,,0,12,18,112,2,0,0,76,70,6,0.322566978942493,0,1.47368421052632,0.264705882352941,0.186732186732187,0.527771354241942,0,23.2,35.2
2020,POST,00-0031387,E.Ebron,Eric Ebron,TE,TE,"https://static.www.nfl.com/image/private/f_auto,q_auto/league/uaxsxymncppase7ihczd",1,PIT,0,0,0,0,0,0,0,0,0,0,0,0,,0,,,0,0,0,0,0,0,,0,7,11,62,1,0,0,49,36,5,-0.390332047274569,0,1.26530612244898,0.161764705882353,0.0867256637168142,0.303355023425299,0,12.2,19.2
2020,POST,00-0031408,M.Evans,Mike Evans,WR,WR,"https://static.www.nfl.com/image/private/f_auto,q_auto/league/w6eq27k2xs8vawwgkzbl",4,TB,0,0,0,0,0,0,0,0,0,0,0,0,,0,,,0,0,0,0,0,0,,0,11,22,204,2,0,0,423,33,10,5.90912996279076,0,0.482269503546099,0.162962962962963,0.315201192250373,0.465085279019705,0,32.4,43.4
2020,POST,00-0031428,A.Robinson,Allen Robinson,WR,WR,"https://static.www.nfl.com/image/private/f_auto,q_auto/league/tucplhxtb3c626iekuzv",1,CHI,0,0,0,0,0,0,0,0,0,0,0,0,,0,,,0,0,0,0,0,0,,0,6,7,55,0,0,0,53,13,2,2.56520753586665,0,1.0377358490566,0.259259259259259,0.200757575757576,0.529419191919192,0,5.5,11.5
2020,POST,00-0031503,J.Winston,Jameis Winston,QB,QB,"https://static.www.nfl.com/image/private/f_auto,q_auto/league/eupdyd3zccjeoloqmyfl",1,NO,1,1,56,1,0,0,0,0,0,28,28,1,4.64410018059425,0,2.0,,0,0,0,0,0,0,,0,0,0,0,0,0,0,0,0,0,,0,,,,,0,6.24,6.24
2020,POST,00-0031588,S.Diggs,Stefon Diggs,WR,WR,"https://static.www.nfl.com/image/private/f_auto,q_auto/league/zf6nbnzcfzu4y7yq2nzk",3,BUF,0,0,0,0,0,0,0,0,0,0,0,0,,0,,,0,0,0,0,0,0,,0,20,31,311,2,0,0,471,75,18,19.1968474875051,0,0.660297239915074,0.274336283185841,0.454194792671167,0.729440779648578,0,43.1,63.1
2020,POST,00-0031595,M.Burton,Michael Burton,FB,RB,"https://static.www.nfl.com/image/private/f_auto,q_auto/league/y8chssh9pcuzv5uc7nai",2,NO,0,0,0,0,0,0,0,0,0,0,0,0,,0,,,0,0,0,0,0,0,,0,2,3,15,0,0,0,4,11,0,-0.813193568306679,0,3.75,0.0422535211267606,0.0216216216216216,0.078515416825276,0,1.5,3.5
2020,POST,00-0031763,D.Carter,DeAndre Carter,WR,WR,"https://static.www.nfl.com/image/private/f_auto,q_auto/league/mh4cvggohuakwwhobzrk",1,CHI,0,0,0,0,0,0,0,0,0,0,0,0,,0,,,1,3,0,0,0,0,-0.13205509306863,0,3,4,17,0,0,0,24,5,1,-2.22474349557888,0,0.708333333333333,0.148148148148148,0.0909090909090909,0.285858585858586,0,2.0,5.0
2020,POST,00-0031800,T.Heinicke,Taylor Heinicke,QB,QB,"https://static.www.nfl.com/image/private/f_auto,q_auto/league/r9uju522lkr3sq3vwgft",1,WAS,26,44,306,1,1,2,17,0,0,385,91,15,0.29965079496096,0,0.794805194805195,0.0692400548853324,6,46,1,0,0,4,4.74607079094858,0,0,0,0,0,0,0,0,0,0,,0,,,,,0,24.84,24.84
2020,POST,00-0031806,M.Brown,Malcolm Brown,RB,RB,"https://static.www.nfl.com/image/private/f_auto,q_auto/league/zxnjheichwlnvvu5qdyl",2,LA,0,0,0,0,0,0,0,0,0,0,0,0,,0,,,9,30,0,0,0,1,-3.69422669310672,0,2,2,13,0,0,0,5,8,0,0.228407566261012,0,2.6,0.04,0.0127551020408163,0.0689285714285714,0,4.3,6.3
2020,POST,00-0032141,G.Swaim,Geoff Swaim,TE,TE,"https://static.www.nfl.com/image/upload/f_auto,q_auto/league/hx9yaocl4a6owbwaqajy",1,TEN,0,0,0,0,0,0,0,0,0,0,0,0,,0,,,0,0,0,0,0,0,,0,1,1,5,0,0,0,5,0,0,0.0059381150640547,0,1.0,0.0384615384615385,0.0265957446808511,0.0763093289689034,0,0.5,1.5
2020,POST,00-0032200,T.Montgomery,Ty Montgomery,WR,WR,"https://static.www.nfl.com/image/private/f_auto,q_auto/league/eagn4fvhnc9cp3wxeqoz",1,NO,0,0,0,0,0,0,0,0,0,0,0,0,,0,,,4,14,0,0,0,1,-0.477396204136312,0,1,1,13,0,0,0,6,7,1,0.925521961413324,0,2.16666666666667,0.0285714285714286,0.0292682926829268,0.0633449477351917,0,2.7,3.7
2020,POST,00-0032209,T.Yeldon,T.J. Yeldon,RB,RB,"https://static.www.nfl.com/image/private/f_auto,q_auto/league/ktxkn2ltkmqfb5ugunt4",2,BUF,0,0,0,0,0,0,0,0,0,0,0,0,,0,,,5,19,0,0,0,1,0.246843073691707,0,4,5,41,0,0,0,15,32,1,0.437602994439658,0,2.73333333333333,0.113636363636364,0.0432276657060519,0.200713911448782,0,6.0,10.0
2020,POST,00-0032211,T.Lockett,Tyler Lockett,WR,WR,"https://static.www.nfl.com/image/private/f_auto,q_auto/league/f9wttnkcqc2scahf9oth",1,SEA,0,0,0,0,0,0,0,0,0,0,0,0,,0,,,0,0,0,0,0,0,,0,2,4,43,0,0,0,84,5,2,1.4937761889305,0,0.511904761904762,0.153846153846154,0.212658227848101,0.379629990262902,0,4.3,6.3
2020,POST,00-0032392,A.Hooper,Austin Hooper,TE,TE,"https://static.www.nfl.com/image/private/f_auto,q_auto/league/jp2z8s6pcanbitupycwc",2,CLE,0,0,0,0,0,0,0,0,0,0,0,0,,0,,,0,0,0,0,0,0,,0,9,14,62,1,0,0,118,11,5,5.75732547241648,0,0.525423728813559,0.205882352941176,0.28992628992629,0.511771932360168,0,12.2,21.2
2020,POST,00-0032419,J.Haeg,Joe Haeg,T,OL,"https://static.www.nfl.com/image/private/f_auto,q_auto/league/r1dnsh9odto6vsiyzl9i",1,TB,0,0,0,0,0,0,0,0,0,0,0,0,,0,,,0,0,0,0,0,0,,0,0,1,0,0,0,0,2,0,0,-0.870834250526968,0,0.0,0.0344827586206897,0.0113636363636364,0.0596786833855799,0,0.0,0.0
2020,POST,00-0032450,D.Washington,Dwayne Washington,RB,RB,"https://static.www.nfl.com/image/private/f_auto,q_auto/league/h1nintlpbk2zyxerjpy4",1,NO,0,0,0,0,0,0,0,0,0,0,0,0,,0,,,1,2,0,0,0,0,-0.572510596713983,0,0,0,0,0,0,0,0,0,0,,0,,,,,0,0.2,0.2
2020,POST,00-0032464,K.Raymond,Kalif Raymond,WR,WR,"https://static.www.nfl.com/image/private/f_auto,q_auto/league/q2kahfn76dnnb1uxxorv",1,TEN,0,0,0,0,0,0,0,0,0,0,0,0,,0,,,0,0,0,0,0,0,,0,0,1,0,0,0,0,23,0,0,-2.70376658870373,0,0.0,0.0384615384615385,0.122340425531915,0.143330605564648,0,0.0,0.0
2020,POST,00-0032602,J.McKissic,J.D. McKissic,RB,RB,"https://static.www.nfl.com/image/private/f_auto,q_auto/league/zi77vkqwrmklt5ic6lc6",1,WAS,0,0,0,0,0,0,0,0,0,0,0,0,,0,,,2,5,1,0,0,1,1.84781813036534,0,2,3,8,0,0,0,-5,14,0,-0.861822431208566,0,-1.6,0.0731707317073171,-0.0129198966408269,0.100712169912397,0,7.3,9.3
2020,POST,00-0032764,D.Henry,Derrick Henry,RB,RB,"https://static.www.nfl.com/image/private/f_auto,q_auto/league/xpewyoieoj7zeub4fvff",1,TEN,0,0,0,0,0,0,0,0,0,0,0,0,,0,,,18,40,0,0,0,0,-5.64127944846405,0,3,3,11,0,0,0,3,8,0,-0.975723894184988,0,3.66666666666667,0.115384615384615,0.0159574468085106,0.184247135842881,0,5.1,8.1
2020,POST,00-0032765,M.Thomas,Michael Thomas,WR,WR,"https://static.www.nfl.com/image/private/f_auto,q_auto/league/sxldsbuw65hfmkzqhw96",2,NO,0,0,0,0,0,0,0,0,0,0,0,0,,0,,,0,0,0,0,0,0,,0,5,11,73,1,0,0,87,25,3,-5.30917471787072,0,0.839080459770115,0.154929577464789,0.223076923076923,0.388548212351029,0,13.3,18.3
2020,POST,00-0032775,D.Robinson,Demarcus Robinson,WR,WR,"https://static.www.nfl.com/image/private/f_auto,q_auto/league/ceqqkylismka583qo9kk",2,KC,0,0,0,0,0,0,0,0,0,0,0,0,,0,,,0,0,0,0,0,0,,0,2,5,25,0,0,0,75,4,2,-0.716813502163859,0,0.333333333333333,0.0602409638554217,0.120967741935484,0.175038865137971,0,2.5,4.5
2020,POST,00-0032897,D.Watt,Derek Watt,FB,RB,"https://static.www.nfl.com/image/private/f_auto,q_auto/league/jrhk6npb7u3tmgzt7rwn",1,PIT,0,0,0,0,0,0,0,0,0,0,0,0,,0,,,2,2,0,0,0,1,-1.1791511841584,0,0,0,0,0,0,0,0,0,0,,0,,,,,0,0.2,0.2
2020,POST,00-0032977,R.Higgins,Rashard Higgins,WR,WR,"https://static.www.nfl.com/image/private/f_auto,q_auto/league/mdn4he3iuc2mwx3cfvfj",2,CLE,0,0,0,0,0,0,0,0,0,0,0,0,,0,,,0,0,0,0,0,0,,0,7,14,116,0,1,0,162,28,5,-1.85538765857928,0,0.716049382716049,0.205882352941176,0.398034398034398,0.587447608035843,0,11.6,18.6
2020,POST,00-0033040,T.Hill,Tyreek Hill,WR,WR,"https://static.www.nfl.com/image/private/f_auto,q_auto/league/lsszbdnkusxc7mduw5be",3,KC,0,0,0,0,0,0,0,0,0,0,0,0,,0,,,4,14,0,0,0,1,0.862891286087688,0,24,31,355,0,0,0,308,186,15,17.3043269074299,0,1.1525974025974,0.256198347107438,0.371980676328502,0.644683994091109,0,36.9,60.9
2020,POST,00-0033106,J.Goff,Jared Goff,QB,QB,"https://static.www.nfl.com/image/private/f_auto,q_auto/league/nyitt4ybuzopzjzddafi",2,LA,30,46,329,2,0,6,41,0,0,350,109,16,-0.127374536303744,1,0.94,0.0401977021961297,5,10,0,0,0,1,-3.79936271207407,0,0,0,0,0,0,0,0,0,0,,0,,,,,0,24.16,24.16
2020,POST,00-0033110,T.Higbee,Tyler Higbee,TE,TE,"https://static.www.nfl.com/image/private/f_auto,q_auto/league/vk9c6lr4d1pdt9sr86ua",2,LA,0,0,0,0,0,0,0,0,0,0,0,0,,0,,,0,0,0,0,0,0,,0,3,5,9,0,0,0,35,0,0,-1.84151593153365,0,0.257142857142857,0.1,0.0892857142857143,0.2125,0,0.9,3.9
2020,POST,00-0033119,J.Brissett,Jacoby Brissett,QB,QB,"https://static.www.nfl.com/image/private/f_auto,q_auto/league/wapkj7gxu9waxattqkok",1,IND,0,0,0,0,0,0,0,0,0,0,0,0,,0,,,1,0,0,0,0,0,-0.256299605243839,0,0,0,0,0,0,0,0,0,0,,0,,,,,0,0.0,0.0
2020,POST,00-0033217,M.Alie-Cox,Mo Alie-Cox,TE,TE,"https://static.www.nfl.com/image/private/f_auto,q_auto/league/vaiszuzdtyszme2bkfxv",1,IND,0,0,0,0,0,0,0,0,0,0,0,0,,0,,,0,0,0,0,0,0,,0,4,4,32,0,0,0,24,8,2,3.15278147452045,0,1.33333333333333,0.0930232558139535,0.0794701986754967,0.195164022793778,0,3.2,7.2
2020,POST,00-0033251,Z.Pascal,Zach Pascal,WR,WR,"https://static.www.nfl.com/image/private/f_auto,q_auto/league/dnb115czpwythbso8avp",1,IND,0,0,0,0,0,0,0,0,0,0,0,0,,0,,,0,0,0,0,0,0,,0,3,5,37,1,0,0,38,11,3,3.72680412512273,0,0.973684210526316,0.116279069767442,0.125827814569536,0.262498074849838,0,9.7,12.7
2020,POST,00-0033293,A.Jones,Aaron Jones,RB,RB,"https://static.www.nfl.com/image/private/f_auto,q_auto/league/oo8yixhsahh4gznox7th",2,GB,0,0,0,0,0,0,0,0,0,0,0,0,,0,,,20,126,1,0,0,6,3.22362564579817,0,5,8,21,0,2,1,-8,29,2,-7.72383886494208,0,-2.625,0.1,-0.0127591706539075,0.141068580542265,0,18.7,23.7
2020,POST,00-0033357,T.Hill,Taysom Hill,QB,QB,"https://static.www.nfl.com/image/private/f_auto,q_auto/league/pjp1aahvacigoh0sorpg",1,NO,0,0,0,0,0,1,3,1,1,0,0,0,-6.10818244109396,0,,,4,15,0,0,0,2,0.030792124744039,0,2,2,5,0,0,0,1,4,0,-0.93120403913781,0,5.0,0.0555555555555556,0.0054054054054054,0.0871171171171171,0,0.0,2.0
2020,POST,00-0033376,P.Ricard,Patrick Ricard,FB,RB,"https://static.www.nfl.com/image/private/f_auto,q_auto/league/wfjtva8ytwkmlcehbz4c",2,BAL,0,0,0,0,0,0,0,0,0,0,0,0,,0,,,0,0,0,0,0,0,,0,4,5,37,0,0,0,4,33,2,2.20142847392708,0,9.25,0.0847457627118644,0.0077972709551656,0.132576733736413,0,3.7,7.7
2020,POST,00-0033387,J.Hollister,Jacob Hollister,TE,TE,"https://static.www.nfl.com/image/private/f_auto,q_auto/league/qdny7ap8ly1ozectd8zu",1,SEA,0,0,0,0,0,0,0,0,0,0,0,0,,0,,,0,0,0,0,0,0,,0,0,5,0,0,0,0,61,0,0,-3.79013001197018,0,0.0,0.192307692307692,0.154430379746835,0.396562804284323,0,0.0,0.0
2020,POST,00-0033455,A.Firkser,Anthony Firkser,TE,TE,"https://static.www.nfl.com/image/private/f_auto,q_auto/league/rta4x11kt1dt4hifufjq",1,TEN,0,0,0,0,0,0,0,0,0,0,0,0,,0,,,0,0,0,0,0,0,,0,2,2,44,0,0,0,9,35,2,3.86025848612189,0,4.88888888888889,0.0769230769230769,0.0478723404255319,0.148895253682488,0,4.4,6.4
2020,POST,00-0033466,I.McKenzie,Isaiah McKenzie,WR,WR,"https://static.www.nfl.com/image/upload/f_auto,q_auto/league/gy6grhpxsegfgklfadte",2,BUF,0,0,0,0,0,0,0,0,0,0,0,0,,0,,,2,9,0,0,0,2,2.96919019147754,0,3,3,14,1,0,0,2,12,2,1.77699052065145,0,7.0,0.0379746835443038,0.0029895366218236,0.0590547009517322,0,8.3,11.3
2020,POST,00-0033528,J.Sprinkle,Jeremy Sprinkle,TE,TE,"https://static.www.nfl.com/image/private/f_auto,q_auto/league/cncqiyqmj7ohm5k70bog",1,WAS,0,0,0,0,0,0,0,0,0,0,0,0,,0,,,0,0,0,0,0,0,,0,1,1,8,0,0,0,2,6,0,0.423322477377951,0,4.0,0.024390243902439,0.0051679586563307,0.0402029369130901,0,0.8,1.8
2020,POST,00-0033553,J.Conner,James Conner,RB,RB,"https://static.www.nfl.com/image/private/f_auto,q_auto/league/rmqdvrhlmhhyyrhp3vyu",1,PIT,0,0,0,0,0,0,0,0,0,0,0,0,,0,,,11,37,1,0,0,2,2.31320781161776,0,5,5,30,0,0,0,-9,39,2,2.74936622340465,1,-3.33333333333333,0.0735294117647059,-0.015929203539823,0.0991436751691827,0,14.7,19.7
2020,POST,00-0033589,D.Moore,David Moore,WR,WR,"https://static.www.nfl.com/image/private/f_auto,q_auto/league/mysdmg1kkmxc6cywb1jh",1,SEA,0,0,0,0,0,0,0,0,0,0,0,0,,0,,,1,4,0,0,0,0,-0.0237027839757502,0,1,1,1,0,0,0,-4,5,0,-0.608087200671434,0,0.0,0.0384615384615385,-0.010126582278481,0.050603700097371,0,0.5,1.5
2020,POST,00-0033594,C.Carson,Chris Carson,RB,RB,"https://static.www.nfl.com/image/private/f_auto,q_auto/league/zxjqunrgf4j8p2eg4xyl",1,SEA,0,0,0,0,0,0,0,0,0,0,0,0,,0,,,16,77,0,0,0,3,-1.26908073457889,0,1,2,5,0,0,0,25,9,0,-2.24444415229752,0,0.2,0.0769230769230769,0.0632911392405063,0.15968841285297,0,8.2,9.2
2020,POST,00-0033757,R.Tonyan,Robert Tonyan,TE,TE,"https://static.www.nfl.com/image/private/f_auto,q_auto/league/e4dqx11amod0silgghxw",2,GB,0,0,0,0,0,0,0,0,0,0,0,0,,0,,,0,0,0,0,0,0,,0,8,8,82,1,0,0,37,45,4,5.33123731339583,0,2.21621621621622,0.1,0.0590111642743222,0.191307814992026,0,14.2,22.2
2020,POST,00-0033856,L.Fournette,Leonard Fournette,RB,RB,"https://static.www.nfl.com/image/private/f_auto,q_auto/league/atxppoc7zqcjnbnk0awz",4,TB,0,0,0,0,0,0,0,0,0,0,0,0,,0,,,64,300,3,0,0,14,3.85300631128484,0,18,21,148,1,0,0,3,143,10,10.6762999927741,0,49.3333333333333,0.155555555555556,0.0029296875,0.235384114583333,0,68.8,86.8
2020,POST,00-0033857,J.Smith-Schuster,JuJu Smith-Schuster,WR,WR,"https://static.www.nfl.com/image/private/f_auto,q_auto/league/ypoituliieghtndjrzaz",1,PIT,0,0,0,0,0,0,0,0,0,0,0,0,,0,,,0,0,0,0,0,0,,0,13,19,157,1,0,0,193,41,7,9.46102240876644,0,0.813471502590674,0.279411764705882,0.341592920353982,0.658232691306611,0,21.7,34.7
2020,POST,00-0033858,J.Smith,Jonnu Smith,TE,TE,"https://static.www.nfl.com/image/private/f_auto,q_auto/league/hbnnjc8knqoc95vzyol4",1,TEN,0,0,0,0,0,0,0,0,0,0,0,0,,0,,,0,0,0,0,0,0,,0,2,3,9,0,0,0,8,2,0,-1.91588749107905,0,1.125,0.115384615384615,0.0425531914893617,0.202864157119476,0,0.9,2.9
2020,POST,00-0033869,M.Trubisky,Mitchell Trubisky,QB,QB,"https://static.www.nfl.com/image/private/f_auto,q_auto/league/egmpgvzck6v2unbh0plp",1,CHI,19,29,199,1,0,1,8,0,0,278,58,8,-2.48998585483059,0,0.715827338129496,0.040193746287086,3,10,0,0,0,1,-3.57875151501503,0,0,0,0,0,0,0,0,0,0,,0,,,,,0,12.96,12.96
2020,POST,00-0033871,C.Davis,Corey Davis,WR,WR,"https://static.www.nfl.com/image/private/f_auto,q_auto/league/hr0uv4ai1zhkn7nof2a2",1,TEN,0,0,0,0,0,0,0,0,0,0,0,0,,0,,,0,0,0,0,0,0,,0,0,2,0,0,0,0,12,0,0,-3.24862996457155,0,0.0,0.0769230769230769,0.0638297872340426,0.160065466448445,0,0.0,0.0
2020,POST,00-0033873,P.Mahomes,Patrick Mahomes,QB,QB,"https://static.www.nfl.com/image/private/f_auto,q_auto/league/oagzjdsdoezmp6frggrn",3,KC,76,117,850,4,2,4,27,1,0,772,464,43,18.3474007869412,0,1.10103626943005,0.102068753173191,13,52,1,0,0,5,0.45143826957792,0,0,0,0,0,0,0,0,0,0,,0,,,,,0,57.2,57.2
2020,POST,00-0033885,D.Njoku,David Njoku,TE,TE,"https://static.www.nfl.com/image/private/f_auto,q_auto/league/ilvxwdllivrvwbuj69cm",2,CLE,0,0,0,0,0,0,0,0,0,0,0,0,,0,,,0,0,0,0,0,0,,0,5,6,66,0,0,0,28,40,3,3.86436362122186,0,2.35714285714286,0.0882352941176471,0.0687960687960688,0.180510189333719,0,6.6,11.6
2020,POST,00-0033895,G.Everett,Gerald Everett,TE,TE,"https://static.www.nfl.com/image/private/f_auto,q_auto/league/te11unippqhdc6auox6i",2,LA,0,0,0,0,0,0,0,0,0,0,0,0,,0,,,0,0,0,0,0,0,,0,0,2,0,0,0,0,16,0,0,-2.08538723969832,0,0.0,0.04,0.0408163265306122,0.0885714285714286,0,0.0,0.0
2020,POST,00-0033906,A.Kamara,Alvin Kamara,RB,RB,"https://static.www.nfl.com/image/private/f_auto,q_auto/league/tl9enad6kiwv6cukf4vt",2,NO,0,0,0,0,0,0,0,0,0,0,0,0,,0,,,41,184,1,0,0,10,0.459912628840865,0,5,8,37,0,0,0,23,29,1,-5.62667852791492,0,1.60869565217391,0.112676056338028,0.058974358974359,0.210296135789094,0,28.1,33.1
2020,POST,00-0033908,C.Kupp,Cooper Kupp,WR,WR,"https://static.www.nfl.com/image/private/f_auto,q_auto/league/bkahtsjkvnom1sbnb6xm",1,LA,0,0,0,0,0,0,0,0,0,0,0,0,,0,,,0,0,0,0,0,0,,0,4,9,78,0,0,0,161,7,3,2.67700757051352,0,0.484472049689441,0.375,0.644,1.0133,0,7.8,11.8
2020,POST,00-0033921,C.Godwin,Chris Godwin,WR,WR,"https://static.www.nfl.com/image/private/f_auto,q_auto/league/rfdampf12giyojipbcxl",4,TB,0,0,0,0,0,0,0,0,0,0,0,0,,0,,,1,6,0,0,0,1,0.0882046736078337,0,16,32,232,1,0,0,340,104,10,10.6294114301392,0,0.682352941176471,0.237037037037037,0.253353204172876,0.532902798476569,0,29.8,45.8
2020,POST,00-0033923,K.Hunt,Kareem Hunt,RB,RB,"https://static.www.nfl.com/image/private/f_auto,q_auto/league/fmy9cgin9nv7ewyhsipr",2,CLE,0,0,0,0,0,0,0,0,0,0,0,0,,0,,,14,80,3,0,0,5,6.20914928906132,0,2,2,15,0,0,0,-9,24,1,0.659723592689261,0,-1.66666666666667,0.0294117647058824,-0.0221130221130221,0.028638531579708,0,27.5,29.5
2020,POST,00-0033943,J.Reynolds,Josh Reynolds,WR,WR,"https://static.www.nfl.com/image/private/f_auto,q_auto/league/sxrgouqg155xtgtzesy9",1,LA,0,0,0,0,0,0,0,0,0,0,0,0,,0,,,0,0,0,0,0,0,,0,3,4,65,0,0,0,47,23,3,4.08359689801,0,1.38297872340426,0.153846153846154,0.330985915492958,0.462459371614301,0,6.5,9.5
2020,POST,00-0033948,J.Williams,Jamaal Williams,RB,RB,"https://static.www.nfl.com/image/private/f_auto,q_auto/league/qerbr9qnhpn27cyogu4x",2,GB,0,0,0,0,0,0,0,0,0,0,0,0,,0,,,19,88,0,0,0,7,4.10611430360586,0,4,4,22,0,0,0,-4,26,1,0.511360613454599,0,-5.5,0.0869565217391304,-0.0129449838187702,0.121373293935556,0,11.0,15.0
2020,POST,00-0033955,J.McNichols,Jeremy McNichols,RB,RB,"https://static.www.nfl.com/image/private/f_auto,q_auto/league/lwcqsanzizt8sq0jnnpr",1,TEN,0,0,0,0,0,0,0,0,0,0,0,0,,0,,,1,4,0,0,0,0,-0.468736623763107,0,0,0,0,0,0,0,0,0,0,,0,,,,,0,0.4,0.4
2020,POST,00-0034104,C.Sims,Cam Sims,WR,WR,"https://static.www.nfl.com/image/private/f_auto,q_auto/league/rskkpergva4snsvgathy",1,WAS,0,0,0,0,0,0,0,0,0,0,0,0,,0,,,0,0,0,0,0,0,,0,7,13,104,0,0,0,160,23,5,2.68511924933409,0,0.65,0.317073170731707,0.41343669250646,0.765015440852083,0,10.4,17.4
2020,POST,00-0034159,W.Dissly,Will Dissly,TE,TE,"https://static.www.nfl.com/image/private/f_auto,q_auto/league/pschkqimqisrbnzeo8iz",1,SEA,0,0,0,0,0,0,0,0,0,0,0,0,,0,,,0,0,0,0,0,0,,0,1,2,1,0,0,0,5,1,0,-1.17884560581297,0,0.2,0.0769230769230769,0.0126582278481013,0.124245374878286,0,0.1,1.1
2020,POST,00-0034184,G.Edwards,Gus Edwards,RB,RB,"https://static.www.nfl.com/image/private/f_auto,q_auto/league/tvxpivjku1lbpf7tfafl",2,BAL,0,0,0,0,0,0,0,0,0,0,0,0,,0,,,18,80,0,1,0,8,0.807928447437007,0,0,0,0,0,0,0,0,0,0,,0,,,,,0,8.0,8.0
2020,POST,00-0034192,N.Keizer,Nick Keizer,TE,TE,"https://static.www.nfl.com/image/private/f_auto,q_auto/league/zuebnpizkvrjzmxlxf6v",1,KC,0,0,0,0,0,0,0,0,0,0,0,0,,0,,,0,0,0,0,0,0,,0,0,1,0,0,0,0,4,0,0,-0.461384366964921,0,0.0,0.0263157894736842,0.0192307692307692,0.0529352226720648,0,0.0,0.0
2020,POST,00-0034272,M.Valdes-Scantling,Marquez Valdes-Scantling,WR,WR,"https://static.www.nfl.com/image/private/f_auto,q_auto/league/zk2f2ivzdssgoaamf57u",2,GB,0,0,0,0,0,0,0,0,0,0,0,0,,0,,,0,0,0,0,0,0,,0,8,14,148,1,0,0,246,57,7,8.37441532397719,0,0.601626016260163,0.175,0.392344497607656,0.537141148325359,0,20.8,28.8
2020,POST,00-0034279,E.St. Brown,Equanimeous St. Brown,WR,WR,"https://static.www.nfl.com/image/private/f_auto,q_auto/league/rjtjvrencwsi1xlxnfll",2,GB,0,0,0,0,0,0,0,0,0,0,0,0,,0,,,0,0,0,0,0,0,,0,2,3,37,0,0,0,31,13,2,3.40522912936285,0,1.19354838709677,0.0375,0.0494417862838915,0.0908592503987241,0,3.7,5.7
2020,POST,00-0034297,B.Pringle,Byron Pringle,WR,WR,"https://static.www.nfl.com/image/private/f_auto,q_auto/league/qgwipkdsunodvqlumsmp",3,KC,0,0,0,0,0,0,0,0,0,0,0,0,,0,,,0,0,0,0,0,0,,0,6,10,39,0,0,0,55,13,2,-0.992392039392143,0,0.709090909090909,0.0826446280991736,0.0664251207729469,0.170464526689823,0,3.9,9.9
2020,POST,00-0034301,D.Williams,Darrel Williams,RB,RB,"https://static.www.nfl.com/image/private/f_auto,q_auto/league/qloiwle7db59cznhqhub",3,KC,0,0,0,0,0,0,0,0,0,0,0,0,,0,,,28,135,1,0,0,9,5.90513797174208,0,7,12,35,0,0,0,-8,53,3,-4.56081411695347,0,-4.375,0.0991735537190083,-0.0306513409961686,0.127304391881194,0,23.0,30.0
2020,POST,00-0034353,A.Miller,Anthony Miller,WR,WR,"https://static.www.nfl.com/image/private/f_auto,q_auto/league/t7d2vuwwmbpasriplvg6",1,CHI,0,0,0,0,0,0,0,0,0,0,0,0,,0,,,1,2,0,0,0,0,-0.371505405986682,0,2,3,22,0,0,0,29,1,1,-1.01525859371759,0,0.758620689655172,0.111111111111111,0.109848484848485,0.243560606060606,0,2.4,4.4
2020,POST,00-0034367,N.Hines,Nyheim Hines,RB,RB,"https://static.www.nfl.com/image/private/f_auto,q_auto/league/lgpfurgix754r54hvas4",1,IND,0,0,0,0,0,0,0,0,0,0,0,0,,0,,,6,75,0,0,0,2,3.81759848521324,0,1,3,8,0,0,0,3,4,1,0.816851136798505,0,2.66666666666667,0.0697674418604651,0.009933774834437,0.111604805174804,0,8.3,9.3
2020,POST,00-0034426,J.Wims,Javon Wims,WR,WR,"https://static.www.nfl.com/image/private/f_auto,q_auto/league/yz9qgdgesqc9nbkv832p",1,CHI,0,0,0,0,0,0,0,0,0,0,0,0,,0,,,0,0,0,0,0,0,,0,1,4,28,0,0,0,114,2,1,-1.07192162657157,0,0.245614035087719,0.148148148148148,0.431818181818182,0.52449494949495,0,2.8,3.8
2020,POST,00-0034521,A.Lazard,Allen Lazard,WR,WR,"https://static.www.nfl.com/image/private/f_auto,q_auto/league/blrzk3bfnpneuyhsqiqg",2,GB,0,0,0,0,0,0,0,0,0,0,0,0,,0,,,0,0,0,0,0,0,,0,7,14,158,1,0,0,196,58,7,9.67529446018378,0,0.806122448979592,0.175,0.312599681020734,0.481319776714514,0,21.8,28.8
2020,POST,00-0034597,R.Nall,Ryan Nall,RB,RB,"https://static.www.nfl.com/image/private/f_auto,q_auto/league/qh4cznlh73ud2b9loalu",1,CHI,0,0,0,0,0,0,0,0,0,0,0,0,,0,,,1,0,0,0,0,0,-0.340137664286885,0,0,0,0,0,0,0,0,0,0,,0,,,,,0,0.0,0.0
2020,POST,00-0034613,T.Hudson,Tanner Hudson,TE,TE,"https://static.www.nfl.com/image/private/f_auto,q_auto/league/dcrfuiyknwrwxsjsjf9q",1,TB,0,0,0,0,0,0,0,0,0,0,0,0,,0,,,0,0,0,0,0,0,,0,0,1,0,0,0,0,19,0,0,-0.495957957347855,0,0.0,0.0344827586206897,0.107954545454545,0.127292319749216,0,0.0,0.0
2020,POST,00-0034652,C.Batson,Cameron Batson,WR,WR,"https://static.www.nfl.com/image/private/f_auto,q_auto/league/pow47zamr7jdcca5ibsl",1,TEN,0,0,0,0,0,0,0,0,0,0,0,0,,0,,,0,0,0,0,0,0,,0,1,1,6,0,0,0,4,2,1,1.40626233327203,0,1.5,0.0384615384615385,0.0212765957446809,0.0725859247135843,0,0.6,1.6
2020,POST,00-0034676,J.Washington,James Washington,WR,WR,"https://static.www.nfl.com/image/private/f_auto,q_auto/league/z5svt5lojqlibpxitvty",1,PIT,0,0,0,0,0,0,0,0,0,0,0,0,,0,,,0,0,0,0,0,0,,0,5,6,72,0,0,0,73,22,4,2.74474864089279,0,0.986301369863014,0.0882352941176471,0.129203539823009,0.222795419052577,0,7.2,12.2
2020,POST,00-0034753,M.Andrews,Mark Andrews,TE,TE,"https://static.www.nfl.com/image/private/f_auto,q_auto/league/cv7h66mkpoalli9wfdqp",2,BAL,0,0,0,0,0,0,0,0,0,0,0,0,,0,,,0,0,0,0,0,0,,0,8,17,69,0,0,0,118,25,3,-14.8055514287368,0,0.584745762711864,0.288135593220339,0.230019493177388,0.59321703505468,0,6.9,14.9
2020,POST,00-0034765,T.Smith,Tre'Quan Smith,WR,WR,"https://static.www.nfl.com/image/private/f_auto,q_auto/league/w0fqbjft1n3akkw7o6jc",1,NO,0,0,0,0,0,0,0,0,0,0,0,0,,0,,,0,0,0,0,0,0,,0,3,3,85,2,0,0,57,28,3,9.17415845394135,0,1.49122807017544,0.0857142857142857,0.278048780487805,0.323205574912892,0,20.5,23.5
2020,POST,00-0034791,N.Chubb,Nick Chubb,RB,RB,"https://static.www.nfl.com/image/private/f_auto,q_auto/league/a8ib0haur75wrhqrbtyo",2,CLE,0,0,0,0,0,0,0,0,0,0,0,0,,0,,,31,145,0,0,0,7,0.251749146484988,0,6,9,73,1,0,0,-9,85,2,3.21133588592056,0,-8.11111111111111,0.132352941176471,-0.0221130221130221,0.18305029628559,0,27.8,33.8
2020,POST,00-0034796,L.Jackson,Lamar Jackson,QB,QB,"https://static.www.nfl.com/image/private/f_auto,q_auto/league/wj1fwvvkjaqztm56ybzu",2,BAL,31,48,341,0,2,8,38,0,0,386,130,12,-10.7727684825473,0,0.883419689119171,0.082711913169565,25,170,1,1,0,7,4.37157205777476,0,0,0,0,0,0,0,0,0,0,,0,,,,,0,32.64,32.64
2020,POST,00-0034816,R.Jones,Ronald Jones,RB,RB,"https://static.www.nfl.com/image/private/f_auto,q_auto/league/juku3wy4sv0xwobxw7xp",3,TB,0,0,0,0,0,0,0,0,0,0,0,0,,0,,,35,139,0,0,0,8,-3.5930543380091,0,0,2,0,0,0,0,0,0,0,-1.15586059726775,0,,0.032258064516129,0.0,0.0483870967741936,0,13.9,13.9
2020,POST,00-0034855,B.Mayfield,Baker Mayfield,QB,QB,"https://static.www.nfl.com/image/private/f_auto,q_auto/league/haglbmidyaxtimhctzlp",2,CLE,44,71,467,4,1,1,8,0,0,419,261,23,15.8962373684123,0,1.1145584725537,0.106907598431366,8,14,0,0,0,4,1.71921212627785,0,1,1,-8,0,0,0,-9,1,0,-1.11156375519931,0,0.0,0.0294117647058824,-0.0511363636363636,0.0083221925133689,0,33.28,34.28
2020,POST,00-0034857,J.Allen,Josh Allen,QB,QB,"https://static.www.nfl.com/image/private/f_auto,q_auto/league/ghmmndgjefpxziks7ntf",3,BUF,77,120,817,5,1,8,94,2,0,1082,295,44,1.16828376047637,0,0.755083179297597,0.0914074769411475,25,145,1,0,0,7,6.33824888146905,0,0,0,0,0,0,0,0,0,0,,0,,,,,0,71.18,71.18
2020,POST,00-0034899,J.Wolford,John Wolford,QB,QB,"https://static.www.nfl.com/image/private/f_auto,q_auto/league/uxzgrelwi10vk4vbx7lc",1,LA,3,6,29,0,0,1,0,0,0,60,5,2,-1.45031224971171,0,0.483333333333333,-0.0702503356342798,1,2,0,0,0,0,-0.306900775118265,0,0,0,0,0,0,0,0,0,0,,0,,,,,0,1.36,1.36
2020,POST,00-0034928,S.Sims,Steven Sims,WR,WR,"https://static.www.nfl.com/image/upload/f_auto,q_auto/league/lomie0vpvgt7kxel3rdr",1,WAS,0,0,0,0,0,0,0,0,0,0,0,0,,0,,,1,4,0,0,0,0,-0.119135142304003,0,3,4,33,1,0,0,37,1,2,4.44317284127465,0,0.891891891891892,0.0975609756097561,0.0956072351421188,0.213266528014117,0,9.7,12.7
2020,POST,00-0034975,J.Hill,Justice Hill,RB,RB,"https://static.www.nfl.com/image/private/f_auto,q_auto/league/v9xufmbbfauthnlpxcrc",1,BAL,0,0,0,0,0,0,0,0,0,0,0,0,,0,,,0,0,0,0,0,0,,0,0,1,0,0,0,0,-1,0,0,-0.490570352703799,0,0.0,0.0285714285714286,-0.0034722222222222,0.0404265873015873,0,0.0,0.0
2020,POST,00-0035140,M.Hardman,Mecole Hardman,WR,WR,"https://static.www.nfl.com/image/upload/f_auto,q_auto/league/rzs2xd5j7o7lz1ivk5te",3,KC,0,0,0,0,0,0,0,0,0,0,0,0,,0,,,2,54,0,0,0,1,3.00069964630529,0,8,13,66,1,0,0,43,82,4,-0.444217366108205,0,1.53488372093023,0.107438016528926,0.0519323671497585,0.197509681798219,0,18.0,26.0
2020,POST,00-0035215,D.Harty,Deonte Harty,WR,WR,"https://static.www.nfl.com/image/private/f_auto,q_auto/league/h72iki8fggkee1n2jpg6",2,NO,0,0,0,0,0,0,0,0,0,0,0,0,,0,,,1,-2,0,0,0,0,-1.34241596236825,0,8,8,82,0,0,0,20,62,5,8.2609234022093,0,4.1,0.112676056338028,0.0512820512820513,0.204911520404478,0,8.0,16.0
2020,POST,00-0035216,D.Johnson,Diontae Johnson,WR,WR,"https://static.www.nfl.com/image/private/f_auto,q_auto/league/imoqxbyoluisz2tmoral",1,PIT,0,0,0,0,0,0,0,0,0,0,0,0,,0,,,0,0,0,0,0,0,,0,11,16,117,0,0,0,183,28,8,-0.241282373695867,0,0.639344262295082,0.235294117647059,0.323893805309735,0.579666840187402,0,11.7,22.7
2020,POST,00-0035217,B.Snell,Benny Snell,RB,RB,"https://static.www.nfl.com/image/private/f_auto,q_auto/league/fo3ppnx6djkougdmpthf",1,PIT,0,0,0,0,0,0,0,0,0,0,0,0,,0,,,2,13,0,0,0,2,0.381351519667078,0,1,2,4,0,0,0,1,4,0,-6.04614154738374,0,4.0,0.0294117647058824,0.0017699115044247,0.0453565851119209,0,1.7,2.7
2020,POST,00-0035250,D.Singletary,Devin Singletary,RB,RB,"https://static.www.nfl.com/image/upload/f_auto,q_auto/league/ulczhsxmhnyrsyjfrhd5",3,BUF,0,0,0,0,0,0,0,0,0,0,0,0,,0,,,16,63,0,0,0,3,-2.51307611347875,0,8,9,44,0,0,0,7,36,1,-1.39530869532609,0,6.28571428571429,0.079646017699115,0.0067502410800385,0.1241941953047,0,10.7,18.7
2020,POST,00-0035298,S.Miller,Scott Miller,WR,WR,"https://static.www.nfl.com/image/private/f_auto,q_auto/league/op0lagoypltubc9t61qu",4,TB,0,0,0,0,0,0,0,0,0,0,0,0,,0,,,2,5,0,0,0,0,-0.389574007014744,0,4,6,80,1,0,0,75,7,3,8.36774074842198,0,1.06666666666667,0.0566037735849057,0.0643224699828473,0.129931389365352,0,14.5,18.5
2020,POST,00-0035406,L.Humphrey,Lil'Jordan Humphrey,WR,WR,"https://static.www.nfl.com/image/private/f_auto,q_auto/league/r58pqj96qunak08kld9u",1,NO,0,0,0,0,0,0,0,0,0,0,0,0,,0,,,0,0,0,0,0,0,,0,1,1,14,0,0,0,3,11,1,2.78476190753281,0,4.66666666666667,0.0277777777777778,0.0162162162162162,0.053018018018018,0,1.4,2.4
2020,POST,00-0035590,R.Ridley,Riley Ridley,WR,WR,"https://static.www.nfl.com/image/private/f_auto,q_auto/league/r9fsvecapqc351xr2qie",1,CHI,0,0,0,0,0,0,0,0,0,0,0,0,,0,,,0,0,0,0,0,0,,0,2,2,36,0,0,0,18,18,2,2.39655049348949,0,2.0,0.0740740740740741,0.0681818181818182,0.158838383838384,0,3.6,5.6
2020,POST,00-0035640,D.Metcalf,DK Metcalf,WR,WR,"https://static.www.nfl.com/image/private/f_auto,q_auto/league/u4cefcz7gjvby8c2kdkm",1,SEA,0,0,0,0,0,0,0,0,0,0,0,0,,0,,,0,0,0,0,0,0,,0,5,11,96,2,0,0,196,20,2,-5.02919188461965,0,0.489795918367347,0.423076923076923,0.49620253164557,0.981957156767283,0,21.6,26.6
2020,POST,00-0035659,T.McLaurin,Terry McLaurin,WR,WR,"https://static.www.nfl.com/image/private/f_auto,q_auto/league/jpprw1itmmg5nhrdwony",1,WAS,0,0,0,0,0,0,0,0,0,0,0,0,,0,,,0,0,0,0,0,0,,0,6,7,75,0,0,0,71,9,5,0.46409092459362,0,1.05633802816901,0.170731707317073,0.183462532299742,0.384521333585429,0,7.5,13.5
2020,POST,00-0035662,M.Brown,Marquise Brown,WR,WR,"https://static.www.nfl.com/image/private/f_auto,q_auto/league/wgxeuyqliuweurzeigyh",2,BAL,0,0,0,0,0,0,0,0,0,0,0,0,,0,,,2,19,0,0,0,1,1.41220660530962,0,11,16,196,0,0,0,263,54,7,10.7962244746715,0,0.745247148288973,0.271186440677966,0.512670565302144,0.76564905672845,0,21.5,32.5
2020,POST,00-0035676,A.Brown,A.J. Brown,WR,WR,"https://static.www.nfl.com/image/private/f_auto,q_auto/league/a014sgzctarbvhwb35lw",1,TEN,0,0,0,0,0,0,0,0,0,0,0,0,,0,,,0,0,0,0,0,0,,0,6,10,83,1,0,0,119,21,5,5.70726437756093,0,0.697478991596639,0.384615384615385,0.632978723404255,1.02000818330606,0,14.3,20.3
2020,POST,00-0035685,D.Montgomery,David Montgomery,RB,RB,"https://static.www.nfl.com/image/private/f_auto,q_auto/league/grd20lxzonco9jyg3ful",1,CHI,0,0,0,0,0,0,0,0,0,0,0,0,,0,,,12,31,0,0,0,2,-3.74331738648471,0,0,1,0,0,0,0,4,0,0,-1.32977557415143,0,0.0,0.037037037037037,0.0151515151515152,0.0661616161616162,0,3.1,3.1
2020,POST,00-0035689,D.Knox,Dawson Knox,TE,TE,"https://static.www.nfl.com/image/private/f_auto,q_auto/league/objioqafpfrffs0ublne",3,BUF,0,0,0,0,0,0,0,0,0,0,0,0,,0,,,0,0,0,0,0,0,,0,10,13,65,2,0,0,41,45,6,5.51495056943889,0,1.58536585365854,0.115044247787611,0.0395371263259402,0.200242360109574,0,18.5,28.5
2020,POST,00-0035703,M.Boykin,Miles Boykin,WR,WR,"https://static.www.nfl.com/image/private/f_auto,q_auto/league/khsjozu6q2xl8j6iq69x",2,BAL,0,0,0,0,0,0,0,0,0,0,0,0,,0,,,0,0,0,0,0,0,,0,3,5,20,0,0,0,54,5,0,-2.21216103824471,0,0.37037037037037,0.0847457627118644,0.105263157894737,0.200802854594112,0,2.0,5.0
2020,POST,00-0035993,T.Huntley,Tyler Huntley,QB,QB,"https://static.www.nfl.com/image/private/f_auto,q_auto/league/baup3eqjtmxnygrzbf61",1,BAL,6,13,60,0,0,1,8,1,0,116,21,3,-6.52832441183273,0,0.517241379310345,-0.0664275726608723,3,32,0,0,0,1,0.885258261376293,0,0,0,0,0,0,0,0,0,0,,0,,,,,0,5.6,5.6
2020,POST,00-0036142,I.Wright,Isaiah Wright,WR,WR,"https://static.www.nfl.com/image/private/f_auto,q_auto/league/ndgmtw52eaxjpuyfue4m",1,WAS,0,0,0,0,0,0,0,0,0,0,0,0,,0,,,0,0,0,0,0,0,,0,0,1,0,0,0,0,15,0,0,-0.448241154430434,0,0.0,0.024390243902439,0.0387596899224806,0.063717148799395,0,0.0,0.0
2020,POST,00-0036158,J.Dobbins,J.K. Dobbins,RB,RB,"https://static.www.nfl.com/image/private/f_auto,q_auto/league/rbp5kcbx7xqlqwqjvfrw",2,BAL,0,0,0,0,0,0,0,0,0,0,0,0,,0,,,19,85,1,0,0,7,-0.790663829218829,0,4,6,45,0,0,0,35,21,3,1.28132537758211,0,1.28571428571429,0.101694915254237,0.0682261208576998,0.200300657481746,0,19.0,23.0
2020,POST,00-0036182,N.Westbrook-Ikhine,Nick Westbrook-Ikhine,WR,WR,"https://static.www.nfl.com/image/private/f_auto,q_auto/league/orgr5wnkiabp4s03aqj3",1,TEN,0,0,0,0,0,0,0,0,0,0,0,0,,0,,,0,0,0,0,0,0,,0,2,2,17,0,0,0,15,2,1,0.654938957071863,0,1.13333333333333,0.0769230769230769,0.0797872340425532,0.171235679214403,0,1.7,3.7
2020,POST,00-0036196,G.Davis,Gabe Davis,WR,WR,"https://static.www.nfl.com/image/private/f_auto,q_auto/league/q5ofnb6w7gokbggfmbxp",3,BUF,0,0,0,0,0,0,0,0,0,0,0,0,,0,,,0,0,0,0,0,0,,0,4,11,85,0,0,0,172,0,4,0.613750044426565,0,0.494186046511628,0.0973451327433628,0.165863066538091,0.262121845691708,0,8.5,12.5
2020,POST,00-0036219,M.Callaway,Marquez Callaway,WR,WR,"https://static.www.nfl.com/image/private/f_auto,q_auto/league/qawwd0bzkayojoios5rh",1,NO,0,0,0,0,0,0,0,0,0,0,0,0,,0,,,0,0,0,0,0,0,,0,0,2,0,0,0,0,0,0,0,-1.11243806162383,0,,0.0571428571428571,,,0,0.0,0.0
2020,POST,00-0036223,J.Taylor,Jonathan Taylor,RB,RB,"https://static.www.nfl.com/image/private/f_auto,q_auto/league/xt7jhqpyb4may7k5kedb",1,IND,0,0,0,0,0,0,0,0,0,0,0,0,,0,,,21,78,1,0,0,7,-2.79047520909808,0,2,4,6,0,0,0,-10,14,1,-1.41583434395213,0,-0.6,0.0930232558139535,-0.033112582781457,0.11635607577391,0,14.4,16.4
2020,POST,00-0036232,H.Bryant,Harrison Bryant,TE,TE,"https://static.www.nfl.com/image/private/f_auto,q_auto/league/rqva2z0by1veklpxnzis",1,CLE,0,0,0,0,0,0,0,0,0,0,0,0,,0,,,0,0,0,0,0,0,,0,0,1,0,0,0,0,12,0,0,-0.404557959642261,0,0.0,0.0294117647058824,0.0681818181818182,0.0918449197860962,0,0.0,0.0
2020,POST,00-0036233,D.Peoples-Jones,Donovan Peoples-Jones,WR,WR,"https://static.www.nfl.com/image/upload/f_auto,q_auto/league/ffxbk2amwghaamfpjbmf",2,CLE,0,0,0,0,0,0,0,0,0,0,0,0,,0,,,0,0,0,0,0,0,,0,2,3,31,0,0,0,38,2,1,1.51716842106543,0,0.81578947368421,0.0441176470588235,0.0933660933660934,0.131532735944501,0,3.1,5.1
2020,POST,00-0036247,F.Swain,Freddie Swain,WR,WR,"https://static.www.nfl.com/image/private/f_auto,q_auto/league/paillx42r0zfukevnrw6",1,SEA,0,0,0,0,0,0,0,0,0,0,0,0,,0,,,0,0,0,0,0,0,,0,1,1,28,0,0,0,28,0,1,2.85528818180319,0,1.0,0.0384615384615385,0.0708860759493671,0.107312560856865,0,2.8,3.8
2020,POST,00-0036251,Z.Moss,Zack Moss,RB,RB,"https://static.www.nfl.com/image/private/f_auto,q_auto/league/ds6hvcx6s1vqihnaumm9",1,BUF,0,0,0,0,0,0,0,0,0,0,0,0,,0,,,7,21,0,0,0,0,-2.34378292236943,0,4,4,26,0,0,0,8,18,2,2.05651898001088,0,3.25,0.117647058823529,0.0217391304347826,0.191687979539642,0,4.7,8.7
2020,POST,00-0036252,M.Pittman,Michael Pittman,WR,WR,"https://static.www.nfl.com/image/private/f_auto,q_auto/league/wnymcombo2plamteihiy",1,IND,0,0,0,0,0,0,0,0,0,0,0,0,,0,,,1,11,0,0,0,1,0.80943115404807,0,5,10,90,0,1,0,66,54,3,-0.137675166504211,0,1.36363636363636,0.232558139534884,0.218543046357616,0.501817341752657,0,10.1,15.1
2020,POST,00-0036265,A.Dillon,A.J. Dillon,RB,RB,"https://static.www.nfl.com/image/private/f_auto,q_auto/league/dydcqdx4leta4rudagkq",2,GB,0,0,0,0,0,0,0,0,0,0,0,0,,0,,,9,44,0,1,0,1,0.0729531314573251,0,1,1,13,0,0,0,2,11,1,0.717395588057116,0,6.5,0.0217391304347826,0.0064724919093851,0.0371394399887435,0,5.7,6.7
2020,POST,00-0036290,C.Kmet,Cole Kmet,TE,TE,"https://static.www.nfl.com/image/private/f_auto,q_auto/league/ruq1ttpmssyydj0hxwfn",1,CHI,0,0,0,0,0,0,0,0,0,0,0,0,,0,,,0,0,0,0,0,0,,0,3,4,16,0,0,0,1,15,0,-2.40417434007395,0,16.0,0.148148148148148,0.0037878787878787,0.224873737373737,0,1.6,4.6
2020,POST,00-0036297,D.Evans,Darrynton Evans,RB,RB,"https://static.www.nfl.com/image/private/f_auto,q_auto/league/tidqje1qgfqwyiyk3wgz",1,TEN,0,0,0,0,0,0,0,0,0,0,0,0,,0,,,1,1,0,0,0,0,-0.536968074040487,0,0,0,0,0,0,0,0,0,0,,0,,,,,0,0.1,0.1
2020,POST,00-0036326,C.Claypool,Chase Claypool,WR,WR,"https://static.www.nfl.com/image/upload/f_auto,q_auto/league/hpgllfzaanonbfxweq9z",1,PIT,0,0,0,0,0,0,0,0,0,0,0,0,,0,,,0,0,0,0,0,0,,0,5,7,59,2,0,0,71,13,3,4.77310662332129,0,0.830985915492958,0.102941176470588,0.125663716814159,0.242376366475794,0,17.9,22.9
2020,POST,00-0036328,A.Gibson,Antonio Gibson,RB,RB,"https://static.www.nfl.com/image/private/f_auto,q_auto/league/c5aij3m4bakia6ygjqux",1,WAS,0,0,0,0,0,0,0,0,0,0,0,0,,0,,,14,31,0,0,0,2,-4.11168920033379,0,2,3,4,0,0,0,0,9,0,-1.35956888797227,0,0.0,0.0731707317073171,,,0,3.5,5.5
2020,POST,00-0036360,C.Edwards-Helaire,Clyde Edwards-Helaire,RB,RB,"https://static.www.nfl.com/image/private/f_auto,q_auto/league/ki0pdedjayv47nec4lh1",2,KC,0,0,0,0,0,0,0,0,0,0,0,0,,0,,,15,71,1,0,0,6,0.916609476786107,0,3,5,23,0,0,0,16,24,1,-1.74931326964656,0,1.4375,0.0595238095238095,0.0282186948853616,0.109038800705467,0,15.4,18.4
2020,POST,00-0036414,C.Akers,Cam Akers,RB,RB,"https://static.www.nfl.com/image/upload/f_auto,q_auto/league/q0soq6iusid0dczf94gf",2,LA,0,0,0,0,0,0,0,0,0,0,0,0,,0,,,46,221,2,0,0,13,5.34080017146782,0,3,3,51,0,0,0,8,43,1,3.20491022570059,1,6.375,0.06,0.0204081632653061,0.104285714285714,0,41.2,44.2
2020,POST,00-0036415,V.Jefferson,Van Jefferson,WR,WR,"https://static.www.nfl.com/image/upload/f_auto,q_auto/league/p7ymrzyadwaonjx8rsn0",1,LA,0,0,0,0,0,0,0,0,0,0,0,0,,0,,,0,0,0,0,0,0,,0,6,7,46,1,0,0,36,10,3,3.70134227426024,0,1.27777777777778,0.269230769230769,0.253521126760563,0.581310942578548,0,10.6,16.6
2020,POST,00-0036422,A.Trautman,Adam Trautman,TE,TE,"https://static.www.nfl.com/image/private/f_auto,q_auto/league/zdzicjvlqk43ssjhupwy",1,NO,0,0,0,0,0,0,0,0,0,0,0,0,,0,,,0,0,0,0,0,0,,0,1,3,4,0,0,0,6,3,0,-1.59146078175399,0,0.666666666666667,0.0833333333333333,0.0324324324324324,0.147702702702703,0,0.4,1.4
2020,POST,00-0036427,T.Johnson,Tyler Johnson,WR,WR,"https://static.www.nfl.com/image/private/f_auto,q_auto/league/catfrh97oi2duwa0hi8d",3,TB,0,0,0,0,0,0,0,0,0,0,0,0,,0,,,0,0,0,0,0,0,,0,2,4,31,0,0,0,57,1,2,2.86740052240202,0,0.543859649122807,0.0412371134020619,0.0626373626373626,0.105701823949247,0,3.1,5.1
2020,POST,00-0036450,K.Vaughn,Ke'Shawn Vaughn,RB,RB,"https://static.www.nfl.com/image/private/f_auto,q_auto/league/npa1msmoqbig9cqznkti",1,TB,0,0,0,0,0,0,0,0,0,0,0,0,,0,,,5,21,0,1,1,0,-5.61563986353576,0,0,1,0,0,0,0,0,0,0,-0.502494870917872,0,,0.0263157894736842,,,0,0.1,0.1
2020,REG+POST,00-0019596,T.Brady,Tom Brady,QB,QB,"https://static.www.nfl.com/image/private/f_auto,q_auto/league/q7dpdlxyu5rs05rgh1le",20,TB,482,748,5694,50,15,27,180,2,0,6903,2256,288,174.550931725399,0,0.824858757062147,0.162690826992535,43,3,4,4,1,8,-22.6205956888683,0,0,0,0,0,0,0,0,0,0,,0,,,,,0,420.06,420.06
2020,REG+POST,00-0020531,D.Brees,Drew Brees,QB,QB,"https://static.www.nfl.com/image/private/f_auto,q_auto/league/i20xlpzdmn7xubotijjd",14,NO,322,463,3341,27,9,13,89,6,2,2723,1700,169,64.7729857480367,0,1.22695556371649,0.113529417146712,23,3,2,1,0,7,-8.22202909182701,0,0,0,0,0,0,0,0,0,0,,0,,,,,0,231.94,231.94
2020,REG+POST,00-0022127,J.Witten,Jason Witten,TE,TE,"https://static.www.nfl.com/image/private/f_auto,q_auto/league/r7uafhtwuexuaty0nhsc",10,LV,0,0,0,0,0,0,0,0,0,0,0,0,,0,,,0,0,0,0,0,0,,0,13,17,69,2,0,0,91,20,8,2.40717795920572,0,0.758241758241758,0.0527950310559006,0.033641404805915,0.102741529947991,0,18.9,31.9
2020,REG+POST,00-0022787,M.Schaub,Matt Schaub,QB,QB,"https://static.www.nfl.com/image/private/f_auto,q_auto/league/mj2kh2nddxnw04ludcx0",1,ATL,0,0,0,0,0,0,0,0,0,0,0,0,,0,,,3,-4,0,0,0,0,0.0,0,0,0,0,0,0,0,0,0,0,,0,,,,,0,-0.4,-0.4
2020,REG+POST,00-0022824,A.Lee,Andy Lee,P,SPEC,"https://static.www.nfl.com/image/private/f_auto,q_auto/league/bfozbs2h9jueavslvw3z",1,ARI,1,1,26,0,0,0,0,0,0,14,12,1,4.01401143427938,0,1.85714285714286,,0,0,0,0,0,0,,0,0,0,0,0,0,0,0,0,0,,0,,,,,0,1.04,1.04
2020,REG+POST,00-0022921,L.Fitzgerald,Larry Fitzgerald,WR,WR,"https://static.www.nfl.com/image/private/f_auto,q_auto/league/ycgjjaad5un42gy4pnga",13,ARI,0,0,0,0,0,0,0,0,0,0,0,0,,0,,,0,0,0,0,0,0,,0,54,72,409,1,0,0,432,185,25,-1.77135091712221,0,0.946759259259259,0.160714285714286,0.117136659436009,0.323067090176635,0,46.9,100.9
2020,REG+POST,00-0022924,B.Roethlisberger,Ben Roethlisberger,QB,QB,"https://static.www.nfl.com/image/private/f_auto,q_auto/league/vziogpnyp9d0xtpiuqhr",16,PIT,446,676,4304,37,14,13,118,2,0,4790,2139,222,63.0390347237371,3,0.898538622129436,0.0900457391060268,26,11,0,3,1,3,-27.6611948065402,0,0,0,0,0,0,0,0,0,0,,0,,,,,0,297.26,297.26
2020,REG+POST,00-0022942,P.Rivers,Philip Rivers,QB,QB,"https://static.www.nfl.com/image/private/f_auto,q_auto/league/voakyrtj34sghkwxaxxf",17,IND,396,589,4478,26,11,19,118,2,1,4240,2341,217,118.091387512011,2,1.0561320754717,0.132706241796176,19,-9,0,0,0,0,-10.1186976300087,0,0,0,0,0,0,0,0,0,0,,0,,,,,0,262.22,262.22
2020,REG+POST,00-0023436,A.Smith,Alex Smith,QB,QB,"https://static.www.nfl.com/image/private/f_auto,q_auto/league/dpa5d1a8jj6jdymocjkx",8,WAS,168,252,1582,6,8,22,139,1,0,1286,949,74,-32.6878689983144,0,1.23017107309487,0.0222355363314698,10,3,0,1,0,0,-6.43406342438539,0,0,0,0,0,0,0,0,0,0,,0,,,,,0,71.58,71.58
2020,REG+POST,00-0023459,A.Rodgers,Aaron Rodgers,QB,QB,"https://static.www.nfl.com/image/private/f_auto,q_auto/league/gnta8ufi2vdp967dui9e",18,GB,428,610,4941,53,6,25,214,1,1,4800,2575,250,211.444070165456,0,1.029375,0.212427598044526,42,146,4,3,1,16,0.532011750998208,0,1,1,-6,0,0,0,-4,-2,0,-1.35517050104681,0,0.0,0.0333333333333333,-0.0144404332129964,0.0398916967509025,0,431.64,432.64
2020,REG+POST,00-0023500,F.Gore,Frank Gore,RB,RB,"https://static.www.nfl.com/image/private/f_auto,q_auto/league/lxxkhd2suyalrbruzut7",15,NYJ,0,0,0,0,0,0,0,0,0,0,0,0,,0,,,187,653,2,1,1,32,-41.3060186753885,0,16,19,89,0,0,0,34,73,3,0.434208778071666,0,2.61764705882353,0.063973063973064,0.0124132895217233,0.104648898624802,0,84.2,100.2
2020,REG+POST,00-0023682,R.Fitzpatrick,Ryan Fitzpatrick,QB,QB,"https://static.www.nfl.com/image/private/f_auto,q_auto/league/pkhhxwplsawnhln9rsun",9,MIA,183,267,2091,13,8,14,65,2,0,2080,855,106,46.587217994682,2,1.00528846153846,0.155538775709352,30,151,2,0,0,12,3.83983839525071,1,1,1,0,0,0,0,-4,4,0,-1.53161310218275,0,0.0,0.05,-0.0277777777777778,0.0555555555555556,0,152.74,153.74
2020,REG+POST,00-0024243,M.Lewis,Marcedes Lewis,TE,TE,"https://static.www.nfl.com/image/private/f_auto,q_auto/league/ppq07tipygpftz5csipx",11,GB,0,0,0,0,0,0,0,0,0,0,0,0,,0,,,0,0,0,0,0,0,,0,13,20,135,3,0,0,123,73,7,6.21457260160241,0,1.09756097560976,0.0568181818181818,0.047711404189294,0.118625255659779,0,31.5,44.5
2020,REG+POST,00-0024417,S.Koch,Sam Koch,P,SPEC,"https://static.www.nfl.com/image/private/f_auto,q_auto/league/dw34lcf6qit1i1knjhpv",1,BAL,1,1,15,0,0,0,0,0,0,9,6,1,3.39332748652669,0,1.66666666666667,,0,0,0,0,0,0,,0,0,0,0,0,0,0,0,0,0,,0,,,,,0,0.6,0.6
2020,REG+POST,00-0025394,A.Peterson,Adrian Peterson,RB,RB,"https://static.www.nfl.com/image/private/f_auto,q_auto/league/ug2ua3skqc9f6vkbowxc",16,DET,0,0,0,0,0,0,0,0,0,0,0,0,,0,,,156,604,7,0,0,34,-12.1361778227416,0,12,18,101,0,0,0,-6,103,4,1.72258458001306,0,-16.8333333333333,0.0459183673469388,-0.0026881720430107,0.0669958305903007,0,112.5,124.5
2020,REG+POST,00-0025396,T.Ginn,Ted Ginn,WR,WR,"https://static.www.nfl.com/image/private/f_auto,q_auto/league/o4m4txrv9l7odyebnea4",3,CHI,0,0,0,0,0,0,0,0,0,0,0,0,,0,,,0,0,0,0,0,0,,0,3,6,40,0,0,0,121,10,1,-0.610650056041777,0,0.330578512396694,0.047244094488189,0.0970328789093825,0.138789156968851,0,4.0,7.0
2020,REG+POST,00-0025418,G.Olsen,Greg Olsen,TE,TE,"https://static.www.nfl.com/image/private/f_auto,q_auto/league/jevf1bubmrv2vvmiwq3r",11,SEA,0,0,0,0,0,0,0,0,0,0,0,0,,0,,,0,0,0,0,0,0,,0,24,37,239,1,0,0,289,49,16,2.12737633229699,0,0.826989619377163,0.0984042553191489,0.0872057936028968,0.208650438500751,0,29.9,53.9
2020,REG+POST,00-0025825,B.Kern,Brett Kern,P,SPEC,"https://static.www.nfl.com/image/private/f_auto,q_auto/league/dbph1kuozunx3aorpeiw",1,TEN,0,1,0,0,0,0,0,0,0,18,0,0,-1.87632871506503,0,0.0,,0,0,0,0,0,0,,0,0,0,0,0,0,0,0,0,0,,0,,,,,0,0.0,0.0
2020,REG+POST,00-0026035,D.Amendola,Danny Amendola,WR,WR,"https://static.www.nfl.com/image/private/f_auto,q_auto/league/etz06w7s0ardf49mnayz",14,DET,0,0,0,0,0,0,0,0,0,0,0,0,,0,,,1,2,0,0,0,1,0.768512432463467,0,46,69,602,0,0,0,558,290,30,12.3174274777776,0,1.07885304659498,0.141393442622951,0.127718013275349,0.30149277322717,0,60.4,106.4
2020,REG+POST,00-0026143,M.Ryan,Matt Ryan,QB,QB,"https://static.www.nfl.com/image/private/f_auto,q_auto/league/s6zam4ekrrnonsck6vak",16,ATL,407,626,4581,26,11,41,257,4,2,5342,1642,242,68.4108926931029,1,0.857543991014601,0.106728641657352,29,92,2,2,1,8,0.824625089116278,0,0,0,0,0,0,0,0,0,0,,0,,,,,0,282.44,282.44
2020,REG+POST,00-0026158,J.Flacco,Joe Flacco,QB,QB,"https://static.www.nfl.com/image/upload/f_auto,q_auto/league/dwsbpmlhoqud0puidizt",5,NYJ,74,134,864,6,3,7,69,0,0,1425,342,36,-9.16509219527826,0,0.606315789473684,0.040602100670951,6,22,0,1,0,3,-0.23114876751788,0,0,0,0,0,0,0,0,0,0,,0,,,,,0,54.76,54.76
2020,REG+POST,00-0026189,D.Jackson,DeSean Jackson,WR,WR,"https://static.www.nfl.com/image/private/f_auto,q_auto/league/pr5m864fqvnoozihylrh",5,PHI,0,0,0,0,0,0,0,0,0,0,0,0,,0,,,1,12,0,0,0,1,0.816131649306044,0,14,26,236,1,0,0,432,65,10,7.33700197882717,0,0.546296296296296,0.128712871287129,0.240936977133296,0.361725190924,0,30.8,44.8
2020,REG+POST,00-0026197,C.Henne,Chad Henne,QB,QB,"https://static.www.nfl.com/image/private/f_auto,q_auto/league/ornr9pcnzveqlntqc7jx",4,KC,34,46,314,2,1,3,10,0,0,237,230,19,13.9607251533296,0,1.32489451476793,0.151868205350857,9,10,1,2,0,1,-2.85150157948374,0,0,0,0,0,0,0,0,0,0,,0,,,,,0,25.56,25.56
2020,REG+POST,00-0026498,M.Stafford,Matthew Stafford,QB,QB,"https://static.www.nfl.com/image/private/f_auto,q_auto/league/icjfdfsncqlsqe49iujv",16,DET,339,528,4084,26,10,38,254,2,1,4609,1741,205,55.8468982056401,2,0.886092427858538,0.105490167340683,29,112,0,0,0,12,4.18276868783307,0,0,1,0,0,0,0,15,0,0,-0.46816249890253,0,0.0,0.0238095238095238,0.0454545454545455,0.0675324675324675,0,260.56,260.56
2020,REG+POST,00-0026544,C.Daniel,Chase Daniel,QB,QB,"https://static.www.nfl.com/image/private/f_auto,q_auto/league/jt8fvgeyuhsbpo9m9t4x",4,DET,29,43,264,1,2,3,29,0,0,275,119,14,-14.9569615115686,0,0.96,0.0230593547415953,2,16,0,0,0,1,0.868184191640467,0,0,0,0,0,0,0,0,0,0,,0,,,,,0,12.16,12.16
2020,REG+POST,00-0026625,B.Hoyer,Brian Hoyer,QB,QB,"https://static.www.nfl.com/image/private/f_auto,q_auto/league/japt3mj2xctm7saqndxn",1,NE,15,24,130,0,1,2,18,1,1,196,56,8,-9.24764576118516,0,0.663265306122449,0.0200984774441612,1,8,0,0,0,1,1.70234150020406,0,0,0,0,0,0,0,0,0,0,,0,,,,,0,2.0,2.0
2020,REG+POST,00-0027029,L.McCoy,LeSean McCoy,RB,RB,"https://static.www.nfl.com/image/private/f_auto,q_auto/league/cpc1a2dgivdyevuncz7p",8,TB,0,0,0,0,0,0,0,0,0,0,0,0,,0,,,10,31,0,0,0,2,-1.9287201721454,0,15,19,101,0,0,0,19,102,3,-0.595304243611565,0,5.31578947368421,0.0671378091872792,0.0075546719681908,0.105994984158652,0,13.2,28.2
2020,REG+POST,00-0027061,J.Cook,Jared Cook,TE,TE,"https://static.www.nfl.com/image/private/f_auto,q_auto/league/cthoenebptadlu4g928v",17,NO,0,0,0,0,0,0,0,0,0,0,0,0,,0,,,0,0,0,0,0,0,,0,46,74,572,7,2,2,804,147,29,17.0268524990837,0,0.711442786069652,0.133574007220217,0.238859180035651,0.36756243685528,0,95.2,141.2
2020,REG+POST,00-0027150,J.Edelman,Julian Edelman,WR,WR,"https://static.www.nfl.com/image/private/f_auto,q_auto/league/u0hbuo2bsvtlg7lnxm43",6,NE,2,2,38,0,0,0,0,0,0,-2,40,2,3.44430480233859,0,0.0,,2,22,0,0,0,1,1.48736091796309,0,21,39,315,0,0,0,401,64,18,-0.345738551527124,0,0.785536159600998,0.224137931034483,0.338111298482293,0.57288480548933,0,35.22,56.22
2020,REG+POST,00-0027647,D.McCourty,Devin McCourty,FS,DB,"https://static.www.nfl.com/image/private/f_auto,q_auto/league/ykgtrwxckxvxdvadgqjf",1,NE,0,0,0,0,0,0,0,0,0,0,0,0,,0,,,0,0,0,0,0,0,,0,0,0,0,0,0,0,0,0,0,,0,,,,,1,6.0,6.0
2020,REG+POST,00-0027656,R.Gronkowski,Rob Gronkowski,TE,TE,"https://static.www.nfl.com/image/private/f_auto,q_auto/league/svpo7chliiymc0r7hegp",20,TB,0,0,0,0,0,0,0,0,0,0,0,0,,0,,,0,0,0,0,0,0,,0,53,91,733,9,1,0,970,322,35,28.6321026063281,0,0.755670103092784,0.12280701754386,0.140579710144928,0.282616323417239,0,127.3,180.3
2020,REG+POST,00-0027685,E.Sanders,Emmanuel Sanders,WR,WR,"https://static.www.nfl.com/image/private/f_auto,q_auto/league/potkibjtm855tsawozs0",16,NO,0,0,0,0,0,0,0,0,0,0,0,0,,0,,,1,12,0,0,0,1,1.14544692775235,0,69,94,777,5,1,0,807,191,37,34.8013272515572,0,0.962825278810409,0.186878727634195,0.249690594059406,0.455101507292877,0,108.9,177.9
2020,REG+POST,00-0027688,C.McCoy,Colt McCoy,QB,QB,"https://static.www.nfl.com/image/private/f_auto,q_auto/league/mvcoi7f6thyudufnh0dx",4,NYG,40,66,375,1,1,5,24,1,1,590,127,19,-9.66405274132785,1,0.635593220338983,0.0160452696872036,9,12,0,0,0,0,-4.81935295957374,0,0,0,0,0,0,0,0,0,0,,0,,,,,0,18.2,18.2
2020,REG+POST,00-0027691,A.Roberts,Andre Roberts,WR,WR,"https://static.www.nfl.com/image/private/f_auto,q_auto/league/hjoyjewh7knoafxt4k93",3,BUF,0,0,0,0,0,0,0,0,0,0,0,0,,0,,,1,-3,0,0,0,0,-1.13362496579066,0,4,5,34,0,0,0,48,5,2,-1.62398156931158,0,0.708333333333333,0.0434782608695652,0.049079754601227,0.0995732195252067,0,3.1,7.1
2020,REG+POST,00-0027696,J.Graham,Jimmy Graham,TE,TE,"https://static.www.nfl.com/image/private/f_auto,q_auto/league/h7xs06oj6g03mippwtse",17,CHI,0,0,0,0,0,0,0,0,0,0,0,0,,0,,,0,0,0,0,0,0,,0,52,78,481,9,1,0,540,202,33,11.9412907479662,0,0.890740740740741,0.125200642054575,0.107784431137725,0.263250064878269,0,102.1,154.1
2020,REG+POST,00-0027793,A.Brown,Antonio Brown,WR,WR,"https://static.www.nfl.com/image/private/f_auto,q_auto/league/ecxsx9t7bfg42bgfwj3v",11,TB,0,0,0,0,0,0,0,0,0,0,0,0,,0,,,3,20,0,0,0,1,0.587757532251999,0,53,74,564,6,0,0,674,273,32,27.5508568724838,0,0.836795252225519,0.181818181818182,0.174385510996119,0.394797130424556,0,94.4,147.4
2020,REG+POST,00-0027891,G.Tate,Golden Tate,WR,WR,"https://static.www.nfl.com/image/private/f_auto,q_auto/league/yfqebrp2o9t1gt1wqjku",12,NYG,1,2,18,0,0,0,0,0,0,-9,23,1,1.86539821606129,0,0.0,,0,0,0,0,0,0,,0,35,52,388,2,0,0,464,75,19,13.4693602814536,0,0.836206896551724,0.143646408839779,0.163726182074806,0.330077940712033,0,51.52,86.52
2020,REG+POST,00-0027902,D.Bryant,Dez Bryant,WR,WR,"https://static.www.nfl.com/image/private/f_auto,q_auto/league/jmggujwkiv7osgkhhnhl",6,BAL,0,0,0,0,0,0,0,0,0,0,0,0,,0,,,0,0,0,0,0,0,,0,6,13,47,2,0,0,71,34,3,-0.0155170818814043,0,0.661971830985916,0.0844155844155844,0.052437223042836,0.163329432753362,0,16.7,22.7
2020,REG+POST,00-0027939,C.Newton,Cam Newton,QB,QB,"https://static.www.nfl.com/image/private/f_auto,q_auto/league/zwmgw2gmnn2kch4nquft",15,NE,242,368,2657,8,10,31,195,1,0,2496,1258,133,-4.5400389419296,1,1.06450320512821,0.0626806553065101,137,592,12,5,1,55,20.2935531048485,0,2,2,35,1,0,0,17,18,2,3.74552738224156,0,2.05882352941176,0.0350877192982456,0.0497076023391813,0.0874269005847953,0,258.98,260.98
2020,REG+POST,00-0027942,A.Green,A.J. Green,WR,WR,"https://static.www.nfl.com/image/private/f_auto,q_auto/league/guj5a9vnnzqfiljupzuj",16,CIN,0,0,0,0,0,0,0,0,0,0,0,0,,0,,,0,0,0,0,0,0,,0,47,104,523,2,0,0,1427,86,34,-15.2647123801793,0,0.366503153468816,0.183745583038869,0.309544468546638,0.49229950254095,0,64.3,111.3
2020,REG+POST,00-0027944,J.Jones,Julio Jones,WR,WR,"https://static.www.nfl.com/image/upload/f_auto,q_auto/league/omrddf2phtyztzx2nup1",9,ATL,0,0,0,0,0,0,0,0,0,0,0,0,,0,,,0,0,0,0,0,0,,0,51,68,771,3,0,0,764,231,36,53.4286603387651,0,1.00916230366492,0.2,0.246134020618557,0.47229381443299,0,95.1,146.1
2020,REG+POST,00-0027948,B.Gabbert,Blaine Gabbert,QB,QB,"https://static.www.nfl.com/image/private/f_auto,q_auto/league/fphhd3wedamgkps6e0dl",4,TB,9,16,143,2,0,1,7,1,0,108,80,5,-0.590525527818066,0,1.32407407407407,0.0830360497213239,9,16,0,0,0,0,-4.02362266235286,0,0,0,0,0,0,0,0,0,0,,0,,,,,0,15.32,15.32
2020,REG+POST,00-0027966,M.Ingram,Mark Ingram,RB,RB,"https://static.www.nfl.com/image/private/f_auto,q_auto/league/qyju9wutyssrf0b26ran",10,BAL,0,0,0,0,0,0,0,0,0,0,0,0,,0,,,72,299,2,0,0,14,-5.5695666137326,0,6,8,50,0,0,0,12,49,2,0.0420437567330381,0,4.16666666666667,0.0645161290322581,0.0105820105820106,0.104181600955795,0,46.9,52.9
2020,REG+POST,00-0027973,A.Dalton,Andy Dalton,QB,QB,"https://static.www.nfl.com/image/private/f_auto,q_auto/league/xrwmjyexhhwpoxhtrhl2",11,DAL,216,333,2170,14,8,24,184,1,0,2289,1043,116,-11.2008700456631,0,0.948012232415902,0.0570231458623103,28,114,0,1,1,11,2.24158073405879,0,1,1,-3,0,0,0,-7,4,0,-1.70650344807655,0,0.0,0.032258064516129,-0.0346534653465347,0.0241296710316193,0,135.9,136.9
2020,REG+POST,00-0027981,K.Rudolph,Kyle Rudolph,TE,TE,"https://static.www.nfl.com/image/private/f_auto,q_auto/league/mtvrkfel5750mlevcvtp",12,MIN,0,0,0,0,0,0,0,0,0,0,0,0,,0,,,0,0,0,0,0,0,,0,28,37,334,1,1,1,261,164,16,8.67204154228239,0,1.27969348659004,0.107558139534884,0.0860250494396836,0.221554743910104,0,37.4,65.4
2020,REG+POST,00-0028002,R.Cobb,Randall Cobb,WR,WR,"https://static.www.nfl.com/image/private/f_auto,q_auto/league/kuwo5hnkbtesfw6n9w1s",10,HOU,0,1,0,0,0,0,0,0,0,7,0,0,-0.517371096415445,0,0.0,,0,0,0,0,0,0,,0,38,48,441,3,0,0,323,171,20,25.8675013994315,0,1.36532507739938,0.146788990825688,0.115398356555913,0.300962335827671,0,62.1,100.1
2020,REG+POST,00-0028042,L.Stocker,Luke Stocker,TE,TE,"https://static.www.nfl.com/image/private/f_auto,q_auto/league/keoilbfzupthtliuou1a",9,ATL,0,0,0,0,0,0,0,0,0,0,0,0,,0,,,0,0,0,0,0,0,,0,7,11,63,0,0,0,21,52,4,1.05419545818586,0,3.0,0.030812324929972,0.0078241430700447,0.0516953875439893,0,6.3,13.3
2020,REG+POST,00-0028063,T.Jones,Taiwan Jones,RB,RB,"https://static.www.nfl.com/image/private/f_auto,q_auto/league/va09vgfr7bdc2wb6ikq4",2,BUF,0,0,0,0,0,0,0,0,0,0,0,0,,0,,,0,0,0,0,0,0,,0,0,2,0,0,0,0,44,0,0,-1.0273529724218,0,0.0,0.0240963855421687,0.0572171651495449,0.0761965939179344,0,0.0,0.0
2020,REG+POST,00-0028074,A.Sherman,Anthony Sherman,RB,RB,"https://static.www.nfl.com/image/private/f_auto,q_auto/league/ibmfpy4ztgmqfwtood5x",4,KC,0,0,0,0,0,0,0,0,0,0,0,0,,0,,,3,8,0,0,0,2,-0.407741759438068,0,1,2,5,1,0,0,8,7,1,2.33520979678724,0,0.625,0.0266666666666667,0.0121212121212121,0.0484848484848485,0,7.3,8.3
2020,REG+POST,00-0028087,D.Lewis,Dion Lewis,RB,RB,"https://static.www.nfl.com/image/private/f_auto,q_auto/league/erzmtaaz3eimbg998hyq",16,NYG,0,0,0,0,0,0,0,0,0,0,0,0,,0,,,29,115,2,1,1,8,-3.74817786923117,0,19,30,127,1,0,0,69,80,8,0.112996895198689,0,1.84057971014493,0.0779220779220779,0.0237276478679505,0.133492470390682,0,40.2,59.2
2020,REG+POST,00-0028097,L.Smith,Lee Smith,TE,TE,"https://static.www.nfl.com/image/private/f_auto,q_auto/league/gcaqwhzrinlqicrljwlr",5,BUF,0,0,0,0,0,0,0,0,0,0,0,0,,0,,,0,0,0,0,0,0,,0,4,6,35,2,0,0,22,20,3,-0.136273412732407,0,1.59090909090909,0.0355029585798817,0.0148749154834348,0.0636668787082268,0,15.5,19.5
2020,REG+POST,00-0028118,T.Taylor,Tyrod Taylor,QB,QB,"https://static.www.nfl.com/image/private/f_auto,q_auto/league/qx6t1lqmc9ws9ledobzn",1,LAC,16,30,208,0,0,2,1,0,0,335,80,10,-0.191233058797653,0,0.62089552238806,0.0103464676481234,6,7,0,0,0,1,-5.52457466511987,0,0,0,0,0,0,0,0,0,0,,0,,,,,0,9.02,9.02
2020,REG+POST,00-0028142,V.Green,Virgil Green,TE,TE,"https://static.www.nfl.com/image/private/f_auto,q_auto/league/wcdedz1qf7ybkujat6bu",4,LAC,0,0,0,0,0,0,0,0,0,0,0,0,,0,,,0,0,0,0,0,0,,0,3,6,50,1,0,0,71,23,2,1.91384556214325,0,0.704225352112676,0.0397350993377483,0.0525147928994083,0.0963630040362083,0,11.0,14.0
2020,REG+POST,00-0028149,B.Miller,Bruce Miller,FB,RB,"https://static.www.nfl.com/image/private/f_auto,q_auto/league/xmxfgtmbvqxhpp3ldkwq",2,JAX,0,0,0,0,0,0,0,0,0,0,0,0,,0,,,0,0,0,0,0,0,,0,1,2,2,0,0,0,-3,3,1,-0.0793008737964556,0,-0.666666666666667,0.03125,-0.0064516129032258,0.0423588709677419,0,0.2,1.2
2020,REG+POST,00-0028237,C.Hogan,Chris Hogan,WR,WR,"https://static.www.nfl.com/image/private/f_auto,q_auto/league/fmpqnciwjqicsjzy63mc",5,NYJ,0,0,0,0,0,0,0,0,0,0,0,0,,0,,,0,0,0,0,0,0,,0,14,26,118,0,0,0,259,40,6,-6.5946911172861,0,0.455598455598456,0.157575757575758,0.197860962566845,0.374866310160428,0,11.8,25.8
2020,REG+POST,00-0028292,N.Bellore,Nick Bellore,ILB,LB,"https://static.www.nfl.com/image/private/f_auto,q_auto/league/nnmgkhi5d5xszkoyh4br",1,SEA,0,0,0,0,0,0,0,0,0,0,0,0,,0,,,1,5,0,0,0,0,-0.658069449244067,0,1,1,9,0,0,0,3,6,1,2.0095897638239,0,3.0,0.0277777777777778,0.0119047619047619,0.05,0,1.4,2.4
2020,REG+POST,00-0028411,D.Inman,Dontrelle Inman,WR,WR,"https://static.www.nfl.com/image/private/f_auto,q_auto/league/josp2o2ri6tknqzt87qc",7,WAS,0,0,0,0,0,0,0,0,0,0,0,0,,0,,,0,0,0,0,0,0,,0,18,28,163,2,1,0,231,44,11,6.08240869746078,0,0.705627705627706,0.119148936170213,0.160194174757282,0.290859326585416,0,28.3,46.3
2020,REG+POST,00-0028664,C.Jones,Chris Jones,P,SPEC,"https://static.www.nfl.com/image/private/f_auto,q_auto/league/c6kjlharechwayxq6fzk",2,DAL,0,1,0,0,0,0,0,0,0,9,0,0,-3.32160479493905,0,0.0,,1,0,0,0,0,0,-0.0221609375439584,0,0,0,0,0,0,0,0,0,0,,0,,,,,0,0.0,0.0
2020,REG+POST,00-0028986,C.Keenum,Case Keenum,QB,QB,"https://static.www.nfl.com/image/private/f_auto,q_auto/league/tymwoe3wpwzln78uzbvu",1,CLE,5,10,46,0,0,0,0,0,0,27,28,2,-4.15652082965244,0,1.7037037037037,-0.0697043892053338,0,0,0,0,0,0,,0,0,0,0,0,0,0,0,0,0,,0,,,,,0,1.84,1.84
2020,REG+POST,00-0029000,C.Beasley,Cole Beasley,WR,WR,"https://static.www.nfl.com/image/private/f_auto,q_auto/league/y5r0fhwctl6ljwvmktvu",18,BUF,1,1,20,1,0,0,0,0,0,20,0,1,2.91377102164552,0,1.0,,0,0,0,0,0,0,,0,96,125,1112,4,0,0,944,417,59,64.6745706860546,0,1.17796610169492,0.192901234567901,0.170028818443804,0.408372024762515,0,140.0,236.0
2020,REG+POST,00-0029119,D.Carrier,Derek Carrier,TE,TE,"https://static.www.nfl.com/image/private/f_auto,q_auto/league/fohbnjxhixammxtonhnd",1,LV,0,0,0,0,0,0,0,0,0,0,0,0,,0,,,0,0,0,0,0,0,,0,1,1,14,0,0,0,-4,18,1,0.832860550726764,0,0.0,0.0344827586206897,-0.0177777777777778,0.03927969348659,0,1.4,2.4
2020,REG+POST,00-0029137,A.Jeffery,Alshon Jeffery,WR,WR,"https://static.www.nfl.com/image/private/f_auto,q_auto/league/qrbsgwhzlsmwgkdfjryh",7,PHI,0,0,0,0,0,0,0,0,0,0,0,0,,0,,,0,0,0,0,0,0,,0,6,13,115,1,0,0,188,25,5,4.16286752402084,0,0.611702127659575,0.0548523206751055,0.0910411622276029,0.14600729457198,0,17.5,23.5
2020,REG+POST,00-0029141,A.Morris,Alfred Morris,RB,RB,"https://static.www.nfl.com/image/private/f_auto,q_auto/league/igrm4hy4pishp4rdamin",9,NYG,0,0,0,0,0,0,0,0,0,0,0,0,,0,,,55,238,1,0,0,13,0.130087487574201,0,3,4,19,1,0,0,4,17,2,2.24829098652117,0,4.75,0.0330578512396694,0.0039292730844793,0.0523372680186397,0,37.7,40.7
2020,REG+POST,00-0029263,R.Wilson,Russell Wilson,QB,QB,"https://static.www.nfl.com/image/private/f_auto,q_auto/league/gebzv2aljujgleboe4ns",17,SEA,395,585,4386,42,14,52,333,2,2,5201,1867,218,62.743677498304,1,0.843299365506633,0.137013009486806,87,563,2,4,2,27,4.96599578893442,0,0,0,0,0,0,0,0,0,0,,0,,,,,0,377.74,377.74
2020,REG+POST,00-0029293,M.Jones,Marvin Jones,WR,WR,"https://static.www.nfl.com/image/private/f_auto,q_auto/league/ciy9sxefmcnwjw7ln3h2",16,DET,0,0,0,0,0,0,0,0,0,0,0,0,,0,,,0,0,0,0,0,0,,0,76,115,978,9,0,0,1461,196,52,26.5427263139199,0,0.669404517453799,0.204626334519573,0.298711919852791,0.516037845676313,0,151.8,227.8
2020,REG+POST,00-0029528,B.Massie,Bobby Massie,T,OL,"https://static.www.nfl.com/image/private/f_auto,q_auto/league/hfjtsmseahvvdllps7eg",1,CHI,0,0,0,0,0,0,0,0,0,0,0,0,,0,,,0,0,0,0,0,0,,0,1,1,4,0,0,0,3,1,1,1.90331952483393,0,1.33333333333333,0.0357142857142857,0.0125523012552301,0.0623580394500897,0,0.4,1.4
2020,REG+POST,00-0029567,N.Foles,Nick Foles,QB,QB,"https://static.www.nfl.com/image/private/f_auto,q_auto/league/dxuz2ir773wylutxo7zs",9,CHI,202,312,1852,10,8,18,145,1,0,2502,701,93,-33.6551634380318,0,0.740207833733014,0.0432824791067647,16,1,1,0,0,2,-6.65868373826379,0,0,0,0,0,0,0,0,0,0,,0,,,,,0,104.18,104.18
2020,REG+POST,00-0029604,K.Cousins,Kirk Cousins,QB,QB,"https://static.www.nfl.com/image/private/f_auto,q_auto/league/viuxnyezrwdfjnxsfssb",16,MIN,349,516,4265,35,13,39,256,8,4,4103,1936,212,91.6894230526325,5,1.03948330489885,0.150221023857495,32,156,1,1,1,16,1.64655293466058,0,0,0,0,0,0,0,0,0,0,,0,,,,,0,306.2,306.2
2020,REG+POST,00-0029608,T.Hilton,T.Y. Hilton,WR,WR,"https://static.www.nfl.com/image/private/f_auto,q_auto/league/b8kor0sgeynyd8u8cush",16,IND,0,0,0,0,0,0,0,0,0,0,0,0,,0,,,0,0,0,0,0,0,,0,58,98,794,5,0,0,1247,203,43,28.2472510289124,1,0.63672814755413,0.182156133828996,0.313631790744467,0.492776454264621,0,111.4,169.4
2020,REG+POST,00-0029615,L.Miller,Lamar Miller,RB,RB,"https://static.www.nfl.com/image/private/f_auto,q_auto/league/vqxh6ynpmczzfyl9kcgq",1,CHI,0,0,0,0,0,0,0,0,0,0,0,0,,0,,,0,0,0,0,0,0,,0,2,2,6,0,0,0,2,4,1,-0.041862758807838,0,3.0,0.0689655172413793,0.0084745762711864,0.109380479251899,0,0.6,2.6
2020,REG+POST,00-0029632,M.Sanu,Mohamed Sanu,WR,WR,"https://static.www.nfl.com/image/private/f_auto,q_auto/league/a6loroqhta6g65aqnsrk",7,DET,0,0,0,0,0,0,0,0,0,0,0,0,,0,,,1,3,0,0,0,1,0.482189935399219,0,17,24,187,1,0,0,289,37,13,16.1804911607585,1,0.647058823529412,0.0944881889763779,0.124087591240876,0.22859359733318,0,27.0,44.0
2020,REG+POST,00-0029665,R.Griffin,Robert Griffin,QB,QB,"https://static.www.nfl.com/image/private/f_auto,q_auto/league/f9gitqxxg3f1uybdcfhc",4,BAL,8,14,42,0,2,3,20,0,0,123,34,1,-20.3296139578451,0,0.341463414634146,0.0002177181554651,12,69,0,1,1,4,-1.89388790837256,0,0,0,0,0,0,0,0,0,0,,0,,,,,0,2.58,2.58
2020,REG+POST,00-0029701,R.Tannehill,Ryan Tannehill,QB,QB,"https://static.www.nfl.com/image/private/f_auto,q_auto/league/yvwju12dl6haf3r8uzrm",17,TEN,333,507,3984,35,8,25,180,5,1,4212,1599,211,125.679390243058,1,0.945868945868946,0.180224676500671,45,272,7,1,0,23,27.364257390931,2,2,2,-10,0,0,0,-10,0,0,-2.59286319557444,0,0.0,0.0338983050847458,-0.0531914893617021,0.0136134150739272,0,355.56,357.56
2020,REG+POST,00-0029738,D.Fells,Darren Fells,TE,TE,"https://static.www.nfl.com/image/private/f_auto,q_auto/league/eh0rbweg4wbzgzpvprnv",12,HOU,0,0,0,0,0,0,0,0,0,0,0,0,,0,,,0,0,0,0,0,0,,0,21,28,312,4,0,0,199,177,16,22.7700658812537,0,1.5678391959799,0.0725388601036269,0.060726274031126,0.151316681977229,0,55.2,76.2
2020,REG+POST,00-0029892,K.Juszczyk,Kyle Juszczyk,FB,RB,"https://static.www.nfl.com/image/private/f_auto,q_auto/league/eqb3lq4bip6oa5kiz1ze",16,SF,0,0,0,0,0,0,0,0,0,0,0,0,,0,,,17,64,2,0,0,12,4.82759139308473,0,19,29,202,4,1,0,188,101,10,-0.783810840250226,0,1.07446808510638,0.0523465703971119,0.0545876887340302,0.116731237709489,0,62.6,81.6
2020,REG+POST,00-0030035,A.Thielen,Adam Thielen,WR,WR,"https://static.www.nfl.com/image/private/f_auto,q_auto/league/kmldtl8p9h7h5dzvkwsw",15,MIN,0,0,0,0,0,0,0,0,0,0,0,0,,0,,,3,15,0,0,0,0,-0.0413682678481564,0,74,108,925,14,0,0,1239,243,52,46.0321156346542,1,0.746569814366425,0.244343891402715,0.351389676687465,0.612488610785298,0,180.0,254.0
2020,REG+POST,00-0030061,Z.Ertz,Zach Ertz,TE,TE,"https://static.www.nfl.com/image/private/f_auto,q_auto/league/t7my0kesdhb2iefvempm",11,PHI,0,0,0,0,0,0,0,0,0,0,0,0,,0,,,0,0,0,0,0,0,,0,36,72,335,1,0,0,536,88,16,-19.2651630054816,1,0.625,0.18848167539267,0.154511386566734,0.390880483685719,0,41.5,77.5
2020,REG+POST,00-0030085,K.Stills,Kenny Stills,WR,WR,"https://static.www.nfl.com/image/private/f_auto,q_auto/league/wswn6tehkzj8mdfbablx",7,HOU,0,0,0,0,0,0,0,0,0,0,0,0,,0,,,0,0,0,0,0,0,,0,11,19,144,1,0,0,238,17,8,4.00133129407186,0,0.605042016806723,0.0848214285714286,0.125131440588854,0.214824151269341,0,20.4,31.4
2020,REG+POST,00-0030089,L.Willson,Luke Willson,TE,TE,"https://static.www.nfl.com/image/private/f_auto,q_auto/league/a6zcpjyfusebcm8i3w2w",2,BAL,0,0,0,0,0,0,0,0,0,0,0,0,,0,,,0,0,0,0,0,0,,0,1,3,12,0,0,0,13,2,0,-4.69221371936146,0,0.923076923076923,0.0857142857142857,0.0565217391304348,0.168136645962733,0,1.2,2.2
2020,REG+POST,00-0030092,S.Martin,Sam Martin,P,SPEC,"https://static.www.nfl.com/image/private/f_auto,q_auto/league/xujpdorpiugkhag0ydtl",1,DEN,0,0,0,0,0,0,0,0,0,0,0,0,,0,,,1,0,0,1,0,0,-0.0072472989559173,0,0,0,0,0,0,0,0,0,0,,0,,,,,0,0.0,0.0
2020,REG+POST,00-0030107,T.Riddick,Theo Riddick,RB,RB,"https://static.www.nfl.com/image/private/f_auto,q_auto/league/aptuag5ocazmionhvnt6",4,LV,0,0,0,0,0,0,0,0,0,0,0,0,,0,,,6,14,0,0,0,1,-0.520423727517482,0,5,6,43,0,0,0,10,33,1,-0.262416153564118,0,4.3,0.0740740740740741,0.0115874855156431,0.119222350972061,0,5.7,10.7
2020,REG+POST,00-0030108,R.Griffin,Ryan Griffin,TE,TE,"https://static.www.nfl.com/image/private/f_auto,q_auto/league/izjfxtmk2dhzhrlwpt9g",5,NYJ,0,0,0,0,0,0,0,0,0,0,0,0,,0,,,0,0,0,0,0,0,,0,9,12,86,0,0,0,63,49,4,2.25891727194539,0,1.36507936507937,0.0789473684210526,0.0444601270289344,0.149543141551833,0,8.6,17.6
2020,REG+POST,00-0030151,T.Bray,Tyler Bray,QB,QB,"https://static.www.nfl.com/image/private/f_auto,q_auto/league/hlzuryxbamsj6di3q6ps",1,CHI,1,5,18,0,0,0,0,0,0,43,13,1,-1.12561105343048,0,0.418604651162791,-0.151248702090202,0,0,0,0,0,0,,0,0,0,0,0,0,0,0,0,0,,0,,,,,0,0.72,0.72
2020,REG+POST,00-0030155,D.Harris,Demetrius Harris,TE,TE,"https://static.www.nfl.com/image/private/f_auto,q_auto/league/nlajcnjlosuajmqswxvl",7,CHI,0,0,0,0,0,0,0,0,0,0,0,0,,0,,,0,0,0,0,0,0,,0,7,14,45,0,0,0,92,25,2,-7.80870149779497,0,0.489130434782609,0.0516605166051661,0.0378600823045267,0.103992832520918,0,4.5,11.5
2020,REG+POST,00-0030181,J.Doyle,Jack Doyle,TE,TE,"https://static.www.nfl.com/image/private/f_auto,q_auto/league/h6abyvmg2g93llboizi6",14,IND,0,0,0,0,0,0,0,0,0,0,0,0,,0,,,0,0,0,0,0,0,,0,30,42,321,4,1,1,300,101,17,16.5520664603561,1,1.07,0.0853658536585366,0.08114687584528,0.184851593579501,0,56.1,86.1
2020,REG+POST,00-0030196,J.Heath,Jeff Heath,SS,DB,"https://static.www.nfl.com/image/private/f_auto,q_auto/league/knimytdhoo3rqiacbgtm",1,LV,0,0,0,0,0,0,0,0,0,0,0,0,,0,,,1,1,0,0,0,1,2.1222291556187,0,0,0,0,0,0,0,0,0,0,,0,,,,,0,0.1,0.1
2020,REG+POST,00-0030216,J.Hill,Josh Hill,TE,TE,"https://static.www.nfl.com/image/private/f_auto,q_auto/league/vdva7m1fxklv6gxbsg7q",9,NO,0,0,0,0,0,0,0,0,0,0,0,0,,0,,,0,0,0,0,0,0,,0,9,11,43,1,1,0,38,41,4,1.42378237727098,0,1.13157894736842,0.0342679127725857,0.0282317979197623,0.0711641277027121,0,10.3,19.3
2020,REG+POST,00-0030279,K.Allen,Keenan Allen,WR,WR,"https://static.www.nfl.com/image/private/f_auto,q_auto/league/xs7h2igf85nta81v7zb8",14,LAC,0,1,0,0,0,0,0,0,0,15,0,0,-0.517419007606804,0,0.0,,1,-1,0,0,0,0,-1.05216450896114,0,100,147,992,8,3,2,1052,437,61,29.8766604755201,1,0.94296577946768,0.268248175182482,0.25047619047619,0.577705596107056,0,145.1,245.1
2020,REG+POST,00-0030288,R.Burkhead,Rex Burkhead,RB,RB,"https://static.www.nfl.com/image/private/f_auto,q_auto/league/ysgdnkasvp07qmrkasve",10,NE,0,0,0,0,0,0,0,0,0,0,0,0,,0,,,67,274,3,0,0,18,4.11243382568594,0,25,33,192,3,0,0,31,201,11,0.819156138556305,0,6.19354838709677,0.1375,0.0182783018867925,0.219044811320755,0,82.6,107.6
2020,REG+POST,00-0030404,C.Thompson,Chris Thompson,RB,RB,"https://static.www.nfl.com/image/private/f_auto,q_auto/league/ypyldro2efcy5jcrytft",6,JAX,0,0,0,0,0,0,0,0,0,0,0,0,,0,,,7,20,0,0,0,1,-1.69205447082641,0,20,23,146,1,0,0,64,107,5,-0.543478908583697,0,2.28125,0.0991379310344828,0.0352035203520352,0.173349360798149,0,22.6,42.6
2020,REG+POST,00-0030431,R.Woods,Robert Woods,WR,WR,"https://static.www.nfl.com/image/upload/f_auto,q_auto/league/owppysuai4ipxu5d27nu",18,LA,0,0,0,0,0,0,0,0,0,0,0,0,,0,,,25,152,2,1,1,9,0.24401403113734,0,102,147,1032,7,1,0,982,517,54,13.6909053539109,0,1.05091649694501,0.240196078431373,0.23100446953658,0.521997246322665,0,170.4,272.4
2020,REG+POST,00-0030443,L.Toilolo,Levine Toilolo,TE,TE,"https://static.www.nfl.com/image/private/f_auto,q_auto/league/w6qnlfw0cuxest48srd0",5,NYG,0,0,0,0,0,0,0,0,0,0,0,0,,0,,,0,0,0,0,0,0,,0,5,6,46,0,0,0,26,26,3,1.94194616924506,0,1.76923076923077,0.0352941176470588,0.0227870289219982,0.068892096715987,0,4.6,9.6
2020,REG+POST,00-0030456,G.Bernard,Giovani Bernard,RB,RB,"https://static.www.nfl.com/image/private/f_auto,q_auto/league/guht9y14gftgsugb87xz",16,CIN,0,0,0,0,0,0,0,0,0,0,0,0,,0,,,124,416,3,1,1,23,-20.2963723317386,0,47,59,355,3,0,0,77,350,15,6.24052937849582,0,4.61038961038961,0.111111111111111,0.0190688459633482,0.18001485884101,0,111.1,158.1
2020,REG+POST,00-0030465,K.Barner,Kenjon Barner,RB,RB,"https://static.www.nfl.com/image/private/f_auto,q_auto/league/n8hvbyw7vdlj7svjwqg4",1,TB,0,0,0,0,0,0,0,0,0,0,0,0,,0,,,0,0,0,0,0,0,,0,0,1,0,0,0,0,3,0,0,1.09104115411174,0,0.0,0.0222222222222222,0.0069767441860465,0.0382170542635659,0,0.0,0.0
2020,REG+POST,00-0030470,V.McDonald,Vance McDonald,TE,TE,"https://static.www.nfl.com/image/private/f_auto,q_auto/league/apafzol1dcqu56cqotv9",10,PIT,0,0,0,0,0,0,0,0,0,0,0,0,,0,,,0,0,0,0,0,0,,0,15,22,99,0,0,0,41,79,4,-8.02320298040286,0,2.41463414634146,0.0510440835266821,0.014421385860007,0.0866610953920281,0,9.9,24.9
2020,REG+POST,00-0030471,S.Williams,Shawn Williams,SS,DB,"https://static.www.nfl.com/image/private/f_auto,q_auto/league/itwadnav0rwaqupj5lws",2,CIN,0,0,0,0,0,0,0,0,0,0,0,0,,0,,,2,46,0,0,0,2,7.97079857671633,0,0,0,0,0,0,0,0,0,0,,0,,,,,0,4.6,4.6
2020,REG+POST,00-0030472,J.Reed,Jordan Reed,TE,TE,"https://static.www.nfl.com/image/private/f_auto,q_auto/league/jur0qgejd3lzv8flmxcq",10,SF,0,0,0,0,0,0,0,0,0,0,0,0,,0,,,0,0,0,0,0,0,,0,26,46,231,4,0,0,370,84,16,4.32965476892004,0,0.624324324324324,0.132947976878613,0.161079669133653,0.312177733711476,0,47.1,73.1
2020,REG+POST,00-0030496,L.Bell,Le'Veon Bell,RB,RB,"https://static.www.nfl.com/image/private/f_auto,q_auto/league/sm3ij3pcby5ciqwaaqa1",12,KC,0,0,0,0,0,0,0,0,0,0,0,0,,0,,,84,334,2,0,0,22,-16.4278853567375,0,16,23,138,0,1,0,32,136,7,1.03835415240085,0,4.3125,0.0520361990950226,0.0083355040375097,0.0838891514687908,0,59.2,75.2
2020,REG+POST,00-0030506,T.Kelce,Travis Kelce,TE,TE,"https://static.www.nfl.com/image/private/f_auto,q_auto/league/ryzr3vbragwe50vtj9af",18,KC,1,2,4,0,0,0,0,0,0,-2,7,1,0.453093134623487,0,0.0,,0,0,0,0,0,0,,0,136,185,1776,14,1,1,1544,718,98,93.6120348017432,1,1.15025906735751,0.263908701854494,0.273710335046978,0.587460287314625,0,261.76,397.76
2020,REG+POST,00-0030513,L.Murray,Latavius Murray,RB,RB,"https://static.www.nfl.com/image/private/f_auto,q_auto/league/zepm7ghltyeqydn0qxcg",16,NO,0,0,0,0,0,0,0,0,0,0,0,0,,0,,,150,665,4,1,0,36,1.77586478326703,0,25,28,187,2,0,0,-36,220,9,5.4712707830326,0,-5.19444444444445,0.0569105691056911,-0.0122866894197952,0.0767651710646799,0,121.2,146.2
2020,REG+POST,00-0030520,M.Glennon,Mike Glennon,QB,QB,"https://static.www.nfl.com/image/private/f_auto,q_auto/league/mubobrjbeudtezxv0t0p",5,JAX,111,179,1072,7,5,9,53,1,1,1424,405,57,-17.7988931701835,1,0.752808988764045,0.0055257660991211,6,17,0,1,1,2,-3.81181249313522,0,0,0,0,0,0,0,0,0,0,,0,,,,,0,60.58,60.58
2020,REG+POST,00-0030525,T.Austin,Tavon Austin,WR,WR,"https://static.www.nfl.com/image/private/f_auto,q_auto/league/ulagxqgjnrft4wub0gus",3,GB,0,0,0,0,0,0,0,0,0,0,0,0,,0,,,0,0,0,0,0,0,,0,5,5,20,0,0,0,-22,42,1,-0.307193114946131,0,0.0,0.0632911392405063,-0.0415879017013233,0.0658251776698332,0,2.0,7.0
2020,REG+POST,00-0030533,M.Barkley,Matt Barkley,QB,QB,"https://static.www.nfl.com/image/private/f_auto,q_auto/league/ejvscebj0ufugx5vrouq",4,BUF,11,21,197,1,1,1,7,0,0,251,55,9,0.142900394916069,0,0.784860557768924,-0.0176161868889622,6,-6,0,0,0,0,-1.51553018909181,0,0,0,0,0,0,0,0,0,0,,0,,,,,0,9.28,9.28
2020,REG+POST,00-0030549,T.Eifert,Tyler Eifert,TE,TE,"https://static.www.nfl.com/image/private/f_auto,q_auto/league/sextvbehmeu7ydutxtsu",14,JAX,0,0,0,0,0,0,0,0,0,0,0,0,,0,,,0,0,0,0,0,0,,0,36,60,349,2,0,0,503,102,22,-1.25155237514247,0,0.693836978131213,0.11605415860735,0.123344776851398,0.260422581707004,0,46.9,82.9
2020,REG+POST,00-0030558,B.Mingo,Barkevious Mingo,OLB,LB,"https://static.www.nfl.com/image/private/f_auto,q_auto/league/zvxz5rvgtwx8k53ljx3j",1,CHI,0,0,0,0,0,0,0,0,0,0,0,0,,0,,,1,11,0,0,0,1,2.89507694984786,0,0,0,0,0,0,0,0,0,0,,0,,,,,0,1.1,1.1
2020,REG+POST,00-0030564,D.Hopkins,DeAndre Hopkins,WR,WR,"https://static.www.nfl.com/image/upload/f_auto,q_auto/league/jgatj8mtftu06pegapip",16,ARI,0,0,0,0,0,0,0,0,0,0,0,0,,0,,,1,1,0,0,0,0,0.993359041633084,0,115,160,1407,6,3,2,1432,519,75,53.7094353233492,0,0.982541899441341,0.293577981651376,0.329044117647059,0.670697854830006,0,172.8,287.8
2020,REG+POST,00-0030565,G.Smith,Geno Smith,QB,QB,"https://static.www.nfl.com/image/private/f_auto,q_auto/league/bxp32udtvwnpu3rl2cht",1,SEA,4,5,33,0,0,1,3,0,0,25,14,3,0.638793860969599,0,1.32,0.0772720849926213,2,-2,0,1,0,0,-3.00831707182806,0,0,0,0,0,0,0,0,0,0,,0,,,,,0,1.12,1.12
2020,REG+POST,00-0030578,C.Patterson,Cordarrelle Patterson,RB,RB,"https://static.www.nfl.com/image/private/f_auto,q_auto/league/gy2bb38cns4nxypehbqi",16,CHI,0,0,0,0,0,0,0,0,0,0,0,0,,0,,,65,234,1,0,0,12,-9.59398061380489,0,21,25,132,0,0,0,90,114,7,-0.668052329070633,0,1.46666666666667,0.0586854460093897,0.0273058252427184,0.107142246683987,1,48.6,69.6
2020,REG+POST,00-0030584,E.Fisher,Eric Fisher,T,OL,"https://static.www.nfl.com/image/private/f_auto,q_auto/league/ztwpjz1jdxa9w67ll6h4",1,KC,0,0,0,0,0,0,0,0,0,0,0,0,,0,,,0,0,0,0,0,0,,0,1,1,2,1,0,0,1,1,1,0.904668471921468,0,2.0,0.024390243902439,0.0029239766081871,0.0386321494793895,0,6.2,7.2
2020,REG+POST,00-0030663,W.Snead,Willie Snead,WR,WR,"https://static.www.nfl.com/image/private/f_auto,q_auto/league/fr5xckiwhguuaishnbju",15,BAL,0,0,0,0,0,0,0,0,0,0,0,0,,0,,,0,0,0,0,0,0,,0,40,55,466,3,1,0,449,200,23,18.519722629084,0,1.03786191536748,0.138539042821159,0.12781098775975,0.297276255663563,0,64.6,104.6
2020,REG+POST,00-0030670,B.Fowler,Bennie Fowler,WR,WR,"https://static.www.nfl.com/image/private/f_auto,q_auto/league/nfcmdcfhjf347rw1cstq",1,NO,0,0,0,0,0,0,0,0,0,0,0,0,,0,,,0,0,0,0,0,0,,0,2,6,11,0,0,0,47,1,1,-8.02471927148872,0,0.234042553191489,0.127659574468085,0.143730886850153,0.292100982497235,0,1.1,3.1
2020,REG+POST,00-0030710,T.Burton,Trey Burton,TE,TE,"https://static.www.nfl.com/image/private/f_auto,q_auto/league/vt2ce0szit4ozyh5s5iw",12,IND,0,0,0,0,0,0,0,0,0,0,0,0,,0,,,2,3,2,0,0,2,1.78439040333615,0,31,50,284,3,0,0,370,92,16,0.368066962039978,0,0.767567567567568,0.116550116550117,0.116206030150754,0.256169395930702,0,58.7,89.7
2020,REG+POST,00-0030968,K.Smith,Keith Smith,FB,RB,"https://static.www.nfl.com/image/private/f_auto,q_auto/league/jolwasweebgk37nkl7ia",12,ATL,0,0,0,0,0,0,0,0,0,0,0,0,,0,,,4,7,0,0,0,4,3.1995780938887,0,11,15,59,0,0,0,28,44,4,-2.55345101794228,0,2.10714285714286,0.0410958904109589,0.0107858243451464,0.0691939126580408,0,6.6,17.6
2020,REG+POST,00-0031045,C.Hyde,Carlos Hyde,RB,RB,"https://static.www.nfl.com/image/private/f_auto,q_auto/league/qpmv42ldpkpdf1gpgeua",11,SEA,0,0,0,0,0,0,0,0,0,0,0,0,,0,,,85,361,4,0,0,21,-0.892460946833915,0,16,20,93,0,1,0,47,108,4,-0.946491875492307,0,1.97872340425532,0.0757575757575758,0.0263305322128852,0.132067736185383,0,69.4,85.4
2020,REG+POST,00-0031051,J.Brown,John Brown,WR,WR,"https://static.www.nfl.com/image/private/f_auto,q_auto/league/xwyc2a0qfdxbbct6lso6",12,BUF,0,0,0,0,0,0,0,0,0,0,0,0,,0,,,0,0,0,0,0,0,,0,43,71,544,3,0,0,852,192,26,17.1361603755159,0,0.63849765258216,0.169047619047619,0.228357008844814,0.413421334762798,0,72.4,115.4
2020,REG+POST,00-0031062,J.White,James White,RB,RB,"https://static.www.nfl.com/image/private/f_auto,q_auto/league/z1nnkmnstccnqya5d5ee",14,NE,0,0,0,0,0,0,0,0,0,0,0,0,,0,,,35,121,2,1,0,6,-6.70824439532589,0,49,62,375,1,0,0,-40,411,20,-0.0189266951273126,0,-9.375,0.177650429799427,-0.016246953696182,0.255102777111813,0,67.6,116.6
2020,REG+POST,00-0031166,S.Roberts,Seth Roberts,WR,WR,"https://static.www.nfl.com/image/private/f_auto,q_auto/league/wcralkq5mcdpsmjvkatl",3,CAR,0,0,0,0,0,0,0,0,0,0,0,0,,0,,,0,0,0,0,0,0,,0,4,6,31,0,0,0,44,22,2,-1.03538647216083,0,0.704545454545455,0.0618556701030928,0.0679012345679012,0.14031436935217,0,3.1,7.1
2020,REG+POST,00-0031209,S.Perry,Senorise Perry,RB,RB,"https://static.www.nfl.com/image/private/f_auto,q_auto/league/oswxcmdccm8me6v2n6ao",1,TEN,0,0,0,0,0,0,0,0,0,0,0,0,,0,,,2,9,0,0,0,1,0.364508072845638,0,0,0,0,0,0,0,0,0,0,,0,,,,,0,0.9,0.9
2020,REG+POST,00-0031235,O.Beckham,Odell Beckham,WR,WR,"https://static.www.nfl.com/image/private/f_auto,q_auto/league/etl34lkiscs2lpc4to2f",7,CLE,1,1,18,0,0,0,0,0,0,17,1,1,0.589170696795918,0,1.05882352941176,,3,72,1,0,0,2,5.05492066068109,0,23,43,319,3,0,0,584,46,17,2.15018757370735,0,0.546232876712329,0.219387755102041,0.337962962962963,0.565655706727135,0,63.82,86.82
2020,REG+POST,00-0031236,B.Cooks,Brandin Cooks,WR,WR,"https://static.www.nfl.com/image/private/f_auto,q_auto/league/wy6qidqm8jjp6buvu3lp",15,HOU,0,0,0,0,0,0,0,0,0,0,0,0,,0,,,0,0,0,0,0,0,,0,81,119,1150,6,0,0,1408,345,51,48.261139282278,0,0.816761363636364,0.238955823293173,0.311504424778761,0.576486832284892,0,151.0,232.0
2020,REG+POST,00-0031237,T.Bridgewater,Teddy Bridgewater,QB,QB,"https://static.www.nfl.com/image/private/f_auto,q_auto/league/q5p8afhezmpvc1xbwibf",15,CAR,340,492,3733,15,11,31,205,2,2,3507,1884,174,33.5119277377509,1,1.06444254348446,0.113393617548534,53,279,5,4,1,18,11.5353486461606,0,0,0,0,0,0,0,0,0,0,,0,,,,,0,241.22,241.22
2020,REG+POST,00-0031260,L.Thomas,Logan Thomas,TE,TE,"https://static.www.nfl.com/image/private/f_auto,q_auto/league/acm0ymhqdzqxdibwjphv",17,WAS,1,1,28,0,0,0,0,0,0,28,0,1,1.86337337992154,0,1.0,,3,5,0,0,0,2,-0.571184146567248,0,77,119,744,6,0,0,877,317,39,6.72577574535964,0,0.848346636259977,0.193811074918567,0.221408735167887,0.445702726995371,0,112.02,189.02
2020,REG+POST,00-0031269,T.Carrie,T.J. Carrie,CB,DB,"https://static.www.nfl.com/image/private/f_auto,q_auto/league/kezxowzth44qm6wo1fgt",1,IND,0,0,0,0,0,0,0,0,0,0,0,0,,0,,,0,0,0,0,0,0,,0,0,0,0,0,0,0,0,0,0,,0,,,,,1,6.0,6.0
2020,REG+POST,00-0031273,C.Brate,Cameron Brate,TE,TE,"https://static.www.nfl.com/image/private/f_auto,q_auto/league/jhioqec65qy4z7s6w9a6",17,TB,0,0,0,0,0,0,0,0,0,0,0,0,,0,,,0,0,0,0,0,0,,0,42,53,457,3,1,0,464,131,26,34.0442283671325,0,0.984913793103448,0.0837282780410743,0.0774883099532398,0.179834234028879,0,63.7,105.7
2020,REG+POST,00-0031280,D.Carr,Derek Carr,QB,QB,"https://static.www.nfl.com/image/private/f_auto,q_auto/league/cffbp9sqfioxa2jk2oqf",16,LV,348,517,4103,27,9,26,150,8,7,4184,1956,193,60.1711936950613,1,0.980640535372849,0.138569525159502,39,140,3,3,1,16,7.82211083619318,0,0,0,0,0,0,0,0,0,0,,0,,,,,0,272.12,272.12
2020,REG+POST,00-0031285,D.Freeman,Devonta Freeman,RB,RB,"https://static.www.nfl.com/image/private/f_auto,q_auto/league/vjhvfwypu1byxfo2uvki",5,NYG,0,0,0,0,0,0,0,0,0,0,0,0,,0,,,54,172,1,0,0,9,-9.08425378566608,0,7,10,58,0,0,0,-14,70,3,1.28378475527279,0,-4.14285714285714,0.0900900900900901,-0.0265654648956357,0.11653930970819,0,29.0,36.0
2020,REG+POST,00-0031288,A.McCarron,AJ McCarron,QB,QB,"https://static.www.nfl.com/image/private/f_auto,q_auto/league/fvakqnmsg35llkcme11h",2,HOU,1,1,20,0,0,1,12,0,0,18,2,1,-1.24904095614329,0,1.11111111111111,,0,0,0,0,0,0,,0,0,0,0,0,0,0,0,0,0,,0,,,,,0,0.8,0.8
2020,REG+POST,00-0031319,D.Spencer,Diontae Spencer,WR,WR,"https://static.www.nfl.com/image/private/f_auto,q_auto/league/lf3axvxomg2ktozc1rei",5,DEN,0,0,0,0,0,0,0,0,0,0,0,0,,0,,,3,19,0,0,0,1,1.24874004878802,0,3,6,26,0,0,0,33,12,1,0.786576506988578,0,0.787878787878788,0.0413793103448276,0.023109243697479,0.0782454361054767,1,10.5,13.5
2020,REG+POST,00-0031325,S.Watkins,Sammy Watkins,WR,WR,"https://static.www.nfl.com/image/private/f_auto,q_auto/league/nkqk4ac4uncxocqlgp2k",11,KC,0,1,0,0,1,0,0,0,0,24,0,0,-1.95865104382392,0,0.0,,1,3,0,0,0,0,-0.215440467873123,0,38,56,434,2,1,1,455,158,28,22.2437106865486,0,0.953846153846154,0.126984126984127,0.122972972972973,0.276557271557272,0,51.7,89.7
2020,REG+POST,00-0031339,D.Moncrief,Donte Moncrief,WR,WR,"https://static.www.nfl.com/image/private/f_auto,q_auto/league/iippulnxfyjgrlj2p5qw",2,NE,0,0,0,0,0,0,0,0,0,0,0,0,,0,,,1,4,0,0,0,1,0.902735299547203,0,1,2,15,0,0,0,5,14,1,1.10315995058045,0,3.0,0.0526315789473684,0.0209205020920502,0.0935917198854878,0,1.9,2.9
2020,REG+POST,00-0031345,J.Garoppolo,Jimmy Garoppolo,QB,QB,"https://static.www.nfl.com/image/private/f_auto,q_auto/league/dielobmypljj7e27eiob",6,SF,94,140,1096,7,5,11,77,1,0,879,714,55,24.8755740005992,0,1.24687144482366,0.12072908207026,10,25,0,1,0,3,1.89319246082571,0,0,0,0,0,0,0,0,0,0,,0,,,,,0,64.34,64.34
2020,REG+POST,00-0031357,C.Goodwin,C.J. Goodwin,CB,DB,"https://static.www.nfl.com/image/private/f_auto,q_auto/league/chg4ih96ilt8jpo3rayr",1,DAL,0,0,0,0,0,0,0,0,0,0,0,0,,0,,,0,0,0,0,0,0,,0,0,1,0,0,0,0,9,0,0,-3.32160479493905,0,0.0,0.0212765957446809,0.0236842105263158,0.0484938409854423,0,0.0,0.0
2020,REG+POST,00-0031376,J.McKinnon,Jerick McKinnon,RB,RB,"https://static.www.nfl.com/image/private/f_auto,q_auto/league/yezxe2j778cndbhkxwez",14,SF,0,0,0,0,0,0,0,0,0,0,0,0,,0,,,81,319,5,0,0,16,-10.4396956470737,0,33,46,253,1,0,0,156,178,12,-9.54106140857808,0,1.62179487179487,0.103139013452915,0.0517241379310345,0.190915416731096,0,93.2,126.2
2020,REG+POST,00-0031381,D.Adams,Davante Adams,WR,WR,"https://static.www.nfl.com/image/private/f_auto,q_auto/league/grvqvmdzu2lsbgvqoxku",16,GB,0,0,0,0,0,0,0,0,0,0,0,0,,0,,,0,0,0,0,0,0,,0,133,174,1507,20,1,1,1445,669,82,86.1099004686751,0,1.04290657439446,0.335907335907336,0.35390644134215,0.751595512800509,0,268.7,401.7
2020,REG+POST,00-0031382,J.Landry,Jarvis Landry,WR,WR,"https://static.www.nfl.com/image/private/f_auto,q_auto/league/w2q9uwsjvgadwyvnvopb",17,CLE,4,4,74,1,0,0,0,0,0,58,16,4,7.16042365576141,0,1.27586206896552,,4,10,1,0,0,2,1.16977918834891,0,84,119,952,5,1,0,902,417,52,48.8916887564967,0,1.05543237250554,0.245360824742268,0.223046488625124,0.524173779150989,0,139.16,223.16
2020,REG+POST,00-0031384,R.Rodgers,Richard Rodgers,TE,TE,"https://static.www.nfl.com/image/private/f_auto,q_auto/league/l9zei9dkcmbml3q1nshk",8,PHI,0,0,0,0,0,0,0,0,0,0,0,0,,0,,,0,0,0,0,0,0,,0,24,31,345,2,0,0,305,95,16,22.5543157705688,0,1.13114754098361,0.104026845637584,0.116456662848415,0.237559932450267,0,46.5,70.5
2020,REG+POST,00-0031387,E.Ebron,Eric Ebron,TE,TE,"https://static.www.nfl.com/image/private/f_auto,q_auto/league/uaxsxymncppase7ihczd",16,PIT,0,0,0,0,0,0,0,0,0,0,0,0,,0,,,0,0,0,0,0,0,,0,63,102,620,6,1,1,707,228,35,1.18759061678581,1,0.876944837340877,0.150442477876106,0.147599164926931,0.328983132263011,0,98.0,161.0
2020,REG+POST,00-0031395,G.Gilbert,Garrett Gilbert,QB,QB,"https://static.www.nfl.com/image/private/f_auto,q_auto/league/tqn0pjemxn7hoze93kwa",1,DAL,21,38,243,1,1,2,23,0,0,348,52,10,-5.15978855496801,0,0.698275862068966,-0.0096090351803787,3,28,0,0,0,2,1.59519055101555,0,0,0,0,0,0,0,0,0,0,,0,,,,,0,14.52,14.52
2020,REG+POST,00-0031408,M.Evans,Mike Evans,WR,WR,"https://static.www.nfl.com/image/private/f_auto,q_auto/league/w6eq27k2xs8vawwgkzbl",20,TB,0,0,0,0,0,0,0,0,0,0,0,0,,0,,,0,0,0,0,0,0,,0,81,131,1210,15,0,0,1743,298,65,57.7859756205902,0,0.694205393000574,0.176788124156545,0.252608695652174,0.44200827319134,0,211.0,292.0
2020,REG+POST,00-0031428,A.Robinson,Allen Robinson,WR,WR,"https://static.www.nfl.com/image/private/f_auto,q_auto/league/tucplhxtb3c626iekuzv",17,CHI,0,0,0,0,0,0,0,0,0,0,0,0,,0,,,1,-1,0,0,0,0,-0.903545117704198,0,108,158,1305,6,0,0,1503,332,70,37.7596062085797,0,0.868263473053892,0.253611556982344,0.3,0.590417335473515,0,166.4,274.4
2020,REG+POST,00-0031484,C.Manhertz,Chris Manhertz,TE,TE,"https://static.www.nfl.com/image/private/f_auto,q_auto/league/r645ts6owoqbjuxbzgdl",7,CAR,0,0,0,0,0,0,0,0,0,0,0,0,,0,,,0,0,0,0,0,0,,0,6,8,52,0,0,0,32,33,1,-0.702819782949518,0,1.625,0.0347826086956522,0.0177383592017738,0.06459076448472,0,5.2,11.2
2020,REG+POST,00-0031503,J.Winston,Jameis Winston,QB,QB,"https://static.www.nfl.com/image/private/f_auto,q_auto/league/eupdyd3zccjeoloqmyfl",4,NO,8,12,131,1,0,2,11,0,0,79,89,6,5.44416129465811,0,1.65822784810127,0.163530403433109,8,-6,0,0,0,0,-3.0916061552125,0,0,0,0,0,0,0,0,0,0,,0,,,,,0,8.64,8.64
2020,REG+POST,00-0031543,T.Long,Ty Long,P,SPEC,"https://static.www.nfl.com/image/private/f_auto,q_auto/league/qpn0xr42mkmkhmpd0nmd",1,LAC,0,0,0,0,0,0,0,0,0,0,0,0,,0,,,1,-28,0,0,0,0,-1.92504330619704,0,0,0,0,0,0,0,0,0,0,,0,,,,,0,-2.8,-2.8
2020,REG+POST,00-0031544,A.Cooper,Amari Cooper,WR,WR,"https://static.www.nfl.com/image/private/f_auto,q_auto/league/zibbxjtein7gpu5zgcj4",16,DAL,0,0,0,0,0,0,0,0,0,0,0,0,,0,,,6,14,0,0,0,1,-1.22334701905493,1,92,130,1114,5,0,0,1145,413,54,38.777174241138,0,0.97292576419214,0.210696920583468,0.251206669591926,0.491890049589551,0,144.8,236.8
2020,REG+POST,00-0031547,D.Parker,DeVante Parker,WR,WR,"https://static.www.nfl.com/image/private/f_auto,q_auto/league/beuyfjou6kckaoqqpa96",14,MIA,0,0,0,0,0,0,0,0,0,0,0,0,,0,,,0,0,0,0,0,0,,0,63,103,793,4,1,0,1010,173,45,19.3174437030814,0,0.785148514851485,0.211065573770492,0.2561501394877,0.495903458297128,0,103.3,166.3
2020,REG+POST,00-0031549,N.Agholor,Nelson Agholor,WR,WR,"https://static.www.nfl.com/image/private/f_auto,q_auto/league/lfc8g0z3wmxowwggvzqh",16,LV,0,0,0,0,0,0,0,0,0,0,0,0,,0,,,0,0,0,0,0,0,,0,48,82,896,8,0,0,1269,230,37,36.9445207023161,0,0.706067769897557,0.15678776290631,0.288671519563239,0.437251708053732,0,137.6,185.6
2020,REG+POST,00-0031558,M.Williams,Maxx Williams,TE,TE,"https://static.www.nfl.com/image/private/f_auto,q_auto/league/p0j7ax3rqhrzn5nvmc06",6,ARI,0,0,0,0,0,0,0,0,0,0,0,0,,0,,,0,0,0,0,0,0,,0,8,10,102,1,0,0,38,66,4,2.2427271027409,0,2.68421052631579,0.0487804878048781,0.0308441558441558,0.0947616407982262,0,16.2,24.2
2020,REG+POST,00-0031585,M.Pruitt,MyCole Pruitt,TE,TE,"https://static.www.nfl.com/image/private/f_auto,q_auto/league/okk2t3ngao7qszoxxcph",5,TEN,0,0,0,0,0,0,0,0,0,0,0,0,,0,,,0,0,0,0,0,0,,0,5,8,49,2,0,0,67,13,4,3.03745062969392,0,0.73134328358209,0.0470588235294118,0.0448760884125921,0.102001497182932,0,16.9,21.9
2020,REG+POST,00-0031588,S.Diggs,Stefon Diggs,WR,WR,"https://static.www.nfl.com/image/private/f_auto,q_auto/league/zf6nbnzcfzu4y7yq2nzk",19,BUF,0,0,0,0,0,0,0,0,0,0,0,0,,0,,,1,1,0,0,0,0,-0.730859310831875,0,147,197,1846,10,0,0,2145,539,91,104.025751011426,0,0.860606060606061,0.287591240875912,0.356845782731659,0.68117890922603,0,244.7,391.7
2020,REG+POST,00-0031595,M.Burton,Michael Burton,FB,RB,"https://static.www.nfl.com/image/private/f_auto,q_auto/league/y8chssh9pcuzv5uc7nai",8,NO,0,0,0,0,0,0,0,0,0,0,0,0,,0,,,7,18,0,0,0,6,0.950190016068518,0,6,7,43,0,0,0,10,33,1,2.11557011162054,0,4.3,0.0366492146596859,0.0108108108108108,0.0625413895570964,0,6.1,12.1
2020,REG+POST,00-0031598,N.Boyle,Nick Boyle,TE,TE,"https://static.www.nfl.com/image/private/f_auto,q_auto/league/emqvoudb71kgmkfphmuw",9,BAL,0,0,0,0,0,0,0,0,0,0,0,0,,0,,,0,0,0,0,0,0,,0,14,17,113,2,0,0,93,34,8,6.21876620815601,0,1.21505376344086,0.0702479338842975,0.0446257197696737,0.136609904665218,0,23.3,37.3
2020,REG+POST,00-0031610,D.Waller,Darren Waller,TE,TE,"https://static.www.nfl.com/image/private/f_auto,q_auto/league/qqzht46a66zbi9xyylf4",16,LV,0,0,0,0,0,0,0,0,0,0,0,0,,0,,,0,0,0,0,0,0,,0,107,145,1196,9,2,2,1128,572,69,56.3348335734037,1,1.06028368794326,0.277246653919694,0.256596906278435,0.595487815274446,0,171.6,278.6
2020,REG+POST,00-0031687,R.Mostert,Raheem Mostert,RB,RB,"https://static.www.nfl.com/image/private/f_auto,q_auto/league/jt7n28bmkyobsxmdbvqu",8,SF,0,0,0,0,0,0,0,0,0,0,0,0,,0,,,104,521,2,1,1,22,-10.6291142127884,0,16,19,156,1,0,0,20,136,5,5.39668922661804,0,7.8,0.0781893004115226,0.0157109190887667,0.128281593979421,0,83.7,99.7
2020,REG+POST,00-0031690,E.Tomlinson,Eric Tomlinson,TE,TE,"https://static.www.nfl.com/image/private/f_auto,q_auto/league/swiwooxium4wmas8wq4c",1,BAL,0,0,0,0,0,0,0,0,0,0,0,0,,0,,,0,0,0,0,0,0,,0,0,1,0,0,0,0,34,0,0,-2.29745129827643,0,0.0,0.0384615384615385,0.133858267716535,0.151393095093882,0,0.0,0.0
2020,REG+POST,00-0031763,D.Carter,DeAndre Carter,WR,WR,"https://static.www.nfl.com/image/private/f_auto,q_auto/league/mh4cvggohuakwwhobzrk",2,CHI,0,0,0,0,0,0,0,0,0,0,0,0,,0,,,1,3,0,0,0,0,-0.13205509306863,0,4,6,25,0,0,0,40,9,1,-1.074014508049,0,0.625,0.103448275862069,0.0763358778625954,0.20860752829692,0,2.8,6.8
2020,REG+POST,00-0031787,J.Kumerow,Jake Kumerow,WR,WR,"https://static.www.nfl.com/image/private/f_auto,q_auto/league/lrfqprrjgaeaicqsd0f9",1,BUF,0,0,0,0,0,0,0,0,0,0,0,0,,0,,,0,0,0,0,0,0,,0,1,1,22,1,0,0,22,0,1,3.94803707470419,0,1.0,0.0263157894736842,0.0561224489795918,0.0787593984962406,0,8.2,9.2
2020,REG+POST,00-0031800,T.Heinicke,Taylor Heinicke,QB,QB,"https://static.www.nfl.com/image/private/f_auto,q_auto/league/r9uju522lkr3sq3vwgft",2,WAS,38,63,443,2,1,3,24,0,0,640,140,21,2.6744313922135,0,0.6921875,0.0894753929173484,9,68,1,0,0,6,7.9514232026122,0,0,0,0,0,0,0,0,0,0,,0,,,,,0,36.52,36.52
2020,REG+POST,00-0031806,M.Brown,Malcolm Brown,RB,RB,"https://static.www.nfl.com/image/private/f_auto,q_auto/league/zxnjheichwlnvvu5qdyl",18,LA,0,0,0,0,0,0,0,0,0,0,0,0,,0,,,110,449,5,0,0,29,-15.010127517554,0,25,35,175,0,1,1,0,186,9,-2.66922740141228,0,0.0,0.0597269624573379,0.0,0.0895904436860068,0,90.4,115.4
2020,REG+POST,00-0031868,D.Byrd,Damiere Byrd,WR,WR,"https://static.www.nfl.com/image/private/f_auto,q_auto/league/cskulleqxehtrgkqsl3u",14,NE,0,0,0,0,0,0,0,0,0,0,0,0,,0,,,2,15,0,1,0,1,0.92834061710164,0,47,77,604,1,1,0,882,172,29,16.1513097172865,0,0.684807256235828,0.200520833333333,0.322840409956076,0.526769536969253,0,67.9,114.9
2020,REG+POST,00-0031921,K.Lamm,Kendall Lamm,T,OL,"https://static.www.nfl.com/image/private/f_auto,q_auto/league/rsmsr1nfmqyfeo6peln4",1,CLE,0,0,0,0,0,0,0,0,0,0,0,0,,0,,,0,0,0,0,0,0,,0,1,1,1,1,0,0,1,0,1,1.24492190295132,0,1.0,0.03125,0.0048076923076923,0.0502403846153846,0,6.1,7.1
2020,REG+POST,00-0031941,J.Crowder,Jamison Crowder,WR,WR,"https://static.www.nfl.com/image/private/f_auto,q_auto/league/glmuevjuy3coqf1t3rqj",12,NYJ,1,1,43,1,0,0,0,0,0,27,16,1,3.84616744448431,0,1.59259259259259,,1,14,0,0,0,1,0.90347820147872,0,59,89,699,6,0,0,673,327,32,24.3243528456178,0,1.03863298662704,0.25,0.199703264094955,0.514792284866469,0,113.02,172.02
2020,REG+POST,00-0031951,J.O'Shaughnessy,James O'Shaughnessy,TE,TE,"https://static.www.nfl.com/image/private/f_auto,q_auto/league/sz5g57zhnshipkpw39sz",15,JAX,0,0,0,0,0,0,0,0,0,0,0,0,,0,,,0,0,0,0,0,0,,0,28,38,262,0,0,0,274,94,12,10.2449916434707,0,0.956204379562044,0.0688405797101449,0.0618510158013544,0.146556580626165,0,26.2,54.2
2020,REG+POST,00-0032009,A.Humphries,Adam Humphries,WR,WR,"https://static.www.nfl.com/image/private/f_auto,q_auto/league/l56ywjejfpraigzs4qia",7,TEN,0,0,0,0,0,1,0,0,0,0,0,0,-0.474773292895407,0,,,0,0,0,0,0,0,,0,23,35,228,2,0,0,335,45,11,5.42703281443942,0,0.680597014925373,0.146443514644351,0.165677546983185,0.335639554854757,0,34.8,57.8
2020,REG+POST,00-0032054,B.Perriman,Breshad Perriman,WR,WR,"https://static.www.nfl.com/image/private/f_auto,q_auto/league/zpwov1n42bi5lsqdlxhh",12,NYJ,0,0,0,0,0,0,0,0,0,0,0,0,,0,,,1,6,0,0,0,0,0.300831455504522,0,30,60,505,3,0,0,906,160,20,0.959921847343217,0,0.557395143487859,0.17910447761194,0.309955525145399,0.485625584019689,0,69.1,99.1
2020,REG+POST,00-0032058,T.Coleman,Tevin Coleman,RB,RB,"https://static.www.nfl.com/image/private/f_auto,q_auto/league/wiu4r7bvhcafs9vamqc",6,SF,0,0,0,0,0,0,0,0,0,0,0,0,,0,,,28,53,0,0,0,3,-8.44488990664831,0,4,5,34,0,0,0,13,21,2,0.978089921991341,0,2.61538461538462,0.0625,0.0264227642276423,0.11224593495935,0,8.7,12.7
2020,REG+POST,00-0032062,B.Bell,Blake Bell,TE,TE,"https://static.www.nfl.com/image/private/f_auto,q_auto/league/eqrmmjto8koqqc9j2kjj",11,DAL,0,0,0,0,0,0,0,0,0,0,0,0,,0,,,1,2,0,0,0,1,0.734888161532581,0,11,15,110,0,0,0,77,48,7,1.52189232449746,0,1.42857142857143,0.0338600451467269,0.0226537216828479,0.0666476728980838,0,11.2,22.2
2020,REG+POST,00-0032063,M.Davis,Mike Davis,RB,RB,"https://static.www.nfl.com/image/private/f_auto,q_auto/league/csrqinegeyunycijua2q",14,CAR,0,0,0,0,0,0,0,0,0,0,0,0,,0,,,165,642,6,1,1,38,-19.4727529821175,0,59,70,373,2,0,0,-39,422,17,-6.55197416481401,0,-9.56410256410256,0.163170163170163,-0.0131048387096774,0.235581857658471,0,147.5,206.5
2020,REG+POST,00-0032098,D.Brown,Daniel Brown,TE,TE,"https://static.www.nfl.com/image/private/f_auto,q_auto/league/fnhg5hbp5sjn3uuanqua",2,NYJ,0,0,0,0,0,0,0,0,0,0,0,0,,0,,,0,0,0,0,0,0,,0,2,2,31,0,0,0,10,21,2,4.36922450916609,0,3.1,0.0327868852459016,0.04149377593361,0.0782259710223794,0,3.1,5.1
2020,REG+POST,00-0032104,A.Abdullah,Ameer Abdullah,RB,RB,"https://static.www.nfl.com/image/private/f_auto,q_auto/league/cvjebibvlvv8bclqyc8a",6,MIN,0,0,0,0,0,0,0,0,0,0,0,0,,0,,,8,42,0,0,0,4,1.89927110649296,0,8,9,58,2,0,0,-5,63,4,4.55992347290157,0,-11.6,0.0436893203883495,-0.004492362982929,0.062389326494474,0,22.0,30.0
2020,REG+POST,00-0032128,C.Conley,Chris Conley,WR,WR,"https://static.www.nfl.com/image/private/f_auto,q_auto/league/wddhtkz5tmo47x5s3qnq",14,JAX,0,0,0,0,0,0,0,0,0,0,0,0,,0,,,0,0,0,0,0,0,,0,40,63,471,2,1,1,652,180,24,12.1116146154995,0,0.72239263803681,0.125248508946322,0.16439737771054,0.302950927816861,0,57.1,97.1
2020,REG+POST,00-0032134,C.Uzomah,C.J. Uzomah,TE,TE,"https://static.www.nfl.com/image/private/f_auto,q_auto/league/hnkflpl5pzbfbdvtcv1c",2,CIN,0,0,0,0,0,0,0,0,0,0,0,0,,0,,,0,0,0,0,0,0,,0,8,11,87,1,0,0,94,30,6,5.25051962710343,0,0.925531914893617,0.117021276595745,0.12401055408971,0.262339302756414,0,14.7,22.7
2020,REG+POST,00-0032135,J.James,Jesse James,TE,TE,"https://static.www.nfl.com/image/private/f_auto,q_auto/league/rgk9zqdx9lmbcblem3xn",12,DET,0,0,0,0,0,0,0,0,0,0,0,0,,0,,,0,0,0,0,0,0,,0,14,22,129,2,0,0,118,76,6,-4.07951502286596,0,1.09322033898305,0.0522565320665083,0.0355100812518808,0.103241854976079,0,24.9,38.9
2020,REG+POST,00-0032141,G.Swaim,Geoff Swaim,TE,TE,"https://static.www.nfl.com/image/upload/f_auto,q_auto/league/hx9yaocl4a6owbwaqajy",7,TEN,0,0,0,0,0,0,0,0,0,0,0,0,,0,,,0,0,0,0,0,0,,0,10,13,88,1,0,0,84,35,6,4.25777538874536,0,1.04761904761905,0.0607476635514019,0.0491515506143944,0.125527580757179,0,14.8,24.8
2020,REG+POST,00-0032144,M.Gordon,Melvin Gordon,RB,RB,"https://static.www.nfl.com/image/private/f_auto,q_auto/league/i4g8x7yotpgszlyanow0",15,DEN,0,0,0,0,0,0,0,0,0,0,0,0,,0,,,215,986,9,2,2,46,-16.6835289239872,0,32,44,158,1,2,2,9,162,7,-18.343351267975,0,17.5555555555556,0.102803738317757,0.0028562361155188,0.156204972757499,0,166.4,198.4
2020,REG+POST,00-0032187,D.Johnson,David Johnson,RB,RB,"https://static.www.nfl.com/image/private/f_auto,q_auto/league/y7dtsyyjnoafefkbylbb",12,HOU,0,0,0,0,0,0,0,0,0,0,0,0,,0,,,147,691,6,0,0,38,-3.65678894566372,0,33,46,314,2,2,1,168,235,16,1.33719085729577,0,1.86904761904762,0.11219512195122,0.0449799196787149,0.19977862670193,0,146.5,179.5
2020,REG+POST,00-0032200,T.Montgomery,Ty Montgomery,WR,WR,"https://static.www.nfl.com/image/private/f_auto,q_auto/league/eagn4fvhnc9cp3wxeqoz",5,NO,0,0,0,0,0,0,0,0,0,0,0,0,,0,,,23,115,0,0,0,5,-0.44633370754309,0,4,7,40,0,0,0,16,40,2,-1.46886739000911,0,2.5,0.0542635658914729,0.0188902007083825,0.0946184893330771,0,15.5,19.5
2020,REG+POST,00-0032209,T.Yeldon,T.J. Yeldon,RB,RB,"https://static.www.nfl.com/image/private/f_auto,q_auto/league/ktxkn2ltkmqfb5ugunt4",5,BUF,0,0,0,0,0,0,0,0,0,0,0,0,,0,,,15,89,0,1,0,6,4.55152564536547,0,5,9,63,1,0,0,29,32,2,2.32001475826837,0,2.17241379310345,0.0743801652892562,0.0308839190628328,0.133188991277867,0,21.2,26.2
2020,REG+POST,00-0032211,T.Lockett,Tyler Lockett,WR,WR,"https://static.www.nfl.com/image/private/f_auto,q_auto/league/f9wttnkcqc2scahf9oth",17,SEA,0,0,0,0,0,0,0,0,0,0,0,0,,0,,,0,0,0,0,0,0,,0,102,136,1097,10,1,0,1369,332,59,75.1368898915705,0,0.801314828341855,0.241563055062167,0.280016363264471,0.55835603687838,0,169.7,271.7
2020,REG+POST,00-0032214,T.Kroft,Tyler Kroft,TE,TE,"https://static.www.nfl.com/image/private/f_auto,q_auto/league/ztko1uhl01ebiutefibj",6,BUF,0,0,0,0,0,0,0,0,0,0,0,0,,0,,,0,0,0,0,0,0,,0,12,16,119,3,0,0,121,44,9,8.54731609177149,0,0.983471074380165,0.0860215053763441,0.0770700636942675,0.182981302650503,0,29.9,41.9
2020,REG+POST,00-0032241,T.Gurley,Todd Gurley,RB,RB,"https://static.www.nfl.com/image/private/f_auto,q_auto/league/ym7oprwel3dxbab0k7x9",15,ATL,0,0,0,0,0,0,0,0,0,0,0,0,,0,,,195,678,9,1,0,45,-19.7901064403007,0,25,35,164,0,1,0,51,123,7,1.23599804588594,0,3.2156862745098,0.0697211155378486,0.0116385212231858,0.112728638163003,0,138.2,163.2
2020,REG+POST,00-0032257,D.Johnson,Duke Johnson,RB,RB,"https://static.www.nfl.com/image/private/f_auto,q_auto/league/hf7lxjjesduggqdfktsg",11,HOU,0,0,0,0,0,0,0,0,0,0,0,0,,0,,,77,235,1,2,2,11,-25.5578772735898,0,28,35,249,1,1,0,67,220,8,4.43522184696477,0,3.71641791044776,0.0991501416430595,0.0292193632795465,0.169178766760272,0,56.4,84.4
2020,REG+POST,00-0032268,M.Mariota,Marcus Mariota,QB,QB,"https://static.www.nfl.com/image/private/f_auto,q_auto/league/dpbdwpmpd9vht8hzqqq6",1,LV,17,28,226,1,1,0,0,0,0,273,76,11,8.42639402831319,0,0.827838827838828,0.244468295699267,9,88,1,0,0,8,11.2447907407186,0,0,0,0,0,0,0,0,0,0,,0,,,,,0,25.84,25.84
2020,REG+POST,00-0032385,S.Shepard,Sterling Shepard,WR,WR,"https://static.www.nfl.com/image/private/f_auto,q_auto/league/qbsz1nkk6lnudmcwimer",12,NYG,0,0,0,0,0,0,0,0,0,0,0,0,,0,,,6,49,1,0,0,2,4.30863198195584,0,66,90,656,3,0,0,746,204,37,25.8607742747117,1,0.879356568364611,0.233160621761658,0.239717223650386,0.517542989197757,0,96.5,162.5
2020,REG+POST,00-0032392,A.Hooper,Austin Hooper,TE,TE,"https://static.www.nfl.com/image/private/f_auto,q_auto/league/jp2z8s6pcanbitupycwc",15,CLE,0,0,0,0,0,0,0,0,0,0,0,0,,0,,,0,0,0,0,0,0,,0,55,84,497,5,0,0,574,180,32,28.208446936523,0,0.865853658536585,0.191780821917808,0.162146892655367,0.401174057735469,0,79.7,134.7
2020,REG+POST,00-0032393,C.Prosise,C.J. Prosise,RB,RB,"https://static.www.nfl.com/image/private/f_auto,q_auto/league/rcutby5hu0vtijh6adle",5,HOU,0,0,0,0,0,0,0,0,0,0,0,0,,0,,,10,19,0,1,1,0,-8.85743137344252,0,5,5,18,1,0,0,-8,26,1,-0.881071604730096,0,-2.25,0.0434782608695652,-0.0082730093071354,0.059426284789353,0,7.7,12.7
2020,REG+POST,00-0032394,N.Vannett,Nick Vannett,TE,TE,"https://static.www.nfl.com/image/private/f_auto,q_auto/league/cccwwxb6tvsfhm3ylqul",11,DEN,0,0,0,0,0,0,0,0,0,0,0,0,,0,,,0,0,0,0,0,0,,0,14,21,95,1,0,0,93,64,6,-3.78624729419244,0,1.02150537634409,0.0638297872340426,0.0294210692818728,0.116339429348375,0,15.5,29.5
2020,REG+POST,00-0032404,T.Ervin,Tyler Ervin,RB,RB,"https://static.www.nfl.com/image/private/f_auto,q_auto/league/tqevofjpvkvuvpdaoggm",7,GB,0,0,0,0,0,0,0,0,0,0,0,0,,0,,,13,67,0,0,0,4,0.274768856018562,0,11,15,84,0,0,0,-15,84,6,2.85841667867498,0,-5.6,0.0638297872340426,-0.0075187969924812,0.090481522956327,0,15.1,26.1
2020,REG+POST,00-0032419,J.Haeg,Joe Haeg,T,OL,"https://static.www.nfl.com/image/private/f_auto,q_auto/league/r1dnsh9odto6vsiyzl9i",1,TB,0,0,0,0,0,0,0,0,0,0,0,0,,0,,,0,0,0,0,0,0,,0,0,1,0,0,0,0,2,0,0,-0.870834250526968,0,0.0,0.0344827586206897,0.0113636363636364,0.0596786833855799,0,0.0,0.0
2020,REG+POST,00-0032426,A.Collins,Alex Collins,RB,RB,"https://static.www.nfl.com/image/private/f_auto,q_auto/league/ddlhbm7zsi5o69wh6z5o",3,SEA,0,0,0,0,0,0,0,0,0,0,0,0,,0,,,18,77,2,0,0,5,1.97094997533713,0,1,2,4,0,0,0,11,1,0,-1.07632128312252,0,0.363636363636364,0.0571428571428571,0.0317919075144509,0.107968620974401,0,20.1,21.1
2020,REG+POST,00-0032434,B.Allen,Brandon Allen,QB,QB,"https://static.www.nfl.com/image/private/f_auto,q_auto/league/bru1tv2adumstssu7bqw",5,CIN,90,142,925,5,4,7,51,1,1,940,557,42,-9.50667038832789,0,0.984042553191489,0.016891204660527,13,27,0,0,0,5,2.46324194991925,0,0,1,0,0,0,0,8,0,0,-0.500217972323299,0,0.0,0.037037037037037,0.0493827160493827,0.0901234567901234,0,49.7,49.7
2020,REG+POST,00-0032436,J.Driskel,Jeff Driskel,QB,QB,"https://static.www.nfl.com/image/private/f_auto,q_auto/league/vs04xemcmwboamd8fpas",3,DEN,35,64,432,3,2,11,98,0,0,638,131,18,-14.5927857042852,1,0.677115987460815,-0.005301273632394,6,28,0,0,0,3,3.51318447553786,0,0,0,0,0,0,0,0,0,0,,0,,,,,0,30.08,30.08
2020,REG+POST,00-0032450,D.Washington,Dwayne Washington,RB,RB,"https://static.www.nfl.com/image/private/f_auto,q_auto/league/h1nintlpbk2zyxerjpy4",3,NO,0,0,0,0,0,0,0,0,0,0,0,0,,0,,,9,17,0,0,0,0,-3.88612489309162,0,0,0,0,0,0,0,0,0,0,,0,,,,,0,1.7,1.7
2020,REG+POST,00-0032464,K.Raymond,Kalif Raymond,WR,WR,"https://static.www.nfl.com/image/private/f_auto,q_auto/league/q2kahfn76dnnb1uxxorv",9,TEN,0,0,0,0,0,0,0,0,0,0,0,0,,0,,,1,-3,0,0,0,0,-1.2241438391502,0,9,16,187,0,0,0,286,38,7,4.10750310590281,0,0.653846153846154,0.060377358490566,0.141234567901235,0.189430235266713,0,18.4,27.4
2020,REG+POST,00-0032543,A.Erickson,Alex Erickson,WR,WR,"https://static.www.nfl.com/image/private/f_auto,q_auto/league/tnd77vbkyo8srrrkaisu",9,CIN,0,1,0,0,0,0,0,0,0,21,0,0,-0.489072750555351,0,0.0,,5,7,0,1,1,0,-6.08997176302364,0,12,17,139,0,0,0,122,67,5,2.68327601726782,0,1.13934426229508,0.0669291338582677,0.05765595463138,0.140752869029368,0,12.6,24.6
2020,REG+POST,00-0032575,M.Skura,Matt Skura,C,OL,"https://static.www.nfl.com/image/private/f_auto,q_auto/league/h9enr0ycapsfxudjqe43",1,BAL,0,0,0,0,0,0,0,0,0,0,0,0,,0,,,1,0,0,1,0,0,-0.592132756486535,0,0,0,0,0,0,0,0,0,0,,0,,,,,0,0.0,0.0
2020,REG+POST,00-0032577,D.Foster,D.J. Foster,RB,RB,"https://static.www.nfl.com/image/private/f_auto,q_auto/league/thjquiyzbnepofa1mb94",2,ARI,0,0,0,0,0,0,0,0,0,0,0,0,,0,,,2,2,0,0,0,0,-1.95383089547977,0,1,1,7,0,0,0,4,3,1,0.662165773333982,0,1.75,0.0384615384615385,0.016,0.0688923076923077,0,0.9,1.9
2020,REG+POST,00-0032592,S.Neasman,Sharrod Neasman,CB,DB,"https://static.www.nfl.com/image/private/f_auto,q_auto/league/yut5typ5hmpbucewbnwd",1,ATL,0,0,0,0,0,0,0,0,0,0,0,0,,0,,,1,2,0,1,1,0,-3.10541942995042,0,0,0,0,0,0,0,0,0,0,,0,,,,,0,-1.8,-1.8
2020,REG+POST,00-0032602,J.McKissic,J.D. McKissic,RB,RB,"https://static.www.nfl.com/image/private/f_auto,q_auto/league/zi77vkqwrmklt5ic6lc6",17,WAS,0,0,0,0,0,0,0,0,0,0,0,0,,0,,,87,370,2,1,0,26,-4.37164960206402,0,82,113,597,2,2,1,181,517,32,-10.3504845745422,0,3.29834254143646,0.194492254733219,0.0492115280043502,0.326186451702873,0,118.7,200.7
2020,REG+POST,00-0032688,R.Chosen,Robbie Chosen,WR,WR,"https://static.www.nfl.com/image/private/f_auto,q_auto/league/hkcncqfwusv19fah3mbt",16,CAR,0,0,0,0,0,0,0,0,0,0,0,0,,0,,,4,15,0,0,0,1,-1.06619166303426,0,95,136,1096,3,1,1,1318,497,49,27.0865707813122,1,0.831562974203338,0.258064516129032,0.325673338275266,0.615068110986234,0,129.1,224.1
2020,REG+POST,00-0032725,S.Anderson,Stephen Anderson,TE,TE,"https://static.www.nfl.com/image/private/f_auto,q_auto/league/inufsxftnotmpeot1lh2",3,LAC,0,0,0,0,0,0,0,0,0,0,0,0,,0,,,0,0,0,0,0,0,,0,8,11,106,0,0,0,44,80,7,5.36892621498555,0,2.40909090909091,0.0956521739130435,0.0578947368421053,0.184004576659039,0,10.6,18.6
2020,REG+POST,00-0032741,P.Barber,Peyton Barber,RB,RB,"https://static.www.nfl.com/image/private/f_auto,q_auto/league/yjcjcrdiztmfwjgcfbux",14,WAS,0,0,0,0,0,0,0,0,0,0,0,0,,0,,,94,258,4,0,0,26,-4.48706421976785,0,4,7,12,0,0,0,1,11,1,-2.77582537359558,0,12.0,0.0321100917431193,0.0007892659826361,0.0487176238025242,0,51.0,55.0
2020,REG+POST,00-0032764,D.Henry,Derrick Henry,RB,RB,"https://static.www.nfl.com/image/private/f_auto,q_auto/league/xpewyoieoj7zeub4fvff",17,TEN,0,0,0,0,0,0,0,0,0,0,0,0,,0,,,396,2067,17,3,2,98,28.0041606978826,1,22,34,125,0,0,0,-26,135,4,-7.81365541514754,0,-4.80769230769231,0.0807600950118765,-0.008959338387319,0.114868605646691,0,319.2,341.2
2020,REG+POST,00-0032765,M.Thomas,Michael Thomas,WR,WR,"https://static.www.nfl.com/image/private/f_auto,q_auto/league/sxldsbuw65hfmkzqhw96",9,NO,0,0,0,0,0,0,0,0,0,0,0,0,,0,,,1,1,0,0,0,0,-0.539614861598238,0,45,66,511,1,0,0,615,107,28,10.0689883817856,0,0.830894308943089,0.245353159851301,0.377300613496933,0.632140169224804,0,57.2,102.2
2020,REG+POST,00-0032775,D.Robinson,Demarcus Robinson,WR,WR,"https://static.www.nfl.com/image/private/f_auto,q_auto/league/ceqqkylismka583qo9kk",17,KC,0,0,0,0,0,0,0,0,0,0,0,0,,0,,,0,0,0,0,0,0,,0,47,64,491,3,1,1,600,177,28,19.8526725848205,0,0.818333333333333,0.0962406015037594,0.112464854732896,0.223086300568666,0,65.1,112.1
2020,REG+POST,00-0032778,T.Sharpe,Tajae Sharpe,WR,WR,"https://static.www.nfl.com/image/private/f_auto,q_auto/league/c8fgfxrl2gmdv8thgw1p",3,MIN,0,0,0,0,0,0,0,0,0,0,0,0,,0,,,0,0,0,0,0,0,,0,0,3,0,0,0,0,112,0,0,-4.86600827216171,0,0.0,0.029126213592233,0.131147540983607,0.135492599076874,0,0.0,0.0
2020,REG+POST,00-0032780,J.Howard,Jordan Howard,RB,RB,"https://static.www.nfl.com/image/private/f_auto,q_auto/league/nbvb6bsrmjupmqrrf1n4",7,PHI,0,0,0,0,0,0,0,0,0,0,0,0,,0,,,35,60,4,0,0,7,-6.92208196013235,0,1,1,-3,0,1,0,-4,0,0,-1.0240601899568,0,0.75,0.0222222222222222,-0.0117302052785924,0.0251221896383187,0,29.7,30.7
2020,REG+POST,00-0032791,J.Grant,Jakeem Grant,WR,WR,"https://static.www.nfl.com/image/private/f_auto,q_auto/league/f2ujcvb61rknhjyxcrsu",14,MIA,0,0,0,0,0,0,0,0,0,0,0,0,,0,,,3,20,0,0,0,1,-0.734329256345518,0,36,54,373,1,0,0,567,172,22,6.30933955667091,0,0.657848324514991,0.116630669546436,0.15241935483871,0.281639552706751,1,51.3,87.3
2020,REG+POST,00-0032792,N.Sudfeld,Nate Sudfeld,QB,QB,"https://static.www.nfl.com/image/private/f_auto,q_auto/league/it5e3w2ufgfp7sc5wgo2",1,PHI,5,12,32,0,1,2,16,0,0,118,18,1,-4.72489028249402,0,0.271186440677966,-0.0149405825124152,2,12,0,1,1,1,-5.975564588618,0,0,0,0,0,0,0,0,0,0,,0,,,,,0,-1.52,-1.52
2020,REG+POST,00-0032807,C.Fejedelem,Clayton Fejedelem,SS,DB,"https://static.www.nfl.com/image/private/f_auto,q_auto/league/mlxzah8tensxhgwc7z3x",2,MIA,0,0,0,0,0,0,0,0,0,0,0,0,,0,,,2,23,0,0,0,2,5.40306336281356,0,0,0,0,0,0,0,0,0,0,,0,,,,,0,2.3,2.3
2020,REG+POST,00-0032813,E.Penny,Elijhaa Penny,RB,RB,"https://static.www.nfl.com/image/private/f_auto,q_auto/league/jiebuu94lu81xzneqrsf",6,NYG,0,0,0,0,0,0,0,0,0,0,0,0,,0,,,6,15,0,0,0,4,0.0459095971891657,0,2,3,20,0,0,0,4,16,1,1.23056241503218,0,5.0,0.0283018867924528,0.0065466448445171,0.0470354815798413,0,3.5,5.5
2020,REG+POST,00-0032881,T.Lewis,Tommylee Lewis,WR,WR,"https://static.www.nfl.com/image/private/f_auto,q_auto/league/qvf3ud6rgqusejdd4f5u",4,NO,0,0,0,0,0,0,0,0,0,0,0,0,,0,,,2,14,0,0,0,1,-0.129766456317157,0,1,3,5,0,0,0,38,0,0,-1.68247982917819,0,0.131578947368421,0.027027027027027,0.0514905149051491,0.0765839009741449,0,1.9,2.9
2020,REG+POST,00-0032897,D.Watt,Derek Watt,FB,RB,"https://static.www.nfl.com/image/private/f_auto,q_auto/league/jrhk6npb7u3tmgzt7rwn",1,PIT,0,0,0,0,0,0,0,0,0,0,0,0,,0,,,2,2,0,0,0,1,-1.1791511841584,0,0,0,0,0,0,0,0,0,0,,0,,,,,0,0.2,0.2
2020,REG+POST,00-0032918,C.Ham,C.J. Ham,FB,RB,"https://static.www.nfl.com/image/private/f_auto,q_auto/league/oyy0xpxazac9lbt7z8zm",11,MIN,0,0,0,0,0,0,0,0,0,0,0,0,,0,,,5,18,0,0,0,2,-0.477163452305831,0,8,13,97,1,0,0,43,75,6,4.88074535899796,0,2.25581395348837,0.0550847457627119,0.0240089335566723,0.0994333721337384,0,17.5,25.5
2020,REG+POST,00-0032940,D.Washington,DeAndre Washington,RB,RB,"https://static.www.nfl.com/image/private/f_auto,q_auto/league/r89dcprs99qahleja3mz",4,MIA,0,0,0,0,0,0,0,0,0,0,0,0,,0,,,31,91,0,0,0,2,-7.80159172369167,0,5,10,30,0,0,0,26,23,2,2.3617395364854,0,1.15384615384615,0.091743119266055,0.0285087719298246,0.15757081924996,0,12.1,17.1
2020,REG+POST,00-0032943,R.Dixon,Riley Dixon,P,SPEC,"https://static.www.nfl.com/image/private/f_auto,q_auto/league/qummyltudg8zskn0si4v",1,NYG,0,1,0,0,0,0,0,0,0,8,0,0,-2.57392822386464,0,0.0,,0,0,0,0,0,0,,0,0,0,0,0,0,0,0,0,0,,0,,,,,0,0.0,0.0
2020,REG+POST,00-0032950,C.Wentz,Carson Wentz,QB,QB,"https://static.www.nfl.com/image/private/f_auto,q_auto/league/indtay8ngoq8ubhhydbp",12,PHI,251,437,2620,16,15,50,326,7,3,3871,996,130,-86.9983339357374,5,0.676827693102558,0.0115906393621501,52,276,5,3,1,25,10.7642943251121,0,0,0,0,0,0,0,0,0,0,,0,,,,,0,198.4,198.4
2020,REG+POST,00-0032951,L.Treadwell,Laquon Treadwell,WR,WR,"https://static.www.nfl.com/image/private/f_auto,q_auto/league/k5zobcutuqqnd1cxqplo",4,ATL,0,0,0,0,0,0,0,0,0,0,0,0,,0,,,0,0,0,0,0,0,,0,6,7,49,2,0,0,39,13,4,3.86659945038358,0,1.25641025641026,0.0451612903225806,0.0326086956521739,0.0905680224403927,0,16.9,22.9
2020,REG+POST,00-0032956,A.Janovich,Andy Janovich,FB,RB,"https://static.www.nfl.com/image/private/f_auto,q_auto/league/w4nnz0yrfilgpexcseqy",6,CLE,0,0,0,0,0,0,0,0,0,0,0,0,,0,,,2,4,0,0,0,1,0.251682086760411,0,2,5,13,0,0,0,9,12,1,-1.78622413403355,0,1.44444444444444,0.0308641975308642,0.0074441687344913,0.0515072144104402,0,1.7,3.7
2020,REG+POST,00-0032972,D.Booker,Devontae Booker,RB,RB,"https://static.www.nfl.com/image/private/f_auto,q_auto/league/y5fw68qxcmxykv1uchlo",15,LV,0,0,0,0,0,0,0,0,0,0,0,0,,0,,,93,423,3,1,0,21,2.92745412734803,0,17,21,84,0,0,0,7,81,2,-13.6049418008966,0,12.0,0.0583333333333333,0.0028420625253755,0.0894894437677629,0,68.7,85.7
2020,REG+POST,00-0032975,J.Williams,Jonathan Williams,RB,RB,"https://static.www.nfl.com/image/private/f_auto,q_auto/league/dnlboggtjcflj9fxauub",1,DET,0,0,0,0,0,0,0,0,0,0,0,0,,0,,,1,5,0,1,1,0,-5.37057149445172,0,4,4,21,0,0,0,-2,23,2,0.239870419027284,0,-10.5,0.0952380952380952,-0.006060606060606,0.138614718614719,0,0.6,4.6
2020,REG+POST,00-0032977,R.Higgins,Rashard Higgins,WR,WR,"https://static.www.nfl.com/image/private/f_auto,q_auto/league/mdn4he3iuc2mwx3cfvfj",14,CLE,0,0,0,0,0,0,0,0,0,0,0,0,,0,,,0,0,0,0,0,0,,0,44,66,715,4,3,0,895,106,31,34.2660902602105,0,0.798882681564246,0.158653846153846,0.263856132075472,0.422680061683599,0,95.5,139.5
2020,REG+POST,00-0032980,M.Johnson,Marcus Johnson,WR,WR,"https://static.www.nfl.com/image/private/f_auto,q_auto/league/pwq2yi4ewqtsx6buynay",8,IND,0,0,0,0,0,0,0,0,0,0,0,0,,0,,,0,0,0,0,0,0,,0,14,28,255,0,0,0,487,49,11,8.79477976051477,0,0.523613963039014,0.102564102564103,0.239312039312039,0.321364581364581,0,25.5,39.5
2020,REG+POST,00-0032986,J.Holtz,J.P. Holtz,TE,TE,"https://static.www.nfl.com/image/private/f_auto,q_auto/league/qmr1ixr4moaj0cri78sq",1,CHI,0,0,0,0,0,0,0,0,0,0,0,0,,0,,,0,0,0,0,0,0,,0,0,1,0,0,0,0,6,0,0,-5.06785566196777,0,0.0,0.0476190476190476,0.0359281437125749,0.0965782720273738,0,0.0,0.0
2020,REG+POST,00-0033006,J.Mickens,Jaydon Mickens,WR,WR,"https://static.www.nfl.com/image/private/f_auto,q_auto/league/edjmdcnmfcqucsqym7ku",2,TB,0,0,0,0,0,0,0,0,0,0,0,0,,0,,,0,0,0,0,0,0,,0,7,10,58,0,0,0,73,31,6,4.59321787719702,0,0.794520547945206,0.123456790123457,0.0977242302543507,0.253592146363231,0,5.8,12.8
2020,REG+POST,00-0033009,T.Boyd,Tyler Boyd,WR,WR,"https://static.www.nfl.com/image/private/f_auto,q_auto/league/vconwllovf9jqxpu9mow",15,CIN,1,2,16,0,0,0,0,0,0,2,22,1,0.735912813688628,0,8.0,,5,49,0,0,0,2,2.12804261344718,0,79,110,841,4,1,0,940,350,43,37.6287697560328,0,0.89468085106383,0.208333333333333,0.219574865685587,0.466202405979911,0,113.64,192.64
2020,REG+POST,00-0033025,J.Richard,Jalen Richard,RB,RB,"https://static.www.nfl.com/image/private/f_auto,q_auto/league/evmn0ccnvk73tukpmk5f",12,LV,0,0,0,0,0,0,0,0,0,0,0,0,,0,,,22,123,1,1,0,7,5.55122132890392,0,19,23,138,0,0,0,49,97,5,-8.92586285610584,0,2.81632653061225,0.0696969696969697,0.0196708149337615,0.118315024999088,0,32.1,51.1
2020,REG+POST,00-0033040,T.Hill,Tyreek Hill,WR,WR,"https://static.www.nfl.com/image/private/f_auto,q_auto/league/lsszbdnkusxc7mduw5be",18,KC,0,0,0,0,0,0,0,0,0,0,0,0,,0,,,17,137,2,0,0,6,8.24384820519481,0,111,166,1631,15,0,0,2047,620,72,92.4989053912451,0,0.796775769418662,0.236804564907275,0.362878922176919,0.609222092884756,0,278.8,389.8
2020,REG+POST,00-0033045,E.Elliott,Ezekiel Elliott,RB,RB,"https://static.www.nfl.com/image/upload/f_auto,q_auto/league/qf0zgze0wkbvu9rlvolf",15,DAL,0,0,0,0,0,0,0,0,0,0,0,0,,0,,,244,979,6,5,4,62,-27.8595159169522,0,52,71,338,2,1,1,-17,360,20,-18.3999255992821,1,-19.8823529411765,0.121367521367521,-0.0041810132808657,0.179124572754676,0,171.7,223.7
2020,REG+POST,00-0033077,D.Prescott,Dak Prescott,QB,QB,"https://static.www.nfl.com/image/private/f_auto,q_auto/league/knx0jxponzfkusnyvjkn",5,DAL,151,222,1856,9,4,10,66,3,3,1762,810,93,32.0177950794546,1,1.0533484676504,0.117492798583725,18,93,3,0,0,8,8.85428566701094,1,1,1,11,1,0,0,10,1,1,2.66843739943579,0,1.1,0.0303030303030303,0.0421940928270042,0.0749904104334484,0,134.64,135.64
2020,REG+POST,00-0033080,S.DeValve,Seth DeValve,TE,TE,"https://static.www.nfl.com/image/private/f_auto,q_auto/league/nrihd72oevgvvbhb8l6g",1,ARI,0,0,0,0,0,0,0,0,0,0,0,0,,0,,,0,0,0,0,0,0,,0,0,1,0,0,0,0,35,0,0,-0.579306447412819,0,0.0,0.0217391304347826,0.0855745721271394,0.0925108961411715,0,0.0,0.0
2020,REG+POST,00-0033083,D.Thompson,Darian Thompson,FS,DB,"https://static.www.nfl.com/image/private/f_auto,q_auto/league/nfzpwopmrdccg8or1hj4",1,DAL,0,0,0,0,0,0,0,0,0,0,0,0,,0,,,1,3,0,0,0,0,-2.5365551894065,0,0,0,0,0,0,0,0,0,0,,0,,,,,0,0.3,0.3
2020,REG+POST,00-0033085,J.Hawkins,Jerald Hawkins,T,OL,"https://static.www.nfl.com/image/private/f_auto,q_auto/league/qxv0dm3zyuz3eqcx1f3z",1,PIT,0,0,0,0,0,0,0,0,0,0,0,0,,0,,,0,0,0,0,0,0,,0,0,1,0,0,0,0,0,0,0,-1.08256936987164,0,,0.0188679245283019,,,0,0.0,0.0
2020,REG+POST,00-0033090,H.Henry,Hunter Henry,TE,TE,"https://static.www.nfl.com/image/private/f_auto,q_auto/league/sdjob9akppefyo7py5tj",14,LAC,0,0,0,0,0,0,0,0,0,0,0,0,,0,,,0,0,0,0,0,0,,0,60,93,613,4,0,0,741,226,35,18.157682038861,0,0.827260458839406,0.16970802919708,0.176428571428571,0.37806204379562,0,85.3,145.3
2020,REG+POST,00-0033094,M.Hall,Marvin Hall,WR,WR,"https://static.www.nfl.com/image/private/f_auto,q_auto/league/dgyruyvyeuy4cwxhysox",11,CLE,0,0,0,0,0,0,0,0,0,0,0,0,,0,,,1,1,0,0,0,0,-0.521031837561168,0,18,32,302,2,0,0,549,58,10,17.0169470904511,0,0.550091074681239,0.0792079207920792,0.163880597014925,0.233528299098567,0,42.3,60.3
2020,REG+POST,00-0033106,J.Goff,Jared Goff,QB,QB,"https://static.www.nfl.com/image/private/f_auto,q_auto/league/nyitt4ybuzopzjzddafi",17,LA,400,598,4281,22,13,29,202,5,3,3929,2261,210,24.7077542548356,2,1.08959022652074,0.0797263454488662,56,109,4,2,1,13,-9.86819824966369,0,0,0,0,0,0,0,0,0,0,,0,,,,,0,264.14,264.14
2020,REG+POST,00-0033110,T.Higbee,Tyler Higbee,TE,TE,"https://static.www.nfl.com/image/private/f_auto,q_auto/league/vk9c6lr4d1pdt9sr86ua",17,LA,0,0,0,0,0,0,0,0,0,0,0,0,,0,,,1,1,0,0,0,0,-0.688042127294466,0,47,65,530,5,0,0,514,238,27,32.3720723272709,1,1.03112840466926,0.111876075731497,0.128693039559339,0.257899241288783,0,85.1,132.1
2020,REG+POST,00-0033111,P.Cooper,Pharoh Cooper,WR,WR,"https://static.www.nfl.com/image/private/f_auto,q_auto/league/mnsqfcfqiehw5aocr1lg",5,CAR,0,0,0,0,0,0,0,0,0,0,0,0,,0,,,0,0,0,0,0,0,,0,5,8,73,0,0,0,79,35,3,2.6644613375538,0,0.924050632911392,0.0467836257309942,0.0533783783783784,0.107540303461356,0,7.3,12.3
2020,REG+POST,00-0033112,T.Hemingway,Temarrick Hemingway,TE,TE,"https://static.www.nfl.com/image/private/f_auto,q_auto/league/ikzbygp007w9gn1rofoo",2,WAS,0,0,0,0,0,0,0,0,0,0,0,0,,0,,,0,0,0,0,0,0,,0,1,2,10,0,0,0,7,6,1,-0.0216456179041415,0,1.42857142857143,0.0408163265306122,0.0233333333333333,0.0775578231292517,0,1.0,2.0
2020,REG+POST,00-0033114,M.Thomas,Mike Thomas,WR,WR,"https://static.www.nfl.com/image/private/f_auto,q_auto/league/sytj4awk8kseyootqzec",10,CIN,0,0,0,0,0,0,0,0,0,0,0,0,,0,,,1,1,0,0,0,0,-0.442678707651794,0,13,21,132,1,1,1,181,28,7,-6.57223325857194,0,0.729281767955801,0.0525,0.0556409468183215,0.117698662772825,0,17.3,30.3
2020,REG+POST,00-0033118,K.Drake,Kenyan Drake,RB,RB,"https://static.www.nfl.com/image/private/f_auto,q_auto/league/rp5apwel9vuk49b4lykn",15,ARI,0,0,0,0,0,0,0,0,0,0,0,0,,0,,,239,955,10,3,1,59,-7.2997949084109,0,25,31,137,0,0,0,-30,165,5,-1.95321683253037,0,-4.56666666666667,0.0635245901639344,-0.0077140653124196,0.0898870395272079,0,167.2,192.2
2020,REG+POST,00-0033119,J.Brissett,Jacoby Brissett,QB,QB,"https://static.www.nfl.com/image/private/f_auto,q_auto/league/wapkj7gxu9waxattqkok",12,IND,2,8,17,0,0,2,15,0,0,65,18,1,-8.43866098171566,0,0.261538461538462,-0.155090571764887,18,19,3,0,0,9,5.46117055578038,0,0,0,0,0,0,0,0,0,0,,0,,,,,0,20.58,20.58
2020,REG+POST,00-0033127,W.Fuller,Will Fuller,WR,WR,"https://static.www.nfl.com/image/private/f_auto,q_auto/league/dgemxvhu8ffqmvmqczks",11,HOU,0,0,0,0,0,0,0,0,0,0,0,0,,0,,,1,0,0,0,0,0,-0.860769623424858,0,53,75,879,8,0,0,940,291,38,58.2042130059235,0,0.935106382978723,0.237341772151899,0.334638661445354,0.590259721239596,0,135.9,188.9
2020,REG+POST,00-0033164,T.Pope,Troymaine Pope,RB,RB,"https://static.www.nfl.com/image/private/f_auto,q_auto/league/qgwjblnzedbxfulfhltu",4,LAC,0,0,0,0,0,0,0,0,0,0,0,0,,0,,,15,76,0,0,0,3,0.723163502523676,0,8,10,42,0,0,0,-16,44,1,-3.46575259570769,0,-2.625,0.0709219858156028,-0.0173160173160173,0.0942617666021922,0,11.8,19.8
2020,REG+POST,00-0033215,C.Grayson,Cyril Grayson,WR,WR,"https://static.www.nfl.com/image/private/f_auto,q_auto/league/klv5np9csnnm6p6zpkcs",2,TB,0,0,0,0,0,0,0,0,0,0,0,0,,0,,,0,0,0,0,0,0,,0,0,3,0,0,0,0,71,0,0,-3.08342700381763,0,0.0,0.0483870967741936,0.152688172043011,0.179462365591398,0,0.0,0.0
2020,REG+POST,00-0033217,M.Alie-Cox,Mo Alie-Cox,TE,TE,"https://static.www.nfl.com/image/private/f_auto,q_auto/league/vaiszuzdtyszme2bkfxv",15,IND,0,0,0,0,0,0,0,0,0,0,0,0,,0,,,0,0,0,0,0,0,,0,35,43,426,2,1,1,288,190,21,15.9057743884332,0,1.47916666666667,0.0843137254901961,0.0769436281057975,0.180331127909352,0,52.6,87.6
2020,REG+POST,00-0033246,J.Mundt,Johnny Mundt,TE,TE,"https://static.www.nfl.com/image/private/f_auto,q_auto/league/ugqymsoitijokzaup39n",2,LA,0,0,0,0,0,0,0,0,0,0,0,0,,0,,,0,0,0,0,0,0,,0,4,4,53,0,0,0,8,45,1,2.88457731134258,0,6.625,0.0634920634920635,0.0176600441501104,0.107600126143172,0,5.3,9.3
2020,REG+POST,00-0033251,Z.Pascal,Zach Pascal,WR,WR,"https://static.www.nfl.com/image/private/f_auto,q_auto/league/dnb115czpwythbso8avp",17,IND,0,1,0,0,0,0,0,0,0,13,0,0,-0.556113167200238,0,0.0,,0,0,0,0,0,0,,0,47,76,666,6,0,0,810,244,32,26.3525755170736,0,0.822222222222222,0.131487889273356,0.190588235294118,0.330643598615917,0,102.6,149.6
2020,REG+POST,00-0033258,D.Daniels,Darrell Daniels,TE,TE,"https://static.www.nfl.com/image/private/f_auto,q_auto/league/uite1keyl09qsvofsqzf",8,ARI,0,0,0,0,0,0,0,0,0,0,0,0,,0,,,0,0,0,0,0,0,,0,8,11,92,1,0,0,67,57,4,7.23381068924209,0,1.37313432835821,0.0397111913357401,0.0257197696737044,0.0775706257752032,0,15.2,23.2
2020,REG+POST,00-0033266,J.Natson,JoJo Natson,WR,WR,"https://static.www.nfl.com/image/private/f_auto,q_auto/league/ctmojzcskxm2rhyotsxo",1,CLE,0,0,0,0,0,0,0,0,0,0,0,0,,0,,,1,3,0,0,0,0,-0.181124324561097,0,0,0,0,0,0,0,0,0,0,,0,,,,,0,0.3,0.3
2020,REG+POST,00-0033275,P.Walker,P.J. Walker,QB,QB,"https://static.www.nfl.com/image/private/f_auto,q_auto/league/cmuf0gtzectijxrktpg2",4,CAR,32,56,368,1,5,4,31,0,0,583,141,17,-22.4464985108422,0,0.631217838765009,0.0051238990577069,5,-2,0,1,0,0,-2.39879782876233,0,0,1,0,0,0,0,6,0,0,-0.408470925525762,0,0.0,0.0285714285714286,0.025531914893617,0.0607294832826748,0,8.52,8.52
2020,REG+POST,00-0033280,C.McCaffrey,Christian McCaffrey,RB,RB,"https://static.www.nfl.com/image/private/f_auto,q_auto/league/navqer4chxxut5povzzw",3,CAR,0,0,0,0,0,0,0,0,0,0,0,0,,0,,,59,225,5,0,0,14,3.93363165079004,0,17,19,149,1,0,0,27,123,8,8.91171528457198,0,5.51851851851852,0.161016949152542,0.0328467153284672,0.264518124458741,0,73.4,90.4
2020,REG+POST,00-0033282,C.Samuel,Curtis Samuel,WR,WR,"https://static.www.nfl.com/image/private/f_auto,q_auto/league/r71vsqs2fg7bvbt1jvzd",15,CAR,0,0,0,0,0,0,0,0,0,0,0,0,,0,,,41,200,2,0,0,10,-3.56041659615585,0,77,97,851,3,1,0,711,320,39,37.8368617748727,0,1.19690576652602,0.194,0.187056037884767,0.421939226519337,0,135.1,212.1
2020,REG+POST,00-0033288,G.Kittle,George Kittle,TE,TE,"https://static.www.nfl.com/image/private/f_auto,q_auto/league/bwx6bvkrxog0yf4h6fw1",8,SF,0,0,0,0,0,0,0,0,0,0,0,0,,0,,,2,17,0,0,0,1,1.25019418075681,0,48,63,634,2,0,0,460,297,32,37.1601398870438,0,1.37826086956522,0.241379310344828,0.25974025974026,0.543887147335423,0,77.1,125.1
2020,REG+POST,00-0033292,T.Taylor,Trent Taylor,WR,WR,"https://static.www.nfl.com/image/upload/f_auto,q_auto/league/wmb3t9vro76zykcac2tb",7,SF,0,0,0,0,0,0,0,0,0,0,0,0,,0,,,0,0,0,0,0,0,,0,10,21,86,0,0,0,117,43,5,-12.9188612284245,0,0.735042735042735,0.0871369294605809,0.0768725361366623,0.184516169486535,0,8.6,18.6
2020,REG+POST,00-0033293,A.Jones,Aaron Jones,RB,RB,"https://static.www.nfl.com/image/private/f_auto,q_auto/league/oo8yixhsahh4gznox7th",16,GB,0,0,0,0,0,0,0,0,0,0,0,0,,0,,,221,1230,10,1,0,58,17.6594357666036,0,52,71,376,2,3,1,69,394,17,-1.99408256012901,0,5.44927536231884,0.139489194499018,0.0168745414526779,0.221045970765401,0,230.6,282.6
2020,REG+POST,00-0033296,A.Armah,Alex Armah,RB,RB,"https://static.www.nfl.com/image/private/f_auto,q_auto/league/pvbqmdwlukehpxovupsg",12,CAR,0,0,0,0,0,0,0,0,0,0,0,0,,0,,,6,9,0,0,0,5,-0.63509819059982,0,5,9,18,0,0,0,2,20,1,-9.99959380651126,0,9.0,0.0338345864661654,0.0016556291390728,0.0519108200965991,0,2.7,7.7
2020,REG+POST,00-0033307,K.Bourne,Kendrick Bourne,WR,WR,"https://static.www.nfl.com/image/private/f_auto,q_auto/league/vrovcaqql9p6xsycko83",15,SF,0,0,0,0,0,0,0,0,0,0,0,0,,0,,,0,0,0,0,0,0,,0,49,74,667,2,0,0,686,219,35,30.1387962872309,1,0.972303206997085,0.142307692307692,0.196787148594378,0.351212542477603,0,80.7,129.7
2020,REG+POST,00-0033308,M.Breida,Matt Breida,RB,RB,"https://static.www.nfl.com/image/private/f_auto,q_auto/league/rc4m1xw0xmtsrxswd0bg",10,MIA,0,0,0,0,0,0,0,0,0,0,0,0,,0,,,59,254,0,2,1,11,-5.06678088760236,0,9,10,96,0,0,0,-1,96,5,3.38803256466053,0,-96.0,0.0537634408602151,-0.0008375209380234,0.0800588966337062,0,33.0,42.0
2020,REG+POST,00-0033319,N.Mullens,Nick Mullens,QB,QB,"https://static.www.nfl.com/image/private/f_auto,q_auto/league/ocu10coxszfcauzh406s",10,SF,211,326,2437,12,12,19,139,5,4,2053,1239,120,3.01836897439411,1,1.18704335119338,0.0593554270826085,9,8,0,0,0,1,-2.54537816543598,0,0,0,0,0,0,0,0,0,0,,0,,,,,0,116.28,116.28
2020,REG+POST,00-0033338,C.Carter,Cethan Carter,TE,TE,"https://static.www.nfl.com/image/private/f_auto,q_auto/league/soxu9ft40rqaizt9yizp",6,CIN,0,0,0,0,0,0,0,0,0,0,0,0,,0,,,0,0,0,0,0,0,,0,5,7,53,0,0,0,54,10,3,1.63502098945901,0,0.981481481481481,0.0353535353535354,0.0412528647822766,0.0819073083778966,0,5.3,10.3
2020,REG+POST,00-0033357,T.Hill,Taysom Hill,QB,QB,"https://static.www.nfl.com/image/private/f_auto,q_auto/league/pjp1aahvacigoh0sorpg",17,NO,88,121,928,4,2,15,90,4,3,843,372,45,-2.80625620683729,0,1.10083036773428,0.106902850738457,91,472,8,7,3,36,13.4516500565251,0,10,14,103,1,0,0,92,39,4,0.371195131198418,0,1.1195652173913,0.0414201183431953,0.0429505135387488,0.0921955369919171,0,148.62,158.62
2020,REG+POST,00-0033367,C.Board,C.J. Board,WR,WR,"https://static.www.nfl.com/image/private/f_auto,q_auto/league/pzshlaz0iihftpmg9imt",9,NYG,0,0,0,0,0,0,0,0,0,0,0,0,,0,,,1,3,0,0,0,0,-0.088456699042581,0,11,16,101,0,0,0,160,33,6,2.34011658409145,0,0.63125,0.0546075085324232,0.0744186046511628,0.134004286054449,0,10.4,21.4
2020,REG+POST,00-0033375,T.Patrick,Tim Patrick,WR,WR,"https://static.www.nfl.com/image/private/f_auto,q_auto/league/xdwm9suozpz1wks8wzos",15,DEN,0,0,0,0,0,0,0,0,0,0,0,0,,0,,,0,0,0,0,0,0,,0,51,79,742,6,0,0,986,238,33,35.336741933326,0,0.752535496957404,0.15959595959596,0.214768024395557,0.389731556470829,0,110.2,161.2
2020,REG+POST,00-0033376,P.Ricard,Patrick Ricard,FB,RB,"https://static.www.nfl.com/image/private/f_auto,q_auto/league/wfjtva8ytwkmlcehbz4c",10,BAL,0,0,0,0,0,0,0,0,0,0,0,0,,0,,,1,-1,0,1,1,0,-5.42459732253337,0,13,17,82,1,0,0,5,78,5,4.11831085488666,0,16.4,0.0622710622710623,0.0024557956777996,0.0951256503810531,0,12.1,25.1
2020,REG+POST,00-0033382,A.Carr,Austin Carr,WR,WR,"https://static.www.nfl.com/image/private/f_auto,q_auto/league/uuln9v0o8aeurocrzvxp",4,NO,0,0,0,0,0,0,0,0,0,0,0,0,,0,,,0,0,0,0,0,0,,0,3,4,27,1,0,0,32,11,3,2.62467829941306,0,0.84375,0.0300751879699248,0.0389768574908648,0.0723965821984926,0,8.7,11.7
2020,REG+POST,00-0033386,C.Hollister,Cody Hollister,WR,WR,"https://static.www.nfl.com/image/private/f_auto,q_auto/league/naicfqo1ayh448qi86xq",1,TEN,0,0,0,0,0,0,0,0,0,0,0,0,,0,,,0,0,0,0,0,0,,0,1,1,12,0,0,0,10,2,1,1.64737863047048,0,1.2,0.0357142857142857,0.0552486187845304,0.0922454617205998,0,1.2,2.2
2020,REG+POST,00-0033387,J.Hollister,Jacob Hollister,TE,TE,"https://static.www.nfl.com/image/private/f_auto,q_auto/league/qdny7ap8ly1ozectd8zu",14,SEA,0,0,0,0,0,0,0,0,0,0,0,0,,0,,,0,0,0,0,0,0,,0,25,45,209,3,0,0,298,80,14,1.83114376693434,1,0.701342281879195,0.0947368421052632,0.0740004966476285,0.193905610811235,0,40.9,65.9
2020,REG+POST,00-0033421,A.Auclair,Antony Auclair,TE,TE,"https://static.www.nfl.com/image/private/f_auto,q_auto/league/qkktgjw9l0ntyfiobegs",1,TB,0,0,0,0,0,0,0,0,0,0,0,0,,0,,,0,0,0,0,0,0,,0,0,1,0,0,0,0,12,0,0,-0.681436180137098,0,0.0,0.0454545454545455,0.0526315789473684,0.105023923444976,0,0.0,0.0
2020,REG+POST,00-0033439,P.Brown,Pharaoh Brown,TE,TE,"https://static.www.nfl.com/image/private/f_auto,q_auto/league/usqdlxj4jpqbtvsgaisk",8,HOU,0,0,0,0,0,0,0,0,0,0,0,0,,0,,,0,0,0,0,0,0,,0,14,16,163,2,0,0,127,76,9,10.9210738648544,0,1.28346456692913,0.0577617328519856,0.0508,0.122202599277978,0,28.3,42.3
2020,REG+POST,00-0033455,A.Firkser,Anthony Firkser,TE,TE,"https://static.www.nfl.com/image/private/f_auto,q_auto/league/rta4x11kt1dt4hifufjq",16,TEN,0,0,0,0,0,0,0,0,0,0,0,0,,0,,,0,0,0,0,0,0,,0,41,55,431,1,0,0,380,178,28,22.7175305221054,0,1.13421052631579,0.119305856832972,0.10295312923327,0.251025975712747,0,49.1,90.1
2020,REG+POST,00-0033460,J.Ross,John Ross,WR,WR,"https://static.www.nfl.com/image/private/f_auto,q_auto/league/u6ysgs3kj738n662uehl",2,CIN,0,0,0,0,0,0,0,0,0,0,0,0,,0,,,0,0,0,0,0,0,,0,2,7,17,0,0,0,84,3,1,-2.32386881188722,0,0.202380952380952,0.074468085106383,0.110817941952507,0.189274687026329,0,1.7,3.7
2020,REG+POST,00-0033466,I.McKenzie,Isaiah McKenzie,WR,WR,"https://static.www.nfl.com/image/upload/f_auto,q_auto/league/gy6grhpxsegfgklfadte",17,BUF,1,1,12,1,0,0,0,0,0,-5,17,1,2.29472383309621,0,0.0,,12,18,0,0,0,4,0.810192816017661,0,33,37,296,6,0,0,151,202,19,23.2688034799913,0,1.96026490066225,0.0607553366174056,0.0282401346549467,0.110901099184571,1,77.88,110.88
2020,REG+POST,00-0033471,I.Ford,Isaiah Ford,WR,WR,"https://static.www.nfl.com/image/private/f_auto,q_auto/league/ycqftcjsc9vyqmc8tlmw",9,MIA,0,0,0,0,0,0,0,0,0,0,0,0,,0,,,0,0,0,0,0,0,,0,28,44,276,0,0,0,405,68,18,4.65728984494945,0,0.681481481481482,0.142857142857143,0.185185185185185,0.343915343915344,0,27.6,55.6
2020,REG+POST,00-0033474,G.Dieter,Gehrig Dieter,WR,WR,"https://static.www.nfl.com/image/private/f_auto,q_auto/league/ex3zzzxojejpl5rqskmq",1,KC,0,0,0,0,0,0,0,0,0,0,0,0,,0,,,0,0,0,0,0,0,,0,1,2,10,0,0,0,15,5,1,0.0532382976962254,0,0.666666666666667,0.0645161290322581,0.109489051094891,0.17341652931481,0,1.0,2.0
2020,REG+POST,00-0033481,M.Kemp,Marcus Kemp,WR,WR,"https://static.www.nfl.com/image/private/f_auto,q_auto/league/hetkew9ad3agbj8cq1r3",1,KC,0,0,0,0,0,0,0,0,0,0,0,0,,0,,,0,0,0,0,0,0,,0,1,1,11,0,0,0,1,10,1,0.968358507903758,0,11.0,0.0416666666666667,0.0060240963855421,0.0667168674698795,0,1.1,2.1
2020,REG+POST,00-0033526,S.Perine,Samaje Perine,RB,RB,"https://static.www.nfl.com/image/private/f_auto,q_auto/league/kpdo0ztyzhjobhk4p29a",11,CIN,0,0,0,0,0,0,0,0,0,0,0,0,,0,,,63,301,3,0,0,16,-1.0581202922947,0,11,12,66,0,0,0,-21,89,4,0.604898046583682,0,-3.14285714285714,0.0449438202247191,-0.0101694915254237,0.060297086269282,0,54.7,65.7
2020,REG+POST,00-0033528,J.Sprinkle,Jeremy Sprinkle,TE,TE,"https://static.www.nfl.com/image/private/f_auto,q_auto/league/cncqiyqmj7ohm5k70bog",4,WAS,0,0,0,0,0,0,0,0,0,0,0,0,,0,,,0,0,0,0,0,0,,0,2,4,14,0,0,0,8,9,0,-0.50534333428368,0,1.75,0.0336134453781513,0.0091324200913242,0.0568128621311538,0,1.4,3.4
2020,REG+POST,00-0033536,M.Williams,Mike Williams,WR,WR,"https://static.www.nfl.com/image/private/f_auto,q_auto/league/oaa76gdfwdhaum4b5qkh",14,LAC,0,0,0,0,0,0,0,0,0,0,0,0,,0,,,1,1,0,0,0,0,-0.749192488845438,0,48,85,756,5,0,0,1236,162,35,29.8176663777752,0,0.611650485436893,0.156826568265683,0.293796054195389,0.440897090335296,0,105.7,153.7
2020,REG+POST,00-0033537,D.Watson,Deshaun Watson,QB,QB,"https://static.www.nfl.com/image/private/f_auto,q_auto/league/otfs2docj6eahaebo5xn",16,HOU,382,544,4823,33,7,49,293,4,2,4842,1971,221,133.443955436822,1,0.99607600165221,0.165577336891424,90,444,3,4,1,31,14.3321883123717,0,0,0,0,0,0,0,0,0,0,,0,,,,,0,369.32,369.32
2020,REG+POST,00-0033553,J.Conner,James Conner,RB,RB,"https://static.www.nfl.com/image/private/f_auto,q_auto/league/rmqdvrhlmhhyyrhp3vyu",14,PIT,0,0,0,0,0,0,0,0,0,0,0,0,,0,,,180,758,7,2,0,44,3.26499145470894,0,40,48,245,0,0,0,-16,272,12,-0.491177885861304,1,-15.3125,0.088724584103512,-0.0043632397054813,0.130032608361431,0,144.3,184.3
2020,REG+POST,00-0033555,M.Hollins,Mack Hollins,WR,WR,"https://static.www.nfl.com/image/private/f_auto,q_auto/league/fe6e0gnullhxbgt6ohhg",9,MIA,0,0,0,0,0,0,0,0,0,0,0,0,,0,,,0,0,0,0,0,0,,0,16,25,176,1,1,1,240,29,7,-0.699579393558372,0,0.733333333333333,0.076219512195122,0.102345415778252,0.185971059337459,0,21.6,37.6
2020,REG+POST,00-0033556,T.Cohen,Tarik Cohen,RB,RB,"https://static.www.nfl.com/image/private/f_auto,q_auto/league/pm0uewrl0ugotlc5wbpc",3,CHI,0,0,0,0,0,0,0,0,0,0,0,0,,0,,,14,74,0,0,0,3,1.82039537132368,0,6,9,41,0,0,0,15,61,1,-0.487335033656564,0,2.73333333333333,0.079646017699115,0.0134770889487871,0.128902988812824,0,11.5,17.5
2020,REG+POST,00-0033564,J.Butt,Jake Butt,TE,TE,"https://static.www.nfl.com/image/private/f_auto,q_auto/league/faqk9sw4zigenjoavboi",3,DEN,0,0,0,0,0,0,0,0,0,0,0,0,,0,,,0,0,0,0,0,0,,0,2,4,5,0,0,0,7,2,0,-5.50382869888563,0,0.714285714285714,0.0408163265306122,0.0127504553734062,0.0701498085573027,0,0.5,2.5
2020,REG+POST,00-0033567,B.Hill,Brian Hill,RB,RB,"https://static.www.nfl.com/image/private/f_auto,q_auto/league/bsgtdhaylnpxdhfxtx0y",16,ATL,0,0,0,0,0,0,0,0,0,0,0,0,,0,,,100,465,1,1,1,18,-14.1598224078517,0,25,30,199,0,1,0,38,162,7,3.03777804251166,0,5.23684210526316,0.0561797752808989,0.0090004737091425,0.0905699945177481,0,70.4,95.4
2020,REG+POST,00-0033572,J.Agnew,Jamal Agnew,WR,WR,"https://static.www.nfl.com/image/private/f_auto,q_auto/league/at0skjo9xsjgobkvqqz5",13,DET,0,1,0,0,0,0,0,0,0,15,0,0,-0.46816249890253,0,0.0,,6,33,0,0,0,3,-1.77046230889391,0,13,20,89,0,0,0,97,101,4,-5.32497423006127,0,0.917525773195876,0.051948051948052,0.0379499217527387,0.104487023148995,1,18.2,31.2
2020,REG+POST,00-0033576,E.Saubert,Eric Saubert,TE,TE,"https://static.www.nfl.com/image/upload/f_auto,q_auto/league/pitpti3erfxui0d2gdad",4,JAX,0,0,0,0,0,0,0,0,0,0,0,0,,0,,,0,0,0,0,0,0,,0,3,4,16,0,0,0,13,7,0,-4.74032336485107,0,1.23076923076923,0.0245398773006135,0.0094890510948905,0.0434521517173436,0,1.6,4.6
2020,REG+POST,00-0033589,D.Moore,David Moore,WR,WR,"https://static.www.nfl.com/image/private/f_auto,q_auto/league/mysdmg1kkmxc6cywb1jh",17,SEA,0,0,0,0,0,0,0,0,0,0,0,0,,0,,,9,65,0,0,0,4,5.08660927973688,0,36,48,418,6,0,0,412,174,18,25.0030517732877,0,1.01456310679612,0.0852575488454707,0.0842708120269994,0.186875891687106,0,84.3,120.3
2020,REG+POST,00-0033591,N.Brown,Noah Brown,WR,WR,"https://static.www.nfl.com/image/upload/f_auto,q_auto/league/skdu8rnw7nwgxdkaonyi",9,DAL,0,0,0,0,0,0,0,0,0,0,0,0,,0,,,1,4,0,0,0,0,-0.181374256964773,0,14,24,154,0,0,0,247,47,6,6.37619719940393,0,0.623481781376518,0.0610687022900763,0.0909425625920471,0.155262847249547,0,15.8,29.8
2020,REG+POST,00-0033594,C.Carson,Chris Carson,RB,RB,"https://static.www.nfl.com/image/private/f_auto,q_auto/league/zxjqunrgf4j8p2eg4xyl",13,SEA,0,0,0,0,0,0,0,0,0,0,0,0,,0,,,157,758,5,1,0,46,15.5807241567745,0,38,48,292,4,0,0,86,266,14,-14.6136250332793,0,3.3953488372093,0.112941176470588,0.0229823623730625,0.185499418367026,0,159.0,197.0
2020,REG+POST,00-0033611,R.Seals-Jones,Ricky Seals-Jones,TE,TE,"https://static.www.nfl.com/image/private/f_auto,q_auto/league/nqwpbsutfe0anvjkqeux",1,KC,0,0,0,0,0,0,0,0,0,0,0,0,,0,,,0,0,0,0,0,0,,0,0,1,0,0,0,0,7,0,0,-0.533207026310265,0,0.0,0.0384615384615385,0.0434782608695652,0.0881270903010034,0,0.0,0.0
2020,REG+POST,00-0033627,J.Croom,Jason Croom,TE,TE,"https://static.www.nfl.com/image/private/f_auto,q_auto/league/ce3qgmgn139gn6vu44zz",1,PHI,0,0,0,0,0,0,0,0,0,0,0,0,,0,,,0,0,0,0,0,0,,0,1,1,3,1,0,0,3,0,1,1.23572376818629,0,1.0,0.0256410256410256,0.0082417582417582,0.0442307692307692,0,6.3,7.3
2020,REG+POST,00-0033658,B.Jarwin,Blake Jarwin,TE,TE,"https://static.www.nfl.com/image/private/f_auto,q_auto/league/fsn8rvgup22r5e53mu7i",1,DAL,0,0,0,0,0,0,0,0,0,0,0,0,,0,,,0,0,0,0,0,0,,0,1,1,12,0,0,0,12,0,1,0.915660924627446,0,1.0,0.027027027027027,0.046875,0.0733530405405405,0,1.2,2.2
2020,REG+POST,00-0033681,K.Cole,Keelan Cole,WR,WR,"https://static.www.nfl.com/image/private/f_auto,q_auto/league/djdjurxk3b6y347zirvz",16,JAX,0,0,0,0,0,0,0,0,0,0,0,0,,0,,,1,2,0,0,0,0,-0.468030458549038,0,55,88,642,5,0,0,957,174,34,27.0250605327812,0,0.670846394984326,0.15042735042735,0.201983959476572,0.367029797274626,1,100.4,155.4
2020,REG+POST,00-0033699,A.Ekeler,Austin Ekeler,RB,RB,"https://static.www.nfl.com/image/private/f_auto,q_auto/league/s1e7ejmmjkaxbv9zhvfl",10,LAC,0,0,0,0,0,0,0,0,0,0,0,0,,0,,,116,530,1,1,0,26,-9.87281592985974,0,54,65,403,2,0,0,-78,473,20,12.7267002180567,0,-5.16666666666667,0.17379679144385,-0.0282916213275299,0.240891052236504,0,111.3,165.3
2020,REG+POST,00-0033720,C.Thompson,Colin Thompson,TE,TE,"https://static.www.nfl.com/image/private/f_auto,q_auto/league/lbjhmxtdg1i6ichpzrbw",2,CAR,0,0,0,0,0,0,0,0,0,0,0,0,,0,,,0,0,0,0,0,0,,0,1,2,7,1,0,0,6,0,1,0.830129831738304,0,1.16666666666667,0.037037037037037,0.0145631067961165,0.0657497303128371,0,6.7,7.7
2020,REG+POST,00-0033725,C.Clement,Corey Clement,RB,RB,"https://static.www.nfl.com/image/private/f_auto,q_auto/league/rrbdxl0frmnyr1qcgexd",8,PHI,0,0,0,0,0,0,0,0,0,0,0,0,,0,,,21,75,1,0,0,3,-2.49004254001193,0,5,6,25,0,0,0,-10,32,2,-0.825291153101716,0,-2.5,0.0434782608695652,-0.0070028011204481,0.0603154305200341,0,16.0,21.0
2020,REG+POST,00-0033733,G.Ward,Greg Ward,WR,WR,"https://static.www.nfl.com/image/private/f_auto,q_auto/league/avy32bijim6pgiiu8gtz",16,PHI,1,1,15,0,0,0,0,0,0,15,0,1,0.868069074465893,0,1.0,,2,-4,0,0,0,0,-2.92715441912878,0,53,79,419,6,1,0,444,164,24,13.4417108569888,1,0.943693693693694,0.140819964349376,0.0877123666534967,0.272628603181512,0,80.1,133.1
2020,REG+POST,00-0033757,R.Tonyan,Robert Tonyan,TE,TE,"https://static.www.nfl.com/image/private/f_auto,q_auto/league/e4dqx11amod0silgghxw",17,GB,0,0,0,0,0,0,0,0,0,0,0,0,,0,,,0,0,0,0,0,0,,0,60,67,668,12,0,0,494,268,37,49.1249319103027,0,1.35222672064777,0.124074074074074,0.115609641937749,0.267037860467535,0,138.8,198.8
2020,REG+POST,00-0033791,B.Wilson,Brandon Wilson,FS,DB,"https://static.www.nfl.com/image/private/f_auto,q_auto/league/qivxnok733r3757ruzqy",1,CIN,0,0,0,0,0,0,0,0,0,0,0,0,,0,,,0,0,0,0,0,0,,0,0,0,0,0,0,0,0,0,0,,0,,,,,1,6.0,6.0
2020,REG+POST,00-0033798,M.Schreck,Mason Schreck,TE,TE,"https://static.www.nfl.com/image/private/f_auto,q_auto/league/clgbpt0n6wqmkgaeeucy",1,CIN,0,0,0,0,0,0,0,0,0,0,0,0,,0,,,0,0,0,0,0,0,,0,0,1,0,0,0,0,2,0,0,-0.766915416810662,0,0.0,0.037037037037037,0.0123456790123457,0.0641975308641975,0,0.0,0.0
2020,REG+POST,00-0033839,D.Westbrook,Dede Westbrook,WR,WR,"https://static.www.nfl.com/image/private/f_auto,q_auto/league/jjlxw2ircxecpx3ipeax",1,JAX,0,0,0,0,0,0,0,0,0,0,0,0,,0,,,0,0,0,0,0,0,,0,1,1,4,0,0,0,4,0,0,-0.0418007022817619,0,1.0,0.0238095238095238,0.012779552715655,0.0446599726152442,0,0.4,1.4
2020,REG+POST,00-0033840,C.Hansen,Chad Hansen,WR,WR,"https://static.www.nfl.com/image/private/f_auto,q_auto/league/vnqylrclnnacn5lymvrk",5,HOU,0,0,0,0,0,0,0,0,0,0,0,0,,0,,,0,0,0,0,0,0,,0,17,24,236,1,0,0,290,39,11,11.0480603313,0,0.813793103448276,0.137142857142857,0.178901912399753,0.330945624394113,0,29.6,46.6
2020,REG+POST,00-0033854,D.Ogunbowale,Dare Ogunbowale,RB,RB,"https://static.www.nfl.com/image/private/f_auto,q_auto/league/wolxjiszqovjppwhaojs",7,JAX,0,0,0,0,0,0,0,0,0,0,0,0,,0,,,32,145,0,0,0,6,-3.95314145283191,0,10,20,54,0,0,0,17,63,4,-13.9968555220403,0,3.17647058823529,0.0769230769230769,0.0083497053045186,0.121229409097778,0,19.9,29.9
2020,REG+POST,00-0033856,L.Fournette,Leonard Fournette,RB,RB,"https://static.www.nfl.com/image/private/f_auto,q_auto/league/atxppoc7zqcjnbnk0awz",16,TB,0,0,0,0,0,0,0,0,0,0,0,0,,0,,,161,667,9,0,0,35,2.77798592086184,0,54,68,381,1,0,0,10,378,19,8.82830423126182,0,38.1,0.112211221122112,0.0019928258270227,0.169711809762084,0,164.8,218.8
2020,REG+POST,00-0033857,J.Smith-Schuster,JuJu Smith-Schuster,WR,WR,"https://static.www.nfl.com/image/private/f_auto,q_auto/league/ypoituliieghtndjrzaz",17,PIT,0,0,0,0,0,0,0,0,0,0,0,0,,0,,,0,0,0,0,0,0,,0,110,147,988,10,3,1,896,450,55,33.4428624020245,1,1.10267857142857,0.204166666666667,0.172407157975755,0.426935010583029,0,158.8,268.8
2020,REG+POST,00-0033858,J.Smith,Jonnu Smith,TE,TE,"https://static.www.nfl.com/image/private/f_auto,q_auto/league/hbnnjc8knqoc95vzyol4",15,TEN,0,0,0,0,0,0,0,0,0,0,0,0,,0,,,2,4,1,0,0,1,-0.21429491424351,0,43,68,457,8,0,0,368,240,25,14.7709227037313,0,1.24184782608696,0.157407407407407,0.105534843705191,0.309985501704745,0,100.1,143.1
2020,REG+POST,00-0033859,J.Malone,Josh Malone,WR,WR,"https://static.www.nfl.com/image/private/f_auto,q_auto/league/q0qpgsvrkxi4al0dkjij",1,NYJ,0,0,0,0,0,0,0,0,0,0,0,0,,0,,,1,12,0,0,0,1,0.478119495382998,0,4,6,16,0,0,0,17,8,1,-4.07589499565074,0,0.941176470588235,0.1875,0.118055555555556,0.363888888888889,0,2.8,6.8
2020,REG+POST,00-0033869,M.Trubisky,Mitchell Trubisky,QB,QB,"https://static.www.nfl.com/image/private/f_auto,q_auto/league/egmpgvzck6v2unbh0plp",11,CHI,218,326,2254,17,8,19,133,5,2,2603,1061,132,25.1227900582916,1,0.865923933922397,0.0889084524151876,36,205,1,1,0,13,5.63884360096594,0,0,0,0,0,0,0,0,0,0,,0,,,,,0,166.66,166.66
2020,REG+POST,00-0033871,C.Davis,Corey Davis,WR,WR,"https://static.www.nfl.com/image/private/f_auto,q_auto/league/hr0uv4ai1zhkn7nof2a2",15,TEN,0,0,0,0,0,0,0,0,0,0,0,0,,0,,,0,0,0,0,0,0,,0,65,94,984,5,1,1,1092,291,49,52.7234408811309,0,0.901098901098901,0.221176470588235,0.306569343065693,0.546363246028338,0,126.4,191.4
2020,REG+POST,00-0033873,P.Mahomes,Patrick Mahomes,QB,QB,"https://static.www.nfl.com/image/private/f_auto,q_auto/league/oagzjdsdoezmp6frggrn",18,KC,466,705,5590,42,8,26,174,4,2,5689,2705,281,201.217804437502,3,0.982597996132888,0.167505983356882,75,360,3,2,0,26,18.0075030069436,0,0,2,0,0,0,0,25,0,0,-2.38423319050344,0,0.0,0.0227272727272727,0.0326370757180157,0.0569368620935201,0,431.6,431.6
2020,REG+POST,00-0033879,O.Howard,O.J. Howard,TE,TE,"https://static.www.nfl.com/image/private/f_auto,q_auto/league/wlvviyfhdn5fz5p04r95",4,TB,0,0,0,0,0,0,0,0,0,0,0,0,,0,,,0,0,0,0,0,0,,0,11,19,146,2,0,0,226,17,8,3.92762934765779,0,0.646017699115044,0.126666666666667,0.178092986603625,0.314665090622537,0,26.6,37.6
2020,REG+POST,00-0033881,E.Engram,Evan Engram,TE,TE,"https://static.www.nfl.com/image/private/f_auto,q_auto/league/adr65rbw956sxntlph8a",16,NYG,0,0,0,0,0,0,0,0,0,0,0,0,,0,,,6,26,1,0,0,1,1.06181451777229,0,63,109,654,1,1,1,785,287,32,-21.5891251035256,0,0.83312101910828,0.218,0.200715929429813,0.467501150600869,0,78.0,141.0
2020,REG+POST,00-0033885,D.Njoku,David Njoku,TE,TE,"https://static.www.nfl.com/image/private/f_auto,q_auto/league/ilvxwdllivrvwbuj69cm",13,CLE,0,0,0,0,0,0,0,0,0,0,0,0,,0,,,0,0,0,0,0,0,,0,24,35,279,2,0,0,244,127,16,15.246211506793,0,1.14344262295082,0.0833333333333333,0.0713658964609535,0.174956127522667,0,39.9,63.9
2020,REG+POST,00-0033891,Z.Jones,Zay Jones,WR,WR,"https://static.www.nfl.com/image/private/f_auto,q_auto/league/pbmcmjxxjcrandbjmey7",11,LV,1,1,29,0,0,0,0,0,0,26,3,1,2.22142086212989,0,1.11538461538462,,0,0,0,0,0,0,,0,14,20,154,1,0,0,142,65,6,-1.16266462177737,0,1.08450704225352,0.0589970501474926,0.0582922824302135,0.129300172922388,0,22.56,36.56
2020,REG+POST,00-0033893,D.Cook,Dalvin Cook,RB,RB,"https://static.www.nfl.com/image/upload/f_auto,q_auto/league/kl291pby4vjh160bkirg",14,MIN,0,0,0,0,0,0,0,0,0,0,0,0,,0,,,312,1557,16,4,2,91,12.9949144393069,3,44,54,361,1,1,1,-96,438,17,-2.09560800036129,0,-3.76041666666667,0.131067961165049,-0.0292059628840888,0.176157767728711,0,293.8,337.8
2020,REG+POST,00-0033895,G.Everett,Gerald Everett,TE,TE,"https://static.www.nfl.com/image/private/f_auto,q_auto/league/te11unippqhdc6auox6i",17,LA,0,0,0,0,0,0,0,0,0,0,0,0,,0,,,1,2,1,0,0,1,0.879355903482065,0,41,64,417,1,1,1,401,243,24,-3.53974695991817,0,1.03990024937656,0.109215017064846,0.0996273291925466,0.233561656032052,0,51.9,92.9
2020,REG+POST,00-0033896,A.Shaheen,Adam Shaheen,TE,TE,"https://static.www.nfl.com/image/private/f_auto,q_auto/league/rvj5swstfh0vf6f6w2hr",13,MIA,0,0,0,0,0,0,0,0,0,0,0,0,,0,,,0,0,0,0,0,0,,0,12,22,150,3,0,0,95,105,9,6.72609393417952,0,1.57894736842105,0.0478260869565217,0.0309547083740632,0.0934074262966269,0,33.0,45.0
2020,REG+POST,00-0033897,J.Mixon,Joe Mixon,RB,RB,"https://static.www.nfl.com/image/private/f_auto,q_auto/league/pbijtl1blfdkvmwl4rsp",6,CIN,0,0,0,0,0,0,0,0,0,0,0,0,,0,,,119,428,3,1,1,20,-21.2723999378537,0,21,26,138,1,0,0,-29,171,5,4.4390907882771,0,-4.75862068965517,0.108786610878661,-0.0183660544648512,0.150323678192596,0,78.6,99.6
2020,REG+POST,00-0033906,A.Kamara,Alvin Kamara,RB,RB,"https://static.www.nfl.com/image/private/f_auto,q_auto/league/tl9enad6kiwv6cukf4vt",17,NO,0,0,0,0,0,0,0,0,0,0,0,0,,0,,,228,1116,17,1,0,68,9.48495838416016,0,88,115,793,5,0,0,83,760,36,2.53680141407749,0,9.55421686746988,0.209090909090909,0.0258245177349098,0.3317135260508,0,322.9,410.9
2020,REG+POST,00-0033908,C.Kupp,Cooper Kupp,WR,WR,"https://static.www.nfl.com/image/private/f_auto,q_auto/league/bkahtsjkvnom1sbnb6xm",16,LA,0,0,0,0,0,0,0,0,0,0,0,0,,0,,,4,33,0,0,0,3,2.185493114579,0,96,133,1052,3,0,0,943,532,48,31.0247029512776,0,1.11558854718982,0.242258652094718,0.251399626766196,0.539367716878414,0,126.5,222.5
2020,REG+POST,00-0033911,T.Taylor,Taywan Taylor,WR,WR,"https://static.www.nfl.com/image/private/f_auto,q_auto/league/n0kolr3zjappzojczo5w",1,CLE,0,0,0,0,0,0,0,0,0,0,0,0,,0,,,0,0,0,0,0,0,,0,0,1,0,0,0,0,15,0,0,-0.49715586588718,0,0.0,0.037037037037037,0.0717703349282297,0.105794790005316,0,0.0,0.0
2020,REG+POST,00-0033921,C.Godwin,Chris Godwin,WR,WR,"https://static.www.nfl.com/image/private/f_auto,q_auto/league/rfdampf12giyojipbcxl",16,TB,0,0,0,0,0,0,0,0,0,0,0,0,,0,,,1,6,0,0,0,1,0.0882046736078337,0,81,116,1072,8,1,0,1198,384,53,65.8179097366231,0,0.894824707846411,0.2,0.218254691200583,0.452778283840408,0,155.8,236.8
2020,REG+POST,00-0033923,K.Hunt,Kareem Hunt,RB,RB,"https://static.www.nfl.com/image/private/f_auto,q_auto/league/fmy9cgin9nv7ewyhsipr",18,CLE,0,0,0,0,0,0,0,0,0,0,0,0,,0,,,212,921,9,1,0,49,-10.3667760033424,0,40,53,319,5,1,0,62,304,20,10.8330678976141,0,5.14516129032258,0.104125736738703,0.0148112756808409,0.166556498084644,0,208.0,248.0
2020,REG+POST,00-0033925,D.Foreman,D'Onta Foreman,RB,RB,"https://static.www.nfl.com/image/private/f_auto,q_auto/league/fhxviqgdrngc8gvvhnor",5,TEN,0,0,0,0,0,0,0,0,0,0,0,0,,0,,,22,95,0,0,0,6,-2.65361897484399,0,1,1,5,1,0,0,2,3,1,1.03447581053479,0,2.5,0.037037037037037,0.0101522842639594,0.0626621545403271,0,16.0,17.0
2020,REG+POST,00-0033932,K.Golladay,Kenny Golladay,WR,WR,"https://static.www.nfl.com/image/private/f_auto,q_auto/league/vck7awhkwwhui3ndgts3",5,DET,0,0,0,0,0,0,0,0,0,0,0,0,,0,,,0,0,0,0,0,0,,0,20,32,338,2,0,0,466,38,16,21.6624570737675,0,0.725321888412017,0.195121951219512,0.304575163398693,0.505885541208353,0,45.8,65.8
2020,REG+POST,00-0033936,C.Beathard,C.J. Beathard,QB,QB,"https://static.www.nfl.com/image/private/f_auto,q_auto/league/yw8euaevcvwswbx5w27w",6,SF,66,104,787,6,0,9,71,3,3,851,344,42,10.165198434743,0,0.924794359576968,0.0814565478384698,6,28,0,0,0,1,-1.9259210244054,0,0,0,0,0,0,0,0,0,0,,0,,,,,0,52.28,52.28
2020,REG+POST,00-0033943,J.Reynolds,Josh Reynolds,WR,WR,"https://static.www.nfl.com/image/private/f_auto,q_auto/league/sxrgouqg155xtgtzesy9",17,LA,0,0,0,0,0,0,0,0,0,0,0,0,,0,,,1,5,0,0,0,0,0.134871845482849,0,55,85,683,2,1,0,933,248,34,13.8763429039579,0,0.732047159699893,0.144557823129252,0.233191702074481,0.380070926146014,0,80.8,135.8
2020,REG+POST,00-0033948,J.Williams,Jamaal Williams,RB,RB,"https://static.www.nfl.com/image/private/f_auto,q_auto/league/qerbr9qnhpn27cyogu4x",16,GB,0,0,0,0,0,0,0,0,0,0,0,0,,0,,,138,593,2,0,0,36,5.50536818944966,2,35,39,258,1,0,0,15,245,12,4.22595460772209,0,17.2,0.102902374670185,0.0054132082280765,0.158142807764931,0,107.1,142.1
2020,REG+POST,00-0033949,J.Dobbs,Joshua Dobbs,QB,QB,"https://static.www.nfl.com/image/upload/f_auto,q_auto/league/il6zhynxgyun9uvsofgr",1,PIT,4,5,2,0,0,0,0,0,0,0,13,0,-2.62308801902691,0,0.0,0.127583508648495,2,20,0,0,0,1,0.661198644535474,0,0,0,0,0,0,0,0,0,0,,0,,,,,0,2.08,2.08
2020,REG+POST,00-0033950,W.Gallman,Wayne Gallman,RB,RB,"https://static.www.nfl.com/image/private/f_auto,q_auto/league/zrc9lbsy94hxanrf5voo",14,NYG,0,0,0,0,0,0,0,0,0,0,0,0,,0,,,147,682,6,1,0,36,2.313932200182,0,21,27,114,0,0,0,10,100,6,-1.77045402984368,0,11.4,0.081570996978852,0.0038986354775828,0.125085540302586,0,115.6,136.6
2020,REG+POST,00-0033951,M.Mack,Marlon Mack,RB,RB,"https://static.www.nfl.com/image/private/f_auto,q_auto/league/d3sdoo1yiey5oiyblulk",1,IND,0,0,0,0,0,0,0,0,0,0,0,0,,0,,,4,26,0,0,0,2,0.881749266176485,0,3,3,30,0,0,0,-1,31,1,1.58453373273369,0,-30.0,0.0652173913043478,-0.0034602076124567,0.095403941627802,0,5.6,8.6
2020,REG+POST,00-0033955,J.McNichols,Jeremy McNichols,RB,RB,"https://static.www.nfl.com/image/private/f_auto,q_auto/league/lwcqsanzizt8sq0jnnpr",16,TEN,0,0,0,0,0,0,0,0,0,0,0,0,,0,,,48,208,1,0,0,8,-7.70684303000786,0,12,17,55,0,0,0,8,51,0,-6.75424159075303,0,6.875,0.046448087431694,0.0035603026257231,0.0721643429855472,0,32.3,44.3
2020,REG+POST,00-0033958,N.Peterman,Nathan Peterman,QB,QB,"https://static.www.nfl.com/image/private/f_auto,q_auto/league/owifll49p0mmsjgf7rhn",1,LV,3,5,25,0,0,2,16,0,0,9,21,1,-3.5255508897244,0,2.77777777777778,-0.0864831842461198,1,9,0,0,0,1,1.33063513162779,0,0,0,0,0,0,0,0,0,0,,0,,,,,0,1.9,1.9
2020,REG+POST,00-0034011,D.Arnold,Dan Arnold,TE,TE,"https://static.www.nfl.com/image/private/f_auto,q_auto/league/wym2o0jlxcvswj3gy9kv",14,ARI,0,0,0,0,0,0,0,0,0,0,0,0,,0,,,0,0,0,0,0,0,,0,31,45,438,4,2,1,565,173,24,25.6917290090642,0,0.775221238938053,0.0922131147540984,0.149076517150396,0.242673234136425,0,65.8,96.8
2020,REG+POST,00-0034052,B.Zylstra,Brandon Zylstra,WR,WR,"https://static.www.nfl.com/image/private/f_auto,q_auto/league/arx0mz7gc5dm0wfc5kfx",5,CAR,0,0,0,0,0,0,0,0,0,0,0,0,,0,,,1,1,0,0,0,0,-0.369796664628666,0,3,4,35,0,0,0,55,15,3,5.7717527783243,0,0.636363636363636,0.0363636363636364,0.0825825825825826,0.112353262353262,1,9.6,12.6
2020,REG+POST,00-0034054,R.Cracraft,River Cracraft,WR,WR,"https://static.www.nfl.com/image/private/f_auto,q_auto/league/zd4y2ok3owqbqx6bvkpm",3,SF,0,0,0,0,0,0,0,0,0,0,0,0,,0,,,0,0,0,0,0,0,,0,6,9,41,0,0,0,58,11,2,0.235720451294981,0,0.706896551724138,0.0818181818181818,0.0707317073170732,0.172239467849224,0,4.1,10.1
2020,REG+POST,00-0034073,R.Dwelley,Ross Dwelley,TE,TE,"https://static.www.nfl.com/image/private/f_auto,q_auto/league/wsqd1kbdbqratcxretm5",10,SF,0,0,0,0,0,0,0,0,0,0,0,0,,0,,,0,0,0,0,0,0,,0,19,24,245,1,0,0,182,107,10,16.5288692403701,0,1.34615384615385,0.0652173913043478,0.0729751403368083,0.148908685192288,0,30.5,49.5
2020,REG+POST,00-0034081,S.Mitchell,Steven Mitchell,WR,WR,"https://static.www.nfl.com/image/private/f_auto,q_auto/league/lavpxb848zx0stc1imzb",3,HOU,0,0,0,0,0,0,0,0,0,0,0,0,,0,,,0,0,0,0,0,0,,0,5,8,60,0,0,0,110,10,3,4.71652504848316,0,0.545454545454545,0.08,0.117395944503735,0.202177161152615,0,6.0,11.0
2020,REG+POST,00-0034104,C.Sims,Cam Sims,WR,WR,"https://static.www.nfl.com/image/private/f_auto,q_auto/league/rskkpergva4snsvgathy",12,WAS,0,0,0,0,0,0,0,0,0,0,0,0,,0,,,1,5,0,0,0,0,0.0446782321669161,0,39,61,581,1,0,0,683,272,23,22.3452234449624,0,0.850658857979502,0.131749460043197,0.231525423728814,0.359691986674964,0,64.6,103.6
2020,REG+POST,00-0034109,P.Lindsay,Phillip Lindsay,RB,RB,"https://static.www.nfl.com/image/private/f_auto,q_auto/league/soywd4cnq19pigrwabb5",11,DEN,0,0,0,0,0,0,0,0,0,0,0,0,,0,,,118,502,1,0,0,19,-18.7956541387248,0,7,14,28,0,0,0,-6,39,1,-4.18461426073918,0,-4.66666666666667,0.0569105691056911,-0.0030911901081916,0.0832020205828024,0,59.0,66.0
2020,REG+POST,00-0034115,J.Wilson,Jeffery Wilson,RB,RB,"https://static.www.nfl.com/image/private/f_auto,q_auto/league/zorqrtlrizlltgd6pnob",11,SF,0,0,0,0,0,0,0,0,0,0,0,0,,0,,,126,600,7,2,2,31,-8.54083642320367,0,13,28,133,3,0,0,51,111,8,4.00000329744399,0,2.6078431372549,0.0886075949367089,0.0226364846870839,0.148756931686022,0,129.3,142.3
2020,REG+POST,00-0034132,C.Blake,Christian Blake,WR,WR,"https://static.www.nfl.com/image/private/f_auto,q_auto/league/xaaqzgbfsqhs4qvdndrz",7,ATL,0,0,0,0,0,0,0,0,0,0,0,0,,0,,,0,0,0,0,0,0,,0,13,18,141,0,0,0,173,26,6,1.35244347518659,0,0.815028901734104,0.0692307692307692,0.0783869506116901,0.158717019274337,0,14.1,27.1
2020,REG+POST,00-0034159,W.Dissly,Will Dissly,TE,TE,"https://static.www.nfl.com/image/private/f_auto,q_auto/league/pschkqimqisrbnzeo8iz",15,SEA,0,0,0,0,0,0,0,0,0,0,0,0,,0,,,0,0,0,0,0,0,,0,25,31,252,2,0,0,143,170,12,4.72431915812194,0,1.76223776223776,0.0611439842209073,0.0315812720848057,0.113822866790725,0,37.2,62.2
2020,REG+POST,00-0034164,T.Cannon,Trenton Cannon,RB,RB,"https://static.www.nfl.com/image/private/f_auto,q_auto/league/hkpxcipgs7jtgdwpkjel",5,CAR,0,0,0,0,0,0,0,0,0,0,0,0,,0,,,10,33,0,0,0,2,-2.8927566621569,0,3,3,16,0,0,0,3,13,1,-0.604910457099322,0,5.33333333333333,0.0508474576271187,0.0121951219512195,0.0848077718065316,0,4.9,7.9
2020,REG+POST,00-0034169,M.Baugh,Marcus Baugh,TE,TE,"https://static.www.nfl.com/image/private/f_auto,q_auto/league/chxibegpxlq45cc9fev1",1,WAS,0,0,0,0,0,0,0,0,0,0,0,0,,0,,,0,0,0,0,0,0,,0,1,1,2,0,0,0,0,2,0,-0.294975804979913,0,0.0,0.0303030303030303,,,0,0.2,1.2
2020,REG+POST,00-0034171,J.Cabinda,Jason Cabinda,FB,RB,"https://static.www.nfl.com/image/private/f_auto,q_auto/league/nvi4viyciscnso8qgbtn",3,DET,0,0,0,0,0,0,0,0,0,0,0,0,,0,,,1,0,0,0,0,0,-3.81745926407166,0,2,3,8,0,0,0,-4,6,1,-8.65938339848071,0,-2.0,0.0258620689655172,-0.0066334991708126,0.034149654028707,0,0.8,2.8
2020,REG+POST,00-0034177,T.Boyle,Tim Boyle,QB,QB,"https://static.www.nfl.com/image/private/f_auto,q_auto/league/zmp8nej7nqfdu2gyir6y",8,GB,0,0,0,0,0,1,11,1,0,0,0,0,-2.06141593540087,0,,,13,-9,0,0,0,0,-6.31223661126569,0,0,0,0,0,0,0,0,0,0,,0,,,,,0,-0.9,-0.9
2020,REG+POST,00-0034184,G.Edwards,Gus Edwards,RB,RB,"https://static.www.nfl.com/image/private/f_auto,q_auto/league/tvxpivjku1lbpf7tfafl",18,BAL,0,0,0,0,0,0,0,0,0,0,0,0,,0,,,162,803,6,2,1,53,18.6701915219088,0,9,13,129,0,0,0,49,93,4,5.88816683081677,0,2.63265306122449,0.0631067961165049,0.032215647600263,0.117211147494941,0,127.2,136.2
2020,REG+POST,00-0034192,N.Keizer,Nick Keizer,TE,TE,"https://static.www.nfl.com/image/private/f_auto,q_auto/league/zuebnpizkvrjzmxlxf6v",8,KC,0,0,0,0,0,0,0,0,0,0,0,0,,0,,,0,0,0,0,0,0,,0,6,10,63,0,1,1,85,40,2,-5.81731986347586,0,0.741176470588235,0.033112582781457,0.0352697095435685,0.0743576708526834,0,4.3,10.3
2020,REG+POST,00-0034193,K.Rader,Kevin Rader,TE,TE,"https://static.www.nfl.com/image/private/f_auto,q_auto/league/buopatfei7mdyxxxi9bv",1,PIT,0,0,0,0,0,0,0,0,0,0,0,0,,0,,,0,0,0,0,0,0,,0,0,1,0,0,0,0,4,0,0,-1.4395779594779,0,0.0,0.0238095238095238,0.0098280098280098,0.0425938925938926,0,0.0,0.0
2020,REG+POST,00-0034207,J.Badet,Jeff Badet,WR,WR,"https://static.www.nfl.com/image/private/f_auto,q_auto/league/q5nwe08ka3mrnuanrqic",1,WAS,0,0,0,0,0,0,0,0,0,0,0,0,,0,,,0,0,0,0,0,0,,0,0,1,0,0,0,0,25,0,0,-0.228880364215001,0,0.0,0.0192307692307692,0.0793650793650794,0.0844017094017094,0,0.0,0.0
2020,REG+POST,00-0034208,M.Boone,Mike Boone,RB,RB,"https://static.www.nfl.com/image/private/f_auto,q_auto/league/rcrpzluchltmk9stwtfc",5,MIN,0,0,0,0,0,0,0,0,0,0,0,0,,0,,,11,59,1,0,0,2,-1.39006207074272,0,2,2,10,0,0,0,-7,17,0,-0.170374028733931,0,-1.42857142857143,0.0285714285714286,-0.0123674911660777,0.0341998990408884,0,12.9,14.9
2020,REG+POST,00-0034253,D.Hilliard,Dontrell Hilliard,RB,RB,"https://static.www.nfl.com/image/private/f_auto,q_auto/league/ukhyslngeuojxkjqfq9f",2,CLE,0,0,0,0,0,0,0,0,0,0,0,0,,0,,,9,48,0,0,0,3,-1.00545442503062,0,1,1,2,0,0,0,0,2,0,2.05534475343302,0,0.0,0.0384615384615385,,,0,5.0,6.0
2020,REG+POST,00-0034267,J.Scott,Jaleel Scott,WR,WR,"https://static.www.nfl.com/image/private/f_auto,q_auto/league/npoq59gzmfmtwmrfdnhk",1,NYJ,0,0,0,0,0,0,0,0,0,0,0,0,,0,,,0,0,0,0,0,0,,0,1,1,16,0,0,0,13,3,1,1.15588378952816,0,1.23076923076923,0.0434782608695652,0.0580357142857143,0.105842391304348,0,1.6,2.6
2020,REG+POST,00-0034270,T.Conklin,Tyler Conklin,TE,TE,"https://static.www.nfl.com/image/private/f_auto,q_auto/league/fwuvfpsd7hbtqwlcxtn7",7,MIN,0,0,0,0,0,0,0,0,0,0,0,0,,0,,,0,0,0,0,0,0,,0,19,26,194,1,1,0,114,126,11,7.92427071428392,0,1.70175438596491,0.1015625,0.0654044750430293,0.19812688253012,0,25.4,44.4
2020,REG+POST,00-0034272,M.Valdes-Scantling,Marquez Valdes-Scantling,WR,WR,"https://static.www.nfl.com/image/private/f_auto,q_auto/league/zk2f2ivzdssgoaamf57u",16,GB,0,0,0,0,0,0,0,0,0,0,0,0,,0,,,4,13,0,0,0,1,-0.767632877104916,0,41,77,838,7,1,1,1399,298,34,37.5347530045205,0,0.598999285203717,0.145833333333333,0.328866948754114,0.44895686412788,0,125.1,166.1
2020,REG+POST,00-0034273,D.Ratley,Damion Ratley,WR,WR,"https://static.www.nfl.com/image/private/f_auto,q_auto/league/yafh5dzxcfpwqwrirmdd",5,NYG,0,0,0,0,0,0,0,0,0,0,0,0,,0,,,0,0,0,0,0,0,,0,4,10,63,0,1,0,104,10,2,-3.56066255190548,0,0.605769230769231,0.0584795321637427,0.0896551724137931,0.150477918935269,0,6.3,10.3
2020,REG+POST,00-0034279,E.St. Brown,Equanimeous St. Brown,WR,WR,"https://static.www.nfl.com/image/private/f_auto,q_auto/league/rjtjvrencwsi1xlxnfll",10,GB,0,0,0,0,0,0,0,0,0,0,0,0,,0,,,1,7,0,0,0,1,0.52749087032862,0,9,16,154,1,0,0,188,72,8,9.18162987276446,0,0.819148936170213,0.0493827160493827,0.0803418803418803,0.13031339031339,0,22.1,31.1
2020,REG+POST,00-0034286,R.James,Richie James,WR,WR,"https://static.www.nfl.com/image/private/f_auto,q_auto/league/qusoivtzbud2wl0spptz",7,SF,0,0,0,0,0,0,0,0,0,0,0,0,,0,,,0,0,0,0,0,0,,0,23,35,394,1,0,0,373,193,15,23.662511031027,0,1.05630026809651,0.141129032258065,0.225105612552806,0.369267477174061,0,45.4,68.4
2020,REG+POST,00-0034297,B.Pringle,Byron Pringle,WR,WR,"https://static.www.nfl.com/image/private/f_auto,q_auto/league/qgwipkdsunodvqlumsmp",9,KC,0,0,0,0,0,0,0,0,0,0,0,0,,0,,,0,0,0,0,0,0,,0,19,27,199,1,0,0,228,81,11,14.0973391374864,0,0.87280701754386,0.0868167202572347,0.0999561595791319,0.200194392091244,1,31.9,50.9
2020,REG+POST,00-0034301,D.Williams,Darrel Williams,RB,RB,"https://static.www.nfl.com/image/private/f_auto,q_auto/league/qloiwle7db59cznhqhub",16,KC,0,0,0,0,0,0,0,0,0,0,0,0,,0,,,67,304,2,0,0,23,8.35959571054519,0,25,38,151,0,0,0,-30,209,9,-5.87957443781936,1,-5.03333333333333,0.0650684931506849,-0.0077579519006982,0.0921721733955387,0,59.5,84.5
2020,REG+POST,00-0034309,C.Beebe,Chad Beebe,WR,WR,"https://static.www.nfl.com/image/private/f_auto,q_auto/league/dd7cmld2lqxgqnizif4p",10,MIN,0,0,0,0,0,0,0,0,0,0,0,0,,0,,,0,0,0,0,0,0,,0,20,30,201,2,0,0,181,73,12,6.1020529641537,0,1.11049723756906,0.0909090909090909,0.0754166666666667,0.189155303030303,0,32.1,52.1
2020,REG+POST,00-0034317,K.Kirkwood,Keith Kirkwood,WR,WR,"https://static.www.nfl.com/image/private/f_auto,q_auto/league/iedau8bt7wngc8mxfd9h",1,CAR,0,0,0,0,0,0,0,0,0,0,0,0,,0,,,0,0,0,0,0,0,,0,1,2,13,0,0,0,32,9,0,-0.960921583503749,0,0.40625,0.0740740740740741,0.130081300813008,0.202168021680217,0,1.3,2.3
2020,REG+POST,00-0034319,D.Yelder,Deon Yelder,TE,TE,"https://static.www.nfl.com/image/private/f_auto,q_auto/league/ipykvobx6lilpvc5vyca",6,KC,0,0,0,0,0,0,0,0,0,0,0,0,,0,,,0,0,0,0,0,0,,0,7,11,36,0,0,0,57,30,2,-2.55455819133204,0,0.631578947368421,0.0460251046025105,0.0380507343124166,0.0956731709224573,0,3.6,10.6
2020,REG+POST,00-0034331,J.Samuels,Jaylen Samuels,RB,RB,"https://static.www.nfl.com/image/private/f_auto,q_auto/league/stceem3dtyjhdlqlaqxn",8,PIT,0,0,0,0,0,0,0,0,0,0,0,0,,0,,,9,28,0,0,0,1,-2.66707010278018,0,9,14,46,0,0,0,-3,56,2,-3.06379662198015,0,-15.3333333333333,0.0603448275862069,-0.002283105022831,0.0889190678633286,0,7.4,16.4
2020,REG+POST,00-0034348,C.Sutton,Courtland Sutton,WR,WR,"https://static.www.nfl.com/image/private/f_auto,q_auto/league/uusaguvnkfv2gt7goale",1,DEN,0,0,0,0,0,0,0,0,0,0,0,0,,0,,,0,0,0,0,0,0,,0,3,6,66,0,0,0,106,7,2,-4.61644256112127,0,0.622641509433962,0.157894736842105,0.20703125,0.381763980263158,0,6.6,9.6
2020,REG+POST,00-0034349,K.Johnson,Kerryon Johnson,RB,RB,"https://static.www.nfl.com/image/private/f_auto,q_auto/league/tmqxfjwvjlcfacertjqp",14,DET,0,0,0,0,0,0,0,0,0,0,0,0,,0,,,52,181,2,1,1,9,-9.71210212784354,0,19,26,187,1,0,0,-3,183,11,0.804273777076543,0,-62.3333333333333,0.0619047619047619,-0.0008846947803007,0.0922378565109323,0,52.8,71.8
2020,REG+POST,00-0034351,D.Goedert,Dallas Goedert,TE,TE,"https://static.www.nfl.com/image/private/f_auto,q_auto/league/flzasty1ea7iswbtd0e5",11,PHI,0,0,0,0,0,0,0,0,0,0,0,0,,0,,,0,0,0,0,0,0,,0,46,65,524,3,0,0,560,202,28,14.8795731747523,0,0.935714285714286,0.166666666666667,0.162271805273834,0.363590263691684,0,70.4,116.4
2020,REG+POST,00-0034353,A.Miller,Anthony Miller,WR,WR,"https://static.www.nfl.com/image/private/f_auto,q_auto/league/t7d2vuwwmbpasriplvg6",17,CHI,0,0,0,0,0,0,0,0,0,0,0,0,,0,,,3,14,0,0,0,1,0.238923992263153,0,51,79,507,2,1,1,764,149,24,2.21516275213162,0,0.663612565445026,0.126805778491172,0.15249500998004,0.296955174722786,0,62.1,113.1
2020,REG+POST,00-0034364,J.Akins,Jordan Akins,TE,TE,"https://static.www.nfl.com/image/private/f_auto,q_auto/league/fgkl9zfpy2yxrkxfge84",13,HOU,0,0,0,0,0,0,0,0,0,0,0,0,,0,,,1,4,0,0,0,1,0.75279469229281,0,37,49,403,1,0,0,369,172,20,16.1622072637209,0,1.09214092140921,0.118072289156627,0.0982166622305031,0.245860097296292,0,46.7,83.7
2020,REG+POST,00-0034365,I.Thomas,Ian Thomas,TE,TE,"https://static.www.nfl.com/image/private/f_auto,q_auto/league/zhmboki1lwndau686wlv",13,CAR,0,0,0,0,0,0,0,0,0,0,0,0,,0,,,0,0,0,0,0,0,,0,20,31,145,1,1,0,196,78,11,-5.49942032649415,0,0.739795918367347,0.0731132075471698,0.0668485675306958,0.156463808592242,0,20.5,40.5
2020,REG+POST,00-0034366,K.Coutee,Keke Coutee,WR,WR,"https://static.www.nfl.com/image/private/f_auto,q_auto/league/b63h388y8kzvntk6tuqx",8,HOU,0,0,0,0,0,0,0,0,0,0,0,0,,0,,,0,0,0,0,0,0,,0,33,40,400,3,3,2,377,148,18,10.6426750927467,1,1.06100795755968,0.148698884758364,0.151466452390518,0.329074843810909,0,56.0,89.0
2020,REG+POST,00-0034367,N.Hines,Nyheim Hines,RB,RB,"https://static.www.nfl.com/image/private/f_auto,q_auto/league/lgpfurgix754r54hvas4",17,IND,0,0,0,0,0,0,0,0,0,0,0,0,,0,,,95,455,3,0,0,26,-7.60785733754726,1,64,79,490,4,0,0,55,474,25,9.6458284851632,0,8.90909090909091,0.136678200692042,0.013550135501355,0.214502395889011,0,138.5,202.5
2020,REG+POST,00-0034370,D.Hamilton,DaeSean Hamilton,WR,WR,"https://static.www.nfl.com/image/private/f_auto,q_auto/league/thfspx6c8befeosbsj1b",12,DEN,0,0,0,0,0,0,0,0,0,0,0,0,,0,,,0,0,0,0,0,0,,0,23,44,293,2,1,1,591,95,16,-8.62878053346919,0,0.495769881556684,0.108374384236453,0.149696048632219,0.267348810397233,0,39.3,62.3
2020,REG+POST,00-0034378,I.Smith,Ito Smith,RB,RB,"https://static.www.nfl.com/image/private/f_auto,q_auto/league/dh6fxo1jdenrkgcwdpib",14,ATL,0,0,0,0,0,0,0,0,0,0,0,0,,0,,,63,268,1,0,0,8,-1.98488002596423,0,17,26,75,0,1,0,1,81,3,-12.011110123158,0,75.0,0.0597701149425287,0.0003150598613736,0.0898757143167547,0,40.3,57.3
2020,REG+POST,00-0034383,D.Schultz,Dalton Schultz,TE,TE,"https://static.www.nfl.com/image/private/f_auto,q_auto/league/lhplapyya8pp3yyz8bht",16,DAL,0,0,0,0,0,0,0,0,0,0,0,0,,0,,,0,0,0,0,0,0,,0,63,89,615,4,1,1,584,279,33,13.0815432433944,0,1.05308219178082,0.144246353322528,0.128126371215445,0.306057989834604,0,83.5,146.5
2020,REG+POST,00-0034386,J.Watson,Justin Watson,WR,WR,"https://static.www.nfl.com/image/private/f_auto,q_auto/league/vr9tayyujt23takv3hv3",3,TB,0,0,0,0,0,0,0,0,0,0,0,0,,0,,,0,0,0,0,0,0,,0,7,11,94,0,0,0,106,19,5,-12.8986991000711,0,0.886792452830189,0.0964912280701754,0.110878661087866,0.222351904866769,0,9.4,16.4
2020,REG+POST,00-0034391,S.Neal,Siran Neal,CB,DB,"https://static.www.nfl.com/image/private/f_auto,q_auto/league/kcgowvgfffxnfgbaat7p",1,BUF,0,0,0,0,0,0,0,0,0,0,0,0,,0,,,0,0,0,0,0,0,,0,1,1,13,0,0,0,10,3,1,3.11536745866761,0,1.3,0.0263157894736842,0.0259067357512953,0.0576083992364331,0,1.3,2.3
2020,REG+POST,00-0034393,T.Fumagalli,Troy Fumagalli,TE,TE,"https://static.www.nfl.com/image/private/f_auto,q_auto/league/ec3s3n119ph0se5reacd",7,DEN,0,0,0,0,0,0,0,0,0,0,0,0,,0,,,0,0,0,0,0,0,,0,8,15,80,1,0,0,110,60,6,-5.24872549172142,0,0.727272727272727,0.0681818181818182,0.053921568627451,0.140017825311943,0,14.0,22.0
2020,REG+POST,00-0034395,D.Fountain,Daurice Fountain,WR,WR,"https://static.www.nfl.com/image/private/f_auto,q_auto/league/skzpmww7wb3pubcj0snl",2,IND,0,0,0,0,0,0,0,0,0,0,0,0,,0,,,0,0,0,0,0,0,,0,2,3,23,0,0,0,28,0,2,0.58466433105059,0,0.821428571428571,0.0566037735849057,0.074468085106383,0.137033319951827,0,2.3,4.3
2020,REG+POST,00-0034400,J.Wilkins,Jordan Wilkins,RB,RB,"https://static.www.nfl.com/image/private/f_auto,q_auto/league/ltz7ffp0fnywwhcm2d3z",12,IND,0,0,0,0,0,0,0,0,0,0,0,0,,0,,,84,308,1,0,0,17,-21.6544086334591,1,12,16,105,0,0,0,-13,143,3,-0.880727572482795,0,-8.07692307692308,0.0466472303206997,-0.0053256861941827,0.0662428651451217,0,49.3,61.3
2020,REG+POST,00-0034407,R.McCloud,Ray-Ray McCloud,WR,WR,"https://static.www.nfl.com/image/upload/f_auto,q_auto/league/k3ykgsntuqdb0nl4grxk",11,PIT,0,0,0,0,0,0,0,0,0,0,0,0,,0,,,4,65,0,0,0,1,3.03530011622934,0,20,22,77,0,0,0,-33,105,3,0.0903495523962192,0,0.0,0.0479302832244009,-0.0106007067137809,0.0644749301369547,0,14.2,34.2
2020,REG+POST,00-0034411,R.Gage,Russell Gage,WR,WR,"https://static.www.nfl.com/image/private/f_auto,q_auto/league/lkqhshv0dss1b9c6mdnj",16,ATL,1,2,39,1,0,0,0,0,0,75,2,1,2.13630023831502,0,0.52,,2,9,0,0,0,1,-0.190398682199884,0,72,109,786,4,0,0,927,281,50,31.428842120832,0,0.84789644012945,0.180165289256198,0.177280550774527,0.394344319426466,0,109.06,181.06
2020,REG+POST,00-0034414,B.Scott,Boston Scott,RB,RB,"https://static.www.nfl.com/image/private/f_auto,q_auto/league/uveeemr49kwtkfefugai",16,PHI,0,0,0,0,0,0,0,0,0,0,0,0,,0,,,80,374,1,1,0,16,-4.65203033573926,0,25,36,212,1,0,0,95,181,8,-0.470410209623402,0,2.23157894736842,0.0774193548387097,0.0231087326684505,0.13230514512598,0,70.6,95.6
2020,REG+POST,00-0034418,C.Wilson,Cedrick Wilson,WR,WR,"https://static.www.nfl.com/image/private/f_auto,q_auto/league/zvirmx1m9vycmfpfbf1w",10,DAL,2,2,23,1,0,0,0,0,0,2,21,1,2.82294028694741,0,11.5,,3,-12,0,0,0,0,-5.77264261478558,0,17,28,189,2,0,0,244,113,10,4.12620006361976,0,0.774590163934426,0.0802292263610315,0.0947204968944099,0.186648187367634,0,34.62,51.62
2020,REG+POST,00-0034419,B.Berrios,Braxton Berrios,WR,WR,"https://static.www.nfl.com/image/private/f_auto,q_auto/league/nypqf5vnhegeorkpmplr",13,NYJ,0,0,0,0,0,0,0,0,0,0,0,0,,0,,,3,29,0,0,0,1,1.34269511868479,0,37,55,394,3,0,0,416,216,19,4.3184394592482,0,0.947115384615385,0.146666666666667,0.13484602917342,0.314392220421394,0,60.3,97.3
2020,REG+POST,00-0034420,J.Thomas,Jordan Thomas,TE,TE,"https://static.www.nfl.com/image/private/f_auto,q_auto/league/lhqymyl9yfmt9gfqb0ro",2,NE,0,0,0,0,0,0,0,0,0,0,0,0,,0,,,0,0,0,0,0,0,,0,1,2,3,1,0,0,15,0,1,0.87206751818303,0,0.2,0.0289855072463768,0.0331858407079646,0.0667083493651404,0,6.3,7.3
2020,REG+POST,00-0034426,J.Wims,Javon Wims,WR,WR,"https://static.www.nfl.com/image/private/f_auto,q_auto/league/yz9qgdgesqc9nbkv832p",10,CHI,0,0,0,0,0,0,0,0,0,0,0,0,,0,,,1,2,0,0,0,0,-0.338406857568771,0,7,16,76,1,0,0,291,6,5,-2.3433109418149,0,0.261168384879725,0.0509554140127389,0.106243154435926,0.150803329124256,0,13.8,20.8
2020,REG+POST,00-0034432,B.Scarbrough,Bo Scarbrough,RB,RB,"https://static.www.nfl.com/image/private/f_auto,q_auto/league/y9zcmooqisc5cex2tqxb",1,SEA,0,0,0,0,0,0,0,0,0,0,0,0,,0,,,6,31,0,0,0,1,0.080569310404826,0,0,0,0,0,0,0,0,0,0,,0,,,,,0,3.1,3.1
2020,REG+POST,00-0034438,L.Woodside,Logan Woodside,QB,QB,"https://static.www.nfl.com/image/private/f_auto,q_auto/league/fdptu6sdje2lmijb7e7j",5,TEN,1,3,7,0,0,0,0,0,0,17,0,1,1.53480455151293,0,0.411764705882353,,7,10,0,0,0,1,-3.55476421414642,0,0,0,0,0,0,0,0,0,0,,0,,,,,0,1.28,1.28
2020,REG+POST,00-0034439,R.Izzo,Ryan Izzo,TE,TE,"https://static.www.nfl.com/image/private/f_auto,q_auto/league/mrgkhzunyljetpkfadkt",10,NE,0,0,0,0,0,0,0,0,0,0,0,0,,0,,,0,0,0,0,0,0,,0,13,20,199,0,1,1,205,68,6,-6.5348396092013,0,0.970731707317073,0.0732600732600733,0.112267250821468,0.188477185465137,0,17.9,30.9
2020,REG+POST,00-0034440,J.Jackson,Justin Jackson,RB,RB,"https://static.www.nfl.com/image/private/f_auto,q_auto/league/n7pvb1trbn9rtttlw7df",8,LAC,0,0,0,0,0,0,0,0,0,0,0,0,,0,,,59,270,0,0,0,15,-2.6091975592426,0,19,24,173,0,0,0,-47,221,7,4.03013584861765,1,-3.68085106382979,0.111627906976744,-0.027860106698281,0.14793978577632,0,46.3,65.3
2020,REG+POST,00-0034445,N.Gates,Nick Gates,C,OL,"https://static.www.nfl.com/image/private/f_auto,q_auto/league/nvpqpcqsk83o1tihoztw",1,NYG,0,0,0,0,0,0,0,0,0,0,0,0,,0,,,0,0,0,0,0,0,,0,0,1,0,0,0,0,8,0,0,-2.57392822386464,0,0.0,0.03125,0.0268456375838926,0.0656669463087248,0,0.0,0.0
2020,REG+POST,00-0034449,B.Howell,Buddy Howell,RB,RB,"https://static.www.nfl.com/image/private/f_auto,q_auto/league/iqoes3t0jkt62cpqmuvo",2,HOU,0,0,0,0,0,0,0,0,0,0,0,0,,0,,,16,64,0,0,0,2,-0.525229823309928,0,1,2,3,0,0,0,19,7,0,-0.468588867865037,0,0.157894736842105,0.0740740740740741,0.104395604395604,0.184188034188034,0,6.7,7.7
2020,REG+POST,00-0034457,J.Adams,Josh Adams,RB,RB,"https://static.www.nfl.com/image/private/f_auto,q_auto/league/ppc3a6qvlxjxmkwxbphn",6,NYJ,0,0,0,0,0,0,0,0,0,0,0,0,,0,,,29,157,2,0,0,10,0.29342793484102,0,6,8,29,0,0,0,1,24,2,1.73987909132848,0,29.0,0.0898876404494382,0.002079002079002,0.136286762129459,0,30.6,36.6
2020,REG+POST,00-0034487,T.Sherfield,Trent Sherfield,WR,WR,"https://static.www.nfl.com/image/private/f_auto,q_auto/league/tbs4dvo8vdagznshsw7l",2,ARI,0,0,0,0,0,0,0,0,0,0,0,0,,0,,,0,0,0,0,0,0,,0,5,7,50,0,0,0,82,27,2,-7.48898697004188,0,0.609756097560976,0.112903225806452,0.15045871559633,0.274675939627109,0,5.0,10.0
2020,REG+POST,00-0034490,E.Turner,Ezekiel Turner,ILB,LB,"https://static.www.nfl.com/image/private/f_auto,q_auto/league/orjtjjkgvpqexoxbnhme",1,ARI,0,0,0,0,0,0,0,0,0,0,0,0,,0,,,0,0,0,0,0,0,,0,1,1,26,0,0,0,14,12,1,4.01401143427938,0,1.85714285714286,0.027027027027027,0.0384615384615385,0.0674636174636175,0,2.6,3.6
2020,REG+POST,00-0034510,R.Foster,Robert Foster,WR,WR,"https://static.www.nfl.com/image/private/f_auto,q_auto/league/fmcyiy4oxx9soub8zbui",3,WAS,0,0,0,0,0,0,0,0,0,0,0,0,,0,,,0,0,0,0,0,0,,0,2,6,37,0,0,0,84,32,2,1.64607450328185,0,0.440476190476191,0.0465116279069768,0.0830860534124629,0.127927679249189,0,3.7,5.7
2020,REG+POST,00-0034521,A.Lazard,Allen Lazard,WR,WR,"https://static.www.nfl.com/image/private/f_auto,q_auto/league/blrzk3bfnpneuyhsqiqg",12,GB,0,0,0,0,0,0,0,0,0,0,0,0,,0,,,2,17,0,0,0,1,0.39512610307429,0,40,60,609,4,0,0,654,253,30,47.8670961780088,0,0.931192660550459,0.157068062827225,0.212475633528265,0.384335037710623,0,86.6,126.6
2020,REG+POST,00-0034577,K.Allen,Kyle Allen,QB,QB,"https://static.www.nfl.com/image/private/f_auto,q_auto/league/rvf9rnbqajlniortukeq",4,WAS,60,87,610,4,1,7,44,1,1,523,324,30,7.68759919128682,0,1.16634799235182,0.161712520866111,7,26,1,0,0,3,1.21906227333238,0,0,0,0,0,0,0,0,0,0,,0,,,,,0,45.0,45.0
2020,REG+POST,00-0034578,R.Bonnafon,Reggie Bonnafon,RB,RB,"https://static.www.nfl.com/image/private/f_auto,q_auto/league/revwhbm7uizs4oiwqdo3",2,CAR,0,0,0,0,0,0,0,0,0,0,0,0,,0,,,12,69,0,0,0,4,1.61578923481284,0,2,2,18,1,0,0,-2,20,2,2.77165372931631,0,-9.0,0.0555555555555556,-0.0085836909871244,0.0773247496423462,0,14.7,16.7
2020,REG+POST,00-0034597,R.Nall,Ryan Nall,RB,RB,"https://static.www.nfl.com/image/private/f_auto,q_auto/league/qh4cznlh73ud2b9loalu",7,CHI,0,0,0,0,0,0,0,0,0,0,0,0,,0,,,4,0,0,0,0,0,-1.65340165019734,0,8,9,67,1,0,0,20,47,5,5.74926032871008,0,3.35,0.0476190476190476,0.0134498991257566,0.080843500816601,0,12.7,20.7
2020,REG+POST,00-0034613,T.Hudson,Tanner Hudson,TE,TE,"https://static.www.nfl.com/image/private/f_auto,q_auto/league/dcrfuiyknwrwxsjsjf9q",5,TB,0,0,0,0,0,0,0,0,0,0,0,0,,0,,,0,0,0,0,0,0,,0,3,8,41,0,0,0,127,12,3,-0.484213583818825,0,0.322834645669291,0.0416666666666667,0.0720771850170261,0.112954029511918,0,4.1,7.1
2020,REG+POST,00-0034631,V.Smith,Vyncint Smith,WR,WR,"https://static.www.nfl.com/image/private/f_auto,q_auto/league/jjwvixdxj0lapvuqwbz9",2,NYJ,0,0,0,0,0,0,0,0,0,0,0,0,,0,,,0,0,0,0,0,0,,0,1,3,13,0,0,0,39,1,1,-0.769745314260945,0,0.333333333333333,0.0491803278688525,0.0894495412844037,0.136385170702361,0,1.3,2.3
2020,REG+POST,00-0034646,B.Powell,Brandon Powell,WR,WR,"https://static.www.nfl.com/image/private/f_auto,q_auto/league/cqtogvopabvi3gcuaosi",10,ATL,0,0,0,0,0,0,0,0,0,0,0,0,,0,,,2,7,0,0,0,0,-0.583056042902172,0,12,18,69,2,1,1,83,34,5,-4.47528072743726,0,0.831325301204819,0.0535714285714286,0.0328712871287129,0.103367043847242,0,17.6,29.6
2020,REG+POST,00-0034652,C.Batson,Cameron Batson,WR,WR,"https://static.www.nfl.com/image/private/f_auto,q_auto/league/pow47zamr7jdcca5ibsl",10,TEN,0,0,0,0,0,0,0,0,0,0,0,0,,0,,,4,20,0,1,0,2,-0.427817818592303,0,13,14,106,1,0,0,84,45,8,12.3818172276586,0,1.26190476190476,0.053030303030303,0.0428571428571429,0.109545454545455,0,18.6,31.6
2020,REG+POST,00-0034653,D.Burnett,Deontay Burnett,WR,WR,"https://static.www.nfl.com/image/private/f_auto,q_auto/league/iyteeepnw4u0hssvjzxe",1,PHI,0,0,0,0,0,0,0,0,0,0,0,0,,0,,,0,0,0,0,0,0,,0,3,4,19,0,0,0,15,4,1,-0.390347324195318,0,1.26666666666667,0.0909090909090909,0.0464396284829721,0.168871376301717,0,1.9,4.9
2020,REG+POST,00-0034660,R.Gafford,Rico Gafford,WR,WR,"https://static.www.nfl.com/image/private/f_auto,q_auto/league/yotlvbawckg5e7shvr2y",2,LV,0,0,0,0,0,0,0,0,0,0,0,0,,0,,,0,0,0,0,0,0,,0,0,2,0,0,0,0,64,0,0,-2.36495387402829,0,0.0,0.0298507462686567,0.109215017064846,0.121226631348378,0,0.0,0.0
2020,REG+POST,00-0034676,J.Washington,James Washington,WR,WR,"https://static.www.nfl.com/image/private/f_auto,q_auto/league/z5svt5lojqlibpxitvty",17,PIT,0,0,0,0,0,0,0,0,0,0,0,0,,0,,,0,0,0,0,0,0,,0,35,62,464,5,0,0,772,161,23,9.66077648245846,0,0.601036269430052,0.0861111111111111,0.148547238791611,0.233149733820794,0,76.4,111.4
2020,REG+POST,00-0034681,C.Edmonds,Chase Edmonds,RB,RB,"https://static.www.nfl.com/image/private/f_auto,q_auto/league/y0u4btecdge4tsun4p2h",16,ARI,0,0,0,0,0,0,0,0,0,0,0,0,,0,,,97,448,1,1,0,22,-6.71235711434229,0,53,67,402,4,1,0,135,326,21,9.08240978251837,0,2.97777777777778,0.122935779816514,0.0347132939058884,0.208702975458893,0,115.0,168.0
2020,REG+POST,00-0034686,A.Tate,Auden Tate,WR,WR,"https://static.www.nfl.com/image/private/f_auto,q_auto/league/gp64utjveglpbit53u3t",8,CIN,0,0,0,0,0,0,0,0,0,0,0,0,,0,,,0,0,0,0,0,0,,0,14,22,150,0,0,0,207,58,9,2.48476127577392,0,0.72463768115942,0.0740740740740741,0.0819153146022952,0.168451831332718,0,15.0,29.0
2020,REG+POST,00-0034750,R.Penny,Rashaad Penny,RB,RB,"https://static.www.nfl.com/image/private/f_auto,q_auto/league/mwvzwst6cfcwifblqtsj",3,SEA,0,0,0,0,0,0,0,0,0,0,0,0,,0,,,11,34,0,0,0,1,-1.76558764185756,0,0,0,0,0,0,0,0,0,0,,0,,,,,0,3.4,3.4
2020,REG+POST,00-0034753,M.Andrews,Mark Andrews,TE,TE,"https://static.www.nfl.com/image/private/f_auto,q_auto/league/cv7h66mkpoalli9wfdqp",16,BAL,0,0,0,0,0,0,0,0,0,0,0,0,,0,,,0,0,0,0,0,0,,0,66,105,770,7,2,0,1017,207,40,21.9264022890922,0,0.757128810226155,0.252403846153846,0.274568034557235,0.570803393420834,0,119.0,185.0
2020,REG+POST,00-0034764,M.Gallup,Michael Gallup,WR,WR,"https://static.www.nfl.com/image/private/f_auto,q_auto/league/tt9xpcg4x2z3osc1fcq6",16,DAL,0,0,0,0,0,0,0,0,0,0,0,0,,0,,,0,0,0,0,0,0,,0,59,105,843,5,0,0,1237,252,44,29.1730776439295,0,0.681487469684721,0.170178282009725,0.271390960947784,0.445241095678036,0,114.3,173.3
2020,REG+POST,00-0034765,T.Smith,Tre'Quan Smith,WR,WR,"https://static.www.nfl.com/image/private/f_auto,q_auto/league/w0fqbjft1n3akkw7o6jc",14,NO,0,0,0,0,0,0,0,0,0,0,0,0,,0,,,1,3,0,0,0,0,-0.0426685948623344,0,37,53,533,6,1,0,507,163,25,33.5155839090379,0,1.05128205128205,0.114470842332613,0.179914833215046,0.297646646749452,0,89.6,126.6
2020,REG+POST,00-0034766,C.Herndon,Christopher Herndon,TE,TE,"https://static.www.nfl.com/image/private/f_auto,q_auto/league/orypxaqv1ux3nbqssqqx",11,NYJ,0,0,0,0,0,0,0,0,0,0,0,0,,0,,,0,0,0,0,0,0,,0,31,45,287,3,2,2,308,128,17,1.71419318958138,0,0.931818181818182,0.135542168674699,0.112204007285975,0.28185605811223,0,42.7,73.7
2020,REG+POST,00-0034771,M.Rudolph,Mason Rudolph,QB,QB,"https://static.www.nfl.com/image/private/f_auto,q_auto/league/d0e69hfidjqg8yb68nza",4,PIT,25,43,324,2,1,1,8,0,0,432,102,13,10.1921748814,0,0.75,0.105953587831504,7,-6,0,0,0,0,-7.59803209104575,0,0,0,0,0,0,0,0,0,0,,0,,,,,0,18.36,18.36
2020,REG+POST,00-0034772,A.Callaway,Antonio Callaway,WR,WR,"https://static.www.nfl.com/image/private/f_auto,q_auto/league/qebxtrpadsvtqkgvfy2u",3,MIA,0,0,0,0,0,0,0,0,0,0,0,0,,0,,,0,0,0,0,0,0,,0,2,4,20,0,0,0,28,3,1,0.898361240047962,0,0.714285714285714,0.0327868852459016,0.0264650283553875,0.0677058477176237,0,2.0,4.0
2020,REG+POST,00-0034775,C.Kirk,Christian Kirk,WR,WR,"https://static.www.nfl.com/image/private/f_auto,q_auto/league/ersmmtjmjlpsy9lmjvde",14,ARI,0,0,0,0,0,0,0,0,0,0,0,0,,0,,,2,3,0,0,0,1,1.7565628180746,0,48,79,621,6,0,0,935,175,30,11.2027811807231,0,0.664171122994652,0.162886597938144,0.244444444444444,0.415441008018328,0,98.4,146.4
2020,REG+POST,00-0034777,D.Chark,D.J. Chark,WR,WR,"https://static.www.nfl.com/image/private/f_auto,q_auto/league/bn5lxiv1cyyidlhkth84",13,JAX,0,0,0,0,0,0,0,0,0,0,0,0,,0,,,0,0,0,0,0,0,,0,53,93,706,5,0,0,1300,165,37,10.8368730276785,0,0.543076923076923,0.197872340425532,0.344462109167992,0.537931987055892,0,100.6,153.6
2020,REG+POST,00-0034788,J.Graham,Jaeden Graham,TE,TE,"https://static.www.nfl.com/image/private/f_auto,q_auto/league/fybmurkbrd7waa35tpc8",4,ATL,0,0,0,0,0,0,0,0,0,0,0,0,,0,,,0,0,0,0,0,0,,0,3,5,25,0,0,0,18,14,1,-0.0457352943485603,0,1.38888888888889,0.0354609929078014,0.0146579804560261,0.0634520756809204,0,2.5,5.5
2020,REG+POST,00-0034791,N.Chubb,Nick Chubb,RB,RB,"https://static.www.nfl.com/image/private/f_auto,q_auto/league/a8ib0haur75wrhqrbtyo",14,CLE,0,0,0,0,0,0,0,0,0,0,0,0,,0,,,221,1212,12,1,1,63,17.1997238907379,0,22,27,223,1,0,0,40,218,8,8.06889910984319,0,5.575,0.072192513368984,0.0146038700255568,0.118511479071366,0,219.5,241.5
2020,REG+POST,00-0034796,L.Jackson,Lamar Jackson,QB,QB,"https://static.www.nfl.com/image/private/f_auto,q_auto/league/wj1fwvvkjaqztm56ybzu",17,BAL,273,424,3098,26,11,37,198,5,2,3634,1289,150,45.5226862557684,1,0.852504127682994,0.116929980599487,184,1175,8,6,2,63,44.3448755717797,0,0,0,0,0,0,0,0,0,0,,0,,,,,0,365.42,365.42
2020,REG+POST,00-0034798,D.Smythe,Durham Smythe,TE,TE,"https://static.www.nfl.com/image/private/f_auto,q_auto/league/bymp1mbuhxq4vbrwnof7",13,MIA,0,0,0,0,0,0,0,0,0,0,0,0,,0,,,0,0,0,0,0,0,,0,26,29,208,2,0,0,114,122,13,14.0188645468939,0,1.82456140350877,0.0653153153153153,0.0332458442694663,0.121245063961599,0,32.8,58.8
2020,REG+POST,00-0034799,K.Ballage,Kalen Ballage,RB,RB,"https://static.www.nfl.com/image/private/f_auto,q_auto/league/zxxklmhekefz5gaaxqi0",11,LAC,0,0,0,0,0,0,0,0,0,0,0,0,,0,,,91,303,3,1,0,25,-4.69154246665849,0,29,37,166,0,0,0,-19,213,5,-3.58476108394098,0,-8.73684210526316,0.105413105413105,-0.0080338266384778,0.152495979472724,0,64.9,93.9
2020,REG+POST,00-0034816,R.Jones,Ronald Jones,RB,RB,"https://static.www.nfl.com/image/private/f_auto,q_auto/league/juku3wy4sv0xwobxw7xp",17,TB,0,0,0,0,0,0,0,0,0,0,0,0,,0,,,227,1117,7,0,0,56,1.24522693542531,0,28,44,165,1,2,2,37,157,2,-22.666083652497,0,4.45945945945946,0.0805860805860806,0.0076557003931305,0.126238111154312,0,172.2,200.2
2020,REG+POST,00-0034827,D.Moore,D.J. Moore,WR,WR,"https://static.www.nfl.com/image/private/f_auto,q_auto/league/fuhd1intilojmnbx7wjq",15,CAR,0,1,0,0,0,0,0,0,0,6,0,0,-0.408470925525762,0,0.0,,2,22,0,0,0,1,0.968956606579013,0,66,118,1193,4,0,0,1561,382,53,26.4850655426303,0,0.764253683536195,0.241803278688525,0.408959916164527,0.648976859347956,0,145.5,211.5
2020,REG+POST,00-0034829,M.Gesicki,Mike Gesicki,TE,TE,"https://static.www.nfl.com/image/private/f_auto,q_auto/league/mpichyoi6vdnhb7qte6c",15,MIA,0,0,0,0,0,0,0,0,0,0,0,0,,0,,,0,0,0,0,0,0,,0,53,85,703,6,0,0,940,167,36,20.4213746730392,0,0.747872340425532,0.162835249042146,0.225961538461538,0.402425950486295,0,106.3,159.3
2020,REG+POST,00-0034830,H.Hurst,Hayden Hurst,TE,TE,"https://static.www.nfl.com/image/private/f_auto,q_auto/league/evevkgcgy0suudtprryp",16,ATL,0,0,0,0,0,0,0,0,0,0,0,0,,0,,,0,0,0,0,0,0,,0,56,88,571,6,0,0,594,245,35,15.5960260290721,0,0.961279461279461,0.145454545454545,0.113597246127367,0.297699890470975,0,93.1,149.1
2020,REG+POST,00-0034837,C.Ridley,Calvin Ridley,WR,WR,"https://static.www.nfl.com/image/private/f_auto,q_auto/league/jnknuowszoqaywqoopy7",15,ATL,0,0,0,0,0,0,0,0,0,0,0,0,,0,,,5,1,0,0,0,1,-2.77797056216514,0,90,143,1374,9,1,1,2052,275,65,49.9764961215032,1,0.669590643274854,0.250877192982456,0.41937461679951,0.669878021233341,0,191.5,281.5
2020,REG+POST,00-0034838,R.Freeman,Royce Freeman,RB,RB,"https://static.www.nfl.com/image/private/f_auto,q_auto/league/omv74ajxzfk50f5te1mp",11,DEN,0,0,0,0,0,0,0,0,0,0,0,0,,0,,,35,170,0,0,0,10,-0.290129219767027,0,12,13,81,0,0,0,22,63,4,2.69970970479934,0,3.68181818181818,0.0451388888888889,0.0093023255813953,0.0742199612403101,0,25.1,37.1
2020,REG+POST,00-0034844,S.Barkley,Saquon Barkley,RB,RB,"https://static.www.nfl.com/image/private/f_auto,q_auto/league/o8tlhps5u1tvnaaxlpjk",2,NYG,0,0,0,0,0,0,0,0,0,0,0,0,,0,,,19,34,0,0,0,1,-8.17507413669955,0,6,9,60,0,0,0,34,55,3,3.64131623820867,0,1.76470588235294,0.230769230769231,0.139917695473251,0.444096232985122,0,9.4,15.4
2020,REG+POST,00-0034845,S.Michel,Sony Michel,RB,RB,"https://static.www.nfl.com/image/private/f_auto,q_auto/league/eydtwcqcaegkuwivq0ln",8,NE,0,0,0,0,0,0,0,0,0,0,0,0,,0,,,79,449,1,0,0,19,5.2220017867221,0,7,9,114,1,0,0,-2,110,5,8.75054169155192,0,-57.0,0.0529411764705882,-0.0023474178403755,0.0777685722176194,0,68.3,75.3
2020,REG+POST,00-0034854,K.Hodge,KhaDarel Hodge,WR,WR,"https://static.www.nfl.com/image/private/f_auto,q_auto/league/rx0oqq7r3hwwdliira2q",7,CLE,0,0,0,0,0,0,0,0,0,0,0,0,,0,,,0,0,0,0,0,0,,0,11,17,180,0,0,0,278,23,11,10.4848422550422,0,0.647482014388489,0.101190476190476,0.199856218547807,0.291685067269179,0,18.0,29.0
2020,REG+POST,00-0034855,B.Mayfield,Baker Mayfield,QB,QB,"https://static.www.nfl.com/image/private/f_auto,q_auto/league/haglbmidyaxtimhctzlp",18,CLE,349,557,4030,30,9,27,170,4,3,4554,1622,211,103.644378344609,1,0.884936319718928,0.134485277409906,62,179,1,3,1,22,-5.29048239650765,0,2,2,-2,0,0,0,-4,2,1,0.659024489694275,0,0.0,0.0303030303030303,-0.0104166666666667,0.0381628787878788,0,280.9,282.9
2020,REG+POST,00-0034857,J.Allen,Josh Allen,QB,QB,"https://static.www.nfl.com/image/private/f_auto,q_auto/league/ghmmndgjefpxziks7ntf",19,BUF,473,692,5361,42,11,34,253,7,2,5939,2166,272,171.022766708169,0,0.902677218386934,0.173278730780418,127,566,9,4,4,45,6.46212235547497,0,1,1,12,1,0,0,-5,17,1,2.29472383309621,0,0.0,0.0222222222222222,-0.0164473684210526,0.0218201754385965,0,466.24,467.24
2020,REG+POST,00-0034860,D.Pettis,Dante Pettis,WR,WR,"https://static.www.nfl.com/image/private/f_auto,q_auto/league/j35nhxhisutf6pz38fzs",3,NYG,0,0,0,0,0,0,0,0,0,0,0,0,,0,,,0,0,0,0,0,0,,0,4,6,76,1,0,0,110,6,3,4.82420935866804,0,0.690909090909091,0.0612244897959184,0.12249443207127,0.177582837143766,0,13.6,17.6
2020,REG+POST,00-0034869,S.Darnold,Sam Darnold,QB,QB,"https://static.www.nfl.com/image/private/f_auto,q_auto/league/whfsdoeusfuts9t4m6ex",12,NYJ,217,364,2208,9,11,35,234,4,2,2794,1155,109,-76.9631539423759,1,0.790264853256979,0.0143755596520687,37,217,2,0,0,13,12.5731740648043,0,0,0,0,0,0,0,0,0,0,,0,,,,,0,134.02,134.02
2020,REG+POST,00-0034899,J.Wolford,John Wolford,QB,QB,"https://static.www.nfl.com/image/private/f_auto,q_auto/league/uxzgrelwi10vk4vbx7lc",2,LA,25,44,260,0,1,3,8,0,0,418,98,14,-4.79658533620786,0,0.62200956937799,0.0387131398062779,7,58,0,0,0,4,6.77283228741726,0,0,0,0,0,0,0,0,0,0,,0,,,,,0,14.2,14.2
2020,REG+POST,00-0034928,S.Sims,Steven Sims,WR,WR,"https://static.www.nfl.com/image/upload/f_auto,q_auto/league/lomie0vpvgt7kxel3rdr",12,WAS,0,0,0,0,0,0,0,0,0,0,0,0,,0,,,2,22,0,0,0,1,1.09963205340318,0,30,41,298,2,1,0,299,127,15,15.348109435707,0,0.996655518394649,0.0921348314606742,0.100133958472873,0.208296018122023,0,44.0,74.0
2020,REG+POST,00-0034955,B.Rypien,Brett Rypien,QB,QB,"https://static.www.nfl.com/image/private/f_auto,q_auto/league/dk9b6nlydrbexyyoknoi",2,DEN,27,40,295,2,4,1,0,1,0,346,82,12,-1.68559286098759,0,0.852601156069364,0.15757090487551,5,-5,0,0,0,0,-4.39208767510718,0,0,0,0,0,0,0,0,0,0,,0,,,,,0,11.3,11.3
2020,REG+POST,00-0034960,J.Meyers,Jakobi Meyers,WR,WR,"https://static.www.nfl.com/image/private/f_auto,q_auto/league/lhfd2xsufgep72sfkacg",12,NE,2,2,43,2,0,0,0,0,0,37,6,2,5.63134234893369,0,1.16216216216216,,2,9,0,0,0,0,0.239403982879594,0,59,81,729,0,1,1,826,216,37,24.5666751621075,1,0.882566585956417,0.260450160771704,0.361804643013579,0.643938491267061,0,83.52,142.52
2020,REG+POST,00-0034970,I.Smith,Irv Smith,TE,TE,"https://static.www.nfl.com/image/private/f_auto,q_auto/league/gvnnqr5kj0rtte3iw9mp",12,MIN,0,0,0,0,0,0,0,0,0,0,0,0,,0,,,0,0,0,0,0,0,,0,30,43,365,5,0,0,346,126,22,27.7898818410798,1,1.05491329479769,0.12463768115942,0.125544267053701,0.274837508676721,0,68.5,98.5
2020,REG+POST,00-0034972,A.Mattison,Alexander Mattison,RB,RB,"https://static.www.nfl.com/image/private/f_auto,q_auto/league/kn3cwf59lqoyauoqmghm",13,MIN,0,0,0,0,0,0,0,0,0,0,0,0,,0,,,96,434,2,0,0,24,-7.24457121637533,0,13,15,125,1,0,0,41,108,5,8.09539050594322,0,3.04878048780488,0.0793650793650794,0.026468689477082,0.137575701681576,0,73.9,86.9
2020,REG+POST,00-0034975,J.Hill,Justice Hill,RB,RB,"https://static.www.nfl.com/image/private/f_auto,q_auto/league/v9xufmbbfauthnlpxcrc",7,BAL,0,0,0,0,0,0,0,0,0,0,0,0,,0,,,12,60,0,0,0,2,-1.14620045418269,0,5,6,20,0,0,0,-8,27,0,-3.50663737615105,0,-2.5,0.0461538461538462,-0.0085378868729989,0.06325424841967,0,8.0,13.0
2020,REG+POST,00-0034981,F.Moreau,Foster Moreau,TE,TE,"https://static.www.nfl.com/image/private/f_auto,q_auto/league/cvxobozy7tbpgnxahes9",7,LV,0,0,0,0,0,0,0,0,0,0,0,0,,0,,,0,0,0,0,0,0,,0,7,9,140,2,0,0,109,51,5,10.175309042912,0,1.28440366972477,0.037344398340249,0.0718997361477573,0.106346412813804,0,26.0,33.0
2020,REG+POST,00-0034983,H.Renfrow,Hunter Renfrow,WR,WR,"https://static.www.nfl.com/image/private/f_auto,q_auto/league/coqn2jxhmjhaut34aqiv",16,LV,0,0,0,0,0,0,0,0,0,0,0,0,,0,,,0,0,0,0,0,0,,0,56,77,656,2,1,1,547,338,32,27.7944486495966,0,1.19926873857404,0.147227533460803,0.124431301182894,0.30794321101923,0,75.6,131.6
2020,REG+POST,00-0034988,K.Smith,Kaden Smith,TE,TE,"https://static.www.nfl.com/image/private/f_auto,q_auto/league/gbwycqfz69f3c3ozzt0g",13,NYG,0,0,0,0,0,0,0,0,0,0,0,0,,0,,,0,0,0,0,0,0,,0,18,21,112,0,0,0,41,89,8,6.10376514610834,0,2.73170731707317,0.0532994923857868,0.0135046113306983,0.089402466510169,0,11.2,29.2
2020,REG+POST,00-0034995,D.Williams,Dexter Williams,RB,RB,"https://static.www.nfl.com/image/private/f_auto,q_auto/league/j13nyurtcej8pa7jg494",1,GB,0,0,0,0,0,0,0,0,0,0,0,0,,0,,,2,8,0,0,0,0,-0.262545087374747,0,0,0,0,0,0,0,0,0,0,,0,,,,,0,0.8,0.8
2020,REG+POST,00-0035006,O.Johnson,Olabisi Johnson,WR,WR,"https://static.www.nfl.com/image/private/f_auto,q_auto/league/uzlf6ftfizmo32d9v0x5",8,MIN,0,0,0,0,0,0,0,0,0,0,0,0,,0,,,0,0,0,0,0,0,,0,14,19,189,0,0,0,215,49,9,3.5858397600241,1,0.87906976744186,0.0766129032258065,0.101319509896324,0.185843011766137,0,20.9,34.9
2020,REG+POST,00-0035021,A.Dulin,Ashton Dulin,WR,WR,"https://static.www.nfl.com/image/private/f_auto,q_auto/league/jnaoemdbciiow7rcfzbu",7,IND,0,0,0,0,0,0,0,0,0,0,0,0,,0,,,2,11,0,0,0,0,0.0745351903606206,0,3,6,53,0,1,0,31,28,2,1.84357144142268,0,1.70967741935484,0.0340909090909091,0.0306930693069307,0.0726215121512151,0,6.4,9.4
2020,REG+POST,00-0035022,P.Hart,Penny Hart,WR,WR,"https://static.www.nfl.com/image/private/f_auto,q_auto/league/x56attwx7uv6a8zbetsq",1,SEA,0,0,0,0,0,0,0,0,0,0,0,0,,0,,,1,19,0,0,0,1,1.1664477646118,0,1,1,3,0,0,0,-1,4,0,-0.204255594639108,0,0.0,0.03125,-0.0044052863436123,0.0437912995594714,0,2.2,3.2
2020,REG+POST,00-0035039,S.Carlson,Stephen Carlson,TE,TE,"https://static.www.nfl.com/image/private/f_auto,q_auto/league/e2rc5cshox75gjo3fqvu",3,CLE,0,0,0,0,0,0,0,0,0,0,0,0,,0,,,0,0,0,0,0,0,,1,1,2,11,0,0,0,0,11,1,-1.0015393345966,0,0.0,0.032258064516129,,,0,3.1,4.1
2020,REG+POST,00-0035040,D.Blough,David Blough,QB,QB,"https://static.www.nfl.com/image/private/f_auto,q_auto/league/enumsdgbnfykd6znzeck",1,DET,6,10,49,0,1,1,10,0,0,82,27,1,-9.72741845587734,0,0.597560975609756,0.0497655852384269,1,18,0,0,0,1,1.870511373505,0,0,0,0,0,0,0,0,0,0,,0,,,,,0,1.76,1.76
2020,REG+POST,00-0035042,J.Gillan,Jamie Gillan,P,SPEC,"https://static.www.nfl.com/image/private/f_auto,q_auto/league/fhwbrytkidc2slpjlazg",1,CLE,0,0,0,0,0,0,0,0,0,0,0,0,,0,,,1,-2,0,1,1,0,-3.30216513085179,0,0,0,0,0,0,0,0,0,0,,0,,,,,0,-2.2,-2.2
2020,REG+POST,00-0035099,K.Blasingame,Khari Blasingame,FB,RB,"https://static.www.nfl.com/image/private/f_auto,q_auto/league/w6upjqhddbjlnnqui819",5,TEN,0,0,0,0,0,0,0,0,0,0,0,0,,0,,,0,0,0,0,0,0,,0,4,5,39,0,0,0,5,34,2,2.03088498301804,0,7.8,0.0318471337579618,0.0062972292191435,0.0521787610903432,0,3.9,7.9
2020,REG+POST,00-0035102,B.Dillon,Brandon Dillon,TE,TE,"https://static.www.nfl.com/image/private/f_auto,q_auto/league/cdfez6yy9dzvblsnc3ou",1,MIN,0,0,0,0,0,0,0,0,0,0,0,0,,0,,,0,0,0,0,0,0,,0,1,1,6,0,0,0,5,1,0,-0.377996272407472,0,1.2,0.0232558139534884,0.0141643059490085,0.0447987350945385,0,0.6,1.6
2020,REG+POST,00-0035125,A.Ingold,Alec Ingold,FB,RB,"https://static.www.nfl.com/image/private/f_auto,q_auto/league/oxtyl1jrhudt3minnb83",11,LV,0,0,0,0,0,0,0,0,0,0,0,0,,0,,,3,4,0,0,0,2,0.102141264759402,0,12,17,110,1,0,0,76,88,9,6.38210732025672,0,1.44736842105263,0.0487106017191977,0.0314699792960663,0.0950948880860429,0,17.4,29.4
2020,REG+POST,00-0035140,M.Hardman,Mecole Hardman,WR,WR,"https://static.www.nfl.com/image/upload/f_auto,q_auto/league/rzs2xd5j7o7lz1ivk5te",19,KC,0,0,0,0,0,0,0,0,0,0,0,0,,0,,,6,85,0,0,0,3,3.71213696798077,0,49,75,626,5,1,1,703,367,27,30.129719566321,1,0.890469416785206,0.102459016393443,0.121668397369332,0.238856402748696,1,107.1,156.1
2020,REG+POST,00-0035146,T.McSorley,Trace McSorley,QB,QB,"https://static.www.nfl.com/image/private/f_auto,q_auto/league/gfl6nhrkzshnhcsxfvqy",2,BAL,3,10,90,1,0,0,0,0,0,89,53,2,2.18455231783446,0,1.01123595505618,-0.0861313290014739,5,17,0,0,0,2,0.124383461661637,0,0,0,0,0,0,0,0,0,0,,0,,,,,0,9.3,9.3
2020,REG+POST,00-0035148,D.Thompson,Darwin Thompson,RB,RB,"https://static.www.nfl.com/image/private/f_auto,q_auto/league/l1hcf7i4flghdacmhorc",5,KC,0,0,0,0,0,0,0,0,0,0,0,0,,0,,,27,97,1,1,1,7,-8.05915773063316,0,7,11,65,1,1,0,-29,88,3,1.01132483285619,0,-2.24137931034483,0.0670731707317073,-0.0617021276595745,0.0574182667358589,0,26.2,33.2
2020,REG+POST,00-0035161,J.Lovett,John Lovett,QB,QB,"https://static.www.nfl.com/image/private/f_auto,q_auto/league/fvipxqujnb0t4bdy1ydz",1,GB,0,0,0,0,0,0,0,0,0,0,0,0,,0,,,3,6,0,0,0,0,-1.15452440653462,0,0,0,0,0,0,0,0,0,0,,0,,,,,0,0.6,0.6
2020,REG+POST,00-0035181,D.Shepherd,Darrius Shepherd,WR,WR,"https://static.www.nfl.com/image/private/f_auto,q_auto/league/mxa4mlth6p0bf5pfg3so",6,GB,0,0,0,0,0,0,0,0,0,0,0,0,,0,,,0,0,0,0,0,0,,0,5,8,46,0,0,0,120,18,1,0.56658928032266,0,0.383333333333333,0.0408163265306122,0.0719856028794241,0.111614411811515,0,4.6,9.6
2020,REG+POST,00-0035184,D.Ozigbo,Devine Ozigbo,RB,RB,"https://static.www.nfl.com/image/private/f_auto,q_auto/league/teht8fiw2mu5g8xmdoqm",4,JAX,0,0,0,0,0,0,0,0,0,0,0,0,,0,,,1,1,0,0,0,0,-0.391046609263867,0,9,9,42,0,0,0,3,39,3,-5.07495099288644,0,14.0,0.0620689655172414,0.0025041736227045,0.0948563698117552,0,4.3,13.3
2020,REG+POST,00-0035187,A.Walter,Austin Walter,RB,RB,"https://static.www.nfl.com/image/private/f_auto,q_auto/league/ra41toaybxgxojhemusk",1,SF,0,0,0,0,0,0,0,0,0,0,0,0,,0,,,1,3,0,0,0,0,-0.214815466664732,0,1,1,27,0,0,0,-6,33,1,1.03164030937478,0,-4.5,0.0256410256410256,-0.0227272727272727,0.0225524475524476,0,3.0,4.0
2020,REG+POST,00-0035190,A.Cole,A.J. Cole,P,SPEC,"https://static.www.nfl.com/image/private/f_auto,q_auto/league/f3vqfrvezpqrnujohxos",1,LV,0,0,0,0,0,0,0,0,0,0,0,0,,0,,,1,0,0,1,0,0,-0.556390310288407,0,0,0,0,0,0,0,0,0,0,,0,,,,,0,0.0,0.0
2020,REG+POST,00-0035208,O.Zaccheaus,Olamide Zaccheaus,WR,WR,"https://static.www.nfl.com/image/private/f_auto,q_auto/league/dwtubzfv9kpr23znavl6",9,ATL,0,0,0,0,0,0,0,0,0,0,0,0,,0,,,1,0,0,0,0,0,-1.80253593646921,0,20,32,274,1,0,0,440,63,16,12.3405827204559,0,0.622727272727273,0.109965635738832,0.168582375478927,0.282956116443496,0,33.4,53.4
2020,REG+POST,00-0035215,D.Harty,Deonte Harty,WR,WR,"https://static.www.nfl.com/image/private/f_auto,q_auto/league/h72iki8fggkee1n2jpg6",11,NO,0,0,0,0,0,0,0,0,0,0,0,0,,0,,,7,49,0,0,0,2,1.10652246576501,0,28,33,268,1,0,0,121,189,15,20.3575701403897,0,2.21487603305785,0.0932203389830508,0.0627593360995851,0.183762043744286,0,37.7,65.7
2020,REG+POST,00-0035216,D.Johnson,Diontae Johnson,WR,WR,"https://static.www.nfl.com/image/private/f_auto,q_auto/league/imoqxbyoluisz2tmoral",16,PIT,0,0,0,0,0,0,0,0,0,0,0,0,,0,,,3,15,0,0,0,0,0.419729315210134,0,99,160,1040,7,1,0,1323,422,53,18.1539991361847,0,0.786092214663643,0.229555236728838,0.263283582089552,0.528631362555943,0,147.5,246.5
2020,REG+POST,00-0035217,B.Snell,Benny Snell,RB,RB,"https://static.www.nfl.com/image/private/f_auto,q_auto/league/fo3ppnx6djkougdmpthf",16,PIT,0,0,0,0,0,0,0,0,0,0,0,0,,0,,,113,381,4,2,1,27,-29.5134722156508,0,11,16,65,0,0,0,-26,92,3,-11.0569108875066,0,-2.5,0.0524590163934426,-0.0126274890723652,0.0698492822395083,0,66.6,77.6
2020,REG+POST,00-0035228,K.Murray,Kyler Murray,QB,QB,"https://static.www.nfl.com/image/private/f_auto,q_auto/league/ad68dbv2eqakttaqwppv",16,ARI,375,558,3971,26,12,27,176,4,4,4355,1743,205,33.8037936196895,0,0.911825487944891,0.115961527507836,133,819,11,5,0,52,43.9316951991853,0,0,0,0,0,0,0,0,0,0,,0,,,,,0,378.74,378.74
2020,REG+POST,00-0035229,T.Hockenson,T.J. Hockenson,TE,TE,"https://static.www.nfl.com/image/private/f_auto,q_auto/league/exbnbnkgkhp9tlt10wig",16,DET,0,0,0,0,0,0,0,0,0,0,0,0,,0,,,1,0,0,1,1,0,-4.99289222119842,0,67,101,723,6,0,0,710,329,40,8.83443376419862,1,1.01830985915493,0.179715302491103,0.14516458801881,0.371188165349822,0,108.3,175.3
2020,REG+POST,00-0035232,D.Haskins,Dwayne Haskins,QB,QB,"https://static.www.nfl.com/image/private/f_auto,q_auto/league/cctguuvjeglkuo1o6yvx",7,WAS,148,241,1439,5,7,20,141,5,3,1622,867,73,-39.5721505024556,0,0.887176325524044,-0.0040231089828902,20,46,1,1,0,6,0.977252353477525,0,0,0,0,0,0,0,0,0,0,,0,,,,,0,68.16,68.16
2020,REG+POST,00-0035243,M.Sanders,Miles Sanders,RB,RB,"https://static.www.nfl.com/image/private/f_auto,q_auto/league/vzctez3oxwdttiyukq18",12,PHI,0,0,0,0,0,0,0,0,0,0,0,0,,0,,,164,867,6,4,2,39,-1.32222251631902,2,28,52,197,0,0,0,95,211,8,-19.2399473181365,0,2.07368421052632,0.122931442080378,0.0283666766198865,0.204253836754488,0,142.4,170.4
2020,REG+POST,00-0035246,J.Arcega-Whiteside,J.J. Arcega-Whiteside,WR,WR,"https://static.www.nfl.com/image/private/f_auto,q_auto/league/ybukzc2rvl0mqfnn387e",5,PHI,0,0,0,0,0,0,0,0,0,0,0,0,,0,,,0,0,0,0,0,0,,0,4,8,85,0,0,0,121,11,4,-2.62896362043102,1,0.702479338842975,0.0430107526881721,0.0705539358600583,0.113903884134299,0,10.5,14.5
2020,REG+POST,00-0035250,D.Singletary,Devin Singletary,RB,RB,"https://static.www.nfl.com/image/upload/f_auto,q_auto/league/ulczhsxmhnyrsyjfrhd5",19,BUF,0,0,0,0,0,0,0,0,0,0,0,0,,0,,,172,750,2,1,1,43,-16.5654229624587,0,46,59,313,0,0,0,58,305,9,-0.907245098052886,0,5.39655172413793,0.0861313868613139,0.0099965529127886,0.136194667330923,0,116.3,162.3
2020,REG+POST,00-0035259,T.Wesco,Trevon Wesco,TE,TE,"https://static.www.nfl.com/image/private/f_auto,q_auto/league/ptq3iidy6uyg3f31gjl5",2,NYJ,0,0,0,0,0,0,0,0,0,0,0,0,,0,,,1,0,0,0,0,0,-1.08906211447902,0,1,2,5,0,0,0,7,0,0,-0.245783035410568,0,0.714285714285714,0.0384615384615385,0.0153846153846154,0.0684615384615385,0,0.5,1.5
2020,REG+POST,00-0035261,T.Pollard,Tony Pollard,RB,RB,"https://static.www.nfl.com/image/private/f_auto,q_auto/league/pqhmih6cdyb3yqfd1dmb",16,DAL,0,0,0,0,0,0,0,0,0,0,0,0,,0,,,101,435,4,0,0,23,-2.53819094132632,0,28,40,193,1,0,0,-14,232,9,-4.4683424374888,0,-13.7857142857143,0.068259385665529,-0.0037991858887381,0.0997296483761768,0,92.8,120.8
2020,REG+POST,00-0035264,J.Stidham,Jarrett Stidham,QB,QB,"https://static.www.nfl.com/image/private/f_auto,q_auto/league/vzjrnfhb1p5n5x67zzx4",5,NE,22,44,256,2,3,4,21,0,0,268,174,12,-19.0695288592833,0,0.955223880597015,-0.0383963993143402,7,7,0,0,0,3,-4.47843750717584,0,0,0,0,0,0,0,0,0,0,,0,,,,,0,12.94,12.94
2020,REG+POST,00-0035273,Q.Ollison,Qadree Ollison,RB,RB,"https://static.www.nfl.com/image/private/f_auto,q_auto/league/ifvzpr0bzxjwbpv0zpml",1,ATL,0,0,0,0,0,0,0,0,0,0,0,0,,0,,,1,3,0,0,0,1,0.733921036939137,0,0,0,0,0,0,0,0,0,0,,0,,,,,0,0.3,0.3
2020,REG+POST,00-0035282,E.Stick,Easton Stick,QB,QB,"https://static.www.nfl.com/image/private/f_auto,q_auto/league/adipothxiewxmdsxaflp",1,LAC,1,1,4,0,0,0,0,0,0,0,4,0,-0.238974142121151,0,0.0,,1,-2,0,0,0,0,-1.07891225954518,0,0,0,0,0,0,0,0,0,0,,0,,,,,0,-0.04,-0.04
2020,REG+POST,00-0035287,K.Johnson,KeeSean Johnson,WR,WR,"https://static.www.nfl.com/image/private/f_auto,q_auto/league/xevuoqg8h0chgypuqy8k",8,ARI,0,0,0,0,0,0,0,0,0,0,0,0,,0,,,0,0,0,0,0,0,,0,15,23,173,0,0,0,250,50,7,-2.48789049737388,0,0.692,0.0821428571428571,0.122010736944851,0.208621801575682,0,17.3,32.3
2020,REG+POST,00-0035289,G.Minshew,Gardner Minshew,QB,QB,"https://static.www.nfl.com/image/private/f_auto,q_auto/league/gvv8ki5crxio2rxfwzng",9,JAX,216,327,2259,16,5,27,147,4,4,2558,1016,117,18.5691817708002,1,0.883111806098514,0.101637251052412,29,153,1,1,0,10,7.62418702095173,0,1,1,0,0,0,0,-8,8,0,-0.719744556117803,0,0.0,0.0227272727272727,-0.0191846522781775,0.0206616524961849,0,159.66,160.66
2020,REG+POST,00-0035290,J.Johnson,Jaquan Johnson,FS,DB,"https://static.www.nfl.com/image/private/f_auto,q_auto/league/d83fqx8f4xboaay0iefs",1,BUF,1,1,13,0,0,0,0,0,0,10,3,1,3.11536745866761,0,1.3,,0,0,0,0,0,0,,0,0,0,0,0,0,0,0,0,0,,0,,,,,0,0.52,0.52
2020,REG+POST,00-0035291,T.Williams,Trayveon Williams,RB,RB,"https://static.www.nfl.com/image/private/f_auto,q_auto/league/lwyipowl19fmjrfm37nd",6,CIN,0,0,0,0,0,0,0,0,0,0,0,0,,0,,,26,157,0,1,1,5,-14.4367344992352,0,5,5,30,0,0,0,-11,41,1,-0.41158047382487,0,-2.72727272727273,0.0588235294117647,-0.0214424951267057,0.0732255475289531,0,16.7,21.7
2020,REG+POST,00-0035298,S.Miller,Scott Miller,WR,WR,"https://static.www.nfl.com/image/private/f_auto,q_auto/league/op0lagoypltubc9t61qu",18,TB,0,0,0,0,0,0,0,0,0,0,0,0,,0,,,5,19,0,0,0,0,-0.090546493884176,0,37,59,581,4,0,0,915,116,23,22.4103025037498,0,0.634972677595628,0.094551282051282,0.154534706975173,0.250001217959544,0,84.0,121.0
2020,REG+POST,00-0035304,C.Gillaspia,Cullen Gillaspia,FB,RB,"https://static.www.nfl.com/image/private/f_auto,q_auto/league/nalegoem45fmncudsllg",1,HOU,0,0,0,0,0,0,0,0,0,0,0,0,,0,,,0,0,0,0,0,0,,0,1,1,6,0,0,0,-2,8,0,-0.223516345722601,0,-3.0,0.037037037037037,-0.0070175438596491,0.0506432748538012,0,0.6,1.6
2020,REG+POST,00-0035310,C.Cox,Chandler Cox,FB,RB,"https://static.www.nfl.com/image/private/f_auto,q_auto/league/gfoujc315g6dzntlqxnc",2,MIA,0,0,0,0,0,0,0,0,0,0,0,0,,0,,,0,0,0,0,0,0,,0,2,2,9,0,0,0,2,7,1,0.543198565021157,0,4.5,0.0277777777777778,0.0075471698113207,0.0469496855345912,0,0.9,2.9
2020,REG+POST,00-0035311,M.Gaskin,Myles Gaskin,RB,RB,"https://static.www.nfl.com/image/private/f_auto,q_auto/league/ypsxp4e7apgqibr9edzy",10,MIA,0,0,0,0,0,0,0,0,0,0,0,0,,0,,,142,584,3,2,2,27,-24.411888719426,0,41,47,388,2,0,0,10,388,12,17.732159111077,0,38.8,0.134285714285714,0.004359197907585,0.204480009963881,0,123.2,164.2
2020,REG+POST,00-0035313,T.Godwin,Terry Godwin,WR,WR,"https://static.www.nfl.com/image/private/f_auto,q_auto/league/gjydumzkxelrd5rziupn",2,JAX,0,0,0,0,0,0,0,0,0,0,0,0,,0,,,1,3,0,0,0,0,-0.425910909660161,0,3,6,32,0,0,0,70,3,2,-2.03441148868296,0,0.457142857142857,0.0810810810810811,0.143737166324435,0.222237638048726,0,3.5,6.5
2020,REG+POST,00-0035327,C.Moore,C.J. Moore,FS,DB,"https://static.www.nfl.com/image/private/f_auto,q_auto/league/jsfetufrmzdqhxvwvcwq",1,DET,0,0,0,0,0,0,0,0,0,0,0,0,,0,,,1,3,0,0,0,0,-2.62905587709975,0,0,0,0,0,0,0,0,0,0,,0,,,,,0,0.3,0.3
2020,REG+POST,00-0035329,D.Parham,Donald Parham,TE,TE,"https://static.www.nfl.com/image/private/f_auto,q_auto/league/a0edaf5rlkyc6syfvonz",10,LAC,0,0,0,0,0,0,0,0,0,0,0,0,,0,,,0,0,0,0,0,0,,0,10,20,159,3,0,0,175,56,8,2.58079188247211,0,0.908571428571429,0.0540540540540541,0.0680139914496697,0.12869087509585,0,33.9,43.9
2020,REG+POST,00-0035341,T.Irwin,Trenton Irwin,WR,WR,"https://static.www.nfl.com/image/private/f_auto,q_auto/league/nx9e98gqxm1ov8z9rsn2",1,CIN,0,0,0,0,0,0,0,0,0,0,0,0,,0,,,0,0,0,0,0,0,,0,1,2,5,0,0,0,12,1,0,-0.8627662873182,0,0.416666666666667,0.0526315789473684,0.0364741641337386,0.10447928331467,0,0.5,1.5
2020,REG+POST,00-0035342,P.Laird,Patrick Laird,RB,RB,"https://static.www.nfl.com/image/private/f_auto,q_auto/league/lhildzn90os4dmucczjw",9,MIA,0,0,0,0,0,0,0,0,0,0,0,0,,0,,,13,72,0,1,1,4,-0.413907149864826,0,10,12,68,0,0,0,31,40,3,-0.196284119816322,0,2.19354838709677,0.051948051948052,0.0164543524416136,0.0894401246312074,0,12.0,22.0
2020,REG+POST,00-0035350,P.Williams,Preston Williams,WR,WR,"https://static.www.nfl.com/image/private/f_auto,q_auto/league/ycedbmymomppxkrh6gcc",8,MIA,0,0,0,0,0,0,0,0,0,0,0,0,,0,,,0,0,0,0,0,0,,0,18,35,288,4,0,0,508,42,14,4.10511067602333,2,0.566929133858268,0.142857142857143,0.269353128313892,0.402832904105439,0,56.8,74.8
2020,REG+POST,00-0035406,L.Humphrey,Lil'Jordan Humphrey,WR,WR,"https://static.www.nfl.com/image/private/f_auto,q_auto/league/r58pqj96qunak08kld9u",3,NO,0,0,0,0,0,0,0,0,0,0,0,0,,0,,,0,0,0,0,0,0,,0,4,6,60,1,0,0,56,21,4,0.819854466069955,0,1.07142857142857,0.0612244897959184,0.089171974522293,0.154257116859483,0,12.0,16.0
2020,REG+POST,00-0035414,J.Guyton,Jalen Guyton,WR,WR,"https://static.www.nfl.com/image/private/f_auto,q_auto/league/etdpyuyxbaplhm0pwiqz",16,LAC,0,0,0,0,0,0,0,0,0,0,0,0,,0,,,2,0,0,0,0,0,-1.48941343056504,0,28,55,511,3,0,0,895,179,18,8.43567884394222,0,0.570949720670391,0.0900163666121113,0.193054357204487,0.270162599961308,0,69.1,97.1
2020,REG+POST,00-0035457,T.Johnson,Tyron Johnson,WR,WR,"https://static.www.nfl.com/image/private/f_auto,q_auto/league/vrm7fxgx1p0cdabbo7ce",11,LAC,0,0,0,0,0,0,0,0,0,0,0,0,,0,,,3,17,0,0,0,0,0.287817000411451,0,20,26,398,3,0,0,534,59,15,29.3320425086131,0,0.745318352059925,0.0653266331658292,0.189160467587673,0.230402277060115,0,59.5,79.5
2020,REG+POST,00-0035480,M.Taylor,Malik Taylor,WR,WR,"https://static.www.nfl.com/image/private/f_auto,q_auto/league/aupsoxtxtpv4fmgs4ttp",6,GB,0,0,0,0,0,0,0,0,0,0,0,0,,0,,,1,9,0,0,0,0,0.734224672429264,0,5,6,66,1,0,0,40,47,4,7.33595439329548,0,1.65,0.0357142857142857,0.0272479564032698,0.0726449980537174,0,13.5,18.5
2020,REG+POST,00-0035510,J.Smith,Jeff Smith,WR,WR,"https://static.www.nfl.com/image/private/f_auto,q_auto/league/yfhldkiemkd3piauwjkt",8,NYJ,0,0,0,0,0,1,16,0,0,0,0,0,-1.92287705012131,0,,,0,0,0,0,0,0,,0,17,37,167,0,0,0,468,49,9,-10.7671008356954,0,0.356837606837607,0.154166666666667,0.198726114649682,0.370358280254777,0,16.7,33.7
2020,REG+POST,00-0035527,A.Isabella,Andy Isabella,WR,WR,"https://static.www.nfl.com/image/private/f_auto,q_auto/league/s3repurenhwlyxci2sqy",11,ARI,0,0,0,0,0,0,0,0,0,0,0,0,,0,,,1,-6,0,0,0,0,-1.80324888206087,0,21,35,224,2,0,0,394,82,10,-13.5530598750643,0,0.568527918781726,0.0956284153005464,0.131552587646077,0.235529434303073,0,33.8,54.8
2020,REG+POST,00-0035529,H.Butler,Hakeem Butler,WR,WR,"https://static.www.nfl.com/image/private/f_auto,q_auto/league/oghggusz6f5y52yoslzi",1,PHI,0,0,0,0,0,0,0,0,0,0,0,0,,0,,,0,0,0,0,0,0,,0,0,1,0,0,0,0,3,0,0,-2.63816357363248,0,0.0,0.024390243902439,0.008130081300813,0.0422764227642277,0,0.0,0.0
2020,REG+POST,00-0035535,D.Slayton,Darius Slayton,WR,WR,"https://static.www.nfl.com/image/private/f_auto,q_auto/league/emmy86blz71njkcr496b",16,NYG,0,0,0,0,0,0,0,0,0,0,0,0,,0,,,2,-1,0,0,0,0,-1.54063396161655,0,50,96,751,3,1,1,1303,159,40,16.8469437324464,0,0.576362240982348,0.192,0.333162873945283,0.521214011761698,0,91.0,141.0
2020,REG+POST,00-0035537,T.Johnson,Ty Johnson,RB,RB,"https://static.www.nfl.com/image/private/f_auto,q_auto/league/rnnicisnd8bqwheufiel",10,NYJ,0,0,0,0,0,0,0,0,0,0,0,0,,0,,,54,254,1,0,0,11,0.958975675719557,0,16,21,99,1,0,0,53,129,6,-3.10870548314415,0,1.86792452830189,0.0905172413793103,0.0264207377866401,0.154270378519614,0,47.3,63.3
2020,REG+POST,00-0035539,I.Nauta,Isaac Nauta,TE,TE,"https://static.www.nfl.com/image/private/f_auto,q_auto/league/nr3byepe2tjg8v8iot3z",2,DET,0,0,0,0,0,0,0,0,0,0,0,0,,0,,,0,0,0,0,0,0,,0,1,2,3,0,0,0,3,0,0,-1.46471591934096,0,1.0,0.03125,0.0087976539589442,0.053033357771261,0,0.3,1.3
2020,REG+POST,00-0035551,T.Brooks-James,Tony Brooks-James,RB,RB,"https://static.www.nfl.com/image/private/f_auto,q_auto/league/zn6yi45uu1wgpm8x08ph",1,ATL,0,0,0,0,0,0,0,0,0,0,0,0,,0,,,3,4,0,0,0,0,-2.39683015040453,0,0,0,0,0,0,0,0,0,0,,0,,,,,0,0.4,0.4
2020,REG+POST,00-0035567,C.Reynolds,Craig Reynolds,RB,RB,"https://static.www.nfl.com/image/private/f_auto,q_auto/league/xrtk4bhx2jacwojihzor",1,JAX,0,0,0,0,0,0,0,0,0,0,0,0,,0,,,1,4,0,0,0,0,-0.185123185045086,0,1,1,3,0,0,0,1,2,0,-1.13143861456774,0,3.0,0.0277777777777778,0.0039682539682539,0.0444444444444444,0,0.7,1.7
2020,REG+POST,00-0035590,R.Ridley,Riley Ridley,WR,WR,"https://static.www.nfl.com/image/private/f_auto,q_auto/league/r9fsvecapqc351xr2qie",3,CHI,0,0,0,0,0,0,0,0,0,0,0,0,,0,,,0,0,0,0,0,0,,0,6,6,75,0,0,0,54,21,5,7.1761073829839,0,1.38888888888889,0.0508474576271187,0.0568421052631579,0.116060660124889,0,7.5,13.5
2020,REG+POST,00-0035592,T.Fulgham,Travis Fulgham,WR,WR,"https://static.www.nfl.com/image/private/f_auto,q_auto/league/xe4kdnx9a9p9735nhwh5",12,PHI,0,0,0,0,0,0,0,0,0,0,0,0,,0,,,0,0,0,0,0,0,,0,38,67,539,4,0,0,803,100,26,23.9178906701793,0,0.671232876712329,0.16421568627451,0.210871848739496,0.393933823529412,0,77.9,115.9
2020,REG+POST,00-0035594,T.Homer,Travis Homer,RB,RB,"https://static.www.nfl.com/image/private/f_auto,q_auto/league/chcoxgzursdqznkyffxe",9,SEA,0,0,0,0,0,0,0,0,0,0,0,0,,0,,,25,88,0,0,0,2,-9.89134638613905,0,9,10,90,1,0,0,2,92,4,3.81341830283649,0,45.0,0.0552486187845304,0.0015936254980079,0.0839884660254012,0,23.8,32.8
2020,REG+POST,00-0035624,N.Harry,N'Keal Harry,WR,WR,"https://static.www.nfl.com/image/private/f_auto,q_auto/league/rtyhxwhkwczkl1g0pcin",13,NE,0,0,0,0,0,0,0,0,0,0,0,0,,0,,,2,0,0,0,0,0,-1.21479771495797,0,33,57,309,2,1,0,457,105,15,-5.77965451559985,0,0.676148796498906,0.164739884393064,0.189077368638808,0.379463984636761,0,42.9,75.9
2020,REG+POST,00-0035628,D.Johnson,D'Ernest Johnson,RB,RB,"https://static.www.nfl.com/image/private/f_auto,q_auto/league/zq7xfjee4nyktfky1ofe",8,CLE,0,0,0,0,0,0,0,0,0,0,0,0,,0,,,33,166,0,1,0,7,-2.16477092609414,0,3,4,14,0,0,0,0,12,0,-0.940128476591781,0,0.0,0.0330578512396694,0.0,0.0495867768595041,0,18.0,21.0
2020,REG+POST,00-0035631,D.Sample,Drew Sample,TE,TE,"https://static.www.nfl.com/image/private/f_auto,q_auto/league/tqvgozvbmckyaditwpbn",16,CIN,0,0,0,0,0,0,0,0,0,0,0,0,,0,,,0,0,0,0,0,0,,0,40,53,349,1,1,1,222,198,16,2.36305747169536,0,1.57207207207207,0.0936395759717314,0.0514007872192637,0.176439915011082,0,38.9,78.9
2020,REG+POST,00-0035632,A.Hooker,Amani Hooker,FS,DB,"https://static.www.nfl.com/image/private/f_auto,q_auto/league/ihyabq1tepmjvd3wibjd",1,TEN,0,0,0,0,0,0,0,0,0,0,0,0,,0,,,1,4,0,0,0,1,2.55193363316357,0,0,0,0,0,0,0,0,0,0,,0,,,,,0,0.4,0.4
2020,REG+POST,00-0035639,P.Campbell,Parris Campbell,WR,WR,"https://static.www.nfl.com/image/private/f_auto,q_auto/league/plnptpz1flhijayvb0qv",2,IND,0,0,0,0,0,0,0,0,0,0,0,0,,0,,,2,16,0,0,0,2,0.507388482335955,0,6,9,71,0,0,0,107,18,4,-0.544535634398926,0,0.663551401869159,0.195652173913043,0.370242214532872,0.552647811042576,0,8.7,14.7
2020,REG+POST,00-0035640,D.Metcalf,DK Metcalf,WR,WR,"https://static.www.nfl.com/image/private/f_auto,q_auto/league/u4cefcz7gjvby8c2kdkm",17,SEA,0,0,0,0,0,0,0,0,0,0,0,0,,0,,,0,0,0,0,0,0,,0,88,140,1399,12,1,0,1964,383,65,54.3213425746732,0,0.712321792260693,0.24866785079929,0.401718142769483,0.654204476137572,0,211.9,299.9
2020,REG+POST,00-0035644,N.Fant,Noah Fant,TE,TE,"https://static.www.nfl.com/image/private/f_auto,q_auto/league/w1gqasldrg3jumzdqjvy",14,DEN,0,0,0,0,0,0,0,0,0,0,0,0,,0,,,0,0,0,0,0,0,,0,62,93,673,3,0,0,626,377,34,10.5467879559658,1,1.07507987220447,0.192946058091286,0.144405997693195,0.390503285522166,0,87.3,149.3
2020,REG+POST,00-0035645,G.Olszewski,Gunner Olszewski,WR,WR,"https://static.www.nfl.com/image/private/f_auto,q_auto/league/asw7wncrfj1rzeknctpd",6,NE,0,0,0,0,0,0,0,0,0,0,0,0,,0,,,5,23,0,0,0,1,-1.40233505738433,0,5,5,62,1,0,0,27,35,3,6.97662608424434,0,2.2962962962963,0.0416666666666667,0.0295081967213115,0.083155737704918,1,20.5,25.5
2020,REG+POST,00-0035652,R.Finley,Ryan Finley,QB,QB,"https://static.www.nfl.com/image/private/f_auto,q_auto/league/vz8qctzxuap5nxbaw8ql",4,CIN,17,32,164,1,2,9,63,0,0,335,71,8,-24.1366241700348,0,0.48955223880597,0.0025280696604862,11,66,1,0,0,4,3.38065342295668,0,0,0,0,0,0,0,0,0,0,,0,,,,,0,19.16,19.16
2020,REG+POST,00-0035657,D.Harris,Damien Harris,RB,RB,"https://static.www.nfl.com/image/private/f_auto,q_auto/league/s0cagglk6qh9ciuddjmu",10,NE,0,0,0,0,0,0,0,0,0,0,0,0,,0,,,137,691,2,1,0,30,6.07422472213511,0,5,7,52,0,0,0,-3,55,4,-9.21737210388528,0,-17.3333333333333,0.0534351145038168,-0.0034129692832764,0.0777635932574317,0,86.3,91.3
2020,REG+POST,00-0035659,T.McLaurin,Terry McLaurin,WR,WR,"https://static.www.nfl.com/image/private/f_auto,q_auto/league/jpprw1itmmg5nhrdwony",16,WAS,0,0,0,0,0,0,0,0,0,0,0,0,,0,,,2,30,0,0,0,2,2.57896521675866,0,93,141,1193,4,1,1,1371,487,56,29.4484957465846,0,0.870167760758571,0.248677248677249,0.394987035436474,0.649506797821405,0,144.3,237.3
2020,REG+POST,00-0035660,K.Warring,Kahale Warring,TE,TE,"https://static.www.nfl.com/image/private/f_auto,q_auto/league/adrvlvekklnb2zratimi",4,HOU,0,0,0,0,0,0,0,0,0,0,0,0,,0,,,0,0,0,0,0,0,,0,3,7,35,0,0,0,58,8,2,-1.81111305537632,0,0.603448275862069,0.0534351145038168,0.0444444444444444,0.111263782866836,0,3.5,6.5
2020,REG+POST,00-0035662,M.Brown,Marquise Brown,WR,WR,"https://static.www.nfl.com/image/private/f_auto,q_auto/league/wgxeuyqliuweurzeigyh",18,BAL,0,0,0,0,0,0,0,0,0,0,0,0,,0,,,3,20,0,0,0,1,0.777895109495148,0,69,116,965,8,0,0,1554,328,42,37.7606991364855,0,0.620978120978121,0.257206208425721,0.395017793594306,0.662321768154595,0,146.5,215.5
2020,REG+POST,00-0035664,D.Henderson,Darrell Henderson,RB,RB,"https://static.www.nfl.com/image/private/f_auto,q_auto/league/trvk8n0wjne7edxbajgw",15,LA,0,0,0,0,0,0,0,0,0,0,0,0,,0,,,138,624,5,0,0,40,2.73733880816144,0,16,24,155,1,0,0,16,156,8,-0.728189529041971,0,9.6875,0.0607594936708861,0.007366482504604,0.096295778259552,0,113.9,129.9
2020,REG+POST,00-0035671,J.Sternberger,Jace Sternberger,TE,TE,"https://static.www.nfl.com/image/private/f_auto,q_auto/league/dhmgw6mercfkpyfh1mw8",8,GB,0,0,0,0,0,0,0,0,0,0,0,0,,0,,,0,0,0,0,0,0,,0,12,15,114,1,0,0,103,66,6,3.34202098084743,0,1.10679611650485,0.0561797752808989,0.0515257628814407,0.120337696938357,0,17.4,29.4
2020,REG+POST,00-0035676,A.Brown,A.J. Brown,WR,WR,"https://static.www.nfl.com/image/private/f_auto,q_auto/league/a014sgzctarbvhwb35lw",15,TEN,0,0,0,0,0,0,0,0,0,0,0,0,,0,,,0,0,0,0,0,0,,0,76,116,1158,12,2,1,1269,453,60,71.2802077576953,0,0.912529550827423,0.265446224256293,0.362571428571429,0.651969336384439,1,191.8,267.8
2020,REG+POST,00-0035685,D.Montgomery,David Montgomery,RB,RB,"https://static.www.nfl.com/image/private/f_auto,q_auto/league/grd20lxzonco9jyg3ful",16,CHI,0,0,0,0,0,0,0,0,0,0,0,0,,0,,,259,1101,8,0,0,61,-13.8086471887329,1,54,69,438,2,1,1,68,396,25,2.15644519413292,0,6.44117647058824,0.116161616161616,0.0142438206954336,0.184213098729228,0,213.9,267.9
2020,REG+POST,00-0035689,D.Knox,Dawson Knox,TE,TE,"https://static.www.nfl.com/image/private/f_auto,q_auto/league/objioqafpfrffs0ublne",14,BUF,0,0,0,0,0,0,0,0,0,0,0,0,,0,,,0,0,0,0,0,0,,0,34,57,353,5,2,2,401,205,20,5.34113798466455,0,0.880299251870324,0.107344632768362,0.086236559139785,0.221382540550392,0,61.3,95.3
2020,REG+POST,00-0035700,J.Jacobs,Josh Jacobs,RB,RB,"https://static.www.nfl.com/image/private/f_auto,q_auto/league/sagoqkubeaz5yht01ow7",15,LV,0,0,0,0,0,0,0,0,0,0,0,0,,0,,,273,1065,12,2,2,61,-33.041068762385,0,33,45,238,0,0,0,33,238,9,0.261280223505531,0,7.21212121212121,0.0943396226415094,0.0103286384976526,0.148739480910621,0,198.3,231.3
2020,REG+POST,00-0035703,M.Boykin,Miles Boykin,WR,WR,"https://static.www.nfl.com/image/private/f_auto,q_auto/league/khsjozu6q2xl8j6iq69x",15,BAL,0,0,0,0,0,0,0,0,0,0,0,0,,0,,,0,0,0,0,0,0,,0,22,38,286,4,0,0,437,85,14,8.31539072210731,0,0.654462242562929,0.102425876010782,0.134007973014413,0.247444395126261,0,52.6,74.6
2020,REG+POST,00-0035704,D.Lock,Drew Lock,QB,QB,"https://static.www.nfl.com/image/private/f_auto,q_auto/league/ca13jf9qaaosixobsdb0",13,DEN,254,443,2933,16,15,19,123,4,3,3908,1394,145,-33.7188746651063,1,0.750511770726714,0.0236088899503518,44,160,3,4,0,13,1.36221411917342,0,0,0,0,0,0,0,0,0,0,,0,,,,,0,181.32,181.32
2020,REG+POST,00-0035710,D.Jones,Daniel Jones,QB,QB,"https://static.www.nfl.com/image/private/f_auto,q_auto/league/zrhniboizqpxtdyz6gez",14,NYG,280,448,2943,11,10,45,286,8,4,3402,1114,158,-23.4806888791548,1,0.865079365079365,0.0348642183387168,65,423,1,3,2,17,-0.770125976849184,0,0,0,0,0,0,0,0,0,0,,0,,,,,0,180.02,180.02
2020,REG+POST,00-0035719,D.Samuel,Deebo Samuel,WR,WR,"https://static.www.nfl.com/image/private/f_auto,q_auto/league/ciwaktyqewczcquks4wy",7,SF,0,0,0,0,0,0,0,0,0,0,0,0,,0,,,8,26,0,0,0,1,-1.63054250802772,0,33,44,391,1,0,0,110,398,19,10.135529013467,0,3.55454545454545,0.213592233009709,0.0848765432098766,0.379801929761477,0,47.7,80.7
2020,REG+POST,00-0035726,J.Johnson,Jakob Johnson,FB,RB,"https://static.www.nfl.com/image/private/f_auto,q_auto/league/wkfev7wnnwphmdemhysa",7,NE,0,0,0,0,0,0,0,0,0,0,0,0,,0,,,0,0,0,0,0,0,,0,8,9,35,1,1,0,15,20,3,1.66421155721764,0,2.33333333333333,0.0473684210526316,0.0124069478908189,0.0797374951025206,0,9.5,17.5
2020,REG+POST,00-0035752,C.Streveler,Chris Streveler,QB,QB,"https://static.www.nfl.com/image/private/f_auto,q_auto/league/epyvfplm9neqqvzsj2q8",2,ARI,11,16,105,1,1,2,10,1,0,106,98,5,-13.4181053983921,0,0.990566037735849,0.0185483918056664,4,15,0,0,0,2,0.968356810684782,0,0,0,0,0,0,0,0,0,0,,0,,,,,0,7.7,7.7
2020,REG+POST,00-0035806,J.Hasty,Jamycal Hasty,RB,RB,"https://static.www.nfl.com/image/private/f_auto,q_auto/league/cny5zdqbqkimr4ypua1x",6,SF,0,0,0,0,0,0,0,0,0,0,0,0,,0,,,39,148,1,1,0,7,0.030205448740162,0,7,8,33,0,0,0,-19,47,0,-2.03875852545025,0,-1.73684210526316,0.0390243902439024,-0.0177570093457944,0.0461066788237976,0,24.1,31.1
2020,REG+POST,00-0035823,B.Ellefson,Ben Ellefson,TE,TE,"https://static.www.nfl.com/image/private/f_auto,q_auto/league/obeiese68connhihpmln",3,JAX,0,0,0,0,0,0,0,0,0,0,0,0,,0,,,0,0,0,0,0,0,,0,1,4,10,0,0,0,45,3,1,-3.18243761407211,1,0.222222222222222,0.0606060606060606,0.0677710843373494,0.138348849945235,0,3.0,4.0
2020,REG+POST,00-0035831,J.Robinson,James Robinson,RB,RB,"https://static.www.nfl.com/image/private/f_auto,q_auto/league/ljncffeh5fst4r98izx3",14,JAX,0,0,0,0,0,1,4,1,1,0,0,0,-4.40899270621594,0,,,240,1070,7,1,0,54,-13.3601101763779,1,49,60,344,3,1,0,-49,383,15,8.38715255563147,0,-7.02040816326531,0.117878192534381,-0.0116917203531377,0.168633084554375,0,201.4,250.4
2020,REG+POST,00-0035848,D.Harris,DeMichael Harris,WR,WR,"https://static.www.nfl.com/image/private/f_auto,q_auto/league/mrren8m5euy8x1amvqus",6,IND,0,0,0,0,0,0,0,0,0,0,0,0,,0,,,6,46,0,0,0,3,-0.636721824354027,0,10,10,79,0,0,0,16,63,3,4.22885628970107,0,4.9375,0.0512820512820513,0.0149953139643861,0.0874197966981472,0,12.5,22.5
2020,REG+POST,00-0035860,T.Jones,Tony Jones,RB,RB,"https://static.www.nfl.com/image/private/f_auto,q_auto/league/cgvll8lokulmws98olfa",1,NO,0,0,0,0,0,0,0,0,0,0,0,0,,0,,,3,13,0,0,0,1,0.428658375283703,0,0,0,0,0,0,0,0,0,0,,0,,,,,0,1.3,1.3
2020,REG+POST,00-0035864,K.Hinton,Kendall Hinton,WR,WR,"https://static.www.nfl.com/image/private/f_auto,q_auto/league/emvbhstqosvayr6dm2jp",1,DEN,1,9,13,0,2,1,1,0,0,134,16,1,-11.9305392210954,0,0.0970149253731343,-0.128962725029038,2,7,0,0,0,0,-1.40861896623392,0,0,0,0,0,0,0,0,0,0,,0,,,,,0,-2.78,-2.78
2020,REG+POST,00-0035869,A.Mack,Austin Mack,WR,WR,"https://static.www.nfl.com/image/private/f_auto,q_auto/league/qk5juh2luljb99zduv7w",5,NYG,0,0,0,0,0,0,0,0,0,0,0,0,,0,,,0,0,0,0,0,0,,0,7,11,91,0,0,0,91,37,5,4.93448755408392,0,1.0,0.0758620689655172,0.0760869565217391,0.167053973013493,0,9.1,16.1
2020,REG+POST,00-0035889,T.Townsend,Tommy Townsend,P,SPEC,"https://static.www.nfl.com/image/private/f_auto,q_auto/league/asclkymeaanhtmq8xk4m",1,KC,1,1,13,0,0,0,0,0,0,6,7,1,3.45301585749257,0,2.16666666666667,,0,0,0,0,0,0,,0,0,0,0,0,0,0,0,0,0,,0,,,,,0,0.52,0.52
2020,REG+POST,00-0035908,G.Nabers,Gabe Nabers,FB,RB,"https://static.www.nfl.com/image/private/f_auto,q_auto/league/dbxerjvfk8aqe26t0eny",8,LAC,0,0,0,0,0,0,0,0,0,0,0,0,,0,,,2,7,0,0,0,1,0.139693085802719,0,5,7,25,2,0,0,6,23,2,1.10549081642456,0,4.16666666666667,0.0286885245901639,0.003062787136294,0.0451767378806517,0,15.2,20.2
2020,REG+POST,00-0035912,L.Bellamy,LeVante Bellamy,RB,RB,"https://static.www.nfl.com/image/private/f_auto,q_auto/league/cp6swcvzcfe3zwpoymke",2,DEN,0,0,0,0,0,0,0,0,0,0,0,0,,0,,,4,11,0,0,0,0,-0.958870233269408,0,1,1,5,0,0,0,0,5,0,-0.856522758258507,0,0.0,0.0232558139534884,,,0,1.6,2.6
2020,REG+POST,00-0035924,J.Ward,Jonathan Ward,RB,RB,"https://static.www.nfl.com/image/private/f_auto,q_auto/league/ur55zjwwzascteb782vf",1,ARI,0,0,0,0,0,0,0,0,0,0,0,0,,0,,,0,0,0,0,0,0,,0,1,1,11,1,0,0,-4,15,1,2.20048037706874,0,-2.75,0.037037037037037,-0.0187793427230047,0.0424100156494523,0,7.1,8.1
2020,REG+POST,00-0035950,M.Hartsfield,Myles Hartsfield,FS,DB,"https://static.www.nfl.com/image/private/f_auto,q_auto/league/gk1w1temj96w6wmgyy5x",1,CAR,0,0,0,0,0,0,0,0,0,0,0,0,,0,,,2,2,0,0,0,0,-1.16238414519466,0,0,0,0,0,0,0,0,0,0,,0,,,,,0,0.2,0.2
2020,REG+POST,00-0035957,R.Smith,Rodney Smith,RB,RB,"https://static.www.nfl.com/image/private/f_auto,q_auto/league/xd2tfhcsbxeokt2bisun",7,CAR,0,0,0,0,0,0,0,0,0,0,0,0,,0,,,41,156,1,1,0,14,2.070764141361,0,9,11,59,0,0,0,16,46,1,-1.75732955808053,0,3.6875,0.0558375634517767,0.0126482213438735,0.0926101001183764,0,27.5,36.5
2020,REG+POST,00-0035993,T.Huntley,Tyler Huntley,QB,QB,"https://static.www.nfl.com/image/private/f_auto,q_auto/league/baup3eqjtmxnygrzbf61",3,BAL,9,18,75,0,0,1,8,1,0,178,31,3,-10.0615010686452,0,0.421348314606742,-0.0329457042940806,13,55,0,1,0,2,-5.05813207142637,0,0,0,0,0,0,0,0,0,0,,0,,,,,0,8.5,8.5
2020,REG+POST,00-0036000,A.Killins,Adrian Killins,RB,RB,"https://static.www.nfl.com/image/private/f_auto,q_auto/league/ip1zbhwbowhy8zkqzmng",1,PHI,0,0,0,0,0,0,0,0,0,0,0,0,,0,,,1,-12,0,0,0,0,-1.77500831196085,0,1,1,2,0,0,0,-4,6,0,-0.268913462059572,0,-0.5,0.0384615384615385,-0.0263157894736842,0.0392712550607287,0,-1.0,0.0
2020,REG+POST,00-0036005,N.Togiai,Noah Togiai,TE,TE,"https://static.www.nfl.com/image/private/f_auto,q_auto/league/evxzsdrwsxqg5jobzl0r",1,IND,0,0,0,0,0,0,0,0,0,0,0,0,,0,,,0,0,0,0,0,0,,0,0,1,0,0,0,0,3,0,0,-1.17798682348803,0,0.0,0.04,0.020979020979021,0.0746853146853147,0,0.0,0.0
2020,REG+POST,00-0036008,H.Bryant,Hunter Bryant,TE,TE,"https://static.www.nfl.com/image/private/f_auto,q_auto/league/agkex6nzvopiv5he5eqi",2,DET,0,0,0,0,0,0,0,0,0,0,0,0,,0,,,0,0,0,0,0,0,,0,1,3,44,0,0,0,67,12,1,1.65834529325366,0,0.656716417910448,0.0441176470588235,0.0841708542713568,0.125096068578185,0,4.4,5.4
2020,REG+POST,00-0036020,S.Ahmed,Salvon Ahmed,RB,RB,"https://static.www.nfl.com/image/private/f_auto,q_auto/league/ggkz2vamnepagqfn992j",6,MIA,0,0,0,0,0,0,0,0,0,0,0,0,,0,,,75,319,3,0,0,18,-2.73337946926564,0,11,14,61,0,0,0,-7,71,2,-3.23345935379621,1,-8.71428571428571,0.0782122905027933,-0.0052710843373494,0.113628676718045,0,58.0,69.0
2020,REG+POST,00-0036040,J.Johnson,Juwan Johnson,TE,TE,"https://static.www.nfl.com/image/private/f_auto,q_auto/league/kew8v8rgrtbefvnxpl0a",5,NO,0,0,0,0,0,0,0,0,0,0,0,0,,0,,,0,0,0,0,0,0,,0,4,10,39,0,0,0,73,20,3,-3.97536330513045,0,0.534246575342466,0.0595238095238095,0.0645446507515473,0.134466969811797,0,3.9,7.9
2020,REG+POST,00-0036069,S.Phillips,Scottie Phillips,RB,RB,"https://static.www.nfl.com/image/private/f_auto,q_auto/league/wa1jecqwos8s5mslgvqk",1,HOU,0,0,0,0,0,0,0,0,0,0,0,0,,0,,,2,9,0,0,0,0,-0.0085277389734983,0,1,1,7,0,0,0,3,4,0,0.603047332668211,0,2.33333333333333,0.0263157894736842,0.0102389078498294,0.0466409197054069,0,1.6,2.6
2020,REG+POST,00-0036096,J.Taylor,J.J. Taylor,RB,RB,"https://static.www.nfl.com/image/private/f_auto,q_auto/league/iscorpkxfwtgcmgvmaem",5,NE,0,0,0,0,0,0,0,0,0,0,0,0,,0,,,23,110,0,0,0,5,2.00400807667756,0,1,2,4,0,0,0,-7,8,0,-0.837349359178916,0,-0.571428571428571,0.0425531914893617,-0.0304347826086957,0.0425254394079556,0,11.4,12.4
2020,REG+POST,00-0036100,I.Zuber,Isaiah Zuber,WR,WR,"https://static.www.nfl.com/image/private/f_auto,q_auto/league/fnnnosvydm195mhksb4s",4,NE,0,0,0,0,0,0,0,0,0,0,0,0,,0,,,2,21,0,0,0,2,1.52422447892604,0,2,2,29,0,0,0,-1,30,1,1.06446036486886,0,0.0,0.04,-0.0035460992907801,0.0575177304964539,0,5.0,7.0
2020,REG+POST,00-0036110,J.Bradley,Ja'Marcus Bradley,WR,WR,"https://static.www.nfl.com/image/private/f_auto,q_auto/league/zt4nt4auwksfvxfclbwk",1,CLE,0,0,0,0,0,0,0,0,0,0,0,0,,0,,,0,0,0,0,0,0,,0,5,11,60,0,0,0,126,11,2,1.04283642699011,0,0.476190476190476,0.22,0.314214463840399,0.549950124688279,0,6.0,11.0
2020,REG+POST,00-0036133,J.Proche,James Proche,WR,WR,"https://static.www.nfl.com/image/private/f_auto,q_auto/league/atwsw7e4yg74tnl9pd4m",3,BAL,0,0,0,0,0,0,0,0,0,0,0,0,,0,,,0,0,0,0,0,0,,0,1,3,14,0,0,0,12,8,1,-11.3611218447331,0,1.16666666666667,0.0416666666666667,0.0190174326465927,0.0758122028526149,0,1.4,2.4
2020,REG+POST,00-0036139,R.Dowdle,Rico Dowdle,RB,RB,"https://static.www.nfl.com/image/private/f_auto,q_auto/league/h9zb1ebv4vg5436gmgsf",2,DAL,0,0,0,0,0,0,0,0,0,0,0,0,,0,,,7,24,0,0,0,1,-2.50756129290676,0,0,0,0,0,0,0,0,0,0,,0,,,,,0,2.4,2.4
2020,REG+POST,00-0036142,I.Wright,Isaiah Wright,WR,WR,"https://static.www.nfl.com/image/private/f_auto,q_auto/league/ndgmtw52eaxjpuyfue4m",12,WAS,0,1,0,0,0,0,0,0,0,-3,0,0,-0.559791103703901,0,0.0,,3,16,0,0,0,0,0.187445182935335,0,27,36,197,0,0,0,151,143,10,0.474412517899583,0,1.3046357615894,0.0754716981132076,0.0517123287671233,0.149406177306798,0,21.3,48.3
2020,REG+POST,00-0036145,L.Cager,Lawrence Cager,TE,TE,"https://static.www.nfl.com/image/private/f_auto,q_auto/league/cpp66fc1nu5bnbj5padq",2,NYJ,0,0,0,0,0,0,0,0,0,0,0,0,,0,,,0,0,0,0,0,0,,0,2,6,35,0,0,0,84,14,2,-13.1823312494089,0,0.416666666666667,0.0869565217391304,0.140233722871452,0.228598388618712,0,3.5,5.5
2020,REG+POST,00-0036158,J.Dobbins,J.K. Dobbins,RB,RB,"https://static.www.nfl.com/image/private/f_auto,q_auto/league/rbp5kcbx7xqlqwqjvfrw",17,BAL,0,0,0,0,0,0,0,0,0,0,0,0,,0,,,153,890,10,2,0,45,25.3015414677535,1,22,30,165,0,0,0,35,150,7,1.47904195505649,1,4.71428571428571,0.084985835694051,0.0121485595279417,0.135982745210636,0,169.5,191.5
2020,REG+POST,00-0036171,A.Brewer,Aaron Brewer,G,OL,"https://static.www.nfl.com/image/private/f_auto,q_auto/league/qvvejjzzq2qx7vcp74xs",1,TEN,0,0,0,0,0,0,0,0,0,0,0,0,,0,,,0,0,0,0,0,0,,0,0,1,0,0,0,0,3,0,0,-1.749491202645,0,0.0,0.0238095238095238,0.0068649885583524,0.0405197777051324,0,0.0,0.0
2020,REG+POST,00-0036182,N.Westbrook-Ikhine,Nick Westbrook-Ikhine,WR,WR,"https://static.www.nfl.com/image/private/f_auto,q_auto/league/orgr5wnkiabp4s03aqj3",9,TEN,0,0,0,0,0,0,0,0,0,0,0,0,,0,,,0,0,0,0,0,0,,0,5,10,50,0,0,0,97,7,4,-2.2762211515219,1,0.515463917525773,0.0452488687782805,0.053238199780461,0.105140043013744,0,7.0,12.0
2020,REG+POST,00-0036187,R.Gilliam,Reggie Gilliam,FB,RB,"https://static.www.nfl.com/image/private/f_auto,q_auto/league/rxvaq2aatizc3zgu6mpf",2,BUF,0,0,0,0,0,0,0,0,0,0,0,0,,0,,,0,0,0,0,0,0,,0,2,2,16,1,0,0,8,8,2,1.62533589854138,0,2.0,0.0263157894736842,0.0125588697017268,0.0482648930017351,0,7.6,9.6
2020,REG+POST,00-0036188,A.Williams,Antonio Williams,RB,RB,"https://static.www.nfl.com/image/private/f_auto,q_auto/league/lrv5bhws8lzbwqernv6s",1,BUF,0,0,0,0,0,0,0,0,0,0,0,0,,0,,,12,63,2,0,0,4,2.23197842366062,0,1,1,20,0,0,0,4,16,1,1.48158319439972,0,5.0,0.027027027027027,0.008714596949891,0.0466407584054643,0,20.3,21.3
2020,REG+POST,00-0036194,D.Asiasi,Devin Asiasi,TE,TE,"https://static.www.nfl.com/image/private/f_auto,q_auto/league/ag0lglz7kkq6d29iqxl8",4,NE,0,0,0,0,0,0,0,0,0,0,0,0,,0,,,0,0,0,0,0,0,,0,2,7,39,1,0,0,67,6,2,-2.91143363341689,0,0.582089552238806,0.0729166666666667,0.0925414364640884,0.174154005524862,0,9.9,11.9
2020,REG+POST,00-0036196,G.Davis,Gabe Davis,WR,WR,"https://static.www.nfl.com/image/private/f_auto,q_auto/league/q5ofnb6w7gokbggfmbxp",19,BUF,0,0,0,0,0,0,0,0,0,0,0,0,,0,,,1,0,0,0,0,0,-0.742758334381506,0,39,73,684,7,1,0,1117,131,31,13.9719188462841,0,0.612354521038496,0.106569343065693,0.185825985692896,0.289932204583568,0,110.4,149.4
2020,REG+POST,00-0036208,A.Pierce,Artavis Pierce,RB,RB,"https://static.www.nfl.com/image/private/f_auto,q_auto/league/yyb62mnfyphbutq3hpy7",3,CHI,0,0,0,0,0,0,0,0,0,0,0,0,,0,,,6,34,1,0,0,2,0.587064654100686,0,0,0,0,0,0,0,0,0,0,,0,,,,,0,9.4,9.4
2020,REG+POST,00-0036212,T.Tagovailoa,Tua Tagovailoa,QB,QB,"https://static.www.nfl.com/image/private/f_auto,q_auto/league/dyrrl1knhcxqjwuvhcwm",10,MIA,186,290,1814,11,5,20,136,1,1,2175,766,100,-13.5101892468848,1,0.834022988505747,0.0545885289889802,36,109,3,0,0,13,2.23704038801952,0,0,0,0,0,0,0,0,0,0,,0,,,,,0,135.46,135.46
2020,REG+POST,00-0036219,M.Callaway,Marquez Callaway,WR,WR,"https://static.www.nfl.com/image/private/f_auto,q_auto/league/qawwd0bzkayojoios5rh",7,NO,0,0,0,0,0,0,0,0,0,0,0,0,,0,,,0,0,0,0,0,0,,0,21,29,213,0,0,0,226,58,10,9.52615918387837,0,0.942477876106195,0.124463519313305,0.164005805515239,0.301499342830625,0,21.3,42.3
2020,REG+POST,00-0036222,I.Rodgers,Isaiah Rodgers,CB,DB,"https://static.www.nfl.com/image/upload/f_auto,q_auto/league/uvhbvswoyc0d8stga7ji",1,IND,0,0,0,0,0,0,0,0,0,0,0,0,,0,,,0,0,0,0,0,0,,0,0,0,0,0,0,0,0,0,0,,0,,,,,1,6.0,6.0
2020,REG+POST,00-0036223,J.Taylor,Jonathan Taylor,RB,RB,"https://static.www.nfl.com/image/private/f_auto,q_auto/league/xt7jhqpyb4may7k5kedb",16,IND,0,0,0,0,0,0,0,0,0,0,0,0,,0,,,253,1247,12,1,1,76,12.1704420549843,0,38,43,305,1,0,0,-54,376,13,11.8218091936096,0,-5.64814814814815,0.0856573705179283,-0.0170347003154574,0.116561765556072,0,231.2,269.2
2020,REG+POST,00-0036225,D.Keene,Dalton Keene,TE,TE,"https://static.www.nfl.com/image/private/f_auto,q_auto/league/x1iwttpak1vva5enthfc",3,NE,0,0,0,0,0,0,0,0,0,0,0,0,,0,,,0,0,0,0,0,0,,0,3,5,16,0,1,0,44,1,0,-1.67830724961829,0,0.363636363636364,0.0649350649350649,0.0726072607260726,0.148227679910848,0,1.6,4.6
2020,REG+POST,00-0036232,H.Bryant,Harrison Bryant,TE,TE,"https://static.www.nfl.com/image/private/f_auto,q_auto/league/rqva2z0by1veklpxnzis",13,CLE,0,0,0,0,0,0,0,0,0,0,0,0,,0,,,0,0,0,0,0,0,,0,24,39,238,3,2,2,306,117,14,-10.6600335696381,0,0.777777777777778,0.0960591133004926,0.0910714285714286,0.207838669950739,0,37.8,61.8
2020,REG+POST,00-0036233,D.Peoples-Jones,Donovan Peoples-Jones,WR,WR,"https://static.www.nfl.com/image/upload/f_auto,q_auto/league/ffxbk2amwghaamfpjbmf",9,CLE,0,0,0,0,0,0,0,0,0,0,0,0,,0,,,0,0,0,0,0,0,,0,16,23,335,2,0,0,382,79,11,20.4323275025818,1,0.87696335078534,0.0842490842490843,0.183389342294767,0.254746165979963,0,47.5,63.5
2020,REG+POST,00-0036244,C.Parkinson,Colby Parkinson,TE,TE,"https://static.www.nfl.com/image/private/f_auto,q_auto/league/s76r1d343ld1a3jxhh3g",1,SEA,0,0,0,0,0,0,0,0,0,0,0,0,,0,,,0,0,0,0,0,0,,0,2,2,16,0,0,0,11,5,2,2.42082527274033,0,1.45454545454545,0.0625,0.0484581497797357,0.127670704845815,0,1.6,3.6
2020,REG+POST,00-0036245,M.Perry,Malcolm Perry,RB,RB,"https://static.www.nfl.com/image/private/f_auto,q_auto/league/eni8pcqq0hvcat9cvirr",8,MIA,0,0,0,0,0,0,0,0,0,0,0,0,,0,,,3,5,0,0,0,1,-0.933582543919329,0,9,13,92,1,0,0,114,33,4,5.15808683988871,0,0.807017543859649,0.0513833992094862,0.0540028422548555,0.114877088392628,0,15.7,24.7
2020,REG+POST,00-0036247,F.Swain,Freddie Swain,WR,WR,"https://static.www.nfl.com/image/private/f_auto,q_auto/league/paillx42r0zfukevnrw6",13,SEA,0,0,0,0,0,0,0,0,0,0,0,0,,0,,,0,0,0,0,0,0,,0,14,22,187,2,0,0,253,101,7,7.41466496790221,0,0.739130434782609,0.0498866213151927,0.0643929753117842,0.119905014691038,0,30.7,44.7
2020,REG+POST,00-0036250,T.Davis,Tyler Davis,TE,TE,"https://static.www.nfl.com/image/private/f_auto,q_auto/league/v8s9gur5bhkbka624x0n",1,JAX,0,0,0,0,0,0,0,0,0,0,0,0,,0,,,0,0,0,0,0,0,,0,0,2,0,0,0,0,27,0,0,-1.70641790883383,0,0.0,0.0454545454545455,0.0647482014388489,0.113505559189012,0,0.0,0.0
2020,REG+POST,00-0036251,Z.Moss,Zack Moss,RB,RB,"https://static.www.nfl.com/image/private/f_auto,q_auto/league/ds6hvcx6s1vqihnaumm9",14,BUF,0,0,0,0,0,0,0,0,0,0,0,0,,0,,,119,502,4,0,0,30,-9.81817648058117,0,18,22,121,1,0,0,40,105,7,2.52100910321281,0,3.025,0.0551378446115288,0.0131406044678055,0.0919051900447571,0,92.3,110.3
2020,REG+POST,00-0036252,M.Pittman,Michael Pittman,WR,WR,"https://static.www.nfl.com/image/private/f_auto,q_auto/league/wnymcombo2plamteihiy",14,IND,0,0,0,0,0,0,0,0,0,0,0,0,,0,,,4,37,0,0,0,2,2.22446916630724,0,45,71,593,1,1,0,576,347,25,21.9344853704969,0,1.02951388888889,0.149159663865546,0.168568920105356,0.341737739872068,0,69.0,114.0
2020,REG+POST,00-0036254,C.Johnson,Collin Johnson,WR,WR,"https://static.www.nfl.com/image/private/f_auto,q_auto/league/qrdshoxhulfgktsyghxg",10,JAX,0,0,0,0,0,0,0,0,0,0,0,0,,0,,,0,0,0,0,0,0,,0,18,31,272,2,0,0,375,65,12,11.055504588905,1,0.725333333333333,0.0856353591160221,0.125460020073603,0.216275052725555,0,41.2,59.2
2020,REG+POST,00-0036255,D.Mims,Denzel Mims,WR,WR,"https://static.www.nfl.com/image/private/f_auto,q_auto/league/vxqhwwsx0ngjupeajnpm",9,NYJ,0,0,0,0,0,0,0,0,0,0,0,0,,0,,,0,0,0,0,0,0,,0,23,44,357,0,0,0,675,106,15,3.65885474043621,1,0.528888888888889,0.186440677966102,0.317796610169492,0.502118644067797,0,37.7,60.7
2020,REG+POST,00-0036261,B.Aiyuk,Brandon Aiyuk,WR,WR,"https://static.www.nfl.com/image/private/f_auto,q_auto/league/mprcyhqhfgzi57ebelbz",12,SF,0,0,0,0,0,0,0,0,0,0,0,0,,0,,,6,77,2,0,0,3,7.37128663551994,0,60,96,748,5,0,0,902,289,42,24.3009002121521,0,0.829268292682927,0.229116945107399,0.319066147859922,0.567021721163043,0,124.5,184.5
2020,REG+POST,00-0036265,A.Dillon,A.J. Dillon,RB,RB,"https://static.www.nfl.com/image/private/f_auto,q_auto/league/dydcqdx4leta4rudagkq",11,GB,0,0,0,0,0,0,0,0,0,0,0,0,,0,,,55,286,2,1,0,12,9.84304396802327,0,3,3,34,0,0,0,7,27,2,2.53513308480615,0,4.85714285714286,0.0277777777777778,0.0087390761548064,0.0477840199750312,0,44.0,47.0
2020,REG+POST,00-0036268,L.Shenault,Laviska Shenault,WR,WR,"https://static.www.nfl.com/image/private/f_auto,q_auto/league/yohlrvcnnibrtfsc15t5",14,JAX,0,0,0,0,0,0,0,0,0,0,0,0,,0,,,18,91,0,0,0,6,1.07127823738847,0,58,79,600,5,0,0,493,298,33,19.7959088591633,0,1.21703853955375,0.152509652509653,0.116328456819254,0.310194398537957,0,99.1,157.1
2020,REG+POST,00-0036269,L.Perine,La'Mical Perine,RB,RB,"https://static.www.nfl.com/image/private/f_auto,q_auto/league/sx35kyi49svmfb3hmwww",9,NYJ,0,0,0,0,0,0,0,0,0,0,0,0,,0,,,64,232,2,0,0,18,-10.0308241259772,0,11,15,63,0,0,0,26,67,3,0.784397366341252,0,2.42307692307692,0.077319587628866,0.0175675675675676,0.128276678740596,0,41.5,52.5
2020,REG+POST,00-0036271,Q.Watkins,Quez Watkins,WR,WR,"https://static.www.nfl.com/image/private/f_auto,q_auto/league/lmulzdtlnoaldqrb2kit",4,PHI,0,0,0,0,0,0,0,0,0,0,0,0,,0,,,0,0,0,0,0,0,,0,7,13,106,1,0,0,123,58,4,1.83596987440251,0,0.861788617886179,0.10077519379845,0.110711071107111,0.228660540472652,0,16.6,23.6
2020,REG+POST,00-0036275,D.Swift,D'Andre Swift,RB,RB,"https://static.www.nfl.com/image/private/f_auto,q_auto/league/qehlr75ike82kyxy8j9a",13,DET,0,0,0,0,0,0,0,0,0,0,0,0,,0,,,114,521,8,2,2,31,-6.10210014448967,0,46,57,357,2,1,0,50,351,15,9.37917942011737,0,7.14,0.12751677852349,0.0130039011703511,0.200377898604481,0,143.8,189.8
2020,REG+POST,00-0036277,Q.Cephus,Quintez Cephus,WR,WR,"https://static.www.nfl.com/image/private/f_auto,q_auto/league/uzgkdl4kf200rcr5pdl2",11,DET,0,0,0,0,0,0,0,0,0,0,0,0,,0,,,0,0,0,0,0,0,,0,20,35,349,2,0,0,509,85,16,15.8829992325979,0,0.68565815324165,0.0879396984924623,0.151443022909848,0.237919663775587,0,46.9,66.9
2020,REG+POST,00-0036278,J.Huntley,Jason Huntley,RB,RB,"https://static.www.nfl.com/image/private/f_auto,q_auto/league/gbnyqxaymlji05bnflc5",3,PHI,0,0,0,0,0,0,0,0,0,0,0,0,,0,,,5,19,0,0,0,1,1.00095318804961,0,1,2,0,0,0,0,-1,1,0,-1.34597471775487,0,0.0,0.0285714285714286,-0.0039682539682539,0.0400793650793651,0,1.9,2.9
2020,REG+POST,00-0036290,C.Kmet,Cole Kmet,TE,TE,"https://static.www.nfl.com/image/private/f_auto,q_auto/league/ruq1ttpmssyydj0hxwfn",14,CHI,0,0,0,0,0,0,0,0,0,0,0,0,,0,,,1,-3,0,0,0,0,-1.02273377482197,0,31,48,259,2,1,1,289,151,12,-2.13548333198785,0,0.896193771626298,0.0989690721649485,0.0751430057202288,0.201053712251583,0,35.6,66.6
2020,REG+POST,00-0036293,J.Chinn,Jeremy Chinn,FS,DB,"https://static.www.nfl.com/image/private/f_auto,q_auto/league/cprdyn2zwl8shwega3gh",2,CAR,0,0,0,0,0,0,0,0,0,0,0,0,,0,,,2,29,0,0,0,1,1.56232219433878,0,0,0,0,0,0,0,0,0,0,,0,,,,,0,2.9,2.9
2020,REG+POST,00-0036297,D.Evans,Darrynton Evans,RB,RB,"https://static.www.nfl.com/image/private/f_auto,q_auto/league/tidqje1qgfqwyiyk3wgz",5,TEN,0,0,0,0,0,0,0,0,0,0,0,0,,0,,,15,55,0,0,0,2,-1.36780832053046,0,2,4,27,1,0,0,-2,29,2,3.50919326749863,0,-13.5,0.0784313725490196,-0.0088495575221238,0.111452368558043,0,14.2,16.2
2020,REG+POST,00-0036306,D.Thomas,Daniel Thomas,SS,DB,"https://static.www.nfl.com/image/private/f_auto,q_auto/league/knizsywgcccuiizocjkw",1,JAX,0,0,0,0,0,0,0,0,0,0,0,0,,0,,,0,0,0,0,0,0,,0,0,0,0,0,0,0,0,0,0,,0,,,,,1,6.0,6.0
2020,REG+POST,00-0036309,D.Mooney,Darnell Mooney,WR,WR,"https://static.www.nfl.com/image/private/f_auto,q_auto/league/hjileqykzauyoeqovatm",16,CHI,0,0,0,0,0,0,0,0,0,0,0,0,,0,,,4,20,0,0,0,1,0.149975444073789,0,61,98,631,4,1,0,1128,254,33,10.0365690786482,1,0.559397163120567,0.164429530201342,0.237673830594185,0.413015976717943,0,91.1,152.1
2020,REG+POST,00-0036312,J.Luton,Jake Luton,QB,QB,"https://static.www.nfl.com/image/private/f_auto,q_auto/league/krvobstakocdgp3puv0g",3,JAX,60,110,624,2,6,7,52,2,0,876,275,31,-35.1810850870517,0,0.712328767123288,-0.030229959147867,1,13,1,0,0,1,2.30460903738276,0,0,0,0,0,0,0,0,0,0,,0,,,,,0,28.26,28.26
2020,REG+POST,00-0036320,J.Charlton,Joseph Charlton,P,SPEC,"https://static.www.nfl.com/image/private/f_auto,q_auto/league/ekullk7pi9dtavlbvdcw",2,CAR,1,1,28,0,0,1,5,0,0,18,10,1,1.45792213222012,0,1.55555555555556,,0,0,0,0,0,0,,0,0,0,0,0,0,0,0,0,0,,0,,,,,0,1.12,1.12
2020,REG+POST,00-0036322,J.Jefferson,Justin Jefferson,WR,WR,"https://static.www.nfl.com/image/private/f_auto,q_auto/league/zdstmm4sloqnichybgja",16,MIN,0,0,0,0,0,0,0,0,0,0,0,0,,0,,,1,2,0,0,0,0,-0.560423414222896,0,88,125,1400,7,1,0,1430,453,58,65.025975127861,2,0.979020979020979,0.257731958762887,0.368651714359371,0.64465413819589,0,186.2,274.2
2020,REG+POST,00-0036326,C.Claypool,Chase Claypool,WR,WR,"https://static.www.nfl.com/image/upload/f_auto,q_auto/league/hpgllfzaanonbfxweq9z",17,PIT,0,0,0,0,0,0,0,0,0,0,0,0,,0,,,10,16,2,0,0,4,-0.160233809438068,0,67,116,932,11,3,1,1509,342,44,51.6758932077266,0,0.617627567925779,0.161111111111111,0.290359822974793,0.444918542749022,0,170.8,237.8
2020,REG+POST,00-0036328,A.Gibson,Antonio Gibson,RB,RB,"https://static.www.nfl.com/image/private/f_auto,q_auto/league/c5aij3m4bakia6ygjqux",15,WAS,0,0,0,0,0,0,0,0,0,0,0,0,,0,,,184,826,11,0,0,42,1.33211371549987,0,38,47,251,0,2,2,-36,310,9,-8.14314157917397,0,-6.97222222222222,0.0963114754098361,-0.0132743362831858,0.135175177716524,0,169.7,207.7
2020,REG+POST,00-0036331,D.Duvernay,Devin Duvernay,WR,WR,"https://static.www.nfl.com/image/private/f_auto,q_auto/league/hmftubhkmwgqmi5x8scq",14,BAL,0,0,0,0,0,0,0,0,0,0,0,0,,0,,,4,70,0,0,0,3,5.02302681986475,0,20,26,201,0,0,0,161,118,8,4.22589764228906,0,1.24844720496894,0.0802469135802469,0.0562937062937063,0.159775964775965,1,33.1,53.1
2020,REG+POST,00-0036332,J.Deguara,Josiah Deguara,TE,TE,"https://static.www.nfl.com/image/private/f_auto,q_auto/league/ytgijlfni4cyqs0zozhz",1,GB,0,0,0,0,0,0,0,0,0,0,0,0,,0,,,0,0,0,0,0,0,,0,1,2,12,0,0,0,24,11,1,0.439675151952542,0,0.5,0.0487804878048781,0.0626631853785901,0.11703496147233,0,1.2,2.2
2020,REG+POST,00-0036336,A.McFarland,Anthony McFarland,RB,RB,"https://static.www.nfl.com/image/private/f_auto,q_auto/league/dwt64mh92t2qztepvswo",11,PIT,0,0,0,0,0,0,0,0,0,0,0,0,,0,,,33,113,0,0,0,4,-5.06127191730775,0,6,9,54,0,0,0,23,47,1,-1.90329674357781,0,2.34782608695652,0.0306122448979592,0.0116810563737938,0.0540951068085944,0,16.7,22.7
2020,REG+POST,00-0036340,A.Gandy-Golden,Antonio Gandy-Golden,WR,WR,"https://static.www.nfl.com/image/private/f_auto,q_auto/league/cudxhx7a5uqtedmlwtvg",4,WAS,0,0,0,0,0,0,0,0,0,0,0,0,,0,,,1,22,0,0,0,1,2.06164907338098,0,1,7,3,0,0,0,79,1,0,-6.31225009047194,0,0.0379746835443038,0.0448717948717949,0.063301282051282,0.11161858974359,0,2.5,3.5
2020,REG+POST,00-0036355,J.Herbert,Justin Herbert,QB,QB,"https://static.www.nfl.com/image/private/f_auto,q_auto/league/fwjdvww4dv36k8tvsws6",15,LAC,396,595,4336,31,10,32,218,4,1,4368,2220,216,89.5152372134553,2,0.992673992673993,0.110209864958019,55,234,5,4,0,20,0.664679231937043,0,0,0,0,0,0,0,0,0,0,,0,,,,,0,332.84,332.84
2020,REG+POST,00-0036357,H.Ruggs,Henry Ruggs,WR,WR,"https://static.www.nfl.com/image/private/f_auto,q_auto/league/i8oezzdcas0hd9ap8cfp",13,LV,0,0,0,0,0,0,0,0,0,0,0,0,,0,,,9,49,0,1,1,3,-4.58732468466042,0,26,43,452,2,1,1,748,145,13,13.2694477112618,0,0.60427807486631,0.102870813397129,0.223150357995227,0.310511470692353,0,58.1,84.1
2020,REG+POST,00-0036358,C.Lamb,CeeDee Lamb,WR,WR,"https://static.www.nfl.com/image/private/f_auto,q_auto/league/cqygs9e4ynnjdxstdfjq",16,DAL,0,0,0,0,0,1,4,0,0,0,0,0,-1.23705988423899,0,,,10,82,1,0,0,4,7.50115330992485,1,74,111,935,5,1,1,1031,311,46,16.4246229424676,0,0.906886517943744,0.179902755267423,0.226195699868363,0.428191122808989,1,143.7,217.7
2020,REG+POST,00-0036360,C.Edwards-Helaire,Clyde Edwards-Helaire,RB,RB,"https://static.www.nfl.com/image/private/f_auto,q_auto/league/ki0pdedjayv47nec4lh1",15,KC,0,0,0,0,0,0,0,0,0,0,0,0,,0,,,196,874,5,0,0,45,-8.33682762506711,0,39,59,320,1,0,0,49,319,13,0.405300534771693,0,6.53061224489796,0.101374570446735,0.010445534001279,0.159373729470998,0,155.4,194.4
2020,REG+POST,00-0036364,L.Bowden,Lynn Bowden,WR,WR,"https://static.www.nfl.com/image/private/f_auto,q_auto/league/nrvwudvuqxpmiegmjzdu",9,MIA,1,2,32,0,0,0,0,0,0,17,34,1,1.85067339753732,0,1.88235294117647,,9,32,0,0,0,3,0.589621784514748,0,28,37,211,0,0,0,185,112,13,-6.99699056598056,0,1.14054054054054,0.128919860627178,0.087594696969697,0.254696078819554,0,25.58,53.58
2020,REG+POST,00-0036365,B.Edwards,Bryan Edwards,WR,WR,"https://static.www.nfl.com/image/private/f_auto,q_auto/league/hgluubcedtu0vmxjxrcf",9,LV,0,0,0,0,0,0,0,0,0,0,0,0,,0,,,0,0,0,0,0,0,,0,11,15,193,1,0,0,127,80,9,11.8323627859508,0,1.51968503937008,0.0511945392491468,0.0508203281312525,0.112366038565597,0,25.3,36.3
2020,REG+POST,00-0036370,J.Kelley,Joshua Kelley,RB,RB,"https://static.www.nfl.com/image/private/f_auto,q_auto/league/fsu6gqcltgnofaakmq6u",13,LAC,0,0,0,0,0,0,0,0,0,0,0,0,,0,,,111,354,2,2,2,20,-30.1350352419878,0,23,23,148,0,0,0,-25,173,9,6.29067364073126,0,-5.92,0.0638888888888889,-0.0091508052708638,0.0894277696437287,0,58.2,81.2
2020,REG+POST,00-0036377,J.Reed,Joe Reed,WR,WR,"https://static.www.nfl.com/image/private/f_auto,q_auto/league/fa4giqm0tlvowg979etj",3,LAC,0,0,0,0,0,0,0,0,0,0,0,0,,0,,,5,29,1,0,0,1,0.22680482493347,0,0,1,0,0,0,0,-9,0,0,-0.931210777256638,0,0.0,0.024390243902439,-0.029126213592233,0.0161970163390954,0,8.9,8.9
2020,REG+POST,00-0036382,K.Hill,K.J. Hill,WR,WR,"https://static.www.nfl.com/image/private/f_auto,q_auto/league/qd5p8nkgawauikftmkij",5,LAC,0,0,0,0,0,0,0,0,0,0,0,0,,0,,,0,0,0,0,0,0,,0,7,11,73,0,0,0,79,18,2,0.0636240232270211,0,0.924050632911392,0.0528846153846154,0.057960381511372,0.119899190134883,0,7.3,14.3
2020,REG+POST,00-0036384,B.DiNucci,Ben DiNucci,QB,QB,"https://static.www.nfl.com/image/private/f_auto,q_auto/league/o1gjqpevru8k8d98y2qn",2,DAL,23,43,219,0,0,7,73,3,2,349,134,11,-27.5776076356174,0,0.627507163323782,-0.0224104078576488,6,22,0,1,0,2,0.516286611091346,0,0,0,0,0,0,0,0,0,0,,0,,,,,0,6.96,6.96
2020,REG+POST,00-0036386,A.Thomas,Andrew Thomas,T,OL,"https://static.www.nfl.com/image/private/f_auto,q_auto/league/eehosdvlvbqm796gczaq",1,NYG,0,0,0,0,0,0,0,0,0,0,0,0,,0,,,0,0,0,0,0,0,,0,0,0,0,0,0,0,0,0,0,,1,,,,,0,2.0,2.0
2020,REG+POST,00-0036387,J.Reagor,Jalen Reagor,WR,WR,"https://static.www.nfl.com/image/private/f_auto,q_auto/league/tei81ifva2dy9os89aat",11,PHI,0,0,0,0,0,0,0,0,0,0,0,0,,0,,,4,26,0,0,0,2,0.426391692191828,0,31,54,396,1,0,0,705,173,19,2.74848724858878,1,0.561702127659575,0.144,0.208579881656805,0.362005917159763,1,56.2,87.2
2020,REG+POST,00-0036389,J.Hurts,Jalen Hurts,QB,QB,"https://static.www.nfl.com/image/private/f_auto,q_auto/league/aityegmlyh53aifbssbp",14,PHI,77,148,1061,6,4,13,59,3,0,1353,468,45,-4.62117417705053,0,0.784183296378418,0.0197777856936763,63,354,3,6,2,25,2.77872922984534,0,1,1,3,0,0,0,-6,9,0,-0.17026706028264,0,0.0,0.0256410256410256,-0.0164835164835165,0.0269230769230769,0,108.14,109.14
2020,REG+POST,00-0036398,J.Hightower,John Hightower,WR,WR,"https://static.www.nfl.com/image/private/f_auto,q_auto/league/ov8vehr0hojqxls6q7wr",10,PHI,0,0,0,0,0,0,0,0,0,0,0,0,,0,,,1,1,0,0,0,0,-0.556479431223124,0,10,29,167,0,0,0,655,57,5,-9.54954573779833,1,0.254961832061069,0.0828571428571429,0.196460707858428,0.261808209786614,0,18.8,28.8
2020,REG+POST,00-0036407,J.Jeudy,Jerry Jeudy,WR,WR,"https://static.www.nfl.com/image/private/f_auto,q_auto/league/f0jdlnl6wy63qx4oeyzi",16,DEN,0,0,0,0,0,0,0,0,0,0,0,0,,0,,,0,0,0,0,0,0,,0,52,113,856,3,2,0,1529,284,39,-0.782095709989199,1,0.559843034663179,0.212007504690432,0.312295751633987,0.536618283179438,0,105.6,157.6
2020,REG+POST,00-0036410,T.Higgins,Tee Higgins,WR,WR,"https://static.www.nfl.com/image/private/f_auto,q_auto/league/fkpf9urirrkqkln7d2n9",15,CIN,0,0,0,0,0,0,0,0,0,0,0,0,,0,,,5,28,0,0,0,1,1.01169956626836,0,67,108,908,6,1,1,1241,310,52,52.8784775824326,0,0.731668009669621,0.203389830508475,0.298245614035088,0.513856675587273,0,127.6,194.6
2020,REG+POST,00-0036412,K.Hamler,K.J. Hamler,WR,WR,"https://static.www.nfl.com/image/private/f_auto,q_auto/league/t3lqvv3d2tn6syqqtrat",12,DEN,0,0,0,0,0,0,0,0,0,0,0,0,,0,,,9,40,0,0,0,2,-1.2075425457421,0,30,56,381,3,1,0,595,124,17,0.164130160546386,0,0.640336134453782,0.156424581005587,0.196369636963696,0.372095617382967,0,60.1,90.1
2020,REG+POST,00-0036414,C.Akers,Cam Akers,RB,RB,"https://static.www.nfl.com/image/upload/f_auto,q_auto/league/q0soq6iusid0dczf94gf",13,LA,0,0,0,0,0,0,0,0,0,0,0,0,,0,,,191,846,4,1,1,39,-27.136500113651,0,14,17,174,1,0,0,67,134,5,6.80051714351763,1,2.59701492537313,0.0532915360501567,0.0345895715023232,0.104150004126861,0,132.0,146.0
2020,REG+POST,00-0036415,V.Jefferson,Van Jefferson,WR,WR,"https://static.www.nfl.com/image/upload/f_auto,q_auto/league/p7ymrzyadwaonjx8rsn0",14,LA,0,0,0,0,0,0,0,0,0,0,0,0,,0,,,1,-1,0,0,0,0,-0.773388436995447,0,25,38,266,2,0,0,387,56,14,5.46575736278214,0,0.68733850129199,0.0752475247524752,0.112076455256299,0.191324805808122,0,38.5,63.5
2020,REG+POST,00-0036422,A.Trautman,Adam Trautman,TE,TE,"https://static.www.nfl.com/image/private/f_auto,q_auto/league/zdzicjvlqk43ssjhupwy",11,NO,0,0,0,0,0,0,0,0,0,0,0,0,,0,,,0,0,0,0,0,0,,0,16,19,175,1,0,0,70,120,9,13.2037356162036,0,2.5,0.0550724637681159,0.0329102021626704,0.105645837166043,0,23.5,39.5
2020,REG+POST,00-0036423,A.Okwuegbunam,Albert Okwuegbunam,TE,TE,"https://static.www.nfl.com/image/private/f_auto,q_auto/league/xrv48ppj4qqfknjk6igk",4,DEN,0,0,0,0,0,0,0,0,0,0,0,0,,0,,,0,0,0,0,0,0,,0,11,15,121,1,0,0,116,73,6,7.5157191403968,0,1.04310344827586,0.103448275862069,0.0829756795422032,0.213255389472646,0,18.1,29.1
2020,REG+POST,00-0036425,D.Dallas,DeeJay Dallas,RB,RB,"https://static.www.nfl.com/image/private/f_auto,q_auto/league/ffqmt3tvtiqi9obvymlq",8,SEA,0,0,0,0,0,0,0,0,0,0,0,0,,0,,,34,108,2,0,0,9,-4.10646041975963,0,17,20,111,1,0,0,2,110,5,2.43348232019751,0,55.5,0.0769230769230769,0.0009153318077803,0.116025347650062,0,39.9,56.9
2020,REG+POST,00-0036427,T.Johnson,Tyler Johnson,WR,WR,"https://static.www.nfl.com/image/private/f_auto,q_auto/league/catfrh97oi2duwa0hi8d",13,TB,0,0,0,0,0,0,0,0,0,0,0,0,,0,,,0,0,0,0,0,0,,0,14,21,200,2,0,0,226,73,11,14.4278690365096,0,0.88495575221239,0.0433884297520661,0.0496594155130741,0.099844235487251,0,32.0,46.0
2020,REG+POST,00-0036429,C.Woerner,Charlie Woerner,TE,TE,"https://static.www.nfl.com/image/private/f_auto,q_auto/league/wdcd0m0nbt4p7qiq7exa",3,SF,0,0,0,0,0,0,0,0,0,0,0,0,,0,,,0,0,0,0,0,0,,0,3,4,36,0,0,0,10,25,2,0.634287419408793,0,3.6,0.0338983050847458,0.0125628140703518,0.0596414274763649,0,3.6,6.6
2020,REG+POST,00-0036433,T.Stevens,Tommy Stevens,TE,TE,"https://static.www.nfl.com/image/private/f_auto,q_auto/league/d0k0fuhrprnvp1q3p16a",1,CAR,0,0,0,0,0,0,0,0,0,0,0,0,,0,,,4,24,0,0,0,2,1.73127491795458,0,0,0,0,0,0,0,0,0,0,,0,,,,,0,2.4,2.4
2020,REG+POST,00-0036439,T.Cleveland,Tyrie Cleveland,WR,WR,"https://static.www.nfl.com/image/private/f_auto,q_auto/league/bul0m575yzw95m0fbwmv",5,DEN,0,0,0,0,0,0,0,0,0,0,0,0,,0,,,0,0,0,0,0,0,,0,6,9,63,0,0,0,79,18,4,2.91517374257091,0,0.79746835443038,0.0494505494505495,0.052317880794702,0.110798340732116,0,6.3,12.3
2020,REG+POST,00-0036442,J.Burrow,Joe Burrow,QB,QB,"https://static.www.nfl.com/image/private/f_auto,q_auto/league/jzzqz5ubkilrn9dpxtlp",10,CIN,264,404,2688,13,5,32,231,5,3,3429,1142,150,48.966724960736,0,0.783902012248469,0.105943316184208,37,142,3,4,1,14,-0.141220696332555,0,0,0,0,0,0,0,0,0,0,,0,,,,,0,173.72,173.72
2020,REG+POST,00-0036450,K.Vaughn,Ke'Shawn Vaughn,RB,RB,"https://static.www.nfl.com/image/private/f_auto,q_auto/league/npa1msmoqbig9cqznkti",7,TB,0,0,0,0,0,0,0,0,0,0,0,0,,0,,,31,130,0,1,1,5,-7.44918329271604,0,5,11,34,1,1,1,24,23,2,-3.93775538939996,0,1.41666666666667,0.0468085106382979,0.0131075914800655,0.0793880799934927,0,18.4,23.4
2020,REG+POST,00-0036456,D.Dafney,Dominique Dafney,TE,TE,"https://static.www.nfl.com/image/private/f_auto,q_auto/league/iualxf5bff0nuttmxkut",2,GB,0,0,0,0,0,0,0,0,0,0,0,0,,0,,,0,0,0,0,0,0,,0,2,2,26,1,0,0,16,10,2,3.95898980763741,0,1.625,0.0416666666666667,0.0484848484848485,0.0964393939393939,0,8.6,10.6
2021,REG,00-0019596,T.Brady,Tom Brady,QB,QB,"https://static.www.nfl.com/image/private/f_auto,q_auto/league/q7dpdlxyu5rs05rgh1le",17,TB,485,719,5316,43,12,22,144,3,2,5804,2534,269,145.714883711392,0,0.91592005513439,0.139308838383282,28,81,2,1,1,14,3.85047854911179,0,0,0,0,0,0,0,0,0,0,,0,,,,,0,374.74,374.74
2021,REG,00-0022824,A.Lee,Andy Lee,P,SPEC,"https://static.www.nfl.com/image/private/f_auto,q_auto/league/bfozbs2h9jueavslvw3z",1,ARI,0,0,0,0,0,0,0,0,0,0,0,0,,0,,,1,0,0,1,0,0,-2.51207417278783,0,0,0,0,0,0,0,0,0,0,,0,,,,,0,0.0,0.0
2021,REG,00-0022924,B.Roethlisberger,Ben Roethlisberger,QB,QB,"https://static.www.nfl.com/image/private/f_auto,q_auto/league/vziogpnyp9d0xtpiuqhr",16,PIT,390,605,3740,22,10,38,239,11,5,4069,1932,188,-44.5825530095486,2,0.919144753010568,0.032892505155117,20,5,1,0,0,3,-1.97940342813438,0,0,0,0,0,0,0,0,0,0,,0,,,,,0,218.1,218.1
2021,REG,00-0023459,A.Rodgers,Aaron Rodgers,QB,QB,"https://static.www.nfl.com/image/private/f_auto,q_auto/league/gnta8ufi2vdp967dui9e",16,GB,366,531,4115,37,4,30,188,1,0,4084,2177,213,129.766061957801,0,1.00759059745348,0.175385403583707,33,101,3,2,0,10,5.83122421469307,0,1,1,-4,0,0,0,-4,0,0,-1.24344629049301,0,0.0,0.032258064516129,-0.0112994350282486,0.0404774922544195,0,332.3,333.3
2021,REG,00-0023682,R.Fitzpatrick,Ryan Fitzpatrick,QB,QB,"https://static.www.nfl.com/image/private/f_auto,q_auto/league/pkhhxwplsawnhln9rsun",1,WAS,3,6,13,0,0,1,2,1,0,9,6,0,-4.27462314258315,0,1.44444444444444,-0.0653271621184067,1,2,0,0,0,0,-1.19552433757689,0,0,0,0,0,0,0,0,0,0,,0,,,,,0,0.72,0.72
2021,REG,00-0024243,M.Lewis,Marcedes Lewis,TE,TE,"https://static.www.nfl.com/image/private/f_auto,q_auto/league/ppq07tipygpftz5csipx",13,GB,0,0,0,0,0,0,0,0,0,0,0,0,,0,,,0,0,0,0,0,0,,0,23,28,214,0,1,0,103,144,10,8.63060797413345,0,2.07766990291262,0.0637813211845103,0.0309588217613466,0.117343157009708,0,21.4,44.4
2021,REG,00-0024417,S.Koch,Sam Koch,P,SPEC,"https://static.www.nfl.com/image/private/f_auto,q_auto/league/dw34lcf6qit1i1knjhpv",1,BAL,0,1,0,0,0,0,0,0,0,10,0,0,-2.7787173029501,0,0.0,,0,0,0,0,0,0,,0,0,0,0,0,0,0,0,0,0,,0,,,,,0,0.0,0.0
2021,REG,00-0025394,A.Peterson,Adrian Peterson,RB,RB,"https://static.www.nfl.com/image/private/f_auto,q_auto/league/ug2ua3skqc9f6vkbowxc",4,SEA,0,0,0,0,0,0,0,0,0,0,0,0,,0,,,38,98,2,1,0,6,-9.86462577158818,0,4,4,8,0,0,0,-11,19,0,-1.27764497848693,0,-0.727272727272727,0.0384615384615385,-0.0167173252279635,0.0459901800327332,0,22.6,26.6
2021,REG,00-0026035,D.Amendola,Danny Amendola,WR,WR,"https://static.www.nfl.com/image/private/f_auto,q_auto/league/etz06w7s0ardf49mnayz",8,HOU,0,1,0,0,0,0,0,0,0,14,0,0,-0.361697550688405,0,0.0,,0,0,0,0,0,0,,0,24,38,248,3,1,0,321,105,10,-0.118615819919291,1,0.772585669781932,0.153225806451613,0.166753246753247,0.346565982404692,0,44.8,68.8
2021,REG,00-0026143,M.Ryan,Matt Ryan,QB,QB,"https://static.www.nfl.com/image/private/f_auto,q_auto/league/s6zam4ekrrnonsck6vak",17,ATL,375,560,3968,20,12,40,274,5,3,4002,1721,195,8.22479179920041,0,0.991504247876062,0.0706000782773205,40,82,1,5,1,9,-18.9019917636152,1,0,0,0,0,0,0,0,0,0,,0,,,,,0,222.92,222.92
2021,REG,00-0026158,J.Flacco,Joe Flacco,QB,QB,"https://static.www.nfl.com/image/upload/f_auto,q_auto/league/dwsbpmlhoqud0puidizt",2,NYJ,27,42,338,3,0,2,13,1,1,336,175,14,6.29411907645483,0,1.00595238095238,0.140892929856642,2,3,0,0,0,1,0.167107119690627,0,0,0,0,0,0,0,0,0,0,,0,,,,,0,23.82,23.82
2021,REG,00-0026189,D.Jackson,DeSean Jackson,WR,WR,"https://static.www.nfl.com/image/private/f_auto,q_auto/league/pr5m864fqvnoozihylrh",14,LV,0,0,0,0,0,0,0,0,0,0,0,0,,0,,,1,4,0,0,0,0,0.0033527226187288,0,20,34,454,2,1,1,647,175,12,11.0467898137285,0,0.701700154559505,0.0747252747252747,0.166323907455013,0.228514647306421,0,55.8,75.8
2021,REG,00-0026197,C.Henne,Chad Henne,QB,QB,"https://static.www.nfl.com/image/private/f_auto,q_auto/league/ornr9pcnzveqlntqc7jx",4,KC,11,16,82,0,0,0,0,0,0,125,24,6,4.04798453045078,0,0.656,0.0975546097179442,8,0,0,2,0,0,-1.98729497654131,0,0,0,0,0,0,0,0,0,0,,0,,,,,0,3.28,3.28
2021,REG,00-0026300,J.Johnson,Josh Johnson,QB,QB,"https://static.www.nfl.com/image/private/f_auto,q_auto/league/cm1r2n61r5knj97d41v5",4,BAL,57,85,638,5,2,3,23,0,0,620,283,39,27.3874769334036,0,1.02903225806452,0.143183954075968,9,28,0,2,0,1,-3.19134804530768,1,0,0,0,0,0,0,0,0,0,,0,,,,,0,46.32,46.32
2021,REG,00-0026498,M.Stafford,Matthew Stafford,QB,QB,"https://static.www.nfl.com/image/private/f_auto,q_auto/league/icjfdfsncqlsqe49iujv",17,LA,404,601,4886,41,17,30,243,4,2,5094,2124,233,116.436423100954,2,0.959167648213585,0.12868622564132,32,43,0,1,0,8,-1.90165293193422,0,0,0,0,0,0,0,0,0,0,,0,,,,,0,329.74,329.74
2021,REG,00-0026544,C.Daniel,Chase Daniel,QB,QB,"https://static.www.nfl.com/image/private/f_auto,q_auto/league/jt8fvgeyuhsbpo9m9t4x",1,LAC,0,0,0,0,0,0,0,0,0,0,0,0,,0,,,2,-2,0,0,0,0,0.0,0,0,0,0,0,0,0,0,0,0,,0,,,,,0,-0.2,-0.2
2021,REG,00-0026625,B.Hoyer,Brian Hoyer,QB,QB,"https://static.www.nfl.com/image/private/f_auto,q_auto/league/japt3mj2xctm7saqndxn",5,NE,9,11,227,1,0,0,0,0,0,97,143,8,20.8771344408451,0,2.34020618556701,0.620705007980416,11,-8,0,0,0,1,-4.04850489262026,0,0,0,0,0,0,0,0,0,0,,0,,,,,0,12.28,12.28
2021,REG,00-0027061,J.Cook,Jared Cook,TE,TE,"https://static.www.nfl.com/image/private/f_auto,q_auto/league/cthoenebptadlu4g928v",16,LAC,0,0,0,0,0,0,0,0,0,0,0,0,,0,,,0,0,0,0,0,0,,0,48,83,564,4,0,0,685,238,31,4.17193171492949,2,0.823357664233577,0.131955484896661,0.142589508742714,0.297745883464892,0,84.4,132.4
2021,REG,00-0027656,R.Gronkowski,Rob Gronkowski,TE,TE,"https://static.www.nfl.com/image/private/f_auto,q_auto/league/svpo7chliiymc0r7hegp",12,TB,0,0,0,0,0,0,0,0,0,0,0,0,,0,,,0,0,0,0,0,0,,0,55,89,802,6,0,0,897,350,34,32.7143257656176,0,0.894091415830546,0.172147001934236,0.217877094972067,0.410734469381801,0,116.2,171.2
2021,REG,00-0027685,E.Sanders,Emmanuel Sanders,WR,WR,"https://static.www.nfl.com/image/private/f_auto,q_auto/league/potkibjtm855tsawozs0",14,BUF,0,0,0,0,0,0,0,0,0,0,0,0,,0,,,2,31,0,0,0,2,2.02534106461098,0,42,72,626,4,0,0,1077,85,31,25.7774800367589,0,0.581244196843083,0.137667304015296,0.249826026443981,0.381379174533731,0,89.7,131.7
2021,REG,00-0027688,C.McCoy,Colt McCoy,QB,QB,"https://static.www.nfl.com/image/private/f_auto,q_auto/league/mvcoi7f6thyudufnh0dx",7,ARI,74,99,740,3,1,6,40,3,1,512,452,39,14.3134917603552,0,1.4453125,0.13553668664015,22,37,0,1,0,6,-12.5859220792233,0,0,0,0,0,0,0,0,0,0,,0,,,,,0,41.3,41.3
2021,REG,00-0027691,A.Roberts,Andre Roberts,WR,WR,"https://static.www.nfl.com/image/private/f_auto,q_auto/league/hjoyjewh7knoafxt4k93",5,LAC,0,0,0,0,0,0,0,0,0,0,0,0,,0,,,3,19,0,0,0,0,0.760434927069582,0,1,2,35,0,0,0,29,16,1,-0.8368861800991,0,1.20689655172414,0.0714285714285714,0.115537848605578,0.188019351166762,1,11.4,12.4
2021,REG,00-0027696,J.Graham,Jimmy Graham,TE,TE,"https://static.www.nfl.com/image/private/f_auto,q_auto/league/h7xs06oj6g03mippwtse",11,CHI,0,0,0,0,0,0,0,0,0,0,0,0,,0,,,0,0,0,0,0,0,,0,14,23,167,3,0,0,184,55,10,11.7014833347158,1,0.907608695652174,0.0603674540682415,0.0664259927797834,0.137049376048211,0,36.7,50.7
2021,REG,00-0027793,A.Brown,Antonio Brown,WR,WR,"https://static.www.nfl.com/image/private/f_auto,q_auto/league/ecxsx9t7bfg42bgfwj3v",7,TB,0,0,0,0,0,0,0,0,0,0,0,0,,0,,,1,6,0,0,0,0,0.308483928674832,0,42,62,545,4,0,0,734,190,29,33.9537308308926,0,0.742506811989101,0.217543859649123,0.272659732540862,0.517177602252288,0,79.1,121.1
2021,REG,00-0027857,T.Williams,Trent Williams,T,OL,"https://static.www.nfl.com/image/private/f_auto,q_auto/league/j4me8ehuoyl0a2fdlgtt",1,SF,0,0,0,0,0,0,0,0,0,0,0,0,,0,,,0,0,0,0,0,0,,0,0,1,0,0,0,0,1,0,0,-1.25593257072615,0,0.0,0.05,0.0074074074074074,0.0801851851851852,0,0.0,0.0
2021,REG,00-0027939,C.Newton,Cam Newton,QB,QB,"https://static.www.nfl.com/image/private/f_auto,q_auto/league/zwmgw2gmnn2kch4nquft",7,CAR,69,126,684,4,5,10,83,0,0,878,309,32,-40.7814205947143,1,0.779043280182232,-0.0455839709964522,47,230,5,4,1,20,2.71166066866135,0,0,0,0,0,0,0,0,0,0,,0,,,,,0,86.36,86.36
2021,REG,00-0027942,A.Green,A.J. Green,WR,WR,"https://static.www.nfl.com/image/private/f_auto,q_auto/league/guj5a9vnnzqfiljupzuj",16,ARI,0,0,0,0,0,0,0,0,0,0,0,0,,0,,,0,0,0,0,0,0,,0,54,92,848,3,0,0,1109,181,37,29.4203856565134,0,0.764652840396754,0.169117647058824,0.267100192678227,0.440646605462994,0,102.8,156.8
2021,REG,00-0027944,J.Jones,Julio Jones,WR,WR,"https://static.www.nfl.com/image/upload/f_auto,q_auto/league/omrddf2phtyztzx2nup1",10,TEN,0,0,0,0,0,0,0,0,0,0,0,0,,0,,,0,0,0,0,0,0,,0,31,48,434,1,0,0,579,112,19,15.3809976857338,0,0.749568221070812,0.158415841584158,0.253170091823349,0.414842826652582,0,49.4,80.4
2021,REG,00-0027948,B.Gabbert,Blaine Gabbert,QB,QB,"https://static.www.nfl.com/image/private/f_auto,q_auto/league/fphhd3wedamgkps6e0dl",6,TB,7,11,67,0,0,1,10,0,0,90,39,4,0.191835123179856,0,0.744444444444445,0.0849527084151711,9,-7,0,0,0,0,-14.4709913247498,0,0,0,0,0,0,0,0,0,0,,0,,,,,0,1.98,1.98
2021,REG,00-0027966,M.Ingram,Mark Ingram,RB,RB,"https://static.www.nfl.com/image/private/f_auto,q_auto/league/qyju9wutyssrf0b26ran",14,NO,0,0,0,0,0,0,0,0,0,0,0,0,,0,,,160,554,2,1,1,22,-31.3234407077543,0,27,35,162,0,0,0,-1,164,9,-2.09112001853646,0,-162.0,0.0940860215053763,-0.0003593244699964,0.140877505129067,0,81.6,108.6
2021,REG,00-0027973,A.Dalton,Andy Dalton,QB,QB,"https://static.www.nfl.com/image/private/f_auto,q_auto/league/xrwmjyexhhwpoxhtrhl2",8,CHI,149,236,1515,8,9,18,143,1,1,1643,752,83,-31.2130537745202,2,0.922093730979915,0.0141590378170292,16,76,0,0,0,2,-0.761328988143248,0,0,0,0,0,0,0,0,0,0,,0,,,,,0,84.2,84.2
2021,REG,00-0027981,K.Rudolph,Kyle Rudolph,TE,TE,"https://static.www.nfl.com/image/private/f_auto,q_auto/league/mtvrkfel5750mlevcvtp",15,NYG,0,0,0,0,0,0,0,0,0,0,0,0,,0,,,0,0,0,0,0,0,,0,26,39,257,1,0,0,240,137,12,7.17926541146351,1,1.07083333333333,0.078,0.0680851063829787,0.164659574468085,0,33.7,59.7
2021,REG,00-0028002,R.Cobb,Randall Cobb,WR,WR,"https://static.www.nfl.com/image/private/f_auto,q_auto/league/kuwo5hnkbtesfw6n9w1s",11,GB,0,0,0,0,0,0,0,0,0,0,0,0,,0,,,1,1,0,0,0,0,-0.461276305723004,0,28,39,375,5,0,0,307,138,21,21.414158601907,0,1.22149837133551,0.104838709677419,0.098745577356063,0.226379968665373,0,67.6,95.6
2021,REG,00-0028042,L.Stocker,Luke Stocker,TE,TE,"https://static.www.nfl.com/image/private/f_auto,q_auto/league/keoilbfzupthtliuou1a",2,MIN,0,0,0,0,0,0,0,0,0,0,0,0,,0,,,0,0,0,0,0,0,,0,2,2,12,0,0,0,6,6,0,0.36527961853426,0,2.0,0.0327868852459016,0.0150753768844221,0.0597330916879479,0,1.2,3.2
2021,REG,00-0028097,L.Smith,Lee Smith,TE,TE,"https://static.www.nfl.com/image/private/f_auto,q_auto/league/gcaqwhzrinlqicrljwlr",6,ATL,0,0,0,0,0,0,0,0,0,0,0,0,,0,,,0,0,0,0,0,0,,0,9,11,65,1,0,0,38,31,3,2.70960700337309,0,1.71052631578947,0.0488888888888889,0.0253502334889927,0.0910784967756282,0,12.5,21.5
2021,REG,00-0028118,T.Taylor,Tyrod Taylor,QB,QB,"https://static.www.nfl.com/image/private/f_auto,q_auto/league/qx6t1lqmc9ws9ledobzn",6,HOU,91,150,966,5,5,13,119,0,0,1107,491,44,-14.8756148792061,0,0.872628726287263,0.0327839638097226,19,151,3,3,0,7,13.619090607911,0,0,0,0,0,0,0,0,0,0,,0,,,,,0,81.74,81.74
2021,REG,00-0028237,C.Hogan,Chris Hogan,WR,WR,"https://static.www.nfl.com/image/private/f_auto,q_auto/league/fmpqnciwjqicsjzy63mc",5,NO,0,0,0,0,0,0,0,0,0,0,0,0,,0,,,0,0,0,0,0,0,,0,4,8,41,1,0,0,49,13,2,0.0322420070879161,0,0.836734693877551,0.0695652173913044,0.0465779467680608,0.136952388824599,0,10.1,14.1
2021,REG,00-0028292,N.Bellore,Nick Bellore,ILB,LB,"https://static.www.nfl.com/image/private/f_auto,q_auto/league/nnmgkhi5d5xszkoyh4br",1,SEA,0,0,0,0,0,0,0,0,0,0,0,0,,0,,,0,0,0,0,0,0,,0,1,1,4,0,0,0,0,4,0,0.0050290654180571,0,0.0,0.0357142857142857,,,0,0.4,1.4
2021,REG,00-0028872,J.Hekker,Johnny Hekker,P,SPEC,"https://static.www.nfl.com/image/private/f_auto,q_auto/league/rh1qt7cwusun5o56bwyh",2,LA,1,1,2,0,0,0,0,0,0,-4,6,0,-2.58209159300895,0,0.0,,1,0,0,0,0,0,-4.7083437948022,0,0,0,0,0,0,0,0,0,0,,0,,,,,0,0.08,0.08
2021,REG,00-0028986,C.Keenum,Case Keenum,QB,QB,"https://static.www.nfl.com/image/private/f_auto,q_auto/league/tymwoe3wpwzln78uzbvu",5,CLE,47,72,462,3,1,5,29,1,1,420,306,25,-8.27625317396733,0,1.1,0.0443762082318074,12,22,0,0,0,6,-4.51051827098381,0,0,0,0,0,0,0,0,0,0,,0,,,,,0,28.68,28.68
2021,REG,00-0029000,C.Beasley,Cole Beasley,WR,WR,"https://static.www.nfl.com/image/private/f_auto,q_auto/league/y5r0fhwctl6ljwvmktvu",16,BUF,0,1,0,0,0,0,0,0,0,19,0,0,-0.477590819995385,0,0.0,,0,0,0,0,0,0,,0,82,112,693,1,1,0,630,305,34,5.13712930508219,1,1.1,0.193103448275862,0.126176647306229,0.377978825528153,0,77.3,159.3
2021,REG,00-0029119,D.Carrier,Derek Carrier,TE,TE,"https://static.www.nfl.com/image/private/f_auto,q_auto/league/fohbnjxhixammxtonhnd",1,LV,0,0,0,0,0,0,0,0,0,0,0,0,,0,,,0,0,0,0,0,0,,0,2,2,13,0,0,0,7,6,0,0.830683968262747,0,1.85714285714286,0.0540540540540541,0.0231023102310231,0.0972526982427972,0,1.3,3.3
2021,REG,00-0029164,M.Remmers,Mike Remmers,T,OL,"https://static.www.nfl.com/image/private/f_auto,q_auto/league/qsp6ncqgwc9uyrgptyrc",1,KC,0,0,0,0,0,0,0,0,0,0,0,0,,0,,,0,0,0,0,0,0,,0,1,1,-2,0,0,0,0,-2,0,-0.794392922136467,0,0.0,0.0294117647058824,,,0,-0.2,0.8
2021,REG,00-0029239,B.Bolden,Brandon Bolden,RB,RB,"https://static.www.nfl.com/image/private/f_auto,q_auto/league/kqqwz35z9brhkzbs4bcn",16,NE,0,0,0,0,0,0,0,0,0,0,0,0,,0,,,44,226,1,1,0,12,-2.15171423978943,1,41,49,405,2,0,0,14,416,21,19.0591131757629,0,28.9285714285714,0.115566037735849,0.0039248668348752,0.176096463388186,0,83.1,124.1
2021,REG,00-0029263,R.Wilson,Russell Wilson,QB,QB,"https://static.www.nfl.com/image/private/f_auto,q_auto/league/gebzv2aljujgleboe4ns",14,SEA,259,400,3113,25,6,33,266,4,1,3955,1383,135,16.5060313732689,1,0.787104930467762,0.092797894199794,43,183,2,2,0,17,-2.42791386947652,0,0,0,0,0,0,0,0,0,0,,0,,,,,0,242.82,242.82
2021,REG,00-0029269,T.Benjamin,Travis Benjamin,WR,WR,"https://static.www.nfl.com/image/private/f_auto,q_auto/league/io9silocxbywvisvcvpx",3,SF,0,0,0,0,0,0,0,0,0,0,0,0,,0,,,0,0,0,0,0,0,,0,0,5,0,0,0,0,141,0,0,-9.59796589403413,0,0.0,0.0515463917525773,0.159502262443439,0.188971171339273,0,0.0,0.0
2021,REG,00-0029293,M.Jones,Marvin Jones,WR,WR,"https://static.www.nfl.com/image/private/f_auto,q_auto/league/ciy9sxefmcnwjw7ln3h2",17,JAX,0,0,0,0,0,0,0,0,0,0,0,0,,0,,,0,0,0,0,0,0,,0,73,120,832,4,0,0,1438,120,42,25.5539502443781,0,0.578581363004173,0.205831903945111,0.3123370981755,0.527383824640517,0,107.2,180.2
2021,REG,00-0029567,N.Foles,Nick Foles,QB,QB,"https://static.www.nfl.com/image/private/f_auto,q_auto/league/dxuz2ir773wylutxo7zs",1,CHI,24,35,250,1,0,4,21,1,0,198,165,14,4.48618238218337,1,1.26262626262626,0.148478365512987,4,8,0,0,0,1,-0.0154439123580232,0,0,0,0,0,0,0,0,0,0,,0,,,,,0,16.8,16.8
2021,REG,00-0029604,K.Cousins,Kirk Cousins,QB,QB,"https://static.www.nfl.com/image/private/f_auto,q_auto/league/viuxnyezrwdfjnxsfssb",16,MIN,372,561,4221,33,7,28,197,10,2,4573,1813,192,71.6335677748154,0,0.923026459654494,0.107537863670442,29,115,1,2,0,8,-4.47916272084251,0,0,0,0,0,0,0,0,0,0,,0,,,,,0,300.34,300.34
2021,REG,00-0029608,T.Hilton,T.Y. Hilton,WR,WR,"https://static.www.nfl.com/image/private/f_auto,q_auto/league/b8kor0sgeynyd8u8cush",10,IND,0,0,0,0,0,0,0,0,0,0,0,0,,0,,,0,0,0,0,0,0,,0,23,37,331,3,0,0,476,71,15,20.3100245560054,0,0.695378151260504,0.133574007220217,0.202123142250531,0.341847210405696,0,51.1,74.1
2021,REG,00-0029632,M.Sanu,Mohamed Sanu,WR,WR,"https://static.www.nfl.com/image/private/f_auto,q_auto/league/a6loroqhta6g65aqnsrk",8,SF,0,0,0,0,0,0,0,0,0,0,0,0,,0,,,0,0,0,0,0,0,,0,15,24,177,0,0,0,227,44,12,12.0587423778091,0,0.779735682819383,0.0956175298804781,0.114127702362996,0.223315686474815,0,17.7,32.7
2021,REG,00-0029664,J.Gordon,Josh Gordon,WR,WR,"https://static.www.nfl.com/image/private/f_auto,q_auto/league/wwqz2ujrj7wp86tyaxof",9,KC,0,0,0,0,0,0,0,0,0,0,0,0,,0,,,0,0,0,0,0,0,,0,5,14,32,1,0,0,153,5,3,-12.4963252243166,0,0.209150326797386,0.0415430267062315,0.064366848969289,0.107371334337849,0,9.2,14.2
2021,REG,00-0029701,R.Tannehill,Ryan Tannehill,QB,QB,"https://static.www.nfl.com/image/private/f_auto,q_auto/league/yvwju12dl6haf3r8uzrm",17,TEN,357,531,3734,22,14,47,327,6,3,3954,1778,192,24.6106134466943,1,0.94436014162873,0.113264110807432,55,270,7,4,1,33,34.2893409262762,0,0,0,0,0,0,0,0,0,0,,0,,,,,0,272.36,272.36
2021,REG,00-0029738,D.Fells,Darren Fells,TE,TE,"https://static.www.nfl.com/image/private/f_auto,q_auto/league/eh0rbweg4wbzgzpvprnv",3,DET,0,0,0,0,0,0,0,0,0,0,0,0,,0,,,0,0,0,0,0,0,,0,4,5,43,0,0,0,24,27,2,0.8511437906418,0,1.79166666666667,0.0431034482758621,0.0885608856088561,0.126647792339992,0,4.3,8.3
2021,REG,00-0029747,C.Banjo,Chris Banjo,FS,DB,"https://static.www.nfl.com/image/private/f_auto,q_auto/league/ibqowvcvkzurwo95ukg9",1,ARI,1,1,23,0,0,0,0,0,0,19,4,1,3.73152830463368,0,1.21052631578947,,0,0,0,0,0,0,,0,0,0,0,0,0,0,0,0,0,,0,,,,,0,0.92,0.92
2021,REG,00-0029892,K.Juszczyk,Kyle Juszczyk,FB,RB,"https://static.www.nfl.com/image/private/f_auto,q_auto/league/eqb3lq4bip6oa5kiz1ze",15,SF,0,0,0,0,0,0,0,0,0,0,0,0,,0,,,8,22,1,0,0,3,-1.85241139755817,0,30,38,296,1,0,0,272,151,16,14.1393833419524,0,1.08823529411765,0.0867579908675799,0.0793697111175956,0.185695784083687,0,43.8,73.8
2021,REG,00-0030035,A.Thielen,Adam Thielen,WR,WR,"https://static.www.nfl.com/image/private/f_auto,q_auto/league/kmldtl8p9h7h5dzvkwsw",13,MIN,0,0,0,0,0,0,0,0,0,0,0,0,,0,,,1,2,0,0,0,0,-0.194060182664543,0,67,95,726,10,1,0,903,239,37,24.0615681793672,0,0.803986710963455,0.203426124197002,0.260606060606061,0.487563428719746,0,132.8,199.8
2021,REG,00-0030061,Z.Ertz,Zach Ertz,TE,TE,"https://static.www.nfl.com/image/private/f_auto,q_auto/league/t7my0kesdhb2iefvempm",17,ARI,0,0,0,0,0,0,0,0,0,0,0,0,,0,,,1,4,0,0,0,0,0.455292735714465,0,74,112,763,5,0,0,844,340,40,10.3370879293385,0,0.904028436018957,0.192771084337349,0.195732838589981,0.426169613519011,0,106.7,180.7
2021,REG,00-0030068,M.Goodwin,Marquise Goodwin,WR,WR,"https://static.www.nfl.com/image/upload/f_auto,q_auto/league/cof5bbih1o9dtnonwmjp",14,CHI,0,0,0,0,0,0,0,0,0,0,0,0,,0,,,2,-1,0,0,0,0,-1.24175866559381,0,20,40,313,1,1,0,475,83,12,11.8744864799275,0,0.658947368421053,0.0961538461538462,0.132275132275132,0.236823361823362,0,37.2,57.2
2021,REG,00-0030085,K.Stills,Kenny Stills,WR,WR,"https://static.www.nfl.com/image/private/f_auto,q_auto/league/wswn6tehkzj8mdfbablx",7,NO,0,0,0,0,0,0,0,0,0,0,0,0,,0,,,1,1,0,0,0,0,-0.475137180881575,0,6,23,68,1,0,0,430,10,4,-9.39854150352767,0,0.158139534883721,0.111111111111111,0.2475532527346,0.339953943580887,0,12.9,18.9
2021,REG,00-0030108,R.Griffin,Ryan Griffin,TE,TE,"https://static.www.nfl.com/image/private/f_auto,q_auto/league/izjfxtmk2dhzhrlwpt9g",14,NYJ,0,0,0,0,0,0,0,0,0,0,0,0,,0,,,0,0,0,0,0,0,,0,27,42,261,2,1,0,223,149,14,3.00338599707201,0,1.17040358744395,0.0821917808219178,0.0586070959264126,0.164312638381366,0,38.1,65.1
2021,REG,00-0030155,D.Harris,Demetrius Harris,TE,TE,"https://static.www.nfl.com/image/private/f_auto,q_auto/league/nlajcnjlosuajmqswxvl",3,ARI,0,0,0,0,0,0,0,0,0,0,0,0,,0,,,0,0,0,0,0,0,,0,3,6,10,0,0,0,22,13,0,-5.84633715491509,0,0.454545454545455,0.0697674418604651,0.06875,0.152776162790698,0,1.0,4.0
2021,REG,00-0030181,J.Doyle,Jack Doyle,TE,TE,"https://static.www.nfl.com/image/private/f_auto,q_auto/league/h6abyvmg2g93llboizi6",15,IND,0,0,0,0,0,0,0,0,0,0,0,0,,0,,,0,0,0,0,0,0,,0,29,43,302,3,0,0,285,125,18,11.7299665406649,1,1.05964912280702,0.0955555555555556,0.0897637795275591,0.206167979002625,0,50.2,79.2
2021,REG,00-0030279,K.Allen,Keenan Allen,WR,WR,"https://static.www.nfl.com/image/private/f_auto,q_auto/league/xs7h2igf85nta81v7zb8",16,LAC,0,1,0,0,0,0,0,0,0,14,0,0,-0.493455561692826,1,0.0,,0,0,0,0,0,0,,0,106,157,1138,6,1,0,1306,341,66,31.6481602111859,0,0.871362940275651,0.249602543720191,0.27465825446898,0.566664593708572,0,151.8,257.8
2021,REG,00-0030288,R.Burkhead,Rex Burkhead,RB,RB,"https://static.www.nfl.com/image/private/f_auto,q_auto/league/ysgdnkasvp07qmrkasve",14,HOU,0,1,0,0,0,0,0,0,0,7,0,0,-0.493120650062338,0,0.0,,122,427,3,1,0,30,-5.23546433079173,0,25,32,186,0,0,0,50,141,9,3.53926218789349,0,3.72,0.0903954802259887,0.0193348801237432,0.149127636425603,0,79.3,104.3
2021,REG,00-0030431,R.Woods,Robert Woods,WR,WR,"https://static.www.nfl.com/image/upload/f_auto,q_auto/league/owppysuai4ipxu5d27nu",9,LA,0,0,0,0,0,0,0,0,0,0,0,0,,0,,,8,46,1,0,0,1,1.93969120731344,0,45,69,556,4,0,0,563,198,34,29.5653176619376,1,0.987566607460036,0.214953271028037,0.209527353926312,0.469099054290474,0,92.2,137.2
2021,REG,00-0030456,G.Bernard,Giovani Bernard,RB,RB,"https://static.www.nfl.com/image/private/f_auto,q_auto/league/guht9y14gftgsugb87xz",10,TB,0,0,0,0,0,0,0,0,0,0,0,0,,0,,,8,58,0,0,0,3,1.72331350087188,0,23,29,123,3,1,0,30,134,8,-2.62022576255623,0,4.1,0.0675990675990676,0.0118110236220472,0.109666317934034,0,36.1,59.1
2021,REG,00-0030465,K.Barner,Kenjon Barner,RB,RB,"https://static.www.nfl.com/image/private/f_auto,q_auto/league/n8hvbyw7vdlj7svjwqg4",1,TB,0,0,0,0,0,0,0,0,0,0,0,0,,0,,,4,0,0,0,0,0,-2.19820875494042,0,0,0,0,0,0,0,0,0,0,,0,,,,,0,0.0,0.0
2021,REG,00-0030496,L.Bell,Le'Veon Bell,RB,RB,"https://static.www.nfl.com/image/private/f_auto,q_auto/league/sm3ij3pcby5ciqwaaqa1",8,TB,0,0,0,0,0,0,0,0,0,0,0,0,,0,,,39,101,2,0,0,9,-7.83692508338232,1,5,7,30,1,0,0,5,26,3,3.35769180872012,0,6.0,0.0429447852760736,0.0033557046979865,0.066766171202701,0,33.1,38.1
2021,REG,00-0030506,T.Kelce,Travis Kelce,TE,TE,"https://static.www.nfl.com/image/private/f_auto,q_auto/league/ryzr3vbragwe50vtj9af",16,KC,0,0,0,0,0,0,0,0,0,0,0,0,,0,,,2,3,1,0,0,1,0.345061281172093,0,92,134,1125,9,1,1,994,564,62,50.8031916963652,0,1.1317907444668,0.220394736842105,0.224937768725956,0.488048543371327,0,170.8,262.8
2021,REG,00-0030513,L.Murray,Latavius Murray,RB,RB,"https://static.www.nfl.com/image/private/f_auto,q_auto/league/zepm7ghltyeqydn0qxcg",14,BAL,0,0,0,0,0,0,0,0,0,0,0,0,,0,,,119,501,6,0,0,36,-6.84285256232816,0,10,13,75,0,0,0,1,71,2,-0.533061674388591,0,75.0,0.0593607305936073,0.0006983240223463,0.0895299227060534,0,93.6,103.6
2021,REG,00-0030520,M.Glennon,Mike Glennon,QB,QB,"https://static.www.nfl.com/image/private/f_auto,q_auto/league/mubobrjbeudtezxv0t0p",6,NYG,90,167,790,4,10,9,68,5,3,1210,415,43,-80.8409634291941,0,0.652892561983471,-0.0112988814617403,7,33,1,1,0,2,-3.70725087780168,0,0,0,0,0,0,0,0,0,0,,0,,,,,0,30.9,30.9
2021,REG,00-0030525,T.Austin,Tavon Austin,WR,WR,"https://static.www.nfl.com/image/private/f_auto,q_auto/league/ulagxqgjnrft4wub0gus",11,JAX,0,0,0,0,0,0,0,0,0,0,0,0,,0,,,3,21,0,0,0,1,1.6055196543457,0,24,37,213,1,0,0,320,68,11,-9.35806463314757,0,0.665625,0.0989304812834225,0.114736464682682,0.228711247203011,0,29.4,53.4
2021,REG,00-0030561,L.Johnson,Lane Johnson,T,OL,"https://static.www.nfl.com/image/private/f_auto,q_auto/league/vbwbhs3ludgvb9ys7gpn",1,PHI,0,0,0,0,0,0,0,0,0,0,0,0,,0,,,0,0,0,0,0,0,,0,1,1,5,1,0,0,5,0,1,1.63749824167462,0,1.0,0.0357142857142857,0.0248756218905473,0.0709843638948117,0,6.5,7.5
2021,REG,00-0030564,D.Hopkins,DeAndre Hopkins,WR,WR,"https://static.www.nfl.com/image/upload/f_auto,q_auto/league/jgatj8mtftu06pegapip",10,ARI,0,0,0,0,0,0,0,0,0,0,0,0,,0,,,0,0,0,0,0,0,,0,42,64,572,8,0,0,788,140,32,42.3779696961469,0,0.725888324873096,0.207792207792208,0.306614785992218,0.526318661882864,0,105.2,147.2
2021,REG,00-0030565,G.Smith,Geno Smith,QB,QB,"https://static.www.nfl.com/image/private/f_auto,q_auto/league/bxp32udtvwnpu3rl2cht",4,SEA,65,95,702,5,1,13,117,1,1,664,360,31,-1.23674028156646,0,1.05722891566265,0.0962967012302585,9,42,1,0,0,3,3.66690281714546,0,0,0,0,0,0,0,0,0,0,,0,,,,,0,54.28,54.28
2021,REG,00-0030578,C.Patterson,Cordarrelle Patterson,RB,RB,"https://static.www.nfl.com/image/private/f_auto,q_auto/league/gy2bb38cns4nxypehbqi",16,ATL,0,1,0,0,0,0,0,0,0,18,0,0,-0.599639943917282,0,0.0,,153,618,6,1,0,29,-15.4856635596079,0,52,69,548,5,0,0,214,385,26,19.0910259758063,0,2.5607476635514,0.131931166347992,0.0626463700234192,0.241749208538382,0,182.6,234.6
2021,REG,00-0030663,W.Snead,Willie Snead,WR,WR,"https://static.www.nfl.com/image/private/f_auto,q_auto/league/fr5xckiwhguuaishnbju",7,CAR,0,0,0,0,0,0,0,0,0,0,0,0,,0,,,0,0,0,0,0,0,,0,4,8,38,0,0,0,67,12,3,-4.78285138972569,0,0.567164179104478,0.032520325203252,0.0304961310878471,0.070127779566371,0,3.8,7.8
2021,REG,00-0030669,A.Wilson,Albert Wilson,WR,WR,"https://static.www.nfl.com/image/private/f_auto,q_auto/league/slythouwdcrug0poiios",10,MIA,0,1,0,0,0,1,1,0,0,5,0,0,-2.05353292950895,0,0.0,,4,17,0,0,0,1,-0.712680795113556,0,25,39,213,0,0,0,210,143,10,-5.40065205995903,0,1.01428571428571,0.110795454545455,0.080521472392638,0.222558212493028,0,23.0,48.0
2021,REG,00-0030874,D.Williams,Damien Williams,RB,RB,"https://static.www.nfl.com/image/private/f_auto,q_auto/league/ga4vusnfwfvhp2ksqw7x",10,CHI,0,0,0,0,0,0,0,0,0,0,0,0,,0,,,40,164,2,0,0,11,-1.32140011723331,0,16,23,103,1,0,0,41,109,3,-5.5267005378264,0,2.51219512195122,0.0830324909747293,0.0259001895135818,0.142678869121601,0,44.7,60.7
2021,REG,00-0030968,K.Smith,Keith Smith,FB,RB,"https://static.www.nfl.com/image/private/f_auto,q_auto/league/jolwasweebgk37nkl7ia",9,ATL,0,0,0,0,0,0,0,0,0,0,0,0,,0,,,9,31,0,0,0,3,-3.49744484253461,0,9,10,56,0,0,0,21,38,3,1.68763834959827,0,2.66666666666667,0.04,0.0130353817504656,0.0691247672253259,0,8.7,17.7
2021,REG,00-0031045,C.Hyde,Carlos Hyde,RB,RB,"https://static.www.nfl.com/image/private/f_auto,q_auto/league/qpmv42ldpkpdf1gpgeua",11,JAX,0,0,0,0,0,0,0,0,0,0,0,0,,0,,,72,253,1,2,2,14,-25.0420960174233,0,12,21,65,0,0,0,31,75,1,-6.56934520666255,0,2.09677419354839,0.0642201834862385,0.0138951142985208,0.106056855238322,0,33.8,45.8
2021,REG,00-0031051,J.Brown,John Brown,WR,WR,"https://static.www.nfl.com/image/private/f_auto,q_auto/league/xwyc2a0qfdxbbct6lso6",3,JAX,0,0,0,0,0,0,0,0,0,0,0,0,,0,,,0,0,0,0,0,0,,0,0,3,0,0,0,0,93,0,0,-5.6706744490657,0,0.0,0.0309278350515464,0.12156862745098,0.131489791793006,0,0.0,0.0
2021,REG,00-0031062,J.White,James White,RB,RB,"https://static.www.nfl.com/image/private/f_auto,q_auto/league/z1nnkmnstccnqya5d5ee",3,NE,0,0,0,0,0,0,0,0,0,0,0,0,,0,,,10,38,1,0,0,4,1.7429701408837,0,12,14,94,0,0,0,51,70,5,3.37952487611959,0,1.84313725490196,0.11965811965812,0.051567239635996,0.215584247232377,0,19.2,31.2
2021,REG,00-0031136,C.Boswell,Chris Boswell,K,SPEC,"https://static.www.nfl.com/image/private/f_auto,q_auto/league/karzxxgfewnlymj0rmln",1,PIT,0,1,0,0,0,0,0,0,0,10,0,0,-3.00748456368456,0,0.0,,0,0,0,0,0,0,,0,0,0,0,0,0,0,0,0,0,,0,,,,,0,0.0,0.0
2021,REG,00-0031235,O.Beckham,Odell Beckham,WR,WR,"https://static.www.nfl.com/image/private/f_auto,q_auto/league/etl34lkiscs2lpc4to2f",14,LA,0,0,0,0,0,0,0,0,0,0,0,0,,0,,,2,14,0,0,0,1,0.465976511593908,0,44,82,537,5,0,0,1092,151,27,9.27847854604484,0,0.491758241758242,0.176724137931034,0.27238712895984,0.45575719716844,0,85.1,129.1
2021,REG,00-0031236,B.Cooks,Brandin Cooks,WR,WR,"https://static.www.nfl.com/image/private/f_auto,q_auto/league/wy6qidqm8jjp6buvu3lp",16,HOU,0,0,0,0,0,0,0,0,0,0,0,0,,0,,,2,21,0,0,0,1,0.830158571247011,0,90,134,1037,6,0,0,1423,344,45,24.5010573853863,0,0.728742094167252,0.270161290322581,0.396489272777933,0.682784426428424,0,141.8,231.8
2021,REG,00-0031237,T.Bridgewater,Teddy Bridgewater,QB,QB,"https://static.www.nfl.com/image/private/f_auto,q_auto/league/q5p8afhezmpvc1xbwibf",14,DEN,285,426,3052,18,7,31,211,0,0,3424,1387,146,57.9555715532199,1,0.891355140186916,0.128138925952684,30,106,2,1,1,16,1.64563872903296,0,0,0,0,0,0,0,0,0,0,,0,,,,,0,202.68,202.68
2021,REG,00-0031260,L.Thomas,Logan Thomas,TE,TE,"https://static.www.nfl.com/image/private/f_auto,q_auto/league/acm0ymhqdzqxdibwjphv",5,WAS,0,0,0,0,0,0,0,0,0,0,0,0,,0,,,0,0,0,0,0,0,,0,18,25,196,3,1,1,249,67,10,4.57475950373919,0,0.78714859437751,0.164473684210526,0.245562130177515,0.41860401744005,0,35.6,53.6
2021,REG,00-0031273,C.Brate,Cameron Brate,TE,TE,"https://static.www.nfl.com/image/private/f_auto,q_auto/league/jhioqec65qy4z7s6w9a6",16,TB,0,0,0,0,0,0,0,0,0,0,0,0,,0,,,0,0,0,0,0,0,,0,30,57,245,4,0,0,434,81,15,-2.18515564264691,0,0.564516129032258,0.0849478390461997,0.0802514792899408,0.183597794072258,0,48.5,78.5
2021,REG,00-0031280,D.Carr,Derek Carr,QB,QB,"https://static.www.nfl.com/image/private/f_auto,q_auto/league/cffbp9sqfioxa2jk2oqf",17,LV,428,626,4804,23,14,40,241,9,5,5084,2283,217,40.3015188207908,0,0.94492525570417,0.104949612170062,40,108,0,4,0,9,-4.12711846196233,0,0,0,0,0,0,0,0,0,0,,0,,,,,0,256.96,256.96
2021,REG,00-0031285,D.Freeman,Devonta Freeman,RB,RB,"https://static.www.nfl.com/image/private/f_auto,q_auto/league/vjhvfwypu1byxfo2uvki",16,BAL,0,0,0,0,0,0,0,0,0,0,0,0,,0,,,133,576,5,0,0,31,-2.96141238136372,0,34,42,190,1,0,0,36,183,9,1.16183870210079,0,5.27777777777778,0.0884210526315789,0.0095364238410596,0.13930707563611,0,112.6,146.6
2021,REG,00-0031319,D.Spencer,Diontae Spencer,WR,WR,"https://static.www.nfl.com/image/private/f_auto,q_auto/league/lf3axvxomg2ktozc1rei",4,DEN,0,0,0,0,0,0,0,0,0,0,0,0,,0,,,0,0,0,0,0,0,,0,1,4,-3,0,0,0,9,0,0,-3.41068106825696,0,-0.333333333333333,0.0330578512396694,0.0131004366812227,0.05875708253636,0,-0.3,0.7
2021,REG,00-0031325,S.Watkins,Sammy Watkins,WR,WR,"https://static.www.nfl.com/image/private/f_auto,q_auto/league/nkqk4ac4uncxocqlgp2k",11,BAL,0,0,0,0,0,0,0,0,0,0,0,0,,0,,,0,0,0,0,0,0,,0,27,49,394,1,1,1,630,107,17,-1.99723760129624,0,0.625396825396825,0.129973474801061,0.190966959684753,0.328637083980919,0,43.4,70.4
2021,REG,00-0031345,J.Garoppolo,Jimmy Garoppolo,QB,QB,"https://static.www.nfl.com/image/private/f_auto,q_auto/league/dielobmypljj7e27eiob",15,SF,301,441,3810,20,12,29,201,4,2,3306,1966,172,93.0748605427117,1,1.1524500907441,0.139540186025557,38,51,3,5,1,15,3.30761890788966,0,0,0,0,0,0,0,0,0,0,,0,,,,,0,227.5,227.5
2021,REG,00-0031363,M.Palardy,Michael Palardy,P,SPEC,"https://static.www.nfl.com/image/private/f_auto,q_auto/league/hoxfeahxcb9sbz83nose",1,MIA,0,0,0,0,0,0,0,0,0,0,0,0,,0,,,1,1,0,0,0,0,3.45699646626599,0,0,0,0,0,0,0,0,0,0,,0,,,,,0,0.1,0.1
2021,REG,00-0031376,J.McKinnon,Jerick McKinnon,RB,RB,"https://static.www.nfl.com/image/private/f_auto,q_auto/league/yezxe2j778cndbhkxwez",7,KC,0,0,0,0,0,0,0,0,0,0,0,0,,0,,,12,62,0,0,0,2,-1.93319299467839,0,13,20,107,1,0,0,-9,134,7,2.17584177589742,0,-11.8888888888889,0.0666666666666667,-0.0040723981900452,0.0971493212669683,0,22.9,35.9
2021,REG,00-0031381,D.Adams,Davante Adams,WR,WR,"https://static.www.nfl.com/image/private/f_auto,q_auto/league/grvqvmdzu2lsbgvqoxku",16,GB,0,0,0,0,0,0,0,0,0,0,0,0,,0,,,0,0,0,0,0,0,,0,123,169,1553,11,0,0,1614,601,84,71.9658801830014,0,0.962205700123916,0.31588785046729,0.371375977910723,0.73379496023844,0,221.3,344.3
2021,REG,00-0031382,J.Landry,Jarvis Landry,WR,WR,"https://static.www.nfl.com/image/private/f_auto,q_auto/league/w2q9uwsjvgadwyvnvopb",12,CLE,0,0,0,0,0,1,1,1,1,0,0,0,-4.68811111891409,0,,,6,40,2,1,0,4,5.01308533344841,0,52,87,570,2,1,1,696,273,28,-13.1820960384178,0,0.818965517241379,0.248571428571429,0.2497308934338,0.547668768260803,0,81.0,133.0
2021,REG,00-0031384,R.Rodgers,Richard Rodgers,TE,TE,"https://static.www.nfl.com/image/private/f_auto,q_auto/league/l9zei9dkcmbml3q1nshk",1,PHI,0,0,0,0,0,0,0,0,0,0,0,0,,0,,,0,0,0,0,0,0,,0,2,2,11,0,0,0,1,10,0,0.0663915522163734,0,11.0,0.0588235294117647,0.0045454545454545,0.0914171122994652,0,1.1,3.1
2021,REG,00-0031387,E.Ebron,Eric Ebron,TE,TE,"https://static.www.nfl.com/image/private/f_auto,q_auto/league/uaxsxymncppase7ihczd",8,PIT,0,0,0,0,0,0,0,0,0,0,0,0,,0,,,1,1,1,0,0,1,2.16808705875883,0,12,18,84,1,0,0,116,21,6,1.73737174464623,0,0.724137931034483,0.0552147239263804,0.050390964378801,0.118095760954731,0,20.5,32.5
2021,REG,00-0031395,G.Gilbert,Garrett Gilbert,QB,QB,"https://static.www.nfl.com/image/private/f_auto,q_auto/league/tqn0pjemxn7hoze93kwa",1,WAS,20,31,194,0,0,2,20,1,0,197,97,8,-2.75039310650145,0,0.984771573604061,0.045351147334656,0,0,0,0,0,0,,0,0,0,0,0,0,0,0,0,0,,0,,,,,0,7.76,7.76
2021,REG,00-0031408,M.Evans,Mike Evans,WR,WR,"https://static.www.nfl.com/image/private/f_auto,q_auto/league/w6eq27k2xs8vawwgkzbl",16,TB,0,0,0,0,0,0,0,0,0,0,0,0,,0,,,1,10,0,0,0,1,0.637556722387672,0,74,114,1035,14,0,0,1497,239,56,65.6954516261744,0,0.691382765531062,0.165938864628821,0.271097428467946,0.438676496870794,0,188.5,262.5
2021,REG,00-0031428,A.Robinson,Allen Robinson,WR,WR,"https://static.www.nfl.com/image/private/f_auto,q_auto/league/tucplhxtb3c626iekuzv",12,CHI,0,0,0,0,0,0,0,0,0,0,0,0,,0,,,0,0,0,0,0,0,,0,38,66,410,1,0,0,755,92,22,8.68141207246804,1,0.543046357615894,0.192419825072886,0.260614428719365,0.471059837712885,0,49.0,87.0
2021,REG,00-0031484,C.Manhertz,Chris Manhertz,TE,TE,"https://static.www.nfl.com/image/private/f_auto,q_auto/league/r645ts6owoqbjuxbzgdl",8,JAX,0,0,0,0,0,0,0,0,0,0,0,0,,0,,,0,0,0,0,0,0,,0,6,9,71,1,0,0,68,26,4,3.15351100254338,0,1.04411764705882,0.0327272727272727,0.0293103448275862,0.0696081504702194,0,13.1,19.1
2021,REG,00-0031503,J.Winston,Jameis Winston,QB,QB,"https://static.www.nfl.com/image/private/f_auto,q_auto/league/eupdyd3zccjeoloqmyfl",7,NO,95,161,1170,14,3,11,69,2,1,1340,578,56,21.8103870389162,0,0.873134328358209,0.121592971001164,32,166,1,0,0,17,16.8806729832431,0,0,0,0,0,0,0,0,0,0,,0,,,,,0,117.4,117.4
2021,REG,00-0031543,T.Long,Ty Long,P,SPEC,"https://static.www.nfl.com/image/private/f_auto,q_auto/league/qpn0xr42mkmkhmpd0nmd",1,LAC,0,1,0,0,0,0,0,0,0,10,0,0,-2.76716072531417,0,0.0,,0,0,0,0,0,0,,0,0,0,0,0,0,0,0,0,0,,0,,,,,0,0.0,0.0
2021,REG,00-0031544,A.Cooper,Amari Cooper,WR,WR,"https://static.www.nfl.com/image/private/f_auto,q_auto/league/zibbxjtein7gpu5zgcj4",15,DAL,0,0,0,0,0,0,0,0,0,0,0,0,,0,,,0,0,0,0,0,0,,0,68,104,865,8,1,0,1152,229,45,48.2693452255241,0,0.750868055555556,0.18978102189781,0.264766720294185,0.470008237052645,0,134.5,202.5
2021,REG,00-0031545,K.White,Kevin White,WR,WR,"https://static.www.nfl.com/image/private/f_auto,q_auto/league/u6jclvrydlw6amytmylq",3,NO,0,0,0,0,0,0,0,0,0,0,0,0,,0,,,0,0,0,0,0,0,,0,1,5,38,0,0,0,158,9,1,-1.24805453536101,0,0.240506329113924,0.0490196078431373,0.198243412797993,0.212299800723301,0,3.8,4.8
2021,REG,00-0031547,D.Parker,DeVante Parker,WR,WR,"https://static.www.nfl.com/image/private/f_auto,q_auto/league/beuyfjou6kckaoqqpa96",9,MIA,0,0,0,0,0,0,0,0,0,0,0,0,,0,,,0,0,0,0,0,0,,0,40,73,515,2,0,0,856,104,29,24.0618967613669,0,0.601635514018692,0.237012987012987,0.361486486486487,0.608560021060021,0,63.5,103.5
2021,REG,00-0031549,N.Agholor,Nelson Agholor,WR,WR,"https://static.www.nfl.com/image/private/f_auto,q_auto/league/lfc8g0z3wmxowwggvzqh",14,NE,0,0,0,0,0,0,0,0,0,0,0,0,,0,,,3,11,0,0,0,0,-0.501932865474373,0,37,64,473,3,0,0,914,104,23,3.63947347652511,0,0.517505470459519,0.144796380090498,0.254951185495119,0.39566039998233,0,66.4,103.4
2021,REG,00-0031558,M.Williams,Maxx Williams,TE,TE,"https://static.www.nfl.com/image/private/f_auto,q_auto/league/p0j7ax3rqhrzn5nvmc06",5,ARI,0,0,0,0,0,0,0,0,0,0,0,0,,0,,,0,0,0,0,0,0,,0,16,17,193,1,0,0,90,125,9,15.0714742004056,0,2.14444444444444,0.10828025477707,0.0908173562058527,0.225992531509702,0,25.3,41.3
2021,REG,00-0031585,M.Pruitt,MyCole Pruitt,TE,TE,"https://static.www.nfl.com/image/private/f_auto,q_auto/league/okk2t3ngao7qszoxxcph",10,TEN,0,0,0,0,0,0,0,0,0,0,0,0,,0,,,0,0,0,0,0,0,,0,14,18,145,3,0,0,118,59,10,8.84313614782877,1,1.22881355932203,0.0592105263157895,0.0543778801843318,0.126880305602716,0,34.5,48.5
2021,REG,00-0031588,S.Diggs,Stefon Diggs,WR,WR,"https://static.www.nfl.com/image/private/f_auto,q_auto/league/zf6nbnzcfzu4y7yq2nzk",17,BUF,0,0,0,0,0,1,2,0,0,0,0,0,-0.836327348719351,0,,,0,0,0,0,0,0,,0,103,164,1225,10,1,0,1827,326,66,31.9898556666418,0,0.670498084291188,0.263242375601926,0.34628506444276,0.637263108512821,0,182.5,285.5
2021,REG,00-0031595,M.Burton,Michael Burton,FB,RB,"https://static.www.nfl.com/image/private/f_auto,q_auto/league/y8chssh9pcuzv5uc7nai",9,KC,0,0,0,0,0,0,0,0,0,0,0,0,,0,,,8,26,1,0,0,8,7.49727163315401,0,3,3,31,0,0,0,-5,36,2,0.791232596384361,0,-6.2,0.04,-0.0092592592592592,0.0535185185185185,0,11.7,14.7
2021,REG,00-0031598,N.Boyle,Nick Boyle,TE,TE,"https://static.www.nfl.com/image/private/f_auto,q_auto/league/emqvoudb71kgmkfphmuw",2,BAL,0,0,0,0,0,0,0,0,0,0,0,0,,0,,,0,0,0,0,0,0,,0,1,2,2,0,0,0,3,0,0,-2.07710861979285,0,0.666666666666667,0.0307692307692308,0.0066225165562913,0.0507896077432501,0,0.2,1.2
2021,REG,00-0031610,D.Waller,Darren Waller,TE,TE,"https://static.www.nfl.com/image/private/f_auto,q_auto/league/qqzht46a66zbi9xyylf4",11,LV,0,0,0,0,0,0,0,0,0,0,0,0,,0,,,0,0,0,0,0,0,,0,55,93,665,2,0,0,918,242,31,12.1684398536518,0,0.724400871459695,0.234256926952141,0.262585812356979,0.535195459078097,0,78.5,133.5
2021,REG,00-0031687,R.Mostert,Raheem Mostert,RB,RB,"https://static.www.nfl.com/image/private/f_auto,q_auto/league/jt7n28bmkyobsxmdbvqu",1,SF,0,0,0,0,0,0,0,0,0,0,0,0,,0,,,2,20,0,0,0,1,1.5217217085883,0,0,0,0,0,0,0,0,0,0,,0,,,,,0,2.0,2.0
2021,REG,00-0031690,E.Tomlinson,Eric Tomlinson,TE,TE,"https://static.www.nfl.com/image/private/f_auto,q_auto/league/swiwooxium4wmas8wq4c",1,BAL,0,0,0,0,0,0,0,0,0,0,0,0,,0,,,0,0,0,0,0,0,,0,1,1,7,0,0,0,3,4,0,0.305387636413798,0,2.33333333333333,0.024390243902439,0.0092879256965944,0.0430869138412746,0,0.7,1.7
2021,REG,00-0031763,D.Carter,DeAndre Carter,WR,WR,"https://static.www.nfl.com/image/private/f_auto,q_auto/league/mh4cvggohuakwwhobzrk",15,WAS,0,0,0,0,0,0,0,0,0,0,0,0,,0,,,10,89,0,1,0,4,2.68775499716867,0,24,44,296,3,0,0,485,78,17,9.94271032941698,0,0.610309278350516,0.106796116504854,0.149368647982753,0.264752228345209,1,62.5,86.5
2021,REG,00-0031787,J.Kumerow,Jake Kumerow,WR,WR,"https://static.www.nfl.com/image/private/f_auto,q_auto/league/lrfqprrjgaeaicqsd0f9",4,BUF,0,0,0,0,0,0,0,0,0,0,0,0,,0,,,0,0,0,0,0,0,,0,2,6,28,0,0,0,86,7,2,-0.4224363178364,0,0.325581395348837,0.037037037037037,0.0638930163447251,0.100280666996863,0,2.8,4.8
2021,REG,00-0031796,J.Coleman,Justin Coleman,CB,DB,"https://static.www.nfl.com/image/private/f_auto,q_auto/league/v4axwk5l0cixta9m4hw7",1,MIA,0,0,0,0,0,0,0,0,0,0,0,0,,0,,,0,0,0,0,0,0,,0,0,0,0,0,0,0,0,0,0,,0,,,,,1,6.0,6.0
2021,REG,00-0031800,T.Heinicke,Taylor Heinicke,QB,QB,"https://static.www.nfl.com/image/private/f_auto,q_auto/league/r9uju522lkr3sq3vwgft",16,WAS,321,494,3419,20,15,38,278,4,2,3779,1747,167,-26.5163155791674,0,0.904736702831437,0.0528011322350882,60,313,1,3,0,20,4.29426229061581,1,1,1,-2,0,0,0,-4,2,0,-1.0956080048345,0,0.0,0.0416666666666667,-0.0242424242424242,0.045530303030303,0,221.86,222.86
2021,REG,00-0031806,M.Brown,Malcolm Brown,RB,RB,"https://static.www.nfl.com/image/private/f_auto,q_auto/league/zxnjheichwlnvvu5qdyl",6,MIA,0,0,0,0,0,0,0,0,0,0,0,0,,0,,,33,125,1,0,0,6,-8.53826775227208,0,3,5,10,0,0,0,-2,8,0,-2.2526608449989,0,-5.0,0.0304878048780488,-0.002002002002002,0.0443303059156718,0,19.5,22.5
2021,REG,00-0031868,D.Byrd,Damiere Byrd,WR,WR,"https://static.www.nfl.com/image/private/f_auto,q_auto/league/cskulleqxehtrgkqsl3u",11,CHI,0,0,0,0,0,0,0,0,0,0,0,0,,0,,,0,0,0,0,0,0,,0,26,38,329,1,0,0,325,116,18,7.92083256049748,1,1.01230769230769,0.0979381443298969,0.123339658444023,0.233244977405661,0,40.9,66.9
2021,REG,00-0031934,D.Smith,Devin Smith,WR,WR,"https://static.www.nfl.com/image/private/f_auto,q_auto/league/sxvloat4tcr7e6eghply",1,JAX,0,0,0,0,0,0,0,0,0,0,0,0,,0,,,0,0,0,0,0,0,,0,0,1,0,0,0,0,19,0,0,-4.46986348193605,0,0.0,0.02,0.0449172576832151,0.0614420803782506,0,0.0,0.0
2021,REG,00-0031941,J.Crowder,Jamison Crowder,WR,WR,"https://static.www.nfl.com/image/private/f_auto,q_auto/league/glmuevjuy3coqf1t3rqj",12,NYJ,0,0,0,0,0,1,3,0,0,0,0,0,-1.35081572039053,1,,,0,0,0,0,0,0,,0,51,71,447,2,1,1,448,174,22,6.59494427510675,1,0.997767857142857,0.16588785046729,0.149383127709236,0.3533999650974,0,58.7,109.7
2021,REG,00-0031951,J.O'Shaughnessy,James O'Shaughnessy,TE,TE,"https://static.www.nfl.com/image/private/f_auto,q_auto/league/sz5g57zhnshipkpw39sz",7,JAX,0,0,0,0,0,0,0,0,0,0,0,0,,0,,,0,0,0,0,0,0,,0,24,34,244,0,0,0,226,114,10,1.35439811055265,1,1.07964601769912,0.130769230769231,0.100668151447661,0.266621552167209,0,26.4,50.4
2021,REG,00-0032009,A.Humphries,Adam Humphries,WR,WR,"https://static.www.nfl.com/image/private/f_auto,q_auto/league/l56ywjejfpraigzs4qia",17,WAS,0,0,0,0,0,0,0,0,0,0,0,0,,0,,,0,0,0,0,0,0,,0,41,62,383,0,0,0,411,158,23,-6.25826899843443,0,0.931873479318735,0.116104868913858,0.101632047477745,0.245299736605208,0,38.3,79.3
2021,REG,00-0032054,B.Perriman,Breshad Perriman,WR,WR,"https://static.www.nfl.com/image/private/f_auto,q_auto/league/zpwov1n42bi5lsqdlxhh",5,TB,0,0,0,0,0,0,0,0,0,0,0,0,,0,,,1,-3,0,0,0,0,-0.7378263422288,0,11,18,167,1,0,0,169,102,5,7.0008826477049,0,0.988165680473373,0.0779220779220779,0.0935251798561151,0.182350742782397,0,22.4,33.4
2021,REG,00-0032058,T.Coleman,Tevin Coleman,RB,RB,"https://static.www.nfl.com/image/private/f_auto,q_auto/league/wiu4r7bvhcafs9vamqc",11,NYJ,0,0,0,0,0,0,0,0,0,0,0,0,,0,,,84,356,0,0,0,19,-5.87963856130955,0,11,16,49,0,0,0,-23,88,2,-2.32467770623043,0,-2.1304347826087,0.0653061224489796,-0.0133488102147417,0.0886150165231502,0,40.5,51.5
2021,REG,00-0032062,B.Bell,Blake Bell,TE,TE,"https://static.www.nfl.com/image/private/f_auto,q_auto/league/eqrmmjto8koqqc9j2kjj",11,KC,0,0,0,0,0,0,0,0,0,0,0,0,,0,,,4,10,0,0,0,4,3.28366534638917,0,9,13,87,0,0,0,31,67,4,1.2283455611323,0,2.80645161290323,0.0347593582887701,0.0139013452914798,0.061869979137191,0,9.7,18.7
2021,REG,00-0032063,M.Davis,Mike Davis,RB,RB,"https://static.www.nfl.com/image/private/f_auto,q_auto/league/csrqinegeyunycijua2q",17,ATL,0,0,0,0,0,0,0,0,0,0,0,0,,0,,,138,503,3,2,1,21,-17.8081071490014,0,44,58,259,1,2,2,-52,306,12,-23.2166593079061,0,-4.98076923076923,0.112621359223301,-0.0141960141960142,0.158994828897742,0,94.2,138.2
2021,REG,00-0032098,D.Brown,Daniel Brown,TE,TE,"https://static.www.nfl.com/image/private/f_auto,q_auto/league/fnhg5hbp5sjn3uuanqua",1,NYJ,0,0,0,0,0,0,0,0,0,0,0,0,,0,,,0,0,0,0,0,0,,0,2,2,29,0,0,0,7,22,1,1.33121470594779,0,4.14285714285714,0.0666666666666667,0.033175355450237,0.123222748815166,0,2.9,4.9
2021,REG,00-0032104,A.Abdullah,Ameer Abdullah,RB,RB,"https://static.www.nfl.com/image/private/f_auto,q_auto/league/cvjebibvlvv8bclqyc8a",15,CAR,0,0,0,0,0,0,0,0,0,0,0,0,,0,,,51,166,0,0,0,8,-10.994161704571,0,38,53,289,1,0,0,43,294,13,-6.71509952953683,0,6.72093023255814,0.128953771289538,0.0150454863540938,0.203962497382172,0,51.5,89.5
2021,REG,00-0032128,C.Conley,Chris Conley,WR,WR,"https://static.www.nfl.com/image/private/f_auto,q_auto/league/wddhtkz5tmo47x5s3qnq",14,HOU,0,0,0,0,0,0,0,0,0,0,0,0,,0,,,1,3,0,0,0,1,0.4300111241173,0,22,37,323,2,1,1,340,126,15,10.7344729667375,0,0.95,0.0852534562211982,0.111220150474321,0.205734289663822,0,42.6,64.6
2021,REG,00-0032134,C.Uzomah,C.J. Uzomah,TE,TE,"https://static.www.nfl.com/image/private/f_auto,q_auto/league/hnkflpl5pzbfbdvtcv1c",16,CIN,0,0,0,0,0,0,0,0,0,0,0,0,,0,,,0,0,0,0,0,0,,0,49,63,493,5,0,0,274,300,24,19.4237881508718,0,1.7992700729927,0.123287671232877,0.065222566055701,0.230587303088306,0,79.3,128.3
2021,REG,00-0032135,J.James,Jesse James,TE,TE,"https://static.www.nfl.com/image/private/f_auto,q_auto/league/rgk9zqdx9lmbcblem3xn",4,CHI,0,0,0,0,0,0,0,0,0,0,0,0,,0,,,0,0,0,0,0,0,,0,7,8,62,1,0,0,54,18,3,2.0551499077072,0,1.14814814814815,0.0625,0.0501392757660167,0.128847493036212,0,12.2,19.2
2021,REG,00-0032141,G.Swaim,Geoff Swaim,TE,TE,"https://static.www.nfl.com/image/upload/f_auto,q_auto/league/hx9yaocl4a6owbwaqajy",16,TEN,0,0,0,0,0,0,0,0,0,0,0,0,,0,,,0,0,0,0,0,0,,0,31,40,210,3,0,0,146,139,12,9.25205968681257,0,1.43835616438356,0.0849256900212314,0.0423188405797101,0.157011723437644,0,39.0,70.0
2021,REG,00-0032144,M.Gordon,Melvin Gordon,RB,RB,"https://static.www.nfl.com/image/private/f_auto,q_auto/league/i4g8x7yotpgszlyanow0",16,DEN,0,0,0,0,0,0,0,0,0,0,0,0,,0,,,203,918,8,3,3,48,-18.8745549496671,0,28,38,213,2,0,0,12,186,9,-2.6175525314612,0,17.75,0.0833333333333333,0.0034632034632034,0.127424242424242,0,167.1,195.1
2021,REG,00-0032156,T.Siemian,Trevor Siemian,QB,QB,"https://static.www.nfl.com/image/private/f_auto,q_auto/league/vmksfbms9zefxezf39sb",6,NO,108,188,1154,11,3,9,64,3,1,1329,507,61,-6.7043056882345,0,0.868322046651618,0.0328594454846213,9,20,1,0,0,2,-3.77158512477763,0,0,0,0,0,0,0,0,0,0,,0,,,,,0,90.16,90.16
2021,REG,00-0032160,T.Williams,Tyrell Williams,WR,WR,"https://static.www.nfl.com/image/private/f_auto,q_auto/league/qixhze7yidydtc1vyeih",1,DET,0,0,0,0,0,0,0,0,0,0,0,0,,0,,,0,0,0,0,0,0,,0,2,3,14,0,0,0,13,8,1,0.79947291181982,0,1.07692307692308,0.0535714285714286,0.0372492836676218,0.106431641424478,0,1.4,3.4
2021,REG,00-0032187,D.Johnson,David Johnson,RB,RB,"https://static.www.nfl.com/image/private/f_auto,q_auto/league/y7dtsyyjnoafefkbylbb",13,HOU,0,0,0,0,0,0,0,0,0,0,0,0,,0,,,67,228,0,1,1,7,-21.6784528842545,0,32,42,225,1,0,0,87,191,11,-8.56870917309846,0,2.58620689655172,0.114441416893733,0.0307094952347335,0.193158772004913,0,49.3,81.3
2021,REG,00-0032200,T.Montgomery,Ty Montgomery,WR,WR,"https://static.www.nfl.com/image/private/f_auto,q_auto/league/eagn4fvhnc9cp3wxeqoz",11,NO,0,0,0,0,0,0,0,0,0,0,0,0,,0,,,15,44,0,0,0,2,-6.02045034448383,0,16,26,95,0,0,0,46,87,5,-4.37627490650205,0,2.06521739130435,0.103585657370518,0.0372168284789644,0.181430265991052,0,13.9,29.9
2021,REG,00-0032208,P.Dorsett,Phillip Dorsett,WR,WR,"https://static.www.nfl.com/image/private/f_auto,q_auto/league/g69i8oxbeeqpjz5kvoqo",5,HOU,0,0,0,0,0,0,0,0,0,0,0,0,,0,,,1,0,0,0,0,0,-0.528008469147608,0,7,14,110,0,0,0,210,27,3,-0.90202973821239,0,0.523809523809524,0.0833333333333333,0.198675496688742,0.264072847682119,0,11.0,18.0
2021,REG,00-0032211,T.Lockett,Tyler Lockett,WR,WR,"https://static.www.nfl.com/image/private/f_auto,q_auto/league/f9wttnkcqc2scahf9oth",16,SEA,0,0,0,0,0,0,0,0,0,0,0,0,,0,,,2,9,0,0,0,0,-0.155222098401282,0,73,107,1175,8,0,0,1562,277,41,52.5691462435526,1,0.752240717029449,0.239910313901345,0.385203452527744,0.629507887621438,0,168.4,241.4
2021,REG,00-0032214,T.Kroft,Tyler Kroft,TE,TE,"https://static.www.nfl.com/image/private/f_auto,q_auto/league/ztko1uhl01ebiutefibj",9,NYJ,0,0,0,0,0,0,0,0,0,0,0,0,,0,,,0,0,0,0,0,0,,0,16,25,173,1,0,0,144,74,9,5.4017754854514,0,1.20138888888889,0.0836120401337793,0.0657534246575342,0.171445457460943,0,23.3,39.3
2021,REG,00-0032245,S.Mannion,Sean Mannion,QB,QB,"https://static.www.nfl.com/image/private/f_auto,q_auto/league/lcuc7hhiijmt8xtitm77",1,MIN,22,36,189,1,0,2,15,0,0,233,94,8,-10.9115954580929,0,0.811158798283262,-0.003662178090868,2,14,0,0,0,2,2.50176163506694,0,0,0,0,0,0,0,0,0,0,,0,,,,,0,12.96,12.96
2021,REG,00-0032257,D.Johnson,Duke Johnson,RB,RB,"https://static.www.nfl.com/image/private/f_auto,q_auto/league/hf7lxjjesduggqdfktsg",5,MIA,0,0,0,0,0,0,0,0,0,0,0,0,,0,,,71,330,3,0,0,18,-1.47177171659072,0,4,5,41,0,0,0,-8,51,3,1.96116114751203,0,-5.125,0.0588235294117647,-0.0105960264900662,0.0808180755746007,0,55.1,59.1
2021,REG,00-0032268,M.Mariota,Marcus Mariota,QB,QB,"https://static.www.nfl.com/image/private/f_auto,q_auto/league/dpbdwpmpd9vht8hzqqq6",7,LV,1,2,4,0,0,0,0,0,0,31,8,0,-0.720428425469436,0,0.129032258064516,,13,87,1,1,0,6,7.2433208815637,0,0,0,0,0,0,0,0,0,0,,0,,,,,0,14.86,14.86
2021,REG,00-0032355,C.Rogers,Chester Rogers,WR,WR,"https://static.www.nfl.com/image/private/f_auto,q_auto/league/lkszsifhpwtjpvjvlxw5",16,TEN,0,0,0,0,0,0,0,0,0,0,0,0,,0,,,1,9,0,0,0,0,0.751375535386615,0,30,43,301,1,0,0,323,103,12,2.82184276543971,0,0.931888544891641,0.0868686868686869,0.0879869245437211,0.191893877483635,0,37.0,67.0
2021,REG,00-0032381,T.Decker,Taylor Decker,T,OL,"https://static.www.nfl.com/image/private/f_auto,q_auto/league/wh3o6mnivndt8afzczel",2,DET,0,0,0,0,0,0,0,0,0,0,0,0,,0,,,0,0,0,0,0,0,,0,2,2,4,1,0,0,3,1,1,0.1940252922941,0,1.33333333333333,0.0266666666666667,0.0056285178236397,0.0439399624765478,0,6.4,8.4
2021,REG,00-0032385,S.Shepard,Sterling Shepard,WR,WR,"https://static.www.nfl.com/image/private/f_auto,q_auto/league/qbsz1nkk6lnudmcwimer",7,NYG,0,0,0,0,0,0,0,0,0,0,0,0,,0,,,1,-9,0,0,0,0,-1.43972287885845,0,36,53,366,1,0,0,404,111,19,1.81747755290001,0,0.905940594059406,0.208661417322835,0.206649616368286,0.457646857442053,0,41.7,77.7
2021,REG,00-0032392,A.Hooper,Austin Hooper,TE,TE,"https://static.www.nfl.com/image/private/f_auto,q_auto/league/jp2z8s6pcanbitupycwc",15,CLE,0,0,0,0,0,0,0,0,0,0,0,0,,0,,,0,0,0,0,0,0,,0,38,61,345,3,0,0,328,185,18,18.9685033067442,1,1.05182926829268,0.146282973621103,0.092524682651622,0.28419173828779,0,54.5,92.5
2021,REG,00-0032394,N.Vannett,Nick Vannett,TE,TE,"https://static.www.nfl.com/image/private/f_auto,q_auto/league/cccwwxb6tvsfhm3ylqul",7,NO,0,0,0,0,0,0,0,0,0,0,0,0,,0,,,0,0,0,0,0,0,,0,9,15,133,1,0,0,83,92,7,6.71677217731671,0,1.60240963855422,0.078125,0.063504208110176,0.161640445677123,0,19.3,28.3
2021,REG,00-0032398,C.Moore,Chris Moore,WR,WR,"https://static.www.nfl.com/image/private/f_auto,q_auto/league/tov68mj1pddkbfsfuajn",8,HOU,0,0,0,0,0,0,0,0,0,0,0,0,,0,,,0,0,0,0,0,0,,0,21,22,227,2,0,0,90,150,6,7.92604096379364,0,2.52222222222222,0.0869565217391304,0.0460358056265985,0.162659846547315,0,34.7,55.7
2021,REG,00-0032426,A.Collins,Alex Collins,RB,RB,"https://static.www.nfl.com/image/private/f_auto,q_auto/league/ddlhbm7zsi5o69wh6z5o",11,SEA,0,0,0,0,0,0,0,0,0,0,0,0,,0,,,108,411,2,0,0,22,-12.090981805406,0,9,10,87,0,1,1,2,96,3,-1.43144154545735,0,43.5,0.0497512437810945,0.0017452006980802,0.075848506160298,0,59.8,68.8
2021,REG,00-0032434,B.Allen,Brandon Allen,QB,QB,"https://static.www.nfl.com/image/private/f_auto,q_auto/league/bru1tv2adumstssu7bqw",5,CIN,17,34,149,2,0,4,33,1,0,174,120,5,-10.6450854696045,0,0.85632183908046,-0.070069038084762,7,-1,0,0,0,1,-6.82555352622876,0,0,0,0,0,0,0,0,0,0,,0,,,,,0,13.86,13.86
2021,REG,00-0032450,D.Washington,Dwayne Washington,RB,RB,"https://static.www.nfl.com/image/private/f_auto,q_auto/league/h1nintlpbk2zyxerjpy4",3,NO,0,0,0,0,0,0,0,0,0,0,0,0,,0,,,4,16,0,0,0,0,-0.221869002562016,0,2,2,12,0,0,0,2,10,0,-0.0143035751243588,0,6.0,0.032258064516129,0.0103626943005181,0.0556409827845562,0,2.8,4.8
2021,REG,00-0032464,K.Raymond,Kalif Raymond,WR,WR,"https://static.www.nfl.com/image/private/f_auto,q_auto/league/q2kahfn76dnnb1uxxorv",16,DET,0,0,0,0,0,0,0,0,0,0,0,0,,0,,,4,28,0,0,0,2,1.41380493855104,0,48,71,576,4,0,0,725,262,27,17.0472832758532,0,0.79448275862069,0.134469696969697,0.208993946382243,0.348000307922115,0,84.4,132.4
2021,REG,00-0032496,M.Farley,Matthias Farley,FS,DB,"https://static.www.nfl.com/image/private/f_auto,q_auto/league/yz4nj2cu0emfjudr3ofz",1,TEN,1,1,6,0,0,0,0,0,0,4,2,1,3.06227189977653,0,1.5,,0,0,0,0,0,0,,0,0,0,0,0,0,0,0,0,0,,0,,,,,0,0.24,0.24
2021,REG,00-0032543,A.Erickson,Alex Erickson,WR,WR,"https://static.www.nfl.com/image/private/f_auto,q_auto/league/tnd77vbkyo8srrrkaisu",4,CAR,0,0,0,0,0,0,0,0,0,0,0,0,,0,,,0,0,0,0,0,0,,0,3,4,55,0,0,0,33,30,2,1.91760590166086,0,1.66666666666667,0.0273972602739726,0.0241051862673484,0.0579695207981028,0,5.5,8.5
2021,REG,00-0032602,J.McKissic,J.D. McKissic,RB,RB,"https://static.www.nfl.com/image/private/f_auto,q_auto/league/zi77vkqwrmklt5ic6lc6",11,WAS,0,0,0,0,0,0,0,0,0,0,0,0,,0,,,48,212,2,0,0,14,3.94742741785012,0,43,53,397,2,0,0,31,380,15,13.8795399948386,0,12.8064516129032,0.147222222222222,0.0112727272727273,0.228724242424242,0,84.9,127.9
2021,REG,00-0032626,G.Allison,Geronimo Allison,WR,WR,"https://static.www.nfl.com/image/private/f_auto,q_auto/league/pngohl9rhrwyiaf7ywnz",1,DET,0,0,0,0,0,0,0,0,0,0,0,0,,0,,,0,0,0,0,0,0,,0,0,2,0,0,0,0,20,0,0,-1.21637288200834,0,0.0,0.0625,0.141843971631206,0.193040780141844,0,0.0,0.0
2021,REG,00-0032688,R.Chosen,Robbie Chosen,WR,WR,"https://static.www.nfl.com/image/private/f_auto,q_auto/league/hkcncqfwusv19fah3mbt",17,CAR,0,0,0,0,0,0,0,0,0,0,0,0,,0,,,3,36,0,0,0,1,2.22492585459258,0,53,110,519,5,0,0,1156,158,27,-28.5943300228586,0,0.448961937716263,0.191304347826087,0.26827570201903,0.474749513152451,0,85.5,138.5
2021,REG,00-0032725,S.Anderson,Stephen Anderson,TE,TE,"https://static.www.nfl.com/image/private/f_auto,q_auto/league/inufsxftnotmpeot1lh2",11,LAC,0,0,0,0,0,0,0,0,0,0,0,0,,0,,,0,0,0,0,0,0,,0,16,19,165,1,0,0,67,115,9,7.20989115905832,0,2.46268656716418,0.0455635491606715,0.0219312602291326,0.0836972059014,0,22.5,38.5
2021,REG,00-0032741,P.Barber,Peyton Barber,RB,RB,"https://static.www.nfl.com/image/private/f_auto,q_auto/league/yjcjcrdiztmfwjgcfbux",9,LV,0,0,0,0,0,0,0,0,0,0,0,0,,0,,,55,212,2,2,0,12,-9.86762250050215,0,10,13,67,0,0,0,20,73,3,-0.0441777537344024,0,3.35,0.0613207547169811,0.0120192307692308,0.100394593613933,0,39.9,49.9
2021,REG,00-0032764,D.Henry,Derrick Henry,RB,RB,"https://static.www.nfl.com/image/private/f_auto,q_auto/league/xpewyoieoj7zeub4fvff",8,TEN,1,1,5,1,0,0,0,0,0,5,0,1,1.03209029574646,0,1.0,,219,937,10,1,0,49,-5.89525413301408,1,18,20,154,0,0,0,-3,160,7,9.71497040960821,0,-51.3333333333333,0.099009900990099,-0.0018292682926829,0.14723436368027,0,175.3,193.3
2021,REG,00-0032775,D.Robinson,Demarcus Robinson,WR,WR,"https://static.www.nfl.com/image/private/f_auto,q_auto/league/ceqqkylismka583qo9kk",14,KC,0,0,0,0,0,0,0,0,0,0,0,0,,0,,,0,0,0,0,0,0,,0,25,41,264,3,0,0,427,62,13,9.85642905299566,0,0.618266978922717,0.0742753623188406,0.103289791969037,0.183715897856587,0,44.4,69.4
2021,REG,00-0032778,T.Sharpe,Tajae Sharpe,WR,WR,"https://static.www.nfl.com/image/private/f_auto,q_auto/league/c8fgfxrl2gmdv8thgw1p",14,ATL,0,0,0,0,0,0,0,0,0,0,0,0,,0,,,0,0,0,0,0,0,,0,25,37,230,0,0,0,347,69,14,4.76819341704452,0,0.662824207492795,0.0772442588726514,0.107032695866749,0.190789275415701,0,23.0,48.0
2021,REG,00-0032780,J.Howard,Jordan Howard,RB,RB,"https://static.www.nfl.com/image/private/f_auto,q_auto/league/nbvb6bsrmjupmqrrf1n4",7,PHI,0,0,0,0,0,0,0,0,0,0,0,0,,0,,,86,406,3,0,0,24,-0.571893505462789,0,2,5,19,0,0,0,9,14,2,-0.827064380398952,0,2.11111111111111,0.0943396226415094,0.0195227765726681,0.155175377563132,0,60.5,62.5
2021,REG,00-0032782,W.Smallwood,Wendell Smallwood,RB,RB,"https://static.www.nfl.com/image/private/f_auto,q_auto/league/r20rhl0c17ql8dtnl5kz",2,WAS,0,0,0,0,0,0,0,0,0,0,0,0,,0,,,5,25,0,0,0,2,0.765405635931529,0,4,5,22,0,0,0,3,14,0,-1.47583956969902,0,7.33333333333333,0.078125,0.0081967213114754,0.122925204918033,0,4.7,8.7
2021,REG,00-0032790,D.Houston-Carson,DeAndre Houston-Carson,FS,DB,"https://static.www.nfl.com/image/private/f_auto,q_auto/league/fxpb4ojlixre6s7tn5ru",1,CHI,0,0,0,0,0,0,0,0,0,0,0,0,,0,,,0,0,0,0,0,0,,0,0,0,0,0,0,0,0,0,0,,0,,,,,1,6.0,6.0
2021,REG,00-0032791,J.Grant,Jakeem Grant,WR,WR,"https://static.www.nfl.com/image/private/f_auto,q_auto/league/f2ujcvb61rknhjyxcrsu",7,CHI,0,0,0,0,0,0,0,0,0,0,0,0,,0,,,5,33,0,0,0,2,0.943557511724066,0,11,17,132,2,1,1,80,103,7,2.44266299367882,0,1.65,0.0794392523364486,0.0482800241400121,0.152954895402681,1,32.5,43.5
2021,REG,00-0032807,C.Fejedelem,Clayton Fejedelem,SS,DB,"https://static.www.nfl.com/image/private/f_auto,q_auto/league/mlxzah8tensxhgwc7z3x",1,MIA,0,0,0,0,0,0,0,0,0,0,0,0,,0,,,1,0,0,1,1,0,-3.50586333242245,0,0,0,0,0,0,0,0,0,0,,0,,,,,0,-2.0,-2.0
2021,REG,00-0032813,E.Penny,Elijhaa Penny,RB,RB,"https://static.www.nfl.com/image/private/f_auto,q_auto/league/jiebuu94lu81xzneqrsf",11,NYG,0,0,0,0,0,0,0,0,0,0,0,0,,0,,,24,99,1,0,0,9,-0.544192561386028,1,9,13,30,1,0,0,-4,36,4,-4.11426882405067,0,-7.5,0.0541666666666667,-0.002745367192862,0.0793282429649966,0,26.9,35.9
2021,REG,00-0032881,T.Lewis,Tommylee Lewis,WR,WR,"https://static.www.nfl.com/image/private/f_auto,q_auto/league/qvf3ud6rgqusejdd4f5u",1,MIA,0,0,0,0,0,0,0,0,0,0,0,0,,0,,,0,0,0,0,0,0,,0,1,2,7,0,0,0,6,11,1,0.253530551446602,0,1.16666666666667,0.0769230769230769,0.0304568527918782,0.13670441233893,0,0.7,1.7
2021,REG,00-0032897,D.Watt,Derek Watt,FB,RB,"https://static.www.nfl.com/image/private/f_auto,q_auto/league/jrhk6npb7u3tmgzt7rwn",4,PIT,0,0,0,0,0,0,0,0,0,0,0,0,,0,,,1,1,0,0,0,1,2.14324945467524,0,3,3,15,0,0,0,-1,16,0,0.466171666164883,0,-15.0,0.0223880597014925,-0.0068027210884353,0.028820184790334,0,1.6,4.6
2021,REG,00-0032918,C.Ham,C.J. Ham,FB,RB,"https://static.www.nfl.com/image/private/f_auto,q_auto/league/oyy0xpxazac9lbt7z8zm",15,MIN,0,0,0,0,0,0,0,0,0,0,0,0,,0,,,7,34,0,0,0,3,0.11409412935609,0,17,18,125,0,0,0,67,61,6,0.285948918841314,0,1.86567164179104,0.0497237569060774,0.0241702741702742,0.0915048272783079,0,15.9,32.9
2021,REG,00-0032943,R.Dixon,Riley Dixon,P,SPEC,"https://static.www.nfl.com/image/private/f_auto,q_auto/league/qummyltudg8zskn0si4v",1,NYG,0,1,0,0,0,0,0,0,0,13,0,0,-2.85103766736574,0,0.0,,0,0,0,0,0,0,,0,0,0,0,0,0,0,0,0,0,,0,,,,,0,0.0,0.0
2021,REG,00-0032950,C.Wentz,Carson Wentz,QB,QB,"https://static.www.nfl.com/image/private/f_auto,q_auto/league/indtay8ngoq8ubhhydbp",17,IND,322,516,3563,27,7,32,227,4,4,3937,1650,165,12.8467300000473,2,0.90500381000762,0.0702434031890498,57,215,1,4,1,21,8.80490185829222,0,0,0,0,0,0,0,0,0,0,,0,,,,,0,258.02,258.02
2021,REG,00-0032951,L.Treadwell,Laquon Treadwell,WR,WR,"https://static.www.nfl.com/image/private/f_auto,q_auto/league/k5zobcutuqqnd1cxqplo",12,JAX,0,0,0,0,0,0,0,0,0,0,0,0,,0,,,0,0,0,0,0,0,,0,33,51,434,1,0,0,613,122,22,23.1323142503435,0,0.707993474714519,0.129441624365482,0.192102789094328,0.328634388914253,0,49.4,82.4
2021,REG,00-0032956,A.Janovich,Andy Janovich,FB,RB,"https://static.www.nfl.com/image/private/f_auto,q_auto/league/w4nnz0yrfilgpexcseqy",5,CLE,0,0,0,0,0,0,0,0,0,0,0,0,,0,,,2,0,1,0,0,1,0.420954257424455,0,3,4,9,0,0,0,9,4,1,0.189477976877242,1,1.0,0.0425531914893617,0.0111111111111111,0.0716075650118203,0,8.9,11.9
2021,REG,00-0032972,D.Booker,Devontae Booker,RB,RB,"https://static.www.nfl.com/image/private/f_auto,q_auto/league/y5fw68qxcmxykv1uchlo",16,NYG,0,0,0,0,0,0,0,0,0,0,0,0,,0,,,145,593,2,0,0,31,-13.0684032377845,0,40,45,268,1,0,0,-12,297,11,5.79598372915643,0,-22.3333333333333,0.0850661625708885,-0.003680981595092,0.125022556739768,0,104.1,144.1
2021,REG,00-0032975,J.Williams,Jonathan Williams,RB,RB,"https://static.www.nfl.com/image/private/f_auto,q_auto/league/dnlboggtjcflj9fxauub",5,WAS,0,0,0,0,0,0,0,0,0,0,0,0,,0,,,17,79,1,0,0,7,7.31190442910884,0,4,6,28,0,0,0,-14,36,2,-8.52761055552401,0,-2.0,0.0618556701030928,-0.0183727034120735,0.0799226127661877,0,16.7,20.7
2021,REG,00-0032977,R.Higgins,Rashard Higgins,WR,WR,"https://static.www.nfl.com/image/private/f_auto,q_auto/league/mdn4he3iuc2mwx3cfvfj",12,CLE,0,0,0,0,0,0,0,0,0,0,0,0,,0,,,0,0,0,0,0,0,,0,24,47,275,1,0,0,546,41,16,5.27309531600001,0,0.503663003663004,0.129120879120879,0.181757656458056,0.320911678201958,0,33.5,57.5
2021,REG,00-0032980,M.Johnson,Marcus Johnson,WR,WR,"https://static.www.nfl.com/image/private/f_auto,q_auto/league/pwq2yi4ewqtsx6buynay",7,TEN,0,0,0,0,0,0,0,0,0,0,0,0,,0,,,2,-2,0,0,0,1,-1.42043848498724,0,9,19,160,0,0,0,171,95,7,0.285265531332698,0,0.935672514619883,0.103825136612022,0.128378378378378,0.245602569782898,0,15.8,24.8
2021,REG,00-0033006,J.Mickens,Jaydon Mickens,WR,WR,"https://static.www.nfl.com/image/private/f_auto,q_auto/league/edjmdcnmfcqucsqym7ku",2,JAX,0,0,0,0,0,0,0,0,0,0,0,0,,0,,,0,0,0,0,0,0,,0,2,3,10,0,0,0,58,3,1,0.590312995249406,0,0.172413793103448,0.0461538461538462,0.139423076923077,0.166826923076923,0,1.0,3.0
2021,REG,00-0033009,T.Boyd,Tyler Boyd,WR,WR,"https://static.www.nfl.com/image/private/f_auto,q_auto/league/vconwllovf9jqxpu9mow",16,CIN,1,1,46,0,0,0,0,0,0,-4,50,1,3.19244362713653,0,0.0,,2,22,0,0,0,1,1.35556690348312,0,67,94,828,5,1,0,744,389,37,20.2441001435303,0,1.11290322580645,0.183953033268102,0.177100690311831,0.399900033120434,0,116.84,183.84
2021,REG,00-0033025,J.Richard,Jalen Richard,RB,RB,"https://static.www.nfl.com/image/private/f_auto,q_auto/league/evmn0ccnvk73tukpmk5f",8,LV,0,0,0,0,0,0,0,0,0,0,0,0,,0,,,9,40,0,0,0,3,-1.32040608338119,0,12,14,72,0,0,0,7,67,4,-3.11693634284893,0,10.2857142857143,0.053030303030303,0.0034636318654131,0.0819699968512438,0,11.2,23.2
2021,REG,00-0033040,T.Hill,Tyreek Hill,WR,WR,"https://static.www.nfl.com/image/private/f_auto,q_auto/league/lsszbdnkusxc7mduw5be",17,KC,0,0,0,0,0,0,0,0,0,0,0,0,,0,,,9,96,0,0,0,4,2.9771603627014,0,111,159,1239,9,2,1,1647,444,75,62.3657152911482,0,0.752276867030965,0.249607535321821,0.353889127632144,0.622133692325233,0,185.5,296.5
2021,REG,00-0033045,E.Elliott,Ezekiel Elliott,RB,RB,"https://static.www.nfl.com/image/upload/f_auto,q_auto/league/qf0zgze0wkbvu9rlvolf",17,DAL,1,1,4,0,0,0,0,0,0,-4,8,0,-0.79311397834681,0,0.0,,237,1002,10,1,1,55,-19.2683724808694,3,47,65,287,2,0,0,22,303,17,-1.12333506497126,0,13.0454545454545,0.102040816326531,0.0051055929449988,0.156635139551295,0,205.06,252.06
2021,REG,00-0033077,D.Prescott,Dak Prescott,QB,QB,"https://static.www.nfl.com/image/private/f_auto,q_auto/league/knx0jxponzfkusnyvjkn",16,DAL,410,596,4449,37,10,30,144,7,3,4629,2028,227,109.068460174767,2,0.961114711600778,0.11207839213324,48,146,1,8,3,7,-24.4089228579805,1,0,0,0,0,0,0,0,0,0,,0,,,,,0,320.56,320.56
2021,REG,00-0033090,H.Henry,Hunter Henry,TE,TE,"https://static.www.nfl.com/image/private/f_auto,q_auto/league/sdjob9akppefyo7py5tj",16,NE,0,0,0,0,0,0,0,0,0,0,0,0,,0,,,0,0,0,0,0,0,,0,50,75,603,9,0,0,726,144,34,34.4443843149253,0,0.830578512396694,0.143953934740883,0.171388101983003,0.335902573499426,0,114.3,164.3
2021,REG,00-0033094,M.Hall,Marvin Hall,WR,WR,"https://static.www.nfl.com/image/private/f_auto,q_auto/league/dgyruyvyeuy4cwxhysox",1,ATL,0,0,0,0,0,0,0,0,0,0,0,0,,0,,,0,0,0,0,0,0,,0,1,1,10,0,0,0,5,5,1,1.1529732060153,0,2.0,0.0454545454545455,0.0303030303030303,0.0893939393939394,0,1.0,2.0
2021,REG,00-0033095,G.Griffin,Garrett Griffin,TE,TE,"https://static.www.nfl.com/image/private/f_auto,q_auto/league/ss70hidq9xcteze3rdeg",2,NO,0,0,0,0,0,0,0,0,0,0,0,0,,0,,,0,0,0,0,0,0,,0,4,4,39,0,1,0,12,27,2,2.2624495245982,0,3.25,0.0526315789473684,0.024948024948025,0.0964109858846701,0,3.9,7.9
2021,REG,00-0033106,J.Goff,Jared Goff,QB,QB,"https://static.www.nfl.com/image/private/f_auto,q_auto/league/nyitt4ybuzopzjzddafi",14,DET,332,494,3245,19,8,35,280,6,4,3148,1754,162,-28.7960835443533,4,1.03081321473952,0.0390077745761996,17,87,0,3,2,4,-13.9135212544352,0,0,0,0,0,0,0,0,0,0,,0,,,,,0,194.5,194.5
2021,REG,00-0033110,T.Higbee,Tyler Higbee,TE,TE,"https://static.www.nfl.com/image/private/f_auto,q_auto/league/vk9c6lr4d1pdt9sr86ua",15,LA,0,0,0,0,0,0,0,0,0,0,0,0,,0,,,0,0,0,0,0,0,,0,61,85,560,5,1,0,458,275,33,4.09071714272279,0,1.22270742358079,0.156537753222836,0.0988560328081157,0.304005852799935,0,86.0,147.0
2021,REG,00-0033111,P.Cooper,Pharoh Cooper,WR,WR,"https://static.www.nfl.com/image/private/f_auto,q_auto/league/mnsqfcfqiehw5aocr1lg",6,NYG,0,0,0,0,0,0,0,0,0,0,0,0,,0,,,1,3,0,0,0,0,-0.194386996794492,0,4,11,33,0,0,0,79,7,1,-10.6204814410503,0,0.417721518987342,0.0582010582010582,0.0592203898050975,0.128755860165156,0,3.6,7.6
2021,REG,00-0033114,M.Thomas,Mike Thomas,WR,WR,"https://static.www.nfl.com/image/private/f_auto,q_auto/league/sytj4awk8kseyootqzec",7,CIN,0,0,0,0,0,0,0,0,0,0,0,0,,0,,,0,0,0,0,0,0,,0,5,11,52,0,0,0,109,13,3,-2.69886653181748,0,0.477064220183486,0.0555555555555556,0.0835249042145594,0.141800766283525,0,5.2,10.2
2021,REG,00-0033118,K.Drake,Kenyan Drake,RB,RB,"https://static.www.nfl.com/image/private/f_auto,q_auto/league/rp5apwel9vuk49b4lykn",12,LV,0,0,0,0,0,0,0,0,0,0,0,0,,0,,,63,254,2,0,0,15,-9.10874572265311,0,30,40,291,1,0,0,71,259,12,5.37560965719901,0,4.09859154929578,0.0995024875621891,0.0205320994794679,0.163626200978911,0,72.5,102.5
2021,REG,00-0033119,J.Brissett,Jacoby Brissett,QB,QB,"https://static.www.nfl.com/image/private/f_auto,q_auto/league/wapkj7gxu9waxattqkok",10,MIA,141,225,1283,5,4,19,132,6,3,1703,508,69,-23.9110213116116,1,0.753376394597769,0.024827709183498,19,70,1,0,0,9,3.04190991976066,0,0,0,0,0,0,0,0,0,0,,0,,,,,0,72.32,72.32
2021,REG,00-0033127,W.Fuller,Will Fuller,WR,WR,"https://static.www.nfl.com/image/private/f_auto,q_auto/league/dgemxvhu8ffqmvmqczks",2,MIA,0,0,0,0,0,0,0,0,0,0,0,0,,0,,,0,0,0,0,0,0,,0,4,8,26,0,0,0,131,10,3,-0.749100679648109,1,0.198473282442748,0.103896103896104,0.219798657718121,0.30970321624684,0,4.6,8.6
2021,REG,00-0033215,C.Grayson,Cyril Grayson,WR,WR,"https://static.www.nfl.com/image/private/f_auto,q_auto/league/klv5np9csnnm6p6zpkcs",3,TB,0,0,0,0,0,0,0,0,0,0,0,0,,0,,,1,14,0,0,0,1,1.01729571720352,0,10,12,212,2,0,0,185,70,8,17.2843609300908,0,1.14594594594595,0.100840336134454,0.16636690647482,0.267717338734055,0,34.6,44.6
2021,REG,00-0033217,M.Alie-Cox,Mo Alie-Cox,TE,TE,"https://static.www.nfl.com/image/private/f_auto,q_auto/league/vaiszuzdtyszme2bkfxv",17,IND,0,0,0,0,0,0,0,0,0,0,0,0,,0,,,0,0,0,0,0,0,,0,24,45,316,4,1,0,442,150,14,8.91981320666043,0,0.714932126696833,0.0896414342629482,0.112125824454592,0.212950228512636,0,55.6,79.6
2021,REG,00-0033246,J.Mundt,Johnny Mundt,TE,TE,"https://static.www.nfl.com/image/private/f_auto,q_auto/league/ugqymsoitijokzaup39n",1,LA,0,0,0,0,0,0,0,0,0,0,0,0,,0,,,0,0,0,0,0,0,,0,1,1,9,0,0,0,7,2,1,1.34623726073187,0,1.28571428571429,0.024390243902439,0.019774011299435,0.0504271737632631,0,0.9,1.9
2021,REG,00-0033251,Z.Pascal,Zach Pascal,WR,WR,"https://static.www.nfl.com/image/private/f_auto,q_auto/league/dnb115czpwythbso8avp",16,IND,0,0,0,0,0,0,0,0,0,0,0,0,,0,,,2,21,0,0,0,0,1.91784300701693,0,38,69,384,3,1,1,608,121,15,-12.8681033295107,0,0.631578947368421,0.145569620253165,0.169595536959554,0.337071306251434,0,56.5,94.5
2021,REG,00-0033258,D.Daniels,Darrell Daniels,TE,TE,"https://static.www.nfl.com/image/private/f_auto,q_auto/league/uite1keyl09qsvofsqzf",3,ARI,0,0,0,0,0,0,0,0,0,0,0,0,,0,,,0,0,0,0,0,0,,0,1,4,0,0,0,0,22,1,0,-2.44981020793784,0,0.0,0.0408163265306122,0.0685358255451713,0.109199567677538,0,0.0,1.0
2021,REG,00-0033275,P.Walker,P.J. Walker,QB,QB,"https://static.www.nfl.com/image/private/f_auto,q_auto/league/cmuf0gtzectijxrktpg2",5,CAR,36,66,362,1,3,7,47,1,0,594,137,19,-15.5021259040825,1,0.609427609427609,-0.0231975931488656,7,13,0,2,1,2,-5.59150962199783,0,0,0,0,0,0,0,0,0,0,,0,,,,,0,13.78,13.78
2021,REG,00-0033280,C.McCaffrey,Christian McCaffrey,RB,RB,"https://static.www.nfl.com/image/private/f_auto,q_auto/league/navqer4chxxut5povzzw",7,CAR,0,0,0,0,0,0,0,0,0,0,0,0,,0,,,99,442,1,1,0,20,1.77806626372612,0,37,41,343,1,0,0,91,258,21,21.083400368283,0,3.76923076923077,0.18552036199095,0.058408215661104,0.319166293949198,0,90.5,127.5
2021,REG,00-0033282,C.Samuel,Curtis Samuel,WR,WR,"https://static.www.nfl.com/image/private/f_auto,q_auto/league/r71vsqs2fg7bvbt1jvzd",5,WAS,0,0,0,0,0,0,0,0,0,0,0,0,,0,,,4,11,0,0,0,0,-1.89852571404241,0,6,9,27,0,0,0,21,40,4,-0.0446163640590385,0,1.28571428571429,0.0526315789473684,0.014747191011236,0.0892704021289178,0,3.8,9.8
2021,REG,00-0033288,G.Kittle,George Kittle,TE,TE,"https://static.www.nfl.com/image/private/f_auto,q_auto/league/bwx6bvkrxog0yf4h6fw1",14,SF,0,0,0,0,0,0,0,0,0,0,0,0,,0,,,3,20,0,0,0,0,1.73898651404306,0,71,94,910,6,2,1,777,450,42,24.5743306412054,0,1.17117117117117,0.226506024096386,0.241830065359477,0.509040081896212,0,127.0,198.0
2021,REG,00-0033292,T.Taylor,Trent Taylor,WR,WR,"https://static.www.nfl.com/image/upload/f_auto,q_auto/league/wmb3t9vro76zykcac2tb",1,CIN,0,0,0,0,0,0,0,0,0,0,0,0,,0,,,0,0,0,0,0,0,,0,2,3,41,0,0,0,39,7,2,4.14249148149975,0,1.05128205128205,0.103448275862069,0.237804878048781,0.32163582842725,0,4.1,6.1
2021,REG,00-0033293,A.Jones,Aaron Jones,RB,RB,"https://static.www.nfl.com/image/private/f_auto,q_auto/league/oo8yixhsahh4gznox7th",15,GB,0,0,0,0,0,0,0,0,0,0,0,0,,0,,,171,799,4,1,1,37,1.50547911042498,0,52,65,391,6,1,0,56,412,22,9.13248180772674,0,6.98214285714286,0.128968253968254,0.0140668173825672,0.203299153120178,0,177.0,229.0
2021,REG,00-0033296,A.Armah,Alex Armah,RB,RB,"https://static.www.nfl.com/image/private/f_auto,q_auto/league/pvbqmdwlukehpxovupsg",5,NO,0,0,0,0,0,0,0,0,0,0,0,0,,0,,,5,21,0,0,0,4,0.472470811568201,0,1,1,1,1,0,0,0,1,1,1.31586847224389,0,0.0,0.0285714285714286,,,0,8.2,9.2
2021,REG,00-0033300,C.McDermott,Conor McDermott,T,OL,"https://static.www.nfl.com/image/private/f_auto,q_auto/league/cj0p7gori3mozhonb9lk",1,NYJ,0,0,0,0,0,0,0,0,0,0,0,0,,0,,,0,0,0,0,0,0,,0,1,1,1,1,0,0,1,0,1,2.46467829169706,0,1.0,0.0476190476190476,0.0101010101010101,0.0784992784992785,0,6.1,7.1
2021,REG,00-0033307,K.Bourne,Kendrick Bourne,WR,WR,"https://static.www.nfl.com/image/private/f_auto,q_auto/league/vrovcaqql9p6xsycko83",17,NE,1,1,25,1,0,0,0,0,0,22,3,1,2.34783104597591,0,1.13636363636364,,12,125,0,0,0,7,9.5788863869966,0,55,70,800,5,1,1,592,385,27,42.3776122647124,0,1.35135135135135,0.134357005758157,0.139754485363551,0.299363648391721,0,125.5,180.5
2021,REG,00-0033308,M.Breida,Matt Breida,RB,RB,"https://static.www.nfl.com/image/private/f_auto,q_auto/league/rc4m1xw0xmtsrxswd0bg",7,BUF,0,0,0,0,0,0,0,0,0,0,0,0,,0,,,26,125,1,1,1,5,-8.59583328961162,0,7,9,72,2,0,0,8,61,4,5.8264256149414,0,9.0,0.0517241379310345,0.0070859167404783,0.0825463486148865,0,35.7,42.7
2021,REG,00-0033319,N.Mullens,Nick Mullens,QB,QB,"https://static.www.nfl.com/image/private/f_auto,q_auto/league/ocu10coxszfcauzh406s",1,CLE,20,30,147,1,0,0,0,0,0,213,71,9,2.16466211134212,0,0.690140845070423,0.108920584802338,0,0,0,0,0,0,,0,0,0,0,0,0,0,0,0,0,,0,,,,,0,9.88,9.88
2021,REG,00-0033338,C.Carter,Cethan Carter,TE,TE,"https://static.www.nfl.com/image/private/f_auto,q_auto/league/soxu9ft40rqaizt9yizp",2,MIA,0,0,0,0,0,0,0,0,0,0,0,0,,0,,,0,0,0,0,0,0,,0,2,2,16,0,0,0,8,8,0,0.872670122655109,0,2.0,0.0224719101123596,0.0132669983416252,0.042994764007677,0,1.6,3.6
2021,REG,00-0033357,T.Hill,Taysom Hill,QB,QB,"https://static.www.nfl.com/image/private/f_auto,q_auto/league/pjp1aahvacigoh0sorpg",12,NO,78,134,978,4,5,9,64,1,0,991,521,43,-11.434644389409,0,0.986881937436932,0.0202852333656323,70,374,5,1,0,26,14.2918101518954,0,4,6,52,0,0,0,19,50,4,-2.82954332279041,0,2.73684210526316,0.0674157303370787,0.0224852071005917,0.116863240476032,0,117.72,121.72
2021,REG,00-0033367,C.Board,C.J. Board,WR,WR,"https://static.www.nfl.com/image/private/f_auto,q_auto/league/pzshlaz0iihftpmg9imt",4,NYG,0,0,0,0,0,0,0,0,0,0,0,0,,0,,,1,6,0,0,0,0,0.333063101978041,0,4,6,51,0,0,0,102,13,3,-0.555520301219076,0,0.5,0.0555555555555556,0.109090909090909,0.15969696969697,0,5.7,9.7
2021,REG,00-0033375,T.Patrick,Tim Patrick,WR,WR,"https://static.www.nfl.com/image/private/f_auto,q_auto/league/xdwm9suozpz1wks8wzos",16,DEN,0,0,0,0,0,0,0,0,0,0,0,0,,0,,,0,0,0,0,0,0,,0,53,85,734,5,0,0,995,202,39,37.6587988242859,0,0.737688442211055,0.173469387755102,0.23895292987512,0.427471132545237,0,103.4,156.4
2021,REG,00-0033376,P.Ricard,Patrick Ricard,FB,RB,"https://static.www.nfl.com/image/private/f_auto,q_auto/league/wfjtva8ytwkmlcehbz4c",7,BAL,0,0,0,0,0,0,0,0,0,0,0,0,,0,,,2,4,0,0,0,2,0.712798242690042,0,8,13,63,1,0,0,14,45,3,-3.17006365870475,0,4.5,0.0619047619047619,0.009880028228652,0.0997731626171993,0,12.7,20.7
2021,REG,00-0033386,C.Hollister,Cody Hollister,WR,WR,"https://static.www.nfl.com/image/private/f_auto,q_auto/league/naicfqo1ayh448qi86xq",3,TEN,0,0,0,0,0,0,0,0,0,0,0,0,,0,,,0,0,0,0,0,0,,0,4,7,33,0,0,0,72,17,4,-1.77734214311931,0,0.458333333333333,0.0843373493975904,0.147843942505133,0.229996783849979,0,3.3,7.3
2021,REG,00-0033387,J.Hollister,Jacob Hollister,TE,TE,"https://static.www.nfl.com/image/private/f_auto,q_auto/league/qdny7ap8ly1ozectd8zu",6,JAX,0,0,0,0,0,0,0,0,0,0,0,0,,0,,,0,0,0,0,0,0,,0,9,14,55,1,0,0,66,31,2,-11.510760905192,0,0.833333333333333,0.0721649484536082,0.0421186981493299,0.137730511384943,0,11.5,20.5
2021,REG,00-0033421,A.Auclair,Antony Auclair,TE,TE,"https://static.www.nfl.com/image/private/f_auto,q_auto/league/qkktgjw9l0ntyfiobegs",4,HOU,0,0,0,0,0,0,0,0,0,0,0,0,,0,,,0,0,0,0,0,0,,0,5,5,47,1,0,0,22,25,2,5.69449596334016,0,2.13636363636364,0.0340136054421769,0.0406654343807763,0.0794862122298087,0,10.7,15.7
2021,REG,00-0033439,P.Brown,Pharaoh Brown,TE,TE,"https://static.www.nfl.com/image/private/f_auto,q_auto/league/usqdlxj4jpqbtvsgaisk",12,HOU,0,0,0,0,0,0,0,0,0,0,0,0,,0,,,0,0,0,0,0,0,,0,23,34,171,0,1,1,146,106,6,-10.3834399700882,0,1.17123287671233,0.0994152046783626,0.0600575894693542,0.191163119646092,0,15.1,38.1
2021,REG,00-0033455,A.Firkser,Anthony Firkser,TE,TE,"https://static.www.nfl.com/image/private/f_auto,q_auto/league/rta4x11kt1dt4hifufjq",15,TEN,0,0,0,0,0,0,0,0,0,0,0,0,,0,,,0,0,0,0,0,0,,0,34,43,291,2,1,1,250,111,15,10.048556437281,0,1.164,0.0940919037199125,0.0757346258709482,0.194152093689532,0,39.1,73.1
2021,REG,00-0033460,J.Ross,John Ross,WR,WR,"https://static.www.nfl.com/image/private/f_auto,q_auto/league/u6ysgs3kj738n662uehl",9,NYG,0,0,0,0,0,0,0,0,0,0,0,0,,0,,,1,16,0,0,0,1,0.979927982436493,0,11,20,224,1,1,0,314,40,8,12.212102882273,0,0.713375796178344,0.0694444444444445,0.152427184466019,0.21086569579288,0,30.0,41.0
2021,REG,00-0033466,I.McKenzie,Isaiah McKenzie,WR,WR,"https://static.www.nfl.com/image/upload/f_auto,q_auto/league/gy6grhpxsegfgklfadte",11,BUF,0,0,0,0,0,0,0,0,0,0,0,0,,0,,,9,47,1,0,0,4,1.94753755404963,0,20,26,178,1,0,0,157,81,13,16.9549489303608,0,1.13375796178344,0.0762463343108504,0.0645559210526316,0.159558646203118,0,34.5,54.5
2021,REG,00-0033471,I.Ford,Isaiah Ford,WR,WR,"https://static.www.nfl.com/image/private/f_auto,q_auto/league/ycqftcjsc9vyqmc8tlmw",10,MIA,0,0,0,0,0,0,0,0,0,0,0,0,,0,,,0,0,0,0,0,0,,0,12,17,161,2,0,0,144,60,7,10.6004306722898,0,1.11805555555556,0.0456989247311828,0.0499653018736988,0.103524098408363,0,28.1,40.1
2021,REG,00-0033481,M.Kemp,Marcus Kemp,WR,WR,"https://static.www.nfl.com/image/private/f_auto,q_auto/league/hetkew9ad3agbj8cq1r3",5,KC,0,0,0,0,0,0,0,0,0,0,0,0,,0,,,0,0,0,0,0,0,,0,2,5,24,0,0,0,62,8,1,-0.52446079661604,0,0.387096774193548,0.0253807106598985,0.0411960132890366,0.0669082752921733,0,2.4,4.4
2021,REG,00-0033526,S.Perine,Samaje Perine,RB,RB,"https://static.www.nfl.com/image/private/f_auto,q_auto/league/kpdo0ztyzhjobhk4p29a",15,CIN,0,0,0,0,0,0,0,0,0,0,0,0,,0,,,55,246,1,0,0,11,-6.75531870154576,0,27,31,196,1,0,0,7,198,9,6.599092864265,0,28.0,0.0643153526970954,0.0020783847980997,0.097927898404313,0,56.2,83.2
2021,REG,00-0033528,J.Sprinkle,Jeremy Sprinkle,TE,TE,"https://static.www.nfl.com/image/private/f_auto,q_auto/league/cncqiyqmj7ohm5k70bog",2,DAL,0,0,0,0,0,0,0,0,0,0,0,0,,0,,,0,0,0,0,0,0,,0,3,3,31,0,0,0,12,19,2,2.60527822549921,0,2.58333333333333,0.0461538461538462,0.0260303687635575,0.0874520273652595,0,3.1,6.1
2021,REG,00-0033536,M.Williams,Mike Williams,WR,WR,"https://static.www.nfl.com/image/private/f_auto,q_auto/league/oaa76gdfwdhaum4b5qkh",16,LAC,0,0,0,0,0,0,0,0,0,0,0,0,,0,,,0,0,0,0,0,0,,0,76,129,1146,9,0,0,1497,415,51,65.6152888225789,1,0.765531062124249,0.2064,0.316423589093215,0.531096512365251,0,170.6,246.6
2021,REG,00-0033550,D.Webb,Davis Webb,QB,QB,"https://static.www.nfl.com/image/private/f_auto,q_auto/league/rxvilxbyuvwvorzzxhxf",1,BUF,0,0,0,0,0,0,0,0,0,0,0,0,,0,,,2,-3,0,0,0,0,0.0,0,0,0,0,0,0,0,0,0,0,,0,,,,,0,-0.3,-0.3
2021,REG,00-0033553,J.Conner,James Conner,RB,RB,"https://static.www.nfl.com/image/private/f_auto,q_auto/league/rmqdvrhlmhhyyrhp3vyu",15,ARI,0,0,0,0,0,0,0,0,0,0,0,0,,0,,,202,752,15,2,0,53,-3.65187164347221,0,37,39,375,3,0,0,11,382,18,25.1282445145189,0,34.0909090909091,0.105691056910569,0.004209720627631,0.161483389805195,0,220.7,257.7
2021,REG,00-0033555,M.Hollins,Mack Hollins,WR,WR,"https://static.www.nfl.com/image/private/f_auto,q_auto/league/fe6e0gnullhxbgt6ohhg",13,MIA,0,0,0,0,0,0,0,0,0,0,0,0,,0,,,0,0,0,0,0,0,,0,14,28,223,4,0,0,425,41,11,13.5428325181302,0,0.524705882352941,0.0618101545253863,0.125814091178212,0.180785095612828,0,46.3,60.3
2021,REG,00-0033572,J.Agnew,Jamal Agnew,WR,WR,"https://static.www.nfl.com/image/private/f_auto,q_auto/league/at0skjo9xsjgobkvqqz5",9,JAX,0,0,0,0,0,0,0,0,0,0,0,0,,0,,,7,111,1,0,0,3,8.05819022411015,0,24,39,229,1,0,0,291,118,14,6.65605432357958,0,0.786941580756014,0.167381974248927,0.168110918544194,0.368750604354326,2,58.0,82.0
2021,REG,00-0033576,E.Saubert,Eric Saubert,TE,TE,"https://static.www.nfl.com/image/upload/f_auto,q_auto/league/pitpti3erfxui0d2gdad",7,DEN,0,0,0,0,0,0,0,0,0,0,0,0,,0,,,0,0,0,0,0,0,,0,8,12,47,1,0,0,40,29,2,-0.528154179977719,0,1.175,0.0538116591928251,0.033698399326032,0.10430636831746,0,10.7,18.7
2021,REG,00-0033589,D.Moore,David Moore,WR,WR,"https://static.www.nfl.com/image/private/f_auto,q_auto/league/mysdmg1kkmxc6cywb1jh",1,DEN,0,0,0,0,0,0,0,0,0,0,0,0,,0,,,0,0,0,0,0,0,,0,0,2,0,0,0,0,28,0,0,-0.973813073360361,0,0.0,0.0571428571428571,0.0897435897435897,0.148534798534799,0,0.0,0.0
2021,REG,00-0033591,N.Brown,Noah Brown,WR,WR,"https://static.www.nfl.com/image/upload/f_auto,q_auto/league/skdu8rnw7nwgxdkaonyi",9,DAL,0,0,0,0,0,0,0,0,0,0,0,0,,0,,,0,0,0,0,0,0,,0,16,25,184,0,0,0,227,68,6,0.197123359248508,0,0.81057268722467,0.0718390804597701,0.0746464978625452,0.160011169193437,0,18.4,34.4
2021,REG,00-0033594,C.Carson,Chris Carson,RB,RB,"https://static.www.nfl.com/image/private/f_auto,q_auto/league/zxjqunrgf4j8p2eg4xyl",4,SEA,0,0,0,0,0,0,0,0,0,0,0,0,,0,,,54,232,3,1,1,11,-1.7708722470561,0,6,6,29,0,0,0,-13,42,1,-0.487740251817741,0,-2.23076923076923,0.0845070422535211,-0.022887323943662,0.110739436619718,0,42.1,48.1
2021,REG,00-0033611,R.Seals-Jones,Ricky Seals-Jones,TE,TE,"https://static.www.nfl.com/image/private/f_auto,q_auto/league/nqwpbsutfe0anvjkqeux",11,WAS,0,0,0,0,0,0,0,0,0,0,0,0,,0,,,0,0,0,0,0,0,,0,30,49,271,2,0,0,268,152,14,-4.31984793289962,0,1.01119402985075,0.125964010282776,0.0896021397525911,0.251667513250978,0,39.1,69.1
2021,REG,00-0033658,B.Jarwin,Blake Jarwin,TE,TE,"https://static.www.nfl.com/image/private/f_auto,q_auto/league/fsn8rvgup22r5e53mu7i",7,DAL,0,0,0,0,0,0,0,0,0,0,0,0,,0,,,0,0,0,0,0,0,,0,11,17,96,2,0,0,128,38,5,-1.35170850739814,0,0.75,0.0682730923694779,0.0638403990024938,0.147097917855963,0,21.6,32.6
2021,REG,00-0033662,C.Rush,Cooper Rush,QB,QB,"https://static.www.nfl.com/image/private/f_auto,q_auto/league/fu4tdizb3h6hofyszomi",4,DAL,30,47,422,3,1,3,19,1,1,424,207,18,8.0256944791296,0,0.995283018867925,0.0729947891248845,9,-8,0,0,0,0,-0.617726071272045,0,0,0,0,0,0,0,0,0,0,,0,,,,,0,24.08,24.08
2021,REG,00-0033681,K.Cole,Keelan Cole,WR,WR,"https://static.www.nfl.com/image/private/f_auto,q_auto/league/djdjurxk3b6y347zirvz",14,NYJ,0,1,0,0,0,0,0,0,0,8,0,0,-0.740858779405244,0,0.0,,0,0,0,0,0,0,,0,28,51,449,1,0,0,686,85,20,8.22859438390582,0,0.654518950437318,0.107142857142857,0.210235979160282,0.307879471126483,0,50.9,78.9
2021,REG,00-0033699,A.Ekeler,Austin Ekeler,RB,RB,"https://static.www.nfl.com/image/private/f_auto,q_auto/league/s1e7ejmmjkaxbv9zhvfl",16,LAC,0,0,0,0,0,0,0,0,0,0,0,0,,0,,,206,911,12,0,0,53,-1.00159072779934,1,70,94,647,8,4,3,171,627,31,-1.71680626829619,1,3.78362573099415,0.162348877374784,0.0392111900940151,0.270971149127987,0,273.8,343.8
2021,REG,00-0033720,C.Thompson,Colin Thompson,TE,TE,"https://static.www.nfl.com/image/private/f_auto,q_auto/league/lbjhmxtdg1i6ichpzrbw",1,CAR,0,0,0,0,0,0,0,0,0,0,0,0,,0,,,0,0,0,0,0,0,,0,0,1,0,0,0,0,5,0,0,-1.74037983547896,0,0.0,0.0263157894736842,0.0170648464163823,0.0514190767019939,0,0.0,0.0
2021,REG,00-0033725,C.Clement,Corey Clement,RB,RB,"https://static.www.nfl.com/image/private/f_auto,q_auto/league/rrbdxl0frmnyr1qcgexd",5,DAL,0,0,0,0,0,0,0,0,0,0,0,0,,0,,,33,140,0,0,0,7,-4.94427906977944,0,6,7,29,1,0,0,12,17,1,-1.87181569076206,0,2.41666666666667,0.07,0.0251572327044025,0.122610062893082,0,22.9,28.9
2021,REG,00-0033733,G.Ward,Greg Ward,WR,WR,"https://static.www.nfl.com/image/private/f_auto,q_auto/league/avy32bijim6pgiiu8gtz",7,PHI,1,2,2,0,0,0,0,0,0,2,3,0,-3.35382924124133,0,1.0,,0,0,0,0,0,0,,0,7,11,95,3,0,0,85,16,4,10.6431241171667,0,1.11764705882353,0.0561224489795918,0.0534255185417976,0.121581536448646,0,27.58,34.58
2021,REG,00-0033757,R.Tonyan,Robert Tonyan,TE,TE,"https://static.www.nfl.com/image/private/f_auto,q_auto/league/e4dqx11amod0silgghxw",8,GB,0,0,0,0,0,0,0,0,0,0,0,0,,0,,,0,0,0,0,0,0,,0,18,29,204,2,0,0,262,104,10,10.8116566995981,0,0.778625954198473,0.115537848605578,0.125719769673704,0.26131061167996,0,32.4,50.4
2021,REG,00-0033839,D.Westbrook,Dede Westbrook,WR,WR,"https://static.www.nfl.com/image/private/f_auto,q_auto/league/jjlxw2ircxecpx3ipeax",8,MIN,0,0,0,0,0,0,0,0,0,0,0,0,,0,,,0,0,0,0,0,0,,0,10,15,68,0,0,0,110,17,3,-1.90988538676218,0,0.618181818181818,0.0501672240802676,0.0461990760184796,0.107590189333337,0,6.8,16.8
2021,REG,00-0033854,D.Ogunbowale,Dare Ogunbowale,RB,RB,"https://static.www.nfl.com/image/private/f_auto,q_auto/league/wolxjiszqovjppwhaojs",10,JAX,0,0,0,0,0,0,0,0,0,0,0,0,,0,,,43,137,1,0,0,5,-9.35221186885306,0,13,21,114,1,0,0,31,100,3,-1.17545017547673,0,3.67741935483871,0.0658307210031348,0.0131022823330516,0.107917679137838,0,37.1,50.1
2021,REG,00-0033856,L.Fournette,Leonard Fournette,RB,RB,"https://static.www.nfl.com/image/private/f_auto,q_auto/league/atxppoc7zqcjnbnk0awz",14,TB,0,1,0,0,0,0,0,0,0,0,0,0,-0.663301464170218,0,,,180,812,8,0,0,45,8.42861096230183,0,69,84,454,2,1,0,57,449,30,-0.443573618150674,0,7.96491228070175,0.14,0.0130018248175182,0.219101277372263,0,186.6,255.6
2021,REG,00-0033857,J.Smith-Schuster,JuJu Smith-Schuster,WR,WR,"https://static.www.nfl.com/image/private/f_auto,q_auto/league/ypoituliieghtndjrzaz",5,PIT,0,0,0,0,0,0,0,0,0,0,0,0,,0,,,3,9,1,0,0,1,0.704068042628933,0,15,28,129,0,0,0,183,68,6,-8.17464221835365,0,0.704918032786885,0.144329896907216,0.132704858593183,0.309388246376053,0,19.8,34.8
2021,REG,00-0033858,J.Smith,Jonnu Smith,TE,TE,"https://static.www.nfl.com/image/private/f_auto,q_auto/league/hbnnjc8knqoc95vzyol4",15,NE,0,0,0,0,0,0,0,0,0,0,0,0,,0,,,9,40,0,0,0,2,0.195683562080376,0,28,45,294,1,1,0,249,232,15,-9.73865688356058,0,1.18072289156627,0.102739726027397,0.0730848253595539,0.205268966792784,0,39.4,67.4
2021,REG,00-0033869,M.Trubisky,Mitchell Trubisky,QB,QB,"https://static.www.nfl.com/image/private/f_auto,q_auto/league/egmpgvzck6v2unbh0plp",5,BUF,6,8,43,0,1,0,0,0,0,41,17,2,-1.66113387118094,0,1.04878048780488,0.144672445308482,13,24,1,0,0,3,-3.85445407303632,0,0,0,0,0,0,0,0,0,0,,0,,,,,0,8.12,8.12
2021,REG,00-0033871,C.Davis,Corey Davis,WR,WR,"https://static.www.nfl.com/image/private/f_auto,q_auto/league/hr0uv4ai1zhkn7nof2a2",9,NYJ,0,0,0,0,0,0,0,0,0,0,0,0,,0,,,0,0,0,0,0,0,,0,34,59,492,4,2,1,765,129,23,-0.834799230174736,0,0.643137254901961,0.181538461538462,0.283964365256125,0.47108274798698,0,71.2,105.2
2021,REG,00-0033873,P.Mahomes,Patrick Mahomes,QB,QB,"https://static.www.nfl.com/image/private/f_auto,q_auto/league/oagzjdsdoezmp6frggrn",17,KC,436,658,4839,37,13,28,146,6,2,4829,2699,260,139.734449126212,1,1.00207082211638,0.14598099483321,66,381,2,3,2,25,13.2754487031198,1,0,0,0,0,0,0,0,0,0,,0,,,,,0,361.66,361.66
2021,REG,00-0033879,O.Howard,O.J. Howard,TE,TE,"https://static.www.nfl.com/image/private/f_auto,q_auto/league/wlvviyfhdn5fz5p04r95",9,TB,0,0,0,0,0,0,0,0,0,0,0,0,,0,,,0,0,0,0,0,0,,0,14,21,135,1,0,0,136,83,10,3.82030609101158,0,0.992647058823529,0.0537084398976982,0.0412371134020619,0.109428639227991,0,19.5,33.5
2021,REG,00-0033881,E.Engram,Evan Engram,TE,TE,"https://static.www.nfl.com/image/private/f_auto,q_auto/league/adr65rbw956sxntlph8a",15,NYG,0,0,0,0,0,0,0,0,0,0,0,0,,0,,,1,-3,0,0,0,0,-1.52449800691102,0,46,73,408,3,1,1,366,185,21,-10.7480713350008,0,1.11475409836066,0.147177419354839,0.106179286335944,0.295091629467419,0,56.5,102.5
2021,REG,00-0033885,D.Njoku,David Njoku,TE,TE,"https://static.www.nfl.com/image/private/f_auto,q_auto/league/ilvxwdllivrvwbuj69cm",15,CLE,0,0,0,0,0,0,0,0,0,0,0,0,,0,,,1,1,0,0,0,0,-0.505711786448956,0,36,53,475,4,0,0,432,247,17,21.5071245886562,0,1.09953703703704,0.120728929384966,0.140579238529125,0.279498861047836,0,71.6,107.6
2021,REG,00-0033891,Z.Jones,Zay Jones,WR,WR,"https://static.www.nfl.com/image/private/f_auto,q_auto/league/pbmcmjxxjcrandbjmey7",15,LV,0,0,0,0,0,0,0,0,0,0,0,0,,0,,,2,3,0,0,0,0,-0.516879247035831,0,47,70,546,1,1,1,979,170,29,6.00350957193494,0,0.557711950970378,0.129390018484288,0.225212790430182,0.35173398102756,0,58.9,105.9
2021,REG,00-0033893,D.Cook,Dalvin Cook,RB,RB,"https://static.www.nfl.com/image/upload/f_auto,q_auto/league/kl291pby4vjh160bkirg",13,MIN,0,0,0,0,0,0,0,0,0,0,0,0,,0,,,249,1159,6,3,2,57,-9.88177269769949,1,34,49,224,0,0,0,-79,278,9,-4.86366920654871,0,-2.83544303797468,0.113163972286374,-0.0226490825688073,0.153891600631396,0,172.3,206.3
2021,REG,00-0033895,G.Everett,Gerald Everett,TE,TE,"https://static.www.nfl.com/image/private/f_auto,q_auto/league/te11unippqhdc6auox6i",15,SEA,0,0,0,0,0,0,0,0,0,0,0,0,,0,,,3,20,0,0,0,2,0.355888462858275,0,48,63,478,4,2,2,330,249,26,10.8636543869333,0,1.44848484848485,0.15,0.0877659574468085,0.286436170212766,0,69.8,117.8
2021,REG,00-0033896,A.Shaheen,Adam Shaheen,TE,TE,"https://static.www.nfl.com/image/private/f_auto,q_auto/league/rvj5swstfh0vf6f6w2hr",7,MIA,0,0,0,0,0,0,0,0,0,0,0,0,,0,,,0,0,0,0,0,0,,0,12,16,110,0,0,0,92,41,5,2.7934769367761,0,1.19565217391304,0.0632411067193676,0.0492241840556447,0.129318588918003,0,11.0,23.0
2021,REG,00-0033897,J.Mixon,Joe Mixon,RB,RB,"https://static.www.nfl.com/image/private/f_auto,q_auto/league/pbijtl1blfdkvmwl4rsp",16,CIN,0,0,0,0,0,0,0,0,0,0,0,0,,0,,,292,1205,13,1,1,60,-23.5393107376832,0,42,48,314,3,1,0,-8,318,11,8.68478629522724,0,-39.25,0.10738255033557,-0.0024767801857585,0.159340079373325,0,245.9,287.9
2021,REG,00-0033904,D.Dawkins,Dion Dawkins,T,OL,"https://static.www.nfl.com/image/private/f_auto,q_auto/league/wlthv1anmiiwzl0dw7cv",1,BUF,0,0,0,0,0,0,0,0,0,0,0,0,,0,,,0,0,0,0,0,0,,0,0,1,0,0,0,0,1,0,0,-0.225900366902351,0,0.0,0.0416666666666667,0.0043290043290043,0.065530303030303,0,0.0,0.0
2021,REG,00-0033906,A.Kamara,Alvin Kamara,RB,RB,"https://static.www.nfl.com/image/private/f_auto,q_auto/league/tl9enad6kiwv6cukf4vt",13,NO,0,0,0,0,0,0,0,0,0,0,0,0,,0,,,240,898,4,0,0,42,-39.5228313004611,0,47,67,439,5,0,0,77,437,20,10.8024138160697,0,5.7012987012987,0.217532467532468,0.0317264112072518,0.348507189143778,0,187.7,234.7
2021,REG,00-0033908,C.Kupp,Cooper Kupp,WR,WR,"https://static.www.nfl.com/image/private/f_auto,q_auto/league/bkahtsjkvnom1sbnb6xm",17,LA,0,1,0,0,0,0,0,0,0,25,0,0,-0.402064944501035,0,0.0,,4,18,0,0,0,1,-1.43761236546415,0,145,191,1947,16,0,0,1641,846,89,111.882847675216,1,1.18647166361974,0.317275747508306,0.320946606688832,0.700576245944641,0,294.5,439.5
2021,REG,00-0033921,C.Godwin,Chris Godwin,WR,WR,"https://static.www.nfl.com/image/private/f_auto,q_auto/league/rfdampf12giyojipbcxl",14,TB,0,0,0,0,0,0,0,0,0,0,0,0,,0,,,4,21,1,0,0,4,3.07182199432282,0,98,127,1103,5,2,2,931,586,55,36.0564867490855,0,1.18474758324382,0.211666666666667,0.196787148594378,0.455251004016064,0,144.4,242.4
2021,REG,00-0033923,K.Hunt,Kareem Hunt,RB,RB,"https://static.www.nfl.com/image/private/f_auto,q_auto/league/fmy9cgin9nv7ewyhsipr",8,CLE,0,0,0,0,0,0,0,0,0,0,0,0,,0,,,78,386,5,0,0,22,5.53626916101342,1,22,27,174,0,0,0,4,174,11,2.82763690323597,0,43.5,0.11587982832618,0.0019398642095053,0.175177647435924,0,88.0,110.0
2021,REG,00-0033925,D.Foreman,D'Onta Foreman,RB,RB,"https://static.www.nfl.com/image/private/f_auto,q_auto/league/fhxviqgdrngc8gvvhnor",9,TEN,0,0,0,0,0,0,0,0,0,0,0,0,,0,,,133,566,3,2,1,22,-13.7650649436691,0,9,11,123,0,0,0,-1,124,6,8.97970634154626,0,-123.0,0.0569948186528497,-0.0008058017727639,0.0849281667383399,0,84.9,93.9
2021,REG,00-0033932,K.Golladay,Kenny Golladay,WR,WR,"https://static.www.nfl.com/image/private/f_auto,q_auto/league/vck7awhkwwhui3ndgts3",14,NYG,0,0,0,0,0,0,0,0,0,0,0,0,,0,,,0,0,0,0,0,0,,0,37,76,521,0,0,0,1050,119,27,-2.50206463296559,0,0.496190476190476,0.168888888888889,0.302506482281763,0.465087870930568,0,52.1,89.1
2021,REG,00-0033936,C.Beathard,C.J. Beathard,QB,QB,"https://static.www.nfl.com/image/private/f_auto,q_auto/league/yw8euaevcvwswbx5w27w",2,JAX,2,2,33,0,0,0,0,0,0,27,6,1,1.82905436865985,0,1.22222222222222,,1,2,0,0,0,0,-0.550411908421665,0,0,0,0,0,0,0,0,0,0,,0,,,,,0,1.52,1.52
2021,REG,00-0033943,J.Reynolds,Josh Reynolds,WR,WR,"https://static.www.nfl.com/image/private/f_auto,q_auto/league/sxrgouqg155xtgtzesy9",10,DET,0,0,0,0,0,0,0,0,0,0,0,0,,0,,,0,0,0,0,0,0,,0,29,49,396,2,0,0,668,119,21,18.8842784421475,0,0.592814371257485,0.157556270096463,0.298614215467144,0.445364355971695,0,51.6,80.6
2021,REG,00-0033948,J.Williams,Jamaal Williams,RB,RB,"https://static.www.nfl.com/image/private/f_auto,q_auto/league/qerbr9qnhpn27cyogu4x",13,DET,0,0,0,0,0,0,0,0,0,0,0,0,,0,,,153,601,3,1,0,42,-3.09682969089273,0,26,28,157,0,0,0,10,156,6,1.58487041783519,0,15.7,0.0880503144654088,0.0052383446830801,0.135742312976269,0,93.8,119.8
2021,REG,00-0033950,W.Gallman,Wayne Gallman,RB,RB,"https://static.www.nfl.com/image/private/f_auto,q_auto/league/zrc9lbsy94hxanrf5voo",6,ATL,0,0,0,0,0,0,0,0,0,0,0,0,,0,,,28,104,0,0,0,5,-4.62198697216809,0,1,3,21,0,0,0,5,20,1,0.8003405330237,0,4.2,0.0447761194029851,0.0076219512195122,0.0724995449581362,0,12.5,13.5
2021,REG,00-0033951,M.Mack,Marlon Mack,RB,RB,"https://static.www.nfl.com/image/private/f_auto,q_auto/league/d3sdoo1yiey5oiyblulk",5,IND,0,0,0,0,0,0,0,0,0,0,0,0,,0,,,28,101,0,0,0,6,-5.85289804526838,0,2,5,8,0,0,0,16,4,0,-2.1475536422804,0,0.5,0.0495049504950495,0.033195020746888,0.0974939402653959,0,10.9,12.9
2021,REG,00-0033955,J.McNichols,Jeremy McNichols,RB,RB,"https://static.www.nfl.com/image/private/f_auto,q_auto/league/lwcqsanzizt8sq0jnnpr",13,TEN,0,0,0,0,0,0,0,0,0,0,0,0,,0,,,41,156,0,0,0,6,-8.74755456560437,0,28,38,240,1,0,0,-2,255,11,6.06112316004935,0,-120.0,0.101333333333333,-0.0007936507936507,0.151444444444444,0,45.6,73.6
2021,REG,00-0033957,R.Adams,Rodney Adams,WR,WR,"https://static.www.nfl.com/image/private/f_auto,q_auto/league/ae8lsm9ahaczhqfz1pvo",1,CHI,0,0,0,0,0,0,0,0,0,0,0,0,,0,,,0,0,0,0,0,0,,0,0,1,0,0,0,0,15,0,0,-0.815943880006671,0,0.0,0.025,0.0666666666666667,0.0841666666666667,0,0.0,0.0
2021,REG,00-0033958,N.Peterman,Nathan Peterman,QB,QB,"https://static.www.nfl.com/image/private/f_auto,q_auto/league/owifll49p0mmsjgf7rhn",1,LV,0,0,0,0,0,0,0,0,0,0,0,0,,0,,,2,2,0,0,0,1,0.753480112063699,0,0,0,0,0,0,0,0,0,0,,0,,,,,0,0.2,0.2
2021,REG,00-0034011,D.Arnold,Dan Arnold,TE,TE,"https://static.www.nfl.com/image/private/f_auto,q_auto/league/wym2o0jlxcvswj3gy9kv",10,JAX,0,0,0,0,0,0,0,0,0,0,0,0,,0,,,0,0,0,0,0,0,,0,35,52,408,0,1,1,340,188,20,3.5404379209806,1,1.2,0.147727272727273,0.133333333333333,0.314924242424242,0,40.8,75.8
2021,REG,00-0034052,B.Zylstra,Brandon Zylstra,WR,WR,"https://static.www.nfl.com/image/private/f_auto,q_auto/league/arx0mz7gc5dm0wfc5kfx",9,CAR,0,1,0,0,0,0,0,0,0,13,0,0,-1.31671274715336,0,0.0,,0,0,0,0,0,0,,0,18,25,250,1,0,0,262,118,10,9.14030619052937,0,0.954198473282443,0.0788643533123028,0.105390185036203,0.192069659493796,0,31.0,49.0
2021,REG,00-0034073,R.Dwelley,Ross Dwelley,TE,TE,"https://static.www.nfl.com/image/private/f_auto,q_auto/league/wsqd1kbdbqratcxretm5",3,SF,0,0,0,0,0,0,0,0,0,0,0,0,,0,,,0,0,0,0,0,0,,0,4,5,51,1,0,0,59,5,2,1.56331590487389,0,0.864406779661017,0.0531914893617021,0.0693301997649824,0.128318373878041,0,11.1,15.1
2021,REG,00-0034104,C.Sims,Cam Sims,WR,WR,"https://static.www.nfl.com/image/private/f_auto,q_auto/league/rskkpergva4snsvgathy",10,WAS,0,0,0,0,0,0,0,0,0,0,0,0,,0,,,1,7,0,0,0,0,0.403462203859817,0,15,23,211,2,0,0,267,42,11,8.95143654555694,0,0.790262172284644,0.0830324909747293,0.127568084089823,0.21384639532497,0,33.8,48.8
2021,REG,00-0034109,P.Lindsay,Phillip Lindsay,RB,RB,"https://static.www.nfl.com/image/private/f_auto,q_auto/league/soywd4cnq19pigrwabb5",14,MIA,0,0,0,0,0,0,0,0,0,0,0,0,,0,,,88,249,1,0,0,11,-22.9722452107235,0,4,5,45,1,0,0,-11,53,1,3.94910378422355,0,-4.09090909090909,0.0357142857142857,-0.0090684253915911,0.0472235307973148,0,41.4,45.4
2021,REG,00-0034115,J.Wilson,Jeffery Wilson,RB,RB,"https://static.www.nfl.com/image/private/f_auto,q_auto/league/zorqrtlrizlltgd6pnob",6,SF,0,0,0,0,0,0,0,0,0,0,0,0,,0,,,79,294,2,1,0,19,-10.1401526746798,0,7,8,31,0,0,0,-10,43,1,-1.18842720182147,0,-3.1,0.0761904761904762,-0.0136054421768707,0.104761904761905,0,44.5,51.5
2021,REG,00-0034131,K.Benkert,Kurt Benkert,QB,QB,"https://static.www.nfl.com/image/private/f_auto,q_auto/league/lq7drrswvcbnkyghztab",1,GB,0,0,0,0,0,0,0,0,0,0,0,0,,0,,,2,-1,0,0,0,0,0.0,0,0,0,0,0,0,0,0,0,0,,0,,,,,0,-0.1,-0.1
2021,REG,00-0034132,C.Blake,Christian Blake,WR,WR,"https://static.www.nfl.com/image/private/f_auto,q_auto/league/xaaqzgbfsqhs4qvdndrz",6,ATL,0,0,0,0,0,0,0,0,0,0,0,0,,0,,,0,0,0,0,0,0,,0,4,9,25,0,0,0,58,2,2,-4.04439176811138,0,0.431034482758621,0.0443349753694581,0.0380577427821522,0.0931428830016938,0,2.5,6.5
2021,REG,00-0034159,W.Dissly,Will Dissly,TE,TE,"https://static.www.nfl.com/image/private/f_auto,q_auto/league/pschkqimqisrbnzeo8iz",12,SEA,0,0,0,0,0,0,0,0,0,0,0,0,,0,,,0,0,0,0,0,0,,0,21,26,231,1,1,0,112,143,11,11.7741688308306,0,2.0625,0.0744985673352436,0.0349672182329066,0.1362249037659,0,29.1,50.1
2021,REG,00-0034164,T.Cannon,Trenton Cannon,RB,RB,"https://static.www.nfl.com/image/private/f_auto,q_auto/league/hkpxcipgs7jtgdwpkjel",2,SF,0,0,0,0,0,0,0,0,0,0,0,0,,0,,,3,4,0,0,0,0,-2.53298093075864,0,0,0,0,0,0,0,0,0,0,,0,,,,,0,0.4,0.4
2021,REG,00-0034171,J.Cabinda,Jason Cabinda,FB,RB,"https://static.www.nfl.com/image/private/f_auto,q_auto/league/nvi4viyciscnso8qgbtn",7,DET,0,0,0,0,0,0,0,0,0,0,0,0,,0,,,3,23,0,0,0,2,1.38996046432294,0,4,7,16,1,0,0,6,8,2,-2.33623360726051,0,2.66666666666667,0.0328638497652582,0.0051150895140665,0.0528763373077339,0,9.9,13.9
2021,REG,00-0034177,T.Boyle,Tim Boyle,QB,QB,"https://static.www.nfl.com/image/private/f_auto,q_auto/league/zmp8nej7nqfdu2gyir6y",4,DET,61,94,526,3,6,0,0,1,0,593,265,28,-4.89851066935626,1,0.887015177065767,0.025411688899592,2,13,0,0,0,1,1.87784462841228,0,0,0,0,0,0,0,0,0,0,,0,,,,,0,24.34,24.34
2021,REG,00-0034193,K.Rader,Kevin Rader,TE,TE,"https://static.www.nfl.com/image/private/f_auto,q_auto/league/buopatfei7mdyxxxi9bv",2,PIT,0,0,0,0,0,0,0,0,0,0,0,0,,0,,,0,0,0,0,0,0,,0,2,3,8,0,0,0,8,4,0,-1.03827555087628,0,1.0,0.0434782608695652,0.0217983651226158,0.0804762468901789,0,0.8,2.8
2021,REG,00-0034208,M.Boone,Mike Boone,RB,RB,"https://static.www.nfl.com/image/private/f_auto,q_auto/league/rcrpzluchltmk9stwtfc",2,DEN,0,0,0,0,0,0,0,0,0,0,0,0,,0,,,4,35,0,0,0,2,1.71441093611065,0,2,2,22,0,0,0,-2,24,1,2.11437670665327,0,-11.0,0.0238095238095238,-0.0027173913043478,0.0338121118012422,0,5.7,7.7
2021,REG,00-0034253,D.Hilliard,Dontrell Hilliard,RB,RB,"https://static.www.nfl.com/image/private/f_auto,q_auto/league/ukhyslngeuojxkjqfq9f",7,TEN,0,0,0,0,0,0,0,0,0,0,0,0,,0,,,56,350,2,1,1,15,9.06053411783068,0,19,26,87,0,1,0,-23,108,7,-6.92588988899954,0,-3.78260869565217,0.121495327102804,-0.014093137254902,0.172377794575774,0,53.7,72.7
2021,REG,00-0034270,T.Conklin,Tyler Conklin,TE,TE,"https://static.www.nfl.com/image/private/f_auto,q_auto/league/fwuvfpsd7hbtqwlcxtn7",17,MIN,0,0,0,0,0,0,0,0,0,0,0,0,,0,,,0,0,0,0,0,0,,0,61,87,593,3,1,0,464,326,26,11.3405330915289,0,1.27801724137931,0.150519031141869,0.101866081229418,0.297084803573396,0,77.3,138.3
2021,REG,00-0034272,M.Valdes-Scantling,Marquez Valdes-Scantling,WR,WR,"https://static.www.nfl.com/image/private/f_auto,q_auto/league/zk2f2ivzdssgoaamf57u",11,GB,0,0,0,0,0,0,0,0,0,0,0,0,,0,,,0,0,0,0,0,0,,0,26,55,430,3,0,0,985,146,18,10.7572562690826,0,0.436548223350254,0.146276595744681,0.31399426203379,0.439210877040674,0,61.0,87.0
2021,REG,00-0034278,T.Smith,Tremon Smith,CB,DB,"https://static.www.nfl.com/image/upload/f_auto,q_auto/league/h6jhsmllb8ggiuh2imgu",2,HOU,0,0,0,0,0,0,0,0,0,0,0,0,,0,,,1,7,0,0,0,0,0.234301995427813,0,0,0,0,0,0,0,0,0,0,,0,,,,,1,6.7,6.7
2021,REG,00-0034279,E.St. Brown,Equanimeous St. Brown,WR,WR,"https://static.www.nfl.com/image/private/f_auto,q_auto/league/rjtjvrencwsi1xlxnfll",9,GB,0,0,0,0,0,0,0,0,0,0,0,0,,0,,,3,14,0,0,0,2,-0.478033884137403,0,9,17,98,0,0,0,175,58,6,4.69402852476924,0,0.56,0.0600706713780919,0.0852411105698977,0.149774784466066,0,11.2,20.2
2021,REG,00-0034297,B.Pringle,Byron Pringle,WR,WR,"https://static.www.nfl.com/image/private/f_auto,q_auto/league/qgwipkdsunodvqlumsmp",16,KC,0,0,0,0,0,0,0,0,0,0,0,0,,0,,,0,0,0,0,0,0,,0,42,60,568,5,0,0,641,187,32,36.7390908353693,0,0.886115444617785,0.0998336106489185,0.148276659727041,0.253544077782307,0,86.8,128.8
2021,REG,00-0034301,D.Williams,Darrel Williams,RB,RB,"https://static.www.nfl.com/image/private/f_auto,q_auto/league/qloiwle7db59cznhqhub",17,KC,0,0,0,0,0,0,0,0,0,0,0,0,,0,,,144,558,6,0,0,40,4.94042681189261,0,47,57,452,2,0,0,82,435,19,20.6064469554732,0,5.51219512195122,0.0994764397905759,0.0201177625122669,0.163297093444451,0,149.0,196.0
2021,REG,00-0034311,J.Stanton,Johnny Stanton,FB,RB,"https://static.www.nfl.com/image/private/f_auto,q_auto/league/fick0qg9xwij9svv1rxk",3,CLE,0,0,0,0,0,0,0,0,0,0,0,0,,0,,,3,5,0,0,0,2,0.609594158944674,0,2,2,7,1,0,0,3,4,1,-0.013533433288103,0,2.33333333333333,0.0317460317460317,0.0063965884861407,0.0520966595593461,0,7.2,9.2
2021,REG,00-0034317,K.Kirkwood,Keith Kirkwood,WR,WR,"https://static.www.nfl.com/image/private/f_auto,q_auto/league/iedau8bt7wngc8mxfd9h",3,CAR,0,0,0,0,0,0,0,0,0,0,0,0,,0,,,0,0,0,0,0,0,,0,3,7,17,0,0,0,55,16,1,-0.891363839618862,0,0.309090909090909,0.0673076923076923,0.0782361308677098,0.155726830068935,0,1.7,4.7
2021,REG,00-0034319,D.Yelder,Deon Yelder,TE,TE,"https://static.www.nfl.com/image/private/f_auto,q_auto/league/ipykvobx6lilpvc5vyca",1,TB,0,0,0,0,0,0,0,0,0,0,0,0,,0,,,0,0,0,0,0,0,,0,1,1,0,0,0,0,-2,2,0,-0.605865706864279,0,0.0,0.0256410256410256,-0.0069444444444444,0.0336004273504274,0,0.0,1.0
2021,REG,00-0034331,J.Samuels,Jaylen Samuels,RB,RB,"https://static.www.nfl.com/image/private/f_auto,q_auto/league/stceem3dtyjhdlqlaqxn",2,HOU,0,0,0,0,0,0,0,0,0,0,0,0,,0,,,5,9,0,0,0,0,-2.50413009466138,0,3,4,14,0,0,0,-4,17,1,-0.241660874919035,0,-3.5,0.0714285714285714,-0.0132450331125828,0.0978713339640492,0,2.3,5.3
2021,REG,00-0034343,J.Rosen,Josh Rosen,QB,QB,"https://static.www.nfl.com/image/private/f_auto,q_auto/league/nqycxzi8tkcyauk55mj8",3,ATL,2,11,19,0,2,0,0,0,0,121,11,1,-18.7048769602552,0,0.15702479338843,-0.153165705836806,0,0,0,0,0,0,,0,0,0,0,0,0,0,0,0,0,,0,,,,,0,-3.24,-3.24
2021,REG,00-0034348,C.Sutton,Courtland Sutton,WR,WR,"https://static.www.nfl.com/image/private/f_auto,q_auto/league/uusaguvnkfv2gt7goale",17,DEN,1,1,16,0,0,0,0,0,0,15,1,1,1.0016340004513,0,1.06666666666667,,0,0,0,0,0,0,,0,58,98,776,2,0,0,1509,135,35,20.1011183701012,1,0.514247846255799,0.189555125725339,0.343970822885799,0.525112264608067,0,92.24,150.24
2021,REG,00-0034351,D.Goedert,Dallas Goedert,TE,TE,"https://static.www.nfl.com/image/private/f_auto,q_auto/league/flzasty1ea7iswbtd0e5",15,PHI,0,0,0,0,0,0,0,0,0,0,0,0,,0,,,0,0,0,0,0,0,,0,56,76,830,4,1,0,643,386,42,52.330431919151,1,1.29082426127527,0.185365853658537,0.18535601037763,0.407797987752146,0,109.0,165.0
2021,REG,00-0034353,A.Miller,Anthony Miller,WR,WR,"https://static.www.nfl.com/image/private/f_auto,q_auto/league/t7d2vuwwmbpasriplvg6",3,PIT,0,0,0,0,0,0,0,0,0,0,0,0,,0,,,0,0,0,0,0,0,,0,6,12,25,1,0,0,76,10,3,-11.3831893136376,0,0.328947368421053,0.142857142857143,0.114457831325301,0.294406196213425,0,8.5,14.5
2021,REG,00-0034364,J.Akins,Jordan Akins,TE,TE,"https://static.www.nfl.com/image/private/f_auto,q_auto/league/fgkl9zfpy2yxrkxfge84",12,HOU,0,0,0,0,0,0,0,0,0,0,0,0,,0,,,1,3,0,0,0,1,0.498527484713122,0,24,33,214,0,2,2,207,81,11,-8.52572324274061,0,1.03381642512077,0.0854922279792746,0.0735085227272727,0.179694307878003,0,17.7,41.7
2021,REG,00-0034365,I.Thomas,Ian Thomas,TE,TE,"https://static.www.nfl.com/image/private/f_auto,q_auto/league/zhmboki1lwndau686wlv",14,CAR,0,0,0,0,0,0,0,0,0,0,0,0,,0,,,0,0,0,0,0,0,,0,18,30,188,0,0,0,183,92,6,-15.7795985957491,0,1.02732240437158,0.0641025641025641,0.050399339025062,0.13143338347139,0,18.8,36.8
2021,REG,00-0034366,K.Coutee,Keke Coutee,WR,WR,"https://static.www.nfl.com/image/private/f_auto,q_auto/league/b63h388y8kzvntk6tuqx",1,IND,0,0,0,0,0,0,0,0,0,0,0,0,,0,,,0,0,0,0,0,0,,0,1,1,5,0,0,0,5,0,0,-0.168915360234678,0,1.0,0.0384615384615385,0.0261780104712042,0.0760169150221506,0,0.5,1.5
2021,REG,00-0034367,N.Hines,Nyheim Hines,RB,RB,"https://static.www.nfl.com/image/private/f_auto,q_auto/league/lgpfurgix754r54hvas4",17,IND,0,0,0,0,0,0,0,0,0,0,0,0,,0,,,56,276,2,0,0,15,3.99442646857924,0,40,57,310,1,1,0,113,286,15,4.33870377099426,0,2.74336283185841,0.118257261410788,0.0330312774042678,0.20050778629917,0,76.6,116.6
2021,REG,00-0034378,I.Smith,Ito Smith,RB,RB,"https://static.www.nfl.com/image/private/f_auto,q_auto/league/dh6fxo1jdenrkgcwdpib",1,DAL,0,0,0,0,0,0,0,0,0,0,0,0,,0,,,1,4,1,0,0,1,2.1764224228682,0,0,0,0,0,0,0,0,0,0,,0,,,,,0,6.4,6.4
2021,REG,00-0034383,D.Schultz,Dalton Schultz,TE,TE,"https://static.www.nfl.com/image/private/f_auto,q_auto/league/lhplapyya8pp3yyz8bht",17,DAL,0,0,0,0,0,0,0,0,0,0,0,0,,0,,,0,0,0,0,0,0,,0,78,104,808,8,0,0,741,341,43,46.2360838368897,1,1.09041835357625,0.163265306122449,0.147345396699145,0.348039736873075,0,130.8,208.8
2021,REG,00-0034401,M.White,Mike White,QB,QB,"https://static.www.nfl.com/image/private/f_auto,q_auto/league/pv1cd95ycjinyi4ijime",4,NYJ,88,132,953,5,8,4,18,0,0,781,566,49,2.9401785218304,0,1.2202304737516,0.0717728808863862,5,-1,0,0,0,2,-0.670219584018923,0,0,0,0,0,0,0,0,0,0,,1,,,,,0,44.02,44.02
2021,REG,00-0034407,R.McCloud,Ray-Ray McCloud,WR,WR,"https://static.www.nfl.com/image/upload/f_auto,q_auto/league/k3ykgsntuqdb0nl4grxk",14,PIT,0,0,0,0,0,0,0,0,0,0,0,0,,0,,,2,15,0,0,0,0,0.0395745519781485,0,39,66,277,0,1,0,421,116,17,-14.2788928315848,0,0.657957244655582,0.130177514792899,0.127190332326284,0.284299504817748,0,29.2,68.2
2021,REG,00-0034411,R.Gage,Russell Gage,WR,WR,"https://static.www.nfl.com/image/private/f_auto,q_auto/league/lkqhshv0dss1b9c6mdnj",13,ATL,0,0,0,0,0,0,0,0,0,0,0,0,,0,,,0,0,0,0,0,0,,0,66,94,770,4,2,2,882,248,37,9.49708630586398,0,0.873015873015873,0.231527093596059,0.300306435137896,0.557505144990616,0,97.0,163.0
2021,REG,00-0034414,B.Scott,Boston Scott,RB,RB,"https://static.www.nfl.com/image/private/f_auto,q_auto/league/uveeemr49kwtkfefugai",9,PHI,0,0,0,0,0,0,0,0,0,0,0,0,,0,,,87,373,7,1,1,24,3.19222955618696,0,13,16,83,0,0,0,-9,96,3,-4.42767998964845,0,-9.22222222222222,0.0869565217391304,-0.0057544757033248,0.126406649616368,0,85.6,98.6
2021,REG,00-0034418,C.Wilson,Cedrick Wilson,WR,WR,"https://static.www.nfl.com/image/private/f_auto,q_auto/league/zvirmx1m9vycmfpfbf1w",14,DAL,3,3,88,0,0,0,0,0,0,67,21,3,5.74903954978799,0,1.3134328358209,,2,11,0,0,0,1,1.97984083427582,0,45,61,602,6,1,0,595,260,27,34.7773827635755,1,1.01176470588235,0.115749525616698,0.138275621659307,0.270417223586563,0,102.82,147.82
2021,REG,00-0034419,B.Berrios,Braxton Berrios,WR,WR,"https://static.www.nfl.com/image/private/f_auto,q_auto/league/nypqf5vnhegeorkpmplr",15,NYJ,0,0,0,0,0,0,0,0,0,0,0,0,,0,,,7,40,2,0,0,3,5.0144438938587,0,46,65,431,2,1,1,332,264,22,7.82737549621379,0,1.29819277108434,0.124760076775432,0.0861666234103296,0.247456751550379,1,75.1,121.1
2021,REG,00-0034433,N.Bawden,Nick Bawden,FB,RB,"https://static.www.nfl.com/image/private/f_auto,q_auto/league/rz1cgqj4rvl2xjffxyia",1,NYJ,0,0,0,0,0,0,0,0,0,0,0,0,,0,,,0,0,0,0,0,0,,0,1,1,20,0,0,0,9,11,1,1.75669377064332,0,2.22222222222222,0.0285714285714286,0.0335820895522388,0.06636460554371,0,2.0,3.0
2021,REG,00-0034435,K.Crossen,Keion Crossen,CB,DB,"https://static.www.nfl.com/image/private/f_auto,q_auto/league/ocvxmo4ggct27fv9dn8x",1,NYG,0,0,0,0,0,0,0,0,0,0,0,0,,0,,,0,0,0,0,0,0,,0,0,1,0,0,0,0,13,0,0,-2.85103766736574,0,0.0,0.0294117647058824,0.0411392405063291,0.0729151154132539,0,0.0,0.0
2021,REG,00-0034438,L.Woodside,Logan Woodside,QB,QB,"https://static.www.nfl.com/image/private/f_auto,q_auto/league/fdptu6sdje2lmijb7e7j",4,TEN,0,0,0,0,0,0,0,0,0,0,0,0,,0,,,6,-6,0,0,0,0,-4.56186694477219,0,0,0,0,0,0,0,0,0,0,,0,,,,,0,-0.6,-0.6
2021,REG,00-0034440,J.Jackson,Justin Jackson,RB,RB,"https://static.www.nfl.com/image/private/f_auto,q_auto/league/n7pvb1trbn9rtttlw7df",13,LAC,0,0,0,0,0,0,0,0,0,0,0,0,,0,,,68,364,2,1,1,18,0.959217570329581,0,22,25,178,0,0,0,20,165,8,5.93236989737488,0,8.9,0.0576036866359447,0.0058962264150943,0.0905328884444831,0,64.2,86.2
2021,REG,00-0034449,B.Howell,Buddy Howell,RB,RB,"https://static.www.nfl.com/image/private/f_auto,q_auto/league/iqoes3t0jkt62cpqmuvo",1,LA,0,0,0,0,0,0,0,0,0,0,0,0,,0,,,5,11,0,0,0,0,-4.02601006068289,0,0,0,0,0,0,0,0,0,0,,0,,,,,0,1.1,1.1
2021,REG,00-0034487,T.Sherfield,Trent Sherfield,WR,WR,"https://static.www.nfl.com/image/private/f_auto,q_auto/league/tbs4dvo8vdagznshsw7l",9,SF,0,0,0,0,0,0,0,0,0,0,0,0,,0,,,0,0,0,0,0,0,,0,9,20,87,1,0,0,174,23,7,-5.66271400307332,0,0.5,0.078740157480315,0.0857565303104978,0.178139807437821,0,14.7,23.7
2021,REG,00-0034496,S.Chandler,Sean Chandler,SS,DB,"https://static.www.nfl.com/image/private/f_auto,q_auto/league/m4glij7rkgkyhu01igmi",1,CAR,0,0,0,0,0,0,0,0,0,0,0,0,,0,,,1,14,0,0,0,1,3.51594439847395,0,0,0,0,0,0,0,0,0,0,,0,,,,,0,1.4,1.4
2021,REG,00-0034521,A.Lazard,Allen Lazard,WR,WR,"https://static.www.nfl.com/image/private/f_auto,q_auto/league/blrzk3bfnpneuyhsqiqg",14,GB,0,0,0,0,0,0,0,0,0,0,0,0,,0,,,3,32,0,0,0,2,2.75697284023045,0,40,60,513,8,0,0,647,174,28,36.5873693420799,0,0.792890262751159,0.125786163522013,0.169194560669456,0.307115437751638,0,102.5,142.5
2021,REG,00-0034577,K.Allen,Kyle Allen,QB,QB,"https://static.www.nfl.com/image/private/f_auto,q_auto/league/rvf9rnbqajlniortukeq",2,WAS,12,19,120,1,0,2,5,1,1,135,46,6,1.33960218954599,0,0.888888888888889,0.042431024700392,2,11,0,0,0,1,-0.235914076212794,0,0,0,0,0,0,0,0,0,0,,0,,,,,0,7.9,7.9
2021,REG,00-0034578,R.Bonnafon,Reggie Bonnafon,RB,RB,"https://static.www.nfl.com/image/private/f_auto,q_auto/league/revwhbm7uizs4oiwqdo3",1,CAR,0,0,0,0,0,0,0,0,0,0,0,0,,0,,,1,4,0,0,0,0,-0.201326348702423,0,2,2,12,0,0,0,3,9,1,0.751900982053485,0,4.0,0.0465116279069768,0.0082872928176795,0.0755685468328408,0,1.6,3.6
2021,REG,00-0034597,R.Nall,Ryan Nall,RB,RB,"https://static.www.nfl.com/image/private/f_auto,q_auto/league/qh4cznlh73ud2b9loalu",2,CHI,0,0,0,0,0,0,0,0,0,0,0,0,,0,,,1,4,0,0,0,0,-0.555501006543636,0,1,1,4,0,0,0,4,0,0,-1.88302549085347,0,1.0,0.032258064516129,0.0204081632653061,0.0626728110599078,0,0.8,1.8
2021,REG,00-0034614,G.Igwebuike,Godwin Igwebuike,RB,RB,"https://static.www.nfl.com/image/private/f_auto,q_auto/league/d0jsvuhu4xwkyegnlauh",8,DET,0,0,0,0,0,0,0,0,0,0,0,0,,0,,,18,118,1,2,2,7,-4.57314656762173,0,7,10,60,0,0,0,15,64,4,-2.08256479731062,0,4.0,0.0578034682080925,0.012987012987013,0.0957961114030478,0,19.8,26.8
2021,REG,00-0034631,V.Smith,Vyncint Smith,WR,WR,"https://static.www.nfl.com/image/private/f_auto,q_auto/league/jjwvixdxj0lapvuqwbz9",1,NYJ,0,0,0,0,0,0,0,0,0,0,0,0,,0,,,0,0,0,0,0,0,,0,0,1,0,0,0,0,18,0,0,-0.442845940182451,0,0.0,0.025,0.0604026845637584,0.0797818791946309,0,0.0,0.0
2021,REG,00-0034646,B.Powell,Brandon Powell,WR,WR,"https://static.www.nfl.com/image/private/f_auto,q_auto/league/cqtogvopabvi3gcuaosi",1,LA,0,0,0,0,0,0,0,0,0,0,0,0,,0,,,0,0,0,0,0,0,,0,0,0,0,0,0,0,0,0,0,,0,,,,,1,6.0,6.0
2021,REG,00-0034652,C.Batson,Cameron Batson,WR,WR,"https://static.www.nfl.com/image/private/f_auto,q_auto/league/pow47zamr7jdcca5ibsl",3,TEN,0,0,0,0,0,0,0,0,0,0,0,0,,0,,,2,15,0,0,0,1,0.594628306163941,0,2,5,15,1,0,0,84,1,2,0.930304496025201,0,0.178571428571429,0.0666666666666667,0.149200710479574,0.204440497335702,0,9.0,11.0
2021,REG,00-0034672,E.Wolf,Ethan Wolf,TE,TE,"https://static.www.nfl.com/image/private/f_auto,q_auto/league/axn5dxyd6e9jcixash1g",1,NO,0,0,0,0,0,0,0,0,0,0,0,0,,0,,,0,0,0,0,0,0,,0,2,2,8,0,0,0,2,6,0,-0.390935016330332,0,4.0,0.111111111111111,0.0263157894736842,0.185087719298246,0,0.8,2.8
2021,REG,00-0034676,J.Washington,James Washington,WR,WR,"https://static.www.nfl.com/image/private/f_auto,q_auto/league/z5svt5lojqlibpxitvty",15,PIT,0,0,0,0,0,0,0,0,0,0,0,0,,0,,,2,13,0,0,0,1,0.60883256001398,0,24,44,285,2,0,0,514,79,9,-7.22128224318722,0,0.554474708171206,0.0753424657534247,0.138283562012376,0.2098121920388,0,41.8,65.8
2021,REG,00-0034681,C.Edmonds,Chase Edmonds,RB,RB,"https://static.www.nfl.com/image/private/f_auto,q_auto/league/y0u4btecdge4tsun4p2h",12,ARI,0,0,0,0,0,0,0,0,0,0,0,0,,0,,,116,592,2,0,0,32,11.6346781019192,0,43,53,311,0,1,1,23,324,11,-4.27255372830263,0,13.5217391304348,0.144021739130435,0.0078956402334363,0.221559556859058,0,100.3,143.3
2021,REG,00-0034686,A.Tate,Auden Tate,WR,WR,"https://static.www.nfl.com/image/private/f_auto,q_auto/league/gp64utjveglpbit53u3t",4,CIN,0,0,0,0,0,0,0,0,0,0,0,0,,0,,,0,0,0,0,0,0,,0,3,4,39,1,0,0,45,21,3,0.0031128440168686,0,0.866666666666667,0.0344827586206897,0.0643776824034335,0.0967885156134379,0,9.9,12.9
2021,REG,00-0034726,D.Leavitt,Dallin Leavitt,SS,DB,"https://static.www.nfl.com/image/private/f_auto,q_auto/league/puozg5rjuz6vf3cudgx5",2,LV,0,0,0,0,0,0,0,0,0,0,0,0,,0,,,2,6,0,0,0,2,3.15669890289428,0,0,0,0,0,0,0,0,0,0,,0,,,,,0,0.6,0.6
2021,REG,00-0034735,C.McElroy,Codey McElroy,TE,TE,"https://static.www.nfl.com/image/private/f_auto,q_auto/league/jzeu0mzarw5bosseecho",1,TB,0,0,0,0,0,0,0,0,0,0,0,0,,0,,,0,0,0,0,0,0,,0,0,1,0,0,0,0,11,0,0,-0.740482040331699,0,0.0,0.0232558139534884,0.0239651416122004,0.0516593200587729,0,0.0,0.0
2021,REG,00-0034750,R.Penny,Rashaad Penny,RB,RB,"https://static.www.nfl.com/image/private/f_auto,q_auto/league/mwvzwst6cfcwifblqtsj",10,SEA,0,0,0,0,0,0,0,0,0,0,0,0,,0,,,119,749,6,0,0,28,11.2019616547471,0,6,8,48,0,0,0,-16,62,3,0.729798308356552,0,-3.0,0.0540540540540541,-0.0134003350083752,0.0717008465752184,0,115.7,121.7
2021,REG,00-0034753,M.Andrews,Mark Andrews,TE,TE,"https://static.www.nfl.com/image/private/f_auto,q_auto/league/cv7h66mkpoalli9wfdqp",17,BAL,0,0,0,0,0,0,0,0,0,0,0,0,,0,,,1,0,0,0,0,0,-1.09244613756891,0,107,153,1361,9,1,0,1574,450,75,56.8067765942933,2,0.864675984752224,0.258883248730964,0.304743465634076,0.6016452990403,0,194.1,301.1
2021,REG,00-0034764,M.Gallup,Michael Gallup,WR,WR,"https://static.www.nfl.com/image/private/f_auto,q_auto/league/tt9xpcg4x2z3osc1fcq6",9,DAL,0,0,0,0,0,0,0,0,0,0,0,0,,0,,,0,0,0,0,0,0,,0,35,62,445,2,0,0,722,123,23,18.4041369350428,0,0.616343490304709,0.165775401069519,0.273795980280622,0.440320287800713,0,56.5,91.5
2021,REG,00-0034765,T.Smith,Tre'Quan Smith,WR,WR,"https://static.www.nfl.com/image/private/f_auto,q_auto/league/w0fqbjft1n3akkw7o6jc",10,NO,0,0,0,0,0,0,0,0,0,0,0,0,,0,,,0,0,0,0,0,0,,0,32,50,377,3,1,0,480,113,18,13.4656280927269,0,0.785416666666667,0.157232704402516,0.203476049173379,0.378282291025139,0,55.7,87.7
2021,REG,00-0034766,C.Herndon,Christopher Herndon,TE,TE,"https://static.www.nfl.com/image/private/f_auto,q_auto/league/orypxaqv1ux3nbqssqqx",5,MIN,0,0,0,0,0,0,0,0,0,0,0,0,,0,,,0,0,0,0,0,0,,0,4,7,40,1,0,0,29,31,4,1.90233398642158,0,1.37931034482759,0.0366492146596859,0.0203366058906031,0.069209446112951,0,10.0,14.0
2021,REG,00-0034771,M.Rudolph,Mason Rudolph,QB,QB,"https://static.www.nfl.com/image/private/f_auto,q_auto/league/d0e69hfidjqg8yb68nza",2,PIT,35,58,277,1,1,0,0,0,0,360,122,16,-8.75338016874487,0,0.769444444444445,-7.45812970578165e-05,5,53,0,0,0,3,3.05594229756389,0,0,0,0,0,0,0,0,0,0,,0,,,,,0,18.38,18.38
2021,REG,00-0034775,C.Kirk,Christian Kirk,WR,WR,"https://static.www.nfl.com/image/private/f_auto,q_auto/league/ersmmtjmjlpsy9lmjvde",17,ARI,1,1,33,0,0,0,0,0,0,33,0,1,3.03057740646182,0,1.0,,1,11,0,0,0,1,0.651245707413182,0,77,103,982,5,0,0,1201,231,44,51.0993879715309,0,0.817651956702748,0.180701754385965,0.281132958801498,0.467845702739996,0,130.62,207.62
2021,REG,00-0034777,D.Chark,D.J. Chark,WR,WR,"https://static.www.nfl.com/image/private/f_auto,q_auto/league/bn5lxiv1cyyidlhkth84",3,JAX,0,0,0,0,0,0,0,0,0,0,0,0,,0,,,0,0,0,0,0,0,,0,7,22,154,2,0,0,359,24,7,0.27420088673394,0,0.428969359331476,0.191304347826087,0.325771324863884,0.514996449143849,0,27.4,34.4
2021,REG,00-0034791,N.Chubb,Nick Chubb,RB,RB,"https://static.www.nfl.com/image/private/f_auto,q_auto/league/a8ib0haur75wrhqrbtyo",14,CLE,0,0,0,0,0,0,0,0,0,0,0,0,,0,,,228,1259,8,2,1,61,10.6301839495702,0,20,25,174,1,0,0,14,183,9,8.12511589378119,0,12.4285714285714,0.0664893617021277,0.0054095826893353,0.103520750435726,0,195.3,215.3
2021,REG,00-0034796,L.Jackson,Lamar Jackson,QB,QB,"https://static.www.nfl.com/image/private/f_auto,q_auto/league/wj1fwvvkjaqztm56ybzu",12,BAL,246,382,2882,16,13,38,190,3,1,3534,1150,135,19.1717008740486,2,0.815506508205999,0.0840197829218553,133,767,2,3,2,48,16.4621121083108,0,0,0,0,0,0,0,0,0,0,,0,,,,,0,239.98,239.98
2021,REG,00-0034798,D.Smythe,Durham Smythe,TE,TE,"https://static.www.nfl.com/image/private/f_auto,q_auto/league/bymp1mbuhxq4vbrwnof7",15,MIA,0,0,0,0,0,0,0,0,0,0,0,0,,0,,,2,3,0,0,0,2,1.3401846177876,0,34,41,357,0,0,0,260,160,15,14.9682837688306,0,1.37307692307692,0.0786948176583493,0.0658061250316376,0.16410651400967,0,36.0,70.0
2021,REG,00-0034799,K.Ballage,Kalen Ballage,RB,RB,"https://static.www.nfl.com/image/private/f_auto,q_auto/league/zxxklmhekefz5gaaxqi0",8,PIT,0,0,0,0,0,0,0,0,0,0,0,0,,0,,,12,36,0,0,0,2,-2.03351259761257,0,2,7,8,0,0,0,2,10,0,-7.04676297592232,0,4.0,0.0380434782608696,0.002020202020202,0.0584793588054458,0,4.4,6.4
2021,REG,00-0034808,J.Kelly,John Kelly,RB,RB,"https://static.www.nfl.com/image/private/f_auto,q_auto/league/vqih30rje8wvdeado2m9",1,CLE,0,0,0,0,0,0,0,0,0,0,0,0,,0,,,2,13,0,0,0,1,0.203084378270432,0,0,0,0,0,0,0,0,0,0,,0,,,,,0,1.3,1.3
2021,REG,00-0034816,R.Jones,Ronald Jones,RB,RB,"https://static.www.nfl.com/image/private/f_auto,q_auto/league/juku3wy4sv0xwobxw7xp",15,TB,0,0,0,0,0,0,0,0,0,0,0,0,,0,,,101,428,4,2,2,25,-3.85281771598966,0,10,13,64,0,0,0,-15,77,2,0.277788223989774,0,-4.26666666666667,0.0385756676557864,-0.005656108597285,0.05390422546558,0,69.2,79.2
2021,REG,00-0034827,D.Moore,D.J. Moore,WR,WR,"https://static.www.nfl.com/image/private/f_auto,q_auto/league/fuhd1intilojmnbx7wjq",17,CAR,0,0,0,0,0,0,0,0,0,0,0,0,,0,,,8,48,0,0,0,4,7.40770576131763,0,93,163,1157,4,1,1,1734,422,60,8.43850797346094,1,0.66724336793541,0.283478260869565,0.402413553028545,0.706906878424329,0,144.5,237.5
2021,REG,00-0034829,M.Gesicki,Mike Gesicki,TE,TE,"https://static.www.nfl.com/image/private/f_auto,q_auto/league/mpichyoi6vdnhb7qte6c",17,MIA,0,1,0,0,0,0,0,0,0,28,0,0,-0.586453419644386,0,0.0,,0,0,0,0,0,0,,0,73,112,780,2,0,0,1048,221,39,17.9020175485181,1,0.744274809160305,0.186978297161937,0.236195627676358,0.445804385116355,0,92.0,165.0
2021,REG,00-0034830,H.Hurst,Hayden Hurst,TE,TE,"https://static.www.nfl.com/image/private/f_auto,q_auto/league/evevkgcgy0suudtprryp",12,ATL,0,0,0,0,0,0,0,0,0,0,0,0,,0,,,0,0,0,0,0,0,,0,26,31,221,3,3,1,205,89,11,2.64730920143162,0,1.07804878048781,0.0759803921568627,0.0738206697875405,0.165645057086572,0,38.1,64.1
2021,REG,00-0034837,C.Ridley,Calvin Ridley,WR,WR,"https://static.www.nfl.com/image/private/f_auto,q_auto/league/jnknuowszoqaywqoopy7",5,ATL,0,0,0,0,0,0,0,0,0,0,0,0,,0,,,0,0,0,0,0,0,,0,31,52,281,2,0,0,521,91,16,7.90123467370404,0,0.539347408829175,0.26530612244898,0.40703125,0.682881058673469,0,40.1,71.1
2021,REG,00-0034838,R.Freeman,Royce Freeman,RB,RB,"https://static.www.nfl.com/image/private/f_auto,q_auto/league/omv74ajxzfk50f5te1mp",11,HOU,0,0,0,0,0,0,0,0,0,0,0,0,,0,,,56,169,0,0,0,8,-9.51403795826278,0,10,16,77,0,0,0,-6,75,4,-1.75418729842634,0,-12.8333333333333,0.0686695278969957,-0.0049792531120332,0.0995188146670703,0,24.6,34.6
2021,REG,00-0034844,S.Barkley,Saquon Barkley,RB,RB,"https://static.www.nfl.com/image/private/f_auto,q_auto/league/o8tlhps5u1tvnaaxlpjk",13,NYG,0,0,0,0,0,0,0,0,0,0,0,0,,0,,,162,593,2,1,1,27,-20.3498575433616,0,41,57,263,2,1,0,30,298,13,-3.736571233836,0,8.76666666666667,0.131944444444444,0.0099403578528827,0.204874917163685,0,107.6,148.6
2021,REG,00-0034845,S.Michel,Sony Michel,RB,RB,"https://static.www.nfl.com/image/private/f_auto,q_auto/league/eydtwcqcaegkuwivq0ln",17,LA,0,0,0,0,0,0,0,0,0,0,0,0,,0,,,208,845,4,1,1,49,-21.0700079339543,0,21,33,128,1,0,0,-14,133,6,-8.64380755734207,0,-9.14285714285714,0.0758620689655172,-0.0037919826652221,0.11113871558262,0,125.3,146.3
2021,REG,00-0034854,K.Hodge,KhaDarel Hodge,WR,WR,"https://static.www.nfl.com/image/private/f_auto,q_auto/league/rx0oqq7r3hwwdliira2q",10,DET,0,0,0,0,0,0,0,0,0,0,0,0,,0,,,0,0,0,0,0,0,,0,13,27,157,0,0,0,304,37,7,-7.36710539101227,1,0.516447368421053,0.0778097982708934,0.12843261512463,0.206617527993581,0,17.7,30.7
2021,REG,00-0034855,B.Mayfield,Baker Mayfield,QB,QB,"https://static.www.nfl.com/image/private/f_auto,q_auto/league/haglbmidyaxtimhctzlp",14,CLE,253,418,3010,17,13,43,269,5,3,3659,1383,143,-6.55641304627143,2,0.822629133643072,0.0478425106687578,37,134,1,1,0,12,6.11131855749408,0,0,0,0,0,0,0,0,0,0,,0,,,,,0,179.8,179.8
2021,REG,00-0034857,J.Allen,Josh Allen,QB,QB,"https://static.www.nfl.com/image/private/f_auto,q_auto/league/ghmmndgjefpxziks7ntf",17,BUF,409,646,4407,36,15,26,164,3,1,5295,1734,234,80.8338577935822,1,0.832294617563739,0.121346334038852,122,763,6,5,2,53,55.5407176340784,1,0,0,0,0,0,0,0,0,0,,1,,,,,0,402.58,402.58
2021,REG,00-0034860,D.Pettis,Dante Pettis,WR,WR,"https://static.www.nfl.com/image/private/f_auto,q_auto/league/j35nhxhisutf6pz38fzs",2,NYG,1,1,16,0,0,0,0,0,0,13,3,1,0.98088472627569,0,1.23076923076923,,0,0,0,0,0,0,,0,10,16,87,1,0,0,103,38,5,-1.96423208350576,0,0.844660194174757,0.197530864197531,0.2,0.436296296296296,0,15.34,25.34
2021,REG,00-0034867,M.Turner,Malik Turner,WR,WR,"https://static.www.nfl.com/image/private/f_auto,q_auto/league/r7wv14bgrb5ohjmqsf9p",7,DAL,0,0,0,0,0,0,0,0,0,0,0,0,,0,,,0,0,0,0,0,0,,0,12,16,149,3,0,0,149,74,8,6.50244387047133,0,1.0,0.0569395017793594,0.0621869782971619,0.128940137477053,0,32.9,44.9
2021,REG,00-0034869,S.Darnold,Sam Darnold,QB,QB,"https://static.www.nfl.com/image/private/f_auto,q_auto/league/whfsdoeusfuts9t4m6ex",12,CAR,243,406,2527,9,13,35,204,7,2,2932,1385,123,-77.7665797189775,1,0.861869031377899,-0.0016072921836752,48,222,5,2,2,21,3.87888621813283,0,0,0,0,0,0,0,0,0,0,,0,,,,,0,157.28,157.28
2021,REG,00-0034899,J.Wolford,John Wolford,QB,QB,"https://static.www.nfl.com/image/private/f_auto,q_auto/league/uxzgrelwi10vk4vbx7lc",2,LA,1,4,5,0,1,1,8,0,0,19,7,0,-6.36047899327241,0,0.263157894736842,,2,-1,0,0,0,0,-1.03255195403472,0,0,0,0,0,0,0,0,0,0,,0,,,,,0,-1.9,-1.9
2021,REG,00-0034903,T.Campbell,Tevaughn Campbell,CB,DB,"https://static.www.nfl.com/image/private/f_auto,q_auto/league/qb4fu699shbcolgy8nxz",1,LAC,0,0,0,0,0,0,0,0,0,0,0,0,,0,,,0,0,0,0,0,0,,0,0,1,0,0,0,0,10,0,0,-2.76716072531417,0,0.0,0.0263157894736842,0.0327868852459016,0.0624245038826575,0,0.0,0.0
2021,REG,00-0034930,T.Benson,Trinity Benson,WR,WR,"https://static.www.nfl.com/image/private/f_auto,q_auto/league/ieftt22eccs8cjnodaxb",7,DET,0,0,0,0,0,0,0,0,0,0,0,0,,0,,,0,0,0,0,0,0,,0,10,22,103,0,0,0,175,59,4,-9.61333417706192,0,0.588571428571429,0.0887096774193548,0.105868118572293,0.207172199129637,0,10.3,20.3
2021,REG,00-0034955,B.Rypien,Brett Rypien,QB,QB,"https://static.www.nfl.com/image/private/f_auto,q_auto/league/dk9b6nlydrbexyyoknoi",1,DEN,0,2,0,0,0,0,0,0,0,11,0,0,-2.05911778751761,0,0.0,,0,0,0,0,0,0,,0,0,0,0,0,0,0,0,0,0,,0,,,,,0,0.0,0.0
2021,REG,00-0034960,J.Meyers,Jakobi Meyers,WR,WR,"https://static.www.nfl.com/image/private/f_auto,q_auto/league/lhfd2xsufgep72sfkacg",16,NE,2,2,45,0,0,0,0,0,0,11,34,1,1.78691730397986,0,4.09090909090909,,1,9,0,0,0,0,0.923072559235152,0,83,126,866,2,1,1,1221,222,42,16.9890914472887,2,0.709254709254709,0.241842610364683,0.288243626062323,0.564534453790651,0,103.3,186.3
2021,REG,00-0034972,A.Mattison,Alexander Mattison,RB,RB,"https://static.www.nfl.com/image/private/f_auto,q_auto/league/kn3cwf59lqoyauoqmghm",16,MIN,0,0,0,0,0,0,0,0,0,0,0,0,,0,,,134,491,3,1,1,28,-25.0483988567139,0,32,39,228,1,0,0,3,238,10,-2.7079422143603,0,76.0,0.0821052631578947,0.0008733624454148,0.123769248448633,0,93.9,125.9
2021,REG,00-0034981,F.Moreau,Foster Moreau,TE,TE,"https://static.www.nfl.com/image/private/f_auto,q_auto/league/cvxobozy7tbpgnxahes9",12,LV,0,0,0,0,0,0,0,0,0,0,0,0,,0,,,0,0,0,0,0,0,,0,30,44,373,3,1,0,325,189,16,-0.873387371928531,0,1.14769230769231,0.108910891089109,0.0990551661078939,0.232704952909189,0,55.3,85.3
2021,REG,00-0034983,H.Renfrow,Hunter Renfrow,WR,WR,"https://static.www.nfl.com/image/private/f_auto,q_auto/league/coqn2jxhmjhaut34aqiv",17,LV,0,0,0,0,0,0,0,0,0,0,0,0,,0,,,3,3,0,0,0,0,-1.60257622005884,0,103,128,1038,9,1,1,828,452,51,51.400046968609,0,1.2536231884058,0.212271973466003,0.167272727272727,0.435498869289914,0,156.1,259.1
2021,REG,00-0034987,E.Speed,E.J. Speed,OLB,LB,"https://static.www.nfl.com/image/private/f_auto,q_auto/league/cunb1ditn75noh11xrle",2,IND,0,0,0,0,0,0,0,0,0,0,0,0,,0,,,0,0,0,0,0,0,,0,0,0,0,0,0,0,0,0,0,,0,,,,,2,12.0,12.0
2021,REG,00-0034988,K.Smith,Kaden Smith,TE,TE,"https://static.www.nfl.com/image/private/f_auto,q_auto/league/gbwycqfz69f3c3ozzt0g",2,NYG,0,0,0,0,0,0,0,0,0,0,0,0,,0,,,0,0,0,0,0,0,,0,3,3,33,0,0,0,22,11,1,1.69925882306416,0,1.5,0.0447761194029851,0.0368509212730318,0.0929598239955999,0,3.3,6.3
2021,REG,00-0035021,A.Dulin,Ashton Dulin,WR,WR,"https://static.www.nfl.com/image/private/f_auto,q_auto/league/jnaoemdbciiow7rcfzbu",14,IND,0,0,0,0,0,0,0,0,0,0,0,0,,0,,,3,32,0,0,0,1,0.338705803151242,0,13,22,173,2,0,0,304,50,9,5.97164781868924,0,0.569078947368421,0.0591397849462366,0.100728959575878,0.159219949122469,0,32.5,45.5
2021,REG,00-0035022,P.Hart,Penny Hart,WR,WR,"https://static.www.nfl.com/image/private/f_auto,q_auto/league/x56attwx7uv6a8zbetsq",9,SEA,0,0,0,0,0,0,0,0,0,0,0,0,,0,,,0,0,0,0,0,0,,0,7,12,59,0,0,0,108,41,3,-3.16131397546269,0,0.546296296296296,0.0451127819548872,0.0448877805486284,0.0990906193163707,0,5.9,12.9
2021,REG,00-0035040,D.Blough,David Blough,QB,QB,"https://static.www.nfl.com/image/private/f_auto,q_auto/league/enumsdgbnfykd6znzeck",1,DET,0,0,0,0,0,1,6,1,0,0,0,0,-0.930512365535833,0,,,1,6,0,0,0,0,0.34443784924224,0,0,0,0,0,0,0,0,0,0,,0,,,,,0,0.6,0.6
2021,REG,00-0035042,J.Gillan,Jamie Gillan,P,SPEC,"https://static.www.nfl.com/image/private/f_auto,q_auto/league/fhwbrytkidc2slpjlazg",1,CLE,0,0,0,0,0,0,0,0,0,0,0,0,,0,,,1,0,0,1,0,0,-3.3422745866701,0,0,0,0,0,0,0,0,0,0,,0,,,,,0,0.0,0.0
2021,REG,00-0035045,D.Montgomery,D.J. Montgomery,WR,WR,"https://static.www.nfl.com/image/upload/f_auto,q_auto/league/awyy8vuflp5dbjwdnar1",1,NYJ,0,0,0,0,0,0,0,0,0,0,0,0,,0,,,0,0,0,0,0,0,,0,3,6,36,0,0,0,39,15,2,-2.6614067054595,0,0.923076923076923,0.15,0.130872483221477,0.316610738255034,0,3.6,6.6
2021,REG,00-0035099,K.Blasingame,Khari Blasingame,FB,RB,"https://static.www.nfl.com/image/private/f_auto,q_auto/league/w6upjqhddbjlnnqui819",3,TEN,0,0,0,0,0,0,0,0,0,0,0,0,,0,,,3,6,0,1,1,1,-2.56176345306449,0,2,2,4,0,0,0,0,4,0,-0.896811547223479,0,0.0,0.032258064516129,0.0,0.0483870967741936,0,-1.0,1.0
2021,REG,00-0035101,D.Davis,Davion Davis,WR,WR,"https://static.www.nfl.com/image/private/f_auto,q_auto/league/sqsasalphgxytdferwds",2,HOU,0,0,0,0,0,0,0,0,0,0,0,0,,0,,,0,0,0,0,0,0,,0,1,3,17,0,0,0,14,13,1,-4.32051273412071,0,1.21428571428571,0.0405405405405405,0.0356234096692112,0.0857471975792587,0,1.7,2.7
2021,REG,00-0035125,A.Ingold,Alec Ingold,FB,RB,"https://static.www.nfl.com/image/private/f_auto,q_auto/league/oxtyl1jrhudt3minnb83",7,LV,0,0,0,0,0,0,0,0,0,0,0,0,,0,,,2,1,0,0,0,1,0.282602343766484,0,10,12,85,1,0,0,56,46,4,3.78819375644622,0,1.51785714285714,0.0447761194029851,0.0359897172236504,0.0923569811610329,0,14.6,24.6
2021,REG,00-0035126,A.Wesley,Antoine Wesley,WR,WR,"https://static.www.nfl.com/image/private/f_auto,q_auto/league/qbvjkexq50bd0ik1get4",8,ARI,0,0,0,0,0,0,0,0,0,0,0,0,,0,,,0,0,0,0,0,0,,0,19,32,208,3,0,0,317,61,9,-3.42481851803209,0,0.65615141955836,0.109215017064846,0.159697732997481,0.275610938695506,0,38.8,57.8
2021,REG,00-0035140,M.Hardman,Mecole Hardman,WR,WR,"https://static.www.nfl.com/image/upload/f_auto,q_auto/league/rzs2xd5j7o7lz1ivk5te",17,KC,0,0,0,0,0,0,0,0,0,0,0,0,,0,,,8,46,0,1,1,2,-1.55453368742019,0,59,83,693,2,1,1,612,502,33,17.9945405435865,0,1.13235294117647,0.130298273155416,0.13149978513107,0.287497259324873,0,81.9,140.9
2021,REG,00-0035156,J.Fox,Jack Fox,P,SPEC,"https://static.www.nfl.com/image/private/f_auto,q_auto/league/bopl2e68nma6fbujuq4u",3,DET,2,3,38,0,0,0,0,0,0,30,21,2,5.19235931470757,0,1.26666666666667,,0,0,0,0,0,0,,0,0,0,0,0,0,0,0,0,0,,0,,,,,0,1.52,1.52
2021,REG,00-0035184,D.Ozigbo,Devine Ozigbo,RB,RB,"https://static.www.nfl.com/image/private/f_auto,q_auto/league/teht8fiw2mu5g8xmdoqm",1,NO,0,0,0,0,0,0,0,0,0,0,0,0,,0,,,1,-3,0,0,0,0,-1.04458366846666,0,1,1,7,0,0,0,4,3,1,0.787435521837324,0,1.75,0.03125,0.0134228187919463,0.0562709731543624,0,0.4,1.4
2021,REG,00-0035187,A.Walter,Austin Walter,RB,RB,"https://static.www.nfl.com/image/private/f_auto,q_auto/league/ra41toaybxgxojhemusk",4,NYJ,0,0,0,0,0,0,0,0,0,0,0,0,,0,,,26,101,1,0,0,5,-1.673842381771,0,2,3,9,0,0,0,-9,13,1,-0.828732173424214,0,-1.0,0.0508474576271187,-0.0217917675544794,0.0610169491525424,0,17.0,19.0
2021,REG,00-0035208,O.Zaccheaus,Olamide Zaccheaus,WR,WR,"https://static.www.nfl.com/image/private/f_auto,q_auto/league/dwtubzfv9kpr23znavl6",15,ATL,0,0,0,0,0,0,0,0,0,0,0,0,,0,,,1,2,0,0,0,1,0.517502564936876,0,31,53,406,3,0,0,477,96,22,12.5397129170597,0,0.851153039832285,0.107287449392713,0.131804365846919,0.253194230181912,0,58.8,89.8
2021,REG,00-0035215,D.Harty,Deonte Harty,WR,WR,"https://static.www.nfl.com/image/private/f_auto,q_auto/league/h72iki8fggkee1n2jpg6",13,NO,0,0,0,0,0,0,0,0,0,0,0,0,,0,,,5,41,0,0,0,1,1.13728076068219,0,36,59,570,3,0,0,585,246,23,9.92946859491039,0,0.974358974358974,0.156084656084656,0.196837146702557,0.371912986818774,0,79.1,115.1
2021,REG,00-0035216,D.Johnson,Diontae Johnson,WR,WR,"https://static.www.nfl.com/image/private/f_auto,q_auto/league/imoqxbyoluisz2tmoral",16,PIT,0,0,0,0,0,0,0,0,0,0,0,0,,0,,,5,53,0,0,0,2,3.93995102384361,0,107,169,1161,8,2,2,1440,527,59,23.8345287814862,1,0.80625,0.284033613445378,0.351133869787857,0.671844129019567,0,167.4,274.4
2021,REG,00-0035217,B.Snell,Benny Snell,RB,RB,"https://static.www.nfl.com/image/private/f_auto,q_auto/league/fo3ppnx6djkougdmpthf",13,PIT,0,0,0,0,0,0,0,0,0,0,0,0,,0,,,36,98,0,0,0,2,-11.181178654189,0,2,4,13,0,0,0,-4,20,0,-2.23067166790133,0,-3.25,0.0283687943262411,-0.0062992125984252,0.0381437426704641,0,11.1,13.1
2021,REG,00-0035222,Z.Gentry,Zach Gentry,TE,TE,"https://static.www.nfl.com/image/private/f_auto,q_auto/league/ymrc0ebxrmqahtvimt8l",10,PIT,0,0,0,0,0,0,0,0,0,0,0,0,,0,,,0,0,0,0,0,0,,0,19,25,167,0,0,0,75,127,11,-2.38037549739498,0,2.22666666666667,0.0700280112044818,0.0319148936170213,0.127382442338638,0,16.7,35.7
2021,REG,00-0035223,U.Gilbert,Ulysees Gilbert,ILB,LB,"https://static.www.nfl.com/image/private/f_auto,q_auto/league/cuiogahz0e5enpzl6fbr",1,PIT,0,0,0,0,0,0,0,0,0,0,0,0,,0,,,0,0,0,0,0,0,,0,0,0,0,0,0,0,0,0,0,,0,,,,,1,6.0,6.0
2021,REG,00-0035228,K.Murray,Kyler Murray,QB,QB,"https://static.www.nfl.com/image/private/f_auto,q_auto/league/ad68dbv2eqakttaqwppv",14,ARI,333,481,3787,24,10,31,286,3,0,3823,1789,172,66.3345530493574,0,0.990583311535443,0.12352091674035,88,423,5,10,0,25,4.64207029414057,0,0,0,0,0,0,0,0,0,0,,0,,,,,0,299.78,299.78
2021,REG,00-0035229,T.Hockenson,T.J. Hockenson,TE,TE,"https://static.www.nfl.com/image/private/f_auto,q_auto/league/exbnbnkgkhp9tlt10wig",12,DET,0,0,0,0,0,0,0,0,0,0,0,0,,0,,,0,0,0,0,0,0,,0,61,84,583,4,0,0,616,199,32,5.36185234076034,1,0.946428571428571,0.21,0.239409249902837,0.482586474931986,0,84.3,145.3
2021,REG,00-0035231,C.Wilkins,Christian Wilkins,DE,DL,"https://static.www.nfl.com/image/private/f_auto,q_auto/league/yngx6poa67gosj2oiwk1",1,MIA,0,0,0,0,0,0,0,0,0,0,0,0,,0,,,0,0,0,0,0,0,,0,1,1,1,1,0,0,1,0,1,0.53282988598221,0,1.0,0.0384615384615385,0.0039215686274509,0.0604374057315234,0,6.1,7.1
2021,REG,00-0035243,M.Sanders,Miles Sanders,RB,RB,"https://static.www.nfl.com/image/private/f_auto,q_auto/league/vzctez3oxwdttiyukq18",12,PHI,0,0,0,0,0,0,0,0,0,0,0,0,,0,,,137,754,0,1,1,33,0.393324993654869,1,26,34,158,0,0,0,-18,227,6,-6.75276211053946,0,-8.77777777777778,0.0957746478873239,-0.0068912710566615,0.138838082091323,0,91.2,117.2
2021,REG,00-0035246,J.Arcega-Whiteside,J.J. Arcega-Whiteside,WR,WR,"https://static.www.nfl.com/image/private/f_auto,q_auto/league/ybukzc2rvl0mqfnn387e",3,PHI,0,0,0,0,0,0,0,0,0,0,0,0,,0,,,0,0,0,0,0,0,,0,2,5,36,0,0,0,41,29,2,-3.35056522814557,0,0.878048780487805,0.0581395348837209,0.057909604519774,0.127746025489423,0,3.6,5.6
2021,REG,00-0035249,J.Oliver,Josh Oliver,TE,TE,"https://static.www.nfl.com/image/private/f_auto,q_auto/league/pwd3muzyjclgjlwwtdah",10,BAL,0,0,0,0,0,0,0,0,0,0,0,0,,0,,,0,0,0,0,0,0,,0,9,15,66,0,1,0,126,25,4,-3.32906061690301,0,0.523809523809524,0.0441176470588235,0.0410289807880169,0.0948967571398471,0,6.6,15.6
2021,REG,00-0035250,D.Singletary,Devin Singletary,RB,RB,"https://static.www.nfl.com/image/upload/f_auto,q_auto/league/ulczhsxmhnyrsyjfrhd5",17,BUF,0,0,0,0,0,0,0,0,0,0,0,0,,0,,,188,870,7,2,0,44,-3.82014839537442,0,40,50,228,1,3,0,4,242,11,-2.3093669366735,0,57.0,0.0843170320404722,0.0008521516829995,0.127072054238808,0,157.8,197.8
2021,REG,00-0035259,T.Wesco,Trevon Wesco,TE,TE,"https://static.www.nfl.com/image/private/f_auto,q_auto/league/ptq3iidy6uyg3f31gjl5",4,NYJ,0,0,0,0,0,0,0,0,0,0,0,0,,0,,,0,0,0,0,0,0,,0,3,5,35,0,0,0,3,29,2,-1.34905443125172,0,11.6666666666667,0.0335570469798658,0.0037174721189591,0.05293780095307,0,3.5,6.5
2021,REG,00-0035261,T.Pollard,Tony Pollard,RB,RB,"https://static.www.nfl.com/image/private/f_auto,q_auto/league/pqhmih6cdyb3yqfd1dmb",15,DAL,0,0,0,0,0,0,0,0,0,0,0,0,,0,,,130,719,2,0,0,35,12.8812159731039,0,39,46,337,0,2,0,8,341,15,7.83331749583151,0,42.125,0.0839416058394161,0.0019782393669634,0.127297176315998,1,123.6,162.6
2021,REG,00-0035268,R.Armstead,Ryquell Armstead,RB,RB,"https://static.www.nfl.com/image/private/f_auto,q_auto/league/jgcl3vn95zrklzlulgut",2,JAX,0,0,0,0,0,0,0,0,0,0,0,0,,0,,,15,80,0,0,0,3,1.6966322271619,0,3,4,16,0,0,0,0,20,1,-5.90007190260803,0,0.0,0.0689655172413793,0.0,0.103448275862069,0,9.6,12.6
2021,REG,00-0035273,Q.Ollison,Qadree Ollison,RB,RB,"https://static.www.nfl.com/image/private/f_auto,q_auto/league/ifvzpr0bzxjwbpv0zpml",6,ATL,0,0,0,0,0,0,0,0,0,0,0,0,,0,,,21,105,1,1,1,7,-4.71563008642988,0,4,6,12,0,0,0,0,7,1,-4.13411433284637,0,0.0,0.0454545454545455,0.0,0.0681818181818182,0,15.7,19.7
2021,REG,00-0035289,G.Minshew,Gardner Minshew,QB,QB,"https://static.www.nfl.com/image/private/f_auto,q_auto/league/gvv8ki5crxio2rxfwzng",3,PHI,41,60,439,4,1,5,31,1,0,346,263,24,16.8285975123972,0,1.26878612716763,0.170775416090682,9,21,0,0,0,2,-1.08274675789289,0,0,0,0,0,0,0,0,0,0,,0,,,,,0,33.66,33.66
2021,REG,00-0035291,T.Williams,Trayveon Williams,RB,RB,"https://static.www.nfl.com/image/private/f_auto,q_auto/league/lwyipowl19fmjrfm37nd",2,CIN,0,0,0,0,0,0,0,0,0,0,0,0,,0,,,15,51,0,0,0,4,-0.211836054979358,0,1,2,4,0,0,0,-7,11,0,-0.690285214750837,0,-0.571428571428571,0.0689655172413793,-0.0426829268292683,0.0735702270815812,0,5.5,6.5
2021,REG,00-0035298,S.Miller,Scott Miller,WR,WR,"https://static.www.nfl.com/image/private/f_auto,q_auto/league/op0lagoypltubc9t61qu",5,TB,0,0,0,0,0,0,0,0,0,0,0,0,,0,,,2,43,1,0,0,2,4.53541858197423,0,5,9,38,0,0,0,117,9,2,-5.675998245874,0,0.324786324786325,0.0443349753694581,0.0767213114754098,0.120207381086974,0,14.1,19.1
2021,REG,00-0035308,T.Sweeney,Tommy Sweeney,TE,TE,"https://static.www.nfl.com/image/private/f_auto,q_auto/league/tw1tgrqwyiadl4kweuf6",7,BUF,0,0,0,0,0,0,0,0,0,0,0,0,,0,,,0,0,0,0,0,0,,0,9,12,44,1,1,0,69,14,3,-3.79020547436085,0,0.63768115942029,0.0447761194029851,0.0309001343484102,0.0887942731483648,0,10.4,19.4
2021,REG,00-0035311,M.Gaskin,Myles Gaskin,RB,RB,"https://static.www.nfl.com/image/private/f_auto,q_auto/league/ypsxp4e7apgqibr9edzy",17,MIA,0,0,0,0,0,0,0,0,0,0,0,0,,0,,,173,612,3,2,1,25,-28.6345472207782,0,49,63,234,4,0,0,32,250,13,-6.78806696219854,0,7.3125,0.116022099447514,0.0080971659919028,0.179701165365603,0,124.6,173.6
2021,REG,00-0035327,C.Moore,C.J. Moore,FS,DB,"https://static.www.nfl.com/image/private/f_auto,q_auto/league/jsfetufrmzdqhxvwvcwq",1,DET,0,0,0,0,0,0,0,0,0,0,0,0,,0,,,1,28,0,0,0,1,4.78689199872315,0,0,0,0,0,0,0,0,0,0,,0,,,,,0,2.8,2.8
2021,REG,00-0035328,M.Nelson,Matt Nelson,T,OL,"https://static.www.nfl.com/image/private/f_auto,q_auto/league/m2kov5tigifrd4k86qla",1,DET,0,0,0,0,0,0,0,0,0,0,0,0,,0,,,0,0,0,0,0,0,,0,0,1,0,0,0,0,6,0,0,-0.592342924210243,0,0.0,0.027027027027027,0.0237154150197628,0.0571413310543745,0,0.0,0.0
2021,REG,00-0035329,D.Parham,Donald Parham,TE,TE,"https://static.www.nfl.com/image/private/f_auto,q_auto/league/a0edaf5rlkyc6syfvonz",12,LAC,0,0,0,0,0,0,0,0,0,0,0,0,,0,,,0,0,0,0,0,0,,0,20,27,190,3,0,0,121,138,13,6.09205668891082,1,1.5702479338843,0.0590809628008753,0.0360655737704918,0.113867345840657,0,39.0,59.0
2021,REG,00-0035341,T.Irwin,Trenton Irwin,WR,WR,"https://static.www.nfl.com/image/private/f_auto,q_auto/league/nx9e98gqxm1ov8z9rsn2",2,CIN,0,0,0,0,0,0,0,0,0,0,0,0,,0,,,0,0,0,0,0,0,,0,2,5,34,0,0,0,86,5,1,-1.70675897650654,0,0.395348837209302,0.0819672131147541,0.215538847117795,0.273828012654587,0,3.4,5.4
2021,REG,00-0035342,P.Laird,Patrick Laird,RB,RB,"https://static.www.nfl.com/image/private/f_auto,q_auto/league/lhildzn90os4dmucczjw",3,MIA,0,0,0,0,0,0,0,0,0,0,0,0,,0,,,1,4,0,0,0,0,-0.148230464663357,0,3,3,17,0,0,0,-3,20,2,2.36972801660886,0,-5.66666666666667,0.0288461538461538,-0.0051546391752577,0.0396609833465504,0,2.1,5.1
2021,REG,00-0035345,C.Myarick,Chris Myarick,TE,TE,"https://static.www.nfl.com/image/private/f_auto,q_auto/league/exwqvc1wszmrf44sp1us",4,NYG,0,0,0,0,0,0,0,0,0,0,0,0,,0,,,0,0,0,0,0,0,,0,3,6,17,1,0,0,13,8,2,-4.33840865606908,0,1.30769230769231,0.0425531914893617,0.0207006369426752,0.0783202330939152,0,7.7,10.7
2021,REG,00-0035350,P.Williams,Preston Williams,WR,WR,"https://static.www.nfl.com/image/private/f_auto,q_auto/league/ycedbmymomppxkrh6gcc",6,MIA,0,0,0,0,0,0,0,0,0,0,0,0,,0,,,1,7,0,0,0,0,0.392152484739199,0,6,16,71,0,0,0,137,38,3,-5.44381647120802,0,0.518248175182482,0.0727272727272727,0.10474006116208,0.182408951904365,0,7.8,13.8
2021,REG,00-0035356,T.Jackson,Tyree Jackson,TE,TE,"https://static.www.nfl.com/image/private/f_auto,q_auto/league/kv3usy5bsdwz0nvo7x0v",3,PHI,0,0,0,0,0,0,0,0,0,0,0,0,,0,,,0,0,0,0,0,0,,0,3,7,22,1,0,0,69,7,2,0.269519538793247,0,0.318840579710145,0.0823529411764706,0.111831442463533,0.201811421489179,0,8.2,11.2
2021,REG,00-0035359,D.Sills,David Sills,WR,WR,"https://static.www.nfl.com/image/private/f_auto,q_auto/league/sk6xldbivylmykzlsgzw",4,NYG,0,0,0,0,0,0,0,0,0,0,0,0,,0,,,0,0,0,0,0,0,,0,2,6,17,0,0,0,58,2,1,-2.95435114038992,0,0.293103448275862,0.0521739130434783,0.0822695035460993,0.135849522047487,0,1.7,3.7
2021,REG,00-0035378,A.Wingard,Andrew Wingard,FS,DB,"https://static.www.nfl.com/image/private/f_auto,q_auto/league/fqbe6rmvnysfmudtwduk",1,JAX,0,0,0,0,0,0,0,0,0,0,0,0,,0,,,1,4,0,0,0,1,2.79573964513838,0,0,0,0,0,0,0,0,0,0,,0,,,,,0,0.4,0.4
2021,REG,00-0035399,S.Morgan,Stanley Morgan,WR,WR,"https://static.www.nfl.com/image/private/f_auto,q_auto/league/jzkx5cgnjnzgi7eutmbe",3,CIN,0,0,0,0,0,0,0,0,0,0,0,0,,0,,,1,3,0,0,0,0,-0.171901097288355,0,2,4,11,0,0,0,32,20,0,-1.18376858928241,0,0.34375,0.0493827160493827,0.0575539568345324,0.114361843858247,0,1.4,3.4
2021,REG,00-0035406,L.Humphrey,Lil'Jordan Humphrey,WR,WR,"https://static.www.nfl.com/image/private/f_auto,q_auto/league/r58pqj96qunak08kld9u",7,NO,0,0,0,0,0,0,0,0,0,0,0,0,,0,,,0,0,0,0,0,0,,0,13,18,249,2,0,0,192,101,9,5.80306674566236,0,1.296875,0.0947368421052632,0.144144144144144,0.243006164058796,0,36.9,49.9
2021,REG,00-0035414,J.Guyton,Jalen Guyton,WR,WR,"https://static.www.nfl.com/image/private/f_auto,q_auto/league/etdpyuyxbaplhm0pwiqz",16,LAC,0,0,0,0,0,0,0,0,0,0,0,0,,0,,,7,34,0,1,0,2,-0.975845007225871,0,31,48,448,3,0,0,503,149,21,26.9911352899799,0,0.89065606361829,0.0768,0.106320016909744,0.189624011836821,0,66.2,97.2
2021,REG,00-0035428,D.Helm,Daniel Helm,TE,TE,"https://static.www.nfl.com/image/private/f_auto,q_auto/league/aevwno51rzt28qzgkm3v",2,LV,0,0,0,0,0,0,0,0,0,0,0,0,,0,,,0,0,0,0,0,0,,0,1,2,-1,0,0,0,1,2,0,-2.30164319413462,0,-1.0,0.027027027027027,0.0014367816091954,0.0415462876669773,0,-0.1,0.9
2021,REG,00-0035432,J.Moore,Jason Moore,WR,WR,"https://static.www.nfl.com/image/private/f_auto,q_auto/league/gbbc1ckeorj74mpfvstq",1,LAC,0,0,0,0,0,0,0,0,0,0,0,0,,0,,,0,0,0,0,0,0,,0,3,4,56,0,0,0,60,26,3,2.60149277577875,0,0.933333333333333,0.117647058823529,0.238095238095238,0.343137254901961,0,5.6,8.6
2021,REG,00-0035448,D.Crockett,Damarea Crockett,RB,RB,"https://static.www.nfl.com/image/private/f_auto,q_auto/league/bhihbxc1ert3qwrlyx7t",1,DEN,0,0,0,0,0,0,0,0,0,0,0,0,,0,,,3,7,0,0,0,0,-0.893433087565147,0,0,0,0,0,0,0,0,0,0,,0,,,,,0,0.7,0.7
2021,REG,00-0035457,T.Johnson,Tyron Johnson,WR,WR,"https://static.www.nfl.com/image/private/f_auto,q_auto/league/vrm7fxgx1p0cdabbo7ce",4,JAX,0,0,0,0,0,0,0,0,0,0,0,0,,0,,,0,0,0,0,0,0,,0,2,5,16,0,0,0,102,9,1,-3.63568509853212,0,0.156862745098039,0.0318471337579618,0.0788863109048724,0.102991118270353,0,1.6,3.6
2021,REG,00-0035480,M.Taylor,Malik Taylor,WR,WR,"https://static.www.nfl.com/image/private/f_auto,q_auto/league/aupsoxtxtpv4fmgs4ttp",1,GB,0,0,0,0,0,0,0,0,0,0,0,0,,0,,,0,0,0,0,0,0,,0,2,3,14,0,0,0,30,8,1,-0.429488723311806,0,0.466666666666667,0.0909090909090909,0.0923076923076923,0.200979020979021,0,1.4,3.4
2021,REG,00-0035500,G.Dortch,Greg Dortch,WR,WR,"https://static.www.nfl.com/image/private/f_auto,q_auto/league/tyjkbk1tbjprgnokg5vo",2,ARI,0,0,0,0,0,0,0,0,0,0,0,0,,0,,,1,24,0,0,0,1,1.46592770959251,0,3,3,15,0,0,0,-16,31,0,-0.338791366841178,0,0.0,0.0394736842105263,-0.0281195079086116,0.0395268707797614,0,3.9,6.9
2021,REG,00-0035510,J.Smith,Jeff Smith,WR,WR,"https://static.www.nfl.com/image/private/f_auto,q_auto/league/yfhldkiemkd3piauwjkt",8,NYJ,0,0,0,0,0,0,0,0,0,0,0,0,,0,,,1,-1,0,0,0,0,-0.928618132718839,0,8,17,113,0,0,0,192,15,6,5.47714977477117,0,0.588541666666667,0.0622710622710623,0.0974124809741248,0.161595330088481,0,11.2,19.2
2021,REG,00-0035527,A.Isabella,Andy Isabella,WR,WR,"https://static.www.nfl.com/image/private/f_auto,q_auto/league/s3repurenhwlyxci2sqy",1,ARI,0,0,0,0,0,0,0,0,0,0,0,0,,0,,,0,0,0,0,0,0,,0,1,1,13,0,0,0,6,7,1,0.810408839141019,0,2.16666666666667,0.0208333333333333,0.0189873417721519,0.0445411392405063,0,1.3,2.3
2021,REG,00-0035535,D.Slayton,Darius Slayton,WR,WR,"https://static.www.nfl.com/image/private/f_auto,q_auto/league/emmy86blz71njkcr496b",13,NYG,0,0,0,0,0,0,0,0,0,0,0,0,,0,,,1,-13,0,0,0,0,-1.74538392177783,0,26,58,339,2,1,1,773,65,14,-14.2523613512519,0,0.438551099611902,0.134259259259259,0.251709540866167,0.377585567495206,0,42.6,68.6
2021,REG,00-0035537,T.Johnson,Ty Johnson,RB,RB,"https://static.www.nfl.com/image/private/f_auto,q_auto/league/rnnicisnd8bqwheufiel",15,NYJ,0,0,0,0,0,0,0,0,0,0,0,0,,0,,,61,238,2,1,1,13,-11.2614269617471,0,34,55,372,2,0,0,131,334,20,6.27447348667192,0,2.83969465648855,0.108910891089109,0.0351300616787343,0.187957379808777,0,83.0,117.0
2021,REG,00-0035544,T.Kennedy,Tom Kennedy,WR,WR,"https://static.www.nfl.com/image/private/f_auto,q_auto/league/smmwtleq204yxkraf4z6",6,DET,1,1,75,1,0,0,0,0,0,24,51,1,5.06959803728387,0,3.125,,0,0,0,0,0,0,,0,6,10,54,0,0,0,77,17,2,-4.63574888749281,0,0.701298701298701,0.0476190476190476,0.0535838552540014,0.108937270106372,0,12.4,18.4
2021,REG,00-0035547,J.Fortson,Joseph Fortson,TE,TE,"https://static.www.nfl.com/image/private/f_auto,q_auto/league/gxhstzqswbn4z05r9rqv",4,KC,0,0,0,0,0,0,0,0,0,0,0,0,,0,,,0,0,0,0,0,0,,0,5,5,47,2,0,0,38,9,3,5.35171891207574,0,1.23684210526316,0.0342465753424658,0.0330147697654214,0.0744802018494936,0,16.7,21.7
2021,REG,00-0035562,J.Horsted,Jesper Horsted,TE,TE,"https://static.www.nfl.com/image/private/f_auto,q_auto/league/mqbodeysdvvvuhkctewa",3,CHI,0,0,0,0,0,0,0,0,0,0,0,0,,0,,,0,0,0,0,0,0,,0,2,3,21,2,0,0,31,0,2,5.22088196395983,0,0.67741935483871,0.0344827586206897,0.0461997019374069,0.0840639292872193,0,14.1,16.1
2021,REG,00-0035567,C.Reynolds,Craig Reynolds,RB,RB,"https://static.www.nfl.com/image/private/f_auto,q_auto/league/xrtk4bhx2jacwojihzor",5,DET,0,0,0,0,0,0,0,0,0,0,0,0,,0,,,55,230,0,0,0,11,-7.7654142907678,0,7,8,52,0,0,0,5,55,3,1.50500972365262,0,10.4,0.0588235294117647,0.0064516129032258,0.0927514231499051,0,28.2,35.2
2021,REG,00-0035572,P.Hesse,Parker Hesse,TE,TE,"https://static.www.nfl.com/image/private/f_auto,q_auto/league/gjzgdhrxeze35hqygj1y",4,ATL,0,0,0,0,0,0,0,0,0,0,0,0,,0,,,0,0,0,0,0,0,,0,5,6,43,0,0,0,22,21,3,1.89252718823263,0,1.95454545454545,0.047244094488189,0.0461215932914046,0.103151257036267,0,4.3,9.3
2021,REG,00-0035588,G.Bradbury,Garrett Bradbury,C,OL,"https://static.www.nfl.com/image/private/f_auto,q_auto/league/yj2qcr7tetiimrz7zxtg",1,MIN,0,0,0,0,0,0,0,0,0,0,0,0,,0,,,0,0,0,0,0,0,,0,1,1,21,0,0,0,-3,24,1,1.50445499410853,0,0.0,0.027027027027027,-0.013953488372093,0.0307730986800754,0,2.1,3.1
2021,REG,00-0035593,J.Winfree,Juwann Winfree,WR,WR,"https://static.www.nfl.com/image/private/f_auto,q_auto/league/fty9irxwcqq7malchotw",5,GB,0,0,0,0,0,0,0,0,0,0,0,0,,0,,,0,0,0,0,0,0,,0,8,13,58,0,2,1,75,31,5,-1.63877306762151,0,0.773333333333333,0.0734463276836158,0.0712927756653992,0.160074434491203,0,3.8,11.8
2021,REG,00-0035594,T.Homer,Travis Homer,RB,RB,"https://static.www.nfl.com/image/private/f_auto,q_auto/league/chcoxgzursdqznkyffxe",12,SEA,0,0,0,0,0,0,0,0,0,0,0,0,,0,,,21,177,1,0,0,7,9.71526027812014,0,16,20,161,0,0,0,48,128,8,-4.34754571967642,0,3.35416666666667,0.0816326530612245,0.0219078046554085,0.137784442850623,1,45.8,61.8
2021,REG,00-0035602,A.Bachman,Alex Bachman,WR,WR,"https://static.www.nfl.com/image/private/f_auto,q_auto/league/kwgigqsxcz8klxjfobxs",1,NYG,0,0,0,0,0,0,0,0,0,0,0,0,,0,,,1,-3,0,0,0,0,-3.79185622185469,0,0,0,0,0,0,0,0,0,0,,0,,,,,0,-0.3,-0.3
2021,REG,00-0035603,K.Blanton,Kendall Blanton,TE,TE,"https://static.www.nfl.com/image/private/f_auto,q_auto/league/hyne29kklkfyyhaljukj",4,LA,0,0,0,0,0,0,0,0,0,0,0,0,,0,,,0,0,0,0,0,0,,0,4,7,37,0,1,0,43,13,2,-2.16944363102084,0,0.86046511627907,0.0507246376811594,0.0367835757057314,0.101835459515751,0,3.7,7.7
2021,REG,00-0035624,N.Harry,N'Keal Harry,WR,WR,"https://static.www.nfl.com/image/private/f_auto,q_auto/league/rtyhxwhkwczkl1g0pcin",9,NE,0,0,0,0,0,0,0,0,0,0,0,0,,0,,,0,0,0,0,0,0,,0,12,22,184,0,0,0,327,25,7,7.72372429785901,0,0.562691131498471,0.0733333333333333,0.131378063479309,0.201964644435516,0,18.4,30.4
2021,REG,00-0035628,D.Johnson,D'Ernest Johnson,RB,RB,"https://static.www.nfl.com/image/private/f_auto,q_auto/league/zq7xfjee4nyktfky1ofe",12,CLE,0,0,0,0,0,0,0,0,0,0,0,0,,0,,,100,534,3,0,0,24,6.43511561059859,0,19,25,137,0,1,0,6,138,7,0.700659653026378,0,22.8333333333333,0.0889679715302491,0.0029513034923758,0.135517869740037,0,85.1,104.1
2021,REG,00-0035631,D.Sample,Drew Sample,TE,TE,"https://static.www.nfl.com/image/private/f_auto,q_auto/league/tqvgozvbmckyaditwpbn",8,CIN,0,0,0,0,0,0,0,0,0,0,0,0,,0,,,0,0,0,0,0,0,,0,11,15,81,0,0,0,35,82,3,0.321978353720624,0,2.31428571428571,0.0566037735849057,0.0167704839482511,0.0966449991411343,0,8.1,19.1
2021,REG,00-0035632,A.Hooker,Amani Hooker,FS,DB,"https://static.www.nfl.com/image/private/f_auto,q_auto/league/ihyabq1tepmjvd3wibjd",1,TEN,0,0,0,0,0,0,0,0,0,0,0,0,,0,,,0,0,0,0,0,0,,0,1,1,6,0,0,0,4,2,1,3.06227189977653,0,1.5,0.0277777777777778,0.0145985401459854,0.0518856447688564,0,0.6,1.6
2021,REG,00-0035639,P.Campbell,Parris Campbell,WR,WR,"https://static.www.nfl.com/image/private/f_auto,q_auto/league/plnptpz1flhijayvb0qv",6,IND,0,0,0,0,0,0,0,0,0,0,0,0,,0,,,0,0,0,0,0,0,,0,10,20,162,1,0,0,334,17,7,2.37722276465502,0,0.485029940119761,0.10989010989011,0.236543909348442,0.330415901379074,0,22.2,32.2
2021,REG,00-0035640,D.Metcalf,DK Metcalf,WR,WR,"https://static.www.nfl.com/image/private/f_auto,q_auto/league/u4cefcz7gjvby8c2kdkm",17,SEA,0,0,0,0,0,0,0,0,0,0,0,0,,0,,,1,6,0,0,0,0,0.222441529447678,0,75,129,967,12,1,0,1636,328,48,28.6644086211745,0,0.591075794621027,0.272151898734177,0.369383608037932,0.666796373727818,0,169.3,244.3
2021,REG,00-0035644,N.Fant,Noah Fant,TE,TE,"https://static.www.nfl.com/image/private/f_auto,q_auto/league/w1gqasldrg3jumzdqjvy",16,DEN,0,0,0,0,0,0,0,0,0,0,0,0,,0,,,0,0,0,0,0,0,,0,68,90,670,4,0,0,540,319,29,16.1829714873621,0,1.24074074074074,0.182555780933063,0.128663330950679,0.36389800306507,0,91.0,159.0
2021,REG,00-0035645,G.Olszewski,Gunner Olszewski,WR,WR,"https://static.www.nfl.com/image/private/f_auto,q_auto/league/asw7wncrfj1rzeknctpd",4,NE,0,0,0,0,0,0,0,0,0,0,0,0,,0,,,1,9,0,0,0,0,0.765960428863764,0,2,3,31,0,0,0,29,14,2,1.6776933936053,0,1.06896551724138,0.0256410256410256,0.0273843248347498,0.0576305658458633,0,4.0,6.0
2021,REG,00-0035657,D.Harris,Damien Harris,RB,RB,"https://static.www.nfl.com/image/private/f_auto,q_auto/league/s0cagglk6qh9ciuddjmu",15,NE,0,0,0,0,0,0,0,0,0,0,0,0,,0,,,202,929,15,2,2,55,3.19035124554831,0,18,21,132,0,0,0,-7,134,4,4.25362770375796,0,-18.8571428571429,0.0495283018867925,-0.0023071852340145,0.0726774231663785,0,192.1,210.1
2021,REG,00-0035659,T.McLaurin,Terry McLaurin,WR,WR,"https://static.www.nfl.com/image/private/f_auto,q_auto/league/jpprw1itmmg5nhrdwony",17,WAS,0,0,0,0,0,0,0,0,0,0,0,0,,0,,,1,12,0,0,0,1,0.779180705198087,0,77,130,1053,5,0,0,1707,307,47,12.1758144038601,0,0.616871704745167,0.243445692883895,0.422106824925816,0.660643316773914,0,136.5,213.5
2021,REG,00-0035662,M.Brown,Marquise Brown,WR,WR,"https://static.www.nfl.com/image/private/f_auto,q_auto/league/wgxeuyqliuweurzeigyh",16,BAL,0,0,0,0,0,0,0,0,0,0,0,0,,0,,,1,5,0,0,0,1,0.944463692372665,0,91,146,1008,6,3,1,1622,388,41,12.8365301078763,0,0.621454993834772,0.263063063063063,0.32557205941389,0.622495036184318,0,135.3,226.3
2021,REG,00-0035664,D.Henderson,Darrell Henderson,RB,RB,"https://static.www.nfl.com/image/private/f_auto,q_auto/league/trvk8n0wjne7edxbajgw",12,LA,0,0,0,0,0,0,0,0,0,0,0,0,,0,,,149,688,5,0,0,39,-1.37982466769032,0,29,40,176,3,0,0,37,180,8,-7.75683466098923,0,4.75675675675676,0.101781170483461,0.0119470455279303,0.161034687594742,0,134.4,163.4
2021,REG,00-0035676,A.Brown,A.J. Brown,WR,WR,"https://static.www.nfl.com/image/private/f_auto,q_auto/league/a014sgzctarbvhwb35lw",13,TEN,0,2,0,0,0,0,0,0,0,42,0,0,-1.25145834789146,0,0.0,,2,10,0,0,0,1,0.552041839924641,0,63,105,869,5,0,0,1218,235,45,33.8272104859947,0,0.713464696223317,0.269230769230769,0.406406406406406,0.688330638330638,0,117.9,180.9
2021,REG,00-0035685,D.Montgomery,David Montgomery,RB,RB,"https://static.www.nfl.com/image/private/f_auto,q_auto/league/grd20lxzonco9jyg3ful",13,CHI,0,1,0,0,1,0,0,0,0,9,0,0,-3.17675002466422,0,0.0,,225,849,7,2,1,55,-21.6045883598607,0,42,51,301,0,0,0,45,273,18,5.27476142265927,0,6.68888888888889,0.126237623762376,0.0173410404624277,0.201495163967264,0,153.0,195.0
2021,REG,00-0035689,D.Knox,Dawson Knox,TE,TE,"https://static.www.nfl.com/image/private/f_auto,q_auto/league/objioqafpfrffs0ublne",15,BUF,0,0,0,0,0,0,0,0,0,0,0,0,,1,,,0,0,0,0,0,0,,0,49,71,587,9,0,0,524,277,31,33.1909386167806,0,1.12022900763359,0.132216014897579,0.110899470899471,0.275953651975998,0,114.7,163.7
2021,REG,00-0035700,J.Jacobs,Josh Jacobs,RB,RB,"https://static.www.nfl.com/image/private/f_auto,q_auto/league/sagoqkubeaz5yht01ow7",15,LV,0,0,0,0,0,0,0,0,0,0,0,0,,0,,,217,872,9,2,2,45,-32.1792336975768,0,54,64,348,0,0,0,-27,395,14,-5.93171847411864,0,-12.8888888888889,0.121673003802281,-0.0063619227144203,0.178056159803328,0,172.0,226.0
2021,REG,00-0035703,M.Boykin,Miles Boykin,WR,WR,"https://static.www.nfl.com/image/private/f_auto,q_auto/league/khsjozu6q2xl8j6iq69x",1,BAL,0,0,0,0,0,0,0,0,0,0,0,0,,0,,,0,0,0,0,0,0,,0,1,1,6,0,0,0,6,0,0,0.0853082651738077,0,1.0,0.037037037037037,0.0335195530726257,0.0790192427063936,0,0.6,1.6
2021,REG,00-0035704,D.Lock,Drew Lock,QB,QB,"https://static.www.nfl.com/image/private/f_auto,q_auto/league/ca13jf9qaaosixobsdb0",6,DEN,67,111,787,2,2,9,52,1,0,1107,350,32,-9.21884352252849,0,0.71093044263776,0.0228784171263832,10,53,2,1,1,5,0.138345645566005,0,1,1,1,0,0,0,-5,6,0,-3.13066442887066,0,0.0,0.037037037037037,-0.0224215246636771,0.0398604882909816,0,50.88,51.88
2021,REG,00-0035710,D.Jones,Daniel Jones,QB,QB,"https://static.www.nfl.com/image/private/f_auto,q_auto/league/zrhniboizqpxtdyz6gez",11,NYG,232,361,2428,10,7,22,160,5,2,2640,1098,116,-12.4518812513774,1,0.91969696969697,0.0478137769585902,62,298,2,2,1,16,5.52166782137542,2,1,1,16,0,0,0,13,3,1,0.98088472627569,0,1.23076923076923,0.0303030303030303,0.0613207547169811,0.0883790737564322,0,166.52,167.52
2021,REG,00-0035715,D.Gore,Derrick Gore,RB,RB,"https://static.www.nfl.com/image/private/f_auto,q_auto/league/wk7zy3ceecze3ly0mj7c",8,KC,0,0,0,0,0,0,0,0,0,0,0,0,,0,,,51,256,2,0,0,12,0.300997446430882,0,8,9,105,0,0,0,11,90,3,6.62614944617963,0,9.54545454545454,0.042654028436019,0.0069269521410579,0.068829909152769,0,48.1,56.1
2021,REG,00-0035719,D.Samuel,Deebo Samuel,WR,WR,"https://static.www.nfl.com/image/private/f_auto,q_auto/league/ciwaktyqewczcquks4wy",16,SF,1,2,24,1,0,0,0,0,0,39,0,1,2.01773363578832,0,0.615384615384615,,59,365,8,0,0,21,20.8494174090738,0,77,121,1405,6,4,2,1029,780,51,55.3105186561573,0,1.36540330417881,0.259100642398287,0.275133689839572,0.581244546485131,0,261.96,338.96
2021,REG,00-0035726,J.Johnson,Jakob Johnson,FB,RB,"https://static.www.nfl.com/image/private/f_auto,q_auto/league/wkfev7wnnwphmdemhysa",3,NE,0,0,0,0,0,0,0,0,0,0,0,0,,0,,,0,0,0,0,0,0,,0,4,5,43,0,0,0,10,34,2,2.8324123158236,0,4.3,0.0476190476190476,0.0100704934541793,0.0784779168464969,0,4.3,8.3
2021,REG,00-0035752,C.Streveler,Chris Streveler,QB,QB,"https://static.www.nfl.com/image/private/f_auto,q_auto/league/epyvfplm9neqqvzsj2q8",2,ARI,6,9,36,0,0,2,17,0,0,38,22,1,-4.25655591860414,0,0.947368421052632,0.0041881058121862,3,6,0,1,0,0,-5.70626845629886,0,0,0,0,0,0,0,0,0,0,,0,,,,,0,2.04,2.04
2021,REG,00-0035760,J.Patrick,Jacques Patrick,RB,RB,"https://static.www.nfl.com/image/private/f_auto,q_auto/league/c7akgryuyuxz7wok2qcf",1,SF,0,0,0,0,0,0,0,0,0,0,0,0,,0,,,2,12,0,0,0,1,0.819772171555087,0,0,0,0,0,0,0,0,0,0,,0,,,,,0,1.2,1.2
2021,REG,00-0035771,M.Wilcox,Mitchell Wilcox,TE,TE,"https://static.www.nfl.com/image/private/f_auto,q_auto/league/cxh2vsypwniukuheewu0",1,CIN,0,0,0,0,0,0,0,0,0,0,0,0,,0,,,0,0,0,0,0,0,,0,3,5,16,0,0,0,19,8,0,-1.8508235491463,0,0.842105263157895,0.172413793103448,0.115853658536585,0.339718250630782,0,1.6,4.6
2021,REG,00-0035806,J.Hasty,Jamycal Hasty,RB,RB,"https://static.www.nfl.com/image/private/f_auto,q_auto/league/cny5zdqbqkimr4ypua1x",10,SF,0,0,0,0,0,0,0,0,0,0,0,0,,0,,,16,68,1,0,0,6,2.67652474904483,0,23,29,157,0,1,0,70,128,7,-2.36209381886843,0,2.24285714285714,0.0976430976430976,0.0338491295938104,0.170159037180314,0,28.5,51.5
2021,REG,00-0035823,B.Ellefson,Ben Ellefson,TE,TE,"https://static.www.nfl.com/image/private/f_auto,q_auto/league/obeiese68connhihpmln",1,MIN,0,0,0,0,0,0,0,0,0,0,0,0,,0,,,0,0,0,0,0,0,,0,0,1,0,0,0,0,7,0,0,-0.510377297643572,0,0.0,0.032258064516129,0.0282258064516129,0.0681451612903226,0,0.0,0.0
2021,REG,00-0035831,J.Robinson,James Robinson,RB,RB,"https://static.www.nfl.com/image/private/f_auto,q_auto/league/ljncffeh5fst4r98izx3",14,JAX,0,0,0,0,0,0,0,0,0,0,0,0,,0,,,164,767,8,2,2,41,-11.2524163113048,0,31,46,222,0,2,0,40,230,9,-3.48857649535057,0,5.55,0.107981220657277,0.0117855038302887,0.170221683667118,0,142.9,173.9
2021,REG,00-0035835,N.Cottrell,Nathan Cottrell,RB,RB,"https://static.www.nfl.com/image/private/f_auto,q_auto/league/nxdpocnvirsxjrwmkgvw",1,JAX,0,0,0,0,0,0,0,0,0,0,0,0,,0,,,1,3,0,0,0,0,-0.0874983409885317,0,0,0,0,0,0,0,0,0,0,,0,,,,,0,0.3,0.3
2021,REG,00-0035844,K.Merritt,Kirk Merritt,WR,WR,"https://static.www.nfl.com/image/private/f_auto,q_auto/league/lrixuukk1wxvulscykqs",1,MIA,0,0,0,0,0,0,0,0,0,0,0,0,,0,,,0,0,0,0,0,0,,0,1,3,13,0,0,0,56,6,1,-0.217810055008158,0,0.232142857142857,0.075,0.145454545454545,0.214318181818182,0,1.3,2.3
2021,REG,00-0035859,B.Gillikin,Blake Gillikin,P,SPEC,"https://static.www.nfl.com/image/upload/f_auto,q_auto/league/w8dczaulroi6pngednha",1,NO,0,1,0,0,0,0,0,0,0,9,0,0,-2.3642861736007,0,0.0,,0,0,0,0,0,0,,0,0,0,0,0,0,0,0,0,0,,0,,,,,0,0.0,0.0
2021,REG,00-0035860,T.Jones,Tony Jones,RB,RB,"https://static.www.nfl.com/image/private/f_auto,q_auto/league/cgvll8lokulmws98olfa",10,NO,0,0,0,0,0,0,0,0,0,0,0,0,,0,,,54,142,0,0,0,7,-18.6899023147416,0,5,8,29,0,0,0,1,28,2,-1.54377319914056,0,29.0,0.0727272727272727,0.0020408163265306,0.110519480519481,0,17.1,22.1
2021,REG,00-0035864,K.Hinton,Kendall Hinton,WR,WR,"https://static.www.nfl.com/image/private/f_auto,q_auto/league/emvbhstqosvayr6dm2jp",10,DEN,1,1,1,0,0,0,0,0,0,-5,6,0,-3.13066442887066,0,0.0,,0,0,0,0,0,0,,0,15,23,175,1,0,0,185,57,10,10.0690949811979,0,0.945945945945946,0.0701219512195122,0.0682908822443706,0.152986544400328,0,23.54,38.54
2021,REG,00-0035883,M.Ffrench,Maurice Ffrench,WR,WR,"https://static.www.nfl.com/image/private/f_auto,q_auto/league/uyhv8s8fjussx1idbxss",1,LAC,0,0,0,0,0,0,0,0,0,0,0,0,,0,,,1,3,0,0,0,0,-0.280473465798423,0,0,0,0,0,0,0,0,0,0,,0,,,,,0,0.3,0.3
2021,REG,00-0035889,T.Townsend,Tommy Townsend,P,SPEC,"https://static.www.nfl.com/image/private/f_auto,q_auto/league/asclkymeaanhtmq8xk4m",1,KC,1,1,16,0,0,0,0,0,0,11,5,1,4.03069802792743,0,1.45454545454545,,0,0,0,0,0,0,,0,0,0,0,0,0,0,0,0,0,,0,,,,,0,0.64,0.64
2021,REG,00-0035891,C.White,Cody White,WR,WR,"https://static.www.nfl.com/image/private/f_auto,q_auto/league/xpv5qwbkx76dwlbcjybi",3,PIT,0,0,0,0,0,0,0,0,0,0,0,0,,0,,,0,0,0,0,0,0,,0,5,6,33,0,0,0,38,14,3,2.26271048240596,0,0.868421052631579,0.048,0.0522696011004127,0.108588720770289,0,3.3,8.3
2021,REG,00-0035898,D.Bradwell,Darius Bradwell,RB,RB,"https://static.www.nfl.com/image/private/f_auto,q_auto/league/disdrxqtrv91rtoolwup",1,LAC,0,0,0,0,0,0,0,0,0,0,0,0,,0,,,0,0,0,0,0,0,,0,0,1,0,0,0,0,1,0,0,-0.448967255651951,0,0.0,0.0227272727272727,0.0034843205574912,0.036529933481153,0,0.0,0.0
2021,REG,00-0035908,G.Nabers,Gabe Nabers,FB,RB,"https://static.www.nfl.com/image/private/f_auto,q_auto/league/dbxerjvfk8aqe26t0eny",5,LAC,0,0,0,0,0,0,0,0,0,0,0,0,,0,,,3,8,0,0,0,1,-0.187978148926049,0,3,3,17,0,0,0,5,12,0,0.203084715292789,0,3.4,0.0405405405405405,0.0196850393700787,0.0745903383698659,0,2.5,5.5
2021,REG,00-0035924,J.Ward,Jonathan Ward,RB,RB,"https://static.www.nfl.com/image/private/f_auto,q_auto/league/ur55zjwwzascteb782vf",6,ARI,0,0,0,0,0,0,0,0,0,0,0,0,,0,,,9,33,0,0,0,3,2.82569446606794,0,3,4,34,0,0,0,13,26,1,3.3386069641565,0,2.61538461538462,0.032258064516129,0.0146892655367232,0.0586695826498998,0,6.7,9.7
2021,REG,00-0035956,G.Ricci,Giovanni Ricci,TE,TE,"https://static.www.nfl.com/image/private/f_auto,q_auto/league/ojul5dmnha0y7xygwwn2",2,CAR,0,0,0,0,0,0,0,0,0,0,0,0,,0,,,0,0,0,0,0,0,,0,0,2,0,0,0,0,23,0,0,-0.965295118279755,0,0.0,0.0253164556962025,0.0354938271604938,0.0628203625566495,0,0.0,0.0
2021,REG,00-0035957,R.Smith,Rodney Smith,RB,RB,"https://static.www.nfl.com/image/private/f_auto,q_auto/league/xd2tfhcsbxeokt2bisun",1,CAR,0,0,0,0,0,0,0,0,0,0,0,0,,0,,,0,0,0,0,0,0,,0,5,5,48,0,0,0,16,32,2,2.87801674526418,0,3.0,0.128205128205128,0.0473372781065089,0.225443786982249,0,4.8,9.8
2021,REG,00-0035973,P.Taylor,Patrick Taylor,RB,RB,"https://static.www.nfl.com/image/private/f_auto,q_auto/league/bd91ck9vlzmb5mlxvrch",4,GB,0,0,0,0,0,0,0,0,0,0,0,0,,0,,,23,89,1,0,0,5,0.288525637704879,0,2,2,3,0,0,0,-2,5,1,1.0177918249392,0,-1.5,0.0571428571428571,-0.0092592592592592,0.0792328042328042,0,15.2,17.2
2021,REG,00-0035993,T.Huntley,Tyler Huntley,QB,QB,"https://static.www.nfl.com/image/private/f_auto,q_auto/league/baup3eqjtmxnygrzbf61",7,BAL,122,188,1081,3,4,18,107,3,2,1407,446,55,-28.803212040843,0,0.768301350390903,0.0388349694321179,47,294,2,0,0,22,15.7207509490556,0,0,0,0,0,0,0,0,0,0,,0,,,,,0,84.64,84.64
2021,REG,00-0036011,B.Price,Bobby Price,FS,DB,"https://static.www.nfl.com/image/private/f_auto,q_auto/league/taralutfxegbij2tznhc",1,DET,0,0,0,0,0,0,0,0,0,0,0,0,,0,,,0,0,0,0,0,0,,0,1,1,17,0,0,0,9,8,1,4.22529885149561,0,1.88888888888889,0.03125,0.0638297872340426,0.0915558510638298,0,1.7,2.7
2021,REG,00-0036020,S.Ahmed,Salvon Ahmed,RB,RB,"https://static.www.nfl.com/image/private/f_auto,q_auto/league/ggkz2vamnepagqfn992j",11,MIA,0,0,0,0,0,0,0,0,0,0,0,0,,0,,,54,149,0,0,0,8,-11.9648676317302,0,12,19,117,0,0,0,41,123,4,1.72769447017345,0,2.85365853658537,0.0582822085889571,0.0180299032541777,0.10004424516136,0,26.6,38.6
2021,REG,00-0036032,S.McKeon,Sean McKeon,TE,TE,"https://static.www.nfl.com/image/private/f_auto,q_auto/league/q0cuzzunrhwzxj6ofxwv",4,DAL,0,0,0,0,0,0,0,0,0,0,0,0,,0,,,0,0,0,0,0,0,,0,4,6,27,1,0,0,27,10,2,0.243085776921362,0,1.0,0.0372670807453416,0.0206264323911383,0.0703391237918092,0,8.7,12.7
2021,REG,00-0036036,T.Steele,Terence Steele,T,OL,"https://static.www.nfl.com/image/private/f_auto,q_auto/league/t3dc1nqbktqvihuxfgpt",1,DAL,0,0,0,0,0,0,0,0,0,0,0,0,,0,,,0,0,0,0,0,0,,0,1,1,1,1,0,0,1,0,1,1.19108012208017,0,1.0,0.024390243902439,0.002283105022831,0.0381835393696403,0,6.1,7.1
2021,REG,00-0036040,J.Johnson,Juwan Johnson,TE,TE,"https://static.www.nfl.com/image/private/f_auto,q_auto/league/kew8v8rgrtbefvnxpl0a",12,NO,0,0,0,0,0,0,0,0,0,0,0,0,,0,,,0,0,0,0,0,0,,0,13,22,159,4,0,0,240,42,12,14.5892221026784,0,0.6625,0.0676923076923077,0.0926283288305673,0.166378291719859,0,39.9,52.9
2021,REG,00-0036069,S.Phillips,Scottie Phillips,RB,RB,"https://static.www.nfl.com/image/private/f_auto,q_auto/league/wa1jecqwos8s5mslgvqk",2,HOU,0,0,0,0,0,0,0,0,0,0,0,0,,0,,,6,13,0,0,0,1,-1.65655156064895,0,2,3,9,0,0,0,2,7,0,-0.906036397063872,0,4.5,0.0833333333333333,0.0082987551867219,0.130809128630705,0,2.2,4.2
2021,REG,00-0036080,E.Winston,Easop Winston,WR,WR,"https://static.www.nfl.com/image/private/f_auto,q_auto/league/pjpndfutwa07enkfrxwh",1,NO,0,0,0,0,0,0,0,0,0,0,0,0,,0,,,0,0,0,0,0,0,,0,1,1,5,0,0,0,-4,9,0,-0.509274938609451,0,0.0,0.0476190476190476,-0.0434782608695652,0.0409937888198758,0,0.5,1.5
2021,REG,00-0036096,J.Taylor,J.J. Taylor,RB,RB,"https://static.www.nfl.com/image/private/f_auto,q_auto/league/iscorpkxfwtgcmgvmaem",5,NE,0,0,0,0,0,0,0,0,0,0,0,0,,0,,,19,37,2,0,0,3,-5.11484302554163,0,4,4,8,0,1,1,-2,10,0,-6.87880512827542,0,-4.0,0.0300751879699248,-0.0016708437761069,0.0439431913116124,0,14.5,18.5
2021,REG,00-0036110,J.Bradley,Ja'Marcus Bradley,WR,WR,"https://static.www.nfl.com/image/private/f_auto,q_auto/league/zt4nt4auwksfvxfclbwk",2,CLE,0,0,0,0,0,0,0,0,0,0,0,0,,0,,,0,0,0,0,0,0,,0,4,4,64,0,0,0,48,16,2,3.80186279304326,0,1.33333333333333,0.0645161290322581,0.0812182741116751,0.15362698542656,0,6.4,10.4
2021,REG,00-0036133,J.Proche,James Proche,WR,WR,"https://static.www.nfl.com/image/private/f_auto,q_auto/league/atwsw7e4yg74tnl9pd4m",7,BAL,0,0,0,0,0,0,0,0,0,0,0,0,,0,,,0,0,0,0,0,0,,0,16,20,202,0,0,0,192,55,10,14.3153648964362,0,1.05208333333333,0.0803212851405623,0.0768922707248698,0.174306517218252,0,20.2,36.2
2021,REG,00-0036173,T.Hudson,Tommy Hudson,TE,TE,"https://static.www.nfl.com/image/private/f_auto,q_auto/league/qjv7a2gvgt7w8voytjeb",4,TEN,0,0,0,0,0,0,0,0,0,0,0,0,,0,,,0,0,0,0,0,0,,0,3,6,31,0,0,0,30,24,2,-5.39792847880744,0,1.03333333333333,0.0363636363636364,0.0214899713467049,0.0695884344881479,0,3.1,6.1
2021,REG,00-0036182,N.Westbrook-Ikhine,Nick Westbrook-Ikhine,WR,WR,"https://static.www.nfl.com/image/private/f_auto,q_auto/league/orgr5wnkiabp4s03aqj3",15,TEN,0,0,0,0,0,0,0,0,0,0,0,0,,0,,,0,0,0,0,0,0,,0,38,57,476,4,1,1,606,144,23,21.7694145615197,0,0.785478547854785,0.120253164556962,0.172110195967055,0.300856884012381,0,69.6,107.6
2021,REG,00-0036183,K.Wilkerson,Kristian Wilkerson,WR,WR,"https://static.www.nfl.com/image/private/f_auto,q_auto/league/rjqqhcl2ih3wdmimyq21",1,NE,0,0,0,0,0,0,0,0,0,0,0,0,,0,,,0,0,0,0,0,0,,0,4,8,42,2,0,0,132,5,2,1.9433473990066,0,0.318181818181818,0.242424242424242,0.534412955465587,0.737725432462275,0,16.2,20.2
2021,REG,00-0036187,R.Gilliam,Reggie Gilliam,FB,RB,"https://static.www.nfl.com/image/private/f_auto,q_auto/league/rxvaq2aatizc3zgu6mpf",6,BUF,0,0,0,0,0,0,0,0,0,0,0,0,,0,,,3,3,0,0,0,0,-3.20063213817775,0,3,5,23,0,0,0,21,22,0,0.268346021533944,0,1.0952380952381,0.0248756218905473,0.0152505446623094,0.0479888140994375,0,2.6,5.6
2021,REG,00-0036196,G.Davis,Gabe Davis,WR,WR,"https://static.www.nfl.com/image/private/f_auto,q_auto/league/q5ofnb6w7gokbggfmbxp",15,BUF,0,0,0,0,0,0,0,0,0,0,0,0,,0,,,0,0,0,0,0,0,,0,35,63,549,6,0,0,846,132,29,20.6983858572481,0,0.648936170212766,0.114337568058076,0.178707224334601,0.296601409121335,0,90.9,125.9
2021,REG,00-0036197,J.Fromm,Jake Fromm,QB,QB,"https://static.www.nfl.com/image/private/f_auto,q_auto/league/ttrbh2olexnevobzvhub",3,NYG,27,60,210,1,3,6,33,2,1,434,99,10,-35.1565807519364,0,0.483870967741936,-0.0711065872658359,8,65,0,0,0,4,4.59991712035844,0,0,0,0,0,0,0,0,0,0,,0,,,,,0,10.9,10.9
2021,REG,00-0036212,T.Tagovailoa,Tua Tagovailoa,QB,QB,"https://static.www.nfl.com/image/private/f_auto,q_auto/league/dyrrl1knhcxqjwuvhcwm",13,MIA,263,388,2653,16,10,20,152,7,1,2735,1231,137,20.8559681269266,1,0.970018281535649,0.0846154912716098,42,128,3,2,0,13,-5.07093845656182,0,0,0,0,0,0,0,0,0,0,,0,,,,,0,180.92,180.92
2021,REG,00-0036215,D.Pinter,Danny Pinter,C,OL,"https://static.www.nfl.com/image/private/f_auto,q_auto/league/sjzykew73tzclu1hv0tg",1,IND,0,0,0,0,0,0,0,0,0,0,0,0,,0,,,0,0,0,0,0,0,,0,1,1,2,1,0,0,2,0,1,0.554475066950545,0,1.0,0.0344827586206897,0.0084745762711864,0.057656341320865,0,6.2,7.2
2021,REG,00-0036219,M.Callaway,Marquez Callaway,WR,WR,"https://static.www.nfl.com/image/private/f_auto,q_auto/league/qawwd0bzkayojoios5rh",17,NO,0,0,0,0,0,0,0,0,0,0,0,0,,0,,,0,0,0,0,0,0,,0,46,84,698,6,0,0,1060,144,32,27.9688551900395,0,0.658490566037736,0.177215189873418,0.289459311851447,0.46844430310614,0,105.8,151.8
2021,REG,00-0036223,J.Taylor,Jonathan Taylor,RB,RB,"https://static.www.nfl.com/image/private/f_auto,q_auto/league/xt7jhqpyb4may7k5kedb",17,IND,0,0,0,0,0,0,0,0,0,0,0,0,,0,,,332,1811,18,3,2,107,34.4691941235538,0,40,51,360,2,1,0,-45,406,12,5.18022828436761,0,-8.0,0.108974358974359,-0.013595166163142,0.153944922147339,0,333.1,373.1
2021,REG,00-0036226,J.Eason,Jacob Eason,QB,QB,"https://static.www.nfl.com/image/private/f_auto,q_auto/league/e2qgyhtngjk0llvaswxe",1,IND,2,5,25,0,1,0,0,0,0,63,7,2,-3.10254307748983,0,0.396825396825397,-0.0892963525917745,0,0,0,0,0,0,,0,0,0,0,0,0,0,0,0,0,,0,,,,,0,-1.0,-1.0
2021,REG,00-0036228,D.Patmon,Dezmon Patmon,WR,WR,"https://static.www.nfl.com/image/private/f_auto,q_auto/league/mqyc6dcbtujx7ioohpmv",4,IND,0,0,0,0,0,0,0,0,0,0,0,0,,0,,,0,0,0,0,0,0,,0,2,4,21,1,0,0,36,3,1,1.17382327961968,0,0.583333333333333,0.0396039603960396,0.0507757404795487,0.0949489589297435,0,8.1,10.1
2021,REG,00-0036232,H.Bryant,Harrison Bryant,TE,TE,"https://static.www.nfl.com/image/private/f_auto,q_auto/league/rqva2z0by1veklpxnzis",13,CLE,0,0,0,0,0,0,0,0,0,0,0,0,,0,,,0,0,0,0,0,0,,0,21,28,233,3,0,0,258,79,14,11.2115939954012,0,0.903100775193798,0.0736842105263158,0.0817231548938866,0.167732524215194,0,41.3,62.3
2021,REG,00-0036233,D.Peoples-Jones,Donovan Peoples-Jones,WR,WR,"https://static.www.nfl.com/image/upload/f_auto,q_auto/league/ffxbk2amwghaamfpjbmf",13,CLE,0,0,0,0,0,0,0,0,0,0,0,0,,0,,,0,0,0,0,0,0,,0,34,58,597,3,1,1,904,146,26,25.969869365794,0,0.660398230088496,0.153846153846154,0.292746113989637,0.435691510561977,0,75.7,109.7
2021,REG,00-0036244,C.Parkinson,Colby Parkinson,TE,TE,"https://static.www.nfl.com/image/private/f_auto,q_auto/league/s76r1d343ld1a3jxhh3g",5,SEA,0,0,0,0,0,0,0,0,0,0,0,0,,0,,,0,0,0,0,0,0,,0,5,8,33,0,0,0,47,20,2,0.96540666220244,0,0.702127659574468,0.0579710144927536,0.0346097201767305,0.111183325862842,0,3.3,8.3
2021,REG,00-0036247,F.Swain,Freddie Swain,WR,WR,"https://static.www.nfl.com/image/private/f_auto,q_auto/league/paillx42r0zfukevnrw6",16,SEA,0,0,0,0,0,0,0,0,0,0,0,0,,0,,,5,32,0,0,0,2,1.17008170136251,0,25,40,343,4,0,0,324,206,12,13.2332592846781,0,1.05864197530864,0.0884955752212389,0.076271186440678,0.186133193340333,0,61.5,86.5
2021,REG,00-0036250,T.Davis,Tyler Davis,TE,TE,"https://static.www.nfl.com/image/private/f_auto,q_auto/league/v8s9gur5bhkbka624x0n",4,GB,0,0,0,0,0,0,0,0,0,0,0,0,,0,,,0,0,0,0,0,0,,0,4,5,35,0,0,0,38,13,1,0.0114636978862919,0,0.921052631578947,0.034965034965035,0.0383064516129032,0.0792620685765847,0,3.5,7.5
2021,REG,00-0036251,Z.Moss,Zack Moss,RB,RB,"https://static.www.nfl.com/image/private/f_auto,q_auto/league/ds6hvcx6s1vqihnaumm9",13,BUF,0,0,0,0,0,0,0,0,0,0,0,0,,0,,,96,345,4,0,0,22,-9.73060401918458,0,23,32,197,1,2,1,26,200,12,-2.73415522879122,0,7.57692307692308,0.0771084337349398,0.0075122796879514,0.120921246383976,0,82.2,105.2
2021,REG,00-0036252,M.Pittman,Michael Pittman,WR,WR,"https://static.www.nfl.com/image/private/f_auto,q_auto/league/wnymcombo2plamteihiy",17,IND,0,0,0,0,0,0,0,0,0,0,0,0,,0,,,5,44,0,0,0,1,1.57396606641123,0,88,129,1082,6,1,0,1253,348,54,47.0467689475393,1,0.863527533918595,0.256972111553785,0.317858954845256,0.607959435722357,0,150.6,238.6
2021,REG,00-0036254,C.Johnson,Collin Johnson,WR,WR,"https://static.www.nfl.com/image/private/f_auto,q_auto/league/qrdshoxhulfgktsyghxg",7,NYG,0,0,0,0,0,0,0,0,0,0,0,0,,0,,,0,0,0,0,0,0,,0,11,21,105,0,0,0,178,18,6,-12.1048819627643,0,0.589887640449438,0.0810810810810811,0.0971615720524018,0.189634722058303,0,10.5,21.5
2021,REG,00-0036255,D.Mims,Denzel Mims,WR,WR,"https://static.www.nfl.com/image/private/f_auto,q_auto/league/vxqhwwsx0ngjupeajnpm",10,NYJ,0,0,0,0,0,0,0,0,0,0,0,0,,0,,,0,0,0,0,0,0,,0,8,23,133,0,0,0,268,49,5,-6.65271317067206,0,0.496268656716418,0.0662824207492795,0.109477124183007,0.176057618052024,0,13.3,21.3
2021,REG,00-0036259,J.Jennings,Jauan Jennings,WR,WR,"https://static.www.nfl.com/image/private/f_auto,q_auto/league/owakywf7pevtqx7odtcc",13,SF,0,0,0,0,0,0,0,0,0,0,0,0,,0,,,0,0,0,0,0,0,,0,24,38,282,5,1,0,355,103,15,18.1749125136813,0,0.794366197183099,0.102981029810298,0.121284591732149,0.239370758927951,0,58.2,82.2
2021,REG,00-0036261,B.Aiyuk,Brandon Aiyuk,WR,WR,"https://static.www.nfl.com/image/private/f_auto,q_auto/league/mprcyhqhfgzi57ebelbz",16,SF,0,0,0,0,0,0,0,0,0,0,0,0,,0,,,5,17,0,0,0,0,-1.26473796577193,0,56,84,826,5,1,1,813,349,37,40.6507899694323,1,1.0159901599016,0.177215189873418,0.214398734177215,0.415901898734177,0,114.3,170.3
2021,REG,00-0036264,J.Love,Jordan Love,QB,QB,"https://static.www.nfl.com/image/private/f_auto,q_auto/league/sbnqsffanu76dcz1tugs",6,GB,36,62,411,2,3,3,23,2,1,494,233,22,-6.12291971802682,0,0.831983805668016,0.002836022708787,12,27,0,1,0,1,0.654436201148201,1,0,0,0,0,0,0,0,0,0,,0,,,,,0,21.14,21.14
2021,REG,00-0036265,A.Dillon,A.J. Dillon,RB,RB,"https://static.www.nfl.com/image/private/f_auto,q_auto/league/dydcqdx4leta4rudagkq",17,GB,0,0,0,0,0,0,0,0,0,0,0,0,,0,,,187,803,5,1,1,50,6.16198740177788,0,34,37,313,2,1,0,14,310,15,17.0309793037886,0,22.3571428571429,0.0772442588726514,0.0038408779149519,0.118555002849443,0,151.6,185.6
2021,REG,00-0036268,L.Shenault,Laviska Shenault,WR,WR,"https://static.www.nfl.com/image/private/f_auto,q_auto/league/yohlrvcnnibrtfsc15t5",16,JAX,0,0,0,0,0,0,0,0,0,0,0,0,,0,,,11,41,0,0,0,2,-1.2590741465101,0,63,100,619,0,1,1,550,393,30,3.53369860724795,0,1.12545454545455,0.182481751824818,0.129716981132075,0.364524514529679,0,64.0,127.0
2021,REG,00-0036269,L.Perine,La'Mical Perine,RB,RB,"https://static.www.nfl.com/image/private/f_auto,q_auto/league/sx35kyi49svmfb3hmwww",2,NYJ,0,0,0,0,0,0,0,0,0,0,0,0,,0,,,8,31,0,0,0,1,-1.78606089286041,0,0,0,0,0,0,0,0,0,0,,0,,,,,0,3.1,3.1
2021,REG,00-0036271,Q.Watkins,Quez Watkins,WR,WR,"https://static.www.nfl.com/image/private/f_auto,q_auto/league/lmulzdtlnoaldqrb2kit",17,PHI,0,0,0,0,0,0,0,0,0,0,0,0,,0,,,1,3,0,0,0,0,-0.166506275651045,0,43,62,647,1,0,0,746,253,25,29.7642454671519,1,0.867292225201073,0.132478632478632,0.188574317492417,0.33071997096264,0,73.0,116.0
2021,REG,00-0036275,D.Swift,D'Andre Swift,RB,RB,"https://static.www.nfl.com/image/private/f_auto,q_auto/league/qehlr75ike82kyxy8j9a",13,DET,0,1,0,0,0,0,0,0,0,-12,0,0,-0.912519452162087,0,0.0,,151,617,5,0,0,28,-26.8682002221747,0,62,78,452,2,2,1,-1,502,19,-7.82252613935413,0,-452.0,0.182242990654206,-0.000367107195301,0.273107510944598,0,146.9,208.9
2021,REG,00-0036277,Q.Cephus,Quintez Cephus,WR,WR,"https://static.www.nfl.com/image/private/f_auto,q_auto/league/uzgkdl4kf200rcr5pdl2",5,DET,0,0,0,0,0,0,0,0,0,0,0,0,,0,,,0,0,0,0,0,0,,0,15,22,204,2,0,0,251,95,9,8.3484416178811,1,0.812749003984064,0.117647058823529,0.196708463949843,0.314166513000184,0,34.4,49.4
2021,REG,00-0036278,J.Huntley,Jason Huntley,RB,RB,"https://static.www.nfl.com/image/private/f_auto,q_auto/league/gbnyqxaymlji05bnflc5",1,PHI,0,0,0,0,0,0,0,0,0,0,0,0,,0,,,13,51,0,0,0,2,-1.65253640734591,0,0,1,0,0,0,0,0,0,0,-0.646265172399581,0,,0.0294117647058824,,,0,5.1,5.1
2021,REG,00-0036283,K.Robinson,Kenny Robinson,FS,DB,"https://static.www.nfl.com/image/private/f_auto,q_auto/league/a92bigr1l3xd9ycyjtss",1,CAR,0,0,0,0,0,0,0,0,0,0,0,0,,0,,,0,0,0,0,0,0,,0,0,0,0,0,0,0,0,0,0,,0,,,,,1,6.0,6.0
2021,REG,00-0036290,C.Kmet,Cole Kmet,TE,TE,"https://static.www.nfl.com/image/private/f_auto,q_auto/league/ruq1ttpmssyydj0hxwfn",17,CHI,0,0,0,0,0,0,0,0,0,0,0,0,,0,,,1,0,0,0,0,0,-0.222245357494103,0,60,93,612,0,0,0,721,246,29,-5.91455016051539,0,0.848821081830791,0.177480916030534,0.173192409320202,0.387456060569943,0,61.2,121.2
2021,REG,00-0036297,D.Evans,Darrynton Evans,RB,RB,"https://static.www.nfl.com/image/private/f_auto,q_auto/league/tidqje1qgfqwyiyk3wgz",1,TEN,0,0,0,0,0,0,0,0,0,0,0,0,,0,,,2,7,0,0,0,0,-1.24622511619236,0,2,2,11,0,0,0,-4,15,1,1.33159657171927,0,-2.75,0.0740740740740741,-0.0194174757281553,0.0975188781014024,0,1.8,3.8
2021,REG,00-0036308,I.Coulter,Isaiah Coulter,WR,WR,"https://static.www.nfl.com/image/private/f_auto,q_auto/league/wpkz05jnbitkowfmxaso",1,CHI,0,0,0,0,0,0,0,0,0,0,0,0,,0,,,0,0,0,0,0,0,,0,0,1,0,0,0,0,22,0,0,-0.857183249667287,0,0.0,0.027027027027027,0.0652818991097923,0.0862378699173951,0,0.0,0.0
2021,REG,00-0036309,D.Mooney,Darnell Mooney,WR,WR,"https://static.www.nfl.com/image/private/f_auto,q_auto/league/hjileqykzauyoeqovatm",17,CHI,0,0,0,0,0,0,0,0,0,0,0,0,,0,,,6,32,1,0,0,2,0.964358149445616,0,81,140,1055,4,0,0,1556,381,49,1.4899042949728,0,0.678020565552699,0.267175572519084,0.358690640848317,0.651846807372448,0,138.7,219.7
2021,REG,00-0036313,B.Mann,Braden Mann,P,SPEC,"https://static.www.nfl.com/image/private/f_auto,q_auto/league/hqskxaynb1h39a3pq0wv",1,NYJ,0,0,0,0,0,0,0,0,0,0,0,0,,0,,,1,4,0,0,0,0,-2.56835237832274,0,0,0,0,0,0,0,0,0,0,,0,,,,,0,0.4,0.4
2021,REG,00-0036322,J.Jefferson,Justin Jefferson,WR,WR,"https://static.www.nfl.com/image/private/f_auto,q_auto/league/zdstmm4sloqnichybgja",17,MIN,2,4,35,0,0,0,0,0,0,36,28,2,1.25333587976638,0,0.972222222222222,,6,14,0,0,0,1,-2.24479338963283,0,108,167,1616,10,1,1,2063,490,75,80.5711302737945,0,0.783325254483762,0.288927335640138,0.452908891328211,0.750427227389955,0,222.4,330.4
2021,REG,00-0036326,C.Claypool,Chase Claypool,WR,WR,"https://static.www.nfl.com/image/upload/f_auto,q_auto/league/hpgllfzaanonbfxweq9z",15,PIT,0,0,0,0,0,0,0,0,0,0,0,0,,0,,,14,96,0,0,0,7,3.8205426853383,0,59,105,860,2,0,0,1202,295,36,9.79091478392468,0,0.715474209650582,0.185840707964602,0.316149395055234,0.500065638485567,0,107.6,166.6
2021,REG,00-0036328,A.Gibson,Antonio Gibson,RB,RB,"https://static.www.nfl.com/image/private/f_auto,q_auto/league/c5aij3m4bakia6ygjqux",16,WAS,0,0,0,0,0,0,0,0,0,0,0,0,,0,,,258,1037,7,5,3,65,-25.1822619752996,1,42,52,294,3,1,1,-9,333,12,2.24620356806554,0,-32.6666666666667,0.108333333333333,-0.002731411229135,0.160588012139605,0,187.1,229.1
2021,REG,00-0036331,D.Duvernay,Devin Duvernay,WR,WR,"https://static.www.nfl.com/image/private/f_auto,q_auto/league/hmftubhkmwgqmi5x8scq",15,BAL,0,0,0,0,0,0,0,0,0,0,0,0,,0,,,7,50,0,0,0,3,2.46116331487428,0,33,47,272,2,0,0,284,141,14,7.44823020062551,0,0.957746478873239,0.0945674044265593,0.065048098946404,0.187384775902322,0,44.2,77.2
2021,REG,00-0036332,J.Deguara,Josiah Deguara,TE,TE,"https://static.www.nfl.com/image/private/f_auto,q_auto/league/ytgijlfni4cyqs0zozhz",12,GB,0,0,0,0,0,0,0,0,0,0,0,0,,0,,,0,0,0,0,0,0,,0,25,33,245,2,0,0,114,204,9,0.777494958793015,0,2.14912280701754,0.0812807881773399,0.0428893905191874,0.151943755629441,0,36.5,61.5
2021,REG,00-0036336,A.McFarland,Anthony McFarland,RB,RB,"https://static.www.nfl.com/image/private/f_auto,q_auto/league/dwt64mh92t2qztepvswo",2,PIT,0,0,0,0,0,0,0,0,0,0,0,0,,0,,,3,3,0,0,0,0,-2.05926969769644,0,1,1,11,0,0,0,0,11,1,-1.85594705463154,0,0.0,0.0256410256410256,,,0,1.4,2.4
2021,REG,00-0036345,K.Osborn,K.J. Osborn,WR,WR,"https://static.www.nfl.com/image/private/f_auto,q_auto/league/rbgsvh08nmm29gaiw7pr",17,MIN,0,0,0,0,0,0,0,0,0,0,0,0,,0,,,1,10,0,0,0,1,0.547039665980265,0,50,82,655,7,0,0,861,179,26,14.6071488270836,0,0.760743321718931,0.141868512110727,0.189023051591658,0.34511890428025,0,108.5,158.5
2021,REG,00-0036355,J.Herbert,Justin Herbert,QB,QB,"https://static.www.nfl.com/image/private/f_auto,q_auto/league/fwjdvww4dv36k8tvsws6",17,LAC,443,672,5014,38,15,31,214,1,0,5058,2403,256,118.184703763707,5,0.991300909450376,0.122408475335396,63,302,3,0,0,28,11.1580990264994,0,0,0,0,0,0,0,0,0,0,,1,,,,,0,382.76,382.76
2021,REG,00-0036357,H.Ruggs,Henry Ruggs,WR,WR,"https://static.www.nfl.com/image/private/f_auto,q_auto/league/i8oezzdcas0hd9ap8cfp",7,LV,0,0,0,0,0,0,0,0,0,0,0,0,,0,,,3,16,0,0,0,0,-1.14157379779499,0,24,36,469,2,0,0,608,109,16,31.0734122270078,0,0.771381578947369,0.141176470588235,0.258943781942078,0.393025353241808,0,60.5,84.5
2021,REG,00-0036358,C.Lamb,CeeDee Lamb,WR,WR,"https://static.www.nfl.com/image/private/f_auto,q_auto/league/cqygs9e4ynnjdxstdfjq",16,DAL,0,0,0,0,0,0,0,0,0,0,0,0,,0,,,9,76,0,0,0,4,4.08371359028388,0,79,120,1102,6,0,0,1233,441,53,28.825307176291,0,0.893755068937551,0.203389830508475,0.263574176998717,0.489586669661814,0,153.8,232.8
2021,REG,00-0036360,C.Edwards-Helaire,Clyde Edwards-Helaire,RB,RB,"https://static.www.nfl.com/image/private/f_auto,q_auto/league/ki0pdedjayv47nec4lh1",10,KC,0,0,0,0,0,0,0,0,0,0,0,0,,0,,,119,517,4,2,2,21,-8.79660004522884,0,19,23,129,2,0,0,-53,169,8,-0.965723157404438,1,-2.43396226415094,0.0741935483870968,-0.024731684554363,0.093978143392591,0,98.6,117.6
2021,REG,00-0036365,B.Edwards,Bryan Edwards,WR,WR,"https://static.www.nfl.com/image/private/f_auto,q_auto/league/hgluubcedtu0vmxjxrcf",16,LV,0,0,0,0,0,0,0,0,0,0,0,0,,0,,,1,0,0,0,0,0,-1.83144422015175,0,34,59,571,3,1,0,827,190,26,18.2826165876565,0,0.690447400241838,0.106690777576854,0.179860809047412,0.285938732698469,0,75.1,109.1
2021,REG,00-0036370,J.Kelley,Joshua Kelley,RB,RB,"https://static.www.nfl.com/image/private/f_auto,q_auto/league/fsu6gqcltgnofaakmq6u",8,LAC,0,0,0,0,0,0,0,0,0,0,0,0,,0,,,33,102,0,1,1,5,-15.074566347932,0,5,6,38,0,0,0,13,31,1,1.97238307486987,0,2.92307692307692,0.0413793103448276,0.0132382892057026,0.0713357679612332,0,12.0,17.0
2021,REG,00-0036382,K.Hill,K.J. Hill,WR,WR,"https://static.www.nfl.com/image/private/f_auto,q_auto/league/qd5p8nkgawauikftmkij",1,LAC,0,0,0,0,0,0,0,0,0,0,0,0,,0,,,0,0,0,0,0,0,,0,3,3,30,0,0,0,18,12,1,1.76258831069572,0,1.66666666666667,0.0652173913043478,0.0486486486486487,0.131880141010576,0,3.0,6.0
2021,REG,00-0036383,E.Benjamin,Eno Benjamin,RB,RB,"https://static.www.nfl.com/image/private/f_auto,q_auto/league/ibizpqkleka4az4mprvz",7,ARI,0,0,0,0,0,0,0,0,0,0,0,0,,0,,,34,118,1,0,0,4,-6.03502844861941,0,6,7,42,0,0,0,-1,46,4,3.57738445198629,0,-42.0,0.0551181102362205,-0.0013623978201634,0.0817234868802163,0,22.0,28.0
2021,REG,00-0036386,A.Thomas,Andrew Thomas,T,OL,"https://static.www.nfl.com/image/private/f_auto,q_auto/league/eehosdvlvbqm796gczaq",1,NYG,0,0,0,0,0,0,0,0,0,0,0,0,,0,,,0,0,0,0,0,0,,0,1,1,2,1,0,0,2,0,1,1.23117657320108,0,1.0,0.027027027027027,0.0078431372549019,0.0460307366189719,0,6.2,7.2
2021,REG,00-0036387,J.Reagor,Jalen Reagor,WR,WR,"https://static.www.nfl.com/image/private/f_auto,q_auto/league/tei81ifva2dy9os89aat",17,PHI,0,0,0,0,0,0,0,0,0,0,0,0,,0,,,10,32,0,0,0,3,-1.50662547536194,0,33,57,299,2,0,0,549,151,13,-10.8051546355839,0,0.544626593806922,0.121794871794872,0.138776541961577,0.279835887065412,0,45.1,78.1
2021,REG,00-0036389,J.Hurts,Jalen Hurts,QB,QB,"https://static.www.nfl.com/image/private/f_auto,q_auto/league/aityegmlyh53aifbssbp",15,PHI,265,432,3144,16,9,26,150,6,1,3882,1463,143,15.7883597331509,3,0.809891808346213,0.0878379947170717,139,784,10,3,1,56,40.5911976853391,0,0,1,0,0,0,0,3,0,0,-2.80427084170515,0,0.0,0.0416666666666667,0.0088757396449704,0.0687130177514793,0,312.16,312.16
2021,REG,00-0036407,J.Jeudy,Jerry Jeudy,WR,WR,"https://static.www.nfl.com/image/private/f_auto,q_auto/league/f0jdlnl6wy63qx4oeyzi",10,DEN,0,0,0,0,0,0,0,0,0,0,0,0,,0,,,2,3,0,0,0,0,-0.854827097151429,0,38,56,467,0,1,0,595,178,22,15.3976967990209,0,0.784873949579832,0.2,0.263041556145004,0.484129089301503,0,47.0,85.0
2021,REG,00-0036410,T.Higgins,Tee Higgins,WR,WR,"https://static.www.nfl.com/image/private/f_auto,q_auto/league/fkpf9urirrkqkln7d2n9",14,CIN,0,0,0,0,0,0,0,0,0,0,0,0,,0,,,0,0,0,0,0,0,,0,74,110,1091,6,1,1,1323,285,53,57.0251794746215,1,0.82464096749811,0.238611713665944,0.347609038360483,0.601243897351254,0,145.1,219.1
2021,REG,00-0036412,K.Hamler,K.J. Hamler,WR,WR,"https://static.www.nfl.com/image/private/f_auto,q_auto/league/t3lqvv3d2tn6syqqtrat",3,DEN,0,0,0,0,0,0,0,0,0,0,0,0,,0,,,0,0,0,0,0,0,,0,5,10,74,0,0,0,201,16,4,5.07608739298303,0,0.368159203980099,0.10752688172043,0.228668941979522,0.321358581966311,0,7.4,12.4
2021,REG,00-0036414,C.Akers,Cam Akers,RB,RB,"https://static.www.nfl.com/image/upload/f_auto,q_auto/league/q0soq6iusid0dczf94gf",1,LA,0,0,0,0,0,0,0,0,0,0,0,0,,0,,,5,3,0,0,0,0,-1.51658312568907,0,3,3,10,0,0,0,6,4,0,-0.576643844950013,0,1.66666666666667,0.09375,0.0215827338129496,0.155732913669065,0,1.3,4.3
2021,REG,00-0036415,V.Jefferson,Van Jefferson,WR,WR,"https://static.www.nfl.com/image/upload/f_auto,q_auto/league/p7ymrzyadwaonjx8rsn0",17,LA,0,0,0,0,0,0,0,0,0,0,0,0,,0,,,2,20,0,0,0,1,1.35502027976327,0,50,89,802,6,0,0,1195,220,32,33.4069923770251,0,0.671129707112971,0.147840531561462,0.233717973792294,0.385363378996799,0,118.2,168.2
2021,REG,00-0036422,A.Trautman,Adam Trautman,TE,TE,"https://static.www.nfl.com/image/private/f_auto,q_auto/league/zdzicjvlqk43ssjhupwy",11,NO,0,0,0,0,0,0,0,0,0,0,0,0,,0,,,0,0,0,0,0,0,,0,27,43,263,2,1,1,245,111,13,-7.31978752778767,0,1.0734693877551,0.133540372670807,0.0913156913902348,0.264231542979376,0,36.3,63.3
2021,REG,00-0036423,A.Okwuegbunam,Albert Okwuegbunam,TE,TE,"https://static.www.nfl.com/image/private/f_auto,q_auto/league/xrv48ppj4qqfknjk6igk",13,DEN,0,0,0,0,0,0,0,0,0,0,0,0,,0,,,0,0,0,0,0,0,,0,33,40,330,2,1,1,226,245,15,13.599486835156,0,1.46017699115044,0.105820105820106,0.0717460317460318,0.208952380952381,0,43.0,76.0
2021,REG,00-0036424,B.Hopkins,Brycen Hopkins,TE,TE,"https://static.www.nfl.com/image/private/f_auto,q_auto/league/agzychtsya1dteoz1khu",1,LA,0,0,0,0,0,0,0,0,0,0,0,0,,0,,,0,0,0,0,0,0,,0,1,1,9,0,0,0,3,6,1,1.65918135293759,0,3.0,0.0344827586206897,0.0130434782608696,0.0608545727136432,0,0.9,1.9
2021,REG,00-0036425,D.Dallas,DeeJay Dallas,RB,RB,"https://static.www.nfl.com/image/private/f_auto,q_auto/league/ffqmt3tvtiqi9obvymlq",11,SEA,0,0,0,0,0,0,0,0,0,0,0,0,,0,,,33,138,2,0,0,10,1.89191839915345,0,21,23,133,0,1,0,39,110,4,-5.36754088419564,0,3.41025641025641,0.117948717948718,0.0217028380634391,0.192115063567484,0,39.1,60.1
2021,REG,00-0036427,T.Johnson,Tyler Johnson,WR,WR,"https://static.www.nfl.com/image/private/f_auto,q_auto/league/catfrh97oi2duwa0hi8d",15,TB,0,0,0,0,0,0,0,0,0,0,0,0,,0,,,0,0,0,0,0,0,,0,36,55,360,0,0,0,432,137,14,7.48726686744244,0,0.833333333333333,0.0852713178294574,0.0824584844435961,0.185627915854703,0,36.0,72.0
2021,REG,00-0036429,C.Woerner,Charlie Woerner,TE,TE,"https://static.www.nfl.com/image/private/f_auto,q_auto/league/wdcd0m0nbt4p7qiq7exa",4,SF,0,0,0,0,0,0,0,0,0,0,0,0,,0,,,0,0,0,0,0,0,,0,5,6,52,0,0,0,52,9,3,2.71811267768499,0,1.0,0.0555555555555556,0.0534979423868313,0.120781893004115,0,5.2,10.2
2021,REG,00-0036438,S.Sullivan,Stephen Sullivan,TE,TE,"https://static.www.nfl.com/image/private/f_auto,q_auto/league/dwsdpt0yyomnirainvmj",1,CAR,0,0,0,0,0,0,0,0,0,0,0,0,,0,,,0,0,0,0,0,0,,0,0,1,0,0,0,0,-2,0,0,-0.375625000917353,0,0.0,0.0232558139534884,-0.005524861878453,0.0310163176153154,0,0.0,0.0
2021,REG,00-0036439,T.Cleveland,Tyrie Cleveland,WR,WR,"https://static.www.nfl.com/image/private/f_auto,q_auto/league/bul0m575yzw95m0fbwmv",1,DEN,0,0,0,0,0,0,0,0,0,0,0,0,,0,,,0,0,0,0,0,0,,0,0,1,0,0,0,0,5,0,0,-0.647225972032175,0,0.0,0.03125,0.028735632183908,0.0669899425287356,0,0.0,0.0
2021,REG,00-0036442,J.Burrow,Joe Burrow,QB,QB,"https://static.www.nfl.com/image/private/f_auto,q_auto/league/jzzqz5ubkilrn9dpxtlp",16,CIN,366,520,4611,34,14,51,370,4,2,4227,2251,202,99.5450136223365,1,1.09084457061746,0.162171838360735,40,118,2,1,0,14,3.47052069223719,0,0,0,0,0,0,0,0,0,0,,0,,,,,0,314.24,314.24
2021,REG,00-0036450,K.Vaughn,Ke'Shawn Vaughn,RB,RB,"https://static.www.nfl.com/image/private/f_auto,q_auto/league/npa1msmoqbig9cqznkti",6,TB,0,0,0,0,0,0,0,0,0,0,0,0,,0,,,36,180,2,0,0,9,-3.2101816792856,0,4,8,26,0,0,0,13,14,1,-1.02041353867692,0,2.0,0.0487804878048781,0.0109243697478992,0.0808177905308465,0,32.6,36.6
2021,REG,00-0036456,D.Dafney,Dominique Dafney,TE,TE,"https://static.www.nfl.com/image/private/f_auto,q_auto/league/iualxf5bff0nuttmxkut",4,GB,0,0,0,0,0,0,0,0,0,0,0,0,,0,,,0,0,0,0,0,0,,0,2,4,34,0,0,0,10,31,2,1.44604720739881,0,3.4,0.0285714285714286,0.009891196834817,0.0497809806415148,0,3.4,5.4
2021,REG,00-0036457,T.Williams,Ty'Son Williams,RB,RB,"https://static.www.nfl.com/image/private/f_auto,q_auto/league/ucxy1zbyppgm62iyvrdr",7,BAL,0,0,0,0,0,0,0,0,0,0,0,0,,0,,,35,185,1,1,0,8,-0.730433289834764,0,9,12,84,0,0,0,30,71,4,1.16813550860009,0,2.8,0.0609137055837564,0.015625,0.102308058375635,0,32.9,41.9
2021,REG,00-0036482,M.Strachan,Mike Strachan,WR,WR,"https://static.www.nfl.com/image/private/f_auto,q_auto/league/f0eepzx0zweaaoch5xfj",2,IND,0,0,0,0,0,0,0,0,0,0,0,0,,0,,,0,0,0,0,0,0,,0,2,3,26,0,0,0,54,0,2,4.27714111151205,0,0.481481481481482,0.0428571428571429,0.116129032258065,0.145576036866359,0,2.6,4.6
2021,REG,00-0036491,T.Black,Tarik Black,WR,WR,"https://static.www.nfl.com/image/private/f_auto,q_auto/league/dqa9ppemmbv3scdrt6fa",1,NYJ,0,0,0,0,0,0,0,0,0,0,0,0,,0,,,0,0,0,0,0,0,,0,1,2,10,0,0,0,18,0,1,1.09643593220972,0,0.555555555555556,0.105263157894737,0.144,0.258694736842105,0,1.0,2.0
2021,REG,00-0036493,D.Jackson,Deon Jackson,RB,RB,"https://static.www.nfl.com/image/private/f_auto,q_auto/league/wvi0pz27h6t7gfjujxis",3,IND,0,0,0,0,0,0,0,0,0,0,0,0,,0,,,13,31,1,0,0,2,-5.00215740624117,0,0,0,0,0,0,0,0,0,0,,0,,,,,0,9.1,9.1
2021,REG,00-0036510,K.Yeboah,Kenny Yeboah,TE,TE,"https://static.www.nfl.com/image/private/f_auto,q_auto/league/ohegnshguw2mmhe9kjyy",2,NYJ,0,0,0,0,0,0,0,0,0,0,0,0,,0,,,0,0,0,0,0,0,,0,2,3,36,0,0,0,48,3,2,2.83653338713339,0,0.75,0.0454545454545455,0.0910815939278937,0.131938933931344,0,3.6,5.6
2021,REG,00-0036523,T.Ragas,Trey Ragas,RB,RB,"https://static.www.nfl.com/image/private/f_auto,q_auto/league/dxx9omigqswqm8irxgzh",1,LV,0,0,0,0,0,0,0,0,0,0,0,0,,0,,,1,9,0,0,0,1,1.17825937736779,0,2,2,6,0,0,0,-7,13,0,-0.390999058145098,0,-0.857142857142857,0.0465116279069768,-0.0372340425531915,0.0437036120732311,0,1.5,3.5
2021,REG,00-0036534,S.Zylstra,Shane Zylstra,TE,TE,"https://static.www.nfl.com/image/private/f_auto,q_auto/league/e6np1mvcmbxp76d7lbqy",2,DET,0,0,0,0,0,0,0,0,0,0,0,0,,0,,,0,0,0,0,0,0,,0,3,7,34,0,0,0,38,6,2,-5.42178606949492,0,0.894736842105263,0.109375,0.087962962962963,0.225636574074074,0,3.4,6.4
2021,REG,00-0036550,R.Bateman,Rashod Bateman,WR,WR,"https://static.www.nfl.com/image/private/f_auto,q_auto/league/rxkbjfe1pdmlvp1vd6i5",12,BAL,0,0,0,0,0,0,0,0,0,0,0,0,,0,,,0,0,0,0,0,0,,0,46,68,515,1,0,0,606,163,29,14.8841516723144,0,0.84983498349835,0.157407407407407,0.188081936685289,0.367768466790813,0,57.5,103.5
2021,REG,00-0036554,N.Collins,Nico Collins,WR,WR,"https://static.www.nfl.com/image/private/f_auto,q_auto/league/iyfqbpftpdxtwst9wtda",14,HOU,0,0,0,0,0,0,0,0,0,0,0,0,,0,,,0,0,0,0,0,0,,0,33,60,446,1,0,0,637,131,22,-0.251644096514551,0,0.700156985871272,0.133037694013304,0.199374021909233,0.339118356356419,0,50.6,83.6
2021,REG,00-0036555,C.Hubbard,Chuba Hubbard,RB,RB,"https://static.www.nfl.com/image/private/f_auto,q_auto/league/f7xzicbrj7lacu7ytzd9",16,CAR,0,0,0,0,0,0,0,0,0,0,0,0,,0,,,172,612,5,1,1,36,-23.9574401431892,0,25,37,174,1,0,0,2,172,8,-10.2269844976997,0,87.0,0.0769230769230769,0.0005787037037037,0.115789707977208,0,112.6,137.6
2021,REG,00-0036556,B.Jordan,Brevin Jordan,TE,TE,"https://static.www.nfl.com/image/private/f_auto,q_auto/league/tgjclmhivqtcdsaggccr",8,HOU,0,0,0,0,0,0,0,0,0,0,0,0,,0,,,0,0,0,0,0,0,,0,20,28,178,3,0,0,159,99,10,5.78663257053661,0,1.11949685534591,0.109375,0.0975460122699387,0.232344708588957,0,35.8,55.8
2021,REG,00-0036567,E.Mitchell,Elijah Mitchell,RB,RB,"https://static.www.nfl.com/image/private/f_auto,q_auto/league/pylj2udt3klrdmskh3qi",11,SF,0,0,0,0,0,0,0,0,0,0,0,0,,0,,,207,963,5,0,0,47,-15.4936853851866,0,19,20,137,1,0,0,-12,151,6,4.11007380124647,0,-11.4166666666667,0.113636363636364,-0.0083449235048678,0.164613099001138,0,146.0,165.0
2021,REG,00-0036569,G.Brightwell,Gary Brightwell,RB,RB,"https://static.www.nfl.com/image/private/f_auto,q_auto/league/bxamrjik6crlgdk7tib4",2,NYG,0,0,0,0,0,0,0,0,0,0,0,0,,0,,,1,4,0,0,0,0,0.150147082749754,0,1,1,6,0,0,0,1,5,0,-0.135463208309375,0,6.0,0.0277777777777778,0.0032679738562091,0.0439542483660131,0,1.0,2.0
2021,REG,00-0036572,S.Smith,Shi Smith,WR,WR,"https://static.www.nfl.com/image/private/f_auto,q_auto/league/e08lbk8pl2oxbwxi86ib",5,CAR,0,0,0,0,0,0,0,0,0,0,0,0,,0,,,1,-3,0,0,0,0,-1.40088038891554,0,6,11,104,0,0,0,74,71,3,-2.51489595137537,0,1.40540540540541,0.0654761904761905,0.0574534161490683,0.138431677018634,0,10.1,16.1
2021,REG,00-0036582,N.McCrary,Nate McCrary,RB,RB,"https://static.www.nfl.com/image/private/f_auto,q_auto/league/mu0ujv1egc6viduiwbdk",1,BAL,0,0,0,0,0,0,0,0,0,0,0,0,,0,,,1,-1,0,0,0,0,-0.725636424031109,0,0,0,0,0,0,0,0,0,0,,0,,,,,0,-0.1,-0.1
2021,REG,00-0036613,J.Waddle,Jaylen Waddle,WR,WR,"https://static.www.nfl.com/image/private/f_auto,q_auto/league/qjsz2h6shbdnksctzeka",16,MIA,0,0,0,0,0,0,0,0,0,0,0,0,,0,,,2,3,1,0,0,1,1.02705890499055,0,104,140,1015,6,1,0,993,439,59,20.2234804597992,0,1.02215508559919,0.244328097731239,0.237446197991392,0.532704485190833,0,143.8,247.8
2021,REG,00-0036620,D.Eskridge,D'Wayne Eskridge,WR,WR,"https://static.www.nfl.com/image/private/f_auto,q_auto/league/lwg4cpbjcdcgoru2emht",8,SEA,0,0,0,0,0,0,0,0,0,0,0,0,,0,,,4,59,0,0,0,2,7.53554499096936,0,10,20,64,1,0,0,252,32,4,-2.85617491975122,0,0.253968253968254,0.0840336134453782,0.106644096487516,0.200701287709328,0,18.3,28.3
2021,REG,00-0036626,D.Brown,Dyami Brown,WR,WR,"https://static.www.nfl.com/image/private/f_auto,q_auto/league/bqy38ftosae4u9lnixjx",9,WAS,0,0,0,0,0,0,0,0,0,0,0,0,,0,,,1,-4,0,0,0,0,-1.22775111324154,0,12,25,165,0,0,0,381,34,6,-1.58332186387678,0,0.433070866141732,0.0871080139372822,0.175819104753115,0.253735394233104,0,16.1,28.1
2021,REG,00-0036627,D.Fitzpatrick,Dez Fitzpatrick,WR,WR,"https://static.www.nfl.com/image/private/f_auto,q_auto/league/mxhacwgijkradrpb77ma",3,TEN,0,0,0,0,0,0,0,0,0,0,0,0,,0,,,0,0,0,0,0,0,,0,5,8,49,1,0,0,109,3,4,-4.21825127274497,0,0.44954128440367,0.0808080808080808,0.158200290275762,0.231952324405155,0,10.9,15.9
2021,REG,00-0036628,J.Bates,John Bates,TE,TE,"https://static.www.nfl.com/image/private/f_auto,q_auto/league/wg5krelbhhklpclsw1ts",11,WAS,0,0,0,0,0,0,0,0,0,0,0,0,,0,,,0,0,0,0,0,0,,0,20,25,249,1,1,0,149,139,11,15.7466056916164,0,1.67114093959732,0.0744047619047619,0.0705826622453813,0.16101500642891,0,30.9,50.9
2021,REG,00-0036630,T.Wallace,Tylan Wallace,WR,WR,"https://static.www.nfl.com/image/private/f_auto,q_auto/league/fjbkshypgeilqrcrljke",4,BAL,0,0,0,0,0,0,0,0,0,0,0,0,,0,,,0,0,0,0,0,0,,0,2,6,23,0,0,0,38,14,1,-2.75271261623129,0,0.605263157894737,0.0428571428571429,0.0354147250698975,0.0890760218346425,0,2.3,4.3
2021,REG,00-0036635,I.Smith-Marsette,Ihmir Smith-Marsette,WR,WR,"https://static.www.nfl.com/image/private/f_auto,q_auto/league/zwkymyn01hepugxnitac",3,MIN,0,0,0,0,0,0,0,0,0,0,0,0,,0,,,0,0,0,0,0,0,,0,5,6,116,2,0,0,128,17,4,11.404099471285,0,0.90625,0.0789473684210526,0.183381088825215,0.246787814809229,0,23.6,28.6
2021,REG,00-0036637,N.Gray,Noah Gray,TE,TE,"https://static.www.nfl.com/image/private/f_auto,q_auto/league/bfwc5wzyawwhpwphz2hv",7,KC,0,0,0,0,0,0,0,0,0,0,0,0,,0,,,0,0,0,0,0,0,,0,7,10,36,1,0,0,23,18,2,-0.0367059657000937,0,1.56521739130435,0.0381679389312977,0.0143391521197008,0.0672893148807371,0,9.6,16.6
2021,REG,00-0036650,L.Rountree,Larry Rountree,RB,RB,"https://static.www.nfl.com/image/private/f_auto,q_auto/league/m40kbqrmtagssdl2nyx0",8,LAC,0,0,0,0,0,0,0,0,0,0,0,0,,0,,,36,87,1,0,0,5,-10.2044932351273,0,1,2,-1,0,0,0,-1,0,0,-1.26902811240871,0,1.0,0.0266666666666667,-0.0038610038610038,0.0372972972972973,0,14.6,15.6
2021,REG,00-0036652,R.McMath,Racey McMath,WR,WR,"https://static.www.nfl.com/image/private/f_auto,q_auto/league/zst4jrejdem1sizbyywz",5,TEN,0,0,0,0,0,0,0,0,0,0,0,0,,0,,,0,0,0,0,0,0,,0,2,6,8,0,1,1,67,9,0,-6.96873102773679,0,0.119402985074627,0.04,0.0601976639712489,0.102138364779874,0,-1.2,0.8
2021,REG,00-0036654,D.Felton,Demetric Felton,RB,RB,"https://static.www.nfl.com/image/private/f_auto,q_auto/league/pfjsjpzj2f9cn39xqde2",11,CLE,0,0,0,0,0,0,0,0,0,0,0,0,,0,,,7,24,0,0,0,0,-2.54391982546076,0,18,21,181,2,0,0,9,201,10,9.55242118309252,0,20.1111111111111,0.0747330960854093,0.0038944180008654,0.11482573672872,0,32.5,50.5
2021,REG,00-0036657,S.Williams,Seth Williams,WR,WR,"https://static.www.nfl.com/image/private/f_auto,q_auto/league/uych6wdpoifihjl55wkf",1,DEN,0,0,0,0,0,0,0,0,0,0,0,0,,0,,,0,0,0,0,0,0,,0,1,1,34,0,0,0,30,4,1,2.06591478257906,0,1.13333333333333,0.037037037037037,0.134529147982063,0.149725959142999,0,3.4,4.4
2021,REG,00-0036669,K.Hill,Kylin Hill,RB,RB,"https://static.www.nfl.com/image/private/f_auto,q_auto/league/kqcnlnwoumzvotkzu841",4,GB,0,0,0,0,0,0,0,0,0,0,0,0,,0,,,10,24,0,0,0,1,-3.664956227527,0,1,2,5,0,0,0,-3,7,0,-0.41435015964089,0,-1.66666666666667,0.0289855072463768,-0.0055147058823529,0.0396179667519182,0,2.9,3.9
2021,REG,00-0036670,J.Jefferson,Jermar Jefferson,RB,RB,"https://static.www.nfl.com/image/private/f_auto,q_auto/league/ewygyeadzbiyedxbirmb",4,DET,0,0,0,0,0,0,0,0,0,0,0,0,,0,,,15,74,2,0,0,4,3.19619846622838,0,4,5,23,0,0,0,1,21,2,-0.322642765240744,0,23.0,0.0714285714285714,0.0019493177387914,0.108507379560011,0,21.7,25.7
2021,REG,00-0036671,D.Milne,Dax Milne,WR,WR,"https://static.www.nfl.com/image/private/f_auto,q_auto/league/khppoienurb6ntigjdgf",9,WAS,0,0,0,0,0,0,0,0,0,0,0,0,,0,,,1,1,0,0,0,0,-0.694028881320264,0,9,14,83,0,1,1,102,39,4,-5.62294358463259,0,0.813725490196078,0.0468227424749164,0.0455153949129853,0.102094890151464,0,6.4,15.4
2021,REG,00-0036698,M.Sargent,Mekhi Sargent,RB,RB,"https://static.www.nfl.com/image/private/f_auto,q_auto/league/vkjbw0dck6obsojugiya",4,JAX,0,0,0,0,0,0,0,0,0,0,0,0,,0,,,5,11,0,0,0,1,-2.03860674821772,0,0,1,0,0,0,0,-4,0,0,-0.429744546650909,0,0.0,0.03125,-0.0216216216216216,0.0317398648648649,0,1.1,1.1
2021,REG,00-0036727,A.Prentice,Adam Prentice,FB,RB,"https://static.www.nfl.com/image/private/f_auto,q_auto/league/oypk09xhfdyvxpkrrxnm",4,NO,0,0,0,0,0,0,0,0,0,0,0,0,,0,,,3,5,0,0,0,2,-0.503234281670302,0,3,3,16,0,0,0,1,15,1,-0.195035251206718,0,16.0,0.0405405405405405,0.0056179775280898,0.0647433950804737,0,2.1,5.1
2021,REG,00-0036741,J.Stoll,Jack Stoll,TE,TE,"https://static.www.nfl.com/image/private/f_auto,q_auto/league/ammztxfzv4nnggjhqmuj",3,PHI,0,0,0,0,0,0,0,0,0,0,0,0,,0,,,0,0,0,0,0,0,,0,4,5,22,0,0,0,14,20,0,-0.511518268038838,0,1.57142857142857,0.078125,0.0232945091514143,0.13349365640599,0,2.2,6.2
2021,REG,00-0036754,B.Wright,Brock Wright,TE,TE,"https://static.www.nfl.com/image/private/f_auto,q_auto/league/fxgwaib8wrtxhsrudary",7,DET,0,0,0,0,0,0,0,0,0,0,0,0,,0,,,0,0,0,0,0,0,,0,12,17,117,2,0,0,70,64,6,-0.772076907858718,0,1.67142857142857,0.07981220657277,0.0579470198675497,0.16028122376644,0,23.7,35.7
2021,REG,00-0036755,J.Patterson,Jaret Patterson,RB,RB,"https://static.www.nfl.com/image/private/f_auto,q_auto/league/jpudk1muc8zkgiecmrqw",14,WAS,0,0,0,0,0,0,0,0,0,0,0,0,,0,,,68,266,2,1,0,15,-4.76239720682497,0,10,11,73,0,0,0,-3,75,5,2.96812259593853,0,-24.3333333333333,0.0569948186528497,-0.0020408163265306,0.0840636565507032,0,45.9,55.9
2021,REG,00-0036768,J.Hardy,Jaquan Hardy,RB,RB,"https://static.www.nfl.com/image/private/f_auto,q_auto/league/mgwe4bpzdc7wvox8razh",2,DAL,0,0,0,0,0,0,0,0,0,0,0,0,,0,,,4,29,1,0,0,1,2.63505562755745,0,0,0,0,0,0,0,0,0,0,,0,,,,,0,8.9,8.9
2021,REG,00-0036825,F.Franks,Feleipe Franks,TE,TE,"https://static.www.nfl.com/image/private/f_auto,q_auto/league/bymlmtfg2hjxymbheske",3,ATL,0,1,0,0,1,0,0,0,0,2,0,0,-3.84049341495847,0,0.0,,3,6,0,0,0,0,-1.56269827415235,0,0,0,0,0,0,0,0,0,0,,0,,,,,0,-1.4,-1.4
2021,REG,00-0036842,K.Nwangwu,Kene Nwangwu,RB,RB,"https://static.www.nfl.com/image/private/f_auto,q_auto/league/l6pdzfzysjjidkixp7mz",6,MIN,0,0,0,0,0,0,0,0,0,0,0,0,,0,,,13,61,0,0,0,3,0.302521123841871,0,4,5,9,0,0,0,-6,19,0,-2.96122648997698,0,-1.5,0.0657894736842105,-0.0095238095238095,0.0920175438596491,2,19.0,23.0
2021,REG,00-0036857,C.Evans,Chris Evans,RB,RB,"https://static.www.nfl.com/image/private/f_auto,q_auto/league/lnkqn3hx8th4ulmxyfen",9,CIN,0,0,0,0,0,0,0,0,0,0,0,0,,0,,,17,77,0,0,0,3,0.68341325718211,0,15,17,151,2,0,0,50,113,6,12.0325865847273,0,3.02,0.0604982206405694,0.0226244343891403,0.106584435033252,0,34.8,49.8
2021,REG,00-0036860,J.Funk,Jake Funk,RB,RB,"https://static.www.nfl.com/image/private/f_auto,q_auto/league/usql5tnx3qhuk3mubmfs",2,LA,0,0,0,0,0,0,0,0,0,0,0,0,,0,,,2,5,0,0,0,0,-1.03235841321293,0,0,0,0,0,0,0,0,0,0,,0,,,,,0,0.5,0.5
2021,REG,00-0036862,B.Skowronek,Ben Skowronek,WR,WR,"https://static.www.nfl.com/image/private/f_auto,q_auto/league/og1iee9dsqaphhcnhajt",7,LA,0,0,0,0,0,0,0,0,0,0,0,0,,0,,,0,0,0,0,0,0,,0,11,20,133,0,0,0,210,53,7,1.40855996189614,0,0.633333333333333,0.0836820083682008,0.10977522216414,0.202365668067199,0,13.3,24.3
2021,REG,00-0036875,R.Stevenson,Rhamondre Stevenson,RB,RB,"https://static.www.nfl.com/image/private/f_auto,q_auto/league/ro2fqabc4qndtnxykvm7",12,NE,0,0,0,0,0,0,0,0,0,0,0,0,,0,,,133,606,5,1,0,33,2.23256308192699,0,14,18,123,0,1,1,-5,145,3,-3.03740213514539,0,-24.6,0.0671641791044776,-0.0023629489603024,0.0990922043845047,0,100.9,114.9
2021,REG,00-0036876,K.Granson,Kylen Granson,TE,TE,"https://static.www.nfl.com/image/private/f_auto,q_auto/league/vqpymhfwmfrtlzfpv60p",10,IND,0,0,0,0,0,0,0,0,0,0,0,0,,0,,,0,0,0,0,0,0,,0,11,15,106,0,0,0,59,76,4,4.28321402050258,0,1.79661016949153,0.0476190476190476,0.0240619902120718,0.0882719645770217,0,10.6,21.6
2021,REG,00-0036877,J.Darden,Jaelon Darden,WR,WR,"https://static.www.nfl.com/image/private/f_auto,q_auto/league/tbuhqtdjd0h3kejsgxln",7,TB,0,0,0,0,0,0,0,0,0,0,0,0,,0,,,1,11,0,0,0,1,0.661719581112266,0,6,12,43,0,0,0,156,24,1,-9.37790116628708,0,0.275641025641026,0.04,0.0698924731182796,0.108924731182796,0,5.4,11.4
2021,REG,00-0036879,S.Ehlinger,Sam Ehlinger,QB,QB,"https://static.www.nfl.com/image/private/f_auto,q_auto/league/tthjoeohrl2r9ahvu8hx",3,IND,0,0,0,0,0,0,0,0,0,0,0,0,,0,,,3,9,0,0,0,1,0.0419185117643792,0,0,0,0,0,0,0,0,0,0,,0,,,,,0,0.9,0.9
2021,REG,00-0036887,L.Farrell,Luke Farrell,TE,TE,"https://static.www.nfl.com/image/private/f_auto,q_auto/league/z3cvxbw8a462oo8maemy",8,JAX,0,0,0,0,0,0,0,0,0,0,0,0,,0,,,0,0,0,0,0,0,,0,7,11,56,0,1,0,73,28,3,-3.624067246099,0,0.767123287671233,0.0415094339622642,0.0355577204091573,0.0871545552298064,0,5.6,12.6
2021,REG,00-0036893,N.Harris,Najee Harris,RB,RB,"https://static.www.nfl.com/image/private/f_auto,q_auto/league/hj3n6gjshilgmesahdxs",17,PIT,0,0,0,0,0,0,0,0,0,0,0,0,,0,,,307,1200,7,0,0,62,-19.3829167587877,0,74,94,467,3,0,0,-13,499,22,-4.77227781489305,0,-35.9230769230769,0.143950995405819,-0.0031461761858664,0.213724169778622,0,226.7,300.7
2021,REG,00-0036894,P.Freiermuth,Pat Freiermuth,TE,TE,"https://static.www.nfl.com/image/private/f_auto,q_auto/league/evpkfpnuj5rajjnl5hkw",16,PIT,0,0,0,0,0,0,0,0,0,0,0,0,,0,,,0,0,0,0,0,0,,0,60,79,497,7,1,1,432,247,34,24.6979338416311,1,1.15046296296296,0.129296235679214,0.102979737783075,0.266030169966974,0,91.7,151.7
2021,REG,00-0036898,D.Mills,Davis Mills,QB,QB,"https://static.www.nfl.com/image/private/f_auto,q_auto/league/qwutwzsdumeqnvmmv76i",13,HOU,263,394,2664,16,10,31,206,5,1,2869,1232,118,-45.7343100582581,1,0.928546531892646,0.0253636399898626,18,44,0,0,0,5,-8.3409314966247,1,0,0,0,0,0,0,0,0,0,,0,,,,,0,156.96,156.96
2021,REG,00-0036900,J.Chase,Ja'Marr Chase,WR,WR,"https://static.www.nfl.com/image/private/f_auto,q_auto/league/xqhrnv1bfpl2zmhpqobq",17,CIN,0,0,0,0,0,0,0,0,0,0,0,0,,0,,,7,21,0,0,0,2,-2.22707325778902,0,81,128,1455,13,2,1,1617,651,56,65.3395719897078,0,0.899814471243043,0.237037037037037,0.370446735395189,0.614868270332188,0,223.6,304.6
2021,REG,00-0036906,K.Herbert,Khalil Herbert,RB,RB,"https://static.www.nfl.com/image/private/f_auto,q_auto/league/ovmznomieqta3a4rgx9a",14,CHI,0,0,0,0,0,0,0,0,0,0,0,0,,0,,,103,433,2,0,0,24,-2.98519935191143,0,14,16,96,0,0,0,-5,101,6,-0.765520217228279,0,-19.2,0.0824742268041237,-0.003486750348675,0.121270614962113,0,64.9,78.9
2021,REG,00-0036907,D.Newsome,Dazz Newsome,WR,WR,"https://static.www.nfl.com/image/private/f_auto,q_auto/league/cwp4qiumv4yzxg0hsbvj",3,CHI,0,0,0,0,0,0,0,0,0,0,0,0,,0,,,0,0,0,0,0,0,,0,2,5,23,0,0,0,36,15,1,-9.42269557260443,0,0.638888888888889,0.0427350427350427,0.0457433290978399,0.096122894471052,0,2.3,4.3
2021,REG,00-0036910,C.Saunders,C.J. Saunders,WR,WR,"https://static.www.nfl.com/image/private/f_auto,q_auto/league/fsp88zweiyrelqneg7vk",1,CAR,0,0,0,0,0,0,0,0,0,0,0,0,,0,,,0,0,0,0,0,0,,0,2,2,11,0,0,0,11,0,1,-0.33768893359229,0,1.0,0.0476190476190476,0.03886925795053,0.0986370519939424,0,1.1,3.1
2021,REG,00-0036912,D.Smith,DeVonta Smith,WR,WR,"https://static.www.nfl.com/image/private/f_auto,q_auto/league/f8nowzare3wd2qw4jx7d",17,PHI,0,0,0,0,0,0,0,0,0,0,0,0,,0,,,0,0,0,0,0,0,,0,64,104,916,5,1,1,1476,208,43,28.6219906962591,1,0.62059620596206,0.222222222222222,0.373104145601618,0.594506235254466,0,121.6,185.6
2021,REG,00-0036913,K.Toney,Kadarius Toney,WR,WR,"https://static.www.nfl.com/image/private/f_auto,q_auto/league/sptr6q2brsttjjg4zkov",9,NYG,1,3,19,0,0,1,6,0,0,53,6,1,-0.828378256643191,0,0.358490566037736,,3,6,0,0,0,0,-3.32274110376602,0,39,57,420,0,0,0,367,228,21,14.4375979824514,0,1.14441416893733,0.177570093457944,0.163766175814369,0.380991463256974,0,43.36,82.36
2021,REG,00-0036919,K.Gainwell,Kenneth Gainwell,RB,RB,"https://static.www.nfl.com/image/private/f_auto,q_auto/league/epkyjvftedewa9leunos",16,PHI,0,0,0,0,0,0,0,0,0,0,0,0,,0,,,68,291,5,1,1,19,1.69756927236785,1,33,50,253,1,0,0,93,226,14,4.41399603899844,0,2.72043010752688,0.128865979381443,0.03183841150291,0.215585857124202,0,90.4,123.4
2021,REG,00-0036924,M.Carter,Michael Carter,RB,RB,"https://static.www.nfl.com/image/upload/f_auto,q_auto/league/pcdsa4mrdjs8lz8kjmmn",14,NYJ,0,0,0,0,0,0,0,0,0,0,0,0,,0,,,147,639,4,0,0,29,-5.43914189652423,0,36,55,325,0,1,1,33,341,17,-5.29610359222572,0,9.84848484848485,0.114107883817427,0.0104133796150205,0.178451191456655,0,118.4,154.4
2021,REG,00-0036929,I.Book,Ian Book,QB,QB,"https://static.www.nfl.com/image/private/f_auto,q_auto/league/y61uz2z5ozimtfwocxum",1,NO,12,20,135,0,2,8,54,0,0,76,81,5,-29.7298099388718,0,1.77631578947368,0.0153913916299495,3,6,0,0,0,1,1.0195731476997,0,0,0,0,0,0,0,0,0,0,,0,,,,,0,2.0,2.0
2021,REG,00-0036936,R.Moore,Rondale Moore,WR,WR,"https://static.www.nfl.com/image/private/f_auto,q_auto/league/yuwcs40qiqunbfrp9nip",14,ARI,0,0,0,0,0,0,0,0,0,0,0,0,,0,,,18,76,0,0,0,2,-0.16007382501266,0,54,64,435,1,1,0,92,438,18,1.49882943996057,0,4.72826086956522,0.140659340659341,0.0289399182132746,0.231246953738303,0,57.1,111.1
2021,REG,00-0036945,J.Fields,Justin Fields,QB,QB,"https://static.www.nfl.com/image/private/f_auto,q_auto/league/y3irxvjwpyiavrtzay80",12,CHI,159,270,1870,7,10,36,264,8,4,2645,683,83,-64.9287721148454,0,0.706994328922495,0.0140006517004754,72,420,2,4,1,22,6.72785522010876,0,0,0,0,0,0,0,0,0,0,,0,,,,,0,126.8,126.8
2021,REG,00-0036946,K.Mond,Kellen Mond,QB,QB,"https://static.www.nfl.com/image/private/f_auto,q_auto/league/gkyy94nwpf2z7eecwvbw",1,MIN,2,3,5,0,0,0,0,0,0,0,9,0,-1.75755254249088,0,0.0,,0,0,0,0,0,0,,0,0,0,0,0,0,0,0,0,0,,0,,,,,0,0.2,0.2
2021,REG,00-0036951,F.Darby,Frank Darby,WR,WR,"https://static.www.nfl.com/image/private/f_auto,q_auto/league/ctfcyiif8irphwslbqur",2,ATL,0,0,0,0,0,0,0,0,0,0,0,0,,0,,,0,0,0,0,0,0,,0,1,4,14,0,0,0,83,11,1,-3.14465343760094,0,0.168674698795181,0.0851063829787234,0.194835680751174,0.264044550993907,0,1.4,2.4
2021,REG,00-0036955,T.Marshall,Terrace Marshall,WR,WR,"https://static.www.nfl.com/image/private/f_auto,q_auto/league/wyzlucfowqdntj6nkh7m",12,CAR,0,0,0,0,0,0,0,0,0,0,0,0,,0,,,0,0,0,0,0,0,,0,17,30,138,0,0,0,211,63,7,-9.05266774764986,1,0.654028436018957,0.0740740740740741,0.0707578806170355,0.160641627543036,0,15.8,32.8
2021,REG,00-0036963,A.St. Brown,Amon-Ra St. Brown,WR,WR,"https://static.www.nfl.com/image/private/f_auto,q_auto/league/ubbam2rpn7xfbhvzvjyn",16,DET,0,0,0,0,0,0,0,0,0,0,0,0,,0,,,7,61,1,0,0,2,5.09169255231154,0,90,119,912,5,0,0,831,424,48,51.1306418043288,2,1.09747292418773,0.223264540337711,0.232058084333985,0.497337469540356,0,137.3,227.3
2021,REG,00-0036970,K.Pitts,Kyle Pitts,TE,TE,"https://static.www.nfl.com/image/private/f_auto,q_auto/league/bimlwqd3sdzuhddiqgff",17,ATL,0,0,0,0,0,0,0,0,0,0,0,0,,0,,,0,0,0,0,0,0,,0,68,110,1026,1,0,0,1193,313,43,26.3311149346791,0,0.860016764459346,0.1985559566787,0.296840009952725,0.505621941984958,0,108.6,176.6
2021,REG,00-0036971,T.Lawrence,Trevor Lawrence,QB,QB,"https://static.www.nfl.com/image/private/f_auto,q_auto/league/angjglqlgj2txh25se5j",17,JAX,359,602,3641,12,17,32,238,7,5,4738,1634,177,-60.0128595979954,2,0.768467707893626,0.0095995573453021,73,334,2,2,0,22,11.3141416168671,0,0,0,0,0,0,0,0,0,0,,0,,,,,0,199.04,199.04
2021,REG,00-0036972,M.Jones,Mac Jones,QB,QB,"https://static.www.nfl.com/image/private/f_auto,q_auto/league/fillvwo9xf7paiwbfihk",17,NE,352,521,3801,22,13,28,241,4,2,4158,1760,177,50.7701365748097,2,0.914141414141414,0.11446512534204,44,129,0,3,1,22,-0.205186354012467,0,0,0,0,0,0,0,0,0,0,,0,,,,,0,224.94,224.94
2021,REG,00-0036980,E.Moore,Elijah Moore,WR,WR,"https://static.www.nfl.com/image/private/f_auto,q_auto/league/bhwvzckfhhcqhb7zdqyj",11,NYJ,0,0,0,0,0,0,0,0,0,0,0,0,,0,,,5,54,1,0,0,3,5.48785973581835,0,43,77,538,5,0,0,899,207,24,-0.343774786883133,0,0.598442714126808,0.185542168674699,0.292167695807605,0.482830640077372,0,95.2,138.2
2021,REG,00-0036982,C.Golston,Chauncey Golston,DT,DL,"https://static.www.nfl.com/image/private/f_auto,q_auto/league/pujipnonv93bzijwmqmy",1,DAL,0,0,0,0,0,0,0,0,0,0,0,0,,0,,,0,0,0,0,0,0,,0,0,0,0,0,0,0,0,0,0,,0,,,,,1,6.0,6.0
2021,REG,00-0036984,T.Sermon,Trey Sermon,RB,RB,"https://static.www.nfl.com/image/private/f_auto,q_auto/league/v2igdor3vf1ijb0qyyp1",5,SF,0,0,0,0,0,0,0,0,0,0,0,0,,0,,,41,167,1,0,0,9,-1.67643299812335,0,3,4,26,0,0,0,10,18,1,1.58819469204173,0,2.6,0.0689655172413793,0.0254452926208651,0.121259980696675,0,25.3,28.3
2021,REG,00-0036986,N.Wright,Nahshon Wright,CB,DB,"https://static.www.nfl.com/image/private/f_auto,q_auto/league/cz32x71fpbawy8s9kv2d",1,DAL,0,0,0,0,0,0,0,0,0,0,0,0,,0,,,0,0,0,0,0,0,,0,0,0,0,0,0,0,0,0,0,,0,,,,,1,6.0,6.0
2021,REG,00-0036988,J.Palmer,Josh Palmer,WR,WR,"https://static.www.nfl.com/image/private/f_auto,q_auto/league/bbvzvwnb52cghz4fqyut",15,LAC,0,0,0,0,0,0,0,0,0,0,0,0,,0,,,1,6,0,0,0,0,0.21983389207162,0,33,49,353,4,0,0,489,100,18,12.5169016551809,0,0.721881390593047,0.083617747440273,0.109592111160914,0.20214109897305,0,59.9,92.9
2021,REG,00-0036991,A.Rodgers,Amari Rodgers,WR,WR,"https://static.www.nfl.com/image/private/f_auto,q_auto/league/g85ohsk2pgbf7xz2f1a8",4,GB,0,0,0,0,0,0,0,0,0,0,0,0,,0,,,1,11,0,0,0,1,0.956685218960047,0,4,8,45,0,0,0,40,24,2,-3.60281470136711,0,1.125,0.0645161290322581,0.048661800486618,0.13083745388902,0,5.6,9.6
2021,REG,00-0036997,J.Williams,Javonte Williams,RB,RB,"https://static.www.nfl.com/image/private/f_auto,q_auto/league/zurpblacsps47csmsyep",17,DEN,0,0,0,0,0,0,0,0,0,0,0,0,,0,,,203,903,4,2,1,52,-17.2622951627256,0,43,53,316,3,0,0,-12,343,12,7.52227862008477,0,-26.3333333333333,0.107505070993915,-0.0031031807602792,0.159085379958677,0,161.9,204.9
2021,REG,00-0036999,A.Schwartz,Anthony Schwartz,WR,WR,"https://static.www.nfl.com/image/private/f_auto,q_auto/league/pmjne2xsf5kh7ze6uk5e",12,CLE,0,0,0,0,0,0,0,0,0,0,0,0,,0,,,6,39,0,0,0,4,1.14813425811008,0,10,23,135,1,0,0,396,10,6,-7.83959086597315,0,0.340909090909091,0.0664739884393064,0.136929460580913,0.195561605065599,0,23.4,33.4
2021,REG,00-0037004,H.Long,Hunter Long,TE,TE,"https://static.www.nfl.com/image/private/f_auto,q_auto/league/vuw8hkbyjc4kahbpgyge",3,MIA,0,0,0,0,0,0,0,0,0,0,0,0,,0,,,0,0,0,0,0,0,,0,1,3,8,0,0,0,10,4,0,-7.00587911845651,0,0.8,0.0263157894736842,0.0107991360691145,0.0470330794589065,0,0.8,1.8
2021,REG,00-0037005,T.Tremble,Tommy Tremble,TE,TE,"https://static.www.nfl.com/image/private/f_auto,q_auto/league/s1t4b3y1pq7n3oxlgqjh",14,CAR,0,0,0,0,0,0,0,0,0,0,0,0,,0,,,3,11,1,0,0,1,0.662044653145131,0,20,35,180,1,0,0,287,70,10,5.30470828415128,1,0.627177700348432,0.0726141078838174,0.0805953383880932,0.165337898697391,0,33.1,53.1
2021,REG,00-0037011,T.McKitty,Tre' McKitty,TE,TE,"https://static.www.nfl.com/image/private/f_auto,q_auto/league/fxv7hzz4dar3dghap5zw",6,LAC,0,0,0,0,0,0,0,0,0,0,0,0,,0,,,0,0,0,0,0,0,,0,6,8,45,0,0,0,18,34,3,1.40671956504229,0,2.5,0.032,0.0095036958817317,0.0546525871172123,0,4.5,10.5
2021,REG,00-0037012,T.Lance,Trey Lance,QB,QB,"https://static.www.nfl.com/image/private/f_auto,q_auto/league/q4iahwof4dq9xf3vqdcb",6,SF,41,71,603,5,2,4,15,0,0,658,288,27,10.6849274455011,0,0.916413373860182,0.0392072244011246,38,168,1,0,0,8,-2.80903184085921,1,0,0,0,0,0,0,0,0,0,,0,,,,,0,64.92,64.92
2021,REG,00-0037013,Z.Wilson,Zach Wilson,QB,QB,"https://static.www.nfl.com/image/private/f_auto,q_auto/league/xkio4hljxo2u59rk2bud",13,NYJ,213,383,2334,9,11,44,370,5,1,2885,1099,112,-94.732186357066,1,0.809012131715771,-0.0291272050769239,29,185,4,0,0,10,6.55997220291622,1,0,1,0,0,0,0,8,0,0,-0.740858779405244,0,0.0,0.0454545454545455,0.0720720720720721,0.118632268632269,0,151.86,151.86
2021,POST,00-0019596,T.Brady,Tom Brady,QB,QB,"https://static.www.nfl.com/image/private/f_auto,q_auto/league/q7dpdlxyu5rs05rgh1le",2,TB,59,91,600,3,1,7,49,1,1,596,317,28,-5.7291170648437,0,1.00671140939597,0.0244385049504445,1,0,0,0,0,0,0.0,0,0,0,0,0,0,0,0,0,0,,0,,,,,0,32.0,32.0
2021,POST,00-0022924,B.Roethlisberger,Ben Roethlisberger,QB,QB,"https://static.www.nfl.com/image/private/f_auto,q_auto/league/vziogpnyp9d0xtpiuqhr",1,PIT,29,44,215,2,0,2,14,0,0,320,108,15,-3.63083163712872,0,0.671875,0.0303271972452485,2,-1,0,1,0,0,0.441548841074109,0,0,0,0,0,0,0,0,0,0,,0,,,,,0,16.5,16.5
2021,POST,00-0023459,A.Rodgers,Aaron Rodgers,QB,QB,"https://static.www.nfl.com/image/private/f_auto,q_auto/league/gnta8ufi2vdp967dui9e",1,GB,20,29,225,0,0,5,29,1,0,220,128,8,-1.0882389728458,0,1.02272727272727,0.0493082893689216,0,0,0,0,0,0,,0,0,0,0,0,0,0,0,0,0,,0,,,,,0,9.0,9.0
2021,POST,00-0024243,M.Lewis,Marcedes Lewis,TE,TE,"https://static.www.nfl.com/image/private/f_auto,q_auto/league/ppq07tipygpftz5csipx",1,GB,0,0,0,0,0,0,0,0,0,0,0,0,,0,,,0,0,0,0,0,0,,0,1,1,0,0,1,1,-1,1,0,-5.3412412784528,0,0.0,0.037037037037037,-0.0047169811320754,0.0522536687631027,0,-2.0,-1.0
2021,POST,00-0026189,D.Jackson,DeSean Jackson,WR,WR,"https://static.www.nfl.com/image/private/f_auto,q_auto/league/pr5m864fqvnoozihylrh",1,LV,0,0,0,0,0,0,0,0,0,0,0,0,,0,,,0,0,0,0,0,0,,0,1,2,26,0,0,0,26,4,1,2.81375288821688,0,1.0,0.0408163265306122,0.0663265306122449,0.10765306122449,0,2.6,3.6
2021,POST,00-0026498,M.Stafford,Matthew Stafford,QB,QB,"https://static.www.nfl.com/image/private/f_auto,q_auto/league/icjfdfsncqlsqe49iujv",4,LA,98,140,1188,9,3,7,42,0,0,1202,543,58,49.1459339551274,0,0.988352745424293,0.203854757624062,18,42,2,0,0,5,-10.6071177870042,0,0,1,0,0,0,0,5,0,0,-1.51570494625299,0,0.0,0.025,0.0149253731343284,0.0479477611940299,0,93.72,93.72
2021,POST,00-0027656,R.Gronkowski,Rob Gronkowski,TE,TE,"https://static.www.nfl.com/image/private/f_auto,q_auto/league/svpo7chliiymc0r7hegp",2,TB,0,0,0,0,0,0,0,0,0,0,0,0,,0,,,0,0,0,0,0,0,,0,9,17,116,1,0,0,189,69,5,-0.970455637837064,0,0.613756613756614,0.191011235955056,0.319796954314721,0.510374721952889,0,17.6,26.6
2021,POST,00-0027685,E.Sanders,Emmanuel Sanders,WR,WR,"https://static.www.nfl.com/image/private/f_auto,q_auto/league/potkibjtm855tsawozs0",2,BUF,0,0,0,0,0,0,0,0,0,0,0,0,,0,,,0,0,0,0,0,0,,0,3,4,52,1,0,0,61,0,2,3.73201138572767,0,0.852459016393443,0.0645161290322581,0.115530303030303,0.177645405669599,0,11.2,14.2
2021,POST,00-0027942,A.Green,A.J. Green,WR,WR,"https://static.www.nfl.com/image/private/f_auto,q_auto/league/guj5a9vnnzqfiljupzuj",1,ARI,0,0,0,0,0,0,0,0,0,0,0,0,,0,,,0,0,0,0,0,0,,0,0,3,0,0,0,0,64,0,0,-2.75801211758517,0,0.0,0.0882352941176471,0.229390681003584,0.29292641787898,0,0.0,0.0
2021,POST,00-0027944,J.Jones,Julio Jones,WR,WR,"https://static.www.nfl.com/image/upload/f_auto,q_auto/league/omrddf2phtyztzx2nup1",1,TEN,0,0,0,0,0,0,0,0,0,0,0,0,,0,,,0,0,0,0,0,0,,0,6,7,62,0,0,0,55,24,4,-0.387262922129594,0,1.12727272727273,0.291666666666667,0.210727969348659,0.585009578544061,0,6.2,12.2
2021,POST,00-0028002,R.Cobb,Randall Cobb,WR,WR,"https://static.www.nfl.com/image/private/f_auto,q_auto/league/kuwo5hnkbtesfw6n9w1s",1,GB,0,0,0,0,0,0,0,0,0,0,0,0,,0,,,0,0,0,0,0,0,,0,0,1,0,0,0,0,4,0,0,-0.568941829958931,0,0.0,0.037037037037037,0.0188679245283019,0.0687631027253669,0,0.0,0.0
2021,POST,00-0029000,C.Beasley,Cole Beasley,WR,WR,"https://static.www.nfl.com/image/private/f_auto,q_auto/league/y5r0fhwctl6ljwvmktvu",2,BUF,0,0,0,0,0,0,0,0,0,0,0,0,,0,,,0,0,0,0,0,0,,0,7,9,79,0,0,0,50,38,3,3.35133326757932,0,1.58,0.145161290322581,0.0946969696969697,0.28402981427175,0,7.9,14.9
2021,POST,00-0029239,B.Bolden,Brandon Bolden,RB,RB,"https://static.www.nfl.com/image/private/f_auto,q_auto/league/kqqwz35z9brhkzbs4bcn",1,NE,0,0,0,0,0,0,0,0,0,0,0,0,,0,,,0,0,0,0,0,0,,0,4,6,27,0,0,0,33,15,1,-0.504158324853052,0,0.818181818181818,0.171428571428571,0.138075313807531,0.353795576808129,0,2.7,6.7
2021,POST,00-0029269,T.Benjamin,Travis Benjamin,WR,WR,"https://static.www.nfl.com/image/private/f_auto,q_auto/league/io9silocxbywvisvcvpx",2,SF,0,0,0,0,0,0,0,0,0,0,0,0,,0,,,0,0,0,0,0,0,,0,1,2,17,0,0,0,9,5,1,0.820240874774754,0,1.88888888888889,0.037037037037037,0.028391167192429,0.0754293725902559,0,1.7,2.7
2021,POST,00-0029692,B.Anger,Bryan Anger,P,SPEC,"https://static.www.nfl.com/image/private/f_auto,q_auto/league/zv7j4fzg4qrz4hktx756",1,DAL,1,1,16,0,0,0,0,0,0,8,8,1,3.85617053206079,0,2.0,,0,0,0,0,0,0,,0,0,0,0,0,0,0,0,0,0,,0,,,,,0,0.64,0.64
2021,POST,00-0029701,R.Tannehill,Ryan Tannehill,QB,QB,"https://static.www.nfl.com/image/private/f_auto,q_auto/league/yvwju12dl6haf3r8uzrm",1,TEN,15,24,220,1,3,1,7,0,0,261,47,9,-4.45131806381575,0,0.842911877394636,0.02417016457291,3,12,0,0,0,0,-2.70279846026097,0,0,0,0,0,0,0,0,0,0,,0,,,,,0,8.0,8.0
2021,POST,00-0029892,K.Juszczyk,Kyle Juszczyk,FB,RB,"https://static.www.nfl.com/image/private/f_auto,q_auto/league/eqb3lq4bip6oa5kiz1ze",3,SF,0,0,0,0,0,0,0,0,0,0,0,0,,0,,,3,14,0,0,0,1,-0.623339511587186,0,2,3,15,0,0,0,24,6,0,-0.478185705345083,0,0.625,0.12,0.155844155844156,0.289090909090909,0,2.9,4.9
2021,POST,00-0030061,Z.Ertz,Zach Ertz,TE,TE,"https://static.www.nfl.com/image/private/f_auto,q_auto/league/t7my0kesdhb2iefvempm",1,ARI,0,0,0,0,0,0,0,0,0,0,0,0,,0,,,0,0,0,0,0,0,,0,3,4,21,0,0,0,18,12,2,0.608612110605463,0,1.16666666666667,0.117647058823529,0.0645161290322581,0.221631878557875,0,2.1,5.1
2021,POST,00-0030456,G.Bernard,Giovani Bernard,RB,RB,"https://static.www.nfl.com/image/private/f_auto,q_auto/league/guht9y14gftgsugb87xz",2,TB,0,0,0,0,0,0,0,0,0,0,0,0,,0,,,13,44,1,0,0,2,-3.38422570598777,0,5,8,39,0,0,0,9,33,3,-0.869485015429335,0,4.33333333333333,0.0898876404494382,0.0152284263959391,0.145491359151315,0,14.3,19.3
2021,POST,00-0030506,T.Kelce,Travis Kelce,TE,TE,"https://static.www.nfl.com/image/private/f_auto,q_auto/league/ryzr3vbragwe50vtj9af",3,KC,1,1,2,1,0,0,0,0,0,2,0,1,0.70204556841054,0,1.0,,0,0,0,0,0,0,,0,23,27,299,3,0,0,202,136,17,21.6632498642688,0,1.48019801980198,0.230769230769231,0.305135951661631,0.559749012316988,0,51.98,74.98
2021,POST,00-0031235,O.Beckham,Odell Beckham,WR,WR,"https://static.www.nfl.com/image/private/f_auto,q_auto/league/etl34lkiscs2lpc4to2f",4,LA,1,1,40,0,0,0,0,0,0,26,14,1,2.27834693016484,0,1.53846153846154,,0,0,0,0,0,0,,0,21,26,288,2,0,0,266,81,15,25.3418213308525,0,1.08270676691729,0.191176470588235,0.21749795584628,0.439013274974749,0,42.4,63.4
2021,POST,00-0031273,C.Brate,Cameron Brate,TE,TE,"https://static.www.nfl.com/image/private/f_auto,q_auto/league/jhioqec65qy4z7s6w9a6",2,TB,0,0,0,0,0,0,0,0,0,0,0,0,,0,,,0,0,0,0,0,0,,0,4,6,38,0,0,0,34,26,2,-2.05532285982213,0,1.11764705882353,0.0674157303370787,0.0575296108291032,0.14139432308599,0,3.8,7.8
2021,POST,00-0031280,D.Carr,Derek Carr,QB,QB,"https://static.www.nfl.com/image/private/f_auto,q_auto/league/cffbp9sqfioxa2jk2oqf",1,LV,29,54,310,1,1,3,28,1,1,411,123,15,-0.0456236827510577,0,0.754257907542579,0.0493367354539967,1,20,0,0,0,1,2.26573035767069,0,0,0,0,0,0,0,0,0,0,,0,,,,,0,14.4,14.4
2021,POST,00-0031345,J.Garoppolo,Jimmy Garoppolo,QB,QB,"https://static.www.nfl.com/image/private/f_auto,q_auto/league/dielobmypljj7e27eiob",3,SF,43,74,535,2,3,4,25,0,0,426,318,30,-1.25119681187897,0,1.25586854460094,-0.0119847097582423,2,5,0,0,0,0,-0.951006878270572,0,0,0,0,0,0,0,0,0,0,,0,,,,,0,23.9,23.9
2021,POST,00-0031357,C.Goodwin,C.J. Goodwin,CB,DB,"https://static.www.nfl.com/image/private/f_auto,q_auto/league/chg4ih96ilt8jpo3rayr",1,DAL,0,0,0,0,0,0,0,0,0,0,0,0,,0,,,0,0,0,0,0,0,,0,1,1,16,0,0,0,8,8,1,3.85617053206079,0,2.0,0.0238095238095238,0.0216216216216216,0.0508494208494208,0,1.6,2.6
2021,POST,00-0031376,J.McKinnon,Jerick McKinnon,RB,RB,"https://static.www.nfl.com/image/private/f_auto,q_auto/league/yezxe2j778cndbhkxwez",3,KC,0,0,0,0,0,0,0,0,0,0,0,0,,0,,,34,150,0,1,0,6,-2.90863143421181,0,14,17,165,1,0,0,-25,196,11,17.2644157579052,0,-6.6,0.145299145299145,-0.129533678756477,0.127275142819184,0,37.5,51.5
2021,POST,00-0031381,D.Adams,Davante Adams,WR,WR,"https://static.www.nfl.com/image/private/f_auto,q_auto/league/grvqvmdzu2lsbgvqoxku",1,GB,0,0,0,0,0,0,0,0,0,0,0,0,,0,,,0,0,0,0,0,0,,0,9,11,90,0,0,0,130,21,5,5.40283924143296,0,0.692307692307692,0.407407407407407,0.613207547169811,1.04035639412998,0,9.0,18.0
2021,POST,00-0031408,M.Evans,Mike Evans,WR,WR,"https://static.www.nfl.com/image/private/f_auto,q_auto/league/w6eq27k2xs8vawwgkzbl",2,TB,0,0,0,0,0,0,0,0,0,0,0,0,,0,,,0,0,0,0,0,0,,0,17,26,236,2,0,0,250,79,10,12.8318682452664,0,0.944,0.292134831460674,0.423011844331641,0.73431053822316,0,35.6,52.6
2021,POST,00-0031544,A.Cooper,Amari Cooper,WR,WR,"https://static.www.nfl.com/image/private/f_auto,q_auto/league/zibbxjtein7gpu5zgcj4",1,DAL,0,0,0,0,0,0,0,0,0,0,0,0,,0,,,0,0,0,0,0,0,,0,6,10,64,1,0,0,89,3,3,3.08094013779191,0,0.719101123595506,0.238095238095238,0.240540540540541,0.525521235521236,0,12.4,18.4
2021,POST,00-0031549,N.Agholor,Nelson Agholor,WR,WR,"https://static.www.nfl.com/image/private/f_auto,q_auto/league/lfc8g0z3wmxowwggvzqh",1,NE,0,0,0,0,0,0,0,0,0,0,0,0,,0,,,0,0,0,0,0,0,,0,1,2,18,0,0,0,34,18,1,-2.77146667419584,0,0.529411764705882,0.0571428571428571,0.142259414225941,0.185295875672445,0,1.8,2.8
2021,POST,00-0031588,S.Diggs,Stefon Diggs,WR,WR,"https://static.www.nfl.com/image/private/f_auto,q_auto/league/zf6nbnzcfzu4y7yq2nzk",2,BUF,0,0,0,0,0,0,0,0,0,0,0,0,,0,,,0,0,0,0,0,0,,0,6,10,67,0,0,0,104,16,2,1.9491586262011,1,0.644230769230769,0.161290322580645,0.196969696969697,0.379814271749756,0,8.7,14.7
2021,POST,00-0031595,M.Burton,Michael Burton,FB,RB,"https://static.www.nfl.com/image/private/f_auto,q_auto/league/y8chssh9pcuzv5uc7nai",2,KC,0,0,0,0,0,0,0,0,0,0,0,0,,0,,,2,4,0,0,0,2,1.22101143482723,0,0,0,0,0,0,0,0,0,0,,0,,,,,0,0.4,0.4
2021,POST,00-0031610,D.Waller,Darren Waller,TE,TE,"https://static.www.nfl.com/image/private/f_auto,q_auto/league/qqzht46a66zbi9xyylf4",1,LV,0,0,0,0,0,0,0,0,0,0,0,0,,0,,,0,0,0,0,0,0,,0,7,12,76,0,0,0,114,16,5,5.3395221349468,0,0.666666666666667,0.244897959183673,0.290816326530612,0.570918367346939,0,7.6,14.6
2021,POST,00-0032054,B.Perriman,Breshad Perriman,WR,WR,"https://static.www.nfl.com/image/private/f_auto,q_auto/league/zpwov1n42bi5lsqdlxhh",1,TB,0,0,0,0,0,0,0,0,0,0,0,0,,0,,,0,0,0,0,0,0,,0,1,3,5,0,0,0,16,0,0,-2.23429379449226,0,0.3125,0.0833333333333333,0.0930232558139535,0.190116279069767,0,0.5,1.5
2021,POST,00-0032062,B.Bell,Blake Bell,TE,TE,"https://static.www.nfl.com/image/private/f_auto,q_auto/league/eqrmmjto8koqqc9j2kjj",1,KC,0,0,0,0,0,0,0,0,0,0,0,0,,0,,,0,0,0,0,0,0,,0,1,1,3,0,0,0,-1,4,0,-0.381628466362599,0,0.0,0.0263157894736842,-0.005181347150259,0.035846741205345,0,0.3,1.3
2021,POST,00-0032134,C.Uzomah,C.J. Uzomah,TE,TE,"https://static.www.nfl.com/image/private/f_auto,q_auto/league/hnkflpl5pzbfbdvtcv1c",4,CIN,0,0,0,0,0,0,0,0,0,0,0,0,,0,,,0,0,0,0,0,0,,0,15,18,146,1,0,0,85,80,7,6.8156709940522,0,1.71764705882353,0.132352941176471,0.0989522700814901,0.267796000821749,0,20.6,35.6
2021,POST,00-0032355,C.Rogers,Chester Rogers,WR,WR,"https://static.www.nfl.com/image/private/f_auto,q_auto/league/lkszsifhpwtjpvjvlxw5",1,TEN,0,0,0,0,0,0,0,0,0,0,0,0,,0,,,0,0,0,0,0,0,,0,1,2,3,0,0,0,-12,4,0,-6.53482797328616,0,0.0,0.0833333333333333,-0.0459770114942529,0.092816091954023,0,0.3,1.3
2021,POST,00-0032764,D.Henry,Derrick Henry,RB,RB,"https://static.www.nfl.com/image/private/f_auto,q_auto/league/xpewyoieoj7zeub4fvff",1,TEN,0,0,0,0,0,0,0,0,0,0,0,0,,0,,,20,62,1,0,0,5,-3.53660257573938,0,0,0,0,0,0,0,0,0,0,,0,,,,,0,12.2,12.2
2021,POST,00-0032775,D.Robinson,Demarcus Robinson,WR,WR,"https://static.www.nfl.com/image/private/f_auto,q_auto/league/ceqqkylismka583qo9kk",3,KC,0,0,0,0,0,0,0,0,0,0,0,0,,0,,,0,0,0,0,0,0,,0,4,9,76,0,0,0,68,28,3,-6.50868475827156,0,1.11764705882353,0.0769230769230769,0.102719033232628,0.187287938647455,0,7.6,11.6
2021,POST,00-0032780,J.Howard,Jordan Howard,RB,RB,"https://static.www.nfl.com/image/private/f_auto,q_auto/league/nbvb6bsrmjupmqrrf1n4",1,PHI,0,0,0,0,0,0,0,0,0,0,0,0,,0,,,0,0,0,0,0,0,,0,1,1,7,0,0,0,-4,11,0,-0.303902759915218,0,-1.75,0.0232558139534884,-0.0086021505376344,0.0288622155538885,0,0.7,1.7
2021,POST,00-0032897,D.Watt,Derek Watt,FB,RB,"https://static.www.nfl.com/image/private/f_auto,q_auto/league/jrhk6npb7u3tmgzt7rwn",1,PIT,0,0,0,0,0,0,0,0,0,0,0,0,,0,,,0,0,0,0,0,0,,0,0,1,0,0,0,0,0,0,0,-0.583848227281123,0,,0.0227272727272727,,,0,0.0,0.0
2021,POST,00-0033009,T.Boyd,Tyler Boyd,WR,WR,"https://static.www.nfl.com/image/private/f_auto,q_auto/league/vconwllovf9jqxpu9mow",4,CIN,0,0,0,0,0,0,0,0,0,0,0,0,,0,,,1,3,0,0,0,0,-0.978128102142364,0,15,20,110,1,0,0,89,43,7,4.27906075230567,0,1.23595505617978,0.147058823529412,0.10360884749709,0.29311442854208,0,17.3,32.3
2021,POST,00-0033025,J.Richard,Jalen Richard,RB,RB,"https://static.www.nfl.com/image/private/f_auto,q_auto/league/evmn0ccnvk73tukpmk5f",1,LV,0,0,0,0,0,0,0,0,0,0,0,0,,0,,,0,0,0,0,0,0,,0,1,2,4,0,0,0,-4,8,0,-0.61357288149884,0,-1.0,0.0408163265306122,-0.0102040816326531,0.0540816326530612,0,0.4,1.4
2021,POST,00-0033040,T.Hill,Tyreek Hill,WR,WR,"https://static.www.nfl.com/image/private/f_auto,q_auto/league/lsszbdnkusxc7mduw5be",3,KC,0,0,0,0,0,0,0,0,0,0,0,0,,0,,,1,-2,0,0,0,0,-0.802925954281818,0,23,28,285,3,0,0,237,135,12,9.72577911296435,0,1.20253164556962,0.239316239316239,0.358006042296073,0.60957858858161,0,46.3,69.3
2021,POST,00-0033045,E.Elliott,Ezekiel Elliott,RB,RB,"https://static.www.nfl.com/image/upload/f_auto,q_auto/league/qf0zgze0wkbvu9rlvolf",1,DAL,0,0,0,0,0,0,0,0,0,0,0,0,,0,,,12,31,0,0,0,4,-2.34303579933476,0,1,4,0,0,0,0,-8,15,0,-3.53424695378635,0,0.0,0.0952380952380952,-0.0216216216216216,0.127722007722008,0,3.1,4.1
2021,POST,00-0033077,D.Prescott,Dak Prescott,QB,QB,"https://static.www.nfl.com/image/private/f_auto,q_auto/league/knx0jxponzfkusnyvjkn",1,DAL,23,43,254,1,1,5,40,1,0,372,98,11,-14.0553589150839,0,0.682795698924731,-0.0244276389445802,4,27,1,0,0,2,1.56461196119199,0,0,0,0,0,0,0,0,0,0,,0,,,,,0,20.86,20.86
2021,POST,00-0033090,H.Henry,Hunter Henry,TE,TE,"https://static.www.nfl.com/image/private/f_auto,q_auto/league/sdjob9akppefyo7py5tj",1,NE,0,0,0,0,0,0,0,0,0,0,0,0,,0,,,0,0,0,0,0,0,,0,1,4,30,0,0,0,57,7,1,-3.66311220207717,0,0.526315789473684,0.114285714285714,0.238493723849372,0.338374178123132,0,3.0,4.0
2021,POST,00-0033110,T.Higbee,Tyler Higbee,TE,TE,"https://static.www.nfl.com/image/private/f_auto,q_auto/league/vk9c6lr4d1pdt9sr86ua",3,LA,0,0,0,0,0,0,0,0,0,0,0,0,,0,,,0,0,0,0,0,0,,0,9,14,115,0,0,0,103,45,7,5.17651069757994,0,1.11650485436893,0.145833333333333,0.115990990990991,0.299943693693694,0,11.5,20.5
2021,POST,00-0033114,M.Thomas,Mike Thomas,WR,WR,"https://static.www.nfl.com/image/private/f_auto,q_auto/league/sytj4awk8kseyootqzec",1,CIN,0,0,0,0,0,0,0,0,0,0,0,0,,0,,,0,0,0,0,0,0,,0,1,1,17,0,0,0,9,8,0,0.595047205686569,0,1.88888888888889,0.0303030303030303,0.042654028436019,0.0753123653597587,0,1.7,2.7
2021,POST,00-0033258,D.Daniels,Darrell Daniels,TE,TE,"https://static.www.nfl.com/image/private/f_auto,q_auto/league/uite1keyl09qsvofsqzf",1,ARI,0,0,0,0,0,0,0,0,0,0,0,0,,0,,,0,0,0,0,0,0,,0,2,3,2,0,0,0,-8,12,0,-1.75444058713038,0,0.0,0.0882352941176471,-0.028673835125448,0.112281256588657,0,0.2,2.2
2021,POST,00-0033288,G.Kittle,George Kittle,TE,TE,"https://static.www.nfl.com/image/private/f_auto,q_auto/league/bwx6bvkrxog0yf4h6fw1",3,SF,0,0,0,0,0,0,0,0,0,0,0,0,,0,,,0,0,0,0,0,0,,0,7,14,108,1,0,0,141,39,7,0.526411838669518,0,0.765957446808511,0.194444444444444,0.326388888888889,0.520138888888889,0,16.8,23.8
2021,POST,00-0033292,T.Taylor,Trent Taylor,WR,WR,"https://static.www.nfl.com/image/upload/f_auto,q_auto/league/wmb3t9vro76zykcac2tb",1,CIN,0,0,0,0,0,0,0,0,0,0,0,0,,0,,,0,0,0,0,0,0,,0,0,0,0,0,0,0,0,0,0,,1,,,,,0,2.0,2.0
2021,POST,00-0033293,A.Jones,Aaron Jones,RB,RB,"https://static.www.nfl.com/image/private/f_auto,q_auto/league/oo8yixhsahh4gznox7th",1,GB,0,0,0,0,0,0,0,0,0,0,0,0,,0,,,12,41,0,0,0,3,-0.317858320369851,0,9,10,129,0,0,0,21,106,2,3.63931967929238,0,6.14285714285714,0.37037037037037,0.0990566037735849,0.624895178197065,0,17.0,26.0
2021,POST,00-0033307,K.Bourne,Kendrick Bourne,WR,WR,"https://static.www.nfl.com/image/private/f_auto,q_auto/league/vrovcaqql9p6xsycko83",1,NE,0,0,0,0,0,0,0,0,0,0,0,0,,0,,,1,14,0,0,0,1,0.871272377262358,0,7,8,77,2,0,0,62,22,5,11.8256564467447,0,1.24193548387097,0.228571428571429,0.259414225941423,0.524447101016139,0,21.1,28.1
2021,POST,00-0033455,A.Firkser,Anthony Firkser,TE,TE,"https://static.www.nfl.com/image/private/f_auto,q_auto/league/rta4x11kt1dt4hifufjq",1,TEN,0,0,0,0,0,0,0,0,0,0,0,0,,0,,,0,0,0,0,0,0,,0,0,1,0,0,0,0,3,0,0,-0.310699541238137,0,0.0,0.0416666666666667,0.0114942528735632,0.0705459770114943,0,0.0,0.0
2021,POST,00-0033466,I.McKenzie,Isaiah McKenzie,WR,WR,"https://static.www.nfl.com/image/upload/f_auto,q_auto/league/gy6grhpxsegfgklfadte",2,BUF,0,0,0,0,0,0,0,0,0,0,0,0,,0,,,6,44,0,0,0,2,2.18039244238753,0,4,4,48,0,0,0,11,37,2,2.82057364867069,0,4.36363636363636,0.0645161290322581,0.0208333333333333,0.11135752688172,0,9.2,13.2
2021,POST,00-0033526,S.Perine,Samaje Perine,RB,RB,"https://static.www.nfl.com/image/private/f_auto,q_auto/league/kpdo0ztyzhjobhk4p29a",4,CIN,0,0,0,0,0,0,0,0,0,0,0,0,,0,,,3,2,0,0,0,0,-3.4425071409205,0,4,7,47,1,0,0,-6,59,1,-5.50703211371135,0,-7.83333333333333,0.0673076923076923,-0.0103270223752151,0.0937326227988879,0,10.9,14.9
2021,POST,00-0033553,J.Conner,James Conner,RB,RB,"https://static.www.nfl.com/image/private/f_auto,q_auto/league/rmqdvrhlmhhyyrhp3vyu",1,ARI,0,0,0,0,0,0,0,0,0,0,0,0,,0,,,4,19,1,0,0,3,2.54930573038291,0,1,2,5,0,0,0,2,6,0,-4.05530799221015,0,2.5,0.0588235294117647,0.007168458781362,0.0932532152646005,0,8.4,9.4
2021,POST,00-0033658,B.Jarwin,Blake Jarwin,TE,TE,"https://static.www.nfl.com/image/private/f_auto,q_auto/league/fsn8rvgup22r5e53mu7i",1,DAL,0,0,0,0,0,0,0,0,0,0,0,0,,0,,,0,0,0,0,0,0,,0,0,1,0,0,0,0,14,0,0,-0.310397770837881,0,0.0,0.0238095238095238,0.0378378378378378,0.0622007722007722,0,0.0,0.0
2021,POST,00-0033856,L.Fournette,Leonard Fournette,RB,RB,"https://static.www.nfl.com/image/private/f_auto,q_auto/league/atxppoc7zqcjnbnk0awz",1,TB,0,0,0,0,0,0,0,0,0,0,0,0,,0,,,13,51,2,0,0,5,3.38635216761031,0,9,9,56,0,0,0,-8,64,2,1.0591854256927,0,-7.0,0.169811320754717,-0.0190930787589499,0.241351826000811,0,22.7,31.7
2021,POST,00-0033857,J.Smith-Schuster,JuJu Smith-Schuster,WR,WR,"https://static.www.nfl.com/image/private/f_auto,q_auto/league/ypoituliieghtndjrzaz",1,PIT,0,0,0,0,0,0,0,0,0,0,0,0,,0,,,0,0,0,0,0,0,,0,5,8,26,0,0,0,33,15,3,-0.299241328844801,0,0.787878787878788,0.181818181818182,0.103125,0.344914772727273,0,2.6,7.6
2021,POST,00-0033869,M.Trubisky,Mitchell Trubisky,QB,QB,"https://static.www.nfl.com/image/private/f_auto,q_auto/league/egmpgvzck6v2unbh0plp",1,BUF,0,0,0,0,0,0,0,0,0,0,0,0,,0,,,3,-2,0,0,0,0,0.0,0,0,0,0,0,0,0,0,0,0,,0,,,,,0,-0.2,-0.2
2021,POST,00-0033873,P.Mahomes,Patrick Mahomes,QB,QB,"https://static.www.nfl.com/image/private/f_auto,q_auto/league/oagzjdsdoezmp6frggrn",3,KC,89,122,1057,11,3,9,81,1,0,694,625,56,34.0017154462965,0,1.52305475504323,0.199826669561405,13,117,1,0,0,5,8.58959529991791,0,0,0,0,0,0,0,0,0,0,,0,,,,,0,97.98,97.98
2021,POST,00-0033879,O.Howard,O.J. Howard,TE,TE,"https://static.www.nfl.com/image/private/f_auto,q_auto/league/wlvviyfhdn5fz5p04r95",2,TB,0,0,0,0,0,0,0,0,0,0,0,0,,0,,,0,0,0,0,0,0,,0,2,2,10,0,0,0,7,3,1,0.488366689241957,0,1.42857142857143,0.0224719101123596,0.011844331641286,0.0419988973174395,0,1.0,3.0
2021,POST,00-0033891,Z.Jones,Zay Jones,WR,WR,"https://static.www.nfl.com/image/private/f_auto,q_auto/league/pbmcmjxxjcrandbjmey7",1,LV,0,0,0,0,0,0,0,0,0,0,0,0,,0,,,0,0,0,0,0,0,,0,5,8,61,1,0,0,89,2,4,4.36877602248569,0,0.685393258426966,0.163265306122449,0.227040816326531,0.403826530612245,0,12.1,17.1
2021,POST,00-0033897,J.Mixon,Joe Mixon,RB,RB,"https://static.www.nfl.com/image/private/f_auto,q_auto/league/pbijtl1blfdkvmwl4rsp",4,CIN,1,1,6,1,0,0,0,0,0,6,0,1,1.85045470151817,0,1.0,,67,262,1,0,0,12,-8.89420325927731,0,18,21,107,0,0,0,-16,128,4,-1.32836081270943,0,-6.6875,0.154411764705882,-0.0186263096623981,0.218579230295145,0,47.14,65.14
2021,POST,00-0033908,C.Kupp,Cooper Kupp,WR,WR,"https://static.www.nfl.com/image/private/f_auto,q_auto/league/bkahtsjkvnom1sbnb6xm",4,LA,0,1,0,0,0,0,0,0,0,5,0,0,-1.51570494625299,0,0.0,,2,5,0,0,0,1,1.19513620901853,0,33,42,478,6,1,1,376,206,19,26.3499466597436,0,1.27127659574468,0.308823529411765,0.30744071954211,0.678443797797124,0,82.3,115.3
2021,POST,00-0033925,D.Foreman,D'Onta Foreman,RB,RB,"https://static.www.nfl.com/image/private/f_auto,q_auto/league/fhxviqgdrngc8gvvhnor",1,TEN,0,0,0,0,0,0,0,0,0,0,0,0,,0,,,4,66,0,0,0,2,3.05457247240702,0,0,0,0,0,0,0,0,0,0,,0,,,,,0,6.6,6.6
2021,POST,00-0034253,D.Hilliard,Dontrell Hilliard,RB,RB,"https://static.www.nfl.com/image/private/f_auto,q_auto/league/ukhyslngeuojxkjqfq9f",1,TEN,0,0,0,0,0,0,0,0,0,0,0,0,,0,,,0,0,0,0,0,0,,0,3,3,13,0,0,0,9,4,1,-0.190663313768494,0,1.44444444444444,0.125,0.0344827586206897,0.211637931034483,0,1.3,4.3
2021,POST,00-0034279,E.St. Brown,Equanimeous St. Brown,WR,WR,"https://static.www.nfl.com/image/private/f_auto,q_auto/league/rjtjvrencwsi1xlxnfll",1,GB,0,0,0,0,0,0,0,0,0,0,0,0,,0,,,1,1,0,0,0,0,-0.447064633481205,0,0,0,0,0,0,0,0,0,0,,0,,,,,0,0.1,0.1
2021,POST,00-0034297,B.Pringle,Byron Pringle,WR,WR,"https://static.www.nfl.com/image/private/f_auto,q_auto/league/qgwipkdsunodvqlumsmp",3,KC,0,0,0,0,0,0,0,0,0,0,0,0,,0,,,0,0,0,0,0,0,,0,12,17,82,3,0,0,109,30,7,3.50146657400182,0,0.752293577981651,0.145299145299145,0.164652567975831,0.3332055155318,0,26.2,38.2
2021,POST,00-0034301,D.Williams,Darrel Williams,RB,RB,"https://static.www.nfl.com/image/private/f_auto,q_auto/league/qloiwle7db59cznhqhub",1,KC,0,0,0,0,0,0,0,0,0,0,0,0,,0,,,1,4,0,0,0,0,0.361030555330217,0,0,0,0,0,0,0,0,0,0,,0,,,,,0,0.4,0.4
2021,POST,00-0034351,D.Goedert,Dallas Goedert,TE,TE,"https://static.www.nfl.com/image/private/f_auto,q_auto/league/flzasty1ea7iswbtd0e5",1,PHI,0,0,0,0,0,0,0,0,0,0,0,0,,0,,,0,0,0,0,0,0,,0,6,12,92,0,0,0,155,34,5,4.99666495464044,0,0.593548387096774,0.27906976744186,0.333333333333333,0.651937984496124,0,9.2,15.2
2021,POST,00-0034383,D.Schultz,Dalton Schultz,TE,TE,"https://static.www.nfl.com/image/private/f_auto,q_auto/league/lhplapyya8pp3yyz8bht",1,DAL,0,0,0,0,0,0,0,0,0,0,0,0,,0,,,0,0,0,0,0,0,,0,7,8,89,0,0,0,58,31,4,5.51507094647968,0,1.53448275862069,0.19047619047619,0.156756756756757,0.395444015444015,0,8.9,15.9
2021,POST,00-0034407,R.McCloud,Ray-Ray McCloud,WR,WR,"https://static.www.nfl.com/image/upload/f_auto,q_auto/league/k3ykgsntuqdb0nl4grxk",1,PIT,0,0,0,0,0,0,0,0,0,0,0,0,,0,,,0,0,0,0,0,0,,0,2,2,20,0,0,0,13,7,1,0.769723684003111,0,1.53846153846154,0.0454545454545455,0.040625,0.0966193181818182,0,2.0,4.0
2021,POST,00-0034414,B.Scott,Boston Scott,RB,RB,"https://static.www.nfl.com/image/private/f_auto,q_auto/league/uveeemr49kwtkfefugai",1,PHI,0,0,0,0,0,0,0,0,0,0,0,0,,0,,,1,34,1,0,0,1,3.3861295923125,0,1,1,1,0,0,0,-3,4,0,-0.593048655893654,0,-0.333333333333333,0.0232558139534884,-0.0064516129032258,0.0303675918979745,0,9.5,10.5
2021,POST,00-0034418,C.Wilson,Cedrick Wilson,WR,WR,"https://static.www.nfl.com/image/private/f_auto,q_auto/league/zvirmx1m9vycmfpfbf1w",1,DAL,0,0,0,0,0,0,0,0,0,0,0,0,,0,,,0,0,0,0,0,0,,0,5,10,62,0,1,0,158,21,1,-5.28486402932322,0,0.392405063291139,0.238095238095238,0.427027027027027,0.656061776061776,0,6.2,11.2
2021,POST,00-0034487,T.Sherfield,Trent Sherfield,WR,WR,"https://static.www.nfl.com/image/private/f_auto,q_auto/league/tbs4dvo8vdagznshsw7l",1,SF,0,0,0,0,0,0,0,0,0,0,0,0,,0,,,0,0,0,0,0,0,,0,0,2,0,0,0,0,10,0,0,-6.68272471660748,0,0.0,0.08,0.0649350649350649,0.165454545454545,0,0.0,0.0
2021,POST,00-0034521,A.Lazard,Allen Lazard,WR,WR,"https://static.www.nfl.com/image/private/f_auto,q_auto/league/blrzk3bfnpneuyhsqiqg",1,GB,0,0,0,0,0,0,0,0,0,0,0,0,,0,,,0,0,0,0,0,0,,0,1,1,6,0,0,0,6,0,1,1.25776835356373,0,1.0,0.037037037037037,0.0283018867924528,0.0753668763102725,0,0.6,1.6
2021,POST,00-0034676,J.Washington,James Washington,WR,WR,"https://static.www.nfl.com/image/private/f_auto,q_auto/league/z5svt5lojqlibpxitvty",1,PIT,0,0,0,0,0,0,0,0,0,0,0,0,,0,,,0,0,0,0,0,0,,0,2,3,37,1,0,0,62,3,2,2.90849480376346,0,0.596774193548387,0.0681818181818182,0.19375,0.237897727272727,0,9.7,11.7
2021,POST,00-0034681,C.Edmonds,Chase Edmonds,RB,RB,"https://static.www.nfl.com/image/private/f_auto,q_auto/league/y0u4btecdge4tsun4p2h",1,ARI,0,0,0,0,0,0,0,0,0,0,0,0,,0,,,8,28,0,0,0,2,-2.9552236313466,0,0,1,0,0,0,0,17,0,0,-0.523694498231635,0,0.0,0.0294117647058824,0.0609318996415771,0.0867699768079275,0,2.8,2.8
2021,POST,00-0034775,C.Kirk,Christian Kirk,WR,WR,"https://static.www.nfl.com/image/private/f_auto,q_auto/league/ersmmtjmjlpsy9lmjvde",1,ARI,0,0,0,0,0,0,0,0,0,0,0,0,,0,,,0,0,0,0,0,0,,0,6,11,51,0,0,0,137,10,1,-1.98321766243316,0,0.372262773722628,0.323529411764706,0.491039426523298,0.829021716213367,0,5.1,11.1
2021,POST,00-0034799,K.Ballage,Kalen Ballage,RB,RB,"https://static.www.nfl.com/image/private/f_auto,q_auto/league/zxxklmhekefz5gaaxqi0",1,PIT,0,0,0,0,0,0,0,0,0,0,0,0,,0,,,4,13,0,0,0,2,0.791051620675717,0,0,0,0,0,0,0,0,0,0,,0,,,,,0,1.3,1.3
2021,POST,00-0034845,S.Michel,Sony Michel,RB,RB,"https://static.www.nfl.com/image/private/f_auto,q_auto/league/eydtwcqcaegkuwivq0ln",4,LA,0,0,0,0,0,0,0,0,0,0,0,0,,0,,,26,80,0,0,0,3,-6.55698132307823,0,3,4,-8,0,0,0,-13,8,0,-4.65374928163345,0,0.615384615384615,0.0512820512820513,-0.0190058479532164,0.0636189833558255,0,7.2,10.2
2021,POST,00-0034857,J.Allen,Josh Allen,QB,QB,"https://static.www.nfl.com/image/private/f_auto,q_auto/league/ghmmndgjefpxziks7ntf",2,BUF,48,62,637,9,0,2,16,1,0,528,225,27,40.1153329418448,1,1.20643939393939,0.316863718827813,17,134,0,0,0,10,14.2609749728872,0,0,0,0,0,0,0,0,0,0,,0,,,,,0,76.88,76.88
2021,POST,00-0034867,M.Turner,Malik Turner,WR,WR,"https://static.www.nfl.com/image/private/f_auto,q_auto/league/r7wv14bgrb5ohjmqsf9p",1,DAL,0,0,0,0,0,0,0,0,0,0,0,0,,0,,,0,0,0,0,0,0,,0,1,1,6,0,0,0,3,3,0,0.0804369224933907,0,2.0,0.0238095238095238,0.0081081081081081,0.0413899613899614,0,0.6,1.6
2021,POST,00-0034960,J.Meyers,Jakobi Meyers,WR,WR,"https://static.www.nfl.com/image/private/f_auto,q_auto/league/lhfd2xsufgep72sfkacg",1,NE,0,0,0,0,0,0,0,0,0,0,0,0,,0,,,0,0,0,0,0,0,,0,6,9,40,0,0,0,47,4,3,1.69506483932491,0,0.851063829787234,0.257142857142857,0.196652719665272,0.523371189479976,0,4.0,10.0
2021,POST,00-0034981,F.Moreau,Foster Moreau,TE,TE,"https://static.www.nfl.com/image/private/f_auto,q_auto/league/cvxobozy7tbpgnxahes9",1,LV,0,0,0,0,0,0,0,0,0,0,0,0,,0,,,0,0,0,0,0,0,,0,0,3,0,0,0,0,21,0,0,-1.86285174405202,0,0.0,0.0612244897959184,0.0535714285714286,0.129336734693878,0,0.0,0.0
2021,POST,00-0034983,H.Renfrow,Hunter Renfrow,WR,WR,"https://static.www.nfl.com/image/private/f_auto,q_auto/league/coqn2jxhmjhaut34aqiv",1,LV,0,0,0,0,0,0,0,0,0,0,0,0,,0,,,0,0,0,0,0,0,,0,8,11,58,0,0,0,71,35,1,-1.7533898860846,0,0.816901408450704,0.224489795918367,0.181122448979592,0.463520408163265,0,5.8,13.8
2021,POST,00-0035099,K.Blasingame,Khari Blasingame,FB,RB,"https://static.www.nfl.com/image/private/f_auto,q_auto/league/w6upjqhddbjlnnqui819",1,TEN,0,0,0,0,0,0,0,0,0,0,0,0,,0,,,0,0,0,0,0,0,,0,0,1,0,0,0,0,1,0,0,-0.965142629109323,0,0.0,0.0416666666666667,0.003831417624521,0.0651819923371648,0,0.0,0.0
2021,POST,00-0035126,A.Wesley,Antoine Wesley,WR,WR,"https://static.www.nfl.com/image/private/f_auto,q_auto/league/qbvjkexq50bd0ik1get4",1,ARI,0,0,0,0,0,0,0,0,0,0,0,0,,0,,,0,0,0,0,0,0,,0,0,2,0,0,0,0,41,0,0,-3.86368980113184,1,0.0,0.0588235294117647,0.146953405017921,0.191102677630192,0,2.0,2.0
2021,POST,00-0035140,M.Hardman,Mecole Hardman,WR,WR,"https://static.www.nfl.com/image/upload/f_auto,q_auto/league/rzs2xd5j7o7lz1ivk5te",3,KC,0,0,0,0,0,0,0,0,0,0,0,0,,0,,,6,55,1,1,0,2,-4.01682490087114,0,8,9,121,1,0,0,46,79,5,7.55315565425553,0,2.6304347826087,0.0769230769230769,0.0694864048338369,0.164025098768301,0,29.6,37.6
2021,POST,00-0035149,N.Allegretti,Nick Allegretti,G,OL,"https://static.www.nfl.com/image/private/f_auto,q_auto/league/oyy2ezczxcqh1uw22bkt",1,KC,0,0,0,0,0,0,0,0,0,0,0,0,,0,,,0,0,0,0,0,0,,0,1,1,1,1,0,0,1,0,1,1.09882110013859,0,1.0,0.0263157894736842,0.005181347150259,0.0431006272157077,0,6.1,7.1
2021,POST,00-0035216,D.Johnson,Diontae Johnson,WR,WR,"https://static.www.nfl.com/image/private/f_auto,q_auto/league/imoqxbyoluisz2tmoral",1,PIT,0,0,0,0,0,0,0,0,0,0,0,0,,0,,,0,0,0,0,0,0,,0,5,10,34,1,0,0,102,10,4,0.597425271291286,0,0.333333333333333,0.227272727272727,0.31875,0.564034090909091,0,9.4,14.4
2021,POST,00-0035217,B.Snell,Benny Snell,RB,RB,"https://static.www.nfl.com/image/private/f_auto,q_auto/league/fo3ppnx6djkougdmpthf",1,PIT,0,0,0,0,0,0,0,0,0,0,0,0,,0,,,2,15,0,0,0,1,2.6779677560553,0,2,2,16,0,0,0,2,14,2,0.443125961173791,0,8.0,0.0454545454545455,0.00625,0.0725568181818182,0,3.1,5.1
2021,POST,00-0035222,Z.Gentry,Zach Gentry,TE,TE,"https://static.www.nfl.com/image/private/f_auto,q_auto/league/ymrc0ebxrmqahtvimt8l",1,PIT,0,0,0,0,0,0,0,0,0,0,0,0,,0,,,0,0,0,0,0,0,,0,4,4,33,0,0,0,14,19,1,-2.02566230541561,0,2.35714285714286,0.0909090909090909,0.04375,0.166988636363636,0,3.3,7.3
2021,POST,00-0035228,K.Murray,Kyler Murray,QB,QB,"https://static.www.nfl.com/image/private/f_auto,q_auto/league/ad68dbv2eqakttaqwppv",1,ARI,19,34,137,0,2,2,15,0,0,279,94,7,-21.9758056356804,1,0.491039426523298,-0.0439782441734185,2,6,0,0,0,1,2.10670262691565,0,0,0,0,0,0,0,0,0,0,,0,,,,,0,4.08,4.08
2021,POST,00-0035243,M.Sanders,Miles Sanders,RB,RB,"https://static.www.nfl.com/image/private/f_auto,q_auto/league/vzctez3oxwdttiyukq18",1,PHI,0,0,0,0,0,0,0,0,0,0,0,0,,0,,,7,16,0,0,0,1,-3.21552929165773,0,3,3,12,0,0,0,4,8,0,-1.06845744454768,0,3.0,0.0697674418604651,0.0086021505376344,0.110672668167042,0,2.8,5.8
2021,POST,00-0035250,D.Singletary,Devin Singletary,RB,RB,"https://static.www.nfl.com/image/upload/f_auto,q_auto/league/ulczhsxmhnyrsyjfrhd5",2,BUF,0,0,0,0,0,0,0,0,0,0,0,0,,0,,,26,107,3,0,0,11,7.13136544681038,0,7,9,38,0,0,0,-19,58,3,-0.226532249012962,0,-2.0,0.145161290322581,-0.0359848484848485,0.192552541544477,0,32.5,39.5
2021,POST,00-0035261,T.Pollard,Tony Pollard,RB,RB,"https://static.www.nfl.com/image/private/f_auto,q_auto/league/pqhmih6cdyb3yqfd1dmb",1,DAL,0,0,0,0,0,0,0,0,0,0,0,0,,0,,,4,14,0,0,0,0,-0.482317800575402,0,2,2,12,0,0,0,-2,14,1,-0.734587204311328,0,-6.0,0.0476190476190476,-0.0054054054054054,0.0676447876447876,0,2.6,4.6
2021,POST,00-0035298,S.Miller,Scott Miller,WR,WR,"https://static.www.nfl.com/image/private/f_auto,q_auto/league/op0lagoypltubc9t61qu",2,TB,0,0,0,0,0,0,0,0,0,0,0,0,,0,,,1,9,0,0,0,1,1.0664370515733,0,5,7,46,0,0,0,63,4,2,2.56341515819076,0,0.73015873015873,0.0786516853932584,0.106598984771574,0.192596817429989,0,5.5,10.5
2021,POST,00-0035603,K.Blanton,Kendall Blanton,TE,TE,"https://static.www.nfl.com/image/private/f_auto,q_auto/league/hyne29kklkfyyhaljukj",2,LA,0,0,0,0,0,0,0,0,0,0,0,0,,0,,,0,0,0,0,0,0,,0,7,7,75,1,0,0,19,56,5,7.09569024253869,0,3.94736842105263,0.0897435897435897,0.0277777777777778,0.154059829059829,0,13.5,20.5
2021,POST,00-0035631,D.Sample,Drew Sample,TE,TE,"https://static.www.nfl.com/image/private/f_auto,q_auto/league/tqvgozvbmckyaditwpbn",1,CIN,0,0,0,0,0,0,0,0,0,0,0,0,,0,,,0,0,0,0,0,0,,0,1,2,4,0,0,0,11,0,0,-0.835057745687664,0,0.363636363636364,0.0555555555555556,0.0488888888888889,0.117555555555556,0,0.4,1.4
2021,POST,00-0035657,D.Harris,Damien Harris,RB,RB,"https://static.www.nfl.com/image/private/f_auto,q_auto/league/s0cagglk6qh9ciuddjmu",1,NE,0,0,0,0,0,0,0,0,0,0,0,0,,0,,,9,30,0,0,0,1,-2.35346650413703,0,1,1,7,0,0,0,6,1,0,0.420163449365646,0,1.16666666666667,0.0285714285714286,0.0251046025104603,0.060430364614465,0,3.7,4.7
2021,POST,00-0035664,D.Henderson,Darrell Henderson,RB,RB,"https://static.www.nfl.com/image/private/f_auto,q_auto/league/trvk8n0wjne7edxbajgw",1,LA,0,0,0,0,0,0,0,0,0,0,0,0,,0,,,4,7,0,0,0,0,-1.99000355799217,0,3,5,43,0,0,0,49,20,2,2.86649236868834,0,0.877551020408163,0.125,0.146268656716418,0.289888059701493,0,5.0,8.0
2021,POST,00-0035676,A.Brown,A.J. Brown,WR,WR,"https://static.www.nfl.com/image/private/f_auto,q_auto/league/a014sgzctarbvhwb35lw",1,TEN,0,0,0,0,0,0,0,0,0,0,0,0,,0,,,0,0,0,0,0,0,,0,5,9,142,1,0,0,192,15,4,7.66359448159346,0,0.739583333333333,0.375,0.735632183908046,1.07744252873563,0,20.2,25.2
2021,POST,00-0035689,D.Knox,Dawson Knox,TE,TE,"https://static.www.nfl.com/image/private/f_auto,q_auto/league/objioqafpfrffs0ublne",2,BUF,0,0,0,0,0,0,0,0,0,0,0,0,,0,,,0,0,0,0,0,0,,0,7,9,98,2,0,0,82,19,4,8.11946747949696,0,1.19512195121951,0.145161290322581,0.15530303030303,0.326454056695992,0,21.8,28.8
2021,POST,00-0035700,J.Jacobs,Josh Jacobs,RB,RB,"https://static.www.nfl.com/image/private/f_auto,q_auto/league/sagoqkubeaz5yht01ow7",1,LV,0,0,0,0,0,0,0,0,0,0,0,0,,0,,,13,83,0,0,0,3,0.697480547765736,0,4,5,44,0,0,0,4,42,2,2.79040907433955,0,11.0,0.102040816326531,0.0102040816326531,0.160204081632653,0,12.7,16.7
2021,POST,00-0035715,D.Gore,Derrick Gore,RB,RB,"https://static.www.nfl.com/image/private/f_auto,q_auto/league/wk7zy3ceecze3ly0mj7c",1,KC,0,0,0,0,0,0,0,0,0,0,0,0,,0,,,3,3,0,0,0,0,-0.23716767836595,0,0,0,0,0,0,0,0,0,0,,0,,,,,0,0.3,0.3
2021,POST,00-0035719,D.Samuel,Deebo Samuel,WR,WR,"https://static.www.nfl.com/image/private/f_auto,q_auto/league/ciwaktyqewczcquks4wy",3,SF,0,0,0,0,0,0,0,0,0,0,0,0,,0,,,27,137,1,0,0,4,-2.1413277010071,0,10,14,154,1,0,0,32,154,7,10.264947630856,0,4.8125,0.194444444444444,0.0740740740740741,0.343518518518519,0,41.1,51.1
2021,POST,00-0035726,J.Johnson,Jakob Johnson,FB,RB,"https://static.www.nfl.com/image/private/f_auto,q_auto/league/wkfev7wnnwphmdemhysa",1,NE,0,0,0,0,0,0,0,0,0,0,0,0,,0,,,0,0,0,0,0,0,,0,0,1,0,0,0,0,1,0,0,-0.457011600956321,0,0.0,0.0285714285714286,0.00418410041841,0.0457860131500299,0,0.0,0.0
2021,POST,00-0035806,J.Hasty,Jamycal Hasty,RB,RB,"https://static.www.nfl.com/image/private/f_auto,q_auto/league/cny5zdqbqkimr4ypua1x",1,SF,0,0,0,0,0,0,0,0,0,0,0,0,,0,,,0,0,0,0,0,0,,0,1,3,6,0,0,0,-6,4,0,-4.7141929238569,0,-1.0,0.103448275862069,-0.0368098159509202,0.129405542627459,0,0.6,1.6
2021,POST,00-0036182,N.Westbrook-Ikhine,Nick Westbrook-Ikhine,WR,WR,"https://static.www.nfl.com/image/private/f_auto,q_auto/league/orgr5wnkiabp4s03aqj3",1,TEN,0,0,0,0,0,0,0,0,0,0,0,0,,0,,,0,0,0,0,0,0,,0,0,1,0,0,0,0,13,0,0,-1.61658763163723,0,0.0,0.0416666666666667,0.0498084291187739,0.0973659003831418,0,0.0,0.0
2021,POST,00-0036187,R.Gilliam,Reggie Gilliam,FB,RB,"https://static.www.nfl.com/image/private/f_auto,q_auto/league/rxvaq2aatizc3zgu6mpf",2,BUF,0,0,0,0,0,0,0,0,0,0,0,0,,0,,,0,0,0,0,0,0,,0,3,3,12,0,0,0,-3,15,0,-0.35325964121148,0,-4.0,0.0483870967741936,-0.0056818181818181,0.0686033724340176,0,1.2,4.2
2021,POST,00-0036196,G.Davis,Gabe Davis,WR,WR,"https://static.www.nfl.com/image/private/f_auto,q_auto/league/q5ofnb6w7gokbggfmbxp",2,BUF,0,0,0,0,0,0,0,0,0,0,0,0,,0,,,0,0,0,0,0,0,,0,10,13,242,5,0,0,241,42,10,23.2755584396073,0,1.00414937759336,0.209677419354839,0.456439393939394,0.634023704789834,0,54.2,64.2
2021,POST,00-0036251,Z.Moss,Zack Moss,RB,RB,"https://static.www.nfl.com/image/private/f_auto,q_auto/league/ds6hvcx6s1vqihnaumm9",1,BUF,0,0,0,0,0,0,0,0,0,0,0,0,,0,,,1,0,0,0,0,0,-0.256500936666271,0,0,0,0,0,0,0,0,0,0,,0,,,,,0,0.0,0.0
2021,POST,00-0036259,J.Jennings,Jauan Jennings,WR,WR,"https://static.www.nfl.com/image/private/f_auto,q_auto/league/owakywf7pevtqx7odtcc",3,SF,0,0,0,0,0,0,0,0,0,0,0,0,,0,,,0,0,0,0,0,0,,0,6,9,43,0,0,0,59,15,4,2.92857925739372,0,0.728813559322034,0.125,0.136574074074074,0.283101851851852,0,4.3,10.3
2021,POST,00-0036261,B.Aiyuk,Brandon Aiyuk,WR,WR,"https://static.www.nfl.com/image/private/f_auto,q_auto/league/mprcyhqhfgzi57ebelbz",3,SF,0,0,0,0,0,0,0,0,0,0,0,0,,0,,,0,0,0,0,0,0,,0,9,15,135,0,0,0,160,38,7,4.28452772798482,0,0.84375,0.208333333333333,0.37037037037037,0.571759259259259,0,13.5,22.5
2021,POST,00-0036265,A.Dillon,A.J. Dillon,RB,RB,"https://static.www.nfl.com/image/private/f_auto,q_auto/league/dydcqdx4leta4rudagkq",1,GB,0,0,0,0,0,0,0,0,0,0,0,0,,0,,,7,25,1,0,0,2,0.502951994945761,0,0,0,0,0,0,0,0,0,0,,0,,,,,0,8.5,8.5
2021,POST,00-0036271,Q.Watkins,Quez Watkins,WR,WR,"https://static.www.nfl.com/image/private/f_auto,q_auto/league/lmulzdtlnoaldqrb2kit",1,PHI,0,0,0,0,0,0,0,0,0,0,0,0,,0,,,0,0,0,0,0,0,,0,2,7,35,0,0,0,195,4,1,-1.16066155961016,0,0.17948717948718,0.162790697674419,0.419354838709677,0.537734433608402,0,3.5,5.5
2021,POST,00-0036326,C.Claypool,Chase Claypool,WR,WR,"https://static.www.nfl.com/image/upload/f_auto,q_auto/league/hpgllfzaanonbfxweq9z",1,PIT,0,0,0,0,0,0,0,0,0,0,0,0,,0,,,0,0,0,0,0,0,,0,3,7,25,0,0,0,90,10,1,-1.45280461665243,0,0.277777777777778,0.159090909090909,0.28125,0.435511363636364,0,2.5,5.5
2021,POST,00-0036332,J.Deguara,Josiah Deguara,TE,TE,"https://static.www.nfl.com/image/private/f_auto,q_auto/league/ytgijlfni4cyqs0zozhz",1,GB,0,0,0,0,0,0,0,0,0,0,0,0,,0,,,0,0,0,0,0,0,,0,0,1,0,0,0,0,18,0,0,-0.784662373829633,0,0.0,0.037037037037037,0.0849056603773585,0.114989517819706,0,0.0,0.0
2021,POST,00-0036358,C.Lamb,CeeDee Lamb,WR,WR,"https://static.www.nfl.com/image/private/f_auto,q_auto/league/cqygs9e4ynnjdxstdfjq",1,DAL,0,0,0,0,0,0,0,0,0,0,0,0,,0,,,1,5,0,0,0,1,0.19651210680604,0,1,5,21,0,0,0,50,11,2,-3.08691641793121,0,0.42,0.119047619047619,0.135135135135135,0.273166023166023,0,2.6,3.6
2021,POST,00-0036360,C.Edwards-Helaire,Clyde Edwards-Helaire,RB,RB,"https://static.www.nfl.com/image/private/f_auto,q_auto/league/ki0pdedjayv47nec4lh1",2,KC,0,0,0,0,0,0,0,0,0,0,0,0,,0,,,13,96,0,0,0,4,2.5503853741684,0,2,4,13,0,0,0,3,12,0,-1.27272277657175,0,4.33333333333333,0.0506329113924051,0.0063965884861407,0.0804269790289061,0,10.9,12.9
2021,POST,00-0036365,B.Edwards,Bryan Edwards,WR,WR,"https://static.www.nfl.com/image/private/f_auto,q_auto/league/hgluubcedtu0vmxjxrcf",1,LV,0,0,0,0,0,0,0,0,0,0,0,0,,0,,,0,0,0,0,0,0,,0,3,6,41,0,0,0,71,16,2,0.429231349960901,0,0.577464788732394,0.122448979591837,0.181122448979592,0.310459183673469,0,4.1,7.1
2021,POST,00-0036383,E.Benjamin,Eno Benjamin,RB,RB,"https://static.www.nfl.com/image/private/f_auto,q_auto/league/ibizpqkleka4az4mprvz",1,ARI,0,0,0,0,0,0,0,0,0,0,0,0,,0,,,4,8,0,0,0,0,-1.12723468459444,0,2,2,26,0,0,0,-7,33,2,1.48458719579503,0,-3.71428571428571,0.0588235294117647,-0.025089605734767,0.0706725701033101,0,3.4,5.4
2021,POST,00-0036387,J.Reagor,Jalen Reagor,WR,WR,"https://static.www.nfl.com/image/private/f_auto,q_auto/league/tei81ifva2dy9os89aat",1,PHI,0,0,0,0,0,0,0,0,0,0,0,0,,0,,,0,0,0,0,0,0,,0,1,3,2,0,0,0,15,5,0,-2.95061967847869,0,0.133333333333333,0.0697674418604651,0.032258064516129,0.127231807951988,0,0.2,1.2
2021,POST,00-0036389,J.Hurts,Jalen Hurts,QB,QB,"https://static.www.nfl.com/image/private/f_auto,q_auto/league/aityegmlyh53aifbssbp",1,PHI,23,43,258,1,2,2,14,1,0,465,172,10,-6.55341399664758,1,0.554838709677419,-0.0172122860686981,8,39,0,0,0,1,-0.779968773247674,0,0,0,0,0,0,0,0,0,0,,0,,,,,0,16.22,16.22
2021,POST,00-0036410,T.Higgins,Tee Higgins,WR,WR,"https://static.www.nfl.com/image/private/f_auto,q_auto/league/fkpf9urirrkqkln7d2n9",4,CIN,0,0,0,0,0,0,0,0,0,0,0,0,,0,,,0,0,0,0,0,0,,0,18,30,309,2,0,0,331,134,13,17.5557221544327,0,0.933534743202417,0.220588235294118,0.385331781140861,0.60061459973978,0,42.9,60.9
2021,POST,00-0036414,C.Akers,Cam Akers,RB,RB,"https://static.www.nfl.com/image/upload/f_auto,q_auto/league/q0soq6iusid0dczf94gf",4,LA,0,0,0,0,0,0,0,0,0,0,0,0,,0,,,67,172,0,2,2,6,-31.6025034193177,0,8,10,76,0,0,0,51,60,4,1.69206724927062,0,1.49019607843137,0.0735294117647059,0.0619684082624544,0.153672003430777,0,20.8,28.8
2021,POST,00-0036415,V.Jefferson,Van Jefferson,WR,WR,"https://static.www.nfl.com/image/upload/f_auto,q_auto/league/p7ymrzyadwaonjx8rsn0",4,LA,0,0,0,0,0,0,0,0,0,0,0,0,,0,,,1,15,0,0,0,1,1.4002646219451,0,9,17,102,0,0,0,270,52,4,-2.33335167866209,0,0.377777777777778,0.125,0.220768601798855,0.342038021259199,0,11.7,20.7
2021,POST,00-0036424,B.Hopkins,Brycen Hopkins,TE,TE,"https://static.www.nfl.com/image/private/f_auto,q_auto/league/agzychtsya1dteoz1khu",1,LA,0,0,0,0,0,0,0,0,0,0,0,0,,0,,,0,0,0,0,0,0,,0,4,4,47,0,0,0,25,22,3,5.47918994026259,0,1.88,0.1,0.0746268656716418,0.202238805970149,0,4.7,8.7
2021,POST,00-0036427,T.Johnson,Tyler Johnson,WR,WR,"https://static.www.nfl.com/image/private/f_auto,q_auto/league/catfrh97oi2duwa0hi8d",2,TB,0,0,0,0,0,0,0,0,0,0,0,0,,0,,,0,0,0,0,0,0,,0,5,9,45,0,0,0,32,29,3,-1.92024744232185,0,1.40625,0.101123595505618,0.0541455160744501,0.189587254510542,0,4.5,9.5
2021,POST,00-0036429,C.Woerner,Charlie Woerner,TE,TE,"https://static.www.nfl.com/image/private/f_auto,q_auto/league/wdcd0m0nbt4p7qiq7exa",1,SF,0,0,0,0,0,0,0,0,0,0,0,0,,0,,,0,0,0,0,0,0,,0,0,1,0,0,0,0,0,0,0,-0.568416194058955,0,,0.0555555555555556,,,0,0.0,0.0
2021,POST,00-0036442,J.Burrow,Joe Burrow,QB,QB,"https://static.www.nfl.com/image/private/f_auto,q_auto/league/jzzqz5ubkilrn9dpxtlp",4,CIN,97,142,1105,5,2,19,137,0,0,879,626,48,0.127317444022943,1,1.25711035267349,0.0823053493850922,11,31,0,0,0,6,6.71937814911855,0,0,0,0,0,0,0,0,0,0,,0,,,,,0,65.3,65.3
2021,POST,00-0036450,K.Vaughn,Ke'Shawn Vaughn,RB,RB,"https://static.www.nfl.com/image/private/f_auto,q_auto/league/npa1msmoqbig9cqznkti",1,TB,0,0,0,0,0,0,0,0,0,0,0,0,,0,,,17,53,1,0,0,5,-1.89672399422852,0,2,2,9,0,0,0,-1,10,0,0.0886718385154381,0,-9.0,0.0555555555555556,-0.005813953488372,0.0792635658914729,0,12.2,14.2
2021,POST,00-0036456,D.Dafney,Dominique Dafney,TE,TE,"https://static.www.nfl.com/image/private/f_auto,q_auto/league/iualxf5bff0nuttmxkut",1,GB,0,0,0,0,0,0,0,0,0,0,0,0,,0,,,0,0,0,0,0,0,,0,0,2,0,0,0,0,34,0,0,-2.1922037131153,0,0.0,0.0740740740740741,0.160377358490566,0.223375262054507,0,0.0,0.0
2021,POST,00-0036560,T.Doyle,Tommy Doyle,T,OL,"https://static.www.nfl.com/image/private/f_auto,q_auto/league/zwk8avcsoxcutb8gwt9j",1,BUF,0,0,0,0,0,0,0,0,0,0,0,0,,0,,,0,0,0,0,0,0,,0,1,1,1,1,0,0,1,0,1,0.865168442076538,0,1.0,0.04,0.0043478260869565,0.0630434782608696,0,6.1,7.1
2021,POST,00-0036564,T.Hufanga,Talanoa Hufanga,SS,DB,"https://static.www.nfl.com/image/private/f_auto,q_auto/league/zmstzjydeukpbvwybmip",1,SF,0,0,0,0,0,0,0,0,0,0,0,0,,0,,,0,0,0,0,0,0,,0,0,0,0,0,0,0,0,0,0,,0,,,,,1,6.0,6.0
2021,POST,00-0036567,E.Mitchell,Elijah Mitchell,RB,RB,"https://static.www.nfl.com/image/private/f_auto,q_auto/league/pylj2udt3klrdmskh3qi",3,SF,0,0,0,0,0,0,0,0,0,0,0,0,,0,,,55,169,1,0,0,8,-14.5274012628361,0,7,9,57,0,0,0,3,57,4,0.329923792334739,0,19.0,0.125,0.0069444444444444,0.192361111111111,0,28.6,35.6
2021,POST,00-0036637,N.Gray,Noah Gray,TE,TE,"https://static.www.nfl.com/image/private/f_auto,q_auto/league/bfwc5wzyawwhpwphz2hv",2,KC,0,0,0,0,0,0,0,0,0,0,0,0,,0,,,0,0,0,0,0,0,,0,2,4,14,0,0,0,22,5,1,0.0181093824212439,0,0.636363636363636,0.05,0.0536585365853659,0.112560975609756,0,1.4,3.4
2021,POST,00-0036857,C.Evans,Chris Evans,RB,RB,"https://static.www.nfl.com/image/private/f_auto,q_auto/league/lnkqn3hx8th4ulmxyfen",3,CIN,0,0,0,0,0,0,0,0,0,0,0,0,,0,,,2,13,0,0,0,0,0.234268113446888,0,1,2,3,0,0,0,21,3,1,-0.769898206461221,0,0.142857142857143,0.0606060606060606,0.0995260663507109,0.160577337354589,0,1.6,2.6
2021,POST,00-0036860,J.Funk,Jake Funk,RB,RB,"https://static.www.nfl.com/image/private/f_auto,q_auto/league/usql5tnx3qhuk3mubmfs",1,LA,0,0,0,0,0,0,0,0,0,0,0,0,,0,,,2,5,0,0,0,0,-2.09316289995331,0,0,0,0,0,0,0,0,0,0,,0,,,,,0,0.5,0.5
2021,POST,00-0036862,B.Skowronek,Ben Skowronek,WR,WR,"https://static.www.nfl.com/image/private/f_auto,q_auto/league/og1iee9dsqaphhcnhajt",2,LA,0,0,0,0,0,0,0,0,0,0,0,0,,0,,,0,0,0,0,0,0,,0,2,6,12,0,0,0,72,7,0,-6.64551346114604,0,0.166666666666667,0.0731707317073171,0.0979591836734694,0.178327526132404,0,1.2,3.2
2021,POST,00-0036875,R.Stevenson,Rhamondre Stevenson,RB,RB,"https://static.www.nfl.com/image/private/f_auto,q_auto/league/ro2fqabc4qndtnxykvm7",1,NE,0,0,0,0,0,0,0,0,0,0,0,0,,0,,,8,27,0,0,0,2,0.631883950351039,0,4,4,33,0,0,0,-1,34,2,2.16503238893347,0,-33.0,0.114285714285714,-0.00418410041841,0.168499701135684,0,6.0,10.0
2021,POST,00-0036893,N.Harris,Najee Harris,RB,RB,"https://static.www.nfl.com/image/private/f_auto,q_auto/league/hj3n6gjshilgmesahdxs",1,PIT,0,0,0,0,0,0,0,0,0,0,0,0,,0,,,12,29,0,0,0,0,-3.04427308845334,0,2,2,-1,0,1,1,-10,9,0,-5.89160718326457,0,0.1,0.0454545454545455,-0.03125,0.0463068181818182,0,0.8,2.8
2021,POST,00-0036894,P.Freiermuth,Pat Freiermuth,TE,TE,"https://static.www.nfl.com/image/private/f_auto,q_auto/league/evpkfpnuj5rajjnl5hkw",1,PIT,0,0,0,0,0,0,0,0,0,0,0,0,,0,,,0,0,0,0,0,0,,0,4,5,25,0,0,0,14,21,1,0.837406529230066,0,1.78571428571429,0.113636363636364,0.04375,0.201079545454545,0,2.5,6.5
2021,POST,00-0036900,J.Chase,Ja'Marr Chase,WR,WR,"https://static.www.nfl.com/image/private/f_auto,q_auto/league/xqhrnv1bfpl2zmhpqobq",4,CIN,0,0,0,0,0,0,0,0,0,0,0,0,,0,,,6,32,0,0,0,3,3.21116250526393,0,25,35,368,1,0,0,335,171,16,14.9387177052364,0,1.09850746268657,0.257352941176471,0.389988358556461,0.659021262754229,0,46.0,71.0
2021,POST,00-0036912,D.Smith,DeVonta Smith,WR,WR,"https://static.www.nfl.com/image/private/f_auto,q_auto/league/f8nowzare3wd2qw4jx7d",1,PHI,0,0,0,0,0,0,0,0,0,0,0,0,,0,,,0,0,0,0,0,0,,0,4,11,60,0,0,0,110,50,2,-8.68017998465803,1,0.545454545454545,0.255813953488372,0.236559139784946,0.549312328082021,0,8.0,12.0
2021,POST,00-0036919,K.Gainwell,Kenneth Gainwell,RB,RB,"https://static.www.nfl.com/image/private/f_auto,q_auto/league/epkyjvftedewa9leunos",1,PHI,0,0,0,0,0,0,0,0,0,0,0,0,,0,,,1,6,0,0,0,0,0.261035300442018,0,5,5,49,1,0,0,-7,56,2,5.43629948497983,0,-7.0,0.116279069767442,-0.0150537634408602,0.163880970242561,0,11.5,16.5
2021,POST,00-0036936,R.Moore,Rondale Moore,WR,WR,"https://static.www.nfl.com/image/private/f_auto,q_auto/league/yuwcs40qiqunbfrp9nip",1,ARI,0,0,0,0,0,0,0,0,0,0,0,0,,0,,,0,0,0,0,0,0,,0,5,6,32,0,0,0,15,16,2,-5.80504586466122,0,2.13333333333333,0.176470588235294,0.0537634408602151,0.302340290955092,0,3.2,8.2
2021,POST,00-0036972,M.Jones,Mac Jones,QB,QB,"https://static.www.nfl.com/image/private/f_auto,q_auto/league/fillvwo9xf7paiwbfihk",1,NE,24,38,232,2,2,3,16,0,0,243,101,13,3.48806039673543,0,0.954732510288066,0.141355405169655,2,18,0,0,0,1,1.93290935031837,0,0,0,0,0,0,0,0,0,0,,0,,,,,0,15.08,15.08
2021,REG+POST,00-0019596,T.Brady,Tom Brady,QB,QB,"https://static.www.nfl.com/image/private/f_auto,q_auto/league/q7dpdlxyu5rs05rgh1le",19,TB,544,810,5916,46,13,29,193,4,3,6400,2851,297,139.985766646549,0,0.924375,0.125781009248514,29,81,2,1,1,14,3.85047854911179,0,0,0,0,0,0,0,0,0,0,,0,,,,,0,406.74,406.74
2021,REG+POST,00-0022824,A.Lee,Andy Lee,P,SPEC,"https://static.www.nfl.com/image/private/f_auto,q_auto/league/bfozbs2h9jueavslvw3z",1,ARI,0,0,0,0,0,0,0,0,0,0,0,0,,0,,,1,0,0,1,0,0,-2.51207417278783,0,0,0,0,0,0,0,0,0,0,,0,,,,,0,0.0,0.0
2021,REG+POST,00-0022924,B.Roethlisberger,Ben Roethlisberger,QB,QB,"https://static.www.nfl.com/image/private/f_auto,q_auto/league/vziogpnyp9d0xtpiuqhr",17,PIT,419,649,3955,24,10,40,253,11,5,4389,2040,203,-48.2133846466774,2,0.901116427432217,0.0325894224655652,22,4,1,1,0,3,-1.53785458706027,0,0,0,0,0,0,0,0,0,0,,0,,,,,0,234.6,234.6
2021,REG+POST,00-0023459,A.Rodgers,Aaron Rodgers,QB,QB,"https://static.www.nfl.com/image/private/f_auto,q_auto/league/gnta8ufi2vdp967dui9e",17,GB,386,560,4340,37,4,35,217,2,0,4304,2305,221,128.677822984955,0,1.00836431226766,0.16824919619056,33,101,3,2,0,10,5.83122421469307,0,1,1,-4,0,0,0,-4,0,0,-1.24344629049301,0,0.0,0.032258064516129,-0.0112994350282486,0.0404774922544195,0,341.3,342.3
2021,REG+POST,00-0023682,R.Fitzpatrick,Ryan Fitzpatrick,QB,QB,"https://static.www.nfl.com/image/private/f_auto,q_auto/league/pkhhxwplsawnhln9rsun",1,WAS,3,6,13,0,0,1,2,1,0,9,6,0,-4.27462314258315,0,1.44444444444444,-0.0653271621184067,1,2,0,0,0,0,-1.19552433757689,0,0,0,0,0,0,0,0,0,0,,0,,,,,0,0.72,0.72
2021,REG+POST,00-0024243,M.Lewis,Marcedes Lewis,TE,TE,"https://static.www.nfl.com/image/private/f_auto,q_auto/league/ppq07tipygpftz5csipx",14,GB,0,0,0,0,0,0,0,0,0,0,0,0,,0,,,0,0,0,0,0,0,,0,24,29,214,0,2,1,102,145,10,3.28936669568066,0,2.09803921568627,0.0622317596566524,0.0288217010454931,0.113522830216824,0,19.4,43.4
2021,REG+POST,00-0024417,S.Koch,Sam Koch,P,SPEC,"https://static.www.nfl.com/image/private/f_auto,q_auto/league/dw34lcf6qit1i1knjhpv",1,BAL,0,1,0,0,0,0,0,0,0,10,0,0,-2.7787173029501,0,0.0,,0,0,0,0,0,0,,0,0,0,0,0,0,0,0,0,0,,0,,,,,0,0.0,0.0
2021,REG+POST,00-0025394,A.Peterson,Adrian Peterson,RB,RB,"https://static.www.nfl.com/image/private/f_auto,q_auto/league/ug2ua3skqc9f6vkbowxc",4,SEA,0,0,0,0,0,0,0,0,0,0,0,0,,0,,,38,98,2,1,0,6,-9.86462577158818,0,4,4,8,0,0,0,-11,19,0,-1.27764497848693,0,-0.727272727272727,0.0384615384615385,-0.0167173252279635,0.0459901800327332,0,22.6,26.6
2021,REG+POST,00-0026035,D.Amendola,Danny Amendola,WR,WR,"https://static.www.nfl.com/image/private/f_auto,q_auto/league/etz06w7s0ardf49mnayz",8,HOU,0,1,0,0,0,0,0,0,0,14,0,0,-0.361697550688405,0,0.0,,0,0,0,0,0,0,,0,24,38,248,3,1,0,321,105,10,-0.118615819919291,1,0.772585669781932,0.153225806451613,0.166753246753247,0.346565982404692,0,44.8,68.8
2021,REG+POST,00-0026143,M.Ryan,Matt Ryan,QB,QB,"https://static.www.nfl.com/image/private/f_auto,q_auto/league/s6zam4ekrrnonsck6vak",17,ATL,375,560,3968,20,12,40,274,5,3,4002,1721,195,8.22479179920041,0,0.991504247876062,0.0706000782773205,40,82,1,5,1,9,-18.9019917636152,1,0,0,0,0,0,0,0,0,0,,0,,,,,0,222.92,222.92
2021,REG+POST,00-0026158,J.Flacco,Joe Flacco,QB,QB,"https://static.www.nfl.com/image/upload/f_auto,q_auto/league/dwsbpmlhoqud0puidizt",2,NYJ,27,42,338,3,0,2,13,1,1,336,175,14,6.29411907645483,0,1.00595238095238,0.140892929856642,2,3,0,0,0,1,0.167107119690627,0,0,0,0,0,0,0,0,0,0,,0,,,,,0,23.82,23.82
2021,REG+POST,00-0026189,D.Jackson,DeSean Jackson,WR,WR,"https://static.www.nfl.com/image/private/f_auto,q_auto/league/pr5m864fqvnoozihylrh",15,LV,0,0,0,0,0,0,0,0,0,0,0,0,,0,,,1,4,0,0,0,0,0.0033527226187288,0,21,36,480,2,1,1,673,179,13,13.8605427019454,0,0.713224368499257,0.0714285714285714,0.157169546940682,0.217161540001334,0,58.4,79.4
2021,REG+POST,00-0026197,C.Henne,Chad Henne,QB,QB,"https://static.www.nfl.com/image/private/f_auto,q_auto/league/ornr9pcnzveqlntqc7jx",4,KC,11,16,82,0,0,0,0,0,0,125,24,6,4.04798453045078,0,0.656,0.0975546097179442,8,0,0,2,0,0,-1.98729497654131,0,0,0,0,0,0,0,0,0,0,,0,,,,,0,3.28,3.28
2021,REG+POST,00-0026300,J.Johnson,Josh Johnson,QB,QB,"https://static.www.nfl.com/image/private/f_auto,q_auto/league/cm1r2n61r5knj97d41v5",4,BAL,57,85,638,5,2,3,23,0,0,620,283,39,27.3874769334036,0,1.02903225806452,0.143183954075968,9,28,0,2,0,1,-3.19134804530768,1,0,0,0,0,0,0,0,0,0,,0,,,,,0,46.32,46.32
2021,REG+POST,00-0026498,M.Stafford,Matthew Stafford,QB,QB,"https://static.www.nfl.com/image/private/f_auto,q_auto/league/icjfdfsncqlsqe49iujv",21,LA,502,741,6074,50,20,37,285,4,2,6296,2667,291,165.582357056081,2,0.964739517153748,0.143656613401486,50,85,2,1,0,13,-12.5087707189385,0,0,1,0,0,0,0,5,0,0,-1.51570494625299,0,0.0,0.025,0.0149253731343284,0.0479477611940299,0,423.46,423.46
2021,REG+POST,00-0026544,C.Daniel,Chase Daniel,QB,QB,"https://static.www.nfl.com/image/private/f_auto,q_auto/league/jt8fvgeyuhsbpo9m9t4x",1,LAC,0,0,0,0,0,0,0,0,0,0,0,0,,0,,,2,-2,0,0,0,0,0.0,0,0,0,0,0,0,0,0,0,0,,0,,,,,0,-0.2,-0.2
2021,REG+POST,00-0026625,B.Hoyer,Brian Hoyer,QB,QB,"https://static.www.nfl.com/image/private/f_auto,q_auto/league/japt3mj2xctm7saqndxn",5,NE,9,11,227,1,0,0,0,0,0,97,143,8,20.8771344408451,0,2.34020618556701,0.620705007980416,11,-8,0,0,0,1,-4.04850489262026,0,0,0,0,0,0,0,0,0,0,,0,,,,,0,12.28,12.28
2021,REG+POST,00-0027061,J.Cook,Jared Cook,TE,TE,"https://static.www.nfl.com/image/private/f_auto,q_auto/league/cthoenebptadlu4g928v",16,LAC,0,0,0,0,0,0,0,0,0,0,0,0,,0,,,0,0,0,0,0,0,,0,48,83,564,4,0,0,685,238,31,4.17193171492949,2,0.823357664233577,0.131955484896661,0.142589508742714,0.297745883464892,0,84.4,132.4
2021,REG+POST,00-0027656,R.Gronkowski,Rob Gronkowski,TE,TE,"https://static.www.nfl.com/image/private/f_auto,q_auto/league/svpo7chliiymc0r7hegp",14,TB,0,0,0,0,0,0,0,0,0,0,0,0,,0,,,0,0,0,0,0,0,,0,64,106,918,7,0,0,1086,419,39,31.7438701277805,0,0.845303867403315,0.174917491749175,0.230671197960918,0.423846076196405,0,133.8,197.8
2021,REG+POST,00-0027685,E.Sanders,Emmanuel Sanders,WR,WR,"https://static.www.nfl.com/image/private/f_auto,q_auto/league/potkibjtm855tsawozs0",16,BUF,0,0,0,0,0,0,0,0,0,0,0,0,,0,,,2,31,0,0,0,2,2.02534106461098,0,45,76,678,5,0,0,1138,85,33,29.5094914224866,0,0.595782073813708,0.12991452991453,0.235172556313288,0.359492584291096,0,100.9,145.9
2021,REG+POST,00-0027688,C.McCoy,Colt McCoy,QB,QB,"https://static.www.nfl.com/image/private/f_auto,q_auto/league/mvcoi7f6thyudufnh0dx",7,ARI,74,99,740,3,1,6,40,3,1,512,452,39,14.3134917603552,0,1.4453125,0.13553668664015,22,37,0,1,0,6,-12.5859220792233,0,0,0,0,0,0,0,0,0,0,,0,,,,,0,41.3,41.3
2021,REG+POST,00-0027691,A.Roberts,Andre Roberts,WR,WR,"https://static.www.nfl.com/image/private/f_auto,q_auto/league/hjoyjewh7knoafxt4k93",5,LAC,0,0,0,0,0,0,0,0,0,0,0,0,,0,,,3,19,0,0,0,0,0.760434927069582,0,1,2,35,0,0,0,29,16,1,-0.8368861800991,0,1.20689655172414,0.0714285714285714,0.115537848605578,0.188019351166762,1,11.4,12.4
2021,REG+POST,00-0027696,J.Graham,Jimmy Graham,TE,TE,"https://static.www.nfl.com/image/private/f_auto,q_auto/league/h7xs06oj6g03mippwtse",11,CHI,0,0,0,0,0,0,0,0,0,0,0,0,,0,,,0,0,0,0,0,0,,0,14,23,167,3,0,0,184,55,10,11.7014833347158,1,0.907608695652174,0.0603674540682415,0.0664259927797834,0.137049376048211,0,36.7,50.7
2021,REG+POST,00-0027793,A.Brown,Antonio Brown,WR,WR,"https://static.www.nfl.com/image/private/f_auto,q_auto/league/ecxsx9t7bfg42bgfwj3v",7,TB,0,0,0,0,0,0,0,0,0,0,0,0,,0,,,1,6,0,0,0,0,0.308483928674832,0,42,62,545,4,0,0,734,190,29,33.9537308308926,0,0.742506811989101,0.217543859649123,0.272659732540862,0.517177602252288,0,79.1,121.1
2021,REG+POST,00-0027857,T.Williams,Trent Williams,T,OL,"https://static.www.nfl.com/image/private/f_auto,q_auto/league/j4me8ehuoyl0a2fdlgtt",1,SF,0,0,0,0,0,0,0,0,0,0,0,0,,0,,,0,0,0,0,0,0,,0,0,1,0,0,0,0,1,0,0,-1.25593257072615,0,0.0,0.05,0.0074074074074074,0.0801851851851852,0,0.0,0.0
2021,REG+POST,00-0027939,C.Newton,Cam Newton,QB,QB,"https://static.www.nfl.com/image/private/f_auto,q_auto/league/zwmgw2gmnn2kch4nquft",7,CAR,69,126,684,4,5,10,83,0,0,878,309,32,-40.7814205947143,1,0.779043280182232,-0.0455839709964522,47,230,5,4,1,20,2.71166066866135,0,0,0,0,0,0,0,0,0,0,,0,,,,,0,86.36,86.36
2021,REG+POST,00-0027942,A.Green,A.J. Green,WR,WR,"https://static.www.nfl.com/image/private/f_auto,q_auto/league/guj5a9vnnzqfiljupzuj",17,ARI,0,0,0,0,0,0,0,0,0,0,0,0,,0,,,0,0,0,0,0,0,,0,54,95,848,3,0,0,1173,181,37,26.6623735389282,0,0.722932651321398,0.164359861591696,0.264725795531483,0.431847849259581,0,102.8,156.8
2021,REG+POST,00-0027944,J.Jones,Julio Jones,WR,WR,"https://static.www.nfl.com/image/upload/f_auto,q_auto/league/omrddf2phtyztzx2nup1",11,TEN,0,0,0,0,0,0,0,0,0,0,0,0,,0,,,0,0,0,0,0,0,,0,37,55,496,1,0,0,634,136,23,14.9937347636042,0,0.782334384858044,0.168195718654434,0.248822605965463,0.426469402157476,0,55.6,92.6
2021,REG+POST,00-0027948,B.Gabbert,Blaine Gabbert,QB,QB,"https://static.www.nfl.com/image/private/f_auto,q_auto/league/fphhd3wedamgkps6e0dl",6,TB,7,11,67,0,0,1,10,0,0,90,39,4,0.191835123179856,0,0.744444444444445,0.0849527084151711,9,-7,0,0,0,0,-14.4709913247498,0,0,0,0,0,0,0,0,0,0,,0,,,,,0,1.98,1.98
2021,REG+POST,00-0027966,M.Ingram,Mark Ingram,RB,RB,"https://static.www.nfl.com/image/private/f_auto,q_auto/league/qyju9wutyssrf0b26ran",14,NO,0,0,0,0,0,0,0,0,0,0,0,0,,0,,,160,554,2,1,1,22,-31.3234407077543,0,27,35,162,0,0,0,-1,164,9,-2.09112001853646,0,-162.0,0.0940860215053763,-0.0003593244699964,0.140877505129067,0,81.6,108.6
2021,REG+POST,00-0027973,A.Dalton,Andy Dalton,QB,QB,"https://static.www.nfl.com/image/private/f_auto,q_auto/league/xrwmjyexhhwpoxhtrhl2",8,CHI,149,236,1515,8,9,18,143,1,1,1643,752,83,-31.2130537745202,2,0.922093730979915,0.0141590378170292,16,76,0,0,0,2,-0.761328988143248,0,0,0,0,0,0,0,0,0,0,,0,,,,,0,84.2,84.2
2021,REG+POST,00-0027981,K.Rudolph,Kyle Rudolph,TE,TE,"https://static.www.nfl.com/image/private/f_auto,q_auto/league/mtvrkfel5750mlevcvtp",15,NYG,0,0,0,0,0,0,0,0,0,0,0,0,,0,,,0,0,0,0,0,0,,0,26,39,257,1,0,0,240,137,12,7.17926541146351,1,1.07083333333333,0.078,0.0680851063829787,0.164659574468085,0,33.7,59.7
2021,REG+POST,00-0028002,R.Cobb,Randall Cobb,WR,WR,"https://static.www.nfl.com/image/private/f_auto,q_auto/league/kuwo5hnkbtesfw6n9w1s",12,GB,0,0,0,0,0,0,0,0,0,0,0,0,,0,,,1,1,0,0,0,0,-0.461276305723004,0,28,40,375,5,0,0,311,138,21,20.845216771948,0,1.20578778135048,0.100250626566416,0.0936464920204758,0.215928484263957,0,67.6,95.6
2021,REG+POST,00-0028042,L.Stocker,Luke Stocker,TE,TE,"https://static.www.nfl.com/image/private/f_auto,q_auto/league/keoilbfzupthtliuou1a",2,MIN,0,0,0,0,0,0,0,0,0,0,0,0,,0,,,0,0,0,0,0,0,,0,2,2,12,0,0,0,6,6,0,0.36527961853426,0,2.0,0.0327868852459016,0.0150753768844221,0.0597330916879479,0,1.2,3.2
2021,REG+POST,00-0028097,L.Smith,Lee Smith,TE,TE,"https://static.www.nfl.com/image/private/f_auto,q_auto/league/gcaqwhzrinlqicrljwlr",6,ATL,0,0,0,0,0,0,0,0,0,0,0,0,,0,,,0,0,0,0,0,0,,0,9,11,65,1,0,0,38,31,3,2.70960700337309,0,1.71052631578947,0.0488888888888889,0.0253502334889927,0.0910784967756282,0,12.5,21.5
2021,REG+POST,00-0028118,T.Taylor,Tyrod Taylor,QB,QB,"https://static.www.nfl.com/image/private/f_auto,q_auto/league/qx6t1lqmc9ws9ledobzn",6,HOU,91,150,966,5,5,13,119,0,0,1107,491,44,-14.8756148792061,0,0.872628726287263,0.0327839638097226,19,151,3,3,0,7,13.619090607911,0,0,0,0,0,0,0,0,0,0,,0,,,,,0,81.74,81.74
2021,REG+POST,00-0028237,C.Hogan,Chris Hogan,WR,WR,"https://static.www.nfl.com/image/private/f_auto,q_auto/league/fmpqnciwjqicsjzy63mc",5,NO,0,0,0,0,0,0,0,0,0,0,0,0,,0,,,0,0,0,0,0,0,,0,4,8,41,1,0,0,49,13,2,0.0322420070879161,0,0.836734693877551,0.0695652173913044,0.0465779467680608,0.136952388824599,0,10.1,14.1
2021,REG+POST,00-0028292,N.Bellore,Nick Bellore,ILB,LB,"https://static.www.nfl.com/image/private/f_auto,q_auto/league/nnmgkhi5d5xszkoyh4br",1,SEA,0,0,0,0,0,0,0,0,0,0,0,0,,0,,,0,0,0,0,0,0,,0,1,1,4,0,0,0,0,4,0,0.0050290654180571,0,0.0,0.0357142857142857,,,0,0.4,1.4
2021,REG+POST,00-0028872,J.Hekker,Johnny Hekker,P,SPEC,"https://static.www.nfl.com/image/private/f_auto,q_auto/league/rh1qt7cwusun5o56bwyh",2,LA,1,1,2,0,0,0,0,0,0,-4,6,0,-2.58209159300895,0,0.0,,1,0,0,0,0,0,-4.7083437948022,0,0,0,0,0,0,0,0,0,0,,0,,,,,0,0.08,0.08
2021,REG+POST,00-0028986,C.Keenum,Case Keenum,QB,QB,"https://static.www.nfl.com/image/private/f_auto,q_auto/league/tymwoe3wpwzln78uzbvu",5,CLE,47,72,462,3,1,5,29,1,1,420,306,25,-8.27625317396733,0,1.1,0.0443762082318074,12,22,0,0,0,6,-4.51051827098381,0,0,0,0,0,0,0,0,0,0,,0,,,,,0,28.68,28.68
2021,REG+POST,00-0029000,C.Beasley,Cole Beasley,WR,WR,"https://static.www.nfl.com/image/private/f_auto,q_auto/league/y5r0fhwctl6ljwvmktvu",18,BUF,0,1,0,0,0,0,0,0,0,19,0,0,-0.477590819995385,0,0.0,,0,0,0,0,0,0,,0,89,121,772,1,1,0,680,343,37,8.48846257266151,1,1.13529411764706,0.188473520249221,0.123166093099076,0.368926545543185,0,85.2,174.2
2021,REG+POST,00-0029119,D.Carrier,Derek Carrier,TE,TE,"https://static.www.nfl.com/image/private/f_auto,q_auto/league/fohbnjxhixammxtonhnd",1,LV,0,0,0,0,0,0,0,0,0,0,0,0,,0,,,0,0,0,0,0,0,,0,2,2,13,0,0,0,7,6,0,0.830683968262747,0,1.85714285714286,0.0540540540540541,0.0231023102310231,0.0972526982427972,0,1.3,3.3
2021,REG+POST,00-0029164,M.Remmers,Mike Remmers,T,OL,"https://static.www.nfl.com/image/private/f_auto,q_auto/league/qsp6ncqgwc9uyrgptyrc",1,KC,0,0,0,0,0,0,0,0,0,0,0,0,,0,,,0,0,0,0,0,0,,0,1,1,-2,0,0,0,0,-2,0,-0.794392922136467,0,0.0,0.0294117647058824,,,0,-0.2,0.8
2021,REG+POST,00-0029239,B.Bolden,Brandon Bolden,RB,RB,"https://static.www.nfl.com/image/private/f_auto,q_auto/league/kqqwz35z9brhkzbs4bcn",17,NE,0,0,0,0,0,0,0,0,0,0,0,0,,0,,,44,226,1,1,0,12,-2.15171423978943,1,45,55,432,2,0,0,47,431,22,18.5549548509099,0,9.19148936170213,0.119825708061002,0.012348922753547,0.188382808018986,0,85.8,130.8
2021,REG+POST,00-0029263,R.Wilson,Russell Wilson,QB,QB,"https://static.www.nfl.com/image/private/f_auto,q_auto/league/gebzv2aljujgleboe4ns",14,SEA,259,400,3113,25,6,33,266,4,1,3955,1383,135,16.5060313732689,1,0.787104930467762,0.092797894199794,43,183,2,2,0,17,-2.42791386947652,0,0,0,0,0,0,0,0,0,0,,0,,,,,0,242.82,242.82
2021,REG+POST,00-0029269,T.Benjamin,Travis Benjamin,WR,WR,"https://static.www.nfl.com/image/private/f_auto,q_auto/league/io9silocxbywvisvcvpx",5,SF,0,0,0,0,0,0,0,0,0,0,0,0,,0,,,0,0,0,0,0,0,,0,1,7,17,0,0,0,150,5,1,-8.77772501925938,0,0.113333333333333,0.0463576158940397,0.124895920066611,0.156963567887687,0,1.7,2.7
2021,REG+POST,00-0029293,M.Jones,Marvin Jones,WR,WR,"https://static.www.nfl.com/image/private/f_auto,q_auto/league/ciy9sxefmcnwjw7ln3h2",17,JAX,0,0,0,0,0,0,0,0,0,0,0,0,,0,,,0,0,0,0,0,0,,0,73,120,832,4,0,0,1438,120,42,25.5539502443781,0,0.578581363004173,0.205831903945111,0.3123370981755,0.527383824640517,0,107.2,180.2
2021,REG+POST,00-0029567,N.Foles,Nick Foles,QB,QB,"https://static.www.nfl.com/image/private/f_auto,q_auto/league/dxuz2ir773wylutxo7zs",1,CHI,24,35,250,1,0,4,21,1,0,198,165,14,4.48618238218337,1,1.26262626262626,0.148478365512987,4,8,0,0,0,1,-0.0154439123580232,0,0,0,0,0,0,0,0,0,0,,0,,,,,0,16.8,16.8
2021,REG+POST,00-0029604,K.Cousins,Kirk Cousins,QB,QB,"https://static.www.nfl.com/image/private/f_auto,q_auto/league/viuxnyezrwdfjnxsfssb",16,MIN,372,561,4221,33,7,28,197,10,2,4573,1813,192,71.6335677748154,0,0.923026459654494,0.107537863670442,29,115,1,2,0,8,-4.47916272084251,0,0,0,0,0,0,0,0,0,0,,0,,,,,0,300.34,300.34
2021,REG+POST,00-0029608,T.Hilton,T.Y. Hilton,WR,WR,"https://static.www.nfl.com/image/private/f_auto,q_auto/league/b8kor0sgeynyd8u8cush",10,IND,0,0,0,0,0,0,0,0,0,0,0,0,,0,,,0,0,0,0,0,0,,0,23,37,331,3,0,0,476,71,15,20.3100245560054,0,0.695378151260504,0.133574007220217,0.202123142250531,0.341847210405696,0,51.1,74.1
2021,REG+POST,00-0029632,M.Sanu,Mohamed Sanu,WR,WR,"https://static.www.nfl.com/image/private/f_auto,q_auto/league/a6loroqhta6g65aqnsrk",8,SF,0,0,0,0,0,0,0,0,0,0,0,0,,0,,,0,0,0,0,0,0,,0,15,24,177,0,0,0,227,44,12,12.0587423778091,0,0.779735682819383,0.0956175298804781,0.114127702362996,0.223315686474815,0,17.7,32.7
2021,REG+POST,00-0029664,J.Gordon,Josh Gordon,WR,WR,"https://static.www.nfl.com/image/private/f_auto,q_auto/league/wwqz2ujrj7wp86tyaxof",9,KC,0,0,0,0,0,0,0,0,0,0,0,0,,0,,,0,0,0,0,0,0,,0,5,14,32,1,0,0,153,5,3,-12.4963252243166,0,0.209150326797386,0.0415430267062315,0.064366848969289,0.107371334337849,0,9.2,14.2
2021,REG+POST,00-0029692,B.Anger,Bryan Anger,P,SPEC,"https://static.www.nfl.com/image/private/f_auto,q_auto/league/zv7j4fzg4qrz4hktx756",1,DAL,1,1,16,0,0,0,0,0,0,8,8,1,3.85617053206079,0,2.0,,0,0,0,0,0,0,,0,0,0,0,0,0,0,0,0,0,,0,,,,,0,0.64,0.64
2021,REG+POST,00-0029701,R.Tannehill,Ryan Tannehill,QB,QB,"https://static.www.nfl.com/image/private/f_auto,q_auto/league/yvwju12dl6haf3r8uzrm",18,TEN,372,555,3954,23,17,48,334,6,3,4215,1825,201,20.1592953828786,1,0.938078291814947,0.107139051208488,58,282,7,4,1,33,31.5865424660153,0,0,0,0,0,0,0,0,0,0,,0,,,,,0,280.36,280.36
2021,REG+POST,00-0029738,D.Fells,Darren Fells,TE,TE,"https://static.www.nfl.com/image/private/f_auto,q_auto/league/eh0rbweg4wbzgzpvprnv",3,DET,0,0,0,0,0,0,0,0,0,0,0,0,,0,,,0,0,0,0,0,0,,0,4,5,43,0,0,0,24,27,2,0.8511437906418,0,1.79166666666667,0.0431034482758621,0.0885608856088561,0.126647792339992,0,4.3,8.3
2021,REG+POST,00-0029747,C.Banjo,Chris Banjo,FS,DB,"https://static.www.nfl.com/image/private/f_auto,q_auto/league/ibqowvcvkzurwo95ukg9",1,ARI,1,1,23,0,0,0,0,0,0,19,4,1,3.73152830463368,0,1.21052631578947,,0,0,0,0,0,0,,0,0,0,0,0,0,0,0,0,0,,0,,,,,0,0.92,0.92
2021,REG+POST,00-0029892,K.Juszczyk,Kyle Juszczyk,FB,RB,"https://static.www.nfl.com/image/private/f_auto,q_auto/league/eqb3lq4bip6oa5kiz1ze",18,SF,0,0,0,0,0,0,0,0,0,0,0,0,,0,,,11,36,1,0,0,4,-2.47575090914536,0,32,41,311,1,0,0,296,157,16,13.6611976366074,0,1.05067567567568,0.0885529157667387,0.0826584752862329,0.190690306350471,0,46.7,78.7
2021,REG+POST,00-0030035,A.Thielen,Adam Thielen,WR,WR,"https://static.www.nfl.com/image/private/f_auto,q_auto/league/kmldtl8p9h7h5dzvkwsw",13,MIN,0,0,0,0,0,0,0,0,0,0,0,0,,0,,,1,2,0,0,0,0,-0.194060182664543,0,67,95,726,10,1,0,903,239,37,24.0615681793672,0,0.803986710963455,0.203426124197002,0.260606060606061,0.487563428719746,0,132.8,199.8
2021,REG+POST,00-0030061,Z.Ertz,Zach Ertz,TE,TE,"https://static.www.nfl.com/image/private/f_auto,q_auto/league/t7my0kesdhb2iefvempm",18,ARI,0,0,0,0,0,0,0,0,0,0,0,0,,0,,,1,4,0,0,0,0,0.455292735714465,0,77,116,784,5,0,0,862,352,42,10.945700039944,0,0.909512761020882,0.188617886178862,0.187758658244391,0.414357890039367,0,108.8,185.8
2021,REG+POST,00-0030068,M.Goodwin,Marquise Goodwin,WR,WR,"https://static.www.nfl.com/image/upload/f_auto,q_auto/league/cof5bbih1o9dtnonwmjp",14,CHI,0,0,0,0,0,0,0,0,0,0,0,0,,0,,,2,-1,0,0,0,0,-1.24175866559381,0,20,40,313,1,1,0,475,83,12,11.8744864799275,0,0.658947368421053,0.0961538461538462,0.132275132275132,0.236823361823362,0,37.2,57.2
2021,REG+POST,00-0030085,K.Stills,Kenny Stills,WR,WR,"https://static.www.nfl.com/image/private/f_auto,q_auto/league/wswn6tehkzj8mdfbablx",7,NO,0,0,0,0,0,0,0,0,0,0,0,0,,0,,,1,1,0,0,0,0,-0.475137180881575,0,6,23,68,1,0,0,430,10,4,-9.39854150352767,0,0.158139534883721,0.111111111111111,0.2475532527346,0.339953943580887,0,12.9,18.9
2021,REG+POST,00-0030108,R.Griffin,Ryan Griffin,TE,TE,"https://static.www.nfl.com/image/private/f_auto,q_auto/league/izjfxtmk2dhzhrlwpt9g",14,NYJ,0,0,0,0,0,0,0,0,0,0,0,0,,0,,,0,0,0,0,0,0,,0,27,42,261,2,1,0,223,149,14,3.00338599707201,0,1.17040358744395,0.0821917808219178,0.0586070959264126,0.164312638381366,0,38.1,65.1
2021,REG+POST,00-0030155,D.Harris,Demetrius Harris,TE,TE,"https://static.www.nfl.com/image/private/f_auto,q_auto/league/nlajcnjlosuajmqswxvl",3,ARI,0,0,0,0,0,0,0,0,0,0,0,0,,0,,,0,0,0,0,0,0,,0,3,6,10,0,0,0,22,13,0,-5.84633715491509,0,0.454545454545455,0.0697674418604651,0.06875,0.152776162790698,0,1.0,4.0
2021,REG+POST,00-0030181,J.Doyle,Jack Doyle,TE,TE,"https://static.www.nfl.com/image/private/f_auto,q_auto/league/h6abyvmg2g93llboizi6",15,IND,0,0,0,0,0,0,0,0,0,0,0,0,,0,,,0,0,0,0,0,0,,0,29,43,302,3,0,0,285,125,18,11.7299665406649,1,1.05964912280702,0.0955555555555556,0.0897637795275591,0.206167979002625,0,50.2,79.2
2021,REG+POST,00-0030279,K.Allen,Keenan Allen,WR,WR,"https://static.www.nfl.com/image/private/f_auto,q_auto/league/xs7h2igf85nta81v7zb8",16,LAC,0,1,0,0,0,0,0,0,0,14,0,0,-0.493455561692826,1,0.0,,0,0,0,0,0,0,,0,106,157,1138,6,1,0,1306,341,66,31.6481602111859,0,0.871362940275651,0.249602543720191,0.27465825446898,0.566664593708572,0,151.8,257.8
2021,REG+POST,00-0030288,R.Burkhead,Rex Burkhead,RB,RB,"https://static.www.nfl.com/image/private/f_auto,q_auto/league/ysgdnkasvp07qmrkasve",14,HOU,0,1,0,0,0,0,0,0,0,7,0,0,-0.493120650062338,0,0.0,,122,427,3,1,0,30,-5.23546433079173,0,25,32,186,0,0,0,50,141,9,3.53926218789349,0,3.72,0.0903954802259887,0.0193348801237432,0.149127636425603,0,79.3,104.3
2021,REG+POST,00-0030431,R.Woods,Robert Woods,WR,WR,"https://static.www.nfl.com/image/upload/f_auto,q_auto/league/owppysuai4ipxu5d27nu",9,LA,0,0,0,0,0,0,0,0,0,0,0,0,,0,,,8,46,1,0,0,1,1.93969120731344,0,45,69,556,4,0,0,563,198,34,29.5653176619376,1,0.987566607460036,0.214953271028037,0.209527353926312,0.469099054290474,0,92.2,137.2
2021,REG+POST,00-0030456,G.Bernard,Giovani Bernard,RB,RB,"https://static.www.nfl.com/image/private/f_auto,q_auto/league/guht9y14gftgsugb87xz",12,TB,0,0,0,0,0,0,0,0,0,0,0,0,,0,,,21,102,1,0,0,5,-1.66091220511589,0,28,37,162,3,1,0,39,167,11,-3.48971077798557,0,4.15384615384615,0.0714285714285714,0.0124560843181092,0.115862116165534,0,50.4,78.4
2021,REG+POST,00-0030465,K.Barner,Kenjon Barner,RB,RB,"https://static.www.nfl.com/image/private/f_auto,q_auto/league/n8hvbyw7vdlj7svjwqg4",1,TB,0,0,0,0,0,0,0,0,0,0,0,0,,0,,,4,0,0,0,0,0,-2.19820875494042,0,0,0,0,0,0,0,0,0,0,,0,,,,,0,0.0,0.0
2021,REG+POST,00-0030496,L.Bell,Le'Veon Bell,RB,RB,"https://static.www.nfl.com/image/private/f_auto,q_auto/league/sm3ij3pcby5ciqwaaqa1",8,TB,0,0,0,0,0,0,0,0,0,0,0,0,,0,,,39,101,2,0,0,9,-7.83692508338232,1,5,7,30,1,0,0,5,26,3,3.35769180872012,0,6.0,0.0429447852760736,0.0033557046979865,0.066766171202701,0,33.1,38.1
2021,REG+POST,00-0030506,T.Kelce,Travis Kelce,TE,TE,"https://static.www.nfl.com/image/private/f_auto,q_auto/league/ryzr3vbragwe50vtj9af",19,KC,1,1,2,1,0,0,0,0,0,2,0,1,0.70204556841054,0,1.0,,2,3,1,0,0,1,0.345061281172093,0,115,161,1424,12,1,1,1196,700,79,72.466441560634,0,1.19063545150502,0.222068965517241,0.235386734894706,0.497874162702156,0,222.78,337.78
2021,REG+POST,00-0030513,L.Murray,Latavius Murray,RB,RB,"https://static.www.nfl.com/image/private/f_auto,q_auto/league/zepm7ghltyeqydn0qxcg",14,BAL,0,0,0,0,0,0,0,0,0,0,0,0,,0,,,119,501,6,0,0,36,-6.84285256232816,0,10,13,75,0,0,0,1,71,2,-0.533061674388591,0,75.0,0.0593607305936073,0.0006983240223463,0.0895299227060534,0,93.6,103.6
2021,REG+POST,00-0030520,M.Glennon,Mike Glennon,QB,QB,"https://static.www.nfl.com/image/private/f_auto,q_auto/league/mubobrjbeudtezxv0t0p",6,NYG,90,167,790,4,10,9,68,5,3,1210,415,43,-80.8409634291941,0,0.652892561983471,-0.0112988814617403,7,33,1,1,0,2,-3.70725087780168,0,0,0,0,0,0,0,0,0,0,,0,,,,,0,30.9,30.9
2021,REG+POST,00-0030525,T.Austin,Tavon Austin,WR,WR,"https://static.www.nfl.com/image/private/f_auto,q_auto/league/ulagxqgjnrft4wub0gus",11,JAX,0,0,0,0,0,0,0,0,0,0,0,0,,0,,,3,21,0,0,0,1,1.6055196543457,0,24,37,213,1,0,0,320,68,11,-9.35806463314757,0,0.665625,0.0989304812834225,0.114736464682682,0.228711247203011,0,29.4,53.4
2021,REG+POST,00-0030561,L.Johnson,Lane Johnson,T,OL,"https://static.www.nfl.com/image/private/f_auto,q_auto/league/vbwbhs3ludgvb9ys7gpn",1,PHI,0,0,0,0,0,0,0,0,0,0,0,0,,0,,,0,0,0,0,0,0,,0,1,1,5,1,0,0,5,0,1,1.63749824167462,0,1.0,0.0357142857142857,0.0248756218905473,0.0709843638948117,0,6.5,7.5
2021,REG+POST,00-0030564,D.Hopkins,DeAndre Hopkins,WR,WR,"https://static.www.nfl.com/image/upload/f_auto,q_auto/league/jgatj8mtftu06pegapip",10,ARI,0,0,0,0,0,0,0,0,0,0,0,0,,0,,,0,0,0,0,0,0,,0,42,64,572,8,0,0,788,140,32,42.3779696961469,0,0.725888324873096,0.207792207792208,0.306614785992218,0.526318661882864,0,105.2,147.2
2021,REG+POST,00-0030565,G.Smith,Geno Smith,QB,QB,"https://static.www.nfl.com/image/private/f_auto,q_auto/league/bxp32udtvwnpu3rl2cht",4,SEA,65,95,702,5,1,13,117,1,1,664,360,31,-1.23674028156646,0,1.05722891566265,0.0962967012302585,9,42,1,0,0,3,3.66690281714546,0,0,0,0,0,0,0,0,0,0,,0,,,,,0,54.28,54.28
2021,REG+POST,00-0030578,C.Patterson,Cordarrelle Patterson,RB,RB,"https://static.www.nfl.com/image/private/f_auto,q_auto/league/gy2bb38cns4nxypehbqi",16,ATL,0,1,0,0,0,0,0,0,0,18,0,0,-0.599639943917282,0,0.0,,153,618,6,1,0,29,-15.4856635596079,0,52,69,548,5,0,0,214,385,26,19.0910259758063,0,2.5607476635514,0.131931166347992,0.0626463700234192,0.241749208538382,0,182.6,234.6
2021,REG+POST,00-0030663,W.Snead,Willie Snead,WR,WR,"https://static.www.nfl.com/image/private/f_auto,q_auto/league/fr5xckiwhguuaishnbju",7,CAR,0,0,0,0,0,0,0,0,0,0,0,0,,0,,,0,0,0,0,0,0,,0,4,8,38,0,0,0,67,12,3,-4.78285138972569,0,0.567164179104478,0.032520325203252,0.0304961310878471,0.070127779566371,0,3.8,7.8
2021,REG+POST,00-0030669,A.Wilson,Albert Wilson,WR,WR,"https://static.www.nfl.com/image/private/f_auto,q_auto/league/slythouwdcrug0poiios",10,MIA,0,1,0,0,0,1,1,0,0,5,0,0,-2.05353292950895,0,0.0,,4,17,0,0,0,1,-0.712680795113556,0,25,39,213,0,0,0,210,143,10,-5.40065205995903,0,1.01428571428571,0.110795454545455,0.080521472392638,0.222558212493028,0,23.0,48.0
2021,REG+POST,00-0030874,D.Williams,Damien Williams,RB,RB,"https://static.www.nfl.com/image/private/f_auto,q_auto/league/ga4vusnfwfvhp2ksqw7x",10,CHI,0,0,0,0,0,0,0,0,0,0,0,0,,0,,,40,164,2,0,0,11,-1.32140011723331,0,16,23,103,1,0,0,41,109,3,-5.5267005378264,0,2.51219512195122,0.0830324909747293,0.0259001895135818,0.142678869121601,0,44.7,60.7
2021,REG+POST,00-0030968,K.Smith,Keith Smith,FB,RB,"https://static.www.nfl.com/image/private/f_auto,q_auto/league/jolwasweebgk37nkl7ia",9,ATL,0,0,0,0,0,0,0,0,0,0,0,0,,0,,,9,31,0,0,0,3,-3.49744484253461,0,9,10,56,0,0,0,21,38,3,1.68763834959827,0,2.66666666666667,0.04,0.0130353817504656,0.0691247672253259,0,8.7,17.7
2021,REG+POST,00-0031045,C.Hyde,Carlos Hyde,RB,RB,"https://static.www.nfl.com/image/private/f_auto,q_auto/league/qpmv42ldpkpdf1gpgeua",11,JAX,0,0,0,0,0,0,0,0,0,0,0,0,,0,,,72,253,1,2,2,14,-25.0420960174233,0,12,21,65,0,0,0,31,75,1,-6.56934520666255,0,2.09677419354839,0.0642201834862385,0.0138951142985208,0.106056855238322,0,33.8,45.8
2021,REG+POST,00-0031051,J.Brown,John Brown,WR,WR,"https://static.www.nfl.com/image/private/f_auto,q_auto/league/xwyc2a0qfdxbbct6lso6",3,JAX,0,0,0,0,0,0,0,0,0,0,0,0,,0,,,0,0,0,0,0,0,,0,0,3,0,0,0,0,93,0,0,-5.6706744490657,0,0.0,0.0309278350515464,0.12156862745098,0.131489791793006,0,0.0,0.0
2021,REG+POST,00-0031062,J.White,James White,RB,RB,"https://static.www.nfl.com/image/private/f_auto,q_auto/league/z1nnkmnstccnqya5d5ee",3,NE,0,0,0,0,0,0,0,0,0,0,0,0,,0,,,10,38,1,0,0,4,1.7429701408837,0,12,14,94,0,0,0,51,70,5,3.37952487611959,0,1.84313725490196,0.11965811965812,0.051567239635996,0.215584247232377,0,19.2,31.2
2021,REG+POST,00-0031136,C.Boswell,Chris Boswell,K,SPEC,"https://static.www.nfl.com/image/private/f_auto,q_auto/league/karzxxgfewnlymj0rmln",1,PIT,0,1,0,0,0,0,0,0,0,10,0,0,-3.00748456368456,0,0.0,,0,0,0,0,0,0,,0,0,0,0,0,0,0,0,0,0,,0,,,,,0,0.0,0.0
2021,REG+POST,00-0031235,O.Beckham,Odell Beckham,WR,WR,"https://static.www.nfl.com/image/private/f_auto,q_auto/league/etl34lkiscs2lpc4to2f",18,LA,1,1,40,0,0,0,0,0,0,26,14,1,2.27834693016484,0,1.53846153846154,,2,14,0,0,0,1,0.465976511593908,0,65,108,825,7,0,0,1358,232,42,34.6202998768973,0,0.607511045655376,0.18,0.259556574923547,0.451689602446483,0,127.5,192.5
2021,REG+POST,00-0031236,B.Cooks,Brandin Cooks,WR,WR,"https://static.www.nfl.com/image/private/f_auto,q_auto/league/wy6qidqm8jjp6buvu3lp",16,HOU,0,0,0,0,0,0,0,0,0,0,0,0,,0,,,2,21,0,0,0,1,0.830158571247011,0,90,134,1037,6,0,0,1423,344,45,24.5010573853863,0,0.728742094167252,0.270161290322581,0.396489272777933,0.682784426428424,0,141.8,231.8
2021,REG+POST,00-0031237,T.Bridgewater,Teddy Bridgewater,QB,QB,"https://static.www.nfl.com/image/private/f_auto,q_auto/league/q5p8afhezmpvc1xbwibf",14,DEN,285,426,3052,18,7,31,211,0,0,3424,1387,146,57.9555715532199,1,0.891355140186916,0.128138925952684,30,106,2,1,1,16,1.64563872903296,0,0,0,0,0,0,0,0,0,0,,0,,,,,0,202.68,202.68
2021,REG+POST,00-0031260,L.Thomas,Logan Thomas,TE,TE,"https://static.www.nfl.com/image/private/f_auto,q_auto/league/acm0ymhqdzqxdibwjphv",5,WAS,0,0,0,0,0,0,0,0,0,0,0,0,,0,,,0,0,0,0,0,0,,0,18,25,196,3,1,1,249,67,10,4.57475950373919,0,0.78714859437751,0.164473684210526,0.245562130177515,0.41860401744005,0,35.6,53.6
2021,REG+POST,00-0031273,C.Brate,Cameron Brate,TE,TE,"https://static.www.nfl.com/image/private/f_auto,q_auto/league/jhioqec65qy4z7s6w9a6",18,TB,0,0,0,0,0,0,0,0,0,0,0,0,,0,,,0,0,0,0,0,0,,0,34,63,283,4,0,0,468,107,17,-4.24047850246905,0,0.604700854700855,0.0828947368421053,0.0780130021670278,0.178951206780077,0,52.3,86.3
2021,REG+POST,00-0031280,D.Carr,Derek Carr,QB,QB,"https://static.www.nfl.com/image/private/f_auto,q_auto/league/cffbp9sqfioxa2jk2oqf",18,LV,457,680,5114,24,15,43,269,10,6,5495,2406,232,40.2558951380397,0,0.93066424021838,0.100737482912952,41,128,0,4,0,10,-1.86138810429164,0,0,0,0,0,0,0,0,0,0,,0,,,,,0,271.36,271.36
2021,REG+POST,00-0031285,D.Freeman,Devonta Freeman,RB,RB,"https://static.www.nfl.com/image/private/f_auto,q_auto/league/vjhvfwypu1byxfo2uvki",16,BAL,0,0,0,0,0,0,0,0,0,0,0,0,,0,,,133,576,5,0,0,31,-2.96141238136372,0,34,42,190,1,0,0,36,183,9,1.16183870210079,0,5.27777777777778,0.0884210526315789,0.0095364238410596,0.13930707563611,0,112.6,146.6
2021,REG+POST,00-0031319,D.Spencer,Diontae Spencer,WR,WR,"https://static.www.nfl.com/image/private/f_auto,q_auto/league/lf3axvxomg2ktozc1rei",4,DEN,0,0,0,0,0,0,0,0,0,0,0,0,,0,,,0,0,0,0,0,0,,0,1,4,-3,0,0,0,9,0,0,-3.41068106825696,0,-0.333333333333333,0.0330578512396694,0.0131004366812227,0.05875708253636,0,-0.3,0.7
2021,REG+POST,00-0031325,S.Watkins,Sammy Watkins,WR,WR,"https://static.www.nfl.com/image/private/f_auto,q_auto/league/nkqk4ac4uncxocqlgp2k",11,BAL,0,0,0,0,0,0,0,0,0,0,0,0,,0,,,0,0,0,0,0,0,,0,27,49,394,1,1,1,630,107,17,-1.99723760129624,0,0.625396825396825,0.129973474801061,0.190966959684753,0.328637083980919,0,43.4,70.4
2021,REG+POST,00-0031345,J.Garoppolo,Jimmy Garoppolo,QB,QB,"https://static.www.nfl.com/image/private/f_auto,q_auto/league/dielobmypljj7e27eiob",18,SF,344,515,4345,22,15,33,226,4,2,3732,2284,202,91.8236637308327,1,1.16425509110397,0.117857007436632,40,56,3,5,1,15,2.35661202961909,0,0,0,0,0,0,0,0,0,0,,0,,,,,0,251.4,251.4
2021,REG+POST,00-0031357,C.Goodwin,C.J. Goodwin,CB,DB,"https://static.www.nfl.com/image/private/f_auto,q_auto/league/chg4ih96ilt8jpo3rayr",1,DAL,0,0,0,0,0,0,0,0,0,0,0,0,,0,,,0,0,0,0,0,0,,0,1,1,16,0,0,0,8,8,1,3.85617053206079,0,2.0,0.0238095238095238,0.0216216216216216,0.0508494208494208,0,1.6,2.6
2021,REG+POST,00-0031363,M.Palardy,Michael Palardy,P,SPEC,"https://static.www.nfl.com/image/private/f_auto,q_auto/league/hoxfeahxcb9sbz83nose",1,MIA,0,0,0,0,0,0,0,0,0,0,0,0,,0,,,1,1,0,0,0,0,3.45699646626599,0,0,0,0,0,0,0,0,0,0,,0,,,,,0,0.1,0.1
2021,REG+POST,00-0031376,J.McKinnon,Jerick McKinnon,RB,RB,"https://static.www.nfl.com/image/private/f_auto,q_auto/league/yezxe2j778cndbhkxwez",10,KC,0,0,0,0,0,0,0,0,0,0,0,0,,0,,,46,212,0,1,0,8,-4.84182442889021,0,27,37,272,2,0,0,-34,330,18,19.4402575338027,0,-8.0,0.0887290167865707,-0.0141489804411153,0.123189238871075,0,60.4,87.4
2021,REG+POST,00-0031381,D.Adams,Davante Adams,WR,WR,"https://static.www.nfl.com/image/private/f_auto,q_auto/league/grvqvmdzu2lsbgvqoxku",17,GB,0,0,0,0,0,0,0,0,0,0,0,0,,0,,,0,0,0,0,0,0,,0,132,180,1643,11,0,0,1744,622,89,77.3687194244343,0,0.942087155963303,0.320284697508897,0.382623957876262,0.748263816776728,0,230.3,362.3
2021,REG+POST,00-0031382,J.Landry,Jarvis Landry,WR,WR,"https://static.www.nfl.com/image/private/f_auto,q_auto/league/w2q9uwsjvgadwyvnvopb",12,CLE,0,0,0,0,0,1,1,1,1,0,0,0,-4.68811111891409,0,,,6,40,2,1,0,4,5.01308533344841,0,52,87,570,2,1,1,696,273,28,-13.1820960384178,0,0.818965517241379,0.248571428571429,0.2497308934338,0.547668768260803,0,81.0,133.0
2021,REG+POST,00-0031384,R.Rodgers,Richard Rodgers,TE,TE,"https://static.www.nfl.com/image/private/f_auto,q_auto/league/l9zei9dkcmbml3q1nshk",1,PHI,0,0,0,0,0,0,0,0,0,0,0,0,,0,,,0,0,0,0,0,0,,0,2,2,11,0,0,0,1,10,0,0.0663915522163734,0,11.0,0.0588235294117647,0.0045454545454545,0.0914171122994652,0,1.1,3.1
2021,REG+POST,00-0031387,E.Ebron,Eric Ebron,TE,TE,"https://static.www.nfl.com/image/private/f_auto,q_auto/league/uaxsxymncppase7ihczd",8,PIT,0,0,0,0,0,0,0,0,0,0,0,0,,0,,,1,1,1,0,0,1,2.16808705875883,0,12,18,84,1,0,0,116,21,6,1.73737174464623,0,0.724137931034483,0.0552147239263804,0.050390964378801,0.118095760954731,0,20.5,32.5
2021,REG+POST,00-0031395,G.Gilbert,Garrett Gilbert,QB,QB,"https://static.www.nfl.com/image/private/f_auto,q_auto/league/tqn0pjemxn7hoze93kwa",1,WAS,20,31,194,0,0,2,20,1,0,197,97,8,-2.75039310650145,0,0.984771573604061,0.045351147334656,0,0,0,0,0,0,,0,0,0,0,0,0,0,0,0,0,,0,,,,,0,7.76,7.76
2021,REG+POST,00-0031408,M.Evans,Mike Evans,WR,WR,"https://static.www.nfl.com/image/private/f_auto,q_auto/league/w6eq27k2xs8vawwgkzbl",18,TB,0,0,0,0,0,0,0,0,0,0,0,0,,0,,,1,10,0,0,0,1,0.637556722387672,0,91,140,1271,16,0,0,1747,318,66,78.5273198714408,0,0.727532913566113,0.180412371134021,0.285784393914608,0.470667632441257,0,224.1,315.1
2021,REG+POST,00-0031428,A.Robinson,Allen Robinson,WR,WR,"https://static.www.nfl.com/image/private/f_auto,q_auto/league/tucplhxtb3c626iekuzv",12,CHI,0,0,0,0,0,0,0,0,0,0,0,0,,0,,,0,0,0,0,0,0,,0,38,66,410,1,0,0,755,92,22,8.68141207246804,1,0.543046357615894,0.192419825072886,0.260614428719365,0.471059837712885,0,49.0,87.0
2021,REG+POST,00-0031484,C.Manhertz,Chris Manhertz,TE,TE,"https://static.www.nfl.com/image/private/f_auto,q_auto/league/r645ts6owoqbjuxbzgdl",8,JAX,0,0,0,0,0,0,0,0,0,0,0,0,,0,,,0,0,0,0,0,0,,0,6,9,71,1,0,0,68,26,4,3.15351100254338,0,1.04411764705882,0.0327272727272727,0.0293103448275862,0.0696081504702194,0,13.1,19.1
2021,REG+POST,00-0031503,J.Winston,Jameis Winston,QB,QB,"https://static.www.nfl.com/image/private/f_auto,q_auto/league/eupdyd3zccjeoloqmyfl",7,NO,95,161,1170,14,3,11,69,2,1,1340,578,56,21.8103870389162,0,0.873134328358209,0.121592971001164,32,166,1,0,0,17,16.8806729832431,0,0,0,0,0,0,0,0,0,0,,0,,,,,0,117.4,117.4
2021,REG+POST,00-0031543,T.Long,Ty Long,P,SPEC,"https://static.www.nfl.com/image/private/f_auto,q_auto/league/qpn0xr42mkmkhmpd0nmd",1,LAC,0,1,0,0,0,0,0,0,0,10,0,0,-2.76716072531417,0,0.0,,0,0,0,0,0,0,,0,0,0,0,0,0,0,0,0,0,,0,,,,,0,0.0,0.0
2021,REG+POST,00-0031544,A.Cooper,Amari Cooper,WR,WR,"https://static.www.nfl.com/image/private/f_auto,q_auto/league/zibbxjtein7gpu5zgcj4",16,DAL,0,0,0,0,0,0,0,0,0,0,0,0,,0,,,0,0,0,0,0,0,,0,74,114,929,9,1,0,1241,232,48,51.350285363316,0,0.748589846897663,0.193220338983051,0.262868036432959,0.473838133977648,0,146.9,220.9
2021,REG+POST,00-0031545,K.White,Kevin White,WR,WR,"https://static.www.nfl.com/image/private/f_auto,q_auto/league/u6jclvrydlw6amytmylq",3,NO,0,0,0,0,0,0,0,0,0,0,0,0,,0,,,0,0,0,0,0,0,,0,1,5,38,0,0,0,158,9,1,-1.24805453536101,0,0.240506329113924,0.0490196078431373,0.198243412797993,0.212299800723301,0,3.8,4.8
2021,REG+POST,00-0031547,D.Parker,DeVante Parker,WR,WR,"https://static.www.nfl.com/image/private/f_auto,q_auto/league/beuyfjou6kckaoqqpa96",9,MIA,0,0,0,0,0,0,0,0,0,0,0,0,,0,,,0,0,0,0,0,0,,0,40,73,515,2,0,0,856,104,29,24.0618967613669,0,0.601635514018692,0.237012987012987,0.361486486486487,0.608560021060021,0,63.5,103.5
2021,REG+POST,00-0031549,N.Agholor,Nelson Agholor,WR,WR,"https://static.www.nfl.com/image/private/f_auto,q_auto/league/lfc8g0z3wmxowwggvzqh",15,NE,0,0,0,0,0,0,0,0,0,0,0,0,,0,,,3,11,0,0,0,0,-0.501932865474373,0,38,66,491,3,0,0,948,122,24,0.868006802329276,0,0.517932489451477,0.138364779874214,0.247907949790795,0.381082734664877,0,68.2,106.2
2021,REG+POST,00-0031558,M.Williams,Maxx Williams,TE,TE,"https://static.www.nfl.com/image/private/f_auto,q_auto/league/p0j7ax3rqhrzn5nvmc06",5,ARI,0,0,0,0,0,0,0,0,0,0,0,0,,0,,,0,0,0,0,0,0,,0,16,17,193,1,0,0,90,125,9,15.0714742004056,0,2.14444444444444,0.10828025477707,0.0908173562058527,0.225992531509702,0,25.3,41.3
2021,REG+POST,00-0031585,M.Pruitt,MyCole Pruitt,TE,TE,"https://static.www.nfl.com/image/private/f_auto,q_auto/league/okk2t3ngao7qszoxxcph",10,TEN,0,0,0,0,0,0,0,0,0,0,0,0,,0,,,0,0,0,0,0,0,,0,14,18,145,3,0,0,118,59,10,8.84313614782877,1,1.22881355932203,0.0592105263157895,0.0543778801843318,0.126880305602716,0,34.5,48.5
2021,REG+POST,00-0031588,S.Diggs,Stefon Diggs,WR,WR,"https://static.www.nfl.com/image/private/f_auto,q_auto/league/zf6nbnzcfzu4y7yq2nzk",19,BUF,0,0,0,0,0,1,2,0,0,0,0,0,-0.836327348719351,0,,,0,0,0,0,0,0,,0,109,174,1292,10,1,0,1931,342,68,33.9390142928429,1,0.669083376488866,0.254014598540146,0.332701585113715,0.613913007389819,0,191.2,300.2
2021,REG+POST,00-0031595,M.Burton,Michael Burton,FB,RB,"https://static.www.nfl.com/image/private/f_auto,q_auto/league/y8chssh9pcuzv5uc7nai",11,KC,0,0,0,0,0,0,0,0,0,0,0,0,,0,,,10,30,1,0,0,10,8.71828306798125,0,3,3,31,0,0,0,-5,36,2,0.791232596384361,0,-6.2,0.04,-0.0092592592592592,0.0535185185185185,0,12.1,15.1
2021,REG+POST,00-0031598,N.Boyle,Nick Boyle,TE,TE,"https://static.www.nfl.com/image/private/f_auto,q_auto/league/emqvoudb71kgmkfphmuw",2,BAL,0,0,0,0,0,0,0,0,0,0,0,0,,0,,,0,0,0,0,0,0,,0,1,2,2,0,0,0,3,0,0,-2.07710861979285,0,0.666666666666667,0.0307692307692308,0.0066225165562913,0.0507896077432501,0,0.2,1.2
2021,REG+POST,00-0031610,D.Waller,Darren Waller,TE,TE,"https://static.www.nfl.com/image/private/f_auto,q_auto/league/qqzht46a66zbi9xyylf4",12,LV,0,0,0,0,0,0,0,0,0,0,0,0,,0,,,0,0,0,0,0,0,,0,62,105,741,2,0,0,1032,258,36,17.5079619885986,0,0.718023255813954,0.23542600896861,0.265432098765432,0.538941482588717,0,86.1,148.1
2021,REG+POST,00-0031687,R.Mostert,Raheem Mostert,RB,RB,"https://static.www.nfl.com/image/private/f_auto,q_auto/league/jt7n28bmkyobsxmdbvqu",1,SF,0,0,0,0,0,0,0,0,0,0,0,0,,0,,,2,20,0,0,0,1,1.5217217085883,0,0,0,0,0,0,0,0,0,0,,0,,,,,0,2.0,2.0
2021,REG+POST,00-0031690,E.Tomlinson,Eric Tomlinson,TE,TE,"https://static.www.nfl.com/image/private/f_auto,q_auto/league/swiwooxium4wmas8wq4c",1,BAL,0,0,0,0,0,0,0,0,0,0,0,0,,0,,,0,0,0,0,0,0,,0,1,1,7,0,0,0,3,4,0,0.305387636413798,0,2.33333333333333,0.024390243902439,0.0092879256965944,0.0430869138412746,0,0.7,1.7
2021,REG+POST,00-0031763,D.Carter,DeAndre Carter,WR,WR,"https://static.www.nfl.com/image/private/f_auto,q_auto/league/mh4cvggohuakwwhobzrk",15,WAS,0,0,0,0,0,0,0,0,0,0,0,0,,0,,,10,89,0,1,0,4,2.68775499716867,0,24,44,296,3,0,0,485,78,17,9.94271032941698,0,0.610309278350516,0.106796116504854,0.149368647982753,0.264752228345209,1,62.5,86.5
2021,REG+POST,00-0031787,J.Kumerow,Jake Kumerow,WR,WR,"https://static.www.nfl.com/image/private/f_auto,q_auto/league/lrfqprrjgaeaicqsd0f9",4,BUF,0,0,0,0,0,0,0,0,0,0,0,0,,0,,,0,0,0,0,0,0,,0,2,6,28,0,0,0,86,7,2,-0.4224363178364,0,0.325581395348837,0.037037037037037,0.0638930163447251,0.100280666996863,0,2.8,4.8
2021,REG+POST,00-0031796,J.Coleman,Justin Coleman,CB,DB,"https://static.www.nfl.com/image/private/f_auto,q_auto/league/v4axwk5l0cixta9m4hw7",1,MIA,0,0,0,0,0,0,0,0,0,0,0,0,,0,,,0,0,0,0,0,0,,0,0,0,0,0,0,0,0,0,0,,0,,,,,1,6.0,6.0
2021,REG+POST,00-0031800,T.Heinicke,Taylor Heinicke,QB,QB,"https://static.www.nfl.com/image/private/f_auto,q_auto/league/r9uju522lkr3sq3vwgft",16,WAS,321,494,3419,20,15,38,278,4,2,3779,1747,167,-26.5163155791674,0,0.904736702831437,0.0528011322350882,60,313,1,3,0,20,4.29426229061581,1,1,1,-2,0,0,0,-4,2,0,-1.0956080048345,0,0.0,0.0416666666666667,-0.0242424242424242,0.045530303030303,0,221.86,222.86
2021,REG+POST,00-0031806,M.Brown,Malcolm Brown,RB,RB,"https://static.www.nfl.com/image/private/f_auto,q_auto/league/zxnjheichwlnvvu5qdyl",6,MIA,0,0,0,0,0,0,0,0,0,0,0,0,,0,,,33,125,1,0,0,6,-8.53826775227208,0,3,5,10,0,0,0,-2,8,0,-2.2526608449989,0,-5.0,0.0304878048780488,-0.002002002002002,0.0443303059156718,0,19.5,22.5
2021,REG+POST,00-0031868,D.Byrd,Damiere Byrd,WR,WR,"https://static.www.nfl.com/image/private/f_auto,q_auto/league/cskulleqxehtrgkqsl3u",11,CHI,0,0,0,0,0,0,0,0,0,0,0,0,,0,,,0,0,0,0,0,0,,0,26,38,329,1,0,0,325,116,18,7.92083256049748,1,1.01230769230769,0.0979381443298969,0.123339658444023,0.233244977405661,0,40.9,66.9
2021,REG+POST,00-0031934,D.Smith,Devin Smith,WR,WR,"https://static.www.nfl.com/image/private/f_auto,q_auto/league/sxvloat4tcr7e6eghply",1,JAX,0,0,0,0,0,0,0,0,0,0,0,0,,0,,,0,0,0,0,0,0,,0,0,1,0,0,0,0,19,0,0,-4.46986348193605,0,0.0,0.02,0.0449172576832151,0.0614420803782506,0,0.0,0.0
2021,REG+POST,00-0031941,J.Crowder,Jamison Crowder,WR,WR,"https://static.www.nfl.com/image/private/f_auto,q_auto/league/glmuevjuy3coqf1t3rqj",12,NYJ,0,0,0,0,0,1,3,0,0,0,0,0,-1.35081572039053,1,,,0,0,0,0,0,0,,0,51,71,447,2,1,1,448,174,22,6.59494427510675,1,0.997767857142857,0.16588785046729,0.149383127709236,0.3533999650974,0,58.7,109.7
2021,REG+POST,00-0031951,J.O'Shaughnessy,James O'Shaughnessy,TE,TE,"https://static.www.nfl.com/image/private/f_auto,q_auto/league/sz5g57zhnshipkpw39sz",7,JAX,0,0,0,0,0,0,0,0,0,0,0,0,,0,,,0,0,0,0,0,0,,0,24,34,244,0,0,0,226,114,10,1.35439811055265,1,1.07964601769912,0.130769230769231,0.100668151447661,0.266621552167209,0,26.4,50.4
2021,REG+POST,00-0032009,A.Humphries,Adam Humphries,WR,WR,"https://static.www.nfl.com/image/private/f_auto,q_auto/league/l56ywjejfpraigzs4qia",17,WAS,0,0,0,0,0,0,0,0,0,0,0,0,,0,,,0,0,0,0,0,0,,0,41,62,383,0,0,0,411,158,23,-6.25826899843443,0,0.931873479318735,0.116104868913858,0.101632047477745,0.245299736605208,0,38.3,79.3
2021,REG+POST,00-0032054,B.Perriman,Breshad Perriman,WR,WR,"https://static.www.nfl.com/image/private/f_auto,q_auto/league/zpwov1n42bi5lsqdlxhh",6,TB,0,0,0,0,0,0,0,0,0,0,0,0,,0,,,1,-3,0,0,0,0,-0.7378263422288,0,12,21,172,1,0,0,185,102,5,4.76658885321264,0,0.92972972972973,0.0786516853932584,0.0934815563415867,0.183414617528998,0,22.9,34.9
2021,REG+POST,00-0032058,T.Coleman,Tevin Coleman,RB,RB,"https://static.www.nfl.com/image/private/f_auto,q_auto/league/wiu4r7bvhcafs9vamqc",11,NYJ,0,0,0,0,0,0,0,0,0,0,0,0,,0,,,84,356,0,0,0,19,-5.87963856130955,0,11,16,49,0,0,0,-23,88,2,-2.32467770623043,0,-2.1304347826087,0.0653061224489796,-0.0133488102147417,0.0886150165231502,0,40.5,51.5
2021,REG+POST,00-0032062,B.Bell,Blake Bell,TE,TE,"https://static.www.nfl.com/image/private/f_auto,q_auto/league/eqrmmjto8koqqc9j2kjj",12,KC,0,0,0,0,0,0,0,0,0,0,0,0,,0,,,4,10,0,0,0,4,3.28366534638917,0,10,14,90,0,0,0,30,71,4,0.846717094769701,0,3.0,0.0339805825242718,0.0123813454395378,0.0596378155940842,0,10.0,20.0
2021,REG+POST,00-0032063,M.Davis,Mike Davis,RB,RB,"https://static.www.nfl.com/image/private/f_auto,q_auto/league/csrqinegeyunycijua2q",17,ATL,0,0,0,0,0,0,0,0,0,0,0,0,,0,,,138,503,3,2,1,21,-17.8081071490014,0,44,58,259,1,2,2,-52,306,12,-23.2166593079061,0,-4.98076923076923,0.112621359223301,-0.0141960141960142,0.158994828897742,0,94.2,138.2
2021,REG+POST,00-0032098,D.Brown,Daniel Brown,TE,TE,"https://static.www.nfl.com/image/private/f_auto,q_auto/league/fnhg5hbp5sjn3uuanqua",1,NYJ,0,0,0,0,0,0,0,0,0,0,0,0,,0,,,0,0,0,0,0,0,,0,2,2,29,0,0,0,7,22,1,1.33121470594779,0,4.14285714285714,0.0666666666666667,0.033175355450237,0.123222748815166,0,2.9,4.9
2021,REG+POST,00-0032104,A.Abdullah,Ameer Abdullah,RB,RB,"https://static.www.nfl.com/image/private/f_auto,q_auto/league/cvjebibvlvv8bclqyc8a",15,CAR,0,0,0,0,0,0,0,0,0,0,0,0,,0,,,51,166,0,0,0,8,-10.994161704571,0,38,53,289,1,0,0,43,294,13,-6.71509952953683,0,6.72093023255814,0.128953771289538,0.0150454863540938,0.203962497382172,0,51.5,89.5
2021,REG+POST,00-0032128,C.Conley,Chris Conley,WR,WR,"https://static.www.nfl.com/image/private/f_auto,q_auto/league/wddhtkz5tmo47x5s3qnq",14,HOU,0,0,0,0,0,0,0,0,0,0,0,0,,0,,,1,3,0,0,0,1,0.4300111241173,0,22,37,323,2,1,1,340,126,15,10.7344729667375,0,0.95,0.0852534562211982,0.111220150474321,0.205734289663822,0,42.6,64.6
2021,REG+POST,00-0032134,C.Uzomah,C.J. Uzomah,TE,TE,"https://static.www.nfl.com/image/private/f_auto,q_auto/league/hnkflpl5pzbfbdvtcv1c",20,CIN,0,0,0,0,0,0,0,0,0,0,0,0,,0,,,0,0,0,0,0,0,,0,64,81,639,6,0,0,359,380,31,26.239459144924,0,1.77994428969359,0.125193199381762,0.0709486166007905,0.237453830693196,0,99.9,163.9
2021,REG+POST,00-0032135,J.James,Jesse James,TE,TE,"https://static.www.nfl.com/image/private/f_auto,q_auto/league/rgk9zqdx9lmbcblem3xn",4,CHI,0,0,0,0,0,0,0,0,0,0,0,0,,0,,,0,0,0,0,0,0,,0,7,8,62,1,0,0,54,18,3,2.0551499077072,0,1.14814814814815,0.0625,0.0501392757660167,0.128847493036212,0,12.2,19.2
2021,REG+POST,00-0032141,G.Swaim,Geoff Swaim,TE,TE,"https://static.www.nfl.com/image/upload/f_auto,q_auto/league/hx9yaocl4a6owbwaqajy",16,TEN,0,0,0,0,0,0,0,0,0,0,0,0,,0,,,0,0,0,0,0,0,,0,31,40,210,3,0,0,146,139,12,9.25205968681257,0,1.43835616438356,0.0849256900212314,0.0423188405797101,0.157011723437644,0,39.0,70.0
2021,REG+POST,00-0032144,M.Gordon,Melvin Gordon,RB,RB,"https://static.www.nfl.com/image/private/f_auto,q_auto/league/i4g8x7yotpgszlyanow0",16,DEN,0,0,0,0,0,0,0,0,0,0,0,0,,0,,,203,918,8,3,3,48,-18.8745549496671,0,28,38,213,2,0,0,12,186,9,-2.6175525314612,0,17.75,0.0833333333333333,0.0034632034632034,0.127424242424242,0,167.1,195.1
2021,REG+POST,00-0032156,T.Siemian,Trevor Siemian,QB,QB,"https://static.www.nfl.com/image/private/f_auto,q_auto/league/vmksfbms9zefxezf39sb",6,NO,108,188,1154,11,3,9,64,3,1,1329,507,61,-6.7043056882345,0,0.868322046651618,0.0328594454846213,9,20,1,0,0,2,-3.77158512477763,0,0,0,0,0,0,0,0,0,0,,0,,,,,0,90.16,90.16
2021,REG+POST,00-0032160,T.Williams,Tyrell Williams,WR,WR,"https://static.www.nfl.com/image/private/f_auto,q_auto/league/qixhze7yidydtc1vyeih",1,DET,0,0,0,0,0,0,0,0,0,0,0,0,,0,,,0,0,0,0,0,0,,0,2,3,14,0,0,0,13,8,1,0.79947291181982,0,1.07692307692308,0.0535714285714286,0.0372492836676218,0.106431641424478,0,1.4,3.4
2021,REG+POST,00-0032187,D.Johnson,David Johnson,RB,RB,"https://static.www.nfl.com/image/private/f_auto,q_auto/league/y7dtsyyjnoafefkbylbb",13,HOU,0,0,0,0,0,0,0,0,0,0,0,0,,0,,,67,228,0,1,1,7,-21.6784528842545,0,32,42,225,1,0,0,87,191,11,-8.56870917309846,0,2.58620689655172,0.114441416893733,0.0307094952347335,0.193158772004913,0,49.3,81.3
2021,REG+POST,00-0032200,T.Montgomery,Ty Montgomery,WR,WR,"https://static.www.nfl.com/image/private/f_auto,q_auto/league/eagn4fvhnc9cp3wxeqoz",11,NO,0,0,0,0,0,0,0,0,0,0,0,0,,0,,,15,44,0,0,0,2,-6.02045034448383,0,16,26,95,0,0,0,46,87,5,-4.37627490650205,0,2.06521739130435,0.103585657370518,0.0372168284789644,0.181430265991052,0,13.9,29.9
2021,REG+POST,00-0032208,P.Dorsett,Phillip Dorsett,WR,WR,"https://static.www.nfl.com/image/private/f_auto,q_auto/league/g69i8oxbeeqpjz5kvoqo",5,HOU,0,0,0,0,0,0,0,0,0,0,0,0,,0,,,1,0,0,0,0,0,-0.528008469147608,0,7,14,110,0,0,0,210,27,3,-0.90202973821239,0,0.523809523809524,0.0833333333333333,0.198675496688742,0.264072847682119,0,11.0,18.0
2021,REG+POST,00-0032211,T.Lockett,Tyler Lockett,WR,WR,"https://static.www.nfl.com/image/private/f_auto,q_auto/league/f9wttnkcqc2scahf9oth",16,SEA,0,0,0,0,0,0,0,0,0,0,0,0,,0,,,2,9,0,0,0,0,-0.155222098401282,0,73,107,1175,8,0,0,1562,277,41,52.5691462435526,1,0.752240717029449,0.239910313901345,0.385203452527744,0.629507887621438,0,168.4,241.4
2021,REG+POST,00-0032214,T.Kroft,Tyler Kroft,TE,TE,"https://static.www.nfl.com/image/private/f_auto,q_auto/league/ztko1uhl01ebiutefibj",9,NYJ,0,0,0,0,0,0,0,0,0,0,0,0,,0,,,0,0,0,0,0,0,,0,16,25,173,1,0,0,144,74,9,5.4017754854514,0,1.20138888888889,0.0836120401337793,0.0657534246575342,0.171445457460943,0,23.3,39.3
2021,REG+POST,00-0032245,S.Mannion,Sean Mannion,QB,QB,"https://static.www.nfl.com/image/private/f_auto,q_auto/league/lcuc7hhiijmt8xtitm77",1,MIN,22,36,189,1,0,2,15,0,0,233,94,8,-10.9115954580929,0,0.811158798283262,-0.003662178090868,2,14,0,0,0,2,2.50176163506694,0,0,0,0,0,0,0,0,0,0,,0,,,,,0,12.96,12.96
2021,REG+POST,00-0032257,D.Johnson,Duke Johnson,RB,RB,"https://static.www.nfl.com/image/private/f_auto,q_auto/league/hf7lxjjesduggqdfktsg",5,MIA,0,0,0,0,0,0,0,0,0,0,0,0,,0,,,71,330,3,0,0,18,-1.47177171659072,0,4,5,41,0,0,0,-8,51,3,1.96116114751203,0,-5.125,0.0588235294117647,-0.0105960264900662,0.0808180755746007,0,55.1,59.1
2021,REG+POST,00-0032268,M.Mariota,Marcus Mariota,QB,QB,"https://static.www.nfl.com/image/private/f_auto,q_auto/league/dpbdwpmpd9vht8hzqqq6",7,LV,1,2,4,0,0,0,0,0,0,31,8,0,-0.720428425469436,0,0.129032258064516,,13,87,1,1,0,6,7.2433208815637,0,0,0,0,0,0,0,0,0,0,,0,,,,,0,14.86,14.86
2021,REG+POST,00-0032355,C.Rogers,Chester Rogers,WR,WR,"https://static.www.nfl.com/image/private/f_auto,q_auto/league/lkszsifhpwtjpvjvlxw5",17,TEN,0,0,0,0,0,0,0,0,0,0,0,0,,0,,,1,9,0,0,0,0,0.751375535386615,0,31,45,304,1,0,0,311,107,12,-3.71298520784645,0,0.977491961414791,0.0867052023121387,0.0790946083418108,0.185424029307476,0,37.3,68.3
2021,REG+POST,00-0032381,T.Decker,Taylor Decker,T,OL,"https://static.www.nfl.com/image/private/f_auto,q_auto/league/wh3o6mnivndt8afzczel",2,DET,0,0,0,0,0,0,0,0,0,0,0,0,,0,,,0,0,0,0,0,0,,0,2,2,4,1,0,0,3,1,1,0.1940252922941,0,1.33333333333333,0.0266666666666667,0.0056285178236397,0.0439399624765478,0,6.4,8.4
2021,REG+POST,00-0032385,S.Shepard,Sterling Shepard,WR,WR,"https://static.www.nfl.com/image/private/f_auto,q_auto/league/qbsz1nkk6lnudmcwimer",7,NYG,0,0,0,0,0,0,0,0,0,0,0,0,,0,,,1,-9,0,0,0,0,-1.43972287885845,0,36,53,366,1,0,0,404,111,19,1.81747755290001,0,0.905940594059406,0.208661417322835,0.206649616368286,0.457646857442053,0,41.7,77.7
2021,REG+POST,00-0032392,A.Hooper,Austin Hooper,TE,TE,"https://static.www.nfl.com/image/private/f_auto,q_auto/league/jp2z8s6pcanbitupycwc",15,CLE,0,0,0,0,0,0,0,0,0,0,0,0,,0,,,0,0,0,0,0,0,,0,38,61,345,3,0,0,328,185,18,18.9685033067442,1,1.05182926829268,0.146282973621103,0.092524682651622,0.28419173828779,0,54.5,92.5
2021,REG+POST,00-0032394,N.Vannett,Nick Vannett,TE,TE,"https://static.www.nfl.com/image/private/f_auto,q_auto/league/cccwwxb6tvsfhm3ylqul",7,NO,0,0,0,0,0,0,0,0,0,0,0,0,,0,,,0,0,0,0,0,0,,0,9,15,133,1,0,0,83,92,7,6.71677217731671,0,1.60240963855422,0.078125,0.063504208110176,0.161640445677123,0,19.3,28.3
2021,REG+POST,00-0032398,C.Moore,Chris Moore,WR,WR,"https://static.www.nfl.com/image/private/f_auto,q_auto/league/tov68mj1pddkbfsfuajn",8,HOU,0,0,0,0,0,0,0,0,0,0,0,0,,0,,,0,0,0,0,0,0,,0,21,22,227,2,0,0,90,150,6,7.92604096379364,0,2.52222222222222,0.0869565217391304,0.0460358056265985,0.162659846547315,0,34.7,55.7
2021,REG+POST,00-0032426,A.Collins,Alex Collins,RB,RB,"https://static.www.nfl.com/image/private/f_auto,q_auto/league/ddlhbm7zsi5o69wh6z5o",11,SEA,0,0,0,0,0,0,0,0,0,0,0,0,,0,,,108,411,2,0,0,22,-12.090981805406,0,9,10,87,0,1,1,2,96,3,-1.43144154545735,0,43.5,0.0497512437810945,0.0017452006980802,0.075848506160298,0,59.8,68.8
2021,REG+POST,00-0032434,B.Allen,Brandon Allen,QB,QB,"https://static.www.nfl.com/image/private/f_auto,q_auto/league/bru1tv2adumstssu7bqw",5,CIN,17,34,149,2,0,4,33,1,0,174,120,5,-10.6450854696045,0,0.85632183908046,-0.070069038084762,7,-1,0,0,0,1,-6.82555352622876,0,0,0,0,0,0,0,0,0,0,,0,,,,,0,13.86,13.86
2021,REG+POST,00-0032450,D.Washington,Dwayne Washington,RB,RB,"https://static.www.nfl.com/image/private/f_auto,q_auto/league/h1nintlpbk2zyxerjpy4",3,NO,0,0,0,0,0,0,0,0,0,0,0,0,,0,,,4,16,0,0,0,0,-0.221869002562016,0,2,2,12,0,0,0,2,10,0,-0.0143035751243588,0,6.0,0.032258064516129,0.0103626943005181,0.0556409827845562,0,2.8,4.8
2021,REG+POST,00-0032464,K.Raymond,Kalif Raymond,WR,WR,"https://static.www.nfl.com/image/private/f_auto,q_auto/league/q2kahfn76dnnb1uxxorv",16,DET,0,0,0,0,0,0,0,0,0,0,0,0,,0,,,4,28,0,0,0,2,1.41380493855104,0,48,71,576,4,0,0,725,262,27,17.0472832758532,0,0.79448275862069,0.134469696969697,0.208993946382243,0.348000307922115,0,84.4,132.4
2021,REG+POST,00-0032496,M.Farley,Matthias Farley,FS,DB,"https://static.www.nfl.com/image/private/f_auto,q_auto/league/yz4nj2cu0emfjudr3ofz",1,TEN,1,1,6,0,0,0,0,0,0,4,2,1,3.06227189977653,0,1.5,,0,0,0,0,0,0,,0,0,0,0,0,0,0,0,0,0,,0,,,,,0,0.24,0.24
2021,REG+POST,00-0032543,A.Erickson,Alex Erickson,WR,WR,"https://static.www.nfl.com/image/private/f_auto,q_auto/league/tnd77vbkyo8srrrkaisu",4,CAR,0,0,0,0,0,0,0,0,0,0,0,0,,0,,,0,0,0,0,0,0,,0,3,4,55,0,0,0,33,30,2,1.91760590166086,0,1.66666666666667,0.0273972602739726,0.0241051862673484,0.0579695207981028,0,5.5,8.5
2021,REG+POST,00-0032602,J.McKissic,J.D. McKissic,RB,RB,"https://static.www.nfl.com/image/private/f_auto,q_auto/league/zi77vkqwrmklt5ic6lc6",11,WAS,0,0,0,0,0,0,0,0,0,0,0,0,,0,,,48,212,2,0,0,14,3.94742741785012,0,43,53,397,2,0,0,31,380,15,13.8795399948386,0,12.8064516129032,0.147222222222222,0.0112727272727273,0.228724242424242,0,84.9,127.9
2021,REG+POST,00-0032626,G.Allison,Geronimo Allison,WR,WR,"https://static.www.nfl.com/image/private/f_auto,q_auto/league/pngohl9rhrwyiaf7ywnz",1,DET,0,0,0,0,0,0,0,0,0,0,0,0,,0,,,0,0,0,0,0,0,,0,0,2,0,0,0,0,20,0,0,-1.21637288200834,0,0.0,0.0625,0.141843971631206,0.193040780141844,0,0.0,0.0
2021,REG+POST,00-0032688,R.Chosen,Robbie Chosen,WR,WR,"https://static.www.nfl.com/image/private/f_auto,q_auto/league/hkcncqfwusv19fah3mbt",17,CAR,0,0,0,0,0,0,0,0,0,0,0,0,,0,,,3,36,0,0,0,1,2.22492585459258,0,53,110,519,5,0,0,1156,158,27,-28.5943300228586,0,0.448961937716263,0.191304347826087,0.26827570201903,0.474749513152451,0,85.5,138.5
2021,REG+POST,00-0032725,S.Anderson,Stephen Anderson,TE,TE,"https://static.www.nfl.com/image/private/f_auto,q_auto/league/inufsxftnotmpeot1lh2",11,LAC,0,0,0,0,0,0,0,0,0,0,0,0,,0,,,0,0,0,0,0,0,,0,16,19,165,1,0,0,67,115,9,7.20989115905832,0,2.46268656716418,0.0455635491606715,0.0219312602291326,0.0836972059014,0,22.5,38.5
2021,REG+POST,00-0032741,P.Barber,Peyton Barber,RB,RB,"https://static.www.nfl.com/image/private/f_auto,q_auto/league/yjcjcrdiztmfwjgcfbux",9,LV,0,0,0,0,0,0,0,0,0,0,0,0,,0,,,55,212,2,2,0,12,-9.86762250050215,0,10,13,67,0,0,0,20,73,3,-0.0441777537344024,0,3.35,0.0613207547169811,0.0120192307692308,0.100394593613933,0,39.9,49.9
2021,REG+POST,00-0032764,D.Henry,Derrick Henry,RB,RB,"https://static.www.nfl.com/image/private/f_auto,q_auto/league/xpewyoieoj7zeub4fvff",9,TEN,1,1,5,1,0,0,0,0,0,5,0,1,1.03209029574646,0,1.0,,239,999,11,1,0,54,-9.43185670875346,1,18,20,154,0,0,0,-3,160,7,9.71497040960821,0,-51.3333333333333,0.099009900990099,-0.0018292682926829,0.14723436368027,0,187.5,205.5
2021,REG+POST,00-0032775,D.Robinson,Demarcus Robinson,WR,WR,"https://static.www.nfl.com/image/private/f_auto,q_auto/league/ceqqkylismka583qo9kk",17,KC,0,0,0,0,0,0,0,0,0,0,0,0,,0,,,0,0,0,0,0,0,,0,29,50,340,3,0,0,495,90,16,3.3477442947241,0,0.686868686868687,0.0747384155455904,0.103211009174312,0.184355329740404,0,52.0,81.0
2021,REG+POST,00-0032778,T.Sharpe,Tajae Sharpe,WR,WR,"https://static.www.nfl.com/image/private/f_auto,q_auto/league/c8fgfxrl2gmdv8thgw1p",14,ATL,0,0,0,0,0,0,0,0,0,0,0,0,,0,,,0,0,0,0,0,0,,0,25,37,230,0,0,0,347,69,14,4.76819341704452,0,0.662824207492795,0.0772442588726514,0.107032695866749,0.190789275415701,0,23.0,48.0
2021,REG+POST,00-0032780,J.Howard,Jordan Howard,RB,RB,"https://static.www.nfl.com/image/private/f_auto,q_auto/league/nbvb6bsrmjupmqrrf1n4",8,PHI,0,0,0,0,0,0,0,0,0,0,0,0,,0,,,86,406,3,0,0,24,-0.571893505462789,0,3,6,26,0,0,0,5,25,2,-1.13096714031417,0,5.2,0.0625,0.0053995680345572,0.0975296976241901,0,61.2,64.2
2021,REG+POST,00-0032782,W.Smallwood,Wendell Smallwood,RB,RB,"https://static.www.nfl.com/image/private/f_auto,q_auto/league/r20rhl0c17ql8dtnl5kz",2,WAS,0,0,0,0,0,0,0,0,0,0,0,0,,0,,,5,25,0,0,0,2,0.765405635931529,0,4,5,22,0,0,0,3,14,0,-1.47583956969902,0,7.33333333333333,0.078125,0.0081967213114754,0.122925204918033,0,4.7,8.7
2021,REG+POST,00-0032790,D.Houston-Carson,DeAndre Houston-Carson,FS,DB,"https://static.www.nfl.com/image/private/f_auto,q_auto/league/fxpb4ojlixre6s7tn5ru",1,CHI,0,0,0,0,0,0,0,0,0,0,0,0,,0,,,0,0,0,0,0,0,,0,0,0,0,0,0,0,0,0,0,,0,,,,,1,6.0,6.0
2021,REG+POST,00-0032791,J.Grant,Jakeem Grant,WR,WR,"https://static.www.nfl.com/image/private/f_auto,q_auto/league/f2ujcvb61rknhjyxcrsu",7,CHI,0,0,0,0,0,0,0,0,0,0,0,0,,0,,,5,33,0,0,0,2,0.943557511724066,0,11,17,132,2,1,1,80,103,7,2.44266299367882,0,1.65,0.0794392523364486,0.0482800241400121,0.152954895402681,1,32.5,43.5
2021,REG+POST,00-0032807,C.Fejedelem,Clayton Fejedelem,SS,DB,"https://static.www.nfl.com/image/private/f_auto,q_auto/league/mlxzah8tensxhgwc7z3x",1,MIA,0,0,0,0,0,0,0,0,0,0,0,0,,0,,,1,0,0,1,1,0,-3.50586333242245,0,0,0,0,0,0,0,0,0,0,,0,,,,,0,-2.0,-2.0
2021,REG+POST,00-0032813,E.Penny,Elijhaa Penny,RB,RB,"https://static.www.nfl.com/image/private/f_auto,q_auto/league/jiebuu94lu81xzneqrsf",11,NYG,0,0,0,0,0,0,0,0,0,0,0,0,,0,,,24,99,1,0,0,9,-0.544192561386028,1,9,13,30,1,0,0,-4,36,4,-4.11426882405067,0,-7.5,0.0541666666666667,-0.002745367192862,0.0793282429649966,0,26.9,35.9
2021,REG+POST,00-0032881,T.Lewis,Tommylee Lewis,WR,WR,"https://static.www.nfl.com/image/private/f_auto,q_auto/league/qvf3ud6rgqusejdd4f5u",1,MIA,0,0,0,0,0,0,0,0,0,0,0,0,,0,,,0,0,0,0,0,0,,0,1,2,7,0,0,0,6,11,1,0.253530551446602,0,1.16666666666667,0.0769230769230769,0.0304568527918782,0.13670441233893,0,0.7,1.7
2021,REG+POST,00-0032897,D.Watt,Derek Watt,FB,RB,"https://static.www.nfl.com/image/private/f_auto,q_auto/league/jrhk6npb7u3tmgzt7rwn",5,PIT,0,0,0,0,0,0,0,0,0,0,0,0,,0,,,1,1,0,0,0,1,2.14324945467524,0,3,4,15,0,0,0,-1,16,0,-0.117676561116241,0,-15.0,0.0224719101123596,-0.0068027210884353,0.0289459604066346,0,1.6,4.6
2021,REG+POST,00-0032918,C.Ham,C.J. Ham,FB,RB,"https://static.www.nfl.com/image/private/f_auto,q_auto/league/oyy0xpxazac9lbt7z8zm",15,MIN,0,0,0,0,0,0,0,0,0,0,0,0,,0,,,7,34,0,0,0,3,0.11409412935609,0,17,18,125,0,0,0,67,61,6,0.285948918841314,0,1.86567164179104,0.0497237569060774,0.0241702741702742,0.0915048272783079,0,15.9,32.9
2021,REG+POST,00-0032943,R.Dixon,Riley Dixon,P,SPEC,"https://static.www.nfl.com/image/private/f_auto,q_auto/league/qummyltudg8zskn0si4v",1,NYG,0,1,0,0,0,0,0,0,0,13,0,0,-2.85103766736574,0,0.0,,0,0,0,0,0,0,,0,0,0,0,0,0,0,0,0,0,,0,,,,,0,0.0,0.0
2021,REG+POST,00-0032950,C.Wentz,Carson Wentz,QB,QB,"https://static.www.nfl.com/image/private/f_auto,q_auto/league/indtay8ngoq8ubhhydbp",17,IND,322,516,3563,27,7,32,227,4,4,3937,1650,165,12.8467300000473,2,0.90500381000762,0.0702434031890498,57,215,1,4,1,21,8.80490185829222,0,0,0,0,0,0,0,0,0,0,,0,,,,,0,258.02,258.02
2021,REG+POST,00-0032951,L.Treadwell,Laquon Treadwell,WR,WR,"https://static.www.nfl.com/image/private/f_auto,q_auto/league/k5zobcutuqqnd1cxqplo",12,JAX,0,0,0,0,0,0,0,0,0,0,0,0,,0,,,0,0,0,0,0,0,,0,33,51,434,1,0,0,613,122,22,23.1323142503435,0,0.707993474714519,0.129441624365482,0.192102789094328,0.328634388914253,0,49.4,82.4
2021,REG+POST,00-0032956,A.Janovich,Andy Janovich,FB,RB,"https://static.www.nfl.com/image/private/f_auto,q_auto/league/w4nnz0yrfilgpexcseqy",5,CLE,0,0,0,0,0,0,0,0,0,0,0,0,,0,,,2,0,1,0,0,1,0.420954257424455,0,3,4,9,0,0,0,9,4,1,0.189477976877242,1,1.0,0.0425531914893617,0.0111111111111111,0.0716075650118203,0,8.9,11.9
2021,REG+POST,00-0032972,D.Booker,Devontae Booker,RB,RB,"https://static.www.nfl.com/image/private/f_auto,q_auto/league/y5fw68qxcmxykv1uchlo",16,NYG,0,0,0,0,0,0,0,0,0,0,0,0,,0,,,145,593,2,0,0,31,-13.0684032377845,0,40,45,268,1,0,0,-12,297,11,5.79598372915643,0,-22.3333333333333,0.0850661625708885,-0.003680981595092,0.125022556739768,0,104.1,144.1
2021,REG+POST,00-0032975,J.Williams,Jonathan Williams,RB,RB,"https://static.www.nfl.com/image/private/f_auto,q_auto/league/dnlboggtjcflj9fxauub",5,WAS,0,0,0,0,0,0,0,0,0,0,0,0,,0,,,17,79,1,0,0,7,7.31190442910884,0,4,6,28,0,0,0,-14,36,2,-8.52761055552401,0,-2.0,0.0618556701030928,-0.0183727034120735,0.0799226127661877,0,16.7,20.7
2021,REG+POST,00-0032977,R.Higgins,Rashard Higgins,WR,WR,"https://static.www.nfl.com/image/private/f_auto,q_auto/league/mdn4he3iuc2mwx3cfvfj",12,CLE,0,0,0,0,0,0,0,0,0,0,0,0,,0,,,0,0,0,0,0,0,,0,24,47,275,1,0,0,546,41,16,5.27309531600001,0,0.503663003663004,0.129120879120879,0.181757656458056,0.320911678201958,0,33.5,57.5
2021,REG+POST,00-0032980,M.Johnson,Marcus Johnson,WR,WR,"https://static.www.nfl.com/image/private/f_auto,q_auto/league/pwq2yi4ewqtsx6buynay",7,TEN,0,0,0,0,0,0,0,0,0,0,0,0,,0,,,2,-2,0,0,0,1,-1.42043848498724,0,9,19,160,0,0,0,171,95,7,0.285265531332698,0,0.935672514619883,0.103825136612022,0.128378378378378,0.245602569782898,0,15.8,24.8
2021,REG+POST,00-0033006,J.Mickens,Jaydon Mickens,WR,WR,"https://static.www.nfl.com/image/private/f_auto,q_auto/league/edjmdcnmfcqucsqym7ku",2,JAX,0,0,0,0,0,0,0,0,0,0,0,0,,0,,,0,0,0,0,0,0,,0,2,3,10,0,0,0,58,3,1,0.590312995249406,0,0.172413793103448,0.0461538461538462,0.139423076923077,0.166826923076923,0,1.0,3.0
2021,REG+POST,00-0033009,T.Boyd,Tyler Boyd,WR,WR,"https://static.www.nfl.com/image/private/f_auto,q_auto/league/vconwllovf9jqxpu9mow",20,CIN,1,1,46,0,0,0,0,0,0,-4,50,1,3.19244362713653,0,0.0,,3,25,0,0,0,1,0.377438801340759,0,82,114,938,6,1,0,833,432,44,24.5231608958359,0,1.12605042016807,0.176197836166924,0.164624505928854,0.379533908400584,0,134.14,216.14
2021,REG+POST,00-0033025,J.Richard,Jalen Richard,RB,RB,"https://static.www.nfl.com/image/private/f_auto,q_auto/league/evmn0ccnvk73tukpmk5f",9,LV,0,0,0,0,0,0,0,0,0,0,0,0,,0,,,9,40,0,0,0,3,-1.32040608338119,0,13,16,76,0,0,0,3,75,4,-3.73050922434777,0,25.3333333333333,0.0511182108626198,0.001243265644426,0.0775476022450279,0,11.6,24.6
2021,REG+POST,00-0033040,T.Hill,Tyreek Hill,WR,WR,"https://static.www.nfl.com/image/private/f_auto,q_auto/league/lsszbdnkusxc7mduw5be",20,KC,0,0,0,0,0,0,0,0,0,0,0,0,,0,,,10,94,0,0,0,4,2.17423440841958,0,134,187,1524,12,2,1,1884,579,87,72.0914944041126,0,0.808917197452229,0.248010610079576,0.354401805869075,0.620097179227716,0,231.8,365.8
2021,REG+POST,00-0033045,E.Elliott,Ezekiel Elliott,RB,RB,"https://static.www.nfl.com/image/upload/f_auto,q_auto/league/qf0zgze0wkbvu9rlvolf",18,DAL,1,1,4,0,0,0,0,0,0,-4,8,0,-0.79311397834681,0,0.0,,249,1033,10,1,1,59,-21.6114082802041,3,48,69,287,2,0,0,14,318,17,-4.65758201875761,0,20.5,0.101620029455081,0.0029920923274203,0.154524508811816,0,208.16,256.16
2021,REG+POST,00-0033077,D.Prescott,Dak Prescott,QB,QB,"https://static.www.nfl.com/image/private/f_auto,q_auto/league/knx0jxponzfkusnyvjkn",17,DAL,433,639,4703,38,11,35,184,8,3,5001,2126,238,95.0131012596827,2,0.940411917616477,0.0973343770172967,52,173,2,8,3,9,-22.8443108967885,1,0,0,0,0,0,0,0,0,0,,0,,,,,0,341.42,341.42
2021,REG+POST,00-0033090,H.Henry,Hunter Henry,TE,TE,"https://static.www.nfl.com/image/private/f_auto,q_auto/league/sdjob9akppefyo7py5tj",17,NE,0,0,0,0,0,0,0,0,0,0,0,0,,0,,,0,0,0,0,0,0,,0,51,79,633,9,0,0,783,151,35,30.7812721128482,0,0.808429118773946,0.142086330935252,0.174972067039106,0.335609943330252,0,117.3,168.3
2021,REG+POST,00-0033094,M.Hall,Marvin Hall,WR,WR,"https://static.www.nfl.com/image/private/f_auto,q_auto/league/dgyruyvyeuy4cwxhysox",1,ATL,0,0,0,0,0,0,0,0,0,0,0,0,,0,,,0,0,0,0,0,0,,0,1,1,10,0,0,0,5,5,1,1.1529732060153,0,2.0,0.0454545454545455,0.0303030303030303,0.0893939393939394,0,1.0,2.0
2021,REG+POST,00-0033095,G.Griffin,Garrett Griffin,TE,TE,"https://static.www.nfl.com/image/private/f_auto,q_auto/league/ss70hidq9xcteze3rdeg",2,NO,0,0,0,0,0,0,0,0,0,0,0,0,,0,,,0,0,0,0,0,0,,0,4,4,39,0,1,0,12,27,2,2.2624495245982,0,3.25,0.0526315789473684,0.024948024948025,0.0964109858846701,0,3.9,7.9
2021,REG+POST,00-0033106,J.Goff,Jared Goff,QB,QB,"https://static.www.nfl.com/image/private/f_auto,q_auto/league/nyitt4ybuzopzjzddafi",14,DET,332,494,3245,19,8,35,280,6,4,3148,1754,162,-28.7960835443533,4,1.03081321473952,0.0390077745761996,17,87,0,3,2,4,-13.9135212544352,0,0,0,0,0,0,0,0,0,0,,0,,,,,0,194.5,194.5
2021,REG+POST,00-0033110,T.Higbee,Tyler Higbee,TE,TE,"https://static.www.nfl.com/image/private/f_auto,q_auto/league/vk9c6lr4d1pdt9sr86ua",18,LA,0,0,0,0,0,0,0,0,0,0,0,0,,0,,,0,0,0,0,0,0,,0,70,99,675,5,1,0,561,320,40,9.26722784030274,0,1.20320855614973,0.154929577464789,0.101612026806738,0.3035227849619,0,97.5,167.5
2021,REG+POST,00-0033111,P.Cooper,Pharoh Cooper,WR,WR,"https://static.www.nfl.com/image/private/f_auto,q_auto/league/mnsqfcfqiehw5aocr1lg",6,NYG,0,0,0,0,0,0,0,0,0,0,0,0,,0,,,1,3,0,0,0,0,-0.194386996794492,0,4,11,33,0,0,0,79,7,1,-10.6204814410503,0,0.417721518987342,0.0582010582010582,0.0592203898050975,0.128755860165156,0,3.6,7.6
2021,REG+POST,00-0033114,M.Thomas,Mike Thomas,WR,WR,"https://static.www.nfl.com/image/private/f_auto,q_auto/league/sytj4awk8kseyootqzec",8,CIN,0,0,0,0,0,0,0,0,0,0,0,0,,0,,,0,0,0,0,0,0,,0,6,12,69,0,0,0,118,21,3,-2.10381932613091,0,0.584745762711864,0.051948051948052,0.0778364116094987,0.132407566048727,0,6.9,12.9
2021,REG+POST,00-0033118,K.Drake,Kenyan Drake,RB,RB,"https://static.www.nfl.com/image/private/f_auto,q_auto/league/rp5apwel9vuk49b4lykn",12,LV,0,0,0,0,0,0,0,0,0,0,0,0,,0,,,63,254,2,0,0,15,-9.10874572265311,0,30,40,291,1,0,0,71,259,12,5.37560965719901,0,4.09859154929578,0.0995024875621891,0.0205320994794679,0.163626200978911,0,72.5,102.5
2021,REG+POST,00-0033119,J.Brissett,Jacoby Brissett,QB,QB,"https://static.www.nfl.com/image/private/f_auto,q_auto/league/wapkj7gxu9waxattqkok",10,MIA,141,225,1283,5,4,19,132,6,3,1703,508,69,-23.9110213116116,1,0.753376394597769,0.024827709183498,19,70,1,0,0,9,3.04190991976066,0,0,0,0,0,0,0,0,0,0,,0,,,,,0,72.32,72.32
2021,REG+POST,00-0033127,W.Fuller,Will Fuller,WR,WR,"https://static.www.nfl.com/image/private/f_auto,q_auto/league/dgemxvhu8ffqmvmqczks",2,MIA,0,0,0,0,0,0,0,0,0,0,0,0,,0,,,0,0,0,0,0,0,,0,4,8,26,0,0,0,131,10,3,-0.749100679648109,1,0.198473282442748,0.103896103896104,0.219798657718121,0.30970321624684,0,4.6,8.6
2021,REG+POST,00-0033215,C.Grayson,Cyril Grayson,WR,WR,"https://static.www.nfl.com/image/private/f_auto,q_auto/league/klv5np9csnnm6p6zpkcs",3,TB,0,0,0,0,0,0,0,0,0,0,0,0,,0,,,1,14,0,0,0,1,1.01729571720352,0,10,12,212,2,0,0,185,70,8,17.2843609300908,0,1.14594594594595,0.100840336134454,0.16636690647482,0.267717338734055,0,34.6,44.6
2021,REG+POST,00-0033217,M.Alie-Cox,Mo Alie-Cox,TE,TE,"https://static.www.nfl.com/image/private/f_auto,q_auto/league/vaiszuzdtyszme2bkfxv",17,IND,0,0,0,0,0,0,0,0,0,0,0,0,,0,,,0,0,0,0,0,0,,0,24,45,316,4,1,0,442,150,14,8.91981320666043,0,0.714932126696833,0.0896414342629482,0.112125824454592,0.212950228512636,0,55.6,79.6
2021,REG+POST,00-0033246,J.Mundt,Johnny Mundt,TE,TE,"https://static.www.nfl.com/image/private/f_auto,q_auto/league/ugqymsoitijokzaup39n",1,LA,0,0,0,0,0,0,0,0,0,0,0,0,,0,,,0,0,0,0,0,0,,0,1,1,9,0,0,0,7,2,1,1.34623726073187,0,1.28571428571429,0.024390243902439,0.019774011299435,0.0504271737632631,0,0.9,1.9
2021,REG+POST,00-0033251,Z.Pascal,Zach Pascal,WR,WR,"https://static.www.nfl.com/image/private/f_auto,q_auto/league/dnb115czpwythbso8avp",16,IND,0,0,0,0,0,0,0,0,0,0,0,0,,0,,,2,21,0,0,0,0,1.91784300701693,0,38,69,384,3,1,1,608,121,15,-12.8681033295107,0,0.631578947368421,0.145569620253165,0.169595536959554,0.337071306251434,0,56.5,94.5
2021,REG+POST,00-0033258,D.Daniels,Darrell Daniels,TE,TE,"https://static.www.nfl.com/image/private/f_auto,q_auto/league/uite1keyl09qsvofsqzf",4,ARI,0,0,0,0,0,0,0,0,0,0,0,0,,0,,,0,0,0,0,0,0,,0,3,7,2,0,0,0,14,13,0,-4.20425079506822,0,0.142857142857143,0.053030303030303,0.0233333333333333,0.0958787878787879,0,0.2,3.2
2021,REG+POST,00-0033275,P.Walker,P.J. Walker,QB,QB,"https://static.www.nfl.com/image/private/f_auto,q_auto/league/cmuf0gtzectijxrktpg2",5,CAR,36,66,362,1,3,7,47,1,0,594,137,19,-15.5021259040825,1,0.609427609427609,-0.0231975931488656,7,13,0,2,1,2,-5.59150962199783,0,0,0,0,0,0,0,0,0,0,,0,,,,,0,13.78,13.78
2021,REG+POST,00-0033280,C.McCaffrey,Christian McCaffrey,RB,RB,"https://static.www.nfl.com/image/private/f_auto,q_auto/league/navqer4chxxut5povzzw",7,CAR,0,0,0,0,0,0,0,0,0,0,0,0,,0,,,99,442,1,1,0,20,1.77806626372612,0,37,41,343,1,0,0,91,258,21,21.083400368283,0,3.76923076923077,0.18552036199095,0.058408215661104,0.319166293949198,0,90.5,127.5
2021,REG+POST,00-0033282,C.Samuel,Curtis Samuel,WR,WR,"https://static.www.nfl.com/image/private/f_auto,q_auto/league/r71vsqs2fg7bvbt1jvzd",5,WAS,0,0,0,0,0,0,0,0,0,0,0,0,,0,,,4,11,0,0,0,0,-1.89852571404241,0,6,9,27,0,0,0,21,40,4,-0.0446163640590385,0,1.28571428571429,0.0526315789473684,0.014747191011236,0.0892704021289178,0,3.8,9.8
2021,REG+POST,00-0033288,G.Kittle,George Kittle,TE,TE,"https://static.www.nfl.com/image/private/f_auto,q_auto/league/bwx6bvkrxog0yf4h6fw1",17,SF,0,0,0,0,0,0,0,0,0,0,0,0,,0,,,3,20,0,0,0,0,1.73898651404306,0,78,108,1018,7,2,1,918,489,49,25.1007424798749,0,1.10893246187364,0.2217659137577,0.251851851851852,0.508945166932847,0,143.8,221.8
2021,REG+POST,00-0033292,T.Taylor,Trent Taylor,WR,WR,"https://static.www.nfl.com/image/upload/f_auto,q_auto/league/wmb3t9vro76zykcac2tb",2,CIN,0,0,0,0,0,0,0,0,0,0,0,0,,0,,,0,0,0,0,0,0,,0,2,3,41,0,0,0,39,7,2,4.14249148149975,1,1.05128205128205,0.103448275862069,0.237804878048781,0.32163582842725,0,6.1,8.1
2021,REG+POST,00-0033293,A.Jones,Aaron Jones,RB,RB,"https://static.www.nfl.com/image/private/f_auto,q_auto/league/oo8yixhsahh4gznox7th",16,GB,0,0,0,0,0,0,0,0,0,0,0,0,,0,,,183,840,4,1,1,40,1.18762079005512,0,61,75,520,6,1,0,77,518,24,12.7718014870191,0,6.75324675324675,0.141242937853107,0.0183639398998331,0.224719164709544,0,194.0,255.0
2021,REG+POST,00-0033296,A.Armah,Alex Armah,RB,RB,"https://static.www.nfl.com/image/private/f_auto,q_auto/league/pvbqmdwlukehpxovupsg",5,NO,0,0,0,0,0,0,0,0,0,0,0,0,,0,,,5,21,0,0,0,4,0.472470811568201,0,1,1,1,1,0,0,0,1,1,1.31586847224389,0,0.0,0.0285714285714286,,,0,8.2,9.2
2021,REG+POST,00-0033300,C.McDermott,Conor McDermott,T,OL,"https://static.www.nfl.com/image/private/f_auto,q_auto/league/cj0p7gori3mozhonb9lk",1,NYJ,0,0,0,0,0,0,0,0,0,0,0,0,,0,,,0,0,0,0,0,0,,0,1,1,1,1,0,0,1,0,1,2.46467829169706,0,1.0,0.0476190476190476,0.0101010101010101,0.0784992784992785,0,6.1,7.1
2021,REG+POST,00-0033307,K.Bourne,Kendrick Bourne,WR,WR,"https://static.www.nfl.com/image/private/f_auto,q_auto/league/vrovcaqql9p6xsycko83",18,NE,1,1,25,1,0,0,0,0,0,22,3,1,2.34783104597591,0,1.13636363636364,,13,139,0,0,0,8,10.450158764259,0,62,78,877,7,1,1,654,407,32,54.203268711457,0,1.34097859327217,0.140287769784173,0.146145251396648,0.312733330653913,0,146.6,208.6
2021,REG+POST,00-0033308,M.Breida,Matt Breida,RB,RB,"https://static.www.nfl.com/image/private/f_auto,q_auto/league/rc4m1xw0xmtsrxswd0bg",7,BUF,0,0,0,0,0,0,0,0,0,0,0,0,,0,,,26,125,1,1,1,5,-8.59583328961162,0,7,9,72,2,0,0,8,61,4,5.8264256149414,0,9.0,0.0517241379310345,0.0070859167404783,0.0825463486148865,0,35.7,42.7
2021,REG+POST,00-0033319,N.Mullens,Nick Mullens,QB,QB,"https://static.www.nfl.com/image/private/f_auto,q_auto/league/ocu10coxszfcauzh406s",1,CLE,20,30,147,1,0,0,0,0,0,213,71,9,2.16466211134212,0,0.690140845070423,0.108920584802338,0,0,0,0,0,0,,0,0,0,0,0,0,0,0,0,0,,0,,,,,0,9.88,9.88
2021,REG+POST,00-0033338,C.Carter,Cethan Carter,TE,TE,"https://static.www.nfl.com/image/private/f_auto,q_auto/league/soxu9ft40rqaizt9yizp",2,MIA,0,0,0,0,0,0,0,0,0,0,0,0,,0,,,0,0,0,0,0,0,,0,2,2,16,0,0,0,8,8,0,0.872670122655109,0,2.0,0.0224719101123596,0.0132669983416252,0.042994764007677,0,1.6,3.6
2021,REG+POST,00-0033357,T.Hill,Taysom Hill,QB,QB,"https://static.www.nfl.com/image/private/f_auto,q_auto/league/pjp1aahvacigoh0sorpg",12,NO,78,134,978,4,5,9,64,1,0,991,521,43,-11.434644389409,0,0.986881937436932,0.0202852333656323,70,374,5,1,0,26,14.2918101518954,0,4,6,52,0,0,0,19,50,4,-2.82954332279041,0,2.73684210526316,0.0674157303370787,0.0224852071005917,0.116863240476032,0,117.72,121.72
2021,REG+POST,00-0033367,C.Board,C.J. Board,WR,WR,"https://static.www.nfl.com/image/private/f_auto,q_auto/league/pzshlaz0iihftpmg9imt",4,NYG,0,0,0,0,0,0,0,0,0,0,0,0,,0,,,1,6,0,0,0,0,0.333063101978041,0,4,6,51,0,0,0,102,13,3,-0.555520301219076,0,0.5,0.0555555555555556,0.109090909090909,0.15969696969697,0,5.7,9.7
2021,REG+POST,00-0033375,T.Patrick,Tim Patrick,WR,WR,"https://static.www.nfl.com/image/private/f_auto,q_auto/league/xdwm9suozpz1wks8wzos",16,DEN,0,0,0,0,0,0,0,0,0,0,0,0,,0,,,0,0,0,0,0,0,,0,53,85,734,5,0,0,995,202,39,37.6587988242859,0,0.737688442211055,0.173469387755102,0.23895292987512,0.427471132545237,0,103.4,156.4
2021,REG+POST,00-0033376,P.Ricard,Patrick Ricard,FB,RB,"https://static.www.nfl.com/image/private/f_auto,q_auto/league/wfjtva8ytwkmlcehbz4c",7,BAL,0,0,0,0,0,0,0,0,0,0,0,0,,0,,,2,4,0,0,0,2,0.712798242690042,0,8,13,63,1,0,0,14,45,3,-3.17006365870475,0,4.5,0.0619047619047619,0.009880028228652,0.0997731626171993,0,12.7,20.7
2021,REG+POST,00-0033386,C.Hollister,Cody Hollister,WR,WR,"https://static.www.nfl.com/image/private/f_auto,q_auto/league/naicfqo1ayh448qi86xq",3,TEN,0,0,0,0,0,0,0,0,0,0,0,0,,0,,,0,0,0,0,0,0,,0,4,7,33,0,0,0,72,17,4,-1.77734214311931,0,0.458333333333333,0.0843373493975904,0.147843942505133,0.229996783849979,0,3.3,7.3
2021,REG+POST,00-0033387,J.Hollister,Jacob Hollister,TE,TE,"https://static.www.nfl.com/image/private/f_auto,q_auto/league/qdny7ap8ly1ozectd8zu",6,JAX,0,0,0,0,0,0,0,0,0,0,0,0,,0,,,0,0,0,0,0,0,,0,9,14,55,1,0,0,66,31,2,-11.510760905192,0,0.833333333333333,0.0721649484536082,0.0421186981493299,0.137730511384943,0,11.5,20.5
2021,REG+POST,00-0033421,A.Auclair,Antony Auclair,TE,TE,"https://static.www.nfl.com/image/private/f_auto,q_auto/league/qkktgjw9l0ntyfiobegs",4,HOU,0,0,0,0,0,0,0,0,0,0,0,0,,0,,,0,0,0,0,0,0,,0,5,5,47,1,0,0,22,25,2,5.69449596334016,0,2.13636363636364,0.0340136054421769,0.0406654343807763,0.0794862122298087,0,10.7,15.7
2021,REG+POST,00-0033439,P.Brown,Pharaoh Brown,TE,TE,"https://static.www.nfl.com/image/private/f_auto,q_auto/league/usqdlxj4jpqbtvsgaisk",12,HOU,0,0,0,0,0,0,0,0,0,0,0,0,,0,,,0,0,0,0,0,0,,0,23,34,171,0,1,1,146,106,6,-10.3834399700882,0,1.17123287671233,0.0994152046783626,0.0600575894693542,0.191163119646092,0,15.1,38.1
2021,REG+POST,00-0033455,A.Firkser,Anthony Firkser,TE,TE,"https://static.www.nfl.com/image/private/f_auto,q_auto/league/rta4x11kt1dt4hifufjq",16,TEN,0,0,0,0,0,0,0,0,0,0,0,0,,0,,,0,0,0,0,0,0,,0,34,44,291,2,1,1,253,111,15,9.73785689604282,0,1.1501976284585,0.0914760914760915,0.0710275126333521,0.186933396057484,0,39.1,73.1
2021,REG+POST,00-0033460,J.Ross,John Ross,WR,WR,"https://static.www.nfl.com/image/private/f_auto,q_auto/league/u6ysgs3kj738n662uehl",9,NYG,0,0,0,0,0,0,0,0,0,0,0,0,,0,,,1,16,0,0,0,1,0.979927982436493,0,11,20,224,1,1,0,314,40,8,12.212102882273,0,0.713375796178344,0.0694444444444445,0.152427184466019,0.21086569579288,0,30.0,41.0
2021,REG+POST,00-0033466,I.McKenzie,Isaiah McKenzie,WR,WR,"https://static.www.nfl.com/image/upload/f_auto,q_auto/league/gy6grhpxsegfgklfadte",13,BUF,0,0,0,0,0,0,0,0,0,0,0,0,,0,,,15,91,1,0,0,6,4.12792999643716,0,24,30,226,1,0,0,168,118,15,19.7755225790315,0,1.3452380952381,0.0744416873449131,0.0567567567567568,0.151392260747099,0,43.7,67.7
2021,REG+POST,00-0033471,I.Ford,Isaiah Ford,WR,WR,"https://static.www.nfl.com/image/private/f_auto,q_auto/league/ycqftcjsc9vyqmc8tlmw",10,MIA,0,0,0,0,0,0,0,0,0,0,0,0,,0,,,0,0,0,0,0,0,,0,12,17,161,2,0,0,144,60,7,10.6004306722898,0,1.11805555555556,0.0456989247311828,0.0499653018736988,0.103524098408363,0,28.1,40.1
2021,REG+POST,00-0033481,M.Kemp,Marcus Kemp,WR,WR,"https://static.www.nfl.com/image/private/f_auto,q_auto/league/hetkew9ad3agbj8cq1r3",5,KC,0,0,0,0,0,0,0,0,0,0,0,0,,0,,,0,0,0,0,0,0,,0,2,5,24,0,0,0,62,8,1,-0.52446079661604,0,0.387096774193548,0.0253807106598985,0.0411960132890366,0.0669082752921733,0,2.4,4.4
2021,REG+POST,00-0033526,S.Perine,Samaje Perine,RB,RB,"https://static.www.nfl.com/image/private/f_auto,q_auto/league/kpdo0ztyzhjobhk4p29a",19,CIN,0,0,0,0,0,0,0,0,0,0,0,0,,0,,,58,248,1,0,0,11,-10.1978258424663,0,31,38,243,2,0,0,1,257,10,1.09206075055365,0,243.0,0.0648464163822526,0.0002532286654849,0.0974468846392183,0,67.1,98.1
2021,REG+POST,00-0033528,J.Sprinkle,Jeremy Sprinkle,TE,TE,"https://static.www.nfl.com/image/private/f_auto,q_auto/league/cncqiyqmj7ohm5k70bog",2,DAL,0,0,0,0,0,0,0,0,0,0,0,0,,0,,,0,0,0,0,0,0,,0,3,3,31,0,0,0,12,19,2,2.60527822549921,0,2.58333333333333,0.0461538461538462,0.0260303687635575,0.0874520273652595,0,3.1,6.1
2021,REG+POST,00-0033536,M.Williams,Mike Williams,WR,WR,"https://static.www.nfl.com/image/private/f_auto,q_auto/league/oaa76gdfwdhaum4b5qkh",16,LAC,0,0,0,0,0,0,0,0,0,0,0,0,,0,,,0,0,0,0,0,0,,0,76,129,1146,9,0,0,1497,415,51,65.6152888225789,1,0.765531062124249,0.2064,0.316423589093215,0.531096512365251,0,170.6,246.6
2021,REG+POST,00-0033550,D.Webb,Davis Webb,QB,QB,"https://static.www.nfl.com/image/private/f_auto,q_auto/league/rxvilxbyuvwvorzzxhxf",1,BUF,0,0,0,0,0,0,0,0,0,0,0,0,,0,,,2,-3,0,0,0,0,0.0,0,0,0,0,0,0,0,0,0,0,,0,,,,,0,-0.3,-0.3
2021,REG+POST,00-0033553,J.Conner,James Conner,RB,RB,"https://static.www.nfl.com/image/private/f_auto,q_auto/league/rmqdvrhlmhhyyrhp3vyu",16,ARI,0,0,0,0,0,0,0,0,0,0,0,0,,0,,,206,771,16,2,0,56,-1.1025659130893,0,38,41,380,3,0,0,13,388,18,21.0729365223087,0,29.2307692307692,0.101736972704715,0.0044951590594744,0.155752070398704,0,229.1,267.1
2021,REG+POST,00-0033555,M.Hollins,Mack Hollins,WR,WR,"https://static.www.nfl.com/image/private/f_auto,q_auto/league/fe6e0gnullhxbgt6ohhg",13,MIA,0,0,0,0,0,0,0,0,0,0,0,0,,0,,,0,0,0,0,0,0,,0,14,28,223,4,0,0,425,41,11,13.5428325181302,0,0.524705882352941,0.0618101545253863,0.125814091178212,0.180785095612828,0,46.3,60.3
2021,REG+POST,00-0033572,J.Agnew,Jamal Agnew,WR,WR,"https://static.www.nfl.com/image/private/f_auto,q_auto/league/at0skjo9xsjgobkvqqz5",9,JAX,0,0,0,0,0,0,0,0,0,0,0,0,,0,,,7,111,1,0,0,3,8.05819022411015,0,24,39,229,1,0,0,291,118,14,6.65605432357958,0,0.786941580756014,0.167381974248927,0.168110918544194,0.368750604354326,2,58.0,82.0
2021,REG+POST,00-0033576,E.Saubert,Eric Saubert,TE,TE,"https://static.www.nfl.com/image/upload/f_auto,q_auto/league/pitpti3erfxui0d2gdad",7,DEN,0,0,0,0,0,0,0,0,0,0,0,0,,0,,,0,0,0,0,0,0,,0,8,12,47,1,0,0,40,29,2,-0.528154179977719,0,1.175,0.0538116591928251,0.033698399326032,0.10430636831746,0,10.7,18.7
2021,REG+POST,00-0033589,D.Moore,David Moore,WR,WR,"https://static.www.nfl.com/image/private/f_auto,q_auto/league/mysdmg1kkmxc6cywb1jh",1,DEN,0,0,0,0,0,0,0,0,0,0,0,0,,0,,,0,0,0,0,0,0,,0,0,2,0,0,0,0,28,0,0,-0.973813073360361,0,0.0,0.0571428571428571,0.0897435897435897,0.148534798534799,0,0.0,0.0
2021,REG+POST,00-0033591,N.Brown,Noah Brown,WR,WR,"https://static.www.nfl.com/image/upload/f_auto,q_auto/league/skdu8rnw7nwgxdkaonyi",9,DAL,0,0,0,0,0,0,0,0,0,0,0,0,,0,,,0,0,0,0,0,0,,0,16,25,184,0,0,0,227,68,6,0.197123359248508,0,0.81057268722467,0.0718390804597701,0.0746464978625452,0.160011169193437,0,18.4,34.4
2021,REG+POST,00-0033594,C.Carson,Chris Carson,RB,RB,"https://static.www.nfl.com/image/private/f_auto,q_auto/league/zxjqunrgf4j8p2eg4xyl",4,SEA,0,0,0,0,0,0,0,0,0,0,0,0,,0,,,54,232,3,1,1,11,-1.7708722470561,0,6,6,29,0,0,0,-13,42,1,-0.487740251817741,0,-2.23076923076923,0.0845070422535211,-0.022887323943662,0.110739436619718,0,42.1,48.1
2021,REG+POST,00-0033611,R.Seals-Jones,Ricky Seals-Jones,TE,TE,"https://static.www.nfl.com/image/private/f_auto,q_auto/league/nqwpbsutfe0anvjkqeux",11,WAS,0,0,0,0,0,0,0,0,0,0,0,0,,0,,,0,0,0,0,0,0,,0,30,49,271,2,0,0,268,152,14,-4.31984793289962,0,1.01119402985075,0.125964010282776,0.0896021397525911,0.251667513250978,0,39.1,69.1
2021,REG+POST,00-0033658,B.Jarwin,Blake Jarwin,TE,TE,"https://static.www.nfl.com/image/private/f_auto,q_auto/league/fsn8rvgup22r5e53mu7i",8,DAL,0,0,0,0,0,0,0,0,0,0,0,0,,0,,,0,0,0,0,0,0,,0,11,18,96,2,0,0,142,38,5,-1.66210627823602,0,0.676056338028169,0.0618556701030928,0.0597894736842105,0.134636136733587,0,21.6,32.6
2021,REG+POST,00-0033662,C.Rush,Cooper Rush,QB,QB,"https://static.www.nfl.com/image/private/f_auto,q_auto/league/fu4tdizb3h6hofyszomi",4,DAL,30,47,422,3,1,3,19,1,1,424,207,18,8.0256944791296,0,0.995283018867925,0.0729947891248845,9,-8,0,0,0,0,-0.617726071272045,0,0,0,0,0,0,0,0,0,0,,0,,,,,0,24.08,24.08
2021,REG+POST,00-0033681,K.Cole,Keelan Cole,WR,WR,"https://static.www.nfl.com/image/private/f_auto,q_auto/league/djdjurxk3b6y347zirvz",14,NYJ,0,1,0,0,0,0,0,0,0,8,0,0,-0.740858779405244,0,0.0,,0,0,0,0,0,0,,0,28,51,449,1,0,0,686,85,20,8.22859438390582,0,0.654518950437318,0.107142857142857,0.210235979160282,0.307879471126483,0,50.9,78.9
2021,REG+POST,00-0033699,A.Ekeler,Austin Ekeler,RB,RB,"https://static.www.nfl.com/image/private/f_auto,q_auto/league/s1e7ejmmjkaxbv9zhvfl",16,LAC,0,0,0,0,0,0,0,0,0,0,0,0,,0,,,206,911,12,0,0,53,-1.00159072779934,1,70,94,647,8,4,3,171,627,31,-1.71680626829619,1,3.78362573099415,0.162348877374784,0.0392111900940151,0.270971149127987,0,273.8,343.8
2021,REG+POST,00-0033720,C.Thompson,Colin Thompson,TE,TE,"https://static.www.nfl.com/image/private/f_auto,q_auto/league/lbjhmxtdg1i6ichpzrbw",1,CAR,0,0,0,0,0,0,0,0,0,0,0,0,,0,,,0,0,0,0,0,0,,0,0,1,0,0,0,0,5,0,0,-1.74037983547896,0,0.0,0.0263157894736842,0.0170648464163823,0.0514190767019939,0,0.0,0.0
2021,REG+POST,00-0033725,C.Clement,Corey Clement,RB,RB,"https://static.www.nfl.com/image/private/f_auto,q_auto/league/rrbdxl0frmnyr1qcgexd",5,DAL,0,0,0,0,0,0,0,0,0,0,0,0,,0,,,33,140,0,0,0,7,-4.94427906977944,0,6,7,29,1,0,0,12,17,1,-1.87181569076206,0,2.41666666666667,0.07,0.0251572327044025,0.122610062893082,0,22.9,28.9
2021,REG+POST,00-0033733,G.Ward,Greg Ward,WR,WR,"https://static.www.nfl.com/image/private/f_auto,q_auto/league/avy32bijim6pgiiu8gtz",7,PHI,1,2,2,0,0,0,0,0,0,2,3,0,-3.35382924124133,0,1.0,,0,0,0,0,0,0,,0,7,11,95,3,0,0,85,16,4,10.6431241171667,0,1.11764705882353,0.0561224489795918,0.0534255185417976,0.121581536448646,0,27.58,34.58
2021,REG+POST,00-0033757,R.Tonyan,Robert Tonyan,TE,TE,"https://static.www.nfl.com/image/private/f_auto,q_auto/league/e4dqx11amod0silgghxw",8,GB,0,0,0,0,0,0,0,0,0,0,0,0,,0,,,0,0,0,0,0,0,,0,18,29,204,2,0,0,262,104,10,10.8116566995981,0,0.778625954198473,0.115537848605578,0.125719769673704,0.26131061167996,0,32.4,50.4
2021,REG+POST,00-0033839,D.Westbrook,Dede Westbrook,WR,WR,"https://static.www.nfl.com/image/private/f_auto,q_auto/league/jjlxw2ircxecpx3ipeax",8,MIN,0,0,0,0,0,0,0,0,0,0,0,0,,0,,,0,0,0,0,0,0,,0,10,15,68,0,0,0,110,17,3,-1.90988538676218,0,0.618181818181818,0.0501672240802676,0.0461990760184796,0.107590189333337,0,6.8,16.8
2021,REG+POST,00-0033854,D.Ogunbowale,Dare Ogunbowale,RB,RB,"https://static.www.nfl.com/image/private/f_auto,q_auto/league/wolxjiszqovjppwhaojs",10,JAX,0,0,0,0,0,0,0,0,0,0,0,0,,0,,,43,137,1,0,0,5,-9.35221186885306,0,13,21,114,1,0,0,31,100,3,-1.17545017547673,0,3.67741935483871,0.0658307210031348,0.0131022823330516,0.107917679137838,0,37.1,50.1
2021,REG+POST,00-0033856,L.Fournette,Leonard Fournette,RB,RB,"https://static.www.nfl.com/image/private/f_auto,q_auto/league/atxppoc7zqcjnbnk0awz",15,TB,0,1,0,0,0,0,0,0,0,0,0,0,-0.663301464170218,0,,,193,863,10,0,0,50,11.8149631299121,0,78,93,510,2,1,0,49,513,32,0.61561180754203,0,10.4081632653061,0.142419601837672,0.0102019571101395,0.220770772733606,0,209.3,287.3
2021,REG+POST,00-0033857,J.Smith-Schuster,JuJu Smith-Schuster,WR,WR,"https://static.www.nfl.com/image/private/f_auto,q_auto/league/ypoituliieghtndjrzaz",6,PIT,0,0,0,0,0,0,0,0,0,0,0,0,,0,,,3,9,1,0,0,1,0.704068042628933,0,20,36,155,0,0,0,216,83,9,-8.47388354719845,0,0.717592592592593,0.151260504201681,0.127133608004709,0.315884281905817,0,22.4,42.4
2021,REG+POST,00-0033858,J.Smith,Jonnu Smith,TE,TE,"https://static.www.nfl.com/image/private/f_auto,q_auto/league/hbnnjc8knqoc95vzyol4",15,NE,0,0,0,0,0,0,0,0,0,0,0,0,,0,,,9,40,0,0,0,2,0.195683562080376,0,28,45,294,1,1,0,249,232,15,-9.73865688356058,0,1.18072289156627,0.102739726027397,0.0730848253595539,0.205268966792784,0,39.4,67.4
2021,REG+POST,00-0033869,M.Trubisky,Mitchell Trubisky,QB,QB,"https://static.www.nfl.com/image/private/f_auto,q_auto/league/egmpgvzck6v2unbh0plp",6,BUF,6,8,43,0,1,0,0,0,0,41,17,2,-1.66113387118094,0,1.04878048780488,0.144672445308482,16,22,1,0,0,3,-3.85445407303632,0,0,0,0,0,0,0,0,0,0,,0,,,,,0,7.92,7.92
2021,REG+POST,00-0033871,C.Davis,Corey Davis,WR,WR,"https://static.www.nfl.com/image/private/f_auto,q_auto/league/hr0uv4ai1zhkn7nof2a2",9,NYJ,0,0,0,0,0,0,0,0,0,0,0,0,,0,,,0,0,0,0,0,0,,0,34,59,492,4,2,1,765,129,23,-0.834799230174736,0,0.643137254901961,0.181538461538462,0.283964365256125,0.47108274798698,0,71.2,105.2
2021,REG+POST,00-0033873,P.Mahomes,Patrick Mahomes,QB,QB,"https://static.www.nfl.com/image/private/f_auto,q_auto/league/oagzjdsdoezmp6frggrn",20,KC,525,780,5896,48,16,37,227,7,2,5523,3324,316,173.736164572508,1,1.06753575955097,0.15496854105608,79,498,3,3,2,30,21.8650440030377,1,0,0,0,0,0,0,0,0,0,,0,,,,,0,459.64,459.64
2021,REG+POST,00-0033879,O.Howard,O.J. Howard,TE,TE,"https://static.www.nfl.com/image/private/f_auto,q_auto/league/wlvviyfhdn5fz5p04r95",11,TB,0,0,0,0,0,0,0,0,0,0,0,0,,0,,,0,0,0,0,0,0,,0,16,23,145,1,0,0,143,86,11,4.30867278025354,0,1.01398601398601,0.0479166666666667,0.0367703779892003,0.0976142645924402,0,20.5,36.5
2021,REG+POST,00-0033881,E.Engram,Evan Engram,TE,TE,"https://static.www.nfl.com/image/private/f_auto,q_auto/league/adr65rbw956sxntlph8a",15,NYG,0,0,0,0,0,0,0,0,0,0,0,0,,0,,,1,-3,0,0,0,0,-1.52449800691102,0,46,73,408,3,1,1,366,185,21,-10.7480713350008,0,1.11475409836066,0.147177419354839,0.106179286335944,0.295091629467419,0,56.5,102.5
2021,REG+POST,00-0033885,D.Njoku,David Njoku,TE,TE,"https://static.www.nfl.com/image/private/f_auto,q_auto/league/ilvxwdllivrvwbuj69cm",15,CLE,0,0,0,0,0,0,0,0,0,0,0,0,,0,,,1,1,0,0,0,0,-0.505711786448956,0,36,53,475,4,0,0,432,247,17,21.5071245886562,0,1.09953703703704,0.120728929384966,0.140579238529125,0.279498861047836,0,71.6,107.6
2021,REG+POST,00-0033891,Z.Jones,Zay Jones,WR,WR,"https://static.www.nfl.com/image/private/f_auto,q_auto/league/pbmcmjxxjcrandbjmey7",16,LV,0,0,0,0,0,0,0,0,0,0,0,0,,0,,,2,3,0,0,0,0,-0.516879247035831,0,52,78,607,2,1,1,1068,172,33,10.3722855944206,0,0.568352059925094,0.132203389830508,0.22536400084406,0.356059885336605,0,71.0,123.0
2021,REG+POST,00-0033893,D.Cook,Dalvin Cook,RB,RB,"https://static.www.nfl.com/image/upload/f_auto,q_auto/league/kl291pby4vjh160bkirg",13,MIN,0,0,0,0,0,0,0,0,0,0,0,0,,0,,,249,1159,6,3,2,57,-9.88177269769949,1,34,49,224,0,0,0,-79,278,9,-4.86366920654871,0,-2.83544303797468,0.113163972286374,-0.0226490825688073,0.153891600631396,0,172.3,206.3
2021,REG+POST,00-0033895,G.Everett,Gerald Everett,TE,TE,"https://static.www.nfl.com/image/private/f_auto,q_auto/league/te11unippqhdc6auox6i",15,SEA,0,0,0,0,0,0,0,0,0,0,0,0,,0,,,3,20,0,0,0,2,0.355888462858275,0,48,63,478,4,2,2,330,249,26,10.8636543869333,0,1.44848484848485,0.15,0.0877659574468085,0.286436170212766,0,69.8,117.8
2021,REG+POST,00-0033896,A.Shaheen,Adam Shaheen,TE,TE,"https://static.www.nfl.com/image/private/f_auto,q_auto/league/rvj5swstfh0vf6f6w2hr",7,MIA,0,0,0,0,0,0,0,0,0,0,0,0,,0,,,0,0,0,0,0,0,,0,12,16,110,0,0,0,92,41,5,2.7934769367761,0,1.19565217391304,0.0632411067193676,0.0492241840556447,0.129318588918003,0,11.0,23.0
2021,REG+POST,00-0033897,J.Mixon,Joe Mixon,RB,RB,"https://static.www.nfl.com/image/private/f_auto,q_auto/league/pbijtl1blfdkvmwl4rsp",20,CIN,1,1,6,1,0,0,0,0,0,6,0,1,1.85045470151817,0,1.0,,359,1467,14,1,1,72,-32.4335139969605,0,60,69,421,3,1,0,-24,446,15,7.35642548251781,0,-17.5416666666667,0.118353344768439,-0.0058694057226705,0.173421433146789,0,293.04,353.04
2021,REG+POST,00-0033904,D.Dawkins,Dion Dawkins,T,OL,"https://static.www.nfl.com/image/private/f_auto,q_auto/league/wlthv1anmiiwzl0dw7cv",1,BUF,0,0,0,0,0,0,0,0,0,0,0,0,,0,,,0,0,0,0,0,0,,0,0,1,0,0,0,0,1,0,0,-0.225900366902351,0,0.0,0.0416666666666667,0.0043290043290043,0.065530303030303,0,0.0,0.0
2021,REG+POST,00-0033906,A.Kamara,Alvin Kamara,RB,RB,"https://static.www.nfl.com/image/private/f_auto,q_auto/league/tl9enad6kiwv6cukf4vt",13,NO,0,0,0,0,0,0,0,0,0,0,0,0,,0,,,240,898,4,0,0,42,-39.5228313004611,0,47,67,439,5,0,0,77,437,20,10.8024138160697,0,5.7012987012987,0.217532467532468,0.0317264112072518,0.348507189143778,0,187.7,234.7
2021,REG+POST,00-0033908,C.Kupp,Cooper Kupp,WR,WR,"https://static.www.nfl.com/image/private/f_auto,q_auto/league/bkahtsjkvnom1sbnb6xm",21,LA,0,2,0,0,0,0,0,0,0,30,0,0,-1.91776989075403,0,0.0,,6,23,0,0,0,2,-0.242476156445623,0,178,233,2425,22,1,1,2017,1052,108,138.23279433496,1,1.20228061477442,0.315718157181572,0.318339646464646,0.69641498829761,0,376.8,554.8
2021,REG+POST,00-0033921,C.Godwin,Chris Godwin,WR,WR,"https://static.www.nfl.com/image/private/f_auto,q_auto/league/rfdampf12giyojipbcxl",14,TB,0,0,0,0,0,0,0,0,0,0,0,0,,0,,,4,21,1,0,0,4,3.07182199432282,0,98,127,1103,5,2,2,931,586,55,36.0564867490855,0,1.18474758324382,0.211666666666667,0.196787148594378,0.455251004016064,0,144.4,242.4
2021,REG+POST,00-0033923,K.Hunt,Kareem Hunt,RB,RB,"https://static.www.nfl.com/image/private/f_auto,q_auto/league/fmy9cgin9nv7ewyhsipr",8,CLE,0,0,0,0,0,0,0,0,0,0,0,0,,0,,,78,386,5,0,0,22,5.53626916101342,1,22,27,174,0,0,0,4,174,11,2.82763690323597,0,43.5,0.11587982832618,0.0019398642095053,0.175177647435924,0,88.0,110.0
2021,REG+POST,00-0033925,D.Foreman,D'Onta Foreman,RB,RB,"https://static.www.nfl.com/image/private/f_auto,q_auto/league/fhxviqgdrngc8gvvhnor",10,TEN,0,0,0,0,0,0,0,0,0,0,0,0,,0,,,137,632,3,2,1,24,-10.7104924712621,0,9,11,123,0,0,0,-1,124,6,8.97970634154626,0,-123.0,0.0569948186528497,-0.0008058017727639,0.0849281667383399,0,91.5,100.5
2021,REG+POST,00-0033932,K.Golladay,Kenny Golladay,WR,WR,"https://static.www.nfl.com/image/private/f_auto,q_auto/league/vck7awhkwwhui3ndgts3",14,NYG,0,0,0,0,0,0,0,0,0,0,0,0,,0,,,0,0,0,0,0,0,,0,37,76,521,0,0,0,1050,119,27,-2.50206463296559,0,0.496190476190476,0.168888888888889,0.302506482281763,0.465087870930568,0,52.1,89.1
2021,REG+POST,00-0033936,C.Beathard,C.J. Beathard,QB,QB,"https://static.www.nfl.com/image/private/f_auto,q_auto/league/yw8euaevcvwswbx5w27w",2,JAX,2,2,33,0,0,0,0,0,0,27,6,1,1.82905436865985,0,1.22222222222222,,1,2,0,0,0,0,-0.550411908421665,0,0,0,0,0,0,0,0,0,0,,0,,,,,0,1.52,1.52
2021,REG+POST,00-0033943,J.Reynolds,Josh Reynolds,WR,WR,"https://static.www.nfl.com/image/private/f_auto,q_auto/league/sxrgouqg155xtgtzesy9",10,DET,0,0,0,0,0,0,0,0,0,0,0,0,,0,,,0,0,0,0,0,0,,0,29,49,396,2,0,0,668,119,21,18.8842784421475,0,0.592814371257485,0.157556270096463,0.298614215467144,0.445364355971695,0,51.6,80.6
2021,REG+POST,00-0033948,J.Williams,Jamaal Williams,RB,RB,"https://static.www.nfl.com/image/private/f_auto,q_auto/league/qerbr9qnhpn27cyogu4x",13,DET,0,0,0,0,0,0,0,0,0,0,0,0,,0,,,153,601,3,1,0,42,-3.09682969089273,0,26,28,157,0,0,0,10,156,6,1.58487041783519,0,15.7,0.0880503144654088,0.0052383446830801,0.135742312976269,0,93.8,119.8
2021,REG+POST,00-0033950,W.Gallman,Wayne Gallman,RB,RB,"https://static.www.nfl.com/image/private/f_auto,q_auto/league/zrc9lbsy94hxanrf5voo",6,ATL,0,0,0,0,0,0,0,0,0,0,0,0,,0,,,28,104,0,0,0,5,-4.62198697216809,0,1,3,21,0,0,0,5,20,1,0.8003405330237,0,4.2,0.0447761194029851,0.0076219512195122,0.0724995449581362,0,12.5,13.5
2021,REG+POST,00-0033951,M.Mack,Marlon Mack,RB,RB,"https://static.www.nfl.com/image/private/f_auto,q_auto/league/d3sdoo1yiey5oiyblulk",5,IND,0,0,0,0,0,0,0,0,0,0,0,0,,0,,,28,101,0,0,0,6,-5.85289804526838,0,2,5,8,0,0,0,16,4,0,-2.1475536422804,0,0.5,0.0495049504950495,0.033195020746888,0.0974939402653959,0,10.9,12.9
2021,REG+POST,00-0033955,J.McNichols,Jeremy McNichols,RB,RB,"https://static.www.nfl.com/image/private/f_auto,q_auto/league/lwcqsanzizt8sq0jnnpr",13,TEN,0,0,0,0,0,0,0,0,0,0,0,0,,0,,,41,156,0,0,0,6,-8.74755456560437,0,28,38,240,1,0,0,-2,255,11,6.06112316004935,0,-120.0,0.101333333333333,-0.0007936507936507,0.151444444444444,0,45.6,73.6
2021,REG+POST,00-0033957,R.Adams,Rodney Adams,WR,WR,"https://static.www.nfl.com/image/private/f_auto,q_auto/league/ae8lsm9ahaczhqfz1pvo",1,CHI,0,0,0,0,0,0,0,0,0,0,0,0,,0,,,0,0,0,0,0,0,,0,0,1,0,0,0,0,15,0,0,-0.815943880006671,0,0.0,0.025,0.0666666666666667,0.0841666666666667,0,0.0,0.0
2021,REG+POST,00-0033958,N.Peterman,Nathan Peterman,QB,QB,"https://static.www.nfl.com/image/private/f_auto,q_auto/league/owifll49p0mmsjgf7rhn",1,LV,0,0,0,0,0,0,0,0,0,0,0,0,,0,,,2,2,0,0,0,1,0.753480112063699,0,0,0,0,0,0,0,0,0,0,,0,,,,,0,0.2,0.2
2021,REG+POST,00-0034011,D.Arnold,Dan Arnold,TE,TE,"https://static.www.nfl.com/image/private/f_auto,q_auto/league/wym2o0jlxcvswj3gy9kv",10,JAX,0,0,0,0,0,0,0,0,0,0,0,0,,0,,,0,0,0,0,0,0,,0,35,52,408,0,1,1,340,188,20,3.5404379209806,1,1.2,0.147727272727273,0.133333333333333,0.314924242424242,0,40.8,75.8
2021,REG+POST,00-0034052,B.Zylstra,Brandon Zylstra,WR,WR,"https://static.www.nfl.com/image/private/f_auto,q_auto/league/arx0mz7gc5dm0wfc5kfx",9,CAR,0,1,0,0,0,0,0,0,0,13,0,0,-1.31671274715336,0,0.0,,0,0,0,0,0,0,,0,18,25,250,1,0,0,262,118,10,9.14030619052937,0,0.954198473282443,0.0788643533123028,0.105390185036203,0.192069659493796,0,31.0,49.0
2021,REG+POST,00-0034073,R.Dwelley,Ross Dwelley,TE,TE,"https://static.www.nfl.com/image/private/f_auto,q_auto/league/wsqd1kbdbqratcxretm5",3,SF,0,0,0,0,0,0,0,0,0,0,0,0,,0,,,0,0,0,0,0,0,,0,4,5,51,1,0,0,59,5,2,1.56331590487389,0,0.864406779661017,0.0531914893617021,0.0693301997649824,0.128318373878041,0,11.1,15.1
2021,REG+POST,00-0034104,C.Sims,Cam Sims,WR,WR,"https://static.www.nfl.com/image/private/f_auto,q_auto/league/rskkpergva4snsvgathy",10,WAS,0,0,0,0,0,0,0,0,0,0,0,0,,0,,,1,7,0,0,0,0,0.403462203859817,0,15,23,211,2,0,0,267,42,11,8.95143654555694,0,0.790262172284644,0.0830324909747293,0.127568084089823,0.21384639532497,0,33.8,48.8
2021,REG+POST,00-0034109,P.Lindsay,Phillip Lindsay,RB,RB,"https://static.www.nfl.com/image/private/f_auto,q_auto/league/soywd4cnq19pigrwabb5",14,MIA,0,0,0,0,0,0,0,0,0,0,0,0,,0,,,88,249,1,0,0,11,-22.9722452107235,0,4,5,45,1,0,0,-11,53,1,3.94910378422355,0,-4.09090909090909,0.0357142857142857,-0.0090684253915911,0.0472235307973148,0,41.4,45.4
2021,REG+POST,00-0034115,J.Wilson,Jeffery Wilson,RB,RB,"https://static.www.nfl.com/image/private/f_auto,q_auto/league/zorqrtlrizlltgd6pnob",6,SF,0,0,0,0,0,0,0,0,0,0,0,0,,0,,,79,294,2,1,0,19,-10.1401526746798,0,7,8,31,0,0,0,-10,43,1,-1.18842720182147,0,-3.1,0.0761904761904762,-0.0136054421768707,0.104761904761905,0,44.5,51.5
2021,REG+POST,00-0034131,K.Benkert,Kurt Benkert,QB,QB,"https://static.www.nfl.com/image/private/f_auto,q_auto/league/lq7drrswvcbnkyghztab",1,GB,0,0,0,0,0,0,0,0,0,0,0,0,,0,,,2,-1,0,0,0,0,0.0,0,0,0,0,0,0,0,0,0,0,,0,,,,,0,-0.1,-0.1
2021,REG+POST,00-0034132,C.Blake,Christian Blake,WR,WR,"https://static.www.nfl.com/image/private/f_auto,q_auto/league/xaaqzgbfsqhs4qvdndrz",6,ATL,0,0,0,0,0,0,0,0,0,0,0,0,,0,,,0,0,0,0,0,0,,0,4,9,25,0,0,0,58,2,2,-4.04439176811138,0,0.431034482758621,0.0443349753694581,0.0380577427821522,0.0931428830016938,0,2.5,6.5
2021,REG+POST,00-0034159,W.Dissly,Will Dissly,TE,TE,"https://static.www.nfl.com/image/private/f_auto,q_auto/league/pschkqimqisrbnzeo8iz",12,SEA,0,0,0,0,0,0,0,0,0,0,0,0,,0,,,0,0,0,0,0,0,,0,21,26,231,1,1,0,112,143,11,11.7741688308306,0,2.0625,0.0744985673352436,0.0349672182329066,0.1362249037659,0,29.1,50.1
2021,REG+POST,00-0034164,T.Cannon,Trenton Cannon,RB,RB,"https://static.www.nfl.com/image/private/f_auto,q_auto/league/hkpxcipgs7jtgdwpkjel",2,SF,0,0,0,0,0,0,0,0,0,0,0,0,,0,,,3,4,0,0,0,0,-2.53298093075864,0,0,0,0,0,0,0,0,0,0,,0,,,,,0,0.4,0.4
2021,REG+POST,00-0034171,J.Cabinda,Jason Cabinda,FB,RB,"https://static.www.nfl.com/image/private/f_auto,q_auto/league/nvi4viyciscnso8qgbtn",7,DET,0,0,0,0,0,0,0,0,0,0,0,0,,0,,,3,23,0,0,0,2,1.38996046432294,0,4,7,16,1,0,0,6,8,2,-2.33623360726051,0,2.66666666666667,0.0328638497652582,0.0051150895140665,0.0528763373077339,0,9.9,13.9
2021,REG+POST,00-0034177,T.Boyle,Tim Boyle,QB,QB,"https://static.www.nfl.com/image/private/f_auto,q_auto/league/zmp8nej7nqfdu2gyir6y",4,DET,61,94,526,3,6,0,0,1,0,593,265,28,-4.89851066935626,1,0.887015177065767,0.025411688899592,2,13,0,0,0,1,1.87784462841228,0,0,0,0,0,0,0,0,0,0,,0,,,,,0,24.34,24.34
2021,REG+POST,00-0034193,K.Rader,Kevin Rader,TE,TE,"https://static.www.nfl.com/image/private/f_auto,q_auto/league/buopatfei7mdyxxxi9bv",2,PIT,0,0,0,0,0,0,0,0,0,0,0,0,,0,,,0,0,0,0,0,0,,0,2,3,8,0,0,0,8,4,0,-1.03827555087628,0,1.0,0.0434782608695652,0.0217983651226158,0.0804762468901789,0,0.8,2.8
2021,REG+POST,00-0034208,M.Boone,Mike Boone,RB,RB,"https://static.www.nfl.com/image/private/f_auto,q_auto/league/rcrpzluchltmk9stwtfc",2,DEN,0,0,0,0,0,0,0,0,0,0,0,0,,0,,,4,35,0,0,0,2,1.71441093611065,0,2,2,22,0,0,0,-2,24,1,2.11437670665327,0,-11.0,0.0238095238095238,-0.0027173913043478,0.0338121118012422,0,5.7,7.7
2021,REG+POST,00-0034253,D.Hilliard,Dontrell Hilliard,RB,RB,"https://static.www.nfl.com/image/private/f_auto,q_auto/league/ukhyslngeuojxkjqfq9f",8,TEN,0,0,0,0,0,0,0,0,0,0,0,0,,0,,,56,350,2,1,1,15,9.06053411783068,0,22,29,100,0,1,0,-14,112,8,-7.11655320276803,0,-7.14285714285714,0.121848739495798,-0.0073956682514527,0.177596141467681,0,55.0,77.0
2021,REG+POST,00-0034270,T.Conklin,Tyler Conklin,TE,TE,"https://static.www.nfl.com/image/private/f_auto,q_auto/league/fwuvfpsd7hbtqwlcxtn7",17,MIN,0,0,0,0,0,0,0,0,0,0,0,0,,0,,,0,0,0,0,0,0,,0,61,87,593,3,1,0,464,326,26,11.3405330915289,0,1.27801724137931,0.150519031141869,0.101866081229418,0.297084803573396,0,77.3,138.3
2021,REG+POST,00-0034272,M.Valdes-Scantling,Marquez Valdes-Scantling,WR,WR,"https://static.www.nfl.com/image/private/f_auto,q_auto/league/zk2f2ivzdssgoaamf57u",11,GB,0,0,0,0,0,0,0,0,0,0,0,0,,0,,,0,0,0,0,0,0,,0,26,55,430,3,0,0,985,146,18,10.7572562690826,0,0.436548223350254,0.146276595744681,0.31399426203379,0.439210877040674,0,61.0,87.0
2021,REG+POST,00-0034278,T.Smith,Tremon Smith,CB,DB,"https://static.www.nfl.com/image/upload/f_auto,q_auto/league/h6jhsmllb8ggiuh2imgu",2,HOU,0,0,0,0,0,0,0,0,0,0,0,0,,0,,,1,7,0,0,0,0,0.234301995427813,0,0,0,0,0,0,0,0,0,0,,0,,,,,1,6.7,6.7
2021,REG+POST,00-0034279,E.St. Brown,Equanimeous St. Brown,WR,WR,"https://static.www.nfl.com/image/private/f_auto,q_auto/league/rjtjvrencwsi1xlxnfll",10,GB,0,0,0,0,0,0,0,0,0,0,0,0,,0,,,4,15,0,0,0,2,-0.925098517618608,0,9,17,98,0,0,0,175,58,6,4.69402852476924,0,0.56,0.0600706713780919,0.0852411105698977,0.149774784466066,0,11.3,20.3
2021,REG+POST,00-0034297,B.Pringle,Byron Pringle,WR,WR,"https://static.www.nfl.com/image/private/f_auto,q_auto/league/qgwipkdsunodvqlumsmp",19,KC,0,0,0,0,0,0,0,0,0,0,0,0,,0,,,0,0,0,0,0,0,,0,54,77,650,8,0,0,750,217,39,40.2405574093711,0,0.866666666666667,0.107242339832869,0.150451354062187,0.266179457592834,0,113.0,167.0
2021,REG+POST,00-0034301,D.Williams,Darrel Williams,RB,RB,"https://static.www.nfl.com/image/private/f_auto,q_auto/league/qloiwle7db59cznhqhub",18,KC,0,0,0,0,0,0,0,0,0,0,0,0,,0,,,145,562,6,0,0,40,5.30145736722283,0,47,57,452,2,0,0,82,435,19,20.6064469554732,0,5.51219512195122,0.0994764397905759,0.0201177625122669,0.163297093444451,0,149.4,196.4
2021,REG+POST,00-0034311,J.Stanton,Johnny Stanton,FB,RB,"https://static.www.nfl.com/image/private/f_auto,q_auto/league/fick0qg9xwij9svv1rxk",3,CLE,0,0,0,0,0,0,0,0,0,0,0,0,,0,,,3,5,0,0,0,2,0.609594158944674,0,2,2,7,1,0,0,3,4,1,-0.013533433288103,0,2.33333333333333,0.0317460317460317,0.0063965884861407,0.0520966595593461,0,7.2,9.2
2021,REG+POST,00-0034317,K.Kirkwood,Keith Kirkwood,WR,WR,"https://static.www.nfl.com/image/private/f_auto,q_auto/league/iedau8bt7wngc8mxfd9h",3,CAR,0,0,0,0,0,0,0,0,0,0,0,0,,0,,,0,0,0,0,0,0,,0,3,7,17,0,0,0,55,16,1,-0.891363839618862,0,0.309090909090909,0.0673076923076923,0.0782361308677098,0.155726830068935,0,1.7,4.7
2021,REG+POST,00-0034319,D.Yelder,Deon Yelder,TE,TE,"https://static.www.nfl.com/image/private/f_auto,q_auto/league/ipykvobx6lilpvc5vyca",1,TB,0,0,0,0,0,0,0,0,0,0,0,0,,0,,,0,0,0,0,0,0,,0,1,1,0,0,0,0,-2,2,0,-0.605865706864279,0,0.0,0.0256410256410256,-0.0069444444444444,0.0336004273504274,0,0.0,1.0
2021,REG+POST,00-0034331,J.Samuels,Jaylen Samuels,RB,RB,"https://static.www.nfl.com/image/private/f_auto,q_auto/league/stceem3dtyjhdlqlaqxn",2,HOU,0,0,0,0,0,0,0,0,0,0,0,0,,0,,,5,9,0,0,0,0,-2.50413009466138,0,3,4,14,0,0,0,-4,17,1,-0.241660874919035,0,-3.5,0.0714285714285714,-0.0132450331125828,0.0978713339640492,0,2.3,5.3
2021,REG+POST,00-0034343,J.Rosen,Josh Rosen,QB,QB,"https://static.www.nfl.com/image/private/f_auto,q_auto/league/nqycxzi8tkcyauk55mj8",3,ATL,2,11,19,0,2,0,0,0,0,121,11,1,-18.7048769602552,0,0.15702479338843,-0.153165705836806,0,0,0,0,0,0,,0,0,0,0,0,0,0,0,0,0,,0,,,,,0,-3.24,-3.24
2021,REG+POST,00-0034348,C.Sutton,Courtland Sutton,WR,WR,"https://static.www.nfl.com/image/private/f_auto,q_auto/league/uusaguvnkfv2gt7goale",17,DEN,1,1,16,0,0,0,0,0,0,15,1,1,1.0016340004513,0,1.06666666666667,,0,0,0,0,0,0,,0,58,98,776,2,0,0,1509,135,35,20.1011183701012,1,0.514247846255799,0.189555125725339,0.343970822885799,0.525112264608067,0,92.24,150.24
2021,REG+POST,00-0034351,D.Goedert,Dallas Goedert,TE,TE,"https://static.www.nfl.com/image/private/f_auto,q_auto/league/flzasty1ea7iswbtd0e5",16,PHI,0,0,0,0,0,0,0,0,0,0,0,0,,0,,,0,0,0,0,0,0,,0,62,88,922,4,1,0,798,420,47,57.3270968737914,1,1.15538847117795,0.194260485651214,0.202846975088968,0.433383611039099,0,118.2,180.2
2021,REG+POST,00-0034353,A.Miller,Anthony Miller,WR,WR,"https://static.www.nfl.com/image/private/f_auto,q_auto/league/t7d2vuwwmbpasriplvg6",3,PIT,0,0,0,0,0,0,0,0,0,0,0,0,,0,,,0,0,0,0,0,0,,0,6,12,25,1,0,0,76,10,3,-11.3831893136376,0,0.328947368421053,0.142857142857143,0.114457831325301,0.294406196213425,0,8.5,14.5
2021,REG+POST,00-0034364,J.Akins,Jordan Akins,TE,TE,"https://static.www.nfl.com/image/private/f_auto,q_auto/league/fgkl9zfpy2yxrkxfge84",12,HOU,0,0,0,0,0,0,0,0,0,0,0,0,,0,,,1,3,0,0,0,1,0.498527484713122,0,24,33,214,0,2,2,207,81,11,-8.52572324274061,0,1.03381642512077,0.0854922279792746,0.0735085227272727,0.179694307878003,0,17.7,41.7
2021,REG+POST,00-0034365,I.Thomas,Ian Thomas,TE,TE,"https://static.www.nfl.com/image/private/f_auto,q_auto/league/zhmboki1lwndau686wlv",14,CAR,0,0,0,0,0,0,0,0,0,0,0,0,,0,,,0,0,0,0,0,0,,0,18,30,188,0,0,0,183,92,6,-15.7795985957491,0,1.02732240437158,0.0641025641025641,0.050399339025062,0.13143338347139,0,18.8,36.8
2021,REG+POST,00-0034366,K.Coutee,Keke Coutee,WR,WR,"https://static.www.nfl.com/image/private/f_auto,q_auto/league/b63h388y8kzvntk6tuqx",1,IND,0,0,0,0,0,0,0,0,0,0,0,0,,0,,,0,0,0,0,0,0,,0,1,1,5,0,0,0,5,0,0,-0.168915360234678,0,1.0,0.0384615384615385,0.0261780104712042,0.0760169150221506,0,0.5,1.5
2021,REG+POST,00-0034367,N.Hines,Nyheim Hines,RB,RB,"https://static.www.nfl.com/image/private/f_auto,q_auto/league/lgpfurgix754r54hvas4",17,IND,0,0,0,0,0,0,0,0,0,0,0,0,,0,,,56,276,2,0,0,15,3.99442646857924,0,40,57,310,1,1,0,113,286,15,4.33870377099426,0,2.74336283185841,0.118257261410788,0.0330312774042678,0.20050778629917,0,76.6,116.6
2021,REG+POST,00-0034378,I.Smith,Ito Smith,RB,RB,"https://static.www.nfl.com/image/private/f_auto,q_auto/league/dh6fxo1jdenrkgcwdpib",1,DAL,0,0,0,0,0,0,0,0,0,0,0,0,,0,,,1,4,1,0,0,1,2.1764224228682,0,0,0,0,0,0,0,0,0,0,,0,,,,,0,6.4,6.4
2021,REG+POST,00-0034383,D.Schultz,Dalton Schultz,TE,TE,"https://static.www.nfl.com/image/private/f_auto,q_auto/league/lhplapyya8pp3yyz8bht",18,DAL,0,0,0,0,0,0,0,0,0,0,0,0,,0,,,0,0,0,0,0,0,,0,85,112,897,8,0,0,799,372,47,51.7511547833694,1,1.12265331664581,0.164948453608247,0.147990368586775,0.351015938423114,0,139.7,224.7
2021,REG+POST,00-0034401,M.White,Mike White,QB,QB,"https://static.www.nfl.com/image/private/f_auto,q_auto/league/pv1cd95ycjinyi4ijime",4,NYJ,88,132,953,5,8,4,18,0,0,781,566,49,2.9401785218304,0,1.2202304737516,0.0717728808863862,5,-1,0,0,0,2,-0.670219584018923,0,0,0,0,0,0,0,0,0,0,,1,,,,,0,44.02,44.02
2021,REG+POST,00-0034407,R.McCloud,Ray-Ray McCloud,WR,WR,"https://static.www.nfl.com/image/upload/f_auto,q_auto/league/k3ykgsntuqdb0nl4grxk",15,PIT,0,0,0,0,0,0,0,0,0,0,0,0,,0,,,2,15,0,0,0,0,0.0395745519781485,0,41,68,297,0,1,0,434,123,18,-13.5091691475817,0,0.684331797235023,0.123411978221416,0.119559228650138,0.26880942738722,0,31.2,72.2
2021,REG+POST,00-0034411,R.Gage,Russell Gage,WR,WR,"https://static.www.nfl.com/image/private/f_auto,q_auto/league/lkqhshv0dss1b9c6mdnj",13,ATL,0,0,0,0,0,0,0,0,0,0,0,0,,0,,,0,0,0,0,0,0,,0,66,94,770,4,2,2,882,248,37,9.49708630586398,0,0.873015873015873,0.231527093596059,0.300306435137896,0.557505144990616,0,97.0,163.0
2021,REG+POST,00-0034414,B.Scott,Boston Scott,RB,RB,"https://static.www.nfl.com/image/private/f_auto,q_auto/league/uveeemr49kwtkfefugai",10,PHI,0,0,0,0,0,0,0,0,0,0,0,0,,0,,,88,407,8,1,1,25,6.57835914849946,0,14,17,84,0,0,0,-12,100,3,-5.02072864554211,0,-7.0,0.0748898678414097,-0.0059142434696895,0.108194831333332,0,95.1,109.1
2021,REG+POST,00-0034418,C.Wilson,Cedrick Wilson,WR,WR,"https://static.www.nfl.com/image/private/f_auto,q_auto/league/zvirmx1m9vycmfpfbf1w",15,DAL,3,3,88,0,0,0,0,0,0,67,21,3,5.74903954978799,0,1.3134328358209,,2,11,0,0,0,1,1.97984083427582,0,50,71,664,6,2,0,753,281,28,29.4925187342523,1,0.881806108897742,0.124780316344464,0.161138454953991,0.29996739298449,0,109.02,159.02
2021,REG+POST,00-0034419,B.Berrios,Braxton Berrios,WR,WR,"https://static.www.nfl.com/image/private/f_auto,q_auto/league/nypqf5vnhegeorkpmplr",15,NYJ,0,0,0,0,0,0,0,0,0,0,0,0,,0,,,7,40,2,0,0,3,5.0144438938587,0,46,65,431,2,1,1,332,264,22,7.82737549621379,0,1.29819277108434,0.124760076775432,0.0861666234103296,0.247456751550379,1,75.1,121.1
2021,REG+POST,00-0034433,N.Bawden,Nick Bawden,FB,RB,"https://static.www.nfl.com/image/private/f_auto,q_auto/league/rz1cgqj4rvl2xjffxyia",1,NYJ,0,0,0,0,0,0,0,0,0,0,0,0,,0,,,0,0,0,0,0,0,,0,1,1,20,0,0,0,9,11,1,1.75669377064332,0,2.22222222222222,0.0285714285714286,0.0335820895522388,0.06636460554371,0,2.0,3.0
2021,REG+POST,00-0034435,K.Crossen,Keion Crossen,CB,DB,"https://static.www.nfl.com/image/private/f_auto,q_auto/league/ocvxmo4ggct27fv9dn8x",1,NYG,0,0,0,0,0,0,0,0,0,0,0,0,,0,,,0,0,0,0,0,0,,0,0,1,0,0,0,0,13,0,0,-2.85103766736574,0,0.0,0.0294117647058824,0.0411392405063291,0.0729151154132539,0,0.0,0.0
2021,REG+POST,00-0034438,L.Woodside,Logan Woodside,QB,QB,"https://static.www.nfl.com/image/private/f_auto,q_auto/league/fdptu6sdje2lmijb7e7j",4,TEN,0,0,0,0,0,0,0,0,0,0,0,0,,0,,,6,-6,0,0,0,0,-4.56186694477219,0,0,0,0,0,0,0,0,0,0,,0,,,,,0,-0.6,-0.6
2021,REG+POST,00-0034440,J.Jackson,Justin Jackson,RB,RB,"https://static.www.nfl.com/image/private/f_auto,q_auto/league/n7pvb1trbn9rtttlw7df",13,LAC,0,0,0,0,0,0,0,0,0,0,0,0,,0,,,68,364,2,1,1,18,0.959217570329581,0,22,25,178,0,0,0,20,165,8,5.93236989737488,0,8.9,0.0576036866359447,0.0058962264150943,0.0905328884444831,0,64.2,86.2
2021,REG+POST,00-0034449,B.Howell,Buddy Howell,RB,RB,"https://static.www.nfl.com/image/private/f_auto,q_auto/league/iqoes3t0jkt62cpqmuvo",1,LA,0,0,0,0,0,0,0,0,0,0,0,0,,0,,,5,11,0,0,0,0,-4.02601006068289,0,0,0,0,0,0,0,0,0,0,,0,,,,,0,1.1,1.1
2021,REG+POST,00-0034487,T.Sherfield,Trent Sherfield,WR,WR,"https://static.www.nfl.com/image/private/f_auto,q_auto/league/tbs4dvo8vdagznshsw7l",10,SF,0,0,0,0,0,0,0,0,0,0,0,0,,0,,,0,0,0,0,0,0,,0,9,22,87,1,0,0,184,23,7,-12.3454387196808,0,0.472826086956522,0.0788530465949821,0.0842876775080165,0.177280944148085,0,14.7,23.7
2021,REG+POST,00-0034496,S.Chandler,Sean Chandler,SS,DB,"https://static.www.nfl.com/image/private/f_auto,q_auto/league/m4glij7rkgkyhu01igmi",1,CAR,0,0,0,0,0,0,0,0,0,0,0,0,,0,,,1,14,0,0,0,1,3.51594439847395,0,0,0,0,0,0,0,0,0,0,,0,,,,,0,1.4,1.4
2021,REG+POST,00-0034521,A.Lazard,Allen Lazard,WR,WR,"https://static.www.nfl.com/image/private/f_auto,q_auto/league/blrzk3bfnpneuyhsqiqg",15,GB,0,0,0,0,0,0,0,0,0,0,0,0,,0,,,3,32,0,0,0,2,2.75697284023045,0,41,61,519,8,0,0,653,174,29,37.8451376956436,0,0.7947932618683,0.121031746031746,0.16179385530228,0.294803317759215,0,103.1,144.1
2021,REG+POST,00-0034577,K.Allen,Kyle Allen,QB,QB,"https://static.www.nfl.com/image/private/f_auto,q_auto/league/rvf9rnbqajlniortukeq",2,WAS,12,19,120,1,0,2,5,1,1,135,46,6,1.33960218954599,0,0.888888888888889,0.042431024700392,2,11,0,0,0,1,-0.235914076212794,0,0,0,0,0,0,0,0,0,0,,0,,,,,0,7.9,7.9
2021,REG+POST,00-0034578,R.Bonnafon,Reggie Bonnafon,RB,RB,"https://static.www.nfl.com/image/private/f_auto,q_auto/league/revwhbm7uizs4oiwqdo3",1,CAR,0,0,0,0,0,0,0,0,0,0,0,0,,0,,,1,4,0,0,0,0,-0.201326348702423,0,2,2,12,0,0,0,3,9,1,0.751900982053485,0,4.0,0.0465116279069768,0.0082872928176795,0.0755685468328408,0,1.6,3.6
2021,REG+POST,00-0034597,R.Nall,Ryan Nall,RB,RB,"https://static.www.nfl.com/image/private/f_auto,q_auto/league/qh4cznlh73ud2b9loalu",2,CHI,0,0,0,0,0,0,0,0,0,0,0,0,,0,,,1,4,0,0,0,0,-0.555501006543636,0,1,1,4,0,0,0,4,0,0,-1.88302549085347,0,1.0,0.032258064516129,0.0204081632653061,0.0626728110599078,0,0.8,1.8
2021,REG+POST,00-0034614,G.Igwebuike,Godwin Igwebuike,RB,RB,"https://static.www.nfl.com/image/private/f_auto,q_auto/league/d0jsvuhu4xwkyegnlauh",8,DET,0,0,0,0,0,0,0,0,0,0,0,0,,0,,,18,118,1,2,2,7,-4.57314656762173,0,7,10,60,0,0,0,15,64,4,-2.08256479731062,0,4.0,0.0578034682080925,0.012987012987013,0.0957961114030478,0,19.8,26.8
2021,REG+POST,00-0034631,V.Smith,Vyncint Smith,WR,WR,"https://static.www.nfl.com/image/private/f_auto,q_auto/league/jjwvixdxj0lapvuqwbz9",1,NYJ,0,0,0,0,0,0,0,0,0,0,0,0,,0,,,0,0,0,0,0,0,,0,0,1,0,0,0,0,18,0,0,-0.442845940182451,0,0.0,0.025,0.0604026845637584,0.0797818791946309,0,0.0,0.0
2021,REG+POST,00-0034646,B.Powell,Brandon Powell,WR,WR,"https://static.www.nfl.com/image/private/f_auto,q_auto/league/cqtogvopabvi3gcuaosi",1,LA,0,0,0,0,0,0,0,0,0,0,0,0,,0,,,0,0,0,0,0,0,,0,0,0,0,0,0,0,0,0,0,,0,,,,,1,6.0,6.0
2021,REG+POST,00-0034652,C.Batson,Cameron Batson,WR,WR,"https://static.www.nfl.com/image/private/f_auto,q_auto/league/pow47zamr7jdcca5ibsl",3,TEN,0,0,0,0,0,0,0,0,0,0,0,0,,0,,,2,15,0,0,0,1,0.594628306163941,0,2,5,15,1,0,0,84,1,2,0.930304496025201,0,0.178571428571429,0.0666666666666667,0.149200710479574,0.204440497335702,0,9.0,11.0
2021,REG+POST,00-0034672,E.Wolf,Ethan Wolf,TE,TE,"https://static.www.nfl.com/image/private/f_auto,q_auto/league/axn5dxyd6e9jcixash1g",1,NO,0,0,0,0,0,0,0,0,0,0,0,0,,0,,,0,0,0,0,0,0,,0,2,2,8,0,0,0,2,6,0,-0.390935016330332,0,4.0,0.111111111111111,0.0263157894736842,0.185087719298246,0,0.8,2.8
2021,REG+POST,00-0034676,J.Washington,James Washington,WR,WR,"https://static.www.nfl.com/image/private/f_auto,q_auto/league/z5svt5lojqlibpxitvty",16,PIT,0,0,0,0,0,0,0,0,0,0,0,0,,0,,,2,13,0,0,0,1,0.60883256001398,0,26,47,322,3,0,0,576,82,11,-4.31278743942376,0,0.559027777777778,0.0748407643312102,0.142680208075303,0.212137292149528,0,51.5,77.5
2021,REG+POST,00-0034681,C.Edmonds,Chase Edmonds,RB,RB,"https://static.www.nfl.com/image/private/f_auto,q_auto/league/y0u4btecdge4tsun4p2h",13,ARI,0,0,0,0,0,0,0,0,0,0,0,0,,0,,,124,620,2,0,0,34,8.67945447057258,0,43,54,311,0,1,1,40,324,11,-4.79624822653427,0,7.775,0.134328358208955,0.012531328320802,0.210264467137994,0,103.1,146.1
2021,REG+POST,00-0034686,A.Tate,Auden Tate,WR,WR,"https://static.www.nfl.com/image/private/f_auto,q_auto/league/gp64utjveglpbit53u3t",4,CIN,0,0,0,0,0,0,0,0,0,0,0,0,,0,,,0,0,0,0,0,0,,0,3,4,39,1,0,0,45,21,3,0.0031128440168686,0,0.866666666666667,0.0344827586206897,0.0643776824034335,0.0967885156134379,0,9.9,12.9
2021,REG+POST,00-0034726,D.Leavitt,Dallin Leavitt,SS,DB,"https://static.www.nfl.com/image/private/f_auto,q_auto/league/puozg5rjuz6vf3cudgx5",2,LV,0,0,0,0,0,0,0,0,0,0,0,0,,0,,,2,6,0,0,0,2,3.15669890289428,0,0,0,0,0,0,0,0,0,0,,0,,,,,0,0.6,0.6
2021,REG+POST,00-0034735,C.McElroy,Codey McElroy,TE,TE,"https://static.www.nfl.com/image/private/f_auto,q_auto/league/jzeu0mzarw5bosseecho",1,TB,0,0,0,0,0,0,0,0,0,0,0,0,,0,,,0,0,0,0,0,0,,0,0,1,0,0,0,0,11,0,0,-0.740482040331699,0,0.0,0.0232558139534884,0.0239651416122004,0.0516593200587729,0,0.0,0.0
2021,REG+POST,00-0034750,R.Penny,Rashaad Penny,RB,RB,"https://static.www.nfl.com/image/private/f_auto,q_auto/league/mwvzwst6cfcwifblqtsj",10,SEA,0,0,0,0,0,0,0,0,0,0,0,0,,0,,,119,749,6,0,0,28,11.2019616547471,0,6,8,48,0,0,0,-16,62,3,0.729798308356552,0,-3.0,0.0540540540540541,-0.0134003350083752,0.0717008465752184,0,115.7,121.7
2021,REG+POST,00-0034753,M.Andrews,Mark Andrews,TE,TE,"https://static.www.nfl.com/image/private/f_auto,q_auto/league/cv7h66mkpoalli9wfdqp",17,BAL,0,0,0,0,0,0,0,0,0,0,0,0,,0,,,1,0,0,0,0,0,-1.09244613756891,0,107,153,1361,9,1,0,1574,450,75,56.8067765942933,2,0.864675984752224,0.258883248730964,0.304743465634076,0.6016452990403,0,194.1,301.1
2021,REG+POST,00-0034764,M.Gallup,Michael Gallup,WR,WR,"https://static.www.nfl.com/image/private/f_auto,q_auto/league/tt9xpcg4x2z3osc1fcq6",9,DAL,0,0,0,0,0,0,0,0,0,0,0,0,,0,,,0,0,0,0,0,0,,0,35,62,445,2,0,0,722,123,23,18.4041369350428,0,0.616343490304709,0.165775401069519,0.273795980280622,0.440320287800713,0,56.5,91.5
2021,REG+POST,00-0034765,T.Smith,Tre'Quan Smith,WR,WR,"https://static.www.nfl.com/image/private/f_auto,q_auto/league/w0fqbjft1n3akkw7o6jc",10,NO,0,0,0,0,0,0,0,0,0,0,0,0,,0,,,0,0,0,0,0,0,,0,32,50,377,3,1,0,480,113,18,13.4656280927269,0,0.785416666666667,0.157232704402516,0.203476049173379,0.378282291025139,0,55.7,87.7
2021,REG+POST,00-0034766,C.Herndon,Christopher Herndon,TE,TE,"https://static.www.nfl.com/image/private/f_auto,q_auto/league/orypxaqv1ux3nbqssqqx",5,MIN,0,0,0,0,0,0,0,0,0,0,0,0,,0,,,0,0,0,0,0,0,,0,4,7,40,1,0,0,29,31,4,1.90233398642158,0,1.37931034482759,0.0366492146596859,0.0203366058906031,0.069209446112951,0,10.0,14.0
2021,REG+POST,00-0034771,M.Rudolph,Mason Rudolph,QB,QB,"https://static.www.nfl.com/image/private/f_auto,q_auto/league/d0e69hfidjqg8yb68nza",2,PIT,35,58,277,1,1,0,0,0,0,360,122,16,-8.75338016874487,0,0.769444444444445,-7.45812970578165e-05,5,53,0,0,0,3,3.05594229756389,0,0,0,0,0,0,0,0,0,0,,0,,,,,0,18.38,18.38
2021,REG+POST,00-0034775,C.Kirk,Christian Kirk,WR,WR,"https://static.www.nfl.com/image/private/f_auto,q_auto/league/ersmmtjmjlpsy9lmjvde",18,ARI,1,1,33,0,0,0,0,0,0,33,0,1,3.03057740646182,0,1.0,,1,11,0,0,0,1,0.651245707413182,0,83,114,1033,5,0,0,1338,241,45,49.1161703090978,0,0.772047832585949,0.188741721854305,0.294001318391562,0.488913505655551,0,135.72,218.72
2021,REG+POST,00-0034777,D.Chark,D.J. Chark,WR,WR,"https://static.www.nfl.com/image/private/f_auto,q_auto/league/bn5lxiv1cyyidlhkth84",3,JAX,0,0,0,0,0,0,0,0,0,0,0,0,,0,,,0,0,0,0,0,0,,0,7,22,154,2,0,0,359,24,7,0.27420088673394,0,0.428969359331476,0.191304347826087,0.325771324863884,0.514996449143849,0,27.4,34.4
2021,REG+POST,00-0034791,N.Chubb,Nick Chubb,RB,RB,"https://static.www.nfl.com/image/private/f_auto,q_auto/league/a8ib0haur75wrhqrbtyo",14,CLE,0,0,0,0,0,0,0,0,0,0,0,0,,0,,,228,1259,8,2,1,61,10.6301839495702,0,20,25,174,1,0,0,14,183,9,8.12511589378119,0,12.4285714285714,0.0664893617021277,0.0054095826893353,0.103520750435726,0,195.3,215.3
2021,REG+POST,00-0034796,L.Jackson,Lamar Jackson,QB,QB,"https://static.www.nfl.com/image/private/f_auto,q_auto/league/wj1fwvvkjaqztm56ybzu",12,BAL,246,382,2882,16,13,38,190,3,1,3534,1150,135,19.1717008740486,2,0.815506508205999,0.0840197829218553,133,767,2,3,2,48,16.4621121083108,0,0,0,0,0,0,0,0,0,0,,0,,,,,0,239.98,239.98
2021,REG+POST,00-0034798,D.Smythe,Durham Smythe,TE,TE,"https://static.www.nfl.com/image/private/f_auto,q_auto/league/bymp1mbuhxq4vbrwnof7",15,MIA,0,0,0,0,0,0,0,0,0,0,0,0,,0,,,2,3,0,0,0,2,1.3401846177876,0,34,41,357,0,0,0,260,160,15,14.9682837688306,0,1.37307692307692,0.0786948176583493,0.0658061250316376,0.16410651400967,0,36.0,70.0
2021,REG+POST,00-0034799,K.Ballage,Kalen Ballage,RB,RB,"https://static.www.nfl.com/image/private/f_auto,q_auto/league/zxxklmhekefz5gaaxqi0",9,PIT,0,0,0,0,0,0,0,0,0,0,0,0,,0,,,16,49,0,0,0,4,-1.24246097693685,0,2,7,8,0,0,0,2,10,0,-7.04676297592232,0,4.0,0.0380434782608696,0.002020202020202,0.0584793588054458,0,5.7,7.7
2021,REG+POST,00-0034808,J.Kelly,John Kelly,RB,RB,"https://static.www.nfl.com/image/private/f_auto,q_auto/league/vqih30rje8wvdeado2m9",1,CLE,0,0,0,0,0,0,0,0,0,0,0,0,,0,,,2,13,0,0,0,1,0.203084378270432,0,0,0,0,0,0,0,0,0,0,,0,,,,,0,1.3,1.3
2021,REG+POST,00-0034816,R.Jones,Ronald Jones,RB,RB,"https://static.www.nfl.com/image/private/f_auto,q_auto/league/juku3wy4sv0xwobxw7xp",15,TB,0,0,0,0,0,0,0,0,0,0,0,0,,0,,,101,428,4,2,2,25,-3.85281771598966,0,10,13,64,0,0,0,-15,77,2,0.277788223989774,0,-4.26666666666667,0.0385756676557864,-0.005656108597285,0.05390422546558,0,69.2,79.2
2021,REG+POST,00-0034827,D.Moore,D.J. Moore,WR,WR,"https://static.www.nfl.com/image/private/f_auto,q_auto/league/fuhd1intilojmnbx7wjq",17,CAR,0,0,0,0,0,0,0,0,0,0,0,0,,0,,,8,48,0,0,0,4,7.40770576131763,0,93,163,1157,4,1,1,1734,422,60,8.43850797346094,1,0.66724336793541,0.283478260869565,0.402413553028545,0.706906878424329,0,144.5,237.5
2021,REG+POST,00-0034829,M.Gesicki,Mike Gesicki,TE,TE,"https://static.www.nfl.com/image/private/f_auto,q_auto/league/mpichyoi6vdnhb7qte6c",17,MIA,0,1,0,0,0,0,0,0,0,28,0,0,-0.586453419644386,0,0.0,,0,0,0,0,0,0,,0,73,112,780,2,0,0,1048,221,39,17.9020175485181,1,0.744274809160305,0.186978297161937,0.236195627676358,0.445804385116355,0,92.0,165.0
2021,REG+POST,00-0034830,H.Hurst,Hayden Hurst,TE,TE,"https://static.www.nfl.com/image/private/f_auto,q_auto/league/evevkgcgy0suudtprryp",12,ATL,0,0,0,0,0,0,0,0,0,0,0,0,,0,,,0,0,0,0,0,0,,0,26,31,221,3,3,1,205,89,11,2.64730920143162,0,1.07804878048781,0.0759803921568627,0.0738206697875405,0.165645057086572,0,38.1,64.1
2021,REG+POST,00-0034837,C.Ridley,Calvin Ridley,WR,WR,"https://static.www.nfl.com/image/private/f_auto,q_auto/league/jnknuowszoqaywqoopy7",5,ATL,0,0,0,0,0,0,0,0,0,0,0,0,,0,,,0,0,0,0,0,0,,0,31,52,281,2,0,0,521,91,16,7.90123467370404,0,0.539347408829175,0.26530612244898,0.40703125,0.682881058673469,0,40.1,71.1
2021,REG+POST,00-0034838,R.Freeman,Royce Freeman,RB,RB,"https://static.www.nfl.com/image/private/f_auto,q_auto/league/omv74ajxzfk50f5te1mp",11,HOU,0,0,0,0,0,0,0,0,0,0,0,0,,0,,,56,169,0,0,0,8,-9.51403795826278,0,10,16,77,0,0,0,-6,75,4,-1.75418729842634,0,-12.8333333333333,0.0686695278969957,-0.0049792531120332,0.0995188146670703,0,24.6,34.6
2021,REG+POST,00-0034844,S.Barkley,Saquon Barkley,RB,RB,"https://static.www.nfl.com/image/private/f_auto,q_auto/league/o8tlhps5u1tvnaaxlpjk",13,NYG,0,0,0,0,0,0,0,0,0,0,0,0,,0,,,162,593,2,1,1,27,-20.3498575433616,0,41,57,263,2,1,0,30,298,13,-3.736571233836,0,8.76666666666667,0.131944444444444,0.0099403578528827,0.204874917163685,0,107.6,148.6
2021,REG+POST,00-0034845,S.Michel,Sony Michel,RB,RB,"https://static.www.nfl.com/image/private/f_auto,q_auto/league/eydtwcqcaegkuwivq0ln",21,LA,0,0,0,0,0,0,0,0,0,0,0,0,,0,,,234,925,4,1,1,52,-27.6269892570325,0,24,37,120,1,0,0,-27,141,6,-13.2975568389755,0,-4.44444444444444,0.0721247563352827,-0.0061700182815356,0.103868121705849,0,132.5,156.5
2021,REG+POST,00-0034854,K.Hodge,KhaDarel Hodge,WR,WR,"https://static.www.nfl.com/image/private/f_auto,q_auto/league/rx0oqq7r3hwwdliira2q",10,DET,0,0,0,0,0,0,0,0,0,0,0,0,,0,,,0,0,0,0,0,0,,0,13,27,157,0,0,0,304,37,7,-7.36710539101227,1,0.516447368421053,0.0778097982708934,0.12843261512463,0.206617527993581,0,17.7,30.7
2021,REG+POST,00-0034855,B.Mayfield,Baker Mayfield,QB,QB,"https://static.www.nfl.com/image/private/f_auto,q_auto/league/haglbmidyaxtimhctzlp",14,CLE,253,418,3010,17,13,43,269,5,3,3659,1383,143,-6.55641304627143,2,0.822629133643072,0.0478425106687578,37,134,1,1,0,12,6.11131855749408,0,0,0,0,0,0,0,0,0,0,,0,,,,,0,179.8,179.8
2021,REG+POST,00-0034857,J.Allen,Josh Allen,QB,QB,"https://static.www.nfl.com/image/private/f_auto,q_auto/league/ghmmndgjefpxziks7ntf",19,BUF,457,708,5044,45,15,28,180,4,1,5823,1959,261,120.949190735427,2,0.866220161428817,0.142174180577903,139,897,6,5,2,63,69.8016926069656,1,0,0,0,0,0,0,0,0,0,,1,,,,,0,479.46,479.46
2021,REG+POST,00-0034860,D.Pettis,Dante Pettis,WR,WR,"https://static.www.nfl.com/image/private/f_auto,q_auto/league/j35nhxhisutf6pz38fzs",2,NYG,1,1,16,0,0,0,0,0,0,13,3,1,0.98088472627569,0,1.23076923076923,,0,0,0,0,0,0,,0,10,16,87,1,0,0,103,38,5,-1.96423208350576,0,0.844660194174757,0.197530864197531,0.2,0.436296296296296,0,15.34,25.34
2021,REG+POST,00-0034867,M.Turner,Malik Turner,WR,WR,"https://static.www.nfl.com/image/private/f_auto,q_auto/league/r7wv14bgrb5ohjmqsf9p",8,DAL,0,0,0,0,0,0,0,0,0,0,0,0,,0,,,0,0,0,0,0,0,,0,13,17,155,3,0,0,152,77,8,6.58288079296472,0,1.01973684210526,0.0526315789473684,0.0549530007230658,0.117414468927199,0,33.5,46.5
2021,REG+POST,00-0034869,S.Darnold,Sam Darnold,QB,QB,"https://static.www.nfl.com/image/private/f_auto,q_auto/league/whfsdoeusfuts9t4m6ex",12,CAR,243,406,2527,9,13,35,204,7,2,2932,1385,123,-77.7665797189775,1,0.861869031377899,-0.0016072921836752,48,222,5,2,2,21,3.87888621813283,0,0,0,0,0,0,0,0,0,0,,0,,,,,0,157.28,157.28
2021,REG+POST,00-0034899,J.Wolford,John Wolford,QB,QB,"https://static.www.nfl.com/image/private/f_auto,q_auto/league/uxzgrelwi10vk4vbx7lc",2,LA,1,4,5,0,1,1,8,0,0,19,7,0,-6.36047899327241,0,0.263157894736842,,2,-1,0,0,0,0,-1.03255195403472,0,0,0,0,0,0,0,0,0,0,,0,,,,,0,-1.9,-1.9
2021,REG+POST,00-0034903,T.Campbell,Tevaughn Campbell,CB,DB,"https://static.www.nfl.com/image/private/f_auto,q_auto/league/qb4fu699shbcolgy8nxz",1,LAC,0,0,0,0,0,0,0,0,0,0,0,0,,0,,,0,0,0,0,0,0,,0,0,1,0,0,0,0,10,0,0,-2.76716072531417,0,0.0,0.0263157894736842,0.0327868852459016,0.0624245038826575,0,0.0,0.0
2021,REG+POST,00-0034930,T.Benson,Trinity Benson,WR,WR,"https://static.www.nfl.com/image/private/f_auto,q_auto/league/ieftt22eccs8cjnodaxb",7,DET,0,0,0,0,0,0,0,0,0,0,0,0,,0,,,0,0,0,0,0,0,,0,10,22,103,0,0,0,175,59,4,-9.61333417706192,0,0.588571428571429,0.0887096774193548,0.105868118572293,0.207172199129637,0,10.3,20.3
2021,REG+POST,00-0034955,B.Rypien,Brett Rypien,QB,QB,"https://static.www.nfl.com/image/private/f_auto,q_auto/league/dk9b6nlydrbexyyoknoi",1,DEN,0,2,0,0,0,0,0,0,0,11,0,0,-2.05911778751761,0,0.0,,0,0,0,0,0,0,,0,0,0,0,0,0,0,0,0,0,,0,,,,,0,0.0,0.0
2021,REG+POST,00-0034960,J.Meyers,Jakobi Meyers,WR,WR,"https://static.www.nfl.com/image/private/f_auto,q_auto/league/lhfd2xsufgep72sfkacg",17,NE,2,2,45,0,0,0,0,0,0,11,34,1,1.78691730397986,0,4.09090909090909,,1,9,0,0,0,0,0.923072559235152,0,89,135,906,2,1,1,1268,226,45,18.6841562866136,2,0.714511041009464,0.242805755395683,0.283351955307263,0.562555001808609,0,107.3,196.3
2021,REG+POST,00-0034972,A.Mattison,Alexander Mattison,RB,RB,"https://static.www.nfl.com/image/private/f_auto,q_auto/league/kn3cwf59lqoyauoqmghm",16,MIN,0,0,0,0,0,0,0,0,0,0,0,0,,0,,,134,491,3,1,1,28,-25.0483988567139,0,32,39,228,1,0,0,3,238,10,-2.7079422143603,0,76.0,0.0821052631578947,0.0008733624454148,0.123769248448633,0,93.9,125.9
2021,REG+POST,00-0034981,F.Moreau,Foster Moreau,TE,TE,"https://static.www.nfl.com/image/private/f_auto,q_auto/league/cvxobozy7tbpgnxahes9",13,LV,0,0,0,0,0,0,0,0,0,0,0,0,,0,,,0,0,0,0,0,0,,0,30,47,373,3,1,0,346,189,16,-2.73623911598055,0,1.07803468208092,0.103752759381898,0.0942009256738361,0.221569787044533,0,55.3,85.3
2021,REG+POST,00-0034983,H.Renfrow,Hunter Renfrow,WR,WR,"https://static.www.nfl.com/image/private/f_auto,q_auto/league/coqn2jxhmjhaut34aqiv",18,LV,0,0,0,0,0,0,0,0,0,0,0,0,,0,,,3,3,0,0,0,0,-1.60257622005884,0,111,139,1096,9,1,1,899,487,52,49.6466570825244,0,1.21913236929922,0.21319018404908,0.168289030325721,0.437587597301624,0,161.9,272.9
2021,REG+POST,00-0034987,E.Speed,E.J. Speed,OLB,LB,"https://static.www.nfl.com/image/private/f_auto,q_auto/league/cunb1ditn75noh11xrle",2,IND,0,0,0,0,0,0,0,0,0,0,0,0,,0,,,0,0,0,0,0,0,,0,0,0,0,0,0,0,0,0,0,,0,,,,,2,12.0,12.0
2021,REG+POST,00-0034988,K.Smith,Kaden Smith,TE,TE,"https://static.www.nfl.com/image/private/f_auto,q_auto/league/gbwycqfz69f3c3ozzt0g",2,NYG,0,0,0,0,0,0,0,0,0,0,0,0,,0,,,0,0,0,0,0,0,,0,3,3,33,0,0,0,22,11,1,1.69925882306416,0,1.5,0.0447761194029851,0.0368509212730318,0.0929598239955999,0,3.3,6.3
2021,REG+POST,00-0035021,A.Dulin,Ashton Dulin,WR,WR,"https://static.www.nfl.com/image/private/f_auto,q_auto/league/jnaoemdbciiow7rcfzbu",14,IND,0,0,0,0,0,0,0,0,0,0,0,0,,0,,,3,32,0,0,0,1,0.338705803151242,0,13,22,173,2,0,0,304,50,9,5.97164781868924,0,0.569078947368421,0.0591397849462366,0.100728959575878,0.159219949122469,0,32.5,45.5
2021,REG+POST,00-0035022,P.Hart,Penny Hart,WR,WR,"https://static.www.nfl.com/image/private/f_auto,q_auto/league/x56attwx7uv6a8zbetsq",9,SEA,0,0,0,0,0,0,0,0,0,0,0,0,,0,,,0,0,0,0,0,0,,0,7,12,59,0,0,0,108,41,3,-3.16131397546269,0,0.546296296296296,0.0451127819548872,0.0448877805486284,0.0990906193163707,0,5.9,12.9
2021,REG+POST,00-0035040,D.Blough,David Blough,QB,QB,"https://static.www.nfl.com/image/private/f_auto,q_auto/league/enumsdgbnfykd6znzeck",1,DET,0,0,0,0,0,1,6,1,0,0,0,0,-0.930512365535833,0,,,1,6,0,0,0,0,0.34443784924224,0,0,0,0,0,0,0,0,0,0,,0,,,,,0,0.6,0.6
2021,REG+POST,00-0035042,J.Gillan,Jamie Gillan,P,SPEC,"https://static.www.nfl.com/image/private/f_auto,q_auto/league/fhwbrytkidc2slpjlazg",1,CLE,0,0,0,0,0,0,0,0,0,0,0,0,,0,,,1,0,0,1,0,0,-3.3422745866701,0,0,0,0,0,0,0,0,0,0,,0,,,,,0,0.0,0.0
2021,REG+POST,00-0035045,D.Montgomery,D.J. Montgomery,WR,WR,"https://static.www.nfl.com/image/upload/f_auto,q_auto/league/awyy8vuflp5dbjwdnar1",1,NYJ,0,0,0,0,0,0,0,0,0,0,0,0,,0,,,0,0,0,0,0,0,,0,3,6,36,0,0,0,39,15,2,-2.6614067054595,0,0.923076923076923,0.15,0.130872483221477,0.316610738255034,0,3.6,6.6
2021,REG+POST,00-0035099,K.Blasingame,Khari Blasingame,FB,RB,"https://static.www.nfl.com/image/private/f_auto,q_auto/league/w6upjqhddbjlnnqui819",4,TEN,0,0,0,0,0,0,0,0,0,0,0,0,,0,,,3,6,0,1,1,1,-2.56176345306449,0,2,3,4,0,0,0,1,4,0,-1.8619541763328,0,4.0,0.0348837209302326,0.0011834319526627,0.0531539837622127,0,-1.0,1.0
2021,REG+POST,00-0035101,D.Davis,Davion Davis,WR,WR,"https://static.www.nfl.com/image/private/f_auto,q_auto/league/sqsasalphgxytdferwds",2,HOU,0,0,0,0,0,0,0,0,0,0,0,0,,0,,,0,0,0,0,0,0,,0,1,3,17,0,0,0,14,13,1,-4.32051273412071,0,1.21428571428571,0.0405405405405405,0.0356234096692112,0.0857471975792587,0,1.7,2.7
2021,REG+POST,00-0035125,A.Ingold,Alec Ingold,FB,RB,"https://static.www.nfl.com/image/private/f_auto,q_auto/league/oxtyl1jrhudt3minnb83",7,LV,0,0,0,0,0,0,0,0,0,0,0,0,,0,,,2,1,0,0,0,1,0.282602343766484,0,10,12,85,1,0,0,56,46,4,3.78819375644622,0,1.51785714285714,0.0447761194029851,0.0359897172236504,0.0923569811610329,0,14.6,24.6
2021,REG+POST,00-0035126,A.Wesley,Antoine Wesley,WR,WR,"https://static.www.nfl.com/image/private/f_auto,q_auto/league/qbvjkexq50bd0ik1get4",9,ARI,0,0,0,0,0,0,0,0,0,0,0,0,,0,,,0,0,0,0,0,0,,0,19,34,208,3,0,0,358,61,9,-7.28850831916393,1,0.581005586592179,0.103975535168196,0.158127208480565,0.266652348688689,0,40.8,59.8
2021,REG+POST,00-0035140,M.Hardman,Mecole Hardman,WR,WR,"https://static.www.nfl.com/image/upload/f_auto,q_auto/league/rzs2xd5j7o7lz1ivk5te",20,KC,0,0,0,0,0,0,0,0,0,0,0,0,,0,,,14,101,1,2,1,4,-5.57135858829133,0,67,92,814,3,1,1,658,581,38,25.547696197842,0,1.2370820668693,0.122015915119363,0.123777276147479,0.269667965982281,0,111.5,178.5
2021,REG+POST,00-0035149,N.Allegretti,Nick Allegretti,G,OL,"https://static.www.nfl.com/image/private/f_auto,q_auto/league/oyy2ezczxcqh1uw22bkt",1,KC,0,0,0,0,0,0,0,0,0,0,0,0,,0,,,0,0,0,0,0,0,,0,1,1,1,1,0,0,1,0,1,1.09882110013859,0,1.0,0.0263157894736842,0.005181347150259,0.0431006272157077,0,6.1,7.1
2021,REG+POST,00-0035156,J.Fox,Jack Fox,P,SPEC,"https://static.www.nfl.com/image/private/f_auto,q_auto/league/bopl2e68nma6fbujuq4u",3,DET,2,3,38,0,0,0,0,0,0,30,21,2,5.19235931470757,0,1.26666666666667,,0,0,0,0,0,0,,0,0,0,0,0,0,0,0,0,0,,0,,,,,0,1.52,1.52
2021,REG+POST,00-0035184,D.Ozigbo,Devine Ozigbo,RB,RB,"https://static.www.nfl.com/image/private/f_auto,q_auto/league/teht8fiw2mu5g8xmdoqm",1,NO,0,0,0,0,0,0,0,0,0,0,0,0,,0,,,1,-3,0,0,0,0,-1.04458366846666,0,1,1,7,0,0,0,4,3,1,0.787435521837324,0,1.75,0.03125,0.0134228187919463,0.0562709731543624,0,0.4,1.4
2021,REG+POST,00-0035187,A.Walter,Austin Walter,RB,RB,"https://static.www.nfl.com/image/private/f_auto,q_auto/league/ra41toaybxgxojhemusk",4,NYJ,0,0,0,0,0,0,0,0,0,0,0,0,,0,,,26,101,1,0,0,5,-1.673842381771,0,2,3,9,0,0,0,-9,13,1,-0.828732173424214,0,-1.0,0.0508474576271187,-0.0217917675544794,0.0610169491525424,0,17.0,19.0
2021,REG+POST,00-0035208,O.Zaccheaus,Olamide Zaccheaus,WR,WR,"https://static.www.nfl.com/image/private/f_auto,q_auto/league/dwtubzfv9kpr23znavl6",15,ATL,0,0,0,0,0,0,0,0,0,0,0,0,,0,,,1,2,0,0,0,1,0.517502564936876,0,31,53,406,3,0,0,477,96,22,12.5397129170597,0,0.851153039832285,0.107287449392713,0.131804365846919,0.253194230181912,0,58.8,89.8
2021,REG+POST,00-0035215,D.Harty,Deonte Harty,WR,WR,"https://static.www.nfl.com/image/private/f_auto,q_auto/league/h72iki8fggkee1n2jpg6",13,NO,0,0,0,0,0,0,0,0,0,0,0,0,,0,,,5,41,0,0,0,1,1.13728076068219,0,36,59,570,3,0,0,585,246,23,9.92946859491039,0,0.974358974358974,0.156084656084656,0.196837146702557,0.371912986818774,0,79.1,115.1
2021,REG+POST,00-0035216,D.Johnson,Diontae Johnson,WR,WR,"https://static.www.nfl.com/image/private/f_auto,q_auto/league/imoqxbyoluisz2tmoral",17,PIT,0,0,0,0,0,0,0,0,0,0,0,0,,0,,,5,53,0,0,0,2,3.93995102384361,0,112,179,1195,9,2,2,1542,537,63,24.4319540527775,1,0.77496757457847,0.280125195618153,0.34878986654603,0.664340700009451,0,176.8,288.8
2021,REG+POST,00-0035217,B.Snell,Benny Snell,RB,RB,"https://static.www.nfl.com/image/private/f_auto,q_auto/league/fo3ppnx6djkougdmpthf",14,PIT,0,0,0,0,0,0,0,0,0,0,0,0,,0,,,38,113,0,0,0,3,-8.50321089813373,0,4,6,29,0,0,0,-2,34,2,-1.78754570672754,0,-14.5,0.0324324324324324,-0.0020942408376963,0.0471826800622612,0,14.2,18.2
2021,REG+POST,00-0035222,Z.Gentry,Zach Gentry,TE,TE,"https://static.www.nfl.com/image/private/f_auto,q_auto/league/ymrc0ebxrmqahtvimt8l",11,PIT,0,0,0,0,0,0,0,0,0,0,0,0,,0,,,0,0,0,0,0,0,,0,23,29,200,0,0,0,89,146,12,-4.40603780281058,0,2.24719101123596,0.0723192019950125,0.0333333333333333,0.131812136325852,0,20.0,43.0
2021,REG+POST,00-0035223,U.Gilbert,Ulysees Gilbert,ILB,LB,"https://static.www.nfl.com/image/private/f_auto,q_auto/league/cuiogahz0e5enpzl6fbr",1,PIT,0,0,0,0,0,0,0,0,0,0,0,0,,0,,,0,0,0,0,0,0,,0,0,0,0,0,0,0,0,0,0,,0,,,,,1,6.0,6.0
2021,REG+POST,00-0035228,K.Murray,Kyler Murray,QB,QB,"https://static.www.nfl.com/image/private/f_auto,q_auto/league/ad68dbv2eqakttaqwppv",15,ARI,352,515,3924,24,12,33,301,3,0,4102,1883,179,44.358747413677,1,0.956606533398342,0.101792920298326,90,429,5,10,0,26,6.74877292105622,0,0,0,0,0,0,0,0,0,0,,0,,,,,0,303.86,303.86
2021,REG+POST,00-0035229,T.Hockenson,T.J. Hockenson,TE,TE,"https://static.www.nfl.com/image/private/f_auto,q_auto/league/exbnbnkgkhp9tlt10wig",12,DET,0,0,0,0,0,0,0,0,0,0,0,0,,0,,,0,0,0,0,0,0,,0,61,84,583,4,0,0,616,199,32,5.36185234076034,1,0.946428571428571,0.21,0.239409249902837,0.482586474931986,0,84.3,145.3
2021,REG+POST,00-0035231,C.Wilkins,Christian Wilkins,DE,DL,"https://static.www.nfl.com/image/private/f_auto,q_auto/league/yngx6poa67gosj2oiwk1",1,MIA,0,0,0,0,0,0,0,0,0,0,0,0,,0,,,0,0,0,0,0,0,,0,1,1,1,1,0,0,1,0,1,0.53282988598221,0,1.0,0.0384615384615385,0.0039215686274509,0.0604374057315234,0,6.1,7.1
2021,REG+POST,00-0035243,M.Sanders,Miles Sanders,RB,RB,"https://static.www.nfl.com/image/private/f_auto,q_auto/league/vzctez3oxwdttiyukq18",13,PHI,0,0,0,0,0,0,0,0,0,0,0,0,,0,,,144,770,0,1,1,34,-2.82220429800286,1,29,37,170,0,0,0,-14,235,6,-7.82121955508714,0,-12.1428571428571,0.092964824120603,-0.0045498862528436,0.136262315803914,0,94.0,123.0
2021,REG+POST,00-0035246,J.Arcega-Whiteside,J.J. Arcega-Whiteside,WR,WR,"https://static.www.nfl.com/image/private/f_auto,q_auto/league/ybukzc2rvl0mqfnn387e",3,PHI,0,0,0,0,0,0,0,0,0,0,0,0,,0,,,0,0,0,0,0,0,,0,2,5,36,0,0,0,41,29,2,-3.35056522814557,0,0.878048780487805,0.0581395348837209,0.057909604519774,0.127746025489423,0,3.6,5.6
2021,REG+POST,00-0035249,J.Oliver,Josh Oliver,TE,TE,"https://static.www.nfl.com/image/private/f_auto,q_auto/league/pwd3muzyjclgjlwwtdah",10,BAL,0,0,0,0,0,0,0,0,0,0,0,0,,0,,,0,0,0,0,0,0,,0,9,15,66,0,1,0,126,25,4,-3.32906061690301,0,0.523809523809524,0.0441176470588235,0.0410289807880169,0.0948967571398471,0,6.6,15.6
2021,REG+POST,00-0035250,D.Singletary,Devin Singletary,RB,RB,"https://static.www.nfl.com/image/upload/f_auto,q_auto/league/ulczhsxmhnyrsyjfrhd5",19,BUF,0,0,0,0,0,0,0,0,0,0,0,0,,0,,,214,977,10,2,0,55,3.31121705143596,0,47,59,266,1,3,0,-15,300,14,-2.53589918568647,0,-17.7333333333333,0.0900763358778626,-0.0028724626579854,0.133103779956204,0,190.3,237.3
2021,REG+POST,00-0035259,T.Wesco,Trevon Wesco,TE,TE,"https://static.www.nfl.com/image/private/f_auto,q_auto/league/ptq3iidy6uyg3f31gjl5",4,NYJ,0,0,0,0,0,0,0,0,0,0,0,0,,0,,,0,0,0,0,0,0,,0,3,5,35,0,0,0,3,29,2,-1.34905443125172,0,11.6666666666667,0.0335570469798658,0.0037174721189591,0.05293780095307,0,3.5,6.5
2021,REG+POST,00-0035261,T.Pollard,Tony Pollard,RB,RB,"https://static.www.nfl.com/image/private/f_auto,q_auto/league/pqhmih6cdyb3yqfd1dmb",16,DAL,0,0,0,0,0,0,0,0,0,0,0,0,,0,,,134,733,2,0,0,35,12.3988981725285,0,41,48,349,0,2,0,6,355,16,7.09873029152018,0,58.1666666666667,0.0813559322033898,0.0013593112822836,0.122985416202683,1,126.2,167.2
2021,REG+POST,00-0035268,R.Armstead,Ryquell Armstead,RB,RB,"https://static.www.nfl.com/image/private/f_auto,q_auto/league/jgcl3vn95zrklzlulgut",2,JAX,0,0,0,0,0,0,0,0,0,0,0,0,,0,,,15,80,0,0,0,3,1.6966322271619,0,3,4,16,0,0,0,0,20,1,-5.90007190260803,0,0.0,0.0689655172413793,0.0,0.103448275862069,0,9.6,12.6
2021,REG+POST,00-0035273,Q.Ollison,Qadree Ollison,RB,RB,"https://static.www.nfl.com/image/private/f_auto,q_auto/league/ifvzpr0bzxjwbpv0zpml",6,ATL,0,0,0,0,0,0,0,0,0,0,0,0,,0,,,21,105,1,1,1,7,-4.71563008642988,0,4,6,12,0,0,0,0,7,1,-4.13411433284637,0,0.0,0.0454545454545455,0.0,0.0681818181818182,0,15.7,19.7
2021,REG+POST,00-0035289,G.Minshew,Gardner Minshew,QB,QB,"https://static.www.nfl.com/image/private/f_auto,q_auto/league/gvv8ki5crxio2rxfwzng",3,PHI,41,60,439,4,1,5,31,1,0,346,263,24,16.8285975123972,0,1.26878612716763,0.170775416090682,9,21,0,0,0,2,-1.08274675789289,0,0,0,0,0,0,0,0,0,0,,0,,,,,0,33.66,33.66
2021,REG+POST,00-0035291,T.Williams,Trayveon Williams,RB,RB,"https://static.www.nfl.com/image/private/f_auto,q_auto/league/lwyipowl19fmjrfm37nd",2,CIN,0,0,0,0,0,0,0,0,0,0,0,0,,0,,,15,51,0,0,0,4,-0.211836054979358,0,1,2,4,0,0,0,-7,11,0,-0.690285214750837,0,-0.571428571428571,0.0689655172413793,-0.0426829268292683,0.0735702270815812,0,5.5,6.5
2021,REG+POST,00-0035298,S.Miller,Scott Miller,WR,WR,"https://static.www.nfl.com/image/private/f_auto,q_auto/league/op0lagoypltubc9t61qu",7,TB,0,0,0,0,0,0,0,0,0,0,0,0,,0,,,3,52,1,0,0,3,5.60185563354753,0,10,16,84,0,0,0,180,13,4,-3.11258308768324,0,0.466666666666667,0.0547945205479452,0.0850661625708885,0.14173809462154,0,19.6,29.6
2021,REG+POST,00-0035308,T.Sweeney,Tommy Sweeney,TE,TE,"https://static.www.nfl.com/image/private/f_auto,q_auto/league/tw1tgrqwyiadl4kweuf6",7,BUF,0,0,0,0,0,0,0,0,0,0,0,0,,0,,,0,0,0,0,0,0,,0,9,12,44,1,1,0,69,14,3,-3.79020547436085,0,0.63768115942029,0.0447761194029851,0.0309001343484102,0.0887942731483648,0,10.4,19.4
2021,REG+POST,00-0035311,M.Gaskin,Myles Gaskin,RB,RB,"https://static.www.nfl.com/image/private/f_auto,q_auto/league/ypsxp4e7apgqibr9edzy",17,MIA,0,0,0,0,0,0,0,0,0,0,0,0,,0,,,173,612,3,2,1,25,-28.6345472207782,0,49,63,234,4,0,0,32,250,13,-6.78806696219854,0,7.3125,0.116022099447514,0.0080971659919028,0.179701165365603,0,124.6,173.6
2021,REG+POST,00-0035327,C.Moore,C.J. Moore,FS,DB,"https://static.www.nfl.com/image/private/f_auto,q_auto/league/jsfetufrmzdqhxvwvcwq",1,DET,0,0,0,0,0,0,0,0,0,0,0,0,,0,,,1,28,0,0,0,1,4.78689199872315,0,0,0,0,0,0,0,0,0,0,,0,,,,,0,2.8,2.8
2021,REG+POST,00-0035328,M.Nelson,Matt Nelson,T,OL,"https://static.www.nfl.com/image/private/f_auto,q_auto/league/m2kov5tigifrd4k86qla",1,DET,0,0,0,0,0,0,0,0,0,0,0,0,,0,,,0,0,0,0,0,0,,0,0,1,0,0,0,0,6,0,0,-0.592342924210243,0,0.0,0.027027027027027,0.0237154150197628,0.0571413310543745,0,0.0,0.0
2021,REG+POST,00-0035329,D.Parham,Donald Parham,TE,TE,"https://static.www.nfl.com/image/private/f_auto,q_auto/league/a0edaf5rlkyc6syfvonz",12,LAC,0,0,0,0,0,0,0,0,0,0,0,0,,0,,,0,0,0,0,0,0,,0,20,27,190,3,0,0,121,138,13,6.09205668891082,1,1.5702479338843,0.0590809628008753,0.0360655737704918,0.113867345840657,0,39.0,59.0
2021,REG+POST,00-0035341,T.Irwin,Trenton Irwin,WR,WR,"https://static.www.nfl.com/image/private/f_auto,q_auto/league/nx9e98gqxm1ov8z9rsn2",2,CIN,0,0,0,0,0,0,0,0,0,0,0,0,,0,,,0,0,0,0,0,0,,0,2,5,34,0,0,0,86,5,1,-1.70675897650654,0,0.395348837209302,0.0819672131147541,0.215538847117795,0.273828012654587,0,3.4,5.4
2021,REG+POST,00-0035342,P.Laird,Patrick Laird,RB,RB,"https://static.www.nfl.com/image/private/f_auto,q_auto/league/lhildzn90os4dmucczjw",3,MIA,0,0,0,0,0,0,0,0,0,0,0,0,,0,,,1,4,0,0,0,0,-0.148230464663357,0,3,3,17,0,0,0,-3,20,2,2.36972801660886,0,-5.66666666666667,0.0288461538461538,-0.0051546391752577,0.0396609833465504,0,2.1,5.1
2021,REG+POST,00-0035345,C.Myarick,Chris Myarick,TE,TE,"https://static.www.nfl.com/image/private/f_auto,q_auto/league/exwqvc1wszmrf44sp1us",4,NYG,0,0,0,0,0,0,0,0,0,0,0,0,,0,,,0,0,0,0,0,0,,0,3,6,17,1,0,0,13,8,2,-4.33840865606908,0,1.30769230769231,0.0425531914893617,0.0207006369426752,0.0783202330939152,0,7.7,10.7
2021,REG+POST,00-0035350,P.Williams,Preston Williams,WR,WR,"https://static.www.nfl.com/image/private/f_auto,q_auto/league/ycedbmymomppxkrh6gcc",6,MIA,0,0,0,0,0,0,0,0,0,0,0,0,,0,,,1,7,0,0,0,0,0.392152484739199,0,6,16,71,0,0,0,137,38,3,-5.44381647120802,0,0.518248175182482,0.0727272727272727,0.10474006116208,0.182408951904365,0,7.8,13.8
2021,REG+POST,00-0035356,T.Jackson,Tyree Jackson,TE,TE,"https://static.www.nfl.com/image/private/f_auto,q_auto/league/kv3usy5bsdwz0nvo7x0v",3,PHI,0,0,0,0,0,0,0,0,0,0,0,0,,0,,,0,0,0,0,0,0,,0,3,7,22,1,0,0,69,7,2,0.269519538793247,0,0.318840579710145,0.0823529411764706,0.111831442463533,0.201811421489179,0,8.2,11.2
2021,REG+POST,00-0035359,D.Sills,David Sills,WR,WR,"https://static.www.nfl.com/image/private/f_auto,q_auto/league/sk6xldbivylmykzlsgzw",4,NYG,0,0,0,0,0,0,0,0,0,0,0,0,,0,,,0,0,0,0,0,0,,0,2,6,17,0,0,0,58,2,1,-2.95435114038992,0,0.293103448275862,0.0521739130434783,0.0822695035460993,0.135849522047487,0,1.7,3.7
2021,REG+POST,00-0035378,A.Wingard,Andrew Wingard,FS,DB,"https://static.www.nfl.com/image/private/f_auto,q_auto/league/fqbe6rmvnysfmudtwduk",1,JAX,0,0,0,0,0,0,0,0,0,0,0,0,,0,,,1,4,0,0,0,1,2.79573964513838,0,0,0,0,0,0,0,0,0,0,,0,,,,,0,0.4,0.4
2021,REG+POST,00-0035399,S.Morgan,Stanley Morgan,WR,WR,"https://static.www.nfl.com/image/private/f_auto,q_auto/league/jzkx5cgnjnzgi7eutmbe",3,CIN,0,0,0,0,0,0,0,0,0,0,0,0,,0,,,1,3,0,0,0,0,-0.171901097288355,0,2,4,11,0,0,0,32,20,0,-1.18376858928241,0,0.34375,0.0493827160493827,0.0575539568345324,0.114361843858247,0,1.4,3.4
2021,REG+POST,00-0035406,L.Humphrey,Lil'Jordan Humphrey,WR,WR,"https://static.www.nfl.com/image/private/f_auto,q_auto/league/r58pqj96qunak08kld9u",7,NO,0,0,0,0,0,0,0,0,0,0,0,0,,0,,,0,0,0,0,0,0,,0,13,18,249,2,0,0,192,101,9,5.80306674566236,0,1.296875,0.0947368421052632,0.144144144144144,0.243006164058796,0,36.9,49.9
2021,REG+POST,00-0035414,J.Guyton,Jalen Guyton,WR,WR,"https://static.www.nfl.com/image/private/f_auto,q_auto/league/etdpyuyxbaplhm0pwiqz",16,LAC,0,0,0,0,0,0,0,0,0,0,0,0,,0,,,7,34,0,1,0,2,-0.975845007225871,0,31,48,448,3,0,0,503,149,21,26.9911352899799,0,0.89065606361829,0.0768,0.106320016909744,0.189624011836821,0,66.2,97.2
2021,REG+POST,00-0035428,D.Helm,Daniel Helm,TE,TE,"https://static.www.nfl.com/image/private/f_auto,q_auto/league/aevwno51rzt28qzgkm3v",2,LV,0,0,0,0,0,0,0,0,0,0,0,0,,0,,,0,0,0,0,0,0,,0,1,2,-1,0,0,0,1,2,0,-2.30164319413462,0,-1.0,0.027027027027027,0.0014367816091954,0.0415462876669773,0,-0.1,0.9
2021,REG+POST,00-0035432,J.Moore,Jason Moore,WR,WR,"https://static.www.nfl.com/image/private/f_auto,q_auto/league/gbbc1ckeorj74mpfvstq",1,LAC,0,0,0,0,0,0,0,0,0,0,0,0,,0,,,0,0,0,0,0,0,,0,3,4,56,0,0,0,60,26,3,2.60149277577875,0,0.933333333333333,0.117647058823529,0.238095238095238,0.343137254901961,0,5.6,8.6
2021,REG+POST,00-0035448,D.Crockett,Damarea Crockett,RB,RB,"https://static.www.nfl.com/image/private/f_auto,q_auto/league/bhihbxc1ert3qwrlyx7t",1,DEN,0,0,0,0,0,0,0,0,0,0,0,0,,0,,,3,7,0,0,0,0,-0.893433087565147,0,0,0,0,0,0,0,0,0,0,,0,,,,,0,0.7,0.7
2021,REG+POST,00-0035457,T.Johnson,Tyron Johnson,WR,WR,"https://static.www.nfl.com/image/private/f_auto,q_auto/league/vrm7fxgx1p0cdabbo7ce",4,JAX,0,0,0,0,0,0,0,0,0,0,0,0,,0,,,0,0,0,0,0,0,,0,2,5,16,0,0,0,102,9,1,-3.63568509853212,0,0.156862745098039,0.0318471337579618,0.0788863109048724,0.102991118270353,0,1.6,3.6
2021,REG+POST,00-0035480,M.Taylor,Malik Taylor,WR,WR,"https://static.www.nfl.com/image/private/f_auto,q_auto/league/aupsoxtxtpv4fmgs4ttp",1,GB,0,0,0,0,0,0,0,0,0,0,0,0,,0,,,0,0,0,0,0,0,,0,2,3,14,0,0,0,30,8,1,-0.429488723311806,0,0.466666666666667,0.0909090909090909,0.0923076923076923,0.200979020979021,0,1.4,3.4
2021,REG+POST,00-0035500,G.Dortch,Greg Dortch,WR,WR,"https://static.www.nfl.com/image/private/f_auto,q_auto/league/tyjkbk1tbjprgnokg5vo",2,ARI,0,0,0,0,0,0,0,0,0,0,0,0,,0,,,1,24,0,0,0,1,1.46592770959251,0,3,3,15,0,0,0,-16,31,0,-0.338791366841178,0,0.0,0.0394736842105263,-0.0281195079086116,0.0395268707797614,0,3.9,6.9
2021,REG+POST,00-0035510,J.Smith,Jeff Smith,WR,WR,"https://static.www.nfl.com/image/private/f_auto,q_auto/league/yfhldkiemkd3piauwjkt",8,NYJ,0,0,0,0,0,0,0,0,0,0,0,0,,0,,,1,-1,0,0,0,0,-0.928618132718839,0,8,17,113,0,0,0,192,15,6,5.47714977477117,0,0.588541666666667,0.0622710622710623,0.0974124809741248,0.161595330088481,0,11.2,19.2
2021,REG+POST,00-0035527,A.Isabella,Andy Isabella,WR,WR,"https://static.www.nfl.com/image/private/f_auto,q_auto/league/s3repurenhwlyxci2sqy",1,ARI,0,0,0,0,0,0,0,0,0,0,0,0,,0,,,0,0,0,0,0,0,,0,1,1,13,0,0,0,6,7,1,0.810408839141019,0,2.16666666666667,0.0208333333333333,0.0189873417721519,0.0445411392405063,0,1.3,2.3
2021,REG+POST,00-0035535,D.Slayton,Darius Slayton,WR,WR,"https://static.www.nfl.com/image/private/f_auto,q_auto/league/emmy86blz71njkcr496b",13,NYG,0,0,0,0,0,0,0,0,0,0,0,0,,0,,,1,-13,0,0,0,0,-1.74538392177783,0,26,58,339,2,1,1,773,65,14,-14.2523613512519,0,0.438551099611902,0.134259259259259,0.251709540866167,0.377585567495206,0,42.6,68.6
2021,REG+POST,00-0035537,T.Johnson,Ty Johnson,RB,RB,"https://static.www.nfl.com/image/private/f_auto,q_auto/league/rnnicisnd8bqwheufiel",15,NYJ,0,0,0,0,0,0,0,0,0,0,0,0,,0,,,61,238,2,1,1,13,-11.2614269617471,0,34,55,372,2,0,0,131,334,20,6.27447348667192,0,2.83969465648855,0.108910891089109,0.0351300616787343,0.187957379808777,0,83.0,117.0
2021,REG+POST,00-0035544,T.Kennedy,Tom Kennedy,WR,WR,"https://static.www.nfl.com/image/private/f_auto,q_auto/league/smmwtleq204yxkraf4z6",6,DET,1,1,75,1,0,0,0,0,0,24,51,1,5.06959803728387,0,3.125,,0,0,0,0,0,0,,0,6,10,54,0,0,0,77,17,2,-4.63574888749281,0,0.701298701298701,0.0476190476190476,0.0535838552540014,0.108937270106372,0,12.4,18.4
2021,REG+POST,00-0035547,J.Fortson,Joseph Fortson,TE,TE,"https://static.www.nfl.com/image/private/f_auto,q_auto/league/gxhstzqswbn4z05r9rqv",4,KC,0,0,0,0,0,0,0,0,0,0,0,0,,0,,,0,0,0,0,0,0,,0,5,5,47,2,0,0,38,9,3,5.35171891207574,0,1.23684210526316,0.0342465753424658,0.0330147697654214,0.0744802018494936,0,16.7,21.7
2021,REG+POST,00-0035562,J.Horsted,Jesper Horsted,TE,TE,"https://static.www.nfl.com/image/private/f_auto,q_auto/league/mqbodeysdvvvuhkctewa",3,CHI,0,0,0,0,0,0,0,0,0,0,0,0,,0,,,0,0,0,0,0,0,,0,2,3,21,2,0,0,31,0,2,5.22088196395983,0,0.67741935483871,0.0344827586206897,0.0461997019374069,0.0840639292872193,0,14.1,16.1
2021,REG+POST,00-0035567,C.Reynolds,Craig Reynolds,RB,RB,"https://static.www.nfl.com/image/private/f_auto,q_auto/league/xrtk4bhx2jacwojihzor",5,DET,0,0,0,0,0,0,0,0,0,0,0,0,,0,,,55,230,0,0,0,11,-7.7654142907678,0,7,8,52,0,0,0,5,55,3,1.50500972365262,0,10.4,0.0588235294117647,0.0064516129032258,0.0927514231499051,0,28.2,35.2
2021,REG+POST,00-0035572,P.Hesse,Parker Hesse,TE,TE,"https://static.www.nfl.com/image/private/f_auto,q_auto/league/gjzgdhrxeze35hqygj1y",4,ATL,0,0,0,0,0,0,0,0,0,0,0,0,,0,,,0,0,0,0,0,0,,0,5,6,43,0,0,0,22,21,3,1.89252718823263,0,1.95454545454545,0.047244094488189,0.0461215932914046,0.103151257036267,0,4.3,9.3
2021,REG+POST,00-0035588,G.Bradbury,Garrett Bradbury,C,OL,"https://static.www.nfl.com/image/private/f_auto,q_auto/league/yj2qcr7tetiimrz7zxtg",1,MIN,0,0,0,0,0,0,0,0,0,0,0,0,,0,,,0,0,0,0,0,0,,0,1,1,21,0,0,0,-3,24,1,1.50445499410853,0,0.0,0.027027027027027,-0.013953488372093,0.0307730986800754,0,2.1,3.1
2021,REG+POST,00-0035593,J.Winfree,Juwann Winfree,WR,WR,"https://static.www.nfl.com/image/private/f_auto,q_auto/league/fty9irxwcqq7malchotw",5,GB,0,0,0,0,0,0,0,0,0,0,0,0,,0,,,0,0,0,0,0,0,,0,8,13,58,0,2,1,75,31,5,-1.63877306762151,0,0.773333333333333,0.0734463276836158,0.0712927756653992,0.160074434491203,0,3.8,11.8
2021,REG+POST,00-0035594,T.Homer,Travis Homer,RB,RB,"https://static.www.nfl.com/image/private/f_auto,q_auto/league/chcoxgzursdqznkyffxe",12,SEA,0,0,0,0,0,0,0,0,0,0,0,0,,0,,,21,177,1,0,0,7,9.71526027812014,0,16,20,161,0,0,0,48,128,8,-4.34754571967642,0,3.35416666666667,0.0816326530612245,0.0219078046554085,0.137784442850623,1,45.8,61.8
2021,REG+POST,00-0035602,A.Bachman,Alex Bachman,WR,WR,"https://static.www.nfl.com/image/private/f_auto,q_auto/league/kwgigqsxcz8klxjfobxs",1,NYG,0,0,0,0,0,0,0,0,0,0,0,0,,0,,,1,-3,0,0,0,0,-3.79185622185469,0,0,0,0,0,0,0,0,0,0,,0,,,,,0,-0.3,-0.3
2021,REG+POST,00-0035603,K.Blanton,Kendall Blanton,TE,TE,"https://static.www.nfl.com/image/private/f_auto,q_auto/league/hyne29kklkfyyhaljukj",6,LA,0,0,0,0,0,0,0,0,0,0,0,0,,0,,,0,0,0,0,0,0,,0,11,14,112,1,1,0,62,69,7,4.92624661151785,0,1.80645161290323,0.0648148148148148,0.0334592552617377,0.120643700905439,0,17.2,28.2
2021,REG+POST,00-0035624,N.Harry,N'Keal Harry,WR,WR,"https://static.www.nfl.com/image/private/f_auto,q_auto/league/rtyhxwhkwczkl1g0pcin",9,NE,0,0,0,0,0,0,0,0,0,0,0,0,,0,,,0,0,0,0,0,0,,0,12,22,184,0,0,0,327,25,7,7.72372429785901,0,0.562691131498471,0.0733333333333333,0.131378063479309,0.201964644435516,0,18.4,30.4
2021,REG+POST,00-0035628,D.Johnson,D'Ernest Johnson,RB,RB,"https://static.www.nfl.com/image/private/f_auto,q_auto/league/zq7xfjee4nyktfky1ofe",12,CLE,0,0,0,0,0,0,0,0,0,0,0,0,,0,,,100,534,3,0,0,24,6.43511561059859,0,19,25,137,0,1,0,6,138,7,0.700659653026378,0,22.8333333333333,0.0889679715302491,0.0029513034923758,0.135517869740037,0,85.1,104.1
2021,REG+POST,00-0035631,D.Sample,Drew Sample,TE,TE,"https://static.www.nfl.com/image/private/f_auto,q_auto/league/tqvgozvbmckyaditwpbn",9,CIN,0,0,0,0,0,0,0,0,0,0,0,0,,0,,,0,0,0,0,0,0,,0,12,17,85,0,0,0,46,82,3,-0.51307939196704,0,1.84782608695652,0.0564784053156146,0.0198961937716263,0.0986449436135603,0,8.5,20.5
2021,REG+POST,00-0035632,A.Hooker,Amani Hooker,FS,DB,"https://static.www.nfl.com/image/private/f_auto,q_auto/league/ihyabq1tepmjvd3wibjd",1,TEN,0,0,0,0,0,0,0,0,0,0,0,0,,0,,,0,0,0,0,0,0,,0,1,1,6,0,0,0,4,2,1,3.06227189977653,0,1.5,0.0277777777777778,0.0145985401459854,0.0518856447688564,0,0.6,1.6
2021,REG+POST,00-0035639,P.Campbell,Parris Campbell,WR,WR,"https://static.www.nfl.com/image/private/f_auto,q_auto/league/plnptpz1flhijayvb0qv",6,IND,0,0,0,0,0,0,0,0,0,0,0,0,,0,,,0,0,0,0,0,0,,0,10,20,162,1,0,0,334,17,7,2.37722276465502,0,0.485029940119761,0.10989010989011,0.236543909348442,0.330415901379074,0,22.2,32.2
2021,REG+POST,00-0035640,D.Metcalf,DK Metcalf,WR,WR,"https://static.www.nfl.com/image/private/f_auto,q_auto/league/u4cefcz7gjvby8c2kdkm",17,SEA,0,0,0,0,0,0,0,0,0,0,0,0,,0,,,1,6,0,0,0,0,0.222441529447678,0,75,129,967,12,1,0,1636,328,48,28.6644086211745,0,0.591075794621027,0.272151898734177,0.369383608037932,0.666796373727818,0,169.3,244.3
2021,REG+POST,00-0035644,N.Fant,Noah Fant,TE,TE,"https://static.www.nfl.com/image/private/f_auto,q_auto/league/w1gqasldrg3jumzdqjvy",16,DEN,0,0,0,0,0,0,0,0,0,0,0,0,,0,,,0,0,0,0,0,0,,0,68,90,670,4,0,0,540,319,29,16.1829714873621,0,1.24074074074074,0.182555780933063,0.128663330950679,0.36389800306507,0,91.0,159.0
2021,REG+POST,00-0035645,G.Olszewski,Gunner Olszewski,WR,WR,"https://static.www.nfl.com/image/private/f_auto,q_auto/league/asw7wncrfj1rzeknctpd",4,NE,0,0,0,0,0,0,0,0,0,0,0,0,,0,,,1,9,0,0,0,0,0.765960428863764,0,2,3,31,0,0,0,29,14,2,1.6776933936053,0,1.06896551724138,0.0256410256410256,0.0273843248347498,0.0576305658458633,0,4.0,6.0
2021,REG+POST,00-0035657,D.Harris,Damien Harris,RB,RB,"https://static.www.nfl.com/image/private/f_auto,q_auto/league/s0cagglk6qh9ciuddjmu",16,NE,0,0,0,0,0,0,0,0,0,0,0,0,,0,,,211,959,15,2,2,56,0.836884741411273,0,19,22,139,0,0,0,-1,135,4,4.6737911531236,0,-139.0,0.0479302832244009,-0.0003055300947143,0.0716815537703013,0,195.8,214.8
2021,REG+POST,00-0035659,T.McLaurin,Terry McLaurin,WR,WR,"https://static.www.nfl.com/image/private/f_auto,q_auto/league/jpprw1itmmg5nhrdwony",17,WAS,0,0,0,0,0,0,0,0,0,0,0,0,,0,,,1,12,0,0,0,1,0.779180705198087,0,77,130,1053,5,0,0,1707,307,47,12.1758144038601,0,0.616871704745167,0.243445692883895,0.422106824925816,0.660643316773914,0,136.5,213.5
2021,REG+POST,00-0035662,M.Brown,Marquise Brown,WR,WR,"https://static.www.nfl.com/image/private/f_auto,q_auto/league/wgxeuyqliuweurzeigyh",16,BAL,0,0,0,0,0,0,0,0,0,0,0,0,,0,,,1,5,0,0,0,1,0.944463692372665,0,91,146,1008,6,3,1,1622,388,41,12.8365301078763,0,0.621454993834772,0.263063063063063,0.32557205941389,0.622495036184318,0,135.3,226.3
2021,REG+POST,00-0035664,D.Henderson,Darrell Henderson,RB,RB,"https://static.www.nfl.com/image/private/f_auto,q_auto/league/trvk8n0wjne7edxbajgw",13,LA,0,0,0,0,0,0,0,0,0,0,0,0,,0,,,153,695,5,0,0,39,-3.36982822568249,0,32,45,219,3,0,0,86,200,10,-4.89034229230089,0,2.54651162790698,0.103926096997691,0.0250582750582751,0.173429938037328,0,139.4,171.4
2021,REG+POST,00-0035676,A.Brown,A.J. Brown,WR,WR,"https://static.www.nfl.com/image/private/f_auto,q_auto/league/a014sgzctarbvhwb35lw",14,TEN,0,2,0,0,0,0,0,0,0,42,0,0,-1.25145834789146,0,0.0,,2,10,0,0,0,1,0.552041839924641,0,68,114,1011,6,0,0,1410,250,49,41.4908049675882,0,0.717021276595745,0.27536231884058,0.432780847145488,0.715990071262711,0,138.1,206.1
2021,REG+POST,00-0035685,D.Montgomery,David Montgomery,RB,RB,"https://static.www.nfl.com/image/private/f_auto,q_auto/league/grd20lxzonco9jyg3ful",13,CHI,0,1,0,0,1,0,0,0,0,9,0,0,-3.17675002466422,0,0.0,,225,849,7,2,1,55,-21.6045883598607,0,42,51,301,0,0,0,45,273,18,5.27476142265927,0,6.68888888888889,0.126237623762376,0.0173410404624277,0.201495163967264,0,153.0,195.0
2021,REG+POST,00-0035689,D.Knox,Dawson Knox,TE,TE,"https://static.www.nfl.com/image/private/f_auto,q_auto/league/objioqafpfrffs0ublne",17,BUF,0,0,0,0,0,0,0,0,0,0,0,0,,1,,,0,0,0,0,0,0,,0,56,80,685,11,0,0,606,296,35,41.3104060962775,0,1.13036303630363,0.13355592654424,0.115362649914335,0.281087744756395,0,136.5,192.5
2021,REG+POST,00-0035700,J.Jacobs,Josh Jacobs,RB,RB,"https://static.www.nfl.com/image/private/f_auto,q_auto/league/sagoqkubeaz5yht01ow7",16,LV,0,0,0,0,0,0,0,0,0,0,0,0,,0,,,230,955,9,2,2,48,-31.4817531498111,0,58,69,392,0,0,0,-23,437,16,-3.14130939977909,0,-17.0434782608696,0.12,-0.0049611734253667,0.176527178602243,0,184.7,242.7
2021,REG+POST,00-0035703,M.Boykin,Miles Boykin,WR,WR,"https://static.www.nfl.com/image/private/f_auto,q_auto/league/khsjozu6q2xl8j6iq69x",1,BAL,0,0,0,0,0,0,0,0,0,0,0,0,,0,,,0,0,0,0,0,0,,0,1,1,6,0,0,0,6,0,0,0.0853082651738077,0,1.0,0.037037037037037,0.0335195530726257,0.0790192427063936,0,0.6,1.6
2021,REG+POST,00-0035704,D.Lock,Drew Lock,QB,QB,"https://static.www.nfl.com/image/private/f_auto,q_auto/league/ca13jf9qaaosixobsdb0",6,DEN,67,111,787,2,2,9,52,1,0,1107,350,32,-9.21884352252849,0,0.71093044263776,0.0228784171263832,10,53,2,1,1,5,0.138345645566005,0,1,1,1,0,0,0,-5,6,0,-3.13066442887066,0,0.0,0.037037037037037,-0.0224215246636771,0.0398604882909816,0,50.88,51.88
2021,REG+POST,00-0035710,D.Jones,Daniel Jones,QB,QB,"https://static.www.nfl.com/image/private/f_auto,q_auto/league/zrhniboizqpxtdyz6gez",11,NYG,232,361,2428,10,7,22,160,5,2,2640,1098,116,-12.4518812513774,1,0.91969696969697,0.0478137769585902,62,298,2,2,1,16,5.52166782137542,2,1,1,16,0,0,0,13,3,1,0.98088472627569,0,1.23076923076923,0.0303030303030303,0.0613207547169811,0.0883790737564322,0,166.52,167.52
2021,REG+POST,00-0035715,D.Gore,Derrick Gore,RB,RB,"https://static.www.nfl.com/image/private/f_auto,q_auto/league/wk7zy3ceecze3ly0mj7c",9,KC,0,0,0,0,0,0,0,0,0,0,0,0,,0,,,54,259,2,0,0,12,0.0638297680649327,0,8,9,105,0,0,0,11,90,3,6.62614944617963,0,9.54545454545454,0.042654028436019,0.0069269521410579,0.068829909152769,0,48.4,56.4
2021,REG+POST,00-0035719,D.Samuel,Deebo Samuel,WR,WR,"https://static.www.nfl.com/image/private/f_auto,q_auto/league/ciwaktyqewczcquks4wy",19,SF,1,2,24,1,0,0,0,0,0,39,0,1,2.01773363578832,0,0.615384615384615,,86,502,9,0,0,25,18.7080897080667,0,87,135,1559,7,4,2,1061,934,58,65.5754662870133,0,1.4693685202639,0.250463821892393,0.25431447746884,0.553715867066778,0,303.06,390.06
2021,REG+POST,00-0035726,J.Johnson,Jakob Johnson,FB,RB,"https://static.www.nfl.com/image/private/f_auto,q_auto/league/wkfev7wnnwphmdemhysa",4,NE,0,0,0,0,0,0,0,0,0,0,0,0,,0,,,0,0,0,0,0,0,,0,4,6,43,0,0,0,11,34,2,2.37540071486728,0,3.90909090909091,0.0428571428571429,0.0089285714285714,0.0705357142857143,0,4.3,8.3
2021,REG+POST,00-0035752,C.Streveler,Chris Streveler,QB,QB,"https://static.www.nfl.com/image/private/f_auto,q_auto/league/epyvfplm9neqqvzsj2q8",2,ARI,6,9,36,0,0,2,17,0,0,38,22,1,-4.25655591860414,0,0.947368421052632,0.0041881058121862,3,6,0,1,0,0,-5.70626845629886,0,0,0,0,0,0,0,0,0,0,,0,,,,,0,2.04,2.04
2021,REG+POST,00-0035760,J.Patrick,Jacques Patrick,RB,RB,"https://static.www.nfl.com/image/private/f_auto,q_auto/league/c7akgryuyuxz7wok2qcf",1,SF,0,0,0,0,0,0,0,0,0,0,0,0,,0,,,2,12,0,0,0,1,0.819772171555087,0,0,0,0,0,0,0,0,0,0,,0,,,,,0,1.2,1.2
2021,REG+POST,00-0035771,M.Wilcox,Mitchell Wilcox,TE,TE,"https://static.www.nfl.com/image/private/f_auto,q_auto/league/cxh2vsypwniukuheewu0",1,CIN,0,0,0,0,0,0,0,0,0,0,0,0,,0,,,0,0,0,0,0,0,,0,3,5,16,0,0,0,19,8,0,-1.8508235491463,0,0.842105263157895,0.172413793103448,0.115853658536585,0.339718250630782,0,1.6,4.6
2021,REG+POST,00-0035806,J.Hasty,Jamycal Hasty,RB,RB,"https://static.www.nfl.com/image/private/f_auto,q_auto/league/cny5zdqbqkimr4ypua1x",11,SF,0,0,0,0,0,0,0,0,0,0,0,0,,0,,,16,68,1,0,0,6,2.67652474904483,0,24,32,163,0,1,0,64,132,7,-7.07628674272533,0,2.546875,0.098159509202454,0.028686687584043,0.167319945112511,0,29.1,53.1
2021,REG+POST,00-0035823,B.Ellefson,Ben Ellefson,TE,TE,"https://static.www.nfl.com/image/private/f_auto,q_auto/league/obeiese68connhihpmln",1,MIN,0,0,0,0,0,0,0,0,0,0,0,0,,0,,,0,0,0,0,0,0,,0,0,1,0,0,0,0,7,0,0,-0.510377297643572,0,0.0,0.032258064516129,0.0282258064516129,0.0681451612903226,0,0.0,0.0
2021,REG+POST,00-0035831,J.Robinson,James Robinson,RB,RB,"https://static.www.nfl.com/image/private/f_auto,q_auto/league/ljncffeh5fst4r98izx3",14,JAX,0,0,0,0,0,0,0,0,0,0,0,0,,0,,,164,767,8,2,2,41,-11.2524163113048,0,31,46,222,0,2,0,40,230,9,-3.48857649535057,0,5.55,0.107981220657277,0.0117855038302887,0.170221683667118,0,142.9,173.9
2021,REG+POST,00-0035835,N.Cottrell,Nathan Cottrell,RB,RB,"https://static.www.nfl.com/image/private/f_auto,q_auto/league/nxdpocnvirsxjrwmkgvw",1,JAX,0,0,0,0,0,0,0,0,0,0,0,0,,0,,,1,3,0,0,0,0,-0.0874983409885317,0,0,0,0,0,0,0,0,0,0,,0,,,,,0,0.3,0.3
2021,REG+POST,00-0035844,K.Merritt,Kirk Merritt,WR,WR,"https://static.www.nfl.com/image/private/f_auto,q_auto/league/lrixuukk1wxvulscykqs",1,MIA,0,0,0,0,0,0,0,0,0,0,0,0,,0,,,0,0,0,0,0,0,,0,1,3,13,0,0,0,56,6,1,-0.217810055008158,0,0.232142857142857,0.075,0.145454545454545,0.214318181818182,0,1.3,2.3
2021,REG+POST,00-0035859,B.Gillikin,Blake Gillikin,P,SPEC,"https://static.www.nfl.com/image/upload/f_auto,q_auto/league/w8dczaulroi6pngednha",1,NO,0,1,0,0,0,0,0,0,0,9,0,0,-2.3642861736007,0,0.0,,0,0,0,0,0,0,,0,0,0,0,0,0,0,0,0,0,,0,,,,,0,0.0,0.0
2021,REG+POST,00-0035860,T.Jones,Tony Jones,RB,RB,"https://static.www.nfl.com/image/private/f_auto,q_auto/league/cgvll8lokulmws98olfa",10,NO,0,0,0,0,0,0,0,0,0,0,0,0,,0,,,54,142,0,0,0,7,-18.6899023147416,0,5,8,29,0,0,0,1,28,2,-1.54377319914056,0,29.0,0.0727272727272727,0.0020408163265306,0.110519480519481,0,17.1,22.1
2021,REG+POST,00-0035864,K.Hinton,Kendall Hinton,WR,WR,"https://static.www.nfl.com/image/private/f_auto,q_auto/league/emvbhstqosvayr6dm2jp",10,DEN,1,1,1,0,0,0,0,0,0,-5,6,0,-3.13066442887066,0,0.0,,0,0,0,0,0,0,,0,15,23,175,1,0,0,185,57,10,10.0690949811979,0,0.945945945945946,0.0701219512195122,0.0682908822443706,0.152986544400328,0,23.54,38.54
2021,REG+POST,00-0035883,M.Ffrench,Maurice Ffrench,WR,WR,"https://static.www.nfl.com/image/private/f_auto,q_auto/league/uyhv8s8fjussx1idbxss",1,LAC,0,0,0,0,0,0,0,0,0,0,0,0,,0,,,1,3,0,0,0,0,-0.280473465798423,0,0,0,0,0,0,0,0,0,0,,0,,,,,0,0.3,0.3
2021,REG+POST,00-0035889,T.Townsend,Tommy Townsend,P,SPEC,"https://static.www.nfl.com/image/private/f_auto,q_auto/league/asclkymeaanhtmq8xk4m",1,KC,1,1,16,0,0,0,0,0,0,11,5,1,4.03069802792743,0,1.45454545454545,,0,0,0,0,0,0,,0,0,0,0,0,0,0,0,0,0,,0,,,,,0,0.64,0.64
2021,REG+POST,00-0035891,C.White,Cody White,WR,WR,"https://static.www.nfl.com/image/private/f_auto,q_auto/league/xpv5qwbkx76dwlbcjybi",3,PIT,0,0,0,0,0,0,0,0,0,0,0,0,,0,,,0,0,0,0,0,0,,0,5,6,33,0,0,0,38,14,3,2.26271048240596,0,0.868421052631579,0.048,0.0522696011004127,0.108588720770289,0,3.3,8.3
2021,REG+POST,00-0035898,D.Bradwell,Darius Bradwell,RB,RB,"https://static.www.nfl.com/image/private/f_auto,q_auto/league/disdrxqtrv91rtoolwup",1,LAC,0,0,0,0,0,0,0,0,0,0,0,0,,0,,,0,0,0,0,0,0,,0,0,1,0,0,0,0,1,0,0,-0.448967255651951,0,0.0,0.0227272727272727,0.0034843205574912,0.036529933481153,0,0.0,0.0
2021,REG+POST,00-0035908,G.Nabers,Gabe Nabers,FB,RB,"https://static.www.nfl.com/image/private/f_auto,q_auto/league/dbxerjvfk8aqe26t0eny",5,LAC,0,0,0,0,0,0,0,0,0,0,0,0,,0,,,3,8,0,0,0,1,-0.187978148926049,0,3,3,17,0,0,0,5,12,0,0.203084715292789,0,3.4,0.0405405405405405,0.0196850393700787,0.0745903383698659,0,2.5,5.5
2021,REG+POST,00-0035924,J.Ward,Jonathan Ward,RB,RB,"https://static.www.nfl.com/image/private/f_auto,q_auto/league/ur55zjwwzascteb782vf",6,ARI,0,0,0,0,0,0,0,0,0,0,0,0,,0,,,9,33,0,0,0,3,2.82569446606794,0,3,4,34,0,0,0,13,26,1,3.3386069641565,0,2.61538461538462,0.032258064516129,0.0146892655367232,0.0586695826498998,0,6.7,9.7
2021,REG+POST,00-0035956,G.Ricci,Giovanni Ricci,TE,TE,"https://static.www.nfl.com/image/private/f_auto,q_auto/league/ojul5dmnha0y7xygwwn2",2,CAR,0,0,0,0,0,0,0,0,0,0,0,0,,0,,,0,0,0,0,0,0,,0,0,2,0,0,0,0,23,0,0,-0.965295118279755,0,0.0,0.0253164556962025,0.0354938271604938,0.0628203625566495,0,0.0,0.0
2021,REG+POST,00-0035957,R.Smith,Rodney Smith,RB,RB,"https://static.www.nfl.com/image/private/f_auto,q_auto/league/xd2tfhcsbxeokt2bisun",1,CAR,0,0,0,0,0,0,0,0,0,0,0,0,,0,,,0,0,0,0,0,0,,0,5,5,48,0,0,0,16,32,2,2.87801674526418,0,3.0,0.128205128205128,0.0473372781065089,0.225443786982249,0,4.8,9.8
2021,REG+POST,00-0035973,P.Taylor,Patrick Taylor,RB,RB,"https://static.www.nfl.com/image/private/f_auto,q_auto/league/bd91ck9vlzmb5mlxvrch",4,GB,0,0,0,0,0,0,0,0,0,0,0,0,,0,,,23,89,1,0,0,5,0.288525637704879,0,2,2,3,0,0,0,-2,5,1,1.0177918249392,0,-1.5,0.0571428571428571,-0.0092592592592592,0.0792328042328042,0,15.2,17.2
2021,REG+POST,00-0035993,T.Huntley,Tyler Huntley,QB,QB,"https://static.www.nfl.com/image/private/f_auto,q_auto/league/baup3eqjtmxnygrzbf61",7,BAL,122,188,1081,3,4,18,107,3,2,1407,446,55,-28.803212040843,0,0.768301350390903,0.0388349694321179,47,294,2,0,0,22,15.7207509490556,0,0,0,0,0,0,0,0,0,0,,0,,,,,0,84.64,84.64
2021,REG+POST,00-0036011,B.Price,Bobby Price,FS,DB,"https://static.www.nfl.com/image/private/f_auto,q_auto/league/taralutfxegbij2tznhc",1,DET,0,0,0,0,0,0,0,0,0,0,0,0,,0,,,0,0,0,0,0,0,,0,1,1,17,0,0,0,9,8,1,4.22529885149561,0,1.88888888888889,0.03125,0.0638297872340426,0.0915558510638298,0,1.7,2.7
2021,REG+POST,00-0036020,S.Ahmed,Salvon Ahmed,RB,RB,"https://static.www.nfl.com/image/private/f_auto,q_auto/league/ggkz2vamnepagqfn992j",11,MIA,0,0,0,0,0,0,0,0,0,0,0,0,,0,,,54,149,0,0,0,8,-11.9648676317302,0,12,19,117,0,0,0,41,123,4,1.72769447017345,0,2.85365853658537,0.0582822085889571,0.0180299032541777,0.10004424516136,0,26.6,38.6
2021,REG+POST,00-0036032,S.McKeon,Sean McKeon,TE,TE,"https://static.www.nfl.com/image/private/f_auto,q_auto/league/q0cuzzunrhwzxj6ofxwv",4,DAL,0,0,0,0,0,0,0,0,0,0,0,0,,0,,,0,0,0,0,0,0,,0,4,6,27,1,0,0,27,10,2,0.243085776921362,0,1.0,0.0372670807453416,0.0206264323911383,0.0703391237918092,0,8.7,12.7
2021,REG+POST,00-0036036,T.Steele,Terence Steele,T,OL,"https://static.www.nfl.com/image/private/f_auto,q_auto/league/t3dc1nqbktqvihuxfgpt",1,DAL,0,0,0,0,0,0,0,0,0,0,0,0,,0,,,0,0,0,0,0,0,,0,1,1,1,1,0,0,1,0,1,1.19108012208017,0,1.0,0.024390243902439,0.002283105022831,0.0381835393696403,0,6.1,7.1
2021,REG+POST,00-0036040,J.Johnson,Juwan Johnson,TE,TE,"https://static.www.nfl.com/image/private/f_auto,q_auto/league/kew8v8rgrtbefvnxpl0a",12,NO,0,0,0,0,0,0,0,0,0,0,0,0,,0,,,0,0,0,0,0,0,,0,13,22,159,4,0,0,240,42,12,14.5892221026784,0,0.6625,0.0676923076923077,0.0926283288305673,0.166378291719859,0,39.9,52.9
2021,REG+POST,00-0036069,S.Phillips,Scottie Phillips,RB,RB,"https://static.www.nfl.com/image/private/f_auto,q_auto/league/wa1jecqwos8s5mslgvqk",2,HOU,0,0,0,0,0,0,0,0,0,0,0,0,,0,,,6,13,0,0,0,1,-1.65655156064895,0,2,3,9,0,0,0,2,7,0,-0.906036397063872,0,4.5,0.0833333333333333,0.0082987551867219,0.130809128630705,0,2.2,4.2
2021,REG+POST,00-0036080,E.Winston,Easop Winston,WR,WR,"https://static.www.nfl.com/image/private/f_auto,q_auto/league/pjpndfutwa07enkfrxwh",1,NO,0,0,0,0,0,0,0,0,0,0,0,0,,0,,,0,0,0,0,0,0,,0,1,1,5,0,0,0,-4,9,0,-0.509274938609451,0,0.0,0.0476190476190476,-0.0434782608695652,0.0409937888198758,0,0.5,1.5
2021,REG+POST,00-0036096,J.Taylor,J.J. Taylor,RB,RB,"https://static.www.nfl.com/image/private/f_auto,q_auto/league/iscorpkxfwtgcmgvmaem",5,NE,0,0,0,0,0,0,0,0,0,0,0,0,,0,,,19,37,2,0,0,3,-5.11484302554163,0,4,4,8,0,1,1,-2,10,0,-6.87880512827542,0,-4.0,0.0300751879699248,-0.0016708437761069,0.0439431913116124,0,14.5,18.5
2021,REG+POST,00-0036110,J.Bradley,Ja'Marcus Bradley,WR,WR,"https://static.www.nfl.com/image/private/f_auto,q_auto/league/zt4nt4auwksfvxfclbwk",2,CLE,0,0,0,0,0,0,0,0,0,0,0,0,,0,,,0,0,0,0,0,0,,0,4,4,64,0,0,0,48,16,2,3.80186279304326,0,1.33333333333333,0.0645161290322581,0.0812182741116751,0.15362698542656,0,6.4,10.4
2021,REG+POST,00-0036133,J.Proche,James Proche,WR,WR,"https://static.www.nfl.com/image/private/f_auto,q_auto/league/atwsw7e4yg74tnl9pd4m",7,BAL,0,0,0,0,0,0,0,0,0,0,0,0,,0,,,0,0,0,0,0,0,,0,16,20,202,0,0,0,192,55,10,14.3153648964362,0,1.05208333333333,0.0803212851405623,0.0768922707248698,0.174306517218252,0,20.2,36.2
2021,REG+POST,00-0036173,T.Hudson,Tommy Hudson,TE,TE,"https://static.www.nfl.com/image/private/f_auto,q_auto/league/qjv7a2gvgt7w8voytjeb",4,TEN,0,0,0,0,0,0,0,0,0,0,0,0,,0,,,0,0,0,0,0,0,,0,3,6,31,0,0,0,30,24,2,-5.39792847880744,0,1.03333333333333,0.0363636363636364,0.0214899713467049,0.0695884344881479,0,3.1,6.1
2021,REG+POST,00-0036182,N.Westbrook-Ikhine,Nick Westbrook-Ikhine,WR,WR,"https://static.www.nfl.com/image/private/f_auto,q_auto/league/orgr5wnkiabp4s03aqj3",16,TEN,0,0,0,0,0,0,0,0,0,0,0,0,,0,,,0,0,0,0,0,0,,0,38,58,476,4,1,1,619,144,23,20.1528269298825,0,0.768982229402262,0.116465863453815,0.163670015864622,0.289267806285958,0,69.6,107.6
2021,REG+POST,00-0036183,K.Wilkerson,Kristian Wilkerson,WR,WR,"https://static.www.nfl.com/image/private/f_auto,q_auto/league/rjqqhcl2ih3wdmimyq21",1,NE,0,0,0,0,0,0,0,0,0,0,0,0,,0,,,0,0,0,0,0,0,,0,4,8,42,2,0,0,132,5,2,1.9433473990066,0,0.318181818181818,0.242424242424242,0.534412955465587,0.737725432462275,0,16.2,20.2
2021,REG+POST,00-0036187,R.Gilliam,Reggie Gilliam,FB,RB,"https://static.www.nfl.com/image/private/f_auto,q_auto/league/rxvaq2aatizc3zgu6mpf",8,BUF,0,0,0,0,0,0,0,0,0,0,0,0,,0,,,3,3,0,0,0,0,-3.20063213817775,0,6,8,35,0,0,0,18,37,0,-0.0849136196775362,0,1.94444444444444,0.0304182509505703,0.0094488188976377,0.052241549654202,0,3.8,9.8
2021,REG+POST,00-0036196,G.Davis,Gabe Davis,WR,WR,"https://static.www.nfl.com/image/private/f_auto,q_auto/league/q5ofnb6w7gokbggfmbxp",17,BUF,0,0,0,0,0,0,0,0,0,0,0,0,,0,,,0,0,0,0,0,0,,0,45,76,791,11,0,0,1087,174,39,43.9739442968554,0,0.727690892364305,0.123980424143556,0.206575446598252,0.330573448834111,0,145.1,190.1
2021,REG+POST,00-0036197,J.Fromm,Jake Fromm,QB,QB,"https://static.www.nfl.com/image/private/f_auto,q_auto/league/ttrbh2olexnevobzvhub",3,NYG,27,60,210,1,3,6,33,2,1,434,99,10,-35.1565807519364,0,0.483870967741936,-0.0711065872658359,8,65,0,0,0,4,4.59991712035844,0,0,0,0,0,0,0,0,0,0,,0,,,,,0,10.9,10.9
2021,REG+POST,00-0036212,T.Tagovailoa,Tua Tagovailoa,QB,QB,"https://static.www.nfl.com/image/private/f_auto,q_auto/league/dyrrl1knhcxqjwuvhcwm",13,MIA,263,388,2653,16,10,20,152,7,1,2735,1231,137,20.8559681269266,1,0.970018281535649,0.0846154912716098,42,128,3,2,0,13,-5.07093845656182,0,0,0,0,0,0,0,0,0,0,,0,,,,,0,180.92,180.92
2021,REG+POST,00-0036215,D.Pinter,Danny Pinter,C,OL,"https://static.www.nfl.com/image/private/f_auto,q_auto/league/sjzykew73tzclu1hv0tg",1,IND,0,0,0,0,0,0,0,0,0,0,0,0,,0,,,0,0,0,0,0,0,,0,1,1,2,1,0,0,2,0,1,0.554475066950545,0,1.0,0.0344827586206897,0.0084745762711864,0.057656341320865,0,6.2,7.2
2021,REG+POST,00-0036219,M.Callaway,Marquez Callaway,WR,WR,"https://static.www.nfl.com/image/private/f_auto,q_auto/league/qawwd0bzkayojoios5rh",17,NO,0,0,0,0,0,0,0,0,0,0,0,0,,0,,,0,0,0,0,0,0,,0,46,84,698,6,0,0,1060,144,32,27.9688551900395,0,0.658490566037736,0.177215189873418,0.289459311851447,0.46844430310614,0,105.8,151.8
2021,REG+POST,00-0036223,J.Taylor,Jonathan Taylor,RB,RB,"https://static.www.nfl.com/image/private/f_auto,q_auto/league/xt7jhqpyb4may7k5kedb",17,IND,0,0,0,0,0,0,0,0,0,0,0,0,,0,,,332,1811,18,3,2,107,34.4691941235538,0,40,51,360,2,1,0,-45,406,12,5.18022828436761,0,-8.0,0.108974358974359,-0.013595166163142,0.153944922147339,0,333.1,373.1
2021,REG+POST,00-0036226,J.Eason,Jacob Eason,QB,QB,"https://static.www.nfl.com/image/private/f_auto,q_auto/league/e2qgyhtngjk0llvaswxe",1,IND,2,5,25,0,1,0,0,0,0,63,7,2,-3.10254307748983,0,0.396825396825397,-0.0892963525917745,0,0,0,0,0,0,,0,0,0,0,0,0,0,0,0,0,,0,,,,,0,-1.0,-1.0
2021,REG+POST,00-0036228,D.Patmon,Dezmon Patmon,WR,WR,"https://static.www.nfl.com/image/private/f_auto,q_auto/league/mqyc6dcbtujx7ioohpmv",4,IND,0,0,0,0,0,0,0,0,0,0,0,0,,0,,,0,0,0,0,0,0,,0,2,4,21,1,0,0,36,3,1,1.17382327961968,0,0.583333333333333,0.0396039603960396,0.0507757404795487,0.0949489589297435,0,8.1,10.1
2021,REG+POST,00-0036232,H.Bryant,Harrison Bryant,TE,TE,"https://static.www.nfl.com/image/private/f_auto,q_auto/league/rqva2z0by1veklpxnzis",13,CLE,0,0,0,0,0,0,0,0,0,0,0,0,,0,,,0,0,0,0,0,0,,0,21,28,233,3,0,0,258,79,14,11.2115939954012,0,0.903100775193798,0.0736842105263158,0.0817231548938866,0.167732524215194,0,41.3,62.3
2021,REG+POST,00-0036233,D.Peoples-Jones,Donovan Peoples-Jones,WR,WR,"https://static.www.nfl.com/image/upload/f_auto,q_auto/league/ffxbk2amwghaamfpjbmf",13,CLE,0,0,0,0,0,0,0,0,0,0,0,0,,0,,,0,0,0,0,0,0,,0,34,58,597,3,1,1,904,146,26,25.969869365794,0,0.660398230088496,0.153846153846154,0.292746113989637,0.435691510561977,0,75.7,109.7
2021,REG+POST,00-0036244,C.Parkinson,Colby Parkinson,TE,TE,"https://static.www.nfl.com/image/private/f_auto,q_auto/league/s76r1d343ld1a3jxhh3g",5,SEA,0,0,0,0,0,0,0,0,0,0,0,0,,0,,,0,0,0,0,0,0,,0,5,8,33,0,0,0,47,20,2,0.96540666220244,0,0.702127659574468,0.0579710144927536,0.0346097201767305,0.111183325862842,0,3.3,8.3
2021,REG+POST,00-0036247,F.Swain,Freddie Swain,WR,WR,"https://static.www.nfl.com/image/private/f_auto,q_auto/league/paillx42r0zfukevnrw6",16,SEA,0,0,0,0,0,0,0,0,0,0,0,0,,0,,,5,32,0,0,0,2,1.17008170136251,0,25,40,343,4,0,0,324,206,12,13.2332592846781,0,1.05864197530864,0.0884955752212389,0.076271186440678,0.186133193340333,0,61.5,86.5
2021,REG+POST,00-0036250,T.Davis,Tyler Davis,TE,TE,"https://static.www.nfl.com/image/private/f_auto,q_auto/league/v8s9gur5bhkbka624x0n",4,GB,0,0,0,0,0,0,0,0,0,0,0,0,,0,,,0,0,0,0,0,0,,0,4,5,35,0,0,0,38,13,1,0.0114636978862919,0,0.921052631578947,0.034965034965035,0.0383064516129032,0.0792620685765847,0,3.5,7.5
2021,REG+POST,00-0036251,Z.Moss,Zack Moss,RB,RB,"https://static.www.nfl.com/image/private/f_auto,q_auto/league/ds6hvcx6s1vqihnaumm9",14,BUF,0,0,0,0,0,0,0,0,0,0,0,0,,0,,,97,345,4,0,0,22,-9.98710495585085,0,23,32,197,1,2,1,26,200,12,-2.73415522879122,0,7.57692307692308,0.0771084337349398,0.0075122796879514,0.120921246383976,0,82.2,105.2
2021,REG+POST,00-0036252,M.Pittman,Michael Pittman,WR,WR,"https://static.www.nfl.com/image/private/f_auto,q_auto/league/wnymcombo2plamteihiy",17,IND,0,0,0,0,0,0,0,0,0,0,0,0,,0,,,5,44,0,0,0,1,1.57396606641123,0,88,129,1082,6,1,0,1253,348,54,47.0467689475393,1,0.863527533918595,0.256972111553785,0.317858954845256,0.607959435722357,0,150.6,238.6
2021,REG+POST,00-0036254,C.Johnson,Collin Johnson,WR,WR,"https://static.www.nfl.com/image/private/f_auto,q_auto/league/qrdshoxhulfgktsyghxg",7,NYG,0,0,0,0,0,0,0,0,0,0,0,0,,0,,,0,0,0,0,0,0,,0,11,21,105,0,0,0,178,18,6,-12.1048819627643,0,0.589887640449438,0.0810810810810811,0.0971615720524018,0.189634722058303,0,10.5,21.5
2021,REG+POST,00-0036255,D.Mims,Denzel Mims,WR,WR,"https://static.www.nfl.com/image/private/f_auto,q_auto/league/vxqhwwsx0ngjupeajnpm",10,NYJ,0,0,0,0,0,0,0,0,0,0,0,0,,0,,,0,0,0,0,0,0,,0,8,23,133,0,0,0,268,49,5,-6.65271317067206,0,0.496268656716418,0.0662824207492795,0.109477124183007,0.176057618052024,0,13.3,21.3
2021,REG+POST,00-0036259,J.Jennings,Jauan Jennings,WR,WR,"https://static.www.nfl.com/image/private/f_auto,q_auto/league/owakywf7pevtqx7odtcc",16,SF,0,0,0,0,0,0,0,0,0,0,0,0,,0,,,0,0,0,0,0,0,,0,30,47,325,5,1,0,414,118,19,21.103491771075,0,0.785024154589372,0.106575963718821,0.123250967549866,0.246139622863138,0,62.5,92.5
2021,REG+POST,00-0036261,B.Aiyuk,Brandon Aiyuk,WR,WR,"https://static.www.nfl.com/image/private/f_auto,q_auto/league/mprcyhqhfgzi57ebelbz",19,SF,0,0,0,0,0,0,0,0,0,0,0,0,,0,,,5,17,0,0,0,0,-1.26473796577193,0,65,99,961,5,1,1,973,387,44,44.9353176974171,1,0.987667009249743,0.181318681318681,0.230350378787879,0.433223287129537,0,127.8,192.8
2021,REG+POST,00-0036264,J.Love,Jordan Love,QB,QB,"https://static.www.nfl.com/image/private/f_auto,q_auto/league/sbnqsffanu76dcz1tugs",6,GB,36,62,411,2,3,3,23,2,1,494,233,22,-6.12291971802682,0,0.831983805668016,0.002836022708787,12,27,0,1,0,1,0.654436201148201,1,0,0,0,0,0,0,0,0,0,,0,,,,,0,21.14,21.14
2021,REG+POST,00-0036265,A.Dillon,A.J. Dillon,RB,RB,"https://static.www.nfl.com/image/private/f_auto,q_auto/league/dydcqdx4leta4rudagkq",18,GB,0,0,0,0,0,0,0,0,0,0,0,0,,0,,,194,828,6,1,1,52,6.66493939672364,0,34,37,313,2,1,0,14,310,15,17.0309793037886,0,22.3571428571429,0.0772442588726514,0.0038408779149519,0.118555002849443,0,160.1,194.1
2021,REG+POST,00-0036268,L.Shenault,Laviska Shenault,WR,WR,"https://static.www.nfl.com/image/private/f_auto,q_auto/league/yohlrvcnnibrtfsc15t5",16,JAX,0,0,0,0,0,0,0,0,0,0,0,0,,0,,,11,41,0,0,0,2,-1.2590741465101,0,63,100,619,0,1,1,550,393,30,3.53369860724795,0,1.12545454545455,0.182481751824818,0.129716981132075,0.364524514529679,0,64.0,127.0
2021,REG+POST,00-0036269,L.Perine,La'Mical Perine,RB,RB,"https://static.www.nfl.com/image/private/f_auto,q_auto/league/sx35kyi49svmfb3hmwww",2,NYJ,0,0,0,0,0,0,0,0,0,0,0,0,,0,,,8,31,0,0,0,1,-1.78606089286041,0,0,0,0,0,0,0,0,0,0,,0,,,,,0,3.1,3.1
2021,REG+POST,00-0036271,Q.Watkins,Quez Watkins,WR,WR,"https://static.www.nfl.com/image/private/f_auto,q_auto/league/lmulzdtlnoaldqrb2kit",18,PHI,0,0,0,0,0,0,0,0,0,0,0,0,,0,,,1,3,0,0,0,0,-0.166506275651045,0,45,69,682,1,0,0,941,257,26,28.6035839075417,1,0.724760892667375,0.135029354207436,0.212847771997286,0.351537471709255,0,76.5,121.5
2021,REG+POST,00-0036275,D.Swift,D'Andre Swift,RB,RB,"https://static.www.nfl.com/image/private/f_auto,q_auto/league/qehlr75ike82kyxy8j9a",13,DET,0,1,0,0,0,0,0,0,0,-12,0,0,-0.912519452162087,0,0.0,,151,617,5,0,0,28,-26.8682002221747,0,62,78,452,2,2,1,-1,502,19,-7.82252613935413,0,-452.0,0.182242990654206,-0.000367107195301,0.273107510944598,0,146.9,208.9
2021,REG+POST,00-0036277,Q.Cephus,Quintez Cephus,WR,WR,"https://static.www.nfl.com/image/private/f_auto,q_auto/league/uzgkdl4kf200rcr5pdl2",5,DET,0,0,0,0,0,0,0,0,0,0,0,0,,0,,,0,0,0,0,0,0,,0,15,22,204,2,0,0,251,95,9,8.3484416178811,1,0.812749003984064,0.117647058823529,0.196708463949843,0.314166513000184,0,34.4,49.4
2021,REG+POST,00-0036278,J.Huntley,Jason Huntley,RB,RB,"https://static.www.nfl.com/image/private/f_auto,q_auto/league/gbnyqxaymlji05bnflc5",1,PHI,0,0,0,0,0,0,0,0,0,0,0,0,,0,,,13,51,0,0,0,2,-1.65253640734591,0,0,1,0,0,0,0,0,0,0,-0.646265172399581,0,,0.0294117647058824,,,0,5.1,5.1
2021,REG+POST,00-0036283,K.Robinson,Kenny Robinson,FS,DB,"https://static.www.nfl.com/image/private/f_auto,q_auto/league/a92bigr1l3xd9ycyjtss",1,CAR,0,0,0,0,0,0,0,0,0,0,0,0,,0,,,0,0,0,0,0,0,,0,0,0,0,0,0,0,0,0,0,,0,,,,,1,6.0,6.0
2021,REG+POST,00-0036290,C.Kmet,Cole Kmet,TE,TE,"https://static.www.nfl.com/image/private/f_auto,q_auto/league/ruq1ttpmssyydj0hxwfn",17,CHI,0,0,0,0,0,0,0,0,0,0,0,0,,0,,,1,0,0,0,0,0,-0.222245357494103,0,60,93,612,0,0,0,721,246,29,-5.91455016051539,0,0.848821081830791,0.177480916030534,0.173192409320202,0.387456060569943,0,61.2,121.2
2021,REG+POST,00-0036297,D.Evans,Darrynton Evans,RB,RB,"https://static.www.nfl.com/image/private/f_auto,q_auto/league/tidqje1qgfqwyiyk3wgz",1,TEN,0,0,0,0,0,0,0,0,0,0,0,0,,0,,,2,7,0,0,0,0,-1.24622511619236,0,2,2,11,0,0,0,-4,15,1,1.33159657171927,0,-2.75,0.0740740740740741,-0.0194174757281553,0.0975188781014024,0,1.8,3.8
2021,REG+POST,00-0036308,I.Coulter,Isaiah Coulter,WR,WR,"https://static.www.nfl.com/image/private/f_auto,q_auto/league/wpkz05jnbitkowfmxaso",1,CHI,0,0,0,0,0,0,0,0,0,0,0,0,,0,,,0,0,0,0,0,0,,0,0,1,0,0,0,0,22,0,0,-0.857183249667287,0,0.0,0.027027027027027,0.0652818991097923,0.0862378699173951,0,0.0,0.0
2021,REG+POST,00-0036309,D.Mooney,Darnell Mooney,WR,WR,"https://static.www.nfl.com/image/private/f_auto,q_auto/league/hjileqykzauyoeqovatm",17,CHI,0,0,0,0,0,0,0,0,0,0,0,0,,0,,,6,32,1,0,0,2,0.964358149445616,0,81,140,1055,4,0,0,1556,381,49,1.4899042949728,0,0.678020565552699,0.267175572519084,0.358690640848317,0.651846807372448,0,138.7,219.7
2021,REG+POST,00-0036313,B.Mann,Braden Mann,P,SPEC,"https://static.www.nfl.com/image/private/f_auto,q_auto/league/hqskxaynb1h39a3pq0wv",1,NYJ,0,0,0,0,0,0,0,0,0,0,0,0,,0,,,1,4,0,0,0,0,-2.56835237832274,0,0,0,0,0,0,0,0,0,0,,0,,,,,0,0.4,0.4
2021,REG+POST,00-0036322,J.Jefferson,Justin Jefferson,WR,WR,"https://static.www.nfl.com/image/private/f_auto,q_auto/league/zdstmm4sloqnichybgja",17,MIN,2,4,35,0,0,0,0,0,0,36,28,2,1.25333587976638,0,0.972222222222222,,6,14,0,0,0,1,-2.24479338963283,0,108,167,1616,10,1,1,2063,490,75,80.5711302737945,0,0.783325254483762,0.288927335640138,0.452908891328211,0.750427227389955,0,222.4,330.4
2021,REG+POST,00-0036326,C.Claypool,Chase Claypool,WR,WR,"https://static.www.nfl.com/image/upload/f_auto,q_auto/league/hpgllfzaanonbfxweq9z",16,PIT,0,0,0,0,0,0,0,0,0,0,0,0,,0,,,14,96,0,0,0,7,3.8205426853383,0,62,112,885,2,0,0,1292,305,37,8.33811016727225,0,0.684984520123839,0.183908045977012,0.313440077632217,0.495270123308069,0,110.1,172.1
2021,REG+POST,00-0036328,A.Gibson,Antonio Gibson,RB,RB,"https://static.www.nfl.com/image/private/f_auto,q_auto/league/c5aij3m4bakia6ygjqux",16,WAS,0,0,0,0,0,0,0,0,0,0,0,0,,0,,,258,1037,7,5,3,65,-25.1822619752996,1,42,52,294,3,1,1,-9,333,12,2.24620356806554,0,-32.6666666666667,0.108333333333333,-0.002731411229135,0.160588012139605,0,187.1,229.1
2021,REG+POST,00-0036331,D.Duvernay,Devin Duvernay,WR,WR,"https://static.www.nfl.com/image/private/f_auto,q_auto/league/hmftubhkmwgqmi5x8scq",15,BAL,0,0,0,0,0,0,0,0,0,0,0,0,,0,,,7,50,0,0,0,3,2.46116331487428,0,33,47,272,2,0,0,284,141,14,7.44823020062551,0,0.957746478873239,0.0945674044265593,0.065048098946404,0.187384775902322,0,44.2,77.2
2021,REG+POST,00-0036332,J.Deguara,Josiah Deguara,TE,TE,"https://static.www.nfl.com/image/private/f_auto,q_auto/league/ytgijlfni4cyqs0zozhz",13,GB,0,0,0,0,0,0,0,0,0,0,0,0,,0,,,0,0,0,0,0,0,,0,25,34,245,2,0,0,132,204,9,-0.0071674150366178,0,1.85606060606061,0.0785219399538106,0.045993031358885,0.149978031881935,0,36.5,61.5
2021,REG+POST,00-0036336,A.McFarland,Anthony McFarland,RB,RB,"https://static.www.nfl.com/image/private/f_auto,q_auto/league/dwt64mh92t2qztepvswo",2,PIT,0,0,0,0,0,0,0,0,0,0,0,0,,0,,,3,3,0,0,0,0,-2.05926969769644,0,1,1,11,0,0,0,0,11,1,-1.85594705463154,0,0.0,0.0256410256410256,,,0,1.4,2.4
2021,REG+POST,00-0036345,K.Osborn,K.J. Osborn,WR,WR,"https://static.www.nfl.com/image/private/f_auto,q_auto/league/rbgsvh08nmm29gaiw7pr",17,MIN,0,0,0,0,0,0,0,0,0,0,0,0,,0,,,1,10,0,0,0,1,0.547039665980265,0,50,82,655,7,0,0,861,179,26,14.6071488270836,0,0.760743321718931,0.141868512110727,0.189023051591658,0.34511890428025,0,108.5,158.5
2021,REG+POST,00-0036355,J.Herbert,Justin Herbert,QB,QB,"https://static.www.nfl.com/image/private/f_auto,q_auto/league/fwjdvww4dv36k8tvsws6",17,LAC,443,672,5014,38,15,31,214,1,0,5058,2403,256,118.184703763707,5,0.991300909450376,0.122408475335396,63,302,3,0,0,28,11.1580990264994,0,0,0,0,0,0,0,0,0,0,,1,,,,,0,382.76,382.76
2021,REG+POST,00-0036357,H.Ruggs,Henry Ruggs,WR,WR,"https://static.www.nfl.com/image/private/f_auto,q_auto/league/i8oezzdcas0hd9ap8cfp",7,LV,0,0,0,0,0,0,0,0,0,0,0,0,,0,,,3,16,0,0,0,0,-1.14157379779499,0,24,36,469,2,0,0,608,109,16,31.0734122270078,0,0.771381578947369,0.141176470588235,0.258943781942078,0.393025353241808,0,60.5,84.5
2021,REG+POST,00-0036358,C.Lamb,CeeDee Lamb,WR,WR,"https://static.www.nfl.com/image/private/f_auto,q_auto/league/cqygs9e4ynnjdxstdfjq",17,DAL,0,0,0,0,0,0,0,0,0,0,0,0,,0,,,10,81,0,0,0,5,4.28022569708992,0,80,125,1123,6,0,0,1283,452,55,25.7383907583598,0,0.875292283710055,0.197784810126582,0.254160063391442,0.474589259563883,0,156.4,236.4
2021,REG+POST,00-0036360,C.Edwards-Helaire,Clyde Edwards-Helaire,RB,RB,"https://static.www.nfl.com/image/private/f_auto,q_auto/league/ki0pdedjayv47nec4lh1",12,KC,0,0,0,0,0,0,0,0,0,0,0,0,,0,,,132,613,4,2,2,25,-6.24621467106044,0,21,27,142,2,0,0,-50,181,8,-2.23844593397619,1,-2.84,0.0694087403598972,-0.0191424196018377,0.0907134168185594,0,109.5,130.5
2021,REG+POST,00-0036365,B.Edwards,Bryan Edwards,WR,WR,"https://static.www.nfl.com/image/private/f_auto,q_auto/league/hgluubcedtu0vmxjxrcf",17,LV,0,0,0,0,0,0,0,0,0,0,0,0,,0,,,1,0,0,0,0,0,-1.83144422015175,0,37,65,612,3,1,0,898,206,28,18.7118479376174,0,0.681514476614699,0.10797342192691,0.179959919839679,0.287932076778141,0,79.2,116.2
2021,REG+POST,00-0036370,J.Kelley,Joshua Kelley,RB,RB,"https://static.www.nfl.com/image/private/f_auto,q_auto/league/fsu6gqcltgnofaakmq6u",8,LAC,0,0,0,0,0,0,0,0,0,0,0,0,,0,,,33,102,0,1,1,5,-15.074566347932,0,5,6,38,0,0,0,13,31,1,1.97238307486987,0,2.92307692307692,0.0413793103448276,0.0132382892057026,0.0713357679612332,0,12.0,17.0
2021,REG+POST,00-0036382,K.Hill,K.J. Hill,WR,WR,"https://static.www.nfl.com/image/private/f_auto,q_auto/league/qd5p8nkgawauikftmkij",1,LAC,0,0,0,0,0,0,0,0,0,0,0,0,,0,,,0,0,0,0,0,0,,0,3,3,30,0,0,0,18,12,1,1.76258831069572,0,1.66666666666667,0.0652173913043478,0.0486486486486487,0.131880141010576,0,3.0,6.0
2021,REG+POST,00-0036383,E.Benjamin,Eno Benjamin,RB,RB,"https://static.www.nfl.com/image/private/f_auto,q_auto/league/ibizpqkleka4az4mprvz",8,ARI,0,0,0,0,0,0,0,0,0,0,0,0,,0,,,38,126,1,0,0,4,-7.16226313321386,0,8,9,68,0,0,0,-8,79,6,5.06197164778132,0,-8.5,0.0559006211180124,-0.0078973346495557,0.0783227974223296,0,25.4,33.4
2021,REG+POST,00-0036386,A.Thomas,Andrew Thomas,T,OL,"https://static.www.nfl.com/image/private/f_auto,q_auto/league/eehosdvlvbqm796gczaq",1,NYG,0,0,0,0,0,0,0,0,0,0,0,0,,0,,,0,0,0,0,0,0,,0,1,1,2,1,0,0,2,0,1,1.23117657320108,0,1.0,0.027027027027027,0.0078431372549019,0.0460307366189719,0,6.2,7.2
2021,REG+POST,00-0036387,J.Reagor,Jalen Reagor,WR,WR,"https://static.www.nfl.com/image/private/f_auto,q_auto/league/tei81ifva2dy9os89aat",18,PHI,0,0,0,0,0,0,0,0,0,0,0,0,,0,,,10,32,0,0,0,3,-1.50662547536194,0,34,60,301,2,0,0,564,156,13,-13.7557743140626,0,0.533687943262411,0.117416829745597,0.127572947296992,0.265426307726289,0,45.3,79.3
2021,REG+POST,00-0036389,J.Hurts,Jalen Hurts,QB,QB,"https://static.www.nfl.com/image/private/f_auto,q_auto/league/aityegmlyh53aifbssbp",16,PHI,288,475,3402,17,11,28,164,7,1,4347,1635,153,9.23494573650329,4,0.782608695652174,0.0751096743712286,147,823,10,3,1,57,39.8112289120914,0,0,1,0,0,0,0,3,0,0,-2.80427084170515,0,0.0,0.0416666666666667,0.0088757396449704,0.0687130177514793,0,328.38,328.38
2021,REG+POST,00-0036407,J.Jeudy,Jerry Jeudy,WR,WR,"https://static.www.nfl.com/image/private/f_auto,q_auto/league/f0jdlnl6wy63qx4oeyzi",10,DEN,0,0,0,0,0,0,0,0,0,0,0,0,,0,,,2,3,0,0,0,0,-0.854827097151429,0,38,56,467,0,1,0,595,178,22,15.3976967990209,0,0.784873949579832,0.2,0.263041556145004,0.484129089301503,0,47.0,85.0
2021,REG+POST,00-0036410,T.Higgins,Tee Higgins,WR,WR,"https://static.www.nfl.com/image/private/f_auto,q_auto/league/fkpf9urirrkqkln7d2n9",18,CIN,0,0,0,0,0,0,0,0,0,0,0,0,,0,,,0,0,0,0,0,0,,0,92,140,1400,8,1,1,1654,419,66,74.5809016290543,1,0.846432889963724,0.234505862646566,0.354555198285102,0.599947432769421,0,188.0,280.0
2021,REG+POST,00-0036412,K.Hamler,K.J. Hamler,WR,WR,"https://static.www.nfl.com/image/private/f_auto,q_auto/league/t3lqvv3d2tn6syqqtrat",3,DEN,0,0,0,0,0,0,0,0,0,0,0,0,,0,,,0,0,0,0,0,0,,0,5,10,74,0,0,0,201,16,4,5.07608739298303,0,0.368159203980099,0.10752688172043,0.228668941979522,0.321358581966311,0,7.4,12.4
2021,REG+POST,00-0036414,C.Akers,Cam Akers,RB,RB,"https://static.www.nfl.com/image/upload/f_auto,q_auto/league/q0soq6iusid0dczf94gf",5,LA,0,0,0,0,0,0,0,0,0,0,0,0,,0,,,72,175,0,2,2,6,-33.1190865450068,0,11,13,86,0,0,0,57,64,4,1.11542340432061,0,1.50877192982456,0.0773809523809524,0.0517711171662125,0.152311210587777,0,22.1,33.1
2021,REG+POST,00-0036415,V.Jefferson,Van Jefferson,WR,WR,"https://static.www.nfl.com/image/upload/f_auto,q_auto/league/p7ymrzyadwaonjx8rsn0",21,LA,0,0,0,0,0,0,0,0,0,0,0,0,,0,,,3,35,0,0,0,2,2.75528490170836,0,59,106,904,6,0,0,1465,272,36,31.073640698363,0,0.617064846416382,0.143631436314363,0.231218434343434,0.377300058511949,0,129.9,188.9
2021,REG+POST,00-0036422,A.Trautman,Adam Trautman,TE,TE,"https://static.www.nfl.com/image/private/f_auto,q_auto/league/zdzicjvlqk43ssjhupwy",11,NO,0,0,0,0,0,0,0,0,0,0,0,0,,0,,,0,0,0,0,0,0,,0,27,43,263,2,1,1,245,111,13,-7.31978752778767,0,1.0734693877551,0.133540372670807,0.0913156913902348,0.264231542979376,0,36.3,63.3
2021,REG+POST,00-0036423,A.Okwuegbunam,Albert Okwuegbunam,TE,TE,"https://static.www.nfl.com/image/private/f_auto,q_auto/league/xrv48ppj4qqfknjk6igk",13,DEN,0,0,0,0,0,0,0,0,0,0,0,0,,0,,,0,0,0,0,0,0,,0,33,40,330,2,1,1,226,245,15,13.599486835156,0,1.46017699115044,0.105820105820106,0.0717460317460318,0.208952380952381,0,43.0,76.0
2021,REG+POST,00-0036424,B.Hopkins,Brycen Hopkins,TE,TE,"https://static.www.nfl.com/image/private/f_auto,q_auto/league/agzychtsya1dteoz1khu",2,LA,0,0,0,0,0,0,0,0,0,0,0,0,,0,,,0,0,0,0,0,0,,0,5,5,56,0,0,0,28,28,4,7.13837129320018,0,2.0,0.072463768115942,0.0495575221238938,0.143385917660639,0,5.6,10.6
2021,REG+POST,00-0036425,D.Dallas,DeeJay Dallas,RB,RB,"https://static.www.nfl.com/image/private/f_auto,q_auto/league/ffqmt3tvtiqi9obvymlq",11,SEA,0,0,0,0,0,0,0,0,0,0,0,0,,0,,,33,138,2,0,0,10,1.89191839915345,0,21,23,133,0,1,0,39,110,4,-5.36754088419564,0,3.41025641025641,0.117948717948718,0.0217028380634391,0.192115063567484,0,39.1,60.1
2021,REG+POST,00-0036427,T.Johnson,Tyler Johnson,WR,WR,"https://static.www.nfl.com/image/private/f_auto,q_auto/league/catfrh97oi2duwa0hi8d",17,TB,0,0,0,0,0,0,0,0,0,0,0,0,,0,,,0,0,0,0,0,0,,0,41,64,405,0,0,0,464,166,17,5.56701942512059,0,0.872844827586207,0.0871934604904632,0.0795883361921098,0.186502026070172,0,40.5,81.5
2021,REG+POST,00-0036429,C.Woerner,Charlie Woerner,TE,TE,"https://static.www.nfl.com/image/private/f_auto,q_auto/league/wdcd0m0nbt4p7qiq7exa",5,SF,0,0,0,0,0,0,0,0,0,0,0,0,,0,,,0,0,0,0,0,0,,0,5,7,52,0,0,0,52,9,3,2.14969648362603,0,1.0,0.0555555555555556,0.0534979423868313,0.120781893004115,0,5.2,10.2
2021,REG+POST,00-0036438,S.Sullivan,Stephen Sullivan,TE,TE,"https://static.www.nfl.com/image/private/f_auto,q_auto/league/dwsdpt0yyomnirainvmj",1,CAR,0,0,0,0,0,0,0,0,0,0,0,0,,0,,,0,0,0,0,0,0,,0,0,1,0,0,0,0,-2,0,0,-0.375625000917353,0,0.0,0.0232558139534884,-0.005524861878453,0.0310163176153154,0,0.0,0.0
2021,REG+POST,00-0036439,T.Cleveland,Tyrie Cleveland,WR,WR,"https://static.www.nfl.com/image/private/f_auto,q_auto/league/bul0m575yzw95m0fbwmv",1,DEN,0,0,0,0,0,0,0,0,0,0,0,0,,0,,,0,0,0,0,0,0,,0,0,1,0,0,0,0,5,0,0,-0.647225972032175,0,0.0,0.03125,0.028735632183908,0.0669899425287356,0,0.0,0.0
2021,REG+POST,00-0036442,J.Burrow,Joe Burrow,QB,QB,"https://static.www.nfl.com/image/private/f_auto,q_auto/league/jzzqz5ubkilrn9dpxtlp",20,CIN,463,662,5716,39,16,70,507,4,2,5106,2877,250,99.6723310663594,2,1.11946729338034,0.14514900948877,51,149,2,1,0,20,10.1898988413557,0,0,0,0,0,0,0,0,0,0,,0,,,,,0,379.54,379.54
2021,REG+POST,00-0036450,K.Vaughn,Ke'Shawn Vaughn,RB,RB,"https://static.www.nfl.com/image/private/f_auto,q_auto/league/npa1msmoqbig9cqznkti",7,TB,0,0,0,0,0,0,0,0,0,0,0,0,,0,,,53,233,3,0,0,14,-5.10690567351412,0,6,10,35,0,0,0,12,24,1,-0.931741700161485,0,2.91666666666667,0.05,0.0088105726872246,0.0811674008810573,0,44.8,50.8
2021,REG+POST,00-0036456,D.Dafney,Dominique Dafney,TE,TE,"https://static.www.nfl.com/image/private/f_auto,q_auto/league/iualxf5bff0nuttmxkut",5,GB,0,0,0,0,0,0,0,0,0,0,0,0,,0,,,0,0,0,0,0,0,,0,2,6,34,0,0,0,44,31,2,-0.746156505716499,0,0.772727272727273,0.0359281437125749,0.035977105478332,0.0790761894036947,0,3.4,5.4
2021,REG+POST,00-0036457,T.Williams,Ty'Son Williams,RB,RB,"https://static.www.nfl.com/image/private/f_auto,q_auto/league/ucxy1zbyppgm62iyvrdr",7,BAL,0,0,0,0,0,0,0,0,0,0,0,0,,0,,,35,185,1,1,0,8,-0.730433289834764,0,9,12,84,0,0,0,30,71,4,1.16813550860009,0,2.8,0.0609137055837564,0.015625,0.102308058375635,0,32.9,41.9
2021,REG+POST,00-0036482,M.Strachan,Mike Strachan,WR,WR,"https://static.www.nfl.com/image/private/f_auto,q_auto/league/f0eepzx0zweaaoch5xfj",2,IND,0,0,0,0,0,0,0,0,0,0,0,0,,0,,,0,0,0,0,0,0,,0,2,3,26,0,0,0,54,0,2,4.27714111151205,0,0.481481481481482,0.0428571428571429,0.116129032258065,0.145576036866359,0,2.6,4.6
2021,REG+POST,00-0036491,T.Black,Tarik Black,WR,WR,"https://static.www.nfl.com/image/private/f_auto,q_auto/league/dqa9ppemmbv3scdrt6fa",1,NYJ,0,0,0,0,0,0,0,0,0,0,0,0,,0,,,0,0,0,0,0,0,,0,1,2,10,0,0,0,18,0,1,1.09643593220972,0,0.555555555555556,0.105263157894737,0.144,0.258694736842105,0,1.0,2.0
2021,REG+POST,00-0036493,D.Jackson,Deon Jackson,RB,RB,"https://static.www.nfl.com/image/private/f_auto,q_auto/league/wvi0pz27h6t7gfjujxis",3,IND,0,0,0,0,0,0,0,0,0,0,0,0,,0,,,13,31,1,0,0,2,-5.00215740624117,0,0,0,0,0,0,0,0,0,0,,0,,,,,0,9.1,9.1
2021,REG+POST,00-0036510,K.Yeboah,Kenny Yeboah,TE,TE,"https://static.www.nfl.com/image/private/f_auto,q_auto/league/ohegnshguw2mmhe9kjyy",2,NYJ,0,0,0,0,0,0,0,0,0,0,0,0,,0,,,0,0,0,0,0,0,,0,2,3,36,0,0,0,48,3,2,2.83653338713339,0,0.75,0.0454545454545455,0.0910815939278937,0.131938933931344,0,3.6,5.6
2021,REG+POST,00-0036523,T.Ragas,Trey Ragas,RB,RB,"https://static.www.nfl.com/image/private/f_auto,q_auto/league/dxx9omigqswqm8irxgzh",1,LV,0,0,0,0,0,0,0,0,0,0,0,0,,0,,,1,9,0,0,0,1,1.17825937736779,0,2,2,6,0,0,0,-7,13,0,-0.390999058145098,0,-0.857142857142857,0.0465116279069768,-0.0372340425531915,0.0437036120732311,0,1.5,3.5
2021,REG+POST,00-0036534,S.Zylstra,Shane Zylstra,TE,TE,"https://static.www.nfl.com/image/private/f_auto,q_auto/league/e6np1mvcmbxp76d7lbqy",2,DET,0,0,0,0,0,0,0,0,0,0,0,0,,0,,,0,0,0,0,0,0,,0,3,7,34,0,0,0,38,6,2,-5.42178606949492,0,0.894736842105263,0.109375,0.087962962962963,0.225636574074074,0,3.4,6.4
2021,REG+POST,00-0036550,R.Bateman,Rashod Bateman,WR,WR,"https://static.www.nfl.com/image/private/f_auto,q_auto/league/rxkbjfe1pdmlvp1vd6i5",12,BAL,0,0,0,0,0,0,0,0,0,0,0,0,,0,,,0,0,0,0,0,0,,0,46,68,515,1,0,0,606,163,29,14.8841516723144,0,0.84983498349835,0.157407407407407,0.188081936685289,0.367768466790813,0,57.5,103.5
2021,REG+POST,00-0036554,N.Collins,Nico Collins,WR,WR,"https://static.www.nfl.com/image/private/f_auto,q_auto/league/iyfqbpftpdxtwst9wtda",14,HOU,0,0,0,0,0,0,0,0,0,0,0,0,,0,,,0,0,0,0,0,0,,0,33,60,446,1,0,0,637,131,22,-0.251644096514551,0,0.700156985871272,0.133037694013304,0.199374021909233,0.339118356356419,0,50.6,83.6
2021,REG+POST,00-0036555,C.Hubbard,Chuba Hubbard,RB,RB,"https://static.www.nfl.com/image/private/f_auto,q_auto/league/f7xzicbrj7lacu7ytzd9",16,CAR,0,0,0,0,0,0,0,0,0,0,0,0,,0,,,172,612,5,1,1,36,-23.9574401431892,0,25,37,174,1,0,0,2,172,8,-10.2269844976997,0,87.0,0.0769230769230769,0.0005787037037037,0.115789707977208,0,112.6,137.6
2021,REG+POST,00-0036556,B.Jordan,Brevin Jordan,TE,TE,"https://static.www.nfl.com/image/private/f_auto,q_auto/league/tgjclmhivqtcdsaggccr",8,HOU,0,0,0,0,0,0,0,0,0,0,0,0,,0,,,0,0,0,0,0,0,,0,20,28,178,3,0,0,159,99,10,5.78663257053661,0,1.11949685534591,0.109375,0.0975460122699387,0.232344708588957,0,35.8,55.8
2021,REG+POST,00-0036560,T.Doyle,Tommy Doyle,T,OL,"https://static.www.nfl.com/image/private/f_auto,q_auto/league/zwk8avcsoxcutb8gwt9j",1,BUF,0,0,0,0,0,0,0,0,0,0,0,0,,0,,,0,0,0,0,0,0,,0,1,1,1,1,0,0,1,0,1,0.865168442076538,0,1.0,0.04,0.0043478260869565,0.0630434782608696,0,6.1,7.1
2021,REG+POST,00-0036564,T.Hufanga,Talanoa Hufanga,SS,DB,"https://static.www.nfl.com/image/private/f_auto,q_auto/league/zmstzjydeukpbvwybmip",1,SF,0,0,0,0,0,0,0,0,0,0,0,0,,0,,,0,0,0,0,0,0,,0,0,0,0,0,0,0,0,0,0,,0,,,,,1,6.0,6.0
2021,REG+POST,00-0036567,E.Mitchell,Elijah Mitchell,RB,RB,"https://static.www.nfl.com/image/private/f_auto,q_auto/league/pylj2udt3klrdmskh3qi",14,SF,0,0,0,0,0,0,0,0,0,0,0,0,,0,,,262,1132,6,0,0,55,-30.0210866480227,0,26,29,194,1,0,0,-9,208,10,4.43999759358121,0,-21.5555555555556,0.116935483870968,-0.0048128342245989,0.172034241849232,0,174.6,200.6
2021,REG+POST,00-0036569,G.Brightwell,Gary Brightwell,RB,RB,"https://static.www.nfl.com/image/private/f_auto,q_auto/league/bxamrjik6crlgdk7tib4",2,NYG,0,0,0,0,0,0,0,0,0,0,0,0,,0,,,1,4,0,0,0,0,0.150147082749754,0,1,1,6,0,0,0,1,5,0,-0.135463208309375,0,6.0,0.0277777777777778,0.0032679738562091,0.0439542483660131,0,1.0,2.0
2021,REG+POST,00-0036572,S.Smith,Shi Smith,WR,WR,"https://static.www.nfl.com/image/private/f_auto,q_auto/league/e08lbk8pl2oxbwxi86ib",5,CAR,0,0,0,0,0,0,0,0,0,0,0,0,,0,,,1,-3,0,0,0,0,-1.40088038891554,0,6,11,104,0,0,0,74,71,3,-2.51489595137537,0,1.40540540540541,0.0654761904761905,0.0574534161490683,0.138431677018634,0,10.1,16.1
2021,REG+POST,00-0036582,N.McCrary,Nate McCrary,RB,RB,"https://static.www.nfl.com/image/private/f_auto,q_auto/league/mu0ujv1egc6viduiwbdk",1,BAL,0,0,0,0,0,0,0,0,0,0,0,0,,0,,,1,-1,0,0,0,0,-0.725636424031109,0,0,0,0,0,0,0,0,0,0,,0,,,,,0,-0.1,-0.1
2021,REG+POST,00-0036613,J.Waddle,Jaylen Waddle,WR,WR,"https://static.www.nfl.com/image/private/f_auto,q_auto/league/qjsz2h6shbdnksctzeka",16,MIA,0,0,0,0,0,0,0,0,0,0,0,0,,0,,,2,3,1,0,0,1,1.02705890499055,0,104,140,1015,6,1,0,993,439,59,20.2234804597992,0,1.02215508559919,0.244328097731239,0.237446197991392,0.532704485190833,0,143.8,247.8
2021,REG+POST,00-0036620,D.Eskridge,D'Wayne Eskridge,WR,WR,"https://static.www.nfl.com/image/private/f_auto,q_auto/league/lwg4cpbjcdcgoru2emht",8,SEA,0,0,0,0,0,0,0,0,0,0,0,0,,0,,,4,59,0,0,0,2,7.53554499096936,0,10,20,64,1,0,0,252,32,4,-2.85617491975122,0,0.253968253968254,0.0840336134453782,0.106644096487516,0.200701287709328,0,18.3,28.3
2021,REG+POST,00-0036626,D.Brown,Dyami Brown,WR,WR,"https://static.www.nfl.com/image/private/f_auto,q_auto/league/bqy38ftosae4u9lnixjx",9,WAS,0,0,0,0,0,0,0,0,0,0,0,0,,0,,,1,-4,0,0,0,0,-1.22775111324154,0,12,25,165,0,0,0,381,34,6,-1.58332186387678,0,0.433070866141732,0.0871080139372822,0.175819104753115,0.253735394233104,0,16.1,28.1
2021,REG+POST,00-0036627,D.Fitzpatrick,Dez Fitzpatrick,WR,WR,"https://static.www.nfl.com/image/private/f_auto,q_auto/league/mxhacwgijkradrpb77ma",3,TEN,0,0,0,0,0,0,0,0,0,0,0,0,,0,,,0,0,0,0,0,0,,0,5,8,49,1,0,0,109,3,4,-4.21825127274497,0,0.44954128440367,0.0808080808080808,0.158200290275762,0.231952324405155,0,10.9,15.9
2021,REG+POST,00-0036628,J.Bates,John Bates,TE,TE,"https://static.www.nfl.com/image/private/f_auto,q_auto/league/wg5krelbhhklpclsw1ts",11,WAS,0,0,0,0,0,0,0,0,0,0,0,0,,0,,,0,0,0,0,0,0,,0,20,25,249,1,1,0,149,139,11,15.7466056916164,0,1.67114093959732,0.0744047619047619,0.0705826622453813,0.16101500642891,0,30.9,50.9
2021,REG+POST,00-0036630,T.Wallace,Tylan Wallace,WR,WR,"https://static.www.nfl.com/image/private/f_auto,q_auto/league/fjbkshypgeilqrcrljke",4,BAL,0,0,0,0,0,0,0,0,0,0,0,0,,0,,,0,0,0,0,0,0,,0,2,6,23,0,0,0,38,14,1,-2.75271261623129,0,0.605263157894737,0.0428571428571429,0.0354147250698975,0.0890760218346425,0,2.3,4.3
2021,REG+POST,00-0036635,I.Smith-Marsette,Ihmir Smith-Marsette,WR,WR,"https://static.www.nfl.com/image/private/f_auto,q_auto/league/zwkymyn01hepugxnitac",3,MIN,0,0,0,0,0,0,0,0,0,0,0,0,,0,,,0,0,0,0,0,0,,0,5,6,116,2,0,0,128,17,4,11.404099471285,0,0.90625,0.0789473684210526,0.183381088825215,0.246787814809229,0,23.6,28.6
2021,REG+POST,00-0036637,N.Gray,Noah Gray,TE,TE,"https://static.www.nfl.com/image/private/f_auto,q_auto/league/bfwc5wzyawwhpwphz2hv",9,KC,0,0,0,0,0,0,0,0,0,0,0,0,,0,,,0,0,0,0,0,0,,0,9,14,50,1,0,0,45,23,3,-0.0185965832788497,0,1.11111111111111,0.0409356725146199,0.022343594836147,0.0770440251572327,0,11.0,20.0
2021,REG+POST,00-0036650,L.Rountree,Larry Rountree,RB,RB,"https://static.www.nfl.com/image/private/f_auto,q_auto/league/m40kbqrmtagssdl2nyx0",8,LAC,0,0,0,0,0,0,0,0,0,0,0,0,,0,,,36,87,1,0,0,5,-10.2044932351273,0,1,2,-1,0,0,0,-1,0,0,-1.26902811240871,0,1.0,0.0266666666666667,-0.0038610038610038,0.0372972972972973,0,14.6,15.6
2021,REG+POST,00-0036652,R.McMath,Racey McMath,WR,WR,"https://static.www.nfl.com/image/private/f_auto,q_auto/league/zst4jrejdem1sizbyywz",5,TEN,0,0,0,0,0,0,0,0,0,0,0,0,,0,,,0,0,0,0,0,0,,0,2,6,8,0,1,1,67,9,0,-6.96873102773679,0,0.119402985074627,0.04,0.0601976639712489,0.102138364779874,0,-1.2,0.8
2021,REG+POST,00-0036654,D.Felton,Demetric Felton,RB,RB,"https://static.www.nfl.com/image/private/f_auto,q_auto/league/pfjsjpzj2f9cn39xqde2",11,CLE,0,0,0,0,0,0,0,0,0,0,0,0,,0,,,7,24,0,0,0,0,-2.54391982546076,0,18,21,181,2,0,0,9,201,10,9.55242118309252,0,20.1111111111111,0.0747330960854093,0.0038944180008654,0.11482573672872,0,32.5,50.5
2021,REG+POST,00-0036657,S.Williams,Seth Williams,WR,WR,"https://static.www.nfl.com/image/private/f_auto,q_auto/league/uych6wdpoifihjl55wkf",1,DEN,0,0,0,0,0,0,0,0,0,0,0,0,,0,,,0,0,0,0,0,0,,0,1,1,34,0,0,0,30,4,1,2.06591478257906,0,1.13333333333333,0.037037037037037,0.134529147982063,0.149725959142999,0,3.4,4.4
2021,REG+POST,00-0036669,K.Hill,Kylin Hill,RB,RB,"https://static.www.nfl.com/image/private/f_auto,q_auto/league/kqcnlnwoumzvotkzu841",4,GB,0,0,0,0,0,0,0,0,0,0,0,0,,0,,,10,24,0,0,0,1,-3.664956227527,0,1,2,5,0,0,0,-3,7,0,-0.41435015964089,0,-1.66666666666667,0.0289855072463768,-0.0055147058823529,0.0396179667519182,0,2.9,3.9
2021,REG+POST,00-0036670,J.Jefferson,Jermar Jefferson,RB,RB,"https://static.www.nfl.com/image/private/f_auto,q_auto/league/ewygyeadzbiyedxbirmb",4,DET,0,0,0,0,0,0,0,0,0,0,0,0,,0,,,15,74,2,0,0,4,3.19619846622838,0,4,5,23,0,0,0,1,21,2,-0.322642765240744,0,23.0,0.0714285714285714,0.0019493177387914,0.108507379560011,0,21.7,25.7
2021,REG+POST,00-0036671,D.Milne,Dax Milne,WR,WR,"https://static.www.nfl.com/image/private/f_auto,q_auto/league/khppoienurb6ntigjdgf",9,WAS,0,0,0,0,0,0,0,0,0,0,0,0,,0,,,1,1,0,0,0,0,-0.694028881320264,0,9,14,83,0,1,1,102,39,4,-5.62294358463259,0,0.813725490196078,0.0468227424749164,0.0455153949129853,0.102094890151464,0,6.4,15.4
2021,REG+POST,00-0036698,M.Sargent,Mekhi Sargent,RB,RB,"https://static.www.nfl.com/image/private/f_auto,q_auto/league/vkjbw0dck6obsojugiya",4,JAX,0,0,0,0,0,0,0,0,0,0,0,0,,0,,,5,11,0,0,0,1,-2.03860674821772,0,0,1,0,0,0,0,-4,0,0,-0.429744546650909,0,0.0,0.03125,-0.0216216216216216,0.0317398648648649,0,1.1,1.1
2021,REG+POST,00-0036727,A.Prentice,Adam Prentice,FB,RB,"https://static.www.nfl.com/image/private/f_auto,q_auto/league/oypk09xhfdyvxpkrrxnm",4,NO,0,0,0,0,0,0,0,0,0,0,0,0,,0,,,3,5,0,0,0,2,-0.503234281670302,0,3,3,16,0,0,0,1,15,1,-0.195035251206718,0,16.0,0.0405405405405405,0.0056179775280898,0.0647433950804737,0,2.1,5.1
2021,REG+POST,00-0036741,J.Stoll,Jack Stoll,TE,TE,"https://static.www.nfl.com/image/private/f_auto,q_auto/league/ammztxfzv4nnggjhqmuj",3,PHI,0,0,0,0,0,0,0,0,0,0,0,0,,0,,,0,0,0,0,0,0,,0,4,5,22,0,0,0,14,20,0,-0.511518268038838,0,1.57142857142857,0.078125,0.0232945091514143,0.13349365640599,0,2.2,6.2
2021,REG+POST,00-0036754,B.Wright,Brock Wright,TE,TE,"https://static.www.nfl.com/image/private/f_auto,q_auto/league/fxgwaib8wrtxhsrudary",7,DET,0,0,0,0,0,0,0,0,0,0,0,0,,0,,,0,0,0,0,0,0,,0,12,17,117,2,0,0,70,64,6,-0.772076907858718,0,1.67142857142857,0.07981220657277,0.0579470198675497,0.16028122376644,0,23.7,35.7
2021,REG+POST,00-0036755,J.Patterson,Jaret Patterson,RB,RB,"https://static.www.nfl.com/image/private/f_auto,q_auto/league/jpudk1muc8zkgiecmrqw",14,WAS,0,0,0,0,0,0,0,0,0,0,0,0,,0,,,68,266,2,1,0,15,-4.76239720682497,0,10,11,73,0,0,0,-3,75,5,2.96812259593853,0,-24.3333333333333,0.0569948186528497,-0.0020408163265306,0.0840636565507032,0,45.9,55.9
2021,REG+POST,00-0036768,J.Hardy,Jaquan Hardy,RB,RB,"https://static.www.nfl.com/image/private/f_auto,q_auto/league/mgwe4bpzdc7wvox8razh",2,DAL,0,0,0,0,0,0,0,0,0,0,0,0,,0,,,4,29,1,0,0,1,2.63505562755745,0,0,0,0,0,0,0,0,0,0,,0,,,,,0,8.9,8.9
2021,REG+POST,00-0036825,F.Franks,Feleipe Franks,TE,TE,"https://static.www.nfl.com/image/private/f_auto,q_auto/league/bymlmtfg2hjxymbheske",3,ATL,0,1,0,0,1,0,0,0,0,2,0,0,-3.84049341495847,0,0.0,,3,6,0,0,0,0,-1.56269827415235,0,0,0,0,0,0,0,0,0,0,,0,,,,,0,-1.4,-1.4
2021,REG+POST,00-0036842,K.Nwangwu,Kene Nwangwu,RB,RB,"https://static.www.nfl.com/image/private/f_auto,q_auto/league/l6pdzfzysjjidkixp7mz",6,MIN,0,0,0,0,0,0,0,0,0,0,0,0,,0,,,13,61,0,0,0,3,0.302521123841871,0,4,5,9,0,0,0,-6,19,0,-2.96122648997698,0,-1.5,0.0657894736842105,-0.0095238095238095,0.0920175438596491,2,19.0,23.0
2021,REG+POST,00-0036857,C.Evans,Chris Evans,RB,RB,"https://static.www.nfl.com/image/private/f_auto,q_auto/league/lnkqn3hx8th4ulmxyfen",12,CIN,0,0,0,0,0,0,0,0,0,0,0,0,,0,,,19,90,0,0,0,3,0.917681370628998,0,16,19,154,2,0,0,71,116,7,11.2626883782661,0,2.16901408450704,0.0605095541401274,0.0293267244940107,0.111293038355999,0,36.4,52.4
2021,REG+POST,00-0036860,J.Funk,Jake Funk,RB,RB,"https://static.www.nfl.com/image/private/f_auto,q_auto/league/usql5tnx3qhuk3mubmfs",3,LA,0,0,0,0,0,0,0,0,0,0,0,0,,0,,,4,10,0,0,0,0,-3.12552131316625,0,0,0,0,0,0,0,0,0,0,,0,,,,,0,1.0,1.0
2021,REG+POST,00-0036862,B.Skowronek,Ben Skowronek,WR,WR,"https://static.www.nfl.com/image/private/f_auto,q_auto/league/og1iee9dsqaphhcnhajt",9,LA,0,0,0,0,0,0,0,0,0,0,0,0,,0,,,0,0,0,0,0,0,,0,13,26,145,0,0,0,282,60,7,-5.2369534992499,0,0.514184397163121,0.0809968847352025,0.106495468277946,0.196042154897366,0,14.5,27.5
2021,REG+POST,00-0036875,R.Stevenson,Rhamondre Stevenson,RB,RB,"https://static.www.nfl.com/image/private/f_auto,q_auto/league/ro2fqabc4qndtnxykvm7",13,NE,0,0,0,0,0,0,0,0,0,0,0,0,,0,,,141,633,5,1,0,35,2.86444703227803,0,18,22,156,0,1,1,-6,179,5,-0.872369746211916,0,-26.0,0.0726072607260726,-0.0025477707006369,0.107127451598663,0,106.9,124.9
2021,REG+POST,00-0036876,K.Granson,Kylen Granson,TE,TE,"https://static.www.nfl.com/image/private/f_auto,q_auto/league/vqpymhfwmfrtlzfpv60p",10,IND,0,0,0,0,0,0,0,0,0,0,0,0,,0,,,0,0,0,0,0,0,,0,11,15,106,0,0,0,59,76,4,4.28321402050258,0,1.79661016949153,0.0476190476190476,0.0240619902120718,0.0882719645770217,0,10.6,21.6
2021,REG+POST,00-0036877,J.Darden,Jaelon Darden,WR,WR,"https://static.www.nfl.com/image/private/f_auto,q_auto/league/tbuhqtdjd0h3kejsgxln",7,TB,0,0,0,0,0,0,0,0,0,0,0,0,,0,,,1,11,0,0,0,1,0.661719581112266,0,6,12,43,0,0,0,156,24,1,-9.37790116628708,0,0.275641025641026,0.04,0.0698924731182796,0.108924731182796,0,5.4,11.4
2021,REG+POST,00-0036879,S.Ehlinger,Sam Ehlinger,QB,QB,"https://static.www.nfl.com/image/private/f_auto,q_auto/league/tthjoeohrl2r9ahvu8hx",3,IND,0,0,0,0,0,0,0,0,0,0,0,0,,0,,,3,9,0,0,0,1,0.0419185117643792,0,0,0,0,0,0,0,0,0,0,,0,,,,,0,0.9,0.9
2021,REG+POST,00-0036887,L.Farrell,Luke Farrell,TE,TE,"https://static.www.nfl.com/image/private/f_auto,q_auto/league/z3cvxbw8a462oo8maemy",8,JAX,0,0,0,0,0,0,0,0,0,0,0,0,,0,,,0,0,0,0,0,0,,0,7,11,56,0,1,0,73,28,3,-3.624067246099,0,0.767123287671233,0.0415094339622642,0.0355577204091573,0.0871545552298064,0,5.6,12.6
2021,REG+POST,00-0036893,N.Harris,Najee Harris,RB,RB,"https://static.www.nfl.com/image/private/f_auto,q_auto/league/hj3n6gjshilgmesahdxs",18,PIT,0,0,0,0,0,0,0,0,0,0,0,0,,0,,,319,1229,7,0,0,62,-22.427189847241,0,76,96,466,3,1,1,-23,508,22,-10.6638849981576,0,-20.2608695652174,0.137733142037303,-0.0051662174303683,0.202983360854696,0,227.5,303.5
2021,REG+POST,00-0036894,P.Freiermuth,Pat Freiermuth,TE,TE,"https://static.www.nfl.com/image/private/f_auto,q_auto/league/evpkfpnuj5rajjnl5hkw",17,PIT,0,0,0,0,0,0,0,0,0,0,0,0,,0,,,0,0,0,0,0,0,,0,64,84,522,7,1,1,446,268,35,25.5353403708611,1,1.17040358744395,0.12824427480916,0.098781838316722,0.261513699035446,0,94.2,158.2
2021,REG+POST,00-0036898,D.Mills,Davis Mills,QB,QB,"https://static.www.nfl.com/image/private/f_auto,q_auto/league/qwutwzsdumeqnvmmv76i",13,HOU,263,394,2664,16,10,31,206,5,1,2869,1232,118,-45.7343100582581,1,0.928546531892646,0.0253636399898626,18,44,0,0,0,5,-8.3409314966247,1,0,0,0,0,0,0,0,0,0,,0,,,,,0,156.96,156.96
2021,REG+POST,00-0036900,J.Chase,Ja'Marr Chase,WR,WR,"https://static.www.nfl.com/image/private/f_auto,q_auto/league/xqhrnv1bfpl2zmhpqobq",21,CIN,0,0,0,0,0,0,0,0,0,0,0,0,,0,,,13,53,0,0,0,5,0.984089247474913,0,106,163,1823,14,2,1,1952,822,72,80.2782896949442,0,0.933913934426229,0.24112426035503,0.373660030627871,0.623248411972054,0,269.6,375.6
2021,REG+POST,00-0036906,K.Herbert,Khalil Herbert,RB,RB,"https://static.www.nfl.com/image/private/f_auto,q_auto/league/ovmznomieqta3a4rgx9a",14,CHI,0,0,0,0,0,0,0,0,0,0,0,0,,0,,,103,433,2,0,0,24,-2.98519935191143,0,14,16,96,0,0,0,-5,101,6,-0.765520217228279,0,-19.2,0.0824742268041237,-0.003486750348675,0.121270614962113,0,64.9,78.9
2021,REG+POST,00-0036907,D.Newsome,Dazz Newsome,WR,WR,"https://static.www.nfl.com/image/private/f_auto,q_auto/league/cwp4qiumv4yzxg0hsbvj",3,CHI,0,0,0,0,0,0,0,0,0,0,0,0,,0,,,0,0,0,0,0,0,,0,2,5,23,0,0,0,36,15,1,-9.42269557260443,0,0.638888888888889,0.0427350427350427,0.0457433290978399,0.096122894471052,0,2.3,4.3
2021,REG+POST,00-0036910,C.Saunders,C.J. Saunders,WR,WR,"https://static.www.nfl.com/image/private/f_auto,q_auto/league/fsp88zweiyrelqneg7vk",1,CAR,0,0,0,0,0,0,0,0,0,0,0,0,,0,,,0,0,0,0,0,0,,0,2,2,11,0,0,0,11,0,1,-0.33768893359229,0,1.0,0.0476190476190476,0.03886925795053,0.0986370519939424,0,1.1,3.1
2021,REG+POST,00-0036912,D.Smith,DeVonta Smith,WR,WR,"https://static.www.nfl.com/image/private/f_auto,q_auto/league/f8nowzare3wd2qw4jx7d",18,PHI,0,0,0,0,0,0,0,0,0,0,0,0,,0,,,0,0,0,0,0,0,,0,68,115,976,5,1,1,1586,258,45,19.9418107116011,2,0.615384615384615,0.225048923679061,0.358742365980547,0.588693041704974,0,129.6,197.6
2021,REG+POST,00-0036913,K.Toney,Kadarius Toney,WR,WR,"https://static.www.nfl.com/image/private/f_auto,q_auto/league/sptr6q2brsttjjg4zkov",9,NYG,1,3,19,0,0,1,6,0,0,53,6,1,-0.828378256643191,0,0.358490566037736,,3,6,0,0,0,0,-3.32274110376602,0,39,57,420,0,0,0,367,228,21,14.4375979824514,0,1.14441416893733,0.177570093457944,0.163766175814369,0.380991463256974,0,43.36,82.36
2021,REG+POST,00-0036919,K.Gainwell,Kenneth Gainwell,RB,RB,"https://static.www.nfl.com/image/private/f_auto,q_auto/league/epkyjvftedewa9leunos",17,PHI,0,0,0,0,0,0,0,0,0,0,0,0,,0,,,69,297,5,1,1,19,1.95860457280987,1,38,55,302,2,0,0,86,282,16,9.85029552397826,0,3.51162790697674,0.127610208816705,0.0253987005316007,0.209194403597179,0,101.9,139.9
2021,REG+POST,00-0036924,M.Carter,Michael Carter,RB,RB,"https://static.www.nfl.com/image/upload/f_auto,q_auto/league/pcdsa4mrdjs8lz8kjmmn",14,NYJ,0,0,0,0,0,0,0,0,0,0,0,0,,0,,,147,639,4,0,0,29,-5.43914189652423,0,36,55,325,0,1,1,33,341,17,-5.29610359222572,0,9.84848484848485,0.114107883817427,0.0104133796150205,0.178451191456655,0,118.4,154.4
2021,REG+POST,00-0036929,I.Book,Ian Book,QB,QB,"https://static.www.nfl.com/image/private/f_auto,q_auto/league/y61uz2z5ozimtfwocxum",1,NO,12,20,135,0,2,8,54,0,0,76,81,5,-29.7298099388718,0,1.77631578947368,0.0153913916299495,3,6,0,0,0,1,1.0195731476997,0,0,0,0,0,0,0,0,0,0,,0,,,,,0,2.0,2.0
2021,REG+POST,00-0036936,R.Moore,Rondale Moore,WR,WR,"https://static.www.nfl.com/image/private/f_auto,q_auto/league/yuwcs40qiqunbfrp9nip",15,ARI,0,0,0,0,0,0,0,0,0,0,0,0,,0,,,18,76,0,0,0,2,-0.16007382501266,0,59,70,467,1,1,0,107,454,20,-4.30621642470066,0,4.36448598130841,0.143149284253579,0.0309427414690573,0.236383845408708,0,60.3,119.3
2021,REG+POST,00-0036945,J.Fields,Justin Fields,QB,QB,"https://static.www.nfl.com/image/private/f_auto,q_auto/league/y3irxvjwpyiavrtzay80",12,CHI,159,270,1870,7,10,36,264,8,4,2645,683,83,-64.9287721148454,0,0.706994328922495,0.0140006517004754,72,420,2,4,1,22,6.72785522010876,0,0,0,0,0,0,0,0,0,0,,0,,,,,0,126.8,126.8
2021,REG+POST,00-0036946,K.Mond,Kellen Mond,QB,QB,"https://static.www.nfl.com/image/private/f_auto,q_auto/league/gkyy94nwpf2z7eecwvbw",1,MIN,2,3,5,0,0,0,0,0,0,0,9,0,-1.75755254249088,0,0.0,,0,0,0,0,0,0,,0,0,0,0,0,0,0,0,0,0,,0,,,,,0,0.2,0.2
2021,REG+POST,00-0036951,F.Darby,Frank Darby,WR,WR,"https://static.www.nfl.com/image/private/f_auto,q_auto/league/ctfcyiif8irphwslbqur",2,ATL,0,0,0,0,0,0,0,0,0,0,0,0,,0,,,0,0,0,0,0,0,,0,1,4,14,0,0,0,83,11,1,-3.14465343760094,0,0.168674698795181,0.0851063829787234,0.194835680751174,0.264044550993907,0,1.4,2.4
2021,REG+POST,00-0036955,T.Marshall,Terrace Marshall,WR,WR,"https://static.www.nfl.com/image/private/f_auto,q_auto/league/wyzlucfowqdntj6nkh7m",12,CAR,0,0,0,0,0,0,0,0,0,0,0,0,,0,,,0,0,0,0,0,0,,0,17,30,138,0,0,0,211,63,7,-9.05266774764986,1,0.654028436018957,0.0740740740740741,0.0707578806170355,0.160641627543036,0,15.8,32.8
2021,REG+POST,00-0036963,A.St. Brown,Amon-Ra St. Brown,WR,WR,"https://static.www.nfl.com/image/private/f_auto,q_auto/league/ubbam2rpn7xfbhvzvjyn",16,DET,0,0,0,0,0,0,0,0,0,0,0,0,,0,,,7,61,1,0,0,2,5.09169255231154,0,90,119,912,5,0,0,831,424,48,51.1306418043288,2,1.09747292418773,0.223264540337711,0.232058084333985,0.497337469540356,0,137.3,227.3
2021,REG+POST,00-0036970,K.Pitts,Kyle Pitts,TE,TE,"https://static.www.nfl.com/image/private/f_auto,q_auto/league/bimlwqd3sdzuhddiqgff",17,ATL,0,0,0,0,0,0,0,0,0,0,0,0,,0,,,0,0,0,0,0,0,,0,68,110,1026,1,0,0,1193,313,43,26.3311149346791,0,0.860016764459346,0.1985559566787,0.296840009952725,0.505621941984958,0,108.6,176.6
2021,REG+POST,00-0036971,T.Lawrence,Trevor Lawrence,QB,QB,"https://static.www.nfl.com/image/private/f_auto,q_auto/league/angjglqlgj2txh25se5j",17,JAX,359,602,3641,12,17,32,238,7,5,4738,1634,177,-60.0128595979954,2,0.768467707893626,0.0095995573453021,73,334,2,2,0,22,11.3141416168671,0,0,0,0,0,0,0,0,0,0,,0,,,,,0,199.04,199.04
2021,REG+POST,00-0036972,M.Jones,Mac Jones,QB,QB,"https://static.www.nfl.com/image/private/f_auto,q_auto/league/fillvwo9xf7paiwbfihk",18,NE,376,559,4033,24,15,31,257,4,2,4401,1861,190,54.2581969715451,2,0.916382640309021,0.11620038393104,46,147,0,3,1,23,1.7277229963059,0,0,0,0,0,0,0,0,0,0,,0,,,,,0,240.02,240.02
2021,REG+POST,00-0036980,E.Moore,Elijah Moore,WR,WR,"https://static.www.nfl.com/image/private/f_auto,q_auto/league/bhwvzckfhhcqhb7zdqyj",11,NYJ,0,0,0,0,0,0,0,0,0,0,0,0,,0,,,5,54,1,0,0,3,5.48785973581835,0,43,77,538,5,0,0,899,207,24,-0.343774786883133,0,0.598442714126808,0.185542168674699,0.292167695807605,0.482830640077372,0,95.2,138.2
2021,REG+POST,00-0036982,C.Golston,Chauncey Golston,DT,DL,"https://static.www.nfl.com/image/private/f_auto,q_auto/league/pujipnonv93bzijwmqmy",1,DAL,0,0,0,0,0,0,0,0,0,0,0,0,,0,,,0,0,0,0,0,0,,0,0,0,0,0,0,0,0,0,0,,0,,,,,1,6.0,6.0
2021,REG+POST,00-0036984,T.Sermon,Trey Sermon,RB,RB,"https://static.www.nfl.com/image/private/f_auto,q_auto/league/v2igdor3vf1ijb0qyyp1",5,SF,0,0,0,0,0,0,0,0,0,0,0,0,,0,,,41,167,1,0,0,9,-1.67643299812335,0,3,4,26,0,0,0,10,18,1,1.58819469204173,0,2.6,0.0689655172413793,0.0254452926208651,0.121259980696675,0,25.3,28.3
2021,REG+POST,00-0036986,N.Wright,Nahshon Wright,CB,DB,"https://static.www.nfl.com/image/private/f_auto,q_auto/league/cz32x71fpbawy8s9kv2d",1,DAL,0,0,0,0,0,0,0,0,0,0,0,0,,0,,,0,0,0,0,0,0,,0,0,0,0,0,0,0,0,0,0,,0,,,,,1,6.0,6.0
2021,REG+POST,00-0036988,J.Palmer,Josh Palmer,WR,WR,"https://static.www.nfl.com/image/private/f_auto,q_auto/league/bbvzvwnb52cghz4fqyut",15,LAC,0,0,0,0,0,0,0,0,0,0,0,0,,0,,,1,6,0,0,0,0,0.21983389207162,0,33,49,353,4,0,0,489,100,18,12.5169016551809,0,0.721881390593047,0.083617747440273,0.109592111160914,0.20214109897305,0,59.9,92.9
2021,REG+POST,00-0036991,A.Rodgers,Amari Rodgers,WR,WR,"https://static.www.nfl.com/image/private/f_auto,q_auto/league/g85ohsk2pgbf7xz2f1a8",4,GB,0,0,0,0,0,0,0,0,0,0,0,0,,0,,,1,11,0,0,0,1,0.956685218960047,0,4,8,45,0,0,0,40,24,2,-3.60281470136711,0,1.125,0.0645161290322581,0.048661800486618,0.13083745388902,0,5.6,9.6
2021,REG+POST,00-0036997,J.Williams,Javonte Williams,RB,RB,"https://static.www.nfl.com/image/private/f_auto,q_auto/league/zurpblacsps47csmsyep",17,DEN,0,0,0,0,0,0,0,0,0,0,0,0,,0,,,203,903,4,2,1,52,-17.2622951627256,0,43,53,316,3,0,0,-12,343,12,7.52227862008477,0,-26.3333333333333,0.107505070993915,-0.0031031807602792,0.159085379958677,0,161.9,204.9
2021,REG+POST,00-0036999,A.Schwartz,Anthony Schwartz,WR,WR,"https://static.www.nfl.com/image/private/f_auto,q_auto/league/pmjne2xsf5kh7ze6uk5e",12,CLE,0,0,0,0,0,0,0,0,0,0,0,0,,0,,,6,39,0,0,0,4,1.14813425811008,0,10,23,135,1,0,0,396,10,6,-7.83959086597315,0,0.340909090909091,0.0664739884393064,0.136929460580913,0.195561605065599,0,23.4,33.4
2021,REG+POST,00-0037004,H.Long,Hunter Long,TE,TE,"https://static.www.nfl.com/image/private/f_auto,q_auto/league/vuw8hkbyjc4kahbpgyge",3,MIA,0,0,0,0,0,0,0,0,0,0,0,0,,0,,,0,0,0,0,0,0,,0,1,3,8,0,0,0,10,4,0,-7.00587911845651,0,0.8,0.0263157894736842,0.0107991360691145,0.0470330794589065,0,0.8,1.8
2021,REG+POST,00-0037005,T.Tremble,Tommy Tremble,TE,TE,"https://static.www.nfl.com/image/private/f_auto,q_auto/league/s1t4b3y1pq7n3oxlgqjh",14,CAR,0,0,0,0,0,0,0,0,0,0,0,0,,0,,,3,11,1,0,0,1,0.662044653145131,0,20,35,180,1,0,0,287,70,10,5.30470828415128,1,0.627177700348432,0.0726141078838174,0.0805953383880932,0.165337898697391,0,33.1,53.1
2021,REG+POST,00-0037011,T.McKitty,Tre' McKitty,TE,TE,"https://static.www.nfl.com/image/private/f_auto,q_auto/league/fxv7hzz4dar3dghap5zw",6,LAC,0,0,0,0,0,0,0,0,0,0,0,0,,0,,,0,0,0,0,0,0,,0,6,8,45,0,0,0,18,34,3,1.40671956504229,0,2.5,0.032,0.0095036958817317,0.0546525871172123,0,4.5,10.5
2021,REG+POST,00-0037012,T.Lance,Trey Lance,QB,QB,"https://static.www.nfl.com/image/private/f_auto,q_auto/league/q4iahwof4dq9xf3vqdcb",6,SF,41,71,603,5,2,4,15,0,0,658,288,27,10.6849274455011,0,0.916413373860182,0.0392072244011246,38,168,1,0,0,8,-2.80903184085921,1,0,0,0,0,0,0,0,0,0,,0,,,,,0,64.92,64.92
2021,REG+POST,00-0037013,Z.Wilson,Zach Wilson,QB,QB,"https://static.www.nfl.com/image/private/f_auto,q_auto/league/xkio4hljxo2u59rk2bud",13,NYJ,213,383,2334,9,11,44,370,5,1,2885,1099,112,-94.732186357066,1,0.809012131715771,-0.0291272050769239,29,185,4,0,0,10,6.55997220291622,1,0,1,0,0,0,0,8,0,0,-0.740858779405244,0,0.0,0.0454545454545455,0.0720720720720721,0.118632268632269,0,151.86,151.86
2022,REG,00-0019596,T.Brady,Tom Brady,QB,QB,"https://static.www.nfl.com/image/private/f_auto,q_auto/league/q7dpdlxyu5rs05rgh1le",17,TB,490,733,4694,25,9,22,160,3,2,5027,2292,237,61.9062697716568,2,0.933757708374776,0.0800161534459651,29,-1,1,2,2,5,-20.4693207520959,0,0,1,0,0,0,0,16,0,0,-4.7260164351901,0,0.0,0.0344827586206897,0.0613026819923372,0.0946360153256705,0,271.66,271.66
2022,REG,00-0022824,A.Lee,Andy Lee,P,SPEC,"https://static.www.nfl.com/image/private/f_auto,q_auto/league/bfozbs2h9jueavslvw3z",1,ARI,1,1,4,0,0,0,0,0,0,0,4,1,2.86447695572861,0,0.0,,0,0,0,0,0,0,,0,0,0,0,0,0,0,0,0,0,,0,,,,,0,0.16,0.16
2022,REG,00-0023459,A.Rodgers,Aaron Rodgers,QB,QB,"https://static.www.nfl.com/image/private/f_auto,q_auto/league/gnta8ufi2vdp967dui9e",17,GB,350,542,3695,26,12,32,258,4,2,4327,1893,177,-6.30994553598328,2,0.853940374393344,0.0686525245002697,34,94,1,2,2,9,-7.81497386895461,0,0,0,0,0,0,0,0,0,0,,0,,,,,0,239.2,239.2
2022,REG,00-0024243,M.Lewis,Marcedes Lewis,TE,TE,"https://static.www.nfl.com/image/private/f_auto,q_auto/league/ppq07tipygpftz5csipx",6,GB,0,0,0,0,0,0,0,0,0,0,0,0,,0,,,0,0,0,0,0,0,,0,6,7,66,2,0,0,58,14,5,6.96759729948826,1,1.13793103448276,0.0360824742268041,0.0338587273788675,0.0778248205054134,0,20.6,26.6
2022,REG,00-0026143,M.Ryan,Matt Ryan,QB,QB,"https://static.www.nfl.com/image/private/f_auto,q_auto/league/s6zam4ekrrnonsck6vak",12,IND,309,461,3057,14,13,38,287,12,3,2772,1405,156,-24.7600057797621,0,1.10281385281385,0.0372891694444388,27,70,1,3,2,9,-11.035300253524,0,0,0,0,0,0,0,0,0,0,,0,,,,,0,155.28,155.28
2022,REG,00-0026158,J.Flacco,Joe Flacco,QB,QB,"https://static.www.nfl.com/image/upload/f_auto,q_auto/league/dwsbpmlhoqud0puidizt",5,NYJ,110,191,1051,5,3,10,66,5,4,1537,432,55,-25.3617051530504,0,0.683799609629148,0.00386430430805,3,6,0,0,0,1,-0.136921063356567,0,0,0,0,0,0,0,0,0,0,,0,,,,,0,48.64,48.64
2022,REG,00-0026189,D.Jackson,DeSean Jackson,WR,WR,"https://static.www.nfl.com/image/private/f_auto,q_auto/league/pr5m864fqvnoozihylrh",7,BAL,0,0,0,0,0,0,0,0,0,0,0,0,,0,,,0,0,0,0,0,0,,0,9,17,153,0,0,0,302,23,5,1.63382677792655,0,0.506622516556291,0.100591715976331,0.205163043478261,0.29450170439928,0,15.3,24.3
2022,REG,00-0026197,C.Henne,Chad Henne,QB,QB,"https://static.www.nfl.com/image/private/f_auto,q_auto/league/ornr9pcnzveqlntqc7jx",2,KC,0,2,0,0,0,0,0,0,0,-4,0,0,-1.89151386736194,0,0.0,,5,-5,0,0,0,0,-5.12246437004069,0,0,0,0,0,0,0,0,0,0,,0,,,,,0,-0.5,-0.5
2022,REG,00-0026300,J.Johnson,Josh Johnson,QB,QB,"https://static.www.nfl.com/image/private/f_auto,q_auto/league/cm1r2n61r5knj97d41v5",1,SF,1,2,10,0,0,0,0,0,0,2,4,1,-0.835849118593615,0,5.0,,2,3,0,0,0,0,-3.6153255199315,0,0,0,0,0,0,0,0,0,0,,0,,,,,0,0.7,0.7
2022,REG,00-0026498,M.Stafford,Matthew Stafford,QB,QB,"https://static.www.nfl.com/image/private/f_auto,q_auto/league/icjfdfsncqlsqe49iujv",9,LA,206,303,2087,10,8,29,208,4,3,2027,1119,105,-24.0373468155017,0,1.02960039467193,0.0414286540004632,13,9,1,1,0,3,-2.50263931596419,0,0,0,0,0,0,0,0,0,0,,0,,,,,0,108.38,108.38
2022,REG,00-0026544,C.Daniel,Chase Daniel,QB,QB,"https://static.www.nfl.com/image/private/f_auto,q_auto/league/jt8fvgeyuhsbpo9m9t4x",3,LAC,8,12,52,1,0,1,1,0,0,17,63,4,1.37604089950986,1,3.05882352941176,0.0311750114675126,1,4,0,0,0,0,-0.807615553960204,0,0,0,0,0,0,0,0,0,0,,0,,,,,0,8.48,8.48
2022,REG,00-0026625,B.Hoyer,Brian Hoyer,QB,QB,"https://static.www.nfl.com/image/private/f_auto,q_auto/league/japt3mj2xctm7saqndxn",1,NE,5,6,37,0,0,1,8,0,0,28,22,2,-2.12652387350423,0,1.32142857142857,0.101889646386438,0,0,0,0,0,0,,0,0,0,0,0,0,0,0,0,0,,0,,,,,0,1.48,1.48
2022,REG,00-0027688,C.McCoy,Colt McCoy,QB,QB,"https://static.www.nfl.com/image/private/f_auto,q_auto/league/mvcoi7f6thyudufnh0dx",4,ARI,90,132,780,1,3,13,97,0,0,801,368,34,-30.0839809036083,0,0.973782771535581,0.0226364142559369,14,36,0,2,0,5,1.21089050865661,0,0,0,0,0,0,0,0,0,0,,0,,,,,0,32.8,32.8
2022,REG,00-0027942,A.Green,A.J. Green,WR,WR,"https://static.www.nfl.com/image/private/f_auto,q_auto/league/guj5a9vnnzqfiljupzuj",13,ARI,0,0,0,0,0,0,0,0,0,0,0,0,,0,,,0,0,0,0,0,0,,0,24,47,236,2,0,0,515,56,11,-18.0729225130703,1,0.458252427184466,0.094,0.142857142857143,0.241,0,37.6,61.6
2022,REG,00-0027944,J.Jones,Julio Jones,WR,WR,"https://static.www.nfl.com/image/upload/f_auto,q_auto/league/omrddf2phtyztzx2nup1",10,TB,0,0,0,0,0,0,0,0,0,0,0,0,,0,,,5,45,0,0,0,4,3.19085392035777,0,24,43,299,2,0,0,603,114,13,7.48583652187873,0,0.495854063018242,0.0975056689342404,0.2,0.286258503401361,0,46.4,70.4
2022,REG,00-0027948,B.Gabbert,Blaine Gabbert,QB,QB,"https://static.www.nfl.com/image/private/f_auto,q_auto/league/fphhd3wedamgkps6e0dl",1,TB,6,8,29,1,0,0,0,0,0,20,37,2,0.21524419792695,0,1.45,0.0733880415496394,0,0,0,0,0,0,,0,0,0,0,0,0,0,0,0,0,,0,,,,,0,5.16,5.16
2022,REG,00-0027966,M.Ingram,Mark Ingram,RB,RB,"https://static.www.nfl.com/image/private/f_auto,q_auto/league/qyju9wutyssrf0b26ran",10,NO,0,0,0,0,0,0,0,0,0,0,0,0,,0,,,62,233,1,1,1,12,-11.0297620060737,1,16,18,68,0,1,1,-17,78,2,-8.76647527411114,0,-4.0,0.0679245283018868,-0.0086032388663967,0.0958645252463524,0,34.1,50.1
2022,REG,00-0027973,A.Dalton,Andy Dalton,QB,QB,"https://static.www.nfl.com/image/private/f_auto,q_auto/league/xrwmjyexhhwpoxhtrhl2",14,NO,252,378,2871,18,9,25,189,4,1,2981,1318,135,17.9905970400699,1,0.96309963099631,0.0719386882764848,30,54,0,1,0,6,-8.73576250477078,0,0,0,0,0,0,0,0,0,0,,0,,,,,0,174.24,174.24
2022,REG,00-0027981,K.Rudolph,Kyle Rudolph,TE,TE,"https://static.www.nfl.com/image/private/f_auto,q_auto/league/mtvrkfel5750mlevcvtp",5,TB,0,0,0,0,0,0,0,0,0,0,0,0,,0,,,0,0,0,0,0,0,,0,3,5,28,1,0,0,44,3,2,1.93921699817292,0,0.636363636363636,0.0234741784037559,0.0311173974540311,0.0569934458234556,0,8.8,11.8
2022,REG,00-0028002,R.Cobb,Randall Cobb,WR,WR,"https://static.www.nfl.com/image/private/f_auto,q_auto/league/kuwo5hnkbtesfw6n9w1s",13,GB,0,0,0,0,0,0,0,0,0,0,0,0,,0,,,0,0,0,0,0,0,,0,34,50,417,1,1,0,475,185,19,22.5648378137983,0,0.877894736842105,0.119331742243437,0.142343422235541,0.278638008930034,0,47.7,81.7
2022,REG,00-0028118,T.Taylor,Tyrod Taylor,QB,QB,"https://static.www.nfl.com/image/private/f_auto,q_auto/league/qx6t1lqmc9ws9ledobzn",2,NYG,6,8,58,1,1,3,18,1,1,99,26,3,-4.38533691049088,1,0.585858585858586,0.209298403160716,5,70,0,1,0,5,9.1370943201473,0,0,0,0,0,0,0,0,0,0,,0,,,,,0,11.32,11.32
2022,REG,00-0028292,N.Bellore,Nick Bellore,ILB,LB,"https://static.www.nfl.com/image/private/f_auto,q_auto/league/nnmgkhi5d5xszkoyh4br",1,SEA,0,0,0,0,0,0,0,0,0,0,0,0,,0,,,1,3,0,0,0,0,0.0524371490464546,0,0,0,0,0,0,0,0,0,0,,0,,,,,0,0.3,0.3
2022,REG,00-0028986,C.Keenum,Case Keenum,QB,QB,"https://static.www.nfl.com/image/private/f_auto,q_auto/league/tymwoe3wpwzln78uzbvu",2,BUF,2,7,8,0,0,0,0,0,0,57,5,0,-5.78627391741611,0,0.140350877192982,-0.157390946302216,5,0,0,0,0,0,-5.39154763723491,0,0,0,0,0,0,0,0,0,0,,0,,,,,0,0.32,0.32
2022,REG,00-0029000,C.Beasley,Cole Beasley,WR,WR,"https://static.www.nfl.com/image/private/f_auto,q_auto/league/y5r0fhwctl6ljwvmktvu",4,BUF,0,0,0,0,0,0,0,0,0,0,0,0,,0,,,0,0,0,0,0,0,,0,6,7,35,0,0,0,26,14,1,0.325747424038127,0,1.34615384615385,0.0451612903225806,0.0206185567010309,0.0821749251745926,0,3.5,9.5
2022,REG,00-0029239,B.Bolden,Brandon Bolden,RB,RB,"https://static.www.nfl.com/image/private/f_auto,q_auto/league/kqqwz35z9brhkzbs4bcn",8,LV,0,0,0,0,0,0,0,0,0,0,0,0,,0,,,17,66,0,0,0,3,-6.28464577894192,0,9,9,57,1,0,0,30,27,2,1.02315014343468,0,1.9,0.0529411764705882,0.0185873605947955,0.0924229171222392,0,18.3,27.3
2022,REG,00-0029263,R.Wilson,Russell Wilson,QB,QB,"https://static.www.nfl.com/image/private/f_auto,q_auto/league/gebzv2aljujgleboe4ns",15,DEN,292,483,3524,16,11,55,368,4,2,4264,1720,142,-55.9970097279003,0,0.826454033771107,0.0404693848023715,55,277,3,2,0,21,15.2260561078185,0,1,1,1,0,0,0,-1,2,0,-0.384637877810746,0,0.0,0.04,-0.0035211267605633,0.0575352112676056,0,224.76,225.76
2022,REG,00-0029293,M.Jones,Marvin Jones,WR,WR,"https://static.www.nfl.com/image/private/f_auto,q_auto/league/ciy9sxefmcnwjw7ln3h2",16,JAX,0,0,0,0,0,0,0,0,0,0,0,0,,0,,,0,0,0,0,0,0,,0,46,81,529,3,0,0,1071,95,29,11.4794679554041,0,0.493930905695612,0.146739130434783,0.260710808179163,0.402606261377588,0,70.9,116.9
2022,REG,00-0029567,N.Foles,Nick Foles,QB,QB,"https://static.www.nfl.com/image/private/f_auto,q_auto/league/dxuz2ir773wylutxo7zs",2,IND,25,42,225,0,4,8,48,0,0,343,91,9,-34.171226935013,0,0.65597667638484,-0.001140973842674,2,8,0,0,0,0,-4.25564577034675,0,0,0,0,0,0,0,0,0,0,,0,,,,,0,1.8,1.8
2022,REG,00-0029604,K.Cousins,Kirk Cousins,QB,QB,"https://static.www.nfl.com/image/private/f_auto,q_auto/league/viuxnyezrwdfjnxsfssb",17,MIN,424,643,4547,29,14,46,329,5,3,4821,1967,230,18.4644065517158,3,0.943165318398673,0.0807859227934458,31,97,2,2,0,11,1.22760684084978,0,0,0,0,0,0,0,0,0,0,,0,,,,,0,291.58,291.58
2022,REG,00-0029608,T.Hilton,T.Y. Hilton,WR,WR,"https://static.www.nfl.com/image/private/f_auto,q_auto/league/b8kor0sgeynyd8u8cush",3,DAL,0,0,0,0,0,0,0,0,0,0,0,0,,0,,,0,0,0,0,0,0,,0,7,10,121,0,0,0,175,33,5,10.0845039510168,0,0.691428571428571,0.0892857142857143,0.181912681912682,0.261267448767449,0,12.1,19.1
2022,REG,00-0029664,J.Gordon,Josh Gordon,WR,WR,"https://static.www.nfl.com/image/private/f_auto,q_auto/league/wwqz2ujrj7wp86tyaxof",1,TEN,0,0,0,0,0,0,0,0,0,0,0,0,,0,,,0,0,0,0,0,0,,0,0,1,0,0,0,0,12,0,0,-0.488447367679328,0,0.0,0.0434782608695652,0.0609137055837564,0.107856985212977,0,0.0,0.0
2022,REG,00-0029692,B.Anger,Bryan Anger,P,SPEC,"https://static.www.nfl.com/image/private/f_auto,q_auto/league/zv7j4fzg4qrz4hktx756",1,DAL,0,0,0,0,0,0,0,0,0,0,0,0,,0,,,1,0,0,1,0,0,-3.93440753343748,0,0,0,0,0,0,0,0,0,0,,0,,,,,0,0.0,0.0
2022,REG,00-0029701,R.Tannehill,Ryan Tannehill,QB,QB,"https://static.www.nfl.com/image/private/f_auto,q_auto/league/yvwju12dl6haf3r8uzrm",12,TEN,212,325,2536,14,6,33,238,2,1,2532,1179,116,19.7171544133646,1,1.00157977883096,0.0797511571121069,34,98,2,1,1,12,-3.55396090270369,0,0,0,0,0,0,0,0,0,0,,0,,,,,0,165.24,165.24
2022,REG,00-0029892,K.Juszczyk,Kyle Juszczyk,FB,RB,"https://static.www.nfl.com/image/private/f_auto,q_auto/league/eqb3lq4bip6oa5kiz1ze",13,SF,0,0,0,0,0,0,0,0,0,0,0,0,,0,,,7,26,1,0,0,5,1.9088444688241,0,19,23,200,1,0,0,63,149,9,6.57315719994949,0,3.17460317460317,0.0676470588235294,0.0302448391742679,0.122641975657282,0,34.6,53.6
2022,REG,00-0030035,A.Thielen,Adam Thielen,WR,WR,"https://static.www.nfl.com/image/private/f_auto,q_auto/league/kmldtl8p9h7h5dzvkwsw",17,MIN,0,0,0,0,0,0,0,0,0,0,0,0,,0,,,1,4,0,0,0,0,-0.133523523807526,0,70,107,716,6,0,0,1036,152,45,11.0783833402581,1,0.691119691119691,0.166926677067083,0.214537171256989,0.400566035480516,0,110.0,180.0
2022,REG,00-0030061,Z.Ertz,Zach Ertz,TE,TE,"https://static.www.nfl.com/image/private/f_auto,q_auto/league/t7my0kesdhb2iefvempm",10,ARI,0,0,0,0,0,0,0,0,0,0,0,0,,0,,,0,0,0,0,0,0,,0,47,69,406,4,0,0,548,130,24,6.27492835441003,2,0.740875912408759,0.180156657963446,0.21364522417154,0.419786643865248,0,68.6,115.6
2022,REG,00-0030068,M.Goodwin,Marquise Goodwin,WR,WR,"https://static.www.nfl.com/image/upload/f_auto,q_auto/league/cof5bbih1o9dtnonwmjp",12,SEA,0,0,0,0,0,0,0,0,0,0,0,0,,0,,,2,5,0,0,0,0,-0.509956069930922,0,27,42,387,4,0,0,442,114,18,20.9001769792498,0,0.875565610859729,0.101941747572816,0.145586297760211,0.254823029791371,0,63.2,90.2
2022,REG,00-0030074,D.Bakhtiari,David Bakhtiari,T,OL,"https://static.www.nfl.com/image/private/f_auto,q_auto/league/mhx8ji1f0wzvvwrmcryl",1,GB,0,0,0,0,0,0,0,0,0,0,0,0,,0,,,0,0,0,0,0,0,,0,0,1,0,0,0,0,1,0,0,-5.99148989515379,0,0.0,0.025,0.002415458937198,0.0391908212560387,0,0.0,0.0
2022,REG,00-0030108,R.Griffin,Ryan Griffin,TE,TE,"https://static.www.nfl.com/image/private/f_auto,q_auto/league/izjfxtmk2dhzhrlwpt9g",7,CHI,0,0,0,0,0,0,0,0,0,0,0,0,,0,,,0,0,0,0,0,0,,0,4,8,26,0,0,0,53,9,1,-7.94431960530346,0,0.490566037735849,0.0575539568345324,0.0511583011583012,0.122141746062609,0,2.6,6.6
2022,REG,00-0030279,K.Allen,Keenan Allen,WR,WR,"https://static.www.nfl.com/image/private/f_auto,q_auto/league/xs7h2igf85nta81v7zb8",10,LAC,0,0,0,0,0,0,0,0,0,0,0,0,,0,,,1,8,0,0,0,1,0.588396031875163,0,66,89,752,4,1,1,770,257,38,27.1422737729233,0,0.976623376623377,0.224181360201511,0.297987616099071,0.544863371571617,0,98.0,164.0
2022,REG,00-0030288,R.Burkhead,Rex Burkhead,RB,RB,"https://static.www.nfl.com/image/private/f_auto,q_auto/league/ysgdnkasvp07qmrkasve",15,HOU,0,1,0,0,0,0,0,0,0,7,0,0,-0.451972615905106,0,0.0,,26,80,0,0,0,4,-6.80974265857367,0,37,51,204,1,0,0,75,214,8,-23.8903826837797,0,2.72,0.104294478527607,0.0243427458617332,0.173481639894624,0,34.4,71.4
2022,REG,00-0030431,R.Woods,Robert Woods,WR,WR,"https://static.www.nfl.com/image/upload/f_auto,q_auto/league/owppysuai4ipxu5d27nu",17,TEN,0,0,0,0,0,0,0,0,0,0,0,0,,0,,,0,0,0,0,0,0,,0,53,91,527,2,0,0,716,156,31,8.94663831669898,0,0.736033519553073,0.208715596330275,0.214050822122571,0.462908969981213,0,64.7,117.7
2022,REG,00-0030456,G.Bernard,Giovani Bernard,RB,RB,"https://static.www.nfl.com/image/private/f_auto,q_auto/league/guht9y14gftgsugb87xz",2,TB,0,0,0,0,0,0,0,0,0,0,0,0,,0,,,8,28,0,1,0,0,-6.00159577042722,0,2,2,-1,0,0,0,-8,7,0,-2.13728185440414,0,0.125,0.0606060606060606,-0.0427807486631016,0.0609625668449198,0,2.7,4.7
2022,REG,00-0030506,T.Kelce,Travis Kelce,TE,TE,"https://static.www.nfl.com/image/private/f_auto,q_auto/league/ryzr3vbragwe50vtj9af",17,KC,0,0,0,0,0,0,0,0,0,0,0,0,,0,,,2,5,0,0,0,1,0.488659705966711,0,110,152,1338,12,1,1,1074,657,78,64.9838867063753,1,1.24581005586592,0.247557003257329,0.236772486772487,0.537076245626734,0,206.3,316.3
2022,REG,00-0030513,L.Murray,Latavius Murray,RB,RB,"https://static.www.nfl.com/image/private/f_auto,q_auto/league/zepm7ghltyeqydn0qxcg",13,DEN,0,0,0,0,0,0,0,0,0,0,0,0,,0,,,171,760,6,1,0,44,-5.9284636285572,1,27,35,132,0,0,0,-63,188,4,-8.96322983021243,0,-2.0952380952381,0.0864197530864198,-0.0175,0.11737962962963,0,127.2,154.2
2022,REG,00-0030564,D.Hopkins,DeAndre Hopkins,WR,WR,"https://static.www.nfl.com/image/upload/f_auto,q_auto/league/jgatj8mtftu06pegapip",9,ARI,0,0,0,0,0,0,0,0,0,0,0,0,,0,,,0,0,0,0,0,0,,0,64,96,717,3,2,1,976,165,35,8.66571795606147,0,0.734631147540984,0.293577981651376,0.427133479212254,0.739360407925642,0,87.7,151.7
2022,REG,00-0030565,G.Smith,Geno Smith,QB,QB,"https://static.www.nfl.com/image/private/f_auto,q_auto/league/bxp32udtvwnpu3rl2cht",17,SEA,399,572,4282,30,11,46,348,5,2,4311,1780,206,28.7731353740293,0,0.99327302250058,0.114557100974391,68,366,1,3,2,24,1.33825872228285,0,0,0,0,0,0,0,0,0,0,,0,,,,,0,303.88,303.88
2022,REG,00-0030578,C.Patterson,Cordarrelle Patterson,RB,RB,"https://static.www.nfl.com/image/private/f_auto,q_auto/league/gy2bb38cns4nxypehbqi",13,ATL,0,0,0,0,0,0,0,0,0,0,0,0,,0,,,144,695,8,1,1,39,-0.252170304221885,0,21,31,122,0,0,0,75,116,6,-18.137274690342,0,1.62666666666667,0.110714285714286,0.0284846183061147,0.186010661385709,1,133.7,154.7
2022,REG,00-0030874,D.Williams,Damien Williams,RB,RB,"https://static.www.nfl.com/image/private/f_auto,q_auto/league/ga4vusnfwfvhp2ksqw7x",1,ATL,0,0,0,0,0,0,0,0,0,0,0,0,,0,,,2,2,0,0,0,0,-1.12978465296328,0,0,0,0,0,0,0,0,0,0,,0,,,,,0,0.2,0.2
2022,REG,00-0030968,K.Smith,Keith Smith,FB,RB,"https://static.www.nfl.com/image/private/f_auto,q_auto/league/jolwasweebgk37nkl7ia",2,ATL,0,0,0,0,0,0,0,0,0,0,0,0,,0,,,1,2,0,0,0,1,0.199350546114147,0,1,2,8,0,0,0,2,8,0,-1.60737997150816,0,4.0,0.0625,0.0083333333333333,0.0995833333333333,0,1.0,2.0
2022,REG,00-0031051,J.Brown,John Brown,WR,WR,"https://static.www.nfl.com/image/private/f_auto,q_auto/league/xwyc2a0qfdxbbct6lso6",2,BUF,0,0,0,0,0,0,0,0,0,0,0,0,,0,,,0,0,0,0,0,0,,0,1,2,42,1,0,0,86,0,1,3.65923447720706,0,0.488372093023256,0.0344827586206897,0.134375,0.145786637931034,0,10.2,11.2
2022,REG,00-0031236,B.Cooks,Brandin Cooks,WR,WR,"https://static.www.nfl.com/image/private/f_auto,q_auto/league/wy6qidqm8jjp6buvu3lp",13,HOU,0,0,0,0,0,0,0,0,0,0,0,0,,0,,,2,7,0,0,0,0,-0.502822368871421,0,57,93,699,3,0,0,1013,205,29,5.04383546445063,0,0.690029615004936,0.207126948775056,0.30855924459336,0.526681894377935,0,88.6,145.6
2022,REG,00-0031237,T.Bridgewater,Teddy Bridgewater,QB,QB,"https://static.www.nfl.com/image/private/f_auto,q_auto/league/q5p8afhezmpvc1xbwibf",5,MIA,49,79,683,4,4,7,45,0,0,704,307,32,0.383182439977755,0,0.970170454545455,0.0752684892970845,3,27,0,0,0,2,3.37023995979689,0,0,0,0,0,0,0,0,0,0,,0,,,,,0,38.02,38.02
2022,REG,00-0031260,L.Thomas,Logan Thomas,TE,TE,"https://static.www.nfl.com/image/private/f_auto,q_auto/league/acm0ymhqdzqxdibwjphv",13,WAS,0,0,0,0,0,0,0,0,0,0,0,0,,0,,,0,0,0,0,0,0,,0,39,61,323,1,0,0,430,126,15,-8.53038415142855,0,0.751162790697674,0.148780487804878,0.121571953633022,0.308271099250433,0,38.3,77.3
2022,REG,00-0031273,C.Brate,Cameron Brate,TE,TE,"https://static.www.nfl.com/image/private/f_auto,q_auto/league/jhioqec65qy4z7s6w9a6",9,TB,0,0,0,0,0,0,0,0,0,0,0,0,,0,,,0,0,0,0,0,0,,0,20,38,174,0,0,0,251,65,8,-11.7423624789031,0,0.693227091633466,0.107648725212465,0.0931008902077151,0.226643710964098,0,17.4,37.4
2022,REG,00-0031280,D.Carr,Derek Carr,QB,QB,"https://static.www.nfl.com/image/private/f_auto,q_auto/league/cffbp9sqfioxa2jk2oqf",15,LV,305,502,3522,24,14,27,191,3,0,4602,1509,161,29.2955838466438,0,0.765319426336376,0.0685050144060981,24,102,0,1,0,10,1.73102392343571,0,0,0,0,0,0,0,0,0,0,,0,,,,,0,219.08,219.08
2022,REG,00-0031325,S.Watkins,Sammy Watkins,WR,WR,"https://static.www.nfl.com/image/private/f_auto,q_auto/league/nkqk4ac4uncxocqlgp2k",9,BAL,0,0,0,0,0,0,0,0,0,0,0,0,,0,,,0,0,0,0,0,0,,0,16,27,325,0,1,1,354,126,11,10.2096290208013,0,0.918079096045198,0.0978260869565217,0.15331312256388,0.254058316229499,0,30.5,46.5
2022,REG,00-0031345,J.Garoppolo,Jimmy Garoppolo,QB,QB,"https://static.www.nfl.com/image/private/f_auto,q_auto/league/dielobmypljj7e27eiob",11,SF,207,308,2437,16,4,18,100,1,1,2124,1443,114,75.5064205218911,0,1.14736346516008,0.12849885806511,23,33,2,1,1,11,-3.06639207761643,0,0,0,0,0,0,0,0,0,0,,0,,,,,0,164.78,164.78
2022,REG,00-0031376,J.McKinnon,Jerick McKinnon,RB,RB,"https://static.www.nfl.com/image/private/f_auto,q_auto/league/yezxe2j778cndbhkxwez",17,KC,0,0,0,0,0,0,0,0,0,0,0,0,,0,,,72,291,1,0,0,12,-9.96355854565627,0,56,71,512,9,1,1,48,541,28,22.6015193587483,1,10.6666666666667,0.115635179153094,0.01171875,0.181655893729642,0,140.3,196.3
2022,REG,00-0031381,D.Adams,Davante Adams,WR,WR,"https://static.www.nfl.com/image/private/f_auto,q_auto/league/grvqvmdzu2lsbgvqoxku",17,LV,0,0,0,0,0,1,10,0,0,0,0,0,-1.80456407845486,0,,,3,-1,0,0,0,0,-3.83047964831349,0,100,180,1516,14,1,0,2129,493,65,34.9715853953429,0,0.712071395021137,0.32258064516129,0.407308207384733,0.768986712911249,0,235.5,335.5
2022,REG,00-0031382,J.Landry,Jarvis Landry,WR,WR,"https://static.www.nfl.com/image/private/f_auto,q_auto/league/w2q9uwsjvgadwyvnvopb",9,NO,0,0,0,0,0,0,0,0,0,0,0,0,,0,,,0,0,0,0,0,0,,0,25,39,272,1,0,0,374,61,12,-8.79434262467798,1,0.727272727272727,0.143911439114391,0.136098981077147,0.31113644542559,0,35.2,60.2
2022,REG,00-0031384,R.Rodgers,Richard Rodgers,TE,TE,"https://static.www.nfl.com/image/private/f_auto,q_auto/league/l9zei9dkcmbml3q1nshk",3,LAC,0,0,0,0,0,0,0,0,0,0,0,0,,0,,,0,0,0,0,0,0,,0,1,4,4,0,0,0,-4,3,0,-2.89015699896845,0,0.0,0.0357142857142857,-0.0059171597633136,0.049429416737109,0,0.4,1.4
2022,REG,00-0031408,M.Evans,Mike Evans,WR,WR,"https://static.www.nfl.com/image/private/f_auto,q_auto/league/w6eq27k2xs8vawwgkzbl",15,TB,0,0,0,0,0,0,0,0,0,0,0,0,,0,,,0,0,0,0,0,0,,0,77,127,1124,6,0,0,1677,216,52,27.0382981927542,0,0.670244484197973,0.195084485407066,0.363380281690141,0.546992925293698,0,148.4,225.4
2022,REG,00-0031428,A.Robinson,Allen Robinson,WR,WR,"https://static.www.nfl.com/image/private/f_auto,q_auto/league/tucplhxtb3c626iekuzv",10,LA,0,0,0,0,0,0,0,0,0,0,0,0,,0,,,0,0,0,0,0,0,,0,33,52,339,3,0,0,502,71,23,9.00320497282046,0,0.675298804780876,0.151162790697674,0.213526159081242,0.376212497403381,0,51.9,84.9
2022,REG,00-0031484,C.Manhertz,Chris Manhertz,TE,TE,"https://static.www.nfl.com/image/private/f_auto,q_auto/league/r645ts6owoqbjuxbzgdl",6,JAX,0,0,0,0,0,0,0,0,0,0,0,0,,0,,,0,0,0,0,0,0,,0,6,8,42,0,0,0,21,35,2,-0.692976174643263,0,2.0,0.0402010050251256,0.0142083897158322,0.070247380338771,0,4.2,10.2
2022,REG,00-0031503,J.Winston,Jameis Winston,QB,QB,"https://static.www.nfl.com/image/private/f_auto,q_auto/league/eupdyd3zccjeoloqmyfl",3,NO,73,115,858,4,5,11,74,1,0,1315,202,35,-7.01292297735435,1,0.652471482889734,0.0541418281926514,5,16,0,2,0,0,-3.21933071827516,0,0,0,0,0,0,0,0,0,0,,0,,,,,0,43.92,43.92
2022,REG,00-0031544,A.Cooper,Amari Cooper,WR,WR,"https://static.www.nfl.com/image/private/f_auto,q_auto/league/zibbxjtein7gpu5zgcj4",17,CLE,0,1,0,0,1,0,0,0,0,18,0,0,-4.98050244455226,0,0.0,,0,0,0,0,0,0,,0,78,132,1160,9,0,0,1642,299,61,53.4649870408271,0,0.706455542021925,0.260355029585799,0.393670582594102,0.66610195219457,0,168.0,246.0
2022,REG,00-0031545,K.White,Kevin White,WR,WR,"https://static.www.nfl.com/image/private/f_auto,q_auto/league/u6jclvrydlw6amytmylq",4,NO,0,0,0,0,0,0,0,0,0,0,0,0,,0,,,0,0,0,0,0,0,,0,2,5,74,0,0,0,91,68,2,2.51382260350511,0,0.813186813186813,0.037593984962406,0.0831050228310502,0.114564493425344,0,7.4,9.4
2022,REG,00-0031547,D.Parker,DeVante Parker,WR,WR,"https://static.www.nfl.com/image/private/f_auto,q_auto/league/beuyfjou6kckaoqqpa96",12,NE,0,0,0,0,0,0,0,0,0,0,0,0,,0,,,0,0,0,0,0,0,,0,31,47,539,3,0,0,745,105,25,15.6475410945633,0,0.723489932885906,0.125333333333333,0.269536903039074,0.376675832127352,0,71.9,102.9
2022,REG,00-0031549,N.Agholor,Nelson Agholor,WR,WR,"https://static.www.nfl.com/image/private/f_auto,q_auto/league/lfc8g0z3wmxowwggvzqh",14,NE,0,0,0,0,0,0,0,0,0,0,0,0,,0,,,0,0,0,0,0,0,,0,31,53,362,2,2,2,653,147,12,-12.4919073055488,0,0.554364471669219,0.124121779859485,0.195275119617225,0.322875253521285,0,44.2,75.2
2022,REG,00-0031558,M.Williams,Maxx Williams,TE,TE,"https://static.www.nfl.com/image/private/f_auto,q_auto/league/p0j7ax3rqhrzn5nvmc06",2,ARI,0,0,0,0,0,0,0,0,0,0,0,0,,0,,,0,0,0,0,0,0,,0,3,3,18,0,0,0,12,6,0,0.730635493062437,0,1.5,0.038961038961039,0.0243407707910751,0.075480097995311,0,1.8,4.8
2022,REG,00-0031585,M.Pruitt,MyCole Pruitt,TE,TE,"https://static.www.nfl.com/image/private/f_auto,q_auto/league/okk2t3ngao7qszoxxcph",10,ATL,0,0,0,0,0,0,0,0,0,0,0,0,,0,,,0,0,0,0,0,0,,0,16,21,150,4,0,0,118,75,10,8.15061607002281,0,1.27118644067797,0.0867768595041322,0.0514834205933682,0.166203683671556,0,39.0,55.0
2022,REG,00-0031588,S.Diggs,Stefon Diggs,WR,WR,"https://static.www.nfl.com/image/private/f_auto,q_auto/league/zf6nbnzcfzu4y7yq2nzk",16,BUF,0,0,0,0,0,0,0,0,0,0,0,0,,0,,,1,-3,0,0,0,0,-1.29241677233949,0,108,154,1429,11,1,0,1729,419,72,75.1044146093881,0,0.826489300173511,0.279491833030853,0.340086546026751,0.657298331765005,0,208.6,316.6
2022,REG,00-0031595,M.Burton,Michael Burton,FB,RB,"https://static.www.nfl.com/image/private/f_auto,q_auto/league/y8chssh9pcuzv5uc7nai",6,KC,0,0,0,0,0,0,0,0,0,0,0,0,,0,,,5,7,0,0,0,2,-1.92521958879661,0,2,3,11,0,0,0,-2,8,0,-0.258165967301466,0,-5.5,0.0229007633587786,-0.0022962112514351,0.0327437971621634,0,1.8,3.8
2022,REG,00-0031610,D.Waller,Darren Waller,TE,TE,"https://static.www.nfl.com/image/private/f_auto,q_auto/league/qqzht46a66zbi9xyylf4",8,LV,0,0,0,0,0,0,0,0,0,0,0,0,,0,,,0,0,0,0,0,0,,0,28,43,388,3,0,0,577,80,18,5.84636566111911,0,0.672443674176776,0.157509157509158,0.223730127956572,0.392874825833337,0,56.8,84.8
2022,REG,00-0031687,R.Mostert,Raheem Mostert,RB,RB,"https://static.www.nfl.com/image/private/f_auto,q_auto/league/jt7n28bmkyobsxmdbvqu",16,MIA,0,0,0,0,0,0,0,0,0,0,0,0,,0,,,181,891,3,1,1,44,-0.987838224333245,0,31,42,202,2,0,0,48,179,11,1.435230348602,0,4.20833333333333,0.0857142857142857,0.010919017288444,0.136214740673339,0,137.3,168.3
2022,REG,00-0031690,E.Tomlinson,Eric Tomlinson,TE,TE,"https://static.www.nfl.com/image/private/f_auto,q_auto/league/swiwooxium4wmas8wq4c",8,DEN,0,0,0,0,0,0,0,0,0,0,0,0,,0,,,0,0,0,0,0,0,,0,9,13,79,2,0,0,59,44,5,7.26234272727743,0,1.33898305084746,0.0465949820788531,0.0245016611295681,0.0870436359089772,0,19.9,28.9
2022,REG,00-0031763,D.Carter,DeAndre Carter,WR,WR,"https://static.www.nfl.com/image/private/f_auto,q_auto/league/mh4cvggohuakwwhobzrk",16,LAC,0,0,0,0,0,0,0,0,0,0,0,0,,0,,,2,-15,0,0,0,0,-3.10777262493502,0,46,65,538,3,1,1,576,206,29,13.8149239353843,0,0.934027777777778,0.0989345509893455,0.140556368960469,0.246791284756346,0,68.3,114.3
2022,REG,00-0031787,J.Kumerow,Jake Kumerow,WR,WR,"https://static.www.nfl.com/image/private/f_auto,q_auto/league/lrfqprrjgaeaicqsd0f9",4,BUF,0,0,0,0,0,0,0,0,0,0,0,0,,0,,,0,0,0,0,0,0,,0,4,7,64,0,0,0,90,17,4,2.8402738700388,0,0.711111111111111,0.0454545454545455,0.0664697193500739,0.11471062172687,0,6.4,10.4
2022,REG,00-0031800,T.Heinicke,Taylor Heinicke,QB,QB,"https://static.www.nfl.com/image/private/f_auto,q_auto/league/r9uju522lkr3sq3vwgft",9,WAS,161,259,1859,12,6,19,141,6,5,2146,772,93,-12.7109937517172,0,0.866262814538677,0.0545112650490269,28,96,1,1,0,6,-4.39168699807487,0,0,0,0,0,0,0,0,0,0,,0,,,,,0,115.96,115.96
2022,REG,00-0031806,M.Brown,Malcolm Brown,RB,RB,"https://static.www.nfl.com/image/private/f_auto,q_auto/league/zxnjheichwlnvvu5qdyl",7,LA,0,0,0,0,0,0,0,0,0,0,0,0,,0,,,18,81,1,0,0,3,-0.493505536956112,0,5,6,37,0,0,0,-2,37,2,1.21742315857621,0,-18.5,0.0431654676258993,-0.0023201856148491,0.0631240715084545,0,17.8,22.8
2022,REG,00-0031868,D.Byrd,Damiere Byrd,WR,WR,"https://static.www.nfl.com/image/private/f_auto,q_auto/league/cskulleqxehtrgkqsl3u",12,ATL,0,0,0,0,0,0,0,0,0,0,0,0,,0,,,0,0,0,0,0,0,,0,13,23,268,2,0,0,468,105,9,7.55848043691367,0,0.572649572649573,0.0804195804195804,0.180069257406695,0.246677850814057,0,38.8,51.8
2022,REG,00-0031941,J.Crowder,Jamison Crowder,WR,WR,"https://static.www.nfl.com/image/private/f_auto,q_auto/league/glmuevjuy3coqf1t3rqj",4,BUF,0,0,0,0,0,0,0,0,0,0,0,0,,0,,,0,0,0,0,0,0,,0,6,13,60,0,0,0,121,30,4,-1.09648315241793,0,0.495867768595041,0.0807453416149068,0.108910891089109,0.197355636184737,0,6.0,12.0
2022,REG,00-0032054,B.Perriman,Breshad Perriman,WR,WR,"https://static.www.nfl.com/image/private/f_auto,q_auto/league/zpwov1n42bi5lsqdlxhh",8,TB,0,0,0,0,0,0,0,0,0,0,0,0,,0,,,2,-7,0,1,0,0,-3.58613551943563,0,9,19,110,1,1,1,269,52,5,-2.42569567066368,0,0.408921933085502,0.0614886731391586,0.121280432822363,0.177129312684392,0,14.3,23.3
2022,REG,00-0032058,T.Coleman,Tevin Coleman,RB,RB,"https://static.www.nfl.com/image/private/f_auto,q_auto/league/wiu4r7bvhcafs9vamqc",2,SF,0,0,0,0,0,0,0,0,0,0,0,0,,0,,,12,26,1,0,0,2,-6.32914067406091,0,3,3,44,1,0,0,24,20,2,5.23090341221541,0,1.83333333333333,0.1,0.104347826086957,0.22304347826087,0,19.0,22.0
2022,REG,00-0032062,B.Bell,Blake Bell,TE,TE,"https://static.www.nfl.com/image/private/f_auto,q_auto/league/eqrmmjto8koqqc9j2kjj",2,KC,0,0,0,0,0,0,0,0,0,0,0,0,,0,,,0,0,0,0,0,0,,0,2,2,20,1,0,0,12,8,1,1.83689820714062,0,1.66666666666667,0.0307692307692308,0.0387096774193548,0.0732506203473946,0,8.0,10.0
2022,REG,00-0032063,M.Davis,Mike Davis,RB,RB,"https://static.www.nfl.com/image/private/f_auto,q_auto/league/csrqinegeyunycijua2q",5,BAL,0,0,0,0,0,0,0,0,0,0,0,0,,0,,,8,18,0,1,0,1,-2.99710205767769,0,2,2,4,0,0,0,-7,11,0,-1.04041778226383,0,-0.571428571428571,0.037037037037037,-0.0196629213483146,0.0417915106117353,0,2.2,4.2
2022,REG,00-0032104,A.Abdullah,Ameer Abdullah,RB,RB,"https://static.www.nfl.com/image/private/f_auto,q_auto/league/cvjebibvlvv8bclqyc8a",13,LV,0,0,0,0,0,0,0,0,0,0,0,0,,0,,,4,20,0,0,0,2,-0.311809271416516,0,25,32,211,1,0,0,95,195,8,-1.78385341972612,0,2.22105263157895,0.0747663551401869,0.0240141557128413,0.128959441709269,0,29.1,54.1
2022,REG,00-0032128,C.Conley,Chris Conley,WR,WR,"https://static.www.nfl.com/image/private/f_auto,q_auto/league/wddhtkz5tmo47x5s3qnq",4,TEN,0,0,0,0,0,0,0,0,0,0,0,0,,0,,,0,0,0,0,0,0,,0,4,7,46,0,0,0,87,3,2,0.425145412911661,0,0.528735632183908,0.0619469026548673,0.0936490850376749,0.158474713508673,0,4.6,8.6
2022,REG,00-0032134,C.Uzomah,C.J. Uzomah,TE,TE,"https://static.www.nfl.com/image/private/f_auto,q_auto/league/hnkflpl5pzbfbdvtcv1c",12,NYJ,0,0,0,0,0,0,0,0,0,0,0,0,,0,,,0,0,0,0,0,0,,0,21,27,232,2,0,0,196,105,10,11.2493308015983,0,1.18367346938776,0.0669975186104218,0.0564516129032258,0.140012406947891,0,35.2,56.2
2022,REG,00-0032141,G.Swaim,Geoff Swaim,TE,TE,"https://static.www.nfl.com/image/upload/f_auto,q_auto/league/hx9yaocl4a6owbwaqajy",11,TEN,0,0,0,0,0,0,0,0,0,0,0,0,,0,,,0,0,0,0,0,0,,0,12,16,58,1,0,0,34,43,4,-1.83233407067019,0,1.70588235294118,0.0521172638436482,0.0155891792755617,0.0890883212583655,0,11.8,23.8
2022,REG,00-0032144,M.Gordon,Melvin Gordon,RB,RB,"https://static.www.nfl.com/image/private/f_auto,q_auto/league/i4g8x7yotpgszlyanow0",10,DEN,0,0,0,0,0,0,0,0,0,0,0,0,,0,,,90,318,2,4,2,15,-29.6152288955781,0,25,32,223,0,1,0,23,206,11,1.00037961599717,0,9.69565217391304,0.105960264900662,0.0083363537513591,0.164775844976945,0,62.1,87.1
2022,REG,00-0032156,T.Siemian,Trevor Siemian,QB,QB,"https://static.www.nfl.com/image/private/f_auto,q_auto/league/vmksfbms9zefxezf39sb",2,CHI,15,26,184,1,1,2,14,0,0,171,116,7,-7.15439133248344,0,1.07602339181287,-0.0037520593494666,4,8,0,0,0,1,-0.866518765920773,0,0,0,0,0,0,0,0,0,0,,0,,,,,0,10.16,10.16
2022,REG,00-0032187,D.Johnson,David Johnson,RB,RB,"https://static.www.nfl.com/image/private/f_auto,q_auto/league/y7dtsyyjnoafefkbylbb",4,NO,0,0,0,0,0,0,0,0,0,0,0,0,,0,,,12,24,0,1,1,0,-9.87764541426441,0,4,4,47,0,0,0,1,46,3,4.50000761065166,0,47.0,0.0606060606060606,0.0018315018315018,0.0921911421911422,0,5.1,9.1
2022,REG,00-0032200,T.Montgomery,Ty Montgomery,WR,WR,"https://static.www.nfl.com/image/private/f_auto,q_auto/league/eagn4fvhnc9cp3wxeqoz",1,NE,0,0,0,0,0,0,0,0,0,0,0,0,,0,,,2,-2,0,0,0,0,-3.09117927588522,0,3,4,15,1,0,0,13,7,1,2.18084644415649,0,1.15384615384615,0.133333333333333,0.0465949820788531,0.232616487455197,0,7.3,10.3
2022,REG,00-0032208,P.Dorsett,Phillip Dorsett,WR,WR,"https://static.www.nfl.com/image/private/f_auto,q_auto/league/g69i8oxbeeqpjz5kvoqo",14,HOU,0,1,0,0,0,0,0,0,0,12,0,0,-0.536111096618697,0,0.0,,0,0,0,0,0,0,,0,20,40,257,1,0,0,445,62,11,-3.7097915057485,0,0.577528089887641,0.0871459694989107,0.133113969488483,0.223898732890304,0,31.7,51.7
2022,REG,00-0032211,T.Lockett,Tyler Lockett,WR,WR,"https://static.www.nfl.com/image/private/f_auto,q_auto/league/f9wttnkcqc2scahf9oth",16,SEA,0,0,0,0,0,0,0,0,0,0,0,0,,0,,,0,0,0,0,0,0,,0,84,117,1033,9,1,1,1242,272,50,38.2528815277913,0,0.831723027375201,0.227184466019417,0.309802943377401,0.557638759393307,0,155.3,239.3
2022,REG,00-0032214,T.Kroft,Tyler Kroft,TE,TE,"https://static.www.nfl.com/image/private/f_auto,q_auto/league/ztko1uhl01ebiutefibj",4,SF,0,0,0,0,0,0,0,0,0,0,0,0,,0,,,0,0,0,0,0,0,,0,4,5,57,0,0,0,70,14,2,2.7225315925898,0,0.814285714285714,0.0423728813559322,0.0875,0.124809322033898,0,5.7,9.7
2022,REG,00-0032257,D.Johnson,Duke Johnson,RB,RB,"https://static.www.nfl.com/image/private/f_auto,q_auto/league/hf7lxjjesduggqdfktsg",1,BUF,0,0,0,0,0,0,0,0,0,0,0,0,,0,,,2,4,0,0,0,1,-0.967043306212872,0,0,0,0,0,0,0,0,0,0,,0,,,,,0,0.4,0.4
2022,REG,00-0032268,M.Mariota,Marcus Mariota,QB,QB,"https://static.www.nfl.com/image/private/f_auto,q_auto/league/dpbdwpmpd9vht8hzqqq6",13,ATL,184,300,2219,15,9,28,195,4,1,3093,912,111,6.05363550723857,2,0.71742644681539,0.0716381997332327,85,438,4,4,2,30,9.89377344716922,0,0,0,0,0,0,0,0,0,0,,0,,,,,0,196.56,196.56
2022,REG,00-0032385,S.Shepard,Sterling Shepard,WR,WR,"https://static.www.nfl.com/image/private/f_auto,q_auto/league/qbsz1nkk6lnudmcwimer",3,NYG,0,0,0,0,0,0,0,0,0,0,0,0,,0,,,0,0,0,0,0,0,,0,13,24,154,1,0,0,225,55,4,-3.12675365246259,0,0.684444444444444,0.282352941176471,0.422932330827068,0.719582043343653,0,21.4,34.4
2022,REG,00-0032392,A.Hooper,Austin Hooper,TE,TE,"https://static.www.nfl.com/image/private/f_auto,q_auto/league/jp2z8s6pcanbitupycwc",17,TEN,0,0,0,0,0,0,0,0,0,0,0,0,,0,,,0,0,0,0,0,0,,0,41,60,444,2,0,0,480,130,28,26.1507010481437,0,0.925,0.137614678899083,0.143497757847534,0.306870448841897,0,56.4,97.4
2022,REG,00-0032394,N.Vannett,Nick Vannett,TE,TE,"https://static.www.nfl.com/image/private/f_auto,q_auto/league/cccwwxb6tvsfhm3ylqul",5,NYG,0,0,0,0,0,0,0,0,0,0,0,0,,0,,,0,0,0,0,0,0,,0,6,9,55,0,0,0,31,32,1,1.29159545726725,0,1.7741935483871,0.0532544378698225,0.0270034843205575,0.098784095829124,0,5.5,11.5
2022,REG,00-0032398,C.Moore,Chris Moore,WR,WR,"https://static.www.nfl.com/image/private/f_auto,q_auto/league/tov68mj1pddkbfsfuajn",15,HOU,0,0,0,0,0,0,0,0,0,0,0,0,,0,,,3,3,0,0,0,0,-1.94801061437465,0,48,74,548,2,0,0,639,267,24,7.1283274100244,0,0.857589984350548,0.146825396825397,0.170127795527157,0.339327552107105,0,67.1,115.1
2022,REG,00-0032434,B.Allen,Brandon Allen,QB,QB,"https://static.www.nfl.com/image/private/f_auto,q_auto/league/bru1tv2adumstssu7bqw",1,CIN,3,3,22,0,0,1,0,0,0,10,12,1,-0.688253925150088,0,2.2,,3,-1,0,0,0,1,0.4678962926846,0,0,0,0,0,0,0,0,0,0,,0,,,,,0,0.78,0.78
2022,REG,00-0032436,J.Driskel,Jeff Driskel,QB,QB,"https://static.www.nfl.com/image/private/f_auto,q_auto/league/vs04xemcmwboamd8fpas",7,HOU,14,20,108,1,0,2,13,0,0,45,79,5,-2.01134103001095,0,2.4,0.0045604709491597,20,75,0,0,0,4,-9.0451984051615,0,1,1,4,0,0,0,-3,7,0,-0.106663251994178,0,0.0,0.0344827586206897,-0.0104166666666667,0.0444324712643678,0,16.22,17.22
2022,REG,00-0032437,K.Grugier-Hill,Kamu Grugier-Hill,ILB,LB,"https://static.www.nfl.com/image/private/f_auto,q_auto/league/xwbgovhlzpkahi8bxbkr",1,ARI,0,0,0,0,0,0,0,0,0,0,0,0,,0,,,0,0,0,0,0,0,,0,1,1,4,0,0,0,0,4,1,2.86447695572861,0,0.0,0.0238095238095238,,,0,0.4,1.4
2022,REG,00-0032450,D.Washington,Dwayne Washington,RB,RB,"https://static.www.nfl.com/image/private/f_auto,q_auto/league/h1nintlpbk2zyxerjpy4",3,NO,0,0,0,0,0,0,0,0,0,0,0,0,,0,,,11,38,0,0,0,2,-3.34099882701412,0,1,1,7,0,0,0,1,6,0,0.539168989285827,0,7.0,0.0357142857142857,0.0051546391752577,0.057179675994109,0,4.5,5.5
2022,REG,00-0032464,K.Raymond,Kalif Raymond,WR,WR,"https://static.www.nfl.com/image/private/f_auto,q_auto/league/q2kahfn76dnnb1uxxorv",16,DET,0,0,0,0,0,0,0,0,0,0,0,0,,0,,,7,36,0,0,0,4,2.29914031043882,0,47,64,616,0,1,1,638,218,24,21.0215312392559,0,0.96551724137931,0.120982986767486,0.171045576407507,0.301206383636483,1,69.2,116.2
2022,REG,00-0032496,M.Farley,Matthias Farley,FS,DB,"https://static.www.nfl.com/image/private/f_auto,q_auto/league/yz4nj2cu0emfjudr3ofz",1,LV,0,0,0,0,0,0,0,0,0,0,0,0,,0,,,1,-3,0,0,0,0,-4.07862847321667,0,0,0,0,0,0,0,0,0,0,,0,,,,,0,-0.3,-0.3
2022,REG,00-0032602,J.McKissic,J.D. McKissic,RB,RB,"https://static.www.nfl.com/image/private/f_auto,q_auto/league/zi77vkqwrmklt5ic6lc6",8,WAS,0,0,0,0,0,0,0,0,0,0,0,0,,0,,,22,95,0,0,0,5,-3.98311869439203,0,27,40,173,0,0,0,50,152,7,-17.9022390917114,1,3.46,0.138888888888889,0.0229673863114378,0.22441050375134,0,28.8,55.8
2022,REG,00-0032688,R.Chosen,Robbie Chosen,WR,WR,"https://static.www.nfl.com/image/private/f_auto,q_auto/league/hkcncqfwusv19fah3mbt",12,ARI,0,0,0,0,0,0,0,0,0,0,0,0,,0,,,0,0,0,0,0,0,,0,20,44,282,1,1,1,625,92,10,-7.14459592348423,0,0.4512,0.110275689223058,0.210154673839946,0.312521805522549,0,32.2,52.2
2022,REG,00-0032725,S.Anderson,Stephen Anderson,TE,TE,"https://static.www.nfl.com/image/private/f_auto,q_auto/league/inufsxftnotmpeot1lh2",5,ARI,0,0,0,0,0,0,0,0,0,0,0,0,,0,,,0,0,0,0,0,0,,0,3,7,9,0,0,0,36,6,0,-3.2955367397517,0,0.25,0.0338164251207729,0.0330578512396694,0.073865133548928,0,0.9,3.9
2022,REG,00-0032764,D.Henry,Derrick Henry,RB,RB,"https://static.www.nfl.com/image/private/f_auto,q_auto/league/xpewyoieoj7zeub4fvff",16,TEN,2,2,4,1,0,0,0,0,0,-1,5,1,0.466456600755919,0,0.0,,349,1538,13,4,2,65,-22.3112961681327,0,33,41,398,0,2,1,-7,397,11,14.1242161252085,0,-56.8571428571429,0.113259668508287,-0.0028432168968318,0.167899250934649,0,269.76,302.76
2022,REG,00-0032765,M.Thomas,Michael Thomas,WR,WR,"https://static.www.nfl.com/image/private/f_auto,q_auto/league/sxldsbuw65hfmkzqhw96",3,NO,0,0,0,0,0,0,0,0,0,0,0,0,,0,,,0,0,0,0,0,0,,0,16,22,171,3,0,0,237,21,13,16.6963073176448,0,0.721518987341772,0.198198198198198,0.183720930232558,0.425901948460088,0,35.1,51.1
2022,REG,00-0032775,D.Robinson,Demarcus Robinson,WR,WR,"https://static.www.nfl.com/image/private/f_auto,q_auto/league/ceqqkylismka583qo9kk",16,BAL,0,0,0,0,0,0,0,0,0,0,0,0,,0,,,0,0,0,0,0,0,,0,48,75,458,2,2,1,676,150,23,3.59860045872244,0,0.677514792899408,0.167037861915368,0.178883302460969,0.375775104595729,0,55.8,103.8
2022,REG,00-0032780,J.Howard,Jordan Howard,RB,RB,"https://static.www.nfl.com/image/private/f_auto,q_auto/league/nbvb6bsrmjupmqrrf1n4",1,NO,0,0,0,0,0,0,0,0,0,0,0,0,,0,,,1,1,0,0,0,0,-0.476197482086718,0,0,0,0,0,0,0,0,0,0,,0,,,,,0,0.1,0.1
2022,REG,00-0032792,N.Sudfeld,Nate Sudfeld,QB,QB,"https://static.www.nfl.com/image/private/f_auto,q_auto/league/it5e3w2ufgfp7sc5wgo2",2,DET,0,0,0,0,0,1,7,0,0,0,0,0,-0.898727806800917,0,,,5,-4,0,0,0,0,-3.48128269147128,0,0,0,0,0,0,0,0,0,0,,0,,,,,0,-0.4,-0.4
2022,REG,00-0032807,C.Fejedelem,Clayton Fejedelem,SS,DB,"https://static.www.nfl.com/image/private/f_auto,q_auto/league/mlxzah8tensxhgwc7z3x",1,MIA,0,0,0,0,0,0,0,0,0,0,0,0,,0,,,1,0,0,0,0,0,-3.7733009463409,0,0,0,0,0,0,0,0,0,0,,0,,,,,0,0.0,0.0
2022,REG,00-0032897,D.Watt,Derek Watt,FB,RB,"https://static.www.nfl.com/image/private/f_auto,q_auto/league/jrhk6npb7u3tmgzt7rwn",10,PIT,0,0,0,0,0,0,0,0,0,0,0,0,,0,,,9,21,1,0,0,8,2.38827717225649,0,5,5,11,1,0,0,7,4,1,1.58896583685419,0,1.57142857142857,0.0342465753424658,0.0069375619425173,0.0562261563734608,0,15.2,20.2
2022,REG,00-0032918,C.Ham,C.J. Ham,FB,RB,"https://static.www.nfl.com/image/private/f_auto,q_auto/league/oyy0xpxazac9lbt7z8zm",9,MIN,0,0,0,0,0,0,0,0,0,0,0,0,,0,,,4,7,2,0,0,3,1.08524454693543,0,10,12,86,0,0,0,63,56,7,5.69074236450251,0,1.36507936507937,0.0434782608695652,0.0284296028880866,0.0851181133260085,0,21.3,31.3
2022,REG,00-0032943,R.Dixon,Riley Dixon,P,SPEC,"https://static.www.nfl.com/image/private/f_auto,q_auto/league/qummyltudg8zskn0si4v",2,LA,2,2,18,0,0,0,0,0,0,10,8,2,5.38675398379564,0,1.8,,0,0,0,0,0,0,,0,0,0,0,0,0,0,0,0,0,,0,,,,,0,0.72,0.72
2022,REG,00-0032950,C.Wentz,Carson Wentz,QB,QB,"https://static.www.nfl.com/image/private/f_auto,q_auto/league/indtay8ngoq8ubhhydbp",8,WAS,172,276,1755,11,9,26,159,4,1,2147,826,85,-37.292652139748,2,0.817419655333023,0.0100313623946619,22,86,1,2,0,4,6.07498571026905,0,0,0,0,0,0,0,0,0,0,,0,,,,,0,112.8,112.8
2022,REG,00-0032951,L.Treadwell,Laquon Treadwell,WR,WR,"https://static.www.nfl.com/image/private/f_auto,q_auto/league/k5zobcutuqqnd1cxqplo",3,SEA,0,0,0,0,0,0,0,0,0,0,0,0,,0,,,0,0,0,0,0,0,,0,6,10,42,0,0,0,52,11,3,-3.09943167955498,0,0.807692307692308,0.0970873786407767,0.0656565656565657,0.191590663920761,0,4.2,10.2
2022,REG,00-0032958,W.Parks,Will Parks,FS,DB,"https://static.www.nfl.com/image/private/f_auto,q_auto/league/lfhinmy4ca72xl7c9ead",1,NYJ,0,0,0,0,0,0,0,0,0,0,0,0,,0,,,0,0,0,0,0,0,,0,0,0,0,0,0,0,0,0,0,,0,,,,,1,6.0,6.0
2022,REG,00-0032975,J.Williams,Jonathan Williams,RB,RB,"https://static.www.nfl.com/image/private/f_auto,q_auto/league/dnlboggtjcflj9fxauub",7,WAS,0,0,0,0,0,0,0,0,0,0,0,0,,0,,,37,152,0,0,0,6,-7.74118973047007,0,7,10,40,0,0,0,-1,38,2,-2.86584090021185,0,-40.0,0.125,-0.0014164305949008,0.186508498583569,0,19.2,26.2
2022,REG,00-0032980,M.Johnson,Marcus Johnson,WR,WR,"https://static.www.nfl.com/image/private/f_auto,q_auto/league/pwq2yi4ewqtsx6buynay",5,NYG,0,0,0,0,0,0,0,0,0,0,0,0,,0,,,0,0,0,0,0,0,,0,9,22,99,0,0,0,233,36,6,-5.16558783632354,0,0.424892703862661,0.147651006711409,0.241701244813278,0.390667381436409,0,9.9,18.9
2022,REG,00-0033009,T.Boyd,Tyler Boyd,WR,WR,"https://static.www.nfl.com/image/private/f_auto,q_auto/league/vconwllovf9jqxpu9mow",16,CIN,1,1,23,0,0,1,12,0,0,21,2,1,0.607288444065489,0,1.0952380952381,,0,0,0,0,0,0,,0,58,82,762,5,0,0,755,249,41,29.8316202058335,1,1.00927152317881,0.138047138047138,0.182543520309478,0.334851171287342,0,109.12,167.12
2022,REG,00-0033040,T.Hill,Tyreek Hill,WR,WR,"https://static.www.nfl.com/image/private/f_auto,q_auto/league/lsszbdnkusxc7mduw5be",17,MIA,0,0,0,0,0,0,0,0,0,0,0,0,,0,,,7,32,1,0,0,3,2.02702156826854,0,119,170,1710,7,1,0,2107,482,77,64.0624374576112,0,0.811580446131941,0.302491103202847,0.402099236641221,0.735206120453126,0,222.2,341.2
2022,REG,00-0033045,E.Elliott,Ezekiel Elliott,RB,RB,"https://static.www.nfl.com/image/upload/f_auto,q_auto/league/qf0zgze0wkbvu9rlvolf",15,DAL,0,0,0,0,0,0,0,0,0,0,0,0,,0,,,231,876,12,0,0,52,-11.6996988604518,0,17,23,92,0,0,0,0,88,4,-3.67946420155931,0,0.0,0.0585241730279898,0.0,0.0877862595419848,0,168.8,185.8
2022,REG,00-0033057,J.Conklin,Jack Conklin,T,OL,"https://static.www.nfl.com/image/private/f_auto,q_auto/league/tg2hruqbauvko19mhttj",1,CLE,0,0,0,0,0,0,0,0,0,0,0,0,,0,,,0,0,0,0,0,0,,0,0,1,0,0,0,0,-9,0,0,-1.5234388965182,0,0.0,0.0625,-0.0865384615384615,0.0331730769230769,0,0.0,0.0
2022,REG,00-0033077,D.Prescott,Dak Prescott,QB,QB,"https://static.www.nfl.com/image/private/f_auto,q_auto/league/knx0jxponzfkusnyvjkn",12,DAL,261,394,2860,23,15,20,126,3,0,3223,1212,142,42.084686123318,0,0.887372013651877,0.112468454813655,45,182,1,1,1,19,5.52394867880503,0,0,0,0,0,0,0,0,0,0,,0,,,,,0,198.6,198.6
2022,REG,00-0033090,H.Henry,Hunter Henry,TE,TE,"https://static.www.nfl.com/image/private/f_auto,q_auto/league/sdjob9akppefyo7py5tj",16,NE,0,0,0,0,0,0,0,0,0,0,0,0,,0,,,0,0,0,0,0,0,,0,41,59,509,2,0,0,454,203,23,13.6645983299493,0,1.12114537444934,0.121149897330596,0.122769064359113,0.267663191047272,0,62.9,103.9
2022,REG,00-0033106,J.Goff,Jared Goff,QB,QB,"https://static.www.nfl.com/image/private/f_auto,q_auto/league/nyitt4ybuzopzjzddafi",17,DET,382,587,4438,29,7,23,156,5,3,4129,2285,227,100.964675717449,1,1.07483652216033,0.108264963502557,29,73,0,2,1,5,-17.0933180844877,1,1,1,5,0,0,0,-4,9,0,-0.100160441885237,0,0.0,0.027027027027027,-0.0149812734082397,0.0300536491547728,0,283.32,284.32
2022,REG,00-0033110,T.Higbee,Tyler Higbee,TE,TE,"https://static.www.nfl.com/image/private/f_auto,q_auto/league/vk9c6lr4d1pdt9sr86ua",16,LA,0,0,0,0,0,0,0,0,0,0,0,0,,0,,,0,0,0,0,0,0,,0,72,108,620,3,0,0,327,404,32,4.88517885854043,0,1.8960244648318,0.219066937119675,0.0989110707803993,0.397838155225793,0,80.0,152.0
2022,REG,00-0033111,P.Cooper,Pharoh Cooper,WR,WR,"https://static.www.nfl.com/image/private/f_auto,q_auto/league/mnsqfcfqiehw5aocr1lg",2,ARI,0,0,0,0,0,0,0,0,0,0,0,0,,0,,,4,15,0,0,0,0,-0.493627122545149,0,2,2,6,0,0,0,-6,12,0,-0.779109605588019,0,0.0,0.0740740740740741,-0.0333333333333333,0.0877777777777778,0,2.1,4.1
2022,REG,00-0033114,M.Thomas,Mike Thomas,WR,WR,"https://static.www.nfl.com/image/private/f_auto,q_auto/league/sytj4awk8kseyootqzec",4,CIN,0,0,0,0,0,0,0,0,0,0,0,0,,0,,,0,0,0,0,0,0,,0,2,10,38,0,0,0,122,24,1,-4.9359947583871,1,0.311475409836066,0.0632911392405063,0.124489795918367,0.182079566003617,0,5.8,7.8
2022,REG,00-0033118,K.Drake,Kenyan Drake,RB,RB,"https://static.www.nfl.com/image/private/f_auto,q_auto/league/rp5apwel9vuk49b4lykn",12,BAL,0,0,0,0,0,0,0,0,0,0,0,0,,0,,,109,482,4,1,0,21,-12.4995593839561,0,17,26,89,1,0,0,-16,125,7,-5.92372207028029,0,-5.5625,0.082018927444795,-0.0060744115413819,0.118776303088225,0,87.1,104.1
2022,REG,00-0033119,J.Brissett,Jacoby Brissett,QB,QB,"https://static.www.nfl.com/image/private/f_auto,q_auto/league/wapkj7gxu9waxattqkok",14,CLE,236,369,2608,12,6,24,160,5,3,3221,1063,129,19.6926323235028,0,0.809686432784849,0.104741006127396,49,243,2,1,1,28,19.8364092626725,0,0,0,0,0,0,0,0,0,0,,0,,,,,0,168.62,168.62
2022,REG,00-0033217,M.Alie-Cox,Mo Alie-Cox,TE,TE,"https://static.www.nfl.com/image/private/f_auto,q_auto/league/vaiszuzdtyszme2bkfxv",14,IND,0,0,0,0,0,0,0,0,0,0,0,0,,0,,,0,0,0,0,0,0,,0,19,28,189,3,1,1,151,99,9,-1.58543802159306,0,1.25165562913907,0.0615384615384615,0.0492016943629847,0.126748878361782,0,34.9,53.9
2022,REG,00-0033246,J.Mundt,Johnny Mundt,TE,TE,"https://static.www.nfl.com/image/private/f_auto,q_auto/league/ugqymsoitijokzaup39n",13,MIN,0,0,0,0,0,0,0,0,0,0,0,0,,0,,,0,0,0,0,0,0,,0,19,21,140,1,0,0,29,117,9,5.40324055960347,0,4.82758620689655,0.0433884297520661,0.0124516960068699,0.0737988318329081,0,20.0,39.0
2022,REG,00-0033251,Z.Pascal,Zach Pascal,WR,WR,"https://static.www.nfl.com/image/private/f_auto,q_auto/league/dnb115czpwythbso8avp",12,PHI,0,0,0,0,0,0,0,0,0,0,0,0,,0,,,1,0,0,0,0,0,-3.61139016505331,0,15,19,150,1,0,0,115,86,9,0.302209988003597,0,1.30434782608696,0.0526315789473684,0.0385517934964801,0.105933623868589,0,21.0,36.0
2022,REG,00-0033275,P.Walker,P.J. Walker,QB,QB,"https://static.www.nfl.com/image/private/f_auto,q_auto/league/cmuf0gtzectijxrktpg2",6,CAR,63,106,731,3,3,7,46,0,0,837,408,30,-19.9319120359565,0,0.873357228195938,-0.0178655062982592,6,39,0,0,0,3,1.4318556173821,0,0,0,0,0,0,0,0,0,0,,0,,,,,0,39.14,39.14
2022,REG,00-0033280,C.McCaffrey,Christian McCaffrey,RB,RB,"https://static.www.nfl.com/image/private/f_auto,q_auto/league/navqer4chxxut5povzzw",17,SF,1,1,34,1,0,0,0,0,0,31,3,1,3.77113624417689,0,1.09677419354839,,244,1139,8,1,0,59,3.8951984689226,0,85,108,741,5,0,0,133,695,36,20.5715595995046,0,5.57142857142857,0.214711729622266,0.0409230769230769,0.350713748279553,0,271.36,356.36
2022,REG,00-0033282,C.Samuel,Curtis Samuel,WR,WR,"https://static.www.nfl.com/image/private/f_auto,q_auto/league/r71vsqs2fg7bvbt1jvzd",17,WAS,0,0,0,0,0,0,0,0,0,0,0,0,,0,,,38,187,1,1,1,11,-2.28349388809875,0,64,92,656,4,0,0,615,289,36,25.6837584199335,0,1.06666666666667,0.180746561886051,0.152795031055901,0.378076364568207,0,112.3,176.3
2022,REG,00-0033288,G.Kittle,George Kittle,TE,TE,"https://static.www.nfl.com/image/private/f_auto,q_auto/league/bwx6bvkrxog0yf4h6fw1",15,SF,0,0,0,0,0,0,0,0,0,0,0,0,,0,,,0,0,0,0,0,0,,0,60,86,765,11,1,1,550,386,36,39.6072864568471,0,1.39090909090909,0.18942731277533,0.180268764339561,0.410329104200688,0,140.5,200.5
2022,REG,00-0033292,T.Taylor,Trent Taylor,WR,WR,"https://static.www.nfl.com/image/upload/f_auto,q_auto/league/wmb3t9vro76zykcac2tb",6,CIN,0,0,0,0,0,0,0,0,0,0,0,0,,0,,,4,15,0,0,0,0,-2.15683698910289,0,6,10,62,0,0,0,45,43,1,-0.339048850492868,0,1.37777777777778,0.0591715976331361,0.0391304347826087,0.11614870079753,0,7.7,13.7
2022,REG,00-0033293,A.Jones,Aaron Jones,RB,RB,"https://static.www.nfl.com/image/private/f_auto,q_auto/league/oo8yixhsahh4gznox7th",17,GB,0,0,0,0,0,0,0,0,0,0,0,0,,0,,,213,1121,2,3,1,54,12.0849981251231,0,59,72,395,5,2,2,-16,477,19,-3.31527356533815,1,-24.6875,0.133333333333333,-0.003836010549029,0.19731479261568,0,189.6,248.6
2022,REG,00-0033307,K.Bourne,Kendrick Bourne,WR,WR,"https://static.www.nfl.com/image/private/f_auto,q_auto/league/vrovcaqql9p6xsycko83",16,NE,0,0,0,0,0,0,0,0,0,0,0,0,,0,,,6,39,0,0,0,2,-1.61797055107309,0,35,48,434,1,2,0,493,145,22,13.3774060829416,0,0.880324543610548,0.0979591836734694,0.134589134589135,0.241151169722598,0,53.3,88.3
2022,REG,00-0033308,M.Breida,Matt Breida,RB,RB,"https://static.www.nfl.com/image/private/f_auto,q_auto/league/rc4m1xw0xmtsrxswd0bg",17,NYG,0,0,0,0,0,0,0,0,0,0,0,0,,0,,,54,220,1,0,0,13,0.588876151334262,0,20,25,118,0,0,0,47,100,5,-1.18781893714151,0,2.51063829787234,0.068870523415978,0.0223171889838557,0.118927817412666,0,39.8,59.8
2022,REG,00-0033319,N.Mullens,Nick Mullens,QB,QB,"https://static.www.nfl.com/image/private/f_auto,q_auto/league/ocu10coxszfcauzh406s",4,MIN,21,25,224,1,1,0,0,0,0,170,117,11,12.4374951408125,0,1.31764705882353,0.272799888239892,4,8,0,0,0,1,-0.73016030486906,0,0,0,0,0,0,0,0,0,0,,0,,,,,0,11.76,11.76
2022,REG,00-0033357,T.Hill,Taysom Hill,QB,QB,"https://static.www.nfl.com/image/private/f_auto,q_auto/league/pjp1aahvacigoh0sorpg",16,NO,13,19,240,2,0,2,14,0,0,254,102,11,12.5861815645576,0,0.944881889763779,0.20032052209767,96,575,7,1,0,34,18.0372638438648,0,9,13,77,2,0,0,75,37,5,2.59540246185119,0,1.02666666666667,0.0483271375464684,0.0432775533756492,0.102784993682657,0,136.8,145.8
2022,REG,00-0033367,C.Board,C.J. Board,WR,WR,"https://static.www.nfl.com/image/private/f_auto,q_auto/league/pzshlaz0iihftpmg9imt",1,TEN,0,0,0,0,0,0,0,0,0,0,0,0,,0,,,0,0,0,0,0,0,,0,1,1,6,0,0,0,6,0,0,0.208609085937496,0,1.0,0.04,0.0365853658536585,0.085609756097561,0,0.6,1.6
2022,REG,00-0033376,P.Ricard,Patrick Ricard,FB,RB,"https://static.www.nfl.com/image/private/f_auto,q_auto/league/wfjtva8ytwkmlcehbz4c",12,BAL,0,0,0,0,0,0,0,0,0,0,0,0,,0,,,7,16,0,0,0,5,-3.46921044116607,0,11,13,74,0,0,0,2,72,1,-4.76095370775342,0,37.0,0.0590909090909091,0.0014285714285714,0.0896363636363637,0,9.0,20.0
2022,REG,00-0033386,C.Hollister,Cody Hollister,WR,WR,"https://static.www.nfl.com/image/private/f_auto,q_auto/league/naicfqo1ayh448qi86xq",4,TEN,0,0,0,0,0,0,0,0,0,0,0,0,,0,,,0,0,0,0,0,0,,0,3,5,54,0,0,0,78,8,2,-4.38358808981138,0,0.692307692307692,0.0694444444444445,0.121875,0.189479166666667,0,5.4,8.4
2022,REG,00-0033439,P.Brown,Pharaoh Brown,TE,TE,"https://static.www.nfl.com/image/private/f_auto,q_auto/league/usqdlxj4jpqbtvsgaisk",7,CLE,0,0,0,0,0,0,0,0,0,0,0,0,,0,,,0,0,0,0,0,0,,0,12,20,117,0,0,0,128,83,6,-2.48874561622998,0,0.9140625,0.0833333333333333,0.0607210626185958,0.167504743833017,0,11.7,23.7
2022,REG,00-0033455,A.Firkser,Anthony Firkser,TE,TE,"https://static.www.nfl.com/image/private/f_auto,q_auto/league/rta4x11kt1dt4hifufjq",8,ATL,0,0,0,0,0,0,0,0,0,0,0,0,,0,,,0,0,0,0,0,0,,0,9,13,100,0,0,0,108,20,5,2.51375165889613,0,0.925925925925926,0.0625,0.0517241379310345,0.129956896551724,0,10.0,19.0
2022,REG,00-0033466,I.McKenzie,Isaiah McKenzie,WR,WR,"https://static.www.nfl.com/image/upload/f_auto,q_auto/league/gy6grhpxsegfgklfadte",15,BUF,0,0,0,0,0,0,0,0,0,0,0,0,,0,,,9,55,1,0,0,3,2.85099585144781,0,42,65,423,4,0,0,564,128,27,11.3554871417304,0,0.75,0.12621359223301,0.121761658031088,0.274553548971276,0,77.8,119.8
2022,REG,00-0033526,S.Perine,Samaje Perine,RB,RB,"https://static.www.nfl.com/image/private/f_auto,q_auto/league/kpdo0ztyzhjobhk4p29a",16,CIN,0,0,0,0,0,0,0,0,0,0,0,0,,0,,,95,394,2,0,0,19,-2.97918988867257,0,38,51,287,4,0,0,12,321,11,6.44981152464891,0,23.9166666666667,0.0858585858585859,0.0029013539651837,0.130818826563507,0,104.1,142.1
2022,REG,00-0033536,M.Williams,Mike Williams,WR,WR,"https://static.www.nfl.com/image/private/f_auto,q_auto/league/oaa76gdfwdhaum4b5qkh",13,LAC,0,0,0,0,0,0,0,0,0,0,0,0,,0,,,0,0,0,0,0,0,,0,63,93,895,4,0,0,1111,324,39,31.5843195004104,0,0.805580558055805,0.179883945841393,0.331246273106738,0.501698309936806,0,113.5,176.5
2022,REG,00-0033537,D.Watson,Deshaun Watson,QB,QB,"https://static.www.nfl.com/image/private/f_auto,q_auto/league/otfs2docj6eahaebo5xn",6,CLE,99,170,1102,7,5,20,106,0,0,1214,530,53,-23.8906520442856,0,0.907742998352554,0.0150260704463542,36,175,1,1,0,10,6.22082442569081,0,0,0,0,0,0,0,0,0,0,,0,,,,,0,85.58,85.58
2022,REG,00-0033550,D.Webb,Davis Webb,QB,QB,"https://static.www.nfl.com/image/private/f_auto,q_auto/league/rxvilxbyuvwvorzzxhxf",1,NYG,23,40,168,1,0,0,0,0,0,204,76,11,-1.51632553584138,0,0.823529411764706,0.0486251119559048,6,41,1,0,0,2,6.87574309034972,0,0,0,0,0,0,0,0,0,0,,0,,,,,0,20.82,20.82
2022,REG,00-0033553,J.Conner,James Conner,RB,RB,"https://static.www.nfl.com/image/private/f_auto,q_auto/league/rmqdvrhlmhhyyrhp3vyu",13,ARI,0,0,0,0,0,0,0,0,0,0,0,0,,0,,,183,782,7,3,1,48,-2.47490814897124,0,46,58,300,1,0,0,-47,376,13,-6.05328836321329,0,-6.38297872340426,0.116,-0.0151956029744585,0.163363077917879,0,154.2,200.2
2022,REG,00-0033555,M.Hollins,Mack Hollins,WR,WR,"https://static.www.nfl.com/image/private/f_auto,q_auto/league/fe6e0gnullhxbgt6ohhg",17,LV,1,1,4,0,0,0,0,0,0,-6,10,0,0.0511495949467644,0,0.0,,4,40,0,0,0,2,2.1589912319323,0,57,94,690,4,0,0,1196,192,34,31.4346878753665,0,0.576923076923077,0.168458781362007,0.228811938014157,0.412856528652921,0,97.16,154.16
2022,REG,00-0033572,J.Agnew,Jamal Agnew,WR,WR,"https://static.www.nfl.com/image/private/f_auto,q_auto/league/at0skjo9xsjgobkvqqz5",14,JAX,0,0,0,0,0,0,0,0,0,0,0,0,,0,,,12,86,0,0,0,6,6.08385595484288,0,23,30,187,3,0,0,178,125,9,6.7310157297821,1,1.05056179775281,0.0632911392405063,0.0515493773530264,0.131021273007878,0,47.3,70.3
2022,REG,00-0033576,E.Saubert,Eric Saubert,TE,TE,"https://static.www.nfl.com/image/upload/f_auto,q_auto/league/pitpti3erfxui0d2gdad",11,DEN,0,0,0,0,0,0,0,0,0,0,0,0,,0,,,0,0,0,0,0,0,,0,15,24,148,1,0,0,202,75,6,-2.87788909860767,0,0.732673267326733,0.062992125984252,0.0680363758841361,0.142113652095273,0,20.8,35.8
2022,REG,00-0033591,N.Brown,Noah Brown,WR,WR,"https://static.www.nfl.com/image/upload/f_auto,q_auto/league/skdu8rnw7nwgxdkaonyi",15,DAL,0,0,0,0,0,0,0,0,0,0,0,0,,0,,,0,0,0,0,0,0,,0,43,74,555,3,1,1,800,128,25,-2.57974493331691,0,0.69375,0.151020408163265,0.204760685948298,0.369863092408707,0,71.5,114.5
2022,REG,00-0033633,T.Gentry,Tanner Gentry,WR,WR,"https://static.www.nfl.com/image/private/f_auto,q_auto/league/ykdkdfncfuiirn9qsrk9",1,BUF,0,0,0,0,0,0,0,0,0,0,0,0,,0,,,0,0,0,0,0,0,,0,0,1,0,0,0,0,7,0,0,-0.789629820268601,0,0.0,0.0277777777777778,0.0154867256637168,0.0525073746312684,0,0.0,0.0
2022,REG,00-0033662,C.Rush,Cooper Rush,QB,QB,"https://static.www.nfl.com/image/private/f_auto,q_auto/league/fu4tdizb3h6hofyszomi",8,DAL,94,162,1051,5,3,7,49,2,0,1247,455,52,-9.40141764110182,0,0.842822774659182,0.0093352181136054,9,6,0,0,0,1,-3.28913390773969,0,0,0,0,0,0,0,0,0,0,,0,,,,,0,56.64,56.64
2022,REG,00-0033681,K.Cole,Keelan Cole,WR,WR,"https://static.www.nfl.com/image/private/f_auto,q_auto/league/djdjurxk3b6y347zirvz",9,LV,0,0,0,0,0,0,0,0,0,0,0,0,,0,,,0,0,0,0,0,0,,0,10,21,141,1,0,0,345,20,8,6.3162909479579,0,0.408695652173913,0.0686274509803922,0.118719889883001,0.186045099388689,0,20.1,30.1
2022,REG,00-0033699,A.Ekeler,Austin Ekeler,RB,RB,"https://static.www.nfl.com/image/private/f_auto,q_auto/league/s1e7ejmmjkaxbv9zhvfl",17,LAC,0,0,0,0,0,0,0,0,0,0,0,0,,0,,,204,915,13,3,2,46,-2.57420086317367,0,107,127,722,5,2,1,-101,857,37,12.586065592543,0,-7.14851485148515,0.184861717612809,-0.0233094853450265,0.260975936677695,0,265.7,372.7
2022,REG,00-0033725,C.Clement,Corey Clement,RB,RB,"https://static.www.nfl.com/image/private/f_auto,q_auto/league/rrbdxl0frmnyr1qcgexd",4,ARI,0,0,0,0,0,0,0,0,0,0,0,0,,0,,,15,55,1,0,0,6,-0.753288354200777,0,5,7,54,0,0,0,-4,61,3,2.6042010479141,0,-13.5,0.0526315789473684,-0.0046893317702227,0.0756648361818967,0,16.9,21.9
2022,REG,00-0033757,R.Tonyan,Robert Tonyan,TE,TE,"https://static.www.nfl.com/image/private/f_auto,q_auto/league/e4dqx11amod0silgghxw",17,GB,0,0,0,0,0,0,0,0,0,0,0,0,,0,,,0,0,0,0,0,0,,0,53,67,470,2,0,0,390,230,19,3.86189426366495,0,1.20512820512821,0.124074074074074,0.0887573964497041,0.248241288625904,0,59.0,112.0
2022,REG,00-0033798,M.Schreck,Mason Schreck,TE,TE,"https://static.www.nfl.com/image/private/f_auto,q_auto/league/clgbpt0n6wqmkgaeeucy",2,HOU,0,0,0,0,0,0,0,0,0,0,0,0,,0,,,0,0,0,0,0,0,,0,2,2,6,0,0,0,6,0,0,-0.655501033295877,0,1.0,0.0338983050847458,0.0154639175257732,0.0616721998951599,0,0.6,2.6
2022,REG,00-0033854,D.Ogunbowale,Dare Ogunbowale,RB,RB,"https://static.www.nfl.com/image/private/f_auto,q_auto/league/wolxjiszqovjppwhaojs",11,HOU,0,0,0,0,0,0,0,0,0,0,0,0,,0,,,42,123,1,0,0,10,-6.2720837788881,0,20,26,104,0,0,0,-11,124,5,-12.2376512020128,0,-9.45454545454546,0.0817610062893082,-0.0049172999552972,0.119199399465254,0,28.7,48.7
2022,REG,00-0033856,L.Fournette,Leonard Fournette,RB,RB,"https://static.www.nfl.com/image/private/f_auto,q_auto/league/atxppoc7zqcjnbnk0awz",16,TB,0,1,0,0,1,0,0,0,0,16,0,0,-4.7260164351901,0,0.0,,189,668,3,0,0,39,-37.1246374422829,0,73,83,523,3,0,0,-49,563,26,13.6750186066067,0,-10.6734693877551,0.121700879765396,-0.0104544484745039,0.175233205715941,0,153.1,226.1
2022,REG,00-0033857,J.Smith-Schuster,JuJu Smith-Schuster,WR,WR,"https://static.www.nfl.com/image/private/f_auto,q_auto/league/ypoituliieghtndjrzaz",16,KC,0,0,0,0,0,0,0,0,0,0,0,0,,0,,,0,0,0,0,0,0,,0,78,101,933,3,3,2,750,457,47,49.5891622691533,0,1.244,0.173241852487136,0.178020413007358,0.384477067835854,0,107.3,185.3
2022,REG,00-0033858,J.Smith,Jonnu Smith,TE,TE,"https://static.www.nfl.com/image/private/f_auto,q_auto/league/hbnnjc8knqoc95vzyol4",12,NE,0,0,0,0,0,0,0,0,0,0,0,0,,0,,,1,5,0,1,0,1,0.702998928492889,0,27,38,245,0,0,0,116,200,9,0.540843721188139,0,2.11206896551724,0.102425876010782,0.0429152793192749,0.183679509539665,0,25.0,52.0
2022,REG,00-0033869,M.Trubisky,Mitchell Trubisky,QB,QB,"https://static.www.nfl.com/image/private/f_auto,q_auto/league/egmpgvzck6v2unbh0plp",7,PIT,117,180,1252,4,5,11,68,0,0,1754,378,65,7.73026837691226,1,0.713797035347777,0.0776116569598133,19,38,2,0,0,7,-3.26305165985832,0,0,0,0,0,0,0,0,0,0,,0,,,,,0,73.88,73.88
2022,REG,00-0033871,C.Davis,Corey Davis,WR,WR,"https://static.www.nfl.com/image/private/f_auto,q_auto/league/hr0uv4ai1zhkn7nof2a2",13,NYJ,0,0,0,0,0,0,0,0,0,0,0,0,,0,,,0,0,0,0,0,0,,0,32,64,536,2,0,0,861,109,28,11.8227248434091,0,0.62253193960511,0.134453781512605,0.228321400159109,0.361505652380284,0,65.6,97.6
2022,REG,00-0033873,P.Mahomes,Patrick Mahomes,QB,QB,"https://static.www.nfl.com/image/private/f_auto,q_auto/league/oagzjdsdoezmp6frggrn",17,KC,435,648,5250,41,12,26,188,1,0,4715,2830,272,191.972204776799,2,1.11346765641569,0.177575296740659,61,358,4,4,0,25,23.2564929841702,1,1,1,6,0,0,0,-9,15,0,0.351020903792232,0,0.0,0.024390243902439,-0.0290322580645161,0.0162627852084973,0,416.4,417.4
2022,REG,00-0033879,O.Howard,O.J. Howard,TE,TE,"https://static.www.nfl.com/image/private/f_auto,q_auto/league/wlvviyfhdn5fz5p04r95",11,HOU,0,0,0,0,0,0,0,0,0,0,0,0,,0,,,0,0,0,0,0,0,,0,10,23,145,2,0,0,253,60,6,-2.04302322440495,0,0.573122529644269,0.0633608815426997,0.0971209213051823,0.163025967227677,0,26.5,36.5
2022,REG,00-0033881,E.Engram,Evan Engram,TE,TE,"https://static.www.nfl.com/image/private/f_auto,q_auto/league/adr65rbw956sxntlph8a",17,JAX,0,0,0,0,0,0,0,0,0,0,0,0,,0,,,2,13,0,0,0,1,0.472029016760644,0,73,98,766,4,0,0,614,465,33,34.6329223110723,1,1.24755700325733,0.170731707317073,0.146364719904648,0.358552864908864,0,103.9,176.9
2022,REG,00-0033885,D.Njoku,David Njoku,TE,TE,"https://static.www.nfl.com/image/private/f_auto,q_auto/league/ilvxwdllivrvwbuj69cm",14,CLE,0,0,0,0,0,0,0,0,0,0,0,0,,0,,,2,-8,0,0,0,0,-2.48257483902853,0,58,80,628,4,1,1,535,332,36,24.6575731012328,0,1.17383177570093,0.185185185185185,0.153383027522936,0.385145897043833,0,84.0,142.0
2022,REG,00-0033891,Z.Jones,Zay Jones,WR,WR,"https://static.www.nfl.com/image/private/f_auto,q_auto/league/pbmcmjxxjcrandbjmey7",16,JAX,0,0,0,0,0,0,0,0,0,0,0,0,,0,,,4,18,0,0,0,1,0.518665574258193,0,82,121,823,5,0,0,1018,282,44,40.4308622254986,1,0.808447937131631,0.219600725952813,0.253738783649053,0.507018237483557,0,116.1,198.1
2022,REG,00-0033893,D.Cook,Dalvin Cook,RB,RB,"https://static.www.nfl.com/image/upload/f_auto,q_auto/league/kl291pby4vjh160bkirg",17,MIN,0,0,0,0,0,1,5,1,1,0,0,0,-6.88789240695769,0,,,264,1173,8,3,3,50,-48.5565033273542,0,39,56,295,2,0,0,-34,331,16,6.47542590533757,0,-8.67647058823529,0.0927152317880795,-0.0080113100848256,0.133464930622741,0,198.8,237.8
2022,REG,00-0033895,G.Everett,Gerald Everett,TE,TE,"https://static.www.nfl.com/image/private/f_auto,q_auto/league/te11unippqhdc6auox6i",15,LAC,0,0,0,0,0,0,0,0,0,0,0,0,,0,,,1,0,0,0,0,0,-0.566809108946472,0,58,87,555,4,0,0,491,326,29,1.24637710534946,1,1.13034623217923,0.138535031847134,0.126906177306798,0.296636871885459,0,81.5,139.5
2022,REG,00-0033897,J.Mixon,Joe Mixon,RB,RB,"https://static.www.nfl.com/image/private/f_auto,q_auto/league/pbijtl1blfdkvmwl4rsp",14,CIN,0,0,0,0,0,0,0,0,0,0,0,0,,0,,,210,814,7,0,0,47,-11.5952373696803,0,60,75,441,2,0,0,-15,468,17,11.3311255878336,0,-29.4,0.142314990512334,-0.0041095890410958,0.210595773439734,0,179.5,239.5
2022,REG,00-0033906,A.Kamara,Alvin Kamara,RB,RB,"https://static.www.nfl.com/image/private/f_auto,q_auto/league/tl9enad6kiwv6cukf4vt",15,NO,0,0,0,0,0,0,0,0,0,0,0,0,,0,,,223,897,2,2,2,40,-41.0502381516271,0,57,77,490,2,2,2,73,461,17,-3.40108800352336,0,6.71232876712329,0.181176470588235,0.020476858345021,0.286098506723868,0,154.7,211.7
2022,REG,00-0033908,C.Kupp,Cooper Kupp,WR,WR,"https://static.www.nfl.com/image/private/f_auto,q_auto/league/bkahtsjkvnom1sbnb6xm",9,LA,0,1,0,0,0,0,0,0,0,25,0,0,-0.467520276433788,0,0.0,,9,52,1,0,0,4,1.31073690589983,0,75,98,812,6,2,1,713,413,42,16.3420674792379,0,1.13884992987377,0.309148264984227,0.343945972021225,0.704484577891198,0,126.4,201.4
2022,REG,00-0033921,C.Godwin,Chris Godwin,WR,WR,"https://static.www.nfl.com/image/private/f_auto,q_auto/league/rfdampf12giyojipbcxl",15,TB,0,0,0,0,0,0,0,0,0,0,0,0,,0,,,3,5,0,0,0,0,-1.50775450037327,0,104,142,1023,3,2,2,820,514,54,30.6397295613035,1,1.24756097560976,0.218125960061444,0.195657361011692,0.46414909280035,0,118.8,222.8
2022,REG,00-0033923,K.Hunt,Kareem Hunt,RB,RB,"https://static.www.nfl.com/image/private/f_auto,q_auto/league/fmy9cgin9nv7ewyhsipr",17,CLE,0,0,0,0,0,0,0,0,0,0,0,0,,0,,,123,468,3,1,0,30,-11.557620754056,0,35,44,210,1,0,0,-12,235,11,-2.47496152336861,0,-17.5,0.0867850098619329,-0.0031063939943049,0.128003038996886,0,91.8,126.8
2022,REG,00-0033925,D.Foreman,D'Onta Foreman,RB,RB,"https://static.www.nfl.com/image/private/f_auto,q_auto/league/fhxviqgdrngc8gvvhnor",16,CAR,0,0,0,0,0,0,0,0,0,0,0,0,,0,,,203,914,5,1,0,45,2.98204335824736,1,5,9,26,0,0,0,-3,27,1,-10.932217505602,0,-8.66666666666667,0.0584415584415584,-0.0039787798408488,0.0848771917737435,0,126.0,131.0
2022,REG,00-0033932,K.Golladay,Kenny Golladay,WR,WR,"https://static.www.nfl.com/image/private/f_auto,q_auto/league/vck7awhkwwhui3ndgts3",6,NYG,0,0,0,0,0,0,0,0,0,0,0,0,,0,,,0,0,0,0,0,0,,0,6,17,81,1,0,0,164,11,4,-1.75738624818702,0,0.49390243902439,0.104294478527607,0.144366197183099,0.25749805581958,0,14.1,20.1
2022,REG,00-0033936,C.Beathard,C.J. Beathard,QB,QB,"https://static.www.nfl.com/image/private/f_auto,q_auto/league/yw8euaevcvwswbx5w27w",4,JAX,7,11,35,0,1,1,5,0,0,57,20,2,-11.6011407254408,0,0.614035087719298,0.0232652885422623,4,-4,0,0,0,0,0.0,0,0,0,0,0,0,0,0,0,0,,0,,,,,0,-1.0,-1.0
2022,REG,00-0033943,J.Reynolds,Josh Reynolds,WR,WR,"https://static.www.nfl.com/image/private/f_auto,q_auto/league/sxrgouqg155xtgtzesy9",12,DET,0,0,0,0,0,0,0,0,0,0,0,0,,0,,,0,0,0,0,0,0,,0,38,59,479,3,0,0,704,115,25,11.6047029097546,0,0.680397727272727,0.141148325358852,0.21910986616869,0.36509939435636,0,65.9,103.9
2022,REG,00-0033948,J.Williams,Jamaal Williams,RB,RB,"https://static.www.nfl.com/image/private/f_auto,q_auto/league/qerbr9qnhpn27cyogu4x",17,DET,0,0,0,0,0,0,0,0,0,0,0,0,,0,,,262,1066,17,3,2,65,-26.0265208153877,1,12,16,73,0,0,0,29,65,4,-1.97409258544212,0,2.51724137931035,0.0507936507936508,0.0151753008895866,0.0868131868131868,0,213.9,225.9
2022,REG,00-0033949,J.Dobbs,Joshua Dobbs,QB,QB,"https://static.www.nfl.com/image/upload/f_auto,q_auto/league/il6zhynxgyun9uvsofgr",2,TEN,40,68,411,2,2,6,26,4,2,538,213,25,-8.97463653883311,0,0.763940520446097,0.019709713337735,8,44,0,0,0,4,1.7875308629591,0,0,0,0,0,0,0,0,0,0,,0,,,,,0,20.84,20.84
2022,REG,00-0033951,M.Mack,Marlon Mack,RB,RB,"https://static.www.nfl.com/image/private/f_auto,q_auto/league/d3sdoo1yiey5oiyblulk",5,DEN,0,0,0,0,0,0,0,0,0,0,0,0,,0,,,16,84,1,0,0,4,-0.891764602274634,0,8,10,99,1,0,0,-16,114,2,3.44561273492828,0,-6.1875,0.0641025641025641,-0.017259978425027,0.0840718612563273,0,30.3,38.3
2022,REG,00-0033958,N.Peterman,Nathan Peterman,QB,QB,"https://static.www.nfl.com/image/private/f_auto,q_auto/league/owifll49p0mmsjgf7rhn",3,CHI,14,25,139,1,1,1,6,0,0,265,44,9,-5.09347054600949,0,0.524528301886793,-0.0051056416565463,2,7,0,0,0,0,-0.234727695817128,0,0,0,0,0,0,0,0,0,0,,0,,,,,0,8.26,8.26
2022,REG,00-0034011,D.Arnold,Dan Arnold,TE,TE,"https://static.www.nfl.com/image/private/f_auto,q_auto/league/wym2o0jlxcvswj3gy9kv",10,JAX,0,0,0,0,0,0,0,0,0,0,0,0,,0,,,0,0,0,0,0,0,,0,9,13,135,0,0,0,87,70,5,5.84869649494067,0,1.55172413793103,0.0386904761904762,0.0433915211970075,0.0884097791236195,0,13.5,22.5
2022,REG,00-0034054,R.Cracraft,River Cracraft,WR,WR,"https://static.www.nfl.com/image/private/f_auto,q_auto/league/zd4y2ok3owqbqx6bvkpm",8,MIA,0,0,0,0,0,0,0,0,0,0,0,0,,0,,,0,0,0,0,0,0,,0,9,14,102,2,0,0,122,26,8,1.4560171206831,0,0.836065573770492,0.049645390070922,0.0468330134357006,0.107251194511373,0,22.2,31.2
2022,REG,00-0034073,R.Dwelley,Ross Dwelley,TE,TE,"https://static.www.nfl.com/image/private/f_auto,q_auto/league/wsqd1kbdbqratcxretm5",4,SF,0,0,0,0,0,0,0,0,0,0,0,0,,0,,,0,0,0,0,0,0,,0,3,5,105,1,0,0,69,43,3,8.34284901770297,0,1.52173913043478,0.0495049504950495,0.0969101123595506,0.14209450439426,0,16.5,19.5
2022,REG,00-0034104,C.Sims,Cam Sims,WR,WR,"https://static.www.nfl.com/image/private/f_auto,q_auto/league/rskkpergva4snsvgathy",12,WAS,0,0,0,0,0,0,0,0,0,0,0,0,,0,,,0,0,0,0,0,0,,0,8,18,89,0,0,0,232,18,5,-8.6037089949823,0,0.383620689655172,0.0491803278688525,0.0785109983079526,0.128728190618846,0,8.9,16.9
2022,REG,00-0034109,P.Lindsay,Phillip Lindsay,RB,RB,"https://static.www.nfl.com/image/private/f_auto,q_auto/league/soywd4cnq19pigrwabb5",3,IND,0,0,0,0,0,0,0,0,0,0,0,0,,0,,,15,49,0,0,0,1,-2.81885216041701,1,6,8,19,0,0,0,17,11,0,-1.51849407784175,0,1.11764705882353,0.0666666666666667,0.0395348837209302,0.127674418604651,0,8.8,14.8
2022,REG,00-0034115,J.Wilson,Jeffery Wilson,RB,RB,"https://static.www.nfl.com/image/private/f_auto,q_auto/league/zorqrtlrizlltgd6pnob",16,MIA,0,0,0,0,0,0,0,0,0,0,0,0,,0,,,176,860,5,2,1,44,7.63293160014103,0,22,37,185,1,1,1,92,141,7,-8.73756100308261,0,2.01086956521739,0.0827740492170022,0.0258064516129032,0.142225589954536,0,136.5,158.5
2022,REG,00-0034159,W.Dissly,Will Dissly,TE,TE,"https://static.www.nfl.com/image/private/f_auto,q_auto/league/pschkqimqisrbnzeo8iz",15,SEA,0,0,0,0,0,0,0,0,0,0,0,0,,0,,,0,0,0,0,0,0,,0,34,38,349,3,0,0,206,184,20,26.3880541743711,0,1.69417475728155,0.0764587525150906,0.0551391862955032,0.153285559179488,0,52.9,86.9
2022,REG,00-0034160,M.Dickson,Michael Dickson,P,SPEC,"https://static.www.nfl.com/image/private/f_auto,q_auto/league/neu0v3tjiszrmixnzguh",2,SEA,0,0,0,0,0,0,0,0,0,0,0,0,,0,,,2,-18,0,1,1,0,-8.45235204562778,0,0,0,0,0,0,0,0,0,0,,0,,,,,0,-3.8,-3.8
2022,REG,00-0034171,J.Cabinda,Jason Cabinda,FB,RB,"https://static.www.nfl.com/image/private/f_auto,q_auto/league/nvi4viyciscnso8qgbtn",4,DET,0,0,0,0,0,0,0,0,0,0,0,0,,0,,,1,4,0,0,0,1,-0.12419170117937,0,1,4,5,0,0,0,13,2,1,-1.16645134286955,0,0.384615384615385,0.0444444444444444,0.0246679316888046,0.0839342188488299,0,0.9,1.9
2022,REG,00-0034177,T.Boyle,Tim Boyle,QB,QB,"https://static.www.nfl.com/image/private/f_auto,q_auto/league/zmp8nej7nqfdu2gyir6y",1,CHI,2,8,33,0,2,0,0,0,0,101,32,2,-4.50947897683363,0,0.326732673267327,-0.16155104254343,2,-2,0,0,0,0,0.0,0,0,0,0,0,0,0,0,0,0,,0,,,,,0,-2.88,-2.88
2022,REG,00-0034184,G.Edwards,Gus Edwards,RB,RB,"https://static.www.nfl.com/image/private/f_auto,q_auto/league/tvxpivjku1lbpf7tfafl",9,BAL,0,0,0,0,0,0,0,0,0,0,0,0,,0,,,87,433,3,1,1,30,-0.0299428290454671,0,0,2,0,0,0,0,6,0,0,-1.01246785209514,0,0.0,0.0434782608695652,0.0136363636363636,0.0747628458498024,0,59.3,59.3
2022,REG,00-0034208,M.Boone,Mike Boone,RB,RB,"https://static.www.nfl.com/image/private/f_auto,q_auto/league/rcrpzluchltmk9stwtfc",8,DEN,0,0,0,0,0,0,0,0,0,0,0,0,,0,,,24,102,0,0,0,6,-3.69021995814889,0,9,15,96,0,0,0,45,81,2,-7.14867603957688,0,2.13333333333333,0.0666666666666667,0.0245901639344262,0.117213114754098,0,19.8,28.8
2022,REG,00-0034253,D.Hilliard,Dontrell Hilliard,RB,RB,"https://static.www.nfl.com/image/private/f_auto,q_auto/league/ukhyslngeuojxkjqfq9f",11,TEN,0,0,0,0,0,0,0,0,0,0,0,0,,0,,,22,145,0,0,0,4,0.607278296352364,0,21,26,177,4,0,0,39,151,8,5.73050680208825,0,4.53846153846154,0.0984848484848485,0.0191082802547771,0.161103068905617,0,56.2,77.2
2022,REG,00-0034270,T.Conklin,Tyler Conklin,TE,TE,"https://static.www.nfl.com/image/private/f_auto,q_auto/league/fwuvfpsd7hbtqwlcxtn7",17,NYJ,0,0,0,0,0,0,0,0,0,0,0,0,,0,,,2,3,0,0,0,2,1.25727219463442,0,58,87,552,3,2,0,617,284,25,2.41530211715486,0,0.894651539708266,0.147959183673469,0.125969783585137,0.3101176240198,0,73.5,131.5
2022,REG,00-0034272,M.Valdes-Scantling,Marquez Valdes-Scantling,WR,WR,"https://static.www.nfl.com/image/private/f_auto,q_auto/league/zk2f2ivzdssgoaamf57u",17,KC,0,0,0,0,0,0,0,0,0,0,0,0,,0,,,1,-3,0,0,0,0,-1.00383371347561,0,42,81,687,2,0,0,1153,122,32,17.2978680289284,0,0.595836947094536,0.131921824104235,0.254188712522046,0.375814834921784,0,80.4,122.4
2022,REG,00-0034279,E.St. Brown,Equanimeous St. Brown,WR,WR,"https://static.www.nfl.com/image/private/f_auto,q_auto/league/rjtjvrencwsi1xlxnfll",16,CHI,0,0,0,0,0,0,0,0,0,0,0,0,,0,,,6,54,0,0,0,2,1.32628779031802,0,21,38,323,1,1,1,495,98,14,2.96966496778695,0,0.652525252525253,0.131034482758621,0.188931297709924,0.328803632534878,0,41.7,62.7
2022,REG,00-0034286,R.James,Richie James,WR,WR,"https://static.www.nfl.com/image/private/f_auto,q_auto/league/qusoivtzbud2wl0spptz",14,NYG,0,0,0,0,0,0,0,0,0,0,0,0,,0,,,2,6,0,0,0,0,-0.553319531492889,0,57,70,569,4,0,0,509,176,29,24.4958053079089,0,1.11787819253438,0.173697270471464,0.196525096525097,0.398113473274764,0,81.5,138.5
2022,REG,00-0034297,B.Pringle,Byron Pringle,WR,WR,"https://static.www.nfl.com/image/private/f_auto,q_auto/league/qgwipkdsunodvqlumsmp",8,CHI,0,0,0,0,0,0,0,0,0,0,0,0,,0,,,0,0,0,0,0,0,,0,10,16,135,2,0,0,225,14,8,8.89119672792731,0,0.6,0.0963855421686747,0.158116654954322,0.255259971721037,0,25.5,35.5
2022,REG,00-0034301,D.Williams,Darrel Williams,RB,RB,"https://static.www.nfl.com/image/private/f_auto,q_auto/league/qloiwle7db59cznhqhub",5,ARI,0,0,0,0,0,0,0,0,0,0,0,0,,0,,,21,102,1,0,0,8,4.09910958161345,0,4,8,9,0,0,0,-24,15,0,-5.26019918196835,0,-0.375,0.0454545454545455,-0.0230547550432277,0.0520434896515588,0,17.1,21.1
2022,REG,00-0034317,K.Kirkwood,Keith Kirkwood,WR,WR,"https://static.www.nfl.com/image/private/f_auto,q_auto/league/iedau8bt7wngc8mxfd9h",3,NO,0,0,0,0,0,0,0,0,0,0,0,0,,0,,,0,0,0,0,0,0,,0,2,4,18,0,0,0,55,4,1,-1.6444360294845,0,0.327272727272727,0.0571428571428571,0.100182149362477,0.15584179026802,0,1.8,3.8
2022,REG,00-0034335,M.Allen,Marcus Allen,ILB,LB,"https://static.www.nfl.com/image/private/f_auto,q_auto/league/vvpy4ouo24iqozvyp4rc",1,PIT,0,0,0,0,0,0,0,0,0,0,0,0,,0,,,1,4,0,0,0,1,2.64326116838492,0,0,0,0,0,0,0,0,0,0,,0,,,,,0,0.4,0.4
2022,REG,00-0034348,C.Sutton,Courtland Sutton,WR,WR,"https://static.www.nfl.com/image/private/f_auto,q_auto/league/uusaguvnkfv2gt7goale",15,DEN,0,0,0,0,0,0,0,0,0,0,0,0,,0,,,1,5,0,0,0,0,0.170874756877311,0,64,109,829,2,0,0,1343,147,38,23.8306618690546,0,0.617274758004468,0.230932203389831,0.306971428571429,0.561278305084746,0,95.4,159.4
2022,REG,00-0034351,D.Goedert,Dallas Goedert,TE,TE,"https://static.www.nfl.com/image/private/f_auto,q_auto/league/flzasty1ea7iswbtd0e5",12,PHI,0,0,0,0,0,0,0,0,0,0,0,0,,0,,,0,0,0,0,0,0,,0,55,69,702,3,1,1,424,420,40,45.1879870728172,0,1.65566037735849,0.196581196581197,0.1515909903468,0.400985488114555,0,86.2,141.2
2022,REG,00-0034355,M.Stewart,M.J. Stewart,SS,DB,"https://static.www.nfl.com/image/private/f_auto,q_auto/league/pnkq1w3v797oefeqynfa",1,HOU,0,0,0,0,0,0,0,0,0,0,0,0,,0,,,1,3,0,0,0,1,2.42454497818835,0,0,0,0,0,0,0,0,0,0,,0,,,,,0,0.3,0.3
2022,REG,00-0034360,L.Carter,Lorenzo Carter,OLB,LB,"https://static.www.nfl.com/image/private/f_auto,q_auto/league/vzt4cv29hrn9dw0wtpze",1,ATL,0,0,0,0,0,0,0,0,0,0,0,0,,0,,,0,0,0,0,0,0,,0,0,0,0,0,0,0,0,0,0,,0,,,,,1,6.0,6.0
2022,REG,00-0034364,J.Akins,Jordan Akins,TE,TE,"https://static.www.nfl.com/image/private/f_auto,q_auto/league/fgkl9zfpy2yxrkxfge84",15,HOU,0,0,0,0,0,0,0,0,0,0,0,0,,0,,,0,0,0,0,0,0,,0,37,54,495,5,1,1,332,270,23,21.3578101540334,1,1.49096385542169,0.111340206185567,0.0939711293518256,0.232790099824629,0,79.5,116.5
2022,REG,00-0034365,I.Thomas,Ian Thomas,TE,TE,"https://static.www.nfl.com/image/private/f_auto,q_auto/league/zhmboki1lwndau686wlv",13,CAR,0,0,0,0,0,0,0,0,0,0,0,0,,0,,,0,0,0,0,0,0,,0,21,30,197,0,0,0,69,182,8,4.00833711001906,0,2.85507246376812,0.0854700854700855,0.0288100208768267,0.148372142818907,0,19.7,40.7
2022,REG,00-0034366,K.Coutee,Keke Coutee,WR,WR,"https://static.www.nfl.com/image/private/f_auto,q_auto/league/b63h388y8kzvntk6tuqx",1,IND,0,0,0,0,0,0,0,0,0,0,0,0,,0,,,0,0,0,0,0,0,,0,1,1,20,0,1,1,12,8,0,-3.79916432953905,0,1.66666666666667,0.037037037037037,0.0705882352941176,0.104967320261438,0,0.0,1.0
2022,REG,00-0034367,N.Hines,Nyheim Hines,RB,RB,"https://static.www.nfl.com/image/private/f_auto,q_auto/league/lgpfurgix754r54hvas4",16,BUF,0,0,0,0,0,0,0,0,0,0,0,0,,0,,,24,33,1,0,0,2,-13.2980948163791,0,30,37,241,1,0,0,116,190,11,12.3500936091229,0,2.07758620689655,0.0785562632696391,0.0312331717824448,0.13969761515217,2,51.4,81.4
2022,REG,00-0034383,D.Schultz,Dalton Schultz,TE,TE,"https://static.www.nfl.com/image/private/f_auto,q_auto/league/lhplapyya8pp3yyz8bht",15,DAL,0,0,0,0,0,0,0,0,0,0,0,0,,0,,,0,0,0,0,0,0,,0,57,89,577,5,1,1,640,204,27,-0.339547596605749,0,0.9015625,0.186192468619247,0.164144652474994,0.394189959661366,0,85.7,142.7
2022,REG,00-0034386,J.Watson,Justin Watson,WR,WR,"https://static.www.nfl.com/image/private/f_auto,q_auto/league/vr9tayyujt23takv3hv3",17,KC,0,0,0,0,0,0,0,0,0,0,0,0,,0,,,0,0,0,0,0,0,,0,15,34,315,2,0,0,637,60,12,7.57732567988509,0,0.494505494505495,0.0553745928338762,0.140432098765432,0.181364358386617,0,43.5,58.5
2022,REG,00-0034400,J.Wilkins,Jordan Wilkins,RB,RB,"https://static.www.nfl.com/image/private/f_auto,q_auto/league/ltz7ffp0fnywwhcm2d3z",4,IND,0,0,0,0,0,0,0,0,0,0,0,0,,0,,,13,58,0,0,0,2,-1.31315452896524,0,6,8,29,0,0,0,-18,44,1,-2.74967834806023,0,-1.61111111111111,0.0963855421686747,-0.0300500834724541,0.123543254822294,0,8.7,14.7
2022,REG,00-0034401,M.White,Mike White,QB,QB,"https://static.www.nfl.com/image/private/f_auto,q_auto/league/pv1cd95ycjinyi4ijime",4,NYJ,103,175,1192,3,4,9,76,2,1,1303,568,56,-7.62786697386352,0,0.91481197237145,0.0072172907852055,6,9,1,0,0,3,2.57582128146896,0,0,0,0,0,0,0,0,0,0,,0,,,,,0,56.58,56.58
2022,REG,00-0034407,R.McCloud,Ray-Ray McCloud,WR,WR,"https://static.www.nfl.com/image/upload/f_auto,q_auto/league/k3ykgsntuqdb0nl4grxk",14,SF,0,0,0,0,0,0,0,0,0,0,0,0,,0,,,4,78,1,0,0,1,3.87725883553503,0,14,25,243,1,0,0,295,92,11,12.3924933240633,0,0.823728813559322,0.0603864734299517,0.103110800419434,0.162757270438531,0,44.1,58.1
2022,REG,00-0034411,R.Gage,Russell Gage,WR,WR,"https://static.www.nfl.com/image/private/f_auto,q_auto/league/lkqhshv0dss1b9c6mdnj",13,TB,0,0,0,0,0,0,0,0,0,0,0,0,,0,,,0,0,0,0,0,0,,0,51,70,426,5,1,1,383,171,30,20.4017650418973,1,1.11227154046997,0.12589928057554,0.0992742353551063,0.258340885611884,0,72.6,123.6
2022,REG,00-0034414,B.Scott,Boston Scott,RB,RB,"https://static.www.nfl.com/image/private/f_auto,q_auto/league/uveeemr49kwtkfefugai",13,PHI,0,0,0,0,0,0,0,0,0,0,0,0,,0,,,54,217,3,0,0,12,-2.5305652783718,0,5,6,15,0,0,0,-10,20,0,-3.94251449359581,0,-1.5,0.0387096774193548,-0.0069156293222683,0.0532235756034444,0,41.2,46.2
2022,REG,00-0034418,C.Wilson,Cedrick Wilson,WR,WR,"https://static.www.nfl.com/image/private/f_auto,q_auto/league/zvirmx1m9vycmfpfbf1w",9,MIA,0,0,0,0,0,1,6,0,0,0,0,0,-1.25262371788267,0,,,1,8,0,0,0,0,0.546419185353443,0,12,18,136,0,0,0,189,45,8,6.89787079661619,0,0.71957671957672,0.0598006644518272,0.0802547770700637,0.145879340626785,0,14.4,26.4
2022,REG,00-0034419,B.Berrios,Braxton Berrios,WR,WR,"https://static.www.nfl.com/image/private/f_auto,q_auto/league/nypqf5vnhegeorkpmplr",15,NYJ,1,1,2,1,0,0,0,0,0,2,0,1,1.18445269513177,0,1.0,,9,91,2,0,0,5,6.21912650915328,0,18,32,145,0,0,0,218,92,8,-8.99909309379395,0,0.665137614678899,0.0662525879917184,0.0552178318135765,0.138031364257081,0,39.68,57.68
2022,REG,00-0034440,J.Jackson,Justin Jackson,RB,RB,"https://static.www.nfl.com/image/private/f_auto,q_auto/league/n7pvb1trbn9rtttlw7df",12,DET,0,0,0,0,0,0,0,0,0,0,0,0,,0,,,42,170,1,0,0,8,-9.89926428315812,0,12,19,101,1,0,0,19,110,7,3.81893922828904,0,5.31578947368421,0.0558823529411765,0.0080372250423011,0.0894495869413755,0,39.1,51.1
2022,REG,00-0034487,T.Sherfield,Trent Sherfield,WR,WR,"https://static.www.nfl.com/image/private/f_auto,q_auto/league/tbs4dvo8vdagznshsw7l",16,MIA,0,0,0,0,0,0,0,0,0,0,0,0,,0,,,0,0,0,0,0,0,,0,30,51,417,2,0,0,561,138,18,6.53641297516559,0,0.74331550802139,0.0953271028037383,0.119641714651312,0.226739854461526,0,53.7,83.7
2022,REG,00-0034496,S.Chandler,Sean Chandler,SS,DB,"https://static.www.nfl.com/image/private/f_auto,q_auto/league/m4glij7rkgkyhu01igmi",1,CAR,0,0,0,0,0,0,0,0,0,0,0,0,,0,,,1,2,0,0,0,1,2.16509309830144,0,0,0,0,0,0,0,0,0,0,,0,,,,,0,0.2,0.2
2022,REG,00-0034521,A.Lazard,Allen Lazard,WR,WR,"https://static.www.nfl.com/image/private/f_auto,q_auto/league/blrzk3bfnpneuyhsqiqg",15,GB,0,0,0,0,0,0,0,0,0,0,0,0,,0,,,2,0,0,0,0,0,-4.00390181038529,0,60,100,788,6,0,0,1249,248,45,12.2582007338773,0,0.630904723779023,0.210084033613445,0.316042510121458,0.536355807505188,0,114.8,174.8
2022,REG,00-0034577,K.Allen,Kyle Allen,QB,QB,"https://static.www.nfl.com/image/private/f_auto,q_auto/league/rvf9rnbqajlniortukeq",2,HOU,46,78,416,2,4,5,41,2,0,560,239,19,-34.0045657036541,0,0.742857142857143,-0.0165952502156326,6,13,0,2,1,2,-6.142968632048,0,0,0,0,0,0,0,0,0,0,,0,,,,,0,15.94,15.94
2022,REG,00-0034578,R.Bonnafon,Reggie Bonnafon,RB,RB,"https://static.www.nfl.com/image/private/f_auto,q_auto/league/revwhbm7uizs4oiwqdo3",1,WAS,0,0,0,0,0,0,0,0,0,0,0,0,,0,,,3,8,0,0,0,0,-1.07405631127767,0,0,0,0,0,0,0,0,0,0,,0,,,,,0,0.8,0.8
2022,REG,00-0034613,T.Hudson,Tanner Hudson,TE,TE,"https://static.www.nfl.com/image/private/f_auto,q_auto/league/dcrfuiyknwrwxsjsjf9q",6,NYG,0,0,0,0,0,0,0,0,0,0,0,0,,0,,,0,0,0,0,0,0,,0,10,15,132,0,0,0,110,59,8,2.84544072509743,0,1.2,0.0980392156862745,0.101476014760148,0.218092033861515,0,13.2,23.2
2022,REG,00-0034614,G.Igwebuike,Godwin Igwebuike,RB,RB,"https://static.www.nfl.com/image/private/f_auto,q_auto/league/d0jsvuhu4xwkyegnlauh",1,SEA,0,0,0,0,0,0,0,0,0,0,0,0,,0,,,3,4,0,0,0,0,-1.42175994894933,0,1,1,3,0,0,0,3,0,0,-2.79434635909274,0,1.0,0.0357142857142857,0.0111524163568773,0.0613781200212427,0,0.7,1.7
2022,REG,00-0034646,B.Powell,Brandon Powell,WR,WR,"https://static.www.nfl.com/image/private/f_auto,q_auto/league/cqtogvopabvi3gcuaosi",16,LA,0,0,0,0,0,0,0,0,0,0,0,0,,0,,,17,80,0,0,0,6,1.57804832264083,0,24,32,156,0,0,0,48,184,7,0.102760001977351,0,3.25,0.0810126582278481,0.0163376446562287,0.132955338601132,0,23.6,47.6
2022,REG,00-0034676,J.Washington,James Washington,WR,WR,"https://static.www.nfl.com/image/private/f_auto,q_auto/league/z5svt5lojqlibpxitvty",1,DAL,0,0,0,0,0,0,0,0,0,0,0,0,,0,,,0,0,0,0,0,0,,0,0,1,0,0,0,0,6,0,0,-0.320639211684465,0,0.0,0.0256410256410256,0.018348623853211,0.0513055751587862,0,0.0,0.0
2022,REG,00-0034681,C.Edmonds,Chase Edmonds,RB,RB,"https://static.www.nfl.com/image/private/f_auto,q_auto/league/y0u4btecdge4tsun4p2h",13,DEN,0,0,0,0,0,0,0,0,0,0,0,0,,0,,,68,245,2,0,0,8,-15.7059720786347,0,16,24,157,1,0,0,50,113,7,5.05957432659733,0,3.14,0.0670391061452514,0.0182615047479912,0.113341712541471,0,58.2,74.2
2022,REG,00-0034726,D.Leavitt,Dallin Leavitt,SS,DB,"https://static.www.nfl.com/image/private/f_auto,q_auto/league/puozg5rjuz6vf3cudgx5",1,GB,0,0,0,0,0,0,0,0,0,0,0,0,,0,,,1,0,0,0,0,0,-3.23668544174871,0,0,0,0,0,0,0,0,0,0,,0,,,,,0,0.0,0.0
2022,REG,00-0034750,R.Penny,Rashaad Penny,RB,RB,"https://static.www.nfl.com/image/private/f_auto,q_auto/league/mwvzwst6cfcwifblqtsj",5,SEA,0,0,0,0,0,0,0,0,0,0,0,0,,0,,,57,346,2,1,0,15,13.1444890796556,0,4,5,16,0,0,0,-12,28,2,1.06913642963627,0,-1.33333333333333,0.05,-0.0138568129330254,0.0653002309468822,0,48.2,52.2
2022,REG,00-0034753,M.Andrews,Mark Andrews,TE,TE,"https://static.www.nfl.com/image/private/f_auto,q_auto/league/cv7h66mkpoalli9wfdqp",15,BAL,0,0,0,0,0,0,0,0,0,0,0,0,,0,,,3,8,0,0,0,3,3.92259334563278,0,73,113,847,5,1,0,1105,243,48,24.1354541858237,1,0.766515837104072,0.281795511221945,0.335560279380504,0.657585462399271,0,117.5,190.5
2022,REG,00-0034764,M.Gallup,Michael Gallup,WR,WR,"https://static.www.nfl.com/image/private/f_auto,q_auto/league/tt9xpcg4x2z3osc1fcq6",14,DAL,0,0,0,0,0,0,0,0,0,0,0,0,,0,,,0,0,0,0,0,0,,0,39,74,424,4,0,0,819,107,25,-0.477339262295435,0,0.517704517704518,0.166666666666667,0.224199288256228,0.406939501779359,0,66.4,105.4
2022,REG,00-0034765,T.Smith,Tre'Quan Smith,WR,WR,"https://static.www.nfl.com/image/private/f_auto,q_auto/league/w0fqbjft1n3akkw7o6jc",9,NO,0,0,0,0,0,0,0,0,0,0,0,0,,0,,,0,0,0,0,0,0,,0,19,27,278,1,0,0,331,66,14,7.38566259577621,0,0.83987915407855,0.0957446808510638,0.135767022149303,0.238653936781108,0,33.8,52.8
2022,REG,00-0034775,C.Kirk,Christian Kirk,WR,WR,"https://static.www.nfl.com/image/private/f_auto,q_auto/league/ersmmtjmjlpsy9lmjvde",17,JAX,0,1,0,0,0,0,0,0,0,1,0,0,-0.326806403230876,0,0.0,,5,11,0,0,0,0,-0.831199138890952,0,84,133,1108,8,0,0,1216,371,55,32.9305959386592,0,0.911184210526316,0.231707317073171,0.289868891537545,0.550469199686037,0,159.9,243.9
2022,REG,00-0034777,D.Chark,D.J. Chark,WR,WR,"https://static.www.nfl.com/image/private/f_auto,q_auto/league/bn5lxiv1cyyidlhkth84",11,DET,0,0,0,0,0,0,0,0,0,0,0,0,,0,,,0,0,0,0,0,0,,0,30,52,502,3,0,0,799,132,24,21.153133170537,0,0.62828535669587,0.136125654450262,0.294833948339483,0.410572245513031,0,68.2,98.2
2022,REG,00-0034791,N.Chubb,Nick Chubb,RB,RB,"https://static.www.nfl.com/image/private/f_auto,q_auto/league/a8ib0haur75wrhqrbtyo",17,CLE,0,0,0,0,0,0,0,0,0,0,0,0,,0,,,302,1525,12,1,1,69,13.2250271103403,1,27,37,239,1,0,0,0,259,12,7.96462639622041,0,0.0,0.0729783037475345,0.0,0.109467455621302,0,254.4,281.4
2022,REG,00-0034796,L.Jackson,Lamar Jackson,QB,QB,"https://static.www.nfl.com/image/private/f_auto,q_auto/league/wj1fwvvkjaqztm56ybzu",12,BAL,203,326,2242,17,7,26,114,3,1,2754,974,105,9.42733552568468,1,0.814088598402324,0.0837533954381994,112,764,3,2,1,47,39.7721011016284,0,0,0,0,0,0,0,0,0,0,,0,,,,,0,236.08,236.08
2022,REG,00-0034798,D.Smythe,Durham Smythe,TE,TE,"https://static.www.nfl.com/image/private/f_auto,q_auto/league/bymp1mbuhxq4vbrwnof7",12,MIA,0,0,0,0,0,0,0,0,0,0,0,0,,0,,,2,1,1,0,0,1,1.39937950804597,0,15,20,129,1,0,0,79,47,7,-0.76509370630729,0,1.63291139240506,0.0563380281690141,0.025071405902888,0.102057026385543,0,25.0,40.0
2022,REG,00-0034816,R.Jones,Ronald Jones,RB,RB,"https://static.www.nfl.com/image/private/f_auto,q_auto/league/juku3wy4sv0xwobxw7xp",5,KC,0,0,0,0,0,0,0,0,0,0,0,0,,0,,,17,70,1,0,0,4,1.12223323842045,0,1,1,22,0,0,0,-1,23,1,1.84964593237964,0,-22.0,0.027027027027027,-0.004739336492891,0.0372230049955168,0,15.2,16.2
2022,REG,00-0034827,D.Moore,D.J. Moore,WR,WR,"https://static.www.nfl.com/image/private/f_auto,q_auto/league/fuhd1intilojmnbx7wjq",17,CAR,0,0,0,0,0,0,0,0,0,0,0,0,,0,,,10,53,0,0,0,3,1.83531561470591,0,63,118,888,7,0,0,1526,186,44,17.1454779588789,0,0.581913499344692,0.276346604215457,0.476279650436954,0.747915661629053,0,136.1,199.1
2022,REG,00-0034829,M.Gesicki,Mike Gesicki,TE,TE,"https://static.www.nfl.com/image/private/f_auto,q_auto/league/mpichyoi6vdnhb7qte6c",17,MIA,0,0,0,0,0,0,0,0,0,0,0,0,,0,,,0,0,0,0,0,0,,0,32,52,362,5,0,0,490,97,19,2.97574509845882,0,0.738775510204082,0.0925266903914591,0.102062070402,0.210233484868588,0,66.2,98.2
2022,REG,00-0034830,H.Hurst,Hayden Hurst,TE,TE,"https://static.www.nfl.com/image/private/f_auto,q_auto/league/evevkgcgy0suudtprryp",13,CIN,0,0,0,0,0,0,0,0,0,0,0,0,,0,,,0,0,0,0,0,0,,0,52,68,414,2,0,0,340,186,25,20.734153085927,0,1.21764705882353,0.143157894736842,0.100980100980101,0.285422912791334,0,53.4,105.4
2022,REG,00-0034838,R.Freeman,Royce Freeman,RB,RB,"https://static.www.nfl.com/image/private/f_auto,q_auto/league/omv74ajxzfk50f5te1mp",4,HOU,0,0,0,0,0,0,0,0,0,0,0,0,,0,,,41,117,0,1,1,7,-15.4241196003859,0,6,8,33,0,0,0,-6,39,0,-1.46562903665472,0,-5.5,0.0588235294117647,-0.0070838252656434,0.0832766164316966,0,13.0,19.0
2022,REG,00-0034844,S.Barkley,Saquon Barkley,RB,RB,"https://static.www.nfl.com/image/private/f_auto,q_auto/league/o8tlhps5u1tvnaaxlpjk",16,NYG,0,0,0,0,0,0,0,0,0,0,0,0,,0,,,295,1312,10,1,0,62,-15.5111691397291,0,57,76,338,0,0,0,-16,434,10,-13.6522434311378,1,-21.125,0.168514412416851,-0.0058458165875045,0.248679547014024,0,227.0,284.0
2022,REG,00-0034845,S.Michel,Sony Michel,RB,RB,"https://static.www.nfl.com/image/private/f_auto,q_auto/league/eydtwcqcaegkuwivq0ln",10,LAC,0,0,0,0,0,0,0,0,0,0,0,0,,0,,,36,106,0,0,0,8,-2.80898014333798,0,9,13,53,0,0,0,22,46,1,-6.60237012855941,0,2.40909090909091,0.0476190476190476,0.0129716981132075,0.0805087601078167,0,15.9,24.9
2022,REG,00-0034854,K.Hodge,KhaDarel Hodge,WR,WR,"https://static.www.nfl.com/image/private/f_auto,q_auto/league/rx0oqq7r3hwwdliira2q",9,ATL,0,0,0,0,0,0,0,0,0,0,0,0,,0,,,0,0,0,0,0,0,,0,13,20,202,1,0,0,268,61,7,12.5099268541671,1,0.753731343283582,0.091743119266055,0.119589468987059,0.221327307190024,0,28.2,41.2
2022,REG,00-0034855,B.Mayfield,Baker Mayfield,QB,QB,"https://static.www.nfl.com/image/private/f_auto,q_auto/league/haglbmidyaxtimhctzlp",12,LA,201,335,2163,10,8,36,217,4,1,2276,1127,94,-50.3416971831075,0,0.950351493848858,-0.0139742330148786,31,89,1,5,1,7,-7.13356569058593,0,0,0,0,0,0,0,0,0,0,,0,,,,,0,121.42,121.42
2022,REG,00-0034857,J.Allen,Josh Allen,QB,QB,"https://static.www.nfl.com/image/private/f_auto,q_auto/league/ghmmndgjefpxziks7ntf",16,BUF,359,567,4283,35,14,33,162,6,3,5229,1588,212,100.669425849865,1,0.819085867278638,0.136449853050779,124,762,7,7,2,55,39.3497824431823,1,0,0,0,0,0,0,0,0,0,,0,,,,,0,395.52,395.52
2022,REG,00-0034860,D.Pettis,Dante Pettis,WR,WR,"https://static.www.nfl.com/image/private/f_auto,q_auto/league/j35nhxhisutf6pz38fzs",14,CHI,0,0,0,0,0,0,0,0,0,0,0,0,,0,,,2,37,0,0,0,2,2.83032425952842,0,19,41,245,3,0,0,371,63,9,-15.3692245201569,0,0.660377358490566,0.130990415335463,0.134322954380883,0.290511691069813,0,46.2,65.2
2022,REG,00-0034869,S.Darnold,Sam Darnold,QB,QB,"https://static.www.nfl.com/image/private/f_auto,q_auto/league/whfsdoeusfuts9t4m6ex",6,CAR,82,140,1143,7,3,10,78,1,1,1138,553,57,21.072685399864,0,1.00439367311072,0.133995093076823,26,106,2,4,1,10,-4.00550188154991,0,0,0,0,0,0,0,0,0,0,,0,,,,,0,86.32,86.32
2022,REG,00-0034899,J.Wolford,John Wolford,QB,QB,"https://static.www.nfl.com/image/private/f_auto,q_auto/league/uxzgrelwi10vk4vbx7lc",2,LA,38,62,390,1,3,7,49,2,1,504,198,19,-19.7487390648946,0,0.773809523809524,-0.0068722156340763,8,32,0,1,0,2,2.05569803417893,0,0,0,0,0,0,0,0,0,0,,0,,,,,0,14.8,14.8
2022,REG,00-0034928,S.Sims,Steven Sims,WR,WR,"https://static.www.nfl.com/image/upload/f_auto,q_auto/league/lomie0vpvgt7kxel3rdr",11,PIT,0,0,0,0,0,0,0,0,0,0,0,0,,0,,,13,70,0,0,0,5,2.04482268402353,0,14,23,104,0,0,0,129,60,5,-5.79347952550491,0,0.806201550387597,0.0839416058394161,0.0682178741406663,0.17366492065759,0,17.4,31.4
2022,REG,00-0034955,B.Rypien,Brett Rypien,QB,QB,"https://static.www.nfl.com/image/private/f_auto,q_auto/league/dk9b6nlydrbexyyoknoi",4,DEN,53,88,483,2,4,8,47,2,1,734,267,24,-29.22884806378,0,0.658038147138965,0.0046974766834638,6,7,0,1,0,2,-0.541646446508821,0,0,0,0,0,0,0,0,0,0,,0,,,,,0,18.02,18.02
2022,REG,00-0034959,A.Beck,Andrew Beck,FB,RB,"https://static.www.nfl.com/image/upload/f_auto,q_auto/league/nwoylhzdinzmjkmnjvel",8,DEN,0,0,0,0,0,0,0,0,0,0,0,0,,0,,,2,0,0,0,0,0,-2.06903947517276,0,5,11,69,0,0,0,46,47,2,-4.78232049429789,0,1.5,0.0472103004291846,0.0236625514403292,0.0873792366520073,0,6.9,11.9
2022,REG,00-0034960,J.Meyers,Jakobi Meyers,WR,WR,"https://static.www.nfl.com/image/private/f_auto,q_auto/league/lhfd2xsufgep72sfkacg",14,NE,0,0,0,0,0,0,0,0,0,0,0,0,,0,,,2,9,0,0,0,2,1.03889269684441,0,67,96,804,6,1,1,950,238,38,36.9391440560107,1,0.846315789473684,0.221709006928407,0.277048702245553,0.526497601964497,0,117.3,184.3
2022,REG,00-0034970,I.Smith,Irv Smith,TE,TE,"https://static.www.nfl.com/image/private/f_auto,q_auto/league/gvnnqr5kj0rtte3iw9mp",8,MIN,0,0,0,0,0,0,0,0,0,0,0,0,,0,,,0,0,0,0,0,0,,0,25,36,182,2,1,0,164,91,9,-4.3309190620181,0,1.10975609756098,0.129496402877698,0.0923423423423423,0.258884243956186,0,30.2,55.2
2022,REG,00-0034972,A.Mattison,Alexander Mattison,RB,RB,"https://static.www.nfl.com/image/private/f_auto,q_auto/league/kn3cwf59lqoyauoqmghm",17,MIN,0,0,0,0,0,0,0,0,0,0,0,0,,0,,,74,283,5,0,0,21,0.382584990555188,0,15,18,91,1,0,0,-33,121,4,4.29031357783718,0,-2.75757575757576,0.0482573726541555,-0.0166498486377397,0.0607311649348155,0,73.4,88.4
2022,REG,00-0034975,J.Hill,Justice Hill,RB,RB,"https://static.www.nfl.com/image/private/f_auto,q_auto/league/v9xufmbbfauthnlpxcrc",13,BAL,0,0,0,0,0,0,0,0,0,0,0,0,,0,,,49,262,0,1,1,15,-3.18598145133001,0,12,12,58,0,1,0,-25,83,2,2.079712545441,0,-2.32,0.0628272251308901,-0.0173731758165393,0.0820796146247576,0,30.0,42.0
2022,REG,00-0034981,F.Moreau,Foster Moreau,TE,TE,"https://static.www.nfl.com/image/private/f_auto,q_auto/league/cvxobozy7tbpgnxahes9",14,LV,0,0,0,0,0,0,0,0,0,0,0,0,,0,,,0,0,0,0,0,0,,0,33,54,420,2,0,0,451,237,24,8.41547742337571,0,0.931263858093126,0.11587982832618,0.103869184707508,0.246528171784526,0,54.0,87.0
2022,REG,00-0034983,H.Renfrow,Hunter Renfrow,WR,WR,"https://static.www.nfl.com/image/private/f_auto,q_auto/league/coqn2jxhmjhaut34aqiv",10,LV,0,0,0,0,0,0,0,0,0,0,0,0,,0,,,0,0,0,0,0,0,,0,36,50,330,2,3,1,339,149,18,4.0449149620977,0,0.973451327433628,0.151515151515152,0.109073359073359,0.303624078624079,0,43.0,79.0
2022,REG,00-0035021,A.Dulin,Ashton Dulin,WR,WR,"https://static.www.nfl.com/image/private/f_auto,q_auto/league/jnaoemdbciiow7rcfzbu",7,IND,0,0,0,0,0,0,0,0,0,0,0,0,,0,,,2,8,0,0,0,1,0.343437358504161,0,15,22,207,1,0,0,252,35,12,8.30038729403168,0,0.821428571428571,0.0873015873015873,0.149732620320856,0.23576521517698,0,27.5,42.5
2022,REG,00-0035022,P.Hart,Penny Hart,WR,WR,"https://static.www.nfl.com/image/private/f_auto,q_auto/league/x56attwx7uv6a8zbetsq",3,SEA,0,0,0,0,0,0,0,0,0,0,0,0,,0,,,0,0,0,0,0,0,,0,3,4,20,0,0,0,31,12,1,-0.878406166622881,0,0.645161290322581,0.032520325203252,0.036046511627907,0.0740130459444129,0,2.0,5.0
2022,REG,00-0035040,D.Blough,David Blough,QB,QB,"https://static.www.nfl.com/image/private/f_auto,q_auto/league/enumsdgbnfykd6znzeck",2,ARI,38,58,402,2,2,5,24,1,1,481,225,18,-4.82702916547705,0,0.835758835758836,0.028820329505475,4,5,0,0,0,0,-5.00835443963297,0,0,0,0,0,0,0,0,0,0,,0,,,,,0,18.58,18.58
2022,REG,00-0035042,J.Gillan,Jamie Gillan,P,SPEC,"https://static.www.nfl.com/image/private/f_auto,q_auto/league/fhwbrytkidc2slpjlazg",3,NYG,0,0,0,0,0,1,11,0,0,0,0,0,-3.91646933788434,0,,,2,-3,0,1,0,0,-5.0160511447466,0,0,0,0,0,0,0,0,0,0,,0,,,,,0,-0.3,-0.3
2022,REG,00-0035099,K.Blasingame,Khari Blasingame,FB,RB,"https://static.www.nfl.com/image/private/f_auto,q_auto/league/w6upjqhddbjlnnqui819",1,CHI,0,0,0,0,0,0,0,0,0,0,0,0,,0,,,0,0,0,0,0,0,,0,0,1,0,0,0,0,-4,0,0,-0.555493432795629,0,0.0,0.0416666666666667,-0.0232558139534884,0.0462209302325581,0,0.0,0.0
2022,REG,00-0035125,A.Ingold,Alec Ingold,FB,RB,"https://static.www.nfl.com/image/private/f_auto,q_auto/league/oxtyl1jrhudt3minnb83",12,MIA,0,0,0,0,0,0,0,0,0,0,0,0,,0,,,6,8,1,0,0,5,3.48332246436621,0,15,23,105,1,0,0,54,93,4,-1.51853228808614,0,1.94444444444444,0.0570719602977668,0.0156657963446475,0.0965739978879034,0,23.3,38.3
2022,REG,00-0035133,K.Nixon,Keisean Nixon,CB,DB,"https://static.www.nfl.com/image/private/f_auto,q_auto/league/fxopilb7lo4fmzzoz4z0",1,GB,0,0,0,0,0,0,0,0,0,0,0,0,,0,,,0,0,0,0,0,0,,0,0,0,0,0,0,0,0,0,0,,0,,,,,1,6.0,6.0
2022,REG,00-0035140,M.Hardman,Mecole Hardman,WR,WR,"https://static.www.nfl.com/image/upload/f_auto,q_auto/league/rzs2xd5j7o7lz1ivk5te",8,KC,0,0,0,0,0,0,0,0,0,0,0,0,,0,,,4,31,2,0,0,3,2.0026466519339,0,25,34,297,4,0,0,275,160,14,18.5855168588665,0,1.08,0.108626198083067,0.122330960854093,0.248570969722465,0,68.8,93.8
2022,REG,00-0035146,T.McSorley,Trace McSorley,QB,QB,"https://static.www.nfl.com/image/private/f_auto,q_auto/league/gfl6nhrkzshnhcsxfvqy",5,ARI,45,83,412,0,5,3,27,1,1,644,207,17,-36.3881795077863,0,0.639751552795031,-0.0237664033028082,15,61,0,1,1,3,-6.19019312651188,0,0,0,0,0,0,0,0,0,0,,0,,,,,0,8.58,8.58
2022,REG,00-0035156,J.Fox,Jack Fox,P,SPEC,"https://static.www.nfl.com/image/private/f_auto,q_auto/league/bopl2e68nma6fbujuq4u",1,DET,1,1,6,0,0,0,0,0,0,6,0,1,2.95259860344231,0,1.0,,0,0,0,0,0,0,,0,0,0,0,0,0,0,0,0,0,,0,,,,,0,0.24,0.24
2022,REG,00-0035184,D.Ozigbo,Devine Ozigbo,RB,RB,"https://static.www.nfl.com/image/private/f_auto,q_auto/league/teht8fiw2mu5g8xmdoqm",3,DEN,0,0,0,0,0,0,0,0,0,0,0,0,,0,,,3,4,0,0,0,0,-1.50215048354585,0,1,1,3,0,0,0,-4,7,0,-0.180052295094356,0,-0.75,0.03125,-0.0123076923076923,0.0382596153846154,0,0.7,1.7
2022,REG,00-0035208,O.Zaccheaus,Olamide Zaccheaus,WR,WR,"https://static.www.nfl.com/image/private/f_auto,q_auto/league/dwtubzfv9kpr23znavl6",16,ATL,0,0,0,0,0,0,0,0,0,0,0,0,,0,,,2,7,0,0,0,1,-0.471231613657437,0,40,61,533,3,1,1,718,193,25,23.6775589132273,0,0.742339832869081,0.162666666666667,0.204908675799087,0.387436073059361,0,70.0,110.0
2022,REG,00-0035215,D.Harty,Deonte Harty,WR,WR,"https://static.www.nfl.com/image/private/f_auto,q_auto/league/h72iki8fggkee1n2jpg6",2,NO,0,0,0,0,0,0,0,0,0,0,0,0,,0,,,0,0,0,0,0,0,,0,2,2,13,0,0,0,5,8,0,-1.21072969160741,0,2.6,0.0277777777777778,0.0060386473429951,0.0458937198067633,0,1.3,3.3
2022,REG,00-0035216,D.Johnson,Diontae Johnson,WR,WR,"https://static.www.nfl.com/image/private/f_auto,q_auto/league/imoqxbyoluisz2tmoral",17,PIT,0,0,0,0,0,0,0,0,0,0,0,0,,0,,,7,25,0,0,0,1,0.424014863616321,0,86,147,882,0,1,0,1499,236,45,-6.91129774280878,2,0.588392261507672,0.268248175182482,0.332963127498889,0.635446452022945,0,94.7,180.7
2022,REG,00-0035217,B.Snell,Benny Snell,RB,RB,"https://static.www.nfl.com/image/private/f_auto,q_auto/league/fo3ppnx6djkougdmpthf",3,PIT,0,0,0,0,0,0,0,0,0,0,0,0,,0,,,20,90,1,0,0,6,4.33043405856006,0,2,2,17,0,0,0,-1,18,1,1.56424062600127,0,-17.0,0.0363636363636364,-0.0024271844660194,0.052846425419241,0,16.7,18.7
2022,REG,00-0035222,Z.Gentry,Zach Gentry,TE,TE,"https://static.www.nfl.com/image/private/f_auto,q_auto/league/ymrc0ebxrmqahtvimt8l",14,PIT,0,0,0,0,0,0,0,0,0,0,0,0,,0,,,0,0,0,0,0,0,,0,19,23,132,0,0,0,64,102,6,-1.43605841651222,0,2.0625,0.050328227571116,0.0231464737793852,0.0916948730022436,0,13.2,32.2
2022,REG,00-0035228,K.Murray,Kyler Murray,QB,QB,"https://static.www.nfl.com/image/private/f_auto,q_auto/league/ad68dbv2eqakttaqwppv",11,ARI,259,390,2368,14,7,25,192,3,0,2678,1254,119,-18.2468432857015,3,0.884241971620612,0.052151400418085,67,418,3,4,2,23,11.4837473470646,1,0,0,0,0,0,0,0,0,0,,0,,,,,0,200.52,200.52
2022,REG,00-0035229,T.Hockenson,T.J. Hockenson,TE,TE,"https://static.www.nfl.com/image/private/f_auto,q_auto/league/exbnbnkgkhp9tlt10wig",17,MIN,0,0,0,0,0,0,0,0,0,0,0,0,,0,,,0,0,0,0,0,0,,0,86,129,914,6,1,1,981,413,44,3.37266957908512,2,0.931702344546381,0.203149606299213,0.183776695391532,0.433368096222892,0,129.4,215.4
2022,REG,00-0035243,M.Sanders,Miles Sanders,RB,RB,"https://static.www.nfl.com/image/private/f_auto,q_auto/league/vzctez3oxwdttiyukq18",17,PHI,0,0,0,0,0,0,0,0,0,0,0,0,,0,,,259,1269,11,1,1,62,13.6456131784944,0,20,26,78,0,1,1,23,103,2,-11.2849905361654,0,3.39130434782609,0.062200956937799,0.0073248407643312,0.0984288239417304,0,196.7,216.7
2022,REG,00-0035249,J.Oliver,Josh Oliver,TE,TE,"https://static.www.nfl.com/image/private/f_auto,q_auto/league/pwd3muzyjclgjlwwtdah",12,BAL,0,0,0,0,0,0,0,0,0,0,0,0,,0,,,0,0,0,0,0,0,,0,14,25,149,2,0,0,213,74,7,4.88933500568735,0,0.699530516431925,0.0766871165644172,0.0786558345642541,0.170089759041604,0,26.9,40.9
2022,REG,00-0035250,D.Singletary,Devin Singletary,RB,RB,"https://static.www.nfl.com/image/upload/f_auto,q_auto/league/ulczhsxmhnyrsyjfrhd5",16,BUF,0,0,0,0,0,0,0,0,0,0,0,0,,0,,,177,819,5,3,3,42,-16.7772215890291,0,38,52,280,1,0,0,8,261,15,6.94324239226154,0,35.0,0.0943738656987296,0.0016931216931216,0.14274598373328,0,139.9,177.9
2022,REG,00-0035259,T.Wesco,Trevon Wesco,TE,TE,"https://static.www.nfl.com/image/private/f_auto,q_auto/league/ptq3iidy6uyg3f31gjl5",4,CHI,0,0,0,0,0,0,0,0,0,0,0,0,,0,,,0,0,0,0,0,0,,0,2,4,26,0,0,0,23,12,1,-0.326346525980625,1,1.1304347826087,0.0645161290322581,0.041970802919708,0.126153755592183,0,4.6,6.6
2022,REG,00-0035261,T.Pollard,Tony Pollard,RB,RB,"https://static.www.nfl.com/image/private/f_auto,q_auto/league/pqhmih6cdyb3yqfd1dmb",16,DAL,0,0,0,0,0,0,0,0,0,0,0,0,,0,,,193,1007,9,0,0,46,4.52095405462352,0,39,55,371,3,0,0,75,347,18,6.24090550486646,0,4.94666666666667,0.112704918032787,0.0221762270845653,0.184580736008376,0,209.8,248.8
2022,REG,00-0035264,J.Stidham,Jarrett Stidham,QB,QB,"https://static.www.nfl.com/image/private/f_auto,q_auto/league/vzjrnfhb1p5n5x67zzx4",3,LV,53,83,656,4,3,7,47,2,1,763,261,32,-5.13012409190855,0,0.859764089121887,0.0749728588442778,14,84,0,1,0,7,4.8247253955924,0,0,0,0,0,0,0,0,0,0,,0,,,,,0,42.64,42.64
2022,REG,00-0035272,A.Van Ginkel,Andrew Van Ginkel,OLB,LB,"https://static.www.nfl.com/image/private/f_auto,q_auto/league/tq7dbfmycd7qrbal5lvb",1,MIA,0,0,0,0,0,0,0,0,0,0,0,0,,0,,,0,0,0,0,0,0,,0,0,0,0,0,0,0,0,0,0,,0,,,,,1,6.0,6.0
2022,REG,00-0035277,M.Jackson,Michael Jackson,CB,DB,"https://static.www.nfl.com/image/upload/f_auto,q_auto/league/nbudnfgau5q49t7mik4g",1,SEA,0,0,0,0,0,0,0,0,0,0,0,0,,0,,,0,0,0,0,0,0,,0,0,0,0,0,0,0,0,0,0,,0,,,,,1,6.0,6.0
2022,REG,00-0035289,G.Minshew,Gardner Minshew,QB,QB,"https://static.www.nfl.com/image/private/f_auto,q_auto/league/gvv8ki5crxio2rxfwzng",5,PHI,44,76,663,3,3,6,28,2,0,717,251,30,7.4255315409884,0,0.924686192468619,0.0492901468392755,7,3,1,1,1,1,-11.3743848212625,0,0,0,0,0,0,0,0,0,0,,0,,,,,0,36.82,36.82
2022,REG,00-0035291,T.Williams,Trayveon Williams,RB,RB,"https://static.www.nfl.com/image/private/f_auto,q_auto/league/lwyipowl19fmjrfm37nd",4,CIN,0,0,0,0,0,0,0,0,0,0,0,0,,0,,,6,30,0,0,0,1,-0.613481856242288,0,2,3,30,0,0,0,20,8,1,1.58802612204454,0,1.5,0.0285714285714286,0.025706940874036,0.060852001468968,0,6.0,8.0
2022,REG,00-0035298,S.Miller,Scott Miller,WR,WR,"https://static.www.nfl.com/image/private/f_auto,q_auto/league/op0lagoypltubc9t61qu",11,TB,0,0,0,0,0,0,0,0,0,0,0,0,,0,,,1,8,0,0,0,0,-0.361206862144172,0,23,40,185,0,0,0,512,33,8,0.70708928487305,0,0.361328125,0.0829875518672199,0.163682864450128,0.239059332915919,0,19.3,42.3
2022,REG,00-0035308,T.Sweeney,Tommy Sweeney,TE,TE,"https://static.www.nfl.com/image/private/f_auto,q_auto/league/tw1tgrqwyiadl4kweuf6",1,BUF,0,0,0,0,0,0,0,0,0,0,0,0,,0,,,0,0,0,0,0,0,,0,1,1,7,0,0,0,-1,8,1,0.801076786592603,0,0.0,0.0263157894736842,-0.0035714285714285,0.0369736842105263,0,0.7,1.7
2022,REG,00-0035311,M.Gaskin,Myles Gaskin,RB,RB,"https://static.www.nfl.com/image/private/f_auto,q_auto/league/ypsxp4e7apgqibr9edzy",2,MIA,0,0,0,0,0,0,0,0,0,0,0,0,,0,,,10,26,0,0,0,2,-4.99477203493007,0,4,6,28,0,0,0,17,20,0,-4.26989294885425,0,1.64705882352941,0.0857142857142857,0.025260029717682,0.146253449373806,0,5.4,9.4
2022,REG,00-0035327,C.Moore,C.J. Moore,FS,DB,"https://static.www.nfl.com/image/private/f_auto,q_auto/league/jsfetufrmzdqhxvwvcwq",2,DET,0,0,0,0,0,0,0,0,0,0,0,0,,0,,,2,55,0,0,0,2,6.83741370635107,0,0,0,0,0,0,0,0,0,0,,0,,,,,0,5.5,5.5
2022,REG,00-0035329,D.Parham,Donald Parham,TE,TE,"https://static.www.nfl.com/image/private/f_auto,q_auto/league/a0edaf5rlkyc6syfvonz",6,LAC,0,0,0,0,0,0,0,0,0,0,0,0,,0,,,0,0,0,0,0,0,,0,10,12,130,1,0,0,124,42,5,8.14081721890093,0,1.04838709677419,0.051948051948052,0.084641638225256,0.137171224679757,0,19.0,29.0
2022,REG,00-0035341,T.Irwin,Trenton Irwin,WR,WR,"https://static.www.nfl.com/image/private/f_auto,q_auto/league/nx9e98gqxm1ov8z9rsn2",9,CIN,0,0,0,0,0,0,0,0,0,0,0,0,,0,,,1,11,0,0,0,1,0.635329640004784,0,15,23,231,4,0,0,259,59,12,19.6787893852738,0,0.891891891891892,0.0703363914373089,0.125972762645914,0.193685521008103,0,48.2,63.2
2022,REG,00-0035345,C.Myarick,Chris Myarick,TE,TE,"https://static.www.nfl.com/image/private/f_auto,q_auto/league/exwqvc1wszmrf44sp1us",7,NYG,0,0,0,0,0,0,0,0,0,0,0,0,,0,,,0,0,0,0,0,0,,0,7,8,65,1,0,0,23,38,5,7.24267490941566,0,2.82608695652174,0.0432432432432432,0.0190239867659223,0.0781816556010104,0,12.5,19.5
2022,REG,00-0035359,D.Sills,David Sills,WR,WR,"https://static.www.nfl.com/image/private/f_auto,q_auto/league/sk6xldbivylmykzlsgzw",7,NYG,0,0,0,0,0,0,0,0,0,0,0,0,,0,,,0,0,0,0,0,0,,0,11,17,106,0,0,0,133,40,7,4.90242563802167,0,0.796992481203008,0.0894736842105263,0.102150537634409,0.205715902659875,0,10.6,21.6
2022,REG,00-0035399,S.Morgan,Stanley Morgan,WR,WR,"https://static.www.nfl.com/image/private/f_auto,q_auto/league/jzkx5cgnjnzgi7eutmbe",1,CIN,0,0,0,0,0,0,0,0,0,0,0,0,,0,,,0,0,0,0,0,0,,0,0,1,0,0,0,0,0,0,0,-3.1803987219464,0,,0.0294117647058824,,,0,0.0,0.0
2022,REG,00-0035406,L.Humphrey,Lil'Jordan Humphrey,WR,WR,"https://static.www.nfl.com/image/private/f_auto,q_auto/league/r58pqj96qunak08kld9u",3,NE,0,0,0,0,0,0,0,0,0,0,0,0,,0,,,0,0,0,0,0,0,,0,2,4,20,0,0,0,27,15,0,0.319614155567251,0,0.740740740740741,0.0465116279069768,0.0331695331695332,0.0929861150791383,0,2.0,4.0
2022,REG,00-0035414,J.Guyton,Jalen Guyton,WR,WR,"https://static.www.nfl.com/image/private/f_auto,q_auto/league/etdpyuyxbaplhm0pwiqz",2,LAC,0,0,0,0,0,0,0,0,0,0,0,0,,0,,,0,0,0,0,0,0,,0,2,4,64,0,0,0,115,7,2,4.26403268127769,0,0.556521739130435,0.0533333333333333,0.195911413969336,0.217137989778535,0,6.4,8.4
2022,REG,00-0035432,J.Moore,Jason Moore,WR,WR,"https://static.www.nfl.com/image/private/f_auto,q_auto/league/gbbc1ckeorj74mpfvstq",1,LAC,0,0,0,0,0,0,0,0,0,0,0,0,,0,,,0,0,0,0,0,0,,0,1,2,5,0,0,0,24,0,0,-0.742292379261926,0,0.208333333333333,0.0392156862745098,0.0747663551401869,0.111159978009896,0,0.5,1.5
2022,REG,00-0035457,T.Johnson,Tyron Johnson,WR,WR,"https://static.www.nfl.com/image/private/f_auto,q_auto/league/vrm7fxgx1p0cdabbo7ce",1,HOU,0,0,0,0,0,0,0,0,0,0,0,0,,0,,,0,0,0,0,0,0,,0,1,1,8,0,0,0,-2,10,0,0.633759932476096,0,0.0,0.0476190476190476,-0.0127388535031847,0.0625113739763421,0,0.8,1.8
2022,REG,00-0035500,G.Dortch,Greg Dortch,WR,WR,"https://static.www.nfl.com/image/private/f_auto,q_auto/league/tyjkbk1tbjprgnokg5vo",11,ARI,0,0,0,0,0,0,0,0,0,0,0,0,,0,,,7,44,0,0,0,3,1.96789370360784,0,52,64,467,2,0,0,316,293,19,12.0618982991102,0,1.47784810126582,0.151300236406619,0.120610687022901,0.31137783552596,0,63.1,115.1
2022,REG,00-0035510,J.Smith,Jeff Smith,WR,WR,"https://static.www.nfl.com/image/private/f_auto,q_auto/league/yfhldkiemkd3piauwjkt",7,NYJ,0,0,0,0,0,0,0,0,0,0,0,0,,0,,,0,0,0,0,0,0,,0,8,11,134,0,0,0,144,37,5,6.63677369389916,0,0.930555555555556,0.0518867924528302,0.0726905603230692,0.128713580905394,0,13.4,21.4
2022,REG,00-0035527,A.Isabella,Andy Isabella,WR,WR,"https://static.www.nfl.com/image/private/f_auto,q_auto/league/s3repurenhwlyxci2sqy",3,BAL,0,0,0,0,0,0,0,0,0,0,0,0,,0,,,1,1,0,0,0,0,-0.554851210617926,0,2,5,21,0,0,0,70,5,2,0.35335567645006,0,0.3,0.054945054945055,0.117056856187291,0.164357381748686,0,2.2,4.2
2022,REG,00-0035535,D.Slayton,Darius Slayton,WR,WR,"https://static.www.nfl.com/image/private/f_auto,q_auto/league/emmy86blz71njkcr496b",13,NYG,0,0,0,0,0,0,0,0,0,0,0,0,,0,,,0,0,0,0,0,0,,0,46,71,724,2,2,1,884,262,30,35.2541653745864,0,0.819004524886878,0.193989071038251,0.368640533778148,0.549031980202081,0,82.4,128.4
2022,REG,00-0035537,T.Johnson,Ty Johnson,RB,RB,"https://static.www.nfl.com/image/private/f_auto,q_auto/league/rnnicisnd8bqwheufiel",10,NYJ,0,0,0,0,0,0,0,0,0,0,0,0,,0,,,30,160,1,0,0,5,-4.09428113913532,0,12,24,88,0,0,0,48,73,3,-11.4523738198956,0,1.83333333333333,0.0857142857142857,0.0211267605633803,0.143360160965795,0,30.8,42.8
2022,REG,00-0035544,T.Kennedy,Tom Kennedy,WR,WR,"https://static.www.nfl.com/image/private/f_auto,q_auto/league/smmwtleq204yxkraf4z6",5,DET,0,0,0,0,0,0,0,0,0,0,0,0,,0,,,0,0,0,0,0,0,,0,8,15,141,0,0,0,134,73,7,7.93122358562974,0,1.05223880597015,0.108695652173913,0.146929824561404,0.265894355453852,0,14.1,22.1
2022,REG,00-0035547,J.Fortson,Joseph Fortson,TE,TE,"https://static.www.nfl.com/image/private/f_auto,q_auto/league/gxhstzqswbn4z05r9rqv",9,KC,0,0,0,0,0,0,0,0,0,0,0,0,,0,,,0,0,0,0,0,0,,0,9,13,108,2,0,0,88,40,6,8.23036413447699,0,1.22727272727273,0.0422077922077922,0.0379637618636756,0.0898863216162612,0,22.8,31.8
2022,REG,00-0035562,J.Horsted,Jesper Horsted,TE,TE,"https://static.www.nfl.com/image/private/f_auto,q_auto/league/mqbodeysdvvvuhkctewa",2,LV,0,0,0,0,0,0,0,0,0,0,0,0,,0,,,0,0,0,0,0,0,,0,3,4,19,0,0,0,26,6,0,0.0266837113304064,0,0.730769230769231,0.0606060606060606,0.0417335473515249,0.120122574055158,0,1.9,4.9
2022,REG,00-0035567,C.Reynolds,Craig Reynolds,RB,RB,"https://static.www.nfl.com/image/private/f_auto,q_auto/league/xrtk4bhx2jacwojihzor",6,DET,0,0,0,0,0,0,0,0,0,0,0,0,,0,,,23,102,0,0,0,4,-4.25025906867813,0,9,10,116,0,0,0,12,108,5,5.99750227430527,0,9.66666666666667,0.0492610837438424,0.0069726902963393,0.0787725088232011,0,21.8,30.8
2022,REG,00-0035572,P.Hesse,Parker Hesse,TE,TE,"https://static.www.nfl.com/image/private/f_auto,q_auto/league/gjzgdhrxeze35hqygj1y",9,ATL,0,0,0,0,0,0,0,0,0,0,0,0,,0,,,0,0,0,0,0,0,,0,9,11,89,0,0,0,65,36,6,8.56791393418098,0,1.36923076923077,0.047008547008547,0.0283842794759825,0.0903818161460083,0,8.9,17.9
2022,REG,00-0035593,J.Winfree,Juwann Winfree,WR,WR,"https://static.www.nfl.com/image/private/f_auto,q_auto/league/fty9irxwcqq7malchotw",3,GB,0,0,0,0,0,0,0,0,0,0,0,0,,0,,,0,0,0,0,0,0,,0,1,4,17,0,0,0,52,5,1,-0.998483151837718,0,0.326923076923077,0.0353982300884956,0.068241469816273,0.100866374004134,0,1.7,2.7
2022,REG,00-0035594,T.Homer,Travis Homer,RB,RB,"https://static.www.nfl.com/image/private/f_auto,q_auto/league/chcoxgzursdqznkyffxe",8,SEA,0,0,0,0,0,0,0,0,0,0,0,0,,0,,,19,74,0,0,0,4,-2.41903995090979,0,16,18,157,1,1,1,31,129,7,-5.40755327302031,0,5.06451612903226,0.0861244019138756,0.0238645111624326,0.145891760684516,0,27.1,43.1
2022,REG,00-0035603,K.Blanton,Kendall Blanton,TE,TE,"https://static.www.nfl.com/image/private/f_auto,q_auto/league/hyne29kklkfyyhaljukj",2,LA,0,0,0,0,0,0,0,0,0,0,0,0,,0,,,0,0,0,0,0,0,,0,2,2,35,0,0,0,12,23,1,1.94552876648959,0,2.91666666666667,0.0273972602739726,0.025369978858351,0.0588548756118046,0,3.5,5.5
2022,REG,00-0035609,J.Gervase,Jake Gervase,ILB,LB,"https://static.www.nfl.com/image/private/f_auto,q_auto/league/tgzuawrs7ra52ultqahi",1,LA,0,0,0,0,0,0,0,0,0,0,0,0,,0,,,0,0,0,0,0,0,,0,1,1,12,0,0,0,6,6,1,2.61605842690915,0,2.0,0.0238095238095238,0.0176470588235294,0.0480672268907563,0,1.2,2.2
2022,REG,00-0035621,N.Webster,Nsimba Webster,WR,WR,"https://static.www.nfl.com/image/private/f_auto,q_auto/league/ozrgm6uydeeuyh0ropgj",1,CHI,0,0,0,0,0,0,0,0,0,0,0,0,,0,,,0,0,0,0,0,0,,0,2,3,14,0,1,0,22,4,1,0.38132999476511,0,0.636363636363636,0.142857142857143,0.139240506329114,0.311754068716094,0,1.4,3.4
2022,REG,00-0035624,N.Harry,N'Keal Harry,WR,WR,"https://static.www.nfl.com/image/private/f_auto,q_auto/league/rtyhxwhkwczkl1g0pcin",6,CHI,0,0,0,0,0,0,0,0,0,0,0,0,,0,,,0,0,0,0,0,0,,0,7,9,116,1,0,0,153,16,4,8.58423115295591,0,0.758169934640523,0.0638297872340426,0.113670133729569,0.175313774461762,0,17.6,24.6
2022,REG,00-0035628,D.Johnson,D'Ernest Johnson,RB,RB,"https://static.www.nfl.com/image/private/f_auto,q_auto/league/zq7xfjee4nyktfky1ofe",3,CLE,0,0,0,0,0,0,0,0,0,0,0,0,,0,,,4,17,0,0,0,1,-0.0639174141688272,0,3,3,7,0,0,0,-1,8,0,-0.964569332019892,0,-7.0,0.0394736842105263,-0.001194743130227,0.0583742061246306,0,2.4,5.4
2022,REG,00-0035631,D.Sample,Drew Sample,TE,TE,"https://static.www.nfl.com/image/private/f_auto,q_auto/league/tqvgozvbmckyaditwpbn",2,CIN,0,0,0,0,0,0,0,0,0,0,0,0,,0,,,0,0,0,0,0,0,,0,2,2,-2,0,0,0,-2,0,0,-3.01596434186873,0,0.0,0.0227272727272727,-0.0035398230088495,0.0316130329847144,0,-0.2,1.8
2022,REG,00-0035639,P.Campbell,Parris Campbell,WR,WR,"https://static.www.nfl.com/image/private/f_auto,q_auto/league/plnptpz1flhijayvb0qv",17,IND,0,0,0,0,0,0,0,0,0,0,0,0,,0,,,5,58,0,0,0,2,2.29286615113961,0,63,91,623,3,1,0,582,276,32,-7.04746110652523,0,1.07044673539519,0.157167530224525,0.156915610676732,0.3455922228105,0,86.1,149.1
2022,REG,00-0035640,D.Metcalf,DK Metcalf,WR,WR,"https://static.www.nfl.com/image/private/f_auto,q_auto/league/u4cefcz7gjvby8c2kdkm",17,SEA,0,0,0,0,0,0,0,0,0,0,0,0,,0,,,0,0,0,0,0,0,,0,90,141,1048,6,2,2,1581,216,47,7.9957059521525,0,0.662871600253004,0.25497287522604,0.370084269662921,0.641518301603105,0,136.8,226.8
2022,REG,00-0035644,N.Fant,Noah Fant,TE,TE,"https://static.www.nfl.com/image/private/f_auto,q_auto/league/w1gqasldrg3jumzdqjvy",17,SEA,0,0,0,0,0,0,0,0,0,0,0,0,,0,,,0,0,0,0,0,0,,0,50,63,486,4,0,0,406,221,24,19.0903641065269,0,1.19704433497537,0.113924050632911,0.0950374531835206,0.237412293177832,0,72.6,122.6
2022,REG,00-0035645,G.Olszewski,Gunner Olszewski,WR,WR,"https://static.www.nfl.com/image/private/f_auto,q_auto/league/asw7wncrfj1rzeknctpd",10,PIT,0,0,0,0,0,0,0,0,0,0,0,0,,0,,,8,39,0,0,0,3,1.52266916783992,0,5,7,53,0,0,0,57,13,1,0.995576425542822,0,0.929824561403509,0.0603448275862069,0.0533707865168539,0.127876791941108,0,9.2,14.2
2022,REG,00-0035657,D.Harris,Damien Harris,RB,RB,"https://static.www.nfl.com/image/private/f_auto,q_auto/league/s0cagglk6qh9ciuddjmu",11,NE,0,0,0,0,0,0,0,0,0,0,0,0,,0,,,106,462,3,0,0,23,-3.71608092816314,0,17,23,97,0,0,0,25,86,4,-5.19468707495253,0,3.88,0.0779661016949153,0.010482180293501,0.124286678747824,0,73.9,90.9
2022,REG,00-0035659,T.McLaurin,Terry McLaurin,WR,WR,"https://static.www.nfl.com/image/private/f_auto,q_auto/league/jpprw1itmmg5nhrdwony",17,WAS,0,0,0,0,0,0,0,0,0,0,0,0,,0,,,7,29,0,1,0,2,1.28761015052442,0,77,120,1191,5,0,0,1549,382,56,48.6600150744493,0,0.768883150419626,0.225988700564972,0.353330291970803,0.58631425522702,0,152.0,229.0
2022,REG,00-0035662,M.Brown,Marquise Brown,WR,WR,"https://static.www.nfl.com/image/private/f_auto,q_auto/league/wgxeuyqliuweurzeigyh",12,ARI,0,0,0,0,0,0,0,0,0,0,0,0,,0,,,1,1,0,0,0,0,-0.228075947379693,0,67,107,709,3,1,0,1205,236,33,-3.33189989394678,0,0.588381742738589,0.236203090507726,0.362406015037594,0.607988846287905,0,89.0,156.0
2022,REG,00-0035664,D.Henderson,Darrell Henderson,RB,RB,"https://static.www.nfl.com/image/private/f_auto,q_auto/league/trvk8n0wjne7edxbajgw",10,LA,0,0,0,0,0,0,0,0,0,0,0,0,,0,,,70,283,3,0,0,14,1.44125769513403,0,17,22,102,0,0,0,28,110,5,-2.26136583913467,0,3.64285714285714,0.0780141843971631,0.0177215189873418,0.129426339886884,0,56.5,73.5
2022,REG,00-0035676,A.Brown,A.J. Brown,WR,WR,"https://static.www.nfl.com/image/private/f_auto,q_auto/league/a014sgzctarbvhwb35lw",17,PHI,0,0,0,0,0,0,0,0,0,0,0,0,,0,,,0,0,0,0,0,0,,0,88,145,1496,11,2,2,1750,552,59,55.8700271384892,0,0.854857142857143,0.287128712871287,0.406693004880316,0.715378172723152,0,211.6,299.6
2022,REG,00-0035685,D.Montgomery,David Montgomery,RB,RB,"https://static.www.nfl.com/image/private/f_auto,q_auto/league/grd20lxzonco9jyg3ful",16,CHI,0,0,0,0,0,0,0,0,0,0,0,0,,0,,,201,801,5,1,1,41,-15.3133969494852,0,34,40,316,1,1,1,51,283,10,6.72230372427884,0,6.19607843137255,0.145454545454545,0.0259806418746816,0.236368267494095,0,143.7,177.7
2022,REG,00-0035689,D.Knox,Dawson Knox,TE,TE,"https://static.www.nfl.com/image/private/f_auto,q_auto/league/objioqafpfrffs0ublne",15,BUF,0,0,0,0,0,0,0,0,0,0,0,0,,0,,,0,0,0,0,0,0,,0,48,65,517,6,0,0,507,193,25,20.4641619834732,0,1.01972386587771,0.12621359223301,0.109455958549223,0.265939559333971,0,87.7,135.7
2022,REG,00-0035700,J.Jacobs,Josh Jacobs,RB,RB,"https://static.www.nfl.com/image/private/f_auto,q_auto/league/sagoqkubeaz5yht01ow7",17,LV,0,0,0,0,0,0,0,0,0,0,0,0,,0,,,340,1653,12,2,0,93,-0.734085212900102,0,53,64,400,0,1,1,35,374,16,2.30787074817332,0,11.4285714285714,0.114695340501792,0.0075301204819277,0.177314095090038,0,275.3,328.3
2022,REG,00-0035703,M.Boykin,Miles Boykin,WR,WR,"https://static.www.nfl.com/image/private/f_auto,q_auto/league/khsjozu6q2xl8j6iq69x",3,PIT,0,0,0,0,0,0,0,0,0,0,0,0,,0,,,0,0,0,0,0,0,,0,2,3,11,0,0,0,46,0,1,-0.880375883949455,0,0.239130434782609,0.0275229357798165,0.0692771084337349,0.0897783795733392,0,1.1,3.1
2022,REG,00-0035710,D.Jones,Daniel Jones,QB,QB,"https://static.www.nfl.com/image/private/f_auto,q_auto/league/zrhniboizqpxtdyz6gez",16,NYG,317,472,3205,15,5,44,243,4,2,3031,1596,156,19.9492477708125,2,1.05740679643682,0.100845780600098,120,708,7,2,1,57,39.2763970620262,0,0,0,0,0,0,0,0,0,0,,0,,,,,0,289.0,289.0
2022,REG,00-0035719,D.Samuel,Deebo Samuel,WR,WR,"https://static.www.nfl.com/image/private/f_auto,q_auto/league/ciwaktyqewczcquks4wy",13,SF,0,0,0,0,0,0,0,0,0,0,0,0,,0,,,42,232,3,3,2,8,-8.38175346760545,0,56,94,632,2,0,0,396,493,25,8.942731833136,0,1.5959595959596,0.236775818639799,0.148259078996631,0.458945083257339,0,112.4,168.4
2022,REG,00-0035726,J.Johnson,Jakob Johnson,FB,RB,"https://static.www.nfl.com/image/private/f_auto,q_auto/league/wkfev7wnnwphmdemhysa",6,LV,0,0,0,0,0,0,0,0,0,0,0,0,,0,,,0,0,0,0,0,0,,0,5,6,10,0,0,0,7,7,0,-3.57587455189787,0,1.42857142857143,0.0319148936170213,0.0063463281958295,0.0523147701626126,0,1.0,6.0
2022,REG,00-0035752,C.Streveler,Chris Streveler,QB,QB,"https://static.www.nfl.com/image/private/f_auto,q_auto/league/epyvfplm9neqqvzsj2q8",1,NYJ,10,15,90,0,0,0,0,0,0,131,17,5,1.72026074829046,0,0.687022900763359,0.142065695637495,9,54,0,1,0,1,1.49871271272423,0,0,0,0,0,0,0,0,0,0,,0,,,,,0,9.0,9.0
2022,REG,00-0035771,M.Wilcox,Mitchell Wilcox,TE,TE,"https://static.www.nfl.com/image/private/f_auto,q_auto/league/cxh2vsypwniukuheewu0",9,CIN,0,0,0,0,0,0,0,0,0,0,0,0,,0,,,0,0,0,0,0,0,,0,17,18,139,1,0,0,81,74,6,9.27211341192015,0,1.71604938271605,0.0548780487804878,0.0389797882579403,0.10960292495129,0,19.9,36.9
2022,REG,00-0035806,J.Hasty,Jamycal Hasty,RB,RB,"https://static.www.nfl.com/image/private/f_auto,q_auto/league/cny5zdqbqkimr4ypua1x",14,JAX,0,0,0,0,0,0,0,0,0,0,0,0,,0,,,46,194,2,0,0,7,-7.00169705646113,0,20,26,126,1,0,0,-34,134,7,5.57141024169999,0,-3.70588235294118,0.0807453416149068,-0.015836050302748,0.110032777210437,0,50.0,70.0
2022,REG,00-0035823,B.Ellefson,Ben Ellefson,TE,TE,"https://static.www.nfl.com/image/private/f_auto,q_auto/league/obeiese68connhihpmln",2,MIN,0,0,0,0,0,0,0,0,0,0,0,0,,0,,,0,0,0,0,0,0,,0,3,3,26,0,0,0,15,11,2,0.745387402595952,0,1.73333333333333,0.0441176470588235,0.0317124735729387,0.0883752020892924,0,2.6,5.6
2022,REG,00-0035831,J.Robinson,James Robinson,RB,RB,"https://static.www.nfl.com/image/private/f_auto,q_auto/league/ljncffeh5fst4r98izx3",11,NYJ,0,0,0,0,0,0,0,0,0,0,0,0,,0,,,110,425,3,1,0,22,-14.688569113554,0,11,14,51,2,0,0,1,63,5,1.59525333612692,0,51.0,0.0512820512820513,0.0004894762604013,0.0772657103053579,0,77.6,88.6
2022,REG,00-0035860,T.Jones,Tony Jones,RB,RB,"https://static.www.nfl.com/image/private/f_auto,q_auto/league/cgvll8lokulmws98olfa",3,SEA,0,0,0,0,0,0,0,0,0,0,0,0,,0,,,10,24,0,0,0,3,-3.53480760171078,0,5,8,30,0,0,0,-22,34,0,-5.5157368456712,0,-1.36363636363636,0.0707964601769912,-0.0185185185185185,0.0932317273025238,0,5.4,10.4
2022,REG,00-0035864,K.Hinton,Kendall Hinton,WR,WR,"https://static.www.nfl.com/image/private/f_auto,q_auto/league/emvbhstqosvayr6dm2jp",11,DEN,0,0,0,0,0,0,0,0,0,0,0,0,,0,,,2,13,0,0,0,1,0.0727499476051889,0,24,33,311,0,0,0,303,139,14,16.5124832521251,0,1.02640264026403,0.0932203389830508,0.102054563826204,0.211268703152919,0,32.4,56.4
2022,REG,00-0035876,A.Baccellia,Andre Baccellia,WR,WR,"https://static.www.nfl.com/image/private/f_auto,q_auto/league/cjdonjdmsxhnjvrkn7qs",5,ARI,0,0,0,0,0,0,0,0,0,0,0,0,,0,,,0,0,0,0,0,0,,0,7,10,45,0,0,0,91,11,4,1.42709800039593,0,0.494505494505495,0.0515463917525773,0.0650464617583989,0.122852110859745,0,4.5,11.5
2022,REG,00-0035889,T.Townsend,Tommy Townsend,P,SPEC,"https://static.www.nfl.com/image/private/f_auto,q_auto/league/asclkymeaanhtmq8xk4m",1,KC,0,1,0,0,0,0,0,0,0,1,0,0,-3.51758591609541,0,0.0,,0,0,0,0,0,0,,0,0,0,0,0,0,0,0,0,0,,0,,,,,0,0.0,0.0
2022,REG,00-0035891,C.White,Cody White,WR,WR,"https://static.www.nfl.com/image/private/f_auto,q_auto/league/xpv5qwbkx76dwlbcjybi",1,PIT,0,0,0,0,0,0,0,0,0,0,0,0,,0,,,0,0,0,0,0,0,,0,1,1,2,0,0,0,0,2,0,-0.415927316527814,0,0.0,0.0357142857142857,,,0,0.2,1.2
2022,REG,00-0035924,J.Ward,Jonathan Ward,RB,RB,"https://static.www.nfl.com/image/private/f_auto,q_auto/league/ur55zjwwzascteb782vf",2,TEN,0,0,0,0,0,0,0,0,0,0,0,0,,0,,,5,25,0,0,0,2,-0.873255413025618,0,2,3,7,0,0,0,4,4,1,-0.659203936695121,0,1.75,0.0461538461538462,0.0077972709551656,0.0746888588993852,0,3.2,5.2
2022,REG,00-0035939,B.Perkins,Bryce Perkins,QB,QB,"https://static.www.nfl.com/image/private/f_auto,q_auto/league/mouuxpmyg8wgcrtfc0tr",5,LA,19,34,161,1,2,6,50,0,0,196,65,10,-18.6509313210441,0,0.821428571428571,-0.0365855396645222,19,90,0,0,0,6,2.4665657436708,0,0,0,0,0,0,0,0,0,0,,0,,,,,0,15.44,15.44
2022,REG,00-0035956,G.Ricci,Giovanni Ricci,TE,TE,"https://static.www.nfl.com/image/private/f_auto,q_auto/league/ojul5dmnha0y7xygwwn2",6,CAR,0,0,0,0,0,0,0,0,0,0,0,0,,0,,,0,0,0,0,0,0,,0,8,9,100,0,0,0,55,52,3,3.74229111918413,0,1.81818181818182,0.0535714285714286,0.0460251046025105,0.1125747160789,0,10.0,18.0
2022,REG,00-0035973,P.Taylor,Patrick Taylor,RB,RB,"https://static.www.nfl.com/image/private/f_auto,q_auto/league/bd91ck9vlzmb5mlxvrch",4,GB,0,0,0,0,0,0,0,0,0,0,0,0,,0,,,10,31,0,0,0,2,-1.89306988584576,0,1,1,17,0,0,0,0,17,1,2.6245533504989,0,0.0,0.0263157894736842,,,0,4.8,5.8
2022,REG,00-0035993,T.Huntley,Tyler Huntley,QB,QB,"https://static.www.nfl.com/image/private/f_auto,q_auto/league/baup3eqjtmxnygrzbf61",5,BAL,75,112,658,2,3,7,34,0,0,830,250,31,-7.17033109712018,0,0.79277108433735,0.0514743803265869,43,137,1,3,0,12,-3.84628163968518,1,0,0,0,0,0,0,0,0,0,,0,,,,,0,50.02,50.02
2022,REG,00-0036005,N.Togiai,Noah Togiai,TE,TE,"https://static.www.nfl.com/image/private/f_auto,q_auto/league/evxzsdrwsxqg5jobzl0r",1,PHI,0,0,0,0,0,0,0,0,0,0,0,0,,0,,,0,0,0,0,0,0,,0,0,1,0,0,0,0,4,0,0,-0.640563539229333,0,0.0,0.0344827586206897,0.0310077519379845,0.0734295642876236,0,0.0,0.0
2022,REG,00-0036020,S.Ahmed,Salvon Ahmed,RB,RB,"https://static.www.nfl.com/image/private/f_auto,q_auto/league/ggkz2vamnepagqfn992j",6,MIA,0,0,0,0,0,0,0,0,0,0,0,0,,0,,,12,64,1,0,0,4,3.25724967609858,0,1,1,8,0,0,0,1,7,0,0.170607615320478,0,8.0,0.025,0.0031446540880503,0.0397012578616352,0,13.2,14.2
2022,REG,00-0036032,S.McKeon,Sean McKeon,TE,TE,"https://static.www.nfl.com/image/private/f_auto,q_auto/league/q0cuzzunrhwzxj6ofxwv",2,DAL,0,0,0,0,0,0,0,0,0,0,0,0,,0,,,0,0,0,0,0,0,,0,2,3,11,0,0,0,1,7,1,0.150237990892492,0,11.0,0.037037037037037,0.0016447368421052,0.0567068713450292,0,1.1,3.1
2022,REG,00-0036040,J.Johnson,Juwan Johnson,TE,TE,"https://static.www.nfl.com/image/private/f_auto,q_auto/league/kew8v8rgrtbefvnxpl0a",16,NO,0,0,0,0,0,0,0,0,0,0,0,0,,0,,,0,0,0,0,0,0,,0,42,65,508,7,0,0,600,166,25,15.7723026466218,0,0.846666666666667,0.139784946236559,0.142721217887726,0.309582271876247,0,92.8,134.8
2022,REG,00-0036059,T.Mabry,Tyler Mabry,TE,TE,"https://static.www.nfl.com/image/private/f_auto,q_auto/league/eyx5kk2meaw1pzn3ioqn",1,SEA,0,0,0,0,0,0,0,0,0,0,0,0,,0,,,0,0,0,0,0,0,,0,1,1,7,1,0,0,6,1,1,1.96141375257866,0,1.16666666666667,0.0357142857142857,0.0223048327137546,0.0691848114710568,0,6.7,7.7
2022,REG,00-0036096,J.Taylor,J.J. Taylor,RB,RB,"https://static.www.nfl.com/image/private/f_auto,q_auto/league/iscorpkxfwtgcmgvmaem",1,NE,0,0,0,0,0,0,0,0,0,0,0,0,,0,,,10,9,0,0,0,0,-5.49107612241642,0,1,1,8,0,0,0,3,5,0,0.887669721618295,0,2.66666666666667,0.0344827586206897,0.0175438596491228,0.0640048396854205,0,1.7,2.7
2022,REG,00-0036133,J.Proche,James Proche,WR,WR,"https://static.www.nfl.com/image/private/f_auto,q_auto/league/atwsw7e4yg74tnl9pd4m",7,BAL,0,1,0,0,1,0,0,0,0,29,0,0,-4.04289167502429,0,0.0,,0,0,0,0,0,0,,0,8,17,62,0,0,0,155,16,3,-9.6276827508409,0,0.4,0.0769230769230769,0.098287888395688,0.184186137261597,0,4.2,12.2
2022,REG,00-0036145,L.Cager,Lawrence Cager,TE,TE,"https://static.www.nfl.com/image/private/f_auto,q_auto/league/cpp66fc1nu5bnbj5padq",6,NYG,0,0,0,0,0,1,2,0,0,0,0,0,-0.840212194831111,0,,,0,0,0,0,0,0,,0,13,19,118,1,0,0,110,78,8,-4.27074526238721,0,1.07272727272727,0.089622641509434,0.0795372378886479,0.190110028786204,0,17.8,30.8
2022,REG,00-0036158,J.Dobbins,J.K. Dobbins,RB,RB,"https://static.www.nfl.com/image/private/f_auto,q_auto/league/rbp5kcbx7xqlqwqjvfrw",8,BAL,0,0,0,0,0,0,0,0,0,0,0,0,,0,,,92,520,2,0,0,26,9.09525167269135,0,7,8,42,1,0,0,4,39,3,0.118231636816763,0,10.5,0.0808080808080808,0.0068728522336769,0.126023117775695,0,74.2,81.2
2022,REG,00-0036165,I.Hodgins,Isaiah Hodgins,WR,WR,"https://static.www.nfl.com/image/private/f_auto,q_auto/league/ae9jnxdsftbmvgwgtnug",9,NYG,0,0,0,0,0,0,0,0,0,0,0,0,,0,,,0,0,0,0,0,0,,0,37,48,392,4,1,1,435,88,24,9.51787936652629,1,0.901149425287356,0.173913043478261,0.221938775510204,0.416226708074534,0,63.2,100.2
2022,REG,00-0036176,M.Kinsey,Mason Kinsey,WR,WR,"https://static.www.nfl.com/image/private/f_auto,q_auto/league/xs9eu3mjcwhbx6it2ayv",1,TEN,0,0,0,0,0,0,0,0,0,0,0,0,,0,,,0,0,0,0,0,0,,0,1,1,3,0,0,0,3,0,0,0.0048524462617933,0,1.0,0.05,0.0208333333333333,0.0895833333333334,0,0.3,1.3
2022,REG,00-0036182,N.Westbrook-Ikhine,Nick Westbrook-Ikhine,WR,WR,"https://static.www.nfl.com/image/private/f_auto,q_auto/league/orgr5wnkiabp4s03aqj3",15,TEN,0,0,0,0,0,0,0,0,0,0,0,0,,0,,,0,0,0,0,0,0,,0,25,50,397,3,0,0,662,107,18,2.5198795458761,0,0.599697885196375,0.122850122850123,0.206359102244389,0.328726555846257,0,57.7,82.7
2022,REG,00-0036187,R.Gilliam,Reggie Gilliam,FB,RB,"https://static.www.nfl.com/image/private/f_auto,q_auto/league/rxvaq2aatizc3zgu6mpf",4,BUF,0,0,0,0,0,0,0,0,0,0,0,0,,0,,,0,0,0,0,0,0,,0,8,10,69,1,0,0,58,54,4,3.92996016761754,0,1.18965517241379,0.0628930817610063,0.0479735318444996,0.127921094932659,0,12.9,20.9
2022,REG,00-0036194,D.Asiasi,Devin Asiasi,TE,TE,"https://static.www.nfl.com/image/private/f_auto,q_auto/league/ag0lglz7kkq6d29iqxl8",3,CIN,0,0,0,0,0,0,0,0,0,0,0,0,,0,,,0,0,0,0,0,0,,0,2,4,5,0,0,0,59,0,0,-1.46407437778544,0,0.0847457627118644,0.036036036036036,0.070828331332533,0.103633885986827,0,0.5,2.5
2022,REG,00-0036196,G.Davis,Gabe Davis,WR,WR,"https://static.www.nfl.com/image/private/f_auto,q_auto/league/q5ofnb6w7gokbggfmbxp",15,BUF,0,0,0,0,0,0,0,0,0,0,0,0,,0,,,0,0,0,0,0,0,,0,48,93,836,7,1,1,1428,142,35,14.6900578337947,0,0.585434173669468,0.181640625,0.299120234604106,0.481845101722874,0,123.6,171.6
2022,REG,00-0036212,T.Tagovailoa,Tua Tagovailoa,QB,QB,"https://static.www.nfl.com/image/private/f_auto,q_auto/league/dyrrl1knhcxqjwuvhcwm",13,MIA,259,400,3548,25,8,21,163,4,1,3833,1274,162,97.3682334299746,0,0.925645708322463,0.148105422312139,24,70,0,2,0,4,-9.16448224091437,0,0,0,0,0,0,0,0,0,0,,0,,,,,0,230.92,230.92
2022,REG,00-0036219,M.Callaway,Marquez Callaway,WR,WR,"https://static.www.nfl.com/image/private/f_auto,q_auto/league/qawwd0bzkayojoios5rh",10,NO,0,0,0,0,0,0,0,0,0,0,0,0,,0,,,0,0,0,0,0,0,,0,16,32,158,1,0,0,389,35,11,-6.19359641429818,0,0.406169665809769,0.104234527687296,0.148416634872186,0.260243435941475,0,21.8,37.8
2022,REG,00-0036223,J.Taylor,Jonathan Taylor,RB,RB,"https://static.www.nfl.com/image/private/f_auto,q_auto/league/xt7jhqpyb4may7k5kedb",11,IND,0,0,0,0,0,0,0,0,0,0,0,0,,0,,,192,861,4,3,3,39,-28.6548071599877,0,28,40,143,0,0,0,-73,208,4,-15.6524113042452,0,-1.95890410958904,0.108108108108108,-0.0310242243943901,0.140445205086089,0,118.4,146.4
2022,REG,00-0036226,J.Eason,Jacob Eason,QB,QB,"https://static.www.nfl.com/image/private/f_auto,q_auto/league/e2qgyhtngjk0llvaswxe",1,CAR,3,5,59,0,1,0,0,0,0,20,50,2,-2.26128179964144,0,2.95,-0.0024136386245121,0,0,0,0,0,0,,0,0,0,0,0,0,0,0,0,0,,0,,,,,0,0.36,0.36
2022,REG,00-0036228,D.Patmon,Dezmon Patmon,WR,WR,"https://static.www.nfl.com/image/private/f_auto,q_auto/league/mqyc6dcbtujx7ioohpmv",1,IND,0,0,0,0,0,0,0,0,0,0,0,0,,0,,,0,0,0,0,0,0,,0,2,6,24,0,0,0,73,7,1,-7.64311559777707,0,0.328767123287671,0.206896551724138,0.290836653386454,0.513930484956725,0,2.4,4.4
2022,REG,00-0036232,H.Bryant,Harrison Bryant,TE,TE,"https://static.www.nfl.com/image/private/f_auto,q_auto/league/rqva2z0by1veklpxnzis",14,CLE,0,0,0,0,0,0,0,0,0,0,0,0,,0,,,1,8,0,0,0,1,0.913424525526352,0,31,42,239,1,0,0,238,113,12,3.82587640244594,0,1.00420168067227,0.0979020979020979,0.0736842105263158,0.198432094221568,0,30.7,61.7
2022,REG,00-0036233,D.Peoples-Jones,Donovan Peoples-Jones,WR,WR,"https://static.www.nfl.com/image/upload/f_auto,q_auto/league/ffxbk2amwghaamfpjbmf",17,CLE,0,0,0,0,0,0,0,0,0,0,0,0,,0,,,1,2,0,0,0,0,-0.384780023479834,0,61,96,839,3,1,1,1107,191,33,18.4124295261327,0,0.757904245709124,0.189349112426036,0.265403979860945,0.469806454541715,1,106.1,167.1
2022,REG,00-0036244,C.Parkinson,Colby Parkinson,TE,TE,"https://static.www.nfl.com/image/private/f_auto,q_auto/league/s76r1d343ld1a3jxhh3g",14,SEA,0,0,0,0,0,0,0,0,0,0,0,0,,0,,,0,0,0,0,0,0,,0,25,34,322,2,0,0,278,150,14,10.2214344308304,0,1.15827338129496,0.0735930735930736,0.0792700313658398,0.165878632345698,0,44.2,69.2
2022,REG,00-0036247,F.Swain,Freddie Swain,WR,WR,"https://static.www.nfl.com/image/private/f_auto,q_auto/league/paillx42r0zfukevnrw6",3,DEN,0,0,0,0,0,0,0,0,0,0,0,0,,0,,,0,0,0,0,0,0,,0,4,6,74,0,0,0,62,27,3,-3.90042554185493,0,1.19354838709677,0.0731707317073171,0.0767326732673267,0.163468968848104,0,7.4,11.4
2022,REG,00-0036250,T.Davis,Tyler Davis,TE,TE,"https://static.www.nfl.com/image/private/f_auto,q_auto/league/v8s9gur5bhkbka624x0n",5,GB,0,0,0,0,0,0,0,0,0,0,0,0,,0,,,0,0,0,0,0,0,,0,4,7,26,0,0,0,27,27,1,-6.44503223802894,0,0.962962962962963,0.0443037974683544,0.0269192422731805,0.085299165793758,0,2.6,6.6
2022,REG,00-0036251,Z.Moss,Zack Moss,RB,RB,"https://static.www.nfl.com/image/private/f_auto,q_auto/league/ds6hvcx6s1vqihnaumm9",13,IND,0,0,0,0,0,0,0,0,0,0,0,0,,0,,,93,456,1,1,1,18,-10.2139582389273,0,11,13,39,0,0,0,-5,42,2,-6.41049449815182,0,-7.8,0.0590909090909091,-0.003698224852071,0.0860476062399139,0,53.5,64.5
2022,REG,00-0036252,M.Pittman,Michael Pittman,WR,WR,"https://static.www.nfl.com/image/private/f_auto,q_auto/league/wnymcombo2plamteihiy",16,IND,0,0,0,0,0,0,0,0,0,0,0,0,,0,,,3,30,0,0,0,2,1.50960650417255,0,99,141,925,4,2,1,985,344,51,21.5612690107263,0,0.939086294416244,0.256363636363636,0.284846732215153,0.583938167096062,0,117.5,216.5
2022,REG,00-0036255,D.Mims,Denzel Mims,WR,WR,"https://static.www.nfl.com/image/private/f_auto,q_auto/league/vxqhwwsx0ngjupeajnpm",9,NYJ,0,0,0,0,0,0,0,0,0,0,0,0,,0,,,0,0,0,0,0,0,,0,11,25,186,0,0,0,313,75,7,-2.84208809944195,0,0.594249201277955,0.0814332247557003,0.120802778849865,0.206711782328456,0,18.6,29.6
2022,REG,00-0036259,J.Jennings,Jauan Jennings,WR,WR,"https://static.www.nfl.com/image/private/f_auto,q_auto/league/owakywf7pevtqx7odtcc",16,SF,0,0,0,0,0,0,0,0,0,0,0,0,,0,,,0,0,0,0,0,0,,0,35,56,416,1,1,0,468,176,23,13.9553268581041,0,0.888888888888889,0.117154811715481,0.152492668621701,0.282477085608412,0,47.6,82.6
2022,REG,00-0036261,B.Aiyuk,Brandon Aiyuk,WR,WR,"https://static.www.nfl.com/image/private/f_auto,q_auto/league/mprcyhqhfgzi57ebelbz",17,SF,0,0,0,0,0,0,0,0,0,0,0,0,,0,,,2,23,0,0,0,1,1.52363281778526,0,78,114,1015,8,1,1,1143,375,47,41.961446469649,0,0.888013998250219,0.226190476190476,0.332074375363161,0.571737777039927,0,149.8,227.8
2022,REG,00-0036264,J.Love,Jordan Love,QB,QB,"https://static.www.nfl.com/image/private/f_auto,q_auto/league/sbnqsffanu76dcz1tugs",4,GB,14,21,195,1,0,0,0,0,0,151,117,9,3.53085999692742,0,1.29139072847682,0.105912243512747,1,-1,0,0,0,0,0.0,0,0,0,0,0,0,0,0,0,0,,0,,,,,0,11.7,11.7
2022,REG,00-0036265,A.Dillon,A.J. Dillon,RB,RB,"https://static.www.nfl.com/image/private/f_auto,q_auto/league/dydcqdx4leta4rudagkq",17,GB,0,0,0,0,0,0,0,0,0,0,0,0,,0,,,186,770,7,0,0,47,2.27966807100254,0,28,43,206,0,1,0,17,203,9,-5.83016156065881,0,12.1176470588235,0.0957683741648107,0.0051173991571342,0.14723474065721,0,139.6,167.6
2022,REG,00-0036268,L.Shenault,Laviska Shenault,WR,WR,"https://static.www.nfl.com/image/private/f_auto,q_auto/league/yohlrvcnnibrtfsc15t5",13,CAR,0,0,0,0,0,0,0,0,0,0,0,0,,0,,,9,65,1,0,0,1,2.48449467116734,0,27,32,272,1,0,0,-22,330,10,10.3259501502616,0,0.0,0.115523465703971,-0.0097690941385435,0.166446832658976,0,45.7,72.7
2022,REG,00-0036271,Q.Watkins,Quez Watkins,WR,WR,"https://static.www.nfl.com/image/private/f_auto,q_auto/league/lmulzdtlnoaldqrb2kit",16,PHI,0,0,0,0,0,0,0,0,0,0,0,0,,0,,,3,1,0,0,0,0,-2.6935721475884,0,33,51,354,3,1,1,476,146,13,-12.7729538753001,0,0.743697478991597,0.107142857142857,0.11864406779661,0.243765133171913,0,51.5,84.5
2022,REG,00-0036275,D.Swift,D'Andre Swift,RB,RB,"https://static.www.nfl.com/image/private/f_auto,q_auto/league/qehlr75ike82kyxy8j9a",14,DET,0,0,0,0,0,0,0,0,0,0,0,0,,0,,,99,542,5,0,0,21,5.51617491038692,1,48,70,389,3,1,0,32,454,17,8.10437936622177,0,12.15625,0.14957264957265,0.0099906337808304,0.231352418005556,0,143.1,191.1
2022,REG,00-0036277,Q.Cephus,Quintez Cephus,WR,WR,"https://static.www.nfl.com/image/private/f_auto,q_auto/league/uzgkdl4kf200rcr5pdl2",1,DET,0,0,0,0,0,0,0,0,0,0,0,0,,0,,,0,0,0,0,0,0,,0,2,3,15,0,0,0,14,4,1,2.97255951358238,0,1.07142857142857,0.0769230769230769,0.0358056265984655,0.140448554003541,0,1.5,3.5
2022,REG,00-0036290,C.Kmet,Cole Kmet,TE,TE,"https://static.www.nfl.com/image/private/f_auto,q_auto/league/ruq1ttpmssyydj0hxwfn",17,CHI,0,0,0,0,0,0,0,0,0,0,0,0,,0,,,2,9,0,0,0,1,1.13863645214587,0,50,69,544,7,1,0,463,286,27,12.1786443009717,0,1.17494600431965,0.192200557103064,0.145643284051589,0.390251134490708,0,97.3,147.3
2022,REG,00-0036297,D.Evans,Darrynton Evans,RB,RB,"https://static.www.nfl.com/image/private/f_auto,q_auto/league/tidqje1qgfqwyiyk3wgz",3,CHI,0,0,0,0,0,0,0,0,0,0,0,0,,0,,,14,64,0,0,0,3,2.96236367704114,0,1,1,33,0,0,0,2,31,1,2.5792727979715,0,16.5,0.0416666666666667,0.0116279069767442,0.0706395348837209,0,9.7,10.7
2022,REG,00-0036309,D.Mooney,Darnell Mooney,WR,WR,"https://static.www.nfl.com/image/private/f_auto,q_auto/league/hjileqykzauyoeqovatm",11,CHI,0,0,0,0,0,0,0,0,0,0,0,0,,0,,,1,2,0,0,0,0,-0.609379588626325,0,40,61,493,2,0,0,727,168,20,15.445919421473,0,0.678129298486933,0.278538812785388,0.36624685138539,0.674181015147856,0,61.5,101.5
2022,REG,00-0036313,B.Mann,Braden Mann,P,SPEC,"https://static.www.nfl.com/image/private/f_auto,q_auto/league/hqskxaynb1h39a3pq0wv",2,NYJ,1,2,17,0,0,0,0,1,0,2,9,1,0.892044087231625,0,8.5,,0,0,0,0,0,0,,0,0,0,0,0,0,0,0,0,0,,0,,,,,0,0.68,0.68
2022,REG,00-0036322,J.Jefferson,Justin Jefferson,WR,WR,"https://static.www.nfl.com/image/private/f_auto,q_auto/league/zdstmm4sloqnichybgja",17,MIN,2,2,34,0,0,0,0,0,0,3,31,2,3.05308636976406,0,11.3333333333333,,4,24,1,0,0,2,2.27670237055281,0,128,184,1809,8,0,0,1867,613,80,74.3170368142258,1,0.968934118907338,0.287051482059282,0.386622489128184,0.701212965478652,0,240.66,368.66
2022,REG,00-0036326,C.Claypool,Chase Claypool,WR,WR,"https://static.www.nfl.com/image/upload/f_auto,q_auto/league/hpgllfzaanonbfxweq9z",15,CHI,1,1,1,1,0,0,0,0,0,1,0,1,2.55321136768907,0,1.0,,9,59,0,0,0,3,2.33499671335449,0,46,79,451,1,1,1,817,143,24,-5.91249009152457,0,0.552019583843329,0.177927927927928,0.218099305926321,0.419561406040317,0,59.04,105.04
2022,REG,00-0036328,A.Gibson,Antonio Gibson,RB,RB,"https://static.www.nfl.com/image/private/f_auto,q_auto/league/c5aij3m4bakia6ygjqux",15,WAS,0,0,0,0,0,0,0,0,0,0,0,0,,0,,,149,546,3,1,0,32,-15.689292970687,0,46,58,353,2,0,0,69,297,18,3.03597664555312,0,5.11594202898551,0.119587628865979,0.0182202270926855,0.192135602263849,0,119.9,165.9
2022,REG,00-0036329,A.Davis,Ashtyn Davis,SS,DB,"https://static.www.nfl.com/image/private/f_auto,q_auto/league/f5bfw9bghiq1jmb5qvko",1,NYJ,0,0,0,0,0,0,0,0,0,0,0,0,,0,,,1,2,0,0,0,1,2.28095121216029,0,0,0,0,0,0,0,0,0,0,,0,,,,,0,0.2,0.2
2022,REG,00-0036331,D.Duvernay,Devin Duvernay,WR,WR,"https://static.www.nfl.com/image/private/f_auto,q_auto/league/hmftubhkmwgqmi5x8scq",14,BAL,0,0,0,0,0,0,0,0,0,0,0,0,,0,,,12,84,1,0,0,7,5.45373379858211,0,37,49,407,3,0,0,437,159,19,19.6726931918238,0,0.931350114416476,0.126614987080103,0.138116308470291,0.286603896549359,1,79.1,116.1
2022,REG,00-0036332,J.Deguara,Josiah Deguara,TE,TE,"https://static.www.nfl.com/image/private/f_auto,q_auto/league/ytgijlfni4cyqs0zozhz",9,GB,0,0,0,0,0,0,0,0,0,0,0,0,,0,,,0,0,0,0,0,0,,0,13,15,114,0,0,0,49,63,4,3.47468572348589,0,2.3265306122449,0.0479233226837061,0.017889740781307,0.084407802572474,0,11.4,24.4
2022,REG,00-0036336,A.McFarland,Anthony McFarland,RB,RB,"https://static.www.nfl.com/image/private/f_auto,q_auto/league/dwt64mh92t2qztepvswo",1,PIT,0,0,0,0,0,0,0,0,0,0,0,0,,0,,,6,30,0,0,0,3,0.771915463672485,0,2,2,11,0,0,0,-4,15,1,-0.452709522447549,0,-2.75,0.0714285714285714,-0.0245398773006135,0.0899649430324277,0,4.1,6.1
2022,REG,00-0036345,K.Osborn,K.J. Osborn,WR,WR,"https://static.www.nfl.com/image/private/f_auto,q_auto/league/rbgsvh08nmm29gaiw7pr",17,MIN,0,0,0,0,0,0,0,0,0,0,0,0,,0,,,3,6,0,0,0,2,3.17750035826554,0,60,90,650,5,1,0,753,300,32,21.8340489404136,0,0.863213811420983,0.140405616224649,0.155932905363429,0.319761458091374,0,95.6,155.6
2022,REG,00-0036355,J.Herbert,Justin Herbert,QB,QB,"https://static.www.nfl.com/image/private/f_auto,q_auto/league/fwjdvww4dv36k8tvsws6",17,LAC,477,699,4739,25,10,38,206,5,3,4504,2489,228,23.4585026538064,1,1.05217584369449,0.0817371868306932,54,147,0,3,0,17,10.1907126954175,0,2,2,-10,0,0,0,-15,5,0,-2.7877581793,0,0.0,0.025,-0.0272727272727273,0.0184090909090909,0,279.26,281.26
2022,REG,00-0036358,C.Lamb,CeeDee Lamb,WR,WR,"https://static.www.nfl.com/image/private/f_auto,q_auto/league/cqygs9e4ynnjdxstdfjq",17,DAL,0,0,0,0,0,0,0,0,0,0,0,0,,0,,,10,47,0,0,0,3,0.059724981605541,0,107,156,1359,9,0,0,1565,494,67,61.7970730131325,0,0.868370607028754,0.286238532110092,0.351843525179856,0.675648265791037,0,194.6,301.6
2022,REG,00-0036360,C.Edwards-Helaire,Clyde Edwards-Helaire,RB,RB,"https://static.www.nfl.com/image/private/f_auto,q_auto/league/ki0pdedjayv47nec4lh1",10,KC,0,0,0,0,0,0,0,0,0,0,0,0,,0,,,71,302,3,0,0,15,1.99692229188804,0,17,23,151,3,0,0,10,144,11,10.2296111649775,0,15.1,0.073482428115016,0.0043215211754537,0.113248706995342,0,81.3,98.3
2022,REG,00-0036365,B.Edwards,Bryan Edwards,WR,WR,"https://static.www.nfl.com/image/private/f_auto,q_auto/league/hgluubcedtu0vmxjxrcf",4,ATL,0,0,0,0,0,0,0,0,0,0,0,0,,0,,,0,0,0,0,0,0,,0,3,5,15,0,0,0,39,9,0,-5.95099375543397,0,0.384615384615385,0.0458715596330275,0.0389221556886228,0.0960528484315772,0,1.5,4.5
2022,REG,00-0036370,J.Kelley,Joshua Kelley,RB,RB,"https://static.www.nfl.com/image/private/f_auto,q_auto/league/fsu6gqcltgnofaakmq6u",12,LAC,0,0,0,0,0,0,0,0,0,0,0,0,,0,,,69,287,2,0,0,16,2.51901228912175,0,14,25,101,0,0,0,48,88,4,-5.55808811524184,0,2.10416666666667,0.0527426160337553,0.017797552836485,0.0915722110361724,0,50.8,64.8
2022,REG,00-0036383,E.Benjamin,Eno Benjamin,RB,RB,"https://static.www.nfl.com/image/private/f_auto,q_auto/league/ibizpqkleka4az4mprvz",12,NO,0,0,0,0,0,0,0,0,0,0,0,0,,0,,,77,313,2,0,0,14,-1.92564028181368,1,25,34,193,0,0,0,-42,234,10,3.42731738539578,0,-4.5952380952381,0.091644204851752,-0.0181425485961123,0.124766523260349,0,64.6,89.6
2022,REG,00-0036387,J.Reagor,Jalen Reagor,WR,WR,"https://static.www.nfl.com/image/private/f_auto,q_auto/league/tei81ifva2dy9os89aat",10,MIN,0,0,0,0,0,0,0,0,0,0,0,0,,0,,,4,25,0,0,0,1,2.75212870608084,0,8,13,104,1,0,0,176,28,5,-0.137370140757412,0,0.590909090909091,0.0342105263157895,0.0610051993067591,0.0940194289884156,0,18.9,26.9
2022,REG,00-0036389,J.Hurts,Jalen Hurts,QB,QB,"https://static.www.nfl.com/image/private/f_auto,q_auto/league/aityegmlyh53aifbssbp",15,PHI,306,460,3701,22,6,38,231,4,2,3725,1782,165,72.2170870482575,0,0.993557046979866,0.143471260619512,165,760,13,5,0,67,47.6373429142179,2,0,0,0,0,0,0,0,0,0,,0,,,,,0,378.04,378.04
2022,REG,00-0036407,J.Jeudy,Jerry Jeudy,WR,WR,"https://static.www.nfl.com/image/private/f_auto,q_auto/league/f0jdlnl6wy63qx4oeyzi",15,DEN,0,0,0,0,0,0,0,0,0,0,0,0,,0,,,4,40,0,0,0,4,1.50155001354869,0,67,100,972,6,0,0,1146,396,41,47.3823458073336,0,0.848167539267016,0.207900207900208,0.271628347949751,0.501990155415138,0,137.2,204.2
2022,REG,00-0036410,T.Higgins,Tee Higgins,WR,WR,"https://static.www.nfl.com/image/private/f_auto,q_auto/league/fkpf9urirrkqkln7d2n9",14,CIN,0,0,0,0,0,0,0,0,0,0,0,0,,0,,,0,0,0,0,0,0,,0,74,109,1029,7,0,0,1185,286,46,53.5153294738776,1,0.868354430379747,0.206439393939394,0.312335266209805,0.528293777255954,0,146.9,220.9
2022,REG,00-0036412,K.Hamler,K.J. Hamler,WR,WR,"https://static.www.nfl.com/image/private/f_auto,q_auto/league/t3lqvv3d2tn6syqqtrat",6,DEN,0,0,0,0,0,0,0,0,0,0,0,0,,0,,,2,23,0,0,0,1,1.54540744726546,0,7,14,165,0,0,0,367,23,3,-0.506683415591553,0,0.449591280653951,0.07,0.191046330036439,0.238732431025508,0,18.8,25.8
2022,REG,00-0036414,C.Akers,Cam Akers,RB,RB,"https://static.www.nfl.com/image/upload/f_auto,q_auto/league/q0soq6iusid0dczf94gf",15,LA,0,0,0,0,0,0,0,0,0,0,0,0,,0,,,188,786,7,2,2,39,-13.2471754593134,0,13,18,117,0,0,0,34,136,8,4.12087085132243,0,3.44117647058824,0.0578778135048232,0.0169660678642715,0.0986929677622247,0,128.3,141.3
2022,REG,00-0036415,V.Jefferson,Van Jefferson,WR,WR,"https://static.www.nfl.com/image/upload/f_auto,q_auto/league/p7ymrzyadwaonjx8rsn0",10,LA,0,0,0,0,0,0,0,0,0,0,0,0,,0,,,0,0,0,0,0,0,,0,24,44,369,3,0,0,695,38,20,11.8007902923273,0,0.530935251798561,0.167300380228137,0.333493282149712,0.484395867847004,0,54.9,78.9
2022,REG,00-0036422,A.Trautman,Adam Trautman,TE,TE,"https://static.www.nfl.com/image/private/f_auto,q_auto/league/zdzicjvlqk43ssjhupwy",12,NO,0,0,0,0,0,0,0,0,0,0,0,0,,0,,,0,0,0,0,0,0,,0,18,22,207,1,0,0,118,123,9,8.53289979166584,0,1.75423728813559,0.0664652567975831,0.0397976391231029,0.127556232582547,0,26.7,44.7
2022,REG,00-0036423,A.Okwuegbunam,Albert Okwuegbunam,TE,TE,"https://static.www.nfl.com/image/private/f_auto,q_auto/league/xrv48ppj4qqfknjk6igk",6,DEN,0,0,0,0,0,0,0,0,0,0,0,0,,0,,,0,0,0,0,0,0,,0,10,18,95,1,0,0,99,59,4,-2.28685099752309,0,0.95959595959596,0.0913705583756345,0.0609230769230769,0.179701991409606,0,15.5,25.5
2022,REG,00-0036424,B.Hopkins,Brycen Hopkins,TE,TE,"https://static.www.nfl.com/image/private/f_auto,q_auto/league/agzychtsya1dteoz1khu",7,LA,0,0,0,0,0,0,0,0,0,0,0,0,,0,,,0,0,0,0,0,0,,0,7,11,109,0,0,0,113,33,5,0.946936732935188,0,0.964601769911504,0.0575916230366492,0.0774503084304318,0.140602650456276,0,10.9,17.9
2022,REG,00-0036425,D.Dallas,DeeJay Dallas,RB,RB,"https://static.www.nfl.com/image/private/f_auto,q_auto/league/ffqmt3tvtiqi9obvymlq",11,SEA,0,1,0,0,1,0,0,0,0,8,0,0,-4.86711246607592,0,0.0,,35,186,0,0,0,9,3.08608356170589,0,17,19,126,0,0,0,10,126,5,0.112794921927083,0,12.6,0.0725190839694657,0.0043956043956044,0.111855549031122,0,29.2,46.2
2022,REG,00-0036429,C.Woerner,Charlie Woerner,TE,TE,"https://static.www.nfl.com/image/private/f_auto,q_auto/league/wdcd0m0nbt4p7qiq7exa",2,SF,0,0,0,0,0,0,0,0,0,0,0,0,,0,,,0,0,0,0,0,0,,0,0,2,0,0,0,0,43,0,0,-1.41615797951818,0,0.0,0.0303030303030303,0.0983981693363844,0.114333263990015,0,0.0,0.0
2022,REG,00-0036438,S.Sullivan,Stephen Sullivan,TE,TE,"https://static.www.nfl.com/image/private/f_auto,q_auto/league/dwsdpt0yyomnirainvmj",4,CAR,0,0,0,0,0,0,0,0,0,0,0,0,,0,,,0,0,0,0,0,0,,0,2,6,46,0,0,0,87,21,2,-2.45858359779231,0,0.528735632183908,0.0526315789473684,0.0849609375,0.138420024671053,0,4.6,6.6
2022,REG,00-0036439,T.Cleveland,Tyrie Cleveland,WR,WR,"https://static.www.nfl.com/image/private/f_auto,q_auto/league/bul0m575yzw95m0fbwmv",3,DEN,0,0,0,0,0,0,0,0,0,0,0,0,,0,,,0,0,0,0,0,0,,0,2,7,28,0,0,0,99,17,1,-4.32991943752826,0,0.282828282828283,0.0666666666666667,0.095837366892546,0.167086156824782,0,2.8,4.8
2022,REG,00-0036442,J.Burrow,Joe Burrow,QB,QB,"https://static.www.nfl.com/image/private/f_auto,q_auto/league/jzzqz5ubkilrn9dpxtlp",16,CIN,414,606,4475,35,12,41,259,6,3,4142,2135,219,87.9460373159125,3,1.08039594398841,0.126485893042715,75,257,5,0,0,27,2.73721009225119,0,0,0,0,0,0,0,0,0,0,,0,,,,,0,350.7,350.7
2022,REG,00-0036450,K.Vaughn,Ke'Shawn Vaughn,RB,RB,"https://static.www.nfl.com/image/private/f_auto,q_auto/league/npa1msmoqbig9cqznkti",5,TB,0,0,0,0,0,0,0,0,0,0,0,0,,0,,,17,53,0,0,0,3,-2.99027192313224,0,3,4,19,0,0,0,-11,29,1,-0.365912450502955,0,-1.72727272727273,0.0341880341880342,-0.0152143845089903,0.0406319821257581,0,7.2,10.2
2022,REG,00-0036457,T.Williams,Ty'Son Williams,RB,RB,"https://static.www.nfl.com/image/private/f_auto,q_auto/league/ucxy1zbyppgm62iyvrdr",1,ARI,0,0,0,0,0,0,0,0,0,0,0,0,,0,,,0,0,0,0,0,0,,0,1,1,5,0,0,0,-1,6,0,-0.326953217387199,0,-5.0,0.037037037037037,-0.0055555555555555,0.0516666666666667,0,0.5,1.5
2022,REG,00-0036482,M.Strachan,Mike Strachan,WR,WR,"https://static.www.nfl.com/image/private/f_auto,q_auto/league/f0eepzx0zweaaoch5xfj",5,IND,0,0,0,0,0,0,0,0,0,0,0,0,,0,,,0,0,0,0,0,0,,0,3,9,59,0,0,0,129,13,3,-2.66604492317698,0,0.457364341085271,0.0456852791878173,0.0998452012383901,0.138419559648599,0,5.9,8.9
2022,REG,00-0036493,D.Jackson,Deon Jackson,RB,RB,"https://static.www.nfl.com/image/private/f_auto,q_auto/league/wvi0pz27h6t7gfjujxis",12,IND,0,0,0,0,0,0,0,0,0,0,0,0,,0,,,68,236,1,1,1,13,-15.6131862955828,0,30,34,209,1,0,0,-17,228,10,-8.54644934029784,0,-12.2941176470588,0.121863799283154,-0.0092896174863388,0.176292966684294,0,54.5,84.5
2022,REG,00-0036497,T.Jones,Tim Jones,WR,WR,"https://static.www.nfl.com/image/private/f_auto,q_auto/league/aufwsgk6syholp9f7dy6",4,JAX,0,0,0,0,0,0,0,0,0,0,0,0,,0,,,0,0,0,0,0,0,,0,3,4,30,0,0,0,7,21,1,1.18874244944891,0,4.28571428571429,0.0330578512396694,0.0131086142322097,0.058762806822051,0,3.0,6.0
2022,REG,00-0036527,D.Turner,D.J. Turner,WR,WR,"https://static.www.nfl.com/image/private/f_auto,q_auto/league/uq8plrpxajq8lzqhwbz9",2,LV,0,0,0,0,0,0,0,0,0,0,0,0,,0,,,4,26,0,0,0,1,0.268788963381667,0,0,1,0,0,0,0,-3,0,0,-0.894917232049039,0,0.0,0.0526315789473684,-0.0157894736842105,0.0678947368421053,0,2.6,2.6
2022,REG,00-0036534,S.Zylstra,Shane Zylstra,TE,TE,"https://static.www.nfl.com/image/private/f_auto,q_auto/league/e6np1mvcmbxp76d7lbqy",8,DET,0,0,0,0,0,0,0,0,0,0,0,0,,0,,,0,0,0,0,0,0,,0,11,15,60,4,0,0,78,13,6,3.43599681125488,0,0.769230769230769,0.0570342205323194,0.0486587648159701,0.119612466169658,0,30.0,41.0
2022,REG,00-0036543,S.Brown,Spencer Brown,RB,RB,"https://static.www.nfl.com/image/private/f_auto,q_auto/league/mmqzyzoau79or5w0izzq",2,CAR,0,0,0,0,0,0,0,0,0,0,0,0,,0,,,9,43,0,0,0,1,0.790135990569991,0,2,4,10,0,0,0,-1,12,0,-2.3898130847374,0,-10.0,0.0606060606060606,-0.0016447368421052,0.0897577751196172,0,5.3,7.3
2022,REG,00-0036550,R.Bateman,Rashod Bateman,WR,WR,"https://static.www.nfl.com/image/private/f_auto,q_auto/league/rxkbjfe1pdmlvp1vd6i5",6,BAL,0,0,0,0,0,0,0,0,0,0,0,0,,0,,,0,0,0,0,0,0,,0,15,28,285,2,1,1,374,133,7,2.64761705750452,0,0.762032085561497,0.171779141104294,0.27827380952381,0.452460378323108,0,38.5,53.5
2022,REG,00-0036554,N.Collins,Nico Collins,WR,WR,"https://static.www.nfl.com/image/private/f_auto,q_auto/league/iyfqbpftpdxtwst9wtda",10,HOU,0,0,0,0,0,0,0,0,0,0,0,0,,0,,,0,0,0,0,0,0,,0,37,66,481,2,0,0,775,143,21,-1.32705566278886,0,0.620645161290323,0.190201729106628,0.319192751235585,0.508737519524852,0,60.1,97.1
2022,REG,00-0036555,C.Hubbard,Chuba Hubbard,RB,RB,"https://static.www.nfl.com/image/private/f_auto,q_auto/league/f7xzicbrj7lacu7ytzd9",12,CAR,0,0,0,0,0,0,0,0,0,0,0,0,,0,,,95,466,2,0,0,23,1.79318459826909,0,14,17,171,0,1,0,9,166,6,1.7687346039205,0,19.0,0.11038961038961,0.0082417582417582,0.171353646353646,0,75.7,89.7
2022,REG,00-0036556,B.Jordan,Brevin Jordan,TE,TE,"https://static.www.nfl.com/image/private/f_auto,q_auto/league/tgjclmhivqtcdsaggccr",9,HOU,0,0,0,0,0,0,0,0,0,0,0,0,,0,,,0,0,0,0,0,0,,0,14,28,128,0,0,0,205,78,7,-13.6912652464542,0,0.624390243902439,0.0936454849498328,0.0876817792985458,0.201845472933731,0,12.8,26.8
2022,REG,00-0036567,E.Mitchell,Elijah Mitchell,RB,RB,"https://static.www.nfl.com/image/private/f_auto,q_auto/league/pylj2udt3klrdmskh3qi",5,SF,0,0,0,0,0,0,0,0,0,0,0,0,,0,,,45,279,2,0,0,15,9.75958015627698,0,3,4,7,0,0,0,-7,16,0,-2.01290365774184,0,-1.0,0.0615384615384615,-0.0179487179487179,0.0797435897435897,0,40.6,43.6
2022,REG,00-0036569,G.Brightwell,Gary Brightwell,RB,RB,"https://static.www.nfl.com/image/private/f_auto,q_auto/league/bxamrjik6crlgdk7tib4",8,NYG,0,0,0,0,0,0,0,0,0,0,0,0,,0,,,31,141,1,0,0,9,-4.42355990274175,0,5,8,39,0,0,0,7,35,4,1.43984519570949,0,5.57142857142857,0.0808080808080808,0.0168269230769231,0.132990967365967,0,24.0,29.0
2022,REG,00-0036572,S.Smith,Shi Smith,WR,WR,"https://static.www.nfl.com/image/private/f_auto,q_auto/league/e08lbk8pl2oxbwxi86ib",15,CAR,0,0,0,0,0,0,0,0,0,0,0,0,,0,,,0,0,0,0,0,0,,0,22,41,296,2,1,1,351,97,14,-8.38615505336949,0,0.843304843304843,0.105398457583548,0.123157894736842,0.244308212691111,0,39.6,61.6
2022,REG,00-0036590,Q.Morris,Quintin Morris,TE,TE,"https://static.www.nfl.com/image/private/f_auto,q_auto/league/twhrvuemckggrhjkxdxj",6,BUF,0,0,0,0,0,0,0,0,0,0,0,0,,0,,,0,0,0,0,0,0,,0,8,11,84,1,1,1,77,38,6,-0.155838972827725,0,1.09090909090909,0.0452674897119342,0.036441079034548,0.0934099898920848,0,12.4,20.4
2022,REG,00-0036613,J.Waddle,Jaylen Waddle,WR,WR,"https://static.www.nfl.com/image/private/f_auto,q_auto/league/qjsz2h6shbdnksctzeka",17,MIA,0,0,0,0,0,0,0,0,0,0,0,0,,0,,,3,26,0,0,0,0,1.97439425502671,0,75,117,1356,8,1,1,1415,510,60,76.9045872573306,0,0.958303886925795,0.208185053380783,0.270038167938931,0.501304297628426,0,184.2,259.2
2022,REG,00-0036620,D.Eskridge,D'Wayne Eskridge,WR,WR,"https://static.www.nfl.com/image/private/f_auto,q_auto/league/lwg4cpbjcdcgoru2emht",8,SEA,0,0,0,0,0,0,0,0,0,0,0,0,,0,,,2,10,0,0,0,0,0.446855782065541,0,7,13,58,0,0,0,54,46,4,-1.96482366128178,0,1.07407407407407,0.0562770562770563,0.0321620011911852,0.106928985249414,0,6.8,13.8
2022,REG,00-0036626,D.Brown,Dyami Brown,WR,WR,"https://static.www.nfl.com/image/private/f_auto,q_auto/league/bqy38ftosae4u9lnixjx",7,WAS,0,0,0,0,0,0,0,0,0,0,0,0,,0,,,1,15,0,0,0,1,0.919581310590729,0,5,14,143,2,0,0,361,31,5,4.94825699116336,0,0.39612188365651,0.0703517587939699,0.204880817253121,0.24894421026814,0,27.8,32.8
2022,REG,00-0036628,J.Bates,John Bates,TE,TE,"https://static.www.nfl.com/image/private/f_auto,q_auto/league/wg5krelbhhklpclsw1ts",9,WAS,0,0,0,0,0,0,0,0,0,0,0,0,,0,,,0,0,0,0,0,0,,0,14,22,108,1,1,0,114,54,4,-2.8533656677464,0,0.947368421052632,0.0721311475409836,0.0471269119470856,0.141185559674435,0,16.8,30.8
2022,REG,00-0036630,T.Wallace,Tylan Wallace,WR,WR,"https://static.www.nfl.com/image/private/f_auto,q_auto/league/fjbkshypgeilqrcrljke",5,BAL,0,0,0,0,0,0,0,0,0,0,0,0,,0,,,0,0,0,0,0,0,,0,4,7,33,0,0,0,94,9,1,-2.95119739335496,0,0.351063829787234,0.0440251572327044,0.059493670886076,0.10768330546931,0,3.3,7.3
2022,REG,00-0036635,I.Smith-Marsette,Ihmir Smith-Marsette,WR,WR,"https://static.www.nfl.com/image/private/f_auto,q_auto/league/zwkymyn01hepugxnitac",3,CHI,0,0,0,0,0,0,0,0,0,0,0,0,,0,,,1,-1,0,0,0,0,-0.903047465195414,0,1,4,15,0,1,1,28,5,0,-8.02509383502184,0,0.535714285714286,0.0597014925373134,0.0470588235294118,0.122493415276558,0,-0.6,0.4
2022,REG,00-0036637,N.Gray,Noah Gray,TE,TE,"https://static.www.nfl.com/image/private/f_auto,q_auto/league/bfwc5wzyawwhpwphz2hv",17,KC,0,0,0,0,0,0,0,0,0,0,0,0,,0,,,1,1,1,0,0,1,1.45463511979324,0,28,34,299,1,0,0,170,182,14,12.9843521690054,0,1.75882352941176,0.0553745928338762,0.0422045680238332,0.112605086867498,0,42.0,70.0
2022,REG,00-0036646,S.Fehoko,Simi Fehoko,WR,WR,"https://static.www.nfl.com/image/private/f_auto,q_auto/league/tdixulojbj0bb6dvinqk",2,DAL,0,0,0,0,0,0,0,0,0,0,0,0,,0,,,0,0,0,0,0,0,,0,3,4,24,0,0,0,51,10,1,-1.14632218365269,0,0.470588235294118,0.0563380281690141,0.0826580226904376,0.142367658136827,0,2.4,5.4
2022,REG,00-0036650,L.Rountree,Larry Rountree,RB,RB,"https://static.www.nfl.com/image/private/f_auto,q_auto/league/m40kbqrmtagssdl2nyx0",2,LAC,0,0,0,0,0,0,0,0,0,0,0,0,,0,,,13,19,0,0,0,0,-7.25853434327291,0,2,2,14,0,0,0,-17,31,1,1.5495878366637,0,-0.823529411764706,0.0266666666666667,-0.0361702127659574,0.0146808510638298,0,3.3,5.3
2022,REG,00-0036652,R.McMath,Racey McMath,WR,WR,"https://static.www.nfl.com/image/private/f_auto,q_auto/league/zst4jrejdem1sizbyywz",4,TEN,0,0,0,0,0,0,0,0,0,0,0,0,,0,,,1,4,0,0,0,0,-0.26016230112873,0,2,8,40,0,0,0,176,7,1,-5.56279355299193,0,0.227272727272727,0.0784313725490196,0.206572769953052,0.262247997790666,0,4.4,6.4
2022,REG,00-0036654,D.Felton,Demetric Felton,RB,RB,"https://static.www.nfl.com/image/private/f_auto,q_auto/league/pfjsjpzj2f9cn39xqde2",4,CLE,0,0,0,0,0,0,0,0,0,0,0,0,,0,,,1,-4,0,0,0,0,-1.29092040879186,0,2,4,8,0,0,0,16,11,0,-1.4629614923615,0,0.5,0.0384615384615385,0.0309477756286267,0.0793557506323464,0,0.4,2.4
2022,REG,00-0036669,K.Hill,Kylin Hill,RB,RB,"https://static.www.nfl.com/image/private/f_auto,q_auto/league/kqcnlnwoumzvotkzu841",1,GB,0,0,0,0,0,0,0,0,0,0,0,0,,0,,,1,7,0,0,0,1,0.546071149292402,0,0,0,0,0,0,0,0,0,0,,0,,,,,0,0.7,0.7
2022,REG,00-0036671,D.Milne,Dax Milne,WR,WR,"https://static.www.nfl.com/image/private/f_auto,q_auto/league/khppoienurb6ntigjdgf",7,WAS,0,0,0,0,0,0,0,0,0,0,0,0,,0,,,0,0,0,0,0,0,,0,6,7,37,1,0,0,38,13,2,2.49064490012825,0,0.973684210526316,0.029535864978903,0.0218140068886338,0.0595736022903981,0,9.7,15.7
2022,REG,00-0036692,M.Forristall,Miller Forristall,TE,TE,"https://static.www.nfl.com/image/private/f_auto,q_auto/league/avkv1zg4q6jxsacoan8q",1,CLE,0,0,0,0,0,0,0,0,0,0,0,0,,0,,,0,0,0,0,0,0,,0,0,1,0,0,0,0,5,0,0,-0.508618170628324,0,0.0,0.032258064516129,0.0248756218905473,0.0658000320975766,0,0.0,0.0
2022,REG,00-0036727,A.Prentice,Adam Prentice,FB,RB,"https://static.www.nfl.com/image/private/f_auto,q_auto/league/oypk09xhfdyvxpkrrxnm",5,NO,0,0,0,0,0,0,0,0,0,0,0,0,,0,,,4,9,0,0,0,3,1.45566263899673,0,3,3,9,0,1,0,-9,18,1,-0.327068652259186,0,-1.0,0.0365853658536585,-0.0101010101010101,0.0478073417097807,0,1.8,4.8
2022,REG,00-0036741,J.Stoll,Jack Stoll,TE,TE,"https://static.www.nfl.com/image/private/f_auto,q_auto/league/ammztxfzv4nnggjhqmuj",9,PHI,0,0,0,0,0,0,0,0,0,0,0,0,,0,,,0,0,0,0,0,0,,0,11,14,123,0,0,0,90,49,5,7.91232904131175,0,1.36666666666667,0.0528301886792453,0.0357142857142857,0.104245283018868,0,12.3,23.3
2022,REG,00-0036754,B.Wright,Brock Wright,TE,TE,"https://static.www.nfl.com/image/private/f_auto,q_auto/league/fxgwaib8wrtxhsrudary",13,DET,0,0,0,0,0,0,0,0,0,0,0,0,,0,,,0,0,0,0,0,0,,0,18,24,216,4,0,0,72,165,13,16.8101057099702,0,3.0,0.0572792362768496,0.0267161410018553,0.104620153116573,0,45.6,63.6
2022,REG,00-0036755,J.Patterson,Jaret Patterson,RB,RB,"https://static.www.nfl.com/image/private/f_auto,q_auto/league/jpudk1muc8zkgiecmrqw",1,WAS,0,0,0,0,0,0,0,0,0,0,0,0,,0,,,17,78,0,0,0,3,-1.09624081887108,0,0,1,0,0,0,0,4,0,0,-0.790954421740025,0,0.0,0.0555555555555556,0.0253164556962025,0.101054852320675,0,7.8,7.8
2022,REG,00-0036810,C.Johnson,Cade Johnson,WR,WR,"https://static.www.nfl.com/image/private/f_auto,q_auto/league/wu2lgnpiszv4fkdrsij4",2,SEA,0,0,0,0,0,0,0,0,0,0,0,0,,0,,,0,0,0,0,0,0,,0,2,4,21,0,0,0,36,6,2,-0.38909644249361,0,0.583333333333333,0.0714285714285714,0.0671641791044776,0.154157782515991,0,2.1,4.1
2022,REG,00-0036825,F.Franks,Feleipe Franks,TE,TE,"https://static.www.nfl.com/image/private/f_auto,q_auto/league/bymlmtfg2hjxymbheske",2,ATL,0,0,0,0,0,0,0,0,0,0,0,0,,0,,,1,0,0,0,0,0,-0.838099692598917,0,0,2,0,0,0,0,56,0,0,-1.09484711429104,0,0.0,0.0833333333333333,0.262910798122066,0.309037558685446,0,0.0,0.0
2022,REG,00-0036829,C.Huntley,Caleb Huntley,RB,RB,"https://static.www.nfl.com/image/private/f_auto,q_auto/league/xzzb2fcp1ovzekumnjga",12,ATL,0,0,0,0,0,0,0,0,0,0,0,0,,0,,,76,366,1,1,0,18,3.98099746863591,0,2,2,3,0,0,0,-6,9,0,-0.764543658588082,0,-0.5,0.0476190476190476,-0.0245901639344262,0.0542154566744731,0,42.9,44.9
2022,REG,00-0036841,A.Trammell,Austin Trammell,WR,WR,"https://static.www.nfl.com/image/private/f_auto,q_auto/league/inbfgnluexokrvwjrccv",2,LA,0,0,0,0,0,0,0,0,0,0,0,0,,0,,,0,0,0,0,0,0,,0,2,4,13,0,0,0,30,0,1,0.355528288171627,0,0.433333333333333,0.0677966101694915,0.0551470588235294,0.140297856430708,0,1.3,3.3
2022,REG,00-0036842,K.Nwangwu,Kene Nwangwu,RB,RB,"https://static.www.nfl.com/image/private/f_auto,q_auto/league/l6pdzfzysjjidkixp7mz",3,MIN,0,0,0,0,0,0,0,0,0,0,0,0,,0,,,9,14,0,0,0,1,-4.24055263578984,0,2,2,21,0,0,0,0,21,1,1.09260534797795,0,0.0,0.0333333333333333,0.0,0.05,1,9.5,11.5
2022,REG,00-0036849,T.Atwell,Tutu Atwell,WR,WR,"https://static.www.nfl.com/image/private/f_auto,q_auto/league/h0kk3mtoa4xwdw21lty9",12,LA,0,0,0,0,0,0,0,0,0,0,0,0,,0,,,9,34,1,0,0,2,-0.293746374372859,0,18,35,298,1,0,0,622,60,11,4.0469003132936,0,0.479099678456592,0.113636363636364,0.259707724425887,0.352249952552667,0,45.2,63.2
2022,REG,00-0036857,C.Evans,Chris Evans,RB,RB,"https://static.www.nfl.com/image/private/f_auto,q_auto/league/lnkqn3hx8th4ulmxyfen",4,CIN,0,0,0,0,0,0,0,0,0,0,0,0,,0,,,0,0,0,0,0,0,,0,3,4,38,1,0,0,55,8,2,2.30982501723338,0,0.690909090909091,0.0303030303030303,0.0530376084860174,0.0825808713947576,0,9.8,12.8
2022,REG,00-0036858,J.Camp,Jalen Camp,WR,WR,"https://static.www.nfl.com/image/private/f_auto,q_auto/league/uwnxm7am5nrzn5ocvpux",1,HOU,0,0,0,0,0,0,0,0,0,0,0,0,,0,,,0,0,0,0,0,0,,0,1,1,7,0,0,0,7,0,1,0.510851916798856,0,1.0,0.0476190476190476,0.0445859872611465,0.102638762511374,0,0.7,1.7
2022,REG,00-0036862,B.Skowronek,Ben Skowronek,WR,WR,"https://static.www.nfl.com/image/private/f_auto,q_auto/league/og1iee9dsqaphhcnhajt",14,LA,0,0,0,0,0,0,0,0,0,0,0,0,,0,,,1,17,1,0,0,1,1.9739484564634,0,39,61,376,0,0,0,475,142,16,-5.48861968162237,0,0.791578947368421,0.136465324384788,0.151854219948849,0.310995940541376,0,45.3,84.3
2022,REG,00-0036875,R.Stevenson,Rhamondre Stevenson,RB,RB,"https://static.www.nfl.com/image/private/f_auto,q_auto/league/ro2fqabc4qndtnxykvm7",17,NE,0,0,0,0,0,0,0,0,0,0,0,0,,0,,,210,1040,5,2,1,49,-9.57135560322715,0,69,88,421,1,2,0,-14,488,13,-9.87953555823524,0,-30.0714285714286,0.16988416988417,-0.0034229828850855,0.252430166806695,0,180.1,249.1
2022,REG,00-0036876,K.Granson,Kylen Granson,TE,TE,"https://static.www.nfl.com/image/private/f_auto,q_auto/league/vqpymhfwmfrtlzfpv60p",13,IND,0,0,0,0,0,0,0,0,0,0,0,0,,0,,,1,0,0,0,0,0,-1.75257886340842,0,31,40,302,0,1,0,259,127,17,-0.723911449607687,0,1.16602316602317,0.0873362445414847,0.0961752692164872,0.198327055263768,0,30.2,61.2
2022,REG,00-0036877,J.Darden,Jaelon Darden,WR,WR,"https://static.www.nfl.com/image/private/f_auto,q_auto/league/tbuhqtdjd0h3kejsgxln",3,TB,0,0,0,0,0,0,0,0,0,0,0,0,,0,,,1,2,0,0,0,0,-0.40466010873206,0,2,2,26,0,0,0,10,16,1,0.861663943622261,0,2.6,0.0227272727272727,0.0170068027210884,0.045995670995671,0,2.8,4.8
2022,REG,00-0036879,S.Ehlinger,Sam Ehlinger,QB,QB,"https://static.www.nfl.com/image/private/f_auto,q_auto/league/tthjoeohrl2r9ahvu8hx",4,IND,64,101,573,3,3,14,87,1,1,722,294,28,-40.5837325680155,0,0.793628808864266,0.0059000559706065,17,87,0,1,0,5,5.58181667398243,0,0,0,0,0,0,0,0,0,0,,0,,,,,0,35.62,35.62
2022,REG,00-0036880,P.Sewell,Penei Sewell,T,OL,"https://static.www.nfl.com/image/private/f_auto,q_auto/league/mlv9zmffmrxbiavssfio",1,DET,0,0,0,0,0,0,0,0,0,0,0,0,,0,,,0,0,0,0,0,0,,0,1,1,9,0,0,0,3,6,1,1.06044869002653,0,3.0,0.0277777777777778,0.0114503816793893,0.0496819338422392,0,0.9,1.9
2022,REG,00-0036887,L.Farrell,Luke Farrell,TE,TE,"https://static.www.nfl.com/image/private/f_auto,q_auto/league/z3cvxbw8a462oo8maemy",4,JAX,0,0,0,0,0,0,0,0,0,0,0,0,,0,,,0,0,0,0,0,0,,0,4,4,40,0,0,0,4,36,3,-0.689349707274232,0,10.0,0.0353982300884956,0.0051347881899871,0.0566916968657344,0,4.0,8.0
2022,REG,00-0036893,N.Harris,Najee Harris,RB,RB,"https://static.www.nfl.com/image/private/f_auto,q_auto/league/hj3n6gjshilgmesahdxs",17,PIT,1,1,4,0,0,0,0,0,0,-4,8,0,-0.0647925575613044,0,0.0,,272,1034,7,2,1,45,-28.6515734960089,0,41,53,229,3,1,1,95,207,16,2.45134106100929,0,2.41052631578947,0.105577689243028,0.0251389256417042,0.175963781813735,0,182.46,223.46
2022,REG,00-0036894,P.Freiermuth,Pat Freiermuth,TE,TE,"https://static.www.nfl.com/image/private/f_auto,q_auto/league/evpkfpnuj5rajjnl5hkw",15,PIT,0,0,0,0,0,0,0,0,0,0,0,0,,0,,,0,0,0,0,0,0,,0,63,98,732,2,0,0,821,281,37,8.8904478765043,0,0.891595615103532,0.196,0.196976967370441,0.431883877159309,0,85.2,148.2
2022,REG,00-0036898,D.Mills,Davis Mills,QB,QB,"https://static.www.nfl.com/image/private/f_auto,q_auto/league/qwutwzsdumeqnvmmv76i",15,HOU,292,479,3118,17,15,31,244,5,2,3734,1524,135,-74.3353819384466,1,0.835029459025174,0.0073179199034486,32,108,2,3,1,8,2.14915217295413,0,0,0,0,0,0,0,0,0,0,,0,,,,,0,181.52,181.52
2022,REG,00-0036900,J.Chase,Ja'Marr Chase,WR,WR,"https://static.www.nfl.com/image/private/f_auto,q_auto/league/xqhrnv1bfpl2zmhpqobq",12,CIN,0,0,0,0,0,1,9,0,0,0,0,0,-1.60401390434708,0,,,5,8,0,0,0,0,-6.02219417365268,0,87,134,1046,9,2,2,1220,421,58,30.3034841400817,0,0.857377049180328,0.293216630196937,0.379707438530968,0.705620152267082,0,155.4,242.4
2022,REG,00-0036906,K.Herbert,Khalil Herbert,RB,RB,"https://static.www.nfl.com/image/private/f_auto,q_auto/league/ovmznomieqta3a4rgx9a",13,CHI,0,0,0,0,0,0,0,0,0,0,0,0,,0,,,129,731,4,0,0,26,1.17196801237346,0,9,12,57,1,0,0,-29,81,2,-0.86384978224863,0,-1.96551724137931,0.0875912408759124,-0.0231259968102073,0.115198663546723,0,108.8,117.8
2022,REG,00-0036912,D.Smith,DeVonta Smith,WR,WR,"https://static.www.nfl.com/image/private/f_auto,q_auto/league/f8nowzare3wd2qw4jx7d",17,PHI,0,0,0,0,0,0,0,0,0,0,0,0,,0,,,0,0,0,0,0,0,,0,95,136,1196,7,1,1,1315,476,57,60.6423665903441,0,0.909505703422053,0.269306930693069,0.305600743667209,0.61788091660665,0,159.6,254.6
2022,REG,00-0036913,K.Toney,Kadarius Toney,WR,WR,"https://static.www.nfl.com/image/private/f_auto,q_auto/league/sptr6q2brsttjjg4zkov",9,KC,0,0,0,0,0,0,0,0,0,0,0,0,,0,,,7,82,1,0,0,5,6.3977043737541,0,16,20,171,2,0,0,75,108,8,7.45456863052775,0,2.28,0.068259385665529,0.0452352231604343,0.134053734710598,0,43.3,59.3
2022,REG,00-0036918,J.Harris,Jacob Harris,WR,WR,"https://static.www.nfl.com/image/private/f_auto,q_auto/league/hgel1hrjct1tthmb4vtd",1,LA,0,0,0,0,0,0,0,0,0,0,0,0,,0,,,0,0,0,0,0,0,,0,1,1,6,0,0,0,4,2,1,2.77069555688649,0,1.5,0.0416666666666667,0.027972027972028,0.0820804195804196,0,0.6,1.6
2022,REG,00-0036919,K.Gainwell,Kenneth Gainwell,RB,RB,"https://static.www.nfl.com/image/private/f_auto,q_auto/league/epkyjvftedewa9leunos",17,PHI,0,0,0,0,0,0,0,0,0,0,0,0,,0,,,53,240,4,0,0,17,7.87665731620579,0,23,29,169,0,0,0,35,146,7,-5.37212984954685,0,4.82857142857143,0.0739795918367347,0.0109204368174727,0.118613693527333,0,64.9,87.9
2022,REG,00-0036924,M.Carter,Michael Carter,RB,RB,"https://static.www.nfl.com/image/upload/f_auto,q_auto/league/pcdsa4mrdjs8lz8kjmmn",16,NYJ,0,0,0,0,0,0,0,0,0,0,0,0,,0,,,114,402,3,1,1,14,-21.690917342175,0,41,54,288,0,0,0,31,274,12,-4.48468701215461,0,9.29032258064516,0.101313320825516,0.0071560480147737,0.156979214848616,0,85.0,126.0
2022,REG,00-0036928,K.Trask,Kyle Trask,QB,QB,"https://static.www.nfl.com/image/private/f_auto,q_auto/league/ciuqn8n5bdkbdzh0d6zp",1,TB,3,9,23,0,0,0,0,0,0,99,20,1,-5.33255963632837,0,0.232323232323232,-0.0787899986254141,0,0,0,0,0,0,,0,0,0,0,0,0,0,0,0,0,,0,,,,,0,0.92,0.92
2022,REG,00-0036936,R.Moore,Rondale Moore,WR,WR,"https://static.www.nfl.com/image/private/f_auto,q_auto/league/yuwcs40qiqunbfrp9nip",8,ARI,0,0,0,0,0,0,0,0,0,0,0,0,,0,,,6,-5,0,0,0,1,-7.55513993569184,0,41,56,414,1,0,0,309,281,16,11.3752210443929,0,1.33980582524272,0.228571428571429,0.178819444444444,0.468030753968254,0,46.9,87.9
2022,REG,00-0036945,J.Fields,Justin Fields,QB,QB,"https://static.www.nfl.com/image/private/f_auto,q_auto/league/y3irxvjwpyiavrtzay80",15,CHI,192,318,2242,17,11,55,359,7,2,2889,958,91,-65.7712491202688,1,0.776047075112496,0.0453371916952446,160,1143,8,8,0,65,65.1829277535182,0,0,0,0,0,0,0,0,0,0,,0,,,,,0,295.98,295.98
2022,REG,00-0036950,A.Williams,Avery Williams,RB,RB,"https://static.www.nfl.com/image/private/f_auto,q_auto/league/pcpum1mfsl26cx7tkt5e",14,ATL,0,0,0,0,0,0,0,0,0,0,0,0,,0,,,22,109,1,0,0,6,0.220577496336773,0,13,14,61,0,0,0,-27,85,3,-1.08860781753252,0,-2.25925925925926,0.0583333333333333,-0.0151091214325686,0.076923614997202,0,23.0,36.0
2022,REG,00-0036951,F.Darby,Frank Darby,WR,WR,"https://static.www.nfl.com/image/private/f_auto,q_auto/league/ctfcyiif8irphwslbqur",1,ATL,0,0,0,0,0,0,0,0,0,0,0,0,,0,,,0,0,0,0,0,0,,0,1,1,15,0,0,0,14,1,1,1.2657943648519,0,1.07142857142857,0.0357142857142857,0.0419161676646707,0.082912745936698,0,1.5,2.5
2022,REG,00-0036955,T.Marshall,Terrace Marshall,WR,WR,"https://static.www.nfl.com/image/private/f_auto,q_auto/league/wyzlucfowqdntj6nkh7m",13,CAR,0,0,0,0,0,0,0,0,0,0,0,0,,0,,,0,0,0,0,0,0,,0,28,47,490,1,1,0,586,132,23,21.4001740347978,0,0.83617747440273,0.14968152866242,0.238696537678208,0.391609869368376,0,55.0,83.0
2022,REG,00-0036959,M.Bandy,Michael Bandy,WR,WR,"https://static.www.nfl.com/image/private/f_auto,q_auto/league/bvuio4shczwa5ae4lyam",7,LAC,0,0,0,0,0,0,0,0,0,0,0,0,,0,,,0,0,0,0,0,0,,0,10,21,89,0,0,0,184,25,5,-2.30611915333429,0,0.483695652173913,0.0711864406779661,0.0961840041819132,0.174108463944288,0,8.9,18.9
2022,REG,00-0036963,A.St. Brown,Amon-Ra St. Brown,WR,WR,"https://static.www.nfl.com/image/private/f_auto,q_auto/league/ubbam2rpn7xfbhvzvjyn",16,DET,0,0,0,0,0,0,0,0,0,0,0,0,,0,,,9,95,0,0,0,3,4.85691128257895,0,106,146,1161,6,0,0,933,531,68,57.1900987980576,0,1.2443729903537,0.278625954198473,0.2573083287369,0.59805476141354,0,161.6,267.6
2022,REG,00-0036970,K.Pitts,Kyle Pitts,TE,TE,"https://static.www.nfl.com/image/private/f_auto,q_auto/league/bimlwqd3sdzuhddiqgff",10,ATL,0,0,0,0,0,0,0,0,0,0,0,0,,0,,,0,0,0,0,0,0,,0,28,59,356,2,0,0,812,130,20,3.37759456088543,0,0.438423645320197,0.270642201834862,0.351363046300303,0.651917435162506,0,47.6,75.6
2022,REG,00-0036971,T.Lawrence,Trevor Lawrence,QB,QB,"https://static.www.nfl.com/image/private/f_auto,q_auto/league/angjglqlgj2txh25se5j",17,JAX,387,584,4113,25,8,27,184,7,5,4294,2017,206,83.5256579103014,3,0.957848160223568,0.10453423573941,62,291,5,5,4,27,-5.21947004223272,0,0,0,0,0,0,0,0,0,0,,0,,,,,0,295.62,295.62
2022,REG,00-0036972,M.Jones,Mac Jones,QB,QB,"https://static.www.nfl.com/image/private/f_auto,q_auto/league/fillvwo9xf7paiwbfihk",14,NE,288,442,2997,14,11,34,231,3,1,3459,1431,127,-28.406190213468,1,0.866435385949696,0.0356221616203405,47,102,1,2,0,12,-4.27054190375431,0,0,0,0,0,0,0,0,0,0,,0,,,,,0,170.08,170.08
2022,REG,00-0036973,T.Etienne,Travis Etienne,RB,RB,"https://static.www.nfl.com/image/private/f_auto,q_auto/league/ne5lyv8n6elqw77yrz9w",17,JAX,0,0,0,0,0,0,0,0,0,0,0,0,,0,,,220,1125,5,3,3,52,-9.74654840503943,1,35,45,316,0,2,1,4,354,16,4.73191104845137,0,79.0,0.0909090909090909,0.0010955902492467,0.137130549538109,0,168.1,203.1
2022,REG,00-0036980,E.Moore,Elijah Moore,WR,WR,"https://static.www.nfl.com/image/private/f_auto,q_auto/league/bhwvzckfhhcqhb7zdqyj",14,NYJ,0,0,0,0,0,0,0,0,0,0,0,0,,0,,,5,5,0,0,0,2,-1.07694124075351,0,37,65,446,1,1,0,785,93,22,1.46942748567224,0,0.568152866242038,0.124045801526718,0.173557373424718,0.307558863687379,0,51.1,88.1
2022,REG,00-0036984,T.Sermon,Trey Sermon,RB,RB,"https://static.www.nfl.com/image/private/f_auto,q_auto/league/v2igdor3vf1ijb0qyyp1",1,PHI,0,0,0,0,0,0,0,0,0,0,0,0,,0,,,2,19,0,0,0,2,2.30063952860655,0,0,0,0,0,0,0,0,0,0,,0,,,,,0,1.9,1.9
2022,REG,00-0036988,J.Palmer,Josh Palmer,WR,WR,"https://static.www.nfl.com/image/private/f_auto,q_auto/league/bbvzvwnb52cghz4fqyut",16,LAC,0,0,0,0,0,0,0,0,0,0,0,0,,0,,,1,4,0,0,0,1,0.726856680004858,0,72,107,769,3,1,0,929,252,39,22.5754835927452,1,0.827771797631862,0.168238993710692,0.231555333998006,0.414447224364642,0,97.3,169.3
2022,REG,00-0036991,A.Rodgers,Amari Rodgers,WR,WR,"https://static.www.nfl.com/image/private/f_auto,q_auto/league/g85ohsk2pgbf7xz2f1a8",9,HOU,0,0,0,0,0,0,0,0,0,0,0,0,,0,,,2,7,0,0,0,0,-0.45017598872073,0,16,25,204,1,2,0,240,63,13,4.70242311112816,0,0.85,0.0816993464052288,0.0955414012738854,0.189428000499563,0,27.1,43.1
2022,REG,00-0036997,J.Williams,Javonte Williams,RB,RB,"https://static.www.nfl.com/image/private/f_auto,q_auto/league/zurpblacsps47csmsyep",4,DEN,0,0,0,0,0,0,0,0,0,0,0,0,,0,,,47,204,0,1,1,9,-6.31136679562042,0,16,22,76,0,0,0,-24,118,4,-5.46275114382294,0,-3.16666666666667,0.174603174603175,-0.0227272727272727,0.245995670995671,0,26.0,42.0
2022,REG,00-0036999,A.Schwartz,Anthony Schwartz,WR,WR,"https://static.www.nfl.com/image/private/f_auto,q_auto/league/pmjne2xsf5kh7ze6uk5e",6,CLE,0,0,0,0,0,0,0,0,0,0,0,0,,0,,,4,57,1,0,0,2,4.00902184611186,0,4,10,51,0,1,1,142,27,2,-7.99063903058413,0,0.359154929577465,0.0512820512820513,0.0754115772703133,0.129711181012296,0,14.8,18.8
2022,REG,00-0037005,T.Tremble,Tommy Tremble,TE,TE,"https://static.www.nfl.com/image/private/f_auto,q_auto/league/s1t4b3y1pq7n3oxlgqjh",14,CAR,0,0,0,0,0,0,0,0,0,0,0,0,,0,,,0,0,0,0,0,0,,0,19,32,174,3,0,0,245,62,9,-1.67489255430365,0,0.710204081632653,0.0919540229885057,0.0868178596739901,0.198703536254552,0,35.4,54.4
2022,REG,00-0037011,T.McKitty,Tre' McKitty,TE,TE,"https://static.www.nfl.com/image/private/f_auto,q_auto/league/fxv7hzz4dar3dghap5zw",8,LAC,0,0,0,0,0,0,0,0,0,0,0,0,,0,,,0,0,0,0,0,0,,0,10,18,72,0,1,0,57,52,0,-5.63428664411185,0,1.26315789473684,0.0588235294117647,0.0309614340032591,0.109908297919928,0,7.2,17.2
2022,REG,00-0037012,T.Lance,Trey Lance,QB,QB,"https://static.www.nfl.com/image/private/f_auto,q_auto/league/q4iahwof4dq9xf3vqdcb",2,SF,15,31,194,0,1,2,9,0,0,210,80,6,-9.72571229066573,0,0.923809523809524,-0.0669145552968811,16,67,0,1,0,7,4.87005555065116,0,0,0,0,0,0,0,0,0,0,,0,,,,,0,12.46,12.46
2022,REG,00-0037013,Z.Wilson,Zach Wilson,QB,QB,"https://static.www.nfl.com/image/private/f_auto,q_auto/league/xkio4hljxo2u59rk2bud",9,NYJ,132,242,1688,6,7,23,175,1,1,2189,810,73,-36.2110549518601,0,0.771128369118319,-0.0029779017334449,28,102,1,0,0,7,-0.103486442261289,0,1,1,2,1,0,0,2,0,1,1.18445269513177,0,1.0,0.0303030303030303,0.0067567567567567,0.0501842751842752,0,97.92,98.92
2022,REG,00-0037055,L.McCutcheon,Lance McCutcheon,WR,WR,"https://static.www.nfl.com/image/private/f_auto,q_auto/league/x4dlonpi6nfs2xzahgrr",2,LA,0,0,0,0,0,0,0,0,0,0,0,0,,0,,,0,0,0,0,0,0,,0,0,5,0,0,0,0,71,0,0,-4.00159741006792,0,0.0,0.119047619047619,0.200564971751412,0.318966908797417,0,0.0,0.0
2022,REG,00-0037077,S.Howell,Sam Howell,QB,QB,"https://static.www.nfl.com/image/private/f_auto,q_auto/league/inzmmlbrqwjjpjr2zsmd",1,WAS,11,19,169,1,1,3,11,0,0,160,75,6,-7.46178453790207,0,1.05625,0.0404896368391306,5,35,1,0,0,4,5.52688141434919,0,0,0,0,0,0,0,0,0,0,,0,,,,,0,18.26,18.26
2022,REG,00-0037078,C.Turner,Cole Turner,TE,TE,"https://static.www.nfl.com/image/private/f_auto,q_auto/league/f4ssirab5w40r7mkar83",5,WAS,0,0,0,0,0,0,0,0,0,0,0,0,,0,,,0,0,0,0,0,0,,0,2,9,23,0,0,0,68,7,1,-6.74938240201811,0,0.338235294117647,0.0661764705882353,0.0655737704918033,0.145166345226615,0,2.3,4.3
2022,REG,00-0037085,T.Badie,Tyler Badie,RB,RB,"https://static.www.nfl.com/image/private/f_auto,q_auto/league/wpuznoqvl0yxol5fjrod",1,DEN,0,0,0,0,0,0,0,0,0,0,0,0,,0,,,1,0,0,0,0,0,-0.721431884914637,0,1,1,24,1,0,0,-7,31,1,2.3305268624099,0,-3.42857142857143,0.0454545454545455,-0.021671826625387,0.0530115395440473,0,8.4,9.4
2022,REG,00-0037086,G.Calcaterra,Grant Calcaterra,TE,TE,"https://static.www.nfl.com/image/private/f_auto,q_auto/league/r9kjrvuok5kie1ubdkcs",5,PHI,0,0,0,0,0,0,0,0,0,0,0,0,,0,,,0,0,0,0,0,0,,0,5,9,81,0,0,0,81,41,3,2.07799670603474,0,1.0,0.0545454545454545,0.0475631238990018,0.115112368547483,0,8.1,13.1
2022,REG,00-0037087,T.Ebner,Trestan Ebner,RB,RB,"https://static.www.nfl.com/image/private/f_auto,q_auto/league/c7caisxuupzlxa0vxlln",7,CHI,0,0,0,0,0,0,0,0,0,0,0,0,,0,,,24,54,0,0,0,2,-8.35346955159912,0,2,8,8,0,0,0,8,-1,0,-4.05054114320265,0,1.0,0.0776699029126214,0.0085836909871244,0.122513438059919,0,6.2,8.2
2022,REG,00-0037093,D.Young,Dareke Young,WR,WR,"https://static.www.nfl.com/image/private/f_auto,q_auto/league/zb1ggkzhcshdcgguug3u",1,SEA,0,0,0,0,0,0,0,0,0,0,0,0,,0,,,0,0,0,0,0,0,,0,2,2,24,0,0,0,1,23,2,2.09064046188723,0,24.0,0.0714285714285714,0.0037453183520599,0.109764579989299,0,2.4,4.4
2022,REG,00-0037098,S.Toure,Samori Toure,WR,WR,"https://static.www.nfl.com/image/private/f_auto,q_auto/league/lmyw6ejclftg7pitgsl2",4,GB,0,0,0,0,0,0,0,0,0,0,0,0,,0,,,0,0,0,0,0,0,,0,5,10,82,1,1,0,174,11,2,3.20617341935811,0,0.471264367816092,0.0757575757575758,0.151041666666667,0.21936553030303,0,14.2,19.2
2022,REG,00-0037112,J.Tonges,Jake Tonges,TE,TE,"https://static.www.nfl.com/image/private/f_auto,q_auto/league/vnxv7xwav7kc0lotgjly",1,CHI,0,0,0,0,0,0,0,0,0,0,0,0,,0,,,0,0,0,0,0,0,,0,0,1,0,0,0,0,13,0,0,-0.568823910318315,0,0.0,0.0625,0.0909090909090909,0.157386363636364,0,0.0,0.0
2022,REG,00-0037157,Z.Knight,Zonovan Knight,RB,RB,"https://static.www.nfl.com/image/private/f_auto,q_auto/league/qdfkex1xfpfdyfovabig",7,NYJ,0,0,0,0,0,0,0,0,0,0,0,0,,0,,,85,300,1,1,0,14,-13.8350112856757,0,13,14,100,0,1,0,-30,132,5,4.00658407888841,0,-3.33333333333333,0.0693069306930693,-0.0186104218362283,0.0909331007542442,0,46.0,59.0
2022,REG,00-0037168,A.Rogers,Armani Rogers,TE,TE,"https://static.www.nfl.com/image/private/f_auto,q_auto/league/vrzydboexpodoeazqeal",5,WAS,0,0,0,0,0,0,0,0,0,0,0,0,,0,,,2,26,0,0,0,1,1.45144690561574,0,5,6,64,0,0,0,13,57,4,3.62085561174899,0,4.92307692307692,0.058252427184466,0.0199692780337942,0.101357135400355,0,9.0,14.0
2022,REG,00-0037175,A.Brown,Anthony Brown,QB,QB,"https://static.www.nfl.com/image/private/f_auto,q_auto/league/wsbie1tqhz6uwtf49tmj",2,BAL,22,49,302,0,2,5,14,1,1,401,142,13,-16.465219842052,0,0.753117206982544,-0.0794807191842313,3,-5,0,0,0,0,0.0,0,0,0,0,0,0,0,0,0,0,,0,,,,,0,5.58,5.58
2022,REG,00-0037197,I.Pacheco,Isiah Pacheco,RB,RB,"https://static.www.nfl.com/image/private/f_auto,q_auto/league/rzr8nxjunjeiv8bjir59",17,KC,0,0,0,0,0,0,0,0,0,0,0,0,,0,,,170,830,5,3,2,37,-3.83821886745072,0,13,14,130,0,0,0,-9,157,7,5.31361023127101,0,-14.4444444444444,0.0454545454545455,-0.0042735042735042,0.0651903651903652,0,122.0,135.0
2022,REG,00-0037228,J.Warren,Jaylen Warren,RB,RB,"https://static.www.nfl.com/image/private/f_auto,q_auto/league/q6zstqy99al3sghrufey",16,PIT,0,0,0,0,0,0,0,0,0,0,0,0,,0,,,77,379,1,1,0,20,8.39019118724006,0,28,33,214,0,0,0,-16,225,14,10.611172143914,0,-13.375,0.0669371196754564,-0.0038406144983197,0.0977172493643608,0,65.3,93.3
2022,REG,00-0037238,D.London,Drake London,WR,WR,"https://static.www.nfl.com/image/private/f_auto,q_auto/league/rrwzcsvsfqq9xptp8o48",17,ATL,0,0,0,0,0,0,0,0,0,0,0,0,,0,,,0,0,0,0,0,0,,0,72,117,866,4,3,3,1219,224,48,11.742354318053,1,0.710418375717802,0.2925,0.309233891425672,0.655213723997971,0,106.6,178.6
2022,REG,00-0037239,C.Olave,Chris Olave,WR,WR,"https://static.www.nfl.com/image/private/f_auto,q_auto/league/vtfhbyz1ofg6cgxxulw4",15,NO,0,0,0,0,0,0,0,0,0,0,0,0,,0,,,0,0,0,0,0,0,,0,72,119,1042,4,2,2,1686,210,48,23.8033499112709,1,0.618030842230131,0.265625,0.4151686776656,0.68905557436592,0,126.2,198.2
2022,REG,00-0037240,J.Williams,Jameson Williams,WR,WR,"https://static.www.nfl.com/image/private/f_auto,q_auto/league/kfieht3mru8nd2itoi4a",6,DET,0,0,0,0,0,0,0,0,0,0,0,0,,0,,,1,40,0,0,0,1,2.36443340824917,0,1,9,41,1,0,0,148,5,1,-1.34965212398674,0,0.277027027027027,0.0420560747663551,0.107480029048657,0.138320132483592,0,14.1,15.1
2022,REG,00-0037247,G.Pickens,George Pickens,WR,WR,"https://static.www.nfl.com/image/private/f_auto,q_auto/league/gnfxhtk8e6ecazbhoinl",17,PIT,0,0,0,0,0,0,0,0,0,0,0,0,,0,,,3,24,1,0,0,2,2.08365396299632,0,52,84,801,4,0,0,1240,104,38,44.2961095223042,1,0.645967741935484,0.153284671532847,0.275433140826299,0.42273020587768,0,114.5,166.5
2022,REG,00-0037248,J.Cook,James Cook,RB,RB,"https://static.www.nfl.com/image/private/f_auto,q_auto/league/clqdllqqmpleidegprep",16,BUF,0,0,0,0,0,0,0,0,0,0,0,0,,0,,,89,507,2,1,1,24,6.5008755439776,0,21,32,180,1,0,0,82,132,5,3.87273641577075,0,2.19512195121951,0.0790123456790123,0.021802712044669,0.133780416949787,0,84.7,105.7
2022,REG,00-0037252,G.Dulcich,Greg Dulcich,TE,TE,"https://static.www.nfl.com/image/private/f_auto,q_auto/league/czyy0gdn8l17bpqtqeoe",10,DEN,0,0,0,0,0,0,0,0,0,0,0,0,,0,,,0,0,0,0,0,0,,0,33,55,411,2,0,0,624,155,18,0.468308218268524,0,0.658653846153846,0.172413793103448,0.222222222222222,0.414176245210728,0,53.1,86.1
2022,REG,00-0037253,M.Jones,Marcus Jones,CB,DB,"https://static.www.nfl.com/image/private/f_auto,q_auto/league/t5dp8kwkx5dbt9nnnmig",4,NE,0,0,0,0,0,0,0,0,0,0,0,0,,0,,,0,0,0,0,0,0,,0,4,4,78,1,0,0,-17,95,3,6.37804602322285,0,0.0,0.0408163265306122,-0.0221642764015645,0.0457094963148232,1,19.8,23.8
2022,REG,00-0037256,R.White,Rachaad White,RB,RB,"https://static.www.nfl.com/image/private/f_auto,q_auto/league/uiqqvw00vpykdylgu7d4",16,TB,0,0,0,0,0,0,0,0,0,0,0,0,,0,,,129,481,1,1,1,27,-17.0101706447604,0,50,58,290,2,1,1,-18,319,14,6.97240721152048,0,-16.1111111111111,0.0932475884244373,-0.0048128342245989,0.136502398679437,0,91.1,141.1
2022,REG,00-0037257,D.Bell,David Bell,WR,WR,"https://static.www.nfl.com/image/private/f_auto,q_auto/league/otv2kkn3lxonp9z43bdj",14,CLE,0,0,0,0,0,0,0,0,0,0,0,0,,0,,,0,0,0,0,0,0,,0,24,35,214,0,0,0,256,69,7,-11.0991340471955,0,0.8359375,0.0804597701149425,0.0686695278969957,0.168758324700311,0,21.4,45.4
2022,REG,00-0037258,D.Pierce,Dameon Pierce,RB,RB,"https://static.www.nfl.com/image/private/f_auto,q_auto/league/lcq9gwdxdbcymz2ggglx",13,HOU,0,0,0,0,0,0,0,0,0,0,0,0,,0,,,220,939,4,4,2,54,-27.9403902780737,0,30,39,165,1,0,0,-11,197,7,-8.82413049039315,0,-15.0,0.103448275862069,-0.0044480388192478,0.15205878661963,0,136.4,166.4
2022,REG,00-0037261,K.Shakir,Khalil Shakir,WR,WR,"https://static.www.nfl.com/image/private/f_auto,q_auto/league/l1flqgo30hfowrdckdeu",10,BUF,0,0,0,0,0,0,0,0,0,0,0,0,,0,,,0,0,0,0,0,0,,0,10,20,161,1,0,0,204,74,7,6.69327418264577,1,0.78921568627451,0.060790273556231,0.0644549763033175,0.136303893746669,0,24.1,34.1
2022,REG,00-0037263,T.Allgeier,Tyler Allgeier,RB,RB,"https://static.www.nfl.com/image/private/f_auto,q_auto/league/u5aztfcvemiyxt9lisic",16,ATL,0,0,0,0,0,0,0,0,0,0,0,0,,0,,,210,1035,3,0,0,53,10.2895796306982,1,16,17,139,1,0,0,-32,168,8,7.12531922728522,0,-4.34375,0.0783410138248848,-0.0153330138955438,0.106778411010447,0,143.4,159.4
2022,REG,00-0037265,S.Conner,Snoop Conner,RB,RB,"https://static.www.nfl.com/image/private/f_auto,q_auto/league/x8j93emkxe44z0kwinjf",5,JAX,0,0,0,0,0,0,0,0,0,0,0,0,,0,,,12,42,1,0,0,2,-2.05222863185918,0,0,0,0,0,0,0,0,0,0,,0,,,,,0,10.2,10.2
2022,REG,00-0037267,J.Ford,Jerome Ford,RB,RB,"https://static.www.nfl.com/image/private/f_auto,q_auto/league/djggmwo5v8osoboiseo2",2,CLE,0,0,0,0,0,0,0,0,0,0,0,0,,0,,,8,12,0,0,0,1,-3.42909810991129,0,0,0,0,0,0,0,0,0,0,,0,,,,,0,1.2,1.2
2022,REG,00-0037272,M.Washington,Montrell Washington,WR,WR,"https://static.www.nfl.com/image/upload/f_auto,q_auto/league/tmuoypdqpak2ork1rfg0",9,DEN,0,0,0,0,0,0,0,0,0,0,0,0,,0,,,5,30,0,0,0,0,-0.0179459194769152,0,4,9,2,0,0,0,153,13,0,-7.78438647778239,0,0.0130718954248366,0.0459183673469388,0.0764617691154423,0.122400789401218,0,3.2,7.2
2022,REG,00-0037273,K.Philips,Kyle Philips,WR,WR,"https://static.www.nfl.com/image/private/f_auto,q_auto/league/ixonb2eub4xe9lzgwte0",4,TEN,0,0,0,0,0,0,0,0,0,0,0,0,,0,,,0,0,0,0,0,0,,0,8,13,78,0,0,0,100,21,3,-1.93557362398133,0,0.78,0.13265306122449,0.128700128700129,0.289069681926825,0,7.8,15.8
2022,REG,00-0037276,T.Chandler,Ty Chandler,RB,RB,"https://static.www.nfl.com/image/private/f_auto,q_auto/league/map979dvuonzb8a6g13b",1,MIN,0,0,0,0,0,0,0,0,0,0,0,0,,0,,,6,20,0,0,0,1,-1.27408390166238,0,0,0,0,0,0,0,0,0,0,,0,,,,,0,2.0,2.0
2022,REG,00-0037277,T.Quitoriano,Teagan Quitoriano,TE,TE,"https://static.www.nfl.com/image/private/f_auto,q_auto/league/o4gnaivz9jlczc3ulvpg",7,HOU,0,0,0,0,0,0,0,0,0,0,0,0,,0,,,0,0,0,0,0,0,,0,7,14,113,2,0,0,175,53,5,2.19629392161733,0,0.645714285714286,0.0630630630630631,0.100344036697248,0.164835420282668,0,23.3,30.3
2022,REG,00-0037282,J.Mitchell,James Mitchell,TE,TE,"https://static.www.nfl.com/image/private/f_auto,q_auto/league/ezqnkfietyugbv8odnhd",8,DET,0,0,0,0,0,0,0,0,0,0,0,0,,0,,,0,0,0,0,0,0,,0,11,11,113,1,0,0,51,62,7,10.0097318876651,0,2.2156862745098,0.0423076923076923,0.0376106194690266,0.0897889720898571,0,17.3,28.3
2022,REG,00-0037286,K.Harris,Kevin Harris,RB,RB,"https://static.www.nfl.com/image/private/f_auto,q_auto/league/jlqnwxuwbkoscvv9kz5h",5,NE,0,0,0,0,0,0,0,0,0,0,0,0,,0,,,18,52,1,0,0,3,-1.94094609777676,0,0,0,0,0,0,0,0,0,0,,0,,,,,0,11.2,11.2
2022,REG,00-0037291,J.Nailor,Jalen Nailor,WR,WR,"https://static.www.nfl.com/image/private/f_auto,q_auto/league/qqlvvhrlbmmcpakjyxmd",5,MIN,0,0,0,0,0,0,0,0,0,0,0,0,,0,,,0,0,0,0,0,0,,0,9,13,179,1,0,0,151,67,7,7.69675768021261,0,1.18543046357616,0.0706521739130435,0.10230352303523,0.177590726994226,0,23.9,32.9
2022,REG,00-0037299,K.Ingram,Keaontay Ingram,RB,RB,"https://static.www.nfl.com/image/private/f_auto,q_auto/league/ljj0swqga7olgvqnokof",10,ARI,0,0,0,0,0,0,0,0,0,0,0,0,,0,,,27,60,1,0,0,4,-9.23134566671797,0,4,5,21,0,0,0,-11,32,1,-3.2195507013239,0,-1.90909090909091,0.0892857142857143,-0.0277777777777778,0.114484126984127,0,14.1,18.1
2022,REG,00-0037300,M.Woods,Mike Woods,WR,WR,"https://static.www.nfl.com/image/private/f_auto,q_auto/league/qlps63mn8jfsvqgf7cub",6,CLE,0,0,0,0,0,0,0,0,0,0,0,0,,0,,,1,-5,0,0,0,0,-1.52764946175739,0,5,10,45,0,0,0,159,17,3,-7.73673833106295,0,0.283018867924528,0.0568181818181818,0.0978461538461539,0.15371958041958,0,4.0,9.0
2022,REG,00-0037304,C.Heyward,Connor Heyward,TE,TE,"https://static.www.nfl.com/image/private/f_auto,q_auto/league/zulggzj8lfpvz1vozqto",8,PIT,0,0,0,0,0,0,0,0,0,0,0,0,,0,,,2,27,0,0,0,2,0.753636755922344,0,12,17,151,1,0,0,92,62,6,4.05112559403642,0,1.64130434782609,0.0634328358208955,0.0436225699383594,0.125685052688195,0,23.8,35.8
2022,REG,00-0037311,K.Kieft,Ko Kieft,TE,TE,"https://static.www.nfl.com/image/private/f_auto,q_auto/league/qfsqi11viu1jvij3a6ie",8,TB,0,0,0,0,0,0,0,0,0,0,0,0,,0,,,0,0,0,0,0,0,,0,7,10,80,1,0,0,57,31,5,4.61777849763166,0,1.40350877192982,0.025974025974026,0.0220844633862844,0.054420163331438,0,14.0,21.0
2022,REG,00-0037327,S.Thompson,Skylar Thompson,QB,QB,"https://static.www.nfl.com/image/private/f_auto,q_auto/league/biryharao5wwhaqskoq5",7,MIA,60,105,534,1,3,6,40,1,1,783,208,26,-32.7323036935069,0,0.681992337164751,-0.0009177388817023,14,21,0,1,1,1,-11.1089084636187,0,0,0,0,0,0,0,0,0,0,,0,,,,,0,17.46,17.46
2022,REG,00-0037331,Z.Horvath,Zander Horvath,RB,RB,"https://static.www.nfl.com/image/private/f_auto,q_auto/league/e1sx0c4mtcm09gavjs7s",8,LAC,0,0,0,0,0,0,0,0,0,0,0,0,,0,,,4,8,0,0,0,2,0.223257885401836,0,5,8,8,2,0,0,6,1,2,-0.621620731893927,0,1.33333333333333,0.032258064516129,0.0046656298600311,0.0516530376762153,0,13.6,18.6
2022,REG,00-0037348,T.Conner,Tanner Conner,WR,WR,"https://static.www.nfl.com/image/private/f_auto,q_auto/league/ozsvfs1hhqhlxlvg0cbk",2,MIA,0,0,0,0,0,0,0,0,0,0,0,0,,0,,,0,0,0,0,0,0,,0,0,3,0,0,0,0,20,0,0,-2.65954570833128,0,0.0,0.038961038961039,0.0309119010819165,0.0800798891989,0,0.0,0.0
2022,REG,00-0037355,B.Sanders,Braylon Sanders,WR,WR,"https://static.www.nfl.com/image/private/f_auto,q_auto/league/nkmwdieb7qwtipigcktc",2,MIA,0,0,0,0,0,0,0,0,0,0,0,0,,0,,,0,0,0,0,0,0,,0,2,3,17,0,1,1,42,3,0,-5.94891308806837,0,0.404761904761905,0.046875,0.0660377358490566,0.11653891509434,0,-0.3,1.7
2022,REG,00-0037382,B.Johnson,Brandon Johnson,WR,WR,"https://static.www.nfl.com/image/private/f_auto,q_auto/league/gxf9whcnyhlmby6givfo",4,DEN,0,0,0,0,0,0,0,0,0,0,0,0,,0,,,0,0,0,0,0,0,,0,6,14,42,1,0,0,180,13,2,-12.8798267293314,0,0.233333333333333,0.108527131782946,0.214285714285714,0.312790697674419,0,10.2,16.2
2022,REG,00-0037387,J.Virgil,Jalen Virgil,WR,WR,"https://static.www.nfl.com/image/private/f_auto,q_auto/league/ryhl8kgyzv68okc7kugk",4,DEN,0,0,0,0,0,0,0,0,0,0,0,0,,0,,,0,0,0,0,0,0,,0,2,5,75,1,0,0,70,43,2,5.6061608234304,0,1.07142857142857,0.0337837837837838,0.0531914893617021,0.0879097182288672,0,13.5,15.5
2022,REG,00-0037393,J.Domann,JoJo Domann,OLB,LB,"https://static.www.nfl.com/image/private/f_auto,q_auto/league/nvytxavob9kkxqvfur8b",1,IND,0,0,0,0,0,0,0,0,0,0,0,0,,0,,,0,0,0,0,0,0,,0,0,0,0,0,0,0,0,0,0,,0,,,,,1,6.0,6.0
2022,REG,00-0037429,R.Blackshear,Raheem Blackshear,RB,RB,"https://static.www.nfl.com/image/private/f_auto,q_auto/league/peefrrw4p5phrj5of9c3",10,CAR,0,0,0,0,0,0,0,0,0,0,0,0,,0,,,23,77,3,0,0,7,1.26981854616315,0,10,12,93,0,0,0,-22,105,3,0.920666004676605,0,-4.22727272727273,0.08,-0.0207743153918791,0.105457979225685,0,35.0,45.0
2022,REG,00-0037456,T.Hairston,Troy Hairston,FB,RB,"https://static.www.nfl.com/image/private/f_auto,q_auto/league/sagsvhjpdxay3uue59bx",7,HOU,0,0,0,0,0,0,0,0,0,0,0,0,,0,,,0,0,0,0,0,0,,0,5,8,19,0,0,0,8,10,0,-6.18482532701455,0,2.375,0.0343347639484979,0.0062353858144972,0.0558669159928949,0,1.9,6.9
2022,REG,00-0037475,S.Smartt,Stone Smartt,TE,TE,"https://static.www.nfl.com/image/private/f_auto,q_auto/league/lovcgush5dwvax5psh8q",3,LAC,0,0,0,0,0,0,0,0,0,0,0,0,,0,,,0,0,0,0,0,0,,0,4,5,17,0,0,0,23,7,1,-0.400831583421677,0,0.739130434782609,0.040983606557377,0.0272511848341232,0.0805512392199518,0,1.7,5.7
2022,REG,00-0037487,D.Thompkins,Deven Thompkins,WR,WR,"https://static.www.nfl.com/image/private/f_auto,q_auto/league/gt0yeyl9y8s6onw8wcdr",2,TB,0,0,0,0,0,0,0,0,0,0,0,0,,0,,,2,26,0,0,0,1,1.99759500089567,0,5,10,32,0,0,0,79,32,1,-5.98000114242313,0,0.405063291139241,0.133333333333333,0.158953722334004,0.311267605633803,0,5.8,10.8
2022,REG,00-0037500,R.Wright,Ryan Wright,P,SPEC,"https://static.www.nfl.com/image/private/f_auto,q_auto/league/ks6xrdlavn910cvyvv1u",2,MIN,1,2,13,0,0,0,0,0,0,21,0,1,-0.40921337925829,0,0.619047619047619,,0,0,0,0,0,0,,0,0,0,0,0,0,0,0,0,0,,0,,,,,0,0.52,0.52
2022,REG,00-0037525,J.Mason,Jordan Mason,RB,RB,"https://static.www.nfl.com/image/private/f_auto,q_auto/league/cc7xu5fbux5995xvdscv",8,SF,0,0,0,0,0,0,0,0,0,0,0,0,,0,,,43,258,1,0,0,10,2.95764449355193,0,0,0,0,0,0,0,0,0,0,,0,,,,,0,31.8,31.8
2022,REG,00-0037545,R.Shaheed,Rashid Shaheed,WR,WR,"https://static.www.nfl.com/image/private/f_auto,q_auto/league/y96n1bum9eowfxmt1nbg",11,NO,0,0,0,0,0,0,0,0,0,0,0,0,,0,,,4,57,1,0,0,2,4.58333272335585,0,28,34,488,2,1,0,397,175,18,31.0551040175899,0,1.22921914357683,0.112956810631229,0.164389233954451,0.28450767971496,0,72.5,100.5
2022,REG,00-0037557,R.Rivers,Ronnie Rivers,RB,RB,"https://static.www.nfl.com/image/private/f_auto,q_auto/league/fd20isppszv9cfubzs7y",2,LA,0,0,0,0,0,0,0,0,0,0,0,0,,0,,,9,21,0,0,0,1,-3.69308078102767,0,5,5,29,0,0,0,-26,55,1,-0.318621450045612,0,-1.11538461538462,0.0793650793650794,-0.0915492957746479,0.0549631120053655,0,5.0,10.0
2022,REG,00-0037563,M.Davis,Malik Davis,RB,RB,"https://static.www.nfl.com/image/private/f_auto,q_auto/league/gakyucly45gxmxsmdydq",6,DAL,0,0,0,0,0,0,0,0,0,0,0,0,,0,,,38,161,1,0,0,6,-3.50220239717908,0,6,7,63,0,0,0,-7,65,5,6.79102219743072,0,-9.0,0.0721649484536082,-0.0109717868338558,0.100567171896713,0,28.4,34.4
2022,REG,00-0037569,P.Hendershot,Peyton Hendershot,TE,TE,"https://static.www.nfl.com/image/private/f_auto,q_auto/league/la4laebqrgkakbd8nvvu",9,DAL,0,0,0,0,0,0,0,0,0,0,0,0,,0,,,1,2,1,0,0,1,1.13259516889229,0,11,16,103,2,0,0,109,47,8,-3.1800049560843,0,0.944954128440367,0.0608365019011407,0.0696485623003195,0.140008746461935,0,28.5,39.5
2022,REG,00-0037570,D.Houston,Dennis Houston,WR,WR,"https://static.www.nfl.com/image/private/f_auto,q_auto/league/qngqbjjcg71pcr9z7cbm",2,DAL,0,0,0,0,0,0,0,0,0,0,0,0,,0,,,0,0,0,0,0,0,,0,2,6,16,0,0,0,79,6,0,-5.05362217803486,0,0.20253164556962,0.0845070422535211,0.146025878003697,0.22897867798287,0,1.6,3.6
2022,REG,00-0037594,J.Chestnut,Julius Chestnut,RB,RB,"https://static.www.nfl.com/image/private/f_auto,q_auto/league/csam75kgicccwurbn63a",3,TEN,0,0,0,0,0,0,0,0,0,0,0,0,,0,,,9,12,0,0,0,1,-4.98684971564217,0,3,3,41,0,0,0,2,39,1,0.781152935000137,0,20.5,0.0394736842105263,0.0028943560057887,0.0612365755198416,0,5.3,8.3
2022,REG,00-0037617,H.Haskins,Hassan Haskins,RB,RB,"https://static.www.nfl.com/image/private/f_auto,q_auto/league/kt8fj2g5u0r24ah28dxz",7,TEN,0,0,0,0,0,0,0,0,0,0,0,0,,0,,,25,93,0,0,0,5,-2.45266898942646,0,11,12,57,0,0,0,-6,58,2,-3.64132194616832,0,-9.5,0.0718562874251497,-0.0047581284694686,0.104453741209096,0,15.0,26.0
2022,REG,00-0037664,A.Pierce,Alec Pierce,WR,WR,"https://static.www.nfl.com/image/private/f_auto,q_auto/league/ya4sqdf9lzrm4ql8eywi",16,IND,0,0,0,0,0,0,0,0,0,0,0,0,,0,,,0,0,0,0,0,0,,0,41,78,593,2,1,0,914,113,28,19.4288318037164,0,0.648796498905908,0.141818181818182,0.264314632735685,0.397747515642252,0,71.3,112.3
2022,REG,00-0037666,J.Tolbert,Jalen Tolbert,WR,WR,"https://static.www.nfl.com/image/private/f_auto,q_auto/league/idcuteeyaispnvvmzvjp",2,DAL,0,0,0,0,0,0,0,0,0,0,0,0,,0,,,0,0,0,0,0,0,,0,2,3,12,0,0,0,45,2,0,-0.687333475914784,0,0.266666666666667,0.05,0.115089514066496,0.155562659846547,0,1.2,3.2
2022,REG,00-0037708,M.Alexander,Maurice Alexander,WR,WR,"https://static.www.nfl.com/image/private/f_auto,q_auto/league/dsjgksgzq59hz8ltej25",1,DET,0,0,0,0,0,0,0,0,0,0,0,0,,0,,,0,0,0,0,0,0,,0,1,1,7,0,0,0,3,4,0,-0.663192750299413,0,2.33333333333333,0.027027027027027,0.0112359550561798,0.0484057090798664,0,0.7,1.7
2022,REG,00-0037740,G.Wilson,Garrett Wilson,WR,WR,"https://static.www.nfl.com/image/private/f_auto,q_auto/league/llgosx4tokddwnyrgvbx",17,NYJ,0,1,0,0,0,0,0,0,0,9,0,0,-0.492538507562131,0,0.0,,4,4,0,1,0,0,-2.26600202347618,0,83,147,1103,4,1,1,1548,384,56,33.5192462237647,0,0.712532299741602,0.25,0.316047366271948,0.596233156390363,0,132.7,215.7
2022,REG,00-0037741,J.Dotson,Jahan Dotson,WR,WR,"https://static.www.nfl.com/image/private/f_auto,q_auto/league/z768onjtm135fjjmeney",12,WAS,0,0,0,0,0,0,0,0,0,0,0,0,,0,,,2,-7,0,0,0,0,-1.77960987272672,0,35,61,523,7,0,0,853,137,26,21.7668105605613,1,0.613130128956624,0.158854166666667,0.256541353383459,0.417860197368421,0,95.6,130.6
2022,REG,00-0037742,T.Burks,Treylon Burks,WR,WR,"https://static.www.nfl.com/image/private/f_auto,q_auto/league/rhs1fkmzghadzfpd243u",11,TEN,0,0,0,0,0,0,0,0,0,0,0,0,,0,,,4,47,0,0,0,3,3.63971945503727,0,33,54,444,1,0,0,624,165,19,3.90223934915993,0,0.711538461538462,0.175324675324675,0.272727272727273,0.453896103896104,0,55.1,88.1
2022,REG,00-0037744,T.McBride,Trey McBride,TE,TE,"https://static.www.nfl.com/image/private/f_auto,q_auto/league/x7x9ze5msigs8u57ydvl",9,ARI,0,0,0,0,0,0,0,0,0,0,0,0,,0,,,0,0,0,0,0,0,,0,29,39,265,1,1,0,241,117,12,7.69660834708663,0,1.09958506224066,0.122641509433962,0.103566824237215,0.256459041116994,0,32.5,61.5
2022,REG,00-0037745,V.Jones,Velus Jones,WR,WR,"https://static.www.nfl.com/image/private/f_auto,q_auto/league/gb06eaw6prinklkdkv2d",9,CHI,0,0,0,0,0,0,0,0,0,0,0,0,,0,,,9,103,1,1,1,5,2.12876566674095,0,7,14,107,1,0,0,234,37,4,-1.50382053002249,0,0.457264957264957,0.0869565217391304,0.170927684441198,0.250084161717534,0,31.0,38.0
2022,REG,00-0037746,B.Robinson,Brian Robinson,RB,RB,"https://static.www.nfl.com/image/private/f_auto,q_auto/league/gxcfbuvmooytbn45kvxf",12,WAS,0,0,0,0,0,0,0,0,0,0,0,0,,0,,,205,797,2,2,0,49,-6.23539711959893,0,9,12,60,1,0,0,-11,72,3,-2.06046722695464,0,-5.45454545454545,0.0574162679425837,-0.0062821245002855,0.0817269147636757,0,103.7,112.7
2022,REG,00-0037755,J.Woods,Jelani Woods,TE,TE,"https://static.www.nfl.com/image/private/f_auto,q_auto/league/ugcz6yszcz7swqh6pj0v",12,IND,0,0,0,0,0,0,0,0,0,0,0,0,,0,,,0,0,0,0,0,0,,0,25,40,312,3,1,0,398,120,16,5.26930553267541,0,0.78391959798995,0.0952380952380952,0.153549382716049,0.250341710758377,0,49.2,74.2
2022,REG,00-0037801,K.Turpin,Kavontae Turpin,WR,WR,"https://static.www.nfl.com/image/private/f_auto,q_auto/league/dl2ngh2glo7gebocl3ah",5,DAL,0,0,0,0,0,0,0,0,0,0,0,0,,0,,,3,17,0,0,0,1,0.016680371016264,0,1,2,9,0,0,0,13,5,0,-1.63894319084705,0,0.692307692307692,0.0246913580246914,0.0213815789473684,0.0520041423001949,0,2.6,3.6
2022,REG,00-0037805,J.Ruckert,Jeremy Ruckert,TE,TE,"https://static.www.nfl.com/image/private/f_auto,q_auto/league/w6bf97vbqitoyo5o7xaa",2,NYJ,0,0,0,0,0,0,0,0,0,0,0,0,,0,,,0,0,0,0,0,0,,0,1,2,8,0,0,0,7,1,0,0.04786110681016,0,1.14285714285714,0.0266666666666667,0.0260223048327138,0.0582156133828996,0,0.8,1.8
2022,REG,00-0037809,C.Okonkwo,Chigoziem Okonkwo,TE,TE,"https://static.www.nfl.com/image/private/f_auto,q_auto/league/hkqd6pubp52djhxhtyqi",15,TEN,0,0,0,0,0,0,0,0,0,0,0,0,,0,,,3,2,0,0,0,0,-3.1748977699317,0,32,46,450,3,0,0,353,252,22,22.7835941986184,1,1.27478753541077,0.118863049095607,0.119015509103169,0.261605430015629,0,65.2,97.2
2022,REG,00-0037816,R.Doubs,Romeo Doubs,WR,WR,"https://static.www.nfl.com/image/private/f_auto,q_auto/league/pk4dvgjaicaupntsdnnp",13,GB,0,0,0,0,0,0,0,0,0,0,0,0,,0,,,1,11,0,0,0,1,0.518284689751454,0,42,67,425,3,2,1,637,191,20,-2.37979611758255,0,0.667189952904239,0.156177156177156,0.19250528860683,0.369019436290515,0,59.6,101.6
2022,REG,00-0037827,T.Davis-Price,Tyrion Davis-Price,RB,RB,"https://static.www.nfl.com/image/private/f_auto,q_auto/league/oor9ikpohxt5hjy3g0op",5,SF,0,0,0,0,0,0,0,0,0,0,0,0,,0,,,34,99,0,0,0,5,-13.53276113639,0,0,2,0,0,0,0,0,0,0,-0.932838922657538,0,,0.0434782608695652,,,0,9.9,9.9
2022,REG,00-0037828,D.Gray,Danny Gray,WR,WR,"https://static.www.nfl.com/image/private/f_auto,q_auto/league/faphntikmfz5ha6oagcv",5,SF,0,0,0,0,0,0,0,0,0,0,0,0,,0,,,1,9,0,0,0,0,0.806124189519323,0,1,7,10,0,0,0,160,4,1,-2.9469830194721,0,0.0625,0.0573770491803279,0.185185185185185,0.215695203400121,0,1.9,2.9
2022,REG,00-0037834,B.Purdy,Brock Purdy,QB,QB,"https://static.www.nfl.com/image/private/f_auto,q_auto/league/hdwbdlyiose4znenx5ed",9,SF,114,170,1374,13,4,11,84,0,0,1117,706,66,36.5531119855899,0,1.23008057296329,0.113351073455797,22,13,1,0,0,5,-10.4719932131378,0,0,0,0,0,0,0,0,0,0,,0,,,,,0,106.26,106.26
2022,REG,00-0037838,I.Likely,Isaiah Likely,TE,TE,"https://static.www.nfl.com/image/private/f_auto,q_auto/league/z8xwspdtqixrzxxjbapx",14,BAL,0,0,0,0,0,0,0,0,0,0,0,0,,0,,,0,0,0,0,0,0,,0,36,60,373,3,0,0,405,151,18,-5.35323245686544,0,0.920987654320988,0.153846153846154,0.124615384615385,0.318,0,55.3,91.3
2022,REG,00-0037840,K.Williams,Kyren Williams,RB,RB,"https://static.www.nfl.com/image/private/f_auto,q_auto/league/emynpilqbr8huoh6vmhg",8,LA,0,0,0,0,0,0,0,0,0,0,0,0,,0,,,35,139,0,0,0,6,-4.25223541839744,0,9,12,76,0,0,0,17,80,5,-1.67280480700564,0,4.47058823529412,0.0685714285714286,0.0130368098159509,0.111982909728309,0,21.5,30.5
2022,REG,00-0038040,Z.White,Zamir White,RB,RB,"https://static.www.nfl.com/image/private/f_auto,q_auto/league/a8vpgphydjltkrr531vd",11,LV,0,0,0,0,0,0,0,0,0,0,0,0,,0,,,17,70,0,0,0,4,-1.51255080098053,0,0,0,0,0,0,0,0,0,0,,0,,,,,0,7.0,7.0
2022,REG,00-0038041,J.Ferguson,Jake Ferguson,TE,TE,"https://static.www.nfl.com/image/private/f_auto,q_auto/league/xy9bvf3d9yjprwigiqty",11,DAL,0,0,0,0,0,0,0,0,0,0,0,0,,0,,,0,0,0,0,0,0,,0,19,22,174,2,0,0,77,124,8,7.89027564482676,0,2.25974025974026,0.063768115942029,0.026634382566586,0.114296241709654,0,29.4,48.4
2022,REG,00-0038045,I.Spiller,Isaiah Spiller,RB,RB,"https://static.www.nfl.com/image/private/f_auto,q_auto/league/mmgppj4johvoldlpuns3",5,LAC,0,0,0,0,0,0,0,0,0,0,0,0,,0,,,18,41,0,0,0,2,-7.11014819156844,0,3,3,13,0,0,0,-10,23,0,-0.151033415051643,0,-1.3,0.0394736842105263,-0.0246913580246914,0.0419265756985055,0,5.4,8.4
2022,REG,00-0038046,C.Kolar,Charlie Kolar,TE,TE,"https://static.www.nfl.com/image/private/f_auto,q_auto/league/hvwv1sqfjrbm3rtnnd3a",1,BAL,0,0,0,0,0,0,0,0,0,0,0,0,,0,,,0,0,0,0,0,0,,0,4,6,49,0,0,0,49,20,3,2.57182008448145,0,1.0,0.142857142857143,0.140401146131805,0.312566516577978,0,4.9,8.9
2022,REG,00-0038090,S.Moore,Skyy Moore,WR,WR,"https://static.www.nfl.com/image/private/f_auto,q_auto/league/wpiovviem9uugfacqkxy",14,KC,0,0,0,0,0,0,0,0,0,0,0,0,,0,,,3,24,0,0,0,1,1.35877166036516,0,22,33,250,0,0,0,258,151,13,5.48609245159798,0,0.968992248062015,0.0718954248366013,0.0778515389257695,0.162339214502941,0,27.4,49.4
2022,REG,00-0038092,E.Ezukanma,Erik Ezukanma,WR,WR,"https://static.www.nfl.com/image/private/f_auto,q_auto/league/zestfznyaky8z17chozb",1,MIA,0,0,0,0,0,0,0,0,0,0,0,0,,0,,,0,0,0,0,0,0,,0,1,1,3,0,0,0,-4,7,0,-1.01252259360626,0,0.0,0.037037037037037,-0.0211640211640212,0.0407407407407407,0,0.3,1.3
2022,REG,00-0038098,P.Strong,Pierre Strong,RB,RB,"https://static.www.nfl.com/image/upload/f_auto,q_auto/league/rkwn1p5xwu7rklccmxkm",4,NE,0,0,0,0,0,0,0,0,0,0,0,0,,0,,,10,100,1,0,0,5,5.73718278732849,0,7,7,42,0,0,0,4,38,3,1.00021880195709,0,10.5,0.074468085106383,0.0071813285457809,0.116729057641621,0,20.2,27.2
2022,REG,00-0038102,K.Pickett,Kenny Pickett,QB,QB,"https://static.www.nfl.com/image/private/f_auto,q_auto/league/peknn7x68tldbzufhjs6",13,PIT,245,389,2404,7,9,27,182,1,1,2957,1042,123,-11.0657067667914,2,0.812986134595874,0.0610202831070825,55,237,3,3,0,23,9.78099423038657,0,0,0,0,0,0,0,0,0,0,,0,,,,,0,149.86,149.86
2022,REG,00-0038104,T.Thornton,Tyquan Thornton,WR,WR,"https://static.www.nfl.com/image/private/f_auto,q_auto/league/p1kulrgf4v2grethuefi",12,NE,0,0,0,0,0,0,0,0,0,0,0,0,,0,,,3,16,1,0,0,1,0.73909505456686,0,22,45,247,2,0,0,646,63,13,-2.8933255154024,0,0.382352941176471,0.122615803814714,0.239082161361954,0.351281218675439,0,44.3,66.3
2022,REG,00-0038108,B.Zappe,Bailey Zappe,QB,QB,"https://static.www.nfl.com/image/private/f_auto,q_auto/league/qr1opoisbs0vmu2pm8rz",4,NE,65,92,781,5,3,6,40,2,2,624,384,37,7.68501790863156,0,1.25160256410256,0.101953860285992,10,0,0,2,1,0,-6.09972296986059,0,1,1,-6,0,0,0,-8,2,0,-1.24259237432852,0,0.0,0.032258064516129,-0.0437158469945355,0.0177860038780187,0,38.64,39.64
2022,REG,00-0038115,D.Bellinger,Daniel Bellinger,TE,TE,"https://static.www.nfl.com/image/private/f_auto,q_auto/league/wpwgb0plwhhqzlfl2j24",11,NYG,0,0,0,0,0,0,0,0,0,0,0,0,,0,,,1,2,1,0,0,1,1.28657086705789,0,30,35,268,2,1,1,140,144,14,9.6967654916516,1,1.91428571428571,0.111821086261981,0.0725764644893727,0.218535154535532,0,45.0,75.0
2022,REG,00-0038117,W.Robinson,Wan'Dale Robinson,WR,WR,"https://static.www.nfl.com/image/private/f_auto,q_auto/league/wjr53ffhc3gunx0fs3kp",6,NYG,0,0,0,0,0,0,0,0,0,0,0,0,,0,,,2,-1,0,0,0,0,-1.28240889380686,0,23,31,227,1,0,0,192,126,13,11.7818256164088,0,1.18229166666667,0.190184049079755,0.165946413137424,0.401438562815829,0,28.6,51.6
2022,REG,00-0038120,B.Hall,Breece Hall,RB,RB,"https://static.www.nfl.com/image/private/f_auto,q_auto/league/a6gggxrcgcacgggh0vme",7,NYJ,0,0,0,0,0,0,0,0,0,0,0,0,,0,,,80,463,4,0,0,20,13.8891096828738,0,19,31,218,1,1,1,152,166,8,-1.43269230484411,0,1.43421052631579,0.141552511415525,0.0860702151755379,0.272577917746164,0,96.1,115.1
2022,REG,00-0038122,D.Ridder,Desmond Ridder,QB,QB,"https://static.www.nfl.com/image/private/f_auto,q_auto/league/ecsb4rwmhlotdjjhyaoq",4,ATL,73,115,708,2,0,9,33,1,1,940,328,37,4.53719766016686,0,0.753191489361702,0.0344083013962338,16,64,0,2,1,4,-12.2825276747738,0,0,0,0,0,0,0,0,0,0,,0,,,,,0,38.72,38.72
2022,REG,00-0038124,C.Watson,Christian Watson,WR,WR,"https://static.www.nfl.com/image/private/f_auto,q_auto/league/tpoxhwuhwmbxfossd66s",14,GB,0,0,0,0,0,0,0,0,0,0,0,0,,0,,,7,80,2,0,0,2,6.64983983547427,0,41,66,611,7,0,0,923,264,28,30.7106019971287,0,0.661971830985916,0.153846153846154,0.269725306838106,0.419576945555905,0,123.1,164.1
2022,REG,00-0038128,M.Willis,Malik Willis,QB,QB,"https://static.www.nfl.com/image/private/f_auto,q_auto/league/mbxvnzx6azveir76pbbu",7,TEN,31,61,276,0,3,10,49,1,0,498,144,11,-38.83768905122,0,0.55421686746988,-0.0217016139239136,27,123,1,2,2,8,-6.8863025293761,0,0,0,0,0,0,0,0,0,0,,0,,,,,0,19.34,19.34
2022,REG,00-0038129,C.Otton,Cade Otton,TE,TE,"https://static.www.nfl.com/image/private/f_auto,q_auto/league/vchmryh0myuq67t9ei1u",14,TB,0,0,0,0,0,0,0,0,0,0,0,0,,0,,,0,0,0,0,0,0,,0,42,65,391,2,0,0,384,174,19,4.97210090164649,0,1.01822916666667,0.105691056910569,0.0924632795569468,0.223260881055716,0,51.1,93.1
2022,REG,00-0038134,K.Walker,Kenneth Walker,RB,RB,"https://static.www.nfl.com/image/private/f_auto,q_auto/league/rwdj1bljth8fyojof5dp",15,SEA,0,0,0,0,0,0,0,0,0,0,0,0,,0,,,228,1050,9,0,0,51,-14.8105215976737,0,27,35,165,0,0,0,-75,221,6,-11.9586124503985,0,-2.2,0.0795454545454545,-0.0232342007434944,0.103054241297736,0,175.5,202.5
2022,REG,00-0038147,D.Baldwin,Daylen Baldwin,WR,WR,"https://static.www.nfl.com/image/private/f_auto,q_auto/league/azk4fbf1r56sykzhjcku",1,CLE,0,0,0,0,0,0,0,0,0,0,0,0,,0,,,0,0,0,0,0,0,,0,2,2,25,0,0,0,25,0,2,1.79136164759984,0,1.0,0.0769230769230769,0.223214285714286,0.271634615384615,0,2.5,4.5
2022,REG,00-0038149,J.Ali,Josh Ali,WR,WR,"https://static.www.nfl.com/image/private/f_auto,q_auto/league/xsken6qj4usecotulka3",1,ATL,0,0,0,0,0,0,0,0,0,0,0,0,,0,,,0,0,0,0,0,0,,0,0,1,0,0,0,0,45,0,0,-0.519019901752472,0,0.0,0.0357142857142857,0.134730538922156,0.147882805816938,0,0.0,0.0
2022,POST,00-0019596,T.Brady,Tom Brady,QB,QB,"https://static.www.nfl.com/image/private/f_auto,q_auto/league/q7dpdlxyu5rs05rgh1le",1,TB,35,66,351,2,1,2,17,1,0,360,192,20,-3.68478712637443,1,0.975,-0.0374351752405733,0,0,0,0,0,0,,0,0,0,0,0,0,0,0,0,0,,0,,,,,0,22.04,22.04
2022,POST,00-0026197,C.Henne,Chad Henne,QB,QB,"https://static.www.nfl.com/image/private/f_auto,q_auto/league/ornr9pcnzveqlntqc7jx",1,KC,5,7,23,1,0,0,0,0,0,32,12,3,2.70695207163226,0,0.71875,0.167776187743706,1,-1,0,0,0,0,0.0,0,0,0,0,0,0,0,0,0,0,,0,,,,,0,4.82,4.82
2022,POST,00-0026300,J.Johnson,Josh Johnson,QB,QB,"https://static.www.nfl.com/image/private/f_auto,q_auto/league/cm1r2n61r5knj97d41v5",1,SF,7,13,74,0,0,2,14,0,0,67,52,3,-2.02556700201239,0,1.1044776119403,0.0043756600675411,2,2,0,1,1,1,-4.59117274032906,0,0,0,0,0,0,0,0,0,0,,0,,,,,0,1.16,1.16
2022,POST,00-0027944,J.Jones,Julio Jones,WR,WR,"https://static.www.nfl.com/image/upload/f_auto,q_auto/league/omrddf2phtyztzx2nup1",1,TB,0,0,0,0,0,0,0,0,0,0,0,0,,0,,,0,0,0,0,0,0,,0,7,11,74,1,0,0,72,17,3,3.25113129144302,0,1.02777777777778,0.180327868852459,0.197802197802198,0.408953341740227,0,13.4,20.4
2022,POST,00-0029000,C.Beasley,Cole Beasley,WR,WR,"https://static.www.nfl.com/image/private/f_auto,q_auto/league/y5r0fhwctl6ljwvmktvu",2,BUF,0,0,0,0,0,0,0,0,0,0,0,0,,0,,,0,0,0,0,0,0,,0,5,9,68,1,0,0,84,44,5,-3.14646236633416,0,0.80952380952381,0.116883116883117,0.08870116156283,0.237415488418656,0,12.8,17.8
2022,POST,00-0029293,M.Jones,Marvin Jones,WR,WR,"https://static.www.nfl.com/image/private/f_auto,q_auto/league/ciy9sxefmcnwjw7ln3h2",2,JAX,0,0,0,0,0,0,0,0,0,0,0,0,,0,,,0,0,0,0,0,0,,0,4,9,50,1,0,0,132,14,4,4.55768490559422,0,0.378787878787879,0.107142857142857,0.199395770392749,0.30029132498921,0,11.0,15.0
2022,POST,00-0029604,K.Cousins,Kirk Cousins,QB,QB,"https://static.www.nfl.com/image/private/f_auto,q_auto/league/viuxnyezrwdfjnxsfssb",1,MIN,31,39,273,2,0,0,0,0,0,268,127,16,12.2480636370019,0,1.01865671641791,0.242834349225854,1,1,1,0,0,1,0.622660553315654,0,1,1,-2,0,0,0,-6,4,0,-2.38019869942218,0,0.0,0.0256410256410256,-0.0242914979757085,0.0214574898785425,0,24.82,25.82
2022,POST,00-0029608,T.Hilton,T.Y. Hilton,WR,WR,"https://static.www.nfl.com/image/private/f_auto,q_auto/league/b8kor0sgeynyd8u8cush",2,DAL,0,0,0,0,0,0,0,0,0,0,0,0,,0,,,0,0,0,0,0,0,,0,3,5,38,0,0,0,86,12,2,2.66896435501985,0,0.441860465116279,0.072463768115942,0.153846153846154,0.216387959866221,0,3.8,6.8
2022,POST,00-0029892,K.Juszczyk,Kyle Juszczyk,FB,RB,"https://static.www.nfl.com/image/private/f_auto,q_auto/league/eqb3lq4bip6oa5kiz1ze",2,SF,0,0,0,0,0,0,0,0,0,0,0,0,,0,,,1,8,0,0,0,0,0.795367169543169,0,1,1,6,0,0,0,3,3,0,0.245518777519465,0,2.0,0.037037037037037,0.0094637223974763,0.062180161233789,0,1.4,2.4
2022,POST,00-0030035,A.Thielen,Adam Thielen,WR,WR,"https://static.www.nfl.com/image/private/f_auto,q_auto/league/kmldtl8p9h7h5dzvkwsw",1,MIN,0,0,0,0,0,0,0,0,0,0,0,0,,0,,,0,0,0,0,0,0,,0,3,4,50,0,0,0,72,5,3,3.40899825305678,0,0.694444444444445,0.102564102564103,0.291497975708502,0.357894736842105,0,5.0,8.0
2022,POST,00-0030279,K.Allen,Keenan Allen,WR,WR,"https://static.www.nfl.com/image/private/f_auto,q_auto/league/xs7h2igf85nta81v7zb8",1,LAC,0,0,0,0,0,0,0,0,0,0,0,0,,0,,,0,0,0,0,0,0,,0,6,13,61,0,0,0,63,34,4,1.54755169262713,0,0.968253968253968,0.30952380952381,0.269230769230769,0.652747252747253,0,6.1,12.1
2022,POST,00-0030506,T.Kelce,Travis Kelce,TE,TE,"https://static.www.nfl.com/image/private/f_auto,q_auto/league/ryzr3vbragwe50vtj9af",3,KC,0,0,0,0,0,0,0,0,0,0,0,0,,0,,,0,0,0,0,0,0,,0,27,31,257,4,1,0,196,99,15,22.4356774173539,0,1.31122448979592,0.306930693069307,0.3261231281198,0.688682229287821,0,49.7,76.7
2022,POST,00-0030565,G.Smith,Geno Smith,QB,QB,"https://static.www.nfl.com/image/private/f_auto,q_auto/league/bxp32udtvwnpu3rl2cht",1,SEA,25,35,253,2,1,3,25,1,1,326,77,14,3.760331615631,0,0.776073619631902,0.164634409482803,4,28,0,0,0,2,1.25174591080707,0,0,0,0,0,0,0,0,0,0,,0,,,,,0,16.92,16.92
2022,POST,00-0031051,J.Brown,John Brown,WR,WR,"https://static.www.nfl.com/image/private/f_auto,q_auto/league/xwyc2a0qfdxbbct6lso6",1,BUF,0,0,0,0,0,0,0,0,0,0,0,0,,0,,,0,0,0,0,0,0,,0,0,1,0,0,0,0,50,0,0,-5.00438558484893,0,0.0,0.027027027027027,0.0846023688663283,0.0997621987469703,0,0.0,0.0
2022,POST,00-0031273,C.Brate,Cameron Brate,TE,TE,"https://static.www.nfl.com/image/private/f_auto,q_auto/league/jhioqec65qy4z7s6w9a6",1,TB,0,0,0,0,0,0,0,0,0,0,0,0,,0,,,0,0,0,0,0,0,,0,1,3,8,1,0,0,36,1,1,0.56597044179216,0,0.222222222222222,0.0491803278688525,0.0989010989010989,0.143001261034048,0,6.8,7.8
2022,POST,00-0031325,S.Watkins,Sammy Watkins,WR,WR,"https://static.www.nfl.com/image/private/f_auto,q_auto/league/nkqk4ac4uncxocqlgp2k",1,BAL,0,0,0,0,0,0,0,0,0,0,0,0,,0,,,0,0,0,0,0,0,,0,1,3,12,0,0,0,13,5,1,-0.0397418739474968,0,0.923076923076923,0.107142857142857,0.0792682926829268,0.216202090592334,0,1.2,2.2
2022,POST,00-0031376,J.McKinnon,Jerick McKinnon,RB,RB,"https://static.www.nfl.com/image/private/f_auto,q_auto/league/yezxe2j778cndbhkxwez",3,KC,0,0,0,0,0,0,0,0,0,0,0,0,,0,,,19,60,0,0,0,3,-2.64848069153959,0,5,7,32,0,0,0,-2,29,1,-0.87800505355699,0,-16.0,0.106060606060606,-0.0048192771084337,0.155717415115005,0,9.2,14.2
2022,POST,00-0031408,M.Evans,Mike Evans,WR,WR,"https://static.www.nfl.com/image/private/f_auto,q_auto/league/w6eq27k2xs8vawwgkzbl",1,TB,0,0,0,0,0,0,0,0,0,0,0,0,,0,,,0,0,0,0,0,0,,0,6,11,74,0,0,0,145,17,4,2.8812982357922,1,0.510344827586207,0.180327868852459,0.398351648351648,0.549337957124842,0,9.4,15.4
2022,POST,00-0031588,S.Diggs,Stefon Diggs,WR,WR,"https://static.www.nfl.com/image/private/f_auto,q_auto/league/zf6nbnzcfzu4y7yq2nzk",2,BUF,0,0,0,0,0,0,0,0,0,0,0,0,,0,,,0,0,0,0,0,0,,0,11,19,149,0,0,0,299,20,6,5.69328526731975,0,0.498327759197324,0.246753246753247,0.315733896515312,0.591143597690588,0,14.9,25.9
2022,POST,00-0031763,D.Carter,DeAndre Carter,WR,WR,"https://static.www.nfl.com/image/private/f_auto,q_auto/league/mh4cvggohuakwwhobzrk",1,LAC,0,0,0,0,0,0,0,0,0,0,0,0,,0,,,0,0,0,0,0,0,,0,2,3,17,0,0,0,15,5,1,0.448948053171735,0,1.13333333333333,0.0714285714285714,0.0641025641025641,0.152014652014652,0,1.7,3.7
2022,POST,00-0032062,B.Bell,Blake Bell,TE,TE,"https://static.www.nfl.com/image/private/f_auto,q_auto/league/eqrmmjto8koqqc9j2kjj",1,KC,0,0,0,0,0,0,0,0,0,0,0,0,,0,,,0,0,0,0,0,0,,0,1,2,4,0,0,0,13,0,0,-0.868854654254392,0,0.307692307692308,0.0571428571428571,0.0698924731182796,0.134639016897081,0,0.4,1.4
2022,POST,00-0032211,T.Lockett,Tyler Lockett,WR,WR,"https://static.www.nfl.com/image/private/f_auto,q_auto/league/f9wttnkcqc2scahf9oth",1,SEA,0,0,0,0,0,0,0,0,0,0,0,0,,0,,,0,0,0,0,0,0,,0,6,8,39,0,0,0,56,6,3,-1.1694807910244,0,0.696428571428571,0.235294117647059,0.173374613003096,0.474303405572755,0,3.9,9.9
2022,POST,00-0032775,D.Robinson,Demarcus Robinson,WR,WR,"https://static.www.nfl.com/image/private/f_auto,q_auto/league/ceqqkylismka583qo9kk",1,BAL,0,0,0,0,0,0,0,0,0,0,0,0,,0,,,0,0,0,0,0,0,,0,2,3,49,1,0,0,38,15,1,3.97971538107959,0,1.28947368421053,0.107142857142857,0.231707317073171,0.322909407665505,0,10.9,12.9
2022,POST,00-0032980,M.Johnson,Marcus Johnson,WR,WR,"https://static.www.nfl.com/image/private/f_auto,q_auto/league/pwq2yi4ewqtsx6buynay",1,NYG,0,0,0,0,0,0,0,0,0,0,0,0,,0,,,0,0,0,0,0,0,,0,1,1,17,0,0,0,17,0,1,3.01074107352179,0,1.0,0.0384615384615385,0.0845771144278607,0.11689628779181,0,1.7,2.7
2022,POST,00-0033009,T.Boyd,Tyler Boyd,WR,WR,"https://static.www.nfl.com/image/private/f_auto,q_auto/league/vconwllovf9jqxpu9mow",3,CIN,0,0,0,0,0,0,0,0,0,0,0,0,,0,,,0,0,0,0,0,0,,0,6,7,89,0,0,0,99,14,5,8.05671228910796,0,0.898989898989899,0.0693069306930693,0.141226818830243,0.202819169220774,0,8.9,14.9
2022,POST,00-0033040,T.Hill,Tyreek Hill,WR,WR,"https://static.www.nfl.com/image/private/f_auto,q_auto/league/lsszbdnkusxc7mduw5be",1,MIA,0,0,0,0,0,0,0,0,0,0,0,0,,0,,,2,5,0,0,0,1,-0.231426988786552,0,7,15,69,0,0,0,156,35,4,-2.90453861941933,1,0.442307692307692,0.357142857142857,0.325,0.763214285714286,0,9.4,16.4
2022,POST,00-0033045,E.Elliott,Ezekiel Elliott,RB,RB,"https://static.www.nfl.com/image/upload/f_auto,q_auto/league/qf0zgze0wkbvu9rlvolf",2,DAL,0,0,0,0,0,0,0,0,0,0,0,0,,0,,,23,53,0,0,0,5,-5.17342614626978,0,3,6,16,0,0,0,4,19,0,-1.8120098784981,0,4.0,0.0869565217391304,0.0071556350626118,0.135443727152524,0,6.9,9.9
2022,POST,00-0033077,D.Prescott,Dak Prescott,QB,QB,"https://static.www.nfl.com/image/private/f_auto,q_auto/league/knx0jxponzfkusnyvjkn",2,DAL,48,70,511,5,2,2,8,0,0,571,206,25,17.5731824312678,0,0.89492119089317,0.177067525347197,11,46,1,0,0,4,7.82521629222902,0,0,0,0,0,0,0,0,0,0,,0,,,,,0,47.04,47.04
2022,POST,00-0033246,J.Mundt,Johnny Mundt,TE,TE,"https://static.www.nfl.com/image/private/f_auto,q_auto/league/ugqymsoitijokzaup39n",1,MIN,0,0,0,0,0,0,0,0,0,0,0,0,,0,,,0,0,0,0,0,0,,0,1,1,12,0,0,0,0,12,1,0.787215976975858,0,0.0,0.0256410256410256,,,0,1.2,2.2
2022,POST,00-0033251,Z.Pascal,Zach Pascal,WR,WR,"https://static.www.nfl.com/image/private/f_auto,q_auto/league/dnb115czpwythbso8avp",3,PHI,0,0,0,0,0,0,0,0,0,0,0,0,,0,,,0,0,0,0,0,0,,0,3,4,15,0,0,0,21,2,1,0.651727676100563,0,0.714285714285714,0.0487804878048781,0.0291666666666667,0.0935873983739837,0,1.5,4.5
2022,POST,00-0033280,C.McCaffrey,Christian McCaffrey,RB,RB,"https://static.www.nfl.com/image/private/f_auto,q_auto/league/navqer4chxxut5povzzw",3,SF,0,1,0,0,0,0,0,0,0,39,0,0,-0.537330036517233,0,0.0,,40,238,2,0,0,14,4.9438299807797,0,12,14,61,1,0,0,19,61,4,0.129672905604821,0,3.21052631578947,0.205882352941176,0.032258064516129,0.331404174573055,0,47.9,59.9
2022,POST,00-0033288,G.Kittle,George Kittle,TE,TE,"https://static.www.nfl.com/image/private/f_auto,q_auto/league/bwx6bvkrxog0yf4h6fw1",3,SF,0,0,0,0,0,0,0,0,0,0,0,0,,0,,,1,4,0,0,0,0,-0.0481198281049728,0,10,11,164,0,0,0,109,54,7,10.8522338378825,1,1.5045871559633,0.161764705882353,0.185059422750424,0.372188654748827,0,18.8,28.8
2022,POST,00-0033308,M.Breida,Matt Breida,RB,RB,"https://static.www.nfl.com/image/private/f_auto,q_auto/league/rc4m1xw0xmtsrxswd0bg",2,NYG,0,0,0,0,0,0,0,0,0,0,0,0,,0,,,7,31,1,0,0,2,2.11307450104505,0,1,1,19,0,0,0,19,0,1,1.15924174850807,0,1.0,0.0384615384615385,0.0945273631840796,0.123861461921163,0,11.0,12.0
2022,POST,00-0033376,P.Ricard,Patrick Ricard,FB,RB,"https://static.www.nfl.com/image/private/f_auto,q_auto/league/wfjtva8ytwkmlcehbz4c",1,BAL,0,0,0,0,0,0,0,0,0,0,0,0,,0,,,0,0,0,0,0,0,,0,0,2,0,0,0,0,2,0,0,-0.972415984084364,0,0.0,0.0714285714285714,0.0121951219512195,0.115679442508711,0,0.0,0.0
2022,POST,00-0033466,I.McKenzie,Isaiah McKenzie,WR,WR,"https://static.www.nfl.com/image/upload/f_auto,q_auto/league/gy6grhpxsegfgklfadte",1,BUF,0,0,0,0,0,0,0,0,0,0,0,0,,0,,,0,0,0,0,0,0,,0,2,2,10,0,0,0,-6,16,0,0.0442281598225236,0,0.0,0.05,-0.0168539325842697,0.0632022471910113,0,1.0,3.0
2022,POST,00-0033481,M.Kemp,Marcus Kemp,WR,WR,"https://static.www.nfl.com/image/private/f_auto,q_auto/league/hetkew9ad3agbj8cq1r3",1,KC,0,0,0,0,0,0,0,0,0,0,0,0,,0,,,0,0,0,0,0,0,,0,1,1,13,0,0,0,11,2,1,1.22666133241728,0,1.18181818181818,0.024390243902439,0.0421455938697318,0.0660872815624708,0,1.3,2.3
2022,POST,00-0033526,S.Perine,Samaje Perine,RB,RB,"https://static.www.nfl.com/image/private/f_auto,q_auto/league/kpdo0ztyzhjobhk4p29a",3,CIN,0,0,0,0,0,0,0,0,0,0,0,0,,0,,,14,58,1,0,0,7,1.08156187849818,0,8,10,35,0,0,0,-13,51,2,-4.46237937372644,0,-2.69230769230769,0.099009900990099,-0.0185449358059914,0.135533396420955,0,15.3,23.3
2022,POST,00-0033572,J.Agnew,Jamal Agnew,WR,WR,"https://static.www.nfl.com/image/private/f_auto,q_auto/league/at0skjo9xsjgobkvqqz5",2,JAX,0,0,0,0,0,0,0,0,0,0,0,0,,0,,,1,2,0,0,0,0,-0.341787082375959,0,3,4,7,0,1,1,14,7,0,-6.78829118574504,0,0.5,0.0476190476190476,0.0211480362537764,0.0862321968062149,0,-1.1,1.9
2022,POST,00-0033591,N.Brown,Noah Brown,WR,WR,"https://static.www.nfl.com/image/upload/f_auto,q_auto/league/skdu8rnw7nwgxdkaonyi",2,DAL,0,0,0,0,0,0,0,0,0,0,0,0,,0,,,0,0,0,0,0,0,,0,4,4,39,0,0,0,5,34,2,4.52164992783219,0,7.8,0.0579710144927536,0.0089445438282647,0.0932177024189158,0,3.9,7.9
2022,POST,00-0033699,A.Ekeler,Austin Ekeler,RB,RB,"https://static.www.nfl.com/image/private/f_auto,q_auto/league/s1e7ejmmjkaxbv9zhvfl",1,LAC,0,0,0,0,0,0,0,0,0,0,0,0,,0,,,13,35,2,0,0,3,-0.914305144397076,0,2,4,8,0,0,0,-10,16,0,-3.30147059384035,0,-0.8,0.0952380952380952,-0.0427350427350427,0.112942612942613,0,16.3,18.3
2022,POST,00-0033856,L.Fournette,Leonard Fournette,RB,RB,"https://static.www.nfl.com/image/private/f_auto,q_auto/league/atxppoc7zqcjnbnk0awz",1,TB,0,0,0,0,0,0,0,0,0,0,0,0,,0,,,5,11,0,0,0,1,-2.00472065596841,0,1,1,6,0,0,0,-6,12,1,0.583785576047376,0,-1.0,0.0163934426229508,-0.0164835164835165,0.0130517023959647,0,1.7,2.7
2022,POST,00-0033857,J.Smith-Schuster,JuJu Smith-Schuster,WR,WR,"https://static.www.nfl.com/image/private/f_auto,q_auto/league/ypoituliieghtndjrzaz",3,KC,0,0,0,0,0,0,0,0,0,0,0,0,,0,,,0,0,0,0,0,0,,0,10,12,89,0,0,0,86,20,7,3.90162940870505,0,1.03488372093023,0.118811881188119,0.143094841930116,0.27838421113326,0,8.9,18.9
2022,POST,00-0033873,P.Mahomes,Patrick Mahomes,QB,QB,"https://static.www.nfl.com/image/private/f_auto,q_auto/league/oagzjdsdoezmp6frggrn",3,KC,72,100,703,7,0,3,11,1,1,618,352,40,29.476965443741,0,1.13754045307443,0.207406094239493,12,60,0,1,0,4,0.637290513154248,0,0,0,0,0,0,0,0,0,0,,0,,,,,0,60.12,60.12
2022,POST,00-0033881,E.Engram,Evan Engram,TE,TE,"https://static.www.nfl.com/image/private/f_auto,q_auto/league/adr65rbw956sxntlph8a",2,JAX,0,0,0,0,0,0,0,0,0,0,0,0,,0,,,0,0,0,0,0,0,,0,12,17,124,1,0,0,65,88,9,1.8578604333452,0,1.90769230769231,0.202380952380952,0.0981873111782477,0.372302546396202,0,18.4,30.4
2022,POST,00-0033891,Z.Jones,Zay Jones,WR,WR,"https://static.www.nfl.com/image/private/f_auto,q_auto/league/pbmcmjxxjcrandbjmey7",2,JAX,0,0,0,0,0,0,0,0,0,0,0,0,,0,,,0,0,0,0,0,0,,0,13,20,157,1,0,0,217,20,5,-0.515889706439339,0,0.723502304147465,0.238095238095238,0.327794561933535,0.586599050496331,0,21.7,34.7
2022,POST,00-0033893,D.Cook,Dalvin Cook,RB,RB,"https://static.www.nfl.com/image/upload/f_auto,q_auto/league/kl291pby4vjh160bkirg",1,MIN,0,0,0,0,0,0,0,0,0,0,0,0,,0,,,15,60,0,0,0,2,-0.95011949230684,0,6,7,10,0,0,0,-19,27,1,-2.31636452191742,0,-0.526315789473684,0.17948717948718,-0.0769230769230769,0.215384615384615,0,7.0,13.0
2022,POST,00-0033895,G.Everett,Gerald Everett,TE,TE,"https://static.www.nfl.com/image/private/f_auto,q_auto/league/te11unippqhdc6auox6i",1,LAC,0,0,0,0,0,0,0,0,0,0,0,0,,0,,,0,0,0,0,0,0,,0,6,8,109,1,0,0,47,75,5,11.113065278565,0,2.31914893617021,0.19047619047619,0.200854700854701,0.426312576312576,0,16.9,22.9
2022,POST,00-0033897,J.Mixon,Joe Mixon,RB,RB,"https://static.www.nfl.com/image/private/f_auto,q_auto/league/pbijtl1blfdkvmwl4rsp",3,CIN,0,0,0,0,0,0,0,0,0,0,0,0,,0,,,39,163,1,0,0,11,0.870241479652757,0,8,10,50,0,0,0,-16,62,1,0.649457592342515,0,-3.125,0.099009900990099,-0.0228245363766049,0.132537676021525,0,27.3,35.3
2022,POST,00-0033921,C.Godwin,Chris Godwin,WR,WR,"https://static.www.nfl.com/image/private/f_auto,q_auto/league/rfdampf12giyojipbcxl",1,TB,0,0,0,0,0,0,0,0,0,0,0,0,,0,,,0,0,0,0,0,0,,0,10,13,85,0,0,0,43,53,5,2.72528631734895,0,1.97674418604651,0.213114754098361,0.118131868131868,0.402364438839849,0,8.5,18.5
2022,POST,00-0034115,J.Wilson,Jeffery Wilson,RB,RB,"https://static.www.nfl.com/image/private/f_auto,q_auto/league/zorqrtlrizlltgd6pnob",1,MIA,0,0,0,0,0,0,0,0,0,0,0,0,,0,,,10,23,1,0,0,1,-2.96258852104074,0,1,4,13,0,0,0,9,16,1,1.24792671184146,0,1.44444444444444,0.0952380952380952,0.01875,0.155982142857143,0,9.6,10.6
2022,POST,00-0034184,G.Edwards,Gus Edwards,RB,RB,"https://static.www.nfl.com/image/private/f_auto,q_auto/league/tvxpivjku1lbpf7tfafl",1,BAL,0,0,0,0,0,0,0,0,0,0,0,0,,0,,,12,39,0,0,0,4,1.2542776351911,0,1,1,13,0,0,0,-5,18,1,1.37489741877653,0,-2.6,0.0357142857142857,-0.0304878048780488,0.0322299651567944,0,5.2,6.2
2022,POST,00-0034272,M.Valdes-Scantling,Marquez Valdes-Scantling,WR,WR,"https://static.www.nfl.com/image/private/f_auto,q_auto/league/zk2f2ivzdssgoaamf57u",3,KC,0,0,0,0,0,0,0,0,0,0,0,0,,0,,,0,0,0,0,0,0,,0,7,11,122,2,0,0,182,39,7,9.07456986926263,0,0.67032967032967,0.108910891089109,0.302828618968386,0.375346369911534,0,24.2,31.2
2022,POST,00-0034286,R.James,Richie James,WR,WR,"https://static.www.nfl.com/image/private/f_auto,q_auto/league/qusoivtzbud2wl0spptz",2,NYG,0,0,0,0,0,0,0,0,0,0,0,0,,0,,,0,0,0,0,0,0,,0,11,16,82,0,0,0,77,44,5,0.923740206926595,0,1.06493506493506,0.271186440677966,0.201044386422977,0.547510731513033,0,8.2,19.2
2022,POST,00-0034351,D.Goedert,Dallas Goedert,TE,TE,"https://static.www.nfl.com/image/private/f_auto,q_auto/league/flzasty1ea7iswbtd0e5",3,PHI,0,0,0,0,0,0,0,0,0,0,0,0,,0,,,0,0,0,0,0,0,,0,16,18,141,1,0,0,97,53,7,9.35284386581043,0,1.45360824742268,0.219512195121951,0.134722222222222,0.423573848238482,0,20.1,36.1
2022,POST,00-0034367,N.Hines,Nyheim Hines,RB,RB,"https://static.www.nfl.com/image/private/f_auto,q_auto/league/lgpfurgix754r54hvas4",2,BUF,0,0,0,0,0,0,0,0,0,0,0,0,,0,,,0,0,0,0,0,0,,0,2,3,11,0,0,0,14,4,0,-0.0587688875384629,0,0.785714285714286,0.038961038961039,0.0147835269271383,0.0687900272905553,0,1.1,3.1
2022,POST,00-0034383,D.Schultz,Dalton Schultz,TE,TE,"https://static.www.nfl.com/image/private/f_auto,q_auto/league/lhplapyya8pp3yyz8bht",2,DAL,0,0,0,0,0,0,0,0,0,0,0,0,,0,,,0,0,0,0,0,0,,0,12,18,122,3,0,0,171,18,7,7.51510859862901,0,0.713450292397661,0.260869565217391,0.305903398926655,0.605436727074745,0,30.2,42.2
2022,POST,00-0034386,J.Watson,Justin Watson,WR,WR,"https://static.www.nfl.com/image/private/f_auto,q_auto/league/vr9tayyujt23takv3hv3",2,KC,0,0,0,0,0,0,0,0,0,0,0,0,,0,,,0,0,0,0,0,0,,0,3,3,30,0,0,0,29,1,3,3.5874747778289,0,1.03448275862069,0.05,0.0852941176470588,0.134705882352941,0,3.0,6.0
2022,POST,00-0034411,R.Gage,Russell Gage,WR,WR,"https://static.www.nfl.com/image/private/f_auto,q_auto/league/lkqhshv0dss1b9c6mdnj",1,TB,0,0,0,0,0,0,0,0,0,0,0,0,,0,,,0,0,0,0,0,0,,0,2,8,10,0,0,0,39,13,0,-10.0913520136382,0,0.256410256410256,0.131147540983607,0.107142857142857,0.27172131147541,0,1.0,3.0
2022,POST,00-0034414,B.Scott,Boston Scott,RB,RB,"https://static.www.nfl.com/image/private/f_auto,q_auto/league/uveeemr49kwtkfefugai",3,PHI,0,0,0,0,0,0,0,0,0,0,0,0,,0,,,15,61,2,0,0,4,1.39269391924609,0,1,1,9,0,0,0,-5,14,0,0.779435868142173,0,-1.8,0.0294117647058824,-0.0145772594752187,0.0339135654261705,0,19.0,20.0
2022,POST,00-0034418,C.Wilson,Cedrick Wilson,WR,WR,"https://static.www.nfl.com/image/private/f_auto,q_auto/league/zvirmx1m9vycmfpfbf1w",1,MIA,0,0,0,0,0,0,0,0,0,0,0,0,,0,,,0,0,0,0,0,0,,0,1,1,14,0,0,0,8,6,1,1.51030576345511,0,1.75,0.0238095238095238,0.0166666666666667,0.0473809523809524,0,1.4,2.4
2022,POST,00-0034487,T.Sherfield,Trent Sherfield,WR,WR,"https://static.www.nfl.com/image/private/f_auto,q_auto/league/tbs4dvo8vdagznshsw7l",1,MIA,0,0,0,0,0,0,0,0,0,0,0,0,,0,,,0,0,0,0,0,0,,0,0,2,0,0,0,0,45,0,0,-3.11763972660992,0,0.0,0.0476190476190476,0.09375,0.137053571428571,0,0.0,0.0
2022,POST,00-0034753,M.Andrews,Mark Andrews,TE,TE,"https://static.www.nfl.com/image/private/f_auto,q_auto/league/cv7h66mkpoalli9wfdqp",1,BAL,0,0,0,0,0,0,0,0,0,0,0,0,,0,,,1,0,0,0,0,0,-1.28120078018401,0,5,10,73,0,0,0,99,24,3,-1.8138091492001,0,0.737373737373737,0.357142857142857,0.603658536585366,0.958275261324042,0,7.3,12.3
2022,POST,00-0034764,M.Gallup,Michael Gallup,WR,WR,"https://static.www.nfl.com/image/private/f_auto,q_auto/league/tt9xpcg4x2z3osc1fcq6",2,DAL,0,0,0,0,0,0,0,0,0,0,0,0,,0,,,0,0,0,0,0,0,,0,5,9,46,1,0,0,121,9,4,0.516274195775623,0,0.380165289256198,0.130434782608696,0.216457960644007,0.347172746363848,0,10.6,15.6
2022,POST,00-0034775,C.Kirk,Christian Kirk,WR,WR,"https://static.www.nfl.com/image/private/f_auto,q_auto/league/ersmmtjmjlpsy9lmjvde",2,JAX,0,0,0,0,0,0,0,0,0,0,0,0,,0,,,1,18,0,0,0,1,1.38540920277592,0,15,28,130,2,0,0,247,39,8,-3.99051620193311,0,0.526315789473684,0.333333333333333,0.373111782477341,0.761178247734139,0,26.8,41.8
2022,POST,00-0034798,D.Smythe,Durham Smythe,TE,TE,"https://static.www.nfl.com/image/private/f_auto,q_auto/league/bymp1mbuhxq4vbrwnof7",1,MIA,0,0,0,0,0,0,0,0,0,0,0,0,,0,,,0,0,0,0,0,0,,0,1,1,20,0,0,0,12,8,1,1.41999135643709,0,1.66666666666667,0.0238095238095238,0.025,0.0532142857142857,0,2.0,3.0
2022,POST,00-0034816,R.Jones,Ronald Jones,RB,RB,"https://static.www.nfl.com/image/private/f_auto,q_auto/league/juku3wy4sv0xwobxw7xp",1,KC,0,0,0,0,0,0,0,0,0,0,0,0,,0,,,1,0,0,0,0,0,-0.59790730336681,0,0,0,0,0,0,0,0,0,0,,0,,,,,0,0.0,0.0
2022,POST,00-0034829,M.Gesicki,Mike Gesicki,TE,TE,"https://static.www.nfl.com/image/private/f_auto,q_auto/league/mpichyoi6vdnhb7qte6c",1,MIA,0,0,0,0,0,0,0,0,0,0,0,0,,0,,,0,0,0,0,0,0,,0,2,6,15,1,0,0,80,3,2,-1.86336379175191,0,0.1875,0.142857142857143,0.166666666666667,0.330952380952381,0,7.5,9.5
2022,POST,00-0034830,H.Hurst,Hayden Hurst,TE,TE,"https://static.www.nfl.com/image/private/f_auto,q_auto/league/evevkgcgy0suudtprryp",3,CIN,0,0,0,0,0,0,0,0,0,0,0,0,,0,,,0,0,0,0,0,0,,0,13,17,141,1,1,1,103,60,7,4.81183882489674,0,1.36893203883495,0.168316831683168,0.146932952924394,0.355328314571828,0,18.1,31.1
2022,POST,00-0034844,S.Barkley,Saquon Barkley,RB,RB,"https://static.www.nfl.com/image/private/f_auto,q_auto/league/o8tlhps5u1tvnaaxlpjk",2,NYG,0,0,0,0,0,0,0,0,0,0,0,0,,0,,,18,114,2,0,0,4,1.67470781476004,0,7,9,77,0,0,0,-11,92,5,5.32069693502854,0,-7.0,0.152542372881356,-0.0287206266318538,0.208709120679736,0,31.1,38.1
2022,POST,00-0034857,J.Allen,Josh Allen,QB,QB,"https://static.www.nfl.com/image/private/f_auto,q_auto/league/ghmmndgjefpxziks7ntf",2,BUF,48,81,616,3,3,8,39,2,1,990,181,30,-13.5647107011643,0,0.622222222222222,0.0543652413953916,12,46,1,1,0,5,3.90827476058621,0,0,0,0,0,0,0,0,0,0,,0,,,,,0,39.24,39.24
2022,POST,00-0034970,I.Smith,Irv Smith,TE,TE,"https://static.www.nfl.com/image/private/f_auto,q_auto/league/gvnnqr5kj0rtte3iw9mp",1,MIN,0,0,0,0,0,0,0,0,0,0,0,0,,0,,,0,0,0,0,0,0,,0,1,2,3,1,0,0,3,0,1,0.199157071765512,0,1.0,0.0512820512820513,0.0121457489878543,0.0854251012145749,0,6.3,7.3
2022,POST,00-0034972,A.Mattison,Alexander Mattison,RB,RB,"https://static.www.nfl.com/image/private/f_auto,q_auto/league/kn3cwf59lqoyauoqmghm",1,MIN,0,0,0,0,0,0,0,0,0,0,0,0,,0,,,0,0,0,0,0,0,,0,1,1,2,0,0,0,-5,7,0,-0.1641566734761,0,-0.4,0.0256410256410256,-0.0202429149797571,0.0242914979757085,0,0.2,1.2
2022,POST,00-0034975,J.Hill,Justice Hill,RB,RB,"https://static.www.nfl.com/image/private/f_auto,q_auto/league/v9xufmbbfauthnlpxcrc",1,BAL,0,0,0,0,0,0,0,0,0,0,0,0,,0,,,0,0,0,0,0,0,,0,2,2,10,0,0,0,1,9,0,-0.120781603618525,0,10.0,0.0714285714285714,0.0060975609756097,0.111411149825784,0,1.0,3.0
2022,POST,00-0035140,M.Hardman,Mecole Hardman,WR,WR,"https://static.www.nfl.com/image/upload/f_auto,q_auto/league/rzs2xd5j7o7lz1ivk5te",1,KC,0,0,0,0,0,0,0,0,0,0,0,0,,0,,,2,7,0,0,0,1,0.945044739753939,0,2,3,10,0,0,0,15,3,1,-0.160262907855213,0,0.666666666666667,0.0731707317073171,0.0574712643678161,0.149985982618447,0,1.7,3.7
2022,POST,00-0035229,T.Hockenson,T.J. Hockenson,TE,TE,"https://static.www.nfl.com/image/private/f_auto,q_auto/league/exbnbnkgkhp9tlt10wig",1,MIN,0,0,0,0,0,0,0,0,0,0,0,0,,0,,,0,0,0,0,0,0,,0,10,11,129,0,0,0,73,65,6,10.8735606598784,0,1.76712328767123,0.282051282051282,0.295546558704453,0.62995951417004,0,12.9,22.9
2022,POST,00-0035243,M.Sanders,Miles Sanders,RB,RB,"https://static.www.nfl.com/image/private/f_auto,q_auto/league/vzctez3oxwdttiyukq18",3,PHI,0,0,0,0,0,0,0,0,0,0,0,0,,0,,,35,148,2,1,0,7,-0.59787352726562,0,1,2,3,0,0,0,0,0,0,-0.972863652277738,0,0.0,0.0344827586206897,0.0,0.0517241379310345,0,27.1,28.1
2022,POST,00-0035249,J.Oliver,Josh Oliver,TE,TE,"https://static.www.nfl.com/image/private/f_auto,q_auto/league/pwd3muzyjclgjlwwtdah",1,BAL,0,0,0,0,0,0,0,0,0,0,0,0,,0,,,0,0,0,0,0,0,,0,2,2,26,0,0,0,10,16,2,2.125079292804,0,2.6,0.0714285714285714,0.0609756097560976,0.149825783972125,0,2.6,4.6
2022,POST,00-0035250,D.Singletary,Devin Singletary,RB,RB,"https://static.www.nfl.com/image/upload/f_auto,q_auto/league/ulczhsxmhnyrsyjfrhd5",2,BUF,0,0,0,0,0,0,0,0,0,0,0,0,,0,,,16,73,0,0,0,6,1.48761585220927,0,5,8,37,0,0,0,-9,45,1,-1.91882106213598,0,-4.11111111111111,0.2,-0.0252808988764045,0.282303370786517,0,11.0,16.0
2022,POST,00-0035261,T.Pollard,Tony Pollard,RB,RB,"https://static.www.nfl.com/image/private/f_auto,q_auto/league/pqhmih6cdyb3yqfd1dmb",2,DAL,0,0,0,0,0,0,0,0,0,0,0,0,,0,,,21,99,0,0,0,3,-1.98448520619422,0,5,6,23,0,0,0,-2,24,1,-0.502750597428531,0,-11.5,0.0869565217391304,-0.0035778175313059,0.127930310336782,0,12.2,17.2
2022,POST,00-0035289,G.Minshew,Gardner Minshew,QB,QB,"https://static.www.nfl.com/image/private/f_auto,q_auto/league/gvv8ki5crxio2rxfwzng",1,PHI,0,0,0,0,0,0,0,0,0,0,0,0,,0,,,2,-2,0,0,0,0,-4.4541078468319,0,0,0,0,0,0,0,0,0,0,,0,,,,,0,-0.2,-0.2
2022,POST,00-0035329,D.Parham,Donald Parham,TE,TE,"https://static.www.nfl.com/image/private/f_auto,q_auto/league/a0edaf5rlkyc6syfvonz",1,LAC,0,0,0,0,0,0,0,0,0,0,0,0,,0,,,0,0,0,0,0,0,,0,4,5,23,0,0,0,34,2,1,0.0695846757153049,0,0.676470588235294,0.119047619047619,0.145299145299145,0.28028083028083,0,2.3,6.3
2022,POST,00-0035341,T.Irwin,Trenton Irwin,WR,WR,"https://static.www.nfl.com/image/private/f_auto,q_auto/league/nx9e98gqxm1ov8z9rsn2",2,CIN,0,0,0,0,0,0,0,0,0,0,0,0,,0,,,0,0,0,0,0,0,,0,2,4,19,0,0,0,25,3,1,1.39103313582018,0,0.76,0.0579710144927536,0.0494071146245059,0.121541501976285,0,1.9,3.9
2022,POST,00-0035535,D.Slayton,Darius Slayton,WR,WR,"https://static.www.nfl.com/image/private/f_auto,q_auto/league/emmy86blz71njkcr496b",2,NYG,0,0,0,0,0,0,0,0,0,0,0,0,,0,,,1,3,0,0,0,0,-0.340608999948017,0,5,13,92,0,0,0,146,45,4,-2.15429855053662,0,0.63013698630137,0.220338983050847,0.381201044386423,0.597349205646767,0,9.5,14.5
2022,POST,00-0035547,J.Fortson,Joseph Fortson,TE,TE,"https://static.www.nfl.com/image/private/f_auto,q_auto/league/gxhstzqswbn4z05r9rqv",1,KC,0,0,0,0,0,0,0,0,0,0,0,0,,0,,,0,0,0,0,0,0,,0,0,1,0,0,0,0,2,0,0,-1.58343335262444,0,0.0,0.04,0.012987012987013,0.0690909090909091,0,0.0,0.0
2022,POST,00-0035640,D.Metcalf,DK Metcalf,WR,WR,"https://static.www.nfl.com/image/private/f_auto,q_auto/league/u4cefcz7gjvby8c2kdkm",1,SEA,0,0,0,0,0,0,0,0,0,0,0,0,,0,,,0,0,0,0,0,0,,0,10,13,136,2,0,0,179,45,7,12.3468635173049,0,0.759776536312849,0.382352941176471,0.554179566563468,0.961455108359133,0,25.6,35.6
2022,POST,00-0035644,N.Fant,Noah Fant,TE,TE,"https://static.www.nfl.com/image/private/f_auto,q_auto/league/w1gqasldrg3jumzdqjvy",1,SEA,0,0,0,0,0,0,0,0,0,0,0,0,,0,,,0,0,0,0,0,0,,0,1,2,11,0,0,0,10,11,1,0.66866011172533,0,1.1,0.0588235294117647,0.0309597523219814,0.109907120743034,0,1.1,2.1
2022,POST,00-0035676,A.Brown,A.J. Brown,WR,WR,"https://static.www.nfl.com/image/private/f_auto,q_auto/league/a014sgzctarbvhwb35lw",3,PHI,0,0,0,0,0,0,0,0,0,0,0,0,,0,,,0,0,0,0,0,0,,0,13,22,146,1,0,0,290,51,8,5.19865660503274,0,0.503448275862069,0.268292682926829,0.402777777777778,0.684383468834688,0,20.6,33.6
2022,POST,00-0035689,D.Knox,Dawson Knox,TE,TE,"https://static.www.nfl.com/image/private/f_auto,q_auto/league/objioqafpfrffs0ublne",2,BUF,0,0,0,0,0,0,0,0,0,0,0,0,,0,,,0,0,0,0,0,0,,0,8,12,85,1,0,0,109,23,6,1.84222761940368,0,0.779816513761468,0.155844155844156,0.115100316789863,0.314336455519138,0,14.5,22.5
2022,POST,00-0035710,D.Jones,Daniel Jones,QB,QB,"https://static.www.nfl.com/image/private/f_auto,q_auto/league/zrhniboizqpxtdyz6gez",2,NYG,39,62,436,2,1,8,38,1,0,415,233,23,-0.891856402148068,0,1.05060240963855,0.0542947362778793,23,102,0,0,0,9,9.6673392081284,0,0,0,0,0,0,0,0,0,0,,0,,,,,0,33.64,33.64
2022,POST,00-0035719,D.Samuel,Deebo Samuel,WR,WR,"https://static.www.nfl.com/image/private/f_auto,q_auto/league/ciwaktyqewczcquks4wy",3,SF,0,0,0,0,0,0,0,0,0,0,0,0,,0,,,13,34,0,1,1,1,-8.34768927423284,0,13,22,211,1,0,0,166,155,7,7.11196947852206,0,1.2710843373494,0.323529411764706,0.281833616298812,0.682577649056227,0,28.5,41.5
2022,POST,00-0035771,M.Wilcox,Mitchell Wilcox,TE,TE,"https://static.www.nfl.com/image/private/f_auto,q_auto/league/cxh2vsypwniukuheewu0",2,CIN,0,0,0,0,0,0,0,0,0,0,0,0,,0,,,0,0,0,0,0,0,,0,2,4,19,0,0,0,11,18,1,-0.0334734278731048,0,1.72727272727273,0.0579710144927536,0.0544554455445545,0.125075333620319,0,1.9,3.9
2022,POST,00-0035806,J.Hasty,Jamycal Hasty,RB,RB,"https://static.www.nfl.com/image/private/f_auto,q_auto/league/cny5zdqbqkimr4ypua1x",1,JAX,0,0,0,0,0,0,0,0,0,0,0,0,,0,,,4,36,0,0,0,1,1.31474794179667,0,1,2,7,0,0,0,3,13,1,-0.812237589561846,0,2.33333333333333,0.0526315789473684,0.0099009900990099,0.0858780614903596,0,4.3,5.3
2022,POST,00-0035993,T.Huntley,Tyler Huntley,QB,QB,"https://static.www.nfl.com/image/private/f_auto,q_auto/league/baup3eqjtmxnygrzbf61",1,BAL,17,29,226,2,1,2,17,0,0,191,126,11,3.42500478098838,0,1.18324607329843,0.0694105596966907,9,54,0,1,1,3,-8.49404721485917,0,0,0,0,0,0,0,0,0,0,,0,,,,,0,18.44,18.44
2022,POST,00-0036020,S.Ahmed,Salvon Ahmed,RB,RB,"https://static.www.nfl.com/image/private/f_auto,q_auto/league/ggkz2vamnepagqfn992j",1,MIA,0,0,0,0,0,0,0,0,0,0,0,0,,0,,,5,3,0,0,0,0,-3.06256821739953,0,3,5,45,0,0,0,16,32,2,3.11093923056367,0,2.8125,0.119047619047619,0.0333333333333333,0.201904761904762,0,4.8,7.8
2022,POST,00-0036145,L.Cager,Lawrence Cager,TE,TE,"https://static.www.nfl.com/image/private/f_auto,q_auto/league/cpp66fc1nu5bnbj5padq",2,NYG,0,0,0,0,0,0,0,0,0,0,0,0,,0,,,0,0,0,0,0,0,,0,2,3,20,0,0,0,23,2,1,-0.0449723771783015,0,0.869565217391304,0.0508474576271187,0.0600522193211488,0.118307739965482,0,2.0,4.0
2022,POST,00-0036158,J.Dobbins,J.K. Dobbins,RB,RB,"https://static.www.nfl.com/image/private/f_auto,q_auto/league/rbp5kcbx7xqlqwqjvfrw",1,BAL,0,0,0,0,0,0,0,0,0,0,0,0,,0,,,13,62,0,0,0,3,-0.759484601789154,0,4,5,43,1,0,0,6,39,3,4.41507442697184,0,7.16666666666667,0.178571428571429,0.0365853658536585,0.293466898954704,0,16.5,20.5
2022,POST,00-0036165,I.Hodgins,Isaiah Hodgins,WR,WR,"https://static.www.nfl.com/image/private/f_auto,q_auto/league/ae9jnxdsftbmvgwgtnug",2,NYG,0,0,0,0,0,0,0,0,0,0,0,0,,0,,,0,0,0,0,0,0,,0,9,11,108,1,0,0,94,35,4,5.71520994615275,0,1.14893617021277,0.186440677966102,0.245430809399478,0.451462583528787,0,16.8,25.8
2022,POST,00-0036196,G.Davis,Gabe Davis,WR,WR,"https://static.www.nfl.com/image/private/f_auto,q_auto/league/q5ofnb6w7gokbggfmbxp",2,BUF,0,0,0,0,0,0,0,0,0,0,0,0,,0,,,0,0,0,0,0,0,,0,8,13,147,1,0,0,270,7,7,2.87763409348554,0,0.544444444444444,0.168831168831169,0.285110876451954,0.452824366763121,0,20.7,28.7
2022,POST,00-0036244,C.Parkinson,Colby Parkinson,TE,TE,"https://static.www.nfl.com/image/private/f_auto,q_auto/league/s76r1d343ld1a3jxhh3g",1,SEA,0,0,0,0,0,0,0,0,0,0,0,0,,0,,,0,0,0,0,0,0,,0,3,6,14,0,0,0,35,5,0,-2.88218287279597,0,0.4,0.176470588235294,0.108359133126935,0.340557275541796,0,1.4,4.4
2022,POST,00-0036259,J.Jennings,Jauan Jennings,WR,WR,"https://static.www.nfl.com/image/private/f_auto,q_auto/league/owakywf7pevtqx7odtcc",2,SF,0,0,0,0,0,0,0,0,0,0,0,0,,0,,,0,0,0,0,0,0,,0,4,7,67,0,0,0,107,15,4,5.25851229133963,0,0.626168224299065,0.132075471698113,0.198884758364312,0.337332538402188,0,6.7,10.7
2022,POST,00-0036261,B.Aiyuk,Brandon Aiyuk,WR,WR,"https://static.www.nfl.com/image/private/f_auto,q_auto/league/mprcyhqhfgzi57ebelbz",3,SF,0,0,0,0,0,0,0,0,0,0,0,0,,0,,,0,0,0,0,0,0,,0,6,10,109,0,0,0,185,24,6,6.07117668014637,0,0.589189189189189,0.147058823529412,0.314091680814941,0.440452411864576,0,10.9,16.9
2022,POST,00-0036271,Q.Watkins,Quez Watkins,WR,WR,"https://static.www.nfl.com/image/private/f_auto,q_auto/league/lmulzdtlnoaldqrb2kit",2,PHI,0,0,0,0,0,0,0,0,0,0,0,0,,0,,,0,0,0,0,0,0,,0,1,3,8,0,0,0,68,7,0,-1.94383101933636,0,0.117647058823529,0.0517241379310345,0.118055555555556,0.160225095785441,0,0.8,1.8
2022,POST,00-0036322,J.Jefferson,Justin Jefferson,WR,WR,"https://static.www.nfl.com/image/private/f_auto,q_auto/league/zdstmm4sloqnichybgja",1,MIN,1,1,-2,0,0,0,0,0,0,-6,4,0,-2.38019869942218,0,0.0,,0,0,0,0,0,0,,0,7,9,47,0,0,0,99,7,3,0.58880978502566,0,0.474747474747475,0.230769230769231,0.40080971659919,0.626720647773279,0,4.62,11.62
2022,POST,00-0036345,K.Osborn,K.J. Osborn,WR,WR,"https://static.www.nfl.com/image/private/f_auto,q_auto/league/rbgsvh08nmm29gaiw7pr",1,MIN,0,0,0,0,0,0,0,0,0,0,0,0,,0,,,0,0,0,0,0,0,,0,2,3,20,1,0,0,30,4,1,0.679798927158117,0,0.666666666666667,0.0769230769230769,0.121457489878543,0.200404858299595,0,8.0,10.0
2022,POST,00-0036355,J.Herbert,Justin Herbert,QB,QB,"https://static.www.nfl.com/image/private/f_auto,q_auto/league/fwjdvww4dv36k8tvsws6",1,LAC,25,43,273,1,0,3,20,0,0,239,150,13,7.64566938509053,0,1.14225941422594,0.0529562232353709,3,12,0,1,0,1,-0.0914191205520183,0,0,0,0,0,0,0,0,0,0,,0,,,,,0,16.12,16.12
2022,POST,00-0036358,C.Lamb,CeeDee Lamb,WR,WR,"https://static.www.nfl.com/image/private/f_auto,q_auto/league/cqygs9e4ynnjdxstdfjq",2,DAL,0,0,0,0,0,0,0,0,0,0,0,0,,0,,,2,6,0,0,0,1,1.32400004653027,0,14,19,185,1,0,0,164,58,8,6.94301252739161,0,1.1280487804878,0.27536231884058,0.293381037567084,0.618410204557828,0,25.1,39.1
2022,POST,00-0036370,J.Kelley,Joshua Kelley,RB,RB,"https://static.www.nfl.com/image/private/f_auto,q_auto/league/fsu6gqcltgnofaakmq6u",1,LAC,0,0,0,0,0,0,0,0,0,0,0,0,,0,,,7,20,0,0,0,0,-1.66686197021045,0,1,1,8,0,0,0,4,4,0,0.0119268884882331,0,2.0,0.0238095238095238,0.0170940170940171,0.0476800976800977,0,2.8,3.8
2022,POST,00-0036389,J.Hurts,Jalen Hurts,QB,QB,"https://static.www.nfl.com/image/private/f_auto,q_auto/league/aityegmlyh53aifbssbp",3,PHI,58,87,579,3,0,4,8,1,0,791,249,25,18.1266401598805,0,0.731984829329962,0.151222020725953,35,143,5,1,1,17,6.49853886966594,1,0,0,0,0,0,0,0,0,0,,0,,,,,0,79.46,79.46
2022,POST,00-0036410,T.Higgins,Tee Higgins,WR,WR,"https://static.www.nfl.com/image/private/f_auto,q_auto/league/fkpf9urirrkqkln7d2n9",3,CIN,0,0,0,0,0,0,0,0,0,0,0,0,,0,,,0,0,0,0,0,0,,0,13,21,148,1,0,0,243,34,8,2.69952329763177,1,0.609053497942387,0.207920792079208,0.346647646219686,0.554534540472592,0,22.8,35.8
2022,POST,00-0036425,D.Dallas,DeeJay Dallas,RB,RB,"https://static.www.nfl.com/image/private/f_auto,q_auto/league/ffqmt3tvtiqi9obvymlq",1,SEA,0,0,0,0,0,0,0,0,0,0,0,0,,0,,,6,13,0,0,0,0,-1.55525872617727,0,0,0,0,0,0,0,0,0,0,,0,,,,,0,1.3,1.3
2022,POST,00-0036442,J.Burrow,Joe Burrow,QB,QB,"https://static.www.nfl.com/image/private/f_auto,q_auto/league/jzzqz5ubkilrn9dpxtlp",3,CIN,72,109,721,4,2,10,60,0,0,747,341,36,14.9569025258268,1,0.965194109772423,0.129874630862582,15,70,1,0,0,6,4.09903801095788,0,0,0,0,0,0,0,0,0,0,,0,,,,,0,55.84,55.84
2022,POST,00-0036567,E.Mitchell,Elijah Mitchell,RB,RB,"https://static.www.nfl.com/image/private/f_auto,q_auto/league/pylj2udt3klrdmskh3qi",2,SF,0,0,0,0,0,0,0,0,0,0,0,0,,0,,,23,53,0,0,0,3,-7.12391579075484,0,2,3,25,1,0,0,0,22,2,4.00861873384565,0,0.0,0.111111111111111,,,0,13.8,15.8
2022,POST,00-0036569,G.Brightwell,Gary Brightwell,RB,RB,"https://static.www.nfl.com/image/private/f_auto,q_auto/league/bxamrjik6crlgdk7tib4",1,NYG,0,0,0,0,0,0,0,0,0,0,0,0,,0,,,1,10,0,0,0,1,-0.389472419570666,0,0,0,0,0,0,0,0,0,0,,0,,,,,0,1.0,1.0
2022,POST,00-0036590,Q.Morris,Quintin Morris,TE,TE,"https://static.www.nfl.com/image/private/f_auto,q_auto/league/twhrvuemckggrhjkxdxj",2,BUF,0,0,0,0,0,0,0,0,0,0,0,0,,0,,,0,0,0,0,0,0,,0,2,3,18,0,0,0,0,12,1,0.612418229982723,0,0.0,0.038961038961039,0.0,0.0584415584415584,0,1.8,3.8
2022,POST,00-0036613,J.Waddle,Jaylen Waddle,WR,WR,"https://static.www.nfl.com/image/private/f_auto,q_auto/league/qjsz2h6shbdnksctzeka",1,MIA,0,0,0,0,0,0,0,0,0,0,0,0,,0,,,1,8,0,0,0,1,1.86142227853998,0,3,7,44,0,0,0,151,6,1,-1.35155165269081,0,0.291390728476821,0.166666666666667,0.314583333333333,0.470208333333333,0,5.2,8.2
2022,POST,00-0036637,N.Gray,Noah Gray,TE,TE,"https://static.www.nfl.com/image/private/f_auto,q_auto/league/bfwc5wzyawwhpwphz2hv",3,KC,0,0,0,0,0,0,0,0,0,0,0,0,,0,,,1,0,0,0,0,0,-1.63005111715756,0,3,4,37,0,0,0,29,20,1,1.11200811027084,0,1.27586206896552,0.0396039603960396,0.0482529118136439,0.0931829788636102,0,3.7,6.7
2022,POST,00-0036741,J.Stoll,Jack Stoll,TE,TE,"https://static.www.nfl.com/image/private/f_auto,q_auto/league/ammztxfzv4nnggjhqmuj",1,PHI,0,0,0,0,0,0,0,0,0,0,0,0,,0,,,0,0,0,0,0,0,,0,1,1,5,0,0,0,5,0,0,-0.122301388066262,0,1.0,0.0416666666666667,0.0214592274678112,0.0775214592274678,0,0.5,1.5
2022,POST,00-0036810,C.Johnson,Cade Johnson,WR,WR,"https://static.www.nfl.com/image/private/f_auto,q_auto/league/wu2lgnpiszv4fkdrsij4",1,SEA,0,0,0,0,0,0,0,0,0,0,0,0,,0,,,0,0,0,0,0,0,,0,3,3,39,0,0,0,33,6,2,4.15545840776758,0,1.18181818181818,0.0882352941176471,0.102167182662539,0.203869969040248,0,3.9,6.9
2022,POST,00-0036900,J.Chase,Ja'Marr Chase,WR,WR,"https://static.www.nfl.com/image/private/f_auto,q_auto/league/xqhrnv1bfpl2zmhpqobq",3,CIN,0,0,0,0,0,0,0,0,0,0,0,0,,0,,,1,3,0,0,0,0,-0.135171441710554,0,20,28,220,2,0,0,249,99,11,18.8385371596,0,0.883534136546185,0.277227722772277,0.355206847360913,0.664486377311055,0,34.3,54.3
2022,POST,00-0036912,D.Smith,DeVonta Smith,WR,WR,"https://static.www.nfl.com/image/private/f_auto,q_auto/league/f8nowzare3wd2qw4jx7d",3,PHI,0,0,0,0,0,0,0,0,0,0,0,0,,0,,,0,0,0,0,0,0,,0,15,22,197,1,0,0,251,69,8,7.8518474798833,0,0.784860557768924,0.268292682926829,0.348611111111111,0.646466802168022,0,25.7,40.7
2022,POST,00-0036913,K.Toney,Kadarius Toney,WR,WR,"https://static.www.nfl.com/image/private/f_auto,q_auto/league/sptr6q2brsttjjg4zkov",3,KC,0,0,0,0,0,0,0,0,0,0,0,0,,0,,,1,14,0,0,0,1,1.33545679959934,0,7,10,50,1,0,0,35,41,3,3.24792054173793,0,1.42857142857143,0.099009900990099,0.0782997762863535,0.203324694885596,0,12.4,19.4
2022,POST,00-0036919,K.Gainwell,Kenneth Gainwell,RB,RB,"https://static.www.nfl.com/image/private/f_auto,q_auto/league/epkyjvftedewa9leunos",3,PHI,0,0,0,0,0,0,0,0,0,0,0,0,,0,,,33,181,1,0,0,13,13.5085172616025,0,7,9,55,0,0,0,-7,53,1,4.47797804416462,0,-7.85714285714286,0.109756097560976,-0.0097222222222222,0.157828590785908,0,29.6,36.6
2022,POST,00-0036971,T.Lawrence,Trevor Lawrence,QB,QB,"https://static.www.nfl.com/image/private/f_auto,q_auto/league/angjglqlgj2txh25se5j",2,JAX,52,86,505,5,5,4,27,0,0,656,227,29,-5.89728123129132,0,0.769817073170732,0.0191962696609674,4,34,0,0,0,3,3.69094796013087,1,0,0,0,0,0,0,0,0,0,,0,,,,,0,35.6,35.6
2022,POST,00-0036973,T.Etienne,Travis Etienne,RB,RB,"https://static.www.nfl.com/image/private/f_auto,q_auto/league/ne5lyv8n6elqw77yrz9w",2,JAX,0,0,0,0,0,0,0,0,0,0,0,0,,0,,,30,171,1,0,0,9,6.50572360762862,0,4,4,30,0,0,0,-16,46,2,2.96676837682026,0,-1.875,0.0476190476190476,-0.0241691842900302,0.0545101424255503,0,26.1,30.1
2022,POST,00-0036988,J.Palmer,Josh Palmer,WR,WR,"https://static.www.nfl.com/image/private/f_auto,q_auto/league/bbvzvwnb52cghz4fqyut",1,LAC,0,0,0,0,0,0,0,0,0,0,0,0,,0,,,0,0,0,0,0,0,,0,2,6,31,0,0,0,70,9,2,-0.592198498415812,0,0.442857142857143,0.142857142857143,0.299145299145299,0.423687423687424,0,3.1,5.1
2022,POST,00-0037004,H.Long,Hunter Long,TE,TE,"https://static.www.nfl.com/image/private/f_auto,q_auto/league/vuw8hkbyjc4kahbpgyge",1,MIA,0,0,0,0,0,0,0,0,0,0,0,0,,0,,,0,0,0,0,0,0,,0,0,1,0,0,0,0,3,0,0,-0.534184205112979,0,0.0,0.0238095238095238,0.00625,0.0400892857142857,0,0.0,0.0
2022,POST,00-0037011,T.McKitty,Tre' McKitty,TE,TE,"https://static.www.nfl.com/image/private/f_auto,q_auto/league/fxv7hzz4dar3dghap5zw",1,LAC,0,0,0,0,0,0,0,0,0,0,0,0,,0,,,0,0,0,0,0,0,,0,2,2,16,0,0,0,11,5,0,0.849744938896038,0,1.45454545454545,0.0476190476190476,0.047008547008547,0.104334554334554,0,1.6,3.6
2022,POST,00-0037093,D.Young,Dareke Young,WR,WR,"https://static.www.nfl.com/image/private/f_auto,q_auto/league/zb1ggkzhcshdcgguug3u",1,SEA,0,0,0,0,0,0,0,0,0,0,0,0,,0,,,0,0,0,0,0,0,,0,1,1,11,0,0,0,10,1,1,0.67345079977531,0,1.1,0.0294117647058824,0.0309597523219814,0.0657894736842105,0,1.1,2.1
2022,POST,00-0037197,I.Pacheco,Isiah Pacheco,RB,RB,"https://static.www.nfl.com/image/private/f_auto,q_auto/league/rzr8nxjunjeiv8bjir59",3,KC,0,0,0,0,0,0,0,0,0,0,0,0,,0,,,37,197,1,0,0,8,2.01575763785513,0,6,7,65,0,0,0,-21,89,3,4.41744514764287,0,-3.0952380952381,0.0921052631578947,-0.0469798657718121,0.105271988696574,0,32.2,38.2
2022,POST,00-0037248,J.Cook,James Cook,RB,RB,"https://static.www.nfl.com/image/private/f_auto,q_auto/league/clqdllqqmpleidegprep",2,BUF,0,0,0,0,0,0,0,0,0,0,0,0,,0,,,17,52,1,0,0,2,-4.13112535589607,0,0,0,0,0,0,0,0,0,0,,0,,,,,0,11.2,11.2
2022,POST,00-0037256,R.White,Rachaad White,RB,RB,"https://static.www.nfl.com/image/private/f_auto,q_auto/league/uiqqvw00vpykdylgu7d4",1,TB,0,0,0,0,0,0,0,0,0,0,0,0,,0,,,7,41,0,0,0,3,1.58911412098678,0,4,6,36,0,0,0,-14,37,2,2.90635141474195,0,-2.57142857142857,0.0983606557377049,-0.0384615384615385,0.12061790668348,0,7.7,11.7
2022,POST,00-0037261,K.Shakir,Khalil Shakir,WR,WR,"https://static.www.nfl.com/image/private/f_auto,q_auto/league/l1flqgo30hfowrdckdeu",2,BUF,0,0,0,0,0,0,0,0,0,0,0,0,,0,,,0,0,0,0,0,0,,0,5,7,91,0,0,0,136,10,4,4.34615878318436,0,0.669117647058824,0.0909090909090909,0.143611404435058,0.236891619468177,0,9.1,14.1
2022,POST,00-0037311,K.Kieft,Ko Kieft,TE,TE,"https://static.www.nfl.com/image/private/f_auto,q_auto/league/qfsqi11viu1jvij3a6ie",1,TB,0,0,0,0,0,0,0,0,0,0,0,0,,0,,,0,0,0,0,0,0,,0,0,1,0,0,0,0,2,0,0,-0.596047205268405,0,0.0,0.0163934426229508,0.0054945054945055,0.0284363177805801,0,0.0,0.0
2022,POST,00-0037327,S.Thompson,Skylar Thompson,QB,QB,"https://static.www.nfl.com/image/private/f_auto,q_auto/league/biryharao5wwhaqskoq5",1,MIA,18,45,220,1,2,4,31,0,0,497,106,12,-10.6788568983049,1,0.442655935613682,-0.0686420215463112,2,3,0,0,0,0,-0.713149794202764,0,0,0,0,0,0,0,0,0,0,,0,,,,,0,11.1,11.1
2022,POST,00-0037525,J.Mason,Jordan Mason,RB,RB,"https://static.www.nfl.com/image/private/f_auto,q_auto/league/cc7xu5fbux5995xvdscv",1,SF,0,0,0,0,0,0,0,0,0,0,0,0,,0,,,2,12,0,0,0,1,-0.144723764329683,0,0,0,0,0,0,0,0,0,0,,0,,,,,0,1.2,1.2
2022,POST,00-0037801,K.Turpin,Kavontae Turpin,WR,WR,"https://static.www.nfl.com/image/private/f_auto,q_auto/league/dl2ngh2glo7gebocl3ah",1,DAL,0,0,0,0,0,0,0,0,0,0,0,0,,0,,,0,0,0,0,0,0,,0,1,1,8,0,0,0,8,0,0,-0.0019508613913785,0,1.0,0.027027027027027,0.0264026402640264,0.059022388725359,0,0.8,1.8
2022,POST,00-0037834,B.Purdy,Brock Purdy,QB,QB,"https://static.www.nfl.com/image/private/f_auto,q_auto/league/hdwbdlyiose4znenx5ed",3,SF,41,63,569,3,0,4,23,1,1,635,282,27,20.2872802453786,1,0.896062992125984,0.191503801972783,7,24,1,0,0,3,-1.4751359815551,0,0,0,0,0,0,0,0,0,0,,0,,,,,0,43.16,43.16
2022,POST,00-0038041,J.Ferguson,Jake Ferguson,TE,TE,"https://static.www.nfl.com/image/private/f_auto,q_auto/league/xy9bvf3d9yjprwigiqty",1,DAL,0,0,0,0,0,0,0,0,0,0,0,0,,0,,,0,0,0,0,0,0,,0,1,1,34,0,0,0,2,32,1,2.42286023206543,0,17.0,0.03125,0.0078125,0.05234375,0,3.4,4.4
2022,POST,00-0038090,S.Moore,Skyy Moore,WR,WR,"https://static.www.nfl.com/image/private/f_auto,q_auto/league/wpiovviem9uugfacqkxy",3,KC,0,0,0,0,0,0,0,0,0,0,0,0,,0,,,2,7,0,0,0,0,-0.245762883219868,0,5,9,17,1,0,0,26,21,1,-0.65392356319353,0,0.653846153846154,0.0891089108910891,0.058165548098434,0.174379250005537,0,8.4,13.4
2022,POST,00-0038115,D.Bellinger,Daniel Bellinger,TE,TE,"https://static.www.nfl.com/image/private/f_auto,q_auto/league/wpwgb0plwhhqzlfl2j24",2,NYG,0,0,0,0,0,0,0,0,0,0,0,0,,0,,,0,0,0,0,0,0,,0,3,5,21,1,0,0,18,15,2,0.912858506548218,0,1.16666666666667,0.0847457627118644,0.0469973890339426,0.160016816391556,0,8.1,11.1
2022,POST,00-0038129,C.Otton,Cade Otton,TE,TE,"https://static.www.nfl.com/image/private/f_auto,q_auto/league/vchmryh0myuq67t9ei1u",1,TB,0,0,0,0,0,0,0,0,0,0,0,0,,0,,,0,0,0,0,0,0,,0,4,7,58,0,0,0,47,42,4,2.35446029499872,0,1.23404255319149,0.114754098360656,0.129120879120879,0.262515762925599,0,5.8,9.8
2022,POST,00-0038134,K.Walker,Kenneth Walker,RB,RB,"https://static.www.nfl.com/image/private/f_auto,q_auto/league/rwdj1bljth8fyojof5dp",1,SEA,0,0,0,0,0,0,0,0,0,0,0,0,,0,,,15,63,1,0,0,4,1.7530219843029,0,1,1,3,0,0,0,0,3,0,-0.309929474024102,0,0.0,0.0294117647058824,,,0,12.6,13.6
2022,REG+POST,00-0019596,T.Brady,Tom Brady,QB,QB,"https://static.www.nfl.com/image/private/f_auto,q_auto/league/q7dpdlxyu5rs05rgh1le",18,TB,525,799,5045,27,10,24,177,4,2,5387,2484,257,58.2214826452823,3,0.936513829589753,0.0704220296241519,29,-1,1,2,2,5,-20.4693207520959,0,0,1,0,0,0,0,16,0,0,-4.7260164351901,0,0.0,0.0344827586206897,0.0613026819923372,0.0946360153256705,0,293.7,293.7
2022,REG+POST,00-0022824,A.Lee,Andy Lee,P,SPEC,"https://static.www.nfl.com/image/private/f_auto,q_auto/league/bfozbs2h9jueavslvw3z",1,ARI,1,1,4,0,0,0,0,0,0,0,4,1,2.86447695572861,0,0.0,,0,0,0,0,0,0,,0,0,0,0,0,0,0,0,0,0,,0,,,,,0,0.16,0.16
2022,REG+POST,00-0023459,A.Rodgers,Aaron Rodgers,QB,QB,"https://static.www.nfl.com/image/private/f_auto,q_auto/league/gnta8ufi2vdp967dui9e",17,GB,350,542,3695,26,12,32,258,4,2,4327,1893,177,-6.30994553598328,2,0.853940374393344,0.0686525245002697,34,94,1,2,2,9,-7.81497386895461,0,0,0,0,0,0,0,0,0,0,,0,,,,,0,239.2,239.2
2022,REG+POST,00-0024243,M.Lewis,Marcedes Lewis,TE,TE,"https://static.www.nfl.com/image/private/f_auto,q_auto/league/ppq07tipygpftz5csipx",6,GB,0,0,0,0,0,0,0,0,0,0,0,0,,0,,,0,0,0,0,0,0,,0,6,7,66,2,0,0,58,14,5,6.96759729948826,1,1.13793103448276,0.0360824742268041,0.0338587273788675,0.0778248205054134,0,20.6,26.6
2022,REG+POST,00-0026143,M.Ryan,Matt Ryan,QB,QB,"https://static.www.nfl.com/image/private/f_auto,q_auto/league/s6zam4ekrrnonsck6vak",12,IND,309,461,3057,14,13,38,287,12,3,2772,1405,156,-24.7600057797621,0,1.10281385281385,0.0372891694444388,27,70,1,3,2,9,-11.035300253524,0,0,0,0,0,0,0,0,0,0,,0,,,,,0,155.28,155.28
2022,REG+POST,00-0026158,J.Flacco,Joe Flacco,QB,QB,"https://static.www.nfl.com/image/upload/f_auto,q_auto/league/dwsbpmlhoqud0puidizt",5,NYJ,110,191,1051,5,3,10,66,5,4,1537,432,55,-25.3617051530504,0,0.683799609629148,0.00386430430805,3,6,0,0,0,1,-0.136921063356567,0,0,0,0,0,0,0,0,0,0,,0,,,,,0,48.64,48.64
2022,REG+POST,00-0026189,D.Jackson,DeSean Jackson,WR,WR,"https://static.www.nfl.com/image/private/f_auto,q_auto/league/pr5m864fqvnoozihylrh",7,BAL,0,0,0,0,0,0,0,0,0,0,0,0,,0,,,0,0,0,0,0,0,,0,9,17,153,0,0,0,302,23,5,1.63382677792655,0,0.506622516556291,0.100591715976331,0.205163043478261,0.29450170439928,0,15.3,24.3
2022,REG+POST,00-0026197,C.Henne,Chad Henne,QB,QB,"https://static.www.nfl.com/image/private/f_auto,q_auto/league/ornr9pcnzveqlntqc7jx",3,KC,5,9,23,1,0,0,0,0,0,28,12,3,0.815438204270322,0,0.821428571428571,-0.0192022432826919,6,-6,0,0,0,0,-5.12246437004069,0,0,0,0,0,0,0,0,0,0,,0,,,,,0,4.32,4.32
2022,REG+POST,00-0026300,J.Johnson,Josh Johnson,QB,QB,"https://static.www.nfl.com/image/private/f_auto,q_auto/league/cm1r2n61r5knj97d41v5",2,SF,8,15,84,0,0,2,14,0,0,69,56,4,-2.86141612060601,0,1.21739130434783,-0.0149471355590693,4,5,0,1,1,1,-8.20649826026056,0,0,0,0,0,0,0,0,0,0,,0,,,,,0,1.86,1.86
2022,REG+POST,00-0026498,M.Stafford,Matthew Stafford,QB,QB,"https://static.www.nfl.com/image/private/f_auto,q_auto/league/icjfdfsncqlsqe49iujv",9,LA,206,303,2087,10,8,29,208,4,3,2027,1119,105,-24.0373468155017,0,1.02960039467193,0.0414286540004632,13,9,1,1,0,3,-2.50263931596419,0,0,0,0,0,0,0,0,0,0,,0,,,,,0,108.38,108.38
2022,REG+POST,00-0026544,C.Daniel,Chase Daniel,QB,QB,"https://static.www.nfl.com/image/private/f_auto,q_auto/league/jt8fvgeyuhsbpo9m9t4x",3,LAC,8,12,52,1,0,1,1,0,0,17,63,4,1.37604089950986,1,3.05882352941176,0.0311750114675126,1,4,0,0,0,0,-0.807615553960204,0,0,0,0,0,0,0,0,0,0,,0,,,,,0,8.48,8.48
2022,REG+POST,00-0026625,B.Hoyer,Brian Hoyer,QB,QB,"https://static.www.nfl.com/image/private/f_auto,q_auto/league/japt3mj2xctm7saqndxn",1,NE,5,6,37,0,0,1,8,0,0,28,22,2,-2.12652387350423,0,1.32142857142857,0.101889646386438,0,0,0,0,0,0,,0,0,0,0,0,0,0,0,0,0,,0,,,,,0,1.48,1.48
2022,REG+POST,00-0027688,C.McCoy,Colt McCoy,QB,QB,"https://static.www.nfl.com/image/private/f_auto,q_auto/league/mvcoi7f6thyudufnh0dx",4,ARI,90,132,780,1,3,13,97,0,0,801,368,34,-30.0839809036083,0,0.973782771535581,0.0226364142559369,14,36,0,2,0,5,1.21089050865661,0,0,0,0,0,0,0,0,0,0,,0,,,,,0,32.8,32.8
2022,REG+POST,00-0027942,A.Green,A.J. Green,WR,WR,"https://static.www.nfl.com/image/private/f_auto,q_auto/league/guj5a9vnnzqfiljupzuj",13,ARI,0,0,0,0,0,0,0,0,0,0,0,0,,0,,,0,0,0,0,0,0,,0,24,47,236,2,0,0,515,56,11,-18.0729225130703,1,0.458252427184466,0.094,0.142857142857143,0.241,0,37.6,61.6
2022,REG+POST,00-0027944,J.Jones,Julio Jones,WR,WR,"https://static.www.nfl.com/image/upload/f_auto,q_auto/league/omrddf2phtyztzx2nup1",11,TB,0,0,0,0,0,0,0,0,0,0,0,0,,0,,,5,45,0,0,0,4,3.19085392035777,0,31,54,373,3,0,0,675,131,16,10.7369678133217,0,0.552592592592593,0.107569721115538,0.199763243563184,0.301188852167536,0,59.8,90.8
2022,REG+POST,00-0027948,B.Gabbert,Blaine Gabbert,QB,QB,"https://static.www.nfl.com/image/private/f_auto,q_auto/league/fphhd3wedamgkps6e0dl",1,TB,6,8,29,1,0,0,0,0,0,20,37,2,0.21524419792695,0,1.45,0.0733880415496394,0,0,0,0,0,0,,0,0,0,0,0,0,0,0,0,0,,0,,,,,0,5.16,5.16
2022,REG+POST,00-0027966,M.Ingram,Mark Ingram,RB,RB,"https://static.www.nfl.com/image/private/f_auto,q_auto/league/qyju9wutyssrf0b26ran",10,NO,0,0,0,0,0,0,0,0,0,0,0,0,,0,,,62,233,1,1,1,12,-11.0297620060737,1,16,18,68,0,1,1,-17,78,2,-8.76647527411114,0,-4.0,0.0679245283018868,-0.0086032388663967,0.0958645252463524,0,34.1,50.1
2022,REG+POST,00-0027973,A.Dalton,Andy Dalton,QB,QB,"https://static.www.nfl.com/image/private/f_auto,q_auto/league/xrwmjyexhhwpoxhtrhl2",14,NO,252,378,2871,18,9,25,189,4,1,2981,1318,135,17.9905970400699,1,0.96309963099631,0.0719386882764848,30,54,0,1,0,6,-8.73576250477078,0,0,0,0,0,0,0,0,0,0,,0,,,,,0,174.24,174.24
2022,REG+POST,00-0027981,K.Rudolph,Kyle Rudolph,TE,TE,"https://static.www.nfl.com/image/private/f_auto,q_auto/league/mtvrkfel5750mlevcvtp",5,TB,0,0,0,0,0,0,0,0,0,0,0,0,,0,,,0,0,0,0,0,0,,0,3,5,28,1,0,0,44,3,2,1.93921699817292,0,0.636363636363636,0.0234741784037559,0.0311173974540311,0.0569934458234556,0,8.8,11.8
2022,REG+POST,00-0028002,R.Cobb,Randall Cobb,WR,WR,"https://static.www.nfl.com/image/private/f_auto,q_auto/league/kuwo5hnkbtesfw6n9w1s",13,GB,0,0,0,0,0,0,0,0,0,0,0,0,,0,,,0,0,0,0,0,0,,0,34,50,417,1,1,0,475,185,19,22.5648378137983,0,0.877894736842105,0.119331742243437,0.142343422235541,0.278638008930034,0,47.7,81.7
2022,REG+POST,00-0028118,T.Taylor,Tyrod Taylor,QB,QB,"https://static.www.nfl.com/image/private/f_auto,q_auto/league/qx6t1lqmc9ws9ledobzn",2,NYG,6,8,58,1,1,3,18,1,1,99,26,3,-4.38533691049088,1,0.585858585858586,0.209298403160716,5,70,0,1,0,5,9.1370943201473,0,0,0,0,0,0,0,0,0,0,,0,,,,,0,11.32,11.32
2022,REG+POST,00-0028292,N.Bellore,Nick Bellore,ILB,LB,"https://static.www.nfl.com/image/private/f_auto,q_auto/league/nnmgkhi5d5xszkoyh4br",1,SEA,0,0,0,0,0,0,0,0,0,0,0,0,,0,,,1,3,0,0,0,0,0.0524371490464546,0,0,0,0,0,0,0,0,0,0,,0,,,,,0,0.3,0.3
2022,REG+POST,00-0028986,C.Keenum,Case Keenum,QB,QB,"https://static.www.nfl.com/image/private/f_auto,q_auto/league/tymwoe3wpwzln78uzbvu",2,BUF,2,7,8,0,0,0,0,0,0,57,5,0,-5.78627391741611,0,0.140350877192982,-0.157390946302216,5,0,0,0,0,0,-5.39154763723491,0,0,0,0,0,0,0,0,0,0,,0,,,,,0,0.32,0.32
2022,REG+POST,00-0029000,C.Beasley,Cole Beasley,WR,WR,"https://static.www.nfl.com/image/private/f_auto,q_auto/league/y5r0fhwctl6ljwvmktvu",6,BUF,0,0,0,0,0,0,0,0,0,0,0,0,,0,,,0,0,0,0,0,0,,0,11,16,103,1,0,0,110,58,6,-2.82071494229604,0,0.936363636363636,0.0689655172413793,0.0498188405797102,0.138321464267866,0,16.3,27.3
2022,REG+POST,00-0029239,B.Bolden,Brandon Bolden,RB,RB,"https://static.www.nfl.com/image/private/f_auto,q_auto/league/kqqwz35z9brhkzbs4bcn",8,LV,0,0,0,0,0,0,0,0,0,0,0,0,,0,,,17,66,0,0,0,3,-6.28464577894192,0,9,9,57,1,0,0,30,27,2,1.02315014343468,0,1.9,0.0529411764705882,0.0185873605947955,0.0924229171222392,0,18.3,27.3
2022,REG+POST,00-0029263,R.Wilson,Russell Wilson,QB,QB,"https://static.www.nfl.com/image/private/f_auto,q_auto/league/gebzv2aljujgleboe4ns",15,DEN,292,483,3524,16,11,55,368,4,2,4264,1720,142,-55.9970097279003,0,0.826454033771107,0.0404693848023715,55,277,3,2,0,21,15.2260561078185,0,1,1,1,0,0,0,-1,2,0,-0.384637877810746,0,0.0,0.04,-0.0035211267605633,0.0575352112676056,0,224.76,225.76
2022,REG+POST,00-0029293,M.Jones,Marvin Jones,WR,WR,"https://static.www.nfl.com/image/private/f_auto,q_auto/league/ciy9sxefmcnwjw7ln3h2",18,JAX,0,0,0,0,0,0,0,0,0,0,0,0,,0,,,0,0,0,0,0,0,,0,50,90,579,4,0,0,1203,109,33,16.0371528609984,0,0.481296758104738,0.141509433962264,0.252201257861635,0.388805031446541,0,81.9,131.9
2022,REG+POST,00-0029567,N.Foles,Nick Foles,QB,QB,"https://static.www.nfl.com/image/private/f_auto,q_auto/league/dxuz2ir773wylutxo7zs",2,IND,25,42,225,0,4,8,48,0,0,343,91,9,-34.171226935013,0,0.65597667638484,-0.001140973842674,2,8,0,0,0,0,-4.25564577034675,0,0,0,0,0,0,0,0,0,0,,0,,,,,0,1.8,1.8
2022,REG+POST,00-0029604,K.Cousins,Kirk Cousins,QB,QB,"https://static.www.nfl.com/image/private/f_auto,q_auto/league/viuxnyezrwdfjnxsfssb",18,MIN,455,682,4820,31,14,46,329,5,3,5089,2094,246,30.7124701887177,3,0.947140892120259,0.0896969961769483,32,98,3,2,0,12,1.85026739416543,0,1,1,-2,0,0,0,-6,4,0,-2.38019869942218,0,0.0,0.0256410256410256,-0.0242914979757085,0.0214574898785425,0,316.4,317.4
2022,REG+POST,00-0029608,T.Hilton,T.Y. Hilton,WR,WR,"https://static.www.nfl.com/image/private/f_auto,q_auto/league/b8kor0sgeynyd8u8cush",5,DAL,0,0,0,0,0,0,0,0,0,0,0,0,,0,,,0,0,0,0,0,0,,0,10,15,159,0,0,0,261,45,7,12.7534683060367,0,0.609195402298851,0.0828729281767956,0.171597633136095,0.24442773546046,0,15.9,25.9
2022,REG+POST,00-0029664,J.Gordon,Josh Gordon,WR,WR,"https://static.www.nfl.com/image/private/f_auto,q_auto/league/wwqz2ujrj7wp86tyaxof",1,TEN,0,0,0,0,0,0,0,0,0,0,0,0,,0,,,0,0,0,0,0,0,,0,0,1,0,0,0,0,12,0,0,-0.488447367679328,0,0.0,0.0434782608695652,0.0609137055837564,0.107856985212977,0,0.0,0.0
2022,REG+POST,00-0029692,B.Anger,Bryan Anger,P,SPEC,"https://static.www.nfl.com/image/private/f_auto,q_auto/league/zv7j4fzg4qrz4hktx756",1,DAL,0,0,0,0,0,0,0,0,0,0,0,0,,0,,,1,0,0,1,0,0,-3.93440753343748,0,0,0,0,0,0,0,0,0,0,,0,,,,,0,0.0,0.0
2022,REG+POST,00-0029701,R.Tannehill,Ryan Tannehill,QB,QB,"https://static.www.nfl.com/image/private/f_auto,q_auto/league/yvwju12dl6haf3r8uzrm",12,TEN,212,325,2536,14,6,33,238,2,1,2532,1179,116,19.7171544133646,1,1.00157977883096,0.0797511571121069,34,98,2,1,1,12,-3.55396090270369,0,0,0,0,0,0,0,0,0,0,,0,,,,,0,165.24,165.24
2022,REG+POST,00-0029892,K.Juszczyk,Kyle Juszczyk,FB,RB,"https://static.www.nfl.com/image/private/f_auto,q_auto/league/eqb3lq4bip6oa5kiz1ze",15,SF,0,0,0,0,0,0,0,0,0,0,0,0,,0,,,8,34,1,0,0,5,2.70421163836727,0,20,24,206,1,0,0,66,152,9,6.81867597746896,0,3.12121212121212,0.0653950953678474,0.0275,0.117342643051771,0,36.0,56.0
2022,REG+POST,00-0030035,A.Thielen,Adam Thielen,WR,WR,"https://static.www.nfl.com/image/private/f_auto,q_auto/league/kmldtl8p9h7h5dzvkwsw",18,MIN,0,0,0,0,0,0,0,0,0,0,0,0,,0,,,1,4,0,0,0,0,-0.133523523807526,0,73,111,766,6,0,0,1108,157,48,14.4873815933149,1,0.691335740072202,0.163235294117647,0.218282111899133,0.397650419505864,0,115.0,188.0
2022,REG+POST,00-0030061,Z.Ertz,Zach Ertz,TE,TE,"https://static.www.nfl.com/image/private/f_auto,q_auto/league/t7my0kesdhb2iefvempm",10,ARI,0,0,0,0,0,0,0,0,0,0,0,0,,0,,,0,0,0,0,0,0,,0,47,69,406,4,0,0,548,130,24,6.27492835441003,2,0.740875912408759,0.180156657963446,0.21364522417154,0.419786643865248,0,68.6,115.6
2022,REG+POST,00-0030068,M.Goodwin,Marquise Goodwin,WR,WR,"https://static.www.nfl.com/image/upload/f_auto,q_auto/league/cof5bbih1o9dtnonwmjp",12,SEA,0,0,0,0,0,0,0,0,0,0,0,0,,0,,,2,5,0,0,0,0,-0.509956069930922,0,27,42,387,4,0,0,442,114,18,20.9001769792498,0,0.875565610859729,0.101941747572816,0.145586297760211,0.254823029791371,0,63.2,90.2
2022,REG+POST,00-0030074,D.Bakhtiari,David Bakhtiari,T,OL,"https://static.www.nfl.com/image/private/f_auto,q_auto/league/mhx8ji1f0wzvvwrmcryl",1,GB,0,0,0,0,0,0,0,0,0,0,0,0,,0,,,0,0,0,0,0,0,,0,0,1,0,0,0,0,1,0,0,-5.99148989515379,0,0.0,0.025,0.002415458937198,0.0391908212560387,0,0.0,0.0
2022,REG+POST,00-0030108,R.Griffin,Ryan Griffin,TE,TE,"https://static.www.nfl.com/image/private/f_auto,q_auto/league/izjfxtmk2dhzhrlwpt9g",7,CHI,0,0,0,0,0,0,0,0,0,0,0,0,,0,,,0,0,0,0,0,0,,0,4,8,26,0,0,0,53,9,1,-7.94431960530346,0,0.490566037735849,0.0575539568345324,0.0511583011583012,0.122141746062609,0,2.6,6.6
2022,REG+POST,00-0030279,K.Allen,Keenan Allen,WR,WR,"https://static.www.nfl.com/image/private/f_auto,q_auto/league/xs7h2igf85nta81v7zb8",11,LAC,0,0,0,0,0,0,0,0,0,0,0,0,,0,,,1,8,0,0,0,1,0.588396031875163,0,72,102,813,4,1,1,833,291,42,28.6898254655504,0,0.975990396158463,0.232346241457859,0.295599716110717,0.55543916346429,0,104.1,176.1
2022,REG+POST,00-0030288,R.Burkhead,Rex Burkhead,RB,RB,"https://static.www.nfl.com/image/private/f_auto,q_auto/league/ysgdnkasvp07qmrkasve",15,HOU,0,1,0,0,0,0,0,0,0,7,0,0,-0.451972615905106,0,0.0,,26,80,0,0,0,4,-6.80974265857367,0,37,51,204,1,0,0,75,214,8,-23.8903826837797,0,2.72,0.104294478527607,0.0243427458617332,0.173481639894624,0,34.4,71.4
2022,REG+POST,00-0030431,R.Woods,Robert Woods,WR,WR,"https://static.www.nfl.com/image/upload/f_auto,q_auto/league/owppysuai4ipxu5d27nu",17,TEN,0,0,0,0,0,0,0,0,0,0,0,0,,0,,,0,0,0,0,0,0,,0,53,91,527,2,0,0,716,156,31,8.94663831669898,0,0.736033519553073,0.208715596330275,0.214050822122571,0.462908969981213,0,64.7,117.7
2022,REG+POST,00-0030456,G.Bernard,Giovani Bernard,RB,RB,"https://static.www.nfl.com/image/private/f_auto,q_auto/league/guht9y14gftgsugb87xz",2,TB,0,0,0,0,0,0,0,0,0,0,0,0,,0,,,8,28,0,1,0,0,-6.00159577042722,0,2,2,-1,0,0,0,-8,7,0,-2.13728185440414,0,0.125,0.0606060606060606,-0.0427807486631016,0.0609625668449198,0,2.7,4.7
2022,REG+POST,00-0030506,T.Kelce,Travis Kelce,TE,TE,"https://static.www.nfl.com/image/private/f_auto,q_auto/league/ryzr3vbragwe50vtj9af",20,KC,0,0,0,0,0,0,0,0,0,0,0,0,,0,,,2,5,0,0,0,1,0.488659705966711,0,137,183,1595,16,2,1,1270,756,93,87.4195641237292,1,1.25590551181102,0.255944055944056,0.247226007397314,0.556974289094204,0,256.0,393.0
2022,REG+POST,00-0030513,L.Murray,Latavius Murray,RB,RB,"https://static.www.nfl.com/image/private/f_auto,q_auto/league/zepm7ghltyeqydn0qxcg",13,DEN,0,0,0,0,0,0,0,0,0,0,0,0,,0,,,171,760,6,1,0,44,-5.9284636285572,1,27,35,132,0,0,0,-63,188,4,-8.96322983021243,0,-2.0952380952381,0.0864197530864198,-0.0175,0.11737962962963,0,127.2,154.2
2022,REG+POST,00-0030564,D.Hopkins,DeAndre Hopkins,WR,WR,"https://static.www.nfl.com/image/upload/f_auto,q_auto/league/jgatj8mtftu06pegapip",9,ARI,0,0,0,0,0,0,0,0,0,0,0,0,,0,,,0,0,0,0,0,0,,0,64,96,717,3,2,1,976,165,35,8.66571795606147,0,0.734631147540984,0.293577981651376,0.427133479212254,0.739360407925642,0,87.7,151.7
2022,REG+POST,00-0030565,G.Smith,Geno Smith,QB,QB,"https://static.www.nfl.com/image/private/f_auto,q_auto/league/bxp32udtvwnpu3rl2cht",18,SEA,424,607,4535,32,12,49,373,6,3,4637,1857,220,32.5334669896603,0,0.978003019193444,0.117479767675873,72,394,1,3,2,26,2.59000463308992,0,0,0,0,0,0,0,0,0,0,,0,,,,,0,320.8,320.8
2022,REG+POST,00-0030578,C.Patterson,Cordarrelle Patterson,RB,RB,"https://static.www.nfl.com/image/private/f_auto,q_auto/league/gy2bb38cns4nxypehbqi",13,ATL,0,0,0,0,0,0,0,0,0,0,0,0,,0,,,144,695,8,1,1,39,-0.252170304221885,0,21,31,122,0,0,0,75,116,6,-18.137274690342,0,1.62666666666667,0.110714285714286,0.0284846183061147,0.186010661385709,1,133.7,154.7
2022,REG+POST,00-0030874,D.Williams,Damien Williams,RB,RB,"https://static.www.nfl.com/image/private/f_auto,q_auto/league/ga4vusnfwfvhp2ksqw7x",1,ATL,0,0,0,0,0,0,0,0,0,0,0,0,,0,,,2,2,0,0,0,0,-1.12978465296328,0,0,0,0,0,0,0,0,0,0,,0,,,,,0,0.2,0.2
2022,REG+POST,00-0030968,K.Smith,Keith Smith,FB,RB,"https://static.www.nfl.com/image/private/f_auto,q_auto/league/jolwasweebgk37nkl7ia",2,ATL,0,0,0,0,0,0,0,0,0,0,0,0,,0,,,1,2,0,0,0,1,0.199350546114147,0,1,2,8,0,0,0,2,8,0,-1.60737997150816,0,4.0,0.0625,0.0083333333333333,0.0995833333333333,0,1.0,2.0
2022,REG+POST,00-0031051,J.Brown,John Brown,WR,WR,"https://static.www.nfl.com/image/private/f_auto,q_auto/league/xwyc2a0qfdxbbct6lso6",3,BUF,0,0,0,0,0,0,0,0,0,0,0,0,,0,,,0,0,0,0,0,0,,0,1,3,42,1,0,0,136,0,1,-1.34515110764187,0,0.308823529411765,0.0315789473684211,0.110479285134037,0.124703920646458,0,10.2,11.2
2022,REG+POST,00-0031236,B.Cooks,Brandin Cooks,WR,WR,"https://static.www.nfl.com/image/private/f_auto,q_auto/league/wy6qidqm8jjp6buvu3lp",13,HOU,0,0,0,0,0,0,0,0,0,0,0,0,,0,,,2,7,0,0,0,0,-0.502822368871421,0,57,93,699,3,0,0,1013,205,29,5.04383546445063,0,0.690029615004936,0.207126948775056,0.30855924459336,0.526681894377935,0,88.6,145.6
2022,REG+POST,00-0031237,T.Bridgewater,Teddy Bridgewater,QB,QB,"https://static.www.nfl.com/image/private/f_auto,q_auto/league/q5p8afhezmpvc1xbwibf",5,MIA,49,79,683,4,4,7,45,0,0,704,307,32,0.383182439977755,0,0.970170454545455,0.0752684892970845,3,27,0,0,0,2,3.37023995979689,0,0,0,0,0,0,0,0,0,0,,0,,,,,0,38.02,38.02
2022,REG+POST,00-0031260,L.Thomas,Logan Thomas,TE,TE,"https://static.www.nfl.com/image/private/f_auto,q_auto/league/acm0ymhqdzqxdibwjphv",13,WAS,0,0,0,0,0,0,0,0,0,0,0,0,,0,,,0,0,0,0,0,0,,0,39,61,323,1,0,0,430,126,15,-8.53038415142855,0,0.751162790697674,0.148780487804878,0.121571953633022,0.308271099250433,0,38.3,77.3
2022,REG+POST,00-0031273,C.Brate,Cameron Brate,TE,TE,"https://static.www.nfl.com/image/private/f_auto,q_auto/league/jhioqec65qy4z7s6w9a6",10,TB,0,0,0,0,0,0,0,0,0,0,0,0,,0,,,0,0,0,0,0,0,,0,21,41,182,1,0,0,287,66,9,-11.176392037111,0,0.634146341463415,0.0990338164251208,0.0937908496732026,0.214204319408923,0,24.2,45.2
2022,REG+POST,00-0031280,D.Carr,Derek Carr,QB,QB,"https://static.www.nfl.com/image/private/f_auto,q_auto/league/cffbp9sqfioxa2jk2oqf",15,LV,305,502,3522,24,14,27,191,3,0,4602,1509,161,29.2955838466438,0,0.765319426336376,0.0685050144060981,24,102,0,1,0,10,1.73102392343571,0,0,0,0,0,0,0,0,0,0,,0,,,,,0,219.08,219.08
2022,REG+POST,00-0031325,S.Watkins,Sammy Watkins,WR,WR,"https://static.www.nfl.com/image/private/f_auto,q_auto/league/nkqk4ac4uncxocqlgp2k",10,BAL,0,0,0,0,0,0,0,0,0,0,0,0,,0,,,0,0,0,0,0,0,,0,17,30,337,0,1,1,367,131,12,10.1698871468538,0,0.918256130790191,0.0986842105263158,0.148402749696725,0.251908240577181,0,31.7,48.7
2022,REG+POST,00-0031345,J.Garoppolo,Jimmy Garoppolo,QB,QB,"https://static.www.nfl.com/image/private/f_auto,q_auto/league/dielobmypljj7e27eiob",11,SF,207,308,2437,16,4,18,100,1,1,2124,1443,114,75.5064205218911,0,1.14736346516008,0.12849885806511,23,33,2,1,1,11,-3.06639207761643,0,0,0,0,0,0,0,0,0,0,,0,,,,,0,164.78,164.78
2022,REG+POST,00-0031376,J.McKinnon,Jerick McKinnon,RB,RB,"https://static.www.nfl.com/image/private/f_auto,q_auto/league/yezxe2j778cndbhkxwez",20,KC,0,0,0,0,0,0,0,0,0,0,0,0,,0,,,91,351,1,0,0,15,-12.6120392371959,0,61,78,544,9,1,1,46,570,29,21.7235143051913,1,11.8260869565217,0.114705882352941,0.0101972954998892,0.179196930379334,0,149.5,210.5
2022,REG+POST,00-0031381,D.Adams,Davante Adams,WR,WR,"https://static.www.nfl.com/image/private/f_auto,q_auto/league/grvqvmdzu2lsbgvqoxku",17,LV,0,0,0,0,0,1,10,0,0,0,0,0,-1.80456407845486,0,,,3,-1,0,0,0,0,-3.83047964831349,0,100,180,1516,14,1,0,2129,493,65,34.9715853953429,0,0.712071395021137,0.32258064516129,0.407308207384733,0.768986712911249,0,235.5,335.5
2022,REG+POST,00-0031382,J.Landry,Jarvis Landry,WR,WR,"https://static.www.nfl.com/image/private/f_auto,q_auto/league/w2q9uwsjvgadwyvnvopb",9,NO,0,0,0,0,0,0,0,0,0,0,0,0,,0,,,0,0,0,0,0,0,,0,25,39,272,1,0,0,374,61,12,-8.79434262467798,1,0.727272727272727,0.143911439114391,0.136098981077147,0.31113644542559,0,35.2,60.2
2022,REG+POST,00-0031384,R.Rodgers,Richard Rodgers,TE,TE,"https://static.www.nfl.com/image/private/f_auto,q_auto/league/l9zei9dkcmbml3q1nshk",3,LAC,0,0,0,0,0,0,0,0,0,0,0,0,,0,,,0,0,0,0,0,0,,0,1,4,4,0,0,0,-4,3,0,-2.89015699896845,0,0.0,0.0357142857142857,-0.0059171597633136,0.049429416737109,0,0.4,1.4
2022,REG+POST,00-0031408,M.Evans,Mike Evans,WR,WR,"https://static.www.nfl.com/image/private/f_auto,q_auto/league/w6eq27k2xs8vawwgkzbl",16,TB,0,0,0,0,0,0,0,0,0,0,0,0,,0,,,0,0,0,0,0,0,,0,83,138,1198,6,0,0,1822,233,56,29.9195964285464,1,0.657519209659715,0.193820224719101,0.365936935127536,0.546886191667927,0,157.8,240.8
2022,REG+POST,00-0031428,A.Robinson,Allen Robinson,WR,WR,"https://static.www.nfl.com/image/private/f_auto,q_auto/league/tucplhxtb3c626iekuzv",10,LA,0,0,0,0,0,0,0,0,0,0,0,0,,0,,,0,0,0,0,0,0,,0,33,52,339,3,0,0,502,71,23,9.00320497282046,0,0.675298804780876,0.151162790697674,0.213526159081242,0.376212497403381,0,51.9,84.9
2022,REG+POST,00-0031484,C.Manhertz,Chris Manhertz,TE,TE,"https://static.www.nfl.com/image/private/f_auto,q_auto/league/r645ts6owoqbjuxbzgdl",6,JAX,0,0,0,0,0,0,0,0,0,0,0,0,,0,,,0,0,0,0,0,0,,0,6,8,42,0,0,0,21,35,2,-0.692976174643263,0,2.0,0.0402010050251256,0.0142083897158322,0.070247380338771,0,4.2,10.2
2022,REG+POST,00-0031503,J.Winston,Jameis Winston,QB,QB,"https://static.www.nfl.com/image/private/f_auto,q_auto/league/eupdyd3zccjeoloqmyfl",3,NO,73,115,858,4,5,11,74,1,0,1315,202,35,-7.01292297735435,1,0.652471482889734,0.0541418281926514,5,16,0,2,0,0,-3.21933071827516,0,0,0,0,0,0,0,0,0,0,,0,,,,,0,43.92,43.92
2022,REG+POST,00-0031544,A.Cooper,Amari Cooper,WR,WR,"https://static.www.nfl.com/image/private/f_auto,q_auto/league/zibbxjtein7gpu5zgcj4",17,CLE,0,1,0,0,1,0,0,0,0,18,0,0,-4.98050244455226,0,0.0,,0,0,0,0,0,0,,0,78,132,1160,9,0,0,1642,299,61,53.4649870408271,0,0.706455542021925,0.260355029585799,0.393670582594102,0.66610195219457,0,168.0,246.0
2022,REG+POST,00-0031545,K.White,Kevin White,WR,WR,"https://static.www.nfl.com/image/private/f_auto,q_auto/league/u6jclvrydlw6amytmylq",4,NO,0,0,0,0,0,0,0,0,0,0,0,0,,0,,,0,0,0,0,0,0,,0,2,5,74,0,0,0,91,68,2,2.51382260350511,0,0.813186813186813,0.037593984962406,0.0831050228310502,0.114564493425344,0,7.4,9.4
2022,REG+POST,00-0031547,D.Parker,DeVante Parker,WR,WR,"https://static.www.nfl.com/image/private/f_auto,q_auto/league/beuyfjou6kckaoqqpa96",12,NE,0,0,0,0,0,0,0,0,0,0,0,0,,0,,,0,0,0,0,0,0,,0,31,47,539,3,0,0,745,105,25,15.6475410945633,0,0.723489932885906,0.125333333333333,0.269536903039074,0.376675832127352,0,71.9,102.9
2022,REG+POST,00-0031549,N.Agholor,Nelson Agholor,WR,WR,"https://static.www.nfl.com/image/private/f_auto,q_auto/league/lfc8g0z3wmxowwggvzqh",14,NE,0,0,0,0,0,0,0,0,0,0,0,0,,0,,,0,0,0,0,0,0,,0,31,53,362,2,2,2,653,147,12,-12.4919073055488,0,0.554364471669219,0.124121779859485,0.195275119617225,0.322875253521285,0,44.2,75.2
2022,REG+POST,00-0031558,M.Williams,Maxx Williams,TE,TE,"https://static.www.nfl.com/image/private/f_auto,q_auto/league/p0j7ax3rqhrzn5nvmc06",2,ARI,0,0,0,0,0,0,0,0,0,0,0,0,,0,,,0,0,0,0,0,0,,0,3,3,18,0,0,0,12,6,0,0.730635493062437,0,1.5,0.038961038961039,0.0243407707910751,0.075480097995311,0,1.8,4.8
2022,REG+POST,00-0031585,M.Pruitt,MyCole Pruitt,TE,TE,"https://static.www.nfl.com/image/private/f_auto,q_auto/league/okk2t3ngao7qszoxxcph",10,ATL,0,0,0,0,0,0,0,0,0,0,0,0,,0,,,0,0,0,0,0,0,,0,16,21,150,4,0,0,118,75,10,8.15061607002281,0,1.27118644067797,0.0867768595041322,0.0514834205933682,0.166203683671556,0,39.0,55.0
2022,REG+POST,00-0031588,S.Diggs,Stefon Diggs,WR,WR,"https://static.www.nfl.com/image/private/f_auto,q_auto/league/zf6nbnzcfzu4y7yq2nzk",18,BUF,0,0,0,0,0,0,0,0,0,0,0,0,,0,,,1,-3,0,0,0,0,-1.29241677233949,0,119,173,1578,11,1,0,2028,439,78,80.7976998767078,0,0.77810650887574,0.275477707006369,0.336262643011109,0.648600410617331,0,223.5,342.5
2022,REG+POST,00-0031595,M.Burton,Michael Burton,FB,RB,"https://static.www.nfl.com/image/private/f_auto,q_auto/league/y8chssh9pcuzv5uc7nai",6,KC,0,0,0,0,0,0,0,0,0,0,0,0,,0,,,5,7,0,0,0,2,-1.92521958879661,0,2,3,11,0,0,0,-2,8,0,-0.258165967301466,0,-5.5,0.0229007633587786,-0.0022962112514351,0.0327437971621634,0,1.8,3.8
2022,REG+POST,00-0031610,D.Waller,Darren Waller,TE,TE,"https://static.www.nfl.com/image/private/f_auto,q_auto/league/qqzht46a66zbi9xyylf4",8,LV,0,0,0,0,0,0,0,0,0,0,0,0,,0,,,0,0,0,0,0,0,,0,28,43,388,3,0,0,577,80,18,5.84636566111911,0,0.672443674176776,0.157509157509158,0.223730127956572,0.392874825833337,0,56.8,84.8
2022,REG+POST,00-0031687,R.Mostert,Raheem Mostert,RB,RB,"https://static.www.nfl.com/image/private/f_auto,q_auto/league/jt7n28bmkyobsxmdbvqu",16,MIA,0,0,0,0,0,0,0,0,0,0,0,0,,0,,,181,891,3,1,1,44,-0.987838224333245,0,31,42,202,2,0,0,48,179,11,1.435230348602,0,4.20833333333333,0.0857142857142857,0.010919017288444,0.136214740673339,0,137.3,168.3
2022,REG+POST,00-0031690,E.Tomlinson,Eric Tomlinson,TE,TE,"https://static.www.nfl.com/image/private/f_auto,q_auto/league/swiwooxium4wmas8wq4c",8,DEN,0,0,0,0,0,0,0,0,0,0,0,0,,0,,,0,0,0,0,0,0,,0,9,13,79,2,0,0,59,44,5,7.26234272727743,0,1.33898305084746,0.0465949820788531,0.0245016611295681,0.0870436359089772,0,19.9,28.9
2022,REG+POST,00-0031763,D.Carter,DeAndre Carter,WR,WR,"https://static.www.nfl.com/image/private/f_auto,q_auto/league/mh4cvggohuakwwhobzrk",17,LAC,0,0,0,0,0,0,0,0,0,0,0,0,,0,,,2,-15,0,0,0,0,-3.10777262493502,0,48,68,555,3,1,1,591,211,30,14.263871988556,0,0.939086294416244,0.0972818311874106,0.136426592797784,0.241421361739565,0,70.0,118.0
2022,REG+POST,00-0031787,J.Kumerow,Jake Kumerow,WR,WR,"https://static.www.nfl.com/image/private/f_auto,q_auto/league/lrfqprrjgaeaicqsd0f9",4,BUF,0,0,0,0,0,0,0,0,0,0,0,0,,0,,,0,0,0,0,0,0,,0,4,7,64,0,0,0,90,17,4,2.8402738700388,0,0.711111111111111,0.0454545454545455,0.0664697193500739,0.11471062172687,0,6.4,10.4
2022,REG+POST,00-0031800,T.Heinicke,Taylor Heinicke,QB,QB,"https://static.www.nfl.com/image/private/f_auto,q_auto/league/r9uju522lkr3sq3vwgft",9,WAS,161,259,1859,12,6,19,141,6,5,2146,772,93,-12.7109937517172,0,0.866262814538677,0.0545112650490269,28,96,1,1,0,6,-4.39168699807487,0,0,0,0,0,0,0,0,0,0,,0,,,,,0,115.96,115.96
2022,REG+POST,00-0031806,M.Brown,Malcolm Brown,RB,RB,"https://static.www.nfl.com/image/private/f_auto,q_auto/league/zxnjheichwlnvvu5qdyl",7,LA,0,0,0,0,0,0,0,0,0,0,0,0,,0,,,18,81,1,0,0,3,-0.493505536956112,0,5,6,37,0,0,0,-2,37,2,1.21742315857621,0,-18.5,0.0431654676258993,-0.0023201856148491,0.0631240715084545,0,17.8,22.8
2022,REG+POST,00-0031868,D.Byrd,Damiere Byrd,WR,WR,"https://static.www.nfl.com/image/private/f_auto,q_auto/league/cskulleqxehtrgkqsl3u",12,ATL,0,0,0,0,0,0,0,0,0,0,0,0,,0,,,0,0,0,0,0,0,,0,13,23,268,2,0,0,468,105,9,7.55848043691367,0,0.572649572649573,0.0804195804195804,0.180069257406695,0.246677850814057,0,38.8,51.8
2022,REG+POST,00-0031941,J.Crowder,Jamison Crowder,WR,WR,"https://static.www.nfl.com/image/private/f_auto,q_auto/league/glmuevjuy3coqf1t3rqj",4,BUF,0,0,0,0,0,0,0,0,0,0,0,0,,0,,,0,0,0,0,0,0,,0,6,13,60,0,0,0,121,30,4,-1.09648315241793,0,0.495867768595041,0.0807453416149068,0.108910891089109,0.197355636184737,0,6.0,12.0
2022,REG+POST,00-0032054,B.Perriman,Breshad Perriman,WR,WR,"https://static.www.nfl.com/image/private/f_auto,q_auto/league/zpwov1n42bi5lsqdlxhh",8,TB,0,0,0,0,0,0,0,0,0,0,0,0,,0,,,2,-7,0,1,0,0,-3.58613551943563,0,9,19,110,1,1,1,269,52,5,-2.42569567066368,0,0.408921933085502,0.0614886731391586,0.121280432822363,0.177129312684392,0,14.3,23.3
2022,REG+POST,00-0032058,T.Coleman,Tevin Coleman,RB,RB,"https://static.www.nfl.com/image/private/f_auto,q_auto/league/wiu4r7bvhcafs9vamqc",2,SF,0,0,0,0,0,0,0,0,0,0,0,0,,0,,,12,26,1,0,0,2,-6.32914067406091,0,3,3,44,1,0,0,24,20,2,5.23090341221541,0,1.83333333333333,0.1,0.104347826086957,0.22304347826087,0,19.0,22.0
2022,REG+POST,00-0032062,B.Bell,Blake Bell,TE,TE,"https://static.www.nfl.com/image/private/f_auto,q_auto/league/eqrmmjto8koqqc9j2kjj",3,KC,0,0,0,0,0,0,0,0,0,0,0,0,,0,,,0,0,0,0,0,0,,0,3,4,24,1,0,0,25,8,1,0.968043552886229,0,0.96,0.04,0.0504032258064516,0.0952822580645161,0,8.4,11.4
2022,REG+POST,00-0032063,M.Davis,Mike Davis,RB,RB,"https://static.www.nfl.com/image/private/f_auto,q_auto/league/csrqinegeyunycijua2q",5,BAL,0,0,0,0,0,0,0,0,0,0,0,0,,0,,,8,18,0,1,0,1,-2.99710205767769,0,2,2,4,0,0,0,-7,11,0,-1.04041778226383,0,-0.571428571428571,0.037037037037037,-0.0196629213483146,0.0417915106117353,0,2.2,4.2
2022,REG+POST,00-0032104,A.Abdullah,Ameer Abdullah,RB,RB,"https://static.www.nfl.com/image/private/f_auto,q_auto/league/cvjebibvlvv8bclqyc8a",13,LV,0,0,0,0,0,0,0,0,0,0,0,0,,0,,,4,20,0,0,0,2,-0.311809271416516,0,25,32,211,1,0,0,95,195,8,-1.78385341972612,0,2.22105263157895,0.0747663551401869,0.0240141557128413,0.128959441709269,0,29.1,54.1
2022,REG+POST,00-0032128,C.Conley,Chris Conley,WR,WR,"https://static.www.nfl.com/image/private/f_auto,q_auto/league/wddhtkz5tmo47x5s3qnq",4,TEN,0,0,0,0,0,0,0,0,0,0,0,0,,0,,,0,0,0,0,0,0,,0,4,7,46,0,0,0,87,3,2,0.425145412911661,0,0.528735632183908,0.0619469026548673,0.0936490850376749,0.158474713508673,0,4.6,8.6
2022,REG+POST,00-0032134,C.Uzomah,C.J. Uzomah,TE,TE,"https://static.www.nfl.com/image/private/f_auto,q_auto/league/hnkflpl5pzbfbdvtcv1c",12,NYJ,0,0,0,0,0,0,0,0,0,0,0,0,,0,,,0,0,0,0,0,0,,0,21,27,232,2,0,0,196,105,10,11.2493308015983,0,1.18367346938776,0.0669975186104218,0.0564516129032258,0.140012406947891,0,35.2,56.2
2022,REG+POST,00-0032141,G.Swaim,Geoff Swaim,TE,TE,"https://static.www.nfl.com/image/upload/f_auto,q_auto/league/hx9yaocl4a6owbwaqajy",11,TEN,0,0,0,0,0,0,0,0,0,0,0,0,,0,,,0,0,0,0,0,0,,0,12,16,58,1,0,0,34,43,4,-1.83233407067019,0,1.70588235294118,0.0521172638436482,0.0155891792755617,0.0890883212583655,0,11.8,23.8
2022,REG+POST,00-0032144,M.Gordon,Melvin Gordon,RB,RB,"https://static.www.nfl.com/image/private/f_auto,q_auto/league/i4g8x7yotpgszlyanow0",10,DEN,0,0,0,0,0,0,0,0,0,0,0,0,,0,,,90,318,2,4,2,15,-29.6152288955781,0,25,32,223,0,1,0,23,206,11,1.00037961599717,0,9.69565217391304,0.105960264900662,0.0083363537513591,0.164775844976945,0,62.1,87.1
2022,REG+POST,00-0032156,T.Siemian,Trevor Siemian,QB,QB,"https://static.www.nfl.com/image/private/f_auto,q_auto/league/vmksfbms9zefxezf39sb",2,CHI,15,26,184,1,1,2,14,0,0,171,116,7,-7.15439133248344,0,1.07602339181287,-0.0037520593494666,4,8,0,0,0,1,-0.866518765920773,0,0,0,0,0,0,0,0,0,0,,0,,,,,0,10.16,10.16
2022,REG+POST,00-0032187,D.Johnson,David Johnson,RB,RB,"https://static.www.nfl.com/image/private/f_auto,q_auto/league/y7dtsyyjnoafefkbylbb",4,NO,0,0,0,0,0,0,0,0,0,0,0,0,,0,,,12,24,0,1,1,0,-9.87764541426441,0,4,4,47,0,0,0,1,46,3,4.50000761065166,0,47.0,0.0606060606060606,0.0018315018315018,0.0921911421911422,0,5.1,9.1
2022,REG+POST,00-0032200,T.Montgomery,Ty Montgomery,WR,WR,"https://static.www.nfl.com/image/private/f_auto,q_auto/league/eagn4fvhnc9cp3wxeqoz",1,NE,0,0,0,0,0,0,0,0,0,0,0,0,,0,,,2,-2,0,0,0,0,-3.09117927588522,0,3,4,15,1,0,0,13,7,1,2.18084644415649,0,1.15384615384615,0.133333333333333,0.0465949820788531,0.232616487455197,0,7.3,10.3
2022,REG+POST,00-0032208,P.Dorsett,Phillip Dorsett,WR,WR,"https://static.www.nfl.com/image/private/f_auto,q_auto/league/g69i8oxbeeqpjz5kvoqo",14,HOU,0,1,0,0,0,0,0,0,0,12,0,0,-0.536111096618697,0,0.0,,0,0,0,0,0,0,,0,20,40,257,1,0,0,445,62,11,-3.7097915057485,0,0.577528089887641,0.0871459694989107,0.133113969488483,0.223898732890304,0,31.7,51.7
2022,REG+POST,00-0032211,T.Lockett,Tyler Lockett,WR,WR,"https://static.www.nfl.com/image/private/f_auto,q_auto/league/f9wttnkcqc2scahf9oth",17,SEA,0,0,0,0,0,0,0,0,0,0,0,0,,0,,,0,0,0,0,0,0,,0,90,125,1072,9,1,1,1298,278,53,37.0834007367669,0,0.825885978428351,0.227686703096539,0.299630655586334,0.551271513555243,0,159.2,249.2
2022,REG+POST,00-0032214,T.Kroft,Tyler Kroft,TE,TE,"https://static.www.nfl.com/image/private/f_auto,q_auto/league/ztko1uhl01ebiutefibj",4,SF,0,0,0,0,0,0,0,0,0,0,0,0,,0,,,0,0,0,0,0,0,,0,4,5,57,0,0,0,70,14,2,2.7225315925898,0,0.814285714285714,0.0423728813559322,0.0875,0.124809322033898,0,5.7,9.7
2022,REG+POST,00-0032257,D.Johnson,Duke Johnson,RB,RB,"https://static.www.nfl.com/image/private/f_auto,q_auto/league/hf7lxjjesduggqdfktsg",1,BUF,0,0,0,0,0,0,0,0,0,0,0,0,,0,,,2,4,0,0,0,1,-0.967043306212872,0,0,0,0,0,0,0,0,0,0,,0,,,,,0,0.4,0.4
2022,REG+POST,00-0032268,M.Mariota,Marcus Mariota,QB,QB,"https://static.www.nfl.com/image/private/f_auto,q_auto/league/dpbdwpmpd9vht8hzqqq6",13,ATL,184,300,2219,15,9,28,195,4,1,3093,912,111,6.05363550723857,2,0.71742644681539,0.0716381997332327,85,438,4,4,2,30,9.89377344716922,0,0,0,0,0,0,0,0,0,0,,0,,,,,0,196.56,196.56
2022,REG+POST,00-0032385,S.Shepard,Sterling Shepard,WR,WR,"https://static.www.nfl.com/image/private/f_auto,q_auto/league/qbsz1nkk6lnudmcwimer",3,NYG,0,0,0,0,0,0,0,0,0,0,0,0,,0,,,0,0,0,0,0,0,,0,13,24,154,1,0,0,225,55,4,-3.12675365246259,0,0.684444444444444,0.282352941176471,0.422932330827068,0.719582043343653,0,21.4,34.4
2022,REG+POST,00-0032392,A.Hooper,Austin Hooper,TE,TE,"https://static.www.nfl.com/image/private/f_auto,q_auto/league/jp2z8s6pcanbitupycwc",17,TEN,0,0,0,0,0,0,0,0,0,0,0,0,,0,,,0,0,0,0,0,0,,0,41,60,444,2,0,0,480,130,28,26.1507010481437,0,0.925,0.137614678899083,0.143497757847534,0.306870448841897,0,56.4,97.4
2022,REG+POST,00-0032394,N.Vannett,Nick Vannett,TE,TE,"https://static.www.nfl.com/image/private/f_auto,q_auto/league/cccwwxb6tvsfhm3ylqul",5,NYG,0,0,0,0,0,0,0,0,0,0,0,0,,0,,,0,0,0,0,0,0,,0,6,9,55,0,0,0,31,32,1,1.29159545726725,0,1.7741935483871,0.0532544378698225,0.0270034843205575,0.098784095829124,0,5.5,11.5
2022,REG+POST,00-0032398,C.Moore,Chris Moore,WR,WR,"https://static.www.nfl.com/image/private/f_auto,q_auto/league/tov68mj1pddkbfsfuajn",15,HOU,0,0,0,0,0,0,0,0,0,0,0,0,,0,,,3,3,0,0,0,0,-1.94801061437465,0,48,74,548,2,0,0,639,267,24,7.1283274100244,0,0.857589984350548,0.146825396825397,0.170127795527157,0.339327552107105,0,67.1,115.1
2022,REG+POST,00-0032434,B.Allen,Brandon Allen,QB,QB,"https://static.www.nfl.com/image/private/f_auto,q_auto/league/bru1tv2adumstssu7bqw",1,CIN,3,3,22,0,0,1,0,0,0,10,12,1,-0.688253925150088,0,2.2,,3,-1,0,0,0,1,0.4678962926846,0,0,0,0,0,0,0,0,0,0,,0,,,,,0,0.78,0.78
2022,REG+POST,00-0032436,J.Driskel,Jeff Driskel,QB,QB,"https://static.www.nfl.com/image/private/f_auto,q_auto/league/vs04xemcmwboamd8fpas",7,HOU,14,20,108,1,0,2,13,0,0,45,79,5,-2.01134103001095,0,2.4,0.0045604709491597,20,75,0,0,0,4,-9.0451984051615,0,1,1,4,0,0,0,-3,7,0,-0.106663251994178,0,0.0,0.0344827586206897,-0.0104166666666667,0.0444324712643678,0,16.22,17.22
2022,REG+POST,00-0032437,K.Grugier-Hill,Kamu Grugier-Hill,ILB,LB,"https://static.www.nfl.com/image/private/f_auto,q_auto/league/xwbgovhlzpkahi8bxbkr",1,ARI,0,0,0,0,0,0,0,0,0,0,0,0,,0,,,0,0,0,0,0,0,,0,1,1,4,0,0,0,0,4,1,2.86447695572861,0,0.0,0.0238095238095238,,,0,0.4,1.4
2022,REG+POST,00-0032450,D.Washington,Dwayne Washington,RB,RB,"https://static.www.nfl.com/image/private/f_auto,q_auto/league/h1nintlpbk2zyxerjpy4",3,NO,0,0,0,0,0,0,0,0,0,0,0,0,,0,,,11,38,0,0,0,2,-3.34099882701412,0,1,1,7,0,0,0,1,6,0,0.539168989285827,0,7.0,0.0357142857142857,0.0051546391752577,0.057179675994109,0,4.5,5.5
2022,REG+POST,00-0032464,K.Raymond,Kalif Raymond,WR,WR,"https://static.www.nfl.com/image/private/f_auto,q_auto/league/q2kahfn76dnnb1uxxorv",16,DET,0,0,0,0,0,0,0,0,0,0,0,0,,0,,,7,36,0,0,0,4,2.29914031043882,0,47,64,616,0,1,1,638,218,24,21.0215312392559,0,0.96551724137931,0.120982986767486,0.171045576407507,0.301206383636483,1,69.2,116.2
2022,REG+POST,00-0032496,M.Farley,Matthias Farley,FS,DB,"https://static.www.nfl.com/image/private/f_auto,q_auto/league/yz4nj2cu0emfjudr3ofz",1,LV,0,0,0,0,0,0,0,0,0,0,0,0,,0,,,1,-3,0,0,0,0,-4.07862847321667,0,0,0,0,0,0,0,0,0,0,,0,,,,,0,-0.3,-0.3
2022,REG+POST,00-0032602,J.McKissic,J.D. McKissic,RB,RB,"https://static.www.nfl.com/image/private/f_auto,q_auto/league/zi77vkqwrmklt5ic6lc6",8,WAS,0,0,0,0,0,0,0,0,0,0,0,0,,0,,,22,95,0,0,0,5,-3.98311869439203,0,27,40,173,0,0,0,50,152,7,-17.9022390917114,1,3.46,0.138888888888889,0.0229673863114378,0.22441050375134,0,28.8,55.8
2022,REG+POST,00-0032688,R.Chosen,Robbie Chosen,WR,WR,"https://static.www.nfl.com/image/private/f_auto,q_auto/league/hkcncqfwusv19fah3mbt",12,ARI,0,0,0,0,0,0,0,0,0,0,0,0,,0,,,0,0,0,0,0,0,,0,20,44,282,1,1,1,625,92,10,-7.14459592348423,0,0.4512,0.110275689223058,0.210154673839946,0.312521805522549,0,32.2,52.2
2022,REG+POST,00-0032725,S.Anderson,Stephen Anderson,TE,TE,"https://static.www.nfl.com/image/private/f_auto,q_auto/league/inufsxftnotmpeot1lh2",5,ARI,0,0,0,0,0,0,0,0,0,0,0,0,,0,,,0,0,0,0,0,0,,0,3,7,9,0,0,0,36,6,0,-3.2955367397517,0,0.25,0.0338164251207729,0.0330578512396694,0.073865133548928,0,0.9,3.9
2022,REG+POST,00-0032764,D.Henry,Derrick Henry,RB,RB,"https://static.www.nfl.com/image/private/f_auto,q_auto/league/xpewyoieoj7zeub4fvff",16,TEN,2,2,4,1,0,0,0,0,0,-1,5,1,0.466456600755919,0,0.0,,349,1538,13,4,2,65,-22.3112961681327,0,33,41,398,0,2,1,-7,397,11,14.1242161252085,0,-56.8571428571429,0.113259668508287,-0.0028432168968318,0.167899250934649,0,269.76,302.76
2022,REG+POST,00-0032765,M.Thomas,Michael Thomas,WR,WR,"https://static.www.nfl.com/image/private/f_auto,q_auto/league/sxldsbuw65hfmkzqhw96",3,NO,0,0,0,0,0,0,0,0,0,0,0,0,,0,,,0,0,0,0,0,0,,0,16,22,171,3,0,0,237,21,13,16.6963073176448,0,0.721518987341772,0.198198198198198,0.183720930232558,0.425901948460088,0,35.1,51.1
2022,REG+POST,00-0032775,D.Robinson,Demarcus Robinson,WR,WR,"https://static.www.nfl.com/image/private/f_auto,q_auto/league/ceqqkylismka583qo9kk",17,BAL,0,0,0,0,0,0,0,0,0,0,0,0,,0,,,0,0,0,0,0,0,,0,50,78,507,3,2,1,714,165,24,7.57831583980203,0,0.710084033613445,0.163522012578616,0.181080395637839,0.372039295814412,0,66.7,116.7
2022,REG+POST,00-0032780,J.Howard,Jordan Howard,RB,RB,"https://static.www.nfl.com/image/private/f_auto,q_auto/league/nbvb6bsrmjupmqrrf1n4",1,NO,0,0,0,0,0,0,0,0,0,0,0,0,,0,,,1,1,0,0,0,0,-0.476197482086718,0,0,0,0,0,0,0,0,0,0,,0,,,,,0,0.1,0.1
2022,REG+POST,00-0032792,N.Sudfeld,Nate Sudfeld,QB,QB,"https://static.www.nfl.com/image/private/f_auto,q_auto/league/it5e3w2ufgfp7sc5wgo2",2,DET,0,0,0,0,0,1,7,0,0,0,0,0,-0.898727806800917,0,,,5,-4,0,0,0,0,-3.48128269147128,0,0,0,0,0,0,0,0,0,0,,0,,,,,0,-0.4,-0.4
2022,REG+POST,00-0032807,C.Fejedelem,Clayton Fejedelem,SS,DB,"https://static.www.nfl.com/image/private/f_auto,q_auto/league/mlxzah8tensxhgwc7z3x",1,MIA,0,0,0,0,0,0,0,0,0,0,0,0,,0,,,1,0,0,0,0,0,-3.7733009463409,0,0,0,0,0,0,0,0,0,0,,0,,,,,0,0.0,0.0
2022,REG+POST,00-0032897,D.Watt,Derek Watt,FB,RB,"https://static.www.nfl.com/image/private/f_auto,q_auto/league/jrhk6npb7u3tmgzt7rwn",10,PIT,0,0,0,0,0,0,0,0,0,0,0,0,,0,,,9,21,1,0,0,8,2.38827717225649,0,5,5,11,1,0,0,7,4,1,1.58896583685419,0,1.57142857142857,0.0342465753424658,0.0069375619425173,0.0562261563734608,0,15.2,20.2
2022,REG+POST,00-0032918,C.Ham,C.J. Ham,FB,RB,"https://static.www.nfl.com/image/private/f_auto,q_auto/league/oyy0xpxazac9lbt7z8zm",9,MIN,0,0,0,0,0,0,0,0,0,0,0,0,,0,,,4,7,2,0,0,3,1.08524454693543,0,10,12,86,0,0,0,63,56,7,5.69074236450251,0,1.36507936507937,0.0434782608695652,0.0284296028880866,0.0851181133260085,0,21.3,31.3
2022,REG+POST,00-0032943,R.Dixon,Riley Dixon,P,SPEC,"https://static.www.nfl.com/image/private/f_auto,q_auto/league/qummyltudg8zskn0si4v",2,LA,2,2,18,0,0,0,0,0,0,10,8,2,5.38675398379564,0,1.8,,0,0,0,0,0,0,,0,0,0,0,0,0,0,0,0,0,,0,,,,,0,0.72,0.72
2022,REG+POST,00-0032950,C.Wentz,Carson Wentz,QB,QB,"https://static.www.nfl.com/image/private/f_auto,q_auto/league/indtay8ngoq8ubhhydbp",8,WAS,172,276,1755,11,9,26,159,4,1,2147,826,85,-37.292652139748,2,0.817419655333023,0.0100313623946619,22,86,1,2,0,4,6.07498571026905,0,0,0,0,0,0,0,0,0,0,,0,,,,,0,112.8,112.8
2022,REG+POST,00-0032951,L.Treadwell,Laquon Treadwell,WR,WR,"https://static.www.nfl.com/image/private/f_auto,q_auto/league/k5zobcutuqqnd1cxqplo",3,SEA,0,0,0,0,0,0,0,0,0,0,0,0,,0,,,0,0,0,0,0,0,,0,6,10,42,0,0,0,52,11,3,-3.09943167955498,0,0.807692307692308,0.0970873786407767,0.0656565656565657,0.191590663920761,0,4.2,10.2
2022,REG+POST,00-0032958,W.Parks,Will Parks,FS,DB,"https://static.www.nfl.com/image/private/f_auto,q_auto/league/lfhinmy4ca72xl7c9ead",1,NYJ,0,0,0,0,0,0,0,0,0,0,0,0,,0,,,0,0,0,0,0,0,,0,0,0,0,0,0,0,0,0,0,,0,,,,,1,6.0,6.0
2022,REG+POST,00-0032975,J.Williams,Jonathan Williams,RB,RB,"https://static.www.nfl.com/image/private/f_auto,q_auto/league/dnlboggtjcflj9fxauub",7,WAS,0,0,0,0,0,0,0,0,0,0,0,0,,0,,,37,152,0,0,0,6,-7.74118973047007,0,7,10,40,0,0,0,-1,38,2,-2.86584090021185,0,-40.0,0.125,-0.0014164305949008,0.186508498583569,0,19.2,26.2
2022,REG+POST,00-0032980,M.Johnson,Marcus Johnson,WR,WR,"https://static.www.nfl.com/image/private/f_auto,q_auto/league/pwq2yi4ewqtsx6buynay",6,NYG,0,0,0,0,0,0,0,0,0,0,0,0,,0,,,0,0,0,0,0,0,,0,10,23,116,0,0,0,250,36,7,-2.15484676280175,0,0.464,0.131428571428571,0.214592274678112,0.347357449417535,0,11.6,21.6
2022,REG+POST,00-0033009,T.Boyd,Tyler Boyd,WR,WR,"https://static.www.nfl.com/image/private/f_auto,q_auto/league/vconwllovf9jqxpu9mow",19,CIN,1,1,23,0,0,1,12,0,0,21,2,1,0.607288444065489,0,1.0952380952381,,0,0,0,0,0,0,,0,64,89,851,5,0,0,854,263,46,37.8883324949415,1,0.996487119437939,0.128057553956835,0.176555716353111,0.31567533238243,0,118.02,182.02
2022,REG+POST,00-0033040,T.Hill,Tyreek Hill,WR,WR,"https://static.www.nfl.com/image/private/f_auto,q_auto/league/lsszbdnkusxc7mduw5be",18,MIA,0,0,0,0,0,0,0,0,0,0,0,0,,0,,,9,37,1,0,0,4,1.79559457948199,0,126,185,1779,7,1,0,2263,517,81,61.1578988381918,1,0.786124613345117,0.306291390728477,0.395629370629371,0.736377645533275,0,231.6,357.6
2022,REG+POST,00-0033045,E.Elliott,Ezekiel Elliott,RB,RB,"https://static.www.nfl.com/image/upload/f_auto,q_auto/league/qf0zgze0wkbvu9rlvolf",17,DAL,0,0,0,0,0,0,0,0,0,0,0,0,,0,,,254,929,12,0,0,57,-16.8731250067216,0,20,29,108,0,0,0,4,107,4,-5.49147408005742,0,27.0,0.0627705627705628,0.0011392765593847,0.0949533377474135,0,175.7,195.7
2022,REG+POST,00-0033057,J.Conklin,Jack Conklin,T,OL,"https://static.www.nfl.com/image/private/f_auto,q_auto/league/tg2hruqbauvko19mhttj",1,CLE,0,0,0,0,0,0,0,0,0,0,0,0,,0,,,0,0,0,0,0,0,,0,0,1,0,0,0,0,-9,0,0,-1.5234388965182,0,0.0,0.0625,-0.0865384615384615,0.0331730769230769,0,0.0,0.0
2022,REG+POST,00-0033077,D.Prescott,Dak Prescott,QB,QB,"https://static.www.nfl.com/image/private/f_auto,q_auto/league/knx0jxponzfkusnyvjkn",14,DAL,309,464,3371,28,17,22,134,3,0,3794,1418,167,59.6578685545858,0,0.888508170795994,0.122315579719324,56,228,2,1,1,23,13.349164971034,0,0,0,0,0,0,0,0,0,0,,0,,,,,0,245.64,245.64
2022,REG+POST,00-0033090,H.Henry,Hunter Henry,TE,TE,"https://static.www.nfl.com/image/private/f_auto,q_auto/league/sdjob9akppefyo7py5tj",16,NE,0,0,0,0,0,0,0,0,0,0,0,0,,0,,,0,0,0,0,0,0,,0,41,59,509,2,0,0,454,203,23,13.6645983299493,0,1.12114537444934,0.121149897330596,0.122769064359113,0.267663191047272,0,62.9,103.9
2022,REG+POST,00-0033106,J.Goff,Jared Goff,QB,QB,"https://static.www.nfl.com/image/private/f_auto,q_auto/league/nyitt4ybuzopzjzddafi",17,DET,382,587,4438,29,7,23,156,5,3,4129,2285,227,100.964675717449,1,1.07483652216033,0.108264963502557,29,73,0,2,1,5,-17.0933180844877,1,1,1,5,0,0,0,-4,9,0,-0.100160441885237,0,0.0,0.027027027027027,-0.0149812734082397,0.0300536491547728,0,283.32,284.32
2022,REG+POST,00-0033110,T.Higbee,Tyler Higbee,TE,TE,"https://static.www.nfl.com/image/private/f_auto,q_auto/league/vk9c6lr4d1pdt9sr86ua",16,LA,0,0,0,0,0,0,0,0,0,0,0,0,,0,,,0,0,0,0,0,0,,0,72,108,620,3,0,0,327,404,32,4.88517885854043,0,1.8960244648318,0.219066937119675,0.0989110707803993,0.397838155225793,0,80.0,152.0
2022,REG+POST,00-0033111,P.Cooper,Pharoh Cooper,WR,WR,"https://static.www.nfl.com/image/private/f_auto,q_auto/league/mnsqfcfqiehw5aocr1lg",2,ARI,0,0,0,0,0,0,0,0,0,0,0,0,,0,,,4,15,0,0,0,0,-0.493627122545149,0,2,2,6,0,0,0,-6,12,0,-0.779109605588019,0,0.0,0.0740740740740741,-0.0333333333333333,0.0877777777777778,0,2.1,4.1
2022,REG+POST,00-0033114,M.Thomas,Mike Thomas,WR,WR,"https://static.www.nfl.com/image/private/f_auto,q_auto/league/sytj4awk8kseyootqzec",4,CIN,0,0,0,0,0,0,0,0,0,0,0,0,,0,,,0,0,0,0,0,0,,0,2,10,38,0,0,0,122,24,1,-4.9359947583871,1,0.311475409836066,0.0632911392405063,0.124489795918367,0.182079566003617,0,5.8,7.8
2022,REG+POST,00-0033118,K.Drake,Kenyan Drake,RB,RB,"https://static.www.nfl.com/image/private/f_auto,q_auto/league/rp5apwel9vuk49b4lykn",12,BAL,0,0,0,0,0,0,0,0,0,0,0,0,,0,,,109,482,4,1,0,21,-12.4995593839561,0,17,26,89,1,0,0,-16,125,7,-5.92372207028029,0,-5.5625,0.082018927444795,-0.0060744115413819,0.118776303088225,0,87.1,104.1
2022,REG+POST,00-0033119,J.Brissett,Jacoby Brissett,QB,QB,"https://static.www.nfl.com/image/private/f_auto,q_auto/league/wapkj7gxu9waxattqkok",14,CLE,236,369,2608,12,6,24,160,5,3,3221,1063,129,19.6926323235028,0,0.809686432784849,0.104741006127396,49,243,2,1,1,28,19.8364092626725,0,0,0,0,0,0,0,0,0,0,,0,,,,,0,168.62,168.62
2022,REG+POST,00-0033217,M.Alie-Cox,Mo Alie-Cox,TE,TE,"https://static.www.nfl.com/image/private/f_auto,q_auto/league/vaiszuzdtyszme2bkfxv",14,IND,0,0,0,0,0,0,0,0,0,0,0,0,,0,,,0,0,0,0,0,0,,0,19,28,189,3,1,1,151,99,9,-1.58543802159306,0,1.25165562913907,0.0615384615384615,0.0492016943629847,0.126748878361782,0,34.9,53.9
2022,REG+POST,00-0033246,J.Mundt,Johnny Mundt,TE,TE,"https://static.www.nfl.com/image/private/f_auto,q_auto/league/ugqymsoitijokzaup39n",14,MIN,0,0,0,0,0,0,0,0,0,0,0,0,,0,,,0,0,0,0,0,0,,0,20,22,152,1,0,0,29,129,10,6.19045653657933,0,5.24137931034483,0.0420650095602294,0.0124516960068699,0.0718137015451531,0,21.2,41.2
2022,REG+POST,00-0033251,Z.Pascal,Zach Pascal,WR,WR,"https://static.www.nfl.com/image/private/f_auto,q_auto/league/dnb115czpwythbso8avp",15,PHI,0,0,0,0,0,0,0,0,0,0,0,0,,0,,,1,0,0,0,0,0,-3.61139016505331,0,18,23,165,1,0,0,136,88,10,0.95393766410416,0,1.21323529411765,0.0519187358916479,0.0367269781258439,0.103586988525563,0,22.5,40.5
2022,REG+POST,00-0033275,P.Walker,P.J. Walker,QB,QB,"https://static.www.nfl.com/image/private/f_auto,q_auto/league/cmuf0gtzectijxrktpg2",6,CAR,63,106,731,3,3,7,46,0,0,837,408,30,-19.9319120359565,0,0.873357228195938,-0.0178655062982592,6,39,0,0,0,3,1.4318556173821,0,0,0,0,0,0,0,0,0,0,,0,,,,,0,39.14,39.14
2022,REG+POST,00-0033280,C.McCaffrey,Christian McCaffrey,RB,RB,"https://static.www.nfl.com/image/private/f_auto,q_auto/league/navqer4chxxut5povzzw",20,SF,1,2,34,1,0,0,0,0,0,70,3,1,3.23380620765965,0,0.485714285714286,,284,1377,10,1,0,73,8.8390284497023,0,97,122,802,6,0,0,152,756,40,20.7012325051094,0,5.27631578947368,0.213660245183888,0.0395936441781714,0.348205918700552,0,319.26,416.26
2022,REG+POST,00-0033282,C.Samuel,Curtis Samuel,WR,WR,"https://static.www.nfl.com/image/private/f_auto,q_auto/league/r71vsqs2fg7bvbt1jvzd",17,WAS,0,0,0,0,0,0,0,0,0,0,0,0,,0,,,38,187,1,1,1,11,-2.28349388809875,0,64,92,656,4,0,0,615,289,36,25.6837584199335,0,1.06666666666667,0.180746561886051,0.152795031055901,0.378076364568207,0,112.3,176.3
2022,REG+POST,00-0033288,G.Kittle,George Kittle,TE,TE,"https://static.www.nfl.com/image/private/f_auto,q_auto/league/bwx6bvkrxog0yf4h6fw1",18,SF,0,0,0,0,0,0,0,0,0,0,0,0,,0,,,1,4,0,0,0,0,-0.0481198281049728,0,70,97,929,11,1,1,659,440,43,50.4595202947296,1,1.40971168437026,0.185823754789272,0.181043956043956,0.405466401414677,0,159.3,229.3
2022,REG+POST,00-0033292,T.Taylor,Trent Taylor,WR,WR,"https://static.www.nfl.com/image/upload/f_auto,q_auto/league/wmb3t9vro76zykcac2tb",6,CIN,0,0,0,0,0,0,0,0,0,0,0,0,,0,,,4,15,0,0,0,0,-2.15683698910289,0,6,10,62,0,0,0,45,43,1,-0.339048850492868,0,1.37777777777778,0.0591715976331361,0.0391304347826087,0.11614870079753,0,7.7,13.7
2022,REG+POST,00-0033293,A.Jones,Aaron Jones,RB,RB,"https://static.www.nfl.com/image/private/f_auto,q_auto/league/oo8yixhsahh4gznox7th",17,GB,0,0,0,0,0,0,0,0,0,0,0,0,,0,,,213,1121,2,3,1,54,12.0849981251231,0,59,72,395,5,2,2,-16,477,19,-3.31527356533815,1,-24.6875,0.133333333333333,-0.003836010549029,0.19731479261568,0,189.6,248.6
2022,REG+POST,00-0033307,K.Bourne,Kendrick Bourne,WR,WR,"https://static.www.nfl.com/image/private/f_auto,q_auto/league/vrovcaqql9p6xsycko83",16,NE,0,0,0,0,0,0,0,0,0,0,0,0,,0,,,6,39,0,0,0,2,-1.61797055107309,0,35,48,434,1,2,0,493,145,22,13.3774060829416,0,0.880324543610548,0.0979591836734694,0.134589134589135,0.241151169722598,0,53.3,88.3
2022,REG+POST,00-0033308,M.Breida,Matt Breida,RB,RB,"https://static.www.nfl.com/image/private/f_auto,q_auto/league/rc4m1xw0xmtsrxswd0bg",19,NYG,0,0,0,0,0,0,0,0,0,0,0,0,,0,,,61,251,2,0,0,15,2.70195065237931,0,21,26,137,0,0,0,66,100,6,-0.0285771886334401,0,2.07575757575758,0.0668380462724936,0.0286085825747724,0.120283077211081,0,50.8,71.8
2022,REG+POST,00-0033319,N.Mullens,Nick Mullens,QB,QB,"https://static.www.nfl.com/image/private/f_auto,q_auto/league/ocu10coxszfcauzh406s",4,MIN,21,25,224,1,1,0,0,0,0,170,117,11,12.4374951408125,0,1.31764705882353,0.272799888239892,4,8,0,0,0,1,-0.73016030486906,0,0,0,0,0,0,0,0,0,0,,0,,,,,0,11.76,11.76
2022,REG+POST,00-0033357,T.Hill,Taysom Hill,QB,QB,"https://static.www.nfl.com/image/private/f_auto,q_auto/league/pjp1aahvacigoh0sorpg",16,NO,13,19,240,2,0,2,14,0,0,254,102,11,12.5861815645576,0,0.944881889763779,0.20032052209767,96,575,7,1,0,34,18.0372638438648,0,9,13,77,2,0,0,75,37,5,2.59540246185119,0,1.02666666666667,0.0483271375464684,0.0432775533756492,0.102784993682657,0,136.8,145.8
2022,REG+POST,00-0033367,C.Board,C.J. Board,WR,WR,"https://static.www.nfl.com/image/private/f_auto,q_auto/league/pzshlaz0iihftpmg9imt",1,TEN,0,0,0,0,0,0,0,0,0,0,0,0,,0,,,0,0,0,0,0,0,,0,1,1,6,0,0,0,6,0,0,0.208609085937496,0,1.0,0.04,0.0365853658536585,0.085609756097561,0,0.6,1.6
2022,REG+POST,00-0033376,P.Ricard,Patrick Ricard,FB,RB,"https://static.www.nfl.com/image/private/f_auto,q_auto/league/wfjtva8ytwkmlcehbz4c",13,BAL,0,0,0,0,0,0,0,0,0,0,0,0,,0,,,7,16,0,0,0,5,-3.46921044116607,0,11,15,74,0,0,0,4,72,1,-5.73336969183778,0,18.5,0.0604838709677419,0.0025575447570332,0.0925160877815362,0,9.0,20.0
2022,REG+POST,00-0033386,C.Hollister,Cody Hollister,WR,WR,"https://static.www.nfl.com/image/private/f_auto,q_auto/league/naicfqo1ayh448qi86xq",4,TEN,0,0,0,0,0,0,0,0,0,0,0,0,,0,,,0,0,0,0,0,0,,0,3,5,54,0,0,0,78,8,2,-4.38358808981138,0,0.692307692307692,0.0694444444444445,0.121875,0.189479166666667,0,5.4,8.4
2022,REG+POST,00-0033439,P.Brown,Pharaoh Brown,TE,TE,"https://static.www.nfl.com/image/private/f_auto,q_auto/league/usqdlxj4jpqbtvsgaisk",7,CLE,0,0,0,0,0,0,0,0,0,0,0,0,,0,,,0,0,0,0,0,0,,0,12,20,117,0,0,0,128,83,6,-2.48874561622998,0,0.9140625,0.0833333333333333,0.0607210626185958,0.167504743833017,0,11.7,23.7
2022,REG+POST,00-0033455,A.Firkser,Anthony Firkser,TE,TE,"https://static.www.nfl.com/image/private/f_auto,q_auto/league/rta4x11kt1dt4hifufjq",8,ATL,0,0,0,0,0,0,0,0,0,0,0,0,,0,,,0,0,0,0,0,0,,0,9,13,100,0,0,0,108,20,5,2.51375165889613,0,0.925925925925926,0.0625,0.0517241379310345,0.129956896551724,0,10.0,19.0
2022,REG+POST,00-0033466,I.McKenzie,Isaiah McKenzie,WR,WR,"https://static.www.nfl.com/image/upload/f_auto,q_auto/league/gy6grhpxsegfgklfadte",16,BUF,0,0,0,0,0,0,0,0,0,0,0,0,,0,,,9,55,1,0,0,3,2.85099585144781,0,44,67,433,4,0,0,558,144,27,11.3997153015529,0,0.775985663082437,0.120720720720721,0.11186848436247,0.25938902013481,0,78.8,122.8
2022,REG+POST,00-0033481,M.Kemp,Marcus Kemp,WR,WR,"https://static.www.nfl.com/image/private/f_auto,q_auto/league/hetkew9ad3agbj8cq1r3",1,KC,0,0,0,0,0,0,0,0,0,0,0,0,,0,,,0,0,0,0,0,0,,0,1,1,13,0,0,0,11,2,1,1.22666133241728,0,1.18181818181818,0.024390243902439,0.0421455938697318,0.0660872815624708,0,1.3,2.3
2022,REG+POST,00-0033526,S.Perine,Samaje Perine,RB,RB,"https://static.www.nfl.com/image/private/f_auto,q_auto/league/kpdo0ztyzhjobhk4p29a",19,CIN,0,0,0,0,0,0,0,0,0,0,0,0,,0,,,109,452,3,0,0,26,-1.8976280101744,0,46,61,322,4,0,0,-1,372,13,1.98743215092248,0,-322.0,0.0877697841726619,-0.0002067397146991,0.131509958458703,0,119.4,165.4
2022,REG+POST,00-0033536,M.Williams,Mike Williams,WR,WR,"https://static.www.nfl.com/image/private/f_auto,q_auto/league/oaa76gdfwdhaum4b5qkh",13,LAC,0,0,0,0,0,0,0,0,0,0,0,0,,0,,,0,0,0,0,0,0,,0,63,93,895,4,0,0,1111,324,39,31.5843195004104,0,0.805580558055805,0.179883945841393,0.331246273106738,0.501698309936806,0,113.5,176.5
2022,REG+POST,00-0033537,D.Watson,Deshaun Watson,QB,QB,"https://static.www.nfl.com/image/private/f_auto,q_auto/league/otfs2docj6eahaebo5xn",6,CLE,99,170,1102,7,5,20,106,0,0,1214,530,53,-23.8906520442856,0,0.907742998352554,0.0150260704463542,36,175,1,1,0,10,6.22082442569081,0,0,0,0,0,0,0,0,0,0,,0,,,,,0,85.58,85.58
2022,REG+POST,00-0033550,D.Webb,Davis Webb,QB,QB,"https://static.www.nfl.com/image/private/f_auto,q_auto/league/rxvilxbyuvwvorzzxhxf",1,NYG,23,40,168,1,0,0,0,0,0,204,76,11,-1.51632553584138,0,0.823529411764706,0.0486251119559048,6,41,1,0,0,2,6.87574309034972,0,0,0,0,0,0,0,0,0,0,,0,,,,,0,20.82,20.82
2022,REG+POST,00-0033553,J.Conner,James Conner,RB,RB,"https://static.www.nfl.com/image/private/f_auto,q_auto/league/rmqdvrhlmhhyyrhp3vyu",13,ARI,0,0,0,0,0,0,0,0,0,0,0,0,,0,,,183,782,7,3,1,48,-2.47490814897124,0,46,58,300,1,0,0,-47,376,13,-6.05328836321329,0,-6.38297872340426,0.116,-0.0151956029744585,0.163363077917879,0,154.2,200.2
2022,REG+POST,00-0033555,M.Hollins,Mack Hollins,WR,WR,"https://static.www.nfl.com/image/private/f_auto,q_auto/league/fe6e0gnullhxbgt6ohhg",17,LV,1,1,4,0,0,0,0,0,0,-6,10,0,0.0511495949467644,0,0.0,,4,40,0,0,0,2,2.1589912319323,0,57,94,690,4,0,0,1196,192,34,31.4346878753665,0,0.576923076923077,0.168458781362007,0.228811938014157,0.412856528652921,0,97.16,154.16
2022,REG+POST,00-0033572,J.Agnew,Jamal Agnew,WR,WR,"https://static.www.nfl.com/image/private/f_auto,q_auto/league/at0skjo9xsjgobkvqqz5",16,JAX,0,0,0,0,0,0,0,0,0,0,0,0,,0,,,13,88,0,0,0,6,5.74206887246692,0,26,34,194,3,1,1,192,132,9,-0.0572754559629383,1,1.01041666666667,0.0609318996415771,0.0466585662211422,0.124058845817165,0,46.2,72.2
2022,REG+POST,00-0033576,E.Saubert,Eric Saubert,TE,TE,"https://static.www.nfl.com/image/upload/f_auto,q_auto/league/pitpti3erfxui0d2gdad",11,DEN,0,0,0,0,0,0,0,0,0,0,0,0,,0,,,0,0,0,0,0,0,,0,15,24,148,1,0,0,202,75,6,-2.87788909860767,0,0.732673267326733,0.062992125984252,0.0680363758841361,0.142113652095273,0,20.8,35.8
2022,REG+POST,00-0033591,N.Brown,Noah Brown,WR,WR,"https://static.www.nfl.com/image/upload/f_auto,q_auto/league/skdu8rnw7nwgxdkaonyi",17,DAL,0,0,0,0,0,0,0,0,0,0,0,0,,0,,,0,0,0,0,0,0,,0,47,78,594,3,1,1,805,162,27,1.94190499451528,0,0.737888198757764,0.13953488372093,0.18025078369906,0.335477874170737,0,75.4,122.4
2022,REG+POST,00-0033633,T.Gentry,Tanner Gentry,WR,WR,"https://static.www.nfl.com/image/private/f_auto,q_auto/league/ykdkdfncfuiirn9qsrk9",1,BUF,0,0,0,0,0,0,0,0,0,0,0,0,,0,,,0,0,0,0,0,0,,0,0,1,0,0,0,0,7,0,0,-0.789629820268601,0,0.0,0.0277777777777778,0.0154867256637168,0.0525073746312684,0,0.0,0.0
2022,REG+POST,00-0033662,C.Rush,Cooper Rush,QB,QB,"https://static.www.nfl.com/image/private/f_auto,q_auto/league/fu4tdizb3h6hofyszomi",8,DAL,94,162,1051,5,3,7,49,2,0,1247,455,52,-9.40141764110182,0,0.842822774659182,0.0093352181136054,9,6,0,0,0,1,-3.28913390773969,0,0,0,0,0,0,0,0,0,0,,0,,,,,0,56.64,56.64
2022,REG+POST,00-0033681,K.Cole,Keelan Cole,WR,WR,"https://static.www.nfl.com/image/private/f_auto,q_auto/league/djdjurxk3b6y347zirvz",9,LV,0,0,0,0,0,0,0,0,0,0,0,0,,0,,,0,0,0,0,0,0,,0,10,21,141,1,0,0,345,20,8,6.3162909479579,0,0.408695652173913,0.0686274509803922,0.118719889883001,0.186045099388689,0,20.1,30.1
2022,REG+POST,00-0033699,A.Ekeler,Austin Ekeler,RB,RB,"https://static.www.nfl.com/image/private/f_auto,q_auto/league/s1e7ejmmjkaxbv9zhvfl",18,LAC,0,0,0,0,0,0,0,0,0,0,0,0,,0,,,217,950,15,3,2,49,-3.48850600757075,0,109,131,730,5,2,1,-111,873,37,9.28459499870266,0,-6.57657657657658,0.179698216735254,-0.0243047952704182,0.252533968413588,0,282.0,391.0
2022,REG+POST,00-0033725,C.Clement,Corey Clement,RB,RB,"https://static.www.nfl.com/image/private/f_auto,q_auto/league/rrbdxl0frmnyr1qcgexd",4,ARI,0,0,0,0,0,0,0,0,0,0,0,0,,0,,,15,55,1,0,0,6,-0.753288354200777,0,5,7,54,0,0,0,-4,61,3,2.6042010479141,0,-13.5,0.0526315789473684,-0.0046893317702227,0.0756648361818967,0,16.9,21.9
2022,REG+POST,00-0033757,R.Tonyan,Robert Tonyan,TE,TE,"https://static.www.nfl.com/image/private/f_auto,q_auto/league/e4dqx11amod0silgghxw",17,GB,0,0,0,0,0,0,0,0,0,0,0,0,,0,,,0,0,0,0,0,0,,0,53,67,470,2,0,0,390,230,19,3.86189426366495,0,1.20512820512821,0.124074074074074,0.0887573964497041,0.248241288625904,0,59.0,112.0
2022,REG+POST,00-0033798,M.Schreck,Mason Schreck,TE,TE,"https://static.www.nfl.com/image/private/f_auto,q_auto/league/clgbpt0n6wqmkgaeeucy",2,HOU,0,0,0,0,0,0,0,0,0,0,0,0,,0,,,0,0,0,0,0,0,,0,2,2,6,0,0,0,6,0,0,-0.655501033295877,0,1.0,0.0338983050847458,0.0154639175257732,0.0616721998951599,0,0.6,2.6
2022,REG+POST,00-0033854,D.Ogunbowale,Dare Ogunbowale,RB,RB,"https://static.www.nfl.com/image/private/f_auto,q_auto/league/wolxjiszqovjppwhaojs",11,HOU,0,0,0,0,0,0,0,0,0,0,0,0,,0,,,42,123,1,0,0,10,-6.2720837788881,0,20,26,104,0,0,0,-11,124,5,-12.2376512020128,0,-9.45454545454546,0.0817610062893082,-0.0049172999552972,0.119199399465254,0,28.7,48.7
2022,REG+POST,00-0033856,L.Fournette,Leonard Fournette,RB,RB,"https://static.www.nfl.com/image/private/f_auto,q_auto/league/atxppoc7zqcjnbnk0awz",17,TB,0,1,0,0,1,0,0,0,0,16,0,0,-4.7260164351901,0,0.0,,194,679,3,0,0,40,-39.1293580982513,0,74,84,529,3,0,0,-55,575,27,14.258804182654,0,-9.61818181818182,0.113055181695828,-0.0108889328845773,0.161960519524537,0,154.8,228.8
2022,REG+POST,00-0033857,J.Smith-Schuster,JuJu Smith-Schuster,WR,WR,"https://static.www.nfl.com/image/private/f_auto,q_auto/league/ypoituliieghtndjrzaz",19,KC,0,0,0,0,0,0,0,0,0,0,0,0,,0,,,0,0,0,0,0,0,,0,88,113,1022,3,3,2,836,477,54,53.4907916778584,0,1.22248803827751,0.165204678362573,0.173660157872871,0.369369128054869,0,116.2,204.2
2022,REG+POST,00-0033858,J.Smith,Jonnu Smith,TE,TE,"https://static.www.nfl.com/image/private/f_auto,q_auto/league/hbnnjc8knqoc95vzyol4",12,NE,0,0,0,0,0,0,0,0,0,0,0,0,,0,,,1,5,0,1,0,1,0.702998928492889,0,27,38,245,0,0,0,116,200,9,0.540843721188139,0,2.11206896551724,0.102425876010782,0.0429152793192749,0.183679509539665,0,25.0,52.0
2022,REG+POST,00-0033869,M.Trubisky,Mitchell Trubisky,QB,QB,"https://static.www.nfl.com/image/private/f_auto,q_auto/league/egmpgvzck6v2unbh0plp",7,PIT,117,180,1252,4,5,11,68,0,0,1754,378,65,7.73026837691226,1,0.713797035347777,0.0776116569598133,19,38,2,0,0,7,-3.26305165985832,0,0,0,0,0,0,0,0,0,0,,0,,,,,0,73.88,73.88
2022,REG+POST,00-0033871,C.Davis,Corey Davis,WR,WR,"https://static.www.nfl.com/image/private/f_auto,q_auto/league/hr0uv4ai1zhkn7nof2a2",13,NYJ,0,0,0,0,0,0,0,0,0,0,0,0,,0,,,0,0,0,0,0,0,,0,32,64,536,2,0,0,861,109,28,11.8227248434091,0,0.62253193960511,0.134453781512605,0.228321400159109,0.361505652380284,0,65.6,97.6
2022,REG+POST,00-0033873,P.Mahomes,Patrick Mahomes,QB,QB,"https://static.www.nfl.com/image/private/f_auto,q_auto/league/oagzjdsdoezmp6frggrn",20,KC,507,748,5953,48,12,29,199,2,1,5333,3182,312,221.44917022054,2,1.11625726607913,0.18156045393437,73,418,4,5,0,29,23.8937834973244,1,1,1,6,0,0,0,-9,15,0,0.351020903792232,0,0.0,0.024390243902439,-0.0290322580645161,0.0162627852084973,0,476.52,477.52
2022,REG+POST,00-0033879,O.Howard,O.J. Howard,TE,TE,"https://static.www.nfl.com/image/private/f_auto,q_auto/league/wlvviyfhdn5fz5p04r95",11,HOU,0,0,0,0,0,0,0,0,0,0,0,0,,0,,,0,0,0,0,0,0,,0,10,23,145,2,0,0,253,60,6,-2.04302322440495,0,0.573122529644269,0.0633608815426997,0.0971209213051823,0.163025967227677,0,26.5,36.5
2022,REG+POST,00-0033881,E.Engram,Evan Engram,TE,TE,"https://static.www.nfl.com/image/private/f_auto,q_auto/league/adr65rbw956sxntlph8a",19,JAX,0,0,0,0,0,0,0,0,0,0,0,0,,0,,,2,13,0,0,0,1,0.472029016760644,0,85,115,890,5,0,0,679,553,42,36.4907827444175,1,1.31075110456554,0.174772036474164,0.139798229359687,0.360016815263027,0,122.3,207.3
2022,REG+POST,00-0033885,D.Njoku,David Njoku,TE,TE,"https://static.www.nfl.com/image/private/f_auto,q_auto/league/ilvxwdllivrvwbuj69cm",14,CLE,0,0,0,0,0,0,0,0,0,0,0,0,,0,,,2,-8,0,0,0,0,-2.48257483902853,0,58,80,628,4,1,1,535,332,36,24.6575731012328,0,1.17383177570093,0.185185185185185,0.153383027522936,0.385145897043833,0,84.0,142.0
2022,REG+POST,00-0033891,Z.Jones,Zay Jones,WR,WR,"https://static.www.nfl.com/image/private/f_auto,q_auto/league/pbmcmjxxjcrandbjmey7",18,JAX,0,0,0,0,0,0,0,0,0,0,0,0,,0,,,4,18,0,0,0,1,0.518665574258193,0,95,141,980,6,0,0,1235,302,49,39.9149725190593,1,0.793522267206478,0.222047244094488,0.264227642276423,0.518030215735228,0,137.8,232.8
2022,REG+POST,00-0033893,D.Cook,Dalvin Cook,RB,RB,"https://static.www.nfl.com/image/upload/f_auto,q_auto/league/kl291pby4vjh160bkirg",18,MIN,0,0,0,0,0,1,5,1,1,0,0,0,-6.88789240695769,0,,,279,1233,8,3,3,52,-49.506622819661,0,45,63,305,2,0,0,-53,358,17,4.15906138342014,0,-5.75471698113208,0.0979782270606532,-0.0118013805388555,0.138706374213781,0,205.8,250.8
2022,REG+POST,00-0033895,G.Everett,Gerald Everett,TE,TE,"https://static.www.nfl.com/image/private/f_auto,q_auto/league/te11unippqhdc6auox6i",16,LAC,0,0,0,0,0,0,0,0,0,0,0,0,,0,,,1,0,0,0,0,0,-0.566809108946472,0,64,95,664,5,0,0,538,401,34,12.3594423839145,1,1.23420074349442,0.141791044776119,0.131123568120887,0.3044730648488,0,98.4,162.4
2022,REG+POST,00-0033897,J.Mixon,Joe Mixon,RB,RB,"https://static.www.nfl.com/image/private/f_auto,q_auto/league/pbijtl1blfdkvmwl4rsp",17,CIN,0,0,0,0,0,0,0,0,0,0,0,0,,0,,,249,977,8,0,0,58,-10.7249958900275,0,68,85,491,2,0,0,-31,530,18,11.9805831801761,0,-15.8387096774194,0.135350318471338,-0.0071247988968053,0.198038118479243,0,206.8,274.8
2022,REG+POST,00-0033906,A.Kamara,Alvin Kamara,RB,RB,"https://static.www.nfl.com/image/private/f_auto,q_auto/league/tl9enad6kiwv6cukf4vt",15,NO,0,0,0,0,0,0,0,0,0,0,0,0,,0,,,223,897,2,2,2,40,-41.0502381516271,0,57,77,490,2,2,2,73,461,17,-3.40108800352336,0,6.71232876712329,0.181176470588235,0.020476858345021,0.286098506723868,0,154.7,211.7
2022,REG+POST,00-0033908,C.Kupp,Cooper Kupp,WR,WR,"https://static.www.nfl.com/image/private/f_auto,q_auto/league/bkahtsjkvnom1sbnb6xm",9,LA,0,1,0,0,0,0,0,0,0,25,0,0,-0.467520276433788,0,0.0,,9,52,1,0,0,4,1.31073690589983,0,75,98,812,6,2,1,713,413,42,16.3420674792379,0,1.13884992987377,0.309148264984227,0.343945972021225,0.704484577891198,0,126.4,201.4
2022,REG+POST,00-0033921,C.Godwin,Chris Godwin,WR,WR,"https://static.www.nfl.com/image/private/f_auto,q_auto/league/rfdampf12giyojipbcxl",16,TB,0,0,0,0,0,0,0,0,0,0,0,0,,0,,,3,5,0,0,0,0,-1.50775450037327,0,114,155,1108,3,2,2,863,567,59,33.3650158786524,1,1.28389339513326,0.217696629213483,0.189462129527991,0.459168434489819,0,127.3,241.3
2022,REG+POST,00-0033923,K.Hunt,Kareem Hunt,RB,RB,"https://static.www.nfl.com/image/private/f_auto,q_auto/league/fmy9cgin9nv7ewyhsipr",17,CLE,0,0,0,0,0,0,0,0,0,0,0,0,,0,,,123,468,3,1,0,30,-11.557620754056,0,35,44,210,1,0,0,-12,235,11,-2.47496152336861,0,-17.5,0.0867850098619329,-0.0031063939943049,0.128003038996886,0,91.8,126.8
2022,REG+POST,00-0033925,D.Foreman,D'Onta Foreman,RB,RB,"https://static.www.nfl.com/image/private/f_auto,q_auto/league/fhxviqgdrngc8gvvhnor",16,CAR,0,0,0,0,0,0,0,0,0,0,0,0,,0,,,203,914,5,1,0,45,2.98204335824736,1,5,9,26,0,0,0,-3,27,1,-10.932217505602,0,-8.66666666666667,0.0584415584415584,-0.0039787798408488,0.0848771917737435,0,126.0,131.0
2022,REG+POST,00-0033932,K.Golladay,Kenny Golladay,WR,WR,"https://static.www.nfl.com/image/private/f_auto,q_auto/league/vck7awhkwwhui3ndgts3",6,NYG,0,0,0,0,0,0,0,0,0,0,0,0,,0,,,0,0,0,0,0,0,,0,6,17,81,1,0,0,164,11,4,-1.75738624818702,0,0.49390243902439,0.104294478527607,0.144366197183099,0.25749805581958,0,14.1,20.1
2022,REG+POST,00-0033936,C.Beathard,C.J. Beathard,QB,QB,"https://static.www.nfl.com/image/private/f_auto,q_auto/league/yw8euaevcvwswbx5w27w",4,JAX,7,11,35,0,1,1,5,0,0,57,20,2,-11.6011407254408,0,0.614035087719298,0.0232652885422623,4,-4,0,0,0,0,0.0,0,0,0,0,0,0,0,0,0,0,,0,,,,,0,-1.0,-1.0
2022,REG+POST,00-0033943,J.Reynolds,Josh Reynolds,WR,WR,"https://static.www.nfl.com/image/private/f_auto,q_auto/league/sxrgouqg155xtgtzesy9",12,DET,0,0,0,0,0,0,0,0,0,0,0,0,,0,,,0,0,0,0,0,0,,0,38,59,479,3,0,0,704,115,25,11.6047029097546,0,0.680397727272727,0.141148325358852,0.21910986616869,0.36509939435636,0,65.9,103.9
2022,REG+POST,00-0033948,J.Williams,Jamaal Williams,RB,RB,"https://static.www.nfl.com/image/private/f_auto,q_auto/league/qerbr9qnhpn27cyogu4x",17,DET,0,0,0,0,0,0,0,0,0,0,0,0,,0,,,262,1066,17,3,2,65,-26.0265208153877,1,12,16,73,0,0,0,29,65,4,-1.97409258544212,0,2.51724137931035,0.0507936507936508,0.0151753008895866,0.0868131868131868,0,213.9,225.9
2022,REG+POST,00-0033949,J.Dobbs,Joshua Dobbs,QB,QB,"https://static.www.nfl.com/image/upload/f_auto,q_auto/league/il6zhynxgyun9uvsofgr",2,TEN,40,68,411,2,2,6,26,4,2,538,213,25,-8.97463653883311,0,0.763940520446097,0.019709713337735,8,44,0,0,0,4,1.7875308629591,0,0,0,0,0,0,0,0,0,0,,0,,,,,0,20.84,20.84
2022,REG+POST,00-0033951,M.Mack,Marlon Mack,RB,RB,"https://static.www.nfl.com/image/private/f_auto,q_auto/league/d3sdoo1yiey5oiyblulk",5,DEN,0,0,0,0,0,0,0,0,0,0,0,0,,0,,,16,84,1,0,0,4,-0.891764602274634,0,8,10,99,1,0,0,-16,114,2,3.44561273492828,0,-6.1875,0.0641025641025641,-0.017259978425027,0.0840718612563273,0,30.3,38.3
2022,REG+POST,00-0033958,N.Peterman,Nathan Peterman,QB,QB,"https://static.www.nfl.com/image/private/f_auto,q_auto/league/owifll49p0mmsjgf7rhn",3,CHI,14,25,139,1,1,1,6,0,0,265,44,9,-5.09347054600949,0,0.524528301886793,-0.0051056416565463,2,7,0,0,0,0,-0.234727695817128,0,0,0,0,0,0,0,0,0,0,,0,,,,,0,8.26,8.26
2022,REG+POST,00-0034011,D.Arnold,Dan Arnold,TE,TE,"https://static.www.nfl.com/image/private/f_auto,q_auto/league/wym2o0jlxcvswj3gy9kv",10,JAX,0,0,0,0,0,0,0,0,0,0,0,0,,0,,,0,0,0,0,0,0,,0,9,13,135,0,0,0,87,70,5,5.84869649494067,0,1.55172413793103,0.0386904761904762,0.0433915211970075,0.0884097791236195,0,13.5,22.5
2022,REG+POST,00-0034054,R.Cracraft,River Cracraft,WR,WR,"https://static.www.nfl.com/image/private/f_auto,q_auto/league/zd4y2ok3owqbqx6bvkpm",8,MIA,0,0,0,0,0,0,0,0,0,0,0,0,,0,,,0,0,0,0,0,0,,0,9,14,102,2,0,0,122,26,8,1.4560171206831,0,0.836065573770492,0.049645390070922,0.0468330134357006,0.107251194511373,0,22.2,31.2
2022,REG+POST,00-0034073,R.Dwelley,Ross Dwelley,TE,TE,"https://static.www.nfl.com/image/private/f_auto,q_auto/league/wsqd1kbdbqratcxretm5",4,SF,0,0,0,0,0,0,0,0,0,0,0,0,,0,,,0,0,0,0,0,0,,0,3,5,105,1,0,0,69,43,3,8.34284901770297,0,1.52173913043478,0.0495049504950495,0.0969101123595506,0.14209450439426,0,16.5,19.5
2022,REG+POST,00-0034104,C.Sims,Cam Sims,WR,WR,"https://static.www.nfl.com/image/private/f_auto,q_auto/league/rskkpergva4snsvgathy",12,WAS,0,0,0,0,0,0,0,0,0,0,0,0,,0,,,0,0,0,0,0,0,,0,8,18,89,0,0,0,232,18,5,-8.6037089949823,0,0.383620689655172,0.0491803278688525,0.0785109983079526,0.128728190618846,0,8.9,16.9
2022,REG+POST,00-0034109,P.Lindsay,Phillip Lindsay,RB,RB,"https://static.www.nfl.com/image/private/f_auto,q_auto/league/soywd4cnq19pigrwabb5",3,IND,0,0,0,0,0,0,0,0,0,0,0,0,,0,,,15,49,0,0,0,1,-2.81885216041701,1,6,8,19,0,0,0,17,11,0,-1.51849407784175,0,1.11764705882353,0.0666666666666667,0.0395348837209302,0.127674418604651,0,8.8,14.8
2022,REG+POST,00-0034115,J.Wilson,Jeffery Wilson,RB,RB,"https://static.www.nfl.com/image/private/f_auto,q_auto/league/zorqrtlrizlltgd6pnob",17,MIA,0,0,0,0,0,0,0,0,0,0,0,0,,0,,,186,883,6,2,1,45,4.67034307910029,0,23,41,198,1,1,1,101,157,8,-7.48963429124115,0,1.96039603960396,0.0838445807770961,0.0249690976514215,0.143245239521639,0,146.1,169.1
2022,REG+POST,00-0034159,W.Dissly,Will Dissly,TE,TE,"https://static.www.nfl.com/image/private/f_auto,q_auto/league/pschkqimqisrbnzeo8iz",15,SEA,0,0,0,0,0,0,0,0,0,0,0,0,,0,,,0,0,0,0,0,0,,0,34,38,349,3,0,0,206,184,20,26.3880541743711,0,1.69417475728155,0.0764587525150906,0.0551391862955032,0.153285559179488,0,52.9,86.9
2022,REG+POST,00-0034160,M.Dickson,Michael Dickson,P,SPEC,"https://static.www.nfl.com/image/private/f_auto,q_auto/league/neu0v3tjiszrmixnzguh",2,SEA,0,0,0,0,0,0,0,0,0,0,0,0,,0,,,2,-18,0,1,1,0,-8.45235204562778,0,0,0,0,0,0,0,0,0,0,,0,,,,,0,-3.8,-3.8
2022,REG+POST,00-0034171,J.Cabinda,Jason Cabinda,FB,RB,"https://static.www.nfl.com/image/private/f_auto,q_auto/league/nvi4viyciscnso8qgbtn",4,DET,0,0,0,0,0,0,0,0,0,0,0,0,,0,,,1,4,0,0,0,1,-0.12419170117937,0,1,4,5,0,0,0,13,2,1,-1.16645134286955,0,0.384615384615385,0.0444444444444444,0.0246679316888046,0.0839342188488299,0,0.9,1.9
2022,REG+POST,00-0034177,T.Boyle,Tim Boyle,QB,QB,"https://static.www.nfl.com/image/private/f_auto,q_auto/league/zmp8nej7nqfdu2gyir6y",1,CHI,2,8,33,0,2,0,0,0,0,101,32,2,-4.50947897683363,0,0.326732673267327,-0.16155104254343,2,-2,0,0,0,0,0.0,0,0,0,0,0,0,0,0,0,0,,0,,,,,0,-2.88,-2.88
2022,REG+POST,00-0034184,G.Edwards,Gus Edwards,RB,RB,"https://static.www.nfl.com/image/private/f_auto,q_auto/league/tvxpivjku1lbpf7tfafl",10,BAL,0,0,0,0,0,0,0,0,0,0,0,0,,0,,,99,472,3,1,1,34,1.22433480614563,0,1,3,13,0,0,0,1,18,1,0.362429566681385,0,13.0,0.0405405405405405,0.0016556291390728,0.0619697512081618,0,64.5,65.5
2022,REG+POST,00-0034208,M.Boone,Mike Boone,RB,RB,"https://static.www.nfl.com/image/private/f_auto,q_auto/league/rcrpzluchltmk9stwtfc",8,DEN,0,0,0,0,0,0,0,0,0,0,0,0,,0,,,24,102,0,0,0,6,-3.69021995814889,0,9,15,96,0,0,0,45,81,2,-7.14867603957688,0,2.13333333333333,0.0666666666666667,0.0245901639344262,0.117213114754098,0,19.8,28.8
2022,REG+POST,00-0034253,D.Hilliard,Dontrell Hilliard,RB,RB,"https://static.www.nfl.com/image/private/f_auto,q_auto/league/ukhyslngeuojxkjqfq9f",11,TEN,0,0,0,0,0,0,0,0,0,0,0,0,,0,,,22,145,0,0,0,4,0.607278296352364,0,21,26,177,4,0,0,39,151,8,5.73050680208825,0,4.53846153846154,0.0984848484848485,0.0191082802547771,0.161103068905617,0,56.2,77.2
2022,REG+POST,00-0034270,T.Conklin,Tyler Conklin,TE,TE,"https://static.www.nfl.com/image/private/f_auto,q_auto/league/fwuvfpsd7hbtqwlcxtn7",17,NYJ,0,0,0,0,0,0,0,0,0,0,0,0,,0,,,2,3,0,0,0,2,1.25727219463442,0,58,87,552,3,2,0,617,284,25,2.41530211715486,0,0.894651539708266,0.147959183673469,0.125969783585137,0.3101176240198,0,73.5,131.5
2022,REG+POST,00-0034272,M.Valdes-Scantling,Marquez Valdes-Scantling,WR,WR,"https://static.www.nfl.com/image/private/f_auto,q_auto/league/zk2f2ivzdssgoaamf57u",20,KC,0,0,0,0,0,0,0,0,0,0,0,0,,0,,,1,-3,0,0,0,0,-1.00383371347561,0,49,92,809,4,0,0,1335,161,39,26.3724378981911,0,0.605992509363296,0.128671328671329,0.259879306988515,0.374922507898953,0,104.6,153.6
2022,REG+POST,00-0034279,E.St. Brown,Equanimeous St. Brown,WR,WR,"https://static.www.nfl.com/image/private/f_auto,q_auto/league/rjtjvrencwsi1xlxnfll",16,CHI,0,0,0,0,0,0,0,0,0,0,0,0,,0,,,6,54,0,0,0,2,1.32628779031802,0,21,38,323,1,1,1,495,98,14,2.96966496778695,0,0.652525252525253,0.131034482758621,0.188931297709924,0.328803632534878,0,41.7,62.7
2022,REG+POST,00-0034286,R.James,Richie James,WR,WR,"https://static.www.nfl.com/image/private/f_auto,q_auto/league/qusoivtzbud2wl0spptz",16,NYG,0,0,0,0,0,0,0,0,0,0,0,0,,0,,,2,6,0,0,0,0,-0.553319531492889,0,68,86,651,4,0,0,586,220,34,25.4195455148355,0,1.11092150170648,0.186147186147186,0.197107299024554,0.417195888537967,0,89.7,157.7
2022,REG+POST,00-0034297,B.Pringle,Byron Pringle,WR,WR,"https://static.www.nfl.com/image/private/f_auto,q_auto/league/qgwipkdsunodvqlumsmp",8,CHI,0,0,0,0,0,0,0,0,0,0,0,0,,0,,,0,0,0,0,0,0,,0,10,16,135,2,0,0,225,14,8,8.89119672792731,0,0.6,0.0963855421686747,0.158116654954322,0.255259971721037,0,25.5,35.5
2022,REG+POST,00-0034301,D.Williams,Darrel Williams,RB,RB,"https://static.www.nfl.com/image/private/f_auto,q_auto/league/qloiwle7db59cznhqhub",5,ARI,0,0,0,0,0,0,0,0,0,0,0,0,,0,,,21,102,1,0,0,8,4.09910958161345,0,4,8,9,0,0,0,-24,15,0,-5.26019918196835,0,-0.375,0.0454545454545455,-0.0230547550432277,0.0520434896515588,0,17.1,21.1
2022,REG+POST,00-0034317,K.Kirkwood,Keith Kirkwood,WR,WR,"https://static.www.nfl.com/image/private/f_auto,q_auto/league/iedau8bt7wngc8mxfd9h",3,NO,0,0,0,0,0,0,0,0,0,0,0,0,,0,,,0,0,0,0,0,0,,0,2,4,18,0,0,0,55,4,1,-1.6444360294845,0,0.327272727272727,0.0571428571428571,0.100182149362477,0.15584179026802,0,1.8,3.8
2022,REG+POST,00-0034335,M.Allen,Marcus Allen,ILB,LB,"https://static.www.nfl.com/image/private/f_auto,q_auto/league/vvpy4ouo24iqozvyp4rc",1,PIT,0,0,0,0,0,0,0,0,0,0,0,0,,0,,,1,4,0,0,0,1,2.64326116838492,0,0,0,0,0,0,0,0,0,0,,0,,,,,0,0.4,0.4
2022,REG+POST,00-0034348,C.Sutton,Courtland Sutton,WR,WR,"https://static.www.nfl.com/image/private/f_auto,q_auto/league/uusaguvnkfv2gt7goale",15,DEN,0,0,0,0,0,0,0,0,0,0,0,0,,0,,,1,5,0,0,0,0,0.170874756877311,0,64,109,829,2,0,0,1343,147,38,23.8306618690546,0,0.617274758004468,0.230932203389831,0.306971428571429,0.561278305084746,0,95.4,159.4
2022,REG+POST,00-0034351,D.Goedert,Dallas Goedert,TE,TE,"https://static.www.nfl.com/image/private/f_auto,q_auto/league/flzasty1ea7iswbtd0e5",15,PHI,0,0,0,0,0,0,0,0,0,0,0,0,,0,,,0,0,0,0,0,0,,0,71,87,843,4,1,1,521,473,47,54.5408309386276,0,1.61804222648752,0.200923787528868,0.148137617287461,0.405082013394525,0,106.3,177.3
2022,REG+POST,00-0034355,M.Stewart,M.J. Stewart,SS,DB,"https://static.www.nfl.com/image/private/f_auto,q_auto/league/pnkq1w3v797oefeqynfa",1,HOU,0,0,0,0,0,0,0,0,0,0,0,0,,0,,,1,3,0,0,0,1,2.42454497818835,0,0,0,0,0,0,0,0,0,0,,0,,,,,0,0.3,0.3
2022,REG+POST,00-0034360,L.Carter,Lorenzo Carter,OLB,LB,"https://static.www.nfl.com/image/private/f_auto,q_auto/league/vzt4cv29hrn9dw0wtpze",1,ATL,0,0,0,0,0,0,0,0,0,0,0,0,,0,,,0,0,0,0,0,0,,0,0,0,0,0,0,0,0,0,0,,0,,,,,1,6.0,6.0
2022,REG+POST,00-0034364,J.Akins,Jordan Akins,TE,TE,"https://static.www.nfl.com/image/private/f_auto,q_auto/league/fgkl9zfpy2yxrkxfge84",15,HOU,0,0,0,0,0,0,0,0,0,0,0,0,,0,,,0,0,0,0,0,0,,0,37,54,495,5,1,1,332,270,23,21.3578101540334,1,1.49096385542169,0.111340206185567,0.0939711293518256,0.232790099824629,0,79.5,116.5
2022,REG+POST,00-0034365,I.Thomas,Ian Thomas,TE,TE,"https://static.www.nfl.com/image/private/f_auto,q_auto/league/zhmboki1lwndau686wlv",13,CAR,0,0,0,0,0,0,0,0,0,0,0,0,,0,,,0,0,0,0,0,0,,0,21,30,197,0,0,0,69,182,8,4.00833711001906,0,2.85507246376812,0.0854700854700855,0.0288100208768267,0.148372142818907,0,19.7,40.7
2022,REG+POST,00-0034366,K.Coutee,Keke Coutee,WR,WR,"https://static.www.nfl.com/image/private/f_auto,q_auto/league/b63h388y8kzvntk6tuqx",1,IND,0,0,0,0,0,0,0,0,0,0,0,0,,0,,,0,0,0,0,0,0,,0,1,1,20,0,1,1,12,8,0,-3.79916432953905,0,1.66666666666667,0.037037037037037,0.0705882352941176,0.104967320261438,0,0.0,1.0
2022,REG+POST,00-0034367,N.Hines,Nyheim Hines,RB,RB,"https://static.www.nfl.com/image/private/f_auto,q_auto/league/lgpfurgix754r54hvas4",18,BUF,0,0,0,0,0,0,0,0,0,0,0,0,,0,,,24,33,1,0,0,2,-13.2980948163791,0,32,40,252,1,0,0,130,194,11,12.2913247215844,0,1.93846153846154,0.072992700729927,0.0278910105127655,0.129012758453826,2,52.5,84.5
2022,REG+POST,00-0034383,D.Schultz,Dalton Schultz,TE,TE,"https://static.www.nfl.com/image/private/f_auto,q_auto/league/lhplapyya8pp3yyz8bht",17,DAL,0,0,0,0,0,0,0,0,0,0,0,0,,0,,,0,0,0,0,0,0,,0,69,107,699,8,1,1,811,222,34,7.17556100202326,0,0.86189889025894,0.195612431444241,0.181920143562135,0.420762747659857,0,115.9,184.9
2022,REG+POST,00-0034386,J.Watson,Justin Watson,WR,WR,"https://static.www.nfl.com/image/private/f_auto,q_auto/league/vr9tayyujt23takv3hv3",19,KC,0,0,0,0,0,0,0,0,0,0,0,0,,0,,,0,0,0,0,0,0,,0,18,37,345,2,0,0,666,61,15,11.164800457714,0,0.518018018018018,0.0548961424332344,0.136587366694011,0.17795537033566,0,46.5,64.5
2022,REG+POST,00-0034400,J.Wilkins,Jordan Wilkins,RB,RB,"https://static.www.nfl.com/image/private/f_auto,q_auto/league/ltz7ffp0fnywwhcm2d3z",4,IND,0,0,0,0,0,0,0,0,0,0,0,0,,0,,,13,58,0,0,0,2,-1.31315452896524,0,6,8,29,0,0,0,-18,44,1,-2.74967834806023,0,-1.61111111111111,0.0963855421686747,-0.0300500834724541,0.123543254822294,0,8.7,14.7
2022,REG+POST,00-0034401,M.White,Mike White,QB,QB,"https://static.www.nfl.com/image/private/f_auto,q_auto/league/pv1cd95ycjinyi4ijime",4,NYJ,103,175,1192,3,4,9,76,2,1,1303,568,56,-7.62786697386352,0,0.91481197237145,0.0072172907852055,6,9,1,0,0,3,2.57582128146896,0,0,0,0,0,0,0,0,0,0,,0,,,,,0,56.58,56.58
2022,REG+POST,00-0034407,R.McCloud,Ray-Ray McCloud,WR,WR,"https://static.www.nfl.com/image/upload/f_auto,q_auto/league/k3ykgsntuqdb0nl4grxk",14,SF,0,0,0,0,0,0,0,0,0,0,0,0,,0,,,4,78,1,0,0,1,3.87725883553503,0,14,25,243,1,0,0,295,92,11,12.3924933240633,0,0.823728813559322,0.0603864734299517,0.103110800419434,0.162757270438531,0,44.1,58.1
2022,REG+POST,00-0034411,R.Gage,Russell Gage,WR,WR,"https://static.www.nfl.com/image/private/f_auto,q_auto/league/lkqhshv0dss1b9c6mdnj",14,TB,0,0,0,0,0,0,0,0,0,0,0,0,,0,,,0,0,0,0,0,0,,0,53,78,436,5,1,1,422,184,30,10.3104130282591,1,1.03317535545024,0.126418152350081,0.0999526290857414,0.259594068885141,0,73.6,126.6
2022,REG+POST,00-0034414,B.Scott,Boston Scott,RB,RB,"https://static.www.nfl.com/image/private/f_auto,q_auto/league/uveeemr49kwtkfefugai",16,PHI,0,0,0,0,0,0,0,0,0,0,0,0,,0,,,69,278,5,0,0,16,-1.13787135912571,0,6,7,24,0,0,0,-15,34,0,-3.16307862545364,0,-1.6,0.037037037037037,-0.0083845723868082,0.0496863548847898,0,60.2,66.2
2022,REG+POST,00-0034418,C.Wilson,Cedrick Wilson,WR,WR,"https://static.www.nfl.com/image/private/f_auto,q_auto/league/zvirmx1m9vycmfpfbf1w",10,MIA,0,0,0,0,0,1,6,0,0,0,0,0,-1.25262371788267,0,,,1,8,0,0,0,0,0.546419185353443,0,13,19,150,0,0,0,197,51,9,8.4081765600713,0,0.761421319796954,0.0553935860058309,0.0694885361552028,0.131732354317388,0,15.8,28.8
2022,REG+POST,00-0034419,B.Berrios,Braxton Berrios,WR,WR,"https://static.www.nfl.com/image/private/f_auto,q_auto/league/nypqf5vnhegeorkpmplr",15,NYJ,1,1,2,1,0,0,0,0,0,2,0,1,1.18445269513177,0,1.0,,9,91,2,0,0,5,6.21912650915328,0,18,32,145,0,0,0,218,92,8,-8.99909309379395,0,0.665137614678899,0.0662525879917184,0.0552178318135765,0.138031364257081,0,39.68,57.68
2022,REG+POST,00-0034440,J.Jackson,Justin Jackson,RB,RB,"https://static.www.nfl.com/image/private/f_auto,q_auto/league/n7pvb1trbn9rtttlw7df",12,DET,0,0,0,0,0,0,0,0,0,0,0,0,,0,,,42,170,1,0,0,8,-9.89926428315812,0,12,19,101,1,0,0,19,110,7,3.81893922828904,0,5.31578947368421,0.0558823529411765,0.0080372250423011,0.0894495869413755,0,39.1,51.1
2022,REG+POST,00-0034487,T.Sherfield,Trent Sherfield,WR,WR,"https://static.www.nfl.com/image/private/f_auto,q_auto/league/tbs4dvo8vdagznshsw7l",17,MIA,0,0,0,0,0,0,0,0,0,0,0,0,,0,,,0,0,0,0,0,0,,0,30,53,417,2,0,0,606,138,18,3.41877324855566,0,0.688118811881188,0.0918544194107452,0.117237376668601,0.219847792784139,0,53.7,83.7
2022,REG+POST,00-0034496,S.Chandler,Sean Chandler,SS,DB,"https://static.www.nfl.com/image/private/f_auto,q_auto/league/m4glij7rkgkyhu01igmi",1,CAR,0,0,0,0,0,0,0,0,0,0,0,0,,0,,,1,2,0,0,0,1,2.16509309830144,0,0,0,0,0,0,0,0,0,0,,0,,,,,0,0.2,0.2
2022,REG+POST,00-0034521,A.Lazard,Allen Lazard,WR,WR,"https://static.www.nfl.com/image/private/f_auto,q_auto/league/blrzk3bfnpneuyhsqiqg",15,GB,0,0,0,0,0,0,0,0,0,0,0,0,,0,,,2,0,0,0,0,0,-4.00390181038529,0,60,100,788,6,0,0,1249,248,45,12.2582007338773,0,0.630904723779023,0.210084033613445,0.316042510121458,0.536355807505188,0,114.8,174.8
2022,REG+POST,00-0034577,K.Allen,Kyle Allen,QB,QB,"https://static.www.nfl.com/image/private/f_auto,q_auto/league/rvf9rnbqajlniortukeq",2,HOU,46,78,416,2,4,5,41,2,0,560,239,19,-34.0045657036541,0,0.742857142857143,-0.0165952502156326,6,13,0,2,1,2,-6.142968632048,0,0,0,0,0,0,0,0,0,0,,0,,,,,0,15.94,15.94
2022,REG+POST,00-0034578,R.Bonnafon,Reggie Bonnafon,RB,RB,"https://static.www.nfl.com/image/private/f_auto,q_auto/league/revwhbm7uizs4oiwqdo3",1,WAS,0,0,0,0,0,0,0,0,0,0,0,0,,0,,,3,8,0,0,0,0,-1.07405631127767,0,0,0,0,0,0,0,0,0,0,,0,,,,,0,0.8,0.8
2022,REG+POST,00-0034613,T.Hudson,Tanner Hudson,TE,TE,"https://static.www.nfl.com/image/private/f_auto,q_auto/league/dcrfuiyknwrwxsjsjf9q",6,NYG,0,0,0,0,0,0,0,0,0,0,0,0,,0,,,0,0,0,0,0,0,,0,10,15,132,0,0,0,110,59,8,2.84544072509743,0,1.2,0.0980392156862745,0.101476014760148,0.218092033861515,0,13.2,23.2
2022,REG+POST,00-0034614,G.Igwebuike,Godwin Igwebuike,RB,RB,"https://static.www.nfl.com/image/private/f_auto,q_auto/league/d0jsvuhu4xwkyegnlauh",1,SEA,0,0,0,0,0,0,0,0,0,0,0,0,,0,,,3,4,0,0,0,0,-1.42175994894933,0,1,1,3,0,0,0,3,0,0,-2.79434635909274,0,1.0,0.0357142857142857,0.0111524163568773,0.0613781200212427,0,0.7,1.7
2022,REG+POST,00-0034646,B.Powell,Brandon Powell,WR,WR,"https://static.www.nfl.com/image/private/f_auto,q_auto/league/cqtogvopabvi3gcuaosi",16,LA,0,0,0,0,0,0,0,0,0,0,0,0,,0,,,17,80,0,0,0,6,1.57804832264083,0,24,32,156,0,0,0,48,184,7,0.102760001977351,0,3.25,0.0810126582278481,0.0163376446562287,0.132955338601132,0,23.6,47.6
2022,REG+POST,00-0034676,J.Washington,James Washington,WR,WR,"https://static.www.nfl.com/image/private/f_auto,q_auto/league/z5svt5lojqlibpxitvty",1,DAL,0,0,0,0,0,0,0,0,0,0,0,0,,0,,,0,0,0,0,0,0,,0,0,1,0,0,0,0,6,0,0,-0.320639211684465,0,0.0,0.0256410256410256,0.018348623853211,0.0513055751587862,0,0.0,0.0
2022,REG+POST,00-0034681,C.Edmonds,Chase Edmonds,RB,RB,"https://static.www.nfl.com/image/private/f_auto,q_auto/league/y0u4btecdge4tsun4p2h",13,DEN,0,0,0,0,0,0,0,0,0,0,0,0,,0,,,68,245,2,0,0,8,-15.7059720786347,0,16,24,157,1,0,0,50,113,7,5.05957432659733,0,3.14,0.0670391061452514,0.0182615047479912,0.113341712541471,0,58.2,74.2
2022,REG+POST,00-0034726,D.Leavitt,Dallin Leavitt,SS,DB,"https://static.www.nfl.com/image/private/f_auto,q_auto/league/puozg5rjuz6vf3cudgx5",1,GB,0,0,0,0,0,0,0,0,0,0,0,0,,0,,,1,0,0,0,0,0,-3.23668544174871,0,0,0,0,0,0,0,0,0,0,,0,,,,,0,0.0,0.0
2022,REG+POST,00-0034750,R.Penny,Rashaad Penny,RB,RB,"https://static.www.nfl.com/image/private/f_auto,q_auto/league/mwvzwst6cfcwifblqtsj",5,SEA,0,0,0,0,0,0,0,0,0,0,0,0,,0,,,57,346,2,1,0,15,13.1444890796556,0,4,5,16,0,0,0,-12,28,2,1.06913642963627,0,-1.33333333333333,0.05,-0.0138568129330254,0.0653002309468822,0,48.2,52.2
2022,REG+POST,00-0034753,M.Andrews,Mark Andrews,TE,TE,"https://static.www.nfl.com/image/private/f_auto,q_auto/league/cv7h66mkpoalli9wfdqp",16,BAL,0,0,0,0,0,0,0,0,0,0,0,0,,0,,,4,8,0,0,0,3,2.64139256544877,0,78,123,920,5,1,0,1204,267,51,22.3216450366236,1,0.764119601328904,0.286713286713287,0.34827885449812,0.673865128218614,0,124.8,202.8
2022,REG+POST,00-0034764,M.Gallup,Michael Gallup,WR,WR,"https://static.www.nfl.com/image/private/f_auto,q_auto/league/tt9xpcg4x2z3osc1fcq6",16,DAL,0,0,0,0,0,0,0,0,0,0,0,0,,0,,,0,0,0,0,0,0,,0,44,83,470,5,0,0,940,116,29,0.0389349334801878,0,0.5,0.161793372319688,0.223171889838557,0.398910381366522,0,77.0,121.0
2022,REG+POST,00-0034765,T.Smith,Tre'Quan Smith,WR,WR,"https://static.www.nfl.com/image/private/f_auto,q_auto/league/w0fqbjft1n3akkw7o6jc",9,NO,0,0,0,0,0,0,0,0,0,0,0,0,,0,,,0,0,0,0,0,0,,0,19,27,278,1,0,0,331,66,14,7.38566259577621,0,0.83987915407855,0.0957446808510638,0.135767022149303,0.238653936781108,0,33.8,52.8
2022,REG+POST,00-0034775,C.Kirk,Christian Kirk,WR,WR,"https://static.www.nfl.com/image/private/f_auto,q_auto/league/ersmmtjmjlpsy9lmjvde",19,JAX,0,1,0,0,0,0,0,0,0,1,0,0,-0.326806403230876,0,0.0,,6,29,0,0,0,1,0.554210063884966,0,99,161,1238,10,0,0,1463,410,63,28.9400797367261,0,0.846206425153794,0.24468085106383,0.301214741610047,0.577871595722778,0,186.7,285.7
2022,REG+POST,00-0034777,D.Chark,D.J. Chark,WR,WR,"https://static.www.nfl.com/image/private/f_auto,q_auto/league/bn5lxiv1cyyidlhkth84",11,DET,0,0,0,0,0,0,0,0,0,0,0,0,,0,,,0,0,0,0,0,0,,0,30,52,502,3,0,0,799,132,24,21.153133170537,0,0.62828535669587,0.136125654450262,0.294833948339483,0.410572245513031,0,68.2,98.2
2022,REG+POST,00-0034791,N.Chubb,Nick Chubb,RB,RB,"https://static.www.nfl.com/image/private/f_auto,q_auto/league/a8ib0haur75wrhqrbtyo",17,CLE,0,0,0,0,0,0,0,0,0,0,0,0,,0,,,302,1525,12,1,1,69,13.2250271103403,1,27,37,239,1,0,0,0,259,12,7.96462639622041,0,0.0,0.0729783037475345,0.0,0.109467455621302,0,254.4,281.4
2022,REG+POST,00-0034796,L.Jackson,Lamar Jackson,QB,QB,"https://static.www.nfl.com/image/private/f_auto,q_auto/league/wj1fwvvkjaqztm56ybzu",12,BAL,203,326,2242,17,7,26,114,3,1,2754,974,105,9.42733552568468,1,0.814088598402324,0.0837533954381994,112,764,3,2,1,47,39.7721011016284,0,0,0,0,0,0,0,0,0,0,,0,,,,,0,236.08,236.08
2022,REG+POST,00-0034798,D.Smythe,Durham Smythe,TE,TE,"https://static.www.nfl.com/image/private/f_auto,q_auto/league/bymp1mbuhxq4vbrwnof7",13,MIA,0,0,0,0,0,0,0,0,0,0,0,0,,0,,,2,1,1,0,0,1,1.39937950804597,0,16,21,149,1,0,0,91,55,8,0.654897650129804,0,1.63736263736264,0.052896725440806,0.0250619664004407,0.0968884646415175,0,27.0,43.0
2022,REG+POST,00-0034816,R.Jones,Ronald Jones,RB,RB,"https://static.www.nfl.com/image/private/f_auto,q_auto/league/juku3wy4sv0xwobxw7xp",6,KC,0,0,0,0,0,0,0,0,0,0,0,0,,0,,,18,70,1,0,0,4,0.524325935053639,0,1,1,22,0,0,0,-1,23,1,1.84964593237964,0,-22.0,0.027027027027027,-0.004739336492891,0.0372230049955168,0,15.2,16.2
2022,REG+POST,00-0034827,D.Moore,D.J. Moore,WR,WR,"https://static.www.nfl.com/image/private/f_auto,q_auto/league/fuhd1intilojmnbx7wjq",17,CAR,0,0,0,0,0,0,0,0,0,0,0,0,,0,,,10,53,0,0,0,3,1.83531561470591,0,63,118,888,7,0,0,1526,186,44,17.1454779588789,0,0.581913499344692,0.276346604215457,0.476279650436954,0.747915661629053,0,136.1,199.1
2022,REG+POST,00-0034829,M.Gesicki,Mike Gesicki,TE,TE,"https://static.www.nfl.com/image/private/f_auto,q_auto/league/mpichyoi6vdnhb7qte6c",18,MIA,0,0,0,0,0,0,0,0,0,0,0,0,,0,,,0,0,0,0,0,0,,0,34,58,377,6,0,0,570,100,21,1.11238130670691,0,0.66140350877193,0.0960264900662252,0.10793410338951,0.219593607471994,0,73.7,107.7
2022,REG+POST,00-0034830,H.Hurst,Hayden Hurst,TE,TE,"https://static.www.nfl.com/image/private/f_auto,q_auto/league/evevkgcgy0suudtprryp",16,CIN,0,0,0,0,0,0,0,0,0,0,0,0,,0,,,0,0,0,0,0,0,,0,65,85,555,3,1,1,443,246,32,25.5459919108237,0,1.25282167042889,0.147569444444444,0.10889872173058,0.297583271878073,0,71.5,136.5
2022,REG+POST,00-0034838,R.Freeman,Royce Freeman,RB,RB,"https://static.www.nfl.com/image/private/f_auto,q_auto/league/omv74ajxzfk50f5te1mp",4,HOU,0,0,0,0,0,0,0,0,0,0,0,0,,0,,,41,117,0,1,1,7,-15.4241196003859,0,6,8,33,0,0,0,-6,39,0,-1.46562903665472,0,-5.5,0.0588235294117647,-0.0070838252656434,0.0832766164316966,0,13.0,19.0
2022,REG+POST,00-0034844,S.Barkley,Saquon Barkley,RB,RB,"https://static.www.nfl.com/image/private/f_auto,q_auto/league/o8tlhps5u1tvnaaxlpjk",18,NYG,0,0,0,0,0,0,0,0,0,0,0,0,,0,,,313,1426,12,1,0,66,-13.836461324969,0,64,85,415,0,0,0,-27,526,15,-8.33154649610926,1,-15.3703703703704,0.166666666666667,-0.0086538461538461,0.243942307692308,0,258.1,322.1
2022,REG+POST,00-0034845,S.Michel,Sony Michel,RB,RB,"https://static.www.nfl.com/image/private/f_auto,q_auto/league/eydtwcqcaegkuwivq0ln",10,LAC,0,0,0,0,0,0,0,0,0,0,0,0,,0,,,36,106,0,0,0,8,-2.80898014333798,0,9,13,53,0,0,0,22,46,1,-6.60237012855941,0,2.40909090909091,0.0476190476190476,0.0129716981132075,0.0805087601078167,0,15.9,24.9
2022,REG+POST,00-0034854,K.Hodge,KhaDarel Hodge,WR,WR,"https://static.www.nfl.com/image/private/f_auto,q_auto/league/rx0oqq7r3hwwdliira2q",9,ATL,0,0,0,0,0,0,0,0,0,0,0,0,,0,,,0,0,0,0,0,0,,0,13,20,202,1,0,0,268,61,7,12.5099268541671,1,0.753731343283582,0.091743119266055,0.119589468987059,0.221327307190024,0,28.2,41.2
2022,REG+POST,00-0034855,B.Mayfield,Baker Mayfield,QB,QB,"https://static.www.nfl.com/image/private/f_auto,q_auto/league/haglbmidyaxtimhctzlp",12,LA,201,335,2163,10,8,36,217,4,1,2276,1127,94,-50.3416971831075,0,0.950351493848858,-0.0139742330148786,31,89,1,5,1,7,-7.13356569058593,0,0,0,0,0,0,0,0,0,0,,0,,,,,0,121.42,121.42
2022,REG+POST,00-0034857,J.Allen,Josh Allen,QB,QB,"https://static.www.nfl.com/image/private/f_auto,q_auto/league/ghmmndgjefpxziks7ntf",18,BUF,407,648,4899,38,17,41,201,8,4,6219,1769,242,87.1047151487008,1,0.787747226242161,0.125770862833831,136,808,8,8,2,60,43.2580572037686,1,0,0,0,0,0,0,0,0,0,,0,,,,,0,434.76,434.76
2022,REG+POST,00-0034860,D.Pettis,Dante Pettis,WR,WR,"https://static.www.nfl.com/image/private/f_auto,q_auto/league/j35nhxhisutf6pz38fzs",14,CHI,0,0,0,0,0,0,0,0,0,0,0,0,,0,,,2,37,0,0,0,2,2.83032425952842,0,19,41,245,3,0,0,371,63,9,-15.3692245201569,0,0.660377358490566,0.130990415335463,0.134322954380883,0.290511691069813,0,46.2,65.2
2022,REG+POST,00-0034869,S.Darnold,Sam Darnold,QB,QB,"https://static.www.nfl.com/image/private/f_auto,q_auto/league/whfsdoeusfuts9t4m6ex",6,CAR,82,140,1143,7,3,10,78,1,1,1138,553,57,21.072685399864,0,1.00439367311072,0.133995093076823,26,106,2,4,1,10,-4.00550188154991,0,0,0,0,0,0,0,0,0,0,,0,,,,,0,86.32,86.32
2022,REG+POST,00-0034899,J.Wolford,John Wolford,QB,QB,"https://static.www.nfl.com/image/private/f_auto,q_auto/league/uxzgrelwi10vk4vbx7lc",2,LA,38,62,390,1,3,7,49,2,1,504,198,19,-19.7487390648946,0,0.773809523809524,-0.0068722156340763,8,32,0,1,0,2,2.05569803417893,0,0,0,0,0,0,0,0,0,0,,0,,,,,0,14.8,14.8
2022,REG+POST,00-0034928,S.Sims,Steven Sims,WR,WR,"https://static.www.nfl.com/image/upload/f_auto,q_auto/league/lomie0vpvgt7kxel3rdr",11,PIT,0,0,0,0,0,0,0,0,0,0,0,0,,0,,,13,70,0,0,0,5,2.04482268402353,0,14,23,104,0,0,0,129,60,5,-5.79347952550491,0,0.806201550387597,0.0839416058394161,0.0682178741406663,0.17366492065759,0,17.4,31.4
2022,REG+POST,00-0034955,B.Rypien,Brett Rypien,QB,QB,"https://static.www.nfl.com/image/private/f_auto,q_auto/league/dk9b6nlydrbexyyoknoi",4,DEN,53,88,483,2,4,8,47,2,1,734,267,24,-29.22884806378,0,0.658038147138965,0.0046974766834638,6,7,0,1,0,2,-0.541646446508821,0,0,0,0,0,0,0,0,0,0,,0,,,,,0,18.02,18.02
2022,REG+POST,00-0034959,A.Beck,Andrew Beck,FB,RB,"https://static.www.nfl.com/image/upload/f_auto,q_auto/league/nwoylhzdinzmjkmnjvel",8,DEN,0,0,0,0,0,0,0,0,0,0,0,0,,0,,,2,0,0,0,0,0,-2.06903947517276,0,5,11,69,0,0,0,46,47,2,-4.78232049429789,0,1.5,0.0472103004291846,0.0236625514403292,0.0873792366520073,0,6.9,11.9
2022,REG+POST,00-0034960,J.Meyers,Jakobi Meyers,WR,WR,"https://static.www.nfl.com/image/private/f_auto,q_auto/league/lhfd2xsufgep72sfkacg",14,NE,0,0,0,0,0,0,0,0,0,0,0,0,,0,,,2,9,0,0,0,2,1.03889269684441,0,67,96,804,6,1,1,950,238,38,36.9391440560107,1,0.846315789473684,0.221709006928407,0.277048702245553,0.526497601964497,0,117.3,184.3
2022,REG+POST,00-0034970,I.Smith,Irv Smith,TE,TE,"https://static.www.nfl.com/image/private/f_auto,q_auto/league/gvnnqr5kj0rtte3iw9mp",9,MIN,0,0,0,0,0,0,0,0,0,0,0,0,,0,,,0,0,0,0,0,0,,0,26,38,185,3,1,0,167,91,10,-4.13176199025259,0,1.10778443113772,0.1198738170347,0.0825506673257538,0.237596192680078,0,36.5,62.5
2022,REG+POST,00-0034972,A.Mattison,Alexander Mattison,RB,RB,"https://static.www.nfl.com/image/private/f_auto,q_auto/league/kn3cwf59lqoyauoqmghm",18,MIN,0,0,0,0,0,0,0,0,0,0,0,0,,0,,,74,283,5,0,0,21,0.382584990555188,0,16,19,93,1,0,0,-38,128,4,4.12615690436108,0,-2.44736842105263,0.0461165048543689,-0.0170480035890534,0.057241154769216,0,73.6,89.6
2022,REG+POST,00-0034975,J.Hill,Justice Hill,RB,RB,"https://static.www.nfl.com/image/private/f_auto,q_auto/league/v9xufmbbfauthnlpxcrc",14,BAL,0,0,0,0,0,0,0,0,0,0,0,0,,0,,,49,262,0,1,1,15,-3.18598145133001,0,14,14,68,0,1,0,-24,92,2,1.95893094182247,0,-2.83333333333333,0.0639269406392694,-0.0149719276356831,0.0854100616139259,0,31.0,45.0
2022,REG+POST,00-0034981,F.Moreau,Foster Moreau,TE,TE,"https://static.www.nfl.com/image/private/f_auto,q_auto/league/cvxobozy7tbpgnxahes9",14,LV,0,0,0,0,0,0,0,0,0,0,0,0,,0,,,0,0,0,0,0,0,,0,33,54,420,2,0,0,451,237,24,8.41547742337571,0,0.931263858093126,0.11587982832618,0.103869184707508,0.246528171784526,0,54.0,87.0
2022,REG+POST,00-0034983,H.Renfrow,Hunter Renfrow,WR,WR,"https://static.www.nfl.com/image/private/f_auto,q_auto/league/coqn2jxhmjhaut34aqiv",10,LV,0,0,0,0,0,0,0,0,0,0,0,0,,0,,,0,0,0,0,0,0,,0,36,50,330,2,3,1,339,149,18,4.0449149620977,0,0.973451327433628,0.151515151515152,0.109073359073359,0.303624078624079,0,43.0,79.0
2022,REG+POST,00-0035021,A.Dulin,Ashton Dulin,WR,WR,"https://static.www.nfl.com/image/private/f_auto,q_auto/league/jnaoemdbciiow7rcfzbu",7,IND,0,0,0,0,0,0,0,0,0,0,0,0,,0,,,2,8,0,0,0,1,0.343437358504161,0,15,22,207,1,0,0,252,35,12,8.30038729403168,0,0.821428571428571,0.0873015873015873,0.149732620320856,0.23576521517698,0,27.5,42.5
2022,REG+POST,00-0035022,P.Hart,Penny Hart,WR,WR,"https://static.www.nfl.com/image/private/f_auto,q_auto/league/x56attwx7uv6a8zbetsq",3,SEA,0,0,0,0,0,0,0,0,0,0,0,0,,0,,,0,0,0,0,0,0,,0,3,4,20,0,0,0,31,12,1,-0.878406166622881,0,0.645161290322581,0.032520325203252,0.036046511627907,0.0740130459444129,0,2.0,5.0
2022,REG+POST,00-0035040,D.Blough,David Blough,QB,QB,"https://static.www.nfl.com/image/private/f_auto,q_auto/league/enumsdgbnfykd6znzeck",2,ARI,38,58,402,2,2,5,24,1,1,481,225,18,-4.82702916547705,0,0.835758835758836,0.028820329505475,4,5,0,0,0,0,-5.00835443963297,0,0,0,0,0,0,0,0,0,0,,0,,,,,0,18.58,18.58
2022,REG+POST,00-0035042,J.Gillan,Jamie Gillan,P,SPEC,"https://static.www.nfl.com/image/private/f_auto,q_auto/league/fhwbrytkidc2slpjlazg",3,NYG,0,0,0,0,0,1,11,0,0,0,0,0,-3.91646933788434,0,,,2,-3,0,1,0,0,-5.0160511447466,0,0,0,0,0,0,0,0,0,0,,0,,,,,0,-0.3,-0.3
2022,REG+POST,00-0035099,K.Blasingame,Khari Blasingame,FB,RB,"https://static.www.nfl.com/image/private/f_auto,q_auto/league/w6upjqhddbjlnnqui819",1,CHI,0,0,0,0,0,0,0,0,0,0,0,0,,0,,,0,0,0,0,0,0,,0,0,1,0,0,0,0,-4,0,0,-0.555493432795629,0,0.0,0.0416666666666667,-0.0232558139534884,0.0462209302325581,0,0.0,0.0
2022,REG+POST,00-0035125,A.Ingold,Alec Ingold,FB,RB,"https://static.www.nfl.com/image/private/f_auto,q_auto/league/oxtyl1jrhudt3minnb83",12,MIA,0,0,0,0,0,0,0,0,0,0,0,0,,0,,,6,8,1,0,0,5,3.48332246436621,0,15,23,105,1,0,0,54,93,4,-1.51853228808614,0,1.94444444444444,0.0570719602977668,0.0156657963446475,0.0965739978879034,0,23.3,38.3
2022,REG+POST,00-0035133,K.Nixon,Keisean Nixon,CB,DB,"https://static.www.nfl.com/image/private/f_auto,q_auto/league/fxopilb7lo4fmzzoz4z0",1,GB,0,0,0,0,0,0,0,0,0,0,0,0,,0,,,0,0,0,0,0,0,,0,0,0,0,0,0,0,0,0,0,,0,,,,,1,6.0,6.0
2022,REG+POST,00-0035140,M.Hardman,Mecole Hardman,WR,WR,"https://static.www.nfl.com/image/upload/f_auto,q_auto/league/rzs2xd5j7o7lz1ivk5te",9,KC,0,0,0,0,0,0,0,0,0,0,0,0,,0,,,6,38,2,0,0,4,2.94769139168784,0,27,37,307,4,0,0,290,163,15,18.4252539510112,0,1.05862068965517,0.104519774011299,0.115583897967318,0.237688389594072,0,70.5,97.5
2022,REG+POST,00-0035146,T.McSorley,Trace McSorley,QB,QB,"https://static.www.nfl.com/image/private/f_auto,q_auto/league/gfl6nhrkzshnhcsxfvqy",5,ARI,45,83,412,0,5,3,27,1,1,644,207,17,-36.3881795077863,0,0.639751552795031,-0.0237664033028082,15,61,0,1,1,3,-6.19019312651188,0,0,0,0,0,0,0,0,0,0,,0,,,,,0,8.58,8.58
2022,REG+POST,00-0035156,J.Fox,Jack Fox,P,SPEC,"https://static.www.nfl.com/image/private/f_auto,q_auto/league/bopl2e68nma6fbujuq4u",1,DET,1,1,6,0,0,0,0,0,0,6,0,1,2.95259860344231,0,1.0,,0,0,0,0,0,0,,0,0,0,0,0,0,0,0,0,0,,0,,,,,0,0.24,0.24
2022,REG+POST,00-0035184,D.Ozigbo,Devine Ozigbo,RB,RB,"https://static.www.nfl.com/image/private/f_auto,q_auto/league/teht8fiw2mu5g8xmdoqm",3,DEN,0,0,0,0,0,0,0,0,0,0,0,0,,0,,,3,4,0,0,0,0,-1.50215048354585,0,1,1,3,0,0,0,-4,7,0,-0.180052295094356,0,-0.75,0.03125,-0.0123076923076923,0.0382596153846154,0,0.7,1.7
2022,REG+POST,00-0035208,O.Zaccheaus,Olamide Zaccheaus,WR,WR,"https://static.www.nfl.com/image/private/f_auto,q_auto/league/dwtubzfv9kpr23znavl6",16,ATL,0,0,0,0,0,0,0,0,0,0,0,0,,0,,,2,7,0,0,0,1,-0.471231613657437,0,40,61,533,3,1,1,718,193,25,23.6775589132273,0,0.742339832869081,0.162666666666667,0.204908675799087,0.387436073059361,0,70.0,110.0
2022,REG+POST,00-0035215,D.Harty,Deonte Harty,WR,WR,"https://static.www.nfl.com/image/private/f_auto,q_auto/league/h72iki8fggkee1n2jpg6",2,NO,0,0,0,0,0,0,0,0,0,0,0,0,,0,,,0,0,0,0,0,0,,0,2,2,13,0,0,0,5,8,0,-1.21072969160741,0,2.6,0.0277777777777778,0.0060386473429951,0.0458937198067633,0,1.3,3.3
2022,REG+POST,00-0035216,D.Johnson,Diontae Johnson,WR,WR,"https://static.www.nfl.com/image/private/f_auto,q_auto/league/imoqxbyoluisz2tmoral",17,PIT,0,0,0,0,0,0,0,0,0,0,0,0,,0,,,7,25,0,0,0,1,0.424014863616321,0,86,147,882,0,1,0,1499,236,45,-6.91129774280878,2,0.588392261507672,0.268248175182482,0.332963127498889,0.635446452022945,0,94.7,180.7
2022,REG+POST,00-0035217,B.Snell,Benny Snell,RB,RB,"https://static.www.nfl.com/image/private/f_auto,q_auto/league/fo3ppnx6djkougdmpthf",3,PIT,0,0,0,0,0,0,0,0,0,0,0,0,,0,,,20,90,1,0,0,6,4.33043405856006,0,2,2,17,0,0,0,-1,18,1,1.56424062600127,0,-17.0,0.0363636363636364,-0.0024271844660194,0.052846425419241,0,16.7,18.7
2022,REG+POST,00-0035222,Z.Gentry,Zach Gentry,TE,TE,"https://static.www.nfl.com/image/private/f_auto,q_auto/league/ymrc0ebxrmqahtvimt8l",14,PIT,0,0,0,0,0,0,0,0,0,0,0,0,,0,,,0,0,0,0,0,0,,0,19,23,132,0,0,0,64,102,6,-1.43605841651222,0,2.0625,0.050328227571116,0.0231464737793852,0.0916948730022436,0,13.2,32.2
2022,REG+POST,00-0035228,K.Murray,Kyler Murray,QB,QB,"https://static.www.nfl.com/image/private/f_auto,q_auto/league/ad68dbv2eqakttaqwppv",11,ARI,259,390,2368,14,7,25,192,3,0,2678,1254,119,-18.2468432857015,3,0.884241971620612,0.052151400418085,67,418,3,4,2,23,11.4837473470646,1,0,0,0,0,0,0,0,0,0,,0,,,,,0,200.52,200.52
2022,REG+POST,00-0035229,T.Hockenson,T.J. Hockenson,TE,TE,"https://static.www.nfl.com/image/private/f_auto,q_auto/league/exbnbnkgkhp9tlt10wig",18,MIN,0,0,0,0,0,0,0,0,0,0,0,0,,0,,,0,0,0,0,0,0,,0,96,140,1043,6,1,1,1054,478,50,14.2462302389635,2,0.989563567362429,0.207715133531157,0.188719785138765,0.443676549893871,0,142.3,238.3
2022,REG+POST,00-0035243,M.Sanders,Miles Sanders,RB,RB,"https://static.www.nfl.com/image/private/f_auto,q_auto/league/vzctez3oxwdttiyukq18",20,PHI,0,0,0,0,0,0,0,0,0,0,0,0,,0,,,294,1417,13,2,1,69,13.0477396512288,0,21,28,81,0,1,1,23,103,2,-12.2578541884432,0,3.52173913043478,0.0588235294117647,0.0061894510226049,0.0925679098334705,0,223.8,244.8
2022,REG+POST,00-0035249,J.Oliver,Josh Oliver,TE,TE,"https://static.www.nfl.com/image/private/f_auto,q_auto/league/pwd3muzyjclgjlwwtdah",13,BAL,0,0,0,0,0,0,0,0,0,0,0,0,,0,,,0,0,0,0,0,0,,0,16,27,175,2,0,0,223,90,9,7.01441429849135,0,0.7847533632287,0.076271186440678,0.0776462395543175,0.168759147349039,0,29.5,45.5
2022,REG+POST,00-0035250,D.Singletary,Devin Singletary,RB,RB,"https://static.www.nfl.com/image/upload/f_auto,q_auto/league/ulczhsxmhnyrsyjfrhd5",18,BUF,0,0,0,0,0,0,0,0,0,0,0,0,,0,,,193,892,5,3,3,48,-15.2896057368198,0,43,60,317,1,0,0,-1,306,16,5.02442133012556,0,-317.0,0.101522842639594,-0.0001968116512497,0.152146495803516,0,150.9,193.9
2022,REG+POST,00-0035259,T.Wesco,Trevon Wesco,TE,TE,"https://static.www.nfl.com/image/private/f_auto,q_auto/league/ptq3iidy6uyg3f31gjl5",4,CHI,0,0,0,0,0,0,0,0,0,0,0,0,,0,,,0,0,0,0,0,0,,0,2,4,26,0,0,0,23,12,1,-0.326346525980625,1,1.1304347826087,0.0645161290322581,0.041970802919708,0.126153755592183,0,4.6,6.6
2022,REG+POST,00-0035261,T.Pollard,Tony Pollard,RB,RB,"https://static.www.nfl.com/image/private/f_auto,q_auto/league/pqhmih6cdyb3yqfd1dmb",18,DAL,0,0,0,0,0,0,0,0,0,0,0,0,,0,,,214,1106,9,0,0,49,2.53646884842929,0,44,61,394,3,0,0,73,371,19,5.73815490743793,0,5.3972602739726,0.10951526032316,0.0185232174574981,0.177239142704988,0,222.0,266.0
2022,REG+POST,00-0035264,J.Stidham,Jarrett Stidham,QB,QB,"https://static.www.nfl.com/image/private/f_auto,q_auto/league/vzjrnfhb1p5n5x67zzx4",3,LV,53,83,656,4,3,7,47,2,1,763,261,32,-5.13012409190855,0,0.859764089121887,0.0749728588442778,14,84,0,1,0,7,4.8247253955924,0,0,0,0,0,0,0,0,0,0,,0,,,,,0,42.64,42.64
2022,REG+POST,00-0035272,A.Van Ginkel,Andrew Van Ginkel,OLB,LB,"https://static.www.nfl.com/image/private/f_auto,q_auto/league/tq7dbfmycd7qrbal5lvb",1,MIA,0,0,0,0,0,0,0,0,0,0,0,0,,0,,,0,0,0,0,0,0,,0,0,0,0,0,0,0,0,0,0,,0,,,,,1,6.0,6.0
2022,REG+POST,00-0035277,M.Jackson,Michael Jackson,CB,DB,"https://static.www.nfl.com/image/upload/f_auto,q_auto/league/nbudnfgau5q49t7mik4g",1,SEA,0,0,0,0,0,0,0,0,0,0,0,0,,0,,,0,0,0,0,0,0,,0,0,0,0,0,0,0,0,0,0,,0,,,,,1,6.0,6.0
2022,REG+POST,00-0035289,G.Minshew,Gardner Minshew,QB,QB,"https://static.www.nfl.com/image/private/f_auto,q_auto/league/gvv8ki5crxio2rxfwzng",6,PHI,44,76,663,3,3,6,28,2,0,717,251,30,7.4255315409884,0,0.924686192468619,0.0492901468392755,9,1,1,1,1,1,-15.8284926680944,0,0,0,0,0,0,0,0,0,0,,0,,,,,0,36.62,36.62
2022,REG+POST,00-0035291,T.Williams,Trayveon Williams,RB,RB,"https://static.www.nfl.com/image/private/f_auto,q_auto/league/lwyipowl19fmjrfm37nd",4,CIN,0,0,0,0,0,0,0,0,0,0,0,0,,0,,,6,30,0,0,0,1,-0.613481856242288,0,2,3,30,0,0,0,20,8,1,1.58802612204454,0,1.5,0.0285714285714286,0.025706940874036,0.060852001468968,0,6.0,8.0
2022,REG+POST,00-0035298,S.Miller,Scott Miller,WR,WR,"https://static.www.nfl.com/image/private/f_auto,q_auto/league/op0lagoypltubc9t61qu",11,TB,0,0,0,0,0,0,0,0,0,0,0,0,,0,,,1,8,0,0,0,0,-0.361206862144172,0,23,40,185,0,0,0,512,33,8,0.70708928487305,0,0.361328125,0.0829875518672199,0.163682864450128,0.239059332915919,0,19.3,42.3
2022,REG+POST,00-0035308,T.Sweeney,Tommy Sweeney,TE,TE,"https://static.www.nfl.com/image/private/f_auto,q_auto/league/tw1tgrqwyiadl4kweuf6",1,BUF,0,0,0,0,0,0,0,0,0,0,0,0,,0,,,0,0,0,0,0,0,,0,1,1,7,0,0,0,-1,8,1,0.801076786592603,0,0.0,0.0263157894736842,-0.0035714285714285,0.0369736842105263,0,0.7,1.7
2022,REG+POST,00-0035311,M.Gaskin,Myles Gaskin,RB,RB,"https://static.www.nfl.com/image/private/f_auto,q_auto/league/ypsxp4e7apgqibr9edzy",2,MIA,0,0,0,0,0,0,0,0,0,0,0,0,,0,,,10,26,0,0,0,2,-4.99477203493007,0,4,6,28,0,0,0,17,20,0,-4.26989294885425,0,1.64705882352941,0.0857142857142857,0.025260029717682,0.146253449373806,0,5.4,9.4
2022,REG+POST,00-0035327,C.Moore,C.J. Moore,FS,DB,"https://static.www.nfl.com/image/private/f_auto,q_auto/league/jsfetufrmzdqhxvwvcwq",2,DET,0,0,0,0,0,0,0,0,0,0,0,0,,0,,,2,55,0,0,0,2,6.83741370635107,0,0,0,0,0,0,0,0,0,0,,0,,,,,0,5.5,5.5
2022,REG+POST,00-0035329,D.Parham,Donald Parham,TE,TE,"https://static.www.nfl.com/image/private/f_auto,q_auto/league/a0edaf5rlkyc6syfvonz",7,LAC,0,0,0,0,0,0,0,0,0,0,0,0,,0,,,0,0,0,0,0,0,,0,14,17,153,1,0,0,158,44,6,8.21040189461624,0,0.968354430379747,0.0622710622710623,0.0929958799293702,0.158503709357153,0,21.3,35.3
2022,REG+POST,00-0035341,T.Irwin,Trenton Irwin,WR,WR,"https://static.www.nfl.com/image/private/f_auto,q_auto/league/nx9e98gqxm1ov8z9rsn2",11,CIN,0,0,0,0,0,0,0,0,0,0,0,0,,0,,,1,11,0,0,0,1,0.635329640004784,0,17,27,250,4,0,0,284,62,13,21.069822521094,0,0.880281690140845,0.0681818181818182,0.110850897736144,0.179868355688028,0,50.1,67.1
2022,REG+POST,00-0035345,C.Myarick,Chris Myarick,TE,TE,"https://static.www.nfl.com/image/private/f_auto,q_auto/league/exwqvc1wszmrf44sp1us",7,NYG,0,0,0,0,0,0,0,0,0,0,0,0,,0,,,0,0,0,0,0,0,,0,7,8,65,1,0,0,23,38,5,7.24267490941566,0,2.82608695652174,0.0432432432432432,0.0190239867659223,0.0781816556010104,0,12.5,19.5
2022,REG+POST,00-0035359,D.Sills,David Sills,WR,WR,"https://static.www.nfl.com/image/private/f_auto,q_auto/league/sk6xldbivylmykzlsgzw",7,NYG,0,0,0,0,0,0,0,0,0,0,0,0,,0,,,0,0,0,0,0,0,,0,11,17,106,0,0,0,133,40,7,4.90242563802167,0,0.796992481203008,0.0894736842105263,0.102150537634409,0.205715902659875,0,10.6,21.6
2022,REG+POST,00-0035399,S.Morgan,Stanley Morgan,WR,WR,"https://static.www.nfl.com/image/private/f_auto,q_auto/league/jzkx5cgnjnzgi7eutmbe",1,CIN,0,0,0,0,0,0,0,0,0,0,0,0,,0,,,0,0,0,0,0,0,,0,0,1,0,0,0,0,0,0,0,-3.1803987219464,0,,0.0294117647058824,,,0,0.0,0.0
2022,REG+POST,00-0035406,L.Humphrey,Lil'Jordan Humphrey,WR,WR,"https://static.www.nfl.com/image/private/f_auto,q_auto/league/r58pqj96qunak08kld9u",3,NE,0,0,0,0,0,0,0,0,0,0,0,0,,0,,,0,0,0,0,0,0,,0,2,4,20,0,0,0,27,15,0,0.319614155567251,0,0.740740740740741,0.0465116279069768,0.0331695331695332,0.0929861150791383,0,2.0,4.0
2022,REG+POST,00-0035414,J.Guyton,Jalen Guyton,WR,WR,"https://static.www.nfl.com/image/private/f_auto,q_auto/league/etdpyuyxbaplhm0pwiqz",2,LAC,0,0,0,0,0,0,0,0,0,0,0,0,,0,,,0,0,0,0,0,0,,0,2,4,64,0,0,0,115,7,2,4.26403268127769,0,0.556521739130435,0.0533333333333333,0.195911413969336,0.217137989778535,0,6.4,8.4
2022,REG+POST,00-0035432,J.Moore,Jason Moore,WR,WR,"https://static.www.nfl.com/image/private/f_auto,q_auto/league/gbbc1ckeorj74mpfvstq",1,LAC,0,0,0,0,0,0,0,0,0,0,0,0,,0,,,0,0,0,0,0,0,,0,1,2,5,0,0,0,24,0,0,-0.742292379261926,0,0.208333333333333,0.0392156862745098,0.0747663551401869,0.111159978009896,0,0.5,1.5
2022,REG+POST,00-0035457,T.Johnson,Tyron Johnson,WR,WR,"https://static.www.nfl.com/image/private/f_auto,q_auto/league/vrm7fxgx1p0cdabbo7ce",1,HOU,0,0,0,0,0,0,0,0,0,0,0,0,,0,,,0,0,0,0,0,0,,0,1,1,8,0,0,0,-2,10,0,0.633759932476096,0,0.0,0.0476190476190476,-0.0127388535031847,0.0625113739763421,0,0.8,1.8
2022,REG+POST,00-0035500,G.Dortch,Greg Dortch,WR,WR,"https://static.www.nfl.com/image/private/f_auto,q_auto/league/tyjkbk1tbjprgnokg5vo",11,ARI,0,0,0,0,0,0,0,0,0,0,0,0,,0,,,7,44,0,0,0,3,1.96789370360784,0,52,64,467,2,0,0,316,293,19,12.0618982991102,0,1.47784810126582,0.151300236406619,0.120610687022901,0.31137783552596,0,63.1,115.1
2022,REG+POST,00-0035510,J.Smith,Jeff Smith,WR,WR,"https://static.www.nfl.com/image/private/f_auto,q_auto/league/yfhldkiemkd3piauwjkt",7,NYJ,0,0,0,0,0,0,0,0,0,0,0,0,,0,,,0,0,0,0,0,0,,0,8,11,134,0,0,0,144,37,5,6.63677369389916,0,0.930555555555556,0.0518867924528302,0.0726905603230692,0.128713580905394,0,13.4,21.4
2022,REG+POST,00-0035527,A.Isabella,Andy Isabella,WR,WR,"https://static.www.nfl.com/image/private/f_auto,q_auto/league/s3repurenhwlyxci2sqy",3,BAL,0,0,0,0,0,0,0,0,0,0,0,0,,0,,,1,1,0,0,0,0,-0.554851210617926,0,2,5,21,0,0,0,70,5,2,0.35335567645006,0,0.3,0.054945054945055,0.117056856187291,0.164357381748686,0,2.2,4.2
2022,REG+POST,00-0035535,D.Slayton,Darius Slayton,WR,WR,"https://static.www.nfl.com/image/private/f_auto,q_auto/league/emmy86blz71njkcr496b",15,NYG,0,0,0,0,0,0,0,0,0,0,0,0,,0,,,1,3,0,0,0,0,-0.340608999948017,0,51,84,816,2,2,1,1030,307,34,33.0998668240498,0,0.792233009708738,0.197647058823529,0.37037037037037,0.555729847494553,0,91.9,142.9
2022,REG+POST,00-0035537,T.Johnson,Ty Johnson,RB,RB,"https://static.www.nfl.com/image/private/f_auto,q_auto/league/rnnicisnd8bqwheufiel",10,NYJ,0,0,0,0,0,0,0,0,0,0,0,0,,0,,,30,160,1,0,0,5,-4.09428113913532,0,12,24,88,0,0,0,48,73,3,-11.4523738198956,0,1.83333333333333,0.0857142857142857,0.0211267605633803,0.143360160965795,0,30.8,42.8
2022,REG+POST,00-0035544,T.Kennedy,Tom Kennedy,WR,WR,"https://static.www.nfl.com/image/private/f_auto,q_auto/league/smmwtleq204yxkraf4z6",5,DET,0,0,0,0,0,0,0,0,0,0,0,0,,0,,,0,0,0,0,0,0,,0,8,15,141,0,0,0,134,73,7,7.93122358562974,0,1.05223880597015,0.108695652173913,0.146929824561404,0.265894355453852,0,14.1,22.1
2022,REG+POST,00-0035547,J.Fortson,Joseph Fortson,TE,TE,"https://static.www.nfl.com/image/private/f_auto,q_auto/league/gxhstzqswbn4z05r9rqv",10,KC,0,0,0,0,0,0,0,0,0,0,0,0,,0,,,0,0,0,0,0,0,,0,9,14,108,2,0,0,90,40,6,6.64693078185255,0,1.2,0.042042042042042,0.0364077669902913,0.088548499956267,0,22.8,31.8
2022,REG+POST,00-0035562,J.Horsted,Jesper Horsted,TE,TE,"https://static.www.nfl.com/image/private/f_auto,q_auto/league/mqbodeysdvvvuhkctewa",2,LV,0,0,0,0,0,0,0,0,0,0,0,0,,0,,,0,0,0,0,0,0,,0,3,4,19,0,0,0,26,6,0,0.0266837113304064,0,0.730769230769231,0.0606060606060606,0.0417335473515249,0.120122574055158,0,1.9,4.9
2022,REG+POST,00-0035567,C.Reynolds,Craig Reynolds,RB,RB,"https://static.www.nfl.com/image/private/f_auto,q_auto/league/xrtk4bhx2jacwojihzor",6,DET,0,0,0,0,0,0,0,0,0,0,0,0,,0,,,23,102,0,0,0,4,-4.25025906867813,0,9,10,116,0,0,0,12,108,5,5.99750227430527,0,9.66666666666667,0.0492610837438424,0.0069726902963393,0.0787725088232011,0,21.8,30.8
2022,REG+POST,00-0035572,P.Hesse,Parker Hesse,TE,TE,"https://static.www.nfl.com/image/private/f_auto,q_auto/league/gjzgdhrxeze35hqygj1y",9,ATL,0,0,0,0,0,0,0,0,0,0,0,0,,0,,,0,0,0,0,0,0,,0,9,11,89,0,0,0,65,36,6,8.56791393418098,0,1.36923076923077,0.047008547008547,0.0283842794759825,0.0903818161460083,0,8.9,17.9
2022,REG+POST,00-0035593,J.Winfree,Juwann Winfree,WR,WR,"https://static.www.nfl.com/image/private/f_auto,q_auto/league/fty9irxwcqq7malchotw",3,GB,0,0,0,0,0,0,0,0,0,0,0,0,,0,,,0,0,0,0,0,0,,0,1,4,17,0,0,0,52,5,1,-0.998483151837718,0,0.326923076923077,0.0353982300884956,0.068241469816273,0.100866374004134,0,1.7,2.7
2022,REG+POST,00-0035594,T.Homer,Travis Homer,RB,RB,"https://static.www.nfl.com/image/private/f_auto,q_auto/league/chcoxgzursdqznkyffxe",8,SEA,0,0,0,0,0,0,0,0,0,0,0,0,,0,,,19,74,0,0,0,4,-2.41903995090979,0,16,18,157,1,1,1,31,129,7,-5.40755327302031,0,5.06451612903226,0.0861244019138756,0.0238645111624326,0.145891760684516,0,27.1,43.1
2022,REG+POST,00-0035603,K.Blanton,Kendall Blanton,TE,TE,"https://static.www.nfl.com/image/private/f_auto,q_auto/league/hyne29kklkfyyhaljukj",2,LA,0,0,0,0,0,0,0,0,0,0,0,0,,0,,,0,0,0,0,0,0,,0,2,2,35,0,0,0,12,23,1,1.94552876648959,0,2.91666666666667,0.0273972602739726,0.025369978858351,0.0588548756118046,0,3.5,5.5
2022,REG+POST,00-0035609,J.Gervase,Jake Gervase,ILB,LB,"https://static.www.nfl.com/image/private/f_auto,q_auto/league/tgzuawrs7ra52ultqahi",1,LA,0,0,0,0,0,0,0,0,0,0,0,0,,0,,,0,0,0,0,0,0,,0,1,1,12,0,0,0,6,6,1,2.61605842690915,0,2.0,0.0238095238095238,0.0176470588235294,0.0480672268907563,0,1.2,2.2
2022,REG+POST,00-0035621,N.Webster,Nsimba Webster,WR,WR,"https://static.www.nfl.com/image/private/f_auto,q_auto/league/ozrgm6uydeeuyh0ropgj",1,CHI,0,0,0,0,0,0,0,0,0,0,0,0,,0,,,0,0,0,0,0,0,,0,2,3,14,0,1,0,22,4,1,0.38132999476511,0,0.636363636363636,0.142857142857143,0.139240506329114,0.311754068716094,0,1.4,3.4
2022,REG+POST,00-0035624,N.Harry,N'Keal Harry,WR,WR,"https://static.www.nfl.com/image/private/f_auto,q_auto/league/rtyhxwhkwczkl1g0pcin",6,CHI,0,0,0,0,0,0,0,0,0,0,0,0,,0,,,0,0,0,0,0,0,,0,7,9,116,1,0,0,153,16,4,8.58423115295591,0,0.758169934640523,0.0638297872340426,0.113670133729569,0.175313774461762,0,17.6,24.6
2022,REG+POST,00-0035628,D.Johnson,D'Ernest Johnson,RB,RB,"https://static.www.nfl.com/image/private/f_auto,q_auto/league/zq7xfjee4nyktfky1ofe",3,CLE,0,0,0,0,0,0,0,0,0,0,0,0,,0,,,4,17,0,0,0,1,-0.0639174141688272,0,3,3,7,0,0,0,-1,8,0,-0.964569332019892,0,-7.0,0.0394736842105263,-0.001194743130227,0.0583742061246306,0,2.4,5.4
2022,REG+POST,00-0035631,D.Sample,Drew Sample,TE,TE,"https://static.www.nfl.com/image/private/f_auto,q_auto/league/tqvgozvbmckyaditwpbn",2,CIN,0,0,0,0,0,0,0,0,0,0,0,0,,0,,,0,0,0,0,0,0,,0,2,2,-2,0,0,0,-2,0,0,-3.01596434186873,0,0.0,0.0227272727272727,-0.0035398230088495,0.0316130329847144,0,-0.2,1.8
2022,REG+POST,00-0035639,P.Campbell,Parris Campbell,WR,WR,"https://static.www.nfl.com/image/private/f_auto,q_auto/league/plnptpz1flhijayvb0qv",17,IND,0,0,0,0,0,0,0,0,0,0,0,0,,0,,,5,58,0,0,0,2,2.29286615113961,0,63,91,623,3,1,0,582,276,32,-7.04746110652523,0,1.07044673539519,0.157167530224525,0.156915610676732,0.3455922228105,0,86.1,149.1
2022,REG+POST,00-0035640,D.Metcalf,DK Metcalf,WR,WR,"https://static.www.nfl.com/image/private/f_auto,q_auto/league/u4cefcz7gjvby8c2kdkm",18,SEA,0,0,0,0,0,0,0,0,0,0,0,0,,0,,,0,0,0,0,0,0,,0,100,154,1184,8,2,2,1760,261,54,20.3425694694574,0,0.672727272727273,0.262350936967632,0.383025027203482,0.661643924493886,0,162.4,262.4
2022,REG+POST,00-0035644,N.Fant,Noah Fant,TE,TE,"https://static.www.nfl.com/image/private/f_auto,q_auto/league/w1gqasldrg3jumzdqjvy",18,SEA,0,0,0,0,0,0,0,0,0,0,0,0,,0,,,0,0,0,0,0,0,,0,51,65,497,4,0,0,416,232,25,19.7590242182523,0,1.19471153846154,0.110732538330494,0.0905331882480958,0.229472039269408,0,73.7,124.7
2022,REG+POST,00-0035645,G.Olszewski,Gunner Olszewski,WR,WR,"https://static.www.nfl.com/image/private/f_auto,q_auto/league/asw7wncrfj1rzeknctpd",10,PIT,0,0,0,0,0,0,0,0,0,0,0,0,,0,,,8,39,0,0,0,3,1.52266916783992,0,5,7,53,0,0,0,57,13,1,0.995576425542822,0,0.929824561403509,0.0603448275862069,0.0533707865168539,0.127876791941108,0,9.2,14.2
2022,REG+POST,00-0035657,D.Harris,Damien Harris,RB,RB,"https://static.www.nfl.com/image/private/f_auto,q_auto/league/s0cagglk6qh9ciuddjmu",11,NE,0,0,0,0,0,0,0,0,0,0,0,0,,0,,,106,462,3,0,0,23,-3.71608092816314,0,17,23,97,0,0,0,25,86,4,-5.19468707495253,0,3.88,0.0779661016949153,0.010482180293501,0.124286678747824,0,73.9,90.9
2022,REG+POST,00-0035659,T.McLaurin,Terry McLaurin,WR,WR,"https://static.www.nfl.com/image/private/f_auto,q_auto/league/jpprw1itmmg5nhrdwony",17,WAS,0,0,0,0,0,0,0,0,0,0,0,0,,0,,,7,29,0,1,0,2,1.28761015052442,0,77,120,1191,5,0,0,1549,382,56,48.6600150744493,0,0.768883150419626,0.225988700564972,0.353330291970803,0.58631425522702,0,152.0,229.0
2022,REG+POST,00-0035662,M.Brown,Marquise Brown,WR,WR,"https://static.www.nfl.com/image/private/f_auto,q_auto/league/wgxeuyqliuweurzeigyh",12,ARI,0,0,0,0,0,0,0,0,0,0,0,0,,0,,,1,1,0,0,0,0,-0.228075947379693,0,67,107,709,3,1,0,1205,236,33,-3.33189989394678,0,0.588381742738589,0.236203090507726,0.362406015037594,0.607988846287905,0,89.0,156.0
2022,REG+POST,00-0035664,D.Henderson,Darrell Henderson,RB,RB,"https://static.www.nfl.com/image/private/f_auto,q_auto/league/trvk8n0wjne7edxbajgw",10,LA,0,0,0,0,0,0,0,0,0,0,0,0,,0,,,70,283,3,0,0,14,1.44125769513403,0,17,22,102,0,0,0,28,110,5,-2.26136583913467,0,3.64285714285714,0.0780141843971631,0.0177215189873418,0.129426339886884,0,56.5,73.5
2022,REG+POST,00-0035676,A.Brown,A.J. Brown,WR,WR,"https://static.www.nfl.com/image/private/f_auto,q_auto/league/a014sgzctarbvhwb35lw",20,PHI,0,0,0,0,0,0,0,0,0,0,0,0,,0,,,0,0,0,0,0,0,,0,101,167,1642,12,2,2,2040,603,67,61.068683743522,0,0.804901960784314,0.284497444633731,0.406131793748756,0.711038422574725,0,232.2,333.2
2022,REG+POST,00-0035685,D.Montgomery,David Montgomery,RB,RB,"https://static.www.nfl.com/image/private/f_auto,q_auto/league/grd20lxzonco9jyg3ful",16,CHI,0,0,0,0,0,0,0,0,0,0,0,0,,0,,,201,801,5,1,1,41,-15.3133969494852,0,34,40,316,1,1,1,51,283,10,6.72230372427884,0,6.19607843137255,0.145454545454545,0.0259806418746816,0.236368267494095,0,143.7,177.7
2022,REG+POST,00-0035689,D.Knox,Dawson Knox,TE,TE,"https://static.www.nfl.com/image/private/f_auto,q_auto/league/objioqafpfrffs0ublne",17,BUF,0,0,0,0,0,0,0,0,0,0,0,0,,0,,,0,0,0,0,0,0,,0,56,77,602,7,0,0,616,216,31,22.3063896028769,0,0.977272727272727,0.130067567567568,0.110414052697616,0.272391188239683,0,102.2,158.2
2022,REG+POST,00-0035700,J.Jacobs,Josh Jacobs,RB,RB,"https://static.www.nfl.com/image/private/f_auto,q_auto/league/sagoqkubeaz5yht01ow7",17,LV,0,0,0,0,0,0,0,0,0,0,0,0,,0,,,340,1653,12,2,0,93,-0.734085212900102,0,53,64,400,0,1,1,35,374,16,2.30787074817332,0,11.4285714285714,0.114695340501792,0.0075301204819277,0.177314095090038,0,275.3,328.3
2022,REG+POST,00-0035703,M.Boykin,Miles Boykin,WR,WR,"https://static.www.nfl.com/image/private/f_auto,q_auto/league/khsjozu6q2xl8j6iq69x",3,PIT,0,0,0,0,0,0,0,0,0,0,0,0,,0,,,0,0,0,0,0,0,,0,2,3,11,0,0,0,46,0,1,-0.880375883949455,0,0.239130434782609,0.0275229357798165,0.0692771084337349,0.0897783795733392,0,1.1,3.1
2022,REG+POST,00-0035710,D.Jones,Daniel Jones,QB,QB,"https://static.www.nfl.com/image/private/f_auto,q_auto/league/zrhniboizqpxtdyz6gez",18,NYG,356,534,3641,17,6,52,281,5,2,3446,1829,179,19.0573913686644,2,1.05658734764945,0.0953502438234652,143,810,7,2,1,66,48.9437362701546,0,0,0,0,0,0,0,0,0,0,,0,,,,,0,322.64,322.64
2022,REG+POST,00-0035719,D.Samuel,Deebo Samuel,WR,WR,"https://static.www.nfl.com/image/private/f_auto,q_auto/league/ciwaktyqewczcquks4wy",16,SF,0,0,0,0,0,0,0,0,0,0,0,0,,0,,,55,266,3,4,3,9,-16.7294427418383,0,69,116,843,3,0,0,562,648,32,16.0547013116581,0,1.5,0.249462365591398,0.17239263803681,0.494868395012864,0,140.9,209.9
2022,REG+POST,00-0035726,J.Johnson,Jakob Johnson,FB,RB,"https://static.www.nfl.com/image/private/f_auto,q_auto/league/wkfev7wnnwphmdemhysa",6,LV,0,0,0,0,0,0,0,0,0,0,0,0,,0,,,0,0,0,0,0,0,,0,5,6,10,0,0,0,7,7,0,-3.57587455189787,0,1.42857142857143,0.0319148936170213,0.0063463281958295,0.0523147701626126,0,1.0,6.0
2022,REG+POST,00-0035752,C.Streveler,Chris Streveler,QB,QB,"https://static.www.nfl.com/image/private/f_auto,q_auto/league/epyvfplm9neqqvzsj2q8",1,NYJ,10,15,90,0,0,0,0,0,0,131,17,5,1.72026074829046,0,0.687022900763359,0.142065695637495,9,54,0,1,0,1,1.49871271272423,0,0,0,0,0,0,0,0,0,0,,0,,,,,0,9.0,9.0
2022,REG+POST,00-0035771,M.Wilcox,Mitchell Wilcox,TE,TE,"https://static.www.nfl.com/image/private/f_auto,q_auto/league/cxh2vsypwniukuheewu0",11,CIN,0,0,0,0,0,0,0,0,0,0,0,0,,0,,,0,0,0,0,0,0,,0,19,22,158,1,0,0,92,92,7,9.23863998404704,0,1.71739130434783,0.0554156171284635,0.0403508771929825,0.111369039727783,0,21.8,40.8
2022,REG+POST,00-0035806,J.Hasty,Jamycal Hasty,RB,RB,"https://static.www.nfl.com/image/private/f_auto,q_auto/league/cny5zdqbqkimr4ypua1x",15,JAX,0,0,0,0,0,0,0,0,0,0,0,0,,0,,,50,230,2,0,0,8,-5.68694911466446,0,21,28,133,1,0,0,-31,147,8,4.75917265213815,0,-4.29032258064516,0.0777777777777778,-0.0126530612244898,0.107809523809524,0,54.3,75.3
2022,REG+POST,00-0035823,B.Ellefson,Ben Ellefson,TE,TE,"https://static.www.nfl.com/image/private/f_auto,q_auto/league/obeiese68connhihpmln",2,MIN,0,0,0,0,0,0,0,0,0,0,0,0,,0,,,0,0,0,0,0,0,,0,3,3,26,0,0,0,15,11,2,0.745387402595952,0,1.73333333333333,0.0441176470588235,0.0317124735729387,0.0883752020892924,0,2.6,5.6
2022,REG+POST,00-0035831,J.Robinson,James Robinson,RB,RB,"https://static.www.nfl.com/image/private/f_auto,q_auto/league/ljncffeh5fst4r98izx3",11,NYJ,0,0,0,0,0,0,0,0,0,0,0,0,,0,,,110,425,3,1,0,22,-14.688569113554,0,11,14,51,2,0,0,1,63,5,1.59525333612692,0,51.0,0.0512820512820513,0.0004894762604013,0.0772657103053579,0,77.6,88.6
2022,REG+POST,00-0035860,T.Jones,Tony Jones,RB,RB,"https://static.www.nfl.com/image/private/f_auto,q_auto/league/cgvll8lokulmws98olfa",3,SEA,0,0,0,0,0,0,0,0,0,0,0,0,,0,,,10,24,0,0,0,3,-3.53480760171078,0,5,8,30,0,0,0,-22,34,0,-5.5157368456712,0,-1.36363636363636,0.0707964601769912,-0.0185185185185185,0.0932317273025238,0,5.4,10.4
2022,REG+POST,00-0035864,K.Hinton,Kendall Hinton,WR,WR,"https://static.www.nfl.com/image/private/f_auto,q_auto/league/emvbhstqosvayr6dm2jp",11,DEN,0,0,0,0,0,0,0,0,0,0,0,0,,0,,,2,13,0,0,0,1,0.0727499476051889,0,24,33,311,0,0,0,303,139,14,16.5124832521251,0,1.02640264026403,0.0932203389830508,0.102054563826204,0.211268703152919,0,32.4,56.4
2022,REG+POST,00-0035876,A.Baccellia,Andre Baccellia,WR,WR,"https://static.www.nfl.com/image/private/f_auto,q_auto/league/cjdonjdmsxhnjvrkn7qs",5,ARI,0,0,0,0,0,0,0,0,0,0,0,0,,0,,,0,0,0,0,0,0,,0,7,10,45,0,0,0,91,11,4,1.42709800039593,0,0.494505494505495,0.0515463917525773,0.0650464617583989,0.122852110859745,0,4.5,11.5
2022,REG+POST,00-0035889,T.Townsend,Tommy Townsend,P,SPEC,"https://static.www.nfl.com/image/private/f_auto,q_auto/league/asclkymeaanhtmq8xk4m",1,KC,0,1,0,0,0,0,0,0,0,1,0,0,-3.51758591609541,0,0.0,,0,0,0,0,0,0,,0,0,0,0,0,0,0,0,0,0,,0,,,,,0,0.0,0.0
2022,REG+POST,00-0035891,C.White,Cody White,WR,WR,"https://static.www.nfl.com/image/private/f_auto,q_auto/league/xpv5qwbkx76dwlbcjybi",1,PIT,0,0,0,0,0,0,0,0,0,0,0,0,,0,,,0,0,0,0,0,0,,0,1,1,2,0,0,0,0,2,0,-0.415927316527814,0,0.0,0.0357142857142857,,,0,0.2,1.2
2022,REG+POST,00-0035924,J.Ward,Jonathan Ward,RB,RB,"https://static.www.nfl.com/image/private/f_auto,q_auto/league/ur55zjwwzascteb782vf",2,TEN,0,0,0,0,0,0,0,0,0,0,0,0,,0,,,5,25,0,0,0,2,-0.873255413025618,0,2,3,7,0,0,0,4,4,1,-0.659203936695121,0,1.75,0.0461538461538462,0.0077972709551656,0.0746888588993852,0,3.2,5.2
2022,REG+POST,00-0035939,B.Perkins,Bryce Perkins,QB,QB,"https://static.www.nfl.com/image/private/f_auto,q_auto/league/mouuxpmyg8wgcrtfc0tr",5,LA,19,34,161,1,2,6,50,0,0,196,65,10,-18.6509313210441,0,0.821428571428571,-0.0365855396645222,19,90,0,0,0,6,2.4665657436708,0,0,0,0,0,0,0,0,0,0,,0,,,,,0,15.44,15.44
2022,REG+POST,00-0035956,G.Ricci,Giovanni Ricci,TE,TE,"https://static.www.nfl.com/image/private/f_auto,q_auto/league/ojul5dmnha0y7xygwwn2",6,CAR,0,0,0,0,0,0,0,0,0,0,0,0,,0,,,0,0,0,0,0,0,,0,8,9,100,0,0,0,55,52,3,3.74229111918413,0,1.81818181818182,0.0535714285714286,0.0460251046025105,0.1125747160789,0,10.0,18.0
2022,REG+POST,00-0035973,P.Taylor,Patrick Taylor,RB,RB,"https://static.www.nfl.com/image/private/f_auto,q_auto/league/bd91ck9vlzmb5mlxvrch",4,GB,0,0,0,0,0,0,0,0,0,0,0,0,,0,,,10,31,0,0,0,2,-1.89306988584576,0,1,1,17,0,0,0,0,17,1,2.6245533504989,0,0.0,0.0263157894736842,,,0,4.8,5.8
2022,REG+POST,00-0035993,T.Huntley,Tyler Huntley,QB,QB,"https://static.www.nfl.com/image/private/f_auto,q_auto/league/baup3eqjtmxnygrzbf61",6,BAL,92,141,884,4,4,9,51,0,0,1021,376,42,-3.7453263161318,0,0.865817825661117,0.0527024654605292,52,191,1,4,1,15,-12.3403288545443,1,0,0,0,0,0,0,0,0,0,,0,,,,,0,68.46,68.46
2022,REG+POST,00-0036005,N.Togiai,Noah Togiai,TE,TE,"https://static.www.nfl.com/image/private/f_auto,q_auto/league/evxzsdrwsxqg5jobzl0r",1,PHI,0,0,0,0,0,0,0,0,0,0,0,0,,0,,,0,0,0,0,0,0,,0,0,1,0,0,0,0,4,0,0,-0.640563539229333,0,0.0,0.0344827586206897,0.0310077519379845,0.0734295642876236,0,0.0,0.0
2022,REG+POST,00-0036020,S.Ahmed,Salvon Ahmed,RB,RB,"https://static.www.nfl.com/image/private/f_auto,q_auto/league/ggkz2vamnepagqfn992j",7,MIA,0,0,0,0,0,0,0,0,0,0,0,0,,0,,,17,67,1,0,0,4,0.194681458699051,0,4,6,53,0,0,0,17,39,2,3.28154684588415,0,3.11764705882353,0.0731707317073171,0.0213032581453634,0.12466837826273,0,18.0,22.0
2022,REG+POST,00-0036032,S.McKeon,Sean McKeon,TE,TE,"https://static.www.nfl.com/image/private/f_auto,q_auto/league/q0cuzzunrhwzxj6ofxwv",2,DAL,0,0,0,0,0,0,0,0,0,0,0,0,,0,,,0,0,0,0,0,0,,0,2,3,11,0,0,0,1,7,1,0.150237990892492,0,11.0,0.037037037037037,0.0016447368421052,0.0567068713450292,0,1.1,3.1
2022,REG+POST,00-0036040,J.Johnson,Juwan Johnson,TE,TE,"https://static.www.nfl.com/image/private/f_auto,q_auto/league/kew8v8rgrtbefvnxpl0a",16,NO,0,0,0,0,0,0,0,0,0,0,0,0,,0,,,0,0,0,0,0,0,,0,42,65,508,7,0,0,600,166,25,15.7723026466218,0,0.846666666666667,0.139784946236559,0.142721217887726,0.309582271876247,0,92.8,134.8
2022,REG+POST,00-0036059,T.Mabry,Tyler Mabry,TE,TE,"https://static.www.nfl.com/image/private/f_auto,q_auto/league/eyx5kk2meaw1pzn3ioqn",1,SEA,0,0,0,0,0,0,0,0,0,0,0,0,,0,,,0,0,0,0,0,0,,0,1,1,7,1,0,0,6,1,1,1.96141375257866,0,1.16666666666667,0.0357142857142857,0.0223048327137546,0.0691848114710568,0,6.7,7.7
2022,REG+POST,00-0036096,J.Taylor,J.J. Taylor,RB,RB,"https://static.www.nfl.com/image/private/f_auto,q_auto/league/iscorpkxfwtgcmgvmaem",1,NE,0,0,0,0,0,0,0,0,0,0,0,0,,0,,,10,9,0,0,0,0,-5.49107612241642,0,1,1,8,0,0,0,3,5,0,0.887669721618295,0,2.66666666666667,0.0344827586206897,0.0175438596491228,0.0640048396854205,0,1.7,2.7
2022,REG+POST,00-0036133,J.Proche,James Proche,WR,WR,"https://static.www.nfl.com/image/private/f_auto,q_auto/league/atwsw7e4yg74tnl9pd4m",7,BAL,0,1,0,0,1,0,0,0,0,29,0,0,-4.04289167502429,0,0.0,,0,0,0,0,0,0,,0,8,17,62,0,0,0,155,16,3,-9.6276827508409,0,0.4,0.0769230769230769,0.098287888395688,0.184186137261597,0,4.2,12.2
2022,REG+POST,00-0036145,L.Cager,Lawrence Cager,TE,TE,"https://static.www.nfl.com/image/private/f_auto,q_auto/league/cpp66fc1nu5bnbj5padq",8,NYG,0,0,0,0,0,1,2,0,0,0,0,0,-0.840212194831111,0,,,0,0,0,0,0,0,,0,15,22,138,1,0,0,133,80,9,-4.31571763956551,0,1.03759398496241,0.0811808118081181,0.0753114382785957,0.174489224507194,0,19.8,34.8
2022,REG+POST,00-0036158,J.Dobbins,J.K. Dobbins,RB,RB,"https://static.www.nfl.com/image/private/f_auto,q_auto/league/rbp5kcbx7xqlqwqjvfrw",9,BAL,0,0,0,0,0,0,0,0,0,0,0,0,,0,,,105,582,2,0,0,29,8.3357670709022,0,11,13,85,2,0,0,10,78,6,4.5333060637886,0,8.5,0.102362204724409,0.0134048257372654,0.1629266851027,0,90.7,101.7
2022,REG+POST,00-0036165,I.Hodgins,Isaiah Hodgins,WR,WR,"https://static.www.nfl.com/image/private/f_auto,q_auto/league/ae9jnxdsftbmvgwgtnug",11,NYG,0,0,0,0,0,0,0,0,0,0,0,0,,0,,,0,0,0,0,0,0,,0,46,59,500,5,1,1,529,123,28,15.2330893126791,1,0.945179584120983,0.176119402985075,0.225778915919761,0.422224345621445,0,80.0,126.0
2022,REG+POST,00-0036176,M.Kinsey,Mason Kinsey,WR,WR,"https://static.www.nfl.com/image/private/f_auto,q_auto/league/xs9eu3mjcwhbx6it2ayv",1,TEN,0,0,0,0,0,0,0,0,0,0,0,0,,0,,,0,0,0,0,0,0,,0,1,1,3,0,0,0,3,0,0,0.0048524462617933,0,1.0,0.05,0.0208333333333333,0.0895833333333334,0,0.3,1.3
2022,REG+POST,00-0036182,N.Westbrook-Ikhine,Nick Westbrook-Ikhine,WR,WR,"https://static.www.nfl.com/image/private/f_auto,q_auto/league/orgr5wnkiabp4s03aqj3",15,TEN,0,0,0,0,0,0,0,0,0,0,0,0,,0,,,0,0,0,0,0,0,,0,25,50,397,3,0,0,662,107,18,2.5198795458761,0,0.599697885196375,0.122850122850123,0.206359102244389,0.328726555846257,0,57.7,82.7
2022,REG+POST,00-0036187,R.Gilliam,Reggie Gilliam,FB,RB,"https://static.www.nfl.com/image/private/f_auto,q_auto/league/rxvaq2aatizc3zgu6mpf",4,BUF,0,0,0,0,0,0,0,0,0,0,0,0,,0,,,0,0,0,0,0,0,,0,8,10,69,1,0,0,58,54,4,3.92996016761754,0,1.18965517241379,0.0628930817610063,0.0479735318444996,0.127921094932659,0,12.9,20.9
2022,REG+POST,00-0036194,D.Asiasi,Devin Asiasi,TE,TE,"https://static.www.nfl.com/image/private/f_auto,q_auto/league/ag0lglz7kkq6d29iqxl8",3,CIN,0,0,0,0,0,0,0,0,0,0,0,0,,0,,,0,0,0,0,0,0,,0,2,4,5,0,0,0,59,0,0,-1.46407437778544,0,0.0847457627118644,0.036036036036036,0.070828331332533,0.103633885986827,0,0.5,2.5
2022,REG+POST,00-0036196,G.Davis,Gabe Davis,WR,WR,"https://static.www.nfl.com/image/private/f_auto,q_auto/league/q5ofnb6w7gokbggfmbxp",17,BUF,0,0,0,0,0,0,0,0,0,0,0,0,,0,,,0,0,0,0,0,0,,0,56,106,983,8,1,1,1698,149,42,17.5676919272803,0,0.578916372202591,0.179966044142615,0.296801258521238,0.477709947178788,0,144.3,200.3
2022,REG+POST,00-0036212,T.Tagovailoa,Tua Tagovailoa,QB,QB,"https://static.www.nfl.com/image/private/f_auto,q_auto/league/dyrrl1knhcxqjwuvhcwm",13,MIA,259,400,3548,25,8,21,163,4,1,3833,1274,162,97.3682334299746,0,0.925645708322463,0.148105422312139,24,70,0,2,0,4,-9.16448224091437,0,0,0,0,0,0,0,0,0,0,,0,,,,,0,230.92,230.92
2022,REG+POST,00-0036219,M.Callaway,Marquez Callaway,WR,WR,"https://static.www.nfl.com/image/private/f_auto,q_auto/league/qawwd0bzkayojoios5rh",10,NO,0,0,0,0,0,0,0,0,0,0,0,0,,0,,,0,0,0,0,0,0,,0,16,32,158,1,0,0,389,35,11,-6.19359641429818,0,0.406169665809769,0.104234527687296,0.148416634872186,0.260243435941475,0,21.8,37.8
2022,REG+POST,00-0036223,J.Taylor,Jonathan Taylor,RB,RB,"https://static.www.nfl.com/image/private/f_auto,q_auto/league/xt7jhqpyb4may7k5kedb",11,IND,0,0,0,0,0,0,0,0,0,0,0,0,,0,,,192,861,4,3,3,39,-28.6548071599877,0,28,40,143,0,0,0,-73,208,4,-15.6524113042452,0,-1.95890410958904,0.108108108108108,-0.0310242243943901,0.140445205086089,0,118.4,146.4
2022,REG+POST,00-0036226,J.Eason,Jacob Eason,QB,QB,"https://static.www.nfl.com/image/private/f_auto,q_auto/league/e2qgyhtngjk0llvaswxe",1,CAR,3,5,59,0,1,0,0,0,0,20,50,2,-2.26128179964144,0,2.95,-0.0024136386245121,0,0,0,0,0,0,,0,0,0,0,0,0,0,0,0,0,,0,,,,,0,0.36,0.36
2022,REG+POST,00-0036228,D.Patmon,Dezmon Patmon,WR,WR,"https://static.www.nfl.com/image/private/f_auto,q_auto/league/mqyc6dcbtujx7ioohpmv",1,IND,0,0,0,0,0,0,0,0,0,0,0,0,,0,,,0,0,0,0,0,0,,0,2,6,24,0,0,0,73,7,1,-7.64311559777707,0,0.328767123287671,0.206896551724138,0.290836653386454,0.513930484956725,0,2.4,4.4
2022,REG+POST,00-0036232,H.Bryant,Harrison Bryant,TE,TE,"https://static.www.nfl.com/image/private/f_auto,q_auto/league/rqva2z0by1veklpxnzis",14,CLE,0,0,0,0,0,0,0,0,0,0,0,0,,0,,,1,8,0,0,0,1,0.913424525526352,0,31,42,239,1,0,0,238,113,12,3.82587640244594,0,1.00420168067227,0.0979020979020979,0.0736842105263158,0.198432094221568,0,30.7,61.7
2022,REG+POST,00-0036233,D.Peoples-Jones,Donovan Peoples-Jones,WR,WR,"https://static.www.nfl.com/image/upload/f_auto,q_auto/league/ffxbk2amwghaamfpjbmf",17,CLE,0,0,0,0,0,0,0,0,0,0,0,0,,0,,,1,2,0,0,0,0,-0.384780023479834,0,61,96,839,3,1,1,1107,191,33,18.4124295261327,0,0.757904245709124,0.189349112426036,0.265403979860945,0.469806454541715,1,106.1,167.1
2022,REG+POST,00-0036244,C.Parkinson,Colby Parkinson,TE,TE,"https://static.www.nfl.com/image/private/f_auto,q_auto/league/s76r1d343ld1a3jxhh3g",15,SEA,0,0,0,0,0,0,0,0,0,0,0,0,,0,,,0,0,0,0,0,0,,0,28,40,336,2,0,0,313,155,14,7.33925155803445,0,1.07348242811502,0.0806451612903226,0.0817232375979112,0.178174008254022,0,45.6,73.6
2022,REG+POST,00-0036247,F.Swain,Freddie Swain,WR,WR,"https://static.www.nfl.com/image/private/f_auto,q_auto/league/paillx42r0zfukevnrw6",3,DEN,0,0,0,0,0,0,0,0,0,0,0,0,,0,,,0,0,0,0,0,0,,0,4,6,74,0,0,0,62,27,3,-3.90042554185493,0,1.19354838709677,0.0731707317073171,0.0767326732673267,0.163468968848104,0,7.4,11.4
2022,REG+POST,00-0036250,T.Davis,Tyler Davis,TE,TE,"https://static.www.nfl.com/image/private/f_auto,q_auto/league/v8s9gur5bhkbka624x0n",5,GB,0,0,0,0,0,0,0,0,0,0,0,0,,0,,,0,0,0,0,0,0,,0,4,7,26,0,0,0,27,27,1,-6.44503223802894,0,0.962962962962963,0.0443037974683544,0.0269192422731805,0.085299165793758,0,2.6,6.6
2022,REG+POST,00-0036251,Z.Moss,Zack Moss,RB,RB,"https://static.www.nfl.com/image/private/f_auto,q_auto/league/ds6hvcx6s1vqihnaumm9",13,IND,0,0,0,0,0,0,0,0,0,0,0,0,,0,,,93,456,1,1,1,18,-10.2139582389273,0,11,13,39,0,0,0,-5,42,2,-6.41049449815182,0,-7.8,0.0590909090909091,-0.003698224852071,0.0860476062399139,0,53.5,64.5
2022,REG+POST,00-0036252,M.Pittman,Michael Pittman,WR,WR,"https://static.www.nfl.com/image/private/f_auto,q_auto/league/wnymcombo2plamteihiy",16,IND,0,0,0,0,0,0,0,0,0,0,0,0,,0,,,3,30,0,0,0,2,1.50960650417255,0,99,141,925,4,2,1,985,344,51,21.5612690107263,0,0.939086294416244,0.256363636363636,0.284846732215153,0.583938167096062,0,117.5,216.5
2022,REG+POST,00-0036255,D.Mims,Denzel Mims,WR,WR,"https://static.www.nfl.com/image/private/f_auto,q_auto/league/vxqhwwsx0ngjupeajnpm",9,NYJ,0,0,0,0,0,0,0,0,0,0,0,0,,0,,,0,0,0,0,0,0,,0,11,25,186,0,0,0,313,75,7,-2.84208809944195,0,0.594249201277955,0.0814332247557003,0.120802778849865,0.206711782328456,0,18.6,29.6
2022,REG+POST,00-0036259,J.Jennings,Jauan Jennings,WR,WR,"https://static.www.nfl.com/image/private/f_auto,q_auto/league/owakywf7pevtqx7odtcc",18,SF,0,0,0,0,0,0,0,0,0,0,0,0,,0,,,0,0,0,0,0,0,,0,39,63,483,1,1,0,575,191,27,19.2138391494438,0,0.84,0.11864406779661,0.159412253950652,0.289554679460371,0,54.3,93.3
2022,REG+POST,00-0036261,B.Aiyuk,Brandon Aiyuk,WR,WR,"https://static.www.nfl.com/image/private/f_auto,q_auto/league/mprcyhqhfgzi57ebelbz",20,SF,0,0,0,0,0,0,0,0,0,0,0,0,,0,,,2,23,0,0,0,1,1.52363281778526,0,84,124,1124,8,1,1,1328,399,53,48.0326231497954,0,0.846385542168675,0.216783216783217,0.329446787397668,0.555787576353193,0,160.7,244.7
2022,REG+POST,00-0036264,J.Love,Jordan Love,QB,QB,"https://static.www.nfl.com/image/private/f_auto,q_auto/league/sbnqsffanu76dcz1tugs",4,GB,14,21,195,1,0,0,0,0,0,151,117,9,3.53085999692742,0,1.29139072847682,0.105912243512747,1,-1,0,0,0,0,0.0,0,0,0,0,0,0,0,0,0,0,,0,,,,,0,11.7,11.7
2022,REG+POST,00-0036265,A.Dillon,A.J. Dillon,RB,RB,"https://static.www.nfl.com/image/private/f_auto,q_auto/league/dydcqdx4leta4rudagkq",17,GB,0,0,0,0,0,0,0,0,0,0,0,0,,0,,,186,770,7,0,0,47,2.27966807100254,0,28,43,206,0,1,0,17,203,9,-5.83016156065881,0,12.1176470588235,0.0957683741648107,0.0051173991571342,0.14723474065721,0,139.6,167.6
2022,REG+POST,00-0036268,L.Shenault,Laviska Shenault,WR,WR,"https://static.www.nfl.com/image/private/f_auto,q_auto/league/yohlrvcnnibrtfsc15t5",13,CAR,0,0,0,0,0,0,0,0,0,0,0,0,,0,,,9,65,1,0,0,1,2.48449467116734,0,27,32,272,1,0,0,-22,330,10,10.3259501502616,0,0.0,0.115523465703971,-0.0097690941385435,0.166446832658976,0,45.7,72.7
2022,REG+POST,00-0036271,Q.Watkins,Quez Watkins,WR,WR,"https://static.www.nfl.com/image/private/f_auto,q_auto/league/lmulzdtlnoaldqrb2kit",18,PHI,0,0,0,0,0,0,0,0,0,0,0,0,,0,,,3,1,0,0,0,0,-2.6935721475884,0,34,54,362,3,1,1,544,153,13,-14.7167848946364,0,0.665441176470588,0.101123595505618,0.118570183086312,0.234684521418845,0,52.3,86.3
2022,REG+POST,00-0036275,D.Swift,D'Andre Swift,RB,RB,"https://static.www.nfl.com/image/private/f_auto,q_auto/league/qehlr75ike82kyxy8j9a",14,DET,0,0,0,0,0,0,0,0,0,0,0,0,,0,,,99,542,5,0,0,21,5.51617491038692,1,48,70,389,3,1,0,32,454,17,8.10437936622177,0,12.15625,0.14957264957265,0.0099906337808304,0.231352418005556,0,143.1,191.1
2022,REG+POST,00-0036277,Q.Cephus,Quintez Cephus,WR,WR,"https://static.www.nfl.com/image/private/f_auto,q_auto/league/uzgkdl4kf200rcr5pdl2",1,DET,0,0,0,0,0,0,0,0,0,0,0,0,,0,,,0,0,0,0,0,0,,0,2,3,15,0,0,0,14,4,1,2.97255951358238,0,1.07142857142857,0.0769230769230769,0.0358056265984655,0.140448554003541,0,1.5,3.5
2022,REG+POST,00-0036290,C.Kmet,Cole Kmet,TE,TE,"https://static.www.nfl.com/image/private/f_auto,q_auto/league/ruq1ttpmssyydj0hxwfn",17,CHI,0,0,0,0,0,0,0,0,0,0,0,0,,0,,,2,9,0,0,0,1,1.13863645214587,0,50,69,544,7,1,0,463,286,27,12.1786443009717,0,1.17494600431965,0.192200557103064,0.145643284051589,0.390251134490708,0,97.3,147.3
2022,REG+POST,00-0036297,D.Evans,Darrynton Evans,RB,RB,"https://static.www.nfl.com/image/private/f_auto,q_auto/league/tidqje1qgfqwyiyk3wgz",3,CHI,0,0,0,0,0,0,0,0,0,0,0,0,,0,,,14,64,0,0,0,3,2.96236367704114,0,1,1,33,0,0,0,2,31,1,2.5792727979715,0,16.5,0.0416666666666667,0.0116279069767442,0.0706395348837209,0,9.7,10.7
2022,REG+POST,00-0036309,D.Mooney,Darnell Mooney,WR,WR,"https://static.www.nfl.com/image/private/f_auto,q_auto/league/hjileqykzauyoeqovatm",11,CHI,0,0,0,0,0,0,0,0,0,0,0,0,,0,,,1,2,0,0,0,0,-0.609379588626325,0,40,61,493,2,0,0,727,168,20,15.445919421473,0,0.678129298486933,0.278538812785388,0.36624685138539,0.674181015147856,0,61.5,101.5
2022,REG+POST,00-0036313,B.Mann,Braden Mann,P,SPEC,"https://static.www.nfl.com/image/private/f_auto,q_auto/league/hqskxaynb1h39a3pq0wv",2,NYJ,1,2,17,0,0,0,0,1,0,2,9,1,0.892044087231625,0,8.5,,0,0,0,0,0,0,,0,0,0,0,0,0,0,0,0,0,,0,,,,,0,0.68,0.68
2022,REG+POST,00-0036322,J.Jefferson,Justin Jefferson,WR,WR,"https://static.www.nfl.com/image/private/f_auto,q_auto/league/zdstmm4sloqnichybgja",18,MIN,3,3,32,0,0,0,0,0,0,-3,35,2,0.672887670341879,0,0.0,,4,24,1,0,0,2,2.27670237055281,0,135,193,1856,8,0,0,1966,620,83,74.9058465992515,1,0.944048830111902,0.283823529411765,0.387312844759653,0.696854285449404,0,245.28,380.28
2022,REG+POST,00-0036326,C.Claypool,Chase Claypool,WR,WR,"https://static.www.nfl.com/image/upload/f_auto,q_auto/league/hpgllfzaanonbfxweq9z",15,CHI,1,1,1,1,0,0,0,0,0,1,0,1,2.55321136768907,0,1.0,,9,59,0,0,0,3,2.33499671335449,0,46,79,451,1,1,1,817,143,24,-5.91249009152457,0,0.552019583843329,0.177927927927928,0.218099305926321,0.419561406040317,0,59.04,105.04
2022,REG+POST,00-0036328,A.Gibson,Antonio Gibson,RB,RB,"https://static.www.nfl.com/image/private/f_auto,q_auto/league/c5aij3m4bakia6ygjqux",15,WAS,0,0,0,0,0,0,0,0,0,0,0,0,,0,,,149,546,3,1,0,32,-15.689292970687,0,46,58,353,2,0,0,69,297,18,3.03597664555312,0,5.11594202898551,0.119587628865979,0.0182202270926855,0.192135602263849,0,119.9,165.9
2022,REG+POST,00-0036329,A.Davis,Ashtyn Davis,SS,DB,"https://static.www.nfl.com/image/private/f_auto,q_auto/league/f5bfw9bghiq1jmb5qvko",1,NYJ,0,0,0,0,0,0,0,0,0,0,0,0,,0,,,1,2,0,0,0,1,2.28095121216029,0,0,0,0,0,0,0,0,0,0,,0,,,,,0,0.2,0.2
2022,REG+POST,00-0036331,D.Duvernay,Devin Duvernay,WR,WR,"https://static.www.nfl.com/image/private/f_auto,q_auto/league/hmftubhkmwgqmi5x8scq",14,BAL,0,0,0,0,0,0,0,0,0,0,0,0,,0,,,12,84,1,0,0,7,5.45373379858211,0,37,49,407,3,0,0,437,159,19,19.6726931918238,0,0.931350114416476,0.126614987080103,0.138116308470291,0.286603896549359,1,79.1,116.1
2022,REG+POST,00-0036332,J.Deguara,Josiah Deguara,TE,TE,"https://static.www.nfl.com/image/private/f_auto,q_auto/league/ytgijlfni4cyqs0zozhz",9,GB,0,0,0,0,0,0,0,0,0,0,0,0,,0,,,0,0,0,0,0,0,,0,13,15,114,0,0,0,49,63,4,3.47468572348589,0,2.3265306122449,0.0479233226837061,0.017889740781307,0.084407802572474,0,11.4,24.4
2022,REG+POST,00-0036336,A.McFarland,Anthony McFarland,RB,RB,"https://static.www.nfl.com/image/private/f_auto,q_auto/league/dwt64mh92t2qztepvswo",1,PIT,0,0,0,0,0,0,0,0,0,0,0,0,,0,,,6,30,0,0,0,3,0.771915463672485,0,2,2,11,0,0,0,-4,15,1,-0.452709522447549,0,-2.75,0.0714285714285714,-0.0245398773006135,0.0899649430324277,0,4.1,6.1
2022,REG+POST,00-0036345,K.Osborn,K.J. Osborn,WR,WR,"https://static.www.nfl.com/image/private/f_auto,q_auto/league/rbgsvh08nmm29gaiw7pr",18,MIN,0,0,0,0,0,0,0,0,0,0,0,0,,0,,,3,6,0,0,0,2,3.17750035826554,0,62,93,670,6,1,0,783,304,33,22.5138478675718,0,0.855683269476373,0.136764705882353,0.154255319148936,0.313125782227785,0,103.6,165.6
2022,REG+POST,00-0036355,J.Herbert,Justin Herbert,QB,QB,"https://static.www.nfl.com/image/private/f_auto,q_auto/league/fwjdvww4dv36k8tvsws6",18,LAC,502,742,5012,26,10,41,226,5,3,4743,2639,241,31.1041720388969,1,1.05671515918195,0.0800214664834979,57,159,0,4,0,18,10.0992935748654,0,2,2,-10,0,0,0,-15,5,0,-2.7877581793,0,0.0,0.025,-0.0272727272727273,0.0184090909090909,0,295.38,297.38
2022,REG+POST,00-0036358,C.Lamb,CeeDee Lamb,WR,WR,"https://static.www.nfl.com/image/private/f_auto,q_auto/league/cqygs9e4ynnjdxstdfjq",19,DAL,0,0,0,0,0,0,0,0,0,0,0,0,,0,,,12,53,0,0,0,4,1.38372502813581,0,121,175,1544,10,0,0,1729,552,75,68.7400855405241,0,0.893001735106998,0.285016286644951,0.345316556820451,0.669246019741743,0,219.7,340.7
2022,REG+POST,00-0036360,C.Edwards-Helaire,Clyde Edwards-Helaire,RB,RB,"https://static.www.nfl.com/image/private/f_auto,q_auto/league/ki0pdedjayv47nec4lh1",10,KC,0,0,0,0,0,0,0,0,0,0,0,0,,0,,,71,302,3,0,0,15,1.99692229188804,0,17,23,151,3,0,0,10,144,11,10.2296111649775,0,15.1,0.073482428115016,0.0043215211754537,0.113248706995342,0,81.3,98.3
2022,REG+POST,00-0036365,B.Edwards,Bryan Edwards,WR,WR,"https://static.www.nfl.com/image/private/f_auto,q_auto/league/hgluubcedtu0vmxjxrcf",4,ATL,0,0,0,0,0,0,0,0,0,0,0,0,,0,,,0,0,0,0,0,0,,0,3,5,15,0,0,0,39,9,0,-5.95099375543397,0,0.384615384615385,0.0458715596330275,0.0389221556886228,0.0960528484315772,0,1.5,4.5
2022,REG+POST,00-0036370,J.Kelley,Joshua Kelley,RB,RB,"https://static.www.nfl.com/image/private/f_auto,q_auto/league/fsu6gqcltgnofaakmq6u",13,LAC,0,0,0,0,0,0,0,0,0,0,0,0,,0,,,76,307,2,0,0,16,0.852150318911299,0,15,26,109,0,0,0,52,92,4,-5.54616122675361,0,2.09615384615385,0.0503875968992248,0.017741385192767,0.0880003649837741,0,53.6,68.6
2022,REG+POST,00-0036383,E.Benjamin,Eno Benjamin,RB,RB,"https://static.www.nfl.com/image/private/f_auto,q_auto/league/ibizpqkleka4az4mprvz",12,NO,0,0,0,0,0,0,0,0,0,0,0,0,,0,,,77,313,2,0,0,14,-1.92564028181368,1,25,34,193,0,0,0,-42,234,10,3.42731738539578,0,-4.5952380952381,0.091644204851752,-0.0181425485961123,0.124766523260349,0,64.6,89.6
2022,REG+POST,00-0036387,J.Reagor,Jalen Reagor,WR,WR,"https://static.www.nfl.com/image/private/f_auto,q_auto/league/tei81ifva2dy9os89aat",10,MIN,0,0,0,0,0,0,0,0,0,0,0,0,,0,,,4,25,0,0,0,1,2.75212870608084,0,8,13,104,1,0,0,176,28,5,-0.137370140757412,0,0.590909090909091,0.0342105263157895,0.0610051993067591,0.0940194289884156,0,18.9,26.9
2022,REG+POST,00-0036389,J.Hurts,Jalen Hurts,QB,QB,"https://static.www.nfl.com/image/private/f_auto,q_auto/league/aityegmlyh53aifbssbp",18,PHI,364,547,4280,25,6,42,239,5,2,4516,2031,190,90.343727208138,0,0.947741364038973,0.144705156200946,200,903,18,6,1,84,54.1358817838839,3,0,0,0,0,0,0,0,0,0,,0,,,,,0,457.5,457.5
2022,REG+POST,00-0036407,J.Jeudy,Jerry Jeudy,WR,WR,"https://static.www.nfl.com/image/private/f_auto,q_auto/league/f0jdlnl6wy63qx4oeyzi",15,DEN,0,0,0,0,0,0,0,0,0,0,0,0,,0,,,4,40,0,0,0,4,1.50155001354869,0,67,100,972,6,0,0,1146,396,41,47.3823458073336,0,0.848167539267016,0.207900207900208,0.271628347949751,0.501990155415138,0,137.2,204.2
2022,REG+POST,00-0036410,T.Higgins,Tee Higgins,WR,WR,"https://static.www.nfl.com/image/private/f_auto,q_auto/league/fkpf9urirrkqkln7d2n9",17,CIN,0,0,0,0,0,0,0,0,0,0,0,0,,0,,,0,0,0,0,0,0,,0,87,130,1177,8,0,0,1428,320,54,56.2148527715094,2,0.824229691876751,0.206677265500795,0.317686318131257,0.532396320943072,0,169.7,256.7
2022,REG+POST,00-0036412,K.Hamler,K.J. Hamler,WR,WR,"https://static.www.nfl.com/image/private/f_auto,q_auto/league/t3lqvv3d2tn6syqqtrat",6,DEN,0,0,0,0,0,0,0,0,0,0,0,0,,0,,,2,23,0,0,0,1,1.54540744726546,0,7,14,165,0,0,0,367,23,3,-0.506683415591553,0,0.449591280653951,0.07,0.191046330036439,0.238732431025508,0,18.8,25.8
2022,REG+POST,00-0036414,C.Akers,Cam Akers,RB,RB,"https://static.www.nfl.com/image/upload/f_auto,q_auto/league/q0soq6iusid0dczf94gf",15,LA,0,0,0,0,0,0,0,0,0,0,0,0,,0,,,188,786,7,2,2,39,-13.2471754593134,0,13,18,117,0,0,0,34,136,8,4.12087085132243,0,3.44117647058824,0.0578778135048232,0.0169660678642715,0.0986929677622247,0,128.3,141.3
2022,REG+POST,00-0036415,V.Jefferson,Van Jefferson,WR,WR,"https://static.www.nfl.com/image/upload/f_auto,q_auto/league/p7ymrzyadwaonjx8rsn0",10,LA,0,0,0,0,0,0,0,0,0,0,0,0,,0,,,0,0,0,0,0,0,,0,24,44,369,3,0,0,695,38,20,11.8007902923273,0,0.530935251798561,0.167300380228137,0.333493282149712,0.484395867847004,0,54.9,78.9
2022,REG+POST,00-0036422,A.Trautman,Adam Trautman,TE,TE,"https://static.www.nfl.com/image/private/f_auto,q_auto/league/zdzicjvlqk43ssjhupwy",12,NO,0,0,0,0,0,0,0,0,0,0,0,0,,0,,,0,0,0,0,0,0,,0,18,22,207,1,0,0,118,123,9,8.53289979166584,0,1.75423728813559,0.0664652567975831,0.0397976391231029,0.127556232582547,0,26.7,44.7
2022,REG+POST,00-0036423,A.Okwuegbunam,Albert Okwuegbunam,TE,TE,"https://static.www.nfl.com/image/private/f_auto,q_auto/league/xrv48ppj4qqfknjk6igk",6,DEN,0,0,0,0,0,0,0,0,0,0,0,0,,0,,,0,0,0,0,0,0,,0,10,18,95,1,0,0,99,59,4,-2.28685099752309,0,0.95959595959596,0.0913705583756345,0.0609230769230769,0.179701991409606,0,15.5,25.5
2022,REG+POST,00-0036424,B.Hopkins,Brycen Hopkins,TE,TE,"https://static.www.nfl.com/image/private/f_auto,q_auto/league/agzychtsya1dteoz1khu",7,LA,0,0,0,0,0,0,0,0,0,0,0,0,,0,,,0,0,0,0,0,0,,0,7,11,109,0,0,0,113,33,5,0.946936732935188,0,0.964601769911504,0.0575916230366492,0.0774503084304318,0.140602650456276,0,10.9,17.9
2022,REG+POST,00-0036425,D.Dallas,DeeJay Dallas,RB,RB,"https://static.www.nfl.com/image/private/f_auto,q_auto/league/ffqmt3tvtiqi9obvymlq",12,SEA,0,1,0,0,1,0,0,0,0,8,0,0,-4.86711246607592,0,0.0,,41,199,0,0,0,9,1.53082483552862,0,17,19,126,0,0,0,10,126,5,0.112794921927083,0,12.6,0.0725190839694657,0.0043956043956044,0.111855549031122,0,30.5,47.5
2022,REG+POST,00-0036429,C.Woerner,Charlie Woerner,TE,TE,"https://static.www.nfl.com/image/private/f_auto,q_auto/league/wdcd0m0nbt4p7qiq7exa",2,SF,0,0,0,0,0,0,0,0,0,0,0,0,,0,,,0,0,0,0,0,0,,0,0,2,0,0,0,0,43,0,0,-1.41615797951818,0,0.0,0.0303030303030303,0.0983981693363844,0.114333263990015,0,0.0,0.0
2022,REG+POST,00-0036438,S.Sullivan,Stephen Sullivan,TE,TE,"https://static.www.nfl.com/image/private/f_auto,q_auto/league/dwsdpt0yyomnirainvmj",4,CAR,0,0,0,0,0,0,0,0,0,0,0,0,,0,,,0,0,0,0,0,0,,0,2,6,46,0,0,0,87,21,2,-2.45858359779231,0,0.528735632183908,0.0526315789473684,0.0849609375,0.138420024671053,0,4.6,6.6
2022,REG+POST,00-0036439,T.Cleveland,Tyrie Cleveland,WR,WR,"https://static.www.nfl.com/image/private/f_auto,q_auto/league/bul0m575yzw95m0fbwmv",3,DEN,0,0,0,0,0,0,0,0,0,0,0,0,,0,,,0,0,0,0,0,0,,0,2,7,28,0,0,0,99,17,1,-4.32991943752826,0,0.282828282828283,0.0666666666666667,0.095837366892546,0.167086156824782,0,2.8,4.8
2022,REG+POST,00-0036442,J.Burrow,Joe Burrow,QB,QB,"https://static.www.nfl.com/image/private/f_auto,q_auto/league/jzzqz5ubkilrn9dpxtlp",19,CIN,486,715,5196,39,14,51,319,6,3,4889,2476,255,102.902939841739,4,1.06279402740847,0.126865690070362,90,327,6,0,0,33,6.83624810320907,0,0,0,0,0,0,0,0,0,0,,0,,,,,0,406.54,406.54
2022,REG+POST,00-0036450,K.Vaughn,Ke'Shawn Vaughn,RB,RB,"https://static.www.nfl.com/image/private/f_auto,q_auto/league/npa1msmoqbig9cqznkti",5,TB,0,0,0,0,0,0,0,0,0,0,0,0,,0,,,17,53,0,0,0,3,-2.99027192313224,0,3,4,19,0,0,0,-11,29,1,-0.365912450502955,0,-1.72727272727273,0.0341880341880342,-0.0152143845089903,0.0406319821257581,0,7.2,10.2
2022,REG+POST,00-0036457,T.Williams,Ty'Son Williams,RB,RB,"https://static.www.nfl.com/image/private/f_auto,q_auto/league/ucxy1zbyppgm62iyvrdr",1,ARI,0,0,0,0,0,0,0,0,0,0,0,0,,0,,,0,0,0,0,0,0,,0,1,1,5,0,0,0,-1,6,0,-0.326953217387199,0,-5.0,0.037037037037037,-0.0055555555555555,0.0516666666666667,0,0.5,1.5
2022,REG+POST,00-0036482,M.Strachan,Mike Strachan,WR,WR,"https://static.www.nfl.com/image/private/f_auto,q_auto/league/f0eepzx0zweaaoch5xfj",5,IND,0,0,0,0,0,0,0,0,0,0,0,0,,0,,,0,0,0,0,0,0,,0,3,9,59,0,0,0,129,13,3,-2.66604492317698,0,0.457364341085271,0.0456852791878173,0.0998452012383901,0.138419559648599,0,5.9,8.9
2022,REG+POST,00-0036493,D.Jackson,Deon Jackson,RB,RB,"https://static.www.nfl.com/image/private/f_auto,q_auto/league/wvi0pz27h6t7gfjujxis",12,IND,0,0,0,0,0,0,0,0,0,0,0,0,,0,,,68,236,1,1,1,13,-15.6131862955828,0,30,34,209,1,0,0,-17,228,10,-8.54644934029784,0,-12.2941176470588,0.121863799283154,-0.0092896174863388,0.176292966684294,0,54.5,84.5
2022,REG+POST,00-0036497,T.Jones,Tim Jones,WR,WR,"https://static.www.nfl.com/image/private/f_auto,q_auto/league/aufwsgk6syholp9f7dy6",4,JAX,0,0,0,0,0,0,0,0,0,0,0,0,,0,,,0,0,0,0,0,0,,0,3,4,30,0,0,0,7,21,1,1.18874244944891,0,4.28571428571429,0.0330578512396694,0.0131086142322097,0.058762806822051,0,3.0,6.0
2022,REG+POST,00-0036527,D.Turner,D.J. Turner,WR,WR,"https://static.www.nfl.com/image/private/f_auto,q_auto/league/uq8plrpxajq8lzqhwbz9",2,LV,0,0,0,0,0,0,0,0,0,0,0,0,,0,,,4,26,0,0,0,1,0.268788963381667,0,0,1,0,0,0,0,-3,0,0,-0.894917232049039,0,0.0,0.0526315789473684,-0.0157894736842105,0.0678947368421053,0,2.6,2.6
2022,REG+POST,00-0036534,S.Zylstra,Shane Zylstra,TE,TE,"https://static.www.nfl.com/image/private/f_auto,q_auto/league/e6np1mvcmbxp76d7lbqy",8,DET,0,0,0,0,0,0,0,0,0,0,0,0,,0,,,0,0,0,0,0,0,,0,11,15,60,4,0,0,78,13,6,3.43599681125488,0,0.769230769230769,0.0570342205323194,0.0486587648159701,0.119612466169658,0,30.0,41.0
2022,REG+POST,00-0036543,S.Brown,Spencer Brown,RB,RB,"https://static.www.nfl.com/image/private/f_auto,q_auto/league/mmqzyzoau79or5w0izzq",2,CAR,0,0,0,0,0,0,0,0,0,0,0,0,,0,,,9,43,0,0,0,1,0.790135990569991,0,2,4,10,0,0,0,-1,12,0,-2.3898130847374,0,-10.0,0.0606060606060606,-0.0016447368421052,0.0897577751196172,0,5.3,7.3
2022,REG+POST,00-0036550,R.Bateman,Rashod Bateman,WR,WR,"https://static.www.nfl.com/image/private/f_auto,q_auto/league/rxkbjfe1pdmlvp1vd6i5",6,BAL,0,0,0,0,0,0,0,0,0,0,0,0,,0,,,0,0,0,0,0,0,,0,15,28,285,2,1,1,374,133,7,2.64761705750452,0,0.762032085561497,0.171779141104294,0.27827380952381,0.452460378323108,0,38.5,53.5
2022,REG+POST,00-0036554,N.Collins,Nico Collins,WR,WR,"https://static.www.nfl.com/image/private/f_auto,q_auto/league/iyfqbpftpdxtwst9wtda",10,HOU,0,0,0,0,0,0,0,0,0,0,0,0,,0,,,0,0,0,0,0,0,,0,37,66,481,2,0,0,775,143,21,-1.32705566278886,0,0.620645161290323,0.190201729106628,0.319192751235585,0.508737519524852,0,60.1,97.1
2022,REG+POST,00-0036555,C.Hubbard,Chuba Hubbard,RB,RB,"https://static.www.nfl.com/image/private/f_auto,q_auto/league/f7xzicbrj7lacu7ytzd9",12,CAR,0,0,0,0,0,0,0,0,0,0,0,0,,0,,,95,466,2,0,0,23,1.79318459826909,0,14,17,171,0,1,0,9,166,6,1.7687346039205,0,19.0,0.11038961038961,0.0082417582417582,0.171353646353646,0,75.7,89.7
2022,REG+POST,00-0036556,B.Jordan,Brevin Jordan,TE,TE,"https://static.www.nfl.com/image/private/f_auto,q_auto/league/tgjclmhivqtcdsaggccr",9,HOU,0,0,0,0,0,0,0,0,0,0,0,0,,0,,,0,0,0,0,0,0,,0,14,28,128,0,0,0,205,78,7,-13.6912652464542,0,0.624390243902439,0.0936454849498328,0.0876817792985458,0.201845472933731,0,12.8,26.8
2022,REG+POST,00-0036567,E.Mitchell,Elijah Mitchell,RB,RB,"https://static.www.nfl.com/image/private/f_auto,q_auto/league/pylj2udt3klrdmskh3qi",7,SF,0,0,0,0,0,0,0,0,0,0,0,0,,0,,,68,332,2,0,0,18,2.63566436552214,0,5,7,32,1,0,0,-7,38,2,1.99571507610381,0,-4.57142857142857,0.0760869565217391,-0.0179487179487179,0.101566332218506,0,54.4,59.4
2022,REG+POST,00-0036569,G.Brightwell,Gary Brightwell,RB,RB,"https://static.www.nfl.com/image/private/f_auto,q_auto/league/bxamrjik6crlgdk7tib4",9,NYG,0,0,0,0,0,0,0,0,0,0,0,0,,0,,,32,151,1,0,0,10,-4.81303232231242,0,5,8,39,0,0,0,7,35,4,1.43984519570949,0,5.57142857142857,0.0808080808080808,0.0168269230769231,0.132990967365967,0,25.0,30.0
2022,REG+POST,00-0036572,S.Smith,Shi Smith,WR,WR,"https://static.www.nfl.com/image/private/f_auto,q_auto/league/e08lbk8pl2oxbwxi86ib",15,CAR,0,0,0,0,0,0,0,0,0,0,0,0,,0,,,0,0,0,0,0,0,,0,22,41,296,2,1,1,351,97,14,-8.38615505336949,0,0.843304843304843,0.105398457583548,0.123157894736842,0.244308212691111,0,39.6,61.6
2022,REG+POST,00-0036590,Q.Morris,Quintin Morris,TE,TE,"https://static.www.nfl.com/image/private/f_auto,q_auto/league/twhrvuemckggrhjkxdxj",8,BUF,0,0,0,0,0,0,0,0,0,0,0,0,,0,,,0,0,0,0,0,0,,0,10,14,102,1,1,1,77,50,7,0.456579257154998,0,1.32467532467532,0.04375,0.0251633986928105,0.0832393790849673,0,14.2,24.2
2022,REG+POST,00-0036613,J.Waddle,Jaylen Waddle,WR,WR,"https://static.www.nfl.com/image/private/f_auto,q_auto/league/qjsz2h6shbdnksctzeka",18,MIA,0,0,0,0,0,0,0,0,0,0,0,0,,0,,,4,34,0,0,0,1,3.83581653356669,0,78,124,1400,8,1,1,1566,516,61,75.5530356046398,0,0.893997445721584,0.205298013245033,0.273776223776224,0.499590376510906,0,189.4,267.4
2022,REG+POST,00-0036620,D.Eskridge,D'Wayne Eskridge,WR,WR,"https://static.www.nfl.com/image/private/f_auto,q_auto/league/lwg4cpbjcdcgoru2emht",8,SEA,0,0,0,0,0,0,0,0,0,0,0,0,,0,,,2,10,0,0,0,0,0.446855782065541,0,7,13,58,0,0,0,54,46,4,-1.96482366128178,0,1.07407407407407,0.0562770562770563,0.0321620011911852,0.106928985249414,0,6.8,13.8
2022,REG+POST,00-0036626,D.Brown,Dyami Brown,WR,WR,"https://static.www.nfl.com/image/private/f_auto,q_auto/league/bqy38ftosae4u9lnixjx",7,WAS,0,0,0,0,0,0,0,0,0,0,0,0,,0,,,1,15,0,0,0,1,0.919581310590729,0,5,14,143,2,0,0,361,31,5,4.94825699116336,0,0.39612188365651,0.0703517587939699,0.204880817253121,0.24894421026814,0,27.8,32.8
2022,REG+POST,00-0036628,J.Bates,John Bates,TE,TE,"https://static.www.nfl.com/image/private/f_auto,q_auto/league/wg5krelbhhklpclsw1ts",9,WAS,0,0,0,0,0,0,0,0,0,0,0,0,,0,,,0,0,0,0,0,0,,0,14,22,108,1,1,0,114,54,4,-2.8533656677464,0,0.947368421052632,0.0721311475409836,0.0471269119470856,0.141185559674435,0,16.8,30.8
2022,REG+POST,00-0036630,T.Wallace,Tylan Wallace,WR,WR,"https://static.www.nfl.com/image/private/f_auto,q_auto/league/fjbkshypgeilqrcrljke",5,BAL,0,0,0,0,0,0,0,0,0,0,0,0,,0,,,0,0,0,0,0,0,,0,4,7,33,0,0,0,94,9,1,-2.95119739335496,0,0.351063829787234,0.0440251572327044,0.059493670886076,0.10768330546931,0,3.3,7.3
2022,REG+POST,00-0036635,I.Smith-Marsette,Ihmir Smith-Marsette,WR,WR,"https://static.www.nfl.com/image/private/f_auto,q_auto/league/zwkymyn01hepugxnitac",3,CHI,0,0,0,0,0,0,0,0,0,0,0,0,,0,,,1,-1,0,0,0,0,-0.903047465195414,0,1,4,15,0,1,1,28,5,0,-8.02509383502184,0,0.535714285714286,0.0597014925373134,0.0470588235294118,0.122493415276558,0,-0.6,0.4
2022,REG+POST,00-0036637,N.Gray,Noah Gray,TE,TE,"https://static.www.nfl.com/image/private/f_auto,q_auto/league/bfwc5wzyawwhpwphz2hv",20,KC,0,0,0,0,0,0,0,0,0,0,0,0,,0,,,2,1,1,0,0,1,-0.175415997364325,0,31,38,336,1,0,0,199,202,15,14.0963602792763,0,1.68844221105528,0.0531468531468532,0.0429898466191402,0.109813172353678,0,45.7,76.7
2022,REG+POST,00-0036646,S.Fehoko,Simi Fehoko,WR,WR,"https://static.www.nfl.com/image/private/f_auto,q_auto/league/tdixulojbj0bb6dvinqk",2,DAL,0,0,0,0,0,0,0,0,0,0,0,0,,0,,,0,0,0,0,0,0,,0,3,4,24,0,0,0,51,10,1,-1.14632218365269,0,0.470588235294118,0.0563380281690141,0.0826580226904376,0.142367658136827,0,2.4,5.4
2022,REG+POST,00-0036650,L.Rountree,Larry Rountree,RB,RB,"https://static.www.nfl.com/image/private/f_auto,q_auto/league/m40kbqrmtagssdl2nyx0",2,LAC,0,0,0,0,0,0,0,0,0,0,0,0,,0,,,13,19,0,0,0,0,-7.25853434327291,0,2,2,14,0,0,0,-17,31,1,1.5495878366637,0,-0.823529411764706,0.0266666666666667,-0.0361702127659574,0.0146808510638298,0,3.3,5.3
2022,REG+POST,00-0036652,R.McMath,Racey McMath,WR,WR,"https://static.www.nfl.com/image/private/f_auto,q_auto/league/zst4jrejdem1sizbyywz",4,TEN,0,0,0,0,0,0,0,0,0,0,0,0,,0,,,1,4,0,0,0,0,-0.26016230112873,0,2,8,40,0,0,0,176,7,1,-5.56279355299193,0,0.227272727272727,0.0784313725490196,0.206572769953052,0.262247997790666,0,4.4,6.4
2022,REG+POST,00-0036654,D.Felton,Demetric Felton,RB,RB,"https://static.www.nfl.com/image/private/f_auto,q_auto/league/pfjsjpzj2f9cn39xqde2",4,CLE,0,0,0,0,0,0,0,0,0,0,0,0,,0,,,1,-4,0,0,0,0,-1.29092040879186,0,2,4,8,0,0,0,16,11,0,-1.4629614923615,0,0.5,0.0384615384615385,0.0309477756286267,0.0793557506323464,0,0.4,2.4
2022,REG+POST,00-0036669,K.Hill,Kylin Hill,RB,RB,"https://static.www.nfl.com/image/private/f_auto,q_auto/league/kqcnlnwoumzvotkzu841",1,GB,0,0,0,0,0,0,0,0,0,0,0,0,,0,,,1,7,0,0,0,1,0.546071149292402,0,0,0,0,0,0,0,0,0,0,,0,,,,,0,0.7,0.7
2022,REG+POST,00-0036671,D.Milne,Dax Milne,WR,WR,"https://static.www.nfl.com/image/private/f_auto,q_auto/league/khppoienurb6ntigjdgf",7,WAS,0,0,0,0,0,0,0,0,0,0,0,0,,0,,,0,0,0,0,0,0,,0,6,7,37,1,0,0,38,13,2,2.49064490012825,0,0.973684210526316,0.029535864978903,0.0218140068886338,0.0595736022903981,0,9.7,15.7
2022,REG+POST,00-0036692,M.Forristall,Miller Forristall,TE,TE,"https://static.www.nfl.com/image/private/f_auto,q_auto/league/avkv1zg4q6jxsacoan8q",1,CLE,0,0,0,0,0,0,0,0,0,0,0,0,,0,,,0,0,0,0,0,0,,0,0,1,0,0,0,0,5,0,0,-0.508618170628324,0,0.0,0.032258064516129,0.0248756218905473,0.0658000320975766,0,0.0,0.0
2022,REG+POST,00-0036727,A.Prentice,Adam Prentice,FB,RB,"https://static.www.nfl.com/image/private/f_auto,q_auto/league/oypk09xhfdyvxpkrrxnm",5,NO,0,0,0,0,0,0,0,0,0,0,0,0,,0,,,4,9,0,0,0,3,1.45566263899673,0,3,3,9,0,1,0,-9,18,1,-0.327068652259186,0,-1.0,0.0365853658536585,-0.0101010101010101,0.0478073417097807,0,1.8,4.8
2022,REG+POST,00-0036741,J.Stoll,Jack Stoll,TE,TE,"https://static.www.nfl.com/image/private/f_auto,q_auto/league/ammztxfzv4nnggjhqmuj",10,PHI,0,0,0,0,0,0,0,0,0,0,0,0,,0,,,0,0,0,0,0,0,,0,12,15,128,0,0,0,95,49,5,7.79002765324549,0,1.34736842105263,0.0519031141868512,0.0345078096621867,0.102010138043808,0,12.8,24.8
2022,REG+POST,00-0036754,B.Wright,Brock Wright,TE,TE,"https://static.www.nfl.com/image/private/f_auto,q_auto/league/fxgwaib8wrtxhsrudary",13,DET,0,0,0,0,0,0,0,0,0,0,0,0,,0,,,0,0,0,0,0,0,,0,18,24,216,4,0,0,72,165,13,16.8101057099702,0,3.0,0.0572792362768496,0.0267161410018553,0.104620153116573,0,45.6,63.6
2022,REG+POST,00-0036755,J.Patterson,Jaret Patterson,RB,RB,"https://static.www.nfl.com/image/private/f_auto,q_auto/league/jpudk1muc8zkgiecmrqw",1,WAS,0,0,0,0,0,0,0,0,0,0,0,0,,0,,,17,78,0,0,0,3,-1.09624081887108,0,0,1,0,0,0,0,4,0,0,-0.790954421740025,0,0.0,0.0555555555555556,0.0253164556962025,0.101054852320675,0,7.8,7.8
2022,REG+POST,00-0036810,C.Johnson,Cade Johnson,WR,WR,"https://static.www.nfl.com/image/private/f_auto,q_auto/league/wu2lgnpiszv4fkdrsij4",3,SEA,0,0,0,0,0,0,0,0,0,0,0,0,,0,,,0,0,0,0,0,0,,0,5,7,60,0,0,0,69,12,4,3.76636196527397,0,0.869565217391304,0.0777777777777778,0.080325960419092,0.172894838960031,0,6.0,11.0
2022,REG+POST,00-0036825,F.Franks,Feleipe Franks,TE,TE,"https://static.www.nfl.com/image/private/f_auto,q_auto/league/bymlmtfg2hjxymbheske",2,ATL,0,0,0,0,0,0,0,0,0,0,0,0,,0,,,1,0,0,0,0,0,-0.838099692598917,0,0,2,0,0,0,0,56,0,0,-1.09484711429104,0,0.0,0.0833333333333333,0.262910798122066,0.309037558685446,0,0.0,0.0
2022,REG+POST,00-0036829,C.Huntley,Caleb Huntley,RB,RB,"https://static.www.nfl.com/image/private/f_auto,q_auto/league/xzzb2fcp1ovzekumnjga",12,ATL,0,0,0,0,0,0,0,0,0,0,0,0,,0,,,76,366,1,1,0,18,3.98099746863591,0,2,2,3,0,0,0,-6,9,0,-0.764543658588082,0,-0.5,0.0476190476190476,-0.0245901639344262,0.0542154566744731,0,42.9,44.9
2022,REG+POST,00-0036841,A.Trammell,Austin Trammell,WR,WR,"https://static.www.nfl.com/image/private/f_auto,q_auto/league/inbfgnluexokrvwjrccv",2,LA,0,0,0,0,0,0,0,0,0,0,0,0,,0,,,0,0,0,0,0,0,,0,2,4,13,0,0,0,30,0,1,0.355528288171627,0,0.433333333333333,0.0677966101694915,0.0551470588235294,0.140297856430708,0,1.3,3.3
2022,REG+POST,00-0036842,K.Nwangwu,Kene Nwangwu,RB,RB,"https://static.www.nfl.com/image/private/f_auto,q_auto/league/l6pdzfzysjjidkixp7mz",3,MIN,0,0,0,0,0,0,0,0,0,0,0,0,,0,,,9,14,0,0,0,1,-4.24055263578984,0,2,2,21,0,0,0,0,21,1,1.09260534797795,0,0.0,0.0333333333333333,0.0,0.05,1,9.5,11.5
2022,REG+POST,00-0036849,T.Atwell,Tutu Atwell,WR,WR,"https://static.www.nfl.com/image/private/f_auto,q_auto/league/h0kk3mtoa4xwdw21lty9",12,LA,0,0,0,0,0,0,0,0,0,0,0,0,,0,,,9,34,1,0,0,2,-0.293746374372859,0,18,35,298,1,0,0,622,60,11,4.0469003132936,0,0.479099678456592,0.113636363636364,0.259707724425887,0.352249952552667,0,45.2,63.2
2022,REG+POST,00-0036857,C.Evans,Chris Evans,RB,RB,"https://static.www.nfl.com/image/private/f_auto,q_auto/league/lnkqn3hx8th4ulmxyfen",4,CIN,0,0,0,0,0,0,0,0,0,0,0,0,,0,,,0,0,0,0,0,0,,0,3,4,38,1,0,0,55,8,2,2.30982501723338,0,0.690909090909091,0.0303030303030303,0.0530376084860174,0.0825808713947576,0,9.8,12.8
2022,REG+POST,00-0036858,J.Camp,Jalen Camp,WR,WR,"https://static.www.nfl.com/image/private/f_auto,q_auto/league/uwnxm7am5nrzn5ocvpux",1,HOU,0,0,0,0,0,0,0,0,0,0,0,0,,0,,,0,0,0,0,0,0,,0,1,1,7,0,0,0,7,0,1,0.510851916798856,0,1.0,0.0476190476190476,0.0445859872611465,0.102638762511374,0,0.7,1.7
2022,REG+POST,00-0036862,B.Skowronek,Ben Skowronek,WR,WR,"https://static.www.nfl.com/image/private/f_auto,q_auto/league/og1iee9dsqaphhcnhajt",14,LA,0,0,0,0,0,0,0,0,0,0,0,0,,0,,,1,17,1,0,0,1,1.9739484564634,0,39,61,376,0,0,0,475,142,16,-5.48861968162237,0,0.791578947368421,0.136465324384788,0.151854219948849,0.310995940541376,0,45.3,84.3
2022,REG+POST,00-0036875,R.Stevenson,Rhamondre Stevenson,RB,RB,"https://static.www.nfl.com/image/private/f_auto,q_auto/league/ro2fqabc4qndtnxykvm7",17,NE,0,0,0,0,0,0,0,0,0,0,0,0,,0,,,210,1040,5,2,1,49,-9.57135560322715,0,69,88,421,1,2,0,-14,488,13,-9.87953555823524,0,-30.0714285714286,0.16988416988417,-0.0034229828850855,0.252430166806695,0,180.1,249.1
2022,REG+POST,00-0036876,K.Granson,Kylen Granson,TE,TE,"https://static.www.nfl.com/image/private/f_auto,q_auto/league/vqpymhfwmfrtlzfpv60p",13,IND,0,0,0,0,0,0,0,0,0,0,0,0,,0,,,1,0,0,0,0,0,-1.75257886340842,0,31,40,302,0,1,0,259,127,17,-0.723911449607687,0,1.16602316602317,0.0873362445414847,0.0961752692164872,0.198327055263768,0,30.2,61.2
2022,REG+POST,00-0036877,J.Darden,Jaelon Darden,WR,WR,"https://static.www.nfl.com/image/private/f_auto,q_auto/league/tbuhqtdjd0h3kejsgxln",3,TB,0,0,0,0,0,0,0,0,0,0,0,0,,0,,,1,2,0,0,0,0,-0.40466010873206,0,2,2,26,0,0,0,10,16,1,0.861663943622261,0,2.6,0.0227272727272727,0.0170068027210884,0.045995670995671,0,2.8,4.8
2022,REG+POST,00-0036879,S.Ehlinger,Sam Ehlinger,QB,QB,"https://static.www.nfl.com/image/private/f_auto,q_auto/league/tthjoeohrl2r9ahvu8hx",4,IND,64,101,573,3,3,14,87,1,1,722,294,28,-40.5837325680155,0,0.793628808864266,0.0059000559706065,17,87,0,1,0,5,5.58181667398243,0,0,0,0,0,0,0,0,0,0,,0,,,,,0,35.62,35.62
2022,REG+POST,00-0036880,P.Sewell,Penei Sewell,T,OL,"https://static.www.nfl.com/image/private/f_auto,q_auto/league/mlv9zmffmrxbiavssfio",1,DET,0,0,0,0,0,0,0,0,0,0,0,0,,0,,,0,0,0,0,0,0,,0,1,1,9,0,0,0,3,6,1,1.06044869002653,0,3.0,0.0277777777777778,0.0114503816793893,0.0496819338422392,0,0.9,1.9
2022,REG+POST,00-0036887,L.Farrell,Luke Farrell,TE,TE,"https://static.www.nfl.com/image/private/f_auto,q_auto/league/z3cvxbw8a462oo8maemy",4,JAX,0,0,0,0,0,0,0,0,0,0,0,0,,0,,,0,0,0,0,0,0,,0,4,4,40,0,0,0,4,36,3,-0.689349707274232,0,10.0,0.0353982300884956,0.0051347881899871,0.0566916968657344,0,4.0,8.0
2022,REG+POST,00-0036893,N.Harris,Najee Harris,RB,RB,"https://static.www.nfl.com/image/private/f_auto,q_auto/league/hj3n6gjshilgmesahdxs",17,PIT,1,1,4,0,0,0,0,0,0,-4,8,0,-0.0647925575613044,0,0.0,,272,1034,7,2,1,45,-28.6515734960089,0,41,53,229,3,1,1,95,207,16,2.45134106100929,0,2.41052631578947,0.105577689243028,0.0251389256417042,0.175963781813735,0,182.46,223.46
2022,REG+POST,00-0036894,P.Freiermuth,Pat Freiermuth,TE,TE,"https://static.www.nfl.com/image/private/f_auto,q_auto/league/evpkfpnuj5rajjnl5hkw",15,PIT,0,0,0,0,0,0,0,0,0,0,0,0,,0,,,0,0,0,0,0,0,,0,63,98,732,2,0,0,821,281,37,8.8904478765043,0,0.891595615103532,0.196,0.196976967370441,0.431883877159309,0,85.2,148.2
2022,REG+POST,00-0036898,D.Mills,Davis Mills,QB,QB,"https://static.www.nfl.com/image/private/f_auto,q_auto/league/qwutwzsdumeqnvmmv76i",15,HOU,292,479,3118,17,15,31,244,5,2,3734,1524,135,-74.3353819384466,1,0.835029459025174,0.0073179199034486,32,108,2,3,1,8,2.14915217295413,0,0,0,0,0,0,0,0,0,0,,0,,,,,0,181.52,181.52
2022,REG+POST,00-0036900,J.Chase,Ja'Marr Chase,WR,WR,"https://static.www.nfl.com/image/private/f_auto,q_auto/league/xqhrnv1bfpl2zmhpqobq",15,CIN,0,0,0,0,0,1,9,0,0,0,0,0,-1.60401390434708,0,,,6,11,0,0,0,0,-6.15736561536323,0,107,162,1266,11,2,2,1469,520,69,49.1420212996817,0,0.861810755616065,0.290322580645161,0.375319366377108,0.698207427431717,0,189.7,296.7
2022,REG+POST,00-0036906,K.Herbert,Khalil Herbert,RB,RB,"https://static.www.nfl.com/image/private/f_auto,q_auto/league/ovmznomieqta3a4rgx9a",13,CHI,0,0,0,0,0,0,0,0,0,0,0,0,,0,,,129,731,4,0,0,26,1.17196801237346,0,9,12,57,1,0,0,-29,81,2,-0.86384978224863,0,-1.96551724137931,0.0875912408759124,-0.0231259968102073,0.115198663546723,0,108.8,117.8
2022,REG+POST,00-0036912,D.Smith,DeVonta Smith,WR,WR,"https://static.www.nfl.com/image/private/f_auto,q_auto/league/f8nowzare3wd2qw4jx7d",20,PHI,0,0,0,0,0,0,0,0,0,0,0,0,,0,,,0,0,0,0,0,0,,0,110,158,1393,8,1,1,1566,545,65,68.4942140702274,0,0.889527458492976,0.269165247018739,0.311765876965957,0.621983984404279,0,185.3,295.3
2022,REG+POST,00-0036913,K.Toney,Kadarius Toney,WR,WR,"https://static.www.nfl.com/image/private/f_auto,q_auto/league/sptr6q2brsttjjg4zkov",12,KC,0,0,0,0,0,0,0,0,0,0,0,0,,0,,,8,96,1,0,0,6,7.73316117335344,0,23,30,221,3,0,0,110,149,11,10.7024891722657,0,2.00909090909091,0.0761421319796954,0.0522565320665083,0.150792770416099,0,55.7,78.7
2022,REG+POST,00-0036918,J.Harris,Jacob Harris,WR,WR,"https://static.www.nfl.com/image/private/f_auto,q_auto/league/hgel1hrjct1tthmb4vtd",1,LA,0,0,0,0,0,0,0,0,0,0,0,0,,0,,,0,0,0,0,0,0,,0,1,1,6,0,0,0,4,2,1,2.77069555688649,0,1.5,0.0416666666666667,0.027972027972028,0.0820804195804196,0,0.6,1.6
2022,REG+POST,00-0036919,K.Gainwell,Kenneth Gainwell,RB,RB,"https://static.www.nfl.com/image/private/f_auto,q_auto/league/epkyjvftedewa9leunos",20,PHI,0,0,0,0,0,0,0,0,0,0,0,0,,0,,,86,421,5,0,0,30,21.3851745778083,0,30,38,224,0,0,0,28,199,8,-0.894151805382229,0,8.0,0.080168776371308,0.0071337579617834,0.12524679513021,0,94.5,124.5
2022,REG+POST,00-0036924,M.Carter,Michael Carter,RB,RB,"https://static.www.nfl.com/image/upload/f_auto,q_auto/league/pcdsa4mrdjs8lz8kjmmn",16,NYJ,0,0,0,0,0,0,0,0,0,0,0,0,,0,,,114,402,3,1,1,14,-21.690917342175,0,41,54,288,0,0,0,31,274,12,-4.48468701215461,0,9.29032258064516,0.101313320825516,0.0071560480147737,0.156979214848616,0,85.0,126.0
2022,REG+POST,00-0036928,K.Trask,Kyle Trask,QB,QB,"https://static.www.nfl.com/image/private/f_auto,q_auto/league/ciuqn8n5bdkbdzh0d6zp",1,TB,3,9,23,0,0,0,0,0,0,99,20,1,-5.33255963632837,0,0.232323232323232,-0.0787899986254141,0,0,0,0,0,0,,0,0,0,0,0,0,0,0,0,0,,0,,,,,0,0.92,0.92
2022,REG+POST,00-0036936,R.Moore,Rondale Moore,WR,WR,"https://static.www.nfl.com/image/private/f_auto,q_auto/league/yuwcs40qiqunbfrp9nip",8,ARI,0,0,0,0,0,0,0,0,0,0,0,0,,0,,,6,-5,0,0,0,1,-7.55513993569184,0,41,56,414,1,0,0,309,281,16,11.3752210443929,0,1.33980582524272,0.228571428571429,0.178819444444444,0.468030753968254,0,46.9,87.9
2022,REG+POST,00-0036945,J.Fields,Justin Fields,QB,QB,"https://static.www.nfl.com/image/private/f_auto,q_auto/league/y3irxvjwpyiavrtzay80",15,CHI,192,318,2242,17,11,55,359,7,2,2889,958,91,-65.7712491202688,1,0.776047075112496,0.0453371916952446,160,1143,8,8,0,65,65.1829277535182,0,0,0,0,0,0,0,0,0,0,,0,,,,,0,295.98,295.98
2022,REG+POST,00-0036950,A.Williams,Avery Williams,RB,RB,"https://static.www.nfl.com/image/private/f_auto,q_auto/league/pcpum1mfsl26cx7tkt5e",14,ATL,0,0,0,0,0,0,0,0,0,0,0,0,,0,,,22,109,1,0,0,6,0.220577496336773,0,13,14,61,0,0,0,-27,85,3,-1.08860781753252,0,-2.25925925925926,0.0583333333333333,-0.0151091214325686,0.076923614997202,0,23.0,36.0
2022,REG+POST,00-0036951,F.Darby,Frank Darby,WR,WR,"https://static.www.nfl.com/image/private/f_auto,q_auto/league/ctfcyiif8irphwslbqur",1,ATL,0,0,0,0,0,0,0,0,0,0,0,0,,0,,,0,0,0,0,0,0,,0,1,1,15,0,0,0,14,1,1,1.2657943648519,0,1.07142857142857,0.0357142857142857,0.0419161676646707,0.082912745936698,0,1.5,2.5
2022,REG+POST,00-0036955,T.Marshall,Terrace Marshall,WR,WR,"https://static.www.nfl.com/image/private/f_auto,q_auto/league/wyzlucfowqdntj6nkh7m",13,CAR,0,0,0,0,0,0,0,0,0,0,0,0,,0,,,0,0,0,0,0,0,,0,28,47,490,1,1,0,586,132,23,21.4001740347978,0,0.83617747440273,0.14968152866242,0.238696537678208,0.391609869368376,0,55.0,83.0
2022,REG+POST,00-0036959,M.Bandy,Michael Bandy,WR,WR,"https://static.www.nfl.com/image/private/f_auto,q_auto/league/bvuio4shczwa5ae4lyam",7,LAC,0,0,0,0,0,0,0,0,0,0,0,0,,0,,,0,0,0,0,0,0,,0,10,21,89,0,0,0,184,25,5,-2.30611915333429,0,0.483695652173913,0.0711864406779661,0.0961840041819132,0.174108463944288,0,8.9,18.9
2022,REG+POST,00-0036963,A.St. Brown,Amon-Ra St. Brown,WR,WR,"https://static.www.nfl.com/image/private/f_auto,q_auto/league/ubbam2rpn7xfbhvzvjyn",16,DET,0,0,0,0,0,0,0,0,0,0,0,0,,0,,,9,95,0,0,0,3,4.85691128257895,0,106,146,1161,6,0,0,933,531,68,57.1900987980576,0,1.2443729903537,0.278625954198473,0.2573083287369,0.59805476141354,0,161.6,267.6
2022,REG+POST,00-0036970,K.Pitts,Kyle Pitts,TE,TE,"https://static.www.nfl.com/image/private/f_auto,q_auto/league/bimlwqd3sdzuhddiqgff",10,ATL,0,0,0,0,0,0,0,0,0,0,0,0,,0,,,0,0,0,0,0,0,,0,28,59,356,2,0,0,812,130,20,3.37759456088543,0,0.438423645320197,0.270642201834862,0.351363046300303,0.651917435162506,0,47.6,75.6
2022,REG+POST,00-0036971,T.Lawrence,Trevor Lawrence,QB,QB,"https://static.www.nfl.com/image/private/f_auto,q_auto/league/angjglqlgj2txh25se5j",19,JAX,439,670,4618,30,13,31,211,7,5,4950,2244,235,77.6283766790101,3,0.932929292929293,0.0936667690697467,66,325,5,5,4,30,-1.52852208210185,1,0,0,0,0,0,0,0,0,0,,0,,,,,0,331.22,331.22
2022,REG+POST,00-0036972,M.Jones,Mac Jones,QB,QB,"https://static.www.nfl.com/image/private/f_auto,q_auto/league/fillvwo9xf7paiwbfihk",14,NE,288,442,2997,14,11,34,231,3,1,3459,1431,127,-28.406190213468,1,0.866435385949696,0.0356221616203405,47,102,1,2,0,12,-4.27054190375431,0,0,0,0,0,0,0,0,0,0,,0,,,,,0,170.08,170.08
2022,REG+POST,00-0036973,T.Etienne,Travis Etienne,RB,RB,"https://static.www.nfl.com/image/private/f_auto,q_auto/league/ne5lyv8n6elqw77yrz9w",19,JAX,0,0,0,0,0,0,0,0,0,0,0,0,,0,,,250,1296,6,3,3,61,-3.24082479741081,1,39,49,346,0,2,1,-12,400,18,7.69867942527162,0,-28.8333333333333,0.0846286701208981,-0.0027822861117551,0.124995404903119,0,194.2,233.2
2022,REG+POST,00-0036980,E.Moore,Elijah Moore,WR,WR,"https://static.www.nfl.com/image/private/f_auto,q_auto/league/bhwvzckfhhcqhb7zdqyj",14,NYJ,0,0,0,0,0,0,0,0,0,0,0,0,,0,,,5,5,0,0,0,2,-1.07694124075351,0,37,65,446,1,1,0,785,93,22,1.46942748567224,0,0.568152866242038,0.124045801526718,0.173557373424718,0.307558863687379,0,51.1,88.1
2022,REG+POST,00-0036984,T.Sermon,Trey Sermon,RB,RB,"https://static.www.nfl.com/image/private/f_auto,q_auto/league/v2igdor3vf1ijb0qyyp1",1,PHI,0,0,0,0,0,0,0,0,0,0,0,0,,0,,,2,19,0,0,0,2,2.30063952860655,0,0,0,0,0,0,0,0,0,0,,0,,,,,0,1.9,1.9
2022,REG+POST,00-0036988,J.Palmer,Josh Palmer,WR,WR,"https://static.www.nfl.com/image/private/f_auto,q_auto/league/bbvzvwnb52cghz4fqyut",17,LAC,0,0,0,0,0,0,0,0,0,0,0,0,,0,,,1,4,0,0,0,1,0.726856680004858,0,74,113,800,3,1,0,999,261,41,21.9832850943294,1,0.800800800800801,0.166666666666667,0.235280263777673,0.414696184644371,0,100.4,174.4
2022,REG+POST,00-0036991,A.Rodgers,Amari Rodgers,WR,WR,"https://static.www.nfl.com/image/private/f_auto,q_auto/league/g85ohsk2pgbf7xz2f1a8",9,HOU,0,0,0,0,0,0,0,0,0,0,0,0,,0,,,2,7,0,0,0,0,-0.45017598872073,0,16,25,204,1,2,0,240,63,13,4.70242311112816,0,0.85,0.0816993464052288,0.0955414012738854,0.189428000499563,0,27.1,43.1
2022,REG+POST,00-0036997,J.Williams,Javonte Williams,RB,RB,"https://static.www.nfl.com/image/private/f_auto,q_auto/league/zurpblacsps47csmsyep",4,DEN,0,0,0,0,0,0,0,0,0,0,0,0,,0,,,47,204,0,1,1,9,-6.31136679562042,0,16,22,76,0,0,0,-24,118,4,-5.46275114382294,0,-3.16666666666667,0.174603174603175,-0.0227272727272727,0.245995670995671,0,26.0,42.0
2022,REG+POST,00-0036999,A.Schwartz,Anthony Schwartz,WR,WR,"https://static.www.nfl.com/image/private/f_auto,q_auto/league/pmjne2xsf5kh7ze6uk5e",6,CLE,0,0,0,0,0,0,0,0,0,0,0,0,,0,,,4,57,1,0,0,2,4.00902184611186,0,4,10,51,0,1,1,142,27,2,-7.99063903058413,0,0.359154929577465,0.0512820512820513,0.0754115772703133,0.129711181012296,0,14.8,18.8
2022,REG+POST,00-0037004,H.Long,Hunter Long,TE,TE,"https://static.www.nfl.com/image/private/f_auto,q_auto/league/vuw8hkbyjc4kahbpgyge",1,MIA,0,0,0,0,0,0,0,0,0,0,0,0,,0,,,0,0,0,0,0,0,,0,0,1,0,0,0,0,3,0,0,-0.534184205112979,0,0.0,0.0238095238095238,0.00625,0.0400892857142857,0,0.0,0.0
2022,REG+POST,00-0037005,T.Tremble,Tommy Tremble,TE,TE,"https://static.www.nfl.com/image/private/f_auto,q_auto/league/s1t4b3y1pq7n3oxlgqjh",14,CAR,0,0,0,0,0,0,0,0,0,0,0,0,,0,,,0,0,0,0,0,0,,0,19,32,174,3,0,0,245,62,9,-1.67489255430365,0,0.710204081632653,0.0919540229885057,0.0868178596739901,0.198703536254552,0,35.4,54.4
2022,REG+POST,00-0037011,T.McKitty,Tre' McKitty,TE,TE,"https://static.www.nfl.com/image/private/f_auto,q_auto/league/fxv7hzz4dar3dghap5zw",9,LAC,0,0,0,0,0,0,0,0,0,0,0,0,,0,,,0,0,0,0,0,0,,0,12,20,88,0,1,0,68,57,0,-4.78454170521582,0,1.29411764705882,0.0574712643678161,0.0327710843373494,0.109146655587869,0,8.8,20.8
2022,REG+POST,00-0037012,T.Lance,Trey Lance,QB,QB,"https://static.www.nfl.com/image/private/f_auto,q_auto/league/q4iahwof4dq9xf3vqdcb",2,SF,15,31,194,0,1,2,9,0,0,210,80,6,-9.72571229066573,0,0.923809523809524,-0.0669145552968811,16,67,0,1,0,7,4.87005555065116,0,0,0,0,0,0,0,0,0,0,,0,,,,,0,12.46,12.46
2022,REG+POST,00-0037013,Z.Wilson,Zach Wilson,QB,QB,"https://static.www.nfl.com/image/private/f_auto,q_auto/league/xkio4hljxo2u59rk2bud",9,NYJ,132,242,1688,6,7,23,175,1,1,2189,810,73,-36.2110549518601,0,0.771128369118319,-0.0029779017334449,28,102,1,0,0,7,-0.103486442261289,0,1,1,2,1,0,0,2,0,1,1.18445269513177,0,1.0,0.0303030303030303,0.0067567567567567,0.0501842751842752,0,97.92,98.92
2022,REG+POST,00-0037055,L.McCutcheon,Lance McCutcheon,WR,WR,"https://static.www.nfl.com/image/private/f_auto,q_auto/league/x4dlonpi6nfs2xzahgrr",2,LA,0,0,0,0,0,0,0,0,0,0,0,0,,0,,,0,0,0,0,0,0,,0,0,5,0,0,0,0,71,0,0,-4.00159741006792,0,0.0,0.119047619047619,0.200564971751412,0.318966908797417,0,0.0,0.0
2022,REG+POST,00-0037077,S.Howell,Sam Howell,QB,QB,"https://static.www.nfl.com/image/private/f_auto,q_auto/league/inzmmlbrqwjjpjr2zsmd",1,WAS,11,19,169,1,1,3,11,0,0,160,75,6,-7.46178453790207,0,1.05625,0.0404896368391306,5,35,1,0,0,4,5.52688141434919,0,0,0,0,0,0,0,0,0,0,,0,,,,,0,18.26,18.26
2022,REG+POST,00-0037078,C.Turner,Cole Turner,TE,TE,"https://static.www.nfl.com/image/private/f_auto,q_auto/league/f4ssirab5w40r7mkar83",5,WAS,0,0,0,0,0,0,0,0,0,0,0,0,,0,,,0,0,0,0,0,0,,0,2,9,23,0,0,0,68,7,1,-6.74938240201811,0,0.338235294117647,0.0661764705882353,0.0655737704918033,0.145166345226615,0,2.3,4.3
2022,REG+POST,00-0037085,T.Badie,Tyler Badie,RB,RB,"https://static.www.nfl.com/image/private/f_auto,q_auto/league/wpuznoqvl0yxol5fjrod",1,DEN,0,0,0,0,0,0,0,0,0,0,0,0,,0,,,1,0,0,0,0,0,-0.721431884914637,0,1,1,24,1,0,0,-7,31,1,2.3305268624099,0,-3.42857142857143,0.0454545454545455,-0.021671826625387,0.0530115395440473,0,8.4,9.4
2022,REG+POST,00-0037086,G.Calcaterra,Grant Calcaterra,TE,TE,"https://static.www.nfl.com/image/private/f_auto,q_auto/league/r9kjrvuok5kie1ubdkcs",5,PHI,0,0,0,0,0,0,0,0,0,0,0,0,,0,,,0,0,0,0,0,0,,0,5,9,81,0,0,0,81,41,3,2.07799670603474,0,1.0,0.0545454545454545,0.0475631238990018,0.115112368547483,0,8.1,13.1
2022,REG+POST,00-0037087,T.Ebner,Trestan Ebner,RB,RB,"https://static.www.nfl.com/image/private/f_auto,q_auto/league/c7caisxuupzlxa0vxlln",7,CHI,0,0,0,0,0,0,0,0,0,0,0,0,,0,,,24,54,0,0,0,2,-8.35346955159912,0,2,8,8,0,0,0,8,-1,0,-4.05054114320265,0,1.0,0.0776699029126214,0.0085836909871244,0.122513438059919,0,6.2,8.2
2022,REG+POST,00-0037093,D.Young,Dareke Young,WR,WR,"https://static.www.nfl.com/image/private/f_auto,q_auto/league/zb1ggkzhcshdcgguug3u",2,SEA,0,0,0,0,0,0,0,0,0,0,0,0,,0,,,0,0,0,0,0,0,,0,3,3,35,0,0,0,11,24,3,2.76409126166254,0,3.18181818181818,0.0483870967741936,0.0186440677966102,0.0856314926189174,0,3.5,6.5
2022,REG+POST,00-0037098,S.Toure,Samori Toure,WR,WR,"https://static.www.nfl.com/image/private/f_auto,q_auto/league/lmyw6ejclftg7pitgsl2",4,GB,0,0,0,0,0,0,0,0,0,0,0,0,,0,,,0,0,0,0,0,0,,0,5,10,82,1,1,0,174,11,2,3.20617341935811,0,0.471264367816092,0.0757575757575758,0.151041666666667,0.21936553030303,0,14.2,19.2
2022,REG+POST,00-0037112,J.Tonges,Jake Tonges,TE,TE,"https://static.www.nfl.com/image/private/f_auto,q_auto/league/vnxv7xwav7kc0lotgjly",1,CHI,0,0,0,0,0,0,0,0,0,0,0,0,,0,,,0,0,0,0,0,0,,0,0,1,0,0,0,0,13,0,0,-0.568823910318315,0,0.0,0.0625,0.0909090909090909,0.157386363636364,0,0.0,0.0
2022,REG+POST,00-0037157,Z.Knight,Zonovan Knight,RB,RB,"https://static.www.nfl.com/image/private/f_auto,q_auto/league/qdfkex1xfpfdyfovabig",7,NYJ,0,0,0,0,0,0,0,0,0,0,0,0,,0,,,85,300,1,1,0,14,-13.8350112856757,0,13,14,100,0,1,0,-30,132,5,4.00658407888841,0,-3.33333333333333,0.0693069306930693,-0.0186104218362283,0.0909331007542442,0,46.0,59.0
2022,REG+POST,00-0037168,A.Rogers,Armani Rogers,TE,TE,"https://static.www.nfl.com/image/private/f_auto,q_auto/league/vrzydboexpodoeazqeal",5,WAS,0,0,0,0,0,0,0,0,0,0,0,0,,0,,,2,26,0,0,0,1,1.45144690561574,0,5,6,64,0,0,0,13,57,4,3.62085561174899,0,4.92307692307692,0.058252427184466,0.0199692780337942,0.101357135400355,0,9.0,14.0
2022,REG+POST,00-0037175,A.Brown,Anthony Brown,QB,QB,"https://static.www.nfl.com/image/private/f_auto,q_auto/league/wsbie1tqhz6uwtf49tmj",2,BAL,22,49,302,0,2,5,14,1,1,401,142,13,-16.465219842052,0,0.753117206982544,-0.0794807191842313,3,-5,0,0,0,0,0.0,0,0,0,0,0,0,0,0,0,0,,0,,,,,0,5.58,5.58
2022,REG+POST,00-0037197,I.Pacheco,Isiah Pacheco,RB,RB,"https://static.www.nfl.com/image/private/f_auto,q_auto/league/rzr8nxjunjeiv8bjir59",20,KC,0,0,0,0,0,0,0,0,0,0,0,0,,0,,,207,1027,6,3,2,45,-1.82246122959558,0,19,21,195,0,0,0,-30,246,10,9.73105537891388,0,-6.5,0.0546875,-0.0117508813160987,0.0738056330787309,0,154.2,173.2
2022,REG+POST,00-0037228,J.Warren,Jaylen Warren,RB,RB,"https://static.www.nfl.com/image/private/f_auto,q_auto/league/q6zstqy99al3sghrufey",16,PIT,0,0,0,0,0,0,0,0,0,0,0,0,,0,,,77,379,1,1,0,20,8.39019118724006,0,28,33,214,0,0,0,-16,225,14,10.611172143914,0,-13.375,0.0669371196754564,-0.0038406144983197,0.0977172493643608,0,65.3,93.3
2022,REG+POST,00-0037238,D.London,Drake London,WR,WR,"https://static.www.nfl.com/image/private/f_auto,q_auto/league/rrwzcsvsfqq9xptp8o48",17,ATL,0,0,0,0,0,0,0,0,0,0,0,0,,0,,,0,0,0,0,0,0,,0,72,117,866,4,3,3,1219,224,48,11.742354318053,1,0.710418375717802,0.2925,0.309233891425672,0.655213723997971,0,106.6,178.6
2022,REG+POST,00-0037239,C.Olave,Chris Olave,WR,WR,"https://static.www.nfl.com/image/private/f_auto,q_auto/league/vtfhbyz1ofg6cgxxulw4",15,NO,0,0,0,0,0,0,0,0,0,0,0,0,,0,,,0,0,0,0,0,0,,0,72,119,1042,4,2,2,1686,210,48,23.8033499112709,1,0.618030842230131,0.265625,0.4151686776656,0.68905557436592,0,126.2,198.2
2022,REG+POST,00-0037240,J.Williams,Jameson Williams,WR,WR,"https://static.www.nfl.com/image/private/f_auto,q_auto/league/kfieht3mru8nd2itoi4a",6,DET,0,0,0,0,0,0,0,0,0,0,0,0,,0,,,1,40,0,0,0,1,2.36443340824917,0,1,9,41,1,0,0,148,5,1,-1.34965212398674,0,0.277027027027027,0.0420560747663551,0.107480029048657,0.138320132483592,0,14.1,15.1
2022,REG+POST,00-0037247,G.Pickens,George Pickens,WR,WR,"https://static.www.nfl.com/image/private/f_auto,q_auto/league/gnfxhtk8e6ecazbhoinl",17,PIT,0,0,0,0,0,0,0,0,0,0,0,0,,0,,,3,24,1,0,0,2,2.08365396299632,0,52,84,801,4,0,0,1240,104,38,44.2961095223042,1,0.645967741935484,0.153284671532847,0.275433140826299,0.42273020587768,0,114.5,166.5
2022,REG+POST,00-0037248,J.Cook,James Cook,RB,RB,"https://static.www.nfl.com/image/private/f_auto,q_auto/league/clqdllqqmpleidegprep",18,BUF,0,0,0,0,0,0,0,0,0,0,0,0,,0,,,106,559,3,1,1,26,2.36975018808153,0,21,32,180,1,0,0,82,132,5,3.87273641577075,0,2.19512195121951,0.0790123456790123,0.021802712044669,0.133780416949787,0,95.9,116.9
2022,REG+POST,00-0037252,G.Dulcich,Greg Dulcich,TE,TE,"https://static.www.nfl.com/image/private/f_auto,q_auto/league/czyy0gdn8l17bpqtqeoe",10,DEN,0,0,0,0,0,0,0,0,0,0,0,0,,0,,,0,0,0,0,0,0,,0,33,55,411,2,0,0,624,155,18,0.468308218268524,0,0.658653846153846,0.172413793103448,0.222222222222222,0.414176245210728,0,53.1,86.1
2022,REG+POST,00-0037253,M.Jones,Marcus Jones,CB,DB,"https://static.www.nfl.com/image/private/f_auto,q_auto/league/t5dp8kwkx5dbt9nnnmig",4,NE,0,0,0,0,0,0,0,0,0,0,0,0,,0,,,0,0,0,0,0,0,,0,4,4,78,1,0,0,-17,95,3,6.37804602322285,0,0.0,0.0408163265306122,-0.0221642764015645,0.0457094963148232,1,19.8,23.8
2022,REG+POST,00-0037256,R.White,Rachaad White,RB,RB,"https://static.www.nfl.com/image/private/f_auto,q_auto/league/uiqqvw00vpykdylgu7d4",17,TB,0,0,0,0,0,0,0,0,0,0,0,0,,0,,,136,522,1,1,1,30,-15.4210565237736,0,54,64,326,2,1,1,-32,356,16,9.87875862626242,0,-10.1875,0.0937042459736457,-0.0077972709551656,0.135098279291853,0,98.8,152.8
2022,REG+POST,00-0037257,D.Bell,David Bell,WR,WR,"https://static.www.nfl.com/image/private/f_auto,q_auto/league/otv2kkn3lxonp9z43bdj",14,CLE,0,0,0,0,0,0,0,0,0,0,0,0,,0,,,0,0,0,0,0,0,,0,24,35,214,0,0,0,256,69,7,-11.0991340471955,0,0.8359375,0.0804597701149425,0.0686695278969957,0.168758324700311,0,21.4,45.4
2022,REG+POST,00-0037258,D.Pierce,Dameon Pierce,RB,RB,"https://static.www.nfl.com/image/private/f_auto,q_auto/league/lcq9gwdxdbcymz2ggglx",13,HOU,0,0,0,0,0,0,0,0,0,0,0,0,,0,,,220,939,4,4,2,54,-27.9403902780737,0,30,39,165,1,0,0,-11,197,7,-8.82413049039315,0,-15.0,0.103448275862069,-0.0044480388192478,0.15205878661963,0,136.4,166.4
2022,REG+POST,00-0037261,K.Shakir,Khalil Shakir,WR,WR,"https://static.www.nfl.com/image/private/f_auto,q_auto/league/l1flqgo30hfowrdckdeu",12,BUF,0,0,0,0,0,0,0,0,0,0,0,0,,0,,,0,0,0,0,0,0,,0,15,27,252,1,0,0,340,84,11,11.0394329658301,1,0.741176470588235,0.0665024630541872,0.0826848249027237,0.157633072013187,0,33.2,48.2
2022,REG+POST,00-0037263,T.Allgeier,Tyler Allgeier,RB,RB,"https://static.www.nfl.com/image/private/f_auto,q_auto/league/u5aztfcvemiyxt9lisic",16,ATL,0,0,0,0,0,0,0,0,0,0,0,0,,0,,,210,1035,3,0,0,53,10.2895796306982,1,16,17,139,1,0,0,-32,168,8,7.12531922728522,0,-4.34375,0.0783410138248848,-0.0153330138955438,0.106778411010447,0,143.4,159.4
2022,REG+POST,00-0037265,S.Conner,Snoop Conner,RB,RB,"https://static.www.nfl.com/image/private/f_auto,q_auto/league/x8j93emkxe44z0kwinjf",5,JAX,0,0,0,0,0,0,0,0,0,0,0,0,,0,,,12,42,1,0,0,2,-2.05222863185918,0,0,0,0,0,0,0,0,0,0,,0,,,,,0,10.2,10.2
2022,REG+POST,00-0037267,J.Ford,Jerome Ford,RB,RB,"https://static.www.nfl.com/image/private/f_auto,q_auto/league/djggmwo5v8osoboiseo2",2,CLE,0,0,0,0,0,0,0,0,0,0,0,0,,0,,,8,12,0,0,0,1,-3.42909810991129,0,0,0,0,0,0,0,0,0,0,,0,,,,,0,1.2,1.2
2022,REG+POST,00-0037272,M.Washington,Montrell Washington,WR,WR,"https://static.www.nfl.com/image/upload/f_auto,q_auto/league/tmuoypdqpak2ork1rfg0",9,DEN,0,0,0,0,0,0,0,0,0,0,0,0,,0,,,5,30,0,0,0,0,-0.0179459194769152,0,4,9,2,0,0,0,153,13,0,-7.78438647778239,0,0.0130718954248366,0.0459183673469388,0.0764617691154423,0.122400789401218,0,3.2,7.2
2022,REG+POST,00-0037273,K.Philips,Kyle Philips,WR,WR,"https://static.www.nfl.com/image/private/f_auto,q_auto/league/ixonb2eub4xe9lzgwte0",4,TEN,0,0,0,0,0,0,0,0,0,0,0,0,,0,,,0,0,0,0,0,0,,0,8,13,78,0,0,0,100,21,3,-1.93557362398133,0,0.78,0.13265306122449,0.128700128700129,0.289069681926825,0,7.8,15.8
2022,REG+POST,00-0037276,T.Chandler,Ty Chandler,RB,RB,"https://static.www.nfl.com/image/private/f_auto,q_auto/league/map979dvuonzb8a6g13b",1,MIN,0,0,0,0,0,0,0,0,0,0,0,0,,0,,,6,20,0,0,0,1,-1.27408390166238,0,0,0,0,0,0,0,0,0,0,,0,,,,,0,2.0,2.0
2022,REG+POST,00-0037277,T.Quitoriano,Teagan Quitoriano,TE,TE,"https://static.www.nfl.com/image/private/f_auto,q_auto/league/o4gnaivz9jlczc3ulvpg",7,HOU,0,0,0,0,0,0,0,0,0,0,0,0,,0,,,0,0,0,0,0,0,,0,7,14,113,2,0,0,175,53,5,2.19629392161733,0,0.645714285714286,0.0630630630630631,0.100344036697248,0.164835420282668,0,23.3,30.3
2022,REG+POST,00-0037282,J.Mitchell,James Mitchell,TE,TE,"https://static.www.nfl.com/image/private/f_auto,q_auto/league/ezqnkfietyugbv8odnhd",8,DET,0,0,0,0,0,0,0,0,0,0,0,0,,0,,,0,0,0,0,0,0,,0,11,11,113,1,0,0,51,62,7,10.0097318876651,0,2.2156862745098,0.0423076923076923,0.0376106194690266,0.0897889720898571,0,17.3,28.3
2022,REG+POST,00-0037286,K.Harris,Kevin Harris,RB,RB,"https://static.www.nfl.com/image/private/f_auto,q_auto/league/jlqnwxuwbkoscvv9kz5h",5,NE,0,0,0,0,0,0,0,0,0,0,0,0,,0,,,18,52,1,0,0,3,-1.94094609777676,0,0,0,0,0,0,0,0,0,0,,0,,,,,0,11.2,11.2
2022,REG+POST,00-0037291,J.Nailor,Jalen Nailor,WR,WR,"https://static.www.nfl.com/image/private/f_auto,q_auto/league/qqlvvhrlbmmcpakjyxmd",5,MIN,0,0,0,0,0,0,0,0,0,0,0,0,,0,,,0,0,0,0,0,0,,0,9,13,179,1,0,0,151,67,7,7.69675768021261,0,1.18543046357616,0.0706521739130435,0.10230352303523,0.177590726994226,0,23.9,32.9
2022,REG+POST,00-0037299,K.Ingram,Keaontay Ingram,RB,RB,"https://static.www.nfl.com/image/private/f_auto,q_auto/league/ljj0swqga7olgvqnokof",10,ARI,0,0,0,0,0,0,0,0,0,0,0,0,,0,,,27,60,1,0,0,4,-9.23134566671797,0,4,5,21,0,0,0,-11,32,1,-3.2195507013239,0,-1.90909090909091,0.0892857142857143,-0.0277777777777778,0.114484126984127,0,14.1,18.1
2022,REG+POST,00-0037300,M.Woods,Mike Woods,WR,WR,"https://static.www.nfl.com/image/private/f_auto,q_auto/league/qlps63mn8jfsvqgf7cub",6,CLE,0,0,0,0,0,0,0,0,0,0,0,0,,0,,,1,-5,0,0,0,0,-1.52764946175739,0,5,10,45,0,0,0,159,17,3,-7.73673833106295,0,0.283018867924528,0.0568181818181818,0.0978461538461539,0.15371958041958,0,4.0,9.0
2022,REG+POST,00-0037304,C.Heyward,Connor Heyward,TE,TE,"https://static.www.nfl.com/image/private/f_auto,q_auto/league/zulggzj8lfpvz1vozqto",8,PIT,0,0,0,0,0,0,0,0,0,0,0,0,,0,,,2,27,0,0,0,2,0.753636755922344,0,12,17,151,1,0,0,92,62,6,4.05112559403642,0,1.64130434782609,0.0634328358208955,0.0436225699383594,0.125685052688195,0,23.8,35.8
2022,REG+POST,00-0037311,K.Kieft,Ko Kieft,TE,TE,"https://static.www.nfl.com/image/private/f_auto,q_auto/league/qfsqi11viu1jvij3a6ie",9,TB,0,0,0,0,0,0,0,0,0,0,0,0,,0,,,0,0,0,0,0,0,,0,7,11,80,1,0,0,59,31,5,4.02173129236326,0,1.35593220338983,0.0246636771300448,0.0200339558573854,0.051019284795237,0,14.0,21.0
2022,REG+POST,00-0037327,S.Thompson,Skylar Thompson,QB,QB,"https://static.www.nfl.com/image/private/f_auto,q_auto/league/biryharao5wwhaqskoq5",8,MIA,78,150,754,2,5,10,71,1,1,1280,314,38,-43.4111605918119,1,0.5890625,-0.0210040491312335,16,24,0,1,1,1,-11.8220582578215,0,0,0,0,0,0,0,0,0,0,,0,,,,,0,28.56,28.56
2022,REG+POST,00-0037331,Z.Horvath,Zander Horvath,RB,RB,"https://static.www.nfl.com/image/private/f_auto,q_auto/league/e1sx0c4mtcm09gavjs7s",8,LAC,0,0,0,0,0,0,0,0,0,0,0,0,,0,,,4,8,0,0,0,2,0.223257885401836,0,5,8,8,2,0,0,6,1,2,-0.621620731893927,0,1.33333333333333,0.032258064516129,0.0046656298600311,0.0516530376762153,0,13.6,18.6
2022,REG+POST,00-0037348,T.Conner,Tanner Conner,WR,WR,"https://static.www.nfl.com/image/private/f_auto,q_auto/league/ozsvfs1hhqhlxlvg0cbk",2,MIA,0,0,0,0,0,0,0,0,0,0,0,0,,0,,,0,0,0,0,0,0,,0,0,3,0,0,0,0,20,0,0,-2.65954570833128,0,0.0,0.038961038961039,0.0309119010819165,0.0800798891989,0,0.0,0.0
2022,REG+POST,00-0037355,B.Sanders,Braylon Sanders,WR,WR,"https://static.www.nfl.com/image/private/f_auto,q_auto/league/nkmwdieb7qwtipigcktc",2,MIA,0,0,0,0,0,0,0,0,0,0,0,0,,0,,,0,0,0,0,0,0,,0,2,3,17,0,1,1,42,3,0,-5.94891308806837,0,0.404761904761905,0.046875,0.0660377358490566,0.11653891509434,0,-0.3,1.7
2022,REG+POST,00-0037382,B.Johnson,Brandon Johnson,WR,WR,"https://static.www.nfl.com/image/private/f_auto,q_auto/league/gxf9whcnyhlmby6givfo",4,DEN,0,0,0,0,0,0,0,0,0,0,0,0,,0,,,0,0,0,0,0,0,,0,6,14,42,1,0,0,180,13,2,-12.8798267293314,0,0.233333333333333,0.108527131782946,0.214285714285714,0.312790697674419,0,10.2,16.2
2022,REG+POST,00-0037387,J.Virgil,Jalen Virgil,WR,WR,"https://static.www.nfl.com/image/private/f_auto,q_auto/league/ryhl8kgyzv68okc7kugk",4,DEN,0,0,0,0,0,0,0,0,0,0,0,0,,0,,,0,0,0,0,0,0,,0,2,5,75,1,0,0,70,43,2,5.6061608234304,0,1.07142857142857,0.0337837837837838,0.0531914893617021,0.0879097182288672,0,13.5,15.5
2022,REG+POST,00-0037393,J.Domann,JoJo Domann,OLB,LB,"https://static.www.nfl.com/image/private/f_auto,q_auto/league/nvytxavob9kkxqvfur8b",1,IND,0,0,0,0,0,0,0,0,0,0,0,0,,0,,,0,0,0,0,0,0,,0,0,0,0,0,0,0,0,0,0,,0,,,,,1,6.0,6.0
2022,REG+POST,00-0037429,R.Blackshear,Raheem Blackshear,RB,RB,"https://static.www.nfl.com/image/private/f_auto,q_auto/league/peefrrw4p5phrj5of9c3",10,CAR,0,0,0,0,0,0,0,0,0,0,0,0,,0,,,23,77,3,0,0,7,1.26981854616315,0,10,12,93,0,0,0,-22,105,3,0.920666004676605,0,-4.22727272727273,0.08,-0.0207743153918791,0.105457979225685,0,35.0,45.0
2022,REG+POST,00-0037456,T.Hairston,Troy Hairston,FB,RB,"https://static.www.nfl.com/image/private/f_auto,q_auto/league/sagsvhjpdxay3uue59bx",7,HOU,0,0,0,0,0,0,0,0,0,0,0,0,,0,,,0,0,0,0,0,0,,0,5,8,19,0,0,0,8,10,0,-6.18482532701455,0,2.375,0.0343347639484979,0.0062353858144972,0.0558669159928949,0,1.9,6.9
2022,REG+POST,00-0037475,S.Smartt,Stone Smartt,TE,TE,"https://static.www.nfl.com/image/private/f_auto,q_auto/league/lovcgush5dwvax5psh8q",3,LAC,0,0,0,0,0,0,0,0,0,0,0,0,,0,,,0,0,0,0,0,0,,0,4,5,17,0,0,0,23,7,1,-0.400831583421677,0,0.739130434782609,0.040983606557377,0.0272511848341232,0.0805512392199518,0,1.7,5.7
2022,REG+POST,00-0037487,D.Thompkins,Deven Thompkins,WR,WR,"https://static.www.nfl.com/image/private/f_auto,q_auto/league/gt0yeyl9y8s6onw8wcdr",2,TB,0,0,0,0,0,0,0,0,0,0,0,0,,0,,,2,26,0,0,0,1,1.99759500089567,0,5,10,32,0,0,0,79,32,1,-5.98000114242313,0,0.405063291139241,0.133333333333333,0.158953722334004,0.311267605633803,0,5.8,10.8
2022,REG+POST,00-0037500,R.Wright,Ryan Wright,P,SPEC,"https://static.www.nfl.com/image/private/f_auto,q_auto/league/ks6xrdlavn910cvyvv1u",2,MIN,1,2,13,0,0,0,0,0,0,21,0,1,-0.40921337925829,0,0.619047619047619,,0,0,0,0,0,0,,0,0,0,0,0,0,0,0,0,0,,0,,,,,0,0.52,0.52
2022,REG+POST,00-0037525,J.Mason,Jordan Mason,RB,RB,"https://static.www.nfl.com/image/private/f_auto,q_auto/league/cc7xu5fbux5995xvdscv",9,SF,0,0,0,0,0,0,0,0,0,0,0,0,,0,,,45,270,1,0,0,11,2.81292072922224,0,0,0,0,0,0,0,0,0,0,,0,,,,,0,33.0,33.0
2022,REG+POST,00-0037545,R.Shaheed,Rashid Shaheed,WR,WR,"https://static.www.nfl.com/image/private/f_auto,q_auto/league/y96n1bum9eowfxmt1nbg",11,NO,0,0,0,0,0,0,0,0,0,0,0,0,,0,,,4,57,1,0,0,2,4.58333272335585,0,28,34,488,2,1,0,397,175,18,31.0551040175899,0,1.22921914357683,0.112956810631229,0.164389233954451,0.28450767971496,0,72.5,100.5
2022,REG+POST,00-0037557,R.Rivers,Ronnie Rivers,RB,RB,"https://static.www.nfl.com/image/private/f_auto,q_auto/league/fd20isppszv9cfubzs7y",2,LA,0,0,0,0,0,0,0,0,0,0,0,0,,0,,,9,21,0,0,0,1,-3.69308078102767,0,5,5,29,0,0,0,-26,55,1,-0.318621450045612,0,-1.11538461538462,0.0793650793650794,-0.0915492957746479,0.0549631120053655,0,5.0,10.0
2022,REG+POST,00-0037563,M.Davis,Malik Davis,RB,RB,"https://static.www.nfl.com/image/private/f_auto,q_auto/league/gakyucly45gxmxsmdydq",6,DAL,0,0,0,0,0,0,0,0,0,0,0,0,,0,,,38,161,1,0,0,6,-3.50220239717908,0,6,7,63,0,0,0,-7,65,5,6.79102219743072,0,-9.0,0.0721649484536082,-0.0109717868338558,0.100567171896713,0,28.4,34.4
2022,REG+POST,00-0037569,P.Hendershot,Peyton Hendershot,TE,TE,"https://static.www.nfl.com/image/private/f_auto,q_auto/league/la4laebqrgkakbd8nvvu",9,DAL,0,0,0,0,0,0,0,0,0,0,0,0,,0,,,1,2,1,0,0,1,1.13259516889229,0,11,16,103,2,0,0,109,47,8,-3.1800049560843,0,0.944954128440367,0.0608365019011407,0.0696485623003195,0.140008746461935,0,28.5,39.5
2022,REG+POST,00-0037570,D.Houston,Dennis Houston,WR,WR,"https://static.www.nfl.com/image/private/f_auto,q_auto/league/qngqbjjcg71pcr9z7cbm",2,DAL,0,0,0,0,0,0,0,0,0,0,0,0,,0,,,0,0,0,0,0,0,,0,2,6,16,0,0,0,79,6,0,-5.05362217803486,0,0.20253164556962,0.0845070422535211,0.146025878003697,0.22897867798287,0,1.6,3.6
2022,REG+POST,00-0037594,J.Chestnut,Julius Chestnut,RB,RB,"https://static.www.nfl.com/image/private/f_auto,q_auto/league/csam75kgicccwurbn63a",3,TEN,0,0,0,0,0,0,0,0,0,0,0,0,,0,,,9,12,0,0,0,1,-4.98684971564217,0,3,3,41,0,0,0,2,39,1,0.781152935000137,0,20.5,0.0394736842105263,0.0028943560057887,0.0612365755198416,0,5.3,8.3
2022,REG+POST,00-0037617,H.Haskins,Hassan Haskins,RB,RB,"https://static.www.nfl.com/image/private/f_auto,q_auto/league/kt8fj2g5u0r24ah28dxz",7,TEN,0,0,0,0,0,0,0,0,0,0,0,0,,0,,,25,93,0,0,0,5,-2.45266898942646,0,11,12,57,0,0,0,-6,58,2,-3.64132194616832,0,-9.5,0.0718562874251497,-0.0047581284694686,0.104453741209096,0,15.0,26.0
2022,REG+POST,00-0037664,A.Pierce,Alec Pierce,WR,WR,"https://static.www.nfl.com/image/private/f_auto,q_auto/league/ya4sqdf9lzrm4ql8eywi",16,IND,0,0,0,0,0,0,0,0,0,0,0,0,,0,,,0,0,0,0,0,0,,0,41,78,593,2,1,0,914,113,28,19.4288318037164,0,0.648796498905908,0.141818181818182,0.264314632735685,0.397747515642252,0,71.3,112.3
2022,REG+POST,00-0037666,J.Tolbert,Jalen Tolbert,WR,WR,"https://static.www.nfl.com/image/private/f_auto,q_auto/league/idcuteeyaispnvvmzvjp",2,DAL,0,0,0,0,0,0,0,0,0,0,0,0,,0,,,0,0,0,0,0,0,,0,2,3,12,0,0,0,45,2,0,-0.687333475914784,0,0.266666666666667,0.05,0.115089514066496,0.155562659846547,0,1.2,3.2
2022,REG+POST,00-0037708,M.Alexander,Maurice Alexander,WR,WR,"https://static.www.nfl.com/image/private/f_auto,q_auto/league/dsjgksgzq59hz8ltej25",1,DET,0,0,0,0,0,0,0,0,0,0,0,0,,0,,,0,0,0,0,0,0,,0,1,1,7,0,0,0,3,4,0,-0.663192750299413,0,2.33333333333333,0.027027027027027,0.0112359550561798,0.0484057090798664,0,0.7,1.7
2022,REG+POST,00-0037740,G.Wilson,Garrett Wilson,WR,WR,"https://static.www.nfl.com/image/private/f_auto,q_auto/league/llgosx4tokddwnyrgvbx",17,NYJ,0,1,0,0,0,0,0,0,0,9,0,0,-0.492538507562131,0,0.0,,4,4,0,1,0,0,-2.26600202347618,0,83,147,1103,4,1,1,1548,384,56,33.5192462237647,0,0.712532299741602,0.25,0.316047366271948,0.596233156390363,0,132.7,215.7
2022,REG+POST,00-0037741,J.Dotson,Jahan Dotson,WR,WR,"https://static.www.nfl.com/image/private/f_auto,q_auto/league/z768onjtm135fjjmeney",12,WAS,0,0,0,0,0,0,0,0,0,0,0,0,,0,,,2,-7,0,0,0,0,-1.77960987272672,0,35,61,523,7,0,0,853,137,26,21.7668105605613,1,0.613130128956624,0.158854166666667,0.256541353383459,0.417860197368421,0,95.6,130.6
2022,REG+POST,00-0037742,T.Burks,Treylon Burks,WR,WR,"https://static.www.nfl.com/image/private/f_auto,q_auto/league/rhs1fkmzghadzfpd243u",11,TEN,0,0,0,0,0,0,0,0,0,0,0,0,,0,,,4,47,0,0,0,3,3.63971945503727,0,33,54,444,1,0,0,624,165,19,3.90223934915993,0,0.711538461538462,0.175324675324675,0.272727272727273,0.453896103896104,0,55.1,88.1
2022,REG+POST,00-0037744,T.McBride,Trey McBride,TE,TE,"https://static.www.nfl.com/image/private/f_auto,q_auto/league/x7x9ze5msigs8u57ydvl",9,ARI,0,0,0,0,0,0,0,0,0,0,0,0,,0,,,0,0,0,0,0,0,,0,29,39,265,1,1,0,241,117,12,7.69660834708663,0,1.09958506224066,0.122641509433962,0.103566824237215,0.256459041116994,0,32.5,61.5
2022,REG+POST,00-0037745,V.Jones,Velus Jones,WR,WR,"https://static.www.nfl.com/image/private/f_auto,q_auto/league/gb06eaw6prinklkdkv2d",9,CHI,0,0,0,0,0,0,0,0,0,0,0,0,,0,,,9,103,1,1,1,5,2.12876566674095,0,7,14,107,1,0,0,234,37,4,-1.50382053002249,0,0.457264957264957,0.0869565217391304,0.170927684441198,0.250084161717534,0,31.0,38.0
2022,REG+POST,00-0037746,B.Robinson,Brian Robinson,RB,RB,"https://static.www.nfl.com/image/private/f_auto,q_auto/league/gxcfbuvmooytbn45kvxf",12,WAS,0,0,0,0,0,0,0,0,0,0,0,0,,0,,,205,797,2,2,0,49,-6.23539711959893,0,9,12,60,1,0,0,-11,72,3,-2.06046722695464,0,-5.45454545454545,0.0574162679425837,-0.0062821245002855,0.0817269147636757,0,103.7,112.7
2022,REG+POST,00-0037755,J.Woods,Jelani Woods,TE,TE,"https://static.www.nfl.com/image/private/f_auto,q_auto/league/ugcz6yszcz7swqh6pj0v",12,IND,0,0,0,0,0,0,0,0,0,0,0,0,,0,,,0,0,0,0,0,0,,0,25,40,312,3,1,0,398,120,16,5.26930553267541,0,0.78391959798995,0.0952380952380952,0.153549382716049,0.250341710758377,0,49.2,74.2
2022,REG+POST,00-0037801,K.Turpin,Kavontae Turpin,WR,WR,"https://static.www.nfl.com/image/private/f_auto,q_auto/league/dl2ngh2glo7gebocl3ah",6,DAL,0,0,0,0,0,0,0,0,0,0,0,0,,0,,,3,17,0,0,0,1,0.016680371016264,0,2,3,17,0,0,0,21,5,0,-1.64089405223843,0,0.80952380952381,0.0254237288135593,0.0230515916575192,0.0542717073806024,0,3.4,5.4
2022,REG+POST,00-0037805,J.Ruckert,Jeremy Ruckert,TE,TE,"https://static.www.nfl.com/image/private/f_auto,q_auto/league/w6bf97vbqitoyo5o7xaa",2,NYJ,0,0,0,0,0,0,0,0,0,0,0,0,,0,,,0,0,0,0,0,0,,0,1,2,8,0,0,0,7,1,0,0.04786110681016,0,1.14285714285714,0.0266666666666667,0.0260223048327138,0.0582156133828996,0,0.8,1.8
2022,REG+POST,00-0037809,C.Okonkwo,Chigoziem Okonkwo,TE,TE,"https://static.www.nfl.com/image/private/f_auto,q_auto/league/hkqd6pubp52djhxhtyqi",15,TEN,0,0,0,0,0,0,0,0,0,0,0,0,,0,,,3,2,0,0,0,0,-3.1748977699317,0,32,46,450,3,0,0,353,252,22,22.7835941986184,1,1.27478753541077,0.118863049095607,0.119015509103169,0.261605430015629,0,65.2,97.2
2022,REG+POST,00-0037816,R.Doubs,Romeo Doubs,WR,WR,"https://static.www.nfl.com/image/private/f_auto,q_auto/league/pk4dvgjaicaupntsdnnp",13,GB,0,0,0,0,0,0,0,0,0,0,0,0,,0,,,1,11,0,0,0,1,0.518284689751454,0,42,67,425,3,2,1,637,191,20,-2.37979611758255,0,0.667189952904239,0.156177156177156,0.19250528860683,0.369019436290515,0,59.6,101.6
2022,REG+POST,00-0037827,T.Davis-Price,Tyrion Davis-Price,RB,RB,"https://static.www.nfl.com/image/private/f_auto,q_auto/league/oor9ikpohxt5hjy3g0op",5,SF,0,0,0,0,0,0,0,0,0,0,0,0,,0,,,34,99,0,0,0,5,-13.53276113639,0,0,2,0,0,0,0,0,0,0,-0.932838922657538,0,,0.0434782608695652,,,0,9.9,9.9
2022,REG+POST,00-0037828,D.Gray,Danny Gray,WR,WR,"https://static.www.nfl.com/image/private/f_auto,q_auto/league/faphntikmfz5ha6oagcv",5,SF,0,0,0,0,0,0,0,0,0,0,0,0,,0,,,1,9,0,0,0,0,0.806124189519323,0,1,7,10,0,0,0,160,4,1,-2.9469830194721,0,0.0625,0.0573770491803279,0.185185185185185,0.215695203400121,0,1.9,2.9
2022,REG+POST,00-0037834,B.Purdy,Brock Purdy,QB,QB,"https://static.www.nfl.com/image/private/f_auto,q_auto/league/hdwbdlyiose4znenx5ed",12,SF,155,233,1943,16,4,15,107,1,1,1752,988,93,56.8403922309685,1,1.10901826484018,0.134186359963466,29,37,2,0,0,8,-11.9471291946929,0,0,0,0,0,0,0,0,0,0,,0,,,,,0,149.42,149.42
2022,REG+POST,00-0037838,I.Likely,Isaiah Likely,TE,TE,"https://static.www.nfl.com/image/private/f_auto,q_auto/league/z8xwspdtqixrzxxjbapx",14,BAL,0,0,0,0,0,0,0,0,0,0,0,0,,0,,,0,0,0,0,0,0,,0,36,60,373,3,0,0,405,151,18,-5.35323245686544,0,0.920987654320988,0.153846153846154,0.124615384615385,0.318,0,55.3,91.3
2022,REG+POST,00-0037840,K.Williams,Kyren Williams,RB,RB,"https://static.www.nfl.com/image/private/f_auto,q_auto/league/emynpilqbr8huoh6vmhg",8,LA,0,0,0,0,0,0,0,0,0,0,0,0,,0,,,35,139,0,0,0,6,-4.25223541839744,0,9,12,76,0,0,0,17,80,5,-1.67280480700564,0,4.47058823529412,0.0685714285714286,0.0130368098159509,0.111982909728309,0,21.5,30.5
2022,REG+POST,00-0038040,Z.White,Zamir White,RB,RB,"https://static.www.nfl.com/image/private/f_auto,q_auto/league/a8vpgphydjltkrr531vd",11,LV,0,0,0,0,0,0,0,0,0,0,0,0,,0,,,17,70,0,0,0,4,-1.51255080098053,0,0,0,0,0,0,0,0,0,0,,0,,,,,0,7.0,7.0
2022,REG+POST,00-0038041,J.Ferguson,Jake Ferguson,TE,TE,"https://static.www.nfl.com/image/private/f_auto,q_auto/league/xy9bvf3d9yjprwigiqty",12,DAL,0,0,0,0,0,0,0,0,0,0,0,0,,0,,,0,0,0,0,0,0,,0,20,23,208,2,0,0,79,156,9,10.3131358768922,0,2.63291139240506,0.0610079575596817,0.0251032729583731,0.109084227410384,0,32.8,52.8
2022,REG+POST,00-0038045,I.Spiller,Isaiah Spiller,RB,RB,"https://static.www.nfl.com/image/private/f_auto,q_auto/league/mmgppj4johvoldlpuns3",5,LAC,0,0,0,0,0,0,0,0,0,0,0,0,,0,,,18,41,0,0,0,2,-7.11014819156844,0,3,3,13,0,0,0,-10,23,0,-0.151033415051643,0,-1.3,0.0394736842105263,-0.0246913580246914,0.0419265756985055,0,5.4,8.4
2022,REG+POST,00-0038046,C.Kolar,Charlie Kolar,TE,TE,"https://static.www.nfl.com/image/private/f_auto,q_auto/league/hvwv1sqfjrbm3rtnnd3a",1,BAL,0,0,0,0,0,0,0,0,0,0,0,0,,0,,,0,0,0,0,0,0,,0,4,6,49,0,0,0,49,20,3,2.57182008448145,0,1.0,0.142857142857143,0.140401146131805,0.312566516577978,0,4.9,8.9
2022,REG+POST,00-0038090,S.Moore,Skyy Moore,WR,WR,"https://static.www.nfl.com/image/private/f_auto,q_auto/league/wpiovviem9uugfacqkxy",17,KC,0,0,0,0,0,0,0,0,0,0,0,0,,0,,,5,31,0,0,0,1,1.1130087771453,0,27,42,267,1,0,0,284,172,14,4.83216888840445,0,0.940140845070422,0.075,0.0755118319595852,0.16535828237171,0,35.8,62.8
2022,REG+POST,00-0038092,E.Ezukanma,Erik Ezukanma,WR,WR,"https://static.www.nfl.com/image/private/f_auto,q_auto/league/zestfznyaky8z17chozb",1,MIA,0,0,0,0,0,0,0,0,0,0,0,0,,0,,,0,0,0,0,0,0,,0,1,1,3,0,0,0,-4,7,0,-1.01252259360626,0,0.0,0.037037037037037,-0.0211640211640212,0.0407407407407407,0,0.3,1.3
2022,REG+POST,00-0038098,P.Strong,Pierre Strong,RB,RB,"https://static.www.nfl.com/image/upload/f_auto,q_auto/league/rkwn1p5xwu7rklccmxkm",4,NE,0,0,0,0,0,0,0,0,0,0,0,0,,0,,,10,100,1,0,0,5,5.73718278732849,0,7,7,42,0,0,0,4,38,3,1.00021880195709,0,10.5,0.074468085106383,0.0071813285457809,0.116729057641621,0,20.2,27.2
2022,REG+POST,00-0038102,K.Pickett,Kenny Pickett,QB,QB,"https://static.www.nfl.com/image/private/f_auto,q_auto/league/peknn7x68tldbzufhjs6",13,PIT,245,389,2404,7,9,27,182,1,1,2957,1042,123,-11.0657067667914,2,0.812986134595874,0.0610202831070825,55,237,3,3,0,23,9.78099423038657,0,0,0,0,0,0,0,0,0,0,,0,,,,,0,149.86,149.86
2022,REG+POST,00-0038104,T.Thornton,Tyquan Thornton,WR,WR,"https://static.www.nfl.com/image/private/f_auto,q_auto/league/p1kulrgf4v2grethuefi",12,NE,0,0,0,0,0,0,0,0,0,0,0,0,,0,,,3,16,1,0,0,1,0.73909505456686,0,22,45,247,2,0,0,646,63,13,-2.8933255154024,0,0.382352941176471,0.122615803814714,0.239082161361954,0.351281218675439,0,44.3,66.3
2022,REG+POST,00-0038108,B.Zappe,Bailey Zappe,QB,QB,"https://static.www.nfl.com/image/private/f_auto,q_auto/league/qr1opoisbs0vmu2pm8rz",4,NE,65,92,781,5,3,6,40,2,2,624,384,37,7.68501790863156,0,1.25160256410256,0.101953860285992,10,0,0,2,1,0,-6.09972296986059,0,1,1,-6,0,0,0,-8,2,0,-1.24259237432852,0,0.0,0.032258064516129,-0.0437158469945355,0.0177860038780187,0,38.64,39.64
2022,REG+POST,00-0038115,D.Bellinger,Daniel Bellinger,TE,TE,"https://static.www.nfl.com/image/private/f_auto,q_auto/league/wpwgb0plwhhqzlfl2j24",13,NYG,0,0,0,0,0,0,0,0,0,0,0,0,,0,,,1,2,1,0,0,1,1.28657086705789,0,33,40,289,3,1,1,158,159,16,10.6096239981998,1,1.82911392405063,0.10752688172043,0.0683391003460208,0.20912769282286,0,53.1,86.1
2022,REG+POST,00-0038117,W.Robinson,Wan'Dale Robinson,WR,WR,"https://static.www.nfl.com/image/private/f_auto,q_auto/league/wjr53ffhc3gunx0fs3kp",6,NYG,0,0,0,0,0,0,0,0,0,0,0,0,,0,,,2,-1,0,0,0,0,-1.28240889380686,0,23,31,227,1,0,0,192,126,13,11.7818256164088,0,1.18229166666667,0.190184049079755,0.165946413137424,0.401438562815829,0,28.6,51.6
2022,REG+POST,00-0038120,B.Hall,Breece Hall,RB,RB,"https://static.www.nfl.com/image/private/f_auto,q_auto/league/a6gggxrcgcacgggh0vme",7,NYJ,0,0,0,0,0,0,0,0,0,0,0,0,,0,,,80,463,4,0,0,20,13.8891096828738,0,19,31,218,1,1,1,152,166,8,-1.43269230484411,0,1.43421052631579,0.141552511415525,0.0860702151755379,0.272577917746164,0,96.1,115.1
2022,REG+POST,00-0038122,D.Ridder,Desmond Ridder,QB,QB,"https://static.www.nfl.com/image/private/f_auto,q_auto/league/ecsb4rwmhlotdjjhyaoq",4,ATL,73,115,708,2,0,9,33,1,1,940,328,37,4.53719766016686,0,0.753191489361702,0.0344083013962338,16,64,0,2,1,4,-12.2825276747738,0,0,0,0,0,0,0,0,0,0,,0,,,,,0,38.72,38.72
2022,REG+POST,00-0038124,C.Watson,Christian Watson,WR,WR,"https://static.www.nfl.com/image/private/f_auto,q_auto/league/tpoxhwuhwmbxfossd66s",14,GB,0,0,0,0,0,0,0,0,0,0,0,0,,0,,,7,80,2,0,0,2,6.64983983547427,0,41,66,611,7,0,0,923,264,28,30.7106019971287,0,0.661971830985916,0.153846153846154,0.269725306838106,0.419576945555905,0,123.1,164.1
2022,REG+POST,00-0038128,M.Willis,Malik Willis,QB,QB,"https://static.www.nfl.com/image/private/f_auto,q_auto/league/mbxvnzx6azveir76pbbu",7,TEN,31,61,276,0,3,10,49,1,0,498,144,11,-38.83768905122,0,0.55421686746988,-0.0217016139239136,27,123,1,2,2,8,-6.8863025293761,0,0,0,0,0,0,0,0,0,0,,0,,,,,0,19.34,19.34
2022,REG+POST,00-0038129,C.Otton,Cade Otton,TE,TE,"https://static.www.nfl.com/image/private/f_auto,q_auto/league/vchmryh0myuq67t9ei1u",15,TB,0,0,0,0,0,0,0,0,0,0,0,0,,0,,,0,0,0,0,0,0,,0,46,72,449,2,0,0,431,216,23,7.3265611966452,0,1.04176334106729,0.106508875739645,0.0954173123754705,0.226555432272297,0,56.9,102.9
2022,REG+POST,00-0038134,K.Walker,Kenneth Walker,RB,RB,"https://static.www.nfl.com/image/private/f_auto,q_auto/league/rwdj1bljth8fyojof5dp",16,SEA,0,0,0,0,0,0,0,0,0,0,0,0,,0,,,243,1113,10,0,0,55,-13.0574996133708,0,28,36,168,0,0,0,-75,224,6,-12.2685419244226,0,-2.24,0.0759493670886076,-0.0232342007434944,0.0976601101124653,0,188.1,216.1
2022,REG+POST,00-0038147,D.Baldwin,Daylen Baldwin,WR,WR,"https://static.www.nfl.com/image/private/f_auto,q_auto/league/azk4fbf1r56sykzhjcku",1,CLE,0,0,0,0,0,0,0,0,0,0,0,0,,0,,,0,0,0,0,0,0,,0,2,2,25,0,0,0,25,0,2,1.79136164759984,0,1.0,0.0769230769230769,0.223214285714286,0.271634615384615,0,2.5,4.5
2022,REG+POST,00-0038149,J.Ali,Josh Ali,WR,WR,"https://static.www.nfl.com/image/private/f_auto,q_auto/league/xsken6qj4usecotulka3",1,ATL,0,0,0,0,0,0,0,0,0,0,0,0,,0,,,0,0,0,0,0,0,,0,0,1,0,0,0,0,45,0,0,-0.519019901752472,0,0.0,0.0357142857142857,0.134730538922156,0.147882805816938,0,0.0,0.0
2023,REG,00-0023459,A.Rodgers,Aaron Rodgers,QB,QB,"https://static.www.nfl.com/image/upload/f_auto,q_auto/league/jdcb4nomlc4rd6k5l6to",1,NYJ,0,1,0,0,0,1,10,0,0,17,0,0,-2.03195988433436,0,0.0,,0,0,0,0,0,0,,0,0,0,0,0,0,0,0,0,0,,0,,,,,0,0.0,0.0
2023,REG,00-0024243,M.Lewis,Marcedes Lewis,TE,TE,"https://static.www.nfl.com/image/private/f_auto,q_auto/league/ppq07tipygpftz5csipx",5,CHI,0,0,0,0,0,0,0,0,0,0,0,0,,0,,,0,0,0,0,0,0,,0,4,5,29,1,0,0,9,29,2,2.48608262301423,0,3.22222222222222,0.0367647058823529,0.0087378640776699,0.0612635636778984,0,8.9,12.9
2023,REG,00-0026158,J.Flacco,Joe Flacco,QB,QB,"https://static.www.nfl.com/image/upload/f_auto,q_auto/league/yxvyoeojkif7tnfviamc",5,CLE,123,204,1616,13,8,8,57,3,1,1910,678,60,-1.60758716090258,1,0.846073298429319,0.0460711850822595,9,2,0,1,0,3,-0.469945976810131,0,0,0,0,0,0,0,0,0,0,,0,,,,,0,100.84,100.84
2023,REG,00-0026498,M.Stafford,Matthew Stafford,QB,QB,"https://static.www.nfl.com/image/upload/f_auto,q_auto/league/xdlnnbapdbk8trxqlasu",15,LA,326,521,3965,24,11,30,205,0,0,4033,1890,187,55.0321078771295,1,0.983139102405157,0.080648538573056,21,65,0,0,0,4,3.96563549202983,0,0,0,0,0,0,0,0,0,0,,1,,,,,0,243.1,243.1
2023,REG,00-0026625,B.Hoyer,Brian Hoyer,QB,QB,"https://static.www.nfl.com/image/private/f_auto,q_auto/league/japt3mj2xctm7saqndxn",2,LV,23,42,231,0,2,1,8,0,0,344,80,14,-8.7807727533644,0,0.671511627906977,0.018039709001797,3,-3,0,0,0,0,-1.8153455403517,0,0,0,0,0,0,0,0,0,0,,0,,,,,0,4.94,4.94
2023,REG,00-0027114,T.Morstead,Thomas Morstead,P,SPEC,"https://static.www.nfl.com/image/upload/f_auto,q_auto/league/we33rhbbjlkdfhgr6l08",1,NYJ,1,1,18,0,0,0,0,0,0,10,8,1,2.67090002633631,0,1.8,,0,0,0,0,0,0,,0,0,0,0,0,0,0,0,0,0,,0,,,,,0,0.72,0.72
2023,REG,00-0027696,J.Graham,Jimmy Graham,TE,TE,"https://static.www.nfl.com/image/private/f_auto,q_auto/league/h7xs06oj6g03mippwtse",5,NO,0,0,0,0,0,0,0,0,0,0,0,0,,0,,,0,0,0,0,0,0,,0,6,7,39,4,0,0,42,3,6,8.15597459062701,0,0.928571428571429,0.0507246376811594,0.0386384544618215,0.103133874645014,0,27.9,33.9
2023,REG,00-0027944,J.Jones,Julio Jones,WR,WR,"https://static.www.nfl.com/image/upload/f_auto,q_auto/league/omrddf2phtyztzx2nup1",8,PHI,0,0,0,0,0,0,0,0,0,0,0,0,,0,,,0,0,0,0,0,0,,0,11,19,74,3,0,0,131,28,4,2.23363445431562,0,0.564885496183206,0.0805084745762712,0.0697179350718467,0.1695652664147,0,25.4,36.4
2023,REG,00-0027948,B.Gabbert,Blaine Gabbert,QB,QB,"https://static.www.nfl.com/image/private/f_auto,q_auto/league/fphhd3wedamgkps6e0dl",2,KC,18,35,185,0,3,1,9,0,0,198,118,8,-16.1432871051638,0,0.934343434343434,-0.0574039660045727,7,45,0,0,0,2,-0.619769561337307,0,0,0,0,0,0,0,0,0,0,,0,,,,,0,5.9,5.9
2023,REG,00-0027973,A.Dalton,Andy Dalton,QB,QB,"https://static.www.nfl.com/image/upload/f_auto,q_auto/league/az1zo7fl2tozg50tgs0d",2,CAR,34,58,361,2,0,3,27,0,0,477,128,17,4.54832959122722,0,0.756813417190776,0.0646658228375503,3,12,0,0,0,2,1.4284599639941,0,0,0,0,0,0,0,0,0,0,,0,,,,,0,23.64,23.64
2023,REG,00-0028002,R.Cobb,Randall Cobb,WR,WR,"https://static.www.nfl.com/image/private/f_auto,q_auto/league/kuwo5hnkbtesfw6n9w1s",9,NYJ,0,0,0,0,0,0,0,0,0,0,0,0,,0,,,0,0,0,0,0,0,,0,5,17,39,1,0,0,165,23,3,-15.4674704297376,1,0.236363636363636,0.0666666666666667,0.0865687303252886,0.160598111227702,0,11.9,16.9
2023,REG,00-0028118,T.Taylor,Tyrod Taylor,QB,QB,"https://static.www.nfl.com/image/upload/f_auto,q_auto/league/xk8e04jdsvigd6fky3uy",10,NYG,116,180,1341,5,3,17,94,2,0,1541,578,52,2.11601569665396,0,0.870214146658014,0.0733721792343374,38,197,0,2,0,10,-0.412836546254149,0,0,0,0,0,0,0,0,0,0,,0,,,,,0,87.34,87.34
2023,REG,00-0028872,J.Hekker,Johnny Hekker,P,SPEC,"https://static.www.nfl.com/image/upload/f_auto,q_auto/league/bcl8kjfwubicyywpxfny",2,CAR,1,1,7,0,0,0,0,0,0,-4,11,0,-1.94108840171248,0,0.0,,1,-11,0,1,1,0,-6.0536010384094,0,0,0,0,0,0,0,0,0,0,,0,,,,,0,-2.82,-2.82
2023,REG,00-0028986,C.Keenum,Case Keenum,QB,QB,"https://static.www.nfl.com/image/upload/f_auto,q_auto/league/zj2xieg6nctsabgzu65n",2,HOU,34,53,291,1,3,6,60,0,0,377,146,14,-20.6513293816017,0,0.771883289124668,0.0108881796997323,2,1,0,1,0,0,-1.65093343582703,0,0,0,0,0,0,0,0,0,0,,0,,,,,0,9.74,9.74
2023,REG,00-0029239,B.Bolden,Brandon Bolden,RB,RB,"https://static.www.nfl.com/image/private/f_auto,q_auto/league/kqqwz35z9brhkzbs4bcn",3,LV,0,0,0,0,0,0,0,0,0,0,0,0,,0,,,4,31,1,0,0,2,3.67902799433796,1,0,0,0,0,0,0,0,0,0,,0,,,,,0,11.1,11.1
2023,REG,00-0029263,R.Wilson,Russell Wilson,QB,QB,"https://static.www.nfl.com/image/upload/f_auto,q_auto/league/u36rhg0md8ey3b4khbre",15,DEN,297,447,3070,26,8,45,258,7,4,3189,1735,135,-16.336197524169,2,0.962684227030417,0.0951258789377793,80,341,3,3,1,38,17.5656617270545,0,0,0,0,0,0,0,0,0,0,,0,,,,,0,256.9,256.9
2023,REG,00-0029293,M.Jones,Marvin Jones,WR,WR,"https://static.www.nfl.com/image/private/f_auto,q_auto/league/ciy9sxefmcnwjw7ln3h2",4,DET,0,0,0,0,0,0,0,0,0,0,0,0,,0,,,0,0,0,0,0,0,,0,5,10,35,0,1,1,80,9,2,-5.42696698851174,0,0.4375,0.078740157480315,0.0946745562130178,0.184382425569585,0,1.5,6.5
2023,REG,00-0029604,K.Cousins,Kirk Cousins,QB,QB,"https://static.www.nfl.com/image/upload/f_auto,q_auto/league/yt6n07jezvfmcsoq0j13",8,MIN,216,311,2331,18,5,17,110,4,3,2252,996,112,37.1030454711041,0,1.03507992895204,0.133689241471685,14,25,0,2,1,6,1.68736862461083,0,0,0,0,0,0,0,0,0,0,,0,,,,,0,149.74,149.74
2023,REG,00-0029692,B.Anger,Bryan Anger,P,SPEC,"https://static.www.nfl.com/image/upload/f_auto,q_auto/league/kx1m6byniti4tkeiwkqk",1,DAL,0,0,0,0,0,0,0,0,0,0,0,0,,1,,,0,0,0,0,0,0,,0,0,0,0,0,0,0,0,0,0,,0,,,,,0,2.0,2.0
2023,REG,00-0029701,R.Tannehill,Ryan Tannehill,QB,QB,"https://static.www.nfl.com/image/private/f_auto,q_auto/league/yvwju12dl6haf3r8uzrm",9,TEN,149,230,1616,4,7,32,230,2,0,1816,795,74,-22.8663676627939,0,0.889867841409692,0.0545035240709487,17,74,1,1,0,4,-4.06789508505608,0,0,1,0,0,0,0,-1,0,0,-0.418015068164095,0,0.0,0.0384615384615385,-0.006578947368421,0.053087044534413,0,80.04,80.04
2023,REG,00-0029764,C.Davis,Cody Davis,FS,DB,"https://static.www.nfl.com/image/private/f_auto,q_auto/league/pdijtrs1tnltal8g6cmx",1,NE,0,0,0,0,0,0,0,0,0,0,0,0,,0,,,0,0,0,0,0,0,,0,0,0,0,0,0,0,0,0,0,,0,,,,,1,6.0,6.0
2023,REG,00-0029892,K.Juszczyk,Kyle Juszczyk,FB,RB,"https://static.www.nfl.com/image/upload/f_auto,q_auto/league/mfhpygabawkeioplae7a",10,SF,0,0,0,0,0,0,0,0,0,0,0,0,,0,,,5,6,0,0,0,2,-1.90736266170279,0,14,17,119,2,0,0,73,58,8,9.33885127832764,0,1.63013698630137,0.0758928571428571,0.0392684238838085,0.141327182432952,0,24.5,38.5
2023,REG,00-0030035,A.Thielen,Adam Thielen,WR,WR,"https://static.www.nfl.com/image/upload/f_auto,q_auto/league/pxehgo0l9xl03n7dronf",17,CAR,0,0,0,0,0,0,0,0,0,0,0,0,,0,,,1,6,0,0,0,0,0.236421025590971,0,103,137,1014,4,2,0,1058,340,56,59.6753974883863,1,0.958412098298677,0.256554307116105,0.25995085995086,0.566797062639759,0,128.0,231.0
2023,REG,00-0030061,Z.Ertz,Zach Ertz,TE,TE,"https://static.www.nfl.com/image/upload/f_auto,q_auto/league/xktmmeumuoglbuam75iz",7,ARI,0,0,0,0,0,0,0,0,0,0,0,0,,0,,,0,0,0,0,0,0,,0,27,43,187,1,0,0,332,46,8,-14.02521783112,0,0.563253012048193,0.193693693693694,0.189281641961232,0.423037689913403,0,24.7,51.7
2023,REG,00-0030068,M.Goodwin,Marquise Goodwin,WR,WR,"https://static.www.nfl.com/image/upload/f_auto,q_auto/league/cof5bbih1o9dtnonwmjp",10,CLE,0,0,0,0,0,0,0,0,0,0,0,0,,0,,,4,33,0,0,0,2,1.45523146964842,0,4,13,67,0,0,0,391,21,1,-8.26666054083037,0,0.171355498721228,0.0454545454545455,0.152258566978193,0.174762815066553,0,10.0,14.0
2023,REG,00-0030140,T.Way,Tress Way,P,SPEC,"https://static.www.nfl.com/image/upload/f_auto,q_auto/league/n5nwpxqj5ex2pc2c2phx",1,WAS,0,0,0,0,0,0,0,0,0,0,0,0,,0,,,1,0,0,0,0,0,-4.31732948648278,0,0,0,0,0,0,0,0,0,0,,0,,,,,0,0.0,0.0
2023,REG,00-0030279,K.Allen,Keenan Allen,WR,WR,"https://static.www.nfl.com/image/upload/f_auto,q_auto/league/lngo1onvkcqjnq7ozkuu",13,LAC,1,2,49,1,0,0,0,0,0,39,27,1,3.51487691450166,0,1.25641025641026,,2,6,0,0,0,1,0.153951175743714,0,108,150,1243,7,2,1,1452,396,56,60.8332725681973,0,0.856060606060606,0.319829424307036,0.398791540785499,0.758898215010403,0,170.86,278.86
2023,REG,00-0030431,R.Woods,Robert Woods,WR,WR,"https://static.www.nfl.com/image/upload/f_auto,q_auto/league/ydjg5fylwkf5aaxiul6v",13,HOU,0,0,0,0,0,0,0,0,0,0,0,0,,0,,,1,7,0,0,0,0,0.13571642304305,0,40,75,426,1,0,0,732,126,26,2.14832660979979,0,0.581967213114754,0.16629711751663,0.189147286821705,0.381848777050138,0,49.3,89.3
2023,REG,00-0030506,T.Kelce,Travis Kelce,TE,TE,"https://static.www.nfl.com/image/upload/f_auto,q_auto/league/ilk4qbxxs6mt3v9zfvtg",15,KC,0,0,0,0,0,0,0,0,0,0,0,0,,0,,,0,0,0,0,0,0,,0,93,121,984,5,1,1,807,470,50,48.0150151200757,0,1.21933085501859,0.227016885553471,0.237283152014113,0.506623534740086,0,126.4,219.4
2023,REG,00-0030513,L.Murray,Latavius Murray,RB,RB,"https://static.www.nfl.com/image/private/f_auto,q_auto/league/zepm7ghltyeqydn0qxcg",15,BUF,0,0,0,0,0,0,0,0,0,0,0,0,,0,,,79,300,4,0,0,27,-2.56229843876885,0,17,22,119,0,1,0,34,92,7,6.6656454447589,0,3.5,0.0528846153846154,0.0095963872424499,0.086044394146638,0,65.9,82.9
2023,REG,00-0030533,M.Barkley,Matt Barkley,QB,QB,"https://static.www.nfl.com/image/private/f_auto,q_auto/league/ejvscebj0ufugx5vrouq",1,JAX,0,0,0,0,0,0,0,0,0,0,0,0,,0,,,3,-3,0,0,0,0,-4.01201612025034,0,0,0,0,0,0,0,0,0,0,,0,,,,,0,-0.3,-0.3
2023,REG,00-0030564,D.Hopkins,DeAndre Hopkins,WR,WR,"https://static.www.nfl.com/image/upload/f_auto,q_auto/league/viymeohipdn0voptrkzh",17,TEN,0,1,0,0,0,0,0,0,0,-1,0,0,-0.418015068164095,0,0.0,,2,9,0,0,0,0,0.267017036036123,0,75,137,1057,7,0,0,1934,223,48,19.1653030816359,0,0.546535677352637,0.286610878661088,0.428444838280904,0.729827704788264,0,148.6,223.6
2023,REG,00-0030565,G.Smith,Geno Smith,QB,QB,"https://static.www.nfl.com/image/upload/f_auto,q_auto/league/izkm5yyxybb5uy5dkcgf",15,SEA,323,499,3624,20,9,31,231,4,2,3500,1714,169,32.4405365141742,2,1.03542857142857,0.0891481194822701,37,155,1,1,1,10,-4.92649741779314,0,1,1,-2,0,0,0,-8,6,0,-1.44152006786317,0,0.0,0.0384615384615385,-0.0625,0.0139423076923077,0,226.26,227.26
2023,REG,00-0030578,C.Patterson,Cordarrelle Patterson,RB,RB,"https://static.www.nfl.com/image/upload/f_auto,q_auto/league/jktdrwmujfuqp94csnav",12,ATL,0,0,0,0,0,0,0,0,0,0,0,0,,0,,,50,181,0,1,0,9,-7.98226873380178,0,9,12,38,1,0,0,10,37,2,-4.69539345885278,0,3.8,0.0568720379146919,0.0076219512195122,0.0906434227256964,0,27.9,36.9
2023,REG,00-0030663,W.Snead,Willie Snead,WR,WR,"https://static.www.nfl.com/image/private/f_auto,q_auto/league/fr5xckiwhguuaishnbju",2,SF,0,0,0,0,0,0,0,0,0,0,0,0,,0,,,0,0,0,0,0,0,,0,2,3,14,0,0,0,18,3,0,-0.536310698837042,0,0.777777777777778,0.0461538461538462,0.0387096774193548,0.0963275434243176,0,1.4,3.4
2023,REG,00-0030874,D.Williams,Damien Williams,RB,RB,"https://static.www.nfl.com/image/private/f_auto,q_auto/league/ga4vusnfwfvhp2ksqw7x",3,ARI,0,0,0,0,0,0,0,0,0,0,0,0,,0,,,11,43,0,0,0,1,-1.90821717237122,0,2,2,12,0,0,0,1,11,0,-0.0644512154394761,0,12.0,0.027027027027027,0.0026109660574412,0.0423682167807494,0,5.5,7.5
2023,REG,00-0030968,K.Smith,Keith Smith,FB,RB,"https://static.www.nfl.com/image/private/f_auto,q_auto/league/jolwasweebgk37nkl7ia",3,ATL,0,0,0,0,0,0,0,0,0,0,0,0,,0,,,0,0,0,0,0,0,,0,3,3,33,0,0,0,18,15,1,0.864150597597472,0,1.83333333333333,0.037037037037037,0.027027027027027,0.0744744744744745,0,3.3,6.3
2023,REG,00-0031235,O.Beckham,Odell Beckham,WR,WR,"https://static.www.nfl.com/image/upload/f_auto,q_auto/league/ffmalg3wr7lwnsz59i7v",14,BAL,0,0,0,0,0,0,0,0,0,0,0,0,,0,,,0,0,0,0,0,0,,0,35,64,565,3,1,1,888,155,27,21.6804359889783,0,0.636261261261261,0.159203980099502,0.247422680412371,0.412001846437914,0,72.5,107.5
2023,REG,00-0031236,B.Cooks,Brandin Cooks,WR,WR,"https://static.www.nfl.com/image/upload/f_auto,q_auto/league/pjoksfxpbba4hevwpuop",16,DAL,0,0,0,0,0,0,0,0,0,0,0,0,,0,,,5,35,0,0,0,1,1.70989246421959,0,54,81,657,8,1,0,1069,125,38,34.7732182100546,1,0.614593077642657,0.142605633802817,0.234429824561404,0.378009327897208,0,119.2,173.2
2023,REG,00-0031237,T.Bridgewater,Teddy Bridgewater,QB,QB,"https://static.www.nfl.com/image/private/f_auto,q_auto/league/q5p8afhezmpvc1xbwibf",1,DET,0,0,0,0,0,0,0,0,0,0,0,0,,0,,,2,-2,0,0,0,0,-2.67552810598863,0,0,0,0,0,0,0,0,0,0,,0,,,,,0,-0.2,-0.2
2023,REG,00-0031260,L.Thomas,Logan Thomas,TE,TE,"https://static.www.nfl.com/image/private/f_auto,q_auto/league/acm0ymhqdzqxdibwjphv",16,WAS,0,0,0,0,0,0,0,0,0,0,0,0,,0,,,1,2,0,0,0,1,0.510727772954851,0,55,78,496,4,2,2,471,229,21,-5.8918772300346,1,1.05307855626327,0.136363636363636,0.123817034700315,0.291217378835675,0,71.8,126.8
2023,REG,00-0031280,D.Carr,Derek Carr,QB,QB,"https://static.www.nfl.com/image/upload/f_auto,q_auto/league/qsz1pyrlu6bmvby6maaf",17,NO,375,548,3878,25,8,31,218,5,2,4280,1696,185,25.9190573136216,2,0.90607476635514,0.0867519883132052,32,40,0,2,1,4,-20.2758738386335,0,0,0,0,0,0,0,0,0,0,,0,,,,,0,241.12,241.12
2023,REG,00-0031288,A.McCarron,AJ McCarron,QB,QB,"https://static.www.nfl.com/image/private/f_auto,q_auto/league/fvakqnmsg35llkcme11h",2,CIN,4,5,19,0,0,1,9,0,0,-8,20,0,-5.25107204460073,0,0.0,0.0335290001307409,0,0,0,0,0,0,,0,0,0,0,0,0,0,0,0,0,,0,,,,,0,0.76,0.76
2023,REG,00-0031345,J.Garoppolo,Jimmy Garoppolo,QB,QB,"https://static.www.nfl.com/image/upload/f_auto,q_auto/league/lbyjizqecoq4onrgectw",7,LV,110,169,1205,7,9,14,101,0,0,1364,468,60,-19.1616354138621,1,0.883431085043988,0.0223305626172094,20,39,0,1,0,6,-2.71112023651949,0,0,0,0,0,0,0,0,0,0,,0,,,,,0,64.1,64.1
2023,REG,00-0031376,J.McKinnon,Jerick McKinnon,RB,RB,"https://static.www.nfl.com/image/private/f_auto,q_auto/league/yezxe2j778cndbhkxwez",12,KC,1,1,4,1,0,0,0,0,0,-3,7,1,1.10534745483892,0,0.0,,21,60,1,0,0,7,-0.0179227527287371,0,25,32,192,4,0,0,8,219,10,7.1829483300423,0,24.0,0.0728929384965831,0.0028933092224231,0.111364724200571,0,59.36,84.36
2023,REG,00-0031381,D.Adams,Davante Adams,WR,WR,"https://static.www.nfl.com/image/upload/f_auto,q_auto/league/jweoujpjv9u2a8k7wnos",17,LV,0,0,0,0,0,0,0,0,0,0,0,0,,0,,,0,0,0,0,0,0,,0,103,175,1144,8,0,0,1896,336,59,13.4814386995789,0,0.60337552742616,0.329566854990584,0.450035604082601,0.809375205343697,0,162.4,265.4
2023,REG,00-0031408,M.Evans,Mike Evans,WR,WR,"https://static.www.nfl.com/image/upload/f_auto,q_auto/league/vfsaie1uiokfczwv9p4d",17,TB,0,0,0,0,0,0,0,0,0,0,0,0,,0,,,0,0,0,0,0,0,,0,79,136,1255,13,0,0,1906,322,54,55.035503656353,0,0.658447009443862,0.247272727272727,0.405963791267306,0.655083744796205,0,203.5,282.5
2023,REG,00-0031428,A.Robinson,Allen Robinson,WR,WR,"https://static.www.nfl.com/image/upload/f_auto,q_auto/league/fyukft9lraurbsq0laom",15,PIT,0,0,0,0,0,0,0,0,0,0,0,0,,0,,,0,0,0,0,0,0,,0,34,49,280,0,0,0,370,68,9,-4.57206246675987,0,0.756756756756757,0.111111111111111,0.108345534407028,0.242508540751586,0,28.0,62.0
2023,REG,00-0031484,C.Manhertz,Chris Manhertz,TE,TE,"https://static.www.nfl.com/image/upload/f_auto,q_auto/league/edzj1uojuh7octginx1e",4,DEN,0,0,0,0,0,0,0,0,0,0,0,0,,0,,,0,0,0,0,0,0,,0,2,4,16,0,0,0,12,10,1,0.0510975641082041,0,1.33333333333333,0.0353982300884956,0.0154838709677419,0.0639360548101627,0,1.6,3.6
2023,REG,00-0031503,J.Winston,Jameis Winston,QB,QB,"https://static.www.nfl.com/image/upload/f_auto,q_auto/league/chdeosreuupotgq0eqlm",6,NO,25,47,264,2,3,2,13,0,0,610,85,10,-9.78901957483122,0,0.432786885245902,-0.0201951853030778,5,-6,0,0,0,0,-4.47047001915053,0,0,0,0,0,0,0,0,0,0,,0,,,,,0,11.96,11.96
2023,REG,00-0031544,A.Cooper,Amari Cooper,WR,WR,"https://static.www.nfl.com/image/upload/f_auto,q_auto/league/zmtzqznqui37unmo5xv9",15,CLE,0,0,0,0,0,0,0,0,0,0,0,0,,0,,,0,0,0,0,0,0,,0,72,128,1250,5,2,1,1834,271,50,45.9914847810543,1,0.681570338058888,0.23572744014733,0.394323801333047,0.629617821154127,0,155.0,227.0
2023,REG,00-0031547,D.Parker,DeVante Parker,WR,WR,"https://static.www.nfl.com/image/private/f_auto,q_auto/league/beuyfjou6kckaoqqpa96",13,NE,0,0,0,0,0,0,0,0,0,0,0,0,,0,,,0,0,0,0,0,0,,0,33,55,394,0,0,0,640,126,17,1.01918930477305,0,0.615625,0.14030612244898,0.220233998623538,0.364622982709946,0,39.4,72.4
2023,REG,00-0031549,N.Agholor,Nelson Agholor,WR,WR,"https://static.www.nfl.com/image/upload/f_auto,q_auto/league/wyxfkarcjgqdz3pl8nnr",16,BAL,0,0,0,0,0,0,0,0,0,0,0,0,,0,,,0,0,0,0,0,0,,0,35,45,381,4,1,0,418,141,19,17.8710112944823,0,0.911483253588517,0.0989010989010989,0.106010651787979,0.222559104603233,0,62.1,97.1
2023,REG,00-0031585,M.Pruitt,MyCole Pruitt,TE,TE,"https://static.www.nfl.com/image/upload/f_auto,q_auto/league/jazo8egu5luwyxxcpjh8",9,ATL,0,0,0,0,0,0,0,0,0,0,0,0,,0,,,0,0,0,0,0,0,,0,9,12,110,1,1,0,62,51,6,8.23608873059857,0,1.7741935483871,0.0383386581469649,0.025275173257236,0.0752006085005125,0,17.0,26.0
2023,REG,00-0031588,S.Diggs,Stefon Diggs,WR,WR,"https://static.www.nfl.com/image/upload/f_auto,q_auto/league/to2qwuffjnjlouctglsl",17,BUF,0,0,0,0,0,0,0,0,0,0,0,0,,0,,,1,5,0,0,0,1,0.873494008323178,0,107,160,1183,8,2,1,1658,399,58,38.231095169306,1,0.71351025331725,0.293577981651376,0.35291613452533,0.687408266644795,0,166.8,273.8
2023,REG,00-0031595,M.Burton,Michael Burton,FB,RB,"https://static.www.nfl.com/image/upload/f_auto,q_auto/league/edfaq7s9wuzedbfcarrp",8,DEN,0,0,0,0,0,0,0,0,0,0,0,0,,0,,,7,9,0,0,0,4,-4.63303629402071,1,3,3,8,0,0,0,2,6,2,0.516768563422374,0,4.0,0.0309278350515464,0.0035714285714285,0.0488917525773196,0,3.7,6.7
2023,REG,00-0031610,D.Waller,Darren Waller,TE,TE,"https://static.www.nfl.com/image/private/f_auto,q_auto/league/qqzht46a66zbi9xyylf4",12,NYG,0,0,0,0,0,0,0,0,0,0,0,0,,0,,,0,0,0,0,0,0,,0,52,74,552,1,0,0,592,211,25,15.2906618873882,0,0.932432432432432,0.205555555555556,0.226646248085758,0.466985706993364,0,61.2,113.2
2023,REG,00-0031687,R.Mostert,Raheem Mostert,RB,RB,"https://static.www.nfl.com/image/upload/f_auto,q_auto/league/ayii5q2am51xeipp1h8v",15,MIA,0,0,0,0,0,0,0,0,0,0,0,0,,0,,,209,1012,18,2,1,59,17.1796025378571,0,25,32,175,3,2,0,-20,213,6,-1.23025406456079,0,-8.75,0.0723981900452489,-0.0058702670971529,0.104488098099866,0,242.7,267.7
2023,REG,00-0031763,D.Carter,DeAndre Carter,WR,WR,"https://static.www.nfl.com/image/private/f_auto,q_auto/league/mh4cvggohuakwwhobzrk",8,LV,0,0,0,0,0,0,0,0,0,0,0,0,,0,,,3,18,0,0,0,2,4.04425690660719,0,4,7,39,0,0,0,4,50,0,-2.60952146297068,0,9.75,0.0343137254901961,0.0024110910186859,0.0531583519483743,0,5.7,9.7
2023,REG,00-0031800,T.Heinicke,Taylor Heinicke,QB,QB,"https://static.www.nfl.com/image/upload/f_auto,q_auto/league/fz9e0aufjyyo5raclwji",5,ATL,74,136,890,5,4,8,47,0,0,1136,508,41,-1.64327910840988,0,0.783450704225352,0.0225957446350215,15,124,1,1,0,5,10.0750497884292,0,0,0,0,0,0,0,0,0,0,,0,,,,,0,66.0,66.0
2023,REG,00-0031868,D.Byrd,Damiere Byrd,WR,WR,"https://static.www.nfl.com/image/private/f_auto,q_auto/league/cskulleqxehtrgkqsl3u",1,ATL,0,0,0,0,0,0,0,0,0,0,0,0,,0,,,0,0,0,0,0,0,,0,0,2,0,0,0,0,45,0,0,-6.79315520613454,0,0.0,0.0588235294117647,0.145161290322581,0.189848197343453,0,0.0,0.0
2023,REG,00-0031941,J.Crowder,Jamison Crowder,WR,WR,"https://static.www.nfl.com/image/upload/f_auto,q_auto/league/rfysbrjrvfdr72cx8who",7,WAS,0,0,0,0,0,0,0,0,0,0,0,0,,0,,,0,0,0,0,0,0,,0,16,20,159,1,0,0,122,80,8,5.32099037486489,0,1.30327868852459,0.0696864111498258,0.0639412997903564,0.149288526577988,0,21.9,37.9
2023,REG,00-0032062,B.Bell,Blake Bell,TE,TE,"https://static.www.nfl.com/image/private/f_auto,q_auto/league/eqrmmjto8koqqc9j2kjj",6,KC,0,0,0,0,0,0,0,0,0,0,0,0,,0,,,0,0,0,0,0,0,,0,5,9,26,1,1,1,30,19,1,-12.218715450319,0,0.866666666666667,0.0410958904109589,0.0205902539464653,0.0760570133789641,0,6.6,11.6
2023,REG,00-0032104,A.Abdullah,Ameer Abdullah,RB,RB,"https://static.www.nfl.com/image/upload/f_auto,q_auto/league/atwi5p12mlgnsl4y8cgt",16,LV,0,0,0,0,0,0,0,0,0,0,0,0,,0,,,15,89,0,0,0,6,2.60262565822679,0,19,24,131,0,0,0,46,88,4,-14.2594693582509,0,2.84782608695652,0.0493827160493827,0.0118251928020566,0.0823517090355137,0,22.0,41.0
2023,REG,00-0032128,C.Conley,Chris Conley,WR,WR,"https://static.www.nfl.com/image/upload/f_auto,q_auto/league/mr4h7vx02uwpr7xlfk6y",1,SF,0,0,0,0,0,0,0,0,0,0,0,0,,0,,,0,0,0,0,0,0,,0,3,6,69,0,0,0,74,28,2,1.33781061676564,0,0.932432432432432,0.24,0.293650793650794,0.565555555555556,0,6.9,9.9
2023,REG,00-0032134,C.Uzomah,C.J. Uzomah,TE,TE,"https://static.www.nfl.com/image/private/f_auto,q_auto/league/hnkflpl5pzbfbdvtcv1c",7,NYJ,0,0,0,0,0,0,0,0,0,0,0,0,,0,,,0,0,0,0,0,0,,0,8,12,58,1,0,0,64,33,5,-3.38903699922957,0,0.90625,0.0489795918367347,0.0347448425624321,0.0977907775488045,0,11.8,19.8
2023,REG,00-0032141,G.Swaim,Geoff Swaim,TE,TE,"https://static.www.nfl.com/image/upload/f_auto,q_auto/league/kecuhwgbqvlqt6gb0dz6",7,ARI,0,0,0,0,0,0,0,0,0,0,0,0,,0,,,0,0,0,0,0,0,,0,10,11,94,0,0,0,60,30,4,6.6409618902544,0,1.56666666666667,0.0488888888888889,0.0338028169014084,0.0969953051643192,0,9.4,19.4
2023,REG,00-0032144,M.Gordon,Melvin Gordon,RB,RB,"https://static.www.nfl.com/image/private/f_auto,q_auto/league/i4g8x7yotpgszlyanow0",4,BAL,0,0,0,0,0,0,0,0,0,0,0,0,,0,,,26,81,1,1,1,4,-7.11024274167721,0,3,3,46,0,0,0,18,28,3,3.14673605596181,0,2.55555555555556,0.0625,0.059016393442623,0.135061475409836,0,16.7,19.7
2023,REG,00-0032156,T.Siemian,Trevor Siemian,QB,QB,"https://static.www.nfl.com/image/private/f_auto,q_auto/league/vmksfbms9zefxezf39sb",5,NYJ,86,153,724,2,4,8,40,4,2,814,471,35,-54.5947052367237,0,0.889434889434889,-0.0214201509262629,11,40,0,1,1,5,-7.30983807716984,0,0,0,0,0,0,0,0,0,0,,0,,,,,0,26.96,26.96
2023,REG,00-0032200,T.Montgomery,Ty Montgomery,WR,WR,"https://static.www.nfl.com/image/private/f_auto,q_auto/league/eagn4fvhnc9cp3wxeqoz",7,NE,0,0,0,0,0,0,0,0,0,0,0,0,,0,,,3,9,0,0,0,0,-0.309810214443132,0,5,12,40,0,0,0,90,27,3,-8.51542696508113,0,0.444444444444444,0.0547945205479452,0.05625,0.121566780821918,0,4.9,9.9
2023,REG,00-0032208,P.Dorsett,Phillip Dorsett,WR,WR,"https://static.www.nfl.com/image/upload/f_auto,q_auto/league/nwsw01lcnmb5bdcc8glp",2,DEN,0,0,0,0,0,0,0,0,0,0,0,0,,0,,,0,0,0,0,0,0,,0,0,3,0,0,0,0,78,0,0,-1.74880154198036,0,0.0,0.0483870967741936,0.222222222222222,0.228136200716846,0,0.0,0.0
2023,REG,00-0032211,T.Lockett,Tyler Lockett,WR,WR,"https://static.www.nfl.com/image/upload/f_auto,q_auto/league/yz9p4pfwr0iyakhnwj4z",17,SEA,0,0,0,0,0,0,0,0,0,0,0,0,,0,,,0,0,0,0,0,0,,0,79,122,894,5,0,0,1322,210,47,39.1763191702634,2,0.67624810892587,0.223034734917733,0.328202581926514,0.56429390972516,0,123.4,202.4
2023,REG,00-0032217,D.Smith,Donovan Smith,T,OL,"https://static.www.nfl.com/image/private/f_auto,q_auto/league/iivzp0ofngoslzvvb46q",1,KC,0,0,0,0,0,0,0,0,0,0,0,0,,0,,,0,0,0,0,0,0,,0,1,1,0,0,0,0,0,0,0,-1.63936965493485,0,,0.025,,,0,0.0,1.0
2023,REG,00-0032268,M.Mariota,Marcus Mariota,QB,QB,"https://static.www.nfl.com/image/upload/f_auto,q_auto/league/b9ribxqudeehvmjlw0va",2,PHI,15,23,164,1,1,3,11,1,1,178,72,10,-5.11009586436431,0,0.921348314606742,0.0617812333154149,8,52,0,0,0,6,5.67509956477443,0,0,0,0,0,0,0,0,0,0,,0,,,,,0,11.76,11.76
2023,REG,00-0032385,S.Shepard,Sterling Shepard,WR,WR,"https://static.www.nfl.com/image/upload/f_auto,q_auto/league/dphqvpkeselgrselrvma",10,NYG,0,0,0,0,0,0,0,0,0,0,0,0,,0,,,1,6,0,0,0,0,0.484871156775625,0,10,22,57,1,0,0,160,33,4,-11.1380276668125,0,0.35625,0.0733333333333333,0.0692640692640693,0.158484848484848,0,12.3,22.3
2023,REG,00-0032392,A.Hooper,Austin Hooper,TE,TE,"https://static.www.nfl.com/image/upload/f_auto,q_auto/league/hj0ybtjspne3t1cso961",16,LV,0,0,0,0,0,0,0,0,0,0,0,0,,0,,,0,0,0,0,0,0,,0,25,31,234,0,0,0,130,142,12,11.3596193930716,0,1.8,0.0636550308008214,0.0346020761245675,0.119703999488429,0,23.4,48.4
2023,REG,00-0032394,N.Vannett,Nick Vannett,TE,TE,"https://static.www.nfl.com/image/upload/f_auto,q_auto/league/srrlkx2mydsb8gfco6fp",1,LAC,0,0,0,0,0,0,0,0,0,0,0,0,,0,,,0,0,0,0,0,0,,0,1,1,3,0,0,0,3,0,1,0.170080132782459,0,1.0,0.0222222222222222,0.0111111111111111,0.0411111111111111,0,0.3,1.3
2023,REG,00-0032398,C.Moore,Chris Moore,WR,WR,"https://static.www.nfl.com/image/upload/f_auto,q_auto/league/dzzwxblkzpxnauo9iwhi",15,TEN,0,0,0,0,0,0,0,0,0,0,0,0,,0,,,2,39,0,0,0,1,2.09161901893094,0,22,35,424,0,1,0,641,57,16,18.2691164102726,0,0.661466458658346,0.0837320574162679,0.16322892793481,0.239858335678769,0,46.3,68.3
2023,REG,00-0032436,J.Driskel,Jeff Driskel,QB,QB,"https://static.www.nfl.com/image/upload/f_auto,q_auto/league/qvyjv4da7ya6erhqx67m",1,CLE,13,26,166,2,2,3,26,0,0,232,74,8,-10.9572080454091,0,0.71551724137931,-0.0301052342325139,7,33,0,0,0,4,0.475112463056576,0,0,0,0,0,0,0,0,0,0,,0,,,,,0,13.94,13.94
2023,REG,00-0032464,K.Raymond,Kalif Raymond,WR,WR,"https://static.www.nfl.com/image/upload/f_auto,q_auto/league/hogsyuf9rqnzydmhbsht",17,DET,0,0,0,0,0,0,0,0,0,0,0,0,,0,,,7,75,0,0,0,2,3.32727025955683,0,35,44,489,1,0,0,388,214,20,29.9419242755734,0,1.26030927835052,0.0801457194899818,0.100700752660265,0.190709106097158,0,62.4,97.4
2023,REG,00-0032543,A.Erickson,Alex Erickson,WR,WR,"https://static.www.nfl.com/image/private/f_auto,q_auto/league/tnd77vbkyo8srrrkaisu",8,LAC,0,0,0,0,0,0,0,0,0,0,0,0,,0,,,0,0,0,0,0,0,,0,16,29,232,1,0,0,295,58,12,5.39480069826823,0,0.786440677966102,0.0969899665551839,0.136700648748842,0.241175403956965,0,29.2,45.2
2023,REG,00-0032688,R.Chosen,Robbie Chosen,WR,WR,"https://static.www.nfl.com/image/private/f_auto,q_auto/league/hkcncqfwusv19fah3mbt",5,MIA,0,0,0,0,0,0,0,0,0,0,0,0,,0,,,0,0,0,0,0,0,,0,4,6,126,1,0,0,141,31,3,2.15325949370163,0,0.893617021276596,0.0352941176470588,0.109984399375975,0.129930256033771,0,18.6,22.6
2023,REG,00-0032764,D.Henry,Derrick Henry,RB,RB,"https://static.www.nfl.com/image/upload/f_auto,q_auto/league/m7bv3lv9puapabltvykk",17,TEN,2,3,14,2,0,0,0,0,0,27,0,2,4.52241072434117,0,0.518518518518519,,280,1167,12,0,0,63,-2.09850315903817,0,28,36,214,0,0,0,-100,275,7,3.17448094932479,0,-2.14,0.0841121495327103,-0.0243427458617332,0.109128302195852,0,218.66,246.66
2023,REG,00-0032765,M.Thomas,Michael Thomas,WR,WR,"https://static.www.nfl.com/image/private/f_auto,q_auto/league/sxldsbuw65hfmkzqhw96",10,NO,0,0,0,0,0,0,0,0,0,0,0,0,,0,,,0,0,0,0,0,0,,0,39,64,448,1,0,0,650,100,21,12.6081090965074,0,0.689230769230769,0.175824175824176,0.202492211838006,0.405480812022868,0,50.8,89.8
2023,REG,00-0032775,D.Robinson,Demarcus Robinson,WR,WR,"https://static.www.nfl.com/image/upload/f_auto,q_auto/league/lakf0xue1qqb7ed4p6ge",8,LA,0,0,0,0,0,0,0,0,0,0,0,0,,0,,,1,23,0,0,0,1,1.35725784057286,0,26,39,371,4,2,1,478,89,20,16.2646734261864,0,0.776150627615063,0.151162790697674,0.253850238980351,0.404439353332757,0,61.4,87.4
2023,REG,00-0032918,C.Ham,C.J. Ham,FB,RB,"https://static.www.nfl.com/image/upload/f_auto,q_auto/league/a23fezyvrzsse3q8yuxi",6,MIN,0,0,0,0,0,0,0,0,0,0,0,0,,0,,,1,7,0,0,0,0,0.349452974973246,0,7,9,25,0,0,0,10,20,1,-5.41493847593665,0,2.5,0.0471204188481675,0.0059066745422327,0.0748153004518142,0,3.2,10.2
2023,REG,00-0032950,C.Wentz,Carson Wentz,QB,QB,"https://static.www.nfl.com/image/upload/f_auto,q_auto/league/jtwkpwc18ivthztykkc8",1,LA,17,24,163,2,1,2,14,0,0,159,65,11,7.06485306221293,1,1.0251572327044,0.181530365591125,17,56,1,0,0,4,0.964001336600631,0,0,0,0,0,0,0,0,0,0,,0,,,,,0,26.12,26.12
2023,REG,00-0032951,L.Treadwell,Laquon Treadwell,WR,WR,"https://static.www.nfl.com/image/upload/f_auto,q_auto/league/vhqspz1ssz3ncmgfvmsk",1,BAL,0,0,0,0,0,0,0,0,0,0,0,0,,0,,,0,0,0,0,0,0,,0,1,3,16,0,0,0,36,0,1,0.203097385237925,0,0.444444444444444,0.115384615384615,0.235294117647059,0.337782805429864,0,1.6,2.6
2023,REG,00-0032975,J.Williams,Jonathan Williams,RB,RB,"https://static.www.nfl.com/image/private/f_auto,q_auto/league/dnlboggtjcflj9fxauub",1,WAS,0,0,0,0,0,0,0,0,0,0,0,0,,0,,,1,-2,0,0,0,0,-0.994746600277722,0,0,1,0,0,0,0,-1,0,0,-1.43574621761218,0,0.0,0.0294117647058824,-0.0028818443804034,0.0421003559925411,0,-0.2,-0.2
2023,REG,00-0033009,T.Boyd,Tyler Boyd,WR,WR,"https://static.www.nfl.com/image/upload/f_auto,q_auto/league/ttifog0hjxprlhkagugu",17,CIN,0,1,0,0,1,0,0,0,0,-8,0,0,-6.52706873958232,0,0.0,,2,11,0,0,0,1,0.732716073223855,0,67,98,667,2,0,0,629,279,28,5.828839830408,0,1.060413354531,0.165540540540541,0.168361884368308,0.366164129868627,0,77.8,144.8
2023,REG,00-0033040,T.Hill,Tyreek Hill,WR,WR,"https://static.www.nfl.com/image/upload/f_auto,q_auto/league/gdwjlpbkenmnsibawkht",16,MIA,0,0,0,0,0,0,0,0,0,0,0,0,,0,,,6,15,0,0,0,2,-1.17754232732113,0,119,171,1799,13,1,1,1847,652,83,92.6958312851282,0,0.974011911207363,0.326959847036329,0.440916686560038,0.79908145114652,0,257.4,376.4
2023,REG,00-0033045,E.Elliott,Ezekiel Elliott,RB,RB,"https://static.www.nfl.com/image/upload/f_auto,q_auto/league/d4yr6htg4dbs0bgcfqnd",17,NE,0,0,0,0,0,0,0,0,0,0,0,0,,0,,,184,642,3,1,0,33,-27.2827446409823,0,51,65,313,2,1,1,-42,374,12,-10.107500240426,0,-7.45238095238095,0.138004246284501,-0.0122022080185938,0.198464823813736,0,123.5,174.5
2023,REG,00-0033077,D.Prescott,Dak Prescott,QB,QB,"https://static.www.nfl.com/image/upload/f_auto,q_auto/league/xmtaggdnhuyl4pdwtv8j",17,DAL,410,590,4516,36,9,39,255,2,1,4579,1963,222,118.689064788113,2,0.986241537453592,0.164134220952886,55,242,2,1,1,21,14.0375577257946,0,0,0,0,0,0,0,0,0,0,,0,,,,,0,342.84,342.84
2023,REG,00-0033090,H.Henry,Hunter Henry,TE,TE,"https://static.www.nfl.com/image/private/f_auto,q_auto/league/sdjob9akppefyo7py5tj",13,NE,0,0,0,0,0,0,0,0,0,0,0,0,,0,,,0,0,0,0,0,0,,0,42,61,419,6,1,0,538,78,29,18.4656097208568,0,0.778810408921933,0.144549763033175,0.169930511686671,0.335776002730433,0,77.9,119.9
2023,REG,00-0033106,J.Goff,Jared Goff,QB,QB,"https://static.www.nfl.com/image/upload/f_auto,q_auto/league/jxyaiwwkabzmmphouxil",17,DET,407,605,4575,30,12,30,197,4,2,4064,2147,227,81.6772509190804,2,1.12573818897638,0.10770849838737,32,21,2,2,2,5,-21.9065818285273,0,0,0,0,0,0,0,0,0,0,,0,,,,,0,289.1,289.1
2023,REG,00-0033110,T.Higbee,Tyler Higbee,TE,TE,"https://static.www.nfl.com/image/private/f_auto,q_auto/league/vk9c6lr4d1pdt9sr86ua",15,LA,0,0,0,0,0,0,0,0,0,0,0,0,,0,,,0,0,0,0,0,0,,0,47,70,495,2,0,0,406,246,26,18.8050713778086,0,1.2192118226601,0.141987829614604,0.106088319832767,0.287243568304844,0,61.5,108.5
2023,REG,00-0033118,K.Drake,Kenyan Drake,RB,RB,"https://static.www.nfl.com/image/private/f_auto,q_auto/league/rp5apwel9vuk49b4lykn",2,GB,0,0,0,0,0,0,0,0,0,0,0,0,,0,,,2,0,0,0,0,0,-0.903356734546833,0,2,3,31,0,1,1,-4,36,0,-3.83436410798458,0,-7.75,0.1,-0.0212765957446809,0.135106382978723,0,1.1,3.1
2023,REG,00-0033119,J.Brissett,Jacoby Brissett,QB,QB,"https://static.www.nfl.com/image/upload/f_auto,q_auto/league/dps7iuuc2zwl68yppqux",2,WAS,18,23,224,3,0,0,0,0,0,178,70,10,16.3757347961364,0,1.25842696629213,0.38309712777075,3,19,0,0,0,0,1.29595495137619,0,0,0,0,0,0,0,0,0,0,,0,,,,,0,22.86,22.86
2023,REG,00-0033217,M.Alie-Cox,Mo Alie-Cox,TE,TE,"https://static.www.nfl.com/image/upload/f_auto,q_auto/league/f4orwwthvtcyd3vfqjvs",13,IND,0,0,0,0,0,0,0,0,0,0,0,0,,0,,,0,0,0,0,0,0,,0,13,22,161,3,0,0,222,80,9,6.50959054116403,1,0.725225225225225,0.0568475452196382,0.0745216515609265,0.137436473922106,0,36.1,49.1
2023,REG,00-0033246,J.Mundt,Johnny Mundt,TE,TE,"https://static.www.nfl.com/image/upload/f_auto,q_auto/league/ievumbznrtys9b2esphz",9,MIN,0,0,0,0,0,0,0,0,0,0,0,0,,0,,,0,0,0,0,0,0,,0,17,23,172,1,0,0,114,94,8,2.7715899897662,0,1.50877192982456,0.0716510903426791,0.0458383594692401,0.139563487142487,0,23.2,40.2
2023,REG,00-0033251,Z.Pascal,Zach Pascal,WR,WR,"https://static.www.nfl.com/image/upload/f_auto,q_auto/league/pfhgz8ofqgoubhnuqtme",9,ARI,0,0,0,0,0,0,0,0,0,0,0,0,,0,,,0,0,0,0,0,0,,0,4,15,19,0,0,0,160,12,1,-17.3919837206195,0,0.11875,0.0511945392491468,0.0694745983499783,0.125424027718705,0,1.9,5.9
2023,REG,00-0033275,P.Walker,P.J. Walker,QB,QB,"https://static.www.nfl.com/image/upload/f_auto,q_auto/league/rfbfapksdwh1o4othraq",5,CLE,54,111,674,1,5,11,90,3,2,902,398,27,-34.9647333648879,0,0.747228381374723,-0.0463411967027649,13,30,0,1,0,3,-5.25156283569355,0,0,0,0,0,0,0,0,0,0,,0,,,,,0,19.96,19.96
2023,REG,00-0033280,C.McCaffrey,Christian McCaffrey,RB,RB,"https://static.www.nfl.com/image/upload/f_auto,q_auto/league/umiv5sn2xxrjdjwjtkqm",16,SF,0,0,0,0,0,0,0,0,0,0,0,0,,0,,,272,1459,14,2,2,83,14.3883237172558,0,67,83,564,7,1,0,153,461,31,6.45478739931872,0,3.68627450980392,0.18609865470852,0.0450397409478952,0.310675800726307,0,324.3,391.3
2023,REG,00-0033282,C.Samuel,Curtis Samuel,WR,WR,"https://static.www.nfl.com/image/upload/f_auto,q_auto/league/mq62ulflifrpjrcyknbj",16,WAS,0,0,0,0,0,0,0,0,0,0,0,0,,0,,,7,39,1,0,0,4,3.76068455530913,0,62,91,613,4,0,0,598,260,26,6.00624226880546,0,1.02508361204013,0.163375224416517,0.150402414486922,0.350344526765621,0,95.2,157.2
2023,REG,00-0033288,G.Kittle,George Kittle,TE,TE,"https://static.www.nfl.com/image/upload/f_auto,q_auto/league/ivkrikewqqdllzvano8h",16,SF,0,0,0,0,0,0,0,0,0,0,0,0,,0,,,1,2,0,0,0,1,0.564524254761636,0,65,90,1020,6,0,0,852,483,42,59.676164191566,0,1.19718309859155,0.201793721973094,0.237723214285714,0.469096832959641,0,138.2,203.2
2023,REG,00-0033292,T.Taylor,Trent Taylor,WR,WR,"https://static.www.nfl.com/image/upload/f_auto,q_auto/league/vtuh6trohr5x60eysy87",3,CHI,0,0,0,0,0,0,0,0,0,0,0,0,,0,,,1,-2,0,0,0,0,-1.35151642374694,0,0,2,0,0,0,0,0,0,0,-1.29930671525653,0,,0.0357142857142857,0.0,0.0535714285714286,0,-0.2,-0.2
2023,REG,00-0033293,A.Jones,Aaron Jones,RB,RB,"https://static.www.nfl.com/image/upload/f_auto,q_auto/league/bktkfvgfwujkdbzkcfim",11,GB,0,0,0,0,0,0,0,0,0,0,0,0,,0,,,142,656,2,1,1,34,2.38290923318709,0,30,43,233,1,1,0,-48,271,13,9.50120469911127,0,-4.85416666666667,0.119113573407202,-0.0158520475561427,0.167573926821503,0,104.9,134.9
2023,REG,00-0033296,A.Armah,Alex Armah,RB,RB,"https://static.www.nfl.com/image/private/f_auto,q_auto/league/pvbqmdwlukehpxovupsg",3,WAS,0,0,0,0,0,0,0,0,0,0,0,0,,0,,,0,0,0,0,0,0,,0,3,3,13,0,0,0,-14,27,1,0.974758734868374,0,-0.928571428571429,0.0247933884297521,-0.0187416331994645,0.0240709394050029,0,1.3,4.3
2023,REG,00-0033307,K.Bourne,Kendrick Bourne,WR,WR,"https://static.www.nfl.com/image/private/f_auto,q_auto/league/vrovcaqql9p6xsycko83",8,NE,0,0,0,0,0,0,0,0,0,0,0,0,,0,,,1,4,0,0,0,1,0.639063570182771,0,37,55,406,4,1,1,574,203,15,-9.54042537394778,0,0.707317073170732,0.202205882352941,0.276893391220453,0.497134197383729,0,63.0,100.0
2023,REG,00-0033308,M.Breida,Matt Breida,RB,RB,"https://static.www.nfl.com/image/private/f_auto,q_auto/league/rc4m1xw0xmtsrxswd0bg",15,NYG,0,0,0,0,0,0,0,0,0,0,0,0,,0,,,55,151,1,0,0,7,-13.7199769179547,0,17,21,88,0,1,0,1,89,2,-9.7265229052864,0,88.0,0.0630630630630631,0.0004284490145672,0.0948945089047917,0,29.9,46.9
2023,REG,00-0033319,N.Mullens,Nick Mullens,QB,QB,"https://static.www.nfl.com/image/upload/f_auto,q_auto/league/xkbzegq3t29ean26xyp0",5,MIN,100,148,1306,7,8,12,105,2,0,1380,477,57,12.2968687689239,0,0.946376811594203,0.111695089937397,10,25,0,0,0,4,-0.0232959198627918,0,0,0,0,0,0,0,0,0,0,,0,,,,,0,66.74,66.74
2023,REG,00-0033357,T.Hill,Taysom Hill,TE,TE,"https://static.www.nfl.com/image/upload/f_auto,q_auto/league/q8itjlocg5do60qat4l3",16,NO,6,11,83,1,0,2,4,0,0,126,18,4,1.45840688463068,0,0.658730158730159,-0.0039247310899917,81,401,4,1,1,26,7.23741189094567,0,33,40,291,2,0,0,209,133,11,10.07928946876,0,1.39234449760766,0.0773694390715667,0.0548412490160063,0.154443032918555,0,110.52,143.52
2023,REG,00-0033376,P.Ricard,Patrick Ricard,FB,RB,"https://static.www.nfl.com/image/upload/f_auto,q_auto/league/dwnktpq9tu98n7ozspri",6,BAL,0,0,0,0,0,0,0,0,0,0,0,0,,0,,,0,0,0,0,0,0,,0,5,7,52,1,0,0,19,35,3,-2.30552407115465,0,2.73684210526316,0.0454545454545455,0.0150793650793651,0.0787373737373737,0,11.2,16.2
2023,REG,00-0033439,P.Brown,Pharaoh Brown,TE,TE,"https://static.www.nfl.com/image/upload/f_auto,q_auto/league/ab0kbxsmasznlccuezcq",9,NE,0,0,0,0,0,0,0,0,0,0,0,0,,0,,,0,0,0,0,0,0,,0,13,15,208,1,1,1,104,121,8,5.46975368086714,0,2.0,0.0583657587548638,0.0595988538681948,0.129267835840032,0,24.8,37.8
2023,REG,00-0033466,I.McKenzie,Isaiah McKenzie,WR,WR,"https://static.www.nfl.com/image/upload/f_auto,q_auto/league/gy6grhpxsegfgklfadte",9,IND,0,0,0,0,0,0,0,0,0,0,0,0,,0,,,3,14,0,0,0,0,-0.511582356295548,0,11,14,82,0,0,0,35,72,4,2.21491720260481,0,2.34285714285714,0.0703517587939699,0.0234584450402145,0.121948549719105,0,9.6,20.6
2023,REG,00-0033526,S.Perine,Samaje Perine,RB,RB,"https://static.www.nfl.com/image/upload/f_auto,q_auto/league/liorwdmj8gelxh5u7rc4",17,DEN,0,0,0,0,0,0,0,0,0,0,0,0,,0,,,53,238,1,1,1,14,-9.49174770995859,0,50,56,455,0,2,1,-10,462,23,12.1308481818675,0,-45.5,0.117400419287212,-0.0029411764705882,0.174041805401406,0,71.3,121.3
2023,REG,00-0033536,M.Williams,Mike Williams,WR,WR,"https://static.www.nfl.com/image/upload/f_auto,q_auto/league/vwu8nudrnk3l7samz8mf",3,LAC,0,0,0,0,0,0,0,0,0,0,0,0,,0,,,1,3,0,0,0,0,-0.290569082833827,0,19,26,249,1,0,0,307,108,9,12.8527149014459,0,0.811074918566775,0.220338983050847,0.314549180327869,0.550692900805779,0,31.2,50.2
2023,REG,00-0033537,D.Watson,Deshaun Watson,QB,QB,"https://static.www.nfl.com/image/private/f_auto,q_auto/league/otfs2docj6eahaebo5xn",6,CLE,105,171,1115,7,4,17,85,3,1,1593,499,52,-18.950161800698,0,0.699937225360954,0.0516577826372407,26,142,1,1,1,10,6.77837510554055,3,0,0,0,0,0,0,0,0,0,,0,,,,,0,86.8,86.8
2023,REG,00-0033553,J.Conner,James Conner,RB,RB,"https://static.www.nfl.com/image/upload/f_auto,q_auto/league/rtvys5j7sxjrlbpy5iim",13,ARI,0,0,0,0,0,0,0,0,0,0,0,0,,0,,,208,1040,7,0,0,57,13.9430584581037,0,27,33,165,2,0,0,-23,221,11,4.21923359669745,0,-7.17391304347826,0.09375,-0.0093762739502649,0.134061608234815,0,174.5,201.5
2023,REG,00-0033555,M.Hollins,Mack Hollins,WR,WR,"https://static.www.nfl.com/image/upload/f_auto,q_auto/league/xchw7quzjszgrm6psbyg",9,ATL,0,0,0,0,0,0,0,0,0,0,0,0,,0,,,0,0,0,0,0,0,,0,18,30,251,0,0,0,375,55,9,9.69830800792982,0,0.669333333333333,0.0986842105263158,0.145461598138092,0.249849434486138,0,25.1,43.1
2023,REG,00-0033557,J.Reeves-Maybin,Jalen Reeves-Maybin,OLB,LB,"https://static.www.nfl.com/image/upload/f_auto,q_auto/league/oczccxuvy4ltvjy4fhmu",3,DET,1,1,31,0,0,0,0,0,0,22,9,1,4.14300359913614,0,1.40909090909091,,2,3,0,0,0,1,-0.660682837013155,0,0,0,0,0,0,0,0,0,0,,0,,,,,0,1.54,1.54
2023,REG,00-0033572,J.Agnew,Jamal Agnew,WR,WR,"https://static.www.nfl.com/image/private/f_auto,q_auto/league/at0skjo9xsjgobkvqqz5",8,JAX,0,0,0,0,0,0,0,0,0,0,0,0,,0,,,4,-2,0,0,0,0,-2.7079194545513,0,14,21,225,1,1,1,253,76,8,2.57968109146422,0,0.889328063241107,0.0954545454545455,0.146327356853673,0.245610967979389,0,26.3,40.3
2023,REG,00-0033576,E.Saubert,Eric Saubert,TE,TE,"https://static.www.nfl.com/image/upload/f_auto,q_auto/league/pxcadtlbynaz2qbffpei",3,HOU,0,0,0,0,0,0,0,0,0,0,0,0,,0,,,0,0,0,0,0,0,,0,3,3,12,0,0,0,6,6,1,0.532490984536707,0,2.0,0.0357142857142857,0.0085836909871244,0.0595800122624157,0,1.2,4.2
2023,REG,00-0033589,D.Moore,David Moore,WR,WR,"https://static.www.nfl.com/image/upload/f_auto,q_auto/league/i2esmsczxxoq7pzvg6yf",6,TB,0,0,0,0,0,0,0,0,0,0,0,0,,0,,,0,0,0,0,0,0,,0,5,7,94,1,0,0,49,62,3,2.77723561663879,0,1.91836734693878,0.0378378378378378,0.0329744279946164,0.0798388563529883,0,15.4,20.4
2023,REG,00-0033591,N.Brown,Noah Brown,WR,WR,"https://static.www.nfl.com/image/upload/f_auto,q_auto/league/nv6ix0p8965yiugsuhwh",10,HOU,0,0,0,0,0,0,0,0,0,0,0,0,,0,,,1,-1,0,0,0,0,-1.10926906615239,0,33,55,567,2,0,0,658,223,24,21.8211697622936,0,0.861702127659575,0.164179104477612,0.228949199721642,0.406533096521568,0,68.6,101.6
2023,REG,00-0033662,C.Rush,Cooper Rush,QB,QB,"https://static.www.nfl.com/image/upload/f_auto,q_auto/league/amuag2qiwa9veml1lhvs",7,DAL,18,24,144,0,1,1,8,0,0,215,80,7,-5.23994774756922,0,0.669767441860465,0.0642360402326198,12,-5,0,0,0,1,-5.68589237047127,0,0,0,0,0,0,0,0,0,0,,0,,,,,0,3.26,3.26
2023,REG,00-0033699,A.Ekeler,Austin Ekeler,RB,RB,"https://static.www.nfl.com/image/upload/f_auto,q_auto/league/sldndpn2zwt4uhkj2zks",14,LAC,0,0,0,0,0,0,0,0,0,0,0,0,,0,,,179,628,5,3,2,34,-41.1234789901547,0,51,74,436,1,2,2,-82,533,21,-13.3227430220989,0,-5.31707317073171,0.147117296222664,-0.0230466554243957,0.204543285536919,0,134.4,185.4
2023,REG,00-0033729,C.Johnston,Cameron Johnston,P,SPEC,"https://static.www.nfl.com/image/upload/f_auto,q_auto/league/kdnanuxkg718fi6qtn5m",1,HOU,0,0,0,0,0,0,0,0,0,0,0,0,,0,,,1,-23,0,0,0,0,-1.83287000830751,0,0,0,0,0,0,0,0,0,0,,0,,,,,0,-2.3,-2.3
2023,REG,00-0033757,R.Tonyan,Robert Tonyan,TE,TE,"https://static.www.nfl.com/image/upload/f_auto,q_auto/league/y6enyobsifpchm2yhq9c",11,CHI,0,0,0,0,0,0,0,0,0,0,0,0,,0,,,0,0,0,0,0,0,,0,11,17,112,0,0,0,145,57,6,3.74735239456641,0,0.772413793103448,0.0551948051948052,0.0623924268502582,0.126466906587389,0,11.2,22.2
2023,REG,00-0033854,D.Ogunbowale,Dare Ogunbowale,RB,RB,"https://static.www.nfl.com/image/upload/f_auto,q_auto/league/kzthvzy64jesgizjthwx",6,HOU,0,0,0,0,0,0,0,0,0,0,0,0,,0,,,8,35,0,0,0,2,-2.00453814442335,0,2,7,18,0,0,0,31,5,0,-10.0437842081301,0,0.580645161290323,0.0514705882352941,0.0262934690415606,0.0956113106820336,0,5.3,7.3
2023,REG,00-0033856,L.Fournette,Leonard Fournette,RB,RB,"https://static.www.nfl.com/image/private/f_auto,q_auto/league/atxppoc7zqcjnbnk0awz",2,BUF,0,0,0,0,0,0,0,0,0,0,0,0,,0,,,12,40,0,0,0,2,-1.12259652133798,0,0,0,0,0,0,0,0,0,0,,0,,,,,0,4.0,4.0
2023,REG,00-0033857,J.Smith-Schuster,JuJu Smith-Schuster,WR,WR,"https://static.www.nfl.com/image/upload/f_auto,q_auto/league/l0hsr6xsbsagzygcqhci",11,NE,0,0,0,0,0,0,0,0,0,0,0,0,,0,,,0,0,0,0,0,0,,0,29,47,260,1,0,0,338,94,13,-10.3457660471322,0,0.769230769230769,0.128767123287671,0.116914562435144,0.274990878636107,0,32.0,61.0
2023,REG,00-0033858,J.Smith,Jonnu Smith,TE,TE,"https://static.www.nfl.com/image/upload/f_auto,q_auto/league/p8uldtljkzb6sile3wgx",15,ATL,0,1,0,0,0,0,0,0,0,7,0,0,-0.861830357287545,0,0.0,,1,0,0,0,0,0,-0.42153468017932,0,50,70,582,3,1,1,458,357,26,9.00675330337597,0,1.2707423580786,0.148936170212766,0.114844533600802,0.303795428839711,0,74.2,124.2
2023,REG,00-0033863,D.Skipper,Dan Skipper,T,OL,"https://static.www.nfl.com/image/upload/f_auto,q_auto/league/mmfnkf08m0wuj8slyb4c",1,DET,0,0,0,0,0,0,0,0,0,0,0,0,,0,,,0,0,0,0,0,0,,0,1,1,4,0,0,0,-1,5,0,-0.0089290724135935,0,0.0,0.032258064516129,-0.0040160642570281,0.0455758517942739,0,0.4,1.4
2023,REG,00-0033869,M.Trubisky,Mitchell Trubisky,QB,QB,"https://static.www.nfl.com/image/upload/f_auto,q_auto/league/jetjlsljpb3shogn5grq",5,PIT,67,107,632,4,5,7,42,0,0,983,274,36,-19.6495319398425,1,0.64292980671414,0.0117854234848865,16,54,2,1,1,6,-0.689964002172928,0,0,0,0,0,0,0,0,0,0,,0,,,,,0,48.68,48.68
2023,REG,00-0033873,P.Mahomes,Patrick Mahomes,QB,QB,"https://static.www.nfl.com/image/upload/f_auto,q_auto/league/qrdbvu4iqy7wkqg8jq8d",16,KC,401,597,4183,27,14,27,186,4,3,3873,2555,206,50.961515690338,0,1.08004131164472,0.115483705875603,75,389,0,2,0,27,13.3321867141371,0,0,0,0,0,0,0,0,0,0,,0,,,,,0,280.22,280.22
2023,REG,00-0033881,E.Engram,Evan Engram,TE,TE,"https://static.www.nfl.com/image/upload/f_auto,q_auto/league/sea0atk2feif4n75dvq8",17,JAX,0,0,0,0,0,0,0,0,0,0,0,0,,0,,,0,0,0,0,0,0,,0,114,143,963,4,3,2,716,516,47,11.1923422876705,0,1.34497206703911,0.235584843492587,0.145973496432212,0.455558712741428,0,116.3,230.3
2023,REG,00-0033885,D.Njoku,David Njoku,TE,TE,"https://static.www.nfl.com/image/private/f_auto,q_auto/league/ilvxwdllivrvwbuj69cm",16,CLE,0,0,0,0,0,0,0,0,0,0,0,0,,0,,,0,0,0,0,0,0,,0,81,123,882,6,2,2,566,599,35,-11.4415952289306,0,1.5583038869258,0.215034965034965,0.117184265010352,0.404581433059694,0,120.2,201.2
2023,REG,00-0033891,Z.Jones,Zay Jones,WR,WR,"https://static.www.nfl.com/image/upload/f_auto,q_auto/league/uxtqpnwdviolravhnrkw",9,JAX,0,0,0,0,0,0,0,0,0,0,0,0,,0,,,0,0,0,0,0,0,,0,34,64,321,2,0,0,871,51,14,-4.41660873523967,0,0.368541905855339,0.183381088825215,0.287933884297521,0.476625352246087,0,44.1,78.1
2023,REG,00-0033893,D.Cook,Dalvin Cook,RB,RB,"https://static.www.nfl.com/image/upload/f_auto,q_auto/league/uurolop9ktcloxqh4fid",14,NYJ,0,0,0,0,0,0,0,0,0,0,0,0,,0,,,67,214,0,2,2,10,-24.8627181499614,0,15,20,78,0,0,0,-23,106,3,-2.27413272217382,0,-3.39130434782609,0.0505050505050505,-0.0098374679213002,0.0688713482126656,0,25.2,40.2
2023,REG,00-0033895,G.Everett,Gerald Everett,TE,TE,"https://static.www.nfl.com/image/upload/f_auto,q_auto/league/aayw74rhaupmfnnikzak",15,LAC,0,0,0,0,0,0,0,0,0,0,0,0,,0,,,3,10,0,0,0,0,-0.736174520337954,0,51,70,411,3,3,0,282,275,25,7.63298667292111,0,1.45744680851064,0.12962962962963,0.0693044974195134,0.242957592638104,0,60.1,111.1
2023,REG,00-0033897,J.Mixon,Joe Mixon,RB,RB,"https://static.www.nfl.com/image/upload/f_auto,q_auto/league/gwyhozfhjgedwdmmjjcf",17,CIN,0,0,0,0,0,0,0,0,0,0,0,0,,0,,,257,1034,9,0,0,59,-18.0473119154472,0,52,64,376,3,0,0,-114,463,14,2.29845626563313,1,-3.29824561403509,0.108108108108108,-0.0335294117647059,0.138691573926868,0,215.0,267.0
2023,REG,00-0033906,A.Kamara,Alvin Kamara,RB,RB,"https://static.www.nfl.com/image/private/f_auto,q_auto/league/tl9enad6kiwv6cukf4vt",13,NO,0,0,0,0,0,0,0,0,0,0,0,0,,0,,,180,694,5,0,0,42,-3.14502008270938,2,75,86,466,1,0,0,5,501,23,2.29824011511063,1,93.2,0.189845474613687,0.0015114873035066,0.285826253032985,0,158.0,233.0
2023,REG,00-0033908,C.Kupp,Cooper Kupp,WR,WR,"https://static.www.nfl.com/image/upload/f_auto,q_auto/league/sq7zwzcgrajuk0hwwph2",12,LA,0,0,0,0,0,0,0,0,0,0,0,0,,0,,,1,-3,0,0,0,0,-0.944882621057332,0,59,95,737,5,0,0,781,322,33,9.66519119279009,1,0.943661971830986,0.255376344086022,0.276656039674106,0.576723743900906,0,105.4,164.4
2023,REG,00-0033921,C.Godwin,Chris Godwin,WR,WR,"https://static.www.nfl.com/image/upload/f_auto,q_auto/league/al7b3dzqhysgve7l5lke",17,TB,0,1,0,0,0,0,0,0,0,18,0,0,-0.711173077928834,0,0.0,,4,38,1,0,0,3,3.31536769098602,0,83,130,1024,2,0,0,1180,376,53,44.0019125922515,1,0.867796610169492,0.236363636363636,0.251331203407881,0.530477296930971,0,126.2,209.2
2023,REG,00-0033923,K.Hunt,Kareem Hunt,RB,RB,"https://static.www.nfl.com/image/upload/f_auto,q_auto/league/mm0t1ghvbpdhy6m5utcq",15,CLE,0,0,0,0,0,0,0,0,0,0,0,0,,0,,,135,411,9,0,0,38,-4.94367523786647,0,15,21,84,0,0,0,-6,98,5,-2.76608950400259,0,-14.0,0.049645390070922,-0.0017431725740848,0.0732478643045236,0,103.5,118.5
2023,REG,00-0033925,D.Foreman,D'Onta Foreman,RB,RB,"https://static.www.nfl.com/image/upload/f_auto,q_auto/league/shlxaet74pmn8arznphw",9,CHI,0,0,0,0,0,0,0,0,0,0,0,0,,0,,,109,425,4,1,0,24,-4.14315042519593,0,11,16,77,1,0,0,21,65,6,1.20445104618557,0,3.66666666666667,0.0851063829787234,0.020812685827552,0.142228454547372,0,80.2,91.2
2023,REG,00-0033936,C.Beathard,C.J. Beathard,QB,QB,"https://static.www.nfl.com/image/private/f_auto,q_auto/league/yw8euaevcvwswbx5w27w",6,JAX,40,53,349,1,0,6,27,0,0,339,150,19,5.58071499202448,0,1.02949852507375,0.161698164733426,8,35,0,1,0,2,2.02109879528871,0,0,0,0,0,0,0,0,0,0,,0,,,,,0,21.46,21.46
2023,REG,00-0033943,J.Reynolds,Josh Reynolds,WR,WR,"https://static.www.nfl.com/image/upload/f_auto,q_auto/league/ifukozhqlo1728h3gjnp",16,DET,0,0,0,0,0,0,0,0,0,0,0,0,,0,,,0,0,0,0,0,0,,0,40,64,608,5,1,1,645,173,32,14.7002638015559,0,0.942635658914729,0.117863720073665,0.171908315565032,0.29713140100602,0,88.8,128.8
2023,REG,00-0033948,J.Williams,Jamaal Williams,RB,RB,"https://static.www.nfl.com/image/upload/f_auto,q_auto/league/yxrxpgcwq5qwp88vqnp3",13,NO,0,0,0,0,0,0,0,0,0,0,0,0,,0,,,106,306,1,1,0,19,-26.2487587626613,0,18,20,62,0,0,0,-27,87,1,-7.39575353301244,0,-2.2962962962963,0.0573065902578797,-0.0112033195020747,0.0781175617353672,0,42.8,60.8
2023,REG,00-0033949,J.Dobbs,Joshua Dobbs,QB,QB,"https://static.www.nfl.com/image/upload/f_auto,q_auto/league/vjl8nqbcodtgzppwyemb",13,MIN,262,417,2464,13,10,30,217,7,5,3320,1003,126,-80.749657170748,1,0.742168674698795,0.0199090454977899,77,421,6,5,1,31,13.464617508027,2,0,0,0,0,0,0,0,0,0,,0,,,,,0,202.66,202.66
2023,REG,00-0033958,N.Peterman,Nathan Peterman,QB,QB,"https://static.www.nfl.com/image/private/f_auto,q_auto/league/owifll49p0mmsjgf7rhn",1,CHI,0,0,0,0,0,1,5,1,0,0,0,0,-0.094426492229104,0,,,2,-4,0,0,0,0,0.0,0,0,0,0,0,0,0,0,0,0,,0,,,,,0,-0.4,-0.4
2023,REG,00-0034054,R.Cracraft,River Cracraft,WR,WR,"https://static.www.nfl.com/image/upload/f_auto,q_auto/league/y8t968ntco72t8f8ryba",6,MIA,0,0,0,0,0,0,0,0,0,0,0,0,,0,,,0,0,0,0,0,0,,0,9,12,121,1,0,0,92,49,8,5.9576272064005,0,1.31521739130435,0.0634920634920635,0.0529039677975848,0.132270872696405,0,18.1,27.1
2023,REG,00-0034073,R.Dwelley,Ross Dwelley,TE,TE,"https://static.www.nfl.com/image/upload/f_auto,q_auto/league/ukd8ctqgskd8q5psumou",2,SF,0,0,0,0,0,0,0,0,0,0,0,0,,0,,,0,0,0,0,0,0,,0,1,2,12,0,0,0,17,12,1,0.572260257089511,0,0.705882352941177,0.0377358490566038,0.0708333333333333,0.106187106918239,0,1.2,2.2
2023,REG,00-0034115,J.Wilson,Jeff Wilson,RB,RB,"https://static.www.nfl.com/image/private/f_auto,q_auto/league/zorqrtlrizlltgd6pnob",9,MIA,0,0,0,0,0,0,0,0,0,0,0,0,,0,,,41,188,0,0,0,8,-0.923272557498422,0,14,17,85,0,0,0,46,69,3,2.64930509003269,0,1.84782608695652,0.0723404255319149,0.0271546635182999,0.127518902760682,0,27.3,41.3
2023,REG,00-0034159,W.Dissly,Will Dissly,TE,TE,"https://static.www.nfl.com/image/upload/f_auto,q_auto/league/opdpeoconvviwkufolxr",12,SEA,0,0,0,0,0,0,0,0,0,0,0,0,,0,,,0,0,0,0,0,0,,0,17,22,172,1,0,0,62,120,8,8.72214725561207,0,2.7741935483871,0.0559796437659033,0.0271453590192645,0.10297121696234,0,23.2,40.2
2023,REG,00-0034171,J.Cabinda,Jason Cabinda,FB,RB,"https://static.www.nfl.com/image/private/f_auto,q_auto/league/nvi4viyciscnso8qgbtn",1,DET,0,0,0,0,0,0,0,0,0,0,0,0,,0,,,1,0,0,0,0,0,-1.80906164087355,0,0,0,0,0,0,0,0,0,0,,0,,,,,0,0.0,0.0
2023,REG,00-0034177,T.Boyle,Tim Boyle,QB,QB,"https://static.www.nfl.com/image/upload/f_auto,q_auto/league/zmfyonfo6ohn5bxqwaxg",3,NYJ,48,77,360,1,4,9,64,1,0,477,190,16,-30.9875781070184,0,0.754716981132076,-0.0025518666359487,4,5,0,1,0,3,2.69169014767977,0,0,0,0,0,0,0,0,0,0,,0,,,,,0,10.9,10.9
2023,REG,00-0034184,G.Edwards,Gus Edwards,RB,RB,"https://static.www.nfl.com/image/upload/f_auto,q_auto/league/dyobqe3w5eypevsk3f2b",17,BAL,0,0,0,0,0,0,0,0,0,0,0,0,,0,,,198,810,13,2,2,49,-12.8289584363283,1,12,13,180,0,1,0,32,145,5,9.55162096628919,0,5.625,0.0555555555555556,0.0174197060424605,0.0955271275630557,0,175.0,187.0
2023,REG,00-0034193,K.Rader,Kevin Rader,TE,TE,"https://static.www.nfl.com/image/private/f_auto,q_auto/league/buopatfei7mdyxxxi9bv",2,TEN,0,0,0,0,0,0,0,0,0,0,0,0,,0,,,0,0,0,0,0,0,,0,1,3,6,0,0,0,32,4,0,-1.12132473732345,0,0.1875,0.0588235294117647,0.0975609756097561,0.156527977044476,0,0.6,1.6
2023,REG,00-0034208,M.Boone,Mike Boone,RB,RB,"https://static.www.nfl.com/image/upload/f_auto,q_auto/league/yeoyrlaf9hlvowj6fdio",7,HOU,0,0,0,0,0,0,0,0,0,0,0,0,,0,,,5,23,0,1,0,2,-1.99815420841333,0,7,9,40,0,0,0,9,33,2,0.0462153304615289,0,4.44444444444444,0.0625,0.0070588235294117,0.0986911764705882,0,6.3,13.3
2023,REG,00-0034270,T.Conklin,Tyler Conklin,TE,TE,"https://static.www.nfl.com/image/upload/f_auto,q_auto/league/chajhumpfogd8effewe6",17,NYJ,0,0,0,0,0,0,0,0,0,0,0,0,,0,,,1,0,0,0,0,0,-3.54223324521445,0,61,87,621,0,0,0,595,246,27,6.41119410259936,0,1.0436974789916,0.154529307282416,0.156826568265683,0.341572558709601,0,62.1,123.1
2023,REG,00-0034272,M.Valdes-Scantling,Marquez Valdes-Scantling,WR,WR,"https://static.www.nfl.com/image/upload/f_auto,q_auto/league/vn2bg6lhyl15xrymtd5g",16,KC,0,0,0,0,0,0,0,0,0,0,0,0,,0,,,0,0,0,0,0,0,,0,21,42,315,1,1,1,742,92,14,0.666317601246165,0,0.424528301886792,0.0736842105263158,0.198183760683761,0.249254948268106,0,35.5,56.5
2023,REG,00-0034279,E.St. Brown,Equanimeous St. Brown,WR,WR,"https://static.www.nfl.com/image/upload/f_auto,q_auto/league/yqojuedjvxtydgd9tgpr",5,CHI,0,0,0,0,0,0,0,0,0,0,0,0,,0,,,0,0,0,0,0,0,,0,5,6,62,0,0,0,53,7,3,2.97172284452245,0,1.16981132075472,0.047244094488189,0.0481818181818182,0.104593414459556,0,6.2,11.2
2023,REG,00-0034286,R.James,Richie James,WR,WR,"https://static.www.nfl.com/image/private/f_auto,q_auto/league/qusoivtzbud2wl0spptz",8,KC,0,0,0,0,0,0,0,0,0,0,0,0,,0,,,0,0,0,0,0,0,,0,10,14,114,0,0,0,129,61,5,4.21320229253615,0,0.883720930232558,0.0501792114695341,0.0713890426120642,0.125241147032746,0,11.4,21.4
2023,REG,00-0034297,B.Pringle,Byron Pringle,WR,WR,"https://static.www.nfl.com/image/private/f_auto,q_auto/league/qgwipkdsunodvqlumsmp",12,WAS,0,0,0,0,0,0,0,0,0,0,0,0,,0,,,0,0,0,0,0,0,,0,14,22,161,0,0,0,297,31,7,1.05966306373011,0,0.542087542087542,0.0466101694915254,0.0865889212827988,0.130527499135247,0,16.1,30.1
2023,REG,00-0034317,K.Kirkwood,Keith Kirkwood,WR,WR,"https://static.www.nfl.com/image/upload/f_auto,q_auto/league/tw1pc3frzclxuf2tqxb8",7,NO,0,0,0,0,0,0,0,0,0,0,0,0,,0,,,0,0,0,0,0,0,,0,5,9,37,1,0,0,91,1,3,2.25776215078076,0,0.406593406593407,0.038961038961039,0.0441962117532783,0.0893789066688533,0,9.7,14.7
2023,REG,00-0034348,C.Sutton,Courtland Sutton,WR,WR,"https://static.www.nfl.com/image/upload/f_auto,q_auto/league/qts95gbd6hv65s9eiseq",16,DEN,0,0,0,0,0,0,0,0,0,0,0,0,,0,,,0,0,0,0,0,0,,0,59,90,772,10,3,3,1060,156,37,22.9945871545289,0,0.728301886792453,0.201342281879195,0.333228544482867,0.535273403956799,0,131.2,190.2
2023,REG,00-0034351,D.Goedert,Dallas Goedert,TE,TE,"https://static.www.nfl.com/image/upload/f_auto,q_auto/league/wfj54vhw1zxwwb3vdi61",14,PHI,0,0,0,0,0,0,0,0,0,0,0,0,,0,,,1,1,0,0,0,0,-0.459558119880967,0,59,83,592,3,0,0,445,319,33,16.1481283170258,0,1.33033707865169,0.191244239631336,0.116767252689583,0.368603436329713,0,77.3,136.3
2023,REG,00-0034364,J.Akins,Jordan Akins,TE,TE,"https://static.www.nfl.com/image/private/f_auto,q_auto/league/fgkl9zfpy2yxrkxfge84",13,CLE,0,0,0,0,0,0,0,0,0,0,0,0,,0,,,0,0,0,0,0,0,,0,15,23,132,0,0,0,109,58,6,-1.03784067358356,0,1.21100917431193,0.0509977827050998,0.0292538915727322,0.0969743981585622,0,13.2,28.2
2023,REG,00-0034365,I.Thomas,Ian Thomas,TE,TE,"https://static.www.nfl.com/image/upload/f_auto,q_auto/league/qrcffo16hdkcvxuvjppy",7,CAR,0,0,0,0,0,0,0,0,0,0,0,0,,0,,,0,0,0,0,0,0,,0,5,9,56,0,0,0,78,33,1,-7.67592188360868,0,0.717948717948718,0.0405405405405405,0.0483870967741936,0.0946817785527463,0,5.6,10.6
2023,REG,00-0034383,D.Schultz,Dalton Schultz,TE,TE,"https://static.www.nfl.com/image/upload/f_auto,q_auto/league/ooatvpu1knzypdmjljo9",15,HOU,0,0,0,0,0,0,0,0,0,0,0,0,,0,,,0,0,0,0,0,0,,0,59,88,635,5,1,1,669,259,35,25.3527974586006,0,0.949177877428999,0.171875,0.150202065559048,0.362953945891334,0,91.5,150.5
2023,REG,00-0034386,J.Watson,Justin Watson,WR,WR,"https://static.www.nfl.com/image/private/f_auto,q_auto/league/vr9tayyujt23takv3hv3",15,KC,0,0,0,0,0,0,0,0,0,0,0,0,,0,,,0,0,0,0,0,0,,0,27,53,460,3,1,1,928,47,21,4.29549575073179,0,0.495689655172414,0.100189035916824,0.276190476190476,0.34361688720857,0,62.0,89.0
2023,REG,00-0034401,M.White,Mike White,QB,QB,"https://static.www.nfl.com/image/upload/f_auto,q_auto/league/fmffqxu8o4ckhspqd8vm",6,MIA,5,6,74,1,1,0,0,0,0,23,51,1,-7.24090171756689,0,3.21739130434783,0.115670481500155,8,-9,0,1,1,0,-11.8066923558654,0,0,0,0,0,0,0,0,0,0,,0,,,,,0,2.06,2.06
2023,REG,00-0034407,R.McCloud,Ray-Ray McCloud,WR,WR,"https://static.www.nfl.com/image/upload/f_auto,q_auto/league/nvwn3sdihyyd2itjt7vy",7,SF,0,0,0,0,0,0,0,0,0,0,0,0,,0,,,3,30,0,0,0,2,1.93989443697501,0,12,15,135,0,0,0,94,87,7,2.38459202717058,0,1.43617021276596,0.0815217391304348,0.0569007263922518,0.162113117170228,0,16.5,28.5
2023,REG,00-0034414,B.Scott,Boston Scott,RB,RB,"https://static.www.nfl.com/image/upload/f_auto,q_auto/league/eqdpw33quvi1wbwakaak",10,PHI,0,0,0,0,0,0,0,0,0,0,0,0,,0,,,20,86,0,0,0,5,-3.17410284868674,0,4,6,52,0,0,0,31,43,2,2.97636320849415,0,1.67741935483871,0.028436018957346,0.0223826714801444,0.05832189847212,0,13.8,17.8
2023,REG,00-0034418,C.Wilson,Cedrick Wilson Jr.,WR,WR,"https://static.www.nfl.com/image/upload/f_auto,q_auto/league/vuolr6nwwbrwwc5ldt7f",11,MIA,0,0,0,0,0,1,7,0,0,0,0,0,-1.35745236754883,0,,,0,0,0,0,0,0,,0,22,38,296,3,0,0,429,57,14,0.448936370451772,0,0.68997668997669,0.104109589041096,0.158536585365854,0.267139993317741,0,47.6,69.6
2023,REG,00-0034419,B.Berrios,Braxton Berrios,WR,WR,"https://static.www.nfl.com/image/upload/f_auto,q_auto/league/yvzkjvb0ieeszxribqc9",13,MIA,0,0,0,0,0,0,0,0,0,0,0,0,,0,,,1,11,0,0,0,1,0.729804629925638,0,27,33,238,1,0,0,229,85,15,10.8663082639978,0,1.03930131004367,0.0787589498806683,0.0729996812240995,0.169238201677872,0,30.9,57.9
2023,REG,00-0034433,N.Bawden,Nick Bawden,FB,RB,"https://static.www.nfl.com/image/private/f_auto,q_auto/league/rz1cgqj4rvl2xjffxyia",5,NYJ,0,0,0,0,0,0,0,0,0,0,0,0,,0,,,2,4,1,0,0,1,0.373601678671548,0,3,3,21,0,0,0,-1,22,1,0.451913360448089,0,-21.0,0.0234375,-0.0015197568389057,0.034092420212766,0,8.5,11.5
2023,REG,00-0034437,L.Cooke,Logan Cooke,P,SPEC,"https://static.www.nfl.com/image/upload/f_auto,q_auto/league/aqrps86orfg07vbbgn6c",1,JAX,1,1,13,0,0,0,0,0,0,4,9,1,2.56437600724166,0,3.25,,0,0,0,0,0,0,,0,0,0,0,0,0,0,0,0,0,,0,,,,,0,0.52,0.52
2023,REG,00-0034438,L.Woodside,Logan Woodside,QB,QB,"https://static.www.nfl.com/image/upload/f_auto,q_auto/league/hf5rgpjctslpwjzl0er9",1,ATL,3,4,27,0,1,1,7,0,0,6,29,3,-10.0795751017577,0,4.5,,1,6,0,0,0,0,0.325870348373428,0,0,0,0,0,0,0,0,0,0,,0,,,,,0,-0.32,-0.32
2023,REG,00-0034487,T.Sherfield,Trent Sherfield,WR,WR,"https://static.www.nfl.com/image/upload/f_auto,q_auto/league/esdvav44ezzmwbwe1rju",9,BUF,0,0,0,0,0,0,0,0,0,0,0,0,,0,,,0,0,0,0,0,0,,0,11,22,86,1,0,0,190,49,4,-2.21938811756037,0,0.452631578947368,0.0700636942675159,0.0640593391773432,0.149937078825414,0,14.6,25.6
2023,REG,00-0034490,E.Turner,Ezekiel Turner,ILB,LB,"https://static.www.nfl.com/image/upload/f_auto,q_auto/league/sw7dwli5jctfcp0b309t",1,ARI,0,0,0,0,0,0,0,0,0,0,0,0,,0,,,1,2,0,0,0,1,1.94362433324568,0,0,0,0,0,0,0,0,0,0,,0,,,,,0,0.2,0.2
2023,REG,00-0034521,A.Lazard,Allen Lazard,WR,WR,"https://static.www.nfl.com/image/private/f_auto,q_auto/league/blrzk3bfnpneuyhsqiqg",13,NYJ,0,0,0,0,0,0,0,0,0,0,0,0,,0,,,0,0,0,0,0,0,,0,23,49,311,1,0,0,597,56,17,0.376879264775198,0,0.520938023450586,0.113953488372093,0.191961414790997,0.305303222911837,0,37.1,60.1
2023,REG,00-0034575,D.Wells,David Wells,TE,TE,"https://static.www.nfl.com/image/upload/f_auto,q_auto/league/ft7ynz8n2ehrduolhihy",1,TB,0,0,0,0,0,0,0,0,0,0,0,0,,0,,,0,0,0,0,0,0,,0,2,2,-10,0,1,0,0,-10,1,-1.78414864093065,0,0.0,0.0625,,,0,-1.0,1.0
2023,REG,00-0034577,K.Allen,Kyle Allen,QB,QB,"https://static.www.nfl.com/image/upload/f_auto,q_auto/league/knqlp0qrchvv6rjayshv",6,BUF,0,0,0,0,0,0,0,0,0,0,0,0,,0,,,13,-13,0,0,0,0,-8.63629155163653,0,0,0,0,0,0,0,0,0,0,,0,,,,,0,-1.3,-1.3
2023,REG,00-0034613,T.Hudson,Tanner Hudson,TE,TE,"https://static.www.nfl.com/image/upload/f_auto,q_auto/league/fbtxfvqvgv0al8msbr1e",12,CIN,0,0,0,0,0,1,4,0,0,0,0,0,-2.26438159962378,0,,,0,0,0,0,0,0,,0,39,50,352,1,0,0,269,148,21,12.2674511221393,0,1.30855018587361,0.121654501216545,0.103104637792258,0.254654998279398,0,41.2,80.2
2023,REG,00-0034646,B.Powell,Brandon Powell,WR,WR,"https://static.www.nfl.com/image/upload/f_auto,q_auto/league/kpggzzkazhxoq4e77xho",13,MIN,0,0,0,0,0,0,0,0,0,0,0,0,,0,,,5,17,0,0,0,1,-0.425728226662613,0,29,44,324,1,0,0,332,104,18,-1.46771105070379,0,0.975903614457831,0.093816631130064,0.087737843551797,0.202141437181354,0,40.1,69.1
2023,REG,00-0034681,C.Edmonds,Chase Edmonds,RB,RB,"https://static.www.nfl.com/image/upload/f_auto,q_auto/league/nbnqxhjafvg2vg6lc2ls",13,TB,0,0,0,0,0,0,0,0,0,0,0,0,,0,,,49,176,0,0,0,8,-6.40453142573824,0,14,17,81,0,0,0,-25,111,5,1.01901787857059,0,-3.24,0.0584192439862543,-0.0098347757671125,0.0807445229424027,0,25.7,39.7
2023,REG,00-0034750,R.Penny,Rashaad Penny,RB,RB,"https://static.www.nfl.com/image/private/f_auto,q_auto/league/mwvzwst6cfcwifblqtsj",3,PHI,0,0,0,0,0,0,0,0,0,0,0,0,,0,,,11,33,0,0,0,1,-3.29437441227492,0,1,1,5,0,0,0,-1,6,0,-0.101521304110065,0,-5.0,0.0454545454545455,-0.0048309178743961,0.0648001756697409,0,3.8,4.8
2023,REG,00-0034753,M.Andrews,Mark Andrews,TE,TE,"https://static.www.nfl.com/image/upload/f_auto,q_auto/league/y5maejm3puruskwc344y",10,BAL,0,0,0,0,0,0,0,0,0,0,0,0,,0,,,1,0,0,0,0,0,-1.58926673241589,0,45,61,544,6,1,0,443,217,27,33.1817638412758,0,1.22799097065463,0.217857142857143,0.18118609406953,0.453615980134385,0,90.4,135.4
2023,REG,00-0034764,M.Gallup,Michael Gallup,WR,WR,"https://static.www.nfl.com/image/private/f_auto,q_auto/league/tt9xpcg4x2z3osc1fcq6",16,DAL,0,0,0,0,0,0,0,0,0,0,0,0,,0,,,0,0,0,0,0,0,,0,34,57,418,2,0,0,624,104,19,5.54470849578704,0,0.669871794871795,0.100352112676056,0.143712574850299,0.251126971409294,0,53.8,87.8
2023,REG,00-0034771,M.Rudolph,Mason Rudolph,QB,QB,"https://static.www.nfl.com/image/upload/f_auto,q_auto/league/pn938e0z2fobxmzfxmlh",4,PIT,55,74,719,3,0,6,43,2,1,518,426,26,14.3252752921225,0,1.38803088803089,0.175462849930295,10,8,0,1,0,4,-3.38008750192239,0,0,0,0,0,0,0,0,0,0,,0,,,,,0,39.56,39.56
2023,REG,00-0034775,C.Kirk,Christian Kirk,WR,WR,"https://static.www.nfl.com/image/private/f_auto,q_auto/league/ersmmtjmjlpsy9lmjvde",12,JAX,1,2,-1,0,0,0,0,0,0,25,0,0,-1.75659716618247,0,-0.04,,1,6,0,0,0,0,-0.595339220715687,0,57,85,787,3,2,2,842,247,34,23.3924450492163,0,0.934679334916865,0.208333333333333,0.269612552033301,0.501228786423311,0,93.26,150.26
2023,REG,00-0034777,D.Chark,DJ Chark,WR,WR,"https://static.www.nfl.com/image/upload/f_auto,q_auto/league/skuieceh50r31ulwpo5s",14,CAR,0,0,0,0,0,0,0,0,0,0,0,0,,0,,,0,0,0,0,0,0,,0,35,66,525,5,2,1,1016,84,22,15.3337787782895,0,0.516732283464567,0.148984198645598,0.297249853715623,0.431551195569334,0,80.5,115.5
2023,REG,00-0034791,N.Chubb,Nick Chubb,RB,RB,"https://static.www.nfl.com/image/private/f_auto,q_auto/league/a8ib0haur75wrhqrbtyo",2,CLE,0,0,0,0,0,0,0,0,0,0,0,0,,0,,,28,170,0,0,0,8,4.1136986236088,0,4,4,21,0,0,0,1,20,1,0.750113637768664,0,21.0,0.137931034482759,0.0030395136778115,0.209024211298606,0,19.1,23.1
2023,REG,00-0034796,L.Jackson,Lamar Jackson,QB,QB,"https://static.www.nfl.com/image/upload/f_auto,q_auto/league/cruqs6qpbykh7a2whd7p",16,BAL,307,457,3678,24,7,37,218,7,4,3840,1749,167,58.0185883500063,1,0.9578125,0.118937982758238,148,821,5,4,2,48,10.1596883615493,0,0,0,0,0,0,0,0,0,0,,0,,,,,0,331.22,331.22
2023,REG,00-0034798,D.Smythe,Durham Smythe,TE,TE,"https://static.www.nfl.com/image/upload/f_auto,q_auto/league/twxkgrnpjotgyhwawfsv",13,MIA,0,0,0,0,0,0,0,0,0,0,0,0,,0,,,0,0,0,0,0,0,,0,35,43,366,0,0,0,284,139,22,21.9872291893602,0,1.2887323943662,0.100467289719626,0.0837017388741527,0.209292151791346,0,36.6,71.6
2023,REG,00-0034827,D.Moore,DJ Moore,WR,WR,"https://static.www.nfl.com/image/upload/f_auto,q_auto/league/hqb9xnzm9brx79zl6wve",17,CHI,0,0,0,0,0,0,0,0,0,0,0,0,,0,,,4,21,1,0,0,1,-1.61224786337698,0,96,136,1364,8,1,1,1476,539,64,66.1822347027447,0,0.924119241192412,0.285115303983229,0.422922636103152,0.723718801247049,0,190.5,286.5
2023,REG,00-0034829,M.Gesicki,Mike Gesicki,TE,TE,"https://static.www.nfl.com/image/upload/f_auto,q_auto/league/zabpknonv9ozmkyw4qqt",15,NE,0,0,0,0,0,0,0,0,0,0,0,0,,0,,,0,0,0,0,0,0,,0,29,45,244,2,0,0,383,88,11,-2.16353099000389,0,0.637075718015666,0.0916496945010183,0.108100479819362,0.213144877625081,0,36.4,65.4
2023,REG,00-0034830,H.Hurst,Hayden Hurst,TE,TE,"https://static.www.nfl.com/image/upload/f_auto,q_auto/league/qxvkvmi2fphxjqyb21nv",9,CAR,0,0,0,0,0,0,0,0,0,0,0,0,,0,,,0,0,0,0,0,0,,0,18,32,184,1,0,0,242,67,7,-3.78178151533939,0,0.760330578512397,0.0993788819875776,0.114583333333333,0.2292766563147,0,24.4,42.4
2023,REG,00-0034837,C.Ridley,Calvin Ridley,WR,WR,"https://static.www.nfl.com/image/upload/f_auto,q_auto/league/tmeij0cfgylmurfybs74",17,JAX,0,0,0,0,0,0,0,0,0,0,0,0,,0,,,9,23,0,0,0,3,-2.94865373754874,0,76,136,1016,8,1,0,1771,194,49,31.3279442155444,1,0.573687182382835,0.224052718286656,0.361060142711519,0.588821177328047,0,153.9,229.9
2023,REG,00-0034838,R.Freeman,Royce Freeman,RB,RB,"https://static.www.nfl.com/image/upload/f_auto,q_auto/league/qs4e1hiqj9xymlqk6yas",9,LA,0,0,0,0,0,0,0,0,0,0,0,0,,0,,,77,319,2,0,0,17,-6.53368074275849,0,1,2,13,0,0,0,0,14,1,-0.251066256081685,0,0.0,0.04,0.0,0.06,0,45.2,46.2
2023,REG,00-0034844,S.Barkley,Saquon Barkley,RB,RB,"https://static.www.nfl.com/image/upload/f_auto,q_auto/league/ugiuanl8bf6uoya5mgid",14,NYG,0,0,0,0,0,0,0,0,0,0,0,0,,0,,,247,962,6,2,2,51,-50.3739621219692,1,41,60,280,4,0,0,134,226,16,-6.57139581460439,0,2.08955223880597,0.153452685421995,0.0434078393262067,0.260564515661337,0,182.2,223.2
2023,REG,00-0034854,K.Hodge,KhaDarel Hodge,WR,WR,"https://static.www.nfl.com/image/upload/f_auto,q_auto/league/h3r6hfokmtgtxz8mljho",13,ATL,0,0,0,0,0,0,0,0,0,0,0,0,,0,,,1,0,0,1,0,0,-0.652548361162189,0,14,23,232,0,0,0,330,83,13,5.24310080026697,0,0.703030303030303,0.0546318289786223,0.0925147182506308,0.146708046243375,0,23.2,37.2
2023,REG,00-0034855,B.Mayfield,Baker Mayfield,QB,QB,"https://static.www.nfl.com/image/upload/f_auto,q_auto/league/xrbgtbyy8a7l0ux13hjy",17,TB,364,566,4044,28,10,40,232,6,3,4844,1927,188,50.6661785009099,2,0.834847233691164,0.0961692110473905,62,163,1,2,0,16,-14.4836471974798,0,0,0,0,0,0,0,0,0,0,,0,,,,,0,274.06,274.06
2023,REG,00-0034857,J.Allen,Josh Allen,QB,QB,"https://static.www.nfl.com/image/upload/f_auto,q_auto/league/lq4ezafbszwwt2qsvhqv",17,BUF,385,579,4306,29,18,24,152,2,1,5022,1973,199,90.5337982197074,3,0.857427319792911,0.145432230736173,111,524,15,4,2,57,54.3819283790093,0,0,0,0,0,0,0,0,0,0,,0,,,,,0,394.64,394.64
2023,REG,00-0034869,S.Darnold,Sam Darnold,QB,QB,"https://static.www.nfl.com/image/upload/f_auto,q_auto/league/agjgfwk9jk9ufoac2vpd",10,SF,28,46,297,2,1,6,40,2,1,371,155,15,-0.262156721463623,0,0.800539083557952,0.0613013915716984,21,15,1,1,0,3,-8.30728375105537,0,0,0,0,0,0,0,0,0,0,,0,,,,,0,23.38,23.38
2023,REG,00-0034928,S.Sims,Steven Sims,WR,WR,"https://static.www.nfl.com/image/upload/f_auto,q_auto/league/rsehft6639kzvqezebqf",2,HOU,0,0,0,0,0,0,0,0,0,0,0,0,,0,,,1,1,0,0,0,0,-1.5655690995045,0,3,3,25,0,0,0,-2,27,1,1.03657799004577,0,0.0,0.0416666666666667,-0.0075187969924812,0.0572368421052632,0,2.6,5.6
2023,REG,00-0034955,B.Rypien,Brett Rypien,QB,QB,"https://static.www.nfl.com/image/upload/f_auto,q_auto/league/oogvu5kkkboldowqkfst",2,LA,18,38,172,0,1,2,18,1,0,315,84,8,-19.7252915074134,0,0.546031746031746,-0.0726308510606463,3,19,0,0,0,1,1.33610643743305,0,0,0,0,0,0,0,0,0,0,,0,,,,,0,6.78,6.78
2023,REG,00-0034959,A.Beck,Andrew Beck,FB,RB,"https://static.www.nfl.com/image/upload/f_auto,q_auto/league/rsfn0gxxiu1cx6woxd38",12,HOU,0,0,0,0,0,0,0,0,0,0,0,0,,0,,,5,3,1,0,0,2,-1.4628208396025,0,11,13,55,2,1,1,22,37,4,-9.02365962843089,0,2.5,0.0452961672473868,0.0097345132743362,0.0747584101631155,1,27.8,38.8
2023,REG,00-0034960,J.Meyers,Jakobi Meyers,WR,WR,"https://static.www.nfl.com/image/upload/f_auto,q_auto/league/p1abjttm5pu8gev0gwea",16,LV,2,3,12,1,0,0,0,0,0,12,0,1,0.867831839015707,0,1.0,,4,24,2,0,0,3,2.83430481684627,0,71,106,807,8,0,0,1028,242,46,18.4612716459213,0,0.785019455252918,0.208661417322835,0.25578502114954,0.49204164078893,0,147.58,218.58
2023,REG,00-0034970,I.Smith,Irv Smith,TE,TE,"https://static.www.nfl.com/image/private/f_auto,q_auto/league/gvnnqr5kj0rtte3iw9mp",9,CIN,0,0,0,0,0,0,0,0,0,0,0,0,,0,,,0,0,0,0,0,0,,0,18,26,115,1,1,1,105,66,5,-15.5212642500237,0,1.0952380952381,0.0828025477707006,0.0547445255474453,0.162524989539263,0,15.5,33.5
2023,REG,00-0034972,A.Mattison,Alexander Mattison,RB,RB,"https://static.www.nfl.com/image/upload/f_auto,q_auto/league/uftc0gl0wzo5povcu6ih",16,MIN,0,0,0,0,0,0,0,0,0,0,0,0,,0,,,180,700,0,2,2,28,-31.7409543032685,0,30,44,192,3,0,0,24,181,5,-5.05417830269332,0,8.0,0.0816326530612245,0.005939123979213,0.126606366377286,0,103.2,133.2
2023,REG,00-0034975,J.Hill,Justice Hill,RB,RB,"https://static.www.nfl.com/image/upload/f_auto,q_auto/league/jeeq17ah67zxc6vdamhk",16,BAL,0,0,0,0,0,0,0,0,0,0,0,0,,0,,,84,387,3,0,0,18,0.810390190069056,0,28,39,206,1,1,1,23,237,8,-4.72581757383887,0,8.95652173913044,0.1015625,0.0083152566883586,0.158164429681851,0,81.3,109.3
2023,REG,00-0034981,F.Moreau,Foster Moreau,TE,TE,"https://static.www.nfl.com/image/upload/f_auto,q_auto/league/hfcik9okcbwsbhgoaljy",11,NO,0,0,0,0,0,0,0,0,0,0,0,0,,0,,,0,0,0,0,0,0,,0,21,25,193,1,0,0,122,96,9,8.40541519060863,0,1.58196721311475,0.0679347826086957,0.0484511517077045,0.135817980108437,0,25.3,46.3
2023,REG,00-0034983,H.Renfrow,Hunter Renfrow,WR,WR,"https://static.www.nfl.com/image/private/f_auto,q_auto/league/coqn2jxhmjhaut34aqiv",13,LV,0,0,0,0,0,0,0,0,0,0,0,0,,0,,,0,0,0,0,0,0,,0,25,37,255,0,1,1,207,152,11,-0.269476781494955,0,1.23188405797101,0.0922693266832918,0.065651760228354,0.184360222184785,0,23.5,48.5
2023,REG,00-0035045,D.Montgomery,D.J. Montgomery,WR,WR,"https://static.www.nfl.com/image/upload/f_auto,q_auto/league/s8equqk2rmgcwyf8bkup",2,IND,0,0,0,0,0,0,0,0,0,0,0,0,,0,,,0,0,0,0,0,0,,0,3,8,56,1,0,0,97,28,3,-6.7873042471474,0,0.577319587628866,0.129032258064516,0.179297597042514,0.319056705026534,0,11.6,14.6
2023,REG,00-0035099,K.Blasingame,Khari Blasingame,FB,RB,"https://static.www.nfl.com/image/upload/f_auto,q_auto/league/beioi5h4lq0obt8yx35v",7,CHI,0,0,0,0,0,0,0,0,0,0,0,0,,0,,,8,26,0,0,0,0,-1.6575772715917,0,3,6,2,0,0,0,11,5,0,-3.4736220719642,0,0.181818181818182,0.032258064516129,0.0104562737642586,0.0557064884091745,0,2.8,5.8
2023,REG,00-0035100,J.Browning,Jake Browning,QB,QB,"https://static.www.nfl.com/image/upload/f_auto,q_auto/league/kuxgw7azlwgyv2ptawvf",9,CIN,171,243,1936,12,7,24,169,3,0,1554,1109,93,22.299077136491,1,1.24581724581725,0.121132884883108,27,127,3,0,0,12,9.53552088774343,0,1,1,-7,0,0,0,-7,0,0,-2.10285701858811,0,0.0,0.027027027027027,-0.048951048951049,0.0062748062748062,0,143.44,144.44
2023,REG,00-0035120,K.Doss,Keelan Doss,WR,WR,"https://static.www.nfl.com/image/private/f_auto,q_auto/league/w1y0ujmc2ycaxfpysv0u",2,LAC,0,0,0,0,0,0,0,0,0,0,0,0,,0,,,0,0,0,0,0,0,,0,6,13,33,0,0,0,97,14,1,-3.02277128267108,0,0.34020618556701,0.158536585365854,0.176363636363636,0.361259423503326,0,3.3,9.3
2023,REG,00-0035125,A.Ingold,Alec Ingold,FB,RB,"https://static.www.nfl.com/image/upload/f_auto,q_auto/league/ti3f1rb38z7sbxkjk2d9",10,MIA,0,0,0,0,0,0,0,0,0,0,0,0,,0,,,2,0,0,0,0,0,-4.76509969338076,0,13,16,119,0,0,0,30,91,5,1.77198608036517,0,3.96666666666667,0.0498442367601246,0.013129102844639,0.0839567271314342,0,11.9,24.9
2023,REG,00-0035133,K.Nixon,Keisean Nixon,CB,DB,"https://static.www.nfl.com/image/upload/f_auto,q_auto/league/zsxo7tlynx1uzjvp0vpf",1,GB,0,0,0,0,0,0,0,0,0,0,0,0,,0,,,1,11,0,0,0,1,0.545994854997844,0,0,0,0,0,0,0,0,0,0,,0,,,,,0,1.1,1.1
2023,REG,00-0035140,M.Hardman,Mecole Hardman,WR,WR,"https://static.www.nfl.com/image/upload/f_auto,q_auto/league/cfbjutuygqg7imy0qwpt",7,KC,0,0,0,0,0,0,0,0,0,0,0,0,,0,,,1,3,0,0,0,0,-0.356101776938885,0,15,24,124,0,0,0,137,108,8,0.728680467759828,0,0.905109489051095,0.103896103896104,0.0762806236080178,0.209240592369768,0,12.7,27.7
2023,REG,00-0035164,C.Thompson,Cody Thompson,WR,WR,"https://static.www.nfl.com/image/upload/f_auto,q_auto/league/dghmeq55sg0rb1ppakkr",1,SEA,0,0,0,0,0,0,0,0,0,0,0,0,,0,,,0,0,0,0,0,0,,0,1,1,10,0,0,0,6,4,0,0.412861474789679,0,1.66666666666667,0.0384615384615385,0.046875,0.0905048076923077,0,1.0,2.0
2023,REG,00-0035184,D.Ozigbo,Devine Ozigbo,RB,RB,"https://static.www.nfl.com/image/private/f_auto,q_auto/league/teht8fiw2mu5g8xmdoqm",1,DET,0,0,0,0,0,0,0,0,0,0,0,0,,0,,,3,5,0,0,0,1,-1.60837490076665,0,1,1,8,0,0,0,3,5,0,0.556485361885279,0,2.66666666666667,0.024390243902439,0.0105263157894737,0.0439537869062901,0,1.3,2.3
2023,REG,00-0035208,O.Zaccheaus,Olamide Zaccheaus,WR,WR,"https://static.www.nfl.com/image/upload/f_auto,q_auto/league/hcmdnfgnnvcp0qbktpxd",11,PHI,0,0,0,0,0,0,0,0,0,0,0,0,,0,,,0,0,0,0,0,0,,0,10,20,164,2,0,0,207,52,7,11.0922713035252,0,0.792270531400966,0.0581395348837209,0.072075208913649,0.137661948565136,0,28.4,38.4
2023,REG,00-0035215,D.Harty,Deonte Harty,WR,WR,"https://static.www.nfl.com/image/upload/f_auto,q_auto/league/fh7rbtvohdkaacqaxqke",12,BUF,0,0,0,0,0,0,0,0,0,0,0,0,,0,,,4,0,0,0,0,0,-2.52056689443998,0,15,21,150,1,0,0,227,79,9,6.18557996389233,0,0.66079295154185,0.0531645569620253,0.07264,0.130594835443038,1,27.0,42.0
2023,REG,00-0035216,D.Johnson,Diontae Johnson,WR,WR,"https://static.www.nfl.com/image/upload/f_auto,q_auto/league/rjtil6ilydmwoy0btlt7",13,PIT,0,0,0,0,0,0,0,0,0,0,0,0,,0,,,0,0,0,0,0,0,,0,51,87,717,5,1,0,1106,261,38,25.9781533297791,0,0.648282097649186,0.235135135135135,0.390261115031757,0.625885483224933,0,101.7,152.7
2023,REG,00-0035228,K.Murray,Kyler Murray,QB,QB,"https://static.www.nfl.com/image/upload/f_auto,q_auto/league/lsladvvsaptc29bbcah2",8,ARI,176,268,1799,10,5,18,119,2,0,1935,977,88,-12.8784690754762,1,0.929715762273902,0.0550634510835741,44,244,3,5,0,15,7.68488434791838,0,0,0,0,0,0,0,0,0,0,,0,,,,,0,146.36,146.36
2023,REG,00-0035229,T.Hockenson,T.J. Hockenson,TE,TE,"https://static.www.nfl.com/image/upload/f_auto,q_auto/league/n9zhffstwzae8i5di6tk",15,MIN,0,0,0,0,0,0,0,0,0,0,0,0,,0,,,0,0,0,0,0,0,,0,95,127,960,5,1,1,976,336,48,31.8228879730231,0,0.983606557377049,0.238721804511278,0.234052757793765,0.521919637222553,0,124.0,219.0
2023,REG,00-0035243,M.Sanders,Miles Sanders,RB,RB,"https://static.www.nfl.com/image/upload/f_auto,q_auto/league/lvyjbie3d0ro8ohgphe0",16,CAR,0,0,0,0,0,0,0,0,0,0,0,0,,0,,,129,432,1,2,2,24,-30.5452764339861,0,27,41,154,0,0,0,23,158,8,-9.62243970283503,0,6.69565217391304,0.0980861244019139,0.0075409836065573,0.152407875127461,0,60.6,87.6
2023,REG,00-0035249,J.Oliver,Josh Oliver,TE,TE,"https://static.www.nfl.com/image/private/f_auto,q_auto/league/pwd3muzyjclgjlwwtdah",12,MIN,0,0,0,0,0,0,0,0,0,0,0,0,,0,,,0,0,0,0,0,0,,0,22,28,213,2,1,1,72,162,12,4.2262307392084,0,2.95833333333333,0.0606060606060606,0.0228571428571429,0.106909090909091,0,31.3,53.3
2023,REG,00-0035250,D.Singletary,Devin Singletary,RB,RB,"https://static.www.nfl.com/image/upload/f_auto,q_auto/league/wz8mp8xb5bdspcxosreh",17,HOU,1,1,6,1,0,0,0,0,0,6,0,1,1.84229658805998,0,1.0,,216,898,4,1,0,40,-16.579682316013,0,30,38,193,0,0,0,5,223,7,-5.25356204787205,0,38.6,0.0726577437858509,0.0011376564277588,0.109782975178207,0,137.34,167.34
2023,REG,00-0035259,T.Wesco,Trevon Wesco,TE,TE,"https://static.www.nfl.com/image/private/f_auto,q_auto/league/ptq3iidy6uyg3f31gjl5",3,TEN,0,0,0,0,0,0,0,0,0,0,0,0,,0,,,0,0,0,0,0,0,,0,1,3,21,0,0,0,13,12,1,0.160237943520769,0,1.61538461538462,0.032967032967033,0.0269151138716356,0.0682911291606944,0,2.1,3.1
2023,REG,00-0035261,T.Pollard,Tony Pollard,RB,RB,"https://static.www.nfl.com/image/upload/f_auto,q_auto/league/koxn5qhfnsgvnqfqfmpp",17,DAL,0,0,0,0,0,0,0,0,0,0,0,0,,0,,,252,1005,6,1,1,56,-17.8611711650824,1,55,67,311,0,2,0,27,321,12,-4.40546184104287,0,11.5185185185185,0.119429590017825,0.0063202247191011,0.183568542330109,0,167.6,222.6
2023,REG,00-0035264,J.Stidham,Jarrett Stidham,QB,QB,"https://static.www.nfl.com/image/upload/f_auto,q_auto/league/ydf4deab7bxkpjztpze5",2,DEN,40,66,496,2,1,7,46,0,0,565,334,19,5.05342119600567,0,0.87787610619469,0.028238638313876,9,8,0,1,0,1,-5.14247380942106,0,0,0,0,0,0,0,0,0,0,,0,,,,,0,26.64,26.64
2023,REG,00-0035282,E.Stick,Easton Stick,QB,QB,"https://static.www.nfl.com/image/upload/f_auto,q_auto/league/ybdbylsv4ikjnmwornzo",5,LAC,111,174,1129,3,1,14,122,5,4,1204,581,53,-34.0119861157923,0,0.937707641196013,0.0106019662854893,27,144,1,0,0,11,8.03756701856037,0,0,0,0,0,0,0,0,0,0,,0,,,,,0,67.56,67.56
2023,REG,00-0035289,G.Minshew,Gardner Minshew,QB,QB,"https://static.www.nfl.com/image/upload/f_auto,q_auto/league/zn2kvriijuixffqfx7ob",16,IND,305,490,3305,15,9,34,187,8,5,3579,1566,147,-5.75170655365336,2,0.923442302319084,0.0384751096772556,34,100,3,0,0,7,-2.77566413755994,0,0,0,0,0,0,0,0,0,0,,0,,,,,0,196.2,196.2
2023,REG,00-0035291,T.Williams,Trayveon Williams,RB,RB,"https://static.www.nfl.com/image/upload/f_auto,q_auto/league/kx1u2iefb1vcnkrpdt4e",14,CIN,0,0,0,0,0,0,0,0,0,0,0,0,,0,,,15,69,0,0,0,2,-2.09436621592613,0,7,9,10,0,0,0,-28,35,0,-7.62727605822747,0,-0.357142857142857,0.0401785714285714,-0.0184331797235023,0.0473646313364055,0,7.9,14.9
2023,REG,00-0035298,S.Miller,Scott Miller,WR,WR,"https://static.www.nfl.com/image/upload/f_auto,q_auto/league/v5fxl6tig8qarofg0lo1",9,ATL,0,0,0,0,0,0,0,0,0,0,0,0,,0,,,0,0,0,0,0,0,,0,11,16,161,2,0,0,195,80,6,8.59296069160337,0,0.825641025641026,0.0567375886524823,0.0840879689521345,0.143967961245218,0,28.1,39.1
2023,REG,00-0035329,D.Parham,Donald Parham,TE,TE,"https://static.www.nfl.com/image/upload/f_auto,q_auto/league/v4ryz7edi35hnbogbqjt",13,LAC,0,0,0,0,0,0,0,0,0,0,0,0,,0,,,0,0,0,0,0,0,,0,27,41,285,4,0,0,306,126,22,18.289647645852,0,0.931372549019608,0.0866807610993658,0.0836065573770492,0.188545731812983,0,52.5,79.5
2023,REG,00-0035341,T.Irwin,Trenton Irwin,WR,WR,"https://static.www.nfl.com/image/upload/f_auto,q_auto/league/q6yiyvs3vlibz7w0wa9b",10,CIN,0,0,0,0,0,0,0,0,0,0,0,0,,0,,,0,0,0,0,0,0,,0,25,32,316,1,1,0,337,110,15,19.3666523989078,0,0.937685459940653,0.0958083832335329,0.164390243902439,0.258785745582007,0,37.6,62.6
2023,REG,00-0035406,L.Humphrey,Lil'Jordan Humphrey,WR,WR,"https://static.www.nfl.com/image/upload/f_auto,q_auto/league/yjmyfuozafxd7zwf3mlr",11,DEN,0,0,0,0,0,0,0,0,0,0,0,0,,0,,,0,0,0,0,0,0,,0,13,19,162,3,0,0,186,99,9,14.2007896178984,0,0.870967741935484,0.0603174603174603,0.0841248303934871,0.149363571751631,0,34.2,47.2
2023,REG,00-0035414,J.Guyton,Jalen Guyton,WR,WR,"https://static.www.nfl.com/image/upload/f_auto,q_auto/league/a6j9njysh2lwdjblxvxw",7,LAC,0,0,0,0,0,0,0,0,0,0,0,0,,0,,,0,0,0,0,0,0,,0,10,21,89,1,0,0,218,32,6,-2.3658055786218,0,0.408256880733945,0.0843373493975904,0.130227001194743,0.217664924932706,0,14.9,24.9
2023,REG,00-0035480,M.Taylor,Malik Taylor,WR,WR,"https://static.www.nfl.com/image/private/f_auto,q_auto/league/aupsoxtxtpv4fmgs4ttp",2,NYJ,0,0,0,0,0,0,0,0,0,0,0,0,,0,,,0,0,0,0,0,0,,0,2,4,13,0,0,0,89,7,0,-2.06693132489454,0,0.146067415730337,0.0470588235294118,0.129737609329446,0.16140456182473,0,1.3,3.3
2023,REG,00-0035500,G.Dortch,Greg Dortch,WR,WR,"https://static.www.nfl.com/image/upload/f_auto,q_auto/league/gkog6lrht3rnktwiberj",9,ARI,0,0,0,0,0,0,0,0,0,0,0,0,,0,,,1,5,0,0,0,0,-0.0831637269584462,0,24,41,280,2,0,0,383,152,14,4.75531841433258,0,0.731070496083551,0.141868512110727,0.192076228686058,0.347256128246331,0,40.5,64.5
2023,REG,00-0035535,D.Slayton,Darius Slayton,WR,WR,"https://static.www.nfl.com/image/upload/f_auto,q_auto/league/zhm6evj813ucss03ndlx",17,NYG,0,0,0,0,0,0,0,0,0,0,0,0,,0,,,0,0,0,0,0,0,,0,50,79,770,4,0,0,967,298,29,29.1937589205565,0,0.796277145811789,0.162886597938144,0.268685746040567,0.432409919135613,0,101.0,151.0
2023,REG,00-0035537,T.Johnson,Ty Johnson,RB,RB,"https://static.www.nfl.com/image/upload/f_auto,q_auto/league/zdedn4xqr2jy6mddh5pb",7,BUF,0,0,0,0,0,0,0,0,0,0,0,0,,0,,,30,132,0,1,0,8,-0.741038017207757,0,7,7,62,1,0,0,2,60,2,1.2649246439687,0,31.0,0.0608695652173913,0.0022050716648291,0.0928478979914673,0,25.4,32.4
2023,REG,00-0035562,J.Horsted,Jesper Horsted,TE,TE,"https://static.www.nfl.com/image/private/f_auto,q_auto/league/mqbodeysdvvvuhkctewa",1,LV,0,0,0,0,0,0,0,0,0,0,0,0,,0,,,0,0,0,0,0,0,,0,1,1,4,0,0,0,2,2,0,-0.210121021780651,0,2.0,0.0222222222222222,0.0061919504643962,0.0376676986584107,0,0.4,1.4
2023,REG,00-0035567,C.Reynolds,Craig Reynolds,RB,RB,"https://static.www.nfl.com/image/upload/f_auto,q_auto/league/kfohmdfiai96uqcl7c03",6,DET,0,0,0,0,0,0,0,0,0,0,0,0,,0,,,41,179,1,1,1,11,-4.47968625745853,0,5,5,47,0,0,0,-12,59,2,2.83654575329274,0,-3.91666666666667,0.0316455696202532,-0.0111317254174397,0.039676146638172,0,26.6,31.6
2023,REG,00-0035593,J.Winfree,Juwann Winfree,WR,WR,"https://static.www.nfl.com/image/upload/f_auto,q_auto/league/pawxwuphiobdd7voouwl",1,IND,0,0,0,0,0,0,0,0,0,0,0,0,,0,,,0,0,0,0,0,0,,0,0,1,0,0,0,0,26,0,0,-1.09631859883666,0,0.0,0.0263157894736842,0.0858085808580858,0.0995396908111864,0,0.0,0.0
2023,REG,00-0035594,T.Homer,Travis Homer,RB,RB,"https://static.www.nfl.com/image/upload/f_auto,q_auto/league/eg1e7va024emnbm55got",1,CHI,0,0,0,0,0,0,0,0,0,0,0,0,,0,,,0,0,0,0,0,0,,0,0,1,0,0,0,0,-5,0,0,-1.05513803250528,0,0.0,0.0344827586206897,-0.0943396226415094,-0.0143135979180221,0,0.0,0.0
2023,REG,00-0035628,D.Johnson,D'Ernest Johnson,RB,RB,"https://static.www.nfl.com/image/upload/f_auto,q_auto/league/gbe2eojaxid4n3pmo0rj",15,JAX,0,0,0,0,0,0,0,0,0,0,0,0,,0,,,41,108,0,0,0,5,-13.3053339688936,0,10,12,140,0,0,0,10,136,6,9.81472385426043,0,14.0,0.0447761194029851,0.0043975373790677,0.070242455269825,0,24.8,34.8
2023,REG,00-0035631,D.Sample,Drew Sample,TE,TE,"https://static.www.nfl.com/image/upload/f_auto,q_auto/league/xufsbdqfujdqnrnozhg4",14,CIN,0,0,0,0,0,0,0,0,0,0,0,0,,0,,,0,0,0,0,0,0,,0,22,27,163,2,0,0,29,173,9,0.496050484361356,0,5.62068965517241,0.0564853556485356,0.0096925133689839,0.0915127928310921,0,28.3,50.3
2023,REG,00-0035632,A.Hooker,Amani Hooker,FS,DB,"https://static.www.nfl.com/image/upload/f_auto,q_auto/league/jigd7pauot8z4engfsmx",1,TEN,0,0,0,0,0,0,0,0,0,0,0,0,,0,,,1,2,0,0,0,1,2.15793319442309,0,0,0,0,0,0,0,0,0,0,,0,,,,,0,0.2,0.2
2023,REG,00-0035639,P.Campbell,Parris Campbell,WR,WR,"https://static.www.nfl.com/image/upload/f_auto,q_auto/league/zesqmghc8zchkvhsv9jb",8,NYG,0,0,0,0,0,1,8,0,0,0,0,0,-1.52678748080507,0,,,0,0,0,0,0,0,,0,20,27,104,0,0,0,91,65,2,-22.2971706076967,0,1.14285714285714,0.113924050632911,0.0614035087719298,0.213868532089718,0,10.4,30.4
2023,REG,00-0035640,D.Metcalf,DK Metcalf,WR,WR,"https://static.www.nfl.com/image/upload/f_auto,q_auto/league/ezpzdcvzlu5ga4uv6oas",16,SEA,0,0,0,0,0,0,0,0,0,0,0,0,,0,,,0,0,0,0,0,0,,0,66,119,1114,8,0,0,1529,367,52,42.6452170511991,0,0.728580771746239,0.227533460803059,0.402474335351408,0.623032225950575,0,159.4,225.4
2023,REG,00-0035643,J.Simmons,Jeffery Simmons,DT,DL,"https://static.www.nfl.com/image/upload/f_auto,q_auto/league/t6x8nhokjuwxz1gjq2fs",1,TEN,0,0,0,0,0,0,0,0,0,0,0,0,,0,,,0,0,0,0,0,0,,0,1,1,2,1,0,0,2,0,1,1.15889371134108,0,1.0,0.0588235294117647,0.0150375939849624,0.0987616099071207,0,6.2,7.2
2023,REG,00-0035644,N.Fant,Noah Fant,TE,TE,"https://static.www.nfl.com/image/private/f_auto,q_auto/league/w1gqasldrg3jumzdqjvy",14,SEA,0,0,0,0,0,0,0,0,0,0,0,0,,0,,,0,0,0,0,0,0,,0,32,43,414,0,0,0,298,177,16,11.7244695714326,0,1.38926174496644,0.0932754880694143,0.0847795163584637,0.199258893555046,0,41.4,73.4
2023,REG,00-0035645,G.Olszewski,Gunner Olszewski,WR,WR,"https://static.www.nfl.com/image/upload/f_auto,q_auto/league/fpimudxhuze3pd02bstw",2,NYG,0,0,0,0,0,0,0,0,0,0,0,0,,0,,,0,0,0,0,0,0,,0,1,1,0,0,1,1,-1,0,0,-6.18557261489332,0,0.0,0.0344827586206897,-0.0058479532163742,0.0476305706795725,1,4.0,5.0
2023,REG,00-0035657,D.Harris,Damien Harris,RB,RB,"https://static.www.nfl.com/image/private/f_auto,q_auto/league/s0cagglk6qh9ciuddjmu",6,BUF,0,0,0,0,0,0,0,0,0,0,0,0,,0,,,23,94,1,0,0,9,2.17426049790811,0,2,2,16,0,0,0,0,16,0,0.534958284150554,0,0.0,0.0512820512820513,,,0,17.0,19.0
2023,REG,00-0035659,T.McLaurin,Terry McLaurin,WR,WR,"https://static.www.nfl.com/image/upload/f_auto,q_auto/league/wokz1etv1wj1vhbmvxgs",17,WAS,0,0,0,0,0,0,0,0,0,0,0,0,,0,,,0,0,0,0,0,0,,0,79,132,1002,4,0,0,1514,350,47,9.27223442338802,0,0.661822985468957,0.219633943427621,0.347566574839302,0.572747517528942,0,124.2,203.2
2023,REG,00-0035662,M.Brown,Marquise Brown,WR,WR,"https://static.www.nfl.com/image/upload/f_auto,q_auto/league/ixuddegcphzmvjn4jq6r",13,ARI,0,0,0,0,0,0,0,0,0,0,0,0,,0,,,2,23,0,0,0,1,0.850742515875027,0,51,101,574,4,0,0,1186,164,32,-4.73434049494964,0,0.48397976391231,0.249382716049383,0.374250552224677,0.636049460631348,0,83.7,134.7
2023,REG,00-0035664,D.Henderson,Darrell Henderson,RB,RB,"https://static.www.nfl.com/image/private/f_auto,q_auto/league/trvk8n0wjne7edxbajgw",4,LA,0,0,0,0,0,0,0,0,0,0,0,0,,0,,,46,112,2,0,0,5,-11.786323133565,0,10,14,103,0,0,0,-9,134,3,-0.922394146959106,0,-11.4444444444444,0.121739130434783,-0.0109223300970874,0.174963064584213,0,33.5,43.5
2023,REG,00-0035676,A.Brown,A.J. Brown,WR,WR,"https://static.www.nfl.com/image/private/f_auto,q_auto/league/a014sgzctarbvhwb35lw",17,PHI,0,0,0,0,0,0,0,0,0,0,0,0,,0,,,0,0,0,0,0,0,,0,106,158,1456,7,2,2,1853,473,70,65.8728374935167,0,0.785752833243389,0.300952380952381,0.416123961374354,0.74271534439062,0,183.6,289.6
2023,REG,00-0035685,D.Montgomery,David Montgomery,RB,RB,"https://static.www.nfl.com/image/upload/f_auto,q_auto/league/nwdb4paueb1x4gv7tlb9",14,DET,0,0,0,0,0,0,0,0,0,0,0,0,,0,,,219,1015,13,2,1,59,10.2834007442979,1,16,24,117,0,0,0,-19,149,7,-8.17986384214601,0,-6.15789473684211,0.0657534246575342,-0.0085240017945266,0.0926633357301327,0,191.2,207.2
2023,REG,00-0035688,T.Pipkins,Trey Pipkins,T,OL,"https://static.www.nfl.com/image/private/f_auto,q_auto/league/v6tmtde91k7rtcl6liau",1,LAC,0,0,0,0,0,0,0,0,0,0,0,0,,0,,,0,0,0,0,0,0,,0,0,0,0,0,0,0,0,0,0,,1,,,,,0,2.0,2.0
2023,REG,00-0035689,D.Knox,Dawson Knox,TE,TE,"https://static.www.nfl.com/image/upload/f_auto,q_auto/league/uazfj5l5vzow2oyfa1s6",10,BUF,0,0,0,0,0,0,0,0,0,0,0,0,,0,,,0,0,0,0,0,0,,0,22,36,186,2,0,0,253,96,13,-12.3879755674628,1,0.735177865612648,0.109090909090909,0.0847287340924313,0.222946477501066,0,32.6,54.6
2023,REG,00-0035700,J.Jacobs,Josh Jacobs,RB,RB,"https://static.www.nfl.com/image/upload/f_auto,q_auto/league/ksdusqxnwqtnph0htcfx",13,LV,0,0,0,0,0,1,4,0,0,0,0,0,-1.07640659611207,0,,,233,805,6,2,1,34,-44.3192915947308,0,37,54,296,0,1,0,38,293,15,-0.396548579951697,0,7.78947368421053,0.141732283464567,0.0128857239742286,0.22161843197881,0,144.1,181.1
2023,REG,00-0035703,M.Boykin,Miles Boykin,WR,WR,"https://static.www.nfl.com/image/upload/f_auto,q_auto/league/agzv2xnchflfdxfet6pm",4,PIT,0,0,0,0,0,0,0,0,0,0,0,0,,0,,,0,0,0,0,0,0,,0,3,4,17,0,0,0,19,2,0,-0.724280520516913,0,0.894736842105263,0.0350877192982456,0.0221703617269545,0.0681508321562366,0,1.7,4.7
2023,REG,00-0035704,D.Lock,Drew Lock,QB,QB,"https://static.www.nfl.com/image/upload/f_auto,q_auto/league/tlkgzjnuugarxjeoj9vk",4,SEA,48,76,543,3,3,6,26,0,0,621,305,20,-0.653722791097846,0,0.874396135265701,0.0480110785774619,5,14,0,0,0,1,-0.21092454198515,0,0,0,0,0,0,0,0,0,0,,0,,,,,0,29.12,29.12
2023,REG,00-0035710,D.Jones,Daniel Jones,QB,QB,"https://static.www.nfl.com/image/private/f_auto,q_auto/league/zrhniboizqpxtdyz6gez",6,NYG,108,160,909,2,6,30,167,3,1,1096,440,43,-60.455004205717,0,0.829379562043796,0.0256447181376445,40,206,1,1,0,15,5.83452782023381,0,0,0,0,0,0,0,0,0,0,,0,,,,,0,56.96,56.96
2023,REG,00-0035715,D.Gore,Derrick Gore,RB,RB,"https://static.www.nfl.com/image/private/f_auto,q_auto/league/wk7zy3ceecze3ly0mj7c",2,WAS,0,0,0,0,0,0,0,0,0,0,0,0,,0,,,3,26,0,0,0,1,-1.32363200120744,0,0,0,0,0,0,0,0,0,0,,0,,,,,0,2.6,2.6
2023,REG,00-0035719,D.Samuel,Deebo Samuel Sr.,WR,WR,"https://static.www.nfl.com/image/upload/f_auto,q_auto/league/shqoqpjwwoiexzy6cmgb",15,SF,0,1,0,0,0,0,0,0,0,11,0,0,-0.443187787313946,0,0.0,,37,225,5,0,0,13,10.2943091771609,0,60,89,892,7,1,0,586,527,34,40.8879827787638,0,1.5221843003413,0.227621483375959,0.185736925515055,0.471448072924478,0,183.7,243.7
2023,REG,00-0035726,J.Johnson,Jakob Johnson,FB,RB,"https://static.www.nfl.com/image/upload/f_auto,q_auto/league/dsggivrqnycxooysemqr",1,LV,0,0,0,0,0,0,0,0,0,0,0,0,,0,,,0,0,0,0,0,0,,0,1,2,12,0,0,0,6,10,0,1.03370134159923,0,2.0,0.0526315789473684,0.0238095238095238,0.0956140350877193,0,1.2,2.2
2023,REG,00-0035771,M.Wilcox,Mitchell Wilcox,TE,TE,"https://static.www.nfl.com/image/private/f_auto,q_auto/league/cxh2vsypwniukuheewu0",9,CIN,0,0,0,0,0,0,0,0,0,0,0,0,,0,,,0,0,0,0,0,0,,0,9,12,56,0,0,0,12,48,2,0.202913596731378,0,4.66666666666667,0.0387096774193548,0.0073170731707317,0.0631864673485445,0,5.6,14.6
2023,REG,00-0035806,J.Hasty,JaMycal Hasty,RB,RB,"https://static.www.nfl.com/image/upload/f_auto,q_auto/league/stvclosmy6zi864kfxw7",1,JAX,0,0,0,0,0,0,0,0,0,0,0,0,,0,,,0,0,0,0,0,0,,0,0,2,0,0,0,0,24,0,0,-2.36844285400376,0,0.0,0.0666666666666667,0.134078212290503,0.193854748603352,0,0.0,0.0
2023,REG,00-0035831,J.Robinson,James Robinson,RB,RB,"https://static.www.nfl.com/image/upload/f_auto,q_auto/league/htviio8mhknq9cennrdq",1,GB,0,0,0,0,0,0,0,0,0,0,0,0,,0,,,1,2,0,0,0,0,-0.481721363612451,0,1,1,-2,0,0,0,-3,1,0,-1.12491639098153,0,0.666666666666667,0.0285714285714286,-0.0112359550561798,0.034991974317817,0,0.0,1.0
2023,REG,00-0035859,B.Gillikin,Blake Gillikin,P,SPEC,"https://static.www.nfl.com/image/upload/f_auto,q_auto/league/q3rhma6zhidgxuxegy7j",1,ARI,0,0,0,0,0,0,0,0,0,0,0,0,,0,,,1,10,0,0,0,1,3.48146039084531,0,0,0,0,0,0,0,0,0,0,,0,,,,,0,1.0,1.0
2023,REG,00-0035860,T.Jones,Tony Jones,RB,RB,"https://static.www.nfl.com/image/private/f_auto,q_auto/league/cgvll8lokulmws98olfa",6,ARI,0,0,0,0,0,0,0,0,0,0,0,0,,0,,,26,95,2,0,0,7,1.68785699972068,0,7,10,37,0,0,0,-18,44,1,-4.62358357348887,0,-2.05555555555556,0.0854700854700855,-0.0301507537688442,0.107099600566937,0,25.2,32.2
2023,REG,00-0035889,T.Townsend,Tommy Townsend,P,SPEC,"https://static.www.nfl.com/image/upload/f_auto,q_auto/league/wjl9dnrvh79vfimfrssc",1,KC,1,1,11,0,0,0,0,0,0,11,0,1,2.43964067677734,0,1.0,,0,0,0,0,0,0,,0,0,0,0,0,0,0,0,0,0,,0,,,,,0,0.44,0.44
2023,REG,00-0035924,J.Ward,Jonathan Ward,RB,RB,"https://static.www.nfl.com/image/upload/f_auto,q_auto/league/yct3a4xznwcxjvn4iosk",1,TEN,0,0,0,0,0,0,0,0,0,0,0,0,,0,,,3,11,0,0,0,1,-1.81841936230194,0,0,0,0,0,0,0,0,0,0,,0,,,,,0,1.1,1.1
2023,REG,00-0035934,T.Jackson,Trishton Jackson,WR,WR,"https://static.www.nfl.com/image/upload/f_auto,q_auto/league/nbns2mugslnthvdesbsn",2,MIN,0,0,0,0,0,0,0,0,0,0,0,0,,0,,,0,0,0,0,0,0,,0,2,4,9,0,0,0,16,7,0,-2.6580638459699,1,0.5625,0.0512820512820513,0.0342612419700214,0.100905946302092,0,2.9,4.9
2023,REG,00-0035956,G.Ricci,Giovanni Ricci,TE,TE,"https://static.www.nfl.com/image/upload/f_auto,q_auto/league/bkm7rkwyqydrxenk3bbw",1,CAR,0,0,0,0,0,0,0,0,0,0,0,0,,0,,,0,0,0,0,0,0,,0,1,1,2,0,0,0,-1,3,0,-0.489649289753288,0,0.0,0.032258064516129,-0.0043859649122807,0.0453169213355971,0,0.2,1.2
2023,REG,00-0035973,P.Taylor,Patrick Taylor,RB,RB,"https://static.www.nfl.com/image/upload/f_auto,q_auto/league/nd1utxii5exwfoujq5a4",10,GB,0,0,0,0,0,0,0,0,0,0,0,0,,0,,,32,141,0,0,0,7,-3.30517244252862,0,11,17,49,0,0,0,-8,59,4,-5.77734160461114,0,-6.125,0.0648854961832061,-0.0041237113402061,0.0944416463366648,0,19.0,30.0
2023,REG,00-0035993,T.Huntley,Tyler Huntley,QB,QB,"https://static.www.nfl.com/image/upload/f_auto,q_auto/league/ex2ygunvni5o5aabnhbq",5,BAL,21,37,203,3,0,4,28,0,0,249,78,13,3.80045475512065,0,0.815261044176707,0.0406917943701467,15,55,0,0,0,3,-5.00479880979401,0,0,0,0,0,0,0,0,0,0,,0,,,,,0,25.62,25.62
2023,REG,00-0036020,S.Ahmed,Salvon Ahmed,RB,RB,"https://static.www.nfl.com/image/private/f_auto,q_auto/league/ggkz2vamnepagqfn992j",7,MIA,0,0,0,0,0,0,0,0,0,0,0,0,,0,,,22,61,1,0,0,3,-0.23326447600266,0,16,23,88,1,0,0,14,109,4,-10.4890078431636,0,6.28571428571429,0.092741935483871,0.0084592145015105,0.145034353376864,0,26.9,42.9
2023,REG,00-0036032,S.McKeon,Sean McKeon,TE,TE,"https://static.www.nfl.com/image/upload/f_auto,q_auto/league/hxwzrifzs1l10zu06h68",2,DAL,0,0,0,0,0,0,0,0,0,0,0,0,,0,,,0,0,0,0,0,0,,0,0,2,0,0,0,0,13,0,0,-6.45354717166629,0,0.0,0.03125,0.0232974910394265,0.0631832437275986,0,0.0,0.0
2023,REG,00-0036040,J.Johnson,Juwan Johnson,TE,TE,"https://static.www.nfl.com/image/upload/f_auto,q_auto/league/pdsl9w3agc9uvjqpq1jy",13,NO,0,0,0,0,0,0,0,0,0,0,0,0,,0,,,0,0,0,0,0,0,,0,37,59,368,4,0,0,444,145,23,-4.48748790575559,0,0.828828828828829,0.141486810551559,0.127586206896552,0.301540560654924,0,60.8,97.8
2023,REG,00-0036124,K.Dorsey,Khalil Dorsey,CB,DB,"https://static.www.nfl.com/image/upload/f_auto,q_auto/league/dd7a4vk8eedk1knufreg",1,DET,0,0,0,0,0,0,0,0,0,0,0,0,,0,,,0,0,0,0,0,0,,0,1,1,31,0,0,0,22,9,1,4.14300359913614,0,1.40909090909091,0.03125,0.0894308943089431,0.10947662601626,0,3.1,4.1
2023,REG,00-0036132,B.Bredeson,Ben Bredeson,G,OL,"https://static.www.nfl.com/image/upload/f_auto,q_auto/league/mnh7cytif36nslc1sz60",1,NYG,0,0,0,0,0,0,0,0,0,0,0,0,,0,,,0,0,0,0,0,0,,0,1,1,0,0,0,0,-2,2,0,-1.4257818616461,0,0.0,0.03125,-0.0188679245283019,0.0336674528301887,0,0.0,1.0
2023,REG,00-0036133,J.Proche,James Proche,WR,WR,"https://static.www.nfl.com/image/upload/f_auto,q_auto/league/me4h87meacls1jjh0cug",2,CLE,0,0,0,0,0,0,0,0,0,0,0,0,,0,,,0,0,0,0,0,0,,0,0,5,0,0,0,0,86,0,0,-7.28376101708273,0,0.0,0.087719298245614,0.159554730983302,0.243267259056733,0,0.0,0.0
2023,REG,00-0036139,R.Dowdle,Rico Dowdle,RB,RB,"https://static.www.nfl.com/image/upload/f_auto,q_auto/league/fe8ge4f6vvtyihou5czu",16,DAL,0,0,0,0,0,0,0,0,0,0,0,0,,0,,,89,361,2,0,0,17,-5.26863287724598,0,17,22,144,2,0,0,-11,170,6,5.62836401795009,0,-13.0909090909091,0.0517647058823529,-0.0039985459832788,0.0748480766352343,0,74.5,91.5
2023,REG,00-0036145,L.Cager,Lawrence Cager,TE,TE,"https://static.www.nfl.com/image/upload/f_auto,q_auto/league/mnmmtwj9ibrttndyhpjo",3,NYG,0,0,0,0,0,0,0,0,0,0,0,0,,0,,,0,0,0,0,0,0,,0,4,5,36,1,0,0,21,27,2,3.254882011679,0,1.71428571428571,0.0561797752808989,0.0412573673870334,0.113149820092272,0,9.6,13.6
2023,REG,00-0036158,J.Dobbins,J.K. Dobbins,RB,RB,"https://static.www.nfl.com/image/upload/f_auto,q_auto/league/rbuyzj3kv10xrq1rfy2l",1,BAL,0,0,0,0,0,0,0,0,0,0,0,0,,0,,,8,22,1,0,0,1,-1.84059488767525,0,2,3,15,0,0,0,3,15,0,0.519200186652597,0,5.0,0.142857142857143,0.0288461538461538,0.234478021978022,0,9.7,11.7
2023,REG,00-0036165,I.Hodgins,Isaiah Hodgins,WR,WR,"https://static.www.nfl.com/image/upload/f_auto,q_auto/league/gc1gaxelm41o1luldpek",14,NYG,0,0,0,0,0,0,0,0,0,0,0,0,,0,,,0,0,0,0,0,0,,0,21,33,230,3,1,1,269,75,12,3.9315880485914,0,0.855018587360595,0.0795180722891566,0.0860249440358171,0.179494569258807,0,39.0,60.0
2023,REG,00-0036176,M.Kinsey,Mason Kinsey,WR,WR,"https://static.www.nfl.com/image/upload/f_auto,q_auto/league/qeddbi4d2hfqtyhsiogr",1,TEN,0,0,0,0,0,0,0,0,0,0,0,0,,0,,,0,0,0,0,0,0,,0,1,1,6,0,0,0,-2,8,0,-1.06638630223461,0,0.0,0.04,-0.015748031496063,0.0489763779527559,0,0.6,1.6
2023,REG,00-0036182,N.Westbrook-Ikhine,Nick Westbrook-Ikhine,WR,WR,"https://static.www.nfl.com/image/upload/f_auto,q_auto/league/rt9ic9wzwl2pevlxt1nd",13,TEN,0,0,0,0,0,0,0,0,0,0,0,0,,0,,,0,0,0,0,0,0,,0,28,45,370,3,0,0,552,107,18,19.6262658267062,1,0.670289855072464,0.119047619047619,0.145072273324573,0.28012201989863,0,57.0,85.0
2023,REG,00-0036187,R.Gilliam,Reggie Gilliam,FB,RB,"https://static.www.nfl.com/image/upload/f_auto,q_auto/league/qj2xzath8p7188isoxkd",1,BUF,0,0,0,0,0,0,0,0,0,0,0,0,,0,,,0,0,0,0,0,0,,0,1,1,3,0,0,0,1,2,0,-0.339638097211719,0,3.0,0.0277777777777778,0.0059880239520958,0.0458582834331337,0,0.3,1.3
2023,REG,00-0036196,G.Davis,Gabe Davis,WR,WR,"https://static.www.nfl.com/image/upload/f_auto,q_auto/league/rlmgjtfct5qjtbwcjqg6",16,BUF,0,0,0,0,0,0,0,0,0,0,0,0,,0,,,1,-2,0,0,0,0,-0.880379307549447,0,45,81,746,7,1,1,1223,180,34,23.1017632455337,1,0.609975470155356,0.156976744186047,0.270276243093923,0.424658486444816,0,116.4,161.4
2023,REG,00-0036212,T.Tagovailoa,Tua Tagovailoa,QB,QB,"https://static.www.nfl.com/image/upload/f_auto,q_auto/league/xzdbwt2ezmxk3pjcsr1n",17,MIA,388,560,4624,29,14,29,171,3,0,4283,2177,222,123.568346287805,0,1.07961709082419,0.138658531092054,35,74,0,9,4,5,-39.1283607501426,0,0,0,0,0,0,0,0,0,0,,0,,,,,0,272.36,272.36
2023,REG,00-0036223,J.Taylor,Jonathan Taylor,RB,RB,"https://static.www.nfl.com/image/upload/f_auto,q_auto/league/ye4runp84oku1vnodsa7",10,IND,0,0,0,0,0,0,0,0,0,0,0,0,,0,,,169,741,7,1,0,42,-10.159002013305,0,19,23,153,1,0,0,-21,174,5,3.16458925190549,0,-7.28571428571429,0.0871212121212121,-0.0119453924914676,0.122320043437791,0,137.4,156.4
2023,REG,00-0036232,H.Bryant,Harrison Bryant,TE,TE,"https://static.www.nfl.com/image/upload/f_auto,q_auto/league/jjarmcwkadvr7tynkpuj",13,CLE,0,0,0,0,0,0,0,0,0,0,0,0,,0,,,5,8,0,1,1,4,2.22246759774862,0,13,20,81,3,0,0,81,35,4,-4.1326525719072,0,1.0,0.0466200466200466,0.0245083207261725,0.0870858944383907,0,24.9,37.9
2023,REG,00-0036233,D.Peoples-Jones,Donovan Peoples-Jones,WR,WR,"https://static.www.nfl.com/image/upload/f_auto,q_auto/league/sgfgvm2myyrntnmiqojk",12,DET,0,0,0,0,0,0,0,0,0,0,0,0,,0,,,0,0,0,0,0,0,,0,13,25,155,0,0,0,273,35,7,-3.96873156457075,0,0.567765567765568,0.0632911392405063,0.0880929332042594,0.156601762103741,0,15.5,28.5
2023,REG,00-0036244,C.Parkinson,Colby Parkinson,TE,TE,"https://static.www.nfl.com/image/upload/f_auto,q_auto/league/crjyx8tutyzn8bomqbdc",14,SEA,0,0,0,0,0,0,0,0,0,0,0,0,,0,,,0,0,0,0,0,0,,0,25,34,247,2,0,0,218,86,11,8.38113039895061,0,1.13302752293578,0.0781609195402299,0.0685103708359522,0.165198638895511,0,36.7,61.7
2023,REG,00-0036251,Z.Moss,Zack Moss,RB,RB,"https://static.www.nfl.com/image/upload/f_auto,q_auto/league/oxrltdgoquiabhihhgnk",14,IND,0,0,0,0,0,0,0,0,0,0,0,0,,0,,,183,794,5,0,0,43,-14.0308929556062,0,27,37,192,2,0,0,-14,189,10,0.856741809931066,1,-13.7142857142857,0.0976253298153034,-0.0057212913771965,0.142433090758918,0,142.6,169.6
2023,REG,00-0036252,M.Pittman,Michael Pittman,WR,WR,"https://static.www.nfl.com/image/private/f_auto,q_auto/league/wnymcombo2plamteihiy",16,IND,0,0,0,0,0,0,0,0,0,0,0,0,,0,,,0,0,0,0,0,0,,0,109,156,1152,4,1,0,1227,513,53,25.9837844796588,2,0.938875305623472,0.305283757338552,0.327374599786553,0.687087855858415,0,143.2,252.2
2023,REG,00-0036254,C.Johnson,Collin Johnson,WR,WR,"https://static.www.nfl.com/image/upload/f_auto,q_auto/league/ijr7bal4mbsaum2lp9dq",1,CHI,0,0,0,0,0,0,0,0,0,0,0,0,,0,,,0,0,0,0,0,0,,0,1,1,11,0,0,0,7,4,1,1.25032863160595,0,1.57142857142857,0.0333333333333333,0.0268199233716475,0.0687739463601533,0,1.1,2.1
2023,REG,00-0036259,J.Jennings,Jauan Jennings,WR,WR,"https://static.www.nfl.com/image/upload/f_auto,q_auto/league/fqyzagb57zrtegmw69eb",12,SF,0,0,0,0,0,0,0,0,0,0,0,0,,0,,,0,0,0,0,0,0,,0,19,33,265,1,0,0,340,89,12,7.91221397072993,0,0.779411764705882,0.101851851851852,0.127055306427504,0.24171649227703,0,32.5,51.5
2023,REG,00-0036261,B.Aiyuk,Brandon Aiyuk,WR,WR,"https://static.www.nfl.com/image/upload/f_auto,q_auto/league/qnfyhqxbppevv28hd3rx",16,SF,0,0,0,0,0,0,0,0,0,0,0,0,,0,,,0,0,0,0,0,0,,0,75,105,1342,7,1,1,1467,362,61,81.7904670821315,0,0.914792092706203,0.240274599542334,0.39896654881697,0.63968848348538,0,174.2,249.2
2023,REG,00-0036264,J.Love,Jordan Love,QB,QB,"https://static.www.nfl.com/image/upload/f_auto,q_auto/league/a8xqle2vmsnumawdhswb",17,GB,372,579,4159,32,11,30,242,5,1,4897,1918,209,85.9175844832639,2,0.849295487032877,0.111006007243902,50,247,4,4,2,16,-6.39556089929836,0,0,0,0,0,0,0,0,0,0,,0,,,,,0,319.06,319.06
2023,REG,00-0036265,A.Dillon,AJ Dillon,RB,RB,"https://static.www.nfl.com/image/upload/f_auto,q_auto/league/dmngnuthwbzaxzekg53u",15,GB,0,0,0,0,0,0,0,0,0,0,0,0,,0,,,178,613,2,0,0,32,-23.4962760458746,0,22,28,223,0,0,0,1,231,10,5.78003133673337,0,223.0,0.0717948717948718,0.0003073140749846,0.107907427544797,0,95.6,117.6
2023,REG,00-0036268,L.Shenault,Laviska Shenault Jr.,WR,WR,"https://static.www.nfl.com/image/upload/f_auto,q_auto/league/o3cfpcor86ghjwyn8icp",8,CAR,0,0,0,0,0,0,0,0,0,0,0,0,,0,,,12,55,0,0,0,3,-0.212121787015349,0,10,10,60,0,0,0,-25,85,2,-1.19958016008604,0,0.0,0.0490196078431373,-0.0174337517433752,0.0613257855443433,0,11.5,21.5
2023,REG,00-0036269,L.Perine,La'Mical Perine,RB,RB,"https://static.www.nfl.com/image/upload/f_auto,q_auto/league/fd2pagtwrgj0hopdspal",2,KC,0,0,0,0,0,0,0,0,0,0,0,0,,0,,,22,77,0,0,0,3,-2.3794992521381,0,3,5,33,0,0,0,2,32,1,-0.156067042204086,0,16.5,0.087719298245614,0.0058479532163742,0.135672514619883,0,11.0,14.0
2023,REG,00-0036271,Q.Watkins,Quez Watkins,WR,WR,"https://static.www.nfl.com/image/upload/f_auto,q_auto/league/oag0nknq48jo1qcon7k4",5,PHI,0,0,0,0,0,0,0,0,0,0,0,0,,0,,,0,0,0,0,0,0,,0,15,21,142,1,0,0,245,46,8,-3.31506419403331,0,0.579591836734694,0.124260355029586,0.165764546684709,0.302425715223675,0,20.2,35.2
2023,REG,00-0036275,D.Swift,D'Andre Swift,RB,RB,"https://static.www.nfl.com/image/upload/f_auto,q_auto/league/xlqznrxbapcjhxxazkbx",16,PHI,0,0,0,0,0,0,0,0,0,0,0,0,,0,,,229,1049,5,2,0,50,1.91401447394998,0,39,49,214,1,1,1,27,267,8,-8.93390828878769,0,7.92592592592593,0.114485981308411,0.0080765779240203,0.177382576509431,0,160.3,199.3
2023,REG,00-0036287,N.Igbinoghene,Noah Igbinoghene,CB,DB,"https://static.www.nfl.com/image/upload/f_auto,q_auto/league/hyu05mp0m5bstdoi0wdx",1,DAL,0,0,0,0,0,0,0,0,0,0,0,0,,0,,,0,0,0,0,0,0,,0,0,0,0,0,0,0,0,0,0,,0,,,,,1,6.0,6.0
2023,REG,00-0036290,C.Kmet,Cole Kmet,TE,TE,"https://static.www.nfl.com/image/upload/f_auto,q_auto/league/fdxpctcmwjupassg9g9d",15,CHI,0,0,0,0,0,0,0,0,0,0,0,0,,0,,,3,2,0,0,0,2,0.803787263343111,0,73,90,719,6,1,0,557,290,36,32.5224477836288,0,1.29084380610413,0.215311004784689,0.189972714870396,0.455947407586311,0,108.1,181.1
2023,REG,00-0036297,D.Evans,Darrynton Evans,RB,RB,"https://static.www.nfl.com/image/upload/f_auto,q_auto/league/akmrd72vwsbpsnuh9775",6,MIA,0,0,0,0,0,0,0,0,0,0,0,0,,0,,,32,121,1,0,0,10,0.603845581979832,0,7,12,49,0,0,0,-14,69,2,-5.22914005699871,0,-3.5,0.0810810810810811,-0.0167064439140811,0.109927110881765,0,23.0,30.0
2023,REG,00-0036309,D.Mooney,Darnell Mooney,WR,WR,"https://static.www.nfl.com/image/upload/f_auto,q_auto/league/c1ixyspw0eshl3a2qrly",14,CHI,0,0,0,0,0,0,0,0,0,0,0,0,,0,,,2,5,0,0,0,0,-0.762429441092536,0,31,61,414,1,0,0,630,181,20,-4.80464335643307,0,0.657142857142857,0.15136476426799,0.216643741403026,0.378697765384103,0,47.9,78.9
2023,REG,00-0036313,B.Mann,Braden Mann,P,SPEC,"https://static.www.nfl.com/image/upload/f_auto,q_auto/league/z2s9qddgientrtm86fmc",1,PHI,1,1,28,0,0,0,0,0,0,11,17,1,4.2093265458243,0,2.54545454545455,,0,0,0,0,0,0,,0,0,0,0,0,0,0,0,0,0,,0,,,,,0,1.12,1.12
2023,REG,00-0036322,J.Jefferson,Justin Jefferson,WR,WR,"https://static.www.nfl.com/image/upload/f_auto,q_auto/league/vrftbpzwk6qmv0zjcysg",10,MIN,0,1,0,0,0,0,0,0,0,20,0,0,-0.393325770564843,0,0.0,,1,-12,0,0,0,0,-1.97162454621866,0,68,100,1074,5,1,0,1258,260,51,42.8227059184397,0,0.853736089030207,0.268096514745308,0.394110275689223,0.678021965100419,0,136.2,204.2
2023,REG,00-0036326,C.Claypool,Chase Claypool,WR,WR,"https://static.www.nfl.com/image/upload/f_auto,q_auto/league/intpee5tvgt6rhzxhquc",7,MIA,0,0,0,0,0,0,0,0,0,0,0,0,,0,,,0,0,0,0,0,0,,0,8,21,77,1,0,0,230,25,4,-13.1959115537263,0,0.334782608695652,0.0967741935483871,0.14771997430957,0.248565272339279,0,13.7,21.7
2023,REG,00-0036328,A.Gibson,Antonio Gibson,RB,RB,"https://static.www.nfl.com/image/upload/f_auto,q_auto/league/hsjhpzgfdilf9cyrpeup",16,WAS,0,0,0,0,0,0,0,0,0,0,0,0,,0,,,65,265,1,1,1,13,-6.73583069333108,0,48,59,389,2,2,1,-2,377,19,0.866365675678665,0,-194.5,0.105545617173524,-0.0005340453938584,0.157944593984585,0,79.4,127.4
2023,REG,00-0036329,A.Davis,Ashtyn Davis,SS,DB,"https://static.www.nfl.com/image/upload/f_auto,q_auto/league/xbanhtslhiidu6nutxzc",2,NYJ,0,0,0,0,0,0,0,0,0,0,0,0,,0,,,2,3,0,0,0,1,-0.46953138220124,0,0,0,0,0,0,0,0,0,0,,0,,,,,0,0.3,0.3
2023,REG,00-0036331,D.Duvernay,Devin Duvernay,WR,WR,"https://static.www.nfl.com/image/upload/f_auto,q_auto/league/wynmyjmvg7cee4y6i21n",6,BAL,0,0,0,0,0,0,0,0,0,0,0,0,,0,,,4,15,0,0,0,0,-0.552756739489269,0,4,9,18,0,0,0,81,17,0,-4.00612674535772,0,0.222222222222222,0.0596026490066225,0.0625482625482626,0.133187757293718,0,3.3,7.3
2023,REG,00-0036332,J.Deguara,Josiah Deguara,TE,TE,"https://static.www.nfl.com/image/upload/f_auto,q_auto/league/ppvzbuhwwaus50k2xyr2",4,GB,0,0,0,0,0,0,0,0,0,0,0,0,,0,,,0,0,0,0,0,0,,0,8,8,65,0,0,0,26,39,3,1.15774124593008,0,2.5,0.0707964601769912,0.0267765190525232,0.124938253602253,0,6.5,14.5
2023,REG,00-0036336,A.McFarland,Anthony McFarland,RB,RB,"https://static.www.nfl.com/image/private/f_auto,q_auto/league/dwt64mh92t2qztepvswo",1,PIT,0,0,0,0,0,0,0,0,0,0,0,0,,0,,,0,0,0,0,0,0,,0,2,2,11,0,0,0,4,7,1,1.19314490072429,0,2.75,0.0444444444444444,0.0122324159021407,0.0752293577981651,0,1.1,3.1
2023,REG,00-0036345,K.Osborn,K.J. Osborn,WR,WR,"https://static.www.nfl.com/image/upload/f_auto,q_auto/league/sbz79g8kzinzebiwzauv",15,MIN,0,0,0,0,0,0,0,0,0,0,0,0,,0,,,0,0,0,0,0,0,,0,48,75,540,3,1,0,659,185,28,6.30021401257738,0,0.819423368740516,0.138121546961326,0.152510992825735,0.313940015420003,0,72.0,120.0
2023,REG,00-0036355,J.Herbert,Justin Herbert,QB,QB,"https://static.www.nfl.com/image/upload/f_auto,q_auto/league/vvwim9hpgq1zs3bufmr0",13,LAC,297,456,3134,20,7,29,233,3,1,3490,1568,150,26.8638555228564,1,0.897994269340974,0.073319126457307,52,228,3,1,0,16,5.38458910104854,0,1,1,10,0,0,0,-7,17,1,1.78053091675974,0,0.0,0.027027027027027,-0.02734375,0.0213999155405405,0,233.16,234.16
2023,REG,00-0036358,C.Lamb,CeeDee Lamb,WR,WR,"https://static.www.nfl.com/image/upload/f_auto,q_auto/league/tfuj9njqdw2dovkwhryc",17,DAL,0,0,0,0,0,0,0,0,0,0,0,0,,0,,,14,113,2,0,0,6,8.38835913920775,0,135,181,1749,12,3,1,1722,680,80,102.46698511857,1,1.01567944250871,0.299173553719008,0.363982244768548,0.703547901916496,0,270.2,405.2
2023,REG,00-0036360,C.Edwards-Helaire,Clyde Edwards-Helaire,RB,RB,"https://static.www.nfl.com/image/upload/f_auto,q_auto/league/lgwe3vcpwh3db31b2obg",15,KC,0,0,0,0,0,0,0,0,0,0,0,0,,0,,,70,223,1,0,0,12,-14.8416489814699,0,17,22,188,1,0,0,-54,228,7,3.83584068590614,0,-3.48148148148148,0.0555555555555556,-0.0267062314540059,0.0646389713155292,0,53.1,70.1
2023,REG,00-0036364,L.Bowden,Lynn Bowden,WR,WR,"https://static.www.nfl.com/image/private/f_auto,q_auto/league/nrvwudvuqxpmiegmjzdu",8,NO,0,0,0,0,0,0,0,0,0,0,0,0,,0,,,5,32,0,1,0,3,-0.934402808721643,0,11,16,83,0,0,0,80,57,2,-2.24849221037374,0,1.0375,0.0632411067193676,0.0430338891877353,0.124985382510466,0,11.5,22.5
2023,REG,00-0036370,J.Kelley,Joshua Kelley,RB,RB,"https://static.www.nfl.com/image/private/f_auto,q_auto/league/fsu6gqcltgnofaakmq6u",17,LAC,0,0,0,0,0,0,0,0,0,0,0,0,,0,,,107,405,2,1,1,21,-26.1540332020189,0,8,12,32,0,0,0,15,39,0,-5.66513554926496,0,2.13333333333333,0.0412371134020619,0.0073565473271211,0.0670052532320776,0,53.7,61.7
2023,REG,00-0036387,J.Reagor,Jalen Reagor,WR,WR,"https://static.www.nfl.com/image/upload/f_auto,q_auto/league/myazqfr7pzfyofksuyet",9,NE,0,0,0,0,0,0,0,0,0,0,0,0,,0,,,1,17,0,0,0,1,1.22007818915881,0,7,23,138,0,0,0,359,18,5,-11.3858453314751,0,0.384401114206128,0.0864661654135338,0.183819764464926,0.258373083245749,1,21.5,28.5
2023,REG,00-0036389,J.Hurts,Jalen Hurts,QB,QB,"https://static.www.nfl.com/image/upload/f_auto,q_auto/league/k2p5yb4qmqwoo3qcapgt",17,PHI,352,538,3858,23,15,36,222,5,1,4638,1697,185,63.331721995972,0,0.831824062095731,0.123842008822224,157,605,15,4,4,68,21.2885940640603,0,0,0,0,0,0,0,0,0,0,,0,,,,,0,356.82,356.82
2023,REG,00-0036407,J.Jeudy,Jerry Jeudy,WR,WR,"https://static.www.nfl.com/image/upload/f_auto,q_auto/league/szca1v9butuqkjs7ekpm",16,DEN,0,0,0,0,0,0,0,0,0,0,0,0,,0,,,0,0,0,0,0,0,,0,54,87,758,2,1,0,1109,323,28,16.952773686105,0,0.683498647430117,0.195505617977528,0.339351285189718,0.530804326599095,0,87.8,141.8
2023,REG,00-0036410,T.Higgins,Tee Higgins,WR,WR,"https://static.www.nfl.com/image/upload/f_auto,q_auto/league/swqgkrdmjecz3vumrex5",12,CIN,0,0,0,0,0,0,0,0,0,0,0,0,,0,,,0,0,0,0,0,0,,0,42,76,656,5,0,0,973,235,33,26.4740228519108,0,0.674203494347379,0.178823529411765,0.372226472838562,0.52879382510464,0,95.6,137.6
2023,REG,00-0036414,C.Akers,Cam Akers,RB,RB,"https://static.www.nfl.com/image/upload/f_auto,q_auto/league/dutj0wamu7giwghnmr4m",7,MIN,0,0,0,0,0,1,7,0,0,0,0,0,-1.51879248971818,0,,,60,167,2,0,0,12,-4.78788391471329,0,11,12,70,0,0,0,-13,78,2,1.24723809474381,0,-5.38461538461539,0.058252427184466,-0.0105691056910569,0.0799802667929592,0,35.7,46.7
2023,REG,00-0036415,V.Jefferson,Van Jefferson,WR,WR,"https://static.www.nfl.com/image/upload/f_auto,q_auto/league/v2vkt9htky3xawu8yskx",14,ATL,0,0,0,0,0,0,0,0,0,0,0,0,,0,,,1,4,0,0,0,0,-0.175891824997962,0,20,43,209,0,0,0,686,25,10,-17.6395622772576,0,0.30466472303207,0.0955555555555556,0.182059447983015,0.270774946921444,0,21.3,41.3
2023,REG,00-0036422,A.Trautman,Adam Trautman,TE,TE,"https://static.www.nfl.com/image/upload/f_auto,q_auto/league/qvqigum2qjhil0z3er2c",16,DEN,0,0,0,0,0,0,0,0,0,0,0,0,,0,,,0,0,0,0,0,0,,0,22,35,204,3,0,0,226,98,10,-1.09609563059367,0,0.902654867256637,0.0762527233115468,0.0689655172413793,0.162654947036286,0,38.4,60.4
2023,REG,00-0036423,A.Okwuegbunam,Albert Okwuegbunam,TE,TE,"https://static.www.nfl.com/image/upload/f_auto,q_auto/league/noqvtfo4wlwq8lybmprg",1,PHI,0,0,0,0,0,0,0,0,0,0,0,0,,0,,,0,0,0,0,0,0,,0,0,1,0,0,0,0,10,0,0,-0.425066940486431,0,0.0,0.0238095238095238,0.0334448160535117,0.0591256569517439,0,0.0,0.0
2023,REG,00-0036424,B.Hopkins,Brycen Hopkins,TE,TE,"https://static.www.nfl.com/image/private/f_auto,q_auto/league/agzychtsya1dteoz1khu",4,LA,0,0,0,0,0,0,0,0,0,0,0,0,,0,,,0,0,0,0,0,0,,0,5,7,78,0,0,0,66,32,3,3.05575129084173,0,1.18181818181818,0.0555555555555556,0.0602189781021898,0.125486618004866,0,7.8,12.8
2023,REG,00-0036425,D.Dallas,DeeJay Dallas,RB,RB,"https://static.www.nfl.com/image/upload/f_auto,q_auto/league/qsij89kqrxap0jba9zwh",10,SEA,0,0,0,0,0,1,0,0,0,0,0,0,-0.517851746990345,0,,,10,36,0,0,0,2,0.156264331133571,0,6,9,26,0,0,0,-15,31,1,-7.68729064252693,0,-1.73333333333333,0.036144578313253,-0.0075604838709677,0.0489245287602021,0,6.2,12.2
2023,REG,00-0036427,T.Johnson,Tyler Johnson,WR,WR,"https://static.www.nfl.com/image/upload/f_auto,q_auto/league/vktiajeyqc8s9s6mjws7",1,LA,0,0,0,0,0,0,0,0,0,0,0,0,,0,,,0,0,0,0,0,0,,0,2,3,8,1,0,0,16,1,1,1.85226943326416,0,0.5,0.130434782608696,0.103896103896104,0.268379446640316,0,6.8,8.8
2023,REG,00-0036429,C.Woerner,Charlie Woerner,TE,TE,"https://static.www.nfl.com/image/upload/f_auto,q_auto/league/hllqdtlyjbs2gbdgn6lj",3,SF,0,0,0,0,0,0,0,0,0,0,0,0,,0,,,0,0,0,0,0,0,,0,3,3,32,0,0,0,12,20,1,1.60738242219668,0,2.66666666666667,0.0365853658536585,0.0151515151515152,0.0654841093865484,0,3.2,6.2
2023,REG,00-0036438,S.Sullivan,Stephen Sullivan,TE,TE,"https://static.www.nfl.com/image/upload/f_auto,q_auto/league/miipmedtauhxf4tmilcs",10,CAR,0,0,0,0,0,0,0,0,0,0,0,0,,0,,,0,0,0,0,0,0,,0,12,24,125,0,0,0,255,8,5,-1.62987327388786,0,0.490196078431373,0.0857142857142857,0.110437418796016,0.205877621728639,0,12.5,24.5
2023,REG,00-0036442,J.Burrow,Joe Burrow,QB,QB,"https://static.www.nfl.com/image/private/f_auto,q_auto/league/jzzqz5ubkilrn9dpxtlp",10,CIN,244,365,2309,15,6,24,180,2,1,2347,1239,115,6.09503705904686,0,0.983809118023008,0.0686732246921572,31,88,0,0,0,9,-3.51224151739734,0,0,0,0,0,0,0,0,0,0,,0,,,,,0,147.16,147.16
2023,REG,00-0036450,K.Vaughn,Ke'Shawn Vaughn,RB,RB,"https://static.www.nfl.com/image/private/f_auto,q_auto/league/npa1msmoqbig9cqznkti",5,TB,0,0,0,0,0,0,0,0,0,0,0,0,,0,,,24,42,0,0,0,0,-11.1368328029639,0,2,5,2,0,0,0,-2,1,0,-4.58328546158737,0,-1.0,0.036231884057971,-0.0016708437761069,0.0531782354436817,0,4.4,6.4
2023,REG,00-0036482,M.Strachan,Mike Strachan,WR,WR,"https://static.www.nfl.com/image/private/f_auto,q_auto/league/f0eepzx0zweaaoch5xfj",2,CAR,0,0,0,0,0,0,0,0,0,0,0,0,,0,,,0,0,0,0,0,0,,0,1,3,45,0,0,0,73,8,1,1.1621588364942,0,0.616438356164384,0.05,0.140115163147793,0.173080614203455,0,4.5,5.5
2023,REG,00-0036493,D.Jackson,Deon Jackson,RB,RB,"https://static.www.nfl.com/image/private/f_auto,q_auto/league/wvi0pz27h6t7gfjujxis",2,NYG,0,0,0,0,0,0,0,0,0,0,0,0,,0,,,14,16,0,1,1,1,-11.4432140915014,0,5,6,14,0,1,1,-6,20,0,-8.51052098162472,0,-2.33333333333333,0.153846153846154,-0.0275229357798165,0.211503175723359,0,-1.0,4.0
2023,REG,00-0036497,T.Jones,Tim Jones,WR,WR,"https://static.www.nfl.com/image/private/f_auto,q_auto/league/aufwsgk6syholp9f7dy6",9,JAX,0,0,0,0,0,0,0,0,0,0,0,0,,0,,,0,0,0,0,0,0,,0,11,18,83,0,0,0,152,31,4,-0.0878130930853311,0,0.546052631578947,0.0571428571428571,0.0616382806163828,0.128861082145754,0,8.3,19.3
2023,REG,00-0036504,B.Echols,Brandin Echols,CB,DB,"https://static.www.nfl.com/image/upload/f_auto,q_auto/league/g5fplq0rrij8pw6hkffb",1,NYJ,0,0,0,0,0,0,0,0,0,0,0,0,,0,,,0,0,0,0,0,0,,0,1,1,18,0,0,0,10,8,1,2.67090002633631,0,1.8,0.0357142857142857,0.0543478260869565,0.0916149068322981,0,1.8,2.8
2023,REG,00-0036510,K.Yeboah,Kenny Yeboah,TE,TE,"https://static.www.nfl.com/image/upload/f_auto,q_auto/league/zjdw9hyw3jc7pmjf5nbv",2,NYJ,0,0,0,0,0,0,0,0,0,0,0,0,,0,,,0,0,0,0,0,0,,0,2,4,28,0,0,0,19,20,1,-2.65620053996099,0,1.47368421052632,0.0449438202247191,0.0595611285266458,0.109108520305731,0,2.8,4.8
2023,REG,00-0036550,R.Bateman,Rashod Bateman,WR,WR,"https://static.www.nfl.com/image/upload/f_auto,q_auto/league/jkcapzvd65fxivefjv8l",15,BAL,0,0,0,0,0,0,0,0,0,0,0,0,,0,,,1,18,0,0,0,1,2.52124868892133,0,32,56,367,1,0,0,811,59,20,3.50815518514695,0,0.452527743526511,0.12962962962963,0.214720677786603,0.344748918895067,0,44.5,76.5
2023,REG,00-0036554,N.Collins,Nico Collins,WR,WR,"https://static.www.nfl.com/image/upload/f_auto,q_auto/league/q7c9aq8rpremfygslmya",15,HOU,0,0,0,0,0,0,0,0,0,0,0,0,,0,,,1,7,0,0,0,0,0.345507142832503,0,80,109,1297,8,1,0,1186,549,53,71.1038817488481,1,1.09359190556492,0.221095334685598,0.277167562514606,0.525660295788622,0,180.4,260.4
2023,REG,00-0036555,C.Hubbard,Chuba Hubbard,RB,RB,"https://static.www.nfl.com/image/upload/f_auto,q_auto/league/oyis5zooijf0xfme9csj",17,CAR,0,0,0,0,0,0,0,0,0,0,0,0,,0,,,238,902,5,0,0,59,-21.5159644468484,0,39,44,233,0,1,0,-34,269,9,-10.7402648197021,0,-6.85294117647059,0.0866141732283465,-0.0101401729794214,0.122823138756925,0,143.5,182.5
2023,REG,00-0036556,B.Jordan,Brevin Jordan,TE,TE,"https://static.www.nfl.com/image/upload/f_auto,q_auto/league/sw6kge0me7ei8opbvfjq",9,HOU,0,0,0,0,0,0,0,0,0,0,0,0,,0,,,0,0,0,0,0,0,,0,17,21,219,2,0,0,115,124,13,17.5011016478529,0,1.90434782608696,0.0702341137123746,0.0449921752738654,0.136845693260268,0,33.9,50.9
2023,REG,00-0036567,E.Mitchell,Elijah Mitchell,RB,RB,"https://static.www.nfl.com/image/upload/f_auto,q_auto/league/ecpkun66fbkxptrnmdcw",11,SF,0,0,0,0,0,0,0,0,0,0,0,0,,0,,,75,281,2,0,0,14,-11.3035607158963,0,6,8,14,0,0,0,-22,26,2,-8.16301331249997,0,-0.636363636363636,0.054421768707483,-0.0188356164383562,0.0684477215543752,0,41.5,47.5
2023,REG,00-0036569,G.Brightwell,Gary Brightwell,RB,RB,"https://static.www.nfl.com/image/upload/f_auto,q_auto/league/m2xicttj0rfcclm9t0gs",3,NYG,0,0,0,0,0,0,0,0,0,0,0,0,,0,,,9,19,0,0,0,0,-3.89982102555223,0,5,7,47,0,0,0,-6,53,2,2.06305250967853,0,-7.83333333333333,0.0752688172043011,-0.0129589632829374,0.103831951508395,0,6.6,11.6
2023,REG,00-0036590,Q.Morris,Quintin Morris,TE,TE,"https://static.www.nfl.com/image/upload/f_auto,q_auto/league/ftrqrbuqecl9yhcqrcmw",2,BUF,0,0,0,0,0,0,0,0,0,0,0,0,,0,,,0,0,0,0,0,0,,0,2,3,26,1,0,0,33,5,1,1.75291083482613,0,0.787878787878788,0.0517241379310345,0.0808823529411765,0.134203853955375,0,8.6,10.6
2023,REG,00-0036613,J.Waddle,Jaylen Waddle,WR,WR,"https://static.www.nfl.com/image/private/f_auto,q_auto/league/qjsz2h6shbdnksctzeka",14,MIA,0,0,0,0,0,0,0,0,0,0,0,0,,0,,,3,12,0,0,0,1,-0.689486611168832,0,72,104,1014,4,0,0,1051,421,47,45.9569177055652,0,0.964795432921028,0.22707423580786,0.298494745810849,0.549557675779385,0,126.6,198.6
2023,REG,00-0036620,D.Eskridge,Dee Eskridge,WR,WR,"https://static.www.nfl.com/image/upload/f_auto,q_auto/league/rtcgfdtbltkjwicxryl8",3,SEA,0,0,0,0,0,0,0,0,0,0,0,0,,0,,,2,5,0,0,0,1,-0.813304995186627,0,0,1,0,0,0,0,17,0,0,-1.20908493676689,0,0.0,0.0263157894736842,0.0526315789473684,0.0763157894736842,0,0.5,0.5
2023,REG,00-0036626,D.Brown,Dyami Brown,WR,WR,"https://static.www.nfl.com/image/upload/f_auto,q_auto/league/mibh7ud59ygmzm19ivac",13,WAS,1,1,4,0,0,0,0,0,0,1,3,0,-0.305893969547469,0,4.0,,1,0,0,0,0,0,-0.855228431988508,0,12,23,168,1,0,0,387,76,8,8.51626125018811,0,0.434108527131783,0.0576441102756892,0.12874251497006,0.176585925892576,0,22.96,34.96
2023,REG,00-0036628,J.Bates,John Bates,TE,TE,"https://static.www.nfl.com/image/upload/f_auto,q_auto/league/edpnkleev10rpzfgjakv",14,WAS,0,0,0,0,0,0,0,0,0,0,0,0,,0,,,0,0,0,0,0,0,,0,19,28,151,0,0,0,175,65,6,-5.56645608495455,0,0.862857142857143,0.0552268244575937,0.0513648371000881,0.118795622656452,0,15.1,34.1
2023,REG,00-0036630,T.Wallace,Tylan Wallace,WR,WR,"https://static.www.nfl.com/image/upload/f_auto,q_auto/league/e3ghtadqh39zhu0iieht",2,BAL,0,0,0,0,0,0,0,0,0,0,0,0,,0,,,0,0,0,0,0,0,,0,1,2,11,0,0,0,23,0,1,-0.750896574289072,0,0.478260869565217,0.0769230769230769,0.150326797385621,0.22061337355455,1,7.1,8.1
2023,REG,00-0036635,I.Smith-Marsette,Ihmir Smith-Marsette,WR,WR,"https://static.www.nfl.com/image/upload/f_auto,q_auto/league/jiygo0pmglxgropuaqwg",7,CAR,0,0,0,0,0,0,0,0,0,0,0,0,,0,,,8,74,1,0,0,4,4.18976671196288,0,8,10,51,0,0,0,9,48,5,1.5157561324304,0,5.66666666666667,0.0625,0.0068649885583524,0.0985554919908467,1,24.5,32.5
2023,REG,00-0036637,N.Gray,Noah Gray,TE,TE,"https://static.www.nfl.com/image/upload/f_auto,q_auto/league/erihh0eiq4m76k2ejvax",16,KC,0,0,0,0,0,0,0,0,0,0,0,0,,0,,,1,1,0,0,0,0,-2.75680042122258,0,28,41,305,2,0,0,270,140,16,5.18410226030976,0,1.12962962962963,0.0732142857142857,0.0740537575425123,0.161659058851187,0,42.6,70.6
2023,REG,00-0036646,S.Fehoko,Simi Fehoko,WR,WR,"https://static.www.nfl.com/image/upload/f_auto,q_auto/league/fcso2vvp9tgqjm30qmuq",1,LAC,0,0,0,0,0,0,0,0,0,0,0,0,,0,,,0,0,0,0,0,0,,0,1,2,9,1,0,0,18,7,1,1.04161699197721,0,0.5,0.0526315789473684,0.100558659217877,0.149338429873567,0,6.9,7.9
2023,REG,00-0036648,N.Niemann,Nick Niemann,ILB,LB,"https://static.www.nfl.com/image/upload/f_auto,q_auto/league/sc7lt8n8cyjth703yrdv",1,LAC,0,0,0,0,0,0,0,0,0,0,0,0,,0,,,1,0,0,1,0,0,-2.80689209606499,0,0,0,0,0,0,0,0,0,0,,0,,,,,0,0.0,0.0
2023,REG,00-0036672,G.Stuard,Grant Stuard,MLB,LB,"https://static.www.nfl.com/image/upload/f_auto,q_auto/league/yjlbdvr9fdzl60qccq0q",1,IND,0,0,0,0,0,0,0,0,0,0,0,0,,0,,,0,0,0,0,0,0,,0,0,0,0,0,0,0,0,0,0,,0,,,,,1,6.0,6.0
2023,REG,00-0036727,A.Prentice,Adam Prentice,FB,RB,"https://static.www.nfl.com/image/upload/f_auto,q_auto/league/yiwqv2dccizjdkw1dmye",2,NO,0,0,0,0,0,0,0,0,0,0,0,0,,0,,,2,12,0,1,1,1,-4.06285814120201,0,2,3,12,0,0,0,11,8,0,-2.0274838632904,0,1.09090909090909,0.0416666666666667,0.022964509394572,0.0785751565762004,0,0.4,2.4
2023,REG,00-0036741,J.Stoll,Jack Stoll,TE,TE,"https://static.www.nfl.com/image/upload/f_auto,q_auto/league/yfzlbe9pmziykcmgaoj3",5,PHI,0,0,0,0,0,0,0,0,0,0,0,0,,0,,,0,0,0,0,0,0,,0,5,8,38,0,0,0,25,25,2,-2.19543668226106,0,1.52,0.0529801324503311,0.0200642054574639,0.0935151424957214,0,3.8,8.8
2023,REG,00-0036754,B.Wright,Brock Wright,TE,TE,"https://static.www.nfl.com/image/upload/f_auto,q_auto/league/irowew9hgqaa9vcd8fri",8,DET,0,0,0,0,0,0,0,0,0,0,0,0,,0,,,0,0,0,0,0,0,,0,13,14,91,1,0,0,40,49,2,5.00671790656634,0,2.275,0.052434456928839,0.0248756218905473,0.0960646207166415,0,15.1,28.1
2023,REG,00-0036841,A.Trammell,Austin Trammell,WR,WR,"https://static.www.nfl.com/image/upload/f_auto,q_auto/league/spxcsfhejojjtk2ruqbw",2,LA,0,0,0,0,0,0,0,0,0,0,0,0,,0,,,0,0,0,0,0,0,,0,4,7,29,0,0,0,25,35,2,-3.00542641925858,0,1.16,0.125,0.0623441396508728,0.231140897755611,0,2.9,6.9
2023,REG,00-0036842,K.Nwangwu,Kene Nwangwu,RB,RB,"https://static.www.nfl.com/image/upload/f_auto,q_auto/league/eti2uf3a3u1igqoornct",3,MIN,0,0,0,0,0,0,0,0,0,0,0,0,,0,,,5,13,0,0,0,0,-0.822951464913786,0,0,0,0,0,0,0,0,0,0,,0,,,,,0,1.3,1.3
2023,REG,00-0036849,T.Atwell,Tutu Atwell,WR,WR,"https://static.www.nfl.com/image/upload/f_auto,q_auto/league/hpvbp9pn7ifbh62nde0n",14,LA,0,0,0,0,0,0,0,0,0,0,0,0,,1,,,5,31,0,0,0,2,1.97137294901768,0,39,67,483,3,0,0,767,104,26,8.2812087206697,1,0.629726205997392,0.146608315098468,0.207465512577766,0.365138331452138,0,73.4,112.4
2023,REG,00-0036857,C.Evans,Chris Evans,RB,RB,"https://static.www.nfl.com/image/upload/f_auto,q_auto/league/r7f5vinm6aqdzxtjf4yx",1,CIN,0,0,0,0,0,0,0,0,0,0,0,0,,0,,,2,12,0,0,0,0,-0.65153782418929,0,1,1,-1,0,0,0,-1,0,0,-1.34762418596074,0,1.0,0.032258064516129,-0.0042372881355932,0.0454209950792783,0,1.1,2.1
2023,REG,00-0036860,J.Funk,Jake Funk,RB,RB,"https://static.www.nfl.com/image/upload/f_auto,q_auto/league/xkegujg1754uei9oomoz",1,IND,0,0,0,0,0,0,0,0,0,0,0,0,,0,,,2,10,0,0,0,0,-0.883889150689356,0,1,1,12,0,0,0,0,12,1,1.41381733224262,0,0.0,0.0256410256410256,,,0,2.2,3.2
2023,REG,00-0036862,B.Skowronek,Ben Skowronek,WR,WR,"https://static.www.nfl.com/image/upload/f_auto,q_auto/league/piiqiz29g3jukdwkihw3",9,LA,0,0,0,0,0,0,0,0,0,0,0,0,,0,,,2,9,0,0,0,1,-1.71923585818149,0,8,12,66,1,0,0,88,30,3,1.42528552061412,0,0.75,0.0436363636363636,0.0396217919855921,0.0931897998444599,0,13.5,21.5
2023,REG,00-0036875,R.Stevenson,Rhamondre Stevenson,RB,RB,"https://static.www.nfl.com/image/private/f_auto,q_auto/league/ro2fqabc4qndtnxykvm7",12,NE,0,0,0,0,0,0,0,0,0,0,0,0,,0,,,156,619,4,1,1,36,-12.8549788641084,0,38,51,238,0,0,0,13,261,8,-18.0166308368448,0,18.3076923076923,0.1275,0.0055793991416309,0.195155579399142,0,107.7,145.7
2023,REG,00-0036876,K.Granson,Kylen Granson,TE,TE,"https://static.www.nfl.com/image/upload/f_auto,q_auto/league/rydvwc7sqwucvx14s8b4",15,IND,0,0,0,0,0,0,0,0,0,0,0,0,,0,,,1,2,0,0,0,1,2.84027085918933,0,30,50,368,1,0,0,402,128,19,11.4604410775344,0,0.915422885572139,0.102880658436214,0.112165178571429,0.232836612654321,0,43.0,73.0
2023,REG,00-0036887,L.Farrell,Luke Farrell,TE,TE,"https://static.www.nfl.com/image/upload/f_auto,q_auto/league/f2z7wpmx7ngtxcqqedla",9,JAX,0,0,0,0,0,0,0,0,0,0,0,0,,0,,,0,0,0,0,0,0,,0,13,15,155,0,0,0,71,96,5,8.01235174539033,0,2.1830985915493,0.0482315112540193,0.0274343122102009,0.0915512854281696,0,15.5,28.5
2023,REG,00-0036893,N.Harris,Najee Harris,RB,RB,"https://static.www.nfl.com/image/upload/f_auto,q_auto/league/pdyv1dfyb1w0tmvnkp3v",17,PIT,0,0,0,0,0,0,0,0,0,0,0,0,,0,,,255,1035,8,2,1,51,-24.9451119177821,0,29,38,170,0,0,0,9,175,9,-1.4201432877162,0,18.8888888888889,0.1,0.00418410041841,0.152928870292887,0,166.5,195.5
2023,REG,00-0036894,P.Freiermuth,Pat Freiermuth,TE,TE,"https://static.www.nfl.com/image/upload/f_auto,q_auto/league/sozfjyy3bmntjv8tmqah",11,PIT,0,0,0,0,0,0,0,0,0,0,0,0,,0,,,0,0,0,0,0,0,,0,32,47,308,2,0,0,311,145,17,8.49155986729572,1,0.990353697749196,0.14968152866242,0.132509586706434,0.317279003688134,0,44.8,76.8
2023,REG,00-0036898,D.Mills,Davis Mills,QB,QB,"https://static.www.nfl.com/image/upload/f_auto,q_auto/league/ednftvn7qywdim05j7u5",5,HOU,18,39,173,2,0,2,13,0,0,313,74,12,-5.02957749835332,1,0.552715654952077,-0.0824362453137561,2,9,0,0,0,0,0.575884140504059,0,0,0,0,0,0,0,0,0,0,,0,,,,,0,17.82,17.82
2023,REG,00-0036900,J.Chase,Ja'Marr Chase,WR,WR,"https://static.www.nfl.com/image/upload/f_auto,q_auto/league/qkcb3qt2fhasfgtfuprd",16,CIN,1,1,-7,0,0,0,0,0,0,-7,0,0,-2.10285701858811,0,0.0,,3,-6,0,0,0,0,-2.73797785793431,0,100,145,1216,7,1,0,1254,541,63,60.5472326947734,0,0.96969696969697,0.26268115942029,0.358490566037736,0.64496513535685,0,162.72,262.72
2023,REG,00-0036906,K.Herbert,Khalil Herbert,RB,RB,"https://static.www.nfl.com/image/upload/f_auto,q_auto/league/rz6zmdluhpsaylbvmpgr",12,CHI,0,0,0,0,0,0,0,0,0,0,0,0,,0,,,132,611,2,0,0,25,-2.62244654025513,1,20,31,134,1,1,1,17,138,9,-16.8167716783316,0,7.88235294117647,0.103678929765886,0.007021891780256,0.160433718895009,0,92.5,112.5
2023,REG,00-0036912,D.Smith,DeVonta Smith,WR,WR,"https://static.www.nfl.com/image/upload/f_auto,q_auto/league/bmdflwy52nsk7zpnfhwb",16,PHI,0,0,0,0,0,0,0,0,0,0,0,0,,0,,,0,0,0,0,0,0,,0,81,112,1066,7,1,1,1350,294,47,34.968787702106,0,0.78962962962963,0.227642276422764,0.327352085354025,0.570609874381964,0,146.6,227.6
2023,REG,00-0036913,K.Toney,Kadarius Toney,WR,WR,"https://static.www.nfl.com/image/upload/f_auto,q_auto/league/nuwjpint0g5wejogudt4",13,KC,0,1,0,0,0,0,0,0,0,16,0,0,-0.446093429578468,0,0.0,,11,31,0,0,0,2,-4.55490440671565,0,27,38,169,1,1,0,112,128,12,-8.35674006300352,0,1.50892857142857,0.0865603644646925,0.0368178829717291,0.155613064777249,0,26.0,53.0
2023,REG,00-0036919,K.Gainwell,Kenneth Gainwell,RB,RB,"https://static.www.nfl.com/image/upload/f_auto,q_auto/league/prer0j0tkzsdva1yrd0i",16,PHI,1,1,17,0,0,0,0,0,0,17,0,1,1.23450584860984,0,1.0,,84,364,2,3,1,19,-12.6991177837263,1,30,37,183,0,0,0,71,175,11,2.57053866777735,0,2.57746478873239,0.0831460674157303,0.0190195553174391,0.138032789845803,0,67.38,97.38
2023,REG,00-0036924,M.Carter,Michael Carter,RB,RB,"https://static.www.nfl.com/image/upload/f_auto,q_auto/league/wylipaunq6cueyj8h1in",15,ARI,0,0,0,0,0,0,0,0,0,0,0,0,,0,,,30,187,0,0,0,9,3.05642689730009,0,24,31,101,1,0,0,34,87,5,-14.7549419559848,0,2.97058823529412,0.0663811563169165,0.0106117353308365,0.10699994920696,0,34.8,58.8
2023,REG,00-0036928,K.Trask,Kyle Trask,QB,QB,"https://static.www.nfl.com/image/upload/f_auto,q_auto/league/bnraldiwx6rqfbawxkvs",2,TB,0,1,0,0,0,0,0,0,0,3,0,0,-1.88030287302347,0,0.0,,1,-1,0,0,0,0,-1.71969620726304,0,0,0,0,0,0,0,0,0,0,,0,,,,,0,-0.1,-0.1
2023,REG,00-0036936,R.Moore,Rondale Moore,WR,WR,"https://static.www.nfl.com/image/upload/f_auto,q_auto/league/ddru8er2z0riwukro25l",17,ARI,0,0,0,0,0,0,0,0,0,0,0,0,,0,,,28,178,1,0,0,5,0.948192097072024,0,40,62,352,1,1,0,322,216,17,-3.34901392434738,0,1.09316770186335,0.114814814814815,0.0893451720310766,0.234763842643976,0,65.0,105.0
2023,REG,00-0036945,J.Fields,Justin Fields,QB,QB,"https://static.www.nfl.com/image/upload/f_auto,q_auto/league/vqcvybvs1vlqhkjvujbg",13,CHI,227,370,2562,16,9,44,285,7,3,2961,1224,121,-36.2964767138459,0,0.865248226950355,0.0537953934934374,124,657,4,3,1,43,25.8147520918759,0,0,0,0,0,0,0,0,0,0,,0,,,,,0,230.18,230.18
2023,REG,00-0036955,T.Marshall,Terrace Marshall Jr.,WR,WR,"https://static.www.nfl.com/image/private/f_auto,q_auto/league/wyzlucfowqdntj6nkh7m",8,CAR,0,0,0,0,0,0,0,0,0,0,0,0,,0,,,0,0,0,0,0,0,,0,19,33,139,0,1,0,238,48,8,-7.20890952675029,0,0.584033613445378,0.12043795620438,0.134920634920635,0.275101378751014,0,13.9,32.9
2023,REG,00-0036963,A.St. Brown,Amon-Ra St. Brown,WR,WR,"https://static.www.nfl.com/image/upload/f_auto,q_auto/league/jmfuamqblg8jag0stpnq",16,DET,0,0,0,0,0,1,8,0,0,0,0,0,-1.97457417356782,0,,,4,24,0,0,0,2,1.2350343442522,0,119,164,1515,10,1,1,1271,668,75,72.2909331420671,0,1.19197482297404,0.29981718464351,0.328763579927574,0.679860282914567,0,211.9,330.9
2023,REG,00-0036970,K.Pitts,Kyle Pitts,TE,TE,"https://static.www.nfl.com/image/upload/f_auto,q_auto/league/t8ymqyhvv8i1r80jyhy2",17,ATL,0,0,0,0,0,0,0,0,0,0,0,0,,0,,,1,-4,0,0,0,0,-1.65120376320556,0,53,90,667,3,0,0,1029,134,35,17.3775567942668,0,0.648202137998056,0.177165354330709,0.244534220532319,0.436921985868687,0,84.3,137.3
2023,REG,00-0036971,T.Lawrence,Trevor Lawrence,QB,QB,"https://static.www.nfl.com/image/upload/f_auto,q_auto/league/ftznnho2rk2xzrculbob",16,JAX,370,564,4016,21,14,35,224,8,5,4613,1778,179,0.777313856267683,1,0.870583134619553,0.0829736294182988,70,339,4,3,2,23,1.38924204823232,0,0,0,0,0,0,0,0,0,0,,0,,,,,0,262.54,262.54
2023,REG,00-0036972,M.Jones,Mac Jones,QB,QB,"https://static.www.nfl.com/image/upload/f_auto,q_auto/league/pedpdxybeus7mrovsoko",11,NE,224,345,2120,10,12,22,127,2,1,2410,1211,100,-53.7546012815912,0,0.879668049792531,0.0106224924701604,26,96,0,1,1,11,-4.42346359783764,0,0,0,0,0,0,0,0,0,0,,0,,,,,0,106.4,106.4
2023,REG,00-0036973,T.Etienne,Travis Etienne,RB,RB,"https://static.www.nfl.com/image/private/f_auto,q_auto/league/ne5lyv8n6elqw77yrz9w",17,JAX,0,0,0,0,0,0,0,0,0,0,0,0,,0,,,267,1008,11,0,0,53,-34.7945888526717,2,58,73,476,1,0,0,-67,523,23,9.62261076419912,0,-7.1044776119403,0.120263591433278,-0.0150022391401702,0.169893819751799,0,224.4,282.4
2023,REG,00-0036980,E.Moore,Elijah Moore,WR,WR,"https://static.www.nfl.com/image/private/f_auto,q_auto/league/bhwvzckfhhcqhb7zdqyj",16,CLE,0,0,0,0,0,0,0,0,0,0,0,0,,0,,,9,11,0,1,1,2,-10.2629560535424,0,59,104,640,2,1,1,1155,191,29,-1.74874023357779,0,0.554112554112554,0.181818181818182,0.239130434782609,0.440118577075099,0,73.1,132.1
2023,REG,00-0036982,C.Golston,Chauncey Golston,DE,DL,"https://static.www.nfl.com/image/upload/f_auto,q_auto/league/tma9abjy3eatxzlu49ps",1,DAL,0,0,0,0,0,0,0,0,0,0,0,0,,0,,,0,0,0,0,0,0,,0,0,0,0,0,0,0,0,0,0,,1,,,,,0,2.0,2.0
2023,REG,00-0036984,T.Sermon,Trey Sermon,RB,RB,"https://static.www.nfl.com/image/upload/f_auto,q_auto/league/freievsvipthuvrwn7uw",8,IND,0,0,0,0,0,0,0,0,0,0,0,0,,0,,,35,160,0,0,0,7,-1.11249512267622,0,3,6,13,0,0,0,11,6,0,-3.03990648639514,0,1.18181818181818,0.0387096774193548,0.0091896407685881,0.064497264667044,0,17.3,20.3
2023,REG,00-0036988,J.Palmer,Josh Palmer,WR,WR,"https://static.www.nfl.com/image/upload/f_auto,q_auto/league/dexbsmmldvsqtr83or5l",10,LAC,0,0,0,0,0,0,0,0,0,0,0,0,,0,,,1,6,0,0,0,0,0.22556858509779,0,38,61,581,2,1,1,693,196,22,8.45443665769036,0,0.838383838383838,0.171830985915493,0.256952169076752,0.437612997226966,0,68.7,106.7
2023,REG,00-0036991,A.Rodgers,Amari Rodgers,WR,WR,"https://static.www.nfl.com/image/private/f_auto,q_auto/league/g85ohsk2pgbf7xz2f1a8",1,IND,0,0,0,0,0,0,0,0,0,0,0,0,,0,,,0,0,0,0,0,0,,0,0,2,0,0,0,0,30,0,0,-2.00355665071402,0,0.0,0.0384615384615385,0.076530612244898,0.111263736263736,0,0.0,0.0
2023,REG,00-0036997,J.Williams,Javonte Williams,RB,RB,"https://static.www.nfl.com/image/upload/f_auto,q_auto/league/dm8qipfrz2nes9kgpcyp",16,DEN,0,0,0,0,0,0,0,0,0,0,0,0,,0,,,217,774,3,0,0,41,-37.9041038689783,1,47,58,228,2,1,1,-99,301,10,-5.75579326457228,1,-2.3030303030303,0.135514018691589,-0.0324483775811209,0.180557163730599,0,132.2,179.2
2023,REG,00-0037005,T.Tremble,Tommy Tremble,TE,TE,"https://static.www.nfl.com/image/upload/f_auto,q_auto/league/jn0kmd8lg9hu4fjnnat9",13,CAR,0,0,0,0,0,0,0,0,0,0,0,0,,0,,,0,0,0,0,0,0,,0,23,32,194,3,0,0,204,95,10,2.10533442688757,0,0.950980392156863,0.0771084337349398,0.0630018529956764,0.159763947699383,0,37.4,60.4
2023,REG,00-0037013,Z.Wilson,Zach Wilson,QB,QB,"https://static.www.nfl.com/image/upload/f_auto,q_auto/league/okhlne3kgc11gwv4w6s8",12,NYJ,221,368,2271,8,7,46,340,7,4,2672,1113,104,-101.300151591588,1,0.849925149700599,0.0080020935121479,36,211,0,4,3,7,-17.9105269966512,1,0,0,0,0,0,0,0,0,0,,0,,,,,0,119.94,119.94
2023,REG,00-0037077,S.Howell,Sam Howell,QB,QB,"https://static.www.nfl.com/image/upload/f_auto,q_auto/league/xd9l7dbtwz8bpvygmcab",17,WAS,388,612,3946,21,21,65,449,3,1,4588,2019,180,-103.661177627519,1,0.860069747166521,0.0297346357629179,48,263,5,1,1,19,23.631257094321,1,1,1,4,0,0,0,1,3,0,-0.305893969547469,0,4.0,0.0357142857142857,0.0064935064935064,0.0581168831168831,0,256.54,257.54
2023,REG,00-0037078,C.Turner,Cole Turner,TE,TE,"https://static.www.nfl.com/image/upload/f_auto,q_auto/league/etikvhuu6qxktyrwthid",7,WAS,0,0,0,0,0,0,0,0,0,0,0,0,,0,,,0,0,0,0,0,0,,0,11,15,120,0,0,0,102,50,4,-0.0051286615558174,0,1.17647058823529,0.0604838709677419,0.0729092208720515,0.141762261062049,0,12.0,23.0
2023,REG,00-0037086,G.Calcaterra,Grant Calcaterra,TE,TE,"https://static.www.nfl.com/image/upload/f_auto,q_auto/league/vxl0kathuej280k01d2r",2,PHI,0,0,0,0,0,0,0,0,0,0,0,0,,0,,,0,0,0,0,0,0,,0,4,4,39,0,0,0,7,32,3,3.08250066079199,0,5.57142857142857,0.0579710144927536,0.0133079847908745,0.0962721110927426,0,3.9,7.9
2023,REG,00-0037091,B.Melton,Bo Melton,WR,WR,"https://static.www.nfl.com/image/upload/f_auto,q_auto/league/bhmhwurwugjmymgjforf",4,GB,0,0,0,0,0,0,0,0,0,0,0,0,,0,,,3,21,0,0,0,2,1.37489034805913,0,16,24,218,1,0,0,267,37,13,8.5401992232493,0,0.816479400749064,0.1875,0.261252446183953,0.464126712328767,0,29.9,45.9
2023,REG,00-0037098,S.Toure,Samori Toure,WR,WR,"https://static.www.nfl.com/image/upload/f_auto,q_auto/league/v9udejy8djtrb1mc0vg3",8,GB,0,0,0,0,0,0,0,0,0,0,0,0,,0,,,0,0,0,0,0,0,,0,8,18,78,0,0,0,316,18,4,-3.58704390609864,1,0.246835443037975,0.0694980694980695,0.134296642583935,0.198254754055859,0,9.8,17.8
2023,REG,00-0037120,T.Goodson,Tyler Goodson,RB,RB,"https://static.www.nfl.com/image/upload/f_auto,q_auto/league/z4ugeazvmccxxhqjoxzv",6,IND,0,0,0,0,0,0,0,0,0,0,0,0,,0,,,13,87,0,0,0,4,-2.68572790917425,0,6,9,34,0,0,0,-4,51,1,-4.94770822182181,0,-8.5,0.0548780487804878,-0.0030721966205837,0.0801665355363231,0,12.1,18.1
2023,REG,00-0037132,B.Covey,Britain Covey,WR,WR,"https://static.www.nfl.com/image/upload/f_auto,q_auto/league/zxyoxfakwak4h9eiv5mu",2,PHI,0,0,0,0,0,0,0,0,0,0,0,0,,0,,,0,0,0,0,0,0,,0,4,6,42,0,0,0,52,26,2,0.560594191543159,0,0.807692307692308,0.0869565217391304,0.0988593155893536,0.199636303521243,0,4.2,8.2
2023,REG,00-0037156,I.Charles,Irvin Charles,WR,WR,"https://static.www.nfl.com/image/private/f_auto,q_auto/league/mhql0qf6zcitmj2r1upx",1,NYJ,0,0,0,0,0,0,0,0,0,0,0,0,,0,,,0,0,0,0,0,0,,0,0,1,0,0,0,0,4,0,0,-1.51792374905199,0,0.0,0.0555555555555556,0.0268456375838926,0.102125279642058,0,0.0,0.0
2023,REG,00-0037157,Z.Knight,Bam Knight,RB,RB,"https://static.www.nfl.com/image/private/f_auto,q_auto/league/qdfkex1xfpfdyfovabig",2,DET,0,0,0,0,0,0,0,0,0,0,0,0,,0,,,3,13,0,0,0,0,-0.205319102387875,0,1,1,8,0,0,0,-5,13,0,0.609827129286714,0,-1.6,0.037037037037037,-0.0301204819277108,0.034471218206158,0,2.1,3.1
2023,REG,00-0037197,I.Pacheco,Isiah Pacheco,RB,RB,"https://static.www.nfl.com/image/private/f_auto,q_auto/league/rzr8nxjunjeiv8bjir59",14,KC,0,0,0,0,0,0,0,0,0,0,0,0,,0,,,205,935,7,1,1,53,-3.76748246583156,0,44,49,244,2,0,0,-113,359,12,1.82196975019597,0,-2.15929203539823,0.0987903225806452,-0.0385139740967962,0.12122570200321,0,169.9,213.9
2023,REG,00-0037216,J.Ross,Justyn Ross,WR,WR,"https://static.www.nfl.com/image/private/f_auto,q_auto/league/sdhlpsccscg6u97qy3ef",5,KC,0,0,0,0,0,0,0,0,0,0,0,0,,0,,,0,0,0,0,0,0,,0,6,11,53,0,0,0,117,15,2,1.10943818523083,0,0.452991452991453,0.0601092896174863,0.10025706940874,0.160343883012348,0,5.3,11.3
2023,REG,00-0037228,J.Warren,Jaylen Warren,RB,RB,"https://static.www.nfl.com/image/upload/f_auto,q_auto/league/aaw4yacm6azisxqy273i",17,PIT,0,0,0,0,0,0,0,0,0,0,0,0,,0,,,149,784,4,3,1,36,-4.0288537087702,0,61,74,370,0,1,1,-115,482,19,-13.4326333251704,0,-3.21739130434783,0.152892561983471,-0.0361748977665933,0.204016414538591,0,135.4,196.4
2023,REG,00-0037238,D.London,Drake London,WR,WR,"https://static.www.nfl.com/image/upload/f_auto,q_auto/league/wikjazqtt3uunjufgqrf",16,ATL,1,1,22,0,0,0,0,0,0,12,10,1,1.84401460189838,0,1.83333333333333,,0,0,0,0,0,0,,0,69,110,905,2,0,0,1264,188,45,11.7638758383816,1,0.715981012658228,0.232067510548523,0.324268855823499,0.575089464899234,0,105.38,174.38
2023,REG,00-0037239,C.Olave,Chris Olave,WR,WR,"https://static.www.nfl.com/image/upload/f_auto,q_auto/league/riiwbow7zphqmomiazph",16,NO,0,0,0,0,0,0,0,0,0,0,0,0,,0,,,0,0,0,0,0,0,,0,87,138,1123,5,0,0,1834,347,57,42.3454927947194,1,0.612322791712105,0.250453720508167,0.394069617533305,0.651529313035564,0,144.3,231.3
2023,REG,00-0037240,J.Williams,Jameson Williams,WR,WR,"https://static.www.nfl.com/image/upload/f_auto,q_auto/league/kt6xzcnjbe9affdfsayt",12,DET,0,0,0,0,0,0,0,0,0,0,0,0,,0,,,3,29,1,0,0,1,2.50430905527901,0,24,42,354,2,1,0,665,105,14,13.6310202101595,0,0.532330827067669,0.100238663484487,0.235231694375663,0.315020181289695,0,56.3,80.3
2023,REG,00-0037247,G.Pickens,George Pickens,WR,WR,"https://static.www.nfl.com/image/upload/f_auto,q_auto/league/klxzcb6p7ekngcognpiy",17,PIT,0,0,0,0,0,0,0,0,0,0,0,0,,0,,,3,18,0,0,0,2,0.727427636855282,0,63,106,1140,5,3,0,1428,388,41,28.6047359987493,0,0.798319327731092,0.228448275862069,0.393280088129992,0.617968475484098,0,145.8,208.8
2023,REG,00-0037248,J.Cook,James Cook,RB,RB,"https://static.www.nfl.com/image/upload/f_auto,q_auto/league/bzdvrarxum9zate4te4b",17,BUF,0,0,0,0,0,0,0,0,0,0,0,0,,0,,,237,1122,2,3,1,53,-7.3022381060924,0,44,54,445,4,1,1,137,398,16,16.3692055470968,0,3.24817518248175,0.109090909090909,0.0327281414237936,0.186546062633019,0,188.7,232.7
2023,REG,00-0037252,G.Dulcich,Greg Dulcich,TE,TE,"https://static.www.nfl.com/image/upload/f_auto,q_auto/league/tt3eyuomt5onokrqstsl",2,DEN,0,0,0,0,0,0,0,0,0,0,0,0,,0,,,0,0,0,0,0,0,,0,3,4,25,0,0,0,23,5,2,-4.15756115486147,0,1.08695652173913,0.0740740740740741,0.0923694779116466,0.175769745649264,0,2.5,5.5
2023,REG,00-0037256,R.White,Rachaad White,RB,RB,"https://static.www.nfl.com/image/upload/f_auto,q_auto/league/przphhlw0zga7b45qlyb",17,TB,0,0,0,0,0,0,0,0,0,0,0,0,,0,,,272,990,6,2,1,46,-44.9865455430542,0,64,70,549,3,1,1,-33,611,23,23.2180965126343,0,-16.6363636363636,0.127272727272727,-0.0075931891394385,0.185593858511484,0,203.9,267.9
2023,REG,00-0037257,D.Bell,David Bell,WR,WR,"https://static.www.nfl.com/image/private/f_auto,q_auto/league/otv2kkn3lxonp9z43bdj",9,CLE,0,0,0,0,0,0,0,0,0,0,0,0,,0,,,0,0,0,0,0,0,,0,14,23,167,3,0,0,142,73,9,8.86204493499827,0,1.17605633802817,0.0714285714285714,0.0478920741989882,0.140667309082149,0,34.7,48.7
2023,REG,00-0037258,D.Pierce,Dameon Pierce,RB,RB,"https://static.www.nfl.com/image/upload/f_auto,q_auto/league/kotnmiuvvfmfuupr0f82",13,HOU,0,0,0,0,0,0,0,0,0,0,0,0,,0,,,145,416,2,0,0,14,-40.7575598804955,0,13,17,101,0,0,0,14,95,3,0.550458080891985,0,7.21428571428571,0.0537974683544304,0.0061215566243987,0.0849812921687247,1,69.7,82.7
2023,REG,00-0037261,K.Shakir,Khalil Shakir,WR,WR,"https://static.www.nfl.com/image/upload/f_auto,q_auto/league/ch2yarhiobqlvr9ls2yw",16,BUF,0,0,0,0,0,0,0,0,0,0,0,0,,0,,,1,10,0,0,0,1,0.538322921725921,0,39,45,611,2,0,0,402,282,26,44.1509825909567,0,1.51990049751244,0.0889328063241107,0.091738931994523,0.197616461882332,0,74.1,113.1
2023,REG,00-0037263,T.Allgeier,Tyler Allgeier,RB,RB,"https://static.www.nfl.com/image/upload/f_auto,q_auto/league/yosaj2anmqoujqrgzecd",17,ATL,0,0,0,0,0,0,0,0,0,0,0,0,,0,,,186,683,4,0,0,39,-21.9043098650159,0,18,23,193,1,0,0,-23,217,6,3.22043593472336,1,-8.39130434782609,0.0637119113573407,-0.0086110071134406,0.0895401620566026,0,119.6,137.6
2023,REG,00-0037267,J.Ford,Jerome Ford,RB,RB,"https://static.www.nfl.com/image/private/f_auto,q_auto/league/djggmwo5v8osoboiseo2",17,CLE,0,0,0,0,0,0,0,0,0,0,0,0,,0,,,204,813,4,0,0,33,-36.3955365507281,1,44,63,319,5,0,0,30,304,16,-6.17822492274787,0,10.6333333333333,0.110915492957746,0.0072219547424169,0.171428607756312,0,169.2,213.2
2023,REG,00-0037273,K.Philips,Kyle Philips,WR,WR,"https://static.www.nfl.com/image/upload/f_auto,q_auto/league/zktgqqc4vywgapt85rmx",8,TEN,0,0,0,0,0,0,0,0,0,0,0,0,,0,,,0,0,0,0,0,0,,0,15,22,181,0,0,0,197,79,9,6.53533885800035,0,0.918781725888325,0.0973451327433628,0.0931001890359168,0.211187831440186,0,18.1,33.1
2023,REG,00-0037276,T.Chandler,Ty Chandler,RB,RB,"https://static.www.nfl.com/image/private/f_auto,q_auto/league/map979dvuonzb8a6g13b",13,MIN,0,0,0,0,0,0,0,0,0,0,0,0,,0,,,102,461,3,0,0,20,0.693466081488367,0,21,25,159,0,0,0,-47,206,7,3.94433855253737,0,-3.38297872340426,0.0664893617021277,-0.0161234991423671,0.0884475931535345,0,80.0,101.0
2023,REG,00-0037277,T.Quitoriano,Teagan Quitoriano,TE,TE,"https://static.www.nfl.com/image/upload/f_auto,q_auto/league/tlfmx2ozvmglaxcrg7ko",3,HOU,0,0,0,0,0,0,0,0,0,0,0,0,,0,,,0,0,0,0,0,0,,0,2,3,33,0,0,0,15,18,2,2.07266961468849,0,2.2,0.0288461538461538,0.0278810408921933,0.0627859593937661,0,3.3,5.3
2023,REG,00-0037282,J.Mitchell,James Mitchell,TE,TE,"https://static.www.nfl.com/image/upload/f_auto,q_auto/league/dyvnmhl4xyjius0frjnu",2,DET,0,0,0,0,0,0,0,0,0,0,0,0,,0,,,0,0,0,0,0,0,,0,2,2,28,0,0,0,16,12,1,2.28574902226683,0,1.75,0.0317460317460317,0.0323232323232323,0.0702453102453103,0,2.8,4.8
2023,REG,00-0037286,K.Harris,Kevin Harris,RB,RB,"https://static.www.nfl.com/image/private/f_auto,q_auto/league/jlqnwxuwbkoscvv9kz5h",4,NE,0,0,0,0,0,0,0,0,0,0,0,0,,0,,,16,65,1,0,0,2,-2.28036905411864,0,3,3,58,0,0,0,-1,59,2,4.87760370835895,0,-58.0,0.0566037735849057,-0.0050761421319797,0.0813523608849727,0,18.3,21.3
2023,REG,00-0037289,M.Rodriguez,Malcolm Rodriguez,ILB,LB,"https://static.www.nfl.com/image/upload/f_auto,q_auto/league/ofwspc5nzlzqdvxqvpxc",1,DET,0,0,0,0,0,0,0,0,0,0,0,0,,0,,,0,0,0,0,0,0,,0,1,1,6,0,0,0,6,0,1,0.0505867791362107,0,1.0,0.0238095238095238,0.0198675496688742,0.0496215704824976,0,0.6,1.6
2023,REG,00-0037291,J.Nailor,Jalen Nailor,WR,WR,"https://static.www.nfl.com/image/upload/f_auto,q_auto/league/fe9b3l4fz6n02gbr5zbt",2,MIN,0,0,0,0,0,0,0,0,0,0,0,0,,0,,,0,0,0,0,0,0,,0,3,6,29,0,0,0,54,21,1,-2.02553678123513,0,0.537037037037037,0.0923076923076923,0.107784431137725,0.213910640257946,0,2.9,5.9
2023,REG,00-0037292,A.Ogletree,Andrew Ogletree,TE,TE,"https://static.www.nfl.com/image/upload/f_auto,q_auto/league/xrp8dougs6jb0denyorz",10,IND,0,0,0,0,0,0,0,0,0,0,0,0,,0,,,0,0,0,0,0,0,,0,9,21,147,2,0,0,209,30,8,9.11115194103331,0,0.703349282296651,0.0601719197707736,0.0824132492113565,0.14794715410411,0,26.7,35.7
2023,REG,00-0037299,K.Ingram,Keaontay Ingram,RB,RB,"https://static.www.nfl.com/image/upload/f_auto,q_auto/league/fa4if2wnlgsmjmkcnxke",7,ARI,0,0,0,0,0,0,0,0,0,0,0,0,,0,,,35,74,0,0,0,4,-11.3167110374243,0,4,4,26,0,0,0,-5,31,1,0.33775865577627,0,-5.2,0.0421052631578947,-0.0064683053040103,0.0586300810240349,0,10.0,14.0
2023,REG,00-0037304,C.Heyward,Connor Heyward,TE,TE,"https://static.www.nfl.com/image/upload/f_auto,q_auto/league/b9bnasge2v2dtctdtqnf",11,PIT,0,1,0,0,0,0,0,0,0,-4,0,0,-0.25261004906497,0,0.0,,1,0,0,0,0,0,-1.86711403774098,0,23,34,167,0,0,0,175,94,8,-4.15933388719375,0,0.954285714285714,0.102719033232628,0.0780901383311022,0.208741646680714,0,16.7,39.7
2023,REG,00-0037306,J.FitzPatrick,John FitzPatrick,TE,TE,"https://static.www.nfl.com/image/upload/f_auto,q_auto/league/k7m700qda76lqtt7zj8e",1,ATL,0,0,0,0,0,0,0,0,0,0,0,0,,0,,,0,0,0,0,0,0,,0,1,1,12,0,0,0,2,10,1,0.712112442590296,0,6.0,0.0294117647058824,0.0097560975609756,0.0509469153515065,0,1.2,2.2
2023,REG,00-0037311,K.Kieft,Ko Kieft,TE,TE,"https://static.www.nfl.com/image/upload/f_auto,q_auto/league/e4waf9pysxdyyhtpmgwp",3,TB,0,0,0,0,0,0,0,0,0,0,0,0,,0,,,0,0,0,0,0,0,,0,1,5,2,1,0,0,61,2,1,-1.33432855439605,0,0.0327868852459016,0.0568181818181818,0.116634799235182,0.1668716321919,0,6.2,7.2
2023,REG,00-0037317,N.Muse,Nick Muse,TE,TE,"https://static.www.nfl.com/image/upload/f_auto,q_auto/league/hajfiwgmzhnkh4k2mcgh",1,MIN,0,0,0,0,0,0,0,0,0,0,0,0,,0,,,0,0,0,0,0,0,,0,1,1,22,0,0,0,12,10,1,1.35134004242718,0,1.83333333333333,0.0232558139534884,0.029925187032419,0.0558313518529258,0,2.2,3.2
2023,REG,00-0037382,B.Johnson,Brandon Johnson,WR,WR,"https://static.www.nfl.com/image/upload/f_auto,q_auto/league/vb8zdr36pece37wq6eth",10,DEN,0,0,0,0,0,0,0,0,0,0,0,0,,0,,,0,0,0,0,0,0,,0,19,30,284,4,0,0,328,89,12,20.3086545516567,1,0.865853658536585,0.100334448160535,0.147019273868221,0.253415163948557,0,54.4,73.4
2023,REG,00-0037410,J.Corbin,Jashaun Corbin,RB,RB,"https://static.www.nfl.com/image/private/f_auto,q_auto/league/ruppqk56fuctb78gf21p",1,NYG,0,0,0,0,0,0,0,0,0,0,0,0,,0,,,1,1,0,0,0,1,1.84878979931818,0,3,3,12,0,0,0,-1,13,1,2.79917929961812,0,-12.0,0.115384615384615,-0.0066225165562913,0.168441161487519,0,1.3,4.3
2023,REG,00-0037420,K.Lassiter,Kwamie Lassiter,WR,WR,"https://static.www.nfl.com/image/private/f_auto,q_auto/league/emeqage9tq2mlpnlkzl9",1,CIN,0,0,0,0,0,0,0,0,0,0,0,0,,0,,,0,0,0,0,0,0,,0,1,1,2,0,0,0,-1,3,0,0.222314799961168,0,0.0,0.0227272727272727,-0.0033557046979865,0.0317419158023185,0,0.2,1.2
2023,REG,00-0037429,R.Blackshear,Raheem Blackshear,RB,RB,"https://static.www.nfl.com/image/upload/f_auto,q_auto/league/sv6aefajv1duatig0buu",8,CAR,0,0,0,0,0,0,0,0,0,0,0,0,,0,,,14,46,0,0,0,1,-4.49289812838458,1,6,7,45,0,0,0,13,38,1,-2.05442145303823,0,3.46153846153846,0.0414201183431953,0.0196374622356495,0.0758764010797476,0,11.1,17.1
2023,REG,00-0037451,R.Williams,Rod Williams,TE,TE,"https://static.www.nfl.com/image/upload/f_auto,q_auto/league/wdqerph3lu151tifksgo",1,PIT,0,0,0,0,0,0,0,0,0,0,0,0,,0,,,0,0,0,0,0,0,,0,0,2,0,0,0,0,8,0,0,-0.681053433858324,0,0.0,0.05,0.0224089635854342,0.0906862745098039,0,0.0,0.0
2023,REG,00-0037475,S.Smartt,Stone Smartt,TE,TE,"https://static.www.nfl.com/image/upload/f_auto,q_auto/league/tazdjztvhpulguzuh78l",12,LAC,0,0,0,0,0,0,0,0,0,0,0,0,,0,,,0,0,0,0,0,0,,0,11,21,155,1,0,0,180,56,6,3.32315545763066,0,0.861111111111111,0.0501193317422434,0.0600400266844563,0.117207016292485,0,21.5,32.5
2023,REG,00-0037487,D.Thompkins,Deven Thompkins,WR,WR,"https://static.www.nfl.com/image/private/f_auto,q_auto/league/gt0yeyl9y8s6onw8wcdr",12,TB,0,0,0,0,0,0,0,0,0,0,0,0,,0,,,8,56,0,0,0,4,3.92556441019406,0,17,25,83,1,1,1,163,74,5,-8.70234505343008,0,0.50920245398773,0.076219512195122,0.0611632270168856,0.157143527204503,0,17.9,34.9
2023,REG,00-0037506,C.Fotheringham,Cole Fotheringham,TE,TE,"https://static.www.nfl.com/image/upload/f_auto,q_auto/league/stshlkkfc995vk5tuhtd",1,LV,0,0,0,0,0,0,0,0,0,0,0,0,,0,,,0,0,0,0,0,0,,0,1,1,6,0,0,0,1,5,0,0.212422261014581,0,6.0,0.0526315789473684,0.0065359477124183,0.0835225318197454,0,0.6,1.6
2023,REG,00-0037525,J.Mason,Jordan Mason,RB,RB,"https://static.www.nfl.com/image/upload/f_auto,q_auto/league/ub1ub6sxuov1f1kux1v9",9,SF,0,0,0,0,0,0,0,0,0,0,0,0,,0,,,40,206,3,0,0,13,5.64875688121538,0,3,4,31,0,0,0,12,23,1,0.765936657611746,0,2.58333333333333,0.0408163265306122,0.0131004366812227,0.0703947954727743,0,41.7,44.7
2023,REG,00-0037539,L.Krull,Lucas Krull,TE,TE,"https://static.www.nfl.com/image/upload/f_auto,q_auto/league/v3rdtydz7dh4s5oyzejs",7,DEN,0,0,0,0,0,0,0,0,0,0,0,0,,0,,,0,0,0,0,0,0,,0,8,14,95,1,0,0,133,50,5,1.95646588493246,0,0.714285714285714,0.0660377358490566,0.0841772151898734,0.157980654406496,0,15.5,23.5
2023,REG,00-0037545,R.Shaheed,Rashid Shaheed,WR,WR,"https://static.www.nfl.com/image/upload/f_auto,q_auto/league/mnaref4vwyau8mbsp0ri",15,NO,0,0,0,0,0,0,0,0,0,0,0,0,,0,,,7,37,0,0,0,1,-1.13001172395889,0,46,75,719,5,0,0,1094,151,27,12.090541416418,0,0.657221206581353,0.142045454545455,0.245071684587814,0.384618361029651,1,111.6,157.6
2023,REG,00-0037557,R.Rivers,Ronnie Rivers,RB,RB,"https://static.www.nfl.com/image/upload/f_auto,q_auto/league/xjumjdizgaw4gicg6gbb",7,LA,0,0,0,0,0,0,0,0,0,0,0,0,,0,,,32,129,0,0,0,4,-4.54981147287273,0,5,5,22,0,0,0,-19,41,0,-0.638197886408307,0,-1.15789473684211,0.0342465753424658,-0.0186457311089303,0.0383178512374474,0,15.1,20.1
2023,REG,00-0037569,P.Hendershot,Peyton Hendershot,TE,TE,"https://static.www.nfl.com/image/upload/f_auto,q_auto/league/d8plvjsvwdadr1ap93ci",7,DAL,0,0,0,0,0,0,0,0,0,0,0,0,,0,,,1,0,0,0,0,0,-0.204385912686121,0,4,7,38,0,0,0,27,28,1,-1.40834909077967,0,1.40740740740741,0.0344827586206897,0.0225941422594142,0.0675400375126244,0,3.8,7.8
2023,REG,00-0037607,R.Stonehouse,Ryan Stonehouse,P,SPEC,"https://static.www.nfl.com/image/upload/f_auto,q_auto/league/vlsrao7qxhrgpdsrjjar",1,TEN,0,0,0,0,0,0,0,0,0,0,0,0,,0,,,1,-11,0,1,1,0,-3.44837581034517,0,0,0,0,0,0,0,0,0,0,,0,,,,,0,-3.1,-3.1
2023,REG,00-0037614,J.Metchie,John Metchie III,WR,WR,"https://static.www.nfl.com/image/upload/f_auto,q_auto/league/zf0d6hiyqnmtst0vwdpv",14,HOU,0,0,0,0,0,0,0,0,0,0,0,0,,0,,,1,4,0,0,0,0,-0.293807677866425,0,16,30,158,0,0,0,266,84,7,-6.03733614366502,0,0.593984962406015,0.0631578947368421,0.0611353711790393,0.137531601930591,0,16.2,32.2
2023,REG,00-0037654,T.Fisk,Tucker Fisk,TE,TE,"https://static.www.nfl.com/image/upload/f_auto,q_auto/league/jbbh7bfsjpqzsy0jcofy",1,ATL,0,0,0,0,0,0,0,0,0,0,0,0,,0,,,0,0,0,0,0,0,,0,1,1,9,0,0,0,3,6,1,1.19562649866566,0,3.0,0.0526315789473684,0.0206896551724138,0.0934301270417423,0,0.9,1.9
2023,REG,00-0037664,A.Pierce,Alec Pierce,WR,WR,"https://static.www.nfl.com/image/upload/f_auto,q_auto/league/hvtcpccoigf9cghzkxcg",17,IND,0,0,0,0,0,0,0,0,0,0,0,0,,0,,,0,0,0,0,0,0,,0,32,65,514,2,0,0,977,97,24,17.1916585591053,0,0.526100307062436,0.119047619047619,0.238060428849903,0.34521372876636,0,63.4,95.4
2023,REG,00-0037666,J.Tolbert,Jalen Tolbert,WR,WR,"https://static.www.nfl.com/image/upload/f_auto,q_auto/league/cek1m1cbly5rfmmmjpcc",13,DAL,0,0,0,0,0,0,0,0,0,0,0,0,,0,,,0,0,0,0,0,0,,0,22,36,268,2,0,0,474,34,13,3.39509896004254,0,0.565400843881857,0.075,0.136089577950043,0.20776270456503,0,38.8,60.8
2023,REG,00-0037740,G.Wilson,Garrett Wilson,WR,WR,"https://static.www.nfl.com/image/private/f_auto,q_auto/league/llgosx4tokddwnyrgvbx",17,NYJ,0,1,0,0,0,0,0,0,0,10,0,0,-0.433482601540163,0,0.0,,4,0,0,0,0,1,0.355266800848767,0,95,168,1042,3,2,2,1707,327,47,-10.4606330238663,0,0.610427650849444,0.298401420959147,0.449920927780706,0.762546780885216,0,118.2,213.2
2023,REG,00-0037741,J.Dotson,Jahan Dotson,WR,WR,"https://static.www.nfl.com/image/upload/f_auto,q_auto/league/myxhp9oqtcv1peactbhv",17,WAS,0,0,0,0,0,0,0,0,0,0,0,0,,0,,,0,0,0,0,0,0,,0,49,83,518,4,0,0,768,115,27,-15.9861186813161,0,0.674479166666667,0.138103161397671,0.176308539944904,0.330570720057938,0,75.8,124.8
2023,REG,00-0037742,T.Burks,Treylon Burks,WR,WR,"https://static.www.nfl.com/image/upload/f_auto,q_auto/league/xinnrxloao8wvyps7e3m",9,TEN,0,0,0,0,0,0,0,0,0,0,0,0,,0,,,5,18,0,0,0,0,-0.527836185938213,0,16,30,221,0,0,0,547,71,8,-0.751107006000674,0,0.404021937842779,0.1171875,0.218363273453094,0.328635541417166,0,23.9,39.9
2023,REG,00-0037744,T.McBride,Trey McBride,TE,TE,"https://static.www.nfl.com/image/upload/f_auto,q_auto/league/hfdgljgi9gfaskomdl1h",17,ARI,0,0,0,0,0,0,0,0,0,0,0,0,,0,,,0,0,0,0,0,0,,0,81,106,825,3,1,0,652,420,42,9.8028204253265,0,1.26533742331288,0.196296296296296,0.165356327669287,0.410193873812946,0,100.5,181.5
2023,REG,00-0037745,V.Jones,Velus Jones Jr.,RB,RB,"https://static.www.nfl.com/image/private/f_auto,q_auto/league/gb06eaw6prinklkdkv2d",10,CHI,0,0,0,0,0,0,0,0,0,0,0,0,,0,,,8,51,0,0,0,4,0.22051762137562,0,4,7,20,0,0,0,87,15,1,-1.52832508052234,0,0.229885057471264,0.0414201183431953,0.0783078307830783,0.116945659062948,0,7.1,11.1
2023,REG,00-0037746,B.Robinson,Brian Robinson,RB,RB,"https://static.www.nfl.com/image/private/f_auto,q_auto/league/gxcfbuvmooytbn45kvxf",15,WAS,0,0,0,0,0,0,0,0,0,0,0,0,,0,,,178,733,5,3,2,47,-22.1895465999836,1,36,43,368,4,1,0,-55,410,15,20.4248301624029,0,-6.69090909090909,0.0888429752066116,-0.0157773952954676,0.12222028610309,0,162.1,198.1
2023,REG,00-0037801,K.Turpin,KaVontae Turpin,WR,WR,"https://static.www.nfl.com/image/upload/f_auto,q_auto/league/lwkox2bvc6k3hqmidf4q",12,DAL,0,0,0,0,0,0,0,0,0,0,0,0,,0,,,11,110,1,1,0,5,7.48102812241996,0,12,18,127,3,0,0,163,39,9,12.2172605754154,0,0.779141104294479,0.0467532467532468,0.0544604076177748,0.108252155462312,0,47.7,59.7
2023,REG,00-0037805,J.Ruckert,Jeremy Ruckert,TE,TE,"https://static.www.nfl.com/image/private/f_auto,q_auto/league/w6bf97vbqitoyo5o7xaa",10,NYJ,0,0,0,0,0,0,0,0,0,0,0,0,,0,,,0,0,0,0,0,0,,0,16,22,151,0,0,0,139,51,6,4.47125266853254,0,1.0863309352518,0.0632183908045977,0.0620812862885217,0.138284486608862,0,15.1,31.1
2023,REG,00-0037809,C.Okonkwo,Chig Okonkwo,TE,TE,"https://static.www.nfl.com/image/upload/f_auto,q_auto/league/ut2gqeq2lowknrro0wlu",17,TEN,0,0,0,0,0,0,0,0,0,0,0,0,,0,,,2,6,0,0,0,1,-0.0199080768506974,0,54,77,528,1,0,0,525,260,25,7.75504169724428,0,1.00571428571429,0.161087866108787,0.116304829419584,0.323045179756888,0,59.4,113.4
2023,REG,00-0037816,R.Doubs,Romeo Doubs,WR,WR,"https://static.www.nfl.com/image/upload/f_auto,q_auto/league/dyulbddqbqshoqdxgo63",17,GB,0,0,0,0,0,0,0,0,0,0,0,0,,0,,,0,0,0,0,0,0,,0,59,96,674,8,1,0,1126,134,41,25.0575666056188,0,0.598579040852576,0.171122994652406,0.235024003339595,0.421201294316326,0,115.4,174.4
2023,REG,00-0037827,T.Davis-Price,Tyrion Davis-Price,RB,RB,"https://static.www.nfl.com/image/upload/f_auto,q_auto/league/np2ljgazwwq6sh9015qs",1,SF,0,0,0,0,0,0,0,0,0,0,0,0,,0,,,6,21,0,0,0,1,-3.73455790895969,0,0,0,0,0,0,0,0,0,0,,0,,,,,0,2.1,2.1
2023,REG,00-0037834,B.Purdy,Brock Purdy,QB,QB,"https://static.www.nfl.com/image/upload/f_auto,q_auto/league/myvg8siij2bn9ecx7btm",16,SF,308,444,4280,31,11,28,153,4,2,3636,2034,192,143.753558569535,0,1.17711771177118,0.204282219097484,39,144,2,2,0,15,11.4274924905203,0,0,0,0,0,0,0,0,0,0,,0,,,,,0,295.6,295.6
2023,REG,00-0037837,C.Austin,Calvin Austin III,WR,WR,"https://static.www.nfl.com/image/private/f_auto,q_auto/league/qlt6ztqcbu0uzad6aavt",14,PIT,0,0,0,0,0,0,0,0,0,0,0,0,,0,,,11,57,1,0,0,4,3.4131404554355,0,17,30,180,1,0,0,378,73,7,-3.25914874740777,0,0.476190476190476,0.0898203592814371,0.148994875837603,0.239026952008478,0,35.7,52.7
2023,REG,00-0037838,I.Likely,Isaiah Likely,TE,TE,"https://static.www.nfl.com/image/upload/f_auto,q_auto/league/xmikfnklnpjmzjhbjrur",13,BAL,0,0,0,0,0,0,0,0,0,0,0,0,,0,,,0,0,0,0,0,0,,0,30,40,411,5,0,0,249,216,15,32.1941993946376,0,1.65060240963855,0.110192837465565,0.0819618169848585,0.222662528087748,0,71.1,101.1
2023,REG,00-0037840,K.Williams,Kyren Williams,RB,RB,"https://static.www.nfl.com/image/upload/f_auto,q_auto/league/vcvstwywz6iufk7iul3x",12,LA,0,0,0,0,0,0,0,0,0,0,0,0,,0,,,228,1144,12,2,1,62,22.4365996570683,1,32,48,206,3,1,1,10,277,9,-15.6004017156651,0,20.6,0.131868131868132,0.0034399724802201,0.200210178538352,0,223.0,255.0
2023,REG,00-0038040,Z.White,Zamir White,RB,RB,"https://static.www.nfl.com/image/upload/f_auto,q_auto/league/jpxuggpx567die5348be",13,LV,0,0,0,0,0,0,0,0,0,0,0,0,,0,,,104,451,1,1,1,19,-17.6899545091437,0,15,19,98,0,0,0,4,94,4,0.729025378182996,0,24.5,0.0833333333333333,0.0022026431718061,0.126541850220264,0,58.9,73.9
2023,REG,00-0038041,J.Ferguson,Jake Ferguson,TE,TE,"https://static.www.nfl.com/image/upload/f_auto,q_auto/league/lbvrn1ibwszd6tzgh6o1",17,DAL,0,0,0,0,0,0,0,0,0,0,0,0,,0,,,0,0,0,0,0,0,,0,71,102,761,5,0,0,514,425,40,32.7524273186989,0,1.48054474708171,0.168595041322314,0.108645106742761,0.328944136703403,0,106.1,177.1
2023,REG,00-0038045,I.Spiller,Isaiah Spiller,RB,RB,"https://static.www.nfl.com/image/upload/f_auto,q_auto/league/msdwytjm5qjxe336lmnv",9,LAC,0,0,0,0,0,0,0,0,0,0,0,0,,0,,,37,96,0,0,0,1,-14.3609551987611,0,6,6,34,0,0,0,-5,39,1,0.5254501588632,0,-6.8,0.0458015267175573,-0.0060753341433778,0.0644495561759714,0,13.0,19.0
2023,REG,00-0038046,C.Kolar,Charlie Kolar,TE,TE,"https://static.www.nfl.com/image/upload/f_auto,q_auto/league/n7duzqver13movvgcint",6,BAL,0,0,0,0,0,0,0,0,0,0,0,0,,0,,,0,0,0,0,0,0,,0,7,9,87,1,0,0,88,17,5,7.68457635681261,0,0.988636363636364,0.0604026845637584,0.0748299319727891,0.14298497922659,0,14.7,21.7
2023,REG,00-0038090,S.Moore,Skyy Moore,WR,WR,"https://static.www.nfl.com/image/private/f_auto,q_auto/league/wpiovviem9uugfacqkxy",13,KC,0,0,0,0,0,0,0,0,0,0,0,0,,0,,,3,23,0,0,0,1,0.991782928351313,0,21,38,244,1,0,0,339,109,13,-9.61885847680431,0,0.71976401179941,0.0815450643776824,0.110136452241715,0.199413113135724,0,32.7,53.7
2023,REG,00-0038092,E.Ezukanma,Erik Ezukanma,WR,WR,"https://static.www.nfl.com/image/upload/f_auto,q_auto/league/qnq5b80lyd9wjidek81f",2,MIA,0,0,0,0,0,0,0,0,0,0,0,0,,0,,,5,22,0,0,0,1,-1.45335571921896,0,0,1,0,0,0,0,8,0,0,-0.912653792192441,0,0.0,0.0344827586206897,0.0296296296296296,0.0724648786717752,0,2.2,2.2
2023,REG,00-0038098,P.Strong,Pierre Strong,RB,RB,"https://static.www.nfl.com/image/upload/f_auto,q_auto/league/xvsnviejqwulftgrccpb",13,CLE,0,0,0,0,0,0,0,0,0,0,0,0,,0,,,63,291,1,1,1,10,-9.93003623798722,0,5,8,47,0,0,0,-5,73,1,-2.23292965616565,0,-9.4,0.0318725099601594,-0.002426006792819,0.0461105601852657,0,37.8,42.8
2023,REG,00-0038102,K.Pickett,Kenny Pickett,QB,QB,"https://static.www.nfl.com/image/upload/f_auto,q_auto/league/lbyu04eubfsgezqftovz",12,PIT,201,324,2070,6,4,23,173,0,0,2288,1046,91,-40.2414919466061,0,0.90472027972028,0.0192810466577062,42,54,1,2,0,12,-5.16288004297857,0,0,0,0,0,0,0,0,0,0,,0,,,,,0,110.2,110.2
2023,REG,00-0038104,T.Thornton,Tyquan Thornton,WR,WR,"https://static.www.nfl.com/image/private/f_auto,q_auto/league/p1kulrgf4v2grethuefi",9,NE,0,0,0,0,0,0,0,0,0,0,0,0,,0,,,3,51,0,0,0,1,3.01840060720899,0,13,23,91,0,0,0,230,50,3,-13.2396058684681,0,0.395652173913043,0.0836363636363636,0.129577464788732,0.216158770806658,0,14.2,27.2
2023,REG,00-0038108,B.Zappe,Bailey Zappe,QB,QB,"https://static.www.nfl.com/image/upload/f_auto,q_auto/league/m0aps8mb4jev4t4tduir",10,NE,127,212,1272,6,9,25,191,2,1,1686,637,53,-81.795452715474,0,0.754448398576512,0.0048569839051951,17,83,1,0,0,6,4.63150148303248,0,0,0,0,0,0,0,0,0,0,,0,,,,,0,69.18,69.18
2023,REG,00-0038115,D.Bellinger,Daniel Bellinger,TE,TE,"https://static.www.nfl.com/image/upload/f_auto,q_auto/league/f9xmqszyicfahxrcqevp",13,NYG,0,0,0,0,0,0,0,0,0,0,0,0,,0,,,0,0,0,0,0,0,,0,25,28,255,0,0,0,130,134,6,8.48108833422884,0,1.96153846153846,0.0777777777777778,0.0537190082644628,0.154269972451791,0,25.5,50.5
2023,REG,00-0038117,W.Robinson,Wan'Dale Robinson,WR,WR,"https://static.www.nfl.com/image/upload/f_auto,q_auto/league/z94hnehk9vgmvtad6sgi",15,NYG,0,0,0,0,0,0,0,0,0,0,0,0,,0,,,9,87,1,0,0,4,4.9164190426236,0,60,78,525,1,0,0,410,287,29,21.9106207190888,0,1.28048780487805,0.185273159144893,0.132386180174362,0.370580064839393,0,73.2,133.2
2023,REG,00-0038120,B.Hall,Breece Hall,RB,RB,"https://static.www.nfl.com/image/upload/f_auto,q_auto/league/ekmqygsmfkwwwdmuox4r",17,NYJ,0,0,0,0,0,0,0,0,0,0,0,0,,0,,,223,994,5,2,0,40,-21.7597802430493,1,76,95,591,4,0,0,-48,649,28,6.08812599242083,0,-12.3125,0.168738898756661,-0.0126515550869794,0.244252259574106,0,214.5,290.5
2023,REG,00-0038122,D.Ridder,Desmond Ridder,QB,QB,"https://static.www.nfl.com/image/upload/f_auto,q_auto/league/rhpusa7pfgd82d9ui6y7",15,ATL,249,388,2836,12,12,31,197,6,4,3184,1222,136,-33.3997411758443,2,0.89070351758794,0.0292839219793204,53,193,5,6,1,18,-14.4358171576846,0,1,1,-6,0,0,0,-6,0,0,-1.51534781605005,0,0.0,0.0555555555555556,-0.0952380952380952,0.0166666666666667,0,180.14,181.14
2023,REG,00-0038124,C.Watson,Christian Watson,WR,WR,"https://static.www.nfl.com/image/upload/f_auto,q_auto/league/qenktpex0mep8er8dzxj",9,GB,0,0,0,0,0,0,0,0,0,0,0,0,,0,,,4,11,0,0,0,1,-1.52074445865583,0,28,53,422,5,0,0,817,105,20,1.88253991466269,0,0.516523867809058,0.176666666666667,0.322033898305085,0.490423728813559,0,73.3,101.3
2023,REG,00-0038128,M.Willis,Malik Willis,QB,QB,"https://static.www.nfl.com/image/upload/f_auto,q_auto/league/e6w0hpe2pzefydmhqmr7",2,TEN,4,5,74,0,0,4,30,0,0,39,55,1,-0.068276936013552,0,1.8974358974359,0.104879754098473,5,21,0,1,1,1,-6.96832967567025,0,0,0,0,0,0,0,0,0,0,,0,,,,,0,3.06,3.06
2023,REG,00-0038129,C.Otton,Cade Otton,TE,TE,"https://static.www.nfl.com/image/upload/f_auto,q_auto/league/mljam77kst1wlqd5y91v",16,TB,0,0,0,0,0,0,0,0,0,0,0,0,,0,,,0,0,0,0,0,0,,0,47,67,455,4,1,1,452,223,22,11.5379822396063,1,1.00663716814159,0.12810707456979,0.102914389799636,0.264200684714429,0,69.5,116.5
2023,REG,00-0038134,K.Walker,Kenneth Walker III,RB,RB,"https://static.www.nfl.com/image/upload/f_auto,q_auto/league/ielqdthtspzi0ufvs4tw",15,SEA,0,0,0,0,0,0,0,0,0,0,0,0,,0,,,219,905,8,1,0,46,-9.32750174283865,0,29,37,259,1,0,0,-79,317,9,3.51092880679062,0,-3.27848101265823,0.081140350877193,-0.0261502813637868,0.103405329361139,0,170.4,199.4
2023,REG,00-0038389,I.Abanikanda,Israel Abanikanda,RB,RB,"https://static.www.nfl.com/image/private/f_auto,q_auto/league/ythhca1bq2bjbhgfyf9o",6,NYJ,0,0,0,0,0,0,0,0,0,0,0,0,,0,,,22,70,0,0,0,3,-2.94553341485929,0,7,11,43,0,0,0,6,46,2,-1.21548775531119,0,7.16666666666667,0.104761904761905,0.0091463414634146,0.163545296167247,0,11.3,18.3
2023,REG,00-0038391,S.Clifford,Sean Clifford,QB,QB,"https://static.www.nfl.com/image/upload/f_auto,q_auto/league/ru4qdl0ffm28dvywvc4r",2,GB,1,1,37,0,0,0,0,0,0,34,3,1,2.14362682815408,0,1.08823529411765,,3,-2,0,1,0,0,-3.49168400029885,0,0,0,0,0,0,0,0,0,0,,0,,,,,0,1.28,1.28
2023,REG,00-0038393,D.Wicks,Dontayvion Wicks,WR,WR,"https://static.www.nfl.com/image/upload/f_auto,q_auto/league/ghsev2bmz8kvhm8dsbey",15,GB,1,1,14,0,0,0,0,0,0,9,5,1,0.889282290299889,0,1.55555555555556,,1,1,0,0,0,0,-0.375854366167914,0,39,58,581,4,3,1,591,211,29,29.1571217409257,0,0.983079526226734,0.116700201207243,0.142822619623006,0.27502613554697,0,80.76,119.76
2023,REG,00-0038394,W.Mallory,Will Mallory,TE,TE,"https://static.www.nfl.com/image/upload/f_auto,q_auto/league/rxeygxqtsnqqzgmjl71g",11,IND,0,0,0,0,0,0,0,0,0,0,0,0,,0,,,0,0,0,0,0,0,,0,18,26,207,0,1,0,203,89,11,11.6807807128644,0,1.01970443349754,0.0710382513661202,0.0726817042606516,0.157434570031636,0,20.7,38.7
2023,REG,00-0038396,E.Gray,Eric Gray,RB,RB,"https://static.www.nfl.com/image/upload/f_auto,q_auto/league/ijjxwxv1ccyowzhpuw2k",5,NYG,0,0,0,0,0,0,0,0,0,0,0,0,,0,,,17,48,0,1,0,2,-7.89402783877449,0,6,7,22,0,0,0,-8,40,0,-3.74944611499086,0,-2.75,0.0518518518518519,-0.0109739368998628,0.0700960219478738,0,7.0,13.0
2023,REG,00-0038397,E.Hull,Evan Hull,RB,RB,"https://static.www.nfl.com/image/upload/f_auto,q_auto/league/ujeotuzljtwd4wtzbuse",1,IND,0,0,0,0,0,0,0,0,0,0,0,0,,0,,,1,1,0,0,0,0,-1.48695376177784,0,1,1,6,0,0,0,3,3,0,-0.108118143049069,0,2.0,0.0256410256410256,0.0137614678899083,0.0480945659844742,0,0.7,1.7
2023,REG,00-0038416,T.Bagent,Tyson Bagent,QB,QB,"https://static.www.nfl.com/image/upload/f_auto,q_auto/league/m6ls9t5npcqavk3eoa9c",5,CHI,94,143,859,3,6,5,35,2,2,814,498,48,-25.4177472920779,0,1.05528255528256,0.0177097178623807,23,109,2,0,0,11,11.0232879592463,0,0,0,0,0,0,0,0,0,0,,0,,,,,0,53.26,53.26
2023,REG,00-0038454,K.Mitchell,Keaton Mitchell,RB,RB,"https://static.www.nfl.com/image/upload/f_auto,q_auto/league/ubl4gwglxlbxzku0qta9",7,BAL,0,0,0,0,0,0,0,0,0,0,0,0,,0,,,47,396,2,0,0,19,17.4030145683792,0,9,11,93,0,0,0,-2,122,5,2.59173651613891,0,-46.5,0.0552763819095477,-0.0010245901639344,0.0821973597495675,0,60.9,69.9
2023,REG,00-0038465,M.Heath,Malik Heath,WR,WR,"https://static.www.nfl.com/image/upload/f_auto,q_auto/league/xbhxvulvdrkbz5svka5f",12,GB,0,0,0,0,0,0,0,0,0,0,0,0,,0,,,0,0,0,0,0,0,,0,15,24,125,1,0,0,210,35,6,4.74385148757169,0,0.595238095238095,0.0616966580976864,0.0687848018342614,0.140694348430513,0,18.5,33.5
2023,REG,00-0038476,T.DeVito,Tommy DeVito,QB,QB,"https://static.www.nfl.com/image/upload/f_auto,q_auto/league/ntolppjso4da6spe6okt",9,NYG,114,178,1101,8,3,37,196,0,0,1149,583,46,-49.3222322049457,0,0.95822454308094,0.0091882322144346,36,195,1,2,1,7,-3.23050817197391,0,0,0,0,0,0,0,0,0,0,,0,,,,,0,93.54,93.54
2023,REG,00-0038490,T.Zentner,Ty Zentner,P,SPEC,"https://static.www.nfl.com/image/upload/f_auto,q_auto/league/rmprz572lgnxuojnxh5p",1,TEN,0,0,0,0,0,0,0,0,0,0,0,0,,0,,,1,0,0,1,0,0,-2.25709495862247,0,0,0,0,0,0,0,0,0,0,,0,,,,,0,0.0,0.0
2023,REG,00-0038492,J.Brownlee,Jason Brownlee,WR,WR,"https://static.www.nfl.com/image/upload/f_auto,q_auto/league/qc0gcnxlh1pcw6ppr9kw",4,NYJ,0,0,0,0,0,0,0,0,0,0,0,0,,0,,,0,0,0,0,0,0,,0,5,8,56,1,0,0,62,20,2,-4.21006814829889,0,0.903225806451613,0.0559440559440559,0.105621805792164,0.157851347970598,0,11.6,16.6
2023,REG,00-0038496,X.Gipson,Xavier Gipson,WR,WR,"https://static.www.nfl.com/image/private/f_auto,q_auto/league/tqo7wkjetkgupevxfvnv",14,NYJ,0,0,0,0,0,0,0,0,0,0,0,0,,0,,,8,68,1,1,0,4,3.83869661652716,0,21,38,229,0,0,0,358,109,9,-0.636455722892927,0,0.639664804469274,0.0877598152424942,0.139680062426844,0.229415766562532,1,41.7,62.7
2023,REG,00-0038542,B.Robinson,Bijan Robinson,RB,RB,"https://static.www.nfl.com/image/upload/f_auto,q_auto/league/rydwvaod6ethdjap41l6",17,ATL,0,0,0,0,0,0,0,0,0,0,0,0,,0,,,214,976,4,4,3,50,-26.7062713821204,0,58,86,487,4,0,0,24,519,24,-12.9156967204551,0,20.2916666666667,0.177319587628866,0.0059760956175298,0.27016264837557,0,188.3,246.3
2023,REG,00-0038543,J.Smith-Njigba,Jaxon Smith-Njigba,WR,WR,"https://static.www.nfl.com/image/upload/f_auto,q_auto/league/lfroslgx4bo5p641flvg",17,SEA,0,0,0,0,0,0,0,0,0,0,0,0,,0,,,0,0,0,0,0,0,,0,63,93,628,4,0,0,569,366,29,12.1654319769567,0,1.10369068541301,0.170018281535649,0.15177380634836,0.361269086747325,0,86.8,149.8
2023,REG,00-0038544,Q.Johnston,Quentin Johnston,WR,WR,"https://static.www.nfl.com/image/upload/f_auto,q_auto/league/jbxlvsbokf9qdqtet1qr",17,LAC,0,0,0,0,0,0,0,0,0,0,0,0,,0,,,3,9,0,0,0,0,-0.905528398929164,0,38,67,431,2,0,0,861,152,20,7.0593832861998,0,0.500580720092915,0.109120521172638,0.18741837178929,0.294873642011461,0,56.0,94.0
2023,REG,00-0038547,L.Schoonmaker,Luke Schoonmaker,TE,TE,"https://static.www.nfl.com/image/upload/f_auto,q_auto/league/fd4exg1hqzlm9sk6ruu6",11,DAL,0,0,0,0,0,0,0,0,0,0,0,0,,0,,,0,0,0,0,0,0,,0,8,15,65,2,0,0,81,27,5,-4.43451169170361,0,0.802469135802469,0.0373134328358209,0.044189852700491,0.086903046144075,0,18.5,26.5
2023,REG,00-0038551,K.Miller,Kendre Miller,RB,RB,"https://static.www.nfl.com/image/upload/f_auto,q_auto/league/wyj0lpna5gbhvyfiqnis",7,NO,0,0,0,0,0,0,0,0,0,0,0,0,,0,,,41,156,1,0,0,10,-3.09782426408492,0,10,11,117,0,0,0,-8,128,5,5.60439573490294,0,-14.625,0.0480349344978166,-0.0049049662783568,0.0686189253518751,0,33.3,43.3
2023,REG,00-0038555,T.Bigsby,Tank Bigsby,RB,RB,"https://static.www.nfl.com/image/upload/f_auto,q_auto/league/vwl0kijb59dp20m3hs3u",13,JAX,0,0,0,0,0,0,0,0,0,0,0,0,,0,,,50,132,2,1,1,12,-12.3360569415672,0,1,4,6,0,0,0,6,5,0,-13.6886951426277,0,1.0,0.0305343511450382,0.0063291139240506,0.0502319064643927,0,23.8,24.8
2023,REG,00-0038558,D.Washington,Darnell Washington,TE,TE,"https://static.www.nfl.com/image/upload/f_auto,q_auto/league/i6bxioxqzrc9hepszyjf",8,PIT,0,0,0,0,0,0,0,0,0,0,0,0,,0,,,0,0,0,0,0,0,,0,7,10,61,0,0,0,11,50,4,1.19134930105065,0,5.54545454545455,0.0442477876106195,0.0069841269841269,0.0712605703048181,0,6.1,13.1
2023,REG,00-0038559,M.Wilson,Michael Wilson,WR,WR,"https://static.www.nfl.com/image/upload/f_auto,q_auto/league/spsbduvpqe21tgkwhvbc",13,ARI,0,0,0,0,0,0,0,0,0,0,0,0,,0,,,0,0,0,0,0,0,,0,38,58,565,3,0,0,720,139,29,18.0557974182642,1,0.784722222222222,0.136792452830189,0.231809401159047,0.367455260056616,0,76.5,114.5
2023,REG,00-0038563,T.Tucker,Tre Tucker,WR,WR,"https://static.www.nfl.com/image/upload/f_auto,q_auto/league/soebzcfwhgnjffwqv1ox",13,LV,0,0,0,0,0,0,0,0,0,0,0,0,,0,,,10,77,0,0,0,4,1.24505679437425,0,19,34,331,2,0,0,624,28,12,6.24242019746453,0,0.530448717948718,0.0901856763925729,0.215693052194953,0.286263651125327,0,52.8,71.8
2023,REG,00-0038573,D.Davis,Derius Davis,WR,WR,"https://static.www.nfl.com/image/upload/f_auto,q_auto/league/ctk98ws4ps6p4gaei6uu",14,LAC,0,0,0,0,0,0,0,0,0,0,0,0,,0,,,14,101,0,0,0,5,5.18793454649858,0,15,17,66,0,0,0,-38,115,0,-5.93209154814757,0,0.0,0.0400943396226415,-0.0124835742444152,0.0514030074628716,1,22.7,37.7
2023,REG,00-0038576,C.Jones,Charlie Jones,WR,WR,"https://static.www.nfl.com/image/upload/f_auto,q_auto/league/tbncr0bm5daiafdei8i8",5,CIN,0,0,0,0,0,0,0,0,0,0,0,0,,0,,,2,13,0,0,0,1,1.09994524694048,0,7,9,64,0,0,0,79,38,3,2.37626150279539,0,0.810126582278481,0.0584415584415584,0.0797979797979798,0.143520923520924,1,13.7,20.7
2023,REG,00-0038579,A.O'Connell,Aidan O'Connell,QB,QB,"https://static.www.nfl.com/image/upload/f_auto,q_auto/league/aphs7sdbtn8v4zo9pz6w",11,LV,213,343,2218,12,7,24,173,3,2,2561,1063,107,-16.8526077894484,0,0.866067942210074,0.0153809182386106,17,11,1,1,0,7,-4.11663526669145,0,0,0,0,0,0,0,0,0,0,,0,,,,,0,125.82,125.82
2023,REG,00-0038582,C.Tune,Clayton Tune,QB,QB,"https://static.www.nfl.com/image/upload/f_auto,q_auto/league/bbiianhnrupao5vm4onx",6,ARI,12,21,62,0,2,7,41,1,1,53,43,3,-34.7495431726566,0,1.16981132075472,-0.0206125476598514,8,30,1,1,0,3,-0.64128578369855,1,0,0,0,0,0,0,0,0,0,,0,,,,,0,7.48,7.48
2023,REG,00-0038583,D.Thompson-Robinson,Dorian Thompson-Robinson,QB,QB,"https://static.www.nfl.com/image/upload/f_auto,q_auto/league/ujuyt3hpswlin3aahmhu",7,CLE,60,112,440,1,4,6,60,1,0,662,204,26,-38.5801300967777,0,0.664652567975831,-0.0383653598355425,14,65,0,1,0,4,0.732105585804675,1,0,0,0,0,0,0,0,0,0,,0,,,,,0,22.1,22.1
2023,REG,00-0038589,J.Whyle,Josh Whyle,TE,TE,"https://static.www.nfl.com/image/upload/f_auto,q_auto/league/ccstvnbjzprcpb2j9xnb",8,TEN,0,0,0,0,0,0,0,0,0,0,0,0,,0,,,0,0,0,0,0,0,,0,9,15,94,1,0,0,146,40,8,3.78255183811416,0,0.643835616438356,0.0643776824034335,0.0648600621945802,0.141968567141356,0,15.4,24.4
2023,REG,00-0038597,C.Brown,Chase Brown,RB,RB,"https://static.www.nfl.com/image/upload/f_auto,q_auto/league/rxzzjpgjgjsmmkekp6zu",10,CIN,0,0,0,0,0,0,0,0,0,0,0,0,,0,,,44,179,0,1,0,6,-9.0110161552813,0,14,15,156,1,0,0,-45,194,4,6.43528223148314,0,-3.46666666666667,0.0555555555555556,-0.0312283136710618,0.0614735137635901,0,39.5,53.5
2023,REG,00-0038598,J.Hall,Jaren Hall,QB,QB,"https://static.www.nfl.com/image/upload/f_auto,q_auto/league/ki7jq97gzu1dv16hi4jq",3,MIN,13,20,168,0,1,4,28,2,2,156,99,7,-12.6760427974374,0,1.07692307692308,0.0439689706148404,6,14,0,0,0,0,-1.96601992518322,0,0,0,0,0,0,0,0,0,0,,0,,,,,0,2.12,2.12
2023,REG,00-0038606,P.Washington,Parker Washington,WR,WR,"https://static.www.nfl.com/image/private/f_auto,q_auto/league/pukz1x5ysxkhvsmcttdm",6,JAX,0,0,0,0,0,0,0,0,0,0,0,0,,0,,,0,0,0,0,0,0,,0,16,21,132,2,1,1,155,34,5,-1.51960613223491,0,0.851612903225806,0.0882352941176471,0.0697883836109861,0.181204809704161,0,23.2,39.2
2023,REG,00-0038608,K.Boutte,Kayshon Boutte,WR,WR,"https://static.www.nfl.com/image/private/f_auto,q_auto/league/nz6t7jhx6erszovbv1bd",3,NE,0,0,0,0,0,0,0,0,0,0,0,0,,0,,,0,0,0,0,0,0,,0,2,7,19,0,0,0,125,10,1,-2.69103665847797,0,0.152,0.0608695652173913,0.190839694656489,0.224892134085629,0,1.9,3.9
2023,REG,00-0038611,C.Rodriguez,Chris Rodriguez Jr.,RB,RB,"https://static.www.nfl.com/image/upload/f_auto,q_auto/league/z5nbh1nza9je683o17h1",8,WAS,0,0,0,0,0,0,0,0,0,0,0,0,,0,,,51,247,2,1,1,14,-3.48416020427248,0,2,2,12,0,0,0,-7,19,1,0.454330039210618,0,-1.71428571428571,0.027027027027027,-0.0172413793103448,0.0284715750232992,0,35.9,37.9
2023,REG,00-0038612,A.Perry,A.T. Perry,WR,WR,"https://static.www.nfl.com/image/private/f_auto,q_auto/league/hmlejtujw0krefd40edq",8,NO,0,0,0,0,0,0,0,0,0,0,0,0,,0,,,0,0,0,0,0,0,,0,12,18,246,4,0,0,293,20,10,19.0714940344568,0,0.839590443686007,0.0705882352941176,0.14306640625,0.206028837316176,0,48.6,60.6
2023,REG,00-0038618,X.Hutchinson,Xavier Hutchinson,WR,WR,"https://static.www.nfl.com/image/upload/f_auto,q_auto/league/vlxzxhej5ffelkxrqf4g",11,HOU,0,0,0,0,0,0,0,0,0,0,0,0,,0,,,5,49,0,0,0,3,2.87029675941449,0,8,19,90,0,0,0,216,20,3,-6.57425334799914,0,0.416666666666667,0.0581039755351682,0.0773361976369495,0.141291301648617,0,13.9,21.9
2023,REG,00-0038619,A.Iosivas,Andrei Iosivas,WR,WR,"https://static.www.nfl.com/image/upload/f_auto,q_auto/league/pgbqgzrxmbnmpcnkhsya",9,CIN,0,0,0,0,0,0,0,0,0,0,0,0,,0,,,0,0,0,0,0,0,,0,15,25,116,4,0,0,215,35,11,5.36112963134656,0,0.53953488372093,0.0769230769230769,0.102089268755935,0.18684710351377,0,35.6,50.6
2023,REG,00-0038621,D.Douglas,Demario Douglas,WR,WR,"https://static.www.nfl.com/image/private/f_auto,q_auto/league/svnh61ottqtfmcqvnbj3",14,NE,0,0,0,0,0,0,0,0,0,0,0,0,,0,,,8,41,0,0,0,2,1.02506967773661,0,49,79,561,0,1,1,648,336,26,-5.60288788062322,0,0.865740740740741,0.171739130434783,0.192170818505338,0.392128268605911,0,58.2,107.2
2023,REG,00-0038622,D.Vaughn,Deuce Vaughn,RB,RB,"https://static.www.nfl.com/image/upload/f_auto,q_auto/league/uzxaeh4dssbmvz3lwaan",6,DAL,0,0,0,0,0,0,0,0,0,0,0,0,,0,,,23,40,0,0,0,1,-12.9092501658597,0,7,7,40,0,0,0,-6,46,1,0.745196180476341,0,-6.66666666666667,0.0388888888888889,-0.0043478260869565,0.0552898550724638,0,8.0,15.0
2023,REG,00-0038627,A.Green,Antoine Green,WR,WR,"https://static.www.nfl.com/image/upload/f_auto,q_auto/league/x5jwwdjpwiwe5sdtjzsd",2,DET,0,0,0,0,0,0,0,0,0,0,0,0,,0,,,0,0,0,0,0,0,,0,1,2,2,0,0,0,11,1,0,-3.53832730645081,0,0.181818181818182,0.0240963855421687,0.0171606864274571,0.048157058812473,0,0.2,1.2
2023,REG,00-0038632,C.Dowell,Colton Dowell,WR,WR,"https://static.www.nfl.com/image/upload/f_auto,q_auto/league/asnykoet55r5qhhewijc",2,TEN,0,0,0,0,0,0,0,0,0,0,0,0,,0,,,0,0,0,0,0,0,,0,1,2,3,0,0,0,40,0,0,-2.6527392360731,0,0.075,0.0392156862745098,0.091743119266055,0.123043712898003,0,0.3,1.3
2023,REG,00-0038640,J.Brooks,Jalen Brooks,WR,WR,"https://static.www.nfl.com/image/upload/f_auto,q_auto/league/jdwbrmypfsotpdw86w6u",3,DAL,0,0,0,0,0,0,0,0,0,0,0,0,,0,,,0,0,0,0,0,0,,0,6,6,64,0,0,0,36,28,4,3.85487076992285,0,1.77777777777778,0.0517241379310345,0.038751345532831,0.104712148769533,0,6.4,12.4
2023,REG,00-0038647,R.Bell,Ronnie Bell,WR,WR,"https://static.www.nfl.com/image/upload/f_auto,q_auto/league/agn76jfaaawk5usur8oh",8,SF,0,0,0,0,0,0,0,0,0,0,0,0,,0,,,0,0,0,0,0,0,,0,6,13,68,3,0,0,160,10,5,6.73542628084298,0,0.425,0.0567685589519651,0.0908059023836549,0.148716970096506,0,24.8,30.8
2023,REG,00-0038667,E.Cooks,Elijah Cooks,WR,WR,"https://static.www.nfl.com/image/private/f_auto,q_auto/league/kvlvozf6pxeesdqepx0l",2,JAX,0,0,0,0,0,0,0,0,0,0,0,0,,0,,,0,0,0,0,0,0,,0,3,4,38,0,0,0,33,8,2,3.90436287743445,0,1.15151515151515,0.0465116279069768,0.0385964912280702,0.0967849857201142,0,3.8,6.8
2023,REG,00-0038678,J.Mims,Jordan Mims,RB,RB,"https://static.www.nfl.com/image/upload/f_auto,q_auto/league/nvamfcrdqvkwtnpgmzdh",1,NO,0,0,0,0,0,0,0,0,0,0,0,0,,0,,,0,0,0,0,0,0,,0,0,2,0,0,0,0,10,0,0,-1.37122827977873,0,0.0,0.08,0.0505050505050505,0.155353535353535,0,0.0,0.0
2023,REG,00-0038685,C.Brooks,Chris Brooks,RB,RB,"https://static.www.nfl.com/image/upload/f_auto,q_auto/league/uuahiqarbpnfv8xlihlu",3,MIA,0,0,0,0,0,0,0,0,0,0,0,0,,0,,,19,106,0,0,0,2,-3.39220510114683,0,0,0,0,0,0,0,0,0,0,,0,,,,,0,10.6,10.6
2023,REG,00-0038705,E.Demercado,Emari Demercado,RB,RB,"https://static.www.nfl.com/image/upload/f_auto,q_auto/league/pvd4nrkfpg8h1yamerrr",11,ARI,0,0,0,0,0,0,0,0,0,0,0,0,,0,,,58,284,2,0,0,12,-5.29673494500512,0,21,30,119,0,0,0,27,109,4,-14.9465063101843,0,4.40740740740741,0.0958466453674121,0.0117391304347826,0.151987359355466,0,52.3,73.3
2023,REG,00-0038720,J.Hill,Julian Hill,TE,TE,"https://static.www.nfl.com/image/upload/f_auto,q_auto/league/ycrsps9cgsfkyppucwrr",6,MIA,0,0,0,0,0,0,0,0,0,0,0,0,,0,,,0,0,0,0,0,0,,0,6,9,48,0,1,1,29,30,2,-3.46632055769442,0,1.6551724137931,0.0459183673469388,0.0232,0.0851175510204082,0,2.8,8.8
2023,REG,00-0038738,H.Luepke,Hunter Luepke,FB,RB,"https://static.www.nfl.com/image/upload/f_auto,q_auto/league/kutswlnzg4fefe7lpbd2",6,DAL,0,0,0,0,0,0,0,0,0,0,0,0,,0,,,6,19,1,0,0,5,4.6964431242086,0,3,4,18,0,0,0,-2,16,1,-1.23849394835997,0,-9.0,0.0272108843537415,-0.0018535681186283,0.0395188288475724,0,9.7,12.7
2023,REG,00-0038752,J.Bobo,Jake Bobo,WR,WR,"https://static.www.nfl.com/image/upload/f_auto,q_auto/league/vf5wazbhc3u7x7vjhojq",14,SEA,0,0,0,0,0,0,0,0,0,0,0,0,,0,,,1,3,1,0,0,1,0.775604387134081,0,19,25,196,2,0,0,150,87,9,8.033546223538,0,1.30666666666667,0.0535331905781585,0.0475888324873096,0.113611968608354,0,37.9,56.9
2023,REG,00-0038783,N.Adkins,Nate Adkins,TE,TE,"https://static.www.nfl.com/image/upload/f_auto,q_auto/league/zbvo4oy4twbharwpmsqv",4,DEN,0,0,0,0,0,0,0,0,0,0,0,0,,0,,,0,0,0,0,0,0,,0,4,5,22,0,0,0,-5,24,1,1.5452797129401,0,0.0,0.0442477876106195,-0.0073637702503681,0.0612170422406715,0,2.2,6.2
2023,REG,00-0038794,J.McLaughlin,Jaleel McLaughlin,RB,RB,"https://static.www.nfl.com/image/upload/f_auto,q_auto/league/ndqnhudqtipzrnzslyla",17,DEN,0,0,0,0,0,0,0,0,0,0,0,0,,0,,,76,410,1,0,0,16,5.87916513410164,0,31,36,160,2,0,0,-140,290,5,1.97124671394542,0,-1.14285714285714,0.0997229916897507,-0.0603708495040966,0.107324892881758,0,75.0,106.0
2023,REG,00-0038797,E.Wilson,Emanuel Wilson,RB,RB,"https://static.www.nfl.com/image/upload/f_auto,q_auto/league/hpscbhsmjocm8kmwfbuc",5,GB,0,0,0,0,0,0,0,0,0,0,0,0,,0,,,14,85,0,0,0,2,0.564533199358266,0,4,5,23,0,0,0,-4,30,1,0.850902887439588,0,-5.75,0.0442477876106195,-0.0039682539682539,0.0635939036381514,0,10.8,14.8
2023,REG,00-0038809,B.Sims,Ben Sims,TE,TE,"https://static.www.nfl.com/image/upload/f_auto,q_auto/league/mfl9febpyc8nk2abxcf2",6,GB,0,0,0,0,0,0,0,0,0,0,0,0,,0,,,0,0,0,0,0,0,,0,4,6,21,1,0,0,30,18,3,2.01392656628741,0,0.7,0.0306122448979592,0.0259965337954939,0.0641159410037845,0,8.1,12.1
2023,REG,00-0038821,R.Jarrett,Rakim Jarrett,WR,WR,"https://static.www.nfl.com/image/upload/f_auto,q_auto/league/mnbgtrdhyuofclpct6tl",6,TB,0,0,0,0,0,0,0,0,0,0,0,0,,0,,,1,0,0,0,0,0,-0.479814174177591,0,4,9,60,0,0,0,142,27,1,-1.14751283451915,0,0.422535211267606,0.0486486486486487,0.105497771173848,0.146821412794667,0,6.0,10.0
2023,REG,00-0038862,E.Dotson,Elijah Dotson,RB,RB,"https://static.www.nfl.com/image/upload/f_auto,q_auto/league/yx9vzbdqe6khlgdanbk3",1,LAC,0,0,0,0,0,0,0,0,0,0,0,0,,0,,,4,6,0,0,0,0,-3.19679077283945,0,2,2,13,0,0,0,-1,14,0,0.376442842651159,0,-13.0,0.0512820512820513,-0.0024630541871921,0.0751989389920424,0,1.9,3.9
2023,REG,00-0038891,S.Jackson,Shedrick Jackson,WR,WR,"https://static.www.nfl.com/image/upload/f_auto,q_auto/league/zh0yhuppve8b4dsgsix9",1,CIN,0,0,0,0,0,0,0,0,0,0,0,0,,0,,,0,0,0,0,0,0,,0,0,1,0,0,0,0,30,0,0,-0.856143947923556,0,0.0,0.032258064516129,0.120967741935484,0.133064516129032,0,0.0,0.0
2023,REG,00-0038911,M.Cunningham,Malik Cunningham,WR,WR,"https://static.www.nfl.com/image/upload/f_auto,q_auto/league/vsuygoylrwmk6ng440jf",1,NE,0,0,0,0,0,1,5,0,0,0,0,0,-1.28537227399647,0,,,0,0,0,0,0,0,,0,0,0,0,0,0,0,0,0,0,,0,,,,,0,0.0,0.0
2023,REG,00-0038933,D.Kincaid,Dalton Kincaid,TE,TE,"https://static.www.nfl.com/image/upload/f_auto,q_auto/league/rsimqxdfwlb1n9qd4w3g",16,BUF,0,0,0,0,0,0,0,0,0,0,0,0,,0,,,0,0,0,0,0,0,,0,73,91,673,2,1,1,538,315,29,12.5995076311643,0,1.25092936802974,0.176356589147287,0.120546717454627,0.348917585939169,0,77.3,150.3
2023,REG,00-0038935,B.Strange,Brenton Strange,TE,TE,"https://static.www.nfl.com/image/private/f_auto,q_auto/league/trfk78mrfsafnbatyx2x",5,JAX,0,0,0,0,0,0,0,0,0,0,0,0,,0,,,0,0,0,0,0,0,,0,5,9,35,1,0,0,68,28,2,-0.461921395751558,0,0.514705882352941,0.0566037735849057,0.0579710144927536,0.125485370522286,0,9.5,14.5
2023,REG,00-0038938,J.Hyatt,Jalin Hyatt,WR,WR,"https://static.www.nfl.com/image/private/f_auto,q_auto/league/ibftqfglvcqaipfdnr4f",13,NYG,0,0,0,0,0,0,0,0,0,0,0,0,,0,,,0,0,0,0,0,0,,0,23,40,373,0,1,0,841,48,11,3.0651579910464,0,0.443519619500595,0.104166666666667,0.284891598915989,0.355674119241192,0,37.3,60.3
2023,REG,00-0038941,T.Scott,Tyler Scott,WR,WR,"https://static.www.nfl.com/image/upload/f_auto,q_auto/league/atxk3cex3cedv7drflrw",13,CHI,0,0,0,0,0,0,0,0,0,0,0,0,,0,,,7,41,0,0,0,2,0.259178570762742,0,17,32,168,0,1,1,370,70,10,-11.0538348869636,0,0.454054054054054,0.0949554896142433,0.149555375909458,0.247121997557986,0,18.9,35.9
2023,REG,00-0038951,S.Tucker,Sean Tucker,RB,RB,"https://static.www.nfl.com/image/upload/f_auto,q_auto/league/pgc1uq4p5euuc9lkaphf",3,TB,0,0,0,0,0,0,0,0,0,0,0,0,,0,,,15,23,0,0,0,1,-6.20917500916403,0,2,2,9,0,0,0,-3,12,0,-0.171700917882845,0,-3.0,0.0625,-0.0125,0.085,0,3.2,5.2
2023,REG,00-0038976,M.Mims,Marvin Mims Jr.,WR,WR,"https://static.www.nfl.com/image/upload/f_auto,q_auto/league/trvilnckw7nprw1gkghl",15,DEN,0,0,0,0,0,0,0,0,0,0,0,0,,0,,,9,30,0,0,0,2,-1.33484730974305,0,22,33,377,1,0,0,497,154,9,9.03245314614398,0,0.758551307847083,0.0776470588235294,0.162206266318538,0.230014974658271,1,52.7,74.7
2023,REG,00-0038977,T.Dell,Tank Dell,WR,WR,"https://static.www.nfl.com/image/upload/f_auto,q_auto/league/tqxgovzlhxj0jnwkcvtq",10,HOU,0,0,0,0,0,1,1,0,0,0,0,0,-0.777416687400546,0,,,11,51,0,0,0,3,-0.155402226373553,0,47,75,709,7,0,0,1070,152,34,31.0222832701029,0,0.662616822429906,0.214899713467049,0.334688770722552,0.55663170970636,0,118.0,165.0
2023,REG,00-0038979,C.Tillman,Cedric Tillman,WR,WR,"https://static.www.nfl.com/image/upload/f_auto,q_auto/league/fp371fgk45btt01uvucq",11,CLE,0,0,0,0,0,0,0,0,0,0,0,0,,0,,,1,8,0,0,0,0,0.234092467464507,0,21,44,224,0,0,0,468,88,12,-26.5160423246959,0,0.478632478632479,0.110275689223058,0.140878988561108,0.264028825827362,0,23.2,44.2
2023,REG,00-0038994,J.Addison,Jordan Addison,WR,WR,"https://static.www.nfl.com/image/upload/f_auto,q_auto/league/tmyckmignrvy8truccwm",17,MIN,0,0,0,0,0,0,0,0,0,0,0,0,,0,,,1,2,0,0,0,0,-0.410606599703897,0,70,108,911,10,0,0,1347,262,38,26.0986823215143,0,0.676317743132888,0.178217821782178,0.279808890735355,0.463192956188016,0,151.3,221.3
2023,REG,00-0038996,T.Kraft,Tucker Kraft,TE,TE,"https://static.www.nfl.com/image/upload/f_auto,q_auto/league/klrmgekdzx1ywjjmixp7",10,GB,0,0,0,0,0,0,0,0,0,0,0,0,,0,,,0,0,0,0,0,0,,0,31,40,355,2,0,0,156,232,18,17.7748128229508,0,2.27564102564103,0.117647058823529,0.0561757292041772,0.215793598678218,0,47.5,78.5
2023,REG,00-0038997,J.Downs,Josh Downs,WR,WR,"https://static.www.nfl.com/image/upload/f_auto,q_auto/league/zue2xxvfrignllqlhagu",17,IND,0,0,0,0,0,0,0,0,0,0,0,0,,0,,,0,0,0,0,0,0,,0,68,98,771,2,0,0,707,371,30,26.5076010227959,0,1.09052333804809,0.17948717948718,0.172270955165692,0.389820437846754,0,89.1,157.1
2023,REG,00-0039021,R.Johnson,Roschon Johnson,RB,RB,"https://static.www.nfl.com/image/upload/f_auto,q_auto/league/skajjk8i3zdrvzqmucww",15,CHI,0,0,0,0,0,0,0,0,0,0,0,0,,0,,,81,352,2,1,0,16,-6.61616354286162,0,34,40,209,0,0,0,-33,247,6,-6.06627508539603,0,-6.33333333333333,0.120845921450151,-0.0136138613861386,0.17173917920493,0,68.1,102.1
2023,REG,00-0039032,T.Spears,Tyjae Spears,RB,RB,"https://static.www.nfl.com/image/upload/f_auto,q_auto/league/qb4us1f96uox7v3poxzj",17,TEN,0,0,0,0,0,0,0,0,0,0,0,0,,0,,,100,453,2,0,0,24,-0.736231872569715,0,52,70,385,1,1,0,-12,460,17,-1.36095726210109,0,-32.0833333333333,0.146443514644351,-0.0029126213592233,0.217626437015071,0,101.8,153.8
2023,REG,00-0039040,D.Achane,De'Von Achane,RB,RB,"https://static.www.nfl.com/image/upload/f_auto,q_auto/league/zqfkz3hbyurjcwhw7xoi",11,MIA,0,0,0,0,0,1,6,0,0,0,0,0,-1.43372882343829,0,,,103,800,8,1,1,30,33.2339752366848,0,27,37,197,3,0,0,26,262,10,1.49171892736697,0,7.57692307692308,0.109467455621302,0.0102564102564103,0.17138067061144,0,163.7,190.7
2023,REG,00-0039041,E.Higgins,Elijah Higgins,TE,TE,"https://static.www.nfl.com/image/upload/f_auto,q_auto/league/sodpdh4uhbhzjxbnmao1",9,ARI,0,0,0,0,0,0,0,0,0,0,0,0,,0,,,0,0,0,0,0,0,,0,14,19,163,1,0,0,128,67,9,10.2362891270604,0,1.2734375,0.064406779661017,0.0680489101541733,0.144244406599447,0,22.3,36.3
2023,REG,00-0039050,P.Durham,Payne Durham,TE,TE,"https://static.www.nfl.com/image/upload/f_auto,q_auto/league/vrdqb2si9rpshhy51liq",6,TB,0,0,0,0,0,0,0,0,0,0,0,0,,0,,,0,0,0,0,0,0,,0,5,7,58,0,0,0,69,16,3,3.69075510452967,0,0.840579710144928,0.0311111111111111,0.0384829894032348,0.073604759248931,0,5.8,10.8
2023,REG,00-0039052,T.Palmer,Trey Palmer,WR,WR,"https://static.www.nfl.com/image/upload/f_auto,q_auto/league/zv0wdsdctgf2zw2ctumy",17,TB,0,0,0,0,0,0,0,0,0,0,0,0,,0,,,3,22,0,0,0,1,1.09168822760694,0,39,68,385,3,3,1,736,103,17,-8.31356589275201,0,0.523097826086957,0.123636363636364,0.156762513312034,0.295188304772969,0,56.7,95.7
2023,REG,00-0039062,J.Mingo,Jonathan Mingo,WR,WR,"https://static.www.nfl.com/image/upload/f_auto,q_auto/league/slc08tcccvtyqr61dtkd",15,CAR,0,0,0,0,0,0,0,0,0,0,0,0,,0,,,0,0,0,0,0,0,,0,43,85,418,0,1,0,921,155,15,-24.6459438826527,0,0.45385450597177,0.175257731958763,0.238292367399741,0.429691255117963,0,41.8,84.8
2023,REG,00-0039064,Z.Flowers,Zay Flowers,WR,WR,"https://static.www.nfl.com/image/upload/f_auto,q_auto/league/oidhqwg0fjvanyk57nc1",16,BAL,0,0,0,0,0,0,0,0,0,0,0,0,,0,,,8,56,1,0,0,1,4.30611578980461,0,77,108,858,5,0,0,921,387,41,27.8826095549542,1,0.931596091205212,0.24,0.236517719568567,0.525562403697997,0,129.4,206.4
2023,REG,00-0039065,S.LaPorta,Sam LaPorta,TE,TE,"https://static.www.nfl.com/image/upload/f_auto,q_auto/league/ucw8cfj5t5nwkx670wzu",17,DET,0,0,0,0,0,0,0,0,0,0,0,0,,0,,,1,4,0,0,0,0,0.133189848565962,0,86,120,889,10,0,0,851,358,48,38.3268950199898,2,1.04465334900118,0.209059233449477,0.211061507936508,0.461331905729772,0,153.3,239.3
2023,REG,00-0039066,M.Mayer,Michael Mayer,TE,TE,"https://static.www.nfl.com/image/upload/f_auto,q_auto/league/rmc4igjgu5za2va8rfe1",12,LV,0,0,0,0,0,0,0,0,0,0,0,0,,0,,,0,0,0,0,0,0,,0,27,40,304,2,0,0,227,164,19,16.7243883694555,1,1.33920704845815,0.106666666666667,0.0812455261274159,0.216871868289191,0,44.4,71.4
2023,REG,00-0039067,R.Rice,Rashee Rice,WR,WR,"https://static.www.nfl.com/image/private/f_auto,q_auto/league/zjgi60dvmj5ogvanp201",16,KC,0,0,0,0,0,0,0,0,0,0,0,0,,0,,,1,-3,0,0,0,0,-2.20213012397289,0,79,102,938,7,2,1,491,654,44,39.4724151469952,0,1.91038696537678,0.178947368421053,0.131143162393162,0.360221266306793,0,133.5,212.5
2023,REG,00-0039074,D.Allen,Davis Allen,TE,TE,"https://static.www.nfl.com/image/upload/f_auto,q_auto/league/ihbec16pwn2ki5woyr4m",4,LA,0,0,0,0,0,0,0,0,0,0,0,0,,0,,,0,0,0,0,0,0,,0,10,11,95,1,0,0,24,74,7,9.99433434364619,0,3.95833333333333,0.088,0.0345821325648415,0.156207492795389,0,15.5,25.5
2023,REG,00-0039075,P.Nacua,Puka Nacua,WR,WR,"https://static.www.nfl.com/image/upload/f_auto,q_auto/league/i1pmrhua5gpvwgsqphxa",17,LA,0,0,0,0,0,0,0,0,0,0,0,0,,0,,,12,89,0,0,0,5,3.86805375423864,0,105,160,1486,6,1,0,1453,639,68,67.8077402600768,0,1.02271163110805,0.288288288288288,0.334022988505747,0.666248524386456,0,193.5,298.5
2023,REG,00-0039136,Z.Evans,Zach Evans,RB,RB,"https://static.www.nfl.com/image/upload/f_auto,q_auto/league/i2hxbdi464do6jaxgpua",4,LA,0,0,0,0,0,0,0,0,0,0,0,0,,0,,,9,19,0,0,0,0,-5.21281556869527,0,0,0,0,0,0,0,0,0,0,,0,,,,,0,1.9,1.9
2023,REG,00-0039139,J.Gibbs,Jahmyr Gibbs,RB,RB,"https://static.www.nfl.com/image/upload/f_auto,q_auto/league/f5y3osxxtov5rgfv4ra5",15,DET,0,0,0,0,0,0,0,0,0,0,0,0,,0,,,182,945,10,2,1,42,-5.18102973025623,0,52,71,316,1,0,0,8,314,20,-11.1532350766636,0,39.5,0.140316205533597,0.0022340128455738,0.212038117292297,0,190.1,242.1
2023,REG,00-0039144,L.Musgrave,Luke Musgrave,TE,TE,"https://static.www.nfl.com/image/upload/f_auto,q_auto/league/mn9nugrtq8kb8sysrvne",11,GB,0,0,0,0,0,0,0,0,0,0,0,0,,0,,,0,0,0,0,0,0,,0,34,46,352,1,0,0,344,169,14,12.0297873275131,0,1.02325581395349,0.12707182320442,0.107298814722396,0.265716905112307,0,41.2,75.2
2023,REG,00-0039146,J.Reed,Jayden Reed,WR,WR,"https://static.www.nfl.com/image/upload/f_auto,q_auto/league/blh2tfg9qjthqo2g6ot4",16,GB,0,0,0,0,0,0,0,0,0,0,0,0,,0,,,11,119,2,0,0,6,5.48142744018696,0,64,94,793,8,0,0,970,335,32,33.2992616618623,1,0.817525773195876,0.175700934579439,0.211744160663611,0.411772314333686,0,153.2,217.2
2023,REG,00-0039150,B.Young,Bryce Young,QB,QB,"https://static.www.nfl.com/image/upload/f_auto,q_auto/league/gdmtmmviwadpobyjogal",16,CAR,315,527,2877,11,10,62,477,9,6,4009,1300,133,-160.326441874737,1,0.71763532052881,0.0161795334608063,39,253,0,2,0,18,21.6162995195758,1,0,0,0,0,0,0,0,0,0,,0,,,,,0,156.38,156.38
2023,REG,00-0039152,W.Levis,Will Levis,QB,QB,"https://static.www.nfl.com/image/upload/f_auto,q_auto/league/vr01ufscgtoagtuut9o4",9,TEN,149,255,1808,8,4,28,185,5,2,2688,746,81,-13.8864908396109,1,0.672619047619048,0.0395625269912618,25,57,1,2,2,7,-9.42832683457527,0,0,0,0,0,0,0,0,0,0,,0,,,,,0,102.02,102.02
2023,REG,00-0039163,C.Stroud,C.J. Stroud,QB,QB,"https://static.www.nfl.com/image/upload/f_auto,q_auto/league/fbk2eqpo54lawppgetjn",15,HOU,319,499,4108,23,5,38,331,6,3,4481,1762,188,64.8261726107086,0,0.916759651863423,0.0951744707901646,39,157,3,2,1,17,6.00449569134925,1,1,1,0,0,0,0,-1,1,0,-0.873243719805032,0,0.0,0.0232558139534884,-0.0038461538461538,0.0321914132379249,0,274.02,275.02
2023,REG,00-0039164,A.Richardson,Anthony Richardson,QB,QB,"https://static.www.nfl.com/image/upload/f_auto,q_auto/league/areyvihumylqo7y2ehk2",4,IND,50,84,577,3,1,7,29,1,0,676,297,31,4.58779128707211,2,0.853550295857988,0.0229827375212158,25,136,4,2,1,8,0.430104339262471,0,0,0,0,0,0,0,0,0,0,,0,,,,,0,72.68,72.68
2023,REG,00-0039165,Z.Charbonnet,Zach Charbonnet,RB,RB,"https://static.www.nfl.com/image/upload/f_auto,q_auto/league/eaaj5vbfmk08wvwelyqt",16,SEA,0,0,0,0,0,0,0,0,0,0,0,0,,0,,,108,462,1,0,0,32,-7.12166702465278,0,33,40,209,0,0,0,-41,248,7,-4.69321138452782,0,-5.09756097560976,0.0801603206412826,-0.0117782246480896,0.111995723708261,0,73.1,106.1
2023,POST,00-0026158,J.Flacco,Joe Flacco,QB,QB,"https://static.www.nfl.com/image/upload/f_auto,q_auto/league/yxvyoeojkif7tnfviamc",1,CLE,34,46,307,1,2,4,39,0,0,314,130,14,-17.7592921051546,0,0.977707006369427,0.0554586992649566,3,13,0,0,0,2,1.84003067220328,0,0,0,0,0,0,0,0,0,0,,0,,,,,0,13.58,13.58
2023,POST,00-0026498,M.Stafford,Matthew Stafford,QB,QB,"https://static.www.nfl.com/image/upload/f_auto,q_auto/league/xdlnnbapdbk8trxqlasu",1,LA,25,36,367,2,0,2,10,0,0,335,207,15,18.5760546744787,0,1.0955223880597,0.238550964462373,0,0,0,0,0,0,,0,0,0,0,0,0,0,0,0,0,,0,,,,,0,22.68,22.68
2023,POST,00-0027944,J.Jones,Julio Jones,WR,WR,"https://static.www.nfl.com/image/upload/f_auto,q_auto/league/omrddf2phtyztzx2nup1",1,PHI,0,0,0,0,0,0,0,0,0,0,0,0,,0,,,0,0,0,0,0,0,,0,3,3,22,0,1,0,22,0,1,1.30797763809096,0,1.0,0.09375,0.0866141732283465,0.201254921259843,0,2.2,5.2
2023,POST,00-0029892,K.Juszczyk,Kyle Juszczyk,FB,RB,"https://static.www.nfl.com/image/upload/f_auto,q_auto/league/mfhpygabawkeioplae7a",2,SF,0,0,0,0,0,0,0,0,0,0,0,0,,0,,,2,5,0,0,0,1,0.0373997752903961,0,4,5,64,0,0,0,45,23,4,4.37685258279089,0,1.42222222222222,0.0746268656716418,0.0761421319796954,0.165239790893249,0,6.9,10.9
2023,POST,00-0030068,M.Goodwin,Marquise Goodwin,WR,WR,"https://static.www.nfl.com/image/upload/f_auto,q_auto/league/cof5bbih1o9dtnonwmjp",1,CLE,0,0,0,0,0,0,0,0,0,0,0,0,,0,,,0,0,0,0,0,0,,0,0,1,0,0,0,0,13,0,0,-0.902222552802414,0,0.0,0.0232558139534884,0.0459363957597173,0.0670391979620347,0,0.0,0.0
2023,POST,00-0030431,R.Woods,Robert Woods,WR,WR,"https://static.www.nfl.com/image/upload/f_auto,q_auto/league/ydjg5fylwkf5aaxiul6v",2,HOU,0,0,0,0,0,0,0,0,0,0,0,0,,0,,,0,0,0,0,0,0,,0,2,6,17,0,0,0,42,5,1,-3.48831869222664,0,0.404761904761905,0.113207547169811,0.0990566037735849,0.239150943396226,0,1.7,3.7
2023,POST,00-0030506,T.Kelce,Travis Kelce,TE,TE,"https://static.www.nfl.com/image/upload/f_auto,q_auto/league/ilk4qbxxs6mt3v9zfvtg",4,KC,0,0,0,0,0,0,0,0,0,0,0,0,,0,,,1,5,0,0,0,1,0.458317911252379,0,32,37,355,3,0,0,243,158,19,29.618779395057,0,1.46090534979424,0.278195488721805,0.267032967032967,0.604216310005784,0,54.0,86.0
2023,POST,00-0030513,L.Murray,Latavius Murray,RB,RB,"https://static.www.nfl.com/image/private/f_auto,q_auto/league/zepm7ghltyeqydn0qxcg",2,BUF,0,0,0,0,0,0,0,0,0,0,0,0,,0,,,0,0,0,0,0,0,,0,5,6,40,0,0,0,4,35,1,-0.606983716042446,0,10.0,0.0895522388059701,0.0186915887850467,0.147412470358488,0,4.0,9.0
2023,POST,00-0031235,O.Beckham,Odell Beckham,WR,WR,"https://static.www.nfl.com/image/upload/f_auto,q_auto/league/ffmalg3wr7lwnsz59i7v",2,BAL,0,0,0,0,0,0,0,0,0,0,0,0,,0,,,0,0,0,0,0,0,,0,4,7,34,0,0,0,111,2,2,2.68850584240863,0,0.306306306306306,0.127272727272727,0.222,0.346309090909091,0,3.4,7.4
2023,POST,00-0031236,B.Cooks,Brandin Cooks,WR,WR,"https://static.www.nfl.com/image/upload/f_auto,q_auto/league/pjoksfxpbba4hevwpuop",1,DAL,0,0,0,0,0,0,0,0,0,0,0,0,,0,,,1,6,0,0,0,0,0.256692313938402,0,6,8,47,0,0,0,93,1,4,-1.05471986241173,0,0.505376344086022,0.137931034482759,0.189409368635438,0.339483109768945,0,5.3,11.3
2023,POST,00-0031376,J.McKinnon,Jerick McKinnon,RB,RB,"https://static.www.nfl.com/image/private/f_auto,q_auto/league/yezxe2j778cndbhkxwez",1,KC,0,0,0,0,0,0,0,0,0,0,0,0,,0,,,0,0,0,0,0,0,,0,2,2,15,0,0,0,1,14,1,0.31379594450118,0,15.0,0.0476190476190476,0.0038610038610038,0.0741312741312741,0,1.5,3.5
2023,POST,00-0031408,M.Evans,Mike Evans,WR,WR,"https://static.www.nfl.com/image/upload/f_auto,q_auto/league/vfsaie1uiokfczwv9p4d",2,TB,0,0,0,0,0,0,0,0,0,0,0,0,,0,,,0,0,0,0,0,0,,0,11,19,195,1,0,0,312,35,7,8.83663962474374,0,0.625,0.256756756756757,0.485225505443235,0.724792988945399,0,25.5,36.5
2023,POST,00-0031428,A.Robinson,Allen Robinson,WR,WR,"https://static.www.nfl.com/image/upload/f_auto,q_auto/league/fyukft9lraurbsq0laom",1,PIT,0,0,0,0,0,0,0,0,0,0,0,0,,0,,,0,0,0,0,0,0,,0,2,3,12,0,0,0,4,13,1,-1.30838893237524,0,3.0,0.0789473684210526,0.0141843971631206,0.128350130645763,0,1.2,3.2
2023,POST,00-0031544,A.Cooper,Amari Cooper,WR,WR,"https://static.www.nfl.com/image/upload/f_auto,q_auto/league/zmtzqznqui37unmo5xv9",1,CLE,0,0,0,0,0,0,0,0,0,0,0,0,,0,,,0,0,0,0,0,0,,0,4,5,59,0,0,0,66,7,4,3.89822841866408,0,0.893939393939394,0.116279069767442,0.23321554770318,0.337669488043389,0,5.9,9.9
2023,POST,00-0031549,N.Agholor,Nelson Agholor,WR,WR,"https://static.www.nfl.com/image/upload/f_auto,q_auto/league/wyxfkarcjgqdz3pl8nnr",2,BAL,0,0,0,0,0,0,0,0,0,0,0,0,,0,,,0,0,0,0,0,0,,0,3,7,51,1,0,0,80,23,2,0.53959151764866,0,0.6375,0.127272727272727,0.16,0.302909090909091,0,11.1,14.1
2023,POST,00-0031588,S.Diggs,Stefon Diggs,WR,WR,"https://static.www.nfl.com/image/upload/f_auto,q_auto/league/to2qwuffjnjlouctglsl",2,BUF,0,0,0,0,0,0,0,0,0,0,0,0,,0,,,1,7,0,0,0,1,0.6012130191084,0,10,17,73,0,1,0,144,57,5,0.325372288543379,0,0.506944444444445,0.253731343283582,0.352941176470588,0.627655838454785,0,8.0,18.0
2023,POST,00-0031687,R.Mostert,Raheem Mostert,RB,RB,"https://static.www.nfl.com/image/upload/f_auto,q_auto/league/ayii5q2am51xeipp1h8v",1,MIA,0,0,0,0,0,0,0,0,0,0,0,0,,0,,,8,33,0,0,0,2,-0.366631520504598,0,1,2,-3,0,0,0,-12,3,0,-2.52418974478496,0,0.25,0.0526315789473684,-0.0421052631578947,0.0494736842105263,0,3.0,4.0
2023,POST,00-0032128,C.Conley,Chris Conley,WR,WR,"https://static.www.nfl.com/image/upload/f_auto,q_auto/league/mr4h7vx02uwpr7xlfk6y",2,SF,0,0,0,0,0,0,0,0,0,0,0,0,,0,,,0,0,0,0,0,0,,0,2,2,35,0,0,0,34,1,2,3.67936285043834,0,1.02941176470588,0.0273972602739726,0.0585197934595525,0.0820597458326456,0,3.5,5.5
2023,POST,00-0032775,D.Robinson,Demarcus Robinson,WR,WR,"https://static.www.nfl.com/image/upload/f_auto,q_auto/league/lakf0xue1qqb7ed4p6ge",1,LA,0,0,0,0,0,0,0,0,0,0,0,0,,0,,,0,0,0,0,0,0,,0,3,6,44,0,0,0,126,2,3,1.73395618487848,0,0.349206349206349,0.176470588235294,0.39622641509434,0.542064372918979,0,4.4,7.4
2023,POST,00-0033040,T.Hill,Tyreek Hill,WR,WR,"https://static.www.nfl.com/image/upload/f_auto,q_auto/league/gdwjlpbkenmnsibawkht",1,MIA,0,0,0,0,0,0,0,0,0,0,0,0,,0,,,0,0,0,0,0,0,,0,5,8,62,1,0,0,83,31,1,-2.44433437823318,0,0.746987951807229,0.210526315789474,0.291228070175439,0.519649122807017,0,12.2,17.2
2023,POST,00-0033077,D.Prescott,Dak Prescott,QB,QB,"https://static.www.nfl.com/image/upload/f_auto,q_auto/league/xmtaggdnhuyl4pdwtv8j",1,DAL,41,60,403,3,2,4,16,0,0,522,151,25,-3.36960309366707,0,0.772030651340996,0.105469368480251,6,45,0,0,0,4,4.51546694472199,1,0,0,0,0,0,0,0,0,0,,0,,,,,0,30.62,30.62
2023,POST,00-0033106,J.Goff,Jared Goff,QB,QB,"https://static.www.nfl.com/image/upload/f_auto,q_auto/league/jxyaiwwkabzmmphouxil",3,DET,77,111,837,4,0,7,45,1,0,756,440,50,26.327620838117,0,1.10714285714286,0.134338385531706,9,3,0,0,0,1,-2.63871515356004,0,0,0,0,0,0,0,0,0,0,,0,,,,,0,49.78,49.78
2023,POST,00-0033110,T.Higbee,Tyler Higbee,TE,TE,"https://static.www.nfl.com/image/private/f_auto,q_auto/league/vk9c6lr4d1pdt9sr86ua",1,LA,0,0,0,0,0,0,0,0,0,0,0,0,,0,,,0,0,0,0,0,0,,0,0,1,0,0,0,0,10,0,0,-0.47049276670441,0,0.0,0.0294117647058824,0.0314465408805031,0.0661302256751757,0,0.0,0.0
2023,POST,00-0033280,C.McCaffrey,Christian McCaffrey,RB,RB,"https://static.www.nfl.com/image/upload/f_auto,q_auto/league/umiv5sn2xxrjdjwjtkqm",3,SF,0,0,0,0,0,0,0,0,0,0,0,0,,0,,,59,268,4,1,1,15,-2.33735728322063,0,19,25,152,1,0,0,38,142,5,1.3352043696753,0,4.0,0.242718446601942,0.0439306358381503,0.394829114989618,0,70.0,89.0
2023,POST,00-0033288,G.Kittle,George Kittle,TE,TE,"https://static.www.nfl.com/image/upload/f_auto,q_auto/league/ivkrikewqqdllzvano8h",3,SF,0,0,0,0,0,0,0,0,0,0,0,0,,0,,,0,0,0,0,0,0,,0,8,13,112,1,0,0,143,56,4,7.62936816934962,0,0.783216783216783,0.12621359223301,0.165317919075145,0.305042931702116,0,17.2,25.2
2023,POST,00-0033293,A.Jones,Aaron Jones,RB,RB,"https://static.www.nfl.com/image/upload/f_auto,q_auto/league/bktkfvgfwujkdbzkcfim",2,GB,0,0,0,0,0,0,0,0,0,0,0,0,,0,,,39,226,3,0,0,14,8.27034680190263,0,4,7,21,0,0,0,-9,26,1,-3.79125350457616,1,-2.33333333333333,0.12962962962963,-0.0211267605633803,0.179655712050078,0,44.7,48.7
2023,POST,00-0033455,A.Firkser,Anthony Firkser,TE,TE,"https://static.www.nfl.com/image/upload/f_auto,q_auto/league/rpbs9wsnuhu9tgipzwuv",1,DET,0,0,0,0,0,0,0,0,0,0,0,0,,0,,,0,0,0,0,0,0,,0,1,1,8,0,0,0,4,4,0,1.17163440826698,0,2.0,0.025,0.0107816711590297,0.0450471698113208,0,0.8,1.8
2023,POST,00-0033589,D.Moore,David Moore,WR,WR,"https://static.www.nfl.com/image/upload/f_auto,q_auto/league/i2esmsczxxoq7pzvg6yf",2,TB,0,0,0,0,0,0,0,0,0,0,0,0,,0,,,0,0,0,0,0,0,,0,3,4,77,1,0,0,47,42,3,7.22598168773669,0,1.63829787234043,0.0540540540540541,0.073094867807154,0.132247488546089,0,13.7,16.7
2023,POST,00-0033591,N.Brown,Noah Brown,WR,WR,"https://static.www.nfl.com/image/upload/f_auto,q_auto/league/nv6ix0p8965yiugsuhwh",1,HOU,0,0,0,0,0,0,0,0,0,0,0,0,,0,,,0,0,0,0,0,0,,0,0,1,0,0,0,0,17,0,0,-1.83332138112746,0,0.0,0.0454545454545455,0.0825242718446602,0.12594880847308,0,0.0,0.0
2023,POST,00-0033854,D.Ogunbowale,Dare Ogunbowale,RB,RB,"https://static.www.nfl.com/image/upload/f_auto,q_auto/league/kzthvzy64jesgizjthwx",1,HOU,0,0,0,0,0,0,0,0,0,0,0,0,,0,,,2,7,0,0,0,0,-1.36207668663701,0,1,1,13,0,0,0,5,8,0,-0.013762243790552,0,2.6,0.032258064516129,0.0229357798165138,0.0644421426457532,0,2.0,3.0
2023,POST,00-0033873,P.Mahomes,Patrick Mahomes,QB,QB,"https://static.www.nfl.com/image/upload/f_auto,q_auto/league/qrdbvu4iqy7wkqg8jq8d",4,KC,104,149,1051,6,1,5,19,1,0,973,536,53,35.9765903477055,0,1.08016443987667,0.199068456059383,23,141,0,1,0,9,9.1706165408541,0,0,0,0,0,0,0,0,0,0,,0,,,,,0,78.14,78.14
2023,POST,00-0033885,D.Njoku,David Njoku,TE,TE,"https://static.www.nfl.com/image/private/f_auto,q_auto/league/ilvxwdllivrvwbuj69cm",1,CLE,0,0,0,0,0,0,0,0,0,0,0,0,,0,,,0,0,0,0,0,0,,0,7,11,93,0,0,0,135,19,4,1.93443982617464,0,0.688888888888889,0.255813953488372,0.477031802120141,0.717643191716657,0,9.3,16.3
2023,POST,00-0033893,D.Cook,Dalvin Cook,RB,RB,"https://static.www.nfl.com/image/upload/f_auto,q_auto/league/uurolop9ktcloxqh4fid",1,BAL,0,0,0,0,0,0,0,0,0,0,0,0,,0,,,8,23,0,0,0,1,-1.45699672916259,0,0,0,0,0,0,0,0,0,0,,0,,,,,0,2.3,2.3
2023,POST,00-0033908,C.Kupp,Cooper Kupp,WR,WR,"https://static.www.nfl.com/image/upload/f_auto,q_auto/league/sq7zwzcgrajuk0hwwph2",1,LA,0,0,0,0,0,0,0,0,0,0,0,0,,0,,,0,0,0,0,0,0,,0,5,9,27,0,0,0,68,5,2,-1.17374770498275,0,0.397058823529412,0.264705882352941,0.213836477987421,0.546744358120607,0,2.7,7.7
2023,POST,00-0033921,C.Godwin,Chris Godwin,WR,WR,"https://static.www.nfl.com/image/upload/f_auto,q_auto/league/al7b3dzqhysgve7l5lke",2,TB,0,0,0,0,0,0,0,0,0,0,0,0,,0,,,0,0,0,0,0,0,,0,8,13,85,1,0,0,130,30,4,3.91046416705171,0,0.653846153846154,0.175675675675676,0.202177293934681,0.40503761926779,0,14.5,22.5
2023,POST,00-0033923,K.Hunt,Kareem Hunt,RB,RB,"https://static.www.nfl.com/image/upload/f_auto,q_auto/league/mm0t1ghvbpdhy6m5utcq",1,CLE,0,0,0,0,0,0,0,0,0,0,0,0,,0,,,8,26,1,0,0,2,-0.819917734654155,0,5,6,9,1,0,0,-9,19,1,-3.89380571997026,0,-1.0,0.13953488372093,-0.0318021201413428,0.187040841482455,0,15.5,20.5
2023,POST,00-0033943,J.Reynolds,Josh Reynolds,WR,WR,"https://static.www.nfl.com/image/upload/f_auto,q_auto/league/ifukozhqlo1728h3gjnp",3,DET,0,0,0,0,0,0,0,0,0,0,0,0,,0,,,0,0,0,0,0,0,,0,8,14,132,1,0,0,169,36,7,3.04247248009779,0,0.781065088757396,0.12962962962963,0.222368421052632,0.350102339181287,0,19.2,27.2
2023,POST,00-0034054,R.Cracraft,River Cracraft,WR,WR,"https://static.www.nfl.com/image/upload/f_auto,q_auto/league/y8t968ntco72t8f8ryba",1,MIA,0,0,0,0,0,0,0,0,0,0,0,0,,0,,,0,0,0,0,0,0,,0,2,3,33,0,0,0,30,14,2,1.39612414379371,0,1.1,0.0789473684210526,0.105263157894737,0.192105263157895,0,3.3,5.3
2023,POST,00-0034115,J.Wilson,Jeff Wilson,RB,RB,"https://static.www.nfl.com/image/private/f_auto,q_auto/league/zorqrtlrizlltgd6pnob",1,MIA,0,0,0,0,0,0,0,0,0,0,0,0,,0,,,0,0,0,0,0,0,,0,1,2,6,0,0,0,-1,9,0,-0.754996514646336,0,-6.0,0.0526315789473684,-0.0035087719298245,0.0764912280701754,0,0.6,1.6
2023,POST,00-0034171,J.Cabinda,Jason Cabinda,FB,RB,"https://static.www.nfl.com/image/private/f_auto,q_auto/league/nvi4viyciscnso8qgbtn",1,DET,0,0,0,0,0,0,0,0,0,0,0,0,,0,,,0,0,0,0,0,0,,0,1,1,0,0,0,0,-3,3,0,-0.819128350587562,0,0.0,0.0238095238095238,-0.0119521912350598,0.0273477518497439,0,0.0,1.0
2023,POST,00-0034184,G.Edwards,Gus Edwards,RB,RB,"https://static.www.nfl.com/image/upload/f_auto,q_auto/league/dyobqe3w5eypevsk3f2b",2,BAL,0,0,0,0,0,0,0,0,0,0,0,0,,0,,,13,60,0,0,0,4,1.41983407351654,0,2,3,15,0,0,0,7,15,1,-0.572353684110567,0,2.14285714285714,0.0545454545454545,0.014,0.0916181818181818,0,7.5,9.5
2023,POST,00-0034272,M.Valdes-Scantling,Marquez Valdes-Scantling,WR,WR,"https://static.www.nfl.com/image/upload/f_auto,q_auto/league/vn2bg6lhyl15xrymtd5g",4,KC,0,0,0,0,0,0,0,0,0,0,0,0,,0,,,0,0,0,0,0,0,,0,8,13,128,1,0,0,237,7,5,5.18459149793537,0,0.540084388185654,0.0977443609022556,0.26043956043956,0.328924233661076,0,18.8,26.8
2023,POST,00-0034286,R.James,Richie James,WR,WR,"https://static.www.nfl.com/image/private/f_auto,q_auto/league/qusoivtzbud2wl0spptz",3,KC,0,0,0,0,0,0,0,0,0,0,0,0,,0,,,0,0,0,0,0,0,,0,1,4,6,0,0,0,19,0,1,-1.62536066619214,0,0.315789473684211,0.0357142857142857,0.0253333333333333,0.0713047619047619,0,0.6,1.6
2023,POST,00-0034351,D.Goedert,Dallas Goedert,TE,TE,"https://static.www.nfl.com/image/upload/f_auto,q_auto/league/wfj54vhw1zxwwb3vdi61",1,PHI,0,0,0,0,0,0,0,0,0,0,0,0,,0,,,0,0,0,0,0,0,,0,4,6,21,1,0,0,37,7,1,-1.68857113781269,0,0.567567567567568,0.1875,0.145669291338583,0.383218503937008,0,8.1,12.1
2023,POST,00-0034383,D.Schultz,Dalton Schultz,TE,TE,"https://static.www.nfl.com/image/upload/f_auto,q_auto/league/ooatvpu1knzypdmjljo9",2,HOU,0,0,0,0,0,0,0,0,0,0,0,0,,0,,,0,0,0,0,0,0,,0,6,9,80,1,0,0,128,4,3,3.23232313682092,0,0.625,0.169811320754717,0.30188679245283,0.466037735849057,0,14.0,20.0
2023,POST,00-0034386,J.Watson,Justin Watson,WR,WR,"https://static.www.nfl.com/image/private/f_auto,q_auto/league/vr9tayyujt23takv3hv3",4,KC,0,0,0,0,0,0,0,0,0,0,0,0,,0,,,0,0,0,0,0,0,,0,6,10,90,0,0,0,132,24,4,4.113228139344,0,0.681818181818182,0.075187969924812,0.145054945054945,0.21432041642568,0,9.0,15.0
2023,POST,00-0034407,R.McCloud,Ray-Ray McCloud,WR,WR,"https://static.www.nfl.com/image/upload/f_auto,q_auto/league/nvwn3sdihyyd2itjt7vy",2,SF,0,0,0,0,0,0,0,0,0,0,0,0,,0,,,0,0,0,0,0,0,,0,2,3,26,0,0,0,48,1,1,-0.0462929195491597,0,0.541666666666667,0.0410958904109589,0.0826161790017212,0.119475160917643,0,2.6,4.6
2023,POST,00-0034418,C.Wilson,Cedrick Wilson Jr.,WR,WR,"https://static.www.nfl.com/image/upload/f_auto,q_auto/league/vuolr6nwwbrwwc5ldt7f",1,MIA,0,0,0,0,0,0,0,0,0,0,0,0,,0,,,0,0,0,0,0,0,,0,3,7,37,0,0,0,86,4,2,0.943773280596361,0,0.430232558139535,0.184210526315789,0.301754385964912,0.487543859649123,0,3.7,6.7
2023,POST,00-0034419,B.Berrios,Braxton Berrios,WR,WR,"https://static.www.nfl.com/image/upload/f_auto,q_auto/league/yvzkjvb0ieeszxribqc9",1,MIA,0,0,0,0,0,0,0,0,0,0,0,0,,0,,,0,0,0,0,0,0,,0,0,1,0,0,0,0,15,0,0,-1.07413911819458,0,0.0,0.0263157894736842,0.0526315789473684,0.0763157894736842,0,0.0,0.0
2023,POST,00-0034487,T.Sherfield,Trent Sherfield,WR,WR,"https://static.www.nfl.com/image/upload/f_auto,q_auto/league/esdvav44ezzmwbwe1rju",1,BUF,0,0,0,0,0,0,0,0,0,0,0,0,,0,,,0,0,0,0,0,0,,0,1,3,7,0,0,0,81,4,1,-0.607131367898546,0,0.0864197530864198,0.0810810810810811,0.378504672897196,0.386574892649659,0,0.7,1.7
2023,POST,00-0034681,C.Edmonds,Chase Edmonds,RB,RB,"https://static.www.nfl.com/image/upload/f_auto,q_auto/league/nbnqxhjafvg2vg6lc2ls",2,TB,0,0,0,0,0,0,0,0,0,0,0,0,,0,,,11,31,0,0,0,1,-3.45403971479249,0,3,4,26,0,0,0,-13,32,1,1.21879088680726,0,-2.0,0.0540540540540541,-0.0202177293934681,0.0669286705056534,0,5.7,8.7
2023,POST,00-0034753,M.Andrews,Mark Andrews,TE,TE,"https://static.www.nfl.com/image/upload/f_auto,q_auto/league/y5maejm3puruskwc344y",1,BAL,0,0,0,0,0,0,0,0,0,0,0,0,,0,,,0,0,0,0,0,0,,0,2,2,15,0,0,0,15,0,0,0.759886206360534,0,1.0,0.0588235294117647,0.0449101796407186,0.11967241986615,0,1.5,3.5
2023,POST,00-0034764,M.Gallup,Michael Gallup,WR,WR,"https://static.www.nfl.com/image/private/f_auto,q_auto/league/tt9xpcg4x2z3osc1fcq6",1,DAL,0,0,0,0,0,0,0,0,0,0,0,0,,0,,,0,0,0,0,0,0,,0,6,6,103,0,0,0,66,37,4,6.12355017813388,0,1.56060606060606,0.103448275862069,0.134419551934827,0.249266100147482,0,10.3,16.3
2023,POST,00-0034771,M.Rudolph,Mason Rudolph,QB,QB,"https://static.www.nfl.com/image/upload/f_auto,q_auto/league/pn938e0z2fobxmzfxmlh",1,PIT,22,39,229,2,1,1,11,0,0,282,99,14,-1.14098758349,0,0.812056737588653,0.0267575022500869,2,16,0,0,0,2,-0.841692232526839,0,0,0,0,0,0,0,0,0,0,,0,,,,,0,16.76,16.76
2023,POST,00-0034796,L.Jackson,Lamar Jackson,QB,QB,"https://static.www.nfl.com/image/upload/f_auto,q_auto/league/cruqs6qpbykh7a2whd7p",2,BAL,36,59,424,3,1,7,46,1,1,510,171,21,-1.13168490365841,0,0.831372549019608,0.11004398167949,19,154,2,0,0,9,15.2732420658576,0,1,1,13,0,0,0,-1,14,1,1.15970350394491,0,0.0,0.0294117647058824,-0.0029940119760479,0.04202183867559,0,53.66,54.66
2023,POST,00-0034798,D.Smythe,Durham Smythe,TE,TE,"https://static.www.nfl.com/image/upload/f_auto,q_auto/league/twxkgrnpjotgyhwawfsv",1,MIA,0,0,0,0,0,0,0,0,0,0,0,0,,0,,,0,0,0,0,0,0,,0,3,4,12,0,0,0,8,3,0,-3.61114993243245,0,1.5,0.105263157894737,0.0280701754385965,0.177543859649123,0,1.2,4.2
2023,POST,00-0034855,B.Mayfield,Baker Mayfield,QB,QB,"https://static.www.nfl.com/image/upload/f_auto,q_auto/league/xrbgtbyy8a7l0ux13hjy",2,TB,48,77,686,6,2,8,60,0,0,649,345,31,16.3344235904747,0,1.05701078582435,0.0944926199123116,4,31,0,0,0,2,1.97244081756799,0,0,0,0,0,0,0,0,0,0,,0,,,,,0,50.54,50.54
2023,POST,00-0034857,J.Allen,Josh Allen,QB,QB,"https://static.www.nfl.com/image/upload/f_auto,q_auto/league/lq4ezafbszwwt2qsvhqv",2,BUF,47,69,389,4,0,2,14,0,0,437,282,23,9.46695031805863,0,0.890160183066362,0.153223817165249,20,146,3,1,0,9,17.0153905055195,0,0,0,0,0,0,0,0,0,0,,0,,,,,0,64.16,64.16
2023,POST,00-0034928,S.Sims,Steven Sims,WR,WR,"https://static.www.nfl.com/image/upload/f_auto,q_auto/league/rsehft6639kzvqezebqf",1,HOU,0,0,0,0,0,0,0,0,0,0,0,0,,0,,,0,0,0,0,0,0,,0,0,0,0,0,0,0,0,0,0,,0,,,,,1,6.0,6.0
2023,POST,00-0034959,A.Beck,Andrew Beck,FB,RB,"https://static.www.nfl.com/image/upload/f_auto,q_auto/league/rsfn0gxxiu1cx6woxd38",1,HOU,0,0,0,0,0,0,0,0,0,0,0,0,,0,,,0,0,0,0,0,0,,0,0,1,0,0,0,0,-4,0,0,-0.393070996622555,0,0.0,0.0454545454545455,-0.0194174757281553,0.0545895851721094,0,0.0,0.0
2023,POST,00-0034975,J.Hill,Justice Hill,RB,RB,"https://static.www.nfl.com/image/upload/f_auto,q_auto/league/jeeq17ah67zxc6vdamhk",2,BAL,0,0,0,0,0,0,0,0,0,0,0,0,,0,,,16,69,0,0,0,3,-1.45632633904461,0,6,9,45,0,0,0,-5,41,4,2.54521731979912,0,-9.0,0.163636363636364,-0.0149700598802395,0.234975503538378,0,11.4,17.4
2023,POST,00-0035140,M.Hardman,Mecole Hardman,WR,WR,"https://static.www.nfl.com/image/upload/f_auto,q_auto/league/cfbjutuygqg7imy0qwpt",3,KC,0,0,0,0,0,0,0,0,0,0,0,0,,0,,,2,-5,0,1,0,0,-3.78254886559444,0,5,7,62,1,1,0,107,16,2,-4.65872589430741,0,0.579439252336449,0.0721649484536082,0.15351506456241,0.2157079678741,0,11.7,16.7
2023,POST,00-0035208,O.Zaccheaus,Olamide Zaccheaus,WR,WR,"https://static.www.nfl.com/image/upload/f_auto,q_auto/league/hcmdnfgnnvcp0qbktpxd",1,PHI,0,0,0,0,0,0,0,0,0,0,0,0,,0,,,0,0,0,0,0,0,,0,1,1,5,0,0,0,5,0,0,-0.223590387031436,0,1.0,0.03125,0.0196850393700787,0.0606545275590551,0,0.5,1.5
2023,POST,00-0035215,D.Harty,Deonte Harty,WR,WR,"https://static.www.nfl.com/image/upload/f_auto,q_auto/league/fh7rbtvohdkaacqaxqke",2,BUF,0,0,0,0,0,0,0,0,0,0,0,0,,0,,,0,0,0,0,0,0,,0,2,2,37,0,0,0,9,28,1,1.70474468509201,0,4.11111111111111,0.0298507462686567,0.0220588235294118,0.0602172958735733,0,3.7,5.7
2023,POST,00-0035216,D.Johnson,Diontae Johnson,WR,WR,"https://static.www.nfl.com/image/upload/f_auto,q_auto/league/rjtil6ilydmwoy0btlt7",1,PIT,0,0,0,0,0,0,0,0,0,0,0,0,,0,,,0,0,0,0,0,0,,0,4,7,48,1,0,0,75,18,4,-0.512541251024231,0,0.64,0.184210526315789,0.265957446808511,0.462486002239642,0,10.8,14.8
2023,POST,00-0035250,D.Singletary,Devin Singletary,RB,RB,"https://static.www.nfl.com/image/upload/f_auto,q_auto/league/wz8mp8xb5bdspcxosreh",2,HOU,0,0,0,0,0,0,0,0,0,0,0,0,,0,,,22,88,1,0,0,4,-4.66722046525683,0,8,9,52,0,0,0,26,42,2,1.65565712784883,0,2.0,0.169811320754717,0.0613207547169811,0.297641509433962,0,20.0,28.0
2023,POST,00-0035261,T.Pollard,Tony Pollard,RB,RB,"https://static.www.nfl.com/image/upload/f_auto,q_auto/league/koxn5qhfnsgvnqfqfmpp",1,DAL,0,0,0,0,0,0,0,0,0,0,0,0,,0,,,15,56,1,0,0,4,2.04051184168202,0,7,9,29,0,0,0,14,33,1,-1.8671629812452,0,2.07142857142857,0.155172413793103,0.0285132382892057,0.252717887492099,0,14.5,21.5
2023,POST,00-0035527,A.Isabella,Andy Isabella,WR,WR,"https://static.www.nfl.com/image/upload/f_auto,q_auto/league/qpqphhsofn96dvojfsx1",1,BUF,0,0,0,0,0,0,0,0,0,0,0,0,,0,,,0,0,0,0,0,0,,0,0,1,0,0,0,0,-6,0,0,-0.428989585954696,0,0.0,0.0333333333333333,-0.0309278350515464,0.0283505154639175,0,0.0,0.0
2023,POST,00-0035537,T.Johnson,Ty Johnson,RB,RB,"https://static.www.nfl.com/image/upload/f_auto,q_auto/league/zdedn4xqr2jy6mddh5pb",2,BUF,0,0,0,0,0,0,0,0,0,0,0,0,,0,,,15,66,0,0,0,6,0.859771561655753,0,1,3,14,0,0,0,24,11,1,-0.461772378534079,0,0.583333333333333,0.0447761194029851,0.0588235294117647,0.108340649692713,0,8.0,9.0
2023,POST,00-0035567,C.Reynolds,Craig Reynolds,RB,RB,"https://static.www.nfl.com/image/upload/f_auto,q_auto/league/kfohmdfiai96uqcl7c03",1,DET,0,0,0,0,0,0,0,0,0,0,0,0,,0,,,1,1,1,0,0,1,2.02822462900076,0,0,0,0,0,0,0,0,0,0,,0,,,,,0,6.1,6.1
2023,POST,00-0035685,D.Montgomery,David Montgomery,RB,RB,"https://static.www.nfl.com/image/upload/f_auto,q_auto/league/nwdb4paueb1x4gv7tlb9",3,DET,0,0,0,0,0,0,0,0,0,0,0,0,,0,,,39,183,2,0,0,11,0.800619381225543,0,6,7,45,0,0,0,7,35,4,2.74300622340525,0,6.42857142857143,0.0648148148148148,0.0112540192926045,0.105100035727045,0,34.8,40.8
2023,POST,00-0035689,D.Knox,Dawson Knox,TE,TE,"https://static.www.nfl.com/image/upload/f_auto,q_auto/league/uazfj5l5vzow2oyfa1s6",2,BUF,0,0,0,0,0,0,0,0,0,0,0,0,,0,,,0,0,0,0,0,0,,0,2,3,13,1,0,0,18,5,2,2.26237618783489,0,0.722222222222222,0.0447761194029851,0.0441176470588235,0.0980465320456541,0,7.3,9.3
2023,POST,00-0035719,D.Samuel,Deebo Samuel Sr.,WR,WR,"https://static.www.nfl.com/image/upload/f_auto,q_auto/league/shqoqpjwwoiexzy6cmgb",3,SF,0,0,0,0,0,0,0,0,0,0,0,0,,0,,,6,15,0,0,0,1,-1.42876268475084,0,13,22,146,0,0,0,164,114,6,-0.732128141069641,0,0.890243902439024,0.213592233009709,0.189595375722543,0.453105112520343,0,16.1,29.1
2023,POST,00-0035973,P.Taylor,Patrick Taylor,RB,RB,"https://static.www.nfl.com/image/upload/f_auto,q_auto/league/nd1utxii5exwfoujq5a4",1,GB,0,0,0,0,0,0,0,0,0,0,0,0,,0,,,3,6,0,0,0,0,-1.84666564362124,0,0,0,0,0,0,0,0,0,0,,0,,,,,0,0.6,0.6
2023,POST,00-0036139,R.Dowdle,Rico Dowdle,RB,RB,"https://static.www.nfl.com/image/upload/f_auto,q_auto/league/fe8ge4f6vvtyihou5czu",1,DAL,0,0,0,0,0,0,0,0,0,0,0,0,,0,,,2,11,0,0,0,0,-0.134470759076066,1,2,3,14,0,0,0,13,13,2,1.46188622480258,0,1.07692307692308,0.0517241379310345,0.0264765784114053,0.0961198117845354,0,4.5,6.5
2023,POST,00-0036212,T.Tagovailoa,Tua Tagovailoa,QB,QB,"https://static.www.nfl.com/image/upload/f_auto,q_auto/league/xzdbwt2ezmxk3pjcsr1n",1,MIA,20,39,199,1,1,2,11,0,0,289,90,8,-13.9448259118362,0,0.688581314878893,-0.0594797366907961,3,25,0,0,0,2,1.61291984841228,0,0,0,0,0,0,0,0,0,0,,0,,,,,0,12.46,12.46
2023,POST,00-0036232,H.Bryant,Harrison Bryant,TE,TE,"https://static.www.nfl.com/image/upload/f_auto,q_auto/league/jjarmcwkadvr7tynkpuj",1,CLE,0,0,0,0,0,0,0,0,0,0,0,0,,0,,,0,0,0,0,0,0,,0,4,6,65,0,0,0,46,36,2,-2.25134114478715,0,1.41304347826087,0.13953488372093,0.162544169611307,0.323083244309311,0,6.5,10.5
2023,POST,00-0036259,J.Jennings,Jauan Jennings,WR,WR,"https://static.www.nfl.com/image/upload/f_auto,q_auto/league/fqyzagb57zrtegmw69eb",3,SF,1,1,21,1,0,0,0,0,0,-5,26,1,2.94651336665265,0,0.0,,1,-1,0,0,0,0,-1.08077984396368,0,10,13,111,1,0,0,112,39,8,7.63021409375807,0,0.991071428571429,0.12621359223301,0.129479768786127,0.279956226499804,0,21.84,31.84
2023,POST,00-0036261,B.Aiyuk,Brandon Aiyuk,WR,WR,"https://static.www.nfl.com/image/upload/f_auto,q_auto/league/qnfyhqxbppevv28hd3rx",3,SF,0,0,0,0,0,0,0,0,0,0,0,0,,0,,,0,0,0,0,0,0,,0,9,20,149,1,0,0,281,27,9,8.2923065883806,0,0.530249110320285,0.194174757281553,0.32485549132948,0.518660979852966,0,20.9,29.9
2023,POST,00-0036264,J.Love,Jordan Love,QB,QB,"https://static.www.nfl.com/image/upload/f_auto,q_auto/league/a8xqle2vmsnumawdhswb",2,GB,37,55,466,5,2,0,0,0,0,424,202,21,22.7522546228671,1,1.09905660377359,0.20855658636152,6,2,0,1,0,1,-5.05443158809794,0,0,0,0,0,0,0,0,0,0,,0,,,,,0,36.84,36.84
2023,POST,00-0036271,Q.Watkins,Quez Watkins,WR,WR,"https://static.www.nfl.com/image/upload/f_auto,q_auto/league/oag0nknq48jo1qcon7k4",1,PHI,0,0,0,0,0,0,0,0,0,0,0,0,,0,,,0,0,0,0,0,0,,0,3,4,12,0,0,0,25,15,0,-1.29365793883335,0,0.48,0.125,0.0984251968503937,0.256397637795276,0,1.2,4.2
2023,POST,00-0036275,D.Swift,D'Andre Swift,RB,RB,"https://static.www.nfl.com/image/upload/f_auto,q_auto/league/xlqznrxbapcjhxxazkbx",1,PHI,0,0,0,0,0,0,0,0,0,0,0,0,,0,,,10,34,0,0,0,2,-2.41460538422689,0,4,4,32,0,0,0,6,26,1,0.723346580169164,0,5.33333333333333,0.125,0.0236220472440945,0.204035433070866,0,6.6,10.6
2023,POST,00-0036358,C.Lamb,CeeDee Lamb,WR,WR,"https://static.www.nfl.com/image/upload/f_auto,q_auto/league/tfuj9njqdw2dovkwhryc",1,DAL,0,0,0,0,0,0,0,0,0,0,0,0,,0,,,1,5,0,0,0,0,-0.323081082198769,0,9,17,110,0,0,0,204,35,7,-6.36652562319068,0,0.53921568627451,0.293103448275862,0.415478615071283,0.730490202963691,0,11.5,20.5
2023,POST,00-0036360,C.Edwards-Helaire,Clyde Edwards-Helaire,RB,RB,"https://static.www.nfl.com/image/upload/f_auto,q_auto/league/lgwe3vcpwh3db31b2obg",4,KC,0,0,0,0,0,0,0,0,0,0,0,0,,0,,,11,53,0,1,1,3,-2.83134565543151,0,4,4,7,0,0,0,-12,19,1,-0.611295874929056,0,-0.583333333333333,0.043956043956044,-0.0184331797235023,0.0530308401276143,0,4.0,8.0
2023,POST,00-0036389,J.Hurts,Jalen Hurts,QB,QB,"https://static.www.nfl.com/image/upload/f_auto,q_auto/league/k2p5yb4qmqwoo3qcapgt",1,PHI,25,35,250,1,0,3,16,0,0,275,102,9,-3.09559066947857,0,0.909090909090909,0.0796212196615591,1,5,0,0,0,0,-0.0964894576463848,0,0,0,0,0,0,0,0,0,0,,0,,,,,0,14.5,14.5
2023,POST,00-0036550,R.Bateman,Rashod Bateman,WR,WR,"https://static.www.nfl.com/image/upload/f_auto,q_auto/league/jkcapzvd65fxivefjv8l",2,BAL,0,0,0,0,0,0,0,0,0,0,0,0,,0,,,0,0,0,0,0,0,,0,4,6,41,0,0,0,90,5,2,0.224693868836743,0,0.455555555555556,0.109090909090909,0.18,0.289636363636364,0,4.1,8.1
2023,POST,00-0036554,N.Collins,Nico Collins,WR,WR,"https://static.www.nfl.com/image/upload/f_auto,q_auto/league/q7c9aq8rpremfygslmya",2,HOU,0,0,0,0,0,0,0,0,0,0,0,0,,0,,,1,4,0,0,0,0,-0.114803136733826,0,11,17,164,1,0,0,184,92,9,7.60529179928526,0,0.891304347826087,0.320754716981132,0.433962264150943,0.784905660377359,0,22.8,33.8
2023,POST,00-0036556,B.Jordan,Brevin Jordan,TE,TE,"https://static.www.nfl.com/image/upload/f_auto,q_auto/league/sw6kge0me7ei8opbvfjq",2,HOU,0,0,0,0,0,0,0,0,0,0,0,0,,0,,,0,0,0,0,0,0,,0,1,2,76,1,0,0,6,72,1,5.08747820020653,0,12.6666666666667,0.0377358490566038,0.0141509433962264,0.0665094339622642,0,13.6,14.6
2023,POST,00-0036567,E.Mitchell,Elijah Mitchell,RB,RB,"https://static.www.nfl.com/image/upload/f_auto,q_auto/league/ecpkun66fbkxptrnmdcw",2,SF,0,0,0,0,0,0,0,0,0,0,0,0,,0,,,6,15,1,0,0,1,0.30551038502017,0,0,0,0,0,0,0,0,0,0,,0,,,,,0,7.5,7.5
2023,POST,00-0036613,J.Waddle,Jaylen Waddle,WR,WR,"https://static.www.nfl.com/image/private/f_auto,q_auto/league/qjsz2h6shbdnksctzeka",1,MIA,0,0,0,0,0,0,0,0,0,0,0,0,,0,,,1,9,0,0,0,0,0.760241899639368,0,2,5,31,0,0,0,86,0,2,-0.979017479927279,0,0.36046511627907,0.131578947368421,0.301754385964912,0.40859649122807,0,4.0,6.0
2023,POST,00-0036637,N.Gray,Noah Gray,TE,TE,"https://static.www.nfl.com/image/upload/f_auto,q_auto/league/erihh0eiq4m76k2ejvax",4,KC,0,0,0,0,0,0,0,0,0,0,0,0,,0,,,0,0,0,0,0,0,,0,8,11,66,0,0,0,73,28,3,-0.389573396765627,0,0.904109589041096,0.0827067669172932,0.0802197802197802,0.180213996529786,0,6.6,14.6
2023,POST,00-0036754,B.Wright,Brock Wright,TE,TE,"https://static.www.nfl.com/image/upload/f_auto,q_auto/league/irowew9hgqaa9vcd8fri",1,DET,0,0,0,0,0,0,0,0,0,0,0,0,,0,,,0,0,0,0,0,0,,0,1,1,29,0,0,0,2,27,1,2.2748972872505,0,14.5,0.0238095238095238,0.0079681274900398,0.0412919749573136,0,2.9,3.9
2023,POST,00-0036849,T.Atwell,Tutu Atwell,WR,WR,"https://static.www.nfl.com/image/upload/f_auto,q_auto/league/hpvbp9pn7ifbh62nde0n",1,LA,0,0,0,0,0,0,0,0,0,0,0,0,,0,,,0,0,0,0,0,0,,0,1,1,38,1,0,0,16,22,1,3.59008170856396,0,2.375,0.0294117647058824,0.050314465408805,0.0793377728449871,0,9.8,10.8
2023,POST,00-0036862,B.Skowronek,Ben Skowronek,WR,WR,"https://static.www.nfl.com/image/upload/f_auto,q_auto/league/piiqiz29g3jukdwkihw3",1,LA,0,0,0,0,0,0,0,0,0,0,0,0,,0,,,0,0,0,0,0,0,,0,1,1,5,0,0,0,4,1,0,-0.202467282710131,0,1.25,0.0294117647058824,0.0125786163522013,0.0529226785053644,0,0.5,1.5
2023,POST,00-0036888,D.Hamlin,Damar Hamlin,SS,DB,"https://static.www.nfl.com/image/upload/f_auto,q_auto/league/cwvlj0eutfveomf4zica",1,BUF,0,0,0,0,0,0,0,0,0,0,0,0,,0,,,1,2,0,0,0,0,-2.69717279623728,0,0,0,0,0,0,0,0,0,0,,0,,,,,0,0.2,0.2
2023,POST,00-0036893,N.Harris,Najee Harris,RB,RB,"https://static.www.nfl.com/image/upload/f_auto,q_auto/league/pdyv1dfyb1w0tmvnkp3v",1,PIT,0,0,0,0,0,0,0,0,0,0,0,0,,0,,,12,37,0,0,0,1,-2.72279348352458,0,2,3,15,0,0,0,8,10,1,-0.0907131735584699,0,1.875,0.0789473684210526,0.0283687943262411,0.138279208659948,0,5.2,7.2
2023,POST,00-0036894,P.Freiermuth,Pat Freiermuth,TE,TE,"https://static.www.nfl.com/image/upload/f_auto,q_auto/league/sozfjyy3bmntjv8tmqah",1,PIT,0,0,0,0,0,0,0,0,0,0,0,0,,0,,,0,0,0,0,0,0,,0,5,8,76,0,1,0,64,34,3,2.8319875849993,0,1.1875,0.210526315789474,0.226950354609929,0.474654721911161,0,7.6,12.6
2023,POST,00-0036898,D.Mills,Davis Mills,QB,QB,"https://static.www.nfl.com/image/upload/f_auto,q_auto/league/ednftvn7qywdim05j7u5",1,HOU,1,1,6,0,0,0,0,0,0,0,6,0,-1.182842053473,0,0.0,,3,-4,0,0,0,0,0.0,0,0,0,0,0,0,0,0,0,0,,0,,,,,0,-0.16,-0.16
2023,POST,00-0036912,D.Smith,DeVonta Smith,WR,WR,"https://static.www.nfl.com/image/upload/f_auto,q_auto/league/bmdflwy52nsk7zpnfhwb",1,PHI,0,0,0,0,0,0,0,0,0,0,0,0,,0,,,0,0,0,0,0,0,,0,8,12,148,0,0,0,160,43,6,4.22584990450689,0,0.925,0.375,0.62992125984252,1.00344488188976,0,14.8,22.8
2023,POST,00-0036919,K.Gainwell,Kenneth Gainwell,RB,RB,"https://static.www.nfl.com/image/upload/f_auto,q_auto/league/prer0j0tkzsdva1yrd0i",1,PHI,0,0,0,0,0,0,0,0,0,0,0,0,,0,,,4,3,0,0,0,1,-2.47016224905383,0,2,2,10,0,0,0,-1,11,0,-0.943004096974619,0,-10.0,0.0625,-0.0039370078740157,0.090994094488189,0,1.3,3.3
2023,POST,00-0036963,A.St. Brown,Amon-Ra St. Brown,WR,WR,"https://static.www.nfl.com/image/upload/f_auto,q_auto/league/jmfuamqblg8jag0stpnq",3,DET,0,0,0,0,0,0,0,0,0,0,0,0,,0,,,1,2,0,0,0,0,-0.998218129971065,0,22,34,274,1,0,0,250,123,18,13.5918866522261,0,1.096,0.314814814814815,0.328947368421053,0.702485380116959,0,33.6,55.6
2023,POST,00-0036980,E.Moore,Elijah Moore,WR,WR,"https://static.www.nfl.com/image/private/f_auto,q_auto/league/bhwvzckfhhcqhb7zdqyj",1,CLE,0,0,0,0,0,0,0,0,0,0,0,0,,0,,,0,0,0,0,0,0,,0,2,2,12,0,0,0,3,9,0,0.0572627130895853,0,4.0,0.0465116279069768,0.0106007067137809,0.0771879365601118,0,1.2,3.2
2023,POST,00-0037091,B.Melton,Bo Melton,WR,WR,"https://static.www.nfl.com/image/upload/f_auto,q_auto/league/bhmhwurwugjmymgjforf",2,GB,0,0,0,0,0,0,0,0,0,0,0,0,,0,,,0,0,0,0,0,0,,0,2,3,26,1,0,0,66,1,1,2.18834565422731,0,0.393939393939394,0.0555555555555556,0.154929577464789,0.191784037558685,0,8.6,10.6
2023,POST,00-0037197,I.Pacheco,Isiah Pacheco,RB,RB,"https://static.www.nfl.com/image/private/f_auto,q_auto/league/rzr8nxjunjeiv8bjir59",4,KC,0,0,0,0,0,0,0,0,0,0,0,0,,0,,,81,313,3,2,1,15,-20.7569068982266,0,12,12,60,0,0,0,-15,75,2,0.254139201861108,0,-4.0,0.0902255639097744,-0.0164835164835165,0.1237998843262,0,53.3,65.3
2023,POST,00-0037228,J.Warren,Jaylen Warren,RB,RB,"https://static.www.nfl.com/image/upload/f_auto,q_auto/league/aaw4yacm6azisxqy273i",1,PIT,0,0,0,0,0,0,0,0,0,0,0,0,,0,,,8,38,0,0,0,2,-0.333655427442864,0,2,2,16,0,0,0,-5,21,1,0.64985698601231,0,-3.2,0.0526315789473684,-0.0177304964539007,0.0665360209033221,0,5.4,7.4
2023,POST,00-0037240,J.Williams,Jameson Williams,WR,WR,"https://static.www.nfl.com/image/upload/f_auto,q_auto/league/kt6xzcnjbe9affdfsayt",3,DET,0,0,0,0,0,0,0,0,0,0,0,0,,0,,,1,42,1,0,0,1,3.95337674417533,0,6,9,79,1,0,0,157,4,5,7.72172663436504,0,0.503184713375796,0.0833333333333333,0.206578947368421,0.269605263157895,0,24.1,30.1
2023,POST,00-0037247,G.Pickens,George Pickens,WR,WR,"https://static.www.nfl.com/image/upload/f_auto,q_auto/league/klxzcb6p7ekngcognpiy",1,PIT,0,0,0,0,0,0,0,0,0,0,0,0,,0,,,1,15,0,0,0,1,0.920535215409473,0,5,11,50,0,1,1,120,2,3,-7.12323695822423,0,0.416666666666667,0.289473684210526,0.425531914893617,0.732082866741321,0,4.5,9.5
2023,POST,00-0037248,J.Cook,James Cook,RB,RB,"https://static.www.nfl.com/image/upload/f_auto,q_auto/league/bzdvrarxum9zate4te4b",2,BUF,0,0,0,0,0,0,0,0,0,0,0,0,,0,,,36,140,0,0,0,9,-1.48571781744249,0,8,9,26,0,0,0,-18,46,1,-2.89471421408234,0,-1.44444444444444,0.134328358208955,-0.0441176470588235,0.170610184372256,0,16.6,24.6
2023,POST,00-0037256,R.White,Rachaad White,RB,RB,"https://static.www.nfl.com/image/upload/f_auto,q_auto/league/przphhlw0zga7b45qlyb",2,TB,0,0,0,0,0,0,0,0,0,0,0,0,,0,,,27,127,0,0,0,9,0.254174180794507,0,5,8,39,1,0,0,6,48,3,3.46994885196909,0,6.5,0.108108108108108,0.0093312597200622,0.168694043966206,0,22.6,27.6
2023,POST,00-0037257,D.Bell,David Bell,WR,WR,"https://static.www.nfl.com/image/private/f_auto,q_auto/league/otv2kkn3lxonp9z43bdj",1,CLE,0,0,0,0,0,0,0,0,0,0,0,0,,0,,,0,0,0,0,0,0,,0,8,8,54,0,0,0,39,15,2,3.44573773903539,0,1.38461538461538,0.186046511627907,0.137809187279152,0.375536198537267,0,5.4,13.4
2023,POST,00-0037258,D.Pierce,Dameon Pierce,RB,RB,"https://static.www.nfl.com/image/upload/f_auto,q_auto/league/kotnmiuvvfmfuupr0f82",1,HOU,0,0,0,0,0,0,0,0,0,0,0,0,,0,,,3,0,0,0,0,0,-2.02600096398965,0,0,0,0,0,0,0,0,0,0,,0,,,,,0,0.0,0.0
2023,POST,00-0037261,K.Shakir,Khalil Shakir,WR,WR,"https://static.www.nfl.com/image/upload/f_auto,q_auto/league/ch2yarhiobqlvr9ls2yw",2,BUF,0,0,0,0,0,0,0,0,0,0,0,0,,0,,,0,0,0,0,0,0,,0,10,12,75,2,0,0,54,53,6,9.37159634989803,0,1.38888888888889,0.17910447761194,0.132352941176471,0.36130377524144,0,19.5,29.5
2023,POST,00-0037267,J.Ford,Jerome Ford,RB,RB,"https://static.www.nfl.com/image/private/f_auto,q_auto/league/djggmwo5v8osoboiseo2",1,CLE,0,0,0,0,0,0,0,0,0,0,0,0,,0,,,9,17,0,0,0,0,-4.76407715206733,0,4,4,15,0,0,0,-10,25,1,-0.930438830633648,0,-1.5,0.0930232558139535,-0.0353356890459364,0.114799901388775,0,3.2,7.2
2023,POST,00-0037304,C.Heyward,Connor Heyward,TE,TE,"https://static.www.nfl.com/image/upload/f_auto,q_auto/league/b9bnasge2v2dtctdtqnf",1,PIT,0,0,0,0,0,0,0,0,0,0,0,0,,0,,,0,0,0,0,0,0,,0,1,1,5,0,0,0,5,0,0,0.0615463452413678,0,1.0,0.0263157894736842,0.0177304964539007,0.0518850317282568,0,0.5,1.5
2023,POST,00-0037487,D.Thompkins,Deven Thompkins,WR,WR,"https://static.www.nfl.com/image/private/f_auto,q_auto/league/gt0yeyl9y8s6onw8wcdr",2,TB,0,0,0,0,0,0,0,0,0,0,0,0,,0,,,1,10,0,0,0,1,1.05641677929088,0,1,2,4,0,0,0,-5,8,0,-0.618624809547328,0,0.0,0.027027027027027,-0.0077760497667185,0.0350973057038376,0,1.4,2.4
2023,POST,00-0037557,R.Rivers,Ronnie Rivers,RB,RB,"https://static.www.nfl.com/image/upload/f_auto,q_auto/league/xjumjdizgaw4gicg6gbb",1,LA,0,0,0,0,0,0,0,0,0,0,0,0,,0,,,3,9,0,0,0,1,-0.666394305764698,0,3,3,35,0,0,0,-12,47,2,2.11036727530882,0,-2.91666666666667,0.0882352941176471,-0.0377358490566038,0.105937846836848,0,4.4,7.4
2023,POST,00-0037614,J.Metchie,John Metchie III,WR,WR,"https://static.www.nfl.com/image/upload/f_auto,q_auto/league/zf0d6hiyqnmtst0vwdpv",1,HOU,0,0,0,0,0,0,0,0,0,0,0,0,,0,,,1,9,0,0,0,0,0.723237527534366,0,3,3,44,0,0,0,29,15,2,1.75101311667822,0,1.51724137931034,0.136363636363636,0.140776699029126,0.303089143865843,0,5.3,8.3
2023,POST,00-0037666,J.Tolbert,Jalen Tolbert,WR,WR,"https://static.www.nfl.com/image/upload/f_auto,q_auto/league/cek1m1cbly5rfmmmjpcc",1,DAL,0,0,0,0,0,0,0,0,0,0,0,0,,0,,,0,0,0,0,0,0,,0,0,2,0,0,0,0,24,0,0,-4.28642712208687,0,0.0,0.0344827586206897,0.0488798370672098,0.0859400238780813,0,0.0,0.0
2023,POST,00-0037816,R.Doubs,Romeo Doubs,WR,WR,"https://static.www.nfl.com/image/upload/f_auto,q_auto/league/dyulbddqbqshoqdxgo63",2,GB,0,0,0,0,0,0,0,0,0,0,0,0,,0,,,0,0,0,0,0,0,,0,10,12,234,1,0,0,180,76,8,23.1622910992909,0,1.3,0.222222222222222,0.422535211267606,0.629107981220657,0,29.4,39.4
2023,POST,00-0037834,B.Purdy,Brock Purdy,QB,QB,"https://static.www.nfl.com/image/upload/f_auto,q_auto/league/myvg8siij2bn9ecx7btm",3,SF,66,108,774,3,1,4,20,0,0,918,377,38,19.9844868080405,0,0.843137254901961,0.115945158566351,14,74,0,0,0,5,3.29703218912048,0,0,0,0,0,0,0,0,0,0,,0,,,,,0,48.36,48.36
2023,POST,00-0037837,C.Austin,Calvin Austin III,WR,WR,"https://static.www.nfl.com/image/private/f_auto,q_auto/league/qlt6ztqcbu0uzad6aavt",1,PIT,0,0,0,0,0,0,0,0,0,0,0,0,,0,,,0,0,0,0,0,0,,0,1,2,7,1,0,0,11,1,1,1.92759559908882,0,0.636363636363636,0.0526315789473684,0.0390070921985816,0.10625233296006,0,6.7,7.7
2023,POST,00-0037838,I.Likely,Isaiah Likely,TE,TE,"https://static.www.nfl.com/image/upload/f_auto,q_auto/league/xmikfnklnpjmzjhbjrur",2,BAL,0,0,0,0,0,0,0,0,0,0,0,0,,0,,,0,0,0,0,0,0,,0,4,6,50,1,0,0,67,23,3,-0.524930547748227,0,0.746268656716418,0.109090909090909,0.134,0.257436363636364,0,11.0,15.0
2023,POST,00-0037840,K.Williams,Kyren Williams,RB,RB,"https://static.www.nfl.com/image/upload/f_auto,q_auto/league/vcvstwywz6iufk7iul3x",1,LA,0,0,0,0,0,0,0,0,0,0,0,0,,0,,,13,61,0,0,0,3,-0.904083376866765,0,1,1,9,0,0,0,1,8,0,0.824996235547587,0,9.0,0.0294117647058824,0.0031446540880503,0.0463189049204588,0,7.0,8.0
2023,POST,00-0038041,J.Ferguson,Jake Ferguson,TE,TE,"https://static.www.nfl.com/image/upload/f_auto,q_auto/league/lbvrn1ibwszd6tzgh6o1",1,DAL,0,0,0,0,0,0,0,0,0,0,0,0,,0,,,0,0,0,0,0,0,,0,10,12,93,3,0,0,75,27,7,10.3524350063526,0,1.24,0.206896551724138,0.152749490835031,0.417269471170728,0,27.3,37.3
2023,POST,00-0038046,C.Kolar,Charlie Kolar,TE,TE,"https://static.www.nfl.com/image/upload/f_auto,q_auto/league/n7duzqver13movvgcint",1,BAL,0,0,0,0,0,0,0,0,0,0,0,0,,0,,,0,0,0,0,0,0,,0,1,1,4,0,0,0,4,0,0,-0.117344471684191,0,1.0,0.0476190476190476,0.0240963855421687,0.0882960413080895,0,0.4,1.4
2023,POST,00-0038124,C.Watson,Christian Watson,WR,WR,"https://static.www.nfl.com/image/upload/f_auto,q_auto/league/qenktpex0mep8er8dzxj",2,GB,0,0,0,0,0,0,0,0,0,0,0,0,,0,,,0,0,0,0,0,0,,0,2,3,20,0,0,0,26,16,1,-1.57372776017291,0,0.769230769230769,0.0555555555555556,0.0610328638497653,0.126056338028169,0,2.0,4.0
2023,POST,00-0038129,C.Otton,Cade Otton,TE,TE,"https://static.www.nfl.com/image/upload/f_auto,q_auto/league/mljam77kst1wlqd5y91v",2,TB,0,0,0,0,0,0,0,0,0,0,0,0,,0,,,0,0,0,0,0,0,,0,13,19,154,1,0,0,121,79,10,5.30278462276328,0,1.27272727272727,0.256756756756757,0.188180404354588,0.516861418183347,0,21.4,34.4
2023,POST,00-0038393,D.Wicks,Dontayvion Wicks,WR,WR,"https://static.www.nfl.com/image/upload/f_auto,q_auto/league/ghsev2bmz8kvhm8dsbey",2,GB,0,0,0,0,0,0,0,0,0,0,0,0,,0,,,0,0,0,0,0,0,,0,2,4,25,1,0,0,40,0,1,1.90137035086235,0,0.625,0.0740740740740741,0.0938967136150235,0.176838810641628,0,8.5,10.5
2023,POST,00-0038547,L.Schoonmaker,Luke Schoonmaker,TE,TE,"https://static.www.nfl.com/image/upload/f_auto,q_auto/league/fd4exg1hqzlm9sk6ruu6",1,DAL,0,0,0,0,0,0,0,0,0,0,0,0,,0,,,0,0,0,0,0,0,,0,1,1,7,0,0,0,2,5,0,0.596730084042065,0,3.5,0.0172413793103448,0.0040733197556008,0.0287133927944378,0,0.7,1.7
2023,POST,00-0038558,D.Washington,Darnell Washington,TE,TE,"https://static.www.nfl.com/image/upload/f_auto,q_auto/league/i6bxioxqzrc9hepszyjf",1,PIT,0,0,0,0,0,0,0,0,0,0,0,0,,0,,,0,0,0,0,0,0,,0,0,1,0,0,0,0,0,0,0,-0.572819796390832,0,,0.0263157894736842,,,0,0.0,0.0
2023,POST,00-0038618,X.Hutchinson,Xavier Hutchinson,WR,WR,"https://static.www.nfl.com/image/upload/f_auto,q_auto/league/vlxzxhej5ffelkxrqf4g",2,HOU,0,0,0,0,0,0,0,0,0,0,0,0,,0,,,0,0,0,0,0,0,,0,4,4,9,0,0,0,-9,18,0,-1.6338483876898,0,0.0,0.0754716981132076,-0.0212264150943396,0.0983490566037736,0,0.9,4.9
2023,POST,00-0038797,E.Wilson,Emanuel Wilson,RB,RB,"https://static.www.nfl.com/image/upload/f_auto,q_auto/league/hpscbhsmjocm8kmwfbuc",2,GB,0,0,0,0,0,0,0,0,0,0,0,0,,0,,,12,36,0,0,0,2,-2.81996550405165,0,1,1,11,0,0,0,-5,16,1,1.63490967452526,0,-2.2,0.0303030303030303,-0.0259067357512953,0.0273198304286387,0,4.7,5.7
2023,POST,00-0038809,B.Sims,Ben Sims,TE,TE,"https://static.www.nfl.com/image/upload/f_auto,q_auto/league/mfl9febpyc8nk2abxcf2",1,GB,0,0,0,0,0,0,0,0,0,0,0,0,,0,,,0,0,0,0,0,0,,0,1,1,4,0,0,0,2,2,0,-0.307846887269989,0,2.0,0.0303030303030303,0.0103626943005181,0.0527084314649082,0,0.4,1.4
2023,POST,00-0038933,D.Kincaid,Dalton Kincaid,TE,TE,"https://static.www.nfl.com/image/upload/f_auto,q_auto/league/rsimqxdfwlb1n9qd4w3g",2,BUF,0,0,0,0,0,0,0,0,0,0,0,0,,0,,,0,0,0,0,0,0,,0,8,11,104,1,0,0,98,43,5,4.95463419891894,0,1.06122448979592,0.164179104477612,0.240196078431373,0.414405911618379,0,16.4,24.4
2023,POST,00-0038996,T.Kraft,Tucker Kraft,TE,TE,"https://static.www.nfl.com/image/upload/f_auto,q_auto/league/klrmgekdzx1ywjjmixp7",2,GB,0,0,0,0,0,0,0,0,0,0,0,0,,0,,,0,0,0,0,0,0,,0,5,9,24,1,0,0,26,16,2,-4.23013173106476,0,0.923076923076923,0.166666666666667,0.0610328638497653,0.292723004694836,0,8.4,13.4
2023,POST,00-0039040,D.Achane,De'Von Achane,RB,RB,"https://static.www.nfl.com/image/upload/f_auto,q_auto/league/zqfkz3hbyurjcwhw7xoi",1,MIA,0,0,0,0,0,0,0,0,0,0,0,0,,0,,,6,9,0,0,0,1,-0.881019826978445,0,3,6,21,0,0,0,-10,26,1,-1.0874443865614,0,-2.1,0.157894736842105,-0.0350877192982456,0.212280701754386,0,3.0,6.0
2023,POST,00-0039050,P.Durham,Payne Durham,TE,TE,"https://static.www.nfl.com/image/upload/f_auto,q_auto/league/vrdqb2si9rpshhy51liq",1,TB,0,0,0,0,0,0,0,0,0,0,0,0,,0,,,0,0,0,0,0,0,,0,1,1,18,0,0,0,7,11,1,1.10971551062539,0,2.57142857142857,0.0285714285714286,0.0218068535825545,0.058121940364931,0,1.8,2.8
2023,POST,00-0039052,T.Palmer,Trey Palmer,WR,WR,"https://static.www.nfl.com/image/upload/f_auto,q_auto/league/zv0wdsdctgf2zw2ctumy",2,TB,0,0,0,0,0,0,0,0,0,0,0,0,,0,,,1,9,0,0,0,0,0.748746790923178,0,3,4,88,1,0,0,38,60,2,4.4944679578875,0,2.31578947368421,0.0540540540540541,0.0590979782270607,0.122449665840024,0,15.7,18.7
2023,POST,00-0039064,Z.Flowers,Zay Flowers,WR,WR,"https://static.www.nfl.com/image/upload/f_auto,q_auto/league/oidhqwg0fjvanyk57nc1",2,BAL,0,0,0,0,0,0,0,0,0,0,0,0,,0,,,2,4,0,0,0,0,-0.848932315013371,0,9,13,156,1,1,1,132,48,6,1.02350252174074,0,1.18181818181818,0.236363636363636,0.264,0.539345454545455,0,20.0,29.0
2023,POST,00-0039065,S.LaPorta,Sam LaPorta,TE,TE,"https://static.www.nfl.com/image/upload/f_auto,q_auto/league/ucw8cfj5t5nwkx670wzu",3,DET,0,0,0,0,0,0,0,0,0,0,0,0,,0,,,0,0,0,0,0,0,,0,21,27,176,1,0,0,170,95,11,9.14169625124495,0,1.03529411764706,0.25,0.223684210526316,0.531578947368421,0,23.6,44.6
2023,POST,00-0039067,R.Rice,Rashee Rice,WR,WR,"https://static.www.nfl.com/image/private/f_auto,q_auto/league/zjgi60dvmj5ogvanp201",4,KC,0,0,0,0,0,0,0,0,0,0,0,0,,0,,,2,5,0,1,0,1,0.311656401201617,0,26,33,262,1,1,0,125,195,15,17.7627702385915,0,2.096,0.24812030075188,0.137362637362637,0.468334297281666,0,32.7,58.7
2023,POST,00-0039074,D.Allen,Davis Allen,TE,TE,"https://static.www.nfl.com/image/upload/f_auto,q_auto/league/ihbec16pwn2ki5woyr4m",1,LA,0,0,0,0,0,0,0,0,0,0,0,0,,0,,,0,0,0,0,0,0,,0,2,2,28,0,0,0,9,19,1,2.18875208497047,0,3.11111111111111,0.0588235294117647,0.0283018867924528,0.108046614872364,0,2.8,4.8
2023,POST,00-0039075,P.Nacua,Puka Nacua,WR,WR,"https://static.www.nfl.com/image/upload/f_auto,q_auto/league/i1pmrhua5gpvwgsqphxa",1,LA,0,0,0,0,0,0,0,0,0,0,0,0,,0,,,1,-2,0,1,0,0,-1.11458949919324,0,9,10,181,1,0,0,96,103,6,14.6050583334873,0,1.88541666666667,0.294117647058824,0.30188679245283,0.652497225305216,0,23.9,32.9
2023,POST,00-0039139,J.Gibbs,Jahmyr Gibbs,RB,RB,"https://static.www.nfl.com/image/upload/f_auto,q_auto/league/f5y3osxxtov5rgfv4ra5",3,DET,0,0,0,0,0,0,0,0,0,0,0,0,,0,,,29,144,3,1,1,8,-0.727267107111402,0,11,14,94,0,0,0,4,113,4,0.127541933706388,0,23.5,0.12962962962963,0.0052631578947368,0.19812865497076,0,39.8,50.8
2023,POST,00-0039144,L.Musgrave,Luke Musgrave,TE,TE,"https://static.www.nfl.com/image/upload/f_auto,q_auto/league/mn9nugrtq8kb8sysrvne",2,GB,0,0,0,0,0,0,0,0,0,0,0,0,,0,,,0,0,0,0,0,0,,0,6,7,66,1,0,0,59,29,5,6.53025589906611,0,1.11864406779661,0.12962962962963,0.13849765258216,0.291392801251956,0,12.6,18.6
2023,POST,00-0039146,J.Reed,Jayden Reed,WR,WR,"https://static.www.nfl.com/image/upload/f_auto,q_auto/league/blh2tfg9qjthqo2g6ot4",2,GB,0,0,0,0,0,0,0,0,0,0,0,0,,0,,,1,9,0,0,0,0,0.921164723113179,0,4,7,35,0,0,0,41,20,1,-2.34039548336295,0,0.853658536585366,0.12962962962963,0.0962441314553991,0.261815336463224,0,4.4,8.4
2023,POST,00-0039163,C.Stroud,C.J. Stroud,QB,QB,"https://static.www.nfl.com/image/upload/f_auto,q_auto/league/fbk2eqpo54lawppgetjn",2,HOU,35,54,449,3,0,0,0,0,0,427,250,18,10.1464695913783,0,1.05152224824356,0.105650694888704,4,10,0,0,0,0,-1.54378873162204,0,0,0,0,0,0,0,0,0,0,,0,,,,,0,30.96,30.96
2023,REG+POST,00-0023459,A.Rodgers,Aaron Rodgers,QB,QB,"https://static.www.nfl.com/image/upload/f_auto,q_auto/league/jdcb4nomlc4rd6k5l6to",1,NYJ,0,1,0,0,0,1,10,0,0,17,0,0,-2.03195988433436,0,0.0,,0,0,0,0,0,0,,0,0,0,0,0,0,0,0,0,0,,0,,,,,0,0.0,0.0
2023,REG+POST,00-0024243,M.Lewis,Marcedes Lewis,TE,TE,"https://static.www.nfl.com/image/private/f_auto,q_auto/league/ppq07tipygpftz5csipx",5,CHI,0,0,0,0,0,0,0,0,0,0,0,0,,0,,,0,0,0,0,0,0,,0,4,5,29,1,0,0,9,29,2,2.48608262301423,0,3.22222222222222,0.0367647058823529,0.0087378640776699,0.0612635636778984,0,8.9,12.9
2023,REG+POST,00-0026158,J.Flacco,Joe Flacco,QB,QB,"https://static.www.nfl.com/image/upload/f_auto,q_auto/league/yxvyoeojkif7tnfviamc",6,CLE,157,250,1923,14,10,12,96,3,1,2224,808,74,-19.3668792660572,1,0.864658273381295,0.0397372403970589,12,15,0,1,0,5,1.37008469539315,0,0,0,0,0,0,0,0,0,0,,0,,,,,0,114.42,114.42
2023,REG+POST,00-0026498,M.Stafford,Matthew Stafford,QB,QB,"https://static.www.nfl.com/image/upload/f_auto,q_auto/league/xdlnnbapdbk8trxqlasu",16,LA,351,557,4332,26,11,32,215,0,0,4368,2097,202,73.6081625516083,1,0.991758241758242,0.091590820931762,21,65,0,0,0,4,3.96563549202983,0,0,0,0,0,0,0,0,0,0,,1,,,,,0,265.78,265.78
2023,REG+POST,00-0026625,B.Hoyer,Brian Hoyer,QB,QB,"https://static.www.nfl.com/image/private/f_auto,q_auto/league/japt3mj2xctm7saqndxn",2,LV,23,42,231,0,2,1,8,0,0,344,80,14,-8.7807727533644,0,0.671511627906977,0.018039709001797,3,-3,0,0,0,0,-1.8153455403517,0,0,0,0,0,0,0,0,0,0,,0,,,,,0,4.94,4.94
2023,REG+POST,00-0027114,T.Morstead,Thomas Morstead,P,SPEC,"https://static.www.nfl.com/image/upload/f_auto,q_auto/league/we33rhbbjlkdfhgr6l08",1,NYJ,1,1,18,0,0,0,0,0,0,10,8,1,2.67090002633631,0,1.8,,0,0,0,0,0,0,,0,0,0,0,0,0,0,0,0,0,,0,,,,,0,0.72,0.72
2023,REG+POST,00-0027696,J.Graham,Jimmy Graham,TE,TE,"https://static.www.nfl.com/image/private/f_auto,q_auto/league/h7xs06oj6g03mippwtse",5,NO,0,0,0,0,0,0,0,0,0,0,0,0,,0,,,0,0,0,0,0,0,,0,6,7,39,4,0,0,42,3,6,8.15597459062701,0,0.928571428571429,0.0507246376811594,0.0386384544618215,0.103133874645014,0,27.9,33.9
2023,REG+POST,00-0027944,J.Jones,Julio Jones,WR,WR,"https://static.www.nfl.com/image/upload/f_auto,q_auto/league/omrddf2phtyztzx2nup1",9,PHI,0,0,0,0,0,0,0,0,0,0,0,0,,0,,,0,0,0,0,0,0,,0,14,22,96,3,1,0,153,28,5,3.54161209240658,0,0.627450980392157,0.082089552238806,0.0717299578059072,0.173345298822344,0,27.6,41.6
2023,REG+POST,00-0027948,B.Gabbert,Blaine Gabbert,QB,QB,"https://static.www.nfl.com/image/private/f_auto,q_auto/league/fphhd3wedamgkps6e0dl",2,KC,18,35,185,0,3,1,9,0,0,198,118,8,-16.1432871051638,0,0.934343434343434,-0.0574039660045727,7,45,0,0,0,2,-0.619769561337307,0,0,0,0,0,0,0,0,0,0,,0,,,,,0,5.9,5.9
2023,REG+POST,00-0027973,A.Dalton,Andy Dalton,QB,QB,"https://static.www.nfl.com/image/upload/f_auto,q_auto/league/az1zo7fl2tozg50tgs0d",2,CAR,34,58,361,2,0,3,27,0,0,477,128,17,4.54832959122722,0,0.756813417190776,0.0646658228375503,3,12,0,0,0,2,1.4284599639941,0,0,0,0,0,0,0,0,0,0,,0,,,,,0,23.64,23.64
2023,REG+POST,00-0028002,R.Cobb,Randall Cobb,WR,WR,"https://static.www.nfl.com/image/private/f_auto,q_auto/league/kuwo5hnkbtesfw6n9w1s",9,NYJ,0,0,0,0,0,0,0,0,0,0,0,0,,0,,,0,0,0,0,0,0,,0,5,17,39,1,0,0,165,23,3,-15.4674704297376,1,0.236363636363636,0.0666666666666667,0.0865687303252886,0.160598111227702,0,11.9,16.9
2023,REG+POST,00-0028118,T.Taylor,Tyrod Taylor,QB,QB,"https://static.www.nfl.com/image/upload/f_auto,q_auto/league/xk8e04jdsvigd6fky3uy",10,NYG,116,180,1341,5,3,17,94,2,0,1541,578,52,2.11601569665396,0,0.870214146658014,0.0733721792343374,38,197,0,2,0,10,-0.412836546254149,0,0,0,0,0,0,0,0,0,0,,0,,,,,0,87.34,87.34
2023,REG+POST,00-0028872,J.Hekker,Johnny Hekker,P,SPEC,"https://static.www.nfl.com/image/upload/f_auto,q_auto/league/bcl8kjfwubicyywpxfny",2,CAR,1,1,7,0,0,0,0,0,0,-4,11,0,-1.94108840171248,0,0.0,,1,-11,0,1,1,0,-6.0536010384094,0,0,0,0,0,0,0,0,0,0,,0,,,,,0,-2.82,-2.82
2023,REG+POST,00-0028986,C.Keenum,Case Keenum,QB,QB,"https://static.www.nfl.com/image/upload/f_auto,q_auto/league/zj2xieg6nctsabgzu65n",2,HOU,34,53,291,1,3,6,60,0,0,377,146,14,-20.6513293816017,0,0.771883289124668,0.0108881796997323,2,1,0,1,0,0,-1.65093343582703,0,0,0,0,0,0,0,0,0,0,,0,,,,,0,9.74,9.74
2023,REG+POST,00-0029239,B.Bolden,Brandon Bolden,RB,RB,"https://static.www.nfl.com/image/private/f_auto,q_auto/league/kqqwz35z9brhkzbs4bcn",3,LV,0,0,0,0,0,0,0,0,0,0,0,0,,0,,,4,31,1,0,0,2,3.67902799433796,1,0,0,0,0,0,0,0,0,0,,0,,,,,0,11.1,11.1
2023,REG+POST,00-0029263,R.Wilson,Russell Wilson,QB,QB,"https://static.www.nfl.com/image/upload/f_auto,q_auto/league/u36rhg0md8ey3b4khbre",15,DEN,297,447,3070,26,8,45,258,7,4,3189,1735,135,-16.336197524169,2,0.962684227030417,0.0951258789377793,80,341,3,3,1,38,17.5656617270545,0,0,0,0,0,0,0,0,0,0,,0,,,,,0,256.9,256.9
2023,REG+POST,00-0029293,M.Jones,Marvin Jones,WR,WR,"https://static.www.nfl.com/image/private/f_auto,q_auto/league/ciy9sxefmcnwjw7ln3h2",4,DET,0,0,0,0,0,0,0,0,0,0,0,0,,0,,,0,0,0,0,0,0,,0,5,10,35,0,1,1,80,9,2,-5.42696698851174,0,0.4375,0.078740157480315,0.0946745562130178,0.184382425569585,0,1.5,6.5
2023,REG+POST,00-0029604,K.Cousins,Kirk Cousins,QB,QB,"https://static.www.nfl.com/image/upload/f_auto,q_auto/league/yt6n07jezvfmcsoq0j13",8,MIN,216,311,2331,18,5,17,110,4,3,2252,996,112,37.1030454711041,0,1.03507992895204,0.133689241471685,14,25,0,2,1,6,1.68736862461083,0,0,0,0,0,0,0,0,0,0,,0,,,,,0,149.74,149.74
2023,REG+POST,00-0029692,B.Anger,Bryan Anger,P,SPEC,"https://static.www.nfl.com/image/upload/f_auto,q_auto/league/kx1m6byniti4tkeiwkqk",1,DAL,0,0,0,0,0,0,0,0,0,0,0,0,,1,,,0,0,0,0,0,0,,0,0,0,0,0,0,0,0,0,0,,0,,,,,0,2.0,2.0
2023,REG+POST,00-0029701,R.Tannehill,Ryan Tannehill,QB,QB,"https://static.www.nfl.com/image/private/f_auto,q_auto/league/yvwju12dl6haf3r8uzrm",9,TEN,149,230,1616,4,7,32,230,2,0,1816,795,74,-22.8663676627939,0,0.889867841409692,0.0545035240709487,17,74,1,1,0,4,-4.06789508505608,0,0,1,0,0,0,0,-1,0,0,-0.418015068164095,0,0.0,0.0384615384615385,-0.006578947368421,0.053087044534413,0,80.04,80.04
2023,REG+POST,00-0029764,C.Davis,Cody Davis,FS,DB,"https://static.www.nfl.com/image/private/f_auto,q_auto/league/pdijtrs1tnltal8g6cmx",1,NE,0,0,0,0,0,0,0,0,0,0,0,0,,0,,,0,0,0,0,0,0,,0,0,0,0,0,0,0,0,0,0,,0,,,,,1,6.0,6.0
2023,REG+POST,00-0029892,K.Juszczyk,Kyle Juszczyk,FB,RB,"https://static.www.nfl.com/image/upload/f_auto,q_auto/league/mfhpygabawkeioplae7a",12,SF,0,0,0,0,0,0,0,0,0,0,0,0,,0,,,7,11,0,0,0,3,-1.8699628864124,0,18,22,183,2,0,0,118,81,12,13.7157038611185,0,1.55084745762712,0.0756013745704467,0.0481632653061225,0.147116347569956,0,31.4,49.4
2023,REG+POST,00-0030035,A.Thielen,Adam Thielen,WR,WR,"https://static.www.nfl.com/image/upload/f_auto,q_auto/league/pxehgo0l9xl03n7dronf",17,CAR,0,0,0,0,0,0,0,0,0,0,0,0,,0,,,1,6,0,0,0,0,0.236421025590971,0,103,137,1014,4,2,0,1058,340,56,59.6753974883863,1,0.958412098298677,0.256554307116105,0.25995085995086,0.566797062639759,0,128.0,231.0
2023,REG+POST,00-0030061,Z.Ertz,Zach Ertz,TE,TE,"https://static.www.nfl.com/image/upload/f_auto,q_auto/league/xktmmeumuoglbuam75iz",7,ARI,0,0,0,0,0,0,0,0,0,0,0,0,,0,,,0,0,0,0,0,0,,0,27,43,187,1,0,0,332,46,8,-14.02521783112,0,0.563253012048193,0.193693693693694,0.189281641961232,0.423037689913403,0,24.7,51.7
2023,REG+POST,00-0030068,M.Goodwin,Marquise Goodwin,WR,WR,"https://static.www.nfl.com/image/upload/f_auto,q_auto/league/cof5bbih1o9dtnonwmjp",11,CLE,0,0,0,0,0,0,0,0,0,0,0,0,,0,,,4,33,0,0,0,2,1.45523146964842,0,4,14,67,0,0,0,404,21,1,-9.16888309363279,0,0.165841584158416,0.0425531914893617,0.141704665029814,0.163023052754912,0,10.0,14.0
2023,REG+POST,00-0030140,T.Way,Tress Way,P,SPEC,"https://static.www.nfl.com/image/upload/f_auto,q_auto/league/n5nwpxqj5ex2pc2c2phx",1,WAS,0,0,0,0,0,0,0,0,0,0,0,0,,0,,,1,0,0,0,0,0,-4.31732948648278,0,0,0,0,0,0,0,0,0,0,,0,,,,,0,0.0,0.0
2023,REG+POST,00-0030279,K.Allen,Keenan Allen,WR,WR,"https://static.www.nfl.com/image/upload/f_auto,q_auto/league/lngo1onvkcqjnq7ozkuu",13,LAC,1,2,49,1,0,0,0,0,0,39,27,1,3.51487691450166,0,1.25641025641026,,2,6,0,0,0,1,0.153951175743714,0,108,150,1243,7,2,1,1452,396,56,60.8332725681973,0,0.856060606060606,0.319829424307036,0.398791540785499,0.758898215010403,0,170.86,278.86
2023,REG+POST,00-0030431,R.Woods,Robert Woods,WR,WR,"https://static.www.nfl.com/image/upload/f_auto,q_auto/league/ydjg5fylwkf5aaxiul6v",15,HOU,0,0,0,0,0,0,0,0,0,0,0,0,,0,,,1,7,0,0,0,0,0.13571642304305,0,42,81,443,1,0,0,774,131,27,-1.33999208242685,0,0.572351421188631,0.160714285714286,0.180251513740102,0.3672474881895,0,51.0,93.0
2023,REG+POST,00-0030506,T.Kelce,Travis Kelce,TE,TE,"https://static.www.nfl.com/image/upload/f_auto,q_auto/league/ilk4qbxxs6mt3v9zfvtg",19,KC,0,0,0,0,0,0,0,0,0,0,0,0,,0,,,1,5,0,0,0,1,0.458317911252379,0,125,158,1339,8,1,1,1050,628,69,77.6337945151327,0,1.2752380952381,0.237237237237237,0.243562978427279,0.526349940754951,0,180.4,305.4
2023,REG+POST,00-0030513,L.Murray,Latavius Murray,RB,RB,"https://static.www.nfl.com/image/private/f_auto,q_auto/league/zepm7ghltyeqydn0qxcg",17,BUF,0,0,0,0,0,0,0,0,0,0,0,0,,0,,,79,300,4,0,0,27,-2.56229843876885,0,22,28,159,0,1,0,38,127,8,6.05866172871645,0,4.18421052631579,0.0579710144927536,0.0101144530210274,0.0940366388538496,0,69.9,91.9
2023,REG+POST,00-0030533,M.Barkley,Matt Barkley,QB,QB,"https://static.www.nfl.com/image/private/f_auto,q_auto/league/ejvscebj0ufugx5vrouq",1,JAX,0,0,0,0,0,0,0,0,0,0,0,0,,0,,,3,-3,0,0,0,0,-4.01201612025034,0,0,0,0,0,0,0,0,0,0,,0,,,,,0,-0.3,-0.3
2023,REG+POST,00-0030564,D.Hopkins,DeAndre Hopkins,WR,WR,"https://static.www.nfl.com/image/upload/f_auto,q_auto/league/viymeohipdn0voptrkzh",17,TEN,0,1,0,0,0,0,0,0,0,-1,0,0,-0.418015068164095,0,0.0,,2,9,0,0,0,0,0.267017036036123,0,75,137,1057,7,0,0,1934,223,48,19.1653030816359,0,0.546535677352637,0.286610878661088,0.428444838280904,0.729827704788264,0,148.6,223.6
2023,REG+POST,00-0030565,G.Smith,Geno Smith,QB,QB,"https://static.www.nfl.com/image/upload/f_auto,q_auto/league/izkm5yyxybb5uy5dkcgf",15,SEA,323,499,3624,20,9,31,231,4,2,3500,1714,169,32.4405365141742,2,1.03542857142857,0.0891481194822701,37,155,1,1,1,10,-4.92649741779314,0,1,1,-2,0,0,0,-8,6,0,-1.44152006786317,0,0.0,0.0384615384615385,-0.0625,0.0139423076923077,0,226.26,227.26
2023,REG+POST,00-0030578,C.Patterson,Cordarrelle Patterson,RB,RB,"https://static.www.nfl.com/image/upload/f_auto,q_auto/league/jktdrwmujfuqp94csnav",12,ATL,0,0,0,0,0,0,0,0,0,0,0,0,,0,,,50,181,0,1,0,9,-7.98226873380178,0,9,12,38,1,0,0,10,37,2,-4.69539345885278,0,3.8,0.0568720379146919,0.0076219512195122,0.0906434227256964,0,27.9,36.9
2023,REG+POST,00-0030663,W.Snead,Willie Snead,WR,WR,"https://static.www.nfl.com/image/private/f_auto,q_auto/league/fr5xckiwhguuaishnbju",2,SF,0,0,0,0,0,0,0,0,0,0,0,0,,0,,,0,0,0,0,0,0,,0,2,3,14,0,0,0,18,3,0,-0.536310698837042,0,0.777777777777778,0.0461538461538462,0.0387096774193548,0.0963275434243176,0,1.4,3.4
2023,REG+POST,00-0030874,D.Williams,Damien Williams,RB,RB,"https://static.www.nfl.com/image/private/f_auto,q_auto/league/ga4vusnfwfvhp2ksqw7x",3,ARI,0,0,0,0,0,0,0,0,0,0,0,0,,0,,,11,43,0,0,0,1,-1.90821717237122,0,2,2,12,0,0,0,1,11,0,-0.0644512154394761,0,12.0,0.027027027027027,0.0026109660574412,0.0423682167807494,0,5.5,7.5
2023,REG+POST,00-0030968,K.Smith,Keith Smith,FB,RB,"https://static.www.nfl.com/image/private/f_auto,q_auto/league/jolwasweebgk37nkl7ia",3,ATL,0,0,0,0,0,0,0,0,0,0,0,0,,0,,,0,0,0,0,0,0,,0,3,3,33,0,0,0,18,15,1,0.864150597597472,0,1.83333333333333,0.037037037037037,0.027027027027027,0.0744744744744745,0,3.3,6.3
2023,REG+POST,00-0031235,O.Beckham,Odell Beckham,WR,WR,"https://static.www.nfl.com/image/upload/f_auto,q_auto/league/ffmalg3wr7lwnsz59i7v",16,BAL,0,0,0,0,0,0,0,0,0,0,0,0,,0,,,0,0,0,0,0,0,,0,39,71,599,3,1,1,999,157,29,24.3689418313869,0,0.5995995995996,0.155361050328228,0.244314013206163,0.404061384736655,0,75.9,114.9
2023,REG+POST,00-0031236,B.Cooks,Brandin Cooks,WR,WR,"https://static.www.nfl.com/image/upload/f_auto,q_auto/league/pjoksfxpbba4hevwpuop",17,DAL,0,0,0,0,0,0,0,0,0,0,0,0,,0,,,6,41,0,0,0,1,1.96658477815799,0,60,89,704,8,1,0,1162,126,42,33.7184983476429,1,0.605851979345955,0.142172523961661,0.230053454761433,0.374296204275495,0,124.5,184.5
2023,REG+POST,00-0031237,T.Bridgewater,Teddy Bridgewater,QB,QB,"https://static.www.nfl.com/image/private/f_auto,q_auto/league/q5p8afhezmpvc1xbwibf",1,DET,0,0,0,0,0,0,0,0,0,0,0,0,,0,,,2,-2,0,0,0,0,-2.67552810598863,0,0,0,0,0,0,0,0,0,0,,0,,,,,0,-0.2,-0.2
2023,REG+POST,00-0031260,L.Thomas,Logan Thomas,TE,TE,"https://static.www.nfl.com/image/private/f_auto,q_auto/league/acm0ymhqdzqxdibwjphv",16,WAS,0,0,0,0,0,0,0,0,0,0,0,0,,0,,,1,2,0,0,0,1,0.510727772954851,0,55,78,496,4,2,2,471,229,21,-5.8918772300346,1,1.05307855626327,0.136363636363636,0.123817034700315,0.291217378835675,0,71.8,126.8
2023,REG+POST,00-0031280,D.Carr,Derek Carr,QB,QB,"https://static.www.nfl.com/image/upload/f_auto,q_auto/league/qsz1pyrlu6bmvby6maaf",17,NO,375,548,3878,25,8,31,218,5,2,4280,1696,185,25.9190573136216,2,0.90607476635514,0.0867519883132052,32,40,0,2,1,4,-20.2758738386335,0,0,0,0,0,0,0,0,0,0,,0,,,,,0,241.12,241.12
2023,REG+POST,00-0031288,A.McCarron,AJ McCarron,QB,QB,"https://static.www.nfl.com/image/private/f_auto,q_auto/league/fvakqnmsg35llkcme11h",2,CIN,4,5,19,0,0,1,9,0,0,-8,20,0,-5.25107204460073,0,0.0,0.0335290001307409,0,0,0,0,0,0,,0,0,0,0,0,0,0,0,0,0,,0,,,,,0,0.76,0.76
2023,REG+POST,00-0031345,J.Garoppolo,Jimmy Garoppolo,QB,QB,"https://static.www.nfl.com/image/upload/f_auto,q_auto/league/lbyjizqecoq4onrgectw",7,LV,110,169,1205,7,9,14,101,0,0,1364,468,60,-19.1616354138621,1,0.883431085043988,0.0223305626172094,20,39,0,1,0,6,-2.71112023651949,0,0,0,0,0,0,0,0,0,0,,0,,,,,0,64.1,64.1
2023,REG+POST,00-0031376,J.McKinnon,Jerick McKinnon,RB,RB,"https://static.www.nfl.com/image/private/f_auto,q_auto/league/yezxe2j778cndbhkxwez",13,KC,1,1,4,1,0,0,0,0,0,-3,7,1,1.10534745483892,0,0.0,,21,60,1,0,0,7,-0.0179227527287371,0,27,34,207,4,0,0,9,233,11,7.49674427454348,0,23.0,0.0706860706860707,0.0029761904761904,0.108112439362439,0,60.86,87.86
2023,REG+POST,00-0031381,D.Adams,Davante Adams,WR,WR,"https://static.www.nfl.com/image/upload/f_auto,q_auto/league/jweoujpjv9u2a8k7wnos",17,LV,0,0,0,0,0,0,0,0,0,0,0,0,,0,,,0,0,0,0,0,0,,0,103,175,1144,8,0,0,1896,336,59,13.4814386995789,0,0.60337552742616,0.329566854990584,0.450035604082601,0.809375205343697,0,162.4,265.4
2023,REG+POST,00-0031408,M.Evans,Mike Evans,WR,WR,"https://static.www.nfl.com/image/upload/f_auto,q_auto/league/vfsaie1uiokfczwv9p4d",19,TB,0,0,0,0,0,0,0,0,0,0,0,0,,0,,,0,0,0,0,0,0,,0,90,155,1450,14,0,0,2218,357,61,63.8721432810967,0,0.653742110009017,0.248397435897436,0.415511427500937,0.66345415309681,0,229.0,319.0
2023,REG+POST,00-0031428,A.Robinson,Allen Robinson,WR,WR,"https://static.www.nfl.com/image/upload/f_auto,q_auto/league/fyukft9lraurbsq0laom",16,PIT,0,0,0,0,0,0,0,0,0,0,0,0,,0,,,0,0,0,0,0,0,,0,36,52,292,0,0,0,374,81,10,-5.88045139913511,0,0.780748663101604,0.108559498956159,0.101163105220449,0.233653422088552,0,29.2,65.2
2023,REG+POST,00-0031484,C.Manhertz,Chris Manhertz,TE,TE,"https://static.www.nfl.com/image/upload/f_auto,q_auto/league/edzj1uojuh7octginx1e",4,DEN,0,0,0,0,0,0,0,0,0,0,0,0,,0,,,0,0,0,0,0,0,,0,2,4,16,0,0,0,12,10,1,0.0510975641082041,0,1.33333333333333,0.0353982300884956,0.0154838709677419,0.0639360548101627,0,1.6,3.6
2023,REG+POST,00-0031503,J.Winston,Jameis Winston,QB,QB,"https://static.www.nfl.com/image/upload/f_auto,q_auto/league/chdeosreuupotgq0eqlm",6,NO,25,47,264,2,3,2,13,0,0,610,85,10,-9.78901957483122,0,0.432786885245902,-0.0201951853030778,5,-6,0,0,0,0,-4.47047001915053,0,0,0,0,0,0,0,0,0,0,,0,,,,,0,11.96,11.96
2023,REG+POST,00-0031544,A.Cooper,Amari Cooper,WR,WR,"https://static.www.nfl.com/image/upload/f_auto,q_auto/league/zmtzqznqui37unmo5xv9",16,CLE,0,0,0,0,0,0,0,0,0,0,0,0,,0,,,0,0,0,0,0,0,,0,76,133,1309,5,2,1,1900,278,54,49.8897131997183,1,0.688947368421053,0.226962457337884,0.3850830968788,0.610001853821986,0,160.9,236.9
2023,REG+POST,00-0031547,D.Parker,DeVante Parker,WR,WR,"https://static.www.nfl.com/image/private/f_auto,q_auto/league/beuyfjou6kckaoqqpa96",13,NE,0,0,0,0,0,0,0,0,0,0,0,0,,0,,,0,0,0,0,0,0,,0,33,55,394,0,0,0,640,126,17,1.01918930477305,0,0.615625,0.14030612244898,0.220233998623538,0.364622982709946,0,39.4,72.4
2023,REG+POST,00-0031549,N.Agholor,Nelson Agholor,WR,WR,"https://static.www.nfl.com/image/upload/f_auto,q_auto/league/wyxfkarcjgqdz3pl8nnr",18,BAL,0,0,0,0,0,0,0,0,0,0,0,0,,0,,,0,0,0,0,0,0,,0,38,52,432,5,1,0,498,164,21,18.4106028121309,0,0.867469879518072,0.101960784313725,0.112086428089129,0.231401676132979,0,73.2,111.2
2023,REG+POST,00-0031585,M.Pruitt,MyCole Pruitt,TE,TE,"https://static.www.nfl.com/image/upload/f_auto,q_auto/league/jazo8egu5luwyxxcpjh8",9,ATL,0,0,0,0,0,0,0,0,0,0,0,0,,0,,,0,0,0,0,0,0,,0,9,12,110,1,1,0,62,51,6,8.23608873059857,0,1.7741935483871,0.0383386581469649,0.025275173257236,0.0752006085005125,0,17.0,26.0
2023,REG+POST,00-0031588,S.Diggs,Stefon Diggs,WR,WR,"https://static.www.nfl.com/image/upload/f_auto,q_auto/league/to2qwuffjnjlouctglsl",19,BUF,0,0,0,0,0,0,0,0,0,0,0,0,,0,,,2,12,0,0,0,2,1.47470702743158,0,117,177,1256,8,3,1,1802,456,63,38.5564674578493,1,0.69700332963374,0.28921568627451,0.352918135526831,0.680866224280547,0,174.8,291.8
2023,REG+POST,00-0031595,M.Burton,Michael Burton,FB,RB,"https://static.www.nfl.com/image/upload/f_auto,q_auto/league/edfaq7s9wuzedbfcarrp",8,DEN,0,0,0,0,0,0,0,0,0,0,0,0,,0,,,7,9,0,0,0,4,-4.63303629402071,1,3,3,8,0,0,0,2,6,2,0.516768563422374,0,4.0,0.0309278350515464,0.0035714285714285,0.0488917525773196,0,3.7,6.7
2023,REG+POST,00-0031610,D.Waller,Darren Waller,TE,TE,"https://static.www.nfl.com/image/private/f_auto,q_auto/league/qqzht46a66zbi9xyylf4",12,NYG,0,0,0,0,0,0,0,0,0,0,0,0,,0,,,0,0,0,0,0,0,,0,52,74,552,1,0,0,592,211,25,15.2906618873882,0,0.932432432432432,0.205555555555556,0.226646248085758,0.466985706993364,0,61.2,113.2
2023,REG+POST,00-0031687,R.Mostert,Raheem Mostert,RB,RB,"https://static.www.nfl.com/image/upload/f_auto,q_auto/league/ayii5q2am51xeipp1h8v",16,MIA,0,0,0,0,0,0,0,0,0,0,0,0,,0,,,217,1045,18,2,1,61,16.8129710173525,0,26,34,172,3,2,0,-32,216,6,-3.75444380934575,0,-5.375,0.0708333333333333,-0.008667388949079,0.100182827735645,0,245.7,271.7
2023,REG+POST,00-0031763,D.Carter,DeAndre Carter,WR,WR,"https://static.www.nfl.com/image/private/f_auto,q_auto/league/mh4cvggohuakwwhobzrk",8,LV,0,0,0,0,0,0,0,0,0,0,0,0,,0,,,3,18,0,0,0,2,4.04425690660719,0,4,7,39,0,0,0,4,50,0,-2.60952146297068,0,9.75,0.0343137254901961,0.0024110910186859,0.0531583519483743,0,5.7,9.7
2023,REG+POST,00-0031800,T.Heinicke,Taylor Heinicke,QB,QB,"https://static.www.nfl.com/image/upload/f_auto,q_auto/league/fz9e0aufjyyo5raclwji",5,ATL,74,136,890,5,4,8,47,0,0,1136,508,41,-1.64327910840988,0,0.783450704225352,0.0225957446350215,15,124,1,1,0,5,10.0750497884292,0,0,0,0,0,0,0,0,0,0,,0,,,,,0,66.0,66.0
2023,REG+POST,00-0031868,D.Byrd,Damiere Byrd,WR,WR,"https://static.www.nfl.com/image/private/f_auto,q_auto/league/cskulleqxehtrgkqsl3u",1,ATL,0,0,0,0,0,0,0,0,0,0,0,0,,0,,,0,0,0,0,0,0,,0,0,2,0,0,0,0,45,0,0,-6.79315520613454,0,0.0,0.0588235294117647,0.145161290322581,0.189848197343453,0,0.0,0.0
2023,REG+POST,00-0031941,J.Crowder,Jamison Crowder,WR,WR,"https://static.www.nfl.com/image/upload/f_auto,q_auto/league/rfysbrjrvfdr72cx8who",7,WAS,0,0,0,0,0,0,0,0,0,0,0,0,,0,,,0,0,0,0,0,0,,0,16,20,159,1,0,0,122,80,8,5.32099037486489,0,1.30327868852459,0.0696864111498258,0.0639412997903564,0.149288526577988,0,21.9,37.9
2023,REG+POST,00-0032062,B.Bell,Blake Bell,TE,TE,"https://static.www.nfl.com/image/private/f_auto,q_auto/league/eqrmmjto8koqqc9j2kjj",6,KC,0,0,0,0,0,0,0,0,0,0,0,0,,0,,,0,0,0,0,0,0,,0,5,9,26,1,1,1,30,19,1,-12.218715450319,0,0.866666666666667,0.0410958904109589,0.0205902539464653,0.0760570133789641,0,6.6,11.6
2023,REG+POST,00-0032104,A.Abdullah,Ameer Abdullah,RB,RB,"https://static.www.nfl.com/image/upload/f_auto,q_auto/league/atwi5p12mlgnsl4y8cgt",16,LV,0,0,0,0,0,0,0,0,0,0,0,0,,0,,,15,89,0,0,0,6,2.60262565822679,0,19,24,131,0,0,0,46,88,4,-14.2594693582509,0,2.84782608695652,0.0493827160493827,0.0118251928020566,0.0823517090355137,0,22.0,41.0
2023,REG+POST,00-0032128,C.Conley,Chris Conley,WR,WR,"https://static.www.nfl.com/image/upload/f_auto,q_auto/league/mr4h7vx02uwpr7xlfk6y",3,SF,0,0,0,0,0,0,0,0,0,0,0,0,,0,,,0,0,0,0,0,0,,0,5,8,104,0,0,0,108,29,4,5.01717346720398,0,0.962962962962963,0.0816326530612245,0.129651860744298,0.213205282112845,0,10.4,15.4
2023,REG+POST,00-0032134,C.Uzomah,C.J. Uzomah,TE,TE,"https://static.www.nfl.com/image/private/f_auto,q_auto/league/hnkflpl5pzbfbdvtcv1c",7,NYJ,0,0,0,0,0,0,0,0,0,0,0,0,,0,,,0,0,0,0,0,0,,0,8,12,58,1,0,0,64,33,5,-3.38903699922957,0,0.90625,0.0489795918367347,0.0347448425624321,0.0977907775488045,0,11.8,19.8
2023,REG+POST,00-0032141,G.Swaim,Geoff Swaim,TE,TE,"https://static.www.nfl.com/image/upload/f_auto,q_auto/league/kecuhwgbqvlqt6gb0dz6",7,ARI,0,0,0,0,0,0,0,0,0,0,0,0,,0,,,0,0,0,0,0,0,,0,10,11,94,0,0,0,60,30,4,6.6409618902544,0,1.56666666666667,0.0488888888888889,0.0338028169014084,0.0969953051643192,0,9.4,19.4
2023,REG+POST,00-0032144,M.Gordon,Melvin Gordon,RB,RB,"https://static.www.nfl.com/image/private/f_auto,q_auto/league/i4g8x7yotpgszlyanow0",4,BAL,0,0,0,0,0,0,0,0,0,0,0,0,,0,,,26,81,1,1,1,4,-7.11024274167721,0,3,3,46,0,0,0,18,28,3,3.14673605596181,0,2.55555555555556,0.0625,0.059016393442623,0.135061475409836,0,16.7,19.7
2023,REG+POST,00-0032156,T.Siemian,Trevor Siemian,QB,QB,"https://static.www.nfl.com/image/private/f_auto,q_auto/league/vmksfbms9zefxezf39sb",5,NYJ,86,153,724,2,4,8,40,4,2,814,471,35,-54.5947052367237,0,0.889434889434889,-0.0214201509262629,11,40,0,1,1,5,-7.30983807716984,0,0,0,0,0,0,0,0,0,0,,0,,,,,0,26.96,26.96
2023,REG+POST,00-0032200,T.Montgomery,Ty Montgomery,WR,WR,"https://static.www.nfl.com/image/private/f_auto,q_auto/league/eagn4fvhnc9cp3wxeqoz",7,NE,0,0,0,0,0,0,0,0,0,0,0,0,,0,,,3,9,0,0,0,0,-0.309810214443132,0,5,12,40,0,0,0,90,27,3,-8.51542696508113,0,0.444444444444444,0.0547945205479452,0.05625,0.121566780821918,0,4.9,9.9
2023,REG+POST,00-0032208,P.Dorsett,Phillip Dorsett,WR,WR,"https://static.www.nfl.com/image/upload/f_auto,q_auto/league/nwsw01lcnmb5bdcc8glp",2,DEN,0,0,0,0,0,0,0,0,0,0,0,0,,0,,,0,0,0,0,0,0,,0,0,3,0,0,0,0,78,0,0,-1.74880154198036,0,0.0,0.0483870967741936,0.222222222222222,0.228136200716846,0,0.0,0.0
2023,REG+POST,00-0032211,T.Lockett,Tyler Lockett,WR,WR,"https://static.www.nfl.com/image/upload/f_auto,q_auto/league/yz9p4pfwr0iyakhnwj4z",17,SEA,0,0,0,0,0,0,0,0,0,0,0,0,,0,,,0,0,0,0,0,0,,0,79,122,894,5,0,0,1322,210,47,39.1763191702634,2,0.67624810892587,0.223034734917733,0.328202581926514,0.56429390972516,0,123.4,202.4
2023,REG+POST,00-0032217,D.Smith,Donovan Smith,T,OL,"https://static.www.nfl.com/image/private/f_auto,q_auto/league/iivzp0ofngoslzvvb46q",1,KC,0,0,0,0,0,0,0,0,0,0,0,0,,0,,,0,0,0,0,0,0,,0,1,1,0,0,0,0,0,0,0,-1.63936965493485,0,,0.025,,,0,0.0,1.0
2023,REG+POST,00-0032268,M.Mariota,Marcus Mariota,QB,QB,"https://static.www.nfl.com/image/upload/f_auto,q_auto/league/b9ribxqudeehvmjlw0va",2,PHI,15,23,164,1,1,3,11,1,1,178,72,10,-5.11009586436431,0,0.921348314606742,0.0617812333154149,8,52,0,0,0,6,5.67509956477443,0,0,0,0,0,0,0,0,0,0,,0,,,,,0,11.76,11.76
2023,REG+POST,00-0032385,S.Shepard,Sterling Shepard,WR,WR,"https://static.www.nfl.com/image/upload/f_auto,q_auto/league/dphqvpkeselgrselrvma",10,NYG,0,0,0,0,0,0,0,0,0,0,0,0,,0,,,1,6,0,0,0,0,0.484871156775625,0,10,22,57,1,0,0,160,33,4,-11.1380276668125,0,0.35625,0.0733333333333333,0.0692640692640693,0.158484848484848,0,12.3,22.3
2023,REG+POST,00-0032392,A.Hooper,Austin Hooper,TE,TE,"https://static.www.nfl.com/image/upload/f_auto,q_auto/league/hj0ybtjspne3t1cso961",16,LV,0,0,0,0,0,0,0,0,0,0,0,0,,0,,,0,0,0,0,0,0,,0,25,31,234,0,0,0,130,142,12,11.3596193930716,0,1.8,0.0636550308008214,0.0346020761245675,0.119703999488429,0,23.4,48.4
2023,REG+POST,00-0032394,N.Vannett,Nick Vannett,TE,TE,"https://static.www.nfl.com/image/upload/f_auto,q_auto/league/srrlkx2mydsb8gfco6fp",1,LAC,0,0,0,0,0,0,0,0,0,0,0,0,,0,,,0,0,0,0,0,0,,0,1,1,3,0,0,0,3,0,1,0.170080132782459,0,1.0,0.0222222222222222,0.0111111111111111,0.0411111111111111,0,0.3,1.3
2023,REG+POST,00-0032398,C.Moore,Chris Moore,WR,WR,"https://static.www.nfl.com/image/upload/f_auto,q_auto/league/dzzwxblkzpxnauo9iwhi",15,TEN,0,0,0,0,0,0,0,0,0,0,0,0,,0,,,2,39,0,0,0,1,2.09161901893094,0,22,35,424,0,1,0,641,57,16,18.2691164102726,0,0.661466458658346,0.0837320574162679,0.16322892793481,0.239858335678769,0,46.3,68.3
2023,REG+POST,00-0032436,J.Driskel,Jeff Driskel,QB,QB,"https://static.www.nfl.com/image/upload/f_auto,q_auto/league/qvyjv4da7ya6erhqx67m",1,CLE,13,26,166,2,2,3,26,0,0,232,74,8,-10.9572080454091,0,0.71551724137931,-0.0301052342325139,7,33,0,0,0,4,0.475112463056576,0,0,0,0,0,0,0,0,0,0,,0,,,,,0,13.94,13.94
2023,REG+POST,00-0032464,K.Raymond,Kalif Raymond,WR,WR,"https://static.www.nfl.com/image/upload/f_auto,q_auto/league/hogsyuf9rqnzydmhbsht",17,DET,0,0,0,0,0,0,0,0,0,0,0,0,,0,,,7,75,0,0,0,2,3.32727025955683,0,35,44,489,1,0,0,388,214,20,29.9419242755734,0,1.26030927835052,0.0801457194899818,0.100700752660265,0.190709106097158,0,62.4,97.4
2023,REG+POST,00-0032543,A.Erickson,Alex Erickson,WR,WR,"https://static.www.nfl.com/image/private/f_auto,q_auto/league/tnd77vbkyo8srrrkaisu",8,LAC,0,0,0,0,0,0,0,0,0,0,0,0,,0,,,0,0,0,0,0,0,,0,16,29,232,1,0,0,295,58,12,5.39480069826823,0,0.786440677966102,0.0969899665551839,0.136700648748842,0.241175403956965,0,29.2,45.2
2023,REG+POST,00-0032688,R.Chosen,Robbie Chosen,WR,WR,"https://static.www.nfl.com/image/private/f_auto,q_auto/league/hkcncqfwusv19fah3mbt",5,MIA,0,0,0,0,0,0,0,0,0,0,0,0,,0,,,0,0,0,0,0,0,,0,4,6,126,1,0,0,141,31,3,2.15325949370163,0,0.893617021276596,0.0352941176470588,0.109984399375975,0.129930256033771,0,18.6,22.6
2023,REG+POST,00-0032764,D.Henry,Derrick Henry,RB,RB,"https://static.www.nfl.com/image/upload/f_auto,q_auto/league/m7bv3lv9puapabltvykk",17,TEN,2,3,14,2,0,0,0,0,0,27,0,2,4.52241072434117,0,0.518518518518519,,280,1167,12,0,0,63,-2.09850315903817,0,28,36,214,0,0,0,-100,275,7,3.17448094932479,0,-2.14,0.0841121495327103,-0.0243427458617332,0.109128302195852,0,218.66,246.66
2023,REG+POST,00-0032765,M.Thomas,Michael Thomas,WR,WR,"https://static.www.nfl.com/image/private/f_auto,q_auto/league/sxldsbuw65hfmkzqhw96",10,NO,0,0,0,0,0,0,0,0,0,0,0,0,,0,,,0,0,0,0,0,0,,0,39,64,448,1,0,0,650,100,21,12.6081090965074,0,0.689230769230769,0.175824175824176,0.202492211838006,0.405480812022868,0,50.8,89.8
2023,REG+POST,00-0032775,D.Robinson,Demarcus Robinson,WR,WR,"https://static.www.nfl.com/image/upload/f_auto,q_auto/league/lakf0xue1qqb7ed4p6ge",9,LA,0,0,0,0,0,0,0,0,0,0,0,0,,0,,,1,23,0,0,0,1,1.35725784057286,0,29,45,415,4,2,1,604,91,23,17.9986296110649,0,0.687086092715232,0.154109589041096,0.27442071785552,0.423258886060508,0,65.8,94.8
2023,REG+POST,00-0032918,C.Ham,C.J. Ham,FB,RB,"https://static.www.nfl.com/image/upload/f_auto,q_auto/league/a23fezyvrzsse3q8yuxi",6,MIN,0,0,0,0,0,0,0,0,0,0,0,0,,0,,,1,7,0,0,0,0,0.349452974973246,0,7,9,25,0,0,0,10,20,1,-5.41493847593665,0,2.5,0.0471204188481675,0.0059066745422327,0.0748153004518142,0,3.2,10.2
2023,REG+POST,00-0032950,C.Wentz,Carson Wentz,QB,QB,"https://static.www.nfl.com/image/upload/f_auto,q_auto/league/jtwkpwc18ivthztykkc8",1,LA,17,24,163,2,1,2,14,0,0,159,65,11,7.06485306221293,1,1.0251572327044,0.181530365591125,17,56,1,0,0,4,0.964001336600631,0,0,0,0,0,0,0,0,0,0,,0,,,,,0,26.12,26.12
2023,REG+POST,00-0032951,L.Treadwell,Laquon Treadwell,WR,WR,"https://static.www.nfl.com/image/upload/f_auto,q_auto/league/vhqspz1ssz3ncmgfvmsk",1,BAL,0,0,0,0,0,0,0,0,0,0,0,0,,0,,,0,0,0,0,0,0,,0,1,3,16,0,0,0,36,0,1,0.203097385237925,0,0.444444444444444,0.115384615384615,0.235294117647059,0.337782805429864,0,1.6,2.6
2023,REG+POST,00-0032975,J.Williams,Jonathan Williams,RB,RB,"https://static.www.nfl.com/image/private/f_auto,q_auto/league/dnlboggtjcflj9fxauub",1,WAS,0,0,0,0,0,0,0,0,0,0,0,0,,0,,,1,-2,0,0,0,0,-0.994746600277722,0,0,1,0,0,0,0,-1,0,0,-1.43574621761218,0,0.0,0.0294117647058824,-0.0028818443804034,0.0421003559925411,0,-0.2,-0.2
2023,REG+POST,00-0033009,T.Boyd,Tyler Boyd,WR,WR,"https://static.www.nfl.com/image/upload/f_auto,q_auto/league/ttifog0hjxprlhkagugu",17,CIN,0,1,0,0,1,0,0,0,0,-8,0,0,-6.52706873958232,0,0.0,,2,11,0,0,0,1,0.732716073223855,0,67,98,667,2,0,0,629,279,28,5.828839830408,0,1.060413354531,0.165540540540541,0.168361884368308,0.366164129868627,0,77.8,144.8
2023,REG+POST,00-0033040,T.Hill,Tyreek Hill,WR,WR,"https://static.www.nfl.com/image/upload/f_auto,q_auto/league/gdwjlpbkenmnsibawkht",17,MIA,0,0,0,0,0,0,0,0,0,0,0,0,,0,,,6,15,0,0,0,2,-1.17754232732113,0,124,179,1861,14,1,1,1930,683,84,90.251496906895,0,0.964248704663212,0.319073083778966,0.43138131426017,0.780576545650568,0,269.6,393.6
2023,REG+POST,00-0033045,E.Elliott,Ezekiel Elliott,RB,RB,"https://static.www.nfl.com/image/upload/f_auto,q_auto/league/d4yr6htg4dbs0bgcfqnd",17,NE,0,0,0,0,0,0,0,0,0,0,0,0,,0,,,184,642,3,1,0,33,-27.2827446409823,0,51,65,313,2,1,1,-42,374,12,-10.107500240426,0,-7.45238095238095,0.138004246284501,-0.0122022080185938,0.198464823813736,0,123.5,174.5
2023,REG+POST,00-0033077,D.Prescott,Dak Prescott,QB,QB,"https://static.www.nfl.com/image/upload/f_auto,q_auto/league/xmtaggdnhuyl4pdwtv8j",18,DAL,451,650,4919,39,11,43,271,2,1,5101,2114,247,115.319461694446,2,0.964320721427171,0.158821792514218,61,287,2,1,1,25,18.5530246705166,1,0,0,0,0,0,0,0,0,0,,0,,,,,0,373.46,373.46
2023,REG+POST,00-0033090,H.Henry,Hunter Henry,TE,TE,"https://static.www.nfl.com/image/private/f_auto,q_auto/league/sdjob9akppefyo7py5tj",13,NE,0,0,0,0,0,0,0,0,0,0,0,0,,0,,,0,0,0,0,0,0,,0,42,61,419,6,1,0,538,78,29,18.4656097208568,0,0.778810408921933,0.144549763033175,0.169930511686671,0.335776002730433,0,77.9,119.9
2023,REG+POST,00-0033106,J.Goff,Jared Goff,QB,QB,"https://static.www.nfl.com/image/upload/f_auto,q_auto/league/jxyaiwwkabzmmphouxil",20,DET,484,716,5412,34,12,37,242,5,2,4820,2587,277,108.004871757197,2,1.12282157676349,0.111802304500787,41,24,2,2,2,6,-24.5452969820874,0,0,0,0,0,0,0,0,0,0,,0,,,,,0,338.88,338.88
2023,REG+POST,00-0033110,T.Higbee,Tyler Higbee,TE,TE,"https://static.www.nfl.com/image/private/f_auto,q_auto/league/vk9c6lr4d1pdt9sr86ua",16,LA,0,0,0,0,0,0,0,0,0,0,0,0,,0,,,0,0,0,0,0,0,,0,47,71,495,2,0,0,416,246,26,18.3345786111042,0,1.18990384615385,0.13472485768501,0.100361881785283,0.272340603777213,0,61.5,108.5
2023,REG+POST,00-0033118,K.Drake,Kenyan Drake,RB,RB,"https://static.www.nfl.com/image/private/f_auto,q_auto/league/rp5apwel9vuk49b4lykn",2,GB,0,0,0,0,0,0,0,0,0,0,0,0,,0,,,2,0,0,0,0,0,-0.903356734546833,0,2,3,31,0,1,1,-4,36,0,-3.83436410798458,0,-7.75,0.1,-0.0212765957446809,0.135106382978723,0,1.1,3.1
2023,REG+POST,00-0033119,J.Brissett,Jacoby Brissett,QB,QB,"https://static.www.nfl.com/image/upload/f_auto,q_auto/league/dps7iuuc2zwl68yppqux",2,WAS,18,23,224,3,0,0,0,0,0,178,70,10,16.3757347961364,0,1.25842696629213,0.38309712777075,3,19,0,0,0,0,1.29595495137619,0,0,0,0,0,0,0,0,0,0,,0,,,,,0,22.86,22.86
2023,REG+POST,00-0033217,M.Alie-Cox,Mo Alie-Cox,TE,TE,"https://static.www.nfl.com/image/upload/f_auto,q_auto/league/f4orwwthvtcyd3vfqjvs",13,IND,0,0,0,0,0,0,0,0,0,0,0,0,,0,,,0,0,0,0,0,0,,0,13,22,161,3,0,0,222,80,9,6.50959054116403,1,0.725225225225225,0.0568475452196382,0.0745216515609265,0.137436473922106,0,36.1,49.1
2023,REG+POST,00-0033246,J.Mundt,Johnny Mundt,TE,TE,"https://static.www.nfl.com/image/upload/f_auto,q_auto/league/ievumbznrtys9b2esphz",9,MIN,0,0,0,0,0,0,0,0,0,0,0,0,,0,,,0,0,0,0,0,0,,0,17,23,172,1,0,0,114,94,8,2.7715899897662,0,1.50877192982456,0.0716510903426791,0.0458383594692401,0.139563487142487,0,23.2,40.2
2023,REG+POST,00-0033251,Z.Pascal,Zach Pascal,WR,WR,"https://static.www.nfl.com/image/upload/f_auto,q_auto/league/pfhgz8ofqgoubhnuqtme",9,ARI,0,0,0,0,0,0,0,0,0,0,0,0,,0,,,0,0,0,0,0,0,,0,4,15,19,0,0,0,160,12,1,-17.3919837206195,0,0.11875,0.0511945392491468,0.0694745983499783,0.125424027718705,0,1.9,5.9
2023,REG+POST,00-0033275,P.Walker,P.J. Walker,QB,QB,"https://static.www.nfl.com/image/upload/f_auto,q_auto/league/rfbfapksdwh1o4othraq",5,CLE,54,111,674,1,5,11,90,3,2,902,398,27,-34.9647333648879,0,0.747228381374723,-0.0463411967027649,13,30,0,1,0,3,-5.25156283569355,0,0,0,0,0,0,0,0,0,0,,0,,,,,0,19.96,19.96
2023,REG+POST,00-0033280,C.McCaffrey,Christian McCaffrey,RB,RB,"https://static.www.nfl.com/image/upload/f_auto,q_auto/league/umiv5sn2xxrjdjwjtkqm",19,SF,0,0,0,0,0,0,0,0,0,0,0,0,,0,,,331,1727,18,3,3,98,12.0509664340352,0,86,108,716,8,1,0,191,603,36,7.78999176899403,0,3.74869109947644,0.19672131147541,0.0448146410136086,0.326452215922641,0,394.3,480.3
2023,REG+POST,00-0033282,C.Samuel,Curtis Samuel,WR,WR,"https://static.www.nfl.com/image/upload/f_auto,q_auto/league/mq62ulflifrpjrcyknbj",16,WAS,0,0,0,0,0,0,0,0,0,0,0,0,,0,,,7,39,1,0,0,4,3.76068455530913,0,62,91,613,4,0,0,598,260,26,6.00624226880546,0,1.02508361204013,0.163375224416517,0.150402414486922,0.350344526765621,0,95.2,157.2
2023,REG+POST,00-0033288,G.Kittle,George Kittle,TE,TE,"https://static.www.nfl.com/image/upload/f_auto,q_auto/league/ivkrikewqqdllzvano8h",19,SF,0,0,0,0,0,0,0,0,0,0,0,0,,0,,,1,2,0,0,0,1,0.564524254761636,0,73,103,1132,7,0,0,995,539,46,67.3055323609157,0,1.13768844221106,0.187613843351548,0.22364576309283,0.437972799192303,0,155.4,228.4
2023,REG+POST,00-0033292,T.Taylor,Trent Taylor,WR,WR,"https://static.www.nfl.com/image/upload/f_auto,q_auto/league/vtuh6trohr5x60eysy87",3,CHI,0,0,0,0,0,0,0,0,0,0,0,0,,0,,,1,-2,0,0,0,0,-1.35151642374694,0,0,2,0,0,0,0,0,0,0,-1.29930671525653,0,,0.0357142857142857,0.0,0.0535714285714286,0,-0.2,-0.2
2023,REG+POST,00-0033293,A.Jones,Aaron Jones,RB,RB,"https://static.www.nfl.com/image/upload/f_auto,q_auto/league/bktkfvgfwujkdbzkcfim",13,GB,0,0,0,0,0,0,0,0,0,0,0,0,,0,,,181,882,5,1,1,48,10.6532560350897,0,34,50,254,1,1,0,-57,297,14,5.70995119453511,1,-4.45614035087719,0.120481927710843,-0.0165026056745802,0.169171067594059,0,149.6,183.6
2023,REG+POST,00-0033296,A.Armah,Alex Armah,RB,RB,"https://static.www.nfl.com/image/private/f_auto,q_auto/league/pvbqmdwlukehpxovupsg",3,WAS,0,0,0,0,0,0,0,0,0,0,0,0,,0,,,0,0,0,0,0,0,,0,3,3,13,0,0,0,-14,27,1,0.974758734868374,0,-0.928571428571429,0.0247933884297521,-0.0187416331994645,0.0240709394050029,0,1.3,4.3
2023,REG+POST,00-0033307,K.Bourne,Kendrick Bourne,WR,WR,"https://static.www.nfl.com/image/private/f_auto,q_auto/league/vrovcaqql9p6xsycko83",8,NE,0,0,0,0,0,0,0,0,0,0,0,0,,0,,,1,4,0,0,0,1,0.639063570182771,0,37,55,406,4,1,1,574,203,15,-9.54042537394778,0,0.707317073170732,0.202205882352941,0.276893391220453,0.497134197383729,0,63.0,100.0
2023,REG+POST,00-0033308,M.Breida,Matt Breida,RB,RB,"https://static.www.nfl.com/image/private/f_auto,q_auto/league/rc4m1xw0xmtsrxswd0bg",15,NYG,0,0,0,0,0,0,0,0,0,0,0,0,,0,,,55,151,1,0,0,7,-13.7199769179547,0,17,21,88,0,1,0,1,89,2,-9.7265229052864,0,88.0,0.0630630630630631,0.0004284490145672,0.0948945089047917,0,29.9,46.9
2023,REG+POST,00-0033319,N.Mullens,Nick Mullens,QB,QB,"https://static.www.nfl.com/image/upload/f_auto,q_auto/league/xkbzegq3t29ean26xyp0",5,MIN,100,148,1306,7,8,12,105,2,0,1380,477,57,12.2968687689239,0,0.946376811594203,0.111695089937397,10,25,0,0,0,4,-0.0232959198627918,0,0,0,0,0,0,0,0,0,0,,0,,,,,0,66.74,66.74
2023,REG+POST,00-0033357,T.Hill,Taysom Hill,TE,TE,"https://static.www.nfl.com/image/upload/f_auto,q_auto/league/q8itjlocg5do60qat4l3",16,NO,6,11,83,1,0,2,4,0,0,126,18,4,1.45840688463068,0,0.658730158730159,-0.0039247310899917,81,401,4,1,1,26,7.23741189094567,0,33,40,291,2,0,0,209,133,11,10.07928946876,0,1.39234449760766,0.0773694390715667,0.0548412490160063,0.154443032918555,0,110.52,143.52
2023,REG+POST,00-0033376,P.Ricard,Patrick Ricard,FB,RB,"https://static.www.nfl.com/image/upload/f_auto,q_auto/league/dwnktpq9tu98n7ozspri",6,BAL,0,0,0,0,0,0,0,0,0,0,0,0,,0,,,0,0,0,0,0,0,,0,5,7,52,1,0,0,19,35,3,-2.30552407115465,0,2.73684210526316,0.0454545454545455,0.0150793650793651,0.0787373737373737,0,11.2,16.2
2023,REG+POST,00-0033439,P.Brown,Pharaoh Brown,TE,TE,"https://static.www.nfl.com/image/upload/f_auto,q_auto/league/ab0kbxsmasznlccuezcq",9,NE,0,0,0,0,0,0,0,0,0,0,0,0,,0,,,0,0,0,0,0,0,,0,13,15,208,1,1,1,104,121,8,5.46975368086714,0,2.0,0.0583657587548638,0.0595988538681948,0.129267835840032,0,24.8,37.8
2023,REG+POST,00-0033455,A.Firkser,Anthony Firkser,TE,TE,"https://static.www.nfl.com/image/upload/f_auto,q_auto/league/rpbs9wsnuhu9tgipzwuv",1,DET,0,0,0,0,0,0,0,0,0,0,0,0,,0,,,0,0,0,0,0,0,,0,1,1,8,0,0,0,4,4,0,1.17163440826698,0,2.0,0.025,0.0107816711590297,0.0450471698113208,0,0.8,1.8
2023,REG+POST,00-0033466,I.McKenzie,Isaiah McKenzie,WR,WR,"https://static.www.nfl.com/image/upload/f_auto,q_auto/league/gy6grhpxsegfgklfadte",9,IND,0,0,0,0,0,0,0,0,0,0,0,0,,0,,,3,14,0,0,0,0,-0.511582356295548,0,11,14,82,0,0,0,35,72,4,2.21491720260481,0,2.34285714285714,0.0703517587939699,0.0234584450402145,0.121948549719105,0,9.6,20.6
2023,REG+POST,00-0033526,S.Perine,Samaje Perine,RB,RB,"https://static.www.nfl.com/image/upload/f_auto,q_auto/league/liorwdmj8gelxh5u7rc4",17,DEN,0,0,0,0,0,0,0,0,0,0,0,0,,0,,,53,238,1,1,1,14,-9.49174770995859,0,50,56,455,0,2,1,-10,462,23,12.1308481818675,0,-45.5,0.117400419287212,-0.0029411764705882,0.174041805401406,0,71.3,121.3
2023,REG+POST,00-0033536,M.Williams,Mike Williams,WR,WR,"https://static.www.nfl.com/image/upload/f_auto,q_auto/league/vwu8nudrnk3l7samz8mf",3,LAC,0,0,0,0,0,0,0,0,0,0,0,0,,0,,,1,3,0,0,0,0,-0.290569082833827,0,19,26,249,1,0,0,307,108,9,12.8527149014459,0,0.811074918566775,0.220338983050847,0.314549180327869,0.550692900805779,0,31.2,50.2
2023,REG+POST,00-0033537,D.Watson,Deshaun Watson,QB,QB,"https://static.www.nfl.com/image/private/f_auto,q_auto/league/otfs2docj6eahaebo5xn",6,CLE,105,171,1115,7,4,17,85,3,1,1593,499,52,-18.950161800698,0,0.699937225360954,0.0516577826372407,26,142,1,1,1,10,6.77837510554055,3,0,0,0,0,0,0,0,0,0,,0,,,,,0,86.8,86.8
2023,REG+POST,00-0033553,J.Conner,James Conner,RB,RB,"https://static.www.nfl.com/image/upload/f_auto,q_auto/league/rtvys5j7sxjrlbpy5iim",13,ARI,0,0,0,0,0,0,0,0,0,0,0,0,,0,,,208,1040,7,0,0,57,13.9430584581037,0,27,33,165,2,0,0,-23,221,11,4.21923359669745,0,-7.17391304347826,0.09375,-0.0093762739502649,0.134061608234815,0,174.5,201.5
2023,REG+POST,00-0033555,M.Hollins,Mack Hollins,WR,WR,"https://static.www.nfl.com/image/upload/f_auto,q_auto/league/xchw7quzjszgrm6psbyg",9,ATL,0,0,0,0,0,0,0,0,0,0,0,0,,0,,,0,0,0,0,0,0,,0,18,30,251,0,0,0,375,55,9,9.69830800792982,0,0.669333333333333,0.0986842105263158,0.145461598138092,0.249849434486138,0,25.1,43.1
2023,REG+POST,00-0033557,J.Reeves-Maybin,Jalen Reeves-Maybin,OLB,LB,"https://static.www.nfl.com/image/upload/f_auto,q_auto/league/oczccxuvy4ltvjy4fhmu",3,DET,1,1,31,0,0,0,0,0,0,22,9,1,4.14300359913614,0,1.40909090909091,,2,3,0,0,0,1,-0.660682837013155,0,0,0,0,0,0,0,0,0,0,,0,,,,,0,1.54,1.54
2023,REG+POST,00-0033572,J.Agnew,Jamal Agnew,WR,WR,"https://static.www.nfl.com/image/private/f_auto,q_auto/league/at0skjo9xsjgobkvqqz5",8,JAX,0,0,0,0,0,0,0,0,0,0,0,0,,0,,,4,-2,0,0,0,0,-2.7079194545513,0,14,21,225,1,1,1,253,76,8,2.57968109146422,0,0.889328063241107,0.0954545454545455,0.146327356853673,0.245610967979389,0,26.3,40.3
2023,REG+POST,00-0033576,E.Saubert,Eric Saubert,TE,TE,"https://static.www.nfl.com/image/upload/f_auto,q_auto/league/pxcadtlbynaz2qbffpei",3,HOU,0,0,0,0,0,0,0,0,0,0,0,0,,0,,,0,0,0,0,0,0,,0,3,3,12,0,0,0,6,6,1,0.532490984536707,0,2.0,0.0357142857142857,0.0085836909871244,0.0595800122624157,0,1.2,4.2
2023,REG+POST,00-0033589,D.Moore,David Moore,WR,WR,"https://static.www.nfl.com/image/upload/f_auto,q_auto/league/i2esmsczxxoq7pzvg6yf",8,TB,0,0,0,0,0,0,0,0,0,0,0,0,,0,,,0,0,0,0,0,0,,0,8,11,171,2,0,0,96,104,6,10.0032173043755,0,1.78125,0.0424710424710425,0.045091592296853,0.0952706783143608,0,29.1,37.1
2023,REG+POST,00-0033591,N.Brown,Noah Brown,WR,WR,"https://static.www.nfl.com/image/upload/f_auto,q_auto/league/nv6ix0p8965yiugsuhwh",11,HOU,0,0,0,0,0,0,0,0,0,0,0,0,,0,,,1,-1,0,0,0,0,-1.10926906615239,0,33,56,567,2,0,0,675,223,24,19.9878483811661,0,0.84,0.156862745098039,0.219155844155844,0.38870320855615,0,68.6,101.6
2023,REG+POST,00-0033662,C.Rush,Cooper Rush,QB,QB,"https://static.www.nfl.com/image/upload/f_auto,q_auto/league/amuag2qiwa9veml1lhvs",7,DAL,18,24,144,0,1,1,8,0,0,215,80,7,-5.23994774756922,0,0.669767441860465,0.0642360402326198,12,-5,0,0,0,1,-5.68589237047127,0,0,0,0,0,0,0,0,0,0,,0,,,,,0,3.26,3.26
2023,REG+POST,00-0033699,A.Ekeler,Austin Ekeler,RB,RB,"https://static.www.nfl.com/image/upload/f_auto,q_auto/league/sldndpn2zwt4uhkj2zks",14,LAC,0,0,0,0,0,0,0,0,0,0,0,0,,0,,,179,628,5,3,2,34,-41.1234789901547,0,51,74,436,1,2,2,-82,533,21,-13.3227430220989,0,-5.31707317073171,0.147117296222664,-0.0230466554243957,0.204543285536919,0,134.4,185.4
2023,REG+POST,00-0033729,C.Johnston,Cameron Johnston,P,SPEC,"https://static.www.nfl.com/image/upload/f_auto,q_auto/league/kdnanuxkg718fi6qtn5m",1,HOU,0,0,0,0,0,0,0,0,0,0,0,0,,0,,,1,-23,0,0,0,0,-1.83287000830751,0,0,0,0,0,0,0,0,0,0,,0,,,,,0,-2.3,-2.3
2023,REG+POST,00-0033757,R.Tonyan,Robert Tonyan,TE,TE,"https://static.www.nfl.com/image/upload/f_auto,q_auto/league/y6enyobsifpchm2yhq9c",11,CHI,0,0,0,0,0,0,0,0,0,0,0,0,,0,,,0,0,0,0,0,0,,0,11,17,112,0,0,0,145,57,6,3.74735239456641,0,0.772413793103448,0.0551948051948052,0.0623924268502582,0.126466906587389,0,11.2,22.2
2023,REG+POST,00-0033854,D.Ogunbowale,Dare Ogunbowale,RB,RB,"https://static.www.nfl.com/image/upload/f_auto,q_auto/league/kzthvzy64jesgizjthwx",7,HOU,0,0,0,0,0,0,0,0,0,0,0,0,,0,,,10,42,0,0,0,2,-3.36661483106036,0,3,8,31,0,0,0,36,13,0,-10.0575464519206,0,0.861111111111111,0.0479041916167665,0.0257695060844667,0.0898949416842764,0,7.3,10.3
2023,REG+POST,00-0033856,L.Fournette,Leonard Fournette,RB,RB,"https://static.www.nfl.com/image/private/f_auto,q_auto/league/atxppoc7zqcjnbnk0awz",2,BUF,0,0,0,0,0,0,0,0,0,0,0,0,,0,,,12,40,0,0,0,2,-1.12259652133798,0,0,0,0,0,0,0,0,0,0,,0,,,,,0,4.0,4.0
2023,REG+POST,00-0033857,J.Smith-Schuster,JuJu Smith-Schuster,WR,WR,"https://static.www.nfl.com/image/upload/f_auto,q_auto/league/l0hsr6xsbsagzygcqhci",11,NE,0,0,0,0,0,0,0,0,0,0,0,0,,0,,,0,0,0,0,0,0,,0,29,47,260,1,0,0,338,94,13,-10.3457660471322,0,0.769230769230769,0.128767123287671,0.116914562435144,0.274990878636107,0,32.0,61.0
2023,REG+POST,00-0033858,J.Smith,Jonnu Smith,TE,TE,"https://static.www.nfl.com/image/upload/f_auto,q_auto/league/p8uldtljkzb6sile3wgx",15,ATL,0,1,0,0,0,0,0,0,0,7,0,0,-0.861830357287545,0,0.0,,1,0,0,0,0,0,-0.42153468017932,0,50,70,582,3,1,1,458,357,26,9.00675330337597,0,1.2707423580786,0.148936170212766,0.114844533600802,0.303795428839711,0,74.2,124.2
2023,REG+POST,00-0033863,D.Skipper,Dan Skipper,T,OL,"https://static.www.nfl.com/image/upload/f_auto,q_auto/league/mmfnkf08m0wuj8slyb4c",1,DET,0,0,0,0,0,0,0,0,0,0,0,0,,0,,,0,0,0,0,0,0,,0,1,1,4,0,0,0,-1,5,0,-0.0089290724135935,0,0.0,0.032258064516129,-0.0040160642570281,0.0455758517942739,0,0.4,1.4
2023,REG+POST,00-0033869,M.Trubisky,Mitchell Trubisky,QB,QB,"https://static.www.nfl.com/image/upload/f_auto,q_auto/league/jetjlsljpb3shogn5grq",5,PIT,67,107,632,4,5,7,42,0,0,983,274,36,-19.6495319398425,1,0.64292980671414,0.0117854234848865,16,54,2,1,1,6,-0.689964002172928,0,0,0,0,0,0,0,0,0,0,,0,,,,,0,48.68,48.68
2023,REG+POST,00-0033873,P.Mahomes,Patrick Mahomes,QB,QB,"https://static.www.nfl.com/image/upload/f_auto,q_auto/league/qrdbvu4iqy7wkqg8jq8d",20,KC,505,746,5234,33,15,32,205,5,3,4846,3091,259,86.9381060380435,0,1.08006603384234,0.132183618183232,98,530,0,3,0,36,22.5028032549912,0,0,0,0,0,0,0,0,0,0,,0,,,,,0,358.36,358.36
2023,REG+POST,00-0033881,E.Engram,Evan Engram,TE,TE,"https://static.www.nfl.com/image/upload/f_auto,q_auto/league/sea0atk2feif4n75dvq8",17,JAX,0,0,0,0,0,0,0,0,0,0,0,0,,0,,,0,0,0,0,0,0,,0,114,143,963,4,3,2,716,516,47,11.1923422876705,0,1.34497206703911,0.235584843492587,0.145973496432212,0.455558712741428,0,116.3,230.3
2023,REG+POST,00-0033885,D.Njoku,David Njoku,TE,TE,"https://static.www.nfl.com/image/private/f_auto,q_auto/league/ilvxwdllivrvwbuj69cm",17,CLE,0,0,0,0,0,0,0,0,0,0,0,0,,0,,,0,0,0,0,0,0,,0,88,134,975,6,2,2,701,618,39,-9.50715540275592,0,1.39087018544936,0.217886178861789,0.137101505965187,0.422800322468314,0,129.5,217.5
2023,REG+POST,00-0033891,Z.Jones,Zay Jones,WR,WR,"https://static.www.nfl.com/image/upload/f_auto,q_auto/league/uxtqpnwdviolravhnrkw",9,JAX,0,0,0,0,0,0,0,0,0,0,0,0,,0,,,0,0,0,0,0,0,,0,34,64,321,2,0,0,871,51,14,-4.41660873523967,0,0.368541905855339,0.183381088825215,0.287933884297521,0.476625352246087,0,44.1,78.1
2023,REG+POST,00-0033893,D.Cook,Dalvin Cook,RB,RB,"https://static.www.nfl.com/image/upload/f_auto,q_auto/league/uurolop9ktcloxqh4fid",15,BAL,0,0,0,0,0,0,0,0,0,0,0,0,,0,,,75,237,0,2,2,11,-26.319714879124,0,15,20,78,0,0,0,-23,106,3,-2.27413272217382,0,-3.39130434782609,0.0505050505050505,-0.0098374679213002,0.0688713482126656,0,27.5,42.5
2023,REG+POST,00-0033895,G.Everett,Gerald Everett,TE,TE,"https://static.www.nfl.com/image/upload/f_auto,q_auto/league/aayw74rhaupmfnnikzak",15,LAC,0,0,0,0,0,0,0,0,0,0,0,0,,0,,,3,10,0,0,0,0,-0.736174520337954,0,51,70,411,3,3,0,282,275,25,7.63298667292111,0,1.45744680851064,0.12962962962963,0.0693044974195134,0.242957592638104,0,60.1,111.1
2023,REG+POST,00-0033897,J.Mixon,Joe Mixon,RB,RB,"https://static.www.nfl.com/image/upload/f_auto,q_auto/league/gwyhozfhjgedwdmmjjcf",17,CIN,0,0,0,0,0,0,0,0,0,0,0,0,,0,,,257,1034,9,0,0,59,-18.0473119154472,0,52,64,376,3,0,0,-114,463,14,2.29845626563313,1,-3.29824561403509,0.108108108108108,-0.0335294117647059,0.138691573926868,0,215.0,267.0
2023,REG+POST,00-0033906,A.Kamara,Alvin Kamara,RB,RB,"https://static.www.nfl.com/image/private/f_auto,q_auto/league/tl9enad6kiwv6cukf4vt",13,NO,0,0,0,0,0,0,0,0,0,0,0,0,,0,,,180,694,5,0,0,42,-3.14502008270938,2,75,86,466,1,0,0,5,501,23,2.29824011511063,1,93.2,0.189845474613687,0.0015114873035066,0.285826253032985,0,158.0,233.0
2023,REG+POST,00-0033908,C.Kupp,Cooper Kupp,WR,WR,"https://static.www.nfl.com/image/upload/f_auto,q_auto/league/sq7zwzcgrajuk0hwwph2",13,LA,0,0,0,0,0,0,0,0,0,0,0,0,,0,,,1,-3,0,0,0,0,-0.944882621057332,0,64,104,764,5,0,0,849,327,35,8.49144348780735,1,0.899882214369847,0.25615763546798,0.270296084049666,0.573443712036737,0,108.1,172.1
2023,REG+POST,00-0033921,C.Godwin,Chris Godwin,WR,WR,"https://static.www.nfl.com/image/upload/f_auto,q_auto/league/al7b3dzqhysgve7l5lke",19,TB,0,1,0,0,0,0,0,0,0,18,0,0,-0.711173077928834,0,0.0,,4,38,1,0,0,3,3.31536769098602,0,91,143,1109,3,0,0,1310,406,57,47.9123767593032,1,0.846564885496183,0.229166666666667,0.245410266017235,0.515537186212065,0,140.7,231.7
2023,REG+POST,00-0033923,K.Hunt,Kareem Hunt,RB,RB,"https://static.www.nfl.com/image/upload/f_auto,q_auto/league/mm0t1ghvbpdhy6m5utcq",16,CLE,0,0,0,0,0,0,0,0,0,0,0,0,,0,,,143,437,10,0,0,40,-5.76359297252063,0,20,27,93,1,0,0,-15,117,6,-6.65989522397285,0,-6.2,0.0579399141630901,-0.0040268456375838,0.0840910792983265,0,119.0,139.0
2023,REG+POST,00-0033925,D.Foreman,D'Onta Foreman,RB,RB,"https://static.www.nfl.com/image/upload/f_auto,q_auto/league/shlxaet74pmn8arznphw",9,CHI,0,0,0,0,0,0,0,0,0,0,0,0,,0,,,109,425,4,1,0,24,-4.14315042519593,0,11,16,77,1,0,0,21,65,6,1.20445104618557,0,3.66666666666667,0.0851063829787234,0.020812685827552,0.142228454547372,0,80.2,91.2
2023,REG+POST,00-0033936,C.Beathard,C.J. Beathard,QB,QB,"https://static.www.nfl.com/image/private/f_auto,q_auto/league/yw8euaevcvwswbx5w27w",6,JAX,40,53,349,1,0,6,27,0,0,339,150,19,5.58071499202448,0,1.02949852507375,0.161698164733426,8,35,0,1,0,2,2.02109879528871,0,0,0,0,0,0,0,0,0,0,,0,,,,,0,21.46,21.46
2023,REG+POST,00-0033943,J.Reynolds,Josh Reynolds,WR,WR,"https://static.www.nfl.com/image/upload/f_auto,q_auto/league/ifukozhqlo1728h3gjnp",19,DET,0,0,0,0,0,0,0,0,0,0,0,0,,0,,,0,0,0,0,0,0,,0,48,78,740,6,1,1,814,209,39,17.7427362816537,0,0.909090909090909,0.119815668202765,0.18040780141844,0.306008963297055,0,108.0,156.0
2023,REG+POST,00-0033948,J.Williams,Jamaal Williams,RB,RB,"https://static.www.nfl.com/image/upload/f_auto,q_auto/league/yxrxpgcwq5qwp88vqnp3",13,NO,0,0,0,0,0,0,0,0,0,0,0,0,,0,,,106,306,1,1,0,19,-26.2487587626613,0,18,20,62,0,0,0,-27,87,1,-7.39575353301244,0,-2.2962962962963,0.0573065902578797,-0.0112033195020747,0.0781175617353672,0,42.8,60.8
2023,REG+POST,00-0033949,J.Dobbs,Joshua Dobbs,QB,QB,"https://static.www.nfl.com/image/upload/f_auto,q_auto/league/vjl8nqbcodtgzppwyemb",13,MIN,262,417,2464,13,10,30,217,7,5,3320,1003,126,-80.749657170748,1,0.742168674698795,0.0199090454977899,77,421,6,5,1,31,13.464617508027,2,0,0,0,0,0,0,0,0,0,,0,,,,,0,202.66,202.66
2023,REG+POST,00-0033958,N.Peterman,Nathan Peterman,QB,QB,"https://static.www.nfl.com/image/private/f_auto,q_auto/league/owifll49p0mmsjgf7rhn",1,CHI,0,0,0,0,0,1,5,1,0,0,0,0,-0.094426492229104,0,,,2,-4,0,0,0,0,0.0,0,0,0,0,0,0,0,0,0,0,,0,,,,,0,-0.4,-0.4
2023,REG+POST,00-0034054,R.Cracraft,River Cracraft,WR,WR,"https://static.www.nfl.com/image/upload/f_auto,q_auto/league/y8t968ntco72t8f8ryba",7,MIA,0,0,0,0,0,0,0,0,0,0,0,0,,0,,,0,0,0,0,0,0,,0,11,15,154,1,0,0,122,63,10,7.35375135019422,0,1.26229508196721,0.066079295154185,0.0602766798418972,0.141312618620606,0,21.4,32.4
2023,REG+POST,00-0034073,R.Dwelley,Ross Dwelley,TE,TE,"https://static.www.nfl.com/image/upload/f_auto,q_auto/league/ukd8ctqgskd8q5psumou",2,SF,0,0,0,0,0,0,0,0,0,0,0,0,,0,,,0,0,0,0,0,0,,0,1,2,12,0,0,0,17,12,1,0.572260257089511,0,0.705882352941177,0.0377358490566038,0.0708333333333333,0.106187106918239,0,1.2,2.2
2023,REG+POST,00-0034115,J.Wilson,Jeff Wilson,RB,RB,"https://static.www.nfl.com/image/private/f_auto,q_auto/league/zorqrtlrizlltgd6pnob",10,MIA,0,0,0,0,0,0,0,0,0,0,0,0,,0,,,41,188,0,0,0,8,-0.923272557498422,0,15,19,91,0,0,0,45,78,3,1.89430857538635,0,2.02222222222222,0.0695970695970696,0.0227387569479535,0.120312734259172,0,27.9,42.9
2023,REG+POST,00-0034159,W.Dissly,Will Dissly,TE,TE,"https://static.www.nfl.com/image/upload/f_auto,q_auto/league/opdpeoconvviwkufolxr",12,SEA,0,0,0,0,0,0,0,0,0,0,0,0,,0,,,0,0,0,0,0,0,,0,17,22,172,1,0,0,62,120,8,8.72214725561207,0,2.7741935483871,0.0559796437659033,0.0271453590192645,0.10297121696234,0,23.2,40.2
2023,REG+POST,00-0034171,J.Cabinda,Jason Cabinda,FB,RB,"https://static.www.nfl.com/image/private/f_auto,q_auto/league/nvi4viyciscnso8qgbtn",2,DET,0,0,0,0,0,0,0,0,0,0,0,0,,0,,,1,0,0,0,0,0,-1.80906164087355,0,1,1,0,0,0,0,-3,3,0,-0.819128350587562,0,0.0,0.0238095238095238,-0.0119521912350598,0.0273477518497439,0,0.0,1.0
2023,REG+POST,00-0034177,T.Boyle,Tim Boyle,QB,QB,"https://static.www.nfl.com/image/upload/f_auto,q_auto/league/zmfyonfo6ohn5bxqwaxg",3,NYJ,48,77,360,1,4,9,64,1,0,477,190,16,-30.9875781070184,0,0.754716981132076,-0.0025518666359487,4,5,0,1,0,3,2.69169014767977,0,0,0,0,0,0,0,0,0,0,,0,,,,,0,10.9,10.9
2023,REG+POST,00-0034184,G.Edwards,Gus Edwards,RB,RB,"https://static.www.nfl.com/image/upload/f_auto,q_auto/league/dyobqe3w5eypevsk3f2b",19,BAL,0,0,0,0,0,0,0,0,0,0,0,0,,0,,,211,870,13,2,2,53,-11.4091243628118,1,14,16,195,0,1,0,39,160,6,8.97926728217863,0,5.0,0.055363321799308,0.0166880616174583,0.0947266258311827,0,182.5,196.5
2023,REG+POST,00-0034193,K.Rader,Kevin Rader,TE,TE,"https://static.www.nfl.com/image/private/f_auto,q_auto/league/buopatfei7mdyxxxi9bv",2,TEN,0,0,0,0,0,0,0,0,0,0,0,0,,0,,,0,0,0,0,0,0,,0,1,3,6,0,0,0,32,4,0,-1.12132473732345,0,0.1875,0.0588235294117647,0.0975609756097561,0.156527977044476,0,0.6,1.6
2023,REG+POST,00-0034208,M.Boone,Mike Boone,RB,RB,"https://static.www.nfl.com/image/upload/f_auto,q_auto/league/yeoyrlaf9hlvowj6fdio",7,HOU,0,0,0,0,0,0,0,0,0,0,0,0,,0,,,5,23,0,1,0,2,-1.99815420841333,0,7,9,40,0,0,0,9,33,2,0.0462153304615289,0,4.44444444444444,0.0625,0.0070588235294117,0.0986911764705882,0,6.3,13.3
2023,REG+POST,00-0034270,T.Conklin,Tyler Conklin,TE,TE,"https://static.www.nfl.com/image/upload/f_auto,q_auto/league/chajhumpfogd8effewe6",17,NYJ,0,0,0,0,0,0,0,0,0,0,0,0,,0,,,1,0,0,0,0,0,-3.54223324521445,0,61,87,621,0,0,0,595,246,27,6.41119410259936,0,1.0436974789916,0.154529307282416,0.156826568265683,0.341572558709601,0,62.1,123.1
2023,REG+POST,00-0034272,M.Valdes-Scantling,Marquez Valdes-Scantling,WR,WR,"https://static.www.nfl.com/image/upload/f_auto,q_auto/league/vn2bg6lhyl15xrymtd5g",20,KC,0,0,0,0,0,0,0,0,0,0,0,0,,0,,,0,0,0,0,0,0,,0,29,55,443,2,1,1,979,99,19,5.85090909918154,0,0.452502553626149,0.0782361308677098,0.210356682423722,0.26460387399817,0,54.3,83.3
2023,REG+POST,00-0034279,E.St. Brown,Equanimeous St. Brown,WR,WR,"https://static.www.nfl.com/image/upload/f_auto,q_auto/league/yqojuedjvxtydgd9tgpr",5,CHI,0,0,0,0,0,0,0,0,0,0,0,0,,0,,,0,0,0,0,0,0,,0,5,6,62,0,0,0,53,7,3,2.97172284452245,0,1.16981132075472,0.047244094488189,0.0481818181818182,0.104593414459556,0,6.2,11.2
2023,REG+POST,00-0034286,R.James,Richie James,WR,WR,"https://static.www.nfl.com/image/private/f_auto,q_auto/league/qusoivtzbud2wl0spptz",11,KC,0,0,0,0,0,0,0,0,0,0,0,0,,0,,,0,0,0,0,0,0,,0,11,18,120,0,0,0,148,61,6,2.58784162634402,0,0.810810810810811,0.0460358056265985,0.0578803285099726,0.109569938396879,0,12.0,23.0
2023,REG+POST,00-0034297,B.Pringle,Byron Pringle,WR,WR,"https://static.www.nfl.com/image/private/f_auto,q_auto/league/qgwipkdsunodvqlumsmp",12,WAS,0,0,0,0,0,0,0,0,0,0,0,0,,0,,,0,0,0,0,0,0,,0,14,22,161,0,0,0,297,31,7,1.05966306373011,0,0.542087542087542,0.0466101694915254,0.0865889212827988,0.130527499135247,0,16.1,30.1
2023,REG+POST,00-0034317,K.Kirkwood,Keith Kirkwood,WR,WR,"https://static.www.nfl.com/image/upload/f_auto,q_auto/league/tw1pc3frzclxuf2tqxb8",7,NO,0,0,0,0,0,0,0,0,0,0,0,0,,0,,,0,0,0,0,0,0,,0,5,9,37,1,0,0,91,1,3,2.25776215078076,0,0.406593406593407,0.038961038961039,0.0441962117532783,0.0893789066688533,0,9.7,14.7
2023,REG+POST,00-0034348,C.Sutton,Courtland Sutton,WR,WR,"https://static.www.nfl.com/image/upload/f_auto,q_auto/league/qts95gbd6hv65s9eiseq",16,DEN,0,0,0,0,0,0,0,0,0,0,0,0,,0,,,0,0,0,0,0,0,,0,59,90,772,10,3,3,1060,156,37,22.9945871545289,0,0.728301886792453,0.201342281879195,0.333228544482867,0.535273403956799,0,131.2,190.2
2023,REG+POST,00-0034351,D.Goedert,Dallas Goedert,TE,TE,"https://static.www.nfl.com/image/upload/f_auto,q_auto/league/wfj54vhw1zxwwb3vdi61",15,PHI,0,0,0,0,0,0,0,0,0,0,0,0,,0,,,1,1,0,0,0,0,-0.459558119880967,0,63,89,613,4,0,0,482,326,34,14.4595571792132,0,1.27178423236515,0.190987124463519,0.118573185731857,0.369481916707579,0,85.4,148.4
2023,REG+POST,00-0034364,J.Akins,Jordan Akins,TE,TE,"https://static.www.nfl.com/image/private/f_auto,q_auto/league/fgkl9zfpy2yxrkxfge84",13,CLE,0,0,0,0,0,0,0,0,0,0,0,0,,0,,,0,0,0,0,0,0,,0,15,23,132,0,0,0,109,58,6,-1.03784067358356,0,1.21100917431193,0.0509977827050998,0.0292538915727322,0.0969743981585622,0,13.2,28.2
2023,REG+POST,00-0034365,I.Thomas,Ian Thomas,TE,TE,"https://static.www.nfl.com/image/upload/f_auto,q_auto/league/qrcffo16hdkcvxuvjppy",7,CAR,0,0,0,0,0,0,0,0,0,0,0,0,,0,,,0,0,0,0,0,0,,0,5,9,56,0,0,0,78,33,1,-7.67592188360868,0,0.717948717948718,0.0405405405405405,0.0483870967741936,0.0946817785527463,0,5.6,10.6
2023,REG+POST,00-0034383,D.Schultz,Dalton Schultz,TE,TE,"https://static.www.nfl.com/image/upload/f_auto,q_auto/league/ooatvpu1knzypdmjljo9",17,HOU,0,0,0,0,0,0,0,0,0,0,0,0,,0,,,0,0,0,0,0,0,,0,65,97,715,6,1,1,797,263,38,28.5851205954215,0,0.89711417816813,0.171681415929204,0.163386633866339,0.371892767600242,0,105.5,170.5
2023,REG+POST,00-0034386,J.Watson,Justin Watson,WR,WR,"https://static.www.nfl.com/image/private/f_auto,q_auto/league/vr9tayyujt23takv3hv3",19,KC,0,0,0,0,0,0,0,0,0,0,0,0,,0,,,0,0,0,0,0,0,,0,33,63,550,3,1,1,1060,71,25,8.40872389007579,0,0.518867924528302,0.095166163141994,0.24824355971897,0.31651973651627,0,71.0,104.0
2023,REG+POST,00-0034401,M.White,Mike White,QB,QB,"https://static.www.nfl.com/image/upload/f_auto,q_auto/league/fmffqxu8o4ckhspqd8vm",6,MIA,5,6,74,1,1,0,0,0,0,23,51,1,-7.24090171756689,0,3.21739130434783,0.115670481500155,8,-9,0,1,1,0,-11.8066923558654,0,0,0,0,0,0,0,0,0,0,,0,,,,,0,2.06,2.06
2023,REG+POST,00-0034407,R.McCloud,Ray-Ray McCloud,WR,WR,"https://static.www.nfl.com/image/upload/f_auto,q_auto/league/nvwn3sdihyyd2itjt7vy",9,SF,0,0,0,0,0,0,0,0,0,0,0,0,,0,,,3,30,0,0,0,2,1.93989443697501,0,14,18,161,0,0,0,142,88,8,2.33829910762142,0,1.13380281690141,0.0700389105058366,0.0635915808329601,0.149572472341827,0,19.1,33.1
2023,REG+POST,00-0034414,B.Scott,Boston Scott,RB,RB,"https://static.www.nfl.com/image/upload/f_auto,q_auto/league/eqdpw33quvi1wbwakaak",10,PHI,0,0,0,0,0,0,0,0,0,0,0,0,,0,,,20,86,0,0,0,5,-3.17410284868674,0,4,6,52,0,0,0,31,43,2,2.97636320849415,0,1.67741935483871,0.028436018957346,0.0223826714801444,0.05832189847212,0,13.8,17.8
2023,REG+POST,00-0034418,C.Wilson,Cedrick Wilson Jr.,WR,WR,"https://static.www.nfl.com/image/upload/f_auto,q_auto/league/vuolr6nwwbrwwc5ldt7f",12,MIA,0,0,0,0,0,1,7,0,0,0,0,0,-1.35745236754883,0,,,0,0,0,0,0,0,,0,25,45,333,3,0,0,515,61,16,1.39270965104813,0,0.646601941747573,0.11166253101737,0.172183216315614,0.288022047946984,0,51.3,76.3
2023,REG+POST,00-0034419,B.Berrios,Braxton Berrios,WR,WR,"https://static.www.nfl.com/image/upload/f_auto,q_auto/league/yvzkjvb0ieeszxribqc9",14,MIA,0,0,0,0,0,0,0,0,0,0,0,0,,0,,,1,11,0,0,0,1,0.729804629925638,0,27,34,238,1,0,0,244,85,15,9.7921691458032,0,0.975409836065574,0.0743982494529541,0.0713033313851549,0.161509706149039,0,30.9,57.9
2023,REG+POST,00-0034433,N.Bawden,Nick Bawden,FB,RB,"https://static.www.nfl.com/image/private/f_auto,q_auto/league/rz1cgqj4rvl2xjffxyia",5,NYJ,0,0,0,0,0,0,0,0,0,0,0,0,,0,,,2,4,1,0,0,1,0.373601678671548,0,3,3,21,0,0,0,-1,22,1,0.451913360448089,0,-21.0,0.0234375,-0.0015197568389057,0.034092420212766,0,8.5,11.5
2023,REG+POST,00-0034437,L.Cooke,Logan Cooke,P,SPEC,"https://static.www.nfl.com/image/upload/f_auto,q_auto/league/aqrps86orfg07vbbgn6c",1,JAX,1,1,13,0,0,0,0,0,0,4,9,1,2.56437600724166,0,3.25,,0,0,0,0,0,0,,0,0,0,0,0,0,0,0,0,0,,0,,,,,0,0.52,0.52
2023,REG+POST,00-0034438,L.Woodside,Logan Woodside,QB,QB,"https://static.www.nfl.com/image/upload/f_auto,q_auto/league/hf5rgpjctslpwjzl0er9",1,ATL,3,4,27,0,1,1,7,0,0,6,29,3,-10.0795751017577,0,4.5,,1,6,0,0,0,0,0.325870348373428,0,0,0,0,0,0,0,0,0,0,,0,,,,,0,-0.32,-0.32
2023,REG+POST,00-0034487,T.Sherfield,Trent Sherfield,WR,WR,"https://static.www.nfl.com/image/upload/f_auto,q_auto/league/esdvav44ezzmwbwe1rju",10,BUF,0,0,0,0,0,0,0,0,0,0,0,0,,0,,,0,0,0,0,0,0,,0,12,25,93,1,0,0,271,53,5,-2.82651948545892,0,0.343173431734317,0.0712250712250712,0.0852201257861635,0.166491694887921,0,15.3,27.3
2023,REG+POST,00-0034490,E.Turner,Ezekiel Turner,ILB,LB,"https://static.www.nfl.com/image/upload/f_auto,q_auto/league/sw7dwli5jctfcp0b309t",1,ARI,0,0,0,0,0,0,0,0,0,0,0,0,,0,,,1,2,0,0,0,1,1.94362433324568,0,0,0,0,0,0,0,0,0,0,,0,,,,,0,0.2,0.2
2023,REG+POST,00-0034521,A.Lazard,Allen Lazard,WR,WR,"https://static.www.nfl.com/image/private/f_auto,q_auto/league/blrzk3bfnpneuyhsqiqg",13,NYJ,0,0,0,0,0,0,0,0,0,0,0,0,,0,,,0,0,0,0,0,0,,0,23,49,311,1,0,0,597,56,17,0.376879264775198,0,0.520938023450586,0.113953488372093,0.191961414790997,0.305303222911837,0,37.1,60.1
2023,REG+POST,00-0034575,D.Wells,David Wells,TE,TE,"https://static.www.nfl.com/image/upload/f_auto,q_auto/league/ft7ynz8n2ehrduolhihy",1,TB,0,0,0,0,0,0,0,0,0,0,0,0,,0,,,0,0,0,0,0,0,,0,2,2,-10,0,1,0,0,-10,1,-1.78414864093065,0,0.0,0.0625,,,0,-1.0,1.0
2023,REG+POST,00-0034577,K.Allen,Kyle Allen,QB,QB,"https://static.www.nfl.com/image/upload/f_auto,q_auto/league/knqlp0qrchvv6rjayshv",6,BUF,0,0,0,0,0,0,0,0,0,0,0,0,,0,,,13,-13,0,0,0,0,-8.63629155163653,0,0,0,0,0,0,0,0,0,0,,0,,,,,0,-1.3,-1.3
2023,REG+POST,00-0034613,T.Hudson,Tanner Hudson,TE,TE,"https://static.www.nfl.com/image/upload/f_auto,q_auto/league/fbtxfvqvgv0al8msbr1e",12,CIN,0,0,0,0,0,1,4,0,0,0,0,0,-2.26438159962378,0,,,0,0,0,0,0,0,,0,39,50,352,1,0,0,269,148,21,12.2674511221393,0,1.30855018587361,0.121654501216545,0.103104637792258,0.254654998279398,0,41.2,80.2
2023,REG+POST,00-0034646,B.Powell,Brandon Powell,WR,WR,"https://static.www.nfl.com/image/upload/f_auto,q_auto/league/kpggzzkazhxoq4e77xho",13,MIN,0,0,0,0,0,0,0,0,0,0,0,0,,0,,,5,17,0,0,0,1,-0.425728226662613,0,29,44,324,1,0,0,332,104,18,-1.46771105070379,0,0.975903614457831,0.093816631130064,0.087737843551797,0.202141437181354,0,40.1,69.1
2023,REG+POST,00-0034681,C.Edmonds,Chase Edmonds,RB,RB,"https://static.www.nfl.com/image/upload/f_auto,q_auto/league/nbnqxhjafvg2vg6lc2ls",15,TB,0,0,0,0,0,0,0,0,0,0,0,0,,0,,,60,207,0,0,0,9,-9.85857114053073,0,17,21,107,0,0,0,-38,143,6,2.23780876537785,0,-2.81578947368421,0.0575342465753425,-0.0119309262166405,0.0779497215113654,0,31.4,48.4
2023,REG+POST,00-0034750,R.Penny,Rashaad Penny,RB,RB,"https://static.www.nfl.com/image/private/f_auto,q_auto/league/mwvzwst6cfcwifblqtsj",3,PHI,0,0,0,0,0,0,0,0,0,0,0,0,,0,,,11,33,0,0,0,1,-3.29437441227492,0,1,1,5,0,0,0,-1,6,0,-0.101521304110065,0,-5.0,0.0454545454545455,-0.0048309178743961,0.0648001756697409,0,3.8,4.8
2023,REG+POST,00-0034753,M.Andrews,Mark Andrews,TE,TE,"https://static.www.nfl.com/image/upload/f_auto,q_auto/league/y5maejm3puruskwc344y",11,BAL,0,0,0,0,0,0,0,0,0,0,0,0,,0,,,1,0,0,0,0,0,-1.58926673241589,0,47,63,559,6,1,0,458,217,27,33.9416500476364,0,1.22052401746725,0.200636942675159,0.164807484706729,0.416320653307449,0,91.9,138.9
2023,REG+POST,00-0034764,M.Gallup,Michael Gallup,WR,WR,"https://static.www.nfl.com/image/private/f_auto,q_auto/league/tt9xpcg4x2z3osc1fcq6",17,DAL,0,0,0,0,0,0,0,0,0,0,0,0,,0,,,0,0,0,0,0,0,,0,40,63,521,2,0,0,690,141,23,11.6682586739209,0,0.755072463768116,0.100638977635783,0.142768466790813,0.250896393207243,0,64.1,104.1
2023,REG+POST,00-0034771,M.Rudolph,Mason Rudolph,QB,QB,"https://static.www.nfl.com/image/upload/f_auto,q_auto/league/pn938e0z2fobxmzfxmlh",5,PIT,77,113,948,5,1,7,54,2,1,800,525,40,13.1842877086325,0,1.185,0.123685055211067,12,24,0,1,0,6,-4.22177973444923,0,0,0,0,0,0,0,0,0,0,,0,,,,,0,56.32,56.32
2023,REG+POST,00-0034775,C.Kirk,Christian Kirk,WR,WR,"https://static.www.nfl.com/image/private/f_auto,q_auto/league/ersmmtjmjlpsy9lmjvde",12,JAX,1,2,-1,0,0,0,0,0,0,25,0,0,-1.75659716618247,0,-0.04,,1,6,0,0,0,0,-0.595339220715687,0,57,85,787,3,2,2,842,247,34,23.3924450492163,0,0.934679334916865,0.208333333333333,0.269612552033301,0.501228786423311,0,93.26,150.26
2023,REG+POST,00-0034777,D.Chark,DJ Chark,WR,WR,"https://static.www.nfl.com/image/upload/f_auto,q_auto/league/skuieceh50r31ulwpo5s",14,CAR,0,0,0,0,0,0,0,0,0,0,0,0,,0,,,0,0,0,0,0,0,,0,35,66,525,5,2,1,1016,84,22,15.3337787782895,0,0.516732283464567,0.148984198645598,0.297249853715623,0.431551195569334,0,80.5,115.5
2023,REG+POST,00-0034791,N.Chubb,Nick Chubb,RB,RB,"https://static.www.nfl.com/image/private/f_auto,q_auto/league/a8ib0haur75wrhqrbtyo",2,CLE,0,0,0,0,0,0,0,0,0,0,0,0,,0,,,28,170,0,0,0,8,4.1136986236088,0,4,4,21,0,0,0,1,20,1,0.750113637768664,0,21.0,0.137931034482759,0.0030395136778115,0.209024211298606,0,19.1,23.1
2023,REG+POST,00-0034796,L.Jackson,Lamar Jackson,QB,QB,"https://static.www.nfl.com/image/upload/f_auto,q_auto/league/cruqs6qpbykh7a2whd7p",18,BAL,343,516,4102,27,8,44,264,8,5,4350,1920,188,56.8869034463479,1,0.942988505747126,0.117958967650247,167,975,7,4,2,57,25.4329304274069,0,1,1,13,0,0,0,-1,14,1,1.15970350394491,0,0.0,0.0294117647058824,-0.0029940119760479,0.04202183867559,0,384.88,385.88
2023,REG+POST,00-0034798,D.Smythe,Durham Smythe,TE,TE,"https://static.www.nfl.com/image/upload/f_auto,q_auto/league/twxkgrnpjotgyhwawfsv",14,MIA,0,0,0,0,0,0,0,0,0,0,0,0,,0,,,0,0,0,0,0,0,,0,38,47,378,0,0,0,292,142,22,18.3760792569278,0,1.29452054794521,0.100858369098712,0.0793909733550843,0.206861234996628,0,37.8,75.8
2023,REG+POST,00-0034827,D.Moore,DJ Moore,WR,WR,"https://static.www.nfl.com/image/upload/f_auto,q_auto/league/hqb9xnzm9brx79zl6wve",17,CHI,0,0,0,0,0,0,0,0,0,0,0,0,,0,,,4,21,1,0,0,1,-1.61224786337698,0,96,136,1364,8,1,1,1476,539,64,66.1822347027447,0,0.924119241192412,0.285115303983229,0.422922636103152,0.723718801247049,0,190.5,286.5
2023,REG+POST,00-0034829,M.Gesicki,Mike Gesicki,TE,TE,"https://static.www.nfl.com/image/upload/f_auto,q_auto/league/zabpknonv9ozmkyw4qqt",15,NE,0,0,0,0,0,0,0,0,0,0,0,0,,0,,,0,0,0,0,0,0,,0,29,45,244,2,0,0,383,88,11,-2.16353099000389,0,0.637075718015666,0.0916496945010183,0.108100479819362,0.213144877625081,0,36.4,65.4
2023,REG+POST,00-0034830,H.Hurst,Hayden Hurst,TE,TE,"https://static.www.nfl.com/image/upload/f_auto,q_auto/league/qxvkvmi2fphxjqyb21nv",9,CAR,0,0,0,0,0,0,0,0,0,0,0,0,,0,,,0,0,0,0,0,0,,0,18,32,184,1,0,0,242,67,7,-3.78178151533939,0,0.760330578512397,0.0993788819875776,0.114583333333333,0.2292766563147,0,24.4,42.4
2023,REG+POST,00-0034837,C.Ridley,Calvin Ridley,WR,WR,"https://static.www.nfl.com/image/upload/f_auto,q_auto/league/tmeij0cfgylmurfybs74",17,JAX,0,0,0,0,0,0,0,0,0,0,0,0,,0,,,9,23,0,0,0,3,-2.94865373754874,0,76,136,1016,8,1,0,1771,194,49,31.3279442155444,1,0.573687182382835,0.224052718286656,0.361060142711519,0.588821177328047,0,153.9,229.9
2023,REG+POST,00-0034838,R.Freeman,Royce Freeman,RB,RB,"https://static.www.nfl.com/image/upload/f_auto,q_auto/league/qs4e1hiqj9xymlqk6yas",9,LA,0,0,0,0,0,0,0,0,0,0,0,0,,0,,,77,319,2,0,0,17,-6.53368074275849,0,1,2,13,0,0,0,0,14,1,-0.251066256081685,0,0.0,0.04,0.0,0.06,0,45.2,46.2
2023,REG+POST,00-0034844,S.Barkley,Saquon Barkley,RB,RB,"https://static.www.nfl.com/image/upload/f_auto,q_auto/league/ugiuanl8bf6uoya5mgid",14,NYG,0,0,0,0,0,0,0,0,0,0,0,0,,0,,,247,962,6,2,2,51,-50.3739621219692,1,41,60,280,4,0,0,134,226,16,-6.57139581460439,0,2.08955223880597,0.153452685421995,0.0434078393262067,0.260564515661337,0,182.2,223.2
2023,REG+POST,00-0034854,K.Hodge,KhaDarel Hodge,WR,WR,"https://static.www.nfl.com/image/upload/f_auto,q_auto/league/h3r6hfokmtgtxz8mljho",13,ATL,0,0,0,0,0,0,0,0,0,0,0,0,,0,,,1,0,0,1,0,0,-0.652548361162189,0,14,23,232,0,0,0,330,83,13,5.24310080026697,0,0.703030303030303,0.0546318289786223,0.0925147182506308,0.146708046243375,0,23.2,37.2
2023,REG+POST,00-0034855,B.Mayfield,Baker Mayfield,QB,QB,"https://static.www.nfl.com/image/upload/f_auto,q_auto/league/xrbgtbyy8a7l0ux13hjy",19,TB,412,643,4730,34,12,48,292,6,3,5493,2272,219,67.0006020913845,2,0.861095940287639,0.0959223635221801,66,194,1,2,0,18,-12.5112063799118,0,0,0,0,0,0,0,0,0,0,,0,,,,,0,324.6,324.6
2023,REG+POST,00-0034857,J.Allen,Josh Allen,QB,QB,"https://static.www.nfl.com/image/upload/f_auto,q_auto/league/lq4ezafbszwwt2qsvhqv",19,BUF,432,648,4695,33,18,26,166,2,1,5459,2255,222,100.000748537766,3,0.860047627770654,0.146392993346329,131,670,18,5,2,66,71.3973188845288,0,0,0,0,0,0,0,0,0,0,,0,,,,,0,458.8,458.8
2023,REG+POST,00-0034869,S.Darnold,Sam Darnold,QB,QB,"https://static.www.nfl.com/image/upload/f_auto,q_auto/league/agjgfwk9jk9ufoac2vpd",10,SF,28,46,297,2,1,6,40,2,1,371,155,15,-0.262156721463623,0,0.800539083557952,0.0613013915716984,21,15,1,1,0,3,-8.30728375105537,0,0,0,0,0,0,0,0,0,0,,0,,,,,0,23.38,23.38
2023,REG+POST,00-0034928,S.Sims,Steven Sims,WR,WR,"https://static.www.nfl.com/image/upload/f_auto,q_auto/league/rsehft6639kzvqezebqf",3,HOU,0,0,0,0,0,0,0,0,0,0,0,0,,0,,,1,1,0,0,0,0,-1.5655690995045,0,3,3,25,0,0,0,-2,27,1,1.03657799004577,0,0.0,0.0416666666666667,-0.0075187969924812,0.0572368421052632,1,8.6,11.6
2023,REG+POST,00-0034955,B.Rypien,Brett Rypien,QB,QB,"https://static.www.nfl.com/image/upload/f_auto,q_auto/league/oogvu5kkkboldowqkfst",2,LA,18,38,172,0,1,2,18,1,0,315,84,8,-19.7252915074134,0,0.546031746031746,-0.0726308510606463,3,19,0,0,0,1,1.33610643743305,0,0,0,0,0,0,0,0,0,0,,0,,,,,0,6.78,6.78
2023,REG+POST,00-0034959,A.Beck,Andrew Beck,FB,RB,"https://static.www.nfl.com/image/upload/f_auto,q_auto/league/rsfn0gxxiu1cx6woxd38",13,HOU,0,0,0,0,0,0,0,0,0,0,0,0,,0,,,5,3,1,0,0,2,-1.4628208396025,0,11,14,55,2,1,1,18,37,4,-9.41673062505344,0,3.05555555555556,0.0453074433656958,0.0072992700729927,0.0730706540996386,1,27.8,38.8
2023,REG+POST,00-0034960,J.Meyers,Jakobi Meyers,WR,WR,"https://static.www.nfl.com/image/upload/f_auto,q_auto/league/p1abjttm5pu8gev0gwea",16,LV,2,3,12,1,0,0,0,0,0,12,0,1,0.867831839015707,0,1.0,,4,24,2,0,0,3,2.83430481684627,0,71,106,807,8,0,0,1028,242,46,18.4612716459213,0,0.785019455252918,0.208661417322835,0.25578502114954,0.49204164078893,0,147.58,218.58
2023,REG+POST,00-0034970,I.Smith,Irv Smith,TE,TE,"https://static.www.nfl.com/image/private/f_auto,q_auto/league/gvnnqr5kj0rtte3iw9mp",9,CIN,0,0,0,0,0,0,0,0,0,0,0,0,,0,,,0,0,0,0,0,0,,0,18,26,115,1,1,1,105,66,5,-15.5212642500237,0,1.0952380952381,0.0828025477707006,0.0547445255474453,0.162524989539263,0,15.5,33.5
2023,REG+POST,00-0034972,A.Mattison,Alexander Mattison,RB,RB,"https://static.www.nfl.com/image/upload/f_auto,q_auto/league/uftc0gl0wzo5povcu6ih",16,MIN,0,0,0,0,0,0,0,0,0,0,0,0,,0,,,180,700,0,2,2,28,-31.7409543032685,0,30,44,192,3,0,0,24,181,5,-5.05417830269332,0,8.0,0.0816326530612245,0.005939123979213,0.126606366377286,0,103.2,133.2
2023,REG+POST,00-0034975,J.Hill,Justice Hill,RB,RB,"https://static.www.nfl.com/image/upload/f_auto,q_auto/league/jeeq17ah67zxc6vdamhk",18,BAL,0,0,0,0,0,0,0,0,0,0,0,0,,0,,,100,456,3,0,0,21,-0.645936148975553,0,34,48,251,1,1,1,18,278,12,-2.18060025403975,0,13.9444444444444,0.109339407744875,0.0058064516129032,0.168073627746344,0,92.7,126.7
2023,REG+POST,00-0034981,F.Moreau,Foster Moreau,TE,TE,"https://static.www.nfl.com/image/upload/f_auto,q_auto/league/hfcik9okcbwsbhgoaljy",11,NO,0,0,0,0,0,0,0,0,0,0,0,0,,0,,,0,0,0,0,0,0,,0,21,25,193,1,0,0,122,96,9,8.40541519060863,0,1.58196721311475,0.0679347826086957,0.0484511517077045,0.135817980108437,0,25.3,46.3
2023,REG+POST,00-0034983,H.Renfrow,Hunter Renfrow,WR,WR,"https://static.www.nfl.com/image/private/f_auto,q_auto/league/coqn2jxhmjhaut34aqiv",13,LV,0,0,0,0,0,0,0,0,0,0,0,0,,0,,,0,0,0,0,0,0,,0,25,37,255,0,1,1,207,152,11,-0.269476781494955,0,1.23188405797101,0.0922693266832918,0.065651760228354,0.184360222184785,0,23.5,48.5
2023,REG+POST,00-0035045,D.Montgomery,D.J. Montgomery,WR,WR,"https://static.www.nfl.com/image/upload/f_auto,q_auto/league/s8equqk2rmgcwyf8bkup",2,IND,0,0,0,0,0,0,0,0,0,0,0,0,,0,,,0,0,0,0,0,0,,0,3,8,56,1,0,0,97,28,3,-6.7873042471474,0,0.577319587628866,0.129032258064516,0.179297597042514,0.319056705026534,0,11.6,14.6
2023,REG+POST,00-0035099,K.Blasingame,Khari Blasingame,FB,RB,"https://static.www.nfl.com/image/upload/f_auto,q_auto/league/beioi5h4lq0obt8yx35v",7,CHI,0,0,0,0,0,0,0,0,0,0,0,0,,0,,,8,26,0,0,0,0,-1.6575772715917,0,3,6,2,0,0,0,11,5,0,-3.4736220719642,0,0.181818181818182,0.032258064516129,0.0104562737642586,0.0557064884091745,0,2.8,5.8
2023,REG+POST,00-0035100,J.Browning,Jake Browning,QB,QB,"https://static.www.nfl.com/image/upload/f_auto,q_auto/league/kuxgw7azlwgyv2ptawvf",9,CIN,171,243,1936,12,7,24,169,3,0,1554,1109,93,22.299077136491,1,1.24581724581725,0.121132884883108,27,127,3,0,0,12,9.53552088774343,0,1,1,-7,0,0,0,-7,0,0,-2.10285701858811,0,0.0,0.027027027027027,-0.048951048951049,0.0062748062748062,0,143.44,144.44
2023,REG+POST,00-0035120,K.Doss,Keelan Doss,WR,WR,"https://static.www.nfl.com/image/private/f_auto,q_auto/league/w1y0ujmc2ycaxfpysv0u",2,LAC,0,0,0,0,0,0,0,0,0,0,0,0,,0,,,0,0,0,0,0,0,,0,6,13,33,0,0,0,97,14,1,-3.02277128267108,0,0.34020618556701,0.158536585365854,0.176363636363636,0.361259423503326,0,3.3,9.3
2023,REG+POST,00-0035125,A.Ingold,Alec Ingold,FB,RB,"https://static.www.nfl.com/image/upload/f_auto,q_auto/league/ti3f1rb38z7sbxkjk2d9",10,MIA,0,0,0,0,0,0,0,0,0,0,0,0,,0,,,2,0,0,0,0,0,-4.76509969338076,0,13,16,119,0,0,0,30,91,5,1.77198608036517,0,3.96666666666667,0.0498442367601246,0.013129102844639,0.0839567271314342,0,11.9,24.9
2023,REG+POST,00-0035133,K.Nixon,Keisean Nixon,CB,DB,"https://static.www.nfl.com/image/upload/f_auto,q_auto/league/zsxo7tlynx1uzjvp0vpf",1,GB,0,0,0,0,0,0,0,0,0,0,0,0,,0,,,1,11,0,0,0,1,0.545994854997844,0,0,0,0,0,0,0,0,0,0,,0,,,,,0,1.1,1.1
2023,REG+POST,00-0035140,M.Hardman,Mecole Hardman,WR,WR,"https://static.www.nfl.com/image/upload/f_auto,q_auto/league/cfbjutuygqg7imy0qwpt",10,KC,0,0,0,0,0,0,0,0,0,0,0,0,,0,,,3,-2,0,1,0,0,-4.13865064253332,0,20,31,186,1,1,0,244,124,10,-3.93004542654758,0,0.762295081967213,0.0945121951219512,0.0978740473325311,0.210280125815699,0,24.4,44.4
2023,REG+POST,00-0035164,C.Thompson,Cody Thompson,WR,WR,"https://static.www.nfl.com/image/upload/f_auto,q_auto/league/dghmeq55sg0rb1ppakkr",1,SEA,0,0,0,0,0,0,0,0,0,0,0,0,,0,,,0,0,0,0,0,0,,0,1,1,10,0,0,0,6,4,0,0.412861474789679,0,1.66666666666667,0.0384615384615385,0.046875,0.0905048076923077,0,1.0,2.0
2023,REG+POST,00-0035184,D.Ozigbo,Devine Ozigbo,RB,RB,"https://static.www.nfl.com/image/private/f_auto,q_auto/league/teht8fiw2mu5g8xmdoqm",1,DET,0,0,0,0,0,0,0,0,0,0,0,0,,0,,,3,5,0,0,0,1,-1.60837490076665,0,1,1,8,0,0,0,3,5,0,0.556485361885279,0,2.66666666666667,0.024390243902439,0.0105263157894737,0.0439537869062901,0,1.3,2.3
2023,REG+POST,00-0035208,O.Zaccheaus,Olamide Zaccheaus,WR,WR,"https://static.www.nfl.com/image/upload/f_auto,q_auto/league/hcmdnfgnnvcp0qbktpxd",12,PHI,0,0,0,0,0,0,0,0,0,0,0,0,,0,,,0,0,0,0,0,0,,0,11,21,169,2,0,0,212,52,7,10.8686809164938,0,0.797169811320755,0.0558510638297872,0.0678182981445937,0.131249404445896,0,28.9,39.9
2023,REG+POST,00-0035215,D.Harty,Deonte Harty,WR,WR,"https://static.www.nfl.com/image/upload/f_auto,q_auto/league/fh7rbtvohdkaacqaxqke",14,BUF,0,0,0,0,0,0,0,0,0,0,0,0,,0,,,4,0,0,0,0,0,-2.52056689443998,0,17,23,187,1,0,0,236,107,10,7.89032464898434,0,0.792372881355932,0.0497835497835498,0.0667987545994905,0.121434452894968,1,30.7,47.7
2023,REG+POST,00-0035216,D.Johnson,Diontae Johnson,WR,WR,"https://static.www.nfl.com/image/upload/f_auto,q_auto/league/rjtil6ilydmwoy0btlt7",14,PIT,0,0,0,0,0,0,0,0,0,0,0,0,,0,,,0,0,0,0,0,0,,0,55,94,765,6,1,0,1181,279,42,25.4656120787548,0,0.647756138865368,0.230392156862745,0.379011553273427,0.610896322585517,0,112.5,167.5
2023,REG+POST,00-0035228,K.Murray,Kyler Murray,QB,QB,"https://static.www.nfl.com/image/upload/f_auto,q_auto/league/lsladvvsaptc29bbcah2",8,ARI,176,268,1799,10,5,18,119,2,0,1935,977,88,-12.8784690754762,1,0.929715762273902,0.0550634510835741,44,244,3,5,0,15,7.68488434791838,0,0,0,0,0,0,0,0,0,0,,0,,,,,0,146.36,146.36
2023,REG+POST,00-0035229,T.Hockenson,T.J. Hockenson,TE,TE,"https://static.www.nfl.com/image/upload/f_auto,q_auto/league/n9zhffstwzae8i5di6tk",15,MIN,0,0,0,0,0,0,0,0,0,0,0,0,,0,,,0,0,0,0,0,0,,0,95,127,960,5,1,1,976,336,48,31.8228879730231,0,0.983606557377049,0.238721804511278,0.234052757793765,0.521919637222553,0,124.0,219.0
2023,REG+POST,00-0035243,M.Sanders,Miles Sanders,RB,RB,"https://static.www.nfl.com/image/upload/f_auto,q_auto/league/lvyjbie3d0ro8ohgphe0",16,CAR,0,0,0,0,0,0,0,0,0,0,0,0,,0,,,129,432,1,2,2,24,-30.5452764339861,0,27,41,154,0,0,0,23,158,8,-9.62243970283503,0,6.69565217391304,0.0980861244019139,0.0075409836065573,0.152407875127461,0,60.6,87.6
2023,REG+POST,00-0035249,J.Oliver,Josh Oliver,TE,TE,"https://static.www.nfl.com/image/private/f_auto,q_auto/league/pwd3muzyjclgjlwwtdah",12,MIN,0,0,0,0,0,0,0,0,0,0,0,0,,0,,,0,0,0,0,0,0,,0,22,28,213,2,1,1,72,162,12,4.2262307392084,0,2.95833333333333,0.0606060606060606,0.0228571428571429,0.106909090909091,0,31.3,53.3
2023,REG+POST,00-0035250,D.Singletary,Devin Singletary,RB,RB,"https://static.www.nfl.com/image/upload/f_auto,q_auto/league/wz8mp8xb5bdspcxosreh",19,HOU,1,1,6,1,0,0,0,0,0,6,0,1,1.84229658805998,0,1.0,,238,986,5,1,0,44,-21.2469027812699,0,38,47,245,0,0,0,31,265,9,-3.59790492002323,0,7.90322580645161,0.0815972222222222,0.0064328698900186,0.126898842256346,0,157.34,195.34
2023,REG+POST,00-0035259,T.Wesco,Trevon Wesco,TE,TE,"https://static.www.nfl.com/image/private/f_auto,q_auto/league/ptq3iidy6uyg3f31gjl5",3,TEN,0,0,0,0,0,0,0,0,0,0,0,0,,0,,,0,0,0,0,0,0,,0,1,3,21,0,0,0,13,12,1,0.160237943520769,0,1.61538461538462,0.032967032967033,0.0269151138716356,0.0682911291606944,0,2.1,3.1
2023,REG+POST,00-0035261,T.Pollard,Tony Pollard,RB,RB,"https://static.www.nfl.com/image/upload/f_auto,q_auto/league/koxn5qhfnsgvnqfqfmpp",18,DAL,0,0,0,0,0,0,0,0,0,0,0,0,,0,,,267,1061,7,1,1,60,-15.8206593234003,1,62,76,340,0,2,0,41,354,13,-6.27262482228807,0,8.29268292682927,0.122778675282714,0.0086080201553642,0.190193627032826,0,182.1,244.1
2023,REG+POST,00-0035264,J.Stidham,Jarrett Stidham,QB,QB,"https://static.www.nfl.com/image/upload/f_auto,q_auto/league/ydf4deab7bxkpjztpze5",2,DEN,40,66,496,2,1,7,46,0,0,565,334,19,5.05342119600567,0,0.87787610619469,0.028238638313876,9,8,0,1,0,1,-5.14247380942106,0,0,0,0,0,0,0,0,0,0,,0,,,,,0,26.64,26.64
2023,REG+POST,00-0035282,E.Stick,Easton Stick,QB,QB,"https://static.www.nfl.com/image/upload/f_auto,q_auto/league/ybdbylsv4ikjnmwornzo",5,LAC,111,174,1129,3,1,14,122,5,4,1204,581,53,-34.0119861157923,0,0.937707641196013,0.0106019662854893,27,144,1,0,0,11,8.03756701856037,0,0,0,0,0,0,0,0,0,0,,0,,,,,0,67.56,67.56
2023,REG+POST,00-0035289,G.Minshew,Gardner Minshew,QB,QB,"https://static.www.nfl.com/image/upload/f_auto,q_auto/league/zn2kvriijuixffqfx7ob",16,IND,305,490,3305,15,9,34,187,8,5,3579,1566,147,-5.75170655365336,2,0.923442302319084,0.0384751096772556,34,100,3,0,0,7,-2.77566413755994,0,0,0,0,0,0,0,0,0,0,,0,,,,,0,196.2,196.2
2023,REG+POST,00-0035291,T.Williams,Trayveon Williams,RB,RB,"https://static.www.nfl.com/image/upload/f_auto,q_auto/league/kx1u2iefb1vcnkrpdt4e",14,CIN,0,0,0,0,0,0,0,0,0,0,0,0,,0,,,15,69,0,0,0,2,-2.09436621592613,0,7,9,10,0,0,0,-28,35,0,-7.62727605822747,0,-0.357142857142857,0.0401785714285714,-0.0184331797235023,0.0473646313364055,0,7.9,14.9
2023,REG+POST,00-0035298,S.Miller,Scott Miller,WR,WR,"https://static.www.nfl.com/image/upload/f_auto,q_auto/league/v5fxl6tig8qarofg0lo1",9,ATL,0,0,0,0,0,0,0,0,0,0,0,0,,0,,,0,0,0,0,0,0,,0,11,16,161,2,0,0,195,80,6,8.59296069160337,0,0.825641025641026,0.0567375886524823,0.0840879689521345,0.143967961245218,0,28.1,39.1
2023,REG+POST,00-0035329,D.Parham,Donald Parham,TE,TE,"https://static.www.nfl.com/image/upload/f_auto,q_auto/league/v4ryz7edi35hnbogbqjt",13,LAC,0,0,0,0,0,0,0,0,0,0,0,0,,0,,,0,0,0,0,0,0,,0,27,41,285,4,0,0,306,126,22,18.289647645852,0,0.931372549019608,0.0866807610993658,0.0836065573770492,0.188545731812983,0,52.5,79.5
2023,REG+POST,00-0035341,T.Irwin,Trenton Irwin,WR,WR,"https://static.www.nfl.com/image/upload/f_auto,q_auto/league/q6yiyvs3vlibz7w0wa9b",10,CIN,0,0,0,0,0,0,0,0,0,0,0,0,,0,,,0,0,0,0,0,0,,0,25,32,316,1,1,0,337,110,15,19.3666523989078,0,0.937685459940653,0.0958083832335329,0.164390243902439,0.258785745582007,0,37.6,62.6
2023,REG+POST,00-0035406,L.Humphrey,Lil'Jordan Humphrey,WR,WR,"https://static.www.nfl.com/image/upload/f_auto,q_auto/league/yjmyfuozafxd7zwf3mlr",11,DEN,0,0,0,0,0,0,0,0,0,0,0,0,,0,,,0,0,0,0,0,0,,0,13,19,162,3,0,0,186,99,9,14.2007896178984,0,0.870967741935484,0.0603174603174603,0.0841248303934871,0.149363571751631,0,34.2,47.2
2023,REG+POST,00-0035414,J.Guyton,Jalen Guyton,WR,WR,"https://static.www.nfl.com/image/upload/f_auto,q_auto/league/a6j9njysh2lwdjblxvxw",7,LAC,0,0,0,0,0,0,0,0,0,0,0,0,,0,,,0,0,0,0,0,0,,0,10,21,89,1,0,0,218,32,6,-2.3658055786218,0,0.408256880733945,0.0843373493975904,0.130227001194743,0.217664924932706,0,14.9,24.9
2023,REG+POST,00-0035480,M.Taylor,Malik Taylor,WR,WR,"https://static.www.nfl.com/image/private/f_auto,q_auto/league/aupsoxtxtpv4fmgs4ttp",2,NYJ,0,0,0,0,0,0,0,0,0,0,0,0,,0,,,0,0,0,0,0,0,,0,2,4,13,0,0,0,89,7,0,-2.06693132489454,0,0.146067415730337,0.0470588235294118,0.129737609329446,0.16140456182473,0,1.3,3.3
2023,REG+POST,00-0035500,G.Dortch,Greg Dortch,WR,WR,"https://static.www.nfl.com/image/upload/f_auto,q_auto/league/gkog6lrht3rnktwiberj",9,ARI,0,0,0,0,0,0,0,0,0,0,0,0,,0,,,1,5,0,0,0,0,-0.0831637269584462,0,24,41,280,2,0,0,383,152,14,4.75531841433258,0,0.731070496083551,0.141868512110727,0.192076228686058,0.347256128246331,0,40.5,64.5
2023,REG+POST,00-0035527,A.Isabella,Andy Isabella,WR,WR,"https://static.www.nfl.com/image/upload/f_auto,q_auto/league/qpqphhsofn96dvojfsx1",1,BUF,0,0,0,0,0,0,0,0,0,0,0,0,,0,,,0,0,0,0,0,0,,0,0,1,0,0,0,0,-6,0,0,-0.428989585954696,0,0.0,0.0333333333333333,-0.0309278350515464,0.0283505154639175,0,0.0,0.0
2023,REG+POST,00-0035535,D.Slayton,Darius Slayton,WR,WR,"https://static.www.nfl.com/image/upload/f_auto,q_auto/league/zhm6evj813ucss03ndlx",17,NYG,0,0,0,0,0,0,0,0,0,0,0,0,,0,,,0,0,0,0,0,0,,0,50,79,770,4,0,0,967,298,29,29.1937589205565,0,0.796277145811789,0.162886597938144,0.268685746040567,0.432409919135613,0,101.0,151.0
2023,REG+POST,00-0035537,T.Johnson,Ty Johnson,RB,RB,"https://static.www.nfl.com/image/upload/f_auto,q_auto/league/zdedn4xqr2jy6mddh5pb",9,BUF,0,0,0,0,0,0,0,0,0,0,0,0,,0,,,45,198,0,1,0,14,0.118733544447996,0,8,10,76,1,0,0,26,71,3,0.803152265434619,0,2.92307692307692,0.054945054945055,0.0197718631178707,0.0962578866000919,0,33.4,41.4
2023,REG+POST,00-0035562,J.Horsted,Jesper Horsted,TE,TE,"https://static.www.nfl.com/image/private/f_auto,q_auto/league/mqbodeysdvvvuhkctewa",1,LV,0,0,0,0,0,0,0,0,0,0,0,0,,0,,,0,0,0,0,0,0,,0,1,1,4,0,0,0,2,2,0,-0.210121021780651,0,2.0,0.0222222222222222,0.0061919504643962,0.0376676986584107,0,0.4,1.4
2023,REG+POST,00-0035567,C.Reynolds,Craig Reynolds,RB,RB,"https://static.www.nfl.com/image/upload/f_auto,q_auto/league/kfohmdfiai96uqcl7c03",7,DET,0,0,0,0,0,0,0,0,0,0,0,0,,0,,,42,180,2,1,1,12,-2.45146162845776,0,5,5,47,0,0,0,-12,59,2,2.83654575329274,0,-3.91666666666667,0.0316455696202532,-0.0111317254174397,0.039676146638172,0,32.7,37.7
2023,REG+POST,00-0035593,J.Winfree,Juwann Winfree,WR,WR,"https://static.www.nfl.com/image/upload/f_auto,q_auto/league/pawxwuphiobdd7voouwl",1,IND,0,0,0,0,0,0,0,0,0,0,0,0,,0,,,0,0,0,0,0,0,,0,0,1,0,0,0,0,26,0,0,-1.09631859883666,0,0.0,0.0263157894736842,0.0858085808580858,0.0995396908111864,0,0.0,0.0
2023,REG+POST,00-0035594,T.Homer,Travis Homer,RB,RB,"https://static.www.nfl.com/image/upload/f_auto,q_auto/league/eg1e7va024emnbm55got",1,CHI,0,0,0,0,0,0,0,0,0,0,0,0,,0,,,0,0,0,0,0,0,,0,0,1,0,0,0,0,-5,0,0,-1.05513803250528,0,0.0,0.0344827586206897,-0.0943396226415094,-0.0143135979180221,0,0.0,0.0
2023,REG+POST,00-0035628,D.Johnson,D'Ernest Johnson,RB,RB,"https://static.www.nfl.com/image/upload/f_auto,q_auto/league/gbe2eojaxid4n3pmo0rj",15,JAX,0,0,0,0,0,0,0,0,0,0,0,0,,0,,,41,108,0,0,0,5,-13.3053339688936,0,10,12,140,0,0,0,10,136,6,9.81472385426043,0,14.0,0.0447761194029851,0.0043975373790677,0.070242455269825,0,24.8,34.8
2023,REG+POST,00-0035631,D.Sample,Drew Sample,TE,TE,"https://static.www.nfl.com/image/upload/f_auto,q_auto/league/xufsbdqfujdqnrnozhg4",14,CIN,0,0,0,0,0,0,0,0,0,0,0,0,,0,,,0,0,0,0,0,0,,0,22,27,163,2,0,0,29,173,9,0.496050484361356,0,5.62068965517241,0.0564853556485356,0.0096925133689839,0.0915127928310921,0,28.3,50.3
2023,REG+POST,00-0035632,A.Hooker,Amani Hooker,FS,DB,"https://static.www.nfl.com/image/upload/f_auto,q_auto/league/jigd7pauot8z4engfsmx",1,TEN,0,0,0,0,0,0,0,0,0,0,0,0,,0,,,1,2,0,0,0,1,2.15793319442309,0,0,0,0,0,0,0,0,0,0,,0,,,,,0,0.2,0.2
2023,REG+POST,00-0035639,P.Campbell,Parris Campbell,WR,WR,"https://static.www.nfl.com/image/upload/f_auto,q_auto/league/zesqmghc8zchkvhsv9jb",8,NYG,0,0,0,0,0,1,8,0,0,0,0,0,-1.52678748080507,0,,,0,0,0,0,0,0,,0,20,27,104,0,0,0,91,65,2,-22.2971706076967,0,1.14285714285714,0.113924050632911,0.0614035087719298,0.213868532089718,0,10.4,30.4
2023,REG+POST,00-0035640,D.Metcalf,DK Metcalf,WR,WR,"https://static.www.nfl.com/image/upload/f_auto,q_auto/league/ezpzdcvzlu5ga4uv6oas",16,SEA,0,0,0,0,0,0,0,0,0,0,0,0,,0,,,0,0,0,0,0,0,,0,66,119,1114,8,0,0,1529,367,52,42.6452170511991,0,0.728580771746239,0.227533460803059,0.402474335351408,0.623032225950575,0,159.4,225.4
2023,REG+POST,00-0035643,J.Simmons,Jeffery Simmons,DT,DL,"https://static.www.nfl.com/image/upload/f_auto,q_auto/league/t6x8nhokjuwxz1gjq2fs",1,TEN,0,0,0,0,0,0,0,0,0,0,0,0,,0,,,0,0,0,0,0,0,,0,1,1,2,1,0,0,2,0,1,1.15889371134108,0,1.0,0.0588235294117647,0.0150375939849624,0.0987616099071207,0,6.2,7.2
2023,REG+POST,00-0035644,N.Fant,Noah Fant,TE,TE,"https://static.www.nfl.com/image/private/f_auto,q_auto/league/w1gqasldrg3jumzdqjvy",14,SEA,0,0,0,0,0,0,0,0,0,0,0,0,,0,,,0,0,0,0,0,0,,0,32,43,414,0,0,0,298,177,16,11.7244695714326,0,1.38926174496644,0.0932754880694143,0.0847795163584637,0.199258893555046,0,41.4,73.4
2023,REG+POST,00-0035645,G.Olszewski,Gunner Olszewski,WR,WR,"https://static.www.nfl.com/image/upload/f_auto,q_auto/league/fpimudxhuze3pd02bstw",2,NYG,0,0,0,0,0,0,0,0,0,0,0,0,,0,,,0,0,0,0,0,0,,0,1,1,0,0,1,1,-1,0,0,-6.18557261489332,0,0.0,0.0344827586206897,-0.0058479532163742,0.0476305706795725,1,4.0,5.0
2023,REG+POST,00-0035657,D.Harris,Damien Harris,RB,RB,"https://static.www.nfl.com/image/private/f_auto,q_auto/league/s0cagglk6qh9ciuddjmu",6,BUF,0,0,0,0,0,0,0,0,0,0,0,0,,0,,,23,94,1,0,0,9,2.17426049790811,0,2,2,16,0,0,0,0,16,0,0.534958284150554,0,0.0,0.0512820512820513,,,0,17.0,19.0
2023,REG+POST,00-0035659,T.McLaurin,Terry McLaurin,WR,WR,"https://static.www.nfl.com/image/upload/f_auto,q_auto/league/wokz1etv1wj1vhbmvxgs",17,WAS,0,0,0,0,0,0,0,0,0,0,0,0,,0,,,0,0,0,0,0,0,,0,79,132,1002,4,0,0,1514,350,47,9.27223442338802,0,0.661822985468957,0.219633943427621,0.347566574839302,0.572747517528942,0,124.2,203.2
2023,REG+POST,00-0035662,M.Brown,Marquise Brown,WR,WR,"https://static.www.nfl.com/image/upload/f_auto,q_auto/league/ixuddegcphzmvjn4jq6r",13,ARI,0,0,0,0,0,0,0,0,0,0,0,0,,0,,,2,23,0,0,0,1,0.850742515875027,0,51,101,574,4,0,0,1186,164,32,-4.73434049494964,0,0.48397976391231,0.249382716049383,0.374250552224677,0.636049460631348,0,83.7,134.7
2023,REG+POST,00-0035664,D.Henderson,Darrell Henderson,RB,RB,"https://static.www.nfl.com/image/private/f_auto,q_auto/league/trvk8n0wjne7edxbajgw",4,LA,0,0,0,0,0,0,0,0,0,0,0,0,,0,,,46,112,2,0,0,5,-11.786323133565,0,10,14,103,0,0,0,-9,134,3,-0.922394146959106,0,-11.4444444444444,0.121739130434783,-0.0109223300970874,0.174963064584213,0,33.5,43.5
2023,REG+POST,00-0035676,A.Brown,A.J. Brown,WR,WR,"https://static.www.nfl.com/image/private/f_auto,q_auto/league/a014sgzctarbvhwb35lw",17,PHI,0,0,0,0,0,0,0,0,0,0,0,0,,0,,,0,0,0,0,0,0,,0,106,158,1456,7,2,2,1853,473,70,65.8728374935167,0,0.785752833243389,0.300952380952381,0.416123961374354,0.74271534439062,0,183.6,289.6
2023,REG+POST,00-0035685,D.Montgomery,David Montgomery,RB,RB,"https://static.www.nfl.com/image/upload/f_auto,q_auto/league/nwdb4paueb1x4gv7tlb9",17,DET,0,0,0,0,0,0,0,0,0,0,0,0,,0,,,258,1198,15,2,1,70,11.0840201255234,1,22,31,162,0,0,0,-12,184,11,-5.43685761874076,0,-13.5,0.06553911205074,-0.0042090494563311,0.0953623334566782,0,226.0,248.0
2023,REG+POST,00-0035688,T.Pipkins,Trey Pipkins,T,OL,"https://static.www.nfl.com/image/private/f_auto,q_auto/league/v6tmtde91k7rtcl6liau",1,LAC,0,0,0,0,0,0,0,0,0,0,0,0,,0,,,0,0,0,0,0,0,,0,0,0,0,0,0,0,0,0,0,,1,,,,,0,2.0,2.0
2023,REG+POST,00-0035689,D.Knox,Dawson Knox,TE,TE,"https://static.www.nfl.com/image/upload/f_auto,q_auto/league/uazfj5l5vzow2oyfa1s6",12,BUF,0,0,0,0,0,0,0,0,0,0,0,0,,0,,,0,0,0,0,0,0,,0,24,39,199,3,0,0,271,101,15,-10.1255993796279,1,0.734317343173432,0.0982367758186398,0.0798467884502063,0.203247915643104,0,39.9,63.9
2023,REG+POST,00-0035700,J.Jacobs,Josh Jacobs,RB,RB,"https://static.www.nfl.com/image/upload/f_auto,q_auto/league/ksdusqxnwqtnph0htcfx",13,LV,0,0,0,0,0,1,4,0,0,0,0,0,-1.07640659611207,0,,,233,805,6,2,1,34,-44.3192915947308,0,37,54,296,0,1,0,38,293,15,-0.396548579951697,0,7.78947368421053,0.141732283464567,0.0128857239742286,0.22161843197881,0,144.1,181.1
2023,REG+POST,00-0035703,M.Boykin,Miles Boykin,WR,WR,"https://static.www.nfl.com/image/upload/f_auto,q_auto/league/agzv2xnchflfdxfet6pm",4,PIT,0,0,0,0,0,0,0,0,0,0,0,0,,0,,,0,0,0,0,0,0,,0,3,4,17,0,0,0,19,2,0,-0.724280520516913,0,0.894736842105263,0.0350877192982456,0.0221703617269545,0.0681508321562366,0,1.7,4.7
2023,REG+POST,00-0035704,D.Lock,Drew Lock,QB,QB,"https://static.www.nfl.com/image/upload/f_auto,q_auto/league/tlkgzjnuugarxjeoj9vk",4,SEA,48,76,543,3,3,6,26,0,0,621,305,20,-0.653722791097846,0,0.874396135265701,0.0480110785774619,5,14,0,0,0,1,-0.21092454198515,0,0,0,0,0,0,0,0,0,0,,0,,,,,0,29.12,29.12
2023,REG+POST,00-0035710,D.Jones,Daniel Jones,QB,QB,"https://static.www.nfl.com/image/private/f_auto,q_auto/league/zrhniboizqpxtdyz6gez",6,NYG,108,160,909,2,6,30,167,3,1,1096,440,43,-60.455004205717,0,0.829379562043796,0.0256447181376445,40,206,1,1,0,15,5.83452782023381,0,0,0,0,0,0,0,0,0,0,,0,,,,,0,56.96,56.96
2023,REG+POST,00-0035715,D.Gore,Derrick Gore,RB,RB,"https://static.www.nfl.com/image/private/f_auto,q_auto/league/wk7zy3ceecze3ly0mj7c",2,WAS,0,0,0,0,0,0,0,0,0,0,0,0,,0,,,3,26,0,0,0,1,-1.32363200120744,0,0,0,0,0,0,0,0,0,0,,0,,,,,0,2.6,2.6
2023,REG+POST,00-0035719,D.Samuel,Deebo Samuel Sr.,WR,WR,"https://static.www.nfl.com/image/upload/f_auto,q_auto/league/shqoqpjwwoiexzy6cmgb",18,SF,0,1,0,0,0,0,0,0,0,11,0,0,-0.443187787313946,0,0.0,,43,240,5,0,0,14,8.86554649241011,0,73,111,1038,7,1,0,750,641,40,40.1558546376941,0,1.384,0.224696356275304,0.186567164179104,0.467641549338329,0,199.8,272.8
2023,REG+POST,00-0035726,J.Johnson,Jakob Johnson,FB,RB,"https://static.www.nfl.com/image/upload/f_auto,q_auto/league/dsggivrqnycxooysemqr",1,LV,0,0,0,0,0,0,0,0,0,0,0,0,,0,,,0,0,0,0,0,0,,0,1,2,12,0,0,0,6,10,0,1.03370134159923,0,2.0,0.0526315789473684,0.0238095238095238,0.0956140350877193,0,1.2,2.2
2023,REG+POST,00-0035771,M.Wilcox,Mitchell Wilcox,TE,TE,"https://static.www.nfl.com/image/private/f_auto,q_auto/league/cxh2vsypwniukuheewu0",9,CIN,0,0,0,0,0,0,0,0,0,0,0,0,,0,,,0,0,0,0,0,0,,0,9,12,56,0,0,0,12,48,2,0.202913596731378,0,4.66666666666667,0.0387096774193548,0.0073170731707317,0.0631864673485445,0,5.6,14.6
2023,REG+POST,00-0035806,J.Hasty,JaMycal Hasty,RB,RB,"https://static.www.nfl.com/image/upload/f_auto,q_auto/league/stvclosmy6zi864kfxw7",1,JAX,0,0,0,0,0,0,0,0,0,0,0,0,,0,,,0,0,0,0,0,0,,0,0,2,0,0,0,0,24,0,0,-2.36844285400376,0,0.0,0.0666666666666667,0.134078212290503,0.193854748603352,0,0.0,0.0
2023,REG+POST,00-0035831,J.Robinson,James Robinson,RB,RB,"https://static.www.nfl.com/image/upload/f_auto,q_auto/league/htviio8mhknq9cennrdq",1,GB,0,0,0,0,0,0,0,0,0,0,0,0,,0,,,1,2,0,0,0,0,-0.481721363612451,0,1,1,-2,0,0,0,-3,1,0,-1.12491639098153,0,0.666666666666667,0.0285714285714286,-0.0112359550561798,0.034991974317817,0,0.0,1.0
2023,REG+POST,00-0035859,B.Gillikin,Blake Gillikin,P,SPEC,"https://static.www.nfl.com/image/upload/f_auto,q_auto/league/q3rhma6zhidgxuxegy7j",1,ARI,0,0,0,0,0,0,0,0,0,0,0,0,,0,,,1,10,0,0,0,1,3.48146039084531,0,0,0,0,0,0,0,0,0,0,,0,,,,,0,1.0,1.0
2023,REG+POST,00-0035860,T.Jones,Tony Jones,RB,RB,"https://static.www.nfl.com/image/private/f_auto,q_auto/league/cgvll8lokulmws98olfa",6,ARI,0,0,0,0,0,0,0,0,0,0,0,0,,0,,,26,95,2,0,0,7,1.68785699972068,0,7,10,37,0,0,0,-18,44,1,-4.62358357348887,0,-2.05555555555556,0.0854700854700855,-0.0301507537688442,0.107099600566937,0,25.2,32.2
2023,REG+POST,00-0035889,T.Townsend,Tommy Townsend,P,SPEC,"https://static.www.nfl.com/image/upload/f_auto,q_auto/league/wjl9dnrvh79vfimfrssc",1,KC,1,1,11,0,0,0,0,0,0,11,0,1,2.43964067677734,0,1.0,,0,0,0,0,0,0,,0,0,0,0,0,0,0,0,0,0,,0,,,,,0,0.44,0.44
2023,REG+POST,00-0035924,J.Ward,Jonathan Ward,RB,RB,"https://static.www.nfl.com/image/upload/f_auto,q_auto/league/yct3a4xznwcxjvn4iosk",1,TEN,0,0,0,0,0,0,0,0,0,0,0,0,,0,,,3,11,0,0,0,1,-1.81841936230194,0,0,0,0,0,0,0,0,0,0,,0,,,,,0,1.1,1.1
2023,REG+POST,00-0035934,T.Jackson,Trishton Jackson,WR,WR,"https://static.www.nfl.com/image/upload/f_auto,q_auto/league/nbns2mugslnthvdesbsn",2,MIN,0,0,0,0,0,0,0,0,0,0,0,0,,0,,,0,0,0,0,0,0,,0,2,4,9,0,0,0,16,7,0,-2.6580638459699,1,0.5625,0.0512820512820513,0.0342612419700214,0.100905946302092,0,2.9,4.9
2023,REG+POST,00-0035956,G.Ricci,Giovanni Ricci,TE,TE,"https://static.www.nfl.com/image/upload/f_auto,q_auto/league/bkm7rkwyqydrxenk3bbw",1,CAR,0,0,0,0,0,0,0,0,0,0,0,0,,0,,,0,0,0,0,0,0,,0,1,1,2,0,0,0,-1,3,0,-0.489649289753288,0,0.0,0.032258064516129,-0.0043859649122807,0.0453169213355971,0,0.2,1.2
2023,REG+POST,00-0035973,P.Taylor,Patrick Taylor,RB,RB,"https://static.www.nfl.com/image/upload/f_auto,q_auto/league/nd1utxii5exwfoujq5a4",11,GB,0,0,0,0,0,0,0,0,0,0,0,0,,0,,,35,147,0,0,0,7,-5.15183808614986,0,11,17,49,0,0,0,-8,59,4,-5.77734160461114,0,-6.125,0.0648854961832061,-0.0041237113402061,0.0944416463366648,0,19.6,30.6
2023,REG+POST,00-0035993,T.Huntley,Tyler Huntley,QB,QB,"https://static.www.nfl.com/image/upload/f_auto,q_auto/league/ex2ygunvni5o5aabnhbq",5,BAL,21,37,203,3,0,4,28,0,0,249,78,13,3.80045475512065,0,0.815261044176707,0.0406917943701467,15,55,0,0,0,3,-5.00479880979401,0,0,0,0,0,0,0,0,0,0,,0,,,,,0,25.62,25.62
2023,REG+POST,00-0036020,S.Ahmed,Salvon Ahmed,RB,RB,"https://static.www.nfl.com/image/private/f_auto,q_auto/league/ggkz2vamnepagqfn992j",7,MIA,0,0,0,0,0,0,0,0,0,0,0,0,,0,,,22,61,1,0,0,3,-0.23326447600266,0,16,23,88,1,0,0,14,109,4,-10.4890078431636,0,6.28571428571429,0.092741935483871,0.0084592145015105,0.145034353376864,0,26.9,42.9
2023,REG+POST,00-0036032,S.McKeon,Sean McKeon,TE,TE,"https://static.www.nfl.com/image/upload/f_auto,q_auto/league/hxwzrifzs1l10zu06h68",2,DAL,0,0,0,0,0,0,0,0,0,0,0,0,,0,,,0,0,0,0,0,0,,0,0,2,0,0,0,0,13,0,0,-6.45354717166629,0,0.0,0.03125,0.0232974910394265,0.0631832437275986,0,0.0,0.0
2023,REG+POST,00-0036040,J.Johnson,Juwan Johnson,TE,TE,"https://static.www.nfl.com/image/upload/f_auto,q_auto/league/pdsl9w3agc9uvjqpq1jy",13,NO,0,0,0,0,0,0,0,0,0,0,0,0,,0,,,0,0,0,0,0,0,,0,37,59,368,4,0,0,444,145,23,-4.48748790575559,0,0.828828828828829,0.141486810551559,0.127586206896552,0.301540560654924,0,60.8,97.8
2023,REG+POST,00-0036124,K.Dorsey,Khalil Dorsey,CB,DB,"https://static.www.nfl.com/image/upload/f_auto,q_auto/league/dd7a4vk8eedk1knufreg",1,DET,0,0,0,0,0,0,0,0,0,0,0,0,,0,,,0,0,0,0,0,0,,0,1,1,31,0,0,0,22,9,1,4.14300359913614,0,1.40909090909091,0.03125,0.0894308943089431,0.10947662601626,0,3.1,4.1
2023,REG+POST,00-0036132,B.Bredeson,Ben Bredeson,G,OL,"https://static.www.nfl.com/image/upload/f_auto,q_auto/league/mnh7cytif36nslc1sz60",1,NYG,0,0,0,0,0,0,0,0,0,0,0,0,,0,,,0,0,0,0,0,0,,0,1,1,0,0,0,0,-2,2,0,-1.4257818616461,0,0.0,0.03125,-0.0188679245283019,0.0336674528301887,0,0.0,1.0
2023,REG+POST,00-0036133,J.Proche,James Proche,WR,WR,"https://static.www.nfl.com/image/upload/f_auto,q_auto/league/me4h87meacls1jjh0cug",2,CLE,0,0,0,0,0,0,0,0,0,0,0,0,,0,,,0,0,0,0,0,0,,0,0,5,0,0,0,0,86,0,0,-7.28376101708273,0,0.0,0.087719298245614,0.159554730983302,0.243267259056733,0,0.0,0.0
2023,REG+POST,00-0036139,R.Dowdle,Rico Dowdle,RB,RB,"https://static.www.nfl.com/image/upload/f_auto,q_auto/league/fe8ge4f6vvtyihou5czu",17,DAL,0,0,0,0,0,0,0,0,0,0,0,0,,0,,,91,372,2,0,0,17,-5.40310363632205,1,19,25,158,2,0,0,2,183,8,7.09025024275268,0,79.0,0.05175983436853,0.000616903146206,0.0780715837551393,0,79.0,98.0
2023,REG+POST,00-0036145,L.Cager,Lawrence Cager,TE,TE,"https://static.www.nfl.com/image/upload/f_auto,q_auto/league/mnmmtwj9ibrttndyhpjo",3,NYG,0,0,0,0,0,0,0,0,0,0,0,0,,0,,,0,0,0,0,0,0,,0,4,5,36,1,0,0,21,27,2,3.254882011679,0,1.71428571428571,0.0561797752808989,0.0412573673870334,0.113149820092272,0,9.6,13.6
2023,REG+POST,00-0036158,J.Dobbins,J.K. Dobbins,RB,RB,"https://static.www.nfl.com/image/upload/f_auto,q_auto/league/rbuyzj3kv10xrq1rfy2l",1,BAL,0,0,0,0,0,0,0,0,0,0,0,0,,0,,,8,22,1,0,0,1,-1.84059488767525,0,2,3,15,0,0,0,3,15,0,0.519200186652597,0,5.0,0.142857142857143,0.0288461538461538,0.234478021978022,0,9.7,11.7
2023,REG+POST,00-0036165,I.Hodgins,Isaiah Hodgins,WR,WR,"https://static.www.nfl.com/image/upload/f_auto,q_auto/league/gc1gaxelm41o1luldpek",14,NYG,0,0,0,0,0,0,0,0,0,0,0,0,,0,,,0,0,0,0,0,0,,0,21,33,230,3,1,1,269,75,12,3.9315880485914,0,0.855018587360595,0.0795180722891566,0.0860249440358171,0.179494569258807,0,39.0,60.0
2023,REG+POST,00-0036176,M.Kinsey,Mason Kinsey,WR,WR,"https://static.www.nfl.com/image/upload/f_auto,q_auto/league/qeddbi4d2hfqtyhsiogr",1,TEN,0,0,0,0,0,0,0,0,0,0,0,0,,0,,,0,0,0,0,0,0,,0,1,1,6,0,0,0,-2,8,0,-1.06638630223461,0,0.0,0.04,-0.015748031496063,0.0489763779527559,0,0.6,1.6
2023,REG+POST,00-0036182,N.Westbrook-Ikhine,Nick Westbrook-Ikhine,WR,WR,"https://static.www.nfl.com/image/upload/f_auto,q_auto/league/rt9ic9wzwl2pevlxt1nd",13,TEN,0,0,0,0,0,0,0,0,0,0,0,0,,0,,,0,0,0,0,0,0,,0,28,45,370,3,0,0,552,107,18,19.6262658267062,1,0.670289855072464,0.119047619047619,0.145072273324573,0.28012201989863,0,57.0,85.0
2023,REG+POST,00-0036187,R.Gilliam,Reggie Gilliam,FB,RB,"https://static.www.nfl.com/image/upload/f_auto,q_auto/league/qj2xzath8p7188isoxkd",1,BUF,0,0,0,0,0,0,0,0,0,0,0,0,,0,,,0,0,0,0,0,0,,0,1,1,3,0,0,0,1,2,0,-0.339638097211719,0,3.0,0.0277777777777778,0.0059880239520958,0.0458582834331337,0,0.3,1.3
2023,REG+POST,00-0036196,G.Davis,Gabe Davis,WR,WR,"https://static.www.nfl.com/image/upload/f_auto,q_auto/league/rlmgjtfct5qjtbwcjqg6",16,BUF,0,0,0,0,0,0,0,0,0,0,0,0,,0,,,1,-2,0,0,0,0,-0.880379307549447,0,45,81,746,7,1,1,1223,180,34,23.1017632455337,1,0.609975470155356,0.156976744186047,0.270276243093923,0.424658486444816,0,116.4,161.4
2023,REG+POST,00-0036212,T.Tagovailoa,Tua Tagovailoa,QB,QB,"https://static.www.nfl.com/image/upload/f_auto,q_auto/league/xzdbwt2ezmxk3pjcsr1n",18,MIA,408,599,4823,30,15,31,182,3,0,4572,2267,230,109.623520375969,0,1.05489938757655,0.119506528267756,38,99,0,9,4,7,-37.5154409017304,0,0,0,0,0,0,0,0,0,0,,0,,,,,0,284.82,284.82
2023,REG+POST,00-0036223,J.Taylor,Jonathan Taylor,RB,RB,"https://static.www.nfl.com/image/upload/f_auto,q_auto/league/ye4runp84oku1vnodsa7",10,IND,0,0,0,0,0,0,0,0,0,0,0,0,,0,,,169,741,7,1,0,42,-10.159002013305,0,19,23,153,1,0,0,-21,174,5,3.16458925190549,0,-7.28571428571429,0.0871212121212121,-0.0119453924914676,0.122320043437791,0,137.4,156.4
2023,REG+POST,00-0036232,H.Bryant,Harrison Bryant,TE,TE,"https://static.www.nfl.com/image/upload/f_auto,q_auto/league/jjarmcwkadvr7tynkpuj",14,CLE,0,0,0,0,0,0,0,0,0,0,0,0,,0,,,5,8,0,1,1,4,2.22246759774862,0,17,26,146,3,0,0,127,71,6,-6.38399371669435,0,1.1496062992126,0.0550847457627119,0.0353957636566332,0.107404153203711,0,31.4,48.4
2023,REG+POST,00-0036233,D.Peoples-Jones,Donovan Peoples-Jones,WR,WR,"https://static.www.nfl.com/image/upload/f_auto,q_auto/league/sgfgvm2myyrntnmiqojk",12,DET,0,0,0,0,0,0,0,0,0,0,0,0,,0,,,0,0,0,0,0,0,,0,13,25,155,0,0,0,273,35,7,-3.96873156457075,0,0.567765567765568,0.0632911392405063,0.0880929332042594,0.156601762103741,0,15.5,28.5
2023,REG+POST,00-0036244,C.Parkinson,Colby Parkinson,TE,TE,"https://static.www.nfl.com/image/upload/f_auto,q_auto/league/crjyx8tutyzn8bomqbdc",14,SEA,0,0,0,0,0,0,0,0,0,0,0,0,,0,,,0,0,0,0,0,0,,0,25,34,247,2,0,0,218,86,11,8.38113039895061,0,1.13302752293578,0.0781609195402299,0.0685103708359522,0.165198638895511,0,36.7,61.7
2023,REG+POST,00-0036251,Z.Moss,Zack Moss,RB,RB,"https://static.www.nfl.com/image/upload/f_auto,q_auto/league/oxrltdgoquiabhihhgnk",14,IND,0,0,0,0,0,0,0,0,0,0,0,0,,0,,,183,794,5,0,0,43,-14.0308929556062,0,27,37,192,2,0,0,-14,189,10,0.856741809931066,1,-13.7142857142857,0.0976253298153034,-0.0057212913771965,0.142433090758918,0,142.6,169.6
2023,REG+POST,00-0036252,M.Pittman,Michael Pittman,WR,WR,"https://static.www.nfl.com/image/private/f_auto,q_auto/league/wnymcombo2plamteihiy",16,IND,0,0,0,0,0,0,0,0,0,0,0,0,,0,,,0,0,0,0,0,0,,0,109,156,1152,4,1,0,1227,513,53,25.9837844796588,2,0.938875305623472,0.305283757338552,0.327374599786553,0.687087855858415,0,143.2,252.2
2023,REG+POST,00-0036254,C.Johnson,Collin Johnson,WR,WR,"https://static.www.nfl.com/image/upload/f_auto,q_auto/league/ijr7bal4mbsaum2lp9dq",1,CHI,0,0,0,0,0,0,0,0,0,0,0,0,,0,,,0,0,0,0,0,0,,0,1,1,11,0,0,0,7,4,1,1.25032863160595,0,1.57142857142857,0.0333333333333333,0.0268199233716475,0.0687739463601533,0,1.1,2.1
2023,REG+POST,00-0036259,J.Jennings,Jauan Jennings,WR,WR,"https://static.www.nfl.com/image/upload/f_auto,q_auto/league/fqyzagb57zrtegmw69eb",15,SF,1,1,21,1,0,0,0,0,0,-5,26,1,2.94651336665265,0,0.0,,1,-1,0,0,0,0,-1.08077984396368,0,29,46,376,2,0,0,452,128,20,15.542428064488,0,0.831858407079646,0.107728337236534,0.127647557187235,0.250945795885866,0,54.34,83.34
2023,REG+POST,00-0036261,B.Aiyuk,Brandon Aiyuk,WR,WR,"https://static.www.nfl.com/image/upload/f_auto,q_auto/league/qnfyhqxbppevv28hd3rx",19,SF,0,0,0,0,0,0,0,0,0,0,0,0,,0,,,0,0,0,0,0,0,,0,84,125,1491,8,1,1,1748,389,70,90.0827736705121,0,0.852974828375286,0.231481481481482,0.384852487890797,0.61661896374578,0,195.1,279.1
2023,REG+POST,00-0036264,J.Love,Jordan Love,QB,QB,"https://static.www.nfl.com/image/upload/f_auto,q_auto/league/a8xqle2vmsnumawdhswb",19,GB,409,634,4625,37,13,30,242,5,1,5321,2120,230,108.669839106131,3,0.869197519263296,0.120194984082775,56,249,4,5,2,17,-11.4499924873963,0,0,0,0,0,0,0,0,0,0,,0,,,,,0,355.9,355.9
2023,REG+POST,00-0036265,A.Dillon,AJ Dillon,RB,RB,"https://static.www.nfl.com/image/upload/f_auto,q_auto/league/dmngnuthwbzaxzekg53u",15,GB,0,0,0,0,0,0,0,0,0,0,0,0,,0,,,178,613,2,0,0,32,-23.4962760458746,0,22,28,223,0,0,0,1,231,10,5.78003133673337,0,223.0,0.0717948717948718,0.0003073140749846,0.107907427544797,0,95.6,117.6
2023,REG+POST,00-0036268,L.Shenault,Laviska Shenault Jr.,WR,WR,"https://static.www.nfl.com/image/upload/f_auto,q_auto/league/o3cfpcor86ghjwyn8icp",8,CAR,0,0,0,0,0,0,0,0,0,0,0,0,,0,,,12,55,0,0,0,3,-0.212121787015349,0,10,10,60,0,0,0,-25,85,2,-1.19958016008604,0,0.0,0.0490196078431373,-0.0174337517433752,0.0613257855443433,0,11.5,21.5
2023,REG+POST,00-0036269,L.Perine,La'Mical Perine,RB,RB,"https://static.www.nfl.com/image/upload/f_auto,q_auto/league/fd2pagtwrgj0hopdspal",2,KC,0,0,0,0,0,0,0,0,0,0,0,0,,0,,,22,77,0,0,0,3,-2.3794992521381,0,3,5,33,0,0,0,2,32,1,-0.156067042204086,0,16.5,0.087719298245614,0.0058479532163742,0.135672514619883,0,11.0,14.0
2023,REG+POST,00-0036271,Q.Watkins,Quez Watkins,WR,WR,"https://static.www.nfl.com/image/upload/f_auto,q_auto/league/oag0nknq48jo1qcon7k4",6,PHI,0,0,0,0,0,0,0,0,0,0,0,0,,0,,,0,0,0,0,0,0,,0,18,25,154,1,0,0,270,61,8,-4.60872213286666,0,0.57037037037037,0.124378109452736,0.155889145496536,0.29568956602668,0,21.4,39.4
2023,REG+POST,00-0036275,D.Swift,D'Andre Swift,RB,RB,"https://static.www.nfl.com/image/upload/f_auto,q_auto/league/xlqznrxbapcjhxxazkbx",17,PHI,0,0,0,0,0,0,0,0,0,0,0,0,,0,,,239,1083,5,2,0,52,-0.500590910276906,0,43,53,246,1,1,1,33,293,9,-8.21056170861853,0,7.45454545454545,0.115217391304348,0.0091743119266055,0.179248105305146,0,166.9,209.9
2023,REG+POST,00-0036287,N.Igbinoghene,Noah Igbinoghene,CB,DB,"https://static.www.nfl.com/image/upload/f_auto,q_auto/league/hyu05mp0m5bstdoi0wdx",1,DAL,0,0,0,0,0,0,0,0,0,0,0,0,,0,,,0,0,0,0,0,0,,0,0,0,0,0,0,0,0,0,0,,0,,,,,1,6.0,6.0
2023,REG+POST,00-0036290,C.Kmet,Cole Kmet,TE,TE,"https://static.www.nfl.com/image/upload/f_auto,q_auto/league/fdxpctcmwjupassg9g9d",15,CHI,0,0,0,0,0,0,0,0,0,0,0,0,,0,,,3,2,0,0,0,2,0.803787263343111,0,73,90,719,6,1,0,557,290,36,32.5224477836288,0,1.29084380610413,0.215311004784689,0.189972714870396,0.455947407586311,0,108.1,181.1
2023,REG+POST,00-0036297,D.Evans,Darrynton Evans,RB,RB,"https://static.www.nfl.com/image/upload/f_auto,q_auto/league/akmrd72vwsbpsnuh9775",6,MIA,0,0,0,0,0,0,0,0,0,0,0,0,,0,,,32,121,1,0,0,10,0.603845581979832,0,7,12,49,0,0,0,-14,69,2,-5.22914005699871,0,-3.5,0.0810810810810811,-0.0167064439140811,0.109927110881765,0,23.0,30.0
2023,REG+POST,00-0036309,D.Mooney,Darnell Mooney,WR,WR,"https://static.www.nfl.com/image/upload/f_auto,q_auto/league/c1ixyspw0eshl3a2qrly",14,CHI,0,0,0,0,0,0,0,0,0,0,0,0,,0,,,2,5,0,0,0,0,-0.762429441092536,0,31,61,414,1,0,0,630,181,20,-4.80464335643307,0,0.657142857142857,0.15136476426799,0.216643741403026,0.378697765384103,0,47.9,78.9
2023,REG+POST,00-0036313,B.Mann,Braden Mann,P,SPEC,"https://static.www.nfl.com/image/upload/f_auto,q_auto/league/z2s9qddgientrtm86fmc",1,PHI,1,1,28,0,0,0,0,0,0,11,17,1,4.2093265458243,0,2.54545454545455,,0,0,0,0,0,0,,0,0,0,0,0,0,0,0,0,0,,0,,,,,0,1.12,1.12
2023,REG+POST,00-0036322,J.Jefferson,Justin Jefferson,WR,WR,"https://static.www.nfl.com/image/upload/f_auto,q_auto/league/vrftbpzwk6qmv0zjcysg",10,MIN,0,1,0,0,0,0,0,0,0,20,0,0,-0.393325770564843,0,0.0,,1,-12,0,0,0,0,-1.97162454621866,0,68,100,1074,5,1,0,1258,260,51,42.8227059184397,0,0.853736089030207,0.268096514745308,0.394110275689223,0.678021965100419,0,136.2,204.2
2023,REG+POST,00-0036326,C.Claypool,Chase Claypool,WR,WR,"https://static.www.nfl.com/image/upload/f_auto,q_auto/league/intpee5tvgt6rhzxhquc",7,MIA,0,0,0,0,0,0,0,0,0,0,0,0,,0,,,0,0,0,0,0,0,,0,8,21,77,1,0,0,230,25,4,-13.1959115537263,0,0.334782608695652,0.0967741935483871,0.14771997430957,0.248565272339279,0,13.7,21.7
2023,REG+POST,00-0036328,A.Gibson,Antonio Gibson,RB,RB,"https://static.www.nfl.com/image/upload/f_auto,q_auto/league/hsjhpzgfdilf9cyrpeup",16,WAS,0,0,0,0,0,0,0,0,0,0,0,0,,0,,,65,265,1,1,1,13,-6.73583069333108,0,48,59,389,2,2,1,-2,377,19,0.866365675678665,0,-194.5,0.105545617173524,-0.0005340453938584,0.157944593984585,0,79.4,127.4
2023,REG+POST,00-0036329,A.Davis,Ashtyn Davis,SS,DB,"https://static.www.nfl.com/image/upload/f_auto,q_auto/league/xbanhtslhiidu6nutxzc",2,NYJ,0,0,0,0,0,0,0,0,0,0,0,0,,0,,,2,3,0,0,0,1,-0.46953138220124,0,0,0,0,0,0,0,0,0,0,,0,,,,,0,0.3,0.3
2023,REG+POST,00-0036331,D.Duvernay,Devin Duvernay,WR,WR,"https://static.www.nfl.com/image/upload/f_auto,q_auto/league/wynmyjmvg7cee4y6i21n",6,BAL,0,0,0,0,0,0,0,0,0,0,0,0,,0,,,4,15,0,0,0,0,-0.552756739489269,0,4,9,18,0,0,0,81,17,0,-4.00612674535772,0,0.222222222222222,0.0596026490066225,0.0625482625482626,0.133187757293718,0,3.3,7.3
2023,REG+POST,00-0036332,J.Deguara,Josiah Deguara,TE,TE,"https://static.www.nfl.com/image/upload/f_auto,q_auto/league/ppvzbuhwwaus50k2xyr2",4,GB,0,0,0,0,0,0,0,0,0,0,0,0,,0,,,0,0,0,0,0,0,,0,8,8,65,0,0,0,26,39,3,1.15774124593008,0,2.5,0.0707964601769912,0.0267765190525232,0.124938253602253,0,6.5,14.5
2023,REG+POST,00-0036336,A.McFarland,Anthony McFarland,RB,RB,"https://static.www.nfl.com/image/private/f_auto,q_auto/league/dwt64mh92t2qztepvswo",1,PIT,0,0,0,0,0,0,0,0,0,0,0,0,,0,,,0,0,0,0,0,0,,0,2,2,11,0,0,0,4,7,1,1.19314490072429,0,2.75,0.0444444444444444,0.0122324159021407,0.0752293577981651,0,1.1,3.1
2023,REG+POST,00-0036345,K.Osborn,K.J. Osborn,WR,WR,"https://static.www.nfl.com/image/upload/f_auto,q_auto/league/sbz79g8kzinzebiwzauv",15,MIN,0,0,0,0,0,0,0,0,0,0,0,0,,0,,,0,0,0,0,0,0,,0,48,75,540,3,1,0,659,185,28,6.30021401257738,0,0.819423368740516,0.138121546961326,0.152510992825735,0.313940015420003,0,72.0,120.0
2023,REG+POST,00-0036355,J.Herbert,Justin Herbert,QB,QB,"https://static.www.nfl.com/image/upload/f_auto,q_auto/league/vvwim9hpgq1zs3bufmr0",13,LAC,297,456,3134,20,7,29,233,3,1,3490,1568,150,26.8638555228564,1,0.897994269340974,0.073319126457307,52,228,3,1,0,16,5.38458910104854,0,1,1,10,0,0,0,-7,17,1,1.78053091675974,0,0.0,0.027027027027027,-0.02734375,0.0213999155405405,0,233.16,234.16
2023,REG+POST,00-0036358,C.Lamb,CeeDee Lamb,WR,WR,"https://static.www.nfl.com/image/upload/f_auto,q_auto/league/tfuj9njqdw2dovkwhryc",18,DAL,0,0,0,0,0,0,0,0,0,0,0,0,,0,,,15,118,2,0,0,6,8.06527805700898,0,144,198,1859,12,3,1,1926,715,87,96.1004594953798,1,0.96521287642783,0.298642533936652,0.368824205285331,0.706140744604709,0,281.7,425.7
2023,REG+POST,00-0036360,C.Edwards-Helaire,Clyde Edwards-Helaire,RB,RB,"https://static.www.nfl.com/image/upload/f_auto,q_auto/league/lgwe3vcpwh3db31b2obg",19,KC,0,0,0,0,0,0,0,0,0,0,0,0,,0,,,81,276,1,1,1,15,-17.6729946369014,0,21,26,195,1,0,0,-66,247,8,3.22454481097709,0,-2.95454545454545,0.053388090349076,-0.0246913580246914,0.06279818490633,0,57.1,78.1
2023,REG+POST,00-0036364,L.Bowden,Lynn Bowden,WR,WR,"https://static.www.nfl.com/image/private/f_auto,q_auto/league/nrvwudvuqxpmiegmjzdu",8,NO,0,0,0,0,0,0,0,0,0,0,0,0,,0,,,5,32,0,1,0,3,-0.934402808721643,0,11,16,83,0,0,0,80,57,2,-2.24849221037374,0,1.0375,0.0632411067193676,0.0430338891877353,0.124985382510466,0,11.5,22.5
2023,REG+POST,00-0036370,J.Kelley,Joshua Kelley,RB,RB,"https://static.www.nfl.com/image/private/f_auto,q_auto/league/fsu6gqcltgnofaakmq6u",17,LAC,0,0,0,0,0,0,0,0,0,0,0,0,,0,,,107,405,2,1,1,21,-26.1540332020189,0,8,12,32,0,0,0,15,39,0,-5.66513554926496,0,2.13333333333333,0.0412371134020619,0.0073565473271211,0.0670052532320776,0,53.7,61.7
2023,REG+POST,00-0036387,J.Reagor,Jalen Reagor,WR,WR,"https://static.www.nfl.com/image/upload/f_auto,q_auto/league/myazqfr7pzfyofksuyet",9,NE,0,0,0,0,0,0,0,0,0,0,0,0,,0,,,1,17,0,0,0,1,1.22007818915881,0,7,23,138,0,0,0,359,18,5,-11.3858453314751,0,0.384401114206128,0.0864661654135338,0.183819764464926,0.258373083245749,1,21.5,28.5
2023,REG+POST,00-0036389,J.Hurts,Jalen Hurts,QB,QB,"https://static.www.nfl.com/image/upload/f_auto,q_auto/league/k2p5yb4qmqwoo3qcapgt",18,PHI,377,573,4108,24,15,39,238,5,1,4913,1799,194,60.2361313264934,0,0.83614899246896,0.120734284067005,158,610,15,4,4,68,21.1921046064139,0,0,0,0,0,0,0,0,0,0,,0,,,,,0,371.32,371.32
2023,REG+POST,00-0036407,J.Jeudy,Jerry Jeudy,WR,WR,"https://static.www.nfl.com/image/upload/f_auto,q_auto/league/szca1v9butuqkjs7ekpm",16,DEN,0,0,0,0,0,0,0,0,0,0,0,0,,0,,,0,0,0,0,0,0,,0,54,87,758,2,1,0,1109,323,28,16.952773686105,0,0.683498647430117,0.195505617977528,0.339351285189718,0.530804326599095,0,87.8,141.8
2023,REG+POST,00-0036410,T.Higgins,Tee Higgins,WR,WR,"https://static.www.nfl.com/image/upload/f_auto,q_auto/league/swqgkrdmjecz3vumrex5",12,CIN,0,0,0,0,0,0,0,0,0,0,0,0,,0,,,0,0,0,0,0,0,,0,42,76,656,5,0,0,973,235,33,26.4740228519108,0,0.674203494347379,0.178823529411765,0.372226472838562,0.52879382510464,0,95.6,137.6
2023,REG+POST,00-0036414,C.Akers,Cam Akers,RB,RB,"https://static.www.nfl.com/image/upload/f_auto,q_auto/league/dutj0wamu7giwghnmr4m",7,MIN,0,0,0,0,0,1,7,0,0,0,0,0,-1.51879248971818,0,,,60,167,2,0,0,12,-4.78788391471329,0,11,12,70,0,0,0,-13,78,2,1.24723809474381,0,-5.38461538461539,0.058252427184466,-0.0105691056910569,0.0799802667929592,0,35.7,46.7
2023,REG+POST,00-0036415,V.Jefferson,Van Jefferson,WR,WR,"https://static.www.nfl.com/image/upload/f_auto,q_auto/league/v2vkt9htky3xawu8yskx",14,ATL,0,0,0,0,0,0,0,0,0,0,0,0,,0,,,1,4,0,0,0,0,-0.175891824997962,0,20,43,209,0,0,0,686,25,10,-17.6395622772576,0,0.30466472303207,0.0955555555555556,0.182059447983015,0.270774946921444,0,21.3,41.3
2023,REG+POST,00-0036422,A.Trautman,Adam Trautman,TE,TE,"https://static.www.nfl.com/image/upload/f_auto,q_auto/league/qvqigum2qjhil0z3er2c",16,DEN,0,0,0,0,0,0,0,0,0,0,0,0,,0,,,0,0,0,0,0,0,,0,22,35,204,3,0,0,226,98,10,-1.09609563059367,0,0.902654867256637,0.0762527233115468,0.0689655172413793,0.162654947036286,0,38.4,60.4
2023,REG+POST,00-0036423,A.Okwuegbunam,Albert Okwuegbunam,TE,TE,"https://static.www.nfl.com/image/upload/f_auto,q_auto/league/noqvtfo4wlwq8lybmprg",1,PHI,0,0,0,0,0,0,0,0,0,0,0,0,,0,,,0,0,0,0,0,0,,0,0,1,0,0,0,0,10,0,0,-0.425066940486431,0,0.0,0.0238095238095238,0.0334448160535117,0.0591256569517439,0,0.0,0.0
2023,REG+POST,00-0036424,B.Hopkins,Brycen Hopkins,TE,TE,"https://static.www.nfl.com/image/private/f_auto,q_auto/league/agzychtsya1dteoz1khu",4,LA,0,0,0,0,0,0,0,0,0,0,0,0,,0,,,0,0,0,0,0,0,,0,5,7,78,0,0,0,66,32,3,3.05575129084173,0,1.18181818181818,0.0555555555555556,0.0602189781021898,0.125486618004866,0,7.8,12.8
2023,REG+POST,00-0036425,D.Dallas,DeeJay Dallas,RB,RB,"https://static.www.nfl.com/image/upload/f_auto,q_auto/league/qsij89kqrxap0jba9zwh",10,SEA,0,0,0,0,0,1,0,0,0,0,0,0,-0.517851746990345,0,,,10,36,0,0,0,2,0.156264331133571,0,6,9,26,0,0,0,-15,31,1,-7.68729064252693,0,-1.73333333333333,0.036144578313253,-0.0075604838709677,0.0489245287602021,0,6.2,12.2
2023,REG+POST,00-0036427,T.Johnson,Tyler Johnson,WR,WR,"https://static.www.nfl.com/image/upload/f_auto,q_auto/league/vktiajeyqc8s9s6mjws7",1,LA,0,0,0,0,0,0,0,0,0,0,0,0,,0,,,0,0,0,0,0,0,,0,2,3,8,1,0,0,16,1,1,1.85226943326416,0,0.5,0.130434782608696,0.103896103896104,0.268379446640316,0,6.8,8.8
2023,REG+POST,00-0036429,C.Woerner,Charlie Woerner,TE,TE,"https://static.www.nfl.com/image/upload/f_auto,q_auto/league/hllqdtlyjbs2gbdgn6lj",3,SF,0,0,0,0,0,0,0,0,0,0,0,0,,0,,,0,0,0,0,0,0,,0,3,3,32,0,0,0,12,20,1,1.60738242219668,0,2.66666666666667,0.0365853658536585,0.0151515151515152,0.0654841093865484,0,3.2,6.2
2023,REG+POST,00-0036438,S.Sullivan,Stephen Sullivan,TE,TE,"https://static.www.nfl.com/image/upload/f_auto,q_auto/league/miipmedtauhxf4tmilcs",10,CAR,0,0,0,0,0,0,0,0,0,0,0,0,,0,,,0,0,0,0,0,0,,0,12,24,125,0,0,0,255,8,5,-1.62987327388786,0,0.490196078431373,0.0857142857142857,0.110437418796016,0.205877621728639,0,12.5,24.5
2023,REG+POST,00-0036442,J.Burrow,Joe Burrow,QB,QB,"https://static.www.nfl.com/image/private/f_auto,q_auto/league/jzzqz5ubkilrn9dpxtlp",10,CIN,244,365,2309,15,6,24,180,2,1,2347,1239,115,6.09503705904686,0,0.983809118023008,0.0686732246921572,31,88,0,0,0,9,-3.51224151739734,0,0,0,0,0,0,0,0,0,0,,0,,,,,0,147.16,147.16
2023,REG+POST,00-0036450,K.Vaughn,Ke'Shawn Vaughn,RB,RB,"https://static.www.nfl.com/image/private/f_auto,q_auto/league/npa1msmoqbig9cqznkti",5,TB,0,0,0,0,0,0,0,0,0,0,0,0,,0,,,24,42,0,0,0,0,-11.1368328029639,0,2,5,2,0,0,0,-2,1,0,-4.58328546158737,0,-1.0,0.036231884057971,-0.0016708437761069,0.0531782354436817,0,4.4,6.4
2023,REG+POST,00-0036482,M.Strachan,Mike Strachan,WR,WR,"https://static.www.nfl.com/image/private/f_auto,q_auto/league/f0eepzx0zweaaoch5xfj",2,CAR,0,0,0,0,0,0,0,0,0,0,0,0,,0,,,0,0,0,0,0,0,,0,1,3,45,0,0,0,73,8,1,1.1621588364942,0,0.616438356164384,0.05,0.140115163147793,0.173080614203455,0,4.5,5.5
2023,REG+POST,00-0036493,D.Jackson,Deon Jackson,RB,RB,"https://static.www.nfl.com/image/private/f_auto,q_auto/league/wvi0pz27h6t7gfjujxis",2,NYG,0,0,0,0,0,0,0,0,0,0,0,0,,0,,,14,16,0,1,1,1,-11.4432140915014,0,5,6,14,0,1,1,-6,20,0,-8.51052098162472,0,-2.33333333333333,0.153846153846154,-0.0275229357798165,0.211503175723359,0,-1.0,4.0
2023,REG+POST,00-0036497,T.Jones,Tim Jones,WR,WR,"https://static.www.nfl.com/image/private/f_auto,q_auto/league/aufwsgk6syholp9f7dy6",9,JAX,0,0,0,0,0,0,0,0,0,0,0,0,,0,,,0,0,0,0,0,0,,0,11,18,83,0,0,0,152,31,4,-0.0878130930853311,0,0.546052631578947,0.0571428571428571,0.0616382806163828,0.128861082145754,0,8.3,19.3
2023,REG+POST,00-0036504,B.Echols,Brandin Echols,CB,DB,"https://static.www.nfl.com/image/upload/f_auto,q_auto/league/g5fplq0rrij8pw6hkffb",1,NYJ,0,0,0,0,0,0,0,0,0,0,0,0,,0,,,0,0,0,0,0,0,,0,1,1,18,0,0,0,10,8,1,2.67090002633631,0,1.8,0.0357142857142857,0.0543478260869565,0.0916149068322981,0,1.8,2.8
2023,REG+POST,00-0036510,K.Yeboah,Kenny Yeboah,TE,TE,"https://static.www.nfl.com/image/upload/f_auto,q_auto/league/zjdw9hyw3jc7pmjf5nbv",2,NYJ,0,0,0,0,0,0,0,0,0,0,0,0,,0,,,0,0,0,0,0,0,,0,2,4,28,0,0,0,19,20,1,-2.65620053996099,0,1.47368421052632,0.0449438202247191,0.0595611285266458,0.109108520305731,0,2.8,4.8
2023,REG+POST,00-0036550,R.Bateman,Rashod Bateman,WR,WR,"https://static.www.nfl.com/image/upload/f_auto,q_auto/league/jkcapzvd65fxivefjv8l",17,BAL,0,0,0,0,0,0,0,0,0,0,0,0,,0,,,1,18,0,0,0,1,2.52124868892133,0,36,62,408,1,0,0,901,64,22,3.7328490539837,0,0.452830188679245,0.127310061601643,0.210661678746785,0.338428267525214,0,48.6,84.6
2023,REG+POST,00-0036554,N.Collins,Nico Collins,WR,WR,"https://static.www.nfl.com/image/upload/f_auto,q_auto/league/q7c9aq8rpremfygslmya",17,HOU,0,0,0,0,0,0,0,0,0,0,0,0,,0,,,2,11,0,0,0,0,0.230704006098676,0,91,126,1461,9,1,0,1370,641,62,78.7091735481333,1,1.06642335766423,0.230769230769231,0.2913034233468,0.550066242496606,0,203.2,294.2
2023,REG+POST,00-0036555,C.Hubbard,Chuba Hubbard,RB,RB,"https://static.www.nfl.com/image/upload/f_auto,q_auto/league/oyis5zooijf0xfme9csj",17,CAR,0,0,0,0,0,0,0,0,0,0,0,0,,0,,,238,902,5,0,0,59,-21.5159644468484,0,39,44,233,0,1,0,-34,269,9,-10.7402648197021,0,-6.85294117647059,0.0866141732283465,-0.0101401729794214,0.122823138756925,0,143.5,182.5
2023,REG+POST,00-0036556,B.Jordan,Brevin Jordan,TE,TE,"https://static.www.nfl.com/image/upload/f_auto,q_auto/league/sw6kge0me7ei8opbvfjq",11,HOU,0,0,0,0,0,0,0,0,0,0,0,0,,0,,,0,0,0,0,0,0,,0,18,23,295,3,0,0,121,196,14,22.5885798480595,0,2.43801652892562,0.0653409090909091,0.0406040268456376,0.12643418242831,0,47.5,65.5
2023,REG+POST,00-0036567,E.Mitchell,Elijah Mitchell,RB,RB,"https://static.www.nfl.com/image/upload/f_auto,q_auto/league/ecpkun66fbkxptrnmdcw",13,SF,0,0,0,0,0,0,0,0,0,0,0,0,,0,,,81,296,3,0,0,15,-10.9980503308761,0,6,8,14,0,0,0,-22,26,2,-8.16301331249997,0,-0.636363636363636,0.054421768707483,-0.0188356164383562,0.0684477215543752,0,49.0,55.0
2023,REG+POST,00-0036569,G.Brightwell,Gary Brightwell,RB,RB,"https://static.www.nfl.com/image/upload/f_auto,q_auto/league/m2xicttj0rfcclm9t0gs",3,NYG,0,0,0,0,0,0,0,0,0,0,0,0,,0,,,9,19,0,0,0,0,-3.89982102555223,0,5,7,47,0,0,0,-6,53,2,2.06305250967853,0,-7.83333333333333,0.0752688172043011,-0.0129589632829374,0.103831951508395,0,6.6,11.6
2023,REG+POST,00-0036590,Q.Morris,Quintin Morris,TE,TE,"https://static.www.nfl.com/image/upload/f_auto,q_auto/league/ftrqrbuqecl9yhcqrcmw",2,BUF,0,0,0,0,0,0,0,0,0,0,0,0,,0,,,0,0,0,0,0,0,,0,2,3,26,1,0,0,33,5,1,1.75291083482613,0,0.787878787878788,0.0517241379310345,0.0808823529411765,0.134203853955375,0,8.6,10.6
2023,REG+POST,00-0036613,J.Waddle,Jaylen Waddle,WR,WR,"https://static.www.nfl.com/image/private/f_auto,q_auto/league/qjsz2h6shbdnksctzeka",15,MIA,0,0,0,0,0,0,0,0,0,0,0,0,,0,,,4,21,0,0,0,1,0.0707552884705365,0,74,109,1045,4,0,0,1137,421,49,44.9779002256379,0,0.919085312225154,0.219758064516129,0.298738833420914,0.538754280168834,0,130.6,204.6
2023,REG+POST,00-0036620,D.Eskridge,Dee Eskridge,WR,WR,"https://static.www.nfl.com/image/upload/f_auto,q_auto/league/rtcgfdtbltkjwicxryl8",3,SEA,0,0,0,0,0,0,0,0,0,0,0,0,,0,,,2,5,0,0,0,1,-0.813304995186627,0,0,1,0,0,0,0,17,0,0,-1.20908493676689,0,0.0,0.0263157894736842,0.0526315789473684,0.0763157894736842,0,0.5,0.5
2023,REG+POST,00-0036626,D.Brown,Dyami Brown,WR,WR,"https://static.www.nfl.com/image/upload/f_auto,q_auto/league/mibh7ud59ygmzm19ivac",13,WAS,1,1,4,0,0,0,0,0,0,1,3,0,-0.305893969547469,0,4.0,,1,0,0,0,0,0,-0.855228431988508,0,12,23,168,1,0,0,387,76,8,8.51626125018811,0,0.434108527131783,0.0576441102756892,0.12874251497006,0.176585925892576,0,22.96,34.96
2023,REG+POST,00-0036628,J.Bates,John Bates,TE,TE,"https://static.www.nfl.com/image/upload/f_auto,q_auto/league/edpnkleev10rpzfgjakv",14,WAS,0,0,0,0,0,0,0,0,0,0,0,0,,0,,,0,0,0,0,0,0,,0,19,28,151,0,0,0,175,65,6,-5.56645608495455,0,0.862857142857143,0.0552268244575937,0.0513648371000881,0.118795622656452,0,15.1,34.1
2023,REG+POST,00-0036630,T.Wallace,Tylan Wallace,WR,WR,"https://static.www.nfl.com/image/upload/f_auto,q_auto/league/e3ghtadqh39zhu0iieht",2,BAL,0,0,0,0,0,0,0,0,0,0,0,0,,0,,,0,0,0,0,0,0,,0,1,2,11,0,0,0,23,0,1,-0.750896574289072,0,0.478260869565217,0.0769230769230769,0.150326797385621,0.22061337355455,1,7.1,8.1
2023,REG+POST,00-0036635,I.Smith-Marsette,Ihmir Smith-Marsette,WR,WR,"https://static.www.nfl.com/image/upload/f_auto,q_auto/league/jiygo0pmglxgropuaqwg",7,CAR,0,0,0,0,0,0,0,0,0,0,0,0,,0,,,8,74,1,0,0,4,4.18976671196288,0,8,10,51,0,0,0,9,48,5,1.5157561324304,0,5.66666666666667,0.0625,0.0068649885583524,0.0985554919908467,1,24.5,32.5
2023,REG+POST,00-0036637,N.Gray,Noah Gray,TE,TE,"https://static.www.nfl.com/image/upload/f_auto,q_auto/league/erihh0eiq4m76k2ejvax",20,KC,0,0,0,0,0,0,0,0,0,0,0,0,,0,,,1,1,0,0,0,0,-2.75680042122258,0,36,52,371,2,0,0,343,168,19,4.79452886354413,0,1.08163265306122,0.075036075036075,0.0752853380158033,0.165253849165175,0,49.2,85.2
2023,REG+POST,00-0036646,S.Fehoko,Simi Fehoko,WR,WR,"https://static.www.nfl.com/image/upload/f_auto,q_auto/league/fcso2vvp9tgqjm30qmuq",1,LAC,0,0,0,0,0,0,0,0,0,0,0,0,,0,,,0,0,0,0,0,0,,0,1,2,9,1,0,0,18,7,1,1.04161699197721,0,0.5,0.0526315789473684,0.100558659217877,0.149338429873567,0,6.9,7.9
2023,REG+POST,00-0036648,N.Niemann,Nick Niemann,ILB,LB,"https://static.www.nfl.com/image/upload/f_auto,q_auto/league/sc7lt8n8cyjth703yrdv",1,LAC,0,0,0,0,0,0,0,0,0,0,0,0,,0,,,1,0,0,1,0,0,-2.80689209606499,0,0,0,0,0,0,0,0,0,0,,0,,,,,0,0.0,0.0
2023,REG+POST,00-0036672,G.Stuard,Grant Stuard,MLB,LB,"https://static.www.nfl.com/image/upload/f_auto,q_auto/league/yjlbdvr9fdzl60qccq0q",1,IND,0,0,0,0,0,0,0,0,0,0,0,0,,0,,,0,0,0,0,0,0,,0,0,0,0,0,0,0,0,0,0,,0,,,,,1,6.0,6.0
2023,REG+POST,00-0036727,A.Prentice,Adam Prentice,FB,RB,"https://static.www.nfl.com/image/upload/f_auto,q_auto/league/yiwqv2dccizjdkw1dmye",2,NO,0,0,0,0,0,0,0,0,0,0,0,0,,0,,,2,12,0,1,1,1,-4.06285814120201,0,2,3,12,0,0,0,11,8,0,-2.0274838632904,0,1.09090909090909,0.0416666666666667,0.022964509394572,0.0785751565762004,0,0.4,2.4
2023,REG+POST,00-0036741,J.Stoll,Jack Stoll,TE,TE,"https://static.www.nfl.com/image/upload/f_auto,q_auto/league/yfzlbe9pmziykcmgaoj3",5,PHI,0,0,0,0,0,0,0,0,0,0,0,0,,0,,,0,0,0,0,0,0,,0,5,8,38,0,0,0,25,25,2,-2.19543668226106,0,1.52,0.0529801324503311,0.0200642054574639,0.0935151424957214,0,3.8,8.8
2023,REG+POST,00-0036754,B.Wright,Brock Wright,TE,TE,"https://static.www.nfl.com/image/upload/f_auto,q_auto/league/irowew9hgqaa9vcd8fri",9,DET,0,0,0,0,0,0,0,0,0,0,0,0,,0,,,0,0,0,0,0,0,,0,14,15,120,1,0,0,42,76,3,7.28161519381683,0,2.85714285714286,0.0485436893203884,0.0225927918235611,0.0886304882570753,0,18.0,32.0
2023,REG+POST,00-0036841,A.Trammell,Austin Trammell,WR,WR,"https://static.www.nfl.com/image/upload/f_auto,q_auto/league/spxcsfhejojjtk2ruqbw",2,LA,0,0,0,0,0,0,0,0,0,0,0,0,,0,,,0,0,0,0,0,0,,0,4,7,29,0,0,0,25,35,2,-3.00542641925858,0,1.16,0.125,0.0623441396508728,0.231140897755611,0,2.9,6.9
2023,REG+POST,00-0036842,K.Nwangwu,Kene Nwangwu,RB,RB,"https://static.www.nfl.com/image/upload/f_auto,q_auto/league/eti2uf3a3u1igqoornct",3,MIN,0,0,0,0,0,0,0,0,0,0,0,0,,0,,,5,13,0,0,0,0,-0.822951464913786,0,0,0,0,0,0,0,0,0,0,,0,,,,,0,1.3,1.3
2023,REG+POST,00-0036849,T.Atwell,Tutu Atwell,WR,WR,"https://static.www.nfl.com/image/upload/f_auto,q_auto/league/hpvbp9pn7ifbh62nde0n",15,LA,0,0,0,0,0,0,0,0,0,0,0,0,,1,,,5,31,0,0,0,2,1.97137294901768,0,40,68,521,4,0,0,783,126,27,11.8712904292337,1,0.665389527458493,0.138492871690428,0.195018679950187,0.344252383500772,0,83.2,123.2
2023,REG+POST,00-0036857,C.Evans,Chris Evans,RB,RB,"https://static.www.nfl.com/image/upload/f_auto,q_auto/league/r7f5vinm6aqdzxtjf4yx",1,CIN,0,0,0,0,0,0,0,0,0,0,0,0,,0,,,2,12,0,0,0,0,-0.65153782418929,0,1,1,-1,0,0,0,-1,0,0,-1.34762418596074,0,1.0,0.032258064516129,-0.0042372881355932,0.0454209950792783,0,1.1,2.1
2023,REG+POST,00-0036860,J.Funk,Jake Funk,RB,RB,"https://static.www.nfl.com/image/upload/f_auto,q_auto/league/xkegujg1754uei9oomoz",1,IND,0,0,0,0,0,0,0,0,0,0,0,0,,0,,,2,10,0,0,0,0,-0.883889150689356,0,1,1,12,0,0,0,0,12,1,1.41381733224262,0,0.0,0.0256410256410256,,,0,2.2,3.2
2023,REG+POST,00-0036862,B.Skowronek,Ben Skowronek,WR,WR,"https://static.www.nfl.com/image/upload/f_auto,q_auto/league/piiqiz29g3jukdwkihw3",10,LA,0,0,0,0,0,0,0,0,0,0,0,0,,0,,,2,9,0,0,0,1,-1.71923585818149,0,9,13,71,1,0,0,92,31,3,1.22281823790399,0,0.771739130434783,0.0420711974110032,0.0362347380858606,0.0884711127766073,0,14.0,23.0
2023,REG+POST,00-0036875,R.Stevenson,Rhamondre Stevenson,RB,RB,"https://static.www.nfl.com/image/private/f_auto,q_auto/league/ro2fqabc4qndtnxykvm7",12,NE,0,0,0,0,0,0,0,0,0,0,0,0,,0,,,156,619,4,1,1,36,-12.8549788641084,0,38,51,238,0,0,0,13,261,8,-18.0166308368448,0,18.3076923076923,0.1275,0.0055793991416309,0.195155579399142,0,107.7,145.7
2023,REG+POST,00-0036876,K.Granson,Kylen Granson,TE,TE,"https://static.www.nfl.com/image/upload/f_auto,q_auto/league/rydvwc7sqwucvx14s8b4",15,IND,0,0,0,0,0,0,0,0,0,0,0,0,,0,,,1,2,0,0,0,1,2.84027085918933,0,30,50,368,1,0,0,402,128,19,11.4604410775344,0,0.915422885572139,0.102880658436214,0.112165178571429,0.232836612654321,0,43.0,73.0
2023,REG+POST,00-0036887,L.Farrell,Luke Farrell,TE,TE,"https://static.www.nfl.com/image/upload/f_auto,q_auto/league/f2z7wpmx7ngtxcqqedla",9,JAX,0,0,0,0,0,0,0,0,0,0,0,0,,0,,,0,0,0,0,0,0,,0,13,15,155,0,0,0,71,96,5,8.01235174539033,0,2.1830985915493,0.0482315112540193,0.0274343122102009,0.0915512854281696,0,15.5,28.5
2023,REG+POST,00-0036888,D.Hamlin,Damar Hamlin,SS,DB,"https://static.www.nfl.com/image/upload/f_auto,q_auto/league/cwvlj0eutfveomf4zica",1,BUF,0,0,0,0,0,0,0,0,0,0,0,0,,0,,,1,2,0,0,0,0,-2.69717279623728,0,0,0,0,0,0,0,0,0,0,,0,,,,,0,0.2,0.2
2023,REG+POST,00-0036893,N.Harris,Najee Harris,RB,RB,"https://static.www.nfl.com/image/upload/f_auto,q_auto/league/pdyv1dfyb1w0tmvnkp3v",18,PIT,0,0,0,0,0,0,0,0,0,0,0,0,,0,,,267,1072,8,2,1,52,-27.6679054013067,0,31,41,185,0,0,0,17,185,10,-1.51085646127467,0,10.8823529411765,0.0980861244019139,0.0069872585285655,0.152020267572867,0,171.7,202.7
2023,REG+POST,00-0036894,P.Freiermuth,Pat Freiermuth,TE,TE,"https://static.www.nfl.com/image/upload/f_auto,q_auto/league/sozfjyy3bmntjv8tmqah",12,PIT,0,0,0,0,0,0,0,0,0,0,0,0,,0,,,0,0,0,0,0,0,,0,37,55,384,2,1,0,375,179,20,11.323547452295,1,1.024,0.15625,0.142639786991251,0.334222850893876,0,52.4,89.4
2023,REG+POST,00-0036898,D.Mills,Davis Mills,QB,QB,"https://static.www.nfl.com/image/upload/f_auto,q_auto/league/ednftvn7qywdim05j7u5",6,HOU,19,40,179,2,0,2,13,0,0,313,80,12,-6.21241955182632,1,0.571884984025559,-0.0768056113026138,5,5,0,0,0,0,0.575884140504059,0,0,0,0,0,0,0,0,0,0,,0,,,,,0,17.66,17.66
2023,REG+POST,00-0036900,J.Chase,Ja'Marr Chase,WR,WR,"https://static.www.nfl.com/image/upload/f_auto,q_auto/league/qkcb3qt2fhasfgtfuprd",16,CIN,1,1,-7,0,0,0,0,0,0,-7,0,0,-2.10285701858811,0,0.0,,3,-6,0,0,0,0,-2.73797785793431,0,100,145,1216,7,1,0,1254,541,63,60.5472326947734,0,0.96969696969697,0.26268115942029,0.358490566037736,0.64496513535685,0,162.72,262.72
2023,REG+POST,00-0036906,K.Herbert,Khalil Herbert,RB,RB,"https://static.www.nfl.com/image/upload/f_auto,q_auto/league/rz6zmdluhpsaylbvmpgr",12,CHI,0,0,0,0,0,0,0,0,0,0,0,0,,0,,,132,611,2,0,0,25,-2.62244654025513,1,20,31,134,1,1,1,17,138,9,-16.8167716783316,0,7.88235294117647,0.103678929765886,0.007021891780256,0.160433718895009,0,92.5,112.5
2023,REG+POST,00-0036912,D.Smith,DeVonta Smith,WR,WR,"https://static.www.nfl.com/image/upload/f_auto,q_auto/league/bmdflwy52nsk7zpnfhwb",17,PHI,0,0,0,0,0,0,0,0,0,0,0,0,,0,,,0,0,0,0,0,0,,0,89,124,1214,7,1,1,1510,337,53,39.1946376066129,0,0.803973509933775,0.236641221374046,0.344906349931476,0.596396277013102,0,161.4,250.4
2023,REG+POST,00-0036913,K.Toney,Kadarius Toney,WR,WR,"https://static.www.nfl.com/image/upload/f_auto,q_auto/league/nuwjpint0g5wejogudt4",13,KC,0,1,0,0,0,0,0,0,0,16,0,0,-0.446093429578468,0,0.0,,11,31,0,0,0,2,-4.55490440671565,0,27,38,169,1,1,0,112,128,12,-8.35674006300352,0,1.50892857142857,0.0865603644646925,0.0368178829717291,0.155613064777249,0,26.0,53.0
2023,REG+POST,00-0036919,K.Gainwell,Kenneth Gainwell,RB,RB,"https://static.www.nfl.com/image/upload/f_auto,q_auto/league/prer0j0tkzsdva1yrd0i",17,PHI,1,1,17,0,0,0,0,0,0,17,0,1,1.23450584860984,0,1.0,,88,367,2,3,1,20,-15.1692800327801,1,32,39,193,0,0,0,70,186,11,1.62753457080273,0,2.75714285714286,0.0817610062893082,0.017557060446451,0.134931451746478,0,68.68,100.68
2023,REG+POST,00-0036924,M.Carter,Michael Carter,RB,RB,"https://static.www.nfl.com/image/upload/f_auto,q_auto/league/wylipaunq6cueyj8h1in",15,ARI,0,0,0,0,0,0,0,0,0,0,0,0,,0,,,30,187,0,0,0,9,3.05642689730009,0,24,31,101,1,0,0,34,87,5,-14.7549419559848,0,2.97058823529412,0.0663811563169165,0.0106117353308365,0.10699994920696,0,34.8,58.8
2023,REG+POST,00-0036928,K.Trask,Kyle Trask,QB,QB,"https://static.www.nfl.com/image/upload/f_auto,q_auto/league/bnraldiwx6rqfbawxkvs",2,TB,0,1,0,0,0,0,0,0,0,3,0,0,-1.88030287302347,0,0.0,,1,-1,0,0,0,0,-1.71969620726304,0,0,0,0,0,0,0,0,0,0,,0,,,,,0,-0.1,-0.1
2023,REG+POST,00-0036936,R.Moore,Rondale Moore,WR,WR,"https://static.www.nfl.com/image/upload/f_auto,q_auto/league/ddru8er2z0riwukro25l",17,ARI,0,0,0,0,0,0,0,0,0,0,0,0,,0,,,28,178,1,0,0,5,0.948192097072024,0,40,62,352,1,1,0,322,216,17,-3.34901392434738,0,1.09316770186335,0.114814814814815,0.0893451720310766,0.234763842643976,0,65.0,105.0
2023,REG+POST,00-0036945,J.Fields,Justin Fields,QB,QB,"https://static.www.nfl.com/image/upload/f_auto,q_auto/league/vqcvybvs1vlqhkjvujbg",13,CHI,227,370,2562,16,9,44,285,7,3,2961,1224,121,-36.2964767138459,0,0.865248226950355,0.0537953934934374,124,657,4,3,1,43,25.8147520918759,0,0,0,0,0,0,0,0,0,0,,0,,,,,0,230.18,230.18
2023,REG+POST,00-0036955,T.Marshall,Terrace Marshall Jr.,WR,WR,"https://static.www.nfl.com/image/private/f_auto,q_auto/league/wyzlucfowqdntj6nkh7m",8,CAR,0,0,0,0,0,0,0,0,0,0,0,0,,0,,,0,0,0,0,0,0,,0,19,33,139,0,1,0,238,48,8,-7.20890952675029,0,0.584033613445378,0.12043795620438,0.134920634920635,0.275101378751014,0,13.9,32.9
2023,REG+POST,00-0036963,A.St. Brown,Amon-Ra St. Brown,WR,WR,"https://static.www.nfl.com/image/upload/f_auto,q_auto/league/jmfuamqblg8jag0stpnq",19,DET,0,0,0,0,0,1,8,0,0,0,0,0,-1.97457417356782,0,,,5,26,0,0,0,2,0.236816214281134,0,141,198,1789,11,1,1,1521,791,93,85.8828197942932,0,1.17619986850756,0.302290076335878,0.328793774319066,0.683590756527163,0,245.5,386.5
2023,REG+POST,00-0036970,K.Pitts,Kyle Pitts,TE,TE,"https://static.www.nfl.com/image/upload/f_auto,q_auto/league/t8ymqyhvv8i1r80jyhy2",17,ATL,0,0,0,0,0,0,0,0,0,0,0,0,,0,,,1,-4,0,0,0,0,-1.65120376320556,0,53,90,667,3,0,0,1029,134,35,17.3775567942668,0,0.648202137998056,0.177165354330709,0.244534220532319,0.436921985868687,0,84.3,137.3
2023,REG+POST,00-0036971,T.Lawrence,Trevor Lawrence,QB,QB,"https://static.www.nfl.com/image/upload/f_auto,q_auto/league/ftznnho2rk2xzrculbob",16,JAX,370,564,4016,21,14,35,224,8,5,4613,1778,179,0.777313856267683,1,0.870583134619553,0.0829736294182988,70,339,4,3,2,23,1.38924204823232,0,0,0,0,0,0,0,0,0,0,,0,,,,,0,262.54,262.54
2023,REG+POST,00-0036972,M.Jones,Mac Jones,QB,QB,"https://static.www.nfl.com/image/upload/f_auto,q_auto/league/pedpdxybeus7mrovsoko",11,NE,224,345,2120,10,12,22,127,2,1,2410,1211,100,-53.7546012815912,0,0.879668049792531,0.0106224924701604,26,96,0,1,1,11,-4.42346359783764,0,0,0,0,0,0,0,0,0,0,,0,,,,,0,106.4,106.4
2023,REG+POST,00-0036973,T.Etienne,Travis Etienne,RB,RB,"https://static.www.nfl.com/image/private/f_auto,q_auto/league/ne5lyv8n6elqw77yrz9w",17,JAX,0,0,0,0,0,0,0,0,0,0,0,0,,0,,,267,1008,11,0,0,53,-34.7945888526717,2,58,73,476,1,0,0,-67,523,23,9.62261076419912,0,-7.1044776119403,0.120263591433278,-0.0150022391401702,0.169893819751799,0,224.4,282.4
2023,REG+POST,00-0036980,E.Moore,Elijah Moore,WR,WR,"https://static.www.nfl.com/image/private/f_auto,q_auto/league/bhwvzckfhhcqhb7zdqyj",17,CLE,0,0,0,0,0,0,0,0,0,0,0,0,,0,,,9,11,0,1,1,2,-10.2629560535424,0,61,106,652,2,1,1,1158,200,29,-1.6914775204882,0,0.563039723661485,0.172357723577236,0.22648151769998,0.41707364775584,0,74.3,135.3
2023,REG+POST,00-0036982,C.Golston,Chauncey Golston,DE,DL,"https://static.www.nfl.com/image/upload/f_auto,q_auto/league/tma9abjy3eatxzlu49ps",1,DAL,0,0,0,0,0,0,0,0,0,0,0,0,,0,,,0,0,0,0,0,0,,0,0,0,0,0,0,0,0,0,0,,1,,,,,0,2.0,2.0
2023,REG+POST,00-0036984,T.Sermon,Trey Sermon,RB,RB,"https://static.www.nfl.com/image/upload/f_auto,q_auto/league/freievsvipthuvrwn7uw",8,IND,0,0,0,0,0,0,0,0,0,0,0,0,,0,,,35,160,0,0,0,7,-1.11249512267622,0,3,6,13,0,0,0,11,6,0,-3.03990648639514,0,1.18181818181818,0.0387096774193548,0.0091896407685881,0.064497264667044,0,17.3,20.3
2023,REG+POST,00-0036988,J.Palmer,Josh Palmer,WR,WR,"https://static.www.nfl.com/image/upload/f_auto,q_auto/league/dexbsmmldvsqtr83or5l",10,LAC,0,0,0,0,0,0,0,0,0,0,0,0,,0,,,1,6,0,0,0,0,0.22556858509779,0,38,61,581,2,1,1,693,196,22,8.45443665769036,0,0.838383838383838,0.171830985915493,0.256952169076752,0.437612997226966,0,68.7,106.7
2023,REG+POST,00-0036991,A.Rodgers,Amari Rodgers,WR,WR,"https://static.www.nfl.com/image/private/f_auto,q_auto/league/g85ohsk2pgbf7xz2f1a8",1,IND,0,0,0,0,0,0,0,0,0,0,0,0,,0,,,0,0,0,0,0,0,,0,0,2,0,0,0,0,30,0,0,-2.00355665071402,0,0.0,0.0384615384615385,0.076530612244898,0.111263736263736,0,0.0,0.0
2023,REG+POST,00-0036997,J.Williams,Javonte Williams,RB,RB,"https://static.www.nfl.com/image/upload/f_auto,q_auto/league/dm8qipfrz2nes9kgpcyp",16,DEN,0,0,0,0,0,0,0,0,0,0,0,0,,0,,,217,774,3,0,0,41,-37.9041038689783,1,47,58,228,2,1,1,-99,301,10,-5.75579326457228,1,-2.3030303030303,0.135514018691589,-0.0324483775811209,0.180557163730599,0,132.2,179.2
2023,REG+POST,00-0037005,T.Tremble,Tommy Tremble,TE,TE,"https://static.www.nfl.com/image/upload/f_auto,q_auto/league/jn0kmd8lg9hu4fjnnat9",13,CAR,0,0,0,0,0,0,0,0,0,0,0,0,,0,,,0,0,0,0,0,0,,0,23,32,194,3,0,0,204,95,10,2.10533442688757,0,0.950980392156863,0.0771084337349398,0.0630018529956764,0.159763947699383,0,37.4,60.4
2023,REG+POST,00-0037013,Z.Wilson,Zach Wilson,QB,QB,"https://static.www.nfl.com/image/upload/f_auto,q_auto/league/okhlne3kgc11gwv4w6s8",12,NYJ,221,368,2271,8,7,46,340,7,4,2672,1113,104,-101.300151591588,1,0.849925149700599,0.0080020935121479,36,211,0,4,3,7,-17.9105269966512,1,0,0,0,0,0,0,0,0,0,,0,,,,,0,119.94,119.94
2023,REG+POST,00-0037077,S.Howell,Sam Howell,QB,QB,"https://static.www.nfl.com/image/upload/f_auto,q_auto/league/xd9l7dbtwz8bpvygmcab",17,WAS,388,612,3946,21,21,65,449,3,1,4588,2019,180,-103.661177627519,1,0.860069747166521,0.0297346357629179,48,263,5,1,1,19,23.631257094321,1,1,1,4,0,0,0,1,3,0,-0.305893969547469,0,4.0,0.0357142857142857,0.0064935064935064,0.0581168831168831,0,256.54,257.54
2023,REG+POST,00-0037078,C.Turner,Cole Turner,TE,TE,"https://static.www.nfl.com/image/upload/f_auto,q_auto/league/etikvhuu6qxktyrwthid",7,WAS,0,0,0,0,0,0,0,0,0,0,0,0,,0,,,0,0,0,0,0,0,,0,11,15,120,0,0,0,102,50,4,-0.0051286615558174,0,1.17647058823529,0.0604838709677419,0.0729092208720515,0.141762261062049,0,12.0,23.0
2023,REG+POST,00-0037086,G.Calcaterra,Grant Calcaterra,TE,TE,"https://static.www.nfl.com/image/upload/f_auto,q_auto/league/vxl0kathuej280k01d2r",2,PHI,0,0,0,0,0,0,0,0,0,0,0,0,,0,,,0,0,0,0,0,0,,0,4,4,39,0,0,0,7,32,3,3.08250066079199,0,5.57142857142857,0.0579710144927536,0.0133079847908745,0.0962721110927426,0,3.9,7.9
2023,REG+POST,00-0037091,B.Melton,Bo Melton,WR,WR,"https://static.www.nfl.com/image/upload/f_auto,q_auto/league/bhmhwurwugjmymgjforf",6,GB,0,0,0,0,0,0,0,0,0,0,0,0,,0,,,3,21,0,0,0,2,1.37489034805913,0,18,27,244,2,0,0,333,38,14,10.7285448774766,0,0.732732732732733,0.148351648351648,0.229972375690608,0.383508135510898,0,38.5,56.5
2023,REG+POST,00-0037098,S.Toure,Samori Toure,WR,WR,"https://static.www.nfl.com/image/upload/f_auto,q_auto/league/v9udejy8djtrb1mc0vg3",8,GB,0,0,0,0,0,0,0,0,0,0,0,0,,0,,,0,0,0,0,0,0,,0,8,18,78,0,0,0,316,18,4,-3.58704390609864,1,0.246835443037975,0.0694980694980695,0.134296642583935,0.198254754055859,0,9.8,17.8
2023,REG+POST,00-0037120,T.Goodson,Tyler Goodson,RB,RB,"https://static.www.nfl.com/image/upload/f_auto,q_auto/league/z4ugeazvmccxxhqjoxzv",6,IND,0,0,0,0,0,0,0,0,0,0,0,0,,0,,,13,87,0,0,0,4,-2.68572790917425,0,6,9,34,0,0,0,-4,51,1,-4.94770822182181,0,-8.5,0.0548780487804878,-0.0030721966205837,0.0801665355363231,0,12.1,18.1
2023,REG+POST,00-0037132,B.Covey,Britain Covey,WR,WR,"https://static.www.nfl.com/image/upload/f_auto,q_auto/league/zxyoxfakwak4h9eiv5mu",2,PHI,0,0,0,0,0,0,0,0,0,0,0,0,,0,,,0,0,0,0,0,0,,0,4,6,42,0,0,0,52,26,2,0.560594191543159,0,0.807692307692308,0.0869565217391304,0.0988593155893536,0.199636303521243,0,4.2,8.2
2023,REG+POST,00-0037156,I.Charles,Irvin Charles,WR,WR,"https://static.www.nfl.com/image/private/f_auto,q_auto/league/mhql0qf6zcitmj2r1upx",1,NYJ,0,0,0,0,0,0,0,0,0,0,0,0,,0,,,0,0,0,0,0,0,,0,0,1,0,0,0,0,4,0,0,-1.51792374905199,0,0.0,0.0555555555555556,0.0268456375838926,0.102125279642058,0,0.0,0.0
2023,REG+POST,00-0037157,Z.Knight,Bam Knight,RB,RB,"https://static.www.nfl.com/image/private/f_auto,q_auto/league/qdfkex1xfpfdyfovabig",2,DET,0,0,0,0,0,0,0,0,0,0,0,0,,0,,,3,13,0,0,0,0,-0.205319102387875,0,1,1,8,0,0,0,-5,13,0,0.609827129286714,0,-1.6,0.037037037037037,-0.0301204819277108,0.034471218206158,0,2.1,3.1
2023,REG+POST,00-0037197,I.Pacheco,Isiah Pacheco,RB,RB,"https://static.www.nfl.com/image/private/f_auto,q_auto/league/rzr8nxjunjeiv8bjir59",18,KC,0,0,0,0,0,0,0,0,0,0,0,0,,0,,,286,1248,10,3,2,68,-24.5243893640582,0,56,61,304,2,0,0,-128,434,14,2.07610895205707,0,-2.375,0.0969793322734499,-0.0332986472424558,0.122159945340456,0,223.2,279.2
2023,REG+POST,00-0037216,J.Ross,Justyn Ross,WR,WR,"https://static.www.nfl.com/image/private/f_auto,q_auto/league/sdhlpsccscg6u97qy3ef",5,KC,0,0,0,0,0,0,0,0,0,0,0,0,,0,,,0,0,0,0,0,0,,0,6,11,53,0,0,0,117,15,2,1.10943818523083,0,0.452991452991453,0.0601092896174863,0.10025706940874,0.160343883012348,0,5.3,11.3
2023,REG+POST,00-0037228,J.Warren,Jaylen Warren,RB,RB,"https://static.www.nfl.com/image/upload/f_auto,q_auto/league/aaw4yacm6azisxqy273i",18,PIT,0,0,0,0,0,0,0,0,0,0,0,0,,0,,,157,822,4,3,1,38,-4.36250913621306,0,63,76,386,0,1,1,-120,503,20,-12.7827763391581,0,-3.21666666666667,0.145593869731801,-0.0346720600982375,0.194120362528935,0,140.8,203.8
2023,REG+POST,00-0037238,D.London,Drake London,WR,WR,"https://static.www.nfl.com/image/upload/f_auto,q_auto/league/wikjazqtt3uunjufgqrf",16,ATL,1,1,22,0,0,0,0,0,0,12,10,1,1.84401460189838,0,1.83333333333333,,0,0,0,0,0,0,,0,69,110,905,2,0,0,1264,188,45,11.7638758383816,1,0.715981012658228,0.232067510548523,0.324268855823499,0.575089464899234,0,105.38,174.38
2023,REG+POST,00-0037239,C.Olave,Chris Olave,WR,WR,"https://static.www.nfl.com/image/upload/f_auto,q_auto/league/riiwbow7zphqmomiazph",16,NO,0,0,0,0,0,0,0,0,0,0,0,0,,0,,,0,0,0,0,0,0,,0,87,138,1123,5,0,0,1834,347,57,42.3454927947194,1,0.612322791712105,0.250453720508167,0.394069617533305,0.651529313035564,0,144.3,231.3
2023,REG+POST,00-0037240,J.Williams,Jameson Williams,WR,WR,"https://static.www.nfl.com/image/upload/f_auto,q_auto/league/kt6xzcnjbe9affdfsayt",15,DET,0,0,0,0,0,0,0,0,0,0,0,0,,0,,,4,71,2,0,0,2,6.45768579945434,0,30,51,433,3,1,0,822,109,19,21.3527468445245,0,0.52676399026764,0.0967741935483871,0.229160858656259,0.305573891381962,0,80.4,110.4
2023,REG+POST,00-0037247,G.Pickens,George Pickens,WR,WR,"https://static.www.nfl.com/image/upload/f_auto,q_auto/league/klxzcb6p7ekngcognpiy",18,PIT,0,0,0,0,0,0,0,0,0,0,0,0,,0,,,4,33,0,0,0,3,1.64796285226475,0,68,117,1190,5,4,1,1548,390,44,21.481499040525,0,0.768733850129199,0.233067729083665,0.395604395604396,0.626524670548575,0,150.3,218.3
2023,REG+POST,00-0037248,J.Cook,James Cook,RB,RB,"https://static.www.nfl.com/image/upload/f_auto,q_auto/league/bzdvrarxum9zate4te4b",19,BUF,0,0,0,0,0,0,0,0,0,0,0,0,,0,,,273,1262,2,3,1,62,-8.78795592353489,0,52,63,471,4,1,1,119,444,17,13.4744913330145,0,3.95798319327731,0.112099644128114,0.0259033521985198,0.186281812731135,0,205.3,257.3
2023,REG+POST,00-0037252,G.Dulcich,Greg Dulcich,TE,TE,"https://static.www.nfl.com/image/upload/f_auto,q_auto/league/tt3eyuomt5onokrqstsl",2,DEN,0,0,0,0,0,0,0,0,0,0,0,0,,0,,,0,0,0,0,0,0,,0,3,4,25,0,0,0,23,5,2,-4.15756115486147,0,1.08695652173913,0.0740740740740741,0.0923694779116466,0.175769745649264,0,2.5,5.5
2023,REG+POST,00-0037256,R.White,Rachaad White,RB,RB,"https://static.www.nfl.com/image/upload/f_auto,q_auto/league/przphhlw0zga7b45qlyb",19,TB,0,0,0,0,0,0,0,0,0,0,0,0,,0,,,299,1117,6,2,1,55,-44.7323713622597,0,69,78,588,4,1,1,-27,659,26,26.6880453646034,0,-21.7777777777778,0.125,-0.0054119061936259,0.183711665664462,0,226.5,295.5
2023,REG+POST,00-0037257,D.Bell,David Bell,WR,WR,"https://static.www.nfl.com/image/private/f_auto,q_auto/league/otv2kkn3lxonp9z43bdj",10,CLE,0,0,0,0,0,0,0,0,0,0,0,0,,0,,,0,0,0,0,0,0,,0,22,31,221,3,0,0,181,88,11,12.3077826740337,0,1.22099447513812,0.0849315068493151,0.0557266009852217,0.166405880963628,0,40.1,62.1
2023,REG+POST,00-0037258,D.Pierce,Dameon Pierce,RB,RB,"https://static.www.nfl.com/image/upload/f_auto,q_auto/league/kotnmiuvvfmfuupr0f82",14,HOU,0,0,0,0,0,0,0,0,0,0,0,0,,0,,,148,416,2,0,0,14,-42.7835608444851,0,13,17,101,0,0,0,14,95,3,0.550458080891985,0,7.21428571428571,0.0537974683544304,0.0061215566243987,0.0849812921687247,1,69.7,82.7
2023,REG+POST,00-0037261,K.Shakir,Khalil Shakir,WR,WR,"https://static.www.nfl.com/image/upload/f_auto,q_auto/league/ch2yarhiobqlvr9ls2yw",18,BUF,0,0,0,0,0,0,0,0,0,0,0,0,,0,,,1,10,0,0,0,1,0.538322921725921,0,49,57,686,4,0,0,456,335,32,53.5225789408548,0,1.50438596491228,0.0994764397905759,0.0951983298538622,0.215853490583567,0,93.6,142.6
2023,REG+POST,00-0037263,T.Allgeier,Tyler Allgeier,RB,RB,"https://static.www.nfl.com/image/upload/f_auto,q_auto/league/yosaj2anmqoujqrgzecd",17,ATL,0,0,0,0,0,0,0,0,0,0,0,0,,0,,,186,683,4,0,0,39,-21.9043098650159,0,18,23,193,1,0,0,-23,217,6,3.22043593472336,1,-8.39130434782609,0.0637119113573407,-0.0086110071134406,0.0895401620566026,0,119.6,137.6
2023,REG+POST,00-0037267,J.Ford,Jerome Ford,RB,RB,"https://static.www.nfl.com/image/private/f_auto,q_auto/league/djggmwo5v8osoboiseo2",18,CLE,0,0,0,0,0,0,0,0,0,0,0,0,,0,,,213,830,4,0,0,33,-41.1596137027955,1,48,67,334,5,0,0,20,329,17,-7.10866375338152,0,16.7,0.109656301145663,0.0045075501464953,0.167639736821041,0,172.4,220.4
2023,REG+POST,00-0037273,K.Philips,Kyle Philips,WR,WR,"https://static.www.nfl.com/image/upload/f_auto,q_auto/league/zktgqqc4vywgapt85rmx",8,TEN,0,0,0,0,0,0,0,0,0,0,0,0,,0,,,0,0,0,0,0,0,,0,15,22,181,0,0,0,197,79,9,6.53533885800035,0,0.918781725888325,0.0973451327433628,0.0931001890359168,0.211187831440186,0,18.1,33.1
2023,REG+POST,00-0037276,T.Chandler,Ty Chandler,RB,RB,"https://static.www.nfl.com/image/private/f_auto,q_auto/league/map979dvuonzb8a6g13b",13,MIN,0,0,0,0,0,0,0,0,0,0,0,0,,0,,,102,461,3,0,0,20,0.693466081488367,0,21,25,159,0,0,0,-47,206,7,3.94433855253737,0,-3.38297872340426,0.0664893617021277,-0.0161234991423671,0.0884475931535345,0,80.0,101.0
2023,REG+POST,00-0037277,T.Quitoriano,Teagan Quitoriano,TE,TE,"https://static.www.nfl.com/image/upload/f_auto,q_auto/league/tlfmx2ozvmglaxcrg7ko",3,HOU,0,0,0,0,0,0,0,0,0,0,0,0,,0,,,0,0,0,0,0,0,,0,2,3,33,0,0,0,15,18,2,2.07266961468849,0,2.2,0.0288461538461538,0.0278810408921933,0.0627859593937661,0,3.3,5.3
2023,REG+POST,00-0037282,J.Mitchell,James Mitchell,TE,TE,"https://static.www.nfl.com/image/upload/f_auto,q_auto/league/dyvnmhl4xyjius0frjnu",2,DET,0,0,0,0,0,0,0,0,0,0,0,0,,0,,,0,0,0,0,0,0,,0,2,2,28,0,0,0,16,12,1,2.28574902226683,0,1.75,0.0317460317460317,0.0323232323232323,0.0702453102453103,0,2.8,4.8
2023,REG+POST,00-0037286,K.Harris,Kevin Harris,RB,RB,"https://static.www.nfl.com/image/private/f_auto,q_auto/league/jlqnwxuwbkoscvv9kz5h",4,NE,0,0,0,0,0,0,0,0,0,0,0,0,,0,,,16,65,1,0,0,2,-2.28036905411864,0,3,3,58,0,0,0,-1,59,2,4.87760370835895,0,-58.0,0.0566037735849057,-0.0050761421319797,0.0813523608849727,0,18.3,21.3
2023,REG+POST,00-0037289,M.Rodriguez,Malcolm Rodriguez,ILB,LB,"https://static.www.nfl.com/image/upload/f_auto,q_auto/league/ofwspc5nzlzqdvxqvpxc",1,DET,0,0,0,0,0,0,0,0,0,0,0,0,,0,,,0,0,0,0,0,0,,0,1,1,6,0,0,0,6,0,1,0.0505867791362107,0,1.0,0.0238095238095238,0.0198675496688742,0.0496215704824976,0,0.6,1.6
2023,REG+POST,00-0037291,J.Nailor,Jalen Nailor,WR,WR,"https://static.www.nfl.com/image/upload/f_auto,q_auto/league/fe9b3l4fz6n02gbr5zbt",2,MIN,0,0,0,0,0,0,0,0,0,0,0,0,,0,,,0,0,0,0,0,0,,0,3,6,29,0,0,0,54,21,1,-2.02553678123513,0,0.537037037037037,0.0923076923076923,0.107784431137725,0.213910640257946,0,2.9,5.9
2023,REG+POST,00-0037292,A.Ogletree,Andrew Ogletree,TE,TE,"https://static.www.nfl.com/image/upload/f_auto,q_auto/league/xrp8dougs6jb0denyorz",10,IND,0,0,0,0,0,0,0,0,0,0,0,0,,0,,,0,0,0,0,0,0,,0,9,21,147,2,0,0,209,30,8,9.11115194103331,0,0.703349282296651,0.0601719197707736,0.0824132492113565,0.14794715410411,0,26.7,35.7
2023,REG+POST,00-0037299,K.Ingram,Keaontay Ingram,RB,RB,"https://static.www.nfl.com/image/upload/f_auto,q_auto/league/fa4if2wnlgsmjmkcnxke",7,ARI,0,0,0,0,0,0,0,0,0,0,0,0,,0,,,35,74,0,0,0,4,-11.3167110374243,0,4,4,26,0,0,0,-5,31,1,0.33775865577627,0,-5.2,0.0421052631578947,-0.0064683053040103,0.0586300810240349,0,10.0,14.0
2023,REG+POST,00-0037304,C.Heyward,Connor Heyward,TE,TE,"https://static.www.nfl.com/image/upload/f_auto,q_auto/league/b9bnasge2v2dtctdtqnf",12,PIT,0,1,0,0,0,0,0,0,0,-4,0,0,-0.25261004906497,0,0.0,,1,0,0,0,0,0,-1.86711403774098,0,24,35,172,0,0,0,180,94,8,-4.09778754195238,0,0.955555555555556,0.0948509485094851,0.0713436385255648,0.192216969732123,0,17.2,41.2
2023,REG+POST,00-0037306,J.FitzPatrick,John FitzPatrick,TE,TE,"https://static.www.nfl.com/image/upload/f_auto,q_auto/league/k7m700qda76lqtt7zj8e",1,ATL,0,0,0,0,0,0,0,0,0,0,0,0,,0,,,0,0,0,0,0,0,,0,1,1,12,0,0,0,2,10,1,0.712112442590296,0,6.0,0.0294117647058824,0.0097560975609756,0.0509469153515065,0,1.2,2.2
2023,REG+POST,00-0037311,K.Kieft,Ko Kieft,TE,TE,"https://static.www.nfl.com/image/upload/f_auto,q_auto/league/e4waf9pysxdyyhtpmgwp",3,TB,0,0,0,0,0,0,0,0,0,0,0,0,,0,,,0,0,0,0,0,0,,0,1,5,2,1,0,0,61,2,1,-1.33432855439605,0,0.0327868852459016,0.0568181818181818,0.116634799235182,0.1668716321919,0,6.2,7.2
2023,REG+POST,00-0037317,N.Muse,Nick Muse,TE,TE,"https://static.www.nfl.com/image/upload/f_auto,q_auto/league/hajfiwgmzhnkh4k2mcgh",1,MIN,0,0,0,0,0,0,0,0,0,0,0,0,,0,,,0,0,0,0,0,0,,0,1,1,22,0,0,0,12,10,1,1.35134004242718,0,1.83333333333333,0.0232558139534884,0.029925187032419,0.0558313518529258,0,2.2,3.2
2023,REG+POST,00-0037382,B.Johnson,Brandon Johnson,WR,WR,"https://static.www.nfl.com/image/upload/f_auto,q_auto/league/vb8zdr36pece37wq6eth",10,DEN,0,0,0,0,0,0,0,0,0,0,0,0,,0,,,0,0,0,0,0,0,,0,19,30,284,4,0,0,328,89,12,20.3086545516567,1,0.865853658536585,0.100334448160535,0.147019273868221,0.253415163948557,0,54.4,73.4
2023,REG+POST,00-0037410,J.Corbin,Jashaun Corbin,RB,RB,"https://static.www.nfl.com/image/private/f_auto,q_auto/league/ruppqk56fuctb78gf21p",1,NYG,0,0,0,0,0,0,0,0,0,0,0,0,,0,,,1,1,0,0,0,1,1.84878979931818,0,3,3,12,0,0,0,-1,13,1,2.79917929961812,0,-12.0,0.115384615384615,-0.0066225165562913,0.168441161487519,0,1.3,4.3
2023,REG+POST,00-0037420,K.Lassiter,Kwamie Lassiter,WR,WR,"https://static.www.nfl.com/image/private/f_auto,q_auto/league/emeqage9tq2mlpnlkzl9",1,CIN,0,0,0,0,0,0,0,0,0,0,0,0,,0,,,0,0,0,0,0,0,,0,1,1,2,0,0,0,-1,3,0,0.222314799961168,0,0.0,0.0227272727272727,-0.0033557046979865,0.0317419158023185,0,0.2,1.2
2023,REG+POST,00-0037429,R.Blackshear,Raheem Blackshear,RB,RB,"https://static.www.nfl.com/image/upload/f_auto,q_auto/league/sv6aefajv1duatig0buu",8,CAR,0,0,0,0,0,0,0,0,0,0,0,0,,0,,,14,46,0,0,0,1,-4.49289812838458,1,6,7,45,0,0,0,13,38,1,-2.05442145303823,0,3.46153846153846,0.0414201183431953,0.0196374622356495,0.0758764010797476,0,11.1,17.1
2023,REG+POST,00-0037451,R.Williams,Rod Williams,TE,TE,"https://static.www.nfl.com/image/upload/f_auto,q_auto/league/wdqerph3lu151tifksgo",1,PIT,0,0,0,0,0,0,0,0,0,0,0,0,,0,,,0,0,0,0,0,0,,0,0,2,0,0,0,0,8,0,0,-0.681053433858324,0,0.0,0.05,0.0224089635854342,0.0906862745098039,0,0.0,0.0
2023,REG+POST,00-0037475,S.Smartt,Stone Smartt,TE,TE,"https://static.www.nfl.com/image/upload/f_auto,q_auto/league/tazdjztvhpulguzuh78l",12,LAC,0,0,0,0,0,0,0,0,0,0,0,0,,0,,,0,0,0,0,0,0,,0,11,21,155,1,0,0,180,56,6,3.32315545763066,0,0.861111111111111,0.0501193317422434,0.0600400266844563,0.117207016292485,0,21.5,32.5
2023,REG+POST,00-0037487,D.Thompkins,Deven Thompkins,WR,WR,"https://static.www.nfl.com/image/private/f_auto,q_auto/league/gt0yeyl9y8s6onw8wcdr",14,TB,0,0,0,0,0,0,0,0,0,0,0,0,,0,,,9,66,0,0,0,5,4.98198118948494,0,18,27,87,1,1,1,158,82,5,-9.32096986297741,0,0.550632911392405,0.0671641791044776,0.0477629987908102,0.134180367810284,0,19.3,37.3
2023,REG+POST,00-0037506,C.Fotheringham,Cole Fotheringham,TE,TE,"https://static.www.nfl.com/image/upload/f_auto,q_auto/league/stshlkkfc995vk5tuhtd",1,LV,0,0,0,0,0,0,0,0,0,0,0,0,,0,,,0,0,0,0,0,0,,0,1,1,6,0,0,0,1,5,0,0.212422261014581,0,6.0,0.0526315789473684,0.0065359477124183,0.0835225318197454,0,0.6,1.6
2023,REG+POST,00-0037525,J.Mason,Jordan Mason,RB,RB,"https://static.www.nfl.com/image/upload/f_auto,q_auto/league/ub1ub6sxuov1f1kux1v9",9,SF,0,0,0,0,0,0,0,0,0,0,0,0,,0,,,40,206,3,0,0,13,5.64875688121538,0,3,4,31,0,0,0,12,23,1,0.765936657611746,0,2.58333333333333,0.0408163265306122,0.0131004366812227,0.0703947954727743,0,41.7,44.7
2023,REG+POST,00-0037539,L.Krull,Lucas Krull,TE,TE,"https://static.www.nfl.com/image/upload/f_auto,q_auto/league/v3rdtydz7dh4s5oyzejs",7,DEN,0,0,0,0,0,0,0,0,0,0,0,0,,0,,,0,0,0,0,0,0,,0,8,14,95,1,0,0,133,50,5,1.95646588493246,0,0.714285714285714,0.0660377358490566,0.0841772151898734,0.157980654406496,0,15.5,23.5
2023,REG+POST,00-0037545,R.Shaheed,Rashid Shaheed,WR,WR,"https://static.www.nfl.com/image/upload/f_auto,q_auto/league/mnaref4vwyau8mbsp0ri",15,NO,0,0,0,0,0,0,0,0,0,0,0,0,,0,,,7,37,0,0,0,1,-1.13001172395889,0,46,75,719,5,0,0,1094,151,27,12.090541416418,0,0.657221206581353,0.142045454545455,0.245071684587814,0.384618361029651,1,111.6,157.6
2023,REG+POST,00-0037557,R.Rivers,Ronnie Rivers,RB,RB,"https://static.www.nfl.com/image/upload/f_auto,q_auto/league/xjumjdizgaw4gicg6gbb",8,LA,0,0,0,0,0,0,0,0,0,0,0,0,,0,,,35,138,0,0,0,5,-5.21620577863743,0,8,8,57,0,0,0,-31,88,2,1.47216938890051,0,-1.83870967741935,0.0444444444444444,-0.0231862378459237,0.0504363001745201,0,19.5,27.5
2023,REG+POST,00-0037569,P.Hendershot,Peyton Hendershot,TE,TE,"https://static.www.nfl.com/image/upload/f_auto,q_auto/league/d8plvjsvwdadr1ap93ci",7,DAL,0,0,0,0,0,0,0,0,0,0,0,0,,0,,,1,0,0,0,0,0,-0.204385912686121,0,4,7,38,0,0,0,27,28,1,-1.40834909077967,0,1.40740740740741,0.0344827586206897,0.0225941422594142,0.0675400375126244,0,3.8,7.8
2023,REG+POST,00-0037607,R.Stonehouse,Ryan Stonehouse,P,SPEC,"https://static.www.nfl.com/image/upload/f_auto,q_auto/league/vlsrao7qxhrgpdsrjjar",1,TEN,0,0,0,0,0,0,0,0,0,0,0,0,,0,,,1,-11,0,1,1,0,-3.44837581034517,0,0,0,0,0,0,0,0,0,0,,0,,,,,0,-3.1,-3.1
2023,REG+POST,00-0037614,J.Metchie,John Metchie III,WR,WR,"https://static.www.nfl.com/image/upload/f_auto,q_auto/league/zf0d6hiyqnmtst0vwdpv",15,HOU,0,0,0,0,0,0,0,0,0,0,0,0,,0,,,2,13,0,0,0,0,0.42942984966794,0,19,33,202,0,0,0,295,99,9,-4.28632302698679,0,0.684745762711864,0.0663983903420523,0.0647355716480141,0.144912485666688,0,21.5,40.5
2023,REG+POST,00-0037654,T.Fisk,Tucker Fisk,TE,TE,"https://static.www.nfl.com/image/upload/f_auto,q_auto/league/jbbh7bfsjpqzsy0jcofy",1,ATL,0,0,0,0,0,0,0,0,0,0,0,0,,0,,,0,0,0,0,0,0,,0,1,1,9,0,0,0,3,6,1,1.19562649866566,0,3.0,0.0526315789473684,0.0206896551724138,0.0934301270417423,0,0.9,1.9
2023,REG+POST,00-0037664,A.Pierce,Alec Pierce,WR,WR,"https://static.www.nfl.com/image/upload/f_auto,q_auto/league/hvtcpccoigf9cghzkxcg",17,IND,0,0,0,0,0,0,0,0,0,0,0,0,,0,,,0,0,0,0,0,0,,0,32,65,514,2,0,0,977,97,24,17.1916585591053,0,0.526100307062436,0.119047619047619,0.238060428849903,0.34521372876636,0,63.4,95.4
2023,REG+POST,00-0037666,J.Tolbert,Jalen Tolbert,WR,WR,"https://static.www.nfl.com/image/upload/f_auto,q_auto/league/cek1m1cbly5rfmmmjpcc",14,DAL,0,0,0,0,0,0,0,0,0,0,0,0,,0,,,0,0,0,0,0,0,,0,22,38,268,2,0,0,498,34,13,-0.891328162044326,0,0.538152610441767,0.0706319702602231,0.125314544539507,0.193668136567989,0,38.8,60.8
2023,REG+POST,00-0037740,G.Wilson,Garrett Wilson,WR,WR,"https://static.www.nfl.com/image/private/f_auto,q_auto/league/llgosx4tokddwnyrgvbx",17,NYJ,0,1,0,0,0,0,0,0,0,10,0,0,-0.433482601540163,0,0.0,,4,0,0,0,0,1,0.355266800848767,0,95,168,1042,3,2,2,1707,327,47,-10.4606330238663,0,0.610427650849444,0.298401420959147,0.449920927780706,0.762546780885216,0,118.2,213.2
2023,REG+POST,00-0037741,J.Dotson,Jahan Dotson,WR,WR,"https://static.www.nfl.com/image/upload/f_auto,q_auto/league/myxhp9oqtcv1peactbhv",17,WAS,0,0,0,0,0,0,0,0,0,0,0,0,,0,,,0,0,0,0,0,0,,0,49,83,518,4,0,0,768,115,27,-15.9861186813161,0,0.674479166666667,0.138103161397671,0.176308539944904,0.330570720057938,0,75.8,124.8
2023,REG+POST,00-0037742,T.Burks,Treylon Burks,WR,WR,"https://static.www.nfl.com/image/upload/f_auto,q_auto/league/xinnrxloao8wvyps7e3m",9,TEN,0,0,0,0,0,0,0,0,0,0,0,0,,0,,,5,18,0,0,0,0,-0.527836185938213,0,16,30,221,0,0,0,547,71,8,-0.751107006000674,0,0.404021937842779,0.1171875,0.218363273453094,0.328635541417166,0,23.9,39.9
2023,REG+POST,00-0037744,T.McBride,Trey McBride,TE,TE,"https://static.www.nfl.com/image/upload/f_auto,q_auto/league/hfdgljgi9gfaskomdl1h",17,ARI,0,0,0,0,0,0,0,0,0,0,0,0,,0,,,0,0,0,0,0,0,,0,81,106,825,3,1,0,652,420,42,9.8028204253265,0,1.26533742331288,0.196296296296296,0.165356327669287,0.410193873812946,0,100.5,181.5
2023,REG+POST,00-0037745,V.Jones,Velus Jones Jr.,RB,RB,"https://static.www.nfl.com/image/private/f_auto,q_auto/league/gb06eaw6prinklkdkv2d",10,CHI,0,0,0,0,0,0,0,0,0,0,0,0,,0,,,8,51,0,0,0,4,0.22051762137562,0,4,7,20,0,0,0,87,15,1,-1.52832508052234,0,0.229885057471264,0.0414201183431953,0.0783078307830783,0.116945659062948,0,7.1,11.1
2023,REG+POST,00-0037746,B.Robinson,Brian Robinson,RB,RB,"https://static.www.nfl.com/image/private/f_auto,q_auto/league/gxcfbuvmooytbn45kvxf",15,WAS,0,0,0,0,0,0,0,0,0,0,0,0,,0,,,178,733,5,3,2,47,-22.1895465999836,1,36,43,368,4,1,0,-55,410,15,20.4248301624029,0,-6.69090909090909,0.0888429752066116,-0.0157773952954676,0.12222028610309,0,162.1,198.1
2023,REG+POST,00-0037801,K.Turpin,KaVontae Turpin,WR,WR,"https://static.www.nfl.com/image/upload/f_auto,q_auto/league/lwkox2bvc6k3hqmidf4q",12,DAL,0,0,0,0,0,0,0,0,0,0,0,0,,0,,,11,110,1,1,0,5,7.48102812241996,0,12,18,127,3,0,0,163,39,9,12.2172605754154,0,0.779141104294479,0.0467532467532468,0.0544604076177748,0.108252155462312,0,47.7,59.7
2023,REG+POST,00-0037805,J.Ruckert,Jeremy Ruckert,TE,TE,"https://static.www.nfl.com/image/private/f_auto,q_auto/league/w6bf97vbqitoyo5o7xaa",10,NYJ,0,0,0,0,0,0,0,0,0,0,0,0,,0,,,0,0,0,0,0,0,,0,16,22,151,0,0,0,139,51,6,4.47125266853254,0,1.0863309352518,0.0632183908045977,0.0620812862885217,0.138284486608862,0,15.1,31.1
2023,REG+POST,00-0037809,C.Okonkwo,Chig Okonkwo,TE,TE,"https://static.www.nfl.com/image/upload/f_auto,q_auto/league/ut2gqeq2lowknrro0wlu",17,TEN,0,0,0,0,0,0,0,0,0,0,0,0,,0,,,2,6,0,0,0,1,-0.0199080768506974,0,54,77,528,1,0,0,525,260,25,7.75504169724428,0,1.00571428571429,0.161087866108787,0.116304829419584,0.323045179756888,0,59.4,113.4
2023,REG+POST,00-0037816,R.Doubs,Romeo Doubs,WR,WR,"https://static.www.nfl.com/image/upload/f_auto,q_auto/league/dyulbddqbqshoqdxgo63",19,GB,0,0,0,0,0,0,0,0,0,0,0,0,,0,,,0,0,0,0,0,0,,0,69,108,908,9,1,0,1306,210,49,48.2198577049097,0,0.695252679938744,0.175609756097561,0.250335441824804,0.438649443423704,0,144.8,213.8
2023,REG+POST,00-0037827,T.Davis-Price,Tyrion Davis-Price,RB,RB,"https://static.www.nfl.com/image/upload/f_auto,q_auto/league/np2ljgazwwq6sh9015qs",1,SF,0,0,0,0,0,0,0,0,0,0,0,0,,0,,,6,21,0,0,0,1,-3.73455790895969,0,0,0,0,0,0,0,0,0,0,,0,,,,,0,2.1,2.1
2023,REG+POST,00-0037834,B.Purdy,Brock Purdy,QB,QB,"https://static.www.nfl.com/image/upload/f_auto,q_auto/league/myvg8siij2bn9ecx7btm",19,SF,374,552,5054,34,12,32,173,4,2,4554,2411,230,163.738045377576,0,1.10979358805446,0.188472208496943,53,218,2,2,0,20,14.7245246796408,0,0,0,0,0,0,0,0,0,0,,0,,,,,0,343.96,343.96
2023,REG+POST,00-0037837,C.Austin,Calvin Austin III,WR,WR,"https://static.www.nfl.com/image/private/f_auto,q_auto/league/qlt6ztqcbu0uzad6aavt",15,PIT,0,0,0,0,0,0,0,0,0,0,0,0,,0,,,11,57,1,0,0,4,3.4131404554355,0,18,32,187,2,0,0,389,74,8,-1.33155314831895,0,0.480719794344473,0.0860215053763441,0.137992195814118,0.225626795134399,0,42.4,60.4
2023,REG+POST,00-0037838,I.Likely,Isaiah Likely,TE,TE,"https://static.www.nfl.com/image/upload/f_auto,q_auto/league/xmikfnklnpjmzjhbjrur",15,BAL,0,0,0,0,0,0,0,0,0,0,0,0,,0,,,0,0,0,0,0,0,,0,34,46,461,6,0,0,316,239,18,31.6692688468894,0,1.45886075949367,0.110047846889952,0.0893159977388355,0.227592968752113,0,82.1,116.1
2023,REG+POST,00-0037840,K.Williams,Kyren Williams,RB,RB,"https://static.www.nfl.com/image/upload/f_auto,q_auto/league/vcvstwywz6iufk7iul3x",13,LA,0,0,0,0,0,0,0,0,0,0,0,0,,0,,,241,1205,12,2,1,65,21.5325162802015,1,33,49,215,3,1,1,11,285,9,-14.7754054801175,0,19.5454545454545,0.123115577889447,0.0034108527131782,0.187060963733396,0,230.0,263.0
2023,REG+POST,00-0038040,Z.White,Zamir White,RB,RB,"https://static.www.nfl.com/image/upload/f_auto,q_auto/league/jpxuggpx567die5348be",13,LV,0,0,0,0,0,0,0,0,0,0,0,0,,0,,,104,451,1,1,1,19,-17.6899545091437,0,15,19,98,0,0,0,4,94,4,0.729025378182996,0,24.5,0.0833333333333333,0.0022026431718061,0.126541850220264,0,58.9,73.9
2023,REG+POST,00-0038041,J.Ferguson,Jake Ferguson,TE,TE,"https://static.www.nfl.com/image/upload/f_auto,q_auto/league/lbvrn1ibwszd6tzgh6o1",18,DAL,0,0,0,0,0,0,0,0,0,0,0,0,,0,,,0,0,0,0,0,0,,0,81,114,854,8,0,0,589,452,47,43.1048623250515,0,1.44991511035654,0.171945701357466,0.112792033703562,0.336872975628692,0,133.4,214.4
2023,REG+POST,00-0038045,I.Spiller,Isaiah Spiller,RB,RB,"https://static.www.nfl.com/image/upload/f_auto,q_auto/league/msdwytjm5qjxe336lmnv",9,LAC,0,0,0,0,0,0,0,0,0,0,0,0,,0,,,37,96,0,0,0,1,-14.3609551987611,0,6,6,34,0,0,0,-5,39,1,0.5254501588632,0,-6.8,0.0458015267175573,-0.0060753341433778,0.0644495561759714,0,13.0,19.0
2023,REG+POST,00-0038046,C.Kolar,Charlie Kolar,TE,TE,"https://static.www.nfl.com/image/upload/f_auto,q_auto/league/n7duzqver13movvgcint",7,BAL,0,0,0,0,0,0,0,0,0,0,0,0,,0,,,0,0,0,0,0,0,,0,8,10,91,1,0,0,92,17,5,7.56723188512842,0,0.989130434782609,0.0588235294117647,0.0685543964232489,0.136223371613921,0,15.1,23.1
2023,REG+POST,00-0038090,S.Moore,Skyy Moore,WR,WR,"https://static.www.nfl.com/image/private/f_auto,q_auto/league/wpiovviem9uugfacqkxy",13,KC,0,0,0,0,0,0,0,0,0,0,0,0,,0,,,3,23,0,0,0,1,0.991782928351313,0,21,38,244,1,0,0,339,109,13,-9.61885847680431,0,0.71976401179941,0.0815450643776824,0.110136452241715,0.199413113135724,0,32.7,53.7
2023,REG+POST,00-0038092,E.Ezukanma,Erik Ezukanma,WR,WR,"https://static.www.nfl.com/image/upload/f_auto,q_auto/league/qnq5b80lyd9wjidek81f",2,MIA,0,0,0,0,0,0,0,0,0,0,0,0,,0,,,5,22,0,0,0,1,-1.45335571921896,0,0,1,0,0,0,0,8,0,0,-0.912653792192441,0,0.0,0.0344827586206897,0.0296296296296296,0.0724648786717752,0,2.2,2.2
2023,REG+POST,00-0038098,P.Strong,Pierre Strong,RB,RB,"https://static.www.nfl.com/image/upload/f_auto,q_auto/league/xvsnviejqwulftgrccpb",13,CLE,0,0,0,0,0,0,0,0,0,0,0,0,,0,,,63,291,1,1,1,10,-9.93003623798722,0,5,8,47,0,0,0,-5,73,1,-2.23292965616565,0,-9.4,0.0318725099601594,-0.002426006792819,0.0461105601852657,0,37.8,42.8
2023,REG+POST,00-0038102,K.Pickett,Kenny Pickett,QB,QB,"https://static.www.nfl.com/image/upload/f_auto,q_auto/league/lbyu04eubfsgezqftovz",12,PIT,201,324,2070,6,4,23,173,0,0,2288,1046,91,-40.2414919466061,0,0.90472027972028,0.0192810466577062,42,54,1,2,0,12,-5.16288004297857,0,0,0,0,0,0,0,0,0,0,,0,,,,,0,110.2,110.2
2023,REG+POST,00-0038104,T.Thornton,Tyquan Thornton,WR,WR,"https://static.www.nfl.com/image/private/f_auto,q_auto/league/p1kulrgf4v2grethuefi",9,NE,0,0,0,0,0,0,0,0,0,0,0,0,,0,,,3,51,0,0,0,1,3.01840060720899,0,13,23,91,0,0,0,230,50,3,-13.2396058684681,0,0.395652173913043,0.0836363636363636,0.129577464788732,0.216158770806658,0,14.2,27.2
2023,REG+POST,00-0038108,B.Zappe,Bailey Zappe,QB,QB,"https://static.www.nfl.com/image/upload/f_auto,q_auto/league/m0aps8mb4jev4t4tduir",10,NE,127,212,1272,6,9,25,191,2,1,1686,637,53,-81.795452715474,0,0.754448398576512,0.0048569839051951,17,83,1,0,0,6,4.63150148303248,0,0,0,0,0,0,0,0,0,0,,0,,,,,0,69.18,69.18
2023,REG+POST,00-0038115,D.Bellinger,Daniel Bellinger,TE,TE,"https://static.www.nfl.com/image/upload/f_auto,q_auto/league/f9xmqszyicfahxrcqevp",13,NYG,0,0,0,0,0,0,0,0,0,0,0,0,,0,,,0,0,0,0,0,0,,0,25,28,255,0,0,0,130,134,6,8.48108833422884,0,1.96153846153846,0.0777777777777778,0.0537190082644628,0.154269972451791,0,25.5,50.5
2023,REG+POST,00-0038117,W.Robinson,Wan'Dale Robinson,WR,WR,"https://static.www.nfl.com/image/upload/f_auto,q_auto/league/z94hnehk9vgmvtad6sgi",15,NYG,0,0,0,0,0,0,0,0,0,0,0,0,,0,,,9,87,1,0,0,4,4.9164190426236,0,60,78,525,1,0,0,410,287,29,21.9106207190888,0,1.28048780487805,0.185273159144893,0.132386180174362,0.370580064839393,0,73.2,133.2
2023,REG+POST,00-0038120,B.Hall,Breece Hall,RB,RB,"https://static.www.nfl.com/image/upload/f_auto,q_auto/league/ekmqygsmfkwwwdmuox4r",17,NYJ,0,0,0,0,0,0,0,0,0,0,0,0,,0,,,223,994,5,2,0,40,-21.7597802430493,1,76,95,591,4,0,0,-48,649,28,6.08812599242083,0,-12.3125,0.168738898756661,-0.0126515550869794,0.244252259574106,0,214.5,290.5
2023,REG+POST,00-0038122,D.Ridder,Desmond Ridder,QB,QB,"https://static.www.nfl.com/image/upload/f_auto,q_auto/league/rhpusa7pfgd82d9ui6y7",15,ATL,249,388,2836,12,12,31,197,6,4,3184,1222,136,-33.3997411758443,2,0.89070351758794,0.0292839219793204,53,193,5,6,1,18,-14.4358171576846,0,1,1,-6,0,0,0,-6,0,0,-1.51534781605005,0,0.0,0.0555555555555556,-0.0952380952380952,0.0166666666666667,0,180.14,181.14
2023,REG+POST,00-0038124,C.Watson,Christian Watson,WR,WR,"https://static.www.nfl.com/image/upload/f_auto,q_auto/league/qenktpex0mep8er8dzxj",11,GB,0,0,0,0,0,0,0,0,0,0,0,0,,0,,,4,11,0,0,0,1,-1.52074445865583,0,30,56,442,5,0,0,843,121,21,0.308812154489779,0,0.524317912218268,0.15819209039548,0.284508943638205,0.436444396139964,0,75.3,105.3
2023,REG+POST,00-0038128,M.Willis,Malik Willis,QB,QB,"https://static.www.nfl.com/image/upload/f_auto,q_auto/league/e6w0hpe2pzefydmhqmr7",2,TEN,4,5,74,0,0,4,30,0,0,39,55,1,-0.068276936013552,0,1.8974358974359,0.104879754098473,5,21,0,1,1,1,-6.96832967567025,0,0,0,0,0,0,0,0,0,0,,0,,,,,0,3.06,3.06
2023,REG+POST,00-0038129,C.Otton,Cade Otton,TE,TE,"https://static.www.nfl.com/image/upload/f_auto,q_auto/league/mljam77kst1wlqd5y91v",18,TB,0,0,0,0,0,0,0,0,0,0,0,0,,0,,,0,0,0,0,0,0,,0,60,86,609,5,1,1,573,302,32,16.8407668623696,1,1.06282722513089,0.144053601340034,0.113803376365442,0.29574276546586,0,90.9,150.9
2023,REG+POST,00-0038134,K.Walker,Kenneth Walker III,RB,RB,"https://static.www.nfl.com/image/upload/f_auto,q_auto/league/ielqdthtspzi0ufvs4tw",15,SEA,0,0,0,0,0,0,0,0,0,0,0,0,,0,,,219,905,8,1,0,46,-9.32750174283865,0,29,37,259,1,0,0,-79,317,9,3.51092880679062,0,-3.27848101265823,0.081140350877193,-0.0261502813637868,0.103405329361139,0,170.4,199.4
2023,REG+POST,00-0038389,I.Abanikanda,Israel Abanikanda,RB,RB,"https://static.www.nfl.com/image/private/f_auto,q_auto/league/ythhca1bq2bjbhgfyf9o",6,NYJ,0,0,0,0,0,0,0,0,0,0,0,0,,0,,,22,70,0,0,0,3,-2.94553341485929,0,7,11,43,0,0,0,6,46,2,-1.21548775531119,0,7.16666666666667,0.104761904761905,0.0091463414634146,0.163545296167247,0,11.3,18.3
2023,REG+POST,00-0038391,S.Clifford,Sean Clifford,QB,QB,"https://static.www.nfl.com/image/upload/f_auto,q_auto/league/ru4qdl0ffm28dvywvc4r",2,GB,1,1,37,0,0,0,0,0,0,34,3,1,2.14362682815408,0,1.08823529411765,,3,-2,0,1,0,0,-3.49168400029885,0,0,0,0,0,0,0,0,0,0,,0,,,,,0,1.28,1.28
2023,REG+POST,00-0038393,D.Wicks,Dontayvion Wicks,WR,WR,"https://static.www.nfl.com/image/upload/f_auto,q_auto/league/ghsev2bmz8kvhm8dsbey",17,GB,1,1,14,0,0,0,0,0,0,9,5,1,0.889282290299889,0,1.55555555555556,,1,1,0,0,0,0,-0.375854366167914,0,41,62,606,5,3,1,631,211,30,31.0584920917881,0,0.960380348652932,0.112522686025408,0.138255915863278,0.265563170142407,0,89.26,130.26
2023,REG+POST,00-0038394,W.Mallory,Will Mallory,TE,TE,"https://static.www.nfl.com/image/upload/f_auto,q_auto/league/rxeygxqtsnqqzgmjl71g",11,IND,0,0,0,0,0,0,0,0,0,0,0,0,,0,,,0,0,0,0,0,0,,0,18,26,207,0,1,0,203,89,11,11.6807807128644,0,1.01970443349754,0.0710382513661202,0.0726817042606516,0.157434570031636,0,20.7,38.7
2023,REG+POST,00-0038396,E.Gray,Eric Gray,RB,RB,"https://static.www.nfl.com/image/upload/f_auto,q_auto/league/ijjxwxv1ccyowzhpuw2k",5,NYG,0,0,0,0,0,0,0,0,0,0,0,0,,0,,,17,48,0,1,0,2,-7.89402783877449,0,6,7,22,0,0,0,-8,40,0,-3.74944611499086,0,-2.75,0.0518518518518519,-0.0109739368998628,0.0700960219478738,0,7.0,13.0
2023,REG+POST,00-0038397,E.Hull,Evan Hull,RB,RB,"https://static.www.nfl.com/image/upload/f_auto,q_auto/league/ujeotuzljtwd4wtzbuse",1,IND,0,0,0,0,0,0,0,0,0,0,0,0,,0,,,1,1,0,0,0,0,-1.48695376177784,0,1,1,6,0,0,0,3,3,0,-0.108118143049069,0,2.0,0.0256410256410256,0.0137614678899083,0.0480945659844742,0,0.7,1.7
2023,REG+POST,00-0038416,T.Bagent,Tyson Bagent,QB,QB,"https://static.www.nfl.com/image/upload/f_auto,q_auto/league/m6ls9t5npcqavk3eoa9c",5,CHI,94,143,859,3,6,5,35,2,2,814,498,48,-25.4177472920779,0,1.05528255528256,0.0177097178623807,23,109,2,0,0,11,11.0232879592463,0,0,0,0,0,0,0,0,0,0,,0,,,,,0,53.26,53.26
2023,REG+POST,00-0038454,K.Mitchell,Keaton Mitchell,RB,RB,"https://static.www.nfl.com/image/upload/f_auto,q_auto/league/ubl4gwglxlbxzku0qta9",7,BAL,0,0,0,0,0,0,0,0,0,0,0,0,,0,,,47,396,2,0,0,19,17.4030145683792,0,9,11,93,0,0,0,-2,122,5,2.59173651613891,0,-46.5,0.0552763819095477,-0.0010245901639344,0.0821973597495675,0,60.9,69.9
2023,REG+POST,00-0038465,M.Heath,Malik Heath,WR,WR,"https://static.www.nfl.com/image/upload/f_auto,q_auto/league/xbhxvulvdrkbz5svka5f",12,GB,0,0,0,0,0,0,0,0,0,0,0,0,,0,,,0,0,0,0,0,0,,0,15,24,125,1,0,0,210,35,6,4.74385148757169,0,0.595238095238095,0.0616966580976864,0.0687848018342614,0.140694348430513,0,18.5,33.5
2023,REG+POST,00-0038476,T.DeVito,Tommy DeVito,QB,QB,"https://static.www.nfl.com/image/upload/f_auto,q_auto/league/ntolppjso4da6spe6okt",9,NYG,114,178,1101,8,3,37,196,0,0,1149,583,46,-49.3222322049457,0,0.95822454308094,0.0091882322144346,36,195,1,2,1,7,-3.23050817197391,0,0,0,0,0,0,0,0,0,0,,0,,,,,0,93.54,93.54
2023,REG+POST,00-0038490,T.Zentner,Ty Zentner,P,SPEC,"https://static.www.nfl.com/image/upload/f_auto,q_auto/league/rmprz572lgnxuojnxh5p",1,TEN,0,0,0,0,0,0,0,0,0,0,0,0,,0,,,1,0,0,1,0,0,-2.25709495862247,0,0,0,0,0,0,0,0,0,0,,0,,,,,0,0.0,0.0
2023,REG+POST,00-0038492,J.Brownlee,Jason Brownlee,WR,WR,"https://static.www.nfl.com/image/upload/f_auto,q_auto/league/qc0gcnxlh1pcw6ppr9kw",4,NYJ,0,0,0,0,0,0,0,0,0,0,0,0,,0,,,0,0,0,0,0,0,,0,5,8,56,1,0,0,62,20,2,-4.21006814829889,0,0.903225806451613,0.0559440559440559,0.105621805792164,0.157851347970598,0,11.6,16.6
2023,REG+POST,00-0038496,X.Gipson,Xavier Gipson,WR,WR,"https://static.www.nfl.com/image/private/f_auto,q_auto/league/tqo7wkjetkgupevxfvnv",14,NYJ,0,0,0,0,0,0,0,0,0,0,0,0,,0,,,8,68,1,1,0,4,3.83869661652716,0,21,38,229,0,0,0,358,109,9,-0.636455722892927,0,0.639664804469274,0.0877598152424942,0.139680062426844,0.229415766562532,1,41.7,62.7
2023,REG+POST,00-0038542,B.Robinson,Bijan Robinson,RB,RB,"https://static.www.nfl.com/image/upload/f_auto,q_auto/league/rydwvaod6ethdjap41l6",17,ATL,0,0,0,0,0,0,0,0,0,0,0,0,,0,,,214,976,4,4,3,50,-26.7062713821204,0,58,86,487,4,0,0,24,519,24,-12.9156967204551,0,20.2916666666667,0.177319587628866,0.0059760956175298,0.27016264837557,0,188.3,246.3
2023,REG+POST,00-0038543,J.Smith-Njigba,Jaxon Smith-Njigba,WR,WR,"https://static.www.nfl.com/image/upload/f_auto,q_auto/league/lfroslgx4bo5p641flvg",17,SEA,0,0,0,0,0,0,0,0,0,0,0,0,,0,,,0,0,0,0,0,0,,0,63,93,628,4,0,0,569,366,29,12.1654319769567,0,1.10369068541301,0.170018281535649,0.15177380634836,0.361269086747325,0,86.8,149.8
2023,REG+POST,00-0038544,Q.Johnston,Quentin Johnston,WR,WR,"https://static.www.nfl.com/image/upload/f_auto,q_auto/league/jbxlvsbokf9qdqtet1qr",17,LAC,0,0,0,0,0,0,0,0,0,0,0,0,,0,,,3,9,0,0,0,0,-0.905528398929164,0,38,67,431,2,0,0,861,152,20,7.0593832861998,0,0.500580720092915,0.109120521172638,0.18741837178929,0.294873642011461,0,56.0,94.0
2023,REG+POST,00-0038547,L.Schoonmaker,Luke Schoonmaker,TE,TE,"https://static.www.nfl.com/image/upload/f_auto,q_auto/league/fd4exg1hqzlm9sk6ruu6",12,DAL,0,0,0,0,0,0,0,0,0,0,0,0,,0,,,0,0,0,0,0,0,,0,9,16,72,2,0,0,83,32,5,-3.83778160766154,0,0.867469879518072,0.0347826086956522,0.0357142857142857,0.0771739130434783,0,19.2,28.2
2023,REG+POST,00-0038551,K.Miller,Kendre Miller,RB,RB,"https://static.www.nfl.com/image/upload/f_auto,q_auto/league/wyj0lpna5gbhvyfiqnis",7,NO,0,0,0,0,0,0,0,0,0,0,0,0,,0,,,41,156,1,0,0,10,-3.09782426408492,0,10,11,117,0,0,0,-8,128,5,5.60439573490294,0,-14.625,0.0480349344978166,-0.0049049662783568,0.0686189253518751,0,33.3,43.3
2023,REG+POST,00-0038555,T.Bigsby,Tank Bigsby,RB,RB,"https://static.www.nfl.com/image/upload/f_auto,q_auto/league/vwl0kijb59dp20m3hs3u",13,JAX,0,0,0,0,0,0,0,0,0,0,0,0,,0,,,50,132,2,1,1,12,-12.3360569415672,0,1,4,6,0,0,0,6,5,0,-13.6886951426277,0,1.0,0.0305343511450382,0.0063291139240506,0.0502319064643927,0,23.8,24.8
2023,REG+POST,00-0038558,D.Washington,Darnell Washington,TE,TE,"https://static.www.nfl.com/image/upload/f_auto,q_auto/league/i6bxioxqzrc9hepszyjf",9,PIT,0,0,0,0,0,0,0,0,0,0,0,0,,0,,,0,0,0,0,0,0,,0,7,11,61,0,0,0,11,50,4,0.618529504659819,0,5.54545454545455,0.0416666666666667,0.0069841269841269,0.0673888888888889,0,6.1,13.1
2023,REG+POST,00-0038559,M.Wilson,Michael Wilson,WR,WR,"https://static.www.nfl.com/image/upload/f_auto,q_auto/league/spsbduvpqe21tgkwhvbc",13,ARI,0,0,0,0,0,0,0,0,0,0,0,0,,0,,,0,0,0,0,0,0,,0,38,58,565,3,0,0,720,139,29,18.0557974182642,1,0.784722222222222,0.136792452830189,0.231809401159047,0.367455260056616,0,76.5,114.5
2023,REG+POST,00-0038563,T.Tucker,Tre Tucker,WR,WR,"https://static.www.nfl.com/image/upload/f_auto,q_auto/league/soebzcfwhgnjffwqv1ox",13,LV,0,0,0,0,0,0,0,0,0,0,0,0,,0,,,10,77,0,0,0,4,1.24505679437425,0,19,34,331,2,0,0,624,28,12,6.24242019746453,0,0.530448717948718,0.0901856763925729,0.215693052194953,0.286263651125327,0,52.8,71.8
2023,REG+POST,00-0038573,D.Davis,Derius Davis,WR,WR,"https://static.www.nfl.com/image/upload/f_auto,q_auto/league/ctk98ws4ps6p4gaei6uu",14,LAC,0,0,0,0,0,0,0,0,0,0,0,0,,0,,,14,101,0,0,0,5,5.18793454649858,0,15,17,66,0,0,0,-38,115,0,-5.93209154814757,0,0.0,0.0400943396226415,-0.0124835742444152,0.0514030074628716,1,22.7,37.7
2023,REG+POST,00-0038576,C.Jones,Charlie Jones,WR,WR,"https://static.www.nfl.com/image/upload/f_auto,q_auto/league/tbncr0bm5daiafdei8i8",5,CIN,0,0,0,0,0,0,0,0,0,0,0,0,,0,,,2,13,0,0,0,1,1.09994524694048,0,7,9,64,0,0,0,79,38,3,2.37626150279539,0,0.810126582278481,0.0584415584415584,0.0797979797979798,0.143520923520924,1,13.7,20.7
2023,REG+POST,00-0038579,A.O'Connell,Aidan O'Connell,QB,QB,"https://static.www.nfl.com/image/upload/f_auto,q_auto/league/aphs7sdbtn8v4zo9pz6w",11,LV,213,343,2218,12,7,24,173,3,2,2561,1063,107,-16.8526077894484,0,0.866067942210074,0.0153809182386106,17,11,1,1,0,7,-4.11663526669145,0,0,0,0,0,0,0,0,0,0,,0,,,,,0,125.82,125.82
2023,REG+POST,00-0038582,C.Tune,Clayton Tune,QB,QB,"https://static.www.nfl.com/image/upload/f_auto,q_auto/league/bbiianhnrupao5vm4onx",6,ARI,12,21,62,0,2,7,41,1,1,53,43,3,-34.7495431726566,0,1.16981132075472,-0.0206125476598514,8,30,1,1,0,3,-0.64128578369855,1,0,0,0,0,0,0,0,0,0,,0,,,,,0,7.48,7.48
2023,REG+POST,00-0038583,D.Thompson-Robinson,Dorian Thompson-Robinson,QB,QB,"https://static.www.nfl.com/image/upload/f_auto,q_auto/league/ujuyt3hpswlin3aahmhu",7,CLE,60,112,440,1,4,6,60,1,0,662,204,26,-38.5801300967777,0,0.664652567975831,-0.0383653598355425,14,65,0,1,0,4,0.732105585804675,1,0,0,0,0,0,0,0,0,0,,0,,,,,0,22.1,22.1
2023,REG+POST,00-0038589,J.Whyle,Josh Whyle,TE,TE,"https://static.www.nfl.com/image/upload/f_auto,q_auto/league/ccstvnbjzprcpb2j9xnb",8,TEN,0,0,0,0,0,0,0,0,0,0,0,0,,0,,,0,0,0,0,0,0,,0,9,15,94,1,0,0,146,40,8,3.78255183811416,0,0.643835616438356,0.0643776824034335,0.0648600621945802,0.141968567141356,0,15.4,24.4
2023,REG+POST,00-0038597,C.Brown,Chase Brown,RB,RB,"https://static.www.nfl.com/image/upload/f_auto,q_auto/league/rxzzjpgjgjsmmkekp6zu",10,CIN,0,0,0,0,0,0,0,0,0,0,0,0,,0,,,44,179,0,1,0,6,-9.0110161552813,0,14,15,156,1,0,0,-45,194,4,6.43528223148314,0,-3.46666666666667,0.0555555555555556,-0.0312283136710618,0.0614735137635901,0,39.5,53.5
2023,REG+POST,00-0038598,J.Hall,Jaren Hall,QB,QB,"https://static.www.nfl.com/image/upload/f_auto,q_auto/league/ki7jq97gzu1dv16hi4jq",3,MIN,13,20,168,0,1,4,28,2,2,156,99,7,-12.6760427974374,0,1.07692307692308,0.0439689706148404,6,14,0,0,0,0,-1.96601992518322,0,0,0,0,0,0,0,0,0,0,,0,,,,,0,2.12,2.12
2023,REG+POST,00-0038606,P.Washington,Parker Washington,WR,WR,"https://static.www.nfl.com/image/private/f_auto,q_auto/league/pukz1x5ysxkhvsmcttdm",6,JAX,0,0,0,0,0,0,0,0,0,0,0,0,,0,,,0,0,0,0,0,0,,0,16,21,132,2,1,1,155,34,5,-1.51960613223491,0,0.851612903225806,0.0882352941176471,0.0697883836109861,0.181204809704161,0,23.2,39.2
2023,REG+POST,00-0038608,K.Boutte,Kayshon Boutte,WR,WR,"https://static.www.nfl.com/image/private/f_auto,q_auto/league/nz6t7jhx6erszovbv1bd",3,NE,0,0,0,0,0,0,0,0,0,0,0,0,,0,,,0,0,0,0,0,0,,0,2,7,19,0,0,0,125,10,1,-2.69103665847797,0,0.152,0.0608695652173913,0.190839694656489,0.224892134085629,0,1.9,3.9
2023,REG+POST,00-0038611,C.Rodriguez,Chris Rodriguez Jr.,RB,RB,"https://static.www.nfl.com/image/upload/f_auto,q_auto/league/z5nbh1nza9je683o17h1",8,WAS,0,0,0,0,0,0,0,0,0,0,0,0,,0,,,51,247,2,1,1,14,-3.48416020427248,0,2,2,12,0,0,0,-7,19,1,0.454330039210618,0,-1.71428571428571,0.027027027027027,-0.0172413793103448,0.0284715750232992,0,35.9,37.9
2023,REG+POST,00-0038612,A.Perry,A.T. Perry,WR,WR,"https://static.www.nfl.com/image/private/f_auto,q_auto/league/hmlejtujw0krefd40edq",8,NO,0,0,0,0,0,0,0,0,0,0,0,0,,0,,,0,0,0,0,0,0,,0,12,18,246,4,0,0,293,20,10,19.0714940344568,0,0.839590443686007,0.0705882352941176,0.14306640625,0.206028837316176,0,48.6,60.6
2023,REG+POST,00-0038618,X.Hutchinson,Xavier Hutchinson,WR,WR,"https://static.www.nfl.com/image/upload/f_auto,q_auto/league/vlxzxhej5ffelkxrqf4g",13,HOU,0,0,0,0,0,0,0,0,0,0,0,0,,0,,,5,49,0,0,0,3,2.87029675941449,0,12,23,99,0,0,0,207,38,3,-8.20810173568893,0,0.478260869565217,0.0605263157894737,0.0643456636617967,0.135831438247468,0,14.8,26.8
2023,REG+POST,00-0038619,A.Iosivas,Andrei Iosivas,WR,WR,"https://static.www.nfl.com/image/upload/f_auto,q_auto/league/pgbqgzrxmbnmpcnkhsya",9,CIN,0,0,0,0,0,0,0,0,0,0,0,0,,0,,,0,0,0,0,0,0,,0,15,25,116,4,0,0,215,35,11,5.36112963134656,0,0.53953488372093,0.0769230769230769,0.102089268755935,0.18684710351377,0,35.6,50.6
2023,REG+POST,00-0038621,D.Douglas,Demario Douglas,WR,WR,"https://static.www.nfl.com/image/private/f_auto,q_auto/league/svnh61ottqtfmcqvnbj3",14,NE,0,0,0,0,0,0,0,0,0,0,0,0,,0,,,8,41,0,0,0,2,1.02506967773661,0,49,79,561,0,1,1,648,336,26,-5.60288788062322,0,0.865740740740741,0.171739130434783,0.192170818505338,0.392128268605911,0,58.2,107.2
2023,REG+POST,00-0038622,D.Vaughn,Deuce Vaughn,RB,RB,"https://static.www.nfl.com/image/upload/f_auto,q_auto/league/uzxaeh4dssbmvz3lwaan",6,DAL,0,0,0,0,0,0,0,0,0,0,0,0,,0,,,23,40,0,0,0,1,-12.9092501658597,0,7,7,40,0,0,0,-6,46,1,0.745196180476341,0,-6.66666666666667,0.0388888888888889,-0.0043478260869565,0.0552898550724638,0,8.0,15.0
2023,REG+POST,00-0038627,A.Green,Antoine Green,WR,WR,"https://static.www.nfl.com/image/upload/f_auto,q_auto/league/x5jwwdjpwiwe5sdtjzsd",2,DET,0,0,0,0,0,0,0,0,0,0,0,0,,0,,,0,0,0,0,0,0,,0,1,2,2,0,0,0,11,1,0,-3.53832730645081,0,0.181818181818182,0.0240963855421687,0.0171606864274571,0.048157058812473,0,0.2,1.2
2023,REG+POST,00-0038632,C.Dowell,Colton Dowell,WR,WR,"https://static.www.nfl.com/image/upload/f_auto,q_auto/league/asnykoet55r5qhhewijc",2,TEN,0,0,0,0,0,0,0,0,0,0,0,0,,0,,,0,0,0,0,0,0,,0,1,2,3,0,0,0,40,0,0,-2.6527392360731,0,0.075,0.0392156862745098,0.091743119266055,0.123043712898003,0,0.3,1.3
2023,REG+POST,00-0038640,J.Brooks,Jalen Brooks,WR,WR,"https://static.www.nfl.com/image/upload/f_auto,q_auto/league/jdwbrmypfsotpdw86w6u",3,DAL,0,0,0,0,0,0,0,0,0,0,0,0,,0,,,0,0,0,0,0,0,,0,6,6,64,0,0,0,36,28,4,3.85487076992285,0,1.77777777777778,0.0517241379310345,0.038751345532831,0.104712148769533,0,6.4,12.4
2023,REG+POST,00-0038647,R.Bell,Ronnie Bell,WR,WR,"https://static.www.nfl.com/image/upload/f_auto,q_auto/league/agn76jfaaawk5usur8oh",8,SF,0,0,0,0,0,0,0,0,0,0,0,0,,0,,,0,0,0,0,0,0,,0,6,13,68,3,0,0,160,10,5,6.73542628084298,0,0.425,0.0567685589519651,0.0908059023836549,0.148716970096506,0,24.8,30.8
2023,REG+POST,00-0038667,E.Cooks,Elijah Cooks,WR,WR,"https://static.www.nfl.com/image/private/f_auto,q_auto/league/kvlvozf6pxeesdqepx0l",2,JAX,0,0,0,0,0,0,0,0,0,0,0,0,,0,,,0,0,0,0,0,0,,0,3,4,38,0,0,0,33,8,2,3.90436287743445,0,1.15151515151515,0.0465116279069768,0.0385964912280702,0.0967849857201142,0,3.8,6.8
2023,REG+POST,00-0038678,J.Mims,Jordan Mims,RB,RB,"https://static.www.nfl.com/image/upload/f_auto,q_auto/league/nvamfcrdqvkwtnpgmzdh",1,NO,0,0,0,0,0,0,0,0,0,0,0,0,,0,,,0,0,0,0,0,0,,0,0,2,0,0,0,0,10,0,0,-1.37122827977873,0,0.0,0.08,0.0505050505050505,0.155353535353535,0,0.0,0.0
2023,REG+POST,00-0038685,C.Brooks,Chris Brooks,RB,RB,"https://static.www.nfl.com/image/upload/f_auto,q_auto/league/uuahiqarbpnfv8xlihlu",3,MIA,0,0,0,0,0,0,0,0,0,0,0,0,,0,,,19,106,0,0,0,2,-3.39220510114683,0,0,0,0,0,0,0,0,0,0,,0,,,,,0,10.6,10.6
2023,REG+POST,00-0038705,E.Demercado,Emari Demercado,RB,RB,"https://static.www.nfl.com/image/upload/f_auto,q_auto/league/pvd4nrkfpg8h1yamerrr",11,ARI,0,0,0,0,0,0,0,0,0,0,0,0,,0,,,58,284,2,0,0,12,-5.29673494500512,0,21,30,119,0,0,0,27,109,4,-14.9465063101843,0,4.40740740740741,0.0958466453674121,0.0117391304347826,0.151987359355466,0,52.3,73.3
2023,REG+POST,00-0038720,J.Hill,Julian Hill,TE,TE,"https://static.www.nfl.com/image/upload/f_auto,q_auto/league/ycrsps9cgsfkyppucwrr",6,MIA,0,0,0,0,0,0,0,0,0,0,0,0,,0,,,0,0,0,0,0,0,,0,6,9,48,0,1,1,29,30,2,-3.46632055769442,0,1.6551724137931,0.0459183673469388,0.0232,0.0851175510204082,0,2.8,8.8
2023,REG+POST,00-0038738,H.Luepke,Hunter Luepke,FB,RB,"https://static.www.nfl.com/image/upload/f_auto,q_auto/league/kutswlnzg4fefe7lpbd2",6,DAL,0,0,0,0,0,0,0,0,0,0,0,0,,0,,,6,19,1,0,0,5,4.6964431242086,0,3,4,18,0,0,0,-2,16,1,-1.23849394835997,0,-9.0,0.0272108843537415,-0.0018535681186283,0.0395188288475724,0,9.7,12.7
2023,REG+POST,00-0038752,J.Bobo,Jake Bobo,WR,WR,"https://static.www.nfl.com/image/upload/f_auto,q_auto/league/vf5wazbhc3u7x7vjhojq",14,SEA,0,0,0,0,0,0,0,0,0,0,0,0,,0,,,1,3,1,0,0,1,0.775604387134081,0,19,25,196,2,0,0,150,87,9,8.033546223538,0,1.30666666666667,0.0535331905781585,0.0475888324873096,0.113611968608354,0,37.9,56.9
2023,REG+POST,00-0038783,N.Adkins,Nate Adkins,TE,TE,"https://static.www.nfl.com/image/upload/f_auto,q_auto/league/zbvo4oy4twbharwpmsqv",4,DEN,0,0,0,0,0,0,0,0,0,0,0,0,,0,,,0,0,0,0,0,0,,0,4,5,22,0,0,0,-5,24,1,1.5452797129401,0,0.0,0.0442477876106195,-0.0073637702503681,0.0612170422406715,0,2.2,6.2
2023,REG+POST,00-0038794,J.McLaughlin,Jaleel McLaughlin,RB,RB,"https://static.www.nfl.com/image/upload/f_auto,q_auto/league/ndqnhudqtipzrnzslyla",17,DEN,0,0,0,0,0,0,0,0,0,0,0,0,,0,,,76,410,1,0,0,16,5.87916513410164,0,31,36,160,2,0,0,-140,290,5,1.97124671394542,0,-1.14285714285714,0.0997229916897507,-0.0603708495040966,0.107324892881758,0,75.0,106.0
2023,REG+POST,00-0038797,E.Wilson,Emanuel Wilson,RB,RB,"https://static.www.nfl.com/image/upload/f_auto,q_auto/league/hpscbhsmjocm8kmwfbuc",7,GB,0,0,0,0,0,0,0,0,0,0,0,0,,0,,,26,121,0,0,0,4,-2.25543230469339,0,5,6,34,0,0,0,-9,46,2,2.48581256196485,0,-3.77777777777778,0.0410958904109589,-0.0074937552039966,0.0563982069736407,0,15.5,20.5
2023,REG+POST,00-0038809,B.Sims,Ben Sims,TE,TE,"https://static.www.nfl.com/image/upload/f_auto,q_auto/league/mfl9febpyc8nk2abxcf2",7,GB,0,0,0,0,0,0,0,0,0,0,0,0,,0,,,0,0,0,0,0,0,,0,5,7,25,1,0,0,32,20,3,1.70607967901742,0,0.78125,0.0305676855895197,0.0237564959168523,0.0624810755260761,0,8.5,13.5
2023,REG+POST,00-0038821,R.Jarrett,Rakim Jarrett,WR,WR,"https://static.www.nfl.com/image/upload/f_auto,q_auto/league/mnbgtrdhyuofclpct6tl",6,TB,0,0,0,0,0,0,0,0,0,0,0,0,,0,,,1,0,0,0,0,0,-0.479814174177591,0,4,9,60,0,0,0,142,27,1,-1.14751283451915,0,0.422535211267606,0.0486486486486487,0.105497771173848,0.146821412794667,0,6.0,10.0
2023,REG+POST,00-0038862,E.Dotson,Elijah Dotson,RB,RB,"https://static.www.nfl.com/image/upload/f_auto,q_auto/league/yx9vzbdqe6khlgdanbk3",1,LAC,0,0,0,0,0,0,0,0,0,0,0,0,,0,,,4,6,0,0,0,0,-3.19679077283945,0,2,2,13,0,0,0,-1,14,0,0.376442842651159,0,-13.0,0.0512820512820513,-0.0024630541871921,0.0751989389920424,0,1.9,3.9
2023,REG+POST,00-0038891,S.Jackson,Shedrick Jackson,WR,WR,"https://static.www.nfl.com/image/upload/f_auto,q_auto/league/zh0yhuppve8b4dsgsix9",1,CIN,0,0,0,0,0,0,0,0,0,0,0,0,,0,,,0,0,0,0,0,0,,0,0,1,0,0,0,0,30,0,0,-0.856143947923556,0,0.0,0.032258064516129,0.120967741935484,0.133064516129032,0,0.0,0.0
2023,REG+POST,00-0038911,M.Cunningham,Malik Cunningham,WR,WR,"https://static.www.nfl.com/image/upload/f_auto,q_auto/league/vsuygoylrwmk6ng440jf",1,NE,0,0,0,0,0,1,5,0,0,0,0,0,-1.28537227399647,0,,,0,0,0,0,0,0,,0,0,0,0,0,0,0,0,0,0,,0,,,,,0,0.0,0.0
2023,REG+POST,00-0038933,D.Kincaid,Dalton Kincaid,TE,TE,"https://static.www.nfl.com/image/upload/f_auto,q_auto/league/rsimqxdfwlb1n9qd4w3g",18,BUF,0,0,0,0,0,0,0,0,0,0,0,0,,0,,,0,0,0,0,0,0,,0,81,102,777,3,1,1,636,358,34,17.5541418300832,0,1.22169811320755,0.174957118353345,0.130568671730651,0.353833747741473,0,93.7,174.7
2023,REG+POST,00-0038935,B.Strange,Brenton Strange,TE,TE,"https://static.www.nfl.com/image/private/f_auto,q_auto/league/trfk78mrfsafnbatyx2x",5,JAX,0,0,0,0,0,0,0,0,0,0,0,0,,0,,,0,0,0,0,0,0,,0,5,9,35,1,0,0,68,28,2,-0.461921395751558,0,0.514705882352941,0.0566037735849057,0.0579710144927536,0.125485370522286,0,9.5,14.5
2023,REG+POST,00-0038938,J.Hyatt,Jalin Hyatt,WR,WR,"https://static.www.nfl.com/image/private/f_auto,q_auto/league/ibftqfglvcqaipfdnr4f",13,NYG,0,0,0,0,0,0,0,0,0,0,0,0,,0,,,0,0,0,0,0,0,,0,23,40,373,0,1,0,841,48,11,3.0651579910464,0,0.443519619500595,0.104166666666667,0.284891598915989,0.355674119241192,0,37.3,60.3
2023,REG+POST,00-0038941,T.Scott,Tyler Scott,WR,WR,"https://static.www.nfl.com/image/upload/f_auto,q_auto/league/atxk3cex3cedv7drflrw",13,CHI,0,0,0,0,0,0,0,0,0,0,0,0,,0,,,7,41,0,0,0,2,0.259178570762742,0,17,32,168,0,1,1,370,70,10,-11.0538348869636,0,0.454054054054054,0.0949554896142433,0.149555375909458,0.247121997557986,0,18.9,35.9
2023,REG+POST,00-0038951,S.Tucker,Sean Tucker,RB,RB,"https://static.www.nfl.com/image/upload/f_auto,q_auto/league/pgc1uq4p5euuc9lkaphf",3,TB,0,0,0,0,0,0,0,0,0,0,0,0,,0,,,15,23,0,0,0,1,-6.20917500916403,0,2,2,9,0,0,0,-3,12,0,-0.171700917882845,0,-3.0,0.0625,-0.0125,0.085,0,3.2,5.2
2023,REG+POST,00-0038976,M.Mims,Marvin Mims Jr.,WR,WR,"https://static.www.nfl.com/image/upload/f_auto,q_auto/league/trvilnckw7nprw1gkghl",15,DEN,0,0,0,0,0,0,0,0,0,0,0,0,,0,,,9,30,0,0,0,2,-1.33484730974305,0,22,33,377,1,0,0,497,154,9,9.03245314614398,0,0.758551307847083,0.0776470588235294,0.162206266318538,0.230014974658271,1,52.7,74.7
2023,REG+POST,00-0038977,T.Dell,Tank Dell,WR,WR,"https://static.www.nfl.com/image/upload/f_auto,q_auto/league/tqxgovzlhxj0jnwkcvtq",10,HOU,0,0,0,0,0,1,1,0,0,0,0,0,-0.777416687400546,0,,,11,51,0,0,0,3,-0.155402226373553,0,47,75,709,7,0,0,1070,152,34,31.0222832701029,0,0.662616822429906,0.214899713467049,0.334688770722552,0.55663170970636,0,118.0,165.0
2023,REG+POST,00-0038979,C.Tillman,Cedric Tillman,WR,WR,"https://static.www.nfl.com/image/upload/f_auto,q_auto/league/fp371fgk45btt01uvucq",11,CLE,0,0,0,0,0,0,0,0,0,0,0,0,,0,,,1,8,0,0,0,0,0.234092467464507,0,21,44,224,0,0,0,468,88,12,-26.5160423246959,0,0.478632478632479,0.110275689223058,0.140878988561108,0.264028825827362,0,23.2,44.2
2023,REG+POST,00-0038994,J.Addison,Jordan Addison,WR,WR,"https://static.www.nfl.com/image/upload/f_auto,q_auto/league/tmyckmignrvy8truccwm",17,MIN,0,0,0,0,0,0,0,0,0,0,0,0,,0,,,1,2,0,0,0,0,-0.410606599703897,0,70,108,911,10,0,0,1347,262,38,26.0986823215143,0,0.676317743132888,0.178217821782178,0.279808890735355,0.463192956188016,0,151.3,221.3
2023,REG+POST,00-0038996,T.Kraft,Tucker Kraft,TE,TE,"https://static.www.nfl.com/image/upload/f_auto,q_auto/league/klrmgekdzx1ywjjmixp7",12,GB,0,0,0,0,0,0,0,0,0,0,0,0,,0,,,0,0,0,0,0,0,,0,36,49,379,3,0,0,182,248,20,13.5446810918861,0,2.08241758241758,0.124365482233503,0.0568217296284733,0.226323434090185,0,55.9,91.9
2023,REG+POST,00-0038997,J.Downs,Josh Downs,WR,WR,"https://static.www.nfl.com/image/upload/f_auto,q_auto/league/zue2xxvfrignllqlhagu",17,IND,0,0,0,0,0,0,0,0,0,0,0,0,,0,,,0,0,0,0,0,0,,0,68,98,771,2,0,0,707,371,30,26.5076010227959,0,1.09052333804809,0.17948717948718,0.172270955165692,0.389820437846754,0,89.1,157.1
2023,REG+POST,00-0039021,R.Johnson,Roschon Johnson,RB,RB,"https://static.www.nfl.com/image/upload/f_auto,q_auto/league/skajjk8i3zdrvzqmucww",15,CHI,0,0,0,0,0,0,0,0,0,0,0,0,,0,,,81,352,2,1,0,16,-6.61616354286162,0,34,40,209,0,0,0,-33,247,6,-6.06627508539603,0,-6.33333333333333,0.120845921450151,-0.0136138613861386,0.17173917920493,0,68.1,102.1
2023,REG+POST,00-0039032,T.Spears,Tyjae Spears,RB,RB,"https://static.www.nfl.com/image/upload/f_auto,q_auto/league/qb4us1f96uox7v3poxzj",17,TEN,0,0,0,0,0,0,0,0,0,0,0,0,,0,,,100,453,2,0,0,24,-0.736231872569715,0,52,70,385,1,1,0,-12,460,17,-1.36095726210109,0,-32.0833333333333,0.146443514644351,-0.0029126213592233,0.217626437015071,0,101.8,153.8
2023,REG+POST,00-0039040,D.Achane,De'Von Achane,RB,RB,"https://static.www.nfl.com/image/upload/f_auto,q_auto/league/zqfkz3hbyurjcwhw7xoi",12,MIA,0,0,0,0,0,1,6,0,0,0,0,0,-1.43372882343829,0,,,109,809,8,1,1,31,32.3529554097063,0,30,43,218,3,0,0,16,288,11,0.404274540805569,0,13.625,0.11436170212766,0.0056737588652482,0.175514184397163,0,166.7,196.7
2023,REG+POST,00-0039041,E.Higgins,Elijah Higgins,TE,TE,"https://static.www.nfl.com/image/upload/f_auto,q_auto/league/sodpdh4uhbhzjxbnmao1",9,ARI,0,0,0,0,0,0,0,0,0,0,0,0,,0,,,0,0,0,0,0,0,,0,14,19,163,1,0,0,128,67,9,10.2362891270604,0,1.2734375,0.064406779661017,0.0680489101541733,0.144244406599447,0,22.3,36.3
2023,REG+POST,00-0039050,P.Durham,Payne Durham,TE,TE,"https://static.www.nfl.com/image/upload/f_auto,q_auto/league/vrdqb2si9rpshhy51liq",7,TB,0,0,0,0,0,0,0,0,0,0,0,0,,0,,,0,0,0,0,0,0,,0,6,8,76,0,0,0,76,27,4,4.80047061515506,0,1.0,0.0307692307692308,0.0359508041627247,0.0713194090677534,0,7.6,13.6
2023,REG+POST,00-0039052,T.Palmer,Trey Palmer,WR,WR,"https://static.www.nfl.com/image/upload/f_auto,q_auto/league/zv0wdsdctgf2zw2ctumy",19,TB,0,0,0,0,0,0,0,0,0,0,0,0,,0,,,4,31,0,0,0,1,1.84043501853012,0,42,72,473,4,3,1,774,163,19,-3.81909793486452,0,0.611111111111111,0.115384615384615,0.144998126639191,0.274575611724357,0,72.4,114.4
2023,REG+POST,00-0039062,J.Mingo,Jonathan Mingo,WR,WR,"https://static.www.nfl.com/image/upload/f_auto,q_auto/league/slc08tcccvtyqr61dtkd",15,CAR,0,0,0,0,0,0,0,0,0,0,0,0,,0,,,0,0,0,0,0,0,,0,43,85,418,0,1,0,921,155,15,-24.6459438826527,0,0.45385450597177,0.175257731958763,0.238292367399741,0.429691255117963,0,41.8,84.8
2023,REG+POST,00-0039064,Z.Flowers,Zay Flowers,WR,WR,"https://static.www.nfl.com/image/upload/f_auto,q_auto/league/oidhqwg0fjvanyk57nc1",18,BAL,0,0,0,0,0,0,0,0,0,0,0,0,,0,,,10,60,1,0,0,1,3.45718347479124,0,86,121,1014,6,1,1,1053,435,47,28.906112076695,1,0.962962962962963,0.23960396039604,0.239644970414201,0.527157419884,0,149.4,235.4
2023,REG+POST,00-0039065,S.LaPorta,Sam LaPorta,TE,TE,"https://static.www.nfl.com/image/upload/f_auto,q_auto/league/ucw8cfj5t5nwkx670wzu",20,DET,0,0,0,0,0,0,0,0,0,0,0,0,,0,,,1,4,0,0,0,0,0.133189848565962,0,107,147,1065,11,0,0,1021,453,59,47.4685912712348,2,1.04309500489716,0.215542521994135,0.213063439065109,0.472458190336778,0,176.9,283.9
2023,REG+POST,00-0039066,M.Mayer,Michael Mayer,TE,TE,"https://static.www.nfl.com/image/upload/f_auto,q_auto/league/rmc4igjgu5za2va8rfe1",12,LV,0,0,0,0,0,0,0,0,0,0,0,0,,0,,,0,0,0,0,0,0,,0,27,40,304,2,0,0,227,164,19,16.7243883694555,1,1.33920704845815,0.106666666666667,0.0812455261274159,0.216871868289191,0,44.4,71.4
2023,REG+POST,00-0039067,R.Rice,Rashee Rice,WR,WR,"https://static.www.nfl.com/image/private/f_auto,q_auto/league/zjgi60dvmj5ogvanp201",20,KC,0,0,0,0,0,0,0,0,0,0,0,0,,0,,,3,2,0,1,0,1,-1.89047372277128,0,105,135,1200,8,3,1,616,849,59,57.2351853855867,0,1.94805194805195,0.19203413940256,0.132359260850881,0.380702691699457,0,166.2,271.2
2023,REG+POST,00-0039074,D.Allen,Davis Allen,TE,TE,"https://static.www.nfl.com/image/upload/f_auto,q_auto/league/ihbec16pwn2ki5woyr4m",5,LA,0,0,0,0,0,0,0,0,0,0,0,0,,0,,,0,0,0,0,0,0,,0,12,13,123,1,0,0,33,93,8,12.1830864286167,0,3.72727272727273,0.0817610062893082,0.0326086956521739,0.145467596390484,0,18.3,30.3
2023,REG+POST,00-0039075,P.Nacua,Puka Nacua,WR,WR,"https://static.www.nfl.com/image/upload/f_auto,q_auto/league/i1pmrhua5gpvwgsqphxa",18,LA,0,0,0,0,0,0,0,0,0,0,0,0,,0,,,13,87,0,1,0,5,2.7534642550454,0,114,170,1667,7,1,0,1549,742,74,82.4127985935641,0,1.07617817947063,0.288624787775891,0.331833761782348,0.665220814911481,0,217.4,331.4
2023,REG+POST,00-0039136,Z.Evans,Zach Evans,RB,RB,"https://static.www.nfl.com/image/upload/f_auto,q_auto/league/i2hxbdi464do6jaxgpua",4,LA,0,0,0,0,0,0,0,0,0,0,0,0,,0,,,9,19,0,0,0,0,-5.21281556869527,0,0,0,0,0,0,0,0,0,0,,0,,,,,0,1.9,1.9
2023,REG+POST,00-0039139,J.Gibbs,Jahmyr Gibbs,RB,RB,"https://static.www.nfl.com/image/upload/f_auto,q_auto/league/f5y3osxxtov5rgfv4ra5",18,DET,0,0,0,0,0,0,0,0,0,0,0,0,,0,,,211,1089,13,3,2,50,-5.90829683736763,0,63,85,410,1,0,0,12,427,24,-11.0256931429573,0,34.1666666666667,0.138436482084691,0.0027643400138217,0.209589761136711,0,229.9,292.9
2023,REG+POST,00-0039144,L.Musgrave,Luke Musgrave,TE,TE,"https://static.www.nfl.com/image/upload/f_auto,q_auto/league/mn9nugrtq8kb8sysrvne",13,GB,0,0,0,0,0,0,0,0,0,0,0,0,,0,,,0,0,0,0,0,0,,0,40,53,418,2,0,0,403,198,19,18.5600432265792,0,1.03722084367246,0.127403846153846,0.110958149779736,0.268776474076584,0,53.8,93.8
2023,REG+POST,00-0039146,J.Reed,Jayden Reed,WR,WR,"https://static.www.nfl.com/image/upload/f_auto,q_auto/league/blh2tfg9qjthqo2g6ot4",18,GB,0,0,0,0,0,0,0,0,0,0,0,0,,0,,,12,128,2,0,0,6,6.40259216330014,0,68,101,828,8,0,0,1011,355,33,30.9588661784994,1,0.818991097922849,0.171477079796265,0.201917315757939,0.398557740724955,0,157.6,225.6
2023,REG+POST,00-0039150,B.Young,Bryce Young,QB,QB,"https://static.www.nfl.com/image/upload/f_auto,q_auto/league/gdmtmmviwadpobyjogal",16,CAR,315,527,2877,11,10,62,477,9,6,4009,1300,133,-160.326441874737,1,0.71763532052881,0.0161795334608063,39,253,0,2,0,18,21.6162995195758,1,0,0,0,0,0,0,0,0,0,,0,,,,,0,156.38,156.38
2023,REG+POST,00-0039152,W.Levis,Will Levis,QB,QB,"https://static.www.nfl.com/image/upload/f_auto,q_auto/league/vr01ufscgtoagtuut9o4",9,TEN,149,255,1808,8,4,28,185,5,2,2688,746,81,-13.8864908396109,1,0.672619047619048,0.0395625269912618,25,57,1,2,2,7,-9.42832683457527,0,0,0,0,0,0,0,0,0,0,,0,,,,,0,102.02,102.02
2023,REG+POST,00-0039163,C.Stroud,C.J. Stroud,QB,QB,"https://static.www.nfl.com/image/upload/f_auto,q_auto/league/fbk2eqpo54lawppgetjn",17,HOU,354,553,4557,26,5,38,331,6,3,4908,2012,206,74.9726422020869,0,0.928484107579462,0.0961097378552624,43,167,3,2,1,17,4.4607069597272,1,1,1,0,0,0,0,-1,1,0,-0.873243719805032,0,0.0,0.0232558139534884,-0.0038461538461538,0.0321914132379249,0,304.98,305.98
2023,REG+POST,00-0039164,A.Richardson,Anthony Richardson,QB,QB,"https://static.www.nfl.com/image/upload/f_auto,q_auto/league/areyvihumylqo7y2ehk2",4,IND,50,84,577,3,1,7,29,1,0,676,297,31,4.58779128707211,2,0.853550295857988,0.0229827375212158,25,136,4,2,1,8,0.430104339262471,0,0,0,0,0,0,0,0,0,0,,0,,,,,0,72.68,72.68
2023,REG+POST,00-0039165,Z.Charbonnet,Zach Charbonnet,RB,RB,"https://static.www.nfl.com/image/upload/f_auto,q_auto/league/eaaj5vbfmk08wvwelyqt",16,SEA,0,0,0,0,0,0,0,0,0,0,0,0,,0,,,108,462,1,0,0,32,-7.12166702465278,0,33,40,209,0,0,0,-41,248,7,-4.69321138452782,0,-5.09756097560976,0.0801603206412826,-0.0117782246480896,0.111995723708261,0,73.1,106.1
2024,REG,00-0023459,A.Rodgers,Aaron Rodgers,QB,QB,"https://static.www.nfl.com/image/upload/f_auto,q_auto/league/jdcb4nomlc4rd6k5l6to",17,NYJ,368,584,3897,28,11,40,302,5,2,4014,2119,192,10.1309934533945,2,0.97085201793722,0.059078219903249,22,107,0,0,0,7,4.28056435993379,0,0,0,0,0,0,0,0,0,0,,0,,,,,0,256.58,256.58
2024,REG,00-0024243,M.Lewis,Marcedes Lewis,TE,TE,"https://static.www.nfl.com/image/private/f_auto,q_auto/league/ppq07tipygpftz5csipx",1,CHI,0,0,0,0,0,0,0,0,0,0,0,0,,0,,,0,0,0,0,0,0,,0,1,1,2,0,0,0,1,1,1,0.0646047429181635,0,2.0,0.0384615384615385,0.0097087378640776,0.0644884241971621,0,0.2,1.2
2024,REG,00-0026158,J.Flacco,Joe Flacco,QB,QB,"https://static.www.nfl.com/image/upload/f_auto,q_auto/league/yxvyoeojkif7tnfviamc",7,IND,162,248,1761,12,7,18,123,3,3,2215,651,87,2.99938587216687,0,0.795033860045147,0.0801539626553393,9,26,0,1,1,2,-7.00213673635153,0,0,0,0,0,0,0,0,0,0,,0,,,,,0,99.04,99.04
2024,REG,00-0026300,J.Johnson,Josh Johnson,QB,QB,"https://static.www.nfl.com/image/upload/f_auto,q_auto/league/gbaye18gptzb1jpyswv8",4,BAL,2,3,17,0,0,1,5,0,0,53,2,1,-1.80973551096395,0,0.320754716981132,,4,1,0,0,0,0,-3.56283131003147,0,0,0,0,0,0,0,0,0,0,,0,,,,,0,0.78,0.78
2024,REG,00-0026498,M.Stafford,Matthew Stafford,QB,QB,"https://static.www.nfl.com/image/upload/f_auto,q_auto/league/xdlnnbapdbk8trxqlasu",16,LA,340,517,3762,20,8,28,213,4,2,3869,1726,176,34.734750099594,0,0.972344275006462,0.0868955005466832,30,41,0,2,0,10,-3.01184265889613,0,0,0,0,0,0,0,0,0,0,,0,,,,,0,214.58,214.58
2024,REG,00-0027973,A.Dalton,Andy Dalton,QB,QB,"https://static.www.nfl.com/image/upload/f_auto,q_auto/league/az1zo7fl2tozg50tgs0d",6,CAR,106,160,989,7,6,7,37,1,0,1062,459,50,-18.0958913262782,0,0.931261770244821,0.0282681455905481,11,34,0,0,0,2,-3.43167459384309,0,0,0,0,0,0,0,0,0,0,,0,,,,,0,58.96,58.96
2024,REG,00-0028118,T.Taylor,Tyrod Taylor,QB,QB,"https://static.www.nfl.com/image/upload/f_auto,q_auto/league/xk8e04jdsvigd6fky3uy",2,NYJ,17,22,119,3,0,0,0,0,0,88,68,9,11.9040861275571,1,1.35227272727273,0.274118107686231,3,13,0,1,0,0,-0.676485965115717,0,0,0,0,0,0,0,0,0,0,,0,,,,,0,20.06,20.06
2024,REG,00-0028872,J.Hekker,Johnny Hekker,P,SPEC,"https://static.www.nfl.com/image/upload/f_auto,q_auto/league/bcl8kjfwubicyywpxfny",2,CAR,0,2,0,0,0,0,0,0,0,28,0,0,-5.7120347302407,0,0.0,,0,0,0,0,0,0,,0,0,0,0,0,0,0,0,0,0,,0,,,,,0,0.0,0.0
2024,REG,00-0028899,R.McLeod,Rodney McLeod,FS,DB,"https://static.www.nfl.com/image/upload/f_auto,q_auto/league/ettne7rdpnkozuyhx8be",1,CLE,0,0,0,0,0,0,0,0,0,0,0,0,,0,,,0,0,0,0,0,0,,0,0,0,0,0,0,0,0,0,0,,0,,,,,1,6.0,6.0
2024,REG,00-0029263,R.Wilson,Russell Wilson,QB,QB,"https://static.www.nfl.com/image/upload/f_auto,q_auto/league/u36rhg0md8ey3b4khbre",11,PIT,214,336,2482,16,5,33,219,3,2,2668,1122,112,-0.964512999121598,0,0.930284857571214,0.0837515028379847,43,155,2,2,2,16,-7.59418953425484,0,0,0,0,0,0,0,0,0,0,,0,,,,,0,172.78,172.78
2024,REG,00-0029604,K.Cousins,Kirk Cousins,QB,QB,"https://static.www.nfl.com/image/upload/f_auto,q_auto/league/yt6n07jezvfmcsoq0j13",14,ATL,303,453,3508,18,16,28,201,7,2,3374,1687,163,22.0813880221903,0,1.03971547125074,0.0840490366894471,23,0,0,5,0,2,-16.7720963966299,0,0,0,0,0,0,0,0,0,0,,0,,,,,0,176.32,176.32
2024,REG,00-0029692,B.Anger,Bryan Anger,P,SPEC,"https://static.www.nfl.com/image/upload/f_auto,q_auto/league/kx1m6byniti4tkeiwkqk",2,DAL,1,2,4,0,0,0,0,0,0,11,0,0,-5.68702280893922,0,0.363636363636364,,0,0,0,0,0,0,,0,0,0,0,0,0,0,0,0,0,,0,,,,,0,0.16,0.16
2024,REG,00-0029892,K.Juszczyk,Kyle Juszczyk,FB,RB,"https://static.www.nfl.com/image/upload/f_auto,q_auto/league/mfhpygabawkeioplae7a",14,SF,0,0,0,0,0,0,0,0,0,0,0,0,,0,,,5,26,1,1,1,1,-7.29005043319194,0,19,31,200,2,0,0,193,93,8,-0.0847567623614611,0,1.03626943005181,0.0776942355889724,0.0563997662185856,0.156021189736469,0,38.6,57.6
2024,REG,00-0030035,A.Thielen,Adam Thielen,WR,WR,"https://static.www.nfl.com/image/upload/f_auto,q_auto/league/pxehgo0l9xl03n7dronf",10,CAR,0,0,0,0,0,0,0,0,0,0,0,0,,0,,,0,0,0,0,0,0,,0,48,62,615,5,0,0,692,152,28,40.4290831937767,0,0.888728323699422,0.201954397394137,0.258691588785047,0.484015708240738,0,91.5,139.5
2024,REG,00-0030061,Z.Ertz,Zach Ertz,TE,TE,"https://static.www.nfl.com/image/upload/f_auto,q_auto/league/xktmmeumuoglbuam75iz",17,WAS,0,0,0,0,0,0,0,0,0,0,0,0,,0,,,0,0,0,0,0,0,,0,66,91,654,7,1,0,686,187,38,28.8765414755123,2,0.9533527696793,0.180555555555556,0.177215189873418,0.394883966244726,0,111.4,177.4
2024,REG,00-0030279,K.Allen,Keenan Allen,WR,WR,"https://static.www.nfl.com/image/upload/f_auto,q_auto/league/lngo1onvkcqjnq7ozkuu",15,CHI,0,1,0,0,1,0,0,0,0,14,0,0,-5.9111632690765,0,0.0,,0,0,0,0,0,0,,0,70,121,744,7,1,0,1115,240,43,23.1648398955505,0,0.667264573991031,0.272522522522523,0.326596367896895,0.63740124131161,0,114.4,184.4
2024,REG,00-0030431,R.Woods,Robert Woods,WR,WR,"https://static.www.nfl.com/image/upload/f_auto,q_auto/league/ydjg5fylwkf5aaxiul6v",12,HOU,0,0,0,0,0,0,0,0,0,0,0,0,,0,,,0,0,0,0,0,0,,0,20,30,203,0,3,1,284,73,12,0.984630996966449,0,0.714788732394366,0.0755667506297229,0.0858524788391778,0.173446861132009,0,18.3,38.3
2024,REG,00-0030506,T.Kelce,Travis Kelce,TE,TE,"https://static.www.nfl.com/image/upload/f_auto,q_auto/league/ilk4qbxxs6mt3v9zfvtg",16,KC,0,0,0,0,0,0,0,0,0,0,0,0,,0,,,1,1,0,0,0,0,-0.092226896143984,0,97,133,823,3,2,1,883,341,46,21.5737508757727,0,0.932049830124575,0.23963963963964,0.248103399831413,0.533131839341449,0,98.4,195.4
2024,REG,00-0030564,D.Hopkins,DeAndre Hopkins,WR,WR,"https://static.www.nfl.com/image/upload/f_auto,q_auto/league/viymeohipdn0voptrkzh",16,KC,0,0,0,0,0,0,0,0,0,0,0,0,,0,,,0,0,0,0,0,0,,0,56,80,610,5,1,0,896,109,35,19.2092259642362,0,0.680803571428571,0.144665461121157,0.229861467419189,0.377901218875169,0,91.0,147.0
2024,REG,00-0030565,G.Smith,Geno Smith,QB,QB,"https://static.www.nfl.com/image/upload/f_auto,q_auto/league/izkm5yyxybb5uy5dkcgf",17,SEA,407,578,4320,21,15,50,338,4,0,3996,2181,209,24.5940963877961,0,1.08108108108108,0.109732391360429,53,272,2,4,0,17,1.24131504906109,0,0,0,0,0,0,0,0,0,0,,0,,,,,0,266.0,266.0
2024,REG,00-0030578,C.Patterson,Cordarrelle Patterson,RB,RB,"https://static.www.nfl.com/image/upload/f_auto,q_auto/league/jktdrwmujfuqp94csnav",13,PIT,0,0,0,0,0,0,0,0,0,0,0,0,,0,,,32,135,0,1,1,7,-7.84534724344177,0,12,14,80,1,0,0,42,56,5,-3.48669291491387,0,1.9047619047619,0.0693069306930693,0.0319391634980989,0.126317810488273,0,25.5,37.5
2024,REG,00-0031235,O.Beckham,Odell Beckham,WR,WR,"https://static.www.nfl.com/image/upload/f_auto,q_auto/league/ffmalg3wr7lwnsz59i7v",8,MIA,0,0,0,0,0,0,0,0,0,0,0,0,,0,,,0,0,0,0,0,0,,0,9,19,55,0,0,0,164,14,3,-11.2804725862304,0,0.335365853658537,0.0693430656934307,0.112098427887902,0.182483498061677,0,5.5,14.5
2024,REG,00-0031236,B.Cooks,Brandin Cooks,WR,WR,"https://static.www.nfl.com/image/upload/f_auto,q_auto/league/pjoksfxpbba4hevwpuop",10,DAL,0,0,0,0,0,0,0,0,0,0,0,0,,0,,,3,-3,0,0,0,0,-2.82046763750259,0,26,54,259,3,0,0,634,55,19,-11.1227662865669,0,0.408517350157729,0.159763313609467,0.243752402921953,0.410271652459568,0,43.6,69.6
2024,REG,00-0031280,D.Carr,Derek Carr,QB,QB,"https://static.www.nfl.com/image/upload/f_auto,q_auto/league/qsz1pyrlu6bmvby6maaf",10,NO,189,279,2145,15,5,8,48,2,0,2178,1087,93,48.410375113159,1,0.984848484848485,0.122220041244703,17,71,1,1,0,4,-1.09444993169745,0,0,0,0,0,0,0,0,0,0,,0,,,,,0,150.9,150.9
2024,REG,00-0031299,J.Matthews,Jordan Matthews,TE,TE,"https://static.www.nfl.com/image/upload/f_auto,q_auto/league/b9rddikwsnwmfh9girgn",1,CAR,0,0,0,0,0,0,0,0,0,0,0,0,,0,,,0,0,0,0,0,0,,0,0,1,0,0,0,0,16,0,0,-0.581935274414718,0,0.0,0.0344827586206897,0.0454545454545455,0.0835423197492163,0,0.0,0.0
2024,REG,00-0031345,J.Garoppolo,Jimmy Garoppolo,QB,QB,"https://static.www.nfl.com/image/upload/f_auto,q_auto/league/lbyjizqecoq4onrgectw",1,LA,27,41,334,2,1,3,15,0,0,221,232,16,3.02463218411804,0,1.51131221719457,0.0357131548142017,2,5,0,0,0,0,-1.98857976053841,0,0,0,0,0,0,0,0,0,0,,0,,,,,0,19.86,19.86
2024,REG,00-0031357,C.Goodwin,C.J. Goodwin,CB,DB,"https://static.www.nfl.com/image/upload/f_auto,q_auto/league/tcfvwabfull325uyjta1",1,DAL,0,0,0,0,0,0,0,0,0,0,0,0,,0,,,0,0,0,0,0,0,,0,0,1,0,0,0,0,7,0,0,-2.97731648164336,0,0.0,0.0208333333333333,0.0235690235690236,0.0477483164983165,0,0.0,0.0
2024,REG,00-0031381,D.Adams,Davante Adams,WR,WR,"https://static.www.nfl.com/image/upload/f_auto,q_auto/league/jweoujpjv9u2a8k7wnos",14,NYJ,0,0,0,0,0,0,0,0,0,0,0,0,,0,,,0,0,0,0,0,0,,0,85,141,1063,8,0,0,1172,473,49,19.6790247390024,1,0.906996587030717,0.294979079497908,0.37444089456869,0.704577245444945,0,156.3,241.3
2024,REG,00-0031408,M.Evans,Mike Evans,WR,WR,"https://static.www.nfl.com/image/upload/f_auto,q_auto/league/vfsaie1uiokfczwv9p4d",14,TB,0,0,0,0,0,0,0,0,0,0,0,0,,0,,,0,0,0,0,0,0,,0,74,110,1004,11,0,0,1274,226,53,38.5256073476458,0,0.78806907378336,0.240700218818381,0.391277641277641,0.63494467712192,0,166.4,240.4
2024,REG,00-0031428,A.Robinson,Allen Robinson,WR,WR,"https://static.www.nfl.com/image/upload/f_auto,q_auto/league/fyukft9lraurbsq0laom",6,DET,0,0,0,0,0,0,0,0,0,0,0,0,,0,,,0,0,0,0,0,0,,0,3,7,30,0,0,0,51,4,3,1.33749401090005,0,0.588235294117647,0.0382513661202186,0.041429731925264,0.0863778615280127,0,3.0,6.0
2024,REG,00-0031484,C.Manhertz,Chris Manhertz,TE,TE,"https://static.www.nfl.com/image/upload/f_auto,q_auto/league/edzj1uojuh7octginx1e",4,NYG,0,0,0,0,0,0,0,0,0,0,0,0,,0,,,0,0,0,0,0,0,,0,3,4,30,1,0,0,15,19,2,2.54974747763481,0,2.0,0.0353982300884956,0.0183150183150183,0.0659178579532562,0,9.0,12.0
2024,REG,00-0031503,J.Winston,Jameis Winston,QB,QB,"https://static.www.nfl.com/image/upload/f_auto,q_auto/league/chdeosreuupotgq0eqlm",11,CLE,181,296,2121,13,12,24,130,5,2,2640,765,103,-26.8449569391746,4,0.803409090909091,0.0474464476320873,25,83,1,0,0,17,16.7026754478575,0,0,0,0,0,0,0,0,0,0,,0,,,,,0,131.14,131.14
2024,REG,00-0031544,A.Cooper,Amari Cooper,WR,WR,"https://static.www.nfl.com/image/upload/f_auto,q_auto/league/zmtzqznqui37unmo5xv9",13,BUF,0,0,0,0,0,0,0,0,0,0,0,0,,0,,,0,0,0,0,0,0,,0,44,85,547,4,0,0,1161,111,24,6.90682308457316,0,0.47114556416882,0.209876543209877,0.355698529411765,0.56380378540305,0,78.7,122.7
2024,REG,00-0031549,N.Agholor,Nelson Agholor,WR,WR,"https://static.www.nfl.com/image/upload/f_auto,q_auto/league/wyxfkarcjgqdz3pl8nnr",13,BAL,0,0,0,0,0,0,0,0,0,0,0,0,,0,,,0,0,0,0,0,0,,0,14,29,231,2,0,0,387,85,10,7.09026324288536,0,0.596899224806202,0.0790190735694823,0.122390891840607,0.204202234642648,0,35.1,49.1
2024,REG,00-0031585,M.Pruitt,MyCole Pruitt,TE,TE,"https://static.www.nfl.com/image/upload/f_auto,q_auto/league/jazo8egu5luwyxxcpjh8",6,PIT,0,0,0,0,0,0,0,0,0,0,0,0,,0,,,0,0,0,0,0,0,,0,6,10,40,1,0,0,33,16,2,-8.00059991175834,0,1.21212121212121,0.062111801242236,0.0253067484662577,0.110882425789734,0,10.0,16.0
2024,REG,00-0031588,S.Diggs,Stefon Diggs,WR,WR,"https://static.www.nfl.com/image/upload/f_auto,q_auto/league/to2qwuffjnjlouctglsl",8,HOU,1,1,13,0,0,0,0,0,0,-4,17,1,2.76291913574096,0,0.0,,3,8,1,0,0,1,0.630191695468966,0,47,64,496,3,0,0,556,185,31,18.0810690174737,0,0.892086330935252,0.238805970149254,0.283528811830699,0.55667912350537,0,74.92,121.92
2024,REG,00-0031595,M.Burton,Michael Burton,FB,RB,"https://static.www.nfl.com/image/upload/f_auto,q_auto/league/edfaq7s9wuzedbfcarrp",11,DEN,0,0,0,0,0,0,0,0,0,0,0,0,,0,,,7,8,1,0,0,3,-1.04447184063611,0,10,10,65,1,0,0,24,41,3,4.4116564282449,0,2.70833333333333,0.0364963503649635,0.0148606811145511,0.065147002327631,0,19.3,29.3
2024,REG,00-0031687,R.Mostert,Raheem Mostert,RB,RB,"https://static.www.nfl.com/image/upload/f_auto,q_auto/league/ayii5q2am51xeipp1h8v",12,MIA,0,0,0,0,0,0,0,0,0,0,0,0,,0,,,85,278,2,2,2,13,-30.1994221058003,0,19,23,161,0,0,0,14,146,10,11.9927581063918,0,11.5,0.0676470588235294,0.0068459657701711,0.106262764274414,0,51.9,70.9
2024,REG,00-0031690,E.Tomlinson,Eric Tomlinson,TE,TE,"https://static.www.nfl.com/image/upload/f_auto,q_auto/league/i2n4shhc4sprxbsbhfcy",4,LAC,0,0,0,0,0,0,0,0,0,0,0,0,,0,,,0,0,0,0,0,0,,0,2,4,9,0,0,0,8,12,0,-1.82713368651678,0,1.125,0.0357142857142857,0.011444921316166,0.0615828734927447,0,0.9,2.9
2024,REG,00-0031763,D.Carter,DeAndre Carter,WR,WR,"https://static.www.nfl.com/image/private/f_auto,q_auto/league/mh4cvggohuakwwhobzrk",5,CHI,0,0,0,0,0,0,0,0,0,0,0,0,,0,,,0,0,0,0,0,0,,0,9,14,72,0,0,0,155,32,3,-4.03774828871246,0,0.464516129032258,0.0886075949367089,0.109463276836158,0.209535686190374,0,7.2,16.2
2024,REG,00-0031800,T.Heinicke,Taylor Heinicke,QB,QB,"https://static.www.nfl.com/image/upload/f_auto,q_auto/league/fz9e0aufjyyo5raclwji",4,LAC,3,5,28,0,0,3,28,0,0,32,9,1,-5.95559958711965,0,0.875,-0.022387153592899,2,20,0,0,0,1,0.448356817476451,0,0,0,0,0,0,0,0,0,0,,0,,,,,0,3.12,3.12
2024,REG,00-0031941,J.Crowder,Jamison Crowder,WR,WR,"https://static.www.nfl.com/image/upload/f_auto,q_auto/league/rfysbrjrvfdr72cx8who",4,WAS,0,0,0,0,0,0,0,0,0,0,0,0,,0,,,0,0,0,0,0,0,,0,9,13,72,2,0,0,108,11,4,2.07360224919997,0,0.666666666666667,0.103174603174603,0.118032786885246,0.237384855581577,0,19.2,28.2
2024,REG,00-0032104,A.Abdullah,Ameer Abdullah,RB,RB,"https://static.www.nfl.com/image/upload/f_auto,q_auto/league/atwi5p12mlgnsl4y8cgt",13,LV,0,0,0,0,0,0,0,0,0,0,0,0,,0,,,66,311,2,1,1,14,-7.58153822137156,0,40,47,261,3,0,0,31,252,16,11.8528834927293,0,8.41935483870968,0.100642398286938,0.0095915841584158,0.157677706341298,0,85.2,125.2
2024,REG,00-0032128,C.Conley,Chris Conley,WR,WR,"https://static.www.nfl.com/image/upload/f_auto,q_auto/league/mr4h7vx02uwpr7xlfk6y",7,SF,0,0,0,0,0,0,0,0,0,0,0,0,,0,,,0,0,0,0,0,0,,0,6,12,76,0,0,0,207,19,3,-1.89391662296839,0,0.367149758454106,0.0540540540540541,0.102475247524752,0.152813754348408,0,7.6,13.6
2024,REG,00-0032141,G.Swaim,Geoff Swaim,TE,TE,"https://static.www.nfl.com/image/upload/f_auto,q_auto/league/kecuhwgbqvlqt6gb0dz6",1,CLE,0,0,0,0,0,0,0,0,0,0,0,0,,0,,,0,0,0,0,0,0,,0,1,1,7,0,0,0,2,5,0,0.31169758993201,0,3.5,0.024390243902439,0.0048661800486618,0.0399916918877218,0,0.7,1.7
2024,REG,00-0032211,T.Lockett,Tyler Lockett,WR,WR,"https://static.www.nfl.com/image/upload/f_auto,q_auto/league/yz9p4pfwr0iyakhnwj4z",17,SEA,0,0,0,0,0,0,0,0,0,0,0,0,,0,,,0,0,0,0,0,0,,0,49,74,600,2,0,0,783,134,36,12.3036886070825,0,0.766283524904215,0.130052724077329,0.193811881188119,0.330747402947676,0,72.0,121.0
2024,REG,00-0032268,M.Mariota,Marcus Mariota,QB,QB,"https://static.www.nfl.com/image/upload/f_auto,q_auto/league/b9ribxqudeehvmjlw0va",3,WAS,34,44,364,4,0,3,29,0,0,408,107,22,19.8133516262931,0,0.892156862745098,0.282787711247664,18,92,1,1,0,6,3.52610799824831,0,0,0,0,0,0,0,0,0,0,,0,,,,,0,45.76,45.76
2024,REG,00-0032381,T.Decker,Taylor Decker,T,OL,"https://static.www.nfl.com/image/upload/f_auto,q_auto/league/xg3blm0zbnyigvjs1yj5",1,DET,0,0,0,0,0,0,0,0,0,0,0,0,,0,,,0,0,0,0,0,0,,0,0,1,0,0,0,0,2,0,0,-0.367620860051829,0,0.0,0.037037037037037,0.0075187969924812,0.0608187134502924,0,0.0,0.0
2024,REG,00-0032385,S.Shepard,Sterling Shepard,WR,WR,"https://static.www.nfl.com/image/upload/f_auto,q_auto/league/dphqvpkeselgrselrvma",13,TB,0,0,0,0,0,0,0,0,0,0,0,0,,0,,,8,69,0,0,0,4,2.70103057916276,0,32,51,334,1,0,0,473,99,16,14.5654279738549,1,0.706131078224102,0.113333333333333,0.147904940587867,0.273533458411507,0,48.3,80.3
2024,REG,00-0032392,A.Hooper,Austin Hooper,TE,TE,"https://static.www.nfl.com/image/upload/f_auto,q_auto/league/hj0ybtjspne3t1cso961",17,NE,0,0,0,0,0,0,0,0,0,0,0,0,,0,,,0,0,0,0,0,0,,0,45,59,476,3,2,1,386,225,25,12.7047326869698,0,1.23316062176166,0.118,0.113063854715876,0.256144698301113,0,63.6,108.6
2024,REG,00-0032394,N.Vannett,Nick Vannett,TE,TE,"https://static.www.nfl.com/image/upload/f_auto,q_auto/league/srrlkx2mydsb8gfco6fp",12,TEN,0,0,0,0,0,0,0,0,0,0,0,0,,0,,,0,0,0,0,0,0,,0,17,20,135,3,0,0,22,110,7,1.82645694207167,0,6.13636363636364,0.0527704485488127,0.0073850285330647,0.0843251927963644,0,31.5,48.5
2024,REG,00-0032399,M.Killebrew,Miles Killebrew,SS,DB,"https://static.www.nfl.com/image/upload/f_auto,q_auto/league/hadxrgt3tjv3ceaougsj",1,PIT,0,1,0,0,0,0,0,0,0,14,0,0,-2.67772018973483,0,0.0,,0,0,0,0,0,0,,0,0,0,0,0,0,0,0,0,0,,0,,,,,0,0.0,0.0
2024,REG,00-0032434,B.Allen,Brandon Allen,QB,QB,"https://static.www.nfl.com/image/upload/f_auto,q_auto/league/xn9eheiy6kty4movmlak",3,SF,17,30,199,1,2,2,2,2,1,241,116,8,-12.3541775473619,0,0.825726141078838,0.0046624892506734,3,4,0,0,0,0,-0.990277614444494,0,0,0,0,0,0,0,0,0,0,,0,,,,,0,6.36,6.36
2024,REG,00-0032464,K.Raymond,Kalif Raymond,WR,WR,"https://static.www.nfl.com/image/upload/f_auto,q_auto/league/hogsyuf9rqnzydmhbsht",10,DET,0,0,0,0,0,0,0,0,0,0,0,0,,0,,,2,0,0,0,0,1,-0.983896369696595,0,17,22,215,2,0,0,176,137,10,13.2915539111744,0,1.22159090909091,0.0852713178294574,0.109181141439206,0.20433377575163,1,39.5,56.5
2024,REG,00-0032688,R.Chosen,Robbie Chosen,WR,WR,"https://static.www.nfl.com/image/private/f_auto,q_auto/league/hkcncqfwusv19fah3mbt",1,MIA,0,0,0,0,0,0,0,0,0,0,0,0,,0,,,0,0,0,0,0,0,,0,1,4,5,0,0,0,47,1,0,-8.40638242330169,0,0.106382978723404,0.108108108108108,0.155629139072848,0.271102559513156,0,0.5,1.5
2024,REG,00-0032764,D.Henry,Derrick Henry,RB,RB,"https://static.www.nfl.com/image/upload/f_auto,q_auto/league/m7bv3lv9puapabltvykk",17,BAL,0,0,0,0,0,0,0,0,0,0,0,0,,0,,,325,1921,16,3,1,94,40.5961540300293,0,19,22,193,2,0,0,-25,216,11,9.01028020630474,0,-7.72,0.0617977528089888,-0.0089477451682176,0.0864332075957308,0,317.4,336.4
2024,REG,00-0032775,D.Robinson,Demarcus Robinson,WR,WR,"https://static.www.nfl.com/image/upload/f_auto,q_auto/league/lakf0xue1qqb7ed4p6ge",17,LA,0,0,0,0,0,0,0,0,0,0,0,0,,0,,,0,0,0,0,0,0,,0,31,64,505,7,0,0,983,71,27,10.1283870250302,0,0.513733468972533,0.118299445471349,0.245198303816413,0.349087980878513,0,92.5,123.5
2024,REG,00-0032918,C.Ham,C.J. Ham,FB,RB,"https://static.www.nfl.com/image/upload/f_auto,q_auto/league/a23fezyvrzsse3q8yuxi",5,MIN,0,0,0,0,0,0,0,0,0,0,0,0,,0,,,2,10,1,0,0,1,1.45819363355986,0,5,6,35,0,1,1,1,29,1,-4.69161409756634,0,35.0,0.0458015267175573,0.000981354268891,0.0693892380645596,0,8.5,13.5
2024,REG,00-0032943,R.Dixon,Riley Dixon,P,SPEC,"https://static.www.nfl.com/image/upload/f_auto,q_auto/league/tmj23do0dxjssrdr4vjy",1,DEN,1,1,3,0,0,0,0,0,0,-5,8,0,-1.89868554240093,0,0.0,,0,0,0,0,0,0,,0,0,0,0,0,0,0,0,0,0,,0,,,,,0,0.12,0.12
2024,REG,00-0032950,C.Wentz,Carson Wentz,QB,QB,"https://static.www.nfl.com/image/upload/f_auto,q_auto/league/jtwkpwc18ivthztykkc8",2,KC,12,19,118,0,0,4,22,0,0,125,68,5,-6.75574821368931,0,0.944,0.0214476551158099,3,0,0,0,0,0,-3.54260906367563,0,0,0,0,0,0,0,0,0,0,,0,,,,,0,4.72,4.72
2024,REG,00-0033009,T.Boyd,Tyler Boyd,WR,WR,"https://static.www.nfl.com/image/upload/f_auto,q_auto/league/ttifog0hjxprlhkagugu",15,TEN,0,1,0,0,0,0,0,0,0,24,0,0,-0.434416036820039,0,0.0,,1,3,0,0,0,1,0.874165728571825,0,39,57,390,0,0,0,420,189,20,3.82587368983872,0,0.928571428571429,0.132250580046404,0.120378331900258,0.282640702399786,0,39.3,78.3
2024,REG,00-0033040,T.Hill,Tyreek Hill,WR,WR,"https://static.www.nfl.com/image/upload/f_auto,q_auto/league/gdwjlpbkenmnsibawkht",17,MIA,0,0,0,0,0,0,0,0,0,0,0,0,,0,,,8,53,0,0,0,2,-1.23606371856295,0,81,122,959,6,0,0,1369,292,54,28.0336979962611,0,0.700511322132944,0.214788732394366,0.379224376731302,0.587640162303461,0,137.2,218.2
2024,REG,00-0033045,E.Elliott,Ezekiel Elliott,RB,RB,"https://static.www.nfl.com/image/upload/f_auto,q_auto/league/d4yr6htg4dbs0bgcfqnd",15,DAL,0,0,0,0,0,0,0,0,0,0,0,0,,0,,,74,226,3,1,1,14,-16.1425326355093,0,12,15,69,0,0,0,-27,97,3,-0.817253085296165,0,-2.55555555555556,0.0442477876106195,-0.0105017502917153,0.0590204562117285,0,45.5,57.5
2024,REG,00-0033077,D.Prescott,Dak Prescott,QB,QB,"https://static.www.nfl.com/image/upload/f_auto,q_auto/league/xmtaggdnhuyl4pdwtv8j",8,DAL,185,286,1978,11,8,21,112,4,1,2270,939,87,-7.36738597291867,0,0.87136563876652,0.0499790895255701,13,54,1,0,0,5,4.51299245579867,0,0,0,0,0,0,0,0,0,0,,0,,,,,0,116.52,116.52
2024,REG,00-0033090,H.Henry,Hunter Henry,TE,TE,"https://static.www.nfl.com/image/private/f_auto,q_auto/league/sdjob9akppefyo7py5tj",16,NE,0,0,0,0,0,0,0,0,0,0,0,0,,0,,,0,0,0,0,0,0,,0,66,97,674,2,0,0,682,268,40,24.1986549830088,0,0.988269794721408,0.205508474576271,0.199648711943794,0.448016810225063,0,79.4,145.4
2024,REG,00-0033106,J.Goff,Jared Goff,QB,QB,"https://static.www.nfl.com/image/upload/f_auto,q_auto/league/jxyaiwwkabzmmphouxil",17,DET,390,539,4629,37,12,31,234,6,0,3406,2635,236,167.501689688768,1,1.35907222548444,0.188531046114573,35,56,0,0,0,9,-3.12486233766038,0,1,1,7,1,0,0,5,2,1,1.72411598067265,0,1.4,0.0526315789473684,0.0632911392405063,0.123251165889407,0,323.46,324.46
2024,REG,00-0033110,T.Higbee,Tyler Higbee,TE,TE,"https://static.www.nfl.com/image/private/f_auto,q_auto/league/vk9c6lr4d1pdt9sr86ua",3,LA,0,0,0,0,0,0,0,0,0,0,0,0,,0,,,0,0,0,0,0,0,,0,8,12,66,2,0,0,26,48,5,4.95815538212698,0,2.53846153846154,0.137931034482759,0.0588235294117647,0.248073022312373,0,18.6,26.6
2024,REG,00-0033119,J.Brissett,Jacoby Brissett,QB,QB,"https://static.www.nfl.com/image/upload/f_auto,q_auto/league/dps7iuuc2zwl68yppqux",7,NE,95,161,826,2,1,18,119,3,1,1093,437,41,-38.1676783554485,1,0.755718206770357,0.0079037183805517,15,62,0,1,0,5,3.11657340975944,0,0,0,0,0,0,0,0,0,0,,0,,,,,0,45.24,45.24
2024,REG,00-0033217,M.Alie-Cox,Mo Alie-Cox,TE,TE,"https://static.www.nfl.com/image/upload/f_auto,q_auto/league/f4orwwthvtcyd3vfqjvs",12,IND,0,0,0,0,0,0,0,0,0,0,0,0,,0,,,0,0,0,0,0,0,,0,12,22,147,1,0,0,211,49,7,7.88166947815099,0,0.696682464454976,0.0645161290322581,0.0561767838125666,0.136097942217184,0,20.7,32.7
2024,REG,00-0033246,J.Mundt,Johnny Mundt,TE,TE,"https://static.www.nfl.com/image/upload/f_auto,q_auto/league/ievumbznrtys9b2esphz",13,MIN,0,0,0,0,0,0,0,0,0,0,0,0,,0,,,0,0,0,0,0,0,,0,19,27,142,2,0,0,115,83,8,4.87118568391933,0,1.23478260869565,0.0712401055408971,0.0383589059372915,0.13371139246745,0,26.2,45.2
2024,REG,00-0033280,C.McCaffrey,Christian McCaffrey,RB,RB,"https://static.www.nfl.com/image/upload/f_auto,q_auto/league/umiv5sn2xxrjdjwjtkqm",4,SF,0,0,0,0,0,0,0,0,0,0,0,0,,0,,,50,202,0,0,0,12,-2.89182955757133,0,15,19,146,0,1,1,60,98,6,-5.7814743126635,0,2.43333333333333,0.180952380952381,0.0868306801736614,0.332210047550134,0,32.8,47.8
2024,REG,00-0033282,C.Samuel,Curtis Samuel,WR,WR,"https://static.www.nfl.com/image/upload/f_auto,q_auto/league/mq62ulflifrpjrcyknbj",14,BUF,0,0,0,0,0,0,0,0,0,0,0,0,,0,,,5,14,0,0,0,0,-1.88357723661466,0,31,46,253,1,0,0,212,160,9,-10.3050698144209,0,1.19339622641509,0.117647058823529,0.0683870967741936,0.22434155597723,0,32.7,63.7
2024,REG,00-0033288,G.Kittle,George Kittle,TE,TE,"https://static.www.nfl.com/image/upload/f_auto,q_auto/league/ivkrikewqqdllzvano8h",15,SF,0,0,0,0,0,0,0,0,0,0,0,0,,0,,,0,0,0,0,0,0,,0,78,94,1106,8,0,0,800,522,50,67.9449277441953,0,1.3825,0.206593406593407,0.203097232800203,0.452058172850252,0,158.6,236.6
2024,REG,00-0033292,T.Taylor,Trent Taylor,WR,WR,"https://static.www.nfl.com/image/upload/f_auto,q_auto/league/vtuh6trohr5x60eysy87",1,SF,0,0,0,0,0,0,0,0,0,0,0,0,,0,,,0,0,0,0,0,0,,0,1,1,11,0,0,0,9,2,0,0.504246017197147,0,1.22222222222222,0.0238095238095238,0.026865671641791,0.0545202558635394,0,1.1,2.1
2024,REG,00-0033293,A.Jones,Aaron Jones,RB,RB,"https://static.www.nfl.com/image/upload/f_auto,q_auto/league/bktkfvgfwujkdbzkcfim",17,MIN,0,0,0,0,0,0,0,0,0,0,0,0,,0,,,255,1138,5,3,1,49,-13.4461578512633,0,51,62,408,2,2,2,54,411,20,3.29768113501897,0,7.55555555555556,0.119922630560928,0.0128632682229633,0.188888233597467,0,190.6,241.6
2024,REG,00-0033307,K.Bourne,Kendrick Bourne,WR,WR,"https://static.www.nfl.com/image/private/f_auto,q_auto/league/vrovcaqql9p6xsycko83",12,NE,0,1,0,0,0,0,0,0,0,0,0,0,-1.31996548431925,0,,,1,6,0,0,0,1,0.699229638790712,0,28,38,305,1,0,0,353,94,13,8.12840236273723,0,0.864022662889519,0.101604278074866,0.120313565098841,0.236625912681488,0,37.1,65.1
2024,REG,00-0033319,N.Mullens,Nick Mullens,QB,QB,"https://static.www.nfl.com/image/upload/f_auto,q_auto/league/xkbzegq3t29ean26xyp0",4,MIN,2,2,38,0,0,0,0,0,0,24,14,2,4.86872562265489,0,1.58333333333333,,3,-2,0,0,0,0,0.0,0,0,0,0,0,0,0,0,0,0,,0,,,,,0,1.32,1.32
2024,REG,00-0033357,T.Hill,Taysom Hill,TE,TE,"https://static.www.nfl.com/image/upload/f_auto,q_auto/league/q8itjlocg5do60qat4l3",8,NO,2,4,21,0,1,0,0,0,0,53,9,1,-3.21769331542715,0,0.39622641509434,,39,278,6,0,0,18,23.9528514333069,0,23,31,187,0,1,1,108,137,8,1.2136351755471,0,1.73148148148148,0.164893617021277,0.0863309352517986,0.307772080208174,0,79.34,102.34
2024,REG,00-0033375,T.Patrick,Tim Patrick,WR,WR,"https://static.www.nfl.com/image/upload/f_auto,q_auto/league/tsbe7jbwmgzby45hnb3j",15,DET,0,0,0,0,0,0,0,0,0,0,0,0,,0,,,0,0,0,0,0,0,,0,33,44,394,3,0,0,439,141,20,18.695532686152,1,0.89749430523918,0.100686498855835,0.152113652113652,0.257509304763309,0,59.4,92.4
2024,REG,00-0033376,P.Ricard,Patrick Ricard,FB,RB,"https://static.www.nfl.com/image/upload/f_auto,q_auto/league/dwnktpq9tu98n7ozspri",5,BAL,0,0,0,0,0,0,0,0,0,0,0,0,,0,,,0,0,0,0,0,0,,0,3,5,22,1,0,0,6,18,1,1.96076797088608,0,3.66666666666667,0.0378787878787879,0.005089058524173,0.0603805227851029,0,8.2,11.2
2024,REG,00-0033439,P.Brown,Pharaoh Brown,TE,TE,"https://static.www.nfl.com/image/upload/f_auto,q_auto/league/ab0kbxsmasznlccuezcq",8,SEA,0,0,0,0,0,0,0,0,0,0,0,0,,0,,,0,0,0,0,0,0,,0,8,12,65,0,1,1,51,30,2,-6.47127609253809,0,1.27450980392157,0.0436363636363636,0.0317164179104478,0.0876560379918589,0,4.5,12.5
2024,REG,00-0033460,J.Ross,John Ross,WR,WR,"https://static.www.nfl.com/image/upload/f_auto,q_auto/league/olf4tixsulbplr0hkas5",1,PHI,0,0,0,0,0,0,0,0,0,0,0,0,,0,,,0,0,0,0,0,0,,0,1,2,6,0,0,0,47,2,1,0.0889839306473732,0,0.127659574468085,0.0689655172413793,0.185770750988142,0.233487801553769,0,0.6,1.6
2024,REG,00-0033526,S.Perine,Samaje Perine,RB,RB,"https://static.www.nfl.com/image/upload/f_auto,q_auto/league/liorwdmj8gelxh5u7rc4",17,KC,0,0,0,0,0,0,0,0,0,0,0,0,,0,,,20,92,1,0,0,7,-0.689731989438728,0,28,35,322,1,0,0,11,313,16,14.7609879696156,0,29.2727272727273,0.0643382352941176,0.0032631266686443,0.0987915416092275,0,53.4,81.4
2024,REG,00-0033536,M.Williams,Mike Williams,WR,WR,"https://static.www.nfl.com/image/upload/f_auto,q_auto/league/vwu8nudrnk3l7samz8mf",13,PIT,0,0,0,0,0,0,0,0,0,0,0,0,,0,,,0,0,0,0,0,0,,0,21,34,298,1,0,0,518,35,14,15.4823546658068,0,0.575289575289575,0.0807600950118765,0.171864631718646,0.241445384720867,0,35.8,56.8
2024,REG,00-0033537,D.Watson,Deshaun Watson,QB,QB,"https://static.www.nfl.com/image/private/f_auto,q_auto/league/otfs2docj6eahaebo5xn",7,CLE,137,216,1148,5,3,33,191,3,2,1569,594,49,-62.5942760071117,1,0.731676226896112,0.0142763541844093,31,148,1,2,1,8,-1.84504060617721,0,0,0,0,0,0,0,0,0,0,,0,,,,,0,76.72,76.72
2024,REG,00-0033553,J.Conner,James Conner,RB,RB,"https://static.www.nfl.com/image/upload/f_auto,q_auto/league/rtvys5j7sxjrlbpy5iim",16,ARI,0,0,0,0,0,0,0,0,0,0,0,0,,0,,,236,1094,8,2,0,67,0.0715715860602155,2,47,55,414,1,2,1,-103,483,17,5.55413041891367,0,-4.01941747572816,0.112016293279022,-0.0328863346104725,0.145004005691203,0,206.8,253.8
2024,REG,00-0033555,M.Hollins,Mack Hollins,WR,WR,"https://static.www.nfl.com/image/upload/f_auto,q_auto/league/xchw7quzjszgrm6psbyg",16,BUF,0,0,0,0,0,0,0,0,0,0,0,0,,0,,,0,0,0,0,0,0,,0,31,50,378,5,0,0,649,90,25,24.4405726772305,0,0.582434514637905,0.107991360691145,0.166367598051782,0.278444359672964,0,67.8,98.8
2024,REG,00-0033557,J.Reeves-Maybin,Jalen Reeves-Maybin,OLB,LB,"https://static.www.nfl.com/image/upload/f_auto,q_auto/league/oczccxuvy4ltvjy4fhmu",1,DET,0,0,0,0,0,0,0,0,0,0,0,0,,0,,,1,1,0,0,0,0,-2.93332363781519,0,0,0,0,0,0,0,0,0,0,,0,,,,,0,0.1,0.1
2024,REG,00-0033576,E.Saubert,Eric Saubert,TE,TE,"https://static.www.nfl.com/image/upload/f_auto,q_auto/league/pxcadtlbynaz2qbffpei",8,SF,0,0,0,0,0,0,0,0,0,0,0,0,,0,,,0,0,0,0,0,0,,0,11,14,97,1,1,0,94,35,5,1.90623235128995,0,1.03191489361702,0.0551181102362205,0.0458984375,0.114806071604331,0,15.7,26.7
2024,REG,00-0033589,D.Moore,David Moore,WR,WR,"https://static.www.nfl.com/image/upload/f_auto,q_auto/league/i2esmsczxxoq7pzvg6yf",14,CAR,0,0,0,0,0,0,0,0,0,0,0,0,,0,,,1,0,0,0,0,0,-1.34700830315705,0,32,57,351,3,0,0,631,60,18,8.29301634245876,0,0.556259904912837,0.134433962264151,0.173208893768872,0.322897169034437,0,53.1,85.1
2024,REG,00-0033591,N.Brown,Noah Brown,WR,WR,"https://static.www.nfl.com/image/upload/f_auto,q_auto/league/nv6ix0p8965yiugsuhwh",11,WAS,0,0,0,0,0,0,0,0,0,0,0,0,,0,,,0,0,0,0,0,0,,0,35,56,453,1,0,0,637,83,21,12.031629731719,0,0.711145996860283,0.174454828660436,0.271873666239863,0.451993809358559,0,51.3,86.3
2024,REG,00-0033662,C.Rush,Cooper Rush,QB,QB,"https://static.www.nfl.com/image/upload/f_auto,q_auto/league/amuag2qiwa9veml1lhvs",12,DAL,187,308,1844,12,5,13,95,2,1,2137,942,92,-23.9175155134533,1,0.862891904539074,-0.0125755677341136,26,18,0,7,2,5,-18.166565412989,0,0,0,0,0,0,0,0,0,0,,0,,,,,0,109.56,109.56
2024,REG,00-0033699,A.Ekeler,Austin Ekeler,RB,RB,"https://static.www.nfl.com/image/upload/f_auto,q_auto/league/sldndpn2zwt4uhkj2zks",12,WAS,0,0,0,0,0,0,0,0,0,0,0,0,,0,,,77,367,4,1,0,19,4.99870332668219,0,35,41,366,0,1,0,-59,424,14,13.8027968692456,0,-6.20338983050848,0.119883040935673,-0.0215249908792412,0.16475706778804,0,97.3,132.3
2024,REG,00-0033854,D.Ogunbowale,Dare Ogunbowale,RB,RB,"https://static.www.nfl.com/image/upload/f_auto,q_auto/league/kzthvzy64jesgizjthwx",15,HOU,0,0,0,0,0,0,0,0,0,0,0,0,,0,,,30,112,0,0,0,5,-8.39548242177298,0,19,28,198,1,0,0,48,168,8,5.60965774381663,0,4.125,0.0708860759493671,0.0151467339854844,0.11693182771389,0,37.0,56.0
2024,REG,00-0033857,J.Smith-Schuster,JuJu Smith-Schuster,WR,WR,"https://static.www.nfl.com/image/upload/f_auto,q_auto/league/l0hsr6xsbsagzygcqhci",11,KC,0,0,0,0,0,0,0,0,0,0,0,0,,0,,,0,0,0,0,0,0,,0,18,26,231,2,0,0,143,155,11,1.28468529034279,0,1.61538461538462,0.0686015831134565,0.0576148267526189,0.143232753397018,0,35.1,53.1
2024,REG,00-0033858,J.Smith,Jonnu Smith,TE,TE,"https://static.www.nfl.com/image/upload/f_auto,q_auto/league/p8uldtljkzb6sile3wgx",17,MIA,0,0,0,0,0,0,0,0,0,0,0,0,,0,,,2,-1,0,0,0,0,-1.64045342925238,0,88,111,884,8,2,1,542,510,55,59.7091696619141,0,1.6309963099631,0.195422535211268,0.150138504155125,0.398230755725489,0,134.3,222.3
2024,REG,00-0033863,D.Skipper,Dan Skipper,T,OL,"https://static.www.nfl.com/image/upload/f_auto,q_auto/league/mmfnkf08m0wuj8slyb4c",1,DET,0,0,0,0,0,0,0,0,0,0,0,0,,0,,,0,0,0,0,0,0,,0,1,1,9,1,0,0,1,8,1,1.95214127295185,0,9.0,0.0185185185185185,0.0024875621890547,0.0295190713101161,0,6.9,7.9
2024,REG,00-0033869,M.Trubisky,Mitchell Trubisky,QB,QB,"https://static.www.nfl.com/image/upload/f_auto,q_auto/league/jetjlsljpb3shogn5grq",8,BUF,19,26,179,2,0,0,0,0,0,142,149,7,9.71651024231414,0,1.26056338028169,0.131558757079061,17,1,0,1,0,1,-12.0889061881428,0,0,0,0,0,0,0,0,0,0,,0,,,,,0,15.26,15.26
2024,REG,00-0033873,P.Mahomes,Patrick Mahomes,QB,QB,"https://static.www.nfl.com/image/upload/f_auto,q_auto/league/qrdbvu4iqy7wkqg8jq8d",16,KC,392,581,3928,26,11,36,239,1,0,3681,2300,214,73.027359260348,0,1.06710133116001,0.124427505862519,58,307,2,1,0,22,24.3132669498047,0,1,1,2,0,0,0,-1,3,0,-0.403063578065485,0,0.0,0.037037037037037,-0.00625,0.0511805555555556,0,282.02,283.02
2024,REG,00-0033881,E.Engram,Evan Engram,TE,TE,"https://static.www.nfl.com/image/upload/f_auto,q_auto/league/sea0atk2feif4n75dvq8",9,JAX,0,0,0,0,0,0,0,0,0,0,0,0,,0,,,0,0,0,0,0,0,,0,47,64,365,1,1,1,360,150,17,-0.0427634745371384,1,1.01388888888889,0.250980392156863,0.157205240174673,0.486514256357565,0,42.5,89.5
2024,REG,00-0033885,D.Njoku,David Njoku,TE,TE,"https://static.www.nfl.com/image/private/f_auto,q_auto/league/ilvxwdllivrvwbuj69cm",11,CLE,0,0,0,0,0,0,0,0,0,0,0,0,,0,,,0,0,0,0,0,0,,0,64,97,505,5,0,0,510,251,23,-7.31248026989264,2,0.990196078431373,0.227699530516432,0.142100863750348,0.441019900399892,0,84.5,148.5
2024,REG,00-0033891,Z.Jones,Zay Jones,WR,WR,"https://static.www.nfl.com/image/upload/f_auto,q_auto/league/uxtqpnwdviolravhnrkw",6,ARI,0,0,0,0,0,0,0,0,0,0,0,0,,0,,,0,0,0,0,0,0,,0,8,11,84,0,0,0,119,19,5,-0.475085731246509,0,0.705882352941177,0.053921568627451,0.0943695479777954,0.146941036525633,0,8.4,16.4
2024,REG,00-0033893,D.Cook,Dalvin Cook,RB,RB,"https://static.www.nfl.com/image/upload/f_auto,q_auto/league/uurolop9ktcloxqh4fid",2,DAL,0,0,0,0,0,0,0,0,0,0,0,0,,0,,,8,20,0,0,0,0,-2.66215546766762,0,1,1,10,0,0,0,3,7,1,1.25232992274687,0,3.33333333333333,0.027027027027027,0.0087719298245614,0.0466808914177335,0,3.0,4.0
2024,REG,00-0033895,G.Everett,Gerald Everett,TE,TE,"https://static.www.nfl.com/image/upload/f_auto,q_auto/league/aayw74rhaupmfnnikzak",9,CHI,0,0,0,0,0,0,0,0,0,0,0,0,,0,,,0,0,0,0,0,0,,0,8,13,36,0,0,0,35,41,1,-1.47307917772559,0,1.02857142857143,0.0456140350877193,0.0145530145530146,0.0786081628186891,0,3.6,11.6
2024,REG,00-0033897,J.Mixon,Joe Mixon,RB,RB,"https://static.www.nfl.com/image/upload/f_auto,q_auto/league/gwyhozfhjgedwdmmjjcf",14,HOU,0,1,0,0,0,0,0,0,0,10,0,0,-0.726145962660667,0,0.0,,245,1016,11,0,0,52,-13.2217628042949,0,36,52,309,1,0,0,-27,360,12,3.02448383917376,0,-11.4444444444444,0.129675810473815,-0.0084533500313087,0.188596370688807,0,204.5,240.5
2024,REG,00-0033906,A.Kamara,Alvin Kamara,RB,RB,"https://static.www.nfl.com/image/private/f_auto,q_auto/league/tl9enad6kiwv6cukf4vt",14,NO,0,0,0,0,0,0,0,0,0,0,0,0,,0,,,228,950,6,0,0,52,-18.174864595851,0,68,89,543,2,1,0,79,542,18,-6.14696294687843,0,6.87341772151899,0.213942307692308,0.0232558139534884,0.337192531305903,0,197.3,265.3
2024,REG,00-0033908,C.Kupp,Cooper Kupp,WR,WR,"https://static.www.nfl.com/image/upload/f_auto,q_auto/league/sq7zwzcgrajuk0hwwph2",12,LA,0,0,0,0,0,0,0,0,0,0,0,0,,0,,,2,10,0,0,0,1,0.215704405796714,0,67,100,710,6,1,0,758,269,28,3.86814663352841,0,0.936675461741425,0.261780104712042,0.267749911691982,0.58009509525245,0,108.0,175.0
2024,REG,00-0033921,C.Godwin,Chris Godwin,WR,WR,"https://static.www.nfl.com/image/upload/f_auto,q_auto/league/al7b3dzqhysgve7l5lke",7,TB,0,0,0,0,0,0,0,0,0,0,0,0,,0,,,1,2,0,0,0,1,1.53554948145757,0,50,62,576,5,1,0,356,350,32,35.5114577961204,0,1.61797752808989,0.266094420600858,0.248429867411026,0.573042538089006,0,87.8,137.8
2024,REG,00-0033923,K.Hunt,Kareem Hunt,RB,RB,"https://static.www.nfl.com/image/upload/f_auto,q_auto/league/mm0t1ghvbpdhy6m5utcq",13,KC,0,0,0,0,0,0,0,0,0,0,0,0,,0,,,200,728,7,0,0,42,2.14838763138452,0,23,32,176,0,0,0,-58,216,10,3.01721286717764,0,-3.03448275862069,0.08,-0.0254945054945055,0.102153846153846,0,132.4,155.4
2024,REG,00-0033925,D.Foreman,D'Onta Foreman,RB,RB,"https://static.www.nfl.com/image/upload/f_auto,q_auto/league/shlxaet74pmn8arznphw",10,CLE,0,0,0,0,0,0,0,0,0,0,0,0,,0,,,71,232,0,2,1,10,-24.1594711056096,0,6,8,54,0,0,0,1,48,1,0.839785054675303,0,54.0,0.0416666666666667,0.0008032128514056,0.0630622489959839,0,26.6,32.6
2024,REG,00-0033943,J.Reynolds,Josh Reynolds,WR,WR,"https://static.www.nfl.com/image/upload/f_auto,q_auto/league/ifukozhqlo1728h3gjnp",8,JAX,0,0,0,0,0,0,0,0,0,0,0,0,,0,,,0,0,0,0,0,0,,0,13,24,194,1,0,0,270,35,7,8.28760853724346,0,0.718518518518519,0.0892193308550186,0.135746606334842,0.228851620716917,0,25.4,38.4
2024,REG,00-0033948,J.Williams,Jamaal Williams,RB,RB,"https://static.www.nfl.com/image/upload/f_auto,q_auto/league/yxrxpgcwq5qwp88vqnp3",13,NO,0,0,0,0,0,0,0,0,0,0,0,0,,0,,,48,164,1,0,0,11,-9.67190718204231,0,9,11,57,0,0,0,-14,53,3,0.674839597810058,0,-4.07142857142857,0.0497737556561086,-0.0081680280046674,0.0689430138808957,0,28.1,37.1
2024,REG,00-0033949,J.Dobbs,Joshua Dobbs,QB,QB,"https://static.www.nfl.com/image/upload/f_auto,q_auto/league/vjl8nqbcodtgzppwyemb",2,SF,32,47,361,2,2,2,28,1,0,373,101,18,5.55747983542185,0,0.967828418230563,0.079287321676008,9,24,2,1,1,2,-2.7943142913864,0,0,0,0,0,0,0,0,0,0,,0,,,,,0,30.84,30.84
2024,REG,00-0033955,J.McNichols,Jeremy McNichols,RB,RB,"https://static.www.nfl.com/image/upload/f_auto,q_auto/league/kegqjj5pv7xidm0xwtpy",14,WAS,0,0,0,0,0,0,0,0,0,0,0,0,,0,,,55,261,4,0,0,15,7.9352832524157,1,9,12,27,0,0,0,20,33,1,-1.28312460356392,0,1.35,0.0655737704918033,0.0208986415882968,0.112989704849513,0,54.8,63.8
2024,REG,00-0034054,R.Cracraft,River Cracraft,WR,WR,"https://static.www.nfl.com/image/upload/f_auto,q_auto/league/y8t968ntco72t8f8ryba",4,MIA,0,0,0,0,0,0,0,0,0,0,0,0,,0,,,0,0,0,0,0,0,,0,7,9,66,0,0,0,71,11,4,4.59573005896527,0,0.929577464788732,0.0687022900763359,0.0896464646464646,0.165805960367029,0,6.6,13.6
2024,REG,00-0034073,R.Dwelley,Ross Dwelley,TE,TE,"https://static.www.nfl.com/image/upload/f_auto,q_auto/league/ukd8ctqgskd8q5psumou",1,ATL,0,0,0,0,0,0,0,0,0,0,0,0,,0,,,0,0,0,0,0,0,,0,1,1,5,0,0,0,1,4,0,0.13682030281052,0,5.0,0.0344827586206897,0.0042372881355932,0.0546902396259497,0,0.5,1.5
2024,REG,00-0034115,J.Wilson,Jeffery Wilson,RB,RB,"https://static.www.nfl.com/image/private/f_auto,q_auto/league/zorqrtlrizlltgd6pnob",7,MIA,0,0,0,0,0,0,0,0,0,0,0,0,,0,,,16,57,0,0,0,3,-4.62643494537559,0,3,3,19,0,0,0,0,19,0,0.541619452880696,0,0.0,0.0365853658536585,0.0,0.0548780487804878,0,7.6,10.6
2024,REG,00-0034159,W.Dissly,Will Dissly,TE,TE,"https://static.www.nfl.com/image/upload/f_auto,q_auto/league/opdpeoconvviwkufolxr",15,LAC,0,0,0,0,0,0,0,0,0,0,0,0,,0,,,0,0,0,0,0,0,,0,50,64,481,2,0,0,295,303,24,15.4636899360343,0,1.63050847457627,0.149184149184149,0.0914161760148745,0.287767546986636,0,60.1,110.1
2024,REG,00-0034162,J.Scott,J.K. Scott,P,SPEC,"https://static.www.nfl.com/image/upload/f_auto,q_auto/league/pigjeturkbpz98ycju2o",2,LAC,1,1,3,0,0,0,0,0,0,-4,7,0,-2.70660636294633,0,0.0,,1,0,0,0,0,0,-0.383244391996413,0,0,0,0,0,0,0,0,0,0,,0,,,,,0,0.12,0.12
2024,REG,00-0034177,T.Boyle,Tim Boyle,QB,QB,"https://static.www.nfl.com/image/upload/f_auto,q_auto/league/zmfyonfo6ohn5bxqwaxg",3,NYG,27,50,276,1,1,2,11,0,0,313,151,11,-14.4879114205251,0,0.881789137380192,-0.0217935852887901,3,9,0,0,0,1,0.649375770881306,0,0,0,0,0,0,0,0,0,0,,0,,,,,0,13.94,13.94
2024,REG,00-0034184,G.Edwards,Gus Edwards,RB,RB,"https://static.www.nfl.com/image/upload/f_auto,q_auto/league/dyobqe3w5eypevsk3f2b",11,LAC,0,0,0,0,0,0,0,0,0,0,0,0,,0,,,101,365,4,0,0,17,-13.1241244798961,0,3,5,6,0,0,0,-15,11,0,-3.10106393648312,0,-0.4,0.0434782608695652,-0.0172612197928654,0.0531345374493421,0,61.1,64.1
2024,REG,00-0034208,M.Boone,Mike Boone,RB,RB,"https://static.www.nfl.com/image/upload/f_auto,q_auto/league/yeoyrlaf9hlvowj6fdio",5,CAR,0,0,0,0,0,0,0,0,0,0,0,0,,0,,,13,51,0,0,0,3,-0.974716876691673,0,1,3,-2,0,0,0,-14,2,0,-3.89994317345554,0,0.142857142857143,0.0526315789473684,-0.0228013029315961,0.0629864563689354,0,4.9,5.9
2024,REG,00-0034270,T.Conklin,Tyler Conklin,TE,TE,"https://static.www.nfl.com/image/upload/f_auto,q_auto/league/chajhumpfogd8effewe6",16,NYJ,0,0,0,0,0,0,0,0,0,0,0,0,,0,,,1,0,0,0,0,0,-3.27551417343784,0,51,72,449,4,0,0,358,262,24,10.0818122699409,1,1.25418994413408,0.128342245989305,0.098977052806193,0.261797305948292,0,70.9,121.9
2024,REG,00-0034272,M.Valdes-Scantling,Marquez Valdes-Scantling,WR,WR,"https://static.www.nfl.com/image/upload/f_auto,q_auto/league/vn2bg6lhyl15xrymtd5g",13,NO,0,0,0,0,0,0,0,0,0,0,0,0,,0,,,1,4,0,0,0,0,-0.270356709137559,0,19,44,411,4,0,0,765,143,14,10.2536497789345,0,0.537254901960784,0.118598382749326,0.247974068071313,0.351479421773908,0,65.5,84.5
2024,REG,00-0034348,C.Sutton,Courtland Sutton,WR,WR,"https://static.www.nfl.com/image/upload/f_auto,q_auto/league/qts95gbd6hv65s9eiseq",16,DEN,2,2,30,1,0,0,0,0,0,19,11,2,7.49073817639146,0,1.57894736842105,,0,0,0,0,0,0,,0,81,135,1081,8,1,1,1787,179,57,37.1429230541512,0,0.604924454392837,0.25763358778626,0.457852933640789,0.706947435227942,0,159.3,240.3
2024,REG,00-0034351,D.Goedert,Dallas Goedert,TE,TE,"https://static.www.nfl.com/image/upload/f_auto,q_auto/league/wfj54vhw1zxwwb3vdi61",10,PHI,0,0,0,0,0,0,0,0,0,0,0,0,,0,,,0,0,0,0,0,0,,0,42,52,496,2,2,0,343,257,20,19.3662372463054,0,1.44606413994169,0.193308550185874,0.16699123661149,0.406856690906853,0,61.6,103.6
2024,REG,00-0034353,A.Miller,Anthony Miller,WR,WR,"https://static.www.nfl.com/image/upload/f_auto,q_auto/league/uvxiydh3yxydavl2fgpr",1,BAL,0,0,0,0,0,0,0,0,0,0,0,0,,0,,,0,0,0,0,0,0,,0,1,1,16,0,0,0,15,1,1,2.18093416257761,0,1.06666666666667,0.0625,0.0793650793650794,0.149305555555556,0,1.6,2.6
2024,REG,00-0034364,J.Akins,Jordan Akins,TE,TE,"https://static.www.nfl.com/image/private/f_auto,q_auto/league/fgkl9zfpy2yxrkxfge84",16,CLE,0,0,0,0,0,0,0,0,0,0,0,0,,0,,,0,0,0,0,0,0,,0,40,58,390,2,1,0,339,187,20,10.9935598225874,0,1.15044247787611,0.0949263502454992,0.0773972602739726,0.19656760756003,0,51.0,91.0
2024,REG,00-0034365,I.Thomas,Ian Thomas,TE,TE,"https://static.www.nfl.com/image/upload/f_auto,q_auto/league/qrcffo16hdkcvxuvjppy",3,CAR,0,0,0,0,0,0,0,0,0,0,0,0,,0,,,0,0,0,0,0,0,,0,3,6,7,0,0,0,24,6,1,-5.12451348482864,0,0.291666666666667,0.0759493670886076,0.049792531120332,0.148778822417144,0,0.7,3.7
2024,REG,00-0034383,D.Schultz,Dalton Schultz,TE,TE,"https://static.www.nfl.com/image/upload/f_auto,q_auto/league/ooatvpu1knzypdmjljo9",17,HOU,0,0,0,0,0,0,0,0,0,0,0,0,,0,,,0,0,0,0,0,0,,0,53,85,532,2,0,0,684,214,26,3.32590631857266,0,0.777777777777778,0.155393053016453,0.154751131221719,0.341415371379884,0,65.2,118.2
2024,REG,00-0034386,J.Watson,Justin Watson,WR,WR,"https://static.www.nfl.com/image/private/f_auto,q_auto/league/vr9tayyujt23takv3hv3",15,KC,0,0,0,0,0,0,0,0,0,0,0,0,,0,,,0,0,0,0,0,0,,0,22,32,289,2,0,0,486,68,13,19.0869593959854,0,0.594650205761317,0.0637450199203187,0.148623853211009,0.199654227128185,0,40.9,62.9
2024,REG,00-0034401,M.White,Mike White,QB,QB,"https://static.www.nfl.com/image/upload/f_auto,q_auto/league/fmffqxu8o4ckhspqd8vm",1,BUF,3,11,28,0,0,0,0,0,0,98,32,1,-7.15286629885668,0,0.285714285714286,-0.155223235654659,0,0,0,0,0,0,,0,0,0,0,0,0,0,0,0,0,,0,,,,,0,1.12,1.12
2024,REG,00-0034407,R.McCloud,Ray-Ray McCloud,WR,WR,"https://static.www.nfl.com/image/upload/f_auto,q_auto/league/nvwn3sdihyyd2itjt7vy",17,ATL,0,0,0,0,0,0,0,0,0,0,0,0,,0,,,10,79,0,0,0,3,2.36769409381668,0,62,87,686,1,3,1,589,335,29,5.62533058408268,0,1.16468590831919,0.161410018552876,0.132717440288418,0.335017236031206,0,80.5,142.5
2024,REG,00-0034418,C.Wilson,Cedrick Wilson,WR,WR,"https://static.www.nfl.com/image/upload/f_auto,q_auto/league/vuolr6nwwbrwwc5ldt7f",10,NO,1,1,21,1,0,1,3,0,0,20,1,1,1.15121669037035,0,1.05,,0,0,0,0,0,0,,0,20,27,211,1,0,0,196,89,8,2.54967611788574,0,1.0765306122449,0.0835913312693498,0.07617567042363,0.178709966200566,0,31.94,51.94
2024,REG,00-0034419,B.Berrios,Braxton Berrios,WR,WR,"https://static.www.nfl.com/image/upload/f_auto,q_auto/league/yvzkjvb0ieeszxribqc9",3,MIA,0,0,0,0,0,0,0,0,0,0,0,0,,0,,,0,0,0,0,0,0,,0,0,4,0,0,0,0,26,0,0,-9.01349623384885,0,0.0,0.0384615384615385,0.0359612724757953,0.0828651984253644,0,0.0,0.0
2024,REG,00-0034485,J.Owens,Jonathan Owens,SS,DB,"https://static.www.nfl.com/image/upload/f_auto,q_auto/league/fdujzkztvte2c4tair5c",1,CHI,0,0,0,0,0,0,0,0,0,0,0,0,,0,,,0,0,0,0,0,0,,0,0,0,0,0,0,0,0,0,0,,0,,,,,1,6.0,6.0
2024,REG,00-0034487,T.Sherfield,Trent Sherfield,WR,WR,"https://static.www.nfl.com/image/upload/f_auto,q_auto/league/esdvav44ezzmwbwe1rju",8,MIN,0,0,0,0,0,0,0,0,0,0,0,0,,0,,,0,0,0,0,0,0,,0,8,9,83,1,0,0,54,40,4,1.97356238786597,0,1.53703703703704,0.038135593220339,0.0262008733624454,0.0755440011842203,0,14.3,22.3
2024,REG,00-0034488,T.Thomas,Tavierre Thomas,CB,DB,"https://static.www.nfl.com/image/upload/f_auto,q_auto/league/vgqvuxixybewnv9lymbr",1,TB,0,0,0,0,0,0,0,0,0,0,0,0,,0,,,1,-2,0,0,0,0,-3.09130674356129,0,0,0,0,0,0,0,0,0,0,,0,,,,,0,-0.2,-0.2
2024,REG,00-0034521,A.Lazard,Allen Lazard,WR,WR,"https://static.www.nfl.com/image/private/f_auto,q_auto/league/blrzk3bfnpneuyhsqiqg",12,NYJ,0,1,0,0,0,0,0,0,0,17,0,0,-1.01079559273785,0,0.0,,0,0,0,0,0,0,,0,37,61,530,6,0,0,686,155,29,29.9262321103569,0,0.772594752186589,0.141203703703704,0.239274502964772,0.379297707630896,0,89.0,126.0
2024,REG,00-0034571,T.Scott,Trenton Scott,T,OL,"https://static.www.nfl.com/image/upload/f_auto,q_auto/league/v5tyxvb4cdtzumhdzbd0",1,WAS,0,0,0,0,0,0,0,0,0,0,0,0,,0,,,0,0,0,0,0,0,,0,1,1,1,1,0,0,1,0,1,0.877743525023107,0,1.0,0.0434782608695652,0.0046511627906976,0.0684732052578362,0,6.1,7.1
2024,REG,00-0034577,K.Allen,Kyle Allen,QB,QB,"https://static.www.nfl.com/image/upload/f_auto,q_auto/league/knqlp0qrchvv6rjayshv",1,PIT,1,1,19,0,0,0,0,0,0,13,6,1,1.43255293625407,0,1.46153846153846,,0,0,0,0,0,0,,0,0,0,0,0,0,0,0,0,0,,0,,,,,0,0.76,0.76
2024,REG,00-0034613,T.Hudson,Tanner Hudson,TE,TE,"https://static.www.nfl.com/image/upload/f_auto,q_auto/league/fbtxfvqvgv0al8msbr1e",9,CIN,0,0,0,0,0,0,0,0,0,0,0,0,,0,,,1,1,0,0,0,1,1.75751215103082,0,19,23,154,1,1,1,98,97,9,6.32633125735447,0,1.57142857142857,0.0655270655270655,0.0386740331491713,0.125362421495018,0,19.5,38.5
2024,REG,00-0034646,B.Powell,Brandon Powell,WR,WR,"https://static.www.nfl.com/image/upload/f_auto,q_auto/league/kpggzzkazhxoq4e77xho",7,MIN,0,0,0,0,0,0,0,0,0,0,0,0,,0,,,0,0,0,0,0,0,,0,7,10,71,0,0,0,102,12,5,5.09451138135046,0,0.696078431372549,0.0485436893203884,0.0604982206405694,0.115164288428981,0,7.1,14.1
2024,REG,00-0034753,M.Andrews,Mark Andrews,TE,TE,"https://static.www.nfl.com/image/upload/f_auto,q_auto/league/y5maejm3puruskwc344y",17,BAL,0,0,0,0,0,0,0,0,0,0,0,0,,0,,,4,5,0,0,0,3,3.44618513627211,0,55,69,673,11,0,0,731,188,39,50.0989648005923,0,0.920656634746922,0.150984682713348,0.179872047244095,0.352387457140888,0,133.8,188.8
2024,REG,00-0034771,M.Rudolph,Mason Rudolph,QB,QB,"https://static.www.nfl.com/image/upload/f_auto,q_auto/league/pn938e0z2fobxmzfxmlh",8,TEN,146,228,1530,9,9,11,71,2,0,1630,656,78,-1.93614114649023,1,0.938650306748466,0.0712652084152631,25,106,1,3,1,13,4.98898655295005,0,0,0,0,0,0,0,0,0,0,,0,,,,,0,95.8,95.8
2024,REG,00-0034775,C.Kirk,Christian Kirk,WR,WR,"https://static.www.nfl.com/image/private/f_auto,q_auto/league/ersmmtjmjlpsy9lmjvde",8,JAX,0,0,0,0,0,0,0,0,0,0,0,0,,0,,,0,0,0,0,0,0,,0,27,47,379,1,0,0,644,113,18,8.42042643717785,0,0.588509316770186,0.195020746887967,0.303058823529412,0.504672296802538,0,43.9,70.9
2024,REG,00-0034777,D.Chark,D.J. Chark,WR,WR,"https://static.www.nfl.com/image/upload/f_auto,q_auto/league/skuieceh50r31ulwpo5s",4,LAC,0,0,0,0,0,0,0,0,0,0,0,0,,0,,,0,0,0,0,0,0,,0,4,10,31,1,0,0,115,7,1,-4.06241325882729,0,0.269565217391304,0.0735294117647059,0.0945723684210526,0.176494775541796,0,9.1,13.1
2024,REG,00-0034791,N.Chubb,Nick Chubb,RB,RB,"https://static.www.nfl.com/image/private/f_auto,q_auto/league/a8ib0haur75wrhqrbtyo",8,CLE,0,0,0,0,0,0,0,0,0,0,0,0,,0,,,102,332,3,1,1,17,-20.5745782894754,0,5,11,31,1,0,0,-5,31,3,-16.3173571868101,0,-6.2,0.0381944444444444,-0.0025239777889954,0.0555248822143699,0,58.3,63.3
2024,REG,00-0034796,L.Jackson,Lamar Jackson,QB,QB,"https://static.www.nfl.com/image/upload/f_auto,q_auto/league/cruqs6qpbykh7a2whd7p",17,BAL,316,474,4172,41,4,23,149,4,1,4109,2084,198,174.172611656018,0,1.01533219761499,0.184287164712887,139,915,4,6,4,46,10.5999331872173,1,0,0,0,0,0,0,0,0,0,,0,,,,,0,430.38,430.38
2024,REG,00-0034798,D.Smythe,Durham Smythe,TE,TE,"https://static.www.nfl.com/image/upload/f_auto,q_auto/league/twxkgrnpjotgyhwawfsv",13,MIA,0,0,0,0,0,0,0,0,0,0,0,0,,0,,,0,0,0,0,0,0,,0,9,17,53,0,0,0,94,16,1,-3.63454234434149,0,0.563829787234043,0.0367170626349892,0.033996383363472,0.0788730623069142,0,5.3,14.3
2024,REG,00-0034827,D.Moore,D.J. Moore,WR,WR,"https://static.www.nfl.com/image/upload/f_auto,q_auto/league/hqb9xnzm9brx79zl6wve",17,CHI,0,1,0,0,0,0,0,0,0,33,0,0,-0.44727218337357,0,0.0,,14,75,0,0,0,3,1.37395754357567,0,98,140,966,6,1,1,1049,588,43,16.3869151971205,1,0.920877025738799,0.266159695817491,0.251739860811135,0.57545744629403,0,140.1,238.1
2024,REG,00-0034829,M.Gesicki,Mike Gesicki,TE,TE,"https://static.www.nfl.com/image/upload/f_auto,q_auto/league/zabpknonv9ozmkyw4qqt",16,CIN,0,0,0,0,0,0,0,0,0,0,0,0,,0,,,0,0,0,0,0,0,,0,65,83,665,2,1,1,615,245,38,33.7675754562854,0,1.08130081300813,0.137190082644628,0.139995447302527,0.303781937078711,0,76.5,141.5
2024,REG,00-0034830,H.Hurst,Hayden Hurst,TE,TE,"https://static.www.nfl.com/image/upload/f_auto,q_auto/league/qxvkvmi2fphxjqyb21nv",7,LAC,0,0,0,0,0,0,0,0,0,0,0,0,,0,,,0,0,0,0,0,0,,0,8,13,73,0,0,0,62,20,2,-4.84155694558285,0,1.17741935483871,0.0792682926829268,0.0524091293322063,0.155588829556935,0,7.3,15.3
2024,REG,00-0034834,S.Hubbard,Sam Hubbard,DE,DL,"https://static.www.nfl.com/image/upload/f_auto,q_auto/league/eoodwerhenaqvcaqm29t",1,CIN,0,0,0,0,0,0,0,0,0,0,0,0,,0,,,0,0,0,0,0,0,,0,1,1,2,1,0,0,2,0,1,2.04928792873397,0,1.0,0.0285714285714286,0.0081967213114754,0.0485948477751756,0,6.2,7.2
2024,REG,00-0034837,C.Ridley,Calvin Ridley,WR,WR,"https://static.www.nfl.com/image/upload/f_auto,q_auto/league/tmeij0cfgylmurfybs74",17,TEN,0,0,0,0,0,0,0,0,0,0,0,0,,0,,,8,55,1,1,1,3,-2.31545070331777,0,64,120,1017,4,0,0,1883,231,39,28.1781591182862,0,0.540095592140202,0.236686390532544,0.443267419962335,0.665316779772451,0,135.2,199.2
2024,REG,00-0034844,S.Barkley,Saquon Barkley,RB,RB,"https://static.www.nfl.com/image/upload/f_auto,q_auto/league/ugiuanl8bf6uoya5mgid",16,PHI,0,0,0,0,0,1,2,0,0,0,0,0,-1.65995322052973,0,,,345,2005,13,2,1,82,34.0996371858077,3,33,43,278,2,0,0,98,245,12,12.2025344695754,0,2.83673469387755,0.114058355437666,0.033688552767274,0.19466952009359,0,322.3,355.3
2024,REG,00-0034854,K.Hodge,KhaDarel Hodge,WR,WR,"https://static.www.nfl.com/image/upload/f_auto,q_auto/league/h3r6hfokmtgtxz8mljho",6,ATL,0,0,0,0,0,0,0,0,0,0,0,0,,0,,,0,0,0,0,0,0,,0,7,12,131,1,0,0,126,89,6,8.25685050128959,0,1.03968253968254,0.0670391061452514,0.08311345646438,0.158738078742943,1,25.1,32.1
2024,REG,00-0034855,B.Mayfield,Baker Mayfield,QB,QB,"https://static.www.nfl.com/image/upload/f_auto,q_auto/league/xrbgtbyy8a7l0ux13hjy",17,TB,407,570,4500,41,16,40,248,4,1,3971,2439,224,116.229628282182,1,1.13321581465626,0.147174327989043,60,378,3,7,1,24,6.79403291649298,0,0,0,0,0,0,0,0,0,0,,0,,,,,0,365.8,365.8
2024,REG,00-0034857,J.Allen,Josh Allen,QB,QB,"https://static.www.nfl.com/image/upload/f_auto,q_auto/league/lq4ezafbszwwt2qsvhqv",16,BUF,307,483,3731,28,6,14,63,5,2,4022,2005,173,129.055072795865,1,0.927647936350075,0.170902006887604,102,531,12,0,0,51,57.0055015092627,0,0,0,0,0,0,0,0,0,0,,0,,,,,0,372.34,372.34
2024,REG,00-0034860,D.Pettis,Dante Pettis,WR,WR,"https://static.www.nfl.com/image/upload/f_auto,q_auto/league/bkn6mnwboawe7iucprxe",8,NO,0,0,0,0,0,0,0,0,0,0,0,0,,0,,,0,0,0,0,0,0,,0,12,28,120,1,0,0,282,36,8,-2.8346817793437,1,0.425531914893617,0.114754098360656,0.13946587537092,0.269757260300628,0,20.0,32.0
2024,REG,00-0034869,S.Darnold,Sam Darnold,QB,QB,"https://static.www.nfl.com/image/upload/f_auto,q_auto/league/agjgfwk9jk9ufoac2vpd",17,MIN,361,545,4319,35,12,48,335,5,2,4606,1753,207,50.5747506713731,0,0.937689969604863,0.121465446376643,67,212,1,3,2,23,-3.14387613588594,0,0,0,0,0,0,0,0,0,0,,0,,,,,0,307.96,307.96
2024,REG,00-0034928,S.Sims,Steven Sims,WR,WR,"https://static.www.nfl.com/image/upload/f_auto,q_auto/league/rsehft6639kzvqezebqf",1,HOU,0,0,0,0,0,0,0,0,0,0,0,0,,0,,,1,0,0,0,0,0,-0.498467388562858,0,0,0,0,0,0,0,0,0,0,,0,,,,,0,0.0,0.0
2024,REG,00-0034959,A.Beck,Andrew Beck,FB,RB,"https://static.www.nfl.com/image/upload/f_auto,q_auto/league/rsfn0gxxiu1cx6woxd38",2,HOU,0,0,0,0,0,0,0,0,0,0,0,0,,0,,,0,0,0,0,0,0,,0,0,2,0,0,0,0,21,0,0,-1.32956091535743,0,0.0,0.0294117647058824,0.0383912248628885,0.0709915044628455,0,0.0,0.0
2024,REG,00-0034960,J.Meyers,Jakobi Meyers,WR,WR,"https://static.www.nfl.com/image/upload/f_auto,q_auto/league/p1abjttm5pu8gev0gwea",15,LV,0,0,0,0,0,1,10,0,0,0,0,0,-1.56762638897635,0,,,2,23,0,0,0,1,1.41136659926269,0,87,129,1027,4,0,0,1281,293,52,31.3483058252465,1,0.801717408274785,0.248076923076923,0.34734273318872,0.615255297847489,0,131.0,218.0
2024,REG,00-0034972,A.Mattison,Alexander Mattison,RB,RB,"https://static.www.nfl.com/image/upload/f_auto,q_auto/league/uftc0gl0wzo5povcu6ih",14,LV,0,0,0,0,0,0,0,0,0,0,0,0,,0,,,132,420,4,1,1,25,-30.8919976790078,1,36,48,294,1,0,0,-4,314,13,-6.27723881433321,0,-73.5,0.117359413202934,-0.001412429378531,0.175050419239429,0,101.4,137.4
2024,REG,00-0034974,J.Love,Julian Love,SS,DB,"https://static.www.nfl.com/image/upload/f_auto,q_auto/league/aeodojl99cyqfh9ykmsa",1,SEA,0,0,0,0,0,0,0,0,0,0,0,0,,0,,,1,2,0,0,0,1,2.15276682795957,0,0,0,0,0,0,0,0,0,0,,0,,,,,0,0.2,0.2
2024,REG,00-0034975,J.Hill,Justice Hill,RB,RB,"https://static.www.nfl.com/image/upload/f_auto,q_auto/league/jeeq17ah67zxc6vdamhk",15,BAL,0,0,0,0,0,0,0,0,0,0,0,0,,0,,,47,228,1,0,0,15,0.719148058211431,0,42,51,383,3,0,0,-34,438,17,14.125376755955,0,-11.2647058823529,0.124087591240876,-0.0095774647887323,0.179427161509201,0,85.1,127.1
2024,REG,00-0034981,F.Moreau,Foster Moreau,TE,TE,"https://static.www.nfl.com/image/upload/f_auto,q_auto/league/hfcik9okcbwsbhgoaljy",15,NO,0,0,0,0,0,0,0,0,0,0,0,0,,0,,,0,0,0,0,0,0,,0,32,43,413,5,0,0,397,158,21,19.9170170508873,0,1.04030226700252,0.092274678111588,0.102823102823103,0.210388189143554,0,71.3,103.3
2024,REG,00-0035021,A.Dulin,Ashton Dulin,WR,WR,"https://static.www.nfl.com/image/upload/f_auto,q_auto/league/so1vzml0sxv84xoyyr2n",9,IND,0,0,0,0,0,0,0,0,0,0,0,0,,0,,,5,45,0,0,0,2,3.0478348499164,0,2,8,67,1,0,0,154,43,2,-6.19015198707348,0,0.435064935064935,0.0512820512820513,0.088302752293578,0.138735003528582,0,17.2,19.2
2024,REG,00-0035100,J.Browning,Jake Browning,QB,QB,"https://static.www.nfl.com/image/upload/f_auto,q_auto/league/kuxgw7azlwgyv2ptawvf",2,CIN,0,0,0,0,0,0,0,0,0,0,0,0,,0,,,2,-2,0,0,0,0,-1.65984878980089,0,0,0,0,0,0,0,0,0,0,,0,,,,,0,-0.2,-0.2
2024,REG,00-0035125,A.Ingold,Alec Ingold,FB,RB,"https://static.www.nfl.com/image/upload/f_auto,q_auto/league/ti3f1rb38z7sbxkjk2d9",9,MIA,0,0,0,0,0,0,0,0,0,0,0,0,,0,,,10,17,1,2,1,6,-10.2386299240786,0,11,12,96,0,0,0,15,76,3,3.27536204218632,0,6.4,0.0571428571428571,0.0109649122807018,0.0933897243107769,0,15.3,26.3
2024,REG,00-0035140,M.Hardman,Mecole Hardman,WR,WR,"https://static.www.nfl.com/image/upload/f_auto,q_auto/league/cfbjutuygqg7imy0qwpt",7,KC,0,0,0,0,0,0,0,0,0,0,0,0,,0,,,5,62,1,0,0,2,5.6644174066023,0,12,14,90,0,0,0,-14,99,6,4.30809964373475,0,0.0,0.0676328502415459,-0.0108780108780109,0.0938346677477112,0,21.2,33.2
2024,REG,00-0035156,J.Fox,Jack Fox,P,SPEC,"https://static.www.nfl.com/image/upload/f_auto,q_auto/league/hahgwccp7ozgsdimxocv",1,DET,1,1,17,0,0,0,0,0,0,15,2,1,3.63742909347639,0,1.13333333333333,,0,0,0,0,0,0,,0,0,0,0,0,0,0,0,0,0,,0,,,,,0,0.68,0.68
2024,REG,00-0035190,A.Cole,A.J. Cole,P,SPEC,"https://static.www.nfl.com/image/upload/f_auto,q_auto/league/iuaqixqidj73rkkwczso",1,LV,1,1,34,0,0,0,0,0,0,4,30,1,4.33391802990809,0,8.5,,0,0,0,0,0,0,,0,0,0,0,0,0,0,0,0,0,,0,,,,,0,1.36,1.36
2024,REG,00-0035208,O.Zaccheaus,Olamide Zaccheaus,WR,WR,"https://static.www.nfl.com/image/upload/f_auto,q_auto/league/hcmdnfgnnvcp0qbktpxd",15,WAS,0,0,0,0,0,0,0,0,0,0,0,0,,0,,,1,8,0,0,0,1,0.587526916584466,0,45,64,506,3,0,0,406,284,26,25.0822926334267,0,1.24630541871921,0.143176733780761,0.125308641975309,0.302481150053857,0,69.4,114.4
2024,REG,00-0035216,D.Johnson,Diontae Johnson,WR,WR,"https://static.www.nfl.com/image/upload/f_auto,q_auto/league/rjtil6ilydmwoy0btlt7",11,HOU,0,0,0,0,0,0,0,0,0,0,0,0,,0,,,2,6,0,0,0,1,2.03888299223036,0,33,67,375,3,0,0,731,91,21,-17.9822035165581,0,0.512995896032832,0.202416918429003,0.29848917925684,0.512567803123292,0,56.1,89.1
2024,REG,00-0035228,K.Murray,Kyler Murray,QB,QB,"https://static.www.nfl.com/image/upload/f_auto,q_auto/league/lsladvvsaptc29bbcah2",17,ARI,372,541,3851,21,11,30,220,4,1,3693,1970,191,65.6543678808935,0,1.04278364473328,0.115602013878477,78,572,5,4,3,27,17.827246009089,1,0,0,0,0,0,0,0,0,0,,0,,,,,0,297.24,297.24
2024,REG,00-0035229,T.Hockenson,T.J. Hockenson,TE,TE,"https://static.www.nfl.com/image/upload/f_auto,q_auto/league/n9zhffstwzae8i5di6tk",10,MIN,0,0,0,0,0,0,0,0,0,0,0,0,,0,,,0,0,0,0,0,0,,0,41,62,455,0,0,0,520,145,30,9.4577888110629,0,0.875,0.181818181818182,0.185251157819736,0.402403083201088,0,45.5,86.5
2024,REG,00-0035243,M.Sanders,Miles Sanders,RB,RB,"https://static.www.nfl.com/image/upload/f_auto,q_auto/league/lvyjbie3d0ro8ohgphe0",11,CAR,0,0,0,0,0,0,0,0,0,0,0,0,,0,,,55,205,2,0,0,12,-8.65984749678165,0,24,30,148,1,1,0,41,150,5,-17.5325809041937,0,3.60975609756098,0.0958466453674121,0.017558886509636,0.156061188607863,0,53.3,77.3
2024,REG,00-0035249,J.Oliver,Josh Oliver,TE,TE,"https://static.www.nfl.com/image/private/f_auto,q_auto/league/pwd3muzyjclgjlwwtdah",11,MIN,0,0,0,0,0,0,0,0,0,0,0,0,,0,,,0,0,0,0,0,0,,0,22,28,258,3,0,0,218,129,14,16.9629748433945,0,1.18348623853211,0.0861538461538462,0.0772775611485289,0.183325062034739,0,43.8,65.8
2024,REG,00-0035250,D.Singletary,Devin Singletary,RB,RB,"https://static.www.nfl.com/image/upload/f_auto,q_auto/league/wz8mp8xb5bdspcxosreh",15,NYG,0,0,0,0,0,0,0,0,0,0,0,0,,0,,,113,437,4,2,2,24,-11.1448167904699,0,21,24,119,0,0,0,-68,178,4,-11.2415424729697,0,-1.75,0.0634920634920635,-0.0254300673148841,0.0774370481176764,0,75.6,96.6
2024,REG,00-0035261,T.Pollard,Tony Pollard,RB,RB,"https://static.www.nfl.com/image/upload/f_auto,q_auto/league/koxn5qhfnsgvnqfqfmpp",16,TEN,0,0,0,0,0,0,0,0,0,0,0,0,,0,,,260,1079,5,2,2,53,-27.2341533806673,1,41,57,238,0,0,0,8,221,9,-14.4346104260767,0,29.75,0.13768115942029,0.0024729520865533,0.208252805591022,0,159.7,200.7
2024,REG,00-0035264,J.Stidham,Jarrett Stidham,QB,QB,"https://static.www.nfl.com/image/upload/f_auto,q_auto/league/ydf4deab7bxkpjztpze5",2,DEN,0,0,0,0,0,0,0,0,0,0,0,0,,0,,,4,5,0,0,0,1,-2.06078527146019,0,0,0,0,0,0,0,0,0,0,,0,,,,,0,0.5,0.5
2024,REG,00-0035280,J.Bailey,Jake Bailey,P,SPEC,"https://static.www.nfl.com/image/upload/f_auto,q_auto/league/zxvnyuwlbl33ho1jzfqs",1,MIA,0,0,0,0,0,0,0,0,0,0,0,0,,0,,,1,0,0,0,0,0,-2.46694559865864,0,0,0,0,0,0,0,0,0,0,,0,,,,,0,0.0,0.0
2024,REG,00-0035289,G.Minshew,Gardner Minshew,QB,QB,"https://static.www.nfl.com/image/upload/f_auto,q_auto/league/zn2kvriijuixffqfx7ob",10,LV,203,306,2013,9,10,29,164,4,3,1847,1099,106,-47.0637727828345,1,1.0898754737412,0.0332221324566161,19,58,0,2,1,5,-7.56471653372864,0,0,0,0,0,0,0,0,0,0,,0,,,,,0,96.32,96.32
2024,REG,00-0035298,S.Miller,Scott Miller,WR,WR,"https://static.www.nfl.com/image/upload/f_auto,q_auto/league/v5fxl6tig8qarofg0lo1",4,PIT,0,0,0,0,0,0,0,0,0,0,0,0,,0,,,0,0,0,0,0,0,,0,5,9,69,0,0,0,106,33,2,4.49280000955332,0,0.650943396226415,0.087378640776699,0.137662337662338,0.227431597528685,0,6.9,11.9
2024,REG,00-0035311,M.Gaskin,Myles Gaskin,RB,RB,"https://static.www.nfl.com/image/upload/f_auto,q_auto/league/dn5kacxm99pb95u8dle1",2,MIN,0,0,0,0,0,0,0,0,0,0,0,0,,0,,,3,-1,0,0,0,0,-2.23702167416923,0,1,1,11,0,0,0,-2,13,0,0.924996225512587,0,-5.5,0.0357142857142857,-0.0049751243781094,0.050088841506752,0,1.0,2.0
2024,REG,00-0035341,T.Irwin,Trenton Irwin,WR,WR,"https://static.www.nfl.com/image/upload/f_auto,q_auto/league/q6yiyvs3vlibz7w0wa9b",4,CIN,0,0,0,0,0,0,0,0,0,0,0,0,,0,,,0,0,0,0,0,0,,0,3,10,15,0,0,0,62,4,1,-6.57105825309387,0,0.241935483870968,0.0735294117647059,0.0695067264573991,0.158948826167238,0,1.5,4.5
2024,REG,00-0035406,L.Humphrey,Lil'Jordan Humphrey,WR,WR,"https://static.www.nfl.com/image/upload/f_auto,q_auto/league/yjmyfuozafxd7zwf3mlr",14,DEN,0,0,0,0,0,0,0,0,0,0,0,0,,0,,,0,0,0,0,0,0,,0,31,45,293,1,2,1,293,192,12,-8.64249681328704,0,1.0,0.100446428571429,0.0882530120481928,0.212446751290878,0,33.3,64.3
2024,REG,00-0035500,G.Dortch,Greg Dortch,WR,WR,"https://static.www.nfl.com/image/upload/f_auto,q_auto/league/gkog6lrht3rnktwiberj",17,ARI,0,0,0,0,0,0,0,0,0,0,0,0,,0,,,5,31,0,1,0,1,2.24516739317914,0,37,50,342,3,1,1,207,294,16,7.38093510685943,0,1.65217391304348,0.0956022944550669,0.0604732690622261,0.185734730026159,0,53.3,90.3
2024,REG,00-0035535,D.Slayton,Darius Slayton,WR,WR,"https://static.www.nfl.com/image/upload/f_auto,q_auto/league/zhm6evj813ucss03ndlx",16,NYG,0,0,0,0,0,0,0,0,0,0,0,0,,0,,,2,17,0,0,0,1,1.81578354432713,0,39,71,573,2,0,0,928,124,30,15.4639287520803,0,0.617456896551724,0.136015325670498,0.257777777777778,0.384467432950192,0,71.0,110.0
2024,REG,00-0035537,T.Johnson,Ty Johnson,RB,RB,"https://static.www.nfl.com/image/upload/f_auto,q_auto/league/zdedn4xqr2jy6mddh5pb",17,BUF,0,0,0,0,0,0,0,0,0,0,0,0,,0,,,41,213,1,0,0,13,0.667901443492156,0,18,25,284,3,0,0,204,170,14,23.4019209586754,0,1.3921568627451,0.0657894736842105,0.0650925335035099,0.144248983978773,0,73.7,91.7
2024,REG,00-0035544,T.Kennedy,Tom Kennedy,WR,WR,"https://static.www.nfl.com/image/upload/f_auto,q_auto/league/i4s3x6uwpru9p2czwode",1,DET,0,0,0,0,0,0,0,0,0,0,0,0,,0,,,0,0,0,0,0,0,,0,0,1,0,0,0,0,11,0,0,-2.23073649161961,0,0.0,0.0188679245283019,0.0289473684210526,0.0485650446871897,0,0.0,0.0
2024,REG,00-0035547,J.Fortson,Joseph Fortson,TE,TE,"https://static.www.nfl.com/image/private/f_auto,q_auto/league/gxhstzqswbn4z05r9rqv",3,KC,0,0,0,0,0,0,0,0,0,0,0,0,,0,,,0,0,0,0,0,0,,0,1,3,5,0,0,0,4,2,1,-5.66721887071617,0,1.25,0.0319148936170213,0.006514657980456,0.0524326010118511,0,0.5,1.5
2024,REG,00-0035567,C.Reynolds,Craig Reynolds,RB,RB,"https://static.www.nfl.com/image/upload/f_auto,q_auto/league/kfohmdfiai96uqcl7c03",7,DET,0,0,0,0,0,0,0,0,0,0,0,0,,0,,,31,139,0,1,0,6,-4.86852235585684,0,3,5,40,0,0,0,-10,42,2,-2.72788846859476,0,-4.0,0.0515463917525773,-0.0197628458498024,0.0634855955340043,0,17.9,20.9
2024,REG,00-0035594,T.Homer,Travis Homer,RB,RB,"https://static.www.nfl.com/image/upload/f_auto,q_auto/league/eg1e7va024emnbm55got",4,CHI,0,0,0,0,0,0,0,0,0,0,0,0,,0,,,6,23,0,0,0,2,0.101053662772756,0,3,3,11,0,0,0,1,10,0,-0.853370993980207,0,11.0,0.125,0.0071428571428571,0.1925,0,3.4,6.4
2024,REG,00-0035602,A.Bachman,Alex Bachman,WR,WR,"https://static.www.nfl.com/image/upload/f_auto,q_auto/league/cwpp03jqrvyacbjbzkxb",1,LV,0,0,0,0,0,0,0,0,0,0,0,0,,0,,,0,0,0,0,0,0,,0,3,3,31,0,0,0,21,10,2,1.0225745011121,0,1.47619047619048,0.0810810810810811,0.114754098360656,0.201949490474081,0,3.1,6.1
2024,REG,00-0035628,D.Johnson,D'Ernest Johnson,RB,RB,"https://static.www.nfl.com/image/upload/f_auto,q_auto/league/gbe2eojaxid4n3pmo0rj",12,JAX,0,0,0,0,0,0,0,0,0,0,0,0,,0,,,32,143,0,0,0,7,3.19850452046026,0,12,19,96,0,0,0,7,101,3,-12.7469402806892,0,13.7142857142857,0.0678571428571429,0.0038567493112947,0.104485438803621,0,23.9,35.9
2024,REG,00-0035631,D.Sample,Drew Sample,TE,TE,"https://static.www.nfl.com/image/upload/f_auto,q_auto/league/xufsbdqfujdqnrnozhg4",11,CIN,0,0,0,0,0,0,0,0,0,0,0,0,,0,,,1,-4,0,0,0,0,-1.47945109417196,0,20,22,109,1,1,0,34,81,8,4.76400594832376,0,3.20588235294118,0.0537897310513447,0.0130718954248366,0.0898349233744027,0,16.5,36.5
2024,REG,00-0035639,P.Campbell,Parris Campbell,WR,WR,"https://static.www.nfl.com/image/upload/f_auto,q_auto/league/zesqmghc8zchkvhsv9jb",4,PHI,0,0,0,0,0,0,0,0,0,0,0,0,,0,,,0,0,0,0,0,0,,0,6,8,30,1,0,0,34,9,1,0.388467519311234,0,0.882352941176471,0.0833333333333333,0.0452127659574468,0.156648936170213,0,9.0,15.0
2024,REG,00-0035640,D.Metcalf,DK Metcalf,WR,WR,"https://static.www.nfl.com/image/upload/f_auto,q_auto/league/ezpzdcvzlu5ga4uv6oas",15,SEA,0,0,0,0,0,0,0,0,0,0,0,0,,0,,,0,0,0,0,0,0,,0,66,108,992,5,2,2,1481,263,35,24.1165249224438,0,0.669817690749494,0.21259842519685,0.410249307479224,0.606072153030733,0,125.2,191.2
2024,REG,00-0035644,N.Fant,Noah Fant,TE,TE,"https://static.www.nfl.com/image/private/f_auto,q_auto/league/w1gqasldrg3jumzdqjvy",14,SEA,0,0,0,0,0,0,0,0,0,0,0,0,,0,,,0,0,0,0,0,0,,0,48,64,500,1,0,0,339,277,25,6.5137324591809,0,1.47492625368732,0.134453781512605,0.103733170134639,0.274293891363155,0,56.0,104.0
2024,REG,00-0035659,T.McLaurin,Terry McLaurin,WR,WR,"https://static.www.nfl.com/image/upload/f_auto,q_auto/league/wokz1etv1wj1vhbmvxgs",17,WAS,0,0,0,0,0,0,0,0,0,0,0,0,,0,,,2,2,0,1,1,0,-6.18236161198001,0,82,117,1096,13,0,0,1561,292,56,71.7669081860492,0,0.70211402946829,0.232142857142857,0.403254972875226,0.630492766726944,0,185.8,267.8
2024,REG,00-0035662,M.Brown,Marquise Brown,WR,WR,"https://static.www.nfl.com/image/upload/f_auto,q_auto/league/ixuddegcphzmvjn4jq6r",2,KC,0,0,0,0,0,0,0,0,0,0,0,0,,0,,,0,0,0,0,0,0,,0,9,15,91,0,0,0,123,46,5,4.15760489745298,0,0.739837398373984,0.189873417721519,0.273942093541203,0.47656959206112,0,9.1,18.1
2024,REG,00-0035676,A.Brown,A.J. Brown,WR,WR,"https://static.www.nfl.com/image/private/f_auto,q_auto/league/a014sgzctarbvhwb35lw",13,PHI,0,0,0,0,0,0,0,0,0,0,0,0,,0,,,0,0,0,0,0,0,,0,67,97,1079,7,0,0,1168,353,51,61.8111660160473,0,0.923801369863014,0.342756183745583,0.500857632933105,0.864734618671548,0,149.9,216.9
2024,REG,00-0035685,D.Montgomery,David Montgomery,RB,RB,"https://static.www.nfl.com/image/upload/f_auto,q_auto/league/nwdb4paueb1x4gv7tlb9",14,DET,1,1,3,1,0,0,0,0,0,3,0,1,1.51914853777271,0,1.0,,185,775,12,2,1,50,-7.88477859382866,0,36,38,341,0,0,0,-18,365,16,15.9182571717093,0,-18.9444444444444,0.0894117647058824,-0.006081081081081,0.129860890302067,0,185.72,221.72
2024,REG,00-0035689,D.Knox,Dawson Knox,TE,TE,"https://static.www.nfl.com/image/upload/f_auto,q_auto/league/uazfj5l5vzow2oyfa1s6",14,BUF,0,0,0,0,0,0,0,0,0,0,0,0,,0,,,0,0,0,0,0,0,,0,22,33,311,1,0,0,316,94,12,10.1059937493992,0,0.984177215189873,0.079136690647482,0.101771336553945,0.189944971558985,0,37.1,59.1
2024,REG,00-0035700,J.Jacobs,Josh Jacobs,RB,RB,"https://static.www.nfl.com/image/upload/f_auto,q_auto/league/ksdusqxnwqtnph0htcfx",17,GB,0,0,0,0,0,0,0,0,0,0,0,0,,0,,,301,1329,15,4,3,73,-18.3153356380958,0,36,43,342,1,0,0,-41,403,15,3.26284472386551,0,-8.34146341463415,0.106699751861042,-0.0138233310856372,0.150373296031617,0,257.1,293.1
2024,REG,00-0035704,D.Lock,Drew Lock,QB,QB,"https://static.www.nfl.com/image/upload/f_auto,q_auto/league/tlkgzjnuugarxjeoj9vk",7,NYG,107,181,1071,6,5,12,88,4,2,1107,611,45,-42.7224468111007,1,0.967479674796748,-0.0063132676148476,18,133,2,1,0,9,12.0754370670766,0,0,0,0,0,0,0,0,0,0,,0,,,,,0,80.14,80.14
2024,REG,00-0035710,D.Jones,Daniel Jones,QB,QB,"https://static.www.nfl.com/image/private/f_auto,q_auto/league/zrhniboizqpxtdyz6gez",10,NYG,216,341,2070,8,7,29,172,4,2,2509,944,106,-33.3818123438119,0,0.825029892387405,0.0529979363544852,67,265,2,0,0,26,8.92621904946282,0,0,0,0,0,0,0,0,0,0,,0,,,,,0,135.3,135.3
2024,REG,00-0035719,D.Samuel,Deebo Samuel,WR,WR,"https://static.www.nfl.com/image/upload/f_auto,q_auto/league/shqoqpjwwoiexzy6cmgb",14,SF,0,0,0,0,0,1,4,0,0,0,0,0,-2.08983199129667,0,,,42,136,1,0,0,5,-9.08093104601074,0,51,81,670,3,0,0,551,421,28,11.0711857427697,0,1.21597096188748,0.197560975609756,0.158835399250504,0.407526242889987,0,104.6,155.6
2024,REG,00-0035795,J.Pierre,James Pierre,CB,DB,"https://static.www.nfl.com/image/upload/f_auto,q_auto/league/a0pp4bfqlxjxxtehhc0h",1,PIT,0,0,0,0,0,0,0,0,0,0,0,0,,0,,,0,0,0,0,0,0,,0,0,1,0,0,0,0,14,0,0,-2.67772018973483,0,0.0,0.0384615384615385,0.0426829268292683,0.0875703564727955,0,0.0,0.0
2024,REG,00-0035806,J.Hasty,Jamycal Hasty,RB,RB,"https://static.www.nfl.com/image/upload/f_auto,q_auto/league/stvclosmy6zi864kfxw7",9,NE,0,0,0,0,0,0,0,0,0,0,0,0,,0,,,20,69,0,0,0,4,-1.01269370431382,0,10,12,59,1,0,0,-2,72,2,0.58483846305171,0,-29.5,0.0606060606060606,-0.0015748031496063,0.0898067287043665,0,18.8,28.8
2024,REG,00-0035860,T.Jones,Tony Jones,RB,RB,"https://static.www.nfl.com/image/private/f_auto,q_auto/league/cgvll8lokulmws98olfa",1,ARI,0,0,0,0,0,0,0,0,0,0,0,0,,0,,,4,55,1,0,0,1,2.86425752664218,0,0,0,0,0,0,0,0,0,0,,0,,,,,0,11.5,11.5
2024,REG,00-0035891,C.White,Cody White,WR,WR,"https://static.www.nfl.com/image/upload/f_auto,q_auto/league/japxwwyjwag4j7kxy9pm",1,SEA,0,0,0,0,0,0,0,0,0,0,0,0,,0,,,0,0,0,0,0,0,,0,2,3,44,0,0,0,40,13,2,2.54746147588594,0,1.1,0.0882352941176471,0.114613180515759,0.212582167537502,0,4.4,6.4
2024,REG,00-0035924,J.Ward,Jonathan Ward,RB,RB,"https://static.www.nfl.com/image/upload/f_auto,q_auto/league/yct3a4xznwcxjvn4iosk",2,PIT,0,0,0,0,0,0,0,0,0,0,0,0,,0,,,5,22,0,0,0,1,0.204633340588771,0,0,0,0,0,0,0,0,0,0,,0,,,,,0,2.2,2.2
2024,REG,00-0035973,P.Taylor,Patrick Taylor,RB,RB,"https://static.www.nfl.com/image/upload/f_auto,q_auto/league/nd1utxii5exwfoujq5a4",5,SF,0,0,0,0,0,0,0,0,0,0,0,0,,0,,,39,183,1,0,0,11,2.13986832962837,0,3,11,25,0,0,0,39,19,2,-10.1569419174921,0,0.641025641025641,0.0833333333333333,0.0549295774647887,0.163450704225352,0,26.8,29.8
2024,REG,00-0035976,D.Chisena,Dan Chisena,WR,WR,"https://static.www.nfl.com/image/upload/f_auto,q_auto/league/dwiqdrtc7vgrvngxoiix",3,CAR,0,0,0,0,0,0,0,0,0,0,0,0,,0,,,0,0,0,0,0,0,,0,3,4,37,0,0,0,30,9,2,2.03996112314053,0,1.23333333333333,0.0459770114942529,0.0350467289719626,0.0934982275217531,0,3.7,6.7
2024,REG,00-0035993,T.Huntley,Tyler Huntley,QB,QB,"https://static.www.nfl.com/image/upload/f_auto,q_auto/league/ex2ygunvni5o5aabnhbq",5,MIA,86,133,829,3,3,15,92,4,1,1036,352,45,-17.8480365150601,0,0.80019305019305,0.0456637462486503,26,135,2,2,1,10,-0.536011616717438,0,0,0,0,0,0,0,0,0,0,,0,,,,,0,60.66,60.66
2024,REG,00-0036037,S.Franklin,Sam Franklin,SS,DB,"https://static.www.nfl.com/image/upload/f_auto,q_auto/league/umqc50da0q99u1qyhka5",1,CAR,0,0,0,0,0,0,0,0,0,0,0,0,,0,,,0,0,0,0,0,0,,0,0,1,0,0,0,0,11,0,0,-2.68345253309235,0,0.0,0.0285714285714286,0.0357142857142857,0.0678571428571429,0,0.0,0.0
2024,REG,00-0036040,J.Johnson,Juwan Johnson,TE,TE,"https://static.www.nfl.com/image/upload/f_auto,q_auto/league/pdsl9w3agc9uvjqpq1jy",15,NO,0,0,0,0,0,0,0,0,0,0,0,0,,0,,,0,0,0,0,0,0,,0,50,66,548,3,2,0,547,212,27,18.7645707134216,0,1.0018281535649,0.137787056367432,0.141234185386006,0.305544514321352,0,72.8,122.8
2024,REG,00-0036096,J.Taylor,J.J. Taylor,RB,RB,"https://static.www.nfl.com/image/upload/f_auto,q_auto/league/m8en6noemyviirgtxlgd",3,HOU,0,0,0,0,0,0,0,0,0,0,0,0,,0,,,10,44,0,0,0,1,-0.0250057432567701,0,2,3,0,0,0,0,-6,1,0,-2.49336225399748,0,0.0,0.0365853658536585,-0.0105448154657293,0.0474966779544773,0,4.4,6.4
2024,REG,00-0036133,J.Proche,James Proche,WR,WR,"https://static.www.nfl.com/image/upload/f_auto,q_auto/league/me4h87meacls1jjh0cug",2,CLE,0,0,0,0,0,0,0,0,0,0,0,0,,0,,,0,0,0,0,0,0,,0,3,3,21,0,0,0,17,4,1,0.943087106978055,0,1.23529411764706,0.0434782608695652,0.034136546184739,0.0891129736336651,0,2.1,5.1
2024,REG,00-0036139,R.Dowdle,Rico Dowdle,RB,RB,"https://static.www.nfl.com/image/upload/f_auto,q_auto/league/fe8ge4f6vvtyihou5czu",16,DAL,0,0,0,0,0,0,0,0,0,0,0,0,,0,,,235,1079,2,3,2,53,-10.528278699356,0,39,49,249,3,0,0,1,272,13,5.26208568721293,0,249.0,0.0879712746858169,0.0002606202762574,0.132139346222106,0,158.8,197.8
2024,REG,00-0036158,J.Dobbins,J.K. Dobbins,RB,RB,"https://static.www.nfl.com/image/upload/f_auto,q_auto/league/rbuyzj3kv10xrq1rfy2l",13,LAC,0,0,0,0,0,0,0,0,0,0,0,0,,0,,,195,905,9,0,0,47,4.24017250886596,0,32,38,153,0,0,0,-44,204,7,-13.866991405793,0,-3.47727272727273,0.101063829787234,-0.016260162601626,0.140213630859713,0,159.8,191.8
2024,REG,00-0036165,I.Hodgins,Isaiah Hodgins,WR,WR,"https://static.www.nfl.com/image/upload/f_auto,q_auto/league/gc1gaxelm41o1luldpek",2,NYG,0,0,0,0,0,0,0,0,0,0,0,0,,0,,,0,0,0,0,0,0,,0,2,2,12,0,0,0,11,1,0,0.517643641214818,0,1.09090909090909,0.0294117647058824,0.0215686274509804,0.0592156862745098,0,1.2,3.2
2024,REG,00-0036176,M.Kinsey,Mason Kinsey,WR,WR,"https://static.www.nfl.com/image/upload/f_auto,q_auto/league/qeddbi4d2hfqtyhsiogr",2,TEN,0,0,0,0,0,0,0,0,0,0,0,0,,0,,,0,0,0,0,0,0,,0,2,2,17,0,0,0,17,0,1,0.798377008002717,0,1.0,0.0285714285714286,0.0397196261682243,0.0706608811748999,0,1.7,3.7
2024,REG,00-0036182,N.Westbrook-Ikhine,Nick Westbrook-Ikhine,WR,WR,"https://static.www.nfl.com/image/upload/f_auto,q_auto/league/rt9ic9wzwl2pevlxt1nd",13,TEN,0,0,0,0,0,0,0,0,0,0,0,0,,0,,,0,0,0,0,0,0,,0,32,60,497,9,0,0,700,124,25,12.6874892773248,0,0.71,0.149625935162095,0.205580029368576,0.368344923301145,0,103.7,135.7
2024,REG,00-0036183,K.Wilkerson,Kristian Wilkerson,WR,WR,"https://static.www.nfl.com/image/upload/f_auto,q_auto/league/zhuu9xuvbxiy5xyofwxl",1,LV,0,0,0,0,0,0,0,0,0,0,0,0,,0,,,0,0,0,0,0,0,,0,2,3,18,1,0,0,16,11,2,2.86149290617323,0,1.125,0.0810810810810811,0.0874316939890711,0.182823807413971,0,7.8,9.8
2024,REG,00-0036187,R.Gilliam,Reggie Gilliam,FB,RB,"https://static.www.nfl.com/image/upload/f_auto,q_auto/league/qj2xzath8p7188isoxkd",2,BUF,0,0,0,0,0,0,0,0,0,0,0,0,,0,,,3,7,0,0,0,1,-0.424517516599735,0,0,0,0,0,0,0,0,0,0,,0,,,,,0,0.7,0.7
2024,REG,00-0036196,G.Davis,Gabe Davis,WR,WR,"https://static.www.nfl.com/image/upload/f_auto,q_auto/league/rlmgjtfct5qjtbwcjqg6",9,JAX,0,0,0,0,0,0,0,0,0,0,0,0,,0,,,0,0,0,0,0,0,,0,20,42,239,2,1,1,565,39,13,-4.12269204573543,0,0.423008849557522,0.161538461538462,0.240221088435374,0.410462454212454,0,33.9,53.9
2024,REG,00-0036212,T.Tagovailoa,Tua Tagovailoa,QB,QB,"https://static.www.nfl.com/image/upload/f_auto,q_auto/league/xzdbwt2ezmxk3pjcsr1n",11,MIA,291,399,2867,19,7,21,154,4,2,2271,1685,161,84.674154893303,2,1.26243945398503,0.145165693859368,17,49,0,3,0,5,0.472041753819212,0,0,0,0,0,0,0,0,0,0,,0,,,,,0,181.58,181.58
2024,REG,00-0036223,J.Taylor,Jonathan Taylor,RB,RB,"https://static.www.nfl.com/image/upload/f_auto,q_auto/league/ye4runp84oku1vnodsa7",14,IND,0,0,0,0,0,0,0,0,0,0,0,0,,0,,,303,1431,11,2,0,71,-21.015317083567,0,18,31,136,1,1,0,-10,150,7,-11.736475287762,0,-13.6,0.092814371257485,-0.0029603315571344,0.137149324796233,0,228.7,246.7
2024,REG,00-0036232,H.Bryant,Harrison Bryant,TE,TE,"https://static.www.nfl.com/image/upload/f_auto,q_auto/league/jjarmcwkadvr7tynkpuj",5,LV,0,0,0,0,0,0,0,0,0,0,0,0,,0,,,0,0,0,0,0,0,,0,9,12,86,0,0,0,41,71,5,-0.27764034923166,0,2.09756097560976,0.0731707317073171,0.0373406193078324,0.135894531076458,0,8.6,17.6
2024,REG,00-0036244,C.Parkinson,Colby Parkinson,TE,TE,"https://static.www.nfl.com/image/upload/f_auto,q_auto/league/crjyx8tutyzn8bomqbdc",15,LA,0,0,0,0,0,0,0,0,0,0,0,0,,0,,,0,0,0,0,0,0,,0,30,49,294,1,0,0,263,160,15,3.19863561993322,0,1.11787072243346,0.107692307692308,0.0852788586251621,0.221233662576075,0,35.4,65.4
2024,REG,00-0036251,Z.Moss,Zack Moss,RB,RB,"https://static.www.nfl.com/image/upload/f_auto,q_auto/league/oxrltdgoquiabhihhgnk",8,CIN,0,0,0,0,0,0,0,0,0,0,0,0,,0,,,74,242,2,2,1,13,-19.9914885412394,0,23,27,187,1,0,0,3,194,11,12.6665442464291,0,62.3333333333333,0.106719367588933,0.0018856065367693,0.161398975959138,0,58.9,81.9
2024,REG,00-0036252,M.Pittman,Michael Pittman,WR,WR,"https://static.www.nfl.com/image/private/f_auto,q_auto/league/wnymcombo2plamteihiy",16,IND,0,0,0,0,0,0,0,0,0,0,0,0,,0,,,0,0,0,0,0,0,,0,69,111,808,3,1,1,1234,259,35,2.18544207772279,0,0.654781199351702,0.242888402625821,0.249696479158236,0.539120139349496,0,96.8,165.8
2024,REG,00-0036254,C.Johnson,Collin Johnson,WR,WR,"https://static.www.nfl.com/image/upload/f_auto,q_auto/league/ijr7bal4mbsaum2lp9dq",2,CHI,0,0,0,0,0,0,0,0,0,0,0,0,,0,,,0,0,0,0,0,0,,0,1,2,6,0,0,0,16,3,1,-0.318918340955861,0,0.375,0.0327868852459016,0.0335429769392034,0.0726604117262948,0,0.6,1.6
2024,REG,00-0036259,J.Jennings,Jauan Jennings,WR,WR,"https://static.www.nfl.com/image/upload/f_auto,q_auto/league/fqyzagb57zrtegmw69eb",15,SF,0,0,0,0,0,0,0,0,0,0,0,0,,0,,,0,0,0,0,0,0,,0,77,113,975,6,1,0,1119,238,47,43.23980611465,0,0.871313672922252,0.2472647702407,0.283722109533469,0.569502632034478,0,133.5,210.5
2024,REG,00-0036261,B.Aiyuk,Brandon Aiyuk,WR,WR,"https://static.www.nfl.com/image/upload/f_auto,q_auto/league/qnfyhqxbppevv28hd3rx",7,SF,0,0,0,0,0,0,0,0,0,0,0,0,,0,,,0,0,0,0,0,0,,0,25,47,374,0,0,0,556,107,19,12.8143973824765,0,0.672661870503597,0.222748815165877,0.270823185582075,0.523699452656268,0,37.4,62.4
2024,REG,00-0036264,J.Love,Jordan Love,QB,QB,"https://static.www.nfl.com/image/upload/f_auto,q_auto/league/a8xqle2vmsnumawdhswb",15,GB,268,425,3389,25,11,14,100,1,0,3757,1654,151,58.9795194851099,3,0.90204950758584,0.126628999818639,25,83,1,3,0,9,6.11012787278668,0,0,0,0,0,0,0,0,0,0,,0,,,,,0,233.86,233.86
2024,REG,00-0036268,L.Shenault,Laviska Shenault Jr.,WR,WR,"https://static.www.nfl.com/image/upload/f_auto,q_auto/league/o3cfpcor86ghjwyn8icp",6,SEA,0,0,0,0,0,0,0,0,0,0,0,0,,0,,,1,1,0,0,0,0,-0.503968426026404,0,5,5,36,0,0,0,-10,46,2,2.91564205021132,0,0.0,0.0276243093922652,-0.0090171325518485,0.0351244713021038,1,9.7,14.7
2024,REG,00-0036275,D.Swift,D'Andre Swift,RB,RB,"https://static.www.nfl.com/image/upload/f_auto,q_auto/league/xlqznrxbapcjhxxazkbx",17,CHI,0,0,0,0,0,0,0,0,0,0,0,0,,0,,,253,959,6,1,0,43,-38.9268417686981,0,42,52,386,0,1,0,2,405,12,1.80734323618701,1,193.0,0.102970297029703,0.0006307158625039,0.154896946648307,0,172.5,214.5
2024,REG,00-0036290,C.Kmet,Cole Kmet,TE,TE,"https://static.www.nfl.com/image/upload/f_auto,q_auto/league/fdxpctcmwjupassg9g9d",14,CHI,0,0,0,0,0,0,0,0,0,0,0,0,,0,,,0,0,0,0,0,0,,0,47,55,474,4,0,0,393,181,25,27.9099520664242,1,1.20610687022901,0.125,0.119380315917375,0.271066221142163,0,73.4,120.4
2024,REG,00-0036297,D.Evans,Darrynton Evans,RB,RB,"https://static.www.nfl.com/image/upload/f_auto,q_auto/league/akmrd72vwsbpsnuh9775",1,CHI,0,0,0,0,0,0,0,0,0,0,0,0,,0,,,3,3,0,0,0,0,-1.29481282713823,0,0,0,0,0,0,0,0,0,0,,0,,,,,0,0.3,0.3
2024,REG,00-0036309,D.Mooney,Darnell Mooney,WR,WR,"https://static.www.nfl.com/image/upload/f_auto,q_auto/league/c1ixyspw0eshl3a2qrly",16,ATL,0,1,0,0,0,0,0,0,0,19,0,0,-0.423818196868524,0,0.0,,0,0,0,0,0,0,,0,64,106,992,5,0,0,1294,275,48,43.9069885450319,0,0.76661514683153,0.211155378486056,0.321890547263682,0.542056450813661,0,129.2,193.2
2024,REG,00-0036322,J.Jefferson,Justin Jefferson,WR,WR,"https://static.www.nfl.com/image/upload/f_auto,q_auto/league/vrftbpzwk6qmv0zjcysg",17,MIN,1,1,22,0,0,0,0,0,0,-5,27,1,3.05090669821948,0,0.0,,1,3,0,0,0,0,-0.218719784868881,0,103,154,1533,10,1,0,1682,487,62,64.1931116031112,0,0.91141498216409,0.297872340425532,0.375362642267351,0.709562360225444,0,214.48,317.48
2024,REG,00-0036328,A.Gibson,Antonio Gibson,RB,RB,"https://static.www.nfl.com/image/upload/f_auto,q_auto/league/hsjhpzgfdilf9cyrpeup",17,NE,0,0,0,0,0,0,0,0,0,0,0,0,,0,,,120,538,1,2,0,24,-10.6508576496562,0,23,29,206,0,0,0,53,213,12,2.40919735597762,0,3.88679245283019,0.0734177215189873,0.0183137525915688,0.122946209092579,0,80.4,103.4
2024,REG,00-0036329,A.Davis,Ashtyn Davis,SS,DB,"https://static.www.nfl.com/image/upload/f_auto,q_auto/league/xbanhtslhiidu6nutxzc",1,NYJ,0,0,0,0,0,0,0,0,0,0,0,0,,0,,,1,21,0,0,0,1,3.93401530454867,0,0,0,0,0,0,0,0,0,0,,0,,,,,0,2.1,2.1
2024,REG,00-0036331,D.Duvernay,Devin Duvernay,WR,WR,"https://static.www.nfl.com/image/upload/f_auto,q_auto/league/wynmyjmvg7cee4y6i21n",10,JAX,0,0,0,0,0,0,0,0,0,0,0,0,,0,,,4,3,0,0,0,1,-1.06709508429049,0,11,16,79,0,0,0,183,63,7,3.42231275065569,0,0.431693989071038,0.065843621399177,0.0945736434108527,0.164966982486362,0,8.2,19.2
2024,REG,00-0036332,J.Deguara,Josiah Deguara,TE,TE,"https://static.www.nfl.com/image/upload/f_auto,q_auto/league/ppvzbuhwwaus50k2xyr2",3,JAX,0,0,0,0,0,0,0,0,0,0,0,0,,0,,,0,0,0,0,0,0,,0,3,3,14,0,0,0,2,12,0,-1.31369275925681,0,7.0,0.0265486725663717,0.0025906735751295,0.0416364803521482,0,1.4,4.4
2024,REG,00-0036345,K.Osborn,K.J. Osborn,WR,WR,"https://static.www.nfl.com/image/upload/f_auto,q_auto/league/sbz79g8kzinzebiwzauv",6,NE,0,0,0,0,0,0,0,0,0,0,0,0,,0,,,0,0,0,0,0,0,,0,7,18,57,1,0,0,107,16,2,-7.30676349862729,0,0.532710280373832,0.107784431137725,0.0895397489539749,0.224354470974369,0,11.7,18.7
2024,REG,00-0036355,J.Herbert,Justin Herbert,QB,QB,"https://static.www.nfl.com/image/upload/f_auto,q_auto/league/vvwim9hpgq1zs3bufmr0",17,LAC,332,504,3870,23,3,41,244,4,1,4335,1688,175,68.9618388662315,3,0.892733564013841,0.116405748223465,69,306,2,2,1,23,5.11319123656043,0,0,0,0,0,0,0,0,0,0,,0,,,,,0,285.4,285.4
2024,REG,00-0036358,C.Lamb,CeeDee Lamb,WR,WR,"https://static.www.nfl.com/image/upload/f_auto,q_auto/league/tfuj9njqdw2dovkwhryc",15,DAL,0,0,0,0,0,0,0,0,0,0,0,0,,0,,,14,70,0,0,0,4,-3.84035386113101,0,101,152,1194,6,1,1,1190,537,54,19.6780450638385,1,1.00336134453782,0.271428571428571,0.291309669522644,0.611059625808708,0,162.4,263.4
2024,REG,00-0036360,C.Edwards-Helaire,Clyde Edwards-Helaire,RB,RB,"https://static.www.nfl.com/image/upload/f_auto,q_auto/league/lgwe3vcpwh3db31b2obg",2,NO,0,0,0,0,0,0,0,0,0,0,0,0,,0,,,13,46,0,0,0,2,-1.9589731086744,0,3,5,24,0,0,0,-4,35,1,0.482119619089644,0,-6.0,0.0684931506849315,-0.0161290322580645,0.0914494034467521,0,7.0,10.0
2024,REG,00-0036370,J.Kelley,Joshua Kelley,RB,RB,"https://static.www.nfl.com/image/private/f_auto,q_auto/league/fsu6gqcltgnofaakmq6u",1,TEN,0,0,0,0,0,0,0,0,0,0,0,0,,0,,,1,2,0,0,0,0,-0.386650822241791,0,0,0,0,0,0,0,0,0,0,,0,,,,,0,0.2,0.2
2024,REG,00-0036387,J.Reagor,Jalen Reagor,WR,WR,"https://static.www.nfl.com/image/upload/f_auto,q_auto/league/myazqfr7pzfyofksuyet",7,LAC,0,0,0,0,0,0,0,0,0,0,0,0,,0,,,3,-3,0,0,0,0,-2.34163665992674,0,7,12,100,0,1,1,123,26,3,-7.27586233012443,0,0.813008130081301,0.0574162679425837,0.0598540145985402,0.128022212132854,0,7.7,14.7
2024,REG,00-0036389,J.Hurts,Jalen Hurts,QB,QB,"https://static.www.nfl.com/image/upload/f_auto,q_auto/league/k2p5yb4qmqwoo3qcapgt",15,PHI,248,361,2903,18,5,38,271,5,3,2814,1375,139,41.3626669692714,0,1.0316275764037,0.149252156285343,150,630,14,4,2,62,42.6382794316708,0,0,0,0,0,0,0,0,0,0,,0,,,,,0,315.12,315.12
2024,REG,00-0036407,J.Jeudy,Jerry Jeudy,WR,WR,"https://static.www.nfl.com/image/upload/f_auto,q_auto/league/szca1v9butuqkjs7ekpm",17,CLE,0,0,0,0,0,0,0,0,0,0,0,0,,0,,,0,0,0,0,0,0,,0,90,145,1229,4,0,0,1611,387,57,37.6395588668923,2,0.762880198634389,0.228706624605678,0.322071171531387,0.568509756980489,0,150.9,240.9
2024,REG,00-0036410,T.Higgins,Tee Higgins,WR,WR,"https://static.www.nfl.com/image/upload/f_auto,q_auto/league/swqgkrdmjecz3vumrex5",12,CIN,0,0,0,0,0,0,0,0,0,0,0,0,,0,,,0,0,0,0,0,0,,0,73,109,911,10,1,1,1067,228,48,57.3482959927986,0,0.853795688847235,0.248858447488585,0.339484568883233,0.61092686945114,0,149.1,222.1
2024,REG,00-0036414,C.Akers,Cam Akers,RB,RB,"https://static.www.nfl.com/image/upload/f_auto,q_auto/league/dutj0wamu7giwghnmr4m",15,MIN,0,0,0,0,0,0,0,0,0,0,0,0,,0,,,104,444,2,1,1,21,-18.5232545894105,0,14,18,68,3,0,0,-27,83,4,-1.02218853071491,0,-2.51851851851852,0.0557275541795666,-0.0108739428111156,0.0759795713015689,0,79.2,93.2
2024,REG,00-0036415,V.Jefferson,Van Jefferson,WR,WR,"https://static.www.nfl.com/image/upload/f_auto,q_auto/league/v2vkt9htky3xawu8yskx",15,PIT,0,0,0,0,0,0,0,0,0,0,0,0,,0,,,0,0,0,0,0,0,,0,24,40,276,2,0,0,465,78,12,2.06995269989443,0,0.593548387096774,0.0985221674876847,0.144096684226836,0.248650930190312,0,39.6,63.6
2024,REG,00-0036422,A.Trautman,Adam Trautman,TE,TE,"https://static.www.nfl.com/image/upload/f_auto,q_auto/league/qvqigum2qjhil0z3er2c",13,DEN,0,0,0,0,0,0,0,0,0,0,0,0,,0,,,0,0,0,0,0,0,,0,13,22,188,2,0,0,125,98,8,5.87360774775152,0,1.504,0.0511627906976744,0.043721580972368,0.107349292727169,0,30.8,43.8
2024,REG,00-0036425,D.Dallas,DeeJay Dallas,RB,RB,"https://static.www.nfl.com/image/upload/f_auto,q_auto/league/qsij89kqrxap0jba9zwh",7,ARI,0,0,0,0,0,0,0,0,0,0,0,0,,0,,,9,49,0,0,0,4,1.28107167757116,0,3,3,11,1,0,0,-9,20,1,1.62032140587689,0,-1.22222222222222,0.0283018867924528,-0.0125173852573018,0.033690660508568,1,18.0,21.0
2024,REG,00-0036427,T.Johnson,Tyler Johnson,WR,WR,"https://static.www.nfl.com/image/upload/f_auto,q_auto/league/vktiajeyqc8s9s6mjws7",11,LA,0,0,0,0,0,0,0,0,0,0,0,0,,0,,,0,0,0,0,0,0,,0,26,41,291,1,0,0,229,183,10,-2.66421960092078,0,1.2707423580786,0.112021857923497,0.0861874294316899,0.228363987487429,0,35.1,61.1
2024,REG,00-0036429,C.Woerner,Charlie Woerner,TE,TE,"https://static.www.nfl.com/image/upload/f_auto,q_auto/league/hllqdtlyjbs2gbdgn6lj",8,ATL,0,0,0,0,0,0,0,0,0,0,0,0,,0,,,0,0,0,0,0,0,,0,7,12,46,0,0,0,35,21,3,-5.70739780773874,0,1.31428571428571,0.05,0.017156862745098,0.0870098039215686,0,4.6,11.6
2024,REG,00-0036438,S.Sullivan,Stephen Sullivan,TE,TE,"https://static.www.nfl.com/image/upload/f_auto,q_auto/league/miipmedtauhxf4tmilcs",1,CAR,0,0,0,0,0,0,0,0,0,0,0,0,,0,,,0,0,0,0,0,0,,0,0,1,0,0,0,0,16,0,0,-0.532159550348297,0,0.0,0.024390243902439,0.0399002493765586,0.0645155404172496,0,0.0,0.0
2024,REG,00-0036442,J.Burrow,Joe Burrow,QB,QB,"https://static.www.nfl.com/image/private/f_auto,q_auto/league/jzzqz5ubkilrn9dpxtlp",17,CIN,460,652,4918,43,9,48,278,9,5,4614,2192,253,117.020955424456,0,1.06588643259645,0.168663531878038,42,201,2,2,0,16,16.0528189284669,0,0,0,0,0,0,0,0,0,0,,0,,,,,0,372.82,372.82
2024,REG,00-0036450,K.Vaughn,Ke'Shawn Vaughn,RB,RB,"https://static.www.nfl.com/image/private/f_auto,q_auto/league/npa1msmoqbig9cqznkti",1,SF,0,0,0,0,0,0,0,0,0,0,0,0,,0,,,2,4,0,0,0,0,-0.63253441057168,0,0,0,0,0,0,0,0,0,0,,0,,,,,0,0.4,0.4
2024,REG,00-0036463,C.Blair,Chris Blair,WR,WR,"https://static.www.nfl.com/image/upload/f_auto,q_auto/league/kmm35wgunwdsmrywpatc",2,ATL,0,0,0,0,0,0,0,0,0,0,0,0,,0,,,0,0,0,0,0,0,,0,1,2,17,0,0,0,37,0,1,-3.77774241857696,0,0.45945945945946,0.0327868852459016,0.0620805369127517,0.0926367037077786,0,1.7,2.7
2024,REG,00-0036497,T.Jones,Tim Jones,WR,WR,"https://static.www.nfl.com/image/private/f_auto,q_auto/league/aufwsgk6syholp9f7dy6",3,JAX,0,0,0,0,0,0,0,0,0,0,0,0,,0,,,0,0,0,0,0,0,,0,3,5,41,0,0,0,40,17,3,1.99419450061396,0,1.025,0.0617283950617284,0.0583090379008746,0.133408919123205,0,4.1,7.1
2024,REG,00-0036510,K.Yeboah,Kenny Yeboah,TE,TE,"https://static.www.nfl.com/image/upload/f_auto,q_auto/league/zjdw9hyw3jc7pmjf5nbv",6,NYJ,0,0,0,0,0,0,0,0,0,0,0,0,,0,,,0,0,0,0,0,0,,0,5,8,47,1,0,0,37,34,3,2.71854370698566,0,1.27027027027027,0.0396039603960396,0.0346766635426429,0.0836796050739095,0,10.7,15.7
2024,REG,00-0036527,D.Turner,D.J. Turner,WR,WR,"https://static.www.nfl.com/image/upload/f_auto,q_auto/league/os5eurhh1y45sixa8phl",10,LV,0,0,0,0,0,0,0,0,0,0,0,0,,0,,,5,33,1,0,0,1,0.922777941508684,0,16,29,158,1,0,0,255,83,9,-11.2915538554032,0,0.619607843137255,0.0935483870967742,0.156923076923077,0.250168734491315,0,31.1,47.1
2024,REG,00-0036534,S.Zylstra,Shane Zylstra,TE,TE,"https://static.www.nfl.com/image/private/f_auto,q_auto/league/e6np1mvcmbxp76d7lbqy",1,DET,0,0,0,0,0,0,0,0,0,0,0,0,,0,,,0,0,0,0,0,0,,0,1,1,22,0,0,0,9,13,1,1.24364188639447,0,2.44444444444444,0.032258064516129,0.0348837209302326,0.0728057014253563,0,2.2,3.2
2024,REG,00-0036550,R.Bateman,Rashod Bateman,WR,WR,"https://static.www.nfl.com/image/upload/f_auto,q_auto/league/jkcapzvd65fxivefjv8l",16,BAL,0,0,0,0,0,0,0,0,0,0,0,0,,0,,,0,0,0,0,0,0,,0,45,72,756,9,0,0,973,184,35,44.9819791109956,0,0.776978417266187,0.170616113744076,0.2619816908993,0.439311354245624,0,129.6,174.6
2024,REG,00-0036554,N.Collins,Nico Collins,WR,WR,"https://static.www.nfl.com/image/upload/f_auto,q_auto/league/q7c9aq8rpremfygslmya",12,HOU,0,0,0,0,0,0,0,0,0,0,0,0,,0,,,0,0,0,0,0,0,,0,68,99,1006,7,0,0,1083,365,48,42.8328683307189,0,0.928901200369344,0.2475,0.354384816753927,0.619319371727749,0,142.6,210.6
2024,REG,00-0036555,C.Hubbard,Chuba Hubbard,RB,RB,"https://static.www.nfl.com/image/upload/f_auto,q_auto/league/oyis5zooijf0xfme9csj",15,CAR,0,0,0,0,0,0,0,0,0,0,0,0,,0,,,250,1195,10,1,1,62,9.69687744641844,1,43,54,171,1,3,2,-65,245,10,-22.2440359072643,0,-2.63076923076923,0.144385026737968,-0.0251742835011619,0.198955541656139,0,198.6,241.6
2024,REG,00-0036556,B.Jordan,Brevin Jordan,TE,TE,"https://static.www.nfl.com/image/upload/f_auto,q_auto/league/sw6kge0me7ei8opbvfjq",2,HOU,0,0,0,0,0,0,0,0,0,0,0,0,,0,,,0,0,0,0,0,0,,0,2,3,7,0,0,0,1,3,1,1.45120431156829,0,7.0,0.0461538461538462,0.0019762845849802,0.0706141684402554,0,0.7,2.7
2024,REG,00-0036563,D.Lenoir,Deommodore Lenoir,CB,DB,"https://static.www.nfl.com/image/upload/f_auto,q_auto/league/p3i2vathgbtmnomt3eip",1,SF,0,0,0,0,0,0,0,0,0,0,0,0,,0,,,0,0,0,0,0,0,,0,0,0,0,0,0,0,0,0,0,,0,,,,,1,6.0,6.0
2024,REG,00-0036590,Q.Morris,Quintin Morris,TE,TE,"https://static.www.nfl.com/image/upload/f_auto,q_auto/league/ftrqrbuqecl9yhcqrcmw",5,BUF,0,0,0,0,0,0,0,0,0,0,0,0,,0,,,0,0,0,0,0,0,,0,5,8,36,1,0,0,74,22,3,1.33438812531836,0,0.486486486486487,0.0533333333333333,0.0776495278069255,0.134354669464848,0,9.6,14.6
2024,REG,00-0036613,J.Waddle,Jaylen Waddle,WR,WR,"https://static.www.nfl.com/image/private/f_auto,q_auto/league/qjsz2h6shbdnksctzeka",15,MIA,0,0,0,0,0,0,0,0,0,0,0,0,,0,,,4,12,0,0,0,1,-0.143261743331095,0,58,83,744,2,0,0,827,236,38,38.0498419702437,2,0.899637243047159,0.161793372319688,0.252750611246944,0.419615486352393,0,91.6,149.6
2024,REG,00-0036620,D.Eskridge,D'Wayne Eskridge,WR,WR,"https://static.www.nfl.com/image/upload/f_auto,q_auto/league/rtcgfdtbltkjwicxryl8",3,MIA,0,0,0,0,0,0,0,0,0,0,0,0,,0,,,0,0,0,0,0,0,,0,3,3,44,0,0,0,15,29,2,3.12941547005903,0,2.93333333333333,0.032258064516129,0.0281425891181989,0.0680869091569328,0,4.4,7.4
2024,REG,00-0036626,D.Brown,Dyami Brown,WR,WR,"https://static.www.nfl.com/image/upload/f_auto,q_auto/league/mibh7ud59ygmzm19ivac",15,WAS,0,1,0,0,0,0,0,0,0,36,0,0,-0.429860370699316,0,0.0,,3,26,0,0,0,1,1.32390876603313,0,30,40,308,1,1,1,293,218,13,1.83235906116178,0,1.05119453924915,0.0898876404494382,0.0866095181791309,0.195458123399549,0,37.4,67.4
2024,REG,00-0036628,J.Bates,John Bates,TE,TE,"https://static.www.nfl.com/image/upload/f_auto,q_auto/league/edpnkleev10rpzfgjakv",10,WAS,0,0,0,0,0,0,0,0,0,0,0,0,,0,,,0,0,0,0,0,0,,0,8,13,84,0,1,1,63,49,3,-0.650634709571023,0,1.33333333333333,0.0412698412698413,0.027027027027027,0.0808236808236808,0,6.4,14.4
2024,REG,00-0036630,T.Wallace,Tylan Wallace,WR,WR,"https://static.www.nfl.com/image/upload/f_auto,q_auto/league/e3ghtadqh39zhu0iieht",8,BAL,0,0,0,0,0,0,0,0,0,0,0,0,,0,,,0,0,0,0,0,0,,0,11,12,193,1,0,0,74,127,5,12.6860419278382,0,2.60810810810811,0.0521739130434783,0.0337591240875912,0.101892256426531,0,25.3,36.3
2024,REG,00-0036635,I.Smith-Marsette,Ihmir Smith-Marsette,WR,WR,"https://static.www.nfl.com/image/upload/f_auto,q_auto/league/jiygo0pmglxgropuaqwg",1,NYG,0,0,0,0,0,0,0,0,0,0,0,0,,0,,,0,0,0,0,0,0,,0,0,0,0,0,0,0,0,0,0,,0,,,,,1,6.0,6.0
2024,REG,00-0036637,N.Gray,Noah Gray,TE,TE,"https://static.www.nfl.com/image/upload/f_auto,q_auto/league/erihh0eiq4m76k2ejvax",16,KC,0,0,0,0,0,0,0,0,0,0,0,0,,0,,,1,-4,0,0,0,0,-1.48386008129455,0,40,49,437,5,0,0,309,210,25,23.1762432871328,0,1.41423948220065,0.0892531876138433,0.0949308755760369,0.200331394323991,0,73.3,113.3
2024,REG,00-0036640,Z.Davidson,Zach Davidson,TE,TE,"https://static.www.nfl.com/image/upload/f_auto,q_auto/league/cxvetoci2tfigdcu27bf",2,BUF,0,0,0,0,0,0,0,0,0,0,0,0,,0,,,0,0,0,0,0,0,,0,1,2,5,0,0,0,10,2,0,-0.715841856901534,0,0.5,0.0357142857142857,0.0264550264550265,0.0720899470899471,0,0.5,1.5
2024,REG,00-0036646,S.Fehoko,Simi Fehoko,WR,WR,"https://static.www.nfl.com/image/upload/f_auto,q_auto/league/fcso2vvp9tgqjm30qmuq",5,LAC,0,0,0,0,0,0,0,0,0,0,0,0,,0,,,0,0,0,0,0,0,,0,6,16,106,0,0,0,236,16,6,2.68425364916416,0,0.449152542372881,0.111888111888112,0.191247974068071,0.301705749679818,0,10.6,16.6
2024,REG,00-0036670,J.Jefferson,Jermar Jefferson,RB,RB,"https://static.www.nfl.com/image/upload/f_auto,q_auto/league/bkgrgirrdwlm05vqg74b",2,DET,0,0,0,0,0,0,0,0,0,0,0,0,,0,,,6,22,0,0,0,1,-0.785035908455029,0,1,1,10,0,0,0,0,10,1,0.488208144903183,0,0.0,0.03125,,,0,3.2,4.2
2024,REG,00-0036727,A.Prentice,Adam Prentice,FB,RB,"https://static.www.nfl.com/image/upload/f_auto,q_auto/league/yiwqv2dccizjdkw1dmye",4,NO,0,0,0,0,0,0,0,0,0,0,0,0,,0,,,0,0,0,0,0,0,,0,0,4,0,0,0,0,4,0,0,-2.76221706795447,0,0.0,0.0347826086956522,0.006060606060606,0.0564163372859025,0,0.0,0.0
2024,REG,00-0036741,J.Stoll,Jack Stoll,TE,TE,"https://static.www.nfl.com/image/upload/f_auto,q_auto/league/yfzlbe9pmziykcmgaoj3",2,PHI,0,0,0,0,0,0,0,0,0,0,0,0,,0,,,0,0,0,0,0,0,,0,2,3,10,0,0,0,12,2,0,-0.642695738060866,0,0.833333333333333,0.0625,0.0277136258660508,0.113149538106236,0,1.0,3.0
2024,REG,00-0036754,B.Wright,Brock Wright,TE,TE,"https://static.www.nfl.com/image/upload/f_auto,q_auto/league/irowew9hgqaa9vcd8fri",10,DET,0,0,0,0,0,0,0,0,0,0,0,0,,0,,,0,0,0,0,0,0,,0,13,16,100,2,0,0,81,75,7,3.07957599830115,0,1.23456790123457,0.0594795539033457,0.0513307984790875,0.12515088979038,0,22.0,35.0
2024,REG,00-0036825,F.Franks,Feleipe Franks,TE,TE,"https://static.www.nfl.com/image/upload/f_auto,q_auto/league/ylaifrye1yyefjfqknma",3,CAR,0,0,0,0,0,0,0,0,0,0,0,0,,0,,,0,0,0,0,0,0,,0,1,3,12,0,0,0,49,0,1,-2.87562593526673,0,0.244897959183673,0.0258620689655172,0.0483711747285291,0.0726529257582463,0,1.2,2.2
2024,REG,00-0036841,A.Trammell,Austin Trammell,WR,WR,"https://static.www.nfl.com/image/upload/f_auto,q_auto/league/spxcsfhejojjtk2ruqbw",1,JAX,0,0,0,0,0,0,0,0,0,0,0,0,,0,,,0,0,0,0,0,0,,0,2,3,40,0,0,0,44,9,2,2.74440120303188,0,0.909090909090909,0.1,0.164794007490637,0.265355805243446,0,4.0,6.0
2024,REG,00-0036842,K.Nwangwu,Kene Nwangwu,RB,RB,"https://static.www.nfl.com/image/upload/f_auto,q_auto/league/eti2uf3a3u1igqoornct",1,NYJ,0,0,0,0,0,0,0,0,0,0,0,0,,0,,,0,0,0,0,0,0,,0,0,0,0,0,0,0,0,0,0,,0,,,,,1,6.0,6.0
2024,REG,00-0036849,T.Atwell,Tutu Atwell,WR,WR,"https://static.www.nfl.com/image/upload/f_auto,q_auto/league/hpvbp9pn7ifbh62nde0n",15,LA,0,1,0,0,0,0,0,0,0,34,0,0,-0.511101376265287,0,0.0,,2,7,0,0,0,0,-0.860710165579803,0,42,62,562,0,0,0,741,126,29,18.690671786649,0,0.758434547908232,0.133333333333333,0.208673613066742,0.346071529146719,0,56.9,98.9
2024,REG,00-0036862,B.Skowronek,Ben Skowronek,WR,WR,"https://static.www.nfl.com/image/upload/f_auto,q_auto/league/piiqiz29g3jukdwkihw3",4,PIT,0,0,0,0,0,0,0,0,0,0,0,0,,0,,,0,0,0,0,0,0,,0,5,5,69,0,0,0,40,29,4,6.3531590475468,0,1.725,0.0434782608695652,0.0557103064066852,0.104214605789027,0,6.9,11.9
2024,REG,00-0036875,R.Stevenson,Rhamondre Stevenson,RB,RB,"https://static.www.nfl.com/image/private/f_auto,q_auto/league/ro2fqabc4qndtnxykvm7",15,NE,0,0,0,0,0,0,0,0,0,0,0,0,,0,,,207,801,7,6,3,40,-37.8557529582252,0,33,41,168,1,1,0,-41,237,8,5.27968738250146,2,-4.09756097560976,0.0983213429256595,-0.0143910143910144,0.137408304314779,0,142.9,175.9
2024,REG,00-0036876,K.Granson,Kylen Granson,TE,TE,"https://static.www.nfl.com/image/upload/f_auto,q_auto/league/rydvwc7sqwucvx14s8b4",14,IND,0,0,0,0,0,0,0,0,0,0,0,0,,0,,,0,0,0,0,0,0,,0,14,31,182,0,0,0,352,109,8,-8.41804032411579,0,0.517045454545455,0.0759803921568627,0.0786416443252904,0.169019739262997,0,18.2,32.2
2024,REG,00-0036877,J.Darden,Jaelon Darden,WR,WR,"https://static.www.nfl.com/image/upload/f_auto,q_auto/league/po3sqw0b1qwonkg80lrf",1,CLE,0,0,0,0,0,0,0,0,0,0,0,0,,0,,,0,0,0,0,0,0,,0,1,1,6,0,0,0,-3,9,1,0.736790606519207,0,0.0,0.0434782608695652,-0.0230769230769231,0.0490635451505017,0,0.6,1.6
2024,REG,00-0036880,P.Sewell,Penei Sewell,T,OL,"https://static.www.nfl.com/image/upload/f_auto,q_auto/league/nrhm0ayuzp9wkzfvy9nm",1,DET,0,0,0,0,0,1,1,0,0,0,0,0,-0.975853093783371,0,,,0,0,0,0,0,0,,0,0,0,0,0,0,0,0,0,0,,0,,,,,0,0.0,0.0
2024,REG,00-0036887,L.Farrell,Luke Farrell,TE,TE,"https://static.www.nfl.com/image/upload/f_auto,q_auto/league/f2z7wpmx7ngtxcqqedla",10,JAX,0,0,0,0,0,0,0,0,0,0,0,0,,0,,,0,0,0,0,0,0,,0,12,17,67,0,0,0,82,30,4,-4.63900519255549,0,0.817073170731707,0.0524691358024691,0.027287853577371,0.0978052012078634,0,6.7,18.7
2024,REG,00-0036893,N.Harris,Najee Harris,RB,RB,"https://static.www.nfl.com/image/upload/f_auto,q_auto/league/pdyv1dfyb1w0tmvnkp3v",17,PIT,0,0,0,0,0,0,0,0,0,0,0,0,,0,,,263,1043,6,0,0,50,-16.9647778196959,0,36,48,283,0,0,0,-70,329,13,4.22992975561647,0,-4.04285714285714,0.117073170731707,-0.0225370251126851,0.159833838518681,0,168.6,204.6
2024,REG,00-0036894,P.Freiermuth,Pat Freiermuth,TE,TE,"https://static.www.nfl.com/image/upload/f_auto,q_auto/league/sozfjyy3bmntjv8tmqah",17,PIT,0,0,0,0,0,0,0,0,0,0,0,0,,0,,,0,0,0,0,0,0,,0,65,78,653,7,3,2,477,279,32,35.9012325550262,0,1.36897274633124,0.169565217391304,0.131549917264203,0.346432768171899,0,103.3,168.3
2024,REG,00-0036898,D.Mills,Davis Mills,QB,QB,"https://static.www.nfl.com/image/upload/f_auto,q_auto/league/ednftvn7qywdim05j7u5",4,HOU,20,36,212,0,0,2,18,0,0,223,72,9,-5.21263952628942,0,0.95067264573991,-0.0014594142718338,3,11,0,0,0,1,-1.13970202690689,0,0,0,0,0,0,0,0,0,0,,0,,,,,0,9.58,9.58
2024,REG,00-0036900,J.Chase,Ja'Marr Chase,WR,WR,"https://static.www.nfl.com/image/upload/f_auto,q_auto/league/qkcb3qt2fhasfgtfuprd",17,CIN,0,0,0,0,0,0,0,0,0,0,0,0,,0,,,3,32,0,0,0,2,2.02173203870188,0,127,175,1708,17,0,0,1526,787,75,77.0104412978267,0,1.11926605504587,0.278662420382166,0.337237569060773,0.65405992891579,0,276.0,403.0
2024,REG,00-0036906,K.Herbert,Khalil Herbert,RB,RB,"https://static.www.nfl.com/image/upload/f_auto,q_auto/league/rz6zmdluhpsaylbvmpgr",8,CIN,0,0,0,0,0,0,0,0,0,0,0,0,,0,,,36,130,1,0,0,10,2.05374996678061,0,10,11,25,0,1,0,-23,44,0,-3.99138828425203,0,-1.08695652173913,0.0894308943089431,-0.0323943661971831,0.111470285125386,0,21.5,31.5
2024,REG,00-0036912,D.Smith,DeVonta Smith,WR,WR,"https://static.www.nfl.com/image/upload/f_auto,q_auto/league/bmdflwy52nsk7zpnfhwb",13,PHI,0,0,0,0,0,0,0,0,0,0,0,0,,0,,,1,1,0,0,0,0,-0.474341305787675,0,68,89,833,8,0,0,809,299,42,57.7459475519361,0,1.02966625463535,0.28525641025641,0.321159190154823,0.652696048492992,0,131.4,199.4
2024,REG,00-0036913,K.Toney,Kadarius Toney,WR,WR,"https://static.www.nfl.com/image/upload/f_auto,q_auto/league/nuwjpint0g5wejogudt4",2,CLE,0,0,0,0,0,0,0,0,0,0,0,0,,0,,,2,-4,0,0,0,0,-1.60571747412905,0,0,1,0,0,0,0,-5,0,0,-0.514176621800289,0,0.0,0.0175438596491228,-0.0101626016260163,0.0192019683354728,0,-0.4,-0.4
2024,REG,00-0036919,K.Gainwell,Kenneth Gainwell,RB,RB,"https://static.www.nfl.com/image/upload/f_auto,q_auto/league/prer0j0tkzsdva1yrd0i",16,PHI,0,0,0,0,0,0,0,0,0,0,0,0,,0,,,75,290,1,0,0,12,-11.4995123976042,0,16,22,116,0,0,0,23,108,5,2.34929909490165,0,5.04347826086957,0.0623229461756374,0.0080279232111692,0.0991039655112746,0,46.6,62.6
2024,REG,00-0036924,M.Carter,Michael Carter,RB,RB,"https://static.www.nfl.com/image/upload/f_auto,q_auto/league/wylipaunq6cueyj8h1in",3,ARI,0,0,0,0,0,0,0,0,0,0,0,0,,0,,,35,131,1,0,0,9,-0.478533695780356,0,11,11,57,0,0,0,-16,73,2,0.957828634709585,0,-3.5625,0.10377358490566,-0.0222531293463143,0.140083186816071,0,24.8,35.8
2024,REG,00-0036928,K.Trask,Kyle Trask,QB,QB,"https://static.www.nfl.com/image/upload/f_auto,q_auto/league/bnraldiwx6rqfbawxkvs",3,TB,1,1,5,0,0,0,0,0,0,-3,8,0,0.297810939140618,0,0.0,,5,-4,0,0,0,0,-6.62303357804194,0,0,0,0,0,0,0,0,0,0,,0,,,,,0,-0.2,-0.2
2024,REG,00-0036945,J.Fields,Justin Fields,QB,QB,"https://static.www.nfl.com/image/upload/f_auto,q_auto/league/vqcvybvs1vlqhkjvujbg",10,PIT,106,161,1106,5,1,16,124,2,1,1251,520,45,8.53987047392508,0,0.884092725819345,0.0999030128873223,62,289,5,4,0,19,2.4346262689508,0,0,0,0,0,0,0,0,0,0,,0,,,,,0,119.14,119.14
2024,REG,00-0036955,T.Marshall,Terrace Marshall,WR,WR,"https://static.www.nfl.com/image/private/f_auto,q_auto/league/wyzlucfowqdntj6nkh7m",5,LV,0,0,0,0,0,0,0,0,0,0,0,0,,0,,,0,0,0,0,0,0,,0,3,6,41,0,0,0,52,4,1,-0.519154131414975,0,0.788461538461538,0.0342857142857143,0.0369580668088131,0.0772992181947406,0,4.1,7.1
2024,REG,00-0036963,A.St. Brown,Amon-Ra St. Brown,WR,WR,"https://static.www.nfl.com/image/upload/f_auto,q_auto/league/jmfuamqblg8jag0stpnq",17,DET,1,1,7,1,0,0,0,0,0,5,2,1,1.72411598067265,0,1.4,,2,6,0,0,0,1,-0.637610856909305,0,115,141,1263,12,1,1,1081,412,71,96.3815029409276,0,1.16836262719704,0.270114942528736,0.311886901327178,0.623493244722128,0,201.18,316.18
2024,REG,00-0036970,K.Pitts,Kyle Pitts,TE,TE,"https://static.www.nfl.com/image/upload/f_auto,q_auto/league/t8ymqyhvv8i1r80jyhy2",17,ATL,0,0,0,0,0,0,0,0,0,0,0,0,,0,,,0,0,0,0,0,0,,0,47,74,602,4,0,0,623,272,21,6.94350622568147,0,0.966292134831461,0.137291280148423,0.140378548895899,0.304201904449764,0,84.2,131.2
2024,REG,00-0036971,T.Lawrence,Trevor Lawrence,QB,QB,"https://static.www.nfl.com/image/upload/f_auto,q_auto/league/ftznnho2rk2xzrculbob",10,JAX,172,284,2045,11,7,18,140,3,1,2658,834,97,3.90157262062849,3,0.769375470278405,0.0601236935971932,26,119,3,0,0,13,8.41078275876856,0,0,0,0,0,0,0,0,0,0,,0,,,,,0,145.7,145.7
2024,REG,00-0036972,M.Jones,Mac Jones,QB,QB,"https://static.www.nfl.com/image/upload/f_auto,q_auto/league/pedpdxybeus7mrovsoko",10,JAX,171,262,1672,8,8,14,100,1,1,1928,908,77,-2.45746966445156,1,0.867219917012448,0.0442028600507373,28,92,1,1,1,12,0.699630168265348,0,0,0,0,0,0,0,0,0,0,,0,,,,,0,96.08,96.08
2024,REG,00-0036973,T.Etienne,Travis Etienne,RB,RB,"https://static.www.nfl.com/image/private/f_auto,q_auto/league/ne5lyv8n6elqw77yrz9w",15,JAX,0,0,0,0,0,0,0,0,0,0,0,0,,0,,,150,558,2,1,1,31,-26.5625049911323,0,39,52,254,0,0,0,4,296,13,-4.94261641475348,0,63.5,0.110169491525424,0.0009871668311944,0.165945254069972,0,91.2,130.2
2024,REG,00-0036980,E.Moore,Elijah Moore,WR,WR,"https://static.www.nfl.com/image/private/f_auto,q_auto/league/bhwvzckfhhcqhb7zdqyj",17,CLE,0,0,0,0,0,0,0,0,0,0,0,0,,0,,,1,1,0,0,0,0,-0.435511637479067,0,61,102,538,1,0,0,950,133,25,-36.9109757365239,0,0.566315789473684,0.160883280757098,0.189924030387845,0.374271742407138,0,59.9,120.9
2024,REG,00-0036984,T.Sermon,Trey Sermon,RB,RB,"https://static.www.nfl.com/image/upload/f_auto,q_auto/league/freievsvipthuvrwn7uw",14,IND,0,0,0,0,0,0,0,0,0,0,0,0,,0,,,56,159,2,0,0,14,-11.2412899742813,0,16,19,99,0,0,0,6,99,3,-5.47003173385129,0,16.5,0.0574018126888218,0.0019736842105263,0.0874842979806011,0,37.8,53.8
2024,REG,00-0036988,J.Palmer,Josh Palmer,WR,WR,"https://static.www.nfl.com/image/upload/f_auto,q_auto/league/dexbsmmldvsqtr83or5l",15,LAC,0,0,0,0,0,0,0,0,0,0,0,0,,0,,,0,0,0,0,0,0,,0,39,65,584,1,0,0,991,101,28,25.219709030052,2,0.589303733602422,0.148741418764302,0.260789473684211,0.4056647597254,0,68.4,107.4
2024,REG,00-0036990,D.Deablo,Divine Deablo,MLB,LB,"https://static.www.nfl.com/image/upload/f_auto,q_auto/league/mjmvbtpxfzsetnmluwgi",1,LV,0,0,0,0,0,0,0,0,0,0,0,0,,0,,,0,0,0,0,0,0,,0,1,1,34,0,0,0,4,30,1,4.33391802990809,0,8.5,0.0217391304347826,0.0158102766798419,0.0436758893280632,0,3.4,4.4
2024,REG,00-0036997,J.Williams,Javonte Williams,RB,RB,"https://static.www.nfl.com/image/upload/f_auto,q_auto/league/dm8qipfrz2nes9kgpcyp",17,DEN,0,0,0,0,0,0,0,0,0,0,0,0,,0,,,139,513,4,2,2,30,-23.8951214236814,0,52,70,346,0,0,0,-29,395,14,-5.53631544111296,0,-11.9310344827586,0.127504553734062,-0.0092005076142132,0.184816475271144,0,105.9,157.9
2024,REG,00-0037004,H.Long,Hunter Long,TE,TE,"https://static.www.nfl.com/image/upload/f_auto,q_auto/league/zfovepcmlr4bkmm96wgp",7,LA,0,0,0,0,0,0,0,0,0,0,0,0,,0,,,0,0,0,0,0,0,,0,7,9,60,0,0,0,31,30,2,2.25959707214497,0,1.93548387096774,0.0405405405405405,0.0168569874932028,0.0726107020560528,1,12.0,19.0
2024,REG,00-0037005,T.Tremble,Tommy Tremble,TE,TE,"https://static.www.nfl.com/image/upload/f_auto,q_auto/league/jn0kmd8lg9hu4fjnnat9",10,CAR,0,0,0,0,0,0,0,0,0,0,0,0,,0,,,0,0,0,0,0,0,,0,23,32,234,2,1,1,182,125,12,4.98920218417994,0,1.28571428571429,0.0987654320987654,0.0705426356589147,0.197527993109388,0,33.4,56.4
2024,REG,00-0037012,T.Lance,Trey Lance,QB,QB,"https://static.www.nfl.com/image/upload/f_auto,q_auto/league/fas0q1ssb3ihak6pduet",4,DAL,25,41,266,0,1,4,23,0,0,268,149,13,-8.36433636120222,0,0.992537313432836,-0.0136038274241702,11,41,0,0,0,3,-2.11646263179136,0,0,0,0,0,0,0,0,0,0,,0,,,,,0,12.74,12.74
2024,REG,00-0037077,S.Howell,Sam Howell,QB,QB,"https://static.www.nfl.com/image/upload/f_auto,q_auto/league/xd9l7dbtwz8bpvygmcab",1,SEA,5,14,24,0,1,4,21,0,0,83,7,1,-15.5729183114717,0,0.289156626506024,-0.124510162997575,1,2,0,0,0,0,-0.707496352493763,0,0,0,0,0,0,0,0,0,0,,0,,,,,0,-0.84,-0.84
2024,REG,00-0037085,T.Badie,Tyler Badie,RB,RB,"https://static.www.nfl.com/image/upload/f_auto,q_auto/league/brr4ec8gkikxhqqsu1nw",3,DEN,0,0,0,0,0,0,0,0,0,0,0,0,,0,,,11,86,0,0,0,4,2.00028767611366,0,3,3,-2,0,1,1,-6,4,0,-5.94098291517003,0,0.333333333333333,0.0517241379310345,-0.0109689213893967,0.069907961923974,0,6.4,9.4
2024,REG,00-0037086,G.Calcaterra,Grant Calcaterra,TE,TE,"https://static.www.nfl.com/image/upload/f_auto,q_auto/league/vxl0kathuej280k01d2r",13,PHI,0,0,0,0,0,0,0,0,0,0,0,0,,0,,,0,0,0,0,0,0,,0,24,30,298,1,0,0,220,126,15,15.8945994717069,0,1.35454545454545,0.0952380952380952,0.0877542879936179,0.204285144452675,0,35.8,59.8
2024,REG,00-0037091,B.Melton,Bo Melton,WR,WR,"https://static.www.nfl.com/image/upload/f_auto,q_auto/league/bhmhwurwugjmymgjforf",11,GB,0,0,0,0,0,0,0,0,0,0,0,0,,0,,,8,54,0,0,0,4,1.03114152071066,0,8,17,91,0,0,0,303,7,5,-1.15580073496676,0,0.3003300330033,0.0596491228070175,0.111397058823529,0.167451625386997,0,14.5,22.5
2024,REG,00-0037093,D.Young,Dareke Young,WR,WR,"https://static.www.nfl.com/image/upload/f_auto,q_auto/league/mcmvgrgtd3ba4wkvmeg2",1,SEA,0,0,0,0,0,0,0,0,0,0,0,0,,0,,,0,0,0,0,0,0,,0,0,1,0,0,0,0,9,0,0,-1.76345443446689,0,0.0,0.04,0.0538922155688623,0.0977245508982036,0,0.0,0.0
2024,REG,00-0037120,T.Goodson,Tyler Goodson,RB,RB,"https://static.www.nfl.com/image/upload/f_auto,q_auto/league/z4ugeazvmccxxhqjoxzv",9,IND,0,0,0,0,0,0,0,0,0,0,0,0,,0,,,32,153,1,0,0,6,2.6876475440641,0,11,15,61,1,0,0,19,67,3,1.30377332802163,0,3.21052631578947,0.0691244239631337,0.0106026785714286,0.1111085109447,0,33.4,44.4
2024,REG,00-0037129,J.Blackwell,Josh Blackwell,CB,DB,"https://static.www.nfl.com/image/upload/f_auto,q_auto/league/qdy0ms8vuo4dwnl20v89",1,CHI,0,0,0,0,0,0,0,0,0,0,0,0,,0,,,0,0,0,0,0,0,,0,0,0,0,0,0,0,0,0,0,,0,,,,,1,6.0,6.0
2024,REG,00-0037132,B.Covey,Britain Covey,WR,WR,"https://static.www.nfl.com/image/upload/f_auto,q_auto/league/zxyoxfakwak4h9eiv5mu",3,PHI,0,0,0,0,0,0,0,0,0,0,0,0,,0,,,0,0,0,0,0,0,,0,7,8,34,0,0,0,9,28,2,-0.0438859926071018,0,3.77777777777778,0.0975609756097561,0.015625,0.157278963414634,0,3.4,10.4
2024,REG,00-0037156,I.Charles,Irvin Charles,WR,WR,"https://static.www.nfl.com/image/private/f_auto,q_auto/league/mhql0qf6zcitmj2r1upx",1,NYJ,0,0,0,0,0,0,0,0,0,0,0,0,,0,,,0,0,0,0,0,0,,0,0,1,0,0,0,0,3,0,0,-0.40983277419582,0,0.0,0.0256410256410256,0.0147783251231527,0.0488063660477454,0,0.0,0.0
2024,REG,00-0037197,I.Pacheco,Isiah Pacheco,RB,RB,"https://static.www.nfl.com/image/private/f_auto,q_auto/league/rzr8nxjunjeiv8bjir59",7,KC,0,0,0,0,0,0,0,0,0,0,0,0,,0,,,83,310,1,0,0,14,-13.6698753855017,0,12,16,79,0,0,0,-22,119,4,-1.85053142015522,0,-3.59090909090909,0.0761904761904762,-0.0149863760217984,0.103795251070455,0,44.9,56.9
2024,REG,00-0037207,M.Caliendo,Mike Caliendo,G,OL,"https://static.www.nfl.com/image/upload/f_auto,q_auto/league/uqqcokvjnduey0dqht4c",1,KC,0,0,0,0,0,0,0,0,0,0,0,0,,0,,,0,0,0,0,0,0,,0,1,1,5,0,0,0,2,3,1,0.788040928076953,0,2.5,0.032258064516129,0.0092165898617511,0.0548387096774194,0,0.5,1.5
2024,REG,00-0037216,J.Ross,Justyn Ross,WR,WR,"https://static.www.nfl.com/image/private/f_auto,q_auto/league/sdhlpsccscg6u97qy3ef",1,KC,0,0,0,0,0,0,0,0,0,0,0,0,,0,,,0,0,0,0,0,0,,0,0,1,0,0,0,0,10,0,0,-1.216528201635,0,0.0,0.025,0.0546448087431694,0.0757513661202186,0,0.0,0.0
2024,REG,00-0037228,J.Warren,Jaylen Warren,RB,RB,"https://static.www.nfl.com/image/upload/f_auto,q_auto/league/aaw4yacm6azisxqy273i",15,PIT,0,0,0,0,0,0,0,0,0,0,0,0,,0,,,120,511,1,1,1,28,-14.2430152464454,0,38,47,310,0,1,0,-4,315,16,1.69962213867774,0,-77.5,0.116915422885572,-0.0013431833445265,0.17443290598719,0,86.1,124.1
2024,REG,00-0037231,K.Austin,Kevin Austin,WR,WR,"https://static.www.nfl.com/image/upload/f_auto,q_auto/league/vdah0xfiadl04o4s6xd0",8,NO,0,0,0,0,0,0,0,0,0,0,0,0,,0,,,1,9,0,0,0,0,0.841218133806251,0,11,22,151,0,1,0,259,37,10,2.35145185020519,0,0.583011583011583,0.0901639344262295,0.12809099901088,0.22490960094696,0,16.0,27.0
2024,REG,00-0037238,D.London,Drake London,WR,WR,"https://static.www.nfl.com/image/upload/f_auto,q_auto/league/wikjazqtt3uunjufgqrf",17,ATL,0,0,0,0,0,0,0,0,0,0,0,0,,0,,,1,-3,0,0,0,0,-2.36973818624392,0,100,158,1271,9,0,0,1723,327,67,37.6777283147638,0,0.737666860127684,0.293135435992579,0.388237945020279,0.711469715503064,0,180.8,280.8
2024,REG,00-0037239,C.Olave,Chris Olave,WR,WR,"https://static.www.nfl.com/image/upload/f_auto,q_auto/league/riiwbow7zphqmomiazph",8,NO,0,0,0,0,0,0,0,0,0,0,0,0,,0,,,1,7,0,0,0,1,0.884859304642305,0,32,44,400,1,1,1,455,121,22,1.48773663933453,0,0.879120879120879,0.188034188034188,0.239978902953587,0.450036514118793,0,44.7,76.7
2024,REG,00-0037240,J.Williams,Jameson Williams,WR,WR,"https://static.www.nfl.com/image/upload/f_auto,q_auto/league/kt6xzcnjbe9affdfsayt",15,DET,0,0,0,0,0,0,0,0,0,0,0,0,,0,,,11,61,1,0,0,5,2.80503744306043,0,58,91,1001,7,0,0,1037,497,42,37.6172364185104,0,0.965284474445516,0.18801652892562,0.31263189629183,0.500867120792711,0,154.2,212.2
2024,REG,00-0037243,T.Smith,Tyler Smith,G,OL,"https://static.www.nfl.com/image/upload/f_auto,q_auto/league/u2awdjvudoqfmsxyjusp",1,DAL,0,0,0,0,0,0,0,0,0,0,0,0,,0,,,0,0,0,0,0,0,,0,1,1,0,0,0,0,-6,6,0,-0.987753627588972,0,0.0,0.02,-0.0128755364806867,0.0209871244635193,0,0.0,1.0
2024,REG,00-0037247,G.Pickens,George Pickens,WR,WR,"https://static.www.nfl.com/image/upload/f_auto,q_auto/league/klxzcb6p7ekngcognpiy",14,PIT,0,0,0,0,0,0,0,0,0,0,0,0,,0,,,2,-6,0,0,0,0,-1.80520472151693,0,59,103,900,3,1,1,1411,215,37,27.9176320060996,0,0.637845499645641,0.264781491002571,0.457078069322967,0.717126885029933,0,105.4,164.4
2024,REG,00-0037248,J.Cook,James Cook,RB,RB,"https://static.www.nfl.com/image/upload/f_auto,q_auto/league/bzdvrarxum9zate4te4b",16,BUF,0,0,0,0,0,0,0,0,0,0,0,0,,0,,,207,1009,16,1,0,48,10.6346900477656,0,32,38,258,2,0,0,37,260,14,12.7604462371382,0,6.97297297297297,0.0994764397905759,0.0116315624017605,0.157356753367096,0,234.7,266.7
2024,REG,00-0037252,G.Dulcich,Greg Dulcich,TE,TE,"https://static.www.nfl.com/image/upload/f_auto,q_auto/league/tt3eyuomt5onokrqstsl",3,DEN,0,0,0,0,0,0,0,0,0,0,0,0,,0,,,0,0,0,0,0,0,,0,5,12,28,0,0,0,71,15,0,-7.60457414825214,0,0.394366197183099,0.12,0.127240143369176,0.269068100358423,0,2.8,7.8
2024,REG,00-0037253,M.Jones,Marcus Jones,CB,DB,"https://static.www.nfl.com/image/private/f_auto,q_auto/league/t5dp8kwkx5dbt9nnnmig",2,NE,0,0,0,0,0,0,0,0,0,0,0,0,,0,,,1,5,0,0,0,0,0.0380158962216228,0,1,1,18,0,0,0,-7,25,1,1.65872559970012,0,0.0,0.0434782608695652,-0.0404624277456647,0.0368936918823825,0,2.3,3.3
2024,REG,00-0037256,R.White,Rachaad White,RB,RB,"https://static.www.nfl.com/image/upload/f_auto,q_auto/league/przphhlw0zga7b45qlyb",15,TB,0,0,0,0,0,0,0,0,0,0,0,0,,0,,,144,613,3,2,2,35,-15.7094108379432,0,51,57,393,6,1,1,-109,516,18,11.2300880030919,0,-3.60550458715596,0.11491935483871,-0.0321344339622642,0.14988492848448,0,148.6,199.6
2024,REG,00-0037257,D.Bell,David Bell,WR,WR,"https://static.www.nfl.com/image/private/f_auto,q_auto/league/otv2kkn3lxonp9z43bdj",1,CLE,0,0,0,0,0,0,0,0,0,0,0,0,,0,,,0,0,0,0,0,0,,0,3,3,27,0,0,0,19,8,1,3.21417321183253,0,1.42105263157895,0.0909090909090909,0.0917874396135266,0.200614844093105,0,2.7,5.7
2024,REG,00-0037258,D.Pierce,Dameon Pierce,RB,RB,"https://static.www.nfl.com/image/upload/f_auto,q_auto/league/kotnmiuvvfmfuupr0f82",9,HOU,0,0,0,0,0,0,0,0,0,0,0,0,,0,,,40,293,2,1,0,7,7.07994274201337,0,2,4,2,0,0,0,-5,5,0,-2.17200030002277,0,-0.4,0.0434782608695652,-0.0069444444444444,0.0603562801932367,0,41.5,43.5
2024,REG,00-0037261,K.Shakir,Khalil Shakir,WR,WR,"https://static.www.nfl.com/image/upload/f_auto,q_auto/league/ch2yarhiobqlvr9ls2yw",15,BUF,0,0,0,0,0,0,0,0,0,0,0,0,,0,,,2,4,0,0,0,0,-0.981347924796864,0,76,100,821,4,1,0,548,597,35,44.175831342973,0,1.49817518248175,0.229885057471264,0.155770324047754,0.453866813040325,0,106.5,182.5
2024,REG,00-0037263,T.Allgeier,Tyler Allgeier,RB,RB,"https://static.www.nfl.com/image/upload/f_auto,q_auto/league/yosaj2anmqoujqrgzecd",17,ATL,0,0,0,0,0,0,0,0,0,0,0,0,,0,,,137,644,3,0,0,43,4.43200247550139,1,13,13,88,0,0,0,-5,93,2,3.43049141039462,0,-17.6,0.0416666666666667,-0.0019716088328075,0.0611198738170347,0,93.2,106.2
2024,REG,00-0037267,J.Ford,Jerome Ford,RB,RB,"https://static.www.nfl.com/image/private/f_auto,q_auto/league/djggmwo5v8osoboiseo2",14,CLE,0,0,0,0,0,0,0,0,0,0,0,0,,0,,,104,565,3,0,0,25,5.03220676237048,0,37,43,225,0,0,0,-15,294,10,-4.88746675186396,0,-15.0,0.0964125560538117,-0.0041208791208791,0.141734218696102,0,97.0,134.0
2024,REG,00-0037276,T.Chandler,Ty Chandler,RB,RB,"https://static.www.nfl.com/image/private/f_auto,q_auto/league/map979dvuonzb8a6g13b",10,MIN,0,0,0,0,0,1,1,0,0,0,0,0,-0.598491671553347,0,,,56,182,0,0,0,9,-10.4978651366344,0,6,6,42,0,0,0,-11,53,2,2.10261043993523,0,-3.81818181818182,0.0769230769230769,-0.0128805620608899,0.106368221941992,0,22.4,28.4
2024,REG,00-0037287,V.Lowe,Vederian Lowe,T,OL,"https://static.www.nfl.com/image/upload/f_auto,q_auto/league/zcazrvuftc01kuu2cw75",1,NE,0,0,0,0,0,0,0,0,0,0,0,0,,0,,,0,0,0,0,0,0,,0,1,1,4,1,0,0,4,0,1,1.42774722713511,0,1.0,0.027027027027027,0.018018018018018,0.0531531531531532,0,6.4,7.4
2024,REG,00-0037291,J.Nailor,Jalen Nailor,WR,WR,"https://static.www.nfl.com/image/upload/f_auto,q_auto/league/fe9b3l4fz6n02gbr5zbt",15,MIN,0,0,0,0,0,0,0,0,0,0,0,0,,0,,,3,-4,0,0,0,1,-3.06586950947531,0,28,42,414,6,0,0,487,106,22,24.5631259945951,0,0.850102669404518,0.0911062906724512,0.128563885955649,0.226654156177631,0,77.0,105.0
2024,REG,00-0037292,A.Ogletree,Andrew Ogletree,TE,TE,"https://static.www.nfl.com/image/upload/f_auto,q_auto/league/xrp8dougs6jb0denyorz",11,IND,0,0,0,0,0,0,0,0,0,0,0,0,,0,,,0,0,0,0,0,0,,0,9,14,109,1,0,0,150,50,6,1.29176330126938,0,0.726666666666667,0.0432098765432099,0.0450315220654458,0.0963368802606269,0,16.9,25.9
2024,REG,00-0037300,M.Woods,Mike Woods,WR,WR,"https://static.www.nfl.com/image/private/f_auto,q_auto/league/qlps63mn8jfsvqgf7cub",5,CLE,0,0,0,0,0,0,0,0,0,0,0,0,,0,,,0,0,0,0,0,0,,0,7,17,65,0,0,0,187,35,4,-9.09170924811042,0,0.347593582887701,0.085,0.124005305039788,0.214303713527851,0,6.5,13.5
2024,REG,00-0037304,C.Heyward,Connor Heyward,TE,TE,"https://static.www.nfl.com/image/upload/f_auto,q_auto/league/b9bnasge2v2dtctdtqnf",5,PIT,0,0,0,0,0,0,0,0,0,0,0,0,,0,,,0,0,0,0,0,0,,0,6,8,40,1,0,0,67,7,3,0.155025396263227,0,0.597014925373134,0.0567375886524823,0.0598748882931189,0.127018804783907,0,10.0,16.0
2024,REG,00-0037306,J.FitzPatrick,John FitzPatrick,TE,TE,"https://static.www.nfl.com/image/upload/f_auto,q_auto/league/k7m700qda76lqtt7zj8e",1,GB,0,0,0,0,0,0,0,0,0,0,0,0,,0,,,0,0,0,0,0,0,,0,1,1,2,0,0,0,2,0,0,-0.520785233471543,0,1.0,0.0454545454545455,0.0071942446043165,0.0732177894048398,0,0.2,1.2
2024,REG,00-0037324,C.Oladokun,Chris Oladokun,QB,QB,"https://static.www.nfl.com/image/upload/f_auto,q_auto/league/l3cx5zsyz0nvwl4ycszo",1,KC,0,0,0,0,0,1,5,1,0,0,0,0,-1.38983265939169,0,,,1,5,0,0,0,0,-0.555109044536948,0,0,0,0,0,0,0,0,0,0,,0,,,,,0,0.5,0.5
2024,REG,00-0037327,S.Thompson,Skylar Thompson,QB,QB,"https://static.www.nfl.com/image/upload/f_auto,q_auto/league/pfzzkuppkzuy1obzuf0m",2,MIA,21,33,187,0,0,6,44,2,0,230,85,8,-15.5110251420131,0,0.81304347826087,0.0495764967953846,1,4,0,0,0,0,-2.46101770619862,0,0,0,0,0,0,0,0,0,0,,0,,,,,0,7.88,7.88
2024,REG,00-0037348,T.Conner,Tanner Conner,WR,WR,"https://static.www.nfl.com/image/upload/f_auto,q_auto/league/rlnlxf3p7ubbwmpx3coa",2,MIA,0,0,0,0,0,0,0,0,0,0,0,0,,0,,,0,0,0,0,0,0,,0,3,4,16,0,0,0,46,5,1,-0.835798830899876,0,0.347826086956522,0.0769230769230769,0.123989218328841,0.202177068214804,0,1.6,4.6
2024,REG,00-0037382,B.Johnson,Brandon Johnson,WR,WR,"https://static.www.nfl.com/image/upload/f_auto,q_auto/league/vb8zdr36pece37wq6eth",1,PIT,0,0,0,0,0,0,0,0,0,0,0,0,,0,,,0,0,0,0,0,0,,0,1,1,9,0,0,0,5,4,0,0.703277167282067,0,1.8,0.0384615384615385,0.0179856115107914,0.0702822357498616,0,0.9,1.9
2024,REG,00-0037422,K.Pryor,Kendric Pryor,WR,WR,"https://static.www.nfl.com/image/upload/f_auto,q_auto/league/hbgshhoxvg6og3qxqohn",1,CIN,0,0,0,0,0,0,0,0,0,0,0,0,,0,,,0,0,0,0,0,0,,0,1,1,9,0,0,0,9,0,0,0.680167773389258,0,1.0,0.027027027027027,0.0430622009569378,0.070684081210397,0,0.9,1.9
2024,REG,00-0037429,R.Blackshear,Raheem Blackshear,RB,RB,"https://static.www.nfl.com/image/upload/f_auto,q_auto/league/sv6aefajv1duatig0buu",3,CAR,0,0,0,0,0,0,0,0,0,0,0,0,,0,,,15,80,0,0,0,2,-0.66176023427397,0,0,0,0,0,0,0,0,0,0,,0,,,,,0,8.0,8.0
2024,REG,00-0037450,T.McAllister,Tyreik McAllister,RB,RB,"https://static.www.nfl.com/image/upload/f_auto,q_auto/league/tixxelivpmdjeq2wjdo6",1,LV,0,0,0,0,0,0,0,0,0,0,0,0,,0,,,2,11,0,0,0,1,-0.0164878789801151,0,0,0,0,0,0,0,0,0,0,,0,,,,,0,1.1,1.1
2024,REG,00-0037475,S.Smartt,Stone Smartt,TE,TE,"https://static.www.nfl.com/image/upload/f_auto,q_auto/league/tazdjztvhpulguzuh78l",7,LAC,0,0,0,0,0,0,0,0,0,0,0,0,,0,,,0,0,0,0,0,0,,0,16,19,208,0,1,1,192,66,11,7.43634143675445,0,1.08333333333333,0.0852017937219731,0.101372756071806,0.198763619833224,0,18.8,34.8
2024,REG,00-0037487,D.Thompkins,Deven Thompkins,WR,WR,"https://static.www.nfl.com/image/private/f_auto,q_auto/league/gt0yeyl9y8s6onw8wcdr",4,CAR,0,0,0,0,0,0,0,0,0,0,0,0,,0,,,2,7,0,0,0,0,-0.145589088846464,0,4,4,20,0,0,0,-8,28,2,-0.128483151842374,0,0.0,0.0606060606060606,-0.0121951219512195,0.0823725055432373,0,2.7,6.7
2024,REG,00-0037491,J.Russell,J.J. Russell,ILB,LB,"https://static.www.nfl.com/image/upload/f_auto,q_auto/league/ogzsthxpcatfqo6hwnjo",1,TB,0,0,0,0,0,0,0,0,0,0,0,0,,0,,,0,0,0,0,0,0,,0,0,0,0,0,0,0,0,0,0,,0,,,,,1,6.0,6.0
2024,REG,00-0037509,S.McCormick,Sincere McCormick,RB,RB,"https://static.www.nfl.com/image/upload/f_auto,q_auto/league/esocauqmcswp4jolgnom",4,LV,0,0,0,0,0,0,0,0,0,0,0,0,,0,,,39,183,0,0,0,10,0.447879384562839,0,6,7,29,0,0,0,3,29,2,-0.8935149537283,0,9.66666666666667,0.0679611650485437,0.003584229390681,0.104450708146292,0,21.2,27.2
2024,REG,00-0037524,T.Martin,Tay Martin,WR,WR,"https://static.www.nfl.com/image/upload/f_auto,q_auto/league/lw5fyir7yjme4qxrrxfy",1,TEN,0,0,0,0,0,0,0,0,0,0,0,0,,0,,,0,0,0,0,0,0,,0,1,2,49,1,0,0,63,5,1,5.36829500051681,0,0.777777777777778,0.0769230769230769,0.210702341137124,0.262876254180602,0,10.9,11.9
2024,REG,00-0037525,J.Mason,Jordan Mason,RB,RB,"https://static.www.nfl.com/image/upload/f_auto,q_auto/league/ub1ub6sxuov1f1kux1v9",12,SF,0,0,0,0,0,0,0,0,0,0,0,0,,0,,,153,789,3,3,1,37,-5.44239982114776,0,11,14,91,0,0,0,52,59,5,4.62849087317591,0,1.75,0.0590717299578059,0.0231111111111111,0.104785372714487,0,104.0,115.0
2024,REG,00-0037539,L.Krull,Lucas Krull,TE,TE,"https://static.www.nfl.com/image/upload/f_auto,q_auto/league/v3rdtydz7dh4s5oyzejs",10,DEN,0,0,0,0,0,0,0,0,0,0,0,0,,0,,,0,0,0,0,0,0,,0,19,23,152,0,0,0,118,67,7,4.49440733104711,0,1.28813559322034,0.073015873015873,0.0479479886225112,0.143087401559567,0,15.2,34.2
2024,REG,00-0037545,R.Shaheed,Rashid Shaheed,WR,WR,"https://static.www.nfl.com/image/upload/f_auto,q_auto/league/mnaref4vwyau8mbsp0ri",6,NO,0,0,0,0,0,0,0,0,0,0,0,0,,0,,,6,29,0,0,0,2,1.17259196576197,0,20,41,349,3,0,0,721,106,12,-5.93385909062968,0,0.484049930651873,0.244047619047619,0.500694444444445,0.71655753968254,1,61.8,81.8
2024,REG,00-0037557,R.Rivers,Ronnie Rivers,RB,RB,"https://static.www.nfl.com/image/upload/f_auto,q_auto/league/xjumjdizgaw4gicg6gbb",5,LA,0,0,0,0,0,0,0,0,0,0,0,0,,0,,,22,99,0,0,0,6,2.9490529182076,0,5,6,34,0,0,0,-26,58,1,-0.510779338132124,0,-1.30769230769231,0.0895522388059701,-0.0722222222222222,0.0837728026533997,0,13.3,18.3
2024,REG,00-0037569,P.Hendershot,Peyton Hendershot,TE,TE,"https://static.www.nfl.com/image/upload/f_auto,q_auto/league/d8plvjsvwdadr1ap93ci",4,KC,0,0,0,0,0,0,0,0,0,0,0,0,,0,,,0,0,0,0,0,0,,0,5,5,51,0,0,0,19,32,2,2.67603629227961,0,2.68421052631579,0.0384615384615385,0.056379821958457,0.0971581830632276,0,5.1,10.1
2024,REG,00-0037578,J.Thomas,Juanyeh Thomas,FS,DB,"https://static.www.nfl.com/image/upload/f_auto,q_auto/league/gluzbimvxdxqy27fljyf",2,DAL,0,0,0,0,0,0,0,0,0,0,0,0,,0,,,0,0,0,0,0,0,,0,1,1,4,0,0,0,4,0,0,-2.70970632729586,0,1.0,0.0185185185185185,0.0119760479041916,0.0361610113107119,1,6.4,7.4
2024,REG,00-0037594,J.Chestnut,Julius Chestnut,RB,RB,"https://static.www.nfl.com/image/upload/f_auto,q_auto/league/dmy7xkb6lv63qou6qag7",7,TEN,0,0,0,0,0,0,0,0,0,0,0,0,,0,,,22,102,0,0,0,2,-3.37659132086965,0,2,3,11,0,0,0,1,14,0,-4.59023137687473,0,11.0,0.032258064516129,0.0019607843137254,0.0497596457938014,0,11.3,13.3
2024,REG,00-0037609,A.Shampklin,Aaron Shampklin,RB,RB,"https://static.www.nfl.com/image/upload/f_auto,q_auto/league/iujjn4h87hwnj9tswfey",3,PIT,0,0,0,0,0,0,0,0,0,0,0,0,,0,,,6,17,0,0,0,1,-2.41446994639547,0,0,0,0,0,0,0,0,0,0,,0,,,,,0,1.7,1.7
2024,REG,00-0037614,J.Metchie,John Metchie,WR,WR,"https://static.www.nfl.com/image/upload/f_auto,q_auto/league/zf0d6hiyqnmtst0vwdpv",10,HOU,0,0,0,0,0,0,0,0,0,0,0,0,,0,,,0,0,0,0,0,0,,0,24,37,254,1,1,0,333,69,11,3.06795239713329,0,0.762762762762763,0.116719242902208,0.123930033494604,0.261829887799535,0,31.4,55.4
2024,REG,00-0037617,H.Haskins,Hassan Haskins,RB,RB,"https://static.www.nfl.com/image/upload/f_auto,q_auto/league/kfqhhr4xcm2iaocbvdyp",11,LAC,0,0,0,0,0,0,0,0,0,0,0,0,,0,,,34,89,2,1,1,13,-3.67970803024946,0,3,3,49,1,0,0,7,42,2,5.05651645833859,0,7.0,0.0428571428571429,0.0125,0.0730357142857143,0,29.8,32.8
2024,REG,00-0037654,T.Fisk,Tucker Fisk,TE,TE,"https://static.www.nfl.com/image/upload/f_auto,q_auto/league/jbbh7bfsjpqzsy0jcofy",7,LAC,0,0,0,0,0,0,0,0,0,0,0,0,,0,,,0,0,0,0,0,0,,0,7,8,39,0,0,0,20,21,1,0.75009550343384,0,1.95,0.0357142857142857,0.0138600138600139,0.0632734382734383,0,3.9,10.9
2024,REG,00-0037664,A.Pierce,Alec Pierce,WR,WR,"https://static.www.nfl.com/image/upload/f_auto,q_auto/league/hvtcpccoigf9cghzkxcg",16,IND,0,0,0,0,0,0,0,0,0,0,0,0,,0,,,0,0,0,0,0,0,,0,37,69,824,7,0,0,1500,118,32,40.3030859059619,0,0.549333333333333,0.143451143451143,0.292454669526224,0.419894983845072,0,124.4,161.4
2024,REG,00-0037666,J.Tolbert,Jalen Tolbert,WR,WR,"https://static.www.nfl.com/image/upload/f_auto,q_auto/league/cek1m1cbly5rfmmmjpcc",17,DAL,0,0,0,0,0,0,0,0,0,0,0,0,,0,,,0,0,0,0,0,0,,0,49,79,610,7,0,0,906,166,29,25.2190162823434,0,0.673289183222958,0.127009646302251,0.197989510489511,0.329107126796034,0,103.0,152.0
2024,REG,00-0037740,G.Wilson,Garrett Wilson,WR,WR,"https://static.www.nfl.com/image/private/f_auto,q_auto/league/llgosx4tokddwnyrgvbx",17,NYJ,0,0,0,0,0,0,0,0,0,0,0,0,,0,,,2,5,0,0,0,1,-0.123319635633379,0,101,153,1104,7,2,2,1378,442,60,21.7145724840153,1,0.801161103047896,0.259762308998302,0.347628657921292,0.632983524042357,0,150.9,251.9
2024,REG,00-0037741,J.Dotson,Jahan Dotson,WR,WR,"https://static.www.nfl.com/image/upload/f_auto,q_auto/league/myxhp9oqtcv1peactbhv",14,PHI,0,0,0,0,0,0,0,0,0,0,0,0,,0,,,1,13,0,0,0,1,0.752118825912476,0,19,33,216,0,0,0,327,72,12,-1.14436646367408,0,0.660550458715596,0.0926966292134832,0.131378063479309,0.231009588255741,0,22.9,41.9
2024,REG,00-0037742,T.Burks,Treylon Burks,WR,WR,"https://static.www.nfl.com/image/upload/f_auto,q_auto/league/xinnrxloao8wvyps7e3m",5,TEN,0,0,0,0,0,0,0,0,0,0,0,0,,0,,,2,1,0,0,0,0,-0.934104999178089,0,4,8,34,0,0,0,135,5,3,0.170757247018628,0,0.251851851851852,0.0601503759398496,0.12396694214876,0.177002423413907,0,3.5,7.5
2024,REG,00-0037744,T.McBride,Trey McBride,TE,TE,"https://static.www.nfl.com/image/upload/f_auto,q_auto/league/hfdgljgi9gfaskomdl1h",16,ARI,0,0,0,0,0,0,0,0,0,0,0,0,,0,,,1,2,1,0,0,1,0.60105633031344,0,111,147,1146,2,0,0,902,513,63,49.0713934193716,0,1.27050997782705,0.293413173652695,0.257861635220126,0.62062290513313,0,132.8,243.8
2024,REG,00-0037745,V.Jones,Velus Jones,RB,RB,"https://static.www.nfl.com/image/private/f_auto,q_auto/league/gb06eaw6prinklkdkv2d",2,CAR,0,0,0,0,0,0,0,0,0,0,0,0,,0,,,3,11,0,0,0,1,-0.520119043416344,0,1,1,8,0,0,0,-5,13,0,0.564905805396847,0,-1.6,0.0344827586206897,-0.0233644859813084,0.0353689977441186,0,1.9,2.9
2024,REG,00-0037746,B.Robinson,Brian Robinson,RB,RB,"https://static.www.nfl.com/image/private/f_auto,q_auto/league/gxcfbuvmooytbn45kvxf",14,WAS,0,0,0,0,0,0,0,0,0,0,0,0,,0,,,187,799,8,2,2,47,-12.0810657485278,0,20,25,159,0,0,0,-23,179,4,-2.82595679425869,0,-6.91304347826087,0.0679347826086957,-0.0088906068805566,0.0956787490966538,0,139.8,159.8
2024,REG,00-0037801,K.Turpin,Kavontae Turpin,WR,WR,"https://static.www.nfl.com/image/upload/f_auto,q_auto/league/lwkox2bvc6k3hqmidf4q",15,DAL,0,0,0,0,0,0,0,0,0,0,0,0,,0,,,16,92,0,1,0,6,3.18908834329341,0,31,52,420,2,1,1,439,260,18,9.19865874760476,0,0.956719817767654,0.091710758377425,0.103635505193579,0.210110991201643,2,73.2,104.2
2024,REG,00-0037805,J.Ruckert,Jeremy Ruckert,TE,TE,"https://static.www.nfl.com/image/private/f_auto,q_auto/league/w6bf97vbqitoyo5o7xaa",13,NYJ,0,0,0,0,0,0,0,0,0,0,0,0,,0,,,0,0,0,0,0,0,,0,18,28,105,0,0,0,96,84,6,-1.56919756097557,0,1.09375,0.0637813211845103,0.0345199568500539,0.119835951571803,0,10.5,28.5
2024,REG,00-0037809,C.Okonkwo,Chigoziem Okonkwo,TE,TE,"https://static.www.nfl.com/image/upload/f_auto,q_auto/league/ut2gqeq2lowknrro0wlu",16,TEN,0,0,0,0,0,0,0,0,0,0,0,0,,0,,,1,17,0,0,0,1,1.08236089721322,0,52,70,479,2,2,1,415,249,20,-8.388308787033,1,1.15421686746988,0.145530145530146,0.112071293545774,0.29674512377726,0,61.6,113.6
2024,REG,00-0037816,R.Doubs,Romeo Doubs,WR,WR,"https://static.www.nfl.com/image/upload/f_auto,q_auto/league/dyulbddqbqshoqdxgo63",13,GB,0,0,0,0,0,0,0,0,0,0,0,0,,0,,,0,0,0,0,0,0,,0,46,72,601,4,0,0,886,135,33,28.6805812525981,1,0.678329571106095,0.196185286103542,0.266787112315568,0.481028907776211,0,86.1,132.1
2024,REG,00-0037827,T.Davis-Price,Tyrion Davis-Price,RB,RB,"https://static.www.nfl.com/image/upload/f_auto,q_auto/league/np2ljgazwwq6sh9015qs",1,PHI,0,0,0,0,0,0,0,0,0,0,0,0,,0,,,3,7,0,0,0,0,-1.85095043038018,0,0,0,0,0,0,0,0,0,0,,0,,,,,0,0.7,0.7
2024,REG,00-0037834,B.Purdy,Brock Purdy,QB,QB,"https://static.www.nfl.com/image/upload/f_auto,q_auto/league/myvg8siij2bn9ecx7btm",15,SF,300,455,3864,20,12,31,156,5,3,3904,1644,178,78.7296737079858,0,0.989754098360656,0.13314515550254,66,323,5,2,0,33,19.2246525124249,0,0,0,0,0,0,0,0,0,0,,0,,,,,0,266.86,266.86
2024,REG,00-0037837,C.Austin,Calvin Austin,WR,WR,"https://static.www.nfl.com/image/private/f_auto,q_auto/league/qlt6ztqcbu0uzad6aavt",17,PIT,0,0,0,0,0,0,0,0,0,0,0,0,,0,,,0,0,0,0,0,0,,0,36,58,548,4,0,0,718,152,18,24.1411953166755,0,0.763231197771588,0.126086956521739,0.198014340871484,0.327740473392647,1,84.8,120.8
2024,REG,00-0037838,I.Likely,Isaiah Likely,TE,TE,"https://static.www.nfl.com/image/upload/f_auto,q_auto/league/xmikfnklnpjmzjhbjrur",15,BAL,0,0,0,0,0,0,0,0,0,0,0,0,,0,,,0,0,0,0,0,0,,0,42,58,477,6,1,1,467,256,26,27.7064997333677,0,1.02141327623126,0.143564356435644,0.129219701162147,0.305800325466968,0,81.7,123.7
2024,REG,00-0037840,K.Williams,Kyren Williams,RB,RB,"https://static.www.nfl.com/image/upload/f_auto,q_auto/league/vcvstwywz6iufk7iul3x",16,LA,0,0,0,0,0,0,0,0,0,0,0,0,,0,,,316,1299,14,5,3,85,-23.5208755054935,0,34,40,182,2,0,0,-32,195,6,-2.92234490951628,0,-5.6875,0.0956937799043062,-0.010752688172043,0.136013788136029,0,238.1,272.1
2024,REG,00-0038040,Z.White,Zamir White,RB,RB,"https://static.www.nfl.com/image/upload/f_auto,q_auto/league/jpxuggpx567die5348be",8,LV,0,0,0,0,0,0,0,0,0,0,0,0,,0,,,65,183,1,2,2,4,-36.2881887777818,0,6,8,30,0,0,0,-25,50,2,-2.24914509427354,0,-1.2,0.062992125984252,-0.0313676286072773,0.0725308489512839,0,23.3,29.3
2024,REG,00-0038041,J.Ferguson,Jake Ferguson,TE,TE,"https://static.www.nfl.com/image/upload/f_auto,q_auto/league/lbvrn1ibwszd6tzgh6o1",14,DAL,0,0,0,0,0,0,0,0,0,0,0,0,,0,,,0,0,0,0,0,0,,0,59,86,494,0,4,2,360,309,18,-12.7110652170717,0,1.37222222222222,0.167641325536062,0.100812097451694,0.32203045652028,0,45.4,104.4
2024,REG,00-0038046,C.Kolar,Charlie Kolar,TE,TE,"https://static.www.nfl.com/image/upload/f_auto,q_auto/league/n7duzqver13movvgcint",7,BAL,0,0,0,0,0,0,0,0,0,0,0,0,,0,,,1,2,0,0,0,1,1.71890635776799,0,9,11,131,1,0,0,66,76,4,8.18753102075425,0,1.98484848484848,0.0561224489795918,0.039030159668835,0.111504785237572,0,19.3,28.3
2024,REG,00-0038090,S.Moore,Skyy Moore,WR,WR,"https://static.www.nfl.com/image/private/f_auto,q_auto/league/wpiovviem9uugfacqkxy",2,KC,0,0,0,0,0,0,0,0,0,0,0,0,,0,,,0,0,0,0,0,0,,0,0,3,0,0,0,0,18,0,0,-2.91975799726788,0,0.0,0.0566037735849057,0.0445544554455446,0.11609377918924,0,0.0,0.0
2024,REG,00-0038092,E.Ezukanma,Erik Ezukanma,WR,WR,"https://static.www.nfl.com/image/upload/f_auto,q_auto/league/qnq5b80lyd9wjidek81f",1,MIA,0,0,0,0,0,0,0,0,0,0,0,0,,0,,,0,0,0,0,0,0,,0,0,2,0,0,0,0,59,0,0,-2.41914490703493,0,0.0,0.0645161290322581,0.292079207920792,0.301229639092942,0,0.0,0.0
2024,REG,00-0038098,P.Strong,Pierre Strong,RB,RB,"https://static.www.nfl.com/image/upload/f_auto,q_auto/league/xvsnviejqwulftgrccpb",11,CLE,0,0,0,0,0,0,0,0,0,0,0,0,,0,,,26,108,0,0,0,6,-1.51613372412976,0,14,22,104,0,0,0,6,123,3,-2.74923973012717,0,17.3333333333333,0.0672782874617737,0.0028315243039169,0.102899498205402,0,21.2,35.2
2024,REG,00-0038102,K.Pickett,Kenny Pickett,QB,QB,"https://static.www.nfl.com/image/upload/f_auto,q_auto/league/lbyu04eubfsgezqftovz",5,PHI,25,42,291,2,1,4,33,1,0,347,57,12,3.43721113255044,0,0.838616714697406,0.138397111002523,9,15,1,0,0,3,1.7277967237866,0,0,0,0,0,0,0,0,0,0,,0,,,,,0,25.14,25.14
2024,REG,00-0038104,T.Thornton,Tyquan Thornton,WR,WR,"https://static.www.nfl.com/image/private/f_auto,q_auto/league/p1kulrgf4v2grethuefi",4,NE,0,0,0,0,0,0,0,0,0,0,0,0,,0,,,0,0,0,0,0,0,,0,4,8,47,0,0,0,126,24,2,-4.84829464572249,0,0.373015873015873,0.0740740740740741,0.181034482758621,0.237835249042146,0,4.7,8.7
2024,REG,00-0038108,B.Zappe,Bailey Zappe,QB,QB,"https://static.www.nfl.com/image/upload/f_auto,q_auto/league/m0aps8mb4jev4t4tduir",1,CLE,16,31,170,1,2,1,5,0,0,220,101,8,-16.8488054084006,0,0.772727272727273,-0.0458470063085299,2,2,0,0,0,0,-0.289851196925156,0,0,0,0,0,0,0,0,0,0,,0,,,,,0,7.0,7.0
2024,REG,00-0038115,D.Bellinger,Daniel Bellinger,TE,TE,"https://static.www.nfl.com/image/upload/f_auto,q_auto/league/f9xmqszyicfahxrcqevp",7,NYG,0,0,0,0,0,0,0,0,0,0,0,0,,0,,,0,0,0,0,0,0,,0,14,17,125,0,0,0,69,53,8,5.34758740878897,0,1.81159420289855,0.0699588477366255,0.047098976109215,0.137907554881389,0,12.5,26.5
2024,REG,00-0038117,W.Robinson,Wan'Dale Robinson,WR,WR,"https://static.www.nfl.com/image/upload/f_auto,q_auto/league/z94hnehk9vgmvtad6sgi",17,NYG,0,0,0,0,0,0,0,0,0,0,0,0,,0,,,3,18,0,0,0,1,-2.68111150315963,0,93,140,699,3,0,0,656,361,36,-24.2395161905211,0,1.0655487804878,0.252707581227437,0.169640548228601,0.497809755601176,0,89.7,182.7
2024,REG,00-0038120,B.Hall,Breece Hall,RB,RB,"https://static.www.nfl.com/image/upload/f_auto,q_auto/league/ekmqygsmfkwwwdmuox4r",16,NYJ,0,0,0,0,0,0,0,0,0,0,0,0,,0,,,209,876,5,5,1,40,-22.0187637538433,2,57,76,483,3,1,1,19,496,15,-1.4884487913531,0,25.421052631579,0.138181818181818,0.0054192812321734,0.211066224135249,0,183.9,240.9
2024,REG,00-0038122,D.Ridder,Desmond Ridder,QB,QB,"https://static.www.nfl.com/image/upload/f_auto,q_auto/league/rhpusa7pfgd82d9ui6y7",5,LV,52,85,458,2,2,10,64,2,2,683,201,24,-22.0815133874012,0,0.670571010248902,0.006946867817983,9,36,0,1,0,2,1.49767392169451,0,0,0,0,0,0,0,0,0,0,,0,,,,,0,21.92,21.92
2024,REG,00-0038123,D.Belton,Dane Belton,SS,DB,"https://static.www.nfl.com/image/upload/f_auto,q_auto/league/fdbwg5bzk2dqhwixewxe",1,NYG,0,0,0,0,0,0,0,0,0,0,0,0,,0,,,1,10,0,0,0,1,3.06822815048508,0,0,0,0,0,0,0,0,0,0,,0,,,,,0,1.0,1.0
2024,REG,00-0038124,C.Watson,Christian Watson,WR,WR,"https://static.www.nfl.com/image/upload/f_auto,q_auto/league/qenktpex0mep8er8dzxj",14,GB,0,0,0,0,0,0,0,0,0,0,0,0,,0,,,4,23,0,0,0,1,0.500883241998963,0,29,53,620,2,1,1,944,149,21,18.760962031478,1,0.656779661016949,0.133501259445844,0.266892847045519,0.387076882100629,0,76.3,105.3
2024,REG,00-0038128,M.Willis,Malik Willis,QB,QB,"https://static.www.nfl.com/image/upload/f_auto,q_auto/league/e6w0hpe2pzefydmhqmr7",6,GB,40,54,550,3,0,8,37,1,1,430,274,20,16.2466392453774,0,1.27906976744186,0.185195831166979,20,138,1,0,0,6,3.9184020770295,0,0,0,0,0,0,0,0,0,0,,0,,,,,0,51.8,51.8
2024,REG,00-0038129,C.Otton,Cade Otton,TE,TE,"https://static.www.nfl.com/image/upload/f_auto,q_auto/league/mljam77kst1wlqd5y91v",14,TB,0,0,0,0,0,0,0,0,0,0,0,0,,0,,,1,-4,0,0,0,0,-1.31581017374992,0,59,87,600,4,2,1,471,311,31,12.5326922788946,0,1.27388535031847,0.190371991247265,0.169181034482759,0.403984711008828,0,81.6,140.6
2024,REG,00-0038134,K.Walker,Kenneth Walker,RB,RB,"https://static.www.nfl.com/image/upload/f_auto,q_auto/league/ielqdthtspzi0ufvs4tw",11,SEA,0,0,0,0,0,0,0,0,0,0,0,0,,0,,,153,573,7,1,0,28,-12.1427636038239,0,46,53,299,1,0,0,-63,363,19,4.87656507851286,0,-4.74603174603175,0.138020833333333,-0.0223008849557522,0.191420630530973,0,135.2,181.2
2024,REG,00-0038359,X.Smith,Xavier Smith,WR,WR,"https://static.www.nfl.com/image/upload/f_auto,q_auto/league/gbzbvyg2rlzrno7urryj",3,LA,0,0,0,0,0,0,0,0,0,0,0,0,,0,,,4,36,0,0,0,1,2.8280149831553,0,2,2,6,0,0,0,1,5,1,-0.0994464058894664,0,6.0,0.0444444444444444,0.0027247956403269,0.0685740236148956,0,4.2,6.2
2024,REG,00-0038393,D.Wicks,Dontayvion Wicks,WR,WR,"https://static.www.nfl.com/image/upload/f_auto,q_auto/league/ghsev2bmz8kvhm8dsbey",17,GB,0,0,0,0,0,0,0,0,0,0,0,0,,0,,,0,0,0,0,0,0,,0,39,76,415,5,0,0,880,139,25,-7.75879602670816,0,0.471590909090909,0.163793103448276,0.213488597768074,0.395131673610065,0,71.5,110.5
2024,REG,00-0038394,W.Mallory,Will Mallory,TE,TE,"https://static.www.nfl.com/image/upload/f_auto,q_auto/league/rxeygxqtsnqqzgmjl71g",7,IND,0,0,0,0,0,0,0,0,0,0,0,0,,0,,,0,0,0,0,0,0,,0,4,8,29,0,0,0,83,4,1,-5.9174828240939,0,0.349397590361446,0.0349344978165939,0.0349620893007582,0.0768752092354216,0,2.9,6.9
2024,REG,00-0038396,E.Gray,Eric Gray,RB,RB,"https://static.www.nfl.com/image/upload/f_auto,q_auto/league/ijjxwxv1ccyowzhpuw2k",10,NYG,0,0,0,0,0,0,0,0,0,0,0,0,,0,,,14,31,0,1,1,1,-16.0598759765853,0,10,11,82,0,0,0,-22,103,3,3.80178645587519,0,-3.72727272727273,0.0482456140350877,-0.0199456029011786,0.0584064990218066,0,9.3,19.3
2024,REG,00-0038400,T.McKee,Tanner McKee,QB,QB,"https://static.www.nfl.com/image/upload/f_auto,q_auto/league/q0uc1cubsh0rwc4ezuul",2,PHI,30,45,323,4,0,2,17,0,0,322,138,17,14.6777132762997,0,1.00310559006211,0.159161377384544,5,-1,0,0,0,1,-3.00282555824379,0,0,0,0,0,0,0,0,0,0,,0,,,,,0,28.82,28.82
2024,REG,00-0038416,T.Bagent,Tyson Bagent,QB,QB,"https://static.www.nfl.com/image/upload/f_auto,q_auto/league/m6ls9t5npcqavk3eoa9c",4,CHI,2,2,11,0,0,0,0,0,0,1,10,1,0.318867500929628,0,11.0,,6,-7,0,0,0,0,0.0,0,0,0,0,0,0,0,0,0,0,,0,,,,,0,-0.26,-0.26
2024,REG,00-0038454,K.Mitchell,Keaton Mitchell,RB,RB,"https://static.www.nfl.com/image/upload/f_auto,q_auto/league/ubl4gwglxlbxzku0qta9",2,BAL,0,0,0,0,0,0,0,0,0,0,0,0,,0,,,15,30,0,0,0,2,-5.21328950952739,0,1,1,28,0,0,0,-5,33,1,1.14997715229401,0,-5.6,0.0625,-0.0264550264550265,0.0752314814814815,0,5.8,6.8
2024,REG,00-0038465,M.Heath,Malik Heath,WR,WR,"https://static.www.nfl.com/image/upload/f_auto,q_auto/league/xbhxvulvdrkbz5svka5f",5,GB,0,0,0,0,0,0,0,0,0,0,0,0,,0,,,0,0,0,0,0,0,,0,10,13,97,2,0,0,84,23,5,8.31953933415934,0,1.1547619047619,0.0838709677419355,0.0537772087067862,0.163450497707654,0,21.7,31.7
2024,REG,00-0038476,T.DeVito,Tommy DeVito,QB,QB,"https://static.www.nfl.com/image/upload/f_auto,q_auto/league/ntolppjso4da6spe6okt",2,NYG,31,44,257,0,0,6,31,0,0,263,119,15,-8.00893249030924,0,0.977186311787072,0.0559480535296355,8,32,0,0,0,1,-2.73994594844407,0,0,0,0,0,0,0,0,0,0,,0,,,,,0,13.48,13.48
2024,REG,00-0038477,B.Ford-Wheaton,Bryce Ford-Wheaton,WR,WR,"https://static.www.nfl.com/image/upload/f_auto,q_auto/league/avfgonlaxpgblcdmfedn",1,NYG,0,0,0,0,0,0,0,0,0,0,0,0,,0,,,0,0,0,0,0,0,,0,0,0,0,0,0,0,0,0,0,,0,,,,,1,6.0,6.0
2024,REG,00-0038489,B.VanSumeren,Ben VanSumeren,FB,RB,"https://static.www.nfl.com/image/private/f_auto,q_auto/league/uf90uiqoapeb0jrzumui",1,PHI,0,0,0,0,0,0,0,0,0,0,0,0,,0,,,0,0,0,0,0,0,,0,1,1,0,0,0,0,0,0,0,-0.48021248326404,0,,0.0434782608695652,,,0,0.0,1.0
2024,REG,00-0038496,X.Gipson,Xavier Gipson,WR,WR,"https://static.www.nfl.com/image/private/f_auto,q_auto/league/tqo7wkjetkgupevxfvnv",7,NYJ,0,0,0,0,0,0,0,0,0,0,0,0,,0,,,1,5,0,0,0,1,0.405187711585313,0,6,10,39,1,0,0,112,22,3,-1.71095819136826,0,0.348214285714286,0.05,0.0790960451977401,0.130367231638418,0,10.4,16.4
2024,REG,00-0038498,E.Jenkins,E.J. Jenkins,TE,TE,"https://static.www.nfl.com/image/upload/f_auto,q_auto/league/utbs1f78kfxb51b6asit",2,PHI,0,0,0,0,0,0,0,0,0,0,0,0,,0,,,0,0,0,0,0,0,,0,1,2,7,1,0,0,9,3,1,0.799606117070653,0,0.777777777777778,0.0338983050847458,0.0199115044247788,0.0647855107244638,0,6.7,7.7
2024,REG,00-0038507,G.DuBose,Grant DuBose,WR,WR,"https://static.www.nfl.com/image/upload/f_auto,q_auto/league/ytrkyhuvudbeuc90zuok",2,MIA,0,0,0,0,0,0,0,0,0,0,0,0,,0,,,0,0,0,0,0,0,,0,2,4,11,0,0,0,47,3,1,-4.10426956950687,0,0.234042553191489,0.0526315789473684,0.0979166666666667,0.147489035087719,0,1.1,3.1
2024,REG,00-0038519,N.Remigio,Nikko Remigio,WR,WR,"https://static.www.nfl.com/image/private/f_auto,q_auto/league/zyfiv72fmfh3unajdnu0",1,KC,0,0,0,0,0,0,0,0,0,0,0,0,,0,,,0,0,0,0,0,0,,0,2,6,48,0,0,0,64,14,2,-0.401454297360033,0,0.75,0.352941176470588,0.533333333333333,0.902745098039216,0,4.8,6.8
2024,REG,00-0038542,B.Robinson,Bijan Robinson,RB,RB,"https://static.www.nfl.com/image/upload/f_auto,q_auto/league/rydwvaod6ethdjap41l6",17,ATL,0,0,0,0,0,0,0,0,0,0,0,0,,0,,,304,1456,14,1,0,82,16.8835396067896,1,61,72,431,1,0,0,-21,531,20,7.64841874230321,0,-20.5238095238095,0.133580705009276,-0.0047318611987381,0.197058754674798,0,280.7,341.7
2024,REG,00-0038543,J.Smith-Njigba,Jaxon Smith-Njigba,WR,WR,"https://static.www.nfl.com/image/upload/f_auto,q_auto/league/lfroslgx4bo5p641flvg",17,SEA,1,1,35,0,0,0,0,0,0,35,0,1,2.24360939417966,0,1.0,,5,26,0,0,0,1,0.0267391607630998,0,100,137,1130,6,1,0,1186,477,55,49.3913404936788,0,0.952782462057336,0.240773286467487,0.293564356435644,0.566654979206181,0,153.0,253.0
2024,REG,00-0038544,Q.Johnston,Quentin Johnston,WR,WR,"https://static.www.nfl.com/image/upload/f_auto,q_auto/league/jbxlvsbokf9qdqtet1qr",15,LAC,0,0,0,0,0,0,0,0,0,0,0,0,,0,,,3,6,0,0,0,0,-0.813873316859826,0,55,91,711,8,0,0,986,306,31,34.9080823615811,0,0.721095334685598,0.214622641509434,0.270359199341925,0.511185401803498,0,119.7,174.7
2024,REG,00-0038547,L.Schoonmaker,Luke Schoonmaker,TE,TE,"https://static.www.nfl.com/image/upload/f_auto,q_auto/league/fd4exg1hqzlm9sk6ruu6",10,DAL,0,0,0,0,0,0,0,0,0,0,0,0,,0,,,0,0,0,0,0,0,,0,27,36,241,1,0,0,199,97,11,9.40591506165219,0,1.21105527638191,0.0947368421052632,0.0715827338129496,0.192213176826959,0,30.1,57.1
2024,REG,00-0038550,H.Hooker,Hendon Hooker,QB,QB,"https://static.www.nfl.com/image/upload/f_auto,q_auto/league/ym5l2he8pycechphzse6",3,DET,6,9,62,0,0,1,9,0,0,58,30,3,-2.0768875653945,0,1.06896551724138,-0.0161207877164577,5,2,0,0,0,1,-2.99576760584023,0,0,0,0,0,0,0,0,0,0,,0,,,,,0,2.68,2.68
2024,REG,00-0038551,K.Miller,Kendre Miller,RB,RB,"https://static.www.nfl.com/image/upload/f_auto,q_auto/league/wyj0lpna5gbhvyfiqnis",6,NO,0,0,0,0,0,0,0,0,0,0,0,0,,0,,,39,148,1,0,0,11,-5.37066567892907,0,5,8,33,0,0,0,3,33,2,-0.583767805423122,0,11.0,0.0496894409937888,0.0022288261515601,0.0760943397967754,0,24.1,29.1
2024,REG,00-0038555,T.Bigsby,Tank Bigsby,RB,RB,"https://static.www.nfl.com/image/upload/f_auto,q_auto/league/vwl0kijb59dp20m3hs3u",15,JAX,0,0,0,0,0,0,0,0,0,0,0,0,,0,,,168,766,7,3,1,39,-0.84089315052433,0,7,12,54,0,0,0,-13,64,1,-2.84954458358698,0,-4.15384615384615,0.041958041958042,-0.0059852670349907,0.0587473760125694,0,122.0,129.0
2024,REG,00-0038558,D.Washington,Darnell Washington,TE,TE,"https://static.www.nfl.com/image/upload/f_auto,q_auto/league/i6bxioxqzrc9hepszyjf",13,PIT,0,0,0,0,0,0,0,0,0,0,0,0,,0,,,0,0,0,0,0,0,,0,19,25,200,1,0,0,108,126,9,8.60524725663709,0,1.85185185185185,0.0708215297450425,0.0444993819530284,0.137381861984684,0,26.0,45.0
2024,REG,00-0038559,M.Wilson,Michael Wilson,WR,WR,"https://static.www.nfl.com/image/upload/f_auto,q_auto/league/spsbduvpqe21tgkwhvbc",16,ARI,0,0,0,0,0,0,0,0,0,0,0,0,,0,,,1,7,0,0,0,0,-0.814475663122721,0,47,71,548,4,1,1,805,130,27,10.1235617534646,0,0.680745341614907,0.144602851323829,0.235793790275337,0.381959930178479,0,77.5,124.5
2024,REG,00-0038563,T.Tucker,Tre Tucker,WR,WR,"https://static.www.nfl.com/image/upload/f_auto,q_auto/league/soebzcfwhgnjffwqv1ox",17,LV,0,0,0,0,0,0,0,0,0,0,0,0,,0,,,9,44,1,0,0,3,2.73912213757285,0,47,81,539,3,0,0,1017,208,24,12.2734947501078,0,0.529990167158309,0.136824324324324,0.247867414087253,0.378743676347564,0,82.3,129.3
2024,REG,00-0038573,D.Davis,Derius Davis,WR,WR,"https://static.www.nfl.com/image/upload/f_auto,q_auto/league/ctk98ws4ps6p4gaei6uu",11,LAC,0,0,0,0,0,0,0,0,0,0,0,0,,0,,,12,39,0,0,0,2,-4.03776177047985,0,13,17,112,2,0,0,65,119,5,5.42593206168385,0,1.72307692307692,0.0615942028985507,0.0260939381774388,0.110657061072033,0,27.1,40.1
2024,REG,00-0038576,C.Jones,Charlie Jones,WR,WR,"https://static.www.nfl.com/image/upload/f_auto,q_auto/league/tbncr0bm5daiafdei8i8",2,CIN,0,0,0,0,0,0,0,0,0,0,0,0,,0,,,0,0,0,0,0,0,,0,1,1,5,0,0,0,5,0,0,0.163901908614207,0,1.0,0.0344827586206897,0.0308641975308642,0.0733290762026394,1,6.5,7.5
2024,REG,00-0038579,A.O'Connell,Aidan O'Connell,QB,QB,"https://static.www.nfl.com/image/upload/f_auto,q_auto/league/aphs7sdbtn8v4zo9pz6w",9,LV,154,243,1612,8,4,10,82,0,0,1921,731,78,4.30266368198077,0,0.839146277980219,0.0232293744989578,21,30,1,2,2,10,-8.12173436273588,0,0,0,0,0,0,0,0,0,0,,0,,,,,0,93.48,93.48
2024,REG,00-0038582,C.Tune,Clayton Tune,QB,QB,"https://static.www.nfl.com/image/upload/f_auto,q_auto/league/bbiianhnrupao5vm4onx",5,ARI,2,2,8,0,0,0,0,0,0,4,4,0,-1.12801867816597,0,2.0,,7,-4,0,1,1,2,-10.5396242414718,0,0,0,0,0,0,0,0,0,0,,0,,,,,0,-2.08,-2.08
2024,REG,00-0038583,D.Thompson-Robinson,Dorian Thompson-Robinson,QB,QB,"https://static.www.nfl.com/image/upload/f_auto,q_auto/league/ujuyt3hpswlin3aahmhu",6,CLE,61,118,440,0,6,8,47,2,1,710,251,20,-71.1411469733575,0,0.619718309859155,-0.0300497703945884,21,122,0,1,0,9,5.99139755265787,0,0,0,0,0,0,0,0,0,0,,0,,,,,0,15.8,15.8
2024,REG,00-0038589,J.Whyle,Josh Whyle,TE,TE,"https://static.www.nfl.com/image/upload/f_auto,q_auto/league/ccstvnbjzprcpb2j9xnb",14,TEN,0,0,0,0,0,0,0,0,0,0,0,0,,0,,,0,0,0,0,0,0,,0,28,37,248,1,0,0,209,143,14,7.96463469296365,1,1.1866028708134,0.0876777251184834,0.0582659604126011,0.172302759966546,0,32.8,60.8
2024,REG,00-0038597,C.Brown,Chase Brown,RB,RB,"https://static.www.nfl.com/image/upload/f_auto,q_auto/league/rxzzjpgjgjsmmkekp6zu",16,CIN,0,0,0,0,0,0,0,0,0,0,0,0,,0,,,229,990,7,2,1,49,-5.85863272827405,1,54,65,360,4,0,0,53,326,23,9.81889529448408,0,6.79245283018868,0.118613138686131,0.0134688691232529,0.187347916415474,0,201.0,255.0
2024,REG,00-0038606,P.Washington,Parker Washington,WR,WR,"https://static.www.nfl.com/image/private/f_auto,q_auto/league/pukz1x5ysxkhvsmcttdm",13,JAX,0,0,0,0,0,0,0,0,0,0,0,0,,0,,,0,0,0,0,0,0,,0,32,51,390,3,1,0,601,108,19,13.3345623737517,1,0.64891846921797,0.134210526315789,0.183679706601467,0.329891584094711,1,65.0,97.0
2024,REG,00-0038608,K.Boutte,Kayshon Boutte,WR,WR,"https://static.www.nfl.com/image/private/f_auto,q_auto/league/nz6t7jhx6erszovbv1bd",15,NE,0,0,0,0,0,0,0,0,0,0,0,0,,0,,,0,0,0,0,0,0,,0,43,68,589,3,0,0,1011,150,24,19.6835254341252,1,0.582591493570722,0.150110375275938,0.295614035087719,0.432095387475311,0,78.9,121.9
2024,REG,00-0038611,C.Rodriguez,Chris Rodriguez,RB,RB,"https://static.www.nfl.com/image/upload/f_auto,q_auto/league/z5nbh1nza9je683o17h1",6,WAS,0,0,0,0,0,0,0,0,0,0,0,0,,0,,,35,173,2,0,0,10,7.94025240946212,0,1,1,12,0,0,0,1,11,1,1.13839163765078,0,12.0,0.0285714285714286,0.0041322314049586,0.0457497048406139,0,30.5,31.5
2024,REG,00-0038614,S.Matlock,Scott Matlock,FB,RB,"https://static.www.nfl.com/image/upload/f_auto,q_auto/league/qin48hcmcufdvuvyefxz",5,LAC,0,0,0,0,0,0,0,0,0,0,0,0,,0,,,0,0,0,0,0,0,,0,4,5,28,0,0,0,7,23,1,1.07180205383338,0,4.0,0.0367647058823529,0.0075675675675675,0.0604443561208267,0,2.8,6.8
2024,REG,00-0038618,X.Hutchinson,Xavier Hutchinson,WR,WR,"https://static.www.nfl.com/image/upload/f_auto,q_auto/league/vlxzxhej5ffelkxrqf4g",14,HOU,0,0,0,0,0,0,0,0,0,0,0,0,,0,,,0,0,0,0,0,0,,0,12,26,117,0,0,0,264,37,6,-7.80888694642438,0,0.443181818181818,0.0588235294117647,0.0722693676430331,0.13882385146777,0,11.7,23.7
2024,REG,00-0038619,A.Iosivas,Andrei Iosivas,WR,WR,"https://static.www.nfl.com/image/upload/f_auto,q_auto/league/pgbqgzrxmbnmpcnkhsya",17,CIN,0,0,0,0,0,0,0,0,0,0,0,0,,0,,,0,0,0,0,0,0,,0,36,61,479,6,0,0,692,67,26,23.9635120646837,0,0.692196531791908,0.0971337579617834,0.15292817679558,0.252750360699581,0,83.9,119.9
2024,REG,00-0038621,D.Douglas,Demario Douglas,WR,WR,"https://static.www.nfl.com/image/private/f_auto,q_auto/league/svnh61ottqtfmcqvnbj3",16,NE,0,0,0,0,0,0,0,0,0,0,0,0,,0,,,3,16,0,0,0,0,0.736074057407677,0,66,87,621,3,1,0,531,359,31,20.8253435181423,0,1.16949152542373,0.182773109243697,0.158982035928144,0.385447089015247,0,81.7,147.7
2024,REG,00-0038622,D.Vaughn,Deuce Vaughn,RB,RB,"https://static.www.nfl.com/image/upload/f_auto,q_auto/league/uzxaeh4dssbmvz3lwaan",5,DAL,0,0,0,0,0,0,0,0,0,0,0,0,,0,,,17,70,0,0,0,2,-4.09176857437706,0,3,5,18,0,0,0,0,13,0,-1.9020850348752,0,0.0,0.0344827586206897,0.0,0.0517241379310345,0,8.8,11.8
2024,REG,00-0038636,K.McIntosh,Kenny McIntosh,RB,RB,"https://static.www.nfl.com/image/upload/f_auto,q_auto/league/tjntwl7kvcais3a8xw7y",7,SEA,0,0,0,0,0,0,0,0,0,0,0,0,,0,,,31,172,0,0,0,8,1.48807978018885,0,3,4,22,0,0,0,5,17,1,-0.404057139356155,0,4.4,0.0408163265306122,0.0102880658436214,0.0684261358864533,0,19.4,22.4
2024,REG,00-0038640,J.Brooks,Jalen Brooks,WR,WR,"https://static.www.nfl.com/image/upload/f_auto,q_auto/league/jdwbrmypfsotpdw86w6u",12,DAL,0,0,0,0,0,0,0,0,0,0,0,0,,0,,,0,0,0,0,0,0,,0,12,30,177,1,0,0,409,37,8,-17.6751778526307,0,0.432762836185819,0.0674157303370787,0.119976532707539,0.185107168400895,0,23.7,35.7
2024,REG,00-0038643,B.Willis,Brayden Willis,TE,TE,"https://static.www.nfl.com/image/upload/f_auto,q_auto/league/pz1nzzfellquco7nk65e",1,SF,0,0,0,0,0,0,0,0,0,0,0,0,,0,,,0,0,0,0,0,0,,0,0,2,0,0,0,0,11,0,0,-1.44614098226884,0,0.0,0.0476190476190476,0.0328358208955224,0.0944136460554371,0,0.0,0.0
2024,REG,00-0038647,R.Bell,Ronnie Bell,WR,WR,"https://static.www.nfl.com/image/upload/f_auto,q_auto/league/agn76jfaaawk5usur8oh",3,SF,0,0,0,0,0,0,0,0,0,0,0,0,,0,,,0,0,0,0,0,0,,0,2,6,22,0,0,0,65,2,1,-4.30638633202761,0,0.338461538461539,0.0697674418604651,0.0808457711442786,0.161243202591693,0,2.2,4.2
2024,REG,00-0038678,J.Mims,Jordan Mims,RB,RB,"https://static.www.nfl.com/image/upload/f_auto,q_auto/league/nvamfcrdqvkwtnpgmzdh",7,NO,0,0,0,0,0,0,0,0,0,0,0,0,,0,,,20,70,0,0,0,2,-3.17677546018967,0,12,18,71,0,0,0,3,80,4,-7.65832852014243,0,23.6666666666667,0.116883116883117,0.0024834437086092,0.177063085920702,0,14.1,26.1
2024,REG,00-0038679,T.Shavers,Tyrell Shavers,WR,WR,"https://static.www.nfl.com/image/upload/f_auto,q_auto/league/c9suapwpslnrvoz3ckry",1,BUF,0,0,0,0,0,0,0,0,0,0,0,0,,0,,,0,0,0,0,0,0,,0,1,1,69,1,0,0,-2,71,1,7.09404285252094,0,0.0,0.037037037037037,-0.0094339622641509,0.0489517819706499,0,12.9,13.9
2024,REG,00-0038685,C.Brooks,Christopher Brooks,RB,RB,"https://static.www.nfl.com/image/upload/f_auto,q_auto/league/uuahiqarbpnfv8xlihlu",11,GB,0,0,0,0,0,0,0,0,0,0,0,0,,0,,,36,183,1,0,0,12,4.7882587546025,0,11,13,69,0,0,0,-22,95,2,-3.78848899960691,0,-3.13636363636364,0.062200956937799,-0.0137414116177389,0.0836824472742813,0,31.2,42.2
2024,REG,00-0038705,E.Demercado,Emari Demercado,RB,RB,"https://static.www.nfl.com/image/upload/f_auto,q_auto/league/pvd4nrkfpg8h1yamerrr",13,ARI,0,0,0,0,0,0,0,0,0,0,0,0,,0,,,24,223,1,0,0,8,12.3622012627535,0,16,20,104,0,0,0,26,95,3,-3.34879443103604,0,4.0,0.0806451612903226,0.017675050985724,0.133340277625491,0,38.7,54.7
2024,REG,00-0038710,B.Whiteheart,Blake Whiteheart,TE,TE,"https://static.www.nfl.com/image/upload/f_auto,q_auto/league/kwsgfizrabfarbea4dbd",7,CLE,0,0,0,0,0,0,0,0,0,0,0,0,,0,,,0,0,0,0,0,0,,0,6,9,51,1,0,0,81,10,2,-3.7565755097894,0,0.62962962962963,0.0344827586206897,0.0467397576457011,0.0844419682830253,0,11.1,17.1
2024,REG,00-0038720,J.Hill,Julian Hill,TE,TE,"https://static.www.nfl.com/image/upload/f_auto,q_auto/league/ycrsps9cgsfkyppucwrr",11,MIA,0,0,0,0,0,0,0,0,0,0,0,0,,0,,,0,0,0,0,0,0,,0,12,19,100,0,1,0,120,58,5,4.25491516606417,0,0.833333333333333,0.0481012658227848,0.0539811066126856,0.109938673363057,0,10.0,22.0
2024,REG,00-0038738,H.Luepke,Hunter Luepke,FB,RB,"https://static.www.nfl.com/image/upload/f_auto,q_auto/league/kutswlnzg4fefe7lpbd2",13,DAL,0,0,0,0,0,0,0,0,0,0,0,0,,0,,,12,38,0,0,0,6,0.935920973610983,0,12,16,111,0,0,0,39,84,5,4.59820180720647,0,2.84615384615385,0.0457142857142857,0.0172185430463576,0.0806244087038789,0,14.9,26.9
2024,REG,00-0038752,J.Bobo,Jake Bobo,WR,WR,"https://static.www.nfl.com/image/upload/f_auto,q_auto/league/vf5wazbhc3u7x7vjhojq",11,SEA,0,0,0,0,0,0,0,0,0,0,0,0,,0,,,0,0,0,0,0,0,,0,13,17,107,1,0,0,138,27,8,4.81057947449153,0,0.77536231884058,0.0425,0.0464021519838601,0.0962315063887021,0,16.7,29.7
2024,REG,00-0038783,N.Adkins,Nate Adkins,TE,TE,"https://static.www.nfl.com/image/upload/f_auto,q_auto/league/zbvo4oy4twbharwpmsqv",12,DEN,0,0,0,0,0,0,0,0,0,0,0,0,,0,,,0,0,0,0,0,0,,0,14,15,115,3,0,0,62,76,6,9.08091498515569,0,1.85483870967742,0.0392670157068063,0.0234759560772435,0.0753336928142798,0,29.5,43.5
2024,REG,00-0038794,J.McLaughlin,Jaleel McLaughlin,RB,RB,"https://static.www.nfl.com/image/upload/f_auto,q_auto/league/ndqnhudqtipzrnzslyla",16,DEN,0,0,0,0,0,0,0,0,0,0,0,0,,0,,,113,496,1,0,0,25,-0.988551936432486,0,24,27,76,2,1,1,-109,167,3,-11.2646307379145,0,-0.697247706422018,0.0688775510204082,-0.0378340853870184,0.0768324667596994,0,73.2,97.2
2024,REG,00-0038797,E.Wilson,Emanuel Wilson,RB,RB,"https://static.www.nfl.com/image/upload/f_auto,q_auto/league/hpscbhsmjocm8kmwfbuc",17,GB,0,0,0,0,0,0,0,0,0,0,0,0,,0,,,103,502,4,0,0,27,9.20893033756883,0,11,14,48,1,0,0,-63,99,3,-3.51117035571529,0,-0.761904761904762,0.0505415162454874,-0.0254545454545455,0.0579940925500492,0,85.0,96.0
2024,REG,00-0038809,B.Sims,Ben Sims,TE,TE,"https://static.www.nfl.com/image/upload/f_auto,q_auto/league/mfl9febpyc8nk2abxcf2",4,GB,0,0,0,0,0,0,0,0,0,0,0,0,,0,,,0,0,0,0,0,0,,0,4,5,42,0,0,0,40,16,1,2.15426767402096,0,1.05,0.0454545454545455,0.0422386483632524,0.0977488720360948,0,4.2,8.2
2024,REG,00-0038821,R.Jarrett,Rakim Jarrett,WR,WR,"https://static.www.nfl.com/image/upload/f_auto,q_auto/league/mnbgtrdhyuofclpct6tl",6,TB,0,0,0,0,0,0,0,0,0,0,0,0,,0,,,0,0,0,0,0,0,,0,9,11,124,0,0,0,127,18,5,7.41458555612858,0,0.976377952755906,0.052132701421801,0.085464333781965,0.138024085780077,0,12.4,21.4
2024,REG,00-0038824,R.Miller,Ryan Miller,WR,WR,"https://static.www.nfl.com/image/upload/f_auto,q_auto/league/maywscb6waflzzuaesew",8,TB,0,0,0,0,0,0,0,0,0,0,0,0,,0,,,0,0,0,0,0,0,,0,12,20,128,2,0,0,195,55,7,4.84786595053788,0,0.656410256410256,0.0732600732600733,0.100102669404517,0.179961978473272,0,24.8,36.8
2024,REG,00-0038840,B.Tremayne,Brycen Tremayne,WR,WR,"https://static.www.nfl.com/image/upload/f_auto,q_auto/league/qugjtd2g51vib69ekkel",1,WAS,0,0,0,0,0,0,0,0,0,0,0,0,,0,,,0,0,0,0,0,0,,0,1,1,-2,0,0,0,-2,0,0,-1.39147220214363,0,0.0,0.037037037037037,-0.0065573770491803,0.0509653916211293,0,-0.2,0.8
2024,REG,00-0038920,J.Shenker,John Samuel Shenker,TE,TE,"https://static.www.nfl.com/image/private/f_auto,q_auto/league/gx0qdhwr7pdetd83ifcw",1,LV,0,0,0,0,0,0,0,0,0,0,0,0,,0,,,0,0,0,0,0,0,,0,1,1,7,0,0,0,4,3,0,0.374102335888892,0,1.75,0.037037037037037,0.0291970802919708,0.0759935117599351,0,0.7,1.7
2024,REG,00-0038933,D.Kincaid,Dalton Kincaid,TE,TE,"https://static.www.nfl.com/image/upload/f_auto,q_auto/league/rsimqxdfwlb1n9qd4w3g",13,BUF,0,0,0,0,0,0,0,0,0,0,0,0,,0,,,0,0,0,0,0,0,,0,44,75,448,2,1,0,573,274,23,14.8060489395355,0,0.781849912739965,0.202156334231806,0.189358889623265,0.435785724083994,0,56.8,100.8
2024,REG,00-0038935,B.Strange,Brenton Strange,TE,TE,"https://static.www.nfl.com/image/private/f_auto,q_auto/league/trfk78mrfsafnbatyx2x",14,JAX,0,0,0,0,0,0,0,0,0,0,0,0,,0,,,0,0,0,0,0,0,,0,40,53,411,2,1,1,341,183,21,18.9472138588974,0,1.20527859237537,0.116997792494481,0.0959752321981424,0.242679351280422,0,51.1,91.1
2024,REG,00-0038938,J.Hyatt,Jalin Hyatt,WR,WR,"https://static.www.nfl.com/image/private/f_auto,q_auto/league/ibftqfglvcqaipfdnr4f",10,NYG,0,0,0,0,0,0,0,0,0,0,0,0,,0,,,0,0,0,0,0,0,,0,8,19,62,0,0,0,363,6,3,-6.58760229247855,0,0.170798898071625,0.0547550432276657,0.155327342747112,0.190861704764477,0,6.2,14.2
2024,REG,00-0038941,T.Scott,Tyler Scott,WR,WR,"https://static.www.nfl.com/image/upload/f_auto,q_auto/league/atxk3cex3cedv7drflrw",1,CHI,0,0,0,0,0,0,0,0,0,0,0,0,,0,,,0,0,0,0,0,0,,0,1,1,5,0,0,0,-2,7,0,-0.072181174706202,0,0.0,0.032258064516129,-0.0093896713615023,0.0418143268211419,0,0.5,1.5
2024,REG,00-0038951,S.Tucker,Sean Tucker,RB,RB,"https://static.www.nfl.com/image/upload/f_auto,q_auto/league/pgc1uq4p5euuc9lkaphf",11,TB,0,0,0,0,0,0,0,0,0,0,0,0,,0,,,50,308,2,1,0,17,10.127416212595,0,9,12,109,1,0,0,12,105,6,7.42004849683144,0,9.08333333333333,0.0406779661016949,0.0068846815834767,0.0658362262609761,0,59.7,68.7
2024,REG,00-0038976,M.Mims,Marvin Mims,WR,WR,"https://static.www.nfl.com/image/upload/f_auto,q_auto/league/trvilnckw7nprw1gkghl",16,DEN,0,0,0,0,0,0,0,0,0,0,0,0,,0,,,13,42,0,0,0,3,-2.57846459688153,0,39,52,503,6,1,0,384,477,15,23.3594603020632,0,1.30989583333333,0.099236641221374,0.100444676955271,0.219166235700751,0,90.5,129.5
2024,REG,00-0038977,T.Dell,Tank Dell,WR,WR,"https://static.www.nfl.com/image/upload/f_auto,q_auto/league/tqxgovzlhxj0jnwkcvtq",14,HOU,0,0,0,0,0,0,0,0,0,0,0,0,,0,,,9,43,0,0,0,3,-2.26305238634814,0,51,81,667,3,0,0,1016,164,35,21.8984566964169,0,0.656496062992126,0.180400890868597,0.279966933039405,0.466578189430479,0,89.0,140.0
2024,REG,00-0038979,C.Tillman,Cedric Tillman,WR,WR,"https://static.www.nfl.com/image/upload/f_auto,q_auto/league/fp371fgk45btt01uvucq",9,CLE,0,0,0,0,0,0,0,0,0,0,0,0,,0,,,1,-5,0,0,0,0,-2.40894636111297,0,29,49,339,3,1,1,552,104,15,-1.37258790183508,1,0.614130434782609,0.154088050314465,0.204823747680891,0.374508698848322,0,51.4,80.4
2024,REG,00-0038981,W.Morris,Wanya Morris,T,OL,"https://static.www.nfl.com/image/private/f_auto,q_auto/league/vc46l5oloqhlrcd3g1xz",1,KC,0,0,0,0,0,0,0,0,0,0,0,0,,0,,,0,0,0,0,0,0,,0,1,1,1,1,0,0,1,0,1,0.700560969533399,0,1.0,0.0434782608695652,0.0113636363636364,0.0731719367588933,0,6.1,7.1
2024,REG,00-0038994,J.Addison,Jordan Addison,WR,WR,"https://static.www.nfl.com/image/upload/f_auto,q_auto/league/tmyckmignrvy8truccwm",15,MIN,0,0,0,0,0,0,0,0,0,0,0,0,,0,,,3,20,1,0,0,1,2.73059510550229,0,63,99,875,9,0,0,1284,213,39,36.2088086675861,0,0.681464174454829,0.211538461538462,0.311877580762691,0.535621998841576,0,149.5,212.5
2024,REG,00-0038996,T.Kraft,Tucker Kraft,TE,TE,"https://static.www.nfl.com/image/upload/f_auto,q_auto/league/klrmgekdzx1ywjjmixp7",17,GB,0,0,0,0,0,0,0,0,0,0,0,0,,0,,,3,6,0,0,0,3,3.26404117885977,0,50,70,707,7,1,1,374,456,30,36.1960273608456,1,1.8903743315508,0.150862068965517,0.0907326540514313,0.289805961284278,0,113.3,163.3
2024,REG,00-0038997,J.Downs,Josh Downs,WR,WR,"https://static.www.nfl.com/image/upload/f_auto,q_auto/league/zue2xxvfrignllqlhagu",14,IND,0,0,0,0,0,0,0,0,0,0,0,0,,0,,,1,-1,0,0,0,0,-0.872418099315837,0,72,107,803,5,0,0,734,396,40,25.5972637405168,0,1.09400544959128,0.255980861244019,0.176739706236456,0.507689086231548,0,110.2,182.2
2024,REG,00-0038998,J.Haener,Jake Haener,QB,QB,"https://static.www.nfl.com/image/upload/f_auto,q_auto/league/wugesxgiiuzs6fdymp57",8,NO,18,39,226,1,1,6,55,0,0,345,97,10,-14.9484791537611,0,0.655072463768116,-0.0651965322621406,11,22,0,0,0,0,-1.55629123060498,0,0,0,0,0,0,0,0,0,0,,0,,,,,0,13.24,13.24
2024,REG,00-0039021,R.Johnson,Roschon Johnson,RB,RB,"https://static.www.nfl.com/image/upload/f_auto,q_auto/league/skajjk8i3zdrvzqmucww",12,CHI,0,0,0,0,0,0,0,0,0,0,0,0,,0,,,55,150,6,0,0,17,-4.45237365386586,0,16,20,104,0,0,0,11,96,6,6.61026124769705,0,9.45454545454546,0.0840336134453782,0.006204173716864,0.130393341769872,0,61.4,77.4
2024,REG,00-0039032,T.Spears,Tyjae Spears,RB,RB,"https://static.www.nfl.com/image/upload/f_auto,q_auto/league/qb4us1f96uox7v3poxzj",12,TEN,0,0,0,0,0,0,0,0,0,0,0,0,,0,,,84,312,4,0,0,19,-4.82757510938391,0,30,35,224,1,0,0,-31,255,9,-1.51825323239476,0,-7.2258064516129,0.120689655172414,-0.013876454789615,0.17132096440589,0,83.6,113.6
2024,REG,00-0039040,D.Achane,Devon Achane,RB,RB,"https://static.www.nfl.com/image/upload/f_auto,q_auto/league/zqfkz3hbyurjcwhw7xoi",17,MIA,0,0,0,0,0,0,0,0,0,0,0,0,,0,,,203,907,6,0,0,37,-11.2816310102353,0,78,87,592,6,1,0,-35,665,30,23.8639774751283,0,-16.9142857142857,0.163841807909605,-0.010497900419916,0.238414181570466,0,221.9,299.9
2024,REG,00-0039041,E.Higgins,Elijah Higgins,TE,TE,"https://static.www.nfl.com/image/upload/f_auto,q_auto/league/sodpdh4uhbhzjxbnmao1",14,ARI,0,0,0,0,0,0,0,0,0,0,0,0,,0,,,0,0,0,0,0,0,,0,20,24,172,2,0,0,108,90,10,9.53099793335423,0,1.59259259259259,0.0570071258907364,0.0352365415986949,0.110176267955191,0,29.2,49.2
2024,REG,00-0039050,P.Durham,Payne Durham,TE,TE,"https://static.www.nfl.com/image/upload/f_auto,q_auto/league/vrdqb2si9rpshhy51liq",5,TB,0,0,0,0,0,0,0,0,0,0,0,0,,0,,,0,0,0,0,0,0,,0,11,14,115,2,1,0,124,24,5,10.3966514016502,0,0.92741935483871,0.0833333333333333,0.1,0.195,0,23.5,34.5
2024,REG,00-0039052,T.Palmer,Trey Palmer,WR,WR,"https://static.www.nfl.com/image/upload/f_auto,q_auto/league/zv0wdsdctgf2zw2ctumy",10,TB,0,0,0,0,0,0,0,0,0,0,0,0,,0,,,0,0,0,0,0,0,,0,12,22,172,1,0,0,315,42,7,5.94501059522736,0,0.546031746031746,0.0599455040871935,0.131414267834793,0.181908243615146,0,23.2,35.2
2024,REG,00-0039062,J.Mingo,Jonathan Mingo,WR,WR,"https://static.www.nfl.com/image/upload/f_auto,q_auto/league/slc08tcccvtyqr61dtkd",14,DAL,0,0,0,0,0,0,0,0,0,0,0,0,,0,,,2,5,0,1,1,0,-5.32915363204666,0,17,42,167,0,0,0,462,67,6,-13.3652850387309,0,0.361471861471861,0.0882352941176471,0.142989786443825,0.232445791687148,0,15.2,32.2
2024,REG,00-0039064,Z.Flowers,Zay Flowers,WR,WR,"https://static.www.nfl.com/image/upload/f_auto,q_auto/league/oidhqwg0fjvanyk57nc1",17,BAL,0,0,0,0,0,0,0,0,0,0,0,0,,0,,,9,56,0,0,0,1,2.14622293785214,0,74,116,1059,4,0,0,1207,463,48,45.6036891678379,0,0.877381938690969,0.25382932166302,0.300472989793378,0.591075075349894,0,135.5,209.5
2024,REG,00-0039065,S.LaPorta,Sam LaPorta,TE,TE,"https://static.www.nfl.com/image/upload/f_auto,q_auto/league/ucw8cfj5t5nwkx670wzu",16,DET,0,0,0,0,0,0,0,0,0,0,0,0,,0,,,0,0,0,0,0,0,,0,60,83,726,7,0,0,580,343,39,31.4233568476066,0,1.25172413793103,0.169042769857434,0.180798004987531,0.380122758277423,0,114.6,174.6
2024,REG,00-0039066,M.Mayer,Michael Mayer,TE,TE,"https://static.www.nfl.com/image/upload/f_auto,q_auto/league/rmc4igjgu5za2va8rfe1",11,LV,0,0,0,0,0,0,0,0,0,0,0,0,,0,,,0,0,0,0,0,0,,0,21,32,156,0,0,0,197,61,8,-0.0140098294778266,0,0.791878172588833,0.0798004987531172,0.0710165825522711,0.169412355916266,0,15.6,36.6
2024,REG,00-0039067,R.Rice,Rashee Rice,WR,WR,"https://static.www.nfl.com/image/private/f_auto,q_auto/league/zjgi60dvmj5ogvanp201",3,KC,0,0,0,0,0,0,0,0,0,0,0,0,,0,,,1,1,0,0,0,1,2.34961192391347,0,24,29,288,2,0,0,151,186,15,16.4732722085319,0,1.90728476821192,0.337209302325581,0.351981351981352,0.752200899875319,0,40.9,64.9
2024,REG,00-0039074,D.Allen,Davis Allen,TE,TE,"https://static.www.nfl.com/image/upload/f_auto,q_auto/league/ihbec16pwn2ki5woyr4m",6,LA,0,0,0,0,0,0,0,0,0,0,0,0,,0,,,0,0,0,0,0,0,,0,6,13,39,0,0,0,50,21,2,-3.99365655168151,0,0.78,0.053941908713693,0.028184892897407,0.100642288098724,0,3.9,9.9
2024,REG,00-0039075,P.Nacua,Puka Nacua,WR,WR,"https://static.www.nfl.com/image/upload/f_auto,q_auto/league/i1pmrhua5gpvwgsqphxa",11,LA,0,0,0,0,0,0,0,0,0,0,0,0,,0,,,11,46,1,0,0,2,2.14573083654977,0,79,106,990,3,0,0,839,518,47,53.292289923627,0,1.17997616209774,0.298591549295775,0.313997005988024,0.667685228135279,0,127.6,206.6
2024,REG,00-0039139,J.Gibbs,Jahmyr Gibbs,RB,RB,"https://static.www.nfl.com/image/upload/f_auto,q_auto/league/f5y3osxxtov5rgfv4ra5",17,DET,0,0,0,0,0,0,0,0,0,0,0,0,,0,,,250,1412,16,0,0,70,35.0644236197404,0,52,63,497,3,1,1,-11,573,25,14.9677307858838,0,-45.1818181818182,0.130977130977131,-0.003431066749844,0.194063949740806,0,302.9,354.9
2024,REG,00-0039144,L.Musgrave,Luke Musgrave,TE,TE,"https://static.www.nfl.com/image/upload/f_auto,q_auto/league/mn9nugrtq8kb8sysrvne",7,GB,0,0,0,0,0,0,0,0,0,0,0,0,,0,,,0,0,0,0,0,0,,0,7,10,45,0,0,0,66,18,2,-4.79761853630284,0,0.681818181818182,0.050251256281407,0.0368098159509202,0.101143755587755,0,4.5,11.5
2024,REG,00-0039146,J.Reed,Jayden Reed,WR,WR,"https://static.www.nfl.com/image/upload/f_auto,q_auto/league/blh2tfg9qjthqo2g6ot4",17,GB,0,0,0,0,0,0,0,0,0,0,0,0,,0,,,20,163,1,1,1,7,-2.87531996826874,0,55,75,857,6,0,0,680,380,29,42.0774412043586,0,1.26029411764706,0.161637931034483,0.164968461911693,0.35793481988991,0,142.0,197.0
2024,REG,00-0039150,B.Young,Bryce Young,QB,QB,"https://static.www.nfl.com/image/upload/f_auto,q_auto/league/gdmtmmviwadpobyjogal",14,CAR,234,384,2403,15,9,29,186,4,1,3358,969,117,-24.9195987047798,0,0.715604526503871,0.0537421182224841,43,249,6,1,1,15,15.5478852018423,0,0,0,0,0,0,0,0,0,0,,0,,,,,0,195.02,195.02
2024,REG,00-0039152,W.Levis,Will Levis,QB,QB,"https://static.www.nfl.com/image/upload/f_auto,q_auto/league/vr01ufscgtoagtuut9o4",12,TEN,190,301,2091,13,12,41,233,5,3,2621,929,86,-65.6249321402618,1,0.797787104158718,0.0219147275401487,45,183,0,5,3,20,-17.4965542566902,0,0,0,0,0,0,0,0,0,0,,0,,,,,0,119.94,119.94
2024,REG,00-0039163,C.Stroud,C.J. Stroud,QB,QB,"https://static.www.nfl.com/image/upload/f_auto,q_auto/league/fbk2eqpo54lawppgetjn",17,HOU,336,532,3727,20,12,52,408,3,2,4424,1664,187,-13.108152223106,0,0.84245027124774,0.0361727129589722,52,233,0,3,2,14,-7.20744144273524,0,0,1,0,0,0,0,10,0,0,-0.726145962660667,0,0.0,0.0344827586206897,0.0226757369614512,0.0675971538040504,0,220.38,220.38
2024,REG,00-0039164,A.Richardson,Anthony Richardson,QB,QB,"https://static.www.nfl.com/image/upload/f_auto,q_auto/league/areyvihumylqo7y2ehk2",11,IND,126,264,1814,8,12,14,115,3,2,3224,776,73,-38.2182161869027,0,0.562655086848635,-0.0248730145645091,86,499,6,6,1,33,22.7349952450031,1,1,1,-1,0,0,0,-8,7,0,-1.05584947846364,0,0.0,0.0277777777777778,-0.0253968253968254,0.0238888888888889,0,162.36,163.36
2024,REG,00-0039165,Z.Charbonnet,Zach Charbonnet,RB,RB,"https://static.www.nfl.com/image/upload/f_auto,q_auto/league/eaaj5vbfmk08wvwelyqt",17,SEA,0,0,0,0,0,0,0,0,0,0,0,0,,0,,,135,569,8,0,0,32,-11.2815887777578,0,42,52,308,1,0,0,-54,345,7,-7.44210262126764,0,-5.7037037037037,0.101167315175097,-0.0161338512100388,0.140457276915619,0,141.7,183.7
2024,REG,00-0039236,J.Wilson,Johnny Wilson,WR,WR,"https://static.www.nfl.com/image/upload/f_auto,q_auto/league/cj13ngp4tjmi9621trrk",9,PHI,0,0,0,0,0,0,0,0,0,0,0,0,,0,,,0,0,0,0,0,0,,0,5,15,38,1,0,0,147,15,3,-1.15410872104658,0,0.258503401360544,0.0592885375494071,0.0907407407407407,0.152451324842629,0,9.8,14.8
2024,REG,00-0039244,C.Collier,Chris Collier,RB,RB,"https://static.www.nfl.com/image/upload/f_auto,q_auto/league/pj0aengevekxp3j1psd6",2,LV,0,0,0,0,0,0,0,0,0,0,0,0,,0,,,5,12,0,0,0,0,-3.00471946189646,0,1,2,-4,0,0,0,-5,1,0,-1.59818496718071,0,0.8,0.0588235294117647,-0.0169491525423729,0.076370887337986,0,0.8,1.8
2024,REG,00-0039299,G.Holani,George Holani,RB,RB,"https://static.www.nfl.com/image/upload/f_auto,q_auto/league/x0f2kv9b6nw2vjloykm9",2,SEA,0,0,0,0,0,0,0,0,0,0,0,0,,0,,,3,10,0,0,0,1,-0.771828435012139,0,1,1,-1,0,0,0,-1,0,0,-0.408696800936013,0,1.0,0.0344827586206897,-0.00625,0.0473491379310345,0,0.9,1.9
2024,REG,00-0039316,B.Cupp,Baylor Cupp,TE,TE,"https://static.www.nfl.com/image/upload/f_auto,q_auto/league/pcvvfurbbzefkwnojcid",1,KC,0,0,0,0,0,0,0,0,0,0,0,0,,0,,,0,0,0,0,0,0,,0,0,1,0,0,0,0,0,0,0,-0.678179833921604,0,,0.0277777777777778,,,0,0.0,0.0
2024,REG,00-0039325,C.Steele,Carson Steele,RB,RB,"https://static.www.nfl.com/image/upload/f_auto,q_auto/league/lhkvntmjrt4fbsxi3hrt",12,KC,0,0,0,0,0,0,0,0,0,0,0,0,,0,,,56,183,0,3,2,14,-11.9836104627345,0,7,11,26,0,0,0,-17,43,0,-2.9024881075602,0,-1.52941176470588,0.0601092896174863,-0.0230664857530529,0.0740173943990925,0,16.9,23.9
2024,REG,00-0039337,M.Nabers,Malik Nabers,WR,WR,"https://static.www.nfl.com/image/upload/f_auto,q_auto/league/w3edoyyuomqlovvp9ixc",15,NYG,0,1,0,0,0,0,0,0,0,1,0,0,-0.963732368283672,0,0.0,,5,2,0,0,0,1,-0.559814713138621,0,109,170,1204,7,1,0,1609,462,55,45.5884160882511,1,0.748290863890615,0.349075975359343,0.465836711059641,0.849699660780763,0,164.6,273.6
2024,REG,00-0039338,B.Bowers,Brock Bowers,TE,TE,"https://static.www.nfl.com/image/upload/f_auto,q_auto/league/mjy86xh8munoiur4hejf",17,LV,0,0,0,0,0,0,0,0,0,0,0,0,,0,,,5,13,0,0,0,2,-0.862252210732549,0,112,153,1194,5,0,0,923,596,61,27.1055814055351,0,1.29360780065005,0.258445945945946,0.224957348281745,0.545139062716141,0,150.7,262.7
2024,REG,00-0039342,X.Legette,Xavier Legette,WR,WR,"https://static.www.nfl.com/image/upload/f_auto,q_auto/league/a3etuvp3kqtwmtkioq8g",15,CAR,0,0,0,0,0,0,0,0,0,0,0,0,,0,,,6,24,0,0,0,2,-0.590758771402761,0,49,84,497,4,0,0,1030,112,27,5.46476354083611,0,0.48252427184466,0.17948717948718,0.257886830245368,0.449751550402527,0,76.1,125.1
2024,REG,00-0039344,J.Brooks,Jonathon Brooks,RB,RB,"https://static.www.nfl.com/image/upload/f_auto,q_auto/league/xo4zizexs7aezh1shgsv",3,CAR,0,0,0,0,0,0,0,0,0,0,0,0,,0,,,9,22,0,0,0,0,-2.77792557136854,0,3,3,23,0,0,0,-8,31,2,1.45662581454963,0,-2.875,0.0731707317073171,-0.0199501246882793,0.0957910102791801,0,4.5,7.5
2024,REG,00-0039355,L.McCaffrey,Luke McCaffrey,WR,WR,"https://static.www.nfl.com/image/upload/f_auto,q_auto/league/iqzscuxu9lxjfhoyxsjg",12,WAS,0,0,0,0,0,0,0,0,0,0,0,0,,0,,,0,0,0,0,0,0,,0,18,24,168,0,0,0,170,97,8,4.31010601115405,0,0.988235294117647,0.0655737704918033,0.0598591549295775,0.140262064188409,0,16.8,34.8
2024,REG,00-0039356,J.Sanders,Ja'Tavion Sanders,TE,TE,"https://static.www.nfl.com/image/upload/f_auto,q_auto/league/egisbinbqmttmub4po1g",15,CAR,0,0,0,0,0,0,0,0,0,0,0,0,,0,,,0,0,0,0,0,0,,0,33,43,342,1,1,0,268,190,13,11.6505618780459,0,1.27611940298507,0.0949227373068433,0.0730245231607629,0.193501272172799,0,40.2,73.2
2024,REG,00-0039359,C.Stover,Cade Stover,TE,TE,"https://static.www.nfl.com/image/upload/f_auto,q_auto/league/ehruudekjzjney5dircm",13,HOU,0,0,0,0,0,0,0,0,0,0,0,0,,0,,,0,0,0,0,0,0,,0,15,22,133,1,0,0,118,94,5,4.62333618174307,0,1.1271186440678,0.0535279805352798,0.0403005464480874,0.108502353316581,0,19.3,34.3
2024,REG,00-0039361,B.Irving,Bucky Irving,RB,RB,"https://static.www.nfl.com/image/upload/f_auto,q_auto/league/wjaqkrtdhwf16wldi83h",17,TB,0,0,0,0,0,0,0,0,0,0,0,0,,0,,,207,1122,8,2,1,52,20.8793052003894,0,47,52,392,0,0,0,-159,528,16,15.5180461941648,0,-2.46540880503145,0.0955882352941176,-0.0428918262746156,0.113358074548946,0,197.4,244.4
2024,REG,00-0039363,I.Guerendo,Isaac Guerendo,RB,RB,"https://static.www.nfl.com/image/upload/f_auto,q_auto/league/vi0oa4oajc6ecgzr8l08",13,SF,0,0,0,0,0,0,0,0,0,0,0,0,,0,,,84,420,4,0,0,18,4.85206715553068,0,15,16,152,0,1,0,50,107,7,6.53452460566768,0,3.04,0.0963855421686747,0.0324886289798571,0.167320353538912,0,81.2,96.2
2024,REG,00-0039364,S.Vaki,Sione Vaki,RB,RB,"https://static.www.nfl.com/image/upload/f_auto,q_auto/league/kpheugqezo5wlqou2mrd",4,DET,0,0,0,0,0,0,0,0,0,0,0,0,,0,,,6,14,0,0,0,0,-3.17468072671909,0,3,3,37,0,0,0,17,20,2,4.23394171020482,0,2.17647058823529,0.0352941176470588,0.0303571428571429,0.0741911764705882,0,5.1,8.1
2024,REG,00-0039365,J.Cowing,Jacob Cowing,WR,WR,"https://static.www.nfl.com/image/upload/f_auto,q_auto/league/q8luttpmauwatynr9iti",3,SF,0,0,0,0,0,0,0,0,0,0,0,0,,0,,,1,7,0,0,0,0,0.380619133356959,0,4,6,80,0,0,0,86,26,3,4.25527123385109,0,0.930232558139535,0.0606060606060606,0.09695603156708,0.158778313006047,0,8.7,12.7
2024,REG,00-0039373,A.Estime,Audric Estime,RB,RB,"https://static.www.nfl.com/image/upload/f_auto,q_auto/league/cb8k8fqbi3rnecaiqrcy",13,DEN,0,0,0,0,0,0,0,0,0,0,0,0,,0,,,76,310,2,2,1,15,-7.42971777551686,0,5,5,27,0,0,0,-10,37,2,-0.765327973640524,0,-2.7,0.0526315789473684,-0.0189035916824197,0.0657148542433589,0,43.7,48.7
2024,REG,00-0039376,S.Rattler,Spencer Rattler,QB,QB,"https://static.www.nfl.com/image/upload/f_auto,q_auto/league/xhllpfkd4hrpbwczbca6",7,NO,130,228,1317,4,5,22,136,4,3,1834,642,62,-74.7923269937251,0,0.718102508178844,-0.0246623296795623,18,146,0,1,0,7,13.5754030805547,0,0,0,0,0,0,0,0,0,0,,0,,,,,0,67.28,67.28
2024,REG,00-0039379,J.Thrash,Jamari Thrash,WR,WR,"https://static.www.nfl.com/image/upload/f_auto,q_auto/league/khjue5xlvlhzha9znbl3",6,CLE,0,0,0,0,0,0,0,0,0,0,0,0,,0,,,0,0,0,0,0,0,,0,3,7,22,0,0,0,51,14,2,-2.14027787127998,0,0.431372549019608,0.029045643153527,0.0270700636942675,0.0625175093162777,0,2.2,5.2
2024,REG,00-0039384,T.Tracy,Tyrone Tracy,RB,RB,"https://static.www.nfl.com/image/upload/f_auto,q_auto/league/hc2uk0xrbc6qizrerwxd",17,NYG,0,0,0,0,0,0,0,0,0,0,0,0,,0,,,192,839,5,2,2,39,-20.7138662948379,0,38,53,284,1,2,0,18,281,13,-4.92265075910837,0,15.7777777777778,0.100569259962049,0.0050167224080267,0.154365595628693,0,144.3,182.3
2024,REG,00-0039386,B.Means,Bub Means,WR,WR,"https://static.www.nfl.com/image/upload/f_auto,q_auto/league/zo2ojijv5b6bhy2fcjyk",4,NO,0,0,0,0,0,0,0,0,0,0,0,0,,0,,,0,0,0,0,0,0,,0,9,15,118,1,0,0,170,20,7,3.35849248926388,0,0.694117647058824,0.107913669064748,0.160075329566855,0.273923234293921,0,17.8,26.8
2024,REG,00-0039391,K.Vidal,Kimani Vidal,RB,RB,"https://static.www.nfl.com/image/upload/f_auto,q_auto/league/fcxbkvgjtitodz3pjequ",9,LAC,0,0,0,0,0,0,0,0,0,0,0,0,,0,,,43,155,0,1,0,7,-8.4080203021891,0,5,9,62,1,0,0,48,37,2,1.76164651836734,0,1.29166666666667,0.0532544378698225,0.0310478654592497,0.101615162626209,0,27.7,32.7
2024,REG,00-0039392,J.Jackson,Jha'Quan Jackson,WR,WR,"https://static.www.nfl.com/image/upload/f_auto,q_auto/league/np27wd9ahscnln2fsjwg",2,TEN,0,0,0,0,0,0,0,0,0,0,0,0,,0,,,1,-5,0,0,0,0,-1.693612330826,0,1,3,8,0,0,0,78,2,1,-1.84849076898536,0,0.102564102564103,0.0461538461538462,0.122834645669291,0.155215021199273,0,0.3,1.3
2024,REG,00-0039393,J.McClellan,Jase McClellan,RB,RB,"https://static.www.nfl.com/image/upload/f_auto,q_auto/league/qargp7q40zcnh0tjfc1o",2,ATL,0,0,0,0,0,0,0,0,0,0,0,0,,0,,,13,32,0,0,0,2,-7.10460604215041,0,0,0,0,0,0,0,0,0,0,,0,,,,,0,3.2,3.2
2024,REG,00-0039394,C.Washington,Casey Washington,WR,WR,"https://static.www.nfl.com/image/upload/f_auto,q_auto/league/iprpih0l2lfosxoik7j3",2,ATL,0,0,0,0,0,0,0,0,0,0,0,0,,0,,,0,0,0,0,0,0,,0,1,2,14,0,0,0,36,11,1,0.950796763063408,0,0.388888888888889,0.0307692307692308,0.072289156626506,0.0967562557924004,0,1.4,2.4
2024,REG,00-0039398,J.Milton,Joe Milton,QB,QB,"https://static.www.nfl.com/image/upload/f_auto,q_auto/league/x1c3tu0bkgqokripa885",1,NE,22,29,241,1,0,0,0,0,0,280,72,14,11.7907161317601,0,0.860714285714286,0.23612563846591,10,16,1,1,1,4,-3.96280624266365,0,0,0,0,0,0,0,0,0,0,,0,,,,,0,19.24,19.24
2024,REG,00-0039407,D.Laube,Dylan Laube,RB,RB,"https://static.www.nfl.com/image/upload/f_auto,q_auto/league/zag3wqxniqpcgujte3h7",1,LV,0,0,0,0,0,0,0,0,0,0,0,0,,0,,,1,0,0,1,1,0,-4.66817615873879,0,0,0,0,0,0,0,0,0,0,,0,,,,,0,-2.0,-2.0
2024,REG,00-0039410,R.Flournoy,Ryan Flournoy,WR,WR,"https://static.www.nfl.com/image/upload/f_auto,q_auto/league/yq2tbkoz2anbit6zc8ms",7,DAL,0,0,0,0,0,0,0,0,0,0,0,0,,0,,,0,0,0,0,0,0,,0,10,14,102,0,1,1,115,34,5,-2.8049568743445,0,0.886956521739131,0.0516605166051661,0.0601779173207745,0.119615317032291,0,8.2,18.2
2024,REG,00-0039420,J.Bell,Jaheim Bell,TE,TE,"https://static.www.nfl.com/image/upload/f_auto,q_auto/league/psbwq5bse6vv9bpzqssr",3,NE,0,0,0,0,0,0,0,0,0,0,0,0,,0,,,0,0,0,0,0,0,,0,2,3,20,0,0,0,23,5,1,-0.0051243801717646,0,0.869565217391304,0.0288461538461538,0.029040404040404,0.0635975135975136,0,2.0,4.0
2024,REG,00-0039424,D.Vele,Devaughn Vele,WR,WR,"https://static.www.nfl.com/image/upload/f_auto,q_auto/league/f2lz4vsh2daurrwdamzv",13,DEN,0,0,0,0,0,0,0,0,0,0,0,0,,0,,,0,0,0,0,0,0,,0,41,55,475,3,0,0,461,127,26,35.0866053564532,0,1.03036876355748,0.127610208816705,0.146721833227244,0.294120596484129,0,65.5,106.5
2024,REG,00-0039451,I.Williams,Isaiah Williams,WR,WR,"https://static.www.nfl.com/image/upload/f_auto,q_auto/league/yoarwrtz1qrxlek5ou8j",1,DET,0,0,0,0,0,0,0,0,0,0,0,0,,0,,,0,0,0,0,0,0,,0,2,3,6,0,0,0,15,7,0,-2.3470915579237,0,0.4,0.166666666666667,0.223880597014925,0.406716417910448,0,0.6,2.6
2024,REG,00-0039458,B.Bates,Brenden Bates,TE,TE,"https://static.www.nfl.com/image/upload/f_auto,q_auto/league/is7mhxk2h5ibwzuf8gws",1,CLE,0,0,0,0,0,0,0,0,0,0,0,0,,0,,,0,0,0,0,0,0,,0,0,1,0,0,0,0,-2,0,0,-0.801100357901305,0,0.0,0.0303030303030303,-0.0079365079365079,0.0398989898989899,0,0.0,0.0
2024,REG,00-0039491,J.Coker,Jalen Coker,WR,WR,"https://static.www.nfl.com/image/upload/f_auto,q_auto/league/wk9xewrixauh09f71pqh",11,CAR,1,1,19,0,0,0,0,0,0,16,3,1,1.31070934201125,0,1.1875,,0,0,0,0,0,0,,0,32,46,478,2,0,0,516,171,23,29.0746030884826,0,0.926356589147287,0.144200626959248,0.204599524187153,0.359520607369879,0,60.56,92.56
2024,REG,00-0039521,X.Weaver,Xavier Weaver,WR,WR,"https://static.www.nfl.com/image/upload/f_auto,q_auto/league/m2tuzam94o1qm46kwmxo",2,ARI,0,0,0,0,0,0,0,0,0,0,0,0,,0,,,0,0,0,0,0,0,,0,0,2,0,0,0,0,39,0,0,-1.64481001852674,0,0.0,0.03125,0.0939759036144578,0.112658132530121,0,0.0,0.0
2024,REG,00-0039530,B.Spann-Ford,Brevyn Spann-Ford,TE,TE,"https://static.www.nfl.com/image/upload/f_auto,q_auto/league/bn9b4pb8om6w3escvitt",6,DAL,0,0,0,0,0,0,0,0,0,0,0,0,,0,,,0,0,0,0,0,0,,0,9,14,88,0,0,0,82,53,6,1.33205619949149,0,1.07317073170732,0.0600858369098712,0.0491901619676065,0.124561868742131,0,8.8,17.8
2024,REG,00-0039543,R.Keyton,Ramel Keyton,WR,WR,"https://static.www.nfl.com/image/upload/f_auto,q_auto/league/cqzhnef7pkr3bkmuwo5q",2,LV,0,0,0,0,0,0,0,0,0,0,0,0,,0,,,0,0,0,0,0,0,,0,1,3,7,0,0,0,30,0,1,0.062585995416157,0,0.233333333333333,0.0422535211267606,0.0726392251815981,0.11422773931726,0,0.7,1.7
2024,REG,00-0039573,B.Watson,Blake Watson,RB,RB,"https://static.www.nfl.com/image/upload/f_auto,q_auto/league/x527wf1dlqhu9ncr9zv0",1,DEN,0,0,0,0,0,0,0,0,0,0,0,0,,0,,,4,10,0,0,0,2,-0.179672391968779,0,1,2,13,0,0,0,-4,18,0,0.251413255871739,0,-3.25,0.0512820512820513,-0.0317460317460317,0.0547008547008547,0,2.3,3.3
2024,REG,00-0039589,K.Johnson,Kameron Johnson,WR,WR,"https://static.www.nfl.com/image/upload/f_auto,q_auto/league/uyzrnfwbeejfzkclndvx",3,TB,0,0,0,0,0,0,0,0,0,0,0,0,,0,,,2,11,0,0,0,1,0.991510027495679,0,0,1,0,0,0,0,3,0,0,-1.64784452304462,0,0.0,0.0212765957446809,0.009933774834437,0.0388685360011272,0,1.1,1.1
2024,REG,00-0039603,B.Brooks,British Brooks,RB,RB,"https://static.www.nfl.com/image/upload/f_auto,q_auto/league/qyywm0giwehv0iwy2f7n",1,HOU,0,0,0,0,0,0,0,0,0,0,0,0,,0,,,1,2,0,0,0,0,-0.336250451859087,0,0,0,0,0,0,0,0,0,0,,0,,,,,0,0.2,0.2
2024,REG,00-0039611,M.Hayball,Matthew Hayball,P,SPEC,"https://static.www.nfl.com/image/upload/f_auto,q_auto/league/tentgyr8ofqc8cr4ejjz",1,NO,0,0,0,0,0,0,0,0,0,0,0,0,,0,,,1,11,0,0,0,1,2.87435520859435,0,0,0,0,0,0,0,0,0,0,,0,,,,,0,1.1,1.1
2024,REG,00-0039613,D.Holker,Dallin Holker,TE,TE,"https://static.www.nfl.com/image/upload/f_auto,q_auto/league/sps8av7spro1015lpwn1",2,NO,0,0,0,0,0,0,0,0,0,0,0,0,,0,,,0,0,0,0,0,0,,0,3,4,21,0,0,0,36,13,1,-0.944589482736774,0,0.583333333333333,0.0571428571428571,0.055045871559633,0.124246395806029,0,2.1,5.1
2024,REG,00-0039614,J.Jackson,Jermaine Jackson,WR,WR,"https://static.www.nfl.com/image/upload/f_auto,q_auto/league/kmter0gxx2gk9d5b8wgu",1,NO,0,0,0,0,0,0,0,0,0,0,0,0,,0,,,1,-1,0,0,0,0,-0.879655202385038,0,0,0,0,0,0,0,0,0,0,,0,,,,,0,-0.1,-0.1
2024,REG,00-0039617,J.Kibodi,Jacob Kibodi,RB,RB,"https://static.www.nfl.com/image/upload/f_auto,q_auto/league/no7mr4wgu7o2exnmjre8",1,CLE,0,0,0,0,0,0,0,0,0,0,0,0,,0,,,5,24,0,0,0,1,-0.737081334460527,0,1,3,15,0,0,0,9,11,1,-4.44747729733354,0,1.66666666666667,0.0909090909090909,0.0357142857142857,0.161363636363636,0,3.9,4.9
2024,REG,00-0039623,M.Tipton,Mason Tipton,WR,WR,"https://static.www.nfl.com/image/upload/f_auto,q_auto/league/ldzn20eu15intdsolw9i",9,NO,0,0,0,0,0,0,0,0,0,0,0,0,,0,,,0,0,0,0,0,0,,0,14,26,99,0,0,0,326,27,2,-10.480804391489,0,0.303680981595092,0.0909090909090909,0.144824522434474,0.237740802067768,0,9.9,23.9
2024,REG,00-0039631,C.Grandy,Cam Grandy,TE,TE,"https://static.www.nfl.com/image/upload/f_auto,q_auto/league/uay5dmniqx1baal3q3uu",4,CIN,0,0,0,0,0,0,0,0,0,0,0,0,,0,,,0,0,0,0,0,0,,0,5,5,28,0,0,0,12,16,1,2.77874316496309,0,2.33333333333333,0.0271739130434783,0.0094786729857819,0.0473959406552648,0,2.8,7.8
2024,REG,00-0039648,D.Martin-Robinson,David Martin-Robinson,TE,TE,"https://static.www.nfl.com/image/upload/f_auto,q_auto/league/ijqnto6waarhbqizteg0",2,TEN,0,0,0,0,0,0,0,0,0,0,0,0,,0,,,0,0,0,0,0,0,,0,1,2,6,0,0,0,0,6,1,0.269109175424092,0,0.0,0.0307692307692308,,,0,0.6,1.6
2024,REG,00-0039650,B.Oliver,Bryce Oliver,WR,WR,"https://static.www.nfl.com/image/upload/f_auto,q_auto/league/njv8cbvhuobk2fe6uslj",5,TEN,0,0,0,0,0,0,0,0,0,0,0,0,,0,,,0,0,0,0,0,0,,0,6,9,95,0,0,0,95,26,4,4.33750917803263,0,1.0,0.0612244897959184,0.0797649034424853,0.147672167103617,0,9.5,15.5
2024,REG,00-0039692,D.Pettus,Dell Pettus,FS,DB,"https://static.www.nfl.com/image/upload/f_auto,q_auto/league/eonk8d33szxyjztamufc",1,NE,0,0,0,0,0,0,0,0,0,0,0,0,,0,,,1,2,0,0,0,1,1.9273973434465,0,0,0,0,0,0,0,0,0,0,,0,,,,,0,0.2,0.2
2024,REG,00-0039703,C.Schrader,Cody Schrader,RB,RB,"https://static.www.nfl.com/image/upload/f_auto,q_auto/league/lalojbe9yf1gmoeuyklz",1,LA,0,0,0,0,0,0,0,0,0,0,0,0,,0,,,1,3,0,0,0,0,-0.320892589399591,0,1,1,6,0,0,0,0,6,0,0.397277344600298,0,0.0,0.025,,,0,0.9,1.9
2024,REG,00-0039731,J.Latham,J.C. Latham,T,OL,"https://static.www.nfl.com/image/upload/f_auto,q_auto/league/ygh6osnntxlezmtzwqe0",1,TEN,0,0,0,0,0,0,0,0,0,0,0,0,,0,,,0,0,0,0,0,0,,0,1,1,0,0,0,0,-4,4,0,-1.70453689270653,0,0.0,0.0277777777777778,-0.010230179028133,0.0345055413469736,0,0.0,1.0
2024,REG,00-0039732,B.Nix,Bo Nix,QB,QB,"https://static.www.nfl.com/image/upload/f_auto,q_auto/league/zibtvsprpauxnytis229",17,DEN,376,567,3775,29,12,24,198,2,0,4116,2072,170,35.3880072988958,0,0.917152575315841,0.0814056368471052,92,430,4,1,0,41,22.0702241686504,0,1,1,2,1,0,0,2,0,1,3.87989441974787,0,1.0,0.0303030303030303,0.0079051383399209,0.0509881422924901,0,316.2,317.2
2024,REG,00-0039737,T.Reiman,Tip Reiman,TE,TE,"https://static.www.nfl.com/image/upload/f_auto,q_auto/league/grt6fspk8dlqbuzcrq7m",5,ARI,0,0,0,0,0,0,0,0,0,0,0,0,,0,,,0,0,0,0,0,0,,0,6,7,37,0,0,0,12,29,1,0.412867681123316,0,3.08333333333333,0.0419161676646707,0.0141676505312869,0.0727916068689068,0,3.7,9.7
2024,REG,00-0039738,B.Corum,Blake Corum,RB,RB,"https://static.www.nfl.com/image/upload/f_auto,q_auto/league/ehpbxs9iiosm4xs7nhnl",14,LA,0,0,0,0,0,0,0,0,0,0,0,0,,0,,,58,207,0,0,0,12,-9.74375213630265,0,7,8,58,0,0,0,-5,65,5,2.63410446094349,0,-11.6,0.037037037037037,-0.0031387319522912,0.0533584431889517,0,26.5,33.5
2024,REG,00-0039746,W.Shipley,Will Shipley,RB,RB,"https://static.www.nfl.com/image/upload/f_auto,q_auto/league/irh5l9dxqamsfnfjwuc7",5,PHI,0,0,0,0,0,0,0,0,0,0,0,0,,0,,,30,82,0,0,0,2,-8.36576876726124,0,4,4,35,0,0,0,7,28,2,2.29939720591591,0,5.0,0.0975609756097561,0.0259259259259259,0.164489611562782,0,11.7,15.7
2024,REG,00-0039747,A.Smith,Ainias Smith,WR,WR,"https://static.www.nfl.com/image/upload/f_auto,q_auto/league/curtawk9bzyg88w5jrg8",3,PHI,0,0,0,0,0,0,0,0,0,0,0,0,,0,,,2,6,0,0,0,1,0.596295293711592,0,7,9,41,1,0,0,38,23,1,-0.639199768542312,0,1.07894736842105,0.107142857142857,0.0523415977961433,0.197353404171586,0,10.7,17.7
2024,REG,00-0039751,J.Whittington,Jordan Whittington,WR,WR,"https://static.www.nfl.com/image/upload/f_auto,q_auto/league/x5j7yvx4iheje5vw4tek",6,LA,0,0,0,0,0,0,0,0,0,0,0,0,,0,,,2,12,0,0,0,2,3.07164090371225,0,22,28,293,0,0,0,151,203,14,16.5002140633296,0,1.94039735099338,0.145833333333333,0.110380116959064,0.296016081871345,0,30.5,52.5
2024,REG,00-0039754,D.Culp,Devin Culp,TE,TE,"https://static.www.nfl.com/image/upload/f_auto,q_auto/league/enm1dlbdrxtiwev6pjvi",2,TB,0,0,0,0,0,0,0,0,0,0,0,0,,0,,,0,0,0,0,0,0,,0,5,6,88,0,0,0,73,31,4,7.84954318283783,0,1.20547945205479,0.0952380952380952,0.143137254901961,0.243053221288515,0,8.8,13.8
2024,REG,00-0039757,T.Jennings,Terrell Jennings,RB,RB,"https://static.www.nfl.com/image/upload/f_auto,q_auto/league/yn8krjb11it7oqoogryb",2,NE,0,0,0,0,0,0,0,0,0,0,0,0,,0,,,13,33,0,0,0,0,-3.98449113772677,0,0,1,0,0,0,0,29,0,0,-0.752186933532357,0,0.0,0.0357142857142857,0.102112676056338,0.125050301810865,0,3.3,3.3
2024,REG,00-0039792,D.Walker,Devontez Walker,WR,WR,"https://static.www.nfl.com/image/upload/f_auto,q_auto/league/jsgddyppttajr7czq18x",2,BAL,0,0,0,0,0,0,0,0,0,0,0,0,,0,,,0,0,0,0,0,0,,0,1,3,21,1,0,0,84,0,1,1.22273593023419,0,0.25,0.075,0.195804195804196,0.249562937062937,0,8.1,9.1
2024,REG,00-0039793,A.Barner,A.J. Barner,TE,TE,"https://static.www.nfl.com/image/upload/f_auto,q_auto/league/msnzbeyjoemcas9dm8vt",14,SEA,0,0,0,0,0,0,0,0,0,0,0,0,,0,,,0,0,0,0,0,0,,0,30,38,245,4,0,0,136,164,18,11.0866415139171,0,1.80147058823529,0.0793319415448852,0.0396385893325561,0.146744924850117,0,48.5,78.5
2024,REG,00-0039794,B.Allen,Braelon Allen,RB,RB,"https://static.www.nfl.com/image/upload/f_auto,q_auto/league/p0fylkec7poarrjosefz",17,NYJ,0,0,0,0,0,0,0,0,0,0,0,0,,0,,,92,334,2,0,0,22,-7.61642359342659,0,19,27,148,1,0,0,-5,163,8,4.73982512985822,0,-29.6,0.0567226890756303,-0.0020483408439164,0.0836501950227039,0,66.2,85.2
2024,REG,00-0039796,R.Ali,Rasheen Ali,RB,RB,"https://static.www.nfl.com/image/upload/f_auto,q_auto/league/rahywwfay2yyqupfwebh",4,BAL,0,0,0,0,0,0,0,0,0,0,0,0,,0,,,10,31,0,0,0,2,-1.15656615432818,0,0,2,0,0,0,0,-5,0,0,-0.796130052302033,0,0.0,0.0666666666666667,-0.0179856115107914,0.087410071942446,0,3.1,3.1
2024,REG,00-0039798,I.Davis,Isaiah Davis,RB,RB,"https://static.www.nfl.com/image/upload/f_auto,q_auto/league/yx5kxu7fsb1oe4jlqvyh",9,NYJ,0,0,0,0,0,0,0,0,0,0,0,0,,0,,,30,174,1,0,0,10,4.41404169931775,0,9,12,75,1,0,0,16,75,4,5.28145296504269,0,4.6875,0.0710059171597633,0.0169491525423729,0.118373282519306,0,36.9,45.9
2024,REG,00-0039810,J.Burton,Jermaine Burton,WR,WR,"https://static.www.nfl.com/image/upload/f_auto,q_auto/league/ifbhq7ghxf2mcvhzuxsz",4,CIN,0,0,0,0,0,0,0,0,0,0,0,0,,0,,,0,0,0,0,0,0,,0,4,14,107,0,0,0,296,22,4,-4.54055739149165,0,0.361486486486487,0.0823529411764706,0.197596795727637,0.261847168774052,0,10.7,14.7
2024,REG,00-0039811,M.Lloyd,MarShawn Lloyd,RB,RB,"https://static.www.nfl.com/image/upload/f_auto,q_auto/league/cikf6dm0qassteyibwlv",1,GB,0,0,0,0,0,0,0,0,0,0,0,0,,0,,,6,15,0,0,0,0,-1.80517367087305,0,1,1,3,0,0,0,-5,8,0,-0.234166648471728,0,-0.6,0.0769230769230769,-0.0617283950617284,0.0721747388414055,0,1.8,2.8
2024,REG,00-0039814,E.All,Erick All,TE,TE,"https://static.www.nfl.com/image/upload/f_auto,q_auto/league/ifkhcxze7lnxkpzjvsmk",8,CIN,0,0,0,0,0,0,0,0,0,0,0,0,,0,,,0,0,0,0,0,0,,0,20,22,158,0,0,0,72,87,8,5.24824645451736,0,2.19444444444444,0.0842911877394636,0.0379346680716544,0.152991049259353,0,15.8,35.8
2024,REG,00-0039816,A.Gould,Anthony Gould,WR,WR,"https://static.www.nfl.com/image/upload/f_auto,q_auto/league/dnpsavsditrxjiqobxst",1,IND,0,0,0,0,0,0,0,0,0,0,0,0,,0,,,0,0,0,0,0,0,,0,1,1,23,0,0,0,18,5,1,1.88861330680083,0,1.27777777777778,0.0277777777777778,0.0571428571428571,0.0816666666666667,0,2.3,3.3
2024,REG,00-0039824,J.Wiley,Jared Wiley,TE,TE,"https://static.www.nfl.com/image/upload/f_auto,q_auto/league/f9bhzz8fogzta1qkg9ms",1,KC,0,0,0,0,0,0,0,0,0,0,0,0,,0,,,0,0,0,0,0,0,,0,1,1,7,0,0,0,4,3,0,-0.145088373683393,0,1.75,0.0434782608695652,0.0454545454545455,0.0970355731225296,0,0.7,1.7
2024,REG,00-0039825,J.Hicks,Jaden Hicks,SS,DB,"https://static.www.nfl.com/image/upload/f_auto,q_auto/league/krhm1jt7hl3d5ucjjfgw",1,KC,0,0,0,0,0,0,0,0,0,0,0,0,,0,,,1,1,0,0,0,0,-2.83455932186916,0,0,0,0,0,0,0,0,0,0,,0,,,,,0,0.1,0.1
2024,REG,00-0039847,T.Johnson,Theo Johnson,TE,TE,"https://static.www.nfl.com/image/upload/f_auto,q_auto/league/gljwzcxubvoqjxwnakze",10,NYG,0,0,0,0,0,0,0,0,0,0,0,0,,0,,,0,0,0,0,0,0,,0,29,43,331,1,0,0,288,149,16,4.54264365517884,0,1.14930555555556,0.129129129129129,0.123340471092077,0.280032023458148,0,39.1,68.1
2024,REG,00-0039849,M.Harrison,Marvin Harrison,WR,WR,"https://static.www.nfl.com/image/upload/f_auto,q_auto/league/o6hg5zeofmxvzjjpo2sf",17,ARI,0,0,0,0,0,0,0,0,0,0,0,0,,0,,,0,0,0,0,0,0,,0,62,116,885,8,1,1,1566,148,43,27.3088771691884,0,0.565134099616858,0.221797323135755,0.430574649436349,0.634098239309077,0,134.5,196.5
2024,REG,00-0039851,D.Maye,Drake Maye,QB,QB,"https://static.www.nfl.com/image/upload/f_auto,q_auto/league/iy96wbyjth5ehizc0xq5",13,NE,225,338,2276,15,10,34,229,5,4,2473,1192,112,-27.6123093283814,2,0.920339668418924,0.0666417804465564,54,421,2,4,2,22,20.1082751224749,0,0,0,0,0,0,0,0,0,0,,0,,,,,0,177.14,177.14
2024,REG,00-0039853,J.Baker,Javon Baker,WR,WR,"https://static.www.nfl.com/image/upload/f_auto,q_auto/league/k9junpcjhuulnixdqnqn",4,NE,0,0,0,0,0,0,0,0,0,0,0,0,,0,,,0,0,0,0,0,0,,0,1,4,12,0,0,0,50,0,1,-0.841275895363651,0,0.24,0.0336134453781513,0.0490196078431373,0.084733893557423,0,1.2,2.2
2024,REG,00-0039855,J.McMillan,Jalen McMillan,WR,WR,"https://static.www.nfl.com/image/upload/f_auto,q_auto/league/zdxkyl8gy4dqiq6evfzp",13,TB,0,0,0,0,0,0,0,0,0,0,0,0,,0,,,4,43,0,0,0,3,4.43155519425636,0,37,58,461,8,0,0,704,133,23,10.1319111772563,0,0.654829545454545,0.134259259259259,0.224346717654557,0.358431591247079,0,98.4,135.4
2024,REG,00-0039868,T.Franklin,Troy Franklin,WR,WR,"https://static.www.nfl.com/image/upload/f_auto,q_auto/league/w429urxwxc8sw4bsbvxz",16,DEN,0,0,0,0,0,0,0,0,0,0,0,0,,0,,,2,8,0,0,0,0,-0.251734478515573,0,28,53,263,2,0,0,690,163,11,-18.4296856334885,0,0.381159420289855,0.104536489151874,0.181007345225603,0.283509875385733,0,39.1,67.1
2024,REG,00-0039874,J.Wright,Jaylen Wright,RB,RB,"https://static.www.nfl.com/image/upload/f_auto,q_auto/league/ib9s3nvt4i1i5wh11t4f",13,MIA,0,0,0,0,0,0,0,0,0,0,0,0,,0,,,68,249,0,1,1,11,-20.3124552579829,0,3,6,8,0,0,0,-6,8,1,-2.86759093113049,0,-1.33333333333333,0.0425531914893617,-0.0097087378640776,0.0570336707291882,0,23.7,26.7
2024,REG,00-0039875,R.Davis,Ray Davis,RB,RB,"https://static.www.nfl.com/image/upload/f_auto,q_auto/league/xm8csnleyxsop4pldyby",16,BUF,0,0,0,0,0,0,0,0,0,0,0,0,,0,,,113,442,3,0,0,25,-5.58636846957784,0,17,19,189,3,0,0,16,164,8,14.8789281111676,0,11.8125,0.0582822085889571,0.0060698027314112,0.0916721747954234,0,99.1,116.1
2024,REG,00-0039880,M.Washington,Malik Washington,WR,WR,"https://static.www.nfl.com/image/upload/f_auto,q_auto/league/mlnnipvmbl92w7mmr1pa",12,MIA,0,0,0,0,0,0,0,0,0,0,0,0,,0,,,5,25,1,0,0,1,0.697106748935767,0,26,36,223,0,0,0,195,123,13,7.02231647982262,0,1.14358974358974,0.0978260869565217,0.0859409431467607,0.206897790637515,0,30.8,56.8
2024,REG,00-0039890,A.Mitchell,Adonai Mitchell,WR,WR,"https://static.www.nfl.com/image/upload/f_auto,q_auto/league/fztxucnxhoxep6utluyc",17,IND,1,1,24,0,0,0,0,0,0,-6,30,1,2.44565882708412,0,0.0,,4,6,0,1,1,1,-8.78891542664496,0,23,55,312,0,1,0,775,101,16,-4.95154687589923,0,0.40258064516129,0.111788617886179,0.148524338827137,0.271649964008264,0,30.76,53.76
2024,REG,00-0039893,B.Thomas,Brian Thomas,WR,WR,"https://static.www.nfl.com/image/upload/f_auto,q_auto/league/gsz15iz0ppibhslzzgch",17,JAX,0,0,0,0,0,0,0,0,0,0,0,0,,0,,,6,48,0,0,0,3,2.56745216195122,0,87,133,1282,10,0,0,1542,562,53,52.1369931032611,2,0.831387808041505,0.254789272030651,0.346127946127946,0.624473470335539,0,197.0,284.0
2024,REG,00-0039894,X.Worthy,Xavier Worthy,WR,WR,"https://static.www.nfl.com/image/upload/f_auto,q_auto/league/fvzbx5gpiqkogglyoo1w",16,KC,0,0,0,0,0,0,0,0,0,0,0,0,,0,,,20,104,3,0,0,4,2.96006648201728,0,59,98,638,6,0,0,904,407,36,20.302431489203,0,0.705752212389381,0.176576576576577,0.254003933689239,0.442667618447332,0,128.2,187.2
2024,REG,00-0039901,K.Coleman,Keon Coleman,WR,WR,"https://static.www.nfl.com/image/upload/f_auto,q_auto/league/ipwpdgb0cm3xy3d8zu1l",13,BUF,0,0,0,0,0,0,0,0,0,0,0,0,,0,,,1,9,0,0,0,0,0.781900940928608,0,29,57,556,4,0,0,864,215,22,24.2161459557943,1,0.643518518518519,0.155313351498638,0.286377195889957,0.433434064370926,0,82.5,111.5
2024,REG,00-0039907,J.Polk,Ja'Lynn Polk,WR,WR,"https://static.www.nfl.com/image/upload/f_auto,q_auto/league/jladubt1cwxq46uslmu9",13,NE,0,0,0,0,0,0,0,0,0,0,0,0,,0,,,1,0,0,0,0,0,-0.688484604470432,0,12,33,87,2,0,0,395,13,4,-19.8007742554437,0,0.220253164556962,0.088,0.146025878003697,0.234218114602588,0,20.7,32.7
2024,REG,00-0039910,J.Daniels,Jayden Daniels,QB,QB,"https://static.www.nfl.com/image/upload/f_auto,q_auto/league/mh9rkwpmq1rgfarg9rpm",17,WAS,331,480,3568,25,9,47,238,2,0,3548,1780,170,59.6956511337605,2,1.00563697857948,0.140566729863992,148,891,6,3,0,55,57.4654718999089,1,0,0,0,0,0,0,0,0,0,,0,,,,,0,355.82,355.82
2024,REG,00-0039912,B.Sinnott,Ben Sinnott,TE,TE,"https://static.www.nfl.com/image/upload/f_auto,q_auto/league/zwjmu9wyutlpkace9ukf",4,WAS,0,0,0,0,0,0,0,0,0,0,0,0,,0,,,0,0,0,0,0,0,,0,5,5,28,1,0,0,9,19,2,1.44948668213328,0,3.11111111111111,0.0476190476190476,0.0163339382940109,0.0828623282343791,0,8.8,13.8
2024,REG,00-0039915,L.McConkey,Ladd McConkey,WR,WR,"https://static.www.nfl.com/image/upload/f_auto,q_auto/league/wcx39ialovvxxnvs2bke",16,LAC,0,0,0,0,0,0,0,0,0,0,0,0,,0,,,0,0,0,0,0,0,,0,82,112,1149,7,2,0,1114,390,52,64.6544433469266,1,1.03141831238779,0.242424242424242,0.284837637432882,0.563022709839381,0,158.9,240.9
2024,REG,00-0039916,R.Pearsall,Ricky Pearsall,WR,WR,"https://static.www.nfl.com/image/upload/f_auto,q_auto/league/akwepvt6qxwbgankljmv",10,SF,0,1,0,0,0,0,0,0,0,10,0,0,-0.530975111527368,0,0.0,,3,45,0,0,0,1,2.20618218905292,0,31,46,400,3,0,0,528,114,19,8.46867377494537,0,0.757575757575758,0.149837133550489,0.214808787632221,0.375121851668288,0,62.5,93.5
2024,REG,00-0039917,M.Penix,Michael Penix,QB,QB,"https://static.www.nfl.com/image/upload/f_auto,q_auto/league/ono6a9myuvmgmfz1y43t",5,ATL,61,105,775,3,3,4,14,2,0,1073,271,35,14.5531169521575,0,0.722273998136067,0.0886359280482365,7,11,1,0,0,1,0.585619137535105,0,0,0,0,0,0,0,0,0,0,,0,,,,,0,44.1,44.1
2024,REG,00-0039918,C.Williams,Caleb Williams,QB,QB,"https://static.www.nfl.com/image/upload/f_auto,q_auto/league/idewrhb7kngpdtrvku31",17,CHI,351,562,3541,20,6,68,466,7,3,4486,1866,171,-43.8048432554278,3,0.789344627730718,0.0392576022320808,81,489,0,3,2,27,11.6320835832119,0,0,0,0,0,0,0,0,0,0,,0,,,,,0,254.54,254.54
2024,REG,00-0039919,R.Odunze,Rome Odunze,WR,WR,"https://static.www.nfl.com/image/upload/f_auto,q_auto/league/labs8tstecnehvzfmrs5",17,CHI,0,0,0,0,0,0,0,0,0,0,0,0,,0,,,3,15,0,0,0,1,0.575859468372073,0,54,101,734,3,2,1,1398,253,37,16.0611612963145,0,0.525035765379113,0.192015209125475,0.335493160547156,0.522868026071222,0,90.9,144.9
2024,REG,00-0039920,M.Corley,Malachi Corley,WR,WR,"https://static.www.nfl.com/image/upload/f_auto,q_auto/league/wukmdigs85jyubxw0iur",5,NYJ,0,0,0,0,0,0,0,0,0,0,0,0,,0,,,2,26,0,1,0,1,-4.43124410655582,0,3,6,16,0,0,0,50,5,1,-3.64381541276816,0,0.32,0.0465116279069768,0.0629722921914358,0.11384804639447,0,4.2,7.2
2024,REG,00-0039921,T.Benson,Trey Benson,RB,RB,"https://static.www.nfl.com/image/upload/f_auto,q_auto/league/iu0gbspz3kjdqlazvtkn",12,ARI,0,0,0,0,0,0,0,0,0,0,0,0,,0,,,63,291,1,1,0,16,-4.97101015778026,0,6,6,59,0,0,0,-19,78,3,3.10383117327001,0,-3.10526315789474,0.0451127819548872,-0.0236907730673317,0.0510856317851987,0,41.0,47.0
2024,POST,00-0026498,M.Stafford,Matthew Stafford,QB,QB,"https://static.www.nfl.com/image/upload/f_auto,q_auto/league/xdlnnbapdbk8trxqlasu",2,LA,45,71,533,4,0,7,40,1,1,642,179,25,9.06792876786906,0,0.830218068535826,0.0579146700961953,4,4,0,1,0,0,-4.84243015683023,0,0,0,0,0,0,0,0,0,0,,0,,,,,0,35.72,35.72
2024,POST,00-0029263,R.Wilson,Russell Wilson,QB,QB,"https://static.www.nfl.com/image/upload/f_auto,q_auto/league/u36rhg0md8ey3b4khbre",1,PIT,20,29,270,2,0,4,19,0,0,244,126,9,8.11442398116924,0,1.10655737704918,0.179473872826837,3,6,0,0,0,0,-1.28741485346109,0,0,0,0,0,0,0,0,0,0,,0,,,,,0,19.4,19.4
2024,POST,00-0030061,Z.Ertz,Zach Ertz,TE,TE,"https://static.www.nfl.com/image/upload/f_auto,q_auto/league/xktmmeumuoglbuam75iz",3,WAS,0,0,0,0,0,0,0,0,0,0,0,0,,0,,,0,0,0,0,0,0,,0,18,25,155,1,0,0,171,39,13,16.6673885341331,0,0.906432748538012,0.231481481481482,0.240845070422535,0.515813771517997,0,21.5,39.5
2024,POST,00-0030140,T.Way,Tress Way,P,SPEC,"https://static.www.nfl.com/image/upload/f_auto,q_auto/league/n5nwpxqj5ex2pc2c2phx",1,WAS,1,1,23,0,0,0,0,0,0,16,7,1,3.98421560344286,0,1.4375,,0,0,0,0,0,0,,0,0,0,0,0,0,0,0,0,0,,0,,,,,0,0.92,0.92
2024,POST,00-0030431,R.Woods,Robert Woods,WR,WR,"https://static.www.nfl.com/image/upload/f_auto,q_auto/league/ydjg5fylwkf5aaxiul6v",1,HOU,0,0,0,0,0,0,0,0,0,0,0,0,,0,,,0,0,0,0,0,0,,0,2,4,22,0,0,0,34,2,2,0.0037892351113941,0,0.647058823529412,0.125,0.109677419354839,0.264274193548387,0,2.2,4.2
2024,POST,00-0030506,T.Kelce,Travis Kelce,TE,TE,"https://static.www.nfl.com/image/upload/f_auto,q_auto/league/ilk4qbxxs6mt3v9zfvtg",3,KC,0,0,0,0,0,0,0,0,0,0,0,0,,0,,,0,0,0,0,0,0,,0,13,18,175,1,0,0,116,85,7,10.9865041902522,0,1.50862068965517,0.222222222222222,0.200345423143351,0.473575129533679,0,23.5,36.5
2024,POST,00-0030564,D.Hopkins,DeAndre Hopkins,WR,WR,"https://static.www.nfl.com/image/upload/f_auto,q_auto/league/viymeohipdn0voptrkzh",3,KC,0,0,0,0,0,0,0,0,0,0,0,0,,0,,,0,0,0,0,0,0,,0,3,8,29,1,0,0,70,4,3,-6.26681382182869,1,0.414285714285714,0.0987654320987654,0.120898100172712,0.232776818269046,0,10.9,13.9
2024,POST,00-0031237,T.Bridgewater,Teddy Bridgewater,QB,QB,"https://static.www.nfl.com/image/private/f_auto,q_auto/league/q5p8afhezmpvc1xbwibf",1,DET,1,1,3,0,0,0,0,0,0,3,0,1,-0.131951791699976,0,1.0,,0,0,0,0,0,0,,0,0,0,0,0,0,0,0,0,0,,0,,,,,0,0.12,0.12
2024,POST,00-0031408,M.Evans,Mike Evans,WR,WR,"https://static.www.nfl.com/image/upload/f_auto,q_auto/league/vfsaie1uiokfczwv9p4d",1,TB,0,0,0,0,0,0,0,0,0,0,0,0,,0,,,0,0,0,0,0,0,,0,7,7,92,1,0,0,63,29,7,10.1045600846992,0,1.46031746031746,0.411764705882353,0.45985401459854,0.939544869042507,0,15.2,22.2
2024,POST,00-0031544,A.Cooper,Amari Cooper,WR,WR,"https://static.www.nfl.com/image/upload/f_auto,q_auto/league/zmtzqznqui37unmo5xv9",3,BUF,0,0,0,0,0,0,0,0,0,0,0,0,,0,,,0,0,0,0,0,0,,0,6,8,41,0,0,0,33,23,1,-0.217808887620608,0,1.24242424242424,0.103896103896104,0.0527156549520767,0.19274511431061,0,4.1,10.1
2024,POST,00-0031549,N.Agholor,Nelson Agholor,WR,WR,"https://static.www.nfl.com/image/upload/f_auto,q_auto/league/wyxfkarcjgqdz3pl8nnr",2,BAL,0,0,0,0,0,0,0,0,0,0,0,0,,0,,,0,0,0,0,0,0,,0,1,2,25,0,0,0,18,9,1,0.788622336869594,0,1.38888888888889,0.0454545454545455,0.0482573726541555,0.101961979039727,0,2.5,3.5
2024,POST,00-0031941,J.Crowder,Jamison Crowder,WR,WR,"https://static.www.nfl.com/image/upload/f_auto,q_auto/league/rfysbrjrvfdr72cx8who",2,WAS,0,0,0,0,0,0,0,0,0,0,0,0,,0,,,0,0,0,0,0,0,,0,3,5,29,0,0,0,30,13,1,1.57109339430463,0,0.966666666666667,0.0657894736842105,0.0576923076923077,0.139068825910931,0,2.9,5.9
2024,POST,00-0032268,M.Mariota,Marcus Mariota,QB,QB,"https://static.www.nfl.com/image/upload/f_auto,q_auto/league/b9ribxqudeehvmjlw0va",2,WAS,0,0,0,0,0,0,0,0,0,0,0,0,,0,,,2,1,0,0,0,1,-4.05932262470014,0,0,0,0,0,0,0,0,0,0,,0,,,,,0,0.1,0.1
2024,POST,00-0032464,K.Raymond,Kalif Raymond,WR,WR,"https://static.www.nfl.com/image/upload/f_auto,q_auto/league/hogsyuf9rqnzydmhbsht",1,DET,0,0,0,0,0,0,0,0,0,0,0,0,,0,,,0,0,0,0,0,0,,0,3,3,37,0,0,0,13,24,2,3.24927096778993,0,2.84615384615385,0.0769230769230769,0.0372492836676218,0.141459113951951,0,3.7,6.7
2024,POST,00-0032764,D.Henry,Derrick Henry,RB,RB,"https://static.www.nfl.com/image/upload/f_auto,q_auto/league/m7bv3lv9puapabltvykk",2,BAL,0,0,0,0,0,0,0,0,0,0,0,0,,0,,,42,270,3,0,0,12,6.89518786605913,0,0,2,0,0,0,0,16,0,0,-1.29082550756117,0,0.0,0.08,0.0615384615384615,0.163076923076923,0,45.0,45.0
2024,POST,00-0032775,D.Robinson,Demarcus Robinson,WR,WR,"https://static.www.nfl.com/image/upload/f_auto,q_auto/league/lakf0xue1qqb7ed4p6ge",2,LA,0,0,0,0,0,0,0,0,0,0,0,0,,0,,,0,0,0,0,0,0,,0,4,9,97,0,0,0,162,8,4,5.40430951747112,0,0.598765432098765,0.128571428571429,0.25,0.367857142857143,0,9.7,13.7
2024,POST,00-0032918,C.Ham,C.J. Ham,FB,RB,"https://static.www.nfl.com/image/upload/f_auto,q_auto/league/a23fezyvrzsse3q8yuxi",1,MIN,0,0,0,0,0,0,0,0,0,0,0,0,,0,,,0,0,0,0,0,0,,0,1,1,8,0,0,0,5,3,0,0.50816769071389,0,1.6,0.025,0.0119047619047619,0.0458333333333333,0,0.8,1.8
2024,POST,00-0032943,R.Dixon,Riley Dixon,P,SPEC,"https://static.www.nfl.com/image/upload/f_auto,q_auto/league/tmj23do0dxjssrdr4vjy",1,DEN,1,1,15,0,0,0,0,0,0,15,0,1,3.49068356608041,0,1.0,,0,0,0,0,0,0,,0,0,0,0,0,0,0,0,0,0,,0,,,,,0,0.6,0.6
2024,POST,00-0033106,J.Goff,Jared Goff,QB,QB,"https://static.www.nfl.com/image/upload/f_auto,q_auto/league/jxyaiwwkabzmmphouxil",1,DET,23,40,313,1,3,2,16,1,1,331,153,17,-4.43988765630638,0,0.945619335347432,0.0303668609882846,1,7,0,0,0,1,1.67814612778602,0,0,0,0,0,0,0,0,0,0,,0,,,,,0,9.22,9.22
2024,POST,00-0033110,T.Higbee,Tyler Higbee,TE,TE,"https://static.www.nfl.com/image/private/f_auto,q_auto/league/vk9c6lr4d1pdt9sr86ua",2,LA,0,0,0,0,0,0,0,0,0,0,0,0,,0,,,0,0,0,0,0,0,,0,12,15,112,1,0,0,57,63,5,5.65303706001711,0,1.96491228070175,0.214285714285714,0.087962962962963,0.383002645502645,0,17.2,29.2
2024,POST,00-0033246,J.Mundt,Johnny Mundt,TE,TE,"https://static.www.nfl.com/image/upload/f_auto,q_auto/league/ievumbznrtys9b2esphz",1,MIN,0,0,0,0,0,0,0,0,0,0,0,0,,0,,,0,0,0,0,0,0,,0,2,3,28,0,0,0,11,19,2,1.69958880252671,0,2.54545454545455,0.075,0.0261904761904762,0.130833333333333,0,2.8,4.8
2024,POST,00-0033282,C.Samuel,Curtis Samuel,WR,WR,"https://static.www.nfl.com/image/upload/f_auto,q_auto/league/mq62ulflifrpjrcyknbj",3,BUF,0,0,0,0,0,0,0,0,0,0,0,0,,0,,,0,0,0,0,0,0,,0,6,8,81,2,0,0,36,50,4,11.7069893176667,0,2.25,0.103896103896104,0.0575079872204473,0.196099746898469,0,20.1,26.1
2024,POST,00-0033293,A.Jones,Aaron Jones,RB,RB,"https://static.www.nfl.com/image/upload/f_auto,q_auto/league/bktkfvgfwujkdbzkcfim",1,MIN,0,0,0,0,0,0,0,0,0,0,0,0,,0,,,13,48,0,0,0,1,-3.01706871774513,0,3,6,12,0,0,0,-24,18,0,-2.35997593606589,0,-0.5,0.15,-0.0571428571428571,0.185,0,6.0,9.0
2024,POST,00-0033375,T.Patrick,Tim Patrick,WR,WR,"https://static.www.nfl.com/image/upload/f_auto,q_auto/league/tsbe7jbwmgzby45hnb3j",1,DET,0,0,0,0,0,0,0,0,0,0,0,0,,0,,,0,0,0,0,0,0,,0,1,4,22,0,0,0,55,18,1,-9.25361081457231,0,0.4,0.102564102564103,0.157593123209169,0.264161340092572,0,2.2,3.2
2024,POST,00-0033526,S.Perine,Samaje Perine,RB,RB,"https://static.www.nfl.com/image/upload/f_auto,q_auto/league/liorwdmj8gelxh5u7rc4",3,KC,0,0,0,0,0,0,0,0,0,0,0,0,,0,,,1,8,0,0,0,1,0.726176860101987,0,1,3,17,0,0,0,-1,17,1,1.25247225050495,0,-17.0,0.037037037037037,-0.0040650406504065,0.052710027100271,0,2.5,3.5
2024,POST,00-0033536,M.Williams,Mike Williams,WR,WR,"https://static.www.nfl.com/image/upload/f_auto,q_auto/league/vwu8nudrnk3l7samz8mf",1,PIT,0,0,0,0,0,0,0,0,0,0,0,0,,0,,,0,0,0,0,0,0,,0,1,2,37,0,0,0,25,17,1,3.10376201523468,0,1.48,0.0769230769230769,0.121951219512195,0.200750469043152,0,3.7,4.7
2024,POST,00-0033555,M.Hollins,Mack Hollins,WR,WR,"https://static.www.nfl.com/image/upload/f_auto,q_auto/league/xchw7quzjszgrm6psbyg",3,BUF,0,0,0,0,0,0,0,0,0,0,0,0,,0,,,0,0,0,0,0,0,,0,5,8,104,1,0,0,156,17,4,8.12364084704313,0,0.666666666666667,0.103896103896104,0.249201277955272,0.330285050412846,0,16.4,21.4
2024,POST,00-0033699,A.Ekeler,Austin Ekeler,RB,RB,"https://static.www.nfl.com/image/upload/f_auto,q_auto/league/sldndpn2zwt4uhkj2zks",3,WAS,0,0,0,0,0,0,0,0,0,0,0,0,,0,,,22,89,0,0,0,3,-4.25501034915214,0,12,15,84,0,1,1,25,90,3,-9.5156650212382,0,3.36,0.138888888888889,0.0352112676056338,0.232981220657277,0,15.3,27.3
2024,POST,00-0033854,D.Ogunbowale,Dare Ogunbowale,RB,RB,"https://static.www.nfl.com/image/upload/f_auto,q_auto/league/kzthvzy64jesgizjthwx",2,HOU,0,0,0,0,0,0,0,0,0,0,0,0,,0,,,2,14,0,0,0,0,0.62460981249562,0,1,1,0,0,0,0,-6,6,0,-0.359966821793932,0,0.0,0.0357142857142857,-0.0222222222222222,0.038015873015873,0,1.4,2.4
2024,POST,00-0033857,J.Smith-Schuster,JuJu Smith-Schuster,WR,WR,"https://static.www.nfl.com/image/upload/f_auto,q_auto/league/l0hsr6xsbsagzygcqhci",3,KC,0,0,0,0,0,0,0,0,0,0,0,0,,0,,,0,0,0,0,0,0,,0,4,6,76,0,0,0,50,47,3,2.23130222572945,0,1.52,0.0740740740740741,0.0863557858376511,0.171560161197467,0,7.6,11.6
2024,POST,00-0033869,M.Trubisky,Mitchell Trubisky,QB,QB,"https://static.www.nfl.com/image/upload/f_auto,q_auto/league/jetjlsljpb3shogn5grq",1,BUF,0,0,0,0,0,0,0,0,0,0,0,0,,0,,,3,-3,0,0,0,0,-4.05462835420622,0,0,0,0,0,0,0,0,0,0,,0,,,,,0,-0.3,-0.3
2024,POST,00-0033873,P.Mahomes,Patrick Mahomes,QB,QB,"https://static.www.nfl.com/image/upload/f_auto,q_auto/league/qrdbvu4iqy7wkqg8jq8d",3,KC,55,83,679,5,2,11,58,1,1,588,329,32,0.222743341023049,3,1.1547619047619,0.0708027127357057,22,82,2,2,1,7,0.258952657168265,0,0,0,0,0,0,0,0,0,0,,0,,,,,0,65.36,65.36
2024,POST,00-0033897,J.Mixon,Joe Mixon,RB,RB,"https://static.www.nfl.com/image/upload/f_auto,q_auto/league/gwyhozfhjgedwdmmjjcf",2,HOU,0,0,0,0,0,0,0,0,0,0,0,0,,0,,,43,194,2,1,1,8,-2.60867967328522,0,3,5,25,0,0,0,2,24,1,-0.384349774145535,0,12.5,0.0833333333333333,0.0034482758620689,0.127413793103448,0,31.9,34.9
2024,POST,00-0033908,C.Kupp,Cooper Kupp,WR,WR,"https://static.www.nfl.com/image/upload/f_auto,q_auto/league/sq7zwzcgrajuk0hwwph2",2,LA,0,0,0,0,0,0,0,0,0,0,0,0,,0,,,0,0,0,0,0,0,,0,6,8,90,0,0,0,128,11,4,7.77087661722908,0,0.703125,0.114285714285714,0.197530864197531,0.309700176366843,0,9.0,15.0
2024,POST,00-0033923,K.Hunt,Kareem Hunt,RB,RB,"https://static.www.nfl.com/image/upload/f_auto,q_auto/league/mm0t1ghvbpdhy6m5utcq",3,KC,0,0,0,0,0,0,0,0,0,0,0,0,,0,,,28,117,2,0,0,8,0.604618362151086,0,3,3,13,0,0,0,-2,15,0,0.927252013469115,0,-6.5,0.037037037037037,-0.003454231433506,0.0531375935521013,0,25.0,28.0
2024,POST,00-0033955,J.McNichols,Jeremy McNichols,RB,RB,"https://static.www.nfl.com/image/upload/f_auto,q_auto/league/kegqjj5pv7xidm0xwtpy",2,WAS,0,0,0,0,0,0,0,0,0,0,0,0,,0,,,5,9,1,0,0,1,-0.788178530754522,0,0,0,0,0,0,0,0,0,0,,0,,,,,0,6.9,6.9
2024,POST,00-0034159,W.Dissly,Will Dissly,TE,TE,"https://static.www.nfl.com/image/upload/f_auto,q_auto/league/opdpeoconvviwkufolxr",1,LAC,0,0,0,0,0,0,0,0,0,0,0,0,,0,,,0,0,0,0,0,0,,0,2,5,16,0,0,0,31,14,0,-8.74730914551765,0,0.516129032258065,0.15625,0.0765432098765432,0.28795524691358,0,1.6,3.6
2024,POST,00-0034184,G.Edwards,Gus Edwards,RB,RB,"https://static.www.nfl.com/image/upload/f_auto,q_auto/league/dyobqe3w5eypevsk3f2b",1,LAC,0,0,0,0,0,0,0,0,0,0,0,0,,0,,,7,22,0,0,0,1,-1.9284280508291,0,0,0,0,0,0,0,0,0,0,,0,,,,,0,2.2,2.2
2024,POST,00-0034348,C.Sutton,Courtland Sutton,WR,WR,"https://static.www.nfl.com/image/upload/f_auto,q_auto/league/qts95gbd6hv65s9eiseq",1,DEN,0,0,0,0,0,0,0,0,0,0,0,0,,0,,,0,0,0,0,0,0,,0,5,9,75,0,0,0,157,12,4,-0.820124311564306,0,0.477707006369427,0.391304347826087,0.570909090909091,0.986592885375494,0,7.5,12.5
2024,POST,00-0034351,D.Goedert,Dallas Goedert,TE,TE,"https://static.www.nfl.com/image/upload/f_auto,q_auto/league/wfj54vhw1zxwwb3vdi61",4,PHI,0,0,0,0,0,0,0,0,0,0,0,0,,0,,,2,13,0,0,0,0,0.985477579524741,0,17,20,215,1,0,0,115,129,9,13.2221135256113,0,1.8695652173913,0.235294117647059,0.194915254237288,0.48938185443669,0,28.8,45.8
2024,POST,00-0034353,A.Miller,Anthony Miller,WR,WR,"https://static.www.nfl.com/image/upload/f_auto,q_auto/league/uvxiydh3yxydavl2fgpr",2,BAL,0,0,0,0,0,0,0,0,0,0,0,0,,0,,,0,0,0,0,0,0,,0,4,4,28,0,0,0,15,13,1,1.5514424276771,0,1.86666666666667,0.0909090909090909,0.0402144772117962,0.164513770411894,0,2.8,6.8
2024,POST,00-0034383,D.Schultz,Dalton Schultz,TE,TE,"https://static.www.nfl.com/image/upload/f_auto,q_auto/league/ooatvpu1knzypdmjljo9",2,HOU,0,0,0,0,0,0,0,0,0,0,0,0,,0,,,0,0,0,0,0,0,,0,6,8,86,0,0,0,93,23,4,4.16565647075186,0,0.924731182795699,0.133333333333333,0.160344827586207,0.312241379310345,0,8.6,14.6
2024,POST,00-0034386,J.Watson,Justin Watson,WR,WR,"https://static.www.nfl.com/image/private/f_auto,q_auto/league/vr9tayyujt23takv3hv3",2,KC,0,0,0,0,0,0,0,0,0,0,0,0,,0,,,0,0,0,0,0,0,,0,0,0,0,0,0,0,0,0,0,,2,,,,,0,4.0,4.0
2024,POST,00-0034487,T.Sherfield,Trent Sherfield,WR,WR,"https://static.www.nfl.com/image/upload/f_auto,q_auto/league/esdvav44ezzmwbwe1rju",1,MIN,0,0,0,0,0,0,0,0,0,0,0,0,,0,,,0,0,0,0,0,0,,0,2,3,8,0,0,0,22,2,0,-3.50655904668383,0,0.363636363636364,0.075,0.0523809523809524,0.149166666666667,0,0.8,2.8
2024,POST,00-0034753,M.Andrews,Mark Andrews,TE,TE,"https://static.www.nfl.com/image/upload/f_auto,q_auto/league/y5maejm3puruskwc344y",2,BAL,0,0,0,0,0,0,0,0,0,0,0,0,,0,,,4,8,0,0,0,4,3.01591767498758,0,7,10,88,0,1,1,81,32,5,0.989008557866327,0,1.08641975308642,0.227272727272727,0.2171581769437,0.492919814769681,0,7.6,14.6
2024,POST,00-0034777,D.Chark,D.J. Chark,WR,WR,"https://static.www.nfl.com/image/upload/f_auto,q_auto/league/skuieceh50r31ulwpo5s",1,LAC,0,0,0,0,0,0,0,0,0,0,0,0,,0,,,0,0,0,0,0,0,,0,1,4,10,0,0,0,69,6,0,-4.79353347161471,0,0.144927536231884,0.125,0.17037037037037,0.306759259259259,0,1.0,2.0
2024,POST,00-0034796,L.Jackson,Lamar Jackson,QB,QB,"https://static.www.nfl.com/image/upload/f_auto,q_auto/league/cruqs6qpbykh7a2whd7p",2,BAL,34,46,429,4,1,3,24,1,1,378,171,20,15.9049545292354,0,1.13492063492064,0.255464708249971,21,120,0,0,0,8,4.64967775176046,0,0,0,0,0,0,0,0,0,0,,0,,,,,0,41.16,41.16
2024,POST,00-0034844,S.Barkley,Saquon Barkley,RB,RB,"https://static.www.nfl.com/image/upload/f_auto,q_auto/league/ugiuanl8bf6uoya5mgid",4,PHI,0,0,0,0,0,0,0,0,0,0,0,0,,0,,,91,499,5,0,0,17,-3.28951093531231,0,13,15,75,0,0,0,-14,92,3,4.35260465025203,0,-5.35714285714286,0.176470588235294,-0.0303687635574837,0.243447747862703,0,87.4,100.4
2024,POST,00-0034855,B.Mayfield,Baker Mayfield,QB,QB,"https://static.www.nfl.com/image/upload/f_auto,q_auto/league/xrbgtbyy8a7l0ux13hjy",1,TB,15,18,185,2,0,1,2,0,0,138,81,12,13.4991154146184,0,1.34057971014493,0.257852116048579,7,23,0,1,1,1,-7.4748981987359,0,0,0,0,0,0,0,0,0,0,,0,,,,,0,15.7,15.7
2024,POST,00-0034857,J.Allen,Josh Allen,QB,QB,"https://static.www.nfl.com/image/upload/f_auto,q_auto/league/lq4ezafbszwwt2qsvhqv",3,BUF,58,82,636,4,0,5,22,1,0,674,322,26,21.4107232341566,1,0.943620178041543,0.195388025784612,29,105,2,2,0,14,4.65605833678581,0,0,0,0,0,0,0,0,0,0,,0,,,,,0,65.94,65.94
2024,POST,00-0034869,S.Darnold,Sam Darnold,QB,QB,"https://static.www.nfl.com/image/upload/f_auto,q_auto/league/agjgfwk9jk9ufoac2vpd",1,MIN,25,40,245,1,1,9,82,1,1,420,99,11,-28.9517370335182,0,0.583333333333333,0.003774172876632,4,19,0,0,0,3,5.57196107320488,0,0,0,0,0,0,0,0,0,0,,0,,,,,0,11.7,11.7
2024,POST,00-0034928,S.Sims,Steven Sims,WR,WR,"https://static.www.nfl.com/image/upload/f_auto,q_auto/league/rsehft6639kzvqezebqf",2,BAL,0,0,0,0,0,0,0,0,0,0,0,0,,0,,,1,15,0,0,0,1,0.896699336124584,0,1,1,4,0,0,0,-3,7,0,-0.099835739005357,0,0.0,0.04,-0.0115384615384615,0.0519230769230769,0,1.9,2.9
2024,POST,00-0034970,I.Smith,Irv Smith,TE,TE,"https://static.www.nfl.com/image/private/f_auto,q_auto/league/gvnnqr5kj0rtte3iw9mp",1,HOU,0,0,0,0,0,0,0,0,0,0,0,0,,0,,,0,0,0,0,0,0,,0,1,1,2,0,0,0,2,0,0,-0.359579039271921,0,1.0,0.0357142857142857,0.0074074074074074,0.0587566137566138,0,0.2,1.2
2024,POST,00-0034975,J.Hill,Justice Hill,RB,RB,"https://static.www.nfl.com/image/upload/f_auto,q_auto/league/jeeq17ah67zxc6vdamhk",2,BAL,0,0,0,0,0,0,0,0,0,0,0,0,,0,,,12,62,0,0,0,4,0.0940249663544819,0,6,6,20,1,0,0,-10,30,3,2.63689925966901,0,-2.0,0.136363636363636,-0.0268096514745308,0.185778698513283,0,14.2,20.2
2024,POST,00-0035208,O.Zaccheaus,Olamide Zaccheaus,WR,WR,"https://static.www.nfl.com/image/upload/f_auto,q_auto/league/hcmdnfgnnvcp0qbktpxd",3,WAS,0,0,0,0,0,0,0,0,0,0,0,0,,0,,,0,0,0,0,0,0,,0,7,10,45,0,0,0,36,36,4,1.17621410550782,1,1.25,0.0925925925925926,0.0507042253521127,0.174381846635368,0,6.5,13.5
2024,POST,00-0035216,D.Johnson,Diontae Johnson,WR,WR,"https://static.www.nfl.com/image/upload/f_auto,q_auto/league/rjtil6ilydmwoy0btlt7",1,HOU,0,0,0,0,0,0,0,0,0,0,0,0,,0,,,0,0,0,0,0,0,,0,1,1,12,0,0,0,8,4,0,-0.0697804461354243,0,1.5,0.03125,0.0258064516129032,0.0649395161290323,0,1.2,2.2
2024,POST,00-0035229,T.Hockenson,T.J. Hockenson,TE,TE,"https://static.www.nfl.com/image/upload/f_auto,q_auto/league/n9zhffstwzae8i5di6tk",1,MIN,0,0,0,0,0,0,0,0,0,0,0,0,,0,,,0,0,0,0,0,0,,0,5,5,64,1,0,0,33,31,3,6.59060609759763,0,1.93939393939394,0.125,0.0785714285714286,0.2425,0,12.4,17.4
2024,POST,00-0035249,J.Oliver,Josh Oliver,TE,TE,"https://static.www.nfl.com/image/private/f_auto,q_auto/league/pwd3muzyjclgjlwwtdah",1,MIN,0,0,0,0,0,0,0,0,0,0,0,0,,0,,,0,0,0,0,0,0,,0,1,1,5,0,0,0,-2,7,0,0.0395194492302835,0,0.0,0.025,-0.0047619047619047,0.0341666666666667,0,0.5,1.5
2024,POST,00-0035537,T.Johnson,Ty Johnson,RB,RB,"https://static.www.nfl.com/image/upload/f_auto,q_auto/league/zdedn4xqr2jy6mddh5pb",3,BUF,0,0,0,0,0,0,0,0,0,0,0,0,,0,,,20,94,0,0,0,5,0.258405161008375,0,4,4,34,1,0,0,20,14,3,4.24463936657412,0,1.7,0.051948051948052,0.0410677618069815,0.106669511186965,0,18.8,22.8
2024,POST,00-0035659,T.McLaurin,Terry McLaurin,WR,WR,"https://static.www.nfl.com/image/upload/f_auto,q_auto/league/wokz1etv1wj1vhbmvxgs",3,WAS,0,0,0,0,0,0,0,0,0,0,0,0,,0,,,0,0,0,0,0,0,,0,14,23,227,3,0,0,209,130,10,15.2293098419392,0,1.08612440191388,0.212962962962963,0.294366197183099,0.525500782472613,0,40.7,54.7
2024,POST,00-0035662,M.Brown,Marquise Brown,WR,WR,"https://static.www.nfl.com/image/upload/f_auto,q_auto/league/ixuddegcphzmvjn4jq6r",3,KC,0,0,0,0,0,0,0,0,0,0,0,0,,0,,,0,0,0,0,0,0,,0,5,13,50,0,0,0,167,26,3,-7.78362385848926,0,0.29940119760479,0.160493827160494,0.288428324697755,0.442640568029169,0,5.0,10.0
2024,POST,00-0035676,A.Brown,A.J. Brown,WR,WR,"https://static.www.nfl.com/image/private/f_auto,q_auto/league/a014sgzctarbvhwb35lw",4,PHI,0,0,0,0,0,0,0,0,0,0,0,0,,0,,,0,0,0,0,0,0,,0,12,23,163,2,0,0,315,48,12,12.5914120853413,0,0.517460317460318,0.270588235294118,0.533898305084746,0.779611166500499,0,28.3,40.3
2024,POST,00-0035685,D.Montgomery,David Montgomery,RB,RB,"https://static.www.nfl.com/image/upload/f_auto,q_auto/league/nwdb4paueb1x4gv7tlb9",1,DET,1,1,20,0,0,0,0,0,0,-3,23,1,1.18591011303943,0,0.0,,7,28,0,0,0,2,-0.605129046656657,0,0,0,0,0,0,0,0,0,0,,0,,,,,0,3.6,3.6
2024,POST,00-0035689,D.Knox,Dawson Knox,TE,TE,"https://static.www.nfl.com/image/upload/f_auto,q_auto/league/uazfj5l5vzow2oyfa1s6",3,BUF,0,0,0,0,0,0,0,0,0,0,0,0,,0,,,0,0,0,0,0,0,,0,4,6,45,0,0,0,69,17,2,-0.205559899506625,0,0.652173913043478,0.0779220779220779,0.110223642172524,0.194039666403884,0,4.5,8.5
2024,POST,00-0035700,J.Jacobs,Josh Jacobs,RB,RB,"https://static.www.nfl.com/image/upload/f_auto,q_auto/league/ksdusqxnwqtnph0htcfx",1,GB,0,0,0,0,0,0,0,0,0,0,0,0,,0,,,18,81,1,1,0,2,-0.0273471135296859,0,3,3,40,0,0,0,6,34,3,3.3625185827259,0,6.66666666666667,0.0909090909090909,0.0216606498194946,0.151526091237283,0,18.1,21.1
2024,POST,00-0036158,J.Dobbins,J.K. Dobbins,RB,RB,"https://static.www.nfl.com/image/upload/f_auto,q_auto/league/rbuyzj3kv10xrq1rfy2l",1,LAC,0,0,0,0,0,0,0,0,0,0,0,0,,0,,,9,26,0,0,0,2,-2.65837452587551,0,0,1,0,0,0,0,0,0,0,-1.51140596927144,0,,0.03125,,,0,2.6,2.6
2024,POST,00-0036244,C.Parkinson,Colby Parkinson,TE,TE,"https://static.www.nfl.com/image/upload/f_auto,q_auto/league/crjyx8tutyzn8bomqbdc",2,LA,0,0,0,0,0,0,0,0,0,0,0,0,,0,,,0,0,0,0,0,0,,0,4,4,22,1,0,0,14,8,1,2.34413129684981,0,1.57142857142857,0.0571428571428571,0.0216049382716049,0.100837742504409,0,8.2,12.2
2024,POST,00-0036264,J.Love,Jordan Love,QB,QB,"https://static.www.nfl.com/image/upload/f_auto,q_auto/league/a8xqle2vmsnumawdhswb",1,GB,20,33,212,0,3,2,17,0,0,277,127,12,-5.50907542900242,0,0.765342960288809,-0.0058728297612076,2,10,0,0,0,0,0.567049415083602,0,0,0,0,0,0,0,0,0,0,,0,,,,,0,3.48,3.48
2024,POST,00-0036322,J.Jefferson,Justin Jefferson,WR,WR,"https://static.www.nfl.com/image/upload/f_auto,q_auto/league/vrftbpzwk6qmv0zjcysg",1,MIN,0,0,0,0,0,0,0,0,0,0,0,0,,0,,,0,0,0,0,0,0,,0,5,8,58,0,0,0,149,11,2,-2.68831795759096,0,0.389261744966443,0.2,0.354761904761905,0.548333333333333,0,5.8,10.8
2024,POST,00-0036355,J.Herbert,Justin Herbert,QB,QB,"https://static.www.nfl.com/image/upload/f_auto,q_auto/league/vvwim9hpgq1zs3bufmr0",1,LAC,14,32,242,1,4,4,31,0,0,405,112,9,-23.0566209330844,0,0.597530864197531,-0.0793206923273621,0,0,0,0,0,0,,0,0,0,0,0,0,0,0,0,0,,0,,,,,0,5.68,5.68
2024,POST,00-0036389,J.Hurts,Jalen Hurts,QB,QB,"https://static.www.nfl.com/image/upload/f_auto,q_auto/league/k2p5yb4qmqwoo3qcapgt",4,PHI,65,91,726,5,1,13,100,1,0,617,385,35,25.8547368198498,0,1.17666126418152,0.1990208504163,34,194,5,0,0,14,10.995466099783,0,0,0,0,0,0,0,0,0,0,,0,,,,,0,96.44,96.44
2024,POST,00-0036414,C.Akers,Cam Akers,RB,RB,"https://static.www.nfl.com/image/upload/f_auto,q_auto/league/dutj0wamu7giwghnmr4m",1,MIN,0,0,0,0,0,0,0,0,0,0,0,0,,0,,,5,39,0,0,0,1,-0.350229143281467,0,0,0,0,0,0,0,0,0,0,,0,,,,,0,3.9,3.9
2024,POST,00-0036415,V.Jefferson,Van Jefferson,WR,WR,"https://static.www.nfl.com/image/upload/f_auto,q_auto/league/v2vkt9htky3xawu8yskx",1,PIT,0,0,0,0,0,0,0,0,0,0,0,0,,0,,,0,0,0,0,0,0,,0,2,2,37,1,0,0,37,0,1,3.39421389263589,0,1.0,0.0769230769230769,0.180487804878049,0.24172607879925,0,9.7,11.7
2024,POST,00-0036422,A.Trautman,Adam Trautman,TE,TE,"https://static.www.nfl.com/image/upload/f_auto,q_auto/league/qvqigum2qjhil0z3er2c",1,DEN,0,0,0,0,0,0,0,0,0,0,0,0,,0,,,0,0,0,0,0,0,,0,1,1,2,0,0,0,2,0,0,-0.374200855381787,0,1.0,0.0434782608695652,0.0072727272727272,0.0703083003952569,0,0.2,1.2
2024,POST,00-0036550,R.Bateman,Rashod Bateman,WR,WR,"https://static.www.nfl.com/image/upload/f_auto,q_auto/league/jkcapzvd65fxivefjv8l",2,BAL,0,0,0,0,0,0,0,0,0,0,0,0,,0,,,0,0,0,0,0,0,,0,6,7,90,2,0,0,107,13,4,7.02712373298733,0,0.841121495327103,0.159090909090909,0.28686327077748,0.4394406531806,0,21.0,27.0
2024,POST,00-0036554,N.Collins,Nico Collins,WR,WR,"https://static.www.nfl.com/image/upload/f_auto,q_auto/league/q7c9aq8rpremfygslmya",2,HOU,0,0,0,0,0,0,0,0,0,0,0,0,,0,,,0,0,0,0,0,0,,0,12,16,203,1,0,0,214,67,11,15.9821925960714,0,0.948598130841122,0.266666666666667,0.368965517241379,0.658275862068965,0,26.3,38.3
2024,POST,00-0036626,D.Brown,Dyami Brown,WR,WR,"https://static.www.nfl.com/image/upload/f_auto,q_auto/league/mibh7ud59ygmzm19ivac",3,WAS,0,0,0,0,0,0,0,0,0,0,0,0,,0,,,0,0,0,0,0,0,,0,14,18,229,1,2,1,190,91,9,9.34019089640146,0,1.20526315789474,0.166666666666667,0.267605633802817,0.437323943661972,0,26.9,40.9
2024,POST,00-0036628,J.Bates,John Bates,TE,TE,"https://static.www.nfl.com/image/upload/f_auto,q_auto/league/edpnkleev10rpzfgjakv",3,WAS,0,0,0,0,0,0,0,0,0,0,0,0,,0,,,0,0,0,0,0,0,,0,3,5,31,0,0,0,26,5,2,1.47906186644104,0,1.19230769230769,0.0462962962962963,0.05,0.104444444444444,0,3.1,6.1
2024,POST,00-0036630,T.Wallace,Tylan Wallace,WR,WR,"https://static.www.nfl.com/image/upload/f_auto,q_auto/league/e3ghtadqh39zhu0iieht",2,BAL,0,0,0,0,0,0,0,0,0,0,0,0,,0,,,0,0,0,0,0,0,,0,2,3,48,0,1,0,26,26,2,2.82479530177079,0,1.84615384615385,0.0681818181818182,0.0697050938337802,0.151066292956373,0,4.8,6.8
2024,POST,00-0036637,N.Gray,Noah Gray,TE,TE,"https://static.www.nfl.com/image/upload/f_auto,q_auto/league/erihh0eiq4m76k2ejvax",2,KC,0,0,0,0,0,0,0,0,0,0,0,0,,0,,,0,0,0,0,0,0,,0,4,4,15,0,0,0,11,4,0,-1.59291415126063,0,1.36363636363636,0.0714285714285714,0.0275,0.126392857142857,0,1.5,5.5
2024,POST,00-0036849,T.Atwell,Tutu Atwell,WR,WR,"https://static.www.nfl.com/image/upload/f_auto,q_auto/league/hpvbp9pn7ifbh62nde0n",1,LA,0,0,0,0,0,0,0,0,0,0,0,0,,0,,,0,0,0,0,0,0,,0,1,1,18,0,0,0,18,0,1,1.48179260850884,0,1.0,0.0227272727272727,0.0406320541760722,0.0625333470141597,0,1.8,2.8
2024,POST,00-0036893,N.Harris,Najee Harris,RB,RB,"https://static.www.nfl.com/image/upload/f_auto,q_auto/league/pdyv1dfyb1w0tmvnkp3v",1,PIT,0,0,0,0,0,0,0,0,0,0,0,0,,0,,,6,17,0,0,0,1,-1.34609761065803,0,3,3,41,0,0,0,-8,49,1,3.30091135203838,0,-5.125,0.115384615384615,-0.0390243902439024,0.145759849906191,0,5.8,8.8
2024,POST,00-0036894,P.Freiermuth,Pat Freiermuth,TE,TE,"https://static.www.nfl.com/image/upload/f_auto,q_auto/league/sozfjyy3bmntjv8tmqah",1,PIT,0,0,0,0,0,0,0,0,0,0,0,0,,0,,,0,0,0,0,0,0,,0,3,4,15,0,0,0,14,5,0,-3.1080594456289,0,1.07142857142857,0.153846153846154,0.0682926829268293,0.278574108818011,0,1.5,4.5
2024,POST,00-0036912,D.Smith,DeVonta Smith,WR,WR,"https://static.www.nfl.com/image/upload/f_auto,q_auto/league/bmdflwy52nsk7zpnfhwb",4,PHI,0,0,0,0,0,0,0,0,0,0,0,0,,0,,,0,0,0,0,0,0,,0,16,17,190,1,0,0,131,65,7,15.1798891242943,0,1.45038167938931,0.2,0.222033898305085,0.455423728813559,0,25.0,41.0
2024,POST,00-0036919,K.Gainwell,Kenneth Gainwell,RB,RB,"https://static.www.nfl.com/image/upload/f_auto,q_auto/league/prer0j0tkzsdva1yrd0i",4,PHI,0,0,0,0,0,0,0,0,0,0,0,0,,0,,,13,42,0,0,0,3,-2.13113468320807,0,3,3,26,0,0,0,-8,34,1,1.47872148663737,0,-3.25,0.0681818181818182,-0.0293040293040293,0.0817599067599068,0,6.8,9.8
2024,POST,00-0036945,J.Fields,Justin Fields,QB,QB,"https://static.www.nfl.com/image/upload/f_auto,q_auto/league/vqcvybvs1vlqhkjvujbg",1,PIT,0,1,0,0,0,0,0,0,0,5,0,0,-0.47034461365547,0,0.0,,0,0,0,0,0,0,,0,0,0,0,0,0,0,0,0,0,,0,,,,,0,0.0,0.0
2024,POST,00-0036963,A.St. Brown,Amon-Ra St. Brown,WR,WR,"https://static.www.nfl.com/image/upload/f_auto,q_auto/league/jmfuamqblg8jag0stpnq",1,DET,0,0,0,0,0,0,0,0,0,0,0,0,,0,,,0,0,0,0,0,0,,0,8,10,137,0,0,0,89,61,7,10.5191627516761,0,1.53932584269663,0.256410256410256,0.255014326647564,0.56312541326868,0,13.7,21.7
2024,POST,00-0036997,J.Williams,Javonte Williams,RB,RB,"https://static.www.nfl.com/image/upload/f_auto,q_auto/league/dm8qipfrz2nes9kgpcyp",1,DEN,0,0,0,0,0,0,0,0,0,0,0,0,,0,,,7,29,0,0,0,0,-0.942174634197727,0,2,2,14,0,0,0,1,13,0,0.155827312613837,0,14.0,0.0869565217391304,0.0036363636363636,0.13298023715415,0,4.3,6.3
2024,POST,00-0037004,H.Long,Hunter Long,TE,TE,"https://static.www.nfl.com/image/upload/f_auto,q_auto/league/zfovepcmlr4bkmm96wgp",1,LA,0,0,0,0,0,0,0,0,0,0,0,0,,0,,,0,0,0,0,0,0,,0,1,2,13,0,0,0,49,0,1,0.376875165617093,0,0.26530612244898,0.0769230769230769,0.239024390243902,0.282701688555347,0,1.3,2.3
2024,POST,00-0037085,T.Badie,Tyler Badie,RB,RB,"https://static.www.nfl.com/image/upload/f_auto,q_auto/league/brr4ec8gkikxhqqsu1nw",1,DEN,0,0,0,0,0,0,0,0,0,0,0,0,,0,,,2,8,0,0,0,0,-0.240343911806121,0,0,0,0,0,0,0,0,0,0,,0,,,,,0,0.8,0.8
2024,POST,00-0037086,G.Calcaterra,Grant Calcaterra,TE,TE,"https://static.www.nfl.com/image/upload/f_auto,q_auto/league/vxl0kathuej280k01d2r",1,PHI,0,0,0,0,0,0,0,0,0,0,0,0,,0,,,0,0,0,0,0,0,,0,1,1,4,0,0,0,4,0,0,-0.377142621204257,0,1.0,0.0555555555555556,0.0333333333333333,0.106666666666667,0,0.4,1.4
2024,POST,00-0037091,B.Melton,Bo Melton,WR,WR,"https://static.www.nfl.com/image/upload/f_auto,q_auto/league/bhmhwurwugjmymgjforf",1,GB,0,0,0,0,0,0,0,0,0,0,0,0,,0,,,0,0,0,0,0,0,,0,1,3,16,0,0,0,64,0,1,-3.20166230624447,0,0.25,0.0909090909090909,0.231046931407942,0.298096488349196,0,1.6,2.6
2024,POST,00-0037197,I.Pacheco,Isiah Pacheco,RB,RB,"https://static.www.nfl.com/image/private/f_auto,q_auto/league/rzr8nxjunjeiv8bjir59",3,KC,0,0,0,0,0,0,0,0,0,0,0,0,,0,,,13,37,0,0,0,0,-3.04098699899623,0,3,5,17,0,0,0,-1,19,2,-0.739310063363519,0,-17.0,0.0617283950617284,-0.003003003003003,0.0904904904904905,0,5.4,8.4
2024,POST,00-0037228,J.Warren,Jaylen Warren,RB,RB,"https://static.www.nfl.com/image/upload/f_auto,q_auto/league/aaw4yacm6azisxqy273i",1,PIT,0,0,0,0,0,0,0,0,0,0,0,0,,0,,,2,6,0,0,0,1,0.113760409643874,0,4,5,19,0,0,0,-11,28,1,-0.677420669002459,0,-1.72727272727273,0.192307692307692,-0.0536585365853659,0.250900562851782,0,2.5,6.5
2024,POST,00-0037240,J.Williams,Jameson Williams,WR,WR,"https://static.www.nfl.com/image/upload/f_auto,q_auto/league/kt6xzcnjbe9affdfsayt",1,DET,0,1,0,0,1,0,0,0,0,20,0,0,-4.44142709951848,0,0.0,,1,61,1,0,0,1,5.16989027569071,0,1,4,19,0,0,0,111,0,1,-3.61617908068001,0,0.171171171171171,0.102564102564103,0.318051575931232,0.376482256998016,0,12.0,13.0
2024,POST,00-0037247,G.Pickens,George Pickens,WR,WR,"https://static.www.nfl.com/image/upload/f_auto,q_auto/league/klxzcb6p7ekngcognpiy",1,PIT,0,0,0,0,0,0,0,0,0,0,0,0,,0,,,0,0,0,0,0,0,,0,5,5,87,1,0,0,66,21,4,8.4228090258548,0,1.31818181818182,0.192307692307692,0.321951219512195,0.513827392120075,0,14.7,19.7
2024,POST,00-0037248,J.Cook,James Cook,RB,RB,"https://static.www.nfl.com/image/upload/f_auto,q_auto/league/bzdvrarxum9zate4te4b",3,BUF,0,0,0,0,0,0,0,0,0,0,0,0,,0,,,53,272,3,0,0,15,8.89724460037542,0,6,6,64,0,0,0,-12,76,2,3.02056688838638,0,-5.33333333333333,0.115384615384615,-0.031331592689295,0.151144808194417,0,51.6,57.6
2024,POST,00-0037256,R.White,Rachaad White,RB,RB,"https://static.www.nfl.com/image/upload/f_auto,q_auto/league/przphhlw0zga7b45qlyb",1,TB,0,0,0,0,0,0,0,0,0,0,0,0,,0,,,1,1,0,0,0,0,-0.262264644028619,0,2,2,14,0,0,0,4,10,0,1.22049213387072,0,3.5,0.117647058823529,0.0291970802919708,0.196908544439674,0,1.5,3.5
2024,POST,00-0037258,D.Pierce,Dameon Pierce,RB,RB,"https://static.www.nfl.com/image/upload/f_auto,q_auto/league/kotnmiuvvfmfuupr0f82",2,HOU,0,0,0,0,0,0,0,0,0,0,0,0,,0,,,6,25,0,0,0,1,-1.67552687879652,0,0,1,0,0,0,0,-5,0,0,-1.82362769078463,0,0.0,0.0357142857142857,-0.0185185185185185,0.0406084656084656,0,2.5,2.5
2024,POST,00-0037261,K.Shakir,Khalil Shakir,WR,WR,"https://static.www.nfl.com/image/upload/f_auto,q_auto/league/ch2yarhiobqlvr9ls2yw",3,BUF,0,0,0,0,0,0,0,0,0,0,0,0,,0,,,0,0,0,0,0,0,,0,18,20,174,0,0,0,103,99,7,8.41754857971646,0,1.68932038834951,0.25974025974026,0.164536741214058,0.50478610846023,0,17.4,35.4
2024,POST,00-0037284,M.Araiza,Matt Araiza,P,SPEC,"https://static.www.nfl.com/image/upload/f_auto,q_auto/league/a0oalsttuuseurwk5vgl",1,KC,0,0,0,0,0,0,0,0,0,0,0,0,,0,,,1,-18,0,0,0,0,-1.91761878668331,0,0,0,0,0,0,0,0,0,0,,0,,,,,0,-1.8,-1.8
2024,POST,00-0037291,J.Nailor,Jalen Nailor,WR,WR,"https://static.www.nfl.com/image/upload/f_auto,q_auto/league/fe9b3l4fz6n02gbr5zbt",1,MIN,0,0,0,0,0,0,0,0,0,0,0,0,,0,,,0,0,0,0,0,0,,0,3,5,33,0,0,0,72,8,2,0.0359168376307935,0,0.458333333333333,0.125,0.171428571428571,0.3075,0,3.3,6.3
2024,POST,00-0037539,L.Krull,Lucas Krull,TE,TE,"https://static.www.nfl.com/image/upload/f_auto,q_auto/league/v3rdtydz7dh4s5oyzejs",1,DEN,0,0,0,0,0,0,0,0,0,0,0,0,,0,,,0,0,0,0,0,0,,0,1,1,2,0,0,0,2,0,0,-0.0172514857258648,0,1.0,0.0434782608695652,0.0072727272727272,0.0703083003952569,0,0.2,1.2
2024,POST,00-0037557,R.Rivers,Ronnie Rivers,RB,RB,"https://static.www.nfl.com/image/upload/f_auto,q_auto/league/xjumjdizgaw4gicg6gbb",1,LA,0,0,0,0,0,0,0,0,0,0,0,0,,0,,,3,8,0,0,0,0,-2.37983164004982,0,0,0,0,0,0,0,0,0,0,,0,,,,,0,0.8,0.8
2024,POST,00-0037614,J.Metchie,John Metchie,WR,WR,"https://static.www.nfl.com/image/upload/f_auto,q_auto/league/zf0d6hiyqnmtst0vwdpv",2,HOU,0,0,0,0,0,0,0,0,0,0,0,0,,0,,,0,0,0,0,0,0,,0,6,10,63,0,1,1,102,10,3,-7.18159060337348,0,0.617647058823529,0.166666666666667,0.175862068965517,0.373103448275862,0,4.3,10.3
2024,POST,00-0037617,H.Haskins,Hassan Haskins,RB,RB,"https://static.www.nfl.com/image/upload/f_auto,q_auto/league/kfqhhr4xcm2iaocbvdyp",1,LAC,0,0,0,0,0,0,0,0,0,0,0,0,,0,,,1,5,0,0,0,1,0.936565455165692,0,0,1,0,0,0,0,3,0,0,-0.830898538930342,0,0.0,0.03125,0.0074074074074074,0.0520601851851852,0,0.5,0.5
2024,POST,00-0037654,T.Fisk,Tucker Fisk,TE,TE,"https://static.www.nfl.com/image/upload/f_auto,q_auto/league/jbbh7bfsjpqzsy0jcofy",1,LAC,0,0,0,0,0,0,0,0,0,0,0,0,,0,,,0,0,0,0,0,0,,0,1,1,15,0,0,0,13,2,1,1.14826546737459,0,1.15384615384615,0.03125,0.0320987654320988,0.0693441358024691,0,1.5,2.5
2024,POST,00-0037741,J.Dotson,Jahan Dotson,WR,WR,"https://static.www.nfl.com/image/upload/f_auto,q_auto/league/myxhp9oqtcv1peactbhv",2,PHI,0,0,0,0,0,0,0,0,0,0,0,0,,0,,,0,0,0,0,0,0,,0,3,5,53,1,0,0,45,17,3,2.96039158856729,0,1.17777777777778,0.121951219512195,0.141955835962145,0.282295914441794,0,11.3,14.3
2024,POST,00-0037746,B.Robinson,Brian Robinson,RB,RB,"https://static.www.nfl.com/image/private/f_auto,q_auto/league/gxcfbuvmooytbn45kvxf",3,WAS,0,0,0,0,0,0,0,0,0,0,0,0,,0,,,36,129,2,0,0,7,1.02822918364583,0,4,5,22,0,0,0,-3,28,1,-1.52696708968142,0,-7.33333333333333,0.15625,-0.0157894736842105,0.223322368421053,0,27.1,31.1
2024,POST,00-0037816,R.Doubs,Romeo Doubs,WR,WR,"https://static.www.nfl.com/image/upload/f_auto,q_auto/league/dyulbddqbqshoqdxgo63",1,GB,0,0,0,0,0,0,0,0,0,0,0,0,,0,,,0,0,0,0,0,0,,0,2,2,13,0,0,0,11,2,1,1.11413303622976,0,1.18181818181818,0.0606060606060606,0.0397111913357401,0.118706924844109,0,1.3,3.3
2024,POST,00-0037837,C.Austin,Calvin Austin,WR,WR,"https://static.www.nfl.com/image/private/f_auto,q_auto/league/qlt6ztqcbu0uzad6aavt",1,PIT,0,0,0,0,0,0,0,0,0,0,0,0,,0,,,0,0,0,0,0,0,,0,1,2,25,0,0,0,67,1,1,0.467295992420986,0,0.373134328358209,0.0769230769230769,0.326829268292683,0.344165103189493,0,2.5,3.5
2024,POST,00-0037838,I.Likely,Isaiah Likely,TE,TE,"https://static.www.nfl.com/image/upload/f_auto,q_auto/league/xmikfnklnpjmzjhbjrur",2,BAL,0,0,0,0,0,0,0,0,0,0,0,0,,0,,,0,0,0,0,0,0,,0,7,9,126,1,0,0,123,41,4,8.82069321066956,0,1.02439024390244,0.204545454545455,0.329758713136729,0.537649281013892,0,18.6,25.6
2024,POST,00-0037840,K.Williams,Kyren Williams,RB,RB,"https://static.www.nfl.com/image/upload/f_auto,q_auto/league/vcvstwywz6iufk7iul3x",2,LA,0,0,0,0,0,0,0,0,0,0,0,0,,0,,,35,182,0,1,1,7,-8.14700171474473,0,4,5,15,1,0,0,-8,21,1,-0.781168154673651,0,-1.875,0.0714285714285714,-0.0123456790123457,0.0985008818342152,0,23.7,27.7
2024,POST,00-0038102,K.Pickett,Kenny Pickett,QB,QB,"https://static.www.nfl.com/image/upload/f_auto,q_auto/league/lbyu04eubfsgezqftovz",2,PHI,0,1,0,0,0,0,0,0,0,6,0,0,-2.72017508355202,0,0.0,,5,-7,0,0,0,0,-4.68556838022778,0,0,0,0,0,0,0,0,0,0,,0,,,,,0,-0.7,-0.7
2024,POST,00-0038129,C.Otton,Cade Otton,TE,TE,"https://static.www.nfl.com/image/upload/f_auto,q_auto/league/mljam77kst1wlqd5y91v",1,TB,0,0,0,0,0,0,0,0,0,0,0,0,,0,,,0,0,0,0,0,0,,0,2,2,32,0,0,0,13,19,2,2.51421689859126,0,2.46153846153846,0.117647058823529,0.0948905109489051,0.242893945899528,0,3.2,5.2
2024,POST,00-0038393,D.Wicks,Dontayvion Wicks,WR,WR,"https://static.www.nfl.com/image/upload/f_auto,q_auto/league/ghsev2bmz8kvhm8dsbey",1,GB,0,0,0,0,0,0,0,0,0,0,0,0,,0,,,0,0,0,0,0,0,,0,2,6,39,0,0,0,144,2,2,1.03638280706946,0,0.270833333333333,0.181818181818182,0.51985559566787,0.636626189694782,0,3.9,5.9
2024,POST,00-0038465,M.Heath,Malik Heath,WR,WR,"https://static.www.nfl.com/image/upload/f_auto,q_auto/league/xbhxvulvdrkbz5svka5f",1,GB,0,0,0,0,0,0,0,0,0,0,0,0,,0,,,0,0,0,0,0,0,,0,0,4,0,0,0,0,25,0,0,-8.32484338770155,0,0.0,0.121212121212121,0.0902527075812274,0.244995077125041,0,0.0,0.0
2024,POST,00-0038544,Q.Johnston,Quentin Johnston,WR,WR,"https://static.www.nfl.com/image/upload/f_auto,q_auto/league/jbxlvsbokf9qdqtet1qr",1,LAC,0,0,0,0,0,0,0,0,0,0,0,0,,0,,,0,0,0,0,0,0,,0,0,5,0,0,0,0,86,0,0,-9.58984988683369,0,0.0,0.15625,0.212345679012346,0.383016975308642,0,0.0,0.0
2024,POST,00-0038558,D.Washington,Darnell Washington,TE,TE,"https://static.www.nfl.com/image/upload/f_auto,q_auto/league/i6bxioxqzrc9hepszyjf",1,PIT,0,0,0,0,0,0,0,0,0,0,0,0,,0,,,0,0,0,0,0,0,,0,1,3,9,0,0,0,15,5,0,0.17751610011328,0,0.6,0.115384615384615,0.0731707317073171,0.224296435272045,0,0.9,1.9
2024,POST,00-0038573,D.Davis,Derius Davis,WR,WR,"https://static.www.nfl.com/image/upload/f_auto,q_auto/league/ctk98ws4ps6p4gaei6uu",1,LAC,0,0,0,0,0,0,0,0,0,0,0,0,,0,,,1,-3,0,0,0,0,-1.20287403510883,0,1,1,4,0,1,0,-7,11,0,-0.417262754868716,0,0.0,0.03125,-0.017283950617284,0.0347762345679012,0,0.1,1.1
2024,POST,00-0038618,X.Hutchinson,Xavier Hutchinson,WR,WR,"https://static.www.nfl.com/image/upload/f_auto,q_auto/league/vlxzxhej5ffelkxrqf4g",2,HOU,0,0,0,0,0,0,0,0,0,0,0,0,,0,,,0,0,0,0,0,0,,0,5,7,86,0,0,0,87,25,2,6.32332667143783,0,0.988505747126437,0.116666666666667,0.15,0.28,0,8.6,13.6
2024,POST,00-0038685,C.Brooks,Christopher Brooks,RB,RB,"https://static.www.nfl.com/image/upload/f_auto,q_auto/league/uuahiqarbpnfv8xlihlu",1,GB,0,0,0,0,0,0,0,0,0,0,0,0,,0,,,0,0,0,0,0,0,,0,2,3,9,0,0,0,-11,18,0,-0.115139601635747,0,-0.818181818181818,0.0909090909090909,-0.0397111913357401,0.108565802428618,0,0.9,2.9
2024,POST,00-0038728,J.Wayne,Jared Wayne,WR,WR,"https://static.www.nfl.com/image/private/f_auto,q_auto/league/udca0jyyym0k7vh2f5yr",1,HOU,0,0,0,0,0,0,0,0,0,0,0,0,,0,,,0,0,0,0,0,0,,0,0,2,0,0,0,0,40,0,0,-1.49377723131329,0,0.0,0.0714285714285714,0.148148148148148,0.210846560846561,0,0.0,0.0
2024,POST,00-0038794,J.McLaughlin,Jaleel McLaughlin,RB,RB,"https://static.www.nfl.com/image/upload/f_auto,q_auto/league/ndqnhudqtipzrnzslyla",1,DEN,0,0,0,0,0,0,0,0,0,0,0,0,,0,,,2,-2,0,0,0,0,-1.7254987526685,0,1,1,0,0,0,0,-2,2,0,-3.31237079255516,0,0.0,0.0434782608695652,-0.0072727272727272,0.0601264822134387,0,-0.2,0.8
2024,POST,00-0038797,E.Wilson,Emanuel Wilson,RB,RB,"https://static.www.nfl.com/image/upload/f_auto,q_auto/league/hpscbhsmjocm8kmwfbuc",1,GB,0,0,0,0,0,0,0,0,0,0,0,0,,0,,,3,6,0,0,0,0,-2.07312340452336,0,1,3,23,0,0,0,7,30,1,0.548430210711287,0,3.28571428571429,0.0909090909090909,0.0252707581227437,0.154053167049557,0,2.9,3.9
2024,POST,00-0038933,D.Kincaid,Dalton Kincaid,TE,TE,"https://static.www.nfl.com/image/upload/f_auto,q_auto/league/rsimqxdfwlb1n9qd4w3g",3,BUF,0,0,0,0,0,0,0,0,0,0,0,0,,0,,,0,0,0,0,0,0,,0,6,9,71,0,0,0,98,22,2,0.124048350669909,0,0.724489795918367,0.116883116883117,0.156549520766773,0.284909339861417,0,7.1,13.1
2024,POST,00-0038976,M.Mims,Marvin Mims,WR,WR,"https://static.www.nfl.com/image/upload/f_auto,q_auto/league/trvilnckw7nprw1gkghl",1,DEN,0,0,0,0,0,0,0,0,0,0,0,0,,0,,,2,1,0,0,0,1,-0.772196345496923,0,2,4,12,0,0,0,38,3,1,0.922351927612908,0,0.315789473684211,0.173913043478261,0.138181818181818,0.357596837944664,0,1.3,3.3
2024,POST,00-0038994,J.Addison,Jordan Addison,WR,WR,"https://static.www.nfl.com/image/upload/f_auto,q_auto/league/tmyckmignrvy8truccwm",1,MIN,0,0,0,0,0,0,0,0,0,0,0,0,,0,,,0,0,0,0,0,0,,0,3,8,29,0,0,0,154,0,2,-4.02772033214569,0,0.188311688311688,0.2,0.366666666666667,0.556666666666667,0,2.9,5.9
2024,POST,00-0038996,T.Kraft,Tucker Kraft,TE,TE,"https://static.www.nfl.com/image/upload/f_auto,q_auto/league/klrmgekdzx1ywjjmixp7",1,GB,0,0,0,0,0,0,0,0,0,0,0,0,,0,,,2,10,0,0,0,2,2.64589292358141,0,5,5,26,0,0,0,5,21,1,0.112156607501674,0,5.2,0.151515151515152,0.0180505415162455,0.239908106334099,0,3.6,8.6
2024,POST,00-0039065,S.LaPorta,Sam LaPorta,TE,TE,"https://static.www.nfl.com/image/upload/f_auto,q_auto/league/ucw8cfj5t5nwkx670wzu",1,DET,0,0,0,0,0,0,0,0,0,0,0,0,,0,,,0,0,0,0,0,0,,0,6,7,51,1,0,0,29,22,3,1.58239924156806,0,1.75862068965517,0.17948717948718,0.0830945558739255,0.327396958342517,0,11.1,17.1
2024,POST,00-0039074,D.Allen,Davis Allen,TE,TE,"https://static.www.nfl.com/image/upload/f_auto,q_auto/league/ihbec16pwn2ki5woyr4m",1,LA,0,0,0,0,0,0,0,0,0,0,0,0,,0,,,0,0,0,0,0,0,,0,1,2,13,1,0,0,10,8,1,2.30039794085315,0,1.3,0.0769230769230769,0.0487804878048781,0.14953095684803,0,7.3,8.3
2024,POST,00-0039075,P.Nacua,Puka Nacua,WR,WR,"https://static.www.nfl.com/image/upload/f_auto,q_auto/league/i1pmrhua5gpvwgsqphxa",2,LA,0,0,0,0,0,0,0,0,0,0,0,0,,0,,,1,7,0,0,0,0,0.224763814476319,0,11,23,141,0,0,0,207,59,6,-3.13718262908515,0,0.681159420289855,0.328571428571429,0.319444444444444,0.716468253968254,0,14.8,25.8
2024,POST,00-0039139,J.Gibbs,Jahmyr Gibbs,RB,RB,"https://static.www.nfl.com/image/upload/f_auto,q_auto/league/f5y3osxxtov5rgfv4ra5",1,DET,0,0,0,0,0,0,0,0,0,0,0,0,,0,,,14,105,2,0,0,6,5.346452907823,0,6,11,70,0,0,0,52,51,5,-1.89963728561997,0,1.34615384615385,0.282051282051282,0.148997134670487,0.527374917346264,0,29.5,35.5
2024,POST,00-0039146,J.Reed,Jayden Reed,WR,WR,"https://static.www.nfl.com/image/upload/f_auto,q_auto/league/blh2tfg9qjthqo2g6ot4",1,GB,0,0,0,0,0,0,0,0,0,0,0,0,,0,,,0,0,0,0,0,0,,0,4,4,46,0,0,0,26,20,3,3.43647056387272,0,1.76923076923077,0.121212121212121,0.0938628158844765,0.247522152937315,0,4.6,8.6
2024,POST,00-0039163,C.Stroud,C.J. Stroud,QB,QB,"https://static.www.nfl.com/image/upload/f_auto,q_auto/league/fbk2eqpo54lawppgetjn",2,HOU,41,61,527,1,1,11,79,2,0,587,180,24,2.12067809057647,0,0.89778534923339,0.0836420609347735,12,84,0,0,0,5,6.86706837157245,0,0,0,0,0,0,0,0,0,0,,0,,,,,0,31.48,31.48
2024,POST,00-0039236,J.Wilson,Johnny Wilson,WR,WR,"https://static.www.nfl.com/image/upload/f_auto,q_auto/league/cj13ngp4tjmi9621trrk",1,PHI,0,0,0,0,0,0,0,0,0,0,0,0,,0,,,0,0,0,0,0,0,,0,0,1,0,0,0,0,2,0,0,-0.623374897055328,0,0.0,0.0434782608695652,0.0101522842639594,0.0723239902891194,0,0.0,0.0
2024,POST,00-0039355,L.McCaffrey,Luke McCaffrey,WR,WR,"https://static.www.nfl.com/image/upload/f_auto,q_auto/league/iqzscuxu9lxjfhoyxsjg",1,WAS,0,0,0,0,0,0,0,0,0,0,0,0,,0,,,0,0,0,0,0,0,,0,0,1,0,0,0,0,10,0,0,-1.14603412616998,0,0.0,0.0212765957446809,0.0284900284900285,0.0518579135600412,0,0.0,0.0
2024,POST,00-0039359,C.Stover,Cade Stover,TE,TE,"https://static.www.nfl.com/image/upload/f_auto,q_auto/league/ehruudekjzjney5dircm",1,HOU,0,0,0,0,0,0,0,0,0,0,0,0,,0,,,0,0,0,0,0,0,,0,4,4,28,0,0,0,9,19,1,0.637855903012678,0,3.11111111111111,0.125,0.0290322580645161,0.207822580645161,0,2.8,6.8
2024,POST,00-0039361,B.Irving,Bucky Irving,RB,RB,"https://static.www.nfl.com/image/upload/f_auto,q_auto/league/wjaqkrtdhwf16wldi83h",1,TB,0,0,0,0,0,0,0,0,0,0,0,0,,0,,,17,77,0,0,0,3,-1.07116569506054,0,2,2,6,1,0,0,-6,12,1,0.823910553997848,0,-1.0,0.117647058823529,-0.0437956204379562,0.145813653928725,0,14.3,16.3
2024,POST,00-0039424,D.Vele,Devaughn Vele,WR,WR,"https://static.www.nfl.com/image/upload/f_auto,q_auto/league/f2lz4vsh2daurrwdamzv",1,DEN,0,0,0,0,0,0,0,0,0,0,0,0,,0,,,0,0,0,0,0,0,,0,0,2,0,0,0,0,17,0,0,-1.36714716127608,0,0.0,0.0869565217391304,0.0618181818181818,0.173707509881423,0,0.0,0.0
2024,POST,00-0039732,B.Nix,Bo Nix,QB,QB,"https://static.www.nfl.com/image/upload/f_auto,q_auto/league/zibtvsprpauxnytis229",1,DEN,13,22,144,1,0,2,14,0,0,260,30,6,-7.43749495772021,0,0.553846153846154,-0.0002006859229491,4,43,0,0,0,4,2.35898284049472,0,0,0,0,0,0,0,0,0,0,,0,,,,,0,14.06,14.06
2024,POST,00-0039746,W.Shipley,Will Shipley,RB,RB,"https://static.www.nfl.com/image/upload/f_auto,q_auto/league/irh5l9dxqamsfnfjwuc7",1,PHI,0,0,0,0,0,0,0,0,0,0,0,0,,0,,,4,77,1,0,0,3,5.90102317003766,0,0,0,0,0,0,0,0,0,0,,0,,,,,0,13.7,13.7
2024,POST,00-0039751,J.Whittington,Jordan Whittington,WR,WR,"https://static.www.nfl.com/image/upload/f_auto,q_auto/league/x5j7yvx4iheje5vw4tek",1,LA,0,0,0,0,0,0,0,0,0,0,0,0,,0,,,0,0,0,0,0,0,,0,1,1,12,0,0,0,11,1,1,1.22865316976095,0,1.09090909090909,0.0227272727272727,0.0248306997742664,0.0514723989328955,0,1.2,2.2
2024,POST,00-0039855,J.McMillan,Jalen McMillan,WR,WR,"https://static.www.nfl.com/image/upload/f_auto,q_auto/league/zdxkyl8gy4dqiq6evfzp",1,TB,0,0,0,0,0,0,0,0,0,0,0,0,,0,,,0,0,0,0,0,0,,0,2,4,41,0,0,0,63,11,2,-0.188119007457178,0,0.650793650793651,0.235294117647059,0.45985401459854,0.674838986689566,0,4.1,6.1
2024,POST,00-0039868,T.Franklin,Troy Franklin,WR,WR,"https://static.www.nfl.com/image/upload/f_auto,q_auto/league/w429urxwxc8sw4bsbvxz",1,DEN,0,0,0,0,0,0,0,0,0,0,0,0,,0,,,0,0,0,0,0,0,,0,2,3,54,1,0,0,60,0,2,3.60056049190462,0,0.9,0.130434782608696,0.218181818181818,0.348379446640316,0,11.4,13.4
2024,POST,00-0039875,R.Davis,Ray Davis,RB,RB,"https://static.www.nfl.com/image/upload/f_auto,q_auto/league/xm8csnleyxsop4pldyby",3,BUF,0,0,0,0,0,0,0,0,0,0,0,0,,0,,,7,36,1,1,0,2,1.84577796258964,0,0,0,0,0,0,0,0,0,0,,0,,,,,0,9.6,9.6
2024,POST,00-0039894,X.Worthy,Xavier Worthy,WR,WR,"https://static.www.nfl.com/image/upload/f_auto,q_auto/league/fvzbx5gpiqkogglyoo1w",3,KC,0,0,0,0,0,0,0,0,0,0,0,0,,0,,,3,8,0,0,0,0,-0.484903243021108,0,19,21,287,3,0,0,169,112,13,21.859572970687,0,1.69822485207101,0.259259259259259,0.291882556131261,0.593206678180771,0,47.5,66.5
2024,POST,00-0039901,K.Coleman,Keon Coleman,WR,WR,"https://static.www.nfl.com/image/upload/f_auto,q_auto/league/ipwpdgb0cm3xy3d8zu1l",3,BUF,0,0,0,0,0,0,0,0,0,0,0,0,,0,,,0,0,0,0,0,0,,0,3,8,22,0,0,0,123,4,1,-4.60161609359784,1,0.178861788617886,0.103896103896104,0.196485623003195,0.293384091946392,0,4.2,7.2
2024,POST,00-0039910,J.Daniels,Jayden Daniels,QB,QB,"https://static.www.nfl.com/image/upload/f_auto,q_auto/league/mh9rkwpmq1rgfarg9rpm",3,WAS,75,114,822,5,1,4,27,0,0,727,432,43,30.152840757263,1,1.13067400275103,0.15416248746055,35,135,1,0,0,9,3.8326115894659,0,0,0,0,0,0,0,0,0,0,,0,,,,,0,72.38,72.38
2024,POST,00-0039912,B.Sinnott,Ben Sinnott,TE,TE,"https://static.www.nfl.com/image/upload/f_auto,q_auto/league/zwjmu9wyutlpkace9ukf",1,WAS,0,0,0,0,0,0,0,0,0,0,0,0,,0,,,0,0,0,0,0,0,,0,1,1,23,0,0,0,16,7,1,3.98421560344286,0,1.4375,0.0212765957446809,0.0455840455840456,0.0638237255258532,0,2.3,3.3
2024,POST,00-0039915,L.McConkey,Ladd McConkey,WR,WR,"https://static.www.nfl.com/image/upload/f_auto,q_auto/league/wcx39ialovvxxnvs2bke",1,LAC,0,0,0,0,0,0,0,0,0,0,0,0,,0,,,0,0,0,0,0,0,,0,9,14,197,1,0,0,210,79,8,8.27115664782468,0,0.938095238095238,0.4375,0.518518518518519,1.01921296296296,0,25.7,34.7
2024,REG+POST,00-0023459,A.Rodgers,Aaron Rodgers,QB,QB,"https://static.www.nfl.com/image/upload/f_auto,q_auto/league/jdcb4nomlc4rd6k5l6to",17,NYJ,368,584,3897,28,11,40,302,5,2,4014,2119,192,10.1309934533945,2,0.97085201793722,0.059078219903249,22,107,0,0,0,7,4.28056435993379,0,0,0,0,0,0,0,0,0,0,,0,,,,,0,256.58,256.58
2024,REG+POST,00-0024243,M.Lewis,Marcedes Lewis,TE,TE,"https://static.www.nfl.com/image/private/f_auto,q_auto/league/ppq07tipygpftz5csipx",1,CHI,0,0,0,0,0,0,0,0,0,0,0,0,,0,,,0,0,0,0,0,0,,0,1,1,2,0,0,0,1,1,1,0.0646047429181635,0,2.0,0.0384615384615385,0.0097087378640776,0.0644884241971621,0,0.2,1.2
2024,REG+POST,00-0026158,J.Flacco,Joe Flacco,QB,QB,"https://static.www.nfl.com/image/upload/f_auto,q_auto/league/yxvyoeojkif7tnfviamc",7,IND,162,248,1761,12,7,18,123,3,3,2215,651,87,2.99938587216687,0,0.795033860045147,0.0801539626553393,9,26,0,1,1,2,-7.00213673635153,0,0,0,0,0,0,0,0,0,0,,0,,,,,0,99.04,99.04
2024,REG+POST,00-0026300,J.Johnson,Josh Johnson,QB,QB,"https://static.www.nfl.com/image/upload/f_auto,q_auto/league/gbaye18gptzb1jpyswv8",4,BAL,2,3,17,0,0,1,5,0,0,53,2,1,-1.80973551096395,0,0.320754716981132,,4,1,0,0,0,0,-3.56283131003147,0,0,0,0,0,0,0,0,0,0,,0,,,,,0,0.78,0.78
2024,REG+POST,00-0026498,M.Stafford,Matthew Stafford,QB,QB,"https://static.www.nfl.com/image/upload/f_auto,q_auto/league/xdlnnbapdbk8trxqlasu",18,LA,385,588,4295,24,8,35,253,5,3,4511,1905,201,43.8026788674631,0,0.952117047217912,0.0833413732424926,34,45,0,3,0,10,-7.85427281572636,0,0,0,0,0,0,0,0,0,0,,0,,,,,0,250.3,250.3
2024,REG+POST,00-0027973,A.Dalton,Andy Dalton,QB,QB,"https://static.www.nfl.com/image/upload/f_auto,q_auto/league/az1zo7fl2tozg50tgs0d",6,CAR,106,160,989,7,6,7,37,1,0,1062,459,50,-18.0958913262782,0,0.931261770244821,0.0282681455905481,11,34,0,0,0,2,-3.43167459384309,0,0,0,0,0,0,0,0,0,0,,0,,,,,0,58.96,58.96
2024,REG+POST,00-0028118,T.Taylor,Tyrod Taylor,QB,QB,"https://static.www.nfl.com/image/upload/f_auto,q_auto/league/xk8e04jdsvigd6fky3uy",2,NYJ,17,22,119,3,0,0,0,0,0,88,68,9,11.9040861275571,1,1.35227272727273,0.274118107686231,3,13,0,1,0,0,-0.676485965115717,0,0,0,0,0,0,0,0,0,0,,0,,,,,0,20.06,20.06
2024,REG+POST,00-0028872,J.Hekker,Johnny Hekker,P,SPEC,"https://static.www.nfl.com/image/upload/f_auto,q_auto/league/bcl8kjfwubicyywpxfny",2,CAR,0,2,0,0,0,0,0,0,0,28,0,0,-5.7120347302407,0,0.0,,0,0,0,0,0,0,,0,0,0,0,0,0,0,0,0,0,,0,,,,,0,0.0,0.0
2024,REG+POST,00-0028899,R.McLeod,Rodney McLeod,FS,DB,"https://static.www.nfl.com/image/upload/f_auto,q_auto/league/ettne7rdpnkozuyhx8be",1,CLE,0,0,0,0,0,0,0,0,0,0,0,0,,0,,,0,0,0,0,0,0,,0,0,0,0,0,0,0,0,0,0,,0,,,,,1,6.0,6.0
2024,REG+POST,00-0029263,R.Wilson,Russell Wilson,QB,QB,"https://static.www.nfl.com/image/upload/f_auto,q_auto/league/u36rhg0md8ey3b4khbre",12,PIT,234,365,2752,18,5,37,238,3,2,2912,1248,121,7.14991098204764,0,0.945054945054945,0.0910898196873096,46,161,2,2,2,16,-8.88160438771593,0,0,0,0,0,0,0,0,0,0,,0,,,,,0,192.18,192.18
2024,REG+POST,00-0029604,K.Cousins,Kirk Cousins,QB,QB,"https://static.www.nfl.com/image/upload/f_auto,q_auto/league/yt6n07jezvfmcsoq0j13",14,ATL,303,453,3508,18,16,28,201,7,2,3374,1687,163,22.0813880221903,0,1.03971547125074,0.0840490366894471,23,0,0,5,0,2,-16.7720963966299,0,0,0,0,0,0,0,0,0,0,,0,,,,,0,176.32,176.32
2024,REG+POST,00-0029692,B.Anger,Bryan Anger,P,SPEC,"https://static.www.nfl.com/image/upload/f_auto,q_auto/league/kx1m6byniti4tkeiwkqk",2,DAL,1,2,4,0,0,0,0,0,0,11,0,0,-5.68702280893922,0,0.363636363636364,,0,0,0,0,0,0,,0,0,0,0,0,0,0,0,0,0,,0,,,,,0,0.16,0.16
2024,REG+POST,00-0029892,K.Juszczyk,Kyle Juszczyk,FB,RB,"https://static.www.nfl.com/image/upload/f_auto,q_auto/league/mfhpygabawkeioplae7a",14,SF,0,0,0,0,0,0,0,0,0,0,0,0,,0,,,5,26,1,1,1,1,-7.29005043319194,0,19,31,200,2,0,0,193,93,8,-0.0847567623614611,0,1.03626943005181,0.0776942355889724,0.0563997662185856,0.156021189736469,0,38.6,57.6
2024,REG+POST,00-0030035,A.Thielen,Adam Thielen,WR,WR,"https://static.www.nfl.com/image/upload/f_auto,q_auto/league/pxehgo0l9xl03n7dronf",10,CAR,0,0,0,0,0,0,0,0,0,0,0,0,,0,,,0,0,0,0,0,0,,0,48,62,615,5,0,0,692,152,28,40.4290831937767,0,0.888728323699422,0.201954397394137,0.258691588785047,0.484015708240738,0,91.5,139.5
2024,REG+POST,00-0030061,Z.Ertz,Zach Ertz,TE,TE,"https://static.www.nfl.com/image/upload/f_auto,q_auto/league/xktmmeumuoglbuam75iz",20,WAS,0,0,0,0,0,0,0,0,0,0,0,0,,0,,,0,0,0,0,0,0,,0,84,116,809,8,1,0,857,226,51,45.5439300096454,2,0.943990665110852,0.189542483660131,0.187077057411046,0.415267665677928,0,132.9,216.9
2024,REG+POST,00-0030140,T.Way,Tress Way,P,SPEC,"https://static.www.nfl.com/image/upload/f_auto,q_auto/league/n5nwpxqj5ex2pc2c2phx",1,WAS,1,1,23,0,0,0,0,0,0,16,7,1,3.98421560344286,0,1.4375,,0,0,0,0,0,0,,0,0,0,0,0,0,0,0,0,0,,0,,,,,0,0.92,0.92
2024,REG+POST,00-0030279,K.Allen,Keenan Allen,WR,WR,"https://static.www.nfl.com/image/upload/f_auto,q_auto/league/lngo1onvkcqjnq7ozkuu",15,CHI,0,1,0,0,1,0,0,0,0,14,0,0,-5.9111632690765,0,0.0,,0,0,0,0,0,0,,0,70,121,744,7,1,0,1115,240,43,23.1648398955505,0,0.667264573991031,0.272522522522523,0.326596367896895,0.63740124131161,0,114.4,184.4
2024,REG+POST,00-0030431,R.Woods,Robert Woods,WR,WR,"https://static.www.nfl.com/image/upload/f_auto,q_auto/league/ydjg5fylwkf5aaxiul6v",13,HOU,0,0,0,0,0,0,0,0,0,0,0,0,,0,,,0,0,0,0,0,0,,0,22,34,225,0,3,1,318,75,14,0.988420232077843,0,0.707547169811321,0.0792540792540793,0.087893864013267,0.180406823690406,0,20.5,42.5
2024,REG+POST,00-0030506,T.Kelce,Travis Kelce,TE,TE,"https://static.www.nfl.com/image/upload/f_auto,q_auto/league/ilk4qbxxs6mt3v9zfvtg",19,KC,0,0,0,0,0,0,0,0,0,0,0,0,,0,,,1,1,0,0,0,0,-0.092226896143984,0,110,151,998,4,2,1,999,426,53,32.5602550660249,0,0.998998998998999,0.237421383647799,0.241420976317061,0.525126758893641,0,121.9,231.9
2024,REG+POST,00-0030564,D.Hopkins,DeAndre Hopkins,WR,WR,"https://static.www.nfl.com/image/upload/f_auto,q_auto/league/viymeohipdn0voptrkzh",19,KC,0,0,0,0,0,0,0,0,0,0,0,0,,0,,,0,0,0,0,0,0,,0,59,88,639,6,1,0,966,113,38,12.9424121424075,1,0.661490683229814,0.138801261829653,0.215769488496761,0.359240534692212,0,101.9,160.9
2024,REG+POST,00-0030565,G.Smith,Geno Smith,QB,QB,"https://static.www.nfl.com/image/upload/f_auto,q_auto/league/izkm5yyxybb5uy5dkcgf",17,SEA,407,578,4320,21,15,50,338,4,0,3996,2181,209,24.5940963877961,0,1.08108108108108,0.109732391360429,53,272,2,4,0,17,1.24131504906109,0,0,0,0,0,0,0,0,0,0,,0,,,,,0,266.0,266.0
2024,REG+POST,00-0030578,C.Patterson,Cordarrelle Patterson,RB,RB,"https://static.www.nfl.com/image/upload/f_auto,q_auto/league/jktdrwmujfuqp94csnav",13,PIT,0,0,0,0,0,0,0,0,0,0,0,0,,0,,,32,135,0,1,1,7,-7.84534724344177,0,12,14,80,1,0,0,42,56,5,-3.48669291491387,0,1.9047619047619,0.0693069306930693,0.0319391634980989,0.126317810488273,0,25.5,37.5
2024,REG+POST,00-0031235,O.Beckham,Odell Beckham,WR,WR,"https://static.www.nfl.com/image/upload/f_auto,q_auto/league/ffmalg3wr7lwnsz59i7v",8,MIA,0,0,0,0,0,0,0,0,0,0,0,0,,0,,,0,0,0,0,0,0,,0,9,19,55,0,0,0,164,14,3,-11.2804725862304,0,0.335365853658537,0.0693430656934307,0.112098427887902,0.182483498061677,0,5.5,14.5
2024,REG+POST,00-0031236,B.Cooks,Brandin Cooks,WR,WR,"https://static.www.nfl.com/image/upload/f_auto,q_auto/league/pjoksfxpbba4hevwpuop",10,DAL,0,0,0,0,0,0,0,0,0,0,0,0,,0,,,3,-3,0,0,0,0,-2.82046763750259,0,26,54,259,3,0,0,634,55,19,-11.1227662865669,0,0.408517350157729,0.159763313609467,0.243752402921953,0.410271652459568,0,43.6,69.6
2024,REG+POST,00-0031237,T.Bridgewater,Teddy Bridgewater,QB,QB,"https://static.www.nfl.com/image/private/f_auto,q_auto/league/q5p8afhezmpvc1xbwibf",1,DET,1,1,3,0,0,0,0,0,0,3,0,1,-0.131951791699976,0,1.0,,0,0,0,0,0,0,,0,0,0,0,0,0,0,0,0,0,,0,,,,,0,0.12,0.12
2024,REG+POST,00-0031280,D.Carr,Derek Carr,QB,QB,"https://static.www.nfl.com/image/upload/f_auto,q_auto/league/qsz1pyrlu6bmvby6maaf",10,NO,189,279,2145,15,5,8,48,2,0,2178,1087,93,48.410375113159,1,0.984848484848485,0.122220041244703,17,71,1,1,0,4,-1.09444993169745,0,0,0,0,0,0,0,0,0,0,,0,,,,,0,150.9,150.9
2024,REG+POST,00-0031299,J.Matthews,Jordan Matthews,TE,TE,"https://static.www.nfl.com/image/upload/f_auto,q_auto/league/b9rddikwsnwmfh9girgn",1,CAR,0,0,0,0,0,0,0,0,0,0,0,0,,0,,,0,0,0,0,0,0,,0,0,1,0,0,0,0,16,0,0,-0.581935274414718,0,0.0,0.0344827586206897,0.0454545454545455,0.0835423197492163,0,0.0,0.0
2024,REG+POST,00-0031345,J.Garoppolo,Jimmy Garoppolo,QB,QB,"https://static.www.nfl.com/image/upload/f_auto,q_auto/league/lbyjizqecoq4onrgectw",1,LA,27,41,334,2,1,3,15,0,0,221,232,16,3.02463218411804,0,1.51131221719457,0.0357131548142017,2,5,0,0,0,0,-1.98857976053841,0,0,0,0,0,0,0,0,0,0,,0,,,,,0,19.86,19.86
2024,REG+POST,00-0031357,C.Goodwin,C.J. Goodwin,CB,DB,"https://static.www.nfl.com/image/upload/f_auto,q_auto/league/tcfvwabfull325uyjta1",1,DAL,0,0,0,0,0,0,0,0,0,0,0,0,,0,,,0,0,0,0,0,0,,0,0,1,0,0,0,0,7,0,0,-2.97731648164336,0,0.0,0.0208333333333333,0.0235690235690236,0.0477483164983165,0,0.0,0.0
2024,REG+POST,00-0031381,D.Adams,Davante Adams,WR,WR,"https://static.www.nfl.com/image/upload/f_auto,q_auto/league/jweoujpjv9u2a8k7wnos",14,NYJ,0,0,0,0,0,0,0,0,0,0,0,0,,0,,,0,0,0,0,0,0,,0,85,141,1063,8,0,0,1172,473,49,19.6790247390024,1,0.906996587030717,0.294979079497908,0.37444089456869,0.704577245444945,0,156.3,241.3
2024,REG+POST,00-0031408,M.Evans,Mike Evans,WR,WR,"https://static.www.nfl.com/image/upload/f_auto,q_auto/league/vfsaie1uiokfczwv9p4d",15,TB,0,0,0,0,0,0,0,0,0,0,0,0,,0,,,0,0,0,0,0,0,,0,81,117,1096,12,0,0,1337,255,60,48.630167432345,0,0.819745699326851,0.246835443037975,0.39404656646036,0.646085761079214,0,181.6,262.6
2024,REG+POST,00-0031428,A.Robinson,Allen Robinson,WR,WR,"https://static.www.nfl.com/image/upload/f_auto,q_auto/league/fyukft9lraurbsq0laom",6,DET,0,0,0,0,0,0,0,0,0,0,0,0,,0,,,0,0,0,0,0,0,,0,3,7,30,0,0,0,51,4,3,1.33749401090005,0,0.588235294117647,0.0382513661202186,0.041429731925264,0.0863778615280127,0,3.0,6.0
2024,REG+POST,00-0031484,C.Manhertz,Chris Manhertz,TE,TE,"https://static.www.nfl.com/image/upload/f_auto,q_auto/league/edzj1uojuh7octginx1e",4,NYG,0,0,0,0,0,0,0,0,0,0,0,0,,0,,,0,0,0,0,0,0,,0,3,4,30,1,0,0,15,19,2,2.54974747763481,0,2.0,0.0353982300884956,0.0183150183150183,0.0659178579532562,0,9.0,12.0
2024,REG+POST,00-0031503,J.Winston,Jameis Winston,QB,QB,"https://static.www.nfl.com/image/upload/f_auto,q_auto/league/chdeosreuupotgq0eqlm",11,CLE,181,296,2121,13,12,24,130,5,2,2640,765,103,-26.8449569391746,4,0.803409090909091,0.0474464476320873,25,83,1,0,0,17,16.7026754478575,0,0,0,0,0,0,0,0,0,0,,0,,,,,0,131.14,131.14
2024,REG+POST,00-0031544,A.Cooper,Amari Cooper,WR,WR,"https://static.www.nfl.com/image/upload/f_auto,q_auto/league/zmtzqznqui37unmo5xv9",16,BUF,0,0,0,0,0,0,0,0,0,0,0,0,,0,,,0,0,0,0,0,0,,0,50,93,588,4,0,0,1194,134,25,6.68901419695255,0,0.492462311557789,0.192946058091286,0.30694087403599,0.504277698962122,0,82.8,132.8
2024,REG+POST,00-0031549,N.Agholor,Nelson Agholor,WR,WR,"https://static.www.nfl.com/image/upload/f_auto,q_auto/league/wyxfkarcjgqdz3pl8nnr",15,BAL,0,0,0,0,0,0,0,0,0,0,0,0,,0,,,0,0,0,0,0,0,,0,15,31,256,2,0,0,405,94,11,7.87888557975495,0,0.632098765432099,0.0754257907542579,0.114568599717115,0.193336705933367,0,37.6,52.6
2024,REG+POST,00-0031585,M.Pruitt,MyCole Pruitt,TE,TE,"https://static.www.nfl.com/image/upload/f_auto,q_auto/league/jazo8egu5luwyxxcpjh8",6,PIT,0,0,0,0,0,0,0,0,0,0,0,0,,0,,,0,0,0,0,0,0,,0,6,10,40,1,0,0,33,16,2,-8.00059991175834,0,1.21212121212121,0.062111801242236,0.0253067484662577,0.110882425789734,0,10.0,16.0
2024,REG+POST,00-0031588,S.Diggs,Stefon Diggs,WR,WR,"https://static.www.nfl.com/image/upload/f_auto,q_auto/league/to2qwuffjnjlouctglsl",8,HOU,1,1,13,0,0,0,0,0,0,-4,17,1,2.76291913574096,0,0.0,,3,8,1,0,0,1,0.630191695468966,0,47,64,496,3,0,0,556,185,31,18.0810690174737,0,0.892086330935252,0.238805970149254,0.283528811830699,0.55667912350537,0,74.92,121.92
2024,REG+POST,00-0031595,M.Burton,Michael Burton,FB,RB,"https://static.www.nfl.com/image/upload/f_auto,q_auto/league/edfaq7s9wuzedbfcarrp",11,DEN,0,0,0,0,0,0,0,0,0,0,0,0,,0,,,7,8,1,0,0,3,-1.04447184063611,0,10,10,65,1,0,0,24,41,3,4.4116564282449,0,2.70833333333333,0.0364963503649635,0.0148606811145511,0.065147002327631,0,19.3,29.3
2024,REG+POST,00-0031687,R.Mostert,Raheem Mostert,RB,RB,"https://static.www.nfl.com/image/upload/f_auto,q_auto/league/ayii5q2am51xeipp1h8v",12,MIA,0,0,0,0,0,0,0,0,0,0,0,0,,0,,,85,278,2,2,2,13,-30.1994221058003,0,19,23,161,0,0,0,14,146,10,11.9927581063918,0,11.5,0.0676470588235294,0.0068459657701711,0.106262764274414,0,51.9,70.9
2024,REG+POST,00-0031690,E.Tomlinson,Eric Tomlinson,TE,TE,"https://static.www.nfl.com/image/upload/f_auto,q_auto/league/i2n4shhc4sprxbsbhfcy",4,LAC,0,0,0,0,0,0,0,0,0,0,0,0,,0,,,0,0,0,0,0,0,,0,2,4,9,0,0,0,8,12,0,-1.82713368651678,0,1.125,0.0357142857142857,0.011444921316166,0.0615828734927447,0,0.9,2.9
2024,REG+POST,00-0031763,D.Carter,DeAndre Carter,WR,WR,"https://static.www.nfl.com/image/private/f_auto,q_auto/league/mh4cvggohuakwwhobzrk",5,CHI,0,0,0,0,0,0,0,0,0,0,0,0,,0,,,0,0,0,0,0,0,,0,9,14,72,0,0,0,155,32,3,-4.03774828871246,0,0.464516129032258,0.0886075949367089,0.109463276836158,0.209535686190374,0,7.2,16.2
2024,REG+POST,00-0031800,T.Heinicke,Taylor Heinicke,QB,QB,"https://static.www.nfl.com/image/upload/f_auto,q_auto/league/fz9e0aufjyyo5raclwji",4,LAC,3,5,28,0,0,3,28,0,0,32,9,1,-5.95559958711965,0,0.875,-0.022387153592899,2,20,0,0,0,1,0.448356817476451,0,0,0,0,0,0,0,0,0,0,,0,,,,,0,3.12,3.12
2024,REG+POST,00-0031941,J.Crowder,Jamison Crowder,WR,WR,"https://static.www.nfl.com/image/upload/f_auto,q_auto/league/rfysbrjrvfdr72cx8who",6,WAS,0,0,0,0,0,0,0,0,0,0,0,0,,0,,,0,0,0,0,0,0,,0,12,18,101,2,0,0,138,24,5,3.6446956435046,0,0.731884057971015,0.0891089108910891,0.0961672473867596,0.200980439507365,0,22.1,34.1
2024,REG+POST,00-0032104,A.Abdullah,Ameer Abdullah,RB,RB,"https://static.www.nfl.com/image/upload/f_auto,q_auto/league/atwi5p12mlgnsl4y8cgt",13,LV,0,0,0,0,0,0,0,0,0,0,0,0,,0,,,66,311,2,1,1,14,-7.58153822137156,0,40,47,261,3,0,0,31,252,16,11.8528834927293,0,8.41935483870968,0.100642398286938,0.0095915841584158,0.157677706341298,0,85.2,125.2
2024,REG+POST,00-0032128,C.Conley,Chris Conley,WR,WR,"https://static.www.nfl.com/image/upload/f_auto,q_auto/league/mr4h7vx02uwpr7xlfk6y",7,SF,0,0,0,0,0,0,0,0,0,0,0,0,,0,,,0,0,0,0,0,0,,0,6,12,76,0,0,0,207,19,3,-1.89391662296839,0,0.367149758454106,0.0540540540540541,0.102475247524752,0.152813754348408,0,7.6,13.6
2024,REG+POST,00-0032141,G.Swaim,Geoff Swaim,TE,TE,"https://static.www.nfl.com/image/upload/f_auto,q_auto/league/kecuhwgbqvlqt6gb0dz6",1,CLE,0,0,0,0,0,0,0,0,0,0,0,0,,0,,,0,0,0,0,0,0,,0,1,1,7,0,0,0,2,5,0,0.31169758993201,0,3.5,0.024390243902439,0.0048661800486618,0.0399916918877218,0,0.7,1.7
2024,REG+POST,00-0032211,T.Lockett,Tyler Lockett,WR,WR,"https://static.www.nfl.com/image/upload/f_auto,q_auto/league/yz9p4pfwr0iyakhnwj4z",17,SEA,0,0,0,0,0,0,0,0,0,0,0,0,,0,,,0,0,0,0,0,0,,0,49,74,600,2,0,0,783,134,36,12.3036886070825,0,0.766283524904215,0.130052724077329,0.193811881188119,0.330747402947676,0,72.0,121.0
2024,REG+POST,00-0032268,M.Mariota,Marcus Mariota,QB,QB,"https://static.www.nfl.com/image/upload/f_auto,q_auto/league/b9ribxqudeehvmjlw0va",5,WAS,34,44,364,4,0,3,29,0,0,408,107,22,19.8133516262931,0,0.892156862745098,0.261794504491972,20,93,1,1,0,7,-0.533214626451831,0,0,0,0,0,0,0,0,0,0,,0,,,,,0,45.86,45.86
2024,REG+POST,00-0032381,T.Decker,Taylor Decker,T,OL,"https://static.www.nfl.com/image/upload/f_auto,q_auto/league/xg3blm0zbnyigvjs1yj5",1,DET,0,0,0,0,0,0,0,0,0,0,0,0,,0,,,0,0,0,0,0,0,,0,0,1,0,0,0,0,2,0,0,-0.367620860051829,0,0.0,0.037037037037037,0.0075187969924812,0.0608187134502924,0,0.0,0.0
2024,REG+POST,00-0032385,S.Shepard,Sterling Shepard,WR,WR,"https://static.www.nfl.com/image/upload/f_auto,q_auto/league/dphqvpkeselgrselrvma",13,TB,0,0,0,0,0,0,0,0,0,0,0,0,,0,,,8,69,0,0,0,4,2.70103057916276,0,32,51,334,1,0,0,473,99,16,14.5654279738549,1,0.706131078224102,0.113333333333333,0.147904940587867,0.273533458411507,0,48.3,80.3
2024,REG+POST,00-0032392,A.Hooper,Austin Hooper,TE,TE,"https://static.www.nfl.com/image/upload/f_auto,q_auto/league/hj0ybtjspne3t1cso961",17,NE,0,0,0,0,0,0,0,0,0,0,0,0,,0,,,0,0,0,0,0,0,,0,45,59,476,3,2,1,386,225,25,12.7047326869698,0,1.23316062176166,0.118,0.113063854715876,0.256144698301113,0,63.6,108.6
2024,REG+POST,00-0032394,N.Vannett,Nick Vannett,TE,TE,"https://static.www.nfl.com/image/upload/f_auto,q_auto/league/srrlkx2mydsb8gfco6fp",12,TEN,0,0,0,0,0,0,0,0,0,0,0,0,,0,,,0,0,0,0,0,0,,0,17,20,135,3,0,0,22,110,7,1.82645694207167,0,6.13636363636364,0.0527704485488127,0.0073850285330647,0.0843251927963644,0,31.5,48.5
2024,REG+POST,00-0032399,M.Killebrew,Miles Killebrew,SS,DB,"https://static.www.nfl.com/image/upload/f_auto,q_auto/league/hadxrgt3tjv3ceaougsj",1,PIT,0,1,0,0,0,0,0,0,0,14,0,0,-2.67772018973483,0,0.0,,0,0,0,0,0,0,,0,0,0,0,0,0,0,0,0,0,,0,,,,,0,0.0,0.0
2024,REG+POST,00-0032434,B.Allen,Brandon Allen,QB,QB,"https://static.www.nfl.com/image/upload/f_auto,q_auto/league/xn9eheiy6kty4movmlak",3,SF,17,30,199,1,2,2,2,2,1,241,116,8,-12.3541775473619,0,0.825726141078838,0.0046624892506734,3,4,0,0,0,0,-0.990277614444494,0,0,0,0,0,0,0,0,0,0,,0,,,,,0,6.36,6.36
2024,REG+POST,00-0032464,K.Raymond,Kalif Raymond,WR,WR,"https://static.www.nfl.com/image/upload/f_auto,q_auto/league/hogsyuf9rqnzydmhbsht",11,DET,0,0,0,0,0,0,0,0,0,0,0,0,,0,,,2,0,0,0,0,1,-0.983896369696595,0,20,25,252,2,0,0,189,161,12,16.5408248789644,0,1.33333333333333,0.0841750841750842,0.0963793982661907,0.19372820504896,1,43.2,63.2
2024,REG+POST,00-0032688,R.Chosen,Robbie Chosen,WR,WR,"https://static.www.nfl.com/image/private/f_auto,q_auto/league/hkcncqfwusv19fah3mbt",1,MIA,0,0,0,0,0,0,0,0,0,0,0,0,,0,,,0,0,0,0,0,0,,0,1,4,5,0,0,0,47,1,0,-8.40638242330169,0,0.106382978723404,0.108108108108108,0.155629139072848,0.271102559513156,0,0.5,1.5
2024,REG+POST,00-0032764,D.Henry,Derrick Henry,RB,RB,"https://static.www.nfl.com/image/upload/f_auto,q_auto/league/m7bv3lv9puapabltvykk",19,BAL,0,0,0,0,0,0,0,0,0,0,0,0,,0,,,367,2191,19,3,1,106,47.4913418960885,0,19,24,193,2,0,0,-9,216,11,7.71945469874357,0,-21.4444444444444,0.062992125984252,-0.0029469548133595,0.0924253206070263,0,362.4,381.4
2024,REG+POST,00-0032775,D.Robinson,Demarcus Robinson,WR,WR,"https://static.www.nfl.com/image/upload/f_auto,q_auto/league/lakf0xue1qqb7ed4p6ge",19,LA,0,0,0,0,0,0,0,0,0,0,0,0,,0,,,0,0,0,0,0,0,,0,35,73,602,7,0,0,1145,79,31,15.5326965425013,0,0.525764192139738,0.119476268412439,0.245866437620786,0.351320908953208,0,102.2,137.2
2024,REG+POST,00-0032918,C.Ham,C.J. Ham,FB,RB,"https://static.www.nfl.com/image/upload/f_auto,q_auto/league/a23fezyvrzsse3q8yuxi",6,MIN,0,0,0,0,0,0,0,0,0,0,0,0,,0,,,2,10,1,0,0,1,1.45819363355986,0,6,7,43,0,1,1,6,32,1,-4.18344640685245,0,7.16666666666667,0.0409356725146199,0.0041695621959694,0.0643222023091084,0,9.3,15.3
2024,REG+POST,00-0032943,R.Dixon,Riley Dixon,P,SPEC,"https://static.www.nfl.com/image/upload/f_auto,q_auto/league/tmj23do0dxjssrdr4vjy",2,DEN,2,2,18,0,0,0,0,0,0,10,8,1,1.59199802367948,0,1.8,,0,0,0,0,0,0,,0,0,0,0,0,0,0,0,0,0,,0,,,,,0,0.72,0.72
2024,REG+POST,00-0032950,C.Wentz,Carson Wentz,QB,QB,"https://static.www.nfl.com/image/upload/f_auto,q_auto/league/jtwkpwc18ivthztykkc8",2,KC,12,19,118,0,0,4,22,0,0,125,68,5,-6.75574821368931,0,0.944,0.0214476551158099,3,0,0,0,0,0,-3.54260906367563,0,0,0,0,0,0,0,0,0,0,,0,,,,,0,4.72,4.72
2024,REG+POST,00-0033009,T.Boyd,Tyler Boyd,WR,WR,"https://static.www.nfl.com/image/upload/f_auto,q_auto/league/ttifog0hjxprlhkagugu",15,TEN,0,1,0,0,0,0,0,0,0,24,0,0,-0.434416036820039,0,0.0,,1,3,0,0,0,1,0.874165728571825,0,39,57,390,0,0,0,420,189,20,3.82587368983872,0,0.928571428571429,0.132250580046404,0.120378331900258,0.282640702399786,0,39.3,78.3
2024,REG+POST,00-0033040,T.Hill,Tyreek Hill,WR,WR,"https://static.www.nfl.com/image/upload/f_auto,q_auto/league/gdwjlpbkenmnsibawkht",17,MIA,0,0,0,0,0,0,0,0,0,0,0,0,,0,,,8,53,0,0,0,2,-1.23606371856295,0,81,122,959,6,0,0,1369,292,54,28.0336979962611,0,0.700511322132944,0.214788732394366,0.379224376731302,0.587640162303461,0,137.2,218.2
2024,REG+POST,00-0033045,E.Elliott,Ezekiel Elliott,RB,RB,"https://static.www.nfl.com/image/upload/f_auto,q_auto/league/d4yr6htg4dbs0bgcfqnd",15,DAL,0,0,0,0,0,0,0,0,0,0,0,0,,0,,,74,226,3,1,1,14,-16.1425326355093,0,12,15,69,0,0,0,-27,97,3,-0.817253085296165,0,-2.55555555555556,0.0442477876106195,-0.0105017502917153,0.0590204562117285,0,45.5,57.5
2024,REG+POST,00-0033077,D.Prescott,Dak Prescott,QB,QB,"https://static.www.nfl.com/image/upload/f_auto,q_auto/league/xmtaggdnhuyl4pdwtv8j",8,DAL,185,286,1978,11,8,21,112,4,1,2270,939,87,-7.36738597291867,0,0.87136563876652,0.0499790895255701,13,54,1,0,0,5,4.51299245579867,0,0,0,0,0,0,0,0,0,0,,0,,,,,0,116.52,116.52
2024,REG+POST,00-0033090,H.Henry,Hunter Henry,TE,TE,"https://static.www.nfl.com/image/private/f_auto,q_auto/league/sdjob9akppefyo7py5tj",16,NE,0,0,0,0,0,0,0,0,0,0,0,0,,0,,,0,0,0,0,0,0,,0,66,97,674,2,0,0,682,268,40,24.1986549830088,0,0.988269794721408,0.205508474576271,0.199648711943794,0.448016810225063,0,79.4,145.4
2024,REG+POST,00-0033106,J.Goff,Jared Goff,QB,QB,"https://static.www.nfl.com/image/upload/f_auto,q_auto/league/jxyaiwwkabzmmphouxil",18,DET,413,579,4942,38,15,33,250,7,1,3737,2788,253,163.061802032462,1,1.32245116403532,0.178983907660783,36,63,0,0,0,10,-1.44671620987436,0,1,1,7,1,0,0,5,2,1,1.72411598067265,0,1.4,0.0526315789473684,0.0632911392405063,0.123251165889407,0,332.68,333.68
2024,REG+POST,00-0033110,T.Higbee,Tyler Higbee,TE,TE,"https://static.www.nfl.com/image/private/f_auto,q_auto/league/vk9c6lr4d1pdt9sr86ua",5,LA,0,0,0,0,0,0,0,0,0,0,0,0,,0,,,0,0,0,0,0,0,,0,20,27,178,3,0,0,83,111,10,10.6111924421441,0,2.14457831325301,0.171974522292994,0.0761467889908257,0.311264535733068,0,35.8,55.8
2024,REG+POST,00-0033119,J.Brissett,Jacoby Brissett,QB,QB,"https://static.www.nfl.com/image/upload/f_auto,q_auto/league/dps7iuuc2zwl68yppqux",7,NE,95,161,826,2,1,18,119,3,1,1093,437,41,-38.1676783554485,1,0.755718206770357,0.0079037183805517,15,62,0,1,0,5,3.11657340975944,0,0,0,0,0,0,0,0,0,0,,0,,,,,0,45.24,45.24
2024,REG+POST,00-0033217,M.Alie-Cox,Mo Alie-Cox,TE,TE,"https://static.www.nfl.com/image/upload/f_auto,q_auto/league/f4orwwthvtcyd3vfqjvs",12,IND,0,0,0,0,0,0,0,0,0,0,0,0,,0,,,0,0,0,0,0,0,,0,12,22,147,1,0,0,211,49,7,7.88166947815099,0,0.696682464454976,0.0645161290322581,0.0561767838125666,0.136097942217184,0,20.7,32.7
2024,REG+POST,00-0033246,J.Mundt,Johnny Mundt,TE,TE,"https://static.www.nfl.com/image/upload/f_auto,q_auto/league/ievumbznrtys9b2esphz",14,MIN,0,0,0,0,0,0,0,0,0,0,0,0,,0,,,0,0,0,0,0,0,,0,21,30,170,2,0,0,126,102,10,6.57077448644603,0,1.34920634920635,0.0715990453460621,0.0368636629607958,0.13320313209165,0,29.0,50.0
2024,REG+POST,00-0033280,C.McCaffrey,Christian McCaffrey,RB,RB,"https://static.www.nfl.com/image/upload/f_auto,q_auto/league/umiv5sn2xxrjdjwjtkqm",4,SF,0,0,0,0,0,0,0,0,0,0,0,0,,0,,,50,202,0,0,0,12,-2.89182955757133,0,15,19,146,0,1,1,60,98,6,-5.7814743126635,0,2.43333333333333,0.180952380952381,0.0868306801736614,0.332210047550134,0,32.8,47.8
2024,REG+POST,00-0033282,C.Samuel,Curtis Samuel,WR,WR,"https://static.www.nfl.com/image/upload/f_auto,q_auto/league/mq62ulflifrpjrcyknbj",17,BUF,0,0,0,0,0,0,0,0,0,0,0,0,,0,,,5,14,0,0,0,0,-1.88357723661466,0,37,54,334,3,0,0,248,210,13,1.4019195032458,0,1.34677419354839,0.115384615384615,0.0665593129361245,0.21966844213221,0,52.8,89.8
2024,REG+POST,00-0033288,G.Kittle,George Kittle,TE,TE,"https://static.www.nfl.com/image/upload/f_auto,q_auto/league/ivkrikewqqdllzvano8h",15,SF,0,0,0,0,0,0,0,0,0,0,0,0,,0,,,0,0,0,0,0,0,,0,78,94,1106,8,0,0,800,522,50,67.9449277441953,0,1.3825,0.206593406593407,0.203097232800203,0.452058172850252,0,158.6,236.6
2024,REG+POST,00-0033292,T.Taylor,Trent Taylor,WR,WR,"https://static.www.nfl.com/image/upload/f_auto,q_auto/league/vtuh6trohr5x60eysy87",1,SF,0,0,0,0,0,0,0,0,0,0,0,0,,0,,,0,0,0,0,0,0,,0,1,1,11,0,0,0,9,2,0,0.504246017197147,0,1.22222222222222,0.0238095238095238,0.026865671641791,0.0545202558635394,0,1.1,2.1
2024,REG+POST,00-0033293,A.Jones,Aaron Jones,RB,RB,"https://static.www.nfl.com/image/upload/f_auto,q_auto/league/bktkfvgfwujkdbzkcfim",18,MIN,0,0,0,0,0,0,0,0,0,0,0,0,,0,,,268,1186,5,3,1,50,-16.4632265690085,0,54,68,420,2,2,2,30,429,20,0.937705198953072,0,14.0,0.122082585278276,0.0064963187527068,0.18767130104431,0,196.6,250.6
2024,REG+POST,00-0033307,K.Bourne,Kendrick Bourne,WR,WR,"https://static.www.nfl.com/image/private/f_auto,q_auto/league/vrovcaqql9p6xsycko83",12,NE,0,1,0,0,0,0,0,0,0,0,0,0,-1.31996548431925,0,,,1,6,0,0,0,1,0.699229638790712,0,28,38,305,1,0,0,353,94,13,8.12840236273723,0,0.864022662889519,0.101604278074866,0.120313565098841,0.236625912681488,0,37.1,65.1
2024,REG+POST,00-0033319,N.Mullens,Nick Mullens,QB,QB,"https://static.www.nfl.com/image/upload/f_auto,q_auto/league/xkbzegq3t29ean26xyp0",4,MIN,2,2,38,0,0,0,0,0,0,24,14,2,4.86872562265489,0,1.58333333333333,,3,-2,0,0,0,0,0.0,0,0,0,0,0,0,0,0,0,0,,0,,,,,0,1.32,1.32
2024,REG+POST,00-0033357,T.Hill,Taysom Hill,TE,TE,"https://static.www.nfl.com/image/upload/f_auto,q_auto/league/q8itjlocg5do60qat4l3",8,NO,2,4,21,0,1,0,0,0,0,53,9,1,-3.21769331542715,0,0.39622641509434,,39,278,6,0,0,18,23.9528514333069,0,23,31,187,0,1,1,108,137,8,1.2136351755471,0,1.73148148148148,0.164893617021277,0.0863309352517986,0.307772080208174,0,79.34,102.34
2024,REG+POST,00-0033375,T.Patrick,Tim Patrick,WR,WR,"https://static.www.nfl.com/image/upload/f_auto,q_auto/league/tsbe7jbwmgzby45hnb3j",16,DET,0,0,0,0,0,0,0,0,0,0,0,0,,0,,,0,0,0,0,0,0,,0,34,48,416,3,0,0,494,159,21,9.44192187157972,1,0.842105263157895,0.100840336134454,0.152704791344668,0.258153858142948,0,61.6,95.6
2024,REG+POST,00-0033376,P.Ricard,Patrick Ricard,FB,RB,"https://static.www.nfl.com/image/upload/f_auto,q_auto/league/dwnktpq9tu98n7ozspri",5,BAL,0,0,0,0,0,0,0,0,0,0,0,0,,0,,,0,0,0,0,0,0,,0,3,5,22,1,0,0,6,18,1,1.96076797088608,0,3.66666666666667,0.0378787878787879,0.005089058524173,0.0603805227851029,0,8.2,11.2
2024,REG+POST,00-0033439,P.Brown,Pharaoh Brown,TE,TE,"https://static.www.nfl.com/image/upload/f_auto,q_auto/league/ab0kbxsmasznlccuezcq",8,SEA,0,0,0,0,0,0,0,0,0,0,0,0,,0,,,0,0,0,0,0,0,,0,8,12,65,0,1,1,51,30,2,-6.47127609253809,0,1.27450980392157,0.0436363636363636,0.0317164179104478,0.0876560379918589,0,4.5,12.5
2024,REG+POST,00-0033460,J.Ross,John Ross,WR,WR,"https://static.www.nfl.com/image/upload/f_auto,q_auto/league/olf4tixsulbplr0hkas5",1,PHI,0,0,0,0,0,0,0,0,0,0,0,0,,0,,,0,0,0,0,0,0,,0,1,2,6,0,0,0,47,2,1,0.0889839306473732,0,0.127659574468085,0.0689655172413793,0.185770750988142,0.233487801553769,0,0.6,1.6
2024,REG+POST,00-0033526,S.Perine,Samaje Perine,RB,RB,"https://static.www.nfl.com/image/upload/f_auto,q_auto/league/liorwdmj8gelxh5u7rc4",20,KC,0,0,0,0,0,0,0,0,0,0,0,0,,0,,,21,100,1,0,0,8,0.036444870663259,0,29,38,339,1,0,0,10,330,17,16.0134602201206,0,33.9,0.0608,0.0027647221454243,0.0931353055017971,0,55.9,84.9
2024,REG+POST,00-0033536,M.Williams,Mike Williams,WR,WR,"https://static.www.nfl.com/image/upload/f_auto,q_auto/league/vwu8nudrnk3l7samz8mf",14,PIT,0,0,0,0,0,0,0,0,0,0,0,0,,0,,,0,0,0,0,0,0,,0,22,36,335,1,0,0,543,52,15,18.5861166810415,0,0.616942909760589,0.0805369127516778,0.168685927306617,0.238885518242149,0,39.5,61.5
2024,REG+POST,00-0033537,D.Watson,Deshaun Watson,QB,QB,"https://static.www.nfl.com/image/private/f_auto,q_auto/league/otfs2docj6eahaebo5xn",7,CLE,137,216,1148,5,3,33,191,3,2,1569,594,49,-62.5942760071117,1,0.731676226896112,0.0142763541844093,31,148,1,2,1,8,-1.84504060617721,0,0,0,0,0,0,0,0,0,0,,0,,,,,0,76.72,76.72
2024,REG+POST,00-0033553,J.Conner,James Conner,RB,RB,"https://static.www.nfl.com/image/upload/f_auto,q_auto/league/rtvys5j7sxjrlbpy5iim",16,ARI,0,0,0,0,0,0,0,0,0,0,0,0,,0,,,236,1094,8,2,0,67,0.0715715860602155,2,47,55,414,1,2,1,-103,483,17,5.55413041891367,0,-4.01941747572816,0.112016293279022,-0.0328863346104725,0.145004005691203,0,206.8,253.8
2024,REG+POST,00-0033555,M.Hollins,Mack Hollins,WR,WR,"https://static.www.nfl.com/image/upload/f_auto,q_auto/league/xchw7quzjszgrm6psbyg",19,BUF,0,0,0,0,0,0,0,0,0,0,0,0,,0,,,0,0,0,0,0,0,,0,36,58,482,6,0,0,805,107,29,32.5642135242736,0,0.598757763975155,0.107407407407407,0.177821957146013,0.28558648111332,0,84.2,120.2
2024,REG+POST,00-0033557,J.Reeves-Maybin,Jalen Reeves-Maybin,OLB,LB,"https://static.www.nfl.com/image/upload/f_auto,q_auto/league/oczccxuvy4ltvjy4fhmu",1,DET,0,0,0,0,0,0,0,0,0,0,0,0,,0,,,1,1,0,0,0,0,-2.93332363781519,0,0,0,0,0,0,0,0,0,0,,0,,,,,0,0.1,0.1
2024,REG+POST,00-0033576,E.Saubert,Eric Saubert,TE,TE,"https://static.www.nfl.com/image/upload/f_auto,q_auto/league/pxcadtlbynaz2qbffpei",8,SF,0,0,0,0,0,0,0,0,0,0,0,0,,0,,,0,0,0,0,0,0,,0,11,14,97,1,1,0,94,35,5,1.90623235128995,0,1.03191489361702,0.0551181102362205,0.0458984375,0.114806071604331,0,15.7,26.7
2024,REG+POST,00-0033589,D.Moore,David Moore,WR,WR,"https://static.www.nfl.com/image/upload/f_auto,q_auto/league/i2esmsczxxoq7pzvg6yf",14,CAR,0,0,0,0,0,0,0,0,0,0,0,0,,0,,,1,0,0,0,0,0,-1.34700830315705,0,32,57,351,3,0,0,631,60,18,8.29301634245876,0,0.556259904912837,0.134433962264151,0.173208893768872,0.322897169034437,0,53.1,85.1
2024,REG+POST,00-0033591,N.Brown,Noah Brown,WR,WR,"https://static.www.nfl.com/image/upload/f_auto,q_auto/league/nv6ix0p8965yiugsuhwh",11,WAS,0,0,0,0,0,0,0,0,0,0,0,0,,0,,,0,0,0,0,0,0,,0,35,56,453,1,0,0,637,83,21,12.031629731719,0,0.711145996860283,0.174454828660436,0.271873666239863,0.451993809358559,0,51.3,86.3
2024,REG+POST,00-0033662,C.Rush,Cooper Rush,QB,QB,"https://static.www.nfl.com/image/upload/f_auto,q_auto/league/amuag2qiwa9veml1lhvs",12,DAL,187,308,1844,12,5,13,95,2,1,2137,942,92,-23.9175155134533,1,0.862891904539074,-0.0125755677341136,26,18,0,7,2,5,-18.166565412989,0,0,0,0,0,0,0,0,0,0,,0,,,,,0,109.56,109.56
2024,REG+POST,00-0033699,A.Ekeler,Austin Ekeler,RB,RB,"https://static.www.nfl.com/image/upload/f_auto,q_auto/league/sldndpn2zwt4uhkj2zks",15,WAS,0,0,0,0,0,0,0,0,0,0,0,0,,0,,,99,456,4,1,0,22,0.743692977530043,0,47,56,450,0,2,1,-34,514,17,4.2871318480074,0,-13.2352941176471,0.124444444444444,-0.0098522167487684,0.179770114942529,0,112.6,159.6
2024,REG+POST,00-0033854,D.Ogunbowale,Dare Ogunbowale,RB,RB,"https://static.www.nfl.com/image/upload/f_auto,q_auto/league/kzthvzy64jesgizjthwx",17,HOU,0,0,0,0,0,0,0,0,0,0,0,0,,0,,,32,126,0,0,0,5,-7.77087260927736,0,20,29,198,1,0,0,42,174,8,5.24969092202269,0,4.71428571428571,0.0685579196217494,0.0122128525734225,0.11138587623402,0,38.4,58.4
2024,REG+POST,00-0033857,J.Smith-Schuster,JuJu Smith-Schuster,WR,WR,"https://static.www.nfl.com/image/upload/f_auto,q_auto/league/l0hsr6xsbsagzygcqhci",14,KC,0,0,0,0,0,0,0,0,0,0,0,0,,0,,,0,0,0,0,0,0,,0,22,32,307,2,0,0,193,202,14,3.51598751607224,0,1.59067357512953,0.0695652173913044,0.0630512904279647,0.148483729386532,0,42.7,64.7
2024,REG+POST,00-0033858,J.Smith,Jonnu Smith,TE,TE,"https://static.www.nfl.com/image/upload/f_auto,q_auto/league/p8uldtljkzb6sile3wgx",17,MIA,0,0,0,0,0,0,0,0,0,0,0,0,,0,,,2,-1,0,0,0,0,-1.64045342925238,0,88,111,884,8,2,1,542,510,55,59.7091696619141,0,1.6309963099631,0.195422535211268,0.150138504155125,0.398230755725489,0,134.3,222.3
2024,REG+POST,00-0033863,D.Skipper,Dan Skipper,T,OL,"https://static.www.nfl.com/image/upload/f_auto,q_auto/league/mmfnkf08m0wuj8slyb4c",1,DET,0,0,0,0,0,0,0,0,0,0,0,0,,0,,,0,0,0,0,0,0,,0,1,1,9,1,0,0,1,8,1,1.95214127295185,0,9.0,0.0185185185185185,0.0024875621890547,0.0295190713101161,0,6.9,7.9
2024,REG+POST,00-0033869,M.Trubisky,Mitchell Trubisky,QB,QB,"https://static.www.nfl.com/image/upload/f_auto,q_auto/league/jetjlsljpb3shogn5grq",9,BUF,19,26,179,2,0,0,0,0,0,142,149,7,9.71651024231414,0,1.26056338028169,0.131558757079061,20,-2,0,1,0,1,-16.143534542349,0,0,0,0,0,0,0,0,0,0,,0,,,,,0,14.96,14.96
2024,REG+POST,00-0033873,P.Mahomes,Patrick Mahomes,QB,QB,"https://static.www.nfl.com/image/upload/f_auto,q_auto/league/qrdbvu4iqy7wkqg8jq8d",19,KC,447,664,4607,31,13,47,297,2,1,4269,2629,246,73.2501026013711,3,1.07917545092528,0.11674890287251,80,389,4,3,1,29,24.572219606973,0,1,1,2,0,0,0,-1,3,0,-0.403063578065485,0,0.0,0.037037037037037,-0.00625,0.0511805555555556,0,347.38,348.38
2024,REG+POST,00-0033881,E.Engram,Evan Engram,TE,TE,"https://static.www.nfl.com/image/upload/f_auto,q_auto/league/sea0atk2feif4n75dvq8",9,JAX,0,0,0,0,0,0,0,0,0,0,0,0,,0,,,0,0,0,0,0,0,,0,47,64,365,1,1,1,360,150,17,-0.0427634745371384,1,1.01388888888889,0.250980392156863,0.157205240174673,0.486514256357565,0,42.5,89.5
2024,REG+POST,00-0033885,D.Njoku,David Njoku,TE,TE,"https://static.www.nfl.com/image/private/f_auto,q_auto/league/ilvxwdllivrvwbuj69cm",11,CLE,0,0,0,0,0,0,0,0,0,0,0,0,,0,,,0,0,0,0,0,0,,0,64,97,505,5,0,0,510,251,23,-7.31248026989264,2,0.990196078431373,0.227699530516432,0.142100863750348,0.441019900399892,0,84.5,148.5
2024,REG+POST,00-0033891,Z.Jones,Zay Jones,WR,WR,"https://static.www.nfl.com/image/upload/f_auto,q_auto/league/uxtqpnwdviolravhnrkw",6,ARI,0,0,0,0,0,0,0,0,0,0,0,0,,0,,,0,0,0,0,0,0,,0,8,11,84,0,0,0,119,19,5,-0.475085731246509,0,0.705882352941177,0.053921568627451,0.0943695479777954,0.146941036525633,0,8.4,16.4
2024,REG+POST,00-0033893,D.Cook,Dalvin Cook,RB,RB,"https://static.www.nfl.com/image/upload/f_auto,q_auto/league/uurolop9ktcloxqh4fid",2,DAL,0,0,0,0,0,0,0,0,0,0,0,0,,0,,,8,20,0,0,0,0,-2.66215546766762,0,1,1,10,0,0,0,3,7,1,1.25232992274687,0,3.33333333333333,0.027027027027027,0.0087719298245614,0.0466808914177335,0,3.0,4.0
2024,REG+POST,00-0033895,G.Everett,Gerald Everett,TE,TE,"https://static.www.nfl.com/image/upload/f_auto,q_auto/league/aayw74rhaupmfnnikzak",9,CHI,0,0,0,0,0,0,0,0,0,0,0,0,,0,,,0,0,0,0,0,0,,0,8,13,36,0,0,0,35,41,1,-1.47307917772559,0,1.02857142857143,0.0456140350877193,0.0145530145530146,0.0786081628186891,0,3.6,11.6
2024,REG+POST,00-0033897,J.Mixon,Joe Mixon,RB,RB,"https://static.www.nfl.com/image/upload/f_auto,q_auto/league/gwyhozfhjgedwdmmjjcf",16,HOU,0,1,0,0,0,0,0,0,0,10,0,0,-0.726145962660667,0,0.0,,288,1210,13,1,1,60,-15.8304424775801,0,39,57,334,1,0,0,-25,384,13,2.64013406502822,0,-13.36,0.123644251626898,-0.0066242713301536,0.180829387509239,0,236.4,275.4
2024,REG+POST,00-0033906,A.Kamara,Alvin Kamara,RB,RB,"https://static.www.nfl.com/image/private/f_auto,q_auto/league/tl9enad6kiwv6cukf4vt",14,NO,0,0,0,0,0,0,0,0,0,0,0,0,,0,,,228,950,6,0,0,52,-18.174864595851,0,68,89,543,2,1,0,79,542,18,-6.14696294687843,0,6.87341772151899,0.213942307692308,0.0232558139534884,0.337192531305903,0,197.3,265.3
2024,REG+POST,00-0033908,C.Kupp,Cooper Kupp,WR,WR,"https://static.www.nfl.com/image/upload/f_auto,q_auto/league/sq7zwzcgrajuk0hwwph2",14,LA,0,0,0,0,0,0,0,0,0,0,0,0,,0,,,2,10,0,0,0,1,0.215704405796714,0,73,108,800,6,1,0,886,280,32,11.6390232507575,0,0.90293453724605,0.238938053097345,0.254670882437482,0.536676697352255,0,117.0,190.0
2024,REG+POST,00-0033921,C.Godwin,Chris Godwin,WR,WR,"https://static.www.nfl.com/image/upload/f_auto,q_auto/league/al7b3dzqhysgve7l5lke",7,TB,0,0,0,0,0,0,0,0,0,0,0,0,,0,,,1,2,0,0,0,1,1.53554948145757,0,50,62,576,5,1,0,356,350,32,35.5114577961204,0,1.61797752808989,0.266094420600858,0.248429867411026,0.573042538089006,0,87.8,137.8
2024,REG+POST,00-0033923,K.Hunt,Kareem Hunt,RB,RB,"https://static.www.nfl.com/image/upload/f_auto,q_auto/league/mm0t1ghvbpdhy6m5utcq",16,KC,0,0,0,0,0,0,0,0,0,0,0,0,,0,,,228,845,9,0,0,50,2.75300599353561,0,26,35,189,0,0,0,-60,231,10,3.94446488064675,0,-3.15,0.0727650727650728,-0.0210231254379818,0.0944314213410219,0,157.4,183.4
2024,REG+POST,00-0033925,D.Foreman,D'Onta Foreman,RB,RB,"https://static.www.nfl.com/image/upload/f_auto,q_auto/league/shlxaet74pmn8arznphw",10,CLE,0,0,0,0,0,0,0,0,0,0,0,0,,0,,,71,232,0,2,1,10,-24.1594711056096,0,6,8,54,0,0,0,1,48,1,0.839785054675303,0,54.0,0.0416666666666667,0.0008032128514056,0.0630622489959839,0,26.6,32.6
2024,REG+POST,00-0033943,J.Reynolds,Josh Reynolds,WR,WR,"https://static.www.nfl.com/image/upload/f_auto,q_auto/league/ifukozhqlo1728h3gjnp",8,JAX,0,0,0,0,0,0,0,0,0,0,0,0,,0,,,0,0,0,0,0,0,,0,13,24,194,1,0,0,270,35,7,8.28760853724346,0,0.718518518518519,0.0892193308550186,0.135746606334842,0.228851620716917,0,25.4,38.4
2024,REG+POST,00-0033948,J.Williams,Jamaal Williams,RB,RB,"https://static.www.nfl.com/image/upload/f_auto,q_auto/league/yxrxpgcwq5qwp88vqnp3",13,NO,0,0,0,0,0,0,0,0,0,0,0,0,,0,,,48,164,1,0,0,11,-9.67190718204231,0,9,11,57,0,0,0,-14,53,3,0.674839597810058,0,-4.07142857142857,0.0497737556561086,-0.0081680280046674,0.0689430138808957,0,28.1,37.1
2024,REG+POST,00-0033949,J.Dobbs,Joshua Dobbs,QB,QB,"https://static.www.nfl.com/image/upload/f_auto,q_auto/league/vjl8nqbcodtgzppwyemb",2,SF,32,47,361,2,2,2,28,1,0,373,101,18,5.55747983542185,0,0.967828418230563,0.079287321676008,9,24,2,1,1,2,-2.7943142913864,0,0,0,0,0,0,0,0,0,0,,0,,,,,0,30.84,30.84
2024,REG+POST,00-0033955,J.McNichols,Jeremy McNichols,RB,RB,"https://static.www.nfl.com/image/upload/f_auto,q_auto/league/kegqjj5pv7xidm0xwtpy",16,WAS,0,0,0,0,0,0,0,0,0,0,0,0,,0,,,60,270,5,0,0,16,7.14710472166117,1,9,12,27,0,0,0,20,33,1,-1.28312460356392,0,1.35,0.0655737704918033,0.0208986415882968,0.112989704849513,0,61.7,70.7
2024,REG+POST,00-0034054,R.Cracraft,River Cracraft,WR,WR,"https://static.www.nfl.com/image/upload/f_auto,q_auto/league/y8t968ntco72t8f8ryba",4,MIA,0,0,0,0,0,0,0,0,0,0,0,0,,0,,,0,0,0,0,0,0,,0,7,9,66,0,0,0,71,11,4,4.59573005896527,0,0.929577464788732,0.0687022900763359,0.0896464646464646,0.165805960367029,0,6.6,13.6
2024,REG+POST,00-0034073,R.Dwelley,Ross Dwelley,TE,TE,"https://static.www.nfl.com/image/upload/f_auto,q_auto/league/ukd8ctqgskd8q5psumou",1,ATL,0,0,0,0,0,0,0,0,0,0,0,0,,0,,,0,0,0,0,0,0,,0,1,1,5,0,0,0,1,4,0,0.13682030281052,0,5.0,0.0344827586206897,0.0042372881355932,0.0546902396259497,0,0.5,1.5
2024,REG+POST,00-0034115,J.Wilson,Jeffery Wilson,RB,RB,"https://static.www.nfl.com/image/private/f_auto,q_auto/league/zorqrtlrizlltgd6pnob",7,MIA,0,0,0,0,0,0,0,0,0,0,0,0,,0,,,16,57,0,0,0,3,-4.62643494537559,0,3,3,19,0,0,0,0,19,0,0.541619452880696,0,0.0,0.0365853658536585,0.0,0.0548780487804878,0,7.6,10.6
2024,REG+POST,00-0034159,W.Dissly,Will Dissly,TE,TE,"https://static.www.nfl.com/image/upload/f_auto,q_auto/league/opdpeoconvviwkufolxr",16,LAC,0,0,0,0,0,0,0,0,0,0,0,0,,0,,,0,0,0,0,0,0,,0,52,69,497,2,0,0,326,317,24,6.71638079051667,0,1.52453987730061,0.149674620390456,0.0897577092511013,0.287342327061454,0,61.7,113.7
2024,REG+POST,00-0034162,J.Scott,J.K. Scott,P,SPEC,"https://static.www.nfl.com/image/upload/f_auto,q_auto/league/pigjeturkbpz98ycju2o",2,LAC,1,1,3,0,0,0,0,0,0,-4,7,0,-2.70660636294633,0,0.0,,1,0,0,0,0,0,-0.383244391996413,0,0,0,0,0,0,0,0,0,0,,0,,,,,0,0.12,0.12
2024,REG+POST,00-0034177,T.Boyle,Tim Boyle,QB,QB,"https://static.www.nfl.com/image/upload/f_auto,q_auto/league/zmfyonfo6ohn5bxqwaxg",3,NYG,27,50,276,1,1,2,11,0,0,313,151,11,-14.4879114205251,0,0.881789137380192,-0.0217935852887901,3,9,0,0,0,1,0.649375770881306,0,0,0,0,0,0,0,0,0,0,,0,,,,,0,13.94,13.94
2024,REG+POST,00-0034184,G.Edwards,Gus Edwards,RB,RB,"https://static.www.nfl.com/image/upload/f_auto,q_auto/league/dyobqe3w5eypevsk3f2b",12,LAC,0,0,0,0,0,0,0,0,0,0,0,0,,0,,,108,387,4,0,0,18,-15.0525525307252,0,3,5,6,0,0,0,-15,11,0,-3.10106393648312,0,-0.4,0.0434782608695652,-0.0172612197928654,0.0531345374493421,0,63.3,66.3
2024,REG+POST,00-0034208,M.Boone,Mike Boone,RB,RB,"https://static.www.nfl.com/image/upload/f_auto,q_auto/league/yeoyrlaf9hlvowj6fdio",5,CAR,0,0,0,0,0,0,0,0,0,0,0,0,,0,,,13,51,0,0,0,3,-0.974716876691673,0,1,3,-2,0,0,0,-14,2,0,-3.89994317345554,0,0.142857142857143,0.0526315789473684,-0.0228013029315961,0.0629864563689354,0,4.9,5.9
2024,REG+POST,00-0034270,T.Conklin,Tyler Conklin,TE,TE,"https://static.www.nfl.com/image/upload/f_auto,q_auto/league/chajhumpfogd8effewe6",16,NYJ,0,0,0,0,0,0,0,0,0,0,0,0,,0,,,1,0,0,0,0,0,-3.27551417343784,0,51,72,449,4,0,0,358,262,24,10.0818122699409,1,1.25418994413408,0.128342245989305,0.098977052806193,0.261797305948292,0,70.9,121.9
2024,REG+POST,00-0034272,M.Valdes-Scantling,Marquez Valdes-Scantling,WR,WR,"https://static.www.nfl.com/image/upload/f_auto,q_auto/league/vn2bg6lhyl15xrymtd5g",13,NO,0,0,0,0,0,0,0,0,0,0,0,0,,0,,,1,4,0,0,0,0,-0.270356709137559,0,19,44,411,4,0,0,765,143,14,10.2536497789345,0,0.537254901960784,0.118598382749326,0.247974068071313,0.351479421773908,0,65.5,84.5
2024,REG+POST,00-0034348,C.Sutton,Courtland Sutton,WR,WR,"https://static.www.nfl.com/image/upload/f_auto,q_auto/league/qts95gbd6hv65s9eiseq",17,DEN,2,2,30,1,0,0,0,0,0,19,11,2,7.49073817639146,0,1.57894736842105,,0,0,0,0,0,0,,0,86,144,1156,8,1,1,1944,191,61,36.3227987425869,0,0.594650205761317,0.263254113345521,0.465294399234083,0.72058724948214,0,166.8,252.8
2024,REG+POST,00-0034351,D.Goedert,Dallas Goedert,TE,TE,"https://static.www.nfl.com/image/upload/f_auto,q_auto/league/wfj54vhw1zxwwb3vdi61",14,PHI,0,0,0,0,0,0,0,0,0,0,0,0,,0,,,2,13,0,0,0,0,0.985477579524741,0,59,72,711,3,2,0,458,386,29,32.5883507719167,0,1.55240174672489,0.203389830508475,0.1732223903177,0.426340418985102,0,90.4,149.4
2024,REG+POST,00-0034353,A.Miller,Anthony Miller,WR,WR,"https://static.www.nfl.com/image/upload/f_auto,q_auto/league/uvxiydh3yxydavl2fgpr",3,BAL,0,0,0,0,0,0,0,0,0,0,0,0,,0,,,0,0,0,0,0,0,,0,5,5,44,0,0,0,30,14,2,3.73237659025472,0,1.46666666666667,0.0833333333333333,0.0533807829181495,0.162366548042705,0,4.4,9.4
2024,REG+POST,00-0034364,J.Akins,Jordan Akins,TE,TE,"https://static.www.nfl.com/image/private/f_auto,q_auto/league/fgkl9zfpy2yxrkxfge84",16,CLE,0,0,0,0,0,0,0,0,0,0,0,0,,0,,,0,0,0,0,0,0,,0,40,58,390,2,1,0,339,187,20,10.9935598225874,0,1.15044247787611,0.0949263502454992,0.0773972602739726,0.19656760756003,0,51.0,91.0
2024,REG+POST,00-0034365,I.Thomas,Ian Thomas,TE,TE,"https://static.www.nfl.com/image/upload/f_auto,q_auto/league/qrcffo16hdkcvxuvjppy",3,CAR,0,0,0,0,0,0,0,0,0,0,0,0,,0,,,0,0,0,0,0,0,,0,3,6,7,0,0,0,24,6,1,-5.12451348482864,0,0.291666666666667,0.0759493670886076,0.049792531120332,0.148778822417144,0,0.7,3.7
2024,REG+POST,00-0034383,D.Schultz,Dalton Schultz,TE,TE,"https://static.www.nfl.com/image/upload/f_auto,q_auto/league/ooatvpu1knzypdmjljo9",19,HOU,0,0,0,0,0,0,0,0,0,0,0,0,,0,,,0,0,0,0,0,0,,0,59,93,618,2,0,0,777,237,30,7.49156278932451,0,0.795366795366795,0.153212520593081,0.1554,0.338598780889621,0,73.8,132.8
2024,REG+POST,00-0034386,J.Watson,Justin Watson,WR,WR,"https://static.www.nfl.com/image/private/f_auto,q_auto/league/vr9tayyujt23takv3hv3",17,KC,0,0,0,0,0,0,0,0,0,0,0,0,,0,,,0,0,0,0,0,0,,0,22,32,289,2,0,0,486,68,13,19.0869593959854,2,0.594650205761317,0.0637450199203187,0.148623853211009,0.199654227128185,0,44.9,66.9
2024,REG+POST,00-0034401,M.White,Mike White,QB,QB,"https://static.www.nfl.com/image/upload/f_auto,q_auto/league/fmffqxu8o4ckhspqd8vm",1,BUF,3,11,28,0,0,0,0,0,0,98,32,1,-7.15286629885668,0,0.285714285714286,-0.155223235654659,0,0,0,0,0,0,,0,0,0,0,0,0,0,0,0,0,,0,,,,,0,1.12,1.12
2024,REG+POST,00-0034407,R.McCloud,Ray-Ray McCloud,WR,WR,"https://static.www.nfl.com/image/upload/f_auto,q_auto/league/nvwn3sdihyyd2itjt7vy",17,ATL,0,0,0,0,0,0,0,0,0,0,0,0,,0,,,10,79,0,0,0,3,2.36769409381668,0,62,87,686,1,3,1,589,335,29,5.62533058408268,0,1.16468590831919,0.161410018552876,0.132717440288418,0.335017236031206,0,80.5,142.5
2024,REG+POST,00-0034418,C.Wilson,Cedrick Wilson,WR,WR,"https://static.www.nfl.com/image/upload/f_auto,q_auto/league/vuolr6nwwbrwwc5ldt7f",10,NO,1,1,21,1,0,1,3,0,0,20,1,1,1.15121669037035,0,1.05,,0,0,0,0,0,0,,0,20,27,211,1,0,0,196,89,8,2.54967611788574,0,1.0765306122449,0.0835913312693498,0.07617567042363,0.178709966200566,0,31.94,51.94
2024,REG+POST,00-0034419,B.Berrios,Braxton Berrios,WR,WR,"https://static.www.nfl.com/image/upload/f_auto,q_auto/league/yvzkjvb0ieeszxribqc9",3,MIA,0,0,0,0,0,0,0,0,0,0,0,0,,0,,,0,0,0,0,0,0,,0,0,4,0,0,0,0,26,0,0,-9.01349623384885,0,0.0,0.0384615384615385,0.0359612724757953,0.0828651984253644,0,0.0,0.0
2024,REG+POST,00-0034485,J.Owens,Jonathan Owens,SS,DB,"https://static.www.nfl.com/image/upload/f_auto,q_auto/league/fdujzkztvte2c4tair5c",1,CHI,0,0,0,0,0,0,0,0,0,0,0,0,,0,,,0,0,0,0,0,0,,0,0,0,0,0,0,0,0,0,0,,0,,,,,1,6.0,6.0
2024,REG+POST,00-0034487,T.Sherfield,Trent Sherfield,WR,WR,"https://static.www.nfl.com/image/upload/f_auto,q_auto/league/esdvav44ezzmwbwe1rju",9,MIN,0,0,0,0,0,0,0,0,0,0,0,0,,0,,,0,0,0,0,0,0,,0,10,12,91,1,0,0,76,42,4,-1.53299665881787,0,1.19736842105263,0.0434782608695652,0.0306328093510681,0.0866603578500955,0,15.1,25.1
2024,REG+POST,00-0034488,T.Thomas,Tavierre Thomas,CB,DB,"https://static.www.nfl.com/image/upload/f_auto,q_auto/league/vgqvuxixybewnv9lymbr",1,TB,0,0,0,0,0,0,0,0,0,0,0,0,,0,,,1,-2,0,0,0,0,-3.09130674356129,0,0,0,0,0,0,0,0,0,0,,0,,,,,0,-0.2,-0.2
2024,REG+POST,00-0034521,A.Lazard,Allen Lazard,WR,WR,"https://static.www.nfl.com/image/private/f_auto,q_auto/league/blrzk3bfnpneuyhsqiqg",12,NYJ,0,1,0,0,0,0,0,0,0,17,0,0,-1.01079559273785,0,0.0,,0,0,0,0,0,0,,0,37,61,530,6,0,0,686,155,29,29.9262321103569,0,0.772594752186589,0.141203703703704,0.239274502964772,0.379297707630896,0,89.0,126.0
2024,REG+POST,00-0034571,T.Scott,Trenton Scott,T,OL,"https://static.www.nfl.com/image/upload/f_auto,q_auto/league/v5tyxvb4cdtzumhdzbd0",1,WAS,0,0,0,0,0,0,0,0,0,0,0,0,,0,,,0,0,0,0,0,0,,0,1,1,1,1,0,0,1,0,1,0.877743525023107,0,1.0,0.0434782608695652,0.0046511627906976,0.0684732052578362,0,6.1,7.1
2024,REG+POST,00-0034577,K.Allen,Kyle Allen,QB,QB,"https://static.www.nfl.com/image/upload/f_auto,q_auto/league/knqlp0qrchvv6rjayshv",1,PIT,1,1,19,0,0,0,0,0,0,13,6,1,1.43255293625407,0,1.46153846153846,,0,0,0,0,0,0,,0,0,0,0,0,0,0,0,0,0,,0,,,,,0,0.76,0.76
2024,REG+POST,00-0034613,T.Hudson,Tanner Hudson,TE,TE,"https://static.www.nfl.com/image/upload/f_auto,q_auto/league/fbtxfvqvgv0al8msbr1e",9,CIN,0,0,0,0,0,0,0,0,0,0,0,0,,0,,,1,1,0,0,0,1,1.75751215103082,0,19,23,154,1,1,1,98,97,9,6.32633125735447,0,1.57142857142857,0.0655270655270655,0.0386740331491713,0.125362421495018,0,19.5,38.5
2024,REG+POST,00-0034646,B.Powell,Brandon Powell,WR,WR,"https://static.www.nfl.com/image/upload/f_auto,q_auto/league/kpggzzkazhxoq4e77xho",7,MIN,0,0,0,0,0,0,0,0,0,0,0,0,,0,,,0,0,0,0,0,0,,0,7,10,71,0,0,0,102,12,5,5.09451138135046,0,0.696078431372549,0.0485436893203884,0.0604982206405694,0.115164288428981,0,7.1,14.1
2024,REG+POST,00-0034753,M.Andrews,Mark Andrews,TE,TE,"https://static.www.nfl.com/image/upload/f_auto,q_auto/league/y5maejm3puruskwc344y",19,BAL,0,0,0,0,0,0,0,0,0,0,0,0,,0,,,8,13,0,0,0,7,6.46210281125968,0,62,79,761,11,1,1,812,220,44,51.0879733584586,0,0.937192118226601,0.157684630738523,0.183006535947712,0.364631521271183,0,141.4,203.4
2024,REG+POST,00-0034771,M.Rudolph,Mason Rudolph,QB,QB,"https://static.www.nfl.com/image/upload/f_auto,q_auto/league/pn938e0z2fobxmzfxmlh",8,TEN,146,228,1530,9,9,11,71,2,0,1630,656,78,-1.93614114649023,1,0.938650306748466,0.0712652084152631,25,106,1,3,1,13,4.98898655295005,0,0,0,0,0,0,0,0,0,0,,0,,,,,0,95.8,95.8
2024,REG+POST,00-0034775,C.Kirk,Christian Kirk,WR,WR,"https://static.www.nfl.com/image/private/f_auto,q_auto/league/ersmmtjmjlpsy9lmjvde",8,JAX,0,0,0,0,0,0,0,0,0,0,0,0,,0,,,0,0,0,0,0,0,,0,27,47,379,1,0,0,644,113,18,8.42042643717785,0,0.588509316770186,0.195020746887967,0.303058823529412,0.504672296802538,0,43.9,70.9
2024,REG+POST,00-0034777,D.Chark,D.J. Chark,WR,WR,"https://static.www.nfl.com/image/upload/f_auto,q_auto/league/skuieceh50r31ulwpo5s",5,LAC,0,0,0,0,0,0,0,0,0,0,0,0,,0,,,0,0,0,0,0,0,,0,5,14,41,1,0,0,184,13,1,-8.855946730442,0,0.222826086956522,0.0833333333333333,0.113510178901912,0.204457125231339,0,10.1,15.1
2024,REG+POST,00-0034791,N.Chubb,Nick Chubb,RB,RB,"https://static.www.nfl.com/image/private/f_auto,q_auto/league/a8ib0haur75wrhqrbtyo",8,CLE,0,0,0,0,0,0,0,0,0,0,0,0,,0,,,102,332,3,1,1,17,-20.5745782894754,0,5,11,31,1,0,0,-5,31,3,-16.3173571868101,0,-6.2,0.0381944444444444,-0.0025239777889954,0.0555248822143699,0,58.3,63.3
2024,REG+POST,00-0034796,L.Jackson,Lamar Jackson,QB,QB,"https://static.www.nfl.com/image/upload/f_auto,q_auto/league/cruqs6qpbykh7a2whd7p",19,BAL,350,520,4601,45,5,26,173,5,2,4487,2255,218,190.077566185253,0,1.02540673055494,0.191093109770079,160,1035,4,6,4,54,15.2496109389778,1,0,0,0,0,0,0,0,0,0,,0,,,,,0,471.54,471.54
2024,REG+POST,00-0034798,D.Smythe,Durham Smythe,TE,TE,"https://static.www.nfl.com/image/upload/f_auto,q_auto/league/twxkgrnpjotgyhwawfsv",13,MIA,0,0,0,0,0,0,0,0,0,0,0,0,,0,,,0,0,0,0,0,0,,0,9,17,53,0,0,0,94,16,1,-3.63454234434149,0,0.563829787234043,0.0367170626349892,0.033996383363472,0.0788730623069142,0,5.3,14.3
2024,REG+POST,00-0034827,D.Moore,D.J. Moore,WR,WR,"https://static.www.nfl.com/image/upload/f_auto,q_auto/league/hqb9xnzm9brx79zl6wve",17,CHI,0,1,0,0,0,0,0,0,0,33,0,0,-0.44727218337357,0,0.0,,14,75,0,0,0,3,1.37395754357567,0,98,140,966,6,1,1,1049,588,43,16.3869151971205,1,0.920877025738799,0.266159695817491,0.251739860811135,0.57545744629403,0,140.1,238.1
2024,REG+POST,00-0034829,M.Gesicki,Mike Gesicki,TE,TE,"https://static.www.nfl.com/image/upload/f_auto,q_auto/league/zabpknonv9ozmkyw4qqt",16,CIN,0,0,0,0,0,0,0,0,0,0,0,0,,0,,,0,0,0,0,0,0,,0,65,83,665,2,1,1,615,245,38,33.7675754562854,0,1.08130081300813,0.137190082644628,0.139995447302527,0.303781937078711,0,76.5,141.5
2024,REG+POST,00-0034830,H.Hurst,Hayden Hurst,TE,TE,"https://static.www.nfl.com/image/upload/f_auto,q_auto/league/qxvkvmi2fphxjqyb21nv",7,LAC,0,0,0,0,0,0,0,0,0,0,0,0,,0,,,0,0,0,0,0,0,,0,8,13,73,0,0,0,62,20,2,-4.84155694558285,0,1.17741935483871,0.0792682926829268,0.0524091293322063,0.155588829556935,0,7.3,15.3
2024,REG+POST,00-0034834,S.Hubbard,Sam Hubbard,DE,DL,"https://static.www.nfl.com/image/upload/f_auto,q_auto/league/eoodwerhenaqvcaqm29t",1,CIN,0,0,0,0,0,0,0,0,0,0,0,0,,0,,,0,0,0,0,0,0,,0,1,1,2,1,0,0,2,0,1,2.04928792873397,0,1.0,0.0285714285714286,0.0081967213114754,0.0485948477751756,0,6.2,7.2
2024,REG+POST,00-0034837,C.Ridley,Calvin Ridley,WR,WR,"https://static.www.nfl.com/image/upload/f_auto,q_auto/league/tmeij0cfgylmurfybs74",17,TEN,0,0,0,0,0,0,0,0,0,0,0,0,,0,,,8,55,1,1,1,3,-2.31545070331777,0,64,120,1017,4,0,0,1883,231,39,28.1781591182862,0,0.540095592140202,0.236686390532544,0.443267419962335,0.665316779772451,0,135.2,199.2
2024,REG+POST,00-0034844,S.Barkley,Saquon Barkley,RB,RB,"https://static.www.nfl.com/image/upload/f_auto,q_auto/league/ugiuanl8bf6uoya5mgid",20,PHI,0,0,0,0,0,1,2,0,0,0,0,0,-1.65995322052973,0,,,436,2504,18,2,1,99,30.8101262504954,3,46,58,353,2,0,0,84,337,15,16.5551391198274,0,4.20238095238095,0.125541125541126,0.0249258160237389,0.205759759528306,0,409.7,455.7
2024,REG+POST,00-0034854,K.Hodge,KhaDarel Hodge,WR,WR,"https://static.www.nfl.com/image/upload/f_auto,q_auto/league/h3r6hfokmtgtxz8mljho",6,ATL,0,0,0,0,0,0,0,0,0,0,0,0,,0,,,0,0,0,0,0,0,,0,7,12,131,1,0,0,126,89,6,8.25685050128959,0,1.03968253968254,0.0670391061452514,0.08311345646438,0.158738078742943,1,25.1,32.1
2024,REG+POST,00-0034855,B.Mayfield,Baker Mayfield,QB,QB,"https://static.www.nfl.com/image/upload/f_auto,q_auto/league/xrbgtbyy8a7l0ux13hjy",18,TB,422,588,4685,43,16,41,250,4,1,4109,2520,236,129.728743696801,1,1.14018009247992,0.150648523661818,67,401,3,8,2,25,-0.680865282242916,0,0,0,0,0,0,0,0,0,0,,0,,,,,0,381.5,381.5
2024,REG+POST,00-0034857,J.Allen,Josh Allen,QB,QB,"https://static.www.nfl.com/image/upload/f_auto,q_auto/league/lq4ezafbszwwt2qsvhqv",19,BUF,365,565,4367,32,6,19,85,6,2,4696,2327,199,150.465796030022,2,0.929940374787053,0.174354262670673,131,636,14,2,0,65,61.6615598460485,0,0,0,0,0,0,0,0,0,0,,0,,,,,0,438.28,438.28
2024,REG+POST,00-0034860,D.Pettis,Dante Pettis,WR,WR,"https://static.www.nfl.com/image/upload/f_auto,q_auto/league/bkn6mnwboawe7iucprxe",8,NO,0,0,0,0,0,0,0,0,0,0,0,0,,0,,,0,0,0,0,0,0,,0,12,28,120,1,0,0,282,36,8,-2.8346817793437,1,0.425531914893617,0.114754098360656,0.13946587537092,0.269757260300628,0,20.0,32.0
2024,REG+POST,00-0034869,S.Darnold,Sam Darnold,QB,QB,"https://static.www.nfl.com/image/upload/f_auto,q_auto/league/agjgfwk9jk9ufoac2vpd",18,MIN,386,585,4564,36,13,57,417,6,3,5026,1852,218,21.6230136378549,0,0.908077994428969,0.105089062243084,71,231,1,3,2,26,2.42808493731893,0,0,0,0,0,0,0,0,0,0,,0,,,,,0,319.66,319.66
2024,REG+POST,00-0034928,S.Sims,Steven Sims,WR,WR,"https://static.www.nfl.com/image/upload/f_auto,q_auto/league/rsehft6639kzvqezebqf",3,BAL,0,0,0,0,0,0,0,0,0,0,0,0,,0,,,2,15,0,0,0,1,0.398231947561726,0,1,1,4,0,0,0,-3,7,0,-0.099835739005357,0,0.0,0.04,-0.0115384615384615,0.0519230769230769,0,1.9,2.9
2024,REG+POST,00-0034959,A.Beck,Andrew Beck,FB,RB,"https://static.www.nfl.com/image/upload/f_auto,q_auto/league/rsfn0gxxiu1cx6woxd38",2,HOU,0,0,0,0,0,0,0,0,0,0,0,0,,0,,,0,0,0,0,0,0,,0,0,2,0,0,0,0,21,0,0,-1.32956091535743,0,0.0,0.0294117647058824,0.0383912248628885,0.0709915044628455,0,0.0,0.0
2024,REG+POST,00-0034960,J.Meyers,Jakobi Meyers,WR,WR,"https://static.www.nfl.com/image/upload/f_auto,q_auto/league/p1abjttm5pu8gev0gwea",15,LV,0,0,0,0,0,1,10,0,0,0,0,0,-1.56762638897635,0,,,2,23,0,0,0,1,1.41136659926269,0,87,129,1027,4,0,0,1281,293,52,31.3483058252465,1,0.801717408274785,0.248076923076923,0.34734273318872,0.615255297847489,0,131.0,218.0
2024,REG+POST,00-0034970,I.Smith,Irv Smith,TE,TE,"https://static.www.nfl.com/image/private/f_auto,q_auto/league/gvnnqr5kj0rtte3iw9mp",1,HOU,0,0,0,0,0,0,0,0,0,0,0,0,,0,,,0,0,0,0,0,0,,0,1,1,2,0,0,0,2,0,0,-0.359579039271921,0,1.0,0.0357142857142857,0.0074074074074074,0.0587566137566138,0,0.2,1.2
2024,REG+POST,00-0034972,A.Mattison,Alexander Mattison,RB,RB,"https://static.www.nfl.com/image/upload/f_auto,q_auto/league/uftc0gl0wzo5povcu6ih",14,LV,0,0,0,0,0,0,0,0,0,0,0,0,,0,,,132,420,4,1,1,25,-30.8919976790078,1,36,48,294,1,0,0,-4,314,13,-6.27723881433321,0,-73.5,0.117359413202934,-0.001412429378531,0.175050419239429,0,101.4,137.4
2024,REG+POST,00-0034974,J.Love,Julian Love,SS,DB,"https://static.www.nfl.com/image/upload/f_auto,q_auto/league/aeodojl99cyqfh9ykmsa",1,SEA,0,0,0,0,0,0,0,0,0,0,0,0,,0,,,1,2,0,0,0,1,2.15276682795957,0,0,0,0,0,0,0,0,0,0,,0,,,,,0,0.2,0.2
2024,REG+POST,00-0034975,J.Hill,Justice Hill,RB,RB,"https://static.www.nfl.com/image/upload/f_auto,q_auto/league/jeeq17ah67zxc6vdamhk",17,BAL,0,0,0,0,0,0,0,0,0,0,0,0,,0,,,59,290,1,0,0,19,0.813173024565913,0,48,57,403,4,0,0,-44,468,20,16.762276015624,0,-9.15909090909091,0.125274725274725,-0.0112159061942391,0.180060953576121,0,99.3,147.3
2024,REG+POST,00-0034981,F.Moreau,Foster Moreau,TE,TE,"https://static.www.nfl.com/image/upload/f_auto,q_auto/league/hfcik9okcbwsbhgoaljy",15,NO,0,0,0,0,0,0,0,0,0,0,0,0,,0,,,0,0,0,0,0,0,,0,32,43,413,5,0,0,397,158,21,19.9170170508873,0,1.04030226700252,0.092274678111588,0.102823102823103,0.210388189143554,0,71.3,103.3
2024,REG+POST,00-0035021,A.Dulin,Ashton Dulin,WR,WR,"https://static.www.nfl.com/image/upload/f_auto,q_auto/league/so1vzml0sxv84xoyyr2n",9,IND,0,0,0,0,0,0,0,0,0,0,0,0,,0,,,5,45,0,0,0,2,3.0478348499164,0,2,8,67,1,0,0,154,43,2,-6.19015198707348,0,0.435064935064935,0.0512820512820513,0.088302752293578,0.138735003528582,0,17.2,19.2
2024,REG+POST,00-0035100,J.Browning,Jake Browning,QB,QB,"https://static.www.nfl.com/image/upload/f_auto,q_auto/league/kuxgw7azlwgyv2ptawvf",2,CIN,0,0,0,0,0,0,0,0,0,0,0,0,,0,,,2,-2,0,0,0,0,-1.65984878980089,0,0,0,0,0,0,0,0,0,0,,0,,,,,0,-0.2,-0.2
2024,REG+POST,00-0035125,A.Ingold,Alec Ingold,FB,RB,"https://static.www.nfl.com/image/upload/f_auto,q_auto/league/ti3f1rb38z7sbxkjk2d9",9,MIA,0,0,0,0,0,0,0,0,0,0,0,0,,0,,,10,17,1,2,1,6,-10.2386299240786,0,11,12,96,0,0,0,15,76,3,3.27536204218632,0,6.4,0.0571428571428571,0.0109649122807018,0.0933897243107769,0,15.3,26.3
2024,REG+POST,00-0035140,M.Hardman,Mecole Hardman,WR,WR,"https://static.www.nfl.com/image/upload/f_auto,q_auto/league/cfbjutuygqg7imy0qwpt",7,KC,0,0,0,0,0,0,0,0,0,0,0,0,,0,,,5,62,1,0,0,2,5.6644174066023,0,12,14,90,0,0,0,-14,99,6,4.30809964373475,0,0.0,0.0676328502415459,-0.0108780108780109,0.0938346677477112,0,21.2,33.2
2024,REG+POST,00-0035156,J.Fox,Jack Fox,P,SPEC,"https://static.www.nfl.com/image/upload/f_auto,q_auto/league/hahgwccp7ozgsdimxocv",1,DET,1,1,17,0,0,0,0,0,0,15,2,1,3.63742909347639,0,1.13333333333333,,0,0,0,0,0,0,,0,0,0,0,0,0,0,0,0,0,,0,,,,,0,0.68,0.68
2024,REG+POST,00-0035190,A.Cole,A.J. Cole,P,SPEC,"https://static.www.nfl.com/image/upload/f_auto,q_auto/league/iuaqixqidj73rkkwczso",1,LV,1,1,34,0,0,0,0,0,0,4,30,1,4.33391802990809,0,8.5,,0,0,0,0,0,0,,0,0,0,0,0,0,0,0,0,0,,0,,,,,0,1.36,1.36
2024,REG+POST,00-0035208,O.Zaccheaus,Olamide Zaccheaus,WR,WR,"https://static.www.nfl.com/image/upload/f_auto,q_auto/league/hcmdnfgnnvcp0qbktpxd",18,WAS,0,0,0,0,0,0,0,0,0,0,0,0,,0,,,1,8,0,0,0,1,0.587526916584466,0,52,74,551,3,0,0,442,320,30,26.2585067389345,1,1.24660633484163,0.133333333333333,0.111898734177215,0.278329113924051,0,75.9,127.9
2024,REG+POST,00-0035216,D.Johnson,Diontae Johnson,WR,WR,"https://static.www.nfl.com/image/upload/f_auto,q_auto/league/rjtil6ilydmwoy0btlt7",12,HOU,0,0,0,0,0,0,0,0,0,0,0,0,,0,,,2,6,0,0,0,1,2.03888299223036,0,34,68,387,3,0,0,739,95,21,-18.0519839626935,0,0.523680649526387,0.18732782369146,0.267850670532802,0.468487204910151,0,57.3,91.3
2024,REG+POST,00-0035228,K.Murray,Kyler Murray,QB,QB,"https://static.www.nfl.com/image/upload/f_auto,q_auto/league/lsladvvsaptc29bbcah2",17,ARI,372,541,3851,21,11,30,220,4,1,3693,1970,191,65.6543678808935,0,1.04278364473328,0.115602013878477,78,572,5,4,3,27,17.827246009089,1,0,0,0,0,0,0,0,0,0,,0,,,,,0,297.24,297.24
2024,REG+POST,00-0035229,T.Hockenson,T.J. Hockenson,TE,TE,"https://static.www.nfl.com/image/upload/f_auto,q_auto/league/n9zhffstwzae8i5di6tk",11,MIN,0,0,0,0,0,0,0,0,0,0,0,0,,0,,,0,0,0,0,0,0,,0,46,67,519,1,0,0,553,176,33,16.0483949086605,0,0.938517179023508,0.175853018372703,0.171366594360087,0.383736143611116,0,57.9,103.9
2024,REG+POST,00-0035243,M.Sanders,Miles Sanders,RB,RB,"https://static.www.nfl.com/image/upload/f_auto,q_auto/league/lvyjbie3d0ro8ohgphe0",11,CAR,0,0,0,0,0,0,0,0,0,0,0,0,,0,,,55,205,2,0,0,12,-8.65984749678165,0,24,30,148,1,1,0,41,150,5,-17.5325809041937,0,3.60975609756098,0.0958466453674121,0.017558886509636,0.156061188607863,0,53.3,77.3
2024,REG+POST,00-0035249,J.Oliver,Josh Oliver,TE,TE,"https://static.www.nfl.com/image/private/f_auto,q_auto/league/pwd3muzyjclgjlwwtdah",12,MIN,0,0,0,0,0,0,0,0,0,0,0,0,,0,,,0,0,0,0,0,0,,0,23,29,263,3,0,0,216,136,14,17.0024942926248,0,1.21759259259259,0.0794520547945206,0.0666460968836779,0.165830350010355,0,44.3,67.3
2024,REG+POST,00-0035250,D.Singletary,Devin Singletary,RB,RB,"https://static.www.nfl.com/image/upload/f_auto,q_auto/league/wz8mp8xb5bdspcxosreh",15,NYG,0,0,0,0,0,0,0,0,0,0,0,0,,0,,,113,437,4,2,2,24,-11.1448167904699,0,21,24,119,0,0,0,-68,178,4,-11.2415424729697,0,-1.75,0.0634920634920635,-0.0254300673148841,0.0774370481176764,0,75.6,96.6
2024,REG+POST,00-0035261,T.Pollard,Tony Pollard,RB,RB,"https://static.www.nfl.com/image/upload/f_auto,q_auto/league/koxn5qhfnsgvnqfqfmpp",16,TEN,0,0,0,0,0,0,0,0,0,0,0,0,,0,,,260,1079,5,2,2,53,-27.2341533806673,1,41,57,238,0,0,0,8,221,9,-14.4346104260767,0,29.75,0.13768115942029,0.0024729520865533,0.208252805591022,0,159.7,200.7
2024,REG+POST,00-0035264,J.Stidham,Jarrett Stidham,QB,QB,"https://static.www.nfl.com/image/upload/f_auto,q_auto/league/ydf4deab7bxkpjztpze5",2,DEN,0,0,0,0,0,0,0,0,0,0,0,0,,0,,,4,5,0,0,0,1,-2.06078527146019,0,0,0,0,0,0,0,0,0,0,,0,,,,,0,0.5,0.5
2024,REG+POST,00-0035280,J.Bailey,Jake Bailey,P,SPEC,"https://static.www.nfl.com/image/upload/f_auto,q_auto/league/zxvnyuwlbl33ho1jzfqs",1,MIA,0,0,0,0,0,0,0,0,0,0,0,0,,0,,,1,0,0,0,0,0,-2.46694559865864,0,0,0,0,0,0,0,0,0,0,,0,,,,,0,0.0,0.0
2024,REG+POST,00-0035289,G.Minshew,Gardner Minshew,QB,QB,"https://static.www.nfl.com/image/upload/f_auto,q_auto/league/zn2kvriijuixffqfx7ob",10,LV,203,306,2013,9,10,29,164,4,3,1847,1099,106,-47.0637727828345,1,1.0898754737412,0.0332221324566161,19,58,0,2,1,5,-7.56471653372864,0,0,0,0,0,0,0,0,0,0,,0,,,,,0,96.32,96.32
2024,REG+POST,00-0035298,S.Miller,Scott Miller,WR,WR,"https://static.www.nfl.com/image/upload/f_auto,q_auto/league/v5fxl6tig8qarofg0lo1",4,PIT,0,0,0,0,0,0,0,0,0,0,0,0,,0,,,0,0,0,0,0,0,,0,5,9,69,0,0,0,106,33,2,4.49280000955332,0,0.650943396226415,0.087378640776699,0.137662337662338,0.227431597528685,0,6.9,11.9
2024,REG+POST,00-0035311,M.Gaskin,Myles Gaskin,RB,RB,"https://static.www.nfl.com/image/upload/f_auto,q_auto/league/dn5kacxm99pb95u8dle1",2,MIN,0,0,0,0,0,0,0,0,0,0,0,0,,0,,,3,-1,0,0,0,0,-2.23702167416923,0,1,1,11,0,0,0,-2,13,0,0.924996225512587,0,-5.5,0.0357142857142857,-0.0049751243781094,0.050088841506752,0,1.0,2.0
2024,REG+POST,00-0035341,T.Irwin,Trenton Irwin,WR,WR,"https://static.www.nfl.com/image/upload/f_auto,q_auto/league/q6yiyvs3vlibz7w0wa9b",4,CIN,0,0,0,0,0,0,0,0,0,0,0,0,,0,,,0,0,0,0,0,0,,0,3,10,15,0,0,0,62,4,1,-6.57105825309387,0,0.241935483870968,0.0735294117647059,0.0695067264573991,0.158948826167238,0,1.5,4.5
2024,REG+POST,00-0035406,L.Humphrey,Lil'Jordan Humphrey,WR,WR,"https://static.www.nfl.com/image/upload/f_auto,q_auto/league/yjmyfuozafxd7zwf3mlr",14,DEN,0,0,0,0,0,0,0,0,0,0,0,0,,0,,,0,0,0,0,0,0,,0,31,45,293,1,2,1,293,192,12,-8.64249681328704,0,1.0,0.100446428571429,0.0882530120481928,0.212446751290878,0,33.3,64.3
2024,REG+POST,00-0035500,G.Dortch,Greg Dortch,WR,WR,"https://static.www.nfl.com/image/upload/f_auto,q_auto/league/gkog6lrht3rnktwiberj",17,ARI,0,0,0,0,0,0,0,0,0,0,0,0,,0,,,5,31,0,1,0,1,2.24516739317914,0,37,50,342,3,1,1,207,294,16,7.38093510685943,0,1.65217391304348,0.0956022944550669,0.0604732690622261,0.185734730026159,0,53.3,90.3
2024,REG+POST,00-0035535,D.Slayton,Darius Slayton,WR,WR,"https://static.www.nfl.com/image/upload/f_auto,q_auto/league/zhm6evj813ucss03ndlx",16,NYG,0,0,0,0,0,0,0,0,0,0,0,0,,0,,,2,17,0,0,0,1,1.81578354432713,0,39,71,573,2,0,0,928,124,30,15.4639287520803,0,0.617456896551724,0.136015325670498,0.257777777777778,0.384467432950192,0,71.0,110.0
2024,REG+POST,00-0035537,T.Johnson,Ty Johnson,RB,RB,"https://static.www.nfl.com/image/upload/f_auto,q_auto/league/zdedn4xqr2jy6mddh5pb",20,BUF,0,0,0,0,0,0,0,0,0,0,0,0,,0,,,61,307,1,0,0,18,0.92630660450053,0,22,29,318,4,0,0,224,184,17,27.6465603252496,0,1.41964285714286,0.0634573304157549,0.0618613642640155,0.138488950608443,0,92.5,114.5
2024,REG+POST,00-0035544,T.Kennedy,Tom Kennedy,WR,WR,"https://static.www.nfl.com/image/upload/f_auto,q_auto/league/i4s3x6uwpru9p2czwode",1,DET,0,0,0,0,0,0,0,0,0,0,0,0,,0,,,0,0,0,0,0,0,,0,0,1,0,0,0,0,11,0,0,-2.23073649161961,0,0.0,0.0188679245283019,0.0289473684210526,0.0485650446871897,0,0.0,0.0
2024,REG+POST,00-0035547,J.Fortson,Joseph Fortson,TE,TE,"https://static.www.nfl.com/image/private/f_auto,q_auto/league/gxhstzqswbn4z05r9rqv",3,KC,0,0,0,0,0,0,0,0,0,0,0,0,,0,,,0,0,0,0,0,0,,0,1,3,5,0,0,0,4,2,1,-5.66721887071617,0,1.25,0.0319148936170213,0.006514657980456,0.0524326010118511,0,0.5,1.5
2024,REG+POST,00-0035567,C.Reynolds,Craig Reynolds,RB,RB,"https://static.www.nfl.com/image/upload/f_auto,q_auto/league/kfohmdfiai96uqcl7c03",7,DET,0,0,0,0,0,0,0,0,0,0,0,0,,0,,,31,139,0,1,0,6,-4.86852235585684,0,3,5,40,0,0,0,-10,42,2,-2.72788846859476,0,-4.0,0.0515463917525773,-0.0197628458498024,0.0634855955340043,0,17.9,20.9
2024,REG+POST,00-0035594,T.Homer,Travis Homer,RB,RB,"https://static.www.nfl.com/image/upload/f_auto,q_auto/league/eg1e7va024emnbm55got",4,CHI,0,0,0,0,0,0,0,0,0,0,0,0,,0,,,6,23,0,0,0,2,0.101053662772756,0,3,3,11,0,0,0,1,10,0,-0.853370993980207,0,11.0,0.125,0.0071428571428571,0.1925,0,3.4,6.4
2024,REG+POST,00-0035602,A.Bachman,Alex Bachman,WR,WR,"https://static.www.nfl.com/image/upload/f_auto,q_auto/league/cwpp03jqrvyacbjbzkxb",1,LV,0,0,0,0,0,0,0,0,0,0,0,0,,0,,,0,0,0,0,0,0,,0,3,3,31,0,0,0,21,10,2,1.0225745011121,0,1.47619047619048,0.0810810810810811,0.114754098360656,0.201949490474081,0,3.1,6.1
2024,REG+POST,00-0035628,D.Johnson,D'Ernest Johnson,RB,RB,"https://static.www.nfl.com/image/upload/f_auto,q_auto/league/gbe2eojaxid4n3pmo0rj",12,JAX,0,0,0,0,0,0,0,0,0,0,0,0,,0,,,32,143,0,0,0,7,3.19850452046026,0,12,19,96,0,0,0,7,101,3,-12.7469402806892,0,13.7142857142857,0.0678571428571429,0.0038567493112947,0.104485438803621,0,23.9,35.9
2024,REG+POST,00-0035631,D.Sample,Drew Sample,TE,TE,"https://static.www.nfl.com/image/upload/f_auto,q_auto/league/xufsbdqfujdqnrnozhg4",11,CIN,0,0,0,0,0,0,0,0,0,0,0,0,,0,,,1,-4,0,0,0,0,-1.47945109417196,0,20,22,109,1,1,0,34,81,8,4.76400594832376,0,3.20588235294118,0.0537897310513447,0.0130718954248366,0.0898349233744027,0,16.5,36.5
2024,REG+POST,00-0035639,P.Campbell,Parris Campbell,WR,WR,"https://static.www.nfl.com/image/upload/f_auto,q_auto/league/zesqmghc8zchkvhsv9jb",4,PHI,0,0,0,0,0,0,0,0,0,0,0,0,,0,,,0,0,0,0,0,0,,0,6,8,30,1,0,0,34,9,1,0.388467519311234,0,0.882352941176471,0.0833333333333333,0.0452127659574468,0.156648936170213,0,9.0,15.0
2024,REG+POST,00-0035640,D.Metcalf,DK Metcalf,WR,WR,"https://static.www.nfl.com/image/upload/f_auto,q_auto/league/ezpzdcvzlu5ga4uv6oas",15,SEA,0,0,0,0,0,0,0,0,0,0,0,0,,0,,,0,0,0,0,0,0,,0,66,108,992,5,2,2,1481,263,35,24.1165249224438,0,0.669817690749494,0.21259842519685,0.410249307479224,0.606072153030733,0,125.2,191.2
2024,REG+POST,00-0035644,N.Fant,Noah Fant,TE,TE,"https://static.www.nfl.com/image/private/f_auto,q_auto/league/w1gqasldrg3jumzdqjvy",14,SEA,0,0,0,0,0,0,0,0,0,0,0,0,,0,,,0,0,0,0,0,0,,0,48,64,500,1,0,0,339,277,25,6.5137324591809,0,1.47492625368732,0.134453781512605,0.103733170134639,0.274293891363155,0,56.0,104.0
2024,REG+POST,00-0035659,T.McLaurin,Terry McLaurin,WR,WR,"https://static.www.nfl.com/image/upload/f_auto,q_auto/league/wokz1etv1wj1vhbmvxgs",20,WAS,0,0,0,0,0,0,0,0,0,0,0,0,,0,,,2,2,0,1,1,0,-6.18236161198001,0,96,140,1323,16,0,0,1770,422,66,86.9962180279885,0,0.747457627118644,0.228758169934641,0.386378519973805,0.613602218883624,0,226.5,322.5
2024,REG+POST,00-0035662,M.Brown,Marquise Brown,WR,WR,"https://static.www.nfl.com/image/upload/f_auto,q_auto/league/ixuddegcphzmvjn4jq6r",5,KC,0,0,0,0,0,0,0,0,0,0,0,0,,0,,,0,0,0,0,0,0,,0,14,28,141,0,0,0,290,72,8,-3.62601896103628,0,0.486206896551724,0.175,0.282101167315175,0.459970817120623,0,14.1,28.1
2024,REG+POST,00-0035676,A.Brown,A.J. Brown,WR,WR,"https://static.www.nfl.com/image/private/f_auto,q_auto/league/a014sgzctarbvhwb35lw",17,PHI,0,0,0,0,0,0,0,0,0,0,0,0,,0,,,0,0,0,0,0,0,,0,79,120,1242,9,0,0,1483,401,63,74.4025781013886,0,0.837491571139582,0.326086956521739,0.507529089664613,0.844400797547838,0,178.2,257.2
2024,REG+POST,00-0035685,D.Montgomery,David Montgomery,RB,RB,"https://static.www.nfl.com/image/upload/f_auto,q_auto/league/nwdb4paueb1x4gv7tlb9",15,DET,2,2,23,1,0,0,0,0,0,0,23,2,2.70505865081213,0,0.0,,192,803,12,2,1,52,-8.48990764048532,0,36,38,341,0,0,0,-18,365,16,15.9182571717093,0,-18.9444444444444,0.0894117647058824,-0.006081081081081,0.129860890302067,0,189.32,225.32
2024,REG+POST,00-0035689,D.Knox,Dawson Knox,TE,TE,"https://static.www.nfl.com/image/upload/f_auto,q_auto/league/uazfj5l5vzow2oyfa1s6",17,BUF,0,0,0,0,0,0,0,0,0,0,0,0,,0,,,0,0,0,0,0,0,,0,26,39,356,1,0,0,385,111,14,9.90043384989258,0,0.924675324675325,0.0789473684210526,0.103189493433396,0.190653698034956,0,41.6,67.6
2024,REG+POST,00-0035700,J.Jacobs,Josh Jacobs,RB,RB,"https://static.www.nfl.com/image/upload/f_auto,q_auto/league/ksdusqxnwqtnph0htcfx",18,GB,0,0,0,0,0,0,0,0,0,0,0,0,,0,,,319,1410,16,5,3,75,-18.3426827516254,0,39,46,382,1,0,0,-35,437,18,6.62536330659141,0,-10.9142857142857,0.105504587155963,-0.0107924761023743,0.150702147462283,0,275.2,314.2
2024,REG+POST,00-0035704,D.Lock,Drew Lock,QB,QB,"https://static.www.nfl.com/image/upload/f_auto,q_auto/league/tlkgzjnuugarxjeoj9vk",7,NYG,107,181,1071,6,5,12,88,4,2,1107,611,45,-42.7224468111007,1,0.967479674796748,-0.0063132676148476,18,133,2,1,0,9,12.0754370670766,0,0,0,0,0,0,0,0,0,0,,0,,,,,0,80.14,80.14
2024,REG+POST,00-0035710,D.Jones,Daniel Jones,QB,QB,"https://static.www.nfl.com/image/private/f_auto,q_auto/league/zrhniboizqpxtdyz6gez",10,NYG,216,341,2070,8,7,29,172,4,2,2509,944,106,-33.3818123438119,0,0.825029892387405,0.0529979363544852,67,265,2,0,0,26,8.92621904946282,0,0,0,0,0,0,0,0,0,0,,0,,,,,0,135.3,135.3
2024,REG+POST,00-0035719,D.Samuel,Deebo Samuel,WR,WR,"https://static.www.nfl.com/image/upload/f_auto,q_auto/league/shqoqpjwwoiexzy6cmgb",14,SF,0,0,0,0,0,1,4,0,0,0,0,0,-2.08983199129667,0,,,42,136,1,0,0,5,-9.08093104601074,0,51,81,670,3,0,0,551,421,28,11.0711857427697,0,1.21597096188748,0.197560975609756,0.158835399250504,0.407526242889987,0,104.6,155.6
2024,REG+POST,00-0035795,J.Pierre,James Pierre,CB,DB,"https://static.www.nfl.com/image/upload/f_auto,q_auto/league/a0pp4bfqlxjxxtehhc0h",1,PIT,0,0,0,0,0,0,0,0,0,0,0,0,,0,,,0,0,0,0,0,0,,0,0,1,0,0,0,0,14,0,0,-2.67772018973483,0,0.0,0.0384615384615385,0.0426829268292683,0.0875703564727955,0,0.0,0.0
2024,REG+POST,00-0035806,J.Hasty,Jamycal Hasty,RB,RB,"https://static.www.nfl.com/image/upload/f_auto,q_auto/league/stvclosmy6zi864kfxw7",9,NE,0,0,0,0,0,0,0,0,0,0,0,0,,0,,,20,69,0,0,0,4,-1.01269370431382,0,10,12,59,1,0,0,-2,72,2,0.58483846305171,0,-29.5,0.0606060606060606,-0.0015748031496063,0.0898067287043665,0,18.8,28.8
2024,REG+POST,00-0035860,T.Jones,Tony Jones,RB,RB,"https://static.www.nfl.com/image/private/f_auto,q_auto/league/cgvll8lokulmws98olfa",1,ARI,0,0,0,0,0,0,0,0,0,0,0,0,,0,,,4,55,1,0,0,1,2.86425752664218,0,0,0,0,0,0,0,0,0,0,,0,,,,,0,11.5,11.5
2024,REG+POST,00-0035891,C.White,Cody White,WR,WR,"https://static.www.nfl.com/image/upload/f_auto,q_auto/league/japxwwyjwag4j7kxy9pm",1,SEA,0,0,0,0,0,0,0,0,0,0,0,0,,0,,,0,0,0,0,0,0,,0,2,3,44,0,0,0,40,13,2,2.54746147588594,0,1.1,0.0882352941176471,0.114613180515759,0.212582167537502,0,4.4,6.4
2024,REG+POST,00-0035924,J.Ward,Jonathan Ward,RB,RB,"https://static.www.nfl.com/image/upload/f_auto,q_auto/league/yct3a4xznwcxjvn4iosk",2,PIT,0,0,0,0,0,0,0,0,0,0,0,0,,0,,,5,22,0,0,0,1,0.204633340588771,0,0,0,0,0,0,0,0,0,0,,0,,,,,0,2.2,2.2
2024,REG+POST,00-0035973,P.Taylor,Patrick Taylor,RB,RB,"https://static.www.nfl.com/image/upload/f_auto,q_auto/league/nd1utxii5exwfoujq5a4",5,SF,0,0,0,0,0,0,0,0,0,0,0,0,,0,,,39,183,1,0,0,11,2.13986832962837,0,3,11,25,0,0,0,39,19,2,-10.1569419174921,0,0.641025641025641,0.0833333333333333,0.0549295774647887,0.163450704225352,0,26.8,29.8
2024,REG+POST,00-0035976,D.Chisena,Dan Chisena,WR,WR,"https://static.www.nfl.com/image/upload/f_auto,q_auto/league/dwiqdrtc7vgrvngxoiix",3,CAR,0,0,0,0,0,0,0,0,0,0,0,0,,0,,,0,0,0,0,0,0,,0,3,4,37,0,0,0,30,9,2,2.03996112314053,0,1.23333333333333,0.0459770114942529,0.0350467289719626,0.0934982275217531,0,3.7,6.7
2024,REG+POST,00-0035993,T.Huntley,Tyler Huntley,QB,QB,"https://static.www.nfl.com/image/upload/f_auto,q_auto/league/ex2ygunvni5o5aabnhbq",5,MIA,86,133,829,3,3,15,92,4,1,1036,352,45,-17.8480365150601,0,0.80019305019305,0.0456637462486503,26,135,2,2,1,10,-0.536011616717438,0,0,0,0,0,0,0,0,0,0,,0,,,,,0,60.66,60.66
2024,REG+POST,00-0036037,S.Franklin,Sam Franklin,SS,DB,"https://static.www.nfl.com/image/upload/f_auto,q_auto/league/umqc50da0q99u1qyhka5",1,CAR,0,0,0,0,0,0,0,0,0,0,0,0,,0,,,0,0,0,0,0,0,,0,0,1,0,0,0,0,11,0,0,-2.68345253309235,0,0.0,0.0285714285714286,0.0357142857142857,0.0678571428571429,0,0.0,0.0
2024,REG+POST,00-0036040,J.Johnson,Juwan Johnson,TE,TE,"https://static.www.nfl.com/image/upload/f_auto,q_auto/league/pdsl9w3agc9uvjqpq1jy",15,NO,0,0,0,0,0,0,0,0,0,0,0,0,,0,,,0,0,0,0,0,0,,0,50,66,548,3,2,0,547,212,27,18.7645707134216,0,1.0018281535649,0.137787056367432,0.141234185386006,0.305544514321352,0,72.8,122.8
2024,REG+POST,00-0036096,J.Taylor,J.J. Taylor,RB,RB,"https://static.www.nfl.com/image/upload/f_auto,q_auto/league/m8en6noemyviirgtxlgd",3,HOU,0,0,0,0,0,0,0,0,0,0,0,0,,0,,,10,44,0,0,0,1,-0.0250057432567701,0,2,3,0,0,0,0,-6,1,0,-2.49336225399748,0,0.0,0.0365853658536585,-0.0105448154657293,0.0474966779544773,0,4.4,6.4
2024,REG+POST,00-0036133,J.Proche,James Proche,WR,WR,"https://static.www.nfl.com/image/upload/f_auto,q_auto/league/me4h87meacls1jjh0cug",2,CLE,0,0,0,0,0,0,0,0,0,0,0,0,,0,,,0,0,0,0,0,0,,0,3,3,21,0,0,0,17,4,1,0.943087106978055,0,1.23529411764706,0.0434782608695652,0.034136546184739,0.0891129736336651,0,2.1,5.1
2024,REG+POST,00-0036139,R.Dowdle,Rico Dowdle,RB,RB,"https://static.www.nfl.com/image/upload/f_auto,q_auto/league/fe8ge4f6vvtyihou5czu",16,DAL,0,0,0,0,0,0,0,0,0,0,0,0,,0,,,235,1079,2,3,2,53,-10.528278699356,0,39,49,249,3,0,0,1,272,13,5.26208568721293,0,249.0,0.0879712746858169,0.0002606202762574,0.132139346222106,0,158.8,197.8
2024,REG+POST,00-0036158,J.Dobbins,J.K. Dobbins,RB,RB,"https://static.www.nfl.com/image/upload/f_auto,q_auto/league/rbuyzj3kv10xrq1rfy2l",14,LAC,0,0,0,0,0,0,0,0,0,0,0,0,,0,,,204,931,9,0,0,49,1.58179798299046,0,32,39,153,0,0,0,-44,204,7,-15.3783973750645,0,-3.47727272727273,0.0955882352941176,-0.016260162601626,0.132000239120038,0,162.4,194.4
2024,REG+POST,00-0036165,I.Hodgins,Isaiah Hodgins,WR,WR,"https://static.www.nfl.com/image/upload/f_auto,q_auto/league/gc1gaxelm41o1luldpek",2,NYG,0,0,0,0,0,0,0,0,0,0,0,0,,0,,,0,0,0,0,0,0,,0,2,2,12,0,0,0,11,1,0,0.517643641214818,0,1.09090909090909,0.0294117647058824,0.0215686274509804,0.0592156862745098,0,1.2,3.2
2024,REG+POST,00-0036176,M.Kinsey,Mason Kinsey,WR,WR,"https://static.www.nfl.com/image/upload/f_auto,q_auto/league/qeddbi4d2hfqtyhsiogr",2,TEN,0,0,0,0,0,0,0,0,0,0,0,0,,0,,,0,0,0,0,0,0,,0,2,2,17,0,0,0,17,0,1,0.798377008002717,0,1.0,0.0285714285714286,0.0397196261682243,0.0706608811748999,0,1.7,3.7
2024,REG+POST,00-0036182,N.Westbrook-Ikhine,Nick Westbrook-Ikhine,WR,WR,"https://static.www.nfl.com/image/upload/f_auto,q_auto/league/rt9ic9wzwl2pevlxt1nd",13,TEN,0,0,0,0,0,0,0,0,0,0,0,0,,0,,,0,0,0,0,0,0,,0,32,60,497,9,0,0,700,124,25,12.6874892773248,0,0.71,0.149625935162095,0.205580029368576,0.368344923301145,0,103.7,135.7
2024,REG+POST,00-0036183,K.Wilkerson,Kristian Wilkerson,WR,WR,"https://static.www.nfl.com/image/upload/f_auto,q_auto/league/zhuu9xuvbxiy5xyofwxl",1,LV,0,0,0,0,0,0,0,0,0,0,0,0,,0,,,0,0,0,0,0,0,,0,2,3,18,1,0,0,16,11,2,2.86149290617323,0,1.125,0.0810810810810811,0.0874316939890711,0.182823807413971,0,7.8,9.8
2024,REG+POST,00-0036187,R.Gilliam,Reggie Gilliam,FB,RB,"https://static.www.nfl.com/image/upload/f_auto,q_auto/league/qj2xzath8p7188isoxkd",2,BUF,0,0,0,0,0,0,0,0,0,0,0,0,,0,,,3,7,0,0,0,1,-0.424517516599735,0,0,0,0,0,0,0,0,0,0,,0,,,,,0,0.7,0.7
2024,REG+POST,00-0036196,G.Davis,Gabe Davis,WR,WR,"https://static.www.nfl.com/image/upload/f_auto,q_auto/league/rlmgjtfct5qjtbwcjqg6",9,JAX,0,0,0,0,0,0,0,0,0,0,0,0,,0,,,0,0,0,0,0,0,,0,20,42,239,2,1,1,565,39,13,-4.12269204573543,0,0.423008849557522,0.161538461538462,0.240221088435374,0.410462454212454,0,33.9,53.9
2024,REG+POST,00-0036212,T.Tagovailoa,Tua Tagovailoa,QB,QB,"https://static.www.nfl.com/image/upload/f_auto,q_auto/league/xzdbwt2ezmxk3pjcsr1n",11,MIA,291,399,2867,19,7,21,154,4,2,2271,1685,161,84.674154893303,2,1.26243945398503,0.145165693859368,17,49,0,3,0,5,0.472041753819212,0,0,0,0,0,0,0,0,0,0,,0,,,,,0,181.58,181.58
2024,REG+POST,00-0036223,J.Taylor,Jonathan Taylor,RB,RB,"https://static.www.nfl.com/image/upload/f_auto,q_auto/league/ye4runp84oku1vnodsa7",14,IND,0,0,0,0,0,0,0,0,0,0,0,0,,0,,,303,1431,11,2,0,71,-21.015317083567,0,18,31,136,1,1,0,-10,150,7,-11.736475287762,0,-13.6,0.092814371257485,-0.0029603315571344,0.137149324796233,0,228.7,246.7
2024,REG+POST,00-0036232,H.Bryant,Harrison Bryant,TE,TE,"https://static.www.nfl.com/image/upload/f_auto,q_auto/league/jjarmcwkadvr7tynkpuj",5,LV,0,0,0,0,0,0,0,0,0,0,0,0,,0,,,0,0,0,0,0,0,,0,9,12,86,0,0,0,41,71,5,-0.27764034923166,0,2.09756097560976,0.0731707317073171,0.0373406193078324,0.135894531076458,0,8.6,17.6
2024,REG+POST,00-0036244,C.Parkinson,Colby Parkinson,TE,TE,"https://static.www.nfl.com/image/upload/f_auto,q_auto/league/crjyx8tutyzn8bomqbdc",17,LA,0,0,0,0,0,0,0,0,0,0,0,0,,0,,,0,0,0,0,0,0,,0,34,53,316,2,0,0,277,168,16,5.54276691678303,0,1.14079422382671,0.100952380952381,0.0742229367631297,0.203384627162762,0,43.6,77.6
2024,REG+POST,00-0036251,Z.Moss,Zack Moss,RB,RB,"https://static.www.nfl.com/image/upload/f_auto,q_auto/league/oxrltdgoquiabhihhgnk",8,CIN,0,0,0,0,0,0,0,0,0,0,0,0,,0,,,74,242,2,2,1,13,-19.9914885412394,0,23,27,187,1,0,0,3,194,11,12.6665442464291,0,62.3333333333333,0.106719367588933,0.0018856065367693,0.161398975959138,0,58.9,81.9
2024,REG+POST,00-0036252,M.Pittman,Michael Pittman,WR,WR,"https://static.www.nfl.com/image/private/f_auto,q_auto/league/wnymcombo2plamteihiy",16,IND,0,0,0,0,0,0,0,0,0,0,0,0,,0,,,0,0,0,0,0,0,,0,69,111,808,3,1,1,1234,259,35,2.18544207772279,0,0.654781199351702,0.242888402625821,0.249696479158236,0.539120139349496,0,96.8,165.8
2024,REG+POST,00-0036254,C.Johnson,Collin Johnson,WR,WR,"https://static.www.nfl.com/image/upload/f_auto,q_auto/league/ijr7bal4mbsaum2lp9dq",2,CHI,0,0,0,0,0,0,0,0,0,0,0,0,,0,,,0,0,0,0,0,0,,0,1,2,6,0,0,0,16,3,1,-0.318918340955861,0,0.375,0.0327868852459016,0.0335429769392034,0.0726604117262948,0,0.6,1.6
2024,REG+POST,00-0036259,J.Jennings,Jauan Jennings,WR,WR,"https://static.www.nfl.com/image/upload/f_auto,q_auto/league/fqyzagb57zrtegmw69eb",15,SF,0,0,0,0,0,0,0,0,0,0,0,0,,0,,,0,0,0,0,0,0,,0,77,113,975,6,1,0,1119,238,47,43.23980611465,0,0.871313672922252,0.2472647702407,0.283722109533469,0.569502632034478,0,133.5,210.5
2024,REG+POST,00-0036261,B.Aiyuk,Brandon Aiyuk,WR,WR,"https://static.www.nfl.com/image/upload/f_auto,q_auto/league/qnfyhqxbppevv28hd3rx",7,SF,0,0,0,0,0,0,0,0,0,0,0,0,,0,,,0,0,0,0,0,0,,0,25,47,374,0,0,0,556,107,19,12.8143973824765,0,0.672661870503597,0.222748815165877,0.270823185582075,0.523699452656268,0,37.4,62.4
2024,REG+POST,00-0036264,J.Love,Jordan Love,QB,QB,"https://static.www.nfl.com/image/upload/f_auto,q_auto/league/a8xqle2vmsnumawdhswb",16,GB,288,458,3601,25,14,16,117,1,0,4034,1781,163,53.4704440561074,3,0.892662369856222,0.113934380992846,27,93,1,3,0,9,6.67717728787028,0,0,0,0,0,0,0,0,0,0,,0,,,,,0,237.34,237.34
2024,REG+POST,00-0036268,L.Shenault,Laviska Shenault Jr.,WR,WR,"https://static.www.nfl.com/image/upload/f_auto,q_auto/league/o3cfpcor86ghjwyn8icp",6,SEA,0,0,0,0,0,0,0,0,0,0,0,0,,0,,,1,1,0,0,0,0,-0.503968426026404,0,5,5,36,0,0,0,-10,46,2,2.91564205021132,0,0.0,0.0276243093922652,-0.0090171325518485,0.0351244713021038,1,9.7,14.7
2024,REG+POST,00-0036275,D.Swift,D'Andre Swift,RB,RB,"https://static.www.nfl.com/image/upload/f_auto,q_auto/league/xlqznrxbapcjhxxazkbx",17,CHI,0,0,0,0,0,0,0,0,0,0,0,0,,0,,,253,959,6,1,0,43,-38.9268417686981,0,42,52,386,0,1,0,2,405,12,1.80734323618701,1,193.0,0.102970297029703,0.0006307158625039,0.154896946648307,0,172.5,214.5
2024,REG+POST,00-0036290,C.Kmet,Cole Kmet,TE,TE,"https://static.www.nfl.com/image/upload/f_auto,q_auto/league/fdxpctcmwjupassg9g9d",14,CHI,0,0,0,0,0,0,0,0,0,0,0,0,,0,,,0,0,0,0,0,0,,0,47,55,474,4,0,0,393,181,25,27.9099520664242,1,1.20610687022901,0.125,0.119380315917375,0.271066221142163,0,73.4,120.4
2024,REG+POST,00-0036297,D.Evans,Darrynton Evans,RB,RB,"https://static.www.nfl.com/image/upload/f_auto,q_auto/league/akmrd72vwsbpsnuh9775",1,CHI,0,0,0,0,0,0,0,0,0,0,0,0,,0,,,3,3,0,0,0,0,-1.29481282713823,0,0,0,0,0,0,0,0,0,0,,0,,,,,0,0.3,0.3
2024,REG+POST,00-0036309,D.Mooney,Darnell Mooney,WR,WR,"https://static.www.nfl.com/image/upload/f_auto,q_auto/league/c1ixyspw0eshl3a2qrly",16,ATL,0,1,0,0,0,0,0,0,0,19,0,0,-0.423818196868524,0,0.0,,0,0,0,0,0,0,,0,64,106,992,5,0,0,1294,275,48,43.9069885450319,0,0.76661514683153,0.211155378486056,0.321890547263682,0.542056450813661,0,129.2,193.2
2024,REG+POST,00-0036322,J.Jefferson,Justin Jefferson,WR,WR,"https://static.www.nfl.com/image/upload/f_auto,q_auto/league/vrftbpzwk6qmv0zjcysg",18,MIN,1,1,22,0,0,0,0,0,0,-5,27,1,3.05090669821948,0,0.0,,1,3,0,0,0,0,-0.218719784868881,0,108,162,1591,10,1,0,1831,498,64,61.5047936455202,0,0.868924085199345,0.290843806104129,0.373597225056111,0.697783766695472,0,220.28,328.28
2024,REG+POST,00-0036328,A.Gibson,Antonio Gibson,RB,RB,"https://static.www.nfl.com/image/upload/f_auto,q_auto/league/hsjhpzgfdilf9cyrpeup",17,NE,0,0,0,0,0,0,0,0,0,0,0,0,,0,,,120,538,1,2,0,24,-10.6508576496562,0,23,29,206,0,0,0,53,213,12,2.40919735597762,0,3.88679245283019,0.0734177215189873,0.0183137525915688,0.122946209092579,0,80.4,103.4
2024,REG+POST,00-0036329,A.Davis,Ashtyn Davis,SS,DB,"https://static.www.nfl.com/image/upload/f_auto,q_auto/league/xbanhtslhiidu6nutxzc",1,NYJ,0,0,0,0,0,0,0,0,0,0,0,0,,0,,,1,21,0,0,0,1,3.93401530454867,0,0,0,0,0,0,0,0,0,0,,0,,,,,0,2.1,2.1
2024,REG+POST,00-0036331,D.Duvernay,Devin Duvernay,WR,WR,"https://static.www.nfl.com/image/upload/f_auto,q_auto/league/wynmyjmvg7cee4y6i21n",10,JAX,0,0,0,0,0,0,0,0,0,0,0,0,,0,,,4,3,0,0,0,1,-1.06709508429049,0,11,16,79,0,0,0,183,63,7,3.42231275065569,0,0.431693989071038,0.065843621399177,0.0945736434108527,0.164966982486362,0,8.2,19.2
2024,REG+POST,00-0036332,J.Deguara,Josiah Deguara,TE,TE,"https://static.www.nfl.com/image/upload/f_auto,q_auto/league/ppvzbuhwwaus50k2xyr2",3,JAX,0,0,0,0,0,0,0,0,0,0,0,0,,0,,,0,0,0,0,0,0,,0,3,3,14,0,0,0,2,12,0,-1.31369275925681,0,7.0,0.0265486725663717,0.0025906735751295,0.0416364803521482,0,1.4,4.4
2024,REG+POST,00-0036345,K.Osborn,K.J. Osborn,WR,WR,"https://static.www.nfl.com/image/upload/f_auto,q_auto/league/sbz79g8kzinzebiwzauv",6,NE,0,0,0,0,0,0,0,0,0,0,0,0,,0,,,0,0,0,0,0,0,,0,7,18,57,1,0,0,107,16,2,-7.30676349862729,0,0.532710280373832,0.107784431137725,0.0895397489539749,0.224354470974369,0,11.7,18.7
2024,REG+POST,00-0036355,J.Herbert,Justin Herbert,QB,QB,"https://static.www.nfl.com/image/upload/f_auto,q_auto/league/vvwim9hpgq1zs3bufmr0",18,LAC,346,536,4112,24,7,45,275,4,1,4740,1800,184,45.9052179331471,3,0.867510548523207,0.0968181277640795,69,306,2,2,1,23,5.11319123656043,0,0,0,0,0,0,0,0,0,0,,0,,,,,0,291.08,291.08
2024,REG+POST,00-0036358,C.Lamb,CeeDee Lamb,WR,WR,"https://static.www.nfl.com/image/upload/f_auto,q_auto/league/tfuj9njqdw2dovkwhryc",15,DAL,0,0,0,0,0,0,0,0,0,0,0,0,,0,,,14,70,0,0,0,4,-3.84035386113101,0,101,152,1194,6,1,1,1190,537,54,19.6780450638385,1,1.00336134453782,0.271428571428571,0.291309669522644,0.611059625808708,0,162.4,263.4
2024,REG+POST,00-0036360,C.Edwards-Helaire,Clyde Edwards-Helaire,RB,RB,"https://static.www.nfl.com/image/upload/f_auto,q_auto/league/lgwe3vcpwh3db31b2obg",2,NO,0,0,0,0,0,0,0,0,0,0,0,0,,0,,,13,46,0,0,0,2,-1.9589731086744,0,3,5,24,0,0,0,-4,35,1,0.482119619089644,0,-6.0,0.0684931506849315,-0.0161290322580645,0.0914494034467521,0,7.0,10.0
2024,REG+POST,00-0036370,J.Kelley,Joshua Kelley,RB,RB,"https://static.www.nfl.com/image/private/f_auto,q_auto/league/fsu6gqcltgnofaakmq6u",1,TEN,0,0,0,0,0,0,0,0,0,0,0,0,,0,,,1,2,0,0,0,0,-0.386650822241791,0,0,0,0,0,0,0,0,0,0,,0,,,,,0,0.2,0.2
2024,REG+POST,00-0036387,J.Reagor,Jalen Reagor,WR,WR,"https://static.www.nfl.com/image/upload/f_auto,q_auto/league/myazqfr7pzfyofksuyet",7,LAC,0,0,0,0,0,0,0,0,0,0,0,0,,0,,,3,-3,0,0,0,0,-2.34163665992674,0,7,12,100,0,1,1,123,26,3,-7.27586233012443,0,0.813008130081301,0.0574162679425837,0.0598540145985402,0.128022212132854,0,7.7,14.7
2024,REG+POST,00-0036389,J.Hurts,Jalen Hurts,QB,QB,"https://static.www.nfl.com/image/upload/f_auto,q_auto/league/k2p5yb4qmqwoo3qcapgt",19,PHI,313,452,3629,23,6,51,371,6,3,3431,1760,174,67.2174037891212,0,1.05770912270475,0.15978351582852,184,824,19,4,2,76,53.6337455314538,0,0,0,0,0,0,0,0,0,0,,0,,,,,0,411.56,411.56
2024,REG+POST,00-0036407,J.Jeudy,Jerry Jeudy,WR,WR,"https://static.www.nfl.com/image/upload/f_auto,q_auto/league/szca1v9butuqkjs7ekpm",17,CLE,0,0,0,0,0,0,0,0,0,0,0,0,,0,,,0,0,0,0,0,0,,0,90,145,1229,4,0,0,1611,387,57,37.6395588668923,2,0.762880198634389,0.228706624605678,0.322071171531387,0.568509756980489,0,150.9,240.9
2024,REG+POST,00-0036410,T.Higgins,Tee Higgins,WR,WR,"https://static.www.nfl.com/image/upload/f_auto,q_auto/league/swqgkrdmjecz3vumrex5",12,CIN,0,0,0,0,0,0,0,0,0,0,0,0,,0,,,0,0,0,0,0,0,,0,73,109,911,10,1,1,1067,228,48,57.3482959927986,0,0.853795688847235,0.248858447488585,0.339484568883233,0.61092686945114,0,149.1,222.1
2024,REG+POST,00-0036414,C.Akers,Cam Akers,RB,RB,"https://static.www.nfl.com/image/upload/f_auto,q_auto/league/dutj0wamu7giwghnmr4m",16,MIN,0,0,0,0,0,0,0,0,0,0,0,0,,0,,,109,483,2,1,1,22,-18.873483732692,0,14,18,68,3,0,0,-27,83,4,-1.02218853071491,0,-2.51851851851852,0.0557275541795666,-0.0108739428111156,0.0759795713015689,0,83.1,97.1
2024,REG+POST,00-0036415,V.Jefferson,Van Jefferson,WR,WR,"https://static.www.nfl.com/image/upload/f_auto,q_auto/league/v2vkt9htky3xawu8yskx",16,PIT,0,0,0,0,0,0,0,0,0,0,0,0,,0,,,0,0,0,0,0,0,,0,26,42,313,3,0,0,502,78,13,5.46416659253032,0,0.623505976095618,0.0972222222222222,0.146270396270396,0.248222610722611,0,49.3,75.3
2024,REG+POST,00-0036422,A.Trautman,Adam Trautman,TE,TE,"https://static.www.nfl.com/image/upload/f_auto,q_auto/league/qvqigum2qjhil0z3er2c",14,DEN,0,0,0,0,0,0,0,0,0,0,0,0,,0,,,0,0,0,0,0,0,,0,14,23,190,2,0,0,127,98,8,5.49940689236973,0,1.49606299212598,0.0507726269315673,0.0405232929164008,0.104525245438832,0,31.0,45.0
2024,REG+POST,00-0036425,D.Dallas,DeeJay Dallas,RB,RB,"https://static.www.nfl.com/image/upload/f_auto,q_auto/league/qsij89kqrxap0jba9zwh",7,ARI,0,0,0,0,0,0,0,0,0,0,0,0,,0,,,9,49,0,0,0,4,1.28107167757116,0,3,3,11,1,0,0,-9,20,1,1.62032140587689,0,-1.22222222222222,0.0283018867924528,-0.0125173852573018,0.033690660508568,1,18.0,21.0
2024,REG+POST,00-0036427,T.Johnson,Tyler Johnson,WR,WR,"https://static.www.nfl.com/image/upload/f_auto,q_auto/league/vktiajeyqc8s9s6mjws7",11,LA,0,0,0,0,0,0,0,0,0,0,0,0,,0,,,0,0,0,0,0,0,,0,26,41,291,1,0,0,229,183,10,-2.66421960092078,0,1.2707423580786,0.112021857923497,0.0861874294316899,0.228363987487429,0,35.1,61.1
2024,REG+POST,00-0036429,C.Woerner,Charlie Woerner,TE,TE,"https://static.www.nfl.com/image/upload/f_auto,q_auto/league/hllqdtlyjbs2gbdgn6lj",8,ATL,0,0,0,0,0,0,0,0,0,0,0,0,,0,,,0,0,0,0,0,0,,0,7,12,46,0,0,0,35,21,3,-5.70739780773874,0,1.31428571428571,0.05,0.017156862745098,0.0870098039215686,0,4.6,11.6
2024,REG+POST,00-0036438,S.Sullivan,Stephen Sullivan,TE,TE,"https://static.www.nfl.com/image/upload/f_auto,q_auto/league/miipmedtauhxf4tmilcs",1,CAR,0,0,0,0,0,0,0,0,0,0,0,0,,0,,,0,0,0,0,0,0,,0,0,1,0,0,0,0,16,0,0,-0.532159550348297,0,0.0,0.024390243902439,0.0399002493765586,0.0645155404172496,0,0.0,0.0
2024,REG+POST,00-0036442,J.Burrow,Joe Burrow,QB,QB,"https://static.www.nfl.com/image/private/f_auto,q_auto/league/jzzqz5ubkilrn9dpxtlp",17,CIN,460,652,4918,43,9,48,278,9,5,4614,2192,253,117.020955424456,0,1.06588643259645,0.168663531878038,42,201,2,2,0,16,16.0528189284669,0,0,0,0,0,0,0,0,0,0,,0,,,,,0,372.82,372.82
2024,REG+POST,00-0036450,K.Vaughn,Ke'Shawn Vaughn,RB,RB,"https://static.www.nfl.com/image/private/f_auto,q_auto/league/npa1msmoqbig9cqznkti",1,SF,0,0,0,0,0,0,0,0,0,0,0,0,,0,,,2,4,0,0,0,0,-0.63253441057168,0,0,0,0,0,0,0,0,0,0,,0,,,,,0,0.4,0.4
2024,REG+POST,00-0036463,C.Blair,Chris Blair,WR,WR,"https://static.www.nfl.com/image/upload/f_auto,q_auto/league/kmm35wgunwdsmrywpatc",2,ATL,0,0,0,0,0,0,0,0,0,0,0,0,,0,,,0,0,0,0,0,0,,0,1,2,17,0,0,0,37,0,1,-3.77774241857696,0,0.45945945945946,0.0327868852459016,0.0620805369127517,0.0926367037077786,0,1.7,2.7
2024,REG+POST,00-0036497,T.Jones,Tim Jones,WR,WR,"https://static.www.nfl.com/image/private/f_auto,q_auto/league/aufwsgk6syholp9f7dy6",3,JAX,0,0,0,0,0,0,0,0,0,0,0,0,,0,,,0,0,0,0,0,0,,0,3,5,41,0,0,0,40,17,3,1.99419450061396,0,1.025,0.0617283950617284,0.0583090379008746,0.133408919123205,0,4.1,7.1
2024,REG+POST,00-0036510,K.Yeboah,Kenny Yeboah,TE,TE,"https://static.www.nfl.com/image/upload/f_auto,q_auto/league/zjdw9hyw3jc7pmjf5nbv",6,NYJ,0,0,0,0,0,0,0,0,0,0,0,0,,0,,,0,0,0,0,0,0,,0,5,8,47,1,0,0,37,34,3,2.71854370698566,0,1.27027027027027,0.0396039603960396,0.0346766635426429,0.0836796050739095,0,10.7,15.7
2024,REG+POST,00-0036527,D.Turner,D.J. Turner,WR,WR,"https://static.www.nfl.com/image/upload/f_auto,q_auto/league/os5eurhh1y45sixa8phl",10,LV,0,0,0,0,0,0,0,0,0,0,0,0,,0,,,5,33,1,0,0,1,0.922777941508684,0,16,29,158,1,0,0,255,83,9,-11.2915538554032,0,0.619607843137255,0.0935483870967742,0.156923076923077,0.250168734491315,0,31.1,47.1
2024,REG+POST,00-0036534,S.Zylstra,Shane Zylstra,TE,TE,"https://static.www.nfl.com/image/private/f_auto,q_auto/league/e6np1mvcmbxp76d7lbqy",1,DET,0,0,0,0,0,0,0,0,0,0,0,0,,0,,,0,0,0,0,0,0,,0,1,1,22,0,0,0,9,13,1,1.24364188639447,0,2.44444444444444,0.032258064516129,0.0348837209302326,0.0728057014253563,0,2.2,3.2
2024,REG+POST,00-0036550,R.Bateman,Rashod Bateman,WR,WR,"https://static.www.nfl.com/image/upload/f_auto,q_auto/league/jkcapzvd65fxivefjv8l",18,BAL,0,0,0,0,0,0,0,0,0,0,0,0,,0,,,0,0,0,0,0,0,,0,51,79,846,11,0,0,1080,197,39,52.009102843983,0,0.783333333333333,0.169527896995708,0.264252507952043,0.439268601059992,0,150.6,201.6
2024,REG+POST,00-0036554,N.Collins,Nico Collins,WR,WR,"https://static.www.nfl.com/image/upload/f_auto,q_auto/league/q7c9aq8rpremfygslmya",14,HOU,0,0,0,0,0,0,0,0,0,0,0,0,,0,,,0,0,0,0,0,0,,0,80,115,1209,8,0,0,1297,432,59,58.8150609267903,0,0.932151117964534,0.25,0.356710671067107,0.624697469746975,0,168.9,248.9
2024,REG+POST,00-0036555,C.Hubbard,Chuba Hubbard,RB,RB,"https://static.www.nfl.com/image/upload/f_auto,q_auto/league/oyis5zooijf0xfme9csj",15,CAR,0,0,0,0,0,0,0,0,0,0,0,0,,0,,,250,1195,10,1,1,62,9.69687744641844,1,43,54,171,1,3,2,-65,245,10,-22.2440359072643,0,-2.63076923076923,0.144385026737968,-0.0251742835011619,0.198955541656139,0,198.6,241.6
2024,REG+POST,00-0036556,B.Jordan,Brevin Jordan,TE,TE,"https://static.www.nfl.com/image/upload/f_auto,q_auto/league/sw6kge0me7ei8opbvfjq",2,HOU,0,0,0,0,0,0,0,0,0,0,0,0,,0,,,0,0,0,0,0,0,,0,2,3,7,0,0,0,1,3,1,1.45120431156829,0,7.0,0.0461538461538462,0.0019762845849802,0.0706141684402554,0,0.7,2.7
2024,REG+POST,00-0036563,D.Lenoir,Deommodore Lenoir,CB,DB,"https://static.www.nfl.com/image/upload/f_auto,q_auto/league/p3i2vathgbtmnomt3eip",1,SF,0,0,0,0,0,0,0,0,0,0,0,0,,0,,,0,0,0,0,0,0,,0,0,0,0,0,0,0,0,0,0,,0,,,,,1,6.0,6.0
2024,REG+POST,00-0036590,Q.Morris,Quintin Morris,TE,TE,"https://static.www.nfl.com/image/upload/f_auto,q_auto/league/ftrqrbuqecl9yhcqrcmw",5,BUF,0,0,0,0,0,0,0,0,0,0,0,0,,0,,,0,0,0,0,0,0,,0,5,8,36,1,0,0,74,22,3,1.33438812531836,0,0.486486486486487,0.0533333333333333,0.0776495278069255,0.134354669464848,0,9.6,14.6
2024,REG+POST,00-0036613,J.Waddle,Jaylen Waddle,WR,WR,"https://static.www.nfl.com/image/private/f_auto,q_auto/league/qjsz2h6shbdnksctzeka",15,MIA,0,0,0,0,0,0,0,0,0,0,0,0,,0,,,4,12,0,0,0,1,-0.143261743331095,0,58,83,744,2,0,0,827,236,38,38.0498419702437,2,0.899637243047159,0.161793372319688,0.252750611246944,0.419615486352393,0,91.6,149.6
2024,REG+POST,00-0036620,D.Eskridge,D'Wayne Eskridge,WR,WR,"https://static.www.nfl.com/image/upload/f_auto,q_auto/league/rtcgfdtbltkjwicxryl8",3,MIA,0,0,0,0,0,0,0,0,0,0,0,0,,0,,,0,0,0,0,0,0,,0,3,3,44,0,0,0,15,29,2,3.12941547005903,0,2.93333333333333,0.032258064516129,0.0281425891181989,0.0680869091569328,0,4.4,7.4
2024,REG+POST,00-0036626,D.Brown,Dyami Brown,WR,WR,"https://static.www.nfl.com/image/upload/f_auto,q_auto/league/mibh7ud59ygmzm19ivac",18,WAS,0,1,0,0,0,0,0,0,0,36,0,0,-0.429860370699316,0,0.0,,3,26,0,0,0,1,1.32390876603313,0,44,58,537,2,3,2,483,309,22,11.1725499575632,0,1.11180124223602,0.104882459312839,0.11800635230882,0.239928135585433,0,64.3,108.3
2024,REG+POST,00-0036628,J.Bates,John Bates,TE,TE,"https://static.www.nfl.com/image/upload/f_auto,q_auto/league/edpnkleev10rpzfgjakv",13,WAS,0,0,0,0,0,0,0,0,0,0,0,0,,0,,,0,0,0,0,0,0,,0,11,18,115,0,1,1,89,54,5,0.828427156870021,0,1.29213483146067,0.0425531914893617,0.0312171168011224,0.0856817689948282,0,9.5,20.5
2024,REG+POST,00-0036630,T.Wallace,Tylan Wallace,WR,WR,"https://static.www.nfl.com/image/upload/f_auto,q_auto/league/e3ghtadqh39zhu0iieht",10,BAL,0,0,0,0,0,0,0,0,0,0,0,0,,0,,,0,0,0,0,0,0,,0,13,15,241,1,1,0,100,153,7,15.510837229609,0,2.41,0.0547445255474453,0.0389863547758285,0.109407236664248,0,30.1,43.1
2024,REG+POST,00-0036635,I.Smith-Marsette,Ihmir Smith-Marsette,WR,WR,"https://static.www.nfl.com/image/upload/f_auto,q_auto/league/jiygo0pmglxgropuaqwg",1,NYG,0,0,0,0,0,0,0,0,0,0,0,0,,0,,,0,0,0,0,0,0,,0,0,0,0,0,0,0,0,0,0,,0,,,,,1,6.0,6.0
2024,REG+POST,00-0036637,N.Gray,Noah Gray,TE,TE,"https://static.www.nfl.com/image/upload/f_auto,q_auto/league/erihh0eiq4m76k2ejvax",18,KC,0,0,0,0,0,0,0,0,0,0,0,0,,0,,,1,-4,0,0,0,0,-1.48386008129455,0,44,53,452,5,0,0,320,214,25,21.5833291358722,0,1.4125,0.087603305785124,0.0875512995896033,0.192690868390408,0,74.8,118.8
2024,REG+POST,00-0036640,Z.Davidson,Zach Davidson,TE,TE,"https://static.www.nfl.com/image/upload/f_auto,q_auto/league/cxvetoci2tfigdcu27bf",2,BUF,0,0,0,0,0,0,0,0,0,0,0,0,,0,,,0,0,0,0,0,0,,0,1,2,5,0,0,0,10,2,0,-0.715841856901534,0,0.5,0.0357142857142857,0.0264550264550265,0.0720899470899471,0,0.5,1.5
2024,REG+POST,00-0036646,S.Fehoko,Simi Fehoko,WR,WR,"https://static.www.nfl.com/image/upload/f_auto,q_auto/league/fcso2vvp9tgqjm30qmuq",5,LAC,0,0,0,0,0,0,0,0,0,0,0,0,,0,,,0,0,0,0,0,0,,0,6,16,106,0,0,0,236,16,6,2.68425364916416,0,0.449152542372881,0.111888111888112,0.191247974068071,0.301705749679818,0,10.6,16.6
2024,REG+POST,00-0036670,J.Jefferson,Jermar Jefferson,RB,RB,"https://static.www.nfl.com/image/upload/f_auto,q_auto/league/bkgrgirrdwlm05vqg74b",2,DET,0,0,0,0,0,0,0,0,0,0,0,0,,0,,,6,22,0,0,0,1,-0.785035908455029,0,1,1,10,0,0,0,0,10,1,0.488208144903183,0,0.0,0.03125,,,0,3.2,4.2
2024,REG+POST,00-0036727,A.Prentice,Adam Prentice,FB,RB,"https://static.www.nfl.com/image/upload/f_auto,q_auto/league/yiwqv2dccizjdkw1dmye",4,NO,0,0,0,0,0,0,0,0,0,0,0,0,,0,,,0,0,0,0,0,0,,0,0,4,0,0,0,0,4,0,0,-2.76221706795447,0,0.0,0.0347826086956522,0.006060606060606,0.0564163372859025,0,0.0,0.0
2024,REG+POST,00-0036741,J.Stoll,Jack Stoll,TE,TE,"https://static.www.nfl.com/image/upload/f_auto,q_auto/league/yfzlbe9pmziykcmgaoj3",2,PHI,0,0,0,0,0,0,0,0,0,0,0,0,,0,,,0,0,0,0,0,0,,0,2,3,10,0,0,0,12,2,0,-0.642695738060866,0,0.833333333333333,0.0625,0.0277136258660508,0.113149538106236,0,1.0,3.0
2024,REG+POST,00-0036754,B.Wright,Brock Wright,TE,TE,"https://static.www.nfl.com/image/upload/f_auto,q_auto/league/irowew9hgqaa9vcd8fri",10,DET,0,0,0,0,0,0,0,0,0,0,0,0,,0,,,0,0,0,0,0,0,,0,13,16,100,2,0,0,81,75,7,3.07957599830115,0,1.23456790123457,0.0594795539033457,0.0513307984790875,0.12515088979038,0,22.0,35.0
2024,REG+POST,00-0036825,F.Franks,Feleipe Franks,TE,TE,"https://static.www.nfl.com/image/upload/f_auto,q_auto/league/ylaifrye1yyefjfqknma",3,CAR,0,0,0,0,0,0,0,0,0,0,0,0,,0,,,0,0,0,0,0,0,,0,1,3,12,0,0,0,49,0,1,-2.87562593526673,0,0.244897959183673,0.0258620689655172,0.0483711747285291,0.0726529257582463,0,1.2,2.2
2024,REG+POST,00-0036841,A.Trammell,Austin Trammell,WR,WR,"https://static.www.nfl.com/image/upload/f_auto,q_auto/league/spxcsfhejojjtk2ruqbw",1,JAX,0,0,0,0,0,0,0,0,0,0,0,0,,0,,,0,0,0,0,0,0,,0,2,3,40,0,0,0,44,9,2,2.74440120303188,0,0.909090909090909,0.1,0.164794007490637,0.265355805243446,0,4.0,6.0
2024,REG+POST,00-0036842,K.Nwangwu,Kene Nwangwu,RB,RB,"https://static.www.nfl.com/image/upload/f_auto,q_auto/league/eti2uf3a3u1igqoornct",1,NYJ,0,0,0,0,0,0,0,0,0,0,0,0,,0,,,0,0,0,0,0,0,,0,0,0,0,0,0,0,0,0,0,,0,,,,,1,6.0,6.0
2024,REG+POST,00-0036849,T.Atwell,Tutu Atwell,WR,WR,"https://static.www.nfl.com/image/upload/f_auto,q_auto/league/hpvbp9pn7ifbh62nde0n",16,LA,0,1,0,0,0,0,0,0,0,34,0,0,-0.511101376265287,0,0.0,,2,7,0,0,0,0,-0.860710165579803,0,43,63,580,0,0,0,759,126,30,20.1724643951579,0,0.764163372859025,0.1237721021611,0.190035052578868,0.318682690046858,0,58.7,101.7
2024,REG+POST,00-0036862,B.Skowronek,Ben Skowronek,WR,WR,"https://static.www.nfl.com/image/upload/f_auto,q_auto/league/piiqiz29g3jukdwkihw3",4,PIT,0,0,0,0,0,0,0,0,0,0,0,0,,0,,,0,0,0,0,0,0,,0,5,5,69,0,0,0,40,29,4,6.3531590475468,0,1.725,0.0434782608695652,0.0557103064066852,0.104214605789027,0,6.9,11.9
2024,REG+POST,00-0036875,R.Stevenson,Rhamondre Stevenson,RB,RB,"https://static.www.nfl.com/image/private/f_auto,q_auto/league/ro2fqabc4qndtnxykvm7",15,NE,0,0,0,0,0,0,0,0,0,0,0,0,,0,,,207,801,7,6,3,40,-37.8557529582252,0,33,41,168,1,1,0,-41,237,8,5.27968738250146,2,-4.09756097560976,0.0983213429256595,-0.0143910143910144,0.137408304314779,0,142.9,175.9
2024,REG+POST,00-0036876,K.Granson,Kylen Granson,TE,TE,"https://static.www.nfl.com/image/upload/f_auto,q_auto/league/rydvwc7sqwucvx14s8b4",14,IND,0,0,0,0,0,0,0,0,0,0,0,0,,0,,,0,0,0,0,0,0,,0,14,31,182,0,0,0,352,109,8,-8.41804032411579,0,0.517045454545455,0.0759803921568627,0.0786416443252904,0.169019739262997,0,18.2,32.2
2024,REG+POST,00-0036877,J.Darden,Jaelon Darden,WR,WR,"https://static.www.nfl.com/image/upload/f_auto,q_auto/league/po3sqw0b1qwonkg80lrf",1,CLE,0,0,0,0,0,0,0,0,0,0,0,0,,0,,,0,0,0,0,0,0,,0,1,1,6,0,0,0,-3,9,1,0.736790606519207,0,0.0,0.0434782608695652,-0.0230769230769231,0.0490635451505017,0,0.6,1.6
2024,REG+POST,00-0036880,P.Sewell,Penei Sewell,T,OL,"https://static.www.nfl.com/image/upload/f_auto,q_auto/league/nrhm0ayuzp9wkzfvy9nm",1,DET,0,0,0,0,0,1,1,0,0,0,0,0,-0.975853093783371,0,,,0,0,0,0,0,0,,0,0,0,0,0,0,0,0,0,0,,0,,,,,0,0.0,0.0
2024,REG+POST,00-0036887,L.Farrell,Luke Farrell,TE,TE,"https://static.www.nfl.com/image/upload/f_auto,q_auto/league/f2z7wpmx7ngtxcqqedla",10,JAX,0,0,0,0,0,0,0,0,0,0,0,0,,0,,,0,0,0,0,0,0,,0,12,17,67,0,0,0,82,30,4,-4.63900519255549,0,0.817073170731707,0.0524691358024691,0.027287853577371,0.0978052012078634,0,6.7,18.7
2024,REG+POST,00-0036893,N.Harris,Najee Harris,RB,RB,"https://static.www.nfl.com/image/upload/f_auto,q_auto/league/pdyv1dfyb1w0tmvnkp3v",18,PIT,0,0,0,0,0,0,0,0,0,0,0,0,,0,,,269,1060,6,0,0,51,-18.3108754303539,0,39,51,324,0,0,0,-78,378,14,7.53084110765485,0,-4.15384615384615,0.11697247706422,-0.0235578375113259,0.158968229338402,0,174.4,213.4
2024,REG+POST,00-0036894,P.Freiermuth,Pat Freiermuth,TE,TE,"https://static.www.nfl.com/image/upload/f_auto,q_auto/league/sozfjyy3bmntjv8tmqah",18,PIT,0,0,0,0,0,0,0,0,0,0,0,0,,0,,,0,0,0,0,0,0,,0,68,82,668,7,3,2,491,284,32,32.7931731093973,0,1.36048879837067,0.168724279835391,0.128164969981728,0.342801898740296,0,104.8,172.8
2024,REG+POST,00-0036898,D.Mills,Davis Mills,QB,QB,"https://static.www.nfl.com/image/upload/f_auto,q_auto/league/ednftvn7qywdim05j7u5",4,HOU,20,36,212,0,0,2,18,0,0,223,72,9,-5.21263952628942,0,0.95067264573991,-0.0014594142718338,3,11,0,0,0,1,-1.13970202690689,0,0,0,0,0,0,0,0,0,0,,0,,,,,0,9.58,9.58
2024,REG+POST,00-0036900,J.Chase,Ja'Marr Chase,WR,WR,"https://static.www.nfl.com/image/upload/f_auto,q_auto/league/qkcb3qt2fhasfgtfuprd",17,CIN,0,0,0,0,0,0,0,0,0,0,0,0,,0,,,3,32,0,0,0,2,2.02173203870188,0,127,175,1708,17,0,0,1526,787,75,77.0104412978267,0,1.11926605504587,0.278662420382166,0.337237569060773,0.65405992891579,0,276.0,403.0
2024,REG+POST,00-0036906,K.Herbert,Khalil Herbert,RB,RB,"https://static.www.nfl.com/image/upload/f_auto,q_auto/league/rz6zmdluhpsaylbvmpgr",8,CIN,0,0,0,0,0,0,0,0,0,0,0,0,,0,,,36,130,1,0,0,10,2.05374996678061,0,10,11,25,0,1,0,-23,44,0,-3.99138828425203,0,-1.08695652173913,0.0894308943089431,-0.0323943661971831,0.111470285125386,0,21.5,31.5
2024,REG+POST,00-0036912,D.Smith,DeVonta Smith,WR,WR,"https://static.www.nfl.com/image/upload/f_auto,q_auto/league/bmdflwy52nsk7zpnfhwb",17,PHI,0,0,0,0,0,0,0,0,0,0,0,0,,0,,,1,1,0,0,0,0,-0.474341305787675,0,84,106,1023,9,0,0,940,364,49,72.9258366762303,0,1.08829787234043,0.267002518891688,0.302348021871985,0.612147393647921,0,156.4,240.4
2024,REG+POST,00-0036913,K.Toney,Kadarius Toney,WR,WR,"https://static.www.nfl.com/image/upload/f_auto,q_auto/league/nuwjpint0g5wejogudt4",2,CLE,0,0,0,0,0,0,0,0,0,0,0,0,,0,,,2,-4,0,0,0,0,-1.60571747412905,0,0,1,0,0,0,0,-5,0,0,-0.514176621800289,0,0.0,0.0175438596491228,-0.0101626016260163,0.0192019683354728,0,-0.4,-0.4
2024,REG+POST,00-0036919,K.Gainwell,Kenneth Gainwell,RB,RB,"https://static.www.nfl.com/image/upload/f_auto,q_auto/league/prer0j0tkzsdva1yrd0i",20,PHI,0,0,0,0,0,0,0,0,0,0,0,0,,0,,,88,332,1,0,0,15,-13.6306470808123,0,19,25,142,0,0,0,15,142,6,3.82802058153902,0,9.46666666666667,0.0629722921914358,0.0047801147227533,0.097804518593081,0,53.4,72.4
2024,REG+POST,00-0036924,M.Carter,Michael Carter,RB,RB,"https://static.www.nfl.com/image/upload/f_auto,q_auto/league/wylipaunq6cueyj8h1in",3,ARI,0,0,0,0,0,0,0,0,0,0,0,0,,0,,,35,131,1,0,0,9,-0.478533695780356,0,11,11,57,0,0,0,-16,73,2,0.957828634709585,0,-3.5625,0.10377358490566,-0.0222531293463143,0.140083186816071,0,24.8,35.8
2024,REG+POST,00-0036928,K.Trask,Kyle Trask,QB,QB,"https://static.www.nfl.com/image/upload/f_auto,q_auto/league/bnraldiwx6rqfbawxkvs",3,TB,1,1,5,0,0,0,0,0,0,-3,8,0,0.297810939140618,0,0.0,,5,-4,0,0,0,0,-6.62303357804194,0,0,0,0,0,0,0,0,0,0,,0,,,,,0,-0.2,-0.2
2024,REG+POST,00-0036945,J.Fields,Justin Fields,QB,QB,"https://static.www.nfl.com/image/upload/f_auto,q_auto/league/vqcvybvs1vlqhkjvujbg",11,PIT,106,162,1106,5,1,16,124,2,1,1256,520,45,8.06952586026961,0,0.880573248407643,0.0970631713952536,62,289,5,4,0,19,2.4346262689508,0,0,0,0,0,0,0,0,0,0,,0,,,,,0,119.14,119.14
2024,REG+POST,00-0036955,T.Marshall,Terrace Marshall,WR,WR,"https://static.www.nfl.com/image/private/f_auto,q_auto/league/wyzlucfowqdntj6nkh7m",5,LV,0,0,0,0,0,0,0,0,0,0,0,0,,0,,,0,0,0,0,0,0,,0,3,6,41,0,0,0,52,4,1,-0.519154131414975,0,0.788461538461538,0.0342857142857143,0.0369580668088131,0.0772992181947406,0,4.1,7.1
2024,REG+POST,00-0036963,A.St. Brown,Amon-Ra St. Brown,WR,WR,"https://static.www.nfl.com/image/upload/f_auto,q_auto/league/jmfuamqblg8jag0stpnq",18,DET,1,1,7,1,0,0,0,0,0,5,2,1,1.72411598067265,0,1.4,,2,6,0,0,0,1,-0.637610856909305,0,123,151,1400,12,1,1,1170,473,78,106.900665692604,0,1.1965811965812,0.269162210338681,0.306684141546527,0.61842221459059,0,214.88,337.88
2024,REG+POST,00-0036970,K.Pitts,Kyle Pitts,TE,TE,"https://static.www.nfl.com/image/upload/f_auto,q_auto/league/t8ymqyhvv8i1r80jyhy2",17,ATL,0,0,0,0,0,0,0,0,0,0,0,0,,0,,,0,0,0,0,0,0,,0,47,74,602,4,0,0,623,272,21,6.94350622568147,0,0.966292134831461,0.137291280148423,0.140378548895899,0.304201904449764,0,84.2,131.2
2024,REG+POST,00-0036971,T.Lawrence,Trevor Lawrence,QB,QB,"https://static.www.nfl.com/image/upload/f_auto,q_auto/league/ftznnho2rk2xzrculbob",10,JAX,172,284,2045,11,7,18,140,3,1,2658,834,97,3.90157262062849,3,0.769375470278405,0.0601236935971932,26,119,3,0,0,13,8.41078275876856,0,0,0,0,0,0,0,0,0,0,,0,,,,,0,145.7,145.7
2024,REG+POST,00-0036972,M.Jones,Mac Jones,QB,QB,"https://static.www.nfl.com/image/upload/f_auto,q_auto/league/pedpdxybeus7mrovsoko",10,JAX,171,262,1672,8,8,14,100,1,1,1928,908,77,-2.45746966445156,1,0.867219917012448,0.0442028600507373,28,92,1,1,1,12,0.699630168265348,0,0,0,0,0,0,0,0,0,0,,0,,,,,0,96.08,96.08
2024,REG+POST,00-0036973,T.Etienne,Travis Etienne,RB,RB,"https://static.www.nfl.com/image/private/f_auto,q_auto/league/ne5lyv8n6elqw77yrz9w",15,JAX,0,0,0,0,0,0,0,0,0,0,0,0,,0,,,150,558,2,1,1,31,-26.5625049911323,0,39,52,254,0,0,0,4,296,13,-4.94261641475348,0,63.5,0.110169491525424,0.0009871668311944,0.165945254069972,0,91.2,130.2
2024,REG+POST,00-0036980,E.Moore,Elijah Moore,WR,WR,"https://static.www.nfl.com/image/private/f_auto,q_auto/league/bhwvzckfhhcqhb7zdqyj",17,CLE,0,0,0,0,0,0,0,0,0,0,0,0,,0,,,1,1,0,0,0,0,-0.435511637479067,0,61,102,538,1,0,0,950,133,25,-36.9109757365239,0,0.566315789473684,0.160883280757098,0.189924030387845,0.374271742407138,0,59.9,120.9
2024,REG+POST,00-0036984,T.Sermon,Trey Sermon,RB,RB,"https://static.www.nfl.com/image/upload/f_auto,q_auto/league/freievsvipthuvrwn7uw",14,IND,0,0,0,0,0,0,0,0,0,0,0,0,,0,,,56,159,2,0,0,14,-11.2412899742813,0,16,19,99,0,0,0,6,99,3,-5.47003173385129,0,16.5,0.0574018126888218,0.0019736842105263,0.0874842979806011,0,37.8,53.8
2024,REG+POST,00-0036988,J.Palmer,Josh Palmer,WR,WR,"https://static.www.nfl.com/image/upload/f_auto,q_auto/league/dexbsmmldvsqtr83or5l",15,LAC,0,0,0,0,0,0,0,0,0,0,0,0,,0,,,0,0,0,0,0,0,,0,39,65,584,1,0,0,991,101,28,25.219709030052,2,0.589303733602422,0.148741418764302,0.260789473684211,0.4056647597254,0,68.4,107.4
2024,REG+POST,00-0036990,D.Deablo,Divine Deablo,MLB,LB,"https://static.www.nfl.com/image/upload/f_auto,q_auto/league/mjmvbtpxfzsetnmluwgi",1,LV,0,0,0,0,0,0,0,0,0,0,0,0,,0,,,0,0,0,0,0,0,,0,1,1,34,0,0,0,4,30,1,4.33391802990809,0,8.5,0.0217391304347826,0.0158102766798419,0.0436758893280632,0,3.4,4.4
2024,REG+POST,00-0036997,J.Williams,Javonte Williams,RB,RB,"https://static.www.nfl.com/image/upload/f_auto,q_auto/league/dm8qipfrz2nes9kgpcyp",18,DEN,0,0,0,0,0,0,0,0,0,0,0,0,,0,,,146,542,4,2,2,30,-24.8372960578792,0,54,72,360,0,0,0,-28,408,14,-5.38048812849913,0,-12.8571428571429,0.125874125874126,-0.008170411438576,0.183091900804186,0,110.2,164.2
2024,REG+POST,00-0037004,H.Long,Hunter Long,TE,TE,"https://static.www.nfl.com/image/upload/f_auto,q_auto/league/zfovepcmlr4bkmm96wgp",8,LA,0,0,0,0,0,0,0,0,0,0,0,0,,0,,,0,0,0,0,0,0,,0,8,11,73,0,0,0,80,30,3,2.63647223776206,0,0.9125,0.0443548387096774,0.0391389432485323,0.0939295183384887,1,13.3,21.3
2024,REG+POST,00-0037005,T.Tremble,Tommy Tremble,TE,TE,"https://static.www.nfl.com/image/upload/f_auto,q_auto/league/jn0kmd8lg9hu4fjnnat9",10,CAR,0,0,0,0,0,0,0,0,0,0,0,0,,0,,,0,0,0,0,0,0,,0,23,32,234,2,1,1,182,125,12,4.98920218417994,0,1.28571428571429,0.0987654320987654,0.0705426356589147,0.197527993109388,0,33.4,56.4
2024,REG+POST,00-0037012,T.Lance,Trey Lance,QB,QB,"https://static.www.nfl.com/image/upload/f_auto,q_auto/league/fas0q1ssb3ihak6pduet",4,DAL,25,41,266,0,1,4,23,0,0,268,149,13,-8.36433636120222,0,0.992537313432836,-0.0136038274241702,11,41,0,0,0,3,-2.11646263179136,0,0,0,0,0,0,0,0,0,0,,0,,,,,0,12.74,12.74
2024,REG+POST,00-0037077,S.Howell,Sam Howell,QB,QB,"https://static.www.nfl.com/image/upload/f_auto,q_auto/league/xd9l7dbtwz8bpvygmcab",1,SEA,5,14,24,0,1,4,21,0,0,83,7,1,-15.5729183114717,0,0.289156626506024,-0.124510162997575,1,2,0,0,0,0,-0.707496352493763,0,0,0,0,0,0,0,0,0,0,,0,,,,,0,-0.84,-0.84
2024,REG+POST,00-0037085,T.Badie,Tyler Badie,RB,RB,"https://static.www.nfl.com/image/upload/f_auto,q_auto/league/brr4ec8gkikxhqqsu1nw",4,DEN,0,0,0,0,0,0,0,0,0,0,0,0,,0,,,13,94,0,0,0,4,1.75994376430754,0,3,3,-2,0,1,1,-6,4,0,-5.94098291517003,0,0.333333333333333,0.0517241379310345,-0.0109689213893967,0.069907961923974,0,7.2,10.2
2024,REG+POST,00-0037086,G.Calcaterra,Grant Calcaterra,TE,TE,"https://static.www.nfl.com/image/upload/f_auto,q_auto/league/vxl0kathuej280k01d2r",14,PHI,0,0,0,0,0,0,0,0,0,0,0,0,,0,,,0,0,0,0,0,0,,0,25,31,302,1,0,0,224,126,15,15.5174568505026,0,1.34821428571429,0.0930930930930931,0.0852683669585078,0.199327496510595,0,36.2,61.2
2024,REG+POST,00-0037091,B.Melton,Bo Melton,WR,WR,"https://static.www.nfl.com/image/upload/f_auto,q_auto/league/bhmhwurwugjmymgjforf",12,GB,0,0,0,0,0,0,0,0,0,0,0,0,,0,,,8,54,0,0,0,4,1.03114152071066,0,9,20,107,0,0,0,367,7,6,-4.35746304121123,0,0.291553133514986,0.0628930817610063,0.122455789122456,0.180058675027229,0,16.1,25.1
2024,REG+POST,00-0037093,D.Young,Dareke Young,WR,WR,"https://static.www.nfl.com/image/upload/f_auto,q_auto/league/mcmvgrgtd3ba4wkvmeg2",1,SEA,0,0,0,0,0,0,0,0,0,0,0,0,,0,,,0,0,0,0,0,0,,0,0,1,0,0,0,0,9,0,0,-1.76345443446689,0,0.0,0.04,0.0538922155688623,0.0977245508982036,0,0.0,0.0
2024,REG+POST,00-0037120,T.Goodson,Tyler Goodson,RB,RB,"https://static.www.nfl.com/image/upload/f_auto,q_auto/league/z4ugeazvmccxxhqjoxzv",9,IND,0,0,0,0,0,0,0,0,0,0,0,0,,0,,,32,153,1,0,0,6,2.6876475440641,0,11,15,61,1,0,0,19,67,3,1.30377332802163,0,3.21052631578947,0.0691244239631337,0.0106026785714286,0.1111085109447,0,33.4,44.4
2024,REG+POST,00-0037129,J.Blackwell,Josh Blackwell,CB,DB,"https://static.www.nfl.com/image/upload/f_auto,q_auto/league/qdy0ms8vuo4dwnl20v89",1,CHI,0,0,0,0,0,0,0,0,0,0,0,0,,0,,,0,0,0,0,0,0,,0,0,0,0,0,0,0,0,0,0,,0,,,,,1,6.0,6.0
2024,REG+POST,00-0037132,B.Covey,Britain Covey,WR,WR,"https://static.www.nfl.com/image/upload/f_auto,q_auto/league/zxyoxfakwak4h9eiv5mu",3,PHI,0,0,0,0,0,0,0,0,0,0,0,0,,0,,,0,0,0,0,0,0,,0,7,8,34,0,0,0,9,28,2,-0.0438859926071018,0,3.77777777777778,0.0975609756097561,0.015625,0.157278963414634,0,3.4,10.4
2024,REG+POST,00-0037156,I.Charles,Irvin Charles,WR,WR,"https://static.www.nfl.com/image/private/f_auto,q_auto/league/mhql0qf6zcitmj2r1upx",1,NYJ,0,0,0,0,0,0,0,0,0,0,0,0,,0,,,0,0,0,0,0,0,,0,0,1,0,0,0,0,3,0,0,-0.40983277419582,0,0.0,0.0256410256410256,0.0147783251231527,0.0488063660477454,0,0.0,0.0
2024,REG+POST,00-0037197,I.Pacheco,Isiah Pacheco,RB,RB,"https://static.www.nfl.com/image/private/f_auto,q_auto/league/rzr8nxjunjeiv8bjir59",10,KC,0,0,0,0,0,0,0,0,0,0,0,0,,0,,,96,347,1,0,0,14,-16.7108623844979,0,15,21,96,0,0,0,-23,138,6,-2.58984148351873,0,-4.17391304347826,0.0721649484536082,-0.0127706829539145,0.0993079446126722,0,50.3,65.3
2024,REG+POST,00-0037207,M.Caliendo,Mike Caliendo,G,OL,"https://static.www.nfl.com/image/upload/f_auto,q_auto/league/uqqcokvjnduey0dqht4c",1,KC,0,0,0,0,0,0,0,0,0,0,0,0,,0,,,0,0,0,0,0,0,,0,1,1,5,0,0,0,2,3,1,0.788040928076953,0,2.5,0.032258064516129,0.0092165898617511,0.0548387096774194,0,0.5,1.5
2024,REG+POST,00-0037216,J.Ross,Justyn Ross,WR,WR,"https://static.www.nfl.com/image/private/f_auto,q_auto/league/sdhlpsccscg6u97qy3ef",1,KC,0,0,0,0,0,0,0,0,0,0,0,0,,0,,,0,0,0,0,0,0,,0,0,1,0,0,0,0,10,0,0,-1.216528201635,0,0.0,0.025,0.0546448087431694,0.0757513661202186,0,0.0,0.0
2024,REG+POST,00-0037228,J.Warren,Jaylen Warren,RB,RB,"https://static.www.nfl.com/image/upload/f_auto,q_auto/league/aaw4yacm6azisxqy273i",16,PIT,0,0,0,0,0,0,0,0,0,0,0,0,,0,,,122,517,1,1,1,29,-14.1292548368015,0,42,52,329,0,1,0,-15,343,17,1.02220146967528,0,-21.9333333333333,0.121495327102804,-0.004712535344015,0.178944215913395,0,88.6,130.6
2024,REG+POST,00-0037231,K.Austin,Kevin Austin,WR,WR,"https://static.www.nfl.com/image/upload/f_auto,q_auto/league/vdah0xfiadl04o4s6xd0",8,NO,0,0,0,0,0,0,0,0,0,0,0,0,,0,,,1,9,0,0,0,0,0.841218133806251,0,11,22,151,0,1,0,259,37,10,2.35145185020519,0,0.583011583011583,0.0901639344262295,0.12809099901088,0.22490960094696,0,16.0,27.0
2024,REG+POST,00-0037238,D.London,Drake London,WR,WR,"https://static.www.nfl.com/image/upload/f_auto,q_auto/league/wikjazqtt3uunjufgqrf",17,ATL,0,0,0,0,0,0,0,0,0,0,0,0,,0,,,1,-3,0,0,0,0,-2.36973818624392,0,100,158,1271,9,0,0,1723,327,67,37.6777283147638,0,0.737666860127684,0.293135435992579,0.388237945020279,0.711469715503064,0,180.8,280.8
2024,REG+POST,00-0037239,C.Olave,Chris Olave,WR,WR,"https://static.www.nfl.com/image/upload/f_auto,q_auto/league/riiwbow7zphqmomiazph",8,NO,0,0,0,0,0,0,0,0,0,0,0,0,,0,,,1,7,0,0,0,1,0.884859304642305,0,32,44,400,1,1,1,455,121,22,1.48773663933453,0,0.879120879120879,0.188034188034188,0.239978902953587,0.450036514118793,0,44.7,76.7
2024,REG+POST,00-0037240,J.Williams,Jameson Williams,WR,WR,"https://static.www.nfl.com/image/upload/f_auto,q_auto/league/kt6xzcnjbe9affdfsayt",16,DET,0,1,0,0,1,0,0,0,0,20,0,0,-4.44142709951848,0,0.0,,12,122,2,0,0,6,7.97492771875113,0,59,95,1020,7,0,0,1148,497,43,34.0010573378304,0,0.888501742160279,0.181644359464627,0.313147845062739,0.491670030740858,0,166.2,225.2
2024,REG+POST,00-0037243,T.Smith,Tyler Smith,G,OL,"https://static.www.nfl.com/image/upload/f_auto,q_auto/league/u2awdjvudoqfmsxyjusp",1,DAL,0,0,0,0,0,0,0,0,0,0,0,0,,0,,,0,0,0,0,0,0,,0,1,1,0,0,0,0,-6,6,0,-0.987753627588972,0,0.0,0.02,-0.0128755364806867,0.0209871244635193,0,0.0,1.0
2024,REG+POST,00-0037247,G.Pickens,George Pickens,WR,WR,"https://static.www.nfl.com/image/upload/f_auto,q_auto/league/klxzcb6p7ekngcognpiy",15,PIT,0,0,0,0,0,0,0,0,0,0,0,0,,0,,,2,-6,0,0,0,0,-1.80520472151693,0,64,108,987,4,1,1,1477,236,41,36.3404410319544,0,0.66824644549763,0.260240963855422,0.448663426488457,0.704425844325052,0,120.1,184.1
2024,REG+POST,00-0037248,J.Cook,James Cook,RB,RB,"https://static.www.nfl.com/image/upload/f_auto,q_auto/league/bzdvrarxum9zate4te4b",19,BUF,0,0,0,0,0,0,0,0,0,0,0,0,,0,,,260,1281,19,1,0,63,19.531934648141,0,38,44,322,2,0,0,25,336,16,15.7810131255246,0,12.88,0.101382488479263,0.0070145903479236,0.156983945962441,0,286.3,324.3
2024,REG+POST,00-0037252,G.Dulcich,Greg Dulcich,TE,TE,"https://static.www.nfl.com/image/upload/f_auto,q_auto/league/tt3eyuomt5onokrqstsl",3,DEN,0,0,0,0,0,0,0,0,0,0,0,0,,0,,,0,0,0,0,0,0,,0,5,12,28,0,0,0,71,15,0,-7.60457414825214,0,0.394366197183099,0.12,0.127240143369176,0.269068100358423,0,2.8,7.8
2024,REG+POST,00-0037253,M.Jones,Marcus Jones,CB,DB,"https://static.www.nfl.com/image/private/f_auto,q_auto/league/t5dp8kwkx5dbt9nnnmig",2,NE,0,0,0,0,0,0,0,0,0,0,0,0,,0,,,1,5,0,0,0,0,0.0380158962216228,0,1,1,18,0,0,0,-7,25,1,1.65872559970012,0,0.0,0.0434782608695652,-0.0404624277456647,0.0368936918823825,0,2.3,3.3
2024,REG+POST,00-0037256,R.White,Rachaad White,RB,RB,"https://static.www.nfl.com/image/upload/f_auto,q_auto/league/przphhlw0zga7b45qlyb",16,TB,0,0,0,0,0,0,0,0,0,0,0,0,,0,,,145,614,3,2,2,35,-15.9716754819718,0,53,59,407,6,1,1,-105,526,18,12.4505801369626,0,-3.87619047619048,0.115009746588694,-0.0297534712383111,0.151687190016223,0,150.1,203.1
2024,REG+POST,00-0037257,D.Bell,David Bell,WR,WR,"https://static.www.nfl.com/image/private/f_auto,q_auto/league/otv2kkn3lxonp9z43bdj",1,CLE,0,0,0,0,0,0,0,0,0,0,0,0,,0,,,0,0,0,0,0,0,,0,3,3,27,0,0,0,19,8,1,3.21417321183253,0,1.42105263157895,0.0909090909090909,0.0917874396135266,0.200614844093105,0,2.7,5.7
2024,REG+POST,00-0037258,D.Pierce,Dameon Pierce,RB,RB,"https://static.www.nfl.com/image/upload/f_auto,q_auto/league/kotnmiuvvfmfuupr0f82",11,HOU,0,0,0,0,0,0,0,0,0,0,0,0,,0,,,46,318,2,1,0,8,5.40441586321686,0,2,5,2,0,0,0,-10,5,0,-3.99562799080741,0,-0.2,0.0416666666666667,-0.0101010101010101,0.0554292929292929,0,44.0,46.0
2024,REG+POST,00-0037261,K.Shakir,Khalil Shakir,WR,WR,"https://static.www.nfl.com/image/upload/f_auto,q_auto/league/ch2yarhiobqlvr9ls2yw",18,BUF,0,0,0,0,0,0,0,0,0,0,0,0,,0,,,2,4,0,0,0,0,-0.981347924796864,0,94,120,995,4,1,0,651,696,42,52.5933799226894,0,1.5284178187404,0.234375,0.157094594594595,0.461528716216216,0,123.9,217.9
2024,REG+POST,00-0037263,T.Allgeier,Tyler Allgeier,RB,RB,"https://static.www.nfl.com/image/upload/f_auto,q_auto/league/yosaj2anmqoujqrgzecd",17,ATL,0,0,0,0,0,0,0,0,0,0,0,0,,0,,,137,644,3,0,0,43,4.43200247550139,1,13,13,88,0,0,0,-5,93,2,3.43049141039462,0,-17.6,0.0416666666666667,-0.0019716088328075,0.0611198738170347,0,93.2,106.2
2024,REG+POST,00-0037267,J.Ford,Jerome Ford,RB,RB,"https://static.www.nfl.com/image/private/f_auto,q_auto/league/djggmwo5v8osoboiseo2",14,CLE,0,0,0,0,0,0,0,0,0,0,0,0,,0,,,104,565,3,0,0,25,5.03220676237048,0,37,43,225,0,0,0,-15,294,10,-4.88746675186396,0,-15.0,0.0964125560538117,-0.0041208791208791,0.141734218696102,0,97.0,134.0
2024,REG+POST,00-0037276,T.Chandler,Ty Chandler,RB,RB,"https://static.www.nfl.com/image/private/f_auto,q_auto/league/map979dvuonzb8a6g13b",10,MIN,0,0,0,0,0,1,1,0,0,0,0,0,-0.598491671553347,0,,,56,182,0,0,0,9,-10.4978651366344,0,6,6,42,0,0,0,-11,53,2,2.10261043993523,0,-3.81818181818182,0.0769230769230769,-0.0128805620608899,0.106368221941992,0,22.4,28.4
2024,REG+POST,00-0037284,M.Araiza,Matt Araiza,P,SPEC,"https://static.www.nfl.com/image/upload/f_auto,q_auto/league/a0oalsttuuseurwk5vgl",1,KC,0,0,0,0,0,0,0,0,0,0,0,0,,0,,,1,-18,0,0,0,0,-1.91761878668331,0,0,0,0,0,0,0,0,0,0,,0,,,,,0,-1.8,-1.8
2024,REG+POST,00-0037287,V.Lowe,Vederian Lowe,T,OL,"https://static.www.nfl.com/image/upload/f_auto,q_auto/league/zcazrvuftc01kuu2cw75",1,NE,0,0,0,0,0,0,0,0,0,0,0,0,,0,,,0,0,0,0,0,0,,0,1,1,4,1,0,0,4,0,1,1.42774722713511,0,1.0,0.027027027027027,0.018018018018018,0.0531531531531532,0,6.4,7.4
2024,REG+POST,00-0037291,J.Nailor,Jalen Nailor,WR,WR,"https://static.www.nfl.com/image/upload/f_auto,q_auto/league/fe9b3l4fz6n02gbr5zbt",16,MIN,0,0,0,0,0,0,0,0,0,0,0,0,,0,,,3,-4,0,0,0,1,-3.06586950947531,0,31,47,447,6,0,0,559,114,24,24.5990428322259,0,0.799642218246869,0.093812375249501,0.132842205323194,0.233708106600487,0,80.3,111.3
2024,REG+POST,00-0037292,A.Ogletree,Andrew Ogletree,TE,TE,"https://static.www.nfl.com/image/upload/f_auto,q_auto/league/xrp8dougs6jb0denyorz",11,IND,0,0,0,0,0,0,0,0,0,0,0,0,,0,,,0,0,0,0,0,0,,0,9,14,109,1,0,0,150,50,6,1.29176330126938,0,0.726666666666667,0.0432098765432099,0.0450315220654458,0.0963368802606269,0,16.9,25.9
2024,REG+POST,00-0037300,M.Woods,Mike Woods,WR,WR,"https://static.www.nfl.com/image/private/f_auto,q_auto/league/qlps63mn8jfsvqgf7cub",5,CLE,0,0,0,0,0,0,0,0,0,0,0,0,,0,,,0,0,0,0,0,0,,0,7,17,65,0,0,0,187,35,4,-9.09170924811042,0,0.347593582887701,0.085,0.124005305039788,0.214303713527851,0,6.5,13.5
2024,REG+POST,00-0037304,C.Heyward,Connor Heyward,TE,TE,"https://static.www.nfl.com/image/upload/f_auto,q_auto/league/b9bnasge2v2dtctdtqnf",5,PIT,0,0,0,0,0,0,0,0,0,0,0,0,,0,,,0,0,0,0,0,0,,0,6,8,40,1,0,0,67,7,3,0.155025396263227,0,0.597014925373134,0.0567375886524823,0.0598748882931189,0.127018804783907,0,10.0,16.0
2024,REG+POST,00-0037306,J.FitzPatrick,John FitzPatrick,TE,TE,"https://static.www.nfl.com/image/upload/f_auto,q_auto/league/k7m700qda76lqtt7zj8e",1,GB,0,0,0,0,0,0,0,0,0,0,0,0,,0,,,0,0,0,0,0,0,,0,1,1,2,0,0,0,2,0,0,-0.520785233471543,0,1.0,0.0454545454545455,0.0071942446043165,0.0732177894048398,0,0.2,1.2
2024,REG+POST,00-0037324,C.Oladokun,Chris Oladokun,QB,QB,"https://static.www.nfl.com/image/upload/f_auto,q_auto/league/l3cx5zsyz0nvwl4ycszo",1,KC,0,0,0,0,0,1,5,1,0,0,0,0,-1.38983265939169,0,,,1,5,0,0,0,0,-0.555109044536948,0,0,0,0,0,0,0,0,0,0,,0,,,,,0,0.5,0.5
2024,REG+POST,00-0037327,S.Thompson,Skylar Thompson,QB,QB,"https://static.www.nfl.com/image/upload/f_auto,q_auto/league/pfzzkuppkzuy1obzuf0m",2,MIA,21,33,187,0,0,6,44,2,0,230,85,8,-15.5110251420131,0,0.81304347826087,0.0495764967953846,1,4,0,0,0,0,-2.46101770619862,0,0,0,0,0,0,0,0,0,0,,0,,,,,0,7.88,7.88
2024,REG+POST,00-0037348,T.Conner,Tanner Conner,WR,WR,"https://static.www.nfl.com/image/upload/f_auto,q_auto/league/rlnlxf3p7ubbwmpx3coa",2,MIA,0,0,0,0,0,0,0,0,0,0,0,0,,0,,,0,0,0,0,0,0,,0,3,4,16,0,0,0,46,5,1,-0.835798830899876,0,0.347826086956522,0.0769230769230769,0.123989218328841,0.202177068214804,0,1.6,4.6
2024,REG+POST,00-0037382,B.Johnson,Brandon Johnson,WR,WR,"https://static.www.nfl.com/image/upload/f_auto,q_auto/league/vb8zdr36pece37wq6eth",1,PIT,0,0,0,0,0,0,0,0,0,0,0,0,,0,,,0,0,0,0,0,0,,0,1,1,9,0,0,0,5,4,0,0.703277167282067,0,1.8,0.0384615384615385,0.0179856115107914,0.0702822357498616,0,0.9,1.9
2024,REG+POST,00-0037422,K.Pryor,Kendric Pryor,WR,WR,"https://static.www.nfl.com/image/upload/f_auto,q_auto/league/hbgshhoxvg6og3qxqohn",1,CIN,0,0,0,0,0,0,0,0,0,0,0,0,,0,,,0,0,0,0,0,0,,0,1,1,9,0,0,0,9,0,0,0.680167773389258,0,1.0,0.027027027027027,0.0430622009569378,0.070684081210397,0,0.9,1.9
2024,REG+POST,00-0037429,R.Blackshear,Raheem Blackshear,RB,RB,"https://static.www.nfl.com/image/upload/f_auto,q_auto/league/sv6aefajv1duatig0buu",3,CAR,0,0,0,0,0,0,0,0,0,0,0,0,,0,,,15,80,0,0,0,2,-0.66176023427397,0,0,0,0,0,0,0,0,0,0,,0,,,,,0,8.0,8.0
2024,REG+POST,00-0037450,T.McAllister,Tyreik McAllister,RB,RB,"https://static.www.nfl.com/image/upload/f_auto,q_auto/league/tixxelivpmdjeq2wjdo6",1,LV,0,0,0,0,0,0,0,0,0,0,0,0,,0,,,2,11,0,0,0,1,-0.0164878789801151,0,0,0,0,0,0,0,0,0,0,,0,,,,,0,1.1,1.1
2024,REG+POST,00-0037475,S.Smartt,Stone Smartt,TE,TE,"https://static.www.nfl.com/image/upload/f_auto,q_auto/league/tazdjztvhpulguzuh78l",7,LAC,0,0,0,0,0,0,0,0,0,0,0,0,,0,,,0,0,0,0,0,0,,0,16,19,208,0,1,1,192,66,11,7.43634143675445,0,1.08333333333333,0.0852017937219731,0.101372756071806,0.198763619833224,0,18.8,34.8
2024,REG+POST,00-0037487,D.Thompkins,Deven Thompkins,WR,WR,"https://static.www.nfl.com/image/private/f_auto,q_auto/league/gt0yeyl9y8s6onw8wcdr",4,CAR,0,0,0,0,0,0,0,0,0,0,0,0,,0,,,2,7,0,0,0,0,-0.145589088846464,0,4,4,20,0,0,0,-8,28,2,-0.128483151842374,0,0.0,0.0606060606060606,-0.0121951219512195,0.0823725055432373,0,2.7,6.7
2024,REG+POST,00-0037491,J.Russell,J.J. Russell,ILB,LB,"https://static.www.nfl.com/image/upload/f_auto,q_auto/league/ogzsthxpcatfqo6hwnjo",1,TB,0,0,0,0,0,0,0,0,0,0,0,0,,0,,,0,0,0,0,0,0,,0,0,0,0,0,0,0,0,0,0,,0,,,,,1,6.0,6.0
2024,REG+POST,00-0037509,S.McCormick,Sincere McCormick,RB,RB,"https://static.www.nfl.com/image/upload/f_auto,q_auto/league/esocauqmcswp4jolgnom",4,LV,0,0,0,0,0,0,0,0,0,0,0,0,,0,,,39,183,0,0,0,10,0.447879384562839,0,6,7,29,0,0,0,3,29,2,-0.8935149537283,0,9.66666666666667,0.0679611650485437,0.003584229390681,0.104450708146292,0,21.2,27.2
2024,REG+POST,00-0037524,T.Martin,Tay Martin,WR,WR,"https://static.www.nfl.com/image/upload/f_auto,q_auto/league/lw5fyir7yjme4qxrrxfy",1,TEN,0,0,0,0,0,0,0,0,0,0,0,0,,0,,,0,0,0,0,0,0,,0,1,2,49,1,0,0,63,5,1,5.36829500051681,0,0.777777777777778,0.0769230769230769,0.210702341137124,0.262876254180602,0,10.9,11.9
2024,REG+POST,00-0037525,J.Mason,Jordan Mason,RB,RB,"https://static.www.nfl.com/image/upload/f_auto,q_auto/league/ub1ub6sxuov1f1kux1v9",12,SF,0,0,0,0,0,0,0,0,0,0,0,0,,0,,,153,789,3,3,1,37,-5.44239982114776,0,11,14,91,0,0,0,52,59,5,4.62849087317591,0,1.75,0.0590717299578059,0.0231111111111111,0.104785372714487,0,104.0,115.0
2024,REG+POST,00-0037539,L.Krull,Lucas Krull,TE,TE,"https://static.www.nfl.com/image/upload/f_auto,q_auto/league/v3rdtydz7dh4s5oyzejs",11,DEN,0,0,0,0,0,0,0,0,0,0,0,0,,0,,,0,0,0,0,0,0,,0,20,24,154,0,0,0,120,67,7,4.47715584532125,0,1.28333333333333,0.0710059171597633,0.043859649122807,0.13721063012561,0,15.4,35.4
2024,REG+POST,00-0037545,R.Shaheed,Rashid Shaheed,WR,WR,"https://static.www.nfl.com/image/upload/f_auto,q_auto/league/mnaref4vwyau8mbsp0ri",6,NO,0,0,0,0,0,0,0,0,0,0,0,0,,0,,,6,29,0,0,0,2,1.17259196576197,0,20,41,349,3,0,0,721,106,12,-5.93385909062968,0,0.484049930651873,0.244047619047619,0.500694444444445,0.71655753968254,1,61.8,81.8
2024,REG+POST,00-0037557,R.Rivers,Ronnie Rivers,RB,RB,"https://static.www.nfl.com/image/upload/f_auto,q_auto/league/xjumjdizgaw4gicg6gbb",6,LA,0,0,0,0,0,0,0,0,0,0,0,0,,0,,,25,107,0,0,0,6,0.569221278157784,0,5,6,34,0,0,0,-26,58,1,-0.510779338132124,0,-1.30769230769231,0.0895522388059701,-0.0722222222222222,0.0837728026533997,0,14.1,19.1
2024,REG+POST,00-0037569,P.Hendershot,Peyton Hendershot,TE,TE,"https://static.www.nfl.com/image/upload/f_auto,q_auto/league/d8plvjsvwdadr1ap93ci",4,KC,0,0,0,0,0,0,0,0,0,0,0,0,,0,,,0,0,0,0,0,0,,0,5,5,51,0,0,0,19,32,2,2.67603629227961,0,2.68421052631579,0.0384615384615385,0.056379821958457,0.0971581830632276,0,5.1,10.1
2024,REG+POST,00-0037578,J.Thomas,Juanyeh Thomas,FS,DB,"https://static.www.nfl.com/image/upload/f_auto,q_auto/league/gluzbimvxdxqy27fljyf",2,DAL,0,0,0,0,0,0,0,0,0,0,0,0,,0,,,0,0,0,0,0,0,,0,1,1,4,0,0,0,4,0,0,-2.70970632729586,0,1.0,0.0185185185185185,0.0119760479041916,0.0361610113107119,1,6.4,7.4
2024,REG+POST,00-0037594,J.Chestnut,Julius Chestnut,RB,RB,"https://static.www.nfl.com/image/upload/f_auto,q_auto/league/dmy7xkb6lv63qou6qag7",7,TEN,0,0,0,0,0,0,0,0,0,0,0,0,,0,,,22,102,0,0,0,2,-3.37659132086965,0,2,3,11,0,0,0,1,14,0,-4.59023137687473,0,11.0,0.032258064516129,0.0019607843137254,0.0497596457938014,0,11.3,13.3
2024,REG+POST,00-0037609,A.Shampklin,Aaron Shampklin,RB,RB,"https://static.www.nfl.com/image/upload/f_auto,q_auto/league/iujjn4h87hwnj9tswfey",3,PIT,0,0,0,0,0,0,0,0,0,0,0,0,,0,,,6,17,0,0,0,1,-2.41446994639547,0,0,0,0,0,0,0,0,0,0,,0,,,,,0,1.7,1.7
2024,REG+POST,00-0037614,J.Metchie,John Metchie,WR,WR,"https://static.www.nfl.com/image/upload/f_auto,q_auto/league/zf0d6hiyqnmtst0vwdpv",12,HOU,0,0,0,0,0,0,0,0,0,0,0,0,,0,,,0,0,0,0,0,0,,0,30,47,317,1,2,1,435,79,14,-4.11363820624019,0,0.728735632183908,0.124668435013263,0.133149678604224,0.280207427542851,0,35.7,65.7
2024,REG+POST,00-0037617,H.Haskins,Hassan Haskins,RB,RB,"https://static.www.nfl.com/image/upload/f_auto,q_auto/league/kfqhhr4xcm2iaocbvdyp",12,LAC,0,0,0,0,0,0,0,0,0,0,0,0,,0,,,35,94,2,1,1,14,-2.74314257508377,0,3,4,49,1,0,0,10,42,2,4.22561791940825,0,4.9,0.0392156862745098,0.0103626943005181,0.0660774154221274,0,30.3,33.3
2024,REG+POST,00-0037654,T.Fisk,Tucker Fisk,TE,TE,"https://static.www.nfl.com/image/upload/f_auto,q_auto/league/jbbh7bfsjpqzsy0jcofy",8,LAC,0,0,0,0,0,0,0,0,0,0,0,0,,0,,,0,0,0,0,0,0,,0,8,9,54,0,0,0,33,23,2,1.89836097080843,0,1.63636363636364,0.03515625,0.0178571428571429,0.065234375,0,5.4,13.4
2024,REG+POST,00-0037664,A.Pierce,Alec Pierce,WR,WR,"https://static.www.nfl.com/image/upload/f_auto,q_auto/league/hvtcpccoigf9cghzkxcg",16,IND,0,0,0,0,0,0,0,0,0,0,0,0,,0,,,0,0,0,0,0,0,,0,37,69,824,7,0,0,1500,118,32,40.3030859059619,0,0.549333333333333,0.143451143451143,0.292454669526224,0.419894983845072,0,124.4,161.4
2024,REG+POST,00-0037666,J.Tolbert,Jalen Tolbert,WR,WR,"https://static.www.nfl.com/image/upload/f_auto,q_auto/league/cek1m1cbly5rfmmmjpcc",17,DAL,0,0,0,0,0,0,0,0,0,0,0,0,,0,,,0,0,0,0,0,0,,0,49,79,610,7,0,0,906,166,29,25.2190162823434,0,0.673289183222958,0.127009646302251,0.197989510489511,0.329107126796034,0,103.0,152.0
2024,REG+POST,00-0037740,G.Wilson,Garrett Wilson,WR,WR,"https://static.www.nfl.com/image/private/f_auto,q_auto/league/llgosx4tokddwnyrgvbx",17,NYJ,0,0,0,0,0,0,0,0,0,0,0,0,,0,,,2,5,0,0,0,1,-0.123319635633379,0,101,153,1104,7,2,2,1378,442,60,21.7145724840153,1,0.801161103047896,0.259762308998302,0.347628657921292,0.632983524042357,0,150.9,251.9
2024,REG+POST,00-0037741,J.Dotson,Jahan Dotson,WR,WR,"https://static.www.nfl.com/image/upload/f_auto,q_auto/league/myxhp9oqtcv1peactbhv",16,PHI,0,0,0,0,0,0,0,0,0,0,0,0,,0,,,1,13,0,0,0,1,0.752118825912476,0,22,38,269,1,0,0,372,89,15,1.81602512489321,0,0.723118279569893,0.0957178841309824,0.132573057733428,0.236377966609873,0,34.2,56.2
2024,REG+POST,00-0037742,T.Burks,Treylon Burks,WR,WR,"https://static.www.nfl.com/image/upload/f_auto,q_auto/league/xinnrxloao8wvyps7e3m",5,TEN,0,0,0,0,0,0,0,0,0,0,0,0,,0,,,2,1,0,0,0,0,-0.934104999178089,0,4,8,34,0,0,0,135,5,3,0.170757247018628,0,0.251851851851852,0.0601503759398496,0.12396694214876,0.177002423413907,0,3.5,7.5
2024,REG+POST,00-0037744,T.McBride,Trey McBride,TE,TE,"https://static.www.nfl.com/image/upload/f_auto,q_auto/league/hfdgljgi9gfaskomdl1h",16,ARI,0,0,0,0,0,0,0,0,0,0,0,0,,0,,,1,2,1,0,0,1,0.60105633031344,0,111,147,1146,2,0,0,902,513,63,49.0713934193716,0,1.27050997782705,0.293413173652695,0.257861635220126,0.62062290513313,0,132.8,243.8
2024,REG+POST,00-0037745,V.Jones,Velus Jones,RB,RB,"https://static.www.nfl.com/image/private/f_auto,q_auto/league/gb06eaw6prinklkdkv2d",2,CAR,0,0,0,0,0,0,0,0,0,0,0,0,,0,,,3,11,0,0,0,1,-0.520119043416344,0,1,1,8,0,0,0,-5,13,0,0.564905805396847,0,-1.6,0.0344827586206897,-0.0233644859813084,0.0353689977441186,0,1.9,2.9
2024,REG+POST,00-0037746,B.Robinson,Brian Robinson,RB,RB,"https://static.www.nfl.com/image/private/f_auto,q_auto/league/gxcfbuvmooytbn45kvxf",17,WAS,0,0,0,0,0,0,0,0,0,0,0,0,,0,,,223,928,10,2,2,54,-11.052836564882,0,24,30,181,0,0,0,-26,207,5,-4.35292388394011,0,-6.96153846153846,0.075,-0.0093626215340295,0.105946164926179,0,166.9,190.9
2024,REG+POST,00-0037801,K.Turpin,Kavontae Turpin,WR,WR,"https://static.www.nfl.com/image/upload/f_auto,q_auto/league/lwkox2bvc6k3hqmidf4q",15,DAL,0,0,0,0,0,0,0,0,0,0,0,0,,0,,,16,92,0,1,0,6,3.18908834329341,0,31,52,420,2,1,1,439,260,18,9.19865874760476,0,0.956719817767654,0.091710758377425,0.103635505193579,0.210110991201643,2,73.2,104.2
2024,REG+POST,00-0037805,J.Ruckert,Jeremy Ruckert,TE,TE,"https://static.www.nfl.com/image/private/f_auto,q_auto/league/w6bf97vbqitoyo5o7xaa",13,NYJ,0,0,0,0,0,0,0,0,0,0,0,0,,0,,,0,0,0,0,0,0,,0,18,28,105,0,0,0,96,84,6,-1.56919756097557,0,1.09375,0.0637813211845103,0.0345199568500539,0.119835951571803,0,10.5,28.5
2024,REG+POST,00-0037809,C.Okonkwo,Chigoziem Okonkwo,TE,TE,"https://static.www.nfl.com/image/upload/f_auto,q_auto/league/ut2gqeq2lowknrro0wlu",16,TEN,0,0,0,0,0,0,0,0,0,0,0,0,,0,,,1,17,0,0,0,1,1.08236089721322,0,52,70,479,2,2,1,415,249,20,-8.388308787033,1,1.15421686746988,0.145530145530146,0.112071293545774,0.29674512377726,0,61.6,113.6
2024,REG+POST,00-0037816,R.Doubs,Romeo Doubs,WR,WR,"https://static.www.nfl.com/image/upload/f_auto,q_auto/league/dyulbddqbqshoqdxgo63",14,GB,0,0,0,0,0,0,0,0,0,0,0,0,,0,,,0,0,0,0,0,0,,0,48,74,614,4,0,0,897,137,34,29.7947142888279,1,0.684503901895206,0.185,0.249305169538633,0.452013618677043,0,87.4,135.4
2024,REG+POST,00-0037827,T.Davis-Price,Tyrion Davis-Price,RB,RB,"https://static.www.nfl.com/image/upload/f_auto,q_auto/league/np2ljgazwwq6sh9015qs",1,PHI,0,0,0,0,0,0,0,0,0,0,0,0,,0,,,3,7,0,0,0,0,-1.85095043038018,0,0,0,0,0,0,0,0,0,0,,0,,,,,0,0.7,0.7
2024,REG+POST,00-0037834,B.Purdy,Brock Purdy,QB,QB,"https://static.www.nfl.com/image/upload/f_auto,q_auto/league/myvg8siij2bn9ecx7btm",15,SF,300,455,3864,20,12,31,156,5,3,3904,1644,178,78.7296737079858,0,0.989754098360656,0.13314515550254,66,323,5,2,0,33,19.2246525124249,0,0,0,0,0,0,0,0,0,0,,0,,,,,0,266.86,266.86
2024,REG+POST,00-0037837,C.Austin,Calvin Austin,WR,WR,"https://static.www.nfl.com/image/private/f_auto,q_auto/league/qlt6ztqcbu0uzad6aavt",18,PIT,0,0,0,0,0,0,0,0,0,0,0,0,,0,,,0,0,0,0,0,0,,0,37,60,573,4,0,0,785,153,19,24.6084913090964,0,0.729936305732484,0.123456790123457,0.204907334899504,0.328620319614838,1,87.3,124.3
2024,REG+POST,00-0037838,I.Likely,Isaiah Likely,TE,TE,"https://static.www.nfl.com/image/upload/f_auto,q_auto/league/xmikfnklnpjmzjhbjrur",17,BAL,0,0,0,0,0,0,0,0,0,0,0,0,,0,,,0,0,0,0,0,0,,0,49,67,603,7,1,1,590,297,30,36.5271929440372,0,1.02203389830508,0.149553571428571,0.147980938048658,0.327917013776918,0,100.3,149.3
2024,REG+POST,00-0037840,K.Williams,Kyren Williams,RB,RB,"https://static.www.nfl.com/image/upload/f_auto,q_auto/league/vcvstwywz6iufk7iul3x",18,LA,0,0,0,0,0,0,0,0,0,0,0,0,,0,,,351,1481,14,6,4,92,-31.6678772202382,0,38,45,197,3,0,0,-40,216,7,-3.70351306418993,0,-4.925,0.0922131147540984,-0.011037527593819,0.130593402815474,0,261.8,299.8
2024,REG+POST,00-0038040,Z.White,Zamir White,RB,RB,"https://static.www.nfl.com/image/upload/f_auto,q_auto/league/jpxuggpx567die5348be",8,LV,0,0,0,0,0,0,0,0,0,0,0,0,,0,,,65,183,1,2,2,4,-36.2881887777818,0,6,8,30,0,0,0,-25,50,2,-2.24914509427354,0,-1.2,0.062992125984252,-0.0313676286072773,0.0725308489512839,0,23.3,29.3
2024,REG+POST,00-0038041,J.Ferguson,Jake Ferguson,TE,TE,"https://static.www.nfl.com/image/upload/f_auto,q_auto/league/lbvrn1ibwszd6tzgh6o1",14,DAL,0,0,0,0,0,0,0,0,0,0,0,0,,0,,,0,0,0,0,0,0,,0,59,86,494,0,4,2,360,309,18,-12.7110652170717,0,1.37222222222222,0.167641325536062,0.100812097451694,0.32203045652028,0,45.4,104.4
2024,REG+POST,00-0038046,C.Kolar,Charlie Kolar,TE,TE,"https://static.www.nfl.com/image/upload/f_auto,q_auto/league/n7duzqver13movvgcint",7,BAL,0,0,0,0,0,0,0,0,0,0,0,0,,0,,,1,2,0,0,0,1,1.71890635776799,0,9,11,131,1,0,0,66,76,4,8.18753102075425,0,1.98484848484848,0.0561224489795918,0.039030159668835,0.111504785237572,0,19.3,28.3
2024,REG+POST,00-0038090,S.Moore,Skyy Moore,WR,WR,"https://static.www.nfl.com/image/private/f_auto,q_auto/league/wpiovviem9uugfacqkxy",2,KC,0,0,0,0,0,0,0,0,0,0,0,0,,0,,,0,0,0,0,0,0,,0,0,3,0,0,0,0,18,0,0,-2.91975799726788,0,0.0,0.0566037735849057,0.0445544554455446,0.11609377918924,0,0.0,0.0
2024,REG+POST,00-0038092,E.Ezukanma,Erik Ezukanma,WR,WR,"https://static.www.nfl.com/image/upload/f_auto,q_auto/league/qnq5b80lyd9wjidek81f",1,MIA,0,0,0,0,0,0,0,0,0,0,0,0,,0,,,0,0,0,0,0,0,,0,0,2,0,0,0,0,59,0,0,-2.41914490703493,0,0.0,0.0645161290322581,0.292079207920792,0.301229639092942,0,0.0,0.0
2024,REG+POST,00-0038098,P.Strong,Pierre Strong,RB,RB,"https://static.www.nfl.com/image/upload/f_auto,q_auto/league/xvsnviejqwulftgrccpb",11,CLE,0,0,0,0,0,0,0,0,0,0,0,0,,0,,,26,108,0,0,0,6,-1.51613372412976,0,14,22,104,0,0,0,6,123,3,-2.74923973012717,0,17.3333333333333,0.0672782874617737,0.0028315243039169,0.102899498205402,0,21.2,35.2
2024,REG+POST,00-0038102,K.Pickett,Kenny Pickett,QB,QB,"https://static.www.nfl.com/image/upload/f_auto,q_auto/league/lbyu04eubfsgezqftovz",7,PHI,25,43,291,2,1,4,33,1,0,353,57,12,0.717036048998418,0,0.824362606232295,0.110335621979523,14,8,1,0,0,3,-2.95777165644118,0,0,0,0,0,0,0,0,0,0,,0,,,,,0,24.44,24.44
2024,REG+POST,00-0038104,T.Thornton,Tyquan Thornton,WR,WR,"https://static.www.nfl.com/image/private/f_auto,q_auto/league/p1kulrgf4v2grethuefi",4,NE,0,0,0,0,0,0,0,0,0,0,0,0,,0,,,0,0,0,0,0,0,,0,4,8,47,0,0,0,126,24,2,-4.84829464572249,0,0.373015873015873,0.0740740740740741,0.181034482758621,0.237835249042146,0,4.7,8.7
2024,REG+POST,00-0038108,B.Zappe,Bailey Zappe,QB,QB,"https://static.www.nfl.com/image/upload/f_auto,q_auto/league/m0aps8mb4jev4t4tduir",1,CLE,16,31,170,1,2,1,5,0,0,220,101,8,-16.8488054084006,0,0.772727272727273,-0.0458470063085299,2,2,0,0,0,0,-0.289851196925156,0,0,0,0,0,0,0,0,0,0,,0,,,,,0,7.0,7.0
2024,REG+POST,00-0038115,D.Bellinger,Daniel Bellinger,TE,TE,"https://static.www.nfl.com/image/upload/f_auto,q_auto/league/f9xmqszyicfahxrcqevp",7,NYG,0,0,0,0,0,0,0,0,0,0,0,0,,0,,,0,0,0,0,0,0,,0,14,17,125,0,0,0,69,53,8,5.34758740878897,0,1.81159420289855,0.0699588477366255,0.047098976109215,0.137907554881389,0,12.5,26.5
2024,REG+POST,00-0038117,W.Robinson,Wan'Dale Robinson,WR,WR,"https://static.www.nfl.com/image/upload/f_auto,q_auto/league/z94hnehk9vgmvtad6sgi",17,NYG,0,0,0,0,0,0,0,0,0,0,0,0,,0,,,3,18,0,0,0,1,-2.68111150315963,0,93,140,699,3,0,0,656,361,36,-24.2395161905211,0,1.0655487804878,0.252707581227437,0.169640548228601,0.497809755601176,0,89.7,182.7
2024,REG+POST,00-0038120,B.Hall,Breece Hall,RB,RB,"https://static.www.nfl.com/image/upload/f_auto,q_auto/league/ekmqygsmfkwwwdmuox4r",16,NYJ,0,0,0,0,0,0,0,0,0,0,0,0,,0,,,209,876,5,5,1,40,-22.0187637538433,2,57,76,483,3,1,1,19,496,15,-1.4884487913531,0,25.421052631579,0.138181818181818,0.0054192812321734,0.211066224135249,0,183.9,240.9
2024,REG+POST,00-0038122,D.Ridder,Desmond Ridder,QB,QB,"https://static.www.nfl.com/image/upload/f_auto,q_auto/league/rhpusa7pfgd82d9ui6y7",5,LV,52,85,458,2,2,10,64,2,2,683,201,24,-22.0815133874012,0,0.670571010248902,0.006946867817983,9,36,0,1,0,2,1.49767392169451,0,0,0,0,0,0,0,0,0,0,,0,,,,,0,21.92,21.92
2024,REG+POST,00-0038123,D.Belton,Dane Belton,SS,DB,"https://static.www.nfl.com/image/upload/f_auto,q_auto/league/fdbwg5bzk2dqhwixewxe",1,NYG,0,0,0,0,0,0,0,0,0,0,0,0,,0,,,1,10,0,0,0,1,3.06822815048508,0,0,0,0,0,0,0,0,0,0,,0,,,,,0,1.0,1.0
2024,REG+POST,00-0038124,C.Watson,Christian Watson,WR,WR,"https://static.www.nfl.com/image/upload/f_auto,q_auto/league/qenktpex0mep8er8dzxj",14,GB,0,0,0,0,0,0,0,0,0,0,0,0,,0,,,4,23,0,0,0,1,0.500883241998963,0,29,53,620,2,1,1,944,149,21,18.760962031478,1,0.656779661016949,0.133501259445844,0.266892847045519,0.387076882100629,0,76.3,105.3
2024,REG+POST,00-0038128,M.Willis,Malik Willis,QB,QB,"https://static.www.nfl.com/image/upload/f_auto,q_auto/league/e6w0hpe2pzefydmhqmr7",6,GB,40,54,550,3,0,8,37,1,1,430,274,20,16.2466392453774,0,1.27906976744186,0.185195831166979,20,138,1,0,0,6,3.9184020770295,0,0,0,0,0,0,0,0,0,0,,0,,,,,0,51.8,51.8
2024,REG+POST,00-0038129,C.Otton,Cade Otton,TE,TE,"https://static.www.nfl.com/image/upload/f_auto,q_auto/league/mljam77kst1wlqd5y91v",15,TB,0,0,0,0,0,0,0,0,0,0,0,0,,0,,,1,-4,0,0,0,0,-1.31581017374992,0,61,89,632,4,2,1,484,330,33,15.0469091774859,0,1.30578512396694,0.187763713080169,0.165696679219445,0.397633245073865,0,84.8,145.8
2024,REG+POST,00-0038134,K.Walker,Kenneth Walker,RB,RB,"https://static.www.nfl.com/image/upload/f_auto,q_auto/league/ielqdthtspzi0ufvs4tw",11,SEA,0,0,0,0,0,0,0,0,0,0,0,0,,0,,,153,573,7,1,0,28,-12.1427636038239,0,46,53,299,1,0,0,-63,363,19,4.87656507851286,0,-4.74603174603175,0.138020833333333,-0.0223008849557522,0.191420630530973,0,135.2,181.2
2024,REG+POST,00-0038359,X.Smith,Xavier Smith,WR,WR,"https://static.www.nfl.com/image/upload/f_auto,q_auto/league/gbzbvyg2rlzrno7urryj",3,LA,0,0,0,0,0,0,0,0,0,0,0,0,,0,,,4,36,0,0,0,1,2.8280149831553,0,2,2,6,0,0,0,1,5,1,-0.0994464058894664,0,6.0,0.0444444444444444,0.0027247956403269,0.0685740236148956,0,4.2,6.2
2024,REG+POST,00-0038393,D.Wicks,Dontayvion Wicks,WR,WR,"https://static.www.nfl.com/image/upload/f_auto,q_auto/league/ghsev2bmz8kvhm8dsbey",18,GB,0,0,0,0,0,0,0,0,0,0,0,0,,0,,,0,0,0,0,0,0,,0,41,82,454,5,0,0,1024,141,27,-6.7224132196387,0,0.443359375,0.164989939637827,0.232780177313026,0.410431033575858,0,75.4,116.4
2024,REG+POST,00-0038394,W.Mallory,Will Mallory,TE,TE,"https://static.www.nfl.com/image/upload/f_auto,q_auto/league/rxeygxqtsnqqzgmjl71g",7,IND,0,0,0,0,0,0,0,0,0,0,0,0,,0,,,0,0,0,0,0,0,,0,4,8,29,0,0,0,83,4,1,-5.9174828240939,0,0.349397590361446,0.0349344978165939,0.0349620893007582,0.0768752092354216,0,2.9,6.9
2024,REG+POST,00-0038396,E.Gray,Eric Gray,RB,RB,"https://static.www.nfl.com/image/upload/f_auto,q_auto/league/ijjxwxv1ccyowzhpuw2k",10,NYG,0,0,0,0,0,0,0,0,0,0,0,0,,0,,,14,31,0,1,1,1,-16.0598759765853,0,10,11,82,0,0,0,-22,103,3,3.80178645587519,0,-3.72727272727273,0.0482456140350877,-0.0199456029011786,0.0584064990218066,0,9.3,19.3
2024,REG+POST,00-0038400,T.McKee,Tanner McKee,QB,QB,"https://static.www.nfl.com/image/upload/f_auto,q_auto/league/q0uc1cubsh0rwc4ezuul",2,PHI,30,45,323,4,0,2,17,0,0,322,138,17,14.6777132762997,0,1.00310559006211,0.159161377384544,5,-1,0,0,0,1,-3.00282555824379,0,0,0,0,0,0,0,0,0,0,,0,,,,,0,28.82,28.82
2024,REG+POST,00-0038416,T.Bagent,Tyson Bagent,QB,QB,"https://static.www.nfl.com/image/upload/f_auto,q_auto/league/m6ls9t5npcqavk3eoa9c",4,CHI,2,2,11,0,0,0,0,0,0,1,10,1,0.318867500929628,0,11.0,,6,-7,0,0,0,0,0.0,0,0,0,0,0,0,0,0,0,0,,0,,,,,0,-0.26,-0.26
2024,REG+POST,00-0038454,K.Mitchell,Keaton Mitchell,RB,RB,"https://static.www.nfl.com/image/upload/f_auto,q_auto/league/ubl4gwglxlbxzku0qta9",2,BAL,0,0,0,0,0,0,0,0,0,0,0,0,,0,,,15,30,0,0,0,2,-5.21328950952739,0,1,1,28,0,0,0,-5,33,1,1.14997715229401,0,-5.6,0.0625,-0.0264550264550265,0.0752314814814815,0,5.8,6.8
2024,REG+POST,00-0038465,M.Heath,Malik Heath,WR,WR,"https://static.www.nfl.com/image/upload/f_auto,q_auto/league/xbhxvulvdrkbz5svka5f",6,GB,0,0,0,0,0,0,0,0,0,0,0,0,,0,,,0,0,0,0,0,0,,0,10,17,97,2,0,0,109,23,5,-0.0053040535422042,0,0.889908256880734,0.0904255319148936,0.0592713431212616,0.177128238057224,0,21.7,31.7
2024,REG+POST,00-0038476,T.DeVito,Tommy DeVito,QB,QB,"https://static.www.nfl.com/image/upload/f_auto,q_auto/league/ntolppjso4da6spe6okt",2,NYG,31,44,257,0,0,6,31,0,0,263,119,15,-8.00893249030924,0,0.977186311787072,0.0559480535296355,8,32,0,0,0,1,-2.73994594844407,0,0,0,0,0,0,0,0,0,0,,0,,,,,0,13.48,13.48
2024,REG+POST,00-0038477,B.Ford-Wheaton,Bryce Ford-Wheaton,WR,WR,"https://static.www.nfl.com/image/upload/f_auto,q_auto/league/avfgonlaxpgblcdmfedn",1,NYG,0,0,0,0,0,0,0,0,0,0,0,0,,0,,,0,0,0,0,0,0,,0,0,0,0,0,0,0,0,0,0,,0,,,,,1,6.0,6.0
2024,REG+POST,00-0038489,B.VanSumeren,Ben VanSumeren,FB,RB,"https://static.www.nfl.com/image/private/f_auto,q_auto/league/uf90uiqoapeb0jrzumui",1,PHI,0,0,0,0,0,0,0,0,0,0,0,0,,0,,,0,0,0,0,0,0,,0,1,1,0,0,0,0,0,0,0,-0.48021248326404,0,,0.0434782608695652,,,0,0.0,1.0
2024,REG+POST,00-0038496,X.Gipson,Xavier Gipson,WR,WR,"https://static.www.nfl.com/image/private/f_auto,q_auto/league/tqo7wkjetkgupevxfvnv",7,NYJ,0,0,0,0,0,0,0,0,0,0,0,0,,0,,,1,5,0,0,0,1,0.405187711585313,0,6,10,39,1,0,0,112,22,3,-1.71095819136826,0,0.348214285714286,0.05,0.0790960451977401,0.130367231638418,0,10.4,16.4
2024,REG+POST,00-0038498,E.Jenkins,E.J. Jenkins,TE,TE,"https://static.www.nfl.com/image/upload/f_auto,q_auto/league/utbs1f78kfxb51b6asit",2,PHI,0,0,0,0,0,0,0,0,0,0,0,0,,0,,,0,0,0,0,0,0,,0,1,2,7,1,0,0,9,3,1,0.799606117070653,0,0.777777777777778,0.0338983050847458,0.0199115044247788,0.0647855107244638,0,6.7,7.7
2024,REG+POST,00-0038507,G.DuBose,Grant DuBose,WR,WR,"https://static.www.nfl.com/image/upload/f_auto,q_auto/league/ytrkyhuvudbeuc90zuok",2,MIA,0,0,0,0,0,0,0,0,0,0,0,0,,0,,,0,0,0,0,0,0,,0,2,4,11,0,0,0,47,3,1,-4.10426956950687,0,0.234042553191489,0.0526315789473684,0.0979166666666667,0.147489035087719,0,1.1,3.1
2024,REG+POST,00-0038519,N.Remigio,Nikko Remigio,WR,WR,"https://static.www.nfl.com/image/private/f_auto,q_auto/league/zyfiv72fmfh3unajdnu0",1,KC,0,0,0,0,0,0,0,0,0,0,0,0,,0,,,0,0,0,0,0,0,,0,2,6,48,0,0,0,64,14,2,-0.401454297360033,0,0.75,0.352941176470588,0.533333333333333,0.902745098039216,0,4.8,6.8
2024,REG+POST,00-0038542,B.Robinson,Bijan Robinson,RB,RB,"https://static.www.nfl.com/image/upload/f_auto,q_auto/league/rydwvaod6ethdjap41l6",17,ATL,0,0,0,0,0,0,0,0,0,0,0,0,,0,,,304,1456,14,1,0,82,16.8835396067896,1,61,72,431,1,0,0,-21,531,20,7.64841874230321,0,-20.5238095238095,0.133580705009276,-0.0047318611987381,0.197058754674798,0,280.7,341.7
2024,REG+POST,00-0038543,J.Smith-Njigba,Jaxon Smith-Njigba,WR,WR,"https://static.www.nfl.com/image/upload/f_auto,q_auto/league/lfroslgx4bo5p641flvg",17,SEA,1,1,35,0,0,0,0,0,0,35,0,1,2.24360939417966,0,1.0,,5,26,0,0,0,1,0.0267391607630998,0,100,137,1130,6,1,0,1186,477,55,49.3913404936788,0,0.952782462057336,0.240773286467487,0.293564356435644,0.566654979206181,0,153.0,253.0
2024,REG+POST,00-0038544,Q.Johnston,Quentin Johnston,WR,WR,"https://static.www.nfl.com/image/upload/f_auto,q_auto/league/jbxlvsbokf9qdqtet1qr",16,LAC,0,0,0,0,0,0,0,0,0,0,0,0,,0,,,3,6,0,0,0,0,-0.813873316859826,0,55,96,711,8,0,0,1072,306,31,25.3182324747474,0,0.663246268656716,0.210526315789474,0.264560710760118,0.500981971216293,0,119.7,174.7
2024,REG+POST,00-0038547,L.Schoonmaker,Luke Schoonmaker,TE,TE,"https://static.www.nfl.com/image/upload/f_auto,q_auto/league/fd4exg1hqzlm9sk6ruu6",10,DAL,0,0,0,0,0,0,0,0,0,0,0,0,,0,,,0,0,0,0,0,0,,0,27,36,241,1,0,0,199,97,11,9.40591506165219,0,1.21105527638191,0.0947368421052632,0.0715827338129496,0.192213176826959,0,30.1,57.1
2024,REG+POST,00-0038550,H.Hooker,Hendon Hooker,QB,QB,"https://static.www.nfl.com/image/upload/f_auto,q_auto/league/ym5l2he8pycechphzse6",3,DET,6,9,62,0,0,1,9,0,0,58,30,3,-2.0768875653945,0,1.06896551724138,-0.0161207877164577,5,2,0,0,0,1,-2.99576760584023,0,0,0,0,0,0,0,0,0,0,,0,,,,,0,2.68,2.68
2024,REG+POST,00-0038551,K.Miller,Kendre Miller,RB,RB,"https://static.www.nfl.com/image/upload/f_auto,q_auto/league/wyj0lpna5gbhvyfiqnis",6,NO,0,0,0,0,0,0,0,0,0,0,0,0,,0,,,39,148,1,0,0,11,-5.37066567892907,0,5,8,33,0,0,0,3,33,2,-0.583767805423122,0,11.0,0.0496894409937888,0.0022288261515601,0.0760943397967754,0,24.1,29.1
2024,REG+POST,00-0038555,T.Bigsby,Tank Bigsby,RB,RB,"https://static.www.nfl.com/image/upload/f_auto,q_auto/league/vwl0kijb59dp20m3hs3u",15,JAX,0,0,0,0,0,0,0,0,0,0,0,0,,0,,,168,766,7,3,1,39,-0.84089315052433,0,7,12,54,0,0,0,-13,64,1,-2.84954458358698,0,-4.15384615384615,0.041958041958042,-0.0059852670349907,0.0587473760125694,0,122.0,129.0
2024,REG+POST,00-0038558,D.Washington,Darnell Washington,TE,TE,"https://static.www.nfl.com/image/upload/f_auto,q_auto/league/i6bxioxqzrc9hepszyjf",14,PIT,0,0,0,0,0,0,0,0,0,0,0,0,,0,,,0,0,0,0,0,0,,0,20,28,209,1,0,0,123,131,9,8.78276335675037,0,1.69918699186992,0.0738786279683377,0.0467325227963526,0.143530707909953,0,26.9,46.9
2024,REG+POST,00-0038559,M.Wilson,Michael Wilson,WR,WR,"https://static.www.nfl.com/image/upload/f_auto,q_auto/league/spsbduvpqe21tgkwhvbc",16,ARI,0,0,0,0,0,0,0,0,0,0,0,0,,0,,,1,7,0,0,0,0,-0.814475663122721,0,47,71,548,4,1,1,805,130,27,10.1235617534646,0,0.680745341614907,0.144602851323829,0.235793790275337,0.381959930178479,0,77.5,124.5
2024,REG+POST,00-0038563,T.Tucker,Tre Tucker,WR,WR,"https://static.www.nfl.com/image/upload/f_auto,q_auto/league/soebzcfwhgnjffwqv1ox",17,LV,0,0,0,0,0,0,0,0,0,0,0,0,,0,,,9,44,1,0,0,3,2.73912213757285,0,47,81,539,3,0,0,1017,208,24,12.2734947501078,0,0.529990167158309,0.136824324324324,0.247867414087253,0.378743676347564,0,82.3,129.3
2024,REG+POST,00-0038573,D.Davis,Derius Davis,WR,WR,"https://static.www.nfl.com/image/upload/f_auto,q_auto/league/ctk98ws4ps6p4gaei6uu",12,LAC,0,0,0,0,0,0,0,0,0,0,0,0,,0,,,13,36,0,0,0,2,-5.24063580558868,0,14,18,116,2,1,0,58,130,5,5.00866930681514,0,2.0,0.0584415584415584,0.0200276243093923,0.101681674678912,0,27.2,41.2
2024,REG+POST,00-0038576,C.Jones,Charlie Jones,WR,WR,"https://static.www.nfl.com/image/upload/f_auto,q_auto/league/tbncr0bm5daiafdei8i8",2,CIN,0,0,0,0,0,0,0,0,0,0,0,0,,0,,,0,0,0,0,0,0,,0,1,1,5,0,0,0,5,0,0,0.163901908614207,0,1.0,0.0344827586206897,0.0308641975308642,0.0733290762026394,1,6.5,7.5
2024,REG+POST,00-0038579,A.O'Connell,Aidan O'Connell,QB,QB,"https://static.www.nfl.com/image/upload/f_auto,q_auto/league/aphs7sdbtn8v4zo9pz6w",9,LV,154,243,1612,8,4,10,82,0,0,1921,731,78,4.30266368198077,0,0.839146277980219,0.0232293744989578,21,30,1,2,2,10,-8.12173436273588,0,0,0,0,0,0,0,0,0,0,,0,,,,,0,93.48,93.48
2024,REG+POST,00-0038582,C.Tune,Clayton Tune,QB,QB,"https://static.www.nfl.com/image/upload/f_auto,q_auto/league/bbiianhnrupao5vm4onx",5,ARI,2,2,8,0,0,0,0,0,0,4,4,0,-1.12801867816597,0,2.0,,7,-4,0,1,1,2,-10.5396242414718,0,0,0,0,0,0,0,0,0,0,,0,,,,,0,-2.08,-2.08
2024,REG+POST,00-0038583,D.Thompson-Robinson,Dorian Thompson-Robinson,QB,QB,"https://static.www.nfl.com/image/upload/f_auto,q_auto/league/ujuyt3hpswlin3aahmhu",6,CLE,61,118,440,0,6,8,47,2,1,710,251,20,-71.1411469733575,0,0.619718309859155,-0.0300497703945884,21,122,0,1,0,9,5.99139755265787,0,0,0,0,0,0,0,0,0,0,,0,,,,,0,15.8,15.8
2024,REG+POST,00-0038589,J.Whyle,Josh Whyle,TE,TE,"https://static.www.nfl.com/image/upload/f_auto,q_auto/league/ccstvnbjzprcpb2j9xnb",14,TEN,0,0,0,0,0,0,0,0,0,0,0,0,,0,,,0,0,0,0,0,0,,0,28,37,248,1,0,0,209,143,14,7.96463469296365,1,1.1866028708134,0.0876777251184834,0.0582659604126011,0.172302759966546,0,32.8,60.8
2024,REG+POST,00-0038597,C.Brown,Chase Brown,RB,RB,"https://static.www.nfl.com/image/upload/f_auto,q_auto/league/rxzzjpgjgjsmmkekp6zu",16,CIN,0,0,0,0,0,0,0,0,0,0,0,0,,0,,,229,990,7,2,1,49,-5.85863272827405,1,54,65,360,4,0,0,53,326,23,9.81889529448408,0,6.79245283018868,0.118613138686131,0.0134688691232529,0.187347916415474,0,201.0,255.0
2024,REG+POST,00-0038606,P.Washington,Parker Washington,WR,WR,"https://static.www.nfl.com/image/private/f_auto,q_auto/league/pukz1x5ysxkhvsmcttdm",13,JAX,0,0,0,0,0,0,0,0,0,0,0,0,,0,,,0,0,0,0,0,0,,0,32,51,390,3,1,0,601,108,19,13.3345623737517,1,0.64891846921797,0.134210526315789,0.183679706601467,0.329891584094711,1,65.0,97.0
2024,REG+POST,00-0038608,K.Boutte,Kayshon Boutte,WR,WR,"https://static.www.nfl.com/image/private/f_auto,q_auto/league/nz6t7jhx6erszovbv1bd",15,NE,0,0,0,0,0,0,0,0,0,0,0,0,,0,,,0,0,0,0,0,0,,0,43,68,589,3,0,0,1011,150,24,19.6835254341252,1,0.582591493570722,0.150110375275938,0.295614035087719,0.432095387475311,0,78.9,121.9
2024,REG+POST,00-0038611,C.Rodriguez,Chris Rodriguez,RB,RB,"https://static.www.nfl.com/image/upload/f_auto,q_auto/league/z5nbh1nza9je683o17h1",6,WAS,0,0,0,0,0,0,0,0,0,0,0,0,,0,,,35,173,2,0,0,10,7.94025240946212,0,1,1,12,0,0,0,1,11,1,1.13839163765078,0,12.0,0.0285714285714286,0.0041322314049586,0.0457497048406139,0,30.5,31.5
2024,REG+POST,00-0038614,S.Matlock,Scott Matlock,FB,RB,"https://static.www.nfl.com/image/upload/f_auto,q_auto/league/qin48hcmcufdvuvyefxz",5,LAC,0,0,0,0,0,0,0,0,0,0,0,0,,0,,,0,0,0,0,0,0,,0,4,5,28,0,0,0,7,23,1,1.07180205383338,0,4.0,0.0367647058823529,0.0075675675675675,0.0604443561208267,0,2.8,6.8
2024,REG+POST,00-0038618,X.Hutchinson,Xavier Hutchinson,WR,WR,"https://static.www.nfl.com/image/upload/f_auto,q_auto/league/vlxzxhej5ffelkxrqf4g",16,HOU,0,0,0,0,0,0,0,0,0,0,0,0,,0,,,0,0,0,0,0,0,,0,17,33,203,0,0,0,351,62,8,-1.48556027498656,0,0.578347578347578,0.0657370517928287,0.0829199149539334,0.156649518156996,0,20.3,37.3
2024,REG+POST,00-0038619,A.Iosivas,Andrei Iosivas,WR,WR,"https://static.www.nfl.com/image/upload/f_auto,q_auto/league/pgbqgzrxmbnmpcnkhsya",17,CIN,0,0,0,0,0,0,0,0,0,0,0,0,,0,,,0,0,0,0,0,0,,0,36,61,479,6,0,0,692,67,26,23.9635120646837,0,0.692196531791908,0.0971337579617834,0.15292817679558,0.252750360699581,0,83.9,119.9
2024,REG+POST,00-0038621,D.Douglas,Demario Douglas,WR,WR,"https://static.www.nfl.com/image/private/f_auto,q_auto/league/svnh61ottqtfmcqvnbj3",16,NE,0,0,0,0,0,0,0,0,0,0,0,0,,0,,,3,16,0,0,0,0,0.736074057407677,0,66,87,621,3,1,0,531,359,31,20.8253435181423,0,1.16949152542373,0.182773109243697,0.158982035928144,0.385447089015247,0,81.7,147.7
2024,REG+POST,00-0038622,D.Vaughn,Deuce Vaughn,RB,RB,"https://static.www.nfl.com/image/upload/f_auto,q_auto/league/uzxaeh4dssbmvz3lwaan",5,DAL,0,0,0,0,0,0,0,0,0,0,0,0,,0,,,17,70,0,0,0,2,-4.09176857437706,0,3,5,18,0,0,0,0,13,0,-1.9020850348752,0,0.0,0.0344827586206897,0.0,0.0517241379310345,0,8.8,11.8
2024,REG+POST,00-0038636,K.McIntosh,Kenny McIntosh,RB,RB,"https://static.www.nfl.com/image/upload/f_auto,q_auto/league/tjntwl7kvcais3a8xw7y",7,SEA,0,0,0,0,0,0,0,0,0,0,0,0,,0,,,31,172,0,0,0,8,1.48807978018885,0,3,4,22,0,0,0,5,17,1,-0.404057139356155,0,4.4,0.0408163265306122,0.0102880658436214,0.0684261358864533,0,19.4,22.4
2024,REG+POST,00-0038640,J.Brooks,Jalen Brooks,WR,WR,"https://static.www.nfl.com/image/upload/f_auto,q_auto/league/jdwbrmypfsotpdw86w6u",12,DAL,0,0,0,0,0,0,0,0,0,0,0,0,,0,,,0,0,0,0,0,0,,0,12,30,177,1,0,0,409,37,8,-17.6751778526307,0,0.432762836185819,0.0674157303370787,0.119976532707539,0.185107168400895,0,23.7,35.7
2024,REG+POST,00-0038643,B.Willis,Brayden Willis,TE,TE,"https://static.www.nfl.com/image/upload/f_auto,q_auto/league/pz1nzzfellquco7nk65e",1,SF,0,0,0,0,0,0,0,0,0,0,0,0,,0,,,0,0,0,0,0,0,,0,0,2,0,0,0,0,11,0,0,-1.44614098226884,0,0.0,0.0476190476190476,0.0328358208955224,0.0944136460554371,0,0.0,0.0
2024,REG+POST,00-0038647,R.Bell,Ronnie Bell,WR,WR,"https://static.www.nfl.com/image/upload/f_auto,q_auto/league/agn76jfaaawk5usur8oh",3,SF,0,0,0,0,0,0,0,0,0,0,0,0,,0,,,0,0,0,0,0,0,,0,2,6,22,0,0,0,65,2,1,-4.30638633202761,0,0.338461538461539,0.0697674418604651,0.0808457711442786,0.161243202591693,0,2.2,4.2
2024,REG+POST,00-0038678,J.Mims,Jordan Mims,RB,RB,"https://static.www.nfl.com/image/upload/f_auto,q_auto/league/nvamfcrdqvkwtnpgmzdh",7,NO,0,0,0,0,0,0,0,0,0,0,0,0,,0,,,20,70,0,0,0,2,-3.17677546018967,0,12,18,71,0,0,0,3,80,4,-7.65832852014243,0,23.6666666666667,0.116883116883117,0.0024834437086092,0.177063085920702,0,14.1,26.1
2024,REG+POST,00-0038679,T.Shavers,Tyrell Shavers,WR,WR,"https://static.www.nfl.com/image/upload/f_auto,q_auto/league/c9suapwpslnrvoz3ckry",1,BUF,0,0,0,0,0,0,0,0,0,0,0,0,,0,,,0,0,0,0,0,0,,0,1,1,69,1,0,0,-2,71,1,7.09404285252094,0,0.0,0.037037037037037,-0.0094339622641509,0.0489517819706499,0,12.9,13.9
2024,REG+POST,00-0038685,C.Brooks,Christopher Brooks,RB,RB,"https://static.www.nfl.com/image/upload/f_auto,q_auto/league/uuahiqarbpnfv8xlihlu",12,GB,0,0,0,0,0,0,0,0,0,0,0,0,,0,,,36,183,1,0,0,12,4.7882587546025,0,13,16,78,0,0,0,-33,113,2,-3.90362860124265,0,-2.36363636363636,0.0661157024793388,-0.0175718849840256,0.0868732342301904,0,32.1,45.1
2024,REG+POST,00-0038705,E.Demercado,Emari Demercado,RB,RB,"https://static.www.nfl.com/image/upload/f_auto,q_auto/league/pvd4nrkfpg8h1yamerrr",13,ARI,0,0,0,0,0,0,0,0,0,0,0,0,,0,,,24,223,1,0,0,8,12.3622012627535,0,16,20,104,0,0,0,26,95,3,-3.34879443103604,0,4.0,0.0806451612903226,0.017675050985724,0.133340277625491,0,38.7,54.7
2024,REG+POST,00-0038710,B.Whiteheart,Blake Whiteheart,TE,TE,"https://static.www.nfl.com/image/upload/f_auto,q_auto/league/kwsgfizrabfarbea4dbd",7,CLE,0,0,0,0,0,0,0,0,0,0,0,0,,0,,,0,0,0,0,0,0,,0,6,9,51,1,0,0,81,10,2,-3.7565755097894,0,0.62962962962963,0.0344827586206897,0.0467397576457011,0.0844419682830253,0,11.1,17.1
2024,REG+POST,00-0038720,J.Hill,Julian Hill,TE,TE,"https://static.www.nfl.com/image/upload/f_auto,q_auto/league/ycrsps9cgsfkyppucwrr",11,MIA,0,0,0,0,0,0,0,0,0,0,0,0,,0,,,0,0,0,0,0,0,,0,12,19,100,0,1,0,120,58,5,4.25491516606417,0,0.833333333333333,0.0481012658227848,0.0539811066126856,0.109938673363057,0,10.0,22.0
2024,REG+POST,00-0038728,J.Wayne,Jared Wayne,WR,WR,"https://static.www.nfl.com/image/private/f_auto,q_auto/league/udca0jyyym0k7vh2f5yr",1,HOU,0,0,0,0,0,0,0,0,0,0,0,0,,0,,,0,0,0,0,0,0,,0,0,2,0,0,0,0,40,0,0,-1.49377723131329,0,0.0,0.0714285714285714,0.148148148148148,0.210846560846561,0,0.0,0.0
2024,REG+POST,00-0038738,H.Luepke,Hunter Luepke,FB,RB,"https://static.www.nfl.com/image/upload/f_auto,q_auto/league/kutswlnzg4fefe7lpbd2",13,DAL,0,0,0,0,0,0,0,0,0,0,0,0,,0,,,12,38,0,0,0,6,0.935920973610983,0,12,16,111,0,0,0,39,84,5,4.59820180720647,0,2.84615384615385,0.0457142857142857,0.0172185430463576,0.0806244087038789,0,14.9,26.9
2024,REG+POST,00-0038752,J.Bobo,Jake Bobo,WR,WR,"https://static.www.nfl.com/image/upload/f_auto,q_auto/league/vf5wazbhc3u7x7vjhojq",11,SEA,0,0,0,0,0,0,0,0,0,0,0,0,,0,,,0,0,0,0,0,0,,0,13,17,107,1,0,0,138,27,8,4.81057947449153,0,0.77536231884058,0.0425,0.0464021519838601,0.0962315063887021,0,16.7,29.7
2024,REG+POST,00-0038783,N.Adkins,Nate Adkins,TE,TE,"https://static.www.nfl.com/image/upload/f_auto,q_auto/league/zbvo4oy4twbharwpmsqv",12,DEN,0,0,0,0,0,0,0,0,0,0,0,0,,0,,,0,0,0,0,0,0,,0,14,15,115,3,0,0,62,76,6,9.08091498515569,0,1.85483870967742,0.0392670157068063,0.0234759560772435,0.0753336928142798,0,29.5,43.5
2024,REG+POST,00-0038794,J.McLaughlin,Jaleel McLaughlin,RB,RB,"https://static.www.nfl.com/image/upload/f_auto,q_auto/league/ndqnhudqtipzrnzslyla",17,DEN,0,0,0,0,0,0,0,0,0,0,0,0,,0,,,115,494,1,0,0,25,-2.71405068910099,0,25,28,76,2,1,1,-111,169,3,-14.5770015304696,0,-0.684684684684685,0.0674698795180723,-0.035171102661597,0.0765850474139906,0,73.0,98.0
2024,REG+POST,00-0038797,E.Wilson,Emanuel Wilson,RB,RB,"https://static.www.nfl.com/image/upload/f_auto,q_auto/league/hpscbhsmjocm8kmwfbuc",18,GB,0,0,0,0,0,0,0,0,0,0,0,0,,0,,,106,508,4,0,0,27,7.13580693304547,0,12,17,71,1,0,0,-56,129,4,-2.962740145004,0,-1.26785714285714,0.0548387096774194,-0.0203488372093023,0.0680138784696174,0,87.9,99.9
2024,REG+POST,00-0038809,B.Sims,Ben Sims,TE,TE,"https://static.www.nfl.com/image/upload/f_auto,q_auto/league/mfl9febpyc8nk2abxcf2",4,GB,0,0,0,0,0,0,0,0,0,0,0,0,,0,,,0,0,0,0,0,0,,0,4,5,42,0,0,0,40,16,1,2.15426767402096,0,1.05,0.0454545454545455,0.0422386483632524,0.0977488720360948,0,4.2,8.2
2024,REG+POST,00-0038821,R.Jarrett,Rakim Jarrett,WR,WR,"https://static.www.nfl.com/image/upload/f_auto,q_auto/league/mnbgtrdhyuofclpct6tl",6,TB,0,0,0,0,0,0,0,0,0,0,0,0,,0,,,0,0,0,0,0,0,,0,9,11,124,0,0,0,127,18,5,7.41458555612858,0,0.976377952755906,0.052132701421801,0.085464333781965,0.138024085780077,0,12.4,21.4
2024,REG+POST,00-0038824,R.Miller,Ryan Miller,WR,WR,"https://static.www.nfl.com/image/upload/f_auto,q_auto/league/maywscb6waflzzuaesew",8,TB,0,0,0,0,0,0,0,0,0,0,0,0,,0,,,0,0,0,0,0,0,,0,12,20,128,2,0,0,195,55,7,4.84786595053788,0,0.656410256410256,0.0732600732600733,0.100102669404517,0.179961978473272,0,24.8,36.8
2024,REG+POST,00-0038840,B.Tremayne,Brycen Tremayne,WR,WR,"https://static.www.nfl.com/image/upload/f_auto,q_auto/league/qugjtd2g51vib69ekkel",1,WAS,0,0,0,0,0,0,0,0,0,0,0,0,,0,,,0,0,0,0,0,0,,0,1,1,-2,0,0,0,-2,0,0,-1.39147220214363,0,0.0,0.037037037037037,-0.0065573770491803,0.0509653916211293,0,-0.2,0.8
2024,REG+POST,00-0038920,J.Shenker,John Samuel Shenker,TE,TE,"https://static.www.nfl.com/image/private/f_auto,q_auto/league/gx0qdhwr7pdetd83ifcw",1,LV,0,0,0,0,0,0,0,0,0,0,0,0,,0,,,0,0,0,0,0,0,,0,1,1,7,0,0,0,4,3,0,0.374102335888892,0,1.75,0.037037037037037,0.0291970802919708,0.0759935117599351,0,0.7,1.7
2024,REG+POST,00-0038933,D.Kincaid,Dalton Kincaid,TE,TE,"https://static.www.nfl.com/image/upload/f_auto,q_auto/league/rsimqxdfwlb1n9qd4w3g",16,BUF,0,0,0,0,0,0,0,0,0,0,0,0,,0,,,0,0,0,0,0,0,,0,50,84,519,2,1,0,671,296,25,14.9300972902054,0,0.773472429210134,0.1875,0.183734939759036,0.409864457831325,0,63.9,113.9
2024,REG+POST,00-0038935,B.Strange,Brenton Strange,TE,TE,"https://static.www.nfl.com/image/private/f_auto,q_auto/league/trfk78mrfsafnbatyx2x",14,JAX,0,0,0,0,0,0,0,0,0,0,0,0,,0,,,0,0,0,0,0,0,,0,40,53,411,2,1,1,341,183,21,18.9472138588974,0,1.20527859237537,0.116997792494481,0.0959752321981424,0.242679351280422,0,51.1,91.1
2024,REG+POST,00-0038938,J.Hyatt,Jalin Hyatt,WR,WR,"https://static.www.nfl.com/image/private/f_auto,q_auto/league/ibftqfglvcqaipfdnr4f",10,NYG,0,0,0,0,0,0,0,0,0,0,0,0,,0,,,0,0,0,0,0,0,,0,8,19,62,0,0,0,363,6,3,-6.58760229247855,0,0.170798898071625,0.0547550432276657,0.155327342747112,0.190861704764477,0,6.2,14.2
2024,REG+POST,00-0038941,T.Scott,Tyler Scott,WR,WR,"https://static.www.nfl.com/image/upload/f_auto,q_auto/league/atxk3cex3cedv7drflrw",1,CHI,0,0,0,0,0,0,0,0,0,0,0,0,,0,,,0,0,0,0,0,0,,0,1,1,5,0,0,0,-2,7,0,-0.072181174706202,0,0.0,0.032258064516129,-0.0093896713615023,0.0418143268211419,0,0.5,1.5
2024,REG+POST,00-0038951,S.Tucker,Sean Tucker,RB,RB,"https://static.www.nfl.com/image/upload/f_auto,q_auto/league/pgc1uq4p5euuc9lkaphf",11,TB,0,0,0,0,0,0,0,0,0,0,0,0,,0,,,50,308,2,1,0,17,10.127416212595,0,9,12,109,1,0,0,12,105,6,7.42004849683144,0,9.08333333333333,0.0406779661016949,0.0068846815834767,0.0658362262609761,0,59.7,68.7
2024,REG+POST,00-0038976,M.Mims,Marvin Mims,WR,WR,"https://static.www.nfl.com/image/upload/f_auto,q_auto/league/trvilnckw7nprw1gkghl",17,DEN,0,0,0,0,0,0,0,0,0,0,0,0,,0,,,15,43,0,0,0,4,-3.35066094237845,0,41,56,515,6,1,0,422,480,16,24.2818122296761,0,1.22037914691943,0.102376599634369,0.102977061981454,0.225648842838572,0,91.8,132.8
2024,REG+POST,00-0038977,T.Dell,Tank Dell,WR,WR,"https://static.www.nfl.com/image/upload/f_auto,q_auto/league/tqxgovzlhxj0jnwkcvtq",14,HOU,0,0,0,0,0,0,0,0,0,0,0,0,,0,,,9,43,0,0,0,3,-2.26305238634814,0,51,81,667,3,0,0,1016,164,35,21.8984566964169,0,0.656496062992126,0.180400890868597,0.279966933039405,0.466578189430479,0,89.0,140.0
2024,REG+POST,00-0038979,C.Tillman,Cedric Tillman,WR,WR,"https://static.www.nfl.com/image/upload/f_auto,q_auto/league/fp371fgk45btt01uvucq",9,CLE,0,0,0,0,0,0,0,0,0,0,0,0,,0,,,1,-5,0,0,0,0,-2.40894636111297,0,29,49,339,3,1,1,552,104,15,-1.37258790183508,1,0.614130434782609,0.154088050314465,0.204823747680891,0.374508698848322,0,51.4,80.4
2024,REG+POST,00-0038981,W.Morris,Wanya Morris,T,OL,"https://static.www.nfl.com/image/private/f_auto,q_auto/league/vc46l5oloqhlrcd3g1xz",1,KC,0,0,0,0,0,0,0,0,0,0,0,0,,0,,,0,0,0,0,0,0,,0,1,1,1,1,0,0,1,0,1,0.700560969533399,0,1.0,0.0434782608695652,0.0113636363636364,0.0731719367588933,0,6.1,7.1
2024,REG+POST,00-0038994,J.Addison,Jordan Addison,WR,WR,"https://static.www.nfl.com/image/upload/f_auto,q_auto/league/tmyckmignrvy8truccwm",16,MIN,0,0,0,0,0,0,0,0,0,0,0,0,,0,,,3,20,1,0,0,1,2.73059510550229,0,66,107,904,9,0,0,1438,213,41,32.1810883354404,0,0.62865090403338,0.210629921259843,0.316949526118581,0.53780955017277,0,152.4,218.4
2024,REG+POST,00-0038996,T.Kraft,Tucker Kraft,TE,TE,"https://static.www.nfl.com/image/upload/f_auto,q_auto/league/klrmgekdzx1ywjjmixp7",18,GB,0,0,0,0,0,0,0,0,0,0,0,0,,0,,,5,16,0,0,0,5,5.90993410244118,0,55,75,733,7,1,1,379,477,31,36.3081839683473,1,1.93403693931398,0.150905432595573,0.0861559445328484,0.286667310066354,0,116.9,171.9
2024,REG+POST,00-0038997,J.Downs,Josh Downs,WR,WR,"https://static.www.nfl.com/image/upload/f_auto,q_auto/league/zue2xxvfrignllqlhagu",14,IND,0,0,0,0,0,0,0,0,0,0,0,0,,0,,,1,-1,0,0,0,0,-0.872418099315837,0,72,107,803,5,0,0,734,396,40,25.5972637405168,0,1.09400544959128,0.255980861244019,0.176739706236456,0.507689086231548,0,110.2,182.2
2024,REG+POST,00-0038998,J.Haener,Jake Haener,QB,QB,"https://static.www.nfl.com/image/upload/f_auto,q_auto/league/wugesxgiiuzs6fdymp57",8,NO,18,39,226,1,1,6,55,0,0,345,97,10,-14.9484791537611,0,0.655072463768116,-0.0651965322621406,11,22,0,0,0,0,-1.55629123060498,0,0,0,0,0,0,0,0,0,0,,0,,,,,0,13.24,13.24
2024,REG+POST,00-0039021,R.Johnson,Roschon Johnson,RB,RB,"https://static.www.nfl.com/image/upload/f_auto,q_auto/league/skajjk8i3zdrvzqmucww",12,CHI,0,0,0,0,0,0,0,0,0,0,0,0,,0,,,55,150,6,0,0,17,-4.45237365386586,0,16,20,104,0,0,0,11,96,6,6.61026124769705,0,9.45454545454546,0.0840336134453782,0.006204173716864,0.130393341769872,0,61.4,77.4
2024,REG+POST,00-0039032,T.Spears,Tyjae Spears,RB,RB,"https://static.www.nfl.com/image/upload/f_auto,q_auto/league/qb4us1f96uox7v3poxzj",12,TEN,0,0,0,0,0,0,0,0,0,0,0,0,,0,,,84,312,4,0,0,19,-4.82757510938391,0,30,35,224,1,0,0,-31,255,9,-1.51825323239476,0,-7.2258064516129,0.120689655172414,-0.013876454789615,0.17132096440589,0,83.6,113.6
2024,REG+POST,00-0039040,D.Achane,Devon Achane,RB,RB,"https://static.www.nfl.com/image/upload/f_auto,q_auto/league/zqfkz3hbyurjcwhw7xoi",17,MIA,0,0,0,0,0,0,0,0,0,0,0,0,,0,,,203,907,6,0,0,37,-11.2816310102353,0,78,87,592,6,1,0,-35,665,30,23.8639774751283,0,-16.9142857142857,0.163841807909605,-0.010497900419916,0.238414181570466,0,221.9,299.9
2024,REG+POST,00-0039041,E.Higgins,Elijah Higgins,TE,TE,"https://static.www.nfl.com/image/upload/f_auto,q_auto/league/sodpdh4uhbhzjxbnmao1",14,ARI,0,0,0,0,0,0,0,0,0,0,0,0,,0,,,0,0,0,0,0,0,,0,20,24,172,2,0,0,108,90,10,9.53099793335423,0,1.59259259259259,0.0570071258907364,0.0352365415986949,0.110176267955191,0,29.2,49.2
2024,REG+POST,00-0039050,P.Durham,Payne Durham,TE,TE,"https://static.www.nfl.com/image/upload/f_auto,q_auto/league/vrdqb2si9rpshhy51liq",5,TB,0,0,0,0,0,0,0,0,0,0,0,0,,0,,,0,0,0,0,0,0,,0,11,14,115,2,1,0,124,24,5,10.3966514016502,0,0.92741935483871,0.0833333333333333,0.1,0.195,0,23.5,34.5
2024,REG+POST,00-0039052,T.Palmer,Trey Palmer,WR,WR,"https://static.www.nfl.com/image/upload/f_auto,q_auto/league/zv0wdsdctgf2zw2ctumy",10,TB,0,0,0,0,0,0,0,0,0,0,0,0,,0,,,0,0,0,0,0,0,,0,12,22,172,1,0,0,315,42,7,5.94501059522736,0,0.546031746031746,0.0599455040871935,0.131414267834793,0.181908243615146,0,23.2,35.2
2024,REG+POST,00-0039062,J.Mingo,Jonathan Mingo,WR,WR,"https://static.www.nfl.com/image/upload/f_auto,q_auto/league/slc08tcccvtyqr61dtkd",14,DAL,0,0,0,0,0,0,0,0,0,0,0,0,,0,,,2,5,0,1,1,0,-5.32915363204666,0,17,42,167,0,0,0,462,67,6,-13.3652850387309,0,0.361471861471861,0.0882352941176471,0.142989786443825,0.232445791687148,0,15.2,32.2
2024,REG+POST,00-0039064,Z.Flowers,Zay Flowers,WR,WR,"https://static.www.nfl.com/image/upload/f_auto,q_auto/league/oidhqwg0fjvanyk57nc1",17,BAL,0,0,0,0,0,0,0,0,0,0,0,0,,0,,,9,56,0,0,0,1,2.14622293785214,0,74,116,1059,4,0,0,1207,463,48,45.6036891678379,0,0.877381938690969,0.25382932166302,0.300472989793378,0.591075075349894,0,135.5,209.5
2024,REG+POST,00-0039065,S.LaPorta,Sam LaPorta,TE,TE,"https://static.www.nfl.com/image/upload/f_auto,q_auto/league/ucw8cfj5t5nwkx670wzu",17,DET,0,0,0,0,0,0,0,0,0,0,0,0,,0,,,0,0,0,0,0,0,,0,66,90,777,8,0,0,609,365,42,33.0057560891746,0,1.27586206896552,0.169811320754717,0.171211695248805,0.374565167806239,0,125.7,191.7
2024,REG+POST,00-0039066,M.Mayer,Michael Mayer,TE,TE,"https://static.www.nfl.com/image/upload/f_auto,q_auto/league/rmc4igjgu5za2va8rfe1",11,LV,0,0,0,0,0,0,0,0,0,0,0,0,,0,,,0,0,0,0,0,0,,0,21,32,156,0,0,0,197,61,8,-0.0140098294778266,0,0.791878172588833,0.0798004987531172,0.0710165825522711,0.169412355916266,0,15.6,36.6
2024,REG+POST,00-0039067,R.Rice,Rashee Rice,WR,WR,"https://static.www.nfl.com/image/private/f_auto,q_auto/league/zjgi60dvmj5ogvanp201",3,KC,0,0,0,0,0,0,0,0,0,0,0,0,,0,,,1,1,0,0,0,1,2.34961192391347,0,24,29,288,2,0,0,151,186,15,16.4732722085319,0,1.90728476821192,0.337209302325581,0.351981351981352,0.752200899875319,0,40.9,64.9
2024,REG+POST,00-0039074,D.Allen,Davis Allen,TE,TE,"https://static.www.nfl.com/image/upload/f_auto,q_auto/league/ihbec16pwn2ki5woyr4m",7,LA,0,0,0,0,0,0,0,0,0,0,0,0,,0,,,0,0,0,0,0,0,,0,7,15,52,1,0,0,60,29,3,-1.69325861082836,0,0.866666666666667,0.0561797752808989,0.0303183425972714,0.105492502739438,0,11.2,18.2
2024,REG+POST,00-0039075,P.Nacua,Puka Nacua,WR,WR,"https://static.www.nfl.com/image/upload/f_auto,q_auto/league/i1pmrhua5gpvwgsqphxa",13,LA,0,0,0,0,0,0,0,0,0,0,0,0,,0,,,12,53,1,0,0,2,2.37049465102609,0,90,129,1131,3,0,0,1046,577,53,50.1551072945418,0,1.08126195028681,0.303529411764706,0.315060240963855,0.675836286321758,0,142.4,232.4
2024,REG+POST,00-0039139,J.Gibbs,Jahmyr Gibbs,RB,RB,"https://static.www.nfl.com/image/upload/f_auto,q_auto/league/f5y3osxxtov5rgfv4ra5",18,DET,0,0,0,0,0,0,0,0,0,0,0,0,,0,,,264,1517,18,0,0,76,40.4108765275634,0,58,74,567,3,1,1,41,624,30,13.0680935002638,0,13.8292682926829,0.142307692307692,0.0115330520393812,0.221534674889105,0,332.4,390.4
2024,REG+POST,00-0039144,L.Musgrave,Luke Musgrave,TE,TE,"https://static.www.nfl.com/image/upload/f_auto,q_auto/league/mn9nugrtq8kb8sysrvne",7,GB,0,0,0,0,0,0,0,0,0,0,0,0,,0,,,0,0,0,0,0,0,,0,7,10,45,0,0,0,66,18,2,-4.79761853630284,0,0.681818181818182,0.050251256281407,0.0368098159509202,0.101143755587755,0,4.5,11.5
2024,REG+POST,00-0039146,J.Reed,Jayden Reed,WR,WR,"https://static.www.nfl.com/image/upload/f_auto,q_auto/league/blh2tfg9qjthqo2g6ot4",18,GB,0,0,0,0,0,0,0,0,0,0,0,0,,0,,,20,163,1,1,1,7,-2.87531996826874,0,59,79,903,6,0,0,706,400,32,45.5139117682314,0,1.27903682719547,0.158953722334004,0.16049102068652,0.35077429798157,0,146.6,205.6
2024,REG+POST,00-0039150,B.Young,Bryce Young,QB,QB,"https://static.www.nfl.com/image/upload/f_auto,q_auto/league/gdmtmmviwadpobyjogal",14,CAR,234,384,2403,15,9,29,186,4,1,3358,969,117,-24.9195987047798,0,0.715604526503871,0.0537421182224841,43,249,6,1,1,15,15.5478852018423,0,0,0,0,0,0,0,0,0,0,,0,,,,,0,195.02,195.02
2024,REG+POST,00-0039152,W.Levis,Will Levis,QB,QB,"https://static.www.nfl.com/image/upload/f_auto,q_auto/league/vr01ufscgtoagtuut9o4",12,TEN,190,301,2091,13,12,41,233,5,3,2621,929,86,-65.6249321402618,1,0.797787104158718,0.0219147275401487,45,183,0,5,3,20,-17.4965542566902,0,0,0,0,0,0,0,0,0,0,,0,,,,,0,119.94,119.94
2024,REG+POST,00-0039163,C.Stroud,C.J. Stroud,QB,QB,"https://static.www.nfl.com/image/upload/f_auto,q_auto/league/fbk2eqpo54lawppgetjn",19,HOU,377,593,4254,21,13,63,487,5,2,5011,1844,211,-10.9874741325295,0,0.848932348832568,0.041246650111411,64,317,0,3,2,19,-0.340373071162793,0,0,1,0,0,0,0,10,0,0,-0.726145962660667,0,0.0,0.0344827586206897,0.0226757369614512,0.0675971538040504,0,251.86,251.86
2024,REG+POST,00-0039164,A.Richardson,Anthony Richardson,QB,QB,"https://static.www.nfl.com/image/upload/f_auto,q_auto/league/areyvihumylqo7y2ehk2",11,IND,126,264,1814,8,12,14,115,3,2,3224,776,73,-38.2182161869027,0,0.562655086848635,-0.0248730145645091,86,499,6,6,1,33,22.7349952450031,1,1,1,-1,0,0,0,-8,7,0,-1.05584947846364,0,0.0,0.0277777777777778,-0.0253968253968254,0.0238888888888889,0,162.36,163.36
2024,REG+POST,00-0039165,Z.Charbonnet,Zach Charbonnet,RB,RB,"https://static.www.nfl.com/image/upload/f_auto,q_auto/league/eaaj5vbfmk08wvwelyqt",17,SEA,0,0,0,0,0,0,0,0,0,0,0,0,,0,,,135,569,8,0,0,32,-11.2815887777578,0,42,52,308,1,0,0,-54,345,7,-7.44210262126764,0,-5.7037037037037,0.101167315175097,-0.0161338512100388,0.140457276915619,0,141.7,183.7
2024,REG+POST,00-0039236,J.Wilson,Johnny Wilson,WR,WR,"https://static.www.nfl.com/image/upload/f_auto,q_auto/league/cj13ngp4tjmi9621trrk",10,PHI,0,0,0,0,0,0,0,0,0,0,0,0,,0,,,0,0,0,0,0,0,,0,5,16,38,1,0,0,149,15,3,-1.77748361810191,0,0.25503355704698,0.0579710144927536,0.0820033021463952,0.144358833241607,0,9.8,14.8
2024,REG+POST,00-0039244,C.Collier,Chris Collier,RB,RB,"https://static.www.nfl.com/image/upload/f_auto,q_auto/league/pj0aengevekxp3j1psd6",2,LV,0,0,0,0,0,0,0,0,0,0,0,0,,0,,,5,12,0,0,0,0,-3.00471946189646,0,1,2,-4,0,0,0,-5,1,0,-1.59818496718071,0,0.8,0.0588235294117647,-0.0169491525423729,0.076370887337986,0,0.8,1.8
2024,REG+POST,00-0039299,G.Holani,George Holani,RB,RB,"https://static.www.nfl.com/image/upload/f_auto,q_auto/league/x0f2kv9b6nw2vjloykm9",2,SEA,0,0,0,0,0,0,0,0,0,0,0,0,,0,,,3,10,0,0,0,1,-0.771828435012139,0,1,1,-1,0,0,0,-1,0,0,-0.408696800936013,0,1.0,0.0344827586206897,-0.00625,0.0473491379310345,0,0.9,1.9
2024,REG+POST,00-0039316,B.Cupp,Baylor Cupp,TE,TE,"https://static.www.nfl.com/image/upload/f_auto,q_auto/league/pcvvfurbbzefkwnojcid",1,KC,0,0,0,0,0,0,0,0,0,0,0,0,,0,,,0,0,0,0,0,0,,0,0,1,0,0,0,0,0,0,0,-0.678179833921604,0,,0.0277777777777778,,,0,0.0,0.0
2024,REG+POST,00-0039325,C.Steele,Carson Steele,RB,RB,"https://static.www.nfl.com/image/upload/f_auto,q_auto/league/lhkvntmjrt4fbsxi3hrt",12,KC,0,0,0,0,0,0,0,0,0,0,0,0,,0,,,56,183,0,3,2,14,-11.9836104627345,0,7,11,26,0,0,0,-17,43,0,-2.9024881075602,0,-1.52941176470588,0.0601092896174863,-0.0230664857530529,0.0740173943990925,0,16.9,23.9
2024,REG+POST,00-0039337,M.Nabers,Malik Nabers,WR,WR,"https://static.www.nfl.com/image/upload/f_auto,q_auto/league/w3edoyyuomqlovvp9ixc",15,NYG,0,1,0,0,0,0,0,0,0,1,0,0,-0.963732368283672,0,0.0,,5,2,0,0,0,1,-0.559814713138621,0,109,170,1204,7,1,0,1609,462,55,45.5884160882511,1,0.748290863890615,0.349075975359343,0.465836711059641,0.849699660780763,0,164.6,273.6
2024,REG+POST,00-0039338,B.Bowers,Brock Bowers,TE,TE,"https://static.www.nfl.com/image/upload/f_auto,q_auto/league/mjy86xh8munoiur4hejf",17,LV,0,0,0,0,0,0,0,0,0,0,0,0,,0,,,5,13,0,0,0,2,-0.862252210732549,0,112,153,1194,5,0,0,923,596,61,27.1055814055351,0,1.29360780065005,0.258445945945946,0.224957348281745,0.545139062716141,0,150.7,262.7
2024,REG+POST,00-0039342,X.Legette,Xavier Legette,WR,WR,"https://static.www.nfl.com/image/upload/f_auto,q_auto/league/a3etuvp3kqtwmtkioq8g",15,CAR,0,0,0,0,0,0,0,0,0,0,0,0,,0,,,6,24,0,0,0,2,-0.590758771402761,0,49,84,497,4,0,0,1030,112,27,5.46476354083611,0,0.48252427184466,0.17948717948718,0.257886830245368,0.449751550402527,0,76.1,125.1
2024,REG+POST,00-0039344,J.Brooks,Jonathon Brooks,RB,RB,"https://static.www.nfl.com/image/upload/f_auto,q_auto/league/xo4zizexs7aezh1shgsv",3,CAR,0,0,0,0,0,0,0,0,0,0,0,0,,0,,,9,22,0,0,0,0,-2.77792557136854,0,3,3,23,0,0,0,-8,31,2,1.45662581454963,0,-2.875,0.0731707317073171,-0.0199501246882793,0.0957910102791801,0,4.5,7.5
2024,REG+POST,00-0039355,L.McCaffrey,Luke McCaffrey,WR,WR,"https://static.www.nfl.com/image/upload/f_auto,q_auto/league/iqzscuxu9lxjfhoyxsjg",13,WAS,0,0,0,0,0,0,0,0,0,0,0,0,,0,,,0,0,0,0,0,0,,0,18,25,168,0,0,0,180,97,8,3.16407188498407,0,0.933333333333333,0.0605326876513317,0.05640864932623,0.130285086005359,0,16.8,34.8
2024,REG+POST,00-0039356,J.Sanders,Ja'Tavion Sanders,TE,TE,"https://static.www.nfl.com/image/upload/f_auto,q_auto/league/egisbinbqmttmub4po1g",15,CAR,0,0,0,0,0,0,0,0,0,0,0,0,,0,,,0,0,0,0,0,0,,0,33,43,342,1,1,0,268,190,13,11.6505618780459,0,1.27611940298507,0.0949227373068433,0.0730245231607629,0.193501272172799,0,40.2,73.2
2024,REG+POST,00-0039359,C.Stover,Cade Stover,TE,TE,"https://static.www.nfl.com/image/upload/f_auto,q_auto/league/ehruudekjzjney5dircm",14,HOU,0,0,0,0,0,0,0,0,0,0,0,0,,0,,,0,0,0,0,0,0,,0,19,26,161,1,0,0,127,113,6,5.26119208475575,0,1.26771653543307,0.0586907449209932,0.0392217418159358,0.115491336652645,0,22.1,41.1
2024,REG+POST,00-0039361,B.Irving,Bucky Irving,RB,RB,"https://static.www.nfl.com/image/upload/f_auto,q_auto/league/wjaqkrtdhwf16wldi83h",18,TB,0,0,0,0,0,0,0,0,0,0,0,0,,0,,,224,1199,8,2,1,55,19.8081395053288,0,49,54,398,1,0,0,-165,540,17,16.3419567481626,0,-2.41212121212121,0.0962566844919786,-0.0429240374609782,0.114338200515283,0,211.7,260.7
2024,REG+POST,00-0039363,I.Guerendo,Isaac Guerendo,RB,RB,"https://static.www.nfl.com/image/upload/f_auto,q_auto/league/vi0oa4oajc6ecgzr8l08",13,SF,0,0,0,0,0,0,0,0,0,0,0,0,,0,,,84,420,4,0,0,18,4.85206715553068,0,15,16,152,0,1,0,50,107,7,6.53452460566768,0,3.04,0.0963855421686747,0.0324886289798571,0.167320353538912,0,81.2,96.2
2024,REG+POST,00-0039364,S.Vaki,Sione Vaki,RB,RB,"https://static.www.nfl.com/image/upload/f_auto,q_auto/league/kpheugqezo5wlqou2mrd",4,DET,0,0,0,0,0,0,0,0,0,0,0,0,,0,,,6,14,0,0,0,0,-3.17468072671909,0,3,3,37,0,0,0,17,20,2,4.23394171020482,0,2.17647058823529,0.0352941176470588,0.0303571428571429,0.0741911764705882,0,5.1,8.1
2024,REG+POST,00-0039365,J.Cowing,Jacob Cowing,WR,WR,"https://static.www.nfl.com/image/upload/f_auto,q_auto/league/q8luttpmauwatynr9iti",3,SF,0,0,0,0,0,0,0,0,0,0,0,0,,0,,,1,7,0,0,0,0,0.380619133356959,0,4,6,80,0,0,0,86,26,3,4.25527123385109,0,0.930232558139535,0.0606060606060606,0.09695603156708,0.158778313006047,0,8.7,12.7
2024,REG+POST,00-0039373,A.Estime,Audric Estime,RB,RB,"https://static.www.nfl.com/image/upload/f_auto,q_auto/league/cb8k8fqbi3rnecaiqrcy",13,DEN,0,0,0,0,0,0,0,0,0,0,0,0,,0,,,76,310,2,2,1,15,-7.42971777551686,0,5,5,27,0,0,0,-10,37,2,-0.765327973640524,0,-2.7,0.0526315789473684,-0.0189035916824197,0.0657148542433589,0,43.7,48.7
2024,REG+POST,00-0039376,S.Rattler,Spencer Rattler,QB,QB,"https://static.www.nfl.com/image/upload/f_auto,q_auto/league/xhllpfkd4hrpbwczbca6",7,NO,130,228,1317,4,5,22,136,4,3,1834,642,62,-74.7923269937251,0,0.718102508178844,-0.0246623296795623,18,146,0,1,0,7,13.5754030805547,0,0,0,0,0,0,0,0,0,0,,0,,,,,0,67.28,67.28
2024,REG+POST,00-0039379,J.Thrash,Jamari Thrash,WR,WR,"https://static.www.nfl.com/image/upload/f_auto,q_auto/league/khjue5xlvlhzha9znbl3",6,CLE,0,0,0,0,0,0,0,0,0,0,0,0,,0,,,0,0,0,0,0,0,,0,3,7,22,0,0,0,51,14,2,-2.14027787127998,0,0.431372549019608,0.029045643153527,0.0270700636942675,0.0625175093162777,0,2.2,5.2
2024,REG+POST,00-0039384,T.Tracy,Tyrone Tracy,RB,RB,"https://static.www.nfl.com/image/upload/f_auto,q_auto/league/hc2uk0xrbc6qizrerwxd",17,NYG,0,0,0,0,0,0,0,0,0,0,0,0,,0,,,192,839,5,2,2,39,-20.7138662948379,0,38,53,284,1,2,0,18,281,13,-4.92265075910837,0,15.7777777777778,0.100569259962049,0.0050167224080267,0.154365595628693,0,144.3,182.3
2024,REG+POST,00-0039386,B.Means,Bub Means,WR,WR,"https://static.www.nfl.com/image/upload/f_auto,q_auto/league/zo2ojijv5b6bhy2fcjyk",4,NO,0,0,0,0,0,0,0,0,0,0,0,0,,0,,,0,0,0,0,0,0,,0,9,15,118,1,0,0,170,20,7,3.35849248926388,0,0.694117647058824,0.107913669064748,0.160075329566855,0.273923234293921,0,17.8,26.8
2024,REG+POST,00-0039391,K.Vidal,Kimani Vidal,RB,RB,"https://static.www.nfl.com/image/upload/f_auto,q_auto/league/fcxbkvgjtitodz3pjequ",9,LAC,0,0,0,0,0,0,0,0,0,0,0,0,,0,,,43,155,0,1,0,7,-8.4080203021891,0,5,9,62,1,0,0,48,37,2,1.76164651836734,0,1.29166666666667,0.0532544378698225,0.0310478654592497,0.101615162626209,0,27.7,32.7
2024,REG+POST,00-0039392,J.Jackson,Jha'Quan Jackson,WR,WR,"https://static.www.nfl.com/image/upload/f_auto,q_auto/league/np27wd9ahscnln2fsjwg",2,TEN,0,0,0,0,0,0,0,0,0,0,0,0,,0,,,1,-5,0,0,0,0,-1.693612330826,0,1,3,8,0,0,0,78,2,1,-1.84849076898536,0,0.102564102564103,0.0461538461538462,0.122834645669291,0.155215021199273,0,0.3,1.3
2024,REG+POST,00-0039393,J.McClellan,Jase McClellan,RB,RB,"https://static.www.nfl.com/image/upload/f_auto,q_auto/league/qargp7q40zcnh0tjfc1o",2,ATL,0,0,0,0,0,0,0,0,0,0,0,0,,0,,,13,32,0,0,0,2,-7.10460604215041,0,0,0,0,0,0,0,0,0,0,,0,,,,,0,3.2,3.2
2024,REG+POST,00-0039394,C.Washington,Casey Washington,WR,WR,"https://static.www.nfl.com/image/upload/f_auto,q_auto/league/iprpih0l2lfosxoik7j3",2,ATL,0,0,0,0,0,0,0,0,0,0,0,0,,0,,,0,0,0,0,0,0,,0,1,2,14,0,0,0,36,11,1,0.950796763063408,0,0.388888888888889,0.0307692307692308,0.072289156626506,0.0967562557924004,0,1.4,2.4
2024,REG+POST,00-0039398,J.Milton,Joe Milton,QB,QB,"https://static.www.nfl.com/image/upload/f_auto,q_auto/league/x1c3tu0bkgqokripa885",1,NE,22,29,241,1,0,0,0,0,0,280,72,14,11.7907161317601,0,0.860714285714286,0.23612563846591,10,16,1,1,1,4,-3.96280624266365,0,0,0,0,0,0,0,0,0,0,,0,,,,,0,19.24,19.24
2024,REG+POST,00-0039407,D.Laube,Dylan Laube,RB,RB,"https://static.www.nfl.com/image/upload/f_auto,q_auto/league/zag3wqxniqpcgujte3h7",1,LV,0,0,0,0,0,0,0,0,0,0,0,0,,0,,,1,0,0,1,1,0,-4.66817615873879,0,0,0,0,0,0,0,0,0,0,,0,,,,,0,-2.0,-2.0
2024,REG+POST,00-0039410,R.Flournoy,Ryan Flournoy,WR,WR,"https://static.www.nfl.com/image/upload/f_auto,q_auto/league/yq2tbkoz2anbit6zc8ms",7,DAL,0,0,0,0,0,0,0,0,0,0,0,0,,0,,,0,0,0,0,0,0,,0,10,14,102,0,1,1,115,34,5,-2.8049568743445,0,0.886956521739131,0.0516605166051661,0.0601779173207745,0.119615317032291,0,8.2,18.2
2024,REG+POST,00-0039420,J.Bell,Jaheim Bell,TE,TE,"https://static.www.nfl.com/image/upload/f_auto,q_auto/league/psbwq5bse6vv9bpzqssr",3,NE,0,0,0,0,0,0,0,0,0,0,0,0,,0,,,0,0,0,0,0,0,,0,2,3,20,0,0,0,23,5,1,-0.0051243801717646,0,0.869565217391304,0.0288461538461538,0.029040404040404,0.0635975135975136,0,2.0,4.0
2024,REG+POST,00-0039424,D.Vele,Devaughn Vele,WR,WR,"https://static.www.nfl.com/image/upload/f_auto,q_auto/league/f2lz4vsh2daurrwdamzv",14,DEN,0,0,0,0,0,0,0,0,0,0,0,0,,0,,,0,0,0,0,0,0,,0,41,57,475,3,0,0,478,127,26,33.7194581951771,0,0.993723849372385,0.125550660792952,0.13988879133743,0.286248145125629,0,65.5,106.5
2024,REG+POST,00-0039451,I.Williams,Isaiah Williams,WR,WR,"https://static.www.nfl.com/image/upload/f_auto,q_auto/league/yoarwrtz1qrxlek5ou8j",1,DET,0,0,0,0,0,0,0,0,0,0,0,0,,0,,,0,0,0,0,0,0,,0,2,3,6,0,0,0,15,7,0,-2.3470915579237,0,0.4,0.166666666666667,0.223880597014925,0.406716417910448,0,0.6,2.6
2024,REG+POST,00-0039458,B.Bates,Brenden Bates,TE,TE,"https://static.www.nfl.com/image/upload/f_auto,q_auto/league/is7mhxk2h5ibwzuf8gws",1,CLE,0,0,0,0,0,0,0,0,0,0,0,0,,0,,,0,0,0,0,0,0,,0,0,1,0,0,0,0,-2,0,0,-0.801100357901305,0,0.0,0.0303030303030303,-0.0079365079365079,0.0398989898989899,0,0.0,0.0
2024,REG+POST,00-0039491,J.Coker,Jalen Coker,WR,WR,"https://static.www.nfl.com/image/upload/f_auto,q_auto/league/wk9xewrixauh09f71pqh",11,CAR,1,1,19,0,0,0,0,0,0,16,3,1,1.31070934201125,0,1.1875,,0,0,0,0,0,0,,0,32,46,478,2,0,0,516,171,23,29.0746030884826,0,0.926356589147287,0.144200626959248,0.204599524187153,0.359520607369879,0,60.56,92.56
2024,REG+POST,00-0039521,X.Weaver,Xavier Weaver,WR,WR,"https://static.www.nfl.com/image/upload/f_auto,q_auto/league/m2tuzam94o1qm46kwmxo",2,ARI,0,0,0,0,0,0,0,0,0,0,0,0,,0,,,0,0,0,0,0,0,,0,0,2,0,0,0,0,39,0,0,-1.64481001852674,0,0.0,0.03125,0.0939759036144578,0.112658132530121,0,0.0,0.0
2024,REG+POST,00-0039530,B.Spann-Ford,Brevyn Spann-Ford,TE,TE,"https://static.www.nfl.com/image/upload/f_auto,q_auto/league/bn9b4pb8om6w3escvitt",6,DAL,0,0,0,0,0,0,0,0,0,0,0,0,,0,,,0,0,0,0,0,0,,0,9,14,88,0,0,0,82,53,6,1.33205619949149,0,1.07317073170732,0.0600858369098712,0.0491901619676065,0.124561868742131,0,8.8,17.8
2024,REG+POST,00-0039543,R.Keyton,Ramel Keyton,WR,WR,"https://static.www.nfl.com/image/upload/f_auto,q_auto/league/cqzhnef7pkr3bkmuwo5q",2,LV,0,0,0,0,0,0,0,0,0,0,0,0,,0,,,0,0,0,0,0,0,,0,1,3,7,0,0,0,30,0,1,0.062585995416157,0,0.233333333333333,0.0422535211267606,0.0726392251815981,0.11422773931726,0,0.7,1.7
2024,REG+POST,00-0039573,B.Watson,Blake Watson,RB,RB,"https://static.www.nfl.com/image/upload/f_auto,q_auto/league/x527wf1dlqhu9ncr9zv0",1,DEN,0,0,0,0,0,0,0,0,0,0,0,0,,0,,,4,10,0,0,0,2,-0.179672391968779,0,1,2,13,0,0,0,-4,18,0,0.251413255871739,0,-3.25,0.0512820512820513,-0.0317460317460317,0.0547008547008547,0,2.3,3.3
2024,REG+POST,00-0039589,K.Johnson,Kameron Johnson,WR,WR,"https://static.www.nfl.com/image/upload/f_auto,q_auto/league/uyzrnfwbeejfzkclndvx",3,TB,0,0,0,0,0,0,0,0,0,0,0,0,,0,,,2,11,0,0,0,1,0.991510027495679,0,0,1,0,0,0,0,3,0,0,-1.64784452304462,0,0.0,0.0212765957446809,0.009933774834437,0.0388685360011272,0,1.1,1.1
2024,REG+POST,00-0039603,B.Brooks,British Brooks,RB,RB,"https://static.www.nfl.com/image/upload/f_auto,q_auto/league/qyywm0giwehv0iwy2f7n",1,HOU,0,0,0,0,0,0,0,0,0,0,0,0,,0,,,1,2,0,0,0,0,-0.336250451859087,0,0,0,0,0,0,0,0,0,0,,0,,,,,0,0.2,0.2
2024,REG+POST,00-0039611,M.Hayball,Matthew Hayball,P,SPEC,"https://static.www.nfl.com/image/upload/f_auto,q_auto/league/tentgyr8ofqc8cr4ejjz",1,NO,0,0,0,0,0,0,0,0,0,0,0,0,,0,,,1,11,0,0,0,1,2.87435520859435,0,0,0,0,0,0,0,0,0,0,,0,,,,,0,1.1,1.1
2024,REG+POST,00-0039613,D.Holker,Dallin Holker,TE,TE,"https://static.www.nfl.com/image/upload/f_auto,q_auto/league/sps8av7spro1015lpwn1",2,NO,0,0,0,0,0,0,0,0,0,0,0,0,,0,,,0,0,0,0,0,0,,0,3,4,21,0,0,0,36,13,1,-0.944589482736774,0,0.583333333333333,0.0571428571428571,0.055045871559633,0.124246395806029,0,2.1,5.1
2024,REG+POST,00-0039614,J.Jackson,Jermaine Jackson,WR,WR,"https://static.www.nfl.com/image/upload/f_auto,q_auto/league/kmter0gxx2gk9d5b8wgu",1,NO,0,0,0,0,0,0,0,0,0,0,0,0,,0,,,1,-1,0,0,0,0,-0.879655202385038,0,0,0,0,0,0,0,0,0,0,,0,,,,,0,-0.1,-0.1
2024,REG+POST,00-0039617,J.Kibodi,Jacob Kibodi,RB,RB,"https://static.www.nfl.com/image/upload/f_auto,q_auto/league/no7mr4wgu7o2exnmjre8",1,CLE,0,0,0,0,0,0,0,0,0,0,0,0,,0,,,5,24,0,0,0,1,-0.737081334460527,0,1,3,15,0,0,0,9,11,1,-4.44747729733354,0,1.66666666666667,0.0909090909090909,0.0357142857142857,0.161363636363636,0,3.9,4.9
2024,REG+POST,00-0039623,M.Tipton,Mason Tipton,WR,WR,"https://static.www.nfl.com/image/upload/f_auto,q_auto/league/ldzn20eu15intdsolw9i",9,NO,0,0,0,0,0,0,0,0,0,0,0,0,,0,,,0,0,0,0,0,0,,0,14,26,99,0,0,0,326,27,2,-10.480804391489,0,0.303680981595092,0.0909090909090909,0.144824522434474,0.237740802067768,0,9.9,23.9
2024,REG+POST,00-0039631,C.Grandy,Cam Grandy,TE,TE,"https://static.www.nfl.com/image/upload/f_auto,q_auto/league/uay5dmniqx1baal3q3uu",4,CIN,0,0,0,0,0,0,0,0,0,0,0,0,,0,,,0,0,0,0,0,0,,0,5,5,28,0,0,0,12,16,1,2.77874316496309,0,2.33333333333333,0.0271739130434783,0.0094786729857819,0.0473959406552648,0,2.8,7.8
2024,REG+POST,00-0039648,D.Martin-Robinson,David Martin-Robinson,TE,TE,"https://static.www.nfl.com/image/upload/f_auto,q_auto/league/ijqnto6waarhbqizteg0",2,TEN,0,0,0,0,0,0,0,0,0,0,0,0,,0,,,0,0,0,0,0,0,,0,1,2,6,0,0,0,0,6,1,0.269109175424092,0,0.0,0.0307692307692308,,,0,0.6,1.6
2024,REG+POST,00-0039650,B.Oliver,Bryce Oliver,WR,WR,"https://static.www.nfl.com/image/upload/f_auto,q_auto/league/njv8cbvhuobk2fe6uslj",5,TEN,0,0,0,0,0,0,0,0,0,0,0,0,,0,,,0,0,0,0,0,0,,0,6,9,95,0,0,0,95,26,4,4.33750917803263,0,1.0,0.0612244897959184,0.0797649034424853,0.147672167103617,0,9.5,15.5
2024,REG+POST,00-0039692,D.Pettus,Dell Pettus,FS,DB,"https://static.www.nfl.com/image/upload/f_auto,q_auto/league/eonk8d33szxyjztamufc",1,NE,0,0,0,0,0,0,0,0,0,0,0,0,,0,,,1,2,0,0,0,1,1.9273973434465,0,0,0,0,0,0,0,0,0,0,,0,,,,,0,0.2,0.2
2024,REG+POST,00-0039703,C.Schrader,Cody Schrader,RB,RB,"https://static.www.nfl.com/image/upload/f_auto,q_auto/league/lalojbe9yf1gmoeuyklz",1,LA,0,0,0,0,0,0,0,0,0,0,0,0,,0,,,1,3,0,0,0,0,-0.320892589399591,0,1,1,6,0,0,0,0,6,0,0.397277344600298,0,0.0,0.025,,,0,0.9,1.9
2024,REG+POST,00-0039731,J.Latham,J.C. Latham,T,OL,"https://static.www.nfl.com/image/upload/f_auto,q_auto/league/ygh6osnntxlezmtzwqe0",1,TEN,0,0,0,0,0,0,0,0,0,0,0,0,,0,,,0,0,0,0,0,0,,0,1,1,0,0,0,0,-4,4,0,-1.70453689270653,0,0.0,0.0277777777777778,-0.010230179028133,0.0345055413469736,0,0.0,1.0
2024,REG+POST,00-0039732,B.Nix,Bo Nix,QB,QB,"https://static.www.nfl.com/image/upload/f_auto,q_auto/league/zibtvsprpauxnytis229",18,DEN,389,589,3919,30,12,26,212,2,0,4376,2102,176,27.9505123411755,0,0.895566727605119,0.0764068723087127,96,473,4,1,0,45,24.4292070091451,0,1,1,2,1,0,0,2,0,1,3.87989441974787,0,1.0,0.0303030303030303,0.0079051383399209,0.0509881422924901,0,330.26,331.26
2024,REG+POST,00-0039737,T.Reiman,Tip Reiman,TE,TE,"https://static.www.nfl.com/image/upload/f_auto,q_auto/league/grt6fspk8dlqbuzcrq7m",5,ARI,0,0,0,0,0,0,0,0,0,0,0,0,,0,,,0,0,0,0,0,0,,0,6,7,37,0,0,0,12,29,1,0.412867681123316,0,3.08333333333333,0.0419161676646707,0.0141676505312869,0.0727916068689068,0,3.7,9.7
2024,REG+POST,00-0039738,B.Corum,Blake Corum,RB,RB,"https://static.www.nfl.com/image/upload/f_auto,q_auto/league/ehpbxs9iiosm4xs7nhnl",14,LA,0,0,0,0,0,0,0,0,0,0,0,0,,0,,,58,207,0,0,0,12,-9.74375213630265,0,7,8,58,0,0,0,-5,65,5,2.63410446094349,0,-11.6,0.037037037037037,-0.0031387319522912,0.0533584431889517,0,26.5,33.5
2024,REG+POST,00-0039746,W.Shipley,Will Shipley,RB,RB,"https://static.www.nfl.com/image/upload/f_auto,q_auto/league/irh5l9dxqamsfnfjwuc7",6,PHI,0,0,0,0,0,0,0,0,0,0,0,0,,0,,,34,159,1,0,0,5,-2.46474559722358,0,4,4,35,0,0,0,7,28,2,2.29939720591591,0,5.0,0.0975609756097561,0.0259259259259259,0.164489611562782,0,25.4,29.4
2024,REG+POST,00-0039747,A.Smith,Ainias Smith,WR,WR,"https://static.www.nfl.com/image/upload/f_auto,q_auto/league/curtawk9bzyg88w5jrg8",3,PHI,0,0,0,0,0,0,0,0,0,0,0,0,,0,,,2,6,0,0,0,1,0.596295293711592,0,7,9,41,1,0,0,38,23,1,-0.639199768542312,0,1.07894736842105,0.107142857142857,0.0523415977961433,0.197353404171586,0,10.7,17.7
2024,REG+POST,00-0039751,J.Whittington,Jordan Whittington,WR,WR,"https://static.www.nfl.com/image/upload/f_auto,q_auto/league/x5j7yvx4iheje5vw4tek",7,LA,0,0,0,0,0,0,0,0,0,0,0,0,,0,,,2,12,0,0,0,2,3.07164090371225,0,23,29,305,0,0,0,162,204,15,17.7288672330906,0,1.88271604938272,0.122881355932203,0.0894533406957482,0.246939372385329,0,31.7,54.7
2024,REG+POST,00-0039754,D.Culp,Devin Culp,TE,TE,"https://static.www.nfl.com/image/upload/f_auto,q_auto/league/enm1dlbdrxtiwev6pjvi",2,TB,0,0,0,0,0,0,0,0,0,0,0,0,,0,,,0,0,0,0,0,0,,0,5,6,88,0,0,0,73,31,4,7.84954318283783,0,1.20547945205479,0.0952380952380952,0.143137254901961,0.243053221288515,0,8.8,13.8
2024,REG+POST,00-0039757,T.Jennings,Terrell Jennings,RB,RB,"https://static.www.nfl.com/image/upload/f_auto,q_auto/league/yn8krjb11it7oqoogryb",2,NE,0,0,0,0,0,0,0,0,0,0,0,0,,0,,,13,33,0,0,0,0,-3.98449113772677,0,0,1,0,0,0,0,29,0,0,-0.752186933532357,0,0.0,0.0357142857142857,0.102112676056338,0.125050301810865,0,3.3,3.3
2024,REG+POST,00-0039792,D.Walker,Devontez Walker,WR,WR,"https://static.www.nfl.com/image/upload/f_auto,q_auto/league/jsgddyppttajr7czq18x",2,BAL,0,0,0,0,0,0,0,0,0,0,0,0,,0,,,0,0,0,0,0,0,,0,1,3,21,1,0,0,84,0,1,1.22273593023419,0,0.25,0.075,0.195804195804196,0.249562937062937,0,8.1,9.1
2024,REG+POST,00-0039793,A.Barner,A.J. Barner,TE,TE,"https://static.www.nfl.com/image/upload/f_auto,q_auto/league/msnzbeyjoemcas9dm8vt",14,SEA,0,0,0,0,0,0,0,0,0,0,0,0,,0,,,0,0,0,0,0,0,,0,30,38,245,4,0,0,136,164,18,11.0866415139171,0,1.80147058823529,0.0793319415448852,0.0396385893325561,0.146744924850117,0,48.5,78.5
2024,REG+POST,00-0039794,B.Allen,Braelon Allen,RB,RB,"https://static.www.nfl.com/image/upload/f_auto,q_auto/league/p0fylkec7poarrjosefz",17,NYJ,0,0,0,0,0,0,0,0,0,0,0,0,,0,,,92,334,2,0,0,22,-7.61642359342659,0,19,27,148,1,0,0,-5,163,8,4.73982512985822,0,-29.6,0.0567226890756303,-0.0020483408439164,0.0836501950227039,0,66.2,85.2
2024,REG+POST,00-0039796,R.Ali,Rasheen Ali,RB,RB,"https://static.www.nfl.com/image/upload/f_auto,q_auto/league/rahywwfay2yyqupfwebh",4,BAL,0,0,0,0,0,0,0,0,0,0,0,0,,0,,,10,31,0,0,0,2,-1.15656615432818,0,0,2,0,0,0,0,-5,0,0,-0.796130052302033,0,0.0,0.0666666666666667,-0.0179856115107914,0.087410071942446,0,3.1,3.1
2024,REG+POST,00-0039798,I.Davis,Isaiah Davis,RB,RB,"https://static.www.nfl.com/image/upload/f_auto,q_auto/league/yx5kxu7fsb1oe4jlqvyh",9,NYJ,0,0,0,0,0,0,0,0,0,0,0,0,,0,,,30,174,1,0,0,10,4.41404169931775,0,9,12,75,1,0,0,16,75,4,5.28145296504269,0,4.6875,0.0710059171597633,0.0169491525423729,0.118373282519306,0,36.9,45.9
2024,REG+POST,00-0039810,J.Burton,Jermaine Burton,WR,WR,"https://static.www.nfl.com/image/upload/f_auto,q_auto/league/ifbhq7ghxf2mcvhzuxsz",4,CIN,0,0,0,0,0,0,0,0,0,0,0,0,,0,,,0,0,0,0,0,0,,0,4,14,107,0,0,0,296,22,4,-4.54055739149165,0,0.361486486486487,0.0823529411764706,0.197596795727637,0.261847168774052,0,10.7,14.7
2024,REG+POST,00-0039811,M.Lloyd,MarShawn Lloyd,RB,RB,"https://static.www.nfl.com/image/upload/f_auto,q_auto/league/cikf6dm0qassteyibwlv",1,GB,0,0,0,0,0,0,0,0,0,0,0,0,,0,,,6,15,0,0,0,0,-1.80517367087305,0,1,1,3,0,0,0,-5,8,0,-0.234166648471728,0,-0.6,0.0769230769230769,-0.0617283950617284,0.0721747388414055,0,1.8,2.8
2024,REG+POST,00-0039814,E.All,Erick All,TE,TE,"https://static.www.nfl.com/image/upload/f_auto,q_auto/league/ifkhcxze7lnxkpzjvsmk",8,CIN,0,0,0,0,0,0,0,0,0,0,0,0,,0,,,0,0,0,0,0,0,,0,20,22,158,0,0,0,72,87,8,5.24824645451736,0,2.19444444444444,0.0842911877394636,0.0379346680716544,0.152991049259353,0,15.8,35.8
2024,REG+POST,00-0039816,A.Gould,Anthony Gould,WR,WR,"https://static.www.nfl.com/image/upload/f_auto,q_auto/league/dnpsavsditrxjiqobxst",1,IND,0,0,0,0,0,0,0,0,0,0,0,0,,0,,,0,0,0,0,0,0,,0,1,1,23,0,0,0,18,5,1,1.88861330680083,0,1.27777777777778,0.0277777777777778,0.0571428571428571,0.0816666666666667,0,2.3,3.3
2024,REG+POST,00-0039824,J.Wiley,Jared Wiley,TE,TE,"https://static.www.nfl.com/image/upload/f_auto,q_auto/league/f9bhzz8fogzta1qkg9ms",1,KC,0,0,0,0,0,0,0,0,0,0,0,0,,0,,,0,0,0,0,0,0,,0,1,1,7,0,0,0,4,3,0,-0.145088373683393,0,1.75,0.0434782608695652,0.0454545454545455,0.0970355731225296,0,0.7,1.7
2024,REG+POST,00-0039825,J.Hicks,Jaden Hicks,SS,DB,"https://static.www.nfl.com/image/upload/f_auto,q_auto/league/krhm1jt7hl3d5ucjjfgw",1,KC,0,0,0,0,0,0,0,0,0,0,0,0,,0,,,1,1,0,0,0,0,-2.83455932186916,0,0,0,0,0,0,0,0,0,0,,0,,,,,0,0.1,0.1
2024,REG+POST,00-0039847,T.Johnson,Theo Johnson,TE,TE,"https://static.www.nfl.com/image/upload/f_auto,q_auto/league/gljwzcxubvoqjxwnakze",10,NYG,0,0,0,0,0,0,0,0,0,0,0,0,,0,,,0,0,0,0,0,0,,0,29,43,331,1,0,0,288,149,16,4.54264365517884,0,1.14930555555556,0.129129129129129,0.123340471092077,0.280032023458148,0,39.1,68.1
2024,REG+POST,00-0039849,M.Harrison,Marvin Harrison,WR,WR,"https://static.www.nfl.com/image/upload/f_auto,q_auto/league/o6hg5zeofmxvzjjpo2sf",17,ARI,0,0,0,0,0,0,0,0,0,0,0,0,,0,,,0,0,0,0,0,0,,0,62,116,885,8,1,1,1566,148,43,27.3088771691884,0,0.565134099616858,0.221797323135755,0.430574649436349,0.634098239309077,0,134.5,196.5
2024,REG+POST,00-0039851,D.Maye,Drake Maye,QB,QB,"https://static.www.nfl.com/image/upload/f_auto,q_auto/league/iy96wbyjth5ehizc0xq5",13,NE,225,338,2276,15,10,34,229,5,4,2473,1192,112,-27.6123093283814,2,0.920339668418924,0.0666417804465564,54,421,2,4,2,22,20.1082751224749,0,0,0,0,0,0,0,0,0,0,,0,,,,,0,177.14,177.14
2024,REG+POST,00-0039853,J.Baker,Javon Baker,WR,WR,"https://static.www.nfl.com/image/upload/f_auto,q_auto/league/k9junpcjhuulnixdqnqn",4,NE,0,0,0,0,0,0,0,0,0,0,0,0,,0,,,0,0,0,0,0,0,,0,1,4,12,0,0,0,50,0,1,-0.841275895363651,0,0.24,0.0336134453781513,0.0490196078431373,0.084733893557423,0,1.2,2.2
2024,REG+POST,00-0039855,J.McMillan,Jalen McMillan,WR,WR,"https://static.www.nfl.com/image/upload/f_auto,q_auto/league/zdxkyl8gy4dqiq6evfzp",14,TB,0,0,0,0,0,0,0,0,0,0,0,0,,0,,,4,43,0,0,0,3,4.43155519425636,0,39,62,502,8,0,0,767,144,25,9.94379216979909,0,0.654498044328553,0.138084632516704,0.234198473282443,0.371065880072766,0,102.5,141.5
2024,REG+POST,00-0039868,T.Franklin,Troy Franklin,WR,WR,"https://static.www.nfl.com/image/upload/f_auto,q_auto/league/w429urxwxc8sw4bsbvxz",17,DEN,0,0,0,0,0,0,0,0,0,0,0,0,,0,,,2,8,0,0,0,0,-0.251734478515573,0,30,56,317,3,0,0,750,163,13,-14.8291251415839,0,0.422666666666667,0.105660377358491,0.183508686077808,0.286946646292201,0,50.5,80.5
2024,REG+POST,00-0039874,J.Wright,Jaylen Wright,RB,RB,"https://static.www.nfl.com/image/upload/f_auto,q_auto/league/ib9s3nvt4i1i5wh11t4f",13,MIA,0,0,0,0,0,0,0,0,0,0,0,0,,0,,,68,249,0,1,1,11,-20.3124552579829,0,3,6,8,0,0,0,-6,8,1,-2.86759093113049,0,-1.33333333333333,0.0425531914893617,-0.0097087378640776,0.0570336707291882,0,23.7,26.7
2024,REG+POST,00-0039875,R.Davis,Ray Davis,RB,RB,"https://static.www.nfl.com/image/upload/f_auto,q_auto/league/xm8csnleyxsop4pldyby",19,BUF,0,0,0,0,0,0,0,0,0,0,0,0,,0,,,120,478,4,1,0,27,-3.74059050698821,0,17,19,189,3,0,0,16,164,8,14.8789281111676,0,11.8125,0.0582822085889571,0.0060698027314112,0.0916721747954234,0,108.7,125.7
2024,REG+POST,00-0039880,M.Washington,Malik Washington,WR,WR,"https://static.www.nfl.com/image/upload/f_auto,q_auto/league/mlnnipvmbl92w7mmr1pa",12,MIA,0,0,0,0,0,0,0,0,0,0,0,0,,0,,,5,25,1,0,0,1,0.697106748935767,0,26,36,223,0,0,0,195,123,13,7.02231647982262,0,1.14358974358974,0.0978260869565217,0.0859409431467607,0.206897790637515,0,30.8,56.8
2024,REG+POST,00-0039890,A.Mitchell,Adonai Mitchell,WR,WR,"https://static.www.nfl.com/image/upload/f_auto,q_auto/league/fztxucnxhoxep6utluyc",17,IND,1,1,24,0,0,0,0,0,0,-6,30,1,2.44565882708412,0,0.0,,4,6,0,1,1,1,-8.78891542664496,0,23,55,312,0,1,0,775,101,16,-4.95154687589923,0,0.40258064516129,0.111788617886179,0.148524338827137,0.271649964008264,0,30.76,53.76
2024,REG+POST,00-0039893,B.Thomas,Brian Thomas,WR,WR,"https://static.www.nfl.com/image/upload/f_auto,q_auto/league/gsz15iz0ppibhslzzgch",17,JAX,0,0,0,0,0,0,0,0,0,0,0,0,,0,,,6,48,0,0,0,3,2.56745216195122,0,87,133,1282,10,0,0,1542,562,53,52.1369931032611,2,0.831387808041505,0.254789272030651,0.346127946127946,0.624473470335539,0,197.0,284.0
2024,REG+POST,00-0039894,X.Worthy,Xavier Worthy,WR,WR,"https://static.www.nfl.com/image/upload/f_auto,q_auto/league/fvzbx5gpiqkogglyoo1w",19,KC,0,0,0,0,0,0,0,0,0,0,0,0,,0,,,23,112,3,0,0,4,2.47516323899617,0,78,119,925,9,0,0,1073,519,49,42.16200445989,0,0.862068965517241,0.187106918238994,0.259304011599807,0.462173185478355,0,175.7,253.7
2024,REG+POST,00-0039901,K.Coleman,Keon Coleman,WR,WR,"https://static.www.nfl.com/image/upload/f_auto,q_auto/league/ipwpdgb0cm3xy3d8zu1l",16,BUF,0,0,0,0,0,0,0,0,0,0,0,0,,0,,,1,9,0,0,0,0,0.781900940928608,0,32,65,578,4,0,0,987,219,23,19.6145298621964,2,0.585612968591692,0.146396396396396,0.270930551743069,0.409245980814743,0,86.7,118.7
2024,REG+POST,00-0039907,J.Polk,Ja'Lynn Polk,WR,WR,"https://static.www.nfl.com/image/upload/f_auto,q_auto/league/jladubt1cwxq46uslmu9",13,NE,0,0,0,0,0,0,0,0,0,0,0,0,,0,,,1,0,0,0,0,0,-0.688484604470432,0,12,33,87,2,0,0,395,13,4,-19.8007742554437,0,0.220253164556962,0.088,0.146025878003697,0.234218114602588,0,20.7,32.7
2024,REG+POST,00-0039910,J.Daniels,Jayden Daniels,QB,QB,"https://static.www.nfl.com/image/upload/f_auto,q_auto/league/mh9rkwpmq1rgfarg9rpm",20,WAS,406,594,4390,30,10,51,265,2,0,4275,2212,213,89.8484918910235,3,1.02690058479532,0.143021683246198,183,1026,7,3,0,64,61.2980834893748,1,0,0,0,0,0,0,0,0,0,,0,,,,,0,428.2,428.2
2024,REG+POST,00-0039912,B.Sinnott,Ben Sinnott,TE,TE,"https://static.www.nfl.com/image/upload/f_auto,q_auto/league/zwjmu9wyutlpkace9ukf",5,WAS,0,0,0,0,0,0,0,0,0,0,0,0,,0,,,0,0,0,0,0,0,,0,6,6,51,1,0,0,25,26,3,5.43370228557615,0,2.04,0.0394736842105263,0.0277161862527716,0.0786118566927296,0,11.1,17.1
2024,REG+POST,00-0039915,L.McConkey,Ladd McConkey,WR,WR,"https://static.www.nfl.com/image/upload/f_auto,q_auto/league/wcx39ialovvxxnvs2bke",17,LAC,0,0,0,0,0,0,0,0,0,0,0,0,,0,,,0,0,0,0,0,0,,0,91,126,1346,8,2,0,1324,469,60,72.9255999947513,1,1.0166163141994,0.255060728744939,0.306765523632994,0.597326959660505,0,184.6,275.6
2024,REG+POST,00-0039916,R.Pearsall,Ricky Pearsall,WR,WR,"https://static.www.nfl.com/image/upload/f_auto,q_auto/league/akwepvt6qxwbgankljmv",10,SF,0,1,0,0,0,0,0,0,0,10,0,0,-0.530975111527368,0,0.0,,3,45,0,0,0,1,2.20618218905292,0,31,46,400,3,0,0,528,114,19,8.46867377494537,0,0.757575757575758,0.149837133550489,0.214808787632221,0.375121851668288,0,62.5,93.5
2024,REG+POST,00-0039917,M.Penix,Michael Penix,QB,QB,"https://static.www.nfl.com/image/upload/f_auto,q_auto/league/ono6a9myuvmgmfz1y43t",5,ATL,61,105,775,3,3,4,14,2,0,1073,271,35,14.5531169521575,0,0.722273998136067,0.0886359280482365,7,11,1,0,0,1,0.585619137535105,0,0,0,0,0,0,0,0,0,0,,0,,,,,0,44.1,44.1
2024,REG+POST,00-0039918,C.Williams,Caleb Williams,QB,QB,"https://static.www.nfl.com/image/upload/f_auto,q_auto/league/idewrhb7kngpdtrvku31",17,CHI,351,562,3541,20,6,68,466,7,3,4486,1866,171,-43.8048432554278,3,0.789344627730718,0.0392576022320808,81,489,0,3,2,27,11.6320835832119,0,0,0,0,0,0,0,0,0,0,,0,,,,,0,254.54,254.54
2024,REG+POST,00-0039919,R.Odunze,Rome Odunze,WR,WR,"https://static.www.nfl.com/image/upload/f_auto,q_auto/league/labs8tstecnehvzfmrs5",17,CHI,0,0,0,0,0,0,0,0,0,0,0,0,,0,,,3,15,0,0,0,1,0.575859468372073,0,54,101,734,3,2,1,1398,253,37,16.0611612963145,0,0.525035765379113,0.192015209125475,0.335493160547156,0.522868026071222,0,90.9,144.9
2024,REG+POST,00-0039920,M.Corley,Malachi Corley,WR,WR,"https://static.www.nfl.com/image/upload/f_auto,q_auto/league/wukmdigs85jyubxw0iur",5,NYJ,0,0,0,0,0,0,0,0,0,0,0,0,,0,,,2,26,0,1,0,1,-4.43124410655582,0,3,6,16,0,0,0,50,5,1,-3.64381541276816,0,0.32,0.0465116279069768,0.0629722921914358,0.11384804639447,0,4.2,7.2
2024,REG+POST,00-0039921,T.Benson,Trey Benson,RB,RB,"https://static.www.nfl.com/image/upload/f_auto,q_auto/league/iu0gbspz3kjdqlazvtkn",12,ARI,0,0,0,0,0,0,0,0,0,0,0,0,,0,,,63,291,1,1,0,16,-4.97101015778026,0,6,6,59,0,0,0,-19,78,3,3.10383117327001,0,-3.10526315789474,0.0451127819548872,-0.0236907730673317,0.0510856317851987,0,41.0,47.0
